0.0,0.2777343082031325,0.0,0.0,0.0,0.2721396503125146,0.0,0.3679041248256626,0.0,0.3036622464067176,0.0,0.298794519282993,0.0,0.0,0.2781179240304526,0.3018612065596997,0.2767852524835931,0.2961280610151972,0.0,0.303934304452279,0.3094454014428005,0.2774184765359249,0.3469446472382925,0.3104512953627387,0.274124991772283,0.2862930738126609,0.3664464226843437,0.2965124302711898,0.0,0.0,0.2810288008326744,0.2937631055372811,0.2621947482887404,0.2827086088194347,0.2901474316334587,0.0,0.0,0.279105415453281,0.3155949031803019,0.2907957376337696,0.3047626479987141,0.0,0.0,0.0,0.0,0.3198084807205858,0.3280569559946802,0.0,0.0,0.0,0.0,0.0,0.0,0.0,0.3223730561378276,0.0,0.0,0.0,0.0,0.0,0.3001681610952216,0.0,0.2973817769896587,0.0,0.0,0.2864275576069608,0.3177590159374626,0.3296659561935297,0.3277956793370266,0.3036438218801189,0.3239074964952668,0.0,0.0,0.0,0.0,0.3148277259308178
0.2777343082031325,0.0,0.0,0.0,0.2937432215672977,0.3040999334467568,0.3519800358027931,0.3250237099963498,0.3179701062310499,0.0,0.0,0.0,0.332913027886857,0.0,0.2934792874923084,0.2881156137487196,0.0,0.2816968642850003,0.0,0.3046530184169451,0.2733922067766091,0.2796355242950698,0.3063552833038491,0.0,0.2596389409179163,0.2771181701035082,0.3074167974313712,0.3181079029253143,0.3046834760711218,0.0,0.2807669889342998,0.2860502115511567,0.2542271382178478,0.2784578031702546,0.2996922238676986,0.0,0.0,0.0,0.3174660547883774,0.3115622429096213,0.3110842107559045,0.3287146867137155,0.0,0.0,0.0,0.3114126946494845,0.3227243388603102,0.0,0.0,0.0,0.2980466649798177,0.0,0.0,0.0,0.0,0.0,0.0,0.0,0.0,0.3268468341206647,0.3052319122613117,0.0,0.280671993247079,0.0,0.3089291773987326,0.3122580837894836,0.3210531143160025,0.3310625042825423,0.0,0.2878880363415342,0.3368334718727072,0.3047197443118916,0.0,0.3216906259907508,0.0,0.0
0.0,0.0,0.0,0.2442677442729969,0.2815334436397197,0.3048190089684068,0.3415159443018838,0.3168379569342923,0.2084391042475056,0.0,0.2091525989213052,0.0,0.3501148572239045,0.275398291191269,0.0,0.0,0.0,0.0,0.1877439794628684,0.0,0.0,0.0,0.2368706489274847,0.0,0.0,0.0,0.2458292988916983,0.3470050009729807,0.0,0.0,0.3436329028136868,0.3229754074469868,0.0,0.346559737143759,0.0,0.2740105741810238,0.2939855855225673,0.0,0.2869247082823192,0.0,0.0,0.0,0.3026041426196164,0.0,0.0,0.0,0.0,0.3971717114439648,0.0,0.0,0.3661702793143702,0.0,0.3945888406434132,0.3722147842850273,0.0,0.3081607913572368,0.0,0.0,0.3686556733858769,0.0,0.0,0.0,0.0,0.2700400807035264,0.0,0.0,0.0,0.3856556772938315,0.0,0.0,0.0,0.3786076192015966,0.0,0.0,0.0,0.0
0.0,0.0,0.2442677442729969,0.0,0.2148532378147454,0.300697518979958,0.2158719087868786,0.24841281207615,0.297131872020838,0.0,0.2423658025036001,0.0,0.2214964169046935,0.1641016839529687,0.0,0.0,0.0,0.0,0.2732090971961927,0.0,0.0,0.0,0.2779384863839936,0.0,0.0,0.0,0.2995554918720292,0.1649072330048495,0.0,0.0,0.2891465291704563,0.2020166925644229,0.0,0.1715852211015885,0.1743921691654295,0.1300663643789612,0.1314287117146547,0.0,0.0,0.0,0.0,0.0,0.0,0.0,0.0,0.0,0.0,0.0,0.0,0.0,0.0,0.0,0.0,0.0,0.0,0.0,0.0,0.0,0.0,0.0,0.0,0.0,0.0,0.0,0.0,0.0,0.0,0.0,0.0,0.0,0.0,0.0,0.0,0.0,0.0,0.0
0.0,0.2937432215672977,0.2815334436397197,0.2148532378147454,0.0,0.2767550906333133,0.2610952581548564,0.2584371645830864,0.2584562875241783,0.3016553952049419,0.2360795734222599,0.0,0.2880936582663587,0.2251392614799535,0.0,0.3441765297604317,0.0,0.0,0.2744283510328695,0.3199462962927971,0.0,0.3270749721597731,0.2964343684312642,0.0,0.0,0.0,0.2877791902301786,0.2783807002028515,0.3233161240679903,0.0,0.3165150671233689,0.2882457888140069,0.0,0.3043990686876293,0.3040584710306997,0.1601137916189377,0.1385308440133219,0.0,0.0,0.0,0.0,0.0,0.0,0.0,0.0,0.0,0.0,0.0,0.0,0.0,0.0,0.0,0.0,0.0,0.0,0.0,0.0,0.0,0.0,0.0,0.0,0.0,0.0,0.0,0.0,0.0,0.0,0.3543306608848363,0.0,0.0,0.0,0.0,0.0,0.0,0.0,0.0
0.2721396503125146,0.3040999334467568,0.3048190089684068,0.300697518979958,0.2767550906333133,0.0,0.3127012975066596,0.3167919894252226,0.242778479838202,0.298828354280757,0.2549140775059514,0.0,0.2954974418904305,0.2924665691005724,0.3239356865400661,0.3050914028572517,0.0,0.3018806344735062,0.2750229699699399,0.3110401897114435,0.3198327114432148,0.318880333834489,0.301639887500251,0.0,0.2914015147971392,0.3145084748599597,0.2772542419927285,0.2654988242136837,0.2478070777252236,0.3088126200957326,0.3119919095899569,0.305186764561099,0.3068975350332214,0.3246780006565514,0.3200886290495417,0.2993383292319081,0.3057277762004007,0.0,0.33274223760288,0.0,0.3562144636507063,0.0,0.0,0.0,0.0,0.0,0.0,0.3530078834438945,0.0,0.0,0.3508045298551213,0.0,0.3511744983205563,0.3481508426658536,0.0,0.0,0.0,0.0,0.0,0.3184753754131323,0.0,0.0,0.0,0.0,0.3497429788818578,0.0,0.3200272941838806,0.3643301901756976,0.0,0.0,0.3200272454468417,0.356375980799302,0.3457601380699547,0.0,0.0,0.3500325625444025
0.0,0.3519800358027931,0.3415159443018838,0.2158719087868786,0.2610952581548564,0.3127012975066596,0.0,0.3259337069292596,0.2963520770133604,0.3005744702951738,0.312125337516527,0.3014990265818954,0.2749846283323669,0.2466726431974971,0.0,0.3782353368469763,0.2929199680711565,0.343621342089904,0.3206240513150489,0.3316655599666579,0.0,0.3518742216419996,0.3339683662079729,0.0,0.3405712760006364,0.3526509261306189,0.3306386941957002,0.247465996653516,0.322708694453889,0.0,0.3056042309212177,0.2793016842637514,0.271315841727854,0.2822629886965194,0.3105819407752583,0.2105699971637641,0.1808116766376731,0.0,0.0,0.0,0.0,0.0,0.0,0.0,0.0,0.0,0.0,0.0,0.0,0.0,0.0,0.0,0.0,0.0,0.0,0.0,0.0,0.0,0.0,0.0,0.0,0.0,0.0,0.0,0.0,0.0,0.0,0.3697350366636508,0.0,0.0,0.0,0.0,0.0,0.0,0.0,0.0
0.3679041248256626,0.3250237099963498,0.3168379569342923,0.24841281207615,0.2584371645830864,0.3167919894252226,0.3259337069292596,0.0,0.3514521211115824,0.0,0.1886642174689816,0.0,0.3361677456231961,0.2338187485990537,0.300463207536335,0.3356428394543519,0.0,0.3247064573604397,0.3058833338263584,0.3050325265619646,0.3030837520039033,0.3292124500155947,0.2625838064145247,0.3792455400697793,0.3334711170472306,0.3478558546560212,0.339480857998542,0.3346696397298417,0.3071328847007564,0.3225214933812466,0.3291697500202817,0.278518255511406,0.307457859907374,0.3301856214477077,0.3445178123619376,0.1626957864644293,0.1853338914041341,0.0,0.3228236371086432,0.0,0.3709173672098655,0.0,0.2364174522724452,0.0,0.0,0.0,0.0,0.3539847651258933,0.0,0.0,0.3542759474135498,0.3183457286677909,0.270010412602229,0.3533666534031523,0.0,0.2802793979504501,0.0,0.3448967151014687,0.3006616400411626,0.3298863594387767,0.0,0.0,0.0,0.3661729712185999,0.3704315317709942,0.3650247514812866,0.0,0.3455966678618907,0.0,0.0,0.0,0.3640206155104447,0.3507470235422321,0.0,0.0,0.3525820897228401
0.0,0.3179701062310499,0.2084391042475056,0.297131872020838,0.2584562875241783,0.242778479838202,0.2963520770133604,0.3514521211115824,0.0,0.3196938727475019,0.2374549261614157,0.2880472690261565,0.2940017376685482,0.2801632762292642,0.0,0.2933992625896646,0.0,0.0,0.2059443583275525,0.3196453375193361,0.0,0.3334764539016024,0.3154547728856769,0.0,0.2662057310480032,0.2857785648392999,0.2716396493804255,0.3249963760428439,0.3050607896455555,0.3046848092272882,0.3294602479882616,0.3054388706471789,0.2876363046236314,0.3265325615084747,0.3283751016604471,0.3047110334196836,0.3106882285593255,0.2787487725351933,0.0,0.0,0.0,0.0,0.3339743203066141,0.0,0.0,0.0,0.0,0.3955404334151822,0.0,0.0,0.3718291878945596,0.0,0.3866702879989383,0.367452896196598,0.0,0.3465873960301497,0.0,0.0,0.3988761869241818,0.0,0.0,0.0,0.0,0.0,0.0,0.0,0.0,0.3871491158261176,0.0,0.0,0.0,0.3702175948874721,0.0,0.0,0.0,0.0
0.3036622464067176,0.0,0.0,0.0,0.3016553952049419,0.298828354280757,0.3005744702951738,0.0,0.3196938727475019,0.0,0.3088645333803176,0.2023731083240759,0.2948707689414779,0.0,0.0,0.3114148277225204,0.2420078045803703,0.2670784190824553,0.3073292205265069,0.0,0.346501621940446,0.0,0.0,0.238036940964898,0.2710342279285831,0.279064052812307,0.0,0.292335661620534,0.0,0.0,0.2507826520491501,0.2388008456467941,0.2512881700670032,0.2384735860785355,0.2114041284273707,0.2761256808321722,0.1901469531450621,0.1960267458980012,0.2626179257996156,0.2337161447275585,0.2580730689307874,0.2794066059613306,0.0,0.0,0.2241827246665252,0.294163262847058,0.0,0.0,0.0,0.0,0.0,0.0,0.0,0.0,0.2882286469236174,0.0,0.2951212038534782,0.2586441982511192,0.0,0.0,0.2554400868380804,0.270566630618173,0.2877255849744423,0.0,0.0,0.0,0.0,0.0,0.3041598967959778,0.2851972023137439,0.3108596919420058,0.0,0.2855956890844479,0.0,0.0,0.2892606906348579
0.0,0.0,0.2091525989213052,0.2423658025036001,0.2360795734222599,0.2549140775059514,0.312125337516527,0.1886642174689816,0.2374549261614157,0.3088645333803176,0.0,0.0,0.3122865660482382,0.2020281898732832,0.0,0.0,0.0,0.0,0.218714790120561,0.0,0.0,0.0,0.1820448623851021,0.0,0.0,0.0,0.3042789546989212,0.3120641478763086,0.0,0.0,0.3195192778673579,0.2562361013844195,0.0,0.3061424421787652,0.303617189936288,0.1717408416206512,0.2884287877576156,0.289593115037612,0.2262244642590405,0.0,0.0,0.0,0.2159166991580489,0.0,0.0,0.0,0.0,0.3343981352671941,0.0,0.0,0.2820741639991055,0.0,0.2680898846138538,0.3077175799499553,0.0,0.1977639849568563,0.0,0.0,0.2686663373435399,0.0,0.0,0.0,0.0,0.2813077489794213,0.0,0.0,0.0,0.3035686774014325,0.0,0.0,0.0,0.3039363958297209,0.0,0.0,0.0,0.0
0.298794519282993,0.0,0.0,0.0,0.0,0.0,0.3014990265818954,0.0,0.2880472690261565,0.2023731083240759,0.0,0.0,0.2600564718090153,0.0,0.0,0.0,0.3026273502936068,0.0,0.0,0.0,0.3256654525932451,0.0,0.0,0.2143041094580416,0.2912659086108678,0.2356656366482942,0.0,0.2545962673433207,0.0,0.0,0.2319712233637024,0.1498432541522305,0.2008407026867638,0.1837752716334501,0.195504886693407,0.2245009305001122,0.1994007597273134,0.1609775475886579,0.2913091800828072,0.2209267749233915,0.2556149091320122,0.0,0.0,0.0,0.2062322731694138,0.0,0.0,0.0,0.0,0.0,0.0,0.0,0.0,0.0,0.2912642371219989,0.0,0.2995189122704286,0.0,0.0,0.0,0.0,0.3028749863563972,0.2720263094636063,0.0,0.0,0.0,0.0,0.0,0.3057587076814426,0.2818931153799142,0.3177514876345158,0.0,0.2916054926647112,0.0,0.0,0.2936284314636009
0.0,0.332913027886857,0.3501148572239045,0.2214964169046935,0.2880936582663587,0.2954974418904305,0.2749846283323669,0.3361677456231961,0.2940017376685482,0.2948707689414779,0.3122865660482382,0.2600564718090153,0.0,0.2584664431334155,0.3313382857198568,0.3479651047966572,0.3181083344373898,0.354113413702077,0.3207254012268089,0.3291321783825515,0.3528931251266801,0.3509655992256794,0.3371385143036164,0.2782581037364267,0.3204069498976224,0.3313499113517159,0.3370108616657049,0.2620858813934278,0.3168418967129386,0.3190065455784551,0.3001677137426387,0.2741922780438495,0.2564673890289821,0.2830064506303675,0.2935642368290337,0.2359543025928084,0.1837397644197428,0.2511641064669856,0.0,0.0,0.0,0.0,0.0,0.0,0.0,0.0,0.0,0.0,0.0,0.0,0.4191375547982083,0.0,0.3688131830115715,0.0,0.0,0.0,0.0,0.0,0.0,0.0,0.0,0.0,0.0,0.0,0.0,0.0,0.0,0.3720066863578685,0.0,0.0,0.0,0.3791517287273385,0.0,0.0,0.0,0.0
0.0,0.0,0.275398291191269,0.1641016839529687,0.2251392614799535,0.2924665691005724,0.2466726431974971,0.2338187485990537,0.2801632762292642,0.0,0.2020281898732832,0.0,0.2584664431334155,0.0,0.0,0.0,0.0,0.0,0.2662530518049722,0.0,0.0,0.0,0.2687014537538461,0.0,0.0,0.0,0.306658045043881,0.1464866132602987,0.0,0.0,0.2901141845373614,0.1991930974645935,0.0,0.0,0.0,0.1367806853784144,0.1173630013071767,0.0,0.0,0.0,0.0,0.0,0.233095751448999,0.0,0.0,0.0,0.0,0.0,0.0,0.0,0.0,0.0,0.0,0.0,0.0,0.0,0.0,0.0,0.0,0.0,0.0,0.0,0.0,0.0,0.0,0.0,0.0,0.2692343404946272,0.0,0.0,0.0,0.0,0.0,0.0,0.0,0.0
0.2781179240304526,0.2934792874923084,0.0,0.0,0.0,0.3239356865400661,0.0,0.300463207536335,0.0,0.0,0.0,0.0,0.3313382857198568,0.0,0.0,0.3069377884597334,0.0,0.2987634010382538,0.0,0.2819025216058636,0.2621334020027761,0.2877818805081513,0.2997744964360556,0.0,0.2829596738599224,0.3154441601914788,0.3201766307763785,0.3007588423743436,0.2859271118610927,0.2814813995738763,0.2936904760367969,0.3049362401363554,0.2753112242672572,0.3185177857615357,0.3409557090616085,0.0,0.0,0.0,0.3397242627757315,0.3285803064238141,0.3522359101746936,0.3650876029112845,0.0,0.0,0.0,0.3284447999554354,0.3342373516712005,0.0,0.0,0.0,0.327466797839512,0.0,0.3546073603915602,0.0,0.0,0.0,0.0,0.0,0.0,0.3197967951559203,0.2934718645898923,0.0,0.0,0.0,0.3297377265533654,0.3089331505618167,0.3447496951407225,0.330526870663467,0.0,0.0,0.3471658861418033,0.3366269445834363,0.317739881010079,0.3184321205006559,0.0,0.2830947531082132
0.3018612065596997,0.2881156137487196,0.0,0.0,0.3441765297604317,0.3050914028572517,0.3782353368469763,0.3356428394543519,0.2933992625896646,0.3114148277225204,0.0,0.0,0.3479651047966572,0.0,0.3069377884597334,0.0,0.2810442028792047,0.2655415208832797,0.0,0.3072192436299416,0.3005533990238062,0.2897603258414878,0.312565689082536,0.0,0.2927119590377206,0.3197154414317942,0.3117099466209889,0.3374163424409516,0.3128625278793981,0.3089877308994239,0.2827630334653709,0.311460434045053,0.3102863815651331,0.2966131021624691,0.322289917503077,0.0,0.0,0.0,0.319017160584648,0.308981515528417,0.3180328084743057,0.3279756391650724,0.0,0.0,0.0,0.3239079219172687,0.3300989861250235,0.0,0.0,0.0,0.0,0.0,0.0,0.0,0.0,0.0,0.0,0.0,0.0,0.3323277303427146,0.3078671107119498,0.0,0.2800197487192941,0.0,0.3111702914177252,0.3226689035668953,0.334142280564474,0.0,0.0,0.2992638064720759,0.3404948856943401,0.0,0.0,0.0,0.0,0.3050044996589789
0.2767852524835931,0.0,0.0,0.0,0.0,0.0,0.2929199680711565,0.0,0.0,0.2420078045803703,0.0,0.3026273502936068,0.3181083344373898,0.0,0.0,0.2810442028792047,0.0,0.2367606021843536,0.0,0.0,0.0,0.2666359592244026,0.0,0.2668838020582348,0.247341265430998,0.2770169715491917,0.0,0.3269390958677202,0.0,0.0,0.2671234121424938,0.3024646785153334,0.2721225591951626,0.2747092329812005,0.2574180383370644,0.0,0.0,0.0,0.2884182105728695,0.2526367295276295,0.2550744420938893,0.0,0.0,0.0,0.0,0.0,0.0,0.0,0.0,0.0,0.0,0.0,0.0,0.0,0.285249425693641,0.0,0.2946333185435471,0.0,0.0,0.0,0.0,0.0,0.2640341682986827,0.0,0.0,0.0,0.0,0.0,0.368857903891293,0.2793091282685336,0.2939271519988159,0.0,0.0,0.0,0.0,0.0
0.2961280610151972,0.2816968642850003,0.0,0.0,0.0,0.3018806344735062,0.343621342089904,0.3247064573604397,0.0,0.2670784190824553,0.0,0.0,0.354113413702077,0.0,0.2987634010382538,0.2655415208832797,0.2367606021843536,0.0,0.0,0.3046030396346981,0.2990969350862188,0.3018261945107752,0.3160129189928486,0.2638605245236293,0.2692386681143652,0.2961393245481125,0.3119453787055747,0.3385771552573697,0.3125171339766172,0.2988604077794507,0.274913801843436,0.3209351875271088,0.2778395288592757,0.2864904384229746,0.2953576279998957,0.0,0.0,0.0,0.2962471118468516,0.2602832686891068,0.286717007384757,0.2971891511415661,0.0,0.0,0.0,0.3244505882236888,0.3119348302193639,0.0,0.0,0.0,0.0,0.0,0.0,0.0,0.2716903136368227,0.0,0.2807348494120003,0.0,0.0,0.0,0.2895448339049963,0.2571368995719529,0.2672085393286564,0.0,0.0,0.0,0.3029990968390886,0.0,0.3003504686442835,0.2827191897362406,0.3006552828933947,0.0,0.0,0.0,0.0,0.2755321075765231
0.0,0.0,0.1877439794628684,0.2732090971961927,0.2744283510328695,0.2750229699699399,0.3206240513150489,0.3058833338263584,0.2059443583275525,0.3073292205265069,0.218714790120561,0.0,0.3207254012268089,0.2662530518049722,0.0,0.0,0.0,0.0,0.0,0.0,0.0,0.0,0.1925496247564994,0.0,0.0,0.0,0.2643625959731318,0.3158847383613838,0.0,0.0,0.3268085379968125,0.2967248938439604,0.0,0.3209966835312768,0.300971241591666,0.2584973306070288,0.2972677259298135,0.2521517693079851,0.0,0.0,0.0,0.0,0.3145358789333322,0.0,0.0,0.0,0.0,0.3983833790146495,0.0,0.0,0.3612981640393446,0.0,0.3827867576263911,0.3631157708648942,0.0,0.325155562226106,0.0,0.0,0.2789018274653907,0.0,0.0,0.0,0.0,0.3730848940335965,0.0,0.0,0.0,0.391326963291,0.0,0.0,0.0,0.3972430309339171,0.0,0.0,0.0,0.0
0.303934304452279,0.3046530184169451,0.0,0.0,0.3199462962927971,0.3110401897114435,0.3316655599666579,0.3050325265619646,0.3196453375193361,0.0,0.0,0.0,0.3291321783825515,0.0,0.2819025216058636,0.3072192436299416,0.0,0.3046030396346981,0.0,0.0,0.3025503093331698,0.290534713251229,0.2882605879363053,0.0,0.2865747099940974,0.3318596476780275,0.2543954334080457,0.2829648687555528,0.246935553481143,0.2451278758336116,0.278265563773327,0.3267051993875313,0.3029649235266577,0.3254832128620882,0.3433187200991461,0.0,0.0,0.0,0.3314421405918569,0.2846444292539003,0.356229539827087,0.0,0.0,0.0,0.0,0.0,0.3311705765941435,0.0,0.0,0.0,0.339369446444617,0.0,0.0,0.0,0.0,0.0,0.0,0.0,0.0,0.3158061218084187,0.0,0.0,0.0,0.0,0.3304358481519769,0.3154329791508238,0.3341236250950181,0.3432172064851888,0.0,0.0,0.3325750377966566,0.3412832660574472,0.0,0.3258362906923582,0.0,0.0
0.3094454014428005,0.2733922067766091,0.0,0.0,0.0,0.3198327114432148,0.0,0.3030837520039033,0.0,0.346501621940446,0.0,0.3256654525932451,0.3528931251266801,0.0,0.2621334020027761,0.3005533990238062,0.0,0.2990969350862188,0.0,0.3025503093331698,0.0,0.3077005091656172,0.3050320511721657,0.3766684723153437,0.3050311292947729,0.3000168987330908,0.3258926592441776,0.3317412839866545,0.2982149372152851,0.0,0.2840834615433359,0.294905110581584,0.2639441193488571,0.2919251801210123,0.3172884035376377,0.2868062301720199,0.0,0.0,0.3317062651422615,0.3224265786694574,0.3441988264162574,0.3633727972681351,0.0,0.0,0.0,0.300758972668728,0.3433518314072171,0.0,0.0,0.0,0.325503891939776,0.0,0.2669836484778176,0.0,0.0,0.0,0.0,0.0,0.0,0.2947776712906778,0.309619010293596,0.0,0.0,0.0,0.3328209820519193,0.259279340882443,0.3421864332482965,0.3174942786645157,0.0,0.2770378499596117,0.3499112730905914,0.3327676449631736,0.3336615806565313,0.3207279931938209,0.0,0.0
0.2774184765359249,0.2796355242950698,0.0,0.0,0.3270749721597731,0.318880333834489,0.3518742216419996,0.3292124500155947,0.3334764539016024,0.0,0.0,0.0,0.3509655992256794,0.0,0.2877818805081513,0.2897603258414878,0.2666359592244026,0.3018261945107752,0.0,0.290534713251229,0.3077005091656172,0.0,0.322356167609611,0.0,0.2868930282449219,0.3122212107019334,0.3200252096884249,0.3150496661276521,0.2957633967588394,0.2876160020216656,0.2824198981309316,0.3213209418391483,0.2988716047816389,0.3227660972785114,0.3475402000055582,0.4225859449686863,0.0,0.0,0.3393310623678241,0.3263426740107579,0.3379643505126274,0.3506105481991833,0.0,0.0,0.0,0.3388190590440562,0.3384140490142818,0.0,0.0,0.0,0.3326660167307108,0.0,0.0,0.0,0.0,0.0,0.0,0.0,0.0,0.340201209702869,0.3197301481163307,0.0,0.0,0.0,0.3322356928760619,0.3334570335464025,0.3397665053835298,0.3321798960997552,0.0,0.2843267446173499,0.3528416180754641,0.3373218178069289,0.0,0.3342719644472965,0.0,0.3127213784055538
0.3469446472382925,0.3063552833038491,0.2368706489274847,0.2779384863839936,0.2964343684312642,0.301639887500251,0.3339683662079729,0.2625838064145247,0.3154547728856769,0.0,0.1820448623851021,0.0,0.3371385143036164,0.2687014537538461,0.2997744964360556,0.312565689082536,0.0,0.3160129189928486,0.1925496247564994,0.2882605879363053,0.3050320511721657,0.322356167609611,0.0,0.4069514829899116,0.3092626821593492,0.3295348169622343,0.2708165934006721,0.3262036387682095,0.3064950172388031,0.3202659094529052,0.3203222910171568,0.3048805669212555,0.2903077984365204,0.334487608694646,0.3553251573588459,0.2551595986898632,0.3122588045064274,0.2547344065496068,0.3507407823019861,0.3461244861425963,0.3625242322111096,0.3658411679068174,0.2858527896884775,0.0,0.0,0.0,0.2979669573340327,0.3779698128053979,0.0,0.3320669661654453,0.3642233663596328,0.3503323899341833,0.3550964093212932,0.360748126224516,0.0,0.3429465517574349,0.0,0.3510900662570143,0.3137435138406859,0.3306702407868673,0.0,0.0,0.0,0.3806863714433896,0.3548384113479355,0.3363899148368301,0.3367188704332763,0.3689218342321184,0.0,0.0,0.3578810667803596,0.3649048822099016,0.3562030794050403,0.3460406017512841,0.3496897959519824,0.360726043293449
0.3104512953627387,0.0,0.0,0.0,0.0,0.0,0.0,0.3792455400697793,0.0,0.238036940964898,0.0,0.2143041094580416,0.2782581037364267,0.0,0.0,0.0,0.2668838020582348,0.2638605245236293,0.0,0.0,0.3766684723153437,0.0,0.4069514829899116,0.0,0.2752751763644739,0.2528211465066527,0.0,0.288773803587564,0.0,0.0,0.2415752272782316,0.1767045294908821,0.1894383538692552,0.1906066718398807,0.1954697268479027,0.0,0.0,0.1850469966596963,0.3118675871453519,0.2378802898860964,0.2629836391668099,0.0,0.0,0.0,0.2077395822005698,0.3449156235260108,0.0,0.0,0.0,0.0,0.0,0.0,0.0,0.0,0.2818980020017874,0.0,0.2918682845124697,0.0,0.0,0.0,0.2980758347510914,0.311356635057324,0.3031570509520554,0.0,0.0,0.0,0.0,0.0,0.3400830101873334,0.3038049837578032,0.323284650636095,0.0,0.3172584078135399,0.0,0.0,0.2972491034230226
0.274124991772283,0.2596389409179163,0.0,0.0,0.0,0.2914015147971392,0.3405712760006364,0.3334711170472306,0.2662057310480032,0.2710342279285831,0.0,0.2912659086108678,0.3204069498976224,0.0,0.2829596738599224,0.2927119590377206,0.247341265430998,0.2692386681143652,0.0,0.2865747099940974,0.3050311292947729,0.2868930282449219,0.3092626821593492,0.2752751763644739,0.0,0.2685873632854423,0.2929822429224027,0.3144496320586891,0.2966805536968062,0.0,0.2822561365981563,0.2912209247854549,0.2589578874822196,0.2703833831441375,0.2643803583238152,0.0,0.0,0.2432723998606873,0.2976670427350998,0.2695061457181578,0.2922895580909259,0.3005502843121488,0.0,0.0,0.0,0.319211309765711,0.3039343535501045,0.0,0.0,0.0,0.0,0.0,0.0,0.0,0.2938799062700638,0.0,0.3069284905281981,0.0,0.0,0.0,0.286232232648182,0.271819989425741,0.2868525405396589,0.0,0.2772536691976149,0.2914261914419393,0.2839456316449611,0.0,0.3248203744538136,0.2876002805967074,0.3053920496998179,0.0,0.0,0.2806308599123134,0.0,0.2828776233849152
0.2862930738126609,0.2771181701035082,0.0,0.0,0.0,0.3145084748599597,0.3526509261306189,0.3478558546560212,0.2857785648392999,0.279064052812307,0.0,0.2356656366482942,0.3313499113517159,0.0,0.3154441601914788,0.3197154414317942,0.2770169715491917,0.2961393245481125,0.0,0.3318596476780275,0.3000168987330908,0.3122212107019334,0.3295348169622343,0.2528211465066527,0.2685873632854423,0.0,0.3354364220324208,0.3494050033078483,0.3139616819617191,0.0,0.295521541936899,0.3071147442321529,0.2634553413322218,0.2892707565642255,0.3105568271351961,0.0,0.0,0.2468980440899502,0.3319961896510648,0.2940230066858318,0.3247243621016453,0.3355902813904911,0.0,0.0,0.2209548792039383,0.3338066472629524,0.3378741565608657,0.0,0.0,0.0,0.3273224987721614,0.0,0.0,0.0,0.3132001750697025,0.0,0.3256003546973106,0.0,0.0,0.3516296712308276,0.3092586434950928,0.2982499219985489,0.3046457808357924,0.0,0.3439484985711289,0.3425389055624043,0.3521549454314795,0.3386743510529662,0.3464357357561304,0.3055440526005686,0.3377069058189776,0.338508289181706,0.0,0.3540259686019526,0.0,0.3007846481963893
0.3664464226843437,0.3074167974313712,0.2458292988916983,0.2995554918720292,0.2877791902301786,0.2772542419927285,0.3306386941957002,0.339480857998542,0.2716396493804255,0.0,0.3042789546989212,0.0,0.3370108616657049,0.306658045043881,0.3201766307763785,0.3117099466209889,0.0,0.3119453787055747,0.2643625959731318,0.2543954334080457,0.3258926592441776,0.3200252096884249,0.2708165934006721,0.0,0.2929822429224027,0.3354364220324208,0.0,0.3289162512146636,0.2650706531983288,0.3177193607824873,0.3148331427349339,0.3130522416825824,0.3018766251611863,0.3344574456025326,0.3354284327672304,0.3043307937213518,0.3130459470133252,0.0,0.3408714055071769,0.0,0.3622551651156744,0.3700532660640185,0.3269799401409194,0.0,0.0,0.0,0.0,0.3732753653996387,0.0,0.0,0.3694154577739401,0.3337277685893691,0.3790444600363045,0.3679563594599718,0.0,0.3547705696506788,0.0,0.353093904216555,0.3390143758669312,0.3350145790463666,0.0,0.0,0.0,0.3786193273009727,0.345127809147374,0.3663859955248381,0.3694531522516098,0.3835743676990125,0.0,0.0,0.3518136153975033,0.3697428791312895,0.3601441404879223,0.0,0.0,0.3538173138291273
0.2965124302711898,0.3181079029253143,0.3470050009729807,0.1649072330048495,0.2783807002028515,0.2654988242136837,0.247465996653516,0.3346696397298417,0.3249963760428439,0.292335661620534,0.3120641478763086,0.2545962673433207,0.2620858813934278,0.1464866132602987,0.3007588423743436,0.3374163424409516,0.3269390958677202,0.3385771552573697,0.3158847383613838,0.2829648687555528,0.3317412839866545,0.3150496661276521,0.3262036387682095,0.288773803587564,0.3144496320586891,0.3494050033078483,0.3289162512146636,0.0,0.2570896110853828,0.2317328992321329,0.2691776644790521,0.2588029252497447,0.2430854058844936,0.2488205690165991,0.1707364476285744,0.1855873143857885,0.1715611550519264,0.2352330125578155,0.3464704373058639,0.0,0.0,0.0,0.0,0.0,0.0,0.0,0.0,0.0,0.0,0.0,0.3579402608014428,0.0,0.3836392557065357,0.0,0.0,0.0,0.2821379813366002,0.0,0.0,0.3327514718840783,0.0,0.0,0.0,0.0,0.3430435143200582,0.0,0.0,0.3598801797333575,0.0,0.0,0.0,0.3612664489278918,0.0,0.0,0.0,0.0
0.0,0.3046834760711218,0.0,0.0,0.3233161240679903,0.2478070777252236,0.322708694453889,0.3071328847007564,0.3050607896455555,0.0,0.0,0.0,0.3168418967129386,0.0,0.2859271118610927,0.3128625278793981,0.0,0.3125171339766172,0.0,0.246935553481143,0.2982149372152851,0.2957633967588394,0.3064950172388031,0.0,0.2966805536968062,0.3139616819617191,0.2650706531983288,0.2570896110853828,0.0,0.2303546326013286,0.2393826157991503,0.296335585856338,0.2924878323087633,0.2949178267166971,0.319183054297976,0.2381493590577821,0.0,0.0,0.320393671964961,0.0,0.0,0.0,0.0,0.0,0.0,0.0,0.0,0.0,0.0,0.0,0.0,0.0,0.0,0.0,0.0,0.0,0.0,0.0,0.0,0.3061535700747319,0.0,0.0,0.0,0.0,0.322005018405566,0.0,0.3270477305225274,0.3462761100787329,0.0,0.0,0.3438897426252253,0.3378357142521869,0.0,0.0,0.0,0.0
0.0,0.0,0.0,0.0,0.0,0.3088126200957326,0.0,0.3225214933812466,0.3046848092272882,0.0,0.0,0.0,0.3190065455784551,0.0,0.2814813995738763,0.3089877308994239,0.0,0.2988604077794507,0.0,0.2451278758336116,0.0,0.2876160020216656,0.3202659094529052,0.0,0.0,0.0,0.3177193607824873,0.2317328992321329,0.2303546326013286,0.0,0.2318075717127923,0.0,0.0,0.2641680677247839,0.0,0.0,0.0,0.0,0.0,0.0,0.0,0.0,0.0,0.0,0.0,0.0,0.0,0.0,0.0,0.0,0.0,0.0,0.0,0.0,0.0,0.0,0.0,0.0,0.0,0.0,0.0,0.0,0.0,0.0,0.0,0.0,0.0,0.0,0.0,0.0,0.0,0.3660942531875916,0.0,0.0,0.0,0.0
0.2810288008326744,0.2807669889342998,0.3436329028136868,0.2891465291704563,0.3165150671233689,0.3119919095899569,0.3056042309212177,0.3291697500202817,0.3294602479882616,0.2507826520491501,0.3195192778673579,0.2319712233637024,0.3001677137426387,0.2901141845373614,0.2936904760367969,0.2827630334653709,0.2671234121424938,0.274913801843436,0.3268085379968125,0.278265563773327,0.2840834615433359,0.2824198981309316,0.3203222910171568,0.2415752272782316,0.2822561365981563,0.295521541936899,0.3148331427349339,0.2691776644790521,0.2393826157991503,0.2318075717127923,0.0,0.2753599983362597,0.2638416705885854,0.23270789088796,0.2337212812012474,0.2751451269840597,0.2412361091835685,0.214234363760058,0.3238827499132291,0.2794483430429868,0.3136608921146128,0.3289817476688942,0.0,0.0,0.0,0.3078323366150712,0.3143145261396057,0.0,0.0,0.0,0.339924348317929,0.0,0.3667536240774566,0.0,0.235448775476399,0.0,0.2624508777393249,0.0,0.0,0.3217311094584913,0.2965458002991716,0.0,0.2873868137058194,0.0,0.3310566109913182,0.3103312720595006,0.323067439915176,0.3523737873795691,0.0,0.2954297085163791,0.3258399944677584,0.3493225386857413,0.3147915865688681,0.3007214580507872,0.0,0.0
0.2937631055372811,0.2860502115511567,0.3229754074469868,0.2020166925644229,0.2882457888140069,0.305186764561099,0.2793016842637514,0.278518255511406,0.3054388706471789,0.2388008456467941,0.2562361013844195,0.1498432541522305,0.2741922780438495,0.1991930974645935,0.3049362401363554,0.311460434045053,0.3024646785153334,0.3209351875271088,0.2967248938439604,0.3267051993875313,0.294905110581584,0.3213209418391483,0.3048805669212555,0.1767045294908821,0.2912209247854549,0.3071147442321529,0.3130522416825824,0.2588029252497447,0.296335585856338,0.0,0.2753599983362597,0.0,0.2374900804337709,0.2329727160476769,0.2419049579681517,0.2015149806232309,0.216896689346117,0.1542235224218534,0.2317145897170097,0.2421530216530871,0.2687587072470134,0.2290291252150778,0.218349025016313,0.2190969998147248,0.0,0.3184007143585208,0.3235148911973078,0.0,0.0,0.0,0.3297139542385474,0.260824026709439,0.3326107500965864,0.0,0.0,0.0,0.1905543164989791,0.3137741119530481,0.0,0.3151368020347099,0.2975161707877273,0.0,0.2905364576472319,0.0,0.3242493141273962,0.3188038363158143,0.3287836337322463,0.3401401550633341,0.1851806633822032,0.2983027772910307,0.3318562698311521,0.3362408403879368,0.3361460256507196,0.3167042955292167,0.0,0.3402858862049179
0.2621947482887404,0.2542271382178478,0.0,0.0,0.0,0.3068975350332214,0.271315841727854,0.307457859907374,0.2876363046236314,0.2512881700670032,0.0,0.2008407026867638,0.2564673890289821,0.0,0.2753112242672572,0.3102863815651331,0.2721225591951626,0.2778395288592757,0.0,0.3029649235266577,0.2639441193488571,0.2988716047816389,0.2903077984365204,0.1894383538692552,0.2589578874822196,0.2634553413322218,0.3018766251611863,0.2430854058844936,0.2924878323087633,0.0,0.2638416705885854,0.2374900804337709,0.0,0.1766422090452682,0.2498749622740146,0.2011953083563684,0.1817783829704474,0.1388173706641239,0.2451651761657371,0.228409720952899,0.2791152089724871,0.2047247428737963,0.0,0.0,0.1412638061803601,0.3132251957889043,0.3044448485713866,0.0,0.0,0.0,0.0,0.0,0.0,0.0,0.2496186967773667,0.0,0.250090373727611,0.0,0.0,0.3144874601141494,0.2743985756622664,0.0,0.2417822086339227,0.0,0.2944329800799095,0.293743472314805,0.3255780217665542,0.3252522799436338,0.2478474921791347,0.2675049025550784,0.2944077945938025,0.3276141483157168,0.0,0.2959843131754502,0.0,0.2642357327047292
0.2827086088194347,0.2784578031702546,0.346559737143759,0.1715852211015885,0.3043990686876293,0.3246780006565514,0.2822629886965194,0.3301856214477077,0.3265325615084747,0.2384735860785355,0.3061424421787652,0.1837752716334501,0.2830064506303675,0.0,0.3185177857615357,0.2966131021624691,0.2747092329812005,0.2864904384229746,0.3209966835312768,0.3254832128620882,0.2919251801210123,0.3227660972785114,0.334487608694646,0.1906066718398807,0.2703833831441375,0.2892707565642255,0.3344574456025326,0.2488205690165991,0.2949178267166971,0.2641680677247839,0.23270789088796,0.2329727160476769,0.1766422090452682,0.0,0.1853143798707111,0.2037452382135266,0.1679296152119602,0.1525661508373402,0.2661680599967886,0.2802831360908749,0.3019193712815447,0.253024473851581,0.0,0.0,0.1915685850234867,0.3067371378182491,0.3162992757119475,0.0,0.0,0.0,0.3543551674638626,0.0,0.3680183431657156,0.0,0.2541782122588279,0.0,0.2544813998649447,0.0,0.0,0.3339316328561391,0.29029142862827,0.0,0.2732387338008356,0.0,0.3380190396767469,0.3254084711625242,0.3333353682483403,0.3652128654200471,0.2171828822317089,0.287335742875825,0.3269181623930357,0.3570231674590628,0.3607750967395208,0.3277965833944081,0.0,0.3675067349180772
0.2901474316334587,0.2996922238676986,0.0,0.1743921691654295,0.3040584710306997,0.3200886290495417,0.3105819407752583,0.3445178123619376,0.3283751016604471,0.2114041284273707,0.303617189936288,0.195504886693407,0.2935642368290337,0.0,0.3409557090616085,0.322289917503077,0.2574180383370644,0.2953576279998957,0.300971241591666,0.3433187200991461,0.3172884035376377,0.3475402000055582,0.3553251573588459,0.1954697268479027,0.2643803583238152,0.3105568271351961,0.3354284327672304,0.1707364476285744,0.319183054297976,0.0,0.2337212812012474,0.2419049579681517,0.2498749622740146,0.1853143798707111,0.0,0.223810522139371,0.2130741948052458,0.1631370562732028,0.2511402670632846,0.2574831137511184,0.268627417113003,0.2605492148778808,0.0,0.0,0.0,0.3526756242221031,0.3291034801824562,0.0,0.0,0.0,0.0,0.0,0.0,0.0,0.2236054447301085,0.0,0.2517218950198891,0.0,0.0,0.3447195654722942,0.2967345528175837,0.0,0.2777181456796581,0.0,0.3369108565799416,0.3430667765131281,0.3484357968302083,0.3518601272118024,0.0,0.290613338414132,0.3468811780887935,0.3577895899001949,0.0,0.3146706255412345,0.0,0.0
0.0,0.0,0.2740105741810238,0.1300663643789612,0.1601137916189377,0.2993383292319081,0.2105699971637641,0.1626957864644293,0.3047110334196836,0.2761256808321722,0.1717408416206512,0.2245009305001122,0.2359543025928084,0.1367806853784144,0.0,0.0,0.0,0.0,0.2584973306070288,0.0,0.2868062301720199,0.4225859449686863,0.2551595986898632,0.0,0.0,0.0,0.3043307937213518,0.1855873143857885,0.2381493590577821,0.0,0.2751451269840597,0.2015149806232309,0.2011953083563684,0.2037452382135266,0.223810522139371,0.0,0.1672247258047052,0.212511951908083,0.2060220626699219,0.2271148194729874,0.2046703901009754,0.2258513102938435,0.0,0.2200464865397779,0.0,0.0,0.0,0.0,0.0,0.0,0.2341120082516416,0.0,0.2062625800156839,0.0,0.0,0.2052866689165029,0.0,0.0,0.0,0.0,0.0,0.0,0.0,0.0,0.0,0.0,0.0,0.0,0.0,0.0,0.0,0.2582513804431829,0.0,0.0,0.0,0.0
0.0,0.0,0.2939855855225673,0.1314287117146547,0.1385308440133219,0.3057277762004007,0.1808116766376731,0.1853338914041341,0.3106882285593255,0.1901469531450621,0.2884287877576156,0.1994007597273134,0.1837397644197428,0.1173630013071767,0.0,0.0,0.0,0.0,0.2972677259298135,0.0,0.0,0.0,0.3122588045064274,0.0,0.0,0.0,0.3130459470133252,0.1715611550519264,0.0,0.0,0.2412361091835685,0.216896689346117,0.1817783829704474,0.1679296152119602,0.2130741948052458,0.1672247258047052,0.0,0.1977151426894615,0.1949846683811838,0.0,0.1933671530801938,0.2079514204601771,0.2281889240089541,0.0,0.0,0.0,0.0,0.0,0.0,0.0,0.0,0.0,0.0,0.0,0.0,0.0,0.0,0.0,0.0,0.0,0.0,0.0,0.0,0.0,0.0,0.0,0.0,0.0,0.0,0.0,0.0,0.0,0.0,0.0,0.0,0.0
0.279105415453281,0.0,0.0,0.0,0.0,0.0,0.0,0.0,0.2787487725351933,0.1960267458980012,0.289593115037612,0.1609775475886579,0.2511641064669856,0.0,0.0,0.0,0.0,0.0,0.2521517693079851,0.0,0.0,0.0,0.2547344065496068,0.1850469966596963,0.2432723998606873,0.2468980440899502,0.0,0.2352330125578155,0.0,0.0,0.214234363760058,0.1542235224218534,0.1388173706641239,0.1525661508373402,0.1631370562732028,0.212511951908083,0.1977151426894615,0.0,0.1829045713604455,0.1532196143587144,0.18603765697432,0.0,0.0,0.0,0.1641530830337646,0.0,0.0,0.0,0.0,0.0,0.0,0.0,0.0,0.0,0.2152379007456022,0.0,0.2302487975864454,0.0,0.0,0.0,0.0,0.0,0.0,0.0,0.0,0.0,0.0,0.0,0.2141144963804936,0.0,0.2658261371305635,0.0,0.0,0.0,0.0,0.0
0.3155949031803019,0.3174660547883774,0.2869247082823192,0.0,0.0,0.33274223760288,0.0,0.3228236371086432,0.0,0.2626179257996156,0.2262244642590405,0.2913091800828072,0.0,0.0,0.3397242627757315,0.319017160584648,0.2884182105728695,0.2962471118468516,0.0,0.3314421405918569,0.3317062651422615,0.3393310623678241,0.3507407823019861,0.3118675871453519,0.2976670427350998,0.3319961896510648,0.3408714055071769,0.3464704373058639,0.320393671964961,0.0,0.3238827499132291,0.2317145897170097,0.2451651761657371,0.2661680599967886,0.2511402670632846,0.2060220626699219,0.1949846683811838,0.1829045713604455,0.0,0.2404419057575441,0.2611256777265743,0.2551427177432357,0.141911782970705,0.2117233548934813,0.1936421447081414,0.2806335753113924,0.2851886324994496,0.2800314459700887,0.1873531129370551,0.2555962164660225,0.2785630545879402,0.2639337011270208,0.2162980140372684,0.30425612193329,0.2309538976679711,0.2148754311529765,0.2005276033466299,0.2717049921614096,0.1781686978500271,0.300420058863291,0.2901108955797444,0.2880472615954149,0.3018105093731092,0.2883018588041415,0.328422028712835,0.2970456243442356,0.3209748737331416,0.2817502443593133,0.2489488794777917,0.2881977629565975,0.292407296686909,0.3039348211868878,0.2396213432388986,0.3154709704096696,0.0,0.2544263498562494
0.2907957376337696,0.3115622429096213,0.0,0.0,0.0,0.0,0.0,0.0,0.0,0.2337161447275585,0.0,0.2209267749233915,0.0,0.0,0.3285803064238141,0.308981515528417,0.2526367295276295,0.2602832686891068,0.0,0.2846444292539003,0.3224265786694574,0.3263426740107579,0.3461244861425963,0.2378802898860964,0.2695061457181578,0.2940230066858318,0.0,0.0,0.0,0.0,0.2794483430429868,0.2421530216530871,0.228409720952899,0.2802831360908749,0.2574831137511184,0.2271148194729874,0.0,0.1532196143587144,0.2404419057575441,0.0,0.1757895061217966,0.2280507231385284,0.1971049417067168,0.1896983061458605,0.1430939274621527,0.2364137813923926,0.2401774082391196,0.0,0.0,0.3117997753580751,0.2742901631961411,0.2648303768928043,0.0,0.2276576693526318,0.2141392578670411,0.0,0.1763725005183095,0.2953800959052282,0.0,0.2559502927642512,0.2391681602819995,0.2433048941252948,0.2441993207768356,0.0,0.2656181812817623,0.2559913821359809,0.2686762687949499,0.262416441703774,0.189494028713461,0.2309341616025762,0.2454416030144962,0.2699353473116165,0.249481784675553,0.2716897863766215,0.2595949958210345,0.2375153634878072
0.3047626479987141,0.3110842107559045,0.0,0.0,0.0,0.3562144636507063,0.0,0.3709173672098655,0.0,0.2580730689307874,0.0,0.2556149091320122,0.0,0.0,0.3522359101746936,0.3180328084743057,0.2550744420938893,0.286717007384757,0.0,0.356229539827087,0.3441988264162574,0.3379643505126274,0.3625242322111096,0.2629836391668099,0.2922895580909259,0.3247243621016453,0.3622551651156744,0.0,0.0,0.0,0.3136608921146128,0.2687587072470134,0.2791152089724871,0.3019193712815447,0.268627417113003,0.2046703901009754,0.1933671530801938,0.18603765697432,0.2611256777265743,0.1757895061217966,0.0,0.2242225861118434,0.1779891692694782,0.1693343971289834,0.148167408648821,0.2526056397654552,0.2717209504703016,0.2981036495750475,0.1576625388581794,0.2748799083021038,0.2989981866306606,0.2758875545447142,0.3076873361068163,0.316224088950681,0.2266334896042683,0.3156633605133755,0.192600087346042,0.2953359800094373,0.0,0.3115301357875449,0.2568931937316155,0.2593978682971486,0.2689166507543791,0.334611430203535,0.3193421619081705,0.2950467275831993,0.2924372215690897,0.3045059556256895,0.2195183988131909,0.2589597772877826,0.2727746564102031,0.3107805351994796,0.2543573016839684,0.2959873615380125,0.2767205773880094,0.2018624728671859
0.0,0.3287146867137155,0.0,0.0,0.0,0.0,0.0,0.0,0.0,0.2794066059613306,0.0,0.0,0.0,0.0,0.3650876029112845,0.3279756391650724,0.0,0.2971891511415661,0.0,0.0,0.3633727972681351,0.3506105481991833,0.3658411679068174,0.0,0.3005502843121488,0.3355902813904911,0.3700532660640185,0.0,0.0,0.0,0.3289817476688942,0.2290291252150778,0.2047247428737963,0.253024473851581,0.2605492148778808,0.2258513102938435,0.2079514204601771,0.0,0.2551427177432357,0.2280507231385284,0.2242225861118434,0.0,0.1980923784895109,0.1846850969687507,0.1920986463637612,0.2884178945226266,0.3010442520636648,0.0,0.1634012225416593,0.269945505271812,0.307150000661149,0.2657793106745219,0.0,0.3096692493380718,0.2139143126731066,0.2988148024380152,0.2074695414520115,0.2841424137191383,0.0,0.3337024835083844,0.2889658942996943,0.2681110866375716,0.2935179989942815,0.3386447205999065,0.3438331603785025,0.3093734989032813,0.3418346467159656,0.3099658245707442,0.2549784898370579,0.2821442900838832,0.3036432171065505,0.3170704727211543,0.2068403751940991,0.3249855207832018,0.2615315852140705,0.2075896858891595
0.0,0.0,0.3026041426196164,0.0,0.0,0.0,0.0,0.2364174522724452,0.3339743203066141,0.0,0.2159166991580489,0.0,0.0,0.233095751448999,0.0,0.0,0.0,0.0,0.3145358789333322,0.0,0.0,0.0,0.2858527896884775,0.0,0.0,0.0,0.3269799401409194,0.0,0.0,0.0,0.0,0.218349025016313,0.0,0.0,0.0,0.0,0.2281889240089541,0.0,0.141911782970705,0.1971049417067168,0.1779891692694782,0.1980923784895109,0.0,0.1487445597891504,0.1975557503485618,0.0,0.0,0.2855991001089634,0.1084285519186797,0.1429166487574445,0.2910394633833052,0.214430118581569,0.1957867883204318,0.3120137371123258,0.2962116821712196,0.2147823520504113,0.2187012078101242,0.2259282363601613,0.1456779047561309,0.0,0.0,0.2925136894921353,0.0,0.2778399234498478,0.3378575228978638,0.2665461238921006,0.3399398174475966,0.2373938717908834,0.2831775807390466,0.2980903788731495,0.2925782764203292,0.2903848968086806,0.1903726702750943,0.2982952795983261,0.0,0.2576598906811374
