0.0,0.2643980360686391,0.0,0.0,0.0,0.2863509629715186,0.0,0.3371334753985454,0.0,0.0,0.0,0.2458758513713082,0.0,0.0,0.270863781917339,0.267468812241432,0.0,0.261708339460921,0.0,0.3337471077851385,0.2760914105801548,0.2496536777748104,0.3157003812375136,0.2802060368774777,0.2587943060664097,0.2471622794994153,0.321987634513008,0.0,0.0,0.0,0.2419781998319639,0.2635171200309231,0.2336955195228565,0.2403228925418439,0.283080008064891,0.0,0.0,0.0,0.2939575702510301,0.2844584747080687,0.2878103774696254,0.0,0.0,0.0,0.0,0.2831779185992735,0.2944521662082008,0.0,0.0,0.0,0.0,0.0,0.0,0.0,0.3152737180781277,0.0,0.0,0.0,0.0,0.0,0.2994789268802114,0.0,0.2999426807482258,0.0,0.0,0.2951381986729234,0.2675906944975701,0.0,0.2796545400222198,0.2964131444142449,0.3059272803150305,0.0,0.0,0.0,0.0,0.0
0.2643980360686391,0.0,0.0,0.0,0.0,0.2768839747124145,0.2823045205169744,0.3052719269305577,0.0,0.0,0.0,0.0,0.288517983781847,0.0,0.2897047813770493,0.281342154256497,0.0,0.2772959504020005,0.0,0.3088283655934948,0.2702911812019449,0.2561861027228028,0.2802133814156572,0.0,0.2627907316981065,0.2741926231743599,0.2834996843688269,0.2713055529931737,0.2985132612417481,0.0,0.2454826943946422,0.2434185814590482,0.2327076387379429,0.2315171775135252,0.2777850057119205,0.0,0.0,0.0,0.2817804496351306,0.2693955651715676,0.2461357379489638,0.2857729268637099,0.0,0.0,0.0,0.2910330645137066,0.2585424600547309,0.0,0.0,0.0,0.0,0.0,0.0,0.0,0.0,0.0,0.0,0.0,0.0,0.330992351843145,0.2859500108104187,0.0,0.2927902938193706,0.0,0.3099285781661571,0.3056352841010911,0.295266762398415,0.312180385762615,0.0,0.2965702277243214,0.2946874048901572,0.3154534652260756,0.0,0.2719883361881907,0.0,0.2695295683282958
0.0,0.0,0.0,0.0,0.2450408893431193,0.2845598058641515,0.2686134511381228,0.2804087423090213,0.2343472811541193,0.0,0.2157332735844331,0.0,0.2816427814319542,0.2230868754488481,0.0,0.0,0.0,0.0,0.2068411324637069,0.0,0.0,0.0,0.1993119728546476,0.0,0.0,0.0,0.2228825135776894,0.2806299572550336,0.0,0.2819373050947158,0.2959415524694085,0.2862012308839717,0.0,0.2914274195349524,0.2947027598548145,0.2556256747789426,0.3082739605536092,0.0,0.3312539201719214,0.0,0.0,0.0,0.3072031196006564,0.0,0.0,0.0,0.0,0.3448380080983628,0.0,0.3495677276321311,0.3225205176707917,0.0,0.3444779380120003,0.340366370032081,0.0,0.3004211168616258,0.0,0.0,0.3009721085937142,0.0,0.0,0.0,0.0,0.3010201047613265,0.0,0.0,0.0,0.336895439727235,0.0,0.0,0.0,0.3444169840434046,0.0,0.0,0.0,0.0
0.0,0.0,0.0,0.0,0.1492306810063921,0.2472401050138915,0.1620412895080012,0.0,0.2664939743762796,0.0,0.0,0.0,0.17539524162808,0.179172107831857,0.0,0.0,0.0,0.0,0.0,0.0,0.0,0.0,0.249930621871661,0.0,0.0,0.0,0.266366772252528,0.1532517902705141,0.0,0.0,0.0,0.1915394747659174,0.0,0.1958347966668349,0.2102698294624254,0.1255620587197818,0.1227222613846992,0.0,0.0,0.0,0.0,0.0,0.0,0.0,0.0,0.0,0.0,0.0,0.0,0.0,0.0,0.0,0.0,0.0,0.0,0.0,0.0,0.0,0.0,0.0,0.0,0.0,0.0,0.0,0.0,0.0,0.0,0.0,0.0,0.0,0.0,0.0,0.0,0.0,0.0,0.0
0.0,0.0,0.2450408893431193,0.1492306810063921,0.0,0.2393954065562717,0.1868819583220345,0.1584395820278555,0.2175912309904241,0.30768335783829,0.1759334886516131,0.0,0.2229958518802794,0.1688575612950527,0.0,0.0,0.0,0.0,0.2189965510133167,0.0,0.0,0.265955559021282,0.2208000297078491,0.0,0.0,0.0,0.2493724786503647,0.2229975510064857,0.2419274021282395,0.0,0.2628852426403972,0.1893904880295852,0.0,0.2488795575110219,0.2510045301940862,0.1551333988136544,0.1910753519439103,0.0,0.0,0.0,0.0,0.0,0.1922643427680475,0.0,0.0,0.0,0.0,0.3106407794020874,0.0,0.0,0.0,0.0,0.233194393589703,0.3057582404980153,0.0,0.226472461461212,0.0,0.0,0.0,0.0,0.0,0.0,0.0,0.0,0.0,0.0,0.0,0.2722295625327636,0.0,0.0,0.0,0.2845256367859122,0.0,0.0,0.0,0.0
0.2863509629715186,0.2768839747124145,0.2845598058641515,0.2472401050138915,0.2393954065562717,0.0,0.2604980926281179,0.2532084412158003,0.2171829447099968,0.2907053714139514,0.2241088426957864,0.0,0.2564033850327988,0.2099130270194678,0.2766473421842584,0.2801145420381767,0.0,0.2733507353806477,0.2722977266808847,0.2752805654528313,0.2608482280298228,0.2897553919490069,0.2720682273266332,0.0,0.259908895470859,0.2662433820831603,0.2611233341866867,0.2438167796875738,0.2194428556242135,0.2597137709094946,0.2715626828969535,0.2636480466160433,0.2549823560437942,0.2716926330665152,0.2587144764789126,0.2557619324055253,0.2663205198975865,0.0,0.3005683042125363,0.0,0.3088312690188696,0.0,0.3098643758854273,0.0,0.0,0.0,0.0,0.3418554306786655,0.0,0.0,0.3078219853045452,0.3409925848212254,0.2962053454406216,0.3054357981572492,0.0,0.3131666494947331,0.0,0.3226522288232529,0.0,0.0,0.0,0.0,0.0,0.0,0.0,0.0,0.0,0.3235539905641493,0.0,0.0,0.0,0.3161038110641459,0.3227059449982806,0.2947415045115406,0.0,0.3212160370672549
0.0,0.2823045205169744,0.2686134511381228,0.1620412895080012,0.1868819583220345,0.2604980926281179,0.0,0.2102276267145782,0.242195900237614,0.3003267062099963,0.2242692152153788,0.2972550697690768,0.2105260863799124,0.207103729695051,0.0,0.2983112831867704,0.315415172017894,0.2991128853450092,0.2398373099507715,0.2908533199945474,0.0,0.3025405493849532,0.2520639191275798,0.3040021280297062,0.2930918264168654,0.0,0.2614504694126662,0.2267203907329055,0.2755237800908074,0.0,0.252718818593563,0.2541983670289213,0.2505384562593146,0.2632097554492162,0.2575958233780481,0.1900435233583685,0.1780202598068262,0.2539341634035718,0.0,0.0,0.0,0.0,0.0,0.0,0.0,0.0,0.0,0.0,0.0,0.0,0.0,0.0,0.0,0.0,0.0,0.0,0.0,0.0,0.0,0.0,0.0,0.0,0.0,0.0,0.0,0.0,0.0,0.3099551947832591,0.0,0.0,0.0,0.3298493866165164,0.0,0.0,0.0,0.0
0.3371334753985454,0.3052719269305577,0.2804087423090213,0.0,0.1584395820278555,0.2532084412158003,0.2102276267145782,0.0,0.2877279384304909,0.0,0.1872870920340087,0.0,0.2549092091966124,0.2000969869599611,0.2484239093112183,0.3153663309286225,0.0,0.318393776254177,0.2743270406320409,0.2634528646352391,0.2422340748590964,0.2810014220447081,0.227177344286276,0.344354892616209,0.2997049004247423,0.3163443575603885,0.2735223466388371,0.2615584126597377,0.2539668751766494,0.2641201490114517,0.2551697883426715,0.2309595491069732,0.0,0.2413823207693201,0.265952513730573,0.1461774992227242,0.0,0.0,0.2362197518468535,0.0,0.3001548765481605,0.0,0.1677205377661786,0.0,0.0,0.0,0.0,0.3199075695635054,0.0,0.3172730766744021,0.2810311189119202,0.3061674796603149,0.1817727806527729,0.2974184198240789,0.0,0.2447960348009954,0.0,0.2997339583233195,0.1918013310697019,0.252729510402583,0.0,0.0,0.0,0.2896713600287671,0.0,0.2392886571435394,0.0,0.283756997706289,0.0,0.0,0.0,0.3019997727671955,0.3031057974363138,0.284310824628014,0.0,0.3071945799505183
0.0,0.0,0.2343472811541193,0.2664939743762796,0.2175912309904241,0.2171829447099968,0.242195900237614,0.2877279384304909,0.0,0.2837473329828984,0.2002292034422976,0.0,0.2401385914954017,0.2359476827362223,0.0,0.0,0.0,0.0,0.2081551434193537,0.0,0.0,0.2909106701877766,0.2737384995493852,0.0,0.0,0.0,0.2183963356533419,0.2706971784540594,0.2432968014309416,0.3004617635392481,0.2914159980987091,0.279147073161758,0.0,0.2849247011445465,0.2798626250765724,0.2592376858191171,0.2851681283678887,0.0,0.3246226123117813,0.0,0.0,0.0,0.3040162416833557,0.0,0.0,0.0,0.0,0.3516038531658291,0.0,0.0,0.3259321741536978,0.0,0.3152151550854677,0.3720735872825309,0.0,0.3164982302661506,0.0,0.0,0.2998026847064525,0.0,0.0,0.0,0.0,0.3409556750198316,0.0,0.0,0.0,0.3400007744099922,0.0,0.0,0.0,0.3402899445874338,0.0,0.0,0.0,0.0
0.0,0.0,0.0,0.0,0.30768335783829,0.2907053714139514,0.3003267062099963,0.0,0.2837473329828984,0.0,0.2871807386607621,0.2047649921153576,0.2998552924854493,0.2771464932299203,0.0,0.2812813173503992,0.2392661510097992,0.2538120255225388,0.0,0.0,0.0,0.0,0.2997604309468584,0.2206786612847207,0.2384130673432571,0.2470914467845724,0.3090339248686135,0.3012980490968079,0.0,0.0,0.2382171723606081,0.2542853850170231,0.2133493831628965,0.2436730380633085,0.2368216137711523,0.2534550020858835,0.2705307958827376,0.1875632440227919,0.0,0.2386104325492516,0.2719673028160397,0.0,0.0,0.0,0.2058946467829696,0.0,0.0,0.0,0.0,0.0,0.0,0.0,0.0,0.0,0.2984932294143402,0.0,0.2977698408030552,0.0,0.0,0.0,0.0,0.295901287482158,0.2737140409782977,0.0,0.0,0.0,0.0,0.0,0.2826974355043052,0.2869411037308854,0.2951479779158547,0.0,0.2911714726630133,0.0,0.0,0.2881676333229884
0.0,0.0,0.2157332735844331,0.0,0.1759334886516131,0.2241088426957864,0.2242692152153788,0.1872870920340087,0.2002292034422976,0.2871807386607621,0.0,0.0,0.2292075060306759,0.1734732965734245,0.0,0.0,0.0,0.0,0.20263224450051,0.0,0.0,0.0,0.1790786695303922,0.0,0.0,0.0,0.245452014370768,0.2405481342206712,0.0,0.0,0.2481783800671811,0.1602889478057099,0.0,0.2501454719732827,0.2276026896164211,0.1565452402192818,0.0,0.0,0.2282970781931313,0.0,0.0,0.0,0.2289434607738202,0.0,0.0,0.0,0.0,0.2964498721765309,0.0,0.2798852859979592,0.2891374299549285,0.3202914016830799,0.2553610324138028,0.295707287786409,0.0,0.1759221939594497,0.0,0.0,0.2173397289643366,0.0,0.0,0.0,0.0,0.2137060545455824,0.0,0.0,0.0,0.3089716866293568,0.0,0.0,0.0,0.0,0.0,0.0,0.0,0.0
0.2458758513713082,0.0,0.0,0.0,0.0,0.0,0.2972550697690768,0.0,0.0,0.2047649921153576,0.0,0.0,0.287048619940261,0.0,0.0,0.0,0.2552124708572715,0.2593829766797466,0.0,0.0,0.0,0.0,0.0,0.2020265051638055,0.2479764705134408,0.2381982579489991,0.0,0.2754887659157961,0.0,0.0,0.2490592739870353,0.2018543670985779,0.2029134345052168,0.183863781114941,0.2209917512916528,0.2304942059141488,0.2351822834273687,0.1636963022800479,0.0,0.2579036297208197,0.2779085187951391,0.0,0.0,0.0,0.2239726715431969,0.0,0.0,0.0,0.0,0.0,0.0,0.0,0.0,0.0,0.3056486660057287,0.0,0.2839204860019313,0.0,0.0,0.0,0.0,0.3050514931256521,0.2915460944975248,0.0,0.0,0.0,0.0,0.0,0.2870444478234398,0.2974195152611545,0.2996869848924128,0.0,0.0,0.0,0.0,0.2996555218382022
0.0,0.288517983781847,0.2816427814319542,0.17539524162808,0.2229958518802794,0.2564033850327988,0.2105260863799124,0.2549092091966124,0.2401385914954017,0.2998552924854493,0.2292075060306759,0.287048619940261,0.0,0.2134060248863133,0.2732927469158651,0.300243468440568,0.3071833561838792,0.2935559434398282,0.2526014576513137,0.2904373379509867,0.2899162579074842,0.3075962779601973,0.262602371642632,0.2891632745750765,0.2896695761866896,0.2887058820401778,0.2681546731154859,0.2162248253977121,0.2701633884160473,0.2522802622777997,0.2657293343320495,0.253527861366237,0.2796322168928731,0.2673737756430766,0.2629680192877875,0.2039101907795861,0.2153976650781667,0.2606042470367273,0.3172429853208623,0.0,0.0,0.0,0.3186942737301135,0.0,0.0,0.0,0.0,0.0,0.0,0.0,0.3271502657533085,0.0,0.2928988560086017,0.0,0.0,0.0,0.0,0.0,0.0,0.0,0.0,0.0,0.0,0.0,0.0,0.0,0.0,0.3105597711739905,0.0,0.0,0.0,0.3210599237832251,0.0,0.3340814509802528,0.0,0.0
0.0,0.0,0.2230868754488481,0.179172107831857,0.1688575612950527,0.2099130270194678,0.207103729695051,0.2000969869599611,0.2359476827362223,0.2771464932299203,0.1734732965734245,0.0,0.2134060248863133,0.0,0.0,0.0,0.0,0.0,0.2254776145074132,0.0,0.0,0.0,0.1788537028382546,0.0,0.0,0.0,0.2444740509755824,0.1733065490014723,0.0,0.0,0.0,0.1194246962943759,0.0,0.2364004916047568,0.0,0.1243890539347692,0.1294949629027522,0.0,0.0,0.0,0.0,0.0,0.1765203856880359,0.0,0.0,0.0,0.0,0.3054413147547574,0.0,0.0,0.0,0.0,0.0,0.3088669332048732,0.0,0.2232978208612503,0.0,0.0,0.0,0.0,0.0,0.0,0.0,0.0,0.0,0.0,0.0,0.260711044474819,0.0,0.0,0.0,0.0,0.0,0.0,0.0,0.0
0.270863781917339,0.2897047813770493,0.0,0.0,0.0,0.2766473421842584,0.0,0.2484239093112183,0.0,0.0,0.0,0.0,0.2732927469158651,0.0,0.0,0.2804145672020664,0.0,0.2664435034383842,0.0,0.2062529370362378,0.2659800410484627,0.2566857076461513,0.2550571735977888,0.0,0.2813571095228556,0.2626320426890842,0.2584346998892532,0.2489935438902287,0.2482511006080242,0.0,0.268414979943709,0.2801074394755273,0.2557119844350949,0.2798895513894703,0.3041553923885106,0.2934537057455207,0.0,0.0,0.3161946968201195,0.3042387008990471,0.3212682296502844,0.3385963243955517,0.0,0.0,0.0,0.0,0.3301128439107985,0.0,0.0,0.0,0.2877643227022685,0.0,0.2741015893646019,0.0,0.0,0.0,0.0,0.0,0.0,0.3319443357455693,0.3268401433694958,0.0,0.0,0.0,0.3194877668253523,0.3204095013811663,0.3404178581578805,0.3029038826938579,0.0,0.0,0.3515086670772762,0.3106425001328945,0.0,0.2982360207071782,0.0,0.3162346773738879
0.267468812241432,0.281342154256497,0.0,0.0,0.0,0.2801145420381767,0.2983112831867704,0.3153663309286225,0.0,0.2812813173503992,0.0,0.0,0.300243468440568,0.0,0.2804145672020664,0.0,0.2685838242876268,0.2619971518409642,0.0,0.274059420553524,0.276238451371839,0.2587522781645932,0.2802635246853764,0.2714586956826642,0.2619226040231567,0.2792193421182306,0.2841135331091705,0.2993943719511228,0.2996920552738324,0.2848351012921263,0.2622707087500791,0.2842712519765076,0.2666484089500932,0.2659513750450462,0.2916792599012126,0.0,0.0,0.0,0.2712445433765705,0.2790670022040488,0.2695957165554182,0.2881439441161988,0.0,0.0,0.0,0.2954808662993048,0.2789667337194018,0.0,0.0,0.0,0.0,0.0,0.0,0.0,0.0,0.0,0.0,0.0,0.0,0.3269950559309805,0.2811246277499137,0.0,0.2863164099226681,0.0,0.0,0.3153117750240141,0.2895396113688556,0.0,0.0,0.2874099837773395,0.2945678348488765,0.0,0.0,0.0,0.0,0.2735659402680163
0.0,0.0,0.0,0.0,0.0,0.0,0.315415172017894,0.0,0.0,0.2392661510097992,0.0,0.2552124708572715,0.3071833561838792,0.0,0.0,0.2685838242876268,0.0,0.244685446346,0.0,0.0,0.0,0.0,0.0,0.2504598361345511,0.2086379357532345,0.2595334883244619,0.0,0.3009779275458152,0.0,0.0,0.2541407196557033,0.2835179649731105,0.2454903777150014,0.2597532650144391,0.2672473151741322,0.0,0.0,0.2448427031846232,0.0,0.2594522999223006,0.3259790840705679,0.0,0.0,0.0,0.0,0.0,0.0,0.0,0.0,0.0,0.0,0.0,0.0,0.0,0.3054631841957212,0.0,0.305254112836883,0.0,0.0,0.0,0.0,0.3009841770612551,0.2659560521262295,0.0,0.0,0.0,0.0,0.0,0.3043661760014766,0.2771640443767481,0.2890863983961229,0.0,0.0,0.0,0.0,0.0
0.261708339460921,0.2772959504020005,0.0,0.0,0.0,0.2733507353806477,0.2991128853450092,0.318393776254177,0.0,0.2538120255225388,0.0,0.2593829766797466,0.2935559434398282,0.0,0.2664435034383842,0.2619971518409642,0.244685446346,0.0,0.0,0.2799979091049895,0.2762059228858299,0.2827297879055598,0.2857538263173341,0.2420147013151581,0.2372678541574699,0.2578152597743358,0.284574292831416,0.2901690613305457,0.2858733638041988,0.0,0.2548429790699451,0.2874221212074889,0.2481691633763784,0.259522939412611,0.284106272294976,0.0,0.0,0.0,0.2733744734245135,0.2795046498072426,0.2843959502656951,0.2889654533984994,0.0,0.0,0.0,0.2874194189220215,0.2681849300892813,0.0,0.0,0.0,0.0,0.0,0.0,0.0,0.3150290949000787,0.0,0.3113174822220625,0.0,0.0,0.0,0.271553202705397,0.311436437593617,0.2847018351258829,0.0,0.0,0.0,0.2784183101893674,0.0,0.3017760908879507,0.2846061941689846,0.2922754356704494,0.0,0.0,0.0,0.0,0.2893520720681413
0.0,0.0,0.2068411324637069,0.0,0.2189965510133167,0.2722977266808847,0.2398373099507715,0.2743270406320409,0.2081551434193537,0.0,0.20263224450051,0.0,0.2526014576513137,0.2254776145074132,0.0,0.0,0.0,0.0,0.0,0.0,0.0,0.0,0.211679186339388,0.0,0.0,0.0,0.2212281667275373,0.2467151891173167,0.0,0.0,0.2998547501885551,0.2649635380796182,0.0,0.2850664399273044,0.2764858927649327,0.274333956002619,0.0,0.0,0.3228277683481124,0.0,0.0,0.0,0.2871178737718596,0.0,0.0,0.0,0.0,0.3407772493649817,0.0,0.0,0.353678008598791,0.0,0.3247573432585077,0.331182339223518,0.0,0.2836765350986914,0.0,0.0,0.2912845982175334,0.0,0.0,0.0,0.0,0.3208535184294898,0.0,0.0,0.0,0.3446995991042496,0.0,0.0,0.0,0.3384005033025137,0.0,0.0,0.0,0.0
0.3337471077851385,0.3088283655934948,0.0,0.0,0.0,0.2752805654528313,0.2908533199945474,0.2634528646352391,0.0,0.0,0.0,0.0,0.2904373379509867,0.0,0.2062529370362378,0.274059420553524,0.0,0.2799979091049895,0.0,0.0,0.286478942127588,0.2363680596245335,0.1602142026707941,0.0,0.2766428635211445,0.278307029072587,0.2369470263420169,0.2425081082607297,0.2424853925714042,0.2342281889556694,0.2578252350260707,0.2849795132439376,0.2613261585364002,0.2817162008805782,0.3099206958161818,0.3408767537082502,0.3068276390643379,0.0,0.2981761338958609,0.3100798970481839,0.3175059106844717,0.317519109694901,0.0,0.0,0.0,0.0,0.0,0.0,0.0,0.0,0.2974445077740366,0.0,0.292161716769543,0.0,0.0,0.0,0.0,0.0,0.0,0.310835577036426,0.0,0.0,0.0,0.0,0.308425338284801,0.3065885490959842,0.3205363238599916,0.308893241658542,0.0,0.0,0.3227365948361935,0.3008564694640001,0.3152362792271798,0.3066225877822699,0.0,0.3081871908835157
0.2760914105801548,0.2702911812019449,0.0,0.0,0.0,0.2608482280298228,0.0,0.2422340748590964,0.0,0.0,0.0,0.0,0.2899162579074842,0.0,0.2659800410484627,0.276238451371839,0.0,0.2762059228858299,0.0,0.286478942127588,0.0,0.2933330581205773,0.2626304606282028,0.3356643106348124,0.275641514586931,0.2631505615088355,0.2817395587359994,0.2771049550772089,0.2691135761395352,0.0,0.2551909852048767,0.277099971996312,0.2337796680842789,0.2619170013337696,0.3022664311612646,0.0,0.0,0.0,0.2761623297065638,0.2783516466626575,0.2950715472109959,0.3266740389863063,0.0,0.0,0.0,0.2930275072366346,0.2933176196740487,0.0,0.0,0.0,0.2509381276892986,0.0,0.1751440791403437,0.0,0.0,0.0,0.0,0.0,0.0,0.318627687569088,0.2999216544298803,0.0,0.0,0.0,0.3103978312365455,0.262715167727325,0.3231986694194892,0.2727677024558045,0.0,0.319478555517954,0.3177107252075524,0.2964765894168539,0.3163135833139625,0.2577652034644285,0.0,0.3044385389869967
0.2496536777748104,0.2561861027228028,0.0,0.0,0.265955559021282,0.2897553919490069,0.3025405493849532,0.2810014220447081,0.2909106701877766,0.0,0.0,0.0,0.3075962779601973,0.0,0.2566857076461513,0.2587522781645932,0.0,0.2827297879055598,0.0,0.2363680596245335,0.2933330581205773,0.0,0.2844482330310761,0.0,0.2777852152313065,0.2621269608317793,0.285393358999963,0.2918545638149444,0.2933425956068138,0.2634672571549968,0.265699675200262,0.2821585978802806,0.2597435158820136,0.2741756469563756,0.3005739468375763,0.3205819245014152,0.304173210920192,0.0,0.3078702777240557,0.2946083638063212,0.3066679880349959,0.3272649168322808,0.0,0.0,0.0,0.2955732781884949,0.297388130228135,0.0,0.0,0.0,0.3268070086603443,0.0,0.0,0.0,0.0,0.0,0.0,0.0,0.0,0.3326137867175284,0.2886192645219326,0.0,0.0,0.0,0.322072001895808,0.3208568107398752,0.3306238250010475,0.3114652183804366,0.0,0.2853833916451049,0.3256259327341701,0.3229841751874793,0.0,0.3029543775947759,0.0,0.3058162630103148
0.3157003812375136,0.2802133814156572,0.1993119728546476,0.249930621871661,0.2208000297078491,0.2720682273266332,0.2520639191275798,0.227177344286276,0.2737384995493852,0.2997604309468584,0.1790786695303922,0.0,0.262602371642632,0.1788537028382546,0.2550571735977888,0.2802635246853764,0.0,0.2857538263173341,0.211679186339388,0.1602142026707941,0.2626304606282028,0.2844482330310761,0.0,0.3363449384483783,0.2797135397457396,0.2978602774811318,0.2364680957669101,0.265326945091792,0.2617038412561561,0.2705317384285467,0.2747309674714218,0.2668541591016368,0.2637891510743191,0.2789787768435082,0.2896734103787099,0.2433481993558107,0.2689996877026434,0.0,0.3153821447667957,0.2717195789836767,0.3145450507523112,0.3263876431982228,0.2994996918308314,0.0,0.0,0.0,0.3064553389730008,0.3377578811165094,0.0,0.3491410774495666,0.3138612069054138,0.3251733950368534,0.2974461937294166,0.3077842926229331,0.0,0.3010081268609541,0.0,0.317098537559541,0.2751672319399171,0.302155635041074,0.0,0.0,0.0,0.3154783988114464,0.3134743437235575,0.3085325423123204,0.325413070472674,0.3217867445842161,0.0,0.0,0.3333229072765279,0.3249621682265826,0.3225848243120454,0.3142836215262994,0.3292356441199497,0.3275113501008307
0.2802060368774777,0.0,0.0,0.0,0.0,0.0,0.3040021280297062,0.344354892616209,0.0,0.2206786612847207,0.0,0.2020265051638055,0.2891632745750765,0.0,0.0,0.2714586956826642,0.2504598361345511,0.2420147013151581,0.0,0.0,0.3356643106348124,0.0,0.3363449384483783,0.0,0.2362358128849546,0.2422961457415819,0.0,0.2876972421684304,0.0,0.0,0.2569964212626444,0.2296927695876702,0.1785343295333242,0.1941968647933251,0.2338460014246474,0.0,0.0,0.1802820186555938,0.3000095652474574,0.2520716832725578,0.2856840023593201,0.0,0.0,0.0,0.1781774235057444,0.2902614824392838,0.0,0.0,0.0,0.0,0.0,0.0,0.0,0.0,0.2865069837665562,0.0,0.2632919645863991,0.0,0.0,0.0,0.2829399278663456,0.299851601806586,0.2974830456110467,0.0,0.0,0.0,0.0,0.0,0.2845800026206992,0.2936109272346576,0.2978618081118207,0.0,0.0,0.0,0.0,0.2910723634276388
0.2587943060664097,0.2627907316981065,0.0,0.0,0.0,0.259908895470859,0.2930918264168654,0.2997049004247423,0.0,0.2384130673432571,0.0,0.2479764705134408,0.2896695761866896,0.0,0.2813571095228556,0.2619226040231567,0.2086379357532345,0.2372678541574699,0.0,0.2766428635211445,0.275641514586931,0.2777852152313065,0.2797135397457396,0.2362358128849546,0.0,0.249577571190299,0.2703428852372746,0.2867544552006767,0.2796446784195721,0.0,0.252825621688802,0.2598414750999155,0.2164460018768929,0.2393551414103504,0.2623956384985875,0.0,0.0,0.216202791635439,0.2797456737033212,0.2777689637628129,0.2756510045280765,0.2757684946739146,0.0,0.0,0.0,0.2884849621277493,0.2640879300968591,0.0,0.0,0.0,0.0,0.0,0.0,0.0,0.3097670496631104,0.0,0.3078202654555761,0.0,0.0,0.0,0.2791948858714522,0.3017917758987272,0.2865335977593312,0.0,0.0,0.3143926388692592,0.2870739043913002,0.0,0.2991373945923423,0.2843214512348621,0.2927078796635973,0.0,0.0,0.0,0.0,0.2857705066072067
0.2471622794994153,0.2741926231743599,0.0,0.0,0.0,0.2662433820831603,0.0,0.3163443575603885,0.0,0.2470914467845724,0.0,0.2381982579489991,0.2887058820401778,0.0,0.2626320426890842,0.2792193421182306,0.2595334883244619,0.2578152597743358,0.0,0.278307029072587,0.2631505615088355,0.2621269608317793,0.2978602774811318,0.2422961457415819,0.249577571190299,0.0,0.3104151394164153,0.2912217423216901,0.2865039067400958,0.0,0.2613235327958099,0.2708185627647884,0.2389567099592172,0.2529543578468053,0.2837721992109445,0.3232284261926319,0.0,0.2338774720892904,0.2974269230835256,0.2880910271215219,0.2899700906189357,0.2865736047857392,0.0,0.0,0.2571163616556025,0.3027714988204606,0.2788995504602869,0.0,0.0,0.0,0.0,0.0,0.0,0.0,0.3155106950178932,0.0,0.3128920035933223,0.0,0.0,0.3487321848839239,0.2940039460709084,0.31156234141551,0.2970093991905557,0.0,0.3256403677161627,0.3216649150977843,0.3141318516333515,0.0,0.3058408318237403,0.2956342261901832,0.3016249621327158,0.3172748945912731,0.0,0.0,0.0,0.2924813130850192
0.321987634513008,0.2834996843688269,0.2228825135776894,0.266366772252528,0.2493724786503647,0.2611233341866867,0.2614504694126662,0.2735223466388371,0.2183963356533419,0.3090339248686135,0.245452014370768,0.0,0.2681546731154859,0.2444740509755824,0.2584346998892532,0.2841135331091705,0.0,0.284574292831416,0.2212281667275373,0.2369470263420169,0.2817395587359994,0.285393358999963,0.2364680957669101,0.0,0.2703428852372746,0.3104151394164153,0.0,0.2644861643579239,0.2546224641298302,0.2628066650530135,0.2632018944186413,0.267204786645601,0.2513458884371501,0.2746838134679691,0.2823868919027601,0.2853678104327909,0.2636893582371051,0.0,0.3092448104285745,0.0,0.3235886504575719,0.3269463856062939,0.3000897960055049,0.0,0.0,0.0,0.0,0.3575555560162255,0.0,0.0,0.3139159536341786,0.3496923807046391,0.3173438269218468,0.3390181016799187,0.0,0.327601532929955,0.0,0.326290726983182,0.3210923727032433,0.2998137586757609,0.0,0.0,0.0,0.3522381978071104,0.3134408262170308,0.3035981708492503,0.3230130272238616,0.3317454369751003,0.0,0.0,0.0,0.3217091259175765,0.3248149227010183,0.318285618563523,0.3419964484097781,0.3253209734688311
0.0,0.2713055529931737,0.2806299572550336,0.1532517902705141,0.2229975510064857,0.2438167796875738,0.2267203907329055,0.2615584126597377,0.2706971784540594,0.3012980490968079,0.2405481342206712,0.2754887659157961,0.2162248253977121,0.1733065490014723,0.2489935438902287,0.2993943719511228,0.3009779275458152,0.2901690613305457,0.2467151891173167,0.2425081082607297,0.2771049550772089,0.2918545638149444,0.265326945091792,0.2876972421684304,0.2867544552006767,0.2912217423216901,0.2644861643579239,0.0,0.2076348171181968,0.2244952184378555,0.2549774187979319,0.2605665252997173,0.2411322968888253,0.2679801027490997,0.2697631699007496,0.1763539804452513,0.1907364157734943,0.2475433755283539,0.3064582764537242,0.0,0.3027386603967128,0.340365908713689,0.0,0.0,0.0,0.0,0.0,0.0,0.0,0.0,0.3103391812704309,0.0,0.2954448736845765,0.0,0.0,0.0,0.0,0.0,0.0,0.3137664394127328,0.0,0.0,0.0,0.0,0.3078187598413409,0.2987622702511125,0.0,0.3117137016514246,0.0,0.0,0.0,0.3121654601958594,0.3294336078744365,0.3121114395644979,0.0,0.3386266174403745
0.0,0.2985132612417481,0.0,0.0,0.2419274021282395,0.2194428556242135,0.2755237800908074,0.2539668751766494,0.2432968014309416,0.0,0.0,0.0,0.2701633884160473,0.0,0.2482511006080242,0.2996920552738324,0.0,0.2858733638041988,0.0,0.2424853925714042,0.2691135761395352,0.2933425956068138,0.2617038412561561,0.0,0.2796446784195721,0.2865039067400958,0.2546224641298302,0.2076348171181968,0.0,0.2409384180199632,0.2496588798821508,0.2683314795601509,0.2379078985685612,0.2732981476850084,0.2865153810749057,0.2941442361763471,0.0,0.0,0.3020858762577633,0.0,0.3241005738255895,0.3437578237453833,0.0,0.0,0.0,0.0,0.0,0.0,0.0,0.0,0.3066662887372756,0.0,0.2918968066625447,0.0,0.0,0.0,0.0,0.0,0.0,0.2947521542393107,0.0,0.0,0.0,0.0,0.3037562137945971,0.2900311711140498,0.3168780816474449,0.3102694406511635,0.0,0.0,0.0,0.309883680846812,0.3203420701568523,0.3025760854859775,0.0,0.3204867536978316
0.0,0.0,0.2819373050947158,0.0,0.0,0.2597137709094946,0.0,0.2641201490114517,0.3004617635392481,0.0,0.0,0.0,0.2522802622777997,0.0,0.0,0.2848351012921263,0.0,0.0,0.0,0.2342281889556694,0.0,0.2634672571549968,0.2705317384285467,0.0,0.0,0.0,0.2628066650530135,0.2244952184378555,0.2409384180199632,0.0,0.236145781149605,0.2521650477011335,0.0,0.2486189502351158,0.2647629140745104,0.0,0.0,0.0,0.3146462218973829,0.0,0.0,0.0,0.0,0.0,0.0,0.0,0.0,0.0,0.0,0.0,0.0,0.0,0.0,0.0,0.0,0.0,0.0,0.0,0.0,0.0,0.0,0.0,0.0,0.0,0.2905848392022116,0.0,0.0,0.3094515788749225,0.0,0.0,0.0,0.3132572331066255,0.0,0.0,0.0,0.0
0.2419781998319639,0.2454826943946422,0.2959415524694085,0.0,0.2628852426403972,0.2715626828969535,0.252718818593563,0.2551697883426715,0.2914159980987091,0.2382171723606081,0.2481783800671811,0.2490592739870353,0.2657293343320495,0.0,0.268414979943709,0.2622707087500791,0.2541407196557033,0.2548429790699451,0.2998547501885551,0.2578252350260707,0.2551909852048767,0.265699675200262,0.2747309674714218,0.2569964212626444,0.252825621688802,0.2613235327958099,0.2632018944186413,0.2549774187979319,0.2496588798821508,0.236145781149605,0.0,0.2621150949834683,0.2283413964547824,0.2110982463302404,0.2470045676757367,0.2846773312886562,0.0,0.2275093830847472,0.2948475011730215,0.2289459394112616,0.2917661687113384,0.0,0.0,0.0,0.0,0.2615894470878046,0.2567490708913051,0.0,0.0,0.0,0.3150127375462675,0.0,0.2916089523446552,0.0,0.2910984512102224,0.0,0.2895842926016588,0.0,0.0,0.3061986164718976,0.2551276415537472,0.0,0.2930998110415639,0.0,0.3063122243282438,0.2957860550924069,0.3174749801346252,0.306885745701245,0.0,0.2833228355206268,0.2836239573461191,0.3123376002306994,0.3326681393272618,0.3177513764530768,0.0,0.334079733269197
0.2635171200309231,0.2434185814590482,0.2862012308839717,0.1915394747659174,0.1893904880295852,0.2636480466160433,0.2541983670289213,0.2309595491069732,0.279147073161758,0.2542853850170231,0.1602889478057099,0.2018543670985779,0.253527861366237,0.1194246962943759,0.2801074394755273,0.2842712519765076,0.2835179649731105,0.2874221212074889,0.2649635380796182,0.2849795132439376,0.277099971996312,0.2821585978802806,0.2668541591016368,0.2296927695876702,0.2598414750999155,0.2708185627647884,0.267204786645601,0.2605665252997173,0.2683314795601509,0.2521650477011335,0.2621150949834683,0.0,0.2249996374656796,0.2411009410279242,0.2331872516690281,0.1863194533210215,0.2224944118736494,0.189164626656119,0.1711313769299759,0.2117007527261808,0.2436057429680595,0.2377588602392016,0.2628476977943467,0.2001563186336495,0.1701933469281635,0.2875523325234396,0.2851071478916771,0.0,0.0,0.0,0.2692721382431099,0.0,0.2435607923703238,0.0,0.0,0.2244287980072558,0.1643846928832546,0.0,0.0,0.3165716427469147,0.2930428120261688,0.0,0.2929964015182542,0.0,0.3079997409233593,0.2913265339427755,0.3210158569544964,0.2858711056447126,0.0,0.2983288902004441,0.3020639926762664,0.2850618790651255,0.3063935050794479,0.2867293829465986,0.0,0.2911705131602447
0.2336955195228565,0.2327076387379429,0.0,0.0,0.0,0.2549823560437942,0.2505384562593146,0.0,0.0,0.2133493831628965,0.0,0.2029134345052168,0.2796322168928731,0.0,0.2557119844350949,0.2666484089500932,0.2454903777150014,0.2481691633763784,0.0,0.2613261585364002,0.2337796680842789,0.2597435158820136,0.2637891510743191,0.1785343295333242,0.2164460018768929,0.2389567099592172,0.2513458884371501,0.2411322968888253,0.2379078985685612,0.0,0.2283413964547824,0.2249996374656796,0.0,0.1735549399992547,0.266603328868751,0.2641711148302448,0.2151118840376282,0.1301675196320719,0.2058698872735926,0.1536533730719509,0.2252890185216704,0.2135948474110294,0.0,0.0,0.1486612910755018,0.2695491932514819,0.2769662345217451,0.0,0.0,0.0,0.0,0.0,0.0,0.0,0.2437608422004221,0.0,0.2450187953368338,0.0,0.0,0.3161389735648711,0.2810963565553371,0.2802273246819058,0.2879288569542451,0.0,0.309007311673617,0.3038531474692981,0.3132490617399769,0.2638382104575748,0.2504637713917573,0.2838718836948862,0.2888359950131117,0.2650519191432083,0.0,0.0,0.0,0.2537125664326575
0.2403228925418439,0.2315171775135252,0.2914274195349524,0.1958347966668349,0.2488795575110219,0.2716926330665152,0.2632097554492162,0.2413823207693201,0.2849247011445465,0.2436730380633085,0.2501454719732827,0.183863781114941,0.2673737756430766,0.2364004916047568,0.2798895513894703,0.2659513750450462,0.2597532650144391,0.259522939412611,0.2850664399273044,0.2817162008805782,0.2619170013337696,0.2741756469563756,0.2789787768435082,0.1941968647933251,0.2393551414103504,0.2529543578468053,0.2746838134679691,0.2679801027490997,0.2732981476850084,0.2486189502351158,0.2110982463302404,0.2411009410279242,0.1735549399992547,0.0,0.1742628513292366,0.2768869323979158,0.226286687983483,0.1440688134388207,0.2721143503831836,0.2333819819662134,0.2532726114522903,0.2715762453282402,0.3449058025217715,0.0,0.1970800322163119,0.2727904946298728,0.274882721107108,0.0,0.0,0.0,0.3107396036485286,0.0,0.2923734966710508,0.0,0.2702767313141335,0.0,0.2710288413098284,0.0,0.0,0.3208512263599347,0.2701057734898652,0.0,0.2938762010246169,0.0,0.2985947693647915,0.3104096917542131,0.3208586084264461,0.2962837624653665,0.2729739216011724,0.2810339039867562,0.2956375204454844,0.3002532811220365,0.3191652135388195,0.3100261079374865,0.0,0.3039069785107476
0.283080008064891,0.2777850057119205,0.2947027598548145,0.2102698294624254,0.2510045301940862,0.2587144764789126,0.2575958233780481,0.265952513730573,0.2798626250765724,0.2368216137711523,0.2276026896164211,0.2209917512916528,0.2629680192877875,0.0,0.3041553923885106,0.2916792599012126,0.2672473151741322,0.284106272294976,0.2764858927649327,0.3099206958161818,0.3022664311612646,0.3005739468375763,0.2896734103787099,0.2338460014246474,0.2623956384985875,0.2837721992109445,0.2823868919027601,0.2697631699007496,0.2865153810749057,0.2647629140745104,0.2470045676757367,0.2331872516690281,0.266603328868751,0.1742628513292366,0.0,0.283257809791809,0.2506222262813075,0.2027949954814194,0.2413821438261066,0.2123008951617738,0.2273370570570973,0.2405237074341699,0.2301126258933228,0.2172846903260304,0.2086774264989092,0.0,0.2760939745537973,0.0,0.0,0.0,0.0,0.0,0.0,0.0,0.0,0.0,0.2099081497740763,0.0,0.0,0.3358951283194637,0.2966293988604447,0.0,0.3192394738128806,0.0,0.3323769388362518,0.3281493567575856,0.3335137200862251,0.3033726792636587,0.0,0.3059953282692354,0.3075505046576138,0.3082980125116552,0.0,0.0,0.0,0.0
0.0,0.0,0.2556256747789426,0.1255620587197818,0.1551333988136544,0.2557619324055253,0.1900435233583685,0.1461774992227242,0.2592376858191171,0.2534550020858835,0.1565452402192818,0.2304942059141488,0.2039101907795861,0.1243890539347692,0.2934537057455207,0.0,0.0,0.0,0.274333956002619,0.3408767537082502,0.0,0.3205819245014152,0.2433481993558107,0.0,0.0,0.3232284261926319,0.2853678104327909,0.1763539804452513,0.2941442361763471,0.0,0.2846773312886562,0.1863194533210215,0.2641711148302448,0.2768869323979158,0.283257809791809,0.0,0.1332438873215854,0.2311638300476211,0.2071771291153276,0.0,0.2444731089510021,0.1805861445304571,0.1665350205396753,0.0,0.0,0.0,0.0,0.2960427998147481,0.0,0.0,0.0,0.2917347140605273,0.2113692236081779,0.2695418378335188,0.0,0.2275546146601757,0.1618100404775594,0.297038883412996,0.1880962160364603,0.0,0.0,0.0,0.0,0.2696483291306664,0.0,0.0,0.0,0.2719887890991303,0.0,0.0,0.0,0.0,0.0,0.0,0.0,0.0
0.0,0.0,0.3082739605536092,0.1227222613846992,0.1910753519439103,0.2663205198975865,0.1780202598068262,0.0,0.2851681283678887,0.2705307958827376,0.0,0.2351822834273687,0.2153976650781667,0.1294949629027522,0.0,0.0,0.0,0.0,0.0,0.3068276390643379,0.0,0.304173210920192,0.2689996877026434,0.0,0.0,0.0,0.2636893582371051,0.1907364157734943,0.0,0.0,0.0,0.2224944118736494,0.2151118840376282,0.226286687983483,0.2506222262813075,0.1332438873215854,0.0,0.214767274653736,0.2138773104870941,0.0,0.2408152353736053,0.2136954951219893,0.0,0.0,0.0,0.0,0.0,0.0,0.0,0.0,0.0,0.0,0.0,0.0,0.0,0.0,0.0,0.0,0.0,0.0,0.0,0.0,0.0,0.0,0.0,0.0,0.0,0.0,0.0,0.0,0.0,0.0,0.0,0.0,0.0,0.0
0.0,0.0,0.0,0.0,0.0,0.0,0.2539341634035718,0.0,0.0,0.1875632440227919,0.0,0.1636963022800479,0.2606042470367273,0.0,0.0,0.0,0.2448427031846232,0.0,0.0,0.0,0.0,0.0,0.0,0.1802820186555938,0.216202791635439,0.2338774720892904,0.0,0.2475433755283539,0.0,0.0,0.2275093830847472,0.189164626656119,0.1301675196320719,0.1440688134388207,0.2027949954814194,0.2311638300476211,0.214767274653736,0.0,0.2054608420010531,0.1646871867235229,0.2250766181306216,0.2329275121071108,0.0,0.0,0.1481631937856309,0.0,0.0,0.0,0.0,0.0,0.0,0.0,0.0,0.0,0.2131484212754131,0.0,0.166499744134533,0.0,0.0,0.0,0.0,0.0,0.0,0.0,0.0,0.0,0.0,0.0,0.1955288561007077,0.0,0.2466609076405879,0.0,0.0,0.0,0.0,0.0
0.2939575702510301,0.2817804496351306,0.3312539201719214,0.0,0.0,0.3005683042125363,0.0,0.2362197518468535,0.3246226123117813,0.0,0.2282970781931313,0.0,0.3172429853208623,0.0,0.3161946968201195,0.2712445433765705,0.0,0.2733744734245135,0.3228277683481124,0.2981761338958609,0.2761623297065638,0.3078702777240557,0.3153821447667957,0.3000095652474574,0.2797456737033212,0.2974269230835256,0.3092448104285745,0.3064582764537242,0.3020858762577633,0.3146462218973829,0.2948475011730215,0.1711313769299759,0.2058698872735926,0.2721143503831836,0.2413821438261066,0.2071771291153276,0.2138773104870941,0.2054608420010531,0.0,0.2248592608229094,0.2589587541493404,0.2588645645154298,0.1955659715068017,0.2397929175132323,0.1834463660407796,0.268044516604876,0.2675569094670131,0.2492963131630036,0.2055950897422173,0.2545149424348774,0.2431317254048308,0.2591505831920548,0.2448361026804909,0.2373959720498464,0.2365939229020553,0.248163343150866,0.1869356062970814,0.2688854989883856,0.1858648541810712,0.2771620953483886,0.2861227542921653,0.2678723862943839,0.2826089150823861,0.2689941205014153,0.2846549726429294,0.2712274756451356,0.2790790774631955,0.2578526296541553,0.2360150065135011,0.2603831546353248,0.269980087158552,0.2818436320467309,0.2658922944962434,0.2755112693096247,0.2721225502728346,0.2682214745918228
0.2844584747080687,0.2693955651715676,0.0,0.0,0.0,0.0,0.0,0.0,0.0,0.2386104325492516,0.0,0.2579036297208197,0.0,0.0,0.3042387008990471,0.2790670022040488,0.2594522999223006,0.2795046498072426,0.0,0.3100798970481839,0.2783516466626575,0.2946083638063212,0.2717195789836767,0.2520716832725578,0.2777689637628129,0.2880910271215219,0.0,0.0,0.0,0.0,0.2289459394112616,0.2117007527261808,0.1536533730719509,0.2333819819662134,0.2123008951617738,0.0,0.0,0.1646871867235229,0.2248592608229094,0.0,0.1774404571277033,0.2251935647485571,0.2875772908967903,0.1984273629115602,0.1460427386839113,0.2247306249743763,0.2167684408080427,0.0,0.0,0.0,0.2428628320082882,0.256135754050169,0.2976021523266801,0.3039931123852646,0.2113456709110726,0.2900204858859261,0.1776464269431054,0.262481870631045,0.0,0.2520909031415809,0.2521019962795539,0.2337115634089913,0.2368564075116352,0.0,0.250472503219004,0.2318387326636109,0.2506300464439115,0.2531619752155814,0.2051204609419562,0.2074481547598152,0.2249279138412472,0.2652403769992938,0.2414321775675086,0.2620114259968663,0.2284568918032496,0.2193428262427029
0.2878103774696254,0.2461357379489638,0.0,0.0,0.0,0.3088312690188696,0.0,0.3001548765481605,0.0,0.2719673028160397,0.0,0.2779085187951391,0.0,0.0,0.3212682296502844,0.2695957165554182,0.3259790840705679,0.2843959502656951,0.0,0.3175059106844717,0.2950715472109959,0.3066679880349959,0.3145450507523112,0.2856840023593201,0.2756510045280765,0.2899700906189357,0.3235886504575719,0.3027386603967128,0.3241005738255895,0.0,0.2917661687113384,0.2436057429680595,0.2252890185216704,0.2532726114522903,0.2273370570570973,0.2444731089510021,0.2408152353736053,0.2250766181306216,0.2589587541493404,0.1774404571277033,0.0,0.2480114740148135,0.2600271033827215,0.2073189016525384,0.1589818307331135,0.2326236139688689,0.2372430494438834,0.2452639283714873,0.2264111879675238,0.2502049468968865,0.261656067062624,0.2491297033678061,0.2553579681741775,0.2608771602418872,0.2235340480540214,0.2771310826770282,0.1955338986646909,0.263697348284687,0.2315680824066353,0.2711304131410071,0.2687146596405929,0.2536428963851743,0.2597513103132241,0.2665098028309658,0.2719739311690126,0.268843783955025,0.2680050887405754,0.2677699136696054,0.2221141696700879,0.2323280404785459,0.2435031239732692,0.2773343368775507,0.2353832800473901,0.2673001452668845,0.2803480295040585,0.1955920443974831
0.0,0.2857729268637099,0.0,0.0,0.0,0.0,0.0,0.0,0.0,0.0,0.0,0.0,0.0,0.0,0.3385963243955517,0.2881439441161988,0.0,0.2889654533984994,0.0,0.317519109694901,0.3266740389863063,0.3272649168322808,0.3263876431982228,0.0,0.2757684946739146,0.2865736047857392,0.3269463856062939,0.340365908713689,0.3437578237453833,0.0,0.0,0.2377588602392016,0.2135948474110294,0.2715762453282402,0.2405237074341699,0.1805861445304571,0.2136954951219893,0.2329275121071108,0.2588645645154298,0.2251935647485571,0.2480114740148135,0.0,0.3262521385056038,0.2496541217127429,0.2306038608204437,0.2580948776918675,0.2558532772704388,0.2650405936074401,0.2391365176921099,0.2610734227862669,0.255008652813259,0.2471386441106248,0.2676031933340592,0.2570666347070905,0.2283179586370031,0.2814285051232394,0.2319064081218929,0.2578351452333828,0.0,0.301083386996234,0.2962531837520001,0.2498080283597379,0.2717303869534019,0.2876858111305873,0.3064046651500572,0.3145298484758846,0.3083326449938428,0.2538908335030154,0.2684089450165186,0.2487590155184451,0.2688724444875113,0.2873507244782516,0.254597867270347,0.2859733355116224,0.2575293061234237,0.1632655181279953
0.0,0.0,0.3072031196006564,0.0,0.1922643427680475,0.3098643758854273,0.0,0.1677205377661786,0.3040162416833557,0.0,0.2289434607738202,0.0,0.3186942737301135,0.1765203856880359,0.0,0.0,0.0,0.0,0.2871178737718596,0.0,0.0,0.0,0.2994996918308314,0.0,0.0,0.0,0.3000897960055049,0.0,0.0,0.0,0.0,0.2628476977943467,0.0,0.3449058025217715,0.2301126258933228,0.1665350205396753,0.0,0.0,0.1955659715068017,0.2875772908967903,0.2600271033827215,0.3262521385056038,0.0,0.14457195621667,0.2174461988745784,0.0,0.0,0.2519628502261837,0.125293207185115,0.1757581312539391,0.2472409262513615,0.1861284651920987,0.1964271111689366,0.2471921545321512,0.279219279208041,0.2058421219967813,0.2075946929651587,0.228738645269608,0.1451022418771318,0.0,0.0,0.2801118239289247,0.0,0.2621278655283086,0.3227938996362387,0.0,0.3360205559466337,0.2137604380228831,0.0,0.2463220068703438,0.2442322013500094,0.251442977772353,0.1771376900288472,0.2639099885149221,0.0,0.2502212758870152
