0.0,0.2925617931116553,0.0,0.0,0.0,0.30449783131767,0.0,0.3433846489422176,0.0,0.2767836296731762,0.0,0.2435137223135385,0.0,0.3439715388397068,0.2828716726365375,0.2901491958219047,0.0,0.2758262451497956,0.0,0.3015086688679029,0.2815883495548812,0.3005168065311095,0.3186579615629101,0.2333295612666302,0.2665884530498655,0.2517715216219638,0.3050008985729003,0.3372449756531275,0.3224836555653875,0.0,0.2543688269134286,0.2928959298242825,0.2470701038879596,0.2600111210397093,0.3057141100395061,0.0,0.0,0.2962901637012597,0.3285799231128081,0.3082165776485575,0.3096790587055397,0.0,0.0,0.0,0.0,0.2433554616296085,0.3391421671203758,0.0,0.0,0.0,0.0,0.0,0.0,0.0,0.0,0.0,0.0,0.0,0.0,0.0,0.3254175772678159,0.0,0.316755041923113,0.0,0.0,0.2438382467981733,0.3359565520071099,0.0,0.2162352828976569,0.3195337927395503,0.3241044133488442,0.0,0.0,0.0,0.0,0.3162754753362565
0.2925617931116553,0.0,0.0,0.0,0.3094157451168687,0.286348500122726,0.3076278279724737,0.3182604012837287,0.2860698717907413,0.0,0.0,0.0,0.3058949434371538,0.0,0.2984896615294673,0.2798937734175954,0.0,0.2677786570783522,0.0,0.2976319831794571,0.2919428781927962,0.281062590817779,0.3066644141035456,0.0,0.2550186647875517,0.2617824229674387,0.2992700405302886,0.292612918648353,0.2876847339859923,0.0,0.2450725942276252,0.2824452458952808,0.2438446594859222,0.2525174616862178,0.2990388782016309,0.0,0.0,0.0,0.3347615341365472,0.3358497131920703,0.341424999194489,0.3549637961616031,0.0,0.0,0.0,0.3151017280317248,0.3553717533851291,0.0,0.0,0.0,0.3361434042750592,0.0,0.0,0.0,0.0,0.0,0.0,0.0,0.0,0.3451265536221261,0.3302760811890254,0.0,0.3138253448059775,0.0,0.3343056337250964,0.3300400730858432,0.3536152840847337,0.3468070025487156,0.0,0.3254835268957352,0.3458780073672497,0.3395120556096303,0.0,0.3258938242879023,0.0,0.3106120608608891
0.0,0.0,0.0,0.3174442963131973,0.2680285632218671,0.2830582391475137,0.3140886150736203,0.3106902823494851,0.2106389160230264,0.3521573739811637,0.2337467461866152,0.0,0.3252237214206185,0.2871752994020008,0.0,0.0,0.0,0.0,0.1823429155746145,0.0,0.0,0.0,0.2343517292770853,0.0,0.0,0.0,0.2365280017203786,0.3275973387008319,0.3300387454813535,0.0,0.3370238475814583,0.3106930609128456,0.0,0.3313893040852781,0.3241647808773582,0.2977315974379604,0.3266527706957349,0.0,0.3752029971486104,0.0,0.0,0.0,0.3479695903838552,0.0,0.0,0.0,0.0,0.3550829360169475,0.0,0.3783700392790183,0.3974082781852476,0.4020663900961782,0.3800467288538828,0.3862826726178919,0.0,0.3394789456570306,0.0,0.4027042223656773,0.3489836997345145,0.0,0.0,0.0,0.0,0.3367485992691234,0.0,0.0,0.0,0.3902385749917071,0.0,0.0,0.0,0.3938835298779573,0.0,0.0,0.0,0.0
0.0,0.0,0.3174442963131973,0.0,0.1898390199966741,0.3035675554110126,0.2130671603799882,0.2720625855739703,0.2904150742857107,0.185777237825903,0.2542248032319715,0.1984381882110333,0.2350705657290432,0.2199603745699906,0.0,0.0,0.0,0.0,0.2780622505036065,0.2965175237149512,0.0,0.285975751049708,0.2817096273963972,0.0,0.0,0.0,0.3032849610443209,0.1975061523893261,0.0,0.0,0.2825219719123496,0.2189947863881831,0.0,0.2288914425142935,0.2104323998671927,0.182640456708636,0.137435830080297,0.0,0.0,0.0,0.0,0.0,0.0,0.0,0.0,0.0,0.0,0.0,0.0,0.0,0.0,0.0,0.0,0.0,0.0,0.0,0.0,0.0,0.0,0.0,0.0,0.0,0.0,0.0,0.0,0.0,0.0,0.0,0.0,0.0,0.0,0.0,0.0,0.0,0.0,0.0
0.0,0.3094157451168687,0.2680285632218671,0.1898390199966741,0.0,0.2799217589141851,0.218510385743843,0.2861949954694538,0.2449208446156235,0.3096842894637052,0.2319374603104805,0.2714836294089366,0.2810547691545838,0.2241752856829761,0.0,0.3269803670252076,0.0,0.0,0.2519866789715487,0.2965577524265116,0.0,0.3130511733523704,0.2942014075165947,0.0,0.3003349275321605,0.317370997853405,0.2851894554152924,0.2446049658943787,0.3129153359449846,0.0,0.3434701116844381,0.2833951573379861,0.3013660621946007,0.3317431703415989,0.3087606187203534,0.1905715356705931,0.1553590969216868,0.3127081478817934,0.3954776464727332,0.0,0.0,0.0,0.3239118852343146,0.0,0.0,0.0,0.0,0.3853502588637574,0.0,0.0,0.3973519017716881,0.0,0.3642717651031338,0.4082855087028754,0.0,0.3553511522291295,0.0,0.0,0.0,0.0,0.0,0.0,0.0,0.3705188163910772,0.0,0.0,0.0,0.3738460987254099,0.0,0.0,0.0,0.3906893229581,0.0,0.0,0.0,0.0
0.30449783131767,0.286348500122726,0.2830582391475137,0.3035675554110126,0.2799217589141851,0.0,0.2944439090177763,0.3025955017499608,0.2446968880164874,0.319754267377733,0.2920428266865892,0.3367426142958191,0.2649962309060973,0.3055458433574102,0.3029242634117282,0.3016532410423886,0.0,0.2874609048295261,0.3059455965334834,0.2888124380886516,0.2959517641112048,0.2929575860507138,0.2844553862744092,0.0,0.2736959813757483,0.2834694862947892,0.2695851077109528,0.2834233084772838,0.2547200145075426,0.2955360463304027,0.2999214420695935,0.3041116336042994,0.2838096273006737,0.3102815410165955,0.3106936267752614,0.3075526377704045,0.312280490047833,0.3352827689541741,0.3520156705135726,0.0,0.3547907893746025,0.0,0.3539538090209612,0.0,0.0,0.0,0.0,0.3955597454922474,0.0,0.4112884744550574,0.3827085668974317,0.3850507557547773,0.3564254039005801,0.4006987640423521,0.0,0.3893193746125031,0.0,0.3740406297578161,0.0,0.3569508567855881,0.0,0.0,0.0,0.388941619906644,0.3502052345914051,0.0,0.3500349868542763,0.371083730981834,0.0,0.0,0.3483377551899927,0.3784840052041262,0.3647527111309851,0.3548490029106031,0.0,0.3800021942577977
0.0,0.3076278279724737,0.3140886150736203,0.2130671603799882,0.218510385743843,0.2944439090177763,0.0,0.3288198628670606,0.2923682665245295,0.2778346077237774,0.3158154418181706,0.2633251165836602,0.2469940462827216,0.2490244725414491,0.0,0.3223291312243986,0.3108275395499019,0.3120665206174712,0.3216783082414244,0.3137095911550281,0.0,0.3214196415533614,0.3078404537840016,0.2390875341113979,0.2946539074566224,0.3030098469762897,0.3084457232043626,0.2722465753753764,0.3133994266938857,0.0,0.3033108772377658,0.2781962656389005,0.260697668177935,0.2711509673798978,0.2321454481345878,0.2175146607612668,0.1998990344160792,0.2451271740189179,0.0,0.0,0.0,0.0,0.3790420654425574,0.0,0.0,0.0,0.0,0.0,0.0,0.0,0.3923582283496731,0.0,0.0,0.0,0.0,0.0,0.0,0.0,0.0,0.0,0.0,0.0,0.0,0.0,0.0,0.0,0.0,0.3722025910753033,0.0,0.0,0.0,0.3773475259092351,0.0,0.0,0.0,0.0
0.3433846489422176,0.3182604012837287,0.3106902823494851,0.2720625855739703,0.2861949954694538,0.3025955017499608,0.3288198628670606,0.0,0.3286696527157671,0.3594562740787081,0.2256943325501921,0.0,0.3235549708951837,0.2272577616334261,0.2684321976774395,0.336805860207932,0.0,0.335678368901489,0.2701312179854082,0.2985726644017646,0.269378954603011,0.3067079135467969,0.2437756812671298,0.3399367380491135,0.325378734923821,0.3297174777487964,0.3222206556832679,0.3099457777012012,0.2796180436080704,0.313332474061736,0.3262397491309945,0.2731251660589086,0.0,0.334200298822255,0.3127770936640501,0.2239301216704009,0.243221758820279,0.0,0.3663422625858771,0.0,0.3571710102866947,0.0,0.280132159413865,0.0,0.0,0.0,0.0,0.3713526694843353,0.0,0.3432912705409884,0.3540947485410864,0.3627727690171384,0.2740408792735664,0.3886892719526739,0.0,0.3426503815832282,0.0,0.3533662405463553,0.3138369044290454,0.3580594607236003,0.0,0.0,0.0,0.3450619669483287,0.3469534833644988,0.2761226647852661,0.0,0.3341643794517354,0.0,0.0,0.0,0.3605820071823801,0.3489202470039222,0.3386376100002093,0.0,0.3689857509116059
0.0,0.2860698717907413,0.2106389160230264,0.2904150742857107,0.2449208446156235,0.2446968880164874,0.2923682665245295,0.3286696527157671,0.0,0.332384733855155,0.2212391487634359,0.3359755654558287,0.2915203023071169,0.2828682084690831,0.0,0.3123924218054767,0.0,0.0,0.1697576192193349,0.294836588203843,0.0,0.292844353648251,0.2920110719022829,0.0,0.3240915931941844,0.3390577446794277,0.2619499489828496,0.3347851913631225,0.2866519540343237,0.3351950576852961,0.3578479682884786,0.3219801845173403,0.3108545163335577,0.3400027129740028,0.3276375464958688,0.2930244009857882,0.314005029501827,0.3238649643745485,0.3688120178086675,0.0,0.0,0.0,0.3515729758432074,0.0,0.0,0.0,0.0,0.3946548175516611,0.0,0.407600392877102,0.4042498454411254,0.4157589800524739,0.4158640117690046,0.4041932870863325,0.0,0.3747177152374087,0.0,0.4286850459826044,0.3406988152484586,0.0,0.0,0.0,0.0,0.3842645876292998,0.0,0.0,0.0,0.4012745927547086,0.0,0.0,0.0,0.4122313317420054,0.0,0.0,0.0,0.0
0.2767836296731762,0.0,0.3521573739811637,0.185777237825903,0.3096842894637052,0.319754267377733,0.2778346077237774,0.3594562740787081,0.332384733855155,0.0,0.3270993149502056,0.2051792244723726,0.280705180840412,0.0,0.0,0.2878335474180379,0.2358979147273691,0.2418003670261896,0.3364275198236668,0.0,0.0,0.2991128045734561,0.330266066209142,0.2331940324795988,0.2270853653849402,0.217489133870466,0.3292521643104648,0.2743031228764798,0.0,0.0,0.2367578773172917,0.2550952743077082,0.2289876413600105,0.2588358781968255,0.258449702660602,0.2343323273558244,0.1412473001971059,0.2379173731169674,0.264317874834952,0.2797894003939119,0.3046579848789802,0.0,0.0,0.0,0.3045480356105865,0.0,0.0,0.0,0.0,0.0,0.0,0.0,0.0,0.0,0.3270309026726735,0.0,0.3184546584715061,0.0,0.0,0.0,0.0,0.3281278599391956,0.3253814950776437,0.0,0.0,0.0,0.0,0.0,0.2983402145941025,0.3273484657852089,0.3267685178453318,0.0,0.3029851855284616,0.0,0.0,0.3130788568391138
0.0,0.0,0.2337467461866152,0.2542248032319715,0.2319374603104805,0.2920428266865892,0.3158154418181706,0.2256943325501921,0.2212391487634359,0.3270993149502056,0.0,0.3304616929974853,0.3317821260641606,0.21456848594935,0.0,0.0,0.0,0.0,0.1819841946262096,0.0,0.0,0.0,0.2339070069145244,0.3278913395819571,0.0,0.0,0.2693557454873644,0.3276343921334824,0.0,0.0,0.3485419254147098,0.2946024860299685,0.3216865912821139,0.3308514966886287,0.3260192685478058,0.2416366909103572,0.3056963738395578,0.3206618206875911,0.3619312063823444,0.0,0.0,0.0,0.3335375607640367,0.0,0.0,0.0,0.0,0.3504035223557077,0.0,0.3280571543112991,0.3973946752549174,0.3815144754974858,0.3529917270115336,0.3531271963910276,0.0,0.2137175212716506,0.0,0.391363660285093,0.3459626526406568,0.0,0.0,0.0,0.0,0.2103118021192518,0.0,0.0,0.0,0.3744132163233871,0.0,0.0,0.0,0.3863027751951658,0.0,0.0,0.0,0.0
0.2435137223135385,0.0,0.0,0.1984381882110333,0.2714836294089366,0.3367426142958191,0.2633251165836602,0.0,0.3359755654558287,0.2051792244723726,0.3304616929974853,0.0,0.2693599964620902,0.0,0.0,0.0,0.2533750209752146,0.264357890927513,0.0,0.0,0.3545808068304636,0.0,0.3573650559953166,0.1989921128477457,0.2326093094007707,0.2119451155275726,0.0,0.2561358485930962,0.0,0.0,0.250651928113671,0.2119378104495426,0.227508870026231,0.2023040136992795,0.2250520709763751,0.2257230013798469,0.1941246305816665,0.2044228463765295,0.1873515232471851,0.2824552146555952,0.2435415880395116,0.0,0.0,0.0,0.282833502756297,0.0,0.0,0.0,0.0,0.0,0.0,0.0,0.0,0.0,0.3248777314441054,0.0,0.3094382743134572,0.0,0.0,0.0,0.0,0.3276229263063716,0.3237373227299157,0.0,0.0,0.0,0.0,0.0,0.2936641051740477,0.3212887884496289,0.3217472318615134,0.0,0.2575400417331376,0.0,0.0,0.3106649426898744
0.0,0.3058949434371538,0.3252237214206185,0.2350705657290432,0.2810547691545838,0.2649962309060973,0.2469940462827216,0.3235549708951837,0.2915203023071169,0.280705180840412,0.3317821260641606,0.2693599964620902,0.0,0.2649976300950899,0.3110342286373224,0.3235253217594045,0.2983301681328698,0.3072234397264839,0.3326141526264808,0.2995060415285249,0.3212654592716689,0.3144047082859383,0.3143826782234281,0.2737022523635536,0.2909368253751032,0.2969353579532974,0.3193326341762634,0.2327756486743405,0.2765326386175988,0.2777829612598846,0.287658135517302,0.2872584917079861,0.2632268022294621,0.2771843086995421,0.263590661269338,0.2447742085411245,0.2281945575017509,0.2579356685692885,0.3176205946752126,0.0,0.3447223886336863,0.0,0.3797798056652546,0.0,0.0,0.0,0.0,0.4136777579577997,0.0,0.0,0.3789348850430695,0.0,0.3583020384804534,0.0,0.0,0.0,0.0,0.0,0.0,0.0,0.0,0.0,0.0,0.0,0.3891634340740911,0.0,0.0,0.3703420017671594,0.0,0.0,0.0,0.368919234339493,0.0,0.3731907633156044,0.0,0.0
0.3439715388397068,0.0,0.2871752994020008,0.2199603745699906,0.2241752856829761,0.3055458433574102,0.2490244725414491,0.2272577616334261,0.2828682084690831,0.0,0.21456848594935,0.0,0.2649976300950899,0.0,0.0,0.0,0.0,0.0,0.2466394818438473,0.0,0.3067984126494322,0.0,0.2742655649327191,0.0,0.0,0.0,0.3095228500829,0.2248592149978905,0.0,0.0,0.3094000403169523,0.2015476363310236,0.0,0.3010517649015677,0.0,0.1999183682101436,0.1619017244406256,0.0,0.2838214635008617,0.0,0.0,0.0,0.3005293878252734,0.0,0.0,0.0,0.0,0.3758701511853637,0.0,0.0,0.0,0.0,0.0,0.3673363982615908,0.0,0.333191689712848,0.0,0.0,0.0,0.0,0.0,0.0,0.0,0.3688629754830841,0.0,0.0,0.0,0.3563094610547221,0.0,0.0,0.0,0.404638204811006,0.0,0.0,0.0,0.0
0.2828716726365375,0.2984896615294673,0.0,0.0,0.0,0.3029242634117282,0.0,0.2684321976774395,0.0,0.0,0.0,0.0,0.3110342286373224,0.0,0.0,0.3203667787404932,0.0,0.2910385590905234,0.0,0.2545146825317642,0.2753843260100231,0.2301218725884691,0.2323660107284887,0.3230875847310285,0.2994391367360001,0.2597632636443303,0.2792774356919903,0.3027842893100139,0.2962450569940122,0.3005106376135987,0.3030622160796974,0.3067708731815837,0.294440468730168,0.3115023284150385,0.3333788912672778,0.321447828994772,0.0,0.0,0.3295642672556286,0.3103850054413431,0.336829155848693,0.3623379607692713,0.3737632560715103,0.0,0.0,0.0,0.358013785337248,0.0,0.0,0.0,0.3596893282365563,0.0,0.337225417423122,0.0,0.0,0.0,0.0,0.0,0.0,0.3035545008044494,0.3538453513196547,0.0,0.0,0.0,0.3180397340101065,0.3292835876829706,0.3377683400123101,0.3516922264532516,0.0,0.3640139575213206,0.3500102887213074,0.364104564232363,0.3712250696359405,0.3482872021782742,0.0,0.3373103634051346
0.2901491958219047,0.2798937734175954,0.0,0.0,0.3269803670252076,0.3016532410423886,0.3223291312243986,0.336805860207932,0.3123924218054767,0.2878335474180379,0.0,0.0,0.3235253217594045,0.0,0.3203667787404932,0.0,0.2719236105876343,0.2574634531156743,0.0,0.2982025987258368,0.3072604942382121,0.2695156437820802,0.3311205181154786,0.2757059482198001,0.2672525696722262,0.2958657112503217,0.3109081965129511,0.3126485617199779,0.3061157509178793,0.2911720827527781,0.2451557028069225,0.3069314721960979,0.2746848663227904,0.277822352945506,0.3294776649417789,0.0,0.0,0.0,0.3558921766372516,0.3344439463617474,0.3252299834788661,0.3513882576562425,0.0,0.0,0.0,0.32359482553915,0.3431269303483924,0.0,0.0,0.0,0.0,0.0,0.0,0.0,0.0,0.0,0.0,0.0,0.0,0.3467536106377777,0.3299635915608217,0.0,0.3346748721002704,0.0,0.3544830062366714,0.0,0.3341909721850232,0.0,0.0,0.3282601913526216,0.3376757466922763,0.389006478325845,0.0,0.0,0.0,0.3132134465101222
0.0,0.0,0.0,0.0,0.0,0.0,0.3108275395499019,0.0,0.0,0.2358979147273691,0.0,0.2533750209752146,0.2983301681328698,0.0,0.0,0.2719236105876343,0.0,0.2357984257245367,0.0,0.2716419579842428,0.0,0.2738909429820633,0.0,0.259386654134116,0.2393604175964046,0.2630843465990973,0.0,0.2828028528156466,0.0,0.0,0.2471926897868176,0.2866984372167281,0.2345647754835492,0.2699148593482691,0.2793947676895401,0.0,0.0,0.2568301004599899,0.2970290806143827,0.3091080114754702,0.3242256007816096,0.0,0.0,0.0,0.0,0.0,0.0,0.0,0.0,0.0,0.0,0.0,0.0,0.0,0.3346205029459884,0.0,0.3252422690636671,0.0,0.0,0.0,0.0,0.3374886250793126,0.3322474132857992,0.0,0.0,0.0,0.0,0.0,0.3298196618026118,0.3526027294341265,0.3388453488538167,0.0,0.0,0.0,0.0,0.3485999288877721
0.2758262451497956,0.2677786570783522,0.0,0.0,0.0,0.2874609048295261,0.3120665206174712,0.335678368901489,0.0,0.2418003670261896,0.0,0.264357890927513,0.3072234397264839,0.0,0.2910385590905234,0.2574634531156743,0.2357984257245367,0.0,0.0,0.2812226888425684,0.2863633326766736,0.2787998528965442,0.3070593918727937,0.2538436153738864,0.2451514975063626,0.2641584516943897,0.2969034833259553,0.2923178841786419,0.2966041547052078,0.3227494438602808,0.2526014257205067,0.2953457582568247,0.2487080758994296,0.2718539703920027,0.2899581101089824,0.0,0.0,0.0,0.3612342977901157,0.3237406640626697,0.3556623970449284,0.3440260419837006,0.0,0.0,0.0,0.3002887864706064,0.3296169835145763,0.0,0.0,0.0,0.0,0.0,0.0,0.0,0.328165523347257,0.0,0.3200105081650972,0.0,0.0,0.0,0.3216149423882297,0.3514529197876788,0.3276168110454027,0.0,0.0,0.0,0.3240429895309958,0.0,0.3123845654412054,0.3288171505262496,0.3307387781352269,0.0,0.0,0.0,0.0,0.3261220533837895
0.0,0.0,0.1823429155746145,0.2780622505036065,0.2519866789715487,0.3059455965334834,0.3216783082414244,0.2701312179854082,0.1697576192193349,0.3364275198236668,0.1819841946262096,0.0,0.3326141526264808,0.2466394818438473,0.0,0.0,0.0,0.0,0.0,0.0,0.0,0.0,0.2341802217478026,0.0,0.0,0.0,0.2476969011387073,0.3336417185140668,0.0,0.0,0.3368055319538804,0.3113024775263158,0.0,0.325043336573091,0.3120086329469331,0.2765948011730608,0.3350600010036731,0.3347286684055043,0.3676636259347194,0.0,0.0,0.0,0.3466391414911099,0.0,0.0,0.0,0.0,0.3549311034233303,0.0,0.3619112495993511,0.3902949128049024,0.4060461519881401,0.3661247673852488,0.3847170346586907,0.0,0.2101604268062749,0.0,0.0,0.3491990336212327,0.0,0.0,0.0,0.0,0.3561050946571693,0.0,0.0,0.0,0.3836228086849982,0.0,0.0,0.0,0.3966582862892258,0.0,0.0,0.0,0.0
0.3015086688679029,0.2976319831794571,0.0,0.2965175237149512,0.2965577524265116,0.2888124380886516,0.3137095911550281,0.2985726644017646,0.294836588203843,0.0,0.0,0.0,0.2995060415285249,0.0,0.2545146825317642,0.2982025987258368,0.2716419579842428,0.2812226888425684,0.0,0.0,0.3039771342032352,0.2549688835897839,0.2239149579588135,0.0,0.2780191187422538,0.2997576249854501,0.2789339822034088,0.2522922385750594,0.236410753466501,0.2361161876316114,0.2806520600896657,0.3055801195278536,0.271941837247004,0.3101342390582917,0.3263340927447899,0.347180177990134,0.311879056100511,0.0,0.3562466671407107,0.3430180737350853,0.3565290284898457,0.3592718626677532,0.0,0.0,0.0,0.0,0.3384181162880031,0.0,0.0,0.0,0.3599892921911901,0.0,0.3663337318814344,0.0,0.0,0.0,0.0,0.4093430754032295,0.0,0.3448316311805773,0.0,0.0,0.0,0.0,0.3509258145861867,0.3372438084771739,0.3406995428659852,0.3598307995102757,0.0,0.0,0.3378870215620207,0.3743683139308503,0.3659422624752154,0.348866432765369,0.0,0.3559700181613941
0.2815883495548812,0.2919428781927962,0.0,0.0,0.0,0.2959517641112048,0.0,0.269378954603011,0.0,0.0,0.0,0.3545808068304636,0.3212654592716689,0.3067984126494322,0.2753843260100231,0.3072604942382121,0.0,0.2863633326766736,0.0,0.3039771342032352,0.0,0.302053307654151,0.2740716180590204,0.302330198425612,0.2818694567958522,0.2821324653561334,0.2906614300869757,0.3071190264996496,0.2900563144549687,0.3214529302465662,0.2653105704150523,0.2984969109856959,0.265604567987446,0.2868800794349609,0.329782945832628,0.3172953091112932,0.0,0.0,0.345562883143082,0.3291790309242641,0.34705394468732,0.3689559400822345,0.0,0.0,0.0,0.239241077380864,0.3474831143001158,0.0,0.0,0.0,0.0,0.0,0.3171501039271285,0.0,0.0,0.0,0.0,0.0,0.0,0.3280149663477307,0.3357289807262626,0.0,0.0,0.0,0.3305815634705698,0.2822427587082366,0.3455497438258525,0.3281916018693463,0.0,0.3394693811886441,0.3544595805958485,0.3491722348555454,0.3468636811121631,0.3390801910930133,0.0,0.3523999959813155
0.3005168065311095,0.281062590817779,0.0,0.285975751049708,0.3130511733523704,0.2929575860507138,0.3214196415533614,0.3067079135467969,0.292844353648251,0.2991128045734561,0.0,0.0,0.3144047082859383,0.0,0.2301218725884691,0.2695156437820802,0.2738909429820633,0.2787998528965442,0.0,0.2549688835897839,0.302053307654151,0.0,0.272199233251045,0.0,0.2748313792459094,0.2864493890255055,0.3027829845871103,0.2860233050639871,0.2703869679465825,0.259232626254859,0.2733685748029688,0.3087794191901329,0.2791837016582836,0.3023699419864886,0.3324652285167006,0.3523436384492633,0.3190794495038862,0.0,0.3445853803517265,0.3498331419056906,0.3416974191800676,0.3576575353681531,0.0,0.0,0.0,0.318103937177368,0.3428055589048519,0.0,0.0,0.0,0.3293971734246175,0.0,0.0,0.0,0.0,0.0,0.0,0.0,0.0,0.3583251503291242,0.3280193514366285,0.0,0.3428369498555885,0.0,0.3413712275024255,0.3369404654549629,0.3490521672864597,0.3465679831307602,0.0,0.3205705013895981,0.3580792589759258,0.3466879664977993,0.3965298483240684,0.3394655135268629,0.0,0.3281187954245285
0.3186579615629101,0.3066644141035456,0.2343517292770853,0.2817096273963972,0.2942014075165947,0.2844553862744092,0.3078404537840016,0.2437756812671298,0.2920110719022829,0.330266066209142,0.2339070069145244,0.3573650559953166,0.3143826782234281,0.2742655649327191,0.2323660107284887,0.3311205181154786,0.0,0.3070593918727937,0.2341802217478026,0.2239149579588135,0.2740716180590204,0.272199233251045,0.0,0.3287909220707413,0.3037567036699073,0.3153311274927406,0.2571564550782472,0.3070327830804439,0.2859671110756549,0.301673854931147,0.3106538007508009,0.2971047017208905,0.2909114421173187,0.3207860774120379,0.3187262366991419,0.2913018668585185,0.3008624192222069,0.3707236954965087,0.3611921752210648,0.2716771501366484,0.3829104234389696,0.321525210372547,0.3679654434978123,0.0,0.0,0.0,0.3504790961633285,0.3844839843322439,0.0,0.3771543055135414,0.3781714686260445,0.3754668703057688,0.3439726728879007,0.3920225585599678,0.0,0.362870443479329,0.0,0.3693495635679664,0.3604877035598658,0.3521313152076136,0.0,0.0,0.0,0.3659488028783803,0.3607502519329594,0.3284414996228078,0.3444770284035994,0.3622478649399106,0.0,0.0,0.3388778880652575,0.373860682684394,0.3655712124990394,0.3588059699915322,0.3707074028887413,0.3753706624887017
0.2333295612666302,0.0,0.0,0.0,0.0,0.0,0.2390875341113979,0.3399367380491135,0.0,0.2331940324795988,0.3278913395819571,0.1989921128477457,0.2737022523635536,0.0,0.3230875847310285,0.2757059482198001,0.259386654134116,0.2538436153738864,0.0,0.0,0.302330198425612,0.0,0.3287909220707413,0.0,0.239624463233194,0.2214605967780367,0.3329058491654588,0.2593809617032813,0.0,0.0,0.253098951017483,0.2578650002908056,0.194907376617462,0.2153056123878858,0.2453021054382166,0.2069702440959783,0.1940965409119969,0.1953685835675147,0.2166528346858308,0.2867131365844583,0.297275639647633,0.2898262996696144,0.0,0.0,0.2941414055973324,0.2356572896714708,0.3128698456663878,0.0,0.0,0.0,0.0,0.0,0.0,0.0,0.3151879938781617,0.0,0.3042023137763823,0.0,0.0,0.0,0.3329212135630579,0.327646137424681,0.3244831075676717,0.0,0.0,0.0,0.0,0.0,0.2602092086296396,0.3195944236494112,0.3164410471401044,0.0,0.0,0.0,0.0,0.3067068759753394
0.2665884530498655,0.2550186647875517,0.0,0.0,0.3003349275321605,0.2736959813757483,0.2946539074566224,0.325378734923821,0.3240915931941844,0.2270853653849402,0.0,0.2326093094007707,0.2909368253751032,0.0,0.2994391367360001,0.2672525696722262,0.2393604175964046,0.2451514975063626,0.0,0.2780191187422538,0.2818694567958522,0.2748313792459094,0.3037567036699073,0.239624463233194,0.0,0.2387987294466195,0.284596904810763,0.2825418123465662,0.2759515508080031,0.0,0.2542056325236143,0.279024996973351,0.2300516533607182,0.2575120992342615,0.2795709633838849,0.0,0.0,0.2540113716171827,0.3459093893073838,0.3138933360765169,0.3425660597208028,0.3553407491512228,0.0,0.0,0.2952125750184399,0.2982651850627359,0.3408860614332773,0.0,0.0,0.0,0.0,0.0,0.0,0.0,0.3259881960833435,0.0,0.3208053669928436,0.0,0.0,0.3371162578176252,0.3249161199980863,0.3305963126256954,0.3238938770092703,0.0,0.3367526249978079,0.3231782724868602,0.3207621949949285,0.0,0.3071308000447003,0.3261323598767355,0.3290633739033299,0.0,0.0,0.3349971520824572,0.0,0.3129899914969281
0.2517715216219638,0.2617824229674387,0.0,0.0,0.317370997853405,0.2834694862947892,0.3030098469762897,0.3297174777487964,0.3390577446794277,0.217489133870466,0.0,0.2119451155275726,0.2969353579532974,0.0,0.2597632636443303,0.2958657112503217,0.2630843465990973,0.2641584516943897,0.0,0.2997576249854501,0.2821324653561334,0.2864493890255055,0.3153311274927406,0.2214605967780367,0.2387987294466195,0.0,0.3154944635735813,0.2838252356187653,0.2765701990342223,0.0,0.2612661007353891,0.297862904458498,0.2545279215456421,0.2739644437964641,0.3138995288509842,0.3178226261429939,0.0,0.2368556765991462,0.3333229303429749,0.3129192678964195,0.3281517515519964,0.3466015254854167,0.0,0.0,0.2757764515522409,0.3058000597301255,0.3582298575841743,0.0,0.0,0.0,0.3415450503396737,0.0,0.0,0.0,0.3245590744522282,0.0,0.318989742509779,0.0,0.0,0.3601809994567024,0.3346670615887407,0.3317474758136128,0.32691209708767,0.0,0.340124961084328,0.343372017156495,0.3514998676818076,0.3380938589960462,0.3020883830045709,0.3268618464382226,0.3359521956344369,0.3413024747538857,0.0,0.3288760477923506,0.0,0.3177103164862394
0.3050008985729003,0.2992700405302886,0.2365280017203786,0.3032849610443209,0.2851894554152924,0.2695851077109528,0.3084457232043626,0.3222206556832679,0.2619499489828496,0.3292521643104648,0.2693557454873644,0.0,0.3193326341762634,0.3095228500829,0.2792774356919903,0.3109081965129511,0.0,0.2969034833259553,0.2476969011387073,0.2789339822034088,0.2906614300869757,0.3027829845871103,0.2571564550782472,0.3329058491654588,0.284596904810763,0.3154944635735813,0.0,0.3126581445649001,0.2770975024285572,0.292331073870285,0.3008024309052396,0.3060112341563885,0.2902079719894523,0.319474858055255,0.3202956988894173,0.319673929550593,0.3079252773366216,0.0,0.3557202555950622,0.2830417249472027,0.3586769611244858,0.3204985936361335,0.363326518641196,0.0,0.0,0.0,0.3695222093907079,0.3968897923576177,0.0,0.4012173569553731,0.3870102891113819,0.3816300275204654,0.3696834277875553,0.4026833409013323,0.0,0.3865556879993773,0.0,0.3684551916949592,0.3738712729354374,0.3567727844964183,0.0,0.0,0.0,0.3935628566373261,0.3601741132597366,0.3419013878401337,0.3476417649009633,0.3737706811461445,0.0,0.0,0.3477560998798578,0.3797522070518461,0.3622616367018028,0.357166435402224,0.3789506396183404,0.3756554153058558
0.3372449756531275,0.292612918648353,0.3275973387008319,0.1975061523893261,0.2446049658943787,0.2834233084772838,0.2722465753753764,0.3099457777012012,0.3347851913631225,0.2743031228764798,0.3276343921334824,0.2561358485930962,0.2327756486743405,0.2248592149978905,0.3027842893100139,0.3126485617199779,0.2828028528156466,0.2923178841786419,0.3336417185140668,0.2522922385750594,0.3071190264996496,0.2860233050639871,0.3070327830804439,0.2593809617032813,0.2825418123465662,0.2838252356187653,0.3126581445649001,0.0,0.2273273395805109,0.2228921921823934,0.2581370910164367,0.2787008861046152,0.2393842008663417,0.2649170685395057,0.2497674291467015,0.1906462485230061,0.1745049377724609,0.2415100516680886,0.29980583949016,0.221288675777229,0.3051538028432213,0.2847799853756973,0.3430865845194175,0.0,0.0,0.0,0.0,0.4327435959390882,0.0,0.0,0.360282791322159,0.0,0.3448712060813986,0.0,0.0,0.0,0.2542119083333148,0.0,0.0,0.3680863118811531,0.0,0.0,0.0,0.0,0.3605928337780016,0.3426809806111294,0.3790412723085171,0.3649907450099748,0.0,0.0,0.0,0.3675973591214165,0.3674229560873918,0.3511346968225032,0.0,0.3759703191879248
0.3224836555653875,0.2876847339859923,0.3300387454813535,0.0,0.3129153359449846,0.2547200145075426,0.3133994266938857,0.2796180436080704,0.2866519540343237,0.0,0.0,0.0,0.2765326386175988,0.0,0.2962450569940122,0.3061157509178793,0.0,0.2966041547052078,0.0,0.236410753466501,0.2900563144549687,0.2703869679465825,0.2859671110756549,0.0,0.2759515508080031,0.2765701990342223,0.2770975024285572,0.2273273395805109,0.0,0.2573087300853588,0.2616243827256911,0.2822851565391296,0.2378087669825135,0.2998998305822419,0.3108479694556953,0.3215649688026251,0.3055540466822261,0.0,0.3539095610748967,0.0,0.3352168405218779,0.3393264662155491,0.3795057901271064,0.0,0.0,0.0,0.3495035363760351,0.0,0.0,0.0,0.3570399747873047,0.0,0.348490199279883,0.0,0.0,0.0,0.0,0.3731546854858266,0.0,0.3460692614547986,0.0,0.0,0.0,0.0,0.3478663680217374,0.3279590477752095,0.3352159077404531,0.3627727621924106,0.0,0.0,0.3266984416330727,0.3651009046459209,0.3569078406781838,0.3464846088008035,0.3742906020557812,0.3570030333019479
0.0,0.0,0.0,0.0,0.0,0.2955360463304027,0.0,0.313332474061736,0.3351950576852961,0.0,0.0,0.0,0.2777829612598846,0.0,0.3005106376135987,0.2911720827527781,0.0,0.3227494438602808,0.0,0.2361161876316114,0.3214529302465662,0.259232626254859,0.301673854931147,0.0,0.0,0.0,0.292331073870285,0.2228921921823934,0.2573087300853588,0.0,0.2425545279856416,0.3052810623858842,0.0,0.2728594841975962,0.292755572552709,0.0,0.0,0.0,0.3591659110169244,0.0,0.0,0.0,0.0,0.0,0.0,0.0,0.0,0.0,0.0,0.0,0.0,0.0,0.0,0.0,0.0,0.0,0.0,0.0,0.0,0.0,0.0,0.0,0.0,0.0,0.3767319451375195,0.0,0.0,0.3624983882460199,0.0,0.0,0.0,0.374031047607506,0.0,0.3736686899525144,0.0,0.0
0.2543688269134286,0.2450725942276252,0.3370238475814583,0.2825219719123496,0.3434701116844381,0.2999214420695935,0.3033108772377658,0.3262397491309945,0.3578479682884786,0.2367578773172917,0.3485419254147098,0.250651928113671,0.287658135517302,0.3094000403169523,0.3030622160796974,0.2451557028069225,0.2471926897868176,0.2526014257205067,0.3368055319538804,0.2806520600896657,0.2653105704150523,0.2733685748029688,0.3106538007508009,0.253098951017483,0.2542056325236143,0.2612661007353891,0.3008024309052396,0.2581370910164367,0.2616243827256911,0.2425545279856416,0.0,0.2749415823668401,0.2239208878529541,0.2073138967774079,0.258738269384909,0.3346174922529997,0.2264574631093394,0.220180020800137,0.3104662135976277,0.3197481399042362,0.2752921351814764,0.0,0.0,0.0,0.0,0.2835872981126722,0.3250520958394427,0.0,0.0,0.0,0.3776698086539997,0.0,0.0,0.0,0.3178991319390949,0.0,0.310461202413501,0.0,0.0,0.3693851767031946,0.3334170454065241,0.3419969931368688,0.3174911059850349,0.0,0.3497817485591364,0.2771316540178329,0.3248882999921095,0.3842793847517206,0.2632800626076648,0.317656381122044,0.3230595666469805,0.3767371620078013,0.3842043176616552,0.3566605617531264,0.0,0.3625892674439037
0.2928959298242825,0.2824452458952808,0.3106930609128456,0.2189947863881831,0.2833951573379861,0.3041116336042994,0.2781962656389005,0.2731251660589086,0.3219801845173403,0.2550952743077082,0.2946024860299685,0.2119378104495426,0.2872584917079861,0.2015476363310236,0.3067708731815837,0.3069314721960979,0.2866984372167281,0.2953457582568247,0.3113024775263158,0.3055801195278536,0.2984969109856959,0.3087794191901329,0.2971047017208905,0.2578650002908056,0.279024996973351,0.297862904458498,0.3060112341563885,0.2787008861046152,0.2822851565391296,0.3052810623858842,0.2749415823668401,0.0,0.2400790345199812,0.2810533932935975,0.285418866536323,0.2235042127640615,0.222122900692066,0.1708786087699137,0.1968722881016976,0.1802072729985508,0.2123250261087159,0.2318635596332234,0.2186312259689009,0.1902514514091095,0.1797209806608657,0.3093288085681416,0.339159342901289,0.3775087438518539,0.0,0.0,0.3397301178457267,0.3483276084025651,0.3683053774094865,0.3677451954242914,0.1827336971428077,0.3573701774784995,0.1513285425833229,0.3177296566948286,0.0,0.3495083989345437,0.3228448572592462,0.3408514101866914,0.3167464683164014,0.3885911117963779,0.3511110094622715,0.3207916465820188,0.3457969101002032,0.3740238245979386,0.1669695177071419,0.3242255152284445,0.3324224560262895,0.3739958546580428,0.2909188089606714,0.3534672130774087,0.3611354493134744,0.3484693420454627
0.2470701038879596,0.2438446594859222,0.0,0.0,0.3013660621946007,0.2838096273006737,0.260697668177935,0.0,0.3108545163335577,0.2289876413600105,0.3216865912821139,0.227508870026231,0.2632268022294621,0.0,0.294440468730168,0.2746848663227904,0.2345647754835492,0.2487080758994296,0.0,0.271941837247004,0.265604567987446,0.2791837016582836,0.2909114421173187,0.194907376617462,0.2300516533607182,0.2545279215456421,0.2902079719894523,0.2393842008663417,0.2378087669825135,0.0,0.2239208878529541,0.2400790345199812,0.0,0.1822792137893898,0.2994526890492983,0.274505029762738,0.1693128408417518,0.1456365193749407,0.1819037775915044,0.1945155491624633,0.1656965338370587,0.2040078061015162,0.0,0.0,0.2266071221276143,0.288953014678263,0.3411365648684932,0.0,0.0,0.0,0.0,0.0,0.0,0.0,0.2979512908414632,0.0,0.3007485208140761,0.0,0.0,0.3537561068247084,0.3356076962631031,0.3215939429499807,0.3139663797975915,0.0,0.3407088661140172,0.0,0.3495575164035302,0.3374170493129032,0.2525743413833349,0.3231566762486976,0.3174004260725017,0.0,0.2887163306556325,0.0,0.0,0.3272316547482797
0.2600111210397093,0.2525174616862178,0.3313893040852781,0.2288914425142935,0.3317431703415989,0.3102815410165955,0.2711509673798978,0.334200298822255,0.3400027129740028,0.2588358781968255,0.3308514966886287,0.2023040136992795,0.2771843086995421,0.3010517649015677,0.3115023284150385,0.277822352945506,0.2699148593482691,0.2718539703920027,0.325043336573091,0.3101342390582917,0.2868800794349609,0.3023699419864886,0.3207860774120379,0.2153056123878858,0.2575120992342615,0.2739644437964641,0.319474858055255,0.2649170685395057,0.2998998305822419,0.2728594841975962,0.2073138967774079,0.2810533932935975,0.1822792137893898,0.0,0.2428408425513078,0.2624965919678348,0.2169476098537133,0.1618380413825879,0.2186559920499886,0.1737769961982247,0.1736259616227131,0.2074620262210293,0.2460839598672531,0.1853346262634325,0.1597625949837266,0.2892744108793723,0.3337091840299923,0.0,0.0,0.0,0.3491688645066526,0.0,0.3690870876831602,0.0,0.3154600674917914,0.0,0.208749044804733,0.3300349489270597,0.0,0.3534893963658203,0.3229700925343026,0.3487360084679077,0.322274269510919,0.0,0.3691394830051092,0.3105964961733227,0.3431461240737373,0.3806844642817348,0.2940119695432006,0.3264883466031066,0.3314853055466821,0.3662989305834754,0.3128415704805171,0.3622720462557454,0.0,0.3011970839007952
0.3057141100395061,0.2990388782016309,0.3241647808773582,0.2104323998671927,0.3087606187203534,0.3106936267752614,0.2321454481345878,0.3127770936640501,0.3276375464958688,0.258449702660602,0.3260192685478058,0.2250520709763751,0.263590661269338,0.0,0.3333788912672778,0.3294776649417789,0.2793947676895401,0.2899581101089824,0.3120086329469331,0.3263340927447899,0.329782945832628,0.3324652285167006,0.3187262366991419,0.2453021054382166,0.2795709633838849,0.3138995288509842,0.3202956988894173,0.2497674291467015,0.3108479694556953,0.292755572552709,0.258738269384909,0.285418866536323,0.2994526890492983,0.2428408425513078,0.0,0.3178711394555809,0.2532482457875736,0.1764158675392336,0.219618371627257,0.1899766313736843,0.2026473317549715,0.2499860894439743,0.2312512257588004,0.2338372916950767,0.1830007449194621,0.0,0.3673093631659794,0.0,0.0,0.0,0.0,0.0,0.0,0.0,0.0,0.0,0.1983182723918913,0.0,0.0,0.370323432020787,0.3436066629180699,0.0,0.3488779109312424,0.0,0.3420854479168274,0.3395534286900678,0.3615480060684686,0.3232615662852297,0.0,0.3336707981736677,0.3516889866451426,0.3110962161361821,0.2912017576183195,0.0,0.0,0.0
0.0,0.0,0.2977315974379604,0.182640456708636,0.1905715356705931,0.3075526377704045,0.2175146607612668,0.2239301216704009,0.2930244009857882,0.2343323273558244,0.2416366909103572,0.2257230013798469,0.2447742085411245,0.1999183682101436,0.321447828994772,0.0,0.0,0.0,0.2765948011730608,0.347180177990134,0.3172953091112932,0.3523436384492633,0.2913018668585185,0.2069702440959783,0.0,0.3178226261429939,0.319673929550593,0.1906462485230061,0.3215649688026251,0.0,0.3346174922529997,0.2235042127640615,0.274505029762738,0.2624965919678348,0.3178711394555809,0.0,0.1516702140633676,0.2214747968641772,0.2238381036414534,0.1885737527588868,0.2277704928249825,0.2217666268706211,0.2779477286225534,0.2188986055109858,0.0,0.0,0.0,0.3501105029809867,0.0,0.3175360399671337,0.3470012847451207,0.3602469681805931,0.3355579665308211,0.3585627152084474,0.0,0.3285289119140697,0.1903137377604759,0.3707288548789574,0.2855452772196222,0.0,0.0,0.0,0.0,0.3407127728158792,0.3511820061674179,0.0,0.0,0.3629401040160915,0.0,0.0,0.0,0.3595821804714793,0.3706130760787015,0.3336818501462026,0.0,0.0
0.0,0.0,0.3266527706957349,0.137435830080297,0.1553590969216868,0.312280490047833,0.1998990344160792,0.243221758820279,0.314005029501827,0.1412473001971059,0.3056963738395578,0.1941246305816665,0.2281945575017509,0.1619017244406256,0.0,0.0,0.0,0.0,0.3350600010036731,0.311879056100511,0.0,0.3190794495038862,0.3008624192222069,0.1940965409119969,0.0,0.0,0.3079252773366216,0.1745049377724609,0.3055540466822261,0.0,0.2264574631093394,0.222122900692066,0.1693128408417518,0.2169476098537133,0.2532482457875736,0.1516702140633676,0.0,0.1930712739653153,0.1617098382747554,0.0,0.0,0.2159796569814991,0.1804087547667572,0.0,0.0,0.0,0.0,0.0,0.0,0.0,0.0,0.0,0.0,0.0,0.0,0.0,0.1365595018395393,0.0,0.0,0.0,0.0,0.0,0.0,0.0,0.0,0.0,0.0,0.0,0.0,0.0,0.0,0.0,0.0,0.0,0.0,0.0
0.2962901637012597,0.0,0.0,0.0,0.3127081478817934,0.3352827689541741,0.2451271740189179,0.0,0.3238649643745485,0.2379173731169674,0.3206618206875911,0.2044228463765295,0.2579356685692885,0.0,0.0,0.0,0.2568301004599899,0.0,0.3347286684055043,0.0,0.0,0.0,0.3707236954965087,0.1953685835675147,0.2540113716171827,0.2368556765991462,0.0,0.2415100516680886,0.0,0.0,0.220180020800137,0.1708786087699137,0.1456365193749407,0.1618380413825879,0.1764158675392336,0.2214747968641772,0.1930712739653153,0.0,0.1709562240341492,0.205004427566276,0.1700141594927465,0.1786307438011281,0.0,0.0,0.2488412051997351,0.0,0.0,0.0,0.0,0.0,0.0,0.0,0.0,0.0,0.2918038993895149,0.0,0.3145968109892714,0.0,0.0,0.0,0.0,0.0,0.0,0.0,0.0,0.0,0.0,0.0,0.2607917861671882,0.3197905185915484,0.2923589136025297,0.0,0.0,0.0,0.0,0.2886883907025639
0.3285799231128081,0.3347615341365472,0.3752029971486104,0.0,0.3954776464727332,0.3520156705135726,0.0,0.3663422625858771,0.3688120178086675,0.264317874834952,0.3619312063823444,0.1873515232471851,0.3176205946752126,0.2838214635008617,0.3295642672556286,0.3558921766372516,0.2970290806143827,0.3612342977901157,0.3676636259347194,0.3562466671407107,0.345562883143082,0.3445853803517265,0.3611921752210648,0.2166528346858308,0.3459093893073838,0.3333229303429749,0.3557202555950622,0.29980583949016,0.3539095610748967,0.3591659110169244,0.3104662135976277,0.1968722881016976,0.1819037775915044,0.2186559920499886,0.219618371627257,0.2238381036414534,0.1617098382747554,0.1709562240341492,0.0,0.2294570820877455,0.2810114792687431,0.2773891721205996,0.2135616766982044,0.2105860308219452,0.1781596493325789,0.2928692172167191,0.2969601172189318,0.3213826879751791,0.218514510864928,0.2457671037791149,0.310174325354172,0.2539379324582829,0.261805011051943,0.3242014652270423,0.2492230259444297,0.3056997477806472,0.1788121524556946,0.2743181937696776,0.2377473013321606,0.3024673425211777,0.2975595584407317,0.2912723490580577,0.2991785749579333,0.3160480260677978,0.3048209002309781,0.2979793447092602,0.2970450472196493,0.3061315821277553,0.2242687063743871,0.2842726539356529,0.3017008235199984,0.3091645524612158,0.2558871745411312,0.2841181863664028,0.2985748545615702,0.2759236373565071
0.3082165776485575,0.3358497131920703,0.0,0.0,0.0,0.0,0.0,0.0,0.0,0.2797894003939119,0.0,0.2824552146555952,0.0,0.0,0.3103850054413431,0.3344439463617474,0.3091080114754702,0.3237406640626697,0.0,0.3430180737350853,0.3291790309242641,0.3498331419056906,0.2716771501366484,0.2867131365844583,0.3138933360765169,0.3129192678964195,0.2830417249472027,0.221288675777229,0.0,0.0,0.3197481399042362,0.1802072729985508,0.1945155491624633,0.1737769961982247,0.1899766313736843,0.1885737527588868,0.0,0.205004427566276,0.2294570820877455,0.0,0.1920006847137535,0.3017966494524217,0.3278947627991915,0.1627423557259817,0.1542016735064063,0.2665788350909315,0.263946291600473,0.0,0.0,0.2121918913654951,0.2851588031954878,0.2524796153613556,0.3446325904542892,0.3152095861721223,0.2358385776012729,0.3018614908051463,0.2220866310390639,0.2686067164193046,0.0,0.2858429177050929,0.2653761632154514,0.2390799078885921,0.2401423414888019,0.0,0.2615820619519133,0.2697111310801701,0.2628317860123706,0.2914847087283184,0.2208037888835978,0.2273899390379054,0.2550669497544476,0.2889478647612002,0.2399495619304639,0.2670845241702957,0.2284681639842678,0.2201767738766057
