0.0,0.3702095457285668,0.0,0.0,0.0,0.3984618105778865,0.0,0.4903690408140018,0.0,0.349059181597584,0.0,0.3153125551692394,0.0,0.0,0.3488007470170603,0.3923695057029915,0.3155779758661454,0.3610546016456312,0.0,0.3922593454476668,0.4170557299564018,0.4051476907164126,0.4514967066378067,0.359414836554321,0.3576052063830129,0.3401343005249495,0.3655021362468069,0.4402647881491548,0.4593153847164915,0.0,0.3829971880294697,0.4300723397190849,0.3638822065918314,0.3671156787670978,0.4268304473213026,0.0,0.0,0.0,0.4190761950357631,0.3754910439399843,0.3871659142401532,0.0,0.0,0.0,0.0,0.337631320458223,0.4119180415700139,0.0,0.0,0.0,0.0,0.0,0.0,0.0,0.4106312258582525,0.0,0.0,0.0,0.0,0.0,0.4118745625109746,0.0,0.3926097353357622,0.0,0.0,0.3665838370052909,0.4071496124148756,0.0,0.0,0.4044566084351816,0.4142096558240612,0.0,0.0,0.0,0.0,0.4030915288589906
0.3702095457285668,0.0,0.0,0.0,0.4163941948426408,0.3629680437070097,0.4051746562926412,0.3987186204757462,0.3879089696468749,0.0,0.0,0.0,0.4134172768287655,0.0,0.3904762905422821,0.3562533476005692,0.0,0.3415257728105814,0.0,0.3778501220765806,0.3748334537599257,0.3723418974014543,0.3620616018226343,0.0,0.3263640803181213,0.3715501211942109,0.3489133535614104,0.4265943157192597,0.3843361646357,0.0,0.3591396023472608,0.4251137796147047,0.3668704604623516,0.3634811398432239,0.4398309245899889,0.0,0.0,0.0,0.4393779037432256,0.4132283705689799,0.4510215238831314,0.4669605824550979,0.0,0.0,0.0,0.4188017755138704,0.4602355417372435,0.0,0.0,0.0,0.4715774438090041,0.0,0.0,0.0,0.0,0.0,0.0,0.0,0.0,0.463057141865321,0.4480006523643205,0.0,0.4143549599187484,0.0,0.4275099305784791,0.4429166161267616,0.4428262839940639,0.0,0.0,0.4296530014268796,0.461020015397115,0.4514642152719986,0.0,0.4508800410966596,0.0,0.4197296528864213
0.0,0.0,0.0,0.4276654060941778,0.3429464895102898,0.3383439174459967,0.3821355492784711,0.3936742477862373,0.2609827434670203,0.0,0.2836427296927634,0.0,0.3925701139616817,0.3877950150928443,0.0,0.0,0.0,0.0,0.2459451070520014,0.0,0.0,0.0,0.2768708639064181,0.0,0.0,0.0,0.2942496011603351,0.4016428589168819,0.0,0.0,0.4283312991108851,0.3975254595954848,0.0,0.4310714098665854,0.4358568928928617,0.3869777925128242,0.4231092413201095,0.0,0.4609135800748563,0.0,0.6382169678363045,0.0,0.3973319871059392,0.0,0.0,0.0,0.0,0.2315035131753349,0.0,0.4546044604216147,0.4440686202292602,0.4972067685371636,0.4503778240095105,0.3632156215506475,0.0,0.3255790959785619,0.0,0.0,0.4186890751298676,0.0,0.0,0.0,0.0,0.1278532245250062,0.0,0.0,0.0,0.4239461781446934,0.0,0.0,0.0,0.4456354437513991,0.0,0.0,0.0,0.0
0.0,0.0,0.4276654060941778,0.0,0.2315193701524483,0.3824477296443682,0.2372008524001613,0.3561260832163527,0.3741812994072111,0.0,0.3496990579124474,0.3503593320494714,0.2916315071553145,0.2684801606319117,0.0,0.0,0.0,0.0,0.3846904779016899,0.4218324691013602,0.0,0.0,0.3944820813268058,0.0,0.0,0.0,0.4025068857046484,0.2315433049177507,0.0,0.0,0.0,0.2737254484117856,0.0,0.2612201137571027,0.3115172212209321,0.1879869163229875,0.1678340643740012,0.0,0.0,0.0,0.0,0.0,0.0,0.0,0.0,0.0,0.0,0.0,0.0,0.0,0.0,0.0,0.0,0.0,0.0,0.0,0.0,0.0,0.0,0.0,0.0,0.0,0.0,0.0,0.0,0.0,0.0,0.0,0.0,0.0,0.0,0.0,0.0,0.0,0.0,0.0
0.0,0.4163941948426408,0.3429464895102898,0.2315193701524483,0.0,0.3424965476943751,0.3020636830292501,0.3345522570701781,0.3237554944305166,0.4082375028620172,0.3101006074197039,0.4112962944872433,0.3443748555274822,0.2296165991212415,0.0,0.4429993003725099,0.0,0.0,0.3344171407676404,0.3570122734803561,0.0,0.4080876215460778,0.337272460786742,0.0,0.4277774428020262,0.4432962859201005,0.3429134833565674,0.3580990803587257,0.3475131560646011,0.0,0.4295881903320724,0.3709924413808639,0.4430164004827705,0.4124836201237701,0.4067849429108534,0.2267432499489401,0.3084759907062242,0.428959111154479,0.4086288551105298,0.0,0.0,0.0,0.3324244334589849,0.0,0.0,0.0,0.0,0.4494281034466877,0.0,0.0,0.0,0.0,0.0,0.0,0.0,0.4057630603693754,0.0,0.0,0.0,0.0,0.0,0.0,0.0,0.0,0.0,0.0,0.0,0.4596199749054033,0.0,0.0,0.0,0.471549725676558,0.0,0.0,0.0,0.0
0.3984618105778865,0.3629680437070097,0.3383439174459967,0.3824477296443682,0.3424965476943751,0.0,0.3483840335084479,0.3790961003653303,0.2889619100925999,0.4177204802321951,0.3428235537944472,0.4448899492895239,0.3191120044929988,0.3807013737936194,0.3393986846867663,0.3946435338727891,0.0,0.3856292002683708,0.3531341488889458,0.3208264188011891,0.3743135932559948,0.3731124233962515,0.3177897180056585,0.0,0.3639736054472993,0.3950932156962972,0.268329499421377,0.3057797534459587,0.2602102152247201,0.3484648383331639,0.3934095202609357,0.4035901326442909,0.3717284330081176,0.4051829182616941,0.4340920215645845,0.4145396729394007,0.4171414530781664,0.0,0.4480614316824547,0.0,0.4684230119939556,0.5494025495906949,0.390368718473069,0.0,0.0,0.0,0.0,0.4309078298946081,0.0,0.5177415500256599,0.4525555183769808,0.4738023796854498,0.4210407024130984,0.4179976315250174,0.0,0.4494203661794453,0.0,0.4753495178768169,0.0,0.0,0.0,0.0,0.0,0.4078904151558851,0.4726973549156129,0.0,0.0,0.4565215721440672,0.0,0.0,0.0,0.4466302142451908,0.4729091005752512,0.4439294959966625,0.5076404763877127,0.477890995171031
0.0,0.4051746562926412,0.3821355492784711,0.2372008524001613,0.3020636830292501,0.3483840335084479,0.0,0.4049679371184898,0.3392112612149409,0.3837450512768312,0.3836910637787106,0.381435855538243,0.302584590187109,0.2596615760515222,0.0,0.4260828676988992,0.0,0.0,0.3851408707791838,0.3958831590901236,0.0,0.4222741696255006,0.3792898686931398,0.3807155938757502,0.3864130133757513,0.3985358217588637,0.3633730440360884,0.3233873156345964,0.3594962292295199,0.0,0.4019584478906965,0.3517204809937933,0.3900754890552263,0.369327346587778,0.3835310971322699,0.2367146640591956,0.2557001334222475,0.3830252302165984,0.4442514492628442,0.0,0.6057381604932383,0.0,0.459159068083853,0.0,0.0,0.0,0.0,0.0,0.0,0.0,0.4976272854259051,0.0,0.0,0.0,0.0,0.0,0.0,0.0,0.0,0.0,0.0,0.0,0.0,0.0,0.0,0.0,0.0,0.4681558583686016,0.0,0.0,0.0,0.4778733735336994,0.0,0.0,0.0,0.0
0.4903690408140018,0.3987186204757462,0.3936742477862373,0.3561260832163527,0.3345522570701781,0.3790961003653303,0.4049679371184898,0.0,0.3964440914002477,0.4459215589162201,0.3187339395075143,0.0,0.4295770845514013,0.335478243958222,0.3227807993190015,0.4401272518021575,0.0,0.4278439601880493,0.3603028646589026,0.3653462569891962,0.378385617549313,0.429093415279107,0.3311787082676734,0.4879834991123847,0.4146242265412735,0.438187695200339,0.3729849868491142,0.4302456757562884,0.3719113333535339,0.4218715733569466,0.4598532887340839,0.3922561128626269,0.4101910629028427,0.5123697772610071,0.4910147005711393,0.2159536618773415,0.4495223595817995,0.0,0.4560050019190924,0.0,0.4763230236431834,0.0,0.360097862407476,0.0,0.0,0.0,0.0,0.3666119083780121,0.0,0.4548315300912394,0.4272601411629015,0.4563111896104409,0.3318180884273951,0.387027708809688,0.0,0.3842595827570494,0.0,0.4510357344819459,0.3946281055155676,0.3879073621614968,0.0,0.0,0.0,0.3603482527720494,0.4234033700935996,0.0,0.0,0.4268810784558419,0.0,0.0,0.0,0.4099999975354099,0.450033248068551,0.4135748971447148,0.0,0.4753815371390281
0.0,0.3879089696468749,0.2609827434670203,0.3741812994072111,0.3237554944305166,0.2889619100925999,0.3392112612149409,0.3964440914002477,0.0,0.426201028310917,0.2894201093365587,0.4392278332676889,0.3305453521879648,0.3761797341396553,0.0,0.4328353217751862,0.0,0.0,0.2414088042813412,0.3390664680666234,0.0,0.3984952032960636,0.343908714697611,0.4895653546303364,0.4151735723136151,0.4494774789984466,0.3166727819284973,0.400731619365633,0.3257586995402523,0.3791544303915856,0.4214741173837643,0.3868850312471723,0.4325732702020775,0.414043206743077,0.4115055412364806,0.3810156309951112,0.3940257757596375,0.4312031024817871,0.4438913002124058,0.0,0.0,0.0,0.0,0.0,0.0,0.0,0.0,0.4251520949627739,0.0,0.0,0.4508658612426455,0.5080923440303409,0.4135169180591883,0.4602933775472443,0.0,0.4214161798188545,0.0,0.0,0.4278655349859109,0.0,0.0,0.0,0.0,0.4245968321450178,0.0,0.0,0.0,0.4424867609458005,0.0,0.0,0.0,0.4241597108968596,0.0,0.0,0.0,0.0
0.349059181597584,0.0,0.0,0.0,0.4082375028620172,0.4177204802321951,0.3837450512768312,0.4459215589162201,0.426201028310917,0.0,0.4170185481382488,0.2603980685428138,0.3896787037403005,0.0,0.0,0.3396582024390073,0.2744141018108262,0.3123639921565056,0.438782108693049,0.0,0.0,0.0,0.4151784815343158,0.2927494122889343,0.3059477205790667,0.3057406534612302,0.0,0.3701542110082965,0.0,0.0,0.3008917337038311,0.3037537379416581,0.2885314401282409,0.3040639081767817,0.2985683419671289,0.3818579846513286,0.0,0.2511024090890999,0.3254775987785717,0.2882750925497742,0.2556845563903858,0.0,0.0,0.0,0.2615041410015972,0.3942707221905127,0.0,0.0,0.0,0.0,0.0,0.0,0.0,0.0,0.3708119705092694,0.0,0.3568967147870217,0.3792192671415187,0.0,0.0,0.0,0.393915548395549,0.3890292386849443,0.0,0.0,0.0,0.0,0.0,0.3642484657038259,0.4010703336030429,0.4050441224161645,0.0,0.3385826254963621,0.0,0.0,0.3119347298903189
0.0,0.0,0.2836427296927634,0.3496990579124474,0.3101006074197039,0.3428235537944472,0.3836910637787106,0.3187339395075143,0.2894201093365587,0.4170185481382488,0.0,0.4267729899004202,0.4021497383871328,0.2968165618526939,0.0,0.0,0.0,0.0,0.2290154268169587,0.0,0.0,0.0,0.3071561289698551,0.4530758232892297,0.0,0.7351462911479515,0.3338831405438298,0.4033681160960873,0.0,0.0,0.438986039678756,0.4022711271013807,0.4338276401344473,0.4132148636689832,0.4074506633118143,0.3026202018138789,0.3844981552619196,0.4226448421247009,0.3802081766695576,0.0,0.0,0.0,0.3430726389771655,0.0,0.0,0.0,0.0,0.2472358533998245,0.0,0.3935814228965217,0.0,0.4202671310742349,0.3786866038673467,0.3666870615892417,0.0,0.2696667094972321,0.0,0.0,0.3673992147006314,0.0,0.0,0.0,0.0,0.1642757654365494,0.0,0.0,0.0,0.0,0.0,0.0,0.0,0.4399184372666389,0.0,0.0,0.0,0.0
0.3153125551692394,0.0,0.0,0.3503593320494714,0.4112962944872433,0.4448899492895239,0.381435855538243,0.0,0.4392278332676889,0.2603980685428138,0.4267729899004202,0.0,0.3770325741894296,0.0,0.0,0.0,0.3282486642486387,0.3272493439313723,0.0,0.0,0.4199556779898995,0.0,0.0,0.2644335396056528,0.3129700960004257,0.2911290450134502,0.0,0.3515675505493295,0.0,0.0,0.300850199988758,0.2645328594090408,0.239875474382874,0.251754855201889,0.3235651122635423,0.3490006721663358,0.3286594054119969,0.2278638675938269,0.2556040242618382,0.3002898052923426,0.2988958365990989,0.2919219623207024,0.0,0.0,0.2737931363229767,0.0,0.0,0.0,0.0,0.0,0.0,0.0,0.0,0.0,0.3721449800777887,0.0,0.3455808274846204,0.3702062565722193,0.0,0.0,0.0,0.4078871314053219,0.3947006808345525,0.0,0.0,0.0,0.0,0.0,0.3661281945537314,0.4081759749433797,0.404073906750419,0.0,0.3587582523871019,0.0,0.0,0.3476329302153749
0.0,0.4134172768287655,0.3925701139616817,0.2916315071553145,0.3443748555274822,0.3191120044929988,0.302584590187109,0.4295770845514013,0.3305453521879648,0.3896787037403005,0.4021497383871328,0.3770325741894296,0.0,0.3437900278310941,0.3839032053348369,0.434475691874403,0.4011074692747786,0.4030859380879294,0.3959724208088879,0.3923616997799521,0.419981262131975,0.4247572007958713,0.3956251242007859,0.386200576005562,0.3852015343482002,0.3898513370377653,0.3687408313292945,0.2911662209724465,0.328479102450897,0.3262095504370685,0.380734066135012,0.3613695613999723,0.3948469841945931,0.3888966464155917,0.4115937836770184,0.3069915700479285,0.3183809111906159,0.3791418118319981,0.4403286791183727,0.4847880225846,0.473601257860586,0.0,0.417590846666771,0.0,0.0,0.0,0.0,0.5722718107472984,0.0,0.0,0.4862574042971679,0.0,0.4670042403377661,0.0,0.0,0.0,0.4064432468502012,0.0,0.0,0.0,0.0,0.0,0.0,0.0,0.0,0.0,0.0,0.4787571261971433,0.0,0.0,0.0,0.4765887729794951,0.0,0.0,0.0,0.0
0.0,0.0,0.3877950150928443,0.2684801606319117,0.2296165991212415,0.3807013737936194,0.2596615760515222,0.335478243958222,0.3761797341396553,0.0,0.2968165618526939,0.0,0.3437900278310941,0.0,0.0,0.0,0.0,0.0,0.3384587510463203,0.0,0.4265238260571641,0.0,0.3445046834569293,0.0,0.0,0.0,0.3839708397943624,0.2689617989282496,0.0,0.0,0.3849177698593684,0.2021780500339165,0.0,0.3821630487326513,0.0,0.2071652594486577,0.1785493100949022,0.0,0.3207592375837863,0.0,0.0,0.0,0.3361156631429325,0.0,0.0,0.0,0.0,0.0,0.0,0.0,0.0,0.0,0.0,0.0,0.0,0.396880251470612,0.0,0.0,0.0,0.0,0.0,0.0,0.0,0.0,0.0,0.0,0.0,0.4050692508874223,0.0,0.0,0.0,0.0,0.0,0.0,0.0,0.0
0.3488007470170603,0.3904762905422821,0.0,0.0,0.0,0.3393986846867663,0.0,0.3227807993190015,0.0,0.0,0.0,0.0,0.3839032053348369,0.0,0.0,0.4307508847870858,0.0,0.3965888797716024,0.0,0.2927025484840109,0.3544985374333071,0.3226407614874982,0.2763270708728804,0.383641021048352,0.3834264294129974,0.3561233059595103,0.2930734242879965,0.3949216503499793,0.3801047052685395,0.0,0.4223216953360115,0.4398024959799477,0.3858697986030509,0.4256879458690789,0.4703195024301286,0.5120932895531295,0.0,0.0,0.4587047194806277,0.4620568456117781,0.4549128397762204,0.4922093009384155,0.5678348506997538,0.0,0.0,0.0,0.445630922132413,0.0,0.0,0.0,0.4151127756560508,0.0,0.3857293599769232,0.0,0.0,0.0,0.0,0.0,0.0,0.3637391702586227,0.4663251031493773,0.0,0.0,0.0,0.4035705359436585,0.4299740421076031,0.4103273138213241,0.4313093882479115,0.0,0.0,0.4659069856366616,0.4365545849994702,0.4997802814755377,0.4462930896848185,0.0,0.4587919982030333
0.3923695057029915,0.3562533476005692,0.0,0.0,0.4429993003725099,0.3946435338727891,0.4260828676988992,0.4401272518021575,0.4328353217751862,0.3396582024390073,0.0,0.0,0.434475691874403,0.0,0.4307508847870858,0.0,0.3339132863583191,0.3251329531890133,0.0,0.3871752582203126,0.3969313530140962,0.355993951036249,0.3800879949950108,0.3498131772993488,0.3580247059099786,0.3895069785263255,0.3758202459841089,0.41693078646471,0.3972724600929085,0.0,0.3410091652500991,0.4244463001514202,0.3473067231863111,0.3621798528973643,0.4085237881527616,0.0,0.0,0.0,0.4594791092656032,0.4115272503051889,0.4259269097199188,0.4547565141865654,0.0,0.0,0.0,0.4342438396516493,0.4437701430743117,0.0,0.0,0.0,0.0,0.0,0.0,0.0,0.0,0.0,0.0,0.0,0.0,0.4596539462496589,0.4455762813362759,0.0,0.4096951628329858,0.0,0.476538922411666,0.4495258766354585,0.4334480330493038,0.0,0.0,0.4348883781009531,0.446623854208817,0.0,0.0,0.4947220003090762,0.0,0.4253316584841397
0.3155779758661454,0.0,0.0,0.0,0.0,0.0,0.0,0.0,0.0,0.2744141018108262,0.0,0.3282486642486387,0.4011074692747786,0.0,0.0,0.3339132863583191,0.0,0.2882378752489198,0.0,0.0,0.0,0.3701435524826258,0.0,0.3283962483128685,0.3060889794013052,0.324468950053335,0.0,0.386371774977357,0.0,0.0,0.3206222136740321,0.3895948917632152,0.348841503611494,0.3375937029620884,0.3357218229096002,0.0,0.0,0.0,0.0,0.3780808498608751,0.0,0.0,0.0,0.0,0.0,0.0,0.0,0.0,0.0,0.0,0.0,0.0,0.0,0.0,0.3405726748069735,0.0,0.3553841924676395,0.0,0.0,0.0,0.0,0.3895451104941022,0.3954842328776895,0.0,0.0,0.0,0.0,0.0,0.3191142134832124,0.3963376148490534,0.3981829617267919,0.0,0.0,0.0,0.0,0.0
0.3610546016456312,0.3415257728105814,0.0,0.0,0.0,0.3856292002683708,0.0,0.4278439601880493,0.0,0.3123639921565056,0.0,0.3272493439313723,0.4030859380879294,0.0,0.3965888797716024,0.3251329531890133,0.2882378752489198,0.0,0.0,0.3811142262335181,0.3612167922605276,0.3825923164674321,0.3894360741149043,0.309884341530525,0.3121791461032986,0.3279142911048313,0.3710401970377792,0.3929749874418672,0.393960124926857,0.0,0.3355467232588004,0.390705603552391,0.3421354203405057,0.3460045626615928,0.357872909052038,0.0,0.0,0.0,0.4416819290033256,0.3929382596101474,0.4184808566893032,0.4339572313175716,0.0,0.0,0.0,0.395297871826839,0.4244029809860399,0.0,0.0,0.0,0.0,0.0,0.0,0.0,0.3191359667913775,0.0,0.3504300132126491,0.0,0.0,0.0,0.4208048539645167,0.3593888143152947,0.3959689041323866,0.0,0.0,0.0,0.4003435550935605,0.0,0.3185896373741069,0.3933632912126251,0.4000237509840994,0.0,0.0,0.0,0.0,0.399277368081357
0.0,0.0,0.2459451070520014,0.3846904779016899,0.3344171407676404,0.3531341488889458,0.3851408707791838,0.3603028646589026,0.2414088042813412,0.438782108693049,0.2290154268169587,0.0,0.3959724208088879,0.3384587510463203,0.0,0.0,0.0,0.0,0.0,0.0,0.0,0.0,0.2932219814657297,0.0,0.0,0.0,0.3261486747665058,0.3947886843851498,0.0,0.0,0.4212129769604015,0.3824182482797914,0.0,0.4163169845363007,0.3999528440232711,0.3480299477597387,0.397969568617301,0.4653885679187844,0.4216786374976519,0.0,0.0,0.0,0.3719936970061551,0.0,0.0,0.0,0.0,0.2828642905148806,0.0,0.4630660171104728,0.4549337519244503,0.0,0.403513949754929,0.417979996053771,0.0,0.3366577635377193,0.0,0.0,0.396038477175241,0.0,0.0,0.0,0.0,0.3787617306440706,0.0,0.0,0.0,0.4426911309051757,0.0,0.0,0.0,0.4306956412018958,0.0,0.0,0.0,0.0
0.3922593454476668,0.3778501220765806,0.0,0.4218324691013602,0.3570122734803561,0.3208264188011891,0.3958831590901236,0.3653462569891962,0.3390664680666234,0.0,0.0,0.0,0.3923616997799521,0.0,0.2927025484840109,0.3871752582203126,0.0,0.3811142262335181,0.0,0.0,0.373388481359083,0.3298506709883889,0.1917338282280612,0.0,0.3768359064954418,0.3938536788591437,0.263763225124727,0.359036838497239,0.2882883044831045,0.3396850345897049,0.3319546670489637,0.4330745804703855,0.3711176763863718,0.3798573153429251,0.4476699902667837,0.0,0.0,0.0,0.4530861719310703,0.437457040453671,0.4531469344296183,0.4697609687066278,0.0,0.0,0.0,0.0,0.4508811197504248,0.0,0.0,0.0,0.498196377292087,0.0,0.0,0.0,0.0,0.0,0.0,0.0,0.0,0.4351857771477155,0.5161811507658935,0.0,0.0,0.0,0.446750478057745,0.4143992613254695,0.43858549439722,0.4430111266456469,0.0,0.0,0.4475038366672177,0.4546431435015441,0.0,0.4490603051555529,0.0,0.447499024580927
0.4170557299564018,0.3748334537599257,0.0,0.0,0.0,0.3743135932559948,0.0,0.378385617549313,0.0,0.0,0.0,0.4199556779898995,0.419981262131975,0.4265238260571641,0.3544985374333071,0.3969313530140962,0.0,0.3612167922605276,0.0,0.373388481359083,0.0,0.4198371893626254,0.3377517214961347,0.4437221152494028,0.3511277570577075,0.361960786698789,0.3312230379247782,0.4179445831691095,0.4138595877454946,0.0,0.4089533066313227,0.4539475654828405,0.3970806076826084,0.4206105413463762,0.4761353460563827,0.0,0.0,0.0,0.4585157603035168,0.4151910388503349,0.4450521154626953,0.4894184349610918,0.0,0.0,0.0,0.329108565803597,0.4360631876351412,0.0,0.0,0.0,0.4094552473634357,0.0,0.3108912165584495,0.0,0.0,0.0,0.0,0.0,0.0,0.4192201889408826,0.4285988288779455,0.0,0.0,0.0,0.4220530741923731,0.2807708110884407,0.4403808069883632,0.4006105037038347,0.0,0.0,0.4504181970240289,0.4249482165766303,0.4470759111585368,0.4352100323528464,0.0,0.4467487554445707
0.4051476907164126,0.3723418974014543,0.0,0.0,0.4080876215460778,0.3731124233962515,0.4222741696255006,0.429093415279107,0.3984952032960636,0.0,0.0,0.0,0.4247572007958713,0.0,0.3226407614874982,0.355993951036249,0.3701435524826258,0.3825923164674321,0.0,0.3298506709883889,0.4198371893626254,0.0,0.3450127845859436,0.0,0.3692209430217599,0.3991034862336211,0.3518718701019012,0.4012479318681119,0.3423535990844659,0.3665377195533029,0.3545192112287282,0.4551147438222844,0.4300472091481575,0.4115979741164589,0.4700036321344925,0.527065278651028,0.0,0.0,0.4590330435944151,0.4522842113336212,0.4551242370256086,0.4836655729887625,0.0,0.0,0.0,0.4415826607592629,0.46466446406599,0.0,0.0,0.0,0.4412062442688053,0.0,0.0,0.0,0.0,0.0,0.0,0.0,0.0,0.4636009717510412,0.4440756762973192,0.0,0.0,0.0,0.4481060313106782,0.4553729375676992,0.4586882610959495,0.4370806914094939,0.0,0.4249614091616301,0.4763176571774805,0.4376099269542807,0.0,0.446841925170708,0.0,0.4401418819875889
0.4514967066378067,0.3620616018226343,0.2768708639064181,0.3944820813268058,0.337272460786742,0.3177897180056585,0.3792898686931398,0.3311787082676734,0.343908714697611,0.4151784815343158,0.3071561289698551,0.0,0.3956251242007859,0.3445046834569293,0.2763270708728804,0.3800879949950108,0.0,0.3894360741149043,0.2932219814657297,0.1917338282280612,0.3377517214961347,0.3450127845859436,0.0,0.4548560345947202,0.3707285672187594,0.3842880635519966,0.2710523474348655,0.389252764529065,0.3279896170460533,0.3574936187345457,0.3874474023804086,0.3952440880928588,0.3477574129583485,0.4142503622651109,0.4301825117267559,0.4110659088523097,0.4136675495558602,0.0,0.4537911388190841,0.3941613335436167,0.4776031432765759,0.4755619253458884,0.4019314426004903,0.0,0.0,0.0,0.4633892555667161,0.3647895838765346,0.0,0.4784014110563058,0.4591841624709195,0.4647285085742418,0.4259078995779844,0.4227419604792638,0.0,0.4070561257854453,0.0,0.4711878502985002,0.4414665831018912,0.4176320652936628,0.0,0.0,0.0,0.2978808657976001,0.4267796759792678,0.4026170746893484,0.421728797932942,0.4577114246908151,0.0,0.0,0.4420598454814409,0.4547243238764015,0.4602702331508466,0.443069821773704,0.4688999436155031,0.4745730742053717
0.359414836554321,0.0,0.0,0.0,0.0,0.0,0.3807155938757502,0.4879834991123847,0.4895653546303364,0.2927494122889343,0.4530758232892297,0.2644335396056528,0.386200576005562,0.0,0.383641021048352,0.3498131772993488,0.3283962483128685,0.309884341530525,0.0,0.0,0.4437221152494028,0.0,0.4548560345947202,0.0,0.3169635838959327,0.3127517475110914,0.4823264403851705,0.3642464049649181,0.0,0.0,0.3198217020947571,0.2744559144557025,0.2292127876707262,0.2647496627832078,0.3228947927189554,0.372287431990803,0.3818600830082007,0.2291624601197916,0.2354373468064433,0.2843317108535533,0.2841789147036451,0.0,0.0,0.0,0.2156471327151228,0.353338356936316,0.0,0.0,0.0,0.0,0.0,0.0,0.0,0.0,0.3320736507575993,0.0,0.3037982307279858,0.0,0.0,0.0,0.0,0.3992342002070316,0.3911304049705247,0.0,0.0,0.0,0.0,0.0,0.3113846577163649,0.4014915448015064,0.397598192372877,0.0,0.2644047308857212,0.0,0.0,0.3340200341809166
0.3576052063830129,0.3263640803181213,0.0,0.0,0.4277774428020262,0.3639736054472993,0.3864130133757513,0.4146242265412735,0.4151735723136151,0.3059477205790667,0.0,0.3129700960004257,0.3852015343482002,0.0,0.3834264294129974,0.3580247059099786,0.3060889794013052,0.3121791461032986,0.0,0.3768359064954418,0.3511277570577075,0.3692209430217599,0.3707285672187594,0.3169635838959327,0.0,0.3243419857594658,0.3555305539765061,0.3815124669993144,0.385603489441525,0.0,0.3404700629700341,0.3806059385566535,0.3091773742685598,0.3321681574516821,0.3612278147851633,0.0,0.0,0.3063562585573471,0.4292277177150941,0.383983761481396,0.4116032047538913,0.4474075989110033,0.0,0.0,0.0,0.3968787557799184,0.4286238688036868,0.0,0.0,0.0,0.0,0.0,0.0,0.0,0.3564778428205729,0.0,0.3602734199486106,0.0,0.0,0.0,0.4270325100359017,0.3667644130772591,0.3952086571361462,0.0,0.4413507992153424,0.0,0.4014178038275156,0.0,0.3105002105408999,0.3970075725466696,0.4019450129270646,0.0,0.0,0.4497211027259218,0.0,0.4049750502487029
0.3401343005249495,0.3715501211942109,0.0,0.0,0.4432962859201005,0.3950932156962972,0.3985358217588637,0.438187695200339,0.4494774789984466,0.3057406534612302,0.7351462911479515,0.2911290450134502,0.3898513370377653,0.0,0.3561233059595103,0.3895069785263255,0.324468950053335,0.3279142911048313,0.0,0.3938536788591437,0.361960786698789,0.3991034862336211,0.3842880635519966,0.3127517475110914,0.3243419857594658,0.0,0.3694130317632638,0.3843136656407213,0.3963609701860343,0.0,0.3616358846167993,0.4197111994377288,0.3527226408399883,0.368627597493612,0.4301255987786667,0.4891384291289409,0.0,0.2974789009708393,0.4362667979847972,0.4041176307891113,0.4168329685718722,0.4669754725761724,0.0,0.0,0.3326900504681893,0.4147492665786564,0.4740587691557089,0.0,0.0,0.0,0.471487474575907,0.0,0.0,0.0,0.3868176838867193,0.0,0.3870609580078146,0.5133394043016486,0.0,0.4643003782472923,0.455864314614988,0.3969359779934718,0.4032256043131959,0.0,0.4378474286513561,0.4582375103870596,0.4597166855847902,0.0,0.3604234162621512,0.4069195971185151,0.4285284490895958,0.4531254260761925,0.4433684482158238,0.4525920634189302,0.0,0.4153654097835313
0.3655021362468069,0.3489133535614104,0.2942496011603351,0.4025068857046484,0.3429134833565674,0.268329499421377,0.3633730440360884,0.3729849868491142,0.3166727819284973,0.0,0.3338831405438298,0.0,0.3687408313292945,0.3839708397943624,0.2930734242879965,0.3758202459841089,0.0,0.3710401970377792,0.3261486747665058,0.263763225124727,0.3312230379247782,0.3518718701019012,0.2710523474348655,0.4823264403851705,0.3555305539765061,0.3694130317632638,0.0,0.3713238496327499,0.259236325070488,0.3272699821241895,0.3653524901932472,0.3884485610023935,0.3240486093197418,0.3874102729510674,0.4040710230888265,0.4207721343186367,0.4055458017301443,0.0,0.4399021011860712,0.4378588080194164,0.4661548372335811,0.4755416784081204,0.3938571065093306,0.0,0.0,0.0,0.480275329606634,0.4290400923664844,0.0,0.4585327034696004,0.4472307682748647,0.4668481288131001,0.422415164447761,0.4241168703710204,0.0,0.4259356508000816,0.0,0.4603771924284915,0.0,0.4069109140803402,0.0,0.0,0.0,0.0,0.4222257160992071,0.3886803741443862,0.4181601115127881,0.4527342152537359,0.0,0.0,0.4447453193523003,0.4496332019615473,0.4651816265011925,0.443533513823569,0.0,0.4760870961069308
0.4402647881491548,0.4265943157192597,0.4016428589168819,0.2315433049177507,0.3580990803587257,0.3057797534459587,0.3233873156345964,0.4302456757562884,0.400731619365633,0.3701542110082965,0.4033681160960873,0.3515675505493295,0.2911662209724465,0.2689617989282496,0.3949216503499793,0.41693078646471,0.386371774977357,0.3929749874418672,0.3947886843851498,0.359036838497239,0.4179445831691095,0.4012479318681119,0.389252764529065,0.3642464049649181,0.3815124669993144,0.3843136656407213,0.3713238496327499,0.0,0.2889432796480023,0.2920334367600826,0.3493313570078961,0.3505813877927949,0.3500148195511434,0.3510264881520333,0.3506532317649917,0.2657999027150737,0.2582527027334637,0.3608672347492607,0.4338911367444784,0.3888436878335469,0.4413732563306672,0.4302583645906427,0.3945193534917769,0.0,0.3226063834440952,0.0,0.0,0.0,0.0,0.0,0.4742796571764764,0.0,0.4483168991037038,0.0,0.3908459402164944,0.0,0.4027898373513172,0.0,0.0,0.0,0.0,0.0,0.0,0.0,0.4625451696970162,0.0,0.0,0.4795957342036837,0.0,0.0,0.0,0.4762027000463411,0.4952628622794484,0.4712211925707858,0.0,0.5156008042744995
0.4593153847164915,0.3843361646357,0.0,0.0,0.3475131560646011,0.2602102152247201,0.3594962292295199,0.3719113333535339,0.3257586995402523,0.0,0.0,0.0,0.328479102450897,0.0,0.3801047052685395,0.3972724600929085,0.0,0.393960124926857,0.0,0.2882883044831045,0.4138595877454946,0.3423535990844659,0.3279896170460533,0.0,0.385603489441525,0.3963609701860343,0.259236325070488,0.2889432796480023,0.0,0.3071312957191804,0.343775039479204,0.4228358205283011,0.341647511637133,0.3802628845498247,0.4318127639436798,0.4934496323816242,0.0,0.0,0.4780097420295837,0.0,0.4867272216062034,0.5197673927340003,0.5682085140058932,0.0,0.0,0.0,0.4725985284020728,0.0,0.0,0.0,0.4601322666466501,0.0,0.449051484898378,0.0,0.0,0.0,0.0,0.4968622489436774,0.0,0.4580457120351161,0.0,0.0,0.0,0.0,0.4583282755576001,0.4467833559959555,0.4444358104198546,0.4640949916835162,0.0,0.0,0.4655633663111378,0.471185534245439,0.474934951076673,0.4687920041416834,0.5116966011095125,0.4837219029916138
0.0,0.0,0.0,0.0,0.0,0.3484648383331639,0.0,0.4218715733569466,0.3791544303915856,0.0,0.0,0.0,0.3262095504370685,0.0,0.0,0.0,0.0,0.0,0.0,0.3396850345897049,0.0,0.3665377195533029,0.3574936187345457,0.0,0.0,0.0,0.3272699821241895,0.2920334367600826,0.3071312957191804,0.0,0.2983025568341186,0.3837078258595837,0.0,0.3500908825495831,0.4074551364851521,0.0,0.0,0.0,0.0,0.0,0.0,0.0,0.0,0.0,0.0,0.0,0.0,0.0,0.0,0.0,0.0,0.0,0.0,0.0,0.0,0.0,0.0,0.0,0.0,0.0,0.0,0.0,0.0,0.0,0.0,0.0,0.0,0.48028769586563,0.0,0.0,0.0,0.4813471789307385,0.0,0.5158513590076255,0.0,0.0
0.3829971880294697,0.3591396023472608,0.4283312991108851,0.0,0.4295881903320724,0.3934095202609357,0.4019584478906965,0.4598532887340839,0.4214741173837643,0.3008917337038311,0.438986039678756,0.300850199988758,0.380734066135012,0.3849177698593684,0.4223216953360115,0.3410091652500991,0.3206222136740321,0.3355467232588004,0.4212129769604015,0.3319546670489637,0.4089533066313227,0.3545192112287282,0.3874474023804086,0.3198217020947571,0.3404700629700341,0.3616358846167993,0.3653524901932472,0.3493313570078961,0.343775039479204,0.2983025568341186,0.0,0.4468195195378395,0.3193546082129847,0.289469269038528,0.3042609606438164,0.4799945959838619,0.4491065599501176,0.2748750042395964,0.4665778590423314,0.4346973790614768,0.4416083808286743,0.0,0.5358385360296574,0.0,0.0,0.0,0.4645731113915627,0.0,0.0,0.0,0.4944115296543441,0.0,0.4804367542327337,0.0,0.3707350986167455,0.0,0.3335974940897081,0.0,0.0,0.5041201213958897,0.4743128093411524,0.4027110537506238,0.4106481154067076,0.0,0.4781356235509246,0.4271759236335104,0.4438640598159225,0.5100012483163368,0.3221554844325688,0.4132104040530262,0.4541611119982507,0.4969325845831905,0.5136368241389463,0.4834145150255519,0.0,0.4631570351601828
0.4300723397190849,0.4251137796147047,0.3975254595954848,0.2737254484117856,0.3709924413808639,0.4035901326442909,0.3517204809937933,0.3922561128626269,0.3868850312471723,0.3037537379416581,0.4022711271013807,0.2645328594090408,0.3613695613999723,0.2021780500339165,0.4398024959799477,0.4244463001514202,0.3895948917632152,0.390705603552391,0.3824182482797914,0.4330745804703855,0.4539475654828405,0.4551147438222844,0.3952440880928588,0.2744559144557025,0.3806059385566535,0.4197111994377288,0.3884485610023935,0.3505813877927949,0.4228358205283011,0.3837078258595837,0.4468195195378395,0.0,0.3171362997484154,0.3342922580726856,0.349058943113303,0.2555113070997163,0.3006958459810767,0.2577046346879539,0.3920325007072054,0.3561791044510508,0.4018262015923052,0.3851141298741864,0.4530166972104339,0.3011359671995189,0.2757845314291171,0.4412540119905604,0.4573782115895345,0.0,0.0,0.0,0.4919565436845185,0.0,0.4935784202519724,0.0,0.3080606440255684,0.0,0.2672132766693712,0.3986419160953692,0.0,0.466305093425893,0.4421014320555032,0.4275318467097879,0.4248151950063067,0.0,0.4728678474076214,0.4902095535303009,0.4641368213052133,0.4969694437855278,0.2480106890493063,0.4354030541288622,0.4651912675509126,0.5051652553780465,0.4352359263278006,0.5130072681833686,0.0,0.4631253472488391
0.3638822065918314,0.3668704604623516,0.0,0.0,0.4430164004827705,0.3717284330081176,0.3900754890552263,0.4101910629028427,0.4325732702020775,0.2885314401282409,0.4338276401344473,0.239875474382874,0.3948469841945931,0.0,0.3858697986030509,0.3473067231863111,0.348841503611494,0.3421354203405057,0.0,0.3711176763863718,0.3970806076826084,0.4300472091481575,0.3477574129583485,0.2292127876707262,0.3091773742685598,0.3527226408399883,0.3240486093197418,0.3500148195511434,0.341647511637133,0.0,0.3193546082129847,0.3171362997484154,0.0,0.225760482948715,0.35631002567697,0.0,0.2908673045912274,0.2231435702622038,0.3806072561838537,0.3645050997362621,0.3999632841922028,0.4025112715216579,0.0,0.0,0.2829289225852949,0.4167885163277996,0.4483973623974882,0.0,0.0,0.0,0.0,0.0,0.0,0.0,0.3324043496919452,0.0,0.3242353259543495,0.0,0.0,0.4472144872068556,0.4391721945822078,0.3644739478796478,0.3974215013347091,0.0,0.4415360385687794,0.450480333095437,0.4541302048981847,0.4183811058365558,0.2899025969665435,0.4017796462835896,0.421931470771365,0.4111877602949561,0.0,0.0,0.0,0.4089536542336598
0.3671156787670978,0.3634811398432239,0.4310714098665854,0.2612201137571027,0.4124836201237701,0.4051829182616941,0.369327346587778,0.5123697772610071,0.414043206743077,0.3040639081767817,0.4132148636689832,0.251754855201889,0.3888966464155917,0.3821630487326513,0.4256879458690789,0.3621798528973643,0.3375937029620884,0.3460045626615928,0.4163169845363007,0.3798573153429251,0.4206105413463762,0.4115979741164589,0.4142503622651109,0.2647496627832078,0.3321681574516821,0.368627597493612,0.3874102729510674,0.3510264881520333,0.3802628845498247,0.3500908825495831,0.289469269038528,0.3342922580726856,0.225760482948715,0.0,0.2828649142510602,0.4128966792690798,0.3032490833632771,0.2356485377902849,0.4390438456245125,0.3901752418014705,0.4243061420499179,0.4556189838790658,0.4557538929083342,0.317325121541149,0.3413953863414905,0.4096755150952471,0.4404349251998654,0.0,0.0,0.0,0.4963051925737952,0.0,0.4889438816035113,0.0,0.3292814086897677,0.0,0.2948819912150066,0.4769869444763148,0.0,0.4648067854173468,0.4371236790398914,0.3962791023355619,0.4086876490086311,0.0,0.49662238634184,0.4412417392377395,0.4546230308608039,0.5168255848395813,0.3119749764854582,0.4194199722419183,0.4427439229468612,0.513553873282029,0.4374923374321833,0.4936114120826708,0.0,0.4264303787763587
0.4268304473213026,0.4398309245899889,0.4358568928928617,0.3115172212209321,0.4067849429108534,0.4340920215645845,0.3835310971322699,0.4910147005711393,0.4115055412364806,0.2985683419671289,0.4074506633118143,0.3235651122635423,0.4115937836770184,0.0,0.4703195024301286,0.4085237881527616,0.3357218229096002,0.357872909052038,0.3999528440232711,0.4476699902667837,0.4761353460563827,0.4700036321344925,0.4301825117267559,0.3228947927189554,0.3612278147851633,0.4301255987786667,0.4040710230888265,0.3506532317649917,0.4318127639436798,0.4074551364851521,0.3042609606438164,0.349058943113303,0.35631002567697,0.2828649142510602,0.0,0.441633410097915,0.3347175398356437,0.286365126712578,0.3571003418934479,0.3784265709150357,0.4010462809937171,0.3827982749581899,0.0,0.0,0.3612814566374401,0.0,0.5026336625774664,0.0,0.0,0.0,0.0,0.0,0.0,0.0,0.0,0.0,0.3108078931688471,0.4965707363323787,0.0,0.4915865788614886,0.4738391177565642,0.0,0.0,0.0,0.4990633407526305,0.0,0.4888089784125068,0.5036619174617338,0.0,0.4372146973041738,0.4835172013391443,0.5102082576257706,0.0,0.5349073991233291,0.0,0.0
0.0,0.0,0.3869777925128242,0.1879869163229875,0.2267432499489401,0.4145396729394007,0.2367146640591956,0.2159536618773415,0.3810156309951112,0.3818579846513286,0.3026202018138789,0.3490006721663358,0.3069915700479285,0.2071652594486577,0.5120932895531295,0.0,0.0,0.0,0.3480299477597387,0.0,0.0,0.527065278651028,0.4110659088523097,0.372287431990803,0.0,0.4891384291289409,0.4207721343186367,0.2657999027150737,0.4934496323816242,0.0,0.4799945959838619,0.2555113070997163,0.0,0.4128966792690798,0.441633410097915,0.0,0.1943747554434641,0.3771342646050346,0.4401100209946046,0.0,0.3590572771976666,0.3394184112936644,0.2721229561823883,0.0,0.0,0.0,0.0,0.0,0.0,0.3807966650232891,0.0,0.0,0.3289710742652011,0.0,0.0,0.3268584909381688,0.0,0.0,0.0,0.0,0.0,0.0,0.0,0.0,0.635403094205656,0.0,0.0,0.4700168463202043,0.0,0.0,0.0,0.5320767506295118,0.0,0.0,0.0,0.0
0.0,0.0,0.4231092413201095,0.1678340643740012,0.3084759907062242,0.4171414530781664,0.2557001334222475,0.4495223595817995,0.3940257757596375,0.0,0.3844981552619196,0.3286594054119969,0.3183809111906159,0.1785493100949022,0.0,0.0,0.0,0.0,0.397969568617301,0.0,0.0,0.0,0.4136675495558602,0.3818600830082007,0.0,0.0,0.4055458017301443,0.2582527027334637,0.0,0.0,0.4491065599501176,0.3006958459810767,0.2908673045912274,0.3032490833632771,0.3347175398356437,0.1943747554434641,0.0,0.3513840122341629,0.2622732553553301,0.0,0.3623681643312781,0.3359215557966423,0.0,0.0,0.0,0.0,0.0,0.0,0.0,0.0,0.0,0.0,0.0,0.0,0.0,0.0,0.0,0.0,0.0,0.0,0.0,0.0,0.0,0.0,0.0,0.0,0.0,0.0,0.0,0.0,0.0,0.0,0.0,0.0,0.0,0.0
0.0,0.0,0.0,0.0,0.428959111154479,0.0,0.3830252302165984,0.0,0.4312031024817871,0.2511024090890999,0.4226448421247009,0.2278638675938269,0.3791418118319981,0.0,0.0,0.0,0.0,0.0,0.4653885679187844,0.0,0.0,0.0,0.0,0.2291624601197916,0.3063562585573471,0.2974789009708393,0.0,0.3608672347492607,0.0,0.0,0.2748750042395964,0.2577046346879539,0.2231435702622038,0.2356485377902849,0.286365126712578,0.3771342646050346,0.3513840122341629,0.0,0.2651930554598503,0.2495314903261264,0.3376896194154533,0.256209730454383,0.0,0.0,0.2204303925763013,0.0,0.0,0.0,0.0,0.0,0.0,0.0,0.0,0.0,0.2821223048181475,0.0,0.2274095063045208,0.0,0.0,0.0,0.0,0.0,0.0,0.0,0.0,0.0,0.0,0.0,0.2567983107542819,0.0,0.4104709629331888,0.0,0.0,0.0,0.0,0.0
0.4190761950357631,0.4393779037432256,0.4609135800748563,0.0,0.4086288551105298,0.4480614316824547,0.4442514492628442,0.4560050019190924,0.4438913002124058,0.3254775987785717,0.3802081766695576,0.2556040242618382,0.4403286791183727,0.3207592375837863,0.4587047194806277,0.4594791092656032,0.0,0.4416819290033256,0.4216786374976519,0.4530861719310703,0.4585157603035168,0.4590330435944151,0.4537911388190841,0.2354373468064433,0.4292277177150941,0.4362667979847972,0.4399021011860712,0.4338911367444784,0.4780097420295837,0.0,0.4665778590423314,0.3920325007072054,0.3806072561838537,0.4390438456245125,0.3571003418934479,0.4401100209946046,0.2622732553553301,0.2651930554598503,0.0,0.2930064200939098,0.3540066567391881,0.3642397100257786,0.2741011062165985,0.3069476987800877,0.25937738719678,0.3864265074854386,0.3780602560875864,0.3261203156236807,0.2889778340105083,0.3343425192912592,0.4271075559350903,0.3616970653420842,0.394461122308487,0.3469814133198863,0.2963617975455145,0.2907298818423309,0.2497641792514899,0.374482314933576,0.2691787163399586,0.4026572684975281,0.3916648145131139,0.3652399606369211,0.3624212367692413,0.3508800746202122,0.4175228020386459,0.420964132533224,0.4132222544447624,0.4140950017741741,0.2980334975754576,0.3610445399103803,0.3954094846068098,0.4076433977788222,0.3502401352451164,0.420258546463618,0.4092641207799504,0.3730041882918151
0.3754910439399843,0.4132283705689799,0.0,0.0,0.0,0.0,0.0,0.0,0.0,0.2882750925497742,0.0,0.3002898052923426,0.4847880225846,0.0,0.4620568456117781,0.4115272503051889,0.3780808498608751,0.3929382596101474,0.0,0.437457040453671,0.4151910388503349,0.4522842113336212,0.3941613335436167,0.2843317108535533,0.383983761481396,0.4041176307891113,0.4378588080194164,0.3888436878335469,0.0,0.0,0.4346973790614768,0.3561791044510508,0.3645050997362621,0.3901752418014705,0.3784265709150357,0.0,0.0,0.2495314903261264,0.2930064200939098,0.0,0.2319521672452627,0.3826024236423134,0.3480938572287919,0.0,0.1839090111450156,0.3258421909679556,0.3189837488416971,0.0,0.0,0.4139348604434423,0.381723866267416,0.3837525024697814,0.4140841126803198,0.4367245589310634,0.271993178927133,0.4282745665347022,0.2474881877020116,0.3770537281932514,0.0,0.3692087260319596,0.341668917479014,0.2896273746970668,0.3079441821506272,0.5288067666705902,0.3648790797542285,0.3593113601545082,0.3753123855824378,0.3863718050978887,0.2389532056132138,0.2884963615052459,0.3265906408084968,0.3693901514595406,0.3500065246466151,0.3921225987843856,0.0,0.3180948052605513
0.3871659142401532,0.4510215238831314,0.6382169678363045,0.0,0.0,0.4684230119939556,0.6057381604932383,0.4763230236431834,0.0,0.2556845563903858,0.0,0.2988958365990989,0.473601257860586,0.0,0.4549128397762204,0.4259269097199188,0.0,0.4184808566893032,0.0,0.4531469344296183,0.4450521154626953,0.4551242370256086,0.4776031432765759,0.2841789147036451,0.4116032047538913,0.4168329685718722,0.4661548372335811,0.4413732563306672,0.4867272216062034,0.0,0.4416083808286743,0.4018262015923052,0.3999632841922028,0.4243061420499179,0.4010462809937171,0.3590572771976666,0.3623681643312781,0.3376896194154533,0.3540066567391881,0.2319521672452627,0.0,0.3420121856348088,0.3754012594884023,0.2817471311923983,0.2440188064697089,0.356375966831177,0.3553203542351353,0.3672686356085714,0.2304521403793836,0.4056337783206444,0.4192157096912961,0.3811154973159072,0.4447643237142915,0.4020218081928483,0.2789114314452006,0.4072852372625514,0.25433877900875,0.3679988026744499,0.2448706520702557,0.3896223177348401,0.3552222531333568,0.3232832316198085,0.3294625338626043,0.4035937052638441,0.3772551872496205,0.397572545712171,0.3840188593341451,0.432805308413005,0.259976634205756,0.3202140017995931,0.3572988804047828,0.4101209390525459,0.3346037406974693,0.3752684493621729,0.3580388550079283,0.2680015643119284
