0.0,0.2752069016981081,0.0,0.0,0.0,0.0,0.0,0.3541787913844917,0.0,0.2938000754493786,0.0,0.268642508051844,0.0,0.0,0.2643610312046333,0.2604189785216687,0.2890686359919455,0.2604351454725828,0.0,0.0,0.2881078847229215,0.2678498735929338,0.3286796728068298,0.2442853314813262,0.2617634799475342,0.2571614234627744,0.3249955637217823,0.0,0.312795197863996,0.0,0.2561144111358465,0.2822002331932212,0.2322778631887483,0.250083040660239,0.2862470509827933,0.0,0.0,0.0,0.3040866699167667,0.2853665515403999,0.2973320676060946,0.0,0.0,0.0,0.0,0.2750279100463,0.330740140720938,0.0,0.0,0.0,0.0,0.0,0.0,0.0,0.3495765349288034,0.0,0.0,0.0,0.0,0.0,0.3099372344913246,0.0,0.3303501686110415,0.0,0.0,0.2851924634900918,0.3162613712223403,0.3136903271490445,0.2767976029917481,0.3191147771360941,0.3177307554950367,0.0,0.0,0.0,0.0,0.3018965041497258
0.2752069016981081,0.0,0.0,0.0,0.2865078175549733,0.2774173571484692,0.3021445820375435,0.3180901435674913,0.283144931486428,0.0,0.0,0.0,0.3131920344575539,0.0,0.2888470420780889,0.2756805818571024,0.0,0.2767891887603716,0.0,0.3012330192279932,0.2778655120152777,0.2780671254890255,0.2945554648970073,0.0,0.2564738743468253,0.270119863901495,0.2947170199430809,0.3036957808012504,0.2954103919484616,0.0,0.2575259010354752,0.2837025028650005,0.2515156004096623,0.2698513011617247,0.2997789680584319,0.0,0.0,0.0,0.3203971413303993,0.2987572954954889,0.3202457989075541,0.3306813765575917,0.0,0.0,0.0,0.3175530632042636,0.3432015843609909,0.0,0.0,0.0,0.344896735220961,0.0,0.0,0.0,0.0,0.0,0.0,0.0,0.0,0.3338541152247758,0.3160461350351896,0.0,0.3179889424385615,0.0,0.3166741305170429,0.331314598784863,0.3287309620308029,0.3388576167644095,0.0,0.3169450885358309,0.333600247276205,0.3271459784976906,0.0,0.3301137358176882,0.0,0.3005695761104746
0.0,0.0,0.0,0.0,0.2835894093515622,0.2486286127483527,0.3128775778776826,0.3379304813738115,0.211520971578126,0.0,0.2208097776970109,0.0,0.3211348618106234,0.3077293148614673,0.0,0.0,0.0,0.0,0.197891894973211,0.0,0.0,0.0,0.2184129528123439,0.0,0.0,0.0,0.2288829527817442,0.3228825943983418,0.3303001640718481,0.3445738207490074,0.3326926147235932,0.3066673783876664,0.0,0.3336704860484458,0.3284776781950622,0.3033737182637194,0.3261327101112097,0.0,0.365804886564563,0.0,0.0,0.0,0.3590681520001942,0.0,0.0,0.0,0.0,0.2099841198226867,0.0,0.4343638977087911,0.3956581103431194,0.4105138237894615,0.3944018304408244,0.3902256902479536,0.0,0.2418406236124049,0.0,0.4075296308974467,0.0,0.0,0.0,0.0,0.0,0.1841210080454124,0.0,0.0,0.0,0.4048441357716766,0.0,0.0,0.0,0.3871258578864708,0.0,0.0,0.0,0.0
0.0,0.0,0.0,0.0,0.2019770343312164,0.2802345907629479,0.2005131550758639,0.2575128618888163,0.3057296023898695,0.0,0.2612838060993493,0.1988570045744925,0.211746702829406,0.1969204310024963,0.0,0.0,0.0,0.0,0.0,0.0,0.0,0.2885467025061825,0.2724902660019484,0.0,0.0,0.0,0.2921789303338081,0.2165862522667122,0.0,0.0,0.0,0.1932668011830089,0.0,0.1949366866812096,0.2512943056674722,0.1515727111056436,0.1457851403888773,0.0,0.0,0.0,0.0,0.0,0.0,0.0,0.0,0.0,0.0,0.0,0.0,0.0,0.0,0.0,0.0,0.0,0.0,0.0,0.0,0.0,0.0,0.0,0.0,0.0,0.0,0.0,0.0,0.0,0.0,0.0,0.0,0.0,0.0,0.0,0.0,0.0,0.0,0.0
0.0,0.2865078175549733,0.2835894093515622,0.2019770343312164,0.0,0.273377589160511,0.2286926314882298,0.3036471739336783,0.2540274683334956,0.3036492103846283,0.2470419765642331,0.3062783360705777,0.2739915726146106,0.2318103021424948,0.0,0.3013953405459136,0.0,0.0,0.2878468263399543,0.2777397888816272,0.0,0.2892955041605248,0.2914352596190571,0.0,0.2843175730126328,0.2891010736248263,0.2824966833361095,0.300916235115911,0.2748194910008792,0.0,0.3329415033708287,0.2570995641082093,0.3184086617409431,0.3180208925999011,0.3244285451219045,0.1845521527577981,0.1785495922803735,0.309270396130318,0.333263079386689,0.0,0.0,0.0,0.290335164862408,0.0,0.0,0.0,0.0,0.3721724609375177,0.0,0.0,0.3881980003254782,0.0,0.3742274260029361,0.3939762912909472,0.0,0.0,0.0,0.0,0.0,0.0,0.0,0.0,0.0,0.3841525590303626,0.0,0.0,0.0,0.3648064123816208,0.0,0.0,0.0,0.3963462203384812,0.0,0.0,0.0,0.0
0.0,0.2774173571484692,0.2486286127483527,0.2802345907629479,0.273377589160511,0.0,0.2938958181862612,0.2976303339045413,0.2451403062228461,0.3081669977202222,0.2890066555450581,0.3262801014750903,0.2736796038717392,0.3076613878073577,0.2956001403579057,0.297211409250241,0.0,0.2829475598665402,0.2970481800001494,0.2935634652397079,0.2828265991688371,0.2941832089617204,0.258427172353401,0.0,0.2680054214788608,0.2865964893431637,0.2487851629662027,0.2741281792104178,0.2638597488245526,0.2886305959896934,0.2955869537108945,0.2790278383976826,0.2701422827252034,0.2944713502901461,0.2955662575063459,0.3049900740325587,0.2984366675390858,0.0,0.352896635958493,0.0,0.3613734542921183,0.0,0.3407140453397146,0.0,0.0,0.0,0.0,0.3785640230807823,0.0,0.0,0.3546799477057959,0.3730965479780377,0.3461978817648146,0.38441880013177,0.0,0.3568916311967992,0.0,0.3622240145653999,0.0,0.340919574013971,0.0,0.0,0.0,0.3912033207847745,0.3398912241556202,0.0,0.3469758357640407,0.3584310022228671,0.0,0.0,0.3501892822626872,0.3479775627092532,0.3529870004107509,0.3292628634609126,0.0,0.3632955089677632
0.0,0.3021445820375435,0.3128775778776826,0.2005131550758639,0.2286926314882298,0.2938958181862612,0.0,0.3387980898392816,0.2941406630421027,0.2870012142583606,0.327643556312145,0.2839990842328063,0.2334143167560982,0.2504695025187508,0.0,0.3167136167515845,0.3154794345031307,0.310278906903937,0.3314281718128415,0.3140506237390973,0.0,0.3270413287296327,0.3044781123398131,0.2709487162031441,0.2960320194330216,0.2971798764279973,0.3014041871255635,0.2682194829163116,0.3098550539899121,0.0,0.309285229052171,0.2773417502961849,0.2930292154826693,0.2901682230184744,0.3132128145179173,0.2136774260184529,0.2024330419663975,0.2789459855225137,0.0,0.0,0.0,0.0,0.394955521996483,0.0,0.0,0.0,0.0,0.0,0.0,0.0,0.3872891955552651,0.0,0.0,0.0,0.0,0.0,0.0,0.0,0.0,0.0,0.0,0.0,0.0,0.0,0.0,0.0,0.0,0.3722540695971441,0.0,0.0,0.0,0.3655317024160583,0.0,0.0,0.0,0.0
0.3541787913844917,0.3180901435674913,0.3379304813738115,0.2575128618888163,0.3036471739336783,0.2976303339045413,0.3387980898392816,0.0,0.3594743804245765,0.0,0.2552781520680146,0.0,0.3182636577703746,0.2721700394867707,0.3088502821264943,0.3239264537223544,0.0,0.3259935794038652,0.3488671210340992,0.2833896694487353,0.2894075836593642,0.3236343125203794,0.2709911673350079,0.3431173029254138,0.3142838515894946,0.3348786747312817,0.3192880711266422,0.3121196367082784,0.2878285064693449,0.2910266936928504,0.3297073354322039,0.2712134931736522,0.3086163166200816,0.3251963323858456,0.3217374302913072,0.2407239614189183,0.3415071344146827,0.0,0.3143370276034892,0.0,0.3421445463726263,0.0,0.2877250945557582,0.0,0.0,0.0,0.0,0.3992041823047959,0.0,0.392662248797766,0.3263294365786974,0.3720712856193592,0.2965762222576157,0.3977484889389116,0.0,0.3720811179172712,0.0,0.3461552806489956,0.0,0.3545749137501635,0.0,0.0,0.0,0.3998521865874585,0.3357898482984346,0.3023277318397996,0.0,0.3411641270288302,0.0,0.0,0.0,0.3408109223903686,0.3414533604146235,0.330181158149913,0.0,0.3429437174179787
0.0,0.283144931486428,0.211520971578126,0.3057296023898695,0.2540274683334956,0.2451403062228461,0.2941406630421027,0.3594743804245765,0.0,0.3290313603624131,0.2592337121042323,0.3363004398980632,0.2971514367175541,0.3164196379228555,0.0,0.2973089787028358,0.0,0.0,0.211526346036755,0.2901934781771241,0.0,0.2955118455965221,0.308861618668159,0.0,0.2959502503101506,0.3115379918048053,0.2676089176226806,0.3313746235589394,0.2953160241145857,0.3259671486960772,0.3509525475786649,0.3181135542203009,0.3209310747197704,0.3396859013684609,0.3324012499789129,0.3184691021854035,0.3182370153468203,0.3189851268366548,0.3691690224812692,0.0,0.0,0.0,0.3659421316434308,0.0,0.0,0.0,0.0,0.4068406259496288,0.0,0.4232511934523146,0.3989012130158774,0.422264180736163,0.4234395613403343,0.4074420223126189,0.0,0.3902127648644951,0.0,0.4189422663941217,0.3670500874988973,0.0,0.0,0.0,0.0,0.4066559894103098,0.0,0.0,0.0,0.4071433269355906,0.0,0.0,0.0,0.3895378095356989,0.0,0.0,0.0,0.0
0.2938000754493786,0.0,0.0,0.0,0.3036492103846283,0.3081669977202222,0.2870012142583606,0.0,0.3290313603624131,0.0,0.3269226915550374,0.2197372161745597,0.2869528710858228,0.0,0.0,0.2473473886108134,0.2289623574674186,0.2393113975595678,0.3433018381983943,0.0,0.3334146576447908,0.2530723663441719,0.3249155659080369,0.221835926348469,0.2480191935614432,0.2520355365391555,0.3068802415043606,0.2753854998796016,0.0,0.0,0.2261885944567048,0.206753718488258,0.2314347485788779,0.2049584446331312,0.2066232260023302,0.264958924788137,0.2100883894979465,0.1930233494535993,0.3030094119039091,0.2736072669904192,0.262894759018019,0.2583304600891704,0.0,0.0,0.2143368704500875,0.3436433873754577,0.0,0.0,0.0,0.0,0.0,0.0,0.0,0.0,0.3179338421896688,0.0,0.3231493437335366,0.3051151076775416,0.0,0.0,0.2909683964392254,0.3268581534541723,0.293417100448761,0.0,0.0,0.0,0.0,0.0,0.3020686754199682,0.3171001142361893,0.3234133473557204,0.0,0.2814513894140245,0.0,0.0,0.2999642144231344
0.0,0.0,0.2208097776970109,0.2612838060993493,0.2470419765642331,0.2890066555450581,0.327643556312145,0.2552781520680146,0.2592337121042323,0.3269226915550374,0.0,0.3311577003603692,0.3375461972319395,0.2400471378183448,0.0,0.0,0.0,0.0,0.1957795079545251,0.0,0.0,0.0,0.2063340124959552,0.3095633616617501,0.0,0.0,0.2796310198746955,0.3387490661928161,0.0,0.0,0.3608366735942269,0.2854217767843598,0.344893012775961,0.3320691989480691,0.3399242820663315,0.257350425334706,0.3124533155855307,0.32909506410362,0.3280287034582125,0.0,0.0,0.0,0.3148937011076365,0.0,0.0,0.0,0.0,0.3823484681016071,0.0,0.3526446878979509,0.3970384743235876,0.3853190279311295,0.3838741237395816,0.3683189504578373,0.0,0.1929620756966536,0.0,0.3913421838571533,0.3224039205822731,0.0,0.0,0.0,0.0,0.2374539271831598,0.0,0.0,0.0,0.3808436149348109,0.0,0.0,0.0,0.3771656078505643,0.0,0.0,0.0,0.0
0.268642508051844,0.0,0.0,0.1988570045744925,0.3062783360705777,0.3262801014750903,0.2839990842328063,0.0,0.3363004398980632,0.2197372161745597,0.3311577003603692,0.0,0.2773346746837681,0.0,0.0,0.0,0.2620109494184323,0.2609014240916952,0.0,0.0,0.3304156797555474,0.0,0.3434434722226081,0.2106643848801005,0.2661167428511611,0.2414449026618286,0.0,0.2515922680920224,0.0,0.0,0.2248506233173646,0.202758530755999,0.2395281582997579,0.188521423829224,0.2460591324547095,0.2283428124048242,0.2208848572666936,0.1858861350509958,0.1867269552168936,0.2905778391378077,0.2638116755384345,0.2018036106025692,0.0,0.0,0.2136640017768464,0.0,0.0,0.0,0.0,0.0,0.0,0.0,0.0,0.0,0.3273198064482937,0.0,0.3293468159487989,0.0,0.0,0.0,0.0,0.3353424309052523,0.3157435895001524,0.0,0.0,0.0,0.0,0.0,0.3125362656463121,0.3281614875891069,0.3298800396760562,0.0,0.2861346165920355,0.0,0.0,0.3106517898603569
0.0,0.3131920344575539,0.3211348618106234,0.211746702829406,0.2739915726146106,0.2736796038717392,0.2334143167560982,0.3182636577703746,0.2971514367175541,0.2869528710858228,0.3375461972319395,0.2773346746837681,0.0,0.2687178648305157,0.0,0.3192365755191545,0.3014810107879611,0.3083041726639601,0.3363195074198986,0.3137438926802791,0.0,0.325108374749382,0.3033393086079301,0.2762860021973703,0.2971495910638757,0.288267048945969,0.3069252193921153,0.2442773047646194,0.2928121118656388,0.2995787087801396,0.2944688481511633,0.2801953769791838,0.2934531111731419,0.295167002051675,0.3025655460928299,0.2404276098010119,0.2328281023413041,0.2741454066500614,0.3376181844196008,0.0,0.3198666697646587,0.0,0.3639232881217475,0.0,0.0,0.0,0.0,0.4214900929265232,0.0,0.0,0.364126669759181,0.0,0.3564155455208869,0.0,0.0,0.0,0.0,0.0,0.0,0.0,0.0,0.0,0.0,0.0,0.0,0.0,0.0,0.3619362624593697,0.0,0.0,0.0,0.3507264671224039,0.0,0.0,0.0,0.0
0.0,0.0,0.3077293148614673,0.1969204310024963,0.2318103021424948,0.3076613878073577,0.2504695025187508,0.2721700394867707,0.3164196379228555,0.0,0.2400471378183448,0.0,0.2687178648305157,0.0,0.0,0.0,0.0,0.0,0.3116892049690196,0.0,0.3134625975639682,0.0,0.3007526543745478,0.0,0.0,0.0,0.3073105689892159,0.2290194227727157,0.0,0.0,0.0,0.1874660730698136,0.0,0.3053997238346795,0.0,0.1596515857749068,0.139779603330662,0.0,0.2511350813478673,0.0,0.0,0.0,0.282762467562564,0.0,0.0,0.0,0.0,0.3770849166348641,0.0,0.0,0.0,0.0,0.0,0.3636401382124648,0.0,0.3373792182514485,0.0,0.0,0.0,0.0,0.0,0.0,0.0,0.370118285544574,0.0,0.0,0.0,0.3531641441763603,0.0,0.0,0.0,0.3671624814818882,0.0,0.0,0.0,0.0
0.2643610312046333,0.2888470420780889,0.0,0.0,0.0,0.2956001403579057,0.0,0.3088502821264943,0.0,0.0,0.0,0.0,0.0,0.0,0.0,0.2848306161533158,0.0,0.2790062411268347,0.0,0.24799496073226,0.2679533848672141,0.2544627704428721,0.275169562191801,0.2958776761299699,0.2808776014116951,0.2588521400353512,0.286596450676098,0.2865707255632236,0.2838218341319304,0.2824024446809807,0.2827590774749495,0.3003090875246088,0.2917623106850301,0.3000982045444681,0.3265646974588524,0.3243520820470484,0.0,0.0,0.3315469334515523,0.3180452863568359,0.3414719803069261,0.3561151851104358,0.2726198519245317,0.0,0.0,0.0,0.3467455328912132,0.0,0.0,0.0,0.329250413605346,0.0,0.2983913167838852,0.0,0.0,0.0,0.0,0.0,0.0,0.3100755730353919,0.3494652782672621,0.0,0.0,0.0,0.3398991987965823,0.3152210097394126,0.3525820122289679,0.332412672557761,0.0,0.0,0.3535305369185758,0.3396951385933536,0.3540726359993761,0.3356655169958106,0.0,0.3399662612364144
0.2604189785216687,0.2756805818571024,0.0,0.0,0.3013953405459136,0.297211409250241,0.3167136167515845,0.3239264537223544,0.2973089787028358,0.2473473886108134,0.0,0.0,0.3192365755191545,0.0,0.2848306161533158,0.0,0.2435093188618146,0.2202670060619435,0.0,0.2835739292458243,0.272972704035526,0.2510200533460647,0.3004899379897732,0.2602720199336078,0.2689344905293369,0.2707350625871793,0.3039566276612138,0.3122125173060309,0.3081040882732664,0.3074956385972678,0.2460850831251708,0.3074395022846248,0.2642913543631694,0.2711792514083089,0.3035100008910147,0.0,0.0,0.0,0.3032753452972284,0.2771927502925302,0.2973215854243183,0.3122633936779267,0.0,0.0,0.0,0.3047531758143625,0.3129918961306792,0.0,0.0,0.0,0.0,0.0,0.0,0.0,0.0,0.0,0.0,0.0,0.0,0.3393551970636378,0.2995859522003333,0.0,0.2970077821112737,0.0,0.325513148652462,0.0,0.3069678237925033,0.0,0.0,0.3032798260492323,0.3163681135313195,0.0,0.0,0.0,0.0,0.2772054491260995
0.2890686359919455,0.0,0.0,0.0,0.0,0.0,0.3154794345031307,0.0,0.0,0.2289623574674186,0.0,0.2620109494184323,0.3014810107879611,0.0,0.0,0.2435093188618146,0.0,0.2205239771333042,0.0,0.2938764910278421,0.0,0.261964704988312,0.0,0.2648456729300314,0.2490410768093467,0.2521128837171971,0.0,0.3006977578416472,0.3141346114228579,0.0,0.2373707876743958,0.2754586890859101,0.26198992306217,0.2472443400278071,0.2607813300404559,0.0,0.0,0.2465405943104303,0.0,0.285153511588383,0.3317668429110876,0.0,0.0,0.0,0.0,0.0,0.0,0.0,0.0,0.0,0.0,0.0,0.0,0.0,0.3299715953471167,0.0,0.3229806572997175,0.0,0.0,0.0,0.0,0.3331892318167901,0.3011832954743077,0.0,0.0,0.0,0.0,0.0,0.3227862779072631,0.3156329674699282,0.3243845487271341,0.0,0.0,0.0,0.0,0.0
0.2604351454725828,0.2767891887603716,0.0,0.0,0.0,0.2829475598665402,0.310278906903937,0.3259935794038652,0.0,0.2393113975595678,0.0,0.2609014240916952,0.3083041726639601,0.0,0.2790062411268347,0.2202670060619435,0.2205239771333042,0.0,0.0,0.2859620592287966,0.2839543205892657,0.2746608225882351,0.296870320764327,0.2560114193850552,0.2373421707681915,0.2608970953162406,0.2940694978992238,0.3047359181058683,0.3100796243631431,0.0,0.2516445428309942,0.2925032982328565,0.2558513403404303,0.2566044737599127,0.2727825863277776,0.0,0.0,0.0,0.2996105758168284,0.2722662856235552,0.2983939640444026,0.0,0.0,0.0,0.0,0.297682175268128,0.3005032995302751,0.0,0.0,0.0,0.0,0.0,0.0,0.0,0.3154835115064372,0.0,0.3141785806282841,0.0,0.0,0.0,0.2897403771156406,0.3352795288404744,0.3040603631206343,0.0,0.0,0.0,0.2961895802207375,0.0,0.3207838946231227,0.3080586247701779,0.3143746781648601,0.0,0.0,0.0,0.0,0.2909510536392145
0.0,0.0,0.197891894973211,0.0,0.2878468263399543,0.2970481800001494,0.3314281718128415,0.3488671210340992,0.211526346036755,0.3433018381983943,0.1957795079545251,0.0,0.3363195074198986,0.3116892049690196,0.0,0.0,0.0,0.0,0.0,0.0,0.0,0.0,0.2224954829301906,0.0,0.0,0.0,0.2913876466684742,0.341061858617885,0.0,0.0,0.3402453706930231,0.3068991431172716,0.0,0.3306585628002068,0.3276743403112132,0.3063614658713076,0.3197824377318797,0.3327243871873625,0.3563927434104737,0.0,0.0,0.0,0.3489127394137019,0.0,0.0,0.0,0.0,0.3906033637765748,0.0,0.3984493084497381,0.4023457120883048,0.4287739912494253,0.4036852674113313,0.4047415471581991,0.0,0.3733155341145637,0.0,0.0,0.0,0.0,0.0,0.0,0.0,0.3976614608610662,0.0,0.0,0.0,0.3975867097335394,0.0,0.0,0.0,0.3923715152326354,0.0,0.0,0.0,0.0
0.0,0.3012330192279932,0.0,0.0,0.2777397888816272,0.2935634652397079,0.3140506237390973,0.2833896694487353,0.2901934781771241,0.0,0.0,0.0,0.3137438926802791,0.0,0.24799496073226,0.2835739292458243,0.2938764910278421,0.2859620592287966,0.0,0.0,0.3053642687350876,0.243920587577836,0.1930622012154014,0.0,0.2848358473243151,0.2952152331599204,0.2564035978231364,0.2796664044324254,0.2386489282669725,0.2057740108885824,0.2679579839979701,0.3035157660179545,0.273832824067779,0.3109792282136364,0.3303382964493014,0.348912491777071,0.3169111480119366,0.0,0.3188712405696564,0.2954464545260544,0.3376878164438354,0.3442777671490996,0.0,0.0,0.0,0.0,0.3251967569883386,0.0,0.0,0.0,0.3418224766308023,0.0,0.3505536651845835,0.0,0.0,0.0,0.0,0.3904453047900869,0.0,0.3340806422804405,0.0,0.0,0.0,0.0,0.3411146817324704,0.3349763535941011,0.3292990478138025,0.343704984714955,0.0,0.0,0.3328227120946769,0.3419913662779603,0.3472725326182611,0.3353653722141323,0.0,0.3465104493891447
0.2881078847229215,0.2778655120152777,0.0,0.0,0.0,0.2828265991688371,0.0,0.2894075836593642,0.0,0.3334146576447908,0.0,0.3304156797555474,0.0,0.3134625975639682,0.2679533848672141,0.272972704035526,0.0,0.2839543205892657,0.0,0.3053642687350876,0.0,0.2920786052658811,0.2806298004844308,0.3130889439362549,0.2769483154116426,0.2869501737115338,0.2997246599641545,0.2953445977280189,0.2963839672003811,0.0,0.2515293073868859,0.2910464684427059,0.2712354888339748,0.2735695755065299,0.3094908365384474,0.3153059786605394,0.0,0.0,0.311242760675041,0.319592977550839,0.3224864602200875,0.0,0.0,0.0,0.0,0.2401656588295177,0.3362578628903671,0.0,0.0,0.0,0.3099548141032197,0.0,0.3091805049972282,0.0,0.0,0.0,0.0,0.0,0.0,0.3169030044777973,0.3200314725326848,0.0,0.0,0.0,0.324588908408607,0.3051896360597356,0.3387599477955487,0.3175553676604185,0.0,0.3321196177096365,0.3420510650334215,0.3210033069603241,0.3340220359262977,0.343702121876158,0.0,0.0
0.2678498735929338,0.2780671254890255,0.0,0.2885467025061825,0.2892955041605248,0.2941832089617204,0.3270413287296327,0.3236343125203794,0.2955118455965221,0.2530723663441719,0.0,0.0,0.325108374749382,0.0,0.2544627704428721,0.2510200533460647,0.261964704988312,0.2746608225882351,0.0,0.243920587577836,0.2920786052658811,0.0,0.3013195881148244,0.0,0.2823959958310143,0.2749142628126757,0.3066535241873515,0.309472026426672,0.2889744318326693,0.279127919982605,0.2597420399633139,0.2948592009679018,0.2665015865457639,0.2909627917982137,0.3225457619537104,0.3250307465685685,0.0,0.0,0.3132676845495594,0.295780578345275,0.3262260601820115,0.3431724123282157,0.0,0.0,0.0,0.0,0.3230202026814095,0.0,0.0,0.0,0.3335091044244729,0.0,0.0,0.0,0.0,0.0,0.0,0.0,0.0,0.3453055796073502,0.3141665869170315,0.0,0.3344359114986848,0.0,0.3377142577055912,0.3423980934310461,0.3437407812516649,0.3391510293276524,0.0,0.3065704931491247,0.3411654874676102,0.3346581610373744,0.3822536085299817,0.3257362650775199,0.0,0.3145434921253987
0.3286796728068298,0.2945554648970073,0.2184129528123439,0.2724902660019484,0.2914352596190571,0.258427172353401,0.3044781123398131,0.2709911673350079,0.308861618668159,0.3249155659080369,0.2063340124959552,0.3434434722226081,0.3033393086079301,0.3007526543745478,0.275169562191801,0.3004899379897732,0.0,0.296870320764327,0.2224954829301906,0.1930622012154014,0.2806298004844308,0.3013195881148244,0.0,0.3304830602637526,0.2884232772413397,0.3084278172543855,0.2081358503946422,0.3005197364421756,0.2848371575655485,0.2873006704537428,0.2999433020557205,0.2798878707481523,0.2802383470590538,0.3017900464982828,0.3120069147856366,0.2861493815240216,0.2931574724679207,0.0,0.3483539265416737,0.2812525830076259,0.3659587737246024,0.3615258927275677,0.354001554656893,0.0,0.0,0.0,0.3439955124121664,0.3904465829147862,0.0,0.3854916639538946,0.3561105522627968,0.3732951364811845,0.3594699694916197,0.4063287070905452,0.0,0.3727138756371395,0.0,0.3599693961755144,0.0,0.3411211576936737,0.0,0.0,0.0,0.388355872247777,0.349389591048772,0.321950625634509,0.3425946771995739,0.3577355091552799,0.0,0.0,0.337810819163248,0.3526503796997182,0.3599248134898499,0.3463580553265198,0.3505376616571894,0.363654832499774
0.2442853314813262,0.0,0.0,0.0,0.0,0.0,0.2709487162031441,0.3431173029254138,0.0,0.221835926348469,0.3095633616617501,0.2106643848801005,0.2762860021973703,0.0,0.2958776761299699,0.2602720199336078,0.2648456729300314,0.2560114193850552,0.0,0.0,0.3130889439362549,0.0,0.3304830602637526,0.0,0.2501592284130755,0.2367633918032926,0.0,0.2639616509362922,0.0,0.0,0.2233597815518016,0.2104295214434738,0.1950148604800853,0.1909743721479258,0.2914396151364563,0.2279221161359413,0.1909261250330983,0.150769173190517,0.2873317950701458,0.2783915029080718,0.2579243192691057,0.0,0.0,0.0,0.1702490333594027,0.3308864625733053,0.2780150425151745,0.0,0.0,0.0,0.0,0.0,0.0,0.0,0.3009443259637442,0.0,0.3081848506615967,0.0,0.0,0.0,0.3168385438539502,0.3413935211475483,0.3249599536147783,0.0,0.0,0.0,0.0,0.0,0.2952427759539245,0.3358150758722024,0.3307173593852476,0.0,0.2267002448026557,0.0,0.0,0.3090131694417216
0.2617634799475342,0.2564738743468253,0.0,0.0,0.2843175730126328,0.2680054214788608,0.2960320194330216,0.3142838515894946,0.2959502503101506,0.2480191935614432,0.0,0.2661167428511611,0.2971495910638757,0.0,0.2808776014116951,0.2689344905293369,0.2490410768093467,0.2373421707681915,0.0,0.2848358473243151,0.2769483154116426,0.2823959958310143,0.2884232772413397,0.2501592284130755,0.0,0.2584583911950358,0.2856184700307098,0.3015661888952758,0.2873063832549783,0.0,0.2650164455194466,0.2865052835413698,0.2431561424664569,0.2505196678856898,0.263540892621988,0.0,0.0,0.2345558487837425,0.3118031920204437,0.2863648155137691,0.3036120494800282,0.3189879905471649,0.0,0.0,0.2801722179991273,0.3027517112510708,0.3213589992151783,0.0,0.0,0.0,0.0,0.0,0.0,0.0,0.3310840660408853,0.0,0.3236825296246243,0.0,0.0,0.3261478399271409,0.2991311697379607,0.3272178510757448,0.3132781701777059,0.0,0.3176176306906557,0.3191024642915512,0.307331308033676,0.0,0.3357965586369633,0.3181929003599814,0.3224249386476595,0.0,0.0,0.3279806958790329,0.0,0.3092253447689892
0.2571614234627744,0.270119863901495,0.0,0.0,0.2891010736248263,0.2865964893431637,0.2971798764279973,0.3348786747312817,0.3115379918048053,0.2520355365391555,0.0,0.2414449026618286,0.288267048945969,0.0,0.2588521400353512,0.2707350625871793,0.2521128837171971,0.2608970953162406,0.0,0.2952152331599204,0.2869501737115338,0.2749142628126757,0.3084278172543855,0.2367633918032926,0.2584583911950358,0.0,0.3086565213294467,0.3001290426634471,0.2862874763989967,0.0,0.263560834972066,0.2884862131215402,0.2589808852593003,0.2689826384981873,0.2967035292436381,0.3210162393812461,0.0,0.2376423682460294,0.3134524827819453,0.2980361605942159,0.3168042761363235,0.3368708360367419,0.0,0.0,0.2791323622985973,0.3064370331135496,0.3370738338715279,0.0,0.0,0.0,0.3521281230049504,0.0,0.0,0.0,0.3312904536073806,0.0,0.3226782618307567,0.0,0.0,0.3513873675419826,0.3102930303121035,0.341903328172187,0.3213454066862599,0.0,0.3295229747233055,0.3493941921423107,0.34388947265817,0.3351143534535813,0.3336660204344147,0.3237661464047892,0.3308561546085112,0.3443294428928351,0.0,0.3349091520015938,0.0,0.3164770732610559
0.3249955637217823,0.2947170199430809,0.2288829527817442,0.2921789303338081,0.2824966833361095,0.2487851629662027,0.3014041871255635,0.3192880711266422,0.2676089176226806,0.3068802415043606,0.2796310198746955,0.0,0.3069252193921153,0.3073105689892159,0.286596450676098,0.3039566276612138,0.0,0.2940694978992238,0.2913876466684742,0.2564035978231364,0.2997246599641545,0.3066535241873515,0.2081358503946422,0.0,0.2856184700307098,0.3086565213294467,0.0,0.3025105563436979,0.2689541895222035,0.2791814754391404,0.2894589660633659,0.2901481214226808,0.2703558480194337,0.3054474866943148,0.3218540704006792,0.3139473804134796,0.3027026221005602,0.0,0.343322079936018,0.3062147433999809,0.355246701934472,0.3575955941440414,0.3408510359892213,0.0,0.0,0.0,0.3621133963711656,0.3949148243242205,0.0,0.3950158276833366,0.3491412726779879,0.3722637609153216,0.3584227378946051,0.3870021235118586,0.0,0.3736039270400307,0.0,0.3550886450433607,0.3847636319889657,0.3406491887426987,0.0,0.0,0.0,0.4003873911661114,0.3463394204257428,0.3381951157744329,0.3393581529353293,0.3557252116614516,0.0,0.0,0.3447321269845773,0.3480289617205052,0.3518879555416302,0.3419637529013851,0.3565335798099898,0.3560594812504327
0.0,0.3036957808012504,0.3228825943983418,0.2165862522667122,0.300916235115911,0.2741281792104178,0.2682194829163116,0.3121196367082784,0.3313746235589394,0.2753854998796016,0.3387490661928161,0.2515922680920224,0.2442773047646194,0.2290194227727157,0.2865707255632236,0.3122125173060309,0.3006977578416472,0.3047359181058683,0.341061858617885,0.2796664044324254,0.2953445977280189,0.309472026426672,0.3005197364421756,0.2639616509362922,0.3015661888952758,0.3001290426634471,0.3025105563436979,0.0,0.2585672039940676,0.2226977234159254,0.278451037869566,0.2826720984212862,0.2774890825951172,0.2860403838864339,0.2786236376869903,0.2318766587662813,0.21886529971912,0.2593302700599584,0.3113391877536882,0.2369551057489332,0.2743870074824047,0.0,0.3601477308435054,0.0,0.0,0.0,0.0,0.0,0.0,0.0,0.3512302452273881,0.0,0.3426509336260737,0.0,0.0,0.0,0.284254573237037,0.0,0.0,0.3632796945098446,0.0,0.0,0.0,0.0,0.343546952545157,0.0,0.0,0.3568543977845574,0.0,0.0,0.0,0.3508480674921858,0.3593786570731511,0.3418906933485406,0.0,0.3712244906282052
0.312795197863996,0.2954103919484616,0.3303001640718481,0.0,0.2748194910008792,0.2638597488245526,0.3098550539899121,0.2878285064693449,0.2953160241145857,0.0,0.0,0.0,0.2928121118656388,0.0,0.2838218341319304,0.3081040882732664,0.3141346114228579,0.3100796243631431,0.0,0.2386489282669725,0.2963839672003811,0.2889744318326693,0.2848371575655485,0.0,0.2873063832549783,0.2862874763989967,0.2689541895222035,0.2585672039940676,0.0,0.2586847067249692,0.2637353797737409,0.2857673844458338,0.2495946320251388,0.3029963188689312,0.3293548177245885,0.341858201322662,0.3252399573605613,0.0,0.332125343637772,0.0,0.3538383666891004,0.3628619367696213,0.3482540742722376,0.0,0.0,0.0,0.3411650755648063,0.0,0.0,0.0,0.3391665534851726,0.0,0.3364160829484811,0.0,0.0,0.0,0.0,0.3634969211051949,0.0,0.3348009242305295,0.0,0.0,0.0,0.0,0.3331306454240556,0.333241421428764,0.3275145755904853,0.3454813115941123,0.0,0.0,0.3423320219597935,0.3402384759344,0.3428239437792918,0.3374384282046619,0.3554489787815277,0.3475821519973488
0.0,0.0,0.3445738207490074,0.0,0.0,0.2886305959896934,0.0,0.2910266936928504,0.3259671486960772,0.0,0.0,0.0,0.2995787087801396,0.0,0.2824024446809807,0.3074956385972678,0.0,0.0,0.0,0.2057740108885824,0.0,0.279127919982605,0.2873006704537428,0.0,0.0,0.0,0.2791814754391404,0.2226977234159254,0.2586847067249692,0.0,0.2325589514751554,0.2798207399069048,0.2588527984252811,0.2739090112275095,0.2901841386138115,0.0,0.0,0.0,0.3566313361177208,0.0,0.0,0.0,0.0,0.0,0.0,0.0,0.0,0.0,0.0,0.0,0.3800419359310165,0.0,0.0,0.0,0.0,0.0,0.0,0.0,0.0,0.0,0.0,0.0,0.0,0.0,0.359149946304015,0.0,0.0,0.3497291011016675,0.0,0.0,0.0,0.3463246741891846,0.0,0.3914278226424497,0.0,0.0
0.2561144111358465,0.2575259010354752,0.3326926147235932,0.0,0.3329415033708287,0.2955869537108945,0.309285229052171,0.3297073354322039,0.3509525475786649,0.2261885944567048,0.3608366735942269,0.2248506233173646,0.2944688481511633,0.0,0.2827590774749495,0.2460850831251708,0.2373707876743958,0.2516445428309942,0.3402453706930231,0.2679579839979701,0.2515293073868859,0.2597420399633139,0.2999433020557205,0.2233597815518016,0.2650164455194466,0.263560834972066,0.2894589660633659,0.278451037869566,0.2637353797737409,0.2325589514751554,0.0,0.2821459188267512,0.2443917599163606,0.2352358826341642,0.2424886871155757,0.3223996394849289,0.2529662525706502,0.2013006509868319,0.2738639253751924,0.2510647247755341,0.2346293189209203,0.0,0.0,0.0,0.0,0.0,0.3088571336286034,0.0,0.0,0.0,0.3690700898658178,0.0,0.3668140973082097,0.0,0.2800901150904211,0.0,0.2883679086877998,0.0,0.0,0.3352058231513263,0.287405680575633,0.3200794974974821,0.3012878034106818,0.0,0.3316960076630547,0.2865877065809452,0.3101935503264957,0.3693678222681935,0.3234410615164231,0.305044411687572,0.3151509941634858,0.3572392346210378,0.367439529948305,0.0,0.0,0.3015190239429596
0.2822002331932212,0.2837025028650005,0.3066673783876664,0.1932668011830089,0.2570995641082093,0.2790278383976826,0.2773417502961849,0.2712134931736522,0.3181135542203009,0.206753718488258,0.2854217767843598,0.202758530755999,0.2801953769791838,0.1874660730698136,0.3003090875246088,0.3074395022846248,0.2754586890859101,0.2925032982328565,0.3068991431172716,0.3035157660179545,0.2910464684427059,0.2948592009679018,0.2798878707481523,0.2104295214434738,0.2865052835413698,0.2884862131215402,0.2901481214226808,0.2826720984212862,0.2857673844458338,0.2798207399069048,0.2821459188267512,0.0,0.2605363081568684,0.2673513069153267,0.2387095526602888,0.1915379183240414,0.2255641763660133,0.1805544704732655,0.192937560095147,0.2055461899153612,0.2058449465515546,0.2164439451236053,0.2416740389691753,0.1918578780327904,0.2024653872825494,0.0,0.3271347659089882,0.3734760581084571,0.0,0.0,0.3463610197543505,0.3938148574849026,0.3440066875550913,0.3795890338717487,0.1995916463830897,0.3072214597042446,0.1849195601488505,0.3466491646394014,0.0,0.3284797615167922,0.3113049893021105,0.0,0.2892695847026004,0.3720043529540365,0.3213401812291583,0.3176133625107885,0.3171927907579402,0.3527232242482746,0.0,0.3063316481853275,0.3303142305112869,0.345277479547485,0.2873783078715589,0.3330583636689606,0.3493304325764966,0.3659849662441878
0.2322778631887483,0.2515156004096623,0.0,0.0,0.3184086617409431,0.2701422827252034,0.2930292154826693,0.3086163166200816,0.3209310747197704,0.2314347485788779,0.344893012775961,0.2395281582997579,0.2934531111731419,0.0,0.2917623106850301,0.2642913543631694,0.26198992306217,0.2558513403404303,0.0,0.273832824067779,0.2712354888339748,0.2665015865457639,0.2802383470590538,0.1950148604800853,0.2431561424664569,0.2589808852593003,0.2703558480194337,0.2774890825951172,0.2495946320251388,0.2588527984252811,0.2443917599163606,0.2605363081568684,0.0,0.2038940980772123,0.29386178217614,0.2132054028825009,0.2172108050842769,0.1326133573493254,0.2330159149204593,0.2163221064837733,0.2055928738569672,0.2209927536138163,0.0,0.0,0.1942586629141702,0.3047951129070037,0.3013139440649645,0.0,0.0,0.0,0.0,0.0,0.0,0.0,0.2650278328483062,0.0,0.2401487760994063,0.0,0.0,0.3314074325435678,0.2803610798494026,0.3204446948023196,0.2966093833354797,0.0,0.2970004118492813,0.0,0.3119114886575423,0.2920340690039294,0.314251959203232,0.3036953818020653,0.311429848475916,0.3129114935209328,0.2657165989337013,0.0,0.0,0.2607026549424738
0.250083040660239,0.2698513011617247,0.3336704860484458,0.1949366866812096,0.3180208925999011,0.2944713502901461,0.2901682230184744,0.3251963323858456,0.3396859013684609,0.2049584446331312,0.3320691989480691,0.188521423829224,0.295167002051675,0.3053997238346795,0.3000982045444681,0.2711792514083089,0.2472443400278071,0.2566044737599127,0.3306585628002068,0.3109792282136364,0.2735695755065299,0.2909627917982137,0.3017900464982828,0.1909743721479258,0.2505196678856898,0.2689826384981873,0.3054474866943148,0.2860403838864339,0.3029963188689312,0.2739090112275095,0.2352358826341642,0.2673513069153267,0.2038940980772123,0.0,0.2139165462753184,0.2989233752444949,0.2170920478189672,0.1565615328843291,0.2143269317448293,0.2344927973830871,0.2086394211265424,0.2073116863997426,0.2801467012753905,0.1920358912136795,0.2206559113853607,0.0,0.3137209962869677,0.0,0.0,0.0,0.3579820187960885,0.0,0.3444686207842178,0.0,0.2576610884358292,0.0,0.2245273014288188,0.0,0.0,0.3374182788886016,0.2887375578944999,0.2919017991971733,0.2899135855011702,0.0,0.354573636632651,0.0,0.3318678238321184,0.3655449925739415,0.0,0.2988663523361711,0.3230701213842548,0.3537286678967433,0.2872029031429452,0.0,0.0,0.0
0.2862470509827933,0.2997789680584319,0.3284776781950622,0.2512943056674722,0.3244285451219045,0.2955662575063459,0.3132128145179173,0.3217374302913072,0.3324012499789129,0.2066232260023302,0.3399242820663315,0.2460591324547095,0.3025655460928299,0.0,0.3265646974588524,0.3035100008910147,0.2607813300404559,0.2727825863277776,0.3276743403112132,0.3303382964493014,0.3094908365384474,0.3225457619537104,0.3120069147856366,0.2914396151364563,0.263540892621988,0.2967035292436381,0.3218540704006792,0.2786236376869903,0.3293548177245885,0.2901841386138115,0.2424886871155757,0.2387095526602888,0.29386178217614,0.2139165462753184,0.0,0.3323479669563034,0.2755947894740747,0.1881491026742803,0.2032899642973661,0.2520777987329662,0.1912422820350008,0.2135522144131016,0.2310519798794963,0.0,0.2138557772348037,0.0,0.3329819432262768,0.0,0.0,0.0,0.0,0.0,0.0,0.0,0.2624219983493311,0.0,0.2258632456172006,0.0,0.0,0.3452657752098374,0.3128243674940368,0.0,0.0,0.0,0.3496799347372299,0.0,0.3468793929391293,0.3565885188805417,0.0,0.2960548494546325,0.33845721247611,0.0,0.2603957500458612,0.0,0.0,0.0
0.0,0.0,0.3033737182637194,0.1515727111056436,0.1845521527577981,0.3049900740325587,0.2136774260184529,0.2407239614189183,0.3184691021854035,0.264958924788137,0.257350425334706,0.2283428124048242,0.2404276098010119,0.1596515857749068,0.3243520820470484,0.0,0.0,0.0,0.3063614658713076,0.348912491777071,0.3153059786605394,0.3250307465685685,0.2861493815240216,0.2279221161359413,0.0,0.3210162393812461,0.3139473804134796,0.2318766587662813,0.341858201322662,0.0,0.3223996394849289,0.1915379183240414,0.2132054028825009,0.2989233752444949,0.3323479669563034,0.0,0.1606188813248247,0.2327379035902811,0.0,0.0,0.2641467821145395,0.0,0.256197738233643,0.0,0.0,0.0,0.0,0.3491958927922335,0.0,0.0,0.3501401870740988,0.3643202641262698,0.3454866249537808,0.3535594048364243,0.0,0.3055564252372411,0.1989771682203061,0.3708473838850277,0.0,0.0,0.0,0.0,0.0,0.3338753191785568,0.0,0.0,0.0,0.350283571366176,0.0,0.0,0.0,0.3479706360296363,0.3690177356665425,0.3657325536273861,0.0,0.0
0.0,0.0,0.3261327101112097,0.1457851403888773,0.1785495922803735,0.2984366675390858,0.2024330419663975,0.3415071344146827,0.3182370153468203,0.2100883894979465,0.3124533155855307,0.2208848572666936,0.2328281023413041,0.139779603330662,0.0,0.0,0.0,0.0,0.3197824377318797,0.3169111480119366,0.0,0.0,0.2931574724679207,0.1909261250330983,0.0,0.0,0.3027026221005602,0.21886529971912,0.3252399573605613,0.0,0.2529662525706502,0.2255641763660133,0.2172108050842769,0.2170920478189672,0.2755947894740747,0.1606188813248247,0.0,0.2311596698095822,0.2338652985777917,0.0,0.2384973106031252,0.0,0.0,0.0,0.0,0.0,0.0,0.0,0.0,0.0,0.0,0.0,0.0,0.0,0.0,0.0,0.1989950650791526,0.0,0.0,0.0,0.0,0.0,0.0,0.0,0.0,0.0,0.0,0.0,0.0,0.0,0.0,0.0,0.0,0.0,0.0,0.0
0.0,0.0,0.0,0.0,0.309270396130318,0.0,0.2789459855225137,0.0,0.3189851268366548,0.1930233494535993,0.32909506410362,0.1858861350509958,0.2741454066500614,0.0,0.0,0.0,0.2465405943104303,0.0,0.3327243871873625,0.0,0.0,0.0,0.0,0.150769173190517,0.2345558487837425,0.2376423682460294,0.0,0.2593302700599584,0.0,0.0,0.2013006509868319,0.1805544704732655,0.1326133573493254,0.1565615328843291,0.1881491026742803,0.2327379035902811,0.2311596698095822,0.0,0.178507585375522,0.1669974980547335,0.1822924145248251,0.1874180022626138,0.0,0.0,0.207261129351454,0.0,0.0,0.0,0.0,0.0,0.0,0.0,0.0,0.0,0.228812017634666,0.0,0.1996541613953416,0.0,0.0,0.0,0.0,0.0,0.0,0.0,0.0,0.0,0.0,0.0,0.2112175042879871,0.261931472602692,0.2566011996780721,0.0,0.0,0.0,0.0,0.2020907933835951
0.3040866699167667,0.3203971413303993,0.365804886564563,0.0,0.333263079386689,0.352896635958493,0.0,0.3143370276034892,0.3691690224812692,0.3030094119039091,0.3280287034582125,0.1867269552168936,0.3376181844196008,0.2511350813478673,0.3315469334515523,0.3032753452972284,0.0,0.2996105758168284,0.3563927434104737,0.3188712405696564,0.311242760675041,0.3132676845495594,0.3483539265416737,0.2873317950701458,0.3118031920204437,0.3134524827819453,0.343322079936018,0.3113391877536882,0.332125343637772,0.3566313361177208,0.2738639253751924,0.192937560095147,0.2330159149204593,0.2143269317448293,0.2032899642973661,0.0,0.2338652985777917,0.178507585375522,0.0,0.2349184392223364,0.2580815412573163,0.2503747274492959,0.1921896969960539,0.2193622447882576,0.2041959374478612,0.278516969935186,0.2766493098480094,0.3278234334237709,0.2366876034393221,0.2863463103029806,0.2897496132416823,0.2764148516350468,0.2395561962016863,0.3259612590984215,0.2328128190766413,0.275832388357942,0.1868073942399908,0.2819385487907854,0.2377916326858018,0.2882976960207039,0.2839562673662294,0.2991050429520494,0.2885131815993189,0.3144605571009042,0.3049568529810119,0.272540074678472,0.2902007628469077,0.2858712532187737,0.2355989405644735,0.2775646796657325,0.273396597929977,0.2907994743317998,0.262813021947917,0.2845597640089998,0.2641681446133093,0.2733047639994733
0.2853665515403999,0.2987572954954889,0.0,0.0,0.0,0.0,0.0,0.0,0.0,0.2736072669904192,0.0,0.2905778391378077,0.0,0.0,0.3180452863568359,0.2771927502925302,0.285153511588383,0.2722662856235552,0.0,0.2954464545260544,0.319592977550839,0.295780578345275,0.2812525830076259,0.2783915029080718,0.2863648155137691,0.2980361605942159,0.3062147433999809,0.2369551057489332,0.0,0.0,0.2510647247755341,0.2055461899153612,0.2163221064837733,0.2344927973830871,0.2520777987329662,0.0,0.0,0.1669974980547335,0.2349184392223364,0.0,0.200946050403981,0.2752638831488451,0.2702532069099539,0.2074923807355561,0.1550279589724005,0.239045452142419,0.2565126028937468,0.0,0.0,0.2944711221971701,0.2800948420545678,0.273078139750979,0.0,0.3161246670731497,0.2292316500088208,0.3264743199229183,0.199878377019499,0.2778545450647147,0.0,0.2708063172596355,0.2497266331591311,0.2556236505256224,0.2485243425446228,0.0,0.2773478770694582,0.2639792438089023,0.2700679878572443,0.2640250022364746,0.2110795449200564,0.2374899320468609,0.2486704009068318,0.2735476346630764,0.2567241639648892,0.2718238371120633,0.2215675735159878,0.232190252651787
0.2973320676060946,0.3202457989075541,0.0,0.0,0.0,0.3613734542921183,0.0,0.3421445463726263,0.0,0.262894759018019,0.0,0.2638116755384345,0.3198666697646587,0.0,0.3414719803069261,0.2973215854243183,0.3317668429110876,0.2983939640444026,0.0,0.3376878164438354,0.3224864602200875,0.3262260601820115,0.3659587737246024,0.2579243192691057,0.3036120494800282,0.3168042761363235,0.355246701934472,0.2743870074824047,0.3538383666891004,0.0,0.2346293189209203,0.2058449465515546,0.2055928738569672,0.2086394211265424,0.1912422820350008,0.2641467821145395,0.2384973106031252,0.1822924145248251,0.2580815412573163,0.200946050403981,0.0,0.228394627239043,0.2674635286844208,0.1816648653459555,0.1780457062219951,0.2955051557181907,0.2600306143755265,0.3531340042732382,0.2008941982175961,0.3077168558423703,0.3031646796989551,0.27687426124574,0.3268035433677876,0.3357740662663635,0.2148816713691987,0.3224406930544583,0.1937977893430252,0.2866690377855649,0.2792695263064215,0.2970714142896105,0.2636222616394457,0.2567826930845195,0.260405476050661,0.3410524783989623,0.3238204398682536,0.2650701094845074,0.2961617322451878,0.3131305355567927,0.2106028268437242,0.2491267463270192,0.2538148787711642,0.3128646735830575,0.2455940233189708,0.3018363927585456,0.269426673857501,0.2192023425017639
