0.0,0.3781518502932146,0.0,0.0,0.0,0.0,0.0,0.4775473208470784,0.0,0.0,0.0,0.4061419758997336,0.0,0.0,0.3646963646912853,0.4027670847992809,0.3743064190709798,0.3966028971235381,0.0,0.4235065602072434,0.3875789003952701,0.371771629172498,0.4520017893176931,0.3948532718434847,0.386496322153698,0.3757068584528909,0.4693142129121389,0.4923107510291281,0.4567637229001365,0.0,0.3558260043791598,0.4099811934646347,0.3649818343267912,0.3500799136939168,0.4105706907541412,0.0,0.0,0.0,0.4366826457066059,0.4224813312390804,0.4150030722439482,0.0,0.0,0.0,0.0,0.3951562570696536,0.4425719981124786,0.0,0.0,0.0,0.0,0.0,0.0,0.0,0.0,0.0,0.0,0.0,0.0,0.0,0.4326162002096606,0.0,0.4377662974182644,0.0,0.0,0.3623507023320554,0.4342460838840239,0.0,0.3277498192734942,0.4312729301068124,0.4500791378813072,0.0,0.0,0.0,0.0,0.0
0.3781518502932146,0.0,0.0,0.0,0.4244371177145536,0.3977524347642984,0.434338006944725,0.4488738181476427,0.0,0.0,0.0,0.0,0.4307241039304015,0.0,0.4092505499505711,0.4054584615949732,0.0,0.4111781985759207,0.0,0.4292297205029319,0.388982266571697,0.4100158991777778,0.4323506664335899,0.0,0.3851101798198094,0.4143243601487315,0.4293886915005548,0.4332496822817432,0.418328658519841,0.0,0.3564730900115544,0.384458091291236,0.3587613304900306,0.3613644307637737,0.4189680009500334,0.0,0.0,0.0,0.4292719092658514,0.4114604332640456,0.4017123358245693,0.4319647524865282,0.0,0.0,0.0,0.4245490894347518,0.434127641463292,0.0,0.0,0.0,0.0,0.0,0.0,0.0,0.0,0.0,0.0,0.0,0.0,0.4513814945807304,0.4260710170623165,0.0,0.4341424260706452,0.0,0.4328388463106352,0.4309890661358457,0.4596220439048037,0.4695664638422616,0.0,0.4277193668791762,0.4607722193260157,0.46375102034208,0.0,0.4438430023748123,0.0,0.4171452623787495
0.0,0.0,0.0,0.0,0.396881647012845,0.3896546777481482,0.4451951628668724,0.4055038576424568,0.3130256010199858,0.4594775411764471,0.3277882145942934,0.0,0.447287874091528,0.3993228330593169,0.0,0.0,0.0,0.0,0.2462179474472264,0.0,0.0,0.0,0.2695179062984021,0.0,0.0,0.0,0.3174997105255991,0.4525869607824352,0.0,0.4981405752188964,0.4598001406467872,0.4210856022815399,0.0,0.4526233552197786,0.4606730613114969,0.3993623109613582,0.4337174716921907,0.0,0.5029731800067928,0.0,0.0,0.0,0.4387516187007273,0.0,0.0,0.0,0.0,0.3711091530546266,0.0,0.0,0.5084795043982682,0.0,0.5194585002410358,0.4954953930825557,0.0,0.3128087639836066,0.0,0.0,0.467923431606997,0.0,0.0,0.0,0.0,0.1613572437362364,0.0,0.0,0.0,0.5313363815878869,0.0,0.0,0.0,0.5277592706351811,0.0,0.0,0.0,0.0
0.0,0.0,0.0,0.0,0.204708125482362,0.3840637153291639,0.2773327805618061,0.3113313530982103,0.399232411273468,0.1586465703319617,0.314008376419349,0.0,0.3141058427874989,0.2067529062034469,0.0,0.0,0.0,0.0,0.3736660626980775,0.0,0.0,0.0,0.3577074581509424,0.0,0.0,0.0,0.4045864763835902,0.2732369948528232,0.0,0.0,0.0,0.2181205035455432,0.0,0.2182694520638202,0.2542470806175778,0.1712702433118657,0.1652310722210616,0.0,0.0,0.0,0.0,0.0,0.0,0.0,0.0,0.0,0.0,0.0,0.0,0.0,0.0,0.0,0.0,0.0,0.0,0.0,0.0,0.0,0.0,0.0,0.0,0.0,0.0,0.0,0.0,0.0,0.0,0.0,0.0,0.0,0.0,0.0,0.0,0.0,0.0,0.0
0.0,0.4244371177145536,0.396881647012845,0.204708125482362,0.0,0.3805488887760597,0.3155501665284377,0.3621670366145259,0.3503728871330566,0.3306429740093569,0.3269422956593758,0.4332607472759812,0.3609674225502876,0.2520642909170965,0.0,0.0,0.0,0.0,0.384575666230905,0.4005617465333962,0.0,0.408332905948035,0.3997676226907907,0.0,0.0,0.0,0.3930148096721769,0.3719916497577593,0.3948832967166762,0.0,0.4781131404792104,0.3596732198462414,0.0,0.4464054992604072,0.4107320005738578,0.2030869518838797,0.1788931347217601,0.0,0.0,0.0,0.0,0.0,0.3589023851595524,0.0,0.0,0.0,0.0,0.0,0.0,0.0,0.0,0.0,0.0,0.0,0.0,0.0,0.0,0.0,0.0,0.0,0.0,0.0,0.0,0.0,0.0,0.0,0.0,0.513307283280785,0.0,0.0,0.0,0.0,0.0,0.0,0.0,0.0
0.0,0.3977524347642984,0.3896546777481482,0.3840637153291639,0.3805488887760597,0.0,0.4178229339722013,0.4051480988254747,0.3610173953767216,0.4346531992263523,0.39666714768279,0.0,0.3897787836214053,0.4027546549157355,0.0,0.4271395099268041,0.0,0.4121319342042719,0.416918643187844,0.4091351681292498,0.4019351856237574,0.4026737342702648,0.4058732469075654,0.0,0.3950770050020443,0.4006333840683636,0.3793611501648705,0.3815465168194759,0.3631952593531241,0.4132560651644083,0.4486288299770951,0.4176938532611326,0.3944708096253392,0.4493842311628874,0.464783306273894,0.4073115683321536,0.4194535589822361,0.0,0.4967976082869704,0.0,0.4951569477345475,0.0,0.4747460938926146,0.0,0.0,0.0,0.0,0.5273112590286398,0.0,0.0,0.5003757661775589,0.0,0.4630996841180766,0.531669585379557,0.0,0.5137589626254452,0.0,0.5068606504840784,0.0,0.0,0.0,0.0,0.0,0.540824713818258,0.0,0.0,0.0,0.5218670919007279,0.0,0.0,0.0,0.5122696860748878,0.4952296074343414,0.4890152112361106,0.0,0.5123861463201228
0.0,0.434338006944725,0.4451951628668724,0.2773327805618061,0.3155501665284377,0.4178229339722013,0.0,0.438836878328686,0.4117508627713583,0.3973424684446298,0.4545491250349017,0.3887957866009481,0.3425273609480372,0.3143786688752672,0.0,0.4600928319612133,0.4442128868371561,0.4450804086702942,0.4637001034146887,0.4380261448815997,0.0,0.4466029584145665,0.430025163733314,0.0,0.4263424772913977,0.4371054069234591,0.4318520764650813,0.3339867249643349,0.4328739757194367,0.0,0.4124001083167936,0.3796271427277926,0.4042633307614518,0.383885643883383,0.3039354751298144,0.2757334590206994,0.2630973638381783,0.3852084525242512,0.0,0.0,0.0,0.0,0.0,0.0,0.0,0.0,0.0,0.0,0.0,0.0,0.0,0.0,0.0,0.0,0.0,0.0,0.0,0.0,0.0,0.0,0.0,0.0,0.0,0.0,0.0,0.0,0.0,0.5097392495091743,0.0,0.0,0.0,0.5076517142543204,0.0,0.0,0.0,0.0
0.4775473208470784,0.4488738181476427,0.4055038576424568,0.3113313530982103,0.3621670366145259,0.4051480988254747,0.438836878328686,0.0,0.4263072274102251,0.0,0.2485618937352589,0.0,0.4302121850691512,0.3014620572564684,0.406705390822994,0.464599079257383,0.0,0.487127471654857,0.3773458168892277,0.4019836052401177,0.3981830817037238,0.4318490721651707,0.3581889870128699,0.5024428693079014,0.4914625267806806,0.4800330274731018,0.4172575974969138,0.4256134523715453,0.3848307298368832,0.4062887187943352,0.4303994203795608,0.321847720596742,0.310097083227916,0.4276149887345965,0.4275651204257132,0.2680258022949258,0.2709394336857038,0.0,0.4446763700098387,0.0,0.4518049338982784,0.0,0.4219498037275148,0.0,0.0,0.0,0.0,0.5058299884155043,0.0,0.0,0.4532293694334345,0.4869246418288674,0.3330577203658136,0.5086400048924853,0.0,0.4443949725790748,0.0,0.4785319278929246,0.3758975485958141,0.0,0.0,0.0,0.0,0.5140914863007269,0.0,0.3297441382746676,0.0,0.4704653157464795,0.0,0.0,0.0,0.4775540599409142,0.4707731206370558,0.4524002726361272,0.0,0.4768059545857419
0.0,0.0,0.3130256010199858,0.399232411273468,0.3503728871330566,0.3610173953767216,0.4117508627713583,0.4263072274102251,0.0,0.4536595740304432,0.3199556534402584,0.4641012354786183,0.4159614171842321,0.3957252259941274,0.0,0.0,0.0,0.0,0.2798750359590086,0.0,0.0,0.3996652208518554,0.387549576894817,0.0,0.0,0.0,0.3525564113556067,0.4675907301687189,0.3953092101517599,0.4782451168206637,0.4925750946994905,0.4423494372415418,0.4644088349934014,0.4732102005874272,0.4665986885421213,0.4139584390204773,0.4383757928645374,0.4420705672186647,0.5030652740064562,0.0,0.0,0.0,0.462012114225493,0.0,0.0,0.0,0.0,0.5275362594334435,0.0,0.0,0.5210128347113283,0.0,0.5243855235281796,0.0,0.0,0.4974900632964233,0.0,0.0,0.4853994041428054,0.0,0.0,0.0,0.0,0.5372957898930535,0.0,0.0,0.0,0.5486898669757053,0.0,0.0,0.0,0.5235144531768459,0.0,0.0,0.0,0.0
0.0,0.0,0.4594775411764471,0.1586465703319617,0.3306429740093569,0.4346531992263523,0.3973424684446298,0.0,0.4536595740304432,0.0,0.4599881259637605,0.2728228641408552,0.4044481551342435,0.1349463437528225,0.0,0.0,0.3339716584819956,0.3580884050897946,0.4658300314937892,0.0,0.0,0.0,0.4264466293805984,0.3007034979664784,0.3400179243537752,0.3545741828440164,0.4494327393885007,0.3866172782438537,0.0,0.0,0.3378419423340073,0.3060331367330038,0.306582045539458,0.3023019941415549,0.3021237799347789,0.2710473649884721,0.2372379974696183,0.2744771072595203,0.2969437451167525,0.3556058342546331,0.3748855294209071,0.0,0.0,0.0,0.3740874067522597,0.0,0.0,0.0,0.0,0.0,0.0,0.0,0.0,0.0,0.4276210946111601,0.0,0.4409177658508182,0.0,0.0,0.0,0.0,0.3978536103673391,0.3738546949621453,0.0,0.0,0.0,0.0,0.0,0.4167478721799096,0.3820949965329736,0.4391061553618769,0.0,0.4040348050620035,0.0,0.0,0.4096047976476339
0.0,0.0,0.3277882145942934,0.314008376419349,0.3269422956593758,0.39666714768279,0.4545491250349017,0.2485618937352589,0.3199556534402584,0.4599881259637605,0.0,0.4559177613217944,0.4595244268550774,0.261477907176328,0.0,0.0,0.0,0.0,0.2823092460322801,0.0,0.0,0.0,0.2377621991113052,0.0,0.0,0.0,0.3847547609566121,0.4598400963519112,0.0,0.0,0.4966955641607571,0.3314254854764046,0.0,0.4657884392289858,0.4535497655935002,0.3155554680355694,0.3516495750763712,0.4575240854402823,0.3843545426435392,0.0,0.0,0.0,0.3619916046890927,0.0,0.0,0.0,0.0,0.4775900140215647,0.0,0.0,0.5642843173574307,0.0,0.4369328902545678,0.4913636475810463,0.0,0.3720280686489108,0.0,0.0,0.4032980749056842,0.0,0.0,0.0,0.0,0.4349781740531826,0.0,0.0,0.0,0.4897950372267675,0.0,0.0,0.0,0.5061349635774812,0.0,0.0,0.0,0.0
0.4061419758997336,0.0,0.0,0.0,0.4332607472759812,0.0,0.3887957866009481,0.0,0.4641012354786183,0.2728228641408552,0.4559177613217944,0.0,0.3891011186687416,0.0,0.0,0.0,0.3525622449905297,0.3667204665319737,0.0,0.0,0.0,0.0,0.0,0.2706792937788277,0.3531786969883494,0.3061338087549881,0.0,0.3478373101716068,0.0,0.0,0.3307697809114333,0.251613991535955,0.2701777582460104,0.2593737143966133,0.2922199980226053,0.2635614662430396,0.2614439677035741,0.229690274088215,0.2540693551398363,0.3713664370002041,0.3945805263540446,0.0,0.0,0.0,0.3882551409190586,0.0,0.0,0.0,0.0,0.0,0.0,0.0,0.0,0.0,0.4333764662090011,0.0,0.4446382287998106,0.0,0.0,0.0,0.0,0.4126545128935472,0.4005175582864351,0.0,0.0,0.0,0.0,0.0,0.4201142290555092,0.3986605972171093,0.4431537941595546,0.0,0.0,0.0,0.0,0.4208261938144018
0.0,0.4307241039304015,0.447287874091528,0.3141058427874989,0.3609674225502876,0.3897787836214053,0.3425273609480372,0.4302121850691512,0.4159614171842321,0.4044481551342435,0.4595244268550774,0.3891011186687416,0.0,0.3381627796596411,0.433262907341924,0.4601153181426602,0.4271061957825833,0.4416174209224733,0.4618055864800141,0.425166010709446,0.4339546835073501,0.4401619904937021,0.4364629049219706,0.4071158006641367,0.4248748009335692,0.4333126128436759,0.4367578362193026,0.3496718376913327,0.4087113723823126,0.389188025754315,0.3839809483508293,0.3827129515949762,0.3730733321246749,0.3763458312623715,0.3541979843160776,0.3282870036056252,0.3317195892873442,0.3581036260019248,0.5084155080168405,0.0,0.0,0.0,0.4783305749036879,0.0,0.0,0.0,0.0,0.0,0.0,0.0,0.5071605835837635,0.0,0.4780862036826194,0.0,0.0,0.0,0.0,0.0,0.0,0.0,0.0,0.0,0.0,0.0,0.0,0.0,0.0,0.509907351922464,0.0,0.0,0.0,0.4976617966727285,0.0,0.5432681020281489,0.0,0.0
0.0,0.0,0.3993228330593169,0.2067529062034469,0.2520642909170965,0.4027546549157355,0.3143786688752672,0.3014620572564684,0.3957252259941274,0.1349463437528225,0.261477907176328,0.0,0.3381627796596411,0.0,0.0,0.0,0.0,0.0,0.3973036460661614,0.0,0.3978324083159157,0.0,0.3771595475690019,0.0,0.0,0.0,0.4165109374579983,0.2753773549013031,0.0,0.0,0.0,0.2341049887069766,0.0,0.0,0.0,0.2005806662001565,0.1541169765940061,0.0,0.0,0.0,0.0,0.0,0.3318481987907427,0.0,0.0,0.0,0.0,0.4919633563212874,0.0,0.0,0.0,0.0,0.0,0.4999978031477763,0.0,0.39635237258752,0.0,0.0,0.0,0.0,0.0,0.0,0.0,0.0,0.0,0.0,0.0,0.4614898237758193,0.0,0.0,0.0,0.0,0.0,0.0,0.0,0.0
0.3646963646912853,0.4092505499505711,0.0,0.0,0.0,0.0,0.0,0.406705390822994,0.0,0.0,0.0,0.0,0.433262907341924,0.0,0.0,0.444297733435477,0.0,0.416443063582579,0.0,0.3614974160484115,0.3724436567421207,0.4078004360952592,0.4000696123590344,0.0,0.4054625164335515,0.4188793233393688,0.4394253212610487,0.3822595621719516,0.3914176901398347,0.0,0.3943702959665282,0.4027056420450702,0.3786538707135141,0.4139660970881915,0.4545547461379537,0.4243520957366419,0.0,0.0,0.4470010245052925,0.4459385260181309,0.4522902158043032,0.4631215899411092,0.0,0.0,0.0,0.0,0.4760127206206714,0.0,0.0,0.0,0.4435927512474771,0.0,0.3911641740696158,0.0,0.0,0.0,0.0,0.0,0.0,0.4556653250501755,0.0,0.0,0.0,0.0,0.4392875228384481,0.4336366434759642,0.4756020613826908,0.4378516453637028,0.0,0.0,0.4932501587798666,0.4505359549073163,0.4655788776771249,0.4319608195257378,0.0,0.4411589873650619
0.4027670847992809,0.4054584615949732,0.0,0.0,0.0,0.4271395099268041,0.4600928319612133,0.464599079257383,0.0,0.0,0.0,0.0,0.4601153181426602,0.0,0.444297733435477,0.0,0.3725099135534179,0.350759506339488,0.0,0.423351973440147,0.4223750777954509,0.4014864397565139,0.4738116247019822,0.0,0.4005282397009218,0.4290873714389323,0.4538610452697554,0.4474190998631915,0.4325198388064338,0.4189955963560007,0.3789652223192522,0.4324129957599397,0.4080380411530133,0.386804599406097,0.4505003981941519,0.0,0.0,0.0,0.4357710026273475,0.4170680081267813,0.4362625254118719,0.4536625120500072,0.0,0.0,0.0,0.4414785202987376,0.4509433905648817,0.0,0.0,0.0,0.0,0.0,0.0,0.0,0.0,0.0,0.0,0.0,0.0,0.4669024876271644,0.4321790525903476,0.0,0.4396222164644321,0.0,0.4679321626510955,0.4667545081248107,0.463026679806615,0.0,0.0,0.4325129002672658,0.4668954597800461,0.0,0.0,0.0,0.0,0.4202602658004399
0.3743064190709798,0.0,0.0,0.0,0.0,0.0,0.4442128868371561,0.0,0.0,0.3339716584819956,0.0,0.3525622449905297,0.4271061957825833,0.0,0.0,0.3725099135534179,0.0,0.3573391015733753,0.0,0.0,0.0,0.3330488101561656,0.0,0.3467439100244908,0.339453882826155,0.3608797298796833,0.0,0.4238434783273805,0.0,0.0,0.3472654525006738,0.399467921061395,0.3522997907981277,0.3596826359050661,0.3690050646054239,0.0,0.0,0.3334522789764361,0.0,0.3972366659715183,0.0,0.0,0.0,0.0,0.0,0.0,0.0,0.0,0.0,0.0,0.0,0.0,0.0,0.0,0.4294369044602952,0.0,0.4408281270945906,0.0,0.0,0.0,0.0,0.4213551568756912,0.415710008208453,0.0,0.0,0.0,0.0,0.0,0.4265860130379991,0.396998636385363,0.4345565498649031,0.0,0.0,0.0,0.0,0.0
0.3966028971235381,0.4111781985759207,0.0,0.0,0.0,0.4121319342042719,0.4450804086702942,0.487127471654857,0.0,0.3580884050897946,0.0,0.3667204665319737,0.4416174209224733,0.0,0.416443063582579,0.350759506339488,0.3573391015733753,0.0,0.0,0.4412422584886635,0.4132180768005093,0.4198520247533178,0.4410211361023309,0.3679978872272592,0.3650193503598315,0.4052028515547998,0.4391999672520464,0.4373748133824657,0.4467071433949497,0.0,0.3806644553615104,0.4289431946830764,0.4060621697524564,0.3809744445747059,0.4106474140163207,0.0,0.0,0.0,0.4516925091165403,0.4365070478604563,0.4270345230363908,0.4299775059406541,0.0,0.0,0.0,0.4441222436423017,0.4344298455631319,0.0,0.0,0.0,0.0,0.0,0.0,0.0,0.4184046154456884,0.0,0.4237217935541539,0.0,0.0,0.0,0.4319450932290877,0.4274344234070823,0.4364014115125502,0.0,0.0,0.0,0.4317512715524031,0.0,0.460056871499515,0.4332154624635239,0.4526967411778927,0.0,0.0,0.0,0.0,0.4173670094451053
0.0,0.0,0.2462179474472264,0.3736660626980775,0.384575666230905,0.416918643187844,0.4637001034146887,0.3773458168892277,0.2798750359590086,0.4658300314937892,0.2823092460322801,0.0,0.4618055864800141,0.3973036460661614,0.0,0.0,0.0,0.0,0.0,0.0,0.0,0.0,0.2574805823083543,0.0,0.0,0.0,0.3473308006534595,0.4698533633039877,0.0,0.0,0.4683927510322143,0.4183801528026068,0.0,0.4589919581161588,0.4528855171964574,0.4084571136318481,0.4306320709774642,0.0,0.0,0.0,0.0,0.0,0.4181061634975948,0.0,0.0,0.0,0.0,0.4978583102500066,0.0,0.0,0.5169467176840071,0.0,0.5124298771865804,0.0,0.0,0.435156710033978,0.0,0.0,0.4377797736123688,0.0,0.0,0.0,0.0,0.5340455010033583,0.0,0.0,0.0,0.5390352712645091,0.0,0.0,0.0,0.5372137628211426,0.0,0.0,0.0,0.0
0.4235065602072434,0.4292297205029319,0.0,0.0,0.4005617465333962,0.4091351681292498,0.4380261448815997,0.4019836052401177,0.0,0.0,0.0,0.0,0.425166010709446,0.0,0.3614974160484115,0.423351973440147,0.0,0.4412422584886635,0.0,0.0,0.4283589159386569,0.3830452875669421,0.3915316551504902,0.0,0.4278468685134999,0.4627707954382696,0.3771934737144569,0.3924293480023222,0.3568278389965074,0.3322134442139886,0.404994618660998,0.4276184505970613,0.4069532448364699,0.4444569428383026,0.4719276557864569,0.4789194618740083,0.0,0.0,0.4470890234924765,0.0,0.4673614615851246,0.4609929847863727,0.0,0.0,0.0,0.0,0.0,0.0,0.0,0.0,0.4694103266692004,0.0,0.4496785502552844,0.0,0.0,0.0,0.0,0.0,0.0,0.4467225534274927,0.0,0.0,0.0,0.0,0.4504539617532681,0.4443065956436539,0.4609559643576196,0.4612418576130274,0.0,0.0,0.4618640323338377,0.4654335905668785,0.0,0.4564139176480816,0.0,0.4445954974500075
0.3875789003952701,0.388982266571697,0.0,0.0,0.0,0.4019351856237574,0.0,0.3981830817037238,0.0,0.0,0.0,0.0,0.4339546835073501,0.3978324083159157,0.3724436567421207,0.4223750777954509,0.0,0.4132180768005093,0.0,0.4283589159386569,0.0,0.4164420781776309,0.3830967771999271,0.4815584266793721,0.4151108943865595,0.4174103438934533,0.4444186700414952,0.4192093623065442,0.3921096758278428,0.412152796798657,0.3584734304309409,0.3819714666322049,0.3494832780772889,0.3912329570816517,0.437984908657355,0.3866376141888233,0.0,0.0,0.4452469598269994,0.0,0.470315036175043,0.5019362909611775,0.0,0.0,0.0,0.4367892176010891,0.4746121448562649,0.0,0.0,0.0,0.4469436314773455,0.0,0.3786257676553515,0.0,0.0,0.0,0.0,0.0,0.0,0.4533033646041183,0.4432906271110216,0.0,0.0,0.0,0.4406406781463927,0.4191340743656411,0.489054500881432,0.4496169757892699,0.0,0.0,0.4945615144255336,0.466030473154304,0.4675227309545611,0.4255555832304626,0.0,0.3961421531798566
0.371771629172498,0.4100158991777778,0.0,0.0,0.408332905948035,0.4026737342702648,0.4466029584145665,0.4318490721651707,0.3996652208518554,0.0,0.0,0.0,0.4401619904937021,0.0,0.4078004360952592,0.4014864397565139,0.3330488101561656,0.4198520247533178,0.0,0.3830452875669421,0.4164420781776309,0.0,0.450893003625871,0.0,0.4137790280751683,0.4158159637638952,0.4284962789397861,0.4191825533601506,0.3975244476266769,0.3631479518916717,0.3794582392896308,0.4085441703615967,0.3916398085582132,0.4122021123007243,0.4606514231249634,0.481119920690754,0.4335113627634272,0.0,0.4548836148407306,0.4502436740030871,0.4500996277263105,0.4695925091504019,0.0,0.0,0.0,0.4529971040762729,0.4690669353614739,0.0,0.0,0.0,0.4566520911906826,0.0,0.0,0.0,0.0,0.0,0.0,0.0,0.0,0.4720174180009991,0.4357650001836143,0.0,0.0,0.0,0.4594621176146583,0.4592289589711222,0.4749738512985934,0.4515222695671111,0.0,0.0,0.4835210729992494,0.4638850565071631,0.0,0.4438298397391001,0.0,0.4471657126071934
0.4520017893176931,0.4323506664335899,0.2695179062984021,0.3577074581509424,0.3997676226907907,0.4058732469075654,0.430025163733314,0.3581889870128699,0.387549576894817,0.4264466293805984,0.2377621991113052,0.0,0.4364629049219706,0.3771595475690019,0.4000696123590344,0.4738116247019822,0.0,0.4410211361023309,0.2574805823083543,0.3915316551504902,0.3830967771999271,0.450893003625871,0.0,0.4956473998856974,0.4245646463931727,0.4592482613422369,0.3455579241053636,0.4353140158812195,0.41936097585247,0.4258042183599874,0.4355661809332909,0.4139406784776271,0.3777040786027102,0.4449284929394607,0.4518153091378657,0.3821998412808362,0.4082991650381157,0.0,0.4942426499471583,0.4213531616084074,0.5032368392665817,0.5029495023833971,0.4516678157478433,0.0,0.0,0.0,0.0,0.5270884694189346,0.0,0.0,0.5036010670653074,0.5125780392495624,0.471290592597804,0.5376909033467628,0.0,0.4815230672997791,0.0,0.504561030992385,0.4676475248008999,0.4517958724371806,0.0,0.0,0.0,0.5250114496931967,0.4683738975171218,0.4590806433538163,0.4711200420188275,0.5240455723831171,0.0,0.0,0.4830819468887663,0.5128138677476454,0.504968675028027,0.4946857723529229,0.5096248652133346,0.5036386349221047
0.3948532718434847,0.0,0.0,0.0,0.0,0.0,0.0,0.5024428693079014,0.0,0.3007034979664784,0.0,0.2706792937788277,0.4071158006641367,0.0,0.0,0.0,0.3467439100244908,0.3679978872272592,0.0,0.0,0.4815584266793721,0.0,0.4956473998856974,0.0,0.3516495484588149,0.3298758449866598,0.0,0.3933144310889649,0.0,0.0,0.3255845488477017,0.2715351031174801,0.2231545344896005,0.2352657455161033,0.221082157842555,0.269299008881698,0.0,0.2268965308518107,0.3076477301423779,0.323633123653421,0.3336942774591606,0.0,0.0,0.0,0.278469391084385,0.4264747902295474,0.0,0.0,0.0,0.0,0.0,0.0,0.0,0.0,0.4166521667789578,0.0,0.4348103398952863,0.0,0.0,0.0,0.4402932115736879,0.4393779455290398,0.4437959665498402,0.0,0.0,0.0,0.0,0.0,0.3932662555437514,0.4302074454720879,0.4526037671107586,0.0,0.0,0.0,0.0,0.3722617036832518
0.386496322153698,0.3851101798198094,0.0,0.0,0.0,0.3950770050020443,0.4263424772913977,0.4914625267806806,0.0,0.3400179243537752,0.0,0.3531786969883494,0.4248748009335692,0.0,0.4054625164335515,0.4005282397009218,0.339453882826155,0.3650193503598315,0.0,0.4278468685134999,0.4151108943865595,0.4137790280751683,0.4245646463931727,0.3516495484588149,0.0,0.3782668969556217,0.4251207256273026,0.4217200424400567,0.4186578288895342,0.0,0.3861679377852518,0.4080901298168486,0.3512032108592786,0.3622137161170154,0.391364672060409,0.0,0.0,0.3298198923893533,0.4368800959942527,0.4181266032708149,0.415734997315455,0.43022384317361,0.0,0.0,0.0,0.4453230328356873,0.4299568936178446,0.0,0.0,0.0,0.0,0.0,0.0,0.0,0.4394566301799283,0.0,0.4440951427573161,0.0,0.0,0.0,0.4292770811578488,0.4262073442322877,0.4336888878872726,0.0,0.4305663023224888,0.4291456960269053,0.4215078187391137,0.0,0.4459809157130329,0.4272759169650607,0.4508082799955676,0.0,0.0,0.0,0.0,0.4135824763114367
0.3757068584528909,0.4143243601487315,0.0,0.0,0.0,0.4006333840683636,0.4371054069234591,0.4800330274731018,0.0,0.3545741828440164,0.0,0.3061338087549881,0.4333126128436759,0.0,0.4188793233393688,0.4290873714389323,0.3608797298796833,0.4052028515547998,0.0,0.4627707954382696,0.4174103438934533,0.4158159637638952,0.4592482613422369,0.3298758449866598,0.3782668969556217,0.0,0.465264463870008,0.4198584233266702,0.4304510246994212,0.0,0.3874613742093699,0.4216131071565558,0.3784620486745855,0.3795434060058189,0.436133259599946,0.4723588326680783,0.0,0.3347457724441651,0.4460396261195328,0.432424001334719,0.4343281970951863,0.4443172801799033,0.0,0.0,0.4117066495470866,0.4443536451702521,0.4544400918303534,0.0,0.0,0.0,0.0,0.0,0.0,0.0,0.4577028530458644,0.0,0.4618523142569147,0.0,0.0,0.4902289675882402,0.4420202372211664,0.4397816693734332,0.446939802088199,0.0,0.4535657957713823,0.4807449205611293,0.4847187678983568,0.4738024281556613,0.4613815034624186,0.4414792042766302,0.4673011034110403,0.4735906898761655,0.0,0.4655318119874591,0.0,0.4268661898877838
0.4693142129121389,0.4293886915005548,0.3174997105255991,0.4045864763835902,0.3930148096721769,0.3793611501648705,0.4318520764650813,0.4172575974969138,0.3525564113556067,0.4494327393885007,0.3847547609566121,0.0,0.4367578362193026,0.4165109374579983,0.4394253212610487,0.4538610452697554,0.0,0.4391999672520464,0.3473308006534595,0.3771934737144569,0.4444186700414952,0.4284962789397861,0.3455579241053636,0.0,0.4251207256273026,0.465264463870008,0.0,0.433965114744822,0.3754914393974086,0.4199365922340933,0.434897461420378,0.426721807287339,0.4025350420396591,0.4519222833050366,0.4588763994513566,0.4277977176252496,0.4424784984407736,0.0,0.4877885135996899,0.0,0.5030864433590632,0.0,0.4630671156707774,0.0,0.0,0.0,0.0,0.5350633137326235,0.0,0.0,0.5029061962542555,0.0,0.5029743002855409,0.5371782937339568,0.0,0.5124101208527729,0.0,0.5109057552166312,0.4920450301029649,0.4570440471843969,0.0,0.0,0.0,0.5560050141359932,0.477615958999013,0.4805470263473221,0.4822464602019771,0.5291540091819859,0.0,0.0,0.4926459519830117,0.506538260030612,0.5003250968839043,0.4880074763966578,0.5352363723067769,0.503254927835387
0.4923107510291281,0.4332496822817432,0.4525869607824352,0.2732369948528232,0.3719916497577593,0.3815465168194759,0.3339867249643349,0.4256134523715453,0.4675907301687189,0.3866172782438537,0.4598400963519112,0.3478373101716068,0.3496718376913327,0.2753773549013031,0.3822595621719516,0.4474190998631915,0.4238434783273805,0.4373748133824657,0.4698533633039877,0.3924293480023222,0.4192093623065442,0.4191825533601506,0.4353140158812195,0.3933144310889649,0.4217200424400567,0.4198584233266702,0.433965114744822,0.0,0.351339680278371,0.3213554327152262,0.3706818699870572,0.3597214081307321,0.3583136535756879,0.3554143141899162,0.3438291096018609,0.2699980132699544,0.2569062803956365,0.3136692735608198,0.4475124285156663,0.0,0.5097331866618894,0.0,0.468509965237487,0.0,0.0,0.0,0.0,0.0,0.0,0.0,0.4904491143240899,0.0,0.4676615363880149,0.0,0.0,0.0,0.0,0.0,0.0,0.0,0.0,0.0,0.0,0.0,0.4784194131862554,0.4561379612914172,0.0,0.5046186044452652,0.0,0.0,0.0,0.4914237220276963,0.5050653237197803,0.485751566059751,0.0,0.5315862018067751
0.4567637229001365,0.418328658519841,0.0,0.0,0.3948832967166762,0.3631952593531241,0.4328739757194367,0.3848307298368832,0.3953092101517599,0.0,0.0,0.0,0.4087113723823126,0.0,0.3914176901398347,0.4325198388064338,0.0,0.4467071433949497,0.0,0.3568278389965074,0.3921096758278428,0.3975244476266769,0.41936097585247,0.0,0.4186578288895342,0.4304510246994212,0.3754914393974086,0.351339680278371,0.0,0.3448726997938514,0.3455052969762318,0.3870101544000631,0.3525866196171638,0.4092305614815621,0.4277203955668482,0.0,0.0,0.0,0.4677719673658494,0.0,0.483378882771146,0.4920574913290022,0.0,0.0,0.0,0.0,0.0,0.0,0.0,0.0,0.4757460767785256,0.0,0.4472976799994425,0.0,0.0,0.0,0.0,0.5088936383110134,0.0,0.4249809960838412,0.0,0.0,0.0,0.0,0.4568069026051886,0.421541879516177,0.0,0.481726888591646,0.0,0.0,0.0,0.4781636250528988,0.4831038465668712,0.468447232745838,0.0,0.4743307725464042
0.0,0.0,0.4981405752188964,0.0,0.0,0.4132560651644083,0.0,0.4062887187943352,0.4782451168206637,0.0,0.0,0.0,0.389188025754315,0.0,0.0,0.4189955963560007,0.0,0.0,0.0,0.3322134442139886,0.412152796798657,0.3631479518916717,0.4258042183599874,0.0,0.0,0.0,0.4199365922340933,0.3213554327152262,0.3448726997938514,0.0,0.3209961115974302,0.3824844983957086,0.0,0.3721894004127624,0.423784398651726,0.0,0.0,0.0,0.4774704123822244,0.0,0.0,0.0,0.0,0.0,0.0,0.0,0.0,0.0,0.0,0.0,0.0,0.0,0.0,0.0,0.0,0.0,0.0,0.0,0.0,0.0,0.0,0.0,0.0,0.0,0.4847430214968011,0.0,0.0,0.4995322145942535,0.0,0.0,0.0,0.4959315250429832,0.0,0.0,0.0,0.0
0.3558260043791598,0.3564730900115544,0.4598001406467872,0.0,0.4781131404792104,0.4486288299770951,0.4124001083167936,0.4303994203795608,0.4925750946994905,0.3378419423340073,0.4966955641607571,0.3307697809114333,0.3839809483508293,0.0,0.3943702959665282,0.3789652223192522,0.3472654525006738,0.3806644553615104,0.4683927510322143,0.404994618660998,0.3584734304309409,0.3794582392896308,0.4355661809332909,0.3255845488477017,0.3861679377852518,0.3874613742093699,0.434897461420378,0.3706818699870572,0.3455052969762318,0.3209961115974302,0.0,0.3818841288180679,0.3479692881771841,0.2895303379830091,0.3548410506702975,0.3807711379840909,0.3065803217662202,0.3046912574231722,0.4549994508650065,0.0,0.4241435190219483,0.0,0.0,0.0,0.0,0.3949332522438288,0.4232458969678999,0.0,0.0,0.0,0.4974015956097256,0.0,0.4719959488414804,0.0,0.4199648868324643,0.0,0.423095611147266,0.0,0.0,0.4023798980012744,0.4261956214214059,0.0,0.0,0.0,0.4324575989079695,0.4083277245253134,0.444581276194461,0.4946895090262886,0.4032955020898343,0.4275948536980318,0.450713336619967,0.4810312355523821,0.5153452291293782,0.4666704389189128,0.0,0.5228021577569212
0.4099811934646347,0.384458091291236,0.4210856022815399,0.2181205035455432,0.3596732198462414,0.4176938532611326,0.3796271427277926,0.321847720596742,0.4423494372415418,0.3060331367330038,0.3314254854764046,0.251613991535955,0.3827129515949762,0.2341049887069766,0.4027056420450702,0.4324129957599397,0.399467921061395,0.4289431946830764,0.4183801528026068,0.4276184505970613,0.3819714666322049,0.4085441703615967,0.4139406784776271,0.2715351031174801,0.4080901298168486,0.4216131071565558,0.426721807287339,0.3597214081307321,0.3870101544000631,0.3824844983957086,0.3818841288180679,0.0,0.3217702691172407,0.3423994852025581,0.3550306722762377,0.2516824940211103,0.2795940914088952,0.241030402376884,0.2531096781435767,0.2544349043247626,0.3205018324650708,0.3100371814178129,0.2732944261435392,0.281146172073089,0.2237453034030629,0.4412070811791861,0.4506239587074285,0.501077322816648,0.0,0.0,0.4534748717269169,0.0,0.4238207482377378,0.5014331149171066,0.0,0.3892131374469403,0.2087261830259132,0.4821152451615519,0.0,0.4315189929270098,0.4352274287987304,0.0,0.4172349010656487,0.5326382693185031,0.4258328365497759,0.3915448972438103,0.4343323227536756,0.474519624585706,0.0,0.4290053582079882,0.4430505862814243,0.4645005020466172,0.4706833921844876,0.4403214507331018,0.0,0.4434065935737068
0.3649818343267912,0.3587613304900306,0.0,0.0,0.0,0.3944708096253392,0.4042633307614518,0.310097083227916,0.4644088349934014,0.306582045539458,0.0,0.2701777582460104,0.3730733321246749,0.0,0.3786538707135141,0.4080380411530133,0.3522997907981277,0.4060621697524564,0.0,0.4069532448364699,0.3494832780772889,0.3916398085582132,0.3777040786027102,0.2231545344896005,0.3512032108592786,0.3784620486745855,0.4025350420396591,0.3583136535756879,0.3525866196171638,0.0,0.3479692881771841,0.3217702691172407,0.0,0.2569005159602888,0.4310000900765315,0.2955807890688616,0.2686386442213563,0.2046756053021464,0.2776860054201784,0.2151716735900387,0.2648979495756182,0.2895979518151804,0.0,0.0,0.2404286612178779,0.4275022436021581,0.4412271757179699,0.0,0.0,0.0,0.0,0.0,0.0,0.0,0.3039562535487792,0.0,0.3145234209476735,0.0,0.0,0.4309440436951879,0.4390774646844098,0.256475527382585,0.0,0.0,0.4390154186537033,0.3566775038653684,0.4530432501407491,0.4011162671012758,0.2624102640021239,0.2787589015330214,0.3178891214178725,0.3812922889377435,0.0,0.4425262789347003,0.0,0.3316133100015163
0.3500799136939168,0.3613644307637737,0.4526233552197786,0.2182694520638202,0.4464054992604072,0.4493842311628874,0.383885643883383,0.4276149887345965,0.4732102005874272,0.3023019941415549,0.4657884392289858,0.2593737143966133,0.3763458312623715,0.0,0.4139660970881915,0.386804599406097,0.3596826359050661,0.3809744445747059,0.4589919581161588,0.4444569428383026,0.3912329570816517,0.4122021123007243,0.4449284929394607,0.2352657455161033,0.3622137161170154,0.3795434060058189,0.4519222833050366,0.3554143141899162,0.4092305614815621,0.3721894004127624,0.2895303379830091,0.3423994852025581,0.2569005159602888,0.0,0.2994243893105681,0.3345892749668566,0.2560277388903872,0.2259132168133031,0.3462250088640932,0.0,0.4251439144166857,0.3299923310859148,0.5118561603041629,0.0,0.0,0.3906483049045258,0.424972658913842,0.0,0.0,0.0,0.4880402408006818,0.0,0.4658021947236762,0.0,0.3676464908561151,0.0,0.3998447258117386,0.0,0.0,0.4417001980072436,0.4219233014995227,0.0,0.0,0.0,0.4288708648639754,0.4252572747833623,0.4547916116223731,0.4897401256293852,0.0,0.3916537450228239,0.4511954749727667,0.4820534847139263,0.4868328409819942,0.4606585861630225,0.0,0.4797427959025488
0.4105706907541412,0.4189680009500334,0.4606730613114969,0.2542470806175778,0.4107320005738578,0.464783306273894,0.3039354751298144,0.4275651204257132,0.4665986885421213,0.3021237799347789,0.4535497655935002,0.2922199980226053,0.3541979843160776,0.0,0.4545547461379537,0.4505003981941519,0.3690050646054239,0.4106474140163207,0.4528855171964574,0.4719276557864569,0.437984908657355,0.4606514231249634,0.4518153091378657,0.221082157842555,0.391364672060409,0.436133259599946,0.4588763994513566,0.3438291096018609,0.4277203955668482,0.423784398651726,0.3548410506702975,0.3550306722762377,0.4310000900765315,0.2994243893105681,0.0,0.3939574226599145,0.2834053277707704,0.2838471673836149,0.3425766912429296,0.0,0.302490369724655,0.3362901610454237,0.3058792538166494,0.0,0.0,0.0,0.4474250294897662,0.0,0.0,0.0,0.0,0.0,0.0,0.0,0.0,0.0,0.0,0.0,0.0,0.4638707391724343,0.434312581588492,0.0,0.0,0.0,0.4697077716761191,0.0,0.4767270544035704,0.5061844052322184,0.0,0.0,0.4789755652777397,0.4825674775573539,0.0,0.4962047807072874,0.0,0.0
0.0,0.0,0.3993623109613582,0.1712702433118657,0.2030869518838797,0.4073115683321536,0.2757334590206994,0.2680258022949258,0.4139584390204773,0.2710473649884721,0.3155554680355694,0.2635614662430396,0.3282870036056252,0.2005806662001565,0.4243520957366419,0.0,0.0,0.0,0.4084571136318481,0.4789194618740083,0.3866376141888233,0.481119920690754,0.3821998412808362,0.269299008881698,0.0,0.4723588326680783,0.4277977176252496,0.2699980132699544,0.0,0.0,0.3807711379840909,0.2516824940211103,0.2955807890688616,0.3345892749668566,0.3939574226599145,0.0,0.1960316959806404,0.2721079856668862,0.293349266318711,0.2122145879577143,0.281284506612277,0.2962949374435454,0.2751255429880322,0.2665317722742597,0.0,0.0,0.0,0.4629775693903672,0.0,0.0,0.4676166339563855,0.0,0.3628746212900109,0.4671684934162873,0.0,0.3643179247321336,0.0,0.0,0.3225611499574359,0.0,0.0,0.0,0.0,0.4492033187149423,0.0,0.0,0.0,0.4343850747135337,0.0,0.0,0.0,0.4834787689168521,0.0,0.0,0.0,0.0
0.0,0.0,0.4337174716921907,0.1652310722210616,0.1788931347217601,0.4194535589822361,0.2630973638381783,0.2709394336857038,0.4383757928645374,0.2372379974696183,0.3516495750763712,0.2614439677035741,0.3317195892873442,0.1541169765940061,0.0,0.0,0.0,0.0,0.4306320709774642,0.0,0.0,0.4335113627634272,0.4082991650381157,0.0,0.0,0.0,0.4424784984407736,0.2569062803956365,0.0,0.0,0.3065803217662202,0.2795940914088952,0.2686386442213563,0.2560277388903872,0.2834053277707704,0.1960316959806404,0.0,0.258928947887298,0.2549362612837555,0.0,0.2734458068926829,0.2949409852612171,0.0,0.0,0.0,0.0,0.0,0.0,0.0,0.0,0.0,0.0,0.0,0.0,0.0,0.0,0.0,0.0,0.0,0.0,0.0,0.0,0.0,0.0,0.0,0.0,0.0,0.0,0.0,0.0,0.0,0.0,0.0,0.0,0.0,0.0
0.0,0.0,0.0,0.0,0.0,0.0,0.3852084525242512,0.0,0.4420705672186647,0.2744771072595203,0.4575240854402823,0.229690274088215,0.3581036260019248,0.0,0.0,0.0,0.3334522789764361,0.0,0.0,0.0,0.0,0.0,0.0,0.2268965308518107,0.3298198923893533,0.3347457724441651,0.0,0.3136692735608198,0.0,0.0,0.3046912574231722,0.241030402376884,0.2046756053021464,0.2259132168133031,0.2838471673836149,0.2721079856668862,0.258928947887298,0.0,0.2426203771464102,0.204748272920782,0.2398628580947762,0.2530344630521665,0.0,0.0,0.2077752139129938,0.0,0.0,0.0,0.0,0.0,0.0,0.0,0.0,0.0,0.2863471371727988,0.0,0.2903704875657488,0.0,0.0,0.0,0.0,0.0,0.0,0.0,0.0,0.0,0.0,0.0,0.2561083377170983,0.0,0.2502467416476405,0.0,0.0,0.0,0.0,0.0
0.4366826457066059,0.4292719092658514,0.5029731800067928,0.0,0.0,0.4967976082869704,0.0,0.4446763700098387,0.5030652740064562,0.2969437451167525,0.3843545426435392,0.2540693551398363,0.5084155080168405,0.0,0.4470010245052925,0.4357710026273475,0.0,0.4516925091165403,0.0,0.4470890234924765,0.4452469598269994,0.4548836148407306,0.4942426499471583,0.3076477301423779,0.4368800959942527,0.4460396261195328,0.4877885135996899,0.4475124285156663,0.4677719673658494,0.4774704123822244,0.4549994508650065,0.2531096781435767,0.2776860054201784,0.3462250088640932,0.3425766912429296,0.293349266318711,0.2549362612837555,0.2426203771464102,0.0,0.3248483772343109,0.3559787139009168,0.3678023557687823,0.2390590736947859,0.2987199075785385,0.2689665513314152,0.3983431386812192,0.3916086170988683,0.4568884650873492,0.28219342465274,0.3850438885444832,0.3998674110098,0.3856794391511344,0.3106744216368696,0.4561112958022444,0.3140076170428546,0.3402761200628229,0.2540416308591766,0.4022765478514729,0.2302882469892354,0.4042213728246197,0.4190127584362942,0.4142503836769328,0.4217283512407176,0.4393957056679421,0.4216031646052408,0.4075725773683325,0.4064219710831001,0.4095805616451471,0.3017018472695962,0.3993913094801012,0.4028215646919044,0.4143912605400794,0.3596848831351529,0.4033013418096309,0.3720206742605623,0.3573618999981725
0.4224813312390804,0.4114604332640456,0.0,0.0,0.0,0.0,0.0,0.0,0.0,0.3556058342546331,0.0,0.3713664370002041,0.0,0.0,0.4459385260181309,0.4170680081267813,0.3972366659715183,0.4365070478604563,0.0,0.0,0.0,0.4502436740030871,0.4213531616084074,0.323633123653421,0.4181266032708149,0.432424001334719,0.0,0.0,0.0,0.0,0.0,0.2544349043247626,0.2151716735900387,0.0,0.0,0.2122145879577143,0.0,0.204748272920782,0.3248483772343109,0.0,0.26050594593549,0.3384075257340951,0.3739906303650792,0.240468839604554,0.2130873286551803,0.3400078071982387,0.31970114374851,0.0,0.0,0.0,0.3839893779091924,0.3963030119927695,0.4916742296559684,0.435960456900242,0.313573482002894,0.4341356711816603,0.2738195900377096,0.392490492973191,0.0,0.3673154400664856,0.3517773293912425,0.3510038032583149,0.3603595628605259,0.0,0.354919695679013,0.4023532928982455,0.359989252034037,0.3768459450153419,0.2629979209360874,0.3300700936200484,0.3519351031770801,0.3761894141412729,0.3209449964510246,0.3573388786540371,0.0,0.3034430126134876
0.4150030722439482,0.4017123358245693,0.0,0.0,0.0,0.4951569477345475,0.0,0.4518049338982784,0.0,0.3748855294209071,0.0,0.3945805263540446,0.0,0.0,0.4522902158043032,0.4362625254118719,0.0,0.4270345230363908,0.0,0.4673614615851246,0.470315036175043,0.4500996277263105,0.5032368392665817,0.3336942774591606,0.415734997315455,0.4343281970951863,0.5030864433590632,0.5097331866618894,0.483378882771146,0.0,0.4241435190219483,0.3205018324650708,0.2648979495756182,0.4251439144166857,0.302490369724655,0.281284506612277,0.2734458068926829,0.2398628580947762,0.3559787139009168,0.26050594593549,0.0,0.3451848885084768,0.371512591616459,0.2859902892381591,0.2592350443079467,0.3517325184918287,0.3405000170639549,0.4568266446716148,0.2610799428161565,0.4011556863077602,0.4093577471022504,0.365825443875839,0.4073104772636499,0.4567455694963574,0.3084630477468847,0.4208291659875494,0.2856113263479047,0.3740898684877317,0.0,0.3993416090936362,0.3752019788973167,0.3738154907637209,0.3835044138954401,0.445869814299344,0.3973820469156499,0.4120972707185875,0.3843149154978706,0.4278824738339864,0.2884320211979914,0.3579234916897414,0.3705026232592177,0.4134026775283477,0.3285469903199206,0.3787578135943758,0.3349379760316158,0.2709964437015433
0.0,0.4319647524865282,0.0,0.0,0.0,0.0,0.0,0.0,0.0,0.0,0.0,0.0,0.0,0.0,0.4631215899411092,0.4536625120500072,0.0,0.4299775059406541,0.0,0.4609929847863727,0.5019362909611775,0.4695925091504019,0.5029495023833971,0.0,0.43022384317361,0.4443172801799033,0.0,0.0,0.4920574913290022,0.0,0.0,0.3100371814178129,0.2895979518151804,0.3299923310859148,0.3362901610454237,0.2962949374435454,0.2949409852612171,0.2530344630521665,0.3678023557687823,0.3384075257340951,0.3451848885084768,0.0,0.4096643335179213,0.3357966566963188,0.2731867376420914,0.3972408707035501,0.3799650026900175,0.4574879195421288,0.3104114418342532,0.4086340651660684,0.4059716394692571,0.3692234977990424,0.4338498189702608,0.4583141174039132,0.2910435733992688,0.4182949908937953,0.2855718549757208,0.4037773978381148,0.0,0.4298748988582631,0.4203010056765093,0.4047730525300415,0.4100299795944334,0.451434925452544,0.4300796160713028,0.4644547135349597,0.4261724270747301,0.4294608329237299,0.2257699015761361,0.3874580320371261,0.4048184715903769,0.4207518597511938,0.3197688994506611,0.4037726483231472,0.3328012122899957,0.2868271574130857
0.0,0.0,0.4387516187007273,0.0,0.3589023851595524,0.4747460938926146,0.0,0.4219498037275148,0.462012114225493,0.0,0.3619916046890927,0.0,0.4783305749036879,0.3318481987907427,0.0,0.0,0.0,0.0,0.4181061634975948,0.0,0.0,0.0,0.4516678157478433,0.0,0.0,0.0,0.4630671156707774,0.468509965237487,0.0,0.0,0.0,0.2732944261435392,0.0,0.5118561603041629,0.3058792538166494,0.2751255429880322,0.0,0.0,0.2390590736947859,0.3739906303650792,0.371512591616459,0.4096643335179213,0.0,0.2089511431896393,0.2944342302846455,0.0,0.0,0.4199370706168994,0.1599000747155307,0.2039411587234454,0.4077266216087085,0.2720118214747361,0.3232782500186187,0.4242073311391134,0.3442212548327121,0.3323621527579015,0.3068401089483067,0.3208721506384649,0.1877415983971888,0.4846534943557509,0.0,0.3915456153081114,0.0,0.4057544494804257,0.4785134163983827,0.4421118853155663,0.4699409558122136,0.403058955165523,0.3541443900344855,0.3687686062687952,0.4030688866033284,0.4479299458288762,0.2743111351460497,0.4378896663114013,0.0,0.3663889842842365
