0.0,0.3932333760817502,0.0,0.0,0.0,0.0,0.0,0.5060735069262801,0.0,0.4198005022736183,0.0,0.3838537469390128,0.0,0.0,0.3777360966008271,0.3721034374064193,0.4130399163286706,0.372126537788894,0.0,0.0,0.4116671329327528,0.3827211796874187,0.4696387212303812,0.3490506416551534,0.3740245477840209,0.3674488325775537,0.4643746284898734,0.0,0.4469419586473394,0.0,0.3659527938169826,0.4032258992957894,0.3318935962985492,0.357334782568396,0.4090082536334243,0.0,0.0,0.0,0.4344986520868527,0.407750139224832,0.4248472405331234,0.0,0.0,0.0,0.0,0.3929776212620249,0.4725828507168637,0.0,0.0,0.0,0.0,0.0,0.0,0.0,0.499497505988449,0.0,0.0,0.0,0.0,0.0,0.4428583161993516,0.0,0.4720256334072464,0.0,0.0,0.407501390987285,0.4518946507614402,0.0,0.3955062727139788,0.4559717812181025,0.4539942018073935,0.0,0.0,0.0,0.0,0.0
0.3932333760817502,0.0,0.0,0.0,0.4093808537350747,0.3963918174364562,0.4317236716314857,0.4545077186711888,0.4045757451642041,0.0,0.0,0.0,0.4475089843740732,0.0,0.4127232886484514,0.3939102008523317,0.0,0.395494249917345,0.0,0.4304211718798507,0.3970321700228019,0.3973202483611583,0.4208798514502368,0.0,0.3664664180435488,0.3859646882884041,0.4211106917227682,0.4339401245004454,0.422101426376856,0.0,0.3679696216476492,0.4053724391215494,0.3593817163597677,0.385580948519532,0.4283435297608697,0.0,0.0,0.0,0.4578041059104757,0.4268836980898717,0.4575878580928789,0.4724988846891125,0.0,0.0,0.0,0.4537403035985431,0.4903885653380975,0.0,0.0,0.0,0.0,0.0,0.0,0.0,0.0,0.0,0.0,0.0,0.0,0.4770322983855849,0.4515871074113061,0.0,0.4543631159691969,0.0,0.4524844278708205,0.4734036734596828,0.4697120065825113,0.4841816241856286,0.0,0.4528715901688842,0.4766695554824111,0.4674472798554052,0.0,0.4716878029786741,0.0,0.4294732015515983
0.0,0.0,0.0,0.0,0.4052108438133363,0.3552566021356758,0.44705966852563,0.4828568733255298,0.3022348104372784,0.0,0.3155072558859931,0.0,0.4588582085265555,0.4397034981885797,0.0,0.0,0.0,0.0,0.2827607065061692,0.0,0.0,0.0,0.3120825178599524,0.0,0.0,0.0,0.3270427292868427,0.4613554816026156,0.0,0.4923493052189377,0.4753726715354497,0.438186134844127,0.0,0.4767699171716335,0.469350098297433,0.4334799407690007,0.4659994566139304,0.0,0.5226856217755009,0.0,0.0,0.0,0.5130597408104249,0.0,0.0,0.0,0.0,0.3000388574993266,0.0,0.6206471599735688,0.5653418338869373,0.0,0.5635467801138127,0.5575796415831276,0.0,0.345557485332046,0.0,0.0,0.0,0.0,0.0,0.0,0.0,0.2630839748368504,0.0,0.0,0.0,0.5784674196544296,0.0,0.0,0.0,0.5531504011197815,0.0,0.0,0.0,0.0
0.0,0.0,0.0,0.0,0.2885978171730923,0.4004172625782632,0.2865061320510755,0.3679509904736842,0.4368461799979852,0.0,0.3733391588436419,0.0,0.302557349812128,0.2813726161109472,0.0,0.0,0.0,0.0,0.0,0.0,0.0,0.0,0.3893516717356981,0.0,0.0,0.0,0.4174841055445365,0.3094724102710188,0.0,0.0,0.0,0.2761520741114373,0.0,0.2785381142437003,0.3590655161553265,0.2165768683203986,0.2083072138959524,0.0,0.0,0.0,0.0,0.0,0.0,0.0,0.0,0.0,0.0,0.0,0.0,0.0,0.0,0.0,0.0,0.0,0.0,0.0,0.0,0.0,0.0,0.0,0.0,0.0,0.0,0.0,0.0,0.0,0.0,0.0,0.0,0.0,0.0,0.0,0.0,0.0,0.0,0.0
0.0,0.4093808537350747,0.4052108438133363,0.2885978171730923,0.0,0.3906195363101842,0.3267707859441172,0.433870671872193,0.362970835302155,0.4338735816846916,0.35298951399419,0.437630246082459,0.3914968354804599,0.3312255149110255,0.0,0.0,0.0,0.0,0.4112941158730235,0.3968525286984313,0.0,0.4133640802043055,0.4164215008494861,0.0,0.4062512910296526,0.0,0.4036494863853885,0.429968530303224,0.3926798186838017,0.0,0.4757282996916367,0.3673604439409032,0.454962837986573,0.4544087684209792,0.4635644357332408,0.2637000222171489,0.2551231765526394,0.4419054945281601,0.0,0.0,0.0,0.0,0.4148496144887238,0.0,0.0,0.0,0.0,0.5317840228427654,0.0,0.0,0.0,0.0,0.5347202895040243,0.5629387423228683,0.0,0.0,0.0,0.0,0.0,0.0,0.0,0.0,0.0,0.0,0.0,0.0,0.0,0.5212589374464882,0.0,0.0,0.0,0.5663250498416321,0.0,0.0,0.0,0.0
0.0,0.3963918174364562,0.3552566021356758,0.4004172625782632,0.3906195363101842,0.0,0.4199373056729056,0.4252734226629533,0.3502722847244151,0.4403288876942183,0.4129513546674979,0.0,0.3910510744140247,0.4396064396313633,0.4223725511458623,0.4246748360900225,0.0,0.4042937278603054,0.4244416036067789,0.4194624183411656,0.4041208914116644,0.4203479481538583,0.3692574162520969,0.0,0.3829434365419816,0.4095075537066894,0.3554802911867556,0.391692027797705,0.3770198319960038,0.4124140165133622,0.422353709213878,0.398692976945309,0.385996721750066,0.4207596630733112,0.4223241371416062,0.4357894941704889,0.4264255641804943,0.0,0.5042414805355317,0.0,0.516353705451387,0.0,0.4868342091012594,0.0,0.0,0.0,0.0,0.5409166991838162,0.0,0.0,0.5067895914101908,0.533104418023609,0.4946698683743966,0.5492823823544054,0.0,0.5099497874685931,0.0,0.5175690408436311,0.0,0.4871278817306911,0.0,0.0,0.0,0.558976543165837,0.4856585091092295,0.0,0.4957814592380863,0.5121493401029495,0.0,0.0,0.0,0.4972127913236823,0.5043705990947681,0.4704720216613998,0.0,0.5191000611730421
0.0,0.4317236716314857,0.44705966852563,0.2865061320510755,0.3267707859441172,0.4199373056729056,0.0,0.4840965682746345,0.4202871557990642,0.4100858507762952,0.4681582511378621,0.4057962137137765,0.3335174344737246,0.3578869842043714,0.0,0.4525408483501825,0.4507773691304933,0.4433465197854411,0.4735659539292068,0.4487357921313121,0.0,0.4672977495153386,0.4350579702747557,0.3871490059302929,0.4229896478310072,0.424629779959265,0.4306657476147724,0.3832493013339556,0.4427408913970697,0.0,0.4419266887638476,0.3962837854881467,0.4186990478212592,0.4146110772118813,0.4475386762649432,0.3053160916649797,0.2892493903015091,0.3985760202765407,0.0,0.0,0.0,0.0,0.0,0.0,0.0,0.0,0.0,0.0,0.0,0.0,0.553383788518662,0.0,0.0,0.0,0.0,0.0,0.0,0.0,0.0,0.0,0.0,0.0,0.0,0.0,0.0,0.0,0.0,0.5319006305606111,0.0,0.0,0.0,0.5222952786396795,0.0,0.0,0.0,0.0
0.5060735069262801,0.4545077186711888,0.4828568733255298,0.3679509904736842,0.433870671872193,0.4252734226629533,0.4840965682746345,0.0,0.5136401861909533,0.0,0.3647578929097253,0.0,0.4547556469585134,0.3888941114314426,0.4413052085358995,0.4628470151492058,0.0,0.4658006576832781,0.4984838496479556,0.4049254425539847,0.4135242266230408,0.4624295849523744,0.3872096628462287,0.4902681385855396,0.4490690431306225,0.4784962551077965,0.4562193948518356,0.4459766732843148,0.411267939259993,0.4158377154955474,0.4711071118890289,0.3875273363478047,0.4409709035260845,0.4646614997096497,0.4597191972463794,0.3439619263486843,0.4879674259376066,0.0,0.4491450244500612,0.0,0.4888782012656614,0.0,0.4111201776462549,0.0,0.0,0.0,0.0,0.5704086902801264,0.0,0.56106115363334,0.4662805520824579,0.5316394570208687,0.4237672399359578,0.5683287016850934,0.0,0.5316535060424548,0.0,0.4946089971517092,0.0,0.506639512118132,0.0,0.0,0.0,0.5713346006051022,0.4797981986847822,0.4319853678848336,0.0,0.4874773148556261,0.0,0.0,0.0,0.4869726332812434,0.4878905901770997,0.4717841403566993,0.0,0.4900201084136712
0.0,0.4045757451642041,0.3022348104372784,0.4368461799979852,0.362970835302155,0.3502722847244151,0.4202871557990642,0.5136401861909533,0.0,0.4701412350988729,0.370409852281886,0.4805277649030784,0.4245891434661997,0.4521207924336907,0.0,0.4248142496185698,0.0,0.0,0.3022424898105,0.4146471634118931,0.0,0.422246389894473,0.4413214069180054,0.0,0.0,0.0,0.3823768862518795,0.4734894407293733,0.4219665875276862,0.4657628917828171,0.5014636416358382,0.4545411693222583,0.4585670243838485,0.4853651306645649,0.474956350790894,0.455049199192925,0.4547175785449068,0.4557865285058924,0.5274925162100577,0.0,0.0,0.0,0.5228817263985347,0.0,0.0,0.0,0.0,0.5813201336239775,0.0,0.0,0.5699757882140977,0.0,0.6050377633882562,0.5821794475464216,0.0,0.5575611729613626,0.0,0.0,0.524464845204445,0.0,0.0,0.0,0.0,0.5810563130247975,0.0,0.0,0.0,0.5817526523214324,0.0,0.0,0.0,0.5565967532429281,0.0,0.0,0.0,0.0
0.4198005022736183,0.0,0.0,0.0,0.4338735816846916,0.4403288876942183,0.4100858507762952,0.0,0.4701412350988729,0.0,0.4671282330664159,0.3139747107865555,0.41001677493252,0.0,0.0,0.3534259064299603,0.3271561878245167,0.3419435639750807,0.4905318144888421,0.0,0.0,0.3616061239615356,0.4642603224525459,0.3169734832810359,0.3543858246848242,0.3601246346451955,0.4384902873980945,0.3934885686857053,0.0,0.0,0.3231928562858688,0.2954230516637963,0.330688899750543,0.2928578485577446,0.2952365955811978,0.3785904055259597,0.3001878447382817,0.275804214574202,0.432959396338929,0.3909477148111906,0.3756409923042437,0.0,0.0,0.0,0.3062583484128663,0.0,0.0,0.0,0.0,0.0,0.0,0.0,0.0,0.0,0.454284385178794,0.0,0.4617366302620387,0.0,0.0,0.0,0.0,0.4670360168642331,0.4192532828851563,0.0,0.0,0.0,0.0,0.0,0.431615211359189,0.453093100891018,0.4621138556695723,0.0,0.4021559029925195,0.0,0.0,0.4286082217179005
0.0,0.0,0.3155072558859931,0.3733391588436419,0.35298951399419,0.4129513546674979,0.4681582511378621,0.3647578929097253,0.370409852281886,0.4671282330664159,0.0,0.4731794868684858,0.4823077833515843,0.3429948371230031,0.0,0.0,0.0,0.0,0.2797423916535122,0.0,0.0,0.0,0.2948233486647195,0.0,0.0,0.0,0.3995548415538352,0.4840265201258107,0.0,0.0,0.5155867185599067,0.4078290486162509,0.4928053873796789,0.4744818948557976,0.4857057443847804,0.3677188906455992,0.4464534551913798,0.4702322591141475,0.4687085742278786,0.0,0.0,0.0,0.4499404354665016,0.0,0.0,0.0,0.0,0.5463241583825219,0.0,0.5038814808922347,0.5673141869962229,0.5505686859122032,0.5485041135855239,0.5262778784606983,0.0,0.2757166626772099,0.0,0.5591749596823841,0.4606715215726411,0.0,0.0,0.0,0.0,0.3392894904668225,0.0,0.0,0.0,0.544173927092408,0.0,0.0,0.0,0.538918553284314,0.0,0.0,0.0,0.0
0.3838537469390128,0.0,0.0,0.0,0.437630246082459,0.0,0.4057962137137765,0.0,0.4805277649030784,0.3139747107865555,0.4731794868684858,0.0,0.3962736753966433,0.0,0.0,0.0,0.374378148129499,0.372792786761783,0.0,0.0,0.0,0.0,0.0,0.3010108641005663,0.3802447706708819,0.3449920537079798,0.0,0.3594912640905287,0.0,0.0,0.3212810768029551,0.2897144696829563,0.3422532857049537,0.2693715728009808,0.3515851629224499,0.3262709418692172,0.3156145344189039,0.2656061021793544,0.2668075202777868,0.4151963631495125,0.3769511417833567,0.0,0.0,0.0,0.3052969102425093,0.0,0.0,0.0,0.0,0.0,0.0,0.0,0.0,0.0,0.4676956564457133,0.0,0.4705919783922749,0.0,0.0,0.0,0.0,0.4791588998483316,0.4511548108321614,0.0,0.0,0.0,0.0,0.0,0.4465719795897361,0.4688983047606505,0.4713538828546357,0.0,0.0,0.0,0.0,0.4438793190100665
0.0,0.4475089843740732,0.4588582085265555,0.302557349812128,0.3914968354804599,0.3910510744140247,0.3335174344737246,0.4547556469585134,0.4245891434661997,0.41001677493252,0.4823077833515843,0.3962736753966433,0.0,0.3839614215660112,0.0,0.4561458146056252,0.4307755182198742,0.4405248921036536,0.4805550098084154,0.4482975150057605,0.0,0.4645358201640958,0.4334307740328748,0.3947752644931166,0.4245865062771519,0.4118945570431011,0.4385545547058607,0.3490391725644802,0.4183888361668358,0.4280573863843459,0.4207560878557074,0.4003612313941493,0.4193047373313787,0.4217536551900616,0.4323251722321171,0.3435384800379356,0.3326798134983243,0.3917166434748936,0.4824106432895583,0.0,0.0,0.0,0.5199970725293408,0.0,0.0,0.0,0.0,0.6022522371489156,0.0,0.0,0.5202876773340442,0.0,0.5092695255402476,0.0,0.0,0.0,0.0,0.0,0.0,0.0,0.0,0.0,0.0,0.0,0.0,0.0,0.0,0.5171578820702475,0.0,0.0,0.0,0.5011406032943829,0.0,0.0,0.0,0.0
0.0,0.0,0.4397034981885797,0.2813726161109472,0.3312255149110255,0.4396064396313633,0.3578869842043714,0.3888941114314426,0.4521207924336907,0.0,0.3429948371230031,0.0,0.3839614215660112,0.0,0.0,0.0,0.0,0.0,0.4453616446460172,0.0,0.4478955823958596,0.0,0.4297347955865753,0.0,0.0,0.0,0.4391051670709743,0.3272377264142855,0.0,0.0,0.0,0.2678636195501258,0.0,0.4363748282362599,0.0,0.2281204856553323,0.1997261151007753,0.0,0.0,0.0,0.0,0.0,0.4040292560351796,0.0,0.0,0.0,0.0,0.538803256469539,0.0,0.0,0.0,0.0,0.0,0.5195924896715801,0.0,0.4820691930116328,0.0,0.0,0.0,0.0,0.0,0.0,0.0,0.0,0.0,0.0,0.0,0.5046237135354764,0.0,0.0,0.0,0.0,0.0,0.0,0.0,0.0
0.3777360966008271,0.4127232886484514,0.0,0.0,0.0,0.4223725511458623,0.0,0.4413052085358995,0.0,0.0,0.0,0.0,0.0,0.0,0.0,0.4069843601679683,0.0,0.3986621173713767,0.0,0.3543511992551096,0.382869083274126,0.363592823039488,0.3931800229861855,0.4227691121621699,0.401336037676937,0.369864637492799,0.4095074984566915,0.4094707407557643,0.4055429473343791,0.0,0.4040244120592849,0.4291009986547279,0.4168888125122031,0.4287996754476164,0.4666167080058467,0.4634551803588816,0.0,0.0,0.4737356482204877,0.4544436237946475,0.4879171954804815,0.5088403512080845,0.0,0.0,0.0,0.0,0.4954523876354321,0.0,0.0,0.0,0.4704542325045654,0.0,0.426360764095666,0.0,0.0,0.0,0.0,0.0,0.0,0.4430559832360072,0.4993385352927305,0.0,0.0,0.0,0.4856699037907191,0.4504081151558548,0.5037919258528796,0.4749726721084783,0.0,0.0,0.5051472391233315,0.4853783294074298,0.5059218252634268,0.479620546098376,0.0,0.4857657269312752
0.3721034374064193,0.3939102008523317,0.0,0.0,0.0,0.4246748360900225,0.4525408483501825,0.4628470151492058,0.4248142496185698,0.3534259064299603,0.0,0.0,0.4561458146056252,0.0,0.4069843601679683,0.0,0.3479418247600477,0.3147317087569714,0.0,0.4051887248395611,0.3900410103224973,0.3586736467451485,0.4293594094668978,0.3718934534947848,0.3842709503400641,0.3868437238599685,0.4343128393224604,0.4461093870745626,0.4402389986178134,0.4393696064666993,0.351622242914609,0.4392893952815684,0.3776365378345515,0.3874784095043793,0.4336746701791352,0.0,0.0,0.0,0.4333393791279599,0.39607088467021,0.4248322629155449,0.4461820825170095,0.0,0.0,0.0,0.4354509987128741,0.4472230138207378,0.0,0.0,0.0,0.0,0.0,0.0,0.0,0.0,0.0,0.0,0.0,0.0,0.4848925990184907,0.4280677362504269,0.0,0.4243838804968892,0.0,0.4651141872307493,0.0,0.4386154306217521,0.0,0.0,0.4333457815154982,0.4520471710589751,0.0,0.0,0.0,0.0,0.3960890295828774
0.4130399163286706,0.0,0.0,0.0,0.0,0.0,0.4507773691304933,0.0,0.0,0.3271561878245167,0.0,0.374378148129499,0.4307755182198742,0.0,0.0,0.3479418247600477,0.0,0.3150988856021849,0.0,0.4199096897820674,0.0,0.3743120711042902,0.0,0.3784285839646703,0.3558459573960862,0.360235153283224,0.0,0.4296563558787246,0.0,0.0,0.3391706953729665,0.3935931461454705,0.374348104315159,0.3532786639663955,0.3726211886335211,0.0,0.0,0.3522731066833492,0.0,0.4074457339971469,0.4740498690437004,0.0,0.0,0.0,0.0,0.0,0.0,0.0,0.0,0.0,0.0,0.0,0.0,0.0,0.4714847035041484,0.0,0.4614956002026157,0.0,0.0,0.0,0.0,0.476082270077393,0.4303501233726636,0.0,0.0,0.0,0.0,0.0,0.4612178583863172,0.4509967469386119,0.4635015708459715,0.0,0.0,0.0,0.0,0.0
0.372126537788894,0.395494249917345,0.0,0.0,0.0,0.4042937278603054,0.4433465197854411,0.4658006576832781,0.0,0.3419435639750807,0.0,0.372792786761783,0.4405248921036536,0.0,0.3986621173713767,0.3147317087569714,0.3150988856021849,0.0,0.0,0.40860103902911,0.4057322525319654,0.3924531030193448,0.4241874668560718,0.3658056325589531,0.339129805691166,0.3727866015281431,0.4201854704517095,0.4354263397855989,0.443061772034469,0.0,0.3595659576100693,0.4179475833252474,0.3655769012925156,0.3666530269105711,0.3897693578762486,0.0,0.0,0.0,0.4281029200622643,0.3890316341209866,0.4263645466722809,0.0,0.0,0.0,0.0,0.4253474969477845,0.4293785012979848,0.0,0.0,0.0,0.0,0.0,0.0,0.0,0.450783194615845,0.0,0.4489186251897034,0.0,0.0,0.0,0.4139997433834926,0.4790690213200589,0.4344610632393594,0.0,0.0,0.0,0.4232147808495082,0.0,0.4583567239664545,0.4401740374315289,0.4491988220011688,0.0,0.0,0.0,0.0,0.4157296361070048
0.0,0.0,0.2827607065061692,0.0,0.4112941158730235,0.4244416036067789,0.4735659539292068,0.4984838496479556,0.3022424898105,0.4905318144888421,0.2797423916535122,0.0,0.4805550098084154,0.4453616446460172,0.0,0.0,0.0,0.0,0.0,0.0,0.0,0.0,0.3179159002762021,0.0,0.0,0.0,0.4163534683939504,0.4873311871522351,0.0,0.0,0.4861645365295861,0.4385172952420567,0.0,0.4724662869207346,0.4682022373017562,0.4377490273048496,0.4569257777513927,0.0,0.5092369444138142,0.0,0.0,0.0,0.4985490321317954,0.0,0.0,0.0,0.0,0.5581192858863773,0.0,0.0,0.5748975107101669,0.0,0.576811553776935,0.5783208344250026,0.0,0.5334173195433377,0.0,0.0,0.0,0.0,0.0,0.0,0.0,0.5682043503528633,0.0,0.0,0.0,0.5680975411192943,0.0,0.0,0.0,0.5606457347588453,0.0,0.0,0.0,0.0
0.0,0.4304211718798507,0.0,0.0,0.3968525286984313,0.4194624183411656,0.4487357921313121,0.4049254425539847,0.4146471634118931,0.0,0.0,0.0,0.4482975150057605,0.0,0.3543511992551096,0.4051887248395611,0.4199096897820674,0.40860103902911,0.0,0.0,0.4363241677025821,0.3485294720344438,0.2758597284779809,0.0,0.4069918348025804,0.4218225709091458,0.3663660024126218,0.3996054012927497,0.340996985110705,0.2940231822396784,0.3828756548088625,0.4336829077644433,0.3912700053151063,0.4443471840538728,0.4720086696966213,0.4985486782926009,0.4528230937586757,0.0,0.4556238004602481,0.4221529549142928,0.4825101380180853,0.4919262847355321,0.0,0.0,0.0,0.0,0.464662106409085,0.0,0.0,0.0,0.4884180072402581,0.0,0.500893692737332,0.0,0.0,0.0,0.0,0.0,0.0,0.4773559748570805,0.0,0.0,0.0,0.0,0.4874066642262308,0.4786358249687312,0.4705237241992374,0.4911078562406461,0.0,0.0,0.4755585630524682,0.4886593276640097,0.4962053988447533,0.4791916798705147,0.0,0.4951164851612968
0.4116671329327528,0.3970321700228019,0.0,0.0,0.0,0.4041208914116644,0.0,0.4135242266230408,0.0,0.0,0.0,0.0,0.0,0.4478955823958596,0.382869083274126,0.3900410103224973,0.0,0.4057322525319654,0.0,0.4363241677025821,0.0,0.4173407546150245,0.400981963725219,0.4473616819863704,0.395721620342715,0.4100129207501151,0.428265930852087,0.4220074153499824,0.4234925335068724,0.0,0.3594013017731284,0.4158659709339062,0.3875587651663207,0.3908938587873486,0.442220474004978,0.450529524232119,0.0,0.0,0.4447237362364881,0.4566550648217242,0.4607894595321838,0.0,0.0,0.0,0.0,0.3431641875901338,0.4804669281276324,0.0,0.0,0.0,0.4428834350829736,0.0,0.4417770522778872,0.0,0.0,0.0,0.0,0.0,0.0,0.4528114577517186,0.4572816147412289,0.0,0.0,0.0,0.4637935731430968,0.436074641269636,0.4840420684618201,0.4537435963541689,0.0,0.4745539364350848,0.4887446290972698,0.4586702344692047,0.4772722343173003,0.4911037656318773,0.0,0.0
0.3827211796874187,0.3973202483611583,0.0,0.0,0.4133640802043055,0.4203479481538583,0.4672977495153386,0.4624295849523744,0.422246389894473,0.3616061239615356,0.0,0.0,0.4645358201640958,0.0,0.363592823039488,0.3586736467451485,0.3743120711042902,0.3924531030193448,0.0,0.3485294720344438,0.4173407546150245,0.0,0.4305448670903349,0.0,0.4035056175822679,0.3928152347626869,0.4381663390689153,0.4421935969037415,0.4129053113483283,0.3988359799705958,0.3711361839216438,0.4213138491438217,0.3807946601698684,0.4157464083458685,0.4608741936750273,0.4644249000111779,0.0,0.0,0.447617078106086,0.4226303725831475,0.466132841217559,0.4903468824556387,0.0,0.0,0.0,0.0,0.4615521051952422,0.0,0.0,0.0,0.4765393246957877,0.0,0.0,0.0,0.0,0.0,0.0,0.0,0.0,0.4933948894850601,0.448901487801293,0.0,0.4778636064362528,0.0,0.4825479189987363,0.4892404856602854,0.491159004641706,0.4846008709854614,0.0,0.4380476989647608,0.4874792587383235,0.478181170915531,0.0,0.4654329903731976,0.0,0.4494400342789958
0.4696387212303812,0.4208798514502368,0.3120825178599524,0.3893516717356981,0.4164215008494861,0.3692574162520969,0.4350579702747557,0.3872096628462287,0.4413214069180054,0.4642603224525459,0.2948233486647195,0.0,0.4334307740328748,0.4297347955865753,0.3931800229861855,0.4293594094668978,0.0,0.4241874668560718,0.3179159002762021,0.2758597284779809,0.400981963725219,0.4305448670903349,0.0,0.4722155175741268,0.4121177861105738,0.4407015634713672,0.2973979308996883,0.4294019874181334,0.4069937069597846,0.4105137331076325,0.428578340778181,0.3999218466525293,0.4004226298164764,0.4312170883801783,0.4458156089290048,0.4088686972095997,0.4188823096762681,0.0,0.4977505642485057,0.4018718355730893,0.5229055056777742,0.5165715193225019,0.5058202596554839,0.0,0.0,0.0,0.4915229809577764,0.557895267276358,0.0,0.5508153593991193,0.5088337314964904,0.5333881740888151,0.513633883565374,0.5805886709317439,0.0,0.53255763109488,0.0,0.5143474966317666,0.0,0.4874159174973937,0.0,0.0,0.0,0.5549079249934235,0.4992303885120013,0.4600238245070144,0.4895213772313327,0.5111555747383412,0.0,0.0,0.4826858922390856,0.5038896137058057,0.5142837940142433,0.4948987346929364,0.5008708258649258,0.5196134858172874
0.3490506416551534,0.0,0.0,0.0,0.0,0.0,0.3871490059302929,0.4902681385855396,0.0,0.3169734832810359,0.0,0.3010108641005663,0.3947752644931166,0.0,0.4227691121621699,0.3718934534947848,0.3784285839646703,0.3658056325589531,0.0,0.0,0.4473616819863704,0.0,0.4722155175741268,0.0,0.3574436445448911,0.338302808966273,0.0,0.3771654363074582,0.0,0.0,0.3191508659068669,0.3006752760701318,0.2786498140109057,0.2728765036103661,0.4164277242937418,0.3256698238990752,0.0,0.2154287215071273,0.4105582059675495,0.3977837397446564,0.368538907323758,0.0,0.0,0.0,0.2432628024569366,0.4727919248194602,0.0,0.0,0.0,0.0,0.0,0.0,0.0,0.0,0.4300086683188853,0.0,0.4403543971286341,0.0,0.0,0.0,0.4527193522536975,0.4878050879717807,0.4643237464716048,0.0,0.0,0.0,0.0,0.0,0.4218619258301385,0.479834245469735,0.4725502992746945,0.0,0.0,0.0,0.0,0.441537952440549
0.3740245477840209,0.3664664180435488,0.0,0.0,0.4062512910296526,0.3829434365419816,0.4229896478310072,0.4490690431306225,0.0,0.3543858246848242,0.0,0.3802447706708819,0.4245865062771519,0.0,0.401336037676937,0.3842709503400641,0.3558459573960862,0.339129805691166,0.0,0.4069918348025804,0.395721620342715,0.4035056175822679,0.4121177861105738,0.3574436445448911,0.0,0.3693020237471039,0.4081100966162735,0.4308972261948593,0.4105218959265985,0.0,0.3786725948577968,0.4093772329729565,0.3474371835412338,0.3579586637170657,0.3765642296828153,0.0,0.0,0.3351485290806049,0.445524516698951,0.4091765231928452,0.4338204837867684,0.4557906203602211,0.0,0.0,0.0,0.4325911770206313,0.4591784705103775,0.0,0.0,0.0,0.0,0.0,0.0,0.0,0.4730742734022993,0.0,0.4624984806616394,0.0,0.0,0.0,0.4274179137279608,0.4675499760317785,0.4476320606480605,0.0,0.4538325617886627,0.4559541878314582,0.4391348003556755,0.0,0.4798077868493886,0.4546545442056389,0.4607015535404428,0.0,0.0,0.0,0.0,0.4418411222366111
0.3674488325775537,0.3859646882884041,0.0,0.0,0.0,0.4095075537066894,0.424629779959265,0.4784962551077965,0.0,0.3601246346451955,0.0,0.3449920537079798,0.4118945570431011,0.0,0.369864637492799,0.3868437238599685,0.360235153283224,0.3727866015281431,0.0,0.4218225709091458,0.4100129207501151,0.3928152347626869,0.4407015634713672,0.338302808966273,0.3693020237471039,0.0,0.4410283506086268,0.4288437389415306,0.409066016076136,0.0,0.3765927245991848,0.412207712956504,0.370048596974758,0.3843397472642172,0.4239491443707793,0.4586887131465514,0.0,0.3395587472146999,0.4478811297427515,0.4258532940190135,0.4526703883279754,0.4813427837050512,0.0,0.0,0.398842327438281,0.4378570026557752,0.4816328401077709,0.0,0.0,0.0,0.0,0.0,0.0,0.0,0.4733691732723732,0.0,0.4610635180475624,0.0,0.0,0.502084940451777,0.443366700222199,0.4885335331387146,0.4591590486281386,0.0,0.470843685414149,0.4992369628512883,0.491371464516126,0.4788330080709986,0.4767635364142073,0.462617957711664,0.4727486188440483,0.4920001223720349,0.0,0.4785398029978553,0.0,0.4522028597503444
0.4643746284898734,0.4211106917227682,0.3270427292868427,0.4174841055445365,0.4036494863853885,0.3554802911867556,0.4306657476147724,0.4562193948518356,0.3823768862518795,0.4384902873980945,0.3995548415538352,0.0,0.4385545547058607,0.4391051670709743,0.4095074984566915,0.4343128393224604,0.0,0.4201854704517095,0.4163534683939504,0.3663660024126218,0.428265930852087,0.4381663390689153,0.2973979308996883,0.0,0.4081100966162735,0.4410283506086268,0.0,0.4322465993309012,0.3842990975319499,0.3989125034620166,0.4135976451168071,0.4145823547549598,0.3863018776205978,0.4364430748915211,0.4598858601596707,0.4485882714069405,0.432521035275402,0.0,0.4905607371894517,0.0,0.5075994064161945,0.5109556551436858,0.4870299501792074,0.0,0.0,0.0,0.5174109824311915,0.564279778870139,0.0,0.0,0.4988755752035994,0.531914478141257,0.5121375314975567,0.5529736014626294,0.0,0.533829393960875,0.0,0.507373564533156,0.5497751003587465,0.4867415378112286,0.0,0.0,0.0,0.5720993354357315,0.4948721079444781,0.4832350000299896,0.4848968225586612,0.5082831319850923,0.0,0.0,0.4925755033814251,0.4972862335469594,0.5028002128810396,0.4886198718900859,0.5094381805474839,0.5087607579391851
0.0,0.4339401245004454,0.4613554816026156,0.3094724102710188,0.429968530303224,0.391692027797705,0.3832493013339556,0.4459766732843148,0.4734894407293733,0.3934885686857053,0.4840265201258107,0.3594912640905287,0.3490391725644802,0.3272377264142855,0.4094707407557643,0.4461093870745626,0.4296563558787246,0.4354263397855989,0.4873311871522351,0.3996054012927497,0.4220074153499824,0.4421935969037415,0.4294019874181334,0.3771654363074582,0.4308972261948593,0.4288437389415306,0.4322465993309012,0.0,0.3694575024944033,0.3182048745297372,0.3978688071385292,0.4039001307759691,0.3964943033819841,0.4087129543530466,0.3981154288929185,0.3313203295360801,0.3127288603034527,0.3705478205184507,0.4448615174674392,0.0,0.3920618583309903,0.0,0.5146023127106288,0.0,0.0,0.0,0.0,0.0,0.0,0.0,0.5018604339519598,0.0,0.4896017600428912,0.0,0.0,0.0,0.0,0.0,0.0,0.5190774644553005,0.0,0.0,0.0,0.0,0.490882049681015,0.0,0.0,0.5098965859670735,0.0,0.0,0.0,0.5013143537477586,0.5135034104908578,0.4885154796875548,0.0,0.5304295017066453
0.4469419586473394,0.422101426376856,0.0,0.0,0.3926798186838017,0.3770198319960038,0.4427408913970697,0.411267939259993,0.4219665875276862,0.0,0.0,0.0,0.4183888361668358,0.0,0.4055429473343791,0.4402389986178134,0.0,0.443061772034469,0.0,0.340996985110705,0.4234925335068724,0.4129053113483283,0.4069937069597846,0.0,0.4105218959265985,0.409066016076136,0.3842990975319499,0.3694575024944033,0.0,0.3696253979769881,0.3768421254725518,0.4083228751397958,0.3566369128009488,0.4329406881658571,0.4706034118457565,0.4884690529847607,0.4647238338879828,0.0,0.4745621180106122,0.0,0.5055870861590525,0.5184805452444861,0.0,0.0,0.0,0.0,0.4874786701850234,0.0,0.0,0.0,0.4846230529032651,0.0,0.4806930031542111,0.0,0.0,0.0,0.0,0.5193878518290809,0.0,0.4783851601762589,0.0,0.0,0.0,0.0,0.4759985580597609,0.4761568419619871,0.4679739551615811,0.4936459866850709,0.0,0.0,0.4891460784795676,0.4861546848536509,0.4898489681115355,0.4821537960127061,0.0,0.4966478029886455
0.0,0.0,0.4923493052189377,0.0,0.0,0.4124140165133622,0.0,0.4158377154955474,0.4657628917828171,0.0,0.0,0.0,0.4280573863843459,0.0,0.0,0.4393696064666993,0.0,0.0,0.0,0.2940231822396784,0.0,0.3988359799705958,0.4105137331076325,0.0,0.0,0.0,0.3989125034620166,0.3182048745297372,0.3696253979769881,0.0,0.3322952333765397,0.3998259257756177,0.0,0.3913788664441334,0.4146338184412914,0.0,0.0,0.0,0.5095778610667047,0.0,0.0,0.0,0.0,0.0,0.0,0.0,0.0,0.0,0.0,0.0,0.0,0.0,0.0,0.0,0.0,0.0,0.0,0.0,0.0,0.0,0.0,0.0,0.0,0.0,0.5131766137886723,0.0,0.0,0.4997155023790229,0.0,0.0,0.0,0.4948510375703323,0.0,0.0,0.0,0.0
0.3659527938169826,0.3679696216476492,0.4753726715354497,0.0,0.4757282996916367,0.422353709213878,0.4419266887638476,0.4711071118890289,0.5014636416358382,0.3231928562858688,0.5155867185599067,0.3212810768029551,0.4207560878557074,0.0,0.4040244120592849,0.351622242914609,0.3391706953729665,0.3595659576100693,0.4861645365295861,0.3828756548088625,0.3594013017731284,0.3711361839216438,0.428578340778181,0.3191508659068669,0.3786725948577968,0.3765927245991848,0.4135976451168071,0.3978688071385292,0.3768421254725518,0.3322952333765397,0.0,0.4031482914248931,0.3492027134693464,0.336120205318378,0.3464834802751044,0.4606654044645614,0.3614545017560123,0.2876313570138571,0.3913144448696351,0.3587374761655457,0.3352535079525203,0.0,0.0,0.0,0.0,0.0,0.4413149984041367,0.0,0.0,0.0,0.5273511549064765,0.0,0.524127647195116,0.0,0.4002108264165289,0.0,0.4120386719491815,0.0,0.0,0.4789637058762915,0.4106637783445029,0.0,0.4304994510544701,0.0,0.4739486550713845,0.4094950043294129,0.4432245568008252,0.5277765741711561,0.4621534554503597,0.4358671353175582,0.4503080723839253,0.5104464656667325,0.5250213057009849,0.0,0.0,0.4308298338681495
0.4032258992957894,0.4053724391215494,0.438186134844127,0.2761520741114373,0.3673604439409032,0.398692976945309,0.3962837854881467,0.3875273363478047,0.4545411693222583,0.2954230516637963,0.4078290486162509,0.2897144696829563,0.4003612313941493,0.2678636195501258,0.4291009986547279,0.4392893952815684,0.3935931461454705,0.4179475833252474,0.4385172952420567,0.4336829077644433,0.4158659709339062,0.4213138491438217,0.3999218466525293,0.3006752760701318,0.4093772329729565,0.412207712956504,0.4145823547549598,0.4039001307759691,0.4083228751397958,0.3998259257756177,0.4031482914248931,0.0,0.372271085558698,0.3820087954534928,0.3410836091550498,0.2736817347439041,0.3223006474336414,0.2579878758590849,0.2756816332041566,0.2936976569353012,0.2941245396913375,0.3092690726440219,0.3453194584466141,0.2741389138179214,0.2892956073759806,0.0,0.4674312585852886,0.533646686581996,0.0,0.0,0.4949029704586705,0.0,0.4915389487229502,0.5423813007303796,0.2851894209798328,0.438977841975734,0.2642249976007221,0.4953146904600589,0.0,0.4693530750819261,0.4448126525135164,0.0,0.4133270448106329,0.531543819310504,0.4591515821579122,0.4538264631379073,0.4532255230843088,0.503993698696339,0.0,0.4377064218714374,0.4719742827317754,0.4933547383066533,0.4106246664589755,0.4758952772248337,0.0,0.5229429312395647
0.3318935962985492,0.3593817163597677,0.0,0.0,0.454962837986573,0.385996721750066,0.4186990478212592,0.4409709035260845,0.4585670243838485,0.330688899750543,0.4928053873796789,0.3422532857049537,0.4193047373313787,0.0,0.4168888125122031,0.3776365378345515,0.374348104315159,0.3655769012925156,0.0,0.3912700053151063,0.3875587651663207,0.3807946601698684,0.4004226298164764,0.2786498140109057,0.3474371835412338,0.370048596974758,0.3863018776205978,0.3964943033819841,0.3566369128009488,0.0,0.3492027134693464,0.372271085558698,0.0,0.2913370415324757,0.4198886728258161,0.3046416345558237,0.3103648116296946,0.1894865205132656,0.3329481722281239,0.3090949817350269,0.2937643619628758,0.3157687036805908,0.0,0.0,0.2775693101427441,0.4355109211364056,0.43053680250777,0.0,0.0,0.0,0.0,0.0,0.0,0.0,0.3786888658079234,0.0,0.3431400644561634,0.0,0.0,0.4735363203232776,0.4005979983454158,0.4578720533790612,0.4238146226233923,0.0,0.4243733493910629,0.0,0.44567925792078,0.417277118330697,0.4490234732315977,0.4339395543846683,0.4449910593563222,0.447108129384769,0.0,0.0,0.0,0.372508772577811
0.357334782568396,0.385580948519532,0.4767699171716335,0.2785381142437003,0.4544087684209792,0.4207596630733112,0.4146110772118813,0.4646614997096497,0.4853651306645649,0.2928578485577446,0.4744818948557976,0.2693715728009808,0.4217536551900616,0.4363748282362599,0.4287996754476164,0.3874784095043793,0.3532786639663955,0.3666530269105711,0.4724662869207346,0.4443471840538728,0.3908938587873486,0.4157464083458685,0.4312170883801783,0.2728765036103661,0.3579586637170657,0.3843397472642172,0.4364430748915211,0.4087129543530466,0.4329406881658571,0.3913788664441334,0.336120205318378,0.3820087954534928,0.2913370415324757,0.0,0.3056577621147997,0.4271210035498636,0.3101951235874114,0.2237052187309368,0.3062441473495991,0.3350584371715959,0.2981174652492239,0.2962203122129487,0.4002916804082631,0.0,0.3152874017732433,0.0,0.4482647991618396,0.0,0.0,0.0,0.511507803616664,0.0,0.492198988722285,0.0,0.3681627861268715,0.0,0.3208190936295336,0.0,0.0,0.4821250053699888,0.4125668505835823,0.0,0.4142472346992525,0.0,0.5066376872902371,0.0,0.4741941570984393,0.5223142684746757,0.0,0.4270395255396255,0.4616234322583659,0.50543034144733,0.4103740368665203,0.0,0.0,0.0
0.4090082536334243,0.4283435297608697,0.469350098297433,0.3590655161553265,0.4635644357332408,0.4223241371416062,0.4475386762649432,0.4597191972463794,0.474956350790894,0.2952365955811978,0.4857057443847804,0.3515851629224499,0.4323251722321171,0.0,0.4666167080058467,0.4336746701791352,0.3726211886335211,0.3897693578762486,0.4682022373017562,0.4720086696966213,0.442220474004978,0.4608741936750273,0.4458156089290048,0.4164277242937418,0.3765642296828153,0.4239491443707793,0.4598858601596707,0.3981154288929185,0.4706034118457565,0.4146338184412914,0.3464834802751044,0.3410836091550498,0.4198886728258161,0.3056577621147997,0.0,0.4748802165706426,0.3937876151605779,0.2688395763145489,0.2904738162122236,0.360185021594252,0.2732593105411884,0.3051371812452444,0.3301419751385965,0.0,0.3055709313892061,0.0,0.4757860827660727,0.0,0.0,0.0,0.0,0.0,0.0,0.0,0.0,0.0,0.3227279768741495,0.0,0.0,0.4933380143939187,0.4469836380966163,0.0,0.0,0.0,0.4996452503055533,0.0,0.4956436555078573,0.509516681035875,0.0,0.4230222688387606,0.4836095007064787,0.0,0.0,0.0,0.0,0.0
0.0,0.0,0.4334799407690007,0.2165768683203986,0.2637000222171489,0.4357894941704889,0.3053160916649797,0.3439619263486843,0.455049199192925,0.3785904055259597,0.3677188906455992,0.3262709418692172,0.3435384800379356,0.2281204856553323,0.4634551803588816,0.0,0.0,0.0,0.4377490273048496,0.4985486782926009,0.450529524232119,0.4644249000111779,0.4088686972095997,0.3256698238990752,0.0,0.4586887131465514,0.4485882714069405,0.3313203295360801,0.4884690529847607,0.0,0.4606654044645614,0.2736817347439041,0.3046416345558237,0.4271210035498636,0.4748802165706426,0.0,0.2295026199419947,0.3325509317037025,0.0,0.0,0.3774299636786504,0.0,0.3660718569501504,0.0,0.0,0.0,0.0,0.4989536199466428,0.0,0.0,0.5003028885375879,0.5205642974554546,0.4936535787561559,0.5051884874667633,0.0,0.4365987333098093,0.2843114149378732,0.5298906672630034,0.0,0.0,0.0,0.0,0.0,0.4770625959627173,0.0,0.0,0.0,0.5005077652645257,0.0,0.0,0.0,0.497202894036972,0.5272763478489282,0.5225822678083131,0.0,0.0
0.0,0.0,0.4659994566139304,0.2083072138959524,0.2551231765526394,0.4264255641804943,0.2892493903015091,0.4879674259376066,0.4547175785449068,0.3001878447382817,0.4464534551913798,0.3156145344189039,0.3326798134983243,0.1997261151007753,0.0,0.0,0.0,0.0,0.4569257777513927,0.4528230937586757,0.0,0.0,0.4188823096762681,0.0,0.0,0.0,0.432521035275402,0.3127288603034527,0.4647238338879828,0.0,0.3614545017560123,0.3223006474336414,0.3103648116296946,0.3101951235874114,0.3937876151605779,0.2295026199419947,0.0,0.3302958494583042,0.3341618263955906,0.0,0.3407803440110072,0.0,0.0,0.0,0.0,0.0,0.0,0.0,0.0,0.0,0.0,0.0,0.0,0.0,0.0,0.0,0.0,0.0,0.0,0.0,0.0,0.0,0.0,0.0,0.0,0.0,0.0,0.0,0.0,0.0,0.0,0.0,0.0,0.0,0.0,0.0
0.0,0.0,0.0,0.0,0.4419054945281601,0.0,0.3985760202765407,0.0,0.4557865285058924,0.275804214574202,0.4702322591141475,0.2656061021793544,0.3917166434748936,0.0,0.0,0.0,0.3522731066833492,0.0,0.0,0.0,0.0,0.0,0.0,0.2154287215071273,0.3351485290806049,0.3395587472146999,0.0,0.3705478205184507,0.0,0.0,0.2876313570138571,0.2579878758590849,0.1894865205132656,0.2237052187309368,0.2688395763145489,0.3325509317037025,0.3302958494583042,0.0,0.2550631543769178,0.2386167990412712,0.2604711624431751,0.2677949328795172,0.0,0.0,0.2961480730406729,0.0,0.0,0.0,0.0,0.0,0.0,0.0,0.0,0.0,0.3269413725723262,0.0,0.2852787464624858,0.0,0.0,0.0,0.0,0.0,0.0,0.0,0.0,0.0,0.0,0.0,0.3018011967949774,0.0,0.3666483486912105,0.0,0.0,0.0,0.0,0.0
0.4344986520868527,0.4578041059104757,0.5226856217755009,0.0,0.0,0.5042414805355317,0.0,0.4491450244500612,0.5274925162100577,0.432959396338929,0.4687085742278786,0.2668075202777868,0.4824106432895583,0.0,0.4737356482204877,0.4333393791279599,0.0,0.4281029200622643,0.5092369444138142,0.4556238004602481,0.4447237362364881,0.447617078106086,0.4977505642485057,0.4105582059675495,0.445524516698951,0.4478811297427515,0.4905607371894517,0.4448615174674392,0.4745621180106122,0.5095778610667047,0.3913144448696351,0.2756816332041566,0.3329481722281239,0.3062441473495991,0.2904738162122236,0.0,0.3341618263955906,0.2550631543769178,0.0,0.3356666216917402,0.3687635562436683,0.3577515634707337,0.2746130381598872,0.3134389274785795,0.2917683290983844,0.3979630151274852,0.3952943819030929,0.4684152711597004,0.338194517662356,0.4091500817538093,0.4140129405562484,0.3949593728823726,0.3422933480680905,0.4657544763457202,0.3326579757837763,0.3941271117745069,0.2669224567435006,0.4028519877390559,0.3397720258760216,0.4119383475606742,0.4057350342124873,0.4273805820906847,0.4122462472574218,0.4493215313654563,0.4357420257887872,0.389422841586115,0.4146575722180493,0.4084712895436519,0.3366389659118364,0.396602321353614,0.3906466972663454,0.4155130498134525,0.375524201105226,0.4065973491501806,0.3774604877950914,0.3905154790217882
0.407750139224832,0.4268836980898717,0.0,0.0,0.0,0.0,0.0,0.0,0.0,0.3909477148111906,0.0,0.4151963631495125,0.0,0.0,0.4544436237946475,0.39607088467021,0.4074457339971469,0.3890316341209866,0.0,0.4221529549142928,0.4566550648217242,0.4226303725831475,0.4018718355730893,0.3977837397446564,0.4091765231928452,0.4258532940190135,0.0,0.0,0.0,0.0,0.3587374761655457,0.2936976569353012,0.3090949817350269,0.3350584371715959,0.360185021594252,0.0,0.0,0.2386167990412712,0.3356666216917402,0.0,0.2871246808240718,0.3933147948547138,0.3861552173814961,0.2964784999374292,0.2215139493872628,0.3415635640056264,0.3665217558899569,0.0,0.0,0.4207593371593516,0.4002175806078611,0.3901916636749072,0.0,0.4516993190536272,0.3275409703810434,0.4664875707518098,0.2855991202115221,0.3970164997363062,0.0,0.3869455371329594,0.356825524537232,0.3652515633957408,0.3551076141416086,0.0,0.3962925398170674,0.3771905741388452,0.3858905644496028,0.3772559567322591,0.3016040715496483,0.3393409365389275,0.3553163117524681,0.3908625082947119,0.3668240479972387,0.388399435143262,0.3165900434412406,0.3317684127111571
0.4248472405331234,0.4575878580928789,0.0,0.0,0.0,0.516353705451387,0.0,0.4888782012656614,0.0,0.3756409923042437,0.0,0.3769511417833567,0.0,0.0,0.4879171954804815,0.4248322629155449,0.4740498690437004,0.4263645466722809,0.0,0.4825101380180853,0.4607894595321838,0.466132841217559,0.5229055056777742,0.368538907323758,0.4338204837867684,0.4526703883279754,0.5075994064161945,0.3920618583309903,0.5055870861590525,0.0,0.3352535079525203,0.2941245396913375,0.2937643619628758,0.2981174652492239,0.2732593105411884,0.3774299636786504,0.3407803440110072,0.2604711624431751,0.3687635562436683,0.2871246808240718,0.0,0.3263449782471759,0.3821691451571465,0.2595744796901571,0.2544031916442883,0.4222368309647165,0.3715485176591518,0.504580647697424,0.2870505910749283,0.439685695938302,0.4331812529815712,0.395615806972879,0.4669579864496445,0.4797756482991834,0.307036795113849,0.4607240644532703,0.2769107842510968,0.4096112156016452,0.3990383162217774,0.424474802258518,0.3766804949844698,0.3669076781793647,0.3720841442047335,0.4873177840902747,0.4626955357149973,0.3787492733931991,0.4231749898654346,0.4474211107770725,0.3009229060067837,0.355968367529894,0.3626670736203095,0.4470412300369509,0.3509205849828543,0.4312833109068644,0.3849742136324849,0.3132104487755632
0.0,0.4724988846891125,0.0,0.0,0.0,0.0,0.0,0.0,0.0,0.0,0.0,0.0,0.0,0.0,0.5088403512080845,0.4461820825170095,0.0,0.0,0.0,0.4919262847355321,0.0,0.4903468824556387,0.5165715193225019,0.0,0.4557906203602211,0.4813427837050512,0.5109556551436858,0.0,0.5184805452444861,0.0,0.0,0.3092690726440219,0.3157687036805908,0.2962203122129487,0.3051371812452444,0.0,0.0,0.2677949328795172,0.3577515634707337,0.3933147948547138,0.3263449782471759,0.0,0.4133790879997959,0.3107306173139976,0.2820061420851553,0.0,0.4347746291254104,0.5014966190989232,0.3229509236787153,0.4092410006618793,0.4643852399652247,0.3808992289987806,0.4684752150531428,0.4932033020643902,0.3104227835579684,0.4710813647302782,0.3731994237568963,0.4128514064073953,0.0,0.4612598494441538,0.4280270581052767,0.4217292543892472,0.3970508285847549,0.4902780527157228,0.4915617272414681,0.0,0.473114272990316,0.4554647302860054,0.4760186639378391,0.3927928548096299,0.4125837922055502,0.4830083333821556,0.279956783953015,0.4524260172410544,0.3670171181655193,0.377655855179088
