0.0,0.3412173126533122,0.0,0.0,0.0,0.4109262523877552,0.0,0.4398270267095492,0.0,0.3785482933034381,0.0,0.3544614241799654,0.0,0.0,0.3182858820143117,0.3210374162260039,0.0,0.3116920494021105,0.0,0.3753276793202284,0.3478776069765044,0.3184972247497928,0.4039533455982429,0.3487221377439512,0.3158312764554791,0.3153319128810104,0.4018107560631022,0.4285897422636024,0.4027993548186904,0.0,0.2741655802918175,0.3307833712854129,0.2506523380604393,0.3099129404834738,0.3461243933153461,0.0,0.0,0.4089004242815368,0.3635202597285585,0.3700549130783965,0.3495268164326703,0.0,0.0,0.0,0.0,0.3290052659100924,0.4104549993739463,0.0,0.0,0.0,0.0,0.0,0.0,0.0,0.4499130431093841,0.0,0.0,0.0,0.0,0.0,0.3932917840225246,0.0,0.3731851454057304,0.0,0.0,0.3642417951410141,0.3763536209677625,0.0,0.3067068579878301,0.3874543493779634,0.3955024976713215,0.0,0.0,0.0,0.0,0.0
0.3412173126533122,0.0,0.0,0.0,0.376295362746502,0.3444408399607214,0.3796445877550711,0.4016367236975696,0.3647098276548234,0.0,0.0,0.0,0.3839881361305426,0.0,0.3670274269491649,0.3515254142684816,0.0,0.3498913025013396,0.0,0.3687620338189933,0.3306514211172541,0.3473913884366328,0.3624896824783396,0.0,0.349311951674882,0.3511970253680532,0.3529985224130535,0.3867623919083037,0.3567522948512063,0.0,0.2915006607331384,0.307915620208438,0.2871414697681178,0.2986584986004617,0.293860313628119,0.0,0.0,0.0,0.3909813076200852,0.3877187531323883,0.371259947412462,0.3964809732086938,0.0,0.0,0.0,0.3839013614089936,0.4172283600753768,0.0,0.0,0.0,0.4308378903433184,0.0,0.0,0.0,0.0,0.0,0.0,0.0,0.0,0.4211875228769197,0.4057740994223288,0.0,0.3870810049605596,0.0,0.4075010261799673,0.4022519402418351,0.3793731913317585,0.43796103599048,0.0,0.4100601535667856,0.4200179657411136,0.4291963393836988,0.0,0.4136288179615497,0.0,0.3707022825523655
0.0,0.0,0.0,0.0,0.3421997215709757,0.3718821668868092,0.3875530116605054,0.4032308756693579,0.2792772315356541,0.4526690913996403,0.291449497846299,0.0,0.408763830940286,0.3389178420599052,0.0,0.0,0.0,0.0,0.236583180882001,0.0,0.0,0.0,0.3000004327593333,0.0,0.0,0.0,0.3588874793280246,0.4134672267700207,0.0,0.0,0.425947918535049,0.3976583910968343,0.0,0.4173346236912992,0.4207352562296514,0.362110389864925,0.4038465344165466,0.0,0.4732953112961133,0.0,0.0,0.0,0.4357768416825328,0.0,0.0,0.0,0.0,0.4683479528227225,0.0,0.498202052230637,0.4790502818309652,0.0,0.4804420615518162,0.4919206555180985,0.0,0.4280329060137084,0.0,0.0,0.4494782365416901,0.0,0.0,0.0,0.0,0.4350120123295354,0.0,0.0,0.0,0.4886448036925004,0.0,0.0,0.0,0.4960239291715048,0.0,0.0,0.0,0.0
0.0,0.0,0.0,0.0,0.2346148892297453,0.3726969994188008,0.2491799365169629,0.2593127500957526,0.3791256986715466,0.2323847098047455,0.321810672621549,0.2596294795175471,0.2872398833524237,0.195010209370863,0.0,0.0,0.0,0.0,0.378662831299177,0.4102266816007738,0.0,0.0,0.3663623699477891,0.0,0.0,0.0,0.3790790264403421,0.2525059687101818,0.0,0.0,0.3268592483963809,0.2521924526566033,0.0,0.3393137358700211,0.2917714493237555,0.1552922468154442,0.1679232891084605,0.0,0.0,0.0,0.0,0.0,0.0,0.0,0.0,0.0,0.0,0.0,0.0,0.0,0.0,0.0,0.0,0.0,0.0,0.0,0.0,0.0,0.0,0.0,0.0,0.0,0.0,0.0,0.0,0.0,0.0,0.0,0.0,0.0,0.0,0.0,0.0,0.0,0.0,0.0
0.0,0.376295362746502,0.3421997215709757,0.2346148892297453,0.0,0.348717628301282,0.2903773124965507,0.3176772875636195,0.307561575350877,0.3492391567306138,0.2872159438797232,0.3530286513316015,0.3398588858934045,0.2775469312915091,0.0,0.4136678215513238,0.0,0.0,0.3296733270441046,0.3492874148724798,0.0,0.3968952213055179,0.3635050408498353,0.0,0.38471191378875,0.0,0.3686296665806556,0.3201010513000064,0.3555792512155164,0.0,0.3895080036338625,0.3385817331220185,0.3341455298229615,0.3671908901638196,0.3127301904792914,0.2226836988772668,0.2388791295684487,0.3341507438598384,0.4194435763684476,0.0,0.0,0.0,0.3497387497859281,0.0,0.0,0.0,0.0,0.5137393999781151,0.0,0.0,0.0,0.0,0.0,0.5048052667847838,0.0,0.3877795235008355,0.0,0.0,0.0,0.0,0.0,0.0,0.0,0.4959474572076743,0.0,0.0,0.0,0.4442111033877163,0.0,0.0,0.0,0.4714762656937834,0.0,0.0,0.0,0.0
0.4109262523877552,0.3444408399607214,0.3718821668868092,0.3726969994188008,0.348717628301282,0.0,0.3676438252058365,0.3673765850201143,0.3157204595004803,0.3969951771048391,0.3256395802148257,0.4160139507811843,0.3578471420550379,0.3527952023582276,0.3679867570478092,0.3827389230937004,0.6117831701500207,0.3655204126721909,0.3397981202851183,0.3581423174987044,0.3639959385432939,0.3847613615924515,0.3784556782109208,0.0,0.3324188269787834,0.3407955207290677,0.3682060606291504,0.3542033584877856,0.3209541879839485,0.364395778486796,0.3817428308117561,0.3753660921116427,0.3331676093312855,0.3811145569017889,0.3810543426436739,0.4016904628681526,0.3876392410286871,0.4162648742503436,0.4351191170470843,0.0,0.456256521399211,0.0,0.4373103835797393,0.0,0.0,0.0,0.0,0.4802373951932829,0.0,0.0,0.4513342369119318,0.0,0.4300507525810478,0.4937332030767,0.0,0.4750175216246839,0.0,0.0,0.0,0.4292976674897507,0.0,0.0,0.0,0.4909799698755712,0.4276574790875345,0.4267350174000662,0.4331344326232466,0.4581838126382822,0.0,0.0,0.4555257541908462,0.4529510954648424,0.4562101247741209,0.4344847463965852,0.5045020600083593,0.4702163571822274
0.0,0.3796445877550711,0.3875530116605054,0.2491799365169629,0.2903773124965507,0.3676438252058365,0.0,0.3521623681826343,0.3590454101819548,0.3425605507069501,0.3623952186650563,0.3191724487588396,0.2976406764343902,0.3090746036740546,0.0,0.405391318666627,0.0,0.3906594707563509,0.3815124524777378,0.3813124953568793,0.0,0.4075290568785481,0.3789123928192722,0.0,0.3720179730630804,0.0,0.3832672465036506,0.3101119818444374,0.36786545161084,0.0,0.36030866348832,0.3530500742871797,0.3520557564575234,0.3574329557919425,0.3041594546980691,0.2541670798422026,0.2513130697635672,0.2980757045543291,0.0,0.0,0.0,0.0,0.43050465066723,0.0,0.0,0.0,0.0,0.0,0.0,0.0,0.0,0.0,0.455242498180201,0.0,0.0,0.0,0.0,0.0,0.0,0.0,0.0,0.0,0.0,0.0,0.0,0.0,0.0,0.4512998392210665,0.0,0.0,0.0,0.4633537644095803,0.0,0.0,0.0,0.0
0.4398270267095492,0.4016367236975696,0.4032308756693579,0.2593127500957526,0.3176772875636195,0.3673765850201143,0.3521623681826343,0.0,0.4288506732495572,0.4338031186605514,0.3001889982301046,0.4488839064862873,0.3888788403065026,0.2914655435834011,0.3321215052587954,0.3892336606156784,0.0,0.0,0.3938416556051241,0.3698698254222069,0.3671590050171187,0.3971966264767947,0.3390312330538654,0.4510343094580221,0.3612511165352574,0.4092286383154427,0.4183661331852277,0.3780655358923181,0.3479955331646855,0.3696625611836495,0.385453817596269,0.3314151928599315,0.3369216589340875,0.3816673378526199,0.3982803478111022,0.2453204849119444,0.3937394894319695,0.0,0.4093820687528118,0.0,0.4561882137136858,0.0,0.3872697620772371,0.0,0.0,0.0,0.0,0.4982552703723217,0.0,0.4368685657581719,0.4422346904522454,0.0,0.3979937523923446,0.4979586840219407,0.0,0.4413815761480693,0.0,0.4481446783457283,0.4252141514998981,0.4128015995023256,0.0,0.0,0.0,0.4739844256986121,0.424478211593686,0.2837223131800852,0.0,0.458062434504353,0.0,0.0,0.0,0.4669320329041207,0.4456030780395798,0.4264564543845555,0.0,0.4740292021677418
0.0,0.3647098276548234,0.2792772315356541,0.3791256986715466,0.307561575350877,0.3157204595004803,0.3590454101819548,0.4288506732495572,0.0,0.407849803315707,0.2902477813468905,0.4150384632165358,0.387215678324817,0.3578138195821507,0.0,0.4187754368733836,0.0,0.5279639987155923,0.2505148435055115,0.3619939369336838,0.0,0.3955174719601778,0.3767199084738029,0.0,0.392444470157523,0.0,0.3464187266729201,0.4046829064718054,0.3581752081385406,0.3932198433635468,0.423740392826926,0.3968256472087378,0.3996448233855779,0.4133485288017094,0.411800360353129,0.3932390592619161,0.3962261583853649,0.4012266082848821,0.4612345907834023,0.0,0.0,0.0,0.4275764184380327,0.0,0.0,0.0,0.0,0.4900450397730879,0.0,0.0,0.4753508686054188,0.0,0.4666778731394106,0.5129871365543317,0.0,0.0,0.0,0.0,0.4421334685288864,0.0,0.0,0.0,0.0,0.4845478139581959,0.0,0.0,0.0,0.4836208682281737,0.0,0.0,0.0,0.4854550308403987,0.0,0.0,0.0,0.0
0.3785482933034381,0.0,0.4526690913996403,0.2323847098047455,0.3492391567306138,0.3969951771048391,0.3425605507069501,0.4338031186605514,0.407849803315707,0.0,0.3954173730026225,0.2466920683343777,0.3389387129002227,0.0,0.0,0.340427634111559,0.2857224745755603,0.3106996417923849,0.4137841315983465,0.4412243062014256,0.0,0.3746903675708933,0.4073398007232926,0.2739645469362307,0.2765414617071283,0.2859283982309303,0.4161389432013926,0.3333531730416591,0.4369609497151535,0.0,0.3022801155035562,0.2913958420746099,0.2680611496517755,0.2812341506589177,0.2596574970087497,0.2872353380789387,0.2442105046700911,0.2467755815075548,0.2702462564140367,0.310328723067211,0.3116955253205478,0.3219478565632727,0.0,0.0,0.2811389484418747,0.4133575449756775,0.0,0.0,0.0,0.0,0.0,0.0,0.0,0.0,0.3874642004061372,0.0,0.3899500827836801,0.3965966610235741,0.0,0.0,0.0,0.3925833790575408,0.3595625304444116,0.0,0.0,0.0,0.0,0.0,0.3748346334032266,0.3752514159550632,0.3954427148850352,0.0,0.3644256417459003,0.0,0.0,0.3535643981126406
0.0,0.0,0.291449497846299,0.321810672621549,0.2872159438797232,0.3256395802148257,0.3623952186650563,0.3001889982301046,0.2902477813468905,0.3954173730026225,0.0,0.3971087267830081,0.3913971343067618,0.2559776916351698,0.0,0.0,0.0,0.0,0.2425364611813051,0.0,0.0,0.0,0.2768581532481195,0.0,0.0,0.0,0.3568071634407754,0.3793268094685106,0.0,0.0,0.4075571127594443,0.349966316962969,0.0,0.3920565173100129,0.3726299871372174,0.2973856350089212,0.3779931322072652,0.3874543882782632,0.3920833272161701,0.0,0.0,0.0,0.3608760068314973,0.0,0.0,0.0,0.0,0.4137544934178621,0.0,0.3856917057652454,0.4490041868602425,0.0,0.398469984196078,0.4410660981634758,0.0,0.3348594598549104,0.0,0.0,0.3781670951951696,0.0,0.0,0.0,0.0,0.3621255155204131,0.0,0.0,0.0,0.4512976839377263,0.0,0.0,0.0,0.4518172032395738,0.0,0.0,0.0,0.0
0.3544614241799654,0.0,0.0,0.2596294795175471,0.3530286513316015,0.4160139507811843,0.3191724487588396,0.4488839064862873,0.4150384632165358,0.2466920683343777,0.3971087267830081,0.0,0.3230178383442957,0.0,0.0,0.0,0.3042192762177678,0.3152664887772941,0.4650970938543474,0.0,0.4430707151660804,0.0,0.434023907319464,0.2467784392367834,0.289448802787019,0.2757010453471076,0.4454970339980637,0.3071975560164207,0.0,0.0,0.2729094375797725,0.2311988130109964,0.2287889498395204,0.2074763811721402,0.2462348409309856,0.2548006688612936,0.242069141768467,0.1653048788104609,0.2416625953920594,0.2696228394441052,0.2539838400753753,0.2354495868699536,0.2772589975540665,0.0,0.2408829013081949,0.0,0.0,0.0,0.0,0.0,0.0,0.0,0.0,0.0,0.3984373296057503,0.0,0.3942413957720642,0.4179054467104905,0.0,0.0,0.0,0.3996582944964281,0.382829460843933,0.0,0.0,0.0,0.0,0.0,0.3581410339435608,0.3874020228735015,0.3996203773848096,0.0,0.3620335266424597,0.0,0.0,0.3791552013899698
0.0,0.3839881361305426,0.408763830940286,0.2872398833524237,0.3398588858934045,0.3578471420550379,0.2976406764343902,0.3888788403065026,0.387215678324817,0.3389387129002227,0.3913971343067618,0.3230178383442957,0.0,0.3416718503256152,0.0,0.4088705478789584,0.3738742174874261,0.3960798671971177,0.3992808394581222,0.378942819271008,0.3978489225962423,0.4142383408803203,0.3934286589736806,0.3443474563173849,0.3795231343201458,0.3618079751648855,0.3946718276361477,0.2894853327567483,0.3478506638084817,0.3625278916459713,0.3485898935834904,0.3512497432195447,0.3278993665710824,0.3474722546551263,0.2989671491771075,0.2827152093561761,0.286094080591572,0.3060442882848627,0.377240573152857,0.0,0.3632073435355942,0.4468962119967376,0.4137308131694443,0.0,0.0,0.0,0.0,0.0,0.0,0.0,0.4706096599916427,0.0,0.4444031579367312,0.0,0.0,0.0,0.0,0.0,0.0,0.0,0.0,0.0,0.0,0.0,0.5068756496115691,0.0,0.0,0.4582970495649359,0.0,0.0,0.0,0.4584004772900685,0.0,0.4737599615554553,0.0,0.0
0.0,0.0,0.3389178420599052,0.195010209370863,0.2775469312915091,0.3527952023582276,0.3090746036740546,0.2914655435834011,0.3578138195821507,0.0,0.2559776916351698,0.0,0.3416718503256152,0.0,0.0,0.0,0.0,0.0,0.3343043174067184,0.0,0.0,0.0,0.3226421420087596,0.0,0.0,0.0,0.4147355318811443,0.2752974198066549,0.0,0.0,0.3390124971864506,0.2138932155856528,0.0,0.3446099142695275,0.0,0.1507783070671796,0.1414712596430062,0.0,0.0,0.0,0.0,0.0,0.2995838850710047,0.0,0.0,0.0,0.0,0.4666862147243459,0.0,0.0,0.0,0.0,0.0,0.0,0.0,0.3749156835745554,0.0,0.0,0.0,0.0,0.0,0.0,0.0,0.0,0.0,0.0,0.0,0.3992563174834923,0.0,0.0,0.0,0.4316319844486946,0.0,0.0,0.0,0.0
0.3182858820143117,0.3670274269491649,0.0,0.0,0.0,0.3679867570478092,0.0,0.3321215052587954,0.0,0.0,0.0,0.0,0.0,0.0,0.0,0.3174146091836882,0.0,0.3145106452916464,0.0,0.3230767261923115,0.3410781065746711,0.2987902971912498,0.3285876781629596,0.4104803952550807,0.3126324003064537,0.3482871371515836,0.3640327478204175,0.3459371368993252,0.3395735263211141,0.0,0.3247280326278389,0.361385136226608,0.3237593502453034,0.3511833985466233,0.3863125926791443,0.4000970627679472,0.0,0.0,0.4183954039579309,0.4023593604674216,0.4254966699171058,0.446237343485165,0.0,0.0,0.0,0.0,0.4408589694578256,0.0,0.0,0.0,0.4196336539231071,0.0,0.3967818708816059,0.0,0.0,0.0,0.0,0.0,0.0,0.3854603113664599,0.4380411468572059,0.0,0.0,0.0,0.3832211289889736,0.4136036446429403,0.4277575868665063,0.42845217364995,0.0,0.4601428859674616,0.4518804894602889,0.4330079291322447,0.4666354061137173,0.4152525516626678,0.0,0.4253252816544041
0.3210374162260039,0.3515254142684816,0.0,0.0,0.4136678215513238,0.3827389230937004,0.405391318666627,0.3892336606156784,0.4187754368733836,0.340427634111559,0.0,0.0,0.4088705478789584,0.0,0.3174146091836882,0.0,0.3235714587342818,0.3146380340902469,0.0,0.3659153586314204,0.324725191045404,0.3420649420482007,0.3472859469105911,0.3257679707947886,0.3162741444256673,0.3370627414454517,0.3779335874532199,0.3909277147779429,0.3865633046943107,0.3720946563205747,0.3125741882468283,0.3467477759103053,0.3107660104689893,0.3411330510614905,0.3334178918155036,0.0,0.0,0.0,0.3646949426479505,0.3622090095722829,0.3679383716202599,0.3804689185802364,0.0,0.0,0.0,0.3550278244160016,0.4034090871360215,0.0,0.0,0.0,0.0,0.0,0.0,0.0,0.0,0.0,0.0,0.0,0.0,0.4166639574609444,0.3883209319454933,0.0,0.371417048207986,0.0,0.4326228276070065,0.3709378256060867,0.3891667364110769,0.0,0.0,0.3814518008732619,0.3979684533274856,0.5086305475543156,0.0,0.0,0.0,0.3591909088057997
0.0,0.0,0.0,0.0,0.0,0.6117831701500207,0.0,0.0,0.0,0.2857224745755603,0.0,0.3042192762177678,0.3738742174874261,0.0,0.0,0.3235714587342818,0.0,0.2858415937915258,0.0,0.3759718192130669,0.0,0.3387410216802444,0.0,0.3027446917178136,0.295219968534935,0.3022816637222768,0.0,0.360117071219328,0.4304583779804272,0.0,0.2985486597357743,0.3443730776816986,0.2699618309748527,0.3159468964788288,0.3232782791832434,0.0,0.0,0.2817838585377702,0.0,0.2895498935700465,0.0,0.0,0.0,0.0,0.0,0.0,0.0,0.0,0.0,0.0,0.0,0.0,0.0,0.0,0.3625071883031073,0.0,0.3774166123665041,0.0,0.0,0.0,0.0,0.3909585619423967,0.3705284339309366,0.0,0.0,0.0,0.0,0.0,0.3486543469319558,0.3611415987309306,0.3762638778252211,0.0,0.0,0.0,0.0,0.0
0.3116920494021105,0.3498913025013396,0.0,0.0,0.0,0.3655204126721909,0.3906594707563509,0.0,0.5279639987155923,0.3106996417923849,0.0,0.3152664887772941,0.3960798671971177,0.0,0.3145106452916464,0.3146380340902469,0.2858415937915258,0.0,0.0,0.3613115661096168,0.3263540687410043,0.345451098832693,0.3609899503683828,0.3039589919460766,0.3169962111935316,0.3215933173461063,0.362529525835761,0.3816412650046083,0.3811494664125263,0.3846448403914773,0.3145595116120619,0.361046165107459,0.2850331923202708,0.3260578334472472,0.3467944908787314,0.0,0.0,0.0,0.3494413704319332,0.3535402463388397,0.3592439881625091,0.3831145089984355,0.0,0.0,0.0,0.3689879481104465,0.3917356782126855,0.0,0.0,0.0,0.0,0.0,0.0,0.0,0.3717741696703435,0.0,0.3848660158303666,0.0,0.0,0.0,0.3822299295066325,0.3782372501826274,0.3727577045941949,0.0,0.0,0.0,0.3865074870682645,0.0,0.3772198863435382,0.38112197630486,0.3937785775374772,0.0,0.0,0.0,0.0,0.3735401855358886
0.0,0.0,0.236583180882001,0.378662831299177,0.3296733270441046,0.3397981202851183,0.3815124524777378,0.3938416556051241,0.2505148435055115,0.4137841315983465,0.2425364611813051,0.4650970938543474,0.3992808394581222,0.3343043174067184,0.0,0.0,0.0,0.0,0.0,0.0,0.0,0.0,0.2781612346938948,0.0,0.0,0.0,0.3599077911975521,0.4037861269266584,0.0,0.0,0.4181213190514372,0.3920184084562446,0.0,0.4112146878312213,0.4043943385753121,0.3635174436089788,0.403488877312977,0.4315581969953123,0.4843287320407903,0.0,0.0,0.0,0.4426075377667189,0.0,0.0,0.0,0.0,0.461933202654797,0.0,0.0,0.4855223308150033,0.0,0.4805619604347875,0.4964222699075362,0.0,0.3961079085275503,0.0,0.0,0.4473363323515167,0.0,0.0,0.0,0.0,0.4734218395649255,0.0,0.0,0.0,0.4762863114224576,0.0,0.0,0.0,0.4889288878018243,0.0,0.0,0.0,0.0
0.3753276793202284,0.3687620338189933,0.0,0.4102266816007738,0.3492874148724798,0.3581423174987044,0.3813124953568793,0.3698698254222069,0.3619939369336838,0.4412243062014256,0.0,0.0,0.378942819271008,0.0,0.3230767261923115,0.3659153586314204,0.3759718192130669,0.3613115661096168,0.0,0.0,0.3561977410370213,0.3435996333990528,0.2916168257333152,0.0,0.341095984636011,0.3857973114792176,0.3240511375043199,0.3284953079351052,0.3005828881651004,0.3086919309950089,0.3427063485269265,0.3861812336448525,0.3330960950616768,0.3764199650916606,0.4032464363234875,0.4465889164311586,0.4205694772176113,0.0,0.4155834732466212,0.4260098500966639,0.4294136813567373,0.4390397641858611,0.0,0.0,0.0,0.0,0.4172844983345152,0.0,0.0,0.0,0.4339880152234611,0.0,0.4434219781946491,0.0,0.0,0.0,0.0,0.0,0.0,0.4209799294074965,0.0,0.0,0.0,0.0,0.4143081455379692,0.4047760316991192,0.4165911073128839,0.4359011830979405,0.0,0.0,0.4243714955807527,0.4288959061514285,0.4504911321702363,0.4247626134460182,0.0,0.4316837403983358
0.3478776069765044,0.3306514211172541,0.0,0.0,0.0,0.3639959385432939,0.0,0.3671590050171187,0.0,0.0,0.0,0.4430707151660804,0.3978489225962423,0.0,0.3410781065746711,0.324725191045404,0.0,0.3263540687410043,0.0,0.3561977410370213,0.0,0.3525340775320517,0.361630468498847,0.4286945935401393,0.3394295572265761,0.351529285246183,0.3731669409322424,0.3757855246625946,0.3459051348108995,0.0,0.3264087697897494,0.3599808044064391,0.3167705288500123,0.3403487077065851,0.3896266339777724,0.0,0.0,0.0,0.3807870305723309,0.3745090323391732,0.4094368995710525,0.4252388360227511,0.0,0.0,0.0,0.3632002733181296,0.4167688262616582,0.0,0.0,0.0,0.3860878631910783,0.0,0.3637268885651119,0.0,0.0,0.0,0.0,0.0,0.0,0.4113387220924054,0.4116779880389841,0.0,0.0,0.0,0.4072698341962453,0.3398630658406095,0.4163433004398486,0.4209001707522766,0.0,0.4392637467020825,0.4250656681875279,0.4331037090551787,0.4425526168789863,0.4131570158008537,0.0,0.0
0.3184972247497928,0.3473913884366328,0.0,0.0,0.3968952213055179,0.3847613615924515,0.4075290568785481,0.3971966264767947,0.3955174719601778,0.3746903675708933,0.0,0.0,0.4142383408803203,0.0,0.2987902971912498,0.3420649420482007,0.3387410216802444,0.345451098832693,0.0,0.3435996333990528,0.3525340775320517,0.0,0.3621561428922323,0.0,0.3307451671013708,0.3373226456972021,0.371675470265025,0.3716888134940561,0.3607223864697148,0.3482098125515866,0.3305465793185471,0.3665822507897802,0.3225548368481396,0.3527151847124547,0.3847081459018172,0.4312747194883311,0.3945395783613762,0.0,0.4050624745180981,0.4003122019690129,0.4060711979743537,0.4244597218991648,0.0,0.0,0.0,0.3871744175456389,0.4117082436171891,0.0,0.0,0.0,0.4218020273267633,0.0,0.0,0.0,0.0,0.0,0.0,0.0,0.0,0.4357101826818341,0.4006539498060839,0.0,0.4264700635845908,0.0,0.4224669439535068,0.4157574428146942,0.4218118513563554,0.4317923834371725,0.0,0.3941438223452603,0.426898374721383,0.4330273603568577,0.0,0.4150579459199014,0.0,0.3961847213986537
0.4039533455982429,0.3624896824783396,0.3000004327593333,0.3663623699477891,0.3635050408498353,0.3784556782109208,0.3789123928192722,0.3390312330538654,0.3767199084738029,0.4073398007232926,0.2768581532481195,0.434023907319464,0.3934286589736806,0.3226421420087596,0.3285876781629596,0.3472859469105911,0.0,0.3609899503683828,0.2781612346938948,0.2916168257333152,0.361630468498847,0.3621561428922323,0.0,0.4363507793205292,0.3355299309621037,0.3824597935141854,0.3536521014320547,0.3846338272421766,0.3617277581082421,0.3780368763393616,0.3884831931237258,0.3761871876074014,0.3284950953495196,0.3927267983259048,0.4026295756479165,0.381583614793034,0.3843489542672476,0.4454018129976876,0.4457513157774481,0.3936494830484174,0.4707958341072448,0.4428476439406485,0.4306573912392074,0.5439398110037296,0.0,0.0,0.4387199473307799,0.478499334452984,0.0,0.4895635216027875,0.4721606235679279,0.4744707671477341,0.451814516212213,0.4989826016183456,0.0,0.4284138798070924,0.0,0.4666668651127865,0.4618192793153,0.4276274998623882,0.0,0.0,0.0,0.465190520469609,0.4309036327814731,0.4115860958819151,0.4288882843432693,0.4736777427507689,0.0,0.0,0.4254507916099795,0.4684295148919333,0.4657819747132806,0.443405400620473,0.4544092977598566,0.4627265091787401
0.3487221377439512,0.0,0.0,0.0,0.0,0.0,0.0,0.4510343094580221,0.0,0.2739645469362307,0.0,0.2467784392367834,0.3443474563173849,0.0,0.4104803952550807,0.3257679707947886,0.3027446917178136,0.3039589919460766,0.0,0.0,0.4286945935401393,0.0,0.4363507793205292,0.0,0.3101010630056981,0.2995452689271594,0.0,0.3224790820055431,0.0,0.0,0.2801894979004682,0.2370344084627159,0.1952037809127681,0.2352523334557146,0.2065268888801744,0.293495135448408,0.1975281491762968,0.1874864359497896,0.349979159428391,0.322808758780454,0.2973385087377752,0.0,0.0,0.0,0.2667758710852972,0.333120847966011,0.0,0.0,0.0,0.0,0.0,0.0,0.0,0.0,0.3760497788482076,0.0,0.3886443356154869,0.0,0.0,0.0,0.3943948925153037,0.4089478151627377,0.3877515008118735,0.0,0.0,0.0,0.0,0.0,0.365762376682398,0.3891952727888328,0.3972605534073267,0.0,0.2896704069514158,0.0,0.0,0.3268767007323762
0.3158312764554791,0.349311951674882,0.0,0.0,0.38471191378875,0.3324188269787834,0.3720179730630804,0.3612511165352574,0.392444470157523,0.2765414617071283,0.0,0.289448802787019,0.3795231343201458,0.0,0.3126324003064537,0.3162741444256673,0.295219968534935,0.3169962111935316,0.0,0.341095984636011,0.3394295572265761,0.3307451671013708,0.3355299309621037,0.3101010630056981,0.0,0.3174430368961626,0.3290954380907357,0.3554695599009883,0.3513196597258976,0.0,0.308521510355765,0.3228859597873231,0.264973365903048,0.3032094018561205,0.3132995644880121,0.0,0.0,0.2851674043244526,0.3825161108072629,0.3602429944606615,0.3712722439301602,0.3877507673137448,0.0,0.0,0.0,0.3720089158236647,0.4113910255080638,0.0,0.0,0.0,0.0,0.0,0.0,0.0,0.3838519450426053,0.0,0.3875211526908079,0.0,0.0,0.4169133543627986,0.3965976949636607,0.3879522163147553,0.3829657258573551,0.0,0.4080777722577685,0.4059365582137019,0.3926458995967188,0.0,0.3684768885162067,0.3915158176354657,0.4007693025497808,0.0,0.0,0.4337799324088601,0.0,0.3730068202083123
0.3153319128810104,0.3511970253680532,0.0,0.0,0.0,0.3407955207290677,0.0,0.4092286383154427,0.0,0.2859283982309303,0.0,0.2757010453471076,0.3618079751648855,0.0,0.3482871371515836,0.3370627414454517,0.3022816637222768,0.3215933173461063,0.0,0.3857973114792176,0.351529285246183,0.3373226456972021,0.3824597935141854,0.2995452689271594,0.3174430368961626,0.0,0.3814732532103553,0.3520224478023546,0.3491766803816092,0.0,0.3117988733054652,0.3424432857089372,0.2934119011067687,0.3146749797285526,0.3424908636128448,0.4020864058832535,0.0,0.2840872152829605,0.3936301707495419,0.3679979885022144,0.3873292070123156,0.3904190147941353,0.0,0.0,0.3227689271097226,0.3789173971540185,0.4287840875158611,0.0,0.0,0.0,0.4478697289070228,0.0,0.0,0.0,0.3977251527927444,0.0,0.3968550506224921,0.0,0.0,0.436902526286655,0.4098775340125563,0.3966112138709475,0.3926793776249755,0.0,0.4209887248489732,0.3868747769614648,0.4205005640162659,0.4319763888913402,0.370920754713317,0.3989079311389177,0.4107118557400731,0.4389065994905352,0.4431167390976429,0.4269516959454139,0.0,0.3782746760438591
0.4018107560631022,0.3529985224130535,0.3588874793280246,0.3790790264403421,0.3686296665806556,0.3682060606291504,0.3832672465036506,0.4183661331852277,0.3464187266729201,0.4161389432013926,0.3568071634407754,0.4454970339980637,0.3946718276361477,0.4147355318811443,0.3640327478204175,0.3779335874532199,0.0,0.362529525835761,0.3599077911975521,0.3240511375043199,0.3731669409322424,0.371675470265025,0.3536521014320547,0.0,0.3290954380907357,0.3814732532103553,0.0,0.3789236648094508,0.3343959792173065,0.3504209259754387,0.3579286176561059,0.3759036017232923,0.3297918336682914,0.3768840571749607,0.3895563809516317,0.4082391984850405,0.3878668914694753,0.4484265294653514,0.440959040574743,0.4429871535725331,0.4620948472514163,0.4463841118461947,0.4438852089745385,0.0,0.0,0.0,0.0,0.5002699313146831,0.0,0.4760459401100922,0.4736470573747331,0.4846640905506206,0.4617226240951205,0.4975086844282242,0.0,0.474715663134746,0.0,0.4545112186051966,0.4879695041654973,0.4208189834505297,0.0,0.0,0.0,0.4986391739882013,0.4326372125336174,0.4199779053899534,0.4235938305839495,0.4754795195444763,0.0,0.0,0.4299610028161219,0.466692867778522,0.4603119142408473,0.4384631245170101,0.4555253097416028,0.4636217712395055
0.4285897422636024,0.3867623919083037,0.4134672267700207,0.2525059687101818,0.3201010513000064,0.3542033584877856,0.3101119818444374,0.3780655358923181,0.4046829064718054,0.3333531730416591,0.3793268094685106,0.3071975560164207,0.2894853327567483,0.2752974198066549,0.3459371368993252,0.3909277147779429,0.360117071219328,0.3816412650046083,0.4037861269266584,0.3284953079351052,0.3757855246625946,0.3716888134940561,0.3846338272421766,0.3224790820055431,0.3554695599009883,0.3520224478023546,0.3789236648094508,0.0,0.2895721436912347,0.276238115254197,0.3139441991956403,0.3321566464560365,0.3072591359676569,0.3113832340621646,0.2756360733011951,0.2510547424805344,0.2442049764524472,0.2923614244996557,0.3797635071226919,0.4605043227032924,0.4052768059637486,0.3661288303422119,0.4055901607839748,0.0,0.0,0.0,0.0,0.0,0.0,0.0,0.4539917213836255,0.0,0.4286955568068888,0.0,0.0,0.0,0.0,0.0,0.0,0.0,0.0,0.0,0.0,0.0,0.4369318883890343,0.4303792204348682,0.0,0.4518279470636111,0.0,0.0,0.0,0.4450519376410464,0.4604904280833246,0.434911345365956,0.0,0.4657545936660126
0.4027993548186904,0.3567522948512063,0.0,0.0,0.3555792512155164,0.3209541879839485,0.36786545161084,0.3479955331646855,0.3581752081385406,0.4369609497151535,0.0,0.0,0.3478506638084817,0.0,0.3395735263211141,0.3865633046943107,0.4304583779804272,0.3811494664125263,0.0,0.3005828881651004,0.3459051348108995,0.3607223864697148,0.3617277581082421,0.0,0.3513196597258976,0.3491766803816092,0.3343959792173065,0.2895721436912347,0.0,0.2834340668463107,0.3128279250752371,0.3668410453064765,0.2977011559312775,0.3602243613487527,0.3872225355968397,0.4317298336568093,0.0,0.0,0.4201876756308694,0.4686091602094674,0.4485592109811698,0.4729931108560495,0.4810193876973032,0.0,0.0,0.0,0.0,0.5332745289316156,0.0,0.0,0.4375723788788692,0.0,0.4318586253101381,0.0,0.0,0.0,0.0,0.4618626711116846,0.0,0.4134277067822923,0.0,0.0,0.0,0.0,0.420966136615728,0.404363350370405,0.4173054622554875,0.4404618674251236,0.0,0.0,0.4228997176889905,0.4356763026867618,0.4401057914961369,0.4224550358084177,0.4612524244463558,0.438064366191616
0.0,0.0,0.0,0.0,0.0,0.364395778486796,0.0,0.3696625611836495,0.3932198433635468,0.0,0.0,0.0,0.3625278916459713,0.0,0.0,0.3720946563205747,0.0,0.3846448403914773,0.0,0.3086919309950089,0.0,0.3482098125515866,0.3780368763393616,0.0,0.0,0.0,0.3504209259754387,0.276238115254197,0.2834340668463107,0.0,0.2867391126832898,0.3558365432589256,0.0,0.3234462000744345,0.3607162254626219,0.0,0.0,0.0,0.0,0.0,0.0,0.0,0.0,0.0,0.0,0.0,0.0,0.0,0.0,0.0,0.0,0.0,0.0,0.0,0.0,0.0,0.0,0.0,0.0,0.0,0.0,0.0,0.0,0.0,0.4455597011732491,0.0,0.0,0.4521816156897298,0.0,0.0,0.0,0.4452383871982982,0.0,0.4645856483344675,0.0,0.0
0.2741655802918175,0.2915006607331384,0.425947918535049,0.3268592483963809,0.3895080036338625,0.3817428308117561,0.36030866348832,0.385453817596269,0.423740392826926,0.3022801155035562,0.4075571127594443,0.2729094375797725,0.3485898935834904,0.3390124971864506,0.3247280326278389,0.3125741882468283,0.2985486597357743,0.3145595116120619,0.4181213190514372,0.3427063485269265,0.3264087697897494,0.3305465793185471,0.3884831931237258,0.2801894979004682,0.308521510355765,0.3117988733054652,0.3579286176561059,0.3139441991956403,0.3128279250752371,0.2867391126832898,0.0,0.2841509328706126,0.262934700478325,0.2605541638976996,0.2015069112700519,0.3314129423277276,0.257619142033255,0.2533196792033896,0.378561458334838,0.3407387650675718,0.3860176082298992,0.0,0.0,0.0,0.0,0.0,0.3735637841113537,0.0,0.0,0.0,0.4473393083416301,0.0,0.4240685318023562,0.0,0.4005974605958772,0.0,0.3777321817092164,0.0,0.0,0.38543623624091,0.3657084424519604,0.3722364288218383,0.3759616244149759,0.0,0.4109947671081548,0.3740890643017168,0.3895533073504109,0.4444997565354718,0.0,0.3753074608275389,0.3840347705313892,0.4400369116038138,0.0,0.4280373947030858,0.0,0.0
0.3307833712854129,0.307915620208438,0.3976583910968343,0.2521924526566033,0.3385817331220185,0.3753660921116427,0.3530500742871797,0.3314151928599315,0.3968256472087378,0.2913958420746099,0.349966316962969,0.2311988130109964,0.3512497432195447,0.2138932155856528,0.361385136226608,0.3467477759103053,0.3443730776816986,0.361046165107459,0.3920184084562446,0.3861812336448525,0.3599808044064391,0.3665822507897802,0.3761871876074014,0.2370344084627159,0.3228859597873231,0.3424432857089372,0.3759036017232923,0.3321566464560365,0.3668410453064765,0.3558365432589256,0.2841509328706126,0.0,0.2937285825182807,0.3361694616080881,0.2995550863044796,0.2552826732315031,0.2836021468041786,0.2260927894620132,0.2246386502801688,0.2679330652648187,0.2850633550427268,0.2948400976414033,0.2876460235679168,0.2866672112536013,0.0,0.3802412708786954,0.4035949827316181,0.461146475245952,0.0,0.0,0.4450877182327383,0.0,0.430240064324184,0.4759715703134127,0.2877003635916809,0.3991764756862423,0.2695738684879479,0.3409141682563944,0.0,0.4281652728708808,0.3979971354577136,0.4244861527478463,0.3843387372509633,0.0,0.419065007231128,0.3905807468819714,0.4133257751117911,0.452595023156429,0.3455548018702971,0.3959707305752493,0.4039085878251894,0.4413831465420434,0.3641723200302981,0.4243252885216699,0.0,0.4283763654334616
0.2506523380604393,0.2871414697681178,0.0,0.0,0.3341455298229615,0.3331676093312855,0.3520557564575234,0.3369216589340875,0.3996448233855779,0.2680611496517755,0.0,0.2287889498395204,0.3278993665710824,0.0,0.3237593502453034,0.3107660104689893,0.2699618309748527,0.2850331923202708,0.0,0.3330960950616768,0.3167705288500123,0.3225548368481396,0.3284950953495196,0.1952037809127681,0.264973365903048,0.2934119011067687,0.3297918336682914,0.3072591359676569,0.2977011559312775,0.0,0.262934700478325,0.2937285825182807,0.0,0.2358887983821545,0.3592294975693038,0.4202187631259022,0.3060750748861467,0.1574567644581222,0.2901191410847877,0.280818266401353,0.2680445387147139,0.2568074943306608,0.0,0.0,0.2093886425223668,0.3362510396943415,0.4126164168616208,0.0,0.0,0.0,0.0,0.0,0.0,0.0,0.3561920072205146,0.0,0.3580027565741834,0.0,0.0,0.4242548035403577,0.3953988295093002,0.375541027543891,0.3709661916704544,0.0,0.4087128901117297,0.3576406734150741,0.4161581610506012,0.4000593887883951,0.3154128431949399,0.3801955645343183,0.3914886621525747,0.3861727072767952,0.0,0.0,0.0,0.3418154494587551
0.3099129404834738,0.2986584986004617,0.4173346236912992,0.3393137358700211,0.3671908901638196,0.3811145569017889,0.3574329557919425,0.3816673378526199,0.4133485288017094,0.2812341506589177,0.3920565173100129,0.2074763811721402,0.3474722546551263,0.3446099142695275,0.3511833985466233,0.3411330510614905,0.3159468964788288,0.3260578334472472,0.4112146878312213,0.3764199650916606,0.3403487077065851,0.3527151847124547,0.3927267983259048,0.2352523334557146,0.3032094018561205,0.3146749797285526,0.3768840571749607,0.3113832340621646,0.3602243613487527,0.3234462000744345,0.2605541638976996,0.3361694616080881,0.2358887983821545,0.0,0.2887797456493183,0.4060300375681757,0.3195727603668815,0.1690489698337288,0.304425858278892,0.2921295501422336,0.3524283869872884,0.2529785191401471,0.0,0.0,0.0,0.3473165325249985,0.3957667435474201,0.0,0.0,0.0,0.4555765093746058,0.0,0.4429083338477146,0.0,0.3783014217293405,0.0,0.3787795085527338,0.0,0.0,0.4266386336456418,0.3832558769860089,0.4057807867079865,0.3820956329933998,0.0,0.4170425895446376,0.3973991484696693,0.4094539854564167,0.4637862216022689,0.3589323844977297,0.3907015802897803,0.4011488970907983,0.4413669819964423,0.4482719209062384,0.4329349498507681,0.0,0.4006032689193817
0.3461243933153461,0.293860313628119,0.4207352562296514,0.2917714493237555,0.3127301904792914,0.3810543426436739,0.3041594546980691,0.3982803478111022,0.411800360353129,0.2596574970087497,0.3726299871372174,0.2462348409309856,0.2989671491771075,0.0,0.3863125926791443,0.3334178918155036,0.3232782791832434,0.3467944908787314,0.4043943385753121,0.4032464363234875,0.3896266339777724,0.3847081459018172,0.4026295756479165,0.2065268888801744,0.3132995644880121,0.3424908636128448,0.3895563809516317,0.2756360733011951,0.3872225355968397,0.3607162254626219,0.2015069112700519,0.2995550863044796,0.3592294975693038,0.2887797456493183,0.0,0.3753361291055913,0.2973892340354329,0.192448568883594,0.2951117327144559,0.2465052905093194,0.3012436807646434,0.3286374201508965,0.3148786874302624,0.3206643105184712,0.0,0.0,0.4010003752093014,0.0,0.0,0.0,0.0,0.0,0.0,0.0,0.0,0.0,0.3698196867454624,0.0,0.0,0.4445951946762548,0.4057193731511384,0.0,0.0,0.0,0.4274675267184084,0.0,0.4379961662877984,0.4557244255047758,0.0,0.3983802178432228,0.4080281303690913,0.4491670722953096,0.0,0.4606385548522217,0.0,0.0
0.0,0.0,0.362110389864925,0.1552922468154442,0.2226836988772668,0.4016904628681526,0.2541670798422026,0.2453204849119444,0.3932390592619161,0.2872353380789387,0.2973856350089212,0.2548006688612936,0.2827152093561761,0.1507783070671796,0.4000970627679472,0.0,0.0,0.0,0.3635174436089788,0.4465889164311586,0.0,0.4312747194883311,0.381583614793034,0.293495135448408,0.0,0.4020864058832535,0.4082391984850405,0.2510547424805344,0.4317298336568093,0.0,0.3314129423277276,0.2552826732315031,0.4202187631259022,0.4060300375681757,0.3753361291055913,0.0,0.1995472922656874,0.2685184887682409,0.2721621251102701,0.2189629955656507,0.2842667757754615,0.2799587214998775,0.2549217085613584,0.3003571335888092,0.0,0.0,0.0,0.4537832289412905,0.0,0.3063774436057285,0.4303949416281389,0.0,0.0,0.4126382079557502,0.0,0.3460708346702468,0.0,0.0,0.0,0.0,0.0,0.0,0.0,0.3940312450275115,0.5489351607519957,0.0,0.4888296797678602,0.4443815175707847,0.0,0.0,0.0,0.4371517993815455,0.38336988486645,0.5014053853339824,0.0,0.0
0.0,0.0,0.4038465344165466,0.1679232891084605,0.2388791295684487,0.3876392410286871,0.2513130697635672,0.3937394894319695,0.3962261583853649,0.2442105046700911,0.3779931322072652,0.242069141768467,0.286094080591572,0.1414712596430062,0.0,0.0,0.0,0.0,0.403488877312977,0.4205694772176113,0.0,0.3945395783613762,0.3843489542672476,0.1975281491762968,0.0,0.0,0.3878668914694753,0.2442049764524472,0.0,0.0,0.257619142033255,0.2836021468041786,0.3060750748861467,0.3195727603668815,0.2973892340354329,0.1995472922656874,0.0,0.2256595897468456,0.2526035708461513,0.0,0.2525825980230998,0.2937305096207512,0.3071449614615932,0.0,0.0,0.0,0.0,0.0,0.0,0.0,0.0,0.0,0.0,0.0,0.0,0.0,0.0,0.0,0.0,0.0,0.0,0.0,0.0,0.0,0.0,0.0,0.0,0.0,0.0,0.0,0.0,0.0,0.0,0.0,0.0,0.0
0.4089004242815368,0.0,0.0,0.0,0.3341507438598384,0.4162648742503436,0.2980757045543291,0.0,0.4012266082848821,0.2467755815075548,0.3874543882782632,0.1653048788104609,0.3060442882848627,0.0,0.0,0.0,0.2817838585377702,0.0,0.4315581969953123,0.0,0.0,0.0,0.4454018129976876,0.1874864359497896,0.2851674043244526,0.2840872152829605,0.4484265294653514,0.2923614244996557,0.0,0.0,0.2533196792033896,0.2260927894620132,0.1574567644581222,0.1690489698337288,0.192448568883594,0.2685184887682409,0.2256595897468456,0.0,0.2418027602571485,0.2089912328210574,0.1839884759393714,0.2839393644421917,0.0,0.0,0.212370363899693,0.0,0.0,0.0,0.0,0.0,0.0,0.0,0.0,0.0,0.3192519357865699,0.0,0.3399456791836484,0.0,0.0,0.0,0.0,0.0,0.0,0.0,0.0,0.0,0.0,0.0,0.2541465142026523,0.0,0.3712323192024733,0.0,0.0,0.0,0.0,0.0
0.3635202597285585,0.3909813076200852,0.4732953112961133,0.0,0.4194435763684476,0.4351191170470843,0.0,0.4093820687528118,0.4612345907834023,0.2702462564140367,0.3920833272161701,0.2416625953920594,0.377240573152857,0.0,0.4183954039579309,0.3646949426479505,0.0,0.3494413704319332,0.4843287320407903,0.4155834732466212,0.3807870305723309,0.4050624745180981,0.4457513157774481,0.349979159428391,0.3825161108072629,0.3936301707495419,0.440959040574743,0.3797635071226919,0.4201876756308694,0.0,0.378561458334838,0.2246386502801688,0.2901191410847877,0.304425858278892,0.2951117327144559,0.2721621251102701,0.2526035708461513,0.2418027602571485,0.0,0.2821600575915511,0.3448647951085082,0.3326649754950988,0.2651553538517023,0.3110302396144681,0.2118079020879555,0.3408739267919089,0.3294271827471409,0.4162326869895097,0.2521814841097143,0.3151943033971073,0.3626586109612334,0.3495462723043178,0.3468728333595361,0.4093909629623752,0.2875012565443518,0.3132829343615904,0.2107509227733053,0.3526951060223694,0.27497573192429,0.363238503285278,0.3586808446311664,0.3230359133359067,0.3449558160956888,0.3807591550683377,0.3755645645897751,0.3561273351655931,0.357774321109142,0.361094500551356,0.2415773730289705,0.3331861394004142,0.3373248014737131,0.3669103940266346,0.3434874972179349,0.3613736651754975,0.3495550496998013,0.3631315691354573
0.3700549130783965,0.3877187531323883,0.0,0.0,0.0,0.0,0.0,0.0,0.0,0.310328723067211,0.0,0.2696228394441052,0.0,0.0,0.4023593604674216,0.3622090095722829,0.2895498935700465,0.3535402463388397,0.0,0.4260098500966639,0.3745090323391732,0.4003122019690129,0.3936494830484174,0.322808758780454,0.3602429944606615,0.3679979885022144,0.4429871535725331,0.4605043227032924,0.4686091602094674,0.0,0.3407387650675718,0.2679330652648187,0.280818266401353,0.2921295501422336,0.2465052905093194,0.2189629955656507,0.0,0.2089912328210574,0.2821600575915511,0.0,0.2285290874839718,0.3150314347902096,0.3226301230354904,0.2455249004786792,0.1278221844434364,0.2785507443033089,0.2805776959376027,0.5604919372153438,0.0,0.2781322186211983,0.3122600661655378,0.3371540304303548,0.3451348182753153,0.4052698139069502,0.2596528023009591,0.4150689066271781,0.2139570720733583,0.3339966758100705,0.0,0.3235070565039518,0.2992158382040635,0.279695830236399,0.2750632071970992,0.0,0.3251065945497326,0.3075700092633986,0.3072332334277253,0.3225335373286463,0.2018844614464045,0.2643042476447657,0.2933689964147463,0.328742083629487,0.316803006849634,0.2969122274204113,0.2968887024369097,0.2712808548246223
