0.0,0.3914915416408437,0.0,0.0,0.0,0.4416208154881427,0.0,0.5025242150658751,0.0,0.4164190918656255,0.0,0.3988527249668375,0.0,0.0,0.420347307425124,0.406384991966536,0.3748887023172499,0.3926944810619523,0.0,0.0,0.4271974826253297,0.3997917750367923,0.4785317064122716,0.391911173579927,0.372233905218656,0.381064433638017,0.5165506946824583,0.5025844121854388,0.4495047355373524,0.0,0.3657409814832493,0.4274930846045366,0.3469515635754628,0.3692656240126456,0.4331438747724364,0.0,0.0,0.0,0.4409579709489076,0.3679348794510305,0.3924671697509678,0.0,0.0,0.0,0.0,0.3627029953214472,0.430414967595978,0.0,0.0,0.0,0.0,0.0,0.0,0.0,0.4645905787149985,0.0,0.0,0.0,0.0,0.0,0.4252472436062682,0.0,0.4069339601113069,0.0,0.0,0.4132925956325084,0.4334493089471616,0.0,0.440429641984011,0.41109493476637,0.4236242539875481,0.0,0.0,0.0,0.0,0.0
0.3914915416408437,0.0,0.0,0.0,0.3969180379496154,0.4158092808975565,0.4551506189097071,0.4515471505137398,0.4194684390575198,0.0,0.0,0.0,0.4656314586300183,0.0,0.4078176575389778,0.4168079076018137,0.0,0.4384504238686205,0.0,0.4476222726576681,0.3933562262155128,0.3803860809466731,0.4311780698464047,0.0,0.3807606836968462,0.3661714706875256,0.4335247989227532,0.4590791527024024,0.4367106976202643,0.0,0.3616964954548687,0.4139469128651666,0.3576145371455387,0.3600131313747817,0.4354613006457673,0.0,0.0,0.0,0.4505815872116913,0.435553673348461,0.4318359455452822,0.4646325644319539,0.0,0.0,0.0,0.426371490367484,0.4517958357020853,0.0,0.0,0.0,0.0,0.0,0.0,0.0,0.0,0.0,0.0,0.0,0.0,0.4554951944673128,0.4472175529324518,0.0,0.426580952408226,0.0,0.4430227435382779,0.4448872642550017,0.4606336571931504,0.4300248711250213,0.0,0.4278466258625362,0.469140070172676,0.0,0.0,0.0,0.0,0.4135358763728564
0.0,0.0,0.0,0.0,0.4261955744000732,0.4355169350003775,0.5038567134365963,0.4802219807649624,0.3291523280458652,0.0,0.3856378700710302,0.0,0.5041195668147916,0.4652659049932118,0.0,0.0,0.0,0.0,0.3365145375420203,0.0,0.0,0.0,0.3576960500186069,0.0,0.0,0.0,0.3337670829710236,0.5218603153849989,0.0,0.0,0.5130256485836094,0.4749997345429398,0.0,0.499224235520083,0.4825052715650763,0.477198204589555,0.4655238490460024,0.0,0.0,0.0,0.0,0.0,0.534827765693407,0.0,0.0,0.0,0.0,0.4636460068140895,0.0,0.0,0.5367298466053518,0.0,0.5911616958056631,0.5670196984752309,0.0,0.413749137704024,0.0,0.0,0.0,0.0,0.0,0.0,0.0,0.2956902783855324,0.0,0.0,0.0,0.5704167085168164,0.0,0.0,0.0,0.5881166389864735,0.0,0.0,0.0,0.0
0.0,0.0,0.0,0.0,0.234508905677496,0.4009671257715316,0.2172707174891067,0.2768398155141544,0.4258469799273052,0.0,0.4441515310942136,0.0,0.3087582017680839,0.2068511889551378,0.0,0.0,0.0,0.0,0.0,0.0,0.0,0.0,0.4056704867247842,0.0,0.0,0.0,0.4027122231366726,0.2483274895752936,0.0,0.0,0.0,0.2590299050795687,0.0,0.2349474733991425,0.319977080617944,0.1417423011073093,0.168461361846298,0.0,0.0,0.0,0.0,0.0,0.0,0.0,0.0,0.0,0.0,0.0,0.0,0.0,0.0,0.0,0.0,0.0,0.0,0.0,0.0,0.0,0.0,0.0,0.0,0.0,0.0,0.0,0.0,0.0,0.0,0.0,0.0,0.0,0.0,0.0,0.0,0.0,0.0,0.0
0.0,0.3969180379496154,0.4261955744000732,0.234508905677496,0.0,0.4213641771794903,0.3690936287989126,0.3818682036725765,0.374537292377675,0.5158728476868479,0.3899517068544949,0.0,0.4032994351184552,0.2658924067269689,0.0,0.0,0.0,0.0,0.3982912148474423,0.4423136327293589,0.0,0.4500905907559047,0.4192952513102981,0.0,0.3646606400210236,0.0,0.4300444813296727,0.3736531500368157,0.4208188197221708,0.0,0.459729952137053,0.3501945710033772,0.0,0.4367167467168419,0.4516826639058142,0.2818489619262516,0.2399373208680225,0.0,0.0,0.0,0.0,0.0,0.0,0.0,0.0,0.0,0.0,0.0,0.0,0.0,0.0,0.0,0.0,0.0,0.0,0.0,0.0,0.0,0.0,0.0,0.0,0.0,0.0,0.0,0.0,0.0,0.0,0.4876692863606196,0.0,0.0,0.0,0.4416164385578558,0.0,0.0,0.0,0.0
0.4416208154881427,0.4158092808975565,0.4355169350003775,0.4009671257715316,0.4213641771794903,0.0,0.4347043137795688,0.3981615077777778,0.3561251285946112,0.4682921571078385,0.4352208278986383,0.0,0.4068944051237347,0.4125742053245013,0.4300017615607831,0.4313400772443829,0.0,0.3402853868580866,0.0,0.4394070338605932,0.4050328092342716,0.4386063735218088,0.3976755288224108,0.0,0.3793762103810814,0.4064556423594819,0.3999087957990573,0.3978551827356888,0.3664585889873598,0.4136090893927453,0.4397869979452226,0.3926669698904589,0.3783728113265934,0.4314512497063265,0.4361358357018817,0.4278223592580517,0.4332064244754867,0.0,0.4491822038759537,0.0,0.4766364633368914,0.4152541884724807,0.4679859342753963,0.0,0.0,0.0,0.0,0.527056438736102,0.0,0.0,0.466606057492649,0.4741265427945486,0.4117642641115515,0.5277039339479797,0.0,0.5086754364121215,0.0,0.4702744801889072,0.0,0.3799975578619637,0.0,0.0,0.0,0.5452329386481776,0.3866267167718482,0.3732916373194885,0.4282323708077441,0.4816527040691878,0.0,0.0,0.0,0.4688377502426198,0.4481475239299915,0.4332459229497526,0.0,0.4739146043447257
0.0,0.4551506189097071,0.5038567134365963,0.2172707174891067,0.3690936287989126,0.4347043137795688,0.0,0.4291968829726958,0.4175295310947302,0.2803490788249345,0.5106875471311004,0.0,0.3583246349025728,0.3013525266100095,0.0,0.4857959337815407,0.0,0.4396507050126585,0.5056574760768633,0.4493777571469708,0.0,0.4730988475012391,0.4377959411099408,0.0,0.4270763975981895,0.4165971284914094,0.4532509741551784,0.3470356473645722,0.4432696542437102,0.0,0.4490553308025648,0.423131385268004,0.4056234555691572,0.4374762204083754,0.442707760498997,0.3266289061743578,0.2549470916668516,0.0,0.0,0.0,0.0,0.0,0.0,0.0,0.0,0.0,0.0,0.0,0.0,0.0,0.3838557331858362,0.0,0.0,0.0,0.0,0.0,0.0,0.0,0.0,0.0,0.0,0.0,0.0,0.0,0.0,0.0,0.0,0.4697221966691899,0.0,0.0,0.0,0.4301667687083325,0.0,0.0,0.0,0.0
0.5025242150658751,0.4515471505137398,0.4802219807649624,0.2768398155141544,0.3818682036725765,0.3981615077777778,0.4291968829726958,0.0,0.5171958835021333,0.0,0.3683734295919614,0.0,0.4304411048377811,0.3149273562737126,0.3979596355253744,0.4493673649607693,0.0,0.4368438868716395,0.4149632923486603,0.0,0.3564119613115739,0.0,0.3571371628508358,0.5106138635960266,0.4504672637236808,0.4763839300599148,0.4746767352100697,0.4519236427588421,0.3782475076070591,0.0,0.446349426543741,0.3427040364483897,0.4234144481144011,0.437663064290087,0.4357179899129481,0.2576173223071633,0.2372326649641197,0.0,0.4093906272528455,0.0,0.4250367052420272,0.0,0.3872749516115615,0.0,0.0,0.0,0.0,0.5332553642055893,0.0,0.0,0.3998614789702207,0.4301424322815074,0.3130940504118968,0.5334098634495894,0.0,0.5008818315361949,0.0,0.4037906852188413,0.3670283558503639,0.3946747747877121,0.0,0.0,0.0,0.5070124254294395,0.419514611357162,0.3017755794286139,0.0,0.4334707440694501,0.0,0.0,0.0,0.4241656502918591,0.4186818093284712,0.3843309280184752,0.0,0.4096661130235061
0.0,0.4194684390575198,0.3291523280458652,0.4258469799273052,0.374537292377675,0.3561251285946112,0.4175295310947302,0.5171958835021333,0.0,0.4676731558685585,0.3813324179074276,0.437430906338914,0.417517527059716,0.4621550410110738,0.0,0.4384643496510094,0.0,0.0,0.3017217422952736,0.4296976466619506,0.0,0.4378932772728167,0.4608090921529911,0.0,0.0,0.0,0.3914907953642585,0.482781392097683,0.3795840387076477,0.4685105356396495,0.4837740380345504,0.4393052048686928,0.4171347161644301,0.4671890498936979,0.4839417888852237,0.4711107120716246,0.4658067284864911,0.4179558370306988,0.479587472943949,0.0,0.0,0.0,0.5443086479062881,0.0,0.0,0.0,0.0,0.5761578501403581,0.0,0.0,0.5441232276077896,0.0,0.5678961530519767,0.5768234504109263,0.0,0.5785099020462988,0.0,0.0,0.0,0.0,0.0,0.0,0.0,0.0,0.0,0.0,0.0,0.5611609396553086,0.0,0.0,0.0,0.5350554948187822,0.0,0.0,0.0,0.0
0.4164190918656255,0.0,0.0,0.0,0.5158728476868479,0.4682921571078385,0.2803490788249345,0.0,0.4676731558685585,0.0,0.4841804500385446,0.3034533413350158,0.4207971573473405,0.0,0.0,0.3904456007755587,0.3773472787468429,0.3968195471713129,0.4850965390822,0.0,0.0,0.0,0.0,0.36593590286696,0.3600117934091489,0.3893433201268195,0.0,0.4148286447421851,0.0,0.0,0.3737285711280136,0.3892138948032597,0.3313730183405029,0.3391565926104045,0.367251868230754,0.4408757671776691,0.0,0.3086455344635846,0.3725757128038632,0.3396529992985171,0.3763489142011036,0.0,0.0,0.0,0.3788759330162436,0.0,0.0,0.0,0.0,0.0,0.0,0.0,0.0,0.0,0.4336959335528239,0.0,0.4457825721634289,0.0,0.0,0.0,0.0,0.3668246916061628,0.3764810392843577,0.0,0.0,0.0,0.0,0.0,0.4662756817342369,0.4049943933599841,0.4425715328603823,0.0,0.4104826506861788,0.0,0.0,0.415570471763281
0.0,0.0,0.3856378700710302,0.4441515310942136,0.3899517068544949,0.4352208278986383,0.5106875471311004,0.3683734295919614,0.3813324179074276,0.4841804500385446,0.0,0.4460109818379433,0.4931344348701195,0.3243366664570521,0.0,0.0,0.0,0.0,0.3292712143613758,0.0,0.0,0.0,0.353301594043235,0.0,0.0,0.0,0.4634031233265259,0.4808546301318728,0.0,0.0,0.4929118167222714,0.3872747413973635,0.4292727434701199,0.4751780199097411,0.4536767625883277,0.4055292766177936,0.4744183244266771,0.3895543750541027,0.0,0.0,0.0,0.0,0.4782222205384997,0.0,0.0,0.0,0.0,0.5959502976906196,0.0,0.0,0.4424964613253571,0.0,0.5600461449793804,0.6128863308127747,0.0,0.3245302505279944,0.0,0.4764156813627335,0.0,0.0,0.0,0.0,0.0,0.3102870746458492,0.0,0.0,0.0,0.6110964022818295,0.0,0.0,0.0,0.5893078675372269,0.0,0.0,0.0,0.0
0.3988527249668375,0.0,0.0,0.0,0.0,0.0,0.0,0.0,0.437430906338914,0.3034533413350158,0.4460109818379433,0.0,0.4543825726746197,0.0,0.0,0.0,0.4046934661163716,0.3479080427031328,0.0,0.0,0.0,0.0,0.0,0.3217518328405075,0.3752431048676948,0.3543509324843725,0.0,0.4125177314641766,0.0,0.0,0.37612848569479,0.2548265060124481,0.2815249167409576,0.3160410409540939,0.3393008058562997,0.3701954837937935,0.297249660289091,0.2406939396099724,0.4048952299521337,0.3592443331800564,0.3973164566611393,0.0,0.0,0.0,0.3695833113812098,0.0,0.0,0.0,0.0,0.0,0.0,0.0,0.0,0.0,0.4438135897416383,0.0,0.4525222182750939,0.0,0.0,0.0,0.0,0.3829156910645818,0.4125307254390348,0.0,0.0,0.0,0.0,0.0,0.4605731913823288,0.4359445046486779,0.4626025481122413,0.0,0.0,0.0,0.0,0.4214450871724503
0.0,0.4656314586300183,0.5041195668147916,0.3087582017680839,0.4032994351184552,0.4068944051237347,0.3583246349025728,0.4304411048377811,0.417517527059716,0.4207971573473405,0.4931344348701195,0.4543825726746197,0.0,0.3237249865960414,0.4474407928457476,0.4843507211540116,0.43234770649943,0.5046699263997542,0.4922699338708379,0.4474339375494569,0.4380812872747207,0.482517039388207,0.4465565675743959,0.4423664187642766,0.4477392208762221,0.434387629987484,0.4657594322593219,0.3547173323170847,0.4093610477223809,0.3709013296613905,0.407303860922725,0.4124678019514068,0.4241966234810279,0.4031623607328582,0.4098517319587876,0.3474340502083599,0.3103513955419663,0.4054904158222427,0.4508090434976306,0.0,0.0,0.0,0.0,0.0,0.0,0.0,0.0,0.0,0.0,0.0,0.4012719494271072,0.0,0.4226568408827404,0.0,0.0,0.0,0.0,0.0,0.0,0.0,0.0,0.0,0.0,0.0,0.0,0.0,0.0,0.4745394277685062,0.0,0.0,0.0,0.4547409178761483,0.0,0.4063544171291587,0.0,0.0
0.0,0.0,0.4652659049932118,0.2068511889551378,0.2658924067269689,0.4125742053245013,0.3013525266100095,0.3149273562737126,0.4621550410110738,0.0,0.3243366664570521,0.0,0.3237249865960414,0.0,0.0,0.0,0.0,0.0,0.4362062535777808,0.0,0.4334724583239077,0.0,0.3898494527330622,0.0,0.0,0.0,0.4611675317377665,0.2150623591381165,0.0,0.0,0.4183498908656625,0.2150264174749949,0.0,0.0,0.0,0.1877687284712329,0.1580624660906937,0.0,0.0,0.0,0.0,0.0,0.4510452148559735,0.0,0.0,0.0,0.0,0.0,0.0,0.0,0.0,0.0,0.0,0.0,0.0,0.0,0.0,0.0,0.0,0.0,0.0,0.0,0.0,0.0,0.0,0.0,0.0,0.0,0.0,0.0,0.0,0.0,0.0,0.0,0.0,0.0
0.420347307425124,0.4078176575389778,0.0,0.0,0.0,0.4300017615607831,0.0,0.3979596355253744,0.0,0.0,0.0,0.0,0.4474407928457476,0.0,0.0,0.4147462190086231,0.0,0.3928412485871263,0.0,0.3916604618638455,0.377295057201004,0.3961556289382712,0.4128616783937809,0.466492331173173,0.3731246052432391,0.433259337506762,0.4315390250051804,0.425184809219525,0.4089895142203378,0.0,0.4168228995695568,0.4300510274760921,0.3988816339463085,0.4316033304214562,0.4637755970363386,0.5108528269818602,0.0,0.0,0.453232291111326,0.4508635512060918,0.4511047519247566,0.4751075071064546,0.0,0.0,0.0,0.0,0.4694842367242922,0.0,0.0,0.0,0.4155672242352112,0.0,0.4657782294228778,0.0,0.0,0.0,0.0,0.0,0.0,0.4643712553422406,0.4419135621383008,0.0,0.0,0.0,0.4451095904484878,0.4585010281732832,0.4935622466624336,0.4512054963985957,0.0,0.0,0.5324905626641147,0.456919998816232,0.4382532912079726,0.4371326667786588,0.0,0.4176528280642218
0.406384991966536,0.4168079076018137,0.0,0.0,0.0,0.4313400772443829,0.4857959337815407,0.4493673649607693,0.4384643496510094,0.3904456007755587,0.0,0.0,0.4843507211540116,0.0,0.4147462190086231,0.0,0.4001310441383454,0.3750222856964572,0.0,0.4164507808438067,0.399240709631492,0.4037015604686236,0.414849650187885,0.3623355571602331,0.4179910646609588,0.4049387290064826,0.4306024603660569,0.4962514697840535,0.4411202477022029,0.410491394316651,0.3683975746060974,0.43197608916763,0.3868613255145681,0.3931764868992066,0.4524799383860965,0.0,0.0,0.0,0.449946511044665,0.4207554443156011,0.4302676689272058,0.4625761250172988,0.0,0.0,0.0,0.4455783230925388,0.4530307740450154,0.0,0.0,0.0,0.0,0.0,0.0,0.0,0.0,0.0,0.0,0.0,0.0,0.4416057025994036,0.4467267376325239,0.0,0.4200720994382957,0.0,0.0,0.4209800797514075,0.4538185821777101,0.0,0.0,0.433058797296197,0.4584740338523653,0.0,0.0,0.0,0.0,0.4194129460976631
0.3748887023172499,0.0,0.0,0.0,0.0,0.0,0.0,0.0,0.0,0.3773472787468429,0.0,0.4046934661163716,0.43234770649943,0.0,0.0,0.4001310441383454,0.0,0.3578772906046539,0.0,0.0,0.0,0.0,0.0,0.3857782936352286,0.3310117405431433,0.3667556213327329,0.0,0.4427706927525754,0.0,0.0,0.3876030186601013,0.4499920200416114,0.3599658171568464,0.3883374545812538,0.4206179866356664,0.0,0.0,0.3660932061351886,0.0,0.3814412180244493,0.3795250722336197,0.0,0.0,0.0,0.0,0.0,0.0,0.0,0.0,0.0,0.0,0.0,0.0,0.0,0.4189053499840771,0.0,0.4224085063283314,0.0,0.0,0.0,0.0,0.3582258190812341,0.3940188076171048,0.0,0.0,0.0,0.0,0.0,0.4596487462655895,0.4135514602360313,0.4406117986336313,0.0,0.0,0.0,0.0,0.0
0.3926944810619523,0.4384504238686205,0.0,0.0,0.0,0.3402853868580866,0.4396507050126585,0.4368438868716395,0.0,0.3968195471713129,0.0,0.3479080427031328,0.5046699263997542,0.0,0.3928412485871263,0.3750222856964572,0.3578772906046539,0.0,0.0,0.4240470304369326,0.4040196546252939,0.4441472261229112,0.3956876911042645,0.3424093722019298,0.3485611590980729,0.3804927132601275,0.3956823801002597,0.4964359653542187,0.4259662116371523,0.0,0.3837997491205816,0.4530253841773143,0.3584388466413796,0.3879785990375204,0.4332317907465983,0.0,0.0,0.0,0.4364474805012713,0.3875040310019831,0.4065725796987087,0.4430450867214376,0.0,0.0,0.0,0.4202778947892433,0.4443738057146367,0.0,0.0,0.0,0.0,0.0,0.0,0.0,0.404881110023269,0.0,0.4196919531990065,0.0,0.0,0.0,0.4358286942382757,0.3935461329164953,0.4050109901097496,0.0,0.0,0.0,0.4408823535090597,0.0,0.4331702480903739,0.4139776946967287,0.4350294158117932,0.0,0.0,0.0,0.0,0.4075037680748357
0.0,0.0,0.3365145375420203,0.0,0.3982912148474423,0.0,0.5056574760768633,0.4149632923486603,0.3017217422952736,0.4850965390822,0.3292712143613758,0.0,0.4922699338708379,0.4362062535777808,0.0,0.0,0.0,0.0,0.0,0.0,0.0,0.0,0.3497086647242909,0.0,0.0,0.0,0.41311159152754,0.4801775263005806,0.0,0.0,0.5023656178172078,0.4444449270386026,0.0,0.4995975467874023,0.4562518842417036,0.4677499089006935,0.4736080009633239,0.0,0.0,0.0,0.0,0.0,0.0,0.0,0.0,0.0,0.0,0.6209773179360829,0.0,0.0,0.5321227514005041,0.0,0.5614484618441616,0.5078844491945081,0.0,0.2985091321985,0.0,0.0,0.0,0.0,0.0,0.0,0.0,0.6398862544522756,0.0,0.0,0.0,0.573656880545707,0.0,0.0,0.0,0.546280703205828,0.0,0.0,0.0,0.0
0.0,0.4476222726576681,0.0,0.0,0.4423136327293589,0.4394070338605932,0.4493777571469708,0.0,0.4296976466619506,0.0,0.0,0.0,0.4474339375494569,0.0,0.3916604618638455,0.4164507808438067,0.0,0.4240470304369326,0.0,0.0,0.4347168753768017,0.3958125023367176,0.345538657440869,0.0,0.4440097596315452,0.4492129807500498,0.4024647005444275,0.4096560527781039,0.3688782686935898,0.3575421573679702,0.4066839999406428,0.4365829646580322,0.408167362707637,0.4325390159366577,0.4548802892192615,0.4891840489239352,0.4498908424949283,0.0,0.4437339161223319,0.0,0.3267879255396411,0.4168813128755771,0.0,0.0,0.0,0.0,0.4703977787446068,0.0,0.0,0.0,0.0,0.0,0.4190531338018047,0.0,0.0,0.0,0.0,0.0,0.0,0.4079154530617218,0.0,0.0,0.0,0.0,0.4519476093109699,0.3780610678561362,0.4336281837602503,0.4465983876639162,0.0,0.0,0.4554550023712885,0.468564750279994,0.4582705653777638,0.4654387801173445,0.0,0.4364378083621413
0.4271974826253297,0.3933562262155128,0.0,0.0,0.0,0.4050328092342716,0.0,0.3564119613115739,0.0,0.0,0.0,0.0,0.4380812872747207,0.4334724583239077,0.377295057201004,0.399240709631492,0.0,0.4040196546252939,0.0,0.4347168753768017,0.0,0.408527455784099,0.3998005711635925,0.4995172647185034,0.3878326522273854,0.4110617726434577,0.4374198532027124,0.4539629185627917,0.4007161857311538,0.0,0.0,0.409357098008882,0.3651517786342243,0.3810969746694091,0.4454615395105455,0.3996128618252413,0.0,0.0,0.4104657733177203,0.4329566298273799,0.3769706523584002,0.4589805420233012,0.0,0.0,0.0,0.3346908960605186,0.4650554110475771,0.0,0.0,0.0,0.3901407216850798,0.0,0.2246340487035389,0.0,0.0,0.0,0.0,0.0,0.0,0.394546511863468,0.4390348902797825,0.0,0.0,0.0,0.3904386596646559,0.2906631293315075,0.4496554234561167,0.3875976906778472,0.0,0.3839210186543162,0.4764705095687427,0.4112435988232381,0.4077708066885312,0.4004248048577551,0.0,0.3896552961440515
0.3997917750367923,0.3803860809466731,0.0,0.0,0.4500905907559047,0.4386063735218088,0.4730988475012391,0.0,0.4378932772728167,0.0,0.0,0.0,0.482517039388207,0.0,0.3961556289382712,0.4037015604686236,0.0,0.4441472261229112,0.0,0.3958125023367176,0.408527455784099,0.0,0.4527500934604359,0.0,0.4205478862003095,0.4025029465137363,0.4461216671627653,0.4615012080295121,0.4256279648224851,0.3992588618728074,0.3853859130557833,0.4258967568192795,0.3776905025322652,0.4152721320647546,0.4548636972758756,0.4914953470872473,0.4517193164679595,0.0,0.4673007591780252,0.4553022061264842,0.4540442239499584,0.4711037884164885,0.0,0.0,0.0,0.4409809156714384,0.4719278650012231,0.0,0.0,0.0,0.4117347351617342,0.0,0.0,0.0,0.0,0.0,0.0,0.0,0.0,0.4733937550650363,0.4634027499885507,0.0,0.4063425050106212,0.0,0.4459344708863802,0.4577281398231867,0.4738690639070936,0.4510127795072066,0.0,0.4268847557712585,0.4961971829640965,0.4534894952418631,0.0,0.4245512507205836,0.0,0.4188712941648917
0.4785317064122716,0.4311780698464047,0.3576960500186069,0.4056704867247842,0.4192952513102981,0.3976755288224108,0.4377959411099408,0.3571371628508358,0.4608090921529911,0.0,0.353301594043235,0.0,0.4465565675743959,0.3898494527330622,0.4128616783937809,0.414849650187885,0.0,0.3956876911042645,0.3497086647242909,0.345538657440869,0.3998005711635925,0.4527500934604359,0.0,0.5082789175136083,0.3818008071944714,0.4529654223999842,0.3777116117529908,0.4498999922317684,0.4140709196141277,0.4128664945505125,0.4382614687843001,0.4150092482058592,0.4027760783588633,0.4442605667216568,0.4506278351787419,0.4280663576569437,0.4299572987549893,0.0,0.4497451982166577,0.4530867856158634,0.4711650186612787,0.4705542755608675,0.500088391309731,0.0,0.0,0.0,0.4540880635453693,0.5584175821345939,0.0,0.6124500557226364,0.4753341841963249,0.4990825403964692,0.4146695635587978,0.5625258061250131,0.0,0.5045837003742957,0.0,0.4778186803667294,0.4399822485401968,0.4523221787412014,0.0,0.0,0.0,0.3717025104678696,0.4558984242258338,0.3777506506846276,0.4621172907055595,0.4924646271547134,0.0,0.0,0.4933207816550842,0.4656048933730859,0.4674266123175068,0.4539832663714083,0.4609420247952385,0.475533608823823
0.391911173579927,0.0,0.0,0.0,0.0,0.0,0.0,0.5106138635960266,0.0,0.36593590286696,0.0,0.3217518328405075,0.4423664187642766,0.0,0.466492331173173,0.3623355571602331,0.3857782936352286,0.3424093722019298,0.0,0.0,0.4995172647185034,0.0,0.5082789175136083,0.0,0.3394335840434027,0.356621465336888,0.4762048913357427,0.4158742038143341,0.0,0.0,0.3794482995358954,0.3567495131642515,0.2739648069595163,0.3358405833570344,0.3757717809368309,0.4066201668886627,0.0,0.2722254170611264,0.4514267028936393,0.3000537552489158,0.3600732070204138,0.0,0.0,0.0,0.2587198718242979,0.4054250687308456,0.0,0.0,0.0,0.0,0.0,0.0,0.0,0.0,0.4253263740475035,0.0,0.4089739010073625,0.0,0.0,0.0,0.4208773528154944,0.4203299519277481,0.4240441768207514,0.0,0.0,0.0,0.0,0.0,0.454185152899204,0.4357278747501402,0.4602484299318524,0.0,0.0,0.0,0.0,0.416923680738111
0.372233905218656,0.3807606836968462,0.0,0.0,0.3646606400210236,0.3793762103810814,0.4270763975981895,0.4504672637236808,0.0,0.3600117934091489,0.0,0.3752431048676948,0.4477392208762221,0.0,0.3731246052432391,0.4179910646609588,0.3310117405431433,0.3485611590980729,0.0,0.4440097596315452,0.3878326522273854,0.4205478862003095,0.3818008071944714,0.3394335840434027,0.0,0.3546093953578311,0.3844504879667771,0.44439897453074,0.3960540123163545,0.0,0.376548921464004,0.4175026006865847,0.3300982935958148,0.3657059442398359,0.3969547583737894,0.0,0.0,0.3606740655543659,0.4356487601715893,0.3860863706760833,0.4039498464327365,0.434063189843379,0.0,0.0,0.0,0.4139404139543591,0.4333025008797736,0.0,0.0,0.0,0.0,0.0,0.0,0.0,0.4137637432662268,0.0,0.4308993815227492,0.0,0.0,0.0,0.4288507718375814,0.3945686291548616,0.4019437764514229,0.0,0.0,0.4052155367107979,0.4285683892702619,0.0,0.4460106642778072,0.4116587611834089,0.4322460620122096,0.0,0.0,0.0,0.0,0.4001337653583792
0.381064433638017,0.3661714706875256,0.0,0.0,0.0,0.4064556423594819,0.4165971284914094,0.4763839300599148,0.0,0.3893433201268195,0.0,0.3543509324843725,0.434387629987484,0.0,0.433259337506762,0.4049387290064826,0.3667556213327329,0.3804927132601275,0.0,0.4492129807500498,0.4110617726434577,0.4025029465137363,0.4529654223999842,0.356621465336888,0.3546093953578311,0.0,0.4461878202396826,0.4409575249086387,0.3987666716918036,0.0,0.3717129671731332,0.4264091185259417,0.3586787277751235,0.3723485507947257,0.4355202906267307,0.4087346522579146,0.0,0.3561331037543853,0.4623959039197216,0.4135453878252309,0.4343173560743329,0.4662269168578904,0.0,0.0,0.0,0.4388281975225475,0.4693945489276028,0.0,0.0,0.0,0.0,0.0,0.0,0.0,0.4488116746088652,0.0,0.4583336519459192,0.0,0.0,0.5065459227408429,0.4547104777576412,0.4309944839473684,0.4242366459024748,0.0,0.4621767752246261,0.4658634573329544,0.4911982696187264,0.4783346555815347,0.4625408870695818,0.4319237331651188,0.4657343356790016,0.4755586469754725,0.0,0.4517906625959711,0.0,0.4237270136416337
0.5165506946824583,0.4335247989227532,0.3337670829710236,0.4027122231366726,0.4300444813296727,0.3999087957990573,0.4532509741551784,0.4746767352100697,0.3914907953642585,0.0,0.4634031233265259,0.0,0.4657594322593219,0.4611675317377665,0.4315390250051804,0.4306024603660569,0.0,0.3956823801002597,0.41311159152754,0.4024647005444275,0.4374198532027124,0.4461216671627653,0.3777116117529908,0.4762048913357427,0.3844504879667771,0.4461878202396826,0.0,0.4610515832078691,0.4164213773355272,0.4007771797787964,0.4260508340614364,0.4076163683281678,0.384546698653202,0.4361879553405012,0.4363847999598147,0.444657693001902,0.4415505163737167,0.0,0.4483343346826204,0.0,0.4603802515155287,0.457821086152104,0.5394709263293185,0.0,0.0,0.0,0.0,0.5752808350380819,0.0,0.0,0.5064748581934688,0.5213785934237117,0.4790737433200033,0.5597667763261721,0.0,0.5753263179304492,0.0,0.5059485569038371,0.0,0.4453764079141646,0.0,0.0,0.0,0.5688253890013528,0.4449384703002509,0.4037850118057036,0.4891613193629747,0.5245313516591597,0.0,0.0,0.5048262964850269,0.4708846963092213,0.4433116036301917,0.4466365540676238,0.4466198567136477,0.4736715498674885
0.5025844121854388,0.4590791527024024,0.5218603153849989,0.2483274895752936,0.3736531500368157,0.3978551827356888,0.3470356473645722,0.4519236427588421,0.482781392097683,0.4148286447421851,0.4808546301318728,0.4125177314641766,0.3547173323170847,0.2150623591381165,0.425184809219525,0.4962514697840535,0.4427706927525754,0.4964359653542187,0.4801775263005806,0.4096560527781039,0.4539629185627917,0.4615012080295121,0.4498999922317684,0.4158742038143341,0.44439897453074,0.4409575249086387,0.4610515832078691,0.0,0.3777414718826773,0.3660903482071043,0.3936930014120018,0.4046862062040596,0.4181460010475759,0.3863790502590084,0.3432007962986205,0.2697206633456073,0.2506653425301617,0.3431052934972755,0.4579482418962041,0.0,0.0,0.0,0.2785250020516293,0.0,0.0,0.0,0.0,0.0,0.0,0.0,0.505102023898992,0.0,0.4296412331416639,0.0,0.0,0.0,0.0,0.0,0.0,0.4298102905005602,0.0,0.0,0.0,0.0,0.4475762796355254,0.3858712273536542,0.0,0.4850118628112563,0.0,0.0,0.0,0.4665226089054241,0.4318007361262702,0.4432004538200498,0.0,0.3970209556241183
0.4495047355373524,0.4367106976202643,0.0,0.0,0.4208188197221708,0.3664585889873598,0.4432696542437102,0.3782475076070591,0.3795840387076477,0.0,0.0,0.0,0.4093610477223809,0.0,0.4089895142203378,0.4411202477022029,0.0,0.4259662116371523,0.0,0.3688782686935898,0.4007161857311538,0.4256279648224851,0.4140709196141277,0.0,0.3960540123163545,0.3987666716918036,0.4164213773355272,0.3777414718826773,0.0,0.3431279541690221,0.3978975325062762,0.3965791358744333,0.3690198346841113,0.4256342470331897,0.4364499117376309,0.4653862353962299,0.41219962681419,0.0,0.4361776997242417,0.0,0.4124543527974603,0.425494235675061,0.0,0.0,0.0,0.0,0.0,0.0,0.0,0.0,0.4089387764639238,0.0,0.3810462131454946,0.0,0.0,0.0,0.0,0.3998559113616716,0.0,0.4242069515538715,0.0,0.0,0.0,0.0,0.4277774577976788,0.3897868416239283,0.4015121439298558,0.4454729367246928,0.0,0.0,0.4176528012714438,0.4547265609592428,0.4281610296192035,0.4304841834470288,0.0,0.4211665957692915
0.0,0.0,0.0,0.0,0.0,0.4136090893927453,0.0,0.0,0.4685105356396495,0.0,0.0,0.0,0.3709013296613905,0.0,0.0,0.410491394316651,0.0,0.0,0.0,0.3575421573679702,0.0,0.3992588618728074,0.4128664945505125,0.0,0.0,0.0,0.4007771797787964,0.3660903482071043,0.3431279541690221,0.0,0.2754240092087061,0.3806277972428527,0.0,0.3883248559476332,0.4043935747500523,0.0,0.0,0.0,0.0,0.0,0.0,0.0,0.0,0.0,0.0,0.0,0.0,0.0,0.0,0.0,0.0,0.0,0.0,0.0,0.0,0.0,0.0,0.0,0.0,0.0,0.0,0.0,0.0,0.0,0.0,0.0,0.0,0.0,0.0,0.0,0.0,0.0,0.0,0.0,0.0,0.0
0.3657409814832493,0.3616964954548687,0.5130256485836094,0.0,0.459729952137053,0.4397869979452226,0.4490553308025648,0.446349426543741,0.4837740380345504,0.3737285711280136,0.4929118167222714,0.37612848569479,0.407303860922725,0.4183498908656625,0.4168228995695568,0.3683975746060974,0.3876030186601013,0.3837997491205816,0.5023656178172078,0.4066839999406428,0.0,0.3853859130557833,0.4382614687843001,0.3794482995358954,0.376548921464004,0.3717129671731332,0.4260508340614364,0.3936930014120018,0.3978975325062762,0.2754240092087061,0.0,0.4038317873222285,0.3693139718883025,0.2953990514893055,0.3552063356315061,0.4039202120901243,0.3067969298655525,0.3085883604519017,0.4411236518286325,0.3918137682548454,0.3687180529052014,0.0,0.0,0.0,0.0,0.3967692799781636,0.4315218622874843,0.0,0.0,0.0,0.4688466396347146,0.0,0.4513060106906912,0.0,0.4415963874650531,0.0,0.4348639609497949,0.0,0.0,0.441329873999263,0.4216750498535936,0.0,0.4066165178268564,0.0,0.0,0.0,0.4480679326139067,0.4960346115084393,0.468541204352881,0.41905637323292,0.4478174632666514,0.4743671733724628,0.451433594708698,0.424926088679156,0.0,0.3589879026002412
0.4274930846045366,0.4139469128651666,0.4749997345429398,0.2590299050795687,0.3501945710033772,0.3926669698904589,0.423131385268004,0.3427040364483897,0.4393052048686928,0.3892138948032597,0.3872747413973635,0.2548265060124481,0.4124678019514068,0.2150264174749949,0.4300510274760921,0.43197608916763,0.4499920200416114,0.4530253841773143,0.4444449270386026,0.4365829646580322,0.409357098008882,0.4258967568192795,0.4150092482058592,0.3567495131642515,0.4175026006865847,0.4264091185259417,0.4076163683281678,0.4046862062040596,0.3965791358744333,0.3806277972428527,0.4038317873222285,0.0,0.3524005709813751,0.376436342036143,0.407998717396655,0.2724322281642116,0.3363836335595688,0.2885485203353622,0.3227964348406825,0.3186682749475896,0.2911071049816438,0.3256764349083502,0.3249028682827371,0.3114754043773638,0.2798834951422236,0.4512005269707924,0.466198971760035,0.5265291751021876,0.0,0.0,0.4585916388555389,0.0,0.4149100647560422,0.5285747416877177,0.310034961796217,0.3181941318256007,0.3061967158292488,0.4642530048465778,0.0,0.4419955327653639,0.4799137145825538,0.0,0.4326775517329877,0.0,0.4365868171937027,0.445944582640182,0.4701243899036132,0.4737920591576424,0.4743187355373474,0.4524195564545833,0.4807709256321669,0.4602254070968606,0.4033846052286149,0.4370778449991945,0.0,0.4604697879374698
0.3469515635754628,0.3576145371455387,0.0,0.0,0.0,0.3783728113265934,0.4056234555691572,0.4234144481144011,0.4171347161644301,0.3313730183405029,0.4292727434701199,0.2815249167409576,0.4241966234810279,0.0,0.3988816339463085,0.3868613255145681,0.3599658171568464,0.3584388466413796,0.0,0.408167362707637,0.3651517786342243,0.3776905025322652,0.4027760783588633,0.2739648069595163,0.3300982935958148,0.3586787277751235,0.384546698653202,0.4181460010475759,0.3690198346841113,0.0,0.3693139718883025,0.3524005709813751,0.0,0.2940212658077236,0.3799987128047264,0.3519228722814096,0.3178853423674384,0.2177923857729385,0.3671217225084685,0.2651171873472439,0.3539886872826926,0.4030566671896495,0.0,0.0,0.2210225445887932,0.3992943131952401,0.4471134425619074,0.0,0.0,0.0,0.0,0.0,0.0,0.0,0.3539439915479421,0.0,0.3591958482719205,0.0,0.0,0.4398160334622981,0.4297564856550794,0.3457058573635207,0.3698221277518818,0.0,0.3010872904078491,0.4397407948803175,0.4737813944912641,0.0,0.3696609268450742,0.3897958440432291,0.4247899763731925,0.4592989557108942,0.0,0.0,0.0,0.3634730467828947
0.3692656240126456,0.3600131313747817,0.499224235520083,0.2349474733991425,0.4367167467168419,0.4314512497063265,0.4374762204083754,0.437663064290087,0.4671890498936979,0.3391565926104045,0.4751780199097411,0.3160410409540939,0.4031623607328582,0.0,0.4316033304214562,0.3931764868992066,0.3883374545812538,0.3879785990375204,0.4995975467874023,0.4325390159366577,0.3810969746694091,0.4152721320647546,0.4442605667216568,0.3358405833570344,0.3657059442398359,0.3723485507947257,0.4361879553405012,0.3863790502590084,0.4256342470331897,0.3883248559476332,0.2953990514893055,0.376436342036143,0.2940212658077236,0.0,0.2548441595650343,0.3493675939564447,0.2868981455280624,0.2222794807473591,0.3660043469344409,0.3792152444388428,0.4096782112745835,0.4856589419884264,0.2882234175144187,0.0,0.0,0.4001773150005607,0.4459528197270053,0.0,0.0,0.0,0.4590365783922511,0.0,0.0,0.0,0.4201388652748132,0.0,0.3616786245207266,0.0,0.0,0.4507172923918315,0.4271480421181843,0.0,0.4015424155156137,0.0,0.4430520910393654,0.4468984830447387,0.4597014252780504,0.4871968403597177,0.4381551208417956,0.4116238170806787,0.4596258960528204,0.4793036795137557,0.0,0.0,0.0,0.3977797515440598
0.4331438747724364,0.4354613006457673,0.4825052715650763,0.319977080617944,0.4516826639058142,0.4361358357018817,0.442707760498997,0.4357179899129481,0.4839417888852237,0.367251868230754,0.4536767625883277,0.3393008058562997,0.4098517319587876,0.0,0.4637755970363386,0.4524799383860965,0.4206179866356664,0.4332317907465983,0.4562518842417036,0.4548802892192615,0.4454615395105455,0.4548636972758756,0.4506278351787419,0.3757717809368309,0.3969547583737894,0.4355202906267307,0.4363847999598147,0.3432007962986205,0.4364499117376309,0.4043935747500523,0.3552063356315061,0.407998717396655,0.3799987128047264,0.2548441595650343,0.0,0.3853759667005922,0.3401406533069336,0.3089104957082919,0.3353833439745545,0.3036968570799068,0.0,0.3581556642954585,0.332313462583125,0.3284505765439465,0.0,0.0,0.4721272212375637,0.0,0.0,0.0,0.0,0.0,0.0,0.0,0.0,0.0,0.3389209094051379,0.0,0.0,0.4645704935366989,0.4576864582754989,0.0,0.4091294846835271,0.0,0.0,0.0,0.4819312288362343,0.4758549119173352,0.0,0.4204897624140936,0.4976021706672565,0.4925970953924496,0.0,0.0,0.0,0.0
0.0,0.0,0.477198204589555,0.1417423011073093,0.2818489619262516,0.4278223592580517,0.3266289061743578,0.2576173223071633,0.4711107120716246,0.4408757671776691,0.4055292766177936,0.3701954837937935,0.3474340502083599,0.1877687284712329,0.5108528269818602,0.0,0.0,0.0,0.4677499089006935,0.4891840489239352,0.3996128618252413,0.4914953470872473,0.4280663576569437,0.4066201668886627,0.0,0.4087346522579146,0.444657693001902,0.2697206633456073,0.4653862353962299,0.0,0.4039202120901243,0.2724322281642116,0.3519228722814096,0.3493675939564447,0.3853759667005922,0.0,0.2197692094308597,0.3020907152405245,0.3064206615862619,0.3178633958885046,0.2897127198156078,0.3484445649873652,0.3492558595613598,0.3119282682282226,0.0,0.0,0.0,0.5008459442839863,0.0,0.0,0.420178670496726,0.0,0.0,0.4643062956057178,0.0,0.3373808042199238,0.3275703966699665,0.0,0.0,0.0,0.0,0.0,0.0,0.0,0.0,0.0,0.0,0.4741122397993212,0.0,0.0,0.0,0.4553178767069273,0.2651887881928645,0.0,0.0,0.0
0.0,0.0,0.4655238490460024,0.168461361846298,0.2399373208680225,0.4332064244754867,0.2549470916668516,0.2372326649641197,0.4658067284864911,0.0,0.4744183244266771,0.297249660289091,0.3103513955419663,0.1580624660906937,0.0,0.0,0.0,0.0,0.4736080009633239,0.4498908424949283,0.0,0.4517193164679595,0.4299572987549893,0.0,0.0,0.0,0.4415505163737167,0.2506653425301617,0.41219962681419,0.0,0.3067969298655525,0.3363836335595688,0.3178853423674384,0.2868981455280624,0.3401406533069336,0.2197692094308597,0.0,0.3098326976942202,0.3074347238160034,0.0,0.2993520833326761,0.3392546491991695,0.0,0.0,0.0,0.0,0.0,0.0,0.0,0.0,0.0,0.0,0.0,0.0,0.0,0.0,0.0,0.0,0.0,0.0,0.0,0.0,0.0,0.0,0.0,0.0,0.0,0.0,0.0,0.0,0.0,0.0,0.0,0.0,0.0,0.0
0.0,0.0,0.0,0.0,0.0,0.0,0.0,0.0,0.4179558370306988,0.3086455344635846,0.3895543750541027,0.2406939396099724,0.4054904158222427,0.0,0.0,0.0,0.3660932061351886,0.0,0.0,0.0,0.0,0.0,0.0,0.2722254170611264,0.3606740655543659,0.3561331037543853,0.0,0.3431052934972755,0.0,0.0,0.3085883604519017,0.2885485203353622,0.2177923857729385,0.2222794807473591,0.3089104957082919,0.3020907152405245,0.3098326976942202,0.0,0.3330142656639286,0.2460019389387444,0.3734249620193891,0.0,0.0,0.0,0.0,0.0,0.0,0.0,0.0,0.0,0.0,0.0,0.0,0.0,0.3887300716002324,0.0,0.380646585516656,0.0,0.0,0.0,0.0,0.0,0.0,0.0,0.0,0.0,0.0,0.0,0.0,0.0,0.3801272631872966,0.0,0.0,0.0,0.0,0.0
0.4409579709489076,0.4505815872116913,0.0,0.0,0.0,0.4491822038759537,0.0,0.4093906272528455,0.479587472943949,0.3725757128038632,0.0,0.4048952299521337,0.4508090434976306,0.0,0.453232291111326,0.449946511044665,0.0,0.4364474805012713,0.0,0.4437339161223319,0.4104657733177203,0.4673007591780252,0.4497451982166577,0.4514267028936393,0.4356487601715893,0.4623959039197216,0.4483343346826204,0.4579482418962041,0.4361776997242417,0.0,0.4411236518286325,0.3227964348406825,0.3671217225084685,0.3660043469344409,0.3353833439745545,0.3064206615862619,0.3074347238160034,0.3330142656639286,0.0,0.3360471274278753,0.3673000732465251,0.3907904719679245,0.2830051306284977,0.3294360639389175,0.2783145354356059,0.4085221788598371,0.4103450976936692,0.4542600555144197,0.2558268469562785,0.4290113151073692,0.4028344985161988,0.4138252291636573,0.3481813981588062,0.4551257050114553,0.3611921459443569,0.3618830133469092,0.2735831094302682,0.3898091270386862,0.203994584744909,0.4138614891344895,0.4354929962738973,0.4160900207731554,0.4313941141079338,0.4553624100295849,0.428336203927851,0.3907319177421855,0.4293513856367209,0.4034053791457442,0.3531523002950468,0.4040536347904787,0.4186385287757808,0.4093623338209682,0.3656133974653541,0.3951082624718462,0.4035367780165242,0.4021139467020526
0.3679348794510305,0.435553673348461,0.0,0.0,0.0,0.0,0.0,0.0,0.0,0.3396529992985171,0.0,0.3592443331800564,0.0,0.0,0.4508635512060918,0.4207554443156011,0.3814412180244493,0.3875040310019831,0.0,0.0,0.4329566298273799,0.4553022061264842,0.4530867856158634,0.3000537552489158,0.3860863706760833,0.4135453878252309,0.0,0.0,0.0,0.0,0.3918137682548454,0.3186682749475896,0.2651171873472439,0.3792152444388428,0.3036968570799068,0.3178633958885046,0.0,0.2460019389387444,0.3360471274278753,0.0,0.2672888769047026,0.3577895697346763,0.3863299867033626,0.2688216229363466,0.1949978104005147,0.2622081959092012,0.3587301199573645,0.0,0.0,0.4322381829535986,0.3686173130462284,0.4208817877516327,0.0,0.4438826848268918,0.3174980663437303,0.4608935588287773,0.2470243819372067,0.409151015889318,0.0,0.3954003443322506,0.3666468045033064,0.3297515914308833,0.3343118383699784,0.0,0.3936868473939032,0.3325798196442576,0.3774280848843519,0.3772608844880842,0.2624248543064844,0.3096380913282188,0.3440413435471972,0.3802738270564719,0.3510834400918114,0.3659413842845407,0.0,0.3253399163151704
0.3924671697509678,0.4318359455452822,0.0,0.0,0.0,0.4766364633368914,0.0,0.4250367052420272,0.0,0.3763489142011036,0.0,0.3973164566611393,0.0,0.0,0.4511047519247566,0.4302676689272058,0.3795250722336197,0.4065725796987087,0.0,0.3267879255396411,0.3769706523584002,0.4540442239499584,0.4711650186612787,0.3600732070204138,0.4039498464327365,0.4343173560743329,0.4603802515155287,0.0,0.4124543527974603,0.0,0.3687180529052014,0.2911071049816438,0.3539886872826926,0.4096782112745835,0.0,0.2897127198156078,0.2993520833326761,0.3734249620193891,0.3673000732465251,0.2672888769047026,0.0,0.291001714110631,0.3383091396289487,0.2495310139737226,0.2198144365734853,0.3484713776212285,0.3715867545662071,0.4821186209318945,0.2354919990853549,0.4029270292436514,0.4226517985296323,0.4043284082614903,0.4210952505121556,0.4933530413689157,0.2823961473133588,0.474356206035348,0.273239040694835,0.3925304791994289,0.3857418626235444,0.4141788164586068,0.3907115962367445,0.3620908425809832,0.3771813362077896,0.4798447257717009,0.4264783555434263,0.3795346682306855,0.4013064523671134,0.4452887142817557,0.3154562122706372,0.3451031110509652,0.374537638361222,0.4250131655996207,0.2967201872142929,0.413842347194397,0.4074656704700862,0.2763897997937033
0.0,0.4646325644319539,0.0,0.0,0.0,0.4152541884724807,0.0,0.0,0.0,0.0,0.0,0.0,0.0,0.0,0.4751075071064546,0.4625761250172988,0.0,0.4430450867214376,0.0,0.4168813128755771,0.4589805420233012,0.4711037884164885,0.4705542755608675,0.0,0.434063189843379,0.4662269168578904,0.457821086152104,0.0,0.425494235675061,0.0,0.0,0.3256764349083502,0.4030566671896495,0.4856589419884264,0.3581556642954585,0.3484445649873652,0.3392546491991695,0.0,0.3907904719679245,0.3577895697346763,0.291001714110631,0.0,0.3934118493516214,0.3126526057493184,0.2761539580470819,0.4104436021172248,0.4280626505663314,0.4848014690849706,0.2759630901795706,0.4538315072407702,0.4313477131732868,0.4669134865807621,0.4160284123814567,0.4771289475077188,0.2945836587256422,0.4514189341058421,0.3246086072711761,0.4247367275434812,0.0,0.4512130937533892,0.4385683558834135,0.3749382274955268,0.4170300634801171,0.4760530950525793,0.4554327649432112,0.3977084335431727,0.4512354829718455,0.4476080667464567,0.3695001681027965,0.3949230225327739,0.4314745857593871,0.4415123056673656,0.292860569281002,0.4391745787877662,0.4399849044332626,0.2766385469439314
0.0,0.0,0.534827765693407,0.0,0.0,0.4679859342753963,0.0,0.3872749516115615,0.5443086479062881,0.0,0.4782222205384997,0.0,0.0,0.4510452148559735,0.0,0.0,0.0,0.0,0.0,0.0,0.0,0.0,0.500088391309731,0.0,0.0,0.0,0.5394709263293185,0.2785250020516293,0.0,0.0,0.0,0.3249028682827371,0.0,0.2882234175144187,0.332313462583125,0.3492558595613598,0.0,0.0,0.2830051306284977,0.3863299867033626,0.3383091396289487,0.3934118493516214,0.0,0.2262803374170954,0.2841694846772649,0.0,0.0,0.4572681741585174,0.1236348689795035,0.313834784969596,0.4240693294970583,0.3023798124616897,0.2564954333624378,0.4873037844959845,0.4197080469055779,0.3625326342932784,0.3265457494637649,0.3541756425474538,0.1887809932538002,0.0,0.0,0.43791961312592,0.0,0.486370974318328,0.4977295047272621,0.4131202017206442,0.4925615829353776,0.3884471950433499,0.4385760540464153,0.441637667988119,0.4320153244145561,0.433972233829779,0.2996408414419079,0.4474618506542579,0.0,0.3904257632378982
