0.0,0.2608824851682506,0.0,0.0,0.0,0.0,0.0,0.3656388930019554,0.0,0.2766007429862905,0.0,0.2756886152498208,0.0,0.0,0.3174151615571146,0.2949925785046113,0.2593160239471142,0.2757123837252366,0.0,0.3390915486735719,0.2976737757845583,0.2753265278087383,0.3740041863620917,0.2932040593599425,0.2622370375590387,0.2758230034289094,0.433836304500088,0.268401626156823,0.3473141343624842,0.0,0.2604391243535223,0.2918503347516858,0.2310336020731642,0.242833981435951,0.2728204880742277,0.0,0.0,0.0,0.3187215878098882,0.2959947169183523,0.3084476722265742,0.0,0.0,0.0,0.0,0.3527400423384462,0.3357254679403246,0.0,0.0,0.0,0.0,0.0,0.0,0.0,0.0,0.0,0.0,0.0,0.0,0.0,0.321317419272193,0.0,0.3068922956501317,0.0,0.0,0.2355127635597334,0.3229914781083139,0.0,0.0,0.3245628164541216,0.3453580706512553,0.0,0.0,0.0,0.0,0.2946870713029919
0.2608824851682506,0.0,0.0,0.0,0.0,0.2835539071631093,0.2887615957585244,0.3259071110344951,0.2508052018079059,0.0,0.0,0.0,0.2958897543321128,0.0,0.2984341819895368,0.301829106732816,0.0,0.2947872014824232,0.0,0.3077695977922055,0.2728388482487609,0.2876843101317236,0.3198656702974751,0.0,0.27170072531786,0.2812762068734464,0.3133711122065659,0.3012540975535425,0.2992063776995176,0.0,0.264378886551037,0.2879924296586141,0.2620541972237832,0.259734721645227,0.3053418738469238,0.0,0.0,0.0,0.3285931775801786,0.3057535309441347,0.3123626480053136,0.3446798575695998,0.0,0.0,0.0,0.3303689034600718,0.3321248373189391,0.0,0.0,0.0,0.3150658204879173,0.0,0.0,0.0,0.0,0.0,0.0,0.0,0.0,0.3671087976664551,0.3189854373665028,0.0,0.2879778456755574,0.0,0.3347922920015705,0.3247846626222862,0.3375630585847862,0.3787996378235936,0.0,0.3137454576317653,0.3501613484266337,0.3470435598965937,0.0,0.3357558339380037,0.0,0.3089598299443671
0.0,0.0,0.0,0.0,0.3366492489192966,0.2756292255052686,0.3408470589464464,0.3892629389210846,0.2335780412682589,0.3107085100123297,0.2609366527708123,0.0,0.3397064980591287,0.3070332523566887,0.0,0.0,0.0,0.0,0.2351007001038303,0.0,0.0,0.0,0.2697247986422104,0.0,0.0,0.0,0.2531556298205366,0.3375002504561821,0.0,0.0,0.3336669957974796,0.3248514970658936,0.0,0.3363489162160958,0.325920103895263,0.3236491161556846,0.3231856893629252,0.0,0.350546437667295,0.0,0.0,0.0,0.3562673351601949,0.0,0.0,0.0,0.0,0.2666565491918506,0.0,0.3167818293261879,0.4258251088641779,0.4488670811258669,0.4649746749443215,0.3911087503776695,0.0,0.2333459493766011,0.0,0.445541555425336,0.3397749381338833,0.0,0.0,0.0,0.0,0.2223478969683171,0.0,0.0,0.0,0.4250461351439355,0.0,0.0,0.0,0.4539187739979849,0.0,0.0,0.0,0.0
0.0,0.0,0.0,0.0,0.1868487246424364,0.2908202634816667,0.1881478125308251,0.2486852663006524,0.3023764841500196,0.1532037159368065,0.2557308824282459,0.0,0.1987913625300071,0.1561653715731765,0.0,0.0,0.0,0.0,0.2991616339165627,0.0,0.0,0.0,0.3156744159775482,0.0,0.0,0.0,0.2964733374731424,0.1534521024062534,0.0,0.0,0.1399371793355973,0.2019057519530558,0.0,0.1808418980231929,0.1974332865276472,0.0995108860991975,0.0967148140645799,0.0,0.0,0.0,0.0,0.0,0.0,0.0,0.0,0.0,0.0,0.0,0.0,0.0,0.0,0.0,0.0,0.0,0.0,0.0,0.0,0.0,0.0,0.0,0.0,0.0,0.0,0.0,0.0,0.0,0.0,0.0,0.0,0.0,0.0,0.0,0.0,0.0,0.0,0.0
0.0,0.0,0.3366492489192966,0.1868487246424364,0.0,0.310840205779945,0.2385494883330907,0.3053956504932634,0.2686365016835099,0.0434514238032606,0.255886077109403,0.0,0.2672157959020452,0.2287080120665822,0.0,0.0,0.0,0.0,0.3171675916269202,0.3201568517425325,0.0,0.0,0.3231694220410755,0.0,0.0,0.0,0.3281080196159721,0.2284648655865353,0.2963746302024644,0.0,0.3276008833997648,0.2673123220569924,0.0,0.3143630131720815,0.3040766773416843,0.1683628640500897,0.1384920191492456,0.0,0.2504190546541083,0.0,0.0,0.0,0.0,0.0,0.0,0.0,0.0,0.3756411587627074,0.0,0.0,0.383290484230949,0.0,0.3502754073186133,0.3630760070589227,0.0,0.3074334741655999,0.0,0.0,0.0,0.0,0.0,0.0,0.0,0.3419388924917668,0.0,0.0,0.0,0.4035765652053301,0.0,0.0,0.0,0.3850696430506366,0.0,0.0,0.0,0.0
0.0,0.2835539071631093,0.2756292255052686,0.2908202634816667,0.310840205779945,0.0,0.3186058997027944,0.3373994744546453,0.2665968418574833,0.3277710726558472,0.3098693566703674,0.0,0.3018984096471321,0.3218525479213202,0.3167607042100686,0.2984001929808159,0.0,0.2905104826359638,0.3180195439445217,0.3156878787470203,0.3260262271758089,0.2974013674747049,0.3054412556828553,0.0,0.2816711813761457,0.3048201629617059,0.2988669529794787,0.2897469151089997,0.2854728517492613,0.2997437466434762,0.2996460912110765,0.3010826198924206,0.2557413382673577,0.3138189517139204,0.3099779263117539,0.3073127949292316,0.3107737116281425,0.2846553927325097,0.3537295494976945,0.0,0.3993891485010973,0.3702538675609568,0.375376628524235,0.0,0.0,0.0,0.0,0.4239702767575368,0.0,0.3888088889083809,0.3974356712679483,0.4115292084784435,0.3866201002198299,0.415560169222371,0.0,0.3999261990874887,0.0,0.4247532009600057,0.0,0.3331893319226952,0.0,0.0,0.0,0.4193321476286506,0.3494432061375434,0.3320133587031528,0.3193201074198109,0.4032099742183758,0.0,0.0,0.0,0.3933454620670834,0.4041626262001606,0.3619816364307551,0.0,0.3990401476189381
0.0,0.2887615957585244,0.3408470589464464,0.1881478125308251,0.2385494883330907,0.3186058997027944,0.0,0.3322061136816978,0.3042985840766174,0.2673268770242783,0.3272665729529213,0.2625161737071696,0.2474134799994902,0.2497666877456756,0.0,0.3276722179570353,0.2926482062287633,0.3171519699369796,0.3331628207594284,0.3086057549736918,0.0,0.3135871710630424,0.324397431834262,0.2909298317926268,0.3091666379914353,0.295387415482064,0.3272666675162021,0.2439808857273875,0.3121950541962754,0.0,0.2791479539330936,0.2975448698755634,0.2916808338397186,0.2855010378258459,0.2783085145253319,0.1931450615902904,0.204229416146769,0.2920444379748649,0.0,0.0,0.0,0.0,0.0,0.0,0.0,0.0,0.0,0.0,0.0,0.0,0.4118756525940219,0.0,0.0,0.0,0.0,0.0,0.0,0.0,0.0,0.0,0.0,0.0,0.0,0.0,0.0,0.0,0.0,0.3945995680366424,0.0,0.0,0.0,0.4083187438419561,0.0,0.0,0.0,0.0
0.3656388930019554,0.3259071110344951,0.3892629389210846,0.2486852663006524,0.3053956504932634,0.3373994744546453,0.3322061136816978,0.0,0.3585411794392999,0.0,0.2578699651549582,0.0,0.3418779938728403,0.2782586570430184,0.3653973903295638,0.3399315225302549,0.0,0.3261105538917763,0.3535974257312209,0.0,0.3335846644402667,0.0,0.3051331044093578,0.358122902123111,0.3357964468121622,0.3464968274144546,0.3650691234997489,0.3308030109947676,0.3058355218596788,0.3147080411516987,0.3355042169538343,0.2297700366104124,0.3512771819725338,0.3316544960601369,0.3312737137179308,0.2209434942809641,0.1898222100243964,0.0,0.3455405796553878,0.0,0.3813448640720081,0.0,0.3188246991226791,0.0,0.0,0.0,0.0,0.4163664332358034,0.0,0.0,0.3692489674325268,0.3747005212325763,0.3259966714611628,0.3975287627490548,0.0,0.3490910009425383,0.0,0.3775429623511731,0.0,0.3802706089163858,0.0,0.0,0.0,0.4192190105082123,0.4063197753145675,0.3893416882213847,0.0,0.3728785797472358,0.0,0.0,0.0,0.3946344899113996,0.3908405179864886,0.3696988371243545,0.0,0.3865638311101443
0.0,0.2508052018079059,0.2335780412682589,0.3023764841500196,0.2686365016835099,0.2665968418574833,0.3042985840766174,0.3585411794392999,0.0,0.3550923298640295,0.2708849244993144,0.0,0.2899112401657355,0.2848539232870134,0.0,0.0,0.0,0.0,0.2234347166672843,0.2760343995320022,0.0,0.2698029981943432,0.3102005142804808,0.0,0.2221680714229363,0.0,0.2841840060762664,0.3116725757954484,0.2750200561247487,0.2796422490938228,0.3269932802675458,0.3042750554715512,0.3230303373766156,0.3252593729486061,0.3281289587468426,0.3038218835111684,0.331319562345972,0.396922521502092,0.3519771029561747,0.0,0.0,0.0,0.3474701277583546,0.0,0.0,0.0,0.0,0.4236591400390757,0.0,0.0,0.4069071423395609,0.0,0.39624541440408,0.4400142824720083,0.0,0.3479808834789171,0.0,0.0,0.3194989553998218,0.0,0.0,0.0,0.0,0.4155162291443232,0.0,0.0,0.0,0.406109968178755,0.0,0.0,0.0,0.40880585314071,0.0,0.0,0.0,0.0
0.2766007429862905,0.0,0.3107085100123297,0.1532037159368065,0.0434514238032606,0.3277710726558472,0.2673268770242783,0.0,0.3550923298640295,0.0,0.3358606169880611,0.2091026212941406,0.2938349536026646,0.1302281312291484,0.0,0.2939186639776509,0.2546010538656721,0.2919950911099824,0.3327431947626331,0.0,0.3012371583134896,0.2485733921774559,0.3219028828363255,0.2525075315463599,0.2766815975229361,0.272031022505643,0.321282638432575,0.2471961007333706,0.0,0.0,0.2580889270395442,0.2625142186725822,0.2335820089569369,0.2212033395799516,0.242935232177252,0.1621379019060714,0.194967227336294,0.2043439294855958,0.2359944524338763,0.2260646245581224,0.2417116131132888,0.2792046880139127,0.0,0.0,0.2188275599229796,0.3196463134742429,0.0,0.0,0.0,0.0,0.0,0.0,0.0,0.0,0.3055861864307242,0.0,0.3116736703065053,0.0,0.0,0.0,0.2533160934879937,0.3223933658991325,0.2832772276554834,0.0,0.0,0.0,0.0,0.0,0.3415568064613311,0.3018343925935652,0.3374416941521322,0.0,0.2650251583914389,0.0,0.0,0.2600012138137212
0.0,0.0,0.2609366527708123,0.2557308824282459,0.255886077109403,0.3098693566703674,0.3272665729529213,0.2578699651549582,0.2708849244993144,0.3358606169880611,0.0,0.3099785254050221,0.333166448454467,0.2143698120363954,0.0,0.0,0.0,0.0,0.2321434596763196,0.0,0.0,0.0,0.2967956627026149,0.0,0.0,0.0,0.3252855851966237,0.3281020573821353,0.0,0.0,0.3347189921420103,0.2675535454086678,0.3155521347564027,0.3342836854849839,0.3247157796934746,0.2512345874717275,0.2219315623562455,0.3224761406634473,0.3179944074550306,0.0,0.0,0.0,0.2968911457175689,0.0,0.0,0.0,0.0,0.4220974604104884,0.0,0.0,0.4187869564365872,0.4187587739331766,0.3621081313451447,0.4356703215458778,0.0,0.3627394230737745,0.0,0.0,0.3226782800901416,0.0,0.0,0.0,0.0,0.4113794066505874,0.0,0.0,0.0,0.4410103819065875,0.0,0.0,0.0,0.4230444889322903,0.0,0.0,0.0,0.0
0.2756886152498208,0.0,0.0,0.0,0.0,0.0,0.2625161737071696,0.0,0.0,0.2091026212941406,0.3099785254050221,0.0,0.2931067056872569,0.0,0.0,0.0,0.2400774938044924,0.2786143726981169,0.0,0.0,0.2892407260010585,0.0,0.3100207964914846,0.2279635249215872,0.3019138261435696,0.2338832205105222,0.0,0.2509466800094908,0.0,0.0,0.2330957588393357,0.1875293272377845,0.1742463216836819,0.1907720942963076,0.2507532287679321,0.2151542977442898,0.2619430521068454,0.1580455310016748,0.2096288535164142,0.2202365858291626,0.2391148328402353,0.2496593909712896,0.0,0.0,0.2068586979549547,0.0,0.0,0.0,0.0,0.0,0.0,0.0,0.0,0.0,0.3074422418162512,0.0,0.3186710391365521,0.0,0.0,0.0,0.0,0.3120571895959802,0.2832516217663337,0.0,0.0,0.0,0.0,0.0,0.3225667552346493,0.3099294967429499,0.3478808370312212,0.0,0.2612734483249401,0.0,0.0,0.2612470772031021
0.0,0.2958897543321128,0.3397064980591287,0.1987913625300071,0.2672157959020452,0.3018984096471321,0.2474134799994902,0.3418779938728403,0.2899112401657355,0.2938349536026646,0.333166448454467,0.2931067056872569,0.0,0.2483527704879997,0.3050191858623839,0.3265043212340687,0.3244478923151017,0.3289748469185306,0.3310613925802698,0.3111656443042679,0.3145141223064223,0.3205790477150008,0.3277732321425609,0.3135175286050561,0.3075100716382302,0.3046564004172428,0.3256655478105809,0.2745084270447941,0.3114009450377787,0.2994049384033699,0.2982836717155389,0.2954211820555755,0.3157648112882332,0.2923683417787643,0.2803173413245242,0.2142027763582887,0.2239871917387275,0.3138310765222951,0.2807037015918391,0.0,0.0,0.0,0.2842527270844693,0.0,0.0,0.0,0.0,0.0,0.0,0.0,0.4928194321754518,0.0,0.3815189354996666,0.0,0.0,0.0,0.0,0.0,0.0,0.0,0.0,0.0,0.0,0.0,0.0,0.0,0.0,0.3945703353550016,0.0,0.0,0.0,0.407188883434573,0.0,0.4000839856550934,0.0,0.0
0.0,0.0,0.3070332523566887,0.1561653715731765,0.2287080120665822,0.3218525479213202,0.2497666877456756,0.2782586570430184,0.2848539232870134,0.1302281312291484,0.2143698120363954,0.0,0.2483527704879997,0.0,0.0,0.0,0.0,0.0,0.2955276067080037,0.0,0.0,0.0,0.3235519478324676,0.0,0.0,0.0,0.3521633216619451,0.1902093076900587,0.0,0.0,0.0,0.219015358006985,0.0,0.308149175366931,0.0,0.1596726287201913,0.1249914736364409,0.0,0.3286762616227943,0.0,0.0,0.0,0.2897888800965997,0.0,0.0,0.0,0.0,0.3774914159468807,0.0,0.0,0.0,0.0,0.0,0.3699234562283494,0.0,0.3218566106199935,0.0,0.0,0.0,0.0,0.0,0.0,0.0,0.3547859275092381,0.0,0.0,0.0,0.3675159578144741,0.0,0.0,0.0,0.3660807502719859,0.0,0.0,0.0,0.0
0.3174151615571146,0.2984341819895368,0.0,0.0,0.0,0.3167607042100686,0.0,0.3653973903295638,0.0,0.0,0.0,0.0,0.3050191858623839,0.0,0.0,0.3071403520077469,0.0,0.2943644399384831,0.0,0.2939150069348067,0.3185211638351132,0.2943200637694987,0.319449773867979,0.3695518192618395,0.2810591399251422,0.3002032092511827,0.3530434733367931,0.3124845621678574,0.3046907677495101,0.0,0.2952536290803652,0.3145803249497096,0.2993782572991953,0.3101701374349625,0.3419213828907825,0.3666667868051461,0.0,0.0,0.3624584855196447,0.3630988697689149,0.3745426640196755,0.3758800703509554,0.2882719029759782,0.0,0.0,0.0,0.3560704302148376,0.0,0.0,0.0,0.3544609434422746,0.0,0.3999273971851691,0.0,0.0,0.0,0.0,0.0,0.0,0.3635039865733435,0.0,0.0,0.0,0.0,0.3718177246629933,0.3748423656375454,0.3800853357657622,0.3896190209430016,0.0,0.3026710722597047,0.3924179144216848,0.3814031173303651,0.3595191854947649,0.3637166908925353,0.0,0.3982578209582799
0.2949925785046113,0.301829106732816,0.0,0.0,0.0,0.2984001929808159,0.3276722179570353,0.3399315225302549,0.0,0.2939186639776509,0.0,0.0,0.3265043212340687,0.0,0.3071403520077469,0.0,0.2943121533305606,0.2424249537564565,0.0,0.3191773353043075,0.2998767838313871,0.3050890615478158,0.3245988184229055,0.2663149299885404,0.2934474060225471,0.3085488474915008,0.3241675274506859,0.3412324081796236,0.3240328816381199,0.3215919654356297,0.2849818896230255,0.3178126994469806,0.3006551984200515,0.2789263957972311,0.3230397282190358,0.0,0.0,0.0,0.3215085382248432,0.2984167303261601,0.3128412911840987,0.3441475155970961,0.0,0.0,0.0,0.3384072757156008,0.3314914963524074,0.0,0.0,0.0,0.0,0.0,0.0,0.0,0.0,0.0,0.0,0.0,0.0,0.3620990400486957,0.3127543995879525,0.0,0.2896236168201173,0.0,0.3156466147416358,0.3330280529197494,0.339572994537215,0.0,0.0,0.3033236548368957,0.3526666161690152,0.3102667896447284,0.0,0.0,0.0,0.2939666514550229
0.2593160239471142,0.0,0.0,0.0,0.0,0.0,0.2926482062287633,0.0,0.0,0.2546010538656721,0.0,0.2400774938044924,0.3244478923151017,0.0,0.0,0.2943121533305606,0.0,0.2442469931371336,0.0,0.2610652986372502,0.0,0.2733389343381058,0.0,0.2695003463055266,0.275237706451727,0.2762141228270872,0.0,0.3004230306298625,0.2314516491023849,0.0,0.2759062126193082,0.3032341426662027,0.2630025531449934,0.261607905250258,0.2624904706688357,0.0,0.0,0.1947784189979863,0.2966642748468303,0.2278868837120651,0.2346361128859626,0.0,0.0,0.0,0.0,0.0,0.0,0.0,0.0,0.0,0.0,0.0,0.0,0.0,0.292957248308877,0.0,0.3042695379583472,0.0,0.0,0.0,0.0,0.304527095873311,0.282551433955962,0.0,0.0,0.0,0.0,0.0,0.3576548030636974,0.2980259832394136,0.3233506482833878,0.0,0.0,0.0,0.0,0.1990813301926842
0.2757123837252366,0.2947872014824232,0.0,0.0,0.0,0.2905104826359638,0.3171519699369796,0.3261105538917763,0.0,0.2919950911099824,0.0,0.2786143726981169,0.3289748469185306,0.0,0.2943644399384831,0.2424249537564565,0.2442469931371336,0.0,0.0,0.3103432397224773,0.2839528319254413,0.30683188625825,0.3334046823798336,0.266568734091243,0.2843068086216963,0.2828763772521126,0.3255814440566877,0.3194156520286515,0.3136293234091765,0.2849942300062468,0.2794559687950578,0.3120790597821058,0.263050570480999,0.2669084354148413,0.2692243149986869,0.0,0.0,0.0,0.293955050245909,0.2445995624263207,0.272906401617721,0.2703192269288732,0.0,0.0,0.0,0.3270360558924535,0.3148915158989993,0.0,0.0,0.0,0.0,0.0,0.0,0.0,0.2746181831115528,0.0,0.2737339588905385,0.0,0.0,0.0,0.29821834400079,0.2731590221988417,0.272563684759501,0.0,0.0,0.0,0.3182779757643763,0.0,0.3638671805243757,0.2846783565768818,0.3068506060774858,0.0,0.0,0.0,0.0,0.2698855016981786
0.0,0.0,0.2351007001038303,0.2991616339165627,0.3171675916269202,0.3180195439445217,0.3331628207594284,0.3535974257312209,0.2234347166672843,0.3327431947626331,0.2321434596763196,0.0,0.3310613925802698,0.2955276067080037,0.0,0.0,0.0,0.0,0.0,0.0,0.0,0.0,0.2855378266473202,0.0,0.0,0.0,0.285808099581384,0.3227026408946514,0.0,0.0,0.3388956150549496,0.304309583656478,0.0,0.3422045911653396,0.3260622451923726,0.3071162881329959,0.3129232064709044,0.3406789999588541,0.3441787448423824,0.0,0.0,0.0,0.331138272426443,0.0,0.0,0.0,0.0,0.4366469158940219,0.0,0.0,0.4104717352817273,0.4114862548867002,0.4076984046941177,0.4189129137779453,0.0,0.3864282789970261,0.0,0.0,0.3299112004480204,0.0,0.0,0.0,0.0,0.4192439629247277,0.0,0.0,0.0,0.4284994050851082,0.0,0.0,0.0,0.4244388568439537,0.0,0.0,0.0,0.0
0.3390915486735719,0.3077695977922055,0.0,0.0,0.3201568517425325,0.3156878787470203,0.3086057549736918,0.0,0.2760343995320022,0.0,0.0,0.0,0.3111656443042679,0.0,0.2939150069348067,0.3191773353043075,0.2610652986372502,0.3103432397224773,0.0,0.0,0.3494289309476548,0.2867599787648451,0.3011259986131327,0.0,0.3021511497664042,0.330025485684106,0.3162234777055684,0.299514430408984,0.2807233800321421,0.2826049776253002,0.2761842751382918,0.319667276608629,0.2839020153609399,0.3184912118032976,0.3453318303946489,0.3558174827358671,0.0,0.0,0.3709926610678791,0.3415805871937292,0.4786176114492831,0.3814114006075791,0.0,0.0,0.0,0.0,0.3379211484536193,0.0,0.0,0.0,0.3573355118674889,0.0,0.3876435810177936,0.0,0.0,0.0,0.0,0.0,0.0,0.4049625694738343,0.0,0.0,0.0,0.0,0.3687459149927249,0.4555525236007685,0.362969550856349,0.4242052682157449,0.0,0.0,0.3593464276068136,0.3791241999824349,0.3987005971869543,0.4017759274848267,0.0,0.3819809261478637
0.2976737757845583,0.2728388482487609,0.0,0.0,0.0,0.3260262271758089,0.0,0.3335846644402667,0.0,0.3012371583134896,0.0,0.2892407260010585,0.3145141223064223,0.0,0.3185211638351132,0.2998767838313871,0.0,0.2839528319254413,0.0,0.3494289309476548,0.0,0.3048549427059809,0.3409601860872446,0.3386504901185986,0.2742630838363766,0.2938486746064633,0.3714578516001746,0.3289784568038408,0.3085895791543579,0.3220849695959983,0.270466173709616,0.2890238644700045,0.2719515866097658,0.2736136207477349,0.3035858778735784,0.334080892114373,0.0,0.0,0.3388544053382123,0.3382157047426874,0.3251023531730096,0.0,0.0,0.0,0.0,0.0,0.3512345211826095,0.0,0.0,0.0,0.3181763437486992,0.0,0.3253597474255331,0.0,0.0,0.0,0.0,0.0,0.0,0.3661823478282492,0.2916359062950598,0.0,0.0,0.0,0.3730448871772949,0.2710262867100717,0.373332807320547,0.3767882265273033,0.0,0.2523266063025861,0.3600751976386512,0.3742079683300725,0.3657616383077811,0.3446322584665271,0.0,0.0
0.2753265278087383,0.2876843101317236,0.0,0.0,0.0,0.2974013674747049,0.3135871710630424,0.0,0.2698029981943432,0.2485733921774559,0.0,0.0,0.3205790477150008,0.0,0.2943200637694987,0.3050890615478158,0.2733389343381058,0.30683188625825,0.0,0.2867599787648451,0.3048549427059809,0.0,0.3318326783478724,0.0,0.2999636796500488,0.2854552926648382,0.3315891836921546,0.3144497469409617,0.3034374071527067,0.3026768024828638,0.2817875461061194,0.310906483773791,0.2856735081877397,0.3024858357513925,0.3420695188617229,0.3538995514061918,0.0,0.0,0.3410839666823599,0.3296935500910684,0.3241035826386381,0.3456370193429075,0.0,0.0,0.0,0.0,0.3355467907409071,0.0,0.0,0.0,0.3386712850061568,0.0,0.0,0.0,0.0,0.0,0.0,0.0,0.0,0.371266581785264,0.3107101587894667,0.0,0.2301302429989025,0.0,0.3554317346646384,0.3616275877290451,0.352396850702057,0.3839757624052047,0.0,0.2695972945366646,0.3493231659073769,0.3886689955096228,0.2813927113103678,0.3459923336512548,0.0,0.3168927576037429
0.3740041863620917,0.3198656702974751,0.2697247986422104,0.3156744159775482,0.3231694220410755,0.3054412556828553,0.324397431834262,0.3051331044093578,0.3102005142804808,0.3219028828363255,0.2967956627026149,0.3100207964914846,0.3277732321425609,0.3235519478324676,0.319449773867979,0.3245988184229055,0.0,0.3334046823798336,0.2855378266473202,0.3011259986131327,0.3409601860872446,0.3318326783478724,0.0,0.3782750632133361,0.3187243641301681,0.339640947876167,0.2776112140014792,0.327679778914284,0.3142652421876955,0.3397533656625165,0.3291031974796066,0.3201627512224984,0.3464588429074838,0.3361162102793307,0.3596774942292132,0.3189942005560451,0.3456485221345098,0.0,0.3913236312678999,0.0,0.3957057310765509,0.4031229497268322,0.3692047402287344,0.0,0.0,0.0,0.3819330305187566,0.4359564106866475,0.0,0.4154265949209659,0.4042569469008697,0.4040533933153967,0.4012894212612167,0.4171829972722063,0.0,0.4026112095030708,0.0,0.3960854055907509,0.3600372854962975,0.3970476803956417,0.0,0.0,0.0,0.4191307916163864,0.3949577991899623,0.4262585631994046,0.4211508944759844,0.4091749888961098,0.0,0.0,0.4154096776488906,0.4091712862447402,0.3962308582180696,0.3889155725732507,0.3908169090963532,0.4019478914976043
0.2932040593599425,0.0,0.0,0.0,0.0,0.0,0.2909298317926268,0.358122902123111,0.0,0.2525075315463599,0.0,0.2279635249215872,0.3135175286050561,0.0,0.3695518192618395,0.2663149299885404,0.2695003463055266,0.266568734091243,0.0,0.0,0.3386504901185986,0.0,0.3782750632133361,0.0,0.2750898038377314,0.2801199339509664,0.4088249086054771,0.2696626333550141,0.0,0.0,0.2424275417071127,0.2207737018624671,0.1698578580936329,0.1878265771629156,0.2211963302814891,0.0,0.0,0.1525805367981123,0.293826798237339,0.1971357097354122,0.2145403017454896,0.3491935523500046,0.0,0.0,0.196242902282009,0.3813145392451398,0.0,0.0,0.0,0.0,0.0,0.0,0.0,0.0,0.2657467073101986,0.0,0.2690957457438944,0.0,0.0,0.0,0.2717800052401511,0.3082878726083525,0.2979339346424904,0.0,0.0,0.0,0.0,0.0,0.3424865607328916,0.3103686967492949,0.3427541666041447,0.0,0.0,0.0,0.0,0.2663634040011159
0.2622370375590387,0.27170072531786,0.0,0.0,0.0,0.2816711813761457,0.3091666379914353,0.3357964468121622,0.2221680714229363,0.2766815975229361,0.0,0.3019138261435696,0.3075100716382302,0.0,0.2810591399251422,0.2934474060225471,0.275237706451727,0.2843068086216963,0.0,0.3021511497664042,0.2742630838363766,0.2999636796500488,0.3187243641301681,0.2750898038377314,0.0,0.2741117269484054,0.2993897259469865,0.304239812429869,0.3047590797201193,0.0,0.2779459089825205,0.2935216766543728,0.241759065059851,0.2551395306736155,0.2633573915603515,0.0,0.0,0.2320069079453461,0.3023053534507599,0.2456710499255927,0.274739385539521,0.2902852463973272,0.0,0.0,0.1754584223004326,0.3307764329145964,0.3201282530477577,0.0,0.0,0.0,0.0,0.0,0.0,0.0,0.2809847900538801,0.0,0.2889547208049434,0.0,0.0,0.3373907848848677,0.3062914988432733,0.2800448148783839,0.2806524870532755,0.0,0.2946961676699215,0.2980740972800871,0.3433425783743191,0.0,0.3357986485133228,0.2937065137043045,0.3144333083278822,0.0,0.0,0.2994676211545793,0.0,0.2734409674573702
0.2758230034289094,0.2812762068734464,0.0,0.0,0.0,0.3048201629617059,0.295387415482064,0.3464968274144546,0.0,0.272031022505643,0.0,0.2338832205105222,0.3046564004172428,0.0,0.3002032092511827,0.3085488474915008,0.2762141228270872,0.2828763772521126,0.0,0.330025485684106,0.2938486746064633,0.2854552926648382,0.339640947876167,0.2801199339509664,0.2741117269484054,0.0,0.3593046450649221,0.3066038852447473,0.3020025532576952,0.0,0.2708399031702772,0.2955102940895236,0.2516148903040422,0.2609176331193661,0.283589185821123,0.3450051125697702,0.0,0.2312082454186648,0.3228243865266354,0.2624228503878201,0.2855238506308702,0.3219214264719232,0.0,0.0,0.2223664347522932,0.3444882293053282,0.3426702450012559,0.0,0.0,0.0,0.3264535881825294,0.0,0.0,0.0,0.3017353355043142,0.0,0.3105060466143999,0.0,0.0,0.3698269925764096,0.3204270135190005,0.3016165839757296,0.2944875480470894,0.0,0.3461044260793715,0.3317795246569587,0.357483393908978,0.0,0.3584108152684475,0.308176196865911,0.3323512469458918,0.3667111363865641,0.0,0.345250554800551,0.0,0.288823220181747
0.433836304500088,0.3133711122065659,0.2531556298205366,0.2964733374731424,0.3281080196159721,0.2988669529794787,0.3272666675162021,0.3650691234997489,0.2841840060762664,0.321282638432575,0.3252855851966237,0.0,0.3256655478105809,0.3521633216619451,0.3530434733367931,0.3241675274506859,0.0,0.3255814440566877,0.285808099581384,0.3162234777055684,0.3714578516001746,0.3315891836921546,0.2776112140014792,0.4088249086054771,0.2993897259469865,0.3593046450649221,0.0,0.3217031346582613,0.3160738065491727,0.3227860179355976,0.3153623072783745,0.3186078858284146,0.2904415064416515,0.3302956641379282,0.3374779715406426,0.3273381256804227,0.3166342514303144,0.0,0.3894201827940252,0.0,0.410990075397713,0.3993131960724149,0.3672547464232006,0.0,0.0,0.0,0.3463842034124233,0.4449683903823803,0.0,0.0,0.4107354885093414,0.4296120795028326,0.412125173375466,0.4381305869305548,0.0,0.4027395886923353,0.0,0.4567641361350464,0.3879617057326165,0.3883321209504056,0.0,0.0,0.0,0.4380924301734051,0.3907549528024944,0.4220425861552511,0.4618651295417943,0.4180541426573264,0.0,0.0,0.3854986650673199,0.4065307535611913,0.4321255970839371,0.3907227531669447,0.3819848412309407,0.3997270059478406
0.268401626156823,0.3012540975535425,0.3375002504561821,0.1534521024062534,0.2284648655865353,0.2897469151089997,0.2439808857273875,0.3308030109947676,0.3116725757954484,0.2471961007333706,0.3281020573821353,0.2509466800094908,0.2745084270447941,0.1902093076900587,0.3124845621678574,0.3412324081796236,0.3004230306298625,0.3194156520286515,0.3227026408946514,0.299514430408984,0.3289784568038408,0.3144497469409617,0.327679778914284,0.2696626333550141,0.304239812429869,0.3066038852447473,0.3217031346582613,0.0,0.2682193835680517,0.2774567718428251,0.2758603721147551,0.2897247433883028,0.2757457188801553,0.2720637516597596,0.2607929218088743,0.1733350846960817,0.1673270983554917,0.2698355248356114,0.3014868370515406,0.2539102408334549,0.3394470922747115,0.2332573636128667,0.3222113276653806,0.0,0.0,0.0,0.0,0.0,0.0,0.0,0.4166063505503937,0.0,0.3977984469840944,0.0,0.0,0.0,0.0,0.0,0.0,0.3525184725414063,0.0,0.0,0.0,0.0,0.3699900372028845,0.3508673074797585,0.0,0.3862031598205065,0.0,0.0,0.0,0.3847436189278349,0.3977288774671614,0.3828453559618234,0.0,0.3828673908054136
0.3473141343624842,0.2992063776995176,0.0,0.0,0.2963746302024644,0.2854728517492613,0.3121950541962754,0.3058355218596788,0.2750200561247487,0.0,0.0,0.0,0.3114009450377787,0.0,0.3046907677495101,0.3240328816381199,0.2314516491023849,0.3136293234091765,0.0,0.2807233800321421,0.3085895791543579,0.3034374071527067,0.3142652421876955,0.0,0.3047590797201193,0.3020025532576952,0.3160738065491727,0.2682193835680517,0.0,0.2799956645506421,0.2669065940957087,0.3028869924834843,0.2705062329210648,0.3021120813837494,0.3256531693687948,0.3206271575692271,0.0,0.0,0.3609037708965564,0.0,0.3739509790154882,0.354819344560294,0.28529947028371,0.0,0.0,0.0,0.3188807551652745,0.0,0.0,0.0,0.3785287653171839,0.0,0.3592077571649469,0.0,0.0,0.0,0.0,0.3576094025491529,0.0,0.3559256755821346,0.0,0.0,0.0,0.0,0.3579799725988633,0.3482235100138835,0.3547514332991738,0.3730601079830727,0.0,0.0,0.3394639856371167,0.3670660402879504,0.3877400217169764,0.3464619324564803,0.3453930641595079,0.3727085820763787
0.0,0.0,0.0,0.0,0.0,0.2997437466434762,0.0,0.3147080411516987,0.2796422490938228,0.0,0.0,0.0,0.2994049384033699,0.0,0.0,0.3215919654356297,0.0,0.2849942300062468,0.0,0.2826049776253002,0.3220849695959983,0.3026768024828638,0.3397533656625165,0.0,0.0,0.0,0.3227860179355976,0.2774567718428251,0.2799956645506421,0.0,0.2585284222732991,0.297401562324103,0.2895755888059631,0.2774705967126857,0.2910233032078601,0.0,0.0,0.0,0.3765434213429364,0.0,0.0,0.0,0.0,0.0,0.0,0.0,0.0,0.0,0.0,0.0,0.3492432883800059,0.0,0.0,0.0,0.0,0.0,0.0,0.0,0.0,0.0,0.0,0.0,0.0,0.0,0.3590063386321385,0.0,0.0,0.3846210057217381,0.0,0.0,0.0,0.3846340433210474,0.0,0.3578792414659559,0.0,0.0
0.2604391243535223,0.264378886551037,0.3336669957974796,0.1399371793355973,0.3276008833997648,0.2996460912110765,0.2791479539330936,0.3355042169538343,0.3269932802675458,0.2580889270395442,0.3347189921420103,0.2330957588393357,0.2982836717155389,0.0,0.2952536290803652,0.2849818896230255,0.2759062126193082,0.2794559687950578,0.3388956150549496,0.2761842751382918,0.270466173709616,0.2817875461061194,0.3291031974796066,0.2424275417071127,0.2779459089825205,0.2708399031702772,0.3153623072783745,0.2758603721147551,0.2669065940957087,0.2585284222732991,0.0,0.2776187218818956,0.2496188916905936,0.2024324611546129,0.2092955793974435,0.2703996633070131,0.2227345397176821,0.2146084307836844,0.3240475777217664,0.242852860373522,0.2891351527510548,0.0,0.0,0.0,0.0,0.3331472185886557,0.3093550542270671,0.0,0.0,0.0,0.4048193419677358,0.0,0.3555881486347147,0.0,0.2544916798428466,0.0,0.2779105227219456,0.0,0.0,0.3436200578561245,0.2955311486954243,0.2937244182273743,0.2802998695151716,0.0,0.3404087210610728,0.3307107620882339,0.3347356497292694,0.3758290343646067,0.3025493885808726,0.289232673581101,0.3193870161215997,0.3779514537083872,0.3871356633630022,0.3524535207411242,0.0,0.3983518728374461
0.2918503347516858,0.2879924296586141,0.3248514970658936,0.2019057519530558,0.2673123220569924,0.3010826198924206,0.2975448698755634,0.2297700366104124,0.3042750554715512,0.2625142186725822,0.2675535454086678,0.1875293272377845,0.2954211820555755,0.219015358006985,0.3145803249497096,0.3178126994469806,0.3032341426662027,0.3120790597821058,0.304309583656478,0.319667276608629,0.2890238644700045,0.310906483773791,0.3201627512224984,0.2207737018624671,0.2935216766543728,0.2955102940895236,0.3186078858284146,0.2897247433883028,0.3028869924834843,0.297401562324103,0.2776187218818956,0.0,0.2484516584220324,0.253555790956734,0.2605201221344142,0.2028349904691344,0.2446815719442642,0.2073926720816352,0.1811659909516362,0.2116125582620446,0.2548939893943024,0.240145525853357,0.2435018967393466,0.235435693113063,0.1840224026545158,0.3414784230897538,0.3301245980579569,0.3518386472009751,0.0,0.0,0.366087860524121,0.0,0.3474936478047413,0.341543536729425,0.219607723294463,0.2958345797462077,0.17873677601364,0.4056899231606728,0.0,0.3630398833368814,0.3244079352851649,0.2544806400329057,0.2791240016130147,0.411068155823742,0.356192270873625,0.3365129327422362,0.3463904656343051,0.3736780221897703,0.1799770403954129,0.2876307358328082,0.3383509670508208,0.3691403327524071,0.3563882647490574,0.3508638569134129,0.3622442202078098,0.3542679279408885
0.2310336020731642,0.2620541972237832,0.0,0.0,0.0,0.2557413382673577,0.2916808338397186,0.3512771819725338,0.3230303373766156,0.2335820089569369,0.3155521347564027,0.1742463216836819,0.3157648112882332,0.0,0.2993782572991953,0.3006551984200515,0.2630025531449934,0.263050570480999,0.0,0.2839020153609399,0.2719515866097658,0.2856735081877397,0.3464588429074838,0.1698578580936329,0.241759065059851,0.2516148903040422,0.2904415064416515,0.2757457188801553,0.2705062329210648,0.2895755888059631,0.2496188916905936,0.2484516584220324,0.0,0.2090615436992312,0.2798951006480194,0.1918028151969306,0.2431682311618745,0.1393004625250654,0.2305430474807779,0.1996526207352806,0.2243751522120668,0.2337488266108738,0.0,0.0,0.1375693006075616,0.3226277618914937,0.2888129314555901,0.0,0.0,0.0,0.0,0.0,0.0,0.0,0.2463375083933584,0.0,0.2522498157377082,0.0,0.0,0.3564474226031726,0.2776670963898135,0.2805934695258695,0.2652027844387793,0.0,0.3091040763728548,0.3231690636459686,0.3179097719963444,0.3637417470671778,0.2440933670036404,0.2731997007088192,0.3034270242904853,0.321501488366075,0.2376986093139861,0.2821442665980762,0.0,0.2425123922181569
0.242833981435951,0.259734721645227,0.3363489162160958,0.1808418980231929,0.3143630131720815,0.3138189517139204,0.2855010378258459,0.3316544960601369,0.3252593729486061,0.2212033395799516,0.3342836854849839,0.1907720942963076,0.2923683417787643,0.308149175366931,0.3101701374349625,0.2789263957972311,0.261607905250258,0.2669084354148413,0.3422045911653396,0.3184912118032976,0.2736136207477349,0.3024858357513925,0.3361162102793307,0.1878265771629156,0.2551395306736155,0.2609176331193661,0.3302956641379282,0.2720637516597596,0.3021120813837494,0.2774705967126857,0.2024324611546129,0.253555790956734,0.2090615436992312,0.0,0.2058429107814716,0.2446866655159896,0.1927847701353854,0.1736433105832707,0.2562407297404764,0.2371160728599837,0.2969421383323826,0.2533734969151348,0.2399083608389527,0.2382570602178667,0.0,0.3221295377403435,0.312578015968521,0.0,0.0,0.0,0.4100144117782437,0.0,0.3726042858958935,0.0,0.259536612776616,0.0,0.2704227220825678,0.0,0.0,0.3596177108119225,0.2921222108325503,0.2818079765365023,0.2575036689314006,0.0,0.3465203043204173,0.3481143883015065,0.3419955938558345,0.3845622811588852,0.2467390983316374,0.2776458114596117,0.3195156380957852,0.3776959955870494,0.3958126850254558,0.3577245855147728,0.0,0.3727094494665404
0.2728204880742277,0.3053418738469238,0.325920103895263,0.1974332865276472,0.3040766773416843,0.3099779263117539,0.2783085145253319,0.3312737137179308,0.3281289587468426,0.242935232177252,0.3247157796934746,0.2507532287679321,0.2803173413245242,0.0,0.3419213828907825,0.3230397282190358,0.2624904706688357,0.2692243149986869,0.3260622451923726,0.3453318303946489,0.3035858778735784,0.3420695188617229,0.3596774942292132,0.2211963302814891,0.2633573915603515,0.283589185821123,0.3374779715406426,0.2607929218088743,0.3256531693687948,0.2910233032078601,0.2092955793974435,0.2605201221344142,0.2798951006480194,0.2058429107814716,0.0,0.2732351803130172,0.2462292821895864,0.2228589443454227,0.2409233930758926,0.2474519445962688,0.2569761833465158,0.2651844374381765,0.2455193773518603,0.230050517292581,0.0,0.3882471757242274,0.3283464116045055,0.0,0.0,0.0,0.0,0.0,0.0,0.0,0.2302015684346693,0.0,0.0,0.0,0.0,0.3763117106452358,0.3109515408131382,0.0,0.0,0.0,0.3715123568809428,0.0,0.3616104750132243,0.3937371959718574,0.0,0.2806664653480831,0.3278075696568573,0.3887251110037542,0.3549447431045035,0.3401417025293751,0.0,0.0
0.0,0.0,0.3236491161556846,0.0995108860991975,0.1683628640500897,0.3073127949292316,0.1931450615902904,0.2209434942809641,0.3038218835111684,0.1621379019060714,0.2512345874717275,0.2151542977442898,0.2142027763582887,0.1596726287201913,0.3666667868051461,0.0,0.0,0.0,0.3071162881329959,0.3558174827358671,0.334080892114373,0.3538995514061918,0.3189942005560451,0.0,0.0,0.3450051125697702,0.3273381256804227,0.1733350846960817,0.3206271575692271,0.0,0.2703996633070131,0.2028349904691344,0.1918028151969306,0.2446866655159896,0.2732351803130172,0.0,0.1511305104759762,0.0,0.230975173018885,0.2324542431158879,0.2493752217952617,0.2593454479858805,0.2445197142036499,0.2337621085645645,0.0,0.0,0.0,0.363764296470245,0.0,0.2605906392396721,0.3592224828428716,0.3339116410067201,0.3270600642907504,0.342036081182053,0.0,0.2787585744431253,0.0,0.0,0.2871557042378392,0.0,0.0,0.0,0.0,0.3532597964195657,0.2869223760910515,0.0,0.2825422843746015,0.3643606607809841,0.0,0.0,0.0,0.3659740858552652,0.3255153502291981,0.3376235915103899,0.0,0.0
0.0,0.0,0.3231856893629252,0.0967148140645799,0.1384920191492456,0.3107737116281425,0.204229416146769,0.1898222100243964,0.331319562345972,0.194967227336294,0.2219315623562455,0.2619430521068454,0.2239871917387275,0.1249914736364409,0.0,0.0,0.0,0.0,0.3129232064709044,0.0,0.0,0.0,0.3456485221345098,0.0,0.0,0.0,0.3166342514303144,0.1673270983554917,0.0,0.0,0.2227345397176821,0.2446815719442642,0.2431682311618745,0.1927847701353854,0.2462292821895864,0.1511305104759762,0.0,0.2057293981561204,0.212729755451151,0.2594591673026953,0.2386578405700998,0.2486754954249402,0.2303215938592136,0.2309857801523821,0.0,0.0,0.0,0.0,0.0,0.0,0.0,0.0,0.0,0.0,0.0,0.0,0.2011589619454345,0.0,0.0,0.0,0.0,0.0,0.0,0.0,0.0,0.0,0.0,0.0,0.0,0.0,0.0,0.0,0.0,0.0,0.0,0.0
0.0,0.0,0.0,0.0,0.0,0.2846553927325097,0.2920444379748649,0.0,0.396922521502092,0.2043439294855958,0.3224761406634473,0.1580455310016748,0.3138310765222951,0.0,0.0,0.0,0.1947784189979863,0.0,0.3406789999588541,0.0,0.0,0.0,0.0,0.1525805367981123,0.2320069079453461,0.2312082454186648,0.0,0.2698355248356114,0.0,0.0,0.2146084307836844,0.2073926720816352,0.1393004625250654,0.1736433105832707,0.2228589443454227,0.0,0.2057293981561204,0.0,0.2071537047773072,0.1378574416093422,0.1531535255587061,0.0,0.0,0.0,0.1449219647178657,0.0,0.0,0.0,0.0,0.0,0.0,0.0,0.0,0.0,0.212361687286913,0.0,0.2120158689186442,0.0,0.0,0.0,0.0,0.0,0.0,0.0,0.0,0.0,0.0,0.0,0.1392439191346683,0.0,0.273831619257395,0.0,0.0,0.0,0.0,0.0
0.3187215878098882,0.3285931775801786,0.350546437667295,0.0,0.2504190546541083,0.3537295494976945,0.0,0.3455405796553878,0.3519771029561747,0.2359944524338763,0.3179944074550306,0.2096288535164142,0.2807037015918391,0.3286762616227943,0.3624584855196447,0.3215085382248432,0.2966642748468303,0.293955050245909,0.3441787448423824,0.3709926610678791,0.3388544053382123,0.3410839666823599,0.3913236312678999,0.293826798237339,0.3023053534507599,0.3228243865266354,0.3894201827940252,0.3014868370515406,0.3609037708965564,0.3765434213429364,0.3240475777217664,0.1811659909516362,0.2305430474807779,0.2562407297404764,0.2409233930758926,0.230975173018885,0.212729755451151,0.2071537047773072,0.0,0.2473082369062887,0.261315175936147,0.276080266469617,0.2035148435239542,0.2570726639298753,0.2090600803348837,0.2784839886282639,0.2948522380179705,0.3236917952209129,0.2138105221104987,0.2709916764014484,0.303732030243627,0.3048360742463231,0.2130347824488631,0.3252446282932684,0.2641856713285612,0.2581005574926764,0.2046425166432764,0.3093450196180652,0.2175379110798921,0.3005236690466534,0.3044738809353197,0.2866038457283824,0.2939760476923585,0.3108338368597336,0.3227232593743767,0.2909776910365075,0.3092562001870735,0.3139153424603595,0.2598082709344116,0.2881051668972788,0.2842301341927339,0.3213950206283733,0.2916002773315989,0.3195791430285167,0.2984641968139393,0.2817350348069221
0.2959947169183523,0.3057535309441347,0.0,0.0,0.0,0.0,0.0,0.0,0.0,0.2260646245581224,0.0,0.2202365858291626,0.0,0.0,0.3630988697689149,0.2984167303261601,0.2278868837120651,0.2445995624263207,0.0,0.3415805871937292,0.3382157047426874,0.3296935500910684,0.0,0.1971357097354122,0.2456710499255927,0.2624228503878201,0.0,0.2539102408334549,0.0,0.0,0.242852860373522,0.2116125582620446,0.1996526207352806,0.2371160728599837,0.2474519445962688,0.2324542431158879,0.2594591673026953,0.1378574416093422,0.2473082369062887,0.0,0.2047750446100787,0.2673456042007452,0.2975944662438847,0.2342626393859734,0.164514999449121,0.2251095027675941,0.2472170718930016,0.0,0.0,0.0,0.2817185964864029,0.2956679011776499,0.0,0.3246769821867367,0.2319235882051963,0.0,0.1808052543629572,0.3333509454429733,0.0,0.2766671380899906,0.259854008819421,0.2470640424694307,0.2281657381819908,0.0,0.2765137570482692,0.258996534435633,0.2700932731865264,0.2917715901717244,0.1715589122365007,0.2255191147217049,0.2396468585249704,0.2865322132998231,0.2678793420197725,0.2805020360783449,0.2594482728588242,0.225812359659748
0.3084476722265742,0.3123626480053136,0.0,0.0,0.0,0.3993891485010973,0.0,0.3813448640720081,0.0,0.2417116131132888,0.0,0.2391148328402353,0.0,0.0,0.3745426640196755,0.3128412911840987,0.2346361128859626,0.272906401617721,0.0,0.4786176114492831,0.3251023531730096,0.3241035826386381,0.3957057310765509,0.2145403017454896,0.274739385539521,0.2855238506308702,0.410990075397713,0.3394470922747115,0.3739509790154882,0.0,0.2891351527510548,0.2548939893943024,0.2243751522120668,0.2969421383323826,0.2569761833465158,0.2493752217952617,0.2386578405700998,0.1531535255587061,0.261315175936147,0.2047750446100787,0.0,0.2468874422462506,0.2814195758276165,0.1907628928274164,0.1922648707840739,0.2474261836781357,0.271904128846104,0.3465048200269443,0.1852527602454302,0.3184802321901018,0.3195350167222715,0.301076699284491,0.3364397634426266,0.3495018091520557,0.2171270269162891,0.3544011831237565,0.2156774067856571,0.3182240500138102,0.2881813640385026,0.2944659005945659,0.2737478446454152,0.2627619165964191,0.258192007651109,0.3445804700333337,0.2934130706383209,0.2604899422938125,0.2841094938697334,0.3369345657879827,0.1981713715860373,0.2505127411356827,0.2558615988058013,0.3258655673305186,0.2723272460584873,0.299009498813809,0.2753555361963929,0.2038947657154759
