0.0,0.4365737872339827,0.0,0.0,0.0,0.0,0.0,0.5339145379319238,0.0,0.4585760430888755,0.0,0.4206823497612532,0.0,0.0,0.3981913362046692,0.4183294379637701,0.0,0.4025068865343698,0.0,0.4412613802845381,0.4384312747592152,0.4377934698559175,0.4738306765219224,0.4147611301753466,0.3995312612956345,0.3852792204177951,0.4629601930965324,0.0,0.0,0.0,0.3961234697554975,0.432761383956209,0.346297467444594,0.3737559114246276,0.4326107802138546,0.0,0.0,0.0,0.4383792331151314,0.3873083970282058,0.4238733897534537,0.0,0.0,0.0,0.0,0.3744830564518078,0.46776433410176,0.0,0.0,0.0,0.0,0.0,0.0,0.0,0.5242210524550593,0.0,0.0,0.0,0.0,0.0,0.4592235402317862,0.0,0.4370785892103134,0.0,0.0,0.351280914059633,0.4635467653349196,0.0,0.3448308999352563,0.4414233272017676,0.4617354010154836,0.0,0.0,0.0,0.0,0.0
0.4365737872339827,0.0,0.0,0.0,0.4155735852867166,0.4062915514168858,0.4314754631824263,0.5045625191831692,0.397304782367311,0.0,0.0,0.0,0.4545842145514661,0.0,0.4311562983721832,0.426834327731955,0.0,0.4208481686635081,0.0,0.4262428122002771,0.4424113671087705,0.4121321290694133,0.4499930817311547,0.0,0.4046326123009139,0.4052397722086425,0.4314167447738569,0.4754748310418782,0.443965927463835,0.0,0.3860844427924675,0.4628013700650925,0.3732775153691325,0.3875907294805616,0.4373245767415424,0.0,0.0,0.0,0.4696803396511367,0.4691726913855504,0.4835102465526054,0.4999533116824495,0.0,0.0,0.0,0.4756179000707838,0.5028034211000534,0.0,0.0,0.0,0.0,0.0,0.0,0.0,0.0,0.0,0.0,0.0,0.0,0.5084812131397574,0.4852911554024933,0.0,0.4541695788185933,0.0,0.4677011101789612,0.4926580065639774,0.5175088089550711,0.5050337179080289,0.0,0.461348120951314,0.5029034758287977,0.4779862649124151,0.0,0.4807502301569582,0.0,0.45529791022316
0.0,0.0,0.0,0.0,0.4055626234407663,0.381435314592381,0.4328059617185548,0.4693349999563324,0.2620783197805176,0.4966909547726713,0.3547551293945842,0.0,0.4428375958643549,0.4763907261564076,0.0,0.0,0.0,0.0,0.2778932992974,0.0,0.0,0.0,0.3314898113846048,0.0,0.0,0.0,0.3037308243417354,0.4527428318573028,0.0,0.0,0.467658673003898,0.4367073753791435,0.0,0.4624206409887956,0.4596388441876339,0.428831902580413,0.4589887506817987,0.0,0.514809639758613,0.0,0.0,0.0,0.4989466984032205,0.0,0.0,0.0,0.0,0.3936111432383913,0.0,0.5568898010982365,0.5602088071475577,0.0,0.5521046801646026,0.5626138386873152,0.0,0.51113150490365,0.0,0.0,0.532034495442004,0.0,0.0,0.0,0.0,0.5039800410397183,0.0,0.0,0.0,0.5916291056105966,0.0,0.0,0.0,0.5724483111255312,0.0,0.0,0.0,0.0
0.0,0.0,0.0,0.0,0.2753302062351436,0.4229520583585245,0.3018089870783781,0.3917840836724546,0.4277191459920101,0.2393609969052205,0.3848760666516069,0.0,0.3090420571057592,0.2831837612060727,0.0,0.0,0.0,0.0,0.4340501744171081,0.0,0.0,0.0,0.4200161516757426,0.0,0.0,0.0,0.4407946567100173,0.2755982123705253,0.0,0.0,0.0,0.327230674885143,0.0,0.2679038890004995,0.3325608830083807,0.1928994591290108,0.2109185448004908,0.0,0.0,0.0,0.0,0.0,0.0,0.0,0.0,0.0,0.0,0.0,0.0,0.0,0.0,0.0,0.0,0.0,0.0,0.0,0.0,0.0,0.0,0.0,0.0,0.0,0.0,0.0,0.0,0.0,0.0,0.0,0.0,0.0,0.0,0.0,0.0,0.0,0.0,0.0
0.0,0.4155735852867166,0.4055626234407663,0.2753302062351436,0.0,0.3945412687804436,0.3401279706328685,0.4081241597547845,0.3553975276740348,0.4279759234318914,0.3609967027834751,0.4396081814299726,0.38616088450022,0.3101479958402807,0.0,0.0,0.0,0.0,0.4017371336236877,0.3886338184765368,0.0,0.4141184005739159,0.412786008141897,0.0,0.4349936420110628,0.0,0.4124423509204233,0.3786266278437338,0.4244300974259226,0.0,0.4073563343018331,0.4058234820895118,0.4383713991111961,0.4449542896396422,0.4147256928650104,0.2444691840732567,0.2718564659095391,0.4609751889236543,0.0,0.0,0.0,0.0,0.3959550733218109,0.0,0.0,0.0,0.0,0.4986820113815865,0.0,0.0,0.0,0.0,0.476628760535683,0.0,0.0,0.4805752901169461,0.0,0.0,0.0,0.0,0.0,0.0,0.0,0.0,0.0,0.0,0.0,0.5259686754537306,0.0,0.0,0.0,0.5439049757417802,0.0,0.0,0.0,0.0
0.0,0.4062915514168858,0.381435314592381,0.4229520583585245,0.3945412687804436,0.0,0.4158198052791507,0.4545905961161849,0.3725561698136285,0.4541480226237501,0.4117385999077836,0.0,0.4244574460180721,0.4990348777243246,0.4147035363993422,0.4314624653353227,0.0,0.4193554889340883,0.4017277281769112,0.4196189041141811,0.0,0.4232091749848043,0.4042452788757631,0.0,0.4150030637284878,0.4106596420413229,0.4063981355100953,0.4311026126325275,0.371460563992911,0.4329795794917276,0.4430154445973998,0.4374352163976107,0.3973532114591071,0.4571337358808592,0.4502545697988696,0.4433699798355757,0.4474722453484717,0.0,0.5017200210685806,0.0,0.5225858818525001,0.5660624006011437,0.4862720816139337,0.0,0.0,0.0,0.0,0.5772746930711501,0.0,0.0,0.5277161151909058,0.5465158704862443,0.5173591171974719,0.565035808828578,0.0,0.5421453924625673,0.0,0.528491931387534,0.0,0.4978164873728445,0.0,0.0,0.0,0.5555434934801871,0.4960443260814873,0.5237505677733212,0.4862099042875655,0.5432318255464474,0.0,0.0,0.0,0.5269961241908272,0.5093434978978757,0.5030205847555899,0.0,0.5373304746900033
0.0,0.4314754631824263,0.4328059617185548,0.3018089870783781,0.3401279706328685,0.4158198052791507,0.0,0.4366172647457931,0.3790881919172682,0.4109333183297914,0.4383012138184799,0.4020948265378827,0.3528022036986792,0.322108367729763,0.0,0.4624482036884333,0.0,0.4596093635423793,0.4485987739038489,0.4277544419441494,0.0,0.4611324965373035,0.4277381487080804,0.4214275941389263,0.4444557743485468,0.4256240542682401,0.4316555736325628,0.3628353606698729,0.4425402309696739,0.0,0.4207399698157981,0.4030325448915219,0.395532978146383,0.4084475737783647,0.394145659996594,0.3102723278916286,0.3181264069950869,0.418373887801444,0.0,0.0,0.0,0.0,0.0,0.0,0.0,0.0,0.0,0.0,0.0,0.0,0.0,0.0,0.0,0.0,0.0,0.0,0.0,0.0,0.0,0.0,0.0,0.0,0.0,0.0,0.0,0.0,0.0,0.5111230023983092,0.0,0.0,0.0,0.508998294836175,0.0,0.0,0.0,0.0
0.5339145379319238,0.5045625191831692,0.4693349999563324,0.3917840836724546,0.4081241597547845,0.4545905961161849,0.4366172647457931,0.0,0.4638221094269992,0.5220334339446074,0.3774491729241843,0.0,0.4399555080626023,0.4110439218457749,0.4419816217924737,0.0,0.0,0.0,0.4142307957168593,0.0,0.438148117270133,0.0,0.3947958912622036,0.5424995071231374,0.5409527517566,0.5105041640412824,0.4613214713036828,0.447797808476621,0.4277332016856539,0.409212965116965,0.4684225836191374,0.3804824125348394,0.0,0.4687976363598932,0.4624540363511307,0.2946474847251843,0.3697517657309027,0.0,0.5049095433127105,0.0,0.5127231443286271,0.0,0.458519643588103,0.0,0.0,0.0,0.0,0.5687506711476022,0.0,0.5112288876627165,0.4960894344150443,0.5190937959658967,0.4628503024880113,0.541339832468403,0.0,0.4920735790170486,0.0,0.5083776760667085,0.4760313211696191,0.4945088236314833,0.0,0.0,0.0,0.5274834159761661,0.4826723364704958,0.4249291846751278,0.0,0.515116616497908,0.0,0.0,0.0,0.5109559511547721,0.4841150996333324,0.492718790578998,0.0,0.5328585001677784
0.0,0.397304782367311,0.2620783197805176,0.4277191459920101,0.3553975276740348,0.3725561698136285,0.3790881919172682,0.4638221094269992,0.0,0.4640221589653568,0.3429801282314509,0.4793684374676301,0.421653407186228,0.4441596613134379,0.0,0.0,0.0,0.0,0.2687103574344212,0.3917628815168494,0.0,0.4092665107315351,0.414177277615289,0.0,0.0,0.0,0.3474827831102487,0.455933163398128,0.4373550005289687,0.4530884938190193,0.4805401183196887,0.4445850385779852,0.4579817828084067,0.4688248136827387,0.4491017461045894,0.4282611381617206,0.4434494764378125,0.4621389336481114,0.4814031982799981,0.0,0.0,0.0,0.4557171800016747,0.0,0.0,0.0,0.0,0.5463312579564386,0.0,0.0,0.5529226054455013,0.0,0.5379944210758854,0.5748251455472194,0.0,0.5146805096913297,0.0,0.0,0.5029399446504389,0.0,0.0,0.0,0.0,0.5658012520662068,0.0,0.0,0.0,0.5597263937135015,0.0,0.0,0.0,0.5573330067336709,0.0,0.0,0.0,0.0
0.4585760430888755,0.0,0.4966909547726713,0.2393609969052205,0.4279759234318914,0.4541480226237501,0.4109333183297914,0.5220334339446074,0.4640221589653568,0.0,0.4707382533882885,0.3186662620670075,0.4014248868991927,0.1543289685050123,0.0,0.4094228105672483,0.3555447736921229,0.3753332902522634,0.482307331970776,0.0,0.0,0.4499482641261154,0.4617482964710346,0.3516862053685346,0.3516647629740265,0.3724309500910753,0.4642198835567543,0.3996820429370422,0.0,0.0,0.3356074733906324,0.3949166835805503,0.3387024275580256,0.3221074716371987,0.3786139454592245,0.3245577187088842,0.2626676555508937,0.3110929819751727,0.4107255732102793,0.3628198869450169,0.3917387537136632,0.0,0.0,0.0,0.3866340743559734,0.0,0.0,0.0,0.0,0.0,0.0,0.0,0.0,0.0,0.4600093153053703,0.0,0.4718531744283125,0.0,0.0,0.0,0.0,0.4258728285447334,0.3839539128066472,0.0,0.0,0.0,0.0,0.0,0.4591612881853429,0.4205126744163773,0.4521030252994772,0.0,0.432309003800586,0.0,0.0,0.4145356029565499
0.0,0.0,0.3547551293945842,0.3848760666516069,0.3609967027834751,0.4117385999077836,0.4383012138184799,0.3774491729241843,0.3429801282314509,0.4707382533882885,0.0,0.4674341973858019,0.4464046144965004,0.3539875063928512,0.0,0.0,0.0,0.0,0.2790382124266154,0.0,0.0,0.0,0.3343818254138541,0.0,0.0,0.0,0.3899306176249859,0.4572699083531163,0.0,0.0,0.5032726750283963,0.4224278542035823,0.4772500862579142,0.4738877111211123,0.4550636788837702,0.3303452974514285,0.4442628998846347,0.4589771789119066,0.4549737438805862,0.0,0.0,0.0,0.441342933216364,0.0,0.0,0.0,0.0,0.5109309240118374,0.0,0.4817795749336191,0.5492090548831449,0.5088287635176032,0.4869483370959369,0.5097618767605098,0.0,0.3353179746685944,0.0,0.5328548708625188,0.4819145597769657,0.0,0.0,0.0,0.0,0.2538361668345736,0.0,0.0,0.0,0.5289808418713581,0.0,0.0,0.0,0.5441829447296961,0.0,0.0,0.0,0.0
0.4206823497612532,0.0,0.0,0.0,0.4396081814299726,0.0,0.4020948265378827,0.0,0.4793684374676301,0.3186662620670075,0.4674341973858019,0.0,0.3982771235310811,0.0,0.0,0.0,0.3783663760066871,0.3846878864681575,0.0,0.0,0.0,0.0,0.0,0.3146050251880292,0.3662601814955504,0.3144916957792594,0.0,0.3888096872758285,0.0,0.0,0.3472230849681954,0.289151713070693,0.2127578661578065,0.2450184842867906,0.3036105348721741,0.3592579694118705,0.3388348323542812,0.1933070308575401,0.3469009944655876,0.3620930702385808,0.3711747372654173,0.0,0.0,0.0,0.3615673859615637,0.0,0.0,0.0,0.0,0.0,0.0,0.0,0.0,0.0,0.4613660675540498,0.0,0.4686069023172361,0.0,0.0,0.0,0.0,0.4407145742313064,0.4067881104538494,0.0,0.0,0.0,0.0,0.0,0.447961349005608,0.4418486463265502,0.4604284505655207,0.0,0.0,0.0,0.0,0.4231167363877486
0.0,0.4545842145514661,0.4428375958643549,0.3090420571057592,0.38616088450022,0.4244574460180721,0.3528022036986792,0.4399555080626023,0.421653407186228,0.4014248868991927,0.4464046144965004,0.3982771235310811,0.0,0.3581126491698519,0.4622997659759746,0.486661902618167,0.4292140041158723,0.4545728675142997,0.4534731977056609,0.4460644349105376,0.0,0.4827175759502977,0.4409146889333533,0.4123668120768276,0.4636688156644792,0.4340164369333034,0.4451885702886627,0.3848511124317832,0.4449773700302225,0.3960920378924466,0.4170173503910195,0.4072620114387026,0.3867437183852343,0.400115898878021,0.4170893740075732,0.355745951110678,0.3324504222200946,0.3849054589061576,0.4383897622644736,0.0,0.0,0.0,0.4652328372355671,0.0,0.0,0.0,0.0,0.5802344005621207,0.0,0.0,0.0,0.0,0.4954457802857804,0.0,0.0,0.0,0.0,0.0,0.0,0.0,0.0,0.0,0.0,0.0,0.0,0.0,0.0,0.5257946117810638,0.0,0.0,0.0,0.5167506759535743,0.0,0.5385167375899589,0.0,0.0
0.0,0.0,0.4763907261564076,0.2831837612060727,0.3101479958402807,0.4990348777243246,0.322108367729763,0.4110439218457749,0.4441596613134379,0.1543289685050123,0.3539875063928512,0.0,0.3581126491698519,0.0,0.0,0.0,0.0,0.0,0.4154585245724488,0.0,0.0,0.0,0.4545015057418956,0.0,0.0,0.0,0.4757893812593035,0.2371270361498517,0.0,0.0,0.3856549271072089,0.2661823681156678,0.0,0.2353429103675774,0.0,0.2072701918177659,0.1861372487504089,0.0,0.0,0.0,0.0,0.0,0.4092619939667852,0.0,0.0,0.0,0.0,0.5390333584977806,0.0,0.0,0.0,0.0,0.0,0.5070243462473951,0.0,0.4916717011356645,0.0,0.0,0.0,0.0,0.0,0.0,0.0,0.0,0.0,0.0,0.0,0.5122750301034193,0.0,0.0,0.0,0.0,0.0,0.0,0.0,0.0
0.3981913362046692,0.4311562983721832,0.0,0.0,0.0,0.4147035363993422,0.0,0.4419816217924737,0.0,0.0,0.0,0.0,0.4622997659759746,0.0,0.0,0.4545633724422044,0.0,0.4326330369525931,0.0,0.3570969180992591,0.387146288348663,0.3621120634283575,0.4035579773762994,0.4879988453906979,0.4247871177376914,0.3715316577399818,0.4364010445201815,0.4332336308581406,0.4335364335305997,0.0,0.4184720463108109,0.4492881946821954,0.4043958617228687,0.4343498210023797,0.4900684491951056,0.4941021785304922,0.0,0.0,0.5008577310038811,0.5113030837232406,0.4990205634999771,0.5333102484407827,0.0,0.0,0.0,0.0,0.4944233534626656,0.0,0.0,0.0,0.4842247547667458,0.0,0.4428023371364938,0.0,0.0,0.0,0.0,0.0,0.0,0.5131400008824005,0.5140415797788498,0.0,0.0,0.0,0.498071444307581,0.4668788931743344,0.512574345140648,0.4998445018247928,0.0,0.0,0.5174335073817615,0.5004733189099233,0.5269330769781194,0.4918989345507156,0.0,0.5059704896515028
0.4183294379637701,0.426834327731955,0.0,0.0,0.0,0.4314624653353227,0.4624482036884333,0.0,0.0,0.4094228105672483,0.0,0.0,0.486661902618167,0.0,0.4545633724422044,0.0,0.3974182057286153,0.3813055210192553,0.0,0.4247870067431391,0.43876784978654,0.4193941197438627,0.4694937353076411,0.4024123169439149,0.4147490425359748,0.4284727340367874,0.4418134005617485,0.4619057297504096,0.4527823899516748,0.4437778712387608,0.3840723929023772,0.4614463362381381,0.3876147007616446,0.3995306069127983,0.4836134842882646,0.0,0.0,0.0,0.4663800092467367,0.449469454795741,0.4593484009387242,0.473172260415001,0.0,0.0,0.0,0.4897517403131358,0.470417791179677,0.0,0.0,0.0,0.0,0.0,0.0,0.0,0.0,0.0,0.0,0.0,0.0,0.5042596156323286,0.4727021920784992,0.0,0.4684154350101769,0.0,0.5025741444764739,0.5030767440540854,0.4763033162468447,0.0,0.0,0.4627354600607031,0.4914578083103417,0.0,0.0,0.0,0.0,0.450596140453839
0.0,0.0,0.0,0.0,0.0,0.0,0.0,0.0,0.0,0.3555447736921229,0.0,0.3783663760066871,0.4292140041158723,0.0,0.0,0.3974182057286153,0.0,0.3806052507785819,0.0,0.0,0.0,0.3985042721887337,0.0,0.3830341560402641,0.3571102632757771,0.3867739985048614,0.0,0.4145850774120592,0.0,0.0,0.3575759609164378,0.4151279972516601,0.3445161294213864,0.3783383461173225,0.3875350135795165,0.0,0.0,0.3358458971486531,0.0,0.3938154756776799,0.4311305547407648,0.0,0.0,0.0,0.0,0.0,0.0,0.0,0.0,0.0,0.0,0.0,0.0,0.0,0.4821192127919758,0.0,0.4727826793100711,0.0,0.0,0.0,0.0,0.4491656024092898,0.3980444111775421,0.0,0.0,0.0,0.0,0.0,0.4704135662653817,0.4304132928764279,0.4581982777909479,0.0,0.0,0.0,0.0,0.0
0.4025068865343698,0.4208481686635081,0.0,0.0,0.0,0.4193554889340883,0.4596093635423793,0.0,0.0,0.3753332902522634,0.0,0.3846878864681575,0.4545728675142997,0.0,0.4326330369525931,0.3813055210192553,0.3806052507785819,0.0,0.0,0.4232632648858686,0.4669956528398996,0.4336979943069162,0.4320260222413412,0.3866763793071986,0.3672325062804486,0.3953301898684611,0.4327419613127593,0.4356479948364433,0.4609535103574367,0.0,0.3837795348404852,0.4250080521191373,0.3532483238839533,0.3842090085701123,0.4049628134208828,0.0,0.0,0.0,0.46506814702872,0.4416875527999513,0.4563939055388513,0.4681707249638835,0.0,0.0,0.0,0.4495483925602275,0.4597177087353132,0.0,0.0,0.0,0.0,0.0,0.0,0.0,0.4665014398691708,0.0,0.4651369409429867,0.0,0.0,0.0,0.4526547330578954,0.4508898103623378,0.438893493718088,0.0,0.0,0.0,0.4624995715244525,0.0,0.449412662761069,0.4528567015417052,0.4716078041409697,0.0,0.0,0.0,0.0,0.451755032182621
0.0,0.0,0.2778932992974,0.4340501744171081,0.4017371336236877,0.4017277281769112,0.4485987739038489,0.4142307957168593,0.2687103574344212,0.482307331970776,0.2790382124266154,0.0,0.4534731977056609,0.4154585245724488,0.0,0.0,0.0,0.0,0.0,0.0,0.0,0.0,0.3441586416083766,0.0,0.0,0.0,0.3506866134710042,0.4696907493400528,0.0,0.0,0.4791534640546536,0.4397235995064046,0.0,0.4691794236285413,0.4539585853993316,0.4117017421942868,0.4564571245691828,0.0,0.4583560040292133,0.0,0.0,0.0,0.4532284886859536,0.0,0.0,0.0,0.0,0.5386128926580581,0.0,0.0,0.5526969427548586,0.0,0.5056813352130357,0.5500358130206009,0.0,0.4665032603699174,0.0,0.0,0.4831399474686996,0.0,0.0,0.0,0.0,0.5298775943230993,0.0,0.0,0.0,0.5572183251163493,0.0,0.0,0.0,0.5599998180662256,0.0,0.0,0.0,0.0
0.4412613802845381,0.4262428122002771,0.0,0.0,0.3886338184765368,0.4196189041141811,0.4277544419441494,0.0,0.3917628815168494,0.0,0.0,0.0,0.4460644349105376,0.0,0.3570969180992591,0.4247870067431391,0.0,0.4232632648858686,0.0,0.0,0.424096146632401,0.3645645734627371,0.3310761607390649,0.0,0.4253001523365894,0.4273025627390104,0.3905237229363097,0.3669849240270976,0.3697327605615741,0.3574731038844734,0.3766271600427316,0.4472238603090684,0.3911815644043978,0.4108050301297303,0.4629353565954123,0.4982171864345906,0.4677168786994929,0.0,0.4905799833673195,0.4922332610927206,0.4899713869054662,0.5064356700560012,0.0,0.0,0.0,0.0,0.4694413221598875,0.0,0.0,0.0,0.5044880470076477,0.0,0.507978756256336,0.0,0.0,0.0,0.0,0.0,0.0,0.4945205343627026,0.0,0.0,0.0,0.0,0.486477573652996,0.4783617693524231,0.4835439933710737,0.5084601863404041,0.0,0.0,0.4901970655339319,0.503225361700731,0.5077113193829981,0.4877989147386636,0.0,0.503306613878025
0.4384312747592152,0.4424113671087705,0.0,0.0,0.0,0.0,0.0,0.438148117270133,0.0,0.0,0.0,0.0,0.0,0.0,0.387146288348663,0.43876784978654,0.0,0.4669956528398996,0.0,0.424096146632401,0.0,0.4428455957064529,0.4032471027452413,0.5206407741603123,0.4688584363598205,0.3989294305644689,0.4529823663961799,0.4673020211620654,0.4386668609765107,0.0,0.4117325694062081,0.4438276033379292,0.3816717372557751,0.4051034211730508,0.494590973268168,0.0,0.0,0.0,0.4723222131102267,0.4485115290093782,0.4636847730987719,0.5135590185616884,0.0,0.0,0.0,0.3795803743772563,0.494390179316247,0.0,0.0,0.0,0.4460991042441815,0.0,0.4345215122289771,0.0,0.0,0.0,0.0,0.0,0.0,0.4757644201828936,0.4802974092072465,0.0,0.0,0.0,0.4757082737412558,0.4063828315081782,0.4786579848620346,0.4790685269056861,0.0,0.0,0.4986233544558724,0.4757084257872129,0.4900356216015945,0.4928146592916331,0.0,0.4648821678784458
0.4377934698559175,0.4121321290694133,0.0,0.0,0.4141184005739159,0.4232091749848043,0.4611324965373035,0.0,0.4092665107315351,0.4499482641261154,0.0,0.0,0.4827175759502977,0.0,0.3621120634283575,0.4193941197438627,0.3985042721887337,0.4336979943069162,0.0,0.3645645734627371,0.4428455957064529,0.0,0.4483184541181415,0.0,0.4158632724349044,0.4034311506973932,0.4365668966969648,0.4396347612062224,0.4262902130972253,0.4279447970720522,0.3853459485855797,0.4462297346196083,0.3954857770697891,0.4187820056994375,0.4836788034668563,0.5162961020671991,0.4774807853874677,0.0,0.4816728944035718,0.4843053804863391,0.489566324015852,0.5173249253392208,0.0,0.0,0.0,0.4765084863004787,0.4944922382046655,0.0,0.0,0.0,0.4906598632662599,0.0,0.0,0.0,0.0,0.0,0.0,0.0,0.0,0.5179256647191132,0.4713611626677054,0.0,0.4947098354163321,0.0,0.486570305697011,0.4905300924706858,0.4936071183218297,0.501751563952816,0.0,0.433268678428902,0.51941521340425,0.491135077449372,0.0,0.4812159000963635,0.0,0.4761262395681405
0.4738306765219224,0.4499930817311547,0.3314898113846048,0.4200161516757426,0.412786008141897,0.4042452788757631,0.4277381487080804,0.3947958912622036,0.414177277615289,0.4617482964710346,0.3343818254138541,0.0,0.4409146889333533,0.4545015057418956,0.4035579773762994,0.4694937353076411,0.0,0.4320260222413412,0.3441586416083766,0.3310761607390649,0.4032471027452413,0.4483184541181415,0.0,0.510142249976007,0.4923543547352794,0.4480242335826608,0.3601383624192297,0.4473003273074941,0.4357713482238861,0.4207371718526045,0.4407012207839488,0.441297647893324,0.4082164455788335,0.4568908707342023,0.4614639993798641,0.4332072130795004,0.4397044730410278,0.0,0.5172229689654981,0.496799610190574,0.5407713917292857,0.53565800594705,0.5089364494066203,0.0,0.0,0.0,0.0,0.5732321851226303,0.0,0.5513550064254888,0.5278114861305028,0.5303183697885047,0.517581287020111,0.568273896645845,0.0,0.520133651301681,0.0,0.533320634010321,0.5285940125661431,0.5083036292309394,0.0,0.0,0.0,0.5490899480784861,0.5145215259536071,0.4887876219190592,0.4974580401279619,0.5458753478893015,0.0,0.0,0.490614126186779,0.5298318718792053,0.524977975623813,0.5193299884676683,0.5283059141594497,0.541890974937508
0.4147611301753466,0.0,0.0,0.0,0.0,0.0,0.4214275941389263,0.5424995071231374,0.0,0.3516862053685346,0.0,0.3146050251880292,0.4123668120768276,0.0,0.4879988453906979,0.4024123169439149,0.3830341560402641,0.3866763793071986,0.0,0.0,0.5206407741603123,0.0,0.510142249976007,0.0,0.373240463596852,0.3756385341038104,0.5552834376763924,0.4063134297918472,0.0,0.0,0.3728802010137653,0.3981813170623059,0.2451089998589046,0.3095402476697187,0.4204273494193762,0.4375640823715545,0.0,0.2392678677440931,0.4016760888680284,0.3585785933769849,0.4038249342754327,0.0,0.0,0.0,0.3221611827568023,0.4384240971491531,0.0,0.0,0.0,0.0,0.0,0.0,0.0,0.0,0.4520532462464559,0.0,0.4532071534846097,0.0,0.0,0.0,0.4707475616877556,0.4428281189653812,0.4502994570022722,0.0,0.0,0.0,0.0,0.0,0.4330392605152463,0.4540492173986096,0.4673989002467697,0.0,0.0,0.0,0.0,0.4233951574725998
0.3995312612956345,0.4046326123009139,0.0,0.0,0.4349936420110628,0.4150030637284878,0.4444557743485468,0.5409527517566,0.0,0.3516647629740265,0.0,0.3662601814955504,0.4636688156644792,0.0,0.4247871177376914,0.4147490425359748,0.3571102632757771,0.3672325062804486,0.0,0.4253001523365894,0.4688584363598205,0.4158632724349044,0.4923543547352794,0.373240463596852,0.0,0.384469447091955,0.4293494806771175,0.4298768537996963,0.4624590416741439,0.0,0.3839263987450977,0.4098577354297428,0.3194377451074687,0.365220362094474,0.3901849792265137,0.0,0.0,0.3212289397566716,0.438726253553402,0.4119156453963984,0.4337445394778544,0.4587720541243341,0.0,0.0,0.0,0.442536063437331,0.468876432683124,0.0,0.0,0.0,0.0,0.0,0.0,0.0,0.4742558348977828,0.0,0.4770465606774338,0.0,0.0,0.0,0.4590872343546892,0.4379092150596486,0.4271001330752293,0.0,0.458716044904608,0.4665563936683483,0.448397198767018,0.0,0.4516299781570132,0.4414320142860918,0.467123458386871,0.0,0.0,0.0,0.0,0.437318184184472
0.3852792204177951,0.4052397722086425,0.0,0.0,0.0,0.4106596420413229,0.4256240542682401,0.5105041640412824,0.0,0.3724309500910753,0.0,0.3144916957792594,0.4340164369333034,0.0,0.3715316577399818,0.4284727340367874,0.3867739985048614,0.3953301898684611,0.0,0.4273025627390104,0.3989294305644689,0.4034311506973932,0.4480242335826608,0.3756385341038104,0.384469447091955,0.0,0.4449145906404291,0.4214333814138949,0.4261649448300392,0.0,0.398842061041146,0.4373388356255751,0.3704926682228986,0.3936988295234042,0.4411037264754442,0.405860804866429,0.0,0.3402672310384577,0.4648525812727178,0.4544569216966964,0.4631575885579117,0.5087817285003575,0.0,0.0,0.4049758724812101,0.4687382727364432,0.5048824223984069,0.0,0.0,0.0,0.0,0.0,0.0,0.0,0.4874636507532757,0.0,0.4851882252042991,0.0,0.0,0.5132514770708259,0.4885176344634938,0.4688766477897997,0.4608559029832494,0.0,0.4793206040632652,0.4858408497078657,0.4963945137503263,0.484691049600965,0.4768537663236891,0.4702799930668873,0.491625414244639,0.4868848043340307,0.0,0.4916729620100622,0.0,0.4639146562085798
0.4629601930965324,0.4314167447738569,0.3037308243417354,0.4407946567100173,0.4124423509204233,0.4063981355100953,0.4316555736325628,0.4613214713036828,0.3474827831102487,0.4642198835567543,0.3899306176249859,0.0,0.4451885702886627,0.4757893812593035,0.4364010445201815,0.4418134005617485,0.0,0.4327419613127593,0.3506866134710042,0.3905237229363097,0.4529823663961799,0.4365668966969648,0.3601383624192297,0.5552834376763924,0.4293494806771175,0.4449145906404291,0.0,0.4450562270391434,0.421070487108497,0.4137761109399818,0.4140381866122875,0.4454615101285054,0.4100853595837156,0.441570426675941,0.4552179022862649,0.463298851507388,0.4473315243488914,0.0,0.5078695750556989,0.0,0.5338205883736924,0.5419994662173916,0.5075712273598906,0.0,0.0,0.0,0.0,0.5797163830534531,0.0,0.0,0.5231267940072291,0.53531847053928,0.5287871171739612,0.5636813580865498,0.0,0.5486170347388069,0.0,0.5266015522582583,0.5554935656943062,0.5082010970733527,0.0,0.0,0.0,0.5612774690031888,0.5046662857024087,0.5102472211928073,0.4943947302494081,0.5400923082734299,0.0,0.0,0.4982583125985033,0.5206510558511293,0.5149843775049264,0.509645168301567,0.5347885599846576,0.5390833024612983
0.0,0.4754748310418782,0.4527428318573028,0.2755982123705253,0.3786266278437338,0.4311026126325275,0.3628353606698729,0.447797808476621,0.455933163398128,0.3996820429370422,0.4572699083531163,0.3888096872758285,0.3848511124317832,0.2371270361498517,0.4332336308581406,0.4619057297504096,0.4145850774120592,0.4356479948364433,0.4696907493400528,0.3669849240270976,0.4673020211620654,0.4396347612062224,0.4473003273074941,0.4063134297918472,0.4298768537996963,0.4214333814138949,0.4450562270391434,0.0,0.3884814782528832,0.3390432584955919,0.3841645002534281,0.4163164028004849,0.3794998305486396,0.3907597910548699,0.3913573978489392,0.2765413862922097,0.2654935478032317,0.3782433865742174,0.4161351001071193,0.0,0.4033493378892979,0.4470501974219492,0.0,0.0,0.0,0.0,0.0,0.0,0.0,0.0,0.5002457353968718,0.0,0.4903895368628482,0.0,0.0,0.0,0.0,0.0,0.0,0.5283214918369484,0.0,0.0,0.0,0.0,0.5065753127770357,0.4849305151980536,0.0,0.5173782602735477,0.0,0.0,0.0,0.5085636285712934,0.5291971530923251,0.5057251397036491,0.0,0.0
0.0,0.443965927463835,0.0,0.0,0.4244300974259226,0.371460563992911,0.4425402309696739,0.4277332016856539,0.4373550005289687,0.0,0.0,0.0,0.4449773700302225,0.0,0.4335364335305997,0.4527823899516748,0.0,0.4609535103574367,0.0,0.3697327605615741,0.4386668609765107,0.4262902130972253,0.4357713482238861,0.0,0.4624590416741439,0.4261649448300392,0.421070487108497,0.3884814782528832,0.0,0.3655998253976892,0.3786427569643782,0.4462774269414571,0.3955436499919216,0.4239239494062373,0.457658287971701,0.5011679174511365,0.4662468163036584,0.0,0.487599783349176,0.0,0.5028385644805194,0.5371322409951305,0.0,0.0,0.0,0.0,0.4896699809797427,0.0,0.0,0.0,0.4930657444136048,0.0,0.5024437435684941,0.0,0.0,0.0,0.0,0.5299093927440028,0.0,0.49454054656028,0.0,0.0,0.0,0.0,0.4886439869236246,0.4863719297832966,0.4731406025382448,0.5109133499075381,0.0,0.0,0.4929096612892634,0.4944830675620716,0.4993481338464605,0.4862168272276214,0.0,0.514944567980261
0.0,0.0,0.0,0.0,0.0,0.4329795794917276,0.0,0.409212965116965,0.4530884938190193,0.0,0.0,0.0,0.3960920378924466,0.0,0.0,0.4437778712387608,0.0,0.0,0.0,0.3574731038844734,0.0,0.4279447970720522,0.4207371718526045,0.0,0.0,0.0,0.4137761109399818,0.3390432584955919,0.3655998253976892,0.0,0.3212411453590075,0.4058629119521673,0.0,0.3668244689354592,0.3995800568048441,0.0,0.0,0.0,0.0,0.0,0.0,0.0,0.0,0.0,0.0,0.0,0.0,0.0,0.0,0.0,0.0,0.0,0.0,0.0,0.0,0.0,0.0,0.0,0.0,0.0,0.0,0.0,0.0,0.0,0.0,0.0,0.0,0.5038022127005751,0.0,0.0,0.0,0.5007062028512222,0.0,0.0,0.0,0.0
0.3961234697554975,0.3860844427924675,0.467658673003898,0.0,0.4073563343018331,0.4430154445973998,0.4207399698157981,0.4684225836191374,0.4805401183196887,0.3356074733906324,0.5032726750283963,0.3472230849681954,0.4170173503910195,0.3856549271072089,0.4184720463108109,0.3840723929023772,0.3575759609164378,0.3837795348404852,0.4791534640546536,0.3766271600427316,0.4117325694062081,0.3853459485855797,0.4407012207839488,0.3728802010137653,0.3839263987450977,0.398842061041146,0.4140381866122875,0.3841645002534281,0.3786427569643782,0.3212411453590075,0.0,0.4337752201047001,0.3244496799702759,0.2638329979518406,0.2438790020913742,0.3767820044724329,0.3305243563777848,0.3327222711744886,0.4306399047492282,0.3905849863399072,0.4021399413742913,0.0,0.0,0.0,0.0,0.4619848651474812,0.4553774819033263,0.0,0.0,0.0,0.0,0.0,0.0,0.0,0.4265075829263962,0.0,0.4252643161841698,0.0,0.0,0.5298298121514387,0.4794871572198796,0.0,0.4531469801757307,0.0,0.471069832634531,0.4462210238211966,0.4633701889879881,0.525476025803251,0.4301599994202825,0.4419543429074089,0.4921769162551116,0.5089322171864311,0.0,0.4908012593759817,0.0,0.4630510606288949
0.432761383956209,0.4628013700650925,0.4367073753791435,0.327230674885143,0.4058234820895118,0.4374352163976107,0.4030325448915219,0.3804824125348394,0.4445850385779852,0.3949166835805503,0.4224278542035823,0.289151713070693,0.4072620114387026,0.2661823681156678,0.4492881946821954,0.4614463362381381,0.4151279972516601,0.4250080521191373,0.4397235995064046,0.4472238603090684,0.4438276033379292,0.4462297346196083,0.441297647893324,0.3981813170623059,0.4098577354297428,0.4373388356255751,0.4454615101285054,0.4163164028004849,0.4462774269414571,0.4058629119521673,0.4337752201047001,0.0,0.3356989087252771,0.3724955904023166,0.3671954993890124,0.2797488770906143,0.3453778666446621,0.2737246040989363,0.3265235215451069,0.2827025255286248,0.3484702013257905,0.3287158507663066,0.3734428526774568,0.3707701958875791,0.2542824967891124,0.4448626850166081,0.4746797350851824,0.0,0.0,0.0,0.5068827112752282,0.0,0.5169778174202958,0.4887502472343081,0.3599944894858562,0.4789141861529786,0.2596192678944792,0.5001889030720102,0.0,0.5153270372591585,0.45942080160881,0.0,0.4249570538152196,0.0,0.4975661723303533,0.5081405602671817,0.4903013713062764,0.5263112683878912,0.4162113315787267,0.4366452183956805,0.4757808957822698,0.5087845968044843,0.4884040704030065,0.5265713933201953,0.0,0.5015290188722205
0.346297467444594,0.3732775153691325,0.0,0.0,0.4383713991111961,0.3973532114591071,0.395532978146383,0.0,0.4579817828084067,0.3387024275580256,0.4772500862579142,0.2127578661578065,0.3867437183852343,0.0,0.4043958617228687,0.3876147007616446,0.3445161294213864,0.3532483238839533,0.0,0.3911815644043978,0.3816717372557751,0.3954857770697891,0.4082164455788335,0.2451089998589046,0.3194377451074687,0.3704926682228986,0.4100853595837156,0.3794998305486396,0.3955436499919216,0.0,0.3244496799702759,0.3356989087252771,0.0,0.2236163372766448,0.3584671896729871,0.2564719482303988,0.2808916564680537,0.1550902302733947,0.3031719315686708,0.281658623835407,0.3383190794464191,0.3747958898790385,0.0,0.0,0.2326092265161083,0.4087865123742966,0.4495567510627661,0.0,0.0,0.0,0.0,0.0,0.0,0.0,0.3748556509457035,0.0,0.3943448836379418,0.0,0.0,0.5109748665077738,0.4306039299209648,0.3880613237230375,0.4052550589200295,0.0,0.4889068166869578,0.4547818808155693,0.4837151704914655,0.4877745035019365,0.3761091478338029,0.4090575787572404,0.4405863323401093,0.46498973959386,0.0,0.4868176140570971,0.0,0.3971227311185692
0.3737559114246276,0.3875907294805616,0.4624206409887956,0.2679038890004995,0.4449542896396422,0.4571337358808592,0.4084475737783647,0.4687976363598932,0.4688248136827387,0.3221074716371987,0.4738877111211123,0.2450184842867906,0.400115898878021,0.2353429103675774,0.4343498210023797,0.3995306069127983,0.3783383461173225,0.3842090085701123,0.4691794236285413,0.4108050301297303,0.4051034211730508,0.4187820056994375,0.4568908707342023,0.3095402476697187,0.365220362094474,0.3936988295234042,0.441570426675941,0.3907597910548699,0.4239239494062373,0.3668244689354592,0.2638329979518406,0.3724955904023166,0.2236163372766448,0.0,0.1975424821623251,0.3407499792040095,0.2558639086739196,0.2160346323397811,0.3511487199082884,0.3250150919365667,0.3178649517799584,0.362954675183631,0.3756305985554839,0.0,0.2835794345078596,0.4398032136959674,0.4571421472925546,0.0,0.0,0.0,0.5104423483353678,0.0,0.5105953367408771,0.0,0.3874251552725893,0.0,0.3476441872740651,0.0,0.0,0.513058596640377,0.443691270700678,0.0,0.4224820228909204,0.0,0.5044840156443654,0.4734139048981398,0.4795256987031724,0.5340707471231879,0.4057363896180134,0.4366333933244135,0.4684815955036798,0.5303105205548907,0.4158013214425936,0.5021062252984791,0.0,0.4469062996652878
0.4326107802138546,0.4373245767415424,0.4596388441876339,0.3325608830083807,0.4147256928650104,0.4502545697988696,0.394145659996594,0.4624540363511307,0.4491017461045894,0.3786139454592245,0.4550636788837702,0.3036105348721741,0.4170893740075732,0.0,0.4900684491951056,0.4836134842882646,0.3875350135795165,0.4049628134208828,0.4539585853993316,0.4629353565954123,0.494590973268168,0.4836788034668563,0.4614639993798641,0.4204273494193762,0.3901849792265137,0.4411037264754442,0.4552179022862649,0.3913573978489392,0.457658287971701,0.3995800568048441,0.2438790020913742,0.3671954993890124,0.3584671896729871,0.1975424821623251,0.0,0.401090591455831,0.3241851381598372,0.2907095427805001,0.3207258434717548,0.3415104384550274,0.3546967133807416,0.3755011964721017,0.3752422343335341,0.3967284021730429,0.3264163498036409,0.0,0.5105618548851389,0.0,0.0,0.0,0.0,0.0,0.0,0.0,0.0,0.0,0.3431917336381472,0.0,0.0,0.5443595796510361,0.4696561815673573,0.0,0.4298154241900025,0.0,0.5154638390829277,0.5315348495575954,0.5196041827234522,0.5177405299118438,0.0,0.4495870315893109,0.4934107880428547,0.5130241415996456,0.0,0.5246835772117449,0.0,0.0
0.0,0.0,0.428831902580413,0.1928994591290108,0.2444691840732567,0.4433699798355757,0.3102723278916286,0.2946474847251843,0.4282611381617206,0.3245577187088842,0.3303452974514285,0.3592579694118705,0.355745951110678,0.2072701918177659,0.4941021785304922,0.0,0.0,0.0,0.4117017421942868,0.4982171864345906,0.0,0.5162961020671991,0.4332072130795004,0.4375640823715545,0.0,0.405860804866429,0.463298851507388,0.2765413862922097,0.5011679174511365,0.0,0.3767820044724329,0.2797488770906143,0.2564719482303988,0.3407499792040095,0.401090591455831,0.0,0.2504806951110069,0.2981852653935171,0.3110236143521628,0.0,0.3525707889938713,0.3439141050523924,0.3424572718010018,0.0,0.0,0.0,0.0,0.5004418431624132,0.0,0.0,0.5019347478424435,0.474605735995579,0.4110130973162418,0.4283303329174728,0.0,0.4422233428121226,0.2895457148930664,0.489713544456297,0.3821827853897326,0.0,0.0,0.0,0.0,0.4529434300449345,0.0,0.0,0.0,0.492316589573082,0.0,0.0,0.0,0.497418087119448,0.4847939872581092,0.0,0.0,0.0
0.0,0.0,0.4589887506817987,0.2109185448004908,0.2718564659095391,0.4474722453484717,0.3181264069950869,0.3697517657309027,0.4434494764378125,0.2626676555508937,0.4442628998846347,0.3388348323542812,0.3324504222200946,0.1861372487504089,0.0,0.0,0.0,0.0,0.4564571245691828,0.4677168786994929,0.0,0.4774807853874677,0.4397044730410278,0.0,0.0,0.0,0.4473315243488914,0.2654935478032317,0.4662468163036584,0.0,0.3305243563777848,0.3453778666446621,0.2808916564680537,0.2558639086739196,0.3241851381598372,0.2504806951110069,0.0,0.3328319749966945,0.2707668749929834,0.0,0.3299036522886485,0.3451366734253389,0.0,0.0,0.0,0.0,0.0,0.0,0.0,0.0,0.0,0.0,0.0,0.0,0.0,0.0,0.0,0.0,0.0,0.0,0.0,0.0,0.0,0.0,0.0,0.0,0.0,0.0,0.0,0.0,0.0,0.0,0.0,0.0,0.0,0.0
0.0,0.0,0.0,0.0,0.4609751889236543,0.0,0.418373887801444,0.0,0.4621389336481114,0.3110929819751727,0.4589771789119066,0.1933070308575401,0.3849054589061576,0.0,0.0,0.0,0.3358458971486531,0.0,0.0,0.0,0.0,0.0,0.0,0.2392678677440931,0.3212289397566716,0.3402672310384577,0.0,0.3782433865742174,0.0,0.0,0.3327222711744886,0.2737246040989363,0.1550902302733947,0.2160346323397811,0.2907095427805001,0.2981852653935171,0.3328319749966945,0.0,0.2690303213064128,0.2394615273830512,0.2954192525107471,0.3146868046389879,0.0,0.0,0.2452290848422906,0.0,0.0,0.0,0.0,0.0,0.0,0.0,0.0,0.0,0.3509640037212467,0.0,0.354654367573491,0.0,0.0,0.0,0.0,0.0,0.0,0.0,0.0,0.0,0.0,0.0,0.3122042433950718,0.0,0.3290014416140601,0.0,0.0,0.0,0.0,0.0
0.4383792331151314,0.4696803396511367,0.514809639758613,0.0,0.0,0.5017200210685806,0.0,0.5049095433127105,0.4814031982799981,0.4107255732102793,0.4549737438805862,0.3469009944655876,0.4383897622644736,0.0,0.5008577310038811,0.4663800092467367,0.0,0.46506814702872,0.4583560040292133,0.4905799833673195,0.4723222131102267,0.4816728944035718,0.5172229689654981,0.4016760888680284,0.438726253553402,0.4648525812727178,0.5078695750556989,0.4161351001071193,0.487599783349176,0.0,0.4306399047492282,0.3265235215451069,0.3031719315686708,0.3511487199082884,0.3207258434717548,0.3110236143521628,0.2707668749929834,0.2690303213064128,0.0,0.3260300134562496,0.3602739998216185,0.3729664662932174,0.3094095906652209,0.3544626420560345,0.2650296337946496,0.397937865671139,0.4071937645503991,0.4581588935147502,0.3090105540091323,0.3973858794954804,0.4496393908851178,0.4176460056971154,0.4023019689307458,0.4614663376798115,0.3585776245276016,0.4028473469164729,0.2732556868269471,0.4252727045264624,0.3025949824807606,0.4628203870783799,0.4227346727465886,0.4304543434391935,0.4214507309001013,0.4671460052428426,0.4542154312554773,0.4069235043387045,0.4403017523883222,0.4376884010407865,0.411110158021207,0.400556942099564,0.4159979657376002,0.4327839716101814,0.4048937570977174,0.4422229520358145,0.4299087962610424,0.4122094083540495
0.3873083970282058,0.4691726913855504,0.0,0.0,0.0,0.0,0.0,0.0,0.0,0.3628198869450169,0.0,0.3620930702385808,0.0,0.0,0.5113030837232406,0.449469454795741,0.3938154756776799,0.4416875527999513,0.0,0.4922332610927206,0.4485115290093782,0.4843053804863391,0.496799610190574,0.3585785933769849,0.4119156453963984,0.4544569216966964,0.0,0.0,0.0,0.0,0.3905849863399072,0.2827025255286248,0.281658623835407,0.3250150919365667,0.3415104384550274,0.0,0.0,0.2394615273830512,0.3260300134562496,0.0,0.2367639897393761,0.3588002727037514,0.2868123840050265,0.0,0.1746990295332189,0.3097103660976795,0.3493498028227331,0.0,0.0,0.0,0.4146893650433096,0.4016982691485643,0.4838203611954536,0.4704441393763515,0.3326782719123702,0.4532733592776249,0.2369628322171131,0.3996397882660779,0.0,0.4241451121634054,0.3685400196222042,0.3543146642951738,0.3474540300729662,0.0,0.4129723642142569,0.3541920894684293,0.3959559866450676,0.4198836805082464,0.2504829262574509,0.327787276921876,0.3550718620044702,0.4120738952939503,0.3706592751487325,0.4154961531545027,0.0,0.3234883710607092
0.4238733897534537,0.4835102465526054,0.0,0.0,0.0,0.5225858818525001,0.0,0.5127231443286271,0.0,0.3917387537136632,0.0,0.3711747372654173,0.0,0.0,0.4990205634999771,0.4593484009387242,0.4311305547407648,0.4563939055388513,0.0,0.4899713869054662,0.4636847730987719,0.489566324015852,0.5407713917292857,0.4038249342754327,0.4337445394778544,0.4631575885579117,0.5338205883736924,0.4033493378892979,0.5028385644805194,0.0,0.4021399413742913,0.3484702013257905,0.3383190794464191,0.3178649517799584,0.3546967133807416,0.3525707889938713,0.3299036522886485,0.2954192525107471,0.3602739998216185,0.2367639897393761,0.0,0.310713663007699,0.4504089838847177,0.3245316653397812,0.220997826629113,0.3480079952436729,0.3844346721806663,0.4802925720462282,0.2724452057463971,0.4375141412025218,0.4439331853829034,0.4121053783323133,0.4762176738160981,0.4688183246859534,0.3280510387540609,0.4520655490634265,0.2676345650602527,0.4310759688074826,0.3922389842959153,0.4584450534460875,0.4051031025057394,0.378082054521466,0.3687413876216316,0.4793703342005435,0.4290324696827471,0.4047023682416589,0.4278724270232368,0.4618353260122719,0.3395173758151688,0.365831422274585,0.3850850659054657,0.4361702607805083,0.3870141302223531,0.4230287413678805,0.400790977977684,0.2751144423779497
0.0,0.4999533116824495,0.0,0.0,0.0,0.5660624006011437,0.0,0.0,0.0,0.0,0.0,0.0,0.0,0.0,0.5333102484407827,0.473172260415001,0.0,0.4681707249638835,0.0,0.5064356700560012,0.5135590185616884,0.5173249253392208,0.53565800594705,0.0,0.4587720541243341,0.5087817285003575,0.5419994662173916,0.4470501974219492,0.5371322409951305,0.0,0.0,0.3287158507663066,0.3747958898790385,0.362954675183631,0.3755011964721017,0.3439141050523924,0.3451366734253389,0.3146868046389879,0.3729664662932174,0.3588002727037514,0.310713663007699,0.0,0.5102315438041655,0.4031663006141199,0.2505017530437369,0.4173533151146779,0.4534293899909653,0.4695325342339537,0.3905348000957875,0.4282325653167411,0.4725511812882553,0.4151979235507649,0.4841944731380629,0.467806294663019,0.3638059332669261,0.4468093855947853,0.3611626259985344,0.44592093693868,0.0,0.4956019123949248,0.4573284475052704,0.4326176277771165,0.415472160124345,0.4670080183136912,0.4761176239661593,0.4674029808783894,0.4816206698917557,0.4851494025938981,0.4609980566376587,0.3940827678133897,0.4366366517910975,0.4605132306642162,0.4210607633091812,0.4604192077311218,0.4172790024602389,0.2443705217066831
