0.0,0.3162688684975693,0.0,0.0,0.0,0.3291467058786069,0.0,0.3770550636469916,0.0,0.3178765294340916,0.0,0.3207958507954547,0.0,0.0,0.2955785719586314,0.3042395514166561,0.2702505061954016,0.2819827753842814,0.0,0.3345275335419589,0.3189260985489197,0.2992096341202283,0.36076960391864,0.3105509012825412,0.2893997292955763,0.2912439227020416,0.4215150293734085,0.3578727806363108,0.3406795584826221,0.0,0.2776047623427569,0.3091268227047258,0.2375148376390655,0.2609418670910178,0.2905959225957349,0.0,0.0,0.0,0.312502242558752,0.2805119762064907,0.2837687079189294,0.0,0.0,0.0,0.0,0.3373674063053533,0.3401551498523717,0.0,0.0,0.0,0.0,0.0,0.0,0.0,0.3227473055352119,0.0,0.0,0.0,0.0,0.0,0.3163480503653121,0.0,0.2971881674325025,0.0,0.0,0.0,0.3196837806513921,0.0,0.3459928274645445,0.2927931821004921,0.3453892051398125,0.0,0.0,0.0,0.0,0.0
0.3162688684975693,0.0,0.0,0.0,0.2934069445523982,0.3000168202065109,0.3280211368532033,0.3289102819309937,0.2781086791027011,0.0,0.0,0.0,0.326123833980782,0.0,0.2986427932737472,0.3016070356741681,0.0,0.2990712542855573,0.0,0.3162766810448519,0.2814220668345821,0.3026907088854889,0.3154847461844811,0.0,0.2736922572939554,0.3031444733956672,0.3067608286073035,0.3228435587028453,0.3162967243044077,0.0,0.2846892176015144,0.3030979487509131,0.2472717397319196,0.2683302264207931,0.2995821451179025,0.0,0.0,0.0,0.3183248166336522,0.3010799995240901,0.2996237014644133,0.3155626883689434,0.0,0.0,0.0,0.3434267668608526,0.3252155107397445,0.0,0.0,0.0,0.0,0.0,0.0,0.0,0.0,0.0,0.0,0.0,0.0,0.3136577775617889,0.3179524026243722,0.0,0.3016513124220963,0.0,0.3102154045534047,0.3366714172847841,0.3204537662425093,0.3557903278436163,0.0,0.3123665185676914,0.3478515870259148,0.3275357044571594,0.0,0.3127493200163158,0.0,0.3020986416848583
0.0,0.0,0.0,0.0,0.3316469653859448,0.2968355640734096,0.3478980338739452,0.3634084191034729,0.2625903756965487,0.3415190904628724,0.2996519688495251,0.0,0.357477833007128,0.3280420345743926,0.0,0.0,0.0,0.0,0.246226807478925,0.0,0.0,0.0,0.2480823521855415,0.0,0.0,0.0,0.2596290372576749,0.3720273918163457,0.0,0.0,0.3703254222418917,0.3522594404025984,0.0,0.3741413494872292,0.3463631722184885,0.3382019864608158,0.3435304563788989,0.0,0.3411336372649764,0.0,0.0,0.0,0.3530821036585935,0.0,0.0,0.0,0.0,0.4029167590164901,0.0,0.3852956519751869,0.4021727361528996,0.0,0.455581685164288,0.4239578199210099,0.0,0.41709757778162,0.0,0.0,0.3849786507164633,0.0,0.0,0.0,0.0,0.4380437378317285,0.0,0.0,0.0,0.4185509768240007,0.0,0.0,0.0,0.4490251158878235,0.0,0.0,0.0,0.0
0.0,0.0,0.0,0.0,0.2020530814202375,0.3048217813368718,0.2123971315593455,0.1901448520635033,0.3172139430392827,0.2711564612266063,0.2922570592133789,0.0,0.2303880466106221,0.1495639345329794,0.0,0.0,0.0,0.0,0.3075922716623001,0.0,0.0,0.0,0.3013214073257087,0.0,0.0,0.0,0.3040587100473436,0.1886029042621237,0.0,0.0,0.0,0.2021590489055183,0.0,0.1669654518554949,0.1709475946070622,0.113509462881644,0.121858068448071,0.0,0.0,0.0,0.0,0.0,0.0,0.0,0.0,0.0,0.0,0.0,0.0,0.0,0.0,0.0,0.0,0.0,0.0,0.0,0.0,0.0,0.0,0.0,0.0,0.0,0.0,0.0,0.0,0.0,0.0,0.0,0.0,0.0,0.0,0.0,0.0,0.0,0.0,0.0
0.0,0.2934069445523982,0.3316469653859448,0.2020530814202375,0.0,0.3052472444995394,0.2570456681726234,0.2895256150839331,0.2581799038828561,0.3681206584419563,0.2725650513472009,0.3017685884121371,0.2821557640671178,0.2063435444808199,0.0,0.0,0.0,0.0,0.3161001402661446,0.3181791557610619,0.0,0.3087732325740794,0.3170520303765989,0.0,0.284383400932286,0.0,0.3122665093474951,0.2595363598757603,0.3117876810855884,0.0,0.3311437174079186,0.2732224294141075,0.3040840764063461,0.3038990728716294,0.2807384312732222,0.1756193936564683,0.2248577560526794,0.2725511429071067,0.0,0.0,0.0,0.0,0.2889477108432613,0.0,0.0,0.0,0.0,0.3559945332511869,0.0,0.0,0.0,0.0,0.3439829023154003,0.3376936819071321,0.0,0.3297639124570201,0.0,0.0,0.0,0.0,0.0,0.0,0.0,0.0,0.0,0.0,0.0,0.3735108555593171,0.0,0.0,0.0,0.3597107391183917,0.0,0.0,0.0,0.0
0.3291467058786069,0.3000168202065109,0.2968355640734096,0.3048217813368718,0.3052472444995394,0.0,0.3209766125715911,0.3459196411454801,0.277249951100186,0.3764357599890353,0.3134190895044694,0.0,0.3082944362491214,0.3312776190254364,0.3121298914087729,0.3278294797191893,0.0,0.331702837410133,0.3248455795603869,0.3114694341115459,0.3202076028299804,0.3155455103117758,0.3276235152139565,0.0,0.2946849966103292,0.2989059651821376,0.3039346366984258,0.3050584561528578,0.2567094531306543,0.3213710811277953,0.335404173364229,0.3166499987346465,0.290286359287576,0.3312962286358917,0.3202284162438482,0.3254951933869068,0.323581002987821,0.0,0.3570588022392746,0.0,0.3735855452038246,0.363022859536605,0.346673487743953,0.0,0.0,0.0,0.0,0.4076992268699377,0.0,0.0,0.3747590189965206,0.3826546481444177,0.3975591554658476,0.4013619459001248,0.0,0.412450011515473,0.0,0.3786403180313486,0.0,0.2703774096874201,0.0,0.0,0.0,0.3955141933889813,0.3286595403589042,0.2782410708175253,0.0,0.3902689317459828,0.0,0.0,0.0,0.3855505507846707,0.3917444990966389,0.3767650987803422,0.0,0.372413449251727
0.0,0.3280211368532033,0.3478980338739452,0.2123971315593455,0.2570456681726234,0.3209766125715911,0.0,0.3181009581301456,0.3113253563243741,0.3260662252972814,0.3292468828193898,0.2776968895171083,0.2605850686125801,0.2496024669823257,0.0,0.3494267817137281,0.2949861023247033,0.3208265530929121,0.3443231534930132,0.3241832430067307,0.0,0.3276360072133995,0.3334949862672431,0.2848613564949481,0.311801150912892,0.3258628686311409,0.3325024856390506,0.254599575395485,0.3210380212826875,0.0,0.2923637085566248,0.2880141902340273,0.26714104211316,0.2652003143158446,0.2552187146722421,0.2287307616215066,0.2254755077144146,0.2611771076854664,0.0,0.0,0.0,0.0,0.0,0.0,0.0,0.0,0.0,0.0,0.0,0.0,0.3662335170078902,0.0,0.0,0.0,0.0,0.0,0.0,0.0,0.0,0.0,0.0,0.0,0.0,0.0,0.0,0.0,0.0,0.3796207812068219,0.0,0.0,0.0,0.3834354163409675,0.0,0.0,0.0,0.0
0.3770550636469916,0.3289102819309937,0.3634084191034729,0.1901448520635033,0.2895256150839331,0.3459196411454801,0.3181009581301456,0.0,0.3601464913334767,0.0,0.2712832639176087,0.0,0.3342269935453267,0.2685146395831413,0.0,0.3323631866046057,0.0,0.3234507208186501,0.321388755962317,0.0,0.3337580495619945,0.0,0.3163532656509834,0.389743880654909,0.3331777178206269,0.3591899986983774,0.3689736011551964,0.3372092061073206,0.306206614539557,0.3297501301422011,0.3340217296676593,0.2181514052894555,0.0,0.3268793979573487,0.3306882741962574,0.1682200633327076,0.2505084217547401,0.0,0.323757808216299,0.0,0.3411160140031422,0.0,0.3088965248105661,0.0,0.0,0.0,0.0,0.3706353145250779,0.0,0.3442624781148259,0.3368630899032918,0.3310711719603652,0.2674087921746689,0.3642217253570742,0.0,0.3606287812522535,0.0,0.3362502186907199,0.0,0.0,0.0,0.0,0.0,0.398262962819659,0.0,0.2459835662835715,0.0,0.3366964171984026,0.0,0.0,0.0,0.3569496795497081,0.3341209432877035,0.3277003821943369,0.0,0.3378396062472379
0.0,0.2781086791027011,0.2625903756965487,0.3172139430392827,0.2581799038828561,0.277249951100186,0.3113253563243741,0.3601464913334767,0.0,0.4292704079887207,0.2469368586660534,0.3176009528844524,0.3065244346631009,0.3278112133038336,0.0,0.0,0.0,0.0,0.2528691449089362,0.2947838599956082,0.0,0.2969397269944718,0.3378307033946812,0.0,0.0,0.0,0.2842972388740097,0.3445034368791231,0.2958444934256045,0.3100085628500056,0.3568412049226324,0.3284719876307109,0.3235523270227167,0.3506856513228737,0.3414552790631187,0.3490390128255941,0.3578118076838125,0.3468149120200998,0.3515635829127754,0.0,0.0,0.0,0.3491631377917423,0.0,0.0,0.0,0.0,0.4130863321510395,0.0,0.0,0.3818484583851323,0.0,0.4071837007185104,0.4048578419417885,0.0,0.3882805745825098,0.0,0.0,0.3835550909853459,0.0,0.0,0.0,0.0,0.3986338911790164,0.0,0.0,0.0,0.3983521837579813,0.0,0.0,0.0,0.3942050051502783,0.0,0.0,0.0,0.0
0.3178765294340916,0.0,0.3415190904628724,0.2711564612266063,0.3681206584419563,0.3764357599890353,0.3260662252972814,0.0,0.4292704079887207,0.0,0.3961428551577713,0.2222380798476499,0.3114583474532304,0.3057477644021622,0.0,0.2794096914232858,0.2454335938404497,0.2684289993766794,0.3752169644030779,0.0,0.0,0.0,0.3434010125718148,0.2624090487841083,0.2559392937852343,0.2870592889890838,0.3562491998418395,0.2885978584766767,0.0,0.0,0.2583077374887783,0.3013555877347131,0.2036783694354026,0.1761387500108251,0.1738954645798267,0.2915571215347234,0.2253191897249135,0.1735794917663174,0.3258651293042094,0.2272274890604019,0.2570962964361757,0.0,0.0,0.0,0.2371878870417141,0.0,0.0,0.0,0.0,0.0,0.0,0.0,0.0,0.0,0.3279313847163594,0.0,0.3410580249435168,0.0,0.0,0.0,0.0,0.2822856716251504,0.26809107157949,0.0,0.0,0.0,0.0,0.0,0.3537217055164837,0.2988781915471166,0.3463369869935843,0.0,0.0,0.0,0.0,0.2935827097762867
0.0,0.0,0.2996519688495251,0.2922570592133789,0.2725650513472009,0.3134190895044694,0.3292468828193898,0.2712832639176087,0.2469368586660534,0.3961428551577713,0.0,0.3226207596969522,0.3401113348811289,0.2180816627251103,0.0,0.0,0.0,0.0,0.2412715232128423,0.0,0.0,0.0,0.2842908852852969,0.0,0.0,0.0,0.3357544691084232,0.3451071435224647,0.0,0.0,0.3608495232237963,0.2588909676723472,0.3255065785239059,0.3507464351353378,0.3259264086342167,0.2263327794286156,0.3504393943065066,0.3338476078490849,0.2966524383819411,0.0,0.0,0.0,0.3008306244023981,0.0,0.0,0.0,0.0,0.3317949531566938,0.0,0.3238278496681331,0.3598717969302383,0.2746692786105459,0.3618563442068486,0.3439353450879021,0.0,0.3379990069261835,0.0,0.2982821022057817,0.3326902488058241,0.0,0.0,0.0,0.0,0.2002835157814244,0.0,0.0,0.0,0.397946666467317,0.0,0.0,0.0,0.3898064745554449,0.0,0.0,0.0,0.0
0.3207958507954547,0.0,0.0,0.0,0.3017685884121371,0.0,0.2776968895171083,0.0,0.3176009528844524,0.2222380798476499,0.3226207596969522,0.0,0.3477151271556646,0.0,0.0,0.0,0.2731929780871657,0.2631881228700591,0.0,0.0,0.0,0.0,0.0,0.2369604105570479,0.2599002177892935,0.226649750412815,0.0,0.247328522759083,0.0,0.0,0.2564327439747603,0.1724889943391203,0.1458765102133002,0.1309729238235163,0.1532447716796318,0.2320895951383466,0.2197905251348972,0.1281756858496112,0.0,0.2278658274279016,0.3123189994245359,0.0,0.0,0.0,0.2044715158302959,0.0,0.0,0.0,0.0,0.0,0.0,0.0,0.0,0.0,0.3539263943203733,0.0,0.358526770511203,0.0,0.0,0.0,0.0,0.3168108206619393,0.2854034600771967,0.0,0.0,0.0,0.0,0.0,0.4022326192037548,0.3161974121343474,0.3518884110030399,0.0,0.0,0.0,0.0,0.0
0.0,0.326123833980782,0.357477833007128,0.2303880466106221,0.2821557640671178,0.3082944362491214,0.2605850686125801,0.3342269935453267,0.3065244346631009,0.3114583474532304,0.3401113348811289,0.3477151271556646,0.0,0.2748954176672756,0.3172655236433379,0.3432100664802572,0.3478879147555935,0.357801571535315,0.3476971399753344,0.3326679782363799,0.3325361877906232,0.337359805695022,0.3389763201526898,0.3820241056075676,0.3136266085410137,0.322004510481116,0.336457411237803,0.271351433586292,0.3150831207062579,0.2878620152368791,0.3044173765320968,0.2990720561267321,0.2914714251122317,0.3028635573686589,0.2811463788064304,0.2464517382874928,0.2594383831300754,0.297412397229353,0.3919495918683047,0.0,0.0,0.0,0.2767140894809526,0.0,0.0,0.0,0.0,0.3829633592775029,0.0,0.0,0.4404744517762204,0.0,0.0,0.0,0.0,0.0,0.0,0.0,0.0,0.0,0.0,0.0,0.0,0.0,0.0,0.0,0.0,0.3806624598727595,0.0,0.0,0.0,0.3910898308754984,0.0,0.4162834690475066,0.0,0.0
0.0,0.0,0.3280420345743926,0.1495639345329794,0.2063435444808199,0.3312776190254364,0.2496024669823257,0.2685146395831413,0.3278112133038336,0.3057477644021622,0.2180816627251103,0.0,0.2748954176672756,0.0,0.0,0.0,0.0,0.0,0.2984052544442264,0.0,0.357964045517664,0.0,0.3113765153748005,0.0,0.0,0.0,0.3487074733212694,0.1822039212019139,0.0,0.0,0.3149024314592418,0.1467658193096281,0.0,0.2905502561219977,0.0,0.1246599279852795,0.1156029926804106,0.0,0.0,0.0,0.0,0.0,0.0,0.0,0.0,0.0,0.0,0.0,0.0,0.0,0.0,0.0,0.0,0.0,0.0,0.0,0.0,0.0,0.0,0.0,0.0,0.0,0.0,0.0,0.0,0.0,0.0,0.2879747651596693,0.0,0.0,0.0,0.0,0.0,0.0,0.0,0.0
0.2955785719586314,0.2986427932737472,0.0,0.0,0.0,0.3121298914087729,0.0,0.0,0.0,0.0,0.0,0.0,0.3172655236433379,0.0,0.0,0.3004768515537948,0.0,0.2921926452568841,0.0,0.2660463183806104,0.289549675409444,0.2766909284159283,0.3024886808114773,0.3235381916536524,0.2771410366274505,0.310244781262727,0.3194747179145876,0.3184815699366295,0.2986664420068207,0.0,0.2983026571709106,0.3177439233950941,0.2860659443596259,0.3135020266232529,0.3380695642334091,0.366425304742666,0.0,0.0,0.3422268715853236,0.3240090408458305,0.3494632818950314,0.3608082367369487,0.0,0.0,0.0,0.0,0.3576287672184206,0.0,0.0,0.0,0.3069907620909625,0.0,0.3440094254845362,0.0,0.0,0.0,0.0,0.0,0.0,0.3131383156423876,0.3512342452904523,0.0,0.0,0.0,0.326490884128569,0.3336262042057474,0.347559369686942,0.3322814403724283,0.0,0.0,0.3936298536319765,0.3305170831332761,0.3449437131269274,0.3203237499784094,0.0,0.339022953825788
0.3042395514166561,0.3016070356741681,0.0,0.0,0.0,0.3278294797191893,0.3494267817137281,0.3323631866046057,0.0,0.2794096914232858,0.0,0.0,0.3432100664802572,0.0,0.3004768515537948,0.0,0.2849679834473654,0.2520871327063471,0.0,0.3220691448649969,0.2909521999209903,0.3075824118416744,0.3133549871639625,0.2876032380723631,0.3041775677370203,0.3077575798352081,0.3205768328492681,0.3634554894832173,0.3336496740499138,0.3331878256430307,0.2840148416310244,0.3206171412324985,0.2600883452399107,0.2844260312528822,0.3173430375561673,0.0,0.0,0.0,0.3106510226099077,0.2950125236491344,0.2917793234151476,0.3012254644451841,0.0,0.0,0.0,0.3368098313864305,0.3230772896981458,0.0,0.0,0.0,0.0,0.0,0.0,0.0,0.0,0.0,0.0,0.0,0.0,0.3643203168916993,0.3107478654051057,0.0,0.2889806253995815,0.0,0.2837274458079726,0.3268079169654578,0.3152467325639174,0.0,0.0,0.3025835890219084,0.3437213473563213,0.0,0.0,0.0,0.0,0.2977496565110533
0.2702505061954016,0.0,0.0,0.0,0.0,0.0,0.2949861023247033,0.0,0.0,0.2454335938404497,0.0,0.2731929780871657,0.3478879147555935,0.0,0.0,0.2849679834473654,0.0,0.2462876446596477,0.0,0.2801368157027205,0.0,0.2768267734353381,0.0,0.2855403861251071,0.2356671334562353,0.282719521763273,0.0,0.3107937990105366,0.0,0.0,0.2715615658155634,0.3091399857053133,0.24592794278805,0.2545588711079043,0.2554556404643325,0.0,0.0,0.2088789036532171,0.0,0.2441226501850031,0.2390834694329057,0.0,0.0,0.0,0.0,0.0,0.0,0.0,0.0,0.0,0.0,0.0,0.0,0.0,0.3146932284461497,0.0,0.3269892963299484,0.0,0.0,0.0,0.0,0.2748356442522557,0.2572284491015316,0.0,0.0,0.0,0.0,0.0,0.349185722230215,0.285016654316982,0.3180858213489557,0.0,0.0,0.0,0.0,0.0
0.2819827753842814,0.2990712542855573,0.0,0.0,0.0,0.331702837410133,0.3208265530929121,0.3234507208186501,0.0,0.2684289993766794,0.0,0.2631881228700591,0.357801571535315,0.0,0.2921926452568841,0.2520871327063471,0.2462876446596477,0.0,0.0,0.3167319362501827,0.2827162464282566,0.3073734985670102,0.3074533712322781,0.2695713758626287,0.2732152642429351,0.283537418544571,0.3211364893266449,0.3527321616666426,0.3249679824649676,0.0,0.2824216163746678,0.3180607291871082,0.2346826164815446,0.2610765064640806,0.2673816022180418,0.0,0.0,0.0,0.2916377832906399,0.2594832191262561,0.2712655475207012,0.0,0.0,0.0,0.0,0.3355058084140346,0.2989750935952675,0.0,0.0,0.0,0.0,0.0,0.0,0.0,0.2937841764044142,0.0,0.3112550098376381,0.0,0.0,0.0,0.2852497008087976,0.2813207409416881,0.2738864194752993,0.0,0.0,0.0,0.2953938559779084,0.0,0.3413274917086745,0.2790268646702539,0.315093100252765,0.0,0.0,0.0,0.0,0.2817686462761024
0.0,0.0,0.246226807478925,0.3075922716623001,0.3161001402661446,0.3248455795603869,0.3443231534930132,0.321388755962317,0.2528691449089362,0.3752169644030779,0.2412715232128423,0.0,0.3476971399753344,0.2984052544442264,0.0,0.0,0.0,0.0,0.0,0.0,0.0,0.0,0.2301241491312028,0.0,0.0,0.0,0.3105838668440639,0.3434332041559395,0.0,0.0,0.382101975663752,0.3230197361449138,0.0,0.3816931174641548,0.3395394695055804,0.3237453700269412,0.3448850626260503,0.0,0.3746913534175705,0.0,0.0,0.0,0.3212993073214652,0.0,0.0,0.0,0.0,0.3800501701215921,0.0,0.0,0.375946289506582,0.0,0.3953052922856604,0.3924035766118459,0.0,0.3643699550817114,0.0,0.0,0.3519920009859774,0.0,0.0,0.0,0.0,0.3091395621963493,0.0,0.0,0.0,0.391306217100922,0.0,0.0,0.0,0.3911866013746269,0.0,0.0,0.0,0.0
0.3345275335419589,0.3162766810448519,0.0,0.0,0.3181791557610619,0.3114694341115459,0.3241832430067307,0.0,0.2947838599956082,0.0,0.0,0.0,0.3326679782363799,0.0,0.2660463183806104,0.3220691448649969,0.2801368157027205,0.3167319362501827,0.0,0.0,0.3165141602031285,0.2968480268305762,0.3003351012925057,0.0,0.3098647990518542,0.3376688919543273,0.2702287001468145,0.3113553480588111,0.2590343399225719,0.2993889366393598,0.2897160507511889,0.3280793771080848,0.3080378609230198,0.3189351889206118,0.3342192530620892,0.3580172069118878,0.0,0.0,0.3614736024987439,0.3112382772353929,0.4255678271677819,0.3644199059592194,0.0,0.0,0.0,0.0,0.3263469183774415,0.0,0.0,0.0,0.3480379330656329,0.0,0.3771348513036823,0.0,0.0,0.0,0.0,0.0,0.0,0.3356365414447408,0.0,0.0,0.0,0.0,0.3596048142950565,0.3460908221662747,0.3365394527963692,0.38911505731518,0.0,0.0,0.3584594254779991,0.3657950364169055,0.3789739685714164,0.3925151324125566,0.0,0.3823491783984433
0.3189260985489197,0.2814220668345821,0.0,0.0,0.0,0.3202076028299804,0.0,0.3337580495619945,0.0,0.0,0.0,0.0,0.3325361877906232,0.357964045517664,0.289549675409444,0.2909521999209903,0.0,0.2827162464282566,0.0,0.3165141602031285,0.0,0.3065802928744758,0.3220894836158925,0.3805806616065306,0.2805909429299473,0.3093844987114827,0.3428266169997532,0.3395328243893037,0.3186919504629559,0.321856935297985,0.2882234343542406,0.3113057549399148,0.261466784305321,0.2899265586434172,0.3386411630612509,0.0,0.0,0.0,0.3256518202294615,0.2876439357455826,0.3238593840826617,0.3365038298458438,0.0,0.0,0.0,0.3733780905853768,0.3567285601704939,0.0,0.0,0.0,0.2902474796950236,0.0,0.3135766840843135,0.0,0.0,0.0,0.0,0.0,0.0,0.2923518119510992,0.3600918573666387,0.0,0.0,0.0,0.3122122192570583,0.2867279802253256,0.3280225853422385,0.3182230533955413,0.0,0.3028306954080513,0.3755504242277781,0.3265085584053408,0.3356782564704971,0.3134914304992579,0.0,0.3548248694561688
0.2992096341202283,0.3026907088854889,0.0,0.0,0.3087732325740794,0.3155455103117758,0.3276360072133995,0.0,0.2969397269944718,0.0,0.0,0.0,0.337359805695022,0.0,0.2766909284159283,0.3075824118416744,0.2768267734353381,0.3073734985670102,0.0,0.2968480268305762,0.3065802928744758,0.0,0.3300385110233195,0.0,0.3108684041085775,0.3023926274730597,0.3208229516928735,0.3240002932969715,0.3070594747460805,0.3048341326535382,0.2853062698766855,0.3193117550703955,0.2907326703623171,0.3027546683641077,0.3370640510617601,0.3657650901363278,0.3163463696107197,0.0,0.3389506502064113,0.3223770552733435,0.3248745237120349,0.3477901091388452,0.0,0.0,0.0,0.353861926288243,0.3293366369170533,0.0,0.0,0.0,0.3074664512876567,0.0,0.0,0.0,0.0,0.0,0.0,0.0,0.0,0.3362360592325099,0.3318539484704501,0.0,0.3054187351574555,0.0,0.3336964446024836,0.342674728270004,0.3427438369312716,0.3353785317518196,0.0,0.3124026741917879,0.359058652644757,0.3321749140367068,0.0,0.3267791312283317,0.0,0.310248551440887
0.36076960391864,0.3154847461844811,0.2480823521855415,0.3013214073257087,0.3170520303765989,0.3276235152139565,0.3334949862672431,0.3163532656509834,0.3378307033946812,0.3434010125718148,0.2842908852852969,0.0,0.3389763201526898,0.3113765153748005,0.3024886808114773,0.3133549871639625,0.0,0.3074533712322781,0.2301241491312028,0.3003351012925057,0.3220894836158925,0.3300385110233195,0.0,0.4096065150085293,0.2940519472614282,0.3441420858063307,0.2992791211799507,0.3445999559599196,0.3289018537481915,0.3475761698534604,0.3381046313907916,0.3312328962289479,0.3098921168418825,0.3428848762496194,0.3671566256036165,0.3208784121040446,0.3470279267095963,0.0,0.3835018734535435,0.3814397685827639,0.387053929748207,0.3867066200483757,0.3577198318138865,0.0,0.0,0.0,0.3655353128241354,0.4127626752779654,0.0,0.4081040614396248,0.3817503287498308,0.3873919739883066,0.394750420978696,0.4004426574447742,0.0,0.4125306042317906,0.0,0.384954903509038,0.3733115723434653,0.3514799904800615,0.0,0.0,0.0,0.3932090290202937,0.3806510548628424,0.3659274460299373,0.3682320178988867,0.388987365277446,0.0,0.0,0.3957567670560324,0.396711117096861,0.3877411008954742,0.3850502161623882,0.3933373959310101,0.3940198683002119
0.3105509012825412,0.0,0.0,0.0,0.0,0.0,0.2848613564949481,0.389743880654909,0.0,0.2624090487841083,0.0,0.2369604105570479,0.3820241056075676,0.0,0.3235381916536524,0.2876032380723631,0.2855403861251071,0.2695713758626287,0.0,0.0,0.3805806616065306,0.0,0.4096065150085293,0.0,0.2856033711497203,0.2834817126931153,0.3873076101884262,0.2742075936539473,0.0,0.0,0.2602705987551074,0.2188352501472331,0.1455392709078176,0.179368507853621,0.182100684708882,0.2943961868014169,0.0,0.1202314406417666,0.2970083482639697,0.2135283389031502,0.2587580446783354,0.0,0.0,0.0,0.1606239829742964,0.3499070850206064,0.0,0.0,0.0,0.0,0.0,0.0,0.0,0.0,0.3158754836848549,0.0,0.3159214495543876,0.0,0.0,0.0,0.3075979157825251,0.3116585370150264,0.3096902530483281,0.0,0.0,0.0,0.0,0.0,0.3729918012147437,0.3106409150746512,0.3568621098658043,0.0,0.0,0.0,0.0,0.3040849752234181
0.2893997292955763,0.2736922572939554,0.0,0.0,0.284383400932286,0.2946849966103292,0.311801150912892,0.3331777178206269,0.0,0.2559392937852343,0.0,0.2599002177892935,0.3136266085410137,0.0,0.2771410366274505,0.3041775677370203,0.2356671334562353,0.2732152642429351,0.0,0.3098647990518542,0.2805909429299473,0.3108684041085775,0.2940519472614282,0.2856033711497203,0.0,0.2722972247411147,0.2956806406135047,0.3097933280754795,0.3105371138386323,0.0,0.2848353108858572,0.3033495128066755,0.2269164794908312,0.2514197806357022,0.2672640056833952,0.0,0.0,0.1766158610404709,0.2917223482987669,0.2579499573655748,0.275052614926366,0.2896933102670418,0.0,0.0,0.0,0.3253047447734901,0.3071283125727051,0.0,0.0,0.0,0.0,0.0,0.0,0.0,0.3145261620473465,0.0,0.3264891327661308,0.0,0.0,0.0,0.2906187628671851,0.2894188865501413,0.2724304508824673,0.0,0.2757478599117843,0.2886212075651337,0.296028837284499,0.0,0.3346033256880359,0.282263930323422,0.3195693723041738,0.0,0.0,0.0,0.0,0.2865661884873625
0.2912439227020416,0.3031444733956672,0.0,0.0,0.0,0.2989059651821376,0.3258628686311409,0.3591899986983774,0.0,0.2870592889890838,0.0,0.226649750412815,0.322004510481116,0.0,0.310244781262727,0.3077575798352081,0.282719521763273,0.283537418544571,0.0,0.3376688919543273,0.3093844987114827,0.3023926274730597,0.3441420858063307,0.2834817126931153,0.2722972247411147,0.0,0.3519149379831414,0.3367098913006853,0.3141303618358011,0.0,0.2892380088531422,0.3098500745290045,0.2498945137665464,0.2685385627368536,0.29727589135292,0.3208419045368357,0.0,0.2193170733204255,0.3266840873651913,0.2973017027845467,0.3037944109291696,0.3259370328094343,0.0,0.0,0.0,0.3511173702468423,0.3415286381801094,0.0,0.0,0.0,0.0,0.0,0.0,0.0,0.3515310265006985,0.0,0.3734197211647431,0.0,0.0,0.3499586645707043,0.3184364279700631,0.3266673281525081,0.3052061150231095,0.0,0.3305324928061222,0.3731353408869101,0.3527232720193441,0.3424275683534773,0.371521033134765,0.3114427590452401,0.3475998456443321,0.3520266717638277,0.0,0.3285983704283457,0.0,0.3128430527413766
0.4215150293734085,0.3067608286073035,0.2596290372576749,0.3040587100473436,0.3122665093474951,0.3039346366984258,0.3325024856390506,0.3689736011551964,0.2842972388740097,0.3562491998418395,0.3357544691084232,0.0,0.336457411237803,0.3487074733212694,0.3194747179145876,0.3205768328492681,0.0,0.3211364893266449,0.3105838668440639,0.2702287001468145,0.3428266169997532,0.3208229516928735,0.2992791211799507,0.3873076101884262,0.2956806406135047,0.3519149379831414,0.0,0.3376031786446433,0.2848148389525125,0.3253727396199377,0.3195619159558938,0.3244081757944907,0.2978445540485459,0.3295554617968416,0.3257099508842578,0.3463182244843887,0.3273045779673145,0.0,0.3791592285555896,0.0,0.3905280548466804,0.3847371371564839,0.3516069910379962,0.0,0.0,0.0,0.3067898418324107,0.418927007357865,0.0,0.0,0.3843540634644544,0.3963812899124078,0.4115569021924971,0.408698436376598,0.0,0.4005915968211831,0.0,0.4243670605602285,0.3670470302481876,0.3485273559198574,0.0,0.0,0.0,0.3832299960829561,0.3757888702145834,0.3613395107280848,0.3889047958656733,0.3984997887947019,0.0,0.0,0.370073843887267,0.3929446963360879,0.4176034362866409,0.3899498026421665,0.3803436001345311,0.3920216688903379
0.3578727806363108,0.3228435587028453,0.3720273918163457,0.1886029042621237,0.2595363598757603,0.3050584561528578,0.254599575395485,0.3372092061073206,0.3445034368791231,0.2885978584766767,0.3451071435224647,0.247328522759083,0.271351433586292,0.1822039212019139,0.3184815699366295,0.3634554894832173,0.3107937990105366,0.3527321616666426,0.3434332041559395,0.3113553480588111,0.3395328243893037,0.3240002932969715,0.3445999559599196,0.2742075936539473,0.3097933280754795,0.3367098913006853,0.3376031786446433,0.0,0.2714975978024732,0.2678201878316533,0.2921429365810828,0.2910490069341551,0.3006184370825034,0.2443721975126898,0.1955766566809686,0.1852111062561454,0.1962166305827745,0.2229898093818216,0.3714583001740583,0.0,0.3886904084618098,0.0,0.2754937248757237,0.0,0.0,0.0,0.0,0.0,0.0,0.0,0.4101803115278312,0.0,0.3916362994405385,0.0,0.0,0.0,0.0,0.0,0.0,0.315345140458824,0.0,0.0,0.0,0.0,0.3634558720057032,0.333777312654558,0.0,0.3813516619091067,0.0,0.0,0.0,0.3810326971438776,0.4056892715959466,0.4021489520882821,0.0,0.4059853109502285
0.3406795584826221,0.3162967243044077,0.0,0.0,0.3117876810855884,0.2567094531306543,0.3210380212826875,0.306206614539557,0.2958444934256045,0.0,0.0,0.0,0.3150831207062579,0.0,0.2986664420068207,0.3336496740499138,0.0,0.3249679824649676,0.0,0.2590343399225719,0.3186919504629559,0.3070594747460805,0.3289018537481915,0.0,0.3105371138386323,0.3141303618358011,0.2848148389525125,0.2714975978024732,0.0,0.2828856613392889,0.2855565589702376,0.3075890331425213,0.2848795170531945,0.3092012434686461,0.3172483910319898,0.2998764928447445,0.3222683421635608,0.0,0.3667006195000755,0.0,0.3830609632143422,0.3643093903380063,0.0,0.0,0.0,0.0,0.3171086110268289,0.0,0.0,0.0,0.3683687137816346,0.0,0.3608093712244474,0.0,0.0,0.0,0.0,0.358275334631166,0.0,0.3346184969852027,0.0,0.0,0.0,0.0,0.3740060690881607,0.329988489013759,0.3112421583228513,0.3691571066614543,0.0,0.0,0.348928688015106,0.3695051127199347,0.3955890302317573,0.3698610904035229,0.0,0.3916006016388066
0.0,0.0,0.0,0.0,0.0,0.3213710811277953,0.0,0.3297501301422011,0.3100085628500056,0.0,0.0,0.0,0.2878620152368791,0.0,0.0,0.3331878256430307,0.0,0.0,0.0,0.2993889366393598,0.321856935297985,0.3048341326535382,0.3475761698534604,0.0,0.0,0.0,0.3253727396199377,0.2678201878316533,0.2828856613392889,0.0,0.2839574148339975,0.2862501172141855,0.0,0.2927537353232248,0.3040901371903343,0.0,0.0,0.0,0.3792684429026806,0.0,0.0,0.0,0.0,0.0,0.0,0.0,0.0,0.0,0.0,0.0,0.0,0.0,0.0,0.0,0.0,0.0,0.0,0.0,0.0,0.0,0.0,0.0,0.0,0.0,0.0,0.0,0.0,0.3768660721346929,0.0,0.0,0.0,0.3849713474266489,0.0,0.0,0.0,0.0
0.2776047623427569,0.2846892176015144,0.3703254222418917,0.0,0.3311437174079186,0.335404173364229,0.2923637085566248,0.3340217296676593,0.3568412049226324,0.2583077374887783,0.3608495232237963,0.2564327439747603,0.3044173765320968,0.3149024314592418,0.2983026571709106,0.2840148416310244,0.2715615658155634,0.2824216163746678,0.382101975663752,0.2897160507511889,0.2882234343542406,0.2853062698766855,0.3381046313907916,0.2602705987551074,0.2848353108858572,0.2892380088531422,0.3195619159558938,0.2921429365810828,0.2855565589702376,0.2839574148339975,0.0,0.2930920486623632,0.258306296043175,0.1949797230650252,0.1832223847204099,0.2852904847140314,0.2475633987637916,0.1911500862830788,0.3391496270778967,0.2825235511056387,0.2889346199602839,0.0,0.0,0.0,0.0,0.335533502886141,0.3074846410728279,0.0,0.0,0.0,0.3979181193632727,0.0,0.0,0.0,0.3003212733489484,0.0,0.3193243917993149,0.0,0.0,0.3307874950395141,0.2956658142851572,0.0,0.2746829391063621,0.0,0.3388185588260632,0.3255831060746517,0.3328725629462057,0.377802032119642,0.0,0.2834157947958527,0.327551241922783,0.3788206072929973,0.3940164419376266,0.416046646282157,0.0,0.2560815925079288
0.3091268227047258,0.3030979487509131,0.3522594404025984,0.2021590489055183,0.2732224294141075,0.3166499987346465,0.2880141902340273,0.2181514052894555,0.3284719876307109,0.3013555877347131,0.2588909676723472,0.1724889943391203,0.2990720561267321,0.1467658193096281,0.3177439233950941,0.3206171412324985,0.3091399857053133,0.3180607291871082,0.3230197361449138,0.3280793771080848,0.3113057549399148,0.3193117550703955,0.3312328962289479,0.2188352501472331,0.3033495128066755,0.3098500745290045,0.3244081757944907,0.2910490069341551,0.3075890331425213,0.2862501172141855,0.2930920486623632,0.0,0.256472620355449,0.2491901115173319,0.2528247591677143,0.1932247302662936,0.2334452105258155,0.2019169276071514,0.2677787268136158,0.2509437874237418,0.2723158451703288,0.2322020744239384,0.2695401166168514,0.0,0.0,0.3572952265830029,0.3296396417057015,0.3468244951574446,0.0,0.0,0.3410812922436104,0.0,0.3444001266647378,0.0,0.3047268317340216,0.0,0.0,0.3890630671129222,0.0,0.3233998106223134,0.327143191824482,0.0,0.2967009748737609,0.0,0.3362981804979893,0.3276189669692675,0.3399937946845174,0.3590367765039738,0.0,0.3051793332463219,0.3510753704949869,0.3528498737051493,0.3756864118689184,0.344880405540744,0.0,0.3467840752050591
0.2375148376390655,0.2472717397319196,0.0,0.0,0.3040840764063461,0.290286359287576,0.26714104211316,0.0,0.3235523270227167,0.2036783694354026,0.3255065785239059,0.1458765102133002,0.2914714251122317,0.0,0.2860659443596259,0.2600883452399107,0.24592794278805,0.2346826164815446,0.0,0.3080378609230198,0.261466784305321,0.2907326703623171,0.3098921168418825,0.1455392709078176,0.2269164794908312,0.2498945137665464,0.2978445540485459,0.3006184370825034,0.2848795170531945,0.0,0.258306296043175,0.256472620355449,0.0,0.1713294877390761,0.2423408193657921,0.280569872631974,0.2255467117500532,0.126048645434334,0.2544464706054996,0.1458815921306437,0.2124573798650699,0.198961174137679,0.0,0.0,0.1693422929536474,0.3267883939482526,0.3082368046429104,0.0,0.0,0.0,0.0,0.0,0.0,0.0,0.2544005567121445,0.0,0.263738588993661,0.0,0.0,0.3136123311737718,0.2847944996422761,0.2170412857777094,0.2327343504461333,0.0,0.301258024614818,0.3206377283243559,0.3330277520968174,0.3045133660332061,0.2585942686137384,0.2443949731396199,0.3083529414327382,0.3271076732622284,0.0,0.2952251972364483,0.0,0.2597847597294334
0.2609418670910178,0.2683302264207931,0.3741413494872292,0.1669654518554949,0.3038990728716294,0.3312962286358917,0.2652003143158446,0.3268793979573487,0.3506856513228737,0.1761387500108251,0.3507464351353378,0.1309729238235163,0.3028635573686589,0.2905502561219977,0.3135020266232529,0.2844260312528822,0.2545588711079043,0.2610765064640806,0.3816931174641548,0.3189351889206118,0.2899265586434172,0.3027546683641077,0.3428848762496194,0.179368507853621,0.2514197806357022,0.2685385627368536,0.3295554617968416,0.2443721975126898,0.3092012434686461,0.2927537353232248,0.1949797230650252,0.2491901115173319,0.1713294877390761,0.0,0.1650651343973403,0.2296726279023714,0.1625520500714956,0.1238450289217202,0.2613975283215698,0.1924042651141362,0.2234401849575659,0.2250722758010071,0.1916953811394605,0.0,0.2120153855633672,0.3268258132081525,0.3092980299488725,0.0,0.0,0.0,0.3793875146073945,0.0,0.3529586567112632,0.0,0.2746930960439934,0.0,0.2838809606804511,0.0,0.0,0.3318037431495721,0.2888758497591204,0.0,0.2669591410092247,0.0,0.331020980480482,0.3180769903244233,0.3379239165803741,0.3781622920491282,0.2684352403214118,0.2653404141119793,0.3209073102232087,0.3716128887895342,0.4011966478432114,0.3647009061736889,0.0,0.2752002945014559
0.2905959225957349,0.2995821451179025,0.3463631722184885,0.1709475946070622,0.2807384312732222,0.3202284162438482,0.2552187146722421,0.3306882741962574,0.3414552790631187,0.1738954645798267,0.3259264086342167,0.1532447716796318,0.2811463788064304,0.0,0.3380695642334091,0.3173430375561673,0.2554556404643325,0.2673816022180418,0.3395394695055804,0.3342192530620892,0.3386411630612509,0.3370640510617601,0.3671566256036165,0.182100684708882,0.2672640056833952,0.29727589135292,0.3257099508842578,0.1955766566809686,0.3172483910319898,0.3040901371903343,0.1832223847204099,0.2528247591677143,0.2423408193657921,0.1650651343973403,0.0,0.2589586903562428,0.1868324003624025,0.1652612414545802,0.236277064060999,0.2655015298468675,0.2208788106532994,0.2308588894087283,0.2054526051408916,0.0,0.0,0.0,0.3299830662955847,0.0,0.0,0.0,0.0,0.0,0.0,0.0,0.0,0.0,0.2671615581078992,0.0,0.0,0.3441162183372113,0.298027509290475,0.0,0.2596537717794936,0.0,0.3388108914414011,0.3466343580372683,0.355360941270918,0.3766781089564784,0.0,0.2698290167995519,0.343193581995628,0.3662608962545026,0.0,0.3467410309225303,0.0,0.0
0.0,0.0,0.3382019864608158,0.113509462881644,0.1756193936564683,0.3254951933869068,0.2287307616215066,0.1682200633327076,0.3490390128255941,0.2915571215347234,0.2263327794286156,0.2320895951383466,0.2464517382874928,0.1246599279852795,0.366425304742666,0.0,0.0,0.0,0.3237453700269412,0.3580172069118878,0.0,0.3657650901363278,0.3208784121040446,0.2943961868014169,0.0,0.3208419045368357,0.3463182244843887,0.1852111062561454,0.2998764928447445,0.0,0.2852904847140314,0.1932247302662936,0.280569872631974,0.2296726279023714,0.2589586903562428,0.0,0.1534799848048572,0.203493315359615,0.2528167253383566,0.0,0.0,0.2736694444594467,0.2369137235979245,0.0,0.0,0.0,0.0,0.3414264337451779,0.0,0.0,0.3399072355539596,0.0,0.4045581220395372,0.3376512792425772,0.0,0.2621100952607831,0.0,0.0,0.3125380678412207,0.0,0.0,0.0,0.0,0.0,0.0,0.0,0.0,0.3573507180909581,0.0,0.0,0.0,0.3613461711702729,0.0,0.0,0.0,0.0
0.0,0.0,0.3435304563788989,0.121858068448071,0.2248577560526794,0.323581002987821,0.2254755077144146,0.2505084217547401,0.3578118076838125,0.2253191897249135,0.3504393943065066,0.2197905251348972,0.2594383831300754,0.1156029926804106,0.0,0.0,0.0,0.0,0.3448850626260503,0.0,0.0,0.3163463696107197,0.3470279267095963,0.0,0.0,0.0,0.3273045779673145,0.1962166305827745,0.3222683421635608,0.0,0.2475633987637916,0.2334452105258155,0.2255467117500532,0.1625520500714956,0.1868324003624025,0.1534799848048572,0.0,0.1884694198469902,0.0,0.0,0.0,0.0,0.0,0.0,0.0,0.0,0.0,0.0,0.0,0.0,0.0,0.0,0.0,0.0,0.0,0.0,0.0,0.0,0.0,0.0,0.0,0.0,0.0,0.0,0.0,0.0,0.0,0.0,0.0,0.0,0.0,0.0,0.0,0.0,0.0,0.0
0.0,0.0,0.0,0.0,0.2725511429071067,0.0,0.2611771076854664,0.0,0.3468149120200998,0.1735794917663174,0.3338476078490849,0.1281756858496112,0.297412397229353,0.0,0.0,0.0,0.2088789036532171,0.0,0.0,0.0,0.0,0.0,0.0,0.1202314406417666,0.1766158610404709,0.2193170733204255,0.0,0.2229898093818216,0.0,0.0,0.1911500862830788,0.2019169276071514,0.126048645434334,0.1238450289217202,0.1652612414545802,0.203493315359615,0.1884694198469902,0.0,0.0,0.1242037297475448,0.1967521705878796,0.2075881790553271,0.0,0.0,0.1414368902983279,0.0,0.0,0.0,0.0,0.0,0.0,0.0,0.0,0.0,0.2388261433004363,0.0,0.2448983956123203,0.0,0.0,0.0,0.0,0.0,0.0,0.0,0.0,0.0,0.0,0.0,0.2124991211803982,0.0,0.247727290814096,0.0,0.0,0.0,0.0,0.0
0.312502242558752,0.3183248166336522,0.3411336372649764,0.0,0.0,0.3570588022392746,0.0,0.323757808216299,0.3515635829127754,0.3258651293042094,0.2966524383819411,0.0,0.3919495918683047,0.0,0.3422268715853236,0.3106510226099077,0.0,0.2916377832906399,0.3746913534175705,0.3614736024987439,0.3256518202294615,0.3389506502064113,0.3835018734535435,0.2970083482639697,0.2917223482987669,0.3266840873651913,0.3791592285555896,0.3714583001740583,0.3667006195000755,0.3792684429026806,0.3391496270778967,0.2677787268136158,0.2544464706054996,0.2613975283215698,0.236277064060999,0.2528167253383566,0.0,0.0,0.0,0.233034650173621,0.2471235027696239,0.2488261438360217,0.1881129827535002,0.2348529568442036,0.1991036803401675,0.2802984912055336,0.2932333833773338,0.3117433537248761,0.1906404460400533,0.2899908077294055,0.3060252720360101,0.2954507011141053,0.2361969613147779,0.3200763245794789,0.2344097713896959,0.254639079966074,0.1910427219219782,0.3163752701811739,0.1868040707315009,0.3026983351510219,0.3004476142964203,0.2814773381132182,0.2744352262997323,0.305089802282889,0.3238834135184779,0.2968692080312782,0.3180965078910394,0.3141243433423022,0.2551652567448125,0.2640574993901999,0.300028653142497,0.3193761982166951,0.2875001066823508,0.3258208296571348,0.283658461465135,0.2861126100380137
0.2805119762064907,0.3010799995240901,0.0,0.0,0.0,0.0,0.0,0.0,0.0,0.2272274890604019,0.0,0.2278658274279016,0.0,0.0,0.3240090408458305,0.2950125236491344,0.2441226501850031,0.2594832191262561,0.0,0.3112382772353929,0.2876439357455826,0.3223770552733435,0.3814397685827639,0.2135283389031502,0.2579499573655748,0.2973017027845467,0.0,0.0,0.0,0.0,0.2825235511056387,0.2509437874237418,0.1458815921306437,0.1924042651141362,0.2655015298468675,0.0,0.0,0.1242037297475448,0.233034650173621,0.0,0.1525441877257222,0.1982702442398558,0.2912065383726356,0.1873220216472977,0.1324863342861173,0.2145620950472782,0.2373876701880859,0.0,0.0,0.286172125375251,0.2701190061726637,0.2734995515042485,0.2856354649387239,0.3052183610270612,0.2066003957811835,0.0,0.1512797746626213,0.2910040010000923,0.0,0.2308766490995245,0.2268315710312791,0.2276028905311487,0.2075374024970644,0.0,0.2599733005484118,0.2159543519571694,0.2601809238466475,0.2705556428858945,0.1784538001275036,0.1931485417508825,0.2457371093291113,0.2615910666214132,0.2934652081926958,0.2716084402048868,0.2943354842337473,0.2144865263821467
0.2837687079189294,0.2996237014644133,0.0,0.0,0.0,0.3735855452038246,0.0,0.3411160140031422,0.0,0.2570962964361757,0.0,0.3123189994245359,0.0,0.0,0.3494632818950314,0.2917793234151476,0.2390834694329057,0.2712655475207012,0.0,0.4255678271677819,0.3238593840826617,0.3248745237120349,0.387053929748207,0.2587580446783354,0.275052614926366,0.3037944109291696,0.3905280548466804,0.3886904084618098,0.3830609632143422,0.0,0.2889346199602839,0.2723158451703288,0.2124573798650699,0.2234401849575659,0.2208788106532994,0.0,0.0,0.1967521705878796,0.2471235027696239,0.1525441877257222,0.0,0.1739174623213868,0.2672625709249203,0.1543646716410524,0.1270350390386668,0.2353362198343214,0.2572397804153633,0.3330577012920983,0.2053378453162879,0.2933559889510836,0.3097465670008585,0.2545939937875028,0.3116017359924094,0.3407589547742482,0.1762482007744061,0.3376538557931829,0.1605891380987346,0.2991541168438381,0.2636291399849001,0.2912110199351901,0.2637342534021384,0.2359506082243092,0.2469715787868259,0.3321384614802993,0.2918690938123576,0.2500830759934373,0.2870907017598849,0.3231384565451651,0.2064643207558905,0.216310087195265,0.2634028806919995,0.310517317228803,0.2371705662049097,0.2897080722387961,0.2734741115720683,0.1773934971369633
0.0,0.3155626883689434,0.0,0.0,0.0,0.363022859536605,0.0,0.0,0.0,0.0,0.0,0.0,0.0,0.0,0.3608082367369487,0.3012254644451841,0.0,0.0,0.0,0.3644199059592194,0.3365038298458438,0.3477901091388452,0.3867066200483757,0.0,0.2896933102670418,0.3259370328094343,0.3847371371564839,0.0,0.3643093903380063,0.0,0.0,0.2322020744239384,0.198961174137679,0.2250722758010071,0.2308588894087283,0.2736694444594467,0.0,0.2075881790553271,0.2488261438360217,0.1982702442398558,0.1739174623213868,0.0,0.2663119135957509,0.2146019831577655,0.1598057439040272,0.2651013845400286,0.2813197339007428,0.3271200324590181,0.2172099778800639,0.2922542447784065,0.3175433520694114,0.2841564461253481,0.3187554414654177,0.3286840101705927,0.1880572576754148,0.3203805218644518,0.1928969794170984,0.3214276702338727,0.0,0.3178163575556411,0.2965920656387877,0.2581092891311789,0.2634761933548418,0.3284059792392148,0.3237194560387897,0.287424045947679,0.3248565458953549,0.3260279617533549,0.2285759079403559,0.2344427461596027,0.2957736075585393,0.324374769499521,0.2437887304224168,0.3163744561128962,0.2966164779361508,0.1582583993558325
