0.0,0.3031760383586816,0.0,0.0,0.0,0.3083754585913854,0.0,0.3490319487432921,0.0,0.2710819885186081,0.0,0.3016093014726776,0.0,0.0,0.3088192225461943,0.2990962069608744,0.2753146101223426,0.2888472372792591,0.0,0.3219592576369663,0.3063241095029628,0.2946028449319428,0.3260954251704753,0.2986629565978939,0.2810438023420644,0.2792615196936453,0.3302906319202878,0.3337133708977576,0.3211863303407617,0.0,0.2694541098883139,0.3065073590233992,0.2612659239836712,0.2594014795717411,0.2984734887425254,0.0,0.0,0.0,0.3236681303768447,0.3069791363315342,0.2971142477733811,0.0,0.0,0.0,0.0,0.3346556564444415,0.3334535524528244,0.0,0.0,0.0,0.0,0.0,0.0,0.0,0.0,0.0,0.0,0.0,0.0,0.0,0.3243227433278353,0.0,0.3185739590279574,0.0,0.0,0.0,0.3338137303009937,0.3270470814141618,0.2670402378414382,0.3183910736515185,0.3375992323189016,0.0,0.0,0.0,0.0,0.3129168196862951
0.3031760383586816,0.0,0.0,0.0,0.3146571421867364,0.3139809361683803,0.3170568597564207,0.3164161401660668,0.306261390967471,0.0,0.0,0.0,0.3260202931559082,0.0,0.3194421319015994,0.2973751744701148,0.0,0.305437913045918,0.0,0.3107391076869564,0.2906045455817005,0.271739481822958,0.3243361120196723,0.0,0.2716668436745117,0.2773291375819796,0.31852801577518,0.3249673523925933,0.3164642771154459,0.0,0.2664173251120889,0.3073189275814018,0.2566122145079222,0.2786514975054155,0.3130546242017844,0.0,0.0,0.0,0.3257494262317516,0.3271467664957224,0.3169245036956177,0.3402086433246813,0.0,0.0,0.0,0.3390177147092833,0.3374251010444994,0.0,0.0,0.0,0.3369676832723348,0.0,0.0,0.0,0.0,0.0,0.0,0.0,0.0,0.3401282833717983,0.3267682931873386,0.0,0.32268860865763,0.0,0.3248278437662363,0.3334414052591204,0.3360750185609532,0.0,0.0,0.3235737535367514,0.3449389294634383,0.3384200055462273,0.0,0.3277783690846074,0.0,0.3054615319628658
0.0,0.0,0.0,0.0,0.2837449197418545,0.302148592620455,0.3060728964126755,0.3307978660185706,0.210659606551796,0.346623865541432,0.2439894510641463,0.0,0.3157024115872827,0.2923189092467045,0.0,0.0,0.0,0.0,0.2048036297529712,0.0,0.0,0.0,0.248125084554689,0.0,0.0,0.0,0.2345758100629131,0.328313226539316,0.32689007333634,0.3550157400228843,0.3305310504148143,0.3062854962132602,0.0,0.3226930493960273,0.3301099203259887,0.2823865920492764,0.0,0.0,0.3599886739257437,0.0,0.0,0.0,0.3368398595181255,0.0,0.0,0.0,0.0,0.3879745821764092,0.0,0.3843863818636087,0.382015772114704,0.4102298730135781,0.3894523353858333,0.4022926518425664,0.0,0.3520431976963319,0.0,0.4123845082531246,0.3382125463305488,0.0,0.0,0.0,0.0,0.3263436300176315,0.0,0.0,0.0,0.3996096031800893,0.0,0.0,0.0,0.3933957158419984,0.0,0.0,0.0,0.0
0.0,0.0,0.0,0.0,0.1983625385357064,0.2966580359332381,0.2279075386040267,0.1859744879868914,0.2830171473003126,0.1500836191550805,0.2448552122881812,0.192215137995362,0.2374274901762267,0.1823752219823152,0.0,0.0,0.0,0.0,0.2899892452748674,0.0,0.0,0.0,0.301428069924611,0.0,0.0,0.0,0.3034146729027858,0.2171369925205779,0.0,0.0,0.2251155974650173,0.2022104315543994,0.0,0.1958439836268267,0.2305858139840512,0.1402464242492356,0.1434921756669499,0.0,0.0,0.0,0.0,0.0,0.0,0.0,0.0,0.0,0.0,0.0,0.0,0.0,0.0,0.0,0.0,0.0,0.0,0.0,0.0,0.0,0.0,0.0,0.0,0.0,0.0,0.0,0.0,0.0,0.0,0.0,0.0,0.0,0.0,0.0,0.0,0.0,0.0,0.0
0.0,0.3146571421867364,0.2837449197418545,0.1983625385357064,0.0,0.2832142248992343,0.2519913027314262,0.2991381729182438,0.2505262423425562,0.2943805714544944,0.2312164002857882,0.2746347806479206,0.2761035800369176,0.183832550072727,0.0,0.3212797829718221,0.0,0.0,0.2705429658638591,0.3082637658248168,0.0,0.319569697800364,0.3016571354892408,0.0,0.3028054147491968,0.0,0.2918533933244578,0.2785485302392338,0.306974251545049,0.0,0.3235473586698861,0.2780125755960821,0.2904986225816036,0.3082104869164461,0.3050288492872502,0.1529019636696372,0.2133031820074403,0.2930766101712128,0.3829928282713931,0.0,0.0,0.0,0.2560609431694414,0.0,0.0,0.0,0.0,0.3797369531111719,0.0,0.0,0.3704642437228609,0.0,0.3572725421399327,0.3886760119495206,0.0,0.3136014037278581,0.0,0.0,0.0,0.0,0.0,0.0,0.0,0.3422331823553794,0.0,0.0,0.0,0.3680151815541655,0.0,0.0,0.0,0.3807870278459122,0.0,0.0,0.0,0.0
0.3083754585913854,0.3139809361683803,0.302148592620455,0.2966580359332381,0.2832142248992343,0.0,0.2994935077005704,0.3041552489512687,0.2416591822837488,0.3133787746673625,0.2816035456617934,0.0,0.2848954074762008,0.2835848810994125,0.3169580631582635,0.3187009253828999,0.0,0.3038189102949621,0.2929911983248688,0.3209150350657644,0.3049982506323521,0.3229614747469355,0.3025663398887229,0.0,0.2930195603942688,0.3176043653833331,0.2890205806643191,0.2861331274621029,0.2545313178130979,0.3115265375955328,0.316316882969652,0.3029333283037839,0.2824513686004623,0.316407711337185,0.3344795920190054,0.2947091424374203,0.2981924300636927,0.3222278304953322,0.3514462820408548,0.0,0.3583480479338141,0.3966792439591897,0.3367529626635774,0.0,0.0,0.0,0.0,0.3812706803052204,0.0,0.0,0.3554216918720581,0.3774029971050222,0.3427667092185555,0.3756384078562574,0.0,0.353729484952592,0.0,0.3669002156378279,0.0,0.3572090430232489,0.0,0.0,0.0,0.3690331054041412,0.3475012977605518,0.3569568154434084,0.3606083793521868,0.3655283977030977,0.0,0.0,0.3705279697866175,0.3615838285084516,0.3610435744559057,0.3456428017775114,0.0,0.3636480585217999
0.0,0.3170568597564207,0.3060728964126755,0.2279075386040267,0.2519913027314262,0.2994935077005704,0.0,0.3070463214244782,0.2821469343372758,0.3030746487299842,0.3099864912609596,0.28308513012485,0.2400805745539147,0.2565555941003116,0.0,0.3333340763322622,0.3360758791526311,0.3309210733086682,0.3168830913643267,0.3257212387829429,0.0,0.3326811892500271,0.3018540129836368,0.2986654405053283,0.3061838901926568,0.3113164929778939,0.3143211501683371,0.289595669104543,0.3180864439435078,0.0,0.3289937353787895,0.2907752619233834,0.2879224634709954,0.3004370679480121,0.3388913439590235,0.2347330762090701,0.2355325838846165,0.2660476559842012,0.0,0.0,0.0,0.0,0.0,0.0,0.0,0.0,0.0,0.0,0.0,0.0,0.3632446301818861,0.0,0.0,0.0,0.0,0.0,0.0,0.0,0.0,0.0,0.0,0.0,0.0,0.0,0.0,0.0,0.0,0.3522465079493907,0.0,0.0,0.0,0.3542652200530908,0.0,0.0,0.0,0.0
0.3490319487432921,0.3164161401660668,0.3307978660185706,0.1859744879868914,0.2991381729182438,0.3041552489512687,0.3070463214244782,0.0,0.3333392619150788,0.3484605748622331,0.2640888287625509,0.0,0.304811197842803,0.2372508487813574,0.3179569478587004,0.3312520674067969,0.0,0.329919466348562,0.3131349297742725,0.2784741456589729,0.2920676637992294,0.3353390890639879,0.2711123232080263,0.3659095797308938,0.324368309362003,0.3358969324082261,0.3344896496653039,0.3139685578292274,0.2956177429664959,0.322597822253506,0.3257187740023873,0.2597624543440638,0.3202365810590228,0.323548251687024,0.3093477619650844,0.1671408531973767,0.1955145764149939,0.0,0.3092422779403447,0.0,0.3444507595629172,0.0,0.2763958758720757,0.0,0.0,0.0,0.0,0.4076901140133113,0.0,0.3626304130808826,0.3365826354081805,0.3756025933500419,0.3097807288108637,0.4034690702206286,0.0,0.3516126244344577,0.0,0.3399059746963022,0.3052331564234298,0.0,0.0,0.0,0.0,0.36988401050599,0.0,0.0,0.0,0.3312401776617832,0.0,0.0,0.0,0.3514467588973443,0.3448316772581492,0.3308836510236915,0.0,0.3493481081417052
0.0,0.306261390967471,0.210659606551796,0.2830171473003126,0.2505262423425562,0.2416591822837488,0.2821469343372758,0.3333392619150788,0.0,0.3128982704382549,0.2086852415985175,0.316138360912752,0.2762675367158636,0.2917436075027227,0.0,0.3197425368939552,0.0,0.0,0.2123352678635609,0.313659307590564,0.0,0.3164864025117302,0.3055949679346644,0.0,0.3163272601288091,0.3310243851718364,0.2465610511384013,0.3165674403488938,0.2969003634267554,0.3355572821753816,0.3103642351804251,0.2954293770982222,0.3000893094030167,0.3063535883113177,0.3069057148215057,0.2823540794891181,0.2958674482212554,0.3033845205689596,0.377064974801437,0.0,0.0,0.0,0.3256519468833502,0.0,0.0,0.0,0.0,0.3999452234416626,0.0,0.4028304988994073,0.3726395718900736,0.4142528029295398,0.3882100047439817,0.4072971090756109,0.0,0.3693243595902324,0.0,0.4229485049145484,0.3252701486238835,0.0,0.0,0.0,0.0,0.3775854307382237,0.0,0.0,0.0,0.3919548102328643,0.0,0.0,0.0,0.3960694757217091,0.0,0.0,0.0,0.0
0.2710819885186081,0.0,0.346623865541432,0.1500836191550805,0.2943805714544944,0.3133787746673625,0.3030746487299842,0.3484605748622331,0.3128982704382549,0.0,0.3184450035756776,0.2033410556943477,0.3100699875272725,0.2708151196593091,0.0,0.2849915433553122,0.2424600614549578,0.2586587373274794,0.3331746327927102,0.0,0.325755378261287,0.3168225406094763,0.3222282047057292,0.2355981065370881,0.2621606916223493,0.2617833605114062,0.3346815446356378,0.2913991768711938,0.0,0.0,0.2419634951223067,0.2240651723921003,0.2352240659506994,0.1973924663138791,0.1976010990593632,0.1941052075774142,0.1540729322261647,0.1915562500219297,0.2760817442575037,0.253978207359377,0.2533729383585928,0.2331496868146206,0.0,0.0,0.2246383008535876,0.3242667620832005,0.0,0.0,0.0,0.0,0.0,0.0,0.0,0.0,0.3086635106309301,0.0,0.3040816022848787,0.3210804772814216,0.0,0.0,0.2935488266201492,0.3138380806322454,0.286193744379003,0.0,0.0,0.0,0.0,0.0,0.3151625864352554,0.3007440516364636,0.3147045129702526,0.0,0.3118627211379314,0.0,0.0,0.2893987905158836
0.0,0.0,0.2439894510641463,0.2448552122881812,0.2312164002857882,0.2816035456617934,0.3099864912609596,0.2640888287625509,0.2086852415985175,0.3184450035756776,0.0,0.3076582819018671,0.3079167073450972,0.2097339094482764,0.0,0.0,0.0,0.0,0.1887041366336334,0.0,0.0,0.0,0.2400091879606774,0.0,0.0,0.0,0.2822874844488171,0.3101961536966331,0.0,0.0,0.3198795098940913,0.2095858542106585,0.3202417215029248,0.3017563036568541,0.2919686014551532,0.1837697452560069,0.2909467431782513,0.3034392498112652,0.0,0.0,0.0,0.0,0.3010977400773208,0.0,0.0,0.0,0.0,0.2965298974856669,0.0,0.322011956991845,0.3624241745896069,0.3729792905369858,0.3469665425366112,0.3492976838659474,0.0,0.1828735422739114,0.0,0.3540715153782824,0.321279707629767,0.0,0.0,0.0,0.0,0.1958997776017064,0.0,0.0,0.0,0.3706403037083373,0.0,0.0,0.0,0.3705776798000796,0.0,0.0,0.0,0.0
0.3016093014726776,0.0,0.0,0.192215137995362,0.2746347806479206,0.0,0.28308513012485,0.0,0.316138360912752,0.2033410556943477,0.3076582819018671,0.0,0.2840794658173232,0.0,0.0,0.0,0.269003371047756,0.2636763625948379,0.0,0.0,0.0,0.0,0.0,0.2188825342862488,0.2572302473545444,0.2239770124275852,0.0,0.2555609288717217,0.0,0.0,0.2280636631595848,0.193839162358283,0.158891026059251,0.1410471362138859,0.1981454685523504,0.1936403045352622,0.1873292046412981,0.1330741542463621,0.2039720471274314,0.2435914787911173,0.2428649295887562,0.2601046663690852,0.0,0.0,0.1976227080881798,0.0,0.0,0.0,0.0,0.0,0.0,0.0,0.0,0.0,0.3141007715950808,0.0,0.3073246295405824,0.0,0.0,0.0,0.0,0.3295973263755649,0.3032714022430102,0.0,0.0,0.0,0.0,0.0,0.3155955444727608,0.3156281427880772,0.3273336188006704,0.0,0.292492095602104,0.0,0.0,0.2840403232067948
0.0,0.3260202931559082,0.3157024115872827,0.2374274901762267,0.2761035800369176,0.2848954074762008,0.2400805745539147,0.304811197842803,0.2762675367158636,0.3100699875272725,0.3079167073450972,0.2840794658173232,0.0,0.2628321155769414,0.3289118841478943,0.3448869958284875,0.3154805473281031,0.3280409235527777,0.3100753892967903,0.3226972657703523,0.3197627699656705,0.3363205761902146,0.3178927658340454,0.3102240403174092,0.3109736959156134,0.3006027164233423,0.3248053761521094,0.2562869011535486,0.3045605785187557,0.2953043284791465,0.3085134932543549,0.2973544292277628,0.2811986032216353,0.2976405377385894,0.308095492644325,0.2461266910237766,0.2495804095908209,0.2722573351730615,0.34190653637374,0.0,0.3861012357109335,0.0,0.0,0.0,0.0,0.0,0.0,0.0,0.0,0.0,0.358978788073901,0.0,0.3411273378276174,0.0,0.0,0.0,0.0,0.0,0.0,0.0,0.0,0.0,0.0,0.0,0.3824202752379251,0.0,0.0,0.3563295865016107,0.0,0.0,0.0,0.3508551389179788,0.0,0.364890155448446,0.0,0.0
0.0,0.0,0.2923189092467045,0.1823752219823152,0.183832550072727,0.2835848810994125,0.2565555941003116,0.2372508487813574,0.2917436075027227,0.2708151196593091,0.2097339094482764,0.0,0.2628321155769414,0.0,0.0,0.0,0.0,0.0,0.2763774915345361,0.0,0.3068094866421814,0.0,0.2722114112706484,0.0,0.0,0.0,0.3114688036417867,0.2032872879440754,0.0,0.0,0.3042115155322046,0.1389529461428925,0.0,0.2806593946105576,0.0,0.1374885566361641,0.132101971175574,0.0,0.0,0.0,0.0,0.0,0.2184853323371562,0.0,0.0,0.0,0.0,0.3496690367603319,0.0,0.0,0.0,0.0,0.0,0.3535157357256421,0.0,0.2967955518978857,0.0,0.0,0.0,0.0,0.0,0.0,0.0,0.3021684076335653,0.0,0.0,0.0,0.2722064287802606,0.0,0.0,0.0,0.0,0.0,0.0,0.0,0.0
0.3088192225461943,0.3194421319015994,0.0,0.0,0.0,0.3169580631582635,0.0,0.3179569478587004,0.0,0.0,0.0,0.0,0.3289118841478943,0.0,0.0,0.3608555105295388,0.0,0.3364627362993009,0.0,0.2681549445497992,0.299312918176615,0.290283589207594,0.2817247661511547,0.3671004195839309,0.3464738428955551,0.2821711407026545,0.3109802450253662,0.3227734920085454,0.3065233876811045,0.0,0.3254761297193652,0.3256856110291596,0.3033838530850444,0.3274528069828589,0.3510484250520392,0.3449222774511921,0.0,0.0,0.3473814830167357,0.3574928533272208,0.3479401989937465,0.3693189747150117,0.0,0.0,0.0,0.2899382140897759,0.3551371865675016,0.0,0.0,0.0,0.3469138266379722,0.0,0.0,0.0,0.0,0.0,0.0,0.0,0.0,0.3546006038552708,0.3565747121961948,0.0,0.0,0.0,0.3486800881152526,0.3495477657791723,0.3575744410169307,0.3596193820640622,0.0,0.0,0.3689635870417189,0.3612483982642143,0.3637359331689738,0.336971491937417,0.0,0.341376519768168
0.2990962069608744,0.2973751744701148,0.0,0.0,0.3212797829718221,0.3187009253828999,0.3333340763322622,0.3312520674067969,0.3197425368939552,0.2849915433553122,0.0,0.0,0.3448869958284875,0.0,0.3608555105295388,0.0,0.2834442599959895,0.2748699243129051,0.0,0.3122409002642148,0.3158973783249772,0.2884895806951965,0.3434023178577585,0.0,0.2918948136057619,0.3076955611775594,0.3247358491545138,0.3289744050323612,0.3230247845614625,0.31901021273648,0.2794089975273114,0.3595615847475773,0.3089764355070755,0.3029876821745267,0.3630898648825313,0.0,0.0,0.0,0.3343547142475169,0.3132335495902493,0.3088199290853189,0.3344257583897863,0.0,0.0,0.0,0.3544015013961444,0.32783147377939,0.0,0.0,0.0,0.0,0.0,0.0,0.0,0.0,0.0,0.0,0.0,0.0,0.3495806680184234,0.3230768733228233,0.0,0.3220258006525968,0.0,0.3474354209405741,0.3514760678447374,0.3313655976032733,0.0,0.0,0.3109441719301147,0.3435665025452277,0.3984026401104092,0.0,0.0,0.0,0.3031288636469361
0.2753146101223426,0.0,0.0,0.0,0.0,0.0,0.3360758791526311,0.0,0.0,0.2424600614549578,0.0,0.269003371047756,0.3154805473281031,0.0,0.0,0.2834442599959895,0.0,0.2261514910737079,0.0,0.0,0.0,0.2948488485848729,0.0,0.2846107963072377,0.2630673693385554,0.2635415359964344,0.0,0.3112820460548647,0.0,0.0,0.2713415173365049,0.3050313262123301,0.2647774690503005,0.2674329332401886,0.2682758581344764,0.0,0.0,0.2410301092788256,0.2855027604651669,0.2498274928735745,0.2685486154523408,0.0,0.0,0.0,0.0,0.0,0.0,0.0,0.0,0.0,0.0,0.0,0.0,0.0,0.3040830326806522,0.0,0.3094949256886202,0.0,0.0,0.0,0.0,0.3195412584941501,0.3033605603297258,0.0,0.0,0.0,0.0,0.0,0.326845289430183,0.2969078096022217,0.3172674239112776,0.0,0.0,0.0,0.0,0.2938935199031107
0.2888472372792591,0.305437913045918,0.0,0.0,0.0,0.3038189102949621,0.3309210733086682,0.329919466348562,0.0,0.2586587373274794,0.0,0.2636763625948379,0.3280409235527777,0.0,0.3364627362993009,0.2748699243129051,0.2261514910737079,0.0,0.0,0.3205400270893833,0.3117332631127456,0.3111459217401247,0.3230647652617583,0.279941475747975,0.276694685104411,0.2921899248823825,0.3128516759971902,0.3252090726535206,0.3233334491860454,0.3478402153721311,0.27896982743896,0.3124003877014658,0.2857334002754696,0.280951725934097,0.2921328336131523,0.0,0.0,0.0,0.3137627584067337,0.2751166074789703,0.2618514481956777,0.309707257955731,0.0,0.0,0.0,0.3333951551241366,0.309011158283924,0.0,0.0,0.0,0.0,0.0,0.0,0.0,0.3159116652661513,0.0,0.3237661556342736,0.0,0.0,0.0,0.3041012313006063,0.3489092930746622,0.3105771783950782,0.0,0.0,0.0,0.3155718445878597,0.0,0.3269470141535741,0.2995067478627087,0.3208031267839447,0.0,0.0,0.0,0.0,0.2920006562123629
0.0,0.0,0.2048036297529712,0.2899892452748674,0.2705429658638591,0.2929911983248688,0.3168830913643267,0.3131349297742725,0.2123352678635609,0.3331746327927102,0.1887041366336334,0.0,0.3100753892967903,0.2763774915345361,0.0,0.0,0.0,0.0,0.0,0.0,0.0,0.0,0.2237458408422981,0.0,0.0,0.0,0.2739907160513529,0.3161391504592707,0.0,0.0,0.305846023064522,0.2834256803418774,0.0,0.3077890355620254,0.3078029656718743,0.2688272133405305,0.308377363648933,0.0,0.3282214501543363,0.0,0.0,0.0,0.3122392876109603,0.0,0.0,0.0,0.0,0.3747049014847833,0.0,0.3751726812641162,0.372391373896391,0.4091688644675439,0.3614201852682007,0.3853310201211709,0.0,0.3270578448914201,0.0,0.0,0.3237711516412018,0.0,0.0,0.0,0.0,0.3616553620837265,0.0,0.0,0.0,0.3819048511257266,0.0,0.0,0.0,0.3829061333051399,0.0,0.0,0.0,0.0
0.3219592576369663,0.3107391076869564,0.0,0.0,0.3082637658248168,0.3209150350657644,0.3257212387829429,0.2784741456589729,0.313659307590564,0.0,0.0,0.0,0.3226972657703523,0.0,0.2681549445497992,0.3122409002642148,0.0,0.3205400270893833,0.0,0.0,0.2935777348277759,0.2856830913312094,0.2754372464407192,0.0,0.2911482812122526,0.3213657487694228,0.2630390273827701,0.2837895028916039,0.261963214258499,0.2622904607719605,0.276811008326372,0.3241801435064299,0.2843536440531386,0.3184051463826293,0.3422814152582968,0.3575781789964433,0.0,0.0,0.3381494679879515,0.3333876642540688,0.3380731974353941,0.3481233074262946,0.0,0.0,0.0,0.0,0.3253434500572308,0.0,0.0,0.0,0.3404807985235424,0.0,0.0,0.0,0.0,0.0,0.0,0.0,0.0,0.3364072931903246,0.0,0.0,0.0,0.0,0.3333582843305976,0.3330337848790221,0.3376802213287193,0.351381496578402,0.0,0.0,0.3417727743743921,0.3534332280052675,0.3515823751343006,0.3265992801676876,0.0,0.3354682617594873
0.3063241095029628,0.2906045455817005,0.0,0.0,0.0,0.3049982506323521,0.0,0.2920676637992294,0.0,0.325755378261287,0.0,0.0,0.3197627699656705,0.3068094866421814,0.299312918176615,0.3158973783249772,0.0,0.3117332631127456,0.0,0.2935777348277759,0.0,0.3018406733722654,0.2991309843093941,0.3529423104445036,0.2956025459385527,0.3036505868830634,0.3257557862341779,0.3243184228224054,0.2918102127568768,0.3519210042163945,0.3018672503282711,0.3064363366716652,0.2759730095307802,0.3009104455835085,0.3323799144514991,0.3095035296169827,0.0,0.0,0.3457164691554726,0.323701497034842,0.3430700248541722,0.3841441966082538,0.0,0.0,0.0,0.3327124141377217,0.3468865728276399,0.0,0.0,0.0,0.3277727439513009,0.0,0.2440111758121661,0.0,0.0,0.0,0.0,0.0,0.0,0.338556624953053,0.3390518661684121,0.0,0.0,0.0,0.3407674181029307,0.2960996750624428,0.3460920679783034,0.3324479714441749,0.0,0.3541273760496159,0.3606277346255122,0.3486133310377832,0.3424038133136044,0.3300764315209045,0.0,0.0
0.2946028449319428,0.271739481822958,0.0,0.0,0.319569697800364,0.3229614747469355,0.3326811892500271,0.3353390890639879,0.3164864025117302,0.3168225406094763,0.0,0.0,0.3363205761902146,0.0,0.290283589207594,0.2884895806951965,0.2948488485848729,0.3111459217401247,0.0,0.2856830913312094,0.3018406733722654,0.0,0.3387383184964749,0.0,0.2881017611999877,0.2885096925408533,0.3242514095415231,0.3223857269785255,0.3098406416794333,0.2869734842853045,0.2891806705846487,0.3326177475048612,0.2875202431039135,0.3195260094976828,0.352962781605094,0.3710296359070758,0.0,0.0,0.3299192575614638,0.3357310256941175,0.331038646421623,0.3562718005289781,0.0,0.0,0.0,0.3307495762210141,0.3361088724054588,0.0,0.0,0.0,0.3329703038247945,0.0,0.0,0.0,0.0,0.0,0.0,0.0,0.0,0.351001708836867,0.3252129431890783,0.0,0.0,0.0,0.339741496983081,0.3403902837980602,0.3396977687423758,0.3464052279885928,0.0,0.3053682433591701,0.3591812084527978,0.3448216540744276,0.0,0.3242454337776285,0.0,0.3178919166157959
0.3260954251704753,0.3243361120196723,0.248125084554689,0.301428069924611,0.3016571354892408,0.3025663398887229,0.3018540129836368,0.2711123232080263,0.3055949679346644,0.3222282047057292,0.2400091879606774,0.0,0.3178927658340454,0.2722114112706484,0.2817247661511547,0.3434023178577585,0.0,0.3230647652617583,0.2237458408422981,0.2754372464407192,0.2991309843093941,0.3387383184964749,0.0,0.3488427948936755,0.3205883010522105,0.3370725108759724,0.2605034487633256,0.3243522060560164,0.3029519255090762,0.3179773501453162,0.3205347639449243,0.3123954527513726,0.2909605721525509,0.3294260230628656,0.333395225747135,0.2990821316621342,0.3083618642591575,0.3374522199372794,0.3551584138332291,0.3204732550839738,0.3727865681330129,0.3739734978593891,0.3325692707105598,0.0,0.0,0.0,0.3500085751143488,0.3933179339725463,0.0,0.388255243859832,0.3642889287324676,0.3802288048530524,0.3481500798497774,0.4039090655620439,0.0,0.38492423035987,0.0,0.3668707551130823,0.3536804076246332,0.356189973116735,0.0,0.0,0.0,0.3783162834997052,0.3604032818107207,0.3541137214685409,0.3491357856325346,0.3636820849262676,0.0,0.0,0.352790516022465,0.3684439446629151,0.367708287399101,0.354384680683345,0.3684201220341063,0.368729524149913
0.2986629565978939,0.0,0.0,0.0,0.0,0.0,0.2986654405053283,0.3659095797308938,0.0,0.2355981065370881,0.0,0.2188825342862488,0.3102240403174092,0.0,0.3671004195839309,0.0,0.2846107963072377,0.279941475747975,0.0,0.0,0.3529423104445036,0.0,0.3488427948936755,0.0,0.2671965679564648,0.2560949886699053,0.0,0.2945825746948303,0.0,0.0,0.2712187412928321,0.2072786922788333,0.1405153811296709,0.1696082810715452,0.2308202280607807,0.205770055936406,0.1703556995829055,0.1407070665996829,0.3238682923310973,0.2047288285425622,0.2071882833770829,0.203922887557659,0.0,0.0,0.1711875719201648,0.3678815956493472,0.0,0.0,0.0,0.0,0.0,0.0,0.0,0.0,0.282631004004842,0.0,0.2744489486312086,0.0,0.0,0.0,0.0,0.3357661491990646,0.3239887520993859,0.0,0.0,0.0,0.0,0.0,0.3030980033607869,0.3191187710149885,0.3292626658898736,0.0,0.2359586917059843,0.0,0.0,0.3048300797235737
0.2810438023420644,0.2716668436745117,0.0,0.0,0.3028054147491968,0.2930195603942688,0.3061838901926568,0.324368309362003,0.3163272601288091,0.2621606916223493,0.0,0.2572302473545444,0.3109736959156134,0.0,0.3464738428955551,0.2918948136057619,0.2630673693385554,0.276694685104411,0.0,0.2911482812122526,0.2956025459385527,0.2881017611999877,0.3205883010522105,0.2671965679564648,0.0,0.2706586999536451,0.3069980332632148,0.3044518382728433,0.2996068988459355,0.0,0.2727864460870521,0.2946983693528713,0.2476905767302441,0.2579676071494386,0.2770088592524346,0.0,0.0,0.2236525817695634,0.3055965148504618,0.2802224735980941,0.271317866792747,0.3087099580187004,0.0,0.0,0.2296578284393828,0.3317989775502119,0.310061898307892,0.0,0.0,0.0,0.0,0.0,0.0,0.0,0.3168441225061773,0.0,0.3275121514980434,0.0,0.0,0.0,0.3059417152480343,0.3250374817296602,0.3112717535631556,0.0,0.3165579091379987,0.0,0.3032902409875964,0.0,0.3321595164385337,0.3041201273790252,0.3219234548937307,0.0,0.0,0.3286224879772055,0.0,0.288608730815028
0.2792615196936453,0.2773291375819796,0.0,0.0,0.0,0.3176043653833331,0.3113164929778939,0.3358969324082261,0.3310243851718364,0.2617833605114062,0.0,0.2239770124275852,0.3006027164233423,0.0,0.2821711407026545,0.3076955611775594,0.2635415359964344,0.2921899248823825,0.0,0.3213657487694228,0.3036505868830634,0.2885096925408533,0.3370725108759724,0.2560949886699053,0.2706586999536451,0.0,0.3379178064714705,0.2902504645160111,0.3082474181350683,0.0,0.2772198450579266,0.3129973848179056,0.2677308861869129,0.2828454843966658,0.318196213244992,0.3121172206475542,0.0,0.2179143503883793,0.3256549854720993,0.2938685642551116,0.3018144163039148,0.3352383628482516,0.0,0.0,0.0,0.3434732399224031,0.356725921329979,0.0,0.0,0.0,0.3501330007124332,0.0,0.0,0.0,0.3264283612785957,0.0,0.3314279531053744,0.0,0.0,0.3628564715195469,0.3299806573258625,0.332067443249416,0.3133572967746451,0.0,0.3434354767904144,0.3675154326546037,0.354295388526135,0.3470845474634934,0.3392369775600127,0.3098587744909816,0.3453522126873854,0.3571129458651268,0.0,0.344991529643469,0.0,0.3011165636449142
0.3302906319202878,0.31852801577518,0.2345758100629131,0.3034146729027858,0.2918533933244578,0.2890205806643191,0.3143211501683371,0.3344896496653039,0.2465610511384013,0.3346815446356378,0.2822874844488171,0.0,0.3248053761521094,0.3114688036417867,0.3109802450253662,0.3247358491545138,0.0,0.3128516759971902,0.2739907160513529,0.2630390273827701,0.3257557862341779,0.3242514095415231,0.2605034487633256,0.0,0.3069980332632148,0.3379178064714705,0.0,0.3237374009772439,0.2910752330658666,0.3119302658317198,0.3110384529608858,0.3199037272631145,0.2993226773550987,0.3256755527057389,0.3394025206529459,0.331239928044067,0.318857691852106,0.0,0.3537633955136606,0.3417130096966529,0.362660932385946,0.3671178523777659,0.3623700861525255,0.0,0.0,0.0,0.3820604302476687,0.4096370217863225,0.0,0.4120223128494029,0.3669782444370739,0.394340381641459,0.370149472209004,0.4131719535810315,0.0,0.3920069287430943,0.0,0.3688649440379727,0.3804486554120273,0.3563532855139898,0.0,0.0,0.0,0.4042441072075429,0.3586965502507975,0.3606882446855214,0.3480826217218555,0.3726860346802195,0.0,0.0,0.3659241517807382,0.3706086427933932,0.3615952604138157,0.3545250815790607,0.3713041540977239,0.3678995445515761
0.3337133708977576,0.3249673523925933,0.328313226539316,0.2171369925205779,0.2785485302392338,0.2861331274621029,0.289595669104543,0.3139685578292274,0.3165674403488938,0.2913991768711938,0.3101961536966331,0.2555609288717217,0.2562869011535486,0.2032872879440754,0.3227734920085454,0.3289744050323612,0.3112820460548647,0.3252090726535206,0.3161391504592707,0.2837895028916039,0.3243184228224054,0.3223857269785255,0.3243522060560164,0.2945825746948303,0.3044518382728433,0.2902504645160111,0.3237374009772439,0.0,0.2569480322788062,0.2419881823577507,0.2861536531965434,0.2872255174259384,0.2573466022855475,0.2791792626652153,0.2617966356169491,0.2160409806677641,0.2143411487365318,0.2476486485053714,0.3445450626106124,0.2473218837277664,0.3735051775879603,0.0,0.34766741048033,0.0,0.0,0.0,0.0,0.0,0.0,0.0,0.357259527508631,0.0,0.3522810992492258,0.0,0.0,0.0,0.0,0.0,0.0,0.3699194117962393,0.0,0.0,0.0,0.0,0.3530070729360076,0.3635613612398195,0.0,0.3620789933576901,0.0,0.0,0.0,0.3628195863639465,0.3660757243893173,0.3500450979599017,0.0,0.3773889064003405
0.3211863303407617,0.3164642771154459,0.32689007333634,0.0,0.306974251545049,0.2545313178130979,0.3180864439435078,0.2956177429664959,0.2969003634267554,0.0,0.0,0.0,0.3045605785187557,0.0,0.3065233876811045,0.3230247845614625,0.0,0.3233334491860454,0.0,0.261963214258499,0.2918102127568768,0.3098406416794333,0.3029519255090762,0.0,0.2996068988459355,0.3082474181350683,0.2910752330658666,0.2569480322788062,0.0,0.2735220873879593,0.2652100094130648,0.3059044046443619,0.2607099690720029,0.3008559540245409,0.3228024157059993,0.3422742752807082,0.3486195965387761,0.0,0.3335991652027599,0.0,0.3481141290240413,0.3621618619424507,0.0,0.0,0.0,0.0,0.3422044088323449,0.0,0.0,0.0,0.342077467761801,0.0,0.3395093458796861,0.0,0.0,0.0,0.0,0.0,0.0,0.3343339510867534,0.0,0.0,0.0,0.0,0.3332616114093292,0.3352315593066463,0.3317350502531255,0.3464618639143551,0.0,0.0,0.3416219553479569,0.3487068557953016,0.3493056730911106,0.3306693871401508,0.3627752429325581,0.349205931308546
0.0,0.0,0.3550157400228843,0.0,0.0,0.3115265375955328,0.0,0.322597822253506,0.3355572821753816,0.0,0.0,0.0,0.2953043284791465,0.0,0.0,0.31901021273648,0.0,0.3478402153721311,0.0,0.2622904607719605,0.3519210042163945,0.2869734842853045,0.3179773501453162,0.0,0.0,0.0,0.3119302658317198,0.2419881823577507,0.2735220873879593,0.0,0.2527640538159218,0.2950471587430672,0.0,0.2981123952389857,0.3159055722819112,0.0,0.0,0.0,0.3605464877616975,0.0,0.0,0.0,0.0,0.0,0.0,0.0,0.0,0.0,0.0,0.0,0.4101137178993569,0.0,0.0,0.0,0.0,0.0,0.0,0.0,0.0,0.0,0.0,0.0,0.0,0.0,0.360344285912469,0.0,0.0,0.3605914547647978,0.0,0.0,0.0,0.3613086454265836,0.0,0.3775012116745661,0.0,0.0
0.2694541098883139,0.2664173251120889,0.3305310504148143,0.2251155974650173,0.3235473586698861,0.316316882969652,0.3289937353787895,0.3257187740023873,0.3103642351804251,0.2419634951223067,0.3198795098940913,0.2280636631595848,0.3085134932543549,0.3042115155322046,0.3254761297193652,0.2794089975273114,0.2713415173365049,0.27896982743896,0.305846023064522,0.276811008326372,0.3018672503282711,0.2891806705846487,0.3205347639449243,0.2712187412928321,0.2727864460870521,0.2772198450579266,0.3110384529608858,0.2861536531965434,0.2652100094130648,0.2527640538159218,0.0,0.2982288276569186,0.2398813085945212,0.2014512302807678,0.2184170507753169,0.3152460657025437,0.0,0.1901829309294158,0.3291994764286295,0.250596109280413,0.3167540356766938,0.359188505707926,0.0,0.0,0.0,0.3123217009202433,0.3116411272924985,0.0,0.0,0.0,0.3670497743291254,0.0,0.3659462270277446,0.0,0.3098567302746569,0.0,0.3031739222085748,0.0,0.0,0.3498652032359202,0.3080466672869216,0.3391482660290747,0.3026869305245572,0.0,0.3311282099108505,0.3177950429584125,0.3249663791963836,0.3693871610150118,0.3247901201657064,0.2961412502095735,0.3362856858916711,0.3671104750767691,0.3815834501081523,0.3475616102835055,0.0,0.3022546611062424
0.3065073590233992,0.3073189275814018,0.3062854962132602,0.2022104315543994,0.2780125755960821,0.3029333283037839,0.2907752619233834,0.2597624543440638,0.2954293770982222,0.2240651723921003,0.2095858542106585,0.193839162358283,0.2973544292277628,0.1389529461428925,0.3256856110291596,0.3595615847475773,0.3050313262123301,0.3124003877014658,0.2834256803418774,0.3241801435064299,0.3064363366716652,0.3326177475048612,0.3123954527513726,0.2072786922788333,0.2946983693528713,0.3129973848179056,0.3199037272631145,0.2872255174259384,0.3059044046443619,0.2950471587430672,0.2982288276569186,0.0,0.2490700208601302,0.2515296598320343,0.2779395665201037,0.1800891720022376,0.213651771166791,0.1918046738713809,0.1735394267635264,0.2340599914857281,0.2601622414224254,0.229384652258471,0.0,0.0,0.0,0.3353723472777769,0.3303055652129179,0.3587018236013515,0.0,0.0,0.3459403734186592,0.3803560783037294,0.3359546807116164,0.3628053181075562,0.3364351745693313,0.2832521015677302,0.1887646530586385,0.3573441234216757,0.0,0.3471488619499754,0.3189295504170355,0.0,0.3081298030419693,0.0,0.3401266354728018,0.3610976900824907,0.3346139705162504,0.3565788951539813,0.0,0.3093740802980553,0.347198438383631,0.3600352191130799,0.3468738633759121,0.3433251638628667,0.3591463050646531,0.330712780031101
0.2612659239836712,0.2566122145079222,0.0,0.0,0.2904986225816036,0.2824513686004623,0.2879224634709954,0.3202365810590228,0.3000893094030167,0.2352240659506994,0.3202417215029248,0.158891026059251,0.2811986032216353,0.0,0.3033838530850444,0.3089764355070755,0.2647774690503005,0.2857334002754696,0.0,0.2843536440531386,0.2759730095307802,0.2875202431039135,0.2909605721525509,0.1405153811296709,0.2476905767302441,0.2677308861869129,0.2993226773550987,0.2573466022855475,0.2607099690720029,0.0,0.2398813085945212,0.2490700208601302,0.0,0.15263418114827,0.2795811698192806,0.1986088433034638,0.1748859233695016,0.1066992331871945,0.2187420396026997,0.2128102323011333,0.2422299162274052,0.2280157930724281,0.0,0.0,0.1667179813270551,0.3214345401295548,0.3137232022942313,0.0,0.0,0.0,0.0,0.0,0.0,0.0,0.2722715107859529,0.0,0.2812033801929944,0.0,0.0,0.346042149226846,0.3057187397341381,0.297435716560078,0.284264869173235,0.0,0.3310494440300681,0.331415713570395,0.3396242785594854,0.3363320834812439,0.3004226941921631,0.2862373603870783,0.3229810232115701,0.3282381942757605,0.2982055943018843,0.3427332907204569,0.0,0.2637922102559559
0.2594014795717411,0.2786514975054155,0.3226930493960273,0.1958439836268267,0.3082104869164461,0.316407711337185,0.3004370679480121,0.323548251687024,0.3063535883113177,0.1973924663138791,0.3017563036568541,0.1410471362138859,0.2976405377385894,0.2806593946105576,0.3274528069828589,0.3029876821745267,0.2674329332401886,0.280951725934097,0.3077890355620254,0.3184051463826293,0.3009104455835085,0.3195260094976828,0.3294260230628656,0.1696082810715452,0.2579676071494386,0.2828454843966658,0.3256755527057389,0.2791792626652153,0.3008559540245409,0.2981123952389857,0.2014512302807678,0.2515296598320343,0.15263418114827,0.0,0.2179760522217979,0.2765650928173394,0.2036462812130827,0.1302892764094832,0.2753551810587677,0.1944242714837546,0.2419360100643414,0.2251134256151685,0.0,0.0,0.1541321172437603,0.3069395435374836,0.3167370087227165,0.0,0.0,0.0,0.3602286261636943,0.0,0.3582274562656832,0.0,0.2667578650492793,0.0,0.2807341573277605,0.0,0.0,0.3499311162735523,0.304929133516736,0.3182741418864576,0.288017121075085,0.0,0.3545737509099869,0.3473492799327404,0.3383814463145526,0.3707957765905879,0.2885872165429483,0.2908779142337984,0.3303562262730098,0.3724335515517369,0.3716271874883092,0.3510704848134913,0.0,0.3090230562128196
0.2984734887425254,0.3130546242017844,0.3301099203259887,0.2305858139840512,0.3050288492872502,0.3344795920190054,0.3388913439590235,0.3093477619650844,0.3069057148215057,0.1976010990593632,0.2919686014551532,0.1981454685523504,0.308095492644325,0.0,0.3510484250520392,0.3630898648825313,0.2682758581344764,0.2921328336131523,0.3078029656718743,0.3422814152582968,0.3323799144514991,0.352962781605094,0.333395225747135,0.2308202280607807,0.2770088592524346,0.318196213244992,0.3394025206529459,0.2617966356169491,0.3228024157059993,0.3159055722819112,0.2184170507753169,0.2779395665201037,0.2795811698192806,0.2179760522217979,0.0,0.3110839069163287,0.2195247279500008,0.1519342005911423,0.2454556856209432,0.0,0.1667305127682781,0.2152792106499833,0.0,0.0,0.1415611064542509,0.0,0.3474307282673544,0.0,0.0,0.0,0.0,0.0,0.0,0.0,0.2950438067505717,0.0,0.2909822931530967,0.0,0.0,0.3627762785728966,0.3360271555724649,0.0,0.3134594526833938,0.0,0.3554286365633412,0.3649360235789842,0.3560323724752564,0.3630888897316556,0.0,0.3026418503848506,0.3656228852557403,0.3645806256398672,0.2363247482797331,0.3687981406001754,0.0,0.0
0.0,0.0,0.2823865920492764,0.1402464242492356,0.1529019636696372,0.2947091424374203,0.2347330762090701,0.1671408531973767,0.2823540794891181,0.1941052075774142,0.1837697452560069,0.1936403045352622,0.2461266910237766,0.1374885566361641,0.3449222774511921,0.0,0.0,0.0,0.2688272133405305,0.3575781789964433,0.3095035296169827,0.3710296359070758,0.2990821316621342,0.205770055936406,0.0,0.3121172206475542,0.331239928044067,0.2160409806677641,0.3422742752807082,0.0,0.3152460657025437,0.1800891720022376,0.1986088433034638,0.2765650928173394,0.3110839069163287,0.0,0.1416192108659639,0.203570551595673,0.2128975085291718,0.0,0.1997724722285228,0.1725523595558456,0.2437751179144153,0.0,0.0,0.0,0.0,0.3534523435772371,0.0,0.3301205037783001,0.298010331898984,0.3342201526386397,0.0,0.3370717679833045,0.0,0.2884801251776826,0.0,0.3400463537166475,0.227901208369754,0.0,0.0,0.0,0.0,0.3063770326534818,0.0,0.0,0.0,0.299157003402041,0.0,0.0,0.0,0.3103131624121121,0.3393879550106434,0.3178214769232345,0.0,0.0
0.0,0.0,0.0,0.1434921756669499,0.2133031820074403,0.2981924300636927,0.2355325838846165,0.1955145764149939,0.2958674482212554,0.1540729322261647,0.2909467431782513,0.1873292046412981,0.2495804095908209,0.132101971175574,0.0,0.0,0.0,0.0,0.308377363648933,0.0,0.0,0.0,0.3083618642591575,0.1703556995829055,0.0,0.0,0.318857691852106,0.2143411487365318,0.3486195965387761,0.0,0.0,0.213651771166791,0.1748859233695016,0.2036462812130827,0.2195247279500008,0.1416192108659639,0.0,0.1906738814009426,0.2595110595473109,0.0,0.0,0.0,0.0,0.0,0.0,0.0,0.0,0.0,0.0,0.0,0.0,0.0,0.0,0.0,0.0,0.0,0.0,0.0,0.0,0.0,0.0,0.0,0.0,0.0,0.0,0.0,0.0,0.0,0.0,0.0,0.0,0.0,0.0,0.0,0.0,0.0
0.0,0.0,0.0,0.0,0.2930766101712128,0.3222278304953322,0.2660476559842012,0.0,0.3033845205689596,0.1915562500219297,0.3034392498112652,0.1330741542463621,0.2722573351730615,0.0,0.0,0.0,0.2410301092788256,0.0,0.0,0.0,0.0,0.0,0.3374522199372794,0.1407070665996829,0.2236525817695634,0.2179143503883793,0.0,0.2476486485053714,0.0,0.0,0.1901829309294158,0.1918046738713809,0.1066992331871945,0.1302892764094832,0.1519342005911423,0.203570551595673,0.1906738814009426,0.0,0.1667756276250989,0.1502106755731242,0.1487747186844468,0.0,0.0,0.0,0.1154125047857622,0.0,0.0,0.0,0.0,0.0,0.0,0.0,0.0,0.0,0.2057701025797027,0.0,0.1738775880912864,0.0,0.0,0.0,0.0,0.0,0.0,0.0,0.0,0.0,0.0,0.0,0.2055106494371703,0.2499625701638391,0.2493819325069252,0.0,0.0,0.0,0.0,0.2024200018428563
0.3236681303768447,0.3257494262317516,0.3599886739257437,0.0,0.3829928282713931,0.3514462820408548,0.0,0.3092422779403447,0.377064974801437,0.2760817442575037,0.0,0.2039720471274314,0.34190653637374,0.0,0.3473814830167357,0.3343547142475169,0.2855027604651669,0.3137627584067337,0.3282214501543363,0.3381494679879515,0.3457164691554726,0.3299192575614638,0.3551584138332291,0.3238682923310973,0.3055965148504618,0.3256549854720993,0.3537633955136606,0.3445450626106124,0.3335991652027599,0.3605464877616975,0.3291994764286295,0.1735394267635264,0.2187420396026997,0.2753551810587677,0.2454556856209432,0.2128975085291718,0.2595110595473109,0.1667756276250989,0.0,0.2327515876865821,0.2588077351215589,0.2571041055588924,0.1883405405502591,0.215642135204114,0.1907725615205634,0.2917254816888205,0.2901984997239464,0.3172913374303683,0.1860249800646458,0.2685755875073243,0.3039076532819459,0.2744402891775968,0.2807413747289843,0.3178381096301219,0.2644535045549106,0.2649634956028611,0.1878742491155395,0.2801013414950902,0.1784958836730256,0.3053422016944053,0.3073655121643508,0.3042958364253327,0.3017335897564944,0.3066100145831007,0.3174990847095605,0.2947182681706648,0.3064521732898242,0.3007934353444979,0.2656511514146546,0.280691976607598,0.2949244100837407,0.3131131455617694,0.2695312264493247,0.2935916539130314,0.2940788419242088,0.2814084108949535
0.3069791363315342,0.3271467664957224,0.0,0.0,0.0,0.0,0.0,0.0,0.0,0.253978207359377,0.0,0.2435914787911173,0.0,0.0,0.3574928533272208,0.3132335495902493,0.2498274928735745,0.2751166074789703,0.0,0.3333876642540688,0.323701497034842,0.3357310256941175,0.3204732550839738,0.2047288285425622,0.2802224735980941,0.2938685642551116,0.3417130096966529,0.2473218837277664,0.0,0.0,0.250596109280413,0.2340599914857281,0.2128102323011333,0.1944242714837546,0.0,0.0,0.0,0.1502106755731242,0.2327515876865821,0.0,0.1713755026845307,0.274251777657777,0.28103244753875,0.1794419972509807,0.1408496906833364,0.2505623759741285,0.251667631767294,0.0,0.0,0.290034893092311,0.2783541407163992,0.2747321943837499,0.2649696782231659,0.3267430797141656,0.2090252314910353,0.3153201707839348,0.1904326607428081,0.2840467485064757,0.0,0.2870971214920221,0.2665480274417129,0.2453696925954301,0.2492723528880248,0.0,0.2839487870389366,0.2569359944933745,0.2769605498864324,0.2796685451970635,0.1966950918168989,0.2285325376139178,0.2565797866008069,0.2875422297306298,0.2539871540875046,0.2735931482648064,0.2563050107062766,0.2182839375304271
0.2971142477733811,0.3169245036956177,0.0,0.0,0.0,0.3583480479338141,0.0,0.3444507595629172,0.0,0.2533729383585928,0.0,0.2428649295887562,0.3861012357109335,0.0,0.3479401989937465,0.3088199290853189,0.2685486154523408,0.2618514481956777,0.0,0.3380731974353941,0.3430700248541722,0.331038646421623,0.3727865681330129,0.2071882833770829,0.271317866792747,0.3018144163039148,0.362660932385946,0.3735051775879603,0.3481141290240413,0.0,0.3167540356766938,0.2601622414224254,0.2422299162274052,0.2419360100643414,0.1667305127682781,0.1997724722285228,0.0,0.1487747186844468,0.2588077351215589,0.1713755026845307,0.0,0.2607611828981306,0.2403320076286046,0.1783919328942308,0.1368688675585966,0.2378959874146128,0.2605636720058747,0.3394802048383006,0.1466956885285743,0.2905950838179146,0.3169077394846694,0.2787428300615795,0.3156770493291193,0.330157757112999,0.1905219616744053,0.3112282362993036,0.1820012039382771,0.2853475444405333,0.2842582080963772,0.3073209931292527,0.29186536595135,0.2580715611870501,0.2604760247908727,0.3261524664720908,0.3023601066685391,0.3039572622821144,0.297105209469665,0.3206316179888464,0.204698257860677,0.2393633201244916,0.264697070547077,0.3224583595929485,0.252797355588559,0.2934152694651118,0.2927742804304598,0.1811484146793587
