0.0,0.3350069069138386,0.0,0.0,0.0,0.4004966557878124,0.0,0.43950680399652,0.0,0.3244087808475678,0.0,0.3184350391456458,0.4394180074787623,0.0,0.3556553377255365,0.331020676031278,0.3011882528706754,0.3070549585654593,0.0,0.3947212970357864,0.3567520306616908,0.3601988351649314,0.4010377552921095,0.3168909621377923,0.3024247718992421,0.3062112053261462,0.3946024435095578,0.3927622849736894,0.3735342655254382,0.0,0.3091438450468752,0.347780090029348,0.2861804676965579,0.316580244496047,0.3421940906379207,0.0,0.0,0.4305631737769449,0.3638396144666183,0.3473757603111559,0.3399653560611483,0.0,0.0,0.0,0.0,0.3220801165399686,0.3768567900486121,0.0,0.0,0.0,0.0,0.0,0.0,0.0,0.0,0.0,0.0,0.0,0.0,0.0,0.3693658196590766,0.0,0.3626426745259151,0.0,0.0,0.4000120507985782,0.3571499755619792,0.0,0.3305994836101598,0.3623686273341838,0.3810665044738064,0.0,0.0,0.0,0.0,0.3656662695718157
0.3350069069138386,0.0,0.0,0.0,0.3593966602588048,0.3287219502310217,0.3651860355664922,0.4050854283546789,0.3491014362300172,0.0,0.0,0.0,0.358952749177869,0.0,0.3576905761814971,0.3315042472382272,0.3775086480792604,0.3304472294660617,0.0,0.3523582670726238,0.3573688171543484,0.3162110772786388,0.3540620857155463,0.0,0.3196465549373722,0.3120527521976668,0.3536811817492447,0.3634132706995338,0.3259767154413429,0.0,0.3244855437813595,0.3303128280446072,0.293981585652925,0.3194150174482481,0.3518598499301228,0.0,0.0,0.0,0.3805948087618854,0.3721649702646053,0.3503196876935032,0.4008439896538621,0.0,0.0,0.0,0.3695865186219886,0.3599027892037652,0.0,0.0,0.0,0.4349064691626018,0.0,0.0,0.0,0.0,0.0,0.0,0.0,0.0,0.4111833753733888,0.3770103370121159,0.0,0.3728737816461011,0.0,0.3796477629997602,0.4031006069680874,0.3738412426234052,0.4172697048818908,0.0,0.3802854546891521,0.393404055432938,0.4073691856077946,0.0,0.4040484508250625,0.0,0.3666290370931692
0.0,0.0,0.0,0.0,0.3467189502970124,0.3237220991411424,0.3637278472432517,0.3751771393037035,0.2375276446915232,0.0,0.269670889456388,0.0,0.3766740454045353,0.3264023182786912,0.0,0.0,0.0,0.0,0.2280828621938031,0.0,0.0,0.0,0.2956364724663183,0.0,0.0,0.0,0.2425157158413508,0.3836094202634976,0.0,0.0,0.3864720884764199,0.3589741292275958,0.0,0.3906509731567066,0.3970241272115989,0.3530983514263096,0.390242706494194,0.0,0.4766490994571534,0.0,0.0,0.0,0.4368706125074981,0.0,0.0,0.0,0.0,0.347480482129352,0.0,0.5007332433334627,0.4514578728652257,0.4852624438616608,0.4691483660292939,0.4510572056509296,0.0,0.3867203592281433,0.0,0.4932340540770734,0.4240641639300897,0.0,0.0,0.0,0.0,0.2722343211400207,0.0,0.0,0.0,0.4442198718047569,0.0,0.0,0.0,0.4559602451284544,0.5205223043290429,0.0,0.0,0.0
0.0,0.0,0.0,0.0,0.2512425017066851,0.3360672185963273,0.2701809729502071,0.3131727801544666,0.333647518288053,0.0,0.302558593609414,0.258956954477156,0.2605002451907643,0.2724262828365421,0.0,0.0,0.0,0.0,0.333798508528242,0.4108717265302248,0.0,0.0,0.3439988520802317,0.0,0.0,0.0,0.3816391382792483,0.209580008260853,0.0,0.0,0.2483201974708555,0.2477936698454236,0.0,0.2097597763526375,0.27328718117855,0.1684837318457321,0.1493800077205069,0.0,0.0,0.0,0.0,0.0,0.0,0.0,0.0,0.0,0.0,0.0,0.0,0.0,0.0,0.0,0.0,0.0,0.0,0.0,0.0,0.0,0.0,0.0,0.0,0.0,0.0,0.0,0.0,0.0,0.0,0.0,0.0,0.0,0.0,0.0,0.0,0.0,0.0,0.0
0.0,0.3593966602588048,0.3467189502970124,0.2512425017066851,0.0,0.3209736689929872,0.2782162782265781,0.3166569831251137,0.271519094343106,0.3556972002918488,0.259710312240103,0.3409339059498815,0.3100211965403063,0.2702060156774079,0.0,0.3937671143418065,0.0,0.0,0.301117521989672,0.3273683590143847,0.0,0.3522882205793966,0.328329726581714,0.0,0.3913231318301172,0.3970386910387996,0.3387890821557954,0.2987624511863603,0.3360486981012487,0.0,0.3439864021948925,0.3049567685531699,0.4027670137219337,0.3331862392244928,0.2923487022223521,0.2265260368213637,0.2121311847309588,0.0,0.0,0.0,0.0,0.0,0.3543420888451126,0.0,0.0,0.0,0.0,0.4574749070975303,0.0,0.0,0.4595229866823224,0.0,0.4480883895791679,0.0,0.0,0.38017607454873,0.0,0.0,0.0,0.0,0.0,0.0,0.0,0.459550264462996,0.0,0.0,0.0,0.4188901418316739,0.0,0.0,0.0,0.4497856110600864,0.0,0.0,0.0,0.0
0.4004966557878124,0.3287219502310217,0.3237220991411424,0.3360672185963273,0.3209736689929872,0.0,0.3474354450556663,0.3308163681683567,0.2680653839007181,0.3741623256950599,0.3074362078075661,0.4109259957782606,0.3297986017991436,0.2978843521472317,0.3768932307630891,0.3516815193687033,0.0,0.3551259218382261,0.3339872874932454,0.3577747582884696,0.3581546474474819,0.3619536015131698,0.3287973958170582,0.0,0.3091617953207935,0.3600114198595111,0.3219260046594777,0.3288071133299727,0.2933249509711186,0.3518855913747282,0.3669314296181182,0.3402271035753399,0.3419690571988485,0.3703680457805216,0.3636924063272783,0.353021290948254,0.3601482513924315,0.0,0.3925238604009343,0.0,0.4243550323683502,0.4651486037216114,0.4082104080559817,0.0,0.0,0.0,0.0,0.4355675406417883,0.0,0.0,0.4148881967640774,0.4471506686827203,0.3940200807183481,0.4206671953348663,0.0,0.0,0.0,0.4312136402727926,0.0,0.4311877278888932,0.0,0.0,0.0,0.4498448073115756,0.4259900980218228,0.4215994239322727,0.0,0.4260908999444339,0.0,0.0,0.0,0.4206170944139621,0.423997065996076,0.4026124086388935,0.4667633650798207,0.4304452450509366
0.0,0.3651860355664922,0.3637278472432517,0.2701809729502071,0.2782162782265781,0.3474354450556663,0.0,0.3147641989517909,0.3187355645961978,0.3465478629102706,0.3700211389684345,0.3180200520209638,0.2769613598670226,0.3276177715944712,0.0,0.3859715305194784,0.0,0.3832030231922936,0.3487783620766739,0.3602815647096727,0.0,0.3759159742838522,0.3384791774445513,0.0,0.3633541868084372,0.3642049778579797,0.3556676483598279,0.3155953573208589,0.3522636198425998,0.0,0.3259348565906506,0.3276211193551899,0.3551388667629894,0.3465795344192525,0.3438394846330918,0.2676740894286993,0.2751338155402192,0.0,0.4872912542715573,0.0,0.0,0.0,0.0,0.0,0.0,0.0,0.0,0.4970336691685685,0.0,0.0,0.0,0.0,0.440599142722795,0.0,0.0,0.0,0.0,0.0,0.0,0.0,0.0,0.0,0.0,0.0,0.0,0.0,0.0,0.4188731868888375,0.0,0.0,0.0,0.4292737154550542,0.0,0.0,0.0,0.0
0.43950680399652,0.4050854283546789,0.3751771393037035,0.3131727801544666,0.3166569831251137,0.3308163681683567,0.3147641989517909,0.0,0.3782954706529706,0.0,0.2657225893030089,0.4847277924659656,0.3419068174483011,0.2882434169467612,0.3477517497571336,0.3999279177524832,0.0,0.4115709456442507,0.3470749671098553,0.3667897636452873,0.3387318111157146,0.3905543472929988,0.3100973841897028,0.4443239458581499,0.3772847797245556,0.4006463992550634,0.3680648591767103,0.3382356041004483,0.3110253875984893,0.335983117846055,0.3405918105607886,0.3234263675511044,0.3939015391427503,0.3359083180575059,0.3737838934225623,0.2156257695252832,0.3125103038948259,0.0,0.3509074276779084,0.0,0.430443874028259,0.0,0.3379201154361022,0.0,0.0,0.0,0.0,0.4300275816484796,0.0,0.4696540358938582,0.3910251379074127,0.4138876761068112,0.3418430745620561,0.4160235933025637,0.0,0.3608820240171386,0.0,0.3856309543443543,0.3330834260860594,0.4385024703225319,0.0,0.0,0.0,0.4281236199614972,0.3829355455087312,0.4141601519994895,0.0,0.4079760514852533,0.0,0.0,0.0,0.4275819832845454,0.4020861848920736,0.3906365098994492,0.0,0.4228505480930712
0.0,0.3491014362300172,0.2375276446915232,0.333647518288053,0.271519094343106,0.2680653839007181,0.3187355645961978,0.3782954706529706,0.0,0.3787786041343207,0.2358265753850612,0.0,0.2973962862913764,0.3249065126987537,0.0,0.0,0.0,0.0,0.2051671003036411,0.3442321910055617,0.0,0.3648838291967203,0.3412469777766628,0.0,0.3798456496440169,0.4115863159695141,0.3032564011761568,0.3564299901149437,0.3336811679320689,0.3841368129676754,0.3522584076084772,0.3316945301084259,0.0,0.3601561471463212,0.3639501523566578,0.3422536709532967,0.3518655843325465,0.0,0.4422100106335748,0.0,0.6619149131000156,0.0,0.3891522633753289,0.0,0.0,0.0,0.0,0.4551859374181938,0.0,0.4934108838584521,0.4447811827495584,0.4969801028484607,0.4089394974413225,0.4638024718192545,0.0,0.4407171380775442,0.0,0.4968005244778701,0.0,0.0,0.0,0.0,0.0,0.4633992751962088,0.0,0.0,0.0,0.4257856341836231,0.0,0.0,0.0,0.4139265954898279,0.5071982401804729,0.0,0.0,0.0
0.3244087808475678,0.0,0.0,0.0,0.3556972002918488,0.3741623256950599,0.3465478629102706,0.0,0.3787786041343207,0.0,0.0,0.2440320205626749,0.3460559824809563,0.0,0.0,0.3245849049774527,0.262396487459826,0.2950272318542338,0.0,0.4105942996121383,0.0,0.3681290933528122,0.0,0.2465650456645715,0.2647534029224359,0.2787824449568147,0.0,0.3435931778688893,0.3976634198992731,0.0,0.2651419148171524,0.2986096259455293,0.245490148439691,0.2275941195889093,0.2325296761281451,0.3192232054166786,0.1376411405916817,0.2277814168765049,0.3317139255394908,0.278888894058217,0.2691547613753958,0.2931123941577269,0.0,0.0,0.2412755465246794,0.3850320559278339,0.0,0.0,0.0,0.0,0.0,0.0,0.0,0.0,0.3475297270339117,0.0,0.3574919848307165,0.3568504200777113,0.0,0.0,0.0,0.3669702540710178,0.3452405714002814,0.0,0.0,0.0,0.0,0.0,0.3323179053266892,0.3645350501716171,0.3750012231556855,0.0,0.3276452346418622,0.0,0.0,0.2993583834802983
0.0,0.0,0.269670889456388,0.302558593609414,0.259710312240103,0.3074362078075661,0.3700211389684345,0.2657225893030089,0.2358265753850612,0.0,0.0,0.0,0.3684123200625114,0.2593696989564486,0.0,0.0,0.0,0.0,0.2033623894848346,0.0,0.0,0.0,0.2505837883607824,0.0,0.0,0.0,0.3317496618269633,0.3684917606549987,0.0,0.0,0.3544521279958631,0.3167332378042877,0.0,0.3754008847559573,0.3250329032292157,0.2773044390610962,0.0,0.0,0.0,0.0,0.0,0.0,0.3549557958423766,0.0,0.0,0.0,0.0,0.4030606685224344,0.0,0.3520886119934878,0.4444606828553876,0.385901518058301,0.4069028116814637,0.3750808401634438,0.0,0.2128873525567325,0.0,0.3871376000897133,0.3004001723247531,0.0,0.0,0.0,0.0,0.2089914637387165,0.0,0.0,0.0,0.4292211289509034,0.0,0.0,0.0,0.462883145127675,0.4286998785562946,0.0,0.0,0.0
0.3184350391456458,0.0,0.0,0.258956954477156,0.3409339059498815,0.4109259957782606,0.3180200520209638,0.4847277924659656,0.0,0.2440320205626749,0.0,0.0,0.3427473237445962,0.0,0.0,0.0,0.302702360845509,0.3265492721066377,0.0,0.0,0.438690072973741,0.0,0.4805078638921417,0.2405235349285317,0.2827024538695334,0.2606853084718027,0.4677403106455452,0.3279996421520128,0.0,0.0,0.2894717557201807,0.2540866431747061,0.2591232596661258,0.227109920756651,0.2709354964241046,0.2592543874933568,0.277430743614212,0.2071506071923601,0.2452718317334783,0.3194855890789536,0.3137809651060959,0.3497103089656898,0.3744287407648867,0.0,0.2981495030783646,0.0,0.0,0.0,0.0,0.0,0.0,0.0,0.0,0.0,0.3787772535494333,0.0,0.3793312605930749,0.3866314581972324,0.0,0.0,0.0,0.3891370851575686,0.3715396940318453,0.0,0.0,0.0,0.0,0.0,0.359907569256274,0.3820137452104925,0.390533121149597,0.0,0.3592949649179477,0.0,0.0,0.355399419940749
0.4394180074787623,0.358952749177869,0.3766740454045353,0.2605002451907643,0.3100211965403063,0.3297986017991436,0.2769613598670226,0.3419068174483011,0.2973962862913764,0.3460559824809563,0.3684123200625114,0.3427473237445962,0.0,0.3196208830887013,0.3603318391199189,0.3845764879369246,0.3751714716034048,0.3786381191051626,0.3528699813327871,0.3587673062766552,0.3603989014823323,0.3814677492950883,0.3401817857459882,0.3364471016211395,0.3632086591560085,0.3539082468479615,0.3554649448866311,0.2815528270251775,0.3280633561891403,0.3009025432628923,0.3404627978146444,0.3336296059913446,0.365154620104166,0.3515143524026103,0.3405089107699725,0.2831021692554383,0.2713509005211649,0.3398707940302277,0.4121139122427468,0.0,0.0,0.0,0.0,0.0,0.0,0.0,0.0,0.0,0.0,0.0,0.4291710483174549,0.0,0.404144317047079,0.0,0.0,0.0,0.0,0.0,0.0,0.0,0.0,0.0,0.0,0.0,0.4742762319660613,0.0,0.0,0.4145507168636636,0.0,0.0,0.0,0.4190595152922711,0.0,0.4345550771813153,0.0,0.0
0.0,0.0,0.3264023182786912,0.2724262828365421,0.2702060156774079,0.2978843521472317,0.3276177715944712,0.2882434169467612,0.3249065126987537,0.0,0.2593696989564486,0.0,0.3196208830887013,0.0,0.0,0.0,0.0,0.0,0.3001451743836095,0.0,0.3562614914622861,0.0,0.2848367698159449,0.0,0.0,0.0,0.3486643969897457,0.1833743970330473,0.0,0.0,0.0,0.2267241741620292,0.0,0.0,0.0,0.2010415582374469,0.1519736468002933,0.0,0.0,0.0,0.0,0.0,0.3447175332289136,0.0,0.0,0.0,0.0,0.4582695642655018,0.0,0.0,0.0,0.0,0.0,0.4367443233786741,0.0,0.3800647423330922,0.0,0.0,0.0,0.0,0.0,0.0,0.0,0.0,0.0,0.0,0.0,0.4193664946166373,0.0,0.0,0.0,0.4615077200045927,0.0,0.0,0.0,0.0
0.3556553377255365,0.3576905761814971,0.0,0.0,0.0,0.3768932307630891,0.0,0.3477517497571336,0.0,0.0,0.0,0.0,0.3603318391199189,0.0,0.0,0.3615904959492111,0.0,0.3471716873601287,0.0,0.2383354930582616,0.3527163495185866,0.2890636177607872,0.3086540592154383,0.4220344521761881,0.3247196717202951,0.3356700557370745,0.345283743217501,0.3529124029475041,0.309663436105081,0.0,0.3399921036244587,0.3686643194695777,0.341403845357879,0.3632394746573087,0.3999786978296396,0.4078273077879066,0.0,0.0,0.4181459509732136,0.4051361719407725,0.4253293564942081,0.4524348770925271,0.0,0.0,0.0,0.0,0.4281493709751257,0.0,0.0,0.0,0.4051878309430842,0.0,0.3460514569962266,0.0,0.0,0.0,0.0,0.0,0.0,0.4315260434671769,0.437788246865916,0.0,0.0,0.0,0.3905411659405814,0.4248381108560597,0.4250568707036333,0.4144735177061786,0.0,0.46635901420447,0.4532272657603977,0.4097276784731003,0.0,0.3920894467411542,0.0,0.4208952989393699
0.331020676031278,0.3315042472382272,0.0,0.0,0.3937671143418065,0.3516815193687033,0.3859715305194784,0.3999279177524832,0.0,0.3245849049774527,0.0,0.0,0.3845764879369246,0.0,0.3615904959492111,0.0,0.3167739112902163,0.2901004240544551,0.0,0.3365310244378214,0.3610005807346386,0.3223481598766957,0.3563030372090607,0.0,0.3224042792913373,0.3433879584141007,0.369781174510488,0.3786299081636749,0.3451677953506472,0.3697160154090691,0.3022992081310469,0.3277594277865401,0.3164950276663159,0.3322919294506869,0.3615704965578931,0.0,0.0,0.0,0.3700732286345216,0.3532510655772894,0.3782124412421007,0.4042223132578371,0.0,0.0,0.0,0.3502617301297382,0.3846953358481604,0.0,0.0,0.0,0.0,0.0,0.0,0.0,0.0,0.0,0.0,0.0,0.0,0.4260465073167208,0.3749676353697619,0.0,0.3610723808230828,0.0,0.4244545386909634,0.4137665533902947,0.4011447230693883,0.5268565317313378,0.0,0.3755265916094681,0.3949137601143813,0.4854204563810034,0.0,0.4526132455321752,0.0,0.3671984756812497
0.3011882528706754,0.3775086480792604,0.0,0.0,0.0,0.0,0.0,0.0,0.0,0.262396487459826,0.0,0.302702360845509,0.3751714716034048,0.0,0.0,0.3167739112902163,0.0,0.2640684699191589,0.0,0.3779979640856398,0.0,0.3243703222585369,0.0,0.3105025702612332,0.2590205020974925,0.3105589858204108,0.0,0.3658134031624949,0.4035894065772427,0.0,0.2857463320421724,0.3624240639676134,0.3013751835850556,0.3159752431935969,0.3342305956341336,0.0,0.0,0.2881208456841986,0.0,0.3080231647939924,0.0,0.0,0.0,0.0,0.0,0.0,0.0,0.0,0.0,0.0,0.0,0.0,0.0,0.0,0.3654860404092982,0.0,0.3879726503790809,0.0,0.0,0.0,0.0,0.3689784017879154,0.3606442001346685,0.0,0.0,0.0,0.0,0.0,0.3882734124436162,0.3634007609059374,0.3767353264875208,0.0,0.0,0.0,0.0,0.0
0.3070549585654593,0.3304472294660617,0.0,0.0,0.0,0.3551259218382261,0.3832030231922936,0.4115709456442507,0.0,0.2950272318542338,0.0,0.3265492721066377,0.3786381191051626,0.0,0.3471716873601287,0.2901004240544551,0.2640684699191589,0.0,0.0,0.3494932671131791,0.3457182084885287,0.3418854389121584,0.3682649163725919,0.2884277417791518,0.2936062502405059,0.3108522700463109,0.3647879465389249,0.3729683296825338,0.3546866469873996,0.3817074176563787,0.3023244989662711,0.3535348434525557,0.280109581212337,0.3170204134589748,0.339942667762974,0.0,0.0,0.0,0.3351356333851152,0.3276673734014658,0.3321898547059395,0.3723673456672011,0.0,0.0,0.0,0.3453132560504082,0.3703334726935343,0.0,0.0,0.0,0.0,0.0,0.0,0.0,0.3669588433564731,0.0,0.3607370669159098,0.0,0.0,0.0,0.3609588766705174,0.3638912687467777,0.3466911273550548,0.0,0.0,0.0,0.3821302943406033,0.0,0.3746751677165305,0.3596109171520442,0.3705120012879508,0.0,0.0,0.0,0.0,0.3604744276990589
0.0,0.0,0.2280828621938031,0.333798508528242,0.301117521989672,0.3339872874932454,0.3487783620766739,0.3470749671098553,0.2051671003036411,0.0,0.2033623894848346,0.0,0.3528699813327871,0.3001451743836095,0.0,0.0,0.0,0.0,0.0,0.0,0.0,0.0,0.2551054540699783,0.0,0.0,0.0,0.2986444663466631,0.3418231941373478,0.0,0.0,0.3718344771879353,0.3309948311618643,0.0,0.3723406054080745,0.0,0.3221067372225723,0.0,0.0,0.4617769824131744,0.0,0.0,0.0,0.3948246601656468,0.0,0.0,0.0,0.0,0.4450898259589897,0.0,0.5001512043963504,0.4626467655250071,0.5048536692023824,0.4673329863575255,0.4544558956178314,0.0,0.3509396594982405,0.0,0.5324882079742901,0.0,0.0,0.0,0.0,0.0,0.451126191012048,0.0,0.0,0.0,0.4638263335466546,0.0,0.0,0.0,0.4644633738239777,0.0,0.0,0.0,0.0
0.3947212970357864,0.3523582670726238,0.0,0.4108717265302248,0.3273683590143847,0.3577747582884696,0.3602815647096727,0.3667897636452873,0.3442321910055617,0.4105942996121383,0.0,0.0,0.3587673062766552,0.0,0.2383354930582616,0.3365310244378214,0.3779979640856398,0.3494932671131791,0.0,0.0,0.3603625711745913,0.3005809891530579,0.2907730361526462,0.0,0.3334142550158617,0.3647877229141276,0.2943221905380462,0.3200212704363063,0.2765231988040735,0.2793339987627201,0.3074091663070204,0.3923520347783634,0.3276243604259126,0.3756687530655846,0.4043773718841552,0.451170798322132,0.4324776792702037,0.0,0.4125253968548387,0.3972488277136254,0.4219679787401142,0.4390292890656034,0.0,0.0,0.0,0.0,0.0,0.0,0.0,0.0,0.4281098713417964,0.0,0.0,0.0,0.0,0.0,0.0,0.0,0.0,0.407355455692236,0.0,0.0,0.0,0.0,0.398447125895446,0.3964487278989472,0.3991955596609288,0.4244474134512667,0.0,0.0,0.414330375186562,0.4200681528648957,0.4483164597942476,0.4054694688806513,0.555780814821201,0.422804142127444
0.3567520306616908,0.3573688171543484,0.0,0.0,0.0,0.3581546474474819,0.0,0.3387318111157146,0.0,0.0,0.0,0.438690072973741,0.3603989014823323,0.3562614914622861,0.3527163495185866,0.3610005807346386,0.0,0.3457182084885287,0.0,0.3603625711745913,0.0,0.3863396770080249,0.3336272953649536,0.4183766516101984,0.3473227915689658,0.3478525064909968,0.3621928984689914,0.3542476864650262,0.3362592694958501,0.0,0.3467916413102959,0.3673269646403914,0.3282417374217857,0.3623538025176943,0.4114914398276979,0.0,0.0,0.0,0.3871885529855509,0.3532129732678344,0.4058338054242522,0.4405273367938179,0.0,0.0,0.0,0.3060701251472475,0.401603016384895,0.0,0.0,0.0,0.364634306712252,0.0,0.335974621285225,0.0,0.0,0.0,0.0,0.0,0.0,0.4208921826356611,0.4009244769323766,0.0,0.0,0.0,0.3893450500884271,0.3835736760376075,0.4195272327135907,0.4160046256473932,0.0,0.4163846302728113,0.4168514591390913,0.417645899020309,0.4212639373807743,0.3476121125459145,0.0,0.4099847289594384
0.3601988351649314,0.3162110772786388,0.0,0.0,0.3522882205793966,0.3619536015131698,0.3759159742838522,0.3905543472929988,0.3648838291967203,0.3681290933528122,0.0,0.0,0.3814677492950883,0.0,0.2890636177607872,0.3223481598766957,0.3243703222585369,0.3418854389121584,0.0,0.3005809891530579,0.3863396770080249,0.0,0.3230880854781187,0.0,0.3260974460879673,0.3467059228316063,0.372403902041005,0.3608969443304877,0.3212458034667289,0.3319798044771956,0.3215784851863862,0.3755411730775677,0.3303859824366038,0.3660285072394093,0.4040317055188622,0.4470800753495226,0.4282449480634683,0.0,0.4078025541372638,0.3938386996795273,0.4062206853203441,0.440004767188443,0.5236414893475521,0.0,0.0,0.3891181975510547,0.4035999204978249,0.0,0.0,0.0,0.4021576608270144,0.0,0.0,0.0,0.0,0.0,0.0,0.0,0.0,0.4285673019943155,0.398900466610547,0.0,0.4263768009325879,0.0,0.4018567913797999,0.4243612142333259,0.4145805693757177,0.4135953319135773,0.0,0.3946118583783016,0.4224660254734945,0.4132463686874097,0.0,0.3920812808420525,0.0,0.4053301046612844
0.4010377552921095,0.3540620857155463,0.2956364724663183,0.3439988520802317,0.328329726581714,0.3287973958170582,0.3384791774445513,0.3100973841897028,0.3412469777766628,0.0,0.2505837883607824,0.4805078638921417,0.3401817857459882,0.2848367698159449,0.3086540592154383,0.3563030372090607,0.0,0.3682649163725919,0.2551054540699783,0.2907730361526462,0.3336272953649536,0.3230880854781187,0.0,0.4291597995245233,0.3488316433494485,0.3653413393515101,0.2921738480532217,0.3412921089610796,0.3187078720828657,0.3415415228386728,0.3540532023473083,0.3435759214347474,0.3390232597429732,0.3723594090831196,0.3935776465432613,0.3315605419897403,0.3636004218250859,0.0,0.4232553869648765,0.0,0.4233235237720846,0.4368883467190799,0.421507332307018,0.4933953174322529,0.0,0.0,0.4304798232000023,0.4379261768867633,0.0,0.4901034363110296,0.4226875620645081,0.4179503175878777,0.4128676506243308,0.4198776377322645,0.0,0.403885967455766,0.0,0.4196395887908101,0.4439836370816867,0.4215484726114796,0.0,0.0,0.0,0.4398215698639054,0.4189951741279724,0.4189790757367483,0.422185897775546,0.4366098940779773,0.0,0.0,0.4222298294689554,0.4390851803348224,0.4298780678223607,0.4162435164923815,0.4384519088803231,0.4313995460972535
0.3168909621377923,0.0,0.0,0.0,0.0,0.0,0.0,0.4443239458581499,0.0,0.2465650456645715,0.0,0.2405235349285317,0.3364471016211395,0.0,0.4220344521761881,0.0,0.3105025702612332,0.2884277417791518,0.0,0.0,0.4183766516101984,0.0,0.4291597995245233,0.0,0.2788626975064449,0.292072262347059,0.4588586256332804,0.3347173761844398,0.0,0.0,0.2561425847816952,0.2742905718806003,0.1741093477331396,0.1986682165828994,0.2174767749698331,0.0,0.0,0.1887232275786909,0.3588397454675672,0.2997986086978794,0.2974903537483904,0.0,0.0,0.0,0.2509390867404694,0.3490381070510242,0.0,0.0,0.0,0.0,0.0,0.0,0.0,0.0,0.3668437439038546,0.0,0.3691729967620414,0.0,0.0,0.0,0.3710805152617468,0.4024163008357449,0.3703506650175834,0.0,0.0,0.0,0.0,0.0,0.3341979404946672,0.3818988173913692,0.3952754752712927,0.0,0.2725679299519047,0.0,0.0,0.3165430922871871
0.3024247718992421,0.3196465549373722,0.0,0.0,0.3913231318301172,0.3091617953207935,0.3633541868084372,0.3772847797245556,0.3798456496440169,0.2647534029224359,0.0,0.2827024538695334,0.3632086591560085,0.0,0.3247196717202951,0.3224042792913373,0.2590205020974925,0.2936062502405059,0.0,0.3334142550158617,0.3473227915689658,0.3260974460879673,0.3488316433494485,0.2788626975064449,0.0,0.295607055340621,0.3404140006319792,0.3612572720191758,0.3232431708392913,0.0,0.3057282696447275,0.3375531188103019,0.2635004594121985,0.2942173621124472,0.3174492740683315,0.0,0.0,0.2701235962155683,0.361082310091603,0.3394703579690182,0.330261305434266,0.3668383528558107,0.0,0.0,0.0,0.352668987275168,0.3506134523672227,0.0,0.0,0.0,0.0,0.0,0.0,0.0,0.3604629816318689,0.0,0.3666566227235349,0.5252225315458361,0.0,0.4016099177013933,0.3648693441114812,0.3632812271118432,0.3499103622368337,0.0,0.4002374683761386,0.387633510895462,0.3748254295880838,0.0,0.3625009444234156,0.3637223011220384,0.3724458394691839,0.0,0.0,0.3971146151193872,0.0,0.3548438466112764
0.3062112053261462,0.3120527521976668,0.0,0.0,0.3970386910387996,0.3600114198595111,0.3642049778579797,0.4006463992550634,0.4115863159695141,0.2787824449568147,0.0,0.2606853084718027,0.3539082468479615,0.0,0.3356700557370745,0.3433879584141007,0.3105589858204108,0.3108522700463109,0.0,0.3647877229141276,0.3478525064909968,0.3467059228316063,0.3653413393515101,0.292072262347059,0.295607055340621,0.0,0.3739139352728344,0.3630125515509965,0.3295151255913767,0.0,0.3187043831060059,0.3436393172174452,0.2860449856083966,0.3095001960813144,0.348648816768327,0.3736958539186039,0.0,0.2797460461582808,0.3785672223009435,0.3469995687598762,0.3678704188639486,0.3906950905750373,0.0,0.0,0.2956360179030702,0.3673249940630022,0.3728611287758599,0.0,0.0,0.0,0.4274191165131059,0.0,0.0,0.0,0.3886564909053595,0.0,0.3914447824124739,0.4882114419555111,0.0,0.4414371088579215,0.3775047373217258,0.3833093142894941,0.3593215688279644,0.0,0.3982616400489114,0.4141904292563356,0.4104096515065085,0.4221249106760813,0.3733904095690252,0.3734233726129287,0.387179965537439,0.4192141725041453,0.4311008223613095,0.4052305113232489,0.0,0.3641187789332336
0.3946024435095578,0.3536811817492447,0.2425157158413508,0.3816391382792483,0.3387890821557954,0.3219260046594777,0.3556676483598279,0.3680648591767103,0.3032564011761568,0.0,0.3317496618269633,0.4677403106455452,0.3554649448866311,0.3486643969897457,0.345283743217501,0.369781174510488,0.0,0.3647879465389249,0.2986444663466631,0.2943221905380462,0.3621928984689914,0.372403902041005,0.2921738480532217,0.4588586256332804,0.3404140006319792,0.3739139352728344,0.0,0.3525190123061466,0.3218214995227617,0.3434452271344487,0.3599002068817533,0.3650353115013438,0.3388363780450194,0.3870624669441267,0.4034538053711899,0.4069244828325812,0.3916133593056901,0.0,0.4190509537039963,0.0,0.4414967644186987,0.448440730481199,0.4199318347241214,0.0,0.0,0.0,0.0,0.4688770060379913,0.0,0.4779597868736872,0.4294172651237317,0.4488436278583952,0.4352442453843009,0.4496696092503018,0.0,0.448967323309732,0.0,0.4319946619911722,0.0,0.4221100448739549,0.0,0.0,0.0,0.4780555317878191,0.4224669526668861,0.4197812143859936,0.4278280942822033,0.4435590631505697,0.0,0.0,0.4415813331379885,0.4360715401252281,0.4393494603016218,0.4199803747848443,0.4534092525736224,0.4424668450937898
0.3927622849736894,0.3634132706995338,0.3836094202634976,0.209580008260853,0.2987624511863603,0.3288071133299727,0.3155953573208589,0.3382356041004483,0.3564299901149437,0.3435931778688893,0.3684917606549987,0.3279996421520128,0.2815528270251775,0.1833743970330473,0.3529124029475041,0.3786299081636749,0.3658134031624949,0.3729683296825338,0.3418231941373478,0.3200212704363063,0.3542476864650262,0.3608969443304877,0.3412921089610796,0.3347173761844398,0.3612572720191758,0.3630125515509965,0.3525190123061466,0.0,0.280765334008321,0.2472634916636709,0.3116487388220332,0.3250834631356881,0.3331157886824961,0.3436688201360209,0.3222155397263603,0.2485989671594812,0.2185770840461562,0.2990812035258279,0.4009719549914946,0.0,0.4405495461802758,0.5153988851057416,0.0,0.0,0.0,0.0,0.0,0.0,0.0,0.0,0.4165488326999031,0.0,0.400700334559027,0.0,0.0,0.0,0.0,0.4754491984929599,0.0,0.4409018936000334,0.0,0.0,0.0,0.0,0.4164965334635444,0.415905172116912,0.0,0.4234368012492591,0.0,0.5459860119754382,0.4643328118410563,0.421165783463824,0.4384030791898099,0.4153034967418068,0.0,0.4550003636267023
0.3735342655254382,0.3259767154413429,0.0,0.0,0.3360486981012487,0.2933249509711186,0.3522636198425998,0.3110253875984893,0.3336811679320689,0.3976634198992731,0.0,0.0,0.3280633561891403,0.0,0.309663436105081,0.3451677953506472,0.4035894065772427,0.3546866469873996,0.0,0.2765231988040735,0.3362592694958501,0.3212458034667289,0.3187078720828657,0.0,0.3232431708392913,0.3295151255913767,0.3218214995227617,0.280765334008321,0.0,0.2849267826340109,0.305212209609749,0.3369293701052019,0.2984640988223811,0.3502253780285782,0.374547430024401,0.4005333235236593,0.3927118239046267,0.0,0.3934160243147908,0.0,0.430870537384122,0.4619234834130545,0.0,0.0,0.0,0.0,0.0,0.0,0.0,0.0,0.4125435506735206,0.0,0.4032012718124514,0.0,0.0,0.0,0.0,0.4385393103464171,0.0,0.3891730647995091,0.0,0.0,0.0,0.0,0.4026658307352759,0.3868580505088608,0.402386159868795,0.4148072797192305,0.0,0.0,0.4063099787561498,0.4128009343386178,0.4244442739832734,0.3937751301240708,0.0,0.4289878518873496
0.0,0.0,0.0,0.0,0.0,0.3518855913747282,0.0,0.335983117846055,0.3841368129676754,0.0,0.0,0.0,0.3009025432628923,0.0,0.0,0.3697160154090691,0.0,0.3817074176563787,0.0,0.2793339987627201,0.0,0.3319798044771956,0.3415415228386728,0.0,0.0,0.0,0.3434452271344487,0.2472634916636709,0.2849267826340109,0.0,0.2684226167994409,0.3459462410587136,0.0,0.3210259138331418,0.3725256582330393,0.0,0.0,0.0,0.0,0.0,0.0,0.0,0.0,0.0,0.0,0.0,0.0,0.0,0.0,0.0,0.0,0.0,0.0,0.0,0.0,0.0,0.0,0.0,0.0,0.0,0.0,0.0,0.0,0.0,0.0,0.0,0.0,0.4354479101989217,0.0,0.0,0.0,0.4325976824832294,0.0,0.4482856078297713,0.0,0.0
0.3091438450468752,0.3244855437813595,0.3864720884764199,0.2483201974708555,0.3439864021948925,0.3669314296181182,0.3259348565906506,0.3405918105607886,0.3522584076084772,0.2651419148171524,0.3544521279958631,0.2894717557201807,0.3404627978146444,0.0,0.3399921036244587,0.3022992081310469,0.2857463320421724,0.3023244989662711,0.3718344771879353,0.3074091663070204,0.3467916413102959,0.3215784851863862,0.3540532023473083,0.2561425847816952,0.3057282696447275,0.3187043831060059,0.3599002068817533,0.3116487388220332,0.305212209609749,0.2684226167994409,0.0,0.3161713747866064,0.2991964845677105,0.2880777646290174,0.3025121338869924,0.3356554980820843,0.2635096939657309,0.2455292372114215,0.3847125278568005,0.2524234662646237,0.3687454030615613,0.0,0.0,0.0,0.0,0.0,0.3657610067627699,0.0,0.0,0.0,0.4317648856436488,0.0,0.4058087510526744,0.0,0.3202336957411977,0.0,0.3175567582651975,0.0,0.0,0.3796390248161353,0.3525629959647401,0.0,0.3598067602473436,0.0,0.3959312111538641,0.3831082597772324,0.3952188516807756,0.4155646880313081,0.2459990716457742,0.3662776397624893,0.3727948687419454,0.4301711812768152,0.4597896603141218,0.417147616206134,0.0,0.3754156638499882
0.347780090029348,0.3303128280446072,0.3589741292275958,0.2477936698454236,0.3049567685531699,0.3402271035753399,0.3276211193551899,0.3234263675511044,0.3316945301084259,0.2986096259455293,0.3167332378042877,0.2540866431747061,0.3336296059913446,0.2267241741620292,0.3686643194695777,0.3277594277865401,0.3624240639676134,0.3535348434525557,0.3309948311618643,0.3923520347783634,0.3673269646403914,0.3755411730775677,0.3435759214347474,0.2742905718806003,0.3375531188103019,0.3436393172174452,0.3650353115013438,0.3250834631356881,0.3369293701052019,0.3459462410587136,0.3161713747866064,0.0,0.3044030796107609,0.3161774168616127,0.3221986716554543,0.2631582947554012,0.2715450741514497,0.2477800169522105,0.2760296345312415,0.2326024438968252,0.3057614529838429,0.300900976759629,0.2654057139126574,0.2568443897347864,0.2475974604015296,0.3861776502938163,0.3920805638681522,0.4470104419812106,0.0,0.0,0.3903034788257015,0.0,0.3590434763083325,0.4488060811501163,0.2688481392497243,0.0,0.259289739999839,0.4171270722721529,0.0,0.4189695137514271,0.3894876912675308,0.0,0.3773127630525995,0.0,0.3959458105520649,0.4052427833209585,0.4052933866585822,0.4108152743665533,0.0,0.3863938057972166,0.3932919724975332,0.4110382616641372,0.3721184658401106,0.3851395331246408,0.0,0.3732877297392028
0.2861804676965579,0.293981585652925,0.0,0.0,0.4027670137219337,0.3419690571988485,0.3551388667629894,0.3939015391427503,0.0,0.245490148439691,0.0,0.2591232596661258,0.365154620104166,0.0,0.341403845357879,0.3164950276663159,0.3013751835850556,0.280109581212337,0.0,0.3276243604259126,0.3282417374217857,0.3303859824366038,0.3390232597429732,0.1741093477331396,0.2635004594121985,0.2860449856083966,0.3388363780450194,0.3331157886824961,0.2984640988223811,0.0,0.2991964845677105,0.3044030796107609,0.0,0.237195029307006,0.3500238976116396,0.348323968198888,0.3129182661682604,0.1605205875664913,0.2880483865451964,0.221976496169377,0.3000220821625471,0.3514974315009028,0.0,0.0,0.1649772418704684,0.3316891050775926,0.3714309661466424,0.0,0.0,0.0,0.0,0.0,0.0,0.0,0.2768621876639734,0.0,0.2771619068852403,0.0,0.0,0.4113726507560291,0.3604306562274693,0.3660828028324728,0.356199700009158,0.0,0.3821580789394606,0.3790624797006724,0.4007972947966104,0.3850393380802453,0.3447037932442363,0.3650376077861139,0.3830720606920496,0.345203701094298,0.0,0.0,0.0,0.3483988632704149
0.316580244496047,0.3194150174482481,0.3906509731567066,0.2097597763526375,0.3331862392244928,0.3703680457805216,0.3465795344192525,0.3359083180575059,0.3601561471463212,0.2275941195889093,0.3754008847559573,0.227109920756651,0.3515143524026103,0.0,0.3632394746573087,0.3322919294506869,0.3159752431935969,0.3170204134589748,0.3723406054080745,0.3756687530655846,0.3623538025176943,0.3660285072394093,0.3723594090831196,0.1986682165828994,0.2942173621124472,0.3095001960813144,0.3870624669441267,0.3436688201360209,0.3502253780285782,0.3210259138331418,0.2880777646290174,0.3161774168616127,0.237195029307006,0.0,0.2165170762817673,0.3271029467524584,0.2728208755609881,0.1694814237464315,0.3431369698318661,0.2450749424370743,0.3794100554794288,0.4453908898307909,0.0,0.0,0.0,0.3451900884018417,0.3838784377739597,0.0,0.0,0.0,0.4254080000207049,0.0,0.4218673973582397,0.0,0.2653038872967593,0.0,0.2527600244290846,0.0,0.0,0.4215726036645406,0.3710939676851612,0.0,0.3629638050961257,0.0,0.3770679735882812,0.4107165561515675,0.4056324211189377,0.4312535859553617,0.0,0.368275847192929,0.3903653267823822,0.4216897491738018,0.4363588408557489,0.4166136707544706,0.0,0.3827927999512238
0.3421940906379207,0.3518598499301228,0.3970241272115989,0.27328718117855,0.2923487022223521,0.3636924063272783,0.3438394846330918,0.3737838934225623,0.3639501523566578,0.2325296761281451,0.3250329032292157,0.2709354964241046,0.3405089107699725,0.0,0.3999786978296396,0.3615704965578931,0.3342305956341336,0.339942667762974,0.0,0.4043773718841552,0.4114914398276979,0.4040317055188622,0.3935776465432613,0.2174767749698331,0.3174492740683315,0.348648816768327,0.4034538053711899,0.3222155397263603,0.374547430024401,0.3725256582330393,0.3025121338869924,0.3221986716554543,0.3500238976116396,0.2165170762817673,0.0,0.3298455120429722,0.3265683510396994,0.2257987475443282,0.290775429748541,0.3314850317669413,0.3699442247768117,0.3334932368859251,0.3112631206547816,0.312799385202671,0.0,0.0,0.3810794210827475,0.0,0.0,0.0,0.4711374766569502,0.0,0.0,0.0,0.0,0.0,0.0,0.0,0.0,0.4348080222223118,0.3942056726860783,0.0,0.0,0.0,0.419245388545114,0.0,0.4205230770233609,0.4329143286060392,0.0,0.3913073724502028,0.4034545233856176,0.4392658607334226,0.0,0.4415859027399482,0.0,0.0
0.0,0.0,0.3530983514263096,0.1684837318457321,0.2265260368213637,0.353021290948254,0.2676740894286993,0.2156257695252832,0.3422536709532967,0.3192232054166786,0.2773044390610962,0.2592543874933568,0.2831021692554383,0.2010415582374469,0.4078273077879066,0.0,0.0,0.0,0.3221067372225723,0.451170798322132,0.0,0.4470800753495226,0.3315605419897403,0.0,0.0,0.3736958539186039,0.4069244828325812,0.2485989671594812,0.4005333235236593,0.0,0.3356554980820843,0.2631582947554012,0.348323968198888,0.3271029467524584,0.3298455120429722,0.0,0.1855132691499595,0.264156494736405,0.0,0.0,0.0,0.0,0.3059521745290239,0.0,0.0,0.0,0.0,0.4250102881858905,0.0,0.0,0.4049816154750097,0.426814981376976,0.3853687324355759,0.4000824797244717,0.0,0.3351408842356889,0.0,0.4314880129772298,0.0,0.0,0.0,0.0,0.0,0.4102195314785357,0.5361595488657711,0.0,0.4692935817282821,0.3968658146385638,0.0,0.0,0.0,0.4341594079170341,0.4136625328771799,0.4841110324763806,0.0,0.0
0.0,0.0,0.390242706494194,0.1493800077205069,0.2121311847309588,0.3601482513924315,0.2751338155402192,0.3125103038948259,0.3518655843325465,0.1376411405916817,0.0,0.277430743614212,0.2713509005211649,0.1519736468002933,0.0,0.0,0.0,0.0,0.0,0.4324776792702037,0.0,0.4282449480634683,0.3636004218250859,0.0,0.0,0.0,0.3916133593056901,0.2185770840461562,0.3927118239046267,0.0,0.2635096939657309,0.2715450741514497,0.3129182661682604,0.2728208755609881,0.3265683510396994,0.1855132691499595,0.0,0.2552373273218689,0.2328411181283333,0.0,0.0,0.0,0.0,0.0,0.0,0.0,0.0,0.0,0.0,0.0,0.0,0.0,0.0,0.0,0.0,0.0,0.0,0.0,0.0,0.0,0.0,0.0,0.0,0.0,0.0,0.0,0.0,0.5021967486599612,0.0,0.0,0.0,0.0,0.0,0.0,0.0,0.0
0.4305631737769449,0.0,0.0,0.0,0.0,0.0,0.0,0.0,0.0,0.2277814168765049,0.0,0.2071506071923601,0.3398707940302277,0.0,0.0,0.0,0.2881208456841986,0.0,0.0,0.0,0.0,0.0,0.0,0.1887232275786909,0.2701235962155683,0.2797460461582808,0.0,0.2990812035258279,0.0,0.0,0.2455292372114215,0.2477800169522105,0.1605205875664913,0.1694814237464315,0.2257987475443282,0.264156494736405,0.2552373273218689,0.0,0.2537584313469275,0.1914302627401745,0.2075125607789743,0.0,0.0,0.0,0.1821339881792125,0.0,0.0,0.0,0.0,0.0,0.0,0.0,0.0,0.0,0.2706546034263992,0.0,0.2442737355024884,0.0,0.0,0.0,0.0,0.0,0.0,0.0,0.0,0.0,0.0,0.0,0.2368507523394167,0.0,0.2968140922546776,0.0,0.0,0.0,0.0,0.0
0.3638396144666183,0.3805948087618854,0.4766490994571534,0.0,0.0,0.3925238604009343,0.4872912542715573,0.3509074276779084,0.4422100106335748,0.3317139255394908,0.0,0.2452718317334783,0.4121139122427468,0.0,0.4181459509732136,0.3700732286345216,0.0,0.3351356333851152,0.4617769824131744,0.4125253968548387,0.3871885529855509,0.4078025541372638,0.4232553869648765,0.3588397454675672,0.361082310091603,0.3785672223009435,0.4190509537039963,0.4009719549914946,0.3934160243147908,0.0,0.3847125278568005,0.2760296345312415,0.2880483865451964,0.3431369698318661,0.290775429748541,0.0,0.2328411181283333,0.2537584313469275,0.0,0.2685334218939692,0.3178890255208572,0.3282274799332165,0.2678345662226998,0.2596614144363454,0.2401011538044087,0.3444901083627724,0.3508457076412671,0.3103416957565723,0.2465267219995022,0.2958541671308553,0.3058484524292803,0.310373818035535,0.312860927373794,0.2919395894733944,0.2853129382731647,0.2884316883356103,0.2536787957562388,0.3078417312115012,0.2107504775742701,0.3645533790325825,0.3629972572729517,0.3082831452571758,0.3433712707115351,0.2753989220045025,0.3737033130473335,0.3546809806566265,0.3663727698280343,0.3366487803828996,0.2316388975479552,0.3338833719583202,0.3476122024983733,0.3447477587679266,0.3069033055781155,0.3248996628487928,0.3523690187693879,0.3212493027401356
0.3473757603111559,0.3721649702646053,0.0,0.0,0.0,0.0,0.0,0.0,0.0,0.278888894058217,0.0,0.3194855890789536,0.0,0.0,0.4051361719407725,0.3532510655772894,0.3080231647939924,0.3276673734014658,0.0,0.3972488277136254,0.3532129732678344,0.3938386996795273,0.0,0.2997986086978794,0.3394703579690182,0.3469995687598762,0.0,0.0,0.0,0.0,0.2524234662646237,0.2326024438968252,0.221976496169377,0.2450749424370743,0.3314850317669413,0.0,0.0,0.1914302627401745,0.2685334218939692,0.0,0.2361635159803397,0.3272385136480374,0.3675058194760373,0.2411579165096642,0.1694061476101624,0.2870033860562235,0.2994754002457196,0.0,0.0,0.3246574204984966,0.3189843273729659,0.3183608508980889,0.423580108321672,0.0,0.2629312021370986,0.350259354603454,0.2352302939354738,0.3308441891256296,0.0,0.321100600785255,0.303621315014458,0.2718165696553768,0.2686250908137939,0.0,0.3032955796516002,0.3007438792932977,0.3171356650924741,0.3122501151715574,0.2146114359528136,0.2629517111837818,0.285740327128917,0.2969803253894653,0.2895158493596391,0.237675935817314,0.3358825546366226,0.2791722327973331
0.3399653560611483,0.3503196876935032,0.0,0.0,0.0,0.4243550323683502,0.0,0.430443874028259,0.6619149131000156,0.2691547613753958,0.0,0.3137809651060959,0.0,0.0,0.4253293564942081,0.3782124412421007,0.0,0.3321898547059395,0.0,0.4219679787401142,0.4058338054242522,0.4062206853203441,0.4233235237720846,0.2974903537483904,0.330261305434266,0.3678704188639486,0.4414967644186987,0.4405495461802758,0.430870537384122,0.0,0.3687454030615613,0.3057614529838429,0.3000220821625471,0.3794100554794288,0.3699442247768117,0.0,0.0,0.2075125607789743,0.3178890255208572,0.2361635159803397,0.0,0.2985776662654433,0.3250462150232288,0.2691741358162189,0.2077931870925892,0.2879037927085067,0.3259720891402874,0.336095000857603,0.2180935340571917,0.3398968267023199,0.3537554518946889,0.3296819739125216,0.3441676970748653,0.336882709209476,0.253899200070044,0.3297558336133409,0.2290133191446852,0.3323577641988964,0.3120367483724869,0.3710076653763758,0.3282175619497468,0.2864489043253029,0.2930076112733007,0.2917889658753798,0.3724626074635041,0.3625556773233485,0.3581644256535803,0.3621924289763644,0.2098381430006057,0.2901637844509969,0.3126586175143833,0.3658143904692442,0.3107885819016738,0.3443418004823967,0.3359121914640282,0.2642721599390263
