0.0,0.4180311645818642,0.0,0.0,0.0,0.4350861460224847,0.0,0.4906501398221405,0.0,0.3954863067349164,0.0,0.3479481166959587,0.0,0.0,0.4041852952902233,0.4145838899258855,0.0,0.3941183339623791,0.0,0.4308150378688524,0.4023516004777403,0.4293978009721793,0.4553190536557432,0.3333963303623839,0.3809187806351095,0.3597473930986259,0.4358049609720727,0.4818773785265089,0.4607854520606064,0.0,0.3634585904638652,0.41850860067365,0.3530297041289609,0.3715206643233263,0.4368240435282989,0.0,0.0,0.0,0.4694961924322251,0.440399730694466,0.4424894179804468,0.0,0.0,0.0,0.0,0.3477219836205933,0.4845882080919605,0.0,0.0,0.0,0.0,0.0,0.0,0.0,0.0,0.0,0.0,0.0,0.0,0.0,0.464977628670592,0.0,0.4526000393078018,0.0,0.0,0.3484118182162576,0.4800363956986043,0.0,0.308970922593772,0.456570497745055,0.4631012953445754,0.0,0.0,0.0,0.0,0.0
0.4180311645818642,0.0,0.0,0.0,0.4421131785373137,0.4091532107095376,0.4395584871741728,0.454750993880302,0.4087550885731292,0.0,0.0,0.0,0.4370824299532999,0.0,0.4265012854128514,0.3999302807674394,0.0,0.3826194209368607,0.0,0.4252757792533558,0.4171468190165873,0.401600362474916,0.4381818992837349,0.0,0.3643871207426136,0.3740516147929669,0.427616341275269,0.4181042160470548,0.4110625078603168,0.0,0.3501755334572135,0.4035759892514531,0.3484209810782269,0.3608132403866529,0.4272860416266769,0.0,0.0,0.0,0.4783288770687304,0.4798837375069842,0.4878500658360514,0.5071951723962923,0.0,0.0,0.0,0.4502376777564675,0.5077780879965704,0.0,0.0,0.0,0.0,0.0,0.0,0.0,0.0,0.0,0.0,0.0,0.0,0.4931390856075351,0.4719197725189299,0.0,0.4484138990578311,0.0,0.4776774571484971,0.4715825489150729,0.5052683313417896,0.4955402194477781,0.0,0.4650718617536943,0.494212811198503,0.4851167286287124,0.0,0.4656581211379028,0.0,0.4438225516525161
0.0,0.0,0.0,0.0,0.3829765029573754,0.4044518735574191,0.4487900766010843,0.4439343195618706,0.3009744725544591,0.5031851753289386,0.3339924310906864,0.0,0.4647006349295331,0.4103345948606074,0.0,0.0,0.0,0.0,0.2605433216011825,0.0,0.0,0.0,0.3348568699607512,0.0,0.0,0.0,0.3379664684296466,0.468092212433095,0.0,0.0,0.4815614164716608,0.4439382897524587,0.0,0.4735104172125181,0.4631875523639189,0.4254181145325055,0.4667425527287374,0.0,0.5361142484958024,0.0,0.0,0.0,0.4972013999508202,0.0,0.0,0.0,0.0,0.5073654071078998,0.0,0.5406395226130175,0.5678425866116081,0.0,0.5430352848489818,0.551945603610054,0.0,0.4850694189923538,0.0,0.0,0.4986504248161678,0.0,0.0,0.0,0.0,0.4811681239253896,0.0,0.0,0.0,0.5575980521362599,0.0,0.0,0.0,0.5628061988314985,0.0,0.0,0.0,0.0
0.0,0.0,0.0,0.0,0.2712542392095694,0.4337569077904302,0.3044441047495375,0.3887405743484589,0.4149637942280841,0.2654505027986524,0.3632528001361313,0.0,0.3358839898589436,0.3142935738989803,0.0,0.0,0.0,0.0,0.3973132826674826,0.0,0.0,0.0,0.4025248900819217,0.0,0.0,0.0,0.4333531187277643,0.2822095326161846,0.0,0.0,0.0,0.3129138792100248,0.0,0.3270548599644231,0.3006793889476424,0.2609684675692979,0.1963771806724441,0.0,0.0,0.0,0.0,0.0,0.0,0.0,0.0,0.0,0.0,0.0,0.0,0.0,0.0,0.0,0.0,0.0,0.0,0.0,0.0,0.0,0.0,0.0,0.0,0.0,0.0,0.0,0.0,0.0,0.0,0.0,0.0,0.0,0.0,0.0,0.0,0.0,0.0,0.0
0.0,0.4421131785373137,0.3829765029573754,0.2712542392095694,0.0,0.3999702682504472,0.3122217363183505,0.4089338733576106,0.34995870382148,0.4424968920251753,0.331407206705035,0.3879133244285812,0.401589186377929,0.3203161108216261,0.0,0.0,0.0,0.0,0.3600548238005596,0.4237408490496978,0.0,0.4473077129393522,0.4203739514231399,0.0,0.4291379205245824,0.0,0.4074970928559461,0.3495073559256931,0.4471136196881476,0.0,0.4907722545018423,0.4049332840041967,0.4306112722537882,0.4740160441491823,0.4411770916765831,0.272300904862613,0.2219871006525224,0.4468175760167506,0.0,0.0,0.0,0.0,0.4628261987536106,0.0,0.0,0.0,0.0,0.5506133106836012,0.0,0.0,0.0,0.0,0.5204949989222901,0.5833846753182288,0.0,0.5077486517357974,0.0,0.0,0.0,0.0,0.0,0.0,0.0,0.0,0.0,0.0,0.0,0.5341754244886179,0.0,0.0,0.0,0.5582421099105853,0.0,0.0,0.0,0.0
0.4350861460224847,0.4091532107095376,0.4044518735574191,0.4337569077904302,0.3999702682504472,0.0,0.4207204532129792,0.4323679748076108,0.3496387001841051,0.4568855261319813,0.4172896318726821,0.0,0.3786437109141005,0.4365836132372185,0.4328377306799575,0.4310216119188115,0.0,0.4107426863212505,0.4371548063652131,0.4126738442358718,0.4228749738495342,0.4185966990677182,0.4064482075090824,0.0,0.3910744756483453,0.4050394900129994,0.3852005941436351,0.4049735081681922,0.3639603899551548,0.4222809694643488,0.4285471058197088,0.4345343218141282,0.4055255054263575,0.4433502835755469,0.443939098293185,0.4394510505625708,0.4462065109133015,0.0,0.5029827002724647,0.0,0.5069479691375166,0.0,0.5057520376105613,0.0,0.0,0.0,0.0,0.5652012838420165,0.0,0.0,0.5468386907737205,0.5501853613190885,0.5092836118291654,0.5725442450894825,0.0,0.5562846393323669,0.0,0.5344533829778627,0.0,0.5100344128107854,0.0,0.0,0.0,0.5557448790378424,0.5003958326268467,0.0,0.5001525716765278,0.5302283752428208,0.0,0.0,0.0,0.5408023644793076,0.521182205635051,0.5070311483933926,0.0,0.542971650944952
0.0,0.4395584871741728,0.4487900766010843,0.3044441047495375,0.3122217363183505,0.4207204532129792,0.0,0.4698390338327815,0.4177546413088376,0.3969880119773201,0.4512574780596882,0.3762559149584911,0.3529210281157507,0.355822232146892,0.0,0.4605646577130849,0.4441304415049556,0.4459007775869921,0.4596347198472559,0.4482485027735237,0.0,0.4592651201955056,0.439862300651209,0.3416236934378159,0.421020512530423,0.4329600179984149,0.4407271486478944,0.3890034708467847,0.4478053197812258,0.0,0.4333901494569381,0.3975047721387587,0.3725016471669177,0.3874379954598453,0.3317043931264257,0.3107989802241851,0.2856286368324649,0.3502535205842202,0.0,0.0,0.0,0.0,0.0,0.0,0.0,0.0,0.0,0.0,0.0,0.0,0.5606267496032673,0.0,0.0,0.0,0.0,0.0,0.0,0.0,0.0,0.0,0.0,0.0,0.0,0.0,0.0,0.0,0.0,0.5318270747274751,0.0,0.0,0.0,0.5391784895429615,0.0,0.0,0.0,0.0
0.4906501398221405,0.454750993880302,0.4439343195618706,0.3887405743484589,0.4089338733576106,0.4323679748076108,0.4698390338327815,0.0,0.469624403877826,0.5136143146758482,0.3224866229866044,0.0,0.4623162165195807,0.3247205513251419,0.3835532419079187,0.4812499420489409,0.0,0.4796389097303482,0.3859809117360064,0.4266198852717087,0.3849060292830684,0.438244054094613,0.348322420549096,0.4857235422965753,0.4649221282235837,0.4711216038853065,0.4604096608616326,0.4428705232887873,0.3995363002269192,0.4477096535409704,0.4661524008710067,0.3902588578975729,0.0,0.4775269478436505,0.4469160901984667,0.319965804663736,0.3475309404208049,0.0,0.5234534593034947,0.0,0.5103489823363394,0.0,0.4002709020583492,0.0,0.0,0.0,0.0,0.5306126519257252,0.0,0.4905167147381695,0.5059534210896101,0.5183531366070933,0.3915672880157884,0.5553843080010162,0.0,0.4896009712484586,0.0,0.504912481867145,0.4484304161930379,0.5116184576388482,0.0,0.0,0.0,0.4930468000012131,0.4957495206875589,0.3945418774610115,0.0,0.4774756239297189,0.0,0.0,0.0,0.5152228347608915,0.4985597594610534,0.4838672643272332,0.0,0.5272306459675826
0.0,0.4087550885731292,0.3009744725544591,0.4149637942280841,0.34995870382148,0.3496387001841051,0.4177546413088376,0.469624403877826,0.0,0.4749327514877333,0.3161207689665166,0.4800635633407838,0.4165430153287033,0.4041803454642742,0.0,0.4463664462298849,0.0,0.0,0.2425606382300919,0.4212815385676752,0.0,0.4184349053059065,0.4172442585882097,0.0,0.0,0.0,0.3742909867717038,0.478362680040304,0.4095868052357158,0.4789483234838951,0.5113162636031409,0.460066060145791,0.4441689876738465,0.4858178115256204,0.4681496639246442,0.4186921685575087,0.4486706441435943,0.462759155202084,0.5269824049017369,0.0,0.0,0.0,0.502350149567061,0.0,0.0,0.0,0.0,0.5639082644192049,0.0,0.0,0.577618259289579,0.0,0.5942133294251994,0.5775374450633963,0.0,0.5354208463931814,0.0,0.0,0.4868124473643054,0.0,0.0,0.0,0.0,0.5490620335818776,0.0,0.0,0.0,0.5733670263032079,0.0,0.0,0.0,0.5890227218407695,0.0,0.0,0.0,0.0
0.3954863067349164,0.0,0.5031851753289386,0.2654505027986524,0.4424968920251753,0.4568855261319813,0.3969880119773201,0.5136143146758482,0.4749327514877333,0.0,0.4673806039682663,0.2931733130356338,0.4010896720409983,0.0,0.0,0.4112751420927016,0.3370661594840587,0.3454999641245134,0.4807093448993249,0.0,0.0,0.4273916723960906,0.4719054624695575,0.3332026780878525,0.3244742204431849,0.310762505755745,0.4704567340249856,0.391941998594241,0.0,0.0,0.3382949295129085,0.3644965853674659,0.3271923150814389,0.3698414015287832,0.3692896090085654,0.3348291472439413,0.2018232550718122,0.3399516919161976,0.3776744319955991,0.3997811458575891,0.4353149837631698,0.0,0.0,0.0,0.4351578811551269,0.0,0.0,0.0,0.0,0.0,0.0,0.0,0.0,0.0,0.4672828520925197,0.0,0.4550285610826741,0.0,0.0,0.0,0.0,0.468850255404974,0.4649260721094365,0.0,0.0,0.0,0.0,0.0,0.4262877459900537,0.4677366067552509,0.4669079397234928,0.0,0.4329247801307282,0.0,0.0,0.4473472688912074
0.0,0.0,0.3339924310906864,0.3632528001361313,0.331407206705035,0.4172896318726821,0.4512574780596882,0.3224866229866044,0.3161207689665166,0.4673806039682663,0.0,0.4721849866455778,0.4740717065988015,0.3065892955808547,0.0,0.0,0.0,0.0,0.2600307579672689,0.0,0.0,0.0,0.334221421957922,0.0,0.0,0.0,0.3848728666012997,0.4681451567681631,0.0,0.0,0.4980191891670212,0.4209470382785736,0.4596465551901723,0.4727419633076151,0.4658373639894719,0.3452660931306699,0.4367987009015643,0.4581822968517838,0.5171506576212015,0.0,0.0,0.0,0.4765799849496132,0.0,0.0,0.0,0.0,0.5006791589769901,0.0,0.4687492266422717,0.5678231498671611,0.545132495944835,0.5043773527669024,0.5045709201561119,0.0,0.3053733823494884,0.0,0.5592056465881731,0.4943337578260252,0.0,0.0,0.0,0.0,0.3005070711050372,0.0,0.0,0.0,0.5349857587001218,0.0,0.0,0.0,0.5519743274693781,0.0,0.0,0.0,0.0
0.3479481166959587,0.0,0.0,0.0,0.3879133244285812,0.0,0.3762559149584911,0.0,0.4800635633407838,0.2931733130356338,0.4721849866455778,0.0,0.3848789406682391,0.0,0.0,0.0,0.3620385764240914,0.377731609570283,0.0,0.0,0.0,0.0,0.0,0.2843327687857096,0.3323671880294937,0.3028408546758364,0.0,0.3659834250389355,0.0,0.0,0.3581476456635556,0.302830416709061,0.325079351197005,0.2890650263892099,0.3215689182145174,0.3225275868599808,0.2773777960989853,0.2920925512146642,0.267699943373388,0.4035902332593235,0.3479879330429826,0.0,0.0,0.0,0.4041307557028111,0.0,0.0,0.0,0.0,0.0,0.0,0.0,0.0,0.0,0.4642062621295953,0.0,0.4421453697068673,0.0,0.0,0.0,0.0,0.468128773654671,0.4625767725854494,0.0,0.0,0.0,0.0,0.0,0.4196062191721218,0.4590781488389226,0.459733202362237,0.0,0.0,0.0,0.0,0.4438981126214341
0.0,0.4370824299532999,0.4647006349295331,0.3358839898589436,0.401589186377929,0.3786437109141005,0.3529210281157507,0.4623162165195807,0.4165430153287033,0.4010896720409983,0.4740717065988015,0.3848789406682391,0.0,0.3786457101656015,0.44442577220758,0.4622738519215695,0.4262733909580982,0.4389806711592505,0.4752605598291242,0.427953554727121,0.4590448146043746,0.4492417309755544,0.4492102530009735,0.3910834360402934,0.415709305845308,0.424280396187538,0.4562830694121134,0.3326048643149256,0.395127674522054,0.3969142161777456,0.4110245022522554,0.4104534653945394,0.3761154370664757,0.3960588227775404,0.3766353423369665,0.3497491807380297,0.3260591056990613,0.3685551239360578,0.4538367969210186,0.0,0.0,0.0,0.5426538877765568,0.0,0.0,0.0,0.0,0.5910894689338853,0.0,0.0,0.5414466106816409,0.0,0.5119650683877106,0.0,0.0,0.0,0.0,0.0,0.0,0.0,0.0,0.0,0.0,0.0,0.0,0.0,0.0,0.5291685446883352,0.0,0.0,0.0,0.5271356027980402,0.0,0.5332390389762138,0.0,0.0
0.0,0.0,0.4103345948606074,0.3142935738989803,0.3203161108216261,0.4365836132372185,0.355822232146892,0.3247205513251419,0.4041803454642742,0.0,0.3065892955808547,0.0,0.3786457101656015,0.0,0.0,0.0,0.0,0.0,0.3524144035708111,0.0,0.4383733650509955,0.0,0.3918883333811501,0.0,0.0,0.0,0.4422662170226414,0.3212933531503816,0.0,0.0,0.442090738506,0.2879842656078639,0.0,0.4301621840046559,0.0,0.2856562622047413,0.2313356289482986,0.0,0.0,0.0,0.0,0.0,0.4294157779369612,0.0,0.0,0.0,0.0,0.5370675212248667,0.0,0.0,0.0,0.0,0.0,0.5248739444934812,0.0,0.4760857820778514,0.0,0.0,0.0,0.0,0.0,0.0,0.0,0.0,0.0,0.0,0.0,0.5091179452109665,0.0,0.0,0.0,0.0,0.0,0.0,0.0,0.0
0.4041852952902233,0.4265012854128514,0.0,0.0,0.0,0.4328377306799575,0.0,0.3835532419079187,0.0,0.0,0.0,0.0,0.44442577220758,0.0,0.0,0.4577607218831795,0.0,0.4158546695412372,0.0,0.3636669983811983,0.3934868913851195,0.3288129778354325,0.3320195471901566,0.4616483850148815,0.4278579568432081,0.371166509686323,0.3990496176621511,0.4326377266530182,0.4232940496422396,0.0,0.4330348463519495,0.4383340148826285,0.4207155375080948,0.4450946233693738,0.4763532677361033,0.4593053962303019,0.0,0.0,0.4709026868483144,0.4434981202206195,0.4812832283633753,0.5177318545309462,0.0,0.0,0.0,0.0,0.5115531937000868,0.0,0.0,0.0,0.5139473174920387,0.0,0.4818494324656806,0.0,0.0,0.0,0.0,0.0,0.0,0.4337382545263565,0.5055970662498008,0.0,0.0,0.0,0.4544356902434317,0.4705016337668965,0.4826251952876889,0.502520542532129,0.0,0.0,0.5001172813907452,0.5202560915311916,0.5304303290302521,0.4976552241733674,0.0,0.4819708087650585
0.4145838899258855,0.3999302807674394,0.0,0.0,0.0,0.4310216119188115,0.4605646577130849,0.4812499420489409,0.4463664462298849,0.4112751420927016,0.0,0.0,0.4622738519215695,0.0,0.4577607218831795,0.0,0.3885419979220299,0.3678803920310187,0.0,0.4260911115592068,0.4390336170361745,0.3851013396006062,0.4731263584781788,0.3939464459478616,0.3818677133105312,0.422752015970216,0.4442456893773333,0.4467324354645555,0.4373979339271247,0.4160454567641274,0.350294284357052,0.4385634891155898,0.3924874582584557,0.3969705015595106,0.4707789438751495,0.0,0.0,0.0,0.5085217023142378,0.4778750871669648,0.4647095825623532,0.502086212304457,0.0,0.0,0.0,0.4623731634060967,0.4902818948686034,0.0,0.0,0.0,0.0,0.0,0.0,0.0,0.0,0.0,0.0,0.0,0.0,0.4954639296408582,0.471473267177927,0.0,0.4782050487603088,0.0,0.5065081887334538,0.0,0.4775136213426669,0.0,0.0,0.46903933906582,0.4824928919783792,0.0,0.0,0.0,0.0,0.4475395792961785
0.0,0.0,0.0,0.0,0.0,0.0,0.4441304415049556,0.0,0.0,0.3370661594840587,0.0,0.3620385764240914,0.4262733909580982,0.0,0.0,0.3885419979220299,0.0,0.3369240031782925,0.0,0.3881395545115251,0.0,0.3913530493693695,0.0,0.370628385721218,0.3420136069662341,0.3759118872713051,0.0,0.404086961090233,0.0,0.0,0.3532048627698615,0.4096532234055913,0.3351612841251935,0.3856717645569144,0.3992172691899079,0.0,0.0,0.3669754168959172,0.0,0.4416734688570897,0.4632744557669012,0.0,0.0,0.0,0.0,0.0,0.0,0.0,0.0,0.0,0.0,0.0,0.0,0.0,0.4781273626050521,0.0,0.4647271369985196,0.0,0.0,0.0,0.0,0.4822255205456515,0.4747365389990201,0.0,0.0,0.0,0.0,0.0,0.4712676110537881,0.5038215279321779,0.4841640950035111,0.0,0.0,0.0,0.0,0.0
0.3941183339623791,0.3826194209368607,0.0,0.0,0.0,0.4107426863212505,0.4459007775869921,0.4796389097303482,0.0,0.3454999641245134,0.0,0.377731609570283,0.4389806711592505,0.0,0.4158546695412372,0.3678803920310187,0.3369240031782925,0.0,0.0,0.4018291208614371,0.4091744044195379,0.3983672165528292,0.4387462690023732,0.362708134332217,0.3502882755523077,0.3774466379272016,0.4242348516636043,0.4176826517626233,0.4238071516191355,0.0,0.360933213615773,0.4220090735884114,0.3553701442124888,0.3884424915176838,0.4143108543313936,0.0,0.0,0.0,0.5161548696636631,0.462581546897254,0.5081933784085275,0.4915666035791955,0.0,0.0,0.0,0.4290719911990496,0.4709780112400811,0.0,0.0,0.0,0.0,0.0,0.0,0.0,0.4689040713122617,0.0,0.4572516595003065,0.0,0.0,0.0,0.459544178628172,0.5021786057295218,0.4681200357752735,0.0,0.0,0.0,0.4630135290308844,0.0,0.4463552205497617,0.4698351582652444,0.4725809037664927,0.0,0.0,0.0,0.0,0.4659842295942751
0.0,0.0,0.2605433216011825,0.3973132826674826,0.3600548238005596,0.4371548063652131,0.4596347198472559,0.3859809117360064,0.2425606382300919,0.4807093448993249,0.2600307579672689,0.0,0.4752605598291242,0.3524144035708111,0.0,0.0,0.0,0.0,0.0,0.0,0.0,0.0,0.3346118089381273,0.0,0.0,0.0,0.3539253124785678,0.4767288122625792,0.0,0.0,0.4812494730183748,0.4448090635262141,0.0,0.4644428894218821,0.4458180639487122,0.3952164963917067,0.4787553457840288,0.0,0.5253415085038957,0.0,0.0,0.0,0.4953003687391379,0.0,0.0,0.0,0.0,0.5071484589026806,0.0,0.0,0.5576785512383797,0.0,0.523142688129164,0.5497085190870293,0.0,0.3002907762918984,0.0,0.0,0.4989581077657469,0.0,0.0,0.0,0.0,0.5088259333174731,0.0,0.0,0.0,0.5481450184219789,0.0,0.0,0.0,0.5667709498049479,0.0,0.0,0.0,0.0
0.4308150378688524,0.4252757792533558,0.0,0.0,0.4237408490496978,0.4126738442358718,0.4482485027735237,0.4266198852717087,0.4212815385676752,0.0,0.0,0.0,0.427953554727121,0.0,0.3636669983811983,0.4260911115592068,0.3881395545115251,0.4018291208614371,0.0,0.0,0.4343421403926774,0.3643159901556158,0.3199441377743351,0.0,0.3972516532242223,0.428313033401248,0.3985588691598112,0.3604914270751917,0.3377989365602513,0.3373780418914865,0.401013769685254,0.4366325892408704,0.3885680413488278,0.4431398090343568,0.4662872051129628,0.4960734365938391,0.4456329161909119,0.0,0.5090282212154864,0.4901263535166407,0.5094316773276342,0.5133508157545988,0.0,0.0,0.0,0.0,0.4835536375506263,0.0,0.0,0.0,0.5143759253425527,0.0,0.5234412700826298,0.0,0.0,0.0,0.0,0.0,0.0,0.4927176813961694,0.0,0.0,0.0,0.0,0.5014254438115102,0.4818757107902063,0.4868134870311697,0.5141494607749287,0.0,0.0,0.4827947751426393,0.5349215992647934,0.522881913339429,0.4984828662051902,0.0,0.5086329273058678
0.4023516004777403,0.4171468190165873,0.0,0.0,0.0,0.4228749738495342,0.0,0.3849060292830684,0.0,0.0,0.0,0.0,0.4590448146043746,0.4383733650509955,0.3934868913851195,0.4390336170361745,0.0,0.4091744044195379,0.0,0.4343421403926774,0.0,0.4315932529039402,0.3916112095755535,0.4319888923017737,0.4027532646392348,0.4031290682381257,0.4153158032905423,0.4388314788045446,0.4144511750365787,0.4593126852279721,0.3790928594840655,0.4265116439036084,0.3795129421827147,0.4099127655256252,0.4712151489071495,0.4533720079215371,0.0,0.0,0.4937625413768161,0.4703522363245917,0.4958930663068542,0.5271880503313352,0.0,0.0,0.0,0.341843085967052,0.4965062915374355,0.0,0.0,0.0,0.0,0.0,0.4531645293865101,0.0,0.0,0.0,0.0,0.0,0.0,0.4686889457581745,0.4797112271707998,0.0,0.0,0.0,0.4723562653109481,0.4032866624951712,0.4937437670726773,0.4689413339870752,0.0,0.485055752662873,0.5064747166665441,0.4989198159604142,0.4956212054358417,0.48449965274569,0.0,0.5035318492954807
0.4293978009721793,0.401600362474916,0.0,0.0,0.4473077129393522,0.4185966990677182,0.4592651201955056,0.438244054094613,0.4184349053059065,0.4273916723960906,0.0,0.0,0.4492417309755544,0.0,0.3288129778354325,0.3851013396006062,0.3913530493693695,0.3983672165528292,0.0,0.3643159901556158,0.4315932529039402,0.0,0.3889358253652695,0.0,0.3926968053752692,0.4092973672826626,0.4326358623807596,0.4086885510296968,0.386346343780206,0.3704083007502479,0.3906066560145678,0.4412039550007137,0.3989156844275525,0.4320456804656046,0.4750477674532516,0.5034513220177859,0.4559213028180466,0.0,0.4923658223250688,0.4998641625919893,0.488239317086584,0.5110441607608261,0.0,0.0,0.0,0.4545274278708734,0.4898226986168382,0.0,0.0,0.0,0.4706639324025302,0.0,0.0,0.0,0.0,0.0,0.0,0.0,0.0,0.5119980920881492,0.468695211456095,0.0,0.4898675520324335,0.0,0.4877732333733577,0.4814422747099378,0.4987482556715618,0.4951986930830985,0.0,0.4580518139473594,0.5116467466590524,0.4953701330586344,0.0,0.4850502262981983,0.0,0.4688373034416218
0.4553190536557432,0.4381818992837349,0.3348568699607512,0.4025248900819217,0.4203739514231399,0.4064482075090824,0.439862300651209,0.348322420549096,0.4172442585882097,0.4719054624695575,0.334221421957922,0.0,0.4492102530009735,0.3918883333811501,0.3320195471901566,0.4731263584781788,0.0,0.4387462690023732,0.3346118089381273,0.3199441377743351,0.3916112095755535,0.3889358253652695,0.0,0.469797681355889,0.4340271750256129,0.4505654585060416,0.3674417334292066,0.4387082486432012,0.4086082574338203,0.4310510663729716,0.4438821923000653,0.4245223654878648,0.4156730366089881,0.458359842876079,0.4554166095751523,0.416230900667413,0.4298916346823746,0.0,0.5160946822194714,0.388189839329299,0.5471271164230169,0.4594159637351159,0.5257727649097615,0.0,0.0,0.0,0.5007871437089526,0.5493755217453923,0.0,0.5389024037760071,0.5403557920532901,0.5364912874864908,0.4914903463720167,0.5601471229520459,0.0,0.5184927001801257,0.0,0.527750484962314,0.5150880876610577,0.5031479408721121,0.0,0.0,0.0,0.5228912586894243,0.5154632337148062,0.4692984040193403,0.4922110020712739,0.5176031197974356,0.0,0.0,0.4842105891280804,0.5341962629900965,0.5223517331952305,0.5126851182418123,0.5296906533846546,0.5363538195506312
0.3333963303623839,0.0,0.0,0.0,0.0,0.0,0.3416236934378159,0.4857235422965753,0.0,0.3332026780878525,0.0,0.2843327687857096,0.3910834360402934,0.0,0.4616483850148815,0.3939464459478616,0.370628385721218,0.362708134332217,0.0,0.0,0.4319888923017737,0.0,0.469797681355889,0.0,0.3423908924069467,0.3164371881764665,0.4756773546627781,0.3706202520087948,0.0,0.0,0.361644109857869,0.3684541485406071,0.2784962341336828,0.3076425493918456,0.3505034738817907,0.2957324374212268,0.0,0.2791552363786214,0.3095675475270111,0.4096742268105319,0.4247666126256314,0.0,0.0,0.0,0.4202882168098823,0.3367223388802988,0.0,0.0,0.0,0.0,0.0,0.0,0.0,0.0,0.4503609399632858,0.0,0.4346638914942192,0.0,0.0,0.0,0.4756993083052997,0.4681619391979737,0.4636423980758417,0.0,0.0,0.0,0.0,0.0,0.3718037046514125,0.456657131100659,0.4521513833045086,0.0,0.0,0.0,0.0,0.4382425715455758
0.3809187806351095,0.3643871207426136,0.0,0.0,0.4291379205245824,0.3910744756483453,0.421020512530423,0.4649221282235837,0.0,0.3244742204431849,0.0,0.3323671880294937,0.415709305845308,0.0,0.4278579568432081,0.3818677133105312,0.3420136069662341,0.3502882755523077,0.0,0.3972516532242223,0.4027532646392348,0.3926968053752692,0.4340271750256129,0.3423908924069467,0.0,0.3412110307005872,0.4066504183238736,0.403713969627021,0.3942973787709034,0.0,0.3632254077912348,0.3986889169349099,0.3287126440726382,0.3679499007436537,0.3994690289652288,0.0,0.0,0.3629478352754097,0.4942576517391682,0.4485110493716253,0.4894804867314118,0.5077337871469313,0.0,0.0,0.0,0.4261805389551172,0.4870799967933363,0.0,0.0,0.0,0.0,0.0,0.0,0.0,0.4657929656476125,0.0,0.4583874050735988,0.0,0.0,0.0,0.4642611141721555,0.4723773398553312,0.4628004674398691,0.0,0.4811738761462533,0.4617779655311221,0.4583257181377421,0.0,0.4388483016052817,0.4659989561763184,0.4701869781114841,0.0,0.0,0.0,0.0,0.4472202923571572
0.3597473930986259,0.3740516147929669,0.0,0.0,0.0,0.4050394900129994,0.4329600179984149,0.4711216038853065,0.0,0.310762505755745,0.0,0.3028408546758364,0.424280396187538,0.0,0.371166509686323,0.422752015970216,0.3759118872713051,0.3774466379272016,0.0,0.428313033401248,0.4031290682381257,0.4092973672826626,0.4505654585060416,0.3164371881764665,0.3412110307005872,0.0,0.4507988436359516,0.4055478075982153,0.3951813432685307,0.0,0.3733138602773564,0.4256057344747041,0.3636859151383402,0.3914580720748802,0.4485198980073102,0.454125472516217,0.0,0.3384346714363296,0.476273307157148,0.4471192379140272,0.4688843932827078,0.4952466205634121,0.0,0.0,0.3940471856577658,0.4369468539912884,0.5118619316663665,0.0,0.0,0.0,0.0,0.0,0.0,0.0,0.4637509444614891,0.0,0.4557931236774318,0.0,0.0,0.5146498490514847,0.4781938885975411,0.4740221960853627,0.4671130950079407,0.0,0.4859924875124731,0.4906320907117621,0.50224568790949,0.4830903178124637,0.4316433708275015,0.4670412936380965,0.4800301710322784,0.4876749950106699,0.0,0.4699193144787985,0.0,0.453964997233004
0.4358049609720727,0.427616341275269,0.3379664684296466,0.4333531187277643,0.4074970928559461,0.3852005941436351,0.4407271486478944,0.4604096608616326,0.3742909867717038,0.4704567340249856,0.3848728666012997,0.0,0.4562830694121134,0.4422662170226414,0.3990496176621511,0.4442456893773333,0.0,0.4242348516636043,0.3539253124785678,0.3985588691598112,0.4153158032905423,0.4326358623807596,0.3674417334292066,0.4756773546627781,0.4066504183238736,0.4507988436359516,0.0,0.4467461280516164,0.3959347883772625,0.4177014980449741,0.4298059195049537,0.4372485936354222,0.4146678731060138,0.4564862880659707,0.4576591584062556,0.4567707342615798,0.4399835020155723,0.0,0.5082760504376952,0.0,0.512500782049587,0.4579490675100904,0.5191443697950276,0.0,0.0,0.0,0.5279971724520686,0.5671017406110486,0.0,0.0,0.5529852689980308,0.5452976041300912,0.528227531698467,0.5753799365402972,0.0,0.5523357056006702,0.0,0.5264725487298828,0.5342113950240159,0.5097799716357103,0.0,0.0,0.0,0.5623480002170945,0.5146400096089979,0.4885307606670966,0.4967329817512482,0.5340676629858087,0.0,0.0,0.4968963509453981,0.5426144530971981,0.5176227977793104,0.5103424454462597,0.5414691218351922,0.5367606927465698
0.4818773785265089,0.4181042160470548,0.468092212433095,0.2822095326161846,0.3495073559256931,0.4049735081681922,0.3890034708467847,0.4428705232887873,0.478362680040304,0.391941998594241,0.4681451567681631,0.3659834250389355,0.3326048643149256,0.3212933531503816,0.4326377266530182,0.4467324354645555,0.404086961090233,0.4176826517626233,0.4767288122625792,0.3604914270751917,0.4388314788045446,0.4086885510296968,0.4387082486432012,0.3706202520087948,0.403713969627021,0.4055478075982153,0.4467461280516164,0.0,0.3248199687847484,0.3184827440493925,0.3688429293232847,0.398225806415692,0.3420475900366946,0.3785305986175651,0.3568838164762202,0.2724076594062301,0.2493439132514033,0.3450851428112032,0.4283819253961296,0.0,0.4360234404581053,0.4069120156464693,0.4902242461452584,0.0,0.0,0.0,0.0,0.0,0.0,0.0,0.5147952958359373,0.0,0.4927742285676321,0.0,0.0,0.0,0.0,0.0,0.0,0.525945469453686,0.0,0.0,0.0,0.0,0.5152383044991917,0.4896446931136158,0.0,0.5215223237980747,0.0,0.0,0.0,0.5252468222058542,0.5249976238992519,0.501723908226768,0.0,0.5372106477292509
0.4607854520606064,0.4110625078603168,0.0,0.0,0.4471136196881476,0.3639603899551548,0.4478053197812258,0.3995363002269192,0.4095868052357158,0.0,0.0,0.0,0.395127674522054,0.0,0.4232940496422396,0.4373979339271247,0.0,0.4238071516191355,0.0,0.3377989365602513,0.4144511750365787,0.386346343780206,0.4086082574338203,0.0,0.3942973787709034,0.3951813432685307,0.3959347883772625,0.3248199687847484,0.0,0.3676593137833688,0.3738257966996134,0.4033472432512414,0.33979650846458,0.4285162259323187,0.4441596330723859,0.4594727731450211,0.4365953346769518,0.0,0.5056888132905741,0.0,0.4789794482061199,0.4848515465291749,0.0,0.0,0.0,0.0,0.4993932009467619,0.0,0.0,0.0,0.5101617503610738,0.0,0.4979452795284762,0.0,0.0,0.0,0.0,0.533187488645471,0.0,0.4944860873775241,0.0,0.0,0.0,0.0,0.4970539091804498,0.468609045694177,0.4789781153878419,0.5183531268554818,0.0,0.0,0.4668078103104598,0.5216797269928481,0.509972948621348,0.4950795624615729,0.0,0.5101089659835212
0.0,0.0,0.0,0.0,0.0,0.4222809694643488,0.0,0.4477096535409704,0.4789483234838951,0.0,0.0,0.0,0.3969142161777456,0.0,0.0,0.4160454567641274,0.0,0.0,0.0,0.3373780418914865,0.4593126852279721,0.3704083007502479,0.4310510663729716,0.0,0.0,0.0,0.4177014980449741,0.3184827440493925,0.3676593137833688,0.0,0.3465775579579693,0.4362052771027941,0.0,0.389879234513701,0.4183080491488958,0.0,0.0,0.0,0.5131994252004386,0.0,0.0,0.0,0.0,0.0,0.0,0.0,0.0,0.0,0.0,0.0,0.0,0.0,0.0,0.0,0.0,0.0,0.0,0.0,0.0,0.0,0.0,0.0,0.0,0.0,0.5382989080222254,0.0,0.0,0.5179610836596812,0.0,0.0,0.0,0.5344396913833086,0.0,0.0,0.0,0.0
0.3634585904638652,0.3501755334572135,0.4815614164716608,0.0,0.4907722545018423,0.4285471058197088,0.4333901494569381,0.4661524008710067,0.5113162636031409,0.3382949295129085,0.4980191891670212,0.3581476456635556,0.4110245022522554,0.442090738506,0.4330348463519495,0.350294284357052,0.3532048627698615,0.360933213615773,0.4812494730183748,0.401013769685254,0.3790928594840655,0.3906066560145678,0.4438821923000653,0.361644109857869,0.3632254077912348,0.3733138602773564,0.4298059195049537,0.3688429293232847,0.3738257966996134,0.3465775579579693,0.0,0.3928542707041942,0.3199526107896495,0.296223470543159,0.3697019317610979,0.4781230607326753,0.3235770331627774,0.3146074186030599,0.4436141556734521,0.4568767708025359,0.3933551631816133,0.0,0.0,0.0,0.0,0.4052078271390039,0.4644554052267483,0.0,0.0,0.0,0.5396389879207083,0.0,0.0,0.0,0.454234788933447,0.0,0.4436069953702759,0.0,0.0,0.5278013713075047,0.4764077848317675,0.0,0.4536517751265476,0.0,0.499790728462798,0.3959835863713047,0.464221363152812,0.5490831766650267,0.3761915389309377,0.453887930905009,0.4616083509688108,0.5383063622230496,0.5489759159637984,0.5096196205400599,0.0,0.5180909377206766
0.41850860067365,0.4035759892514531,0.4439382897524587,0.3129138792100248,0.4049332840041967,0.4345343218141282,0.3975047721387587,0.3902588578975729,0.460066060145791,0.3644965853674659,0.4209470382785736,0.302830416709061,0.4104534653945394,0.2879842656078639,0.4383340148826285,0.4385634891155898,0.4096532234055913,0.4220090735884114,0.4448090635262141,0.4366325892408704,0.4265116439036084,0.4412039550007137,0.4245223654878648,0.3684541485406071,0.3986889169349099,0.4256057344747041,0.4372485936354222,0.398225806415692,0.4033472432512414,0.4362052771027941,0.3928542707041942,0.0,0.3430404131881125,0.4015872204589883,0.4078248902661017,0.3193572385409037,0.3173835307372777,0.2441623804204459,0.2813038264283534,0.2574917777078152,0.3033836954240531,0.3313016126496781,0.3123944006279038,0.271843547819613,0.2567969318426472,0.4419889579877929,0.4846127499558224,0.5394088481403289,0.0,0.0,0.4854283100199022,0.0,0.5262584844135513,0.5254580602530406,0.2611016955170362,0.5106335652692342,0.2162279845832081,0.4539926317707671,0.0,0.4994001488840663,0.4613015603436695,0.0,0.4525877887854071,0.5552440504369116,0.5016900621982822,0.4583678004654419,0.4940969341913679,0.5344293706812472,0.2385768189154842,0.4632743335230194,0.474986651359491,0.5343894054266471,0.4156835628300414,0.505056757933743,0.0,0.4979154773663349
0.3530297041289609,0.3484209810782269,0.0,0.0,0.4306112722537882,0.4055255054263575,0.3725016471669177,0.0,0.4441689876738465,0.3271923150814389,0.4596465551901723,0.325079351197005,0.3761154370664757,0.0,0.4207155375080948,0.3924874582584557,0.3351612841251935,0.3553701442124888,0.0,0.3885680413488278,0.3795129421827147,0.3989156844275525,0.4156730366089881,0.2784962341336828,0.3287126440726382,0.3636859151383402,0.4146678731060138,0.3420475900366946,0.33979650846458,0.0,0.3199526107896495,0.3430404131881125,0.0,0.2604523003807417,0.4278773212627743,0.3922304961793218,0.2419251101893852,0.2080948546029754,0.2599158529199882,0.2779363657872863,0.2367578974355296,0.2914995148934588,0.0,0.0,0.3237908756233196,0.4128747091363879,0.4874379322627676,0.0,0.0,0.0,0.0,0.0,0.0,0.0,0.4257320266409201,0.0,0.4297288892886972,0.0,0.0,0.5054695479578253,0.479537928105187,0.4595141732760259,0.4486154189527023,0.0,0.4868268086894458,0.0,0.499470331092561,0.482123248472905,0.3608945137674797,0.461747107432757,0.4535222058173181,0.0,0.0,0.0,0.0,0.4675696996096385
0.3715206643233263,0.3608132403866529,0.4735104172125181,0.3270548599644231,0.4740160441491823,0.4433502835755469,0.3874379954598453,0.4775269478436505,0.4858178115256204,0.3698414015287832,0.4727419633076151,0.2890650263892099,0.3960588227775404,0.4301621840046559,0.4450946233693738,0.3969705015595106,0.3856717645569144,0.3884424915176838,0.4644428894218821,0.4431398090343568,0.4099127655256252,0.4320456804656046,0.458359842876079,0.3076425493918456,0.3679499007436537,0.3914580720748802,0.4564862880659707,0.3785305986175651,0.4285162259323187,0.389879234513701,0.296223470543159,0.4015872204589883,0.2604523003807417,0.0,0.3469866626809381,0.3750720655352479,0.3099887413042611,0.2312446344864706,0.3124297880023423,0.2483037833670838,0.248087975421618,0.296435127448756,0.3516206379312292,0.0,0.2282791027746379,0.4133339407633647,0.4768252113442621,0.0,0.0,0.0,0.4989150001884785,0.0,0.5273754424845072,0.0,0.4507496962952316,0.0,0.2982741026329791,0.0,0.0,0.5050884548473773,0.4614805045842066,0.0,0.4604862677574692,0.0,0.527450308300785,0.4438003118227674,0.4903093201016568,0.5439465223717104,0.4201032702251896,0.4665076129773922,0.4736475902940933,0.5233915437429051,0.4470082188335476,0.5176376716215546,0.0,0.4303698251659874
0.4368240435282989,0.4272860416266769,0.4631875523639189,0.3006793889476424,0.4411770916765831,0.443939098293185,0.3317043931264257,0.4469160901984667,0.4681496639246442,0.3692896090085654,0.4658373639894719,0.3215689182145174,0.3766353423369665,0.0,0.4763532677361033,0.4707789438751495,0.3992172691899079,0.4143108543313936,0.4458180639487122,0.4662872051129628,0.4712151489071495,0.4750477674532516,0.4554166095751523,0.3505034738817907,0.3994690289652288,0.4485198980073102,0.4576591584062556,0.3568838164762202,0.4441596330723859,0.4183080491488958,0.3697019317610979,0.4078248902661017,0.4278773212627743,0.3469866626809381,0.0,0.454194791467071,0.3618574318571061,0.2520743729855397,0.3138048980301297,0.2714508672230206,0.2895555813762999,0.3571962524158027,0.3304266705052667,0.3341218083547072,0.2614832706088707,0.0,0.524835315004706,0.0,0.0,0.0,0.0,0.0,0.0,0.0,0.0,0.0,0.2833699420696602,0.0,0.0,0.5291420110366938,0.4909673677140395,0.0,0.4984992669491025,0.0,0.4887937575792871,0.4851758451552201,0.5166031162906202,0.4618969810839203,0.0,0.4767703631562872,0.502515913285287,0.4445143439450658,0.0,0.0,0.0,0.0
0.0,0.0,0.4254181145325055,0.2609684675692979,0.272300904862613,0.4394510505625708,0.3107989802241851,0.319965804663736,0.4186921685575087,0.3348291472439413,0.3452660931306699,0.3225275868599808,0.3497491807380297,0.2856562622047413,0.4593053962303019,0.0,0.0,0.0,0.3952164963917067,0.4960734365938391,0.4533720079215371,0.5034513220177859,0.416230900667413,0.2957324374212268,0.0,0.454125472516217,0.4567707342615798,0.2724076594062301,0.4594727731450211,0.0,0.4781230607326753,0.3193572385409037,0.3922304961793218,0.3750720655352479,0.454194791467071,0.0,0.2167161868367846,0.3164574781756607,0.3198343233674454,0.2694463437516767,0.32545317473042,0.3168744637162405,0.3971496464154705,0.3127764497675891,0.0,0.0,0.0,0.5002604739902841,0.0,0.0,0.495817822384091,0.5147441094201429,0.4794668710553955,0.5123375401141917,0.0,0.4694233043404872,0.2719325465768408,0.5297213053722477,0.4080055140057674,0.0,0.0,0.0,0.0,0.4868323908371067,0.0,0.0,0.0,0.5185922356491919,0.0,0.0,0.0,0.5137942178526732,0.5295558731529886,0.4767861549276617,0.0,0.0
0.0,0.0,0.4667425527287374,0.1963771806724441,0.2219871006525224,0.4462065109133015,0.2856286368324649,0.3475309404208049,0.4486706441435943,0.2018232550718122,0.4367987009015643,0.2773777960989853,0.3260591056990613,0.2313356289482986,0.0,0.0,0.0,0.0,0.4787553457840288,0.4456329161909119,0.0,0.4559213028180466,0.4298916346823746,0.0,0.0,0.0,0.4399835020155723,0.2493439132514033,0.4365953346769518,0.0,0.3235770331627774,0.3173835307372777,0.2419251101893852,0.3099887413042611,0.3618574318571061,0.2167161868367846,0.0,0.275872692208385,0.2310614496149936,0.0,0.0,0.3086056677930948,0.0,0.0,0.0,0.0,0.0,0.0,0.0,0.0,0.0,0.0,0.0,0.0,0.0,0.0,0.0,0.0,0.0,0.0,0.0,0.0,0.0,0.0,0.0,0.0,0.0,0.0,0.0,0.0,0.0,0.0,0.0,0.0,0.0,0.0
0.0,0.0,0.0,0.0,0.4468175760167506,0.0,0.3502535205842202,0.0,0.462759155202084,0.3399516919161976,0.4581822968517838,0.2920925512146642,0.3685551239360578,0.0,0.0,0.0,0.3669754168959172,0.0,0.0,0.0,0.0,0.0,0.0,0.2791552363786214,0.3629478352754097,0.3384346714363296,0.0,0.3450851428112032,0.0,0.0,0.3146074186030599,0.2441623804204459,0.2080948546029754,0.2312446344864706,0.2520743729855397,0.3164574781756607,0.275872692208385,0.0,0.2442732821173238,0.2929235519392045,0.242927199523403,0.2552391310809726,0.0,0.0,0.3555603679455837,0.0,0.0,0.0,0.0,0.0,0.0,0.0,0.0,0.0,0.4169482371362605,0.0,0.4495162197115563,0.0,0.0,0.0,0.0,0.0,0.0,0.0,0.0,0.0,0.0,0.0,0.3726361290219717,0.0,0.4177412772504819,0.0,0.0,0.0,0.0,0.0
0.4694961924322251,0.4783288770687304,0.5361142484958024,0.0,0.0,0.5029827002724647,0.0,0.5234534593034947,0.5269824049017369,0.3776744319955991,0.5171506576212015,0.267699943373388,0.4538367969210186,0.0,0.4709026868483144,0.5085217023142378,0.0,0.5161548696636631,0.5253415085038957,0.5090282212154864,0.4937625413768161,0.4923658223250688,0.5160946822194714,0.3095675475270111,0.4942576517391682,0.476273307157148,0.5082760504376952,0.4283819253961296,0.5056888132905741,0.5131994252004386,0.4436141556734521,0.2813038264283534,0.2599158529199882,0.3124297880023423,0.3138048980301297,0.3198343233674454,0.2310614496149936,0.2442732821173238,0.0,0.3278630822791307,0.4015273309961987,0.3963515448502829,0.3051507015686573,0.3008989067672728,0.2545660009117146,0.4184704319766033,0.4243157738236169,0.4592123185389437,0.3122276305574885,0.3511678935105703,0.4431970869200725,0.3628429006672564,0.3740838901053738,0.4632399693294334,0.3561059380587164,0.4368035218062622,0.2554983394701718,0.3919635328587386,0.3397086823779079,0.4321848526333505,0.4251722941141928,0.4161887237297778,0.4274856493645989,0.4515898094406965,0.4355477677285659,0.4257721118171199,0.4244371272878895,0.4374205545811439,0.3204495963325371,0.4061871077545156,0.4310896008325973,0.4417542582652571,0.3656281035103155,0.4059663945261171,0.4266230147133368,0.3942574942305734
0.440399730694466,0.4798837375069842,0.0,0.0,0.0,0.0,0.0,0.0,0.0,0.3997811458575891,0.0,0.4035902332593235,0.0,0.0,0.4434981202206195,0.4778750871669648,0.4416734688570897,0.462581546897254,0.0,0.4901263535166407,0.4703522363245917,0.4998641625919893,0.388189839329299,0.4096742268105319,0.4485110493716253,0.4471192379140272,0.0,0.0,0.0,0.0,0.4568767708025359,0.2574917777078152,0.2779363657872863,0.2483037833670838,0.2714508672230206,0.2694463437516767,0.0,0.2929235519392045,0.3278630822791307,0.0,0.2743429652168349,0.4312265231070405,0.4685171911731062,0.2325367771620274,0.2203332994057568,0.3809050378748833,0.3771434898975342,0.0,0.0,0.3031934639137694,0.4074532949867656,0.3607591631160393,0.4924332791653638,0.4503917924259205,0.3369813747701659,0.4313191726150445,0.3173317063171367,0.3838026055453483,0.0,0.4084308019336432,0.3791865827089862,0.3416127965986662,0.3431308702694038,0.0,0.3737653260477208,0.3853806644639533,0.3755510124110784,0.4164921569270012,0.315498698683021,0.3249094149280691,0.3644561134184125,0.4128673506026424,0.3428554143993038,0.3816275990559404,0.3264500522929661,0.3146027791892435
0.4424894179804468,0.4878500658360514,0.0,0.0,0.0,0.5069479691375166,0.0,0.5103489823363394,0.0,0.4353149837631698,0.0,0.3479879330429826,0.0,0.0,0.4812832283633753,0.4647095825623532,0.4632744557669012,0.5081933784085275,0.0,0.5094316773276342,0.4958930663068542,0.488239317086584,0.5471271164230169,0.4247666126256314,0.4894804867314118,0.4688843932827078,0.512500782049587,0.4360234404581053,0.4789794482061199,0.0,0.3933551631816133,0.3033836954240531,0.2367578974355296,0.248087975421618,0.2895555813762999,0.32545317473042,0.0,0.242927199523403,0.4015273309961987,0.2743429652168349,0.0,0.4587512094141777,0.4649343801743431,0.3604611396325488,0.2539128007911377,0.3758878076111678,0.3904025884859332,0.4779785894751217,0.4599424811638725,0.3925655679933952,0.4427869275752621,0.3903122366808086,0.4760792536245028,0.4767640374470536,0.3742506337227754,0.4600512254052014,0.2975980794420293,0.4049426866130612,0.0,0.4429903529305853,0.3785028103964405,0.3825697026208893,0.3821503065453593,0.4661850042572022,0.4338160355343382,0.4287081116505417,0.41532157270589,0.4605916574693547,0.313110764648601,0.3709699120883059,0.3950238653718451,0.453709838729168,0.3651543425623105,0.3988532121932533,0.3855639077881936,0.2701597766317212
