0.0,0.2733724128143774,0.0,0.0,0.0,0.3070628622653731,0.0,0.3278866632925948,0.0,0.2738096802921502,0.0,0.2446204307520298,0.0,0.3264260184490837,0.2440913817001613,0.2716375847758182,0.2723116703942577,0.2548392908340703,0.0,0.2754942556140508,0.2502700967998976,0.2663371628487223,0.2852248412985723,0.2278540911048525,0.2539064654620036,0.2444729145813223,0.2877152122112301,0.3140939806218952,0.3130813057797318,0.0,0.2339084911926557,0.281323751911732,0.2322650320040571,0.242423139339638,0.2745367686274715,0.0,0.0,0.2947919181107138,0.2956962010884331,0.2988528105797054,0.3014123392124976,0.0,0.0,0.0,0.0,0.2465876832914335,0.318522918388497,0.0,0.0,0.0,0.0,0.0,0.0,0.0,0.3225294232877855,0.0,0.0,0.0,0.0,0.0,0.3100012558054077,0.0,0.2968900331671622,0.0,0.0,0.2120194326827071,0.3267714632470688,0.0,0.2227165488083076,0.3025050835956938,0.311700067432349,0.0,0.0,0.0,0.0,0.2984204755130907
0.2733724128143774,0.0,0.0,0.0,0.2628710103684462,0.2411664631838824,0.2773179903338273,0.327004264053857,0.2585571543214265,0.0,0.0,0.0,0.2734857809374585,0.0,0.2719477264356488,0.2620515746128872,0.0,0.2540040758020797,0.0,0.2607794640646287,0.2802193194273163,0.2462856012684648,0.2761181235740207,0.0,0.2338242237256254,0.2563672682059778,0.2692957099982461,0.2855020075939472,0.2672402126734031,0.0,0.226039598003776,0.2692118475767058,0.2245609925962863,0.2357168972056613,0.2801623692650166,0.0,0.0,0.0,0.3111052029219298,0.3150899210791748,0.3212390988349032,0.327349392895473,0.0,0.0,0.0,0.2975413896949683,0.3202756550969761,0.0,0.0,0.0,0.3215210484274615,0.0,0.0,0.0,0.0,0.0,0.0,0.0,0.0,0.327900976183956,0.3103971400937125,0.0,0.2835850477982056,0.0,0.3152230966529855,0.3320477801325668,0.3203608508184256,0.3271320152059861,0.0,0.3004237721521103,0.3251218669341238,0.3221892612987613,0.0,0.310987470646636,0.0,0.2906713707423185
0.0,0.0,0.0,0.2849289240652631,0.2399190231836054,0.2482522332735652,0.2839878356994127,0.2821053227993913,0.202978783517771,0.3300192035183101,0.1783138985988258,0.0,0.2941574809275855,0.2381239594753166,0.0,0.0,0.0,0.0,0.1464299563406799,0.0,0.0,0.0,0.1931610340423837,0.0,0.0,0.0,0.2066495817514887,0.2950895056591444,0.0,0.0,0.3066181720323619,0.2829833427860336,0.0,0.3037301315850583,0.2965199741970308,0.266378754129882,0.2949572627698835,0.0,0.3550143061089424,0.0,0.0,0.0,0.3429451415870292,0.0,0.0,0.0,0.0,0.2608272963459643,0.0,0.3659559097534989,0.3483806714142077,0.387580388288043,0.3657771420420141,0.3458501850113044,0.0,0.2511747163221687,0.0,0.3797573965572297,0.3492220983557275,0.0,0.0,0.0,0.0,0.1778301524209297,0.0,0.0,0.0,0.3484951466978927,0.0,0.0,0.0,0.3562700602053283,0.0,0.0,0.0,0.0
0.0,0.0,0.2849289240652631,0.0,0.1632198775815316,0.2658622475462976,0.1819174784431629,0.2708893858981649,0.2818534362775313,0.2451582248329274,0.2494759443270862,0.1932568936150621,0.2363813897894844,0.2005773940137047,0.0,0.0,0.0,0.0,0.2648368837023488,0.0,0.0,0.0,0.2525126915222173,0.0,0.0,0.0,0.2703312455620114,0.1872149010797699,0.0,0.0,0.1986411721528833,0.2256156163034517,0.0,0.217942775725372,0.2356187466615736,0.1554749074598962,0.1365161388772333,0.0,0.0,0.0,0.0,0.0,0.0,0.0,0.0,0.0,0.0,0.0,0.0,0.0,0.0,0.0,0.0,0.0,0.0,0.0,0.0,0.0,0.0,0.0,0.0,0.0,0.0,0.0,0.0,0.0,0.0,0.0,0.0,0.0,0.0,0.0,0.0,0.0,0.0,0.0
0.0,0.2628710103684462,0.2399190231836054,0.1632198775815316,0.0,0.2408842338141225,0.2023139141113376,0.2535826549577374,0.2196099236552035,0.3086903686771798,0.1990168498623969,0.30812454970745,0.2559026218225523,0.1984726112645127,0.0,0.2806216763577593,0.0,0.0,0.2160442811119249,0.2509047249537028,0.0,0.2588015055538822,0.2437302294324902,0.0,0.2605000959820264,0.2775096184863728,0.2462484701191926,0.2335500737263671,0.2755720813965941,0.0,0.2909897273152392,0.2468195115282454,0.2668103425894533,0.2885928743726543,0.2926465631764189,0.1849889912256529,0.1571794864464504,0.3080775182542493,0.3438330901318405,0.0,0.0,0.0,0.2961925406269427,0.0,0.0,0.0,0.0,0.3548820644657811,0.0,0.0,0.3477168354495438,0.0,0.3119507390398269,0.3722071478710544,0.0,0.2545594979875688,0.0,0.0,0.0,0.0,0.0,0.0,0.0,0.3414958807477717,0.0,0.0,0.0,0.3354866505628852,0.0,0.0,0.0,0.3407317451236713,0.0,0.0,0.0,0.0
0.3070628622653731,0.2411664631838824,0.2482522332735652,0.2658622475462976,0.2408842338141225,0.0,0.2688654315997921,0.2629045315683104,0.2123124318459752,0.3036750434460711,0.2385137291880563,0.319808098036842,0.2506414538798565,0.2536169497009093,0.2810705652451621,0.2551517745934479,0.0,0.2748944585019922,0.2506896476858117,0.2531784073582864,0.2765118997543559,0.2592149891119455,0.2463917356219407,0.0,0.2312445246915725,0.2576348410701553,0.2469379342759106,0.2540741993207014,0.240474205355658,0.2641689398366208,0.2911706843104219,0.2677380303128436,0.250176437447709,0.2915023591750166,0.2845280827531967,0.2646594961367757,0.279230497544278,0.3022349069197614,0.3171487873901294,0.0,0.3356242487271436,0.328539876977733,0.3348194372844982,0.0,0.0,0.0,0.0,0.3624946936981852,0.0,0.3786893091693075,0.3288691526279894,0.3531105047316396,0.3152092917657752,0.3727274099393288,0.0,0.3625806345494393,0.0,0.343950923896384,0.0,0.3305380136194036,0.0,0.0,0.0,0.3730192226695505,0.325451627890563,0.3457833978424629,0.3264244685151974,0.3369233037934718,0.0,0.0,0.3324763661763418,0.3333380435598669,0.3364284649887845,0.3193504828968033,0.0,0.3438982765098888
0.0,0.2773179903338273,0.2839878356994127,0.1819174784431629,0.2023139141113376,0.2688654315997921,0.0,0.2780910927569391,0.2721261032322847,0.2782102769823168,0.2824845145066302,0.2674737467884717,0.2264455264082598,0.2194913997846123,0.0,0.3062102085004743,0.3081251157117569,0.2890758829735766,0.2889176984561203,0.2870798508607097,0.0,0.2930149425081052,0.2745115514125769,0.2509766627806908,0.2779372343911352,0.276887802157582,0.2756372988331944,0.2485079571891752,0.2921217411637608,0.0,0.2904368602191675,0.2731389872216071,0.2601901374091797,0.2722164757990782,0.2334790366197889,0.2041172131725192,0.2092682542305076,0.2516295320014738,0.0,0.0,0.0,0.0,0.3601782929900229,0.0,0.0,0.0,0.0,0.0,0.0,0.0,0.3590389594285453,0.0,0.0,0.0,0.0,0.0,0.0,0.0,0.0,0.0,0.0,0.0,0.0,0.0,0.0,0.0,0.0,0.3409881879191147,0.0,0.0,0.0,0.346443312325585,0.0,0.0,0.0,0.0
0.3278866632925948,0.327004264053857,0.2821053227993913,0.2708893858981649,0.2535826549577374,0.2629045315683104,0.2780910927569391,0.0,0.3211163014436079,0.3247822660428698,0.2460494839312764,0.0,0.290801152166483,0.2553300228473256,0.0,0.3244207893079247,0.0,0.3246881776853048,0.2734268060325396,0.2891414493164504,0.2549348547701404,0.0,0.2251595306693329,0.3351778436542058,0.3188774518793093,0.3258380867749104,0.2748275481184513,0.2775057734500148,0.2609557570553933,0.2650692790895048,0.2939749494320259,0.2580731251245837,0.3119103407467977,0.298010897485793,0.2971966714164044,0.2059993741101758,0.2305910735702806,0.0,0.281997705183893,0.0,0.3249383560247718,0.0,0.3281536404017726,0.0,0.0,0.0,0.0,0.3426159500911551,0.0,0.0,0.3146219609636956,0.3363946994314017,0.2530510605254483,0.3619989743110395,0.0,0.3312309544383252,0.0,0.3253956590689829,0.3241011766133702,0.3082611951228562,0.0,0.0,0.0,0.3418051949857686,0.3022184238242771,0.3212988985099927,0.0,0.3129551200137502,0.0,0.0,0.0,0.318465046551789,0.3175443634913622,0.2983561484986824,0.0,0.3389548120059293
0.0,0.2585571543214265,0.202978783517771,0.2818534362775313,0.2196099236552035,0.2123124318459752,0.2721261032322847,0.3211163014436079,0.0,0.3181014567869748,0.1933596318519929,0.3250214038453747,0.2816497281055421,0.2774814197382237,0.0,0.2759671214806107,0.0,0.0,0.1703404949404211,0.2497735289373018,0.0,0.2640158626843678,0.242785533403395,0.0,0.2965120721928135,0.3201427374767652,0.2136292781949826,0.3052880837377948,0.2797099742131579,0.0,0.3187640905658238,0.2894135627842684,0.2925071378137647,0.3129392884867279,0.3071799950397978,0.2836016618529716,0.2973386463271349,0.3120916122398581,0.3586989714757934,0.0,0.0,0.0,0.351529504419673,0.0,0.0,0.0,0.0,0.3757015355790899,0.0,0.3960784188101082,0.3571507790483771,0.397441474836559,0.3812874532704099,0.3892477448058913,0.0,0.3521384448834632,0.0,0.4032389901078897,0.3517299386290018,0.0,0.0,0.0,0.0,0.3681712428413698,0.0,0.0,0.0,0.3702720702543449,0.0,0.0,0.0,0.3676574466818675,0.0,0.0,0.0,0.0
0.2738096802921502,0.0,0.3300192035183101,0.2451582248329274,0.3086903686771798,0.3036750434460711,0.2782102769823168,0.3247822660428698,0.3181014567869748,0.0,0.3173308339428606,0.1883782481050399,0.2831091465839507,0.2921141401269626,0.0,0.260719739387231,0.2112674045508432,0.2292452047115801,0.3208090441259816,0.0,0.0,0.2692406757005985,0.298544024079744,0.2159068807236509,0.2123510164563653,0.2127662766844357,0.3029013289900638,0.2691251248870835,0.0,0.0,0.2105298920536478,0.2410142164684802,0.2086563767959186,0.2308100991565979,0.2339368739723574,0.2453955705093919,0.1736845616418485,0.1887777259968324,0.21289687688792,0.2693134961286288,0.2406231739555417,0.191381818994726,0.0,0.0,0.1765233500381856,0.3096564753606731,0.0,0.0,0.0,0.0,0.0,0.0,0.0,0.0,0.3236155613539563,0.0,0.3213580498618554,0.2866265827109324,0.0,0.0,0.3017790759393421,0.3245569119291664,0.3116232331245788,0.0,0.0,0.0,0.0,0.0,0.3022289722569233,0.3192561791617922,0.3175309536447991,0.0,0.2766555515399453,0.0,0.0,0.2921790920380917
0.0,0.0,0.1783138985988258,0.2494759443270862,0.1990168498623969,0.2385137291880563,0.2824845145066302,0.2460494839312764,0.1933596318519929,0.3173308339428606,0.0,0.3184740277430463,0.3023939908944638,0.2059923627205559,0.0,0.0,0.0,0.0,0.1495980782157268,0.0,0.0,0.0,0.1945567402548379,0.3143886242188521,0.0,0.0,0.2383607126197446,0.2923969053371129,0.0,0.0,0.3157863211920079,0.2834452450302774,0.317468233476783,0.3107264283485855,0.2949194343613143,0.2394399359241835,0.2849929779098056,0.3087668418648837,0.3178680688694513,0.0,0.0,0.0,0.3142039946161949,0.0,0.0,0.0,0.0,0.2433997329126638,0.0,0.2490187883552292,0.3499483220883472,0.3295080844713267,0.3143461265999875,0.329487502285016,0.0,0.1498520381735187,0.0,0.3441403888492659,0.2656453954672396,0.0,0.0,0.0,0.0,0.1269580412934098,0.0,0.0,0.0,0.3520603310392771,0.0,0.0,0.0,0.3470774185290933,0.0,0.0,0.0,0.0
0.2446204307520298,0.0,0.0,0.1932568936150621,0.30812454970745,0.319808098036842,0.2674737467884717,0.0,0.3250214038453747,0.1883782481050399,0.3184740277430463,0.0,0.2747387437254909,0.0,0.0,0.0,0.2397558390093109,0.2475249955509555,0.0,0.0,0.3234304829922722,0.0,0.3347556390556538,0.1877859900839573,0.2334047113391497,0.2217203533756412,0.0,0.2514758904767369,0.0,0.0,0.2232161151866318,0.1940902972596791,0.1996131430541327,0.193070415436096,0.2149061176841722,0.2105521373691665,0.2099444849478415,0.1549845810363138,0.1720656748563088,0.2731415067494261,0.2237454840419659,0.1994549402357677,0.0,0.0,0.1753752756657331,0.0,0.0,0.0,0.0,0.0,0.0,0.0,0.0,0.0,0.3270525374292238,0.0,0.3225277118329706,0.0,0.0,0.0,0.0,0.3276190411836698,0.3189785597905885,0.0,0.0,0.0,0.0,0.0,0.3001509596393308,0.320332853726117,0.3170308387873147,0.0,0.2753151506950754,0.0,0.0,0.2938007971164578
0.0,0.2734857809374585,0.2941574809275855,0.2363813897894844,0.2559026218225523,0.2506414538798565,0.2264455264082598,0.290801152166483,0.2816497281055421,0.2831091465839507,0.3023939908944638,0.2747387437254909,0.0,0.2665628267376326,0.288929359151047,0.3050878812438127,0.2984806013610491,0.2937104807963623,0.302797617910897,0.2875476164764862,0.2978267838613766,0.2959717446811551,0.2741589972603691,0.2792428278993976,0.2814149290395405,0.2819798022933318,0.2766914780375109,0.2271787271951536,0.2701377945860537,0.2837995176276928,0.2749771055459099,0.2810453133819268,0.2608901195786685,0.2813205187395602,0.2640119452078159,0.2483676184378638,0.2458910598359184,0.2655561467717739,0.2866136776503358,0.0,0.3264344831805662,0.0,0.3240068696413353,0.0,0.0,0.0,0.0,0.3850340918000053,0.0,0.0,0.347341366540763,0.0,0.3324856797131934,0.0,0.0,0.0,0.0,0.0,0.0,0.0,0.0,0.0,0.0,0.0,0.3620572840509563,0.0,0.0,0.3383458409464935,0.0,0.0,0.0,0.3368651393961583,0.0,0.3525226810153081,0.0,0.0
0.3264260184490837,0.0,0.2381239594753166,0.2005773940137047,0.1984726112645127,0.2536169497009093,0.2194913997846123,0.2553300228473256,0.2774814197382237,0.2921141401269626,0.2059923627205559,0.0,0.2665628267376326,0.0,0.0,0.0,0.0,0.0,0.2358928136358376,0.0,0.2880564794876893,0.0,0.2372931508137354,0.0,0.0,0.0,0.2707037626829111,0.2160412928210034,0.0,0.0,0.2695709667789444,0.228950556498308,0.0,0.2719020721587853,0.0,0.1660727390059514,0.1272222269463622,0.0,0.0,0.0,0.0,0.0,0.2812552222488625,0.0,0.0,0.0,0.0,0.3504359811272149,0.0,0.0,0.0,0.0,0.0,0.0,0.0,0.3145637547696093,0.0,0.0,0.0,0.0,0.0,0.0,0.0,0.334954840597249,0.0,0.0,0.0,0.328809152180571,0.0,0.0,0.0,0.3512139631819945,0.0,0.0,0.0,0.0
0.2440913817001613,0.2719477264356488,0.0,0.0,0.0,0.2810705652451621,0.0,0.0,0.0,0.0,0.0,0.0,0.288929359151047,0.0,0.0,0.2627501559415101,0.0,0.2593828046024662,0.0,0.2299207800515007,0.263639730785686,0.2241881184087932,0.2390457931552476,0.2826285889156603,0.2506845990558992,0.236076531195518,0.2632229267388081,0.264746888131841,0.2577699196019675,0.2597589066058419,0.2523885780183195,0.2787679218613503,0.2632212957968585,0.2744071363177059,0.3030238737296363,0.2863995753268437,0.0,0.0,0.3147000743328749,0.3341673792799295,0.3366977192713938,0.3413684467724076,0.0,0.0,0.0,0.0,0.349692068951441,0.0,0.0,0.0,0.3233149396937441,0.0,0.0,0.0,0.0,0.0,0.0,0.0,0.0,0.3129923127155395,0.3388305803587043,0.0,0.0,0.0,0.2896706087032683,0.3198147677993621,0.3349354742983428,0.3143802018891135,0.0,0.3431728276007685,0.356838130005065,0.3112845041252414,0.3461216311966173,0.3205116446542545,0.0,0.3318268667001976
0.2716375847758182,0.2620515746128872,0.0,0.0,0.2806216763577593,0.2551517745934479,0.3062102085004743,0.3244207893079247,0.2759671214806107,0.260719739387231,0.0,0.0,0.3050878812438127,0.0,0.2627501559415101,0.0,0.2549164944163052,0.229045376173418,0.0,0.2595499233477126,0.2726924203381811,0.2411981152997162,0.2693685060172,0.2646880543505796,0.2578091795103613,0.271661895434871,0.2794872638932872,0.2942061985124008,0.275188309427927,0.2781289509846266,0.2322343684899726,0.2714993134246816,0.2394482605831323,0.2496215617115965,0.2662976297711953,0.0,0.0,0.0,0.3148078423557058,0.3070811561204947,0.307800177610072,0.3165922193751123,0.0,0.0,0.0,0.2963796441090584,0.3141170728435767,0.0,0.0,0.0,0.0,0.0,0.0,0.0,0.0,0.0,0.0,0.0,0.0,0.33025940208464,0.3061847019397307,0.0,0.2924562424621316,0.0,0.3313050754807199,0.3317456414184588,0.3170317201267059,0.0,0.0,0.3014207270980089,0.3163753020261429,0.3671377512073695,0.0,0.0,0.0,0.2895721184897597
0.2723116703942577,0.0,0.0,0.0,0.0,0.0,0.3081251157117569,0.0,0.0,0.2112674045508432,0.0,0.2397558390093109,0.2984806013610491,0.0,0.0,0.2549164944163052,0.0,0.2296751221847742,0.0,0.264166759544713,0.0,0.2551656727869809,0.0,0.2585393788573689,0.2179399942494224,0.2419917065020086,0.0,0.2828456569277823,0.3277339662758505,0.0,0.2231500502926415,0.2787148077090474,0.2142997986712695,0.244987623584854,0.2556454441278757,0.0,0.0,0.2264815458628815,0.3207578276341915,0.2942947145360008,0.329201609013671,0.0,0.0,0.0,0.0,0.0,0.0,0.0,0.0,0.0,0.0,0.0,0.0,0.0,0.3338290026982041,0.0,0.3238291476080789,0.0,0.0,0.0,0.0,0.3338413832080059,0.3161811114618773,0.0,0.0,0.0,0.0,0.0,0.3124851842148581,0.3375924587682245,0.324883512684718,0.0,0.0,0.0,0.0,0.3531349572832852
0.2548392908340703,0.2540040758020797,0.0,0.0,0.0,0.2748944585019922,0.2890758829735766,0.3246881776853048,0.0,0.2292452047115801,0.0,0.2475249955509555,0.2937104807963623,0.0,0.2593828046024662,0.229045376173418,0.2296751221847742,0.0,0.0,0.2652538919825921,0.275157150249294,0.2639275454162902,0.2877110559761657,0.2390480293721092,0.219856546067358,0.2400834471146308,0.2772922219114084,0.2862376313845335,0.279106695863474,0.2880627215267067,0.2389985885971182,0.2801055817926961,0.2141710831899974,0.2466258237731795,0.2644622747673836,0.0,0.0,0.0,0.3193306552855897,0.3128758991717307,0.3222118124014659,0.3287540655813454,0.0,0.0,0.0,0.2934639418988025,0.3108350019261466,0.0,0.0,0.0,0.0,0.0,0.0,0.0,0.3039394438788259,0.0,0.3068033988396087,0.0,0.0,0.0,0.3079597485286204,0.332627743547464,0.3048218849417447,0.0,0.0,0.0,0.3122372291390328,0.0,0.3102635851085546,0.3123896216133065,0.3139957317704324,0.0,0.0,0.0,0.0,0.3024356252748662
0.0,0.0,0.1464299563406799,0.2648368837023488,0.2160442811119249,0.2506896476858117,0.2889176984561203,0.2734268060325396,0.1703404949404211,0.3208090441259816,0.1495980782157268,0.0,0.302797617910897,0.2358928136358376,0.0,0.0,0.0,0.0,0.0,0.0,0.0,0.0,0.1520519979860418,0.0,0.0,0.0,0.2173836824590534,0.3023465066441785,0.0,0.0,0.3157729370888177,0.2814095585287285,0.0,0.3108558801744522,0.298873024276983,0.2603627445506367,0.2902301604200537,0.3253635399318538,0.3446494172193233,0.0,0.0,0.0,0.3307698028543171,0.0,0.0,0.0,0.0,0.3512155656713195,0.0,0.3605611559365204,0.3590567339350374,0.3839046320364118,0.3492422506281269,0.3654209807585756,0.0,0.183877120677925,0.0,0.0,0.3438155702165728,0.0,0.0,0.0,0.0,0.3561875884245555,0.0,0.0,0.0,0.3617826904560516,0.0,0.0,0.0,0.3603159442608952,0.0,0.0,0.0,0.0
0.2754942556140508,0.2607794640646287,0.0,0.0,0.2509047249537028,0.2531784073582864,0.2870798508607097,0.2891414493164504,0.2497735289373018,0.0,0.0,0.0,0.2875476164764862,0.0,0.2299207800515007,0.2595499233477126,0.264166759544713,0.2652538919825921,0.0,0.0,0.2755090561505265,0.2401014293498045,0.1947902348119308,0.0,0.2530232374173661,0.2733407363361358,0.2304934456965876,0.2314360946557293,0.2230339548276072,0.2007780307350146,0.2430203828158499,0.2743833113300436,0.2453843543361232,0.2655457268466709,0.290103375421368,0.3143268030554033,0.2877223788003267,0.0,0.313034785670633,0.3297998739343062,0.3368378473226733,0.3241598432993757,0.0,0.0,0.0,0.0,0.3201752824073423,0.0,0.0,0.0,0.3330738507130599,0.0,0.3262452322010896,0.0,0.0,0.0,0.0,0.3851220598912063,0.0,0.3201311872144531,0.0,0.0,0.0,0.0,0.3133468215748726,0.3198246564548201,0.3198273895512522,0.3305979236551556,0.0,0.0,0.3245674564685753,0.3256493273703406,0.3399261053217573,0.3237501273185744,0.0,0.3222581327191871
0.2502700967998976,0.2802193194273163,0.0,0.0,0.0,0.2765118997543559,0.0,0.2549348547701404,0.0,0.0,0.0,0.3234304829922722,0.2978267838613766,0.2880564794876893,0.263639730785686,0.2726924203381811,0.0,0.275157150249294,0.0,0.2755090561505265,0.0,0.280872415717471,0.2448009835092303,0.3008593065644631,0.2704403533619023,0.2733063352301679,0.2849424155398128,0.2860735275760117,0.2818832123240427,0.2893957705398534,0.246847494695296,0.2873058129964986,0.2620429661824425,0.2625985933235487,0.3101640766138837,0.295885640976498,0.0,0.0,0.3058337904315267,0.3135483909744798,0.334629214784187,0.34533451063237,0.0,0.0,0.0,0.2686690913076614,0.3358159718073274,0.0,0.0,0.0,0.3097576569616282,0.0,0.2838899098490884,0.0,0.0,0.0,0.0,0.0,0.0,0.3181857644079157,0.3225191131450477,0.0,0.0,0.0,0.3106096666930297,0.3104606955740575,0.3307153852319257,0.31771583942823,0.0,0.3248788075170152,0.3416889888187218,0.3260357401082571,0.3309912959157611,0.3200987003613209,0.0,0.3278262560252151
0.2663371628487223,0.2462856012684648,0.0,0.0,0.2588015055538822,0.2592149891119455,0.2930149425081052,0.0,0.2640158626843678,0.2692406757005985,0.0,0.0,0.2959717446811551,0.0,0.2241881184087932,0.2411981152997162,0.2551656727869809,0.2639275454162902,0.0,0.2401014293498045,0.280872415717471,0.0,0.2646917932423552,0.0,0.2611218513993011,0.263209763943167,0.2704695728555637,0.2663062715385865,0.2588094546194826,0.2461773204392257,0.2401280904958088,0.2736868510359366,0.2462630819247276,0.2565163204795877,0.2931972710055464,0.3167481593991189,0.2854552626949682,0.0,0.3140475548077249,0.3233872714738401,0.3311286077450969,0.332963231239992,0.0,0.0,0.0,0.3131655949745157,0.3206393650312694,0.0,0.0,0.0,0.3193828472740064,0.0,0.0,0.0,0.0,0.0,0.0,0.0,0.0,0.3345494217073229,0.3126137054863924,0.0,0.3367022322255739,0.0,0.3171968976198211,0.3259747723318505,0.3253799452118435,0.3198573494153187,0.0,0.3042528234760175,0.3338456489878166,0.3202337447751119,0.3769292907634135,0.3175053261985167,0.0,0.3176644317300055
0.2852248412985723,0.2761181235740207,0.1931610340423837,0.2525126915222173,0.2437302294324902,0.2463917356219407,0.2745115514125769,0.2251595306693329,0.242785533403395,0.298544024079744,0.1945567402548379,0.3347556390556538,0.2741589972603691,0.2372931508137354,0.2390457931552476,0.2693685060172,0.0,0.2877110559761657,0.1520519979860418,0.1947902348119308,0.2448009835092303,0.2646917932423552,0.0,0.3169295113694145,0.2641234706386297,0.2812149764259431,0.2041036519727481,0.2693079851526818,0.2590533776302701,0.2620315094174759,0.2732779761608219,0.2666003270898523,0.2573186022850698,0.2795110577780183,0.2961411035462691,0.2519565848329188,0.2779453775041728,0.31756074504147,0.3298820276019383,0.2982909134793819,0.3449852017888656,0.3277111599416545,0.3301293045318781,0.0,0.0,0.0,0.3224617695995915,0.3446519186964504,0.0,0.3573064423753224,0.3304268716140915,0.3413076269591056,0.3040914636058505,0.3661481737205008,0.0,0.3316683086970161,0.0,0.336376611348803,0.3328010111725867,0.3221933798460651,0.0,0.0,0.0,0.3509383820965763,0.3284746024113448,0.322918246841967,0.3221926632779648,0.3225306881835309,0.0,0.0,0.3191942540540319,0.3340507589531516,0.3346245655369524,0.3273146699466758,0.3330638163915607,0.3369509332239531
0.2278540911048525,0.0,0.0,0.0,0.0,0.0,0.2509766627806908,0.3351778436542058,0.0,0.2159068807236509,0.3143886242188521,0.1877859900839573,0.2792428278993976,0.0,0.2826285889156603,0.2646880543505796,0.2585393788573689,0.2390480293721092,0.0,0.0,0.3008593065644631,0.0,0.3169295113694145,0.0,0.2353349351893857,0.2335865351037678,0.3187141519441862,0.2539354642187523,0.0,0.0,0.2134268637019811,0.2298711272264916,0.1786793584680468,0.1858881259253243,0.2337224924259199,0.2026623609744608,0.1689054586545458,0.1771416662551712,0.1835354667390925,0.2685053425016484,0.2808204686346705,0.0,0.0,0.0,0.2041747526420871,0.2721787872225154,0.0,0.0,0.0,0.0,0.0,0.0,0.0,0.0,0.3167220251382843,0.0,0.3077405338916262,0.0,0.0,0.0,0.3251552007805078,0.3211922531760285,0.3135651540687336,0.0,0.0,0.0,0.0,0.0,0.2831116523468128,0.3165110899873726,0.3088369004865838,0.0,0.2247284659031107,0.0,0.0,0.2733848667853427
0.2539064654620036,0.2338242237256254,0.0,0.0,0.2605000959820264,0.2312445246915725,0.2779372343911352,0.3188774518793093,0.2965120721928135,0.2123510164563653,0.0,0.2334047113391497,0.2814149290395405,0.0,0.2506845990558992,0.2578091795103613,0.2179399942494224,0.219856546067358,0.0,0.2530232374173661,0.2704403533619023,0.2611218513993011,0.2641234706386297,0.2353349351893857,0.0,0.2246659508961443,0.2561761002635759,0.2816136741743045,0.2712944673832078,0.0,0.23236730952164,0.2547544722777479,0.2002936591053591,0.2276029994477679,0.2482176971015786,0.0,0.0,0.2183482766326281,0.3140102873011183,0.3038806713331827,0.313107111115237,0.3273782953304032,0.0,0.0,0.0,0.2893871263572841,0.3212500890378989,0.0,0.0,0.0,0.0,0.0,0.0,0.0,0.3194555105894808,0.0,0.3139728110117076,0.0,0.0,0.3066900056456999,0.3090491426100065,0.3247173376794273,0.3058888575060522,0.0,0.3143331494229513,0.3075251178044748,0.3101077663292591,0.0,0.3040893245470528,0.31063261573567,0.3131594186877229,0.0,0.0,0.3212562713016058,0.0,0.3006271713982154
0.2444729145813223,0.2563672682059778,0.0,0.0,0.2775096184863728,0.2576348410701553,0.276887802157582,0.3258380867749104,0.3201427374767652,0.2127662766844357,0.0,0.2217203533756412,0.2819798022933318,0.0,0.236076531195518,0.271661895434871,0.2419917065020086,0.2400834471146308,0.0,0.2733407363361358,0.2733063352301679,0.263209763943167,0.2812149764259431,0.2335865351037678,0.2246659508961443,0.0,0.2861353317662271,0.2790738396984908,0.2675024254181192,0.0,0.2427527878525072,0.2808847928223487,0.2352772592429282,0.2490172669135171,0.2822529828299407,0.317375622020715,0.0,0.2334462730345959,0.3122026122365263,0.3087492433192702,0.3217154895258771,0.349354485294878,0.0,0.0,0.0,0.3009970258183475,0.3332377538565499,0.0,0.0,0.0,0.3335276952248342,0.0,0.0,0.0,0.3244523975435996,0.0,0.3163314348559837,0.0,0.0,0.3514695774479218,0.318234952917403,0.330704449710139,0.3163812582443029,0.0,0.3300162492375408,0.3487234516986983,0.336310682105941,0.3230690673752536,0.3011849638015925,0.318341141785442,0.327112978368626,0.326926898646901,0.0,0.324212036836314,0.0,0.3064301056766235
0.2877152122112301,0.2692957099982461,0.2066495817514887,0.2703312455620114,0.2462484701191926,0.2469379342759106,0.2756372988331944,0.2748275481184513,0.2136292781949826,0.3029013289900638,0.2383607126197446,0.0,0.2766914780375109,0.2707037626829111,0.2632229267388081,0.2794872638932872,0.0,0.2772922219114084,0.2173836824590534,0.2304934456965876,0.2849424155398128,0.2704695728555637,0.2041036519727481,0.3187141519441862,0.2561761002635759,0.2861353317662271,0.0,0.2698776112023772,0.2476930011201119,0.2552741526298342,0.2649482359401147,0.2730785319677526,0.2475702570147952,0.2792032086353682,0.2921473502134178,0.2907621606079159,0.2750933128666241,0.0,0.3265366131804165,0.2934826493633621,0.3515302094021271,0.3116725405365451,0.3369786917518006,0.0,0.0,0.0,0.3428383792144663,0.36382736863461,0.0,0.3709343655281883,0.3323996113564902,0.3500432226565263,0.3321652874762476,0.3727881492926886,0.0,0.3544159478463086,0.0,0.3437259387415444,0.3701568735053364,0.3262673354859688,0.0,0.0,0.0,0.3725386391243629,0.330655172145851,0.3373639041396711,0.3276159585264805,0.3392674449635598,0.0,0.0,0.3246757167409445,0.3366722511315725,0.339676373382558,0.3314730849625933,0.3487098706005652,0.340006619701833
0.3140939806218952,0.2855020075939472,0.2950895056591444,0.1872149010797699,0.2335500737263671,0.2540741993207014,0.2485079571891752,0.2775057734500148,0.3052880837377948,0.2691251248870835,0.2923969053371129,0.2514758904767369,0.2271787271951536,0.2160412928210034,0.264746888131841,0.2942061985124008,0.2828456569277823,0.2862376313845335,0.3023465066441785,0.2314360946557293,0.2860735275760117,0.2663062715385865,0.2693079851526818,0.2539354642187523,0.2816136741743045,0.2790738396984908,0.2698776112023772,0.0,0.2280150649528976,0.1953485508102605,0.2342655267605873,0.2729339718463051,0.241213289496505,0.2552675308274484,0.2685333473508554,0.1965425890211164,0.1895755913458304,0.2418061554986065,0.2602263503718424,0.229075432331932,0.288041039443173,0.283598229501194,0.3010384301354161,0.0,0.0,0.0,0.0,0.4065092336129419,0.0,0.0,0.3309067913904095,0.0,0.3196922529632972,0.0,0.0,0.0,0.2627347021965016,0.0,0.0,0.3379168871540072,0.0,0.0,0.0,0.0,0.3259706219291516,0.3329273146935422,0.3639880274368048,0.3356313216857897,0.0,0.0,0.0,0.3335866860420377,0.3461234841316772,0.3305926113792465,0.0,0.3463225214396876
0.3130813057797318,0.2672402126734031,0.0,0.0,0.2755720813965941,0.240474205355658,0.2921217411637608,0.2609557570553933,0.2797099742131579,0.0,0.0,0.0,0.2701377945860537,0.0,0.2577699196019675,0.275188309427927,0.3277339662758505,0.279106695863474,0.0,0.2230339548276072,0.2818832123240427,0.2588094546194826,0.2590533776302701,0.0,0.2712944673832078,0.2675024254181192,0.2476930011201119,0.2280150649528976,0.0,0.2269819533346554,0.2446641086663927,0.2703092123230276,0.2270884346120232,0.2716350584835431,0.2976331499251443,0.3074996273502428,0.0,0.0,0.3257667806109626,0.0,0.3467608126819199,0.3558184540724457,0.353012806869505,0.0,0.0,0.0,0.3253129791030129,0.0,0.0,0.0,0.3268197111099607,0.0,0.3187572672369873,0.0,0.0,0.0,0.0,0.3528135829508195,0.0,0.3215299937719641,0.0,0.0,0.0,0.0,0.323278404716564,0.3245778193302733,0.3230598156995989,0.3309109467583077,0.0,0.0,0.3310828644262181,0.3282416255603675,0.3356327529283037,0.3229491829373431,0.3517749678180759,0.3364978727816138
0.0,0.0,0.0,0.0,0.0,0.2641689398366208,0.0,0.2650692790895048,0.0,0.0,0.0,0.0,0.2837995176276928,0.0,0.2597589066058419,0.2781289509846266,0.0,0.2880627215267067,0.0,0.2007780307350146,0.2893957705398534,0.2461773204392257,0.2620315094174759,0.0,0.0,0.0,0.2552741526298342,0.1953485508102605,0.2269819533346554,0.0,0.2098222183276495,0.281278284556907,0.2561607037124994,0.2248998248360695,0.2791760495152848,0.0,0.0,0.0,0.0,0.0,0.0,0.0,0.0,0.0,0.0,0.0,0.0,0.0,0.0,0.0,0.0,0.0,0.0,0.0,0.0,0.0,0.0,0.0,0.0,0.0,0.0,0.0,0.0,0.0,0.3266215910424656,0.0,0.0,0.3333858833117263,0.0,0.0,0.0,0.3360057525731421,0.0,0.3483282334707996,0.0,0.0
0.2339084911926557,0.226039598003776,0.3066181720323619,0.1986411721528833,0.2909897273152392,0.2911706843104219,0.2904368602191675,0.2939749494320259,0.3187640905658238,0.2105298920536478,0.3157863211920079,0.2232161151866318,0.2749771055459099,0.2695709667789444,0.2523885780183195,0.2322343684899726,0.2231500502926415,0.2389985885971182,0.3157729370888177,0.2430203828158499,0.246847494695296,0.2401280904958088,0.2732779761608219,0.2134268637019811,0.23236730952164,0.2427527878525072,0.2649482359401147,0.2342655267605873,0.2446641086663927,0.2098222183276495,0.0,0.2568608317474945,0.2140920835311117,0.1782663926774768,0.2216938803129348,0.2934641065252159,0.2094520626964345,0.1942082888515051,0.3284226640528091,0.0,0.3099045830054173,0.0,0.0,0.0,0.0,0.2685796476931936,0.3039835057820375,0.0,0.0,0.0,0.3452024392018772,0.0,0.0,0.0,0.2984099192053409,0.0,0.3020041505036233,0.0,0.0,0.3297801090853287,0.3011423392638285,0.3516077470460522,0.3032524762852963,0.0,0.3113581473150076,0.3100318129348725,0.3204112671869976,0.3423818869041679,0.0,0.3039675873541934,0.3138430272766482,0.3372366068564247,0.3613717923153962,0.3343445710526956,0.0,0.0
0.281323751911732,0.2692118475767058,0.2829833427860336,0.2256156163034517,0.2468195115282454,0.2677380303128436,0.2731389872216071,0.2580731251245837,0.2894135627842684,0.2410142164684802,0.2834452450302774,0.1940902972596791,0.2810453133819268,0.228950556498308,0.2787679218613503,0.2714993134246816,0.2787148077090474,0.2801055817926961,0.2814095585287285,0.2743833113300436,0.2873058129964986,0.2736868510359366,0.2666003270898523,0.2298711272264916,0.2547544722777479,0.2808847928223487,0.2730785319677526,0.2729339718463051,0.2703092123230276,0.281278284556907,0.2568608317474945,0.0,0.2299177926808895,0.2656429485941629,0.2670541955129959,0.2030011492943041,0.2168982385266396,0.1697669831193888,0.1967703202051463,0.1720651718836848,0.2070666954364047,0.2107219160652745,0.205729874795405,0.1854106076617022,0.1713217187785327,0.3080311551348977,0.324430924755526,0.3532540598551094,0.0,0.0,0.3109661268334268,0.3057812629498608,0.3119670902767911,0.363594925736011,0.1957012034336256,0.3229180994387199,0.1599979213841876,0.277484676777069,0.0,0.3356125246048564,0.3120644450014508,0.287160221363039,0.2949221095823551,0.3771392326061248,0.3222509049719613,0.3417318726058432,0.3316680392295786,0.335318516667532,0.1267346142234144,0.3090887429541434,0.3161501330837164,0.3292435625817034,0.2765298472532531,0.3352863805563918,0.0,0.2776499595003488
0.2322650320040571,0.2245609925962863,0.0,0.0,0.2668103425894533,0.250176437447709,0.2601901374091797,0.3119103407467977,0.2925071378137647,0.2086563767959186,0.317468233476783,0.1996131430541327,0.2608901195786685,0.0,0.2632212957968585,0.2394482605831323,0.2142997986712695,0.2141710831899974,0.0,0.2453843543361232,0.2620429661824425,0.2462630819247276,0.2573186022850698,0.1786793584680468,0.2002936591053591,0.2352772592429282,0.2475702570147952,0.241213289496505,0.2270884346120232,0.2561607037124994,0.2140920835311117,0.2299177926808895,0.0,0.1749656990874462,0.3012736647127865,0.3209913205658826,0.1821674069158805,0.1305660438097923,0.1736686038514878,0.1922179838418561,0.1747971124422197,0.1857610863299753,0.0,0.0,0.1369282663419353,0.2768482491078259,0.3189248247129671,0.0,0.0,0.0,0.0,0.0,0.0,0.0,0.2709109125358671,0.0,0.2824993175291131,0.0,0.0,0.3383631021617057,0.3173070764651381,0.2831049946015703,0.2949325029521949,0.0,0.3275598217779962,0.0,0.3316774348156907,0.3093258443729032,0.2663085129206323,0.3048346490920315,0.3073416808470491,0.3033179584777281,0.2829563003755375,0.3467490858190459,0.0,0.2850542846041795
0.242423139339638,0.2357168972056613,0.3037301315850583,0.217942775725372,0.2885928743726543,0.2915023591750166,0.2722164757990782,0.298010897485793,0.3129392884867279,0.2308100991565979,0.3107264283485855,0.193070415436096,0.2813205187395602,0.2719020721587853,0.2744071363177059,0.2496215617115965,0.244987623584854,0.2466258237731795,0.3108558801744522,0.2655457268466709,0.2625985933235487,0.2565163204795877,0.2795110577780183,0.1858881259253243,0.2276029994477679,0.2490172669135171,0.2792032086353682,0.2552675308274484,0.2716350584835431,0.2248998248360695,0.1782663926774768,0.2656429485941629,0.1749656990874462,0.0,0.2420049735073396,0.2853207673932775,0.1895636684310625,0.1528283653526273,0.1869428570969343,0.1761656346122839,0.1755936371359183,0.1953766680921174,0.2305215263133473,0.221290985732554,0.1628708428402587,0.2801512093197062,0.3102027036481512,0.0,0.0,0.0,0.318074065401863,0.0,0.3313771221127897,0.0,0.2410508408596135,0.0,0.2191009018457636,0.2985145655715957,0.0,0.3416006480979348,0.3033357592567438,0.3028882447839,0.3020400134502099,0.0,0.3205277898893709,0.345191902257622,0.3282224024011546,0.3470480296261941,0.222886911136335,0.3067123601997591,0.3176054004607854,0.3077390113066466,0.285215277082246,0.3112160151448463,0.0,0.250438753066087
0.2745367686274715,0.2801623692650166,0.2965199741970308,0.2356187466615736,0.2926465631764189,0.2845280827531967,0.2334790366197889,0.2971966714164044,0.3071799950397978,0.2339368739723574,0.2949194343613143,0.2149061176841722,0.2640119452078159,0.0,0.3030238737296363,0.2662976297711953,0.2556454441278757,0.2644622747673836,0.298873024276983,0.290103375421368,0.3101640766138837,0.2931972710055464,0.2961411035462691,0.2337224924259199,0.2482176971015786,0.2822529828299407,0.2921473502134178,0.2685333473508554,0.2976331499251443,0.2791760495152848,0.2216938803129348,0.2670541955129959,0.3012736647127865,0.2420049735073396,0.0,0.2761232497897943,0.2141755573437539,0.1783984681548389,0.1881006383444586,0.1753101126377237,0.2010611314307107,0.2218256357192095,0.2212144442920132,0.2206474842118778,0.1691633139857313,0.2621423869463367,0.3305972876462839,0.0,0.0,0.0,0.0,0.0,0.0,0.0,0.0,0.0,0.1872674643120177,0.0,0.0,0.353616169802702,0.3209328221804361,0.0,0.3094236894955868,0.0,0.339284217657863,0.0,0.3414539545766133,0.3131219583909899,0.0,0.3109134766498383,0.3248400834253813,0.3029609631890167,0.2892743463449634,0.3559798836054465,0.0,0.0
0.0,0.0,0.266378754129882,0.1554749074598962,0.1849889912256529,0.2646594961367757,0.2041172131725192,0.2059993741101758,0.2836016618529716,0.2453955705093919,0.2394399359241835,0.2105521373691665,0.2483676184378638,0.1660727390059514,0.2863995753268437,0.0,0.0,0.0,0.2603627445506367,0.3143268030554033,0.295885640976498,0.3167481593991189,0.2519565848329188,0.2026623609744608,0.0,0.317375622020715,0.2907621606079159,0.1965425890211164,0.3074996273502428,0.0,0.2934641065252159,0.2030011492943041,0.3209913205658826,0.2853207673932775,0.2761232497897943,0.0,0.1443675473083586,0.2108504414258913,0.201128233668606,0.1690462996373838,0.2058816058676008,0.2024445025608925,0.2409685616860595,0.1981945211582104,0.0,0.0,0.0,0.3393238741107606,0.0,0.0,0.3223315722040765,0.2976460866003443,0.3081822927806455,0.3373504679825033,0.0,0.3007077668096677,0.1692830477839613,0.2910407709608067,0.0,0.0,0.0,0.0,0.0,0.3241780142824023,0.3097476239217639,0.0,0.2710734208040957,0.3278362283522429,0.0,0.0,0.0,0.3304604090418678,0.3054182729318745,0.3384128654069747,0.0,0.0
0.0,0.0,0.2949572627698835,0.1365161388772333,0.1571794864464504,0.279230497544278,0.2092682542305076,0.2305910735702806,0.2973386463271349,0.1736845616418485,0.2849929779098056,0.2099444849478415,0.2458910598359184,0.1272222269463622,0.0,0.0,0.0,0.0,0.2902301604200537,0.2877223788003267,0.0,0.2854552626949682,0.2779453775041728,0.1689054586545458,0.0,0.0,0.2750933128666241,0.1895755913458304,0.0,0.0,0.2094520626964345,0.2168982385266396,0.1821674069158805,0.1895636684310625,0.2141755573437539,0.1443675473083586,0.0,0.1970848018761312,0.1723041350056063,0.1331489653002152,0.1840077623348544,0.2109832285585305,0.1981580150898325,0.0,0.0,0.0,0.0,0.0,0.0,0.0,0.0,0.0,0.0,0.0,0.0,0.0,0.1892352450224142,0.0,0.0,0.0,0.0,0.0,0.0,0.0,0.0,0.0,0.0,0.0,0.0,0.0,0.0,0.0,0.0,0.0,0.0,0.0
0.2947919181107138,0.0,0.0,0.0,0.3080775182542493,0.3022349069197614,0.2516295320014738,0.0,0.3120916122398581,0.1887777259968324,0.3087668418648837,0.1549845810363138,0.2655561467717739,0.0,0.0,0.0,0.2264815458628815,0.0,0.3253635399318538,0.0,0.0,0.0,0.31756074504147,0.1771416662551712,0.2183482766326281,0.2334462730345959,0.0,0.2418061554986065,0.0,0.0,0.1942082888515051,0.1697669831193888,0.1305660438097923,0.1528283653526273,0.1783984681548389,0.2108504414258913,0.1970848018761312,0.0,0.1659744819764535,0.1772711304758778,0.1613922980417938,0.1702610268570311,0.0,0.0,0.1131207836901301,0.0,0.0,0.0,0.0,0.0,0.0,0.0,0.0,0.0,0.2389942286771528,0.0,0.1990817555666208,0.0,0.0,0.0,0.0,0.0,0.0,0.0,0.0,0.0,0.0,0.0,0.238983229124801,0.3069291601727887,0.2675965538313908,0.0,0.0,0.0,0.0,0.2254044012455122
0.2956962010884331,0.3111052029219298,0.3550143061089424,0.0,0.3438330901318405,0.3171487873901294,0.0,0.281997705183893,0.3586989714757934,0.21289687688792,0.3178680688694513,0.1720656748563088,0.2866136776503358,0.0,0.3147000743328749,0.3148078423557058,0.3207578276341915,0.3193306552855897,0.3446494172193233,0.313034785670633,0.3058337904315267,0.3140475548077249,0.3298820276019383,0.1835354667390925,0.3140102873011183,0.3122026122365263,0.3265366131804165,0.2602263503718424,0.3257667806109626,0.0,0.3284226640528091,0.1967703202051463,0.1736686038514878,0.1869428570969343,0.1881006383444586,0.201128233668606,0.1723041350056063,0.1659744819764535,0.0,0.2129150827059965,0.2687698817009654,0.2428449763754603,0.2039141390435898,0.211330136623269,0.1719900057013077,0.2703160734155668,0.2677187246253213,0.2789909936157168,0.1988375170271528,0.2573508795252761,0.2540752059050342,0.2437320595635533,0.2647084941947549,0.2882756900193582,0.2301611990688648,0.2761963760075598,0.1874089082110323,0.2583937080980557,0.2361191072823796,0.2769289478293102,0.2800362466663063,0.2755381695139081,0.2648268042137473,0.2761961351523035,0.2714783344475857,0.2722030851897343,0.2750418406773207,0.2708703502745079,0.2245595784187856,0.2551537188332487,0.2775486312118461,0.2736971522200483,0.2480481234673143,0.2574275284177976,0.2447428014667293,0.254365223294217
0.2988528105797054,0.3150899210791748,0.0,0.0,0.0,0.0,0.0,0.0,0.0,0.2693134961286288,0.0,0.2731415067494261,0.0,0.0,0.3341673792799295,0.3070811561204947,0.2942947145360008,0.3128758991717307,0.0,0.3297998739343062,0.3135483909744798,0.3233872714738401,0.2982909134793819,0.2685053425016484,0.3038806713331827,0.3087492433192702,0.2934826493633621,0.229075432331932,0.0,0.0,0.0,0.1720651718836848,0.1922179838418561,0.1761656346122839,0.1753101126377237,0.1690462996373838,0.1331489653002152,0.1772711304758778,0.2129150827059965,0.0,0.1990715314727424,0.2943386842841611,0.2838388231817455,0.1677376779670786,0.1304778136992464,0.22930004495279,0.237883662247863,0.0,0.0,0.2579717893188928,0.2617151130925264,0.2251336806217167,0.2756962876821283,0.2978062511070499,0.216657972053781,0.2877753606341857,0.2166340688614473,0.2438384656079937,0.0,0.2670583159166286,0.2437074768671635,0.2241089887056672,0.2082405498201107,0.0,0.2440477147916089,0.2476445457322643,0.2536346567849019,0.2716297258126012,0.2049391006332278,0.2021498200746405,0.2378700510194012,0.2618529122787701,0.2296896633641977,0.2070829301147915,0.1968936499063106,0.2073472351113331
