0.0,0.3327707728047179,0.0,0.0,0.0,0.381632937028442,0.0,0.4144361300789609,0.0,0.402567477545325,0.0,0.3446939487972515,0.4446658087504599,0.0,0.31767021015506,0.334989205266803,0.2687307910061802,0.3334410312522645,0.0,0.3678845338200541,0.3393366605951345,0.3321339560479814,0.3840002246557719,0.32066771886441,0.322334127073235,0.3131400892001819,0.3828525724832036,0.4040681451784601,0.3866897259109149,0.0,0.2872863849604304,0.3351318045126574,0.2864789362322834,0.2964771745633293,0.3451588690962681,0.0,0.0,0.0,0.3664858100697956,0.3422015145856769,0.3129339083360397,0.0,0.0,0.0,0.0,0.3550697810125856,0.403200225738231,0.0,0.0,0.0,0.0,0.0,0.0,0.0,0.0,0.0,0.0,0.0,0.0,0.0,0.3732589061054729,0.0,0.3697956506747865,0.0,0.0,0.3783601102337002,0.3612160374573229,0.0,0.0,0.3833542649203244,0.3990464006463451,0.0,0.0,0.0,0.0,0.0
0.3327707728047179,0.0,0.0,0.0,0.3592880426190031,0.3466658052266251,0.3687863512455545,0.4082303993940239,0.3737996920865124,0.0,0.0,0.0,0.3680190448591944,0.0,0.3400377187759762,0.3482378820129768,0.0,0.3525719674838466,0.0,0.3752162551661551,0.3604759961789713,0.3497793332922632,0.3574331537245305,0.0,0.3535597136467495,0.3437972143378139,0.3614674617229102,0.357241824268409,0.3613327732894209,0.0,0.3074495660136266,0.3243265865262861,0.2976128569730451,0.2986182388610781,0.3373729383354836,0.0,0.0,0.0,0.3740004878270289,0.3603590000967956,0.3511756685099487,0.3737710170490087,0.0,0.0,0.0,0.4014342977415709,0.4017911427062153,0.0,0.0,0.0,0.4196246281207246,0.0,0.0,0.0,0.0,0.0,0.0,0.0,0.0,0.4084262795210671,0.3721227048573133,0.0,0.3709818082570086,0.0,0.3834239845890133,0.4299629139542272,0.3678053107902214,0.4663871046312662,0.0,0.3932981563522931,0.413906300109557,0.4037684230997674,0.0,0.3916960277523184,0.0,0.3658830759051999
0.0,0.0,0.0,0.4011345412707929,0.359196468517813,0.3609087667767349,0.3795030443374297,0.436897225621504,0.3132610811898445,0.4418910908427219,0.3104108317130343,0.5169566790701802,0.3792355552636482,0.396989284060772,0.0,0.0,0.0,0.0,0.273764421560532,0.0,0.0,0.0,0.297940918450976,0.0,0.0,0.0,0.3564544969693044,0.3888706196312539,0.0,0.0,0.390954991552106,0.3740589153739962,0.0,0.3979413269469874,0.41286949311158,0.3830283570241372,0.3928958585578645,0.0,0.4865652491152202,0.0,0.6622714491405064,0.0,0.4719009003424949,0.0,0.0,0.0,0.0,0.4656008917346603,0.0,0.5138393244409833,0.488572928306097,0.5196870130856444,0.4972999968624658,0.5220199195582812,0.0,0.348950893338841,0.0,0.5261609194781417,0.4847170035990192,0.0,0.0,0.0,0.0,0.2345745287388523,0.0,0.0,0.0,0.48516203529213,0.0,0.0,0.0,0.4962867121104777,0.556836394040962,0.0,0.0,0.0
0.0,0.0,0.4011345412707929,0.0,0.1881070409989247,0.3469131593597477,0.2478613360868907,0.320259554363695,0.3504071571621942,0.2055450684848707,0.3206534467686714,0.2589030486867448,0.2518745755584139,0.2169312043067918,0.0,0.0,0.0,0.0,0.3625862735857075,0.4004978924653432,0.0,0.0,0.3419296082499558,0.0,0.0,0.0,0.3605392237442469,0.2099332961470514,0.4128846048435935,0.0,0.2412358317502859,0.2756363373472206,0.0,0.254968006711824,0.2745521814076603,0.1859623112353391,0.159230607171816,0.2447659524221179,0.0,0.0,0.0,0.0,0.0,0.0,0.0,0.0,0.0,0.0,0.0,0.0,0.0,0.0,0.0,0.0,0.0,0.0,0.0,0.0,0.0,0.0,0.0,0.0,0.0,0.0,0.0,0.0,0.0,0.0,0.0,0.0,0.0,0.0,0.0,0.0,0.0,0.0
0.0,0.3592880426190031,0.359196468517813,0.1881070409989247,0.0,0.3505485138528745,0.3125029951247118,0.3550244146641763,0.3195411124672145,0.3369948641694075,0.3020853618412127,0.3698988794372578,0.3317112866279995,0.2244898687672564,0.0,0.4029621581111201,0.0,0.0,0.3402874489895633,0.3346733203297914,0.0,0.3540594097216631,0.3572727992899187,0.0,0.3597613508591135,0.3925922045739315,0.3614052637953479,0.3075068183514868,0.3649828280110455,0.0,0.3630228134857798,0.2809239722332456,0.3840217803794779,0.3524299471782907,0.3142121014090042,0.1843151474494098,0.2002543563938638,0.3712188837911378,0.4410107630875683,0.0,0.0,0.0,0.3897065254219942,0.0,0.0,0.0,0.0,0.4920999257314268,0.0,0.0,0.4789265611362221,0.0,0.4507876433667415,0.5295550682558877,0.0,0.4220190444854587,0.0,0.0,0.0,0.0,0.0,0.0,0.0,0.4883590660623446,0.0,0.0,0.0,0.4549759007467166,0.0,0.0,0.0,0.4747940492448084,0.0,0.0,0.0,0.0
0.381632937028442,0.3466658052266251,0.3609087667767349,0.3469131593597477,0.3505485138528745,0.0,0.3746294409757728,0.345333844930979,0.3336227625961367,0.3913580530360759,0.3499184846810581,0.4209337211034074,0.3628322702911017,0.3709809233118801,0.3710179819734124,0.3720887675342226,0.0,0.3694339424008713,0.3665038227370094,0.3714635084912572,0.3767378030194409,0.3738475612335871,0.3514939039181477,0.0,0.3214465158081603,0.3601077813565824,0.3454026111254097,0.3447356501312337,0.2978747493174995,0.3554766627186465,0.3707566656470521,0.348750550487186,0.3426198036254718,0.3758385599607112,0.3738573486144551,0.360668251988847,0.3626086504668011,0.4193420341150092,0.4314294991850698,0.0,0.4473451546018938,0.4288060758314062,0.4245512313186006,0.0,0.0,0.0,0.4717393330148083,0.4898843049577233,0.0,0.51525849979972,0.445051399627913,0.4787990676941003,0.4291289668380829,0.5086124942455404,0.0,0.4913445091312456,0.0,0.4626905912747681,0.0,0.4528640340893145,0.0,0.0,0.0,0.4681214569183144,0.4487098230757787,0.4503597189908989,0.447949400257585,0.4541560501187078,0.0,0.0,0.45727713308508,0.4456505343783363,0.4476112820988232,0.4347122072696866,0.0,0.4597729032603342
0.0,0.3687863512455545,0.3795030443374297,0.2478613360868907,0.3125029951247118,0.3746294409757728,0.0,0.37341470048998,0.3571093067102356,0.3436938790925853,0.3710829983478115,0.3469611070663451,0.2930622782276951,0.3065108010224316,0.0,0.40267059317067,0.4047288226607097,0.4006676629269067,0.3778440554396829,0.3842066403616958,0.0,0.3920314535949114,0.3611167559048988,0.3779600023885592,0.3625472839329123,0.3829552037635805,0.3693830284182673,0.3156287244164595,0.381906325099212,0.0,0.3629571114980004,0.3515997688017178,0.3711993017450536,0.3571439520012134,0.3441217666298117,0.27539910609587,0.2675090680382572,0.340304180488501,0.4253832890578608,0.0,0.5302978061701367,0.0,0.4704999955876528,0.0,0.0,0.0,0.0,0.5321540651792971,0.0,0.0,0.4773933937043589,0.0,0.4707423682971625,0.57758859276733,0.0,0.0,0.0,0.0,0.0,0.0,0.0,0.0,0.0,0.633294006717264,0.0,0.0,0.0,0.4486455348605712,0.0,0.0,0.0,0.4604853470607681,0.0,0.0,0.0,0.0
0.4144361300789609,0.4082303993940239,0.436897225621504,0.320259554363695,0.3550244146641763,0.345333844930979,0.37341470048998,0.0,0.4571522113745309,0.4484590026308925,0.3585256164314836,0.4258363053991468,0.3773756730924991,0.3482972036481263,0.0,0.401862487855578,0.0,0.4128162439099796,0.4127254582282499,0.3631925630633273,0.3215935260087544,0.4070877718189719,0.322341830332513,0.4374999336256439,0.4041478370667954,0.4003897377900021,0.3760217890248303,0.3686908658414769,0.3298512629746458,0.346906794060097,0.3731013336707648,0.3144665902489436,0.3643241875130535,0.3758852971039813,0.3896042845750391,0.2627230105438253,0.0,0.0,0.3769381200979648,0.0,0.4293456360163445,0.0,0.3511235106995891,0.0,0.0,0.0,0.0,0.4915141038439183,0.0,0.0,0.4038702654310722,0.4398807307013606,0.3327989253107845,0.4972244616445764,0.0,0.4080735254107738,0.0,0.430099558848276,0.0,0.0,0.0,0.0,0.0,0.4707725085697857,0.4667261507035914,0.240516369662387,0.0,0.4096642796669306,0.0,0.0,0.0,0.4188737509291227,0.4230623938886269,0.4215933430684604,0.0,0.448100419630272
0.0,0.3737996920865124,0.3132610811898445,0.3504071571621942,0.3195411124672145,0.3336227625961367,0.3571093067102356,0.4571522113745309,0.0,0.3952562364055674,0.32007811116362,0.3982110832401671,0.3482266455540277,0.3781542268729499,0.0,0.0,0.0,0.0,0.299531926844158,0.3796198131460813,0.0,0.3871785678371501,0.3571412146367504,0.0,0.0,0.0,0.3734151212690549,0.3664932784688632,0.3481797188348578,0.3772600104023066,0.357687867101593,0.3523542127549349,0.4167696103207156,0.37527460579981,0.3764824848108369,0.3613054829993409,0.3639353293457495,0.3905866125249646,0.4723688328461499,0.0,0.0,0.0,0.4610427840692722,0.0,0.0,0.0,0.0,0.5192486479153368,0.0,0.5404930163316904,0.4856451538846649,0.5332782876666349,0.5224910033106823,0.5346125412728546,0.0,0.4931745824681724,0.0,0.5386900365166964,0.4794750729668924,0.0,0.0,0.0,0.0,0.5156458551528288,0.0,0.0,0.0,0.4967095158094237,0.0,0.0,0.0,0.4953784732278221,0.5468345119867282,0.0,0.0,0.0
0.402567477545325,0.0,0.4418910908427219,0.2055450684848707,0.3369948641694075,0.3913580530360759,0.3436938790925853,0.4484590026308925,0.3952562364055674,0.0,0.3944098971183982,0.243191629466394,0.3498676184151503,0.0,0.0,0.3510803912531033,0.303820738320909,0.3062382570859926,0.4094785042977459,0.4382527553827117,0.0,0.3781390340419027,0.4023713290594193,0.2835584809491565,0.315482495160339,0.2949595529536952,0.4089027087153686,0.3545895871144079,0.0,0.0,0.3052244710402895,0.2917653460575519,0.2707104427015086,0.2715490395468936,0.2830267451078526,0.2996725729683483,0.2336186458367992,0.2388118636289095,0.2784680352523506,0.2851886299485404,0.2821152246545186,0.2896319209739315,0.0,0.0,0.2493713419816161,0.4090017990102397,0.0,0.0,0.0,0.0,0.0,0.0,0.0,0.0,0.3716376621133998,0.0,0.3702641828651843,0.0,0.0,0.0,0.0,0.4019412758243052,0.408645200474761,0.0,0.0,0.0,0.0,0.0,0.3899983273218464,0.4253784420105423,0.4114771311850725,0.0,0.3729723375048289,0.0,0.0,0.3530294788185357
0.0,0.0,0.3104108317130343,0.3206534467686714,0.3020853618412127,0.3499184846810581,0.3710829983478115,0.3585256164314836,0.32007811116362,0.3944098971183982,0.0,0.3984082359966927,0.3710756590052388,0.2955656275476891,0.0,0.0,0.5269143619913373,0.0,0.2473046688346674,0.0,0.0,0.0,0.295791403394934,0.4518865052132227,0.0,0.0,0.3707719577922116,0.3737031388813097,0.0,0.0,0.3652994838783318,0.3242755318176861,0.4322163653502087,0.3851699886529061,0.3520227651672161,0.2538199217243378,0.3636373151261873,0.3907018361160331,0.4164943772710511,0.0,0.0,0.0,0.4132645862529546,0.0,0.0,0.0,0.0,0.4598709345750783,0.0,0.4706523445959608,0.4797532001074195,0.5041165505139672,0.4465056351745606,0.4827734780651402,0.0,0.3202858733160029,0.0,0.5073816037439133,0.0,0.0,0.0,0.0,0.0,0.3771068307988289,0.0,0.0,0.0,0.4721009126704133,0.0,0.0,0.0,0.474020384315281,0.0,0.0,0.0,0.0
0.3446939487972515,0.0,0.5169566790701802,0.2589030486867448,0.3698988794372578,0.4209337211034074,0.3469611070663451,0.4258363053991468,0.3982110832401671,0.243191629466394,0.3984082359966927,0.0,0.3492864999745216,0.0,0.0,0.0,0.3042378663990032,0.3198110875127945,0.4628934435178748,0.0,0.4435886012635674,0.0,0.4374811686718939,0.2852881088264339,0.3208891456866082,0.2810586707836026,0.4418056532636703,0.3334982543750273,0.0,0.0,0.3036672864497598,0.2405396757021129,0.2540320929483112,0.2331676341856003,0.2650293849782197,0.2868426071441138,0.2482249756814763,0.1889661219449123,0.2260064785945116,0.3163628000886367,0.3028143595909503,0.2674162051257281,0.3030699370022181,0.0,0.2713634529961536,0.0,0.0,0.0,0.0,0.0,0.0,0.0,0.0,0.0,0.3869232502022039,0.0,0.3838854798488597,0.0,0.0,0.0,0.0,0.411278354246799,0.40875099115292,0.0,0.0,0.0,0.0,0.0,0.3967052213496375,0.4239663405403531,0.4145285065817655,0.0,0.0,0.0,0.0,0.3747052220016445
0.4446658087504599,0.3680190448591944,0.3792355552636482,0.2518745755584139,0.3317112866279995,0.3628322702911017,0.2930622782276951,0.3773756730924991,0.3482266455540277,0.3498676184151503,0.3710756590052388,0.3492864999745216,0.0,0.3491939466399384,0.3634442371712815,0.4066119330552342,0.3801780660883596,0.3983485876758512,0.367294516459376,0.3854790802252518,0.3933097950984166,0.4035908100445713,0.3614334749594983,0.3732260587612268,0.3651935288183908,0.3752374077312965,0.3719408493949475,0.3080492777517037,0.3625703417625723,0.3385926855761392,0.3536454798541412,0.3484559613534712,0.3501125425000079,0.3657996221586588,0.363650045312462,0.2929277373884046,0.2774706469156617,0.3377307300036479,0.3870377708440081,0.3894579699607606,0.4116709367251643,0.4909421139032328,0.4638444462741252,0.0,0.4184401990546635,0.0,0.0,0.5319077484760717,0.0,0.0,0.4587938233504156,0.556327315705927,0.4331000799010258,0.0,0.0,0.5342076788976317,0.3789403799089726,0.0,0.0,0.545291124510413,0.0,0.0,0.0,0.0,0.5018573881541982,0.0,0.6069680305376853,0.4465730286796447,0.0,0.0,0.0,0.4450705249251011,0.0,0.4648004854222958,0.0,0.0
0.0,0.0,0.396989284060772,0.2169312043067918,0.2244898687672564,0.3709809233118801,0.3065108010224316,0.3482972036481263,0.3781542268729499,0.0,0.2955656275476891,0.0,0.3491939466399384,0.0,0.0,0.0,0.0,0.0,0.3720297404483282,0.0,0.3867441733238781,0.0,0.3548081634732279,0.0,0.0,0.0,0.3746722252234364,0.3390311798757066,0.0,0.0,0.3455984688333651,0.2585528694474636,0.0,0.3919885007126796,0.0,0.1792575203214301,0.1488083169572894,0.0,0.3168052478772128,0.0,0.0,0.0,0.3731639135574058,0.0,0.0,0.0,0.0,0.5057745495947937,0.0,0.0,0.0,0.0,0.0,0.4755960531156806,0.0,0.4296931966232358,0.0,0.0,0.0,0.0,0.0,0.0,0.0,0.0,0.0,0.0,0.0,0.4420495918393689,0.0,0.0,0.0,0.451334748893628,0.0,0.0,0.0,0.0
0.31767021015506,0.3400377187759762,0.0,0.0,0.0,0.3710179819734124,0.0,0.0,0.0,0.0,0.0,0.0,0.3634442371712815,0.0,0.0,0.3001958028900944,0.0,0.3186706168335201,0.0,0.3076976919333388,0.33198939150749,0.268565363009617,0.3140538323338087,0.365075396269235,0.3052928632186639,0.3168092607512974,0.3349286628756763,0.3355555984204211,0.3267306321613769,0.0,0.325829213906983,0.3598760822842842,0.3167989766371226,0.3476936709690899,0.384478796536759,0.3979948110002849,0.0,0.0,0.421393427362102,0.4044912481381883,0.4224142157976056,0.4486854106629791,0.3911510151134028,0.0,0.0,0.0,0.4366065780605729,0.0,0.0,0.0,0.4256300345141349,0.0,0.4065292035119254,0.0,0.0,0.0,0.0,0.5488842838707645,0.0,0.4468100438723408,0.4236290968440371,0.0,0.0,0.0,0.4258506011944731,0.4280976843111709,0.4379344683482886,0.438581385400991,0.0,0.4445321253880719,0.4556060311375693,0.4390227698014117,0.449481758258045,0.4173717731175416,0.0,0.4325097119002217
0.334989205266803,0.3482378820129768,0.0,0.0,0.4029621581111201,0.3720887675342226,0.40267059317067,0.401862487855578,0.0,0.3510803912531033,0.0,0.0,0.4066119330552342,0.0,0.3001958028900944,0.0,0.3416902366363508,0.3254400409051404,0.0,0.3748515677445579,0.3227280756534172,0.3449112786261177,0.3429170985578659,0.3445262670179015,0.3584203925220062,0.3376348701641201,0.363059435758492,0.3956211164158512,0.3797451124207721,0.3802770568977659,0.3367858873126154,0.3772252998878577,0.3312616470764916,0.3385320175544246,0.3617166444780099,0.0,0.0,0.0,0.3152350848703896,0.3396215910422343,0.3391358010762096,0.3542840210919454,0.0,0.0,0.0,0.3790921861099532,0.3948702741158052,0.0,0.0,0.0,0.0,0.0,0.0,0.0,0.0,0.0,0.0,0.0,0.0,0.4063442299812242,0.35784524699734,0.0,0.3588351160552429,0.0,0.3828985293745697,0.0,0.3584472680570161,0.0,0.0,0.373108699606484,0.3896150399307815,0.0,0.0,0.4067200342353816,0.0,0.3447648939258831
0.2687307910061802,0.0,0.0,0.0,0.0,0.0,0.4047288226607097,0.0,0.0,0.303820738320909,0.5269143619913373,0.3042378663990032,0.3801780660883596,0.0,0.0,0.3416902366363508,0.0,0.3152522325244841,0.0,0.3822971269785248,0.0,0.3472410015398701,0.0,0.3149476193269985,0.3073753705867308,0.317840415409823,0.0,0.3716757827798275,0.4025521019135387,0.0,0.3143010552184799,0.3644320249072927,0.2887180567213484,0.299787445431295,0.2914232900213797,0.0,0.0,0.2837852181716556,0.0,0.2936068547227225,0.0,0.0,0.0,0.0,0.0,0.0,0.0,0.0,0.0,0.0,0.0,0.0,0.0,0.0,0.3507371749405041,0.0,0.3667855613926463,0.0,0.0,0.0,0.0,0.3880855293477795,0.3869516992354174,0.0,0.0,0.0,0.0,0.0,0.3938915492926453,0.4174761274538491,0.3964953744599723,0.0,0.0,0.0,0.0,0.0
0.3334410312522645,0.3525719674838466,0.0,0.0,0.0,0.3694339424008713,0.4006676629269067,0.4128162439099796,0.0,0.3062382570859926,0.0,0.3198110875127945,0.3983485876758512,0.0,0.3186706168335201,0.3254400409051404,0.3152522325244841,0.0,0.0,0.382404925923862,0.3347582728094276,0.3745814333008527,0.3591470783288893,0.32120471381703,0.3266455646244811,0.3230844439026801,0.3656269726644805,0.387456736380197,0.3858304138680274,0.3829844928702634,0.3391538627158793,0.3782310934915918,0.2973906867098991,0.3301403385814648,0.3439375715159742,0.0,0.0,0.0,0.3256675858369671,0.3462625234060399,0.3366173131610752,0.3651808014734347,0.0,0.0,0.0,0.3847380328752153,0.3852329803079702,0.0,0.0,0.0,0.0,0.0,0.0,0.0,0.3420119022165748,0.0,0.3521767334561743,0.0,0.0,0.0,0.3624728864370281,0.3573924581980817,0.3687692470118812,0.0,0.0,0.0,0.3666639750446392,0.0,0.3868743540703202,0.3846483939588827,0.398458090548408,0.0,0.0,0.0,0.0,0.363698407443795
0.0,0.0,0.273764421560532,0.3625862735857075,0.3402874489895633,0.3665038227370094,0.3778440554396829,0.4127254582282499,0.299531926844158,0.4094785042977459,0.2473046688346674,0.4628934435178748,0.367294516459376,0.3720297404483282,0.0,0.0,0.0,0.0,0.0,0.0,0.0,0.0,0.2686052551846718,0.0,0.0,0.0,0.3727360550033693,0.3584855746003489,0.0,0.0,0.3738003936389676,0.3535449944346132,0.0,0.3891244007830848,0.3558662807185821,0.3487299251787323,0.3780698526316656,0.4250202021333829,0.4451278495601353,0.0,0.0,0.0,0.4281316905645633,0.0,0.0,0.0,0.0,0.4719150920121631,0.0,0.5331953814142191,0.478672102006376,0.5394562341797579,0.470518062360882,0.5037563000944829,0.0,0.4072881834943606,0.0,0.5600206366888199,0.0,0.0,0.0,0.0,0.0,0.4626350628429801,0.0,0.0,0.0,0.480847684628319,0.0,0.0,0.0,0.4824164841777045,0.0,0.0,0.0,0.0
0.3678845338200541,0.3752162551661551,0.0,0.4004978924653432,0.3346733203297914,0.3714635084912572,0.3842066403616958,0.3631925630633273,0.3796198131460813,0.4382527553827117,0.0,0.0,0.3854790802252518,0.0,0.3076976919333388,0.3748515677445579,0.3822971269785248,0.382404925923862,0.0,0.0,0.3788826164772069,0.3481557181930342,0.2835453747820673,0.0,0.3536501659071697,0.3642156354907295,0.329981003381525,0.3294248118455903,0.3098532546504531,0.3046516564958622,0.3425694310364365,0.3775890461962431,0.3297380810943711,0.3692133906648361,0.4033450962102209,0.4388076832996733,0.4066996232095052,0.0,0.4186784291917698,0.417773551053572,0.4226003489276258,0.4420508738038509,0.513290366492807,0.0,0.0,0.0,0.4099407391771761,0.0,0.0,0.0,0.4301908780712741,0.0,0.4618625661299822,0.0,0.0,0.0,0.0,0.0,0.0,0.4344048652993376,0.4705109866965205,0.0,0.0,0.0,0.4293496107740536,0.434637718549248,0.4211843298347167,0.4463243286553605,0.0,0.521753600481332,0.4210622783115949,0.4349378786869839,0.4423681334142894,0.4222108518284026,0.0,0.4348576638958428
0.3393366605951345,0.3604759961789713,0.0,0.0,0.0,0.3767378030194409,0.0,0.3215935260087544,0.0,0.0,0.0,0.4435886012635674,0.3933097950984166,0.3867441733238781,0.33198939150749,0.3227280756534172,0.0,0.3347582728094276,0.0,0.3788826164772069,0.0,0.3757065841208136,0.3423064660071231,0.4245851302452607,0.3417676138282642,0.3473148975312817,0.3790492919813344,0.3933904393808282,0.3623911883870117,0.0,0.3318738399742895,0.3510694089236298,0.3071493128972466,0.3520149791484064,0.3866523460292599,0.0,0.0,0.0,0.4113210529635853,0.0,0.4195150592183125,0.4631086080284342,0.0,0.0,0.0,0.3908020203018784,0.4305004169652217,0.0,0.0,0.0,0.3940725988749436,0.0,0.4161739834330999,0.0,0.0,0.0,0.0,0.0,0.0,0.4363031561913378,0.4043494846517266,0.0,0.0,0.0,0.4453390463318429,0.3884566289380137,0.4379102736894726,0.4384424238525037,0.0,0.4102826607355352,0.437702773025028,0.4477699184904271,0.4463184192419447,0.4227001389875522,0.0,0.0
0.3321339560479814,0.3497793332922632,0.0,0.0,0.3540594097216631,0.3738475612335871,0.3920314535949114,0.4070877718189719,0.3871785678371501,0.3781390340419027,0.0,0.0,0.4035908100445713,0.0,0.268565363009617,0.3449112786261177,0.3472410015398701,0.3745814333008527,0.0,0.3481557181930342,0.3757065841208136,0.0,0.3415220431500544,0.0,0.3578864358275869,0.3474920267352965,0.3725501127447316,0.3718735283650854,0.3553768815747714,0.3422402589146538,0.3244221257116966,0.3588564848325996,0.3204742609937944,0.3394061778199374,0.3817473595615514,0.4266266087468602,0.397881818602078,0.0,0.3888244268548387,0.3706391473275095,0.3881956545129291,0.4120134770012289,0.0,0.0,0.0,0.4145791002010584,0.4030219069139442,0.0,0.0,0.0,0.4126773676600299,0.0,0.0,0.0,0.0,0.0,0.0,0.0,0.0,0.4453006169306346,0.3761789873679627,0.0,0.3898306178357035,0.0,0.4083988814874232,0.4423070778796934,0.4167436295114157,0.4337545391975055,0.0,0.3773482045461628,0.4241653999761331,0.4307720461686654,0.4569448180748696,0.4006050742412853,0.0,0.3881283389558929
0.3840002246557719,0.3574331537245305,0.297940918450976,0.3419296082499558,0.3572727992899187,0.3514939039181477,0.3611167559048988,0.322341830332513,0.3571412146367504,0.4023713290594193,0.295791403394934,0.4374811686718939,0.3614334749594983,0.3548081634732279,0.3140538323338087,0.3429170985578659,0.0,0.3591470783288893,0.2686052551846718,0.2835453747820673,0.3423064660071231,0.3415220431500544,0.0,0.4219428945064375,0.3518840658936072,0.3638120645987587,0.3071858340873064,0.3656325487065627,0.3363132875042555,0.3524621650481393,0.3675998664375104,0.3489161171626739,0.3270260294757416,0.3788447530440269,0.3946836189275312,0.3424693847568693,0.3648039147024726,0.4360111318740299,0.4451897681720372,0.4104930678969359,0.4179476524463758,0.4198195426844879,0.4444050180037073,0.0,0.0,0.0,0.4447031519688013,0.4962304095336656,0.0,0.4942506439399904,0.4507920293750197,0.4637955176067225,0.4351757714330802,0.5195937741896928,0.0,0.4688177290763287,0.0,0.4560226307711886,0.0,0.4492074902373117,0.0,0.0,0.0,0.4887624268807789,0.4552310753318528,0.4384790923394475,0.4425425408856329,0.4562026119836094,0.0,0.0,0.4418406715543333,0.4556552604587292,0.449431478172426,0.4446053169902943,0.4485232966153902,0.4551472217664257
0.32066771886441,0.0,0.0,0.0,0.0,0.0,0.3779600023885592,0.4374999336256439,0.0,0.2835584809491565,0.4518865052132227,0.2852881088264339,0.3732260587612268,0.0,0.365075396269235,0.3445262670179015,0.3149476193269985,0.32120471381703,0.0,0.0,0.4245851302452607,0.0,0.4219428945064375,0.0,0.3306858180462927,0.2974816232402059,0.4695503795632331,0.3632959021176613,0.0,0.0,0.2964833403571395,0.2870912292175221,0.2308791934041112,0.2133924376036261,0.1652943586759124,0.3862437758967179,0.0,0.2138482803767382,0.3519124003729306,0.312487910398258,0.3560768129267028,0.0,0.0,0.0,0.2596022655832421,0.3451958869454583,0.0,0.0,0.0,0.0,0.0,0.0,0.0,0.0,0.3671889115969892,0.0,0.35842225926559,0.0,0.0,0.0,0.3835058729377392,0.4133629275202659,0.3852147570339436,0.0,0.0,0.0,0.0,0.0,0.3688597882897461,0.3958044725396278,0.3968344957651645,0.0,0.0,0.0,0.0,0.3499170693153166
0.322334127073235,0.3535597136467495,0.0,0.0,0.3597613508591135,0.3214465158081603,0.3625472839329123,0.4041478370667954,0.0,0.315482495160339,0.0,0.3208891456866082,0.3651935288183908,0.0,0.3052928632186639,0.3584203925220062,0.3073753705867308,0.3266455646244811,0.0,0.3536501659071697,0.3417676138282642,0.3578864358275869,0.3518840658936072,0.3306858180462927,0.0,0.3155016931038942,0.3384148745527937,0.3561967229387118,0.3527601395738584,0.0,0.3230615209396769,0.3489460375915973,0.2728789918636493,0.3017648719764479,0.3189160771120159,0.0,0.0,0.2826464748617094,0.3686628873396637,0.3683245319306598,0.3583380149496192,0.3665988446857139,0.0,0.0,0.0,0.3809276613928629,0.398881072440673,0.0,0.0,0.0,0.0,0.0,0.0,0.0,0.3615256176526066,0.0,0.3619004238158397,0.0,0.0,0.3419614488964924,0.3747798055875698,0.3764308300455726,0.3879366891971038,0.0,0.3836554617512599,0.3960003389750648,0.3711803372415696,0.0,0.3913293892374184,0.401535699406511,0.4071625681373704,0.0,0.0,0.4019766777530023,0.0,0.3771908085309222
0.3131400892001819,0.3437972143378139,0.0,0.0,0.3925922045739315,0.3601077813565824,0.3829552037635805,0.4003897377900021,0.0,0.2949595529536952,0.0,0.2810586707836026,0.3752374077312965,0.0,0.3168092607512974,0.3376348701641201,0.317840415409823,0.3230844439026801,0.0,0.3642156354907295,0.3473148975312817,0.3474920267352965,0.3638120645987587,0.2974816232402059,0.3155016931038942,0.0,0.3745299856530904,0.3728586643493651,0.3474698161893852,0.0,0.323198903687702,0.3384744465329711,0.2930404654128499,0.3082146426051129,0.350237732371525,0.3926187547110684,0.0,0.2846069022580239,0.3896353412403034,0.3703326166568958,0.3792638068457404,0.3806707014293281,0.0,0.0,0.3015570728141841,0.3849288504514706,0.4155833644225934,0.0,0.0,0.0,0.4396494477493438,0.0,0.0,0.0,0.3782806361629837,0.0,0.3833357089106716,0.0,0.0,0.4629340398923965,0.379190210772311,0.3909807279121289,0.3916275129573166,0.0,0.4094886269721738,0.4461445484072557,0.4208110935870637,0.4453196364792444,0.3933782457501851,0.4023238379335005,0.4166432175946,0.4337384384944491,0.0,0.4123308251564284,0.0,0.376498710169343
0.3828525724832036,0.3614674617229102,0.3564544969693044,0.3605392237442469,0.3614052637953479,0.3454026111254097,0.3693830284182673,0.3760217890248303,0.3734151212690549,0.4089027087153686,0.3707719577922116,0.4418056532636703,0.3719408493949475,0.3746722252234364,0.3349286628756763,0.363059435758492,0.0,0.3656269726644805,0.3727360550033693,0.329981003381525,0.3790492919813344,0.3725501127447316,0.3071858340873064,0.4695503795632331,0.3384148745527937,0.3745299856530904,0.0,0.3662335012820801,0.3321357481808148,0.3458591034465936,0.3599827166231376,0.3562963808417115,0.3241942041430682,0.3740670836331718,0.3868332156027184,0.3734921240903671,0.3644005689059358,0.4484976137137976,0.4379148095998679,0.4469487099241868,0.4216293396969572,0.417033276999406,0.4370692907141239,0.0,0.0,0.0,0.4687419337025282,0.5210052343023948,0.0,0.5232373755582165,0.4485322379935129,0.4724873461791505,0.4486190092726868,0.5300239261556638,0.0,0.493920570989916,0.0,0.4591613467604845,0.5096031914932556,0.4446197706656388,0.0,0.0,0.0,0.5159317015652342,0.4503295714489495,0.4443119310754773,0.4373798166810133,0.4577386850560728,0.0,0.0,0.4429933650809141,0.4514772612238822,0.4499371131304691,0.4457718926795849,0.4663930209430185,0.4548120025974128
0.4040681451784601,0.357241824268409,0.3888706196312539,0.2099332961470514,0.3075068183514868,0.3447356501312337,0.3156287244164595,0.3686908658414769,0.3664932784688632,0.3545895871144079,0.3737031388813097,0.3334982543750273,0.3080492777517037,0.3390311798757066,0.3355555984204211,0.3956211164158512,0.3716757827798275,0.387456736380197,0.3584855746003489,0.3294248118455903,0.3933904393808282,0.3718735283650854,0.3656325487065627,0.3632959021176613,0.3561967229387118,0.3728586643493651,0.3662335012820801,0.0,0.3023892013438537,0.2905611032698962,0.3343633438838738,0.3509117083800611,0.3371060916307149,0.3505443379547363,0.3341972609091798,0.26306650767685,0.2446828690799993,0.3220025285515484,0.42938841595499,0.3389072522026205,0.3737128538935346,0.3975967169832148,0.0,0.0,0.3446359945028495,0.0,0.0,0.499648290933872,0.0,0.0,0.4426080468327057,0.0,0.4275339681445332,0.0,0.0,0.0,0.3436493850269349,0.5137417699552269,0.0,0.4643740278279729,0.0,0.0,0.0,0.0,0.4453472114023393,0.4400564018403539,0.4994640136914635,0.4506164565415891,0.0,0.0,0.4497281773649524,0.4443541759263946,0.4553321339139381,0.4394113553117084,0.0,0.4742837299238718
0.3866897259109149,0.3613327732894209,0.0,0.4128846048435935,0.3649828280110455,0.2978747493174995,0.381906325099212,0.3298512629746458,0.3481797188348578,0.0,0.0,0.0,0.3625703417625723,0.0,0.3267306321613769,0.3797451124207721,0.4025521019135387,0.3858304138680274,0.0,0.3098532546504531,0.3623911883870117,0.3553768815747714,0.3363132875042555,0.0,0.3527601395738584,0.3474698161893852,0.3321357481808148,0.3023892013438537,0.0,0.292368589776747,0.323409778228132,0.3445263550271088,0.3027384185182435,0.3544984212744068,0.3819599657158953,0.3790185562774533,0.376924808486467,0.0,0.4124421287524837,0.4615266436825392,0.4141192469380249,0.4306965598366641,0.418653300855089,0.0,0.0,0.0,0.4209283153396791,0.0,0.0,0.0,0.4292477529431449,0.5098160536626971,0.430961009252339,0.0,0.0,0.0,0.0,0.4636239005157599,0.0,0.4240513286387313,0.0,0.0,0.0,0.0,0.4275962395120307,0.4167168696156151,0.4258492071155931,0.4384264589024131,0.0,0.0,0.4195766383400635,0.4312593359146749,0.4367663372664978,0.4208334141317994,0.4628744851589813,0.4333525088734251
0.0,0.0,0.0,0.0,0.0,0.3554766627186465,0.0,0.346906794060097,0.3772600104023066,0.0,0.0,0.0,0.3385926855761392,0.0,0.0,0.3802770568977659,0.0,0.3829844928702634,0.0,0.3046516564958622,0.0,0.3422402589146538,0.3524621650481393,0.0,0.0,0.0,0.3458591034465936,0.2905611032698962,0.292368589776747,0.0,0.2805797760897802,0.3501048145415317,0.0,0.3228157056419106,0.3728012398962479,0.0,0.0,0.0,0.0,0.0,0.0,0.0,0.0,0.0,0.0,0.0,0.0,0.0,0.0,0.0,0.0,0.0,0.0,0.0,0.0,0.0,0.0,0.0,0.0,0.0,0.0,0.0,0.0,0.0,0.467179780461961,0.0,0.0,0.4522146396421345,0.0,0.0,0.0,0.448262316417216,0.0,0.4754754265895167,0.0,0.0
0.2872863849604304,0.3074495660136266,0.390954991552106,0.2412358317502859,0.3630228134857798,0.3707566656470521,0.3629571114980004,0.3731013336707648,0.357687867101593,0.3052244710402895,0.3652994838783318,0.3036672864497598,0.3536454798541412,0.3455984688333651,0.325829213906983,0.3367858873126154,0.3143010552184799,0.3391538627158793,0.3738003936389676,0.3425694310364365,0.3318738399742895,0.3244221257116966,0.3675998664375104,0.2964833403571395,0.3230615209396769,0.323198903687702,0.3599827166231376,0.3343633438838738,0.323409778228132,0.2805797760897802,0.0,0.3362084760248239,0.2938892726112422,0.25981517092142,0.2127403544914021,0.3873637114114148,0.3427500593755085,0.2769532776591092,0.3968705160887669,0.2590191684121203,0.0,0.0,0.5011827055193673,0.0,0.0,0.0,0.3533992393565303,0.0,0.0,0.0,0.4529817193629885,0.0,0.4358400289736288,0.0,0.360161576643319,0.0,0.3315091427515769,0.0,0.0,0.4315292058153737,0.3106149709521965,0.0,0.3777940299109051,0.0,0.4398418573657736,0.4148633126954031,0.3965702613249008,0.4480835728236733,0.3229874217637015,0.3837045472026056,0.3754517820673075,0.4500820364396458,0.4752606712242379,0.4372090218662775,0.0,0.4689445871597456
0.3351318045126574,0.3243265865262861,0.3740589153739962,0.2756363373472206,0.2809239722332456,0.348750550487186,0.3515997688017178,0.3144665902489436,0.3523542127549349,0.2917653460575519,0.3242755318176861,0.2405396757021129,0.3484559613534712,0.2585528694474636,0.3598760822842842,0.3772252998878577,0.3644320249072927,0.3782310934915918,0.3535449944346132,0.3775890461962431,0.3510694089236298,0.3588564848325996,0.3489161171626739,0.2870912292175221,0.3489460375915973,0.3384744465329711,0.3562963808417115,0.3509117083800611,0.3445263550271088,0.3501048145415317,0.3362084760248239,0.0,0.2926266097738985,0.3242866570374343,0.3281619263857944,0.251410731090139,0.2939008467030258,0.2255202633164795,0.2754423147843429,0.2836767494733648,0.2868990249844824,0.305253227204901,0.2980740462430941,0.300130452614364,0.2674576197413919,0.3891967979671138,0.3861960845936057,0.4783742260256617,0.0,0.5270396973560404,0.4108410182505575,0.4563363113054565,0.3969690535105304,0.4861579600272469,0.2779331276285549,0.4018357652677205,0.2872892450684909,0.4272649795215185,0.0,0.439374613559186,0.3736650140027339,0.3247903061977862,0.362294552133468,0.4956458909202303,0.4359937975654066,0.4348895933773603,0.4153869056904389,0.4395443417453166,0.0,0.3817488737670989,0.3924024642255578,0.4326136338567444,0.3502147190209742,0.4153108722320209,0.0,0.3934171330151805
0.2864789362322834,0.2976128569730451,0.0,0.0,0.3840217803794779,0.3426198036254718,0.3711993017450536,0.3643241875130535,0.4167696103207156,0.2707104427015086,0.4322163653502087,0.2540320929483112,0.3501125425000079,0.0,0.3167989766371226,0.3312616470764916,0.2887180567213484,0.2973906867098991,0.0,0.3297380810943711,0.3071493128972466,0.3204742609937944,0.3270260294757416,0.2308791934041112,0.2728789918636493,0.2930404654128499,0.3241942041430682,0.3371060916307149,0.3027384185182435,0.0,0.2938892726112422,0.2926266097738985,0.0,0.2186618484004975,0.3060236356143986,0.2799568608995581,0.2482215947401786,0.160476353516646,0.2703472827354417,0.2121365043434341,0.2346998520082125,0.294760288536744,0.0,0.0,0.187943870601745,0.3552258156654062,0.3691829989599093,0.0,0.0,0.0,0.0,0.0,0.0,0.0,0.3181610097178997,0.0,0.3123986760226259,0.0,0.0,0.4391553019804295,0.3313557764760884,0.3728703021978215,0.3610578723496683,0.0,0.3670132389585034,0.4223052194808256,0.3730879990426931,0.4217616748747501,0.3325544069132506,0.3782145973517569,0.3844654379965178,0.3866173879975705,0.3121149812086571,0.0,0.0,0.3225711218466905
0.2964771745633293,0.2986182388610781,0.3979413269469874,0.254968006711824,0.3524299471782907,0.3758385599607112,0.3571439520012134,0.3758852971039813,0.37527460579981,0.2715490395468936,0.3851699886529061,0.2331676341856003,0.3657996221586588,0.3919885007126796,0.3476936709690899,0.3385320175544246,0.299787445431295,0.3301403385814648,0.3891244007830848,0.3692133906648361,0.3520149791484064,0.3394061778199374,0.3788447530440269,0.2133924376036261,0.3017648719764479,0.3082146426051129,0.3740670836331718,0.3505443379547363,0.3544984212744068,0.3228157056419106,0.25981517092142,0.3242866570374343,0.2186618484004975,0.0,0.2401579242308846,0.3369771234503138,0.2617335447848201,0.1935756329715708,0.2555640542078181,0.2368660778354865,0.2600380425421583,0.2936783294073807,0.3519717437451438,0.3213681828956208,0.2446795616789425,0.3373271861493853,0.3761005483278294,0.0,0.0,0.0,0.4486250714527602,0.0,0.4413288069789419,0.0,0.2948639155219402,0.0,0.2918285556441718,0.4626697290256415,0.0,0.4408655523635172,0.3400888995789484,0.0,0.357030469036433,0.0,0.4376928341907937,0.4395134818737745,0.4062483552263691,0.4525118312296778,0.308342781254972,0.3771716478654121,0.3896249207374465,0.4443338818343075,0.3731672946881269,0.4456935729614945,0.0,0.3921422097890848
0.3451588690962681,0.3373729383354836,0.41286949311158,0.2745521814076603,0.3142121014090042,0.3738573486144551,0.3441217666298117,0.3896042845750391,0.3764824848108369,0.2830267451078526,0.3520227651672161,0.2650293849782197,0.363650045312462,0.0,0.384478796536759,0.3617166444780099,0.2914232900213797,0.3439375715159742,0.3558662807185821,0.4033450962102209,0.3866523460292599,0.3817473595615514,0.3946836189275312,0.1652943586759124,0.3189160771120159,0.350237732371525,0.3868332156027184,0.3341972609091798,0.3819599657158953,0.3728012398962479,0.2127403544914021,0.3281619263857944,0.3060236356143986,0.2401579242308846,0.0,0.3628173080839357,0.3062368912575068,0.2264144398826175,0.2940920280057343,0.2774252639627544,0.2790124505251284,0.3264472550236585,0.3352641736321481,0.3471125968095361,0.2749922069592817,0.0,0.3780240883366964,0.0,0.0,0.0,0.4904986206173424,0.0,0.0,0.0,0.0,0.0,0.3373168434332827,0.4590714848386334,0.0,0.4512776246977424,0.3796563226688851,0.0,0.0,0.0,0.4460399050543659,0.0,0.4299332292197552,0.460847709237369,0.0,0.3800767601591226,0.3974630510593047,0.4157120734636554,0.3825898592415299,0.4738806617180478,0.0,0.0
0.0,0.0,0.3830283570241372,0.1859623112353391,0.1843151474494098,0.360668251988847,0.27539910609587,0.2627230105438253,0.3613054829993409,0.2996725729683483,0.2538199217243378,0.2868426071441138,0.2929277373884046,0.1792575203214301,0.3979948110002849,0.0,0.0,0.0,0.3487299251787323,0.4388076832996733,0.0,0.4266266087468602,0.3424693847568693,0.3862437758967179,0.0,0.3926187547110684,0.3734921240903671,0.26306650767685,0.3790185562774533,0.0,0.3873637114114148,0.251410731090139,0.2799568608995581,0.3369771234503138,0.3628173080839357,0.0,0.21123218725747,0.2949779768822436,0.2885528384952316,0.264222424519728,0.2988599957458117,0.2964703345178971,0.2989579912356655,0.3034070735733576,0.3111890818745231,0.0,0.0,0.4575224769505813,0.0,0.4267369873714778,0.386384582572169,0.4448925970667889,0.4435033227966385,0.4451457809579071,0.0,0.381195742281692,0.2980190187792066,0.457238456306955,0.0,0.0,0.0,0.0,0.0,0.439928148148006,0.4565758124737413,0.0,0.0,0.4218973544147228,0.0,0.0,0.0,0.4128057162318164,0.4343220091394746,0.4324999252274662,0.0,0.0
0.0,0.0,0.3928958585578645,0.159230607171816,0.2002543563938638,0.3626086504668011,0.2675090680382572,0.0,0.3639353293457495,0.2336186458367992,0.3636373151261873,0.2482249756814763,0.2774706469156617,0.1488083169572894,0.0,0.0,0.0,0.0,0.3780698526316656,0.4066996232095052,0.0,0.397881818602078,0.3648039147024726,0.0,0.0,0.0,0.3644005689059358,0.2446828690799993,0.376924808486467,0.0,0.3427500593755085,0.2939008467030258,0.2482215947401786,0.2617335447848201,0.3062368912575068,0.21123218725747,0.0,0.2567164958822581,0.0,0.0,0.2820227271464858,0.3175597200169781,0.3136591596355623,0.0,0.0,0.0,0.0,0.0,0.0,0.0,0.0,0.0,0.0,0.0,0.0,0.0,0.0,0.0,0.0,0.0,0.0,0.0,0.0,0.0,0.0,0.0,0.0,0.0,0.0,0.0,0.0,0.0,0.0,0.0,0.0,0.0
0.0,0.0,0.0,0.2447659524221179,0.3712188837911378,0.4193420341150092,0.340304180488501,0.0,0.3905866125249646,0.2388118636289095,0.3907018361160331,0.1889661219449123,0.3377307300036479,0.0,0.0,0.0,0.2837852181716556,0.0,0.4250202021333829,0.0,0.0,0.0,0.4360111318740299,0.2138482803767382,0.2826464748617094,0.2846069022580239,0.4484976137137976,0.3220025285515484,0.0,0.0,0.2769532776591092,0.2255202633164795,0.160476353516646,0.1935756329715708,0.2264144398826175,0.2949779768822436,0.2567164958822581,0.0,0.2411144290460323,0.2060798435383999,0.2546517474849543,0.2744470921672675,0.0,0.0,0.2081470560482431,0.0,0.0,0.0,0.0,0.0,0.0,0.0,0.0,0.0,0.2730359964073187,0.0,0.2571814533508741,0.0,0.0,0.0,0.0,0.0,0.0,0.0,0.0,0.0,0.0,0.0,0.2905901033005,0.0,0.2944689059464905,0.0,0.3199439657373443,0.0,0.0,0.0
0.3664858100697956,0.3740004878270289,0.4865652491152202,0.0,0.4410107630875683,0.4314294991850698,0.4253832890578608,0.3769381200979648,0.4723688328461499,0.2784680352523506,0.4164943772710511,0.2260064785945116,0.3870377708440081,0.3168052478772128,0.421393427362102,0.3152350848703896,0.0,0.3256675858369671,0.4451278495601353,0.4186784291917698,0.4113210529635853,0.3888244268548387,0.4451897681720372,0.3519124003729306,0.3686628873396637,0.3896353412403034,0.4379148095998679,0.42938841595499,0.4124421287524837,0.0,0.3968705160887669,0.2754423147843429,0.2703472827354417,0.2555640542078181,0.2940920280057343,0.2885528384952316,0.0,0.2411144290460323,0.0,0.2716656571067994,0.2960779845037162,0.2989249352815843,0.266702164423822,0.2912599892827682,0.2404589987754078,0.3290105798661747,0.3289121095431039,0.3443520240954452,0.2807838257200911,0.2958371483458953,0.3193072565316678,0.339959933945829,0.3134345142100721,0.3644068163327165,0.2807052732908877,0.3240569121685561,0.2510860153862219,0.3450742168055792,0.3035747226053097,0.3671882881284826,0.3355865097797619,0.3042992837295498,0.3259862684020305,0.3468670291003464,0.376306254260802,0.3600056837340056,0.3548698859335445,0.3301048618445291,0.2864494959468021,0.3195399403478347,0.3259670129386078,0.3432457149851988,0.3340911531952655,0.3540804365431167,0.3115761028845835,0.3425963100571272
0.3422015145856769,0.3603590000967956,0.0,0.0,0.0,0.0,0.0,0.0,0.0,0.2851886299485404,0.0,0.3163628000886367,0.3894579699607606,0.0,0.4044912481381883,0.3396215910422343,0.2936068547227225,0.3462625234060399,0.0,0.417773551053572,0.0,0.3706391473275095,0.4104930678969359,0.312487910398258,0.3683245319306598,0.3703326166568958,0.4469487099241868,0.3389072522026205,0.4615266436825392,0.0,0.2590191684121203,0.2836767494733648,0.2121365043434341,0.2368660778354865,0.2774252639627544,0.264222424519728,0.0,0.2060798435383999,0.2716656571067994,0.0,0.2076851316285247,0.306552313291935,0.4373782436371201,0.2503910973969274,0.175812739910368,0.293632473462865,0.280763959038995,0.0,0.0,0.0,0.3191420142300894,0.3452648724477523,0.3649282081841232,0.404427064310113,0.2530342334846953,0.4004020628726055,0.2497264818939515,0.3325845627679438,0.0,0.3337507197144904,0.2726007970993944,0.2623466035781648,0.26041932589295,0.0,0.3136482573250561,0.3081792693838848,0.2978649708815766,0.3226668451407763,0.2326272928085506,0.2564273782104558,0.2844774994724254,0.3072406329154158,0.2969826651443877,0.2580673749797719,0.2604137766681194,0.2644169761931781
