0.0,0.3372153131466597,0.0,0.0,0.0,0.3841435778952667,0.0,0.4030369584450067,0.0,0.384919028944733,0.0,0.3572830298555845,0.0,0.0,0.3085275304775209,0.3391188873261739,0.0,0.3374425425889081,0.0,0.3794883654708524,0.295987703740808,0.3143556696631361,0.3712144481529441,0.3189310982916478,0.3100370108839428,0.3156771410707924,0.3898709047609626,0.3767329085868769,0.3795420690300019,0.0,0.2631697701399738,0.3463313036399915,0.2946464092643253,0.2885926397966241,0.3389429248068382,0.0,0.0,0.3993975893089191,0.3363158118749435,0.3216352242023536,0.3204134351876785,0.0,0.0,0.0,0.0,0.3324802189315726,0.377553002624553,0.0,0.0,0.0,0.0,0.0,0.0,0.0,0.0,0.0,0.0,0.0,0.0,0.0,0.3550963259395934,0.0,0.3667007698501867,0.0,0.0,0.3419626169443319,0.3068566985594478,0.0,0.3508175029875393,0.3650634499553173,0.3786786838378447,0.0,0.0,0.0,0.0,0.3449204494489601
0.3372153131466597,0.0,0.0,0.0,0.0,0.3184662054875271,0.3674310266093891,0.4049367908190614,0.0,0.0,0.0,0.0,0.351907421504731,0.0,0.3580245806980677,0.3498078144997117,0.0,0.3434768755926138,0.0,0.3757415241261866,0.3501986888517941,0.3506006107446053,0.3899277477577004,0.0,0.344118172259707,0.3304768199070276,0.3808635522760081,0.3553813687203495,0.3246219294727177,0.0,0.2933522901740886,0.3198423102785472,0.3067065484025661,0.300996453208162,0.3349753425859249,0.0,0.0,0.0,0.3593304125017153,0.3554461804899274,0.331104294072444,0.3567744845181441,0.0,0.0,0.0,0.382003285450668,0.3543216624439965,0.0,0.0,0.0,0.3839879472813784,0.0,0.0,0.0,0.0,0.0,0.0,0.0,0.0,0.3928622422319316,0.3655730093135884,0.0,0.3668141172061255,0.0,0.3773620444723378,0.3949963179826308,0.3474344693355657,0.3804388030608765,0.0,0.3721493530415482,0.3834363487394271,0.3898880263474522,0.0,0.3704622919340132,0.0,0.3528788114311333
0.0,0.0,0.0,0.3601503207819093,0.3352246965717229,0.3265790876891916,0.3636401783483058,0.4003486689342919,0.2870820123625272,0.0,0.2784898391462255,0.0,0.3751419321680354,0.3090336208207364,0.0,0.0,0.0,0.0,0.2234811658955636,0.0,0.0,0.0,0.2434481884716932,0.0,0.0,0.0,0.2908721150494357,0.3763196118966331,0.0,0.0,0.3824491048459963,0.3688628297942767,0.0,0.3832102935519824,0.3911311710501898,0.3419521531297751,0.3872826822819471,0.0,0.4136811738496526,0.0,0.0,0.0,0.4118340571088383,0.0,0.0,0.0,0.0,0.3786995725764538,0.0,0.4976260507411035,0.4484599600404582,0.0,0.4633987283191127,0.4568656513753962,0.0,0.3825749807482904,0.0,0.4698536020397877,0.4103534284953111,0.0,0.0,0.0,0.0,0.372394610812728,0.0,0.0,0.0,0.4509076609463283,0.0,0.0,0.0,0.4615961744571685,0.0,0.0,0.0,0.0
0.0,0.0,0.3601503207819093,0.0,0.1620066674066556,0.330207681293672,0.1788396975627676,0.2709737963694145,0.0,0.1473313610619196,0.2439383044672366,0.2689012225156401,0.2067176390562618,0.1948328292903874,0.0,0.0,0.0,0.0,0.0,0.3655837143816329,0.0,0.0,0.288943342929814,0.0,0.0,0.0,0.3542294637130595,0.1527266044424859,0.0,0.0,0.3036408073973444,0.2361273090391473,0.0,0.2507501916634229,0.2477517156358469,0.1530759289984296,0.1345271084122474,0.2533508840342069,0.0,0.0,0.0,0.0,0.0,0.0,0.0,0.0,0.0,0.0,0.0,0.0,0.0,0.0,0.0,0.0,0.0,0.0,0.0,0.0,0.0,0.0,0.0,0.0,0.0,0.0,0.0,0.0,0.0,0.0,0.0,0.0,0.0,0.0,0.0,0.0,0.0,0.0
0.0,0.0,0.3352246965717229,0.1620066674066556,0.0,0.3245090424717808,0.2455419248248023,0.2608759986040613,0.2814199967090025,0.3230749216988905,0.2503942464469767,0.3335549474541785,0.2400364543778436,0.2202597495162399,0.0,0.0,0.0,0.0,0.2812985907473124,0.2888434307679646,0.0,0.3350213241211102,0.3543270742994507,0.0,0.0,0.0,0.3475419748804565,0.2433809779383821,0.3291224816546534,0.0,0.2990032329674877,0.2924783877444798,0.0,0.2814814718815457,0.2005558977524449,0.1651984468776922,0.1879681750014369,0.3292719337323107,0.0,0.0,0.0,0.0,0.0,0.0,0.0,0.0,0.0,0.0,0.0,0.0,0.0,0.0,0.0,0.0,0.0,0.0,0.0,0.0,0.0,0.0,0.0,0.0,0.0,0.0,0.0,0.0,0.0,0.0,0.0,0.0,0.0,0.0,0.0,0.0,0.0,0.0
0.3841435778952667,0.3184662054875271,0.3265790876891916,0.330207681293672,0.3245090424717808,0.0,0.328045550035927,0.3441469286808254,0.3089376204046828,0.3526036386688647,0.3221747138250391,0.4192858059619321,0.3225734197611424,0.3276504487187614,0.3294687606805508,0.3393829511330302,0.0,0.3550647460825111,0.0,0.3170727815241128,0.3334553748724547,0.3371753389197333,0.3284308760940448,0.0,0.3412798709876887,0.3301384043099688,0.3040817670126409,0.3239168333358073,0.2908429575122187,0.3344224477088476,0.3474053763543928,0.335327699776708,0.3014309355872428,0.3459615621264801,0.3244886315802942,0.3444616739404892,0.3530252455201115,0.3853264220101036,0.3724322830637834,0.0,0.4156247188812725,0.4602889236101798,0.4034544202365346,0.0,0.0,0.0,0.0,0.4639805329938211,0.0,0.0,0.4237395125464621,0.446196335019786,0.3907397716813655,0.4472477241235626,0.0,0.0,0.0,0.4367175402140536,0.0,0.0,0.0,0.0,0.0,0.4694777522007701,0.0,0.0,0.0,0.4295872337521951,0.0,0.0,0.0,0.428098728415042,0.4263113493064697,0.3888350334459246,0.0,0.426893983725752
0.0,0.3674310266093891,0.3636401783483058,0.1788396975627676,0.2455419248248023,0.328045550035927,0.0,0.327641043650868,0.3064324226345434,0.3078981790259806,0.3244784774491189,0.0,0.2674482427785581,0.2612542413351063,0.0,0.3740398698573355,0.0,0.3534261909510675,0.3458582345253765,0.3522697987026661,0.0,0.3703158634401415,0.3599858378034216,0.0,0.3734067026722162,0.0,0.3557075219779786,0.2581127742096702,0.3545834229076186,0.0,0.2980155210298191,0.3345749286205675,0.0,0.3138521990462412,0.2039671784241439,0.2121952533489352,0.2032920881206376,0.290217858816269,0.0,0.0,0.0,0.0,0.0,0.0,0.0,0.0,0.0,0.0,0.0,0.0,0.0,0.0,0.0,0.0,0.0,0.0,0.0,0.0,0.0,0.0,0.0,0.0,0.0,0.0,0.0,0.0,0.0,0.4164069626022413,0.0,0.0,0.0,0.0,0.0,0.0,0.0,0.0
0.4030369584450067,0.4049367908190614,0.4003486689342919,0.2709737963694145,0.2608759986040613,0.3441469286808254,0.327641043650868,0.0,0.4033850338381927,0.0,0.2277121491387919,0.4959313874675939,0.349039795467032,0.2568611703426593,0.3062042466097288,0.3874282328530104,0.0,0.4125644567358063,0.2752839931682657,0.0,0.3134122341078372,0.3587424619024582,0.2862942183350976,0.4236191471281882,0.3736682556631604,0.3977550817589557,0.3817247540583564,0.3424798259711897,0.3112152113145416,0.3384271885866111,0.3248208802842946,0.2907459398422767,0.3813545659927979,0.3044295854424758,0.3512529801458759,0.2136042061093771,0.2612168883728444,0.0,0.32162289246332,0.0,0.0,0.0,0.3376432854260077,0.0,0.0,0.0,0.0,0.4496381648153802,0.0,0.0,0.4163340747286834,0.4246730302935295,0.317204797164724,0.4275227171759993,0.0,0.4476509493676019,0.0,0.406175241104498,0.0,0.0,0.0,0.0,0.0,0.4385721835024189,0.3533159413594914,0.1589501388074966,0.0,0.3961745143628012,0.0,0.0,0.0,0.4137849665399152,0.4116346684561364,0.4131434833653854,0.0,0.0
0.0,0.0,0.2870820123625272,0.0,0.2814199967090025,0.3089376204046828,0.3064324226345434,0.4033850338381927,0.0,0.3638774386551586,0.2718988552290653,0.0,0.3023475996553021,0.3396996970145244,0.0,0.0,0.0,0.0,0.2378408176667248,0.0,0.0,0.0,0.3525487759864094,0.0,0.0,0.0,0.3328941883778827,0.3612173749582589,0.0,0.4079397070965318,0.363236386068562,0.3641965849918346,0.0,0.3672183253627573,0.3697915045195565,0.3474557663187018,0.3646850658077063,0.0,0.0,0.0,0.0,0.0,0.4196870653632353,0.0,0.0,0.0,0.0,0.4994846842460668,0.0,0.0,0.0,0.0,0.4446651565098636,0.0,0.0,0.0,0.0,0.0,0.0,0.0,0.0,0.0,0.0,0.0,0.0,0.0,0.0,0.4489558538635079,0.0,0.0,0.0,0.3838481827234694,0.0,0.0,0.0,0.0
0.384919028944733,0.0,0.0,0.1473313610619196,0.3230749216988905,0.3526036386688647,0.3078981790259806,0.0,0.3638774386551586,0.0,0.34947476773478,0.2498282502473171,0.286563399824281,0.0,0.0,0.0,0.2706235662314556,0.3028265706651069,0.0,0.0,0.0,0.0,0.3789904052468266,0.2632856724652391,0.3158888825366444,0.3006661690710174,0.3900609390007697,0.2955954000668035,0.0,0.0,0.2641005565442375,0.2795328374922473,0.256592375895045,0.2554688277277012,0.255066304869156,0.2256561756974129,0.2092697548419513,0.2555745570223806,0.3086510043805743,0.3251081203127451,0.2959139322698981,0.0,0.0,0.0,0.2776708624065231,0.4597130265072136,0.0,0.0,0.0,0.0,0.0,0.0,0.0,0.0,0.3758265310812779,0.0,0.3818867256197628,0.0,0.0,0.0,0.0,0.404541979529215,0.3941090327754387,0.0,0.0,0.0,0.0,0.0,0.3702400519435298,0.4037746283736834,0.4085452948375572,0.0,0.0,0.0,0.0,0.3361078312423217
0.0,0.0,0.2784898391462255,0.2439383044672366,0.2503942464469767,0.3221747138250391,0.3244784774491189,0.2277121491387919,0.2718988552290653,0.34947476773478,0.0,0.0,0.3370358404882014,0.2030374663403844,0.0,0.0,0.0,0.0,0.204446684838939,0.0,0.0,0.0,0.2389191832670394,0.0,0.0,0.0,0.3322559079762134,0.3377881278550872,0.0,0.0,0.3337517981536119,0.2425735153806237,0.0,0.3456321887778711,0.3067661827454626,0.2021315563660913,0.2579946238597012,0.0,0.0,0.0,0.0,0.0,0.3229031898523928,0.0,0.0,0.0,0.0,0.2979399631101073,0.0,0.0,0.0,0.0,0.0,0.4140362094107782,0.0,0.1852924135099734,0.0,0.0,0.0,0.0,0.0,0.0,0.0,0.2555789058218995,0.0,0.0,0.0,0.0,0.0,0.0,0.0,0.4125622150539135,0.4500006609654887,0.0,0.0,0.0
0.3572830298555845,0.0,0.0,0.2689012225156401,0.3335549474541785,0.4192858059619321,0.0,0.4959313874675939,0.0,0.2498282502473171,0.0,0.0,0.3052615944886635,0.0,0.0,0.0,0.3073427818917272,0.3394434874312125,0.0,0.0,0.4277362782664095,0.0,0.0,0.2516701083982276,0.3262344850544312,0.2643512703985337,0.3981827563464922,0.3016402107025043,0.0,0.0,0.2821159143010617,0.2278968982812846,0.2402460451321028,0.2602330897079786,0.2860336236115447,0.3019561224588309,0.2534694879770121,0.2153540985808275,0.2995429636462741,0.3485664332390457,0.317813439052423,0.0,0.0,0.0,0.3186258484544479,0.0,0.0,0.0,0.0,0.0,0.0,0.0,0.0,0.0,0.389736609380784,0.0,0.3911132572420917,0.0,0.0,0.0,0.0,0.4126750230675353,0.4063425218516852,0.0,0.0,0.0,0.0,0.0,0.3775275730393643,0.4071831241896076,0.4104763515328169,0.0,0.0,0.0,0.0,0.3639666371704783
0.0,0.351907421504731,0.3751419321680354,0.2067176390562618,0.2400364543778436,0.3225734197611424,0.2674482427785581,0.349039795467032,0.3023475996553021,0.286563399824281,0.3370358404882014,0.3052615944886635,0.0,0.2739055889167323,0.3221568290056001,0.3754194803760238,0.3420993706155296,0.3550278607421594,0.3490650582046446,0.3560052284268396,0.3544040089126091,0.379287730405951,0.3631342144409806,0.3215048701636923,0.3473356421040752,0.3313807642726975,0.3644714058765069,0.2598403645109811,0.346540957634411,0.3192431781957604,0.3107478980287836,0.331511783551988,0.3198222525276127,0.2972579732706469,0.2585214160950986,0.2332492898684925,0.215751266506937,0.2897894928501839,0.4119022162625594,0.0,0.0,0.0,0.0,0.0,0.0,0.0,0.0,0.0,0.0,0.0,0.4378989001055681,0.0,0.4098614470084653,0.0,0.0,0.0,0.0,0.0,0.0,0.0,0.0,0.0,0.0,0.0,0.0,0.0,0.0,0.4088427238039174,0.0,0.0,0.0,0.4137319231043661,0.0,0.4484806119182194,0.0,0.0
0.0,0.0,0.3090336208207364,0.1948328292903874,0.2202597495162399,0.3276504487187614,0.2612542413351063,0.2568611703426593,0.3396996970145244,0.0,0.2030374663403844,0.0,0.2739055889167323,0.0,0.0,0.0,0.0,0.0,0.2841151708411913,0.0,0.0,0.0,0.2695182491580757,0.0,0.0,0.0,0.3423622876424794,0.1873685137668904,0.0,0.0,0.0,0.2047721771205191,0.0,0.0,0.0,0.1769842612801134,0.1476962557614929,0.0,0.0,0.0,0.0,0.0,0.0,0.0,0.0,0.0,0.0,0.0,0.0,0.0,0.0,0.0,0.0,0.0,0.0,0.0,0.0,0.0,0.0,0.0,0.0,0.0,0.0,0.0,0.0,0.0,0.0,0.0,0.0,0.0,0.0,0.0,0.0,0.0,0.0,0.0
0.3085275304775209,0.3580245806980677,0.0,0.0,0.0,0.3294687606805508,0.0,0.3062042466097288,0.0,0.0,0.0,0.0,0.3221568290056001,0.0,0.0,0.3233745249411811,0.0,0.3376910018194977,0.0,0.3063589475039256,0.3021452082901615,0.3282212739126813,0.3272313564587407,0.3989209377007874,0.3403759558889695,0.3259992495921607,0.3577730994291304,0.0,0.3151071035082766,0.0,0.294135532742351,0.3530203727200262,0.3194071800753023,0.3321034597052446,0.372154974946621,0.3828998325289959,0.0,0.0,0.3727873549366726,0.3309682539933483,0.3927879120491523,0.3918651696794877,0.4311624325718852,0.0,0.0,0.0,0.3937935973514918,0.0,0.0,0.0,0.3734232421659894,0.0,0.3078312905889045,0.0,0.0,0.0,0.0,0.4845865934502045,0.0,0.377654022041396,0.419119121700293,0.0,0.0,0.0,0.353927555508685,0.3832670360379887,0.3931316182157119,0.3653380474839713,0.0,0.0,0.4195445613737819,0.373018520684489,0.4179687118170588,0.3646478360593002,0.0,0.3999940995015913
0.3391188873261739,0.3498078144997117,0.0,0.0,0.0,0.3393829511330302,0.3740398698573355,0.3874282328530104,0.0,0.0,0.0,0.0,0.3754194803760238,0.0,0.3233745249411811,0.0,0.2790618603115193,0.3172336581278038,0.0,0.3645129260362646,0.3298759937639997,0.331572184439365,0.3506482505088797,0.3317380027743338,0.3339494284884789,0.3498192273305164,0.3664197090625185,0.3735321709992609,0.3602704383480949,0.0,0.3091183026922057,0.3518807760111002,0.3282018792857876,0.3130497740015381,0.3459752278134549,0.0,0.0,0.0,0.3256312784818166,0.3446964589788057,0.3534129214813892,0.3483089588600509,0.0,0.0,0.0,0.3652239128870255,0.3726333301892525,0.0,0.0,0.0,0.0,0.0,0.0,0.0,0.0,0.0,0.0,0.0,0.0,0.3879743886419535,0.3586968191737411,0.0,0.3586129200054357,0.0,0.3995470391753473,0.3877513652669204,0.3667876625078005,0.4812696888434586,0.0,0.3586562779962152,0.3751574602450898,0.4310418074951141,0.0,0.4035271525571983,0.0,0.3447712144505813
0.0,0.0,0.0,0.0,0.0,0.0,0.0,0.0,0.0,0.2706235662314556,0.0,0.3073427818917272,0.3420993706155296,0.0,0.0,0.2790618603115193,0.0,0.2883475600316495,0.0,0.0,0.0,0.0,0.0,0.2981365197034995,0.2829172082535052,0.3213242296596389,0.0,0.3443366284645203,0.0,0.0,0.2851925265870428,0.3311113792069978,0.2684999915955397,0.2643713496353245,0.2718853981488003,0.0,0.0,0.2778536184156191,0.0,0.3214117124754092,0.0,0.0,0.0,0.0,0.0,0.0,0.0,0.0,0.0,0.0,0.0,0.0,0.0,0.0,0.3626516437782879,0.0,0.3757944861686265,0.0,0.0,0.0,0.0,0.3933976386344926,0.3709270558725995,0.0,0.0,0.0,0.0,0.0,0.3992652156852459,0.3663216000321946,0.3889575747252289,0.0,0.0,0.0,0.0,0.0
0.3374425425889081,0.3434768755926138,0.0,0.0,0.0,0.3550647460825111,0.3534261909510675,0.4125644567358063,0.0,0.3028265706651069,0.0,0.3394434874312125,0.3550278607421594,0.0,0.3376910018194977,0.3172336581278038,0.2883475600316495,0.0,0.0,0.3607750564728178,0.3476508603240829,0.3515618421223155,0.3748573265617236,0.3292875732972392,0.3122514620667712,0.3284714823600773,0.3716322142504081,0.3536396022539412,0.3667263016580999,0.0,0.3197823081616489,0.372017058860104,0.3120124117825816,0.3152847010665756,0.3433129757563805,0.0,0.0,0.0,0.2916678871173119,0.3170861654916767,0.3125237296082221,0.2984990484425691,0.0,0.0,0.0,0.3743038192788303,0.3671905653527516,0.0,0.0,0.0,0.0,0.0,0.0,0.0,0.3529577215267371,0.0,0.3777040134666454,0.0,0.0,0.0,0.3506283979402855,0.3834351426292344,0.3579082286827608,0.0,0.0,0.0,0.3616101067337325,0.0,0.4053001214568184,0.367552104636654,0.3782940803878731,0.0,0.0,0.0,0.0,0.3505068776485522
0.0,0.0,0.2234811658955636,0.0,0.2812985907473124,0.0,0.3458582345253765,0.2752839931682657,0.2378408176667248,0.0,0.204446684838939,0.0,0.3490650582046446,0.2841151708411913,0.0,0.0,0.0,0.0,0.0,0.0,0.0,0.0,0.2083220481709127,0.0,0.0,0.0,0.3117868273440704,0.3376032304720053,0.0,0.0,0.3695913007741125,0.3499215934082461,0.0,0.3694766254004206,0.0,0.2951953812057977,0.0,0.0,0.0,0.0,0.0,0.0,0.3595861059074686,0.0,0.0,0.0,0.0,0.1523125722555852,0.0,0.0,0.0,0.0,0.0,0.0,0.0,0.0,0.0,0.0,0.0,0.0,0.0,0.0,0.0,0.0,0.0,0.0,0.0,0.4520010904582026,0.0,0.0,0.0,0.0,0.0,0.0,0.0,0.0
0.3794883654708524,0.3757415241261866,0.0,0.3655837143816329,0.2888434307679646,0.3170727815241128,0.3522697987026661,0.0,0.0,0.0,0.0,0.0,0.3560052284268396,0.0,0.3063589475039256,0.3645129260362646,0.0,0.3607750564728178,0.0,0.0,0.3631539024042194,0.3161198393610668,0.2500165682699161,0.0,0.3800963057821568,0.377736357575219,0.3042804116919416,0.3085694251819811,0.2800366049306516,0.2911317363557527,0.2989376321201914,0.3653288253264343,0.3220468022753333,0.3286725733658131,0.3779878425126631,0.4427542557778063,0.3989738779194225,0.0,0.3774216820385694,0.0,0.4042132171736667,0.4062812836032577,0.0,0.0,0.0,0.0,0.0,0.0,0.0,0.0,0.410345498891752,0.0,0.3883476161902547,0.0,0.0,0.0,0.0,0.0,0.0,0.3865765927199381,0.0,0.0,0.0,0.0,0.3912498921837625,0.388929317889063,0.3833913241038325,0.4031458843773308,0.0,0.0,0.3866659026381762,0.3912575977623041,0.4403020769235001,0.392729340787225,0.0,0.0
0.295987703740808,0.3501986888517941,0.0,0.0,0.0,0.3334553748724547,0.0,0.3134122341078372,0.0,0.0,0.0,0.4277362782664095,0.3544040089126091,0.0,0.3021452082901615,0.3298759937639997,0.0,0.3476508603240829,0.0,0.3631539024042194,0.0,0.3518865219073588,0.3268098296593077,0.3890415577976364,0.3321155749144067,0.3380158543025899,0.3742089302059598,0.3535086744680959,0.3253503726363082,0.0,0.2981312680404398,0.3414718179850511,0.2906377808323647,0.3114744519643307,0.3772703566100191,0.0,0.0,0.0,0.342794287452259,0.3515219399932855,0.38721431701523,0.3677499333862496,0.0,0.0,0.0,0.3551059166527757,0.3812564900993497,0.0,0.0,0.0,0.3572122492835894,0.0,0.3058376984791346,0.0,0.0,0.0,0.0,0.4595434842850577,0.0,0.3794164142494186,0.389361732131934,0.0,0.0,0.0,0.3621366862930237,0.3473876019161956,0.394720153119184,0.3558892515632963,0.0,0.0,0.3971883675876028,0.3834008558202063,0.4232614481618793,0.3078997319134012,0.0,0.4423381400047613
0.3143556696631361,0.3506006107446053,0.0,0.0,0.3350213241211102,0.3371753389197333,0.3703158634401415,0.3587424619024582,0.0,0.0,0.0,0.0,0.379287730405951,0.0,0.3282212739126813,0.331572184439365,0.0,0.3515618421223155,0.0,0.3161198393610668,0.3518865219073588,0.0,0.3661403809508513,0.0,0.371667230793237,0.3502384593436351,0.3698352254007697,0.3550839103645899,0.3459054370369352,0.3435094588696723,0.3126362137570656,0.3623126096512849,0.3332746142598685,0.3294319545252082,0.3794309607135389,0.4322839573335396,0.4113446246054733,0.0,0.3580110359577558,0.3607777947251396,0.3704119829573595,0.3856359340626386,0.4622622464676924,0.0,0.0,0.3876294210895332,0.3638967955761541,0.0,0.0,0.0,0.3756860907015127,0.0,0.0,0.0,0.0,0.0,0.0,0.0,0.0,0.3899552433486622,0.3709989575218205,0.0,0.0,0.0,0.366247675787422,0.3916796600894809,0.3916840979230868,0.3725795570463246,0.0,0.0,0.3885344119416408,0.3844636768465332,0.0,0.369864779859295,0.0,0.3651166072323087
0.3712144481529441,0.3899277477577004,0.2434481884716932,0.288943342929814,0.3543270742994507,0.3284308760940448,0.3599858378034216,0.2862942183350976,0.3525487759864094,0.3789904052468266,0.2389191832670394,0.0,0.3631342144409806,0.2695182491580757,0.3272313564587407,0.3506482505088797,0.0,0.3748573265617236,0.2083220481709127,0.2500165682699161,0.3268098296593077,0.3661403809508513,0.0,0.4037869605689854,0.3653762909264102,0.3754279955356914,0.3069164208391762,0.354284675639365,0.3308395228830271,0.3513733061143252,0.3583484564211515,0.3476324580717477,0.3296526072196236,0.362066721096106,0.3877967449400302,0.3043478533223377,0.3472265055373327,0.0,0.4082194926244901,0.3696640113165386,0.4059256257241465,0.4133308225185938,0.4053475340668223,0.0,0.0,0.0,0.0,0.449134941437261,0.0,0.4608250953684169,0.4275248659618459,0.4264064109476428,0.4092912102655949,0.4432015705882127,0.0,0.4160208223288062,0.0,0.424442972125776,0.4175824816208251,0.3943827962132191,0.0,0.0,0.0,0.4385113920794605,0.4066833346917836,0.3910631765093984,0.4097347894133926,0.4283910393055179,0.0,0.0,0.4165716711502439,0.4311365260177357,0.4221851728809173,0.4057968211966417,0.4211094412198203,0.4262674071236226
0.3189310982916478,0.0,0.0,0.0,0.0,0.0,0.0,0.4236191471281882,0.0,0.2632856724652391,0.0,0.2516701083982276,0.3215048701636923,0.0,0.3989209377007874,0.3317380027743338,0.2981365197034995,0.3292875732972392,0.0,0.0,0.3890415577976364,0.0,0.4037869605689854,0.0,0.3151590202493951,0.2820436789731795,0.4557863584333308,0.3143537139904174,0.0,0.0,0.2634992686400665,0.2592349972285583,0.2182251268041204,0.2385180435090791,0.2391564387115875,0.3182494507102468,0.2344500659107747,0.216256179181472,0.333843493698391,0.3097995384946013,0.3113238373999848,0.0,0.0,0.0,0.2596702507042556,0.3782872711114434,0.0,0.0,0.0,0.0,0.0,0.0,0.0,0.0,0.368767143858538,0.0,0.3802413468711077,0.0,0.0,0.0,0.3634633599019391,0.4034592547247095,0.3859805843792967,0.0,0.0,0.0,0.0,0.0,0.3551239281236739,0.3983665707838097,0.4057683801501037,0.0,0.0,0.0,0.0,0.3186733701750592
0.3100370108839428,0.344118172259707,0.0,0.0,0.0,0.3412798709876887,0.3734067026722162,0.3736682556631604,0.0,0.3158888825366444,0.0,0.3262344850544312,0.3473356421040752,0.0,0.3403759558889695,0.3339494284884789,0.2829172082535052,0.3122514620667712,0.0,0.3800963057821568,0.3321155749144067,0.371667230793237,0.3653762909264102,0.3151590202493951,0.0,0.3124334723833216,0.3640926725478582,0.3436092365003773,0.3475245909783003,0.0,0.3106762069578398,0.3480828033473655,0.2818933166267202,0.2905148192422633,0.3216599731612035,0.0,0.0,0.2922297379917691,0.3095346333090233,0.3243069031158595,0.3145465332767371,0.3050038313399579,0.0,0.0,0.0,0.3631627392473028,0.3588177613403452,0.0,0.0,0.0,0.0,0.0,0.0,0.0,0.3682737454423698,0.0,0.3860422535231803,0.0,0.0,0.3830686070195724,0.3457014322953164,0.3954746177919273,0.356592138025488,0.0,0.374190989701304,0.4072152923862804,0.3680015377738372,0.4473004511437262,0.3935429831652471,0.3643078017794657,0.3739876324925106,0.0,0.0,0.3756059397921091,0.0,0.3309589531872168
0.3156771410707924,0.3304768199070276,0.0,0.0,0.0,0.3301384043099688,0.0,0.3977550817589557,0.0,0.3006661690710174,0.0,0.2643512703985337,0.3313807642726975,0.0,0.3259992495921607,0.3498192273305164,0.3213242296596389,0.3284714823600773,0.0,0.377736357575219,0.3380158543025899,0.3502384593436351,0.3754279955356914,0.2820436789731795,0.3124334723833216,0.0,0.3923704623223821,0.3418231797340508,0.3312184124813155,0.0,0.303785770618092,0.3516179749360394,0.2906506322379667,0.3035566378006391,0.3510948999388282,0.4137967508290616,0.0,0.2718791767166412,0.352706249528865,0.3367944742864234,0.3572575658152996,0.3337390256845675,0.0,0.0,0.0,0.3723613978367844,0.3545119980273857,0.0,0.0,0.0,0.410720845768982,0.0,0.0,0.0,0.3882178476131449,0.0,0.401695307043602,0.0,0.0,0.4084165780471815,0.3559078696122058,0.4123829889139105,0.3745675156065418,0.0,0.3875838188155477,0.411305462170756,0.3884775712208237,0.3899617463311224,0.4072054905076059,0.3806140030688924,0.3909607620351493,0.3884834618051552,0.0,0.3819421192546803,0.0,0.3516510088926124
0.3898709047609626,0.3808635522760081,0.2908721150494357,0.3542294637130595,0.3475419748804565,0.3040817670126409,0.3557075219779786,0.3817247540583564,0.3328941883778827,0.3900609390007697,0.3322559079762134,0.3981827563464922,0.3644714058765069,0.3423622876424794,0.3577730994291304,0.3664197090625185,0.0,0.3716322142504081,0.3117868273440704,0.3042804116919416,0.3742089302059598,0.3698352254007697,0.3069164208391762,0.4557863584333308,0.3640926725478582,0.3923704623223821,0.0,0.3575241012026696,0.3047969359308665,0.3416048848112828,0.34311535426479,0.3553866781460279,0.31851202216059,0.3538429235987098,0.3730016644035372,0.3799489531924203,0.3672295111972936,0.3979523016005921,0.4073629182668318,0.4266164099743521,0.4232583083265914,0.4245674786410021,0.4172029889585172,0.0,0.0,0.0,0.0,0.4677373200698456,0.0,0.0,0.4224725301716641,0.4596125001808274,0.4284647917943052,0.4566021750943363,0.0,0.4273337611611303,0.0,0.435083466335702,0.3956710652749546,0.3933029681166058,0.0,0.0,0.0,0.4740684308944601,0.4133846270081159,0.4013040398708106,0.4108913983174924,0.4267227250302369,0.0,0.0,0.4097829573998088,0.4173733613309744,0.4292102096084316,0.4110022111798858,0.4492056332622852,0.4299602704865464
0.3767329085868769,0.3553813687203495,0.3763196118966331,0.1527266044424859,0.2433809779383821,0.3239168333358073,0.2581127742096702,0.3424798259711897,0.3612173749582589,0.2955954000668035,0.3377881278550872,0.3016402107025043,0.2598403645109811,0.1873685137668904,0.0,0.3735321709992609,0.3443366284645203,0.3536396022539412,0.3376032304720053,0.3085694251819811,0.3535086744680959,0.3550839103645899,0.354284675639365,0.3143537139904174,0.3436092365003773,0.3418231797340508,0.3575241012026696,0.0,0.2941418784325357,0.2545807050584207,0.3040251162648038,0.3282874442325285,0.2939893554594052,0.2923130759491739,0.2842955948226588,0.223760541929391,0.2109575253289334,0.2870810805654933,0.3654790593963488,0.0,0.0,0.0,0.0,0.0,0.0,0.0,0.0,0.0,0.0,0.0,0.4097170331155173,0.0,0.3919069614335443,0.0,0.0,0.0,0.0,0.4746977292766429,0.0,0.4352139351969711,0.0,0.0,0.0,0.0,0.3962842185908714,0.3504442235391786,0.0,0.4022461427848314,0.0,0.0,0.0,0.4010838254267687,0.4279538612641238,0.414034398521079,0.0,0.0
0.3795420690300019,0.3246219294727177,0.0,0.0,0.3291224816546534,0.2908429575122187,0.3545834229076186,0.3112152113145416,0.0,0.0,0.0,0.0,0.346540957634411,0.0,0.3151071035082766,0.3602704383480949,0.0,0.3667263016580999,0.0,0.2800366049306516,0.3253503726363082,0.3459054370369352,0.3308395228830271,0.0,0.3475245909783003,0.3312184124813155,0.3047969359308665,0.2941418784325357,0.0,0.2943909246554884,0.2933406537967382,0.3274987212561751,0.2695166069229543,0.3194824779351284,0.3575580219362002,0.4031114727182212,0.3697784767438001,0.0,0.3808969428230555,0.0,0.4177798902191268,0.4435925282306327,0.43981539256415,0.0,0.0,0.0,0.0,0.5149902070461054,0.0,0.0,0.4129920666769392,0.0,0.3872900095363496,0.7141428920428419,0.0,0.0,0.0,0.4438367070922467,0.0,0.369417313726553,0.0,0.0,0.0,0.0,0.3882156714730493,0.358420317993282,0.0,0.3898753858043043,0.0,0.0,0.0,0.3894302210873002,0.4183468239842261,0.3850693095205091,0.4359379764710146,0.4195784493829271
0.0,0.0,0.0,0.0,0.0,0.3344224477088476,0.0,0.3384271885866111,0.4079397070965318,0.0,0.0,0.0,0.3192431781957604,0.0,0.0,0.0,0.0,0.0,0.0,0.2911317363557527,0.0,0.3435094588696723,0.3513733061143252,0.0,0.0,0.0,0.3416048848112828,0.2545807050584207,0.2943909246554884,0.0,0.2936224048957826,0.3449311879635928,0.0,0.3124381324212706,0.3804221940515405,0.0,0.0,0.0,0.0,0.0,0.0,0.0,0.0,0.0,0.0,0.0,0.0,0.0,0.0,0.0,0.0,0.0,0.0,0.0,0.0,0.0,0.0,0.0,0.0,0.0,0.0,0.0,0.0,0.0,0.0,0.0,0.0,0.4075745742101951,0.0,0.0,0.0,0.4086742690115494,0.0,0.0,0.0,0.0
0.2631697701399738,0.2933522901740886,0.3824491048459963,0.3036408073973444,0.2990032329674877,0.3474053763543928,0.2980155210298191,0.3248208802842946,0.363236386068562,0.2641005565442375,0.3337517981536119,0.2821159143010617,0.3107478980287836,0.0,0.294135532742351,0.3091183026922057,0.2851925265870428,0.3197823081616489,0.3695913007741125,0.2989376321201914,0.2981312680404398,0.3126362137570656,0.3583484564211515,0.2634992686400665,0.3106762069578398,0.303785770618092,0.34311535426479,0.3040251162648038,0.2933406537967382,0.2936224048957826,0.0,0.2900618154164743,0.2547562826565941,0.2173442978499052,0.2003312288855305,0.2958718081300079,0.2652449566693711,0.2600231658051522,0.3386701019193474,0.2141653551009634,0.3074428366794454,0.0,0.0,0.0,0.0,0.0,0.3111630722305837,0.0,0.0,0.0,0.4207476772584612,0.0,0.371887147556597,0.0,0.3321175326752446,0.0,0.3265752547475855,0.0,0.0,0.2863633850989226,0.271216827437529,0.331979807474381,0.3433040830481214,0.0,0.3607927569705878,0.3284744836433767,0.3571809784839048,0.3789847061964952,0.282461617335311,0.3389260015495591,0.3228610756525477,0.3959372759410089,0.0,0.3871040119599868,0.0,0.3240303512331799
0.3463313036399915,0.3198423102785472,0.3688628297942767,0.2361273090391473,0.2924783877444798,0.335327699776708,0.3345749286205675,0.2907459398422767,0.3641965849918346,0.2795328374922473,0.2425735153806237,0.2278968982812846,0.331511783551988,0.2047721771205191,0.3530203727200262,0.3518807760111002,0.3311113792069978,0.372017058860104,0.3499215934082461,0.3653288253264343,0.3414718179850511,0.3623126096512849,0.3476324580717477,0.2592349972285583,0.3480828033473655,0.3516179749360394,0.3553866781460279,0.3282874442325285,0.3274987212561751,0.3449311879635928,0.2900618154164743,0.0,0.2940153274705924,0.2950701771552639,0.3114834586612975,0.253163917658137,0.272526192668413,0.218167643750242,0.2457516000832268,0.228354482231139,0.2649587310324759,0.2854299081052486,0.2606675861442431,0.2654765271559634,0.2017279729593706,0.3889075960729747,0.3691042480612959,0.4624932895610325,0.0,0.0,0.3785119057415339,0.0,0.3178831214038413,0.0,0.0,0.0,0.2262419418737785,0.4128222933370616,0.0,0.3766757675723559,0.375401974785505,0.0,0.3659167208804319,0.0,0.3625989892371156,0.346975289896867,0.3725498435037685,0.3723830547352968,0.2253208203250348,0.3681003253010617,0.372743555191781,0.3654541680887098,0.2883898639227089,0.344966023000018,0.0,0.3624651383786285
0.2946464092643253,0.3067065484025661,0.0,0.0,0.0,0.3014309355872428,0.0,0.3813545659927979,0.0,0.256592375895045,0.0,0.2402460451321028,0.3198222525276127,0.0,0.3194071800753023,0.3282018792857876,0.2684999915955397,0.3120124117825816,0.0,0.3220468022753333,0.2906377808323647,0.3332746142598685,0.3296526072196236,0.2182251268041204,0.2818933166267202,0.2906506322379667,0.31851202216059,0.2939893554594052,0.2695166069229543,0.0,0.2547562826565941,0.2940153274705924,0.0,0.2065691827605161,0.2979094373248707,0.3450331073990683,0.2128738013178971,0.1701276166199001,0.2195607720940194,0.2121010054266783,0.2234763116843586,0.2663526606679362,0.0,0.0,0.2080324208695602,0.3378763864841888,0.3461833709901746,0.0,0.0,0.0,0.0,0.0,0.0,0.0,0.2720807134156713,0.0,0.30652426838322,0.0,0.0,0.3919401550571846,0.3320791267155381,0.3103369519573091,0.3389682632371537,0.0,0.3561206547743786,0.3581090534043192,0.3564104954082009,0.3342949220000871,0.2300478978248511,0.3213067345667093,0.3411396424243416,0.2639404982694143,0.3306420798890078,0.0,0.0,0.254950724249566
0.2885926397966241,0.300996453208162,0.3832102935519824,0.2507501916634229,0.2814814718815457,0.3459615621264801,0.3138521990462412,0.3044295854424758,0.3672183253627573,0.2554688277277012,0.3456321887778711,0.2602330897079786,0.2972579732706469,0.0,0.3321034597052446,0.3130497740015381,0.2643713496353245,0.3152847010665756,0.3694766254004206,0.3286725733658131,0.3114744519643307,0.3294319545252082,0.362066721096106,0.2385180435090791,0.2905148192422633,0.3035566378006391,0.3538429235987098,0.2923130759491739,0.3194824779351284,0.3124381324212706,0.2173442978499052,0.2950701771552639,0.2065691827605161,0.0,0.2184451949136674,0.3406517781762261,0.2646768347078386,0.2120750486961133,0.2587315103877347,0.2298439782020699,0.2619679537991699,0.2261002220830151,0.0,0.0,0.2421739521217292,0.3257868101769633,0.347261773221597,0.0,0.0,0.0,0.4136917664595519,0.0,0.3752779527596506,0.0,0.2923436450542016,0.0,0.2847263056269018,0.0,0.0,0.3733471831924246,0.3308055481013086,0.0,0.3334457676856245,0.0,0.3155950209974813,0.3585385150751503,0.3639164545775719,0.3675584157102274,0.2688438262259966,0.3358273123328931,0.3584207581427462,0.3461836311461791,0.0,0.369948615038232,0.0,0.0
0.3389429248068382,0.3349753425859249,0.3911311710501898,0.2477517156358469,0.2005558977524449,0.3244886315802942,0.2039671784241439,0.3512529801458759,0.3697915045195565,0.255066304869156,0.3067661827454626,0.2860336236115447,0.2585214160950986,0.0,0.372154974946621,0.3459752278134549,0.2718853981488003,0.3433129757563805,0.0,0.3779878425126631,0.3772703566100191,0.3794309607135389,0.3877967449400302,0.2391564387115875,0.3216599731612035,0.3510948999388282,0.3730016644035372,0.2842955948226588,0.3575580219362002,0.3804221940515405,0.2003312288855305,0.3114834586612975,0.2979094373248707,0.2184451949136674,0.0,0.3312021936775277,0.2971899634235143,0.2512303625516565,0.2873431689309461,0.2124211634065095,0.2666265677321964,0.3326580259941206,0.0,0.0,0.2177271887991446,0.0,0.3271726200632834,0.0,0.0,0.0,0.4704079323849192,0.0,0.0,0.0,0.0,0.0,0.0,0.0,0.0,0.3893846538112016,0.3711991207411129,0.0,0.0,0.0,0.3925758338210903,0.0,0.3834926691495003,0.4034111819793503,0.0,0.0,0.3757378313858127,0.3932434699783051,0.0,0.4548772204152623,0.0,0.0
0.0,0.0,0.3419521531297751,0.1530759289984296,0.1651984468776922,0.3444616739404892,0.2121952533489352,0.2136042061093771,0.3474557663187018,0.2256561756974129,0.2021315563660913,0.3019561224588309,0.2332492898684925,0.1769842612801134,0.3828998325289959,0.0,0.0,0.0,0.2951953812057977,0.4427542557778063,0.0,0.4322839573335396,0.3043478533223377,0.3182494507102468,0.0,0.4137967508290616,0.3799489531924203,0.223760541929391,0.4031114727182212,0.0,0.2958718081300079,0.253163917658137,0.3450331073990683,0.3406517781762261,0.3312021936775277,0.0,0.1722013449964396,0.2253493815935518,0.2647947538475714,0.0,0.2625867153761125,0.2615923300187514,0.244775442701928,0.2333942525509642,0.0,0.0,0.0,0.4135905368051852,0.0,0.0,0.3999099053176946,0.0,0.3975246320040086,0.4093840825974136,0.0,0.0,0.0,0.0,0.0,0.0,0.0,0.0,0.0,0.0,0.0,0.0,0.0,0.3891809725779202,0.0,0.0,0.0,0.3929396334019275,0.0,0.0,0.0,0.0
0.0,0.0,0.3872826822819471,0.1345271084122474,0.1879681750014369,0.3530252455201115,0.2032920881206376,0.2612168883728444,0.3646850658077063,0.2092697548419513,0.2579946238597012,0.2534694879770121,0.215751266506937,0.1476962557614929,0.0,0.0,0.0,0.0,0.0,0.3989738779194225,0.0,0.4113446246054733,0.3472265055373327,0.2344500659107747,0.0,0.0,0.3672295111972936,0.2109575253289334,0.3697784767438001,0.0,0.2652449566693711,0.272526192668413,0.2128738013178971,0.2646768347078386,0.2971899634235143,0.1722013449964396,0.0,0.2450792318152907,0.2493265187770518,0.0,0.2250026275989823,0.2767818546992672,0.3159380437761704,0.0,0.0,0.0,0.0,0.0,0.0,0.0,0.0,0.0,0.0,0.0,0.0,0.0,0.0,0.0,0.0,0.0,0.0,0.0,0.0,0.0,0.0,0.0,0.0,0.0,0.0,0.0,0.0,0.0,0.0,0.0,0.0,0.0
0.3993975893089191,0.0,0.0,0.2533508840342069,0.3292719337323107,0.3853264220101036,0.290217858816269,0.0,0.0,0.2555745570223806,0.0,0.2153540985808275,0.2897894928501839,0.0,0.0,0.0,0.2778536184156191,0.0,0.0,0.0,0.0,0.0,0.0,0.216256179181472,0.2922297379917691,0.2718791767166412,0.3979523016005921,0.2870810805654933,0.0,0.0,0.2600231658051522,0.218167643750242,0.1701276166199001,0.2120750486961133,0.2512303625516565,0.2253493815935518,0.2450792318152907,0.0,0.2161065705469999,0.2063875902075047,0.2131366888963836,0.0,0.0,0.0,0.1985378523046686,0.0,0.0,0.0,0.0,0.0,0.0,0.0,0.0,0.0,0.250291885391196,0.0,0.2752988272817913,0.0,0.0,0.0,0.0,0.0,0.0,0.0,0.0,0.0,0.0,0.0,0.2476454779556154,0.0,0.2806166133553315,0.0,0.0,0.0,0.0,0.0
0.3363158118749435,0.3593304125017153,0.4136811738496526,0.0,0.0,0.3724322830637834,0.0,0.32162289246332,0.0,0.3086510043805743,0.0,0.2995429636462741,0.4119022162625594,0.0,0.3727873549366726,0.3256312784818166,0.0,0.2916678871173119,0.0,0.3774216820385694,0.342794287452259,0.3580110359577558,0.4082194926244901,0.333843493698391,0.3095346333090233,0.352706249528865,0.4073629182668318,0.3654790593963488,0.3808969428230555,0.0,0.3386701019193474,0.2457516000832268,0.2195607720940194,0.2587315103877347,0.2873431689309461,0.2647947538475714,0.2493265187770518,0.2161065705469999,0.0,0.2719169726100367,0.3007993979052158,0.265501820582839,0.2392005517940147,0.2752221658586826,0.2046446006152371,0.3244277458120096,0.3301847792086839,0.3374078691430339,0.2664552270617765,0.3247788117127698,0.31660106609071,0.3378719626825593,0.3047576122132784,0.3419741353060141,0.2414419173619676,0.2465457358980161,0.222000352409735,0.3493384340944557,0.1993097144912307,0.3492030291175541,0.3523850369224742,0.3121363155260159,0.3561786023176297,0.3320205963108203,0.3656449784743047,0.3268661429472565,0.3497726836676386,0.3202270147476359,0.2279643629537839,0.3445907634003784,0.3390332471324888,0.3371240851104683,0.326063132033128,0.3447567964996309,0.3124376377290226,0.3172265204028388
0.3216352242023536,0.3554461804899274,0.0,0.0,0.0,0.0,0.0,0.0,0.0,0.3251081203127451,0.0,0.3485664332390457,0.0,0.0,0.3309682539933483,0.3446964589788057,0.3214117124754092,0.3170861654916767,0.0,0.0,0.3515219399932855,0.3607777947251396,0.3696640113165386,0.3097995384946013,0.3243069031158595,0.3367944742864234,0.4266164099743521,0.0,0.0,0.0,0.2141653551009634,0.228354482231139,0.2121010054266783,0.2298439782020699,0.2124211634065095,0.0,0.0,0.2063875902075047,0.2719169726100367,0.0,0.2227439021577187,0.2912799548406453,0.3356460252231122,0.2410468496951511,0.1639115443008271,0.2682963379921615,0.2863981659890471,0.0,0.0,0.0,0.2961256394355137,0.287859607855212,0.0,0.0,0.2243434737568878,0.0,0.2153248244806026,0.3128918705488743,0.0,0.31159800933548,0.2999130356816445,0.2591741055619656,0.2920367879485873,0.0,0.3145120033986155,0.2773755074965235,0.3077999688607871,0.2715669475326224,0.2073531687145379,0.2738642859959841,0.2869471709306343,0.3003218616840762,0.2827937589662034,0.2631685046688549,0.0,0.2445753503833121
0.3204134351876785,0.331104294072444,0.0,0.0,0.0,0.4156247188812725,0.0,0.0,0.0,0.2959139322698981,0.0,0.317813439052423,0.0,0.0,0.3927879120491523,0.3534129214813892,0.0,0.3125237296082221,0.0,0.4042132171736667,0.38721431701523,0.3704119829573595,0.4059256257241465,0.3113238373999848,0.3145465332767371,0.3572575658152996,0.4232583083265914,0.0,0.4177798902191268,0.0,0.3074428366794454,0.2649587310324759,0.2234763116843586,0.2619679537991699,0.2666265677321964,0.2625867153761125,0.2250026275989823,0.2131366888963836,0.3007993979052158,0.2227439021577187,0.0,0.2756007316287526,0.3532334130823347,0.2915997981332317,0.1908621796874252,0.2634605019000774,0.3014757637315366,0.3503958341113285,0.2949634063799679,0.3148320389643322,0.3466705180966443,0.2934048195101886,0.3418657905610593,0.3680913220981421,0.2705077105385722,0.3758065118865578,0.2330812038511624,0.3068697145793617,0.191253033499374,0.3538554309264859,0.3001071078325745,0.2765855576407481,0.3101773302935078,0.3445521987564952,0.3569524480236187,0.3315843041515831,0.3352921246109558,0.3427968045029076,0.2069963995564689,0.2907684588962148,0.3054683253055621,0.3484042275848336,0.2959675848464365,0.3302841634919206,0.2563785110624539,0.2186563207166614
0.0,0.3567744845181441,0.0,0.0,0.0,0.4602889236101798,0.0,0.0,0.0,0.0,0.0,0.0,0.0,0.0,0.3918651696794877,0.3483089588600509,0.0,0.2984990484425691,0.0,0.4062812836032577,0.3677499333862496,0.3856359340626386,0.4133308225185938,0.0,0.3050038313399579,0.3337390256845675,0.4245674786410021,0.0,0.4435925282306327,0.0,0.0,0.2854299081052486,0.2663526606679362,0.2261002220830151,0.3326580259941206,0.2615923300187514,0.2767818546992672,0.0,0.265501820582839,0.2912799548406453,0.2756007316287526,0.0,0.3244339294367746,0.2920445244823931,0.224490542665712,0.294615820692433,0.280689262082469,0.3751137380119855,0.2451258204856303,0.2617649705268634,0.339627830818283,0.2753405905393815,0.3542071106257974,0.3714361420249352,0.2617508916184901,0.3578252944716582,0.2643784389249008,0.2882110919699228,0.0,0.3773384662837293,0.3018928290233604,0.2175376465792124,0.3277097622550978,0.3611565148925063,0.3895093187209141,0.385383470126569,0.3775983178688543,0.3238153769078116,0.1187407696253002,0.3105956355099286,0.3265945102435365,0.3285014049161029,0.2935280675442123,0.3599655320513024,0.2753134258995153,0.2186902596392539
0.0,0.0,0.4118340571088383,0.0,0.0,0.4034544202365346,0.0,0.3376432854260077,0.4196870653632353,0.0,0.3229031898523928,0.0,0.0,0.0,0.4311624325718852,0.0,0.0,0.0,0.3595861059074686,0.0,0.0,0.4622622464676924,0.4053475340668223,0.0,0.0,0.0,0.4172029889585172,0.0,0.43981539256415,0.0,0.0,0.2606675861442431,0.0,0.0,0.0,0.244775442701928,0.3159380437761704,0.0,0.2392005517940147,0.3356460252231122,0.3532334130823347,0.3244339294367746,0.0,0.1845300107246225,0.2633200684031584,0.0,0.0,0.3215108729516308,0.154658135088112,0.1858397928713164,0.3560462871202851,0.2199968769909302,0.2755292189696064,0.3336938660223931,0.2931113367291622,0.2202965492669856,0.24091834903304,0.2358382020883585,0.1694833283439944,0.4214235172103627,0.0,0.2857155124724175,0.0,0.3112202020752832,0.4251857507564336,0.3543685434135346,0.4233036110226778,0.2926578291623465,0.3788831962869987,0.253554951217747,0.3621408538757201,0.353817462136778,0.2233823968732818,0.3824184661327703,0.0,0.2759140056441638
