0.0,0.4022695929635825,0.0,0.0,0.0,0.441136300512129,0.0,0.5224279607402781,0.0,0.4241657942335411,0.0,0.4021320754532507,0.0,0.0,0.3844246532434053,0.4225906093146717,0.3499968740973269,0.3733501176666656,0.0,0.4250646378739602,0.4338567209798506,0.4395940527794881,0.4606688110523934,0.3856100198850372,0.3674410643627645,0.3737537575156235,0.4341631011332985,0.4856618316498539,0.4653662227160768,0.0,0.4082640632654188,0.4600864157725551,0.3599790122416853,0.4085079190442559,0.4678469901119522,0.0,0.0,0.0,0.4355187488589637,0.3588837084456607,0.4241923838116971,0.0,0.0,0.0,0.0,0.3261328087421068,0.4034643201952038,0.0,0.0,0.0,0.0,0.0,0.0,0.0,0.3946588832872684,0.0,0.0,0.0,0.0,0.0,0.4188302735320798,0.0,0.3683669868282027,0.0,0.0,0.2478311303048019,0.4478928092260374,0.0,0.3647137874865,0.383098155205237,0.4074885481964086,0.0,0.0,0.0,0.0,0.0
0.4022695929635825,0.0,0.0,0.0,0.4506213617797296,0.4293548485689622,0.4560855258118297,0.4838148119894054,0.4152812460256693,0.0,0.0,0.0,0.4746798545082904,0.0,0.4192722680134043,0.4135990397303838,0.0,0.4049215820174946,0.0,0.4249647302182917,0.4251297640420886,0.3954610646517136,0.4190634183134342,0.0,0.3704333077499802,0.4049479170858439,0.4087511506731348,0.4586315441265589,0.4404490129951728,0.0,0.4020019916016087,0.5042934317243981,0.3934542175048224,0.4294989318573767,0.4655495440677278,0.0,0.0,0.0,0.4755520465206233,0.4387089183465237,0.4984095204824466,0.5075434672112054,0.0,0.0,0.0,0.4235502758909497,0.4748909593999315,0.0,0.0,0.0,0.0,0.0,0.0,0.0,0.0,0.0,0.0,0.0,0.0,0.4929179032455993,0.4583574930362715,0.0,0.4278128866809333,0.0,0.4705629018647868,0.4350019667630075,0.5098709265634715,0.0,0.0,0.4268567935399248,0.4551873213786592,0.4681421589813102,0.0,0.4734669133708903,0.0,0.4375440912199715
0.0,0.0,0.0,0.0,0.379809340592064,0.3855858576551932,0.3959051244949323,0.4417113926104769,0.3420937128100939,0.0,0.3834144277279959,0.0,0.4054555627673924,0.3819297569471226,0.0,0.0,0.0,0.0,0.3577401359432225,0.0,0.0,0.0,0.361787062928838,0.0,0.0,0.0,0.3679046126440665,0.4266503992338253,0.0,0.0,0.0,0.0,0.0,0.0,0.0,0.3362464663368167,0.0,0.0,0.0,0.0,0.0,0.0,0.4265715517567667,0.0,0.0,0.0,0.0,0.4579135844335679,0.0,0.0,0.4793074741459321,0.0,0.0,0.4841168783181233,0.0,0.4194330220519143,0.0,0.0,0.5076502031629382,0.0,0.0,0.0,0.0,0.4287703672893986,0.0,0.0,0.0,0.4577228393159884,0.0,0.0,0.0,0.4927138580877278,0.0,0.0,0.0,0.0
0.0,0.0,0.0,0.0,0.2830126112053809,0.3802753440397789,0.3623613305027653,0.0,0.0,0.2236490194477084,0.0,0.0,0.323876454626656,0.2428899955057344,0.0,0.0,0.0,0.0,0.0,0.0,0.0,0.0,0.3888742320334436,0.0,0.0,0.0,0.0,0.2595623947149627,0.0,0.0,0.0,0.2702163913325497,0.0,0.220398496758704,0.2381169706531661,0.1835386469983373,0.1721909305887291,0.0,0.0,0.0,0.0,0.0,0.0,0.0,0.0,0.0,0.0,0.0,0.0,0.0,0.0,0.0,0.0,0.0,0.0,0.0,0.0,0.0,0.0,0.0,0.0,0.0,0.0,0.0,0.0,0.0,0.0,0.0,0.0,0.0,0.0,0.0,0.0,0.0,0.0,0.0
0.0,0.4506213617797296,0.379809340592064,0.2830126112053809,0.0,0.3850223907899585,0.3795636840160523,0.4075115979829782,0.3789067988666515,0.0,0.3945514663444643,0.0,0.397784406115313,0.3126654339461925,0.0,0.0,0.0,0.0,0.3903164203039063,0.4182373529312044,0.0,0.4607980147299457,0.3916743551848597,0.0,0.4565536456709367,0.0,0.39613708591233,0.405034396101055,0.4359558152176682,0.0,0.4321908653892736,0.3713712143836132,0.0,0.4147147074486468,0.4615069561408445,0.246260897507774,0.3798110556261073,0.0,0.0,0.0,0.0,0.0,0.3684432083856634,0.0,0.0,0.0,0.0,0.5041134607795431,0.0,0.0,0.0,0.0,0.0,0.5219675932795337,0.0,0.4305432919260083,0.0,0.0,0.0,0.0,0.0,0.0,0.0,0.0,0.0,0.0,0.0,0.4715261213361955,0.0,0.0,0.0,0.4898864853860692,0.0,0.0,0.0,0.0
0.441136300512129,0.4293548485689622,0.3855858576551932,0.3802753440397789,0.3850223907899585,0.0,0.4093546139113712,0.3990107900229018,0.3613185163442902,0.0,0.365838974658472,0.0,0.4079495340110867,0.3761720875337592,0.4143908919505033,0.4407227305452035,0.0,0.4284724803404292,0.3487948371420656,0.4158238037189674,0.4031024388911185,0.4315518293032398,0.4011832227434796,0.0,0.4103432918299664,0.4218744439963643,0.376469213365338,0.3872381877357542,0.3681963419561331,0.407573834983841,0.4214012024806964,0.4081605892656199,0.0,0.4350007850634468,0.4679678576507889,0.3940942533198684,0.3892309049430515,0.0,0.4744459914189469,0.0,0.4908405442576459,0.0,0.4225413638904671,0.0,0.0,0.0,0.0,0.4885727776261767,0.0,0.0,0.4664548626017252,0.4956051271418972,0.449537744615421,0.4772912169383308,0.0,0.4527638967833942,0.0,0.4845008957211372,0.0,0.4777797428435788,0.0,0.0,0.0,0.4879570082273267,0.4483265541557583,0.0,0.4881020330935691,0.4723418253025312,0.0,0.0,0.0,0.4749770495627006,0.4775743253169274,0.4615948093572554,0.0,0.4938914538140588
0.0,0.4560855258118297,0.3959051244949323,0.3623613305027653,0.3795636840160523,0.4093546139113712,0.0,0.4167663285876242,0.3802600941016849,0.0,0.4033734284280532,0.0,0.3724270536092817,0.3732096422379851,0.0,0.4735043485912011,0.0,0.4736502170047836,0.3863282823280025,0.4548331686661706,0.0,0.4856572724373676,0.410124801237371,0.0,0.4478628074613133,0.4588794927990196,0.4196713119266326,0.4058752958138573,0.4545012715866233,0.0,0.4213640935578529,0.3638309059232908,0.0,0.4175469060739566,0.577325448862622,0.3504391467976873,0.3495154569622677,0.0,0.0,0.0,0.0,0.0,0.0,0.0,0.0,0.0,0.0,0.0,0.0,0.0,0.5050488432679474,0.0,0.0,0.0,0.0,0.0,0.0,0.0,0.0,0.0,0.0,0.0,0.0,0.0,0.0,0.0,0.0,0.473550324656583,0.0,0.0,0.0,0.4901464190400094,0.0,0.0,0.0,0.0
0.5224279607402781,0.4838148119894054,0.4417113926104769,0.0,0.4075115979829782,0.3990107900229018,0.4167663285876242,0.0,0.4185272289836286,0.0,0.3821962877958209,0.0,0.4285314972640955,0.3477544473646159,0.337626508871865,0.4963675503091054,0.0,0.4817577746109857,0.4033511489580365,0.3901091002634206,0.4164135329850341,0.4677290131242643,0.3807369625789926,0.5279477488882511,0.4900975360333517,0.4849003695591887,0.4139245932415146,0.4280776662957404,0.4076352592279877,0.4384148965622249,0.4482105730322515,0.3963714049679052,0.4791089794699056,0.4662146863812509,0.4607227202845466,0.2630594675228915,0.4263624228861489,0.0,0.4832681747090261,0.0,0.5083793088426328,0.0,0.3608393487040415,0.0,0.0,0.0,0.0,0.4796549600075449,0.0,0.4877026347960012,0.460067118527498,0.4864475420296116,0.3997507698188704,0.4802082225432497,0.0,0.4234489241809036,0.0,0.4659746083532176,0.4120046350901634,0.0,0.0,0.0,0.0,0.4784485232105173,0.0,0.0,0.0,0.4588579103886589,0.0,0.0,0.0,0.4809981553120911,0.4732906675088549,0.4532239871761767,0.0,0.0
0.0,0.4152812460256693,0.3420937128100939,0.0,0.3789067988666515,0.3613185163442902,0.3802600941016849,0.4185272289836286,0.0,0.0,0.3711094635190964,0.0,0.3820031110788675,0.4014665907862695,0.0,0.0,0.0,0.0,0.3083469929836369,0.3898110788844068,0.0,0.4181595229918272,0.3753775455187265,0.0,0.0,0.0,0.3479691184744554,0.3950273848770533,0.4015238318928954,0.0,0.3841648505288203,0.3679746946785197,0.0,0.3998757094681026,0.3928170133952345,0.0,0.3728655843743094,0.0,0.0,0.0,0.0,0.0,0.0,0.0,0.0,0.0,0.0,0.4855657241846045,0.0,0.0,0.4676769093286089,0.0,0.4308224882553593,0.5091110320191232,0.0,0.4282311979964141,0.0,0.0,0.4103052977068431,0.0,0.0,0.0,0.0,0.4715786412262496,0.0,0.0,0.0,0.4514916481532957,0.0,0.0,0.0,0.4489225823198705,0.0,0.0,0.0,0.0
0.4241657942335411,0.0,0.0,0.2236490194477084,0.0,0.0,0.0,0.0,0.0,0.0,0.0,0.3086769521220015,0.4151582476477028,0.0,0.0,0.3825828145864136,0.3179750546250495,0.3428200767182318,0.0,0.0,0.0,0.4221721715500587,0.4012348729494388,0.3253763769912619,0.339948668273425,0.3453526195499891,0.0,0.4059264277625416,0.0,0.0,0.3431443775979085,0.315124969229572,0.3127067201812067,0.31931493634659,0.3201851818127374,0.2605378345261213,0.2555010273750508,0.3050985008468013,0.3682235467095789,0.339301411283706,0.3674173051266427,0.0,0.0,0.0,0.3499289374063332,0.0,0.0,0.0,0.0,0.0,0.0,0.0,0.0,0.0,0.4027941412219303,0.0,0.4055625237556173,0.0,0.0,0.0,0.0,0.3784305445614565,0.3670752150152591,0.0,0.0,0.0,0.0,0.0,0.4116762083894631,0.376134757281902,0.4069825123500522,0.0,0.0,0.0,0.0,0.3868552173262282
0.0,0.0,0.3834144277279959,0.0,0.3945514663444643,0.365838974658472,0.4033734284280532,0.3821962877958209,0.3711094635190964,0.0,0.0,0.0,0.4026675044225152,0.2924257576730596,0.0,0.0,0.0,0.0,0.3352379339066638,0.0,0.0,0.0,0.383907614540855,0.0,0.0,0.0,0.3715345193714596,0.4084516775548423,0.0,0.0,0.4125564612290372,0.2809399783633822,0.0,0.4066126108294144,0.0,0.2724787721055413,0.3952503698029649,0.0,0.0,0.0,0.0,0.0,0.3784709117686523,0.0,0.0,0.0,0.0,0.4385549787840136,0.0,0.3908431871032534,0.4591889517475447,0.0,0.4533999893244367,0.4585831851285841,0.0,0.3733520175039049,0.0,0.0,0.392971623227754,0.0,0.0,0.0,0.0,0.389293732654528,0.0,0.0,0.0,0.456048094923182,0.0,0.0,0.0,0.4418693645681967,0.0,0.0,0.0,0.0
0.4021320754532507,0.0,0.0,0.0,0.0,0.0,0.0,0.0,0.0,0.3086769521220015,0.0,0.0,0.0,0.0,0.0,0.0,0.349495962802561,0.3412416999272294,0.0,0.0,0.0,0.0,0.0,0.2923243698203345,0.3468605052908478,0.3312537588818635,0.0,0.3555648361064289,0.0,0.0,0.3567823564978984,0.285828051571756,0.2896935471771875,0.2545516389751207,0.2977980900243485,0.2511461607724767,0.2750934416923059,0.262039584202314,0.3364705614509335,0.3298938907058569,0.3696039789541558,0.0,0.0,0.0,0.0,0.0,0.0,0.0,0.0,0.0,0.0,0.0,0.0,0.0,0.3960319607277344,0.0,0.3881537655148247,0.0,0.0,0.0,0.0,0.3858649740897555,0.3470914460173014,0.0,0.0,0.0,0.0,0.0,0.4232139364943581,0.3846126843714173,0.4084010470195348,0.0,0.0,0.0,0.0,0.3991398767181981
0.0,0.4746798545082904,0.4054555627673924,0.323876454626656,0.397784406115313,0.4079495340110867,0.3724270536092817,0.4285314972640955,0.3820031110788675,0.4151582476477028,0.4026675044225152,0.0,0.0,0.3648805252790617,0.4444859008425782,0.4894123186123017,0.0,0.4694678763890068,0.3929543973443331,0.4562882923507234,0.4568116071632518,0.4892454060220074,0.4227474358737547,0.0,0.4585500697829183,0.4735859427606972,0.4285317542390512,0.3605279615962272,0.4215866747357399,0.3560869329698476,0.4001736050843922,0.361575351485757,0.0,0.4134397584037238,0.4626567245950452,0.3419568126687128,0.3535819299384249,0.0,0.5047930565999706,0.0,0.0,0.0,0.0,0.0,0.0,0.0,0.0,0.0,0.0,0.0,0.4935440653662253,0.0,0.0,0.0,0.0,0.0,0.0,0.0,0.0,0.0,0.0,0.0,0.0,0.0,0.0,0.0,0.0,0.4885501996342976,0.0,0.0,0.0,0.4852482423751996,0.0,0.5190481242335221,0.0,0.0
0.0,0.0,0.3819297569471226,0.2428899955057344,0.3126654339461925,0.3761720875337592,0.3732096422379851,0.3477544473646159,0.4014665907862695,0.0,0.2924257576730596,0.0,0.3648805252790617,0.0,0.0,0.0,0.0,0.0,0.3445029219854221,0.0,0.4562084075902886,0.0,0.3941385465960343,0.0,0.0,0.0,0.0,0.3792041611481522,0.0,0.0,0.0,0.1806385582031738,0.0,0.0,0.0,0.1947512027036252,0.1664428368164724,0.0,0.0,0.0,0.0,0.0,0.3336517094483858,0.0,0.0,0.0,0.0,0.4349059396661238,0.0,0.0,0.0,0.0,0.0,0.0,0.0,0.4010987072290156,0.0,0.0,0.0,0.0,0.0,0.0,0.0,0.0,0.0,0.0,0.0,0.4245142956640252,0.0,0.0,0.0,0.0,0.0,0.0,0.0,0.0
0.3844246532434053,0.4192722680134043,0.0,0.0,0.0,0.4143908919505033,0.0,0.337626508871865,0.0,0.0,0.0,0.0,0.4444859008425782,0.0,0.0,0.4468547920367839,0.0,0.4320921711138343,0.0,0.3404031873719823,0.3662971761865078,0.3200140272374366,0.3810335677632491,0.4779568756433861,0.4109818020251674,0.3750509426531626,0.4069617197159894,0.4062962969431619,0.4462937863529634,0.0,0.4484256368536315,0.4735088706390513,0.4103942706160317,0.4765504393352526,0.5224611175933993,0.499578051024269,0.0,0.0,0.4943911028439934,0.4632447012408326,0.4881381130992898,0.5240607053271312,0.0,0.0,0.0,0.0,0.0,0.0,0.0,0.0,0.4557790399471879,0.0,0.0,0.0,0.0,0.0,0.0,0.0,0.0,0.3333348646543461,0.0,0.0,0.0,0.0,0.4179641739868144,0.4290668027241316,0.3785862091759046,0.4535761766002744,0.0,0.0,0.507630644126369,0.4446760721496146,0.4964719202217329,0.459897482748101,0.0,0.4739676186544677
0.4225906093146717,0.4135990397303838,0.0,0.0,0.0,0.4407227305452035,0.4735043485912011,0.4963675503091054,0.0,0.3825828145864136,0.0,0.0,0.4894123186123017,0.0,0.4468547920367839,0.0,0.3691514852358409,0.3828633353983387,0.0,0.4289225127682651,0.4562354605250734,0.3886628094749598,0.4525900591866935,0.3711235293290945,0.3924115919956082,0.4438934989919144,0.4247040604698732,0.4623725145891356,0.4517573462089873,0.40821597386237,0.3703382266535909,0.5049811028202715,0.4233736811456222,0.4206140751520283,0.5191388156989536,0.0,0.0,0.0,0.4949044401782028,0.4291290470826663,0.4560774201627082,0.487030384042502,0.0,0.0,0.0,0.4336676433214306,0.4658796280213031,0.0,0.0,0.0,0.0,0.0,0.0,0.0,0.0,0.0,0.0,0.0,0.0,0.0,0.4581085325795374,0.0,0.4096509136118325,0.0,0.0,0.0,0.4816304891023837,0.0,0.0,0.4167449603769704,0.4540785942606684,0.0,0.0,0.0,0.0,0.4069201942897716
0.3499968740973269,0.0,0.0,0.0,0.0,0.0,0.0,0.0,0.0,0.3179750546250495,0.0,0.349495962802561,0.0,0.0,0.0,0.3691514852358409,0.0,0.354803499594312,0.0,0.4166165270954246,0.0,0.3972540131082412,0.0,0.3237077599824322,0.3394224572335715,0.3381010510844102,0.0,0.4077746152236859,0.0,0.0,0.3314904950235452,0.400759730823412,0.3267278850374009,0.3689413723265339,0.3923128215952603,0.0,0.0,0.0,0.0,0.3570077826077878,0.4109400092918815,0.0,0.0,0.0,0.0,0.0,0.0,0.0,0.0,0.0,0.0,0.0,0.0,0.0,0.3845176738336941,0.0,0.4083571352642355,0.0,0.0,0.0,0.0,0.3808919554726052,0.3755051018715133,0.0,0.0,0.0,0.0,0.0,0.4014544089345681,0.3466957048260626,0.3922958692113857,0.0,0.0,0.0,0.0,0.0
0.3733501176666656,0.4049215820174946,0.0,0.0,0.0,0.4284724803404292,0.4736502170047836,0.4817577746109857,0.0,0.3428200767182318,0.0,0.3412416999272294,0.4694678763890068,0.0,0.4320921711138343,0.3828633353983387,0.354803499594312,0.0,0.0,0.4262365461709757,0.4357917469140379,0.4219028639271263,0.4423597857553541,0.3235177659523991,0.3612257502801111,0.3790994587189859,0.4220574753518905,0.4556937342212767,0.450874456105834,0.0,0.3603670113427016,0.4336838375485782,0.3407114989176218,0.3920557469803471,0.4370726655479423,0.0,0.0,0.0,0.4110555572661143,0.3683321002097207,0.4061669626010594,0.4235267149725412,0.0,0.0,0.0,0.3977524524024432,0.416552610848961,0.0,0.0,0.0,0.0,0.0,0.0,0.0,0.3749365930840059,0.0,0.3944288923670397,0.0,0.0,0.0,0.4183355822748083,0.3347947609388503,0.3785527820863162,0.0,0.0,0.0,0.4624552998679082,0.0,0.3980785498939751,0.3794694477059546,0.3884337683870175,0.0,0.0,0.0,0.0,0.3935835657447404
0.0,0.0,0.3577401359432225,0.0,0.3903164203039063,0.3487948371420656,0.3863282823280025,0.4033511489580365,0.3083469929836369,0.0,0.3352379339066638,0.0,0.3929543973443331,0.3445029219854221,0.0,0.0,0.0,0.0,0.0,0.0,0.0,0.0,0.3247063561330677,0.0,0.0,0.0,0.3654137394558257,0.3871747709210886,0.0,0.0,0.0,0.0,0.0,0.0,0.0,0.3079358969774531,0.3904667329550013,0.0,0.0,0.0,0.0,0.0,0.0,0.0,0.0,0.0,0.0,0.4496065368215975,0.0,0.0,0.4669596813696233,0.0,0.4402666899034619,0.472574195006919,0.0,0.3941738254099144,0.0,0.0,0.4229057662457694,0.0,0.0,0.0,0.0,0.4571248257141942,0.0,0.0,0.0,0.4716245219815059,0.0,0.0,0.0,0.4681361494903967,0.0,0.0,0.0,0.0
0.4250646378739602,0.4249647302182917,0.0,0.0,0.4182373529312044,0.4158238037189674,0.4548331686661706,0.3901091002634206,0.3898110788844068,0.0,0.0,0.0,0.4562882923507234,0.0,0.3404031873719823,0.4289225127682651,0.4166165270954246,0.4262365461709757,0.0,0.0,0.4057001951290921,0.4007197785313187,0.3105460082528685,0.0,0.4071007723349261,0.4344937713921571,0.3546797585120185,0.4047004901364652,0.3920170426025375,0.3690186772334802,0.3937071594688825,0.4690989941428529,0.4197223549855821,0.4480943137497317,0.5102159505404589,0.0,0.0,0.0,0.4769643746996637,0.4767096088786199,0.4914972765804102,0.5116551017658992,0.0,0.0,0.0,0.0,0.4779781228286862,0.0,0.0,0.0,0.4647122788829931,0.0,0.0,0.0,0.0,0.0,0.0,0.0,0.0,0.4719980428136209,0.0,0.0,0.0,0.0,0.4500597833840957,0.4433919512983123,0.4936651730688858,0.4591594444702361,0.0,0.0,0.4970793185555417,0.4579491691479224,0.4855972988601179,0.4664972524570723,0.0,0.4885722203037582
0.4338567209798506,0.4251297640420886,0.0,0.0,0.0,0.4031024388911185,0.0,0.4164135329850341,0.0,0.0,0.0,0.0,0.4568116071632518,0.4562084075902886,0.3662971761865078,0.4562354605250734,0.0,0.4357917469140379,0.0,0.4057001951290921,0.0,0.429404501341053,0.3865260770504135,0.5063251882713276,0.4209444050340786,0.3848974708825771,0.3996664258631787,0.4477390731695844,0.434081030032825,0.4664289089617708,0.4875730936926591,0.4686825662305117,0.4013834484181068,0.4695896245081789,0.5059614892661833,0.5360967868708507,0.0,0.0,0.4686307725025571,0.3970668843791021,0.4669028595195958,0.51388183596043,0.0,0.0,0.0,0.4117962512367745,0.4383491315886897,0.0,0.0,0.0,0.4161175758182723,0.0,0.2373800834610238,0.0,0.0,0.0,0.0,0.0,0.0,0.4423394336969097,0.4461074662779552,0.0,0.0,0.0,0.4077889378830967,0.2124013304411247,0.447361449348202,0.4222871398602353,0.0,0.0,0.4618768984146499,0.4270714107160589,0.4833276115101609,0.3958009696281357,0.0,0.4485266047603757
0.4395940527794881,0.3954610646517136,0.0,0.0,0.4607980147299457,0.4315518293032398,0.4856572724373676,0.4677290131242643,0.4181595229918272,0.4221721715500587,0.0,0.0,0.4892454060220074,0.0,0.3200140272374366,0.3886628094749598,0.3972540131082412,0.4219028639271263,0.0,0.4007197785313187,0.429404501341053,0.0,0.4243698770719276,0.0,0.4068410382472649,0.4213461983017885,0.4248129895273936,0.462731411545812,0.437979292263025,0.4328147632320902,0.3923085551997897,0.4889060204618394,0.4419076667187454,0.4608543029482816,0.5164654344161825,0.5437638045414496,0.4626715465469433,0.0,0.5029103281227112,0.4759688832472773,0.5074189673138063,0.5347979876499049,0.0,0.0,0.0,0.4483006547673761,0.4900746694222967,0.0,0.0,0.0,0.4714065235904501,0.0,0.0,0.0,0.0,0.0,0.0,0.0,0.0,0.5036037804009242,0.4689207198847469,0.0,0.4977542410846713,0.0,0.4798956109430201,0.4559657893200354,0.5006757027677767,0.4624975291681223,0.0,0.4487004884096622,0.5086633672272384,0.4679997255660262,0.0,0.4742166154694384,0.0,0.4849212372289056
0.4606688110523934,0.4190634183134342,0.361787062928838,0.3888742320334436,0.3916743551848597,0.4011832227434796,0.410124801237371,0.3807369625789926,0.3753775455187265,0.4012348729494388,0.383907614540855,0.0,0.4227474358737547,0.3941385465960343,0.3810335677632491,0.4525900591866935,0.0,0.4423597857553541,0.3247063561330677,0.3105460082528685,0.3865260770504135,0.4243698770719276,0.0,0.5037389782020215,0.4426642508493414,0.4397465208649183,0.3602392065371316,0.4230203274278681,0.4060758224994003,0.4178060329937411,0.4276783491132968,0.4166109433719323,0.381224065781665,0.4497928475347741,0.4576808560744481,0.4148620618895171,0.4046006301322034,0.0,0.4761702991132576,0.3717636833038122,0.4916490755135157,0.4964609717490897,0.4007043861170533,0.0,0.0,0.0,0.0,0.4874913748122667,0.0,0.5119865814453497,0.4761711664521946,0.4862641154360156,0.4850390784068671,0.4933045086143689,0.0,0.4945241208908411,0.0,0.4778951960219864,0.4985578144365333,0.4485447833557117,0.0,0.0,0.0,0.4864274587627338,0.4423162397509463,0.4327242278630139,0.4668165410279861,0.4801519452381796,0.0,0.0,0.0,0.4816663986776999,0.479045867157404,0.4603512927488832,0.501367881157071,0.4929548144328926
0.3856100198850372,0.0,0.0,0.0,0.0,0.0,0.0,0.5279477488882511,0.0,0.3253763769912619,0.0,0.2923243698203345,0.0,0.0,0.4779568756433861,0.3711235293290945,0.3237077599824322,0.3235177659523991,0.0,0.0,0.5063251882713276,0.0,0.5037389782020215,0.0,0.3257485940540047,0.3477257425060061,0.5249586622141837,0.3733519842408463,0.0,0.0,0.3716473618970827,0.3701040579671435,0.2507050855880318,0.2776104411816503,0.3072455712091997,0.0,0.0,0.2483798714443618,0.4061520012263006,0.3256888230084538,0.3742505092937309,0.0,0.0,0.0,0.3086928158749731,0.3945976454428318,0.0,0.0,0.0,0.0,0.0,0.0,0.0,0.0,0.3880467435157891,0.0,0.3809685564490923,0.0,0.0,0.0,0.0,0.380912430001631,0.3735062889329179,0.0,0.0,0.0,0.0,0.0,0.4110881359166393,0.3797333458685074,0.388850819199412,0.0,0.0,0.0,0.0,0.3898126518021551
0.3674410643627645,0.3704333077499802,0.0,0.0,0.4565536456709367,0.4103432918299664,0.4478628074613133,0.4900975360333517,0.0,0.339948668273425,0.0,0.3468605052908478,0.4585500697829183,0.0,0.4109818020251674,0.3924115919956082,0.3394224572335715,0.3612257502801111,0.0,0.4071007723349261,0.4209444050340786,0.4068410382472649,0.4426642508493414,0.3257485940540047,0.0,0.3765783075303799,0.4032994836791317,0.4502886617006843,0.4291962975076714,0.0,0.3655495834681752,0.4279312720334446,0.3278262068653242,0.3809270763654314,0.4182679797152079,0.0,0.0,0.2992689632327391,0.4200164332989937,0.3724056904839847,0.4015414338346993,0.4183835603383066,0.0,0.0,0.0,0.389262416236517,0.396876107257436,0.0,0.0,0.0,0.0,0.0,0.0,0.0,0.3893409931736373,0.0,0.3977875743093719,0.0,0.0,0.0,0.4140135669642461,0.3632730111696919,0.3808005909130039,0.0,0.0,0.0,0.430551390352366,0.0,0.3945788675313766,0.3807264413661892,0.3977639222810475,0.0,0.0,0.0,0.0,0.3957267498545269
0.3737537575156235,0.4049479170858439,0.0,0.0,0.0,0.4218744439963643,0.4588794927990196,0.4849003695591887,0.0,0.3453526195499891,0.0,0.3312537588818635,0.4735859427606972,0.0,0.3750509426531626,0.4438934989919144,0.3381010510844102,0.3790994587189859,0.0,0.4344937713921571,0.3848974708825771,0.4213461983017885,0.4397465208649183,0.3477257425060061,0.3765783075303799,0.0,0.4395039686651498,0.4287261011208464,0.4442656357092894,0.0,0.4078832066195613,0.4709942590026973,0.3676961037229813,0.4351789249255231,0.4878132445232164,0.5179337316141495,0.0,0.3131412581699164,0.4273837346020901,0.3771182350120815,0.3930864984865935,0.4200423574816274,0.0,0.0,0.0,0.4099980998263732,0.4654026075427014,0.0,0.0,0.0,0.0,0.0,0.0,0.0,0.4058769761244472,0.0,0.4051601366272343,0.0,0.0,0.4979877448487572,0.4295374857273038,0.3697647412810972,0.3745343035516023,0.0,0.4830157726039836,0.4215030079070599,0.495422921614818,0.478854427437517,0.4020364143801379,0.378608934249608,0.4075894171268678,0.0,0.0,0.0,0.0,0.3959760482001634
0.4341631011332985,0.4087511506731348,0.3679046126440665,0.0,0.39613708591233,0.376469213365338,0.4196713119266326,0.4139245932415146,0.3479691184744554,0.0,0.3715345193714596,0.0,0.4285317542390512,0.0,0.4069617197159894,0.4247040604698732,0.0,0.4220574753518905,0.3654137394558257,0.3546797585120185,0.3996664258631787,0.4248129895273936,0.3602392065371316,0.5249586622141837,0.4032994836791317,0.4395039686651498,0.0,0.4192075661733589,0.3865129628158455,0.4105423050519985,0.4136020931808467,0.4372451588045931,0.3793960248717035,0.4438103936792103,0.4618033535071943,0.4690089737925493,0.4098773992909484,0.0,0.4792430994735315,0.0,0.4968212240697345,0.5043877763101532,0.4336978541570063,0.0,0.0,0.0,0.0,0.0,0.0,0.0,0.4696148096526112,0.4971064948505037,0.4530033935271111,0.4848199458362692,0.0,0.4448540042108679,0.0,0.4828717202842436,0.0,0.4528821909290156,0.0,0.0,0.0,0.5002267160464982,0.0,0.437338936545432,0.4639551540894132,0.4733843147359488,0.0,0.0,0.0,0.4745270580936264,0.4866792777327328,0.4679551776852632,0.5147659087456802,0.4893501194493753
0.4856618316498539,0.4586315441265589,0.4266503992338253,0.2595623947149627,0.405034396101055,0.3872381877357542,0.4058752958138573,0.4280776662957404,0.3950273848770533,0.4059264277625416,0.4084516775548423,0.3555648361064289,0.3605279615962272,0.3792041611481522,0.4062962969431619,0.4623725145891356,0.4077746152236859,0.4556937342212767,0.3871747709210886,0.4047004901364652,0.4477390731695844,0.462731411545812,0.4230203274278681,0.3733519842408463,0.4502886617006843,0.4287261011208464,0.4192075661733589,0.0,0.3551910048156769,0.3025251513246028,0.382132482154198,0.3414982895354699,0.3096759380556333,0.3772777716235452,0.3482163583989168,0.2676473423851902,0.3130473418346459,0.2960529196947785,0.4160076658973275,0.0,0.5282403690436114,0.0,0.5184145538372644,0.0,0.0,0.0,0.0,0.0,0.0,0.0,0.4784288444223391,0.0,0.4744010091579271,0.0,0.0,0.0,0.0,0.0,0.0,0.510833730675999,0.0,0.0,0.0,0.0,0.4735462494714528,0.0,0.0,0.4849612093634953,0.0,0.0,0.0,0.4876241045754454,0.5054533999870195,0.4845094946145785,0.0,0.5288345077179419
0.4653662227160768,0.4404490129951728,0.0,0.0,0.4359558152176682,0.3681963419561331,0.4545012715866233,0.4076352592279877,0.4015238318928954,0.0,0.0,0.0,0.4215866747357399,0.0,0.4462937863529634,0.4517573462089873,0.0,0.450874456105834,0.0,0.3920170426025375,0.434081030032825,0.437979292263025,0.4060758224994003,0.0,0.4291962975076714,0.4442656357092894,0.3865129628158455,0.3551910048156769,0.0,0.3487447350831397,0.376719001285863,0.4967275783017787,0.4527118570004707,0.4393598136554806,0.5139485764201924,0.0,0.3912735225635729,0.0,0.4917849849069448,0.0,0.5070252956537055,0.5344255671806294,0.0,0.0,0.0,0.0,0.5170953431540555,0.0,0.0,0.0,0.4681665303724845,0.0,0.4640106630257946,0.0,0.0,0.0,0.0,0.5108711966851891,0.0,0.4690470627276181,0.0,0.0,0.0,0.0,0.4629205679517381,0.4522271729999597,0.4812692950787062,0.4778297254679304,0.0,0.0,0.0,0.4761216536462906,0.4892586197803533,0.4732387384594665,0.0,0.5026724846409535
0.0,0.0,0.0,0.0,0.0,0.407573834983841,0.0,0.4384148965622249,0.0,0.0,0.0,0.0,0.3560869329698476,0.0,0.0,0.40821597386237,0.0,0.0,0.0,0.3690186772334802,0.4664289089617708,0.4328147632320902,0.4178060329937411,0.0,0.0,0.0,0.4105423050519985,0.3025251513246028,0.3487447350831397,0.0,0.2990298191203531,0.0,0.0,0.3877456945488468,0.4241954567816399,0.0,0.0,0.0,0.5046379405634628,0.0,0.0,0.0,0.0,0.0,0.0,0.0,0.0,0.0,0.0,0.0,0.0,0.0,0.0,0.0,0.0,0.0,0.0,0.0,0.0,0.0,0.0,0.0,0.0,0.0,0.0,0.0,0.0,0.4870012924897496,0.0,0.0,0.0,0.4914445784049036,0.0,0.0,0.0,0.0
0.4082640632654188,0.4020019916016087,0.0,0.0,0.4321908653892736,0.4214012024806964,0.4213640935578529,0.4482105730322515,0.3841648505288203,0.3431443775979085,0.4125564612290372,0.3567823564978984,0.4001736050843922,0.0,0.4484256368536315,0.3703382266535909,0.3314904950235452,0.3603670113427016,0.0,0.3937071594688825,0.4875730936926591,0.3923085551997897,0.4276783491132968,0.3716473618970827,0.3655495834681752,0.4078832066195613,0.4136020931808467,0.382132482154198,0.376719001285863,0.2990298191203531,0.0,0.4225293188308618,0.3482746902727887,0.3290322689772695,0.3233177992138534,0.3272291129430917,0.3359988483234318,0.3211325905851909,0.4709200918395952,0.3962840561578686,0.4472337520833132,0.0,0.0,0.0,0.0,0.4241797045627812,0.4931130862834378,0.0,0.0,0.0,0.4910509607626461,0.0,0.4437494921962193,0.0,0.4027303531087448,0.0,0.3940781978600986,0.0,0.0,0.4991344258907498,0.4729701184334182,0.0,0.3919793314116612,0.0,0.4556551315189496,0.4423955050498029,0.4906544539200948,0.4806587655477538,0.4001947382383439,0.3897528812084496,0.3799300524950567,0.4842624715696386,0.5228363664819073,0.4826417119466152,0.0,0.4300429429266043
0.4600864157725551,0.5042934317243981,0.0,0.2702163913325497,0.3713712143836132,0.4081605892656199,0.3638309059232908,0.3963714049679052,0.3679746946785197,0.315124969229572,0.2809399783633822,0.285828051571756,0.361575351485757,0.1806385582031738,0.4735088706390513,0.5049811028202715,0.400759730823412,0.4336838375485782,0.0,0.4690989941428529,0.4686825662305117,0.4889060204618394,0.4166109433719323,0.3701040579671435,0.4279312720334446,0.4709942590026973,0.4372451588045931,0.3414982895354699,0.4967275783017787,0.0,0.4225293188308618,0.0,0.3295580185193011,0.3284289768454305,0.4034189421026758,0.1980483878272337,0.2928332815949592,0.2818681538017256,0.4120690374030699,0.4639584200351419,0.4802366240839215,0.4581095229020016,0.0,0.3170326984309788,0.3512181799364067,0.4583634408301867,0.4919727594821625,0.0,0.0,0.0,0.4729638907675645,0.0,0.4843835166533139,0.0,0.3768572298840524,0.0,0.0,0.5012395920045993,0.0,0.5017275165375575,0.4666259688766931,0.0,0.4261110631552953,0.0,0.4752135951291947,0.501394589312799,0.5189397239684485,0.4862458953029662,0.418934431880946,0.4318383456295178,0.4648918525577341,0.4911521505514905,0.4985025712317552,0.4968768777343014,0.0,0.4917486662955102
0.3599790122416853,0.3934542175048224,0.0,0.0,0.0,0.0,0.0,0.4791089794699056,0.0,0.3127067201812067,0.0,0.2896935471771875,0.0,0.0,0.4103942706160317,0.4233736811456222,0.3267278850374009,0.3407114989176218,0.0,0.4197223549855821,0.4013834484181068,0.4419076667187454,0.381224065781665,0.2507050855880318,0.3278262068653242,0.3676961037229813,0.3793960248717035,0.3096759380556333,0.4527118570004707,0.0,0.3482746902727887,0.3295580185193011,0.0,0.2273575923153646,0.3118662812517007,0.2507175989580212,0.2615109523701249,0.1945182044158432,0.4260737745742947,0.277001221087627,0.3884998894385356,0.4434702861190931,0.0,0.0,0.2280211708514186,0.3699324915254487,0.4451098403614489,0.0,0.0,0.0,0.0,0.0,0.0,0.0,0.3347220027810521,0.0,0.3051832144299168,0.0,0.0,0.4874922240310971,0.4342414947200291,0.3154912284962665,0.3732434729224702,0.0,0.47051206755393,0.437559647151829,0.4983755123027275,0.0,0.3408216285037561,0.3626568286101824,0.3625081380082995,0.4265232464151134,0.0,0.0,0.0,0.3607467835941174
0.4085079190442559,0.4294989318573767,0.0,0.220398496758704,0.4147147074486468,0.4350007850634468,0.4175469060739566,0.4662146863812509,0.3998757094681026,0.31931493634659,0.4066126108294144,0.2545516389751207,0.4134397584037238,0.0,0.4765504393352526,0.4206140751520283,0.3689413723265339,0.3920557469803471,0.0,0.4480943137497317,0.4695896245081789,0.4608543029482816,0.4497928475347741,0.2776104411816503,0.3809270763654314,0.4351789249255231,0.4438103936792103,0.3772777716235452,0.4393598136554806,0.3877456945488468,0.3290322689772695,0.3284289768454305,0.2273575923153646,0.0,0.2513770657246159,0.3473190179779753,0.2373521572214623,0.2150896035444455,0.4720884117653018,0.4129418176350795,0.4858014454496186,0.5583615498492874,0.0,0.0,0.2900972425635881,0.4377107508917378,0.4877963666208044,0.0,0.0,0.0,0.4929381310307252,0.0,0.0,0.0,0.3715380607074884,0.0,0.3634608170114308,0.0,0.0,0.5126011339366937,0.4664403503594789,0.0,0.4084960605695215,0.0,0.4909485987917887,0.4758274825757955,0.5143465423118613,0.502364518255985,0.3981633014833483,0.3986222662891024,0.425413786493365,0.505417496435892,0.5139881859963328,0.4944702453409549,0.0,0.4581589855170048
0.4678469901119522,0.4655495440677278,0.0,0.2381169706531661,0.4615069561408445,0.4679678576507889,0.577325448862622,0.4607227202845466,0.3928170133952345,0.3201851818127374,0.0,0.2977980900243485,0.4626567245950452,0.0,0.5224611175933993,0.5191388156989536,0.3923128215952603,0.4370726655479423,0.0,0.5102159505404589,0.5059614892661833,0.5164654344161825,0.4576808560744481,0.3072455712091997,0.4182679797152079,0.4878132445232164,0.4618033535071943,0.3482163583989168,0.5139485764201924,0.4241954567816399,0.3233177992138534,0.4034189421026758,0.3118662812517007,0.2513770657246159,0.0,0.3885031932550874,0.2941672959900502,0.2655545432556754,0.399200558363286,0.3897253882071015,0.5066510632862005,0.4340923185015284,0.372877398790739,0.3421540710460723,0.0,0.0,0.5591312552177877,0.0,0.0,0.0,0.0,0.0,0.0,0.0,0.0,0.0,0.3501876227301222,0.0,0.0,0.5481871859659811,0.5032153701443777,0.0,0.4342591011042781,0.0,0.5135475534562287,0.5204896094464599,0.5415035103180804,0.4970954523235715,0.0,0.4295326187164386,0.4728257761880245,0.49985970236949,0.0,0.5308652566387498,0.0,0.0
0.0,0.0,0.3362464663368167,0.1835386469983373,0.246260897507774,0.3940942533198684,0.3504391467976873,0.2630594675228915,0.0,0.2605378345261213,0.2724787721055413,0.2511461607724767,0.3419568126687128,0.1947512027036252,0.499578051024269,0.0,0.0,0.0,0.3079358969774531,0.0,0.5360967868708507,0.5437638045414496,0.4148620618895171,0.0,0.0,0.5179337316141495,0.4690089737925493,0.2676473423851902,0.0,0.0,0.3272291129430917,0.1980483878272337,0.2507175989580212,0.3473190179779753,0.3885031932550874,0.0,0.1914196243923838,0.0,0.0,0.0,0.0,0.0,0.4109428394939367,0.0,0.0,0.0,0.0,0.0,0.0,0.0,0.4168176614329631,0.0,0.3771130428971044,0.0,0.0,0.3601808501334036,0.0,0.0,0.3106105992643842,0.0,0.0,0.0,0.0,0.3525697444671849,0.0,0.0,0.0,0.4592654516287685,0.0,0.0,0.0,0.0,0.0,0.0,0.0,0.0
0.0,0.0,0.0,0.1721909305887291,0.3798110556261073,0.3892309049430515,0.3495154569622677,0.4263624228861489,0.3728655843743094,0.2555010273750508,0.3952503698029649,0.2750934416923059,0.3535819299384249,0.1664428368164724,0.0,0.0,0.0,0.0,0.3904667329550013,0.0,0.0,0.4626715465469433,0.4046006301322034,0.0,0.0,0.0,0.4098773992909484,0.3130473418346459,0.3912735225635729,0.0,0.3359988483234318,0.2928332815949592,0.2615109523701249,0.2373521572214623,0.2941672959900502,0.1914196243923838,0.0,0.2813937862788144,0.269592101098866,0.0,0.2581832933015925,0.2647558729978333,0.0,0.0,0.0,0.0,0.0,0.0,0.0,0.0,0.0,0.0,0.0,0.0,0.0,0.0,0.0,0.0,0.0,0.0,0.0,0.0,0.0,0.0,0.0,0.0,0.0,0.0,0.0,0.0,0.0,0.0,0.0,0.0,0.0,0.0
0.0,0.0,0.0,0.0,0.0,0.0,0.0,0.0,0.0,0.3050985008468013,0.0,0.262039584202314,0.0,0.0,0.0,0.0,0.0,0.0,0.0,0.0,0.0,0.0,0.0,0.2483798714443618,0.2992689632327391,0.3131412581699164,0.0,0.2960529196947785,0.0,0.0,0.3211325905851909,0.2818681538017256,0.1945182044158432,0.2150896035444455,0.2655545432556754,0.0,0.2813937862788144,0.0,0.3201708653157071,0.2205949570081558,0.2696880393127606,0.3001520391416915,0.0,0.0,0.0,0.0,0.0,0.0,0.0,0.0,0.0,0.0,0.0,0.0,0.3210411726575411,0.0,0.2746735498801086,0.0,0.0,0.0,0.0,0.0,0.0,0.0,0.0,0.0,0.0,0.0,0.0,0.0,0.3348535145914902,0.0,0.0,0.0,0.0,0.0
0.4355187488589637,0.4755520465206233,0.0,0.0,0.0,0.4744459914189469,0.0,0.4832681747090261,0.0,0.3682235467095789,0.0,0.3364705614509335,0.5047930565999706,0.0,0.4943911028439934,0.4949044401782028,0.0,0.4110555572661143,0.0,0.4769643746996637,0.4686307725025571,0.5029103281227112,0.4761702991132576,0.4061520012263006,0.4200164332989937,0.4273837346020901,0.4792430994735315,0.4160076658973275,0.4917849849069448,0.5046379405634628,0.4709200918395952,0.4120690374030699,0.4260737745742947,0.4720884117653018,0.399200558363286,0.0,0.269592101098866,0.3201708653157071,0.0,0.3183729915953427,0.3683225224214534,0.4036443938428048,0.2031635112260391,0.3103923367186482,0.2589933180380244,0.4330969366299966,0.439059997904408,0.4031999778224605,0.2646717540356095,0.3830646954631773,0.4208209815656313,0.4061192208014288,0.4427658981887012,0.3994945267682266,0.3365126601264183,0.4005203109582302,0.2672116144265516,0.3847044888411942,0.1869171627201304,0.4624375368143156,0.4414645550611612,0.3922873852855029,0.4200808398640621,0.3948194895713882,0.4584987519940511,0.439829100184168,0.4680482613531977,0.4123838049624909,0.3676568611534165,0.4133432156303308,0.4395699487609655,0.4246467893910141,0.366679913569604,0.456807376464152,0.4692087545932407,0.3874329494043211
0.3588837084456607,0.4387089183465237,0.0,0.0,0.0,0.0,0.0,0.0,0.0,0.339301411283706,0.0,0.3298938907058569,0.0,0.0,0.4632447012408326,0.4291290470826663,0.3570077826077878,0.3683321002097207,0.0,0.4767096088786199,0.3970668843791021,0.4759688832472773,0.3717636833038122,0.3256888230084538,0.3724056904839847,0.3771182350120815,0.0,0.0,0.0,0.0,0.3962840561578686,0.4639584200351419,0.277001221087627,0.4129418176350795,0.3897253882071015,0.0,0.0,0.2205949570081558,0.3183729915953427,0.0,0.2251243340502575,0.3244456975411375,0.6394363592581319,0.0,0.2151364410343652,0.3278609401124683,0.3277829910645601,0.0,0.0,0.3516585839595526,0.3724157369597031,0.0,0.4496934772120526,0.0,0.3141913663809816,0.0,0.2516148152228681,0.411776989717555,0.0,0.381258965326201,0.3757838422177665,0.3475639841774962,0.3536335699861109,0.0,0.3678887239233134,0.3502984123514563,0.3949504006187829,0.3651602978580556,0.2592825575817507,0.3254581940425989,0.3356493153138201,0.3550598098218885,0.3806892296569593,0.4040549152424738,0.0,0.3449856929222932
0.4241923838116971,0.4984095204824466,0.0,0.0,0.0,0.4908405442576459,0.0,0.5083793088426328,0.0,0.3674173051266427,0.0,0.3696039789541558,0.0,0.0,0.4881381130992898,0.4560774201627082,0.4109400092918815,0.4061669626010594,0.0,0.4914972765804102,0.4669028595195958,0.5074189673138063,0.4916490755135157,0.3742505092937309,0.4015414338346993,0.3930864984865935,0.4968212240697345,0.5282403690436114,0.5070252956537055,0.0,0.4472337520833132,0.4802366240839215,0.3884998894385356,0.4858014454496186,0.5066510632862005,0.0,0.2581832933015925,0.2696880393127606,0.3683225224214534,0.2251243340502575,0.0,0.3425070505509188,0.4312312911594225,0.2878322159729263,0.2082203953584939,0.4204264144541145,0.4080754511258103,0.4377538206301441,0.2246419664423381,0.3913031284943493,0.4244150441214129,0.4081288966059943,0.4560152258375617,0.4168163536310279,0.2994317225745929,0.4070942470655965,0.2667230433049546,0.4136228162525104,0.3339800165957893,0.4511340602378992,0.3732735634614356,0.3669885540807134,0.3905154519848366,0.4004370310363043,0.4166547710363026,0.4298394926021783,0.4328339969502042,0.4399781110774585,0.3021072104313436,0.383623267625283,0.4101050251636863,0.4272128278086739,0.3516636103939475,0.4132018372837049,0.4152854424148997,0.3400340908356348
0.0,0.5075434672112054,0.0,0.0,0.0,0.0,0.0,0.0,0.0,0.0,0.0,0.0,0.0,0.0,0.5240607053271312,0.487030384042502,0.0,0.4235267149725412,0.0,0.5116551017658992,0.51388183596043,0.5347979876499049,0.4964609717490897,0.0,0.4183835603383066,0.4200423574816274,0.5043877763101532,0.0,0.5344255671806294,0.0,0.0,0.4581095229020016,0.4434702861190931,0.5583615498492874,0.4340923185015284,0.0,0.2647558729978333,0.3001520391416915,0.4036443938428048,0.3244456975411375,0.3425070505509188,0.0,0.495788165342341,0.2873986086669124,0.2126928738399134,0.4580741672027579,0.4936854068070005,0.4297809150799334,0.2264878108384025,0.387079947937726,0.4554600397506558,0.420766394927641,0.4596650829907571,0.4104780817080651,0.3203288434789066,0.3764099391064289,0.2532384795955697,0.4457446751185458,0.0,0.4985510667972258,0.4374271702187428,0.3535074856930194,0.4023659861518613,0.3925409447135536,0.4729302994537775,0.4927832245532991,0.4976760789533355,0.4487013311605815,0.323532004676093,0.4132126846488319,0.4618929866859619,0.439653931933156,0.3501427765058464,0.4673669973702367,0.3888992509328656,0.4202563155086866
0.0,0.0,0.4265715517567667,0.0,0.3684432083856634,0.4225413638904671,0.0,0.3608393487040415,0.0,0.0,0.3784709117686523,0.0,0.0,0.3336517094483858,0.0,0.0,0.0,0.0,0.0,0.0,0.0,0.0,0.4007043861170533,0.0,0.0,0.0,0.4336978541570063,0.5184145538372644,0.0,0.0,0.0,0.0,0.0,0.0,0.372877398790739,0.4109428394939367,0.0,0.0,0.2031635112260391,0.6394363592581319,0.4312312911594225,0.495788165342341,0.0,0.1798288067134023,0.0,0.0,0.0,0.3534082306559481,0.1439890264443495,0.2011451686443894,0.3937094876538038,0.3146003247719632,0.3358010066748007,0.3843254356250296,0.3266561023307449,0.2969232412077284,0.0,0.3191855944079611,0.1780707076463309,0.5470685005357885,0.0,0.0,0.0,0.3635999561946719,0.5172711861829724,0.5518123281626541,0.5370153451084321,0.4004485430905904,0.0,0.0,0.5327260676503008,0.4935197433314505,0.2297136012090556,0.5148628094339607,0.0,0.4043218576451514
0.0,0.0,0.0,0.0,0.0,0.0,0.0,0.0,0.0,0.0,0.0,0.0,0.0,0.0,0.0,0.0,0.0,0.0,0.0,0.0,0.0,0.0,0.0,0.0,0.0,0.0,0.0,0.0,0.0,0.0,0.0,0.3170326984309788,0.0,0.0,0.3421540710460723,0.0,0.0,0.0,0.3103923367186482,0.0,0.2878322159729263,0.2873986086669124,0.1798288067134023,0.0,0.0,0.0,0.0,0.4074533757706141,0.1397732892577679,0.2909412078491898,0.3855628219125845,0.3031100003864487,0.4251106488273236,0.4023509683504218,0.328143249744441,0.3734995903942885,0.0,0.3335495127561325,0.1512120107327925,0.0,0.0,0.0,0.0,0.3909298194563634,0.0,0.0,0.0,0.4107322261803181,0.0,0.0,0.0,0.4239999759435783,0.2596449507624714,0.4244376198208056,0.0,0.3578743094314641
0.0,0.0,0.0,0.0,0.0,0.0,0.0,0.0,0.0,0.3499289374063332,0.0,0.0,0.0,0.0,0.0,0.0,0.0,0.0,0.0,0.0,0.0,0.0,0.0,0.3086928158749731,0.0,0.0,0.0,0.0,0.0,0.0,0.0,0.3512181799364067,0.2280211708514186,0.2900972425635881,0.0,0.0,0.0,0.0,0.2589933180380244,0.2151364410343652,0.2082203953584939,0.2126928738399134,0.0,0.0,0.0,0.0,0.0,0.0,0.0,0.0,0.0,0.3925485451010278,0.0,0.0,0.2701511238350312,0.0,0.2155962838854001,0.3521726922396174,0.0,0.0,0.0,0.3685975541133701,0.0,0.0,0.0,0.0,0.0,0.0,0.2380947709745861,0.339315550158816,0.3045671576832924,0.0,0.2511368261100749,0.0,0.0,0.3170584922973953
