0.0,0.3396329923944927,0.0,0.0,0.0,0.0,0.0,0.4906359479263006,0.0,0.0,0.0,0.3315030239767702,0.0,0.0,0.3368784132461628,0.3471921996698488,0.0,0.355143782171663,0.0,0.3858872654481521,0.3987693914962542,0.3582104445592493,0.447739152287606,0.3067527242494587,0.3460793347800306,0.3296694175601512,0.4013960643999837,0.0,0.0,0.0,0.327303487910869,0.3837239279208194,0.3265141575255992,0.3296218841726925,0.3902859738291877,0.0,0.0,0.0,0.4037119909228183,0.3860788049424138,0.4144926219089311,0.0,0.0,0.0,0.0,0.3760961553633933,0.4280053190328338,0.0,0.0,0.0,0.0,0.0,0.0,0.0,0.0,0.0,0.0,0.0,0.0,0.0,0.4157979241160158,0.0,0.4185974558374277,0.0,0.0,0.3811230447077256,0.4069106664326183,0.0,0.0,0.4104528020114167,0.4358845234782514,0.0,0.0,0.0,0.0,0.3958929954746947
0.3396329923944927,0.0,0.0,0.0,0.38660174832576,0.3631015868918402,0.386915596504068,0.433391987017665,0.3774726478516629,0.0,0.0,0.0,0.3919617895764591,0.0,0.3555812678496796,0.3609769312723273,0.0,0.3572176401338028,0.0,0.3776283953395737,0.3739946764034025,0.3587593707862696,0.3695511573859064,0.0,0.3612036865677095,0.3640762913937092,0.3665025938926309,0.3929933883477188,0.3847884821345864,0.0,0.3278303994573391,0.3859204161614278,0.3081642329698646,0.3365156714043323,0.3775332963336706,0.0,0.0,0.0,0.4029318947822646,0.3765736465644722,0.3953239633236281,0.4203178087418989,0.0,0.0,0.0,0.3948452355081632,0.402353568124655,0.0,0.0,0.0,0.0,0.0,0.0,0.0,0.0,0.0,0.0,0.0,0.0,0.4304515394006311,0.4032641660162434,0.0,0.3916390905648343,0.0,0.4093635554400394,0.4211807080082613,0.4010188885998259,0.4387203378365567,0.0,0.3968598895575673,0.4206627926576736,0.0,0.0,0.4213282714066433,0.0,0.3890632268196992
0.0,0.0,0.0,0.4194644967504241,0.3513382691757309,0.3294176113381922,0.3891392675271574,0.3965332815302165,0.2762440894929692,0.449152744150892,0.3545340064806619,0.0,0.3948943573899395,0.3640700778546663,0.0,0.0,0.0,0.0,0.2631641756028006,0.0,0.0,0.0,0.2999105153345571,0.0,0.0,0.0,0.3138688554962122,0.4112185146382775,0.0,0.0,0.424338913853329,0.3993890254841299,0.0,0.4196081993259007,0.4401351382005243,0.3760129861975912,0.4167395655137622,0.0,0.0,0.0,0.0,0.0,0.4473346309541168,0.0,0.0,0.0,0.0,0.2123024997047314,0.0,0.0,0.5159943521915518,0.0,0.4754828973495303,0.4832481103386891,0.0,0.4146313139854548,0.0,0.0,0.0,0.0,0.0,0.0,0.0,0.3788233635220498,0.0,0.0,0.0,0.4749598150371698,0.0,0.0,0.0,0.4871005550148981,0.0,0.0,0.0,0.0
0.0,0.0,0.4194644967504241,0.0,0.2541820695550176,0.371619605593098,0.2356468477261369,0.3105878900758392,0.381772964863214,0.2495100635086543,0.3437484850115208,0.2484539433895838,0.2831744517396631,0.2605789446178274,0.0,0.0,0.0,0.0,0.3774580539300861,0.4701468704381113,0.0,0.0,0.3517581751796108,0.0,0.0,0.0,0.3788587024139971,0.2361308895990845,0.0,0.0,0.2974120542246985,0.2643640802881781,0.0,0.215454549841057,0.3447900441748464,0.1826316309669714,0.1733316319715972,0.2237965617243855,0.0,0.0,0.0,0.0,0.0,0.0,0.0,0.0,0.0,0.0,0.0,0.0,0.0,0.0,0.0,0.0,0.0,0.0,0.0,0.0,0.0,0.0,0.0,0.0,0.0,0.0,0.0,0.0,0.0,0.0,0.0,0.0,0.0,0.0,0.0,0.0,0.0,0.0
0.0,0.38660174832576,0.3513382691757309,0.2541820695550176,0.0,0.3468054178796647,0.2908080657254703,0.3017778450484932,0.340501993754793,0.3898295337475465,0.3105406262113918,0.3759915410974348,0.3321303179485091,0.2858487818994948,0.0,0.0,0.0,0.0,0.3474507799513137,0.3502554393703783,0.0,0.3727292371428246,0.3724456272600519,0.0,0.0,0.0,0.3595899230215857,0.3261849680449404,0.372930538451736,0.0,0.3863327729100322,0.3471632820398905,0.0,0.3808019523145181,0.4159223097931437,0.2414824891208561,0.3331441377303527,0.0,0.0,0.0,0.0,0.0,0.0,0.0,0.0,0.0,0.0,0.0,0.0,0.0,0.0,0.0,0.0,0.0,0.0,0.0,0.0,0.0,0.0,0.0,0.0,0.0,0.0,0.0,0.0,0.0,0.0,0.4804443990651731,0.0,0.0,0.0,0.0,0.0,0.0,0.0,0.0
0.0,0.3631015868918402,0.3294176113381922,0.371619605593098,0.3468054178796647,0.0,0.3742907759655316,0.3903338481208294,0.3359057433027637,0.4015327520352275,0.3653026853678784,0.4546686925510795,0.363698547730477,0.358937843639726,0.3552660365586513,0.3793797751569238,0.0,0.3704968132248317,0.3653443423242234,0.3822829994614259,0.384884608746288,0.3811298998532332,0.3696786074819662,0.0,0.3720922410400358,0.3605338228631068,0.3561570782710985,0.3638167075816336,0.3479325304786242,0.3856830810474606,0.3976066326346777,0.3862770528029307,0.3624056093983678,0.4031995383782972,0.4310234441563827,0.3857031010893213,0.3965617428704312,0.4372530166865435,0.4376906879831269,0.0,0.4639606159682506,0.5002422704597972,0.0,0.0,0.0,0.0,0.0,0.4834402256903231,0.0,0.0,0.4514146617481449,0.0,0.4384777848749943,0.4921528878309953,0.0,0.4785940193362393,0.0,0.0,0.0,0.4205797385369507,0.0,0.0,0.0,0.5058701271870759,0.4439385273576401,0.4428344407189943,0.0,0.4689683020027181,0.0,0.0,0.0,0.4606722308493016,0.0,0.44558581604398,0.481466946008277,0.4725105360908879
0.0,0.386915596504068,0.3891392675271574,0.2356468477261369,0.2908080657254703,0.3742907759655316,0.0,0.3437466601236539,0.3544233476737141,0.3598790878331505,0.3842252380064216,0.3653105571846105,0.3006174058248286,0.3152555994219537,0.0,0.412811203381783,0.4113467877983595,0.0,0.3990998330153094,0.3866563312303853,0.0,0.4072454320797999,0.3598881502867427,0.3777271019461364,0.3863976388491728,0.3865442013691414,0.3726549309185537,0.3184045701740184,0.3773576517897169,0.0,0.3126645908184396,0.3400735483597299,0.3524521084375544,0.3386693846788521,0.3628792705641979,0.2663029438777196,0.2542393090056911,0.2986044068152412,0.0,0.0,0.0,0.0,0.0,0.0,0.0,0.0,0.0,0.0,0.0,0.0,0.0,0.0,0.0,0.0,0.0,0.0,0.0,0.0,0.0,0.0,0.0,0.0,0.0,0.0,0.0,0.0,0.0,0.0,0.0,0.0,0.0,0.0,0.0,0.0,0.0,0.0
0.4906359479263006,0.433391987017665,0.3965332815302165,0.3105878900758392,0.3017778450484932,0.3903338481208294,0.3437466601236539,0.0,0.4390806504541657,0.0,0.3208387652143011,0.0,0.3701794675034002,0.3168057740509291,0.3995731865970724,0.4448473262794392,0.0,0.45067206300055,0.3635420312382675,0.4048522773284189,0.3793842738982789,0.4386664394978407,0.3459422391334423,0.473329031255199,0.4599465238176063,0.4558267739243041,0.394276798038142,0.3726686219720653,0.3698880287670075,0.3691937105420214,0.3937437056845284,0.3536051327303106,0.3636180344799969,0.3918654189218771,0.4147166474419,0.1869810211100056,0.0,0.0,0.4415990573784821,0.0,0.4503305475366028,0.0,0.4369040294416962,0.0,0.0,0.0,0.0,0.4816167651089611,0.0,0.0,0.4360522402517661,0.4556936750046488,0.3789373493458228,0.4865717388345972,0.0,0.4331092742277836,0.0,0.4261489341198095,0.2932289586748025,0.4396163243672302,0.0,0.0,0.0,0.4704419271155807,0.4280031731646384,0.383572719630406,0.0,0.4557937116136404,0.0,0.0,0.0,0.460669017412225,0.4308592739767176,0.4283515657251053,0.0,0.4638188858787703
0.0,0.3774726478516629,0.2762440894929692,0.381772964863214,0.340501993754793,0.3359057433027637,0.3544233476737141,0.4390806504541657,0.0,0.4162023661747188,0.2884733278672123,0.4243986450407671,0.3550740689302176,0.4024964697847698,0.0,0.4178643703542604,0.0,0.0,0.2730808128425333,0.3722175055312441,0.0,0.3917600296153749,0.3857890120906276,0.4907428324342932,0.4153613042639693,0.3994149136807758,0.3408739159085849,0.4058798017306931,0.3850629439756163,0.4209953814532644,0.4301614049786301,0.4059486775884662,0.0,0.4236341915865015,0.4240276912652966,0.3967772736169862,0.40625555320914,0.4001004933722265,0.433810310028844,0.0,0.0,0.0,0.4439805776867301,0.0,0.0,0.0,0.0,0.3808681320410605,0.0,0.0,0.4299138471550078,0.0,0.4816813012481557,0.0,0.0,0.4547200537530677,0.0,0.0,0.4298253780644752,0.0,0.0,0.0,0.0,0.4543884084397965,0.0,0.0,0.0,0.4930481317976422,0.0,0.0,0.0,0.4684129187992292,0.0,0.0,0.0,0.0
0.0,0.0,0.449152744150892,0.2495100635086543,0.3898295337475465,0.4015327520352275,0.3598790878331505,0.0,0.4162023661747188,0.0,0.4151302607128674,0.2840377860252527,0.3842836670836688,0.0,0.0,0.3664427328086643,0.3125021538780853,0.34297003504744,0.4211453992255229,0.3988754172468003,0.0,0.3826386801743129,0.4056240520453181,0.2974132475415516,0.3123930269950576,0.3345535075494169,0.4138796001323063,0.3680008286090763,0.4771310476603022,0.0,0.3270780347623126,0.3224178850698412,0.3141720835684311,0.2955521304598874,0.2639671196584309,0.2944403916021934,0.2226876554081531,0.2576351109648392,0.0,0.3481013459312123,0.3657190714862908,0.0,0.0,0.0,0.3270878657495157,0.0,0.0,0.0,0.0,0.0,0.0,0.0,0.0,0.0,0.4053826497828984,0.0,0.3982314759036127,0.0,0.0,0.0,0.0,0.0,0.0,0.0,0.0,0.0,0.0,0.0,0.391405765896028,0.3936368503746615,0.4162205098448268,0.0,0.381102325701313,0.0,0.0,0.4071206725477687
0.0,0.0,0.3545340064806619,0.3437484850115208,0.3105406262113918,0.3653026853678784,0.3842252380064216,0.3208387652143011,0.2884733278672123,0.4151302607128674,0.0,0.0,0.3903225361940199,0.2935228352697008,0.0,0.0,0.0,0.0,0.2669070716866265,0.0,0.0,0.0,0.3209872642971546,0.0,0.0,0.0,0.3770199087233153,0.3874480430780489,0.0,0.0,0.4208597825320079,0.2985356704972248,0.0,0.4099844837111935,0.4019800956166205,0.2678591238512363,0.3868327983837259,0.3932463614630549,0.0,0.0,0.0,0.0,0.3614667196247343,0.0,0.0,0.0,0.0,0.4797736857863091,0.0,0.0,0.0,0.0,0.392606074948524,0.0,0.0,0.2811498965923694,0.0,0.0,0.3444850074715407,0.0,0.0,0.0,0.0,0.3340843826024577,0.0,0.0,0.0,0.4310979143886908,0.0,0.0,0.0,0.4278609401234436,0.0,0.0,0.0,0.0
0.3315030239767702,0.0,0.0,0.2484539433895838,0.3759915410974348,0.4546686925510795,0.3653105571846105,0.0,0.4243986450407671,0.2840377860252527,0.0,0.0,0.3677096006826632,0.0,0.0,0.0,0.3468382337053649,0.3403871536471136,0.5113285086422413,0.0,0.0,0.0,0.0,0.276702151008752,0.3329787151437393,0.2982994737194321,0.4858358020775886,0.346263871429739,0.0,0.0,0.3232601820647372,0.2725203273333779,0.2663492372366679,0.2279853583929801,0.3179696162487983,0.28593354834072,0.2776693722361293,0.2115003356328665,0.2420607721670125,0.3457523007508544,0.3080782658439912,0.2784877648491003,0.2947090706868492,0.0,0.3423006287153323,0.0,0.0,0.0,0.0,0.0,0.0,0.0,0.0,0.0,0.4031697344667688,0.0,0.3999853292039237,0.0,0.0,0.0,0.0,0.4053865440998973,0.0,0.0,0.0,0.0,0.0,0.0,0.3838134730119493,0.403299497723981,0.4201384724361721,0.0,0.351194594053463,0.0,0.0,0.4000864289786562
0.0,0.3919617895764591,0.3948943573899395,0.2831744517396631,0.3321303179485091,0.363698547730477,0.3006174058248286,0.3701794675034002,0.3550740689302176,0.3842836670836688,0.3903225361940199,0.3677096006826632,0.0,0.3317680004137556,0.0,0.4152277761494441,0.4043914574425832,0.400995332563244,0.4039227862610816,0.3891351208792511,0.0,0.4134286746049098,0.3677199538185422,0.3813125752564845,0.3940881189811415,0.3941695984591835,0.3774443017402045,0.31911641731673,0.3684697848847101,0.3614293214082474,0.3637202604745204,0.350912736376309,0.3333583625390081,0.3652898754330649,0.3934992540410307,0.3026969022632287,0.3340388182811398,0.3327835090973251,0.0,0.0,0.0,0.0,0.0,0.0,0.0,0.0,0.0,0.0,0.0,0.0,0.0,0.0,0.0,0.0,0.0,0.0,0.0,0.0,0.0,0.0,0.0,0.0,0.0,0.0,0.0,0.0,0.0,0.4467243480836229,0.0,0.0,0.0,0.445432745869408,0.0,0.0,0.0,0.0
0.0,0.0,0.3640700778546663,0.2605789446178274,0.2858487818994948,0.358937843639726,0.3152555994219537,0.3168057740509291,0.4024964697847698,0.0,0.2935228352697008,0.0,0.3317680004137556,0.0,0.0,0.0,0.0,0.0,0.3267876938440008,0.0,0.0,0.0,0.3461521342315025,0.0,0.0,0.0,0.3755488631257646,0.2699124108982372,0.0,0.0,0.3111113953235269,0.1879387954335518,0.0,0.336906742073301,0.0,0.1939576519967728,0.1573978024013824,0.0,0.0,0.0,0.0,0.0,0.0,0.0,0.0,0.0,0.0,0.0,0.0,0.0,0.0,0.0,0.0,0.0,0.0,0.0,0.0,0.0,0.0,0.0,0.0,0.0,0.0,0.0,0.0,0.0,0.0,0.0,0.0,0.0,0.0,0.0,0.0,0.0,0.0,0.0
0.3368784132461628,0.3555812678496796,0.0,0.0,0.0,0.3552660365586513,0.0,0.3995731865970724,0.0,0.0,0.0,0.0,0.0,0.0,0.0,0.3382295365695702,0.0,0.3416621288662823,0.0,0.3084354228784113,0.334487223026906,0.3169001586195204,0.3216885958043643,0.4305031809522917,0.342315028839528,0.3231533818985156,0.3430128361080924,0.3321488471494374,0.323635396604523,0.0,0.338250851653801,0.361263825178046,0.3298423382118327,0.3566544339846433,0.401304436929311,0.4188373023061301,0.0,0.0,0.4102132435953209,0.3940542043988284,0.4264766236477462,0.4366620308159304,0.4971246533093734,0.0,0.0,0.0,0.4208019684075187,0.0,0.0,0.0,0.4004940153595648,0.0,0.3638653440219914,0.0,0.0,0.0,0.0,0.0,0.0,0.425810632067136,0.4220874751204364,0.0,0.0,0.0,0.3907792904194541,0.4068988646523263,0.4235790550008854,0.4189781826946633,0.0,0.41983910612977,0.4407132005384185,0.4099811012577839,0.4645843458929365,0.4134077138701924,0.0,0.4316464528119361
0.3471921996698488,0.3609769312723273,0.0,0.0,0.0,0.3793797751569238,0.412811203381783,0.4448473262794392,0.4178643703542604,0.3664427328086643,0.0,0.0,0.4152277761494441,0.0,0.3382295365695702,0.0,0.3498285533225509,0.3229626790556268,0.0,0.3516329427717405,0.3531956940019864,0.3307119115069225,0.3718502657718054,0.0,0.3609758415378811,0.364733466183869,0.3787102058202142,0.4010680287406998,0.3876713590559415,0.3964168814404394,0.3264770240395594,0.4040641018189355,0.3277325850680034,0.3446008718349733,0.3825859014017337,0.0,0.0,0.0,0.3812463251831914,0.3728690452454297,0.3876313779896598,0.4163317913982233,0.0,0.0,0.0,0.3755545033943274,0.397268738600478,0.0,0.0,0.0,0.0,0.0,0.0,0.0,0.0,0.0,0.0,0.0,0.0,0.4287135805981686,0.3936096512619797,0.0,0.3806736819506372,0.0,0.0,0.3952143161710997,0.4000187368875245,0.0,0.0,0.3796808140009345,0.4085527380125406,0.0,0.0,0.0,0.0,0.3818889440041181
0.0,0.0,0.0,0.0,0.0,0.0,0.4113467877983595,0.0,0.0,0.3125021538780853,0.0,0.3468382337053649,0.4043914574425832,0.0,0.0,0.3498285533225509,0.0,0.3263579441009611,0.0,0.0,0.0,0.3670746453812305,0.0,0.3457326826913069,0.3232132053574478,0.3429454581871093,0.0,0.3923106076439213,0.0,0.0,0.3316532204275926,0.4030572531056922,0.345938527618834,0.3502751435161866,0.3658540285290411,0.0,0.0,0.3292389341565451,0.0,0.3666924986246119,0.0,0.0,0.0,0.0,0.0,0.0,0.0,0.0,0.0,0.0,0.0,0.0,0.0,0.0,0.4270765451553246,0.0,0.4094050247673467,0.0,0.0,0.0,0.0,0.0,0.0,0.0,0.0,0.0,0.0,0.0,0.0,0.418090052980022,0.4315091138138843,0.0,0.0,0.0,0.0,0.0
0.355143782171663,0.3572176401338028,0.0,0.0,0.0,0.3704968132248317,0.0,0.45067206300055,0.0,0.34297003504744,0.0,0.3403871536471136,0.400995332563244,0.0,0.3416621288662823,0.3229626790556268,0.3263579441009611,0.0,0.0,0.3665791773317423,0.4161991390540673,0.3563369161181856,0.4265997269179403,0.3292524471557198,0.3293506412281822,0.3476374440195651,0.3778119113014102,0.3900532642477373,0.3845694284887216,0.4186553032739878,0.3401328728654514,0.4044748990969202,0.3231750829565076,0.353630062367642,0.3813242261287466,0.0,0.0,0.0,0.4534891193426233,0.3710063013971299,0.4374791468360474,0.0,0.0,0.0,0.0,0.3944794797398934,0.3964618506927458,0.0,0.0,0.0,0.0,0.0,0.0,0.0,0.3792004730262468,0.0,0.3819932611196359,0.0,0.0,0.0,0.3993833444094256,0.371366485518298,0.4002305226793608,0.0,0.0,0.0,0.0,0.0,0.0,0.3932971669290798,0.4110274662613353,0.0,0.0,0.0,0.0,0.0
0.0,0.0,0.2631641756028006,0.3774580539300861,0.3474507799513137,0.3653443423242234,0.3990998330153094,0.3635420312382675,0.2730808128425333,0.4211453992255229,0.2669070716866265,0.5113285086422413,0.4039227862610816,0.3267876938440008,0.0,0.0,0.0,0.0,0.0,0.0,0.0,0.0,0.3055208682874129,0.0,0.0,0.0,0.3490376821565199,0.4051978395004074,0.0,0.0,0.4309638357268875,0.3989211736319402,0.0,0.4246703438841142,0.4153661465512301,0.3583867981809928,0.4119556183811028,0.4438071836251061,0.0,0.0,0.0,0.0,0.4653454717522496,0.0,0.0,0.0,0.0,0.3702708911573489,0.0,0.0,0.0,0.0,0.4666699573773367,0.4567596355931282,0.0,0.4268092399681693,0.0,0.0,0.3878991178604614,0.0,0.0,0.0,0.0,0.3869554993558874,0.0,0.0,0.0,0.469188369466139,0.0,0.0,0.0,0.4701039940716284,0.0,0.0,0.0,0.0
0.3858872654481521,0.3776283953395737,0.0,0.4701468704381113,0.3502554393703783,0.3822829994614259,0.3866563312303853,0.4048522773284189,0.3722175055312441,0.3988754172468003,0.0,0.0,0.3891351208792511,0.0,0.3084354228784113,0.3516329427717405,0.0,0.3665791773317423,0.0,0.0,0.3654702593411282,0.3201535046071305,0.2693436958859436,0.0,0.3804491324307218,0.3796894148150209,0.3353810203547744,0.3570078930480889,0.2979227896834131,0.3317401504152639,0.3280447978428773,0.3756500273268553,0.3344748228677575,0.3633754192910013,0.4118817462054177,0.462571612255261,0.4287196209711824,0.0,0.4203191549395506,0.4303151292736892,0.4443236978072291,0.4478163592508616,0.0,0.0,0.0,0.0,0.0,0.0,0.0,0.0,0.4258959436946377,0.0,0.4383423197769459,0.0,0.0,0.0,0.0,0.0,0.0,0.4196758801704832,0.0,0.0,0.0,0.0,0.4222201884417461,0.4216227292198771,0.4125835267414923,0.4412081723130767,0.0,0.0,0.4085352071378739,0.4351198737753935,0.4478510845443129,0.4276943131439012,0.5671692821932445,0.4513873011355282
0.3987693914962542,0.3739946764034025,0.0,0.0,0.0,0.384884608746288,0.0,0.3793842738982789,0.0,0.0,0.0,0.0,0.0,0.0,0.334487223026906,0.3531956940019864,0.0,0.4161991390540673,0.0,0.3654702593411282,0.0,0.3775872271597844,0.3690768465044137,0.4382676140271536,0.3910635341565963,0.365972473805329,0.3753457657512131,0.3959192336028988,0.3673323682875437,0.0,0.3342761545687532,0.378630156606809,0.3557371618325533,0.3551680867476569,0.4038976820860028,0.0,0.0,0.0,0.3817998044389226,0.395063063275863,0.4228984925025498,0.4326735576460092,0.0,0.0,0.0,0.2663120113699237,0.4183310843011197,0.0,0.0,0.0,0.3557821008057185,0.0,0.2333686189690992,0.0,0.0,0.0,0.0,0.0,0.0,0.4255953595603992,0.415076526371446,0.0,0.0,0.0,0.3875136035146316,0.3376499309492003,0.4155680044405812,0.4045608258640659,0.0,0.3930073897112426,0.4351011460096641,0.4002233670958847,0.0,0.3650661250535396,0.0,0.0
0.3582104445592493,0.3587593707862696,0.0,0.0,0.3727292371428246,0.3811298998532332,0.4072454320797999,0.4386664394978407,0.3917600296153749,0.3826386801743129,0.0,0.0,0.4134286746049098,0.0,0.3169001586195204,0.3307119115069225,0.3670746453812305,0.3563369161181856,0.0,0.3201535046071305,0.3775872271597844,0.0,0.3617863241527964,0.0,0.3805604118072104,0.3700545296346664,0.376421601280634,0.3942928765138025,0.3641864342736828,0.3668044575639683,0.3361435534449096,0.3786388793390861,0.3429921127262728,0.3542144579672879,0.4053408366341622,0.4527746972025477,0.429618678652253,0.0,0.4009569218465471,0.400402858792496,0.4003944122265195,0.4247068966718264,0.5196148091667717,0.0,0.0,0.3959378394937259,0.4046540275872994,0.0,0.0,0.0,0.4039581759758117,0.0,0.0,0.0,0.0,0.0,0.0,0.0,0.0,0.4270937132060713,0.4001862116358498,0.0,0.3944916368886113,0.0,0.4119352800490807,0.4157783130910281,0.4111793353053235,0.4339323592055624,0.0,0.3629103521900916,0.4198444447653573,0.4194133645076196,0.0,0.4191745531418807,0.0,0.3970998578031703
0.447739152287606,0.3695511573859064,0.2999105153345571,0.3517581751796108,0.3724456272600519,0.3696786074819662,0.3598881502867427,0.3459422391334423,0.3857890120906276,0.4056240520453181,0.3209872642971546,0.0,0.3677199538185422,0.3461521342315025,0.3216885958043643,0.3718502657718054,0.0,0.4265997269179403,0.3055208682874129,0.2693436958859436,0.3690768465044137,0.3617863241527964,0.0,0.4576021962456316,0.386479046719574,0.3919679666224114,0.3263867455266724,0.3739052079500769,0.3581984508879557,0.3669018004207318,0.3751954219928256,0.3706724978319521,0.3436924022053128,0.3895094650352467,0.4118234514594088,0.3622573910427757,0.3799220763189423,0.0,0.4492505564646032,0.4040664198808169,0.4615976726129814,0.4605591316150302,0.4464520776545466,0.0,0.0,0.0,0.0,0.4777705785343576,0.0,0.0,0.4594426383607515,0.4690475703753266,0.4344524253370728,0.4938654952331175,0.0,0.4464184120030109,0.0,0.4545964454089597,0.4115164291087869,0.4284966996162712,0.0,0.0,0.0,0.4570888439851048,0.4409654385431661,0.422257452046934,0.4244864331675988,0.4691283574776411,0.0,0.0,0.4220995775351314,0.4660268849039236,0.4520627122702647,0.4442838439247084,0.451046829669975,0.4626515379704906
0.3067527242494587,0.0,0.0,0.0,0.0,0.0,0.3777271019461364,0.473329031255199,0.4907428324342932,0.2974132475415516,0.0,0.276702151008752,0.3813125752564845,0.0,0.4305031809522917,0.0,0.3457326826913069,0.3292524471557198,0.0,0.0,0.4382676140271536,0.0,0.4576021962456316,0.0,0.3219007666378203,0.3204082996747838,0.0,0.3658141370202901,0.0,0.0,0.3425093514270877,0.2820284498696114,0.2097105746164968,0.2444620046740548,0.3417255742419213,0.3062255905519162,0.2610879144469703,0.2240041709066036,0.426544366448548,0.2966940295201981,0.3387554973189627,0.0,0.0,0.0,0.2887531251150807,0.3856354572489118,0.0,0.0,0.0,0.0,0.0,0.0,0.0,0.0,0.3906068849288498,0.0,0.3779023246572997,0.0,0.0,0.0,0.4463960665278506,0.4209800175531076,0.4345792336239174,0.0,0.0,0.0,0.0,0.0,0.3561695178146543,0.4249956487967163,0.426197447640297,0.0,0.3026475257803488,0.0,0.0,0.3839560180707696
0.3460793347800306,0.3612036865677095,0.0,0.0,0.0,0.3720922410400358,0.3863976388491728,0.4599465238176063,0.4153613042639693,0.3123930269950576,0.0,0.3329787151437393,0.3940881189811415,0.0,0.342315028839528,0.3609758415378811,0.3232132053574478,0.3293506412281822,0.0,0.3804491324307218,0.3910635341565963,0.3805604118072104,0.386479046719574,0.3219007666378203,0.0,0.3471407851808283,0.3689296884742353,0.3903116539884038,0.3880269123500969,0.0,0.3460465184196972,0.3872977607222698,0.3095195239370283,0.3430192719548104,0.3756973132983751,0.0,0.0,0.3112293087352181,0.4211836356969679,0.3647412212024431,0.4076117736330278,0.4401989271137421,0.0,0.0,0.0,0.3929998298332558,0.4077138532426963,0.0,0.0,0.0,0.0,0.0,0.0,0.0,0.3945380172072134,0.0,0.4014275062241982,0.0,0.0,0.0,0.4085846027504134,0.3794331692237138,0.4029241096596687,0.0,0.0,0.0,0.4042734514862315,0.0,0.3958438969777619,0.398340762409288,0.4160559097416677,0.0,0.0,0.0,0.0,0.3896819797924666
0.3296694175601512,0.3640762913937092,0.0,0.0,0.0,0.3605338228631068,0.3865442013691414,0.4558267739243041,0.3994149136807758,0.3345535075494169,0.0,0.2982994737194321,0.3941695984591835,0.0,0.3231533818985156,0.364733466183869,0.3429454581871093,0.3476374440195651,0.0,0.3796894148150209,0.365972473805329,0.3700545296346664,0.3919679666224114,0.3204082996747838,0.3471407851808283,0.0,0.386301694979836,0.3854383190780512,0.367369366796344,0.0,0.3498458371904523,0.3849871652394095,0.325853549630433,0.3500477905947702,0.3895157954807185,0.4342897886458715,0.0,0.3143594026110544,0.4073620605026629,0.393479381181343,0.4071813857867938,0.4364403500366609,0.0,0.0,0.3675830335318106,0.4086682967680406,0.4201532195457084,0.0,0.0,0.0,0.4222900540995487,0.0,0.0,0.0,0.4216688078873717,0.0,0.4205346989854226,0.0,0.0,0.4412294471855163,0.4165472999395788,0.4138780258937526,0.4227760083340782,0.0,0.4138017694544121,0.426947103601122,0.4170878450516621,0.4386007398777443,0.4244013330605545,0.4210435322414595,0.4352990298199699,0.4195202553200846,0.462471412105353,0.4241415801823579,0.0,0.4070689099263676
0.4013960643999837,0.3665025938926309,0.3138688554962122,0.3788587024139971,0.3595899230215857,0.3561570782710985,0.3726549309185537,0.394276798038142,0.3408739159085849,0.4138796001323063,0.3770199087233153,0.4858358020775886,0.3774443017402045,0.3755488631257646,0.3430128361080924,0.3787102058202142,0.0,0.3778119113014102,0.3490376821565199,0.3353810203547744,0.3753457657512131,0.376421601280634,0.3263867455266724,0.0,0.3689296884742353,0.386301694979836,0.0,0.3762874974933316,0.3640498097026444,0.3609299486146907,0.3653639116470589,0.376689955310129,0.3427619604497927,0.3873845671351161,0.4066457242642931,0.3929451399223555,0.3851010420950532,0.0,0.4438335792373565,0.4410356432345091,0.4576778842096507,0.4658531403400226,0.4277087689420175,0.0,0.0,0.0,0.0,0.479621291846318,0.0,0.0,0.4501519412075461,0.4413970979445713,0.45100092296766,0.4984173484398922,0.0,0.4755945226424815,0.0,0.4639008255362404,0.0,0.4291241893436124,0.0,0.0,0.0,0.4914386551826772,0.4401661962542524,0.4378059241846797,0.4350187264384752,0.4673833655075957,0.0,0.0,0.4228338338696478,0.4572940588887254,0.4499060379762091,0.4423684776868578,0.4701627255071309,0.4592266786216817
0.0,0.3929933883477188,0.4112185146382775,0.2361308895990845,0.3261849680449404,0.3638167075816336,0.3184045701740184,0.3726686219720653,0.4058798017306931,0.3680008286090763,0.3874480430780489,0.346263871429739,0.31911641731673,0.2699124108982372,0.3321488471494374,0.4010680287406998,0.3923106076439213,0.3900532642477373,0.4051978395004074,0.3570078930480889,0.3959192336028988,0.3942928765138025,0.3739052079500769,0.3658141370202901,0.3903116539884038,0.3854383190780512,0.3762874974933316,0.0,0.3154015093922326,0.3116378885753062,0.3312963189101686,0.3420921193703124,0.3120339444661557,0.3251547437534841,0.3025410479503099,0.2478005687349266,0.2319935547249796,0.2917608289860682,0.4315040993767454,0.0,0.0,0.0,0.0,0.0,0.0,0.0,0.0,0.0,0.0,0.0,0.0,0.0,0.41695645129888,0.0,0.0,0.0,0.0,0.0,0.0,0.0,0.0,0.0,0.0,0.0,0.4536638286028979,0.424300641539904,0.0,0.4454200173827017,0.0,0.0,0.0,0.4434346576842856,0.0,0.4522394777178778,0.0,0.0
0.0,0.3847884821345864,0.0,0.0,0.372930538451736,0.3479325304786242,0.3773576517897169,0.3698880287670075,0.3850629439756163,0.4771310476603022,0.0,0.0,0.3684697848847101,0.0,0.323635396604523,0.3876713590559415,0.0,0.3845694284887216,0.0,0.2979227896834131,0.3673323682875437,0.3641864342736828,0.3581984508879557,0.0,0.3880269123500969,0.367369366796344,0.3640498097026444,0.3154015093922326,0.0,0.32995585572436,0.3296653879436493,0.3782208273572823,0.3376044408558366,0.366218290358623,0.407238581110602,0.4516339373653708,0.4130146715300087,0.0,0.4264821043748336,0.0,0.0,0.0,0.0,0.0,0.0,0.0,0.0,0.0,0.0,0.0,0.0,0.0,0.416763188301502,0.0,0.0,0.0,0.0,0.0,0.0,0.4103768208394242,0.0,0.0,0.0,0.0,0.4260592519947851,0.4011113303154238,0.4405798576068491,0.4422477071880436,0.0,0.0,0.0,0.4404094693090659,0.0,0.4404229656169437,0.0,0.0
0.0,0.0,0.0,0.0,0.0,0.3856830810474606,0.0,0.3691937105420214,0.4209953814532644,0.0,0.0,0.0,0.3614293214082474,0.0,0.0,0.3964168814404394,0.0,0.4186553032739878,0.0,0.3317401504152639,0.0,0.3668044575639683,0.3669018004207318,0.0,0.0,0.0,0.3609299486146907,0.3116378885753062,0.32995585572436,0.0,0.3024806330325995,0.3685563958346029,0.0,0.3286792426478346,0.3797268047896839,0.0,0.0,0.0,0.0,0.0,0.0,0.0,0.0,0.0,0.0,0.0,0.0,0.0,0.0,0.0,0.0,0.0,0.0,0.0,0.0,0.0,0.0,0.0,0.0,0.0,0.0,0.0,0.0,0.0,0.0,0.0,0.0,0.4512049198511487,0.0,0.0,0.0,0.4487688120938634,0.0,0.0,0.0,0.0
0.327303487910869,0.3278303994573391,0.424338913853329,0.2974120542246985,0.3863327729100322,0.3976066326346777,0.3126645908184396,0.3937437056845284,0.4301614049786301,0.3270780347623126,0.4208597825320079,0.3232601820647372,0.3637202604745204,0.3111113953235269,0.338250851653801,0.3264770240395594,0.3316532204275926,0.3401328728654514,0.4309638357268875,0.3280447978428773,0.3342761545687532,0.3361435534449096,0.3751954219928256,0.3425093514270877,0.3460465184196972,0.3498458371904523,0.3653639116470589,0.3312963189101686,0.3296653879436493,0.3024806330325995,0.0,0.3492767658306832,0.3040477322845623,0.2621454047293657,0.2296943531465831,0.3245037207144899,0.258550241571502,0.2788309722696801,0.400404366226851,0.3570533722340439,0.3501604880770703,0.0,0.0,0.0,0.0,0.0,0.3787305024562056,0.0,0.0,0.0,0.0,0.0,0.4108311671134204,0.0,0.0,0.0,0.0,0.0,0.0,0.3874568533807084,0.3699464268188362,0.0,0.4039916246624261,0.0,0.4450925941151892,0.0,0.3841245098008025,0.4474063602377044,0.0,0.3992293726797929,0.398693210687252,0.4516775878638239,0.0,0.0,0.0,0.0
0.3837239279208194,0.3859204161614278,0.3993890254841299,0.2643640802881781,0.3471632820398905,0.3862770528029307,0.3400735483597299,0.3536051327303106,0.4059486775884662,0.3224178850698412,0.2985356704972248,0.2725203273333779,0.350912736376309,0.1879387954335518,0.361263825178046,0.4040641018189355,0.4030572531056922,0.4044748990969202,0.3989211736319402,0.3756500273268553,0.378630156606809,0.3786388793390861,0.3706724978319521,0.2820284498696114,0.3872977607222698,0.3849871652394095,0.376689955310129,0.3420921193703124,0.3782208273572823,0.3685563958346029,0.3492767658306832,0.0,0.3290872743705418,0.3431226215446423,0.394449690840517,0.2599479319884066,0.2930555943675975,0.2660888796467381,0.3059560265993231,0.3050594171280537,0.332331594203364,0.3324721817101102,0.2968904597122316,0.2752142069382179,0.2402070587353016,0.4185022704876269,0.4111434838254479,0.0,0.0,0.0,0.4335857839575425,0.0,0.4188157277413961,0.0,0.0,0.0,0.2283328213893772,0.0,0.0,0.4180991001966035,0.4117411647700706,0.0,0.4208189868362266,0.0,0.4296703266665568,0.4093799431163973,0.402892279606416,0.4492021461703496,0.0,0.4078335321616618,0.424563098004413,0.4435278333234659,0.3195244415923407,0.4312608572125132,0.0,0.4321093501878106
0.3265141575255992,0.3081642329698646,0.0,0.0,0.0,0.3624056093983678,0.3524521084375544,0.3636180344799969,0.0,0.3141720835684311,0.0,0.2663492372366679,0.3333583625390081,0.0,0.3298423382118327,0.3277325850680034,0.345938527618834,0.3231750829565076,0.0,0.3344748228677575,0.3557371618325533,0.3429921127262728,0.3436924022053128,0.2097105746164968,0.3095195239370283,0.325853549630433,0.3427619604497927,0.3120339444661557,0.3376044408558366,0.0,0.3040477322845623,0.3290872743705418,0.0,0.2394249184487293,0.3708342941882582,0.2766043525980209,0.263342853152536,0.1897422418016431,0.3121420316179479,0.2205882608343797,0.2639064464118025,0.0,0.0,0.0,0.2404854071637142,0.3709901286528029,0.3984010227508553,0.0,0.0,0.0,0.0,0.0,0.0,0.0,0.3192246505061839,0.0,0.3294831363152309,0.0,0.0,0.4111281909244412,0.3963529203891704,0.3189240999031786,0.3920473501066819,0.0,0.4245850772416127,0.3660988554015084,0.3979562202525024,0.4054316844968702,0.3077108536921121,0.3889853123586685,0.4013635531808498,0.3958925361886791,0.0,0.0,0.0,0.0
0.3296218841726925,0.3365156714043323,0.4196081993259007,0.215454549841057,0.3808019523145181,0.4031995383782972,0.3386693846788521,0.3918654189218771,0.4236341915865015,0.2955521304598874,0.4099844837111935,0.2279853583929801,0.3652898754330649,0.336906742073301,0.3566544339846433,0.3446008718349733,0.3502751435161866,0.353630062367642,0.4246703438841142,0.3633754192910013,0.3551680867476569,0.3542144579672879,0.3895094650352467,0.2444620046740548,0.3430192719548104,0.3500477905947702,0.3873845671351161,0.3251547437534841,0.366218290358623,0.3286792426478346,0.2621454047293657,0.3431226215446423,0.2394249184487293,0.0,0.285532486945775,0.3134571031605994,0.2248578894701683,0.1868712516217223,0.3058460830966732,0.2684130067090161,0.3202764487686383,0.3133359495210427,0.3324389721262065,0.3163126084814845,0.2828284222051643,0.3714867653221369,0.3919909832978113,0.0,0.0,0.0,0.0,0.0,0.4457707359909867,0.0,0.3327586212847312,0.0,0.3612648089477446,0.0,0.0,0.4169145057445221,0.3899978478648991,0.0,0.4047108260790218,0.0,0.4173038973092668,0.4049547691010584,0.3951590296337242,0.4624894456939271,0.0,0.3971035697859812,0.4081385301907662,0.4608494319200525,0.3260010204502697,0.459219958086689,0.0,0.3692106083168517
0.3902859738291877,0.3775332963336706,0.4401351382005243,0.3447900441748464,0.4159223097931437,0.4310234441563827,0.3628792705641979,0.4147166474419,0.4240276912652966,0.2639671196584309,0.4019800956166205,0.3179696162487983,0.3934992540410307,0.0,0.401304436929311,0.3825859014017337,0.3658540285290411,0.3813242261287466,0.4153661465512301,0.4118817462054177,0.4038976820860028,0.4053408366341622,0.4118234514594088,0.3417255742419213,0.3756973132983751,0.3895157954807185,0.4066457242642931,0.3025410479503099,0.407238581110602,0.3797268047896839,0.2296943531465831,0.394449690840517,0.3708342941882582,0.285532486945775,0.0,0.4500528095188517,0.3641323632752019,0.2531750615972847,0.328886226844505,0.262074230966524,0.2997472208575773,0.3450681421435972,0.3376217607168735,0.3408706749589417,0.0,0.0,0.4125848424201519,0.0,0.0,0.0,0.0,0.0,0.0,0.0,0.0,0.0,0.0,0.0,0.0,0.4415696679541358,0.4222876232184836,0.0,0.0,0.0,0.4587647192676036,0.0,0.414062776100487,0.4672030661905518,0.0,0.4224731219704591,0.4359022369254869,0.4596070906437457,0.3727612309848367,0.0,0.0,0.0
0.0,0.0,0.3760129861975912,0.1826316309669714,0.2414824891208561,0.3857031010893213,0.2663029438777196,0.1869810211100056,0.3967772736169862,0.2944403916021934,0.2678591238512363,0.28593354834072,0.3026969022632287,0.1939576519967728,0.4188373023061301,0.0,0.0,0.0,0.3583867981809928,0.462571612255261,0.0,0.4527746972025477,0.3622573910427757,0.3062255905519162,0.0,0.4342897886458715,0.3929451399223555,0.2478005687349266,0.4516339373653708,0.0,0.3245037207144899,0.2599479319884066,0.2766043525980209,0.3134571031605994,0.4500528095188517,0.0,0.2128806266527615,0.2533239899918962,0.2547412469848546,0.0,0.2681813560189183,0.2850320775504972,0.2909837147495457,0.2860822666275216,0.0,0.0,0.0,0.3853058140935496,0.0,0.0,0.0,0.0,0.0,0.0,0.0,0.0,0.0,0.0,0.0,0.0,0.0,0.0,0.0,0.0,0.0,0.0,0.0,0.4388099026920337,0.0,0.0,0.0,0.4374415077183517,0.0,0.0,0.0,0.0
0.0,0.0,0.4167395655137622,0.1733316319715972,0.3331441377303527,0.3965617428704312,0.2542393090056911,0.0,0.40625555320914,0.2226876554081531,0.3868327983837259,0.2776693722361293,0.3340388182811398,0.1573978024013824,0.0,0.0,0.0,0.0,0.4119556183811028,0.4287196209711824,0.0,0.429618678652253,0.3799220763189423,0.2610879144469703,0.0,0.0,0.3851010420950532,0.2319935547249796,0.4130146715300087,0.0,0.258550241571502,0.2930555943675975,0.263342853152536,0.2248578894701683,0.3641323632752019,0.2128806266527615,0.0,0.2462071967954043,0.3311517114922188,0.0,0.2589208018496369,0.3120503973313933,0.3079988598485419,0.0,0.0,0.0,0.0,0.0,0.0,0.0,0.0,0.0,0.0,0.0,0.0,0.0,0.0,0.0,0.0,0.0,0.0,0.0,0.0,0.0,0.0,0.0,0.0,0.0,0.0,0.0,0.0,0.0,0.0,0.0,0.0,0.0
0.0,0.0,0.0,0.2237965617243855,0.0,0.4372530166865435,0.2986044068152412,0.0,0.4001004933722265,0.2576351109648392,0.3932463614630549,0.2115003356328665,0.3327835090973251,0.0,0.0,0.0,0.3292389341565451,0.0,0.4438071836251061,0.0,0.0,0.0,0.0,0.2240041709066036,0.3112293087352181,0.3143594026110544,0.0,0.2917608289860682,0.0,0.0,0.2788309722696801,0.2660888796467381,0.1897422418016431,0.1868712516217223,0.2531750615972847,0.2533239899918962,0.2462071967954043,0.0,0.2750016536622389,0.2132967863548598,0.2123505136222178,0.2259440388615922,0.0,0.0,0.2203075495474267,0.0,0.0,0.0,0.0,0.0,0.0,0.0,0.0,0.0,0.2902976904244457,0.0,0.3202601144016785,0.0,0.0,0.0,0.0,0.0,0.0,0.0,0.0,0.0,0.0,0.0,0.2982779349473697,0.0,0.3407503863301889,0.0,0.0,0.0,0.0,0.0
0.4037119909228183,0.4029318947822646,0.0,0.0,0.0,0.4376906879831269,0.0,0.4415990573784821,0.433810310028844,0.0,0.0,0.2420607721670125,0.0,0.0,0.4102132435953209,0.3812463251831914,0.0,0.4534891193426233,0.0,0.4203191549395506,0.3817998044389226,0.4009569218465471,0.4492505564646032,0.426544366448548,0.4211836356969679,0.4073620605026629,0.4438335792373565,0.4315040993767454,0.4264821043748336,0.0,0.400404366226851,0.3059560265993231,0.3121420316179479,0.3058460830966732,0.328886226844505,0.2547412469848546,0.3311517114922188,0.2750016536622389,0.0,0.2978376147435581,0.342747947367894,0.3566584690662505,0.2570626988715985,0.2884769380002475,0.2503829745705401,0.3845436664217398,0.359238757491881,0.3912337465573866,0.2485039401373931,0.3478880744413491,0.3806406413168724,0.3518226524827998,0.3380494901053975,0.4040661763862159,0.3199579420104232,0.2874801177779743,0.2619281648359096,0.3626253178531067,0.2124192709340709,0.3717439087839381,0.3765654470158304,0.3843307973573253,0.379939698790362,0.3689620890974211,0.3739263726627329,0.3686358823666963,0.3621923619335042,0.375490871633869,0.2803146055637825,0.3671004978744112,0.3773472249604708,0.3790834853804251,0.3331621798379165,0.3760643517520807,0.3445223758762477,0.35855852903327
0.3860788049424138,0.3765736465644722,0.0,0.0,0.0,0.0,0.0,0.0,0.0,0.3481013459312123,0.0,0.3457523007508544,0.0,0.0,0.3940542043988284,0.3728690452454297,0.3666924986246119,0.3710063013971299,0.0,0.4303151292736892,0.395063063275863,0.400402858792496,0.4040664198808169,0.2966940295201981,0.3647412212024431,0.393479381181343,0.4410356432345091,0.0,0.0,0.0,0.3570533722340439,0.3050594171280537,0.2205882608343797,0.2684130067090161,0.262074230966524,0.0,0.0,0.2132967863548598,0.2978376147435581,0.0,0.2409252825528465,0.3496700777320032,0.4790339560847623,0.2528095605733753,0.198623019563264,0.3380647829942358,0.3292470057380743,0.0,0.0,0.0,0.3491168933797486,0.340093372491816,0.0,0.3858164370653454,0.2914126219030318,0.0,0.2564103690670268,0.3394515227278065,0.0,0.3480461770925407,0.3379051027177474,0.2966081788334637,0.3056331058200494,0.0,0.3337633170649308,0.337905597213996,0.3282782091951208,0.3441777134184982,0.2621877959377253,0.2960463111692616,0.3235192077676431,0.3461681456070631,0.3026516998341332,0.3495354411293908,0.3414848482787589,0.3037637201444331
0.4144926219089311,0.3953239633236281,0.0,0.0,0.0,0.4639606159682506,0.0,0.4503305475366028,0.0,0.3657190714862908,0.0,0.3080782658439912,0.0,0.0,0.4264766236477462,0.3876313779896598,0.0,0.4374791468360474,0.0,0.4443236978072291,0.4228984925025498,0.4003944122265195,0.4615976726129814,0.3387554973189627,0.4076117736330278,0.4071813857867938,0.4576778842096507,0.0,0.0,0.0,0.3501604880770703,0.332331594203364,0.2639064464118025,0.3202764487686383,0.2997472208575773,0.2681813560189183,0.2589208018496369,0.2123505136222178,0.342747947367894,0.2409252825528465,0.0,0.3402915560242791,0.4084824527878217,0.2756056997814938,0.2113011050518488,0.382953381073705,0.3538974618314972,0.4205530092428605,0.2706732948665006,0.3909628141380941,0.406833757738395,0.3677680834906975,0.4027769017397755,0.422632794856727,0.3173829327622095,0.4141162909076782,0.2518648107072586,0.3752798660657276,0.318863594069335,0.3805435637413465,0.3571382860190606,0.3432286130046276,0.3521005608030064,0.4187116863442643,0.3741071180989115,0.3815997380954058,0.3674033554711493,0.4006267624649527,0.2876354430324274,0.3437114174695855,0.364943501048209,0.3993113322960176,0.2945988890581106,0.3753894829504653,0.3412135718173392,0.2396707853568014
0.0,0.4203178087418989,0.0,0.0,0.0,0.5002422704597972,0.0,0.0,0.0,0.0,0.0,0.2784877648491003,0.0,0.0,0.4366620308159304,0.4163317913982233,0.0,0.0,0.0,0.4478163592508616,0.4326735576460092,0.4247068966718264,0.4605591316150302,0.0,0.4401989271137421,0.4364403500366609,0.4658531403400226,0.0,0.0,0.0,0.0,0.3324721817101102,0.0,0.3133359495210427,0.3450681421435972,0.2850320775504972,0.3120503973313933,0.2259440388615922,0.3566584690662505,0.3496700777320032,0.3402915560242791,0.0,0.4610738507170037,0.3379932607938759,0.2754834554756171,0.4171193202767866,0.4008561860755477,0.4171579729843139,0.361296012901497,0.4034215944684859,0.4196049032961298,0.3935139960685534,0.4277699303583928,0.4159184115804963,0.3339467216620119,0.394784777051493,0.2919659524214335,0.4132409881102387,0.0,0.4140411964038909,0.4074794367437707,0.4333246123352169,0.3917159235898053,0.4043143339288286,0.4127525625726019,0.4294140068188737,0.4077018264165832,0.4084258690123918,0.2500807335300921,0.3835928990485898,0.40209155153573,0.4051654998544385,0.3051986093165262,0.4071769375030269,0.3493073550123902,0.2728747849595118
0.0,0.0,0.4473346309541168,0.0,0.0,0.0,0.0,0.4369040294416962,0.4439805776867301,0.0,0.3614667196247343,0.2947090706868492,0.0,0.0,0.4971246533093734,0.0,0.0,0.0,0.4653454717522496,0.0,0.0,0.5196148091667717,0.4464520776545466,0.0,0.0,0.0,0.4277087689420175,0.0,0.0,0.0,0.0,0.2968904597122316,0.0,0.3324389721262065,0.3376217607168735,0.2909837147495457,0.3079988598485419,0.0,0.2570626988715985,0.4790339560847623,0.4084824527878217,0.4610738507170037,0.0,0.2097030796716699,0.2839460220488675,0.0,0.0,0.3607437796054957,0.1836788475486253,0.242847330031808,0.3816950753072928,0.2567205960012278,0.2511825447396563,0.387861795598734,0.3653828286229817,0.2784464032916019,0.3135102823880051,0.2903329416571746,0.19777019594516,0.4647037177570069,0.0,0.0,0.0,0.3395387106173691,0.454233341343107,0.4006815156694364,0.4580901177806854,0.3635394851471972,0.2833763394505537,0.352177682421958,0.4185075178109325,0.3931510341548491,0.2516533913628554,0.414051524619962,0.0,0.3412467643486512
