0.0,0.2886173548696331,0.0,0.0,0.0,0.3125357009221095,0.0,0.349801714473526,0.0,0.3126795890476055,0.0,0.3185181148417925,0.0,0.3371885722741807,0.2906815135778003,0.2866658398643975,0.2649614147120347,0.2708513997773548,0.0,0.2767669705435743,0.2810379758509392,0.281414361821887,0.338696664268904,0.3244733104711088,0.26715404871129,0.2825980348504117,0.3500399480020644,0.2938199018370193,0.29805519389685,0.0,0.2746365849649084,0.2826866669236924,0.2553969059817132,0.2664698848951631,0.2804653522156631,0.0,0.0,0.3118375435662013,0.3267151951608195,0.2917304194077254,0.2993958623903632,0.0,0.0,0.0,0.0,0.3132327777071453,0.3422363211453277,0.0,0.0,0.0,0.0,0.0,0.0,0.0,0.3329346425180391,0.0,0.0,0.0,0.0,0.0,0.3246678056890456,0.0,0.3023488856173618,0.0,0.0,0.2783654846674648,0.3316470964290478,0.0,0.3643351602281021,0.3201906084645363,0.340632907466185,0.0,0.0,0.0,0.0,0.284813175479089
0.2886173548696331,0.0,0.0,0.0,0.2839818757013247,0.2855640859185028,0.3238307685578281,0.3074647750346122,0.2642526376062293,0.0,0.0,0.0,0.323743028577575,0.0,0.2989555086945009,0.302354554934801,0.0,0.2950434681632144,0.0,0.3028006617217462,0.2826231983483631,0.2927761711637671,0.3010350032922407,0.0,0.2847873073233303,0.3015047100739144,0.3011371334190689,0.314992907154813,0.3016106156518121,0.0,0.2766286343892923,0.2848151530749551,0.2525051881583559,0.2679453417541863,0.3049004240152673,0.0,0.0,0.0,0.3188941144153001,0.285223494545969,0.3050762133160117,0.3123446788386994,0.0,0.0,0.0,0.3296262110222311,0.3240011807740161,0.0,0.0,0.0,0.2981010949108446,0.0,0.0,0.0,0.0,0.0,0.0,0.0,0.0,0.3213463612866031,0.3143887792874591,0.0,0.3105760064292228,0.0,0.2964038237427242,0.3392703985427829,0.3130701005100127,0.0,0.0,0.328831169679057,0.3436928769172673,0.2781228485806556,0.0,0.2900975659581413,0.0,0.301852484779331
0.0,0.0,0.0,0.2811100783364895,0.3137321096540956,0.3095029455711749,0.328961491553831,0.3431514128436231,0.2064411080936176,0.306859743251161,0.2842797635077286,0.0,0.3354895148846255,0.3084943919289577,0.0,0.0,0.0,0.0,0.2221063823135935,0.0,0.0,0.0,0.2918903521247433,0.0,0.0,0.0,0.2545725088623484,0.3341843171359661,0.0,0.3197355778759661,0.3301572685981225,0.3194003981008395,0.0,0.3396018858322561,0.3129041820443296,0.3019458475586346,0.3233259890640163,0.0,0.3807195354137503,0.0,0.0,0.0,0.3680925022925404,0.0,0.0,0.0,0.0,0.3189861929869603,0.0,0.0,0.4035063866347523,0.3815562335279815,0.4361102733353373,0.4195686178653224,0.0,0.259555978508206,0.0,0.0,0.3709282976463778,0.0,0.0,0.0,0.0,0.258091973674008,0.0,0.0,0.0,0.415024238513016,0.0,0.0,0.0,0.4327851762241284,0.0,0.0,0.0,0.0
0.0,0.0,0.2811100783364895,0.0,0.2041893795992909,0.2875058876602641,0.2057799822839017,0.2378822738251329,0.2861226685813504,0.1627119662028761,0.2610505254451288,0.188984168747636,0.1989842755506926,0.2085090356122524,0.0,0.0,0.0,0.0,0.2988734646782291,0.3211974135247655,0.0,0.3315326197818807,0.287958163648473,0.0,0.0,0.0,0.2861331794082341,0.1769300838961468,0.0,0.0,0.2236868441282502,0.2091536102433199,0.0,0.172307072311388,0.2002153148194486,0.1448032698947812,0.1322654163989733,0.0,0.0,0.0,0.0,0.0,0.0,0.0,0.0,0.0,0.0,0.0,0.0,0.0,0.0,0.0,0.0,0.0,0.0,0.0,0.0,0.0,0.0,0.0,0.0,0.0,0.0,0.0,0.0,0.0,0.0,0.0,0.0,0.0,0.0,0.0,0.0,0.0,0.0,0.0
0.0,0.2839818757013247,0.3137321096540956,0.2041893795992909,0.0,0.2989878020768136,0.241968172619027,0.2826400239069621,0.2539377461367004,0.3014543397402904,0.2395360210966744,0.2715058789260468,0.2735252521623683,0.2147259032467538,0.0,0.2835700567651613,0.0,0.0,0.2934198940248331,0.3172846227892658,0.0,0.309177611802938,0.3028569309495477,0.0,0.0,0.2714894687388424,0.310490693486762,0.2748840129215389,0.3103908181773,0.0,0.3205830415630678,0.2833084793357275,0.2683042851045297,0.3040296635141351,0.2935577359255538,0.1889567797664739,0.1912085826360981,0.24129804716161,0.0,0.0,0.0,0.0,0.0,0.0,0.0,0.0,0.0,0.4335398413449301,0.0,0.0,0.3494050224103651,0.0,0.0,0.0,0.0,0.0,0.0,0.0,0.0,0.0,0.0,0.0,0.0,0.0,0.0,0.0,0.0,0.3873686778467117,0.0,0.0,0.0,0.3824643670872673,0.0,0.0,0.0,0.0
0.3125357009221095,0.2855640859185028,0.3095029455711749,0.2875058876602641,0.2989878020768136,0.0,0.3219862467689658,0.2960668939605823,0.2585548599545868,0.3366175132231003,0.2561498651951692,0.2741254186213936,0.3062000255935108,0.2954442463192098,0.3158579262551811,0.2998920171248121,0.0,0.2901512212726642,0.2703088554973107,0.3147416659499717,0.2846679833610426,0.3070654912839498,0.3171692890212055,0.0,0.2658991094276534,0.3047928463120365,0.3031232723231009,0.2953618695475825,0.2589289217553749,0.3158727452183081,0.3159902130599782,0.2933069601799254,0.2715360993963095,0.3166718138273972,0.3077023139825066,0.2978605774880442,0.2983268364254272,0.0,0.3366344289558022,0.0,0.3476093410552441,0.2072416281336962,0.2756003956597871,0.0,0.0,0.0,0.0,0.3875371571867871,0.0,0.0,0.3617491363227153,0.0,0.349769049775058,0.3688952580659154,0.0,0.0,0.0,0.3561772971603713,0.0,0.3117892898523383,0.0,0.0,0.0,0.3676718366649709,0.3292104587034652,0.2922331440032253,0.3132976021772621,0.3657605325814601,0.0,0.0,0.3105637876804781,0.356034902235883,0.3538694822143061,0.3405754220192766,0.0,0.35048352175533
0.0,0.3238307685578281,0.328961491553831,0.2057799822839017,0.241968172619027,0.3219862467689658,0.0,0.3037024667559828,0.2979126985231629,0.2838599097860527,0.3238807104298892,0.2480188742455918,0.2597579705510697,0.2274637902723293,0.0,0.3596727410044137,0.3059533286970999,0.3382348636594269,0.3197465509529625,0.3265899623963053,0.0,0.3342435763761673,0.3099898736345798,0.0,0.3220314149322033,0.323387825211911,0.3198789754244175,0.2561662991988276,0.3340650170090953,0.0,0.3111613898420951,0.2930581577408233,0.2438802558479568,0.2897586920255892,0.2787415190010206,0.2219499521418688,0.2036395555584398,0.2551768426139686,0.0,0.0,0.0,0.0,0.0,0.0,0.0,0.0,0.0,0.0,0.0,0.0,0.3537583507828919,0.0,0.0,0.0,0.0,0.0,0.0,0.0,0.0,0.0,0.0,0.0,0.0,0.0,0.0,0.0,0.0,0.3667516472772074,0.0,0.0,0.0,0.3639904570379365,0.0,0.0,0.0,0.0
0.349801714473526,0.3074647750346122,0.3431514128436231,0.2378822738251329,0.2826400239069621,0.2960668939605823,0.3037024667559828,0.0,0.341381443877554,0.3263255037101484,0.2532245764764675,0.0,0.3127114782333182,0.2723014428914656,0.0,0.3177196250906083,0.0,0.3230090663224668,0.3136699431175554,0.2881370045604288,0.295695820921461,0.0,0.2757899755770877,0.3734417273019165,0.3316510538860862,0.3465509293904407,0.3206085400092585,0.3145904802928619,0.2725033757055207,0.3094863264681835,0.3143318673975193,0.2610331909929018,0.315604855793515,0.3116899086048865,0.2979235853241739,0.1931422648291502,0.1550687159428989,0.0,0.3313341078524385,0.0,0.337173632925676,0.0,0.3027822885949974,0.0,0.0,0.0,0.0,0.3808719425228972,0.0,0.0,0.358662145115217,0.3477429631647045,0.2821583934067835,0.3655343308185985,0.0,0.3245464372837532,0.0,0.3583510002148228,0.0,0.3520588258449006,0.0,0.0,0.0,0.369618352723818,0.3780212156545823,0.3414621785079433,0.3976588128899571,0.3592222578953569,0.0,0.0,0.0,0.3699898952472665,0.3494699861636332,0.3492652916826903,0.0,0.3608631994253763
0.0,0.2642526376062293,0.2064411080936176,0.2861226685813504,0.2539377461367004,0.2585548599545868,0.2979126985231629,0.341381443877554,0.0,0.3422287625970535,0.2193645150524011,0.2864808709755959,0.2921427256610472,0.2859053752028038,0.0,0.0,0.0,0.0,0.1883423745978381,0.306117975302501,0.0,0.2894995022310281,0.3029076526026719,0.0,0.2015148052743611,0.2527791497905974,0.2843321555027474,0.3189587218223227,0.2906123312856288,0.3023110078487575,0.3221902540030041,0.2987360286619989,0.2804861234253297,0.318247337269495,0.3118283675160027,0.2770478784072326,0.2999135805288183,0.2811620364967458,0.3866160347066792,0.0,0.0,0.0,0.3516869820486843,0.0,0.0,0.0,0.0,0.4223724265438116,0.0,0.0,0.3911147357742583,0.0,0.3877885514371333,0.4098216769999225,0.0,0.371127408750328,0.0,0.0,0.3841811583161169,0.0,0.0,0.0,0.0,0.386585551796427,0.0,0.0,0.0,0.3997094556415511,0.0,0.0,0.0,0.39421574862407,0.0,0.0,0.0,0.0
0.3126795890476055,0.0,0.306859743251161,0.1627119662028761,0.3014543397402904,0.3366175132231003,0.2838599097860527,0.3263255037101484,0.3422287625970535,0.0,0.3364356801925017,0.2041034282908495,0.2942242510949465,0.2608470323259503,0.0,0.275867086750137,0.2474314458654855,0.2866215822306974,0.324207853659433,0.0,0.3270916699632628,0.0,0.3345225102575661,0.2267322062102177,0.2551700134949788,0.2588822645263091,0.3036761167690887,0.28330032163951,0.0,0.0,0.2610370502182524,0.2522368261213621,0.2000721794923417,0.196050931084883,0.1939132196050316,0.1883081013578272,0.1799346039410812,0.1794934565870376,0.2442896947296292,0.2291275910094428,0.2559025258141659,0.0,0.0,0.0,0.2426472716066849,0.3175134697084838,0.0,0.0,0.0,0.0,0.0,0.0,0.0,0.0,0.3089656873094844,0.0,0.3151939200867423,0.2913665966290895,0.0,0.0,0.2018298384461295,0.2799467138639155,0.21828364321073,0.0,0.0,0.0,0.0,0.0,0.319485601233851,0.2553837751554422,0.2977557592945761,0.0,0.2995412948378683,0.0,0.0,0.3013013727469293
0.0,0.0,0.2842797635077286,0.2610505254451288,0.2395360210966744,0.2561498651951692,0.3238807104298892,0.2532245764764675,0.2193645150524011,0.3364356801925017,0.0,0.2984290801788574,0.3226622025450179,0.2250677604235226,0.0,0.0,0.0,0.0,0.2240381608193823,0.0,0.0,0.0,0.217052210374129,0.0,0.0,0.0,0.3060717860713246,0.3279367050366594,0.0,0.0,0.3354050338181044,0.2848522926679896,0.2963568072841799,0.3276257605974551,0.3104695328493957,0.210929903869318,0.3054520555668128,0.3013495631493158,0.2855026525845201,0.0,0.0,0.0,0.3036076831797722,0.0,0.0,0.0,0.0,0.3951608151043404,0.0,0.0,0.3584717651359502,0.0,0.3364090142785333,0.3811032544723708,0.0,0.3152891929106565,0.0,0.0,0.3199408007340591,0.0,0.0,0.0,0.0,0.2900623944882634,0.0,0.0,0.0,0.40217102488693,0.0,0.0,0.0,0.3789924801560199,0.0,0.0,0.0,0.0
0.3185181148417925,0.0,0.0,0.188984168747636,0.2715058789260468,0.2741254186213936,0.2480188742455918,0.0,0.2864808709755959,0.2041034282908495,0.2984290801788574,0.0,0.2693091616950457,0.0,0.0,0.0,0.2490788606406256,0.2520395789481651,0.0,0.0,0.3131713798864338,0.0,0.2819310598319339,0.2023493046246231,0.2571555634029596,0.2367672403634473,0.0,0.2450201240670167,0.0,0.0,0.2332384703282365,0.1907213907398302,0.1616412130394826,0.1652178757348604,0.2125450870909636,0.0,0.2317893764359806,0.1440841594933927,0.1769918404049109,0.2232566593847882,0.2296585827675403,0.2171618011957697,0.0,0.0,0.2257084358708411,0.0,0.0,0.0,0.0,0.0,0.0,0.0,0.0,0.0,0.3175285823028718,0.0,0.3261484241924606,0.0,0.0,0.0,0.0,0.2914874360203654,0.2474877367172939,0.0,0.0,0.0,0.0,0.0,0.3299878851884159,0.2736936357330515,0.3199742726145491,0.0,0.3015180430102314,0.0,0.0,0.3093702533525571
0.0,0.323743028577575,0.3354895148846255,0.1989842755506926,0.2735252521623683,0.3062000255935108,0.2597579705510697,0.3127114782333182,0.2921427256610472,0.2942242510949465,0.3226622025450179,0.2693091616950457,0.0,0.2442189570872793,0.3161209934495801,0.3448599035960674,0.320495933844262,0.3576733690839807,0.3166439878864215,0.3278005172423663,0.327444094790147,0.3410644173723783,0.3187048342251144,0.2430084035783241,0.3159604989907397,0.3186695553830124,0.3241095569182399,0.2574235851817813,0.3251680866865765,0.3020879766888762,0.3177016397359575,0.3001398861511306,0.2708203705476334,0.2999106904918768,0.2828391187438874,0.2387720984349292,0.2140608485894853,0.2565710426130638,0.3163166019195034,0.0,0.0,0.0,0.2697645442667887,0.0,0.0,0.0,0.0,0.0,0.0,0.0,0.4215811513230196,0.0,0.3513935910556524,0.0,0.0,0.0,0.0,0.0,0.0,0.0,0.0,0.0,0.0,0.0,0.0,0.0,0.0,0.3709950468716608,0.0,0.0,0.0,0.3761245747628004,0.0,0.327941904401279,0.0,0.0
0.3371885722741807,0.0,0.3084943919289577,0.2085090356122524,0.2147259032467538,0.2954442463192098,0.2274637902723293,0.2723014428914656,0.2859053752028038,0.2608470323259503,0.2250677604235226,0.0,0.2442189570872793,0.0,0.0,0.0,0.0,0.0,0.2824202703690873,0.0,0.3257070346959808,0.0,0.279851163057148,0.0,0.0,0.0,0.3116527263832754,0.1894904941705347,0.0,0.0,0.311047188176978,0.2072628290788359,0.0,0.2932850903306212,0.0,0.1687051589599031,0.1529764597812165,0.0,0.0,0.0,0.0,0.0,0.0,0.0,0.0,0.0,0.0,0.0,0.0,0.0,0.0,0.0,0.0,0.3609263209843183,0.0,0.3303496683801963,0.0,0.0,0.0,0.0,0.0,0.0,0.0,0.3210877340977799,0.0,0.0,0.0,0.3677626175519901,0.0,0.0,0.0,0.3703264450627095,0.0,0.0,0.0,0.0
0.2906815135778003,0.2989555086945009,0.0,0.0,0.0,0.3158579262551811,0.0,0.0,0.0,0.0,0.0,0.0,0.3161209934495801,0.0,0.0,0.3052758699842151,0.0,0.295736436397546,0.0,0.2828951170407233,0.3098200738080811,0.2944646799953753,0.3101217367752857,0.3662119868392096,0.2878128157063356,0.3145380877113187,0.3207000056032991,0.2936999902495281,0.2855164034800292,0.2840847373341584,0.2985114782899494,0.3009186660792464,0.2896503412311347,0.3059302688241479,0.3267377569235116,0.362842902572004,0.0,0.0,0.3494379763299541,0.3469819644249185,0.3590503604499501,0.3685981732116039,0.2596177759263912,0.0,0.0,0.4094674245501863,0.3853047296733736,0.0,0.0,0.0,0.3391712806621292,0.0,0.0,0.0,0.0,0.0,0.0,0.0,0.0,0.3663153869992481,0.3127429179584318,0.0,0.0,0.0,0.3461924471195177,0.3549604933088841,0.3714816100951301,0.3552072946341808,0.0,0.0,0.4178622857844299,0.356760711042802,0.3098028130287359,0.3310116977871341,0.0,0.3336236126923178
0.2866658398643975,0.302354554934801,0.0,0.0,0.2835700567651613,0.2998920171248121,0.3596727410044137,0.3177196250906083,0.0,0.275867086750137,0.0,0.0,0.3448599035960674,0.0,0.3052758699842151,0.0,0.2902010361576928,0.2639175138366305,0.0,0.3120654284326918,0.296144325060765,0.2964231682509368,0.3096513722358264,0.2410293071062696,0.2734002843874509,0.3078572096974974,0.3093994015292857,0.3486700083838259,0.3230047908664812,0.3340029046495951,0.2804220399447635,0.304776462745636,0.2821572856198651,0.2716192315283083,0.3143612075843455,0.0,0.0,0.0,0.3114126461193144,0.2706415212649076,0.297083510958807,0.3063145340166772,0.0,0.0,0.0,0.3210503258628286,0.3182821600770628,0.0,0.0,0.0,0.0,0.0,0.0,0.0,0.0,0.0,0.0,0.0,0.0,0.3345774328358726,0.3060846745687876,0.0,0.2809090025194539,0.0,0.0,0.0,0.3093885058181023,0.0,0.0,0.3038259647524907,0.336392387803981,0.0,0.0,0.0,0.0,0.2887011310467857
0.2649614147120347,0.0,0.0,0.0,0.0,0.0,0.3059533286970999,0.0,0.0,0.2474314458654855,0.0,0.2490788606406256,0.320495933844262,0.0,0.0,0.2902010361576928,0.0,0.2684172076330029,0.0,0.2607835059470052,0.0,0.2722839004170329,0.0,0.2706064655266793,0.2592871954932769,0.2702518776663744,0.0,0.3114603628431155,0.2608553076479901,0.0,0.2803150615079723,0.2848138334043233,0.2500960901173705,0.2616521676883429,0.2594344800971561,0.0,0.0,0.2127198956194741,0.2656211062167025,0.2284609484338265,0.234929384533046,0.0,0.0,0.0,0.0,0.0,0.0,0.0,0.0,0.0,0.0,0.0,0.0,0.0,0.2992533822056007,0.0,0.3039731198257582,0.0,0.0,0.0,0.0,0.2926394291980479,0.2492234783061541,0.0,0.0,0.0,0.0,0.0,0.3104389667821886,0.2721623170834254,0.3007063437703782,0.0,0.0,0.0,0.0,0.2577143393460557
0.2708513997773548,0.2950434681632144,0.0,0.0,0.0,0.2901512212726642,0.3382348636594269,0.3230090663224668,0.0,0.2866215822306974,0.0,0.2520395789481651,0.3576733690839807,0.0,0.295736436397546,0.2639175138366305,0.2684172076330029,0.0,0.0,0.2965051896783728,0.304443072774257,0.298486791090894,0.3234589675134865,0.2693895883057206,0.2736483077321522,0.2802576234318479,0.3097727285997965,0.3385730427894348,0.3114727456804932,0.0,0.2832606224924349,0.286949652352895,0.2579300177000352,0.275095921621448,0.2772145096518452,0.0,0.0,0.0,0.2904068402758439,0.2539828118981586,0.2698568609973283,0.0,0.0,0.0,0.0,0.3085563754172372,0.2893681082262814,0.0,0.0,0.0,0.0,0.0,0.0,0.0,0.2718723989980454,0.0,0.2988874060936556,0.0,0.0,0.0,0.2754356658428906,0.0,0.2709897460278829,0.0,0.0,0.0,0.2521844613873528,0.0,0.3221157468614272,0.2823251054303831,0.3089411702034384,0.0,0.0,0.0,0.0,0.2774476100468144
0.0,0.0,0.2221063823135935,0.2988734646782291,0.2934198940248331,0.2703088554973107,0.3197465509529625,0.3136699431175554,0.1883423745978381,0.324207853659433,0.2240381608193823,0.0,0.3166439878864215,0.2824202703690873,0.0,0.0,0.0,0.0,0.0,0.0,0.0,0.0,0.2683513143923445,0.0,0.0,0.0,0.2842078885521767,0.320144674469171,0.0,0.0,0.32568442761155,0.2960696719491617,0.0,0.3206632009502525,0.3079129317431498,0.2775912004829887,0.2643917513656919,0.0,0.3360548777784633,0.0,0.0,0.0,0.3487754940047353,0.0,0.0,0.0,0.0,0.4101220868048627,0.0,0.0,0.3859206421636331,0.0,0.3790263060428575,0.3849944834601759,0.0,0.3613195263924915,0.0,0.0,0.0,0.0,0.0,0.0,0.0,0.3937519344834365,0.0,0.0,0.0,0.4001027753023035,0.0,0.0,0.0,0.400516707028949,0.0,0.0,0.0,0.0
0.2767669705435743,0.3028006617217462,0.0,0.3211974135247655,0.3172846227892658,0.3147416659499717,0.3265899623963053,0.2881370045604288,0.306117975302501,0.0,0.0,0.0,0.3278005172423663,0.0,0.2828951170407233,0.3120654284326918,0.2607835059470052,0.2965051896783728,0.0,0.0,0.2852313945292382,0.2858591798260389,0.2835515813489215,0.0,0.2845645290585351,0.3160353703817957,0.2951383848994541,0.2902374513882365,0.2704089468411616,0.2806081302464892,0.2928521355541381,0.3047323921682777,0.2734102498987665,0.3095497007761776,0.3234769758703347,0.3521689483977078,0.3194384456885207,0.0,0.333300318714442,0.2700675123697162,0.2888583184171705,0.3588184755021888,0.0,0.0,0.0,0.0,0.2893977781009158,0.0,0.0,0.0,0.0,0.0,0.3365768822008936,0.0,0.0,0.0,0.0,0.0,0.0,0.3471842505402148,0.0,0.0,0.0,0.0,0.3397856842904405,0.3412906181618735,0.3388285878638998,0.3732568378248846,0.0,0.0,0.3354723378773774,0.3552970422918964,0.3345094953369091,0.3476821221974053,0.0,0.328154586119693
0.2810379758509392,0.2826231983483631,0.0,0.0,0.0,0.2846679833610426,0.0,0.295695820921461,0.0,0.3270916699632628,0.0,0.3131713798864338,0.327444094790147,0.3257070346959808,0.3098200738080811,0.296144325060765,0.0,0.304443072774257,0.0,0.2852313945292382,0.0,0.303235856023986,0.3156107056039247,0.3596150979003153,0.2995030033480431,0.3086935584171281,0.3091513144406111,0.3040935327360806,0.2676775794419992,0.2895653438891166,0.2819404862804578,0.2809128528043403,0.2574026544227392,0.2866338073306588,0.3118049675342653,0.0,0.0,0.0,0.3418694147871927,0.3241172890714586,0.3342919177035843,0.3482583876400345,0.0,0.0,0.0,0.3547850916834549,0.3688410042814562,0.0,0.0,0.0,0.328230596656426,0.0,0.2237758861656416,0.0,0.0,0.0,0.0,0.0,0.0,0.3531969286470932,0.3371339738394092,0.0,0.0,0.0,0.3520762741898442,0.2766939859191812,0.3753840767433035,0.3391282986214856,0.0,0.0,0.3724271566122217,0.35108129071182,0.0,0.3289491289011217,0.0,0.0
0.281414361821887,0.2927761711637671,0.0,0.3315326197818807,0.309177611802938,0.3070654912839498,0.3342435763761673,0.0,0.2894995022310281,0.0,0.0,0.0,0.3410644173723783,0.0,0.2944646799953753,0.2964231682509368,0.2722839004170329,0.298486791090894,0.0,0.2858591798260389,0.303235856023986,0.0,0.3284240014109801,0.0,0.2926619348308524,0.3009729094047504,0.3240603413891597,0.3188924948612239,0.3036191159456134,0.29963653072066,0.290298632076211,0.3019520186572044,0.2737387268681588,0.2966458417481125,0.322945579697139,0.3564081350015353,0.3265547909565747,0.0,0.3262333677849914,0.3035643944157427,0.3101847037310686,0.3330054778138206,0.0,0.0,0.0,0.3534037224383366,0.3330796876544413,0.0,0.0,0.0,0.3166002089343881,0.0,0.0,0.0,0.0,0.0,0.0,0.0,0.0,0.3605083823760591,0.3046560065734893,0.0,0.0,0.0,0.3399664867872933,0.3509827860003924,0.3438963355257307,0.3510998138072593,0.0,0.286073343361743,0.3550245864688308,0.3465342194631485,0.2390646671432496,0.2958848222158274,0.0,0.2889126941280216
0.338696664268904,0.3010350032922407,0.2918903521247433,0.287958163648473,0.3028569309495477,0.3171692890212055,0.3099898736345798,0.2757899755770877,0.3029076526026719,0.3345225102575661,0.217052210374129,0.2819310598319339,0.3187048342251144,0.279851163057148,0.3101217367752857,0.3096513722358264,0.0,0.3234589675134865,0.2683513143923445,0.2835515813489215,0.3156107056039247,0.3284240014109801,0.0,0.3935645891834091,0.3175194905249515,0.3300669556393019,0.2935503365275097,0.316343102623603,0.2899216875526149,0.3131187372819898,0.3104717287928549,0.2924247231390028,0.2726451555676114,0.3146557528267174,0.3119378013081009,0.275283564975718,0.2991853960596567,0.0,0.3555790093654472,0.3422917194316855,0.3484550922973595,0.3265324394918457,0.3344287273126203,0.0,0.0,0.0,0.366491288983771,0.4062983579600833,0.0,0.3610007360199077,0.377449661215583,0.3687092025668639,0.3583582010340284,0.3897484402118917,0.0,0.3701251159741671,0.0,0.3673565950124912,0.3326750856401143,0.3562853435750809,0.0,0.0,0.0,0.3895098273307008,0.3680794569180617,0.3741742208545198,0.3850884647980546,0.3780605714798519,0.0,0.0,0.3795394427762946,0.3776663050139777,0.3618644465352931,0.3611238169111713,0.3608148749646678,0.3700518804046739
0.3244733104711088,0.0,0.0,0.0,0.0,0.0,0.0,0.3734417273019165,0.0,0.2267322062102177,0.0,0.2023493046246231,0.2430084035783241,0.0,0.3662119868392096,0.2410293071062696,0.2706064655266793,0.2693895883057206,0.0,0.0,0.3596150979003153,0.0,0.3935645891834091,0.0,0.2653290331055346,0.2603795286495506,0.3356249086801757,0.2643817696381771,0.0,0.0,0.2499204868574005,0.2108893392699155,0.1884998765194415,0.1609411167210832,0.154445124415967,0.0,0.0,0.1602464293699424,0.3236966871271467,0.2207656530432705,0.238087741267439,0.2316250273719377,0.0,0.0,0.2216514354269877,0.3118654399439852,0.2945870876330065,0.0,0.0,0.0,0.0,0.0,0.0,0.0,0.3059417621877306,0.0,0.3087492797570375,0.0,0.0,0.0,0.2532147639501712,0.3052420150166964,0.2936080241282276,0.0,0.0,0.0,0.0,0.0,0.3212367311183795,0.2896381787143685,0.3296294426704191,0.0,0.3445673273475306,0.0,0.0,0.2987506070762008
0.26715404871129,0.2847873073233303,0.0,0.0,0.0,0.2658991094276534,0.3220314149322033,0.3316510538860862,0.2015148052743611,0.2551700134949788,0.0,0.2571555634029596,0.3159604989907397,0.0,0.2878128157063356,0.2734002843874509,0.2592871954932769,0.2736483077321522,0.0,0.2845645290585351,0.2995030033480431,0.2926619348308524,0.3175194905249515,0.2653290331055346,0.0,0.2716320101520615,0.276052344279912,0.3050739582024567,0.2979361064227339,0.0,0.271659996470908,0.2697007223544895,0.2263402697897978,0.2440690605756711,0.255012898148227,0.0,0.0,0.1880613039440976,0.2919645966059196,0.2393659475354012,0.270824369846058,0.2785900032946625,0.0,0.0,0.2425627439514793,0.3045383994266243,0.288705087903899,0.0,0.0,0.0,0.0,0.0,0.0,0.0,0.3036138117408921,0.0,0.3148043463527262,0.0,0.0,0.0,0.2729491893857918,0.2929960641014016,0.2668694743297679,0.0,0.2172206482242536,0.0,0.1893881041471947,0.0,0.3198288921884786,0.2793251733836904,0.3068148180987937,0.0,0.0,0.2299071177289316,0.0,0.2798515219697194
0.2825980348504117,0.3015047100739144,0.0,0.0,0.2714894687388424,0.3047928463120365,0.323387825211911,0.3465509293904407,0.2527791497905974,0.2588822645263091,0.0,0.2367672403634473,0.3186695553830124,0.0,0.3145380877113187,0.3078572096974974,0.2702518776663744,0.2802576234318479,0.0,0.3160353703817957,0.3086935584171281,0.3009729094047504,0.3300669556393019,0.2603795286495506,0.2716320101520615,0.0,0.3324240837924082,0.3258907385673766,0.3029068805514363,0.0,0.2871978735620063,0.2968370662527457,0.2588207269390515,0.2742643569113085,0.3184077987106406,0.3485664566091064,0.0,0.1997738130127639,0.3364617742357226,0.2857921772784493,0.3173385953125686,0.340314480414652,0.0,0.0,0.2429762310065875,0.3335511232564356,0.3483050951671965,0.0,0.0,0.0,0.3414937930374341,0.0,0.0,0.0,0.323348199382716,0.0,0.3371069657798316,0.0,0.0,0.3791472811807276,0.3220892609588576,0.3117157127133802,0.2898992418215245,0.0,0.3413786804229416,0.3697755755486852,0.3608851174248514,0.3680958305679812,0.3388441172278744,0.3037495265942504,0.3420121005716875,0.3665784630283024,0.0,0.3066768535461787,0.0,0.3097997243980264
0.3500399480020644,0.3011371334190689,0.2545725088623484,0.2861331794082341,0.310490693486762,0.3031232723231009,0.3198789754244175,0.3206085400092585,0.2843321555027474,0.3036761167690887,0.3060717860713246,0.0,0.3241095569182399,0.3116527263832754,0.3207000056032991,0.3093994015292857,0.0,0.3097727285997965,0.2842078885521767,0.2951383848994541,0.3091513144406111,0.3240603413891597,0.2935503365275097,0.3356249086801757,0.276052344279912,0.3324240837924082,0.0,0.3146550295461363,0.289677055038799,0.2994619141137568,0.3101827076245624,0.2953925363321633,0.2559239070158974,0.3137997513255659,0.3070110835539467,0.2899890047796581,0.2932785219369418,0.0,0.3487737444618807,0.2964923244196921,0.314518660427397,0.3128612394779438,0.3227958932411205,0.0,0.0,0.0,0.3036964520367315,0.4082925565958298,0.0,0.0,0.3760716810372354,0.3607492370228252,0.3703975546048517,0.381598258283656,0.0,0.3791589345400252,0.0,0.3720332757946467,0.3704165561466859,0.3490317202001174,0.0,0.0,0.0,0.3889305362983952,0.3626875499926664,0.3499585160487517,0.3846482431239339,0.3762780833556893,0.0,0.0,0.3554741824413632,0.3673430636567742,0.361248582666937,0.3550253223760238,0.3411484393012304,0.3560654545462824
0.2938199018370193,0.314992907154813,0.3341843171359661,0.1769300838961468,0.2748840129215389,0.2953618695475825,0.2561662991988276,0.3145904802928619,0.3189587218223227,0.28330032163951,0.3279367050366594,0.2450201240670167,0.2574235851817813,0.1894904941705347,0.2936999902495281,0.3486700083838259,0.3114603628431155,0.3385730427894348,0.320144674469171,0.2902374513882365,0.3040935327360806,0.3188924948612239,0.316343102623603,0.2643817696381771,0.3050739582024567,0.3258907385673766,0.3146550295461363,0.0,0.2667212917373776,0.2667370136721251,0.3010212120273078,0.274332764091706,0.251658490463219,0.2783696878688075,0.251805413249283,0.2056766076699108,0.1789669770681726,0.2527367964553797,0.2878724673706755,0.0,0.0,0.0,0.2718240585115348,0.0,0.0,0.0,0.0,0.0,0.0,0.0,0.386934936681403,0.0,0.3812691607805288,0.0,0.0,0.0,0.2963569815956631,0.0,0.0,0.3248282592108478,0.0,0.0,0.0,0.0,0.3566506779868096,0.0,0.0,0.3733020453371342,0.0,0.0,0.0,0.3658995272379591,0.3506803702879202,0.3564478232114973,0.0,0.3255565421310232
0.29805519389685,0.3016106156518121,0.0,0.0,0.3103908181773,0.2589289217553749,0.3340650170090953,0.2725033757055207,0.2906123312856288,0.0,0.0,0.0,0.3251680866865765,0.0,0.2855164034800292,0.3230047908664812,0.2608553076479901,0.3114727456804932,0.0,0.2704089468411616,0.2676775794419992,0.3036191159456134,0.2899216875526149,0.0,0.2979361064227339,0.3029068805514363,0.289677055038799,0.2667212917373776,0.0,0.2796647158045673,0.2806221138777973,0.2869113777253329,0.255238021896743,0.2985281061203259,0.3044936941026627,0.3311984892765758,0.2995158566258057,0.0,0.3257831275619419,0.0,0.0,0.0,0.2081614475929024,0.0,0.0,0.0,0.2747294548148663,0.0,0.0,0.0,0.305251564342875,0.0,0.3094174811891894,0.0,0.0,0.0,0.0,0.0,0.0,0.32899047815999,0.0,0.0,0.0,0.0,0.3410035551447987,0.3116311189925729,0.3299796820157967,0.3474978420836357,0.0,0.0,0.3160085335790693,0.3511178159772086,0.3194624610514035,0.3306567948904808,0.3108028536702992,0.3220444181939628
0.0,0.0,0.3197355778759661,0.0,0.0,0.3158727452183081,0.0,0.3094863264681835,0.3023110078487575,0.0,0.0,0.0,0.3020879766888762,0.0,0.2840847373341584,0.3340029046495951,0.0,0.0,0.0,0.2806081302464892,0.2895653438891166,0.29963653072066,0.3131187372819898,0.0,0.0,0.0,0.2994619141137568,0.2667370136721251,0.2796647158045673,0.0,0.2728417087850689,0.2741679839567797,0.225292989874776,0.2826098580036515,0.0,0.0,0.0,0.0,0.3412778784587976,0.0,0.0,0.0,0.0,0.0,0.0,0.0,0.0,0.0,0.0,0.0,0.327927548088271,0.0,0.0,0.0,0.0,0.0,0.0,0.0,0.0,0.0,0.0,0.0,0.0,0.0,0.3425418659638796,0.0,0.0,0.3696314646497664,0.0,0.0,0.0,0.3620421401721415,0.0,0.3242824563712395,0.0,0.0
0.2746365849649084,0.2766286343892923,0.3301572685981225,0.2236868441282502,0.3205830415630678,0.3159902130599782,0.3111613898420951,0.3143318673975193,0.3221902540030041,0.2610370502182524,0.3354050338181044,0.2332384703282365,0.3177016397359575,0.311047188176978,0.2985114782899494,0.2804220399447635,0.2803150615079723,0.2832606224924349,0.32568442761155,0.2928521355541381,0.2819404862804578,0.290298632076211,0.3104717287928549,0.2499204868574005,0.271659996470908,0.2871978735620063,0.3101827076245624,0.3010212120273078,0.2806221138777973,0.2728417087850689,0.0,0.2811111679593129,0.2613948467378081,0.2348283863429319,0.2023238668260658,0.2830858338558766,0.238682895370279,0.2055543162921327,0.3181007780511172,0.2490275857785828,0.2856698533138988,0.0,0.0,0.0,0.0,0.3184897765897885,0.3111888794025294,0.0,0.0,0.0,0.376958729745532,0.0,0.3466771180086095,0.0,0.2897450108914152,0.0,0.2936258076238221,0.0,0.0,0.3374529590860243,0.2927973441934411,0.0,0.2687670743593779,0.0,0.3393164216673891,0.3269044510501923,0.3304448472438661,0.363463496609221,0.2951544665342607,0.2898333597277158,0.3228084619989701,0.3646459971184623,0.339392515670486,0.3452543426721925,0.0,0.2575874384975517
0.2826866669236924,0.2848151530749551,0.3194003981008395,0.2091536102433199,0.2833084793357275,0.2933069601799254,0.2930581577408233,0.2610331909929018,0.2987360286619989,0.2522368261213621,0.2848522926679896,0.1907213907398302,0.3001398861511306,0.2072628290788359,0.3009186660792464,0.304776462745636,0.2848138334043233,0.286949652352895,0.2960696719491617,0.3047323921682777,0.2809128528043403,0.3019520186572044,0.2924247231390028,0.2108893392699155,0.2697007223544895,0.2968370662527457,0.2953925363321633,0.274332764091706,0.2869113777253329,0.2741679839567797,0.2811111679593129,0.0,0.2306713703703964,0.2330880150279149,0.2467372560987331,0.2082130400624757,0.2182875740078351,0.1967161555229259,0.1855433446319904,0.204892167572566,0.2316214486352139,0.228838242641884,0.2278935989916569,0.0,0.2085138925814879,0.305030572860074,0.3093087285820348,0.3344473285839727,0.0,0.0,0.340974576868838,0.0,0.3172715068084186,0.3116992750741018,0.2058961013690624,0.2649219511495428,0.2046561235717732,0.0,0.0,0.3359239321597878,0.2813706604740704,0.0,0.2747329711361428,0.3008376041264436,0.3336584862481577,0.3260247212743609,0.3332134609248383,0.3482288897749884,0.1622405016796444,0.2745724896741949,0.319115497927408,0.3461863676619509,0.2784581969113065,0.3222960126641235,0.0,0.3270924301728979
0.2553969059817132,0.2525051881583559,0.0,0.0,0.2683042851045297,0.2715360993963095,0.2438802558479568,0.315604855793515,0.2804861234253297,0.2000721794923417,0.2963568072841799,0.1616412130394826,0.2708203705476334,0.0,0.2896503412311347,0.2821572856198651,0.2500960901173705,0.2579300177000352,0.0,0.2734102498987665,0.2574026544227392,0.2737387268681588,0.2726451555676114,0.1884998765194415,0.2263402697897978,0.2588207269390515,0.2559239070158974,0.251658490463219,0.255238021896743,0.225292989874776,0.2613948467378081,0.2306713703703964,0.0,0.1775015890697184,0.2363042377535383,0.1916917014237387,0.2211678298929528,0.1340741359444901,0.2125383600418611,0.1541563900982689,0.206708085642865,0.1889743166645416,0.0,0.0,0.1678759862247666,0.3021646732292968,0.2816314794956824,0.0,0.0,0.0,0.0,0.0,0.0,0.0,0.2498746979497243,0.0,0.2522022074535092,0.0,0.0,0.3419602555568731,0.2648847216618539,0.0,0.2339879602876178,0.0,0.2854283969793847,0.0,0.3067772192624504,0.3117371775665828,0.2579392909924778,0.2634085921324443,0.3059449813324563,0.2949810317641606,0.2513575570768729,0.2437228896218831,0.0,0.2486502500610251
0.2664698848951631,0.2679453417541863,0.3396018858322561,0.172307072311388,0.3040296635141351,0.3166718138273972,0.2897586920255892,0.3116899086048865,0.318247337269495,0.196050931084883,0.3276257605974551,0.1652178757348604,0.2999106904918768,0.2932850903306212,0.3059302688241479,0.2716192315283083,0.2616521676883429,0.275095921621448,0.3206632009502525,0.3095497007761776,0.2866338073306588,0.2966458417481125,0.3146557528267174,0.1609411167210832,0.2440690605756711,0.2742643569113085,0.3137997513255659,0.2783696878688075,0.2985281061203259,0.2826098580036515,0.2348283863429319,0.2330880150279149,0.1775015890697184,0.0,0.1788282822056034,0.2197646959973461,0.1721733106678532,0.1452338241929878,0.2295587437833867,0.1870423495547795,0.2233744329316782,0.2111606858412262,0.2105510277410021,0.0,0.1860405328852346,0.2380075468417123,0.3086583564865682,0.0,0.0,0.0,0.3660506054262156,0.0,0.3643700353542341,0.0,0.2655712061707611,0.0,0.2700572112343495,0.0,0.0,0.3426495155837085,0.2840345064278223,0.0,0.2555440791729101,0.0,0.3384390655405926,0.3486800653249636,0.3338015154157339,0.3670766764496788,0.2536308594347786,0.2659164240959433,0.3203595141863291,0.3621691859965743,0.0,0.3403423718968897,0.0,0.2418410942292274
0.2804653522156631,0.3049004240152673,0.3129041820443296,0.2002153148194486,0.2935577359255538,0.3077023139825066,0.2787415190010206,0.2979235853241739,0.3118283675160027,0.1939132196050316,0.3104695328493957,0.2125450870909636,0.2828391187438874,0.0,0.3267377569235116,0.3143612075843455,0.2594344800971561,0.2772145096518452,0.3079129317431498,0.3234769758703347,0.3118049675342653,0.322945579697139,0.3119378013081009,0.154445124415967,0.255012898148227,0.3184077987106406,0.3070110835539467,0.251805413249283,0.3044936941026627,0.0,0.2023238668260658,0.2467372560987331,0.2363042377535383,0.1788282822056034,0.0,0.2829410189801657,0.2272036801912647,0.1587555524458223,0.2312382391676615,0.2199826023326522,0.2374623535348212,0.2460434944305932,0.0,0.0,0.0,0.4020098764609289,0.3319419282519061,0.0,0.0,0.0,0.0,0.0,0.0,0.0,0.0,0.0,0.0,0.0,0.0,0.3536037076321597,0.3025928177152132,0.0,0.0,0.0,0.3372429890280224,0.0,0.3527385797650469,0.3632051601180507,0.0,0.2878433995968497,0.3420940470431469,0.3585311383868118,0.0,0.3215851733776573,0.0,0.0
0.0,0.0,0.3019458475586346,0.1448032698947812,0.1889567797664739,0.2978605774880442,0.2219499521418688,0.1931422648291502,0.2770478784072326,0.1883081013578272,0.210929903869318,0.0,0.2387720984349292,0.1687051589599031,0.362842902572004,0.0,0.0,0.0,0.2775912004829887,0.3521689483977078,0.0,0.3564081350015353,0.275283564975718,0.0,0.0,0.3485664566091064,0.2899890047796581,0.2056766076699108,0.3311984892765758,0.0,0.2830858338558766,0.2082130400624757,0.1916917014237387,0.2197646959973461,0.2829410189801657,0.0,0.1329774631141276,0.2431946111876192,0.2485374015628778,0.263141566675111,0.2347580356245326,0.2337342393641827,0.236671308053525,0.0,0.0,0.0,0.0,0.3506600935431877,0.0,0.0,0.293308355272334,0.0,0.3012642475162921,0.3327663477216966,0.0,0.2805588861761219,0.2558521990631735,0.0,0.0,0.0,0.0,0.0,0.0,0.3276933734251455,0.0,0.0,0.3130697083776204,0.331432139925897,0.0,0.0,0.0,0.2999344712594694,0.2579796255652816,0.2464065612287151,0.0,0.0
0.0,0.0,0.3233259890640163,0.1322654163989733,0.1912085826360981,0.2983268364254272,0.2036395555584398,0.1550687159428989,0.2999135805288183,0.1799346039410812,0.3054520555668128,0.2317893764359806,0.2140608485894853,0.1529764597812165,0.0,0.0,0.0,0.0,0.2643917513656919,0.3194384456885207,0.0,0.3265547909565747,0.2991853960596567,0.0,0.0,0.0,0.2932785219369418,0.1789669770681726,0.2995158566258057,0.0,0.238682895370279,0.2182875740078351,0.2211678298929528,0.1721733106678532,0.2272036801912647,0.1329774631141276,0.0,0.2119411618841699,0.2119027236417256,0.0,0.0,0.21695225101551,0.0,0.0,0.0,0.0,0.0,0.0,0.0,0.0,0.0,0.0,0.0,0.0,0.0,0.0,0.1935726290131334,0.0,0.0,0.0,0.0,0.0,0.0,0.0,0.0,0.0,0.0,0.0,0.0,0.0,0.0,0.0,0.0,0.0,0.0,0.0
0.3118375435662013,0.0,0.0,0.0,0.24129804716161,0.0,0.2551768426139686,0.0,0.2811620364967458,0.1794934565870376,0.3013495631493158,0.1440841594933927,0.2565710426130638,0.0,0.0,0.0,0.2127198956194741,0.0,0.0,0.0,0.0,0.0,0.0,0.1602464293699424,0.1880613039440976,0.1997738130127639,0.0,0.2527367964553797,0.0,0.0,0.2055543162921327,0.1967161555229259,0.1340741359444901,0.1452338241929878,0.1587555524458223,0.2431946111876192,0.2119411618841699,0.0,0.1859603502795095,0.1607354862125771,0.1933048218481143,0.2050302018345546,0.0,0.0,0.1753477847110605,0.0,0.0,0.0,0.0,0.0,0.0,0.0,0.0,0.0,0.2627819348260082,0.0,0.2186204020635351,0.0,0.0,0.0,0.0,0.0,0.0,0.0,0.0,0.0,0.0,0.0,0.2216530833156719,0.2326411151443185,0.2628475242544799,0.0,0.0,0.0,0.0,0.3223489082573636
0.3267151951608195,0.3188941144153001,0.3807195354137503,0.0,0.0,0.3366344289558022,0.0,0.3313341078524385,0.3866160347066792,0.2442896947296292,0.2855026525845201,0.1769918404049109,0.3163166019195034,0.0,0.3494379763299541,0.3114126461193144,0.2656211062167025,0.2904068402758439,0.3360548777784633,0.333300318714442,0.3418694147871927,0.3262333677849914,0.3555790093654472,0.3236966871271467,0.2919645966059196,0.3364617742357226,0.3487737444618807,0.2878724673706755,0.3257831275619419,0.3412778784587976,0.3181007780511172,0.1855433446319904,0.2125383600418611,0.2295587437833867,0.2312382391676615,0.2485374015628778,0.2119027236417256,0.1859603502795095,0.0,0.2368625656814286,0.2610156654921048,0.2694181045293755,0.206999028014847,0.2415411912600539,0.2236096270849422,0.2925243595507416,0.2934520665385596,0.3183300171842885,0.2053063756157358,0.2851145518777553,0.2941289129145014,0.28217969858739,0.2554423801505414,0.3091195275340207,0.2434395139295255,0.2648678844599715,0.2288184471134307,0.2850731749817211,0.2154169700154577,0.3071579762075443,0.3043547195730297,0.2788505662067184,0.2835195363245541,0.292785874100757,0.3224824768756648,0.3138094327671111,0.3098518719765775,0.2874843005408526,0.2632904643756321,0.2721470898586586,0.2950798545535923,0.3034255538289037,0.2567594540518515,0.3039497163505338,0.2849930367054696,0.2879791969701492
0.2917304194077254,0.285223494545969,0.0,0.0,0.0,0.0,0.0,0.0,0.0,0.2291275910094428,0.0,0.2232566593847882,0.0,0.0,0.3469819644249185,0.2706415212649076,0.2284609484338265,0.2539828118981586,0.0,0.2700675123697162,0.3241172890714586,0.3035643944157427,0.3422917194316855,0.2207656530432705,0.2393659475354012,0.2857921772784493,0.2964923244196921,0.0,0.0,0.0,0.2490275857785828,0.204892167572566,0.1541563900982689,0.1870423495547795,0.2199826023326522,0.263141566675111,0.0,0.1607354862125771,0.2368625656814286,0.0,0.1686376504508116,0.2240970302339177,0.2380913634827605,0.2227750155112418,0.1483278926799508,0.2496814605168536,0.2485509003222468,0.0,0.0,0.3038985457620491,0.2834732157564601,0.2871734837243845,0.0,0.3018069804680024,0.2070093761169342,0.3074877091084574,0.1753103749006428,0.320649387963568,0.0,0.2868246659760792,0.2453921238905382,0.2147252840783887,0.2227580988359047,0.0,0.2740130975361728,0.3368817862021461,0.2640060448826937,0.2820950446748735,0.1770834891508971,0.2102868921732441,0.2446966642805849,0.2832478323282933,0.2592940746919962,0.2515929720093393,0.2462944464328574,0.2327799736018629
0.2993958623903632,0.3050762133160117,0.0,0.0,0.0,0.3476093410552441,0.0,0.337173632925676,0.0,0.2559025258141659,0.0,0.2296585827675403,0.0,0.0,0.3590503604499501,0.297083510958807,0.234929384533046,0.2698568609973283,0.0,0.2888583184171705,0.3342919177035843,0.3101847037310686,0.3484550922973595,0.238087741267439,0.270824369846058,0.3173385953125686,0.314518660427397,0.0,0.0,0.0,0.2856698533138988,0.2316214486352139,0.206708085642865,0.2233744329316782,0.2374623535348212,0.2347580356245326,0.0,0.1933048218481143,0.2610156654921048,0.1686376504508116,0.0,0.2038819358313864,0.2306636019101442,0.1606241427520688,0.163781171365136,0.2562447899574983,0.2611616263934007,0.3222594548723052,0.1910643012269533,0.2949022678757217,0.3085414752417167,0.2740303778542977,0.3032185028696121,0.3187239523051454,0.1962537249605503,0.3064647716796944,0.1902215044729039,0.2912883223553081,0.2649562656508927,0.3051449971530344,0.2666129542800003,0.2487035063102051,0.2547145533451863,0.3103747884960958,0.2933220523244355,0.3113543655332654,0.2824278282282481,0.296135339996899,0.1989558710804694,0.2340892776239035,0.2614794253460191,0.3006193072724905,0.2212734258100222,0.2811777597218205,0.2622307645953864,0.1893462324936548
