0.0,0.3055389665659905,0.0,0.0,0.0,0.0,0.0,0.3736635155945529,0.0,0.3209373865183581,0.0,0.2944172420725693,0.0,0.0,0.2786767619062295,0.2927705416520546,0.0,0.2816970274981111,0.0,0.3088196086435255,0.3068389411303465,0.3063925692758681,0.3316134396181246,0.2902732385478718,0.279614517079675,0.2696401348134822,0.3240056620350736,0.0,0.0,0.0,0.2772295523019163,0.3028708316671825,0.2423585048424661,0.2615754730675262,0.3027654306716452,0.0,0.0,0.0,0.3068025194517741,0.271060267085859,0.2966505118885721,0.0,0.0,0.0,0.0,0.2620843701810151,0.3273678709465945,0.0,0.0,0.0,0.0,0.0,0.0,0.0,0.366879467578779,0.0,0.0,0.0,0.0,0.0,0.3213905415489265,0.0,0.305892255468528,0.0,0.0,0.245846201935649,0.3244161783802454,0.0,0.2413321181598361,0.3089329482327902,0.3231484834374467,0.0,0.0,0.0,0.0,0.0
0.3055389665659905,0.0,0.0,0.0,0.2908418404712304,0.2843457495029959,0.3019708717616723,0.3531213169162032,0.2780563015139835,0.0,0.0,0.0,0.3181436797001908,0.0,0.3017475022210873,0.2987227433336828,0.0,0.2945332914954013,0.0,0.2983087673929794,0.309624434302131,0.2884333152531247,0.3149305459337942,0.0,0.2831847303169807,0.2836096550746558,0.3019297773066287,0.3327641117097426,0.3107124033425083,0.0,0.2702036748596493,0.3238945087173252,0.261240664518137,0.2712578592644169,0.3060644114208037,0.0,0.0,0.0,0.3287087997256683,0.32835351882933,0.3383877488195906,0.3498955334687345,0.0,0.0,0.0,0.3328642394877211,0.3518902008342948,0.0,0.0,0.0,0.0,0.0,0.0,0.0,0.0,0.0,0.0,0.0,0.0,0.3558638400286654,0.339634129306588,0.0,0.3178534942217498,0.0,0.3273236232785048,0.3447898673663239,0.3621818608916727,0.3534510883675608,0.0,0.3228774429992938,0.3519602247782751,0.3345217548203478,0.0,0.3364561336335893,0.0,0.3186431641959357
0.0,0.0,0.0,0.0,0.2838356045812505,0.2669499526545507,0.3029020297002234,0.3284671115241543,0.1834171939007737,0.3476123520503118,0.2482776538324616,0.0,0.3099227332319111,0.333405106783105,0.0,0.0,0.0,0.0,0.1944854088031512,0.0,0.0,0.0,0.231995271725566,0.0,0.0,0.0,0.2125679665093428,0.3168549762052061,0.0,0.0,0.3272939233492101,0.3056324590866398,0.0,0.3236280530300738,0.3216811946875046,0.3001207589101629,0.3212262225756822,0.0,0.360292830008491,0.0,0.0,0.0,0.3491910487056527,0.0,0.0,0.0,0.0,0.2754712844668812,0.0,0.3897429009577757,0.392065728640035,0.0,0.3863940033654147,0.393748905396642,0.0,0.357718663727011,0.0,0.0,0.3723477557934214,0.0,0.0,0.0,0.0,0.352713665849645,0.0,0.0,0.0,0.414055426148939,0.0,0.0,0.0,0.4006316240420557,0.0,0.0,0.0,0.0
0.0,0.0,0.0,0.0,0.1926916116757149,0.2960057121994863,0.2112229563678167,0.2741926051050999,0.2993419890710157,0.1675183297054661,0.2693579850631072,0.0,0.2162850668423538,0.1981879725197544,0.0,0.0,0.0,0.0,0.3037727999416363,0.0,0.0,0.0,0.2939509990673152,0.0,0.0,0.0,0.3084929691548504,0.192879177489404,0.0,0.0,0.0,0.2290144877147944,0.0,0.1874942559030738,0.2327448680747194,0.1350019243409783,0.1476126970797853,0.0,0.0,0.0,0.0,0.0,0.0,0.0,0.0,0.0,0.0,0.0,0.0,0.0,0.0,0.0,0.0,0.0,0.0,0.0,0.0,0.0,0.0,0.0,0.0,0.0,0.0,0.0,0.0,0.0,0.0,0.0,0.0,0.0,0.0,0.0,0.0,0.0,0.0,0.0
0.0,0.2908418404712304,0.2838356045812505,0.1926916116757149,0.0,0.2761222387962647,0.2380407429080408,0.2856283122084423,0.2487272403907171,0.2995216964101023,0.2526458590219441,0.3076626068162919,0.2702571730793597,0.2170590651627108,0.0,0.0,0.0,0.0,0.2811583109839313,0.2719878717919345,0.0,0.2898234201118023,0.2888909367180588,0.0,0.3044330917916619,0.0,0.288650426006302,0.2649842752096762,0.2970401273256399,0.0,0.2850909446379241,0.2840181681805505,0.3067970367738478,0.3114041149537397,0.2902484375188255,0.171093327275146,0.1902604922172419,0.3226164441265662,0.0,0.0,0.0,0.0,0.2771116989771715,0.0,0.0,0.0,0.0,0.3490058057950193,0.0,0.0,0.0,0.0,0.3335716966709491,0.0,0.0,0.336333700723966,0.0,0.0,0.0,0.0,0.0,0.0,0.0,0.0,0.0,0.0,0.0,0.3681025527492013,0.0,0.0,0.0,0.3806553876061663,0.0,0.0,0.0,0.0
0.0,0.2843457495029959,0.2669499526545507,0.2960057121994863,0.2761222387962647,0.0,0.2910141591129722,0.3181481458792109,0.260735826202117,0.317838407980459,0.2881579013440128,0.0,0.2970592674133564,0.3492527615693895,0.2902329311741458,0.3019617751349674,0.0,0.2934886300079802,0.2811517285216484,0.2936729828121494,0.0,0.2961856569203506,0.2829136525338027,0.0,0.2904425572975674,0.2874027857573091,0.2844203430645974,0.3017099299116785,0.2599690594377938,0.3030235372129141,0.310047201809019,0.306141843294097,0.278090194924655,0.3199279785632905,0.3151135500359991,0.310295325570571,0.313166322414726,0.0,0.3511319763699012,0.0,0.3657350829394024,0.3961624035820593,0.3403206368104394,0.0,0.0,0.0,0.0,0.4040093984184336,0.0,0.0,0.3693255096628894,0.3824826390476473,0.3620770981545186,0.3954439367422104,0.0,0.3794239319566557,0.0,0.3698684696066479,0.0,0.3484000632632824,0.0,0.0,0.0,0.3888006789317926,0.3471598048112573,0.3665501958550821,0.3402771216095779,0.3801842791222402,0.0,0.0,0.0,0.3688216193411764,0.3564673155500665,0.3520421842121991,0.0,0.376054180855358
0.0,0.3019708717616723,0.3029020297002234,0.2112229563678167,0.2380407429080408,0.2910141591129722,0.0,0.3055693945816338,0.2653073037884766,0.2875943198640224,0.3067479171463491,0.2814086446653087,0.246910886251917,0.2254296081813615,0.0,0.32364734296229,0.0,0.3216605624687407,0.3139547306533373,0.2993666911696206,0.0,0.3227265368694489,0.2993552882438012,0.2949388061326472,0.3110552258282069,0.2978757256835655,0.3020969232160006,0.2539326555427285,0.3097146205021261,0.0,0.2944575678375005,0.2820649128726056,0.2768162929599896,0.2858546555882492,0.2758453694501969,0.2171460797467071,0.2226428074082605,0.2928016501561931,0.0,0.0,0.0,0.0,0.0,0.0,0.0,0.0,0.0,0.0,0.0,0.0,0.0,0.0,0.0,0.0,0.0,0.0,0.0,0.0,0.0,0.0,0.0,0.0,0.0,0.0,0.0,0.0,0.0,0.3577127131940862,0.0,0.0,0.0,0.3562257229721068,0.0,0.0,0.0,0.0
0.3736635155945529,0.3531213169162032,0.3284671115241543,0.2741926051050999,0.2856283122084423,0.3181481458792109,0.3055693945816338,0.0,0.3246088797100185,0.365348448725909,0.2641602258282955,0.0,0.3079056855889935,0.2876717264444455,0.3093236742847698,0.0,0.0,0.0,0.2899020805738505,0.0,0.3066407715445413,0.0,0.2763004379740814,0.3796717613742714,0.3785892547052006,0.3572796151987271,0.3228587920723836,0.3133941698591567,0.2993518260384102,0.2863903196282186,0.3278285510954333,0.2662830580346411,0.0,0.3280910341628302,0.3236514249887079,0.2062109329893219,0.2587731460084703,0.0,0.3533641839801772,0.0,0.3588325827924095,0.0,0.320897914965817,0.0,0.0,0.0,0.0,0.3980438069751003,0.0,0.3577868176758659,0.3471913741679652,0.3632911242223375,0.3239287543875128,0.3788601556253206,0.0,0.3443808519972321,0.0,0.3557913789436766,0.3331535748967364,0.3460851735680345,0.0,0.0,0.0,0.3691626536241824,0.3378013320716107,0.2973894167397263,0.0,0.36050766964941,0.0,0.0,0.0,0.3575958013092997,0.3388110591295853,0.3448324074492978,0.0,0.3729244407885368
0.0,0.2780563015139835,0.1834171939007737,0.2993419890710157,0.2487272403907171,0.260735826202117,0.2653073037884766,0.3246088797100185,0.0,0.3247488856631909,0.2400368437062025,0.3354890771527579,0.2950968428428831,0.3108479892203769,0.0,0.0,0.0,0.0,0.1880586680118027,0.2741777666404417,0.0,0.2864277938701871,0.2898646255870314,0.0,0.0,0.0,0.2431880556174524,0.3190877502069677,0.3060857037036686,0.3170968899472866,0.3363090855159519,0.3111456922286906,0.3205214896475999,0.3281100543866252,0.314306738975686,0.2997213057690461,0.31035096177779,0.3234308983399308,0.3369131175647094,0.0,0.0,0.0,0.3189365928409566,0.0,0.0,0.0,0.0,0.3823534367839719,0.0,0.0,0.3869664336220212,0.0,0.3765188479941775,0.4022950668646361,0.0,0.3602024575022526,0.0,0.0,0.3519857477171275,0.0,0.0,0.0,0.0,0.395979637104048,0.0,0.0,0.0,0.3917281085024794,0.0,0.0,0.0,0.3900530812658626,0.0,0.0,0.0,0.0
0.3209373865183581,0.0,0.3476123520503118,0.1675183297054661,0.2995216964101023,0.317838407980459,0.2875943198640224,0.365348448725909,0.3247488856631909,0.0,0.3294491874434312,0.2230206284446885,0.2809397831100517,0.108008118964194,0.0,0.2865371813132142,0.2488302914613795,0.2626794117623628,0.3375458813301842,0.0,0.0,0.3148991800453051,0.3231575084047665,0.246129847659009,0.2461148410616128,0.2606481903757313,0.3248872644873137,0.2797200425790063,0.0,0.0,0.2348770439042411,0.2763849752532217,0.237043067439153,0.22542898104523,0.2649753993614923,0.2271438021820128,0.183829644321542,0.2177204197733561,0.2874489281089951,0.2539218261570904,0.2741608806425494,0.0,0.0,0.0,0.2705883380364507,0.0,0.0,0.0,0.0,0.0,0.0,0.0,0.0,0.0,0.3219404712766303,0.0,0.3302294720879352,0.0,0.0,0.0,0.0,0.2980498319573974,0.2687126097770898,0.0,0.0,0.0,0.0,0.0,0.3213469740547409,0.2942984936936215,0.3164072034799614,0.0,0.3025542305122672,0.0,0.0,0.2901154018765493
0.0,0.0,0.2482776538324616,0.2693579850631072,0.2526458590219441,0.2881579013440128,0.3067479171463491,0.2641602258282955,0.2400368437062025,0.3294491874434312,0.0,0.3271368226473862,0.3124191341118,0.2477404279487278,0.0,0.0,0.0,0.0,0.1952866836037402,0.0,0.0,0.0,0.2340192663024956,0.0,0.0,0.0,0.2728954449977633,0.3200232797418422,0.0,0.0,0.35221861120733,0.2956388445577403,0.3340065354648083,0.3316533556483687,0.3184792358899603,0.2311942763048866,0.310920241396929,0.3212181239982651,0.3184162943008533,0.0,0.0,0.0,0.3088766839862032,0.0,0.0,0.0,0.0,0.3575782859027133,0.0,0.3371765271810208,0.3843674814304531,0.3561070753908922,0.3407939185491689,0.3567601206818912,0.0,0.2346744363658589,0.0,0.3729219007959611,0.3372709971898582,0.0,0.0,0.0,0.0,0.177648870270219,0.0,0.0,0.0,0.3702106367461761,0.0,0.0,0.0,0.3808499259861347,0.0,0.0,0.0,0.0
0.2944172420725693,0.0,0.0,0.0,0.3076626068162919,0.0,0.2814086446653087,0.0,0.3354890771527579,0.2230206284446885,0.3271368226473862,0.0,0.2787368007171312,0.0,0.0,0.0,0.2648021362914376,0.269226285954135,0.0,0.0,0.0,0.0,0.0,0.2201783457532687,0.2563295383752527,0.2200990314392866,0.0,0.2721109546996996,0.0,0.0,0.243006304206208,0.202364681929599,0.1488999579349492,0.1714777585545432,0.2124837811521519,0.2514289953140707,0.2371357317854772,0.1352871660306485,0.2427808871010469,0.2534131588209814,0.2597690217683573,0.0,0.0,0.0,0.2530452553063031,0.0,0.0,0.0,0.0,0.0,0.0,0.0,0.0,0.0,0.3228900030443849,0.0,0.3279575477191029,0.0,0.0,0.0,0.0,0.3084369229182213,0.284693269531521,0.0,0.0,0.0,0.0,0.0,0.3135086247478365,0.3092306105516164,0.3222338057781107,0.0,0.0,0.0,0.0,0.2961209631750065
0.0,0.3181436797001908,0.3099227332319111,0.2162850668423538,0.2702571730793597,0.2970592674133564,0.246910886251917,0.3079056855889935,0.2950968428428831,0.2809397831100517,0.3124191341118,0.2787368007171312,0.0,0.2506274355929738,0.323543457876675,0.3405934555418016,0.3003881751217665,0.318135738403414,0.3173661274310648,0.3121810572455721,0.0,0.3378329932118597,0.3085769744766198,0.2885975596618655,0.324501596086606,0.3037491885470962,0.3115680777693767,0.269340520692228,0.3114202679131984,0.2772075545108564,0.2918522687443698,0.2850249321768759,0.2706650731139339,0.2800236794434298,0.291902674934603,0.2489710867687459,0.2326675613831912,0.2693785554210697,0.3068098883445087,0.0,0.0,0.0,0.3255961866197316,0.0,0.0,0.0,0.0,0.4060807686989495,0.0,0.0,0.0,0.0,0.3467409086951589,0.0,0.0,0.0,0.0,0.0,0.0,0.0,0.0,0.0,0.0,0.0,0.0,0.0,0.0,0.3679807331708884,0.0,0.0,0.0,0.3616512766455032,0.0,0.3768843945583482,0.0,0.0
0.0,0.0,0.333405106783105,0.1981879725197544,0.2170590651627108,0.3492527615693895,0.2254296081813615,0.2876717264444455,0.3108479892203769,0.108008118964194,0.2477404279487278,0.0,0.2506274355929738,0.0,0.0,0.0,0.0,0.0,0.2907613144919854,0.0,0.0,0.0,0.318085795409056,0.0,0.0,0.0,0.3329842516979314,0.1659548779351047,0.0,0.0,0.2699030755510439,0.1862894384645239,0.0,0.1647062460573331,0.0,0.1450593738327066,0.130269348013228,0.0,0.0,0.0,0.0,0.0,0.286424632783392,0.0,0.0,0.0,0.0,0.3772459550159339,0.0,0.0,0.0,0.0,0.0,0.3548442423850762,0.0,0.3440995951830249,0.0,0.0,0.0,0.0,0.0,0.0,0.0,0.0,0.0,0.0,0.0,0.3585189671762707,0.0,0.0,0.0,0.0,0.0,0.0,0.0,0.0
0.2786767619062295,0.3017475022210873,0.0,0.0,0.0,0.2902329311741458,0.0,0.3093236742847698,0.0,0.0,0.0,0.0,0.323543457876675,0.0,0.0,0.3181290932162766,0.0,0.3027810071930767,0.0,0.2499165696850956,0.2709468142862012,0.2534264513267292,0.2824326401688692,0.3415291235205527,0.2972899902818931,0.2600188148529024,0.3054180714692165,0.3032013366919902,0.3034132550854483,0.0,0.2928703470188737,0.3144372262091967,0.283019038905666,0.3039825095272232,0.3429775490240768,0.3458005803845932,0.0,0.0,0.3505284971346553,0.3578387442649527,0.3492427436676231,0.3732405997163465,0.0,0.0,0.0,0.0,0.3460253567219103,0.0,0.0,0.0,0.3388878019783808,0.0,0.3098980571849561,0.0,0.0,0.0,0.0,0.0,0.0,0.3591243225266092,0.3597552983028786,0.0,0.0,0.0,0.3485784965101609,0.3267481894315065,0.358728444725832,0.3498193821916016,0.0,0.0,0.3621291606023686,0.3502594638638593,0.3687774953447779,0.3442586259467449,0.0,0.354106694083659
0.2927705416520546,0.2987227433336828,0.0,0.0,0.0,0.3019617751349674,0.32364734296229,0.0,0.0,0.2865371813132142,0.0,0.0,0.3405934555418016,0.0,0.3181290932162766,0.0,0.2781356815812498,0.2668591157894906,0.0,0.2972899126016434,0.3070744953230805,0.2935156660281014,0.3285782034784001,0.2816308423633616,0.2902647789358888,0.2998693925000593,0.3092059435769417,0.323267689095614,0.3168826611914035,0.3105807909866004,0.2687955288323939,0.3229461795980423,0.2712746357193108,0.2796140591056478,0.3384600004113863,0.0,0.0,0.0,0.3263990423133519,0.3145640822628394,0.32147792611593,0.3311526428805245,0.0,0.0,0.0,0.342755898280654,0.3292249099102725,0.0,0.0,0.0,0.0,0.0,0.0,0.0,0.0,0.0,0.0,0.0,0.0,0.3529093279223623,0.330823662538713,0.0,0.3278235480955783,0.0,0.3517297401179745,0.3520814876576352,0.3333439323969727,0.0,0.0,0.3238483811777973,0.3439499009166351,0.0,0.0,0.0,0.0,0.3153526004507981
0.0,0.0,0.0,0.0,0.0,0.0,0.0,0.0,0.0,0.2488302914613795,0.0,0.2648021362914376,0.3003881751217665,0.0,0.0,0.2781356815812498,0.0,0.2663690271677988,0.0,0.0,0.0,0.2788957721628419,0.0,0.2680689121018967,0.2499259093925201,0.2706862648499677,0.0,0.2901500268917236,0.0,0.0,0.2502518308747997,0.2905299928254798,0.2411118239957669,0.2647825193934931,0.2712188661335318,0.0,0.0,0.2350439063012988,0.0,0.2756142878357543,0.3017294853754378,0.0,0.0,0.0,0.0,0.0,0.0,0.0,0.0,0.0,0.0,0.0,0.0,0.0,0.3374142249157072,0.0,0.3308799920442292,0.0,0.0,0.0,0.0,0.3143514292203077,0.278573935483151,0.0,0.0,0.0,0.0,0.0,0.3292219530768909,0.3012275050568869,0.3206730050504175,0.0,0.0,0.0,0.0,0.0
0.2816970274981111,0.2945332914954013,0.0,0.0,0.0,0.2934886300079802,0.3216605624687407,0.0,0.0,0.2626794117623628,0.0,0.269226285954135,0.318135738403414,0.0,0.3027810071930767,0.2668591157894906,0.2663690271677988,0.0,0.0,0.2962235120847148,0.3268299044327195,0.3035263244315172,0.3023561840520876,0.2706179454280439,0.2570100261155418,0.2766743702823582,0.3028572386055257,0.3048910448156009,0.3226012722428836,0.0,0.2685905702384574,0.2974446126265225,0.2472231063264122,0.2688911401841449,0.2834158236897492,0.0,0.0,0.0,0.3254809271216239,0.309117868213261,0.3194102035508157,0.3276522861993329,0.0,0.0,0.0,0.3146193273638727,0.3217363885472856,0.0,0.0,0.0,0.0,0.0,0.0,0.0,0.326484026313704,0.0,0.325529072983986,0.0,0.0,0.0,0.3167933196950954,0.3155581272207921,0.3071624280348535,0.0,0.0,0.0,0.3236832930719643,0.0,0.3145243359929298,0.3169346686345568,0.3300577481177543,0.0,0.0,0.0,0.0,0.3161636582639969
0.0,0.0,0.1944854088031512,0.3037727999416363,0.2811583109839313,0.2811517285216484,0.3139547306533373,0.2899020805738505,0.1880586680118027,0.3375458813301842,0.1952866836037402,0.0,0.3173661274310648,0.2907613144919854,0.0,0.0,0.0,0.0,0.0,0.0,0.0,0.0,0.2408616338557702,0.0,0.0,0.0,0.2454302768549665,0.3287160850132569,0.0,0.0,0.3353386266301643,0.3077433828977408,0.0,0.3283582304327891,0.3177058291232979,0.2881321062366997,0.3194544477948808,0.0,0.3207833907704244,0.0,0.0,0.0,0.3171948662532821,0.0,0.0,0.0,0.0,0.3769516892998014,0.0,0.0,0.386808502139858,0.0,0.3539043274943432,0.3849460934184032,0.0,0.3264853004028339,0.0,0.0,0.3381285926294451,0.0,0.0,0.0,0.0,0.3708382347041444,0.0,0.0,0.0,0.3899728206000479,0.0,0.0,0.0,0.3919194662903453,0.0,0.0,0.0,0.0
0.3088196086435255,0.2983087673929794,0.0,0.0,0.2719878717919345,0.2936729828121494,0.2993666911696206,0.0,0.2741777666404417,0.0,0.0,0.0,0.3121810572455721,0.0,0.2499165696850956,0.2972899126016434,0.0,0.2962235120847148,0.0,0.0,0.2968064097197732,0.2551428562124752,0.2317057756668164,0.0,0.2976490408381645,0.2990504406081163,0.2733105335559538,0.2568367540867555,0.2587598451187561,0.2501798457209278,0.2635849348382105,0.3129924885509694,0.2737709281288789,0.2875045365439618,0.3239882800503845,0.3486804950730013,0.3273346589787883,0.0,0.3433355494971049,0.3444926065225989,0.342909619357807,0.3544322535748911,0.0,0.0,0.0,0.0,0.3285415218006005,0.0,0.0,0.0,0.3530691970862635,0.0,0.3555121923544493,0.0,0.0,0.0,0.0,0.0,0.0,0.3460933693984281,0.0,0.0,0.0,0.0,0.3404644517326555,0.334784554012365,0.3384113667470548,0.3558491242882054,0.0,0.0,0.3430675619941579,0.3521854986713456,0.3553250249424546,0.3413892007707366,0.0,0.3522423635290342
0.3068389411303465,0.309624434302131,0.0,0.0,0.0,0.0,0.0,0.3066407715445413,0.0,0.0,0.0,0.0,0.0,0.0,0.2709468142862012,0.3070744953230805,0.0,0.3268299044327195,0.0,0.2968064097197732,0.0,0.3099283319727398,0.2822150725633863,0.3643737868389288,0.3281335854329436,0.2791933219804158,0.3170226159893742,0.3270443182690063,0.3070038176563187,0.0,0.2881536808587864,0.310615596315343,0.2671154145726926,0.2835142289274086,0.3461426665184369,0.0,0.0,0.0,0.330557731819376,0.3138936717540762,0.3245127639993974,0.3594175747383686,0.0,0.0,0.0,0.2656517608415201,0.3460021395826551,0.0,0.0,0.0,0.312205320801202,0.0,0.30410266873393,0.0,0.0,0.0,0.0,0.0,0.0,0.3329667825284263,0.3361392239861024,0.0,0.0,0.0,0.3329274880809446,0.2844096324606472,0.3349918623376333,0.3352791828214029,0.0,0.0,0.3489647543691466,0.3329275944912833,0.3429545744220976,0.3448995017830417,0.0,0.3253507684198437
0.3063925692758681,0.2884333152531247,0.0,0.0,0.2898234201118023,0.2961856569203506,0.3227265368694489,0.0,0.2864277938701871,0.3148991800453051,0.0,0.0,0.3378329932118597,0.0,0.2534264513267292,0.2935156660281014,0.2788957721628419,0.3035263244315172,0.0,0.2551428562124752,0.3099283319727398,0.0,0.3137585470524489,0.0,0.2910445798808628,0.2823438797037678,0.3055341441794407,0.3076812088432674,0.2983419412148884,0.2994999124274256,0.2696868349499126,0.3122967433077224,0.2767832589836378,0.2930872740860676,0.3385057144576883,0.3613331401940434,0.334167991731063,0.0,0.3371018661274795,0.3389442284056275,0.3426261334951511,0.3620531687631065,0.0,0.0,0.0,0.3334875219756205,0.3460735661506445,0.0,0.0,0.0,0.3433914539569815,0.0,0.0,0.0,0.0,0.0,0.0,0.0,0.0,0.3624736000731738,0.3298851344999489,0.0,0.3462258529555886,0.0,0.3405293508487372,0.3433006330329372,0.3454541093206729,0.3511540518598495,0.0,0.303225864959294,0.363516070279161,0.343724035652565,0.0,0.3367820357289675,0.0,0.3332200041470495
0.3316134396181246,0.3149305459337942,0.231995271725566,0.2939509990673152,0.2888909367180588,0.2829136525338027,0.2993552882438012,0.2763004379740814,0.2898646255870314,0.3231575084047665,0.2340192663024956,0.0,0.3085769744766198,0.318085795409056,0.2824326401688692,0.3285782034784001,0.0,0.3023561840520876,0.2408616338557702,0.2317057756668164,0.2822150725633863,0.3137585470524489,0.0,0.3570263273176783,0.3445773546854228,0.3135526349226281,0.2520451440099068,0.3130460044705196,0.3049773744753831,0.2944556096650045,0.3084275774223967,0.3088449907622699,0.2856928990346172,0.3197580078318946,0.3229585412611267,0.3031828480400814,0.3077299971182089,0.0,0.3619818139406848,0.3476883952417918,0.3784623287262657,0.3748836928730779,0.3561824400513601,0.0,0.0,0.0,0.0,0.401180223289182,0.0,0.3858693393883086,0.3693922556269784,0.3711467142421416,0.3622325851305952,0.3977101332805002,0.0,0.3640188736520197,0.0,0.373247868123834,0.3699399117745702,0.3557395567904921,0.0,0.0,0.0,0.3842841237688835,0.360091191713181,0.3420811538356432,0.3481492016587327,0.3820343651978314,0.0,0.0,0.343359444568404,0.3708062355583764,0.3674092051157395,0.363456425060391,0.3697382842558681,0.3792458762191013
0.2902732385478718,0.0,0.0,0.0,0.0,0.0,0.2949388061326472,0.3796717613742714,0.0,0.246129847659009,0.0,0.2201783457532687,0.2885975596618655,0.0,0.3415291235205527,0.2816308423633616,0.2680689121018967,0.2706179454280439,0.0,0.0,0.3643737868389288,0.0,0.3570263273176783,0.0,0.2612147335975387,0.2628930386306711,0.3886186772086833,0.28436106122411,0.0,0.0,0.2609626015168976,0.278669749945152,0.1715411064585414,0.2166337287055167,0.294238778446925,0.306232030972917,0.0,0.1674531526644249,0.2811155884199483,0.2509535296363813,0.2826194716678367,0.0,0.0,0.0,0.2254665711169582,0.3068339178338846,0.0,0.0,0.0,0.0,0.0,0.0,0.0,0.0,0.3163723652902635,0.0,0.3171799346757099,0.0,0.0,0.0,0.3294557019165463,0.3099161007633494,0.3151449646333494,0.0,0.0,0.0,0.0,0.0,0.3030653053602072,0.317769258509594,0.3271121197181266,0.0,0.0,0.0,0.0,0.2963158179579164
0.279614517079675,0.2831847303169807,0.0,0.0,0.3044330917916619,0.2904425572975674,0.3110552258282069,0.3785892547052006,0.0,0.2461148410616128,0.0,0.2563295383752527,0.324501596086606,0.0,0.2972899902818931,0.2902647789358888,0.2499259093925201,0.2570100261155418,0.0,0.2976490408381645,0.3281335854329436,0.2910445798808628,0.3445773546854228,0.2612147335975387,0.0,0.269073409754936,0.3004829892625307,0.3008520747266129,0.3236549279961387,0.0,0.2686933538845518,0.2868415662692199,0.2235605558012968,0.2556018140947066,0.2730734615968754,0.0,0.0,0.2248141348709506,0.3070453839323886,0.2882818077653517,0.3035588993680868,0.3210745660993609,0.0,0.0,0.0,0.3097117038278722,0.3281461802752931,0.0,0.0,0.0,0.0,0.0,0.0,0.0,0.3319109894357861,0.0,0.3338640967812499,0.0,0.0,0.0,0.3212951470061415,0.3064735742994565,0.2989087689088926,0.0,0.3210353676875146,0.3265224860827064,0.3138136570002833,0.0,0.3160761384016817,0.308939027944501,0.326919349964918,0.0,0.0,0.0,0.0,0.3060599375487158
0.2696401348134822,0.2836096550746558,0.0,0.0,0.0,0.2874027857573091,0.2978757256835655,0.3572796151987271,0.0,0.2606481903757313,0.0,0.2200990314392866,0.3037491885470962,0.0,0.2600188148529024,0.2998693925000593,0.2706862648499677,0.2766743702823582,0.0,0.2990504406081163,0.2791933219804158,0.2823438797037678,0.3135526349226281,0.2628930386306711,0.269073409754936,0.0,0.3113763313543851,0.294942856394172,0.2982542714142299,0.0,0.2791321758588528,0.3060743905922956,0.2592916713719944,0.2755326522761457,0.3087092736135391,0.2840442887654829,0.0,0.2381382051965508,0.3253300620439626,0.3180545929789197,0.324143810515441,0.356074157632241,0.0,0.0,0.2834249631569216,0.3280494881500119,0.3533452032342621,0.0,0.0,0.0,0.0,0.0,0.0,0.0,0.3411545641191154,0.0,0.3395620929468607,0.0,0.0,0.3592023398524409,0.3418922013823091,0.3281463308190804,0.322532961095695,0.0,0.3354556006377578,0.3400188363936872,0.3474048858985097,0.3392141414104045,0.3337291684155866,0.329128471016762,0.3440672010053096,0.3407494547380481,0.0,0.3441004776140633,0.0,0.3246736491689966
0.3240056620350736,0.3019297773066287,0.2125679665093428,0.3084929691548504,0.288650426006302,0.2844203430645974,0.3020969232160006,0.3228587920723836,0.2431880556174524,0.3248872644873137,0.2728954449977633,0.0,0.3115680777693767,0.3329842516979314,0.3054180714692165,0.3092059435769417,0.0,0.3028572386055257,0.2454302768549665,0.2733105335559538,0.3170226159893742,0.3055341441794407,0.2520451440099068,0.3886186772086833,0.3004829892625307,0.3113763313543851,0.0,0.3114754564969308,0.2946888824857831,0.2895838665149611,0.2897672818560096,0.3117590964677932,0.2870008704940818,0.3090358967437535,0.3185871701278747,0.324242674297141,0.3130678379201385,0.0,0.3554357811905485,0.0,0.373597764393334,0.3793218045375353,0.3552269806410878,0.0,0.0,0.0,0.0,0.4057182308212996,0.0,0.0,0.3661136437820173,0.374646066839092,0.3700750572735377,0.3944960156986549,0.0,0.3839531523333414,0.0,0.3685454756421311,0.3887657366504485,0.3556677990020383,0.0,0.0,0.0,0.3928136384974883,0.3531939385805808,0.3570997920973747,0.346005324582432,0.3779870678118879,0.0,0.0,0.3487092774827294,0.3643809825462265,0.3604151213415711,0.3566784415179616,0.3742752055369109,0.3772809086193009
0.0,0.3327641117097426,0.3168549762052061,0.192879177489404,0.2649842752096762,0.3017099299116785,0.2539326555427285,0.3133941698591567,0.3190877502069677,0.2797200425790063,0.3200232797418422,0.2721109546996996,0.269340520692228,0.1659548779351047,0.3032013366919902,0.323267689095614,0.2901500268917236,0.3048910448156009,0.3287160850132569,0.2568367540867555,0.3270443182690063,0.3076812088432674,0.3130460044705196,0.28436106122411,0.3008520747266129,0.294942856394172,0.3114754564969308,0.0,0.2718812555088167,0.2372816001579804,0.2688599907530958,0.291361706075031,0.2655953917261989,0.2734757473436185,0.2738939862933952,0.1935392638110067,0.1858073631485852,0.264716061347879,0.291234820221628,0.0,0.2822866224850151,0.3128709494649938,0.0,0.0,0.0,0.0,0.0,0.0,0.0,0.0,0.350100188081807,0.0,0.3432022642888221,0.0,0.0,0.0,0.0,0.0,0.0,0.3697491863934302,0.0,0.0,0.0,0.0,0.3545299834293189,0.3393817329452196,0.0,0.3620904955591548,0.0,0.0,0.0,0.3559215189973002,0.3703620235422768,0.3539349843482001,0.0,0.0
0.0,0.3107124033425083,0.0,0.0,0.2970401273256399,0.2599690594377938,0.3097146205021261,0.2993518260384102,0.3060857037036686,0.0,0.0,0.0,0.3114202679131984,0.0,0.3034132550854483,0.3168826611914035,0.0,0.3226012722428836,0.0,0.2587598451187561,0.3070038176563187,0.2983419412148884,0.3049773744753831,0.0,0.3236549279961387,0.2982542714142299,0.2946888824857831,0.2718812555088167,0.0,0.2558673839225441,0.2649955632782626,0.3123301210852182,0.2768237617195729,0.2966858963860229,0.3202950897102086,0.3507455831102876,0.3263058263774162,0.0,0.3412498373899428,0.0,0.3519147961546351,0.375915445731901,0.0,0.0,0.0,0.0,0.3426986784865149,0.0,0.0,0.0,0.3450752253169107,0.0,0.3516384782057194,0.0,0.0,0.0,0.0,0.3708604890330698,0.0,0.3461073750633244,0.0,0.0,0.0,0.0,0.3419806299623575,0.3403905161925112,0.3311304869123225,0.3575659865530434,0.0,0.0,0.3449659895407276,0.3460671480175755,0.3494719958766856,0.3402819666736017,0.0,0.3603872603902694
0.0,0.0,0.0,0.0,0.0,0.3030235372129141,0.0,0.2863903196282186,0.3170968899472866,0.0,0.0,0.0,0.2772075545108564,0.0,0.0,0.3105807909866004,0.0,0.0,0.0,0.2501798457209278,0.0,0.2994999124274256,0.2944556096650045,0.0,0.0,0.0,0.2895838665149611,0.2372816001579804,0.2558673839225441,0.0,0.2248226770400708,0.2840457634229583,0.0,0.256724458561204,0.2796486669299247,0.0,0.0,0.0,0.0,0.0,0.0,0.0,0.0,0.0,0.0,0.0,0.0,0.0,0.0,0.0,0.0,0.0,0.0,0.0,0.0,0.0,0.0,0.0,0.0,0.0,0.0,0.0,0.0,0.0,0.0,0.0,0.0,0.3525892115453401,0.0,0.0,0.0,0.3504224491846343,0.0,0.0,0.0,0.0
0.2772295523019163,0.2702036748596493,0.3272939233492101,0.0,0.2850909446379241,0.310047201809019,0.2944575678375005,0.3278285510954333,0.3363090855159519,0.2348770439042411,0.35221861120733,0.243006304206208,0.2918522687443698,0.2699030755510439,0.2928703470188737,0.2687955288323939,0.2502518308747997,0.2685905702384574,0.3353386266301643,0.2635849348382105,0.2881536808587864,0.2696868349499126,0.3084275774223967,0.2609626015168976,0.2686933538845518,0.2791321758588528,0.2897672818560096,0.2688599907530958,0.2649955632782626,0.2248226770400708,0.0,0.3035803714016677,0.2270681905774943,0.1846452166790505,0.1706802846278246,0.2636933037060008,0.2313195918435495,0.232857816618426,0.3013861008302742,0.2733534091420995,0.281440218573079,0.0,0.0,0.0,0.0,0.3233230725110803,0.3186988529469254,0.0,0.0,0.0,0.0,0.0,0.0,0.0,0.2984940688847338,0.0,0.2976239606769267,0.0,0.0,0.3708047940446812,0.3355721639332151,0.0,0.3171378219993482,0.0,0.329681245306716,0.3122906469995553,0.3242926002907241,0.3677577687298943,0.3010502360061751,0.3093045829820038,0.3444531732264236,0.3561794781049018,0.0,0.3434904109317339,0.0,0.3240692562607103
0.3028708316671825,0.3238945087173252,0.3056324590866398,0.2290144877147944,0.2840181681805505,0.306141843294097,0.2820649128726056,0.2662830580346411,0.3111456922286906,0.2763849752532217,0.2956388445577403,0.202364681929599,0.2850249321768759,0.1862894384645239,0.3144372262091967,0.3229461795980423,0.2905299928254798,0.2974446126265225,0.3077433828977408,0.3129924885509694,0.310615596315343,0.3122967433077224,0.3088449907622699,0.278669749945152,0.2868415662692199,0.3060743905922956,0.3117590964677932,0.291361706075031,0.3123301210852182,0.2840457634229583,0.3035803714016677,0.0,0.2349410355099487,0.2606934293123617,0.2569841266050904,0.1957840468292992,0.2417149163213947,0.1915679207172608,0.2285195819118436,0.197851176642719,0.2438791065920345,0.2300538975858599,0.2613563768943661,0.2594859008890645,0.1779612371530802,0.3113400048704665,0.3322076587021793,0.0,0.0,0.0,0.3547451182409088,0.0,0.3618102430585947,0.3420549969226804,0.2519444536142276,0.3351711664551889,0.1816962106581641,0.3500604136145496,0.0,0.3606549339694779,0.3215285961894973,0.0,0.2974089211362606,0.0,0.3482248786744796,0.3556254319297643,0.3431405610582815,0.3683423186126524,0.2912881713062231,0.3055889581228909,0.3329783130823765,0.3560761650332905,0.3418127228458167,0.3685243687157925,0.0,0.3509983022570841
0.2423585048424661,0.261240664518137,0.0,0.0,0.3067970367738478,0.278090194924655,0.2768162929599896,0.0,0.3205214896475999,0.237043067439153,0.3340065354648083,0.1488999579349492,0.2706650731139339,0.0,0.283019038905666,0.2712746357193108,0.2411118239957669,0.2472231063264122,0.0,0.2737709281288789,0.2671154145726926,0.2767832589836378,0.2856928990346172,0.1715411064585414,0.2235605558012968,0.2592916713719944,0.2870008704940818,0.2655953917261989,0.2768237617195729,0.0,0.2270681905774943,0.2349410355099487,0.0,0.156499328628175,0.2508755630392413,0.1794935387943571,0.1965838283100152,0.1085408928979463,0.212176821815601,0.197120595343821,0.2367747788032334,0.2623033086625693,0.0,0.0,0.1627930598713554,0.2860918639396403,0.3146251771155123,0.0,0.0,0.0,0.0,0.0,0.0,0.0,0.2623451328285719,0.0,0.2759847973940471,0.0,0.0,0.3576090393404811,0.3013609236158573,0.2715872076648992,0.2836203535777175,0.0,0.3421645730588508,0.3182820177035824,0.3385311661532345,0.341372116410062,0.2632224006696169,0.2862815714872239,0.3083471720077164,0.3254260531751828,0.0,0.3407024311915644,0.0,0.2779288917792968
0.2615754730675262,0.2712578592644169,0.3236280530300738,0.1874942559030738,0.3114041149537397,0.3199279785632905,0.2858546555882492,0.3280910341628302,0.3281100543866252,0.22542898104523,0.3316533556483687,0.1714777585545432,0.2800236794434298,0.1647062460573331,0.3039825095272232,0.2796140591056478,0.2647825193934931,0.2688911401841449,0.3283582304327891,0.2875045365439618,0.2835142289274086,0.2930872740860676,0.3197580078318946,0.2166337287055167,0.2556018140947066,0.2755326522761457,0.3090358967437535,0.2734757473436185,0.2966858963860229,0.256724458561204,0.1846452166790505,0.2606934293123617,0.156499328628175,0.0,0.1382513738059335,0.2384760595980916,0.179067998408859,0.1511932237749854,0.2457536850105175,0.2274638977704503,0.222459826298149,0.2540161585708443,0.262887484886251,0.0,0.1984648870191147,0.3077991013992044,0.3199338653437431,0.0,0.0,0.0,0.3572363530802606,0.0,0.3573434229976096,0.0,0.2711419810924489,0.0,0.243301015357258,0.0,0.0,0.3590673512454439,0.3105201830442924,0.0,0.2956767548611839,0.0,0.3530663757108004,0.331321759322724,0.335599137437625,0.3737728395994807,0.2839572159554848,0.3055806822708811,0.3278698509415198,0.371141220905627,0.2910012230813437,0.3514022638785357,0.0,0.3127702416965773
0.3027654306716452,0.3060644114208037,0.3216811946875046,0.2327448680747194,0.2902484375188255,0.3151135500359991,0.2758453694501969,0.3236514249887079,0.314306738975686,0.2649753993614923,0.3184792358899603,0.2124837811521519,0.291902674934603,0.0,0.3429775490240768,0.3384600004113863,0.2712188661335318,0.2834158236897492,0.3177058291232979,0.3239882800503845,0.3461426665184369,0.3385057144576883,0.3229585412611267,0.294238778446925,0.2730734615968754,0.3087092736135391,0.3185871701278747,0.2738939862933952,0.3202950897102086,0.2796486669299247,0.1706802846278246,0.2569841266050904,0.2508755630392413,0.1382513738059335,0.0,0.2807058242987827,0.2268830492938477,0.203454939048873,0.2244620397074947,0.2390082718849163,0.2482367710103081,0.2627969220078002,0.2626156856933184,0.2776529181362925,0.2284445770808388,0.0,0.3573199905060124,0.0,0.0,0.0,0.0,0.0,0.0,0.0,0.0,0.0,0.2401849371079878,0.0,0.0,0.3809735450693317,0.3286918925357086,0.0,0.3008090828200642,0.0,0.3607506756037241,0.371998075414903,0.3636483216698539,0.3623440322902639,0.0,0.3146463691363302,0.3453167063150465,0.3590432376640839,0.0,0.3672031684978475,0.0,0.0
0.0,0.0,0.3001207589101629,0.1350019243409783,0.171093327275146,0.310295325570571,0.2171460797467071,0.2062109329893219,0.2997213057690461,0.2271438021820128,0.2311942763048866,0.2514289953140707,0.2489710867687459,0.1450593738327066,0.3458005803845932,0.0,0.0,0.0,0.2881321062366997,0.3486804950730013,0.0,0.3613331401940434,0.3031828480400814,0.306232030972917,0.0,0.2840442887654829,0.324242674297141,0.1935392638110067,0.3507455831102876,0.0,0.2636933037060008,0.1957840468292992,0.1794935387943571,0.2384760595980916,0.2807058242987827,0.0,0.1753005218518323,0.2086868714926114,0.2176718723972485,0.0,0.2467489291857285,0.2406904933778308,0.2396709192780916,0.0,0.0,0.0,0.0,0.350237435359979,0.0,0.0,0.3512822542805284,0.3321558699644553,0.2876501536996453,0.2997697321628941,0.0,0.3094928442915372,0.2026404266333656,0.3427291666651359,0.2674730748887279,0.0,0.0,0.0,0.0,0.3169953661340937,0.0,0.0,0.0,0.3445509244943133,0.0,0.0,0.0,0.3481212402893388,0.3392861829903259,0.0,0.0,0.0
0.0,0.0,0.3212262225756822,0.1476126970797853,0.1902604922172419,0.313166322414726,0.2226428074082605,0.2587731460084703,0.31035096177779,0.183829644321542,0.310920241396929,0.2371357317854772,0.2326675613831912,0.130269348013228,0.0,0.0,0.0,0.0,0.3194544477948808,0.3273346589787883,0.0,0.334167991731063,0.3077299971182089,0.0,0.0,0.0,0.3130678379201385,0.1858073631485852,0.3263058263774162,0.0,0.2313195918435495,0.2417149163213947,0.1965838283100152,0.179067998408859,0.2268830492938477,0.1753005218518323,0.0,0.2329345935423854,0.1894979350221951,0.0,0.2308851881036009,0.2415461156990723,0.0,0.0,0.0,0.0,0.0,0.0,0.0,0.0,0.0,0.0,0.0,0.0,0.0,0.0,0.0,0.0,0.0,0.0,0.0,0.0,0.0,0.0,0.0,0.0,0.0,0.0,0.0,0.0,0.0,0.0,0.0,0.0,0.0,0.0
0.0,0.0,0.0,0.0,0.3226164441265662,0.0,0.2928016501561931,0.0,0.3234308983399308,0.2177204197733561,0.3212181239982651,0.1352871660306485,0.2693785554210697,0.0,0.0,0.0,0.2350439063012988,0.0,0.0,0.0,0.0,0.0,0.0,0.1674531526644249,0.2248141348709506,0.2381382051965508,0.0,0.264716061347879,0.0,0.0,0.232857816618426,0.1915679207172608,0.1085408928979463,0.1511932237749854,0.203454939048873,0.2086868714926114,0.2329345935423854,0.0,0.1882825967808802,0.1675886866054975,0.2067510596266167,0.2202355796268152,0.0,0.0,0.1716251487047704,0.0,0.0,0.0,0.0,0.0,0.0,0.0,0.0,0.0,0.2456244102016603,0.0,0.2482071350253633,0.0,0.0,0.0,0.0,0.0,0.0,0.0,0.0,0.0,0.0,0.0,0.2184981432092312,0.0,0.2302537701733466,0.0,0.0,0.0,0.0,0.0
0.3068025194517741,0.3287087997256683,0.360292830008491,0.0,0.0,0.3511319763699012,0.0,0.3533641839801772,0.3369131175647094,0.2874489281089951,0.3184162943008533,0.2427808871010469,0.3068098883445087,0.0,0.3505284971346553,0.3263990423133519,0.0,0.3254809271216239,0.3207833907704244,0.3433355494971049,0.330557731819376,0.3371018661274795,0.3619818139406848,0.2811155884199483,0.3070453839323886,0.3253300620439626,0.3554357811905485,0.291234820221628,0.3412498373899428,0.0,0.3013861008302742,0.2285195819118436,0.212176821815601,0.2457536850105175,0.2244620397074947,0.2176718723972485,0.1894979350221951,0.1882825967808802,0.0,0.2281741971089292,0.2521400707163775,0.2610229748263015,0.2165422875624701,0.2480729546916352,0.1854826899526618,0.2784993689267737,0.2849771691541445,0.3206454417119848,0.2162630191980186,0.2781130578595473,0.3146830131254993,0.292292237194532,0.2815536145982228,0.3229601777353502,0.2509528515809231,0.2819353008813198,0.1912397459553351,0.2976298313121097,0.2117730402940439,0.3239078178961099,0.2958535734839715,0.301256234556667,0.2949549985434282,0.3269351295267568,0.3178855843439462,0.2847880258106831,0.3081480069022588,0.3063190361913537,0.2877180822568708,0.2803323463722781,0.2911388458531049,0.302886639781764,0.2833674941788355,0.3094925708042302,0.3008744298631663,0.2884873996563921
0.271060267085859,0.32835351882933,0.0,0.0,0.0,0.0,0.0,0.0,0.0,0.2539218261570904,0.0,0.2534131588209814,0.0,0.0,0.3578387442649527,0.3145640822628394,0.2756142878357543,0.309117868213261,0.0,0.3444926065225989,0.3138936717540762,0.3389442284056275,0.3476883952417918,0.2509535296363813,0.2882818077653517,0.3180545929789197,0.0,0.0,0.0,0.0,0.2733534091420995,0.197851176642719,0.197120595343821,0.2274638977704503,0.2390082718849163,0.0,0.0,0.1675886866054975,0.2281741971089292,0.0,0.165700797575001,0.2511086733357738,0.2007274874711089,0.0,0.1222642368930259,0.2167527871790047,0.2444947013442263,0.0,0.0,0.0,0.2902230132596862,0.2811311114316161,0.3386047845424478,0.3292433498647961,0.2328270234524815,0.3172262692248057,0.1658399587590522,0.2796904703763764,0.0,0.296840678560867,0.257925097718311,0.2479693915060977,0.2431679326197969,0.0,0.2890213592111793,0.2478836067270164,0.2771123381723136,0.2938582882706523,0.1753020833339888,0.2294040292220145,0.2484993211820188,0.2883925599716707,0.2594082722981849,0.290787649096605,0.0,0.2263954123682468
0.2966505118885721,0.3383877488195906,0.0,0.0,0.0,0.3657350829394024,0.0,0.3588325827924095,0.0,0.2741608806425494,0.0,0.2597690217683573,0.0,0.0,0.3492427436676231,0.32147792611593,0.3017294853754378,0.3194102035508157,0.0,0.342909619357807,0.3245127639993974,0.3426261334951511,0.3784623287262657,0.2826194716678367,0.3035588993680868,0.324143810515441,0.373597764393334,0.2822866224850151,0.3519147961546351,0.0,0.281440218573079,0.2438791065920345,0.2367747788032334,0.222459826298149,0.2482367710103081,0.2467489291857285,0.2308851881036009,0.2067510596266167,0.2521400707163775,0.165700797575001,0.0,0.2174549509598135,0.3152216177248821,0.227125568564457,0.1546667471480594,0.2435556286994073,0.2690490723101139,0.3361358386679228,0.1906725255701134,0.3061970793252883,0.3106894885870567,0.2884145935781012,0.3332839949922322,0.328105513020584,0.229588624632875,0.3163809754956697,0.1873057678151932,0.3016912830597427,0.2745109702256057,0.3208457125762695,0.2835140059060457,0.264603152075465,0.258066026404924,0.3354904045934589,0.3002611270838056,0.2832335494597472,0.2994492637843509,0.3232184165876852,0.23761341420658,0.2560294684830372,0.269504254532105,0.3052565559880267,0.2708543225734215,0.2960593792956724,0.2804961378834295,0.1925406079556634
0.0,0.3498955334687345,0.0,0.0,0.0,0.3961624035820593,0.0,0.0,0.0,0.0,0.0,0.0,0.0,0.0,0.3732405997163465,0.3311526428805245,0.0,0.3276522861993329,0.0,0.3544322535748911,0.3594175747383686,0.3620531687631065,0.3748836928730779,0.0,0.3210745660993609,0.356074157632241,0.3793218045375353,0.3128709494649938,0.375915445731901,0.0,0.0,0.2300538975858599,0.2623033086625693,0.2540161585708443,0.2627969220078002,0.2406904933778308,0.2415461156990723,0.2202355796268152,0.2610229748263015,0.2511086733357738,0.2174549509598135,0.0,0.3570888201763291,0.2821585226733996,0.1753152593811859,0.2920873958121665,0.3173354683208133,0.3286053571559595,0.2733182859770984,0.2997013088801302,0.3307179766680982,0.2905789311946377,0.3388666091862246,0.3273972373146598,0.2546119170031102,0.3127024157624216,0.2527619814487616,0.3120806292691161,0.0,0.3468501787536706,0.3200642487431333,0.3027702229827361,0.2907708574204817,0.326838558488904,0.3332139744627153,0.3271149755743518,0.3370653164677513,0.3395349226938401,0.3226324482429583,0.2758013539521912,0.3055829627297001,0.3222931396742315,0.2946820772224326,0.3222273371211438,0.2920353876240801,0.1710242777847658
