0.0,0.2592750593680561,0.0,0.0,0.0,0.0,0.0,0.3423906192958216,0.0,0.0,0.0,0.0,0.0,0.0,0.2573685019170622,0.2808263604591781,0.2722051593137407,0.2533595125522964,0.0,0.2768267387206726,0.3023164967371061,0.259708849141733,0.3170527563343146,0.2849898633422494,0.2439691115855089,0.2557904822513952,0.0,0.3030493539343646,0.3110858994512687,0.0,0.2632103156083379,0.3183134336574152,0.2557077461211652,0.2583751621796844,0.2993154045662826,0.0,0.0,0.0,0.3135164000300852,0.2565798263712578,0.2886771161845506,0.0,0.0,0.0,0.0,0.2582340794942598,0.3141859931388254,0.0,0.0,0.0,0.0,0.0,0.0,0.0,0.0,0.0,0.0,0.0,0.0,0.0,0.2977587059803592,0.0,0.2651098646697719,0.0,0.0,0.0,0.3043329771975562,0.0,0.2342557066160285,0.2725929004500661,0.2931355777789596,0.0,0.0,0.0,0.0,0.2859435156932933
0.2592750593680561,0.0,0.0,0.0,0.0,0.2617337020912016,0.2767536694976197,0.3204354758056583,0.0,0.0,0.0,0.0,0.2720083928569619,0.0,0.2734558121402526,0.2743710337272074,0.0,0.2623397979338317,0.0,0.2798400675461495,0.2671439990258584,0.245702867407585,0.2938727838369385,0.0,0.2373913249412164,0.2651310631739036,0.2871563147949946,0.28321734522072,0.2711531591695196,0.0,0.2510370664051591,0.3087084492512266,0.2705746452477096,0.2409398440889937,0.285361329122951,0.0,0.0,0.0,0.3260632004898913,0.302037101669533,0.3137224346414436,0.3432499096043911,0.0,0.0,0.0,0.3104736869833598,0.3260264831129935,0.0,0.0,0.0,0.0,0.0,0.0,0.0,0.0,0.0,0.0,0.0,0.0,0.0,0.3143815892634966,0.0,0.0,0.0,0.3172192138268815,0.3112458364160885,0.3142258445725345,0.3231880616542848,0.0,0.0,0.3214754630814262,0.3274683494311943,0.0,0.0,0.0,0.3089417833655891
0.0,0.0,0.0,0.0,0.2618000675462684,0.2579660198776519,0.2843076975275054,0.3121017455149906,0.1643830374239376,0.0,0.1890965153720154,0.0,0.2961524899770487,0.3457083906987978,0.0,0.0,0.0,0.0,0.1657112346341452,0.0,0.0,0.0,0.2034342460935453,0.0,0.0,0.0,0.2265262982307055,0.306705774335072,0.0,0.0,0.3179178509262615,0.3088771168861716,0.0,0.3156478160698691,0.0,0.3058842570436742,0.3160577683601769,0.0,0.0,0.0,0.0,0.0,0.300067862726273,0.0,0.0,0.0,0.0,0.2114994877175173,0.0,0.0,0.3582202906861791,0.0,0.3644240701057292,0.3589850278718878,0.0,0.3165588412485411,0.0,0.0,0.3486515751295084,0.0,0.0,0.0,0.0,0.1331362062642747,0.0,0.0,0.0,0.3769709403269259,0.0,0.0,0.0,0.3705546565984214,0.0,0.0,0.0,0.0
0.0,0.0,0.0,0.0,0.1522482312932025,0.2882456286347074,0.1647091240261771,0.0,0.0,0.0940407731511555,0.2363137400738399,0.0,0.1759458990057835,0.1387414381583405,0.0,0.0,0.0,0.0,0.2767262123355365,0.0,0.0,0.3350045915442018,0.2977106327196592,0.0,0.0,0.0,0.0,0.144962261984625,0.0,0.0,0.0,0.194719015867808,0.0,0.1220172796925936,0.2562972609799906,0.1112454980414881,0.1143908772020273,0.0,0.0,0.0,0.0,0.0,0.0,0.0,0.0,0.0,0.0,0.0,0.0,0.0,0.0,0.0,0.0,0.0,0.0,0.0,0.0,0.0,0.0,0.0,0.0,0.0,0.0,0.0,0.0,0.0,0.0,0.0,0.0,0.0,0.0,0.0,0.0,0.0,0.0,0.0
0.0,0.0,0.2618000675462684,0.1522482312932025,0.0,0.2568285807427488,0.2146186492232596,0.2330995980968757,0.2197988305834526,0.2943311048355596,0.2245795058964756,0.2491659161093765,0.2408925547807921,0.187327247669455,0.0,0.0,0.0,0.0,0.2805904341056306,0.0,0.0,0.0,0.2719633987201993,0.0,0.0,0.0,0.2659477314179924,0.253367213538728,0.0,0.0,0.2818389310599487,0.2652296301085404,0.2326163448028492,0.2489110406648719,0.1909732637160108,0.1533239403385,0.1593727004450904,0.2487093995459879,0.0,0.0,0.0,0.0,0.0,0.0,0.0,0.0,0.0,0.3605902667840193,0.0,0.0,0.0,0.0,0.0,0.0,0.0,0.2314008436237715,0.0,0.0,0.0,0.0,0.0,0.0,0.0,0.0,0.0,0.0,0.0,0.3549676191624576,0.0,0.0,0.0,0.0,0.0,0.0,0.0,0.0
0.0,0.2617337020912016,0.2579660198776519,0.2882456286347074,0.2568285807427488,0.0,0.2546502061842165,0.314426353313025,0.2353559443731081,0.3013718453147078,0.2664167552332213,0.0,0.2455308221644042,0.3352895019041589,0.2732084088866127,0.2885086097974543,0.0,0.2795718695982325,0.2575480736324871,0.2671532193586297,0.2792935605617455,0.2795241317886803,0.2623656106048735,0.0,0.2638383771718963,0.2687239917239489,0.2459667443556599,0.2437349379542359,0.2141834775251989,0.2977429448524364,0.2966431586597423,0.3091337521952371,0.0,0.310502602700591,0.2989419186106533,0.3154465536160875,0.3058409560474916,0.0,0.3232632707109062,0.0,0.0,0.0,0.3278047701429968,0.0,0.0,0.0,0.0,0.3764903203510023,0.0,0.0,0.3579293124429334,0.3838754977885298,0.3534774650930394,0.3675945370145775,0.0,0.3527685495793008,0.0,0.3762466562597286,0.0,0.0,0.0,0.0,0.0,0.3684899893405991,0.0,0.0,0.0,0.3770433269372699,0.0,0.0,0.0,0.3592909579191897,0.0,0.0,0.0,0.3832717147883112
0.0,0.2767536694976197,0.2843076975275054,0.1647091240261771,0.2146186492232596,0.2546502061842165,0.0,0.2754165556587586,0.2415404710129317,0.2792654704208996,0.2870087015457815,0.2387618386123641,0.212388769902014,0.2466511689092557,0.0,0.2983906388293491,0.0,0.0,0.2899079225996572,0.2819925566993127,0.0,0.2889694411604017,0.2933940988449007,0.0,0.0,0.0,0.2766068432340681,0.2479690049116188,0.2682065775680601,0.0,0.2627170907371429,0.2569929998007981,0.0,0.2521993824059903,0.1591848323382891,0.1913365623943248,0.1823743023286436,0.2116777887196347,0.0,0.0,0.0,0.0,0.0,0.0,0.0,0.0,0.0,0.0,0.0,0.0,0.3776517025176114,0.0,0.0,0.0,0.0,0.0,0.0,0.0,0.0,0.0,0.0,0.0,0.0,0.0,0.0,0.0,0.0,0.3463637517297998,0.0,0.0,0.0,0.3504362567438146,0.0,0.0,0.0,0.0
0.3423906192958216,0.3204354758056583,0.3121017455149906,0.0,0.2330995980968757,0.314426353313025,0.2754165556587586,0.0,0.3250022261373321,0.0,0.2024221838096173,0.0,0.3018130358356369,0.2441647355845888,0.2990723625097932,0.3377688769681073,0.0,0.3253380088972102,0.24671279696673,0.2632849918096857,0.2653397483718106,0.3151868397354103,0.2402106322553833,0.3535989795002603,0.3432974914596083,0.3363258535241125,0.3075535446320342,0.3091124548531221,0.2688528579147099,0.3054420068491081,0.3137828091007223,0.2819773836757179,0.335393040985618,0.3338132687874564,0.0,0.1749930784664264,0.3040566271992606,0.0,0.3291121986544632,0.0,0.0,0.0,0.1953435977182272,0.0,0.0,0.0,0.0,0.3420351361993655,0.0,0.0,0.0,0.0,0.2709249482312378,0.3333699734656055,0.0,0.2788838540863366,0.0,0.0,0.2738227124049594,0.0,0.0,0.0,0.0,0.336690287547092,0.3082736291819418,0.0,0.0,0.3366707445348244,0.0,0.0,0.0,0.3202204655218807,0.0,0.0,0.0,0.0
0.0,0.0,0.1643830374239376,0.0,0.2197988305834526,0.2353559443731081,0.2415404710129317,0.3250022261373321,0.0,0.3093222780802853,0.2051625635101624,0.0,0.2677362131892044,0.3216257881976103,0.0,0.0,0.0,0.0,0.1780035270647872,0.0,0.0,0.0,0.2650776512495942,0.0,0.0,0.0,0.226097413495858,0.3003224668788087,0.0,0.0,0.3045085453972336,0.2964323735554022,0.0,0.3073693741430924,0.2931436934750629,0.2924762015094447,0.2927519917418097,0.0,0.0,0.0,0.0,0.0,0.2975758499680762,0.0,0.0,0.0,0.0,0.3673507718722054,0.0,0.3587990990490644,0.3491433928762987,0.0,0.3605436855643658,0.3784053531176522,0.0,0.3290822890095399,0.0,0.4090750121555725,0.3218544537525301,0.0,0.0,0.0,0.0,0.352277765703862,0.0,0.0,0.0,0.356919083725822,0.0,0.0,0.0,0.3463809832805407,0.0,0.0,0.0,0.0
0.0,0.0,0.0,0.0940407731511555,0.2943311048355596,0.3013718453147078,0.2792654704208996,0.0,0.3093222780802853,0.0,0.3031552129633616,0.223228307765023,0.2770596438078019,0.0864437428612789,0.0,0.266204790368759,0.230271286422693,0.2519177575340886,0.3114116253292172,0.0,0.3482614333014187,0.0,0.3208262220647309,0.2378707177307551,0.2470349106289828,0.2293353327607638,0.3075671068743591,0.2736001708524769,0.0,0.0,0.2440455965942533,0.2721737791655068,0.2303872472831956,0.2322422109396139,0.236787486094234,0.1651618811273713,0.1485091441834641,0.2254017440287081,0.2233143505595567,0.2280720784692596,0.241842374605242,0.2378563066722837,0.0,0.0,0.2124910436685009,0.0,0.0,0.0,0.0,0.0,0.0,0.0,0.0,0.0,0.2638096170502349,0.0,0.2585043136620099,0.0,0.0,0.0,0.0,0.2758627317214088,0.2666741567396224,0.0,0.0,0.0,0.0,0.0,0.2739341884961796,0.2760879761722152,0.2870499280009617,0.0,0.2798689391214549,0.0,0.0,0.2614825051237507
0.0,0.0,0.1890965153720154,0.2363137400738399,0.2245795058964756,0.2664167552332213,0.2870087015457815,0.2024221838096173,0.2051625635101624,0.3031552129633616,0.0,0.2787569522158666,0.2931001047006227,0.2146635803872701,0.0,0.0,0.0,0.0,0.1967027399602062,0.0,0.0,0.0,0.1824025157540942,0.3090871317455865,0.0,0.0,0.2675504262120166,0.2836633835521626,0.0,0.0,0.2908200041679222,0.2695696264000622,0.2817799191583481,0.2908094857031913,0.24632125694797,0.193545066861349,0.2700211743910338,0.2707333245735406,0.0,0.0,0.0,0.0,0.2296537769197124,0.0,0.0,0.0,0.0,0.315297448049669,0.0,0.2916672175014453,0.0,0.3432372787850134,0.2693023602560417,0.3016876431126143,0.0,0.1922166131547276,0.0,0.3538244708800971,0.253205263187804,0.0,0.0,0.0,0.0,0.1787612204274969,0.0,0.0,0.0,0.32477029154741,0.0,0.0,0.0,0.3298506566716437,0.0,0.0,0.0,0.0
0.0,0.0,0.0,0.0,0.2491659161093765,0.0,0.2387618386123641,0.0,0.0,0.223228307765023,0.2787569522158666,0.0,0.2626810593828585,0.0,0.0,0.0,0.2620247098103853,0.0,0.0,0.0,0.0,0.0,0.3590189077923612,0.2077934302403273,0.2465828211187803,0.1903594346891146,0.0,0.2515297506882822,0.0,0.0,0.2460779212228752,0.210080075284568,0.196773253092252,0.1894991092092479,0.1925374151243785,0.2072503186286219,0.2240419810267193,0.1757486047407626,0.1738767588773051,0.2358495117311151,0.2525712409130783,0.0,0.0,0.0,0.1985969286899198,0.0,0.0,0.0,0.0,0.0,0.0,0.0,0.0,0.0,0.2661189737440489,0.0,0.2624762350178983,0.0,0.0,0.0,0.0,0.2806959620029715,0.2626657187572015,0.0,0.0,0.0,0.0,0.0,0.2719713429682259,0.2799691922175751,0.2896803200753844,0.0,0.0,0.0,0.0,0.2566296878590847
0.0,0.2720083928569619,0.2961524899770487,0.1759458990057835,0.2408925547807921,0.2455308221644042,0.212388769902014,0.3018130358356369,0.2677362131892044,0.2770596438078019,0.2931001047006227,0.2626810593828585,0.0,0.2584754941303536,0.3051203523496417,0.3004518265551423,0.0,0.2899387576464733,0.2953479887255619,0.2849621255095287,0.3070846865006566,0.2946397466608194,0.311890074892425,0.2790927015565552,0.2783224532949304,0.2749797845508871,0.2981438503844695,0.229883731825184,0.2627156400557898,0.2538730480716487,0.2703648038610825,0.2668003539353827,0.2468727872829814,0.2632493122707362,0.2451522612524855,0.2294152829372216,0.2052025043546878,0.2473541287673299,0.3387776825402336,0.0,0.0,0.0,0.0,0.0,0.0,0.0,0.0,0.3925774711302118,0.0,0.0,0.3567975524035553,0.0,0.3429172010465975,0.0,0.0,0.0,0.0,0.0,0.0,0.0,0.0,0.0,0.0,0.0,0.0,0.0,0.0,0.3497437476888208,0.0,0.0,0.0,0.3462466087279049,0.0,0.0,0.0,0.0
0.0,0.0,0.3457083906987978,0.1387414381583405,0.187327247669455,0.3352895019041589,0.2466511689092557,0.2441647355845888,0.3216257881976103,0.0864437428612789,0.2146635803872701,0.0,0.2584754941303536,0.0,0.0,0.0,0.0,0.0,0.256968316674537,0.0,0.0,0.0,0.3032519698552358,0.0,0.0,0.0,0.3223385048515068,0.1757487649629919,0.0,0.0,0.2353673033992052,0.1297740072206231,0.0,0.2482101465200877,0.0,0.1367008943386575,0.107657175292319,0.0,0.0,0.0,0.0,0.0,0.1697852446647613,0.0,0.0,0.0,0.0,0.0,0.0,0.0,0.0,0.0,0.0,0.0,0.0,0.0,0.0,0.0,0.0,0.0,0.0,0.0,0.0,0.0,0.0,0.0,0.0,0.0,0.0,0.0,0.0,0.0,0.0,0.0,0.0,0.0
0.2573685019170622,0.2734558121402526,0.0,0.0,0.0,0.2732084088866127,0.0,0.2990723625097932,0.0,0.0,0.0,0.0,0.3051203523496417,0.0,0.0,0.2805036221663616,0.0,0.2639716066067154,0.0,0.2187447999665693,0.2643578080262256,0.2469307597681672,0.2475011253972197,0.0,0.2534381152909465,0.2738690244669456,0.2476238025822835,0.2798282719728283,0.2890838107566608,0.0,0.2889783527349236,0.3299629295490076,0.2807398976465038,0.2995116912507598,0.31615812800816,0.3549844815186654,0.0,0.0,0.3349073507120502,0.3003246873830617,0.0,0.0,0.0,0.0,0.0,0.0,0.0,0.0,0.0,0.0,0.0,0.0,0.0,0.0,0.0,0.0,0.0,0.0,0.0,0.3101706378503555,0.0,0.0,0.0,0.0,0.3244824744749033,0.3407014216639151,0.3080299264193882,0.3057714330218475,0.0,0.0,0.0,0.3222629251033018,0.0,0.0,0.0,0.0
0.2808263604591781,0.2743710337272074,0.0,0.0,0.0,0.2885086097974543,0.2983906388293491,0.3377688769681073,0.0,0.266204790368759,0.0,0.0,0.3004518265551423,0.0,0.2805036221663616,0.0,0.2483261772431412,0.2122000784425448,0.0,0.2964344543241639,0.2819931124122971,0.2668990225954212,0.306026812152961,0.2691433238362796,0.2461125132714405,0.2898041871960722,0.305956817409612,0.3041023778737919,0.2960442236969023,0.0,0.2476056989987213,0.3046924492109443,0.2550106058597848,0.2382347127279978,0.264009337217604,0.0,0.0,0.0,0.3350191971446889,0.2957800528325148,0.3122157042839885,0.3383451120286461,0.0,0.0,0.0,0.318475440748714,0.3313543517037058,0.0,0.0,0.0,0.0,0.0,0.0,0.0,0.0,0.0,0.0,0.0,0.0,0.3212375375667187,0.3153888927034178,0.0,0.2726366651623551,0.0,0.3295895310640164,0.3207549877568089,0.3189947794778481,0.0,0.0,0.2858201470047055,0.3193276887350715,0.0,0.0,0.0,0.0,0.3064921762980151
0.2722051593137407,0.0,0.0,0.0,0.0,0.0,0.0,0.0,0.0,0.230271286422693,0.0,0.2620247098103853,0.0,0.0,0.0,0.2483261772431412,0.0,0.2225551356778884,0.0,0.0,0.0,0.0,0.0,0.2630422595973921,0.2409683472254486,0.2468691718868535,0.0,0.0,0.0,0.0,0.2525603050587948,0.3199157302056255,0.2619591910426064,0.264213891402653,0.2863643693654,0.0,0.0,0.2494934707443575,0.3168165674972025,0.2582702819557963,0.2960790714646956,0.0,0.0,0.0,0.0,0.0,0.0,0.0,0.0,0.0,0.0,0.0,0.0,0.0,0.2718742714710285,0.0,0.284772491431624,0.0,0.0,0.0,0.0,0.2839406859959771,0.291032680028959,0.0,0.0,0.0,0.0,0.0,0.3061212595551087,0.2751509521433969,0.3043433114300544,0.0,0.0,0.0,0.0,0.0
0.2533595125522964,0.2623397979338317,0.0,0.0,0.0,0.2795718695982325,0.0,0.3253380088972102,0.0,0.2519177575340886,0.0,0.0,0.2899387576464733,0.0,0.2639716066067154,0.2122000784425448,0.2225551356778884,0.0,0.0,0.2810605653544853,0.2678796993694701,0.2689247541543315,0.2890405697470353,0.2510512314491685,0.2342116642465957,0.2418401080582476,0.2885082435434068,0.2894470964554629,0.2803053533505552,0.0,0.2550407795207204,0.3011174915964557,0.2510639477187364,0.2644253502984682,0.2845608289831378,0.0,0.0,0.0,0.2976807196251491,0.2671346270231091,0.2872821444613787,0.3090360648387804,0.0,0.0,0.0,0.2751010492990385,0.3020800922487766,0.0,0.0,0.0,0.0,0.0,0.0,0.0,0.2840049872405796,0.0,0.2976885061530365,0.0,0.0,0.0,0.2816808802309746,0.2715155149665823,0.2736179387558465,0.0,0.0,0.0,0.3020572686342228,0.0,0.2972160128262921,0.2753699355610915,0.2932544395707132,0.0,0.0,0.0,0.0,0.2714068488381616
0.0,0.0,0.1657112346341452,0.2767262123355365,0.2805904341056306,0.2575480736324871,0.2899079225996572,0.24671279696673,0.1780035270647872,0.3114116253292172,0.1967027399602062,0.0,0.2953479887255619,0.256968316674537,0.0,0.0,0.0,0.0,0.0,0.0,0.0,0.0,0.1876889631481991,0.0,0.0,0.0,0.2448126818630957,0.2940083815002999,0.0,0.0,0.3099256660814153,0.2923013168274242,0.0,0.3067545832599824,0.2856676379190435,0.2834090745547971,0.2932760669691356,0.3209945945434383,0.3693369264936783,0.0,0.0,0.0,0.2366259216992702,0.0,0.0,0.0,0.0,0.3616486813397614,0.0,0.3536390652486667,0.3623006585935735,0.4025615718968079,0.3586923577145796,0.3435722096510638,0.0,0.2502933908580735,0.0,0.0,0.2750014356000091,0.0,0.0,0.0,0.0,0.3294277097027889,0.0,0.0,0.0,0.3711981224270388,0.0,0.0,0.0,0.3530607641250169,0.0,0.0,0.0,0.0
0.2768267387206726,0.2798400675461495,0.0,0.0,0.0,0.2671532193586297,0.2819925566993127,0.2632849918096857,0.0,0.0,0.0,0.0,0.2849621255095287,0.0,0.2187447999665693,0.2964344543241639,0.0,0.2810605653544853,0.0,0.0,0.2714000749645777,0.2359408593777643,0.1981520398612876,0.0,0.2681835868498078,0.2884813080255656,0.24005995370913,0.2746113998923616,0.2298522427977198,0.0,0.259044961070576,0.341629816869747,0.3013988803909563,0.2963590302130129,0.3247062973876686,0.3665120370421415,0.0,0.0,0.3188116768651733,0.291300399092462,0.0,0.0,0.0,0.0,0.0,0.0,0.0,0.0,0.0,0.0,0.0,0.0,0.0,0.0,0.0,0.0,0.0,0.0,0.0,0.3093066639456104,0.0,0.0,0.0,0.0,0.316001675044953,0.3059322704944935,0.2976305303627562,0.3176166917320684,0.0,0.0,0.0,0.3189000846354523,0.0,0.3162938719046868,0.0,0.0
0.3023164967371061,0.2671439990258584,0.0,0.0,0.0,0.2792935605617455,0.0,0.2653397483718106,0.0,0.3482614333014187,0.0,0.0,0.3070846865006566,0.0,0.2643578080262256,0.2819931124122971,0.0,0.2678796993694701,0.0,0.2714000749645777,0.0,0.2671420859645776,0.2664865490076745,0.3450025872879695,0.2754160521633278,0.2539902655486455,0.2956477757397714,0.3038546274115056,0.2735886502903344,0.3228339896779528,0.262999816963422,0.3167700929631833,0.277498525429732,0.2832879795508169,0.3117850887049059,0.3688923278256165,0.0,0.0,0.3365634934253224,0.286336496912716,0.3227513350782302,0.3619176713179848,0.0,0.0,0.0,0.0,0.3185050858678576,0.0,0.0,0.0,0.0,0.0,0.2617805661382134,0.0,0.0,0.0,0.0,0.0,0.0,0.2926137005415023,0.3210411266029148,0.0,0.0,0.0,0.3047975147319658,0.2393705395539655,0.3144622588412035,0.2861315933068602,0.0,0.0,0.3462918589691879,0.3019806777237763,0.0,0.3140803371625373,0.0,0.0
0.259708849141733,0.245702867407585,0.0,0.3350045915442018,0.0,0.2795241317886803,0.2889694411604017,0.3151868397354103,0.0,0.0,0.0,0.0,0.2946397466608194,0.0,0.2469307597681672,0.2668990225954212,0.0,0.2689247541543315,0.0,0.2359408593777643,0.2671420859645776,0.0,0.2985042862598589,0.0,0.2525644017193152,0.2554966837538401,0.2946765181632603,0.293020534002693,0.2709344146501599,0.2700415064319763,0.2558658645981265,0.3337035945998418,0.2950163610013556,0.2785952613852314,0.3226883117992757,0.3769835492884505,0.0,0.0,0.3133131101219748,0.2924922336761398,0.3090893830009616,0.3284551715476486,0.0,0.0,0.0,0.3227944281147864,0.3127629630959638,0.0,0.0,0.0,0.0,0.0,0.0,0.0,0.0,0.0,0.0,0.0,0.0,0.3004424590878169,0.3120361194069836,0.0,0.0,0.0,0.3089751684014202,0.2949340157709793,0.3068907495258333,0.3099309777696413,0.0,0.0,0.318780746453815,0.3216827628675504,0.0,0.0,0.0,0.3153094603129525
0.3170527563343146,0.2938727838369385,0.2034342460935453,0.2977106327196592,0.2719633987201993,0.2623656106048735,0.2933940988449007,0.2402106322553833,0.2650776512495942,0.3208262220647309,0.1824025157540942,0.3590189077923612,0.311890074892425,0.3032519698552358,0.2475011253972197,0.306026812152961,0.0,0.2890405697470353,0.1876889631481991,0.1981520398612876,0.2664865490076745,0.2985042862598589,0.0,0.3390700420313379,0.2870880141171148,0.3009942255216469,0.2256243197136212,0.315257390988949,0.2903934740190961,0.3152980080931113,0.3206104625061584,0.3195822569874967,0.0,0.3304472241492962,0.3182944253480513,0.3305287881962903,0.3096770515935282,0.0,0.341990585456957,0.0,0.3522107743978493,0.3648130359715104,0.2692064437927058,0.0,0.0,0.0,0.0,0.3679831426234679,0.0,0.3445321151262405,0.3561134278028619,0.3641290799697454,0.3439326087067725,0.3627615094776117,0.0,0.3189573351871959,0.0,0.3563091791812782,0.3129127522006829,0.3185010422053677,0.0,0.0,0.0,0.3442053005103423,0.325521839662006,0.3064183098322807,0.0,0.3792878057434911,0.0,0.0,0.0,0.3491422083369812,0.3549785727506687,0.3363681270592332,0.0,0.3601899722840329
0.2849898633422494,0.0,0.0,0.0,0.0,0.0,0.0,0.3535989795002603,0.0,0.2378707177307551,0.3090871317455865,0.2077934302403273,0.2790927015565552,0.0,0.0,0.2691433238362796,0.2630422595973921,0.2510512314491685,0.0,0.0,0.3450025872879695,0.0,0.3390700420313379,0.0,0.2499456062125604,0.2343090984445746,0.0,0.2842804728192251,0.0,0.0,0.2659503059822157,0.2427298970465409,0.1941733376590405,0.2055472896339868,0.2072727052699939,0.1885187889993562,0.1993230983382765,0.2054761082934306,0.316035264537702,0.2428778256630489,0.2637448855191055,0.2742156031523037,0.0,0.0,0.2222367375202757,0.2805205539103927,0.0,0.0,0.0,0.0,0.0,0.0,0.0,0.0,0.2759054904678042,0.0,0.2735926628100469,0.0,0.0,0.0,0.2828658562180812,0.2894878405189155,0.2983286584991593,0.0,0.0,0.0,0.0,0.0,0.2910142149472309,0.2929711363205672,0.3089742948728175,0.0,0.0,0.0,0.0,0.2581750847571741
0.2439691115855089,0.2373913249412164,0.0,0.0,0.0,0.2638383771718963,0.0,0.3432974914596083,0.0,0.2470349106289828,0.0,0.2465828211187803,0.2783224532949304,0.0,0.2534381152909465,0.2461125132714405,0.2409683472254486,0.2342116642465957,0.0,0.2681835868498078,0.2754160521633278,0.2525644017193152,0.2870880141171148,0.2499456062125604,0.0,0.2138240110357931,0.2793325899389972,0.2864042171893975,0.2742067465546022,0.0,0.2560754149133215,0.3005253540742842,0.2321553529035109,0.2618760953428364,0.2814894470553012,0.0,0.0,0.2517928623144903,0.2993037820166407,0.2723900078867987,0.2855843050557593,0.3062348564585127,0.0,0.0,0.0,0.2744722645197681,0.2904644305864369,0.0,0.0,0.0,0.0,0.0,0.0,0.0,0.2937809333928525,0.0,0.2993762951336111,0.0,0.0,0.0,0.277987048541674,0.2829720821178588,0.2791395393851816,0.0,0.0,0.0,0.2933284961366574,0.0,0.2972058890434944,0.2840112642822556,0.2997181327480686,0.0,0.0,0.0,0.0,0.2738004311889134
0.2557904822513952,0.2651310631739036,0.0,0.0,0.0,0.2687239917239489,0.0,0.3363258535241125,0.0,0.2293353327607638,0.0,0.1903594346891146,0.2749797845508871,0.0,0.2738690244669456,0.2898041871960722,0.2468691718868535,0.2418401080582476,0.0,0.2884813080255656,0.2539902655486455,0.2554966837538401,0.3009942255216469,0.2343090984445746,0.2138240110357931,0.0,0.2956688919958482,0.2814437062732293,0.2764615495493671,0.0,0.2595650336707139,0.305697875213564,0.2269386941179812,0.260299445154894,0.2919613504989436,0.3310739527989429,0.0,0.2476755568120458,0.3073088787920339,0.2862554309243336,0.3037659023653851,0.3031598615228848,0.0,0.0,0.0,0.278145645764053,0.2716156185921054,0.0,0.0,0.0,0.0,0.0,0.0,0.0,0.3005747727978869,0.0,0.3053866883263279,0.0,0.0,0.0,0.280735490993881,0.2973796373311467,0.2947482787547396,0.0,0.0,0.0,0.3431759777733398,0.0,0.312837781688908,0.2969841602887541,0.3116988423834856,0.0,0.0,0.0,0.0,0.2837355796568467
0.0,0.2871563147949946,0.2265262982307055,0.0,0.2659477314179924,0.2459667443556599,0.2766068432340681,0.3075535446320342,0.226097413495858,0.3075671068743591,0.2675504262120166,0.0,0.2981438503844695,0.3223385048515068,0.2476238025822835,0.305956817409612,0.0,0.2885082435434068,0.2448126818630957,0.24005995370913,0.2956477757397714,0.2946765181632603,0.2256243197136212,0.0,0.2793325899389972,0.2956688919958482,0.0,0.3071396438499799,0.2616169919310261,0.3068899304063615,0.3087593295906883,0.3275295402212864,0.2954593221177181,0.3228581395000958,0.3221788732056884,0.3486114540030163,0.3116566481425032,0.0,0.3444609986133378,0.0,0.0,0.0,0.3119047238226739,0.0,0.0,0.0,0.0,0.3826899848687785,0.0,0.3515037979220052,0.3504091630093807,0.0,0.3456255733546527,0.3734330365428777,0.0,0.3442551362678547,0.0,0.3586882555382067,0.3643732008452901,0.0,0.0,0.0,0.0,0.3745496834634925,0.3317990731287984,0.0,0.0,0.3725871757064301,0.0,0.0,0.0,0.3473021720591127,0.3515439212628244,0.0,0.0,0.0
0.3030493539343646,0.28321734522072,0.306705774335072,0.144962261984625,0.253367213538728,0.2437349379542359,0.2479690049116188,0.3091124548531221,0.3003224668788087,0.2736001708524769,0.2836633835521626,0.2515297506882822,0.229883731825184,0.1757487649629919,0.2798282719728283,0.3041023778737919,0.0,0.2894470964554629,0.2940083815002999,0.2746113998923616,0.3038546274115056,0.293020534002693,0.315257390988949,0.2842804728192251,0.2864042171893975,0.2814437062732293,0.3071396438499799,0.0,0.2226529182981284,0.2210996530792041,0.2616825516475826,0.2683595202080083,0.2447232088187027,0.2584311034713487,0.2474291959072524,0.2015886808297971,0.1755662312012529,0.2410918054005262,0.3266623430848878,0.0,0.3664313956605376,0.0,0.0,0.0,0.0,0.0,0.0,0.4280101197167151,0.0,0.0,0.3491228181342067,0.0,0.3314069819278387,0.0,0.0,0.0,0.0,0.0,0.0,0.0,0.0,0.0,0.0,0.0,0.3349037280999197,0.3320676815078573,0.0,0.348982709364001,0.0,0.0,0.0,0.3475550597857855,0.3646455587683368,0.3363705369658026,0.0,0.3733675005610347
0.3110858994512687,0.2711531591695196,0.0,0.0,0.0,0.2141834775251989,0.2682065775680601,0.2688528579147099,0.0,0.0,0.0,0.0,0.2627156400557898,0.0,0.2890838107566608,0.2960442236969023,0.0,0.2803053533505552,0.0,0.2298522427977198,0.2735886502903344,0.2709344146501599,0.2903934740190961,0.0,0.2742067465546022,0.2764615495493671,0.2616169919310261,0.2226529182981284,0.0,0.2676070926633632,0.2491210922103231,0.3164644288950888,0.0,0.2780367436778395,0.2988559308965784,0.3450579224952412,0.0,0.0,0.3292870021775035,0.0,0.3470292826649889,0.0,0.0,0.0,0.0,0.0,0.0,0.0,0.0,0.0,0.3339459992921075,0.0,0.3142315120841379,0.0,0.0,0.0,0.0,0.374381146326581,0.0,0.3142727066483687,0.0,0.0,0.0,0.0,0.321223126758004,0.3005387999171042,0.0,0.3232672911654605,0.0,0.0,0.0,0.3277518585630699,0.3378458702175395,0.3245946172375016,0.0,0.3450826954394851
0.0,0.0,0.0,0.0,0.0,0.2977429448524364,0.0,0.3054420068491081,0.0,0.0,0.0,0.0,0.2538730480716487,0.0,0.0,0.0,0.0,0.0,0.0,0.0,0.3228339896779528,0.2700415064319763,0.3152980080931113,0.0,0.0,0.0,0.3068899304063615,0.2210996530792041,0.2676070926633632,0.0,0.2475833651090144,0.2901514058020208,0.0,0.265052539280974,0.0,0.0,0.0,0.0,0.3473151641402049,0.0,0.0,0.0,0.0,0.0,0.0,0.0,0.0,0.0,0.0,0.0,0.3865621795135448,0.0,0.0,0.0,0.0,0.0,0.0,0.0,0.0,0.0,0.0,0.0,0.0,0.0,0.3272826981084173,0.0,0.0,0.3438983395053815,0.0,0.0,0.0,0.3436662728799681,0.0,0.0,0.0,0.0
0.2632103156083379,0.2510370664051591,0.3179178509262615,0.0,0.2818389310599487,0.2966431586597423,0.2627170907371429,0.3137828091007223,0.3045085453972336,0.2440455965942533,0.2908200041679222,0.2460779212228752,0.2703648038610825,0.2353673033992052,0.2889783527349236,0.2476056989987213,0.2525603050587948,0.2550407795207204,0.3099256660814153,0.259044961070576,0.262999816963422,0.2558658645981265,0.3206104625061584,0.2659503059822157,0.2560754149133215,0.2595650336707139,0.3087593295906883,0.2616825516475826,0.2491210922103231,0.2475833651090144,0.0,0.2730872903463457,0.2348246916796537,0.1814007171686847,0.2075359636155082,0.2433921028602327,0.2085171019826472,0.2227760885950643,0.3173846831451298,0.2752025948773963,0.290813775441836,0.328399938856286,0.0,0.0,0.0,0.305923330281014,0.3242461363362054,0.0,0.0,0.0,0.3544974838792911,0.0,0.3239185336536356,0.0,0.2754548567767766,0.0,0.2625497831450398,0.0,0.0,0.3032529382636207,0.319763887885137,0.2825287978365589,0.2761908744177624,0.0,0.3315187778397611,0.3091687153714997,0.3025424706247258,0.3425222985499497,0.2844258532680922,0.2805568313284201,0.2980173928388296,0.3423393484898109,0.3571604228280907,0.3425017812351015,0.0,0.3068792304349614
0.3183134336574152,0.3087084492512266,0.3088771168861716,0.194719015867808,0.2652296301085404,0.3091337521952371,0.2569929998007981,0.2819773836757179,0.2964323735554022,0.2721737791655068,0.2695696264000622,0.210080075284568,0.2668003539353827,0.1297740072206231,0.3299629295490076,0.3046924492109443,0.3199157302056255,0.3011174915964557,0.2923013168274242,0.341629816869747,0.3167700929631833,0.3337035945998418,0.3195822569874967,0.2427298970465409,0.3005253540742842,0.305697875213564,0.3275295402212864,0.2683595202080083,0.3164644288950888,0.2901514058020208,0.2730872903463457,0.0,0.2503059086193094,0.2363619008568946,0.2723229949293533,0.1945807054626709,0.2250487303791086,0.1850777526574872,0.247339205559336,0.2987539404897171,0.2933703263058425,0.2538047473517424,0.3400670712920014,0.0,0.1838807683938903,0.3352105164793471,0.3388242608927856,0.3705765442478264,0.0,0.0,0.352394926455692,0.0,0.3486422138807227,0.0,0.3169319972856353,0.0,0.1776793942781428,0.3573958629688844,0.0,0.3305316549647529,0.3239192512271366,0.3357380787547459,0.2973837129692011,0.0,0.3353367454869198,0.3364405056091263,0.3289670266558189,0.3399647356447121,0.3384758708439377,0.3060951760410904,0.3287075072470801,0.3450161618136297,0.3456853894104862,0.3486855395342391,0.350072865142398,0.3215241578431999
0.2557077461211652,0.2705746452477096,0.0,0.0,0.2326163448028492,0.0,0.0,0.335393040985618,0.0,0.2303872472831956,0.2817799191583481,0.196773253092252,0.2468727872829814,0.0,0.2807398976465038,0.2550106058597848,0.2619591910426064,0.2510639477187364,0.0,0.3013988803909563,0.277498525429732,0.2950163610013556,0.0,0.1941733376590405,0.2321553529035109,0.2269386941179812,0.2954593221177181,0.2447232088187027,0.0,0.0,0.2348246916796537,0.2503059086193094,0.0,0.1721587923360326,0.240965573182978,0.1938686129346419,0.1866406380307117,0.159730547808663,0.2529351708184448,0.2421950594578236,0.2874548679916675,0.3300201941683563,0.0,0.0,0.1673400044444585,0.2849857534575086,0.321537900316898,0.0,0.0,0.0,0.0,0.0,0.0,0.0,0.2319150414066708,0.0,0.2184511753300611,0.0,0.0,0.312312532409688,0.30267270938267,0.2656080571018914,0.2710872577956253,0.0,0.3119484458670306,0.3060404811228666,0.3152570591604705,0.0,0.2212795750228801,0.2744567999463193,0.2943663081390331,0.2847995896800228,0.0,0.3170766482884667,0.0,0.2658143313601603
0.2583751621796844,0.2409398440889937,0.3156478160698691,0.1220172796925936,0.2489110406648719,0.310502602700591,0.2521993824059903,0.3338132687874564,0.3073693741430924,0.2322422109396139,0.2908094857031913,0.1894991092092479,0.2632493122707362,0.2482101465200877,0.2995116912507598,0.2382347127279978,0.264213891402653,0.2644253502984682,0.3067545832599824,0.2963590302130129,0.2832879795508169,0.2785952613852314,0.3304472241492962,0.2055472896339868,0.2618760953428364,0.260299445154894,0.3228581395000958,0.2584311034713487,0.2780367436778395,0.265052539280974,0.1814007171686847,0.2363619008568946,0.1721587923360326,0.0,0.128847273573019,0.2388267666240409,0.1495772813606353,0.1697076899147613,0.2218694522841894,0.274380520277881,0.2929392104970497,0.268390169398272,0.0,0.0,0.1944918115470934,0.2903483808002478,0.3106189619313124,0.0,0.0,0.0,0.354840204863181,0.0,0.3416314993154308,0.0,0.2453324867571284,0.0,0.2537964894601274,0.0,0.0,0.3213492607474636,0.303105797507272,0.2835881505428898,0.2841337184744661,0.0,0.3447797832526973,0.3244889654246189,0.3023954190534574,0.3515090698270122,0.2488065090820647,0.2830660096585103,0.296820877611115,0.353028591188225,0.3560196600277335,0.3464114509324987,0.0,0.2874798204369472
0.2993154045662826,0.285361329122951,0.0,0.2562972609799906,0.1909732637160108,0.2989419186106533,0.1591848323382891,0.0,0.2931436934750629,0.236787486094234,0.24632125694797,0.1925374151243785,0.2451522612524855,0.0,0.31615812800816,0.264009337217604,0.2863643693654,0.2845608289831378,0.2856676379190435,0.3247062973876686,0.3117850887049059,0.3226883117992757,0.3182944253480513,0.2072727052699939,0.2814894470553012,0.2919613504989436,0.3221788732056884,0.2474291959072524,0.2988559308965784,0.0,0.2075359636155082,0.2723229949293533,0.240965573182978,0.128847273573019,0.0,0.306914477816372,0.2116725508903424,0.1699730023845425,0.2602642254379916,0.2952958794142588,0.278213500238008,0.2869969994321344,0.0,0.0,0.0,0.2932046133783556,0.3421414131657967,0.0,0.0,0.0,0.0,0.0,0.0,0.0,0.0,0.0,0.0,0.0,0.0,0.3260717348722342,0.3227974690663584,0.0,0.3045274591621431,0.0,0.3380170442606735,0.3166318739258489,0.3250226877168276,0.3204212859313017,0.0,0.3018342905909044,0.3269748256086564,0.0,0.0,0.0,0.0,0.0
0.0,0.0,0.3058842570436742,0.1112454980414881,0.1533239403385,0.3154465536160875,0.1913365623943248,0.1749930784664264,0.2924762015094447,0.1651618811273713,0.193545066861349,0.2072503186286219,0.2294152829372216,0.1367008943386575,0.3549844815186654,0.0,0.0,0.0,0.2834090745547971,0.3665120370421415,0.3688923278256165,0.3769835492884505,0.3305287881962903,0.1885187889993562,0.0,0.3310739527989429,0.3486114540030163,0.2015886808297971,0.3450579224952412,0.0,0.2433921028602327,0.1945807054626709,0.1938686129346419,0.2388267666240409,0.306914477816372,0.0,0.1463275792937456,0.1767052000323256,0.2961194094703611,0.0,0.0,0.0,0.1465324013375137,0.0,0.0,0.0,0.0,0.0,0.0,0.0,0.3611097775527443,0.0,0.3562973602111865,0.0,0.0,0.0,0.0,0.0,0.0,0.0,0.0,0.0,0.0,0.0,0.4099679866705703,0.0,0.3674562104793955,0.3550502502876989,0.0,0.0,0.0,0.363203405547805,0.0,0.0,0.0,0.0
0.0,0.0,0.3160577683601769,0.1143908772020273,0.1593727004450904,0.3058409560474916,0.1823743023286436,0.3040566271992606,0.2927519917418097,0.1485091441834641,0.2700211743910338,0.2240419810267193,0.2052025043546878,0.107657175292319,0.0,0.0,0.0,0.0,0.2932760669691356,0.0,0.0,0.0,0.3096770515935282,0.1993230983382765,0.0,0.0,0.3116566481425032,0.1755662312012529,0.0,0.0,0.2085171019826472,0.2250487303791086,0.1866406380307117,0.1495772813606353,0.2116725508903424,0.1463275792937456,0.0,0.200635677335915,0.2033550836237509,0.0,0.0,0.0,0.0,0.0,0.0,0.0,0.0,0.0,0.0,0.0,0.0,0.0,0.0,0.0,0.0,0.0,0.0,0.0,0.0,0.0,0.0,0.0,0.0,0.0,0.0,0.0,0.0,0.0,0.0,0.0,0.0,0.0,0.0,0.0,0.0,0.0
0.0,0.0,0.0,0.0,0.2487093995459879,0.0,0.2116777887196347,0.0,0.0,0.2254017440287081,0.2707333245735406,0.1757486047407626,0.2473541287673299,0.0,0.0,0.0,0.2494934707443575,0.0,0.3209945945434383,0.0,0.0,0.0,0.0,0.2054761082934306,0.2517928623144903,0.2476755568120458,0.0,0.2410918054005262,0.0,0.0,0.2227760885950643,0.1850777526574872,0.159730547808663,0.1697076899147613,0.1699730023845425,0.1767052000323256,0.200635677335915,0.0,0.1673485019042497,0.1767226895034387,0.2186896251656569,0.0,0.0,0.0,0.1543346073971804,0.0,0.0,0.0,0.0,0.0,0.0,0.0,0.0,0.0,0.2291351881968715,0.0,0.1984975544589674,0.0,0.0,0.0,0.0,0.0,0.0,0.0,0.0,0.0,0.0,0.0,0.2236284709635735,0.0,0.0,0.0,0.0,0.0,0.0,0.2325197325551902
0.3135164000300852,0.3260632004898913,0.0,0.0,0.0,0.3232632707109062,0.0,0.3291121986544632,0.0,0.2233143505595567,0.0,0.1738767588773051,0.3387776825402336,0.0,0.3349073507120502,0.3350191971446889,0.3168165674972025,0.2976807196251491,0.3693369264936783,0.3188116768651733,0.3365634934253224,0.3133131101219748,0.341990585456957,0.316035264537702,0.2993037820166407,0.3073088787920339,0.3444609986133378,0.3266623430848878,0.3292870021775035,0.3473151641402049,0.3173846831451298,0.247339205559336,0.2529351708184448,0.2218694522841894,0.2602642254379916,0.2961194094703611,0.2033550836237509,0.1673485019042497,0.0,0.2304193339611466,0.2355993317937685,0.2445507733098403,0.1814959627046175,0.2196017517983741,0.1747305140163257,0.294357290806069,0.3119997507803108,0.3209268233132262,0.161647061550093,0.2495329988719018,0.3211036923002576,0.2688700832421449,0.3075374176287608,0.3048267536775603,0.2484581359161014,0.2961328912891172,0.1949005962454916,0.2693689491186592,0.1446945340185664,0.3225031563882537,0.3015227431058652,0.3089792728492977,0.2991721528249262,0.3148371117192863,0.3308800192552252,0.3045325941083809,0.3404278457138996,0.2943818911055332,0.2532715727870545,0.2894080121707332,0.3008533482847143,0.3111785944893597,0.2683439886152631,0.3248802307235246,0.3129365689043594,0.2932879909234973
0.2565798263712578,0.302037101669533,0.0,0.0,0.0,0.0,0.0,0.0,0.0,0.2280720784692596,0.0,0.2358495117311151,0.0,0.0,0.3003246873830617,0.2957800528325148,0.2582702819557963,0.2671346270231091,0.0,0.291300399092462,0.286336496912716,0.2924922336761398,0.0,0.2428778256630489,0.2723900078867987,0.2862554309243336,0.0,0.0,0.0,0.0,0.2752025948773963,0.2987539404897171,0.2421950594578236,0.274380520277881,0.2952958794142588,0.0,0.0,0.1767226895034387,0.2304193339611466,0.0,0.1583011763052449,0.2026951522833926,0.2112681576554415,0.2051848852197479,0.1455591641094555,0.2062410617060845,0.2534673194460395,0.0,0.0,0.2811700897859037,0.2794423566979497,0.2847044391503861,0.0,0.0,0.2033255060464893,0.3083744773313862,0.1716433552461704,0.2585247844115005,0.0,0.2683268311769139,0.25915856945921,0.2325442855498248,0.2257780772643192,0.0,0.274386965603685,0.2484937667372826,0.2926033409752566,0.2559961022234691,0.1646574273147659,0.2144559851491238,0.2275245107068149,0.2679683513420055,0.2493993770111523,0.2898106208747428,0.0,0.2196417627168627
0.2886771161845506,0.3137224346414436,0.0,0.0,0.0,0.0,0.0,0.0,0.0,0.241842374605242,0.0,0.2525712409130783,0.0,0.0,0.0,0.3122157042839885,0.2960790714646956,0.2872821444613787,0.0,0.0,0.3227513350782302,0.3090893830009616,0.3522107743978493,0.2637448855191055,0.2855843050557593,0.3037659023653851,0.0,0.3664313956605376,0.3470292826649889,0.0,0.290813775441836,0.2933703263058425,0.2874548679916675,0.2929392104970497,0.278213500238008,0.0,0.0,0.2186896251656569,0.2355993317937685,0.1583011763052449,0.0,0.2277886251337098,0.2704517798828463,0.1843393009189146,0.1617034239508853,0.2554646754925993,0.2765717636798084,0.3263156125679298,0.1119636811652884,0.2763269925246672,0.2992324705382501,0.2752859505818901,0.3063418711433983,0.3102172757085956,0.2093013211329965,0.3003959446650017,0.1895699266362636,0.2665361580348525,0.2344168641393436,0.3018331356219023,0.2498402617841841,0.257352168624902,0.255497844515532,0.3064617004781078,0.2762884991702318,0.2891653711415314,0.2784932605468059,0.3055872606610145,0.1982027228226892,0.2481866981566406,0.267211478158177,0.3033815922035333,0.2487819549781869,0.2761104208094171,0.2203161620296744,0.1810450723707421
0.0,0.3432499096043911,0.0,0.0,0.0,0.0,0.0,0.0,0.0,0.2378563066722837,0.0,0.0,0.0,0.0,0.0,0.3383451120286461,0.0,0.3090360648387804,0.0,0.0,0.3619176713179848,0.3284551715476486,0.3648130359715104,0.2742156031523037,0.3062348564585127,0.3031598615228848,0.0,0.0,0.0,0.0,0.328399938856286,0.2538047473517424,0.3300201941683563,0.268390169398272,0.2869969994321344,0.0,0.0,0.0,0.2445507733098403,0.2026951522833926,0.2277886251337098,0.0,0.2926424132712201,0.2082624347023316,0.1812392835966554,0.3224034021071573,0.3444046195589473,0.3208944597159668,0.1498279292386721,0.2151282417423224,0.3223846969742249,0.2537106776612219,0.3164363077343727,0.3123565387825706,0.2348323250030634,0.2802400951687958,0.189248783644757,0.2670503841092048,0.0,0.3365897822387221,0.3023673903813689,0.2953454207492593,0.290610754807764,0.2979632092498874,0.3272476359122334,0.3421584078910824,0.3368572411208103,0.321247612831177,0.2060155135576803,0.2827029730228155,0.3136208010096627,0.3261048370337397,0.2419227458711417,0.3044175856619051,0.2528433966211335,0.1720213406576967
0.0,0.0,0.300067862726273,0.0,0.0,0.3278047701429968,0.0,0.1953435977182272,0.2975758499680762,0.0,0.2296537769197124,0.0,0.0,0.1697852446647613,0.0,0.0,0.0,0.0,0.2366259216992702,0.0,0.0,0.0,0.2692064437927058,0.0,0.0,0.0,0.3119047238226739,0.0,0.0,0.0,0.0,0.3400670712920014,0.0,0.0,0.0,0.1465324013375137,0.0,0.0,0.1814959627046175,0.2112681576554415,0.2704517798828463,0.2926424132712201,0.0,0.1348939417214557,0.1980948196148685,0.0,0.0,0.3036440923440117,0.1241322499505011,0.1703891289542204,0.3174209458849423,0.2109061895823791,0.2237001427902225,0.295024429286246,0.2538588823417553,0.2208247309921869,0.2312375818409829,0.2167452553234985,0.149831966938391,0.3733989169347452,0.0,0.0,0.0,0.290379540480444,0.3731529210430743,0.0,0.3780492365899757,0.2818523971845338,0.2620613964110275,0.2345431393599561,0.3675367173073118,0.3167306896390996,0.1741603903268364,0.2749912080208452,0.0,0.2467474520703637
0.0,0.0,0.0,0.0,0.0,0.0,0.0,0.0,0.0,0.0,0.0,0.0,0.0,0.0,0.0,0.0,0.0,0.0,0.0,0.0,0.0,0.0,0.0,0.0,0.0,0.0,0.0,0.0,0.0,0.0,0.0,0.0,0.0,0.0,0.0,0.0,0.0,0.0,0.2196017517983741,0.2051848852197479,0.1843393009189146,0.2082624347023316,0.1348939417214557,0.0,0.1668031850704451,0.0,0.0,0.3099959687753642,0.1148906183623065,0.1724611438696773,0.3032431266090247,0.2018468770585716,0.0,0.3000934605758999,0.0,0.2838570252662369,0.0,0.2121449939797023,0.1191820648114321,0.0,0.0,0.0,0.0,0.3020369551999458,0.0,0.0,0.0,0.2929672483836628,0.0,0.0,0.0,0.305648682667329,0.1796022582234084,0.2659005203346736,0.0,0.2372762188859594
0.0,0.0,0.0,0.0,0.0,0.0,0.0,0.0,0.0,0.2124910436685009,0.0,0.1985969286899198,0.0,0.0,0.0,0.0,0.0,0.0,0.0,0.0,0.0,0.0,0.0,0.2222367375202757,0.0,0.0,0.0,0.0,0.0,0.0,0.0,0.1838807683938903,0.1673400044444585,0.1944918115470934,0.0,0.0,0.0,0.1543346073971804,0.1747305140163257,0.1455591641094555,0.1617034239508853,0.1812392835966554,0.1980948196148685,0.1668031850704451,0.0,0.0,0.0,0.0,0.0,0.0,0.0,0.0,0.0,0.0,0.1911096204627661,0.2862283273844072,0.1499640015101801,0.2253060288381915,0.0,0.0,0.0,0.2347121237914003,0.0,0.0,0.0,0.0,0.0,0.0,0.162849610257759,0.221235336304726,0.2035217595156087,0.0,0.2702371706097,0.0,0.0,0.2235704276970466
