0.0,0.3613805134570415,0.0,0.0,0.0,0.3624435728154395,0.0,0.4678872060329697,0.0,0.386398551191269,0.0,0.3577975169326333,0.437692111783971,0.0,0.3729312181634714,0.3744177070521108,0.4332956235338456,0.3610589294558238,0.0,0.4091394519524134,0.3862213367752001,0.3634753360008095,0.4307877412713095,0.3290670933507565,0.3469035617573824,0.329556796889421,0.41732884313053,0.4135207511126084,0.4264270688682681,0.0,0.3371432276852982,0.3608999437300731,0.3107507557403715,0.3237410506768244,0.3682084896967565,0.0,0.0,0.4237333000094875,0.434614820855893,0.4221503290398626,0.4327089689476538,0.0,0.0,0.0,0.0,0.4028642515003746,0.452012501348595,0.0,0.0,0.0,0.0,0.0,0.0,0.0,0.0,0.0,0.0,0.0,0.0,0.0,0.4186643837290241,0.0,0.4080769454909451,0.0,0.0,0.0,0.4846229837188301,0.0,0.0,0.4095966703136737,0.4514354850137569,0.0,0.0,0.0,0.0,0.4194226292635954
0.3613805134570415,0.0,0.0,0.0,0.3749048575393013,0.3686844518881746,0.3925012374536537,0.4516987598962754,0.3677188840551112,0.0,0.0,0.0,0.3883794002327186,0.0,0.3834862297999584,0.3903609264695387,0.0,0.3876286812154205,0.0,0.386077906582789,0.3877480777302948,0.3829665187454055,0.4044748710462854,0.0,0.3716261433236614,0.376936937949244,0.3878425762036732,0.3767685625342148,0.3733783526996505,0.0,0.329416310590694,0.3490939766658226,0.3177533702799592,0.319858463748385,0.364025520206067,0.0,0.0,0.0,0.4349268075566706,0.4276055930691985,0.4365903224018864,0.4674128595911367,0.0,0.0,0.0,0.429295688976992,0.4554286870227493,0.0,0.0,0.0,0.467294515638954,0.0,0.0,0.0,0.0,0.0,0.0,0.0,0.0,0.460594913639865,0.414976302583621,0.0,0.3896233212565863,0.0,0.4318428450685389,0.4611816923810593,0.4636754875270052,0.4673527722167367,0.0,0.4040310701167877,0.4634202293702917,0.4596481970924143,0.0,0.4373117808274065,0.0,0.4011401413670806
0.0,0.0,0.0,0.4396833001669292,0.3600275334499548,0.3621080632504354,0.4072548696709896,0.4517529360419414,0.2710386021837067,0.0,0.3227433918981218,0.0,0.4222713625278678,0.4155539267594479,0.0,0.0,0.0,0.0,0.25797373867122,0.0,0.0,0.0,0.2813300079872596,0.0,0.0,0.0,0.3073522254447105,0.4296293784620529,0.0,0.0,0.4287976938215679,0.404744042941496,0.0,0.4254399600957677,0.4394254809926168,0.3814031218485242,0.4098748517125479,0.0,0.5197937565212231,0.0,0.0,0.0,0.4591945138651561,0.0,0.0,0.0,0.0,0.4213336600497524,0.0,0.5186205800555513,0.5058288259355611,0.5446266529798008,0.5072800222576546,0.5404625016103285,0.0,0.4768179097285515,0.0,0.0,0.5082521518508138,0.0,0.0,0.0,0.0,0.2769439810148878,0.0,0.0,0.0,0.5558624028608262,0.0,0.0,0.0,0.5312412186201626,0.0,0.0,0.0,0.0
0.0,0.0,0.4396833001669292,0.0,0.2222540730227779,0.3891178468872871,0.2491939040625518,0.3379442560452824,0.3803560312736204,0.2764498359485957,0.3185499806203077,0.0,0.2885061142634694,0.2355440511975895,0.0,0.0,0.0,0.0,0.3877691059285458,0.4205256941151524,0.0,0.0,0.3836995445773855,0.0,0.0,0.0,0.3937727291670055,0.2601242177846277,0.0,0.0,0.3517701440491579,0.2725155287546988,0.0,0.2903770120427449,0.3308689621943819,0.1849293050743577,0.1761822465208084,0.3251398243923572,0.0,0.0,0.0,0.0,0.0,0.0,0.0,0.0,0.0,0.0,0.0,0.0,0.0,0.0,0.0,0.0,0.0,0.0,0.0,0.0,0.0,0.0,0.0,0.0,0.0,0.0,0.0,0.0,0.0,0.0,0.0,0.0,0.0,0.0,0.0,0.0,0.0,0.0
0.0,0.3749048575393013,0.3600275334499548,0.2222540730227779,0.0,0.3665316294321718,0.3094132138556507,0.391077071658881,0.303946319496589,0.3717196320890145,0.2870555084929189,0.3845060311597916,0.3303319876247777,0.2841541767431844,0.0,0.4003502142245949,0.0,0.0,0.3290520144755838,0.0,0.0,0.3914924589144841,0.3830636170111409,0.0,0.3761202324348534,0.3907529819801423,0.3788610427269422,0.3220836120331359,0.3789822693366023,0.0,0.3561300507395632,0.3021906384868835,0.3854041319562275,0.3730595639751038,0.3999773660664147,0.2285719382434097,0.2066284345643777,0.3956688284128627,0.5799353852784683,0.0,0.0,0.0,0.3692319748625071,0.0,0.0,0.0,0.0,0.4931824804077288,0.0,0.6024224171259245,0.5233261467192084,0.0,0.4896061270859222,0.5407070512812693,0.0,0.4294043381574189,0.0,0.0,0.0,0.0,0.0,0.0,0.0,0.4772685953492367,0.0,0.0,0.0,0.4973622374078629,0.0,0.0,0.0,0.5187782653736293,0.0,0.0,0.0,0.0
0.3624435728154395,0.3686844518881746,0.3621080632504354,0.3891178468872871,0.3665316294321718,0.0,0.4071095255565906,0.4330368174040968,0.359592475878275,0.414811917928317,0.3670642059879908,0.0,0.3834765490372751,0.459928537789098,0.3906766683035635,0.38589223593493,0.0,0.3717085489164711,0.3677581979874028,0.3652397248890294,0.4012127849526209,0.3932367911663594,0.4025767278456881,0.0,0.3371113919137029,0.3833292635295717,0.3702301479146992,0.3850673613340134,0.3528503845595556,0.403778933266263,0.4140302756773247,0.3950693749484393,0.3590395128633755,0.4112787648460689,0.4232979985389257,0.3928784838100126,0.4015688193662157,0.0,0.4974672606246054,0.0,0.4997575133527502,0.0,0.4740381186978897,0.0,0.0,0.0,0.0,0.5488084632314545,0.0,0.561377550526618,0.514706553894797,0.5243649410142622,0.4939725567655291,0.5444119288276608,0.0,0.5245062941499058,0.0,0.5138144829074085,0.0,0.4757592495277334,0.0,0.0,0.0,0.5339118884300139,0.4616216713118569,0.4399372496163628,0.4731728549453806,0.5194433970044909,0.0,0.0,0.4580657909329793,0.5146439955646143,0.5023665560241996,0.4655615104001461,0.5708907927536571,0.5154675657843508
0.0,0.3925012374536537,0.4072548696709896,0.2491939040625518,0.3094132138556507,0.4071095255565906,0.0,0.4944909313361666,0.378077322991767,0.3801897316612992,0.3672791438350891,0.3788058474679345,0.3263303832655904,0.2972211042210799,0.0,0.4291419635953609,0.4301448855332593,0.4108406097990024,0.3904829994624945,0.4184675634982228,0.0,0.4427831547372385,0.4262780673890211,0.3985804921651171,0.3783586471852744,0.3895057032403334,0.4167918026851481,0.3118704524989525,0.4256014831274771,0.0,0.3905422257591452,0.3598554874138428,0.3771160170966629,0.3762324107369085,0.4112657190208439,0.2750382503151538,0.2573059756962422,0.3536716653577229,0.5578504432078558,0.0,0.6641090819421785,0.0,0.5617066389932702,0.0,0.0,0.0,0.0,0.5637395409513836,0.0,0.0,0.5269152163126611,0.0,0.5401640688508867,0.6115317279932597,0.0,0.0,0.0,0.0,0.0,0.0,0.0,0.0,0.0,0.7035788363759897,0.0,0.0,0.0,0.5165442908761416,0.0,0.0,0.0,0.5114977668074211,0.0,0.0,0.0,0.0
0.4678872060329697,0.4516987598962754,0.4517529360419414,0.3379442560452824,0.391077071658881,0.4330368174040968,0.4944909313361666,0.0,0.437224855655631,0.0,0.3436197006539059,0.0,0.4474289470797319,0.3238186602541494,0.0,0.4393643975141994,0.0,0.4430083298925132,0.3949193191008261,0.0,0.4063393300507969,0.0,0.3827132895348313,0.4713664388535081,0.4440676327800465,0.4421720612969893,0.4389415589006788,0.4247294983517714,0.3872457523943697,0.4072649705842919,0.444341794823772,0.3621889185276836,0.363803819949064,0.451901985918045,0.4276988618315177,0.3031277461559859,0.0,0.0,0.5291486514364108,0.0,0.4934549017807206,0.0,0.3238356668858805,0.0,0.0,0.0,0.0,0.4912871090479147,0.0,0.4975844271171121,0.4502716642340281,0.5034926488169374,0.4007167418748629,0.4916589494154726,0.0,0.4354474821857798,0.0,0.4836245480989996,0.0,0.5104669290446394,0.0,0.0,0.0,0.4531193894045081,0.5032811735238107,0.5451464288260883,0.0,0.4857803887095417,0.0,0.0,0.0,0.4991318482533644,0.4773145496936999,0.4719101610806774,0.0,0.5198532124583795
0.0,0.3677188840551112,0.2710386021837067,0.3803560312736204,0.303946319496589,0.359592475878275,0.378077322991767,0.437224855655631,0.0,0.413302434967512,0.2995792444466734,0.0,0.3673495459775626,0.3786510831102751,0.0,0.0,0.0,0.0,0.2750207601517689,0.0,0.0,0.0,0.40346696041392,0.0,0.3831515648399212,0.4220365417249406,0.3606970303340904,0.4146480006116775,0.4022235540693554,0.0,0.4207659177382175,0.3929081079373066,0.421682405019977,0.4105464309717235,0.4097892391489285,0.3674920823297904,0.4015475147602674,0.3992964658839938,0.4715538759514723,0.0,0.0,0.0,0.3814008293157825,0.0,0.0,0.0,0.0,0.5310052723914424,0.0,0.5446130198084951,0.5107766632725591,0.5593392991326079,0.5081160416133366,0.5345885750482187,0.0,0.4629047249841787,0.0,0.5748056731513181,0.4544928033269619,0.0,0.0,0.0,0.0,0.5095357670657601,0.0,0.0,0.0,0.535338425496725,0.0,0.0,0.0,0.5311481516124957,0.5718046527474223,0.0,0.0,0.0
0.386398551191269,0.0,0.0,0.2764498359485957,0.3717196320890145,0.414811917928317,0.3801897316612992,0.0,0.413302434967512,0.0,0.404465815904697,0.2706572599766473,0.3798616884610374,0.0,0.0,0.3569365913538828,0.3169789680910436,0.3383555472390648,0.0,0.4877250705811672,0.0,0.0,0.4479046360290062,0.3095867548374423,0.3155556133546208,0.3157407293067797,0.4417494703091759,0.3634741887729083,0.0,0.0,0.3016103895299668,0.3246272876802439,0.2849229612033467,0.2904432782893285,0.3037330629254717,0.2603475836113378,0.2522958857781915,0.2514040124179141,0.3711307514988214,0.3693245872022118,0.3825120896521466,0.3568207202992575,0.0,0.0,0.3381984682146282,0.0,0.0,0.0,0.0,0.0,0.0,0.0,0.0,0.0,0.4235855026506125,0.0,0.4226490749053707,0.4554939915928261,0.0,0.0,0.0,0.416593665055876,0.3735586352900763,0.0,0.0,0.0,0.0,0.0,0.3871984387201146,0.4116958427040161,0.4197660858955963,0.0,0.4056550088348615,0.0,0.0,0.417901999830785
0.0,0.0,0.3227433918981218,0.3185499806203077,0.2870555084929189,0.3670642059879908,0.3672791438350891,0.3436197006539059,0.2995792444466734,0.404465815904697,0.0,0.4293480401833384,0.3772688638981792,0.2924689726291493,0.0,0.0,0.5364227108897089,0.0,0.2661689625635525,0.0,0.0,0.0,0.3198185141380315,0.0,0.0,0.0,0.3584488140962741,0.3857109015322695,0.0,0.0,0.3951732327581235,0.3436233960505722,0.4308495605965936,0.3953647661262637,0.3840240035263283,0.2770060544309402,0.3620302703756526,0.388985877707043,0.4176202409201688,0.0,0.0,0.0,0.3902876014543925,0.0,0.0,0.0,0.0,0.402164406203555,0.0,0.4165890808937844,0.0,0.4604675198121735,0.4366525310921567,0.4808712114311167,0.0,0.2840573616860644,0.0,0.4775548403919226,0.4160656444843322,0.0,0.0,0.0,0.0,0.2543400986066423,0.0,0.0,0.0,0.4807204451902339,0.0,0.0,0.0,0.4731835878347183,0.0,0.0,0.0,0.0
0.3577975169326333,0.0,0.0,0.0,0.3845060311597916,0.0,0.3788058474679345,0.0,0.0,0.2706572599766473,0.4293480401833384,0.0,0.3658176950551562,0.0,0.0,0.0,0.3360909183884806,0.3326176841118964,0.0,0.0,0.4694180335490761,0.0,0.0,0.2906749051336977,0.3186273470553077,0.3030173742644133,0.0,0.3525237860275804,0.0,0.0,0.3072325995250331,0.2729351164358706,0.2615703594899622,0.2605501450270243,0.3057920766960397,0.311038295829209,0.3130673240856513,0.2277079858435276,0.3839003973390572,0.3638399914989797,0.358427818391739,0.0,0.0,0.0,0.3379938022439827,0.0,0.0,0.0,0.0,0.0,0.0,0.0,0.0,0.0,0.4200917481213931,0.0,0.4154799612075303,0.4616753328879631,0.0,0.0,0.0,0.4192491064401741,0.396132627835201,0.0,0.0,0.0,0.0,0.0,0.3821529696292439,0.4162256270593638,0.4193712498183827,0.0,0.4100142010889953,0.0,0.0,0.4035236435499992
0.437692111783971,0.3883794002327186,0.4222713625278678,0.2885061142634694,0.3303319876247777,0.3834765490372751,0.3263303832655904,0.4474289470797319,0.3673495459775626,0.3798616884610374,0.3772688638981792,0.3658176950551562,0.0,0.325585597003642,0.4032697913596367,0.4391867508790228,0.4038109558997408,0.4096713954865689,0.4023586788292751,0.4036876608798534,0.4364320344547067,0.4346756614271032,0.4200114056266252,0.386102658810991,0.3782258294640985,0.3794391373765777,0.4125811816721057,0.3268593351330989,0.3902200814840079,0.3666151651907351,0.3755102344565501,0.3684486740117424,0.3753138184133708,0.3842733983648061,0.3976615696571358,0.2942960668018957,0.2949460988042078,0.3513343685992162,0.4382161249223754,0.4630846895904427,0.4767970968000562,0.546163662782936,0.4950670815083288,0.0,0.4457489417613177,0.0,0.0,0.5665991175736202,0.0,0.0,0.5050895179092252,0.6133165903834092,0.4873615582376873,0.0,0.0,0.5924686066010365,0.4756192195362196,0.0,0.0,0.6092520390052264,0.0,0.0,0.0,0.0,0.5281854668353728,0.0,0.6066109236518655,0.5066559493670605,0.0,0.6398613632612667,0.543412178537518,0.4970140689222632,0.0,0.5094701146672489,0.0,0.0
0.0,0.0,0.4155539267594479,0.2355440511975895,0.2841541767431844,0.459928537789098,0.2972211042210799,0.3238186602541494,0.3786510831102751,0.0,0.2924689726291493,0.0,0.325585597003642,0.0,0.0,0.0,0.0,0.0,0.3337876122232065,0.0,0.4602031537853464,0.0,0.4078408478644965,0.0,0.0,0.0,0.4287760699716518,0.3195502914375293,0.0,0.0,0.4030554359718453,0.2927575808437432,0.0,0.2968495067845511,0.0,0.2080862640865792,0.1756957557403126,0.0,0.0,0.0,0.0,0.0,0.3362257557744543,0.0,0.0,0.0,0.0,0.4957066649798787,0.0,0.0,0.0,0.0,0.0,0.4680673587759449,0.0,0.43372650362646,0.0,0.0,0.0,0.0,0.0,0.0,0.0,0.0,0.0,0.0,0.0,0.4936079274405115,0.0,0.0,0.0,0.0,0.0,0.0,0.0,0.0
0.3729312181634714,0.3834862297999584,0.0,0.0,0.0,0.3906766683035635,0.0,0.0,0.0,0.0,0.0,0.0,0.4032697913596367,0.0,0.0,0.3980251199164213,0.0,0.3821564528008334,0.0,0.3354361323936207,0.3627163894421037,0.3516590856476478,0.341712536617511,0.4242989046900471,0.3651984974867726,0.3670031376838712,0.3938678451928336,0.3942373594532528,0.3737327901071861,0.0,0.380772546566724,0.4047646391138902,0.401022264688306,0.3952749780496782,0.4457728515098665,0.4426048342730831,0.0,0.0,0.4717901493214044,0.4839441250879632,0.4752048625882707,0.5052028327172974,0.0,0.0,0.0,0.0,0.4472566300053541,0.0,0.0,0.0,0.4697708322536847,0.0,0.4835653761937194,0.0,0.0,0.0,0.0,0.6040503958920669,0.0,0.4466151979724183,0.4657246197407274,0.0,0.0,0.0,0.4538927452867071,0.4623807380874786,0.4630087074416542,0.4810611520193956,0.0,0.5053830919591662,0.4911074286072675,0.476044923160324,0.5011644070737108,0.4687140585377619,0.0,0.4711590102091002
0.3744177070521108,0.3903609264695387,0.0,0.0,0.4003502142245949,0.38589223593493,0.4291419635953609,0.4393643975141994,0.0,0.3569365913538828,0.0,0.0,0.4391867508790228,0.0,0.3980251199164213,0.0,0.3576938139103652,0.3233137838502702,0.0,0.3883123800892943,0.4069762348844897,0.3754270699584074,0.4179657304862654,0.3620456104379837,0.3597335711765032,0.3826512840033408,0.4010716555965032,0.4208789244311932,0.4149733635448206,0.4108424736926765,0.3490756272022896,0.4073921357143048,0.3382351794342207,0.3546237083381249,0.4097609725067337,0.0,0.0,0.0,0.4339538184103813,0.4078743007119318,0.4007166969357018,0.4560650864460945,0.0,0.0,0.0,0.4201619237844511,0.4315150197248895,0.0,0.0,0.0,0.0,0.0,0.0,0.0,0.0,0.0,0.0,0.0,0.0,0.457017056026949,0.3978316148395883,0.0,0.3795679337630968,0.0,0.4523295613383368,0.4589542272387053,0.4418575953316713,0.0,0.0,0.3772319386720628,0.4428166185231478,0.0,0.0,0.4910567054434132,0.0,0.3896161888852467
0.4332956235338456,0.0,0.0,0.0,0.0,0.0,0.4301448855332593,0.0,0.0,0.3169789680910436,0.5364227108897089,0.3360909183884806,0.4038109558997408,0.0,0.0,0.3576938139103652,0.0,0.3253184620169323,0.0,0.3932041519048119,0.0,0.3757075553639575,0.0,0.3658283040235489,0.3365459736554917,0.3370829243248251,0.0,0.3893078928769116,0.0,0.0,0.3306203743807711,0.3597763993008578,0.3112178547879011,0.3506588298437054,0.3229595574680254,0.0,0.0,0.3204842757097202,0.0,0.4104544007529496,0.0,0.0,0.0,0.0,0.0,0.0,0.0,0.0,0.0,0.0,0.0,0.0,0.0,0.0,0.4508612499669111,0.0,0.4379453814606185,0.0,0.0,0.0,0.0,0.4406640099228818,0.4220426779158065,0.0,0.0,0.0,0.0,0.0,0.4531398671113843,0.4667446044619874,0.4469560266918964,0.0,0.0,0.0,0.0,0.0
0.3610589294558238,0.3876286812154205,0.0,0.0,0.0,0.3717085489164711,0.4108406097990024,0.4430083298925132,0.0,0.3383555472390648,0.0,0.3326176841118964,0.4096713954865689,0.0,0.3821564528008334,0.3233137838502702,0.3253184620169323,0.0,0.0,0.3807520702819698,0.3969506668649052,0.38157754101957,0.4080927834527545,0.3526030191478689,0.3371804737584498,0.3553066224382956,0.3895959039355666,0.3977307017406996,0.399282173041881,0.4187515132567568,0.3478125503730856,0.378722980214922,0.3084392733324508,0.3479705496454753,0.3397567941086995,0.0,0.0,0.0,0.4482973244801054,0.4205735656047246,0.4204565508058249,0.412099241975061,0.0,0.0,0.0,0.4079386833675039,0.4245308064885135,0.0,0.0,0.0,0.0,0.0,0.0,0.0,0.4385954824777763,0.0,0.4291097524444703,0.0,0.0,0.0,0.4015397241790022,0.4204409016221651,0.4164474946545912,0.0,0.0,0.0,0.4221911324385924,0.0,0.425979430006398,0.416901563050608,0.4306391176581665,0.0,0.0,0.0,0.0,0.3983143250329697
0.0,0.0,0.25797373867122,0.3877691059285458,0.3290520144755838,0.3677581979874028,0.3904829994624945,0.3949193191008261,0.2750207601517689,0.0,0.2661689625635525,0.0,0.4023586788292751,0.3337876122232065,0.0,0.0,0.0,0.0,0.0,0.0,0.0,0.0,0.2690023897173916,0.0,0.0,0.0,0.3324408994611195,0.4059994066857253,0.0,0.0,0.4181214519554699,0.3825275652487239,0.0,0.4094394039870048,0.4092628311122864,0.3474794593238398,0.0,0.0,0.0,0.0,0.0,0.0,0.4094710489904578,0.0,0.0,0.0,0.0,0.4636670475093942,0.0,0.5034697115915974,0.5755184284068062,0.5144640514943631,0.4491350738504953,0.5132763874856342,0.0,0.4206953356006817,0.0,0.0,0.5096358115622546,0.0,0.0,0.0,0.0,0.4739003989619946,0.0,0.0,0.0,0.5174625599017948,0.0,0.0,0.0,0.519657390517236,0.0,0.0,0.0,0.0
0.4091394519524134,0.386077906582789,0.0,0.4205256941151524,0.0,0.3652397248890294,0.4184675634982228,0.0,0.0,0.4877250705811672,0.0,0.0,0.4036876608798534,0.0,0.3354361323936207,0.3883123800892943,0.3932041519048119,0.3807520702819698,0.0,0.0,0.4015143476154416,0.3531634603942026,0.2955673431423221,0.0,0.3516555980942068,0.4115744038455083,0.349614220459435,0.3663480181578797,0.3200492501537651,0.3406929945836957,0.3484964778548712,0.3979370914157722,0.3660746112084435,0.3850497370165162,0.435210274489462,0.4507923105095442,0.4273067438681566,0.0,0.4537747111205277,0.4487482681172458,0.4695015639320877,0.4909219561958705,0.0,0.0,0.0,0.0,0.4251952399093728,0.0,0.0,0.0,0.0,0.0,0.5015170161093067,0.0,0.0,0.0,0.0,0.5593065531454284,0.0,0.4584201714488979,0.0,0.0,0.0,0.0,0.4563303375454154,0.4381116092355542,0.4568985194032979,0.4719478297164903,0.0,0.0,0.4555218467555704,0.4783985701988474,0.4820330258934169,0.4593438931364372,0.6083465680350515,0.4664465503701225
0.3862213367752001,0.3877480777302948,0.0,0.0,0.0,0.4012127849526209,0.0,0.4063393300507969,0.0,0.0,0.0,0.4694180335490761,0.4364320344547067,0.4602031537853464,0.3627163894421037,0.4069762348844897,0.0,0.3969506668649052,0.0,0.4015143476154416,0.0,0.3979452463627437,0.3815844981594425,0.4329386285475293,0.3873530301426959,0.3847241383714118,0.4274002510158918,0.4151814586117734,0.3837798462595126,0.0,0.3805164260593288,0.4042477372336936,0.3679055751754362,0.3793661079568504,0.44282727143597,0.0,0.0,0.0,0.4692807549290266,0.438450735566564,0.4637902406163127,0.4888980439588275,0.0,0.0,0.0,0.3959521268750746,0.4563108459507941,0.0,0.0,0.0,0.4377124333501108,0.0,0.3774682108106906,0.0,0.0,0.0,0.0,0.5184079963598033,0.0,0.4496060071888656,0.4272318674314127,0.0,0.0,0.0,0.4393408949605476,0.4116193270406095,0.4670870158237524,0.4639383149167844,0.0,0.0,0.4888486563673759,0.4613621673839958,0.4838665222643477,0.4631776305410578,0.0,0.4804574810821306
0.3634753360008095,0.3829665187454055,0.0,0.0,0.3914924589144841,0.3932367911663594,0.4427831547372385,0.0,0.0,0.0,0.0,0.0,0.4346756614271032,0.0,0.3516590856476478,0.3754270699584074,0.3757075553639575,0.38157754101957,0.0,0.3531634603942026,0.3979452463627437,0.0,0.3979521123777829,0.0,0.3890785957524209,0.3748945942122582,0.4020248603243903,0.4065251915381618,0.3780586344264409,0.3686704629619416,0.3528442897925423,0.3991715567390981,0.3710356043276887,0.3713180000958763,0.4380595033308573,0.4593120614972754,0.435738003444782,0.0,0.4504630240263524,0.4526994227980556,0.4542665640989007,0.4831840618319015,0.0,0.0,0.0,0.407990169007112,0.4258332838969797,0.0,0.0,0.0,0.4504801681633953,0.0,0.0,0.0,0.0,0.0,0.0,0.0,0.0,0.4797632629522119,0.4139381061321514,0.0,0.0,0.0,0.4525754318921892,0.468437545039125,0.455510628368478,0.4824086071956979,0.0,0.412105609822045,0.4789600858027845,0.4555974435840728,0.5358170567940762,0.4511301305732717,0.0,0.442935099123067
0.4307877412713095,0.4044748710462854,0.2813300079872596,0.3836995445773855,0.3830636170111409,0.4025767278456881,0.4262780673890211,0.3827132895348313,0.40346696041392,0.4479046360290062,0.3198185141380315,0.0,0.4200114056266252,0.4078408478644965,0.341712536617511,0.4179657304862654,0.0,0.4080927834527545,0.2690023897173916,0.2955673431423221,0.3815844981594425,0.3979521123777829,0.0,0.4520413125851233,0.378195802434946,0.4258813478993449,0.3360932827128065,0.4156766192947383,0.3899247358409377,0.4104875009024724,0.4201423676527039,0.3982071209070639,0.3814876029117547,0.4213363871398356,0.4245718803481061,0.3846403920956744,0.3934291263017002,0.5087039891014575,0.4978787928018867,0.4594421021874637,0.5272890495664161,0.5222263673338233,0.5204208274906615,0.5703639341553778,0.0,0.0,0.4686694564043844,0.5383599158441253,0.0,0.5182257101469824,0.5039839675052384,0.5176760898817473,0.4744321685661575,0.546446587427933,0.0,0.4911004433069442,0.0,0.5037110773632397,0.5273858909668129,0.4825817783937734,0.0,0.0,0.0,0.516288744772543,0.4812267865241562,0.4630044275479092,0.4727219096803847,0.5155912899145679,0.0,0.0,0.4700210710556252,0.5110911232864532,0.5042001303452014,0.4910838659886039,0.5095099423502588,0.5129300619524187
0.3290670933507565,0.0,0.0,0.0,0.0,0.0,0.3985804921651171,0.4713664388535081,0.0,0.3095867548374423,0.0,0.2906749051336977,0.386102658810991,0.0,0.4242989046900471,0.3620456104379837,0.3658283040235489,0.3526030191478689,0.0,0.0,0.4329386285475293,0.0,0.4520413125851233,0.0,0.3444259421372665,0.3330411319827431,0.4950590624177088,0.3693694777031679,0.0,0.0,0.328346235588876,0.33843973089315,0.282126781453696,0.282235966282804,0.2679126465707699,0.4098848640666102,0.0,0.2827554263500819,0.4020205715474334,0.3439820746842119,0.3537168182791753,0.0,0.0,0.0,0.2542445024971927,0.4018280825545576,0.0,0.0,0.0,0.0,0.0,0.0,0.0,0.0,0.3854332813999559,0.0,0.3718346863046173,0.0,0.0,0.0,0.4422454476842536,0.4214047252415362,0.4239765575323255,0.0,0.0,0.0,0.0,0.0,0.344998152423943,0.4189823330421132,0.4284993316048147,0.0,0.2995240490302115,0.0,0.0,0.3848577089819103
0.3469035617573824,0.3716261433236614,0.0,0.0,0.3761202324348534,0.3371113919137029,0.3783586471852744,0.4440676327800465,0.3831515648399212,0.3155556133546208,0.0,0.3186273470553077,0.3782258294640985,0.0,0.3651984974867726,0.3597335711765032,0.3365459736554917,0.3371804737584498,0.0,0.3516555980942068,0.3873530301426959,0.3890785957524209,0.378195802434946,0.3444259421372665,0.0,0.3398094856704647,0.3586083013958125,0.3816557141181587,0.3648768541925377,0.0,0.3361962403809244,0.3573677868921658,0.2844881514612527,0.3245972107065772,0.3199128975000337,0.0,0.0,0.3015319483533241,0.4462664548178449,0.4098647893736893,0.4247282692274856,0.4376515321931963,0.0,0.0,0.0,0.4126530406157121,0.4409394324866315,0.0,0.0,0.0,0.0,0.0,0.0,0.0,0.4479690063228024,0.0,0.4411689657702491,0.5744014218969109,0.0,0.4539171336426151,0.4158597165485206,0.4388985548245639,0.4231155497961904,0.0,0.4266273823500182,0.4628906549169915,0.4110663868660689,0.5481558040342757,0.4242382420292234,0.4254863863583201,0.4364804310736044,0.0,0.0,0.4474879285275583,0.0,0.4045454717498554
0.329556796889421,0.376936937949244,0.0,0.0,0.3907529819801423,0.3833292635295717,0.3895057032403334,0.4421720612969893,0.4220365417249406,0.3157407293067797,0.0,0.3030173742644133,0.3794391373765777,0.0,0.3670031376838712,0.3826512840033408,0.3370829243248251,0.3553066224382956,0.0,0.4115744038455083,0.3847241383714118,0.3748945942122582,0.4258813478993449,0.3330411319827431,0.3398094856704647,0.0,0.4426034930712889,0.3835890187630748,0.3799445663327011,0.0,0.3465349697589953,0.3713441158360819,0.3283380435092399,0.3380224764751102,0.3784849867701444,0.3905006510457764,0.0,0.3008306792415337,0.4444203592059989,0.4332785459729228,0.4293416431991099,0.5157543469381687,0.0,0.0,0.4458726206931578,0.425974038746604,0.4630064991156617,0.0,0.0,0.0,0.4737006820759345,0.0,0.0,0.0,0.4414995253134118,0.0,0.4342186496408997,0.5517285309569195,0.0,0.4877133325578521,0.4310458083675199,0.4467830632401,0.4381771275013283,0.0,0.4467178072815212,0.4735614692777913,0.470601363211768,0.4642457263621066,0.4274271503674136,0.4357195391246058,0.4601396844415498,0.4729143446498973,0.483337786426276,0.4508022578419124,0.0,0.4194449483063679
0.41732884313053,0.3878425762036732,0.3073522254447105,0.3937727291670055,0.3788610427269422,0.3702301479146992,0.4167918026851481,0.4389415589006788,0.3606970303340904,0.4417494703091759,0.3584488140962741,0.0,0.4125811816721057,0.4287760699716518,0.3938678451928336,0.4010716555965032,0.0,0.3895959039355666,0.3324408994611195,0.349614220459435,0.4274002510158918,0.4020248603243903,0.3360932827128065,0.4950590624177088,0.3586083013958125,0.4426034930712889,0.0,0.4113598526557433,0.3603788370814217,0.3940320253627914,0.3972066109654003,0.3955120539230471,0.3785046639711841,0.409477233851923,0.42037825879051,0.4128880543665955,0.4080127063407392,0.0,0.4917860712945347,0.4809575614691788,0.5022459399802305,0.5212832419410028,0.4930110618932373,0.0,0.0,0.0,0.4890311795707579,0.5466337003902847,0.0,0.5469247800496061,0.5052677477705737,0.5165463910985859,0.4920490205909277,0.5475378715449778,0.0,0.5193936253646474,0.0,0.4972287526116046,0.5298321665057992,0.4842365978120548,0.0,0.0,0.0,0.5302745393926237,0.4760612769681751,0.4703958769426406,0.4632361948692748,0.5178233710570325,0.0,0.0,0.4827899726369583,0.5122320932888432,0.4979659890352143,0.4824417596049675,0.5113285932114879,0.5006969750948618
0.4135207511126084,0.3767685625342148,0.4296293784620529,0.2601242177846277,0.3220836120331359,0.3850673613340134,0.3118704524989525,0.4247294983517714,0.4146480006116775,0.3634741887729083,0.3857109015322695,0.3525237860275804,0.3268593351330989,0.3195502914375293,0.3942373594532528,0.4208789244311932,0.3893078928769116,0.3977307017406996,0.4059994066857253,0.3663480181578797,0.4151814586117734,0.4065251915381618,0.4156766192947383,0.3693694777031679,0.3816557141181587,0.3835890187630748,0.4113598526557433,0.0,0.3364215231567596,0.3165476946878624,0.3620699932255968,0.3749101160976107,0.3621082568625178,0.3582729949090953,0.3420437789689194,0.2741140249188736,0.2892188751671506,0.3412317827653964,0.4772715207285125,0.4247134188242065,0.4805123096058765,0.5504492238985359,0.5200074437402188,0.0,0.3657686755967347,0.0,0.0,0.0,0.0,0.0,0.4824612573443151,0.0,0.4710389170021971,0.6195501152021566,0.4245472376022441,0.0,0.4676730719867905,0.54596097076943,0.0,0.499958590919914,0.0,0.0,0.0,0.0,0.4769523676761212,0.4880220235213174,0.5205511486163206,0.4994797391935672,0.0,0.5748646153041278,0.4853471678142225,0.4946834876712117,0.4966347395925988,0.4799980929876359,0.0,0.5087087797697474
0.4264270688682681,0.3733783526996505,0.0,0.0,0.3789822693366023,0.3528503845595556,0.4256014831274771,0.3872457523943697,0.4022235540693554,0.0,0.0,0.0,0.3902200814840079,0.0,0.3737327901071861,0.4149733635448206,0.0,0.399282173041881,0.0,0.3200492501537651,0.3837798462595126,0.3780586344264409,0.3899247358409377,0.0,0.3648768541925377,0.3799445663327011,0.3603788370814217,0.3364215231567596,0.0,0.3356722998903699,0.3418640890280726,0.3681331462431297,0.3345377769788354,0.3737016646973778,0.416204067196558,0.4306418584337912,0.0,0.0,0.4706172607241683,0.5002210030241288,0.4874474202862593,0.5158416832811582,0.5281740652659129,0.0,0.0,0.0,0.4780859635878311,0.0,0.0,0.0,0.479209937978595,0.5797208535752046,0.4669999815775861,0.0,0.0,0.0,0.0,0.511548775412732,0.0,0.4592261723314377,0.0,0.0,0.0,0.0,0.4503028510477749,0.436501966576545,0.4542371573809112,0.4929053338805822,0.0,0.0,0.4524477736395212,0.4844730398365317,0.4822255029493289,0.4641451181560569,0.5070480781938584,0.4813763993343972
0.0,0.0,0.0,0.0,0.0,0.403778933266263,0.0,0.4072649705842919,0.0,0.0,0.0,0.0,0.3666151651907351,0.0,0.0,0.4108424736926765,0.0,0.4187515132567568,0.0,0.3406929945836957,0.0,0.3686704629619416,0.4104875009024724,0.0,0.0,0.0,0.3940320253627914,0.3165476946878624,0.3356722998903699,0.0,0.3294597128233012,0.3712195715067511,0.0,0.341809760032416,0.0,0.0,0.0,0.0,0.0,0.0,0.0,0.0,0.0,0.0,0.0,0.0,0.0,0.0,0.0,0.0,0.0,0.0,0.0,0.0,0.0,0.0,0.0,0.0,0.0,0.0,0.0,0.0,0.0,0.0,0.4992960238239943,0.0,0.0,0.4992638978229622,0.0,0.0,0.0,0.4972447564538897,0.0,0.5188634313688262,0.0,0.0
0.3371432276852982,0.329416310590694,0.4287976938215679,0.3517701440491579,0.3561300507395632,0.4140302756773247,0.3905422257591452,0.444341794823772,0.4207659177382175,0.3016103895299668,0.3951732327581235,0.3072325995250331,0.3755102344565501,0.4030554359718453,0.380772546566724,0.3490756272022896,0.3306203743807711,0.3478125503730856,0.4181214519554699,0.3484964778548712,0.3805164260593288,0.3528442897925423,0.4201423676527039,0.328346235588876,0.3361962403809244,0.3465349697589953,0.3972066109654003,0.3620699932255968,0.3418640890280726,0.3294597128233012,0.0,0.3452272322166073,0.268412664173908,0.2708394771393566,0.2189085308126673,0.3033005064918403,0.3359123444298164,0.2736790503866028,0.4456615561783697,0.3929765358980905,0.4302826060750425,0.0,0.0,0.0,0.0,0.0,0.4141502053554109,0.0,0.0,0.0,0.5101484976297372,0.0,0.4768716575783861,0.0,0.4291837045845609,0.0,0.4278729446716615,0.0,0.0,0.4915279892610082,0.3977748228274767,0.452278803996014,0.4038005065310023,0.0,0.4568948291628118,0.4295907119686519,0.4317694651747773,0.5206351246482512,0.4419341883377092,0.4103167595813574,0.445062641212771,0.501470007700182,0.5101440583178316,0.4800065814870177,0.0,0.4573523009636313
0.3608999437300731,0.3490939766658226,0.404744042941496,0.2725155287546988,0.3021906384868835,0.3950693749484393,0.3598554874138428,0.3621889185276836,0.3929081079373066,0.3246272876802439,0.3436233960505722,0.2729351164358706,0.3684486740117424,0.2927575808437432,0.4047646391138902,0.4073921357143048,0.3597763993008578,0.378722980214922,0.3825275652487239,0.3979370914157722,0.4042477372336936,0.3991715567390981,0.3982071209070639,0.33843973089315,0.3573677868921658,0.3713441158360819,0.3955120539230471,0.3749101160976107,0.3681331462431297,0.3712195715067511,0.3452272322166073,0.0,0.3161598869366077,0.342682706955356,0.3459685640113744,0.2625274614261512,0.2929639334508682,0.2550081118009792,0.3012159440343373,0.2644293532792607,0.3860717510960807,0.335305187473177,0.3070810133084423,0.3006080819438742,0.2518196435185805,0.4080554829142245,0.4206963196317936,0.4643044347513523,0.0,0.5329970636474243,0.4924644628914063,0.5197063450094914,0.4689746452391699,0.4891476850738219,0.3011016044262943,0.4385183841438022,0.2285373663049564,0.4471442938920805,0.0,0.4694263076783575,0.4023220570825884,0.4020261946904937,0.3953666315160915,0.4969060296655154,0.4602896721798399,0.4628159596963424,0.4495243576913504,0.504804355344342,0.0,0.3930787893730628,0.4398990956284233,0.4976941161061475,0.4676740949553095,0.4908457338179388,0.0,0.4737214047041695
0.3107507557403715,0.3177533702799592,0.0,0.0,0.3854041319562275,0.3590395128633755,0.3771160170966629,0.363803819949064,0.421682405019977,0.2849229612033467,0.4308495605965936,0.2615703594899622,0.3753138184133708,0.0,0.401022264688306,0.3382351794342207,0.3112178547879011,0.3084392733324508,0.0,0.3660746112084435,0.3679055751754362,0.3710356043276887,0.3814876029117547,0.282126781453696,0.2844881514612527,0.3283380435092399,0.3785046639711841,0.3621082568625178,0.3345377769788354,0.0,0.268412664173908,0.3161598869366077,0.0,0.2276574279056904,0.3336003059211723,0.3863828204910113,0.270101139660509,0.1896972495355488,0.2900025843535204,0.2506797636972078,0.3466520092978771,0.4381761452754285,0.0,0.0,0.2403021690353957,0.3900081448370014,0.4189600438760583,0.0,0.0,0.0,0.0,0.0,0.0,0.0,0.3687869509622954,0.0,0.3854590564798749,0.0,0.0,0.4850881542958089,0.3890673084501355,0.3707130922261375,0.3737250334147553,0.0,0.4469564245479274,0.4529646182358914,0.4522790177579671,0.4666364300377102,0.3420030204330989,0.3744600811916444,0.4182970097437983,0.4601028745768528,0.4023587700446361,0.0,0.0,0.3374606639199547
0.3237410506768244,0.319858463748385,0.4254399600957677,0.2903770120427449,0.3730595639751038,0.4112787648460689,0.3762324107369085,0.451901985918045,0.4105464309717235,0.2904432782893285,0.3953647661262637,0.2605501450270243,0.3842733983648061,0.2968495067845511,0.3952749780496782,0.3546237083381249,0.3506588298437054,0.3479705496454753,0.4094394039870048,0.3850497370165162,0.3793661079568504,0.3713180000958763,0.4213363871398356,0.282235966282804,0.3245972107065772,0.3380224764751102,0.409477233851923,0.3582729949090953,0.3737016646973778,0.341809760032416,0.2708394771393566,0.342682706955356,0.2276574279056904,0.0,0.3001814794483903,0.2800157807175623,0.2892210613020941,0.203957664371727,0.3660408882544715,0.3107895464930263,0.3562841690679741,0.3726570037894897,0.359339757496025,0.3207538462830951,0.2812689345603776,0.3800967482978433,0.4088976233624274,0.0,0.0,0.0,0.4927669953643127,0.6794308730177879,0.4954808670412419,0.0,0.3687023952823425,0.0,0.418068644032853,0.4690881316885273,0.0,0.4707752668859876,0.3903244843982899,0.4315109479742567,0.4022260184274104,0.0,0.4719585521979482,0.4442828217788799,0.4402870094154042,0.5205586665411331,0.0,0.4103938955859301,0.4339279433253518,0.5063890430005429,0.4517646472042672,0.4844644135595333,0.0,0.4518222118015049
0.3682084896967565,0.364025520206067,0.4394254809926168,0.3308689621943819,0.3999773660664147,0.4232979985389257,0.4112657190208439,0.4276988618315177,0.4097892391489285,0.3037330629254717,0.3840240035263283,0.3057920766960397,0.3976615696571358,0.0,0.4457728515098665,0.4097609725067337,0.3229595574680254,0.3397567941086995,0.4092628311122864,0.435210274489462,0.44282727143597,0.4380595033308573,0.4245718803481061,0.2679126465707699,0.3199128975000337,0.3784849867701444,0.42037825879051,0.3420437789689194,0.416204067196558,0.0,0.2189085308126673,0.3459685640113744,0.3336003059211723,0.3001814794483903,0.0,0.3638794618344435,0.3550107615278495,0.2588870822868857,0.3141080085880615,0.3336726613832784,0.3957510737103934,0.3574965395593901,0.3551597642493154,0.3371198229101956,0.3502540498704087,0.0,0.4372193203056728,0.0,0.0,0.0,0.0,0.0,0.0,0.0,0.0,0.0,0.0,0.5217678130262507,0.0,0.4922010757841664,0.4050427139741123,0.0,0.0,0.0,0.4792307113433459,0.0,0.4744358810172847,0.4976138391932319,0.0,0.4059833585696547,0.4559622292072551,0.4941200445314865,0.4580905204537376,0.5122775838659795,0.0,0.0
0.0,0.0,0.3814031218485242,0.1849293050743577,0.2285719382434097,0.3928784838100126,0.2750382503151538,0.3031277461559859,0.3674920823297904,0.2603475836113378,0.2770060544309402,0.311038295829209,0.2942960668018957,0.2080862640865792,0.4426048342730831,0.0,0.0,0.0,0.3474794593238398,0.4507923105095442,0.0,0.4593120614972754,0.3846403920956744,0.4098848640666102,0.0,0.3905006510457764,0.4128880543665955,0.2741140249188736,0.4306418584337912,0.0,0.3033005064918403,0.2625274614261512,0.3863828204910113,0.2800157807175623,0.3638794618344435,0.0,0.1813445548426279,0.3060055506929707,0.2949657284521236,0.2649529448637455,0.3285219077342398,0.292310383003686,0.2860798292993355,0.3135493642977172,0.0,0.0,0.0,0.4496559493656305,0.0,0.3882100595953031,0.4796547000677579,0.4635168756595864,0.5362557471780822,0.4506544436877324,0.0,0.3840589541195172,0.0,0.532450828831187,0.0,0.0,0.0,0.0,0.0,0.422657914744655,0.0,0.0,0.0,0.4901988629466582,0.0,0.0,0.0,0.4823547412599599,0.4945701491922871,0.0,0.0,0.0
0.0,0.0,0.4098748517125479,0.1761822465208084,0.2066284345643777,0.4015688193662157,0.2573059756962422,0.0,0.4015475147602674,0.2522958857781915,0.3620302703756526,0.3130673240856513,0.2949460988042078,0.1756957557403126,0.0,0.0,0.0,0.0,0.0,0.4273067438681566,0.0,0.435738003444782,0.3934291263017002,0.0,0.0,0.0,0.4080127063407392,0.2892188751671506,0.0,0.0,0.3359123444298164,0.2929639334508682,0.270101139660509,0.2892210613020941,0.3550107615278495,0.1813445548426279,0.0,0.3059466756864194,0.2672629851133747,0.0,0.3160479086462421,0.2798463152636299,0.3038625754345653,0.0,0.0,0.0,0.0,0.0,0.0,0.0,0.0,0.0,0.0,0.0,0.0,0.0,0.0,0.0,0.0,0.0,0.0,0.0,0.0,0.0,0.0,0.0,0.0,0.5554137779971241,0.0,0.0,0.0,0.0,0.0,0.0,0.0,0.0
0.4237333000094875,0.0,0.0,0.3251398243923572,0.3956688284128627,0.0,0.3536716653577229,0.0,0.3992964658839938,0.2514040124179141,0.388985877707043,0.2277079858435276,0.3513343685992162,0.0,0.0,0.0,0.3204842757097202,0.0,0.0,0.0,0.0,0.0,0.5087039891014575,0.2827554263500819,0.3015319483533241,0.3008306792415337,0.0,0.3412317827653964,0.0,0.0,0.2736790503866028,0.2550081118009792,0.1896972495355488,0.203957664371727,0.2588870822868857,0.3060055506929707,0.3059466756864194,0.0,0.2300396338998409,0.2417364751405493,0.3043573117214506,0.3234228062166693,0.0,0.0,0.2489135615888081,0.0,0.0,0.0,0.0,0.0,0.0,0.0,0.0,0.0,0.3053387068689095,0.0,0.3120266413399752,0.0,0.0,0.0,0.0,0.0,0.0,0.0,0.0,0.0,0.0,0.0,0.2970377670621856,0.3768659264374776,0.3294668851691866,0.0,0.4144781111541848,0.0,0.0,0.0
0.434614820855893,0.4349268075566706,0.5197937565212231,0.0,0.5799353852784683,0.4974672606246054,0.5578504432078558,0.5291486514364108,0.4715538759514723,0.3711307514988214,0.4176202409201688,0.3839003973390572,0.4382161249223754,0.0,0.4717901493214044,0.4339538184103813,0.0,0.4482973244801054,0.0,0.4537747111205277,0.4692807549290266,0.4504630240263524,0.4978787928018867,0.4020205715474334,0.4462664548178449,0.4444203592059989,0.4917860712945347,0.4772715207285125,0.4706172607241683,0.0,0.4456615561783697,0.3012159440343373,0.2900025843535204,0.3660408882544715,0.3141080085880615,0.2949657284521236,0.2672629851133747,0.2300396338998409,0.0,0.3124242099540582,0.3765181096040998,0.3709158518018762,0.2655915528554668,0.2874841786466472,0.266715802181761,0.3745305879517644,0.3908346361521105,0.4397275790293448,0.2645991137023809,0.3249571389812627,0.4308444386055997,0.3539975466997061,0.4208463894233954,0.4392563431157045,0.3012100170975405,0.3399733962110962,0.2435998073115048,0.3731575872325521,0.2629042094979963,0.426801172322736,0.4012501891140476,0.3887650328886368,0.3846351555390814,0.4137549671883502,0.4314523815256078,0.4207226359108836,0.4243861328389252,0.4319831178192455,0.2681940063868215,0.3689725297808284,0.393545917103923,0.4291520615893581,0.3567214570973624,0.4173047467739187,0.4440188720533439,0.3706682947399191
0.4221503290398626,0.4276055930691985,0.0,0.0,0.0,0.0,0.0,0.0,0.0,0.3693245872022118,0.0,0.3638399914989797,0.4630846895904427,0.0,0.4839441250879632,0.4078743007119318,0.4104544007529496,0.4205735656047246,0.0,0.4487482681172458,0.438450735566564,0.4526994227980556,0.4594421021874637,0.3439820746842119,0.4098647893736893,0.4332785459729228,0.4809575614691788,0.4247134188242065,0.5002210030241288,0.0,0.3929765358980905,0.2644293532792607,0.2506797636972078,0.3107895464930263,0.3336726613832784,0.2649529448637455,0.0,0.2417364751405493,0.3124242099540582,0.0,0.2602817266256645,0.3767202758960847,0.3506250307495491,0.2909433914001899,0.2038952299516941,0.2962180629176744,0.3083320536703993,0.0,0.0,0.362079125111189,0.3825175031637166,0.3690397265745902,0.4874426425189817,0.4515123028501342,0.2874517889059809,0.4228506759228347,0.2701630759619445,0.372033118394342,0.0,0.3860611844726324,0.3407766699619157,0.2976762425774741,0.3006669763233923,0.5192270874749839,0.3766247292463563,0.3549681946925975,0.3711738420283831,0.403416625893142,0.2549053934845261,0.2831402530377783,0.3301392596810097,0.4028014689908346,0.3389228884359628,0.3820532932577574,0.3740772218753016,0.2856064069646457
