0.0,0.2815309560698413,0.0,0.0,0.0,0.3087320707621462,0.0,0.3656245608356065,0.0,0.2968551530403719,0.0,0.2814347135577618,0.0,0.0,0.2690420604925785,0.2957527497666643,0.2449475583281203,0.2612914757019671,0.0,0.297484214530156,0.3036374103121472,0.3076527187895843,0.3224020236072838,0.2698716469434295,0.2571559868278043,0.2615739656404878,0.3038518324286327,0.3398935494569975,0.3256895373042243,0.0,0.285726224578145,0.3219944305333568,0.2519336217655744,0.2858968886098292,0.3274257182857455,0.0,0.0,0.0,0.3048005911888678,0.2511670663751707,0.2968737619272744,0.0,0.0,0.0,0.0,0.2282461390493916,0.2823670935896649,0.0,0.0,0.0,0.0,0.0,0.0,0.0,0.2762045520636189,0.0,0.0,0.0,0.0,0.0,0.2931210546384855,0.0,0.2578039996070474,0.0,0.0,0.1734462069194894,0.3134606567432722,0.0,0.2552472846045382,0.2681137023281968,0.2851834753804825,0.0,0.0,0.0,0.0,0.0
0.2815309560698413,0.0,0.0,0.0,0.3153702517575723,0.3004867460160849,0.319194382019933,0.3386009008949847,0.2906372449633944,0.0,0.0,0.0,0.3322077422812078,0.0,0.2934303873125962,0.2894599420926271,0.0,0.2833869676274989,0.0,0.2974142935162114,0.2975297934968466,0.2767659638392639,0.2932842225098472,0.0,0.2592501275640959,0.2834053983940799,0.28606711582616,0.3209762292757407,0.3082510681829604,0.0,0.2813436735394192,0.3529329943314009,0.2753614589852232,0.3005875836300894,0.3258178359285824,0.0,0.0,0.0,0.3328181514580475,0.3070332517766118,0.3488151012906345,0.3552075525228887,0.0,0.0,0.0,0.2964243785784206,0.3323554853943198,0.0,0.0,0.0,0.0,0.0,0.0,0.0,0.0,0.0,0.0,0.0,0.0,0.3449717577267595,0.3207844328615693,0.0,0.299407594093709,0.0,0.3293264665544472,0.3044389179227319,0.3568364398862856,0.0,0.0,0.2987384661735574,0.3185657678834438,0.327632294113116,0.0,0.3313588576425431,0.0,0.306218040037195
0.0,0.0,0.0,0.0,0.2658120043162695,0.26985473685182,0.2770767419701501,0.3091345526576415,0.2394164801852831,0.0,0.2683350476828256,0.0,0.2837606774819627,0.2672959913094396,0.0,0.0,0.0,0.0,0.2503667298208348,0.0,0.0,0.0,0.2531989976415555,0.0,0.0,0.0,0.2574804040671438,0.2985940197939654,0.0,0.0,0.0,0.0,0.0,0.0,0.0,0.2353242472181576,0.0,0.0,0.0,0.0,0.0,0.0,0.2985388378811678,0.0,0.0,0.0,0.0,0.3204737605773282,0.0,0.0,0.3354464115808553,0.0,0.0,0.3388123039535503,0.0,0.2935428920580342,0.0,0.0,0.3552822523636522,0.0,0.0,0.0,0.0,0.3000776930418638,0.0,0.0,0.0,0.3203402663827454,0.0,0.0,0.0,0.3448289554136296,0.0,0.0,0.0,0.0
0.0,0.0,0.0,0.0,0.1980681920934708,0.2661381398195783,0.2536009024883439,0.0,0.0,0.1565222014553211,0.0,0.0,0.2266670151422747,0.1699881220222365,0.0,0.0,0.0,0.0,0.0,0.0,0.0,0.0,0.2721561267625116,0.0,0.0,0.0,0.0,0.1816564075985143,0.0,0.0,0.0,0.1891126754998907,0.0,0.1542473022922492,0.1666476899498319,0.1284506999013591,0.1205089277518155,0.0,0.0,0.0,0.0,0.0,0.0,0.0,0.0,0.0,0.0,0.0,0.0,0.0,0.0,0.0,0.0,0.0,0.0,0.0,0.0,0.0,0.0,0.0,0.0,0.0,0.0,0.0,0.0,0.0,0.0,0.0,0.0,0.0,0.0,0.0,0.0,0.0,0.0,0.0
0.0,0.3153702517575723,0.2658120043162695,0.1980681920934708,0.0,0.2694603909503201,0.2656400799851265,0.2851996069215277,0.2651803546979716,0.0,0.2761293756268841,0.0,0.2783919692718521,0.2188209103759734,0.0,0.0,0.0,0.0,0.273165451478369,0.2927060953510877,0.0,0.3224924476301414,0.2741158109189097,0.0,0.319521998707336,0.0,0.2772390816566528,0.2834659212878264,0.3051064748847383,0.0,0.3024715505869954,0.2599065275403547,0.0,0.2902407493046881,0.3229886048259598,0.1723472694200311,0.2658132045938504,0.0,0.0,0.0,0.0,0.0,0.2578573437531634,0.0,0.0,0.0,0.0,0.3528070405107392,0.0,0.0,0.0,0.0,0.0,0.365302369713946,0.0,0.3013184857259623,0.0,0.0,0.0,0.0,0.0,0.0,0.0,0.0,0.0,0.0,0.0,0.3300005818826603,0.0,0.0,0.0,0.3428502004846291,0.0,0.0,0.0,0.0
0.3087320707621462,0.3004867460160849,0.26985473685182,0.2661381398195783,0.2694603909503201,0.0,0.2864894534459688,0.279250261919498,0.2528710823076144,0.0,0.2560347540673655,0.0,0.2855060992611115,0.2632664494225263,0.2900141249503318,0.3084426311668427,0.0,0.299869214949035,0.2441063050512994,0.2910169574467366,0.2821138286367453,0.3020243170813784,0.2807706528998748,0.0,0.2871813860318167,0.2952515368728889,0.2634743948424652,0.2710111306619915,0.2576845726982716,0.2852431638859672,0.2949203357612752,0.285653807635375,0.0,0.3044380909027112,0.3275103082084286,0.2758093921576048,0.272405746587133,0.0,0.3320440716973904,0.0,0.3435179047082646,0.0,0.2957182850405183,0.0,0.0,0.0,0.0,0.3419307936785761,0.0,0.0,0.3264514289141877,0.3468524286149689,0.3146118753313702,0.3340353210354406,0.0,0.3168697186289085,0.0,0.3390810609973564,0.0,0.3343772190251846,0.0,0.0,0.0,0.3414998435132911,0.3137642159157544,0.0,0.3416013400965808,0.3305714575380152,0.0,0.0,0.0,0.3324157361471894,0.3342334562509574,0.3230500894632345,0.0,0.3456531033395399
0.0,0.319194382019933,0.2770767419701501,0.2536009024883439,0.2656400799851265,0.2864894534459688,0.0,0.2916765895244128,0.2661274670525417,0.0,0.2823034824031563,0.0,0.2606454633979436,0.2611931630717497,0.0,0.3313850569217059,0.0,0.3314871438670148,0.2703743275233544,0.3183179118349488,0.0,0.3398903586628818,0.2870284739884965,0.0,0.3134396598157035,0.3211497577452922,0.2937096607560037,0.2840544303480314,0.3180856315339861,0.0,0.2948943648434887,0.2546293942769209,0.0,0.2922228816873247,0.404044920184804,0.2452570857156087,0.2446106354568112,0.0,0.0,0.0,0.0,0.0,0.0,0.0,0.0,0.0,0.0,0.0,0.0,0.0,0.3534616739477618,0.0,0.0,0.0,0.0,0.0,0.0,0.0,0.0,0.0,0.0,0.0,0.0,0.0,0.0,0.0,0.0,0.3314172335660999,0.0,0.0,0.0,0.3430321167203788,0.0,0.0,0.0,0.0
0.3656245608356065,0.3386009008949847,0.3091345526576415,0.0,0.2851996069215277,0.279250261919498,0.2916765895244128,0.0,0.2929089669665621,0.0,0.2674825246342761,0.0,0.2999105183217848,0.2433781815891883,0.2362900788422853,0.3473860153611423,0.0,0.3371612700853293,0.2822878899730938,0.2730203572176262,0.2914296832579891,0.3273431513338333,0.2664612065165339,0.3694876199924105,0.3429979056344787,0.3393606353264102,0.2896877828065257,0.2995929018062688,0.2852861520374034,0.3068274787440811,0.313683045782197,0.2774030713513634,0.3353074938080631,0.326283340045036,0.3224397523293513,0.1841038564444706,0.2983924776990495,0.0,0.3382183332864443,0.0,0.3557925216523851,0.0,0.2525357337596838,0.0,0.0,0.0,0.0,0.3356896017909824,0.0,0.3413218186350191,0.3219809252325697,0.3404434339083118,0.2797681415282863,0.3360768061269779,0.0,0.2963534469337532,0.0,0.3261153198964942,0.2883440877735955,0.0,0.0,0.0,0.0,0.3348452692566669,0.0,0.0,0.0,0.3211346531569032,0.0,0.0,0.0,0.3366296456443882,0.3312355108449971,0.3171917158427778,0.0,0.0
0.0,0.2906372449633944,0.2394164801852831,0.0,0.2651803546979716,0.2528710823076144,0.2661274670525417,0.2929089669665621,0.0,0.0,0.2597233395181216,0.0,0.2673473286692675,0.2809689698430435,0.0,0.0,0.0,0.0,0.2157986217561385,0.2728117850430681,0.0,0.2926516255685663,0.2627103840945908,0.0,0.0,0.0,0.2435284205429914,0.276462450265969,0.2810090303988418,0.0,0.2688602358955768,0.2575294514286845,0.0,0.279855581343561,0.274915507600078,0.0,0.2609523719679768,0.0,0.0,0.0,0.0,0.0,0.0,0.0,0.0,0.0,0.0,0.3398262880307043,0.0,0.0,0.3273066861580846,0.0,0.3015138830687102,0.3563046228130474,0.0,0.299700351952225,0.0,0.0,0.2871547956009339,0.0,0.0,0.0,0.0,0.330037338264744,0.0,0.0,0.0,0.3159793272608922,0.0,0.0,0.0,0.3141813500512252,0.0,0.0,0.0,0.0
0.2968551530403719,0.0,0.0,0.1565222014553211,0.0,0.0,0.0,0.0,0.0,0.0,0.0,0.2160295457765285,0.2905511637592725,0.0,0.0,0.2677530378890824,0.2225368824808352,0.2399248306275976,0.0,0.0,0.0,0.2954599034119117,0.2808068006279637,0.2277167454344081,0.2379152570011698,0.2416972469801728,0.0,0.2840902153704408,0.0,0.0,0.2401517946793347,0.2205422319273143,0.2188498048124891,0.2234746073019106,0.224083654175911,0.1823390754099213,0.1788140336031729,0.2135251436880324,0.2577036121195483,0.2374622700433536,0.2571393587739372,0.0,0.0,0.0,0.2449000123989667,0.0,0.0,0.0,0.0,0.0,0.0,0.0,0.0,0.0,0.2818980645345639,0.0,0.2838355348159592,0.0,0.0,0.0,0.0,0.2648470450662737,0.2568999448142334,0.0,0.0,0.0,0.0,0.0,0.2881142362395389,0.2632403236062093,0.2848293229460895,0.0,0.0,0.0,0.0,0.2707431063632967
0.0,0.0,0.2683350476828256,0.0,0.2761293756268841,0.2560347540673655,0.2823034824031563,0.2674825246342761,0.2597233395181216,0.0,0.0,0.0,0.2818094369578428,0.2046560430546817,0.0,0.0,0.0,0.0,0.2346184193249862,0.0,0.0,0.0,0.268680207638671,0.0,0.0,0.0,0.2600208175840556,0.2858575276425517,0.0,0.0,0.2887302868380512,0.1966176466985509,0.0,0.2845704449931484,0.0,0.1906960172019617,0.2766185076973014,0.0,0.0,0.0,0.0,0.0,0.2648752963152731,0.0,0.0,0.0,0.0,0.306925516185932,0.0,0.2735341126032467,0.3213663345762697,0.0,0.317314892075674,0.3209423849206799,0.0,0.2612928053152506,0.0,0.0,0.275023712283525,0.0,0.0,0.0,0.0,0.2724497169641863,0.0,0.0,0.0,0.3191681857723124,0.0,0.0,0.0,0.3092451103459853,0.0,0.0,0.0,0.0
0.2814347135577618,0.0,0.0,0.0,0.0,0.0,0.0,0.0,0.0,0.2160295457765285,0.0,0.0,0.0,0.0,0.0,0.0,0.244596992344043,0.2388201935016949,0.0,0.0,0.0,0.0,0.0,0.2045850861153284,0.2427525504922791,0.2318300688667323,0.0,0.2488443322707756,0.0,0.0,0.2496964217297866,0.2000385961010513,0.2027438880060733,0.1781495980390906,0.2084159043259267,0.1757662522654214,0.1925259104910505,0.1833900845577949,0.2354810816218297,0.2308783563972424,0.2586697164843904,0.0,0.0,0.0,0.0,0.0,0.0,0.0,0.0,0.0,0.0,0.0,0.0,0.0,0.2771655091216069,0.0,0.2716519036460966,0.0,0.0,0.0,0.0,0.2700500782796873,0.2429141758416747,0.0,0.0,0.0,0.0,0.0,0.2961889892933673,0.2691736552841464,0.2858220935375117,0.0,0.0,0.0,0.0,0.279340604071573
0.0,0.3322077422812078,0.2837606774819627,0.2266670151422747,0.2783919692718521,0.2855060992611115,0.2606454633979436,0.2999105183217848,0.2673473286692675,0.2905511637592725,0.2818094369578428,0.0,0.0,0.2553639771186481,0.3110763100483818,0.3425183518251969,0.0,0.3285601059482527,0.2750116566384714,0.3193362894833661,0.3197025347131167,0.3424015369777721,0.2958625058404219,0.0,0.3209192089335088,0.3314421611248319,0.2999106981673565,0.2523178074940545,0.2950501397091753,0.249209725111026,0.2800640655022695,0.2530508300295259,0.0,0.289348468034028,0.3237932776568973,0.2393206697428254,0.2474565826644425,0.0,0.3532826600067505,0.0,0.0,0.0,0.0,0.0,0.0,0.0,0.0,0.0,0.0,0.0,0.3454099813050713,0.0,0.0,0.0,0.0,0.0,0.0,0.0,0.0,0.0,0.0,0.0,0.0,0.0,0.0,0.0,0.0,0.3419149923260725,0.0,0.0,0.0,0.3396040963490561,0.0,0.3632591605673517,0.0,0.0
0.0,0.0,0.2672959913094396,0.1699881220222365,0.2188209103759734,0.2632664494225263,0.2611931630717497,0.2433781815891883,0.2809689698430435,0.0,0.2046560430546817,0.0,0.2553639771186481,0.0,0.0,0.0,0.0,0.0,0.2411025806869529,0.0,0.3192803816211413,0.0,0.2758403910911672,0.0,0.0,0.0,0.0,0.2653884655989056,0.0,0.0,0.0,0.1264210541476873,0.0,0.0,0.0,0.1362978789646343,0.1164860874387794,0.0,0.0,0.0,0.0,0.0,0.2335082899587808,0.0,0.0,0.0,0.0,0.3043717127427551,0.0,0.0,0.0,0.0,0.0,0.0,0.0,0.2807115041747263,0.0,0.0,0.0,0.0,0.0,0.0,0.0,0.0,0.0,0.0,0.0,0.2970990540028908,0.0,0.0,0.0,0.0,0.0,0.0,0.0,0.0
0.2690420604925785,0.2934303873125962,0.0,0.0,0.0,0.2900141249503318,0.0,0.2362900788422853,0.0,0.0,0.0,0.0,0.3110763100483818,0.0,0.0,0.3127341937522354,0.0,0.3024024787649908,0.0,0.2382333551090235,0.2563554293471206,0.2239638705480579,0.2666687875581031,0.3345011865518218,0.2876282514893596,0.2624818089832582,0.2848147710877107,0.2843490706900131,0.3123415703243422,0.0,0.3138335595776919,0.3313882217059127,0.2872170638623842,0.333516883076227,0.3656477658720367,0.3496329048889937,0.0,0.0,0.3460027859194748,0.3242047768856005,0.3416265909201161,0.3667672476123229,0.0,0.0,0.0,0.0,0.0,0.0,0.0,0.0,0.3189798859207901,0.0,0.0,0.0,0.0,0.0,0.0,0.0,0.0,0.2332865440964237,0.0,0.0,0.0,0.0,0.2925149093138193,0.3002851552831397,0.2649559879456223,0.3174381978712935,0.0,0.0,0.3552685638463955,0.3112094026579737,0.3474590593142546,0.3218622045437763,0.0,0.331709279448368
0.2957527497666643,0.2894599420926271,0.0,0.0,0.0,0.3084426311668427,0.3313850569217059,0.3473860153611423,0.0,0.2677530378890824,0.0,0.0,0.3425183518251969,0.0,0.3127341937522354,0.0,0.2583530358518964,0.2679493621794592,0.0,0.3001841730315926,0.3192993147911539,0.2720081613282212,0.3167480572713112,0.2597331835655115,0.2746317708318895,0.3106617138116485,0.2972318621200174,0.3235943714604362,0.3161652777501988,0.2856925689008232,0.2591835844486359,0.3534142653607536,0.2963007876126638,0.2943694596491732,0.363322631571417,0.0,0.0,0.0,0.3463620483469967,0.3003287173968931,0.31918870922938,0.3408513396312321,0.0,0.0,0.0,0.3035050830995576,0.3260488473016985,0.0,0.0,0.0,0.0,0.0,0.0,0.0,0.0,0.0,0.0,0.0,0.0,0.0,0.3206101962883012,0.0,0.2866968206927436,0.0,0.0,0.0,0.3370721885053209,0.0,0.0,0.2916616348450632,0.3177898180950222,0.0,0.0,0.0,0.0,0.2847857092516962
0.2449475583281203,0.0,0.0,0.0,0.0,0.0,0.0,0.0,0.0,0.2225368824808352,0.0,0.244596992344043,0.0,0.0,0.0,0.2583530358518964,0.0,0.2483115060271411,0.0,0.2915717499887946,0.0,0.2780207703222282,0.0,0.2265489531129717,0.2375469848281401,0.2366221902549554,0.0,0.2853836812252646,0.0,0.0,0.2319957501746654,0.2804742693619938,0.2286626070133618,0.2582059869839866,0.2745626457333791,0.0,0.0,0.0,0.0,0.2498541876393915,0.2875990025767782,0.0,0.0,0.0,0.0,0.0,0.0,0.0,0.0,0.0,0.0,0.0,0.0,0.0,0.2691071615496215,0.0,0.2857913616137761,0.0,0.0,0.0,0.0,0.2665696792877451,0.26279965522664,0.0,0.0,0.0,0.0,0.0,0.2809604442959572,0.2426372138294458,0.2745507814987381,0.0,0.0,0.0,0.0,0.0
0.2612914757019671,0.2833869676274989,0.0,0.0,0.0,0.299869214949035,0.3314871438670148,0.3371612700853293,0.0,0.2399248306275976,0.0,0.2388201935016949,0.3285601059482527,0.0,0.3024024787649908,0.2679493621794592,0.2483115060271411,0.0,0.0,0.2983043820721626,0.3049916506295878,0.2952714267438083,0.3095883347609359,0.2264159845718281,0.2528061593823026,0.2653151889319597,0.2953796325415981,0.3189201841610894,0.3155473814458469,0.0,0.2522051654262787,0.303516416733348,0.2384491289227284,0.2743827304144394,0.3058881097554045,0.0,0.0,0.0,0.2876798695680365,0.2577795839832292,0.2842585552207316,0.2964078893184778,0.0,0.0,0.0,0.2783696062608476,0.2915270177935454,0.0,0.0,0.0,0.0,0.0,0.0,0.0,0.2624017807034827,0.0,0.2760435914422049,0.0,0.0,0.0,0.2927748417875638,0.2343082618795436,0.2649325937824664,0.0,0.0,0.0,0.3236523092690329,0.0,0.2785978276829208,0.2655741280987738,0.2718478654530281,0.0,0.0,0.0,0.0,0.2754519841809801
0.0,0.0,0.2503667298208348,0.0,0.273165451478369,0.2441063050512994,0.2703743275233544,0.2822878899730938,0.2157986217561385,0.0,0.2346184193249862,0.0,0.2750116566384714,0.2411025806869529,0.0,0.0,0.0,0.0,0.0,0.0,0.0,0.0,0.2272478270371599,0.0,0.0,0.0,0.2557371504819849,0.270966747997291,0.0,0.0,0.0,0.0,0.0,0.0,0.0,0.2155109135781359,0.2732706487518205,0.0,0.0,0.0,0.0,0.0,0.0,0.0,0.0,0.0,0.0,0.3146600199983144,0.0,0.0,0.3268047295684114,0.0,0.3081234681972273,0.3307340829667881,0.0,0.2758650811954515,0.0,0.0,0.2959733143673101,0.0,0.0,0.0,0.0,0.3199217427259719,0.0,0.0,0.0,0.3300694482057349,0.0,0.0,0.0,0.3276280883323362,0.0,0.0,0.0,0.0
0.297484214530156,0.2974142935162114,0.0,0.0,0.2927060953510877,0.2910169574467366,0.3183179118349488,0.2730203572176262,0.2728117850430681,0.0,0.0,0.0,0.3193362894833661,0.0,0.2382333551090235,0.3001841730315926,0.2915717499887946,0.2983043820721626,0.0,0.0,0.2839318850101468,0.2804463084939915,0.2173376167037755,0.0,0.2849120879553984,0.3040832541312637,0.2482249050366298,0.2832322350557752,0.2743556429072566,0.2582600893191921,0.2755384820419434,0.3283019413411001,0.2937453835683616,0.3136016809772694,0.3570779071306594,0.0,0.0,0.0,0.3338065783973057,0.3336282789025714,0.3439775230387173,0.3580851063510687,0.0,0.0,0.0,0.0,0.334516056530801,0.0,0.0,0.0,0.3252318705161687,0.0,0.0,0.0,0.0,0.0,0.0,0.0,0.0,0.330330859157039,0.0,0.0,0.0,0.0,0.3149772275136411,0.3103107024397619,0.3454947393079475,0.321345683718892,0.0,0.0,0.347884150935952,0.3204986647680225,0.3398483857699826,0.3264810957264754,0.0,0.341930403632905
0.3036374103121472,0.2975297934968466,0.0,0.0,0.0,0.2821138286367453,0.0,0.2914296832579891,0.0,0.0,0.0,0.0,0.3197025347131167,0.3192803816211413,0.2563554293471206,0.3192993147911539,0.0,0.3049916506295878,0.0,0.2839318850101468,0.0,0.3005214958272632,0.270512755429117,0.3543549321889063,0.2946006431369106,0.2693729649515064,0.2797091128696455,0.3133530635776124,0.3037943944423016,0.3264332650927166,0.3412311584625573,0.3280105015943574,0.2809107821231457,0.3286453121507343,0.3541003951062361,0.3751907765183337,0.0,0.0,0.3279742534214789,0.2778898070803025,0.326764962432034,0.3596435005664535,0.0,0.0,0.0,0.2881982489965657,0.3067814527053272,0.0,0.0,0.0,0.291222555735622,0.0,0.1661319747196773,0.0,0.0,0.0,0.0,0.0,0.0,0.3095740912422309,0.3122111730241991,0.0,0.0,0.0,0.2853937050303642,0.1486504341256775,0.3130887811229399,0.2955403647215605,0.0,0.0,0.3232475113002668,0.2988886673815107,0.3382599305131348,0.2770038485182425,0.0,0.3139042226151555
0.3076527187895843,0.2767659638392639,0.0,0.0,0.3224924476301414,0.3020243170813784,0.3398903586628818,0.3273431513338333,0.2926516255685663,0.2954599034119117,0.0,0.0,0.3424015369777721,0.0,0.2239638705480579,0.2720081613282212,0.2780207703222282,0.2952714267438083,0.0,0.2804463084939915,0.3005214958272632,0.0,0.2969979817244519,0.0,0.2847303113873897,0.294881840733695,0.2973080968199399,0.3238455477986707,0.3065226182799372,0.3029081894959521,0.2745596598691309,0.3421640158155921,0.3092719163518384,0.3225318413009551,0.3614516485251147,0.3805565880356946,0.3238036508950483,0.0,0.3519650204001429,0.3331098773161104,0.3551204204707564,0.3742818035489332,0.0,0.0,0.0,0.3137460900625942,0.3429819022899928,0.0,0.0,0.0,0.3299168806328207,0.0,0.0,0.0,0.0,0.0,0.0,0.0,0.0,0.3524503374270547,0.3281771749575475,0.0,0.3483564997990591,0.0,0.3358580228924739,0.3191105836677808,0.3504011035055105,0.3236818637157805,0.0,0.3140259162029504,0.3559913217357036,0.3275326111734093,0.0,0.3318835414671814,0.0,0.339375239698973
0.3224020236072838,0.2932842225098472,0.2531989976415555,0.2721561267625116,0.2741158109189097,0.2807706528998748,0.2870284739884965,0.2664612065165339,0.2627103840945908,0.2808068006279637,0.268680207638671,0.0,0.2958625058404219,0.2758403910911672,0.2666687875581031,0.3167480572713112,0.0,0.3095883347609359,0.2272478270371599,0.2173376167037755,0.270512755429117,0.2969979817244519,0.0,0.3525449564757406,0.3098014166107687,0.3077594245575869,0.2521157204129548,0.2960534907457611,0.2841947702357235,0.2924042333249986,0.2993134371136474,0.2915678421840767,0.2668021088187506,0.3147904107465195,0.3203108841417396,0.2903438762557304,0.2831623473909735,0.0,0.3332508395024375,0.2601811994326976,0.3440837604961714,0.347451396955417,0.280435536014092,0.0,0.0,0.0,0.0,0.3411739669797103,0.0,0.3583170945318951,0.3332514465151585,0.3403150616297031,0.3394577116035768,0.345242325975007,0.0,0.3460958794531613,0.0,0.3344580196729763,0.3489188857660303,0.3139169450217566,0.0,0.0,0.0,0.3404293785051095,0.3095578588103088,0.3028448277369228,0.3267045518817601,0.3360374200938832,0.0,0.0,0.0,0.3370973200520439,0.3352633242511561,0.3221798063850019,0.3508855289930878,0.3449975902580521
0.2698716469434295,0.0,0.0,0.0,0.0,0.0,0.0,0.3694876199924105,0.0,0.2277167454344081,0.0,0.2045850861153284,0.0,0.0,0.3345011865518218,0.2597331835655115,0.2265489531129717,0.2264159845718281,0.0,0.0,0.3543549321889063,0.0,0.3525449564757406,0.0,0.2279772439343506,0.243358092309686,0.3673956885020729,0.2612927820358857,0.0,0.0,0.2600997911497432,0.2590196999907242,0.1754575629671311,0.1942874487356938,0.2150277846592827,0.0,0.0,0.1738302469273782,0.2842480844065969,0.2279354127845606,0.2619216205601392,0.0,0.0,0.0,0.2160406481258461,0.276161694365216,0.0,0.0,0.0,0.0,0.0,0.0,0.0,0.0,0.2715770036132926,0.0,0.2666232889727015,0.0,0.0,0.0,0.0,0.2665840085182724,0.2614007731648321,0.0,0.0,0.0,0.0,0.0,0.2877026699456693,0.265758818921317,0.2721397411403704,0.0,0.0,0.0,0.0,0.2728128858596479
0.2571559868278043,0.2592501275640959,0.0,0.0,0.319521998707336,0.2871813860318167,0.3134396598157035,0.3429979056344787,0.0,0.2379152570011698,0.0,0.2427525504922791,0.3209192089335088,0.0,0.2876282514893596,0.2746317708318895,0.2375469848281401,0.2528061593823026,0.0,0.2849120879553984,0.2946006431369106,0.2847303113873897,0.3098014166107687,0.2279772439343506,0.0,0.2635507450939461,0.2822517316961072,0.3151374094722579,0.3003757830383907,0.0,0.2558322217857625,0.2994904468423635,0.229431274592757,0.2665942588699665,0.29272752970241,0.0,0.0,0.2094453043796694,0.2939511961631547,0.2606305122776136,0.281021349230768,0.2928084195431866,0.0,0.0,0.0,0.2724277999680783,0.2777562904874543,0.0,0.0,0.0,0.0,0.0,0.0,0.0,0.2724827925417639,0.0,0.2783941865527951,0.0,0.0,0.0,0.2897500516373393,0.2542389480535066,0.2665057372144058,0.0,0.0,0.0,0.3013241534616178,0.0,0.2761485525233829,0.266453843178237,0.2783776335289931,0.0,0.0,0.0,0.0,0.2769519053334011
0.2615739656404878,0.2834053983940799,0.0,0.0,0.0,0.2952515368728889,0.3211497577452922,0.3393606353264102,0.0,0.2416972469801728,0.0,0.2318300688667323,0.3314421611248319,0.0,0.2624818089832582,0.3106617138116485,0.2366221902549554,0.2653151889319597,0.0,0.3040832541312637,0.2693729649515064,0.294881840733695,0.3077594245575869,0.243358092309686,0.2635507450939461,0.0,0.3075896728440791,0.3000467130797388,0.3109221560813698,0.0,0.285459679610518,0.329628354615508,0.2573344777606841,0.3045627632283398,0.3413992295624126,0.3624792457414316,0.0,0.2191539190123938,0.2991072492573867,0.263928616806824,0.2751041084705985,0.2939693393687309,0.0,0.0,0.0,0.2869398011929446,0.3257150014586253,0.0,0.0,0.0,0.0,0.0,0.0,0.0,0.2840556063241806,0.0,0.2835539216019719,0.0,0.0,0.3485199189067891,0.3006145658033649,0.2587822270305402,0.2621202357926678,0.0,0.3380416880535219,0.2949915849422189,0.3467249109075977,0.335129343934691,0.2813677645418699,0.2649718922342844,0.2852540691487579,0.0,0.0,0.0,0.0,0.2771263783803859
0.3038518324286327,0.28606711582616,0.2574804040671438,0.0,0.2772390816566528,0.2634743948424652,0.2937096607560037,0.2896877828065257,0.2435284205429914,0.0,0.2600208175840556,0.0,0.2999106981673565,0.0,0.2848147710877107,0.2972318621200174,0.0,0.2953796325415981,0.2557371504819849,0.2482249050366298,0.2797091128696455,0.2973080968199399,0.2521157204129548,0.3673956885020729,0.2822517316961072,0.3075896728440791,0.0,0.2933851053146375,0.2705035773478983,0.2873206667123585,0.289462079069528,0.3060088302679909,0.265522742657056,0.3106035520252512,0.3231960404248335,0.3282389400212638,0.2868553281486711,0.0,0.3354013585532722,0.0,0.3477035218538223,0.3529990219951673,0.3035262263467034,0.0,0.0,0.0,0.0,0.0,0.0,0.0,0.3286629381356827,0.3479031704403761,0.3170373319618912,0.3393043502678319,0.0,0.311333929552863,0.0,0.3379408721131429,0.0,0.3169525075458358,0.0,0.0,0.0,0.3500868772673975,0.0,0.3060744612217052,0.3247019918707797,0.3313010504578294,0.0,0.0,0.0,0.3321008067298839,0.3406056156272296,0.3275014340531859,0.3602622245784604,0.3424748213418799
0.3398935494569975,0.3209762292757407,0.2985940197939654,0.1816564075985143,0.2834659212878264,0.2710111306619915,0.2840544303480314,0.2995929018062688,0.276462450265969,0.2840902153704408,0.2858575276425517,0.2488443322707756,0.2523178074940545,0.2653884655989056,0.2843490706900131,0.3235943714604362,0.2853836812252646,0.3189201841610894,0.270966747997291,0.2832322350557752,0.3133530635776124,0.3238455477986707,0.2960534907457611,0.2612927820358857,0.3151374094722579,0.3000467130797388,0.2933851053146375,0.0,0.2485827040430021,0.2117241685112881,0.2674378698465344,0.2389997693856023,0.216728692492848,0.2640402695281312,0.2437014529907076,0.1873147101080451,0.2190881910624772,0.2071945356717142,0.2911456345721377,0.0,0.3696924120859341,0.0,0.3628157522597988,0.0,0.0,0.0,0.0,0.0,0.0,0.0,0.3348314969304782,0.0,0.3320125905733567,0.0,0.0,0.0,0.0,0.0,0.0,0.3575102645229202,0.0,0.0,0.0,0.0,0.3314143815216354,0.0,0.0,0.3394032144538738,0.0,0.0,0.0,0.341266858756221,0.3537448055637157,0.3390870789881119,0.0,0.370108223849856
0.3256895373042243,0.3082510681829604,0.0,0.0,0.3051064748847383,0.2576845726982716,0.3180856315339861,0.2852861520374034,0.2810090303988418,0.0,0.0,0.0,0.2950501397091753,0.0,0.3123415703243422,0.3161652777501988,0.0,0.3155473814458469,0.0,0.2743556429072566,0.3037943944423016,0.3065226182799372,0.2841947702357235,0.0,0.3003757830383907,0.3109221560813698,0.2705035773478983,0.2485827040430021,0.0,0.2440712408038465,0.2636492105215773,0.3476379832621772,0.316833298252881,0.3074887850354942,0.3596902093055035,0.0,0.2738352856366892,0.0,0.3441788775573171,0.0,0.354844906833175,0.3740211626936235,0.0,0.0,0.0,0.0,0.3618924941975496,0.0,0.0,0.0,0.3276493505876248,0.0,0.3247408401561169,0.0,0.0,0.0,0.0,0.3575364853498778,0.0,0.3282655968068951,0.0,0.0,0.0,0.0,0.3239779301232078,0.3164940890448215,0.336819404550005,0.3344121996855843,0.0,0.0,0.0,0.3332167946602142,0.3424107847113455,0.3311991679665449,0.0,0.3517985641131515
0.0,0.0,0.0,0.0,0.0,0.2852431638859672,0.0,0.3068274787440811,0.0,0.0,0.0,0.0,0.249209725111026,0.0,0.0,0.2856925689008232,0.0,0.0,0.0,0.2582600893191921,0.3264332650927166,0.3029081894959521,0.2924042333249986,0.0,0.0,0.0,0.2873206667123585,0.2117241685112881,0.2440712408038465,0.0,0.2092779378379864,0.0,0.0,0.2713663125618942,0.2968759125650086,0.0,0.0,0.0,0.3531741010531938,0.0,0.0,0.0,0.0,0.0,0.0,0.0,0.0,0.0,0.0,0.0,0.0,0.0,0.0,0.0,0.0,0.0,0.0,0.0,0.0,0.0,0.0,0.0,0.0,0.0,0.0,0.0,0.0,0.3408309797213528,0.0,0.0,0.0,0.3439406418824156,0.0,0.0,0.0,0.0
0.285726224578145,0.2813436735394192,0.0,0.0,0.3024715505869954,0.2949203357612752,0.2948943648434887,0.313683045782197,0.2688602358955768,0.2401517946793347,0.2887302868380512,0.2496964217297866,0.2800640655022695,0.0,0.3138335595776919,0.2591835844486359,0.2319957501746654,0.2522051654262787,0.0,0.2755384820419434,0.3412311584625573,0.2745596598691309,0.2993134371136474,0.2600997911497432,0.2558322217857625,0.285459679610518,0.289462079069528,0.2674378698465344,0.2636492105215773,0.2092779378379864,0.0,0.2957098552282582,0.2437422769269626,0.2302753449013133,0.2262760365666354,0.2290133945796266,0.2351509501624821,0.2247467042850003,0.3295764482504674,0.2773419397261267,0.3129994113726518,0.0,0.0,0.0,0.0,0.2968648882735557,0.3451083578283144,0.0,0.0,0.0,0.3436651660495685,0.0,0.3105609297315646,0.0,0.2818534220142115,0.0,0.2757981556410542,0.0,0.0,0.3493224309924802,0.3310111725175333,0.0,0.2743292504883225,0.0,0.3188931678121455,0.3096133331383728,0.3433876681913552,0.3363921215398932,0.2800788556756777,0.2727710550260848,0.2658964853162083,0.3389141983249206,0.3659103862146967,0.33777989930205,0.0,0.3009683132679024
0.3219944305333568,0.3529329943314009,0.0,0.1891126754998907,0.2599065275403547,0.285653807635375,0.2546293942769209,0.2774030713513634,0.2575294514286845,0.2205422319273143,0.1966176466985509,0.2000385961010513,0.2530508300295259,0.1264210541476873,0.3313882217059127,0.3534142653607536,0.2804742693619938,0.303516416733348,0.0,0.3283019413411001,0.3280105015943574,0.3421640158155921,0.2915678421840767,0.2590196999907242,0.2994904468423635,0.329628354615508,0.3060088302679909,0.2389997693856023,0.3476379832621772,0.0,0.2957098552282582,0.0,0.2306432940921308,0.2298531270314147,0.28233533544041,0.1386054351320048,0.2049412512865753,0.1972672362353394,0.2883891601455641,0.3247042775638561,0.3360966831274747,0.3206108893718328,0.0,0.2218773684511505,0.2458022970569333,0.3207885954633089,0.3443102927987655,0.0,0.0,0.0,0.3310068140456216,0.0,0.3389989125034983,0.0,0.2637459506930573,0.0,0.0,0.3507957450064766,0.0,0.3511372221219644,0.3265711787387429,0.0,0.2982165619783922,0.0,0.3325812840798545,0.350904220867265,0.3631832959462165,0.3403023101526666,0.2931939505273418,0.3022248373709494,0.3253575463047919,0.3437359843726437,0.3488802234546611,0.3477424714281087,0.0,0.3441534597440417
0.2519336217655744,0.2753614589852232,0.0,0.0,0.0,0.0,0.0,0.3353074938080631,0.0,0.2188498048124891,0.0,0.2027438880060733,0.0,0.0,0.2872170638623842,0.2963007876126638,0.2286626070133618,0.2384491289227284,0.0,0.2937453835683616,0.2809107821231457,0.3092719163518384,0.2668021088187506,0.1754575629671311,0.229431274592757,0.2573344777606841,0.265522742657056,0.216728692492848,0.316833298252881,0.0,0.2437422769269626,0.2306432940921308,0.0,0.1591176699753105,0.2182616182344308,0.1754663205294187,0.1830201181777145,0.1361348136177393,0.2981904653256916,0.1938610821434198,0.2718941406952434,0.3103655255667735,0.0,0.0,0.1595820796720673,0.2588996281155323,0.3115129781245924,0.0,0.0,0.0,0.0,0.0,0.0,0.0,0.2342573416159067,0.0,0.2135844310327976,0.0,0.0,0.3411745613109584,0.3039066966833714,0.2207985608254601,0.261216839693384,0.0,0.3292908898357814,0.3062289269559306,0.3487913004478217,0.0,0.2385262038203053,0.2538077087350827,0.2537036466631814,0.298505031077828,0.0,0.0,0.0,0.2524709514734969
0.2858968886098292,0.3005875836300894,0.0,0.1542473022922492,0.2902407493046881,0.3044380909027112,0.2922228816873247,0.326283340045036,0.279855581343561,0.2234746073019106,0.2845704449931484,0.1781495980390906,0.289348468034028,0.0,0.333516883076227,0.2943694596491732,0.2582059869839866,0.2743827304144394,0.0,0.3136016809772694,0.3286453121507343,0.3225318413009551,0.3147904107465195,0.1942874487356938,0.2665942588699665,0.3045627632283398,0.3106035520252512,0.2640402695281312,0.3074887850354942,0.2713663125618942,0.2302753449013133,0.2298531270314147,0.1591176699753105,0.0,0.1759278525779335,0.2430734435387214,0.1661124303617126,0.1505318393081549,0.3303941044477863,0.2889999809917193,0.339991259070689,0.3907729137656676,0.0,0.0,0.2030264168128296,0.3063346778779648,0.3413874174541011,0.0,0.0,0.0,0.3449859142719851,0.0,0.0,0.0,0.2600232960108007,0.0,0.2543703851770305,0.0,0.0,0.358747193036653,0.326441272428324,0.0,0.2858885893801885,0.0,0.3435935273673893,0.3330109171487811,0.3599687282886046,0.3515830318623573,0.2786571416266094,0.2789783510911738,0.2977285684319942,0.3537196782330596,0.3597179303215468,0.3460581743038445,0.0,0.3206455061003531
0.3274257182857455,0.3258178359285824,0.0,0.1666476899498319,0.3229886048259598,0.3275103082084286,0.404044920184804,0.3224397523293513,0.274915507600078,0.224083654175911,0.0,0.2084159043259267,0.3237932776568973,0.0,0.3656477658720367,0.363322631571417,0.2745626457333791,0.3058881097554045,0.0,0.3570779071306594,0.3541003951062361,0.3614516485251147,0.3203108841417396,0.2150277846592827,0.29272752970241,0.3413992295624126,0.3231960404248335,0.2437014529907076,0.3596902093055035,0.2968759125650086,0.2262760365666354,0.28233533544041,0.2182616182344308,0.1759278525779335,0.0,0.2718964528924583,0.2058748698215833,0.1858500512073964,0.2793830725102924,0.272751813872664,0.3545829979092621,0.3038022947495639,0.2609606403631302,0.2394587222840619,0.0,0.0,0.3913115970071464,0.0,0.0,0.0,0.0,0.0,0.0,0.0,0.0,0.0,0.2450810549828494,0.0,0.0,0.3836523199112646,0.3521785060165141,0.0,0.3039190186243713,0.0,0.359409550810739,0.3642679932438888,0.3789747066187667,0.3478954422570408,0.0,0.3006111595945784,0.3309101536708251,0.3498300203903525,0.0,0.3715294565137542,0.0,0.0
0.0,0.0,0.2353242472181576,0.1284506999013591,0.1723472694200311,0.2758093921576048,0.2452570857156087,0.1841038564444706,0.0,0.1823390754099213,0.1906960172019617,0.1757662522654214,0.2393206697428254,0.1362978789646343,0.3496329048889937,0.0,0.0,0.0,0.2155109135781359,0.0,0.3751907765183337,0.3805565880356946,0.2903438762557304,0.0,0.0,0.3624792457414316,0.3282389400212638,0.1873147101080451,0.0,0.0,0.2290133945796266,0.1386054351320048,0.1754663205294187,0.2430734435387214,0.2718964528924583,0.0,0.1339662525041918,0.0,0.0,0.0,0.0,0.0,0.2876009833118484,0.0,0.0,0.0,0.0,0.0,0.0,0.0,0.2917125151456351,0.0,0.2639249830718385,0.0,0.0,0.2520748793093225,0.0,0.0,0.2173828211376766,0.0,0.0,0.0,0.0,0.2467481981670242,0.0,0.0,0.0,0.3214198735090573,0.0,0.0,0.0,0.0,0.0,0.0,0.0,0.0
0.0,0.0,0.0,0.1205089277518155,0.2658132045938504,0.272405746587133,0.2446106354568112,0.2983924776990495,0.2609523719679768,0.1788140336031729,0.2766185076973014,0.1925259104910505,0.2474565826644425,0.1164860874387794,0.0,0.0,0.0,0.0,0.2732706487518205,0.0,0.0,0.3238036508950483,0.2831623473909735,0.0,0.0,0.0,0.2868553281486711,0.2190881910624772,0.2738352856366892,0.0,0.2351509501624821,0.2049412512865753,0.1830201181777145,0.1661124303617126,0.2058748698215833,0.1339662525041918,0.0,0.1969352470803307,0.1886757619736677,0.0,0.1806912346244324,0.185291096702239,0.0,0.0,0.0,0.0,0.0,0.0,0.0,0.0,0.0,0.0,0.0,0.0,0.0,0.0,0.0,0.0,0.0,0.0,0.0,0.0,0.0,0.0,0.0,0.0,0.0,0.0,0.0,0.0,0.0,0.0,0.0,0.0,0.0,0.0
0.0,0.0,0.0,0.0,0.0,0.0,0.0,0.0,0.0,0.2135251436880324,0.0,0.1833900845577949,0.0,0.0,0.0,0.0,0.0,0.0,0.0,0.0,0.0,0.0,0.0,0.1738302469273782,0.2094453043796694,0.2191539190123938,0.0,0.2071945356717142,0.0,0.0,0.2247467042850003,0.1972672362353394,0.1361348136177393,0.1505318393081549,0.1858500512073964,0.0,0.1969352470803307,0.0,0.2240736346835929,0.1543847962585478,0.1887429049483141,0.210063330721402,0.0,0.0,0.0,0.0,0.0,0.0,0.0,0.0,0.0,0.0,0.0,0.0,0.2246827248616898,0.0,0.1922320465117651,0.0,0.0,0.0,0.0,0.0,0.0,0.0,0.0,0.0,0.0,0.0,0.0,0.0,0.234349381000376,0.0,0.0,0.0,0.0,0.0
0.3048005911888678,0.3328181514580475,0.0,0.0,0.0,0.3320440716973904,0.0,0.3382183332864443,0.0,0.2577036121195483,0.0,0.2354810816218297,0.3532826600067505,0.0,0.3460027859194748,0.3463620483469967,0.0,0.2876798695680365,0.0,0.3338065783973057,0.3279742534214789,0.3519650204001429,0.3332508395024375,0.2842480844065969,0.2939511961631547,0.2991072492573867,0.3354013585532722,0.2911456345721377,0.3441788775573171,0.3531741010531938,0.3295764482504674,0.2883891601455641,0.2981904653256916,0.3303941044477863,0.2793830725102924,0.0,0.1886757619736677,0.2240736346835929,0.0,0.222815381223126,0.2577728809066481,0.2824931192875026,0.1421852870672996,0.2172300686944143,0.1812581356342945,0.3031056703592329,0.3072789570581359,0.2821820918837693,0.1852322255067206,0.2680902853129992,0.2945142644304879,0.2842251428158927,0.3098725551535084,0.2795888081849367,0.2355105446500223,0.2803067098329472,0.1870097631000494,0.2692379052314451,0.1308151758097819,0.3236398776819875,0.3089618018147532,0.2745448439687662,0.293996271511026,0.2763169534021987,0.3208832938496548,0.3078172182240897,0.3275665792555239,0.2886094522419433,0.2573070135965478,0.289280901954537,0.3076358494375415,0.2971917805879594,0.2566232905607732,0.3196995738312025,0.328378757896656,0.2711474358655577
0.2511670663751707,0.3070332517766118,0.0,0.0,0.0,0.0,0.0,0.0,0.0,0.2374622700433536,0.0,0.2308783563972424,0.0,0.0,0.3242047768856005,0.3003287173968931,0.2498541876393915,0.2577795839832292,0.0,0.3336282789025714,0.2778898070803025,0.3331098773161104,0.2601811994326976,0.2279354127845606,0.2606305122776136,0.263928616806824,0.0,0.0,0.0,0.0,0.2773419397261267,0.3247042775638561,0.1938610821434198,0.2889999809917193,0.272751813872664,0.0,0.0,0.1543847962585478,0.222815381223126,0.0,0.1575547098472668,0.2270654034489058,0.447513639401668,0.0,0.1505646188260395,0.2294555828786601,0.2294010297372689,0.0,0.0,0.2461105166386815,0.2606375433681152,0.0,0.3147208657884861,0.0,0.2198888439826357,0.0,0.1760942430899654,0.2881847686987354,0.0,0.2668265334889506,0.2629947334466909,0.2432448847054469,0.2474927232831988,0.0,0.257469284243964,0.2451585918102964,0.276408572338797,0.2555597777534064,0.181460561785072,0.2277740056228206,0.2349063272426909,0.248490886384698,0.2664278003247384,0.2827804253234485,0.0,0.2414404510251476
0.2968737619272744,0.3488151012906345,0.0,0.0,0.0,0.3435179047082646,0.0,0.3557925216523851,0.0,0.2571393587739372,0.0,0.2586697164843904,0.0,0.0,0.3416265909201161,0.31918870922938,0.2875990025767782,0.2842585552207316,0.0,0.3439775230387173,0.326764962432034,0.3551204204707564,0.3440837604961714,0.2619216205601392,0.281021349230768,0.2751041084705985,0.3477035218538223,0.3696924120859341,0.354844906833175,0.0,0.3129994113726518,0.3360966831274747,0.2718941406952434,0.339991259070689,0.3545829979092621,0.0,0.1806912346244324,0.1887429049483141,0.2577728809066481,0.1575547098472668,0.0,0.2397057572556599,0.3017999864044786,0.2014412234182835,0.1457243798783073,0.2942381241054867,0.2855942231618829,0.3063648205107745,0.1572171217814271,0.2738560055373295,0.2970295921738791,0.2856316273241587,0.3191451821318143,0.2917115998720583,0.2095592125495209,0.2849075212037844,0.1866678334653535,0.2894765822442154,0.2337380578226955,0.3157290670635979,0.2612378987501752,0.2568392946030732,0.2733047450774892,0.2802484258451655,0.2915985152562361,0.3008259272527767,0.3029216503370003,0.3079215044539881,0.211431669895141,0.2684812056251041,0.2870146335764217,0.2989876390412756,0.2461140344210483,0.2891819574114013,0.2906401818333262,0.2379750405295038
0.0,0.3552075525228887,0.0,0.0,0.0,0.0,0.0,0.0,0.0,0.0,0.0,0.0,0.0,0.0,0.3667672476123229,0.3408513396312321,0.0,0.2964078893184778,0.0,0.3580851063510687,0.3596435005664535,0.3742818035489332,0.347451396955417,0.0,0.2928084195431866,0.2939693393687309,0.3529990219951673,0.0,0.3740211626936235,0.0,0.0,0.3206108893718328,0.3103655255667735,0.3907729137656676,0.3038022947495639,0.0,0.185291096702239,0.210063330721402,0.2824931192875026,0.2270654034489058,0.2397057572556599,0.0,0.3469805290741375,0.2011377605626358,0.1488544726442048,0.3205861454588334,0.3455089000194105,0.3007849313979314,0.1585089478271188,0.270900385523889,0.318756631586167,0.2944760616215983,0.3216995580822493,0.2872757195929743,0.2241841967148816,0.2634329113719944,0.1772305750205386,0.3119572713031922,0.0,0.3489141633873602,0.3061362121241826,0.2474044823815737,0.2815984174612302,0.2747222991616226,0.3309833049491065,0.3448775019796964,0.3483017975298637,0.3140265060075894,0.2264259496339777,0.2891895490094948,0.3232587707801858,0.3076946255995338,0.2450496690650039,0.3270897922852587,0.2721736363998227,0.2941190792669743
0.0,0.0,0.2985388378811678,0.0,0.2578573437531634,0.2957182850405183,0.0,0.2525357337596838,0.0,0.0,0.2648752963152731,0.0,0.0,0.2335082899587808,0.0,0.0,0.0,0.0,0.0,0.0,0.0,0.0,0.280435536014092,0.0,0.0,0.0,0.3035262263467034,0.3628157522597988,0.0,0.0,0.0,0.0,0.0,0.0,0.2609606403631302,0.2876009833118484,0.0,0.0,0.1421852870672996,0.447513639401668,0.3017999864044786,0.3469805290741375,0.0,0.1258543443712539,0.0,0.0,0.0,0.2473350181069425,0.100771644159824,0.140772737059475,0.2755401114371009,0.2201750561369216,0.2350124894151032,0.2689726224056615,0.2286123694254664,0.2078036357675574,0.0,0.2233840865161513,0.124623927457135,0.3828694007341444,0.0,0.0,0.0,0.2544677626273022,0.3620155590697525,0.3861893989407772,0.3758336353954538,0.2802564826302325,0.0,0.0,0.3728317570413376,0.3453929593729554,0.1607665379184809,0.3603300411469822,0.0,0.2829672466769784
0.0,0.0,0.0,0.0,0.0,0.0,0.0,0.0,0.0,0.0,0.0,0.0,0.0,0.0,0.0,0.0,0.0,0.0,0.0,0.0,0.0,0.0,0.0,0.0,0.0,0.0,0.0,0.0,0.0,0.0,0.0,0.2218773684511505,0.0,0.0,0.2394587222840619,0.0,0.0,0.0,0.2172300686944143,0.0,0.2014412234182835,0.2011377605626358,0.1258543443712539,0.0,0.0,0.0,0.0,0.2851588597325825,0.0978212334366726,0.2036170713338307,0.2698386151395309,0.2121334788802997,0.2975164155911277,0.2815879071565209,0.2296531590862265,0.2613960851495867,0.0,0.2334367669478933,0.1058266960652433,0.0,0.0,0.0,0.0,0.2735947428115057,0.0,0.0,0.0,0.28745358423277,0.0,0.0,0.0,0.2967391040460566,0.1817141849781398,0.2970453919219713,0.0,0.2504606319975954
0.0,0.0,0.0,0.0,0.0,0.0,0.0,0.0,0.0,0.2449000123989667,0.0,0.0,0.0,0.0,0.0,0.0,0.0,0.0,0.0,0.0,0.0,0.0,0.0,0.2160406481258461,0.0,0.0,0.0,0.0,0.0,0.0,0.0,0.2458022970569333,0.1595820796720673,0.2030264168128296,0.0,0.0,0.0,0.0,0.1812581356342945,0.1505646188260395,0.1457243798783073,0.1488544726442048,0.0,0.0,0.0,0.0,0.0,0.0,0.0,0.0,0.0,0.2747276183415695,0.0,0.0,0.1890669976229195,0.0,0.1508864427962282,0.2464703186176075,0.0,0.0,0.0,0.2579653636011624,0.0,0.0,0.0,0.0,0.0,0.0,0.1666321533623185,0.237472165225831,0.2131532797653287,0.0,0.1757597193420373,0.0,0.0,0.2218954204540859
