0.0,0.3699234746008988,0.0,0.0,0.0,0.4098421207410779,0.0,0.4372438059277729,0.0,0.3909727932033144,0.0,0.3724685590372454,0.4508355449686567,0.0,0.3528823478768798,0.3578721928818898,0.3389650019428537,0.3398781079375203,0.0,0.3529680983884008,0.3419212794178604,0.3527981745232016,0.4067722466404668,0.3571440243666303,0.3392328244066822,0.3454331311444338,0.3965463083978866,0.4119751199079589,0.4047091359837022,0.0,0.3402079572111241,0.3551264356548506,0.321901133537505,0.331346665651524,0.3649225642691571,0.0,0.0,0.4433073660279657,0.4193044462878511,0.378489109201216,0.3888281836543633,0.0,0.0,0.0,0.0,0.3591296724342491,0.4350600233674477,0.0,0.0,0.0,0.0,0.0,0.0,0.0,0.4489764064219445,0.0,0.0,0.0,0.0,0.0,0.4175573236763525,0.0,0.3919889417473941,0.0,0.0,0.3428784223131997,0.4405191366141822,0.0,0.3404382101832123,0.4095238985351349,0.4238608467181976,0.0,0.0,0.0,0.0,0.4025537240452884
0.3699234746008988,0.0,0.0,0.0,0.3884444115785135,0.3592339003345718,0.3980183549811928,0.4070009104519144,0.3629384606297708,0.0,0.0,0.0,0.4044727662024453,0.0,0.3751484044188124,0.3756883917578312,0.3974477621887681,0.3652982997886141,0.0,0.3766483646664252,0.36341628634634,0.3701337863769766,0.3773062792430059,0.0,0.3594598832875281,0.3768258077693566,0.3759594247882653,0.3960739232169255,0.3789788276676988,0.0,0.3394002112033878,0.3551309867326171,0.3182074228350596,0.3394366487605552,0.385500657275566,0.0,0.0,0.0,0.4179360979121038,0.3800705034097135,0.4062217379360177,0.4063097432956818,0.0,0.0,0.0,0.4164281583153702,0.4275638221174998,0.0,0.0,0.0,0.4466878927801742,0.0,0.0,0.0,0.0,0.0,0.0,0.0,0.0,0.4250451482972289,0.415096868695344,0.0,0.4073054735744187,0.0,0.3983609921255115,0.4333250909116089,0.3968909996102732,0.0,0.0,0.4252898845451614,0.4411824139533861,0.4079426849057799,0.0,0.4011463730657957,0.0,0.3954089548726522
0.0,0.0,0.0,0.4242876085524156,0.3606623864087769,0.3748981430815886,0.3932321694842656,0.4072430895660484,0.2513570845693505,0.4615793421225792,0.3129747724534214,0.0,0.4021613186360822,0.3694993438654367,0.0,0.0,0.0,0.0,0.2402658276696997,0.0,0.0,0.0,0.3242194747439716,0.0,0.0,0.0,0.3063849113488813,0.4034447173733088,0.0,0.0,0.410625882096807,0.3848222231131056,0.5283231296615635,0.4136618136609655,0.4054027787500823,0.3655428890209428,0.4163837776448213,0.0,0.5150362250513327,0.0,0.0,0.0,0.4697240482896397,0.0,0.0,0.0,0.0,0.3490109339117319,0.0,0.0,0.5149645494556915,0.5214678295441283,0.502267794039185,0.5052339451672971,0.0,0.2873537064463763,0.0,0.0,0.4495804933669621,0.0,0.0,0.0,0.0,0.2508141239689968,0.0,0.0,0.0,0.522355190523258,0.0,0.0,0.0,0.5125679267709204,0.0,0.0,0.0,0.0
0.0,0.0,0.4242876085524156,0.0,0.2615143403580359,0.3726804011398686,0.2694515544539428,0.3266354691341697,0.3702666831468011,0.2187858594347587,0.3324152134173739,0.2889291299485632,0.2739905618026751,0.3036247522828904,0.0,0.0,0.0,0.0,0.3911853356190798,0.4327353890761436,0.0,0.0,0.3647714192066578,0.0,0.0,0.0,0.3780790861135117,0.2385973731462333,0.4758691368653477,0.0,0.3119111237782971,0.2793520945265113,0.0,0.2421537781284833,0.2727481252030337,0.217578217953818,0.1833846129282665,0.0,0.0,0.0,0.0,0.0,0.0,0.0,0.0,0.0,0.0,0.0,0.0,0.0,0.0,0.0,0.0,0.0,0.0,0.0,0.0,0.0,0.0,0.0,0.0,0.0,0.0,0.0,0.0,0.0,0.0,0.0,0.0,0.0,0.0,0.0,0.0,0.0,0.0,0.0
0.0,0.3884444115785135,0.3606623864087769,0.2615143403580359,0.0,0.3607226121751285,0.2913759159133239,0.3598105850588559,0.3024812078449952,0.3914360542097673,0.289940798507326,0.395530674889833,0.3376481104472617,0.2810318766721987,0.0,0.3980917803732766,0.0,0.0,0.3422332060087228,0.3668665548371402,0.0,0.3779381838598485,0.3700426597811052,0.0,0.0,0.410693931562152,0.3738027840140019,0.3561215489644848,0.3942968191256426,0.0,0.4111099656155979,0.3671944617452942,0.3918571153554707,0.3913873418821657,0.3610934094811371,0.2554576684461832,0.2776247396068138,0.37180035540585,0.0,0.0,0.0,0.0,0.0,0.0,0.0,0.0,0.0,0.540263272195236,0.0,0.0,0.5116220664943187,0.0,0.0,0.0,0.0,0.0,0.0,0.0,0.0,0.0,0.0,0.0,0.0,0.0,0.0,0.0,0.0,0.4867523178131457,0.0,0.0,0.0,0.5129682485541883,0.0,0.0,0.0,0.0
0.4098421207410779,0.3592339003345718,0.3748981430815886,0.3726804011398686,0.3607226121751285,0.0,0.3944158480205835,0.3723162351543746,0.3197103515395311,0.4083655856680608,0.3202057490755469,0.4429330217196577,0.3741488583477064,0.3692288898740455,0.3840212139291641,0.3789209759714896,0.0,0.3702878733015881,0.3407740474160137,0.3855176906887358,0.3685755591302492,0.3826199081494099,0.3811023303282888,0.0,0.3311166062252975,0.3798771644342735,0.364280582701378,0.3713757823870646,0.3326620462860649,0.3918058302144699,0.4009304247558278,0.3721699820850103,0.3514604274114133,0.4001970507072758,0.3933471772676685,0.382121858643258,0.3856287099865778,0.0,0.4299371002832929,0.0,0.4431040042620348,0.3969540683536593,0.4047109910052464,0.0,0.0,0.0,0.500857773316265,0.4888176357128094,0.0,0.0,0.4646092427930282,0.0,0.4389971379805871,0.4670438314224485,0.0,0.0,0.0,0.4649203225779382,0.0,0.4476836651742912,0.0,0.0,0.0,0.4757236552969127,0.4412711225816861,0.4414240979816932,0.454594423639112,0.4640866928527342,0.0,0.0,0.4707585161044815,0.456092813139913,0.4495667912002984,0.4407735852798456,0.4816202452171145,0.4556914486690018
0.0,0.3980183549811928,0.3932321694842656,0.2694515544539428,0.2913759159133239,0.3944158480205835,0.0,0.3844653608996387,0.3617070246686232,0.3661839385244521,0.3995423880236982,0.3491992481247112,0.3187481113733724,0.2954784772601987,0.0,0.4208604759982027,0.4309208900548,0.411138614262694,0.3933086274551089,0.4098751425636192,0.0,0.4196968171776153,0.381786926468632,0.0,0.3858024002945038,0.3940105792591806,0.3920730792924361,0.338692752953826,0.4180357684811064,0.0,0.4041177631822729,0.3667436977621846,0.3426965177170054,0.37192299208851,0.3459606420380602,0.2766884392244921,0.2731088982239995,0.3307166244987944,0.0,0.0,0.0,0.0,0.0,0.0,0.0,0.0,0.0,0.0,0.0,0.0,0.4980377111542226,0.0,0.4823551302700937,0.0,0.0,0.0,0.0,0.0,0.0,0.0,0.0,0.0,0.0,0.0,0.0,0.0,0.0,0.4654975190888858,0.0,0.0,0.0,0.4747464979086311,0.0,0.0,0.0,0.0
0.4372438059277729,0.4070009104519144,0.4072430895660484,0.3266354691341697,0.3598105850588559,0.3723162351543746,0.3844653608996387,0.0,0.4181270520072908,0.4857368018000867,0.307471199922479,0.5265556451863284,0.3943541836729128,0.3441815037425499,0.0,0.4262234617879095,0.0,0.4309928600997013,0.3653548306025097,0.3695679043632039,0.3633211209345431,0.0,0.3356090702243622,0.4618914588014358,0.4240163240071543,0.4380877633618651,0.387475238151812,0.3904901924350575,0.3490397199651775,0.3870579544124379,0.3938521966810846,0.3454162136257358,0.4071706228437616,0.3897063960336386,0.3839749626256281,0.2679992246578259,0.2569237437022051,0.0,0.4232140965463755,0.0,0.4297886411160338,0.0,0.4137226858472573,0.0,0.0,0.0,0.0,0.4694728786828717,0.0,0.0,0.4537253324661283,0.4639058256668313,0.3489443134941017,0.4562462404435659,0.0,0.4235418990516507,0.0,0.4524499696790963,0.0,0.4653038684404865,0.0,0.0,0.0,0.447312578740721,0.452991279446118,0.4280927362100101,0.0,0.4513763614218605,0.0,0.0,0.0,0.4610638400053055,0.4357277897993618,0.4336501819896083,0.0,0.4703415265799434
0.0,0.3629384606297708,0.2513570845693505,0.3702666831468011,0.3024812078449952,0.3197103515395311,0.3617070246686232,0.4181270520072908,0.0,0.4149469876842854,0.2593011224032657,0.4224454491954597,0.3589593648835029,0.3529048101881961,0.0,0.0,0.0,0.0,0.2155211860205578,0.3716428693961844,0.0,0.3727573482844815,0.3602261421831972,0.0,0.3693711836130585,0.4116580651089723,0.3545359564327607,0.3979486570240015,0.3728492309346544,0.4127626706922623,0.4022195851767842,0.3752103936194012,0.3903645652912075,0.4020303056319933,0.395213845045597,0.3552934813143893,0.3838505831381029,0.3955885850721485,0.5031011168259097,0.0,0.0,0.0,0.4508822544283586,0.0,0.0,0.0,0.0,0.5186405815209509,0.0,0.0,0.506557212346778,0.0,0.4944764617241127,0.5207093230599779,0.0,0.4608091086855268,0.0,0.0,0.4841285031876012,0.0,0.0,0.0,0.0,0.4839043975835486,0.0,0.0,0.0,0.5136558653663119,0.0,0.0,0.0,0.5148938421455075,0.0,0.0,0.0,0.0
0.3909727932033144,0.0,0.4615793421225792,0.2187858594347587,0.3914360542097673,0.4083655856680608,0.3661839385244521,0.4857368018000867,0.4149469876842854,0.0,0.4186681624168827,0.2576197040857134,0.3709831529150798,0.0,0.0,0.3567510843366268,0.3044005814938765,0.3343786583106789,0.4261144162608806,0.0,0.0,0.0,0.4359197015904711,0.2764220846808138,0.306897775343643,0.3044697575458615,0.4198566445392805,0.3588898799575467,0.0,0.0,0.3157521349046158,0.311258522255227,0.2573843966605897,0.2694318299185754,0.2675239644925947,0.275674721209925,0.2406739663752559,0.2444899790290479,0.3235462542888723,0.3030317711771444,0.3273074585596673,0.0,0.0,0.0,0.3087519320812221,0.4144296125336451,0.0,0.0,0.0,0.0,0.0,0.0,0.0,0.0,0.3987444759559262,0.0,0.3970780681488899,0.4204060033095123,0.0,0.0,0.0,0.390605370755291,0.3512307180941492,0.0,0.0,0.0,0.0,0.0,0.3841017889340742,0.3729827998305737,0.3911903726146473,0.0,0.3826791966864687,0.0,0.0,0.394395906739683
0.0,0.0,0.3129747724534214,0.3324152134173739,0.289940798507326,0.3202057490755469,0.3995423880236982,0.307471199922479,0.2593011224032657,0.4186681624168827,0.0,0.4266927659458529,0.4044459113765071,0.2811247827489216,0.0,0.0,0.5259850574493327,0.0,0.239475619800815,0.0,0.0,0.0,0.2591859091583519,0.0,0.0,0.0,0.350964173582997,0.4088425288195384,0.0,0.0,0.4224660399896751,0.3745483755896386,0.4341617309784408,0.411023472687012,0.3910572464542884,0.2778563066962948,0.3846125612953375,0.4092615322880342,0.4183747360429766,0.0,0.0,0.0,0.3972307541098506,0.0,0.0,0.0,0.0,0.4418793614855275,0.0,0.0,0.4914959832383347,0.0,0.4290663391620729,0.4499590540093548,0.0,0.320749629981667,0.0,0.0,0.3871457513999476,0.0,0.0,0.0,0.0,0.2791990595991133,0.0,0.0,0.0,0.4798311739706704,0.0,0.0,0.0,0.4791224635257479,0.0,0.0,0.0,0.0
0.3724685590372454,0.0,0.0,0.2889291299485632,0.395530674889833,0.4429330217196577,0.3491992481247112,0.5265556451863284,0.4224454491954597,0.2576197040857134,0.4266927659458529,0.0,0.3565054831384969,0.0,0.0,0.0,0.3188024050658457,0.3348840526415829,0.0,0.0,0.4523525439946897,0.0,0.4743686298001661,0.2505762800233229,0.3175450698015045,0.2883193287395361,0.4503814367313243,0.331099392414699,0.0,0.0,0.3030242494131032,0.2539055670756657,0.2294278574971846,0.2302558754484817,0.2786972746372648,0.0,0.3016387782938404,0.1967459572522246,0.2253755829748964,0.3092916440927104,0.2907767975540494,0.2532141440368226,0.3068955891725931,0.0,0.3078733973247047,0.0,0.0,0.0,0.0,0.0,0.0,0.0,0.0,0.0,0.4036752985401565,0.0,0.4027847867878915,0.4126388389917005,0.0,0.0,0.0,0.4003821443515716,0.3671105033126777,0.0,0.0,0.0,0.0,0.0,0.3836972714767586,0.3812918357247086,0.4000414353033536,0.0,0.3972063997777742,0.0,0.0,0.3916453789351432
0.4508355449686567,0.4044727662024453,0.4021613186360822,0.2739905618026751,0.3376481104472617,0.3741488583477064,0.3187481113733724,0.3943541836729128,0.3589593648835029,0.3709831529150798,0.4044459113765071,0.3565054831384969,0.0,0.3260843908359383,0.3849900624585604,0.4270727118279671,0.3948752884540822,0.4070578700843161,0.3930671319751265,0.4049924824840323,0.4103654862725965,0.4227093146061416,0.3916261465498489,0.3559595252321013,0.3887863105692719,0.3917287152293371,0.39666811085518,0.3175073943577516,0.3967236587582375,0.3635568270456881,0.3863778614772711,0.3784828332942191,0.3494387015025735,0.3793416719874192,0.3693010881241396,0.30932971050128,0.2894715173780659,0.3377000325560562,0.4176317728824555,0.408376870036932,0.0,0.0,0.4539739126778643,0.0,0.0,0.0,0.0,0.0,0.0,0.0,0.4813453365129329,0.0,0.4487887041267854,0.0,0.0,0.0,0.4493603267029648,0.0,0.0,0.0,0.0,0.0,0.0,0.0,0.0,0.0,0.0,0.4646672103823303,0.0,0.0,0.0,0.4607891251626149,0.0,0.4721144950963171,0.0,0.0
0.0,0.0,0.3694993438654367,0.3036247522828904,0.2810318766721987,0.3692288898740455,0.2954784772601987,0.3441815037425499,0.3529048101881961,0.0,0.2811247827489216,0.0,0.3260843908359383,0.0,0.0,0.0,0.0,0.0,0.3334697568316918,0.0,0.4029328811911713,0.0,0.3479618305119792,0.0,0.0,0.0,0.3837543709621763,0.271539189414104,0.0,0.0,0.3377888609917529,0.2839145736779133,0.0,0.36510239130168,0.0,0.2437602872017954,0.2134754466787703,0.0,0.0,0.0,0.0,0.0,0.0,0.0,0.0,0.0,0.0,0.0,0.0,0.0,0.0,0.0,0.0,0.465839741243554,0.0,0.4466377805743989,0.0,0.0,0.0,0.0,0.0,0.0,0.0,0.0,0.0,0.0,0.0,0.4869024489361805,0.0,0.0,0.0,0.5422539401150881,0.0,0.0,0.0,0.0
0.3528823478768798,0.3751484044188124,0.0,0.0,0.0,0.3840212139291641,0.0,0.0,0.0,0.0,0.0,0.0,0.3849900624585604,0.0,0.0,0.3895774650240262,0.0,0.3704140763200055,0.0,0.3294000696092571,0.3713729977142959,0.3547597020495999,0.358236547299118,0.4459463121603207,0.3751489538192792,0.3583134436764261,0.3765705931518208,0.3550817746559128,0.349228117966508,0.0,0.3741483209819561,0.3775786993322055,0.3633508963439121,0.3844636966087025,0.4155459949623686,0.4310660230647011,0.0,0.0,0.4359632328705267,0.4441789802092458,0.4443903489708532,0.4644080198087981,0.3769616226876118,0.0,0.0,0.0,0.4831712010610619,0.0,0.0,0.0,0.4392334429759225,0.0,0.0,0.0,0.0,0.0,0.0,0.0,0.0,0.4534757518326823,0.4505377343532693,0.0,0.0,0.0,0.4239182610644693,0.4363982863325759,0.4678371900514274,0.4403284563272642,0.0,0.0,0.482806250003029,0.4423945224447457,0.4446388805259201,0.4176712471314811,0.0,0.4379130599849283
0.3578721928818898,0.3756883917578312,0.0,0.0,0.3980917803732766,0.3789209759714896,0.4208604759982027,0.4262234617879095,0.0,0.3567510843366268,0.0,0.0,0.4270727118279671,0.0,0.3895774650240262,0.0,0.3476387717872887,0.32221835189947,0.0,0.3772321917618584,0.3758409045318953,0.3584734030718984,0.3916348152940703,0.3336685543445631,0.3394139288031332,0.3789801489269409,0.3852364329655477,0.4090807285835673,0.3971326284219992,0.4101224759751107,0.3422316660714558,0.3791995011680243,0.3449249519431652,0.3392088923533908,0.393553539925198,0.0,0.0,0.0,0.4103518558474913,0.365159179471797,0.3919265814008704,0.3987848945243322,0.0,0.0,0.0,0.4035886763765728,0.4136244999429944,0.0,0.0,0.0,0.0,0.0,0.0,0.0,0.0,0.0,0.0,0.0,0.0,0.4367994865701498,0.4029361914983757,0.0,0.3774160672124771,0.0,0.0,0.0,0.4001936145264205,0.0,0.0,0.4032725773461146,0.4267832596573149,0.0,0.0,0.0,0.0,0.3837481868597154
0.3389650019428537,0.3974477621887681,0.0,0.0,0.0,0.0,0.4309208900548,0.0,0.0,0.3044005814938765,0.5259850574493327,0.3188024050658457,0.3948752884540822,0.0,0.0,0.3476387717872887,0.0,0.3266440551667602,0.0,0.3834461796613613,0.0,0.3616254816608974,0.0,0.3362797568258844,0.3254667623314897,0.3325695887595945,0.0,0.3816855663853649,0.4377758140131693,0.0,0.3361643569269676,0.3540373783028058,0.306800428778705,0.3301556537337394,0.3331538344114427,0.0,0.0,0.2999945260515892,0.0,0.3224358377436682,0.0,0.0,0.0,0.0,0.0,0.0,0.0,0.0,0.0,0.0,0.0,0.0,0.0,0.0,0.4066749316790915,0.0,0.4057415298180822,0.0,0.0,0.0,0.0,0.4158612709330951,0.3698595545744211,0.0,0.0,0.0,0.0,0.0,0.3999252098583488,0.3667610851527397,0.4006557154867813,0.0,0.0,0.0,0.0,0.0
0.3398781079375203,0.3652982997886141,0.0,0.0,0.0,0.3702878733015881,0.411138614262694,0.4309928600997013,0.0,0.3343786583106789,0.0,0.3348840526415829,0.4070578700843161,0.0,0.3704140763200055,0.32221835189947,0.3266440551667602,0.0,0.0,0.366029287380805,0.3930513861989508,0.3676376051276405,0.4018938697004425,0.3337925581930922,0.3320806627517613,0.3445465601726431,0.3797140888596462,0.3936086650123748,0.3871060726179468,0.0,0.3440235499301058,0.3676104534863485,0.3156549280614713,0.3460871315417336,0.3551262769422909,0.0,0.0,0.0,0.369493292942826,0.3429354328341599,0.3491665306830406,0.0,0.0,0.0,0.0,0.3841189282836255,0.3855358771884625,0.0,0.0,0.0,0.0,0.0,0.0,0.0,0.3789485508473507,0.0,0.4018656911514494,0.0,0.0,0.0,0.3718895085924139,0.0,0.3680905983263215,0.0,0.0,0.0,0.3585722490529855,0.0,0.3968970463504964,0.3843243748510287,0.4063658664495326,0.0,0.0,0.0,0.0,0.376438435038841
0.0,0.0,0.2402658276696997,0.3911853356190798,0.3422332060087228,0.3407740474160137,0.3933086274551089,0.3653548306025097,0.2155211860205578,0.4261144162608806,0.239475619800815,0.0,0.3930671319751265,0.3334697568316918,0.0,0.0,0.0,0.0,0.0,0.0,0.0,0.0,0.2903645333029879,0.0,0.0,0.0,0.3357280823378341,0.3983992752718324,0.0,0.0,0.4056643791253912,0.3652518370379871,0.0,0.4025762192306876,0.380299685600718,0.3400785655710371,0.3683227763604254,0.0,0.482057558383525,0.0,0.0,0.0,0.4462251175347703,0.0,0.0,0.0,0.0,0.4555123216347763,0.0,0.0,0.5007654897819637,0.0,0.4578370583487135,0.4746821232435381,0.0,0.3899632757073045,0.0,0.0,0.0,0.0,0.0,0.0,0.0,0.4621546175477652,0.0,0.0,0.0,0.4956920419671005,0.0,0.0,0.0,0.4988635389694905,0.0,0.0,0.0,0.0
0.3529680983884008,0.3766483646664252,0.0,0.4327353890761436,0.3668665548371402,0.3855176906887358,0.4098751425636192,0.3695679043632039,0.3716428693961844,0.0,0.0,0.0,0.4049924824840323,0.0,0.3294000696092571,0.3772321917618584,0.3834461796613613,0.366029287380805,0.0,0.0,0.3519064432692623,0.3429938519321042,0.3235052647429793,0.0,0.353366019349511,0.3834416927658935,0.3541580553106974,0.3512429777970781,0.3316003263497751,0.3354259680995235,0.3577844024617602,0.3754901620125156,0.3360233587716981,0.3806673213867381,0.4067738044087191,0.4586568953220695,0.4291431232832142,0.0,0.4145754752855564,0.3990017592349475,0.4197266411104808,0.4592179364811854,0.4846976072566947,0.0,0.0,0.0,0.4098348004291963,0.0,0.0,0.0,0.0,0.0,0.4367527166786289,0.0,0.0,0.0,0.0,0.0,0.0,0.4262720499622763,0.450108685195698,0.0,0.0,0.0,0.4171891754149043,0.4132734599382452,0.4268651904899618,0.4476630264994514,0.0,0.0,0.4276197513757552,0.4435660102421617,0.4468746215398655,0.4274365106306528,0.0,0.4377795569175084
0.3419212794178604,0.36341628634634,0.0,0.0,0.0,0.3685755591302492,0.0,0.3633211209345431,0.0,0.0,0.0,0.4523525439946897,0.4103654862725965,0.4029328811911713,0.3713729977142959,0.3758409045318953,0.0,0.3930513861989508,0.0,0.3519064432692623,0.0,0.3797499331718902,0.3705227053222292,0.4267240597727184,0.3830334441591518,0.3818052496110103,0.3725007021247734,0.3819736379456978,0.3435044779344025,0.0,0.3546429611557112,0.3626780634474461,0.3320515643318006,0.3669622189324812,0.4137527627104412,0.0,0.0,0.0,0.4463064717264021,0.4180517231543564,0.4408903472089744,0.447233310822996,0.0,0.0,0.0,0.4417852542976895,0.4676820290977096,0.0,0.0,0.0,0.421533988904909,0.0,0.2707488434418434,0.0,0.0,0.0,0.0,0.0,0.0,0.4433722417972408,0.4396107859557511,0.0,0.0,0.0,0.4269953516172359,0.3651537229669899,0.4643101637909204,0.4261294876021344,0.0,0.0,0.4692540380050197,0.4366735652547654,0.0,0.4230488218098122,0.0,0.0
0.3527981745232016,0.3701337863769766,0.0,0.0,0.3779381838598485,0.3826199081494099,0.4196968171776153,0.0,0.3727573482844815,0.0,0.0,0.0,0.4227093146061416,0.0,0.3547597020495999,0.3584734030718984,0.3616254816608974,0.3676376051276405,0.0,0.3429938519321042,0.3797499331718902,0.0,0.4014721027826336,0.0,0.3668176722466597,0.3750436413580574,0.3944664490803179,0.3884349817007321,0.3699739239623449,0.3607569209622639,0.3549727284919988,0.3784354871943761,0.3404829357568713,0.3698821229646442,0.4102907003927343,0.4571491366238405,0.4231616373428449,0.0,0.4160956840057656,0.3981057284072703,0.407873471501459,0.4331576823559868,0.4174593910025282,0.0,0.0,0.4383858067827048,0.4319810449300843,0.0,0.0,0.0,0.4300556662535702,0.0,0.0,0.0,0.0,0.0,0.0,0.0,0.0,0.4575165322461575,0.4052049264963072,0.0,0.0,0.0,0.4278706568815194,0.4420422108838208,0.4399469413124464,0.4382854351282997,0.0,0.3987754037914303,0.4546640821243784,0.4292191536158871,0.4745713931835165,0.3966957676634128,0.0,0.4054265831180069
0.4067722466404668,0.3773062792430059,0.3242194747439716,0.3647714192066578,0.3700426597811052,0.3811023303282888,0.381786926468632,0.3356090702243622,0.3602261421831972,0.4359197015904711,0.2591859091583519,0.4743686298001661,0.3916261465498489,0.3479618305119792,0.358236547299118,0.3916348152940703,0.0,0.4018938697004425,0.2903645333029879,0.3235052647429793,0.3705227053222292,0.4014721027826336,0.0,0.4490100882047076,0.4030059913090548,0.4033945390056117,0.3436510358015077,0.3860612421286962,0.3575976268767787,0.3795003646542393,0.3835312693660015,0.3624753915906581,0.3423645902245566,0.391042843665865,0.3985118627568575,0.3466416457372883,0.3765727130223502,0.0,0.4466589218794022,0.3883411638453391,0.4315892042962352,0.3997769677788871,0.426539940764461,0.0,0.0,0.0,0.4610423745409618,0.4870935765394501,0.0,0.4869328994533958,0.4764752375970377,0.4657100251282053,0.4396643334646885,0.489277629602545,0.0,0.4446818307349782,0.0,0.4603943857179787,0.4133912736064858,0.4416367454237019,0.0,0.0,0.0,0.4603120147081627,0.4509870338066413,0.4370890280317924,0.4490696485663427,0.4704621919053496,0.0,0.0,0.4459242485972055,0.4725813045781307,0.4520198648416377,0.4530815502759126,0.4544041764854776,0.4617511871444856
0.3571440243666303,0.0,0.0,0.0,0.0,0.0,0.0,0.4618914588014358,0.0,0.2764220846808138,0.0,0.2505762800233229,0.3559595252321013,0.0,0.4459463121603207,0.3336685543445631,0.3362797568258844,0.3337925581930922,0.0,0.0,0.4267240597727184,0.0,0.4490100882047076,0.0,0.3282635757757072,0.3157439264276276,0.4702965996721494,0.3474377218548884,0.0,0.0,0.3118420289805911,0.2883432742780506,0.2438358125791732,0.2086542562658086,0.1379155540707887,0.0,0.0,0.219804862905087,0.3947842103326011,0.2969493071102412,0.2998701266609427,0.0,0.0,0.0,0.299198704239934,0.3405463984061199,0.0,0.0,0.0,0.0,0.0,0.0,0.0,0.0,0.3919740220955122,0.0,0.3826671814505437,0.0,0.0,0.0,0.3570393229229309,0.4018199237646733,0.3808500155938486,0.0,0.0,0.0,0.0,0.0,0.3601525561371336,0.37734016178487,0.4029715870243337,0.0,0.301329741515742,0.0,0.0,0.3632289299634212
0.3392328244066822,0.3594598832875281,0.0,0.0,0.0,0.3311166062252975,0.3858024002945038,0.4240163240071543,0.3693711836130585,0.306897775343643,0.0,0.3175450698015045,0.3887863105692719,0.0,0.3751489538192792,0.3394139288031332,0.3254667623314897,0.3320806627517613,0.0,0.353366019349511,0.3830334441591518,0.3668176722466597,0.4030059913090548,0.3282635757757072,0.0,0.3367933289378587,0.3468633820271873,0.3798460199617762,0.3716005677133335,0.0,0.3365506992811666,0.3358126510384321,0.2823387990264576,0.3095669047547588,0.3279327023928478,0.0,0.0,0.2792817899412581,0.3793870875093343,0.3351939606803253,0.3529434853105891,0.3534991930893402,0.0,0.0,0.0,0.3815454904879718,0.3750588777412856,0.0,0.0,0.0,0.0,0.0,0.0,0.0,0.4100930183133408,0.0,0.4122101058823672,0.0,0.0,0.0,0.3709253426194076,0.3998357303109706,0.3609635993746007,0.0,0.3590630751727587,0.0,0.3490508242470957,0.0,0.3968031658788626,0.3789905029308782,0.4025513259625363,0.0,0.0,0.39134558493301,0.0,0.3748503899839027
0.3454331311444338,0.3768258077693566,0.0,0.0,0.410693931562152,0.3798771644342735,0.3940105792591806,0.4380877633618651,0.4116580651089723,0.3044697575458615,0.0,0.2883193287395361,0.3917287152293371,0.0,0.3583134436764261,0.3789801489269409,0.3325695887595945,0.3445465601726431,0.0,0.3834416927658935,0.3818052496110103,0.3750436413580574,0.4033945390056117,0.3157439264276276,0.3367933289378587,0.0,0.4042709793657223,0.3780187211588593,0.3755642882805407,0.0,0.3529012188532538,0.3724008119489389,0.3244497475265916,0.3463348119766369,0.4049926863489123,0.4495215997435313,0.0,0.2769250160137093,0.4314160288239712,0.3821369582045704,0.4187616789325531,0.4545312872575809,0.0,0.0,0.3252041927814174,0.4101364193198543,0.4619279778125862,0.0,0.0,0.0,0.4661004508657676,0.0,0.0,0.0,0.4167803933575319,0.0,0.4174835133465857,0.0,0.0,0.476503988848573,0.4219377785321487,0.4121373616883216,0.3830597532191724,0.0,0.429958851657725,0.4637925394811852,0.4598502570941707,0.4559042059898328,0.4040054014132903,0.3998731137703819,0.4349865028788019,0.4588240394699736,0.4568149451569909,0.4214930089484875,0.0,0.403014625059828
0.3965463083978866,0.3759594247882653,0.3063849113488813,0.3780790861135117,0.3738027840140019,0.364280582701378,0.3920730792924361,0.387475238151812,0.3545359564327607,0.4198566445392805,0.350964173582997,0.4503814367313243,0.39666811085518,0.3837543709621763,0.3765705931518208,0.3852364329655477,0.0,0.3797140888596462,0.3357280823378341,0.3541580553106974,0.3725007021247734,0.3944664490803179,0.3436510358015077,0.4702965996721494,0.3468633820271873,0.4042709793657223,0.0,0.3851946398387294,0.3545427913496615,0.3639395657912547,0.3795581708767158,0.3669113333852237,0.3146150869460769,0.388677681441885,0.3886993963923347,0.3826450139657744,0.3756839620666584,0.0,0.4380960966440767,0.4032986260765687,0.421903264807236,0.420460490764636,0.4028551756918118,0.0,0.0,0.0,0.4761751444955873,0.5029212523947915,0.0,0.0,0.4745799635762363,0.4717164552823796,0.4547125484108265,0.4808401312052333,0.0,0.4752902777079489,0.0,0.4575414571497985,0.478843090793714,0.4374599428321287,0.0,0.0,0.0,0.4924781033188209,0.4471989765021014,0.4355035531643357,0.4417165438015705,0.4685662011438226,0.0,0.0,0.4515842038405623,0.4619634559189268,0.4479333826964009,0.4479632142626213,0.4653368746945965,0.4558527652635922
0.4119751199079589,0.3960739232169255,0.4034447173733088,0.2385973731462333,0.3561215489644848,0.3713757823870646,0.338692752953826,0.3904901924350575,0.3979486570240015,0.3588898799575467,0.4088425288195384,0.331099392414699,0.3175073943577516,0.271539189414104,0.3550817746559128,0.4090807285835673,0.3816855663853649,0.3936086650123748,0.3983992752718324,0.3512429777970781,0.3819736379456978,0.3884349817007321,0.3860612421286962,0.3474377218548884,0.3798460199617762,0.3780187211588593,0.3851946398387294,0.0,0.3240968321023222,0.3073115715388448,0.364062269645271,0.3524721635004943,0.3225698194852011,0.3530911771312516,0.3345813415789482,0.2588555419827827,0.2380668327606785,0.3274584848468193,0.3645230161496387,0.0,0.0,0.0,0.4418738800084076,0.0,0.0,0.0,0.0,0.0,0.0,0.0,0.4608337951446007,0.0,0.4397962917706257,0.0,0.3993845630732963,0.0,0.4268066489889182,0.0,0.0,0.4577837206190465,0.0,0.0,0.0,0.0,0.4506777103588471,0.0,0.0,0.4643708100017853,0.0,0.0,0.0,0.4570729344124278,0.4604645690384303,0.4475998870344971,0.0,0.4655874089106509
0.4047091359837022,0.3789788276676988,0.0,0.4758691368653477,0.3942968191256426,0.3326620462860649,0.4180357684811064,0.3490397199651775,0.3728492309346544,0.0,0.0,0.0,0.3967236587582375,0.0,0.349228117966508,0.3971326284219992,0.4377758140131693,0.3871060726179468,0.0,0.3316003263497751,0.3435044779344025,0.3699739239623449,0.3575976268767787,0.0,0.3716005677133335,0.3755642882805407,0.3545427913496615,0.3240968321023222,0.0,0.3378677032662359,0.3461253263583908,0.3642887276611802,0.3228866553255116,0.3753079700360046,0.3955229855999886,0.4427595102625821,0.4240249283622804,0.0,0.4175303569797321,0.0,0.0,0.0,0.4113739346775952,0.0,0.0,0.0,0.428405480500401,0.0,0.0,0.0,0.4253698145751263,0.0,0.4161109446147024,0.0,0.0,0.0,0.0,0.0,0.0,0.4184553505061967,0.0,0.0,0.0,0.0,0.4259780785991273,0.4031056075276721,0.4274885135190966,0.4424078122223087,0.0,0.0,0.4310399950991463,0.4453026067927478,0.4326951797327787,0.4293769805596608,0.4665649181173307,0.4366409647221474
0.0,0.0,0.0,0.0,0.0,0.3918058302144699,0.0,0.3870579544124379,0.4127626706922623,0.0,0.0,0.0,0.3635568270456881,0.0,0.0,0.4101224759751107,0.0,0.0,0.0,0.3354259680995235,0.0,0.3607569209622639,0.3795003646542393,0.0,0.0,0.0,0.3639395657912547,0.3073115715388448,0.3378677032662359,0.0,0.3220406725165821,0.3596464853329873,0.0,0.3588314892725304,0.0,0.0,0.0,0.0,0.0,0.0,0.0,0.0,0.0,0.0,0.0,0.0,0.0,0.0,0.0,0.0,0.0,0.0,0.0,0.0,0.0,0.0,0.0,0.0,0.0,0.0,0.0,0.0,0.0,0.0,0.4651868369555064,0.0,0.0,0.4683698243988888,0.0,0.0,0.0,0.4606217161323266,0.0,0.4771217127693383,0.0,0.0
0.3402079572111241,0.3394002112033878,0.410625882096807,0.3119111237782971,0.4111099656155979,0.4009304247558278,0.4041177631822729,0.3938521966810846,0.4022195851767842,0.3157521349046158,0.4224660399896751,0.3030242494131032,0.3863778614772711,0.3377888609917529,0.3741483209819561,0.3422316660714558,0.3361643569269676,0.3440235499301058,0.4056643791253912,0.3577844024617602,0.3546429611557112,0.3549727284919988,0.3835312693660015,0.3118420289805911,0.3365506992811666,0.3529012188532538,0.3795581708767158,0.364062269645271,0.3461253263583908,0.3220406725165821,0.0,0.3549868615981558,0.3104365996561428,0.2908151731998664,0.2486148495242906,0.3819114314826058,0.3103203187541756,0.271421646242761,0.4018266024454626,0.266233413046069,0.3678362574399923,0.0,0.5107811064018845,0.0,0.0,0.0,0.4091781561548573,0.0,0.0,0.0,0.4716672368730065,0.0,0.4291672931818353,0.0,0.3873546575588019,0.0,0.3762578169145678,0.0,0.0,0.4391795574270102,0.3812402527515712,0.0,0.3677143058864051,0.0,0.4315964587419885,0.4030017021924651,0.4228981698360501,0.4652057882162398,0.3438380411731327,0.3842720203898476,0.4172248196794708,0.4625014420535517,0.4801897040487174,0.4468321168188598,0.0,0.3983519443073907
0.3551264356548506,0.3551309867326171,0.3848222231131056,0.2793520945265113,0.3671944617452942,0.3721699820850103,0.3667436977621846,0.3454162136257358,0.3752103936194012,0.311258522255227,0.3745483755896386,0.2539055670756657,0.3784828332942191,0.2839145736779133,0.3775786993322055,0.3791995011680243,0.3540373783028058,0.3676104534863485,0.3652518370379871,0.3754901620125156,0.3626780634474461,0.3784354871943761,0.3624753915906581,0.2883432742780506,0.3358126510384321,0.3724008119489389,0.3669113333852237,0.3524721635004943,0.3642887276611802,0.3596464853329873,0.3549868615981558,0.0,0.2924263111569795,0.3070570616923986,0.3130737095999519,0.2771350938020904,0.2832415705265482,0.2391075656790825,0.2438016154743435,0.2414407308504764,0.2864432495738772,0.2892129551751335,0.3067300037565699,0.0,0.2657729261833841,0.393502905781358,0.4036534693712909,0.4742296804953439,0.0,0.0,0.4386422357893523,0.0,0.3764398511732869,0.4770721522444865,0.2893790886791809,0.4199545548485304,0.2679509108487165,0.0,0.0,0.4308805524258036,0.3955682873675282,0.0,0.3747439183476248,0.4975070313862921,0.4199659982499134,0.4107856271847071,0.4288039082640134,0.4433227073354064,0.199557744588308,0.3856875179520989,0.4044617689321462,0.4416315163489992,0.3589757881703919,0.4113168014837406,0.0,0.390544185551339
0.321901133537505,0.3182074228350596,0.5283231296615635,0.0,0.3918571153554707,0.3514604274114133,0.3426965177170054,0.4071706228437616,0.3903645652912075,0.2573843966605897,0.4341617309784408,0.2294278574971846,0.3494387015025735,0.0,0.3633508963439121,0.3449249519431652,0.306800428778705,0.3156549280614713,0.0,0.3360233587716981,0.3320515643318006,0.3404829357568713,0.3423645902245566,0.2438358125791732,0.2823387990264576,0.3244497475265916,0.3146150869460769,0.3225698194852011,0.3228866553255116,0.0,0.3104365996561428,0.2924263111569795,0.0,0.2159055048003633,0.3211192143623193,0.2656412231037021,0.2687044635433188,0.17034312170621,0.2498060852958037,0.2046457671787294,0.2380835358050098,0.2274294024244333,0.0,0.0,0.2325542381622919,0.3657815870136593,0.3731274452049244,0.0,0.0,0.0,0.0,0.0,0.0,0.0,0.3407730273579221,0.0,0.3374701348385001,0.0,0.0,0.4406984673890103,0.3618145187261899,0.0,0.3536800400996429,0.0,0.394873970964216,0.0,0.4022518404702705,0.3715197293033064,0.3300847567078462,0.3672674116620095,0.3963087627023683,0.3117342423175756,0.3789704816944965,0.0,0.0,0.3273945365023526
0.331346665651524,0.3394366487605552,0.4136618136609655,0.2421537781284833,0.3913873418821657,0.4001970507072758,0.37192299208851,0.3897063960336386,0.4020303056319933,0.2694318299185754,0.411023472687012,0.2302558754484817,0.3793416719874192,0.36510239130168,0.3844636966087025,0.3392088923533908,0.3301556537337394,0.3460871315417336,0.4025762192306876,0.3806673213867381,0.3669622189324812,0.3698821229646442,0.391042843665865,0.2086542562658086,0.3095669047547588,0.3463348119766369,0.388677681441885,0.3530911771312516,0.3753079700360046,0.3588314892725304,0.2908151731998664,0.3070570616923986,0.2159055048003633,0.0,0.2687960605553334,0.3345851647154064,0.2427138412859127,0.1961124689161652,0.2759425941375877,0.2221682932825615,0.2415432179415477,0.2189923144891862,0.3412248537784526,0.0,0.2281619146295311,0.3128757460461436,0.4050212662389008,0.0,0.0,0.0,0.4582293280950856,0.0,0.4608163229790002,0.0,0.3480161488074071,0.0,0.3476423312195935,0.0,0.0,0.441428271111528,0.3802162114438768,0.0,0.3625444676885038,0.0,0.42935447897973,0.4355354236735899,0.4318653418370475,0.4677149020159469,0.3193113955628592,0.365468842433778,0.4132001816775038,0.4627639136486203,0.0,0.4434254818495494,0.0,0.3589245352006333
0.3649225642691571,0.385500657275566,0.4054027787500823,0.2727481252030337,0.3610934094811371,0.3933471772676685,0.3459606420380602,0.3839749626256281,0.395213845045597,0.2675239644925947,0.3910572464542884,0.2786972746372648,0.3693010881241396,0.0,0.4155459949623686,0.393553539925198,0.3331538344114427,0.3551262769422909,0.380299685600718,0.4067738044087191,0.4137527627104412,0.4102907003927343,0.3985118627568575,0.1379155540707887,0.3279327023928478,0.4049926863489123,0.3886993963923347,0.3345813415789482,0.3955229855999886,0.0,0.2486148495242906,0.3130737095999519,0.3211192143623193,0.2687960605553334,0.0,0.4041760288437288,0.3037042260608638,0.1964540765445016,0.283924384970518,0.2576777749340703,0.2818399385474301,0.3097529877502474,0.0,0.0,0.0,0.0,0.4383367842025858,0.0,0.0,0.0,0.5223359317837709,0.0,0.0,0.0,0.0,0.0,0.0,0.0,0.0,0.4576741661651112,0.419140779078859,0.0,0.0,0.0,0.4433707950684252,0.0,0.4559945041105067,0.460009427883289,0.0,0.4010856847461287,0.4411722989116299,0.4483498739915711,0.0,0.4682052581526814,0.0,0.0
0.0,0.0,0.3655428890209428,0.217578217953818,0.2554576684461832,0.382121858643258,0.2766884392244921,0.2679992246578259,0.3552934813143893,0.275674721209925,0.2778563066962948,0.0,0.30932971050128,0.2437602872017954,0.4310660230647011,0.0,0.0,0.0,0.3400785655710371,0.4586568953220695,0.0,0.4571491366238405,0.3466416457372883,0.0,0.0,0.4495215997435313,0.3826450139657744,0.2588555419827827,0.4427595102625821,0.0,0.3819114314826058,0.2771350938020904,0.2656412231037021,0.3345851647154064,0.4041760288437288,0.0,0.1825729214031785,0.324444182390846,0.316984665621703,0.2687543028775253,0.3170318290570838,0.2716800733221315,0.3068928068486976,0.0,0.3103681655919514,0.0,0.0,0.4554529469620147,0.0,0.0,0.4234025959103207,0.0,0.405637980180795,0.44167899104477,0.0,0.3800481530366109,0.3103572858306881,0.0,0.0,0.0,0.0,0.0,0.0,0.4310850738244062,0.0,0.0,0.4677705043338845,0.4331735806550552,0.0,0.0,0.0,0.4244562993639196,0.4378332137900941,0.44343540246265,0.0,0.0
0.0,0.0,0.4163837776448213,0.1833846129282665,0.2776247396068138,0.3856287099865778,0.2731088982239995,0.2569237437022051,0.3838505831381029,0.2406739663752559,0.3846125612953375,0.3016387782938404,0.2894715173780659,0.2134754466787703,0.0,0.0,0.0,0.0,0.3683227763604254,0.4291431232832142,0.0,0.4231616373428449,0.3765727130223502,0.0,0.0,0.0,0.3756839620666584,0.2380668327606785,0.4240249283622804,0.0,0.3103203187541756,0.2832415705265482,0.2687044635433188,0.2427138412859127,0.3037042260608638,0.1825729214031785,0.0,0.2727025601973053,0.2668555823924715,0.0,0.0,0.2807925993714613,0.0,0.0,0.0,0.0,0.0,0.0,0.0,0.0,0.0,0.0,0.0,0.0,0.0,0.0,0.0,0.0,0.0,0.0,0.0,0.0,0.0,0.0,0.0,0.0,0.0,0.0,0.0,0.0,0.0,0.0,0.0,0.0,0.0,0.0
0.4433073660279657,0.0,0.0,0.0,0.37180035540585,0.0,0.3307166244987944,0.0,0.3955885850721485,0.2444899790290479,0.4092615322880342,0.1967459572522246,0.3377000325560562,0.0,0.0,0.0,0.2999945260515892,0.0,0.0,0.0,0.0,0.0,0.0,0.219804862905087,0.2792817899412581,0.2769250160137093,0.0,0.3274584848468193,0.0,0.0,0.271421646242761,0.2391075656790825,0.17034312170621,0.1961124689161652,0.1964540765445016,0.324444182390846,0.2727025601973053,0.0,0.2332184048072162,0.2164276886742802,0.2305880723159217,0.2310429137376661,0.0,0.0,0.2310078451600042,0.0,0.0,0.0,0.0,0.0,0.0,0.0,0.0,0.0,0.3349524666084043,0.0,0.252946054544978,0.0,0.0,0.0,0.0,0.0,0.0,0.0,0.0,0.0,0.0,0.0,0.2824748637208124,0.3625863185481956,0.318836806836679,0.0,0.0,0.0,0.0,0.0
0.4193044462878511,0.4179360979121038,0.5150362250513327,0.0,0.0,0.4299371002832929,0.0,0.4232140965463755,0.5031011168259097,0.3235462542888723,0.4183747360429766,0.2253755829748964,0.4176317728824555,0.0,0.4359632328705267,0.4103518558474913,0.0,0.369493292942826,0.482057558383525,0.4145754752855564,0.4463064717264021,0.4160956840057656,0.4466589218794022,0.3947842103326011,0.3793870875093343,0.4314160288239712,0.4380960966440767,0.3645230161496387,0.4175303569797321,0.0,0.4018266024454626,0.2438016154743435,0.2498060852958037,0.2759425941375877,0.283924384970518,0.316984665621703,0.2668555823924715,0.2332184048072162,0.0,0.2976807218667902,0.3476733284877547,0.3486534183957401,0.2781848517721857,0.2954785353386545,0.2700257378891735,0.3753009836292432,0.37503769771163,0.3978145454074701,0.2634543484995704,0.3527039246923373,0.3746884228687531,0.3470161663863254,0.3500138680653299,0.3870705969452445,0.3094422557395848,0.3532794765893696,0.2778719493054136,0.3583524666428048,0.2855167915898071,0.3923176584791477,0.3909568615096896,0.3511122393602357,0.3654948583018815,0.3637438478915158,0.400414274295972,0.3971548102583241,0.3931776412426891,0.3658844312966317,0.3381567007876152,0.3493088010057413,0.3791077851127858,0.3791756845517852,0.3282681031781223,0.3787249715302703,0.3643460008975848,0.3625521773129894
0.378489109201216,0.3800705034097135,0.0,0.0,0.0,0.0,0.0,0.0,0.0,0.3030317711771444,0.0,0.3092916440927104,0.408376870036932,0.0,0.4441789802092458,0.365159179471797,0.3224358377436682,0.3429354328341599,0.0,0.3990017592349475,0.4180517231543564,0.3981057284072703,0.3883411638453391,0.2969493071102412,0.3351939606803253,0.3821369582045704,0.4032986260765687,0.0,0.0,0.0,0.266233413046069,0.2414407308504764,0.2046457671787294,0.2221682932825615,0.2576777749340703,0.2687543028775253,0.0,0.2164276886742802,0.2976807218667902,0.0,0.2240915232110648,0.3097471283800745,0.3309000130570365,0.261329369382861,0.1911254463923749,0.3266321698289122,0.3263673947841449,0.5635281947496579,0.0,0.375893794510615,0.368718973230164,0.3577138067227586,0.0,0.4100745842298097,0.2787097420215786,0.4144231489402207,0.2437702862242811,0.3637290879592419,0.0,0.3677969203146924,0.3239203153465552,0.2829013252282439,0.288711538646783,0.4907461643821292,0.3412204371009246,0.3880381868558157,0.3356435851437213,0.3614904466066122,0.2361730612872276,0.2728871885120244,0.3131772153257176,0.3568852774609564,0.3212104618672032,0.2940419391700516,0.2951853877607073,0.2923845127936766
0.3888281836543633,0.4062217379360177,0.0,0.0,0.0,0.4431040042620348,0.0,0.4297886411160338,0.0,0.3273074585596673,0.0,0.2907767975540494,0.0,0.0,0.4443903489708532,0.3919265814008704,0.0,0.3491665306830406,0.0,0.4197266411104808,0.4408903472089744,0.407873471501459,0.4315892042962352,0.2998701266609427,0.3529434853105891,0.4187616789325531,0.421903264807236,0.0,0.0,0.0,0.3678362574399923,0.2864432495738772,0.2380835358050098,0.2415432179415477,0.2818399385474301,0.3170318290570838,0.0,0.2305880723159217,0.3476733284877547,0.2240915232110648,0.0,0.2994630494446083,0.3477296049772126,0.2437978561173182,0.2262012133739989,0.3374413526769417,0.3376892641135854,0.4004172969060428,0.2750235779451119,0.3788956408188528,0.3935522518614343,0.3488019858186618,0.3877210151097398,0.4005155660487018,0.2791397651537892,0.3875333381828229,0.2509112548443714,0.3640277813096699,0.3143931691432958,0.3950162650214054,0.3449372576040692,0.3234463294567276,0.3304316162758589,0.3840129941190099,0.374247421148654,0.3873426789337798,0.364399752105572,0.3807257230412085,0.256077835339283,0.3071044234179209,0.3405090011045864,0.3832332457646017,0.3018027799431498,0.3569353428025671,0.3292554535904856,0.2457125262265604
