0.0,0.2776436286953441,0.0,0.0,0.0,0.3776083593295082,0.0,0.443800590476159,0.0,0.2795369382287651,0.0,0.0,0.4251664037419371,0.0,0.3207359524471144,0.2905477760008957,0.2505599492032609,0.2621433111575946,0.0,0.3394497486275978,0.3612791051208745,0.2780741674738149,0.4103553099568917,0.3532467627314691,0.2511000764895688,0.2915383174120361,0.3819709646674679,0.385100040638862,0.3770926681819896,0.0,0.2634972437677175,0.3608540061221306,0.2489712010010951,0.2966721552663063,0.3326886430601425,0.0,0.0,0.0,0.3262849589939613,0.2677810714611334,0.3100160415229022,0.0,0.0,0.0,0.0,0.2875702841292887,0.3157791595773124,0.0,0.0,0.0,0.0,0.0,0.0,0.0,0.0,0.0,0.0,0.0,0.0,0.0,0.3226638012485767,0.0,0.3068608872160919,0.0,0.0,0.2156494735854532,0.2547421013110985,0.0,0.2295799921814014,0.2955827599108679,0.3110753390330454,0.0,0.0,0.0,0.0,0.3444865081474763
0.2776436286953441,0.0,0.0,0.0,0.0,0.3275534204179957,0.0,0.3797328360398425,0.347974125260868,0.0,0.0,0.0,0.3469994526674774,0.0,0.3387196554488618,0.3078615825068277,0.0,0.2768801833725915,0.0,0.3356143504999245,0.2972107282341254,0.3096586480457853,0.3454560284033009,0.0,0.271645434164914,0.302101206552634,0.3537716355957623,0.3438354058583448,0.3486543242631293,0.0,0.2972064268119619,0.3526652116116123,0.2601424296645837,0.3025503388705297,0.3137747927789449,0.0,0.0,0.0,0.360679714226101,0.2962308528226294,0.2984373783011682,0.3690043598338381,0.0,0.0,0.0,0.3056105959880257,0.2684601403546136,0.0,0.0,0.0,0.3998230031647436,0.0,0.0,0.0,0.0,0.0,0.0,0.0,0.0,0.3725796502441347,0.3324079193297202,0.0,0.3038988325127211,0.0,0.367548685915455,0.3460774199932769,0.3243175614754207,0.3936537825997406,0.0,0.319712594739611,0.3375671279912421,0.3990425367303965,0.0,0.3863285115237043,0.0,0.3392508051524197
0.0,0.0,0.0,0.0,0.3325666155746339,0.3714648755343893,0.3598352581596856,0.3760178439057985,0.3147745247488517,0.0,0.2806390081223013,0.0,0.3734058830300993,0.368164314376704,0.0,0.0,0.0,0.0,0.2915304630689617,0.0,0.0,0.0,0.3414623487737238,0.0,0.0,0.0,0.3513494642979052,0.3859130555949112,0.0,0.0,0.3843785802908924,0.3681259533031072,0.0,0.395262257463936,0.3883369148544646,0.3515488982460557,0.3862089900090741,0.0,0.0,0.0,0.0,0.0,0.3216935515514683,0.0,0.0,0.0,0.0,0.3254239499524475,0.0,0.4407413960079065,0.389739385544977,0.4481154206912371,0.4322989367169417,0.4022576428424396,0.0,0.2912978054722581,0.0,0.0,0.3806255976881024,0.0,0.0,0.0,0.0,0.3573503238141324,0.0,0.0,0.0,0.4003963039089343,0.0,0.0,0.0,0.4445259157868466,0.0,0.0,0.0,0.0
0.0,0.0,0.0,0.0,0.2838159794774487,0.3390503569215345,0.0,0.0,0.3361778690648065,0.0,0.2736863488789106,0.0,0.345072668388477,0.2938721167659345,0.0,0.0,0.0,0.0,0.0,0.0,0.0,0.0,0.3538971506522891,0.0,0.0,0.0,0.3692879120651286,0.2981512793909306,0.0,0.0,0.3026635526336899,0.239680114567259,0.0,0.2975324419340017,0.2907556439653465,0.211902108240128,0.2237992544207295,0.0,0.0,0.0,0.0,0.0,0.0,0.0,0.0,0.0,0.0,0.0,0.0,0.0,0.0,0.0,0.0,0.0,0.0,0.0,0.0,0.0,0.0,0.0,0.0,0.0,0.0,0.0,0.0,0.0,0.0,0.0,0.0,0.0,0.0,0.0,0.0,0.0,0.0,0.0
0.0,0.0,0.3325666155746339,0.2838159794774487,0.0,0.3242729189395921,0.3021820768955771,0.2899160399458401,0.2924915988885314,0.0,0.2555844574404176,0.0,0.348781618541019,0.2805222018663541,0.0,0.401869333641361,0.0,0.0,0.2645904771338864,0.3165548198123578,0.0,0.3545338563817015,0.3139004017176816,0.0,0.0,0.0,0.3311007931511118,0.3450151853878481,0.3292741846993671,0.0,0.322097309920047,0.3162683194710137,0.0,0.3382381935008223,0.3028866702361678,0.2042811190981784,0.325537599428004,0.0,0.0,0.0,0.0,0.0,0.230395555389209,0.0,0.0,0.0,0.0,0.4330660455220388,0.0,0.0,0.4255006971591763,0.0,0.3364256135880346,0.4476505298089426,0.0,0.315874511655131,0.0,0.0,0.0,0.0,0.0,0.0,0.0,0.4199255176866881,0.0,0.0,0.0,0.3955626315050465,0.0,0.0,0.0,0.4318957201901101,0.0,0.0,0.0,0.0
0.3776083593295082,0.3275534204179957,0.3714648755343893,0.3390503569215345,0.3242729189395921,0.0,0.349270764593094,0.3099595908735852,0.311047410685335,0.3652347871243313,0.3108683623866102,0.0,0.3244228903124213,0.3003967444356712,0.3530358776842233,0.3809286553857186,0.6301057849429492,0.3504781671777925,0.3323033048970703,0.3528413199993631,0.3437896465234428,0.3748299185356541,0.3367275813970135,0.0,0.3073026352452169,0.3310874566956877,0.3242255823426371,0.3305389438943645,0.3146906835451583,0.3152458836810383,0.3512419242113056,0.3630704865608133,0.0,0.3648245029766434,0.3799911130079431,0.336638965355678,0.3500450784097412,0.0,0.3517340494952027,0.0,0.3913994315778739,0.0,0.0,0.0,0.0,0.0,0.0,0.4167919611335806,0.0,0.4547182204254754,0.3674631941521584,0.4209586008065702,0.3703146043303329,0.3781355498707602,0.0,0.3941652514311509,0.0,0.4008610186711222,0.0,0.4194656268648851,0.0,0.0,0.0,0.4130278202154089,0.4014037061932382,0.0,0.4274449574552504,0.3855496397107418,0.0,0.0,0.4335504728742917,0.3787980131119725,0.3893602289857422,0.3664766003631706,0.0,0.3986952227504746
0.0,0.0,0.3598352581596856,0.0,0.3021820768955771,0.349270764593094,0.0,0.3178982438716378,0.3269175530679472,0.0,0.2974717802488976,0.0,0.2927844895208426,0.2948738877871195,0.0,0.3849978199316732,0.0,0.3658525086915419,0.3086761377255439,0.3618904061054331,0.0,0.3943114709771677,0.3382548340011705,0.0,0.3428319839466828,0.3562642802386178,0.3522067491141066,0.3678103635568767,0.3512245800332362,0.0,0.344449559976118,0.3400401239291725,0.0,0.3595239803761362,0.3815171644548794,0.2814507565051208,0.3225262334539495,0.0,0.0,0.0,0.0,0.0,0.0,0.0,0.0,0.0,0.0,0.4763304450971839,0.0,0.0,0.0,0.0,0.0,0.5025151183155999,0.0,0.0,0.0,0.0,0.0,0.0,0.0,0.0,0.0,0.0,0.0,0.0,0.0,0.384177132668889,0.0,0.0,0.0,0.4082991518710749,0.0,0.0,0.0,0.0
0.443800590476159,0.3797328360398425,0.3760178439057985,0.0,0.2899160399458401,0.3099595908735852,0.3178982438716378,0.0,0.3784885935010774,0.0,0.2535902324282026,0.0,0.3498320721843433,0.3422612405700886,0.2995376734214673,0.3980025370525414,0.0,0.385574249293696,0.3623793237274021,0.3618518390686365,0.2860127582088408,0.361014337397931,0.282354067867651,0.4510885866370958,0.3601380726799426,0.3907380969667412,0.355410461058493,0.3506262257116213,0.3056582772724422,0.3144635983765146,0.3477911302078492,0.3546972331855624,0.365429541387738,0.3564830623586993,0.3858889215668223,0.2598490525616497,0.3766539629710904,0.0,0.3253995173360589,0.0,0.0,0.0,0.1968293975681025,0.0,0.0,0.0,0.0,0.3722058523481435,0.0,0.0,0.3059574584237522,0.0,0.2219011983830697,0.3428941101937935,0.0,0.3043031702465659,0.0,0.0,0.3105677277611736,0.3663072749741206,0.0,0.0,0.0,0.2569306207905354,0.3425393787251458,0.1799726052718956,0.0,0.3172662441592141,0.0,0.0,0.0,0.3615414976366306,0.370948416117406,0.3586035356160253,0.0,0.3884538858890007
0.0,0.347974125260868,0.3147745247488517,0.3361778690648065,0.2924915988885314,0.311047410685335,0.3269175530679472,0.3784885935010774,0.0,0.0,0.2766259251775674,0.0,0.3343546386799992,0.315257310410738,0.0,0.3996477361909665,0.0,0.4862342710970032,0.2925417391064507,0.3295198744201237,0.0,0.3626494784744224,0.3532411899412818,0.0,0.0,0.3884588966328529,0.3447706529394583,0.3614619531042867,0.3335253432139601,0.0,0.3403995841214055,0.3424713339797395,0.0,0.3596790179485601,0.3663399081748112,0.3292389774948743,0.3514154577626017,0.0,0.0,0.0,0.0,0.0,0.381073072071156,0.0,0.0,0.0,0.0,0.4398737112766506,0.0,0.4717087999764107,0.3758151409713222,0.0,0.400156628116297,0.4446453707229974,0.0,0.4020368327385427,0.0,0.0,0.4124986025257476,0.0,0.0,0.0,0.0,0.4314915138805518,0.0,0.0,0.0,0.4005970422703493,0.0,0.0,0.0,0.4080963357685965,0.0,0.0,0.0,0.0
0.2795369382287651,0.0,0.0,0.0,0.0,0.3652347871243313,0.0,0.0,0.0,0.0,0.3522680785087518,0.2606717108090415,0.3613118249477499,0.0,0.0,0.2820539379196223,0.2394974097943355,0.2615333890196983,0.0,0.4021469335658413,0.0,0.3143428317327577,0.3945368375322239,0.2923520718821134,0.2660454642633209,0.2583612599775349,0.4028860416458539,0.3509337681513458,0.395843634106559,0.0,0.3032445713623607,0.2912408045401681,0.2535039998636867,0.289464857936038,0.2811379549275249,0.2967030438725938,0.2866525573382066,0.2414178737481228,0.3080656212906661,0.2841737532271743,0.269782945521382,0.2631430850149375,0.0,0.0,0.0,0.2356956011899551,0.0,0.0,0.0,0.0,0.0,0.0,0.0,0.0,0.3197935948284258,0.0,0.3270899733007706,0.0,0.0,0.0,0.0,0.3579830865122734,0.335435920730203,0.0,0.0,0.0,0.0,0.0,0.3370724047470986,0.3424112435415058,0.3507799054385893,0.0,0.2864692672078368,0.0,0.0,0.3077549599138073
0.0,0.0,0.2806390081223013,0.2736863488789106,0.2555844574404176,0.3108683623866102,0.2974717802488976,0.2535902324282026,0.2766259251775674,0.3522680785087518,0.0,0.0,0.3230416848769061,0.2542395047128643,0.0,0.0,0.0,0.0,0.2447976182620147,0.0,0.0,0.0,0.2685533280386209,0.0,0.0,0.0,0.3191837207174048,0.3306568646630604,0.0,0.0,0.2858557355442241,0.2976567663395247,0.0,0.3256892199424218,0.2912934893447014,0.2241611949826675,0.3193024570438643,0.0,0.0,0.0,0.0,0.0,0.2278161840583805,0.0,0.0,0.0,0.0,0.295382578632186,0.0,0.0,0.0,0.0,0.2902070933734104,0.3359358069254315,0.0,0.1710274797639908,0.0,0.0,0.2650738486687906,0.0,0.0,0.0,0.0,0.1369567931200115,0.0,0.0,0.0,0.3725428970564666,0.0,0.0,0.0,0.3822139555629781,0.0,0.0,0.0,0.0
0.0,0.0,0.0,0.0,0.0,0.0,0.0,0.0,0.0,0.2606717108090415,0.0,0.0,0.0,0.0,0.0,0.0,0.2562937495230132,0.2527266256207172,0.0,0.0,0.0,0.0,0.0,0.2669415779093367,0.2689763217073385,0.2906171816909271,0.0,0.0,0.0,0.0,0.3111180833771714,0.2800887377183936,0.2462299366512943,0.2560948995305574,0.2788123924533212,0.22146142791113,0.3015289873351903,0.2418818771900185,0.0,0.2941215796285155,0.2899922611968873,0.0,0.0,0.0,0.0,0.0,0.0,0.0,0.0,0.0,0.0,0.0,0.0,0.0,0.3242062430414152,0.0,0.3217783574482261,0.0,0.0,0.0,0.0,0.0,0.0,0.0,0.0,0.0,0.0,0.0,0.3438957229811492,0.3677419786989502,0.3607016771255167,0.0,0.0,0.0,0.0,0.3520269299252588
0.4251664037419371,0.3469994526674774,0.3734058830300993,0.345072668388477,0.348781618541019,0.3244228903124213,0.2927844895208426,0.3498320721843433,0.3343546386799992,0.3613118249477499,0.3230416848769061,0.0,0.0,0.0,0.3338585670929999,0.389219543991845,0.0,0.3640195272913079,0.3280485588363341,0.3576742644782199,0.367134025769149,0.3953710103412587,0.354450078434813,0.0,0.318834035631851,0.3416877183457302,0.365877672032758,0.3217090650480549,0.3177827140403735,0.2967500325959746,0.3593763782731399,0.3517793320199364,0.0,0.36448977429581,0.3673600862370235,0.3292500465183184,0.346277144450488,0.0,0.4006440780650513,0.0,0.0,0.0,0.0,0.0,0.0,0.0,0.0,0.0,0.0,0.0,0.4007410666464543,0.0,0.0,0.0,0.0,0.0,0.0,0.0,0.0,0.0,0.0,0.0,0.0,0.0,0.0,0.0,0.0,0.3902472994828591,0.0,0.0,0.0,0.3944214864790394,0.0,0.0,0.0,0.0
0.0,0.0,0.368164314376704,0.2938721167659345,0.2805222018663541,0.3003967444356712,0.2948738877871195,0.3422612405700886,0.315257310410738,0.0,0.2542395047128643,0.0,0.0,0.0,0.0,0.0,0.0,0.0,0.3249695057841349,0.0,0.3738137940222462,0.0,0.3149203438241769,0.0,0.0,0.0,0.3581143239383845,0.0,0.0,0.0,0.0,0.2469098378350871,0.0,0.0,0.0,0.21767785892309,0.2273636174388648,0.0,0.0,0.0,0.0,0.0,0.201756481591734,0.0,0.0,0.0,0.0,0.3874702011352386,0.0,0.0,0.0,0.0,0.0,0.3469342955962364,0.0,0.303058493763373,0.0,0.0,0.0,0.0,0.0,0.0,0.0,0.0,0.0,0.0,0.0,0.3384665211372921,0.0,0.0,0.0,0.3591386009985341,0.0,0.0,0.0,0.0
0.3207359524471144,0.3387196554488618,0.0,0.0,0.0,0.3530358776842233,0.0,0.2995376734214673,0.0,0.0,0.0,0.0,0.3338585670929999,0.0,0.0,0.3596732284305619,0.0,0.311706297756366,0.0,0.3273163496630332,0.3135377468573641,0.3388494408799221,0.3140388228586727,0.0,0.2784538980721713,0.3563957076189311,0.3758136078873996,0.3316840904277782,0.3448332509768552,0.0,0.3739362141440955,0.4176562918940255,0.3352865835193153,0.4035868540308435,0.458876064372952,0.4510059691404777,0.0,0.0,0.4108276077329992,0.396783340283944,0.4178799697697827,0.4368559023306808,0.0,0.0,0.0,0.0,0.3934198304032044,0.0,0.0,0.0,0.3701768915344355,0.0,0.3147480817002286,0.0,0.0,0.0,0.0,0.0,0.0,0.2976457446873748,0.4214890273120706,0.0,0.0,0.0,0.3636790892852934,0.3894496708363745,0.4205911158592051,0.3623495572267506,0.0,0.0,0.4326545533243026,0.3773420716676534,0.4022241200320533,0.3633807252406705,0.0,0.407177348389151
0.2905477760008957,0.3078615825068277,0.0,0.0,0.401869333641361,0.3809286553857186,0.3849978199316732,0.3980025370525414,0.3996477361909665,0.2820539379196223,0.0,0.0,0.389219543991845,0.0,0.3596732284305619,0.0,0.2842575471627886,0.2997315812709681,0.0,0.3613104087053028,0.2937094078557785,0.3360879041429394,0.3396785985532942,0.2580568879773591,0.2689682726051451,0.3104909443182262,0.3846669939969991,0.3856870164686904,0.3907367982979702,0.0,0.3111121693079078,0.3819052470893883,0.2871990220903959,0.3260561557779198,0.3811817738353548,0.0,0.0,0.0,0.3252130874661529,0.3078242114620966,0.3403079035579752,0.3648250173708391,0.0,0.0,0.0,0.2639203021935262,0.331167241987419,0.0,0.0,0.0,0.0,0.0,0.0,0.0,0.0,0.0,0.0,0.0,0.0,0.3999783561987444,0.3373305383264644,0.0,0.3071445236054806,0.0,0.4114108461307345,0.3702269399713367,0.3550436004387293,0.0,0.0,0.299156771933002,0.3291524611421336,0.0,0.0,0.0,0.0,0.3435050026694027
0.2505599492032609,0.0,0.0,0.0,0.0,0.6301057849429492,0.0,0.0,0.0,0.2394974097943355,0.0,0.2562937495230132,0.0,0.0,0.0,0.2842575471627886,0.0,0.2655719478031563,0.0,0.379706717855725,0.0,0.3275212660046351,0.0,0.249439157154544,0.245845307991576,0.2401339820777428,0.0,0.0,0.0,0.0,0.2464246796341724,0.3754360965589042,0.24337859907324,0.2801802346890563,0.292407354993254,0.0,0.0,0.0,0.0,0.2764392274892108,0.0,0.0,0.0,0.0,0.0,0.0,0.0,0.0,0.0,0.0,0.0,0.0,0.0,0.0,0.3272957325722758,0.0,0.3525030974433807,0.0,0.0,0.0,0.0,0.3332440532132871,0.3150344765352225,0.0,0.0,0.0,0.0,0.0,0.3426197856645543,0.2823401179926417,0.3227935435078828,0.0,0.0,0.0,0.0,0.0
0.2621433111575946,0.2768801833725915,0.0,0.0,0.0,0.3504781671777925,0.3658525086915419,0.385574249293696,0.4862342710970032,0.2615333890196983,0.0,0.2527266256207172,0.3640195272913079,0.0,0.311706297756366,0.2997315812709681,0.2655719478031563,0.0,0.0,0.3322183030683223,0.2804862750855298,0.3180536932317651,0.3472088223855327,0.2369357035098147,0.2621668133130083,0.2598143355191271,0.3511068221717567,0.3517016039133613,0.3479578753952791,0.0,0.2674880192501978,0.3629343310811445,0.2318277886928808,0.2793130500127078,0.3237030997262208,0.0,0.0,0.0,0.1814133565221408,0.2192826778870619,0.2071721867018755,0.301290377900499,0.0,0.0,0.0,0.2786342411343666,0.2888489790710746,0.0,0.0,0.0,0.0,0.0,0.0,0.0,0.3078380363954889,0.0,0.3479213754338064,0.0,0.0,0.0,0.2913022869552035,0.3188687803914958,0.2750206089392739,0.0,0.0,0.0,0.3182418785777509,0.0,0.3091156038928988,0.2777243650256645,0.2984275318003789,0.0,0.0,0.0,0.0,0.3021385060152231
0.0,0.0,0.2915304630689617,0.0,0.2645904771338864,0.3323033048970703,0.3086761377255439,0.3623793237274021,0.2925417391064507,0.0,0.2447976182620147,0.0,0.3280485588363341,0.3249695057841349,0.0,0.0,0.0,0.0,0.0,0.0,0.0,0.0,0.3752481494538672,0.0,0.0,0.0,0.3885009682878171,0.335076456572218,0.0,0.0,0.3439837504742499,0.3257644030634837,0.0,0.3613343343435615,0.3360611803866311,0.3063425798566517,0.3416933745423239,0.0,0.0,0.0,0.0,0.0,0.3467504999405709,0.0,0.0,0.0,0.0,0.2806311274311269,0.0,0.4504888586063829,0.0,0.0,0.4002359069938083,0.4099519117780741,0.0,0.2234881808302053,0.0,0.0,0.3809859186429587,0.0,0.0,0.0,0.0,0.4092861644500139,0.0,0.0,0.0,0.4271908503149888,0.0,0.0,0.0,0.4565584975366188,0.0,0.0,0.0,0.0
0.3394497486275978,0.3356143504999245,0.0,0.0,0.3165548198123578,0.3528413199993631,0.3618904061054331,0.3618518390686365,0.3295198744201237,0.4021469335658413,0.0,0.0,0.3576742644782199,0.0,0.3273163496630332,0.3613104087053028,0.379706717855725,0.3322183030683223,0.0,0.0,0.3394962026160755,0.3084219204791887,0.304098896529518,0.0,0.3082150694858941,0.3402345307119831,0.3124260511510107,0.296334743449253,0.2898891982608805,0.2357166432500363,0.3246128306335341,0.4152935514346519,0.3251439979403244,0.3893697513032933,0.4455178140246203,0.4565492006526911,0.4478893854422836,0.0,0.4008547016210936,0.4056705573925774,0.4154582183271727,0.4341871284265725,0.0,0.0,0.0,0.0,0.4031490799976168,0.0,0.0,0.0,0.4088045240955339,0.0,0.3846998353067634,0.0,0.0,0.0,0.0,0.4777502487763603,0.0,0.3951378257845518,0.0,0.0,0.0,0.0,0.3965340533874099,0.3946864912486556,0.4025864715378989,0.3964069267379014,0.0,0.0,0.4136784681664292,0.3819923456895446,0.4159741723377376,0.3981101271868487,0.0,0.4210859031315073
0.3612791051208745,0.2972107282341254,0.0,0.0,0.0,0.3437896465234428,0.0,0.2860127582088408,0.0,0.0,0.0,0.0,0.367134025769149,0.3738137940222462,0.3135377468573641,0.2937094078557785,0.0,0.2804862750855298,0.0,0.3394962026160755,0.0,0.3507678068144838,0.3132207971923743,0.442327133648109,0.2794888878626265,0.3202223841201573,0.3610398369420657,0.3476976182345299,0.3380240915523978,0.0,0.317458032520892,0.390410563492627,0.2729869287679028,0.3432519188505868,0.4099063624064213,0.0,0.0,0.0,0.3722980029304364,0.350788710941663,0.3893227034772358,0.398513402224649,0.0,0.0,0.0,0.3129767759268477,0.3485251789840988,0.0,0.0,0.0,0.2978727392677004,0.0,0.1994068073414623,0.0,0.0,0.0,0.0,0.0,0.0,0.3666442210885979,0.3722294542046364,0.0,0.0,0.0,0.3765334644134745,0.2841608294745467,0.3806344872147215,0.3064494616822557,0.0,0.0,0.3695837083376474,0.3472360420639246,0.3556316504382473,0.266879987751953,0.0,0.0
0.2780741674738149,0.3096586480457853,0.0,0.0,0.3545338563817015,0.3748299185356541,0.3943114709771677,0.361014337397931,0.3626494784744224,0.3143428317327577,0.0,0.0,0.3953710103412587,0.0,0.3388494408799221,0.3360879041429394,0.3275212660046351,0.3180536932317651,0.0,0.3084219204791887,0.3507678068144838,0.0,0.3529354282066464,0.0,0.3015777829610233,0.332354322995678,0.3761653016608521,0.3640434868135468,0.3679937245380033,0.307982088592441,0.3512337558635318,0.4414062073350847,0.3263040997104375,0.4024833268707296,0.4631327422758739,0.4644977138431654,0.4482329366748191,0.0,0.4123341182087789,0.3747335907380135,0.3854418685506643,0.4081889019877847,0.0,0.0,0.0,0.348642115031427,0.3663483695214355,0.0,0.0,0.0,0.3803635672249402,0.0,0.0,0.0,0.0,0.0,0.0,0.0,0.0,0.3495295771231053,0.3737606890969341,0.0,0.0,0.0,0.4013227714627711,0.3996330905083538,0.4016737569773284,0.3951708484394173,0.0,0.0,0.4017058849616091,0.3982759498936127,0.0,0.3891630623048906,0.0,0.3844818060045988
0.4103553099568917,0.3454560284033009,0.3414623487737238,0.3538971506522891,0.3139004017176816,0.3367275813970135,0.3382548340011705,0.282354067867651,0.3532411899412818,0.3945368375322239,0.2685533280386209,0.0,0.354450078434813,0.3149203438241769,0.3140388228586727,0.3396785985532942,0.0,0.3472088223855327,0.3752481494538672,0.304098896529518,0.3132207971923743,0.3529354282066464,0.0,0.4413336222993584,0.3428939626939987,0.3500060137059848,0.3171485747346687,0.3618723046554323,0.3348411578237334,0.3452963335551174,0.3697554592245421,0.3685116000123609,0.327055837283929,0.3929394141619948,0.4173688012920338,0.3211852030554626,0.3878414904812435,0.0,0.3950676630388058,0.3426921491831426,0.3865402390272738,0.3808091969777006,0.2727638231219348,0.4662939244073847,0.0,0.0,0.0,0.3794229402627169,0.0,0.4197315039295088,0.3787771131385987,0.3869298028142335,0.3588561233609759,0.3524404332723049,0.0,0.3054162019406856,0.0,0.3854344398123447,0.3141056489470404,0.3496274846849762,0.0,0.0,0.0,0.3434386116624303,0.3884836303375179,0.3650317086997054,0.4033359579145891,0.3825869500846914,0.0,0.0,0.412956661125904,0.3985001132350729,0.3903389585925801,0.3822939073347517,0.376269571099367,0.395932477924669
0.3532467627314691,0.0,0.0,0.0,0.0,0.0,0.0,0.4510885866370958,0.0,0.2923520718821134,0.0,0.2669415779093367,0.0,0.0,0.0,0.2580568879773591,0.249439157154544,0.2369357035098147,0.0,0.0,0.442327133648109,0.0,0.4413336222993584,0.0,0.2500898721107026,0.2703935994049101,0.0,0.0,0.0,0.0,0.2830729925688937,0.2856791984752905,0.2285500912482144,0.256701162973074,0.2735936944168409,0.0,0.3041632214919493,0.238527847404402,0.2834327391583649,0.2543744910362276,0.2626821628987144,0.0,0.0,0.0,0.0,0.2643076933442603,0.0,0.0,0.0,0.0,0.0,0.0,0.0,0.0,0.30120196502319,0.0,0.3094031479656605,0.0,0.0,0.0,0.3290970248878013,0.0,0.3011220204105033,0.0,0.0,0.0,0.0,0.0,0.3137100558882482,0.3069980010745061,0.3216551889183011,0.0,0.0,0.0,0.0,0.2603723995467402
0.2511000764895688,0.271645434164914,0.0,0.0,0.0,0.3073026352452169,0.3428319839466828,0.3601380726799426,0.0,0.2660454642633209,0.0,0.2689763217073385,0.318834035631851,0.0,0.2784538980721713,0.2689682726051451,0.245845307991576,0.2621668133130083,0.0,0.3082150694858941,0.2794888878626265,0.3015777829610233,0.3428939626939987,0.2500898721107026,0.0,0.2612185821963296,0.3239921671142256,0.3056696764180336,0.319327654338533,0.0,0.2556823331300201,0.3367778879045021,0.2031796283478602,0.2589557268887888,0.280013537321012,0.0,0.0,0.2302835786568456,0.2549637250305099,0.2726901961603425,0.2482455733367597,0.2614383990334176,0.0,0.0,0.0,0.270067628976155,0.2389369484436955,0.0,0.0,0.0,0.0,0.0,0.0,0.0,0.3196090560969699,0.0,0.3369413692723488,0.0,0.0,0.0,0.2959364557792079,0.3210534749380804,0.2778510091266661,0.0,0.3239756298510107,0.3271056417184602,0.3247306893668807,0.4289954985498565,0.3002487407098109,0.2825851486428176,0.3010156425215235,0.0,0.0,0.3674211286890957,0.0,0.303056159947316
0.2915383174120361,0.302101206552634,0.0,0.0,0.0,0.3310874566956877,0.3562642802386178,0.3907380969667412,0.3884588966328529,0.2583612599775349,0.0,0.2906171816909271,0.3416877183457302,0.0,0.3563957076189311,0.3104909443182262,0.2401339820777428,0.2598143355191271,0.0,0.3402345307119831,0.3202223841201573,0.332354322995678,0.3500060137059848,0.2703935994049101,0.2612185821963296,0.0,0.3574272389097701,0.3426449591431541,0.3393593470963875,0.0,0.284512115012267,0.3665187052403755,0.2333149127938281,0.2829206000924288,0.3347756263237941,0.0,0.0,0.2495568382547708,0.3486308023237532,0.3040976562637012,0.3222927877079949,0.3161544834274243,0.0,0.0,0.0,0.2907950992922697,0.3127849082298699,0.0,0.0,0.0,0.395999838790307,0.0,0.0,0.0,0.3470695101646633,0.0,0.3539554243936389,0.0,0.0,0.4056299461500098,0.3251460508472663,0.31798508255377,0.3018038471239661,0.0,0.3852562878874992,0.3635724176141547,0.3713290110667326,0.3987806457831616,0.3339458523984099,0.3132106020431248,0.3381632936746197,0.383561244775736,0.0,0.3848017379378137,0.0,0.3162418143126062
0.3819709646674679,0.3537716355957623,0.3513494642979052,0.3692879120651286,0.3311007931511118,0.3242255823426371,0.3522067491141066,0.355410461058493,0.3447706529394583,0.4028860416458539,0.3191837207174048,0.0,0.365877672032758,0.3581143239383845,0.3758136078873996,0.3846669939969991,0.0,0.3511068221717567,0.3885009682878171,0.3124260511510107,0.3610398369420657,0.3761653016608521,0.3171485747346687,0.0,0.3239921671142256,0.3574272389097701,0.0,0.3618483497724888,0.312156913277867,0.3383702821563791,0.3645640959713564,0.3786472924804832,0.3488420055138358,0.3881702466912768,0.4220776516035975,0.3643357531153254,0.3875004453429762,0.0,0.4051058786520936,0.0,0.4136361332976837,0.0,0.3245814218186722,0.0,0.0,0.0,0.0,0.4272911157338911,0.0,0.4590091526595511,0.387692984469739,0.4210453306362215,0.4200181440060672,0.4051454073140388,0.0,0.3869387119661986,0.0,0.4058631008830646,0.4087258468121619,0.4090704096006319,0.0,0.0,0.0,0.4316299385047681,0.4113458279266305,0.0,0.4137106225975929,0.4124198715062919,0.0,0.0,0.4094523493164797,0.4055505751089273,0.4051720072029517,0.4050286134957106,0.0,0.4212671068192108
0.385100040638862,0.3438354058583448,0.3859130555949112,0.2981512793909306,0.3450151853878481,0.3305389438943645,0.3678103635568767,0.3506262257116213,0.3614619531042867,0.3509337681513458,0.3306568646630604,0.0,0.3217090650480549,0.0,0.3316840904277782,0.3856870164686904,0.0,0.3517016039133613,0.335076456572218,0.296334743449253,0.3476976182345299,0.3640434868135468,0.3618723046554323,0.0,0.3056696764180336,0.3426449591431541,0.3618483497724888,0.0,0.2838604996409632,0.2648822579565267,0.334228877560807,0.3478426666611621,0.0,0.3601831415062133,0.3543337844085054,0.2650315846140498,0.3128609616602769,0.0,0.3806489106077608,0.0,0.4129708735740033,0.0,0.0,0.0,0.0,0.0,0.0,0.0,0.0,0.0,0.3904702201676316,0.0,0.3808424695149237,0.0,0.0,0.0,0.0,0.0,0.0,0.0,0.0,0.0,0.0,0.0,0.4029719331689837,0.0,0.0,0.393954749049877,0.0,0.0,0.0,0.3846755034073125,0.4109806439736122,0.3829748732597378,0.0,0.4229340168725349
0.3770926681819896,0.3486543242631293,0.0,0.0,0.3292741846993671,0.3146906835451583,0.3512245800332362,0.3056582772724422,0.3335253432139601,0.395843634106559,0.0,0.0,0.3177827140403735,0.0,0.3448332509768552,0.3907367982979702,0.0,0.3479578753952791,0.0,0.2898891982608805,0.3380240915523978,0.3679937245380033,0.3348411578237334,0.0,0.319327654338533,0.3393593470963875,0.312156913277867,0.2838604996409632,0.0,0.2574919469602182,0.3114354153999921,0.3905927222056612,0.3190228798523523,0.357543344726534,0.4068475798783976,0.3470028892527633,0.3838747387549246,0.0,0.3832066153960724,0.0,0.4157652607374146,0.0,0.0,0.0,0.0,0.0,0.0,0.0,0.0,0.0,0.3857450249489146,0.0,0.0,0.0,0.0,0.0,0.0,0.0,0.0,0.3645253845269545,0.0,0.0,0.0,0.0,0.3947984308206823,0.0,0.4004644546368313,0.3731362121260218,0.0,0.0,0.0,0.3680178551773391,0.396419450557071,0.375529036013096,0.0,0.4051446081023619
0.0,0.0,0.0,0.0,0.0,0.3152458836810383,0.0,0.3144635983765146,0.0,0.0,0.0,0.0,0.2967500325959746,0.0,0.0,0.0,0.0,0.0,0.0,0.2357166432500363,0.0,0.307982088592441,0.3452963335551174,0.0,0.0,0.0,0.3383702821563791,0.2648822579565267,0.2574919469602182,0.0,0.2816951510198101,0.448006218763841,0.0,0.3220520112033381,0.3423724644209386,0.0,0.0,0.0,0.0,0.0,0.0,0.0,0.0,0.0,0.0,0.0,0.0,0.0,0.0,0.0,0.0,0.0,0.0,0.0,0.0,0.0,0.0,0.0,0.0,0.0,0.0,0.0,0.0,0.0,0.0,0.0,0.0,0.3909755160027152,0.0,0.0,0.0,0.3924859572705643,0.0,0.0,0.0,0.0
0.2634972437677175,0.2972064268119619,0.3843785802908924,0.3026635526336899,0.322097309920047,0.3512419242113056,0.344449559976118,0.3477911302078492,0.3403995841214055,0.3032445713623607,0.2858557355442241,0.3111180833771714,0.3593763782731399,0.0,0.3739362141440955,0.3111121693079078,0.2464246796341724,0.2674880192501978,0.3439837504742499,0.3246128306335341,0.317458032520892,0.3512337558635318,0.3697554592245421,0.2830729925688937,0.2556823331300201,0.284512115012267,0.3645640959713564,0.334228877560807,0.3114354153999921,0.2816951510198101,0.0,0.3907241333454576,0.3113217368507878,0.3116972750512597,0.2745330233841258,0.3087354311114936,0.3412799313103534,0.3032505767618972,0.3744328106704984,0.248810090823674,0.333720637814008,0.0,0.0,0.0,0.0,0.0,0.2840423078824282,0.0,0.0,0.0,0.40123794180607,0.0,0.3544182006631415,0.0,0.3456804766641381,0.0,0.3292980495983771,0.0,0.0,0.3599122864562227,0.2786013771895564,0.0,0.3086900412055202,0.0,0.394604687288743,0.3667990536031095,0.3847135833507822,0.3758035173066063,0.2958360324253128,0.3048660257233535,0.2941047925783648,0.3965438800281077,0.4310475641013463,0.3992371749349375,0.0,0.3465871991640346
0.3608540061221306,0.3526652116116123,0.3681259533031072,0.239680114567259,0.3162683194710137,0.3630704865608133,0.3400401239291725,0.3546972331855624,0.3424713339797395,0.2912408045401681,0.2976567663395247,0.2800887377183936,0.3517793320199364,0.2469098378350871,0.4176562918940255,0.3819052470893883,0.3754360965589042,0.3629343310811445,0.3257644030634837,0.4152935514346519,0.390410563492627,0.4414062073350847,0.3685116000123609,0.2856791984752905,0.3367778879045021,0.3665187052403755,0.3786472924804832,0.3478426666611621,0.3905927222056612,0.448006218763841,0.3907241333454576,0.0,0.3433995209976642,0.3415397552975707,0.3746005324917042,0.2138693073725019,0.2751390705263857,0.2569480959209541,0.336076444845215,0.3476042837476667,0.4048139365464798,0.3916179125655024,0.0,0.0,0.2976894435956908,0.3884290000512694,0.3777158457172264,0.4436101634299287,0.0,0.0,0.3571320394699476,0.0,0.3756079831167812,0.4432347055049968,0.0,0.0,0.0,0.4001493335069465,0.0,0.418999914880257,0.387792683281687,0.0,0.3565755245594215,0.0,0.4090269499338318,0.405165823819305,0.4238633217722303,0.38256242331732,0.0,0.3564058534247415,0.3922218702168398,0.3710462007939609,0.3831395863665028,0.369869931974792,0.0,0.3656470162729824
0.2489712010010951,0.2601424296645837,0.0,0.0,0.0,0.0,0.0,0.365429541387738,0.0,0.2535039998636867,0.0,0.2462299366512943,0.0,0.0,0.3352865835193153,0.2871990220903959,0.24337859907324,0.2318277886928808,0.0,0.3251439979403244,0.2729869287679028,0.3263040997104375,0.327055837283929,0.2285500912482144,0.2031796283478602,0.2333149127938281,0.3488420055138358,0.0,0.3190228798523523,0.0,0.3113217368507878,0.3433995209976642,0.0,0.2429368972820103,0.3247089419102842,0.0,0.2491731512741266,0.2183833169795913,0.338185213307505,0.2715993115647915,0.2800072199549912,0.3347774832405706,0.0,0.0,0.0,0.2446901033562281,0.321935439159044,0.0,0.0,0.0,0.0,0.0,0.0,0.0,0.282261928657968,0.0,0.2867448163902327,0.0,0.0,0.3961919191160082,0.3202286711104445,0.3139481549833338,0.3059948481051188,0.0,0.3858068544208227,0.3615543000474727,0.3762913105911749,0.3466355506565163,0.2695835700627713,0.2971490754884548,0.3234749785314873,0.3170428156511261,0.0,0.0,0.0,0.2904465385962029
0.2966721552663063,0.3025503388705297,0.395262257463936,0.2975324419340017,0.3382381935008223,0.3648245029766434,0.3595239803761362,0.3564830623586993,0.3596790179485601,0.289464857936038,0.3256892199424218,0.2560948995305574,0.36448977429581,0.0,0.4035868540308435,0.3260561557779198,0.2801802346890563,0.2793130500127078,0.3613343343435615,0.3893697513032933,0.3432519188505868,0.4024833268707296,0.3929394141619948,0.256701162973074,0.2589557268887888,0.2829206000924288,0.3881702466912768,0.3601831415062133,0.357543344726534,0.3220520112033381,0.3116972750512597,0.3415397552975707,0.2429368972820103,0.0,0.2806062530352641,0.3346804149384549,0.3513923877364985,0.2458663934296822,0.3869096007596947,0.2919664338671416,0.2953532256607101,0.3589309498729337,0.0,0.0,0.0,0.3009604960555662,0.3335119316493016,0.0,0.0,0.0,0.4109050630231001,0.0,0.3992237629647827,0.0,0.2975712020427349,0.0,0.300847869275882,0.0,0.0,0.4190654112368749,0.3359799783419784,0.3355996365555702,0.3172180848475837,0.0,0.3951701848076521,0.4010088602045261,0.4000074605881841,0.391467579322813,0.3040595985290672,0.311792557006372,0.3392218022425096,0.3901430382807298,0.4119480422362587,0.4153785849146122,0.0,0.3379992523389938
0.3326886430601425,0.3137747927789449,0.3883369148544646,0.2907556439653465,0.3028866702361678,0.3799911130079431,0.3815171644548794,0.3858889215668223,0.3663399081748112,0.2811379549275249,0.2912934893447014,0.2788123924533212,0.3673600862370235,0.0,0.458876064372952,0.3811817738353548,0.292407354993254,0.3237030997262208,0.3360611803866311,0.4455178140246203,0.4099063624064213,0.4631327422758739,0.4173688012920338,0.2735936944168409,0.280013537321012,0.3347756263237941,0.4220776516035975,0.3543337844085054,0.4068475798783976,0.3423724644209386,0.2745330233841258,0.3746005324917042,0.3247089419102842,0.2806062530352641,0.0,0.3175889887826036,0.3218949835971108,0.249870277774405,0.4600334643419053,0.342910815224535,0.3693724468913653,0.4155338906073945,0.0,0.0,0.0,0.0,0.3176560473622709,0.0,0.0,0.0,0.4623631151786391,0.0,0.0,0.0,0.0,0.0,0.0,0.0,0.0,0.4524459292829011,0.3746143430923253,0.0,0.0,0.0,0.4524379527456377,0.0,0.4342342689513743,0.4229609646239304,0.0,0.3323203423506971,0.3875768445825845,0.4077255966522022,0.0,0.0,0.0,0.0
0.0,0.0,0.3515488982460557,0.211902108240128,0.2042811190981784,0.336638965355678,0.2814507565051208,0.2598490525616497,0.3292389774948743,0.2967030438725938,0.2241611949826675,0.22146142791113,0.3292500465183184,0.21767785892309,0.4510059691404777,0.0,0.0,0.0,0.3063425798566517,0.4565492006526911,0.0,0.4644977138431654,0.3211852030554626,0.0,0.0,0.0,0.3643357531153254,0.2650315846140498,0.3470028892527633,0.0,0.3087354311114936,0.2138693073725019,0.0,0.3346804149384549,0.3175889887826036,0.0,0.2028111304056249,0.0,0.0,0.0,0.0,0.0,0.1310340923325645,0.0,0.0,0.0,0.0,0.3394518855283102,0.0,0.0,0.3918416261104021,0.0,0.2433615319842647,0.322173483252895,0.0,0.2326560787459937,0.0,0.0,0.0,0.0,0.0,0.0,0.0,0.2742904164175537,0.0,0.0,0.0,0.3798871674058989,0.0,0.0,0.0,0.3911919232624416,0.0,0.0,0.0,0.0
0.0,0.0,0.3862089900090741,0.2237992544207295,0.325537599428004,0.3500450784097412,0.3225262334539495,0.3766539629710904,0.3514154577626017,0.2866525573382066,0.3193024570438643,0.3015289873351903,0.346277144450488,0.2273636174388648,0.0,0.0,0.0,0.0,0.3416933745423239,0.4478893854422836,0.0,0.4482329366748191,0.3878414904812435,0.3041632214919493,0.0,0.0,0.3875004453429762,0.3128609616602769,0.3838747387549246,0.0,0.3412799313103534,0.2751390705263857,0.2491731512741266,0.3513923877364985,0.3218949835971108,0.2028111304056249,0.0,0.295112107156311,0.4413361961060418,0.0,0.0,0.0,0.0,0.0,0.0,0.0,0.0,0.0,0.0,0.0,0.0,0.0,0.0,0.0,0.0,0.0,0.0,0.0,0.0,0.0,0.0,0.0,0.0,0.0,0.0,0.0,0.0,0.501713357111664,0.0,0.0,0.0,0.0,0.0,0.0,0.0,0.0
0.0,0.0,0.0,0.0,0.0,0.0,0.0,0.0,0.0,0.2414178737481228,0.0,0.2418818771900185,0.0,0.0,0.0,0.0,0.0,0.0,0.0,0.0,0.0,0.0,0.0,0.238527847404402,0.2302835786568456,0.2495568382547708,0.0,0.0,0.0,0.0,0.3032505767618972,0.2569480959209541,0.2183833169795913,0.2458663934296822,0.249870277774405,0.0,0.295112107156311,0.0,0.0,0.0,0.0,0.0,0.0,0.0,0.0,0.0,0.0,0.0,0.0,0.0,0.0,0.0,0.0,0.0,0.0,0.0,0.0,0.0,0.0,0.0,0.0,0.0,0.0,0.0,0.0,0.0,0.0,0.0,0.0,0.0,0.0,0.0,0.0,0.0,0.0,0.0
0.3262849589939613,0.360679714226101,0.0,0.0,0.0,0.3517340494952027,0.0,0.3253995173360589,0.0,0.3080656212906661,0.0,0.0,0.4006440780650513,0.0,0.4108276077329992,0.3252130874661529,0.0,0.1814133565221408,0.0,0.4008547016210936,0.3722980029304364,0.4123341182087789,0.3950676630388058,0.2834327391583649,0.2549637250305099,0.3486308023237532,0.4051058786520936,0.3806489106077608,0.3832066153960724,0.0,0.3744328106704984,0.336076444845215,0.338185213307505,0.3869096007596947,0.4600334643419053,0.0,0.4413361961060418,0.0,0.0,0.3070810368975202,0.3498647645398124,0.3399047336642458,0.2429987565912607,0.2809799827804124,0.2831972169704553,0.3604491185877078,0.3679428787080221,0.2920506940172319,0.2850816044309762,0.3216090972708017,0.3210094566143059,0.3422538677499518,0.3341377454227499,0.2795732765406564,0.3010840927440036,0.3062903296866194,0.2709707564223917,0.3330002569300012,0.0,0.4059374508216113,0.3723495047849336,0.270723442189479,0.3280581246795224,0.2615411383657394,0.4198833649632397,0.3770917082512325,0.414243845954863,0.3377279007661918,0.292841165098702,0.3176648447962993,0.3525898774109616,0.3627782357209492,0.3179563081572639,0.3924484721525745,0.297137649060599,0.3251900979906705
0.2677810714611334,0.2962308528226294,0.0,0.0,0.0,0.0,0.0,0.0,0.0,0.2841737532271743,0.0,0.2941215796285155,0.0,0.0,0.396783340283944,0.3078242114620966,0.2764392274892108,0.2192826778870619,0.0,0.4056705573925774,0.350788710941663,0.3747335907380135,0.3426921491831426,0.2543744910362276,0.2726901961603425,0.3040976562637012,0.0,0.0,0.0,0.0,0.248810090823674,0.3476042837476667,0.2715993115647915,0.2919664338671416,0.342910815224535,0.0,0.0,0.0,0.3070810368975202,0.0,0.1974957075431511,0.2412382640842149,0.0,0.242325189779602,0.2358755430754701,0.2344599665890905,0.2585438022162888,0.0,0.0,0.0,0.3093315995522985,0.0,0.0,0.0,0.2283154413223079,0.0,0.2294330007801535,0.321390524527639,0.0,0.3269170628381779,0.2824033260301914,0.2329405854395045,0.236697566978954,0.0,0.3295067142868405,0.3012042722879188,0.3145151836834656,0.3293839414480259,0.2033330202892346,0.2148765899708964,0.2555739276734348,0.3227223171255506,0.2834076495784013,0.3050472944199122,0.0,0.2613596683854381
0.3100160415229022,0.2984373783011682,0.0,0.0,0.0,0.3913994315778739,0.0,0.0,0.0,0.269782945521382,0.0,0.2899922611968873,0.0,0.0,0.4178799697697827,0.3403079035579752,0.0,0.2071721867018755,0.0,0.4154582183271727,0.3893227034772358,0.3854418685506643,0.3865402390272738,0.2626821628987144,0.2482455733367597,0.3222927877079949,0.4136361332976837,0.4129708735740033,0.4157652607374146,0.0,0.333720637814008,0.4048139365464798,0.2800072199549912,0.2953532256607101,0.3693724468913653,0.0,0.0,0.0,0.3498647645398124,0.1974957075431511,0.0,0.2714336599036594,0.3485493826492265,0.272682832183405,0.2220823919618542,0.3089268939647884,0.3223785723956773,0.3230478488133161,0.2023761874457386,0.3518660951571119,0.3412736636866254,0.3496172694497852,0.3398729316556866,0.3298461635700558,0.2731093734770726,0.3394794101637228,0.2470547588366984,0.3390052318996435,0.0,0.3890129726364985,0.3227046711904696,0.283553567939088,0.3013601527709977,0.296733490950321,0.3784437389361792,0.3646318609805729,0.3575335810628484,0.3492101787162815,0.2340513823720186,0.2837464997248679,0.3115376019425318,0.3699517405824557,0.3223872079608552,0.3446763076339121,0.2704435215316779,0.2933855227925924
0.0,0.3690043598338381,0.0,0.0,0.0,0.0,0.0,0.0,0.0,0.2631430850149375,0.0,0.0,0.0,0.0,0.4368559023306808,0.3648250173708391,0.0,0.301290377900499,0.0,0.4341871284265725,0.398513402224649,0.4081889019877847,0.3808091969777006,0.0,0.2614383990334176,0.3161544834274243,0.0,0.0,0.0,0.0,0.0,0.3916179125655024,0.3347774832405706,0.3589309498729337,0.4155338906073945,0.0,0.0,0.0,0.3399047336642458,0.2412382640842149,0.2714336599036594,0.0,0.2096162877323644,0.1866637306412165,0.2509126527964309,0.3632105878922964,0.3409828963848466,0.0,0.1353514489421981,0.0,0.3454487195324802,0.3632282617327367,0.0,0.3446965786221561,0.2681778080973293,0.0,0.2462402314286165,0.3447287619859658,0.0,0.4112437935007873,0.3513108015816518,0.2390684739459093,0.3098387526543167,0.0,0.4193228153076254,0.4129190335812528,0.4034787064335643,0.3478393017464963,0.1878488518799699,0.2990943385928658,0.351832518909316,0.3823145948798334,0.2929195141001159,0.3813549235153799,0.2533567628048888,0.3055134476448243
0.0,0.0,0.3216935515514683,0.0,0.230395555389209,0.0,0.0,0.1968293975681025,0.381073072071156,0.0,0.2278161840583805,0.0,0.0,0.201756481591734,0.0,0.0,0.0,0.0,0.3467504999405709,0.0,0.0,0.0,0.2727638231219348,0.0,0.0,0.0,0.3245814218186722,0.0,0.0,0.0,0.0,0.0,0.0,0.0,0.0,0.1310340923325645,0.0,0.0,0.2429987565912607,0.0,0.3485493826492265,0.2096162877323644,0.0,0.1839218065871547,0.2950885287657381,0.0,0.0,0.3107343073191315,0.1995758021172193,0.2415450872894207,0.3124549820471349,0.271411061066208,0.1986030507723473,0.3102143447876151,0.3320112119990858,0.2459998250023473,0.0,0.3007764229485311,0.1999058578997471,0.0,0.0,0.0,0.0,0.2674769526404727,0.4544343634026574,0.0,0.0,0.3025360841272623,0.2912368947736841,0.0,0.329729233360812,0.3217689106238394,0.2837386015651345,0.0,0.0,0.3460199949976107
0.0,0.0,0.0,0.0,0.0,0.0,0.0,0.0,0.0,0.0,0.0,0.0,0.0,0.0,0.0,0.0,0.0,0.0,0.0,0.0,0.0,0.0,0.4662939244073847,0.0,0.0,0.0,0.0,0.0,0.0,0.0,0.0,0.0,0.0,0.0,0.0,0.0,0.0,0.0,0.2809799827804124,0.242325189779602,0.272682832183405,0.1866637306412165,0.1839218065871547,0.0,0.289104305207141,0.0,0.0,0.3341424121558011,0.2019348967147338,0.2658162820093751,0.2836997053122966,0.2549992130506115,0.3593918913919805,0.3237715766711198,0.288543685074589,0.3183806953876164,0.2622303066433177,0.2905067487272057,0.2019092285679322,0.0,0.0,0.0,0.0,0.3172806889706495,0.0,0.0,0.0,0.3284520824758535,0.0,0.0,0.0,0.3130570057887994,0.2791094461175286,0.3351170622253538,0.0,0.3093588011964329
0.0,0.0,0.0,0.0,0.0,0.0,0.0,0.0,0.0,0.0,0.0,0.0,0.0,0.0,0.0,0.0,0.0,0.0,0.0,0.0,0.0,0.0,0.0,0.0,0.0,0.0,0.0,0.0,0.0,0.0,0.0,0.2976894435956908,0.0,0.0,0.0,0.0,0.0,0.0,0.2831972169704553,0.2358755430754701,0.2220823919618542,0.2509126527964309,0.2950885287657381,0.289104305207141,0.0,0.0,0.0,0.0,0.0,0.0,0.3972206431972904,0.0,0.0,0.0,0.245888892437874,0.0,0.2137402567857942,0.0,0.0,0.0,0.0,0.0,0.0,0.0,0.0,0.0,0.0,0.3950117744732629,0.2237668009736152,0.0,0.2688181747626562,0.4038586775130349,0.2976324296522049,0.0,0.0,0.2916604617602228
