0.0,0.3727657256061232,0.0,0.0,0.0,0.0,0.0,0.5224484394641952,0.0,0.3952249864377846,0.0,0.393921679482121,0.0,0.0,0.4535432608283907,0.4215044275731057,0.3705274647533329,0.393955641413215,0.0,0.4845158811895249,0.4253354952237685,0.3934043055862807,0.5344013103029112,0.4189488760331358,0.374701197450843,0.3941137019824377,0.6198933007593703,0.3835095593469445,0.49626484210083,0.0,0.3721322230706774,0.4170145869775013,0.3301157157432676,0.3469768590766725,0.3898235143368025,0.0,0.0,0.0,0.455409966942264,0.4229363475914811,0.4407299335365713,0.0,0.0,0.0,0.0,0.5040177294685929,0.4797062078756245,0.0,0.0,0.0,0.0,0.0,0.0,0.0,0.0,0.0,0.0,0.0,0.0,0.0,0.4591190584053157,0.0,0.4385075111392438,0.0,0.0,0.3365158306477662,0.4615110616720414,0.0,0.0,0.4637562912752091,0.4934698920750444,0.0,0.0,0.0,0.0,0.0
0.3727657256061232,0.0,0.0,0.0,0.0,0.405160115996056,0.4126011974345001,0.4656771060986272,0.3583666530063097,0.0,0.0,0.0,0.4227863702766152,0.0,0.4264220126669439,0.431272900163245,0.0,0.421210971633933,0.0,0.4397610570388661,0.3898497485386796,0.4110619022299926,0.4570447058108529,0.0,0.3882235250691638,0.4019055908766639,0.447764862215038,0.4304512899512607,0.4275253757154647,0.0,0.3777616094717038,0.4115021632883029,0.3744399433839107,0.371125727036621,0.4362921684415704,0.0,0.0,0.0,0.4695151312703143,0.4368803706600666,0.4463239035033591,0.4925008174691511,0.0,0.0,0.0,0.4720524029682171,0.4745613945495986,0.0,0.0,0.0,0.0,0.0,0.0,0.0,0.0,0.0,0.0,0.0,0.0,0.5245487340795301,0.4557869722109731,0.0,0.4114813247524279,0.0,0.4783728258906152,0.4640732793926578,0.4823318759403395,0.5412533607289979,0.0,0.4482997511094067,0.5003331252433115,0.4958782278478912,0.0,0.4797495967721666,0.0,0.4414617375255386
0.0,0.0,0.0,0.0,0.4810261657359829,0.3938368195835835,0.4870242675239123,0.5562040003755273,0.3337513746193642,0.4439603644224981,0.3728431237712788,0.0,0.4853945605449836,0.4387089191753749,0.0,0.0,0.0,0.0,0.3359270477977545,0.0,0.0,0.0,0.3854001935583572,0.0,0.0,0.0,0.3617250961882972,0.4822421316341322,0.0,0.0,0.4767649300758799,0.4641687767574991,0.0,0.4805970309937265,0.4656956711363249,0.4624507373415529,0.4617885632421423,0.0,0.5008833655943478,0.0,0.0,0.0,0.5090577530151198,0.0,0.0,0.0,0.0,0.381016080795991,0.0,0.4526383148775008,0.608446387593595,0.0,0.6643858133377869,0.5588414148669687,0.0,0.333419746751187,0.0,0.0,0.485492352139195,0.0,0.0,0.0,0.0,0.3177050199323891,0.0,0.0,0.0,0.6073333396867301,0.0,0.0,0.0,0.648588428795729,0.0,0.0,0.0,0.0
0.0,0.0,0.0,0.0,0.2669815122889402,0.4155427546919914,0.2688377328743467,0.3553375523861977,0.4320550283309244,0.218907353247217,0.3654047832562607,0.0,0.2840459237803454,0.2231391578912693,0.0,0.0,0.0,0.0,0.4274614429117396,0.0,0.0,0.0,0.4510559712403441,0.0,0.0,0.0,0.4236202315183046,0.2192622638593817,0.0,0.0,0.0,0.2884959643124037,0.0,0.2583985708857701,0.2821054171720867,0.1421875739896931,0.138192365878428,0.0,0.0,0.0,0.0,0.0,0.0,0.0,0.0,0.0,0.0,0.0,0.0,0.0,0.0,0.0,0.0,0.0,0.0,0.0,0.0,0.0,0.0,0.0,0.0,0.0,0.0,0.0,0.0,0.0,0.0,0.0,0.0,0.0,0.0,0.0,0.0,0.0,0.0,0.0
0.0,0.0,0.4810261657359829,0.2669815122889402,0.0,0.4441485398316012,0.3408548989178211,0.4363690079832534,0.383845164652437,0.0620861975927421,0.3656265354290616,0.0,0.3818151685752418,0.3267927627067429,0.0,0.0,0.0,0.0,0.4531895169401889,0.457460764645082,0.0,0.0,0.4617653194431995,0.0,0.0,0.0,0.4688219062711565,0.3264453393294902,0.4234791922018738,0.0,0.4680972773276162,0.381953091372802,0.0,0.4491821543069212,0.4344843740509054,0.240567722061836,0.1978863317540508,0.0,0.0,0.0,0.0,0.0,0.0,0.0,0.0,0.0,0.0,0.5367403220779604,0.0,0.0,0.0,0.0,0.5004960999466657,0.5187864226845552,0.0,0.4392807819162025,0.0,0.0,0.0,0.0,0.0,0.0,0.0,0.0,0.0,0.0,0.0,0.5766562330520925,0.0,0.0,0.0,0.5502123487059236,0.0,0.0,0.0,0.0
0.0,0.405160115996056,0.3938368195835835,0.4155427546919914,0.4441485398316012,0.0,0.4552446643112462,0.4820981363815866,0.3809307671046364,0.4683404547164432,0.4427613279896398,0.0,0.4313719246382879,0.45988368474294,0.4526081299487055,0.4263734469784871,0.0,0.4151001198341823,0.4544068413751648,0.4510752077139146,0.4658473069260978,0.4249462606562654,0.4364341716203549,0.0,0.4024699559278465,0.435546714270665,0.4270403837775339,0.4140090852902018,0.4079020278211965,0.4282932031308764,0.4281536667488368,0.430206271606192,0.3654197232337408,0.4484047641954503,0.4429164592976083,0.4391083476376751,0.4440535286976447,0.0,0.5054316011356456,0.0,0.5706729819144708,0.5290426128485467,0.5363623442070992,0.0,0.0,0.0,0.0,0.6057960838153874,0.0,0.0,0.5678817276154319,0.5880194828244063,0.5524277419367986,0.5937791795922092,0.0,0.5714403544400517,0.0,0.6069147764261226,0.0,0.4760824131151686,0.0,0.0,0.0,0.5991688256877706,0.499306997209808,0.4744021067113355,0.4562651703743321,0.5761324241993651,0.0,0.0,0.0,0.5620373728299509,0.5774936348111511,0.5172227153278586,0.0,0.5701743069382977
0.0,0.4126011974345001,0.4870242675239123,0.2688377328743467,0.3408548989178211,0.4552446643112462,0.0,0.4746775274602415,0.4348014487100603,0.3819738884490719,0.4676195929931736,0.3751000451877226,0.3535203420699784,0.356882757114603,0.0,0.4681992047451834,0.4181546372185186,0.4531671956617706,0.4760445322547289,0.4409558123643396,0.0,0.448073581048179,0.4635199790605877,0.4156993129634757,0.4417572382053824,0.4220685961193435,0.4676197281112899,0.3486156299206498,0.4460844346567138,0.0,0.3988646057715415,0.4251513061446496,0.4167723931391545,0.4079423019058414,0.3976651605894135,0.275978124727348,0.2918161656232576,0.4172919341853224,0.0,0.0,0.0,0.0,0.0,0.0,0.0,0.0,0.0,0.0,0.0,0.0,0.5885145045275394,0.0,0.0,0.0,0.0,0.0,0.0,0.0,0.0,0.0,0.0,0.0,0.0,0.0,0.0,0.0,0.0,0.5638293203477313,0.0,0.0,0.0,0.5834321638291077,0.0,0.0,0.0,0.0
0.5224484394641952,0.4656771060986272,0.5562040003755273,0.3553375523861977,0.4363690079832534,0.4820981363815866,0.4746775274602415,0.0,0.5123067684178567,0.0,0.3684612426588158,0.0,0.4884973338573692,0.3975939210021353,0.5221033648653703,0.4857160900267516,0.0,0.4659677983781985,0.5052428141741613,0.0,0.4766472897210979,0.0,0.4359938652004446,0.5117091068033823,0.4798076270668984,0.4950970212050398,0.5216343160408413,0.4726726838201784,0.4369975245698287,0.4496751525436312,0.4793900701921502,0.3283102518913352,0.5019275002015415,0.4738893406150203,0.4733452542383556,0.3156983187678525,0.2712302200366859,0.0,0.4937306727146922,0.0,0.5448901441976546,0.0,0.4555572990381919,0.0,0.0,0.0,0.0,0.5949312216306136,0.0,0.0,0.5276067467140522,0.5353962784898081,0.4658050758142286,0.5680147427294209,0.0,0.4988037437047149,0.0,0.5394577417397578,0.0,0.5433551791258775,0.0,0.0,0.0,0.5990071680710627,0.5805759086339947,0.5563165224562965,0.0,0.5327929709532487,0.0,0.0,0.0,0.5638792189753643,0.5584581471214735,0.5282495495530168,0.0,0.5523473410026858
0.0,0.3583666530063097,0.3337513746193642,0.4320550283309244,0.383845164652437,0.3809307671046364,0.4348014487100603,0.5123067684178567,0.0,0.5073788296426534,0.3870578562283479,0.0,0.4142438835326744,0.4070176629042519,0.0,0.0,0.0,0.0,0.3192579380342972,0.3944157583727273,0.0,0.385511930123478,0.4432345073475575,0.0,0.0,0.0,0.4060604419739198,0.4453378838099898,0.3929663990722178,0.3995708865865758,0.467229094772869,0.4347678295211971,0.4615665863015911,0.4647515761327752,0.4688518254522295,0.4341203081878753,0.4734107657160188,0.5671485061241897,0.5029275924582738,0.0,0.0,0.0,0.4964877355287422,0.0,0.0,0.0,0.0,0.6053515115991075,0.0,0.0,0.5814151765332083,0.0,0.5661810118190787,0.6287207942570511,0.0,0.4972175362536172,0.0,0.0,0.4565207199065246,0.0,0.0,0.0,0.0,0.5937163951739063,0.0,0.0,0.0,0.5802761226626673,0.0,0.0,0.0,0.5841281770209569,0.0,0.0,0.0,0.0
0.3952249864377846,0.0,0.4439603644224981,0.218907353247217,0.0620861975927421,0.4683404547164432,0.3819738884490719,0.0,0.5073788296426534,0.0,0.4798993175541528,0.2987793155319835,0.4198503384291927,0.1860783555502208,0.0,0.4199699492135363,0.3637904113153207,0.4172214242011721,0.4754449435583942,0.0,0.0,0.3551776994214309,0.4599556065168498,0.3607990515621823,0.3953405166160633,0.3886954750001458,0.4590693612977883,0.3532097365503533,0.0,0.0,0.3687741095258083,0.3750972517081753,0.3337570439089223,0.3160696024949296,0.3471215326680208,0.2316730945478843,0.2785817527020109,0.2919797896695857,0.3372040987872331,0.3230157200968733,0.3453731468078142,0.0,0.0,0.0,0.3126749352479495,0.0,0.0,0.0,0.0,0.0,0.0,0.0,0.0,0.0,0.4366412580230974,0.0,0.4453394477180001,0.0,0.0,0.0,0.0,0.4606564403604358,0.4047647784656196,0.0,0.0,0.0,0.0,0.0,0.488038400562443,0.4312804529421001,0.4821584626091539,0.0,0.3786850443714092,0.0,0.0,0.3715065082396712
0.0,0.0,0.3728431237712788,0.3654047832562607,0.3656265354290616,0.4427613279896398,0.4676195929931736,0.3684612426588158,0.3870578562283479,0.4798993175541528,0.0,0.4429173153207202,0.4760497157394404,0.306305417476605,0.0,0.0,0.0,0.0,0.3317015518889668,0.0,0.0,0.0,0.4240807906009428,0.0,0.0,0.0,0.4647890298838223,0.4688133870467978,0.0,0.0,0.4782680903223452,0.3822977668601672,0.4508812479426152,0.4776460960870365,0.463974855019999,0.3589801869445353,0.3171101341788909,0.4607747142838914,0.4543709247373028,0.0,0.0,0.0,0.4242172228927828,0.0,0.0,0.0,0.0,0.6031200829942351,0.0,0.0,0.5983898213396156,0.5983495523605521,0.5174034594223405,0.6225138626357529,0.0,0.5183054897719059,0.0,0.0,0.4610635441377496,0.0,0.0,0.0,0.0,0.5878054363083212,0.0,0.0,0.0,0.6301440853923962,0.0,0.0,0.0,0.6044732584436008,0.0,0.0,0.0,0.0
0.393921679482121,0.0,0.0,0.0,0.0,0.0,0.3751000451877226,0.0,0.0,0.2987793155319835,0.4429173153207202,0.0,0.4188097708248438,0.0,0.0,0.0,0.3430382117144231,0.3981021904790866,0.0,0.0,0.0,0.0,0.0,0.3257289914434882,0.4313939527229909,0.334187434409307,0.0,0.3585688061881811,0.0,0.0,0.333062258370534,0.2679540011861566,0.2489743858991745,0.272587475966046,0.3582923905737616,0.3074263412670323,0.3742811320703181,0.2258256509809353,0.2995312300809675,0.3146882423658169,0.3416626996227526,0.0,0.0,0.0,0.2955730530985484,0.0,0.0,0.0,0.0,0.0,0.0,0.0,0.0,0.0,0.4392933097010967,0.0,0.4553377397366608,0.0,0.0,0.0,0.0,0.4458874448214962,0.4047281911192421,0.0,0.0,0.0,0.0,0.0,0.4609041902292115,0.4428472600052741,0.4970745834346663,0.0,0.0,0.0,0.0,0.3732866782271242
0.0,0.4227863702766152,0.4853945605449836,0.2840459237803454,0.3818151685752418,0.4313719246382879,0.3535203420699784,0.4884973338573692,0.4142438835326744,0.4198503384291927,0.4760497157394404,0.4188097708248438,0.0,0.3548624609181579,0.4358310910310889,0.466530438560712,0.4635920802510624,0.4700604850442965,0.4730418760989966,0.4446135473907755,0.4493980687868525,0.4580640254884599,0.4683435403303788,0.4479740714112346,0.439390229326772,0.4353127197820181,0.4653319449798803,0.3922353504350988,0.4449497602592103,0.4278090920592454,0.4262069538773059,0.4221168439780227,0.4511851338920919,0.4177547488369433,0.4005355019192846,0.3060667461234423,0.3200473500592286,0.4484220889038865,0.4010875583952039,0.0,0.0,0.0,0.4061586349839665,0.0,0.0,0.0,0.0,0.0,0.0,0.0,0.7041721988703172,0.0,0.5451388686836873,0.0,0.0,0.0,0.0,0.0,0.0,0.0,0.0,0.0,0.0,0.0,0.0,0.0,0.0,0.5637875508062605,0.0,0.0,0.0,0.5818177463862496,0.0,0.571665810067424,0.0,0.0
0.0,0.0,0.4387089191753749,0.2231391578912693,0.3267927627067429,0.45988368474294,0.356882757114603,0.3975939210021353,0.4070176629042519,0.1860783555502208,0.306305417476605,0.0,0.3548624609181579,0.0,0.0,0.0,0.0,0.0,0.4222689103873839,0.0,0.0,0.0,0.4623118969725395,0.0,0.0,0.0,0.5031936737589529,0.271783330154937,0.0,0.0,0.0,0.3129432732661441,0.0,0.440303421966029,0.0,0.2281505531731375,0.1785958813395144,0.0,0.0,0.0,0.0,0.0,0.4140690475718501,0.0,0.0,0.0,0.0,0.5393840889117957,0.0,0.0,0.0,0.0,0.0,0.5285704998200755,0.0,0.4598894897889088,0.0,0.0,0.0,0.0,0.0,0.0,0.0,0.0,0.0,0.0,0.0,0.5251305107669008,0.0,0.0,0.0,0.0,0.0,0.0,0.0,0.0
0.4535432608283907,0.4264220126669439,0.0,0.0,0.0,0.4526081299487055,0.0,0.5221033648653703,0.0,0.0,0.0,0.0,0.4358310910310889,0.0,0.0,0.4388619500663263,0.0,0.4206069026655484,0.0,0.419964723794787,0.4551235882367804,0.4205434951323811,0.4564504461608878,0.5280394809462183,0.4015954316168826,0.4289497129469344,0.5044512912548401,0.4464981023240772,0.4353618260435653,0.0,0.421877433477385,0.4494926633946359,0.427770968376273,0.4431911029509229,0.4885593308854415,0.5239171604446217,0.0,0.0,0.5179040680699175,0.5188190903995767,0.535170721919879,0.5370816943685977,0.0,0.0,0.0,0.0,0.5087764025258977,0.0,0.0,0.0,0.5064766639894415,0.0,0.5714420663593125,0.0,0.0,0.0,0.0,0.0,0.0,0.5193979474257993,0.0,0.0,0.0,0.0,0.5312771527679628,0.5355989549267003,0.5430904488953947,0.5567127933410251,0.0,0.0,0.5607120329135963,0.544973380211396,0.5137042065658316,0.5197018730796505,0.0,0.5690564681338521
0.4215044275731057,0.431272900163245,0.0,0.0,0.0,0.4263734469784871,0.4681992047451834,0.4857160900267516,0.0,0.4199699492135363,0.0,0.0,0.466530438560712,0.0,0.4388619500663263,0.0,0.4205321921868853,0.346392413939846,0.0,0.4560611683647774,0.4284832952478394,0.4359309339184542,0.4638077332108696,0.3805279532387853,0.4192965854441418,0.4408744992824067,0.4631914768450843,0.4875748793690287,0.462999086221434,0.4595113476759421,0.4072005094608766,0.4541112886125338,0.4295955442314335,0.3985480292132285,0.46158000454309,0.0,0.0,0.0,0.4593921414948754,0.4263970766044195,0.4470078197568063,0.4917401729148685,0.0,0.0,0.0,0.4835381478413999,0.4736564361167126,0.0,0.0,0.0,0.0,0.0,0.0,0.0,0.0,0.0,0.0,0.0,0.0,0.5173904691914503,0.4468836634384331,0.0,0.4138329087404745,0.0,0.4510162470408796,0.475851967270867,0.485203802099912,0.0,0.0,0.4334084069149199,0.5039128134206307,0.0,0.0,0.0,0.0,0.420038516817111
0.3705274647533329,0.0,0.0,0.0,0.0,0.0,0.4181546372185186,0.0,0.0,0.3637904113153207,0.0,0.3430382117144231,0.4635920802510624,0.0,0.0,0.4205321921868853,0.0,0.348995861355578,0.0,0.3730269412848158,0.0,0.390564303806121,0.0,0.3850794815791919,0.3932773919010853,0.3946725586115685,0.0,0.4292638079145383,0.0,0.0,0.394232596641909,0.4332805061505683,0.3757950155071879,0.3738022526196725,0.3750633190283231,0.0,0.0,0.2783119711672929,0.0,0.3256194815388259,0.3352632156080846,0.0,0.0,0.0,0.0,0.0,0.0,0.0,0.0,0.0,0.0,0.0,0.0,0.0,0.4185962164803924,0.0,0.4347599457423696,0.0,0.0,0.0,0.0,0.4351279611075834,0.4037277176032625,0.0,0.0,0.0,0.0,0.0,0.5110402566679456,0.4258387519578814,0.4620242671900014,0.0,0.0,0.0,0.0,0.0
0.393955641413215,0.421210971633933,0.0,0.0,0.0,0.4151001198341823,0.4531671956617706,0.4659677983781985,0.0,0.4172214242011721,0.0,0.3981021904790866,0.4700604850442965,0.0,0.4206069026655484,0.346392413939846,0.348995861355578,0.0,0.0,0.4434384426669943,0.4057301254330522,0.4384211943028197,0.4763901197416332,0.3808906049148636,0.4062359101734193,0.4041920175484746,0.4652117721103756,0.4564016906754909,0.4481338110397883,0.0,0.3993047172778525,0.4459186943543846,0.3758636257747046,0.3813759920818053,0.3846850702398574,0.0,0.0,0.0,0.4200219402610787,0.3494996351019278,0.3899462731504462,0.3862495510438004,0.0,0.0,0.0,0.4672902153454006,0.4499373130994223,0.0,0.0,0.0,0.0,0.0,0.0,0.0,0.3923921769841811,0.0,0.3911287403715917,0.0,0.0,0.0,0.4261136094238641,0.3903072337345336,0.3894565771930903,0.0,0.0,0.0,0.4547761054320665,0.0,0.519916902374442,0.4067668018621537,0.4384479423882502,0.0,0.0,0.0,0.0,0.3856298164524602
0.0,0.0,0.3359270477977545,0.4274614429117396,0.4531895169401889,0.4544068413751648,0.4760445322547289,0.5052428141741613,0.3192579380342972,0.4754449435583942,0.3317015518889668,0.0,0.4730418760989966,0.4222689103873839,0.0,0.0,0.0,0.0,0.0,0.0,0.0,0.0,0.4079948681473898,0.0,0.0,0.0,0.4083810515522013,0.4610983524268671,0.0,0.0,0.4842359185946068,0.4348171656194016,0.0,0.4889639971392716,0.4658987717918614,0.4388275660496045,0.4471248656033477,0.0,0.491784795275284,0.0,0.0,0.0,0.4731517269831015,0.0,0.0,0.0,0.0,0.6239092836452313,0.0,0.0,0.5865084968982001,0.0,0.5825457832335812,0.5985697973150685,0.0,0.5521536553983365,0.0,0.0,0.4713984073759512,0.0,0.0,0.0,0.0,0.5990428216935816,0.0,0.0,0.0,0.612267594565914,0.0,0.0,0.0,0.60646562127324,0.0,0.0,0.0,0.0
0.4845158811895249,0.4397610570388661,0.0,0.0,0.457460764645082,0.4510752077139146,0.4409558123643396,0.0,0.3944157583727273,0.0,0.0,0.0,0.4446135473907755,0.0,0.419964723794787,0.4560611683647774,0.3730269412848158,0.4434384426669943,0.0,0.0,0.4992865998975332,0.4097411579398854,0.4302682539209176,0.0,0.4317330560261979,0.4715617054943665,0.4518405060599815,0.4279655413007285,0.4011156762202605,0.4038042242523755,0.3946299103081981,0.456761228108888,0.4056575154472689,0.455080790841371,0.4934323983035185,0.5084149748490728,0.0,0.0,0.530098248674399,0.4880723800071041,0.6838797211882524,0.5449852158922739,0.0,0.0,0.0,0.0,0.482843537847047,0.0,0.0,0.0,0.5105840328077751,0.0,0.5538901573306523,0.0,0.0,0.0,0.0,0.0,0.0,0.5786366453688067,0.0,0.0,0.0,0.0,0.526887952933704,0.6509228356293176,0.5186343111943106,0.6061318547713168,0.0,0.0,0.5134573589500752,0.5417171160806336,0.5696891353750296,0.5740833657091419,0.0,0.5457989907270946
0.4253354952237685,0.3898497485386796,0.0,0.0,0.0,0.4658473069260978,0.0,0.4766472897210979,0.0,0.0,0.0,0.0,0.4493980687868525,0.0,0.4551235882367804,0.4284832952478394,0.0,0.4057301254330522,0.0,0.4992865998975332,0.0,0.4355964098130955,0.4871859108810668,0.483885668271347,0.3918847882306284,0.4198699438846289,0.5307629429186461,0.4700656430813191,0.4409326993100945,0.4602157838263725,0.3864595180843772,0.4129759438896928,0.3885819718673206,0.3909567934695551,0.4337830881070154,0.4773563318359212,0.0,0.0,0.4841770354926934,0.4832644188761261,0.4645272161472937,0.0,0.0,0.0,0.0,0.0,0.5018665437126427,0.0,0.0,0.0,0.4546308870512915,0.0,0.4648949976610541,0.0,0.0,0.0,0.0,0.0,0.0,0.5232249627809173,0.4167081977648516,0.0,0.0,0.0,0.5330306017386182,0.3872598436750415,0.5334420006144253,0.5383793265029346,0.0,0.3605405339015111,0.5144986725880634,0.5346924871257277,0.5226238258760556,0.4924328047998311,0.0,0.0
0.3934043055862807,0.4110619022299926,0.0,0.0,0.0,0.4249462606562654,0.448073581048179,0.0,0.385511930123478,0.3551776994214309,0.0,0.0,0.4580640254884599,0.0,0.4205434951323811,0.4359309339184542,0.390564303806121,0.4384211943028197,0.0,0.4097411579398854,0.4355964098130955,0.0,0.4741439389631426,0.0,0.4286074575996149,0.407876938268551,0.4737960180900287,0.4493060851115146,0.4335709435624656,0.4324841425398883,0.4026362253612877,0.444243242105124,0.408188738685817,0.4322112769537696,0.488770997117693,0.5056745108301562,0.0,0.0,0.4873627765810556,0.4710874145042552,0.4631001083722397,0.4938684719620135,0.0,0.0,0.0,0.0,0.4794509023657619,0.0,0.0,0.0,0.4839153813482694,0.0,0.0,0.0,0.0,0.0,0.0,0.0,0.0,0.5304896442673561,0.4439627203016421,0.0,0.3288249380178756,0.0,0.5078637931184173,0.5167168277014518,0.5035273551175588,0.5486493414681707,0.0,0.3852180074664435,0.4991354759845671,0.5553553357110531,0.0,0.494376167968834,0.0,0.452796816356994
0.5344013103029112,0.4570447058108529,0.3854001935583572,0.4510559712403441,0.4617653194431995,0.4364341716203549,0.4635199790605877,0.4359938652004446,0.4432345073475575,0.4599556065168498,0.4240807906009428,0.0,0.4683435403303788,0.4623118969725395,0.4564504461608878,0.4638077332108696,0.0,0.4763901197416332,0.4079948681473898,0.4302682539209176,0.4871859108810668,0.4741439389631426,0.0,0.540503814683003,0.455413933927794,0.485300898214607,0.3966688126146851,0.4682100083286944,0.449042452816749,0.4854615280003612,0.4702438806064808,0.4574691942026613,0.4950427464909147,0.4802645257382849,0.5139304082988775,0.455799493621547,0.4938849078927559,0.0,0.5591484505459409,0.0,0.5654098774631092,0.5760080779914746,0.5275435520319616,0.0,0.0,0.0,0.5457305543622464,0.6229226452570862,0.0,0.5935883200128338,0.5776284063134113,0.5773375558182557,0.5733882142299658,0.5960979810063427,0.0,0.5752768705449138,0.0,0.5659523809036474,0.5144445012731718,0.5673273412259023,0.0,0.0,0.0,0.5988811152269922,0.5643411841308285,0.6090657351120139,0.6017675685194445,0.5846556220030148,0.0,0.0,0.5935641475230772,0.5846503314158619,0.5661602130014166,0.55570766092745,0.5584244132161237,0.5743290789848332
0.4189488760331358,0.0,0.0,0.0,0.0,0.0,0.4156993129634757,0.5117091068033823,0.0,0.3607990515621823,0.0,0.3257289914434882,0.4479740714112346,0.0,0.5280394809462183,0.3805279532387853,0.3850794815791919,0.3808906049148636,0.0,0.0,0.483885668271347,0.0,0.540503814683003,0.0,0.3930660591042916,0.4002534335282358,0.5841554046983768,0.3853113677854263,0.0,0.0,0.3463961117707049,0.3154557084061695,0.2427038660005862,0.2683787310562219,0.3160595871570825,0.0,0.0,0.2180169146895341,0.4198386855170731,0.2816802202532154,0.3065490241720788,0.0,0.0,0.0,0.2804045193644425,0.5448468141286231,0.0,0.0,0.0,0.0,0.0,0.0,0.0,0.0,0.3797160400171626,0.0,0.384501362193982,0.0,0.0,0.0,0.3883368053368667,0.4405016015326056,0.4257072269840949,0.0,0.0,0.0,0.0,0.0,0.489366893448618,0.443474817309268,0.4897492659820205,0.0,0.0,0.0,0.0,0.3805972160352475
0.374701197450843,0.3882235250691638,0.0,0.0,0.0,0.4024699559278465,0.4417572382053824,0.4798076270668984,0.0,0.3953405166160633,0.0,0.4313939527229909,0.439390229326772,0.0,0.4015954316168826,0.4192965854441418,0.3932773919010853,0.4062359101734193,0.0,0.4317330560261979,0.3918847882306284,0.4286074575996149,0.455413933927794,0.3930660591042916,0.0,0.3916685197443263,0.4277873555201352,0.4347174719895416,0.4354594345943091,0.0,0.3971470463963976,0.4194027081144539,0.3454409492104182,0.3645598217182677,0.3763020315274032,0.0,0.0,0.3315064379661358,0.4319533921988348,0.3510306455677566,0.3925653588326201,0.4147782877653334,0.0,0.0,0.0,0.4726347073445487,0.4574199009849469,0.0,0.0,0.0,0.0,0.0,0.0,0.0,0.4014891957241516,0.0,0.4128771469602594,0.0,0.0,0.0,0.437649053901281,0.4001460985510331,0.4010143797584051,0.0,0.4210808966495966,0.4259075004032664,0.4905900266805502,0.0,0.4798107729995591,0.4196668152161333,0.4492825965606117,0.0,0.0,0.0,0.0,0.3907100953095787
0.3941137019824377,0.4019055908766639,0.0,0.0,0.0,0.435546714270665,0.4220685961193435,0.4950970212050398,0.0,0.3886954750001458,0.0,0.334187434409307,0.4353127197820181,0.0,0.4289497129469344,0.4408744992824067,0.3946725586115685,0.4041920175484746,0.0,0.4715617054943665,0.4198699438846289,0.407876938268551,0.485300898214607,0.4002534335282358,0.3916685197443263,0.0,0.5133976573586257,0.4380954117452728,0.4315207317478712,0.0,0.3869935268488746,0.4222441730011784,0.3595235881665315,0.3728159472662423,0.4052105244186237,0.4929655627971761,0.0,0.3303652574224102,0.4612723104402487,0.3749666988082949,0.4079748983134251,0.4599821028597318,0.0,0.0,0.3177315079140967,0.4922270066422886,0.4896293533816223,0.0,0.0,0.0,0.0,0.0,0.0,0.0,0.4311389137823237,0.0,0.4436710716576377,0.0,0.0,0.5284326663308447,0.4578467892207493,0.4309692339370434,0.4207828074734279,0.0,0.4945363328617548,0.4740679895403621,0.5107953362092443,0.0,0.5121204956801162,0.44034203202706,0.4748849032313747,0.5239805299877589,0.0,0.4933162664911877,0.0,0.4126892503860918
0.6198933007593703,0.447764862215038,0.3617250961882972,0.4236202315183046,0.4688219062711565,0.4270403837775339,0.4676197281112899,0.5216343160408413,0.4060604419739198,0.4590693612977883,0.4647890298838223,0.0,0.4653319449798803,0.5031936737589529,0.5044512912548401,0.4631914768450843,0.0,0.4652117721103756,0.4083810515522013,0.4518405060599815,0.5307629429186461,0.4737960180900287,0.3966688126146851,0.5841554046983768,0.4277873555201352,0.5133976573586257,0.0,0.4596701934333054,0.4516266462557092,0.4612174869220295,0.4506100101953148,0.455247502215667,0.4150015621977592,0.4719477538997136,0.4822102980822882,0.467721832146442,0.4524274460589089,0.0,0.5564286805657517,0.0,0.5872491346965619,0.5705644561843088,0.5247572750790321,0.0,0.0,0.0,0.4949360967650154,0.6357995432529825,0.0,0.0,0.5868853645258184,0.613857455557996,0.5888710359178656,0.626029248541063,0.0,0.5754603070129007,0.0,0.6526540657853103,0.5543447144469635,0.5548739876074276,0.0,0.0,0.0,0.6259747277047696,0.5583358860663563,0.6030416751181469,0.6599426942547612,0.5973427297344273,0.0,0.0,0.5508253630416572,0.5808773679640035,0.6174489316371198,0.558289877149728,0.545804584850376,0.5711557344312045
0.3835095593469445,0.4304512899512607,0.4822421316341322,0.2192622638593817,0.3264453393294902,0.4140090852902018,0.3486156299206498,0.4726726838201784,0.4453378838099898,0.3532097365503533,0.4688133870467978,0.3585688061881811,0.3922353504350988,0.271783330154937,0.4464981023240772,0.4875748793690287,0.4292638079145383,0.4564016906754909,0.4610983524268671,0.4279655413007285,0.4700656430813191,0.4493060851115146,0.4682100083286944,0.3853113677854263,0.4347174719895416,0.4380954117452728,0.4596701934333054,0.0,0.3832491593787525,0.3964481356945855,0.3941670967716097,0.4139774049052646,0.3940032728331758,0.3887422405270646,0.3726377517000787,0.2476723517029619,0.2390877532151127,0.3855584062869738,0.4307838431611573,0.0,0.4850239048246798,0.3332931696968649,0.4603963323878794,0.0,0.0,0.0,0.0,0.0,0.0,0.0,0.5952740309679327,0.0,0.5684000849630869,0.0,0.0,0.0,0.0,0.0,0.0,0.5037011362480374,0.0,0.0,0.0,0.0,0.5286656350119536,0.5013418450832675,0.0,0.5518319905953926,0.0,0.0,0.0,0.549746504405863,0.5683006795490253,0.547034143813851,0.0,0.5470656286199477
0.49626484210083,0.4275253757154647,0.0,0.0,0.4234791922018738,0.4079020278211965,0.4460844346567138,0.4369975245698287,0.3929663990722178,0.0,0.0,0.0,0.4449497602592103,0.0,0.4353618260435653,0.462999086221434,0.0,0.4481338110397883,0.0,0.4011156762202605,0.4409326993100945,0.4335709435624656,0.449042452816749,0.0,0.4354594345943091,0.4315207317478712,0.4516266462557092,0.3832491593787525,0.0,0.400075869391829,0.3813733610862361,0.4327844755731538,0.3865167572701098,0.4316772326005695,0.4653142578636628,0.458132767951979,0.0,0.0,0.5156825915142483,0.0,0.5343252842134192,0.5069887706290667,0.0,0.0,0.0,0.0,0.4556373955283001,0.0,0.0,0.0,0.540866320616537,0.0,0.5132592176764316,0.0,0.0,0.0,0.0,0.5109753854837565,0.0,0.5085695677678665,0.0,0.0,0.0,0.0,0.5115048798780586,0.4975642166997947,0.5068917346378924,0.5330523502078817,0.0,0.0,0.4850480431507574,0.5244876395786362,0.5540279580235031,0.4950471610378427,0.0,0.5325500673137517
0.0,0.0,0.0,0.0,0.0,0.4282932031308764,0.0,0.4496751525436312,0.3995708865865758,0.0,0.0,0.0,0.4278090920592454,0.0,0.0,0.4595113476759421,0.0,0.0,0.0,0.4038042242523755,0.4602157838263725,0.4324841425398883,0.4854615280003612,0.0,0.0,0.0,0.4612174869220295,0.3964481356945855,0.400075869391829,0.0,0.369402088669772,0.424946539069656,0.0,0.3964678895605519,0.4158328709518565,0.0,0.0,0.0,0.5380295330619382,0.0,0.0,0.0,0.0,0.0,0.0,0.0,0.0,0.0,0.0,0.0,0.0,0.0,0.0,0.0,0.0,0.0,0.0,0.0,0.0,0.0,0.0,0.0,0.0,0.0,0.512971417882266,0.0,0.0,0.5495713067466176,0.0,0.0,0.0,0.5495899357096298,0.0,0.0,0.0,0.0
0.3721322230706774,0.3777616094717038,0.4767649300758799,0.0,0.4680972773276162,0.4281536667488368,0.3988646057715415,0.4793900701921502,0.467229094772869,0.3687741095258083,0.4782680903223452,0.333062258370534,0.4262069538773059,0.0,0.421877433477385,0.4072005094608766,0.394232596641909,0.3993047172778525,0.4842359185946068,0.3946299103081981,0.3864595180843772,0.4026362253612877,0.4702438806064808,0.3463961117707049,0.3971470463963976,0.3869935268488746,0.4506100101953148,0.3941670967716097,0.3813733610862361,0.369402088669772,0.0,0.3966795403585939,0.3566715765760596,0.2892485604001603,0.2990550265186481,0.3863644837302287,0.3182574800368857,0.3066463713371872,0.4630200849338639,0.3470038345206458,0.4131349597654055,0.0,0.0,0.0,0.0,0.476022238866557,0.4420264594785006,0.0,0.0,0.0,0.5784319926677901,0.0,0.5080872874898883,0.0,0.3636341306552577,0.0,0.3970964842243485,0.0,0.0,0.4909865072657045,0.4222739714075213,0.0,0.4005105370708902,0.0,0.4863979420739819,0.4725408726310977,0.478291891757683,0.5370087708587229,0.4323020853366329,0.4132743038189186,0.4563607738440537,0.5400414205447092,0.5531644118172484,0.5036083289254378,0.0,0.5691908555265489
0.4170145869775013,0.4115021632883029,0.4641687767574991,0.2884959643124037,0.381953091372802,0.430206271606192,0.4251513061446496,0.3283102518913352,0.4347678295211971,0.3750972517081753,0.3822977668601672,0.2679540011861566,0.4221168439780227,0.3129432732661441,0.4494926633946359,0.4541112886125338,0.4332805061505683,0.4459186943543846,0.4348171656194016,0.456761228108888,0.4129759438896928,0.444243242105124,0.4574691942026613,0.3154557084061695,0.4194027081144539,0.4222441730011784,0.455247502215667,0.4139774049052646,0.4327844755731538,0.424946539069656,0.3966795403585939,0.0,0.3550037583780452,0.3622968722360368,0.3722479579255764,0.289823720253872,0.3496168155919983,0.2963360297800169,0.2588616557707407,0.3023656753999637,0.3642089764973232,0.3431354202949191,0.3479312195526281,0.3364057074213741,0.262943081092824,0.487926401344241,0.471703323648346,0.5027297579427906,0.0,0.0,0.5230899532249434,0.0,0.4965213424884121,0.4880194399134007,0.3137896830052578,0.4227075332686932,0.2553906367468634,0.5796759352416847,0.0,0.5187348067799856,0.4635349870688663,0.0,0.3988303811513322,0.5873607010466202,0.5089504963197066,0.4808313883877796,0.4949450446316465,0.5339352658910613,0.2571628065110269,0.4109853518153639,0.4834576903884163,0.5274515224745456,0.5092305450134424,0.5013369146914602,0.0,0.5062008709886925
0.3301157157432676,0.3744399433839107,0.0,0.0,0.0,0.3654197232337408,0.4167723931391545,0.5019275002015415,0.4615665863015911,0.3337570439089223,0.4508812479426152,0.2489743858991745,0.4511851338920919,0.0,0.427770968376273,0.4295955442314335,0.3757950155071879,0.3758636257747046,0.0,0.4056575154472689,0.3885819718673206,0.408188738685817,0.4950427464909147,0.2427038660005862,0.3454409492104182,0.3595235881665315,0.4150015621977592,0.3940032728331758,0.3865167572701098,0.0,0.3566715765760596,0.3550037583780452,0.0,0.2987206212142615,0.3999321771998953,0.2740602364856737,0.347454456649147,0.1990414878060356,0.3294147796936038,0.2852765450679951,0.3206016930127525,0.3339954037350853,0.0,0.0,0.1965678919726326,0.4609913604763468,0.4126745491903831,0.0,0.0,0.0,0.0,0.0,0.0,0.0,0.3519829244229768,0.0,0.3604308105882807,0.0,0.0,0.5093150735719629,0.3967486609763818,0.4009300517077399,0.3789388479273692,0.0,0.4416678461286004,0.4617648073451491,0.4542499921336869,0.5197376749584754,0.348776350424874,0.3903653578139578,0.4335561078590748,0.4593820682018467,0.0,0.403145930613969,0.0,0.3465173516550038
0.3469768590766725,0.371125727036621,0.4805970309937265,0.2583985708857701,0.4491821543069212,0.4484047641954503,0.4079423019058414,0.4738893406150203,0.4647515761327752,0.3160696024949296,0.4776460960870365,0.272587475966046,0.4177547488369433,0.440303421966029,0.4431911029509229,0.3985480292132285,0.3738022526196725,0.3813759920818053,0.4889639971392716,0.455080790841371,0.3909567934695551,0.4322112769537696,0.4802645257382849,0.2683787310562219,0.3645598217182677,0.3728159472662423,0.4719477538997136,0.3887422405270646,0.4316772326005695,0.3964678895605519,0.2892485604001603,0.3622968722360368,0.2987206212142615,0.0,0.2941216308517056,0.3496240936158906,0.2754633170524259,0.2481127647357284,0.3661332859887052,0.3388067424132432,0.4242900844306101,0.3620363987487247,0.3427965436216699,0.0,0.0,0.4602794656663206,0.4466316351436245,0.0,0.0,0.0,0.5858550435722597,0.0,0.5324010422024206,0.0,0.3708426563041831,0.0,0.3863974315963749,0.0,0.0,0.5138449858953336,0.4174030610618885,0.0,0.3679378549830462,0.0,0.4951305665228886,0.4974082965571781,0.4886653683000181,0.5494873973026063,0.3525567420353097,0.3967182476949152,0.456544557218799,0.5396764055000961,0.5655627001654239,0.5111399663360473,0.0,0.5325513066967742
0.3898235143368025,0.4362921684415704,0.4656956711363249,0.2821054171720867,0.4344843740509054,0.4429164592976083,0.3976651605894135,0.4733452542383556,0.4688518254522295,0.3471215326680208,0.463974855019999,0.3582923905737616,0.4005355019192846,0.0,0.4885593308854415,0.46158000454309,0.3750633190283231,0.3846850702398574,0.4658987717918614,0.4934323983035185,0.4337830881070154,0.488770997117693,0.5139304082988775,0.3160595871570825,0.3763020315274032,0.4052105244186237,0.4822102980822882,0.3726377517000787,0.4653142578636628,0.4158328709518565,0.2990550265186481,0.3722479579255764,0.3999321771998953,0.2941216308517056,0.0,0.3904160533613978,0.3518282838408287,0.318435237394949,0.3442468871664751,0.3535753027673939,0.3671841495487027,0.3789126325492536,0.3508139260092726,0.3287110207851905,0.0,0.0,0.4691625361241995,0.0,0.0,0.0,0.0,0.0,0.0,0.0,0.0,0.0,0.0,0.0,0.0,0.5376984498682799,0.444307622509792,0.0,0.0,0.0,0.5308408235802085,0.0,0.5166923759490626,0.5625971075057512,0.0,0.4010343528478342,0.4683926039860855,0.5554355171493514,0.0,0.4860164087692283,0.0,0.0
0.0,0.0,0.4624507373415529,0.1421875739896931,0.240567722061836,0.4391083476376751,0.275978124727348,0.3156983187678525,0.4341203081878753,0.2316730945478843,0.3589801869445353,0.3074263412670323,0.3060667461234423,0.2281505531731375,0.5239171604446217,0.0,0.0,0.0,0.4388275660496045,0.5084149748490728,0.4773563318359212,0.5056745108301562,0.455799493621547,0.0,0.0,0.4929655627971761,0.467721832146442,0.2476723517029619,0.458132767951979,0.0,0.3863644837302287,0.289823720253872,0.2740602364856737,0.3496240936158906,0.3904160533613978,0.0,0.2159450235322168,0.0,0.330032228540971,0.3321456193175729,0.3563234053092796,0.37056950771821,0.3493855428099787,0.3340143818474021,0.0,0.0,0.0,0.5197698950003494,0.0,0.0,0.5132802586750755,0.4771144949340948,0.4673245200937858,0.4887232192037534,0.0,0.3983082352355105,0.0,0.0,0.410306596025874,0.0,0.0,0.0,0.0,0.5047603876315597,0.0,0.0,0.0,0.5206220188018952,0.0,0.0,0.0,0.5229273846379252,0.4651173329856242,0.4824183692897155,0.0,0.0
0.0,0.0,0.4617885632421423,0.138192365878428,0.1978863317540508,0.4440535286976447,0.2918161656232576,0.2712302200366859,0.4734107657160188,0.2785817527020109,0.3171101341788909,0.3742811320703181,0.3200473500592286,0.1785958813395144,0.0,0.0,0.0,0.0,0.4471248656033477,0.0,0.0,0.0,0.4938849078927559,0.0,0.0,0.0,0.4524274460589089,0.2390877532151127,0.0,0.0,0.3182574800368857,0.3496168155919983,0.347454456649147,0.2754633170524259,0.3518282838408287,0.2159450235322168,0.0,0.2939594366893523,0.3039619988195822,0.0,0.3410097195843893,0.3553235911286135,0.0,0.0,0.0,0.0,0.0,0.0,0.0,0.0,0.0,0.0,0.0,0.0,0.0,0.0,0.0,0.0,0.0,0.0,0.0,0.0,0.0,0.0,0.0,0.0,0.0,0.0,0.0,0.0,0.0,0.0,0.0,0.0,0.0,0.0
0.0,0.0,0.0,0.0,0.0,0.0,0.4172919341853224,0.0,0.5671485061241897,0.2919797896695857,0.4607747142838914,0.2258256509809353,0.4484220889038865,0.0,0.0,0.0,0.2783119711672929,0.0,0.0,0.0,0.0,0.0,0.0,0.2180169146895341,0.3315064379661358,0.3303652574224102,0.0,0.3855584062869738,0.0,0.0,0.3066463713371872,0.2963360297800169,0.1990414878060356,0.2481127647357284,0.318435237394949,0.0,0.2939594366893523,0.0,0.2959945778786502,0.1969796064253539,0.2188356379969618,0.0,0.0,0.0,0.2070738528095511,0.0,0.0,0.0,0.0,0.0,0.0,0.0,0.0,0.0,0.3034360792806519,0.0,0.3029419516856448,0.0,0.0,0.0,0.0,0.0,0.0,0.0,0.0,0.0,0.0,0.0,0.1989606949619471,0.0,0.3912682838043014,0.0,0.0,0.0,0.0,0.0
0.455409966942264,0.4695151312703143,0.5008833655943478,0.0,0.0,0.5054316011356456,0.0,0.4937306727146922,0.5029275924582738,0.3372040987872331,0.4543709247373028,0.2995312300809675,0.4010875583952039,0.0,0.5179040680699175,0.4593921414948754,0.0,0.4200219402610787,0.491784795275284,0.530098248674399,0.4841770354926934,0.4873627765810556,0.5591484505459409,0.4198386855170731,0.4319533921988348,0.4612723104402487,0.5564286805657517,0.4307838431611573,0.5156825915142483,0.5380295330619382,0.4630200849338639,0.2588616557707407,0.3294147796936038,0.3661332859887052,0.3442468871664751,0.330032228540971,0.3039619988195822,0.2959945778786502,0.0,0.3533699639486685,0.3733839820902792,0.3944812960122905,0.2907951381592251,0.3673220072306383,0.298718530264873,0.3979158893083704,0.4213039000317461,0.4625117199433851,0.305506267947971,0.3872103902332012,0.4339919200423409,0.4355694493406403,0.3043978410726882,0.4647305080179792,0.3774855310965768,0.3687907278675806,0.2924064302637892,0.4420121213817775,0.3108322017794281,0.4294076065771227,0.435051924171027,0.409518064984486,0.4200519427672131,0.4441394395075131,0.4611278134408971,0.4157676973387651,0.4418852104486029,0.4485424935125985,0.3712308190060303,0.4116632495281345,0.4061263528026776,0.4592299402294669,0.416657288803261,0.4566352971636977,0.4264648997844523,0.4025611938292353
0.4229363475914811,0.4368803706600666,0.0,0.0,0.0,0.0,0.0,0.0,0.0,0.3230157200968733,0.0,0.3146882423658169,0.0,0.0,0.5188190903995767,0.4263970766044195,0.3256194815388259,0.3494996351019278,0.0,0.4880723800071041,0.4832644188761261,0.4710874145042552,0.0,0.2816802202532154,0.3510306455677566,0.3749666988082949,0.0,0.0,0.0,0.0,0.3470038345206458,0.3023656753999637,0.2852765450679951,0.3388067424132432,0.3535753027673939,0.3321456193175729,0.0,0.1969796064253539,0.3533699639486685,0.0,0.2925957947727799,0.382000647046989,0.42522217263541,0.3347295725767084,0.2350696448755154,0.3216509804630152,0.3532397014961856,0.0,0.0,0.0,0.4025377056963615,0.4224693721766929,0.0,0.4639194186393562,0.331387385346048,0.0,0.2583462120599645,0.4763133369394161,0.0,0.3953198560454224,0.371296172246905,0.3530210431831151,0.3260179267957135,0.0,0.3951006953176539,0.3700709575275065,0.3859266937593607,0.4169020716414566,0.2451344419031902,0.3222362604491077,0.3424228922446661,0.4094157119492042,0.3827632860768373,0.4007994056991004,0.3707164305304046,0.3226552677352406
0.4407299335365713,0.4463239035033591,0.0,0.0,0.0,0.5706729819144708,0.0,0.5448901441976546,0.0,0.3453731468078142,0.0,0.3416626996227526,0.0,0.0,0.535170721919879,0.4470078197568063,0.3352632156080846,0.3899462731504462,0.0,0.6838797211882524,0.4645272161472937,0.4631001083722397,0.5654098774631092,0.3065490241720788,0.3925653588326201,0.4079748983134251,0.5872491346965619,0.4850239048246798,0.5343252842134192,0.0,0.4131349597654055,0.3642089764973232,0.3206016930127525,0.4242900844306101,0.3671841495487027,0.3563234053092796,0.3410097195843893,0.2188356379969618,0.3733839820902792,0.2925957947727799,0.0,0.3527687053908963,0.4021104456878107,0.2725743283136628,0.2747204513180368,0.3535384939056032,0.3885141611528694,0.4951084415654073,0.2647010953950736,0.4550651024616887,0.4565722466505321,0.4301978118596149,0.48072683937199,0.4993907329777087,0.3102451039783366,0.506391274590914,0.3081737932136459,0.4546990528406452,0.4117721249193631,0.4207518761966798,0.391148581233997,0.3754511784819511,0.3689213977538436,0.4923588061453608,0.4192475248320167,0.3722048350222764,0.4059539741260806,0.4814338448851402,0.2831600407209707,0.3579487663297772,0.3655915592496611,0.465617745774199,0.3891187383232717,0.4272440624619498,0.3934457546420338,0.2913379954970993
0.0,0.4925008174691511,0.0,0.0,0.0,0.5290426128485467,0.0,0.0,0.0,0.0,0.0,0.0,0.0,0.0,0.5370816943685977,0.4917401729148685,0.0,0.3862495510438004,0.0,0.5449852158922739,0.0,0.4938684719620135,0.5760080779914746,0.0,0.4147782877653334,0.4599821028597318,0.5705644561843088,0.3332931696968649,0.5069887706290667,0.0,0.0,0.3431354202949191,0.3339954037350853,0.3620363987487247,0.3789126325492536,0.37056950771821,0.3553235911286135,0.0,0.3944812960122905,0.382000647046989,0.3527687053908963,0.0,0.4851248445603211,0.3510374488110255,0.3508300653291447,0.4038207227255391,0.437636420410725,0.4895254398139502,0.2921161653484895,0.4186491680567411,0.4621374993328409,0.4299039308954345,0.4862912715212161,0.4883151847284752,0.3681010449912769,0.4825418760938085,0.3539839370985634,0.4644902502864363,0.0,0.4627468309184702,0.4112893038158115,0.3832767055069277,0.3892649738632091,0.5009330839040136,0.4829997305959486,0.4543614474203762,0.4759861665666527,0.4769023874540996,0.3407951530272585,0.373981179672158,0.406642425062745,0.4786548441935178,0.3669773735591462,0.4602272931580687,0.4246467202584277,0.3233383484916863
