0.0,0.3376698391047427,0.0,0.0,0.0,0.0,0.0,0.4542845344720008,0.0,0.3588267898595332,0.0,0.3349699011704379,0.0,0.0,0.3829374037114016,0.3662357091755179,0.3316431951250061,0.3445468909675613,0.0,0.4050903491466262,0.3617821245689747,0.3409430156304533,0.4435836738232456,0.3313295630521713,0.3336609639131579,0.3382436950458807,0.4311675293940388,0.3926440577298867,0.444906278308425,0.0,0.3144451593929097,0.3685335465513062,0.2907819565441134,0.3136899508427465,0.3593117313400679,0.0,0.0,0.0,0.4053213799196857,0.3845126618146337,0.4025250786266318,0.0,0.0,0.0,0.0,0.4004554813463141,0.4275468135333771,0.0,0.0,0.0,0.0,0.0,0.0,0.0,0.0,0.0,0.0,0.0,0.0,0.0,0.4139249452575341,0.0,0.3970844032451407,0.0,0.0,0.2926632022448786,0.4168864264049547,0.0,0.0,0.4141139656133983,0.4284717885767871,0.0,0.0,0.0,0.0,0.4111840351794976
0.3376698391047427,0.0,0.0,0.0,0.0,0.3565193845073284,0.3763231934255928,0.4247327362412525,0.3560399675890726,0.0,0.0,0.0,0.3683048351714086,0.0,0.3745152744629068,0.3750748930565501,0.0,0.3650124931541677,0.0,0.3826090854325885,0.3506552631511214,0.3642687736957311,0.3984774683858208,0.0,0.3428843315075586,0.3512212051730873,0.3903172657797767,0.3802317165833797,0.3762393138261575,0.0,0.3248057664913851,0.363581506294191,0.3296373015940499,0.3275899328773764,0.3860045669101791,0.0,0.0,0.0,0.4314856088608177,0.4098861154113734,0.4266472938506334,0.4564264383887875,0.0,0.0,0.0,0.4172659900335873,0.4481157246177628,0.0,0.0,0.0,0.457857604169946,0.0,0.0,0.0,0.0,0.0,0.0,0.0,0.0,0.4637678707085297,0.4212847064249161,0.0,0.3899088427715339,0.0,0.4278681772494729,0.4203233417878354,0.4622145165641642,0.4676778849262429,0.0,0.4136617954399464,0.4487847345965164,0.4550659403438446,0.0,0.4355376214867336,0.0,0.402658683412487
0.0,0.0,0.0,0.0,0.376403737483828,0.3326401587891777,0.4018672790461022,0.4602469167623728,0.284058972519608,0.4648212534202451,0.2924856654491559,0.0,0.405248767367998,0.366722705648029,0.0,0.0,0.0,0.0,0.2529250823443318,0.0,0.0,0.0,0.3018636262120678,0.0,0.0,0.0,0.3045959064647519,0.4058767051653643,0.0,0.0,0.413739299461169,0.387856653982972,0.0,0.4117696454466762,0.418682047015196,0.381853869623577,0.4162941247879113,0.0,0.4898612001941978,0.0,0.6763407750058555,0.0,0.452461024145269,0.0,0.0,0.0,0.0,0.2859431634927641,0.0,0.4721329888596272,0.546223023268805,0.5550313634020869,0.5177952153301622,0.4700719623419783,0.0,0.2577544010419884,0.0,0.5835582797871987,0.4103049115489189,0.0,0.0,0.0,0.0,0.2128827032263051,0.0,0.0,0.0,0.5407793136290029,0.0,0.0,0.0,0.5278261854372132,0.536579904766991,0.0,0.0,0.0
0.0,0.0,0.0,0.0,0.2455936673543242,0.3761679018494159,0.2552171826532327,0.3367215362913621,0.3810574279622056,0.2067367651339642,0.3274113740307478,0.0,0.2737770460962297,0.2463565052556385,0.0,0.0,0.0,0.0,0.3914112684114347,0.0,0.0,0.0,0.3952645317821103,0.0,0.0,0.0,0.387507033941087,0.2127435231675908,0.0,0.0,0.198731370916471,0.2641982839125604,0.0,0.2561471771869448,0.2681166474847999,0.1668401261098877,0.1382649666874108,0.0,0.0,0.0,0.0,0.0,0.0,0.0,0.0,0.0,0.0,0.0,0.0,0.0,0.0,0.0,0.0,0.0,0.0,0.0,0.0,0.0,0.0,0.0,0.0,0.0,0.0,0.0,0.0,0.0,0.0,0.0,0.0,0.0,0.0,0.0,0.0,0.0,0.0,0.0
0.0,0.0,0.376403737483828,0.2455936673543242,0.0,0.3739074569795204,0.2872249682438297,0.3930752972998658,0.3218870028986474,0.3007243610872907,0.3056909243016836,0.0,0.3306013755537815,0.2965251915649026,0.0,0.0,0.0,0.0,0.3661494509811386,0.370943302019344,0.0,0.0,0.3938470357762189,0.0,0.0,0.0,0.393360186297884,0.3092442220977686,0.3754487821676271,0.0,0.423279250793582,0.3370042964258242,0.0,0.4090480841139228,0.3876366113042388,0.2296464213995297,0.2122016760631106,0.0,0.4867626426039643,0.0,0.0,0.0,0.0,0.0,0.0,0.0,0.0,0.5021524131681725,0.0,0.0,0.5380151100911704,0.0,0.4744268958218317,0.5449590720660075,0.0,0.4275082376040119,0.0,0.0,0.0,0.0,0.0,0.0,0.0,0.4923298516653352,0.0,0.0,0.0,0.5004575773615996,0.0,0.0,0.0,0.5145917384918091,0.0,0.0,0.0,0.0
0.0,0.3565193845073284,0.3326401587891777,0.3761679018494159,0.3739074569795204,0.0,0.390698903354655,0.4151744361207296,0.3296568325890188,0.4034173724008696,0.3752534242795498,0.0,0.3695141788164223,0.4249443370722866,0.3845982260986158,0.3769982127185549,0.0,0.3704855358759247,0.3791205351778928,0.3865410231796579,0.3891706380734819,0.3716141850339269,0.3686579785552352,0.0,0.3520964274902357,0.3799124740777423,0.3599812217155046,0.3648285287092027,0.3616096520552553,0.3754787119053218,0.3829829135202574,0.3803078974279819,0.3402363628799763,0.3971577334425362,0.3979441363544792,0.3925412910323801,0.3992118637148446,0.4403642311956428,0.460215915449279,0.0,0.4888891447647546,0.5299005188511539,0.4733330955924912,0.0,0.0,0.0,0.0,0.5284787856258019,0.0,0.5740409598397496,0.5019787332263461,0.5143815429072175,0.4740737625896101,0.5409325295887574,0.0,0.514962758821026,0.0,0.5002020070105263,0.0,0.460676124898506,0.0,0.0,0.0,0.5207702056369328,0.4540805275184785,0.4774642449339776,0.4578562209853771,0.5013219948871566,0.0,0.0,0.0,0.4951631047608791,0.4741026367421466,0.4613074154351553,0.0,0.4958625497475072
0.0,0.3763231934255928,0.4018672790461022,0.2552171826532327,0.2872249682438297,0.390698903354655,0.0,0.4455201882332414,0.3687800935607891,0.3615285483049968,0.4031129614155105,0.3615917400752143,0.3027562882139366,0.3165318997694565,0.0,0.4048780192994076,0.4168109972967216,0.3990579568226663,0.4082525160209913,0.3872879941365617,0.0,0.3938773125259464,0.3979960577313365,0.378471970073004,0.3787818603737203,0.3784647663903625,0.3999861821816995,0.3252209240451306,0.3936223148166357,0.0,0.3416205017463345,0.3714058734413584,0.3879570747133866,0.3670737211250044,0.3443919500075375,0.2531610041353175,0.27358801972282,0.3751450078285613,0.4615446535629148,0.0,0.5196822501420568,0.0,0.0,0.0,0.0,0.0,0.0,0.0,0.0,0.0,0.5263740433830422,0.0,0.5149549937381164,0.0,0.0,0.0,0.0,0.0,0.0,0.0,0.0,0.0,0.0,0.0,0.0,0.0,0.0,0.4958460199009678,0.0,0.0,0.0,0.49903885565551,0.0,0.0,0.0,0.0
0.4542845344720008,0.4247327362412525,0.4602469167623728,0.3367215362913621,0.3930752972998658,0.4151744361207296,0.4455201882332414,0.0,0.43805768428576,0.0,0.3124233536615702,0.5157529571033775,0.427307847533917,0.3514935731277311,0.4052274472539696,0.4465533434356681,0.0,0.4340902607160207,0.4160030509548492,0.0,0.3975542796383039,0.0,0.3639716975121719,0.4458222182961955,0.433041114783415,0.4380195455124931,0.4356448627616783,0.40824133930521,0.3813886922697946,0.3926839410811244,0.4313044140651129,0.2992856181899223,0.4534960337014253,0.4379177776484677,0.4272991723449456,0.3055923583317885,0.2933615760661496,0.0,0.4673584963599274,0.0,0.4827227411788092,0.0,0.4416881384010482,0.0,0.0,0.0,0.0,0.5281219963973658,0.0,0.0,0.4655047524825261,0.4892876121584946,0.4122298201781713,0.5076480955734544,0.0,0.4514703712565793,0.0,0.467349891881988,0.0,0.4995694288903163,0.0,0.0,0.0,0.5232828846653131,0.4887629661309435,0.492099686951693,0.0,0.4674801550860731,0.0,0.0,0.0,0.4883616602045645,0.4623007313407977,0.4504259185168339,0.0,0.4943692276731064
0.0,0.3560399675890726,0.284058972519608,0.3810574279622056,0.3218870028986474,0.3296568325890188,0.3687800935607891,0.43805768428576,0.0,0.4205243876315788,0.3210618294473155,0.0,0.3561981378027183,0.3516443801024958,0.0,0.0,0.0,0.5359074212893437,0.26616512049625,0.33007110167645,0.0,0.3577247311048294,0.3675157655678758,0.0,0.3813338044546052,0.0,0.3543537573265488,0.3894246439045733,0.3585060168968653,0.389899701219691,0.4103231277681263,0.3815005379718548,0.4260245848728025,0.4101867426031459,0.4072200308886121,0.3759128032565692,0.4025709462722913,0.4385643591908469,0.4779645334677294,0.0,0.0,0.0,0.4447116310537974,0.0,0.0,0.0,0.0,0.5200605588529582,0.0,0.0,0.5270883499837323,0.0,0.5125323573401106,0.5391743895328145,0.0,0.4373336887395226,0.0,0.0,0.4027506314665903,0.0,0.0,0.0,0.0,0.515562591606429,0.0,0.0,0.0,0.525031192535721,0.0,0.0,0.0,0.5406769625016893,0.0,0.0,0.0,0.0
0.3588267898595332,0.0,0.4648212534202451,0.2067367651339642,0.3007243610872907,0.4034173724008696,0.3615285483049968,0.0,0.4205243876315788,0.0,0.4183417311996234,0.2632291639934063,0.3706541292471171,0.0,0.0,0.3664338020872982,0.3116691687631782,0.3378118573578537,0.4318586652214344,0.0,0.0,0.391266568885565,0.4263569883139947,0.3013342528145151,0.3264309976555513,0.3182760283071281,0.431660348600402,0.3294317253171316,0.0,0.0,0.3130495295755782,0.3195676949033885,0.2975469693288454,0.298754639238934,0.3230342278545579,0.2526912068727673,0.2660735634664116,0.275652579111683,0.316429602917433,0.2989742483284447,0.2988859191609626,0.306802808702839,0.0,0.0,0.265996247146203,0.4169242045489694,0.0,0.0,0.0,0.0,0.0,0.0,0.0,0.0,0.3949875728800189,0.0,0.3931604598966756,0.0,0.0,0.0,0.0,0.413574982341924,0.384584804614943,0.0,0.0,0.0,0.0,0.0,0.3984942448783012,0.402676068040805,0.4168190967334877,0.0,0.3382625360866612,0.0,0.0,0.3195678781960085
0.0,0.0,0.2924856654491559,0.3274113740307478,0.3056909243016836,0.3752534242795498,0.4031129614155105,0.3124233536615702,0.3210618294473155,0.4183417311996234,0.0,0.4355168859302583,0.4159779842277279,0.2702358196012444,0.0,0.0,0.0,0.0,0.2462303502451843,0.0,0.0,0.0,0.3538083048455121,0.0,0.0,0.0,0.3640274192375802,0.4090150154024446,0.0,0.0,0.42114100553818,0.3461033686403478,0.4517709542347227,0.4183726465691827,0.4185084030914903,0.3197211615224881,0.3278446875344933,0.4226432507178453,0.4513853702674536,0.0,0.0,0.0,0.3905757307983479,0.0,0.0,0.0,0.0,0.4771819402389076,0.0,0.0,0.5416229114112411,0.5480906363734206,0.4546839028227231,0.4964446506875757,0.0,0.3621231093844957,0.0,0.0,0.3908440113587927,0.0,0.0,0.0,0.0,0.4000589102032433,0.0,0.0,0.0,0.5030883266488014,0.0,0.0,0.0,0.5107484554231385,0.5354092628726704,0.0,0.0,0.0
0.3349699011704379,0.0,0.0,0.0,0.0,0.0,0.3615917400752143,0.5157529571033775,0.0,0.2632291639934063,0.4355168859302583,0.0,0.3642402629859508,0.0,0.0,0.0,0.3130907790966298,0.3512911875656093,0.0,0.0,0.4297515506001279,0.0,0.4978301784896234,0.2740864553705334,0.3488658906125608,0.2850416371605441,0.0,0.3350596229646762,0.0,0.0,0.3028993806186763,0.2512621391621692,0.2442328481742547,0.2599353866484672,0.3059652398334315,0.2884819991311362,0.3303064005471584,0.2170068021475516,0.2659638216884123,0.3064979275064777,0.3032539038660198,0.2940557520763567,0.0,0.0,0.2885766233892044,0.0,0.0,0.0,0.0,0.0,0.0,0.0,0.0,0.0,0.3927371153642331,0.0,0.3933876083703986,0.0,0.0,0.0,0.0,0.4077187792290677,0.3883346157298849,0.0,0.0,0.0,0.0,0.0,0.3789966671090146,0.404090842994971,0.417141410194738,0.0,0.349022290017374,0.0,0.0,0.3488413850325785
0.0,0.3683048351714086,0.405248767367998,0.2737770460962297,0.3306013755537815,0.3695141788164223,0.3027562882139366,0.427307847533917,0.3561981378027183,0.3706541292471171,0.4159779842277279,0.3642402629859508,0.0,0.3302909304325223,0.3707666425103172,0.405330155093593,0.3966635995827952,0.3946101734760651,0.4105892941475678,0.3848521582085784,0.399666892859238,0.3989273546321958,0.4017885963952629,0.3728477431358608,0.3785114124840525,0.3744598170292256,0.398313698197733,0.3417164734855522,0.3819449519872068,0.3601568202074294,0.3680555376896729,0.3737074771331228,0.3868234993535722,0.371490508214166,0.3641348353275889,0.2779096360366403,0.3005757191202777,0.365000977279704,0.3959176949203999,0.0,0.0,0.4963577961392695,0.4659986470410391,0.0,0.0,0.0,0.0,0.0,0.0,0.0,0.5003726143427979,0.0,0.4722073402486643,0.0,0.0,0.0,0.0,0.0,0.0,0.0,0.0,0.0,0.0,0.0,0.0,0.0,0.0,0.4895858367324904,0.0,0.6622319134641947,0.0,0.4802983618440682,0.0,0.5111244733366547,0.0,0.0
0.0,0.0,0.366722705648029,0.2463565052556385,0.2965251915649026,0.4249443370722866,0.3165318997694565,0.3514935731277311,0.3516443801024958,0.0,0.2702358196012444,0.0,0.3302909304325223,0.0,0.0,0.0,0.0,0.0,0.35312390911927,0.0,0.0,0.0,0.4281674479219151,0.0,0.0,0.0,0.4415049851164223,0.2724603571973462,0.0,0.0,0.0,0.2983692320480787,0.0,0.3855651103926943,0.0,0.2307827604399651,0.1755730317648037,0.0,0.3539737695685707,0.0,0.0,0.0,0.3631807000549026,0.0,0.0,0.0,0.0,0.5103300064804979,0.0,0.0,0.0,0.0,0.0,0.4767514969748761,0.0,0.4365347610490059,0.0,0.0,0.0,0.0,0.0,0.0,0.0,0.0,0.0,0.0,0.0,0.4865999438878481,0.0,0.0,0.0,0.5369525068136265,0.0,0.0,0.0,0.0
0.3829374037114016,0.3745152744629068,0.0,0.0,0.0,0.3845982260986158,0.0,0.4052274472539696,0.0,0.0,0.0,0.0,0.3707666425103172,0.0,0.0,0.3950735870208302,0.0,0.3677879236441357,0.0,0.341025105012254,0.3790254927965034,0.3545755181653899,0.3689933779669724,0.4485219607016862,0.3599158478110407,0.3478846961285585,0.4130433690511103,0.3824269334753762,0.3924315602554805,0.0,0.3663675082634396,0.3930210556628232,0.3746961850481644,0.3903597562341167,0.4337534023214541,0.4371951366424217,0.0,0.0,0.4497452308291957,0.4758970345775599,0.452996681977759,0.4723697986432632,0.4160489773072089,0.0,0.0,0.0,0.455239761281248,0.0,0.0,0.0,0.4535081481092843,0.0,0.4454086063571782,0.0,0.0,0.0,0.0,0.5803278191179352,0.0,0.4500406319415975,0.0,0.0,0.0,0.0,0.46315906999062,0.4546212708165194,0.4801183414447028,0.4820293760594523,0.0,0.5013032810513751,0.4710203447762645,0.4733609771227197,0.4824957338114738,0.4530193226617324,0.0,0.4718645395112246
0.3662357091755179,0.3750748930565501,0.0,0.0,0.0,0.3769982127185549,0.4048780192994076,0.4465533434356681,0.0,0.3664338020872982,0.0,0.0,0.405330155093593,0.0,0.3950735870208302,0.0,0.3500486891672265,0.3003616797699843,0.0,0.3851774824591597,0.3836349757793572,0.3679436073962625,0.4239563910632221,0.3579668619122773,0.3586375673383958,0.3797516514351352,0.4033094619662231,0.4047882052923587,0.3982291202320187,0.4008383712592335,0.3464708376548774,0.4177065025037425,0.3659558351835367,0.3484875282665034,0.4132785136238211,0.0,0.0,0.0,0.4361528784513674,0.3994391354640166,0.4126733364502339,0.450758323154077,0.0,0.0,0.0,0.4370015518193167,0.4300222052826363,0.0,0.0,0.0,0.0,0.0,0.0,0.0,0.0,0.0,0.0,0.0,0.0,0.4585221450457036,0.4108582559585068,0.0,0.3872491095277606,0.0,0.4536268404695474,0.444563475607974,0.4373411902227906,0.581807657503074,0.0,0.40273071499237,0.4438608800542266,0.5253974265380875,0.0,0.4875905694503247,0.0,0.3892370246429874
0.3316431951250061,0.0,0.0,0.0,0.0,0.0,0.4168109972967216,0.0,0.0,0.3116691687631782,0.0,0.3130907790966298,0.3966635995827952,0.0,0.0,0.3500486891672265,0.0,0.3020833913918928,0.0,0.3836768103611424,0.0,0.3624716287407211,0.0,0.3351837310679109,0.3425298565304189,0.3367576357648022,0.0,0.3755042909729429,0.4076833354905059,0.0,0.3317220347562256,0.3746461863563233,0.3241941404006451,0.3300952862266977,0.336669114189822,0.0,0.0,0.2855704907865787,0.0,0.321636718043118,0.0,0.0,0.0,0.0,0.0,0.0,0.0,0.0,0.0,0.0,0.0,0.0,0.0,0.0,0.399817994542907,0.0,0.4059065466969707,0.0,0.0,0.0,0.0,0.423399047267853,0.3934033643802499,0.0,0.0,0.0,0.0,0.0,0.4307449802172277,0.4208734338145133,0.4255538047673734,0.0,0.0,0.0,0.0,0.0
0.3445468909675613,0.3650124931541677,0.0,0.0,0.0,0.3704855358759247,0.3990579568226663,0.4340902607160207,0.5359074212893437,0.3378118573578537,0.0,0.3512911875656093,0.3946101734760651,0.0,0.3677879236441357,0.3003616797699843,0.3020833913918928,0.0,0.0,0.3796530640717291,0.3633717523214363,0.3763173787419486,0.4107310042124558,0.3310114562425745,0.3418835080856268,0.3471490873994662,0.3893225621222513,0.3835570801822314,0.3894705950282296,0.4040182833662742,0.3403921593750784,0.3809351624128968,0.3221336686962311,0.3359998027072354,0.3504096228735404,0.0,0.0,0.0,0.3844374433394465,0.3214187757205874,0.3593020888869986,0.3642813212847444,0.0,0.0,0.0,0.4032677499319417,0.4150921975497174,0.0,0.0,0.0,0.0,0.0,0.0,0.0,0.3820594574852591,0.0,0.3825932199229725,0.0,0.0,0.0,0.3985050598697485,0.3762705697079507,0.3700203037301411,0.0,0.0,0.0,0.4147705453359813,0.0,0.4186962579078787,0.3871223629453854,0.4042089065309871,0.0,0.0,0.0,0.0,0.3675983169247076
0.0,0.0,0.2529250823443318,0.3914112684114347,0.3661494509811386,0.3791205351778928,0.4082525160209913,0.4160030509548492,0.26616512049625,0.4318586652214344,0.2462303502451843,0.0,0.4105892941475678,0.35312390911927,0.0,0.0,0.0,0.0,0.0,0.0,0.0,0.0,0.3073053954842399,0.0,0.0,0.0,0.3377847210353109,0.4027762641470526,0.0,0.0,0.4176870772754092,0.3743732584514678,0.0,0.4137892818519014,0.4040928657098644,0.3742625618164712,0.4041444629147689,0.503076572838537,0.4908510532552996,0.0,0.0,0.0,0.4259436899466894,0.0,0.0,0.0,0.0,0.4870705457722945,0.0,0.0,0.5234001747037065,0.5991771288105452,0.4954490090570067,0.5143353828287235,0.0,0.4239475612706203,0.0,0.0,0.4094417221957475,0.0,0.0,0.0,0.0,0.4925373031714473,0.0,0.0,0.0,0.5273426245892574,0.0,0.0,0.0,0.518965071583609,0.0,0.0,0.0,0.0
0.4050903491466262,0.3826090854325885,0.0,0.0,0.370943302019344,0.3865410231796579,0.3872879941365617,0.0,0.33007110167645,0.0,0.0,0.0,0.3848521582085784,0.0,0.341025105012254,0.3851774824591597,0.3836768103611424,0.3796530640717291,0.0,0.0,0.4192071690788992,0.3440066459224982,0.3463521693928273,0.0,0.3746134524010168,0.4003482470719336,0.3759757323278788,0.362505476876048,0.3442760396886726,0.3374900361149439,0.3390068110153461,0.393478625426966,0.348423412428676,0.3925418016256212,0.4329706245172837,0.4623760851173441,0.0,0.0,0.4624114674229796,0.4426928525802074,0.4703959750525204,0.4791548491255848,0.5948219944659808,0.0,0.0,0.0,0.438402680323771,0.0,0.0,0.0,0.466876577690931,0.0,0.4976401157081877,0.0,0.0,0.0,0.0,0.0,0.0,0.4589755695602274,0.0,0.0,0.0,0.0,0.4482522473680891,0.4670167547985357,0.4544285863311817,0.4799566002486017,0.0,0.0,0.4444388542362563,0.4771144692602866,0.4875640264957192,0.450295712642616,0.6124935230534965,0.4774992549206442
0.3617821245689747,0.3506552631511214,0.0,0.0,0.0,0.3891706380734819,0.0,0.3975542796383039,0.0,0.0,0.0,0.4297515506001279,0.399666892859238,0.0,0.3790254927965034,0.3836349757793572,0.0,0.3633717523214363,0.0,0.4192071690788992,0.0,0.3813757612367682,0.3927775300039207,0.4058701534378225,0.348274998901599,0.3648552975935046,0.4294325660376817,0.4030829943892811,0.3890511197346401,0.0,0.3344033752906337,0.3717806513421518,0.3489140350416395,0.349748409601291,0.4067064272686723,0.0,0.0,0.0,0.4397682729276066,0.4298545539606139,0.4341671146308462,0.0,0.0,0.0,0.0,0.0,0.4467584955246945,0.0,0.0,0.0,0.4084242990458901,0.0,0.4024809747910877,0.0,0.0,0.0,0.0,0.0,0.0,0.4554445301047892,0.4089287821147611,0.0,0.0,0.0,0.4471221965887477,0.3592513228739711,0.4622185650606022,0.4625350577099191,0.0,0.417411978091486,0.4562332708053773,0.4599214621424301,0.4678254688980673,0.4622593978714683,0.0,0.0
0.3409430156304533,0.3642687736957311,0.0,0.0,0.0,0.3716141850339269,0.3938773125259464,0.0,0.3577247311048294,0.391266568885565,0.0,0.0,0.3989273546321958,0.0,0.3545755181653899,0.3679436073962625,0.3624716287407211,0.3763173787419486,0.0,0.3440066459224982,0.3813757612367682,0.0,0.4071431528757515,0.0,0.3755527273466151,0.3563047466293181,0.402950845264396,0.3825455112409276,0.3697625517278669,0.3641958367144905,0.3456641518678949,0.389865582233166,0.3548659764234563,0.3777565989066307,0.4335685028345232,0.4541269957470525,0.0,0.0,0.4342553370757641,0.4329128615614178,0.4250693091684675,0.4469836244764539,0.0,0.0,0.0,0.0,0.4352345925898241,0.0,0.0,0.0,0.4409400137488722,0.0,0.0,0.0,0.0,0.0,0.0,0.0,0.0,0.4698870806598834,0.4089901226029264,0.0,0.4106723452327614,0.0,0.4455253306153479,0.4527766288133757,0.4501573919541515,0.4716703117226791,0.0,0.3887527378390296,0.4475378896461187,0.4511473117710097,0.5116938731088125,0.4322278059392607,0.0,0.420172489995065
0.4435836738232456,0.3984774683858208,0.3018636262120678,0.3952645317821103,0.3938470357762189,0.3686579785552352,0.3979960577313365,0.3639716975121719,0.3675157655678758,0.4263569883139947,0.3538083048455121,0.4978301784896234,0.4017885963952629,0.4281674479219151,0.3689933779669724,0.4239563910632221,0.0,0.4107310042124558,0.3073053954842399,0.3463521693928273,0.3927775300039207,0.4071431528757515,0.0,0.4404969412015335,0.4046790058379982,0.4154368150712406,0.3261232849832323,0.3983245512081415,0.383506922553944,0.4070031248403772,0.4046499201203534,0.3921545967659813,0.4023050884378839,0.4143638194413697,0.4256859258061283,0.3891711926371051,0.4035181310379025,0.0,0.4869668212824537,0.0,0.5171269047983145,0.5066689951505853,0.4905109108072888,0.5684792207317578,0.0,0.0,0.4687146006052388,0.5315045440223478,0.0,0.5156666471172425,0.5066632977221301,0.5043084529638279,0.4841348351204096,0.5375089987645403,0.0,0.481243547107325,0.0,0.4910357989250523,0.4518938565278625,0.48145839538809,0.0,0.0,0.0,0.4993933563495392,0.47838607999567,0.4671913457916806,0.4700328550441228,0.5100216312905902,0.0,0.0,0.4632921631171847,0.5062585738148654,0.4876145211016356,0.4828943731729371,0.4901219021396005,0.4957814773722251
0.3313295630521713,0.0,0.0,0.0,0.0,0.0,0.378471970073004,0.4458222182961955,0.0,0.3013342528145151,0.0,0.2740864553705334,0.3728477431358608,0.0,0.4485219607016862,0.3579668619122773,0.3351837310679109,0.3310114562425745,0.0,0.0,0.4058701534378225,0.0,0.4404969412015335,0.0,0.338399468523631,0.3383001591541386,0.5052105705469262,0.3509076046679104,0.0,0.0,0.2986431619265046,0.3006975581707869,0.2183975888574514,0.2415192015386928,0.2959530332251753,0.0,0.0,0.2117384107615808,0.3463143794583349,0.2682865374588276,0.2603435021100899,0.0,0.0,0.0,0.2573933293296737,0.4288685229335705,0.0,0.0,0.0,0.0,0.0,0.0,0.0,0.0,0.3501831461508384,0.0,0.3415767977676363,0.0,0.0,0.0,0.3776693512984061,0.4044136594358124,0.3858286424361447,0.0,0.0,0.0,0.0,0.0,0.3778829687778531,0.4004439371653472,0.4152676909779439,0.0,0.0,0.0,0.0,0.29586372196825
0.3336609639131579,0.3428843315075586,0.0,0.0,0.0,0.3520964274902357,0.3787818603737203,0.433041114783415,0.3813338044546052,0.3264309976555513,0.0,0.3488658906125608,0.3785114124840525,0.0,0.3599158478110407,0.3586375673383958,0.3425298565304189,0.3418835080856268,0.0,0.3746134524010168,0.348274998901599,0.3755527273466151,0.4046790058379982,0.338399468523631,0.0,0.3400059540427264,0.3783218789610751,0.3789218296420923,0.3788672606463774,0.0,0.3436796693631195,0.3699647538446958,0.302672472102826,0.3248402708064781,0.3389855505057588,0.0,0.0,0.3112738274608029,0.406912436984826,0.3431795918551571,0.3629903444904694,0.3807150956983655,0.0,0.0,0.0,0.410661912817098,0.4396492828859653,0.0,0.0,0.0,0.0,0.0,0.0,0.0,0.3845816343426962,0.0,0.3833828124155136,0.0,0.0,0.4616048806265733,0.410559163273359,0.3843239947609581,0.3783036940498356,0.0,0.4255727335860895,0.4231967072397162,0.4137929443396194,0.0,0.414151413323953,0.3964371250138314,0.4111093036193179,0.0,0.0,0.4400459038512861,0.0,0.3669565688289891
0.3382436950458807,0.3512212051730873,0.0,0.0,0.0,0.3799124740777423,0.3784647663903625,0.4380195455124931,0.0,0.3182760283071281,0.0,0.2850416371605441,0.3744598170292256,0.0,0.3478846961285585,0.3797516514351352,0.3367576357648022,0.3471490873994662,0.0,0.4003482470719336,0.3648552975935046,0.3563047466293181,0.4154368150712406,0.3383001591541386,0.3400059540427264,0.0,0.4340768179773247,0.3696606883833553,0.3746318048182482,0.0,0.332757917349203,0.370539677273456,0.3147944632953547,0.3271387262315183,0.3640199006220528,0.4455625838568866,0.0,0.3008343177780664,0.4136077318137862,0.3547766835303779,0.379499841221407,0.4156149897393981,0.0,0.0,0.297327227448989,0.4221601185242311,0.4504334522786827,0.0,0.0,0.0,0.4582932112239994,0.0,0.0,0.0,0.4017474005838949,0.0,0.4000255368822765,0.0,0.0,0.4684406712236256,0.420023277719766,0.4007314461253876,0.3884742995981354,0.0,0.4329749874580656,0.4200113687530983,0.4557067904514842,0.0,0.4271015113660356,0.4049588589755756,0.4239098465424287,0.4589227226770044,0.3716921736739657,0.4402982148962905,0.0,0.3779692116103283
0.4311675293940388,0.3903172657797767,0.3045959064647519,0.387507033941087,0.393360186297884,0.3599812217155046,0.3999861821816995,0.4356448627616783,0.3543537573265488,0.431660348600402,0.3640274192375802,0.0,0.398313698197733,0.4415049851164223,0.4130433690511103,0.4033094619662231,0.0,0.3893225621222513,0.3377847210353109,0.3759757323278788,0.4294325660376817,0.402950845264396,0.3261232849832323,0.5052105705469262,0.3783218789610751,0.4340768179773247,0.0,0.3925994397467463,0.3817019734392895,0.3859569867537446,0.3852834100315253,0.3926262545624753,0.3589497721413384,0.40694513809088,0.4224816269754034,0.4099349825822428,0.4006328496715777,0.0,0.4802008424806349,0.0,0.4911320558423683,0.4945323021415078,0.4740845150765083,0.7396127762370572,0.0,0.0,0.5021634178056008,0.5439526175525521,0.0,0.0,0.5107439773583816,0.5119522625594926,0.4966614624768941,0.5514847682279541,0.0,0.5016656512062284,0.0,0.4876454798491552,0.4998068344939594,0.4737104876694437,0.0,0.0,0.0,0.5291569372612811,0.46809881245255,0.4858295277020115,0.4638849564435163,0.5098032721123107,0.0,0.0,0.4718523060073495,0.5010262613152116,0.4808034169252597,0.4708829278194948,0.5002847120403188,0.4883073363946912
0.3926440577298867,0.3802317165833797,0.4058767051653643,0.2127435231675908,0.3092442220977686,0.3648285287092027,0.3252209240451306,0.40824133930521,0.3894246439045733,0.3294317253171316,0.4090150154024446,0.3350596229646762,0.3417164734855522,0.2724603571973462,0.3824269334753762,0.4047882052923587,0.3755042909729429,0.3835570801822314,0.4027762641470526,0.362505476876048,0.4030829943892811,0.3825455112409276,0.3983245512081415,0.3509076046679104,0.3789218296420923,0.3696606883833553,0.3925994397467463,0.0,0.3256138984946914,0.319092156807808,0.3362599082574178,0.3671854515070009,0.3439327931204534,0.3466824769223919,0.3422299313752958,0.2260979065578163,0.2257379160656151,0.3401603140936001,0.3805746862166256,0.3434612220881621,0.4512936544769562,0.402617578995643,0.4909237166341246,0.0,0.0,0.0,0.0,0.0,0.0,0.0,0.4753264920865914,0.0,0.4472585872484258,0.0,0.3478734558615777,0.0,0.0,0.5278831872110671,0.0,0.4802480401343005,0.0,0.0,0.0,0.0,0.4632450525253253,0.4629077539596314,0.0,0.4777004207086393,0.0,0.5253084827580335,0.4648442397245426,0.4760732776034747,0.4840232230953543,0.4630529805927314,0.0,0.4956075812006467
0.444906278308425,0.3762393138261575,0.0,0.0,0.3754487821676271,0.3616096520552553,0.3936223148166357,0.3813886922697946,0.3585060168968653,0.0,0.0,0.0,0.3819449519872068,0.0,0.3924315602554805,0.3982291202320187,0.4076833354905059,0.3894705950282296,0.0,0.3442760396886726,0.3890511197346401,0.3697625517278669,0.383506922553944,0.0,0.3788672606463774,0.3746318048182482,0.3817019734392895,0.3256138984946914,0.0,0.3382072511244126,0.3329170150066877,0.382623343320385,0.3401784381065841,0.3796529078644613,0.4184334845327565,0.4345373728146428,0.0,0.0,0.4569090839963374,0.0,0.4719913590489088,0.4988589349840985,0.4783438170757628,0.0,0.0,0.0,0.4565770790936487,0.5380060256563161,0.0,0.0,0.4628269206066113,0.0,0.4468502523874322,0.675191877584806,0.0,0.0,0.0,0.4870570881318662,0.0,0.441115249176425,0.0,0.0,0.0,0.0,0.436779173665174,0.4337485610527127,0.4425454432447492,0.4686807460874259,0.0,0.0,0.4450271305264814,0.4620357494727131,0.4669052883299296,0.4426928439299584,0.4922452451882126,0.4662787486350064
0.0,0.0,0.0,0.0,0.0,0.3754787119053218,0.0,0.3926839410811244,0.389899701219691,0.0,0.0,0.0,0.3601568202074294,0.0,0.0,0.4008383712592335,0.0,0.4040182833662742,0.0,0.3374900361149439,0.0,0.3641958367144905,0.4070031248403772,0.0,0.0,0.0,0.3859569867537446,0.319092156807808,0.3382072511244126,0.0,0.3088836798334275,0.3849454201439063,0.0,0.3481547471818574,0.3914091719015557,0.0,0.0,0.0,0.0,0.0,0.0,0.0,0.0,0.0,0.0,0.0,0.0,0.0,0.0,0.0,0.0,0.0,0.0,0.0,0.0,0.0,0.0,0.0,0.0,0.0,0.0,0.0,0.0,0.0,0.4851435996525016,0.0,0.0,0.4833572224567908,0.0,0.0,0.0,0.4801351682188142,0.0,0.5043164145469706,0.0,0.0
0.3144451593929097,0.3248057664913851,0.413739299461169,0.198731370916471,0.423279250793582,0.3829829135202574,0.3416205017463345,0.4313044140651129,0.4103231277681263,0.3130495295755782,0.42114100553818,0.3028993806186763,0.3680555376896729,0.0,0.3663675082634396,0.3464708376548774,0.3317220347562256,0.3403921593750784,0.4176870772754092,0.3390068110153461,0.3344033752906337,0.3456641518678949,0.4046499201203534,0.2986431619265046,0.3436796693631195,0.332757917349203,0.3852834100315253,0.3362599082574178,0.3329170150066877,0.3088836798334275,0.0,0.3452960110133732,0.2963095894529122,0.2534253169499081,0.2606187063690587,0.3569324115033327,0.2858849505778068,0.2835752994048129,0.4087516555690461,0.2472783855219819,0.372904414683794,0.0,0.0,0.0,0.0,0.0,0.4048703304094935,0.0,0.0,0.0,0.4860203615467405,0.0,0.4407293349142743,0.0,0.3656192276648961,0.0,0.358609859505444,0.0,0.0,0.4604448389905749,0.3890235365925877,0.4295825330156996,0.3795505373442976,0.0,0.4328084086850508,0.4078422180892179,0.4276225764747417,0.4879567235822754,0.3538125777610586,0.3835765521906482,0.4101573016387346,0.4769759662375381,0.5040479108918579,0.450802904713254,0.0,0.5325035093138321
0.3685335465513062,0.363581506294191,0.387856653982972,0.2641982839125604,0.3370042964258242,0.3803078974279819,0.3714058734413584,0.2992856181899223,0.3815005379718548,0.3195676949033885,0.3461033686403478,0.2512621391621692,0.3737074771331228,0.2983692320480787,0.3930210556628232,0.4177065025037425,0.3746461863563233,0.3809351624128968,0.3743732584514678,0.393478625426966,0.3717806513421518,0.389865582233166,0.3921545967659813,0.3006975581707869,0.3699647538446958,0.370539677273456,0.3926262545624753,0.3671854515070009,0.382623343320385,0.3849454201439063,0.3452960110133732,0.0,0.316621057389865,0.3419667861274073,0.3473014868968535,0.2714441332497093,0.3080117089601732,0.2495704500990318,0.2382763890038747,0.2507781622062874,0.3229233493525841,0.3099041418548756,0.3230044039846558,0.3141922983842725,0.2348683600112442,0.4231624861214455,0.430949645630141,0.4852055062233354,0.0,0.0,0.484536821610955,0.0,0.4617522618440358,0.4958405384775432,0.304812958933202,0.4543340644529371,0.2304556483570451,0.4697014885549162,0.0,0.4596313919878221,0.4134238762464702,0.3937898394326677,0.3783894196536854,0.6195210873288073,0.4458693472935031,0.4350764782647596,0.4461457055535242,0.4895697944008924,0.2213457724280695,0.3926963256867391,0.4302644025492504,0.4863801964813564,0.4302512973575356,0.4679702393080915,0.0,0.4504510579466658
0.2907819565441134,0.3296373015940499,0.0,0.0,0.0,0.3402363628799763,0.3879570747133866,0.4534960337014253,0.4260245848728025,0.2975469693288454,0.4517709542347227,0.2442328481742547,0.3868234993535722,0.0,0.3746961850481644,0.3659558351835367,0.3241941404006451,0.3221336686962311,0.0,0.348423412428676,0.3489140350416395,0.3548659764234563,0.4023050884378839,0.2183975888574514,0.302672472102826,0.3147944632953547,0.3589497721413384,0.3439327931204534,0.3401784381065841,0.0,0.2963095894529122,0.316621057389865,0.0,0.2664343350925537,0.3944037669253604,0.2657985218648714,0.294190137238602,0.1781307894112743,0.274275212247182,0.2638409870844247,0.2711061136070609,0.2959868766394395,0.0,0.0,0.1875065499578102,0.3972611070929975,0.3832026983099083,0.0,0.0,0.0,0.0,0.0,0.0,0.0,0.3352634522340208,0.0,0.3375497194851711,0.0,0.0,0.457403587235727,0.3781062560144507,0.3842271697592149,0.3704963777913138,0.0,0.4107911922238657,0.407730702670051,0.4165320950440366,0.4475135824313321,0.3079143266609627,0.3770869441039206,0.3938377166841807,0.3598418411187589,0.3605134579899171,0.0,0.0,0.3184377219919214
0.3136899508427465,0.3275899328773764,0.4117696454466762,0.2561471771869448,0.4090480841139228,0.3971577334425362,0.3670737211250044,0.4379177776484677,0.4101867426031459,0.298754639238934,0.4183726465691827,0.2599353866484672,0.371490508214166,0.3855651103926943,0.3903597562341167,0.3484875282665034,0.3300952862266977,0.3359998027072354,0.4137892818519014,0.3925418016256212,0.349748409601291,0.3777565989066307,0.4143638194413697,0.2415192015386928,0.3248402708064781,0.3271387262315183,0.40694513809088,0.3466824769223919,0.3796529078644613,0.3481547471818574,0.2534253169499081,0.3419667861274073,0.2664343350925537,0.0,0.3224992688811132,0.3674107268125893,0.2757515953280823,0.2430987062319602,0.3158203545430454,0.2977332935896475,0.3819554939484825,0.3105047198720699,0.3759132075561439,0.3460606444035621,0.0,0.3962886333898495,0.4099533969072107,0.0,0.0,0.0,0.4820582621280046,0.0,0.4715915297403086,0.0,0.3397898229259934,0.0,0.3482190640441465,0.0,0.0,0.4613116197511666,0.3898088897418509,0.417237225008058,0.3643411204426878,0.0,0.4465897014605584,0.4350297225605051,0.4418222106733467,0.5000082558883989,0.3112035563033872,0.3798286455212264,0.4122366262721382,0.4925787140388434,0.4729410342615728,0.4580012685203599,0.0,0.4762270375531345
0.3593117313400679,0.3860045669101791,0.418682047015196,0.2681166474847999,0.3876366113042388,0.3979441363544792,0.3443919500075375,0.4272991723449456,0.4072200308886121,0.3230342278545579,0.4185084030914903,0.3059652398334315,0.3641348353275889,0.0,0.4337534023214541,0.4132785136238211,0.336669114189822,0.3504096228735404,0.4040928657098644,0.4329706245172837,0.4067064272686723,0.4335685028345232,0.4256859258061283,0.2959530332251753,0.3389855505057588,0.3640199006220528,0.4224816269754034,0.3422299313752958,0.4184334845327565,0.3914091719015557,0.2606187063690587,0.3473014868968535,0.3944037669253604,0.3224992688811132,0.0,0.3909692061206122,0.3348388924542977,0.2941574496809155,0.3016174785575041,0.2959751338038862,0.3124246800202323,0.3387739195064849,0.3484181862824352,0.3379383622117605,0.0,0.0,0.4293786107972363,0.0,0.0,0.0,0.5419862681662013,0.0,0.0,0.0,0.0,0.0,0.0,0.0,0.0,0.4828088678731392,0.4276311668073863,0.0,0.0,0.0,0.4683903139912064,0.0,0.4669623297399568,0.4938807281591086,0.0,0.394873466951963,0.4234882970948257,0.4812659699070087,0.5141949276133049,0.4869342677064008,0.0,0.0
0.0,0.0,0.381853869623577,0.1668401261098877,0.2296464213995297,0.3925412910323801,0.2531610041353175,0.3055923583317885,0.3759128032565692,0.2526912068727673,0.3197211615224881,0.2884819991311362,0.2779096360366403,0.2307827604399651,0.4371951366424217,0.0,0.0,0.0,0.3742625618164712,0.4623760851173441,0.0,0.4541269957470525,0.3891711926371051,0.0,0.0,0.4455625838568866,0.4099349825822428,0.2260979065578163,0.4345373728146428,0.0,0.3569324115033327,0.2714441332497093,0.2657985218648714,0.3674107268125893,0.3909692061206122,0.0,0.2081662553205613,0.0,0.2999155344010999,0.2338894017310278,0.3386755456775514,0.3118356978253518,0.3222691429662979,0.3141848257944691,0.0,0.0,0.0,0.4684886934875358,0.0,0.405903019758596,0.4861456370576891,0.5159961450260435,0.4366289927931753,0.4526624372177179,0.0,0.3779487032271895,0.0,0.0,0.0,0.0,0.0,0.0,0.0,0.459621303545928,0.5190087309454359,0.0,0.42394735062054,0.4704795161913367,0.0,0.0,0.0,0.4737610031479945,0.5042386635997596,0.551997186954131,0.0,0.0
0.0,0.0,0.4162941247879113,0.1382649666874108,0.2122016760631106,0.3992118637148446,0.27358801972282,0.2933615760661496,0.4025709462722913,0.2660735634664116,0.3278446875344933,0.3303064005471584,0.3005757191202777,0.1755730317648037,0.0,0.0,0.0,0.0,0.4041444629147689,0.0,0.0,0.0,0.4035181310379025,0.0,0.0,0.0,0.4006328496715777,0.2257379160656151,0.0,0.0,0.2858849505778068,0.3080117089601732,0.294190137238602,0.2757515953280823,0.3348388924542977,0.2081662553205613,0.0,0.2657795540208952,0.268281582732111,0.0,0.2966652328113123,0.3241766861557701,0.3260619199539865,0.0,0.0,0.0,0.0,0.0,0.0,0.0,0.0,0.0,0.0,0.0,0.0,0.0,0.0,0.0,0.0,0.0,0.0,0.0,0.0,0.0,0.0,0.0,0.0,0.5878326009448795,0.0,0.0,0.0,0.0,0.0,0.0,0.0,0.0
0.0,0.0,0.0,0.0,0.0,0.4403642311956428,0.3751450078285613,0.0,0.4385643591908469,0.275652579111683,0.4226432507178453,0.2170068021475516,0.365000977279704,0.0,0.0,0.0,0.2855704907865787,0.0,0.503076572838537,0.0,0.0,0.0,0.0,0.2117384107615808,0.3112738274608029,0.3008343177780664,0.0,0.3401603140936001,0.0,0.0,0.2835752994048129,0.2495704500990318,0.1781307894112743,0.2430987062319602,0.2941574496809155,0.0,0.2657795540208952,0.0,0.2570790176086063,0.1818617734025673,0.1751475302210804,0.0,0.0,0.0,0.1831797188499284,0.0,0.0,0.0,0.0,0.0,0.0,0.0,0.0,0.0,0.2760498398973314,0.0,0.2396517198939454,0.0,0.0,0.0,0.0,0.0,0.0,0.0,0.0,0.0,0.0,0.0,0.1696366814162393,0.0,0.3374289976028776,0.0,0.0,0.0,0.0,0.0
0.4053213799196857,0.4314856088608177,0.4898612001941978,0.0,0.4867626426039643,0.460215915449279,0.4615446535629148,0.4673584963599274,0.4779645334677294,0.316429602917433,0.4513853702674536,0.2659638216884123,0.3959176949203999,0.3539737695685707,0.4497452308291957,0.4361528784513674,0.0,0.3844374433394465,0.4908510532552996,0.4624114674229796,0.4397682729276066,0.4342553370757641,0.4869668212824537,0.3463143794583349,0.406912436984826,0.4136077318137862,0.4802008424806349,0.3805746862166256,0.4569090839963374,0.0,0.4087516555690461,0.2382763890038747,0.274275212247182,0.3158203545430454,0.3016174785575041,0.2999155344010999,0.268281582732111,0.2570790176086063,0.0,0.3082648712778039,0.3481416053638577,0.3653065642151791,0.2741381052392393,0.3089732165186248,0.2523234169037456,0.3592869558060227,0.3767406985922219,0.406178230475894,0.2796485773288724,0.3327462614027335,0.3944788241910541,0.368050871032089,0.2803995295455667,0.4106778236381744,0.3349715184708494,0.344496291979087,0.249014333268661,0.3809925102685751,0.2879985631452431,0.3840364262972057,0.3910900011024892,0.3683259606830893,0.3788876428641828,0.3915169899744387,0.4007266630364055,0.3713302544259206,0.3923783523687036,0.3949333820190081,0.3317333970731742,0.3668031795587972,0.3656234653186156,0.4004280811781339,0.3579040488711852,0.3981436960430247,0.3863260024331767,0.3567759811878511
0.3845126618146337,0.4098861154113734,0.0,0.0,0.0,0.0,0.0,0.0,0.0,0.2989742483284447,0.0,0.3064979275064777,0.0,0.0,0.4758970345775599,0.3994391354640166,0.321636718043118,0.3214187757205874,0.0,0.4426928525802074,0.4298545539606139,0.4329128615614178,0.0,0.2682865374588276,0.3431795918551571,0.3547766835303779,0.0,0.3434612220881621,0.0,0.0,0.2472783855219819,0.2507781622062874,0.2638409870844247,0.2977332935896475,0.2959751338038862,0.2338894017310278,0.0,0.1818617734025673,0.3082648712778039,0.0,0.2730439884296075,0.3718093833658351,0.4097156515137806,0.2732598904865407,0.2188273778312852,0.2939198345463558,0.3242701718240368,0.0,0.0,0.0,0.3666099303661753,0.3653715949003663,0.0,0.4237278160370942,0.3073362134722859,0.0,0.2511600046779222,0.3691941733491667,0.0,0.3557067749779647,0.3418892564196752,0.318179193110592,0.2958591957786891,0.0,0.3447817230372272,0.3285846048929574,0.3450382677678812,0.3719071529982202,0.2291300109766515,0.2916545092208769,0.3069166223056571,0.3602772986398672,0.3296428310210129,0.3714348209445516,0.3113599254462878,0.2852809419024673
0.4025250786266318,0.4266472938506334,0.6763407750058555,0.0,0.0,0.4888891447647546,0.5196822501420568,0.4827227411788092,0.0,0.2988859191609626,0.0,0.3032539038660198,0.0,0.0,0.452996681977759,0.4126733364502339,0.0,0.3593020888869986,0.0,0.4703959750525204,0.4341671146308462,0.4250693091684675,0.5171269047983145,0.2603435021100899,0.3629903444904694,0.379499841221407,0.4911320558423683,0.4512936544769562,0.4719913590489088,0.0,0.372904414683794,0.3229233493525841,0.2711061136070609,0.3819554939484825,0.3124246800202323,0.3386755456775514,0.2966652328113123,0.1751475302210804,0.3481416053638577,0.2730439884296075,0.0,0.3670233718554447,0.4280093844734958,0.2882426635481794,0.2734912592455724,0.3192581667976503,0.3513674987521554,0.4381873475794848,0.2607785701098455,0.398938654829243,0.4046617774501518,0.37503785947227,0.4439648766917068,0.429323024577151,0.3038390768351675,0.4211369501994343,0.2833816060752914,0.3887339580186438,0.3492549613745402,0.3817659976369942,0.3531797896978526,0.3401364748933189,0.335326764029295,0.4359315128811382,0.3743671876121001,0.3622966062010739,0.3667388986455902,0.4212692116061593,0.2546332265748492,0.3284876491022204,0.3329830374160316,0.4101902883420685,0.3543182583133655,0.3801349552736277,0.3507181643501318,0.2679730194320007
