0.0,0.3380311610853617,0.0,0.0,0.0,0.0,0.0,0.374917375010896,0.0,0.311829829677416,0.0,0.271900684283678,0.0,0.0,0.3299721449960337,0.3437682947213388,0.2893332618529328,0.3221277522172149,0.0,0.0,0.3245365340482842,0.3381034938742416,0.345746339792279,0.2813095245352988,0.3117825992222227,0.3024896720988443,0.3640351028599758,0.3710812663169687,0.0,0.0,0.2828811187945889,0.3614824740799674,0.2652367039707956,0.3009336128982253,0.3497227475072079,0.0,0.0,0.3555823158124308,0.3652077238091484,0.3254321141435555,0.3393904723830984,0.0,0.0,0.0,0.0,0.3339965087751655,0.36885465885731,0.0,0.0,0.0,0.0,0.0,0.0,0.0,0.4115356434813279,0.0,0.0,0.0,0.0,0.0,0.3598670360874893,0.0,0.3622027265273788,0.0,0.0,0.3496203647235714,0.3255238670789955,0.0,0.3011887642890526,0.3572323746399889,0.3765571305726539,0.0,0.0,0.0,0.0,0.3473538651876195
0.3380311610853617,0.0,0.0,0.0,0.3756085853967757,0.3557941393863212,0.3773820482547735,0.3489333466406368,0.3621234781606865,0.0,0.0,0.0,0.3773167477053009,0.0,0.3523295022982181,0.3344110244816091,0.3990163987882923,0.3454828294252366,0.0,0.3603665814749058,0.3287953176488227,0.3406797612305217,0.331558840462782,0.0,0.3247264801955691,0.334257592586557,0.3560040345485213,0.3793178107365915,0.3663207293991204,0.0,0.3072561214906896,0.368650083182211,0.3034221116816435,0.3129330310740903,0.3542740267679155,0.0,0.0,0.0,0.3738527754358922,0.3572530400455413,0.3337685130482201,0.37546422554358,0.0,0.0,0.0,0.367443832700322,0.3411561737437896,0.0,0.0,0.0,0.429463038256986,0.0,0.0,0.0,0.0,0.0,0.0,0.0,0.0,0.3894740094456912,0.3625964138211889,0.0,0.3682608784284129,0.0,0.3795357175614072,0.3778608444156646,0.3436492343767334,0.3840826636815548,0.0,0.3677840329999308,0.3943332564467826,0.0,0.0,0.3998237037659436,0.0,0.3579656536740292
0.0,0.0,0.0,0.0,0.3279232862828369,0.3133086131612976,0.3372583357206009,0.3560461799479985,0.2692424211369073,0.0,0.2691418682698018,0.0,0.3502638726650665,0.3150879192900459,0.0,0.0,0.0,0.0,0.2530222266142676,0.0,0.0,0.0,0.2620278715186872,0.0,0.0,0.0,0.2852550679256298,0.3658386158570244,0.0,0.0,0.3536137162767537,0.3449139005335281,0.0,0.3719773071715047,0.3831579289995929,0.3475620545129802,0.3721843934220575,0.0,0.0,0.0,0.0,0.0,0.3705440256180263,0.0,0.0,0.0,0.0,0.3917249876450845,0.0,0.0,0.3928270120869249,0.425027568347935,0.4463477021469698,0.4129292145250928,0.0,0.3738663060110081,0.0,0.0,0.3865188833194476,0.0,0.0,0.0,0.0,0.3664719647367492,0.0,0.0,0.0,0.3948376123148732,0.0,0.0,0.0,0.4200188099774415,0.0,0.0,0.0,0.0
0.0,0.0,0.0,0.0,0.2800978603329515,0.3293984577224623,0.2576916826487607,0.3286373068991139,0.326715940173773,0.2332638728705028,0.3044365915024716,0.0,0.2629372079078053,0.2253944460278393,0.0,0.0,0.0,0.0,0.3478195621043377,0.0,0.0,0.0,0.310575395206871,0.0,0.0,0.0,0.0,0.2052786716065648,0.0,0.0,0.0,0.2583563140403233,0.0,0.2099379802947925,0.2176686090767645,0.1577562789492177,0.1646787591868728,0.2458777763501497,0.0,0.0,0.0,0.0,0.0,0.0,0.0,0.0,0.0,0.0,0.0,0.0,0.0,0.0,0.0,0.0,0.0,0.0,0.0,0.0,0.0,0.0,0.0,0.0,0.0,0.0,0.0,0.0,0.0,0.0,0.0,0.0,0.0,0.0,0.0,0.0,0.0,0.0
0.0,0.3756085853967757,0.3279232862828369,0.2800978603329515,0.0,0.3210510446762443,0.2892641115110025,0.2865402308726721,0.2964344985316247,0.3672518490721804,0.2871300849197609,0.3691485549756693,0.3160404596768954,0.2716596484261083,0.0,0.0,0.0,0.0,0.3206340448624484,0.3176192774894679,0.0,0.347499324472346,0.2902121286761746,0.0,0.0,0.0,0.3163417435455595,0.3094783890477855,0.3280473081216596,0.0,0.3194412288848109,0.3106259420588247,0.0,0.3182935942845742,0.2516961106821739,0.220585349930073,0.3032455692706361,0.3323283275429039,0.0,0.0,0.0,0.0,0.0,0.0,0.0,0.0,0.0,0.0,0.0,0.0,0.0,0.0,0.0,0.0,0.0,0.0,0.0,0.0,0.0,0.0,0.0,0.0,0.0,0.0,0.0,0.0,0.0,0.3982271328372597,0.0,0.0,0.0,0.0,0.0,0.0,0.0,0.0
0.0,0.3557941393863212,0.3133086131612976,0.3293984577224623,0.3210510446762443,0.0,0.3355123848865082,0.2975400573681341,0.2859167708214908,0.358868478779979,0.3149520060347873,0.0,0.3254181306722303,0.2892561009766708,0.3609345514874491,0.3531272196388429,0.0,0.3575849825263603,0.3302565948973167,0.3536001214195534,0.3255369284657082,0.3600192917528165,0.3205514198074011,0.0,0.3424334132031939,0.3351495457395332,0.3221517103622678,0.3272936836196893,0.2950974354495892,0.3398871571805099,0.3467985203496301,0.331631789684329,0.3053389383404758,0.3596209741581452,0.3542472473297761,0.3057296118006801,0.3406347784859579,0.387802374747372,0.3070862048676019,0.0,0.3839808529716483,0.0,0.3590364396319059,0.0,0.0,0.0,0.0,0.3941774727425455,0.0,0.0,0.3683290459941855,0.0,0.3621394802990866,0.3674889489594964,0.0,0.410883833347469,0.0,0.3978764948224256,0.0,0.0,0.0,0.0,0.0,0.3945137569271257,0.0,0.0,0.0,0.3755904035449052,0.0,0.0,0.0,0.3698531540903992,0.3877233912477829,0.3536029704046556,0.0,0.387153398539803
0.0,0.3773820482547735,0.3372583357206009,0.2576916826487607,0.2892641115110025,0.3355123848865082,0.0,0.2595991767634378,0.3168960431195847,0.3447517275531493,0.3290176442886182,0.33787738538597,0.2794679852920181,0.3021432123403308,0.0,0.3811859873274447,0.0,0.371487908565356,0.3262981217074072,0.3559345514240876,0.0,0.3761219837384258,0.3023494362225442,0.0,0.3669018347636709,0.3653795068613715,0.3305706745285017,0.3210321424452754,0.3504204578873372,0.0,0.328820240023596,0.3249343414102283,0.0,0.3171430968100883,0.1940779048729989,0.2659190597304604,0.2717718390478429,0.2813063699418732,0.0,0.0,0.0,0.0,0.0,0.0,0.0,0.0,0.0,0.0,0.0,0.0,0.4100811571476385,0.0,0.4149218567196071,0.0,0.0,0.0,0.0,0.0,0.0,0.0,0.0,0.0,0.0,0.0,0.0,0.0,0.0,0.3665974939904501,0.0,0.0,0.0,0.3924946667631633,0.0,0.0,0.0,0.0
0.374917375010896,0.3489333466406368,0.3560461799479985,0.3286373068991139,0.2865402308726721,0.2975400573681341,0.2595991767634378,0.0,0.3563827382722658,0.0,0.2680675655999603,0.0,0.3175134855542008,0.3157256196847685,0.2640728569842953,0.3667396299166361,0.0,0.3659009868411867,0.3475030555799845,0.3233808906785638,0.3046505394710405,0.3566661524853695,0.2805294089418346,0.3880146375361056,0.3107002331079923,0.3585766330582983,0.3469837165991656,0.3195871919286107,0.2947250298716981,0.3256509643960735,0.2908897521026018,0.2812586094366455,0.2815631361641179,0.2818989393455677,0.3447747750697353,0.2725050696056887,0.3286046054786082,0.0,0.2830989617727417,0.0,0.3756857753597766,0.0,0.3208299180664222,0.0,0.0,0.0,0.0,0.391001478493741,0.0,0.0,0.3685015718752161,0.3870341824091121,0.3048598447647742,0.399211374216861,0.0,0.3735913830285546,0.0,0.386251030073271,0.3235046872042519,0.0,0.0,0.0,0.0,0.3636627851183497,0.0,0.2665404589874454,0.0,0.3619164505388111,0.0,0.0,0.0,0.3781393172587975,0.3877476522219567,0.3534823942661483,0.0,0.4000989079098107
0.0,0.3621234781606865,0.2692424211369073,0.326715940173773,0.2964344985316247,0.2859167708214908,0.3168960431195847,0.3563827382722658,0.0,0.3540777983475315,0.2783875461489741,0.0,0.3141347974255965,0.3304904641639436,0.0,0.0,0.0,0.0,0.2648295916558595,0.3313013228314198,0.0,0.3578320471140866,0.3078221204576936,0.0,0.0,0.381724727400843,0.3016430367432543,0.332893052819225,0.3344283593191013,0.3694158587541087,0.3002440484991356,0.3149579360659285,0.0,0.3307753007976743,0.3392138245687589,0.317034748969155,0.3352197930187969,0.3440420642340119,0.0,0.0,0.0,0.0,0.3584470859811574,0.0,0.0,0.0,0.0,0.3980297188998601,0.0,0.0,0.3686045192680488,0.0,0.3807578136465978,0.4450428303889902,0.0,0.3879329645936957,0.0,0.0,0.0,0.0,0.0,0.0,0.0,0.4124811820967257,0.0,0.0,0.0,0.382712704408958,0.0,0.0,0.0,0.376111659201095,0.0,0.0,0.0,0.0
0.311829829677416,0.0,0.0,0.2332638728705028,0.3672518490721804,0.358868478779979,0.3447517275531493,0.0,0.3540777983475315,0.0,0.3554930172999644,0.2278665690577788,0.3547269400979773,0.0,0.0,0.0,0.266093225215544,0.3223702317311354,0.3723480851971453,0.0,0.0,0.0,0.3577439120665396,0.2612645858622286,0.2893022180275523,0.272826099223338,0.3845212429175477,0.3512399645001816,0.0,0.0,0.2997209580732996,0.3110786727210036,0.2772023872167933,0.2946009751059434,0.2732971464617709,0.2704148846578943,0.2554880225535348,0.2489849701361892,0.3114230609285867,0.2440196714736897,0.2729696751263985,0.2759199840916436,0.0,0.0,0.2611309411644204,0.0,0.0,0.0,0.0,0.0,0.0,0.0,0.0,0.0,0.3498458315293169,0.0,0.3475858927377497,0.368569887446157,0.0,0.0,0.0,0.3862613360342892,0.3703219106727825,0.0,0.0,0.0,0.0,0.0,0.3917892278969287,0.3807169442588752,0.3858499892878361,0.0,0.3350362919368029,0.0,0.0,0.3229258133587027
0.0,0.0,0.2691418682698018,0.3044365915024716,0.2871300849197609,0.3149520060347873,0.3290176442886182,0.2680675655999603,0.2783875461489741,0.3554930172999644,0.0,0.0,0.3334458160486703,0.2603622926704897,0.0,0.0,0.0,0.0,0.2347869262113514,0.0,0.0,0.0,0.1614526402866491,0.0,0.0,0.0,0.3284669579505465,0.3279163631183975,0.0,0.0,0.2922647714898432,0.3152806134067306,0.0,0.3305768290703378,0.2747249114566558,0.2666391823256187,0.3261504181840051,0.3470306984419517,0.0,0.0,0.0,0.0,0.3179868652782146,0.0,0.0,0.0,0.0,0.2909145749655505,0.0,0.0,0.3913945552957064,0.0,0.346045774162693,0.3773155814538781,0.0,0.2386229597320644,0.0,0.0,0.0,0.0,0.0,0.0,0.0,0.1982949543475402,0.0,0.0,0.0,0.3890528637272666,0.0,0.0,0.0,0.4035864737017867,0.0,0.0,0.0,0.0
0.271900684283678,0.0,0.0,0.0,0.3691485549756693,0.0,0.33787738538597,0.0,0.0,0.2278665690577788,0.0,0.0,0.3423148344292394,0.0,0.0,0.0,0.3036632679734691,0.3168563834089223,0.0,0.0,0.0,0.0,0.0,0.220825557606194,0.2969291339645421,0.2413340291509581,0.0,0.327564146409371,0.0,0.0,0.2952880819274206,0.2537133801712116,0.2539650689034732,0.2349279214753026,0.2558351601095606,0.2817830098074582,0.2585871239404198,0.2204095521426108,0.0,0.2698920784282592,0.2806407434389022,0.0,0.0,0.0,0.262006419306459,0.0,0.0,0.0,0.0,0.0,0.0,0.0,0.0,0.0,0.3495252101565876,0.0,0.3506927721358651,0.0,0.0,0.0,0.0,0.3853762799906836,0.3676055500013268,0.0,0.0,0.0,0.0,0.0,0.3775059921911564,0.3686861839157397,0.3833308136006853,0.0,0.3711500696389034,0.0,0.0,0.3404837748288796
0.0,0.3773167477053009,0.3502638726650665,0.2629372079078053,0.3160404596768954,0.3254181306722303,0.2794679852920181,0.3175134855542008,0.3141347974255965,0.3547269400979773,0.3334458160486703,0.3423148344292394,0.0,0.3153525814375428,0.3613270730776928,0.3826836446875169,0.3741241948544341,0.3804636723944549,0.3272915921660262,0.3636195143376956,0.3400168645400293,0.3861746963561249,0.3213783879402748,0.3530960829436468,0.3613402634530547,0.3576265053581649,0.3443013209311346,0.3060206375726368,0.3480277044116768,0.3456521384660092,0.3461902004579881,0.342554785988183,0.3503500006908503,0.3367070441889123,0.3037682952683225,0.3094385069346205,0.3077620475253707,0.3095158376925074,0.361468957914387,0.0,0.0,0.0,0.0,0.0,0.0,0.0,0.0,0.0,0.0,0.0,0.4008831228874251,0.0,0.3775613203293843,0.0,0.0,0.0,0.3400264985967553,0.0,0.0,0.0,0.0,0.0,0.0,0.0,0.0,0.0,0.0,0.3643870552307536,0.0,0.0,0.0,0.374887555613248,0.0,0.0,0.0,0.0
0.0,0.0,0.3150879192900459,0.2253944460278393,0.2716596484261083,0.2892561009766708,0.3021432123403308,0.3157256196847685,0.3304904641639436,0.0,0.2603622926704897,0.0,0.3153525814375428,0.0,0.0,0.0,0.0,0.0,0.3088913816063058,0.0,0.0,0.0,0.293142049593401,0.0,0.0,0.0,0.3691309938610819,0.2213979412996676,0.0,0.0,0.0,0.0,0.0,0.3025066165197079,0.0,0.1969580502684401,0.1355567629498972,0.0,0.0,0.0,0.0,0.0,0.0,0.0,0.0,0.0,0.0,0.0,0.0,0.0,0.0,0.0,0.0,0.3565117166253504,0.0,0.3179270433062026,0.0,0.0,0.0,0.0,0.0,0.0,0.0,0.0,0.0,0.0,0.0,0.0,0.0,0.0,0.0,0.0,0.0,0.0,0.0,0.0
0.3299721449960337,0.3523295022982181,0.0,0.0,0.0,0.3609345514874491,0.0,0.2640728569842953,0.0,0.0,0.0,0.0,0.3613270730776928,0.0,0.0,0.3299200626866594,0.0,0.3259961077907395,0.0,0.3221167727753327,0.319013671011411,0.3238640535983094,0.3019815404269528,0.0,0.3052107815794738,0.3560735683350892,0.3423533159217708,0.3158979382833108,0.3236688407404239,0.0,0.2997985030417724,0.3569612225898649,0.2931558404103853,0.3432476873592456,0.3782596271902524,0.0,0.0,0.0,0.3689806120353711,0.3297217946033725,0.3828870729792372,0.380770972144443,0.0,0.0,0.0,0.0,0.3880556578469041,0.0,0.0,0.0,0.0,0.0,0.0,0.0,0.0,0.0,0.0,0.0,0.0,0.3787624194962944,0.4164242670522985,0.0,0.0,0.0,0.3389791260637826,0.3699851481340414,0.3673584403185249,0.3423692609743892,0.0,0.0,0.4124240706163181,0.3514407215530488,0.401874282830801,0.3698834041466701,0.0,0.3753924799079636
0.3437682947213388,0.3344110244816091,0.0,0.0,0.0,0.3531272196388429,0.3811859873274447,0.3667396299166361,0.0,0.0,0.0,0.0,0.3826836446875169,0.0,0.3299200626866594,0.0,0.3399676426248662,0.3193697410515597,0.0,0.3550816924132859,0.314262831446669,0.3447299876218985,0.3123598168333091,0.0,0.3420162698690461,0.351732204077966,0.3608603106550099,0.3847219225148346,0.3765702519586167,0.3790196307287928,0.3152379676724335,0.392308381921999,0.3451797995116831,0.3296602557332554,0.3644686322742735,0.0,0.0,0.0,0.3489692171062387,0.3712025290529482,0.36084777936054,0.3762044000787532,0.0,0.0,0.0,0.3399396490035762,0.3688616187230934,0.0,0.0,0.0,0.0,0.0,0.0,0.0,0.0,0.0,0.0,0.0,0.0,0.3864263109890495,0.3640668706673434,0.0,0.3653110756767422,0.0,0.0,0.366931329265127,0.3724824128298796,0.4446085319588561,0.0,0.3584310227770603,0.3903589914151844,0.0,0.0,0.0,0.0,0.3756683598011924
0.2893332618529328,0.3990163987882923,0.0,0.0,0.0,0.0,0.0,0.0,0.0,0.266093225215544,0.0,0.3036632679734691,0.3741241948544341,0.0,0.0,0.3399676426248662,0.0,0.2898197390920398,0.0,0.0,0.0,0.0,0.0,0.3162882953196684,0.2922096102476555,0.306903591461961,0.0,0.3615203789200025,0.0,0.0,0.3108776719734435,0.3816225395548671,0.3030328721975608,0.3249191010194056,0.3390486620996051,0.0,0.0,0.2942716162493197,0.0,0.3599590292879366,0.0,0.0,0.0,0.0,0.0,0.0,0.0,0.0,0.0,0.0,0.0,0.0,0.0,0.0,0.406054948824138,0.0,0.413038595983608,0.0,0.0,0.0,0.0,0.411926145568985,0.3847261702157286,0.0,0.0,0.0,0.0,0.0,0.4067621962606957,0.3815368045011993,0.4006364350908498,0.0,0.0,0.0,0.0,0.0
0.3221277522172149,0.3454828294252366,0.0,0.0,0.0,0.3575849825263603,0.371487908565356,0.3659009868411867,0.0,0.3223702317311354,0.0,0.3168563834089223,0.3804636723944549,0.0,0.3259961077907395,0.3193697410515597,0.2898197390920398,0.0,0.0,0.3597351238943849,0.3244192022333438,0.3652196355403002,0.3426864353894439,0.3116291307126317,0.306338521794052,0.3235975268595631,0.3623158863841801,0.3725314235813949,0.3748827993224115,0.0,0.3402699249419318,0.3902674140015444,0.3156380857823294,0.3343202462351519,0.3622232763523619,0.0,0.0,0.0,0.3177572828160233,0.3111046257743293,0.3193972932404956,0.3575215266930381,0.0,0.0,0.0,0.3379980459329145,0.360916398616009,0.0,0.0,0.0,0.0,0.0,0.0,0.0,0.3753136944077322,0.0,0.3893769316253132,0.0,0.0,0.0,0.3545928313148365,0.3759084492856283,0.3501974532722574,0.0,0.0,0.0,0.3619657848412549,0.0,0.3921625199434654,0.3474364601178101,0.3594616414451421,0.0,0.0,0.0,0.0,0.3471590612408367
0.0,0.0,0.2530222266142676,0.3478195621043377,0.3206340448624484,0.3302565948973167,0.3262981217074072,0.3475030555799845,0.2648295916558595,0.3723480851971453,0.2347869262113514,0.0,0.3272915921660262,0.3088913816063058,0.0,0.0,0.0,0.0,0.0,0.0,0.0,0.0,0.2424952123079334,0.0,0.0,0.0,0.3231111847846145,0.3062928795499893,0.0,0.0,0.3363874432824779,0.3161410075966827,0.0,0.3469524980288687,0.3175105016741901,0.3083098145171977,0.347054577218958,0.0,0.0,0.0,0.0,0.0,0.3579138347347338,0.0,0.0,0.0,0.0,0.3890949112376812,0.0,0.0,0.4309508676961188,0.0,0.4103343748104038,0.4264513604115132,0.0,0.352982138799885,0.0,0.0,0.3529185919134425,0.0,0.0,0.0,0.0,0.3882535069824464,0.0,0.0,0.0,0.4155393961697239,0.0,0.0,0.0,0.4371981972233272,0.0,0.0,0.0,0.0
0.0,0.3603665814749058,0.0,0.0,0.3176192774894679,0.3536001214195534,0.3559345514240876,0.3233808906785638,0.3313013228314198,0.0,0.0,0.0,0.3636195143376956,0.0,0.3221167727753327,0.3550816924132859,0.0,0.3597351238943849,0.0,0.0,0.3309011927947999,0.3248002929232471,0.2767259833606782,0.0,0.3486580189104092,0.3780113735787653,0.3195391220960443,0.3269069164463338,0.2974723230292232,0.3064770527857685,0.3092769215427945,0.3722558687625308,0.3371899688911304,0.3464413154048533,0.382710441365647,0.0,0.0,0.0,0.3452011765183477,0.0,0.3913647550669071,0.0,0.0,0.0,0.0,0.0,0.0,0.0,0.0,0.0,0.3764691178984074,0.0,0.3376037413216352,0.0,0.0,0.0,0.0,0.0,0.0,0.3790978839659964,0.0,0.0,0.0,0.0,0.3460983385426298,0.3689037322986964,0.3869983289853105,0.3564311481522081,0.0,0.0,0.3929388137640439,0.3355905937190081,0.3920126405520262,0.3674396577199351,0.0,0.0
0.3245365340482842,0.3287953176488227,0.0,0.0,0.0,0.3255369284657082,0.0,0.3046505394710405,0.0,0.0,0.0,0.0,0.3400168645400293,0.0,0.319013671011411,0.314262831446669,0.0,0.3244192022333438,0.0,0.3309011927947999,0.0,0.3428293101172899,0.3023154646430334,0.3679387707703389,0.3165806612441506,0.3331496704336375,0.3370466292855738,0.3191253888987606,0.298853429132689,0.0,0.2933241825259901,0.3297893295771516,0.2726527312331004,0.3190523689002895,0.3747893469477426,0.0,0.0,0.0,0.3244694056799212,0.3447693230346323,0.3853146183120647,0.3785607166605607,0.0,0.0,0.0,0.3317184071128697,0.3721280121785016,0.0,0.0,0.0,0.3569225951815307,0.0,0.3062283174111539,0.0,0.0,0.0,0.0,0.4276739415101654,0.0,0.3713827825973471,0.3903851527373368,0.0,0.0,0.0,0.3537277608966256,0.3310904228414495,0.3804399302546875,0.3446105621505262,0.0,0.3901456994688825,0.3966844993613663,0.3524727454210595,0.3877488786436232,0.2854631020291731,0.0,0.3860219893943088
0.3381034938742416,0.3406797612305217,0.0,0.0,0.347499324472346,0.3600192917528165,0.3761219837384258,0.3566661524853695,0.3578320471140866,0.0,0.0,0.0,0.3861746963561249,0.0,0.3238640535983094,0.3447299876218985,0.0,0.3652196355403002,0.0,0.3248002929232471,0.3428293101172899,0.0,0.3468268888623099,0.0,0.3553351855926316,0.3508235942517902,0.3663647663892845,0.3646302453956473,0.34859091769925,0.3494917557693754,0.3275916932354017,0.3812674824179248,0.3407864234442081,0.3551072206988278,0.3976529444476135,0.0,0.0,0.0,0.3646339218198418,0.3487149217542772,0.3598526165918227,0.3802839726329961,0.0,0.0,0.0,0.3742345018344994,0.3740902028256125,0.0,0.0,0.0,0.0,0.0,0.0,0.0,0.0,0.0,0.0,0.0,0.0,0.3829764427975005,0.3781456353793904,0.0,0.0,0.0,0.3607365407973961,0.3704179965067784,0.3748653533125018,0.3586825124640485,0.0,0.0,0.3834166201035073,0.3777727492512878,0.0,0.3805007803872104,0.0,0.3645174171666954
0.345746339792279,0.331558840462782,0.2620278715186872,0.310575395206871,0.2902121286761746,0.3205514198074011,0.3023494362225442,0.2805294089418346,0.3078221204576936,0.3577439120665396,0.1614526402866491,0.0,0.3213783879402748,0.293142049593401,0.3019815404269528,0.3123598168333091,0.0,0.3426864353894439,0.2424952123079334,0.2767259833606782,0.3023154646430334,0.3468268888623099,0.0,0.3847691468296514,0.3228378754826277,0.3399179220163197,0.2803775557815027,0.3289442032712458,0.3189625542515965,0.3333041180674441,0.3324110497925943,0.3172343093706831,0.2996507415271997,0.3498155182888742,0.3759337212191554,0.2954054902903482,0.340425985594569,0.399934284037903,0.3494370881339579,0.0,0.3401064184287183,0.337086426701587,0.3231493196710558,0.0,0.0,0.0,0.3971222538305992,0.3851549025361,0.0,0.420768516755912,0.3735912382181272,0.3814288844647106,0.3580584887789571,0.3782586611185916,0.0,0.3649151512993765,0.0,0.3748885638869836,0.3631883951896134,0.3629168767503745,0.0,0.0,0.0,0.3730134201090914,0.339845125604021,0.3573257596747976,0.3791016404519273,0.3628844708040205,0.0,0.0,0.3895077704712618,0.3739062518748071,0.3722805717689743,0.3471560364199501,0.3705545552480184,0.3747134905872392
0.2813095245352988,0.0,0.0,0.0,0.0,0.0,0.0,0.3880146375361056,0.0,0.2612645858622286,0.0,0.220825557606194,0.3530960829436468,0.0,0.0,0.0,0.3162882953196684,0.3116291307126317,0.0,0.0,0.3679387707703389,0.0,0.3847691468296514,0.0,0.3036482240758763,0.2751946309012952,0.0,0.3253388269663642,0.0,0.0,0.2696765861112901,0.2721168578582056,0.221200742008256,0.2151504249014419,0.2216427570344191,0.0,0.2126305628905411,0.2198163827660385,0.3601279731864772,0.2770909360354784,0.3283433043016973,0.0,0.0,0.0,0.2523175631700866,0.3053252844003415,0.0,0.0,0.0,0.0,0.0,0.0,0.0,0.0,0.3461413116734869,0.0,0.3420370630535696,0.0,0.0,0.0,0.3559683027298311,0.403123118105163,0.3691716354905902,0.0,0.0,0.0,0.0,0.0,0.3881149049605745,0.3539467942641074,0.3629248560913388,0.0,0.0,0.0,0.0,0.3172747131050998
0.3117825992222227,0.3247264801955691,0.0,0.0,0.0,0.3424334132031939,0.3669018347636709,0.3107002331079923,0.0,0.2893022180275523,0.0,0.2969291339645421,0.3613402634530547,0.0,0.3052107815794738,0.3420162698690461,0.2922096102476555,0.306338521794052,0.0,0.3486580189104092,0.3165806612441506,0.3553351855926316,0.3228378754826277,0.3036482240758763,0.0,0.3085680087787396,0.34552840469119,0.361241130828121,0.3593346578504064,0.0,0.329138483485791,0.3647139245843579,0.2730430961527622,0.309283240460155,0.3311950092987314,0.0,0.0,0.2942298477846615,0.3329298424341518,0.3129986929273847,0.3186046558376408,0.350999604507786,0.0,0.0,0.0,0.3304057685514582,0.343008106806747,0.0,0.0,0.0,0.0,0.0,0.0,0.0,0.3721542010490031,0.0,0.3819800418317931,0.0,0.0,0.398569792701527,0.3509408989594952,0.3827599935000303,0.3518556792173193,0.0,0.0,0.3904113820066472,0.3586694889113158,0.4813704419518912,0.3861471836174782,0.3453877727659601,0.3521341228142663,0.0,0.0,0.0,0.0,0.3384970944766828
0.3024896720988443,0.334257592586557,0.0,0.0,0.0,0.3351495457395332,0.3653795068613715,0.3585766330582983,0.381724727400843,0.272826099223338,0.0,0.2413340291509581,0.3576265053581649,0.0,0.3560735683350892,0.351732204077966,0.306903591461961,0.3235975268595631,0.0,0.3780113735787653,0.3331496704336375,0.3508235942517902,0.3399179220163197,0.2751946309012952,0.3085680087787396,0.0,0.3645288519887121,0.362289684540313,0.3545043590127797,0.0,0.3120280887575294,0.3695773696544272,0.2803840603757951,0.3121811559622298,0.354627013662775,0.3467582706481357,0.0,0.2724093218852815,0.3685256655795612,0.3341813469345761,0.3612410602013484,0.3508271582307405,0.0,0.0,0.0,0.3492582304304388,0.3398568719552849,0.0,0.0,0.0,0.0,0.0,0.0,0.0,0.3796670935594038,0.0,0.3883386806147881,0.0,0.0,0.4067590132784502,0.3606538838081499,0.3846801847829901,0.3611942997371219,0.0,0.3925168178269564,0.3773537498676708,0.3861906365275238,0.3893693014053574,0.3819105168669143,0.3529104872909805,0.3677498026547978,0.3937943394686221,0.0,0.4148585175932358,0.0,0.3567591098712346
0.3640351028599758,0.3560040345485213,0.2852550679256298,0.0,0.3163417435455595,0.3221517103622678,0.3305706745285017,0.3469837165991656,0.3016430367432543,0.3845212429175477,0.3284669579505465,0.0,0.3443013209311346,0.3691309938610819,0.3423533159217708,0.3608603106550099,0.0,0.3623158863841801,0.3231111847846145,0.3195391220960443,0.3370466292855738,0.3663647663892845,0.2803775557815027,0.0,0.34552840469119,0.3645288519887121,0.0,0.3465435086000552,0.3210748598525381,0.338359477019971,0.3450985098252699,0.3494422361541393,0.3158746721880956,0.3635879303953429,0.3820049543265229,0.3379361724274947,0.3413299636005315,0.4222302074028567,0.3515636117927348,0.0,0.3842904287115071,0.3826148362023422,0.3476512096358209,0.0,0.0,0.0,0.0,0.413717642289083,0.0,0.0,0.3783549184599891,0.415137505856077,0.3933272258631893,0.4033377579781924,0.0,0.391142777329765,0.0,0.3950835893430408,0.4131965152166009,0.3676874208185278,0.0,0.0,0.0,0.4328410760027049,0.3683901162235987,0.3553994858961917,0.3900758401485584,0.3866025454592453,0.0,0.0,0.0,0.379290572867231,0.3869898633951664,0.3752413596998488,0.4057183986176415,0.3890399056555848
0.3710812663169687,0.3793178107365915,0.3658386158570244,0.2052786716065648,0.3094783890477855,0.3272936836196893,0.3210321424452754,0.3195871919286107,0.332893052819225,0.3512399645001816,0.3279163631183975,0.327564146409371,0.3060206375726368,0.2213979412996676,0.3158979382833108,0.3847219225148346,0.3615203789200025,0.3725314235813949,0.3062928795499893,0.3269069164463338,0.3191253888987606,0.3646302453956473,0.3289442032712458,0.3253388269663642,0.361241130828121,0.362289684540313,0.3465435086000552,0.0,0.307559916985695,0.2856536405820269,0.3278909005961912,0.3400614633510872,0.3210868929350812,0.3326023415263759,0.3105534093296885,0.2404243887648409,0.2445266276622565,0.3013851790766623,0.3205446257235501,0.0,0.0,0.0,0.0,0.0,0.0,0.0,0.0,0.0,0.0,0.0,0.3762686311795756,0.0,0.3720522706901467,0.0,0.372927596650431,0.0,0.3471176551516819,0.4432480881802724,0.0,0.0,0.0,0.0,0.0,0.0,0.0,0.0,0.0,0.3593164217852273,0.0,0.0,0.0,0.3595369004000731,0.3933050113099914,0.3679087949108218,0.0,0.4053647949550333
0.0,0.3663207293991204,0.0,0.0,0.3280473081216596,0.2950974354495892,0.3504204578873372,0.2947250298716981,0.3344283593191013,0.0,0.0,0.0,0.3480277044116768,0.0,0.3236688407404239,0.3765702519586167,0.0,0.3748827993224115,0.0,0.2974723230292232,0.298853429132689,0.34859091769925,0.3189625542515965,0.0,0.3593346578504064,0.3545043590127797,0.3210748598525381,0.307559916985695,0.0,0.2892167249181693,0.30556325580497,0.362716677279831,0.3091745189642576,0.3445439775249336,0.3827283969753606,0.3316498437849462,0.3878319469522396,0.0,0.3354396958662403,0.0,0.3915060161514413,0.0,0.0,0.0,0.0,0.0,0.0,0.0,0.0,0.0,0.3773353678542087,0.0,0.3620584405721002,0.0,0.0,0.0,0.0,0.404197988810532,0.0,0.3632862896536143,0.0,0.0,0.0,0.0,0.3614060192553662,0.3536318093707766,0.3771447001650822,0.3453837263896222,0.0,0.0,0.418257262042778,0.3469100451539819,0.3821584289853467,0.3520846477414817,0.0,0.3811391726439385
0.0,0.0,0.0,0.0,0.0,0.3398871571805099,0.0,0.3256509643960735,0.3694158587541087,0.0,0.0,0.0,0.3456521384660092,0.0,0.0,0.3790196307287928,0.0,0.0,0.0,0.3064770527857685,0.0,0.3494917557693754,0.3333041180674441,0.0,0.0,0.0,0.338359477019971,0.2856536405820269,0.2892167249181693,0.0,0.2926501592803505,0.3653531891659555,0.0,0.3246223500061893,0.3706303321866357,0.0,0.0,0.0,0.0,0.0,0.0,0.0,0.0,0.0,0.0,0.0,0.0,0.0,0.0,0.0,0.0,0.0,0.0,0.0,0.0,0.0,0.0,0.0,0.0,0.0,0.0,0.0,0.0,0.0,0.0,0.0,0.0,0.3770388480083519,0.0,0.0,0.0,0.3744891844024735,0.0,0.3954172339540127,0.0,0.0
0.2828811187945889,0.3072561214906896,0.3536137162767537,0.0,0.3194412288848109,0.3467985203496301,0.328820240023596,0.2908897521026018,0.3002440484991356,0.2997209580732996,0.2922647714898432,0.2952880819274206,0.3461902004579881,0.0,0.2997985030417724,0.3152379676724335,0.3108776719734435,0.3402699249419318,0.3363874432824779,0.3092769215427945,0.2933241825259901,0.3275916932354017,0.3324110497925943,0.2696765861112901,0.329138483485791,0.3120280887575294,0.3450985098252699,0.3278909005961912,0.30556325580497,0.2926501592803505,0.0,0.3320284810422795,0.2988592999031169,0.2533760735719891,0.29387773635856,0.3445154355763095,0.3037505320947894,0.2470507259274715,0.3392809134179329,0.2585242414012798,0.3307821090663027,0.0,0.0,0.0,0.0,0.0,0.3217171524000458,0.0,0.0,0.0,0.3915780753986392,0.0,0.3468971182540188,0.0,0.3662234162783873,0.0,0.3497201082396837,0.0,0.0,0.2688872420861916,0.3077527841504982,0.3818094955693886,0.3344331921886776,0.0,0.3536410123969525,0.3216632542932031,0.3580340165768496,0.3189420134665781,0.3543415341944887,0.3410399931832916,0.3347763157654772,0.3575498720343489,0.4127944151363508,0.373295251344755,0.0,0.0
0.3614824740799674,0.368650083182211,0.3449139005335281,0.2583563140403233,0.3106259420588247,0.331631789684329,0.3249343414102283,0.2812586094366455,0.3149579360659285,0.3110786727210036,0.3152806134067306,0.2537133801712116,0.342554785988183,0.0,0.3569612225898649,0.392308381921999,0.3816225395548671,0.3902674140015444,0.3161410075966827,0.3722558687625308,0.3297893295771516,0.3812674824179248,0.3172343093706831,0.2721168578582056,0.3647139245843579,0.3695773696544272,0.3494422361541393,0.3400614633510872,0.362716677279831,0.3653531891659555,0.3320284810422795,0.0,0.340566692293673,0.2918343337516213,0.3472805396647256,0.2502970328385738,0.28123560495126,0.2234125987903731,0.2746889979577465,0.2892359037966629,0.3228148313976781,0.2984372106370956,0.2731356923727223,0.2649469036261661,0.2354775893362555,0.3905905717963752,0.3881049028235177,0.0,0.0,0.0,0.3122419381172971,0.0,0.2320220123041936,0.4540205687364932,0.0,0.0,0.2344685190780661,0.3713266270286287,0.0,0.3717857495654961,0.3904921287667303,0.0,0.0,0.0,0.3433049516288509,0.317673311591268,0.3788487975345411,0.2930647977058417,0.0,0.3773859690189393,0.3907821391707827,0.2880615288151186,0.3402021005271632,0.2928444949132937,0.0,0.288436873571291
0.2652367039707956,0.3034221116816435,0.0,0.0,0.0,0.3053389383404758,0.0,0.2815631361641179,0.0,0.2772023872167933,0.0,0.2539650689034732,0.3503500006908503,0.0,0.2931558404103853,0.3451797995116831,0.3030328721975608,0.3156380857823294,0.0,0.3371899688911304,0.2726527312331004,0.3407864234442081,0.2996507415271997,0.221200742008256,0.2730430961527622,0.2803840603757951,0.3158746721880956,0.3210868929350812,0.3091745189642576,0.0,0.2988592999031169,0.340566692293673,0.0,0.2578114962294173,0.4038594874236201,0.2803358954033297,0.2257350326067071,0.1951920426918058,0.3178875833321886,0.2282775927043025,0.3178276124277863,0.3679781836071851,0.0,0.0,0.2364633374555482,0.2850977447155737,0.3678068012008655,0.0,0.0,0.0,0.0,0.0,0.0,0.0,0.3058376630319427,0.0,0.3033614144868005,0.0,0.0,0.3665119054268721,0.3502560034091594,0.3332992969586085,0.3245556904402405,0.0,0.3509053578984435,0.3171255272286827,0.3641868015990407,0.2915783320234231,0.3164702054839995,0.3072436220390732,0.3638151807874948,0.277329194909773,0.3484470035891697,0.0,0.0,0.3042158053154998
0.3009336128982253,0.3129330310740903,0.3719773071715047,0.2099379802947925,0.3182935942845742,0.3596209741581452,0.3171430968100883,0.2818989393455677,0.3307753007976743,0.2946009751059434,0.3305768290703378,0.2349279214753026,0.3367070441889123,0.3025066165197079,0.3432476873592456,0.3296602557332554,0.3249191010194056,0.3343202462351519,0.3469524980288687,0.3464413154048533,0.3190523689002895,0.3551072206988278,0.3498155182888742,0.2151504249014419,0.309283240460155,0.3121811559622298,0.3635879303953429,0.3326023415263759,0.3445439775249336,0.3246223500061893,0.2533760735719891,0.2918343337516213,0.2578114962294173,0.0,0.2347349882637193,0.3112943287696647,0.2389894491257627,0.1893895451178369,0.2952623437091912,0.2226246971584568,0.3202638785315881,0.2960821218021184,0.0,0.0,0.2654316492662135,0.3279031029727426,0.3503888499102602,0.0,0.0,0.0,0.3871124589347138,0.0,0.3695027280926787,0.0,0.306827279080954,0.0,0.2737440264366862,0.4506456915550872,0.0,0.3687223175726257,0.3486468916523158,0.360245028314454,0.3320015719777167,0.0,0.3046385903509643,0.3581090756411769,0.3658089895445396,0.3240691644678071,0.3483837621223706,0.3297407424946189,0.3738396599143784,0.3211406762966682,0.3828181672690867,0.3720789894644529,0.0,0.0
0.3497227475072079,0.3542740267679155,0.3831579289995929,0.2176686090767645,0.2516961106821739,0.3542472473297761,0.1940779048729989,0.3447747750697353,0.3392138245687589,0.2732971464617709,0.2747249114566558,0.2558351601095606,0.3037682952683225,0.0,0.3782596271902524,0.3644686322742735,0.3390486620996051,0.3622232763523619,0.3175105016741901,0.382710441365647,0.3747893469477426,0.3976529444476135,0.3759337212191554,0.2216427570344191,0.3311950092987314,0.354627013662775,0.3820049543265229,0.3105534093296885,0.3827283969753606,0.3706303321866357,0.29387773635856,0.3472805396647256,0.4038594874236201,0.2347349882637193,0.0,0.2933986239462347,0.2763689779912708,0.1966432838586287,0.2722728638021003,0.2935884231901325,0.3169828761898153,0.3236763993563855,0.2990406417501652,0.2989246056039757,0.2618222606364279,0.0,0.3394750767475281,0.0,0.0,0.0,0.4187660546443328,0.0,0.0,0.0,0.0,0.0,0.2637665039755456,0.0,0.0,0.3941115625308692,0.3796926101642996,0.0,0.0,0.0,0.3811821016536267,0.0,0.3905393822743751,0.3662021314278154,0.0,0.0,0.386524698679607,0.3654979966203881,0.3831163597972433,0.3887014459214575,0.0,0.0
0.0,0.0,0.3475620545129802,0.1577562789492177,0.220585349930073,0.3057296118006801,0.2659190597304604,0.2725050696056887,0.317034748969155,0.2704148846578943,0.2666391823256187,0.2817830098074582,0.3094385069346205,0.1969580502684401,0.0,0.0,0.0,0.0,0.3083098145171977,0.0,0.0,0.0,0.2954054902903482,0.0,0.0,0.3467582706481357,0.3379361724274947,0.2404243887648409,0.3316498437849462,0.0,0.3445154355763095,0.2502970328385738,0.2803358954033297,0.3112943287696647,0.2933986239462347,0.0,0.1995234100619501,0.2679387410348121,0.2484099393520392,0.1777873890408564,0.2510692736221926,0.2538348156786101,0.2433155271771301,0.2882815138060048,0.0,0.0,0.0,0.0,0.0,0.0,0.3643390782399492,0.0,0.0,0.3647318285162083,0.0,0.2977762713490103,0.2356546507204644,0.0,0.0,0.0,0.0,0.0,0.0,0.3683608238029049,0.0,0.0,0.0,0.343427467339113,0.0,0.0,0.0,0.3665895644589538,0.0,0.0,0.0,0.0
0.0,0.0,0.3721843934220575,0.1646787591868728,0.3032455692706361,0.3406347784859579,0.2717718390478429,0.3286046054786082,0.3352197930187969,0.2554880225535348,0.3261504181840051,0.2585871239404198,0.3077620475253707,0.1355567629498972,0.0,0.0,0.0,0.0,0.347054577218958,0.0,0.0,0.0,0.340425985594569,0.2126305628905411,0.0,0.0,0.3413299636005315,0.2445266276622565,0.3878319469522396,0.0,0.3037505320947894,0.28123560495126,0.2257350326067071,0.2389894491257627,0.2763689779912708,0.1995234100619501,0.0,0.2521113896264474,0.2296581519305792,0.0,0.0,0.2816794056740787,0.2589237081946082,0.0,0.0,0.0,0.0,0.0,0.0,0.0,0.0,0.0,0.0,0.0,0.0,0.0,0.0,0.0,0.0,0.0,0.0,0.0,0.0,0.0,0.0,0.0,0.0,0.4429269153999893,0.0,0.0,0.0,0.0,0.0,0.0,0.0,0.0
0.3555823158124308,0.0,0.0,0.2458777763501497,0.3323283275429039,0.387802374747372,0.2813063699418732,0.0,0.3440420642340119,0.2489849701361892,0.3470306984419517,0.2204095521426108,0.3095158376925074,0.0,0.0,0.0,0.2942716162493197,0.0,0.0,0.0,0.0,0.0,0.399934284037903,0.2198163827660385,0.2942298477846615,0.2724093218852815,0.4222302074028567,0.3013851790766623,0.0,0.0,0.2470507259274715,0.2234125987903731,0.1951920426918058,0.1893895451178369,0.1966432838586287,0.2679387410348121,0.2521113896264474,0.0,0.2172894842533448,0.1999728812740043,0.2170778058648514,0.0,0.0,0.0,0.2190078394361272,0.0,0.0,0.0,0.0,0.0,0.0,0.0,0.0,0.0,0.2596952782269932,0.0,0.225694903094327,0.0,0.0,0.0,0.0,0.0,0.0,0.0,0.0,0.0,0.0,0.0,0.2820812449854876,0.3291352598467141,0.2740871340965601,0.0,0.3525323700993001,0.0,0.0,0.0
0.3652077238091484,0.3738527754358922,0.0,0.0,0.0,0.3070862048676019,0.0,0.2830989617727417,0.0,0.3114230609285867,0.0,0.0,0.361468957914387,0.0,0.3689806120353711,0.3489692171062387,0.0,0.3177572828160233,0.0,0.3452011765183477,0.3244694056799212,0.3646339218198418,0.3494370881339579,0.3601279731864772,0.3329298424341518,0.3685256655795612,0.3515636117927348,0.3205446257235501,0.3354396958662403,0.0,0.3392809134179329,0.2746889979577465,0.3178875833321886,0.2952623437091912,0.2722728638021003,0.2484099393520392,0.2296581519305792,0.2172894842533448,0.0,0.3046689679849814,0.3606329066164223,0.3390064674495775,0.2775038331196086,0.2784706875079977,0.2339579375485825,0.3685402638877404,0.3598234310212467,0.3572877274935666,0.2558881481851103,0.3453714592978985,0.3428458578738746,0.3413954737849696,0.3188278481713642,0.3664551422303927,0.2870088796557005,0.3694976912334315,0.2378076518611591,0.3523845471474041,0.2900995385419151,0.364750019093924,0.3768905693620482,0.3715071781037928,0.3803039039337671,0.3524732883646853,0.3785349290753349,0.3362866306662996,0.3836904368048037,0.3319933525275384,0.3158707630129002,0.3618486864459577,0.3652779241330238,0.3453875765054965,0.345175905765044,0.3596791631155946,0.3681726557306405,0.3485102999814683
0.3254321141435555,0.3572530400455413,0.0,0.0,0.0,0.0,0.0,0.0,0.0,0.2440196714736897,0.0,0.2698920784282592,0.0,0.0,0.3297217946033725,0.3712025290529482,0.3599590292879366,0.3111046257743293,0.0,0.0,0.3447693230346323,0.3487149217542772,0.0,0.2770909360354784,0.3129986929273847,0.3341813469345761,0.0,0.0,0.0,0.0,0.2585242414012798,0.2892359037966629,0.2282775927043025,0.2226246971584568,0.2935884231901325,0.1777873890408564,0.0,0.1999728812740043,0.3046689679849814,0.0,0.2517211677378617,0.3152529501016807,0.2675995929870046,0.2180050606500002,0.1655236054750298,0.2628532489396624,0.2857159618237028,0.0,0.0,0.0,0.3359630850367178,0.3545224224343833,0.3338060981265173,0.3693029540546321,0.2478972676188133,0.3608130858401144,0.211436039685484,0.3284576623560426,0.0,0.3100781720957888,0.3047506021623792,0.2657711776281394,0.2730052741057638,0.0,0.3240831594160718,0.2835061282784702,0.3284492260396678,0.2894670225863136,0.196069658439522,0.2614692561550915,0.2733818522737568,0.3114131352648682,0.3062048314442064,0.3002852653127576,0.3496008198524525,0.2854239821747553
0.3393904723830984,0.3337685130482201,0.0,0.0,0.0,0.3839808529716483,0.0,0.3756857753597766,0.0,0.2729696751263985,0.0,0.2806407434389022,0.0,0.0,0.3828870729792372,0.36084777936054,0.0,0.3193972932404956,0.0,0.3913647550669071,0.3853146183120647,0.3598526165918227,0.3401064184287183,0.3283433043016973,0.3186046558376408,0.3612410602013484,0.3842904287115071,0.0,0.3915060161514413,0.0,0.3307821090663027,0.3228148313976781,0.3178276124277863,0.3202638785315881,0.3169828761898153,0.2510692736221926,0.0,0.2170778058648514,0.3606329066164223,0.2517211677378617,0.0,0.3341410052027825,0.2517924665612098,0.2594367435328276,0.204125595059447,0.3069847787916017,0.3230824509842073,0.3474219796351193,0.182196127642308,0.3554333931837892,0.3698381365666387,0.3424559406478015,0.3243962673984729,0.3745889278213856,0.2756607744388445,0.3530332209845459,0.2360909528272102,0.3470596217126935,0.2915178869129343,0.3723382792627887,0.3305124541615438,0.3177739325972842,0.324321161736864,0.3362892319040222,0.3736413452061689,0.3585654159318583,0.3678220887425061,0.3592509243898885,0.2359211233026781,0.3068055381902418,0.3273211319209879,0.370365675091733,0.3199630056446474,0.3502552138910719,0.3405366739661347,0.2260274538493948
0.0,0.37546422554358,0.0,0.0,0.0,0.0,0.0,0.0,0.0,0.2759199840916436,0.0,0.0,0.0,0.0,0.380770972144443,0.3762044000787532,0.0,0.3575215266930381,0.0,0.0,0.3785607166605607,0.3802839726329961,0.337086426701587,0.0,0.350999604507786,0.3508271582307405,0.3826148362023422,0.0,0.0,0.0,0.0,0.2984372106370956,0.3679781836071851,0.2960821218021184,0.3236763993563855,0.2538348156786101,0.2816794056740787,0.0,0.3390064674495775,0.3152529501016807,0.3341410052027825,0.0,0.3164518319617131,0.2891753085610516,0.2265858510812582,0.3623522088654124,0.3516117569568716,0.3886453186166653,0.1591161885071121,0.3648412046079605,0.3619747575195138,0.3382121684249355,0.3530140919566403,0.3855834640666763,0.2832312094678473,0.3513356004855683,0.2663995548849941,0.3395786183780549,0.0,0.3921463143159303,0.374430311420842,0.3528224272570338,0.3657223195167119,0.3545046924417214,0.3943422625010691,0.4021846016696651,0.4049102948765094,0.3420093554222116,0.2614332235610854,0.349057047739683,0.3715842083562867,0.3560922027235207,0.3237306721525792,0.3697657834120071,0.2974734974440421,0.2375026000395984
0.0,0.0,0.3705440256180263,0.0,0.0,0.3590364396319059,0.0,0.3208299180664222,0.3584470859811574,0.0,0.3179868652782146,0.0,0.0,0.0,0.0,0.0,0.0,0.0,0.3579138347347338,0.0,0.0,0.0,0.3231493196710558,0.0,0.0,0.0,0.3476512096358209,0.0,0.0,0.0,0.0,0.2731356923727223,0.0,0.0,0.2990406417501652,0.2433155271771301,0.2589237081946082,0.0,0.2775038331196086,0.2675995929870046,0.2517924665612098,0.3164518319617131,0.0,0.1689438026933674,0.2608314261146716,0.0,0.0,0.3108106799017257,0.1745817820438186,0.2050611244424549,0.329203080095975,0.231381910832933,0.2955279992370662,0.3419261788490683,0.284655794141911,0.2635231568635531,0.2719178940330594,0.2921712362700585,0.2084716587965209,0.0,0.0,0.0,0.0,0.2960854164044727,0.0,0.3362108273161884,0.0,0.3152737847461069,0.2531152928886389,0.0,0.0,0.3231532645702438,0.2529458481110275,0.3489069231346051,0.0,0.3054521930563557
