0.0,0.322124487146016,0.0,0.0,0.0,0.3274778415380226,0.0,0.3534363452803423,0.0,0.0,0.0,0.2703857092770721,0.0,0.0,0.2733913556801591,0.2981989653061684,0.0,0.2797560088580745,0.0,0.2987108312364587,0.2829384432546329,0.3377235998067445,0.3284986465051225,0.2829509264399714,0.2851496663552789,0.2671348808984279,0.3179469241433628,0.0,0.0,0.0,0.2829895739163216,0.2995290983698794,0.2764971388676986,0.2639822399044853,0.0,0.0,0.0,0.0,0.3220976474172965,0.3176081351693716,0.2978314241595393,0.0,0.0,0.0,0.0,0.2894048128561724,0.3420719225340349,0.0,0.0,0.0,0.0,0.0,0.0,0.0,0.3600425939474315,0.0,0.0,0.0,0.0,0.0,0.340827116346579,0.0,0.3444430839246186,0.0,0.0,0.2214329062244176,0.3492968341819976,0.0,0.2714414596309812,0.3293720623361402,0.3384867207188502,0.0,0.0,0.0,0.0,0.0
0.322124487146016,0.0,0.0,0.0,0.2967259949604969,0.2984316512850949,0.3062899645799317,0.0,0.2943746194922957,0.0,0.0,0.0,0.3148733161967157,0.0,0.2927478384467905,0.2931036020730671,0.0,0.2891752164024205,0.0,0.3001450115015446,0.3230172609471096,0.2857508709331585,0.3154146218374413,0.0,0.2806790169923952,0.2868403786462897,0.3032530226363421,0.322149859018437,0.3040999231321698,0.0,0.272246787881953,0.2953626803742683,0.2647832493927506,0.2599936576729971,0.2974953750526373,0.0,0.0,0.0,0.3300666731867002,0.3179043216008739,0.3455945552672155,0.3380525371745752,0.0,0.0,0.0,0.3432838084281348,0.3571381849610203,0.0,0.0,0.0,0.0,0.0,0.0,0.0,0.0,0.0,0.0,0.0,0.0,0.3400276023176238,0.3418132459236924,0.0,0.3339902416898268,0.0,0.3261056290677014,0.343960392154532,0.3457233914513671,0.354306461272941,0.0,0.3370950377597818,0.3581080734180614,0.339046962300597,0.0,0.3365739970677772,0.0,0.3223934554226296
0.0,0.0,0.0,0.0,0.2732275446478016,0.2942169458120182,0.3079923017694794,0.3157811751895202,0.2413418488346781,0.3475872616746593,0.2362880125566954,0.0,0.3157131436665155,0.2948670059345525,0.0,0.0,0.0,0.0,0.184154478754734,0.0,0.0,0.0,0.2343274313358661,0.0,0.0,0.0,0.2518830389924951,0.3232421531493337,0.0,0.3406490188491406,0.3311238272346534,0.3108759945332063,0.0,0.3269248515579134,0.326546948814899,0.2897112573082516,0.3140252598776716,0.0,0.3805753008093276,0.0,0.0,0.0,0.3578051346792092,0.0,0.0,0.0,0.0,0.3032837147500385,0.0,0.0,0.3787629509289457,0.0,0.3910846546849662,0.3915404549857382,0.0,0.2957441278338261,0.0,0.0,0.0,0.0,0.0,0.0,0.0,0.1549291700035316,0.0,0.0,0.0,0.3924188857193136,0.0,0.0,0.0,0.3845080223941894,0.0,0.0,0.0,0.0
0.0,0.0,0.0,0.0,0.21484727064462,0.2834509292623525,0.2362050253144213,0.2768795496723791,0.2968170100588412,0.3244324504986537,0.2805761660371599,0.0,0.2597643234269325,0.186063529185519,0.0,0.0,0.0,0.0,0.3012653205787542,0.0,0.0,0.0,0.2854851622835122,0.0,0.0,0.0,0.2901871257642029,0.1895579920293869,0.0,0.0,0.0,0.2003212935734006,0.0,0.1938994856698624,0.1993451644372574,0.1369101489018747,0.1278632097466861,0.0,0.0,0.0,0.0,0.0,0.0,0.0,0.0,0.0,0.0,0.0,0.0,0.0,0.0,0.0,0.0,0.0,0.0,0.0,0.0,0.0,0.0,0.0,0.0,0.0,0.0,0.0,0.0,0.0,0.0,0.0,0.0,0.0,0.0,0.0,0.0,0.0,0.0,0.0
0.0,0.2967259949604969,0.2732275446478016,0.21484727064462,0.0,0.2765173708305092,0.2491266838112766,0.2866140909765423,0.2579734725136199,0.3207133888678195,0.2438911577979462,0.3386551734692651,0.2794369333616924,0.2123374254196388,0.0,0.0,0.0,0.0,0.2772204931516648,0.2942229296244255,0.0,0.3013971844884564,0.2752857343767699,0.0,0.0,0.0,0.2767663787191917,0.2783615719637333,0.296878698492041,0.0,0.3318758978921708,0.3032464604208137,0.2886272926718209,0.3098700267297764,0.2987364437906917,0.1776793482618267,0.1939810008210375,0.0,0.0,0.0,0.0,0.0,0.0,0.0,0.0,0.0,0.0,0.0,0.0,0.0,0.0,0.0,0.0,0.0,0.0,0.0,0.0,0.0,0.0,0.0,0.0,0.0,0.0,0.0,0.0,0.0,0.0,0.3613576989219619,0.0,0.0,0.0,0.0,0.0,0.0,0.0,0.0
0.3274778415380226,0.2984316512850949,0.2942169458120182,0.2834509292623525,0.2765173708305092,0.0,0.2930239952353092,0.3073130288885857,0.2442017792602224,0.3182411892770831,0.2685098404085018,0.0,0.2862008411896185,0.2899118055380533,0.3046153326056019,0.3061097348235649,0.0,0.2942024265003043,0.2767932540531263,0.3116650377538775,0.3084376127949486,0.3115369935651282,0.2981164956649371,0.0,0.2809797378482908,0.3050003327611882,0.2745398075179661,0.2779009317741168,0.2586408097211309,0.3006493864811684,0.3117737504952663,0.2910759395750636,0.2689611134504625,0.308745079261827,0.3251132793320655,0.3036268747908083,0.3018599474573492,0.0,0.3505543512694719,0.0,0.3594902341826337,0.3943260375393681,0.3332762978671524,0.0,0.0,0.0,0.0,0.3777941111769098,0.0,0.0,0.3577992219276196,0.3735772242716495,0.3496677786564916,0.3860015788835294,0.0,0.3632916639150739,0.0,0.363367604162551,0.0,0.3558288364480816,0.0,0.0,0.0,0.3846858941177759,0.3472937236149022,0.3596103230933825,0.0,0.3652892874359474,0.0,0.0,0.0,0.3587929282773702,0.3539476156103841,0.3414893402679175,0.0,0.3598302667357193
0.0,0.3062899645799317,0.3079923017694794,0.2362050253144213,0.2491266838112766,0.2930239952353092,0.0,0.3195489481828716,0.2971061695254734,0.3098563846618981,0.3241105531673181,0.3159784262953972,0.2559774541359489,0.2691458539307249,0.0,0.3219546524786941,0.0,0.3232629368078357,0.3208751278794934,0.3123775932116385,0.0,0.3246112137281365,0.3084787040770708,0.0,0.2972011399855536,0.3042119094619879,0.3056665252155471,0.27531845626936,0.3061143426871127,0.0,0.3159008853512226,0.2851421649299898,0.2869094982217594,0.2948108788914267,0.3091846166236327,0.240131235103438,0.2468698592394282,0.0,0.0,0.0,0.0,0.0,0.0,0.0,0.0,0.0,0.0,0.0,0.0,0.0,0.3863174215868568,0.0,0.0,0.0,0.0,0.0,0.0,0.0,0.0,0.0,0.0,0.0,0.0,0.0,0.0,0.0,0.0,0.3687295528188041,0.0,0.0,0.0,0.3642263291940402,0.0,0.0,0.0,0.0
0.3534363452803423,0.0,0.3157811751895202,0.2768795496723791,0.2866140909765423,0.3073130288885857,0.3195489481828716,0.0,0.3417336287777107,0.0,0.2210840263335289,0.0,0.3193405608286396,0.2478435577086136,0.2638585600495127,0.0,0.0,0.0,0.302942637569048,0.0,0.2913383119792855,0.0,0.2645503625212957,0.3767028302843499,0.363204828336415,0.354104773392459,0.3225436341635347,0.3117660398659617,0.3100438875076877,0.3051608092243499,0.3318825900009403,0.1380375460951129,0.0,0.3316408391378513,0.0,0.18637318074346,0.2308546721238616,0.0,0.3410868795903777,0.0,0.3601673203396806,0.0,0.3200258327083441,0.0,0.0,0.0,0.0,0.3826539783619577,0.0,0.3448115335243034,0.3509211284803208,0.3585655431550111,0.3099979785123536,0.3869114920063808,0.0,0.3427627762439563,0.0,0.3531748432478956,0.291529774526741,0.0,0.0,0.0,0.0,0.3691580162353016,0.3313470858863717,0.0,0.0,0.3558331937514611,0.0,0.0,0.0,0.3638480928422225,0.3463247348053343,0.326478315588382,0.0,0.3554612070891026
0.0,0.2943746194922957,0.2413418488346781,0.2968170100588412,0.2579734725136199,0.2442017792602224,0.2971061695254734,0.3417336287777107,0.0,0.3332523491809324,0.2417315794493705,0.3302681496120407,0.2748184656919831,0.3076109542554071,0.0,0.2981938598960418,0.0,0.0,0.2119846824963835,0.3004472058885185,0.0,0.3036031366617165,0.293592084927986,0.0,0.0,0.0,0.2597799417938031,0.3230225742347347,0.2956413136691723,0.3247612467951042,0.3475458047835668,0.3117087825817691,0.2945729831483892,0.3310351972452929,0.3200800916253143,0.3044650045161255,0.3162259126157732,0.323704381741544,0.3661522623927613,0.0,0.0,0.0,0.3563755649570531,0.0,0.0,0.0,0.0,0.3869349719176827,0.0,0.0,0.3766637230513505,0.0,0.3961425500604755,0.0,0.0,0.3676994046631968,0.0,0.0,0.0,0.0,0.0,0.0,0.0,0.3849437357779255,0.0,0.0,0.0,0.3927985640195266,0.0,0.0,0.0,0.3794808772183429,0.0,0.0,0.0,0.0
0.0,0.0,0.3475872616746593,0.3244324504986537,0.3207133888678195,0.3182411892770831,0.3098563846618981,0.0,0.3332523491809324,0.0,0.3451605918762275,0.2220543693878725,0.3171341316235614,0.0,0.0,0.285102097907101,0.2519388621078208,0.2574591584387314,0.3436026812868142,0.0,0.0,0.3018640993447232,0.331934442285394,0.2259995815976517,0.2487463518765499,0.2574201214651571,0.3304465791048876,0.2871191927502096,0.0,0.0,0.2575484918208606,0.2410182184218723,0.2251927591434909,0.2219870706751665,0.212297800819681,0.27529722895991,0.2387669795439642,0.1861228688993104,0.2023169293555497,0.2559530855569257,0.2723126538244127,0.0,0.0,0.0,0.2564881616505262,0.0,0.0,0.0,0.0,0.0,0.0,0.0,0.0,0.0,0.3235300195419598,0.0,0.3374782778602707,0.0,0.0,0.0,0.0,0.3113863311066056,0.3027368979133683,0.0,0.0,0.0,0.0,0.0,0.3091115776534704,0.3172771543262936,0.3334235640649478,0.0,0.314533212337775,0.0,0.0,0.3079113155617484
0.0,0.0,0.2362880125566954,0.2805761660371599,0.2438911577979462,0.2685098404085018,0.3241105531673181,0.2210840263335289,0.2417315794493705,0.3451605918762275,0.0,0.3273093381259333,0.3261644746838362,0.2321147783285257,0.0,0.0,0.0,0.0,0.1888261640474462,0.0,0.0,0.0,0.2232387838007289,0.0,0.0,0.0,0.2760955856376115,0.3288535031867176,0.0,0.0,0.3630828171534186,0.2814111544772168,0.3482473994511996,0.3316100239529408,0.3224112799318564,0.2218558770718358,0.3085607020101842,0.3240148769425182,0.2987417795493166,0.0,0.0,0.0,0.3025504183950952,0.0,0.0,0.0,0.0,0.2725367358633173,0.0,0.3086420967894677,0.331945356319223,0.3527135064807611,0.3287942908621597,0.2814685514351479,0.0,0.1598473908885905,0.0,0.3649640481391049,0.2572170992842945,0.0,0.0,0.0,0.0,0.1072676804718032,0.0,0.0,0.0,0.347157564467096,0.0,0.0,0.0,0.3368987169970125,0.0,0.0,0.0,0.0
0.2703857092770721,0.0,0.0,0.0,0.3386551734692651,0.0,0.3159784262953972,0.0,0.3302681496120407,0.2220543693878725,0.3273093381259333,0.0,0.2963250073708337,0.0,0.0,0.0,0.2600542880705627,0.2657436760196552,0.0,0.0,0.0,0.0,0.0,0.2292322068183106,0.259498848174586,0.2435362492226897,0.0,0.2570272959531686,0.0,0.0,0.2617566331429777,0.1917637563588276,0.2076335319495111,0.1858692970477538,0.206461876841056,0.2175605005870165,0.2166419669407895,0.1721163793325948,0.1781582976550924,0.2251400209531371,0.210045995304704,0.0,0.0,0.0,0.188485568742723,0.0,0.0,0.0,0.0,0.0,0.0,0.0,0.0,0.0,0.336924827050935,0.0,0.3321235594955655,0.0,0.0,0.0,0.0,0.3192911842332223,0.3181161867994715,0.0,0.0,0.0,0.0,0.0,0.2928373117933569,0.3293469105713998,0.3370077479950409,0.0,0.0,0.0,0.0,0.294774626375437
0.0,0.3148733161967157,0.3157131436665155,0.2597643234269325,0.2794369333616924,0.2862008411896185,0.2559774541359489,0.3193405608286396,0.2748184656919831,0.3171341316235614,0.3261644746838362,0.2963250073708337,0.0,0.2755105918935336,0.3020829978402425,0.3319015990619879,0.3201671285997111,0.3148272468974685,0.3262819668512782,0.3163652707481585,0.3210630923264295,0.3298095218121267,0.3137817562979226,0.3252977126173704,0.3006203905290565,0.3116928778330695,0.3126235372211233,0.2658812914277575,0.2960936640021694,0.3041772698842093,0.3076665227606751,0.2904620196490332,0.2860539743579162,0.3015323847606323,0.3087422040640844,0.2679121721614983,0.2695924050972771,0.2840874777428292,0.347602874063153,0.0,0.0,0.0,0.3453432463603594,0.0,0.0,0.0,0.0,0.3977973786579113,0.0,0.0,0.3611459613753733,0.0,0.3553782700006567,0.0,0.0,0.0,0.0,0.0,0.0,0.0,0.0,0.0,0.0,0.0,0.0,0.0,0.0,0.3686841733702151,0.0,0.0,0.0,0.3565931916676662,0.0,0.3622518600090667,0.0,0.0
0.0,0.0,0.2948670059345525,0.186063529185519,0.2123374254196388,0.2899118055380533,0.2691458539307249,0.2478435577086136,0.3076109542554071,0.0,0.2321147783285257,0.0,0.2755105918935336,0.0,0.0,0.0,0.0,0.0,0.2528574207928142,0.0,0.3074895777167405,0.0,0.2653055235863614,0.0,0.0,0.0,0.3073078216015374,0.1609108485433052,0.0,0.0,0.264371391260614,0.1961190229560612,0.0,0.1849615102971933,0.0,0.1616004527732271,0.1300642967988178,0.0,0.0,0.0,0.0,0.0,0.3002553394127972,0.0,0.0,0.0,0.0,0.0,0.0,0.0,0.0,0.0,0.0,0.0,0.0,0.0,0.0,0.0,0.0,0.0,0.0,0.0,0.0,0.0,0.0,0.0,0.0,0.3546082985242456,0.0,0.0,0.0,0.0,0.0,0.0,0.0,0.0
0.2733913556801591,0.2927478384467905,0.0,0.0,0.0,0.3046153326056019,0.0,0.2638585600495127,0.0,0.0,0.0,0.0,0.3020829978402425,0.0,0.0,0.3210601506379031,0.0,0.297834558623041,0.0,0.2462474146846257,0.2706928235032305,0.2622283994817642,0.2883640509930479,0.3637536930306549,0.2792105348550504,0.275941640254659,0.3092367950888254,0.2828638477206447,0.2924589214918257,0.0,0.303080711864359,0.2955799330277126,0.2876298486864921,0.3052924802815558,0.324081574894901,0.3214346564316075,0.0,0.0,0.3309947414495458,0.3531426034255651,0.3427588122822253,0.3553911279087837,0.0,0.0,0.0,0.0,0.3445740210808368,0.0,0.0,0.0,0.3519664440510363,0.0,0.3211938505808612,0.0,0.0,0.0,0.0,0.0,0.0,0.3465496580040375,0.3471540978086047,0.0,0.0,0.0,0.3325443807081023,0.3330220899388367,0.3541964342612741,0.3449792680341464,0.0,0.0,0.3662945553576853,0.3433284755324769,0.3485140812567984,0.329059772186435,0.0,0.3409294166201456
0.2981989653061684,0.2931036020730671,0.0,0.0,0.0,0.3061097348235649,0.3219546524786941,0.0,0.2981938598960418,0.285102097907101,0.0,0.0,0.3319015990619879,0.0,0.3210601506379031,0.0,0.2727323341198006,0.2542099975077483,0.0,0.294520003436548,0.3256607872722248,0.2852733120928273,0.3302608304307201,0.0,0.2848105015456811,0.3004807073904334,0.3081686090187274,0.3205125220225833,0.3134024395118741,0.3151157611359796,0.2822883195142451,0.3036933628154186,0.2779723135797186,0.2754507363274124,0.3117864687670844,0.0,0.0,0.0,0.2868830082786199,0.2797020253107428,0.2862738134262322,0.0,0.0,0.0,0.0,0.3342885156198931,0.3209951810283145,0.0,0.0,0.0,0.0,0.0,0.0,0.0,0.0,0.0,0.0,0.0,0.0,0.0,0.3133550606066081,0.0,0.3146605223178603,0.0,0.0,0.0,0.3099477384932372,0.0,0.0,0.3149626206159511,0.3332086003541556,0.0,0.0,0.0,0.0,0.0
0.0,0.0,0.0,0.0,0.0,0.0,0.0,0.0,0.0,0.2519388621078208,0.0,0.2600542880705627,0.3201671285997111,0.0,0.0,0.2727323341198006,0.0,0.2493539286488321,0.0,0.3009866677214211,0.0,0.2864699496593588,0.0,0.2642238002196676,0.2556465139792104,0.2621115818106835,0.0,0.2985024890484685,0.0,0.0,0.261269034361027,0.2883223042118536,0.2615973820325776,0.2635687157425419,0.2608480473518991,0.0,0.0,0.2365409534470154,0.0,0.2581584963415217,0.0,0.0,0.0,0.0,0.0,0.0,0.0,0.0,0.0,0.0,0.0,0.0,0.0,0.0,0.332113249719458,0.0,0.3351842748738544,0.0,0.0,0.0,0.0,0.3027656890604934,0.3064426112994526,0.0,0.0,0.0,0.0,0.0,0.0,0.3208871534158458,0.3290859606429038,0.0,0.0,0.0,0.0,0.0
0.2797560088580745,0.2891752164024205,0.0,0.0,0.0,0.2942024265003043,0.3232629368078357,0.0,0.0,0.2574591584387314,0.0,0.2657436760196552,0.3148272468974685,0.0,0.297834558623041,0.2542099975077483,0.2493539286488321,0.0,0.0,0.2935310642429322,0.3090302754299082,0.2928998231506348,0.3154061852718899,0.2577095661656354,0.2522922635871754,0.2719499077256341,0.294837093676454,0.307242957937809,0.3000100507697497,0.0,0.270667379533184,0.2928644055114247,0.2637017162062407,0.2666472080620597,0.2742433386920709,0.0,0.0,0.0,0.2913746862849662,0.2483873883826386,0.2926416366021229,0.0,0.0,0.0,0.0,0.3177023114062118,0.2935727305054056,0.0,0.0,0.0,0.0,0.0,0.0,0.0,0.3010051097076646,0.0,0.3230406389383073,0.0,0.0,0.0,0.2996364306749609,0.3149944163946838,0.3042807103819966,0.0,0.0,0.0,0.0,0.0,0.3286743545850305,0.3054439386010404,0.3238953166081088,0.0,0.0,0.0,0.0,0.2866522142977518
0.0,0.0,0.184154478754734,0.3012653205787542,0.2772204931516648,0.2767932540531263,0.3208751278794934,0.302942637569048,0.2119846824963835,0.3436026812868142,0.1888261640474462,0.0,0.3262819668512782,0.2528574207928142,0.0,0.0,0.0,0.0,0.0,0.0,0.0,0.0,0.1928395656702057,0.0,0.0,0.0,0.2619735562640057,0.335314524736535,0.0,0.0,0.3426450536796332,0.2879073321021662,0.0,0.3268584489106505,0.3202761588874403,0.2580411473397551,0.3180754021051367,0.0,0.3429131191656833,0.0,0.0,0.0,0.3395118078652273,0.0,0.0,0.0,0.0,0.3676588228437038,0.0,0.0,0.3640258426843717,0.0,0.3795803033017398,0.3768654073121403,0.0,0.3289679672413337,0.0,0.0,0.3299573502547159,0.0,0.0,0.0,0.0,0.3710238269831731,0.0,0.0,0.0,0.3816281499489593,0.0,0.0,0.0,0.3691380057082081,0.0,0.0,0.0,0.0
0.2987108312364587,0.3001450115015446,0.0,0.0,0.2942229296244255,0.3116650377538775,0.3123775932116385,0.0,0.3004472058885185,0.0,0.0,0.0,0.3163652707481585,0.0,0.2462474146846257,0.294520003436548,0.3009866677214211,0.2935310642429322,0.0,0.0,0.3081901653820666,0.2536455954809885,0.234765252133324,0.0,0.2807707659349183,0.2995982417989647,0.2724975693650326,0.2884534412616995,0.2545030497508717,0.2373032427386434,0.273038755202058,0.2966321123387626,0.2870803692824933,0.2965717329408792,0.3189823780941686,0.3463997444909968,0.291789009188636,0.0,0.3046015857575414,0.0,0.3385918432874119,0.3476005054632766,0.0,0.0,0.0,0.0,0.3332782649690199,0.0,0.0,0.0,0.0,0.0,0.383756234121939,0.0,0.0,0.0,0.0,0.0,0.0,0.336298121806206,0.0,0.0,0.0,0.0,0.3290519706791289,0.3262010671487271,0.3344522317677416,0.3509754308209726,0.0,0.0,0.3374802904048586,0.3442428746523379,0.3486827800845786,0.3287642457055834,0.0,0.3480808125845379
0.2829384432546329,0.3230172609471096,0.0,0.0,0.0,0.3084376127949486,0.0,0.2913383119792855,0.0,0.0,0.0,0.0,0.3210630923264295,0.3074895777167405,0.2706928235032305,0.3256607872722248,0.0,0.3090302754299082,0.0,0.3081901653820666,0.0,0.3043467390492012,0.2988004668249488,0.3564590542632497,0.3178922541271737,0.2956525808930104,0.3183839339449162,0.320723963577686,0.3039468917989465,0.3193146690741554,0.317015292376027,0.2993435321637206,0.2945757021987545,0.2933957080296305,0.0,0.0,0.0,0.0,0.3275423360659572,0.3280119002798204,0.3500654711586183,0.0,0.0,0.0,0.0,0.0,0.3569401502988003,0.0,0.0,0.0,0.323032731195884,0.0,0.2799801309990896,0.0,0.0,0.0,0.0,0.0,0.0,0.332166429354981,0.3251566182603627,0.0,0.0,0.0,0.3337543749411168,0.2942285132972694,0.3488024267879054,0.3352939269113604,0.0,0.0,0.3607661323397866,0.340643520528499,0.336898296634262,0.3335239688048105,0.0,0.3522984794105277
0.3377235998067445,0.2857508709331585,0.0,0.0,0.3013971844884564,0.3115369935651282,0.3246112137281365,0.0,0.3036031366617165,0.3018640993447232,0.0,0.0,0.3298095218121267,0.0,0.2622283994817642,0.2852733120928273,0.2864699496593588,0.2928998231506348,0.0,0.2536455954809885,0.3043467390492012,0.0,0.313955356496609,0.0,0.2874190942203105,0.2899674030285951,0.3118716553715958,0.3212685073166089,0.2912118948653415,0.3047589340658836,0.2772448769660493,0.295554245176746,0.2790418213366546,0.291638291572351,0.3179846959076392,0.3389638669171262,0.3006972725412765,0.0,0.3214627368782445,0.3106193469301981,0.3275464380222742,0.3338161887168617,0.0,0.0,0.0,0.3468489691353325,0.3354289850481349,0.0,0.0,0.0,0.0,0.0,0.0,0.0,0.0,0.0,0.0,0.0,0.0,0.347898434671164,0.3208744916164552,0.0,0.3544716587171175,0.0,0.3296024572909987,0.3486626109552557,0.3358275768231905,0.3420937662612477,0.0,0.3257841931734994,0.357270306617216,0.3362048511362432,0.0,0.3196803075902916,0.0,0.3198653748089858
0.3284986465051225,0.3154146218374413,0.2343274313358661,0.2854851622835122,0.2752857343767699,0.2981164956649371,0.3084787040770708,0.2645503625212957,0.293592084927986,0.331934442285394,0.2232387838007289,0.0,0.3137817562979226,0.2653055235863614,0.2883640509930479,0.3302608304307201,0.0,0.3154061852718899,0.1928395656702057,0.234765252133324,0.2988004668249488,0.313955356496609,0.0,0.3579509134116177,0.3179089968205363,0.3197810199108839,0.2688589755870103,0.3131622809622166,0.3050677598070296,0.3083716861245612,0.3146810461857328,0.3008660006587514,0.2884568848162046,0.3183163346860596,0.3273601091622466,0.2841966586025534,0.2967891412802255,0.0,0.3575982817074972,0.3245437683024932,0.3819670102219321,0.3690057182188813,0.3495998651551543,0.0,0.0,0.0,0.3501969746261149,0.3744681071594481,0.0,0.3998636536733818,0.3652037666697628,0.3646708441638994,0.3519895336602546,0.3957025262223886,0.0,0.3705150951123503,0.0,0.3679275085648923,0.3568161946004911,0.3514118054281885,0.0,0.0,0.0,0.3798342147237268,0.3523538548762138,0.3405255658408041,0.3414289102554283,0.3720491141335464,0.0,0.0,0.3502738707916362,0.3683412411922778,0.3627918568523006,0.3547583269616302,0.3614851241229487,0.3681498230599016
0.2829509264399714,0.0,0.0,0.0,0.0,0.0,0.0,0.3767028302843499,0.0,0.2259995815976517,0.0,0.2292322068183106,0.3252977126173704,0.0,0.3637536930306549,0.0,0.2642238002196676,0.2577095661656354,0.0,0.0,0.3564590542632497,0.0,0.3579509134116177,0.0,0.2671337590097408,0.2472306770445757,0.3607692595257734,0.2794034179067283,0.0,0.0,0.2586971509149527,0.2094619619236049,0.2001604647036282,0.1831107668664607,0.1548535212252278,0.0,0.0,0.1812329826558174,0.0,0.2740632750751728,0.2733024727096538,0.0,0.0,0.0,0.272008381896717,0.3039541157037018,0.0,0.0,0.0,0.0,0.0,0.0,0.0,0.0,0.3261481535199302,0.0,0.3283100557449567,0.0,0.0,0.0,0.0,0.3305443968264632,0.3322587097559519,0.0,0.0,0.0,0.0,0.0,0.323970855553859,0.3329616342956099,0.3400232145474757,0.0,0.0,0.0,0.0,0.3224965984106171
0.2851496663552789,0.2806790169923952,0.0,0.0,0.0,0.2809797378482908,0.2972011399855536,0.363204828336415,0.0,0.2487463518765499,0.0,0.259498848174586,0.3006203905290565,0.0,0.2792105348550504,0.2848105015456811,0.2556465139792104,0.2522922635871754,0.0,0.2807707659349183,0.3178922541271737,0.2874190942203105,0.3179089968205363,0.2671337590097408,0.0,0.2593685355439717,0.2866886210945171,0.3041826476891635,0.2820279203099902,0.0,0.2711511382595562,0.2824787500193005,0.2464196303972255,0.2540865933042558,0.2666605238262067,0.0,0.0,0.2305338779194468,0.3151708285056451,0.2730301369009782,0.3182560905923138,0.3395463047527227,0.0,0.0,0.0,0.3262655249137464,0.3264379680815337,0.0,0.0,0.0,0.0,0.0,0.0,0.0,0.3348763682512836,0.0,0.3399897580305079,0.0,0.0,0.0,0.3225648556933689,0.313785722709918,0.3165739922074662,0.0,0.0,0.320789731273035,0.3040764010677953,0.0,0.3354833806575411,0.3196400560993204,0.3346674131095535,0.0,0.0,0.0,0.0,0.3086535805832796
0.2671348808984279,0.2868403786462897,0.0,0.0,0.0,0.3050003327611882,0.3042119094619879,0.354104773392459,0.0,0.2574201214651571,0.0,0.2435362492226897,0.3116928778330695,0.0,0.275941640254659,0.3004807073904334,0.2621115818106835,0.2719499077256341,0.0,0.2995982417989647,0.2956525808930104,0.2899674030285951,0.3197810199108839,0.2472306770445757,0.2593685355439717,0.0,0.316514118057313,0.3006061175993244,0.2960525815187295,0.0,0.2841789642645199,0.296349941188675,0.2685657351053507,0.274778466196576,0.3001620840038805,0.3442921797269124,0.0,0.232940966838189,0.322429511191808,0.3033327168887861,0.3386955459826833,0.3591344084550821,0.0,0.0,0.2804762439026645,0.3335945041143157,0.3629295438847672,0.0,0.0,0.0,0.0,0.0,0.0,0.0,0.3408790244555982,0.0,0.3432392852457151,0.0,0.0,0.3596145074368572,0.3471250574757247,0.3258306639202663,0.3301571241140702,0.0,0.3366913900741901,0.3470679430082698,0.351760824844517,0.3482182685493226,0.3374200431546346,0.3343043846203891,0.348647445509446,0.3532416466026533,0.0,0.3521415938975206,0.0,0.3260848106181603
0.3179469241433628,0.3032530226363421,0.2518830389924951,0.2901871257642029,0.2767663787191917,0.2745398075179661,0.3056665252155471,0.3225436341635347,0.2597799417938031,0.3304465791048876,0.2760955856376115,0.0,0.3126235372211233,0.3073078216015374,0.3092367950888254,0.3081686090187274,0.0,0.294837093676454,0.2619735562640057,0.2724975693650326,0.3183839339449162,0.3118716553715958,0.2688589755870103,0.3607692595257734,0.2866886210945171,0.316514118057313,0.0,0.3126187788119698,0.2710662775907997,0.3025086050501062,0.3002052281407633,0.3047084367466241,0.2921089305093948,0.3132036715352262,0.3276791870738644,0.3131765682614296,0.3063077661895932,0.0,0.3540085956028735,0.0,0.3651482668514729,0.3700531747773261,0.3477897557994212,0.0,0.0,0.0,0.0,0.3782335078154216,0.0,0.0,0.3600914814180675,0.3712658430206497,0.3626839795790316,0.3850586954713392,0.0,0.3720184577977051,0.0,0.3642138592286303,0.3683192917659875,0.352606917640667,0.0,0.0,0.0,0.4058433375596932,0.3505798110164259,0.353165188905977,0.3439773886366022,0.371726318715079,0.0,0.0,0.3595704780312138,0.3642595428336792,0.3600460684555965,0.3514964572562709,0.3694227838400932,0.3654487963114588
0.0,0.322149859018437,0.3232421531493337,0.1895579920293869,0.2783615719637333,0.2779009317741168,0.27531845626936,0.3117660398659617,0.3230225742347347,0.2871191927502096,0.3288535031867176,0.2570272959531686,0.2658812914277575,0.1609108485433052,0.2828638477206447,0.3205125220225833,0.2985024890484685,0.307242957937809,0.335314524736535,0.2884534412616995,0.320723963577686,0.3212685073166089,0.3131622809622166,0.2794034179067283,0.3041826476891635,0.3006061175993244,0.3126187788119698,0.0,0.2605415792308478,0.2425856397076669,0.2813836422560429,0.2715829303915933,0.256724276757505,0.2595869130890201,0.256060872582541,0.1935962940757895,0.2022322371780518,0.2388542515422395,0.2224079863131252,0.0,0.0,0.2378066083347224,0.3411536914176561,0.0,0.0,0.0,0.0,0.0,0.0,0.0,0.3648250779049425,0.0,0.3457715920240548,0.0,0.0,0.0,0.0,0.0,0.0,0.3573074434704675,0.0,0.0,0.0,0.0,0.3385240004297509,0.0,0.0,0.362002588452036,0.0,0.0,0.0,0.353384526290294,0.3654818941806996,0.3432370331205887,0.0,0.0
0.0,0.3040999231321698,0.0,0.0,0.296878698492041,0.2586408097211309,0.3061143426871127,0.3100438875076877,0.2956413136691723,0.0,0.0,0.0,0.2960936640021694,0.0,0.2924589214918257,0.3134024395118741,0.0,0.3000100507697497,0.0,0.2545030497508717,0.3039468917989465,0.2912118948653415,0.3050677598070296,0.0,0.2820279203099902,0.2960525815187295,0.2710662775907997,0.2605415792308478,0.0,0.2752398690768673,0.2708399157908376,0.2893472793156805,0.2585582902010392,0.2942455796186654,0.3192487643117287,0.3324836534025769,0.3081195931511601,0.0,0.3310070906507947,0.0,0.3483689057931362,0.0,0.0,0.0,0.0,0.0,0.3062016319749257,0.0,0.0,0.0,0.3412401630653738,0.0,0.3395767291061685,0.0,0.0,0.0,0.0,0.3626941205914461,0.0,0.3298413664893026,0.0,0.0,0.0,0.0,0.327687002950574,0.3243460304008728,0.3215788725862207,0.3526675428219422,0.0,0.0,0.3286812915852266,0.3427356258221943,0.3458804886862114,0.3299070693203534,0.0,0.3477590223495107
0.0,0.0,0.3406490188491406,0.0,0.0,0.3006493864811684,0.0,0.3051608092243499,0.3247612467951042,0.0,0.0,0.0,0.3041772698842093,0.0,0.0,0.3151157611359796,0.0,0.0,0.0,0.2373032427386434,0.3193146690741554,0.3047589340658836,0.3083716861245612,0.0,0.0,0.0,0.3025086050501062,0.2425856397076669,0.2752398690768673,0.0,0.2625198412201133,0.2940531521453093,0.0,0.299820447428294,0.3071266787154517,0.0,0.0,0.0,0.0,0.0,0.0,0.0,0.0,0.0,0.0,0.0,0.0,0.0,0.0,0.0,0.0,0.0,0.0,0.0,0.0,0.0,0.0,0.0,0.0,0.0,0.0,0.0,0.0,0.0,0.3535974372936103,0.0,0.0,0.367002352238311,0.0,0.0,0.0,0.3531673547252402,0.0,0.0,0.0,0.0
0.2829895739163216,0.272246787881953,0.3311238272346534,0.0,0.3318758978921708,0.3117737504952663,0.3159008853512226,0.3318825900009403,0.3475458047835668,0.2575484918208606,0.3630828171534186,0.2617566331429777,0.3076665227606751,0.264371391260614,0.303080711864359,0.2822883195142451,0.261269034361027,0.270667379533184,0.3426450536796332,0.273038755202058,0.317015292376027,0.2772448769660493,0.3146810461857328,0.2586971509149527,0.2711511382595562,0.2841789642645199,0.3002052281407633,0.2813836422560429,0.2708399157908376,0.2625198412201133,0.0,0.2843423314035548,0.2453512148798925,0.2123001470489998,0.2162774465657156,0.3064233169791102,0.2438883216958638,0.2264135953222805,0.0,0.2467836901733994,0.0,0.0,0.0,0.0,0.0,0.0,0.3092203215690945,0.0,0.0,0.0,0.363735265405975,0.0,0.0,0.0,0.2952659989914153,0.0,0.2949371750698885,0.0,0.0,0.34227955305048,0.3180921085158472,0.0,0.0,0.0,0.3272278171934659,0.0,0.3234804216618533,0.3744682110101748,0.3401882192952591,0.3160804509079762,0.3445545985874833,0.353884678366277,0.0,0.334391912278528,0.0,0.0
0.2995290983698794,0.2953626803742683,0.3108759945332063,0.2003212935734006,0.3032464604208137,0.2910759395750636,0.2851421649299898,0.1380375460951129,0.3117087825817691,0.2410182184218723,0.2814111544772168,0.1917637563588276,0.2904620196490332,0.1961190229560612,0.2955799330277126,0.3036933628154186,0.2883223042118536,0.2928644055114247,0.2879073321021662,0.2966321123387626,0.2993435321637206,0.295554245176746,0.3008660006587514,0.2094619619236049,0.2824787500193005,0.296349941188675,0.3047084367466241,0.2715829303915933,0.2893472793156805,0.2940531521453093,0.2843423314035548,0.0,0.2372211918497393,0.2299393488778948,0.2318918035053076,0.1943159728022664,0.2191363233868475,0.1781172064116105,0.1812092980435122,0.1946963591757334,0.212475953953012,0.1979938783057656,0.2214483505752631,0.1947237555455554,0.1606564356843006,0.0,0.2954520054185162,0.3752225704212105,0.0,0.0,0.3477969010136875,0.0,0.3410618559123229,0.3569696271032921,0.2708739713153034,0.0,0.1637542147097679,0.3537026364045405,0.0,0.3338690978918446,0.2969612130871645,0.0,0.2898918605039646,0.4029560880419858,0.3238096436856051,0.3273580616955218,0.3105441505823815,0.3606361400699442,0.1800513870406831,0.2959145486592936,0.3093875308868457,0.3479593151205782,0.296616219344325,0.3255003440708847,0.0,0.3428543065638363
0.2764971388676986,0.2647832493927506,0.0,0.0,0.2886272926718209,0.2689611134504625,0.2869094982217594,0.0,0.2945729831483892,0.2251927591434909,0.3482473994511996,0.2076335319495111,0.2860539743579162,0.0,0.2876298486864921,0.2779723135797186,0.2615973820325776,0.2637017162062407,0.0,0.2870803692824933,0.2945757021987545,0.2790418213366546,0.2884568848162046,0.2001604647036282,0.2464196303972255,0.2685657351053507,0.2921089305093948,0.256724276757505,0.2585582902010392,0.0,0.2453512148798925,0.2372211918497393,0.0,0.1594797164972478,0.245059024966646,0.280815857080027,0.216457283324451,0.1238815095181949,0.2012388662324033,0.1762757412874596,0.2361805354129031,0.2192332488686793,0.0,0.0,0.1951114331315691,0.3094618111374845,0.2819366260101236,0.0,0.0,0.0,0.0,0.0,0.0,0.0,0.2791013828398945,0.0,0.2848905963908806,0.0,0.0,0.3443924995423529,0.2785454407462758,0.2689443715092081,0.2741948636469504,0.0,0.3273228383668656,0.0,0.3043952295024256,0.3320630140193261,0.2989408440634799,0.2729401276210811,0.2988968547457839,0.3163501406724374,0.0,0.3282764612859372,0.0,0.2387501705397818
0.2639822399044853,0.2599936576729971,0.3269248515579134,0.1938994856698624,0.3098700267297764,0.308745079261827,0.2948108788914267,0.3316408391378513,0.3310351972452929,0.2219870706751665,0.3316100239529408,0.1858692970477538,0.3015323847606323,0.1849615102971933,0.3052924802815558,0.2754507363274124,0.2635687157425419,0.2666472080620597,0.3268584489106505,0.2965717329408792,0.2933957080296305,0.291638291572351,0.3183163346860596,0.1831107668664607,0.2540865933042558,0.274778466196576,0.3132036715352262,0.2595869130890201,0.2942455796186654,0.299820447428294,0.2123001470489998,0.2299393488778948,0.1594797164972478,0.0,0.1861053709595561,0.2464474883933432,0.1967015332896193,0.1410972814560574,0.2036034338868962,0.2016846373598379,0.1720277303867358,0.1881439941491953,0.0,0.0,0.217815166991019,0.0,0.3027788448896378,0.0,0.0,0.0,0.3575020028619354,0.0,0.0,0.0,0.2566461489161596,0.0,0.1912189771200027,0.0,0.0,0.3457307419475622,0.3058194563442101,0.0,0.3238991443684054,0.0,0.3327470654464624,0.3408390169338848,0.3303778943630247,0.367693482999682,0.2968975108646835,0.3096914580928365,0.3263725740909817,0.3516952485261385,0.3482844517033215,0.3386579963239034,0.0,0.0
0.0,0.2974953750526373,0.326546948814899,0.1993451644372574,0.2987364437906917,0.3251132793320655,0.3091846166236327,0.0,0.3200800916253143,0.212297800819681,0.3224112799318564,0.206461876841056,0.3087422040640844,0.0,0.324081574894901,0.3117864687670844,0.2608480473518991,0.2742433386920709,0.3202761588874403,0.3189823780941686,0.0,0.3179846959076392,0.3273601091622466,0.1548535212252278,0.2666605238262067,0.3001620840038805,0.3276791870738644,0.256060872582541,0.3192487643117287,0.3071266787154517,0.2162774465657156,0.2318918035053076,0.245059024966646,0.1861053709595561,0.0,0.2929160868031539,0.2340554691524496,0.1400230102670487,0.1992375304348849,0.2011936300676908,0.1890211808125868,0.219097241226321,0.2318392658299451,0.222602463018535,0.0,0.0,0.2897274932714673,0.0,0.0,0.0,0.0,0.0,0.0,0.0,0.0,0.0,0.1859274797607259,0.0,0.0,0.3556738261049226,0.0,0.0,0.0,0.0,0.3434151269352187,0.0,0.339722538628594,0.3643975287846369,0.0,0.0,0.350371171423339,0.3543193350315091,0.0,0.3590573495151837,0.0,0.0
0.0,0.0,0.2897112573082516,0.1369101489018747,0.1776793482618267,0.3036268747908083,0.240131235103438,0.18637318074346,0.3044650045161255,0.27529722895991,0.2218558770718358,0.2175605005870165,0.2679121721614983,0.1616004527732271,0.3214346564316075,0.0,0.0,0.0,0.2580411473397551,0.3463997444909968,0.0,0.3389638669171262,0.2841966586025534,0.0,0.0,0.3442921797269124,0.3131765682614296,0.1935962940757895,0.3324836534025769,0.0,0.3064233169791102,0.1943159728022664,0.280815857080027,0.2464474883933432,0.2929160868031539,0.0,0.1450280404787445,0.2133037719703404,0.2022957144821044,0.0,0.2102001226506266,0.1978249723210479,0.2090541993305283,0.2217331452765705,0.0,0.0,0.0,0.3358248577254656,0.0,0.0,0.3326078176324514,0.0,0.0,0.3365553824819116,0.0,0.2771912263386883,0.1783778280358358,0.0,0.0,0.0,0.0,0.0,0.0,0.3354652648139271,0.0,0.0,0.0,0.3428717120676761,0.0,0.0,0.0,0.3293256150554049,0.3089934277944396,0.3854952973738394,0.0,0.0
0.0,0.0,0.3140252598776716,0.1278632097466861,0.1939810008210375,0.3018599474573492,0.2468698592394282,0.2308546721238616,0.3162259126157732,0.2387669795439642,0.3085607020101842,0.2166419669407895,0.2695924050972771,0.1300642967988178,0.0,0.0,0.0,0.0,0.3180754021051367,0.291789009188636,0.0,0.3006972725412765,0.2967891412802255,0.0,0.0,0.0,0.3063077661895932,0.2022322371780518,0.3081195931511601,0.0,0.2438883216958638,0.2191363233868475,0.216457283324451,0.1967015332896193,0.2340554691524496,0.1450280404787445,0.0,0.2101147932904313,0.1805182391885367,0.0,0.1955482054317615,0.2119294929603156,0.0,0.0,0.0,0.0,0.0,0.0,0.0,0.0,0.0,0.0,0.0,0.0,0.0,0.0,0.0,0.0,0.0,0.0,0.0,0.0,0.0,0.0,0.0,0.0,0.0,0.0,0.0,0.0,0.0,0.0,0.0,0.0,0.0,0.0
0.0,0.0,0.0,0.0,0.0,0.0,0.0,0.0,0.323704381741544,0.1861228688993104,0.3240148769425182,0.1721163793325948,0.2840874777428292,0.0,0.0,0.0,0.2365409534470154,0.0,0.0,0.0,0.0,0.0,0.0,0.1812329826558174,0.2305338779194468,0.232940966838189,0.0,0.2388542515422395,0.0,0.0,0.2264135953222805,0.1781172064116105,0.1238815095181949,0.1410972814560574,0.1400230102670487,0.2133037719703404,0.2101147932904313,0.0,0.1735284783443231,0.1760555242283427,0.2431930711361476,0.0,0.0,0.0,0.2026241618768567,0.0,0.0,0.0,0.0,0.0,0.0,0.0,0.0,0.0,0.2527108346945574,0.0,0.2733640698771994,0.0,0.0,0.0,0.0,0.0,0.0,0.0,0.0,0.0,0.0,0.0,0.2504817289896529,0.0,0.2761167769342912,0.0,0.0,0.0,0.0,0.0
0.3220976474172965,0.3300666731867002,0.3805753008093276,0.0,0.0,0.3505543512694719,0.0,0.3410868795903777,0.3661522623927613,0.2023169293555497,0.2987417795493166,0.1781582976550924,0.347602874063153,0.0,0.3309947414495458,0.2868830082786199,0.0,0.2913746862849662,0.3429131191656833,0.3046015857575414,0.3275423360659572,0.3214627368782445,0.3575982817074972,0.0,0.3151708285056451,0.322429511191808,0.3540085956028735,0.2224079863131252,0.3310070906507947,0.0,0.0,0.1812092980435122,0.2012388662324033,0.2036034338868962,0.1992375304348849,0.2022957144821044,0.1805182391885367,0.1735284783443231,0.0,0.2266852424725011,0.2488424528196357,0.2357965337745343,0.2122527343767198,0.2215785234767853,0.1810679567479437,0.2866931333711092,0.2782988006761634,0.3187654420645076,0.2107757957041172,0.2747738122891866,0.2961737643507535,0.2809603757140406,0.2340176455772808,0.3227830957039582,0.2410075473600063,0.283564492249821,0.1833521370187176,0.2834869962743302,0.2132298389942154,0.2980809873484725,0.2978674971621042,0.3043365860459426,0.2997435437176692,0.3087848312053926,0.2960743088952539,0.2913457068112381,0.2907068442135829,0.2876205253924078,0.199548744994335,0.2808002240169547,0.2897572596357695,0.2939674216019548,0.2650068230470612,0.2922104529046221,0.2603667463838857,0.2756814478941123
0.3176081351693716,0.3179043216008739,0.0,0.0,0.0,0.0,0.0,0.0,0.0,0.2559530855569257,0.0,0.2251400209531371,0.0,0.0,0.3531426034255651,0.2797020253107428,0.2581584963415217,0.2483873883826386,0.0,0.0,0.3280119002798204,0.3106193469301981,0.3245437683024932,0.2740632750751728,0.2730301369009782,0.3033327168887861,0.0,0.0,0.0,0.0,0.2467836901733994,0.1946963591757334,0.1762757412874596,0.2016846373598379,0.2011936300676908,0.0,0.0,0.1760555242283427,0.2266852424725011,0.0,0.1806285161784172,0.2518711614354184,0.2807850841641359,0.2153276044175612,0.1391379746910251,0.266195236229969,0.2413763789124215,0.0,0.0,0.3083504090974308,0.278937827508446,0.2797128103529811,0.2405961122516743,0.3187585819198518,0.2266926958362912,0.3207090318520814,0.1844966879501824,0.2695498924550452,0.0,0.2853827487925672,0.2663511316669507,0.2690093789173662,0.2701934990996473,0.0,0.2743074025663948,0.2642217463642294,0.2622498275084144,0.2921505305530972,0.1859012672267098,0.2462054506309467,0.2623464283963374,0.2797742401886107,0.2533591975712504,0.2844304908565274,0.216985725478474,0.2292406558184074
0.2978314241595393,0.3455945552672155,0.0,0.0,0.0,0.3594902341826337,0.0,0.3601673203396806,0.0,0.2723126538244127,0.0,0.210045995304704,0.0,0.0,0.3427588122822253,0.2862738134262322,0.0,0.2926416366021229,0.0,0.3385918432874119,0.3500654711586183,0.3275464380222742,0.3819670102219321,0.2733024727096538,0.3182560905923138,0.3386955459826833,0.3651482668514729,0.0,0.3483689057931362,0.0,0.0,0.212475953953012,0.2361805354129031,0.1720277303867358,0.1890211808125868,0.2102001226506266,0.1955482054317615,0.2431930711361476,0.2488424528196357,0.1806285161784172,0.0,0.2204744697602794,0.2842105668890414,0.2247021851266598,0.153728404144223,0.256285465579221,0.2541011728142102,0.339870259307298,0.2073995246259915,0.3067519671697389,0.3102555210601858,0.2928533231709532,0.323869738780024,0.3326169540439117,0.2134737040809257,0.3238784185182006,0.1800054280185397,0.2874438249083579,0.2517512073095288,0.303555677874063,0.2798991104126886,0.2617487966250436,0.2738793102982511,0.3306341723458458,0.2906826298730972,0.2893490438534246,0.2819199919159649,0.3181729496614853,0.1939642520955925,0.2529156343268176,0.2681805123400174,0.308814479395779,0.257225600370271,0.2863732706136511,0.2752345947234128,0.1868062496323139
0.0,0.3380525371745752,0.0,0.0,0.0,0.3943260375393681,0.0,0.0,0.0,0.0,0.0,0.0,0.0,0.0,0.3553911279087837,0.0,0.0,0.0,0.0,0.3476005054632766,0.0,0.3338161887168617,0.3690057182188813,0.0,0.3395463047527227,0.3591344084550821,0.3700531747773261,0.2378066083347224,0.0,0.0,0.0,0.1979938783057656,0.2192332488686793,0.1881439941491953,0.219097241226321,0.1978249723210479,0.2119294929603156,0.0,0.2357965337745343,0.2518711614354184,0.2204744697602794,0.0,0.3071258221990718,0.251173705001294,0.1956396939998984,0.2781767981829098,0.2871247808863011,0.3325858897257595,0.2383469223630112,0.3139172218726511,0.3161837784877439,0.2985662514694233,0.3250208197939946,0.3245798935402356,0.2240629853692241,0.3195694310838917,0.1944099136692585,0.2996791539540725,0.0,0.3201193087862003,0.3047696738684929,0.2706359915852581,0.2908002909253799,0.3232416080155165,0.3073118496798749,0.3271821372495873,0.3086610824267193,0.3235868716831759,0.1158666465174878,0.2768029981751264,0.2973961692069549,0.3132517191428887,0.2396609450456145,0.3017327461242656,0.2772457657999567,0.1520953379859476
0.0,0.0,0.3578051346792092,0.0,0.0,0.3332762978671524,0.0,0.3200258327083441,0.3563755649570531,0.0,0.3025504183950952,0.0,0.3453432463603594,0.3002553394127972,0.0,0.0,0.0,0.0,0.3395118078652273,0.0,0.0,0.0,0.3495998651551543,0.0,0.0,0.0,0.3477897557994212,0.3411536914176561,0.0,0.0,0.0,0.2214483505752631,0.0,0.0,0.2318392658299451,0.2090541993305283,0.0,0.0,0.2122527343767198,0.2807850841641359,0.2842105668890414,0.3071258221990718,0.0,0.1653189794230556,0.2330173054353271,0.0,0.0,0.3104826366810095,0.1420440617675838,0.1742155042332337,0.3031592236921361,0.2160579665221823,0.2255959180758701,0.3107345732264164,0.2818814128179206,0.243028004464146,0.2827902793527044,0.2474641469193797,0.1667488736489773,0.3477871561099161,0.0,0.2981664038621255,0.0,0.2797821040894192,0.3422469641711809,0.3402844604770975,0.3487723770639923,0.2776953212260469,0.3232341033230672,0.2713964296597541,0.3167226921635951,0.3112491852078393,0.1945946885076225,0.3390557682199566,0.0,0.283993022942224
