0.0,0.2761718210307382,0.0,0.0,0.0,0.3153107971504358,0.0,0.3151139646039935,0.0,0.0,0.0,0.2733681454400402,0.0,0.0,0.2708358671745426,0.2906670266070056,0.0,0.2811705172778302,0.0,0.3004081092294944,0.2456188495124261,0.2850172538103631,0.3133620612650981,0.261456300899599,0.2682526533989467,0.2739531280719403,0.3182049581798353,0.3267009497046893,0.3272622734479076,0.0,0.2697952164326226,0.2723200341576187,0.2479557948698162,0.2503663211276239,0.2674904751586553,0.0,0.0,0.0,0.3274241042312831,0.2629297789787066,0.3021429335820545,0.0,0.0,0.0,0.0,0.2608467482609787,0.3248888658531265,0.0,0.0,0.0,0.0,0.0,0.0,0.0,0.3544152110051156,0.0,0.0,0.0,0.0,0.0,0.3220324182932936,0.0,0.3004542503923147,0.0,0.0,0.0,0.3456400284519508,0.0,0.2603476988566657,0.3079630350469615,0.3197837703957049,0.0,0.0,0.0,0.0,0.0
0.2761718210307382,0.0,0.0,0.0,0.3071217813196243,0.3189052388677725,0.314202150387816,0.3117271241759414,0.3032208883978999,0.0,0.0,0.0,0.3260683789889447,0.0,0.2993633700812131,0.2769365587732524,0.0,0.2887227811535303,0.0,0.3125090909238949,0.2960519794168624,0.2804981517218459,0.3127790851987885,0.0,0.2587774985728087,0.2826314415786403,0.3178780261614236,0.3175100794655924,0.3186858791287513,0.0,0.2673568213970735,0.2784615677352425,0.2421123103643252,0.2662946806021114,0.2949420501435354,0.0,0.0,0.0,0.3303730710478343,0.2960862360394908,0.336002677182883,0.3370322704076743,0.0,0.0,0.0,0.3158362038870015,0.3366088776599167,0.0,0.0,0.0,0.0,0.0,0.0,0.0,0.0,0.0,0.0,0.0,0.0,0.346459883181499,0.3185914578996347,0.0,0.3030682161424408,0.0,0.3160566110446953,0.3344429148310088,0.351949472445745,0.3554609211932747,0.0,0.3049958850673706,0.3452295874425937,0.347567103406278,0.0,0.3189551560423723,0.0,0.3176572644368358
0.0,0.0,0.0,0.0,0.3058336865108266,0.2933185016775237,0.3233353564350523,0.3526986684098215,0.27210901580203,0.3603320074751881,0.2601955344555938,0.0,0.3306716439855937,0.310826703286473,0.0,0.0,0.0,0.0,0.2189100231347853,0.0,0.0,0.0,0.2582229157662779,0.0,0.0,0.0,0.2569727423039269,0.3295701614039069,0.0,0.3637485673545166,0.3515141959000238,0.3176536082431405,0.0,0.3436222609111926,0.3523568828420922,0.3049070786634935,0.3312580474269261,0.0,0.3749163950617081,0.0,0.0,0.0,0.3559485334222988,0.0,0.0,0.0,0.0,0.3176569062162628,0.0,0.0,0.402637835609433,0.0,0.4106861954165148,0.4144037522716102,0.0,0.3607079648054563,0.0,0.0,0.3690809849979004,0.0,0.0,0.0,0.0,0.2580946991323079,0.0,0.0,0.0,0.424729516430089,0.0,0.0,0.0,0.3946887225393838,0.0,0.0,0.0,0.0
0.0,0.0,0.0,0.0,0.1866405861829521,0.2925239363304407,0.2134400089466783,0.2110167206456725,0.3059604648690753,0.1452968935929974,0.252852012941995,0.0,0.2167729176246356,0.1999601573622048,0.0,0.0,0.0,0.0,0.2836324324053048,0.0,0.0,0.0,0.2736360469259439,0.0,0.0,0.0,0.2873845744991459,0.1825463588083024,0.0,0.0,0.0,0.2048000580499145,0.0,0.1939988493010256,0.2202543213814883,0.1373009728443177,0.129553378871298,0.0,0.0,0.0,0.0,0.0,0.0,0.0,0.0,0.0,0.0,0.0,0.0,0.0,0.0,0.0,0.0,0.0,0.0,0.0,0.0,0.0,0.0,0.0,0.0,0.0,0.0,0.0,0.0,0.0,0.0,0.0,0.0,0.0,0.0,0.0,0.0,0.0,0.0,0.0
0.0,0.3071217813196243,0.3058336865108266,0.1866405861829521,0.0,0.288810630797562,0.2495791559009534,0.310457150702059,0.2723775146233367,0.2775278317644939,0.2578636422099476,0.0,0.2817942977183713,0.2271777274939899,0.0,0.0,0.0,0.0,0.3005792059365443,0.303409361089981,0.0,0.3061139918681526,0.295320995761072,0.0,0.3048847374889875,0.0,0.2979212036395852,0.2727200543884059,0.3136217951188275,0.0,0.3370237589278424,0.2635808869989336,0.0,0.3400117432819619,0.3462797084928038,0.1669020145341237,0.1643417561071942,0.3184633707132172,0.0,0.0,0.0,0.0,0.2956335615772068,0.0,0.0,0.0,0.0,0.3926106535022554,0.0,0.0,0.0,0.0,0.3140437298303901,0.3876607939948019,0.0,0.3062783756612074,0.0,0.0,0.0,0.0,0.0,0.0,0.0,0.0,0.0,0.0,0.0,0.380980400839042,0.0,0.0,0.0,0.3819875123420926,0.0,0.0,0.0,0.0
0.3153107971504358,0.3189052388677725,0.2933185016775237,0.2925239363304407,0.288810630797562,0.0,0.299950316070211,0.3088878710071552,0.2540503435049608,0.3192919135391106,0.3013662019591539,0.0,0.2794700711466978,0.319808180151001,0.3131743916727441,0.3282044235653769,0.0,0.3090598687681712,0.3063843781798607,0.32024888706371,0.3107930292749193,0.3256756456828641,0.2840300823112706,0.0,0.3083718895737154,0.3242727237085117,0.2762170927444571,0.2908926181360194,0.266289868079511,0.3110572759869981,0.3222684563696183,0.3012212378999718,0.2905747903144776,0.3236658941685522,0.3446954446205422,0.3113872747345724,0.3125159014276241,0.0,0.3493150672533728,0.0,0.3645114545633841,0.3864949905670237,0.3433760886211959,0.0,0.0,0.0,0.0,0.4034050010005902,0.0,0.0,0.3626138027061503,0.3826609647912396,0.341437825166644,0.3852462916913664,0.0,0.3601154855153567,0.0,0.3699822353363826,0.0,0.3626004882199685,0.0,0.0,0.0,0.3793585490380419,0.3558486280121246,0.3597071602595952,0.3651152969570598,0.3648241810051809,0.0,0.0,0.0,0.3652482984726327,0.3590082339552728,0.3497753317818837,0.0,0.3562463457963827
0.0,0.314202150387816,0.3233353564350523,0.2134400089466783,0.2495791559009534,0.299950316070211,0.0,0.3483031741264693,0.2959251226742405,0.2816740712142433,0.3275042561655432,0.2684462173793902,0.2560673317166871,0.2638205259265133,0.0,0.3275577384469218,0.0,0.32491227261963,0.3422715520854319,0.3213680477274301,0.0,0.3327951442431653,0.3295686745799968,0.0,0.30520715730524,0.3183112164463373,0.3166550007820063,0.2621446014034497,0.3274853419527649,0.0,0.3131132530210909,0.29549495181106,0.294470880492012,0.3056533431284315,0.3485883390677347,0.2172220026722962,0.2178275207049444,0.2716494917111571,0.0,0.0,0.0,0.0,0.0,0.0,0.0,0.0,0.0,0.0,0.0,0.0,0.3931699683977958,0.0,0.0,0.0,0.0,0.0,0.0,0.0,0.0,0.0,0.0,0.0,0.0,0.0,0.0,0.0,0.0,0.3760997731162003,0.0,0.0,0.0,0.376193741757601,0.0,0.0,0.0,0.0
0.3151139646039935,0.3117271241759414,0.3526986684098215,0.2110167206456725,0.310457150702059,0.3088878710071552,0.3483031741264693,0.0,0.3748328262152924,0.3519118834465792,0.2498313560912275,0.0,0.3256977416357867,0.2325105860677465,0.2606630732253294,0.3271451396167413,0.0,0.3158811339464052,0.3500784520367315,0.3037097177789054,0.2712018004220171,0.3201583361214049,0.2586355768572165,0.3339286456652203,0.3103591125433929,0.321203865051513,0.3134536839307493,0.3059265311239055,0.2977426726530553,0.291397121251725,0.3217736313255057,0.1854252994738732,0.2494056676701763,0.337272849209134,0.3246601970978057,0.1615955063101278,0.2220081662581599,0.0,0.2964265797169375,0.0,0.3547014571213217,0.0,0.3218623347247988,0.0,0.0,0.0,0.0,0.4167312538897709,0.0,0.0,0.3550735316401411,0.0,0.2780608274618441,0.3957232429680323,0.0,0.3261801568789444,0.0,0.3606444181080878,0.281173862407856,0.3518452791671408,0.0,0.0,0.0,0.3646138167882199,0.3531840493581587,0.3011937571435506,0.0,0.3475068281186245,0.0,0.0,0.0,0.3502725070491923,0.3530020593316651,0.3545930761294146,0.0,0.3685357210916906
0.0,0.3032208883978999,0.27210901580203,0.3059604648690753,0.2723775146233367,0.2540503435049608,0.2959251226742405,0.3748328262152924,0.0,0.3318567266699076,0.2645251813543602,0.3351422219315977,0.3062461524764855,0.2974122546804033,0.0,0.0,0.0,0.0,0.2344553334186363,0.3187260574647035,0.0,0.3157895239553702,0.3018387314572255,0.0,0.0,0.0,0.272541597650154,0.3388662404112932,0.3116392909509765,0.3429977461520534,0.3725976497386268,0.3296679920997643,0.0,0.3577974629500621,0.3490194912780247,0.3127148432087424,0.324347153319483,0.3359122303528429,0.3716745380143523,0.0,0.0,0.0,0.3518227916237846,0.0,0.0,0.0,0.0,0.423459140722202,0.0,0.0,0.4010407535497228,0.0,0.4454175516218,0.4205035433628861,0.0,0.4024918052898816,0.0,0.0,0.375968774824667,0.0,0.0,0.0,0.0,0.4020828300326713,0.0,0.0,0.0,0.4290514706385511,0.0,0.0,0.0,0.4097483276253855,0.0,0.0,0.0,0.0
0.0,0.0,0.3603320074751881,0.1452968935929974,0.2775278317644939,0.3192919135391106,0.2816740712142433,0.3519118834465792,0.3318567266699076,0.0,0.3287600830278903,0.1913840960772856,0.2794408707496672,0.3128232242068666,0.0,0.2372584391183465,0.2470688374625523,0.2522483996234599,0.3458635701319898,0.0,0.0,0.2615377965166915,0.3332065169143377,0.2266550053539419,0.2571605566959021,0.2665522679045006,0.3270464504687306,0.2625671708514858,0.0,0.0,0.2520764360233723,0.2093830661552665,0.2111810119876792,0.217406313043478,0.2165897757947508,0.2044980980436904,0.1484151359317726,0.2002436219622451,0.214377678035199,0.2646748005082822,0.2572273776086484,0.0,0.0,0.0,0.1970225755740179,0.0,0.0,0.0,0.0,0.0,0.0,0.0,0.0,0.0,0.3219924543777666,0.0,0.3203017543061318,0.0,0.0,0.0,0.0,0.3182032330640357,0.3177617272651489,0.0,0.0,0.0,0.0,0.0,0.3192550306908597,0.3248478661520151,0.3357403783914319,0.0,0.2741022878818694,0.0,0.0,0.2907706037097621
0.0,0.0,0.2601955344555938,0.252852012941995,0.2578636422099476,0.3013662019591539,0.3275042561655432,0.2498313560912275,0.2645251813543602,0.3287600830278903,0.0,0.3279305725370514,0.3326714432482131,0.2151517318352603,0.0,0.0,0.0,0.0,0.2273240185845958,0.0,0.0,0.0,0.2020487689508888,0.0,0.0,0.0,0.2960211717839842,0.333041002116094,0.0,0.0,0.3785601777288723,0.277029112836274,0.0,0.3523749953311572,0.3521032871852524,0.2114895782626968,0.316058117467089,0.3258391036902927,0.3282570456125998,0.0,0.0,0.0,0.3099758540399168,0.0,0.0,0.0,0.0,0.380866265373168,0.0,0.3757582745838325,0.3756582146353687,0.0,0.3602134344654877,0.3699250287034935,0.0,0.304965894016709,0.0,0.0,0.3304926688605921,0.0,0.0,0.0,0.0,0.3191601010461856,0.0,0.0,0.0,0.3813093353695654,0.0,0.0,0.0,0.3733084820336063,0.0,0.0,0.0,0.0
0.2733681454400402,0.0,0.0,0.0,0.0,0.0,0.2684462173793902,0.0,0.3351422219315977,0.1913840960772856,0.3279305725370514,0.0,0.2663418521790145,0.0,0.0,0.0,0.2627797811425115,0.2367344933821921,0.0,0.0,0.0,0.0,0.0,0.1992497005773618,0.2518112173474466,0.2290021231859399,0.0,0.2552573185549452,0.0,0.0,0.2361617838178309,0.1820590469327422,0.1712786503494985,0.1790698832000769,0.2019320638973197,0.2399336927603397,0.197108801464146,0.1549361097675509,0.1857062067445027,0.267061632365349,0.2260108679014925,0.0,0.0,0.0,0.1970096260979612,0.0,0.0,0.0,0.0,0.0,0.0,0.0,0.0,0.0,0.3266779889002248,0.0,0.3132467593911565,0.0,0.0,0.0,0.0,0.3213217532572209,0.3211335611077456,0.0,0.0,0.0,0.0,0.0,0.3041277294434909,0.3251764076744807,0.3326513585460167,0.0,0.0,0.0,0.0,0.2839405939131542
0.0,0.3260683789889447,0.3306716439855937,0.2167729176246356,0.2817942977183713,0.2794700711466978,0.2560673317166871,0.3256977416357867,0.3062461524764855,0.2794408707496672,0.3326714432482131,0.2663418521790145,0.0,0.2817492470153315,0.3166402899991422,0.3301959967099362,0.3006393691605373,0.3174360651675667,0.3433989649689808,0.3122647742999249,0.3155602931272677,0.333750877521306,0.3262484474607861,0.2721528392639199,0.3149925265932441,0.3190361313080347,0.3184395168646238,0.2462356119943737,0.3093521853475345,0.281981394987553,0.2912691342769444,0.2856376549295179,0.2751820897910046,0.2831458862361274,0.2948283357798327,0.2414211864026924,0.229476013762222,0.2634899645017441,0.3023017122917483,0.0,0.0,0.0,0.3658090492191863,0.0,0.0,0.0,0.0,0.429482783441902,0.0,0.0,0.3761812568735478,0.0,0.351879472181944,0.0,0.0,0.0,0.0,0.0,0.0,0.0,0.0,0.0,0.0,0.0,0.0,0.0,0.0,0.3697064099321141,0.0,0.0,0.0,0.3680513534478261,0.0,0.3691663499172947,0.0,0.0
0.0,0.0,0.310826703286473,0.1999601573622048,0.2271777274939899,0.319808180151001,0.2638205259265133,0.2325105860677465,0.2974122546804033,0.3128232242068666,0.2151517318352603,0.0,0.2817492470153315,0.0,0.0,0.0,0.0,0.0,0.2979455503856462,0.0,0.3050313712071426,0.0,0.2804867175003578,0.0,0.0,0.0,0.3087921294954409,0.2176514449487235,0.0,0.0,0.2873659532879436,0.1850861257731383,0.0,0.3105935232195814,0.0,0.1528022115211378,0.1340421903238246,0.0,0.0,0.0,0.0,0.0,0.0,0.0,0.0,0.0,0.0,0.0,0.0,0.0,0.0,0.0,0.0,0.0,0.0,0.0,0.0,0.0,0.0,0.0,0.0,0.0,0.0,0.0,0.0,0.0,0.0,0.0,0.0,0.0,0.0,0.0,0.0,0.0,0.0,0.0
0.2708358671745426,0.2993633700812131,0.0,0.0,0.0,0.3131743916727441,0.0,0.2606630732253294,0.0,0.0,0.0,0.0,0.3166402899991422,0.0,0.0,0.312973852152117,0.0,0.2972129785923245,0.0,0.2875833805092433,0.2834548339029594,0.2747782952331245,0.2547878924490129,0.3315635011551733,0.2958903317076926,0.2904183523768363,0.2885406248069519,0.3019535710180677,0.3199295046348063,0.0,0.3072730295720993,0.3010607601985822,0.2892288085830874,0.3014319473545732,0.3346980040577704,0.0,0.0,0.0,0.3511501497673833,0.3724514973507422,0.3501746793281265,0.3771005169499431,0.0,0.0,0.0,0.0,0.3495857259481061,0.0,0.0,0.0,0.3513594036118985,0.0,0.3282216728383193,0.0,0.0,0.0,0.0,0.0,0.0,0.3573245991936561,0.0,0.0,0.0,0.0,0.3593886627211703,0.3388653172618867,0.3687583891548296,0.3558169535505591,0.0,0.0,0.3626185057852079,0.3644299517156761,0.3654739371912529,0.3468460306807819,0.0,0.3484362813957751
0.2906670266070056,0.2769365587732524,0.0,0.0,0.0,0.3282044235653769,0.3275577384469218,0.3271451396167413,0.0,0.2372584391183465,0.0,0.0,0.3301959967099362,0.0,0.312973852152117,0.0,0.2868235753932092,0.2717558567837826,0.0,0.3018527513379646,0.2969353845992736,0.2815573591094925,0.3190508172837953,0.2964607100973855,0.2710273721940897,0.2962369825706212,0.3158600011021631,0.3189790890694867,0.3171872875473122,0.3196024353738719,0.2812501709081199,0.2841799855433671,0.2541760762255503,0.2817257622376762,0.2867778510252726,0.0,0.0,0.0,0.308866757182153,0.2655822116077542,0.3013382424440765,0.2938592665654183,0.0,0.0,0.0,0.321512047052747,0.3188219748585332,0.0,0.0,0.0,0.0,0.0,0.0,0.0,0.0,0.0,0.0,0.0,0.0,0.3491278838808365,0.3056144977366341,0.0,0.2996678386403787,0.0,0.3199222941337957,0.3118963500348843,0.3216735525124133,0.0,0.0,0.3009453753028077,0.3271615666237429,0.0,0.0,0.0,0.0,0.2856510583346212
0.0,0.0,0.0,0.0,0.0,0.0,0.0,0.0,0.0,0.2470688374625523,0.0,0.2627797811425115,0.3006393691605373,0.0,0.0,0.2868235753932092,0.0,0.2443907699459536,0.0,0.3026239973785255,0.0,0.2844143259287428,0.0,0.2920738297089073,0.2473827486770929,0.264449867394141,0.0,0.2942334277433486,0.0,0.0,0.2706186031102036,0.2891015210196412,0.2580814379439101,0.2611941428204324,0.256268089143251,0.0,0.0,0.2382131309836759,0.0,0.28188450052366,0.3204784766817521,0.0,0.0,0.0,0.0,0.0,0.0,0.0,0.0,0.0,0.0,0.0,0.0,0.0,0.3124050727736273,0.0,0.3224954879897219,0.0,0.0,0.0,0.0,0.3047290153638039,0.3068333241996659,0.0,0.0,0.0,0.0,0.0,0.3428854993710097,0.3171938941272286,0.3328627715408952,0.0,0.0,0.0,0.0,0.0
0.2811705172778302,0.2887227811535303,0.0,0.0,0.0,0.3090598687681712,0.32491227261963,0.3158811339464052,0.0,0.2522483996234599,0.0,0.2367344933821921,0.3174360651675667,0.0,0.2972129785923245,0.2717558567837826,0.2443907699459536,0.0,0.0,0.2931885687698846,0.2908538210411436,0.2971728534285927,0.3075980928333454,0.2826056969949427,0.2683950794181412,0.2784511003583159,0.2998510999905795,0.3043402186997395,0.3093222222589479,0.0,0.2814153760598534,0.2914733452240133,0.2571535030685232,0.2763887892493959,0.2731814029039195,0.0,0.0,0.0,0.2791492350417497,0.2519550513152001,0.2696419456089661,0.2957719997813433,0.0,0.0,0.0,0.311265829655894,0.3002882781578003,0.0,0.0,0.0,0.0,0.0,0.0,0.0,0.2829343029087132,0.0,0.3144304571715578,0.0,0.0,0.0,0.2924216844195733,0.2620536854605291,0.2932698224811874,0.0,0.0,0.0,0.2769814199867542,0.0,0.3174892850183077,0.2936836395355808,0.3142286052418771,0.0,0.0,0.0,0.0,0.288032911726077
0.0,0.0,0.2189100231347853,0.2836324324053048,0.3005792059365443,0.3063843781798607,0.3422715520854319,0.3500784520367315,0.2344553334186363,0.3458635701319898,0.2273240185845958,0.0,0.3433989649689808,0.2979455503856462,0.0,0.0,0.0,0.0,0.0,0.0,0.0,0.0,0.262101219158914,0.0,0.0,0.0,0.2971708237143641,0.3554133277095216,0.0,0.0,0.3553824805418123,0.3158782861021458,0.0,0.3470356863337664,0.3514590391912433,0.2947218385316084,0.3267739992250227,0.0,0.36197466683668,0.0,0.0,0.0,0.3440132735476388,0.0,0.0,0.0,0.0,0.3950491982990197,0.0,0.0,0.3905255644693246,0.0,0.4096731795992067,0.3971901446420659,0.0,0.3373161185626144,0.0,0.0,0.3639920788705608,0.0,0.0,0.0,0.0,0.3825855565929391,0.0,0.0,0.0,0.4066340790177425,0.0,0.0,0.0,0.3910124016919505,0.0,0.0,0.0,0.0
0.3004081092294944,0.3125090909238949,0.0,0.0,0.303409361089981,0.32024888706371,0.3213680477274301,0.3037097177789054,0.3187260574647035,0.0,0.0,0.0,0.3122647742999249,0.0,0.2875833805092433,0.3018527513379646,0.3026239973785255,0.2931885687698846,0.0,0.0,0.3134174852849209,0.2843108019621109,0.2805795079987357,0.0,0.2979511585628304,0.3018872951222198,0.2718837300958334,0.283960559145204,0.2560965204516032,0.251531106753506,0.2770729291818076,0.3100402760436179,0.2701003709969072,0.3076070206874343,0.34195691475458,0.3591515492554362,0.3579937658662699,0.0,0.3425487884253189,0.3551887239910084,0.3484804853437762,0.3654123021134371,0.0,0.0,0.0,0.0,0.319849327965641,0.0,0.0,0.0,0.3549689525869534,0.0,0.366692293890826,0.0,0.0,0.0,0.0,0.0,0.0,0.3490030407062633,0.0,0.0,0.0,0.0,0.3535821461794647,0.3394454319123588,0.3509383574582872,0.3580898114165067,0.0,0.0,0.3416769293880103,0.3675153651785324,0.3606772570221038,0.3472263307431349,0.0,0.3574314567029438
0.2456188495124261,0.2960519794168624,0.0,0.0,0.0,0.3107930292749193,0.0,0.2712018004220171,0.0,0.0,0.0,0.0,0.3155602931272677,0.3050313712071426,0.2834548339029594,0.2969353845992736,0.0,0.2908538210411436,0.0,0.3134174852849209,0.0,0.3068866572117765,0.2843335910910606,0.3070774897568165,0.2796344940137965,0.2953234558306301,0.3107674411472702,0.3059859086614294,0.3101100460388871,0.3275088849787744,0.3002871390636636,0.2913382465021119,0.2672498121914298,0.2882295113200718,0.3265911607491192,0.3166418433442133,0.0,0.0,0.3605910434990954,0.3302316264138696,0.3485780945124506,0.3761632927379767,0.0,0.0,0.0,0.2242057132189329,0.3388474334901008,0.0,0.0,0.0,0.3509812531321807,0.0,0.3092055249717719,0.0,0.0,0.0,0.0,0.0,0.0,0.332512075972216,0.0,0.0,0.0,0.0,0.3603758287706164,0.3027227003088676,0.3602174195069161,0.3486340403215691,0.0,0.3283227173110926,0.3490896848110175,0.3609773363667169,0.3733895305839944,0.3854150504545224,0.0,0.3674199284259082
0.2850172538103631,0.2804981517218459,0.0,0.0,0.3061139918681526,0.3256756456828641,0.3327951442431653,0.3201583361214049,0.3157895239553702,0.2615377965166915,0.0,0.0,0.333750877521306,0.0,0.2747782952331245,0.2815573591094925,0.2844143259287428,0.2971728534285927,0.0,0.2843108019621109,0.3068866572117765,0.0,0.301950430767706,0.0,0.2841571216231742,0.288547513064303,0.3153264363905065,0.3215638059844262,0.2999809055174371,0.3057446300870464,0.2819459994239773,0.3021108027088801,0.2736202048344404,0.2964714151955316,0.3378087411239701,0.3510915723766836,0.0,0.0,0.3352475958118445,0.3274729245511037,0.3372279815387276,0.356354175541263,0.0,0.0,0.0,0.3173740955971975,0.3267601284136852,0.0,0.0,0.0,0.3489004134351988,0.0,0.0,0.0,0.0,0.0,0.0,0.0,0.0,0.3569151730404926,0.3134338927213888,0.0,0.0,0.0,0.3453175127772039,0.3520901647147236,0.3462984262883888,0.361654056123582,0.0,0.3053015952121953,0.3504875251212476,0.3489276627375304,0.0,0.3379400088569106,0.0,0.3297920947159874
0.3133620612650981,0.3127790851987885,0.2582229157662779,0.2736360469259439,0.295320995761072,0.2840300823112706,0.3295686745799968,0.2586355768572165,0.3018387314572255,0.3332065169143377,0.2020487689508888,0.0,0.3262484474607861,0.2804867175003578,0.2547878924490129,0.3190508172837953,0.0,0.3075980928333454,0.262101219158914,0.2805795079987357,0.2843335910910606,0.301950430767706,0.0,0.3336137566984521,0.3097953585660082,0.3150024473033976,0.239018189724796,0.3126245550577868,0.3066988382095945,0.3047680286974263,0.3154799333644577,0.2926304135287478,0.2687411410305133,0.3221322110856464,0.3260470306346552,0.2818184978880789,0.3094152324403104,0.0,0.357653339016007,0.3483549837980186,0.3784435884943633,0.3718743338003489,0.3685446296258945,0.0,0.0,0.0,0.3402545646148323,0.404597203906463,0.0,0.0,0.3720267043592664,0.372890553418376,0.3405763905579038,0.4059756410517688,0.0,0.3515931586694378,0.0,0.3689726372900636,0.3807178920097597,0.3554163381462349,0.0,0.0,0.0,0.3809864183820459,0.3645024024088524,0.3356878584450846,0.3549405875739151,0.3686273424092768,0.0,0.0,0.3463256176346371,0.3708889462841887,0.3672328856343745,0.3627426282438477,0.3746256154295589,0.3680118007416481
0.261456300899599,0.0,0.0,0.0,0.0,0.0,0.0,0.3339286456652203,0.0,0.2266550053539419,0.0,0.1992497005773618,0.2721528392639199,0.0,0.3315635011551733,0.2964607100973855,0.2920738297089073,0.2826056969949427,0.0,0.0,0.3070774897568165,0.0,0.3336137566984521,0.0,0.2760825444486014,0.2472858827258979,0.3445292829626807,0.2637445537838254,0.0,0.0,0.2477932394405145,0.1910120238334948,0.1655895372597291,0.1668993315517898,0.1749649284545586,0.2206327701202826,0.0,0.1535476828230819,0.1460590642473037,0.2465743241482233,0.2165667650134762,0.0,0.0,0.0,0.1879443160488534,0.2962273549905715,0.0,0.0,0.0,0.0,0.0,0.0,0.0,0.0,0.3109034136867536,0.0,0.2966461775537056,0.0,0.0,0.0,0.3134597633737701,0.3292950337060589,0.3178434981945359,0.0,0.0,0.0,0.0,0.0,0.2944268806243335,0.3145591412958307,0.3292421270235512,0.0,0.0,0.0,0.0,0.2918657033774095
0.2682526533989467,0.2587774985728087,0.0,0.0,0.3048847374889875,0.3083718895737154,0.30520715730524,0.3103591125433929,0.0,0.2571605566959021,0.0,0.2518112173474466,0.3149925265932441,0.0,0.2958903317076926,0.2710273721940897,0.2473827486770929,0.2683950794181412,0.0,0.2979511585628304,0.2796344940137965,0.2841571216231742,0.3097953585660082,0.2760825444486014,0.0,0.2617303364376773,0.3060953262036258,0.2911106427985729,0.3070905539220986,0.0,0.2709928991353408,0.2674452720497625,0.2313331283151252,0.254787147238169,0.2533306491944721,0.0,0.0,0.2185780402200656,0.2975252133669634,0.2678270472665036,0.2921848689867831,0.3089961189288465,0.0,0.0,0.0,0.3045909993582031,0.3173991157058757,0.0,0.0,0.0,0.0,0.0,0.0,0.0,0.2930327388498718,0.0,0.3182966632214932,0.0,0.0,0.0,0.3015373947455772,0.2918398219047874,0.3029046308809187,0.0,0.3150546623207707,0.3299497145204606,0.295005205607922,0.0,0.3333931140372844,0.3021908228064817,0.3208691701804211,0.0,0.0,0.0,0.0,0.2965783915399501
0.2739531280719403,0.2826314415786403,0.0,0.0,0.0,0.3242727237085117,0.3183112164463373,0.321203865051513,0.0,0.2665522679045006,0.0,0.2290021231859399,0.3190361313080347,0.0,0.2904183523768363,0.2962369825706212,0.264449867394141,0.2784511003583159,0.0,0.3018872951222198,0.2953234558306301,0.288547513064303,0.3150024473033976,0.2472858827258979,0.2617303364376773,0.0,0.3143386754074315,0.2900824107498479,0.3050513257509158,0.0,0.2785682047863521,0.2850980882363854,0.252997824828757,0.2714437598400046,0.2971524103168869,0.0,0.0,0.2214526022033812,0.3239186746726705,0.2873265305201319,0.31412010433993,0.3321910740590216,0.0,0.0,0.0,0.3145484624594409,0.3353787064949876,0.0,0.0,0.0,0.0,0.0,0.0,0.0,0.3181456470013556,0.0,0.3275747586479978,0.0,0.0,0.3635171103236735,0.314180732110097,0.3156531611359483,0.3147664569701263,0.0,0.3387932613387707,0.3484622771101482,0.358314251418901,0.3515200539175493,0.3404083438198784,0.3117212370491423,0.335103514231449,0.3578520141135287,0.0,0.3362546540960081,0.0,0.309617479911006
0.3182049581798353,0.3178780261614236,0.2569727423039269,0.2873845744991459,0.2979212036395852,0.2762170927444571,0.3166550007820063,0.3134536839307493,0.272541597650154,0.3270464504687306,0.2960211717839842,0.0,0.3184395168646238,0.3087921294954409,0.2885406248069519,0.3158600011021631,0.0,0.2998510999905795,0.2971708237143641,0.2718837300958334,0.3107674411472702,0.3153264363905065,0.239018189724796,0.3445292829626807,0.3060953262036258,0.3143386754074315,0.0,0.3082409820477881,0.2833874274576007,0.3051693491218322,0.309094838407747,0.3045528813119155,0.2554423659691327,0.3182910688483524,0.3333404345050008,0.3081661165227347,0.3130935671536543,0.0,0.3522868344172418,0.0,0.3621021817616953,0.3736833118775149,0.3442922321529003,0.0,0.0,0.0,0.3560499720934759,0.4116693410367095,0.0,0.0,0.3661907400852479,0.3611048467632032,0.3508786349338558,0.3990040705663669,0.0,0.3857976582653999,0.0,0.3603909655571654,0.0,0.3565872816481832,0.0,0.0,0.0,0.3970934760566221,0.3590401019106475,0.3490389787442781,0.3520603791173823,0.3654786231175003,0.0,0.0,0.3574418490697152,0.3672488581466077,0.3581548039048153,0.3564996653061603,0.3744730350628002,0.3580917680666818
0.3267009497046893,0.3175100794655924,0.3295701614039069,0.1825463588083024,0.2727200543884059,0.2908926181360194,0.2621446014034497,0.3059265311239055,0.3388662404112932,0.2625671708514858,0.333041002116094,0.2552573185549452,0.2462356119943737,0.2176514449487235,0.3019535710180677,0.3189790890694867,0.2942334277433486,0.3043402186997395,0.3554133277095216,0.283960559145204,0.3059859086614294,0.3215638059844262,0.3126245550577868,0.2637445537838254,0.2911106427985729,0.2900824107498479,0.3082409820477881,0.0,0.2606138324772932,0.2457638871014613,0.2637624479775431,0.27779852936927,0.2373284198796712,0.2673472957384766,0.257965468395222,0.2018445984469935,0.1955615803408529,0.2485925050130248,0.3101454504363538,0.0,0.3164732995004793,0.3796910253047587,0.3530798744877175,0.0,0.0,0.0,0.0,0.0,0.0,0.0,0.3487050625229207,0.0,0.3348635578988913,0.0,0.0,0.0,0.0,0.0,0.0,0.3629446377051321,0.0,0.0,0.0,0.0,0.3509210790102928,0.340352738254586,0.0,0.3558720953566504,0.0,0.0,0.0,0.3585883939421965,0.3560686169986171,0.3439872041086801,0.0,0.3676861690432771
0.3272622734479076,0.3186858791287513,0.0,0.0,0.3136217951188275,0.266289868079511,0.3274853419527649,0.2977426726530553,0.3116392909509765,0.0,0.0,0.0,0.3093521853475345,0.0,0.3199295046348063,0.3171872875473122,0.0,0.3093222222589479,0.0,0.2560965204516032,0.3101100460388871,0.2999809055174371,0.3066988382095945,0.0,0.3070905539220986,0.3050513257509158,0.2833874274576007,0.2606138324772932,0.0,0.2584165451434477,0.2800120033576512,0.2973066998855341,0.2427095315093719,0.3047644125937077,0.3312618449908129,0.3111555551599725,0.3175103426196825,0.0,0.3446092285626779,0.0,0.3529111997636899,0.371985869322859,0.0,0.0,0.0,0.0,0.3220569020915912,0.0,0.0,0.0,0.3462382945105598,0.0,0.3504711691405667,0.0,0.0,0.0,0.0,0.367835218959209,0.0,0.342315233893671,0.0,0.0,0.0,0.0,0.3462509966727927,0.3366394284342662,0.3427906528983802,0.3583031909102094,0.0,0.0,0.347399377074132,0.3565013946711449,0.3540256495380883,0.3459072826629498,0.0,0.3543384319420741
0.0,0.0,0.3637485673545166,0.0,0.0,0.3110572759869981,0.0,0.291397121251725,0.3429977461520534,0.0,0.0,0.0,0.281981394987553,0.0,0.0,0.3196024353738719,0.0,0.0,0.0,0.251531106753506,0.3275088849787744,0.3057446300870464,0.3047680286974263,0.0,0.0,0.0,0.3051693491218322,0.2457638871014613,0.2584165451434477,0.0,0.2596060968596814,0.273279966742328,0.0,0.2979870618873965,0.3186351567359221,0.0,0.0,0.0,0.3718057818133158,0.0,0.0,0.0,0.0,0.0,0.0,0.0,0.0,0.0,0.0,0.0,0.0,0.0,0.0,0.0,0.0,0.0,0.0,0.0,0.0,0.0,0.0,0.0,0.0,0.0,0.3682601908181636,0.0,0.0,0.361876910684568,0.0,0.0,0.0,0.3634463668949507,0.0,0.0,0.0,0.0
0.2697952164326226,0.2673568213970735,0.3515141959000238,0.0,0.3370237589278424,0.3222684563696183,0.3131132530210909,0.3217736313255057,0.3725976497386268,0.2520764360233723,0.3785601777288723,0.2361617838178309,0.2912691342769444,0.2873659532879436,0.3072730295720993,0.2812501709081199,0.2706186031102036,0.2814153760598534,0.3553824805418123,0.2770729291818076,0.3002871390636636,0.2819459994239773,0.3154799333644577,0.2477932394405145,0.2709928991353408,0.2785682047863521,0.309094838407747,0.2637624479775431,0.2800120033576512,0.2596060968596814,0.0,0.2723623587843575,0.2365298244202418,0.2150692288918792,0.2213716352446995,0.3218466211570113,0.2810398315792125,0.2075072913982203,0.3116761014273553,0.2345846129130583,0.2922604730203578,0.0,0.0,0.0,0.0,0.3020691923430188,0.3049579935152382,0.0,0.0,0.0,0.3675091494838726,0.0,0.3436726312096943,0.0,0.3194096223588574,0.0,0.3226523406916886,0.0,0.0,0.3720714335376781,0.3033857253329441,0.0,0.3161304377760197,0.0,0.3349796669284896,0.3245283708263974,0.3253444197461281,0.3760853108471818,0.3251948377604914,0.3070000479819479,0.3314900314510443,0.3679931017035203,0.0,0.3468193127165975,0.0,0.0
0.2723200341576187,0.2784615677352425,0.3176536082431405,0.2048000580499145,0.2635808869989336,0.3012212378999718,0.29549495181106,0.1854252994738732,0.3296679920997643,0.2093830661552665,0.277029112836274,0.1820590469327422,0.2856376549295179,0.1850861257731383,0.3010607601985822,0.2841799855433671,0.2891015210196412,0.2914733452240133,0.3158782861021458,0.3100402760436179,0.2913382465021119,0.3021108027088801,0.2926304135287478,0.1910120238334948,0.2674452720497625,0.2850980882363854,0.3045528813119155,0.27779852936927,0.2973066998855341,0.273279966742328,0.2723623587843575,0.0,0.2134704833722273,0.2289171099767303,0.2141527783193507,0.1986316485365876,0.2191478402684292,0.1721112294817596,0.1796829018836594,0.1883741435800888,0.2102135467112745,0.2233175347180085,0.2056114128216677,0.2555751887469871,0.1800929304569063,0.2989680322470467,0.3100799223613098,0.3751346701437168,0.0,0.0,0.3393167937773518,0.0,0.3073517859710243,0.3725759688986172,0.1970206299321776,0.3244734540899856,0.1697935994872955,0.3208605173501494,0.0,0.3462172877575698,0.2994448486992432,0.0,0.2998199418594396,0.3660127259014705,0.3437356874817064,0.3234064198230006,0.3313019023699704,0.3555612148921603,0.1697619439107804,0.2973527330728946,0.3226027993607874,0.346571191373093,0.288033654569416,0.3375819081274965,0.0,0.3578192855753699
0.2479557948698162,0.2421123103643252,0.0,0.0,0.0,0.2905747903144776,0.294470880492012,0.2494056676701763,0.0,0.2111810119876792,0.0,0.1712786503494985,0.2751820897910046,0.0,0.2892288085830874,0.2541760762255503,0.2580814379439101,0.2571535030685232,0.0,0.2701003709969072,0.2672498121914298,0.2736202048344404,0.2687411410305133,0.1655895372597291,0.2313331283151252,0.252997824828757,0.2554423659691327,0.2373284198796712,0.2427095315093719,0.0,0.2365298244202418,0.2134704833722273,0.0,0.1826244264366051,0.2448680311796567,0.2496537191533651,0.2145301034212227,0.1156762571952137,0.2097122190524279,0.1962924925536378,0.2045284503216004,0.2568138608781014,0.0,0.0,0.1725586853392308,0.2881008596850815,0.2814034134801956,0.0,0.0,0.0,0.0,0.0,0.0,0.0,0.2466372967162257,0.0,0.2549662085192816,0.0,0.0,0.3585896551567152,0.273600037405814,0.3045055369785867,0.2901821536109162,0.0,0.3123738048532434,0.3559821807112691,0.3212758650652862,0.2801762420733613,0.2653275023230342,0.2826198162841074,0.306042599814066,0.3112244666820063,0.0,0.305453094864627,0.0,0.2699822319133413
0.2503663211276239,0.2662946806021114,0.3436222609111926,0.1939988493010256,0.3400117432819619,0.3236658941685522,0.3056533431284315,0.337272849209134,0.3577974629500621,0.217406313043478,0.3523749953311572,0.1790698832000769,0.2831458862361274,0.3105935232195814,0.3014319473545732,0.2817257622376762,0.2611941428204324,0.2763887892493959,0.3470356863337664,0.3076070206874343,0.2882295113200718,0.2964714151955316,0.3221322110856464,0.1668993315517898,0.254787147238169,0.2714437598400046,0.3182910688483524,0.2673472957384766,0.3047644125937077,0.2979870618873965,0.2150692288918792,0.2289171099767303,0.1826244264366051,0.0,0.1611643923835384,0.2375292925326053,0.1835747782721224,0.1554610064255103,0.2202289923065234,0.2065235352047152,0.1979227302008874,0.2193591665132525,0.2851260319251217,0.0,0.198790063420713,0.2909800621275166,0.3031796588579107,0.0,0.0,0.0,0.3611802709308033,0.0,0.3547130664064547,0.0,0.2893924152134013,0.0,0.2622114539617102,0.0,0.0,0.3492754425505868,0.291161598678815,0.0,0.3014231760575313,0.0,0.3524997886794092,0.3448077143799467,0.3366855657650946,0.3747311190032384,0.2840460308672324,0.2978621201619757,0.323539422318884,0.3842870880344894,0.3625708648551443,0.3530293223357447,0.0,0.3769322928117816
0.2674904751586553,0.2949420501435354,0.3523568828420922,0.2202543213814883,0.3462797084928038,0.3446954446205422,0.3485883390677347,0.3246601970978057,0.3490194912780247,0.2165897757947508,0.3521032871852524,0.2019320638973197,0.2948283357798327,0.0,0.3346980040577704,0.2867778510252726,0.256268089143251,0.2731814029039195,0.3514590391912433,0.34195691475458,0.3265911607491192,0.3378087411239701,0.3260470306346552,0.1749649284545586,0.2533306491944721,0.2971524103168869,0.3333404345050008,0.257965468395222,0.3312618449908129,0.3186351567359221,0.2213716352446995,0.2141527783193507,0.2448680311796567,0.1611643923835384,0.0,0.3118901767581256,0.2382908001302682,0.1975629814699295,0.2081130545531386,0.2146615894131763,0.2025836844815401,0.2437230080167495,0.2517426391958992,0.0,0.2098619354696348,0.0,0.2996611399089397,0.0,0.0,0.0,0.0,0.0,0.0,0.0,0.0,0.0,0.1993213872595266,0.0,0.0,0.3686289238049621,0.0,0.0,0.0,0.0,0.3639850915092067,0.3643465781036429,0.3611794543606988,0.3746961816825708,0.0,0.3043960495259799,0.3350057513591255,0.3719140518202671,0.0,0.3728201467265395,0.0,0.0
0.0,0.0,0.3049070786634935,0.1373009728443177,0.1669020145341237,0.3113872747345724,0.2172220026722962,0.1615955063101278,0.3127148432087424,0.2044980980436904,0.2114895782626968,0.2399336927603397,0.2414211864026924,0.1528022115211378,0.0,0.0,0.0,0.0,0.2947218385316084,0.3591515492554362,0.3166418433442133,0.3510915723766836,0.2818184978880789,0.2206327701202826,0.0,0.0,0.3081661165227347,0.2018445984469935,0.3111555551599725,0.0,0.3218466211570113,0.1986316485365876,0.2496537191533651,0.2375292925326053,0.3118901767581256,0.0,0.1627290891445812,0.2335389817129473,0.2146288856870284,0.0,0.2477600847583728,0.2240399200323041,0.2187830090949558,0.0,0.0,0.0,0.0,0.3390006781153578,0.0,0.0,0.3211750212005512,0.337788644867604,0.3118223455951364,0.3280818217704545,0.0,0.2856927009253982,0.2132243638338036,0.3369662150096174,0.0,0.0,0.0,0.0,0.0,0.3082252084843346,0.0,0.0,0.0,0.347345630922932,0.0,0.0,0.0,0.3432181511719409,0.3433946479541559,0.3336940929834425,0.0,0.0
0.0,0.0,0.3312580474269261,0.129553378871298,0.1643417561071942,0.3125159014276241,0.2178275207049444,0.2220081662581599,0.324347153319483,0.1484151359317726,0.316058117467089,0.197108801464146,0.229476013762222,0.1340421903238246,0.0,0.0,0.0,0.0,0.3267739992250227,0.3579937658662699,0.0,0.0,0.3094152324403104,0.0,0.0,0.0,0.3130935671536543,0.1955615803408529,0.3175103426196825,0.0,0.2810398315792125,0.2191478402684292,0.2145301034212227,0.1835747782721224,0.2382908001302682,0.1627290891445812,0.0,0.1955771749865403,0.1868017095534475,0.0,0.2016182145908882,0.2219130237227435,0.0,0.0,0.0,0.0,0.0,0.0,0.0,0.0,0.0,0.0,0.0,0.0,0.0,0.0,0.0,0.0,0.0,0.0,0.0,0.0,0.0,0.0,0.0,0.0,0.0,0.0,0.0,0.0,0.0,0.0,0.0,0.0,0.0,0.0
0.0,0.0,0.0,0.0,0.3184633707132172,0.0,0.2716494917111571,0.0,0.3359122303528429,0.2002436219622451,0.3258391036902927,0.1549361097675509,0.2634899645017441,0.0,0.0,0.0,0.2382131309836759,0.0,0.0,0.0,0.0,0.0,0.0,0.1535476828230819,0.2185780402200656,0.2214526022033812,0.0,0.2485925050130248,0.0,0.0,0.2075072913982203,0.1721112294817596,0.1156762571952137,0.1554610064255103,0.1975629814699295,0.2335389817129473,0.1955771749865403,0.0,0.1807272926591194,0.1861842033035144,0.1835368228181378,0.1865500773135154,0.0,0.0,0.1977721090036469,0.0,0.0,0.0,0.0,0.0,0.0,0.0,0.0,0.0,0.2430215405548773,0.0,0.2072023415417449,0.0,0.0,0.0,0.0,0.0,0.0,0.0,0.0,0.0,0.0,0.0,0.223362806273589,0.0,0.3122869095104921,0.0,0.0,0.0,0.0,0.0
0.3274241042312831,0.3303730710478343,0.3749163950617081,0.0,0.0,0.3493150672533728,0.0,0.2964265797169375,0.3716745380143523,0.214377678035199,0.3282570456125998,0.1857062067445027,0.3023017122917483,0.0,0.3511501497673833,0.308866757182153,0.0,0.2791492350417497,0.36197466683668,0.3425487884253189,0.3605910434990954,0.3352475958118445,0.357653339016007,0.1460590642473037,0.2975252133669634,0.3239186746726705,0.3522868344172418,0.3101454504363538,0.3446092285626779,0.3718057818133158,0.3116761014273553,0.1796829018836594,0.2097122190524279,0.2202289923065234,0.2081130545531386,0.2146288856870284,0.1868017095534475,0.1807272926591194,0.0,0.21636080006899,0.2540055186200217,0.2471008240260059,0.1994334621143275,0.2342792735415498,0.1850020667950879,0.2905147706570361,0.2889978824386285,0.3394208184375077,0.2115937224449252,0.278313200580864,0.3041860007962548,0.2868847391579925,0.2121115052758828,0.3417672251792388,0.2174695654696617,0.2609839541048581,0.1793697813621778,0.2919739073051901,0.2046999553186617,0.3006580456161886,0.2943067013008117,0.2857741772272092,0.2874100858122292,0.3026207872010324,0.3214537634194052,0.2984465782130367,0.3059242791216477,0.2882610407475517,0.1862335444746889,0.276411993002831,0.2885391037214368,0.3137869836967667,0.2762327085894307,0.3033362349798479,0.2863180673497885,0.2746913109342273
0.2629297789787066,0.2960862360394908,0.0,0.0,0.0,0.0,0.0,0.0,0.0,0.2646748005082822,0.0,0.267061632365349,0.0,0.0,0.3724514973507422,0.2655822116077542,0.28188450052366,0.2519550513152001,0.0,0.3551887239910084,0.3302316264138696,0.3274729245511037,0.3483549837980186,0.2465743241482233,0.2678270472665036,0.2873265305201319,0.0,0.0,0.0,0.0,0.2345846129130583,0.1883741435800888,0.1962924925536378,0.2065235352047152,0.2146615894131763,0.0,0.0,0.1861842033035144,0.21636080006899,0.0,0.1713843239005529,0.2332006406358961,0.1911375735973528,0.1737999061546497,0.1301564778767249,0.2628861131704206,0.247321978867692,0.0,0.0,0.0,0.3086589222908765,0.3010821296305766,0.26306887130211,0.3265609411286021,0.2267662823628133,0.3078993583719897,0.1764782997870735,0.2833110638801736,0.0,0.2787615559068479,0.2595607902461936,0.2475022852824118,0.2505274123069649,0.0,0.2915151566285429,0.2613845142663551,0.2760957998343862,0.2829735591995002,0.1809631319971732,0.226518700092407,0.2504326636503493,0.3106145282932905,0.2469885963720981,0.3259023748179868,0.0,0.2223138988018386
0.3021429335820545,0.336002677182883,0.0,0.0,0.0,0.3645114545633841,0.0,0.3547014571213217,0.0,0.2572273776086484,0.0,0.2260108679014925,0.0,0.0,0.3501746793281265,0.3013382424440765,0.3204784766817521,0.2696419456089661,0.0,0.3484804853437762,0.3485780945124506,0.3372279815387276,0.3784435884943633,0.2165667650134762,0.2921848689867831,0.31412010433993,0.3621021817616953,0.3164732995004793,0.3529111997636899,0.0,0.2922604730203578,0.2102135467112745,0.2045284503216004,0.1979227302008874,0.2025836844815401,0.2477600847583728,0.2016182145908882,0.1835368228181378,0.2540055186200217,0.1713843239005529,0.0,0.2377414729614798,0.2281938950364446,0.2019844317700099,0.1484351512642231,0.2571713564891894,0.2666240751040089,0.35805216265837,0.2014447843002031,0.3255640986774423,0.3188519437127247,0.2911985239425239,0.3229297986294805,0.3476220808915112,0.2124388176059974,0.3411242436852699,0.1784525591631664,0.3036297653594994,0.255493128770525,0.3049867914677799,0.2582596710475904,0.2477416604669066,0.258934996945415,0.353790167112507,0.3038993556155847,0.2878319341502657,0.2958731940149011,0.317409956041027,0.1899160878850644,0.2400124536700549,0.2632793821984293,0.3219451894208137,0.2552104839225674,0.3001884474155446,0.2713926418433082,0.1876767923670102
0.0,0.3370322704076743,0.0,0.0,0.0,0.3864949905670237,0.0,0.0,0.0,0.0,0.0,0.0,0.0,0.0,0.3771005169499431,0.2938592665654183,0.0,0.2957719997813433,0.0,0.3654123021134371,0.3761632927379767,0.356354175541263,0.3718743338003489,0.0,0.3089961189288465,0.3321910740590216,0.3736833118775149,0.3796910253047587,0.371985869322859,0.0,0.0,0.2233175347180085,0.2568138608781014,0.2193591665132525,0.2437230080167495,0.2240399200323041,0.2219130237227435,0.1865500773135154,0.2471008240260059,0.2332006406358961,0.2377414729614798,0.0,0.2657015306344045,0.2064401866596183,0.2085479955513938,0.0,0.3002728746331301,0.3341386381273134,0.1892413553628927,0.2920699943995243,0.3410009497825505,0.2830221734041425,0.2499739730751068,0.3377723504888058,0.2287362864721268,0.3263621878882115,0.2203859220274006,0.3127785204487861,0.0,0.3354369995254118,0.2829205012301409,0.2708602081773627,0.2763704379092707,0.348529637652104,0.3490946482497303,0.3437436967424865,0.3366489033837722,0.3276716053366426,0.1993533709172023,0.262021097627254,0.2993570296535368,0.367860851020159,0.2417336687064723,0.3216343124531986,0.2991962482937241,0.184131365717991
