0.0,0.3798596646741052,0.0,0.0,0.0,0.0,0.0,0.4906485177198584,0.0,0.3736674604558499,0.0,0.3682926918681368,0.0,0.0,0.4025793263423529,0.3670481684708908,0.3342978938055853,0.3259104111649105,0.0,0.4851678781471803,0.4167545881010062,0.4445238105253283,0.4640920993228197,0.3648300441549609,0.3419179477339128,0.3591886782647541,0.454795152611142,0.0,0.0,0.0,0.3424892808473654,0.3928802964579734,0.3447194867552249,0.3610833060985779,0.3931693904358562,0.0,0.0,0.0,0.4547342822964135,0.4065892932671596,0.4135211507352849,0.0,0.0,0.0,0.0,0.3329359471036242,0.4663968843346238,0.0,0.0,0.0,0.0,0.0,0.0,0.0,0.4635295660701392,0.0,0.0,0.0,0.0,0.0,0.4410823358884489,0.0,0.4095862961960363,0.0,0.0,0.3029775085335355,0.4635722056490228,0.0,0.3655358495617615,0.4296030942004851,0.4451591118899218,0.0,0.0,0.0,0.0,0.0
0.3798596646741052,0.0,0.0,0.0,0.4364701760446218,0.4196088743479204,0.4332095717088744,0.0,0.4112839504740329,0.0,0.0,0.0,0.4406190895558453,0.0,0.4328369834277629,0.3729047054734851,0.0,0.3732661058917025,0.0,0.4014861118445498,0.4053559500453559,0.3703964557919291,0.4218071673213828,0.0,0.3496235542800758,0.3841076130834507,0.4157662810919324,0.4307461207678259,0.4215704931592823,0.0,0.3749160279696983,0.41295691018143,0.3618123721304808,0.3863321776176662,0.4177098541229591,0.0,0.0,0.0,0.4548697057449818,0.4113111705233725,0.4272877385865731,0.462209192322482,0.0,0.0,0.0,0.4319274200339172,0.4655247160996775,0.0,0.0,0.0,0.0,0.0,0.0,0.0,0.0,0.0,0.0,0.0,0.0,0.5000273496485347,0.4386693981808635,0.0,0.4064389718434246,0.0,0.4596026917496369,0.4697635220831992,0.480699895082655,0.5014898405835628,0.0,0.4345759771326039,0.466995110745502,0.4784794209254505,0.0,0.4856360535826562,0.0,0.4309485257568745
0.0,0.0,0.0,0.0,0.4229797470461447,0.4352067369377382,0.4488133862709093,0.5236985496368249,0.33986820342188,0.4585255180643974,0.397468223685274,0.0,0.454018035818468,0.483085795862346,0.0,0.0,0.0,0.0,0.3382169634142662,0.0,0.0,0.0,0.4049363466163014,0.0,0.0,0.0,0.3685584159695562,0.4615265410345916,0.0,0.5031609067956149,0.4720707431566214,0.4400029287739653,0.0,0.4736270163873388,0.4639924131846295,0.4405486243003155,0.4625058654121441,0.0,0.5733166089972901,0.0,0.0,0.0,0.5550799637362692,0.0,0.0,0.0,0.0,0.5033788118212571,0.0,0.0,0.5764621795528891,0.0,0.5881877903947341,0.5949433379612635,0.0,0.5433836105921717,0.0,0.0,0.546254672079356,0.0,0.0,0.0,0.0,0.5263137096925723,0.0,0.0,0.0,0.613984074696953,0.0,0.0,0.0,0.5751425552930179,0.0,0.0,0.0,0.0
0.0,0.0,0.0,0.0,0.2566600110704904,0.4104401748880297,0.2634692687282768,0.2981713865002247,0.4187039717317894,0.0,0.3836762249202443,0.0,0.2789173193108782,0.2301722248499222,0.0,0.0,0.0,0.0,0.4379852473026844,0.0,0.0,0.0,0.404664266603933,0.0,0.0,0.0,0.413580109610842,0.2792027106981576,0.0,0.0,0.0,0.2857222942061562,0.0,0.2641064674596817,0.2318466243109048,0.1979442481839767,0.1737838509032746,0.0,0.0,0.0,0.0,0.0,0.0,0.0,0.0,0.0,0.0,0.0,0.0,0.0,0.0,0.0,0.0,0.0,0.0,0.0,0.0,0.0,0.0,0.0,0.0,0.0,0.0,0.0,0.0,0.0,0.0,0.0,0.0,0.0,0.0,0.0,0.0,0.0,0.0,0.0
0.0,0.4364701760446218,0.4229797470461447,0.2566600110704904,0.0,0.4050046244251488,0.360760641116622,0.4680927639903325,0.3603584854730824,0.4284170010374993,0.3700582549694112,0.4112019994195235,0.3833766359669328,0.3747545427709997,0.0,0.0,0.0,0.0,0.4230034331317398,0.4081358892228076,0.0,0.4415840859100355,0.4358477778300722,0.0,0.4110008580118831,0.0,0.4271750537032933,0.4114781577439296,0.418039129553778,0.0,0.46904524010436,0.455299016220943,0.4146473609072449,0.4618223848707176,0.348192680833074,0.30087991826824,0.3099571054901398,0.3704191753285921,0.0,0.0,0.0,0.0,0.4886216433038614,0.0,0.0,0.0,0.0,0.0,0.0,0.0,0.0,0.0,0.0,0.0,0.0,0.0,0.0,0.0,0.0,0.0,0.0,0.0,0.0,0.0,0.0,0.0,0.0,0.555443609314456,0.0,0.0,0.0,0.5604771902205039,0.0,0.0,0.0,0.0
0.0,0.4196088743479204,0.4352067369377382,0.4104401748880297,0.4050046244251488,0.0,0.4154751621529678,0.4460501388573332,0.3333353122974657,0.4433661572886845,0.4186781219884519,0.0,0.3882126767868797,0.4085870973783432,0.4251208795069471,0.424005763244431,0.0,0.4186493449704735,0.4001131900050099,0.419609671375108,0.0,0.427990832735846,0.4216620196772472,0.0,0.3976079422578905,0.4231705855018495,0.3992213693642505,0.3902111387302464,0.3501436918179669,0.4320690941713321,0.4373017883462565,0.4178921518078361,0.39218931761826,0.448799573006705,0.4430226233758186,0.4615333746680149,0.4326460460989983,0.0,0.5393705762847171,0.0,0.5605202121400269,0.0,0.5142062450814493,0.0,0.0,0.0,0.0,0.5781550539596544,0.0,0.0,0.543462486548187,0.0,0.5153666719138664,0.5793735759710523,0.0,0.0,0.0,0.0,0.0,0.5065521533250589,0.0,0.0,0.0,0.5706579228532951,0.0,0.0,0.4971455634870643,0.5547707449178348,0.0,0.0,0.0,0.5464825197358262,0.531106931809539,0.5058598110174516,0.0,0.0
0.0,0.4332095717088744,0.4488133862709093,0.2634692687282768,0.360760641116622,0.4154751621529678,0.0,0.3682911608825157,0.4036052125502065,0.3908967626453041,0.4698750773407581,0.3736639630915638,0.3361844788714982,0.3389681481744,0.0,0.4576658302606106,0.0,0.4505032222755689,0.4777463927704165,0.4503053528125879,0.0,0.4612918113998984,0.4328478650963017,0.3509279825032103,0.4301850575985637,0.4320892124886007,0.4376202653730116,0.3693281715160748,0.4330835177936254,0.0,0.4141600115942631,0.4056524303786807,0.4097584696160407,0.4087727355769228,0.3482102836915772,0.3014264948321597,0.3010676765448756,0.3366856306051617,0.0,0.0,0.0,0.0,0.0,0.0,0.0,0.0,0.0,0.0,0.0,0.0,0.0,0.0,0.0,0.0,0.0,0.0,0.0,0.0,0.0,0.0,0.0,0.0,0.0,0.0,0.0,0.0,0.0,0.0,0.0,0.0,0.0,0.0,0.0,0.0,0.0,0.0
0.4906485177198584,0.0,0.5236985496368249,0.2981713865002247,0.4680927639903325,0.4460501388573332,0.3682911608825157,0.0,0.5013958565702779,0.4680508600178186,0.3433154705571552,0.0,0.4269078684452181,0.3684906930645623,0.0,0.0,0.0,0.4445726755500606,0.4749407984187775,0.4463192644647122,0.4153661480508777,0.0,0.3862539151547284,0.4831166336916143,0.4131119990373246,0.448379893978805,0.4660185899495743,0.4313459146493061,0.3888486561870568,0.4355747068317408,0.4718240604951355,0.3789461412942629,0.4465366778020964,0.4661447666988411,0.3848699291170148,0.2693029669644078,0.363405630810724,0.0,0.4957445125858957,0.0,0.5200067058759721,0.0,0.4860197304224065,0.0,0.0,0.0,0.0,0.5732080018948786,0.0,0.0,0.5035102652333748,0.5330548367136968,0.41060840911511,0.5687474655269942,0.0,0.5009155541265301,0.0,0.5081085052581614,0.4554863032001838,0.5005707440593854,0.0,0.0,0.0,0.5634325095254733,0.485770982377584,0.4139940062730331,0.0,0.5247777205220719,0.0,0.0,0.0,0.5294975142497826,0.5012776350533785,0.476777681367997,0.0,0.5464964872201603
0.0,0.4112839504740329,0.33986820342188,0.4187039717317894,0.3603584854730824,0.3333353122974657,0.4036052125502065,0.5013958565702779,0.0,0.4721669684974964,0.3230443968450005,0.0,0.418819126047657,0.4170202691350392,0.0,0.4352740016189034,0.0,0.0,0.2874819238873573,0.4023007148071035,0.0,0.421701995360037,0.432247921559155,0.0,0.0,0.0,0.3851865751566354,0.4521834243424086,0.4150384118173723,0.4718516482838242,0.4801033976049032,0.4397968231713801,0.4212554734605592,0.470783857452626,0.434613251297706,0.4451177017551365,0.4411931370233127,0.4462443700001591,0.5292606636234192,0.0,0.0,0.0,0.5136426155709362,0.0,0.0,0.0,0.0,0.5715153708869042,0.0,0.0,0.5498754443657118,0.0,0.5656619979207768,0.6043639136637754,0.0,0.5512377744747943,0.0,0.0,0.5893827071168227,0.0,0.0,0.0,0.0,0.5798892081156937,0.0,0.0,0.0,0.577367345485514,0.0,0.0,0.0,0.5735858113360566,0.0,0.0,0.0,0.0
0.3736674604558499,0.0,0.4585255180643974,0.0,0.4284170010374993,0.4433661572886845,0.3908967626453041,0.4680508600178186,0.4721669684974964,0.0,0.4740278470262799,0.2699406749033947,0.3905310468088374,0.4340481072451014,0.0,0.3339106073766819,0.2904297489354104,0.3118300177402818,0.4837805113097188,0.0,0.0,0.4223906668831211,0.4430138612816757,0.2986961924145669,0.3236701960949783,0.3305309449369135,0.4476978090329591,0.369285271308438,0.0,0.0,0.3140480762771214,0.3482068550294322,0.2626793034801727,0.2792246899031161,0.2919915894247162,0.3771119609123634,0.234759838760476,0.2155630013105245,0.2986650055552839,0.3362092524683991,0.3638286756321365,0.0,0.0,0.0,0.311262399690883,0.0,0.0,0.0,0.0,0.0,0.0,0.0,0.0,0.0,0.4592035021418144,0.0,0.4630084202330153,0.0,0.0,0.0,0.0,0.4035709557686672,0.3779335290910829,0.0,0.0,0.0,0.0,0.0,0.4486496279634067,0.4107714943033899,0.4471446908001895,0.0,0.4162426185573754,0.0,0.0,0.4082748591918282
0.0,0.0,0.397468223685274,0.3836762249202443,0.3700582549694112,0.4186781219884519,0.4698750773407581,0.3433154705571552,0.3230443968450005,0.4740278470262799,0.0,0.0,0.4698154561981812,0.3744526871176911,0.0,0.0,0.0,0.0,0.3435947970242075,0.0,0.0,0.0,0.3751460581715976,0.0,0.0,0.0,0.4182412315130262,0.470887315263197,0.0,0.0,0.5001159617662608,0.4541428887396077,0.48503176737302,0.4842366541271929,0.4397069940601961,0.3579955687776731,0.4319161595684615,0.4535050462136703,0.4550676514736541,0.0,0.0,0.0,0.4353748303230613,0.0,0.0,0.0,0.0,0.5280102124015867,0.0,0.0,0.5209869826076902,0.0,0.5065082144726853,0.0,0.0,0.4362940270406207,0.0,0.0,0.4638439651161363,0.0,0.0,0.0,0.0,0.4861484371275931,0.0,0.0,0.0,0.5423615326221227,0.0,0.0,0.0,0.5041976760430802,0.0,0.0,0.0,0.0
0.3682926918681368,0.0,0.0,0.0,0.4112019994195235,0.0,0.3736639630915638,0.0,0.0,0.2699406749033947,0.0,0.0,0.3840980236428302,0.0,0.0,0.0,0.3468033398299498,0.3501366146277333,0.0,0.0,0.0,0.0,0.0,0.2946346177630247,0.3385617552832437,0.3348853455777771,0.0,0.3415938309667919,0.0,0.0,0.3066794401151306,0.3003773524385786,0.3011020410977704,0.2151621956148313,0.2448434862590086,0.3867510346143624,0.2629007091497191,0.1895683380075184,0.2846187154565238,0.3647071230409229,0.3341583204815988,0.0,0.0,0.0,0.3636948598335042,0.0,0.0,0.0,0.0,0.0,0.0,0.0,0.0,0.0,0.4644226279791451,0.0,0.4689136955997617,0.0,0.0,0.0,0.0,0.4183167743952324,0.3972584610041398,0.0,0.0,0.0,0.0,0.0,0.4448791234700743,0.4282092681865187,0.4517658899503229,0.0,0.0,0.0,0.0,0.4107827789510905
0.0,0.4406190895558453,0.454018035818468,0.2789173193108782,0.3833766359669328,0.3882126767868797,0.3361844788714982,0.4269078684452181,0.418819126047657,0.3905310468088374,0.4698154561981812,0.3840980236428302,0.0,0.3582430165381872,0.457800662491242,0.4618251328505706,0.4174032972817151,0.4333245942811173,0.4691381140425023,0.4519620238122233,0.0,0.4646868423713929,0.4354569386182418,0.3959567141875251,0.4363290485541343,0.4172453948257964,0.4365588020306791,0.3327228413609292,0.4128696112040582,0.0,0.3973640224673497,0.4070667943353573,0.3991982571874435,0.400894448504383,0.3788090718180171,0.3276471729745009,0.3279107788180441,0.3422068233574107,0.355724127075546,0.0,0.0,0.0,0.5086154621557071,0.0,0.0,0.0,0.0,0.0,0.0,0.0,0.0,0.0,0.4921767196478823,0.0,0.0,0.0,0.0,0.0,0.0,0.0,0.0,0.0,0.0,0.0,0.0,0.0,0.0,0.5289044249905901,0.0,0.0,0.0,0.5219738462228929,0.0,0.0,0.0,0.0
0.0,0.0,0.483085795862346,0.2301722248499222,0.3747545427709997,0.4085870973783432,0.3389681481744,0.3684906930645623,0.4170202691350392,0.4340481072451014,0.3744526871176911,0.0,0.3582430165381872,0.0,0.0,0.0,0.0,0.0,0.4221988441771461,0.0,0.0,0.0,0.4293626034670923,0.0,0.0,0.0,0.448084837886578,0.2632555876219097,0.0,0.0,0.3879512963084779,0.277187577878232,0.0,0.4204976559841623,0.0,0.2428188706125049,0.1768983818365904,0.0,0.0,0.0,0.0,0.0,0.4301078812150337,0.0,0.0,0.0,0.0,0.5407520550090456,0.0,0.0,0.0,0.0,0.0,0.5167565441949781,0.0,0.5099082177615363,0.0,0.0,0.0,0.0,0.0,0.0,0.0,0.0,0.0,0.0,0.0,0.511600855949749,0.0,0.0,0.0,0.0,0.0,0.0,0.0,0.0
0.4025793263423529,0.4328369834277629,0.0,0.0,0.0,0.4251208795069471,0.0,0.0,0.0,0.0,0.0,0.0,0.457800662491242,0.0,0.0,0.4167537340091157,0.0,0.3971058696636183,0.0,0.3263859405270689,0.3997181514762851,0.3614842782572526,0.3780904480552458,0.4659291534836395,0.378683283295925,0.4028613697200254,0.3973777858772818,0.4531920068378495,0.4121077177626876,0.0,0.436663041420153,0.461448101858501,0.43062516966236,0.448159231720961,0.493001108537076,0.5189692541733625,0.0,0.0,0.483167241586719,0.4429497785347633,0.4991932755899274,0.550551077577162,0.0,0.0,0.0,0.0,0.5069469359722484,0.0,0.0,0.0,0.4626829469545914,0.0,0.4655509611411738,0.0,0.0,0.0,0.0,0.0,0.0,0.5115403088747205,0.4946926616885487,0.0,0.0,0.0,0.5009817073979755,0.4727785090273587,0.5290950117960244,0.4991955256906812,0.0,0.0,0.5235390854449847,0.5031956202598967,0.5312529553734474,0.4894561216309214,0.0,0.0
0.3670481684708908,0.3729047054734851,0.0,0.0,0.0,0.424005763244431,0.4576658302606106,0.0,0.4352740016189034,0.3339106073766819,0.0,0.0,0.4618251328505706,0.0,0.4167537340091157,0.0,0.3386547849437468,0.2142274980192243,0.0,0.4027929238165117,0.4006476078688398,0.3114708686935675,0.4170664230638553,0.2860965667631696,0.2500162844188744,0.4046871435361849,0.4125648622619797,0.4407564789407276,0.4327306726110861,0.4229668540219058,0.3350057693494317,0.3699115660333852,0.3333446325126339,0.3635066064079382,0.3828694098337732,0.0,0.0,0.0,0.4580394625547141,0.3556431364069515,0.4149423175279877,0.4650988366883705,0.0,0.0,0.0,0.4193642066537987,0.4461530260467316,0.0,0.0,0.0,0.0,0.0,0.0,0.0,0.0,0.0,0.0,0.0,0.0,0.4995480127243105,0.409800891071007,0.0,0.3501590697083848,0.0,0.0,0.0,0.4480520108320863,0.0,0.0,0.3868080759532582,0.4418350261044685,0.0,0.0,0.0,0.0,0.4315888440237296
0.3342978938055853,0.0,0.0,0.0,0.0,0.0,0.0,0.0,0.0,0.2904297489354104,0.0,0.3468033398299498,0.4174032972817151,0.0,0.0,0.3386547849437468,0.0,0.2321335846003505,0.0,0.4303102178929125,0.0,0.418881386897649,0.0,0.3632268176388189,0.2888166561721282,0.339814625490858,0.0,0.3195809758275555,0.0,0.0,0.3175501363717581,0.402765752813668,0.3188774470982515,0.3391976634418642,0.3522513118689842,0.0,0.0,0.2987784594802699,0.0,0.3537553781887952,0.4492413475583121,0.0,0.0,0.0,0.0,0.0,0.0,0.0,0.0,0.0,0.0,0.0,0.0,0.0,0.4617118099360999,0.0,0.4600866438878175,0.0,0.0,0.0,0.0,0.4251821529720527,0.397320856504448,0.0,0.0,0.0,0.0,0.0,0.4416410970695958,0.41212010910794,0.4398982387534376,0.0,0.0,0.0,0.0,0.0
0.3259104111649105,0.3732661058917025,0.0,0.0,0.0,0.4186493449704735,0.4505032222755689,0.4445726755500606,0.0,0.3118300177402818,0.0,0.3501366146277333,0.4333245942811173,0.0,0.3971058696636183,0.2142274980192243,0.2321335846003505,0.0,0.0,0.4026455936185579,0.3558180322472224,0.3908625876684556,0.4175265929988344,0.3346624647298873,0.2339164091552497,0.341230633632865,0.4122233703052519,0.4042238383862067,0.4243251292594053,0.0,0.316186051604211,0.3952502743049041,0.3059697732316341,0.3439745751824264,0.3663177903150413,0.0,0.0,0.0,0.4079804911103891,0.3071474653872525,0.3824096477906454,0.3939425626130196,0.0,0.0,0.0,0.3914363433357827,0.4318751883673967,0.0,0.0,0.0,0.0,0.0,0.0,0.0,0.4444216318998088,0.0,0.4470825454998064,0.0,0.0,0.0,0.3848223766146428,0.3925303783537338,0.3858562491543599,0.0,0.0,0.0,0.4161979801375772,0.0,0.4233930908425163,0.3975315740009413,0.427167790794085,0.0,0.0,0.0,0.0,0.4175006178114775
0.0,0.0,0.3382169634142662,0.4379852473026844,0.4230034331317398,0.4001131900050099,0.4777463927704165,0.4749407984187775,0.2874819238873573,0.4837805113097188,0.3435947970242075,0.0,0.4691381140425023,0.4221988441771461,0.0,0.0,0.0,0.0,0.0,0.0,0.0,0.0,0.3633156542295463,0.0,0.0,0.0,0.3802342875245927,0.4762732987074012,0.0,0.0,0.4746171341214108,0.4433449484310544,0.0,0.466647305306987,0.4357511869012834,0.4244719486019555,0.4523962790370303,0.0,0.5449681329445253,0.0,0.0,0.0,0.5200525078722397,0.0,0.0,0.0,0.0,0.5687029108916628,0.0,0.0,0.5587340808730584,0.0,0.5661075581724002,0.5728500056915379,0.0,0.5282395704785534,0.0,0.0,0.5302998787971385,0.0,0.0,0.0,0.0,0.5777208114577886,0.0,0.0,0.0,0.5704545334428056,0.0,0.0,0.0,0.5623208045951291,0.0,0.0,0.0,0.0
0.4851678781471803,0.4014861118445498,0.0,0.0,0.4081358892228076,0.419609671375108,0.4503053528125879,0.4463192644647122,0.4023007148071035,0.0,0.0,0.0,0.4519620238122233,0.0,0.3263859405270689,0.4027929238165117,0.4303102178929125,0.4026455936185579,0.0,0.0,0.4476367120166171,0.3542067714305789,0.2874930359923988,0.0,0.3978689752519587,0.461281792689622,0.3632460976400929,0.4000921804961247,0.3547710340774026,0.3506647967053085,0.3877114349732705,0.4549481747640077,0.3905897661845477,0.4526143258533852,0.4707420452314587,0.521456446201164,0.4575050872398701,0.0,0.464619705951705,0.4907714642866443,0.5225257736456047,0.5365750097451046,0.0,0.0,0.0,0.0,0.4602423573484001,0.0,0.0,0.0,0.5270792369259816,0.0,0.5103573918907084,0.0,0.0,0.0,0.0,0.0,0.0,0.4932484454703984,0.0,0.0,0.0,0.0,0.5003631403184271,0.485958675661731,0.4997101629470319,0.5051154115893801,0.0,0.0,0.4804055072953033,0.5099075963432673,0.5136202751887372,0.491683977063606,0.0,0.5383961822593128
0.4167545881010062,0.4053559500453559,0.0,0.0,0.0,0.0,0.0,0.4153661480508777,0.0,0.0,0.0,0.0,0.0,0.0,0.3997181514762851,0.4006476078688398,0.0,0.3558180322472224,0.0,0.4476367120166171,0.0,0.4339936979268678,0.4062015843197248,0.4437231624928783,0.3670056724688665,0.4006464189353464,0.4306589955408764,0.4461358906600586,0.4157212839421096,0.0,0.3831279671150117,0.4257589111665533,0.3892980860162929,0.4042250105953922,0.4337670018699535,0.0,0.0,0.0,0.4801824884136287,0.4310288855034946,0.0,0.5149904973929911,0.0,0.0,0.0,0.4216318833296107,0.4866457853748949,0.0,0.0,0.0,0.4485067841153966,0.0,0.4252136100520256,0.0,0.0,0.0,0.0,0.0,0.0,0.4806492983639702,0.470921441697612,0.0,0.0,0.0,0.4768195982340357,0.3549301863397483,0.5058651552877137,0.469184250915971,0.0,0.4758510736467596,0.4953538002056396,0.4841222118419416,0.4986712662938272,0.4623200902378874,0.0,0.0
0.4445238105253283,0.3703964557919291,0.0,0.0,0.4415840859100355,0.427990832735846,0.4612918113998984,0.0,0.421701995360037,0.4223906668831211,0.0,0.0,0.4646868423713929,0.0,0.3614842782572526,0.3114708686935675,0.418881386897649,0.3908625876684556,0.0,0.3542067714305789,0.4339936979268678,0.0,0.4504546037202201,0.0,0.3680736844104098,0.417207340735445,0.4212089137767106,0.427673460116556,0.399805754903533,0.3973693783310259,0.390735162279561,0.4606325568891418,0.3869698550586645,0.4311495330722291,0.4804071647171886,0.5468819773363256,0.4758658370378064,0.0,0.4474321596465522,0.4125145575339786,0.4725717282148394,0.5152146123484284,0.0,0.0,0.0,0.0,0.4561238253006436,0.0,0.0,0.0,0.4495696195431423,0.0,0.0,0.0,0.0,0.0,0.0,0.0,0.0,0.5137102494573124,0.4260634646681786,0.0,0.0,0.0,0.4987227824308392,0.4927015977575822,0.5082220534571927,0.5044909188758273,0.0,0.4231565179889717,0.4879767310492648,0.4938599453909137,0.0,0.4852908790050561,0.0,0.0
0.4640920993228197,0.4218071673213828,0.4049363466163014,0.404664266603933,0.4358477778300722,0.4216620196772472,0.4328478650963017,0.3862539151547284,0.432247921559155,0.4430138612816757,0.3751460581715976,0.0,0.4354569386182418,0.4293626034670923,0.3780904480552458,0.4170664230638553,0.0,0.4175265929988344,0.3633156542295463,0.2874930359923988,0.4062015843197248,0.4504546037202201,0.0,0.4708624388964324,0.4090071751375246,0.4514782578129818,0.3263028960425108,0.4338694121716431,0.395302452853757,0.4199777460533545,0.4426237959324764,0.4228063441139473,0.3977260359194522,0.4582346278979219,0.4491821621669624,0.4458456221773959,0.4284476325840241,0.0,0.5281610229991481,0.4360483785291497,0.5667161887424668,0.5416215409892804,0.5377392194909136,0.0,0.0,0.0,0.4979634878658573,0.580319543375543,0.0,0.0,0.5424961301581422,0.5429415705118265,0.5089627419878904,0.5930299029909447,0.0,0.5612344766315738,0.0,0.5384435101185486,0.5117497320806297,0.4970995859100792,0.0,0.0,0.0,0.5612674828576939,0.5098756958807028,0.4707118677677583,0.5009700432010077,0.5437878482936929,0.0,0.0,0.4962248522338655,0.5363429085961297,0.5324417545305836,0.5085475642072647,0.5412210024407607,0.5528571693375784
0.3648300441549609,0.0,0.0,0.0,0.0,0.0,0.3509279825032103,0.4831166336916143,0.0,0.2986961924145669,0.0,0.2946346177630247,0.3959567141875251,0.0,0.4659291534836395,0.2860965667631696,0.3632268176388189,0.3346624647298873,0.0,0.0,0.4437231624928783,0.0,0.4708624388964324,0.0,0.3586336439043437,0.3526717143435897,0.0,0.3747721086832765,0.0,0.0,0.304192213278019,0.3297349513843093,0.2446687981932263,0.225780064129778,0.2841622717903286,0.0,0.0,0.230790108106553,0.0,0.3142306905109568,0.3640324175037675,0.0,0.0,0.0,0.2469996127288031,0.346880256224133,0.0,0.0,0.0,0.0,0.0,0.0,0.0,0.0,0.459108956477833,0.0,0.4442097783555603,0.0,0.0,0.0,0.0,0.4635566484971967,0.4425466698121232,0.0,0.0,0.0,0.0,0.0,0.4920710828643658,0.4647214760012765,0.4782384738461592,0.0,0.0,0.0,0.0,0.3801498572496082
0.3419179477339128,0.3496235542800758,0.0,0.0,0.4110008580118831,0.3976079422578905,0.4301850575985637,0.4131119990373246,0.0,0.3236701960949783,0.0,0.3385617552832437,0.4363290485541343,0.0,0.378683283295925,0.2500162844188744,0.2888166561721282,0.2339164091552497,0.0,0.3978689752519587,0.3670056724688665,0.3680736844104098,0.4090071751375246,0.3586336439043437,0.0,0.3397684635753366,0.3957952975958165,0.4058000158571572,0.4171092547244553,0.0,0.345677012637701,0.38641926215551,0.3186335868628701,0.3539174577423997,0.36681218383913,0.0,0.0,0.2969416652356139,0.4464048182130553,0.36529101056978,0.4137792530878952,0.4400181344959878,0.0,0.0,0.0,0.3961454173927838,0.4533683682381177,0.0,0.0,0.0,0.0,0.0,0.0,0.0,0.4627814829394441,0.0,0.469577927836333,0.0,0.0,0.0,0.4028348311183904,0.4232885451139158,0.3996013909128192,0.0,0.0,0.4745907142778669,0.4221338341459236,0.0,0.4401038413538523,0.4128780534872775,0.4385066430172287,0.0,0.0,0.0,0.0,0.4217593878567422
0.3591886782647541,0.3841076130834507,0.0,0.0,0.0,0.4231705855018495,0.4320892124886007,0.448379893978805,0.0,0.3305309449369135,0.0,0.3348853455777771,0.4172453948257964,0.0,0.4028613697200254,0.4046871435361849,0.339814625490858,0.341230633632865,0.0,0.461281792689622,0.4006464189353464,0.417207340735445,0.4514782578129818,0.3526717143435897,0.3397684635753366,0.0,0.4548485934455267,0.4001384804698463,0.4330362695744217,0.0,0.3701764629726081,0.4221662119818974,0.3484194595237831,0.3780153324082633,0.4105525636457365,0.4447264679213075,0.0,0.3130751001301033,0.4623090166989027,0.3919542895007687,0.4320424793736775,0.4694364218409466,0.0,0.0,0.4222741552874355,0.4223272660148749,0.4857917219635652,0.0,0.0,0.0,0.0,0.0,0.0,0.0,0.4693138313113644,0.0,0.4720061672709161,0.0,0.0,0.5326793139950861,0.4454851784867255,0.4398962010650976,0.420467048171454,0.0,0.4864069270688186,0.5016518492235785,0.5113945826205316,0.497956821611174,0.4517802457539339,0.4338631927119243,0.4723594894678286,0.4909469138133303,0.0,0.4734509812719206,0.0,0.4389531724696633
0.454795152611142,0.4157662810919324,0.3685584159695562,0.413580109610842,0.4271750537032933,0.3992213693642505,0.4376202653730116,0.4660185899495743,0.3851865751566354,0.4476978090329591,0.4182412315130262,0.0,0.4365588020306791,0.448084837886578,0.3973777858772818,0.4125648622619797,0.0,0.4122233703052519,0.3802342875245927,0.3632460976400929,0.4306589955408764,0.4212089137767106,0.3263028960425108,0.0,0.3957952975958165,0.4548485934455267,0.0,0.4268548617177638,0.3693652044482169,0.4000481323229728,0.4174259106799547,0.4232258312254811,0.3751667422502401,0.4472238070336624,0.44595188931608,0.4646103631379798,0.4360317645099239,0.0,0.5141325056402152,0.0,0.5336744670292134,0.5363299294735518,0.5034919488808508,0.0,0.0,0.0,0.5210174352764899,0.5757356279604499,0.0,0.0,0.5354939024338088,0.5380300820686293,0.5110282669621582,0.5733123377786518,0.0,0.5531454072953033,0.0,0.529249434393373,0.5720099633655765,0.4891179986225465,0.0,0.0,0.0,0.5709612592808571,0.497228743504751,0.4784183330647232,0.4897958960998481,0.534329039951226,0.0,0.0,0.4992192797399164,0.522420095289798,0.5171956880352825,0.4992152852754716,0.5336689087090261,0.5359689863451623
0.0,0.4307461207678259,0.4615265410345916,0.2792027106981576,0.4114781577439296,0.3902111387302464,0.3693281715160748,0.4313459146493061,0.4521834243424086,0.369285271308438,0.470887315263197,0.3415938309667919,0.3327228413609292,0.2632555876219097,0.4531920068378495,0.4407564789407276,0.3195809758275555,0.4042238383862067,0.4762732987074012,0.4000921804961247,0.4461358906600586,0.427673460116556,0.4338694121716431,0.3747721086832765,0.4058000158571572,0.4001384804698463,0.4268548617177638,0.0,0.3502299765981303,0.2763744124235119,0.3751669863263276,0.3862216482409413,0.3543346739057876,0.3811458304960349,0.340350786377067,0.3081430807346733,0.2747205452272291,0.3203711097109532,0.3414444639530732,0.0,0.335676122224085,0.0,0.4987610010216123,0.0,0.0,0.0,0.0,0.0,0.0,0.0,0.5275659781441581,0.0,0.4895059580960106,0.0,0.0,0.0,0.0,0.0,0.0,0.0,0.0,0.0,0.0,0.0,0.5046968190843063,0.0,0.0,0.5296194637956535,0.0,0.0,0.0,0.5253886168150295,0.537450302799268,0.5067940506074256,0.0,0.0
0.0,0.4215704931592823,0.0,0.0,0.418039129553778,0.3501436918179669,0.4330835177936254,0.3888486561870568,0.4150384118173723,0.0,0.0,0.0,0.4128696112040582,0.0,0.4121077177626876,0.4327306726110861,0.0,0.4243251292594053,0.0,0.3547710340774026,0.4157212839421096,0.399805754903533,0.395302452853757,0.0,0.4171092547244553,0.4330362695744217,0.3693652044482169,0.3502299765981303,0.0,0.3557226767993386,0.380142608267354,0.418099731052414,0.3576827884688638,0.4423839098523859,0.4503405673084423,0.495211269965579,0.446221554477148,0.0,0.4914822143792712,0.0,0.0,0.0,0.0,0.0,0.0,0.0,0.4878411383229802,0.0,0.0,0.0,0.0,0.0,0.4682793378149309,0.0,0.0,0.0,0.0,0.0,0.0,0.4740125532640556,0.0,0.0,0.0,0.0,0.4860984416409459,0.4514079178363459,0.4739111332939041,0.4981295237589974,0.0,0.0,0.4817340868375999,0.4908809777074965,0.4964109440544773,0.4809006544404578,0.0,0.0
0.0,0.0,0.5031609067956149,0.0,0.0,0.4320690941713321,0.0,0.4355747068317408,0.4718516482838242,0.0,0.0,0.0,0.0,0.0,0.0,0.4229668540219058,0.0,0.0,0.0,0.3506647967053085,0.0,0.3973693783310259,0.4199777460533545,0.0,0.0,0.0,0.4000481323229728,0.2763744124235119,0.3557226767993386,0.0,0.3550360705226312,0.5190519558417516,0.0,0.4224069596275452,0.0,0.0,0.0,0.0,0.0,0.0,0.0,0.0,0.0,0.0,0.0,0.0,0.0,0.0,0.0,0.0,0.0,0.0,0.0,0.0,0.0,0.0,0.0,0.0,0.0,0.0,0.0,0.0,0.0,0.0,0.0,0.0,0.0,0.5532978644199351,0.0,0.0,0.0,0.5269087477329538,0.0,0.0,0.0,0.0
0.3424892808473654,0.3749160279696983,0.4720707431566214,0.0,0.46904524010436,0.4373017883462565,0.4141600115942631,0.4718240604951355,0.4801033976049032,0.3140480762771214,0.5001159617662608,0.3066794401151306,0.3973640224673497,0.3879512963084779,0.436663041420153,0.3350057693494317,0.3175501363717581,0.316186051604211,0.4746171341214108,0.3877114349732705,0.3831279671150117,0.390735162279561,0.4426237959324764,0.304192213278019,0.345677012637701,0.3701764629726081,0.4174259106799547,0.3751669863263276,0.380142608267354,0.3550360705226312,0.0,0.4193700678293084,0.3151221238254851,0.3242940841089352,0.2938609934197668,0.4450141871538932,0.4257013069800667,0.2361679955765457,0.0,0.3397140914638081,0.0,0.0,0.0,0.0,0.0,0.0,0.4433631613125499,0.0,0.0,0.0,0.5502727855312658,0.0,0.5381216935348796,0.0,0.4418759942702063,0.0,0.4635525261214302,0.0,0.0,0.5108538585698893,0.438449051261577,0.0,0.4038037941680618,0.0,0.4981666340892494,0.0,0.4670544559004731,0.5469707641207173,0.4350489824883983,0.4142915105592531,0.445953773793282,0.5295191068670333,0.0,0.5099399129984454,0.0,0.0
0.3928802964579734,0.41295691018143,0.4400029287739653,0.2857222942061562,0.455299016220943,0.4178921518078361,0.4056524303786807,0.3789461412942629,0.4397968231713801,0.3482068550294322,0.4541428887396077,0.3003773524385786,0.4070667943353573,0.277187577878232,0.461448101858501,0.3699115660333852,0.402765752813668,0.3952502743049041,0.4433449484310544,0.4549481747640077,0.4257589111665533,0.4606325568891418,0.4228063441139473,0.3297349513843093,0.38641926215551,0.4221662119818974,0.4232258312254811,0.3862216482409413,0.418099731052414,0.5190519558417516,0.4193700678293084,0.0,0.3800481569353099,0.3480521502780572,0.3580483782667288,0.3231195865693244,0.3144111761329901,0.2808258435216745,0.28194608483765,0.3205587545042223,0.3005789647967434,0.3417715862477382,0.3446956591974717,0.3130052416321738,0.279531746406988,0.0,0.4395353803247145,0.5245922303863083,0.0,0.0,0.5351060754474605,0.0,0.5198133053029932,0.541385511867135,0.4117278055089374,0.4654346221645689,0.2611610303005095,0.0,0.0,0.4880389085046032,0.4365290678057178,0.0,0.4170109174675039,0.0,0.4899271935683784,0.4776468519401971,0.4634490110796944,0.5363501318180239,0.0,0.4202437657667628,0.4565355235427718,0.5275255400515629,0.4632654835243547,0.5122810808594006,0.0,0.5828812020219523
0.3447194867552249,0.3618123721304808,0.0,0.0,0.4146473609072449,0.39218931761826,0.4097584696160407,0.4465366778020964,0.4212554734605592,0.2626793034801727,0.48503176737302,0.3011020410977704,0.3991982571874435,0.0,0.43062516966236,0.3333446325126339,0.3188774470982515,0.3059697732316341,0.0,0.3905897661845477,0.3892980860162929,0.3869698550586645,0.3977260359194522,0.2446687981932263,0.3186335868628701,0.3484194595237831,0.3751667422502401,0.3543346739057876,0.3576827884688638,0.0,0.3151221238254851,0.3800481569353099,0.0,0.2660721641162423,0.3788488474373007,0.4354029300906138,0.294788824752686,0.1634459014058652,0.3255578053505354,0.1943633350635182,0.2454579042882985,0.0,0.0,0.0,0.2242401402132258,0.4061525977933726,0.440129853739978,0.0,0.0,0.0,0.0,0.0,0.0,0.0,0.3754168279757573,0.0,0.3426210386543769,0.0,0.0,0.5042855923155564,0.4137492664077212,0.3725633846245577,0.3935790967760654,0.0,0.0,0.0,0.4788438147100937,0.0,0.3796899556507763,0.4046006045577248,0.4343943204867541,0.4488060212386169,0.0,0.0,0.0,0.325633334072226
0.3610833060985779,0.3863321776176662,0.4736270163873388,0.2641064674596817,0.4618223848707176,0.448799573006705,0.4087727355769228,0.4661447666988411,0.470783857452626,0.2792246899031161,0.4842366541271929,0.2151621956148313,0.400894448504383,0.4204976559841623,0.448159231720961,0.3635066064079382,0.3391976634418642,0.3439745751824264,0.466647305306987,0.4526143258533852,0.4042250105953922,0.4311495330722291,0.4582346278979219,0.225780064129778,0.3539174577423997,0.3780153324082633,0.4472238070336624,0.3811458304960349,0.4423839098523859,0.4224069596275452,0.3242940841089352,0.3480521502780572,0.2660721641162423,0.0,0.2447342758018374,0.3969255378792286,0.2601510055935109,0.1715527287417143,0.2938950780957692,0.2708874152038102,0.2719514707923773,0.2744855188171535,0.4669025230471842,0.0,0.2324072763311403,0.3868155993583278,0.4483120992728894,0.0,0.0,0.0,0.5289059955334238,0.0,0.5168024172048583,0.0,0.3750008512478262,0.0,0.4335782187020334,0.0,0.0,0.4989509743677627,0.434405917106023,0.0,0.4079095501446455,0.0,0.5159620184374264,0.0,0.4718748781441505,0.5568040692674882,0.4083111409972759,0.4154486293966776,0.4500154577534725,0.5534090433718092,0.5323445614570511,0.5171146519487048,0.0,0.0
0.3931693904358562,0.4177098541229591,0.4639924131846295,0.2318466243109048,0.348192680833074,0.4430226233758186,0.3482102836915772,0.3848699291170148,0.434613251297706,0.2919915894247162,0.4397069940601961,0.2448434862590086,0.3788090718180171,0.0,0.493001108537076,0.3828694098337732,0.3522513118689842,0.3663177903150413,0.4357511869012834,0.4707420452314587,0.4337670018699535,0.4804071647171886,0.4491821621669624,0.2841622717903286,0.36681218383913,0.4105525636457365,0.44595188931608,0.340350786377067,0.4503405673084423,0.0,0.2938609934197668,0.3580483782667288,0.3788488474373007,0.2447342758018374,0.0,0.4302606179178733,0.2825180826088881,0.2217535658156798,0.3144357869811753,0.218320315950537,0.2915759952679388,0.3058653943980762,0.0,0.0,0.0,0.0,0.4684039594268229,0.0,0.0,0.0,0.0,0.0,0.0,0.0,0.0,0.0,0.0,0.0,0.0,0.5096844418216477,0.0,0.0,0.0,0.0,0.0,0.0,0.5008565631977181,0.5421138808253887,0.0,0.4358481812908426,0.4609621375039453,0.5302961789766373,0.0,0.0,0.0,0.0
0.0,0.0,0.4405486243003155,0.1979442481839767,0.30087991826824,0.4615333746680149,0.3014264948321597,0.2693029669644078,0.4451177017551365,0.3771119609123634,0.3579955687776731,0.3867510346143624,0.3276471729745009,0.2428188706125049,0.5189692541733625,0.0,0.0,0.0,0.4244719486019555,0.521456446201164,0.0,0.5468819773363256,0.4458456221773959,0.0,0.0,0.4447264679213075,0.4646103631379798,0.3081430807346733,0.495211269965579,0.0,0.4450141871538932,0.3231195865693244,0.4354029300906138,0.3969255378792286,0.4302606179178733,0.0,0.2403853102335395,0.0,0.3419391077647827,0.3413187451245036,0.393796305785741,0.4746312695402436,0.3804928606706859,0.4595235996879804,0.0,0.0,0.0,0.5063684436536274,0.0,0.0,0.4845351962680191,0.5228550795199141,0.4777780000458449,0.5167036045531256,0.0,0.4357333191689719,0.0,0.5203931959844478,0.4023095626082954,0.0,0.0,0.0,0.0,0.4973866036758186,0.0,0.0,0.0,0.4731229702533648,0.0,0.0,0.0,0.470418043581028,0.5090015773718521,0.4919333559211424,0.0,0.0
0.0,0.0,0.4625058654121441,0.1737838509032746,0.3099571054901398,0.4326460460989983,0.3010676765448756,0.363405630810724,0.4411931370233127,0.234759838760476,0.4319161595684615,0.2629007091497191,0.3279107788180441,0.1768983818365904,0.0,0.0,0.0,0.0,0.4523962790370303,0.4575050872398701,0.0,0.4758658370378064,0.4284476325840241,0.0,0.0,0.0,0.4360317645099239,0.2747205452272291,0.446221554477148,0.0,0.4257013069800667,0.3144111761329901,0.294788824752686,0.2601510055935109,0.2825180826088881,0.2403853102335395,0.0,0.2790484819640566,0.2860261288884779,0.0,0.309937125639821,0.3087378540750208,0.0,0.0,0.0,0.0,0.0,0.0,0.0,0.0,0.0,0.0,0.0,0.0,0.0,0.0,0.0,0.0,0.0,0.0,0.0,0.0,0.0,0.0,0.0,0.0,0.0,0.0,0.0,0.0,0.0,0.0,0.0,0.0,0.0,0.0
0.0,0.0,0.0,0.0,0.3704191753285921,0.0,0.3366856306051617,0.0,0.4462443700001591,0.2155630013105245,0.4535050462136703,0.1895683380075184,0.3422068233574107,0.0,0.0,0.0,0.2987784594802699,0.0,0.0,0.0,0.0,0.0,0.0,0.230790108106553,0.2969416652356139,0.3130751001301033,0.0,0.3203711097109532,0.0,0.0,0.2361679955765457,0.2808258435216745,0.1634459014058652,0.1715527287417143,0.2217535658156798,0.0,0.2790484819640566,0.0,0.2600574285283099,0.1920812968327551,0.2540045481062762,0.0,0.0,0.0,0.1759489627420423,0.0,0.0,0.0,0.0,0.0,0.0,0.0,0.0,0.0,0.3355553876465841,0.0,0.2997750125377184,0.0,0.0,0.0,0.0,0.0,0.0,0.0,0.0,0.0,0.0,0.0,0.280064904117983,0.0,0.353167382857977,0.0,0.0,0.0,0.0,0.0
0.4547342822964135,0.4548697057449818,0.5733166089972901,0.0,0.0,0.5393705762847171,0.0,0.4957445125858957,0.5292606636234192,0.2986650055552839,0.4550676514736541,0.2846187154565238,0.355724127075546,0.0,0.483167241586719,0.4580394625547141,0.0,0.4079804911103891,0.5449681329445253,0.464619705951705,0.4801824884136287,0.4474321596465522,0.5281610229991481,0.0,0.4464048182130553,0.4623090166989027,0.5141325056402152,0.3414444639530732,0.4914822143792712,0.0,0.0,0.28194608483765,0.3255578053505354,0.2938950780957692,0.3144357869811753,0.3419391077647827,0.2860261288884779,0.2600574285283099,0.0,0.3530880296014067,0.3878695387159131,0.4443106957439635,0.3449903579529924,0.372958317407121,0.2924430722771728,0.4147934242746743,0.4080374239967926,0.4636968164522806,0.319819591992512,0.4377888520551155,0.4107803139167876,0.4048073232700227,0.3875839869251203,0.461917152462781,0.4001839471666544,0.403955206292876,0.2771208389209542,0.4138745093937657,0.365668689661998,0.452033617906553,0.4182387618372928,0.4246260215470049,0.416236031106698,0.4728086417101247,0.459635058121463,0.412964919726376,0.4454384470530098,0.4109439438195201,0.305779528978596,0.3924795925140438,0.4086383868324981,0.4273638867563656,0.386862408878204,0.4110956983274647,0.4320750829109809,0.4184685520732626
0.4065892932671596,0.4113111705233725,0.0,0.0,0.0,0.0,0.0,0.0,0.0,0.3362092524683991,0.0,0.3647071230409229,0.0,0.0,0.4429497785347633,0.3556431364069515,0.3537553781887952,0.3071474653872525,0.0,0.4907714642866443,0.4310288855034946,0.4125145575339786,0.4360483785291497,0.3142306905109568,0.36529101056978,0.3919542895007687,0.0,0.0,0.0,0.0,0.3397140914638081,0.3205587545042223,0.1943633350635182,0.2708874152038102,0.218320315950537,0.3413187451245036,0.0,0.1920812968327551,0.3530880296014067,0.0,0.2698036643469751,0.3935600571961134,0.3708923237656196,0.3124372912024273,0.1893984642998649,0.3478490120428971,0.3604348670779409,0.0,0.0,0.3797667919085156,0.380480180238602,0.3841658191457827,0.4927259941942073,0.4756699151873105,0.2965639809433622,0.454229834285247,0.2411951785529594,0.3961607521253937,0.0,0.411804752777909,0.3400683843828234,0.3271863517327111,0.3424623666039644,0.0,0.3878119105675016,0.3562454971418242,0.3807919963325167,0.3932314571912786,0.2766575868294644,0.3188359094816442,0.3569119327423071,0.3893021299384415,0.3723284851906495,0.3414162003679573,0.3536167444070182,0.3297473150239096
0.4135211507352849,0.4272877385865731,0.0,0.0,0.0,0.5605202121400269,0.0,0.5200067058759721,0.0,0.3638286756321365,0.0,0.3341583204815988,0.0,0.0,0.4991932755899274,0.4149423175279877,0.4492413475583121,0.3824096477906454,0.0,0.5225257736456047,0.0,0.4725717282148394,0.5667161887424668,0.3640324175037675,0.4137792530878952,0.4320424793736775,0.5336744670292134,0.335676122224085,0.0,0.0,0.0,0.3005789647967434,0.2454579042882985,0.2719514707923773,0.2915759952679388,0.393796305785741,0.309937125639821,0.2540045481062762,0.3878695387159131,0.2698036643469751,0.0,0.3342246152130054,0.4176391778889555,0.318447945889257,0.214701453252672,0.3453115803332341,0.3601029610306305,0.4833893833326233,0.230097697700767,0.4435577925261705,0.4346090668663366,0.3759676876822938,0.4644192788769708,0.4742875152405454,0.3046558990328631,0.4561817395902632,0.2427807863797508,0.4090874041354571,0.3795634249045195,0.4457291487773233,0.3708824715132929,0.3439209920334657,0.3570572328345397,0.4821002540042761,0.4386674327037352,0.0,0.421854898257079,0.4428786343690507,0.2892181952097129,0.3304588890050463,0.3586841941810884,0.4470430320783592,0.3113793210494438,0.4138419984331093,0.38933201467389,0.2837430984441416
0.0,0.462209192322482,0.0,0.0,0.0,0.0,0.0,0.0,0.0,0.0,0.0,0.0,0.0,0.0,0.550551077577162,0.4650988366883705,0.0,0.3939425626130196,0.0,0.5365750097451046,0.5149904973929911,0.5152146123484284,0.5416215409892804,0.0,0.4400181344959878,0.4694364218409466,0.5363299294735518,0.0,0.0,0.0,0.0,0.3417715862477382,0.0,0.2744855188171535,0.3058653943980762,0.4746312695402436,0.3087378540750208,0.0,0.4443106957439635,0.3935600571961134,0.3342246152130054,0.0,0.5049640914287122,0.3481879383361598,0.25193117988108,0.3368669980519652,0.4198815197169156,0.4644022419084964,0.3167230241813089,0.4527080527558798,0.447604872165331,0.3832195912518193,0.4718044078492783,0.4701509421111729,0.3067625567605789,0.4463527414947352,0.3000715579498147,0.4261890009772525,0.0,0.5059537631772706,0.4159703122579745,0.360416375139508,0.3939600149717363,0.4567053545895405,0.4979562904415908,0.0,0.482695618801288,0.455176258107169,0.4304640749068112,0.377214511851365,0.4183404824738189,0.488989853431504,0.3791274785261899,0.4534541158884206,0.4163864260842822,0.2748526944804488
0.0,0.0,0.5550799637362692,0.0,0.4886216433038614,0.5142062450814493,0.0,0.4860197304224065,0.5136426155709362,0.0,0.4353748303230613,0.0,0.5086154621557071,0.4301078812150337,0.0,0.0,0.0,0.0,0.5200525078722397,0.0,0.0,0.0,0.5377392194909136,0.0,0.0,0.0,0.5034919488808508,0.4987610010216123,0.0,0.0,0.0,0.3446956591974717,0.0,0.4669025230471842,0.0,0.3804928606706859,0.0,0.0,0.3449903579529924,0.3708923237656196,0.4176391778889555,0.5049640914287122,0.0,0.2969881240133081,0.2525888720706221,0.0,0.0,0.4403456643275271,0.2084818607833189,0.2888344645717863,0.4317335978986971,0.2803461075913304,0.3071531691662044,0.4477726496776272,0.4240340164121968,0.34890429313071,0.0,0.3569328214114899,0.2769208496518491,0.0,0.0,0.0,0.0,0.4289811552924022,0.0,0.0,0.5310001916189685,0.4145401895535764,0.0,0.0,0.3408660765451272,0.4360505888535345,0.2747893494489903,0.4844844308507098,0.0,0.3746374747497891
