0.0,0.3946121150758503,0.0,0.0,0.0,0.4505364092013472,0.0,0.4502551621603657,0.0,0.0,0.0,0.3906060425131151,0.0,0.0,0.3869877599577875,0.4153237999594197,0.0,0.4017545747638978,0.0,0.4292424872550402,0.3509560582497218,0.4072510400932602,0.4477519296459484,0.373585630542717,0.3832966974595339,0.3914419034376482,0.4546717731965548,0.4668113940049934,0.467613449583028,0.0,0.3855008110402924,0.3891084334940358,0.3542952365440697,0.3577395519759961,0.3822076480179809,0.0,0.0,0.0,0.4678446838468058,0.3756910310833821,0.4317213162119331,0.0,0.0,0.0,0.0,0.3727146624074515,0.4642221716915395,0.0,0.0,0.0,0.0,0.0,0.0,0.0,0.5064113185328069,0.0,0.0,0.0,0.0,0.0,0.4601406951347279,0.0,0.4293084167252686,0.0,0.0,0.0,0.4938727715711468,0.0,0.3720015884224653,0.4400374526680394,0.4569276819474427,0.0,0.0,0.0,0.0,0.0
0.3946121150758503,0.0,0.0,0.0,0.4388354150690513,0.4556723794219919,0.4489523031827224,0.4454158260552195,0.43326156759692,0.0,0.0,0.0,0.4659075361561247,0.0,0.4277496965587731,0.3957048216993052,0.0,0.4125457366227655,0.0,0.4465331505931729,0.4230181679436346,0.4007938554799358,0.4469189358317844,0.0,0.3697579849556345,0.403842037656226,0.4542046316366738,0.4536788856596396,0.4553589440749151,0.0,0.3820166749007787,0.3978838528899405,0.3459456888910232,0.3804990196090693,0.4214322293909702,0.0,0.0,0.0,0.4720583578864836,0.4230671160161073,0.4801023023255084,0.4815734515491556,0.0,0.0,0.0,0.4512871442430959,0.4809684806760347,0.0,0.0,0.0,0.0,0.0,0.0,0.0,0.0,0.0,0.0,0.0,0.0,0.4950442329015406,0.4552240289311806,0.0,0.4330434196286905,0.0,0.4516020762095463,0.4778736132492964,0.5028881122023933,0.5079054967134979,0.0,0.4357977973519262,0.493286306977432,0.4966263005908658,0.0,0.4557437043014599,0.0,0.4538891930421705
0.0,0.0,0.0,0.0,0.4369949021049813,0.4191123985997263,0.4620024172105483,0.5039586117301407,0.3888069168537503,0.5148656190505586,0.3717841661093483,0.0,0.4724849781623463,0.444129246597817,0.0,0.0,0.0,0.0,0.3127927640050803,0.0,0.0,0.0,0.3689655612628297,0.0,0.0,0.0,0.3671792327650532,0.4709111087876346,0.0,0.519747420225035,0.5022661609920603,0.4538839688367398,0.0,0.4909896551329156,0.50347024646072,0.4356709050327337,0.4733228692310595,0.0,0.535704732943942,0.0,0.0,0.0,0.5086022285245635,0.0,0.0,0.0,0.0,0.4538886811935053,0.0,0.0,0.5753149156434638,0.0,0.5868149313746507,0.5921268164468811,0.0,0.5154028111388815,0.0,0.0,0.5273667225740941,0.0,0.0,0.0,0.0,0.3687823570643349,0.0,0.0,0.0,0.6068809344417734,0.0,0.0,0.0,0.5639567100530386,0.0,0.0,0.0,0.0
0.0,0.0,0.0,0.0,0.2666841106300049,0.4179770723705397,0.3049768548358984,0.3015143041733092,0.4371760512023355,0.2076095753748242,0.3612912688044357,0.0,0.3097391297771098,0.2857159732412277,0.0,0.0,0.0,0.0,0.40527231792815,0.0,0.0,0.0,0.3909888374398019,0.0,0.0,0.0,0.4106336206207625,0.2608340144185881,0.0,0.0,0.0,0.292631535589356,0.0,0.2771980716904435,0.3147135840671864,0.1961844879533808,0.1851142258497684,0.0,0.0,0.0,0.0,0.0,0.0,0.0,0.0,0.0,0.0,0.0,0.0,0.0,0.0,0.0,0.0,0.0,0.0,0.0,0.0,0.0,0.0,0.0,0.0,0.0,0.0,0.0,0.0,0.0,0.0,0.0,0.0,0.0,0.0,0.0,0.0,0.0,0.0,0.0
0.0,0.4388354150690513,0.4369949021049813,0.2666841106300049,0.0,0.4126712618617657,0.3566147995162728,0.4436012060235719,0.3891905652917981,0.396549670695087,0.3684522080270608,0.0,0.4026458725004524,0.3246061933833239,0.0,0.0,0.0,0.0,0.4294869612683536,0.4335308695386554,0.0,0.4373954204833903,0.4219736913369311,0.0,0.4356389825212617,0.0,0.4256890361058051,0.3896800082070348,0.448123054132851,0.0,0.4815612897976549,0.376621376228827,0.0,0.4858307146122213,0.4947867876823877,0.2384803660269178,0.2348221036117999,0.4550410096956999,0.0,0.0,0.0,0.0,0.4224203055401652,0.0,0.0,0.0,0.0,0.5609874309464509,0.0,0.0,0.0,0.0,0.4487259416697916,0.5539147523426946,0.0,0.437630302652105,0.0,0.0,0.0,0.0,0.0,0.0,0.0,0.0,0.0,0.0,0.0,0.5443693756170972,0.0,0.0,0.0,0.5458084015063163,0.0,0.0,0.0,0.0
0.4505364092013472,0.4556723794219919,0.4191123985997263,0.4179770723705397,0.4126712618617657,0.0,0.4285883628545933,0.4413589179536293,0.3630035208229331,0.4562248851386632,0.4306114719583987,0.0,0.3993248676276871,0.4569625601806018,0.4474837752249151,0.4689596544535536,0.0,0.4416046794509809,0.4377817658894947,0.4575922706496264,0.4440811309976348,0.4653463734712615,0.4058405057681232,0.0,0.4406216503930591,0.463341788044988,0.3946768022211104,0.4156461396900812,0.3804921431662986,0.4444587037476934,0.4604779615661448,0.4304043379583029,0.4151920067940439,0.4624747108487694,0.492523089253134,0.4449302272480515,0.4465428818802799,0.0,0.4991239041052425,0.0,0.5208374826866284,0.5522489771934369,0.4906379082831967,0.0,0.0,0.0,0.0,0.5764110910479191,0.0,0.0,0.5181259952862637,0.5467706738133499,0.4878683924125323,0.5504647556802611,0.0,0.5145562385054671,0.0,0.5286544872017594,0.0,0.5181069706894249,0.0,0.0,0.0,0.5420519691302819,0.5084594772291228,0.5139727970369872,0.5217002916555215,0.5212843264021711,0.0,0.0,0.0,0.5218903328015465,0.5129741260422367,0.4997815597574818,0.0,0.5090277620579791
0.0,0.4489523031827224,0.4620024172105483,0.3049768548358984,0.3566147995162728,0.4285883628545933,0.0,0.4976780459233765,0.422836906845631,0.4024740851149581,0.4679592101014675,0.3835732741625451,0.3658855237055654,0.3769637877888254,0.0,0.4680356290355034,0.0,0.4642556167896041,0.4890596752218742,0.4591913996084463,0.0,0.4755191723276922,0.4709089843177095,0.0,0.4360996767555936,0.4548236018629704,0.4524570940712479,0.3745691187082315,0.467932184254002,0.0,0.4473964163750813,0.4222222509639046,0.4207589917954281,0.4367372158453867,0.4980855079888336,0.3103808114658674,0.311246014695828,0.3881503191865776,0.0,0.0,0.0,0.0,0.0,0.0,0.0,0.0,0.0,0.0,0.0,0.0,0.5617866161533228,0.0,0.0,0.0,0.0,0.0,0.0,0.0,0.0,0.0,0.0,0.0,0.0,0.0,0.0,0.0,0.0,0.5373956198536732,0.0,0.0,0.0,0.5375298883108807,0.0,0.0,0.0,0.0
0.4502551621603657,0.4454158260552195,0.5039586117301407,0.3015143041733092,0.4436012060235719,0.4413589179536293,0.4976780459233765,0.0,0.5355853243847506,0.5028344026153361,0.356975159418797,0.0,0.4653779455943146,0.3322261257621464,0.3724522156667461,0.4674460812081846,0.0,0.4513513432106285,0.5002146775333699,0.4339600385532611,0.3875106289899122,0.4574628856213792,0.3695551980523365,0.4771387922872132,0.4434611227775514,0.4589568048088732,0.4478828460216547,0.437127564478006,0.4254339395143491,0.4163670062897506,0.4597709236195469,0.2649476305760177,0.3563669083395689,0.4819172060615897,0.4638954350214038,0.2308980847278226,0.3172195907760363,0.0,0.4235534210196687,0.0,0.506820325450771,0.0,0.4598976687591445,0.0,0.0,0.0,0.0,0.5954525009173567,0.0,0.0,0.5073519695275966,0.0,0.3973112493336051,0.5654348995834352,0.0,0.4660672516166914,0.0,0.5153120115179749,0.4017593545014893,0.5027392341239086,0.0,0.0,0.0,0.5209837444373587,0.5046521553434101,0.430365071680611,0.0,0.4965401753712146,0.0,0.0,0.0,0.5004919558546065,0.5043921162524945,0.5066654636973493,0.0,0.5265876143272755
0.0,0.43326156759692,0.3888069168537503,0.4371760512023355,0.3891905652917981,0.3630035208229331,0.422836906845631,0.5355853243847506,0.0,0.4741783007571407,0.3779706449248813,0.4788728283503195,0.4375842600869,0.4249618169981538,0.0,0.0,0.0,0.0,0.3350049062422062,0.4554163534734234,0.0,0.4512204449452316,0.4312866525904191,0.0,0.0,0.0,0.3894250177063085,0.4841939462086496,0.4452903242768412,0.4900973081545735,0.5323915600327872,0.4710508955974096,0.0,0.5112440983172665,0.4987015660826217,0.4468271427318434,0.4634481378749599,0.4799730660595822,0.5310725584467175,0.0,0.0,0.0,0.5027071024711806,0.0,0.0,0.0,0.0,0.6050657396722299,0.0,0.0,0.57303290176102,0.0,0.6364413338094411,0.6008425914852813,0.0,0.5751062581017626,0.0,0.0,0.5372084410433937,0.0,0.0,0.0,0.0,0.574521887869278,0.0,0.0,0.0,0.6130564214451066,0.0,0.0,0.0,0.5854748453682733,0.0,0.0,0.0,0.0
0.0,0.0,0.5148656190505586,0.2076095753748242,0.396549670695087,0.4562248851386632,0.4024740851149581,0.5028344026153361,0.4741783007571407,0.0,0.4697536165418867,0.2734619435939183,0.3992831442165502,0.4469820044941486,0.0,0.3390101645079316,0.3530278945786357,0.3604287871528823,0.4941921823453474,0.0,0.0,0.3737020767380973,0.4761069681399148,0.3238592942662762,0.3674475940851271,0.3808670769649325,0.46730506778659,0.3751729131975954,0.0,0.0,0.3601830744668692,0.2991800332424218,0.3017490542420017,0.3106441660149703,0.3094774449152004,0.2922000756515546,0.2120651212014426,0.286121005749445,0.3063166569231694,0.3781844304246641,0.3675430721162012,0.0,0.0,0.0,0.2815185668645804,0.0,0.0,0.0,0.0,0.0,0.0,0.0,0.0,0.0,0.4600835921139565,0.0,0.4576678107763215,0.0,0.0,0.0,0.0,0.4546693082398047,0.4540384562706693,0.0,0.0,0.0,0.0,0.0,0.4561721845455904,0.4641635886735015,0.4797275128901125,0.0,0.3916550325970996,0.0,0.0,0.4154717976061007
0.0,0.0,0.3717841661093483,0.3612912688044357,0.3684522080270608,0.4306114719583987,0.4679592101014675,0.356975159418797,0.3779706449248813,0.4697536165418867,0.0,0.4685683584368207,0.4753424203655518,0.3074226749306716,0.0,0.0,0.0,0.0,0.3248152235315312,0.0,0.0,0.0,0.2887003162256293,0.0,0.0,0.0,0.4229741480102279,0.4758704699180197,0.0,0.0,0.5409112046969249,0.3958370689156631,0.0,0.5034961267536208,0.5031078926255383,0.3021899536428578,0.451604228683049,0.4655799328177463,0.4690348442295299,0.0,0.0,0.0,0.442913498301915,0.0,0.0,0.0,0.0,0.5442062915000224,0.0,0.5369076647188952,0.5367646926091761,0.0,0.5146961942845774,0.5285727466740094,0.0,0.4357549442038724,0.0,0.0,0.4722292469571884,0.0,0.0,0.0,0.0,0.456036542944907,0.0,0.0,0.0,0.5448393784954753,0.0,0.0,0.0,0.5334072430751018,0.0,0.0,0.0,0.0
0.3906060425131151,0.0,0.0,0.0,0.0,0.0,0.3835732741625451,0.0,0.4788728283503195,0.2734619435939183,0.4685683584368207,0.0,0.3805664214014163,0.0,0.0,0.0,0.3754767044979366,0.338261517037827,0.0,0.0,0.0,0.0,0.0,0.2847008267520221,0.3598041129121601,0.3272130076486197,0.0,0.3647281246421806,0.0,0.0,0.3374431926639887,0.260137711771929,0.2447339856379843,0.2558666017852088,0.2885335605158793,0.342832739505233,0.2816417719792469,0.2213827093177348,0.2653490090069871,0.3815948897681708,0.3229389091177771,0.0,0.0,0.0,0.2815000638177569,0.0,0.0,0.0,0.0,0.0,0.0,0.0,0.0,0.0,0.4667785861262615,0.0,0.4475871788897763,0.0,0.0,0.0,0.0,0.4591252510827301,0.458856349998369,0.0,0.0,0.0,0.0,0.0,0.434557320587586,0.4646330299966116,0.4753137220472918,0.0,0.0,0.0,0.0,0.4057126389715627
0.0,0.4659075361561247,0.4724849781623463,0.3097391297771098,0.4026458725004524,0.3993248676276871,0.3658855237055654,0.4653779455943146,0.4375842600869,0.3992831442165502,0.4753424203655518,0.3805664214014163,0.0,0.4025815011495092,0.4524360743556275,0.4718053426485681,0.4295729263642169,0.4535731292555983,0.4906705954847763,0.446184055238791,0.4508929051492433,0.476884785694501,0.4661648296057844,0.3888695346433632,0.4500816436960504,0.4558594069851465,0.455006925777902,0.3518373282742754,0.4420223602383392,0.4029132091492139,0.4161841302431219,0.4081375092374018,0.393197923228144,0.4045771093721701,0.4212697469718453,0.3449581663868747,0.3278901330769972,0.3764914602989901,0.4319481894759303,0.0,0.0,0.0,0.5226915696449798,0.0,0.0,0.0,0.0,0.6136727090046207,0.0,0.0,0.5375120491030848,0.0,0.5027880913094172,0.0,0.0,0.0,0.0,0.0,0.0,0.0,0.0,0.0,0.0,0.0,0.0,0.0,0.0,0.5282603700693025,0.0,0.0,0.0,0.5258955185888099,0.0,0.5274886974782308,0.0,0.0
0.0,0.0,0.444129246597817,0.2857159732412277,0.3246061933833239,0.4569625601806018,0.3769637877888254,0.3322261257621464,0.4249618169981538,0.4469820044941486,0.3074226749306716,0.0,0.4025815011495092,0.0,0.0,0.0,0.0,0.0,0.425723824307304,0.0,0.4358485022378158,0.0,0.4007775175265964,0.0,0.0,0.0,0.4412221163049414,0.3109944262958363,0.0,0.0,0.4106070134328518,0.2644629973106628,0.0,0.4437960638746621,0.0,0.2183336578351073,0.1915281292481933,0.0,0.0,0.0,0.0,0.0,0.0,0.0,0.0,0.0,0.0,0.0,0.0,0.0,0.0,0.0,0.0,0.0,0.0,0.0,0.0,0.0,0.0,0.0,0.0,0.0,0.0,0.0,0.0,0.0,0.0,0.0,0.0,0.0,0.0,0.0,0.0,0.0,0.0,0.0
0.3869877599577875,0.4277496965587731,0.0,0.0,0.0,0.4474837752249151,0.0,0.3724522156667461,0.0,0.0,0.0,0.0,0.4524360743556275,0.0,0.0,0.4471972314200635,0.0,0.4246770784672372,0.0,0.4109176874739322,0.4050185537302559,0.3926209555130944,0.3640573783370636,0.4737593212242845,0.422787195268093,0.41496847817617,0.4122854598829826,0.4314507427638088,0.4571359164302953,0.0,0.4390515283299479,0.4301750370653605,0.4132687812604069,0.430705413220929,0.4782381011935399,0.0,0.0,0.0,0.5017459883913573,0.5321827280719763,0.5003521732954057,0.538825547206176,0.0,0.0,0.0,0.0,0.499510638709786,0.0,0.0,0.0,0.5020449837843837,0.0,0.4689843013275683,0.0,0.0,0.0,0.0,0.0,0.0,0.5105684400753733,0.0,0.0,0.0,0.0,0.5135177072062608,0.4841926271532206,0.5269057768212881,0.5084142187149645,0.0,0.0,0.5181327153490396,0.5207210261596783,0.5222127399597619,0.4955959853607691,0.0,0.497868238177158
0.4153237999594197,0.3957048216993052,0.0,0.0,0.0,0.4689596544535536,0.4680356290355034,0.4674460812081846,0.0,0.3390101645079316,0.0,0.0,0.4718053426485681,0.0,0.4471972314200635,0.0,0.4098320289054198,0.388302300464473,0.0,0.4313066851005097,0.4242804342610278,0.4023073193300246,0.4558803912547769,0.4236021887091697,0.3872613946846364,0.4232825123851783,0.4513211472393929,0.4557779013546369,0.4532176597419246,0.4566685787694436,0.4018683890096987,0.4060546971771291,0.3631831758457405,0.4025479445840783,0.4097666949786107,0.0,0.0,0.0,0.4413287491583107,0.3794809979450923,0.4305715215994518,0.4198850783589225,0.0,0.0,0.0,0.4593971551345559,0.4555534064338247,0.0,0.0,0.0,0.0,0.0,0.0,0.0,0.0,0.0,0.0,0.0,0.0,0.4988564444264531,0.4366817110434814,0.0,0.4281847408788562,0.0,0.4571256136012668,0.4456576268800602,0.4596279245548296,0.0,0.0,0.4300101676822371,0.4674695531755745,0.0,0.0,0.0,0.0,0.4081566608873322
0.0,0.0,0.0,0.0,0.0,0.0,0.0,0.0,0.0,0.3530278945786357,0.0,0.3754767044979366,0.4295729263642169,0.0,0.0,0.4098320289054198,0.0,0.3492012989357611,0.0,0.4324086912000957,0.0,0.4063895378381917,0.0,0.417333930991126,0.3534764311739102,0.3778630314796501,0.0,0.4204197039889065,0.0,0.0,0.3866773190458986,0.4130869045778153,0.3687634086228084,0.3732110421661113,0.3661723788684777,0.0,0.0,0.3403742898369289,0.0,0.4027747600880705,0.4579203231078277,0.0,0.0,0.0,0.0,0.0,0.0,0.0,0.0,0.0,0.0,0.0,0.0,0.0,0.4463845227493539,0.0,0.4608023589918626,0.0,0.0,0.0,0.0,0.4354164767024079,0.4384232489262833,0.0,0.0,0.0,0.0,0.0,0.4899369227122326,0.4532270996495319,0.4756158025736545,0.0,0.0,0.0,0.0,0.0
0.4017545747638978,0.4125457366227655,0.0,0.0,0.0,0.4416046794509809,0.4642556167896041,0.4513513432106285,0.0,0.3604287871528823,0.0,0.338261517037827,0.4535731292555983,0.0,0.4246770784672372,0.388302300464473,0.3492012989357611,0.0,0.0,0.4189267420786878,0.4155907038979334,0.4246197450446278,0.4395159996890279,0.4038052521341306,0.383500204944354,0.3978688964264864,0.428446596519104,0.4348609389456291,0.4419795470443021,0.0,0.4021044447886833,0.4164759200189352,0.3674375154072644,0.3949221332643434,0.3903392127298368,0.0,0.0,0.0,0.3988664363022399,0.3600096321647149,0.3852818077992058,0.4226181149775571,0.0,0.0,0.0,0.4447566986846232,0.4290712648889185,0.0,0.0,0.0,0.0,0.0,0.0,0.0,0.4042747854636913,0.0,0.4492785226445134,0.0,0.0,0.0,0.4178309682435243,0.3744392121435569,0.4190428426234692,0.0,0.0,0.0,0.3957689222953715,0.0,0.4536491732118084,0.4196341311281371,0.4489901035849361,0.0,0.0,0.0,0.0,0.4115600066779888
0.0,0.0,0.3127927640050803,0.40527231792815,0.4294869612683536,0.4377817658894947,0.4890596752218742,0.5002146775333699,0.3350049062422062,0.4941921823453474,0.3248152235315312,0.0,0.4906705954847763,0.425723824307304,0.0,0.0,0.0,0.0,0.0,0.0,0.0,0.0,0.3745071313584392,0.0,0.0,0.0,0.4246168448579914,0.5078374920734243,0.0,0.0,0.5077934156501005,0.4513472740270223,0.0,0.4958669775933617,0.5021873495281273,0.421117576832927,0.4669157718724255,0.0,0.5172127567222017,0.0,0.0,0.0,0.4915483592139965,0.0,0.0,0.0,0.0,0.5644717810744506,0.0,0.0,0.5580081212169665,0.0,0.5853674690203045,0.5675309033322545,0.0,0.481979032105359,0.0,0.0,0.5200953651892709,0.0,0.0,0.0,0.0,0.5466629257146685,0.0,0.0,0.0,0.5810250060423514,0.0,0.0,0.0,0.5587037456488911,0.0,0.0,0.0,0.0
0.4292424872550402,0.4465331505931729,0.0,0.0,0.4335308695386554,0.4575922706496264,0.4591913996084463,0.4339600385532611,0.4554163534734234,0.0,0.0,0.0,0.446184055238791,0.0,0.4109176874739322,0.4313066851005097,0.4324086912000957,0.4189267420786878,0.0,0.0,0.4478311230611443,0.4062416161158334,0.400910102577045,0.0,0.4257318376326756,0.4313560434880411,0.3884850141024603,0.4057411665831696,0.3659272304531206,0.3594038728242411,0.3958996765369671,0.44300554861698,0.385936835568747,0.4395287563829295,0.4886101011047689,0.5131789041890771,0.5115245885883999,0.0,0.4894558083901692,0.5075165637901347,0.4979313996298735,0.5221246717842003,0.0,0.0,0.0,0.0,0.4570213548328051,0.0,0.0,0.0,0.5072025402294988,0.0,0.5239536066142273,0.0,0.0,0.0,0.0,0.0,0.0,0.4986780604443827,0.0,0.0,0.0,0.0,0.505220981764854,0.4850215323918322,0.501443365876369,0.5116618246669438,0.0,0.0,0.4882100399497965,0.5251296639704334,0.515358933876919,0.4961393826248654,0.0,0.5107211249785409
0.3509560582497218,0.4230181679436346,0.0,0.0,0.0,0.4440811309976348,0.0,0.3875106289899122,0.0,0.0,0.0,0.0,0.4508929051492433,0.4358485022378158,0.4050185537302559,0.4242804342610278,0.0,0.4155907038979334,0.0,0.4478311230611443,0.0,0.4384994545747587,0.4062741786935144,0.4387721284266475,0.3995598056279163,0.4219772064430267,0.4440445690300351,0.4372124069343538,0.4431052404874222,0.4679658240484395,0.4290696372777275,0.416282882249207,0.3818637732440708,0.4118409208614844,0.4666545204622556,0.4524382938752791,0.0,0.0,0.5152357464331908,0.4718562526681936,0.4980708699073176,0.537486380787227,0.0,0.0,0.0,0.3203595876480295,0.4841670736663238,0.0,0.0,0.0,0.5015046579826365,0.0,0.4418128024316755,0.0,0.0,0.0,0.0,0.0,0.0,0.4751147061200492,0.0,0.0,0.0,0.0,0.5149282337445915,0.4325497243147745,0.5147018883688647,0.4981508088887224,0.0,0.469128680189137,0.4988018631310879,0.51578770660408,0.5335230504727324,0.5507058890885068,0.0,0.524993297781195
0.4072510400932602,0.4007938554799358,0.0,0.0,0.4373954204833903,0.4653463734712615,0.4755191723276922,0.4574628856213792,0.4512204449452316,0.3737020767380973,0.0,0.0,0.476884785694501,0.0,0.3926209555130944,0.4023073193300246,0.4063895378381917,0.4246197450446278,0.0,0.4062416161158334,0.4384994545747587,0.0,0.4314462557714993,0.0,0.4060220277328947,0.4122953022694809,0.4505587555565236,0.4594711116353595,0.4286320710302639,0.4368676525412212,0.402862633684437,0.4316754055474227,0.3909662012374115,0.4236174848440389,0.4826829230025008,0.5016622892364132,0.0,0.0,0.4790233933485974,0.4679144414694016,0.4818530962394814,0.5091818361540851,0.0,0.0,0.0,0.4534845831354964,0.4668959523623131,0.0,0.0,0.0,0.4985314199785013,0.0,0.0,0.0,0.0,0.0,0.0,0.0,0.0,0.5099834255736612,0.4478545670648932,0.0,0.0,0.0,0.4934119403680141,0.5030891423930525,0.4948135328762956,0.516754647451171,0.0,0.4362346157296998,0.5007991875478206,0.4985703555396577,0.0,0.482870486808046,0.0,0.4712282214219324
0.4477519296459484,0.4469189358317844,0.3689655612628297,0.3909888374398019,0.4219736913369311,0.4058405057681232,0.4709089843177095,0.3695551980523365,0.4312866525904191,0.4761069681399148,0.2887003162256293,0.0,0.4661648296057844,0.4007775175265964,0.3640573783370636,0.4558803912547769,0.0,0.4395159996890279,0.3745071313584392,0.400910102577045,0.4062741786935144,0.4314462557714993,0.0,0.4766888586164762,0.4426555947241537,0.4500958190467509,0.3415246097044956,0.4466981331968303,0.4382310866673239,0.4354722214704274,0.4507780819357413,0.4181292138608427,0.3839946801022286,0.46028328551456,0.4658770322502297,0.4026804512642012,0.4421124459919719,0.0,0.5110381647421527,0.49775207492458,0.54074461447692,0.5313580395555472,0.5266003434156789,0.0,0.0,0.0,0.4861776733982115,0.578114587474637,0.0,0.0,0.5315757564402943,0.5328100797070535,0.4866375190682288,0.5800841873975332,0.0,0.5023789880912712,0.0,0.5272119083790995,0.5439942860660975,0.5078417935796182,0.0,0.0,0.0,0.5443779738707621,0.520824548384235,0.4796524690024542,0.5071620104689049,0.5267185287767794,0.0,0.0,0.4948523856260611,0.5299500543003172,0.5247260389736116,0.5183100695256875,0.5352892482459193,0.5258390031304854
0.373585630542717,0.0,0.0,0.0,0.0,0.0,0.0,0.4771387922872132,0.0,0.3238592942662762,0.0,0.2847008267520221,0.3888695346433632,0.0,0.4737593212242845,0.4236021887091697,0.417333930991126,0.4038052521341306,0.0,0.0,0.4387721284266475,0.0,0.4766888586164762,0.0,0.3944845509356269,0.3533380228535492,0.492285666756485,0.3768552338900204,0.0,0.0,0.3540629668594423,0.2729303027678003,0.2366050138229716,0.2384765324086669,0.2500011776142203,0.3152543360407442,0.0,0.2193988353253038,0.2086986139770322,0.3523213020516638,0.3094445656263778,0.0,0.0,0.0,0.2685469639723579,0.4232687558776813,0.0,0.0,0.0,0.0,0.0,0.0,0.0,0.0,0.4442388553666989,0.0,0.4238671965761674,0.0,0.0,0.0,0.4478915327220573,0.4705179885831237,0.4541552958500177,0.0,0.0,0.0,0.0,0.0,0.4206961219458437,0.4494623948233132,0.4704423921018893,0.0,0.0,0.0,0.0,0.4170365466614401
0.3832966974595339,0.3697579849556345,0.0,0.0,0.4356389825212617,0.4406216503930591,0.4360996767555936,0.4434611227775514,0.0,0.3674475940851271,0.0,0.3598041129121601,0.4500816436960504,0.0,0.422787195268093,0.3872613946846364,0.3534764311739102,0.383500204944354,0.0,0.4257318376326756,0.3995598056279163,0.4060220277328947,0.4426555947241537,0.3944845509356269,0.0,0.3739771901988885,0.4373687497777017,0.4159576673937687,0.4387907953488353,0.0,0.3872121373542713,0.3821430588997224,0.3305436981616758,0.3640563135317327,0.3619751751611271,0.0,0.0,0.3123184053986966,0.425123219657025,0.3826885639595779,0.4174925910750386,0.4415135895677416,0.0,0.0,0.0,0.4352192705295217,0.4535203334809448,0.0,0.0,0.0,0.0,0.0,0.0,0.0,0.4187040822356277,0.0,0.4548028072764139,0.0,0.0,0.0,0.4308560832561194,0.4169995655436181,0.432809678453347,0.0,0.4501704272322183,0.4714534387673837,0.4215224699929519,0.0,0.4763735901474689,0.4317897434253614,0.4584785711842635,0.0,0.0,0.0,0.0,0.4237703395465081
0.3914419034376482,0.403842037656226,0.0,0.0,0.0,0.463341788044988,0.4548236018629704,0.4589568048088732,0.0,0.3808670769649325,0.0,0.3272130076486197,0.4558594069851465,0.0,0.41496847817617,0.4232825123851783,0.3778630314796501,0.3978688964264864,0.0,0.4313560434880411,0.4219772064430267,0.4122953022694809,0.4500958190467509,0.3533380228535492,0.3739771901988885,0.0,0.4491473789386419,0.414488463106301,0.4358770145773238,0.0,0.3980362227882406,0.4073665415361828,0.3614996142352751,0.3878563562163113,0.424590534607738,0.0,0.0,0.3164257650124298,0.4628358999411531,0.410550683638848,0.4488350704963133,0.4746560378770827,0.0,0.0,0.0,0.4494471362129357,0.47921073275126,0.0,0.0,0.0,0.0,0.0,0.0,0.0,0.4545870255582905,0.0,0.4680599485968567,0.0,0.0,0.5194166994869478,0.4489216993657201,0.451025600951413,0.4497586208336889,0.0,0.4840896690015945,0.4979053825309642,0.5119825190220806,0.50227453130543,0.4863974030474257,0.4454074141486417,0.478817520291125,0.5113220445389882,0.0,0.4804623431952374,0.0,0.4424014302260696
0.4546717731965548,0.4542046316366738,0.3671792327650532,0.4106336206207625,0.4256890361058051,0.3946768022211104,0.4524570940712479,0.4478828460216547,0.3894250177063085,0.46730506778659,0.4229741480102279,0.0,0.455006925777902,0.4412221163049414,0.4122854598829826,0.4513211472393929,0.0,0.428446596519104,0.4246168448579914,0.3884850141024603,0.4440445690300351,0.4505587555565236,0.3415246097044956,0.492285666756485,0.4373687497777017,0.4491473789386419,0.0,0.4404346012745331,0.4049222390524099,0.4360456539839507,0.4416546463280682,0.4351648050058056,0.3649925323258801,0.4547948136751501,0.4762983182331292,0.4403276285823976,0.4473682879376568,0.0,0.5033701567521293,0.0,0.5173949582736713,0.5339428241381744,0.4919469532661703,0.0,0.0,0.0,0.5087471706422432,0.5882197132642896,0.0,0.0,0.5232369541791424,0.5159699016848952,0.5013580304804709,0.5701227577180779,0.0,0.5512525838125791,0.0,0.5149498621617604,0.0,0.5095149131984613,0.0,0.0,0.0,0.5673927770208119,0.5130196610328329,0.4987294110316357,0.5030465828099575,0.5222194355134963,0.0,0.0,0.5107359742626462,0.5247488615295548,0.5117546901272204,0.5093897213164227,0.5350712315741929,0.5116646204549469
0.4668113940049934,0.4536788856596396,0.4709111087876346,0.2608340144185881,0.3896800082070348,0.4156461396900812,0.3745691187082315,0.437127564478006,0.4841939462086496,0.3751729131975954,0.4758704699180197,0.3647281246421806,0.3518373282742754,0.3109944262958363,0.4314507427638088,0.4557779013546369,0.4204197039889065,0.4348609389456291,0.5078374920734243,0.4057411665831696,0.4372124069343538,0.4594711116353595,0.4466981331968303,0.3768552338900204,0.4159576673937687,0.414488463106301,0.4404346012745331,0.0,0.372381857309192,0.3511632973140153,0.3768808022684459,0.3969364608968098,0.3391101575345115,0.382003064025229,0.3685977038498833,0.2884085842376318,0.2794310026195272,0.3552050090739537,0.4431558285746324,0.0,0.4521974675577689,0.5425270326698275,0.5045033035676963,0.0,0.0,0.0,0.0,0.0,0.0,0.0,0.4982522899920011,0.0,0.4784746552024166,0.0,0.0,0.0,0.0,0.0,0.0,0.5185987136765834,0.0,0.0,0.0,0.0,0.5014186773151579,0.4863179502283506,0.0,0.5084930088849738,0.0,0.0,0.0,0.5123742315456326,0.5087738116855826,0.491511109517746,0.0,0.5253737195517685
0.467613449583028,0.4553589440749151,0.0,0.0,0.448123054132851,0.3804921431662986,0.467932184254002,0.4254339395143491,0.4452903242768412,0.0,0.0,0.0,0.4420223602383392,0.0,0.4571359164302953,0.4532176597419246,0.0,0.4419795470443021,0.0,0.3659272304531206,0.4431052404874222,0.4286320710302639,0.4382310866673239,0.0,0.4387907953488353,0.4358770145773238,0.4049222390524099,0.372381857309192,0.0,0.3692422314089026,0.4000992153333796,0.4248109934973916,0.3467990369927062,0.4354670545481419,0.4733282954353404,0.4445991313705066,0.4536792616711809,0.0,0.4923998981874403,0.0,0.5042622902399789,0.5315174087058085,0.0,0.0,0.0,0.0,0.4601756791653046,0.0,0.0,0.0,0.4947276127127401,0.0,0.5007758170674197,0.0,0.0,0.0,0.0,0.525586691687587,0.0,0.4891220906076121,0.0,0.0,0.0,0.0,0.4947457623816167,0.4810121335934042,0.4898013999531324,0.5119667150536948,0.0,0.0,0.4963866423866542,0.5093921923446824,0.5058546879762137,0.4942546416296909,0.0,0.5063016116541423
0.0,0.0,0.519747420225035,0.0,0.0,0.4444587037476934,0.0,0.4163670062897506,0.4900973081545735,0.0,0.0,0.0,0.4029132091492139,0.0,0.0,0.4566685787694436,0.0,0.0,0.0,0.3594038728242411,0.4679658240484395,0.4368676525412212,0.4354722214704274,0.0,0.0,0.0,0.4360456539839507,0.3511632973140153,0.3692422314089026,0.0,0.370941939644823,0.3904800471009874,0.0,0.4257831386191136,0.4552864686476925,0.0,0.0,0.0,0.5312600880538524,0.0,0.0,0.0,0.0,0.0,0.0,0.0,0.0,0.0,0.0,0.0,0.0,0.0,0.0,0.0,0.0,0.0,0.0,0.0,0.0,0.0,0.0,0.0,0.0,0.0,0.5261939188966622,0.0,0.0,0.5170730764253392,0.0,0.0,0.0,0.519315616711986,0.0,0.0,0.0,0.0
0.3855008110402924,0.3820166749007787,0.5022661609920603,0.0,0.4815612897976549,0.4604779615661448,0.4473964163750813,0.4597709236195469,0.5323915600327872,0.3601830744668692,0.5409112046969249,0.3374431926639887,0.4161841302431219,0.4106070134328518,0.4390515283299479,0.4018683890096987,0.3866773190458986,0.4021044447886833,0.5077934156501005,0.3958996765369671,0.4290696372777275,0.402862633684437,0.4507780819357413,0.3540629668594423,0.3872121373542713,0.3980362227882406,0.4416546463280682,0.3768808022684459,0.4000992153333796,0.370941939644823,0.0,0.3891689096512877,0.3379690728208024,0.3073047894025027,0.3163100741982931,0.4598752161997311,0.4015678426065429,0.2964998052542033,0.4453429214603141,0.3351896291242852,0.4176006189957939,0.0,0.0,0.0,0.0,0.431615949972193,0.4357436554576712,0.0,0.0,0.0,0.5251207825848988,0.0,0.4910616274650476,0.0,0.4563930750942858,0.0,0.4610264802517632,0.0,0.0,0.5316396683761057,0.4334970972441433,0.0,0.451707564606184,0.0,0.4786405592746648,0.4637070731400619,0.4648730964838571,0.5373749552306682,0.4646593640925182,0.4386614746225698,0.4736543429711371,0.5258122847384424,0.0,0.4955578090098366,0.0,0.0
0.3891084334940358,0.3978838528899405,0.4538839688367398,0.292631535589356,0.376621376228827,0.4304043379583029,0.4222222509639046,0.2649476305760177,0.4710508955974096,0.2991800332424218,0.3958370689156631,0.260137711771929,0.4081375092374018,0.2644629973106628,0.4301750370653605,0.4060546971771291,0.4130869045778153,0.4164759200189352,0.4513472740270223,0.44300554861698,0.416282882249207,0.4316754055474227,0.4181292138608427,0.2729303027678003,0.3821430588997224,0.4073665415361828,0.4351648050058056,0.3969364608968098,0.4248109934973916,0.3904800471009874,0.3891689096512877,0.0,0.3050203986611762,0.3270915352906856,0.3059953056997909,0.2838177141226213,0.3131325724683704,0.2459236284158874,0.2567425224291277,0.2691611292792513,0.3003666774391851,0.3190905009051946,0.2937908516316787,0.3651823180799218,0.25732839770752,0.42718481235615,0.4430621978334749,0.536016618463103,0.0,0.0,0.4848377259254626,0.0,0.4391640605536901,0.5323605810498451,0.2815157868059961,0.4636286045641309,0.2426120491582162,0.458466207462135,0.0,0.4946975969088202,0.4278661184647964,0.0,0.4284020757711687,0.5229825960288005,0.4911517263345653,0.4621039571638934,0.4733855320029768,0.5080488028208999,0.2425668176282361,0.4248767686853171,0.4609556924020194,0.4952032772267229,0.411561068100476,0.4823588093830397,0.0,0.5112752798921899
0.3542952365440697,0.3459456888910232,0.0,0.0,0.0,0.4151920067940439,0.4207589917954281,0.3563669083395689,0.0,0.3017490542420017,0.0,0.2447339856379843,0.393197923228144,0.0,0.4132687812604069,0.3631831758457405,0.3687634086228084,0.3674375154072644,0.0,0.385936835568747,0.3818637732440708,0.3909662012374115,0.3839946801022286,0.2366050138229716,0.3305436981616758,0.3614996142352751,0.3649925323258801,0.3391101575345115,0.3467990369927062,0.0,0.3379690728208024,0.3050203986611762,0.0,0.2609455624824293,0.3498832405769191,0.3567213403017565,0.3065344521484229,0.1652856991183787,0.2996503481371401,0.2804753771438553,0.2922434449444054,0.3669522127336204,0.0,0.0,0.2465629822125954,0.4116570951054677,0.4020873518831039,0.0,0.0,0.0,0.0,0.0,0.0,0.0,0.3524112813194923,0.0,0.3643121678423002,0.0,0.0,0.5123760336503039,0.3909373847142912,0.4350971563679321,0.4146309821410924,0.0,0.4463398451274638,0.5086503059417945,0.4590596830736234,0.4003338902062243,0.3791170528865498,0.4038254266853931,0.437293410910663,0.4446975965990059,0.0,0.4364510882070735,0.0,0.3857680308244212
0.3577395519759961,0.3804990196090693,0.4909896551329156,0.2771980716904435,0.4858307146122213,0.4624747108487694,0.4367372158453867,0.4819172060615897,0.5112440983172665,0.3106441660149703,0.5034961267536208,0.2558666017852088,0.4045771093721701,0.4437960638746621,0.430705413220929,0.4025479445840783,0.3732110421661113,0.3949221332643434,0.4958669775933617,0.4395287563829295,0.4118409208614844,0.4236174848440389,0.46028328551456,0.2384765324086669,0.3640563135317327,0.3878563562163113,0.4547948136751501,0.382003064025229,0.4354670545481419,0.4257831386191136,0.3073047894025027,0.3270915352906856,0.2609455624824293,0.0,0.2302820813362559,0.3393971773402955,0.2623034864968347,0.222132715526263,0.3146773922507748,0.2950941509380272,0.2828047658688037,0.3134345290406576,0.4074064692814325,0.0,0.2840440675291741,0.4157710853065694,0.4332026561702653,0.0,0.0,0.0,0.5160776726015421,0.0,0.5068369135463405,0.0,0.4135025529688588,0.0,0.3746646419564576,0.0,0.0,0.4990672857735196,0.4160304764428703,0.0,0.4306928802258364,0.0,0.5036744395406291,0.4926835075284393,0.4810780575882353,0.5354399985585411,0.4058632940938002,0.4256046138212342,0.4622939997106494,0.5490941836124231,0.5180646429146166,0.5044310713915925,0.0,0.5385851777046137
0.3822076480179809,0.4214322293909702,0.50347024646072,0.3147135840671864,0.4947867876823877,0.492523089253134,0.4980855079888336,0.4638954350214038,0.4987015660826217,0.3094774449152004,0.5031078926255383,0.2885335605158793,0.4212697469718453,0.0,0.4782381011935399,0.4097666949786107,0.3661723788684777,0.3903392127298368,0.5021873495281273,0.4886101011047689,0.4666545204622556,0.4826829230025008,0.4658770322502297,0.2500011776142203,0.3619751751611271,0.424590534607738,0.4762983182331292,0.3685977038498833,0.4733282954353404,0.4552864686476925,0.3163100741982931,0.3059953056997909,0.3498832405769191,0.2302820813362559,0.0,0.4456488061039593,0.3404852685243943,0.282290733672871,0.2973653587306774,0.3067223278165269,0.2894646380458261,0.3482471576107451,0.3597061240249191,0.0,0.2998642726129794,0.0,0.4281751692992084,0.0,0.0,0.0,0.0,0.0,0.0,0.0,0.0,0.0,0.2848032573083556,0.0,0.0,0.5267207883769581,0.0,0.0,0.0,0.0,0.5200853811965795,0.520601896563968,0.516076505833496,0.5353900778607947,0.0,0.4349407136320796,0.4786778303919909,0.5314147912248091,0.0,0.5327094780834795,0.0,0.0
0.0,0.0,0.4356709050327337,0.1961844879533808,0.2384803660269178,0.4449302272480515,0.3103808114658674,0.2308980847278226,0.4468271427318434,0.2922000756515546,0.3021899536428578,0.342832739505233,0.3449581663868747,0.2183336578351073,0.0,0.0,0.0,0.0,0.421117576832927,0.5131789041890771,0.4524382938752791,0.5016622892364132,0.4026804512642012,0.3152543360407442,0.0,0.0,0.4403276285823976,0.2884085842376318,0.4445991313705066,0.0,0.4598752161997311,0.2838177141226213,0.3567213403017565,0.3393971773402955,0.4456488061039593,0.0,0.2325178210146307,0.3336955638068132,0.3066755986227303,0.0,0.3540155933106285,0.3201226916468496,0.3126112781506786,0.0,0.0,0.0,0.0,0.4843860394734469,0.0,0.0,0.4589155908537619,0.4826542081748978,0.4455518845621621,0.4687844730993306,0.0,0.4082161625076004,0.3046687271863082,0.481479067334857,0.0,0.0,0.0,0.0,0.0,0.4404120629894414,0.0,0.0,0.0,0.4963098464183941,0.0,0.0,0.0,0.4904122370663883,0.4906644270554828,0.4768036482833549,0.0,0.0
0.0,0.0,0.4733228692310595,0.1851142258497684,0.2348221036117999,0.4465428818802799,0.311246014695828,0.3172195907760363,0.4634481378749599,0.2120651212014426,0.451604228683049,0.2816417719792469,0.3278901330769972,0.1915281292481933,0.0,0.0,0.0,0.0,0.4669157718724255,0.5115245885883999,0.0,0.0,0.4421124459919719,0.0,0.0,0.0,0.4473682879376568,0.2794310026195272,0.4536792616711809,0.0,0.4015678426065429,0.3131325724683704,0.3065344521484229,0.2623034864968347,0.3404852685243943,0.2325178210146307,0.0,0.2794532852553718,0.2669143340966208,0.0,0.2880851123789051,0.3170836449833258,0.0,0.0,0.0,0.0,0.0,0.0,0.0,0.0,0.0,0.0,0.0,0.0,0.0,0.0,0.0,0.0,0.0,0.0,0.0,0.0,0.0,0.0,0.0,0.0,0.0,0.0,0.0,0.0,0.0,0.0,0.0,0.0,0.0,0.0
0.0,0.0,0.0,0.0,0.4550410096956999,0.0,0.3881503191865776,0.0,0.4799730660595822,0.286121005749445,0.4655799328177463,0.2213827093177348,0.3764914602989901,0.0,0.0,0.0,0.3403742898369289,0.0,0.0,0.0,0.0,0.0,0.0,0.2193988353253038,0.3123184053986966,0.3164257650124298,0.0,0.3552050090739537,0.0,0.0,0.2964998052542033,0.2459236284158874,0.1652856991183787,0.222132715526263,0.282290733672871,0.3336955638068132,0.2794532852553718,0.0,0.2582348153478325,0.2660320013283854,0.2622492532954907,0.2665547857181864,0.0,0.0,0.2825895485848806,0.0,0.0,0.0,0.0,0.0,0.0,0.0,0.0,0.0,0.3472448556461451,0.0,0.296064073225473,0.0,0.0,0.0,0.0,0.0,0.0,0.0,0.0,0.0,0.0,0.0,0.3191551878244962,0.0,0.4462156834556995,0.0,0.0,0.0,0.0,0.0
0.4678446838468058,0.4720583578864836,0.535704732943942,0.0,0.0,0.4991239041052425,0.0,0.4235534210196687,0.5310725584467175,0.3063166569231694,0.4690348442295299,0.2653490090069871,0.4319481894759303,0.0,0.5017459883913573,0.4413287491583107,0.0,0.3988664363022399,0.5172127567222017,0.4894558083901692,0.5152357464331908,0.4790233933485974,0.5110381647421527,0.2086986139770322,0.425123219657025,0.4628358999411531,0.5033701567521293,0.4431558285746324,0.4923998981874403,0.5312600880538524,0.4453429214603141,0.2567425224291277,0.2996503481371401,0.3146773922507748,0.2973653587306774,0.3066755986227303,0.2669143340966208,0.2582348153478325,0.0,0.3091502696258957,0.3629394721354608,0.3530735990441069,0.284963397091389,0.3347533405313462,0.264342888419771,0.4151062468353316,0.4129388190870356,0.4849863630710301,0.3023387615692733,0.3976718563278779,0.4346405824557834,0.4099194236385142,0.3030786030828338,0.4883390604017243,0.3107345451622231,0.3729107109690026,0.2562951156271073,0.4171911554142145,0.292488502348828,0.4295996124889605,0.4205244019750432,0.4083325811040604,0.4106700728307548,0.4324041042913893,0.4593138757190764,0.4264397251908211,0.4371243466718924,0.4118859721415844,0.2661025031769984,0.3949552882842384,0.4122832864578661,0.448359086230129,0.3946991151478627,0.4334263822347762,0.4091097264001982,0.3924966667350499
0.3756910310833821,0.4230671160161073,0.0,0.0,0.0,0.0,0.0,0.0,0.0,0.3781844304246641,0.0,0.3815948897681708,0.0,0.0,0.5321827280719763,0.3794809979450923,0.4027747600880705,0.3600096321647149,0.0,0.5075165637901347,0.4718562526681936,0.4679144414694016,0.49775207492458,0.3523213020516638,0.3826885639595779,0.410550683638848,0.0,0.0,0.0,0.0,0.3351896291242852,0.2691611292792513,0.2804753771438553,0.2950941509380272,0.3067223278165269,0.0,0.0,0.2660320013283854,0.3091502696258957,0.0,0.2448849788252455,0.3332121202478943,0.2731096963702263,0.2483365185908566,0.185975972617572,0.3756286385594094,0.3533895993496823,0.0,0.0,0.0,0.4410317812572153,0.4302055710884401,0.375889775168583,0.466611340718846,0.3240182940355726,0.4399464673267478,0.2521635802090614,0.4048131258463963,0.0,0.398312495343226,0.3708772026325218,0.3536472327874774,0.3579697294458138,0.0,0.4165356628511841,0.3734830571698334,0.3945034910860056,0.4043308773845821,0.2585717978091863,0.32366453251488,0.3578343464525447,0.4438260772791172,0.3529132409318518,0.4656703386869236,0.0,0.3176564411587376
0.4317213162119331,0.4801023023255084,0.0,0.0,0.0,0.5208374826866284,0.0,0.506820325450771,0.0,0.3675430721162012,0.0,0.3229389091177771,0.0,0.0,0.5003521732954057,0.4305715215994518,0.4579203231078277,0.3852818077992058,0.0,0.4979313996298735,0.4980708699073176,0.4818530962394814,0.54074461447692,0.3094445656263778,0.4174925910750386,0.4488350704963133,0.5173949582736713,0.4521974675577689,0.5042622902399789,0.0,0.4176006189957939,0.3003666774391851,0.2922434449444054,0.2828047658688037,0.2894646380458261,0.3540155933106285,0.2880851123789051,0.2622492532954907,0.3629394721354608,0.2448849788252455,0.0,0.3397003544258626,0.3260581591258928,0.2886083871108852,0.2120937203997344,0.3674630255265232,0.3809696797242215,0.5116080296924135,0.2878373039907428,0.4651869879134749,0.4555962278661301,0.4160832376418859,0.4614229300534411,0.4967048559686319,0.3035462880566115,0.4874203269612788,0.2549845293746956,0.4338457973782945,0.3650650654914645,0.4357848038301588,0.369018079580031,0.3539892674943408,0.3699830287914004,0.5055182154944267,0.4342310053287674,0.411272836951629,0.4227627078269965,0.4535358228511717,0.2713643587805256,0.3429452781742834,0.3761905667183255,0.46001605689417,0.3646612042979092,0.428928620283817,0.387783315524761,0.2681647088764868
0.0,0.4815734515491556,0.0,0.0,0.0,0.5522489771934369,0.0,0.0,0.0,0.0,0.0,0.0,0.0,0.0,0.538825547206176,0.4198850783589225,0.0,0.4226181149775571,0.0,0.5221246717842003,0.537486380787227,0.5091818361540851,0.5313580395555472,0.0,0.4415135895677416,0.4746560378770827,0.5339428241381744,0.5425270326698275,0.5315174087058085,0.0,0.0,0.3190905009051946,0.3669522127336204,0.3134345290406576,0.3482471576107451,0.3201226916468496,0.3170836449833258,0.2665547857181864,0.3530735990441069,0.3332121202478943,0.3397003544258626,0.0,0.3796514886682208,0.294975057159573,0.2979868304891431,0.0,0.4290492553391135,0.4774388430646866,0.2704002574225706,0.417328450853645,0.487244156678784,0.4044003404965138,0.3571789397662788,0.4826309257152412,0.3268331630015045,0.4663273492664379,0.3149016235602635,0.4469181288805463,0.0,0.4792940255938969,0.4042550647349339,0.3870225399529732,0.3948959116856383,0.4980016316190667,0.4988089552125364,0.4911631704830844,0.4810256720125334,0.4681983293936432,0.2848489576218639,0.3743926485449739,0.4277406369466573,0.5256233164299211,0.3454046612622684,0.4595718558266566,0.4275109021669697,0.2630987745476544
