0.0,0.4364925671307047,0.0,0.0,0.0,0.4326442538371279,0.0,0.537538366755755,0.0,0.4494213932345736,0.0,0.4463253683285055,0.0,0.0,0.4127098179183571,0.4375935771290539,0.4278490385324976,0.4245519504866967,0.0,0.4330094924618435,0.4307242358051283,0.4339619287533318,0.5087286160788688,0.4162280469909255,0.4208818583909318,0.4131023366217586,0.4706231807448454,0.0,0.0,0.0,0.4245203609594356,0.4337012343414693,0.3714247184753676,0.3855586582109386,0.4451934025519269,0.0,0.0,0.0,0.4594036057113486,0.4546750705262127,0.4477865571513419,0.0,0.0,0.0,0.0,0.4290348482479102,0.4998837574451037,0.0,0.0,0.0,0.0,0.0,0.0,0.0,0.4751113809110366,0.0,0.0,0.0,0.0,0.0,0.4952004570045336,0.0,0.4811763622926938,0.0,0.0,0.373031222308281,0.5513792995380491,0.0,0.437812940391203,0.4734731711063162,0.5030091831591661,0.0,0.0,0.0,0.0,0.0
0.4364925671307047,0.0,0.0,0.0,0.4548132314008607,0.446587189506284,0.4538112014726591,0.5163544599193259,0.4417294167564489,0.0,0.0,0.0,0.4668615456466915,0.0,0.4443439392562238,0.4394308450149117,0.0,0.4383803417558066,0.0,0.4609244511526524,0.44696465460658,0.4226611034179836,0.4877735545516072,0.0,0.4189723115893102,0.4377352265683463,0.4572321774179168,0.4665972425595276,0.4633090105225363,0.0,0.4058226736949648,0.4412665521710074,0.3865826221445462,0.3906831402324093,0.4439807895085524,0.0,0.0,0.0,0.4693071283643428,0.4549371787999721,0.5013158440813142,0.4963180160545802,0.0,0.0,0.0,0.4794413102319083,0.5279674531139706,0.0,0.0,0.0,0.0,0.0,0.0,0.0,0.0,0.0,0.0,0.0,0.0,0.516552665074245,0.4922314001622577,0.0,0.4149029935422048,0.0,0.4883531456561697,0.4868307036080199,0.5387090078456952,0.5270330858788708,0.0,0.4676154693011926,0.519031857997343,0.5023255530145131,0.0,0.4844914273368289,0.0,0.4533364242342766
0.0,0.0,0.0,0.0,0.4199583773524294,0.4385009496060728,0.463619983263689,0.501369309829017,0.3424710291431709,0.5313032591262093,0.3260813393980679,0.0,0.4824626287382598,0.4537244542787861,0.0,0.0,0.0,0.0,0.2955237170116062,0.0,0.0,0.0,0.3885465736424657,0.0,0.0,0.0,0.3547459578032857,0.4972148791116439,0.0,0.0,0.5082196870153273,0.4627100474579317,0.0,0.4958187268950112,0.5000771002940627,0.4364447748252423,0.5171028467629643,0.0,0.0,0.0,0.0,0.0,0.503555293126522,0.0,0.0,0.0,0.0,0.4502449313894265,0.0,0.5275490217391636,0.5721155976625056,0.0,0.5576036022983635,0.5985509507505715,0.0,0.5184831789911973,0.0,0.0,0.5202824102233644,0.0,0.0,0.0,0.0,0.354815873042944,0.0,0.0,0.0,0.5891604641188516,0.0,0.0,0.0,0.5775682621441206,0.0,0.0,0.0,0.0
0.0,0.0,0.0,0.0,0.3276155569761546,0.4717345169748099,0.3522343939334627,0.4143862946879212,0.4494111755015336,0.2383587557511523,0.4329831790380793,0.0,0.3435086544821771,0.2955910131567274,0.0,0.0,0.0,0.0,0.471957120369084,0.0,0.0,0.0,0.4184434629136124,0.0,0.0,0.0,0.4527668186112949,0.29872580552476,0.0,0.0,0.0,0.3031904760162199,0.0,0.2791980403696795,0.2797304209629619,0.2118682205615761,0.1929425908166466,0.0,0.0,0.0,0.0,0.0,0.0,0.0,0.0,0.0,0.0,0.0,0.0,0.0,0.0,0.0,0.0,0.0,0.0,0.0,0.0,0.0,0.0,0.0,0.0,0.0,0.0,0.0,0.0,0.0,0.0,0.0,0.0,0.0,0.0,0.0,0.0,0.0,0.0,0.0
0.0,0.4548132314008607,0.4199583773524294,0.3276155569761546,0.0,0.4394530626682018,0.371165853476173,0.4168993349877815,0.4070464841025808,0.4755075038691747,0.3759415355261887,0.4429873769220778,0.419211455204945,0.3384768047567844,0.0,0.0,0.0,0.0,0.4239747530610793,0.453475812367886,0.0,0.4616327147352482,0.4333815636596882,0.0,0.4473136721050016,0.0,0.4445639613791826,0.4376781852976082,0.4702993217394767,0.0,0.5296753049145253,0.4599876628395604,0.3871149549144687,0.5088099185769082,0.5023839049689636,0.2963732394842259,0.3202876694839803,0.4537341116685015,0.0,0.0,0.0,0.0,0.4082741838131954,0.0,0.0,0.0,0.0,0.5305008460838518,0.0,0.0,0.0,0.0,0.4937293217479898,0.5878722610237664,0.0,0.4588651058183365,0.0,0.0,0.0,0.0,0.0,0.0,0.0,0.0,0.0,0.0,0.0,0.5504006338071074,0.0,0.0,0.0,0.5564043781806864,0.0,0.0,0.0,0.0
0.4326442538371279,0.446587189506284,0.4385009496060728,0.4717345169748099,0.4394530626682018,0.0,0.465064400706493,0.4709689646801311,0.3994899906257052,0.479799345139378,0.4261049970968248,0.0,0.4483204966079234,0.4670723697942081,0.4563371442809942,0.4808015972505699,0.0,0.4462966258449934,0.4193130578411689,0.4547475146573078,0.4349491208872062,0.4694200834315295,0.4355348595455044,0.0,0.4279780910818493,0.4196753090231367,0.4124154968095004,0.4415837529854765,0.3977530862457244,0.4654394967299307,0.4837536071105887,0.4530097005219516,0.4133187864371038,0.4893623614548611,0.521078043681097,0.4645415026188695,0.4750546908052154,0.0,0.5162970777446652,0.0,0.5314189175956658,0.0,0.488025485229267,0.0,0.0,0.0,0.0,0.56641827932862,0.0,0.0,0.5314554901641141,0.5537808418003708,0.5464222051685239,0.5982920762358731,0.0,0.5424266182699566,0.0,0.5312736275683893,0.0,0.523166239695219,0.0,0.0,0.0,0.574008519274781,0.4880884588663645,0.0,0.5090364320771549,0.5482271760251004,0.0,0.0,0.0,0.5414596931707116,0.523383617892663,0.5285697108418616,0.0,0.5403765028555831
0.0,0.4538112014726591,0.463619983263689,0.3522343939334627,0.371165853476173,0.465064400706493,0.0,0.4873887703906632,0.4414761568255682,0.4457352702560773,0.47350517707645,0.4343105690846885,0.3669385219825921,0.3947782872274049,0.0,0.4804455373217196,0.5026109624817344,0.4721019358508783,0.4811006292100733,0.4780705777107394,0.0,0.4997469248374688,0.4678125246755499,0.4477318257114265,0.458414090432817,0.4582999832916034,0.464689932646535,0.3836857863579794,0.4723596716824238,0.0,0.5040079052522076,0.4369006490498712,0.4083178000904411,0.4646102048002,0.4958451533003755,0.3483139707097702,0.3503212144697879,0.4000617555991511,0.0,0.0,0.0,0.0,0.0,0.0,0.0,0.0,0.0,0.0,0.0,0.0,0.5580054093558424,0.0,0.0,0.0,0.0,0.0,0.0,0.0,0.0,0.0,0.0,0.0,0.0,0.0,0.0,0.0,0.0,0.5426616880287893,0.0,0.0,0.0,0.5430276651325335,0.0,0.0,0.0,0.0
0.537538366755755,0.5163544599193259,0.501369309829017,0.4143862946879212,0.4168993349877815,0.4709689646801311,0.4873887703906632,0.0,0.5044124889601539,0.506775243108179,0.392504892499555,0.0,0.4758359357303386,0.3980746565760014,0.4942896216451831,0.5127939270305168,0.0,0.5277220572677092,0.4729235400457564,0.0,0.4389785465323146,0.5141328379116453,0.3933639819929219,0.5555477859967579,0.5717230916167685,0.5394829944348083,0.4801587749066815,0.4814446443750974,0.4454377607142953,0.4807295724654813,0.5163540635930485,0.4586678322749489,0.5384662036754041,0.5234190010123646,0.5116648489089988,0.2521723415839583,0.5135841872839145,0.0,0.5358488854422983,0.0,0.5279559984593802,0.0,0.4638888524576579,0.0,0.0,0.0,0.0,0.5386512774868548,0.0,0.3971868992677759,0.5107058275582145,0.0,0.4221791591003204,0.5625348724386023,0.0,0.5055830722324149,0.0,0.5011048468681694,0.4147386108025822,0.5319110803094772,0.0,0.0,0.0,0.5124288779570071,0.5244344432861036,0.510779791304333,0.0,0.5172651499086305,0.0,0.0,0.0,0.5412094882557104,0.5096874325858324,0.5104461886237529,0.0,0.5494529243033558
0.0,0.4417294167564489,0.3424710291431709,0.4494111755015336,0.4070464841025808,0.3994899906257052,0.4414761568255682,0.5044124889601539,0.0,0.4915717389655124,0.337203247190654,0.4778432697893414,0.4451862921606373,0.4410333361590985,0.0,0.4838616634748514,0.0,0.0,0.3256959803815136,0.4596301685010249,0.0,0.4573934497750241,0.4644489289144598,0.0,0.0,0.0,0.4154736667913353,0.499320424716985,0.4642836635715774,0.4895102717028989,0.5325680387834149,0.4705372962431043,0.4419246619489397,0.5069070017511665,0.4791515966105841,0.4392981447970927,0.4661342481333136,0.4699948815440715,0.5250756781667514,0.0,0.0,0.0,0.4579712455339086,0.0,0.0,0.0,0.0,0.580567009231953,0.0,0.0,0.5653449905641734,0.0,0.5688142805027923,0.5993344702661271,0.0,0.5263441061464108,0.0,0.0,0.485170554014363,0.0,0.0,0.0,0.0,0.5658908171786121,0.0,0.0,0.0,0.5877346200153822,0.0,0.0,0.0,0.5903608528865344,0.0,0.0,0.0,0.0
0.4494213932345736,0.0,0.5313032591262093,0.2383587557511523,0.4755075038691747,0.479799345139378,0.4457352702560773,0.506775243108179,0.4915717389655124,0.0,0.4939473526193242,0.3085543546063813,0.4600251704517387,0.4756228361452884,0.0,0.0,0.3346408998227149,0.3911301876142592,0.5129510788784959,0.0,0.0,0.0,0.484990354469715,0.3410825397487916,0.3939269299446792,0.4153778594857008,0.4909519590162959,0.4358230860063696,0.0,0.0,0.3562150384240255,0.3747231573382484,0.3463037575732848,0.3408501393154279,0.332075428180016,0.3678357743826946,0.2588065759177548,0.2727939400912776,0.3391661368992746,0.3691814227354394,0.3687598298585566,0.0,0.0,0.0,0.3437734988172862,0.0,0.0,0.0,0.0,0.0,0.0,0.0,0.0,0.0,0.4861088847913504,0.0,0.5134194753731998,0.0,0.0,0.0,0.0,0.5004945742379947,0.4649660439821352,0.0,0.0,0.0,0.0,0.0,0.4553549823267211,0.506343587149283,0.5151492541211419,0.0,0.4476213104727603,0.0,0.0,0.4428752220097647
0.0,0.0,0.3260813393980679,0.4329831790380793,0.3759415355261887,0.4261049970968248,0.47350517707645,0.392504892499555,0.337203247190654,0.4939473526193242,0.0,0.4552837517622385,0.4922538187450903,0.3308909028675278,0.0,0.0,0.0,0.0,0.27795328363859,0.0,0.0,0.0,0.3611970751921126,0.0,0.0,0.0,0.3940054603828792,0.4863329994381863,0.0,0.0,0.5469268194207344,0.4749680028971395,0.0,0.5039172343982226,0.495437943305953,0.365775136813822,0.4716115098808697,0.4463639395762387,0.4717321529468852,0.0,0.0,0.0,0.4361142987521288,0.0,0.0,0.0,0.0,0.5205136116982335,0.0,0.4626823832744461,0.5304847348040025,0.5333482410530458,0.4975736047501613,0.5528502145739584,0.0,0.3724717567375903,0.0,0.5756827346878258,0.4559616337853318,0.0,0.0,0.0,0.0,0.4342089557636632,0.0,0.0,0.0,0.5366787578592664,0.0,0.0,0.0,0.5468933727987786,0.0,0.0,0.0,0.0
0.4463253683285055,0.0,0.0,0.0,0.4429873769220778,0.0,0.4343105690846885,0.0,0.4778432697893414,0.3085543546063813,0.4552837517622385,0.0,0.4283652050224451,0.0,0.0,0.0,0.3988480837728422,0.4087180892011327,0.0,0.0,0.0,0.0,0.0,0.326342387890002,0.4049757012173558,0.3618933015649059,0.0,0.3960757856376339,0.0,0.0,0.361933328773299,0.2988034081414318,0.3144911325596366,0.2671617944432002,0.3131623614665114,0.3507112609916786,0.31657908258209,0.2517545364163119,0.3119627823517847,0.3869757098074085,0.3682850362722135,0.0,0.0,0.0,0.3788724955551892,0.0,0.0,0.0,0.0,0.0,0.0,0.0,0.0,0.0,0.4985757563405386,0.0,0.5271108840480027,0.0,0.0,0.0,0.0,0.5008812701332217,0.4834582261862454,0.0,0.0,0.0,0.0,0.0,0.480449192160393,0.5012480730357093,0.512905950966086,0.0,0.0,0.0,0.0,0.4669370497547621
0.0,0.4668615456466915,0.4824626287382598,0.3435086544821771,0.419211455204945,0.4483204966079234,0.3669385219825921,0.4758359357303386,0.4451862921606373,0.4600251704517387,0.4922538187450903,0.4283652050224451,0.0,0.4148206099527468,0.0,0.4959401068215504,0.4764767805695735,0.4640781319734045,0.4989897106639281,0.4774705150835082,0.460403863277583,0.5041524905927868,0.481191399630173,0.440175592749138,0.4664449380172593,0.4590231364100803,0.4800344653285557,0.4228306879192289,0.4645924617346141,0.4728720680353893,0.4732875659353626,0.4374105715756423,0.4023018857656691,0.4588348015523419,0.4469273328723269,0.3863019454781371,0.3791956148878665,0.4053350963449264,0.4524407444711412,0.0,0.0,0.0,0.4812253130083698,0.0,0.0,0.0,0.0,0.0,0.0,0.0,0.5256962311538754,0.0,0.497296279936873,0.0,0.0,0.0,0.0,0.0,0.0,0.0,0.0,0.0,0.0,0.0,0.0,0.0,0.0,0.5471783267863228,0.0,0.0,0.0,0.5351886989161211,0.0,0.561657012481788,0.0,0.0
0.0,0.0,0.4537244542787861,0.2955910131567274,0.3384768047567844,0.4670723697942081,0.3947782872274049,0.3980746565760014,0.4410333361590985,0.4756228361452884,0.3308909028675278,0.0,0.4148206099527468,0.0,0.0,0.0,0.0,0.0,0.4298742159823434,0.0,0.4874301642302338,0.0,0.4024530652227392,0.0,0.0,0.0,0.4658492863539713,0.369156949953976,0.0,0.0,0.4406950141981738,0.2681047302413606,0.0,0.4303376322780929,0.0,0.2595519662923628,0.1871852485760049,0.0,0.0,0.0,0.0,0.0,0.362489375976479,0.0,0.0,0.0,0.0,0.5165041965712708,0.0,0.0,0.0,0.0,0.0,0.0,0.0,0.4346376922328819,0.0,0.0,0.0,0.0,0.0,0.0,0.0,0.0,0.0,0.0,0.0,0.5075426393860841,0.0,0.0,0.0,0.0,0.0,0.0,0.0,0.0
0.4127098179183571,0.4443439392562238,0.0,0.0,0.0,0.4563371442809942,0.0,0.4942896216451831,0.0,0.0,0.0,0.0,0.0,0.0,0.0,0.4725852070398009,0.0,0.4370641390629524,0.0,0.3751609421087426,0.4340767574269132,0.3960450151115778,0.4254849175311798,0.0,0.3985602921133452,0.402327268882689,0.4643762130819431,0.483066533433507,0.483464201212135,0.0,0.4531999034177191,0.4482405253634093,0.435635629024354,0.4512226456909663,0.4823577816004369,0.4858067142765974,0.0,0.0,0.5101013267866701,0.5418876751187808,0.5160342721895059,0.5354504857158094,0.0,0.0,0.0,0.0,0.5078948618357874,0.0,0.0,0.0,0.5371155093992283,0.0,0.0,0.0,0.0,0.0,0.0,0.0,0.0,0.5392625950338629,0.5093434228981746,0.0,0.0,0.0,0.5233668503030189,0.5165399205164071,0.5432980804893706,0.551272620260399,0.0,0.0,0.5407442249729864,0.5493448300677665,0.5412345013601824,0.511106428568668,0.0,0.5104331331516663
0.4375935771290539,0.4394308450149117,0.0,0.0,0.0,0.4808015972505699,0.4804455373217196,0.5127939270305168,0.4838616634748514,0.0,0.0,0.0,0.4959401068215504,0.0,0.4725852070398009,0.0,0.4111132555111089,0.3871733643344519,0.0,0.4463418423034597,0.4598357398247733,0.4129397481897712,0.5128672125085425,0.4234481493751416,0.4438686755971986,0.4495884875609968,0.4594961314079704,0.4733775562383155,0.475589223851063,0.4710433522294242,0.405560990753471,0.47705580225331,0.4113819732699401,0.4315757819597671,0.4901117482019961,0.0,0.0,0.0,0.4562562480531331,0.4309316933327859,0.4549018154768571,0.4567703029448354,0.0,0.0,0.0,0.497604948753784,0.4912167521228477,0.0,0.0,0.0,0.0,0.0,0.0,0.0,0.0,0.0,0.0,0.0,0.0,0.5253337545973696,0.4748474943906947,0.0,0.4229561131128031,0.0,0.5138332008509537,0.0,0.4963075184277749,0.0,0.0,0.4581175289663445,0.5039930581268631,0.0,0.0,0.0,0.0,0.4409238094903816
0.4278490385324976,0.0,0.0,0.0,0.0,0.0,0.5026109624817344,0.0,0.0,0.3346408998227149,0.0,0.3988480837728422,0.4764767805695735,0.0,0.0,0.4111132555111089,0.0,0.3773668345572424,0.0,0.4306246035362031,0.0,0.4150889618360242,0.0,0.418024051787632,0.3760705187067153,0.4051679564392196,0.0,0.4600592725335428,0.0,0.0,0.3949591813276935,0.4548569859504182,0.3805560967794513,0.38817972196927,0.3972340790708524,0.0,0.0,0.3519551318631384,0.0,0.3521477345095712,0.4208959168866621,0.0,0.0,0.0,0.0,0.0,0.0,0.0,0.0,0.0,0.0,0.0,0.0,0.0,0.4691627462712621,0.0,0.4764341538683514,0.0,0.0,0.0,0.0,0.4594934820454216,0.4270669808335187,0.0,0.0,0.0,0.0,0.0,0.4785019135560097,0.4674932586800814,0.4819531413359748,0.0,0.0,0.0,0.0,0.0
0.4245519504866967,0.4383803417558066,0.0,0.0,0.0,0.4462966258449934,0.4721019358508783,0.5277220572677092,0.0,0.3911301876142592,0.0,0.4087180892011327,0.4640781319734045,0.0,0.4370641390629524,0.3871733643344519,0.3773668345572424,0.0,0.0,0.4276199237946018,0.4478163029369524,0.4334287788181105,0.4762879035524798,0.3974085573122759,0.4106881900954385,0.4193444010369665,0.4360823723589066,0.4596544855453116,0.4682867704757654,0.0,0.4181408423089391,0.4467989320796603,0.3827702467205387,0.4130614741716236,0.4323122482901187,0.0,0.0,0.0,0.4824214640012005,0.3786783348285717,0.4421524691011491,0.4559746363736499,0.0,0.0,0.0,0.474776420776463,0.4842308132682123,0.0,0.0,0.0,0.0,0.0,0.0,0.0,0.4466544452453614,0.0,0.466294692325736,0.0,0.0,0.0,0.4669067399269538,0.4928799882214364,0.4351949930961809,0.0,0.0,0.0,0.4776898400256218,0.0,0.4680927901479436,0.4612338516204119,0.4864992278211639,0.0,0.0,0.0,0.0,0.4480247315248614
0.0,0.0,0.2955237170116062,0.471957120369084,0.4239747530610793,0.4193130578411689,0.4811006292100733,0.4729235400457564,0.3256959803815136,0.5129510788784959,0.27795328363859,0.0,0.4989897106639281,0.4298742159823434,0.0,0.0,0.0,0.0,0.0,0.0,0.0,0.0,0.3853650788440817,0.0,0.0,0.0,0.3904843926185462,0.5178698326192928,0.0,0.0,0.5117297992443774,0.4658610650660603,0.0,0.4892474462531296,0.4834733336591133,0.4385405805439301,0.4910718714683368,0.0,0.5364293252757898,0.0,0.0,0.0,0.4590744214560152,0.0,0.0,0.0,0.0,0.5192960168370548,0.0,0.0,0.5498432068607543,0.0,0.5214297076674075,0.591993138021623,0.0,0.4828653186703585,0.0,0.0,0.4734238837489827,0.0,0.0,0.0,0.0,0.5374895556292416,0.0,0.0,0.0,0.564512947530212,0.0,0.0,0.0,0.5728686810165889,0.0,0.0,0.0,0.0
0.4330094924618435,0.4609244511526524,0.0,0.0,0.453475812367886,0.4547475146573078,0.4780705777107394,0.0,0.4596301685010249,0.0,0.0,0.0,0.4774705150835082,0.0,0.3751609421087426,0.4463418423034597,0.4306246035362031,0.4276199237946018,0.0,0.0,0.4675423690422839,0.403714343849464,0.3396748007332594,0.0,0.4386796492486186,0.4516171787362468,0.4154089574288413,0.4204914310281624,0.3731157195445808,0.3842436948685166,0.4163552599628632,0.438711020662528,0.3912920268562793,0.4416607341785776,0.4663218631792991,0.5270311606282847,0.0,0.0,0.4943134943132213,0.4931401464476406,0.5031306687357596,0.5001780793022715,0.0,0.0,0.0,0.0,0.4712538874324654,0.0,0.0,0.0,0.5221490916652819,0.0,0.0,0.0,0.0,0.0,0.0,0.0,0.0,0.4977950894844811,0.0,0.0,0.0,0.0,0.4956211003583958,0.498709503788537,0.4918314215128088,0.5362681950430114,0.0,0.0,0.4918804454333166,0.5416859350642603,0.521683220233374,0.4952458154833213,0.0,0.5025665346723595
0.4307242358051283,0.44696465460658,0.0,0.0,0.0,0.4349491208872062,0.0,0.4389785465323146,0.0,0.0,0.0,0.0,0.460403863277583,0.4874301642302338,0.4340767574269132,0.4598357398247733,0.0,0.4478163029369524,0.0,0.4675423690422839,0.0,0.4412745151100406,0.4580243852345757,0.5172841066533199,0.4525688672578956,0.4510269989536395,0.4863559132152394,0.4836891389334642,0.449778398858968,0.0,0.4356014458869489,0.4219416874459097,0.401837052950692,0.4038355250170944,0.4647550276499069,0.4943307290846188,0.0,0.0,0.4882337131021205,0.4727173090166926,0.51054940865986,0.5332728384080189,0.0,0.0,0.0,0.3019862320250844,0.500802925819331,0.0,0.0,0.0,0.5193506918706542,0.0,0.4424288115623468,0.0,0.0,0.0,0.0,0.0,0.0,0.5144206754568394,0.4887991395131032,0.0,0.0,0.0,0.5029849411494111,0.4492650082765405,0.5188799588802107,0.5353500352220492,0.0,0.5061425308080424,0.5286021157013743,0.5526100622452925,0.5209836754125546,0.5476756263936708,0.0,0.5084621827022101
0.4339619287533318,0.4226611034179836,0.0,0.0,0.4616327147352482,0.4694200834315295,0.4997469248374688,0.5141328379116453,0.4573934497750241,0.0,0.0,0.0,0.5041524905927868,0.0,0.3960450151115778,0.4129397481897712,0.4150889618360242,0.4334287788181105,0.0,0.403714343849464,0.4412745151100406,0.0,0.499960872423083,0.0,0.4293159240460555,0.425790286092931,0.4689918038077157,0.473538874410255,0.4570102799644454,0.4457369287624156,0.4175943951967883,0.4426045655556286,0.40716535333966,0.4305633730560403,0.4716018968652282,0.5033372563596475,0.472376593788809,0.0,0.4831728439567359,0.4829967579781762,0.4945378172839778,0.5135426044085174,0.0,0.0,0.0,0.0,0.4849073057007348,0.0,0.0,0.0,0.4749961171424496,0.0,0.0,0.0,0.0,0.0,0.0,0.0,0.0,0.5342379048937103,0.4621221337926302,0.0,0.4275326517795115,0.0,0.5021132878250248,0.5139254768116535,0.5082263270543247,0.5358371913308796,0.0,0.4361564363766434,0.5238464817176668,0.5121273712412969,0.0,0.4800326394384425,0.0,0.4729926749529596
0.5087286160788688,0.4877735545516072,0.3885465736424657,0.4184434629136124,0.4333815636596882,0.4355348595455044,0.4678125246755499,0.3933639819929219,0.4644489289144598,0.484990354469715,0.3611970751921126,0.0,0.481191399630173,0.4024530652227392,0.4254849175311798,0.5128672125085425,0.0,0.4762879035524798,0.3853650788440817,0.3396748007332594,0.4580243852345757,0.499960872423083,0.0,0.537937255107096,0.4766576788541644,0.4978945636376106,0.3701842060361477,0.4947948339527127,0.4678851534891335,0.4865974694766584,0.4938756684192442,0.4603597290683645,0.4407822599630609,0.4981602436982431,0.500897638842772,0.3931964974864607,0.4646922521502014,0.0,0.5354855240391605,0.5143889955082032,0.5864951361241459,0.5663544280208129,0.5399427943267611,0.0,0.0,0.0,0.5166267223349121,0.5616300186347155,0.0,0.5763196155653839,0.5527779165131584,0.5581730893049789,0.5226912304515432,0.6063284662692567,0.0,0.53506546835825,0.0,0.5451225701220057,0.5229421779898619,0.5449164467577884,0.0,0.0,0.0,0.5515775095189923,0.5423592810924031,0.5302494080420985,0.5184957611668566,0.5706347167632317,0.0,0.0,0.5261074748119091,0.5669756969252527,0.5549645071353603,0.5452487454958792,0.5578084878936184,0.5654628660651029
0.4162280469909255,0.0,0.0,0.0,0.0,0.0,0.4477318257114265,0.5555477859967579,0.0,0.3410825397487916,0.0,0.326342387890002,0.440175592749138,0.0,0.0,0.4234481493751416,0.418024051787632,0.3974085573122759,0.0,0.0,0.5172841066533199,0.0,0.537937255107096,0.0,0.3961772531639642,0.4053341328775149,0.5721557567010727,0.4137312995497143,0.0,0.0,0.405927623315796,0.3370250935482414,0.2604009904126213,0.2852959141915087,0.326202812477308,0.3378579579530821,0.0,0.268327114264617,0.3354391958953893,0.3768103521910019,0.4495597352794733,0.0,0.0,0.0,0.3369616616352621,0.4588125610871871,0.0,0.0,0.0,0.0,0.0,0.0,0.0,0.0,0.4698183911417588,0.0,0.5010775027513432,0.0,0.0,0.0,0.5108862619228942,0.5082896213351703,0.4865680387266815,0.0,0.0,0.0,0.0,0.0,0.4601329577690526,0.5018042491424922,0.513312071813821,0.0,0.0,0.0,0.0,0.4632978498508791
0.4208818583909318,0.4189723115893102,0.0,0.0,0.4473136721050016,0.4279780910818493,0.458414090432817,0.5717230916167685,0.0,0.3939269299446792,0.0,0.4049757012173558,0.4664449380172593,0.0,0.3985602921133452,0.4438686755971986,0.3760705187067153,0.4106881900954385,0.0,0.4386796492486186,0.4525688672578956,0.4293159240460555,0.4766576788541644,0.3961772531639642,0.0,0.4037805407330708,0.4313146112756802,0.4643007639118565,0.4356988792131939,0.0,0.4141553831111876,0.4377513924096759,0.3518401784830852,0.3800763655581226,0.3914528984460304,0.0,0.0,0.3586871693053939,0.4790749080382471,0.4091304846312044,0.4586563675096807,0.4767630840097724,0.0,0.0,0.0,0.4826600891913596,0.532099604859865,0.0,0.0,0.0,0.0,0.0,0.0,0.0,0.4742824856589305,0.0,0.4990088158376782,0.0,0.0,0.0,0.4923980221375603,0.485535326012122,0.4488146276138427,0.0,0.4774749347946224,0.4973206444807597,0.4645864935312433,0.0,0.4851297546142017,0.4788049756228021,0.5011119774363895,0.0,0.0,0.0,0.0,0.4598211580093058
0.4131023366217586,0.4377352265683463,0.0,0.0,0.0,0.4196753090231367,0.4582999832916034,0.5394829944348083,0.0,0.4153778594857008,0.0,0.3618933015649059,0.4590231364100803,0.0,0.402327268882689,0.4495884875609968,0.4051679564392196,0.4193444010369665,0.0,0.4516171787362468,0.4510269989536395,0.425790286092931,0.4978945636376106,0.4053341328775149,0.4037805407330708,0.0,0.4771303211489567,0.447199606360425,0.4455185919229081,0.0,0.41938726747831,0.4347860712165063,0.3826822355870117,0.4058804888038351,0.4409422426475481,0.4593170765166918,0.0,0.3786661809276022,0.4708442608254052,0.4396230086160632,0.4677191210734222,0.5112137586093162,0.0,0.0,0.0,0.489878459471974,0.5333859409776838,0.0,0.0,0.0,0.0,0.0,0.0,0.0,0.499405272275236,0.0,0.5068594935137254,0.0,0.0,0.5426425205370317,0.5017012963258122,0.5033983001101874,0.4725905735528242,0.0,0.5028101419849174,0.5081501953575593,0.5223680999932653,0.5216629604978101,0.5027614336098234,0.4921173559014279,0.5185809001782767,0.5125982929893838,0.0,0.4975013567470246,0.0,0.4760590144007874
0.4706231807448454,0.4572321774179168,0.3547459578032857,0.4527668186112949,0.4445639613791826,0.4124154968095004,0.464689932646535,0.4801587749066815,0.4154736667913353,0.4909519590162959,0.3940054603828792,0.0,0.4800344653285557,0.4658492863539713,0.4643762130819431,0.4594961314079704,0.0,0.4360823723589066,0.3904843926185462,0.4154089574288413,0.4863559132152394,0.4689918038077157,0.3701842060361477,0.5721557567010727,0.4313146112756802,0.4771303211489567,0.0,0.4822172522212655,0.4181746033250105,0.4630243168538531,0.4593678316061622,0.4578913762964796,0.4240825774683687,0.4826469386110117,0.5008634514270451,0.4736644518740665,0.4711389020610845,0.0,0.5247760538782623,0.0,0.5432612360167502,0.5612507481000568,0.5189113478459476,0.0,0.0,0.0,0.5099421919200817,0.5734168299556628,0.0,0.0,0.5419934560134794,0.5596362345091814,0.5370347415748258,0.5918948398961381,0.0,0.5507911053263101,0.0,0.533794661336633,0.529305007990219,0.5267621311799541,0.0,0.0,0.0,0.566042237244312,0.5259584362683616,0.5455129036810098,0.5051309556997281,0.5563014307392413,0.0,0.0,0.5249188224525159,0.5538296633006482,0.5341749455900537,0.5289006043089113,0.5517523730905057,0.5486349494755153
0.0,0.4665972425595276,0.4972148791116439,0.29872580552476,0.4376781852976082,0.4415837529854765,0.3836857863579794,0.4814446443750974,0.499320424716985,0.4358230860063696,0.4863329994381863,0.3960757856376339,0.4228306879192289,0.369156949953976,0.483066533433507,0.4733775562383155,0.4600592725335428,0.4596544855453116,0.5178698326192928,0.4204914310281624,0.4836891389334642,0.473538874410255,0.4947948339527127,0.4137312995497143,0.4643007639118565,0.447199606360425,0.4822172522212655,0.0,0.3868181966725508,0.4029232517934597,0.448096274323449,0.4302253373788216,0.3815262079151743,0.4256245432089539,0.3430271289676428,0.317753792899762,0.3075459711329225,0.371574842487565,0.4250932520816062,0.0,0.4186342488536285,0.4692243424987834,0.4580584458887071,0.0,0.0,0.0,0.0,0.0,0.0,0.0,0.5323635337501761,0.0,0.5099563967458489,0.0,0.0,0.0,0.0,0.0,0.0,0.552624867293783,0.0,0.0,0.0,0.0,0.5163017536667267,0.5418136996049934,0.0,0.5558977776756701,0.0,0.0,0.0,0.5489796694871161,0.5349969293725578,0.5188493863774668,0.0,0.5563314108888979
0.0,0.4633090105225363,0.0,0.0,0.4702993217394767,0.3977530862457244,0.4723596716824238,0.4454377607142953,0.4642836635715774,0.0,0.0,0.0,0.4645924617346141,0.0,0.483464201212135,0.475589223851063,0.0,0.4682867704757654,0.0,0.3731157195445808,0.449778398858968,0.4570102799644454,0.4678851534891335,0.0,0.4356988792131939,0.4455185919229081,0.4181746033250105,0.3868181966725508,0.0,0.3704072559214622,0.4073299630243759,0.4301325188201687,0.3655309580767106,0.448559065364898,0.4744516927406561,0.495802051358197,0.0,0.0,0.4880582810755008,0.0,0.5089092399814333,0.0,0.0,0.0,0.0,0.0,0.4823525088957714,0.0,0.0,0.0,0.5177700863510065,0.0,0.4944671048830523,0.0,0.0,0.0,0.0,0.0,0.0,0.4991437438924602,0.0,0.0,0.0,0.0,0.4892464670975406,0.4920948623790248,0.4856699209433565,0.5352206452545567,0.0,0.0,0.4987894691673387,0.5277895708351781,0.5079978864955306,0.4776818284295475,0.0,0.5037715103504273
0.0,0.0,0.0,0.0,0.0,0.4654394967299307,0.0,0.4807295724654813,0.4895102717028989,0.0,0.0,0.0,0.4728720680353893,0.0,0.0,0.4710433522294242,0.0,0.0,0.0,0.3842436948685166,0.0,0.4457369287624156,0.4865974694766584,0.0,0.0,0.0,0.4630243168538531,0.4029232517934597,0.3704072559214622,0.0,0.3792248544738703,0.4120821702556093,0.0,0.4389428979292137,0.4775889063864453,0.0,0.0,0.0,0.5020472150556353,0.0,0.0,0.0,0.0,0.0,0.0,0.0,0.0,0.0,0.0,0.0,0.0,0.0,0.0,0.0,0.0,0.0,0.0,0.0,0.0,0.0,0.0,0.0,0.0,0.0,0.520839640444335,0.0,0.0,0.5481231313085533,0.0,0.0,0.0,0.5431959047399911,0.0,0.0,0.0,0.0
0.4245203609594356,0.4058226736949648,0.5082196870153273,0.0,0.5296753049145253,0.4837536071105887,0.5040079052522076,0.5163540635930485,0.5325680387834149,0.3562150384240255,0.5469268194207344,0.361933328773299,0.4732875659353626,0.4406950141981738,0.4531999034177191,0.405560990753471,0.3949591813276935,0.4181408423089391,0.5117297992443774,0.4163552599628632,0.4356014458869489,0.4175943951967883,0.4938756684192442,0.405927623315796,0.4141553831111876,0.41938726747831,0.4593678316061622,0.448096274323449,0.4073299630243759,0.3792248544738703,0.0,0.4365073554367222,0.3599946617785655,0.3169379638931144,0.3134475212594329,0.4483304317203466,0.3640568365473512,0.3257967959362895,0.4295450489498684,0.3617992706610946,0.3966751747412956,0.0,0.0,0.0,0.0,0.4601751120819263,0.4967138185439316,0.0,0.0,0.0,0.5290119125225028,0.0,0.5557924964141673,0.0,0.444837116509674,0.0,0.4667819192281522,0.0,0.0,0.5491243619741428,0.4964121326167073,0.0,0.4356748136479301,0.0,0.4826531350394726,0.0,0.4811219251268455,0.5820726463514039,0.426234685756419,0.4571000382498912,0.5126519079454401,0.5460453686919615,0.5597717329892693,0.5157194532849334,0.0,0.4609654750328082
0.4337012343414693,0.4412665521710074,0.4627100474579317,0.3031904760162199,0.4599876628395604,0.4530097005219516,0.4369006490498712,0.4586678322749489,0.4705372962431043,0.3747231573382484,0.4749680028971395,0.2988034081414318,0.4374105715756423,0.2681047302413606,0.4482405253634093,0.47705580225331,0.4548569859504182,0.4467989320796603,0.4658610650660603,0.438711020662528,0.4219416874459097,0.4426045655556286,0.4603597290683645,0.3370250935482414,0.4377513924096759,0.4347860712165063,0.4578913762964796,0.4302253373788216,0.4301325188201687,0.4120821702556093,0.4365073554367222,0.0,0.3628034173111417,0.3733017326112732,0.3725686102362712,0.2759891939673929,0.3409994050983775,0.2947982602893885,0.2755732373464255,0.2799465006818733,0.2846233070473459,0.3081660876088267,0.2608616341048399,0.2875634654348747,0.2650773623271645,0.4810447752779176,0.4799646396375933,0.5600433756147132,0.0,0.0,0.539173218562649,0.0,0.511703397786555,0.0,0.3004009045780902,0.3650871046099474,0.270146388149215,0.3912072290891358,0.0,0.5010771075675273,0.4646293381830168,0.0,0.4536660630441955,0.4315618652045913,0.4874463309224818,0.5131365382978248,0.4938120839018939,0.5580499741042283,0.2439516609271291,0.4673708125083369,0.4897418731202913,0.5515488731274962,0.3175536377486329,0.5158877636581977,0.0,0.4539337719797445
0.3714247184753676,0.3865826221445462,0.0,0.0,0.3871149549144687,0.4133187864371038,0.4083178000904411,0.5384662036754041,0.4419246619489397,0.3463037575732848,0.0,0.3144911325596366,0.4023018857656691,0.0,0.435635629024354,0.4113819732699401,0.3805560967794513,0.3827702467205387,0.0,0.3912920268562793,0.401837052950692,0.40716535333966,0.4407822599630609,0.2604009904126213,0.3518401784830852,0.3826822355870117,0.4240825774683687,0.3815262079151743,0.3655309580767106,0.0,0.3599946617785655,0.3628034173111417,0.0,0.2741518858527211,0.4035432970745654,0.3964471317119779,0.2919377694253544,0.2083663691718713,0.2984885488468075,0.2182968761461652,0.2969744278906578,0.3685416183722119,0.0,0.0,0.2408874395858401,0.4666720537566363,0.4287943136688155,0.0,0.0,0.0,0.0,0.0,0.0,0.0,0.3314809841857727,0.0,0.3856111725624846,0.0,0.0,0.5192588744528043,0.4266135371379578,0.4513487552127184,0.4076644513797551,0.0,0.494078546824595,0.0,0.4988769815433251,0.4971787574825259,0.3141390398275175,0.4213573446681634,0.4600470322589617,0.4751860373768513,0.0,0.0,0.0,0.3770734970511631
0.3855586582109386,0.3906831402324093,0.4958187268950112,0.2791980403696795,0.5088099185769082,0.4893623614548611,0.4646102048002,0.5234190010123646,0.5069070017511665,0.3408501393154279,0.5039172343982226,0.2671617944432002,0.4588348015523419,0.4303376322780929,0.4512226456909663,0.4315757819597671,0.38817972196927,0.4130614741716236,0.4892474462531296,0.4416607341785776,0.4038355250170944,0.4305633730560403,0.4981602436982431,0.2852959141915087,0.3800763655581226,0.4058804888038351,0.4826469386110117,0.4256245432089539,0.448559065364898,0.4389428979292137,0.3169379638931144,0.3733017326112732,0.2741518858527211,0.0,0.2956104090803427,0.3963907085618053,0.287664740360903,0.2346600903867113,0.3163638155470626,0.2932751143217812,0.2868460934560924,0.3121201640842053,0.3579444895235358,0.0,0.2735695628075655,0.4586530223103149,0.4707586667610275,0.0,0.0,0.0,0.545605202181087,0.0,0.5289932615242264,0.0,0.3526441904089296,0.0,0.3597019498205658,0.0,0.0,0.5082508603595715,0.4501591452253667,0.0,0.4250107087373327,0.0,0.5083676296119466,0.0,0.4956211508847727,0.5895209307866388,0.373613151830263,0.444115413188744,0.4845313876203969,0.5759735481392393,0.3916288713767492,0.5156824059442333,0.0,0.414884785401839
0.4451934025519269,0.4439807895085524,0.5000771002940627,0.2797304209629619,0.5023839049689636,0.521078043681097,0.4958451533003755,0.5116648489089988,0.4791515966105841,0.332075428180016,0.495437943305953,0.3131623614665114,0.4469273328723269,0.0,0.4823577816004369,0.4901117482019961,0.3972340790708524,0.4323122482901187,0.4834733336591133,0.4663218631792991,0.4647550276499069,0.4716018968652282,0.500897638842772,0.326202812477308,0.3914528984460304,0.4409422426475481,0.5008634514270451,0.3430271289676428,0.4744516927406561,0.4775889063864453,0.3134475212594329,0.3725686102362712,0.4035432970745654,0.2956104090803427,0.0,0.3932481189043998,0.3025966772343811,0.3012994903789955,0.3202690652730251,0.3092631268568036,0.3056893151952454,0.3484899367441069,0.3310467297866519,0.3258820623143814,0.2768533775940272,0.0,0.509998097662768,0.0,0.0,0.0,0.0,0.0,0.0,0.0,0.0,0.0,0.3179616697597212,0.0,0.0,0.5321932689097332,0.0,0.0,0.4315448929025725,0.0,0.5059737233575876,0.0,0.509603555709249,0.5621442612239289,0.0,0.475848575761924,0.5120215543321223,0.5428943840040648,0.0,0.5443502745943554,0.0,0.0
0.0,0.0,0.4364447748252423,0.2118682205615761,0.2963732394842259,0.4645415026188695,0.3483139707097702,0.2521723415839583,0.4392981447970927,0.3678357743826946,0.365775136813822,0.3507112609916786,0.3863019454781371,0.2595519662923628,0.4858067142765974,0.0,0.0,0.0,0.4385405805439301,0.5270311606282847,0.4943307290846188,0.5033372563596475,0.3931964974864607,0.3378579579530821,0.0,0.4593170765166918,0.4736644518740665,0.317753792899762,0.495802051358197,0.0,0.4483304317203466,0.2759891939673929,0.3964471317119779,0.3963907085618053,0.3932481189043998,0.0,0.2098043072339953,0.3450536468769286,0.3260284921513664,0.2981077307959139,0.3458629013720927,0.3040524255114647,0.2986705577672874,0.0,0.0,0.0,0.0,0.4920375480758586,0.0,0.0,0.452008475780272,0.0,0.3827026722084604,0.5329073817862099,0.0,0.4032837704238337,0.3106303915643575,0.0,0.3522416309663541,0.0,0.0,0.0,0.0,0.4385610578604897,0.0,0.0,0.0,0.4485230444150784,0.0,0.0,0.0,0.4626071047647747,0.4293536465364556,0.4966153019582311,0.0,0.0
0.0,0.0,0.5171028467629643,0.1929425908166466,0.3202876694839803,0.4750546908052154,0.3503212144697879,0.5135841872839145,0.4661342481333136,0.2588065759177548,0.4716115098808697,0.31657908258209,0.3791956148878665,0.1871852485760049,0.0,0.0,0.0,0.0,0.4910718714683368,0.0,0.0,0.472376593788809,0.4646922521502014,0.0,0.0,0.0,0.4711389020610845,0.3075459711329225,0.0,0.0,0.3640568365473512,0.3409994050983775,0.2919377694253544,0.287664740360903,0.3025966772343811,0.2098043072339953,0.0,0.3010533035005814,0.2806325491656263,0.0,0.2774662937608928,0.0,0.0,0.0,0.0,0.0,0.0,0.0,0.0,0.0,0.0,0.0,0.0,0.0,0.0,0.0,0.0,0.0,0.0,0.0,0.0,0.0,0.0,0.0,0.0,0.0,0.0,0.0,0.0,0.0,0.0,0.0,0.0,0.0,0.0,0.0
0.0,0.0,0.0,0.0,0.4537341116685015,0.0,0.4000617555991511,0.0,0.4699948815440715,0.2727939400912776,0.4463639395762387,0.2517545364163119,0.4053350963449264,0.0,0.0,0.0,0.3519551318631384,0.0,0.0,0.0,0.0,0.0,0.0,0.268327114264617,0.3586871693053939,0.3786661809276022,0.0,0.371574842487565,0.0,0.0,0.3257967959362895,0.2947982602893885,0.2083663691718713,0.2346600903867113,0.3012994903789955,0.3450536468769286,0.3010533035005814,0.0,0.2788418264351114,0.2676091467422158,0.2892463827421794,0.2934284349496022,0.0,0.0,0.2708800142834436,0.0,0.0,0.0,0.0,0.0,0.0,0.0,0.0,0.0,0.3034969075564773,0.0,0.2748179116162748,0.0,0.0,0.0,0.0,0.0,0.0,0.0,0.0,0.0,0.0,0.0,0.2269404009196037,0.0,0.0,0.0,0.0,0.0,0.0,0.0
0.4594036057113486,0.4693071283643428,0.0,0.0,0.0,0.5162970777446652,0.0,0.5358488854422983,0.5250756781667514,0.3391661368992746,0.4717321529468852,0.3119627823517847,0.4524407444711412,0.0,0.5101013267866701,0.4562562480531331,0.0,0.4824214640012005,0.5364293252757898,0.4943134943132213,0.4882337131021205,0.4831728439567359,0.5354855240391605,0.3354391958953893,0.4790749080382471,0.4708442608254052,0.5247760538782623,0.4250932520816062,0.4880582810755008,0.5020472150556353,0.4295450489498684,0.2755732373464255,0.2984885488468075,0.3163638155470626,0.3202690652730251,0.3260284921513664,0.2806325491656263,0.2788418264351114,0.0,0.3269179345036307,0.3767397011702071,0.3675089585440688,0.2814293284760976,0.3231080955435834,0.2593769938745411,0.4205369837624577,0.399560574003931,0.4670088895785473,0.3002782659217073,0.3999132930971229,0.4525176543053954,0.3985991429668161,0.4086998198996063,0.473986616661716,0.337768562637364,0.4009739361796887,0.2804686183037353,0.4036929430696604,0.330715170750455,0.4424460184631359,0.4429829133733288,0.4240180588738677,0.4159193473227388,0.4384031923528227,0.4455534050715808,0.4092515651696636,0.4202983162012926,0.457803494857485,0.3554696967162313,0.3977395201056649,0.4161520225833044,0.4503069790617977,0.3881936148824509,0.4315282459175095,0.4047548433290093,0.413520645903249
0.4546750705262127,0.4549371787999721,0.0,0.0,0.0,0.0,0.0,0.0,0.0,0.3691814227354394,0.0,0.3869757098074085,0.0,0.0,0.5418876751187808,0.4309316933327859,0.3521477345095712,0.3786783348285717,0.0,0.4931401464476406,0.4727173090166926,0.4829967579781762,0.5143889955082032,0.3768103521910019,0.4091304846312044,0.4396230086160632,0.0,0.0,0.0,0.0,0.3617992706610946,0.2799465006818733,0.2182968761461652,0.2932751143217812,0.3092631268568036,0.2981077307959139,0.0,0.2676091467422158,0.3269179345036307,0.0,0.2627516210838471,0.3733648972493221,0.3421042965809717,0.3182788259167174,0.2225106652344618,0.3895329027022243,0.3682347411239844,0.0,0.0,0.4501058388786241,0.4271009551516013,0.3948381550941844,0.5036077417923225,0.4828801426431022,0.3262236045868402,0.4820362701612199,0.2996086482534717,0.4093129699070206,0.0,0.4212877491353886,0.3999443839729588,0.3355203179166152,0.3414445373472243,0.0,0.4186089319040209,0.3795641444832413,0.3917917966520901,0.470443178569834,0.2743993766968969,0.3328115175899857,0.3750531275443242,0.4501059569567754,0.3801905923438,0.4002931475292344,0.3768692969664661,0.334988949694868
0.4477865571513419,0.5013158440813142,0.0,0.0,0.0,0.5314189175956658,0.0,0.5279559984593802,0.0,0.3687598298585566,0.0,0.3682850362722135,0.0,0.0,0.5160342721895059,0.4549018154768571,0.4208959168866621,0.4421524691011491,0.0,0.5031306687357596,0.51054940865986,0.4945378172839778,0.5864951361241459,0.4495597352794733,0.4586563675096807,0.4677191210734222,0.5432612360167502,0.4186342488536285,0.5089092399814333,0.0,0.3966751747412956,0.2846233070473459,0.2969744278906578,0.2868460934560924,0.3056893151952454,0.3458629013720927,0.2774662937608928,0.2892463827421794,0.3767397011702071,0.2627516210838471,0.0,0.3715009710855115,0.4108135974200537,0.3003747776251171,0.2308018476120893,0.4063526060021663,0.397976150848336,0.5188909228633943,0.2246835177388332,0.4476548599577434,0.4659356099536837,0.4187092619810761,0.5210292494253377,0.494719800244381,0.2929568844698537,0.4874562128861332,0.2852795859829669,0.4304583104359059,0.4137374483546708,0.4567221577964626,0.4379821588641619,0.3617587059057626,0.3832879626903472,0.510123923489171,0.4562669352294033,0.4299283979172743,0.4315499864202362,0.4949149828838151,0.3211289733920486,0.3594614728919481,0.3967614379288993,0.4829029095441134,0.37957724008244,0.4546469210891437,0.449167522647339,0.2844916919346291
0.0,0.4963180160545802,0.0,0.0,0.0,0.0,0.0,0.0,0.0,0.0,0.0,0.0,0.0,0.0,0.5354504857158094,0.4567703029448354,0.0,0.4559746363736499,0.0,0.5001780793022715,0.5332728384080189,0.5135426044085174,0.5663544280208129,0.0,0.4767630840097724,0.5112137586093162,0.5612507481000568,0.4692243424987834,0.0,0.0,0.0,0.3081660876088267,0.3685416183722119,0.3121201640842053,0.3484899367441069,0.3040524255114647,0.0,0.2934284349496022,0.3675089585440688,0.3733648972493221,0.3715009710855115,0.0,0.4774381725766921,0.326820455506849,0.2927252452730824,0.4494307048281323,0.4402574808959756,0.4996708973726405,0.2607218225005226,0.4575761000805622,0.491220505081578,0.402459735445666,0.0,0.4857756517946568,0.3110105598200962,0.46917725581389,0.2928012001015004,0.4498518950454581,0.0,0.4872850994387282,0.4631369844852576,0.4294797039239553,0.4277075675536142,0.47748052734253,0.4942498239784684,0.4775320614089968,0.4654196580095202,0.5424055485085113,0.3969831595906724,0.3923952542353603,0.4443021182939915,0.529880842736461,0.3488614407015124,0.4728304460710422,0.4605447994414633,0.282719168846349
