0.000000000000000000e+00,3.893911643919533150e-01,4.044744189544838275e-01,0.000000000000000000e+00,0.000000000000000000e+00,3.871502125183741150e-01,3.983890398693735735e-01,4.433151473929169972e-01,0.000000000000000000e+00,3.436705344139491802e-01,4.186465740203856867e-01,3.229289684360460155e-01,3.983854761468687000e-01,0.000000000000000000e+00,3.634685877936504883e-01,3.842030557919515199e-01,3.290058212754545797e-01,3.405997619348765104e-01,0.000000000000000000e+00,3.930181021714482803e-01,3.612983419700571130e-01,3.971559079037020878e-01,4.100786686589427132e-01,2.997437146514870809e-01,3.287529280288751243e-01,3.376863245351516829e-01,4.082897867268066028e-01,4.033857058717634780e-01,3.953642630549589754e-01,0.000000000000000000e+00,3.474741872929041908e-01,3.855186020359558929e-01,3.179368990483811275e-01,3.457588942583307845e-01,3.348319239546124204e-01,0.000000000000000000e+00,0.000000000000000000e+00,4.571374952793120783e-01,4.223873137361177088e-01,4.105115268508764959e-01,3.959650761311800937e-01,0.000000000000000000e+00,0.000000000000000000e+00,0.000000000000000000e+00,0.000000000000000000e+00,3.387990041328043933e-01,4.635158815929745213e-01,0.000000000000000000e+00,0.000000000000000000e+00,0.000000000000000000e+00,0.000000000000000000e+00,0.000000000000000000e+00,0.000000000000000000e+00,0.000000000000000000e+00,3.907904289136894804e-01,0.000000000000000000e+00,0.000000000000000000e+00,0.000000000000000000e+00,0.000000000000000000e+00,4.629546248162285105e-01,4.313929389939509251e-01,4.054748440000578991e-01,4.070011992881992779e-01,0.000000000000000000e+00,0.000000000000000000e+00,2.710863215231144041e-01,4.573843867125457208e-01,0.000000000000000000e+00,3.050578872535140151e-01,4.205073298727715070e-01,4.340288939981158944e-01,0.000000000000000000e+00,0.000000000000000000e+00,0.000000000000000000e+00,0.000000000000000000e+00,3.902429701179466193e-01
3.893911643919533150e-01,0.000000000000000000e+00,3.572027361776741738e-01,0.000000000000000000e+00,3.854886766510446927e-01,3.759174003009265186e-01,3.987875785830675146e-01,4.410942815039591847e-01,3.749582729770162270e-01,0.000000000000000000e+00,0.000000000000000000e+00,0.000000000000000000e+00,3.975662624196585893e-01,0.000000000000000000e+00,3.937864332475767837e-01,3.785355522165040898e-01,0.000000000000000000e+00,3.696424157967416746e-01,0.000000000000000000e+00,3.896715434081666762e-01,4.138241807992968924e-01,3.564140614430815202e-01,3.780016636517051221e-01,3.569859753336631081e-01,3.709495453269047727e-01,3.772257751290477024e-01,3.765173459391891186e-01,3.828107292258938199e-01,3.790670150741177191e-01,0.000000000000000000e+00,3.546101145972270219e-01,3.957555115378202926e-01,3.568419361282332836e-01,3.682746734930245069e-01,4.378772003318747164e-01,0.000000000000000000e+00,0.000000000000000000e+00,0.000000000000000000e+00,4.459461316474089831e-01,4.269938423419665230e-01,4.346392263449017079e-01,4.700431233289745769e-01,0.000000000000000000e+00,0.000000000000000000e+00,0.000000000000000000e+00,4.295228669925031939e-01,4.566037601650124178e-01,0.000000000000000000e+00,0.000000000000000000e+00,0.000000000000000000e+00,4.120067444415114744e-01,4.285083546465983106e-01,0.000000000000000000e+00,0.000000000000000000e+00,0.000000000000000000e+00,0.000000000000000000e+00,0.000000000000000000e+00,4.152794142834265179e-01,0.000000000000000000e+00,4.642805724759522801e-01,4.432859209688879143e-01,4.270823184208437095e-01,4.273342774109539777e-01,0.000000000000000000e+00,4.266980466057266885e-01,4.498168798054179018e-01,4.668905956713412797e-01,4.316954062448667973e-01,0.000000000000000000e+00,4.441206248144964897e-01,4.730730295734937862e-01,4.312525154863925958e-01,4.075272768565654236e-01,4.180765865638464973e-01,0.000000000000000000e+00,4.257614208666434252e-01
4.044744189544838275e-01,3.572027361776741738e-01,0.000000000000000000e+00,3.739258523439211168e-01,3.344359768812442124e-01,3.308855568871034158e-01,3.777068676798033264e-01,3.743442896064200220e-01,2.495643067903831891e-01,4.145286966157041841e-01,2.588226853420417251e-01,4.039723197619667916e-01,3.808837869521491948e-01,3.753617886847099849e-01,3.801981532642030870e-01,3.778408081428951126e-01,0.000000000000000000e+00,0.000000000000000000e+00,2.214836460133287055e-01,3.878790381097168005e-01,3.671057350552897058e-01,3.724572613270614174e-01,2.702516933462710269e-01,0.000000000000000000e+00,3.452128360721993805e-01,3.920480877101477080e-01,2.687530298676933938e-01,3.830207225815200900e-01,3.290709137147578844e-01,3.730907890811033800e-01,4.061772954383250922e-01,3.747903181472805878e-01,3.795328017825632116e-01,3.994275337698656170e-01,3.868943375906446214e-01,3.494378308271227085e-01,3.862637133426298219e-01,3.813757613914314781e-01,4.541215115177386075e-01,0.000000000000000000e+00,4.769248181885228921e-01,0.000000000000000000e+00,4.754154306985876044e-01,3.853156512332929773e-01,0.000000000000000000e+00,0.000000000000000000e+00,0.000000000000000000e+00,2.575152658909902748e-01,0.000000000000000000e+00,5.001709374221244842e-01,4.850553898375646877e-01,4.891804831323521841e-01,5.038631608960386643e-01,4.988314438751265123e-01,0.000000000000000000e+00,3.098175374743463162e-01,0.000000000000000000e+00,4.720352399786171826e-01,4.636430144309998114e-01,0.000000000000000000e+00,0.000000000000000000e+00,0.000000000000000000e+00,0.000000000000000000e+00,1.897709515749793907e-01,0.000000000000000000e+00,0.000000000000000000e+00,0.000000000000000000e+00,5.013883144400786973e-01,0.000000000000000000e+00,0.000000000000000000e+00,0.000000000000000000e+00,4.533660669832472179e-01,4.679576695832881050e-01,4.561114143349169758e-01,0.000000000000000000e+00,4.772036493781793842e-01
0.000000000000000000e+00,0.000000000000000000e+00,3.739258523439211168e-01,0.000000000000000000e+00,2.343061837532562919e-01,3.743808482050762776e-01,2.665490027633645176e-01,2.888149647054550906e-01,3.729951604664535902e-01,3.792282117777516226e-01,3.183809826718194125e-01,0.000000000000000000e+00,2.681294385829074978e-01,2.732109835458527147e-01,0.000000000000000000e+00,0.000000000000000000e+00,3.575492203235626221e-01,0.000000000000000000e+00,3.572934312060470075e-01,3.847467776546005802e-01,0.000000000000000000e+00,3.992966724175773807e-01,3.658879924903644110e-01,0.000000000000000000e+00,0.000000000000000000e+00,4.159727052262873204e-01,3.647727713015714857e-01,2.435942285435969135e-01,3.524112200107257231e-01,0.000000000000000000e+00,3.215866264885053893e-01,2.737964170064546843e-01,3.712082496575696000e-01,3.160833618619470764e-01,2.997048856106512837e-01,2.099147116758439957e-01,1.871014773116548013e-01,3.012890728414300834e-01,0.000000000000000000e+00,0.000000000000000000e+00,0.000000000000000000e+00,0.000000000000000000e+00,0.000000000000000000e+00,0.000000000000000000e+00,0.000000000000000000e+00,0.000000000000000000e+00,0.000000000000000000e+00,0.000000000000000000e+00,0.000000000000000000e+00,0.000000000000000000e+00,0.000000000000000000e+00,0.000000000000000000e+00,0.000000000000000000e+00,0.000000000000000000e+00,0.000000000000000000e+00,0.000000000000000000e+00,0.000000000000000000e+00,0.000000000000000000e+00,0.000000000000000000e+00,0.000000000000000000e+00,0.000000000000000000e+00,0.000000000000000000e+00,0.000000000000000000e+00,0.000000000000000000e+00,0.000000000000000000e+00,0.000000000000000000e+00,0.000000000000000000e+00,0.000000000000000000e+00,0.000000000000000000e+00,0.000000000000000000e+00,0.000000000000000000e+00,0.000000000000000000e+00,0.000000000000000000e+00,0.000000000000000000e+00,0.000000000000000000e+00,0.000000000000000000e+00
0.000000000000000000e+00,3.854886766510446927e-01,3.344359768812442124e-01,2.343061837532562919e-01,0.000000000000000000e+00,3.392902997881013794e-01,2.874770218229040220e-01,3.640309547676868207e-01,2.872308347798515071e-01,4.063723473253008089e-01,3.026593396696354854e-01,3.968470093308373858e-01,3.333768948941915888e-01,2.711025306897125731e-01,0.000000000000000000e+00,4.023626165172426994e-01,4.195978900879446805e-01,3.880310710063927249e-01,3.279392487209035201e-01,3.846042298015823202e-01,0.000000000000000000e+00,4.002136549144901800e-01,3.609961624380613743e-01,4.144499865017510776e-01,3.742664955662401982e-01,3.833290585689895780e-01,3.396601011503642131e-01,3.281384271827452737e-01,3.693003088599359773e-01,0.000000000000000000e+00,4.017254449509615744e-01,3.248064555515013940e-01,3.749318630843673783e-01,3.910616448011354773e-01,3.650619530863288831e-01,2.223085458056789920e-01,1.994260589818535878e-01,3.676480102342128964e-01,4.161008366093830180e-01,0.000000000000000000e+00,4.497108189739932871e-01,0.000000000000000000e+00,4.383466100983380853e-01,0.000000000000000000e+00,0.000000000000000000e+00,0.000000000000000000e+00,4.252947396929344093e-01,4.857672500502723256e-01,0.000000000000000000e+00,4.739493728588825006e-01,4.574602146412922177e-01,4.615446758815450745e-01,4.728466058070556755e-01,4.881149320765296173e-01,0.000000000000000000e+00,4.641240437997378177e-01,0.000000000000000000e+00,4.525405232526673038e-01,0.000000000000000000e+00,0.000000000000000000e+00,0.000000000000000000e+00,0.000000000000000000e+00,0.000000000000000000e+00,4.936883448618252790e-01,4.191208441046975763e-01,0.000000000000000000e+00,4.210636864125145151e-01,4.734454605491054124e-01,0.000000000000000000e+00,0.000000000000000000e+00,4.365864169289846997e-01,4.708844214496444858e-01,4.563639583605341166e-01,4.400893327859110027e-01,0.000000000000000000e+00,4.771593781444797844e-01
3.871502125183741150e-01,3.759174003009265186e-01,3.308855568871034158e-01,3.743808482050762776e-01,3.392902997881013794e-01,0.000000000000000000e+00,3.566971272581739849e-01,3.876857491724042259e-01,2.792325980138334884e-01,4.195176548415402995e-01,3.379486060250078139e-01,4.071910945983335250e-01,3.214023556353727828e-01,3.753499858947277890e-01,3.908734386926894233e-01,4.005533626910460221e-01,4.115670635381801779e-01,3.875491802856319001e-01,3.599885986700144258e-01,3.711747221672364039e-01,3.810567718234820767e-01,3.919921902277144765e-01,3.777338124750059811e-01,4.151414538520615816e-01,3.573694539311325080e-01,3.790457924446166138e-01,3.663622250375130895e-01,3.034166998438979079e-01,3.083612273471780241e-01,3.539141529816990928e-01,4.051760657766002027e-01,3.764032002923787812e-01,3.468944087145651167e-01,4.019200150226415191e-01,4.014126114541172186e-01,4.037921065985167757e-01,3.956295913893337901e-01,3.876884738909278094e-01,4.338817045526353056e-01,3.961121621040620822e-01,4.697580520478021882e-01,4.678898441788875151e-01,4.572317047110727728e-01,4.207378309637704872e-01,0.000000000000000000e+00,3.869665666774236845e-01,4.158486785068902791e-01,4.963468793561819914e-01,0.000000000000000000e+00,4.754840066061419845e-01,4.554422958319194192e-01,4.562979835041007237e-01,4.601020903785574823e-01,4.893883895490949154e-01,0.000000000000000000e+00,4.829987737233316092e-01,3.975780935105391878e-01,4.544517797856892916e-01,0.000000000000000000e+00,4.462604966288247765e-01,4.123013272217200820e-01,0.000000000000000000e+00,4.078750556845828767e-01,4.962461773244434826e-01,4.434260848226720952e-01,4.440273645551651160e-01,4.343462068611352866e-01,4.704140972661325915e-01,0.000000000000000000e+00,4.055615849314394006e-01,4.316552777460850865e-01,4.615840573657524204e-01,4.622889452413890266e-01,4.454909170020860953e-01,4.583909855919436893e-01,4.583666375215201816e-01
3.983890398693735735e-01,3.987875785830675146e-01,3.777068676798033264e-01,2.665490027633645176e-01,2.874770218229040220e-01,3.566971272581739849e-01,0.000000000000000000e+00,3.864805455267871226e-01,3.393035202393523964e-01,3.816060205363179803e-01,3.914552668765852173e-01,3.733180001266542813e-01,2.733500998438173069e-01,2.862296387703309741e-01,0.000000000000000000e+00,4.045149996440777773e-01,3.941267251701204843e-01,3.970697649926754891e-01,4.048878345989859739e-01,3.838269571070049846e-01,3.941193644367458893e-01,4.048580280991531111e-01,3.779836402947283069e-01,4.032986127500409745e-01,3.853560854709037198e-01,3.897515665634346260e-01,3.770013040161063755e-01,3.201930757086928203e-01,3.674032705615060124e-01,3.902037132874716097e-01,3.722535112834066129e-01,3.600314479257373801e-01,3.556645558397216189e-01,3.629766913909608927e-01,3.407138501791174834e-01,2.789425309655068075e-01,2.871218184826693220e-01,3.355355879630231852e-01,3.869597044910481065e-01,0.000000000000000000e+00,4.586212455690458212e-01,4.891933353720357980e-01,4.391390869416798015e-01,0.000000000000000000e+00,0.000000000000000000e+00,0.000000000000000000e+00,4.267807805116408115e-01,4.792821927990176256e-01,0.000000000000000000e+00,4.571301106248346069e-01,4.481601853976027172e-01,4.561070381367766102e-01,4.418034851062199175e-01,4.740393646270819050e-01,0.000000000000000000e+00,4.704032797270332189e-01,3.430667641468280182e-01,4.515102557716830778e-01,0.000000000000000000e+00,4.428890732488706128e-01,4.303410421195736912e-01,0.000000000000000000e+00,0.000000000000000000e+00,5.008799184293389883e-01,4.290118339188842000e-01,4.423066774485253094e-01,4.239478486394461787e-01,4.642200063046291736e-01,0.000000000000000000e+00,4.166413282005735907e-01,4.371039528285334819e-01,4.553686863247327077e-01,4.570141747058543147e-01,4.415830254436778901e-01,0.000000000000000000e+00,4.619734419735387898e-01
4.433151473929169972e-01,4.410942815039591847e-01,3.743442896064200220e-01,2.888149647054550906e-01,3.640309547676868207e-01,3.876857491724042259e-01,3.864805455267871226e-01,0.000000000000000000e+00,3.945291551732078017e-01,4.348388416907882914e-01,3.157327673715489835e-01,0.000000000000000000e+00,3.849908288023987102e-01,3.539312750068712154e-01,4.044805647351902844e-01,4.412849779465775057e-01,0.000000000000000000e+00,4.277702654884120159e-01,3.722436557669188129e-01,3.917650066762973227e-01,3.672422997614417928e-01,4.453131854534149170e-01,3.353478384200146989e-01,4.529738375420517826e-01,4.262611208338404900e-01,4.445625568532466931e-01,3.770902634231266259e-01,3.701385787987290787e-01,3.587005922389814860e-01,3.490516721113375853e-01,3.937704808137899026e-01,3.347082496143182762e-01,4.222485431380038068e-01,4.013468306851483147e-01,3.922081400548135810e-01,2.532493820233401860e-01,2.416992175813711952e-01,0.000000000000000000e+00,4.034339296457398749e-01,0.000000000000000000e+00,4.336120893584743952e-01,0.000000000000000000e+00,4.125972452420574865e-01,4.484471380710601807e-01,0.000000000000000000e+00,4.129612066850710805e-01,0.000000000000000000e+00,4.899045160127735166e-01,0.000000000000000000e+00,4.687640821807815827e-01,4.070792320339665094e-01,4.292996002147362877e-01,3.359476355415961790e-01,4.755126915831142109e-01,0.000000000000000000e+00,4.711175247921525200e-01,0.000000000000000000e+00,4.157708591116144881e-01,0.000000000000000000e+00,4.343937833685033167e-01,0.000000000000000000e+00,0.000000000000000000e+00,0.000000000000000000e+00,4.972610939285129206e-01,4.190422874049495872e-01,3.887009911514313076e-01,4.126630429101099118e-01,4.268216024523279195e-01,0.000000000000000000e+00,4.358157390085454219e-01,4.370592050498939840e-01,4.533280304747597800e-01,4.173782089494180725e-01,3.900453873821220774e-01,0.000000000000000000e+00,4.427019387320865196e-01
0.000000000000000000e+00,3.749582729770162270e-01,2.495643067903831891e-01,3.729951604664535902e-01,2.872308347798515071e-01,2.792325980138334884e-01,3.393035202393523964e-01,3.945291551732078017e-01,0.000000000000000000e+00,4.284783484946482757e-01,2.723784724093574749e-01,4.099289094085316054e-01,3.182524875187897062e-01,3.831191514150573130e-01,0.000000000000000000e+00,3.991390823616854933e-01,4.205080758734268120e-01,3.969018650341936127e-01,2.282780771300073064e-01,3.754442152057175242e-01,3.672078413766505234e-01,3.949584372845453273e-01,3.471258980370086067e-01,4.208455555342184851e-01,3.753033149057938833e-01,3.900823603754697277e-01,2.979264395196045134e-01,3.930337639524785209e-01,3.575482670163553922e-01,3.853756404828156956e-01,4.150595429955695193e-01,3.884713091941219276e-01,3.864945726828549200e-01,4.087879667959583019e-01,4.019485080593228066e-01,3.736642330121771050e-01,3.956078165003629188e-01,3.896638140463993261e-01,4.050824693289605816e-01,0.000000000000000000e+00,4.220451780193936187e-01,3.916384750841593876e-01,4.668280131995620752e-01,4.141020502204177944e-01,0.000000000000000000e+00,0.000000000000000000e+00,4.119813562749952141e-01,5.069540876843661170e-01,0.000000000000000000e+00,4.956363891744566819e-01,4.799343535329854138e-01,4.827177389930495943e-01,4.918418164506878076e-01,4.962987623346633015e-01,0.000000000000000000e+00,4.933692964284082105e-01,3.808023564979486908e-01,4.692328973508784196e-01,4.770420137647006786e-01,0.000000000000000000e+00,0.000000000000000000e+00,0.000000000000000000e+00,0.000000000000000000e+00,5.072392237864151721e-01,4.189253698695781791e-01,0.000000000000000000e+00,4.018498594157304815e-01,4.955602788889830745e-01,0.000000000000000000e+00,0.000000000000000000e+00,4.181316323110350064e-01,4.987860403172211243e-01,4.691655344463078192e-01,4.527070069426303855e-01,0.000000000000000000e+00,4.822249431333062164e-01
3.436705344139491802e-01,0.000000000000000000e+00,4.145286966157041841e-01,3.792282117777516226e-01,4.063723473253008089e-01,4.195176548415402995e-01,3.816060205363179803e-01,4.348388416907882914e-01,4.284783484946482757e-01,0.000000000000000000e+00,4.294629653706845129e-01,2.676529804525756839e-01,3.893365570287197208e-01,0.000000000000000000e+00,3.920936352602126806e-01,3.636121234720319229e-01,2.883018300212639162e-01,3.196210292108125905e-01,4.239215622523420102e-01,3.471704986725882014e-01,4.063765292219335135e-01,3.555957767973285111e-01,4.134722329807852259e-01,2.769013300284224877e-01,2.761790849034915785e-01,3.162603974970609744e-01,4.115684058413223156e-01,3.819519902915186060e-01,3.710631498675138196e-01,0.000000000000000000e+00,3.252604945208101839e-01,3.336432782587753776e-01,2.681176276633824851e-01,3.102226094787349786e-01,3.077831588851843159e-01,3.536830924699678746e-01,3.211970993182032275e-01,2.565272619707872903e-01,3.358231308059088094e-01,3.411840150579961151e-01,3.798431268471728073e-01,0.000000000000000000e+00,0.000000000000000000e+00,0.000000000000000000e+00,2.772098592990308030e-01,0.000000000000000000e+00,0.000000000000000000e+00,0.000000000000000000e+00,0.000000000000000000e+00,0.000000000000000000e+00,0.000000000000000000e+00,4.035208132973518991e-01,0.000000000000000000e+00,0.000000000000000000e+00,3.891060109657238919e-01,0.000000000000000000e+00,3.957794686804849138e-01,3.927769265328598935e-01,0.000000000000000000e+00,0.000000000000000000e+00,0.000000000000000000e+00,4.110832908447490941e-01,3.902982854079000141e-01,0.000000000000000000e+00,0.000000000000000000e+00,0.000000000000000000e+00,3.741531772783917020e-01,4.691575551087779905e-01,3.816759455666409728e-01,4.077122515459071228e-01,4.073397495029116855e-01,4.533792947582839239e-01,3.922166722897197921e-01,4.267040756977795168e-01,0.000000000000000000e+00,3.953234925158339852e-01
4.186465740203856867e-01,0.000000000000000000e+00,2.588226853420417251e-01,3.183809826718194125e-01,3.026593396696354854e-01,3.379486060250078139e-01,3.914552668765852173e-01,3.157327673715489835e-01,2.723784724093574749e-01,4.294629653706845129e-01,0.000000000000000000e+00,4.114503720495636951e-01,4.048334249726490142e-01,2.803769484315817850e-01,0.000000000000000000e+00,0.000000000000000000e+00,4.289180892592351912e-01,0.000000000000000000e+00,2.358525096439789137e-01,0.000000000000000000e+00,0.000000000000000000e+00,0.000000000000000000e+00,2.992214089571739177e-01,4.242826076740491836e-01,4.307794014957577189e-01,4.223602159181755744e-01,3.162529463753728232e-01,3.997588358190475866e-01,4.284617399874088850e-01,0.000000000000000000e+00,4.345830136754185169e-01,3.262042063686367843e-01,3.954597390989367245e-01,4.250147704118908965e-01,3.956829026126071902e-01,2.738862771520306216e-01,3.552835991643384927e-01,3.925994029552614117e-01,3.723517260602612899e-01,0.000000000000000000e+00,0.000000000000000000e+00,0.000000000000000000e+00,4.117732344433557845e-01,0.000000000000000000e+00,0.000000000000000000e+00,0.000000000000000000e+00,0.000000000000000000e+00,2.825396507128575818e-01,0.000000000000000000e+00,4.750191055757346792e-01,4.614133446536252126e-01,4.603368737511255859e-01,4.541890754414493747e-01,3.910716153174336185e-01,0.000000000000000000e+00,2.424560667682824078e-01,4.197007289195960889e-01,4.542390723964029875e-01,0.000000000000000000e+00,0.000000000000000000e+00,0.000000000000000000e+00,0.000000000000000000e+00,0.000000000000000000e+00,2.118507886121061001e-01,0.000000000000000000e+00,0.000000000000000000e+00,0.000000000000000000e+00,4.763765885375854103e-01,0.000000000000000000e+00,0.000000000000000000e+00,0.000000000000000000e+00,4.451588268167961937e-01,4.607543143725503776e-01,4.298200421348334910e-01,0.000000000000000000e+00,0.000000000000000000e+00
3.229289684360460155e-01,0.000000000000000000e+00,4.039723197619667916e-01,0.000000000000000000e+00,3.968470093308373858e-01,4.071910945983335250e-01,3.733180001266542813e-01,0.000000000000000000e+00,4.099289094085316054e-01,2.676529804525756839e-01,4.114503720495636951e-01,0.000000000000000000e+00,3.862290952806302080e-01,0.000000000000000000e+00,0.000000000000000000e+00,3.446685806799955065e-01,3.368767384269448772e-01,3.438079761705943871e-01,4.531640916783776230e-01,0.000000000000000000e+00,3.954575055480281098e-01,0.000000000000000000e+00,4.240992962704361879e-01,2.560910893239978781e-01,3.313488726075564106e-01,3.067117758134335070e-01,3.951644316055026862e-01,3.797240138106443008e-01,0.000000000000000000e+00,0.000000000000000000e+00,3.366148065547346913e-01,3.026306360515279015e-01,2.550475026407095225e-01,2.477641167438404957e-01,2.724394678087250776e-01,3.163212068556711110e-01,2.831753708530976854e-01,2.327599725201444092e-01,3.870703000093613788e-01,3.602038644550328850e-01,3.937566141317295765e-01,0.000000000000000000e+00,0.000000000000000000e+00,0.000000000000000000e+00,2.849842180808080938e-01,0.000000000000000000e+00,0.000000000000000000e+00,0.000000000000000000e+00,0.000000000000000000e+00,0.000000000000000000e+00,0.000000000000000000e+00,3.943536738639399908e-01,0.000000000000000000e+00,0.000000000000000000e+00,4.003793356121145841e-01,0.000000000000000000e+00,4.008048883064874168e-01,3.973384774299801858e-01,0.000000000000000000e+00,0.000000000000000000e+00,3.763479877514209204e-01,4.135074417290104942e-01,3.924064660181585951e-01,0.000000000000000000e+00,0.000000000000000000e+00,0.000000000000000000e+00,0.000000000000000000e+00,0.000000000000000000e+00,3.753811699833882187e-01,4.111296196560236260e-01,4.072757100497135796e-01,0.000000000000000000e+00,4.111800572633768081e-01,0.000000000000000000e+00,0.000000000000000000e+00,3.968462654157394187e-01
3.983854761468687000e-01,3.975662624196585893e-01,3.808837869521491948e-01,2.681294385829074978e-01,3.333768948941915888e-01,3.214023556353727828e-01,2.733500998438173069e-01,3.849908288023987102e-01,3.182524875187897062e-01,3.893365570287197208e-01,4.048334249726490142e-01,3.862290952806302080e-01,0.000000000000000000e+00,3.067859411654128010e-01,3.926296355431502239e-01,4.040523735561526997e-01,3.920804529807874750e-01,3.969391898414587061e-01,4.074626407126358263e-01,3.693779504543741043e-01,3.960580280340887938e-01,3.971655647977361259e-01,3.811445420492963754e-01,3.864059287421430788e-01,3.871203223417392092e-01,3.902461723957029727e-01,3.806266248548790254e-01,2.693967959629757214e-01,3.367202665693453945e-01,3.136450194406090186e-01,3.544688596913262990e-01,3.633675148594148197e-01,3.624835604597745897e-01,3.677404193497444962e-01,3.398306454713455049e-01,3.018826876930111869e-01,3.092188559573615936e-01,3.489661130531009903e-01,3.667723819878124236e-01,4.001454211131725835e-01,4.426013473861504788e-01,4.497330251415674884e-01,4.148541386156556765e-01,4.502738965337708121e-01,0.000000000000000000e+00,0.000000000000000000e+00,4.236296779548707203e-01,4.714463547868359972e-01,0.000000000000000000e+00,4.547041281448652161e-01,4.436751228100577760e-01,4.501571458285473226e-01,4.395588815700590124e-01,4.678338524890657268e-01,3.930337037140623768e-01,4.661026638877914241e-01,3.424546900389157100e-01,4.453659707076759178e-01,0.000000000000000000e+00,4.417199591026519934e-01,4.220954966524250174e-01,0.000000000000000000e+00,0.000000000000000000e+00,0.000000000000000000e+00,4.283014446692722799e-01,4.320077554826172173e-01,4.361684505328662920e-01,4.525282633581106939e-01,0.000000000000000000e+00,4.073283822840472745e-01,4.256102422574140065e-01,4.488754441169713894e-01,4.513873349248908040e-01,4.362958049172233066e-01,4.476078573437822228e-01,4.469933821145187780e-01
0.000000000000000000e+00,0.000000000000000000e+00,3.753617886847099849e-01,2.732109835458527147e-01,2.711025306897125731e-01,3.753499858947277890e-01,2.862296387703309741e-01,3.539312750068712154e-01,3.831191514150573130e-01,0.000000000000000000e+00,2.803769484315817850e-01,0.000000000000000000e+00,3.067859411654128010e-01,0.000000000000000000e+00,0.000000000000000000e+00,0.000000000000000000e+00,0.000000000000000000e+00,0.000000000000000000e+00,3.357894227148313093e-01,0.000000000000000000e+00,4.235717366556397967e-01,0.000000000000000000e+00,3.699742460604529826e-01,0.000000000000000000e+00,0.000000000000000000e+00,4.478294492038396024e-01,3.892222647599890006e-01,2.590669955456764151e-01,0.000000000000000000e+00,0.000000000000000000e+00,0.000000000000000000e+00,2.685089359649919794e-01,0.000000000000000000e+00,0.000000000000000000e+00,0.000000000000000000e+00,2.166360810602681042e-01,1.775399921603612874e-01,0.000000000000000000e+00,0.000000000000000000e+00,0.000000000000000000e+00,0.000000000000000000e+00,0.000000000000000000e+00,3.996193976458801145e-01,0.000000000000000000e+00,0.000000000000000000e+00,0.000000000000000000e+00,0.000000000000000000e+00,4.599628753139163861e-01,0.000000000000000000e+00,0.000000000000000000e+00,4.154019343089345173e-01,0.000000000000000000e+00,4.377919223680343253e-01,4.479116909582533945e-01,0.000000000000000000e+00,4.195997078835069782e-01,0.000000000000000000e+00,0.000000000000000000e+00,4.307708206486606795e-01,0.000000000000000000e+00,0.000000000000000000e+00,0.000000000000000000e+00,0.000000000000000000e+00,4.627007374650377036e-01,0.000000000000000000e+00,0.000000000000000000e+00,0.000000000000000000e+00,4.549086648578649084e-01,0.000000000000000000e+00,0.000000000000000000e+00,0.000000000000000000e+00,4.656656608611439152e-01,0.000000000000000000e+00,0.000000000000000000e+00,0.000000000000000000e+00,0.000000000000000000e+00
3.634685877936504883e-01,3.937864332475767837e-01,3.801981532642030870e-01,0.000000000000000000e+00,0.000000000000000000e+00,3.908734386926894233e-01,0.000000000000000000e+00,4.044805647351902844e-01,0.000000000000000000e+00,3.920936352602126806e-01,0.000000000000000000e+00,0.000000000000000000e+00,3.926296355431502239e-01,0.000000000000000000e+00,0.000000000000000000e+00,3.948245642342066986e-01,3.729322055628769839e-01,3.859266105509056022e-01,0.000000000000000000e+00,3.210504384286926860e-01,3.672273773958280030e-01,3.310791310983239866e-01,3.690100755493839757e-01,4.053123418210756723e-01,3.690572281337310967e-01,3.336991935643647822e-01,3.883663765279343760e-01,3.668206066467930015e-01,3.622271628047615266e-01,0.000000000000000000e+00,3.695702597277573109e-01,4.005950100989182916e-01,3.799001804922739756e-01,3.780569439581595859e-01,4.314835989344106837e-01,4.548264145851135254e-01,0.000000000000000000e+00,0.000000000000000000e+00,4.369317168609044844e-01,4.336369074879879992e-01,4.512767187175339978e-01,4.774575801065703007e-01,0.000000000000000000e+00,0.000000000000000000e+00,0.000000000000000000e+00,0.000000000000000000e+00,4.911784941268085847e-01,0.000000000000000000e+00,0.000000000000000000e+00,0.000000000000000000e+00,4.381239832099335096e-01,0.000000000000000000e+00,3.682518668490550873e-01,0.000000000000000000e+00,0.000000000000000000e+00,0.000000000000000000e+00,0.000000000000000000e+00,4.548057201970269192e-01,0.000000000000000000e+00,3.844485787364820273e-01,4.567855563517781992e-01,0.000000000000000000e+00,4.461903529408270952e-01,0.000000000000000000e+00,3.879869590381346267e-01,4.258593982024164171e-01,4.333686263939668937e-01,4.592489928874802230e-01,0.000000000000000000e+00,4.182212883945604087e-01,4.590541213796505149e-01,4.506485772056422201e-01,4.471494184330523924e-01,4.269757556250978747e-01,4.504198790118548179e-01,4.367638341275745795e-01
3.842030557919515199e-01,3.785355522165040898e-01,3.778408081428951126e-01,0.000000000000000000e+00,4.023626165172426994e-01,4.005533626910460221e-01,4.045149996440777773e-01,4.412849779465775057e-01,3.991390823616854933e-01,3.636121234720319229e-01,0.000000000000000000e+00,3.446685806799955065e-01,4.040523735561526997e-01,0.000000000000000000e+00,3.948245642342066986e-01,0.000000000000000000e+00,3.510107008402004181e-01,3.300551403926795246e-01,0.000000000000000000e+00,3.697921122723437093e-01,4.037044689125068864e-01,3.502300333611806926e-01,3.982352127001688724e-01,3.491188728645023276e-01,3.574684016836278122e-01,3.943706713419525833e-01,3.794198065828213173e-01,3.854213228905772892e-01,3.789244052831445830e-01,3.932186564586078181e-01,3.617438802976505885e-01,4.108490327078705984e-01,3.498275729397725131e-01,3.687658235630263959e-01,4.164659242743480871e-01,0.000000000000000000e+00,0.000000000000000000e+00,0.000000000000000000e+00,4.246840406466939055e-01,4.107978436784969212e-01,4.072689336877354238e-01,4.572218118284577804e-01,0.000000000000000000e+00,0.000000000000000000e+00,0.000000000000000000e+00,4.150931720443988837e-01,4.513601790908858824e-01,0.000000000000000000e+00,0.000000000000000000e+00,0.000000000000000000e+00,3.850758981627077082e-01,3.864146297419754905e-01,0.000000000000000000e+00,0.000000000000000000e+00,3.544789438184743902e-01,0.000000000000000000e+00,0.000000000000000000e+00,3.900063301811048100e-01,0.000000000000000000e+00,4.466382963676662210e-01,4.378286392228331048e-01,3.785092650635656919e-01,4.117186582559810848e-01,0.000000000000000000e+00,4.276089143409648741e-01,4.456800924363331085e-01,4.421597780804585875e-01,4.561713247011480177e-01,3.884199033028257753e-01,4.323755665030172834e-01,4.509667926730990817e-01,4.414447983135217912e-01,4.076051928073838870e-01,4.105180364625551914e-01,0.000000000000000000e+00,4.104232535375387236e-01
3.290058212754545797e-01,0.000000000000000000e+00,0.000000000000000000e+00,3.575492203235626221e-01,4.195978900879446805e-01,4.115670635381801779e-01,3.941267251701204843e-01,0.000000000000000000e+00,4.205080758734268120e-01,2.883018300212639162e-01,4.289180892592351912e-01,3.368767384269448772e-01,3.920804529807874750e-01,0.000000000000000000e+00,3.729322055628769839e-01,3.510107008402004181e-01,0.000000000000000000e+00,3.049868137764888965e-01,0.000000000000000000e+00,3.534815687717178800e-01,0.000000000000000000e+00,3.563251622431626853e-01,4.122707457041345225e-01,3.363804013545587113e-01,3.208315240309064786e-01,3.451619932245730271e-01,4.100200894180279221e-01,3.766988773676199220e-01,3.705412654385253912e-01,0.000000000000000000e+00,3.325588276871462856e-01,3.769959076746042803e-01,2.967647406923750730e-01,3.407084705760097254e-01,3.550101174549287752e-01,0.000000000000000000e+00,0.000000000000000000e+00,3.183376845046037018e-01,3.693066615027941202e-01,3.570624187193344734e-01,3.742016284441332941e-01,0.000000000000000000e+00,0.000000000000000000e+00,0.000000000000000000e+00,0.000000000000000000e+00,0.000000000000000000e+00,0.000000000000000000e+00,0.000000000000000000e+00,0.000000000000000000e+00,0.000000000000000000e+00,0.000000000000000000e+00,0.000000000000000000e+00,0.000000000000000000e+00,0.000000000000000000e+00,3.982332459184204088e-01,0.000000000000000000e+00,3.919102459196219246e-01,0.000000000000000000e+00,0.000000000000000000e+00,0.000000000000000000e+00,3.562420526467025006e-01,3.995762157263352266e-01,3.912271907804518167e-01,0.000000000000000000e+00,0.000000000000000000e+00,0.000000000000000000e+00,3.984872019287705180e-01,0.000000000000000000e+00,3.789801908013292198e-01,4.002021127666438027e-01,4.057098983851171181e-01,0.000000000000000000e+00,0.000000000000000000e+00,0.000000000000000000e+00,0.000000000000000000e+00,3.865298906583464200e-01
3.405997619348765104e-01,3.696424157967416746e-01,0.000000000000000000e+00,0.000000000000000000e+00,3.880310710063927249e-01,3.875491802856319001e-01,3.970697649926754891e-01,4.277702654884120159e-01,3.969018650341936127e-01,3.196210292108125905e-01,0.000000000000000000e+00,3.438079761705943871e-01,3.969391898414587061e-01,0.000000000000000000e+00,3.859266105509056022e-01,3.300551403926795246e-01,3.049868137764888965e-01,0.000000000000000000e+00,0.000000000000000000e+00,3.875794460126905094e-01,3.813319959380225832e-01,3.815245610037372170e-01,3.985716007210313161e-01,3.323209588488855726e-01,3.006690574327886001e-01,3.582007045130328748e-01,3.769700815082833167e-01,3.870831666247884773e-01,3.868084496151715790e-01,3.963304238730542273e-01,3.598546696243137277e-01,3.903573026593126216e-01,3.146855950916516154e-01,3.668618365988197128e-01,3.725929857313268201e-01,0.000000000000000000e+00,0.000000000000000000e+00,2.947748667100335007e-01,3.899264717431590865e-01,3.777708902912949029e-01,3.784012116528909231e-01,4.121753836569034268e-01,0.000000000000000000e+00,0.000000000000000000e+00,0.000000000000000000e+00,3.785017639505903753e-01,4.359723230676629258e-01,0.000000000000000000e+00,0.000000000000000000e+00,0.000000000000000000e+00,3.831286127537921193e-01,0.000000000000000000e+00,0.000000000000000000e+00,0.000000000000000000e+00,3.723351447240926260e-01,0.000000000000000000e+00,3.739251083456738844e-01,3.788079130648487891e-01,0.000000000000000000e+00,4.392153460905370843e-01,4.091256345660740923e-01,3.826094044863430077e-01,3.946440256926688761e-01,0.000000000000000000e+00,4.017556600978031134e-01,0.000000000000000000e+00,4.167713580135620766e-01,0.000000000000000000e+00,3.724482391769896039e-01,4.003700875660141101e-01,4.115081579889244834e-01,4.434190529629608024e-01,3.727739031023700744e-01,3.823424245171133107e-01,0.000000000000000000e+00,3.864491512764530734e-01
0.000000000000000000e+00,0.000000000000000000e+00,2.214836460133287055e-01,3.572934312060470075e-01,3.279392487209035201e-01,3.599885986700144258e-01,4.048878345989859739e-01,3.722436557669188129e-01,2.282780771300073064e-01,4.239215622523420102e-01,2.358525096439789137e-01,4.531640916783776230e-01,4.074626407126358263e-01,3.357894227148313093e-01,0.000000000000000000e+00,0.000000000000000000e+00,0.000000000000000000e+00,0.000000000000000000e+00,0.000000000000000000e+00,0.000000000000000000e+00,0.000000000000000000e+00,0.000000000000000000e+00,3.015036916157767255e-01,4.216080972739648103e-01,0.000000000000000000e+00,4.255454975208898816e-01,3.153219348407497180e-01,4.021096006304967774e-01,0.000000000000000000e+00,0.000000000000000000e+00,4.297574588846914123e-01,3.669329693188307928e-01,3.980597158092312182e-01,4.282618027126952054e-01,4.066985252454435873e-01,3.385105537450481261e-01,4.028484591787295788e-01,4.006700750597753102e-01,4.225976153328265816e-01,0.000000000000000000e+00,4.666927905804281740e-01,0.000000000000000000e+00,4.417322694313677856e-01,3.478397727012634277e-01,0.000000000000000000e+00,0.000000000000000000e+00,0.000000000000000000e+00,2.851097330188919199e-01,0.000000000000000000e+00,4.873128725228476066e-01,4.804738166453008108e-01,4.828321113060460856e-01,4.788043239417064112e-01,4.840079190603622239e-01,0.000000000000000000e+00,4.850654855143652910e-01,0.000000000000000000e+00,4.590022238010580957e-01,0.000000000000000000e+00,0.000000000000000000e+00,0.000000000000000000e+00,0.000000000000000000e+00,0.000000000000000000e+00,5.055547574195914384e-01,0.000000000000000000e+00,0.000000000000000000e+00,0.000000000000000000e+00,5.048638487746616166e-01,0.000000000000000000e+00,0.000000000000000000e+00,0.000000000000000000e+00,5.022870141888844397e-01,4.746254164500305905e-01,4.442914402412194153e-01,0.000000000000000000e+00,0.000000000000000000e+00
3.930181021714482803e-01,3.896715434081666762e-01,3.878790381097168005e-01,3.847467776546005802e-01,3.846042298015823202e-01,3.711747221672364039e-01,3.838269571070049846e-01,3.917650066762973227e-01,3.754442152057175242e-01,3.471704986725882014e-01,0.000000000000000000e+00,0.000000000000000000e+00,3.693779504543741043e-01,0.000000000000000000e+00,3.210504384286926860e-01,3.697921122723437093e-01,3.534815687717178800e-01,3.875794460126905094e-01,0.000000000000000000e+00,0.000000000000000000e+00,3.889597158559441881e-01,3.011948901208996165e-01,2.844841730495870080e-01,4.211807455115094134e-01,3.613159849974286186e-01,3.829849935035881114e-01,3.119429127680560243e-01,3.235151091947016111e-01,2.799103829029853108e-01,3.427146075033843942e-01,3.302409031704565123e-01,3.831025234967728177e-01,3.477151611911107887e-01,3.483722973682755741e-01,4.058330947617023177e-01,4.335550071330490085e-01,3.932970151063214237e-01,3.295044811542489072e-01,4.199125447036710090e-01,4.151905698101783226e-01,4.420219514001987871e-01,4.605941172690656837e-01,4.675054704206090261e-01,0.000000000000000000e+00,0.000000000000000000e+00,0.000000000000000000e+00,4.398079046937216074e-01,0.000000000000000000e+00,0.000000000000000000e+00,0.000000000000000000e+00,4.348957504348455183e-01,4.390773632530118875e-01,4.164746790142764832e-01,0.000000000000000000e+00,0.000000000000000000e+00,0.000000000000000000e+00,4.347406923770905096e-01,4.357411371976819270e-01,0.000000000000000000e+00,4.343718644842908816e-01,4.311298435447850075e-01,0.000000000000000000e+00,4.047106516870553894e-01,0.000000000000000000e+00,4.232114838173093863e-01,4.222494704213691774e-01,4.337094083447408099e-01,4.502027412267186057e-01,0.000000000000000000e+00,4.050136955803937955e-01,4.572791922280390886e-01,4.501984348655406754e-01,4.455836585888217072e-01,4.307719403863626839e-01,4.434599092315005819e-01,4.320725291707602223e-01
3.612983419700571130e-01,4.138241807992968924e-01,3.671057350552897058e-01,0.000000000000000000e+00,0.000000000000000000e+00,3.810567718234820767e-01,3.941193644367458893e-01,3.672422997614417928e-01,3.672078413766505234e-01,4.063765292219335135e-01,0.000000000000000000e+00,3.954575055480281098e-01,3.960580280340887938e-01,4.235717366556397967e-01,3.672273773958280030e-01,4.037044689125068864e-01,0.000000000000000000e+00,3.813319959380225832e-01,0.000000000000000000e+00,3.889597158559441881e-01,0.000000000000000000e+00,4.028957956628759218e-01,3.627340819117207960e-01,4.102731595854569036e-01,3.764422548901055210e-01,3.810909274661807844e-01,4.002419509855302815e-01,3.861089920085366001e-01,3.605721151496837917e-01,0.000000000000000000e+00,3.755317604749546789e-01,4.066557929526478099e-01,3.802388955684706806e-01,3.844226187970524733e-01,4.526829925856493131e-01,0.000000000000000000e+00,0.000000000000000000e+00,0.000000000000000000e+00,4.431805458159002731e-01,4.648437370235717903e-01,4.536218143861606156e-01,0.000000000000000000e+00,0.000000000000000000e+00,0.000000000000000000e+00,0.000000000000000000e+00,3.950881185986320210e-01,4.926521683596112866e-01,0.000000000000000000e+00,0.000000000000000000e+00,0.000000000000000000e+00,0.000000000000000000e+00,0.000000000000000000e+00,3.281379571675134832e-01,0.000000000000000000e+00,0.000000000000000000e+00,0.000000000000000000e+00,0.000000000000000000e+00,4.220986939209189770e-01,0.000000000000000000e+00,4.244738036140647819e-01,4.639770402170744212e-01,0.000000000000000000e+00,4.519174531513742155e-01,0.000000000000000000e+00,4.107886966425816078e-01,3.943528525592573941e-01,4.500533206761039851e-01,4.165328880810363898e-01,0.000000000000000000e+00,4.186687111277215267e-01,4.965610500592630983e-01,4.289646679986918731e-01,4.098772080509339166e-01,3.914125575104229204e-01,0.000000000000000000e+00,4.378828924231675246e-01
