0.000000000000000000e+00,4.140790154507740795e-01,4.603655882144033207e-01,0.000000000000000000e+00,0.000000000000000000e+00,4.437999628940343944e-01,0.000000000000000000e+00,5.204452387485187792e-01,0.000000000000000000e+00,4.187798238722346134e-01,0.000000000000000000e+00,3.945494326380604155e-01,4.425602579729838726e-01,0.000000000000000000e+00,3.678126414628227758e-01,4.056188582701604206e-01,0.000000000000000000e+00,3.986817077713805113e-01,0.000000000000000000e+00,4.236772516621877815e-01,4.065819510530114811e-01,4.070305020863038137e-01,4.606505062202089773e-01,3.665991403045608110e-01,3.749619067078309165e-01,3.621603607891005217e-01,4.419156593869759120e-01,4.418420322049889104e-01,4.308112409970364931e-01,0.000000000000000000e+00,3.599726878470430047e-01,4.150835079251087856e-01,3.740153939402279804e-01,3.555947137013943937e-01,4.067342444987394057e-01,5.029454168113549617e-01,0.000000000000000000e+00,4.176863717691403077e-01,4.214234730989535049e-01,3.926296259323501792e-01,4.134202548347442052e-01,4.117205210506751922e-01,0.000000000000000000e+00,0.000000000000000000e+00,0.000000000000000000e+00,3.404644487765853267e-01,4.608881807842197253e-01,0.000000000000000000e+00,0.000000000000000000e+00,0.000000000000000000e+00,4.342441437052830255e-01,0.000000000000000000e+00,0.000000000000000000e+00,0.000000000000000000e+00,0.000000000000000000e+00,0.000000000000000000e+00,0.000000000000000000e+00,0.000000000000000000e+00,0.000000000000000000e+00,5.091571908013683423e-01,4.422594595396975858e-01,0.000000000000000000e+00,4.233698138457516746e-01,0.000000000000000000e+00,0.000000000000000000e+00,3.851880633893975947e-01,4.560295022329716730e-01,0.000000000000000000e+00,3.133192678594227121e-01,4.361360405653018080e-01,4.619466836554866895e-01,0.000000000000000000e+00,0.000000000000000000e+00,0.000000000000000000e+00,0.000000000000000000e+00,3.949607923456249226e-01
4.140790154507740795e-01,0.000000000000000000e+00,0.000000000000000000e+00,0.000000000000000000e+00,4.209911335583335079e-01,4.091506253139833849e-01,4.413643209433683046e-01,4.522699743448946874e-01,4.049764145304546870e-01,3.365742802470600981e-01,0.000000000000000000e+00,3.454959080867590071e-01,4.452721792944380197e-01,0.000000000000000000e+00,4.194671788947564872e-01,3.988969620745854150e-01,4.250622169796480221e-01,4.003891949016776808e-01,0.000000000000000000e+00,4.202627865490248804e-01,4.229980541774960856e-01,3.977805875003438962e-01,4.043075917717454115e-01,0.000000000000000000e+00,3.732219078163719894e-01,3.831385256965911812e-01,4.175007652788408907e-01,4.526338186019728260e-01,4.247027066751472013e-01,0.000000000000000000e+00,3.660991556895111798e-01,4.223447553712302849e-01,3.698877410929051757e-01,3.775160535728537825e-01,4.212675151925395767e-01,0.000000000000000000e+00,0.000000000000000000e+00,0.000000000000000000e+00,4.588039037430354239e-01,4.493257578941728947e-01,4.597508715199650209e-01,4.749574414212636153e-01,0.000000000000000000e+00,0.000000000000000000e+00,0.000000000000000000e+00,4.535698013245273996e-01,4.692331169724329176e-01,0.000000000000000000e+00,0.000000000000000000e+00,0.000000000000000000e+00,4.473738514781886999e-01,0.000000000000000000e+00,0.000000000000000000e+00,0.000000000000000000e+00,0.000000000000000000e+00,0.000000000000000000e+00,0.000000000000000000e+00,4.590876774893800083e-01,0.000000000000000000e+00,4.990589105529293912e-01,4.606050872859233092e-01,4.456438398299968906e-01,4.446960272649280732e-01,0.000000000000000000e+00,4.581316980270566108e-01,4.767223220286548879e-01,4.686221869308198062e-01,4.690042999116246780e-01,0.000000000000000000e+00,4.562896994169681752e-01,4.915948047725883785e-01,4.547284557974473063e-01,4.653858072005753743e-01,4.471560375593665038e-01,0.000000000000000000e+00,4.347380808426218879e-01
4.603655882144033207e-01,0.000000000000000000e+00,0.000000000000000000e+00,4.207244646652070208e-01,3.982638262070787860e-01,3.995579924338484856e-01,4.680303710928506167e-01,4.305144296794556902e-01,3.339094437822597849e-01,4.696746003806820946e-01,3.843988786998588925e-01,4.646256895121245178e-01,4.833862923874919781e-01,4.256990568305267231e-01,0.000000000000000000e+00,0.000000000000000000e+00,4.831458339564342896e-01,0.000000000000000000e+00,2.806296262990261026e-01,0.000000000000000000e+00,4.233092868120210128e-01,0.000000000000000000e+00,3.291074968780294263e-01,4.821393272630031812e-01,4.719165508641257056e-01,4.575557696173901956e-01,3.625719870775728215e-01,4.733566951171573889e-01,4.198220233688085834e-01,5.037005815923125684e-01,4.843728668753655153e-01,4.293982203477185178e-01,4.531964359729930836e-01,4.812559155515193088e-01,4.708693321064655879e-01,4.303767838883604258e-01,4.437851899306676229e-01,4.602927767058231923e-01,5.050256259801466641e-01,0.000000000000000000e+00,4.697952420617343972e-01,5.179677577888764928e-01,4.689920248508021028e-01,0.000000000000000000e+00,0.000000000000000000e+00,0.000000000000000000e+00,0.000000000000000000e+00,5.200526269178264993e-01,0.000000000000000000e+00,5.197937582882912189e-01,5.573482813720656015e-01,5.642533686133938131e-01,5.384948578195239977e-01,5.765859629657520413e-01,0.000000000000000000e+00,4.853253946400030161e-01,0.000000000000000000e+00,5.633576831147164565e-01,5.368786649902157482e-01,0.000000000000000000e+00,0.000000000000000000e+00,0.000000000000000000e+00,0.000000000000000000e+00,3.757048294692867940e-01,0.000000000000000000e+00,0.000000000000000000e+00,0.000000000000000000e+00,5.556529826080769396e-01,0.000000000000000000e+00,0.000000000000000000e+00,0.000000000000000000e+00,5.666327770251464724e-01,5.386716510689797399e-01,4.937875845852656154e-01,5.474381282994720266e-01,5.458412618934243010e-01
0.000000000000000000e+00,0.000000000000000000e+00,4.207244646652070208e-01,0.000000000000000000e+00,2.583504341622042122e-01,4.292385813671301120e-01,2.951942540302522899e-01,3.993943237047369865e-01,4.233191129830334853e-01,1.943254782679383064e-01,3.753744613019557863e-01,4.136488139629364014e-01,3.470853346727615918e-01,2.787282680504629129e-01,0.000000000000000000e+00,0.000000000000000000e+00,0.000000000000000000e+00,0.000000000000000000e+00,4.034460133046615105e-01,4.518289379816318174e-01,0.000000000000000000e+00,4.700231496290763755e-01,4.321777185059154092e-01,0.000000000000000000e+00,0.000000000000000000e+00,0.000000000000000000e+00,4.323938375327842087e-01,2.317352362054554971e-01,4.273136630206251785e-01,0.000000000000000000e+00,0.000000000000000000e+00,3.085470988420048744e-01,0.000000000000000000e+00,2.629224055972603225e-01,3.373634296324827253e-01,2.007127631081332131e-01,1.729894872642205039e-01,0.000000000000000000e+00,2.828886875132148870e-01,0.000000000000000000e+00,3.743094503879547119e-01,0.000000000000000000e+00,0.000000000000000000e+00,0.000000000000000000e+00,0.000000000000000000e+00,0.000000000000000000e+00,0.000000000000000000e+00,5.139079843827514260e-01,0.000000000000000000e+00,0.000000000000000000e+00,0.000000000000000000e+00,0.000000000000000000e+00,5.217195749282836914e-01,0.000000000000000000e+00,0.000000000000000000e+00,0.000000000000000000e+00,0.000000000000000000e+00,0.000000000000000000e+00,0.000000000000000000e+00,0.000000000000000000e+00,0.000000000000000000e+00,0.000000000000000000e+00,0.000000000000000000e+00,0.000000000000000000e+00,0.000000000000000000e+00,0.000000000000000000e+00,0.000000000000000000e+00,4.989476769149789881e-01,0.000000000000000000e+00,0.000000000000000000e+00,0.000000000000000000e+00,0.000000000000000000e+00,0.000000000000000000e+00,0.000000000000000000e+00,0.000000000000000000e+00,0.000000000000000000e+00
0.000000000000000000e+00,4.209911335583335079e-01,3.982638262070787860e-01,2.583504341622042122e-01,0.000000000000000000e+00,3.779550682427951225e-01,3.297653171690523854e-01,4.146032977373920181e-01,3.363897729396612135e-01,4.287644405417564974e-01,3.313746110061697170e-01,4.677080018636745051e-01,3.989593851723777784e-01,3.014521951734426275e-01,0.000000000000000000e+00,4.552197765418394826e-01,0.000000000000000000e+00,0.000000000000000000e+00,3.488295420864984120e-01,0.000000000000000000e+00,0.000000000000000000e+00,4.758012747171794787e-01,4.087542668229298126e-01,0.000000000000000000e+00,3.917025141349101958e-01,4.011814381114657824e-01,3.973305207326484068e-01,3.856917677828637925e-01,4.209204454824808095e-01,0.000000000000000000e+00,4.541996773715767932e-01,3.971487906865380779e-01,4.065551026433376069e-01,4.594544791535589146e-01,4.444735504204537224e-01,2.535725435301945940e-01,2.404704911206942963e-01,4.187866692282776193e-01,4.721292892650064132e-01,0.000000000000000000e+00,4.189710135171981764e-01,0.000000000000000000e+00,3.904117062823638795e-01,0.000000000000000000e+00,0.000000000000000000e+00,0.000000000000000000e+00,0.000000000000000000e+00,5.391999619203824423e-01,0.000000000000000000e+00,4.744836570511463125e-01,5.169540833385506406e-01,5.356999841844483079e-01,5.122617891241564303e-01,5.380152777090700944e-01,0.000000000000000000e+00,4.251875252351399181e-01,0.000000000000000000e+00,5.339263572567842786e-01,0.000000000000000000e+00,0.000000000000000000e+00,0.000000000000000000e+00,0.000000000000000000e+00,0.000000000000000000e+00,5.351468059232402652e-01,0.000000000000000000e+00,0.000000000000000000e+00,0.000000000000000000e+00,5.280811803429621420e-01,0.000000000000000000e+00,0.000000000000000000e+00,0.000000000000000000e+00,5.300813896132829939e-01,5.131950064929901023e-01,0.000000000000000000e+00,0.000000000000000000e+00,0.000000000000000000e+00
4.437999628940343944e-01,4.091506253139833849e-01,3.995579924338484856e-01,4.292385813671301120e-01,3.779550682427951225e-01,0.000000000000000000e+00,4.154620137038882999e-01,4.388819778635825730e-01,3.536748093492187994e-01,3.432364868823544191e-01,4.214101393219049085e-01,3.503410213216024971e-01,3.933379995755837966e-01,4.444207094856206242e-01,4.519991722234675824e-01,3.946444148682659026e-01,4.480895900517405939e-01,3.946571031019703857e-01,4.506275579344953264e-01,4.151824802799158887e-01,4.533639156355858124e-01,4.267984954824385890e-01,3.971803222948431800e-01,4.538097520829482145e-01,3.723163774789606806e-01,4.011280834720786226e-01,3.769756872822371818e-01,3.967667617054220219e-01,3.671971804444238985e-01,4.191091487229829937e-01,4.303373020349041123e-01,4.220555051410124214e-01,3.847727951889071130e-01,4.359531781650615168e-01,4.502101610243037788e-01,4.709673687629706840e-01,4.460328581916350732e-01,4.475642850436288844e-01,4.912433105360882735e-01,4.299880711864391136e-01,4.650326440230193037e-01,4.756175704707306107e-01,5.057443487615467248e-01,0.000000000000000000e+00,0.000000000000000000e+00,0.000000000000000000e+00,4.269502500594464234e-01,5.617862549164961417e-01,0.000000000000000000e+00,5.277768776649013338e-01,5.116877717559326078e-01,5.328703671910423045e-01,4.901055062821120245e-01,5.686618565544869774e-01,0.000000000000000000e+00,5.448638686215520055e-01,0.000000000000000000e+00,5.248379535916969374e-01,0.000000000000000000e+00,4.861427168865556925e-01,4.240034714477752265e-01,0.000000000000000000e+00,4.032115810763485242e-01,5.683516812691565834e-01,4.801018390443588246e-01,4.629318701493865817e-01,4.779903468360516272e-01,5.236314887388990869e-01,0.000000000000000000e+00,4.176777543494230027e-01,4.464000921734739835e-01,5.250874299836775227e-01,5.149546081636225958e-01,4.817138681642524900e-01,5.079590579014727769e-01,5.071283792792102840e-01
0.000000000000000000e+00,4.413643209433683046e-01,4.680303710928506167e-01,2.951942540302522899e-01,3.297653171690523854e-01,4.154620137038882999e-01,0.000000000000000000e+00,4.602995442219339206e-01,4.123042682508624157e-01,4.038427347357679831e-01,4.552096713423843255e-01,4.089776270036373229e-01,3.348120921988939069e-01,3.212506252980392163e-01,0.000000000000000000e+00,4.667582399832865270e-01,4.181133003509029944e-01,4.499234240635613946e-01,4.735141116335068179e-01,4.388195791503953780e-01,4.431447845036676769e-01,4.803274269605696256e-01,4.433714703136446000e-01,0.000000000000000000e+00,4.157707045369741228e-01,4.164254864573549986e-01,4.335327639705973124e-01,3.824669426659844107e-01,4.472982660467041960e-01,0.000000000000000000e+00,4.183772195811292227e-01,4.101510011079291251e-01,4.036065285941178860e-01,4.165336031237176218e-01,4.163044152852323765e-01,3.217257596935785835e-01,3.165404100416054911e-01,3.945357208584113762e-01,4.548778972324979963e-01,0.000000000000000000e+00,3.951696939058342850e-01,0.000000000000000000e+00,5.144384619274692261e-01,0.000000000000000000e+00,0.000000000000000000e+00,0.000000000000000000e+00,4.575276650663591127e-01,5.393106816008388371e-01,0.000000000000000000e+00,5.229866338963407024e-01,5.092044260528719724e-01,5.311368217199617936e-01,4.853871256852401173e-01,5.520894905203309611e-01,0.000000000000000000e+00,4.945341322530020789e-01,0.000000000000000000e+00,5.136883277117690882e-01,0.000000000000000000e+00,0.000000000000000000e+00,4.499954999916256915e-01,0.000000000000000000e+00,0.000000000000000000e+00,5.424897056329007761e-01,4.730074047049033781e-01,0.000000000000000000e+00,4.635189447734641144e-01,5.207409371437325962e-01,0.000000000000000000e+00,0.000000000000000000e+00,4.744152196549544231e-01,5.185921423382273687e-01,4.935033591151036791e-01,4.916111243846735812e-01,0.000000000000000000e+00,5.173108606505281148e-01
5.204452387485187792e-01,4.522699743448946874e-01,4.305144296794556902e-01,3.993943237047369865e-01,4.146032977373920181e-01,4.388819778635825730e-01,4.602995442219339206e-01,0.000000000000000000e+00,4.893796009832139804e-01,5.122620342965412688e-01,3.213315205392565099e-01,5.074488318279105625e-01,4.721344441748380194e-01,3.781637429782387927e-01,4.301781646840980855e-01,4.601635522951891266e-01,0.000000000000000000e+00,4.888870105235815222e-01,3.907908639095410974e-01,4.131974594413533874e-01,4.228033269206661893e-01,4.448685271838990207e-01,3.674873614916748243e-01,5.250864617586973315e-01,4.946498014718589964e-01,4.891660684969814099e-01,4.545738125965613774e-01,4.475652752356676922e-01,4.152216571783786114e-01,4.278744888498077215e-01,4.474472320190214791e-01,4.247901923812387182e-01,4.261321234607812203e-01,4.612886683256444131e-01,4.685091758555174901e-01,3.507324605924184158e-01,4.475338964734468794e-01,4.855473362694843198e-01,4.759235283440038100e-01,0.000000000000000000e+00,4.736708247505728164e-01,0.000000000000000000e+00,3.894859946089438973e-01,0.000000000000000000e+00,0.000000000000000000e+00,0.000000000000000000e+00,0.000000000000000000e+00,5.202998764289510358e-01,0.000000000000000000e+00,4.463151511867293753e-01,4.755539053873549804e-01,5.057982563219277639e-01,3.376483302666331010e-01,5.458555921942778166e-01,0.000000000000000000e+00,4.507163529509040090e-01,0.000000000000000000e+00,5.008332032048860016e-01,4.343015281103694836e-01,0.000000000000000000e+00,0.000000000000000000e+00,0.000000000000000000e+00,0.000000000000000000e+00,5.255258420771929950e-01,5.185564915349291093e-01,2.571529529393489777e-01,0.000000000000000000e+00,4.764275211623413830e-01,0.000000000000000000e+00,0.000000000000000000e+00,0.000000000000000000e+00,5.095634515639335671e-01,4.987678198193700729e-01,4.664414230744851064e-01,0.000000000000000000e+00,4.923826702567992153e-01
0.000000000000000000e+00,4.049764145304546870e-01,3.339094437822597849e-01,4.233191129830334853e-01,3.363897729396612135e-01,3.536748093492187994e-01,4.123042682508624157e-01,4.893796009832139804e-01,0.000000000000000000e+00,4.778408694791939082e-01,3.124213795252462900e-01,4.720782459967252098e-01,4.454944653353163919e-01,4.317607885844200744e-01,4.554528295993804932e-01,0.000000000000000000e+00,4.751851053718877949e-01,4.692970678378127758e-01,2.769808431627179823e-01,0.000000000000000000e+00,4.303524127622441187e-01,4.553581462516199108e-01,4.153539617058714106e-01,4.566267041721615016e-01,4.444686305503577906e-01,4.312310812367152191e-01,3.714354773044628022e-01,4.766198330718278142e-01,4.326492293193883731e-01,4.505767718860366200e-01,4.935747932625532131e-01,4.457065432283396911e-01,4.398714815902087238e-01,4.839700913729417797e-01,4.773655083814157818e-01,4.480398963662123868e-01,4.678504769908071736e-01,4.676484157051949975e-01,5.015280588445699683e-01,0.000000000000000000e+00,4.511905504618398122e-01,4.688919911496893800e-01,4.886476351628956105e-01,5.620681029837217846e-01,4.515163192399992975e-01,0.000000000000000000e+00,0.000000000000000000e+00,5.846738663405464109e-01,0.000000000000000000e+00,5.358001831372926071e-01,5.643024479053605491e-01,5.651425621923509279e-01,5.570920397548690950e-01,5.865036717247534837e-01,0.000000000000000000e+00,5.363465202112424057e-01,4.424796075333126133e-01,5.678771769909956024e-01,5.142092516310809991e-01,0.000000000000000000e+00,0.000000000000000000e+00,0.000000000000000000e+00,0.000000000000000000e+00,5.792772685238748442e-01,0.000000000000000000e+00,0.000000000000000000e+00,0.000000000000000000e+00,5.689333498137459921e-01,0.000000000000000000e+00,0.000000000000000000e+00,0.000000000000000000e+00,5.722354149118545896e-01,5.547949477234107585e-01,4.942237516491879146e-01,0.000000000000000000e+00,5.527914557805432283e-01
4.187798238722346134e-01,3.365742802470600981e-01,4.696746003806820946e-01,1.943254782679383064e-01,4.287644405417564974e-01,3.432364868823544191e-01,4.038427347357679831e-01,5.122620342965412688e-01,4.778408694791939082e-01,0.000000000000000000e+00,4.652513694254873933e-01,2.818392130378395977e-01,4.206891522345699852e-01,0.000000000000000000e+00,0.000000000000000000e+00,3.639642635378649849e-01,3.330394796640039901e-01,3.793550516050384069e-01,4.816849199022716910e-01,3.784110794577801862e-01,4.851225931037275174e-01,3.704123359038070107e-01,4.898994679094215154e-01,3.019950445537892825e-01,3.227757471731653727e-01,3.214714974209642029e-01,4.211651825325153919e-01,3.861012292011125058e-01,3.771085968691336165e-01,3.729057023830630868e-01,3.206234366135887193e-01,3.039463688482617054e-01,3.313788555159781768e-01,3.284288525454688856e-01,3.302684999933929166e-01,2.862722325425535175e-01,2.891719405741677851e-01,2.824045391444933162e-01,3.113644976379241758e-01,4.052712044775869105e-01,3.189010187838028920e-01,3.321531964299276884e-01,3.103609256011188866e-01,0.000000000000000000e+00,3.580987076998258800e-01,4.399074526181511180e-01,0.000000000000000000e+00,0.000000000000000000e+00,0.000000000000000000e+00,0.000000000000000000e+00,0.000000000000000000e+00,3.369008226632890790e-01,4.855591361265449990e-01,4.199103603070569735e-01,4.739580295497244911e-01,4.089193565808110775e-01,4.606939907348038266e-01,3.914040239418942191e-01,0.000000000000000000e+00,0.000000000000000000e+00,4.176168374388284921e-01,4.852865861992471941e-01,4.681700273311273919e-01,0.000000000000000000e+00,0.000000000000000000e+00,4.615321376902820072e-01,0.000000000000000000e+00,4.890799032705754890e-01,4.148105424086325765e-01,4.822194451621613087e-01,4.753192173613873805e-01,0.000000000000000000e+00,3.643081157056133890e-01,0.000000000000000000e+00,0.000000000000000000e+00,4.409542271151168924e-01
0.000000000000000000e+00,0.000000000000000000e+00,3.843988786998588925e-01,3.753744613019557863e-01,3.313746110061697170e-01,4.214101393219049085e-01,4.552096713423843255e-01,3.213315205392565099e-01,3.124213795252462900e-01,4.652513694254873933e-01,0.000000000000000000e+00,4.620841131699566229e-01,4.730311493676834789e-01,3.175193524179196758e-01,0.000000000000000000e+00,0.000000000000000000e+00,4.752925646322163078e-01,4.750484170483598723e-01,2.805104486487542959e-01,0.000000000000000000e+00,0.000000000000000000e+00,0.000000000000000000e+00,3.639193855414464274e-01,0.000000000000000000e+00,4.598577359755071092e-01,0.000000000000000000e+00,4.112395299655692837e-01,4.589106418619691152e-01,0.000000000000000000e+00,0.000000000000000000e+00,4.931941065084605169e-01,4.128116526452529911e-01,4.419987165643234905e-01,4.786891387341857818e-01,4.655807480685836830e-01,3.432962726013999988e-01,4.392153036040850056e-01,4.466709666471664897e-01,4.265914026315265062e-01,0.000000000000000000e+00,4.234514132486870142e-01,4.359480376004795099e-01,4.026516564528374031e-01,0.000000000000000000e+00,4.377320171397481863e-01,0.000000000000000000e+00,0.000000000000000000e+00,4.144521555973881832e-01,0.000000000000000000e+00,4.066285091506076088e-01,5.194401145847928891e-01,4.512520830937630789e-01,4.342445819097420223e-01,5.219643922050348772e-01,4.550553988117798099e-01,2.440729353339247953e-01,4.686404023453952794e-01,4.689372084851358147e-01,4.115440055818775922e-01,0.000000000000000000e+00,0.000000000000000000e+00,0.000000000000000000e+00,0.000000000000000000e+00,2.181194574245927942e-01,0.000000000000000000e+00,0.000000000000000000e+00,0.000000000000000000e+00,5.026787291187830853e-01,0.000000000000000000e+00,0.000000000000000000e+00,0.000000000000000000e+00,5.171157853352187361e-01,4.591748279640017194e-01,0.000000000000000000e+00,0.000000000000000000e+00,4.708559304256478839e-01
3.945494326380604155e-01,3.454959080867590071e-01,4.646256895121245178e-01,4.136488139629364014e-01,4.677080018636745051e-01,3.503410213216024971e-01,4.089776270036373229e-01,5.074488318279105625e-01,4.720782459967252098e-01,2.818392130378395977e-01,4.620841131699566229e-01,0.000000000000000000e+00,4.248824736575854133e-01,0.000000000000000000e+00,3.919720388994095139e-01,0.000000000000000000e+00,3.579103868571060221e-01,3.841352548742837936e-01,4.755704048867553935e-01,4.109925823603969852e-01,0.000000000000000000e+00,3.495910753610564914e-01,4.746238733672289989e-01,2.773125721004621180e-01,3.455892722597013744e-01,3.154567191352811162e-01,4.275359077709596223e-01,3.999126435064151996e-01,3.503841622538855782e-01,0.000000000000000000e+00,3.432549691432743022e-01,2.792308561394539201e-01,3.541045632111686214e-01,3.098542862931871755e-01,3.025723217060787840e-01,2.965758610577217125e-01,2.948466046063891177e-01,2.257115969980451886e-01,0.000000000000000000e+00,4.335320879990515741e-01,3.532596205543839241e-01,2.595848914292498977e-01,0.000000000000000000e+00,0.000000000000000000e+00,3.914824542818043929e-01,4.566522739528882102e-01,0.000000000000000000e+00,0.000000000000000000e+00,0.000000000000000000e+00,0.000000000000000000e+00,0.000000000000000000e+00,0.000000000000000000e+00,0.000000000000000000e+00,0.000000000000000000e+00,4.923096846837444751e-01,0.000000000000000000e+00,4.862254055048058077e-01,4.631851349487445257e-01,0.000000000000000000e+00,0.000000000000000000e+00,4.631983811129966044e-01,4.874466310248402046e-01,4.771579083219479878e-01,0.000000000000000000e+00,0.000000000000000000e+00,4.696978887842528927e-01,0.000000000000000000e+00,0.000000000000000000e+00,4.488893983007912758e-01,4.854863586926079777e-01,4.817551491033459921e-01,0.000000000000000000e+00,4.410034217505989229e-01,0.000000000000000000e+00,0.000000000000000000e+00,4.460185315102542236e-01
4.425602579729838726e-01,4.452721792944380197e-01,4.833862923874919781e-01,3.470853346727615918e-01,3.989593851723777784e-01,3.933379995755837966e-01,3.348120921988939069e-01,4.721344441748380194e-01,4.454944653353163919e-01,4.206891522345699852e-01,4.730311493676834789e-01,4.248824736575854133e-01,0.000000000000000000e+00,4.110573961588632752e-01,4.488497088712818939e-01,4.728945188527354238e-01,4.222890947854238131e-01,4.578709323140017773e-01,4.864363955512244764e-01,4.415033317444400085e-01,4.599514688814890229e-01,4.802240395247279747e-01,4.558961110251621984e-01,4.099997619598230170e-01,4.263309804624166865e-01,4.240111707347207770e-01,4.502536981688640139e-01,3.611975469097257752e-01,4.047532573755742158e-01,3.737220387063707183e-01,4.119205229994696849e-01,4.217793604292557896e-01,4.155674822206489871e-01,4.212265328512099227e-01,4.090098030001412810e-01,3.843370206430278269e-01,3.897450423209860015e-01,3.988802132350844909e-01,4.188452775942286821e-01,3.945188690131566922e-01,3.753839403007052100e-01,4.042192497623621206e-01,4.434872189644792906e-01,0.000000000000000000e+00,3.770979369924560842e-01,0.000000000000000000e+00,4.585479833751701095e-01,5.419769340314291028e-01,0.000000000000000000e+00,0.000000000000000000e+00,5.082199703231700116e-01,4.982433325570688187e-01,4.934013669812920000e-01,5.439366708591228949e-01,3.896193091076640136e-01,4.880610120943021935e-01,3.830632763749852177e-01,4.909960824920865941e-01,0.000000000000000000e+00,4.877906756365170127e-01,4.511890184376208257e-01,0.000000000000000000e+00,0.000000000000000000e+00,5.457134460402093268e-01,4.881228043259929761e-01,0.000000000000000000e+00,4.622090267196539148e-01,5.204464834414512797e-01,0.000000000000000000e+00,4.547933079100925924e-01,4.791709763971777059e-01,5.236114745636291090e-01,4.652669744370991900e-01,4.985144981927644992e-01,0.000000000000000000e+00,4.778598048588065805e-01
0.000000000000000000e+00,0.000000000000000000e+00,4.256990568305267231e-01,2.787282680504629129e-01,3.014521951734426275e-01,4.444207094856206242e-01,3.212506252980392163e-01,3.781637429782387927e-01,4.317607885844200744e-01,0.000000000000000000e+00,3.175193524179196758e-01,0.000000000000000000e+00,4.110573961588632752e-01,0.000000000000000000e+00,0.000000000000000000e+00,0.000000000000000000e+00,0.000000000000000000e+00,0.000000000000000000e+00,3.672662260026006154e-01,0.000000000000000000e+00,4.871637901595555209e-01,0.000000000000000000e+00,4.203093264298141118e-01,5.172626600607118652e-01,0.000000000000000000e+00,4.973177799925168063e-01,4.636162876034953806e-01,3.200826970380846737e-01,0.000000000000000000e+00,0.000000000000000000e+00,0.000000000000000000e+00,3.153559895202042163e-01,0.000000000000000000e+00,0.000000000000000000e+00,0.000000000000000000e+00,2.385740653561176094e-01,1.910750120851150979e-01,0.000000000000000000e+00,0.000000000000000000e+00,0.000000000000000000e+00,0.000000000000000000e+00,0.000000000000000000e+00,4.058803626069010240e-01,0.000000000000000000e+00,0.000000000000000000e+00,0.000000000000000000e+00,0.000000000000000000e+00,5.196350074532082308e-01,0.000000000000000000e+00,4.305267585728214108e-01,0.000000000000000000e+00,4.952831323002733210e-01,4.427667523573068920e-01,0.000000000000000000e+00,0.000000000000000000e+00,4.495421903805119079e-01,0.000000000000000000e+00,0.000000000000000000e+00,3.955182106438128731e-01,0.000000000000000000e+00,0.000000000000000000e+00,0.000000000000000000e+00,0.000000000000000000e+00,4.987529771769507736e-01,0.000000000000000000e+00,0.000000000000000000e+00,0.000000000000000000e+00,5.036672812715791148e-01,0.000000000000000000e+00,0.000000000000000000e+00,0.000000000000000000e+00,5.221909519600581584e-01,0.000000000000000000e+00,0.000000000000000000e+00,0.000000000000000000e+00,0.000000000000000000e+00
3.678126414628227758e-01,4.194671788947564872e-01,0.000000000000000000e+00,0.000000000000000000e+00,0.000000000000000000e+00,4.519991722234675824e-01,0.000000000000000000e+00,4.301781646840980855e-01,4.554528295993804932e-01,0.000000000000000000e+00,0.000000000000000000e+00,3.919720388994095139e-01,4.488497088712818939e-01,0.000000000000000000e+00,0.000000000000000000e+00,4.296166704224090860e-01,0.000000000000000000e+00,4.125630175706878067e-01,0.000000000000000000e+00,3.271778447295980996e-01,3.971722032425472060e-01,3.169278015321118080e-01,3.380388500975585742e-01,4.241290277268314202e-01,4.038349659376225809e-01,3.818908617896070168e-01,3.929884498503212753e-01,4.216294738552789911e-01,4.128667831271581878e-01,4.078907271587732808e-01,4.027476809650777922e-01,4.360523180802262089e-01,4.249799053803233750e-01,4.246062504035392760e-01,4.692204696000858988e-01,4.979326356883184146e-01,4.617596940099640834e-01,0.000000000000000000e+00,4.843924199333535241e-01,4.925229424020504121e-01,5.077097244831558776e-01,5.305014102599617809e-01,5.233559334380112338e-01,0.000000000000000000e+00,0.000000000000000000e+00,0.000000000000000000e+00,4.902365179494198033e-01,0.000000000000000000e+00,0.000000000000000000e+00,0.000000000000000000e+00,4.780629802320973121e-01,0.000000000000000000e+00,5.051262481672864624e-01,0.000000000000000000e+00,0.000000000000000000e+00,0.000000000000000000e+00,0.000000000000000000e+00,4.978017858348495195e-01,0.000000000000000000e+00,4.886091658567213170e-01,4.738890637312522247e-01,4.274911508183923958e-01,4.792939237333255220e-01,0.000000000000000000e+00,4.614537363392449132e-01,4.737616446829784889e-01,5.019889514225001070e-01,4.968651441973352956e-01,0.000000000000000000e+00,4.535985671459836222e-01,5.339703533353886700e-01,4.944356512438415896e-01,4.956465353927048123e-01,4.835890615975764750e-01,5.026001434701461434e-01,4.786826880495343994e-01
4.056188582701604206e-01,3.988969620745854150e-01,0.000000000000000000e+00,0.000000000000000000e+00,4.552197765418394826e-01,3.946444148682659026e-01,4.667582399832865270e-01,4.601635522951891266e-01,0.000000000000000000e+00,3.639642635378649849e-01,0.000000000000000000e+00,0.000000000000000000e+00,4.728945188527354238e-01,0.000000000000000000e+00,4.296166704224090860e-01,0.000000000000000000e+00,3.574888250170575876e-01,3.248795731954877142e-01,0.000000000000000000e+00,4.213767101742609267e-01,4.255168700373633262e-01,3.774691975856204196e-01,4.213390803402157214e-01,0.000000000000000000e+00,3.778068782192959829e-01,4.163384739823092207e-01,4.253132860940380122e-01,4.490291381098335255e-01,4.394286184121788952e-01,4.169296649254877751e-01,3.471311624255735140e-01,4.330561106522395898e-01,3.611896067145711764e-01,3.750401187369244993e-01,3.957373113402479214e-01,0.000000000000000000e+00,0.000000000000000000e+00,0.000000000000000000e+00,4.414593023780207237e-01,4.388251782506706888e-01,4.371631457276040078e-01,4.480642684549098198e-01,0.000000000000000000e+00,0.000000000000000000e+00,0.000000000000000000e+00,4.279134307982089824e-01,4.548589998356570852e-01,0.000000000000000000e+00,0.000000000000000000e+00,0.000000000000000000e+00,4.207370752019486959e-01,0.000000000000000000e+00,0.000000000000000000e+00,0.000000000000000000e+00,0.000000000000000000e+00,0.000000000000000000e+00,0.000000000000000000e+00,0.000000000000000000e+00,0.000000000000000000e+00,4.792649488634371235e-01,4.446281331352248123e-01,0.000000000000000000e+00,4.326128146033150212e-01,0.000000000000000000e+00,4.783005357212858910e-01,4.533184165111707742e-01,4.584916617019074159e-01,4.737658503652386055e-01,0.000000000000000000e+00,4.430120739487061199e-01,4.678462321897370879e-01,4.723531492883065730e-01,0.000000000000000000e+00,0.000000000000000000e+00,0.000000000000000000e+00,4.193631663636184781e-01
0.000000000000000000e+00,4.250622169796480221e-01,4.831458339564342896e-01,0.000000000000000000e+00,0.000000000000000000e+00,4.480895900517405939e-01,4.181133003509029944e-01,0.000000000000000000e+00,4.751851053718877949e-01,3.330394796640039901e-01,4.752925646322163078e-01,3.579103868571060221e-01,4.222890947854238131e-01,0.000000000000000000e+00,0.000000000000000000e+00,3.574888250170575876e-01,0.000000000000000000e+00,3.633715214210169187e-01,4.806576155405076212e-01,3.788042922886752928e-01,0.000000000000000000e+00,3.724623875938192774e-01,4.427520716330405892e-01,3.809054937767420990e-01,3.377122198330843039e-01,3.746230549389150122e-01,4.142678917251007009e-01,3.977808205838391231e-01,4.035010751402410833e-01,3.641075307739009004e-01,3.290267812690834126e-01,4.207687160174632957e-01,3.686714591635585903e-01,3.547279604522778906e-01,3.785713274335872902e-01,0.000000000000000000e+00,0.000000000000000000e+00,3.308091510391019119e-01,0.000000000000000000e+00,4.157006330877562883e-01,4.394687547336433853e-01,0.000000000000000000e+00,0.000000000000000000e+00,0.000000000000000000e+00,3.719317537380951166e-01,4.589823194893741243e-01,0.000000000000000000e+00,0.000000000000000000e+00,0.000000000000000000e+00,0.000000000000000000e+00,0.000000000000000000e+00,0.000000000000000000e+00,0.000000000000000000e+00,0.000000000000000000e+00,4.628597769525725214e-01,0.000000000000000000e+00,4.613770019931753841e-01,0.000000000000000000e+00,0.000000000000000000e+00,0.000000000000000000e+00,4.462136591707352995e-01,4.801132741223909095e-01,4.687626297198774772e-01,0.000000000000000000e+00,0.000000000000000000e+00,0.000000000000000000e+00,0.000000000000000000e+00,0.000000000000000000e+00,4.810757486047442799e-01,4.786070355960588829e-01,4.761642277548888136e-01,0.000000000000000000e+00,0.000000000000000000e+00,0.000000000000000000e+00,0.000000000000000000e+00,4.664141027714180932e-01
3.986817077713805113e-01,4.003891949016776808e-01,0.000000000000000000e+00,0.000000000000000000e+00,0.000000000000000000e+00,3.946571031019703857e-01,4.499234240635613946e-01,4.888870105235815222e-01,4.692970678378127758e-01,3.793550516050384069e-01,4.750484170483598723e-01,3.841352548742837936e-01,4.578709323140017773e-01,0.000000000000000000e+00,4.125630175706878067e-01,3.248795731954877142e-01,3.633715214210169187e-01,0.000000000000000000e+00,0.000000000000000000e+00,4.282482658750296212e-01,4.295321510832473821e-01,4.130454748189851255e-01,4.593685597456236835e-01,3.734031167582658739e-01,3.518165987730770827e-01,3.884113219060222888e-01,4.135956684736136202e-01,4.345803879407342252e-01,4.487581170167829758e-01,4.152332754579399210e-01,3.643862718077736096e-01,4.178712706362515128e-01,3.765376984611442102e-01,3.841338054237568023e-01,3.920508823326012138e-01,4.762328236747279120e-01,0.000000000000000000e+00,0.000000000000000000e+00,4.388379459748644185e-01,4.343065309704818855e-01,4.348887214074259044e-01,4.471483638811196148e-01,0.000000000000000000e+00,0.000000000000000000e+00,0.000000000000000000e+00,4.335679836393903086e-01,4.511995067875245180e-01,0.000000000000000000e+00,0.000000000000000000e+00,0.000000000000000000e+00,4.435407388505538950e-01,0.000000000000000000e+00,0.000000000000000000e+00,0.000000000000000000e+00,4.324555685043299791e-01,0.000000000000000000e+00,4.399292675165134003e-01,0.000000000000000000e+00,0.000000000000000000e+00,4.642134022675167837e-01,4.436610354909579224e-01,4.577920650849672812e-01,4.457472828972364187e-01,0.000000000000000000e+00,4.692060868946951735e-01,4.465043810019875825e-01,4.510822983557092880e-01,0.000000000000000000e+00,4.834663546074703944e-01,4.557429472158447958e-01,4.573844480269583790e-01,0.000000000000000000e+00,0.000000000000000000e+00,4.320583298763012170e-01,0.000000000000000000e+00,4.317717648628309202e-01
0.000000000000000000e+00,0.000000000000000000e+00,2.806296262990261026e-01,4.034460133046615105e-01,3.488295420864984120e-01,4.506275579344953264e-01,4.735141116335068179e-01,3.907908639095410974e-01,2.769808431627179823e-01,4.816849199022716910e-01,2.805104486487542959e-01,4.755704048867553935e-01,4.864363955512244764e-01,3.672662260026006154e-01,0.000000000000000000e+00,0.000000000000000000e+00,4.806576155405076212e-01,0.000000000000000000e+00,0.000000000000000000e+00,0.000000000000000000e+00,0.000000000000000000e+00,0.000000000000000000e+00,3.090803321094551803e-01,0.000000000000000000e+00,4.806023673001640906e-01,0.000000000000000000e+00,3.846128004981080872e-01,4.765846126940536109e-01,0.000000000000000000e+00,0.000000000000000000e+00,4.848215645011745845e-01,4.340944421360412031e-01,4.558539031833361843e-01,4.813172046857898123e-01,4.751015121705940980e-01,4.024519790184711843e-01,4.599463693511470219e-01,4.638258215014308128e-01,4.773100371443290135e-01,0.000000000000000000e+00,4.333754607134545078e-01,4.744451533682335076e-01,4.269466274239164250e-01,0.000000000000000000e+00,4.431626970401408849e-01,0.000000000000000000e+00,0.000000000000000000e+00,5.079994868576555023e-01,0.000000000000000000e+00,4.845138902229236821e-01,5.350689057604569587e-01,5.471472224443113541e-01,5.069465557034641412e-01,5.543385948321684076e-01,0.000000000000000000e+00,2.783752793360257938e-01,0.000000000000000000e+00,5.447339551191314744e-01,4.581896413410148083e-01,0.000000000000000000e+00,0.000000000000000000e+00,0.000000000000000000e+00,0.000000000000000000e+00,5.306221614115660401e-01,0.000000000000000000e+00,0.000000000000000000e+00,0.000000000000000000e+00,5.367173103773259513e-01,0.000000000000000000e+00,0.000000000000000000e+00,0.000000000000000000e+00,5.606230088555725910e-01,5.317368919523471904e-01,5.066729393673596871e-01,0.000000000000000000e+00,0.000000000000000000e+00
4.236772516621877815e-01,4.202627865490248804e-01,0.000000000000000000e+00,4.518289379816318174e-01,0.000000000000000000e+00,4.151824802799158887e-01,4.388195791503953780e-01,4.131974594413533874e-01,0.000000000000000000e+00,3.784110794577801862e-01,0.000000000000000000e+00,4.109925823603969852e-01,4.415033317444400085e-01,0.000000000000000000e+00,3.271778447295980996e-01,4.213767101742609267e-01,3.788042922886752928e-01,4.282482658750296212e-01,0.000000000000000000e+00,0.000000000000000000e+00,4.184978972260959829e-01,3.778498433943150991e-01,2.927915438307905904e-01,4.390287506091150038e-01,3.941563275077292205e-01,4.216402417186053131e-01,3.442983524192798073e-01,3.909859165774450807e-01,3.598937889299363979e-01,3.519703685665965254e-01,3.634324046693276911e-01,4.335982366763271867e-01,3.985631924100571100e-01,4.122663946467486906e-01,4.565902380951953887e-01,4.944251573354465079e-01,4.534441500098543854e-01,0.000000000000000000e+00,4.821808264063767169e-01,4.594851515837873879e-01,5.044257333146585642e-01,5.098305437867235446e-01,5.180177425289725912e-01,0.000000000000000000e+00,0.000000000000000000e+00,0.000000000000000000e+00,4.516993682910450114e-01,5.110031900577187702e-01,0.000000000000000000e+00,0.000000000000000000e+00,4.891644940219718740e-01,4.963208968156606060e-01,4.979475600230270915e-01,0.000000000000000000e+00,0.000000000000000000e+00,0.000000000000000000e+00,0.000000000000000000e+00,5.032034337432150783e-01,0.000000000000000000e+00,4.885823772272516741e-01,4.567908012693506214e-01,0.000000000000000000e+00,4.752394911493231788e-01,0.000000000000000000e+00,4.878501031390531928e-01,4.603380884708578868e-01,4.781354611970057844e-01,5.001878020987130524e-01,0.000000000000000000e+00,4.238699833565027220e-01,4.759775891422350913e-01,4.958711452833853839e-01,5.013692749335938448e-01,4.865484170736948943e-01,4.992750743595094076e-01,4.864644697652358851e-01
4.065819510530114811e-01,4.229980541774960856e-01,4.233092868120210128e-01,0.000000000000000000e+00,0.000000000000000000e+00,4.533639156355858124e-01,4.431447845036676769e-01,4.228033269206661893e-01,4.303524127622441187e-01,4.851225931037275174e-01,0.000000000000000000e+00,0.000000000000000000e+00,4.599514688814890229e-01,4.871637901595555209e-01,3.971722032425472060e-01,4.255168700373633262e-01,0.000000000000000000e+00,4.295321510832473821e-01,0.000000000000000000e+00,4.184978972260959829e-01,0.000000000000000000e+00,4.271665230342688857e-01,3.913678745975747164e-01,4.803651249268995893e-01,4.412031515724154085e-01,4.108927134314783736e-01,4.286815492880645118e-01,4.316353551266022270e-01,4.128121872634386014e-01,4.189935716005129818e-01,3.873197188896397858e-01,4.299586692120385134e-01,3.945214643620892914e-01,4.085333468023271131e-01,4.694505738602164913e-01,5.014084923589956500e-01,0.000000000000000000e+00,4.730456872478467911e-01,4.557542226401349872e-01,4.505490191694955793e-01,4.773247937001408037e-01,5.055117192864051479e-01,5.246942641462616352e-01,0.000000000000000000e+00,0.000000000000000000e+00,3.137211586860947921e-01,4.696411291386647924e-01,0.000000000000000000e+00,0.000000000000000000e+00,0.000000000000000000e+00,4.681686433448338791e-01,0.000000000000000000e+00,4.007970476269733795e-01,0.000000000000000000e+00,0.000000000000000000e+00,0.000000000000000000e+00,0.000000000000000000e+00,4.935424667812629007e-01,0.000000000000000000e+00,4.950160337850568748e-01,4.581612708151587277e-01,0.000000000000000000e+00,0.000000000000000000e+00,0.000000000000000000e+00,4.533112653381813906e-01,3.675481227932729245e-01,4.800660901531302871e-01,4.771139705820889865e-01,2.936414440705358841e-01,4.571576993938232802e-01,5.064509769241593018e-01,5.064638130693861484e-01,4.987970634651168189e-01,4.617133065976212758e-01,0.000000000000000000e+00,4.642554760724392771e-01
