0.000000000000000000e+00,3.952280933393803042e-01,0.000000000000000000e+00,0.000000000000000000e+00,0.000000000000000000e+00,3.988953821181285830e-01,0.000000000000000000e+00,5.046608616345772402e-01,3.937471346767630886e-01,3.959356042151112032e-01,0.000000000000000000e+00,3.638856925226267025e-01,4.113500961722983962e-01,4.866278196688226809e-01,3.780997487723746775e-01,3.719401448551664102e-01,3.954326593655044797e-01,3.707291089145328122e-01,0.000000000000000000e+00,4.113819891879575974e-01,3.879895302665727908e-01,3.962042438430058988e-01,4.310302628761488175e-01,3.441946776240996098e-01,3.671094432428996801e-01,3.685079821987793935e-01,4.077413364632925252e-01,4.089050178433776828e-01,4.073371508497343751e-01,0.000000000000000000e+00,3.386438322186695049e-01,4.182774328803833264e-01,3.421083056510639819e-01,3.668395756658526796e-01,4.353482802529778928e-01,0.000000000000000000e+00,0.000000000000000000e+00,4.240321815013884943e-01,4.661461960198580168e-01,4.294338529702155793e-01,4.548211241147194217e-01,4.493946400282166076e-01,0.000000000000000000e+00,0.000000000000000000e+00,0.000000000000000000e+00,3.907509987323410927e-01,4.799639887264071092e-01,0.000000000000000000e+00,0.000000000000000000e+00,0.000000000000000000e+00,0.000000000000000000e+00,0.000000000000000000e+00,0.000000000000000000e+00,0.000000000000000000e+00,4.238504405277175868e-01,0.000000000000000000e+00,4.391469447358964939e-01,4.109094204161130026e-01,0.000000000000000000e+00,0.000000000000000000e+00,4.679137675468367785e-01,4.118100973538679765e-01,4.448176942719939131e-01,0.000000000000000000e+00,0.000000000000000000e+00,4.562960697056255843e-01,4.802422161280797130e-01,0.000000000000000000e+00,3.083560225038251001e-01,4.449937016500339904e-01,4.634431104977780880e-01,0.000000000000000000e+00,0.000000000000000000e+00,4.249615599715864112e-01,0.000000000000000000e+00,4.145521333179691958e-01
3.952280933393803042e-01,0.000000000000000000e+00,0.000000000000000000e+00,0.000000000000000000e+00,4.033157115624241840e-01,3.766254072557799204e-01,4.093072442635546926e-01,4.892170096265658907e-01,3.733986470868458918e-01,3.297946698859005044e-01,0.000000000000000000e+00,0.000000000000000000e+00,4.083273420398729203e-01,0.000000000000000000e+00,4.075759216546661068e-01,3.770180052924029246e-01,0.000000000000000000e+00,3.708975341193900821e-01,0.000000000000000000e+00,4.190005920111650739e-01,4.092270078309824810e-01,3.942979388642762206e-01,3.986789000710994069e-01,3.490248963216801004e-01,3.832740537347251730e-01,4.061554370589626206e-01,4.000386600487448874e-01,4.154582505124632119e-01,3.938192730985640155e-01,0.000000000000000000e+00,3.519232722330812857e-01,4.197260995510572745e-01,3.740292239645356953e-01,3.793155942277970927e-01,4.365409237207784066e-01,0.000000000000000000e+00,0.000000000000000000e+00,0.000000000000000000e+00,4.707961338391994932e-01,4.637873623937077139e-01,4.644343521386801177e-01,4.834207654824954070e-01,0.000000000000000000e+00,0.000000000000000000e+00,0.000000000000000000e+00,4.574006115273300255e-01,4.776590141191677796e-01,0.000000000000000000e+00,0.000000000000000000e+00,0.000000000000000000e+00,4.480121512301334930e-01,4.692990490520134728e-01,0.000000000000000000e+00,0.000000000000000000e+00,0.000000000000000000e+00,0.000000000000000000e+00,0.000000000000000000e+00,4.607324109807561241e-01,0.000000000000000000e+00,4.947746190953682954e-01,4.646991828704267746e-01,4.523970433928715118e-01,4.600551650072999821e-01,0.000000000000000000e+00,4.585687633023569076e-01,4.731578240619347953e-01,4.755435492100679173e-01,4.823798121000912875e-01,0.000000000000000000e+00,4.581520104731062748e-01,4.929213149688497220e-01,4.678028670965745928e-01,0.000000000000000000e+00,4.514831086759382162e-01,0.000000000000000000e+00,4.473678942902560851e-01
0.000000000000000000e+00,0.000000000000000000e+00,0.000000000000000000e+00,4.186967669187421914e-01,3.769958317911560886e-01,3.787389198890893094e-01,4.168022681082492742e-01,4.191422802055290164e-01,3.163058629302873959e-01,4.585444465492369837e-01,3.367186144524836888e-01,4.373572367819815732e-01,4.429323701054149187e-01,3.711104479621956109e-01,0.000000000000000000e+00,0.000000000000000000e+00,0.000000000000000000e+00,0.000000000000000000e+00,2.958377531018787088e-01,0.000000000000000000e+00,3.855904354359003805e-01,0.000000000000000000e+00,3.053387691249715985e-01,0.000000000000000000e+00,0.000000000000000000e+00,0.000000000000000000e+00,3.279559162176637899e-01,4.498205685750312766e-01,0.000000000000000000e+00,4.318200580522507104e-01,4.684090181640860884e-01,4.494750170181345816e-01,0.000000000000000000e+00,4.583255117983894844e-01,4.606783304450148275e-01,4.029708196536025966e-01,4.372131428762430216e-01,4.432007327500214755e-01,5.366035780056911397e-01,0.000000000000000000e+00,0.000000000000000000e+00,0.000000000000000000e+00,5.210927485501795076e-01,0.000000000000000000e+00,0.000000000000000000e+00,0.000000000000000000e+00,0.000000000000000000e+00,5.719471091235164284e-01,0.000000000000000000e+00,5.650745800348021541e-01,5.379619856549064938e-01,5.634099496287191533e-01,5.475344679182840846e-01,5.777621529271401712e-01,0.000000000000000000e+00,5.506071810057469040e-01,0.000000000000000000e+00,5.284705529735342910e-01,5.522838284047284496e-01,0.000000000000000000e+00,0.000000000000000000e+00,0.000000000000000000e+00,0.000000000000000000e+00,5.645126654921983622e-01,0.000000000000000000e+00,0.000000000000000000e+00,0.000000000000000000e+00,5.603140892610551926e-01,0.000000000000000000e+00,0.000000000000000000e+00,0.000000000000000000e+00,5.761696482216520643e-01,5.311308095182448730e-01,0.000000000000000000e+00,0.000000000000000000e+00,0.000000000000000000e+00
0.000000000000000000e+00,0.000000000000000000e+00,4.186967669187421914e-01,0.000000000000000000e+00,2.936922927810147188e-01,4.011756961344117856e-01,2.719477416452517060e-01,0.000000000000000000e+00,4.050021990584050102e-01,1.529415845870971957e-01,3.890247248511117806e-01,2.855627316858153075e-01,2.812922758949558122e-01,3.503088205950571909e-01,0.000000000000000000e+00,0.000000000000000000e+00,0.000000000000000000e+00,0.000000000000000000e+00,4.017539723855410028e-01,0.000000000000000000e+00,0.000000000000000000e+00,0.000000000000000000e+00,3.905275761304323745e-01,0.000000000000000000e+00,0.000000000000000000e+00,0.000000000000000000e+00,0.000000000000000000e+00,2.318939012983138870e-01,0.000000000000000000e+00,0.000000000000000000e+00,3.940913677215576172e-01,2.869933217882185139e-01,0.000000000000000000e+00,3.045628226445172837e-01,3.192669167209867820e-01,2.143781009821061900e-01,1.640726009016039988e-01,0.000000000000000000e+00,2.675048406792515099e-01,0.000000000000000000e+00,0.000000000000000000e+00,3.679276581467637031e-01,0.000000000000000000e+00,0.000000000000000000e+00,0.000000000000000000e+00,0.000000000000000000e+00,0.000000000000000000e+00,0.000000000000000000e+00,0.000000000000000000e+00,0.000000000000000000e+00,0.000000000000000000e+00,0.000000000000000000e+00,0.000000000000000000e+00,0.000000000000000000e+00,0.000000000000000000e+00,0.000000000000000000e+00,0.000000000000000000e+00,0.000000000000000000e+00,0.000000000000000000e+00,0.000000000000000000e+00,0.000000000000000000e+00,0.000000000000000000e+00,0.000000000000000000e+00,0.000000000000000000e+00,0.000000000000000000e+00,0.000000000000000000e+00,0.000000000000000000e+00,4.896335683365666269e-01,0.000000000000000000e+00,0.000000000000000000e+00,0.000000000000000000e+00,4.851265204917761809e-01,0.000000000000000000e+00,0.000000000000000000e+00,0.000000000000000000e+00,0.000000000000000000e+00
0.000000000000000000e+00,4.033157115624241840e-01,3.769958317911560886e-01,2.936922927810147188e-01,0.000000000000000000e+00,3.229195617416372177e-01,3.269394703348288966e-01,4.123988796031772819e-01,3.265609761838125791e-01,4.333672329058190775e-01,3.450791131330530059e-01,4.066334789222083024e-01,3.587939846457212090e-01,3.090921017221944234e-01,0.000000000000000000e+00,0.000000000000000000e+00,0.000000000000000000e+00,0.000000000000000000e+00,3.882347886490984945e-01,0.000000000000000000e+00,0.000000000000000000e+00,0.000000000000000000e+00,3.717154653076447102e-01,0.000000000000000000e+00,4.271487933169907936e-01,0.000000000000000000e+00,3.788952473060174797e-01,3.655663830698820949e-01,0.000000000000000000e+00,4.203692527759225750e-01,4.441926469038781078e-01,4.310073862033590997e-01,0.000000000000000000e+00,4.383452813545187232e-01,4.041236911626174266e-01,2.987645528127457206e-01,3.930417096875004068e-01,4.252805817493124918e-01,4.905747079657526988e-01,0.000000000000000000e+00,0.000000000000000000e+00,0.000000000000000000e+00,4.092474999364246191e-01,0.000000000000000000e+00,0.000000000000000000e+00,0.000000000000000000e+00,0.000000000000000000e+00,5.164196123912923042e-01,0.000000000000000000e+00,4.384117698963436172e-01,4.827420110831027178e-01,5.070403811183170628e-01,5.036548667000829704e-01,5.184572150366070220e-01,0.000000000000000000e+00,4.587297391874260999e-01,0.000000000000000000e+00,4.773130149909263209e-01,4.773144866792051744e-01,0.000000000000000000e+00,0.000000000000000000e+00,0.000000000000000000e+00,0.000000000000000000e+00,4.888331503500564779e-01,0.000000000000000000e+00,0.000000000000000000e+00,0.000000000000000000e+00,5.085479557510783621e-01,0.000000000000000000e+00,0.000000000000000000e+00,0.000000000000000000e+00,5.140152851040674653e-01,5.211013478752603012e-01,0.000000000000000000e+00,0.000000000000000000e+00,0.000000000000000000e+00
3.988953821181285830e-01,3.766254072557799204e-01,3.787389198890893094e-01,4.011756961344117856e-01,3.229195617416372177e-01,0.000000000000000000e+00,3.726718656459633849e-01,3.860320673604767938e-01,3.288268198385719265e-01,4.285663702634210925e-01,3.946733866521565104e-01,4.135950147823980183e-01,3.551715626895273759e-01,3.911601169301249237e-01,3.914071122284935034e-01,3.947919334768276167e-01,0.000000000000000000e+00,3.906351395140251204e-01,3.712079969687657188e-01,3.806738262120826777e-01,3.973995901887997784e-01,4.017656501340757247e-01,3.859935376612477209e-01,4.179193833543491943e-01,3.605553722387875859e-01,3.934954861798404258e-01,3.877466005650833103e-01,3.634163377913073867e-01,3.304085134015958825e-01,3.934814829332792252e-01,4.202411613227730047e-01,4.250513421888452159e-01,3.658628290679106221e-01,4.191960759168520956e-01,4.295333573779692160e-01,4.114990760288672056e-01,4.337524674896360843e-01,4.177378720448173266e-01,4.967387757982084096e-01,0.000000000000000000e+00,5.188210711279350740e-01,4.968035662050359069e-01,4.918832655732540138e-01,4.933087275140464190e-01,0.000000000000000000e+00,0.000000000000000000e+00,4.386184852870013140e-01,5.595221466644213493e-01,0.000000000000000000e+00,5.393195419521420453e-01,4.980501518402253858e-01,5.265076775648033225e-01,4.781607463462845820e-01,5.624306058642208894e-01,0.000000000000000000e+00,5.377585701208733582e-01,0.000000000000000000e+00,5.042752664697930376e-01,5.174948060800079741e-01,4.755772093353196062e-01,4.279252176455555778e-01,0.000000000000000000e+00,0.000000000000000000e+00,5.560090059057469780e-01,4.732311640005527065e-01,4.592265523625843060e-01,4.543869851242058888e-01,5.082757974931643163e-01,0.000000000000000000e+00,4.091550303894441187e-01,4.501912253049161761e-01,5.065562353361562353e-01,5.034577350160931442e-01,4.786029294217141183e-01,5.012595922305908003e-01,5.165401863447232067e-01
0.000000000000000000e+00,4.093072442635546926e-01,4.168022681082492742e-01,2.719477416452517060e-01,3.269394703348288966e-01,3.726718656459633849e-01,0.000000000000000000e+00,4.437690967774383100e-01,3.601213372208862951e-01,4.082800185533093096e-01,4.257495214564014918e-01,3.794771676089001011e-01,3.298828777468025830e-01,3.356189697594453847e-01,0.000000000000000000e+00,4.422356075785798812e-01,0.000000000000000000e+00,4.301279946372216223e-01,4.307009634858204872e-01,4.305238021802565984e-01,4.441348815615319134e-01,4.438697426452097861e-01,4.117479882933450797e-01,4.150845110663933246e-01,4.057570529529175851e-01,4.138785789046832142e-01,4.228584323462847849e-01,3.660196048019130899e-01,4.055659322018351221e-01,4.696055998168535139e-01,4.263016013844905250e-01,4.061454074746370102e-01,0.000000000000000000e+00,4.206582640968408726e-01,0.000000000000000000e+00,3.097595726042969844e-01,3.125919774208201218e-01,3.936497292588322927e-01,5.117357782546730904e-01,0.000000000000000000e+00,5.312855000308907005e-01,5.291246291612500263e-01,4.957330335294414247e-01,0.000000000000000000e+00,0.000000000000000000e+00,0.000000000000000000e+00,4.570408177810448835e-01,5.595309889295206895e-01,0.000000000000000000e+00,5.240640350549464754e-01,5.194566788563041992e-01,5.400245870783932922e-01,5.057166208717412959e-01,5.584633920749955127e-01,0.000000000000000000e+00,5.235113885866845562e-01,0.000000000000000000e+00,5.231219493814651678e-01,5.238682737805007150e-01,0.000000000000000000e+00,0.000000000000000000e+00,0.000000000000000000e+00,0.000000000000000000e+00,5.492250352396855773e-01,4.939055188796174223e-01,5.046309413074817618e-01,0.000000000000000000e+00,5.340222849059702570e-01,0.000000000000000000e+00,0.000000000000000000e+00,0.000000000000000000e+00,5.306130378860235419e-01,5.186263697335024014e-01,4.957792573674493775e-01,0.000000000000000000e+00,5.371704498883692613e-01
5.046608616345772402e-01,4.892170096265658907e-01,4.191422802055290164e-01,0.000000000000000000e+00,4.123988796031772819e-01,3.860320673604767938e-01,4.437690967774383100e-01,0.000000000000000000e+00,4.860061869809880197e-01,4.455393124914185932e-01,3.554139817825707204e-01,0.000000000000000000e+00,4.349555826877025133e-01,3.051138691370290923e-01,0.000000000000000000e+00,4.377617770289093935e-01,0.000000000000000000e+00,0.000000000000000000e+00,4.661879215792001929e-01,4.061239093026033919e-01,4.313479979258352248e-01,4.391596648896604060e-01,3.656376642236150998e-01,5.205618015229058759e-01,5.024492460222137469e-01,4.945031239543922208e-01,4.383449040209194125e-01,4.316610462330310871e-01,3.884349132985471242e-01,4.191825288274078076e-01,4.330679022965502889e-01,4.367109626021610791e-01,3.640605939588794082e-01,4.524886742871955803e-01,4.670445035545595092e-01,3.044788901526541136e-01,4.401251078596984945e-01,0.000000000000000000e+00,4.859062073533227943e-01,4.780745293202620094e-01,5.169660376502887011e-01,5.154024299422027555e-01,4.495816418522007862e-01,0.000000000000000000e+00,0.000000000000000000e+00,0.000000000000000000e+00,0.000000000000000000e+00,5.556071460248070970e-01,0.000000000000000000e+00,4.997880526824878822e-01,4.533254611578608761e-01,4.857504953737261100e-01,3.304357441321089106e-01,5.557506553643727365e-01,0.000000000000000000e+00,5.114377012623785301e-01,0.000000000000000000e+00,4.907137590049296949e-01,4.881374169286710751e-01,4.823674321643086071e-01,0.000000000000000000e+00,0.000000000000000000e+00,0.000000000000000000e+00,5.403565308786086874e-01,4.797911100605415924e-01,3.794097108268992824e-01,4.709554804002680228e-01,4.767651953520952168e-01,0.000000000000000000e+00,0.000000000000000000e+00,0.000000000000000000e+00,4.952566252953927162e-01,4.904992468386583093e-01,4.479959773782298815e-01,0.000000000000000000e+00,5.285761193553093484e-01
3.937471346767630886e-01,3.733986470868458918e-01,3.163058629302873959e-01,4.050021990584050102e-01,3.265609761838125791e-01,3.288268198385719265e-01,3.601213372208862951e-01,4.860061869809880197e-01,0.000000000000000000e+00,4.485833383940845964e-01,3.226765885828177249e-01,4.260260531775900139e-01,3.822867226475903935e-01,4.178544432459608271e-01,0.000000000000000000e+00,0.000000000000000000e+00,4.287642945723479926e-01,0.000000000000000000e+00,3.189357498513619160e-01,3.651868995566036058e-01,3.896029336380459895e-01,3.935113011748618272e-01,3.872058814571435192e-01,4.174316084367348800e-01,3.808691096871851811e-01,3.844195224319464921e-01,3.543744682257892742e-01,4.396798939275632923e-01,3.822668159144947952e-01,4.338587244095767903e-01,4.628459621791790046e-01,4.429857335292526899e-01,0.000000000000000000e+00,4.576888142266610782e-01,4.492674250251533219e-01,4.221142602988519066e-01,4.432942795702244920e-01,4.329265958435097872e-01,4.737875934184730964e-01,0.000000000000000000e+00,5.263429247326606442e-01,4.476428293552677240e-01,5.107208857004018610e-01,0.000000000000000000e+00,0.000000000000000000e+00,0.000000000000000000e+00,0.000000000000000000e+00,5.741204354080254868e-01,0.000000000000000000e+00,5.250715273288034668e-01,5.355890969428063197e-01,5.575667799224015564e-01,5.536938431041815711e-01,5.747621836801231066e-01,0.000000000000000000e+00,5.550303980509747603e-01,0.000000000000000000e+00,5.299089232589493381e-01,5.516668719165137569e-01,0.000000000000000000e+00,0.000000000000000000e+00,0.000000000000000000e+00,0.000000000000000000e+00,5.603637228390077052e-01,4.778314098880742100e-01,5.271697346578376742e-01,0.000000000000000000e+00,5.555274916466061974e-01,0.000000000000000000e+00,0.000000000000000000e+00,0.000000000000000000e+00,5.683871024701598884e-01,5.229762039848349087e-01,4.725916706153350244e-01,0.000000000000000000e+00,5.378028067015275804e-01
3.959356042151112032e-01,3.297946698859005044e-01,4.585444465492369837e-01,1.529415845870971957e-01,4.333672329058190775e-01,4.285663702634210925e-01,4.082800185533093096e-01,4.455393124914185932e-01,4.485833383940845964e-01,0.000000000000000000e+00,4.662266247303284983e-01,2.840341508962607731e-01,4.015163605206649167e-01,4.169131833120034991e-01,0.000000000000000000e+00,3.399083915223287122e-01,3.226229462961555106e-01,3.384999465969373844e-01,4.534160562305963871e-01,0.000000000000000000e+00,4.537566395229861160e-01,0.000000000000000000e+00,4.368882295066718879e-01,3.068931700634948134e-01,3.241465366376702906e-01,3.148611653827063095e-01,4.453554309405508005e-01,3.846120674605189027e-01,3.634808027270395869e-01,0.000000000000000000e+00,3.169246005722851089e-01,3.067093531416180130e-01,3.277213229090366053e-01,3.373299668100899207e-01,3.465407358419433925e-01,3.388269270065232264e-01,3.334322307221668225e-01,3.220674421075794824e-01,3.102520015040086121e-01,3.614861739886177094e-01,3.870546477438996935e-01,3.674914948800280246e-01,0.000000000000000000e+00,0.000000000000000000e+00,3.269880777376403813e-01,4.112011365900010151e-01,3.904583065708097100e-01,0.000000000000000000e+00,0.000000000000000000e+00,0.000000000000000000e+00,5.117110039490765372e-01,0.000000000000000000e+00,0.000000000000000000e+00,0.000000000000000000e+00,4.304233426734527801e-01,0.000000000000000000e+00,4.199802382423826197e-01,4.134875724956776910e-01,0.000000000000000000e+00,0.000000000000000000e+00,3.879871876663213981e-01,4.378726371210346913e-01,4.199436935646790880e-01,0.000000000000000000e+00,0.000000000000000000e+00,0.000000000000000000e+00,0.000000000000000000e+00,5.220006176443994228e-01,3.945425905608611061e-01,4.297589054496854799e-01,4.344807822611039261e-01,5.092724440095646177e-01,4.212748781244571861e-01,0.000000000000000000e+00,0.000000000000000000e+00,4.084416483736680870e-01
0.000000000000000000e+00,0.000000000000000000e+00,3.367186144524836888e-01,3.890247248511117806e-01,3.450791131330530059e-01,3.946733866521565104e-01,4.257495214564014918e-01,3.554139817825707204e-01,3.226765885828177249e-01,4.662266247303284983e-01,0.000000000000000000e+00,4.359708928026739816e-01,4.406166853358098878e-01,3.233150776572724094e-01,0.000000000000000000e+00,0.000000000000000000e+00,0.000000000000000000e+00,0.000000000000000000e+00,2.991588018442192798e-01,0.000000000000000000e+00,4.508011211266654272e-01,0.000000000000000000e+00,2.945326635497081957e-01,4.421368850075975132e-01,4.501683482961800209e-01,0.000000000000000000e+00,3.935816685552320782e-01,4.310319058062808129e-01,0.000000000000000000e+00,0.000000000000000000e+00,4.810581214238430214e-01,4.530404202972632133e-01,0.000000000000000000e+00,4.686476919974573163e-01,4.536575424554527003e-01,3.617400686458677184e-01,4.354075718347161228e-01,4.337867196039352780e-01,4.605437327690992122e-01,0.000000000000000000e+00,0.000000000000000000e+00,0.000000000000000000e+00,4.668949237861205748e-01,0.000000000000000000e+00,0.000000000000000000e+00,0.000000000000000000e+00,0.000000000000000000e+00,5.319844482790707652e-01,0.000000000000000000e+00,4.834065301615040888e-01,4.755724020411695729e-01,0.000000000000000000e+00,5.269453301205816453e-01,5.346797159732770144e-01,0.000000000000000000e+00,4.967826496735606168e-01,0.000000000000000000e+00,4.794743412574147823e-01,4.965009234451138731e-01,0.000000000000000000e+00,0.000000000000000000e+00,0.000000000000000000e+00,0.000000000000000000e+00,5.070951857790914064e-01,0.000000000000000000e+00,0.000000000000000000e+00,0.000000000000000000e+00,5.232648802438393254e-01,0.000000000000000000e+00,0.000000000000000000e+00,0.000000000000000000e+00,5.416982522703073233e-01,4.757275810704872931e-01,0.000000000000000000e+00,0.000000000000000000e+00,0.000000000000000000e+00
3.638856925226267025e-01,0.000000000000000000e+00,4.373572367819815732e-01,2.855627316858153075e-01,4.066334789222083024e-01,4.135950147823980183e-01,3.794771676089001011e-01,0.000000000000000000e+00,4.260260531775900139e-01,2.840341508962607731e-01,4.359708928026739816e-01,0.000000000000000000e+00,3.757367752397698935e-01,0.000000000000000000e+00,3.754095137119293213e-01,0.000000000000000000e+00,3.518462725977177796e-01,3.514954153715648122e-01,4.388529631595711189e-01,0.000000000000000000e+00,4.420747336479474154e-01,0.000000000000000000e+00,0.000000000000000000e+00,2.591115966924197878e-01,3.327635275529027825e-01,3.242573287448211050e-01,4.230669261678801085e-01,3.569201572545189771e-01,0.000000000000000000e+00,0.000000000000000000e+00,3.348920451273231791e-01,2.849509515272470872e-01,2.386472016392851003e-01,2.621573219447939085e-01,2.907098220327368754e-01,3.240540922054008788e-01,3.197088650267810861e-01,2.137557168273195030e-01,2.537508481137706884e-01,3.525104277613677062e-01,3.842392158161023197e-01,0.000000000000000000e+00,0.000000000000000000e+00,0.000000000000000000e+00,2.962157661873585091e-01,4.109338396220851841e-01,0.000000000000000000e+00,0.000000000000000000e+00,0.000000000000000000e+00,0.000000000000000000e+00,0.000000000000000000e+00,4.165299033838559262e-01,0.000000000000000000e+00,0.000000000000000000e+00,4.311094999082539236e-01,0.000000000000000000e+00,4.155186088563477265e-01,4.127950610710677815e-01,0.000000000000000000e+00,0.000000000000000000e+00,0.000000000000000000e+00,4.379185828656343982e-01,4.252610482459748820e-01,0.000000000000000000e+00,0.000000000000000000e+00,0.000000000000000000e+00,0.000000000000000000e+00,4.952638717178354244e-01,3.801562801369884892e-01,4.308254577052780809e-01,4.306790096691014980e-01,5.163897275924682617e-01,4.173898556811774241e-01,0.000000000000000000e+00,0.000000000000000000e+00,4.079344455586788043e-01
4.113500961722983962e-01,4.083273420398729203e-01,4.429323701054149187e-01,2.812922758949558122e-01,3.587939846457212090e-01,3.551715626895273759e-01,3.298828777468025830e-01,4.349555826877025133e-01,3.822867226475903935e-01,4.015163605206649167e-01,4.406166853358098878e-01,3.757367752397698935e-01,0.000000000000000000e+00,3.513182209702743197e-01,4.017830959530552248e-01,4.341465817580882902e-01,4.084388352872443950e-01,4.224637877070129277e-01,4.465859351657526233e-01,4.196513074311838953e-01,4.414215136606520762e-01,4.397393950233119964e-01,4.113618478119830946e-01,3.833815300272723214e-01,4.033961916602141762e-01,4.117642137531921098e-01,4.176376151106874213e-01,3.468761974888072142e-01,3.680375641566762113e-01,3.744154593709874135e-01,3.933379146289224249e-01,4.136929025824582218e-01,3.960556486508676755e-01,4.083172460576096063e-01,4.354289590822887912e-01,3.255939787007540165e-01,3.365509148321547128e-01,3.921020574148286197e-01,5.125681000413206956e-01,4.770509566324094841e-01,5.293513708360608749e-01,5.371631328452228793e-01,4.945430301087146985e-01,5.080076397758580553e-01,0.000000000000000000e+00,0.000000000000000000e+00,4.546016750038849863e-01,5.555709434103029976e-01,0.000000000000000000e+00,5.269002422817556930e-01,5.121185142746635943e-01,5.372583943978472831e-01,5.007445939451314887e-01,5.573572379071862759e-01,4.296062889652780825e-01,5.208664586459557100e-01,4.074531077026151138e-01,5.207067238333515924e-01,5.330460205824174569e-01,4.991424742691547012e-01,4.416199002577987920e-01,0.000000000000000000e+00,0.000000000000000000e+00,5.492396223786885079e-01,4.992637070755255868e-01,4.889094563188974840e-01,4.600559856674926174e-01,5.238503650277760437e-01,0.000000000000000000e+00,4.326546348420466925e-01,4.660898677685517133e-01,5.185560610970650908e-01,5.199970937054110287e-01,5.032710818400699671e-01,5.193049587611406892e-01,5.333105490389377090e-01
4.866278196688226809e-01,0.000000000000000000e+00,3.711104479621956109e-01,3.503088205950571909e-01,3.090921017221944234e-01,3.911601169301249237e-01,3.356189697594453847e-01,3.051138691370290923e-01,4.178544432459608271e-01,4.169131833120034991e-01,3.233150776572724094e-01,0.000000000000000000e+00,3.513182209702743197e-01,0.000000000000000000e+00,0.000000000000000000e+00,0.000000000000000000e+00,0.000000000000000000e+00,0.000000000000000000e+00,3.955758994969124087e-01,0.000000000000000000e+00,4.431987378953500811e-01,0.000000000000000000e+00,3.612323094289475733e-01,5.053421032895543119e-01,0.000000000000000000e+00,4.860052976228274035e-01,4.206490032203084040e-01,3.033923242976543921e-01,0.000000000000000000e+00,0.000000000000000000e+00,0.000000000000000000e+00,3.024451032318571930e-01,0.000000000000000000e+00,4.105523690189559205e-01,0.000000000000000000e+00,2.193828562466864085e-01,2.250728299750497929e-01,0.000000000000000000e+00,0.000000000000000000e+00,0.000000000000000000e+00,0.000000000000000000e+00,0.000000000000000000e+00,4.373710224067859920e-01,0.000000000000000000e+00,0.000000000000000000e+00,0.000000000000000000e+00,0.000000000000000000e+00,5.205376477680027092e-01,0.000000000000000000e+00,4.292786284193860769e-01,4.414441138419554211e-01,0.000000000000000000e+00,5.196552522716766376e-01,5.034786462783813477e-01,0.000000000000000000e+00,4.815570795764512191e-01,0.000000000000000000e+00,0.000000000000000000e+00,5.191120634472755624e-01,0.000000000000000000e+00,0.000000000000000000e+00,0.000000000000000000e+00,0.000000000000000000e+00,4.978581676439493009e-01,0.000000000000000000e+00,0.000000000000000000e+00,0.000000000000000000e+00,5.169183925758020770e-01,0.000000000000000000e+00,0.000000000000000000e+00,0.000000000000000000e+00,4.895058096989259866e-01,0.000000000000000000e+00,0.000000000000000000e+00,0.000000000000000000e+00,0.000000000000000000e+00
3.780997487723746775e-01,4.075759216546661068e-01,0.000000000000000000e+00,0.000000000000000000e+00,0.000000000000000000e+00,3.914071122284935034e-01,0.000000000000000000e+00,0.000000000000000000e+00,0.000000000000000000e+00,0.000000000000000000e+00,0.000000000000000000e+00,3.754095137119293213e-01,4.017830959530552248e-01,0.000000000000000000e+00,0.000000000000000000e+00,4.050702614083289133e-01,0.000000000000000000e+00,4.003471869032382835e-01,0.000000000000000000e+00,3.409346871211331176e-01,3.896036693939636808e-01,3.437204832859235837e-01,3.714910672036547123e-01,4.034987145544398079e-01,3.827781056545362937e-01,3.752251647839265902e-01,3.758704073721684802e-01,4.119744457160209872e-01,3.908829636796856133e-01,0.000000000000000000e+00,3.812747816644491139e-01,4.172553333050886271e-01,3.953792676757275082e-01,4.158841468583661105e-01,4.623591666157741975e-01,4.919014917903751227e-01,0.000000000000000000e+00,0.000000000000000000e+00,4.908110020889566161e-01,4.921063403914207046e-01,5.085751754044176565e-01,5.323706208167524601e-01,0.000000000000000000e+00,0.000000000000000000e+00,0.000000000000000000e+00,4.417735524803325098e-01,5.081863932344271584e-01,0.000000000000000000e+00,0.000000000000000000e+00,0.000000000000000000e+00,4.700652992933724850e-01,4.999795093581149152e-01,0.000000000000000000e+00,0.000000000000000000e+00,0.000000000000000000e+00,0.000000000000000000e+00,0.000000000000000000e+00,5.005221536204053079e-01,0.000000000000000000e+00,4.854850075556310096e-01,4.958675121609220082e-01,0.000000000000000000e+00,4.663507931295127196e-01,0.000000000000000000e+00,4.808340609663527276e-01,4.722258462793644251e-01,5.027154141344820637e-01,5.065463424444410778e-01,0.000000000000000000e+00,4.508047603538838932e-01,5.338326158937830579e-01,4.888703255135465886e-01,4.859302264411736738e-01,4.920562133206333177e-01,0.000000000000000000e+00,4.946209304747398727e-01
3.719401448551664102e-01,3.770180052924029246e-01,0.000000000000000000e+00,0.000000000000000000e+00,0.000000000000000000e+00,3.947919334768276167e-01,4.422356075785798812e-01,4.377617770289093935e-01,0.000000000000000000e+00,3.399083915223287122e-01,0.000000000000000000e+00,0.000000000000000000e+00,4.341465817580882902e-01,0.000000000000000000e+00,4.050702614083289133e-01,0.000000000000000000e+00,3.614937946081523967e-01,3.451306607633272128e-01,0.000000000000000000e+00,3.732820945612503882e-01,3.911339636723438762e-01,3.519009230329778193e-01,4.094233679255667724e-01,3.646451949144149940e-01,3.772477729252213807e-01,3.993924704477939125e-01,4.084401062038208741e-01,4.243440029003421876e-01,4.110700007690004099e-01,3.871055970059630869e-01,3.322741163025330069e-01,4.217495269565367244e-01,3.791829917998312260e-01,3.644130537529545744e-01,4.266080587911844080e-01,0.000000000000000000e+00,0.000000000000000000e+00,0.000000000000000000e+00,4.352626393336557209e-01,4.425100986109258838e-01,4.525558209252684150e-01,0.000000000000000000e+00,0.000000000000000000e+00,0.000000000000000000e+00,0.000000000000000000e+00,4.452259414854771169e-01,4.657514117948949872e-01,0.000000000000000000e+00,0.000000000000000000e+00,0.000000000000000000e+00,0.000000000000000000e+00,0.000000000000000000e+00,0.000000000000000000e+00,0.000000000000000000e+00,4.477858936003987766e-01,0.000000000000000000e+00,0.000000000000000000e+00,0.000000000000000000e+00,0.000000000000000000e+00,4.870641814628189903e-01,4.527444857993846994e-01,4.550421831659687277e-01,4.411829925943228092e-01,0.000000000000000000e+00,4.665391854405532834e-01,4.652707128115617929e-01,4.716221680778369119e-01,0.000000000000000000e+00,0.000000000000000000e+00,4.441688935810720884e-01,4.706626176203179135e-01,4.915036923422763104e-01,0.000000000000000000e+00,4.726313972308310851e-01,0.000000000000000000e+00,4.491538249064969124e-01
3.954326593655044797e-01,0.000000000000000000e+00,0.000000000000000000e+00,0.000000000000000000e+00,0.000000000000000000e+00,0.000000000000000000e+00,0.000000000000000000e+00,0.000000000000000000e+00,4.287642945723479926e-01,3.226229462961555106e-01,0.000000000000000000e+00,3.518462725977177796e-01,4.084388352872443950e-01,0.000000000000000000e+00,0.000000000000000000e+00,3.614937946081523967e-01,0.000000000000000000e+00,3.426370939600131837e-01,0.000000000000000000e+00,3.926559146741148143e-01,0.000000000000000000e+00,3.867474631737300994e-01,0.000000000000000000e+00,3.752110634592342175e-01,3.310950443225003093e-01,3.493137061786462105e-01,0.000000000000000000e+00,3.897481988862511737e-01,3.999625024148226737e-01,3.632615506649016779e-01,3.200216875370364145e-01,4.210954185525038751e-01,3.593462331121433095e-01,3.691390228306369869e-01,4.126636464043886843e-01,0.000000000000000000e+00,0.000000000000000000e+00,3.569367332835192141e-01,0.000000000000000000e+00,4.188496083848686768e-01,4.329666359037657175e-01,0.000000000000000000e+00,0.000000000000000000e+00,0.000000000000000000e+00,0.000000000000000000e+00,4.351612682704538160e-01,0.000000000000000000e+00,0.000000000000000000e+00,0.000000000000000000e+00,0.000000000000000000e+00,0.000000000000000000e+00,0.000000000000000000e+00,0.000000000000000000e+00,0.000000000000000000e+00,4.573679532307641238e-01,0.000000000000000000e+00,4.470793355614817166e-01,0.000000000000000000e+00,0.000000000000000000e+00,0.000000000000000000e+00,0.000000000000000000e+00,4.611165384705516179e-01,4.492053043022573022e-01,0.000000000000000000e+00,0.000000000000000000e+00,0.000000000000000000e+00,0.000000000000000000e+00,0.000000000000000000e+00,4.131025482714146824e-01,4.498937960360793187e-01,4.523941457948915112e-01,0.000000000000000000e+00,0.000000000000000000e+00,0.000000000000000000e+00,0.000000000000000000e+00,4.356407303947716914e-01
3.707291089145328122e-01,3.708975341193900821e-01,0.000000000000000000e+00,0.000000000000000000e+00,0.000000000000000000e+00,3.906351395140251204e-01,4.301279946372216223e-01,0.000000000000000000e+00,0.000000000000000000e+00,3.384999465969373844e-01,0.000000000000000000e+00,3.514954153715648122e-01,4.224637877070129277e-01,0.000000000000000000e+00,4.003471869032382835e-01,3.451306607633272128e-01,3.426370939600131837e-01,0.000000000000000000e+00,0.000000000000000000e+00,3.903907892274294245e-01,3.960101314377085235e-01,3.832799178893617764e-01,4.186140329571392815e-01,3.629980145895392862e-01,3.523143429864539766e-01,3.741484144904503872e-01,4.066047952456380843e-01,4.145696824977138095e-01,4.083483749227727055e-01,3.743663582039418736e-01,3.612792392321608759e-01,4.397403794527353083e-01,3.708379889054334022e-01,3.928612104639683800e-01,4.417927379387912024e-01,0.000000000000000000e+00,0.000000000000000000e+00,3.491872370189322838e-01,4.382560662842083787e-01,4.302858522455669243e-01,4.459390129978588191e-01,0.000000000000000000e+00,0.000000000000000000e+00,0.000000000000000000e+00,0.000000000000000000e+00,4.304630579283508229e-01,4.438016644852165737e-01,0.000000000000000000e+00,0.000000000000000000e+00,0.000000000000000000e+00,0.000000000000000000e+00,0.000000000000000000e+00,0.000000000000000000e+00,0.000000000000000000e+00,4.467916617595900086e-01,0.000000000000000000e+00,4.397465702603554072e-01,0.000000000000000000e+00,0.000000000000000000e+00,0.000000000000000000e+00,4.347600174947088836e-01,4.517707599449378164e-01,4.406698491579417176e-01,0.000000000000000000e+00,0.000000000000000000e+00,4.195653695012824258e-01,4.550205455626665230e-01,0.000000000000000000e+00,4.269652490883212859e-01,4.429352864806614942e-01,4.544208514947897792e-01,0.000000000000000000e+00,0.000000000000000000e+00,4.292775891725609805e-01,0.000000000000000000e+00,4.380732298209917830e-01
0.000000000000000000e+00,0.000000000000000000e+00,2.958377531018787088e-01,4.017539723855410028e-01,3.882347886490984945e-01,3.712079969687657188e-01,4.307009634858204872e-01,4.661879215792001929e-01,3.189357498513619160e-01,4.534160562305963871e-01,2.991588018442192798e-01,4.388529631595711189e-01,4.465859351657526233e-01,3.955758994969124087e-01,0.000000000000000000e+00,0.000000000000000000e+00,0.000000000000000000e+00,0.000000000000000000e+00,0.000000000000000000e+00,0.000000000000000000e+00,0.000000000000000000e+00,0.000000000000000000e+00,2.882215305464869148e-01,0.000000000000000000e+00,4.509729851670518097e-01,0.000000000000000000e+00,3.539256528989997985e-01,4.473222770678287885e-01,0.000000000000000000e+00,0.000000000000000000e+00,4.748241035649610753e-01,4.543252697203445933e-01,0.000000000000000000e+00,4.647823594052871155e-01,4.619127237614795156e-01,4.124122514372549064e-01,4.458414399092894276e-01,4.410629428989786827e-01,5.046236491658684375e-01,0.000000000000000000e+00,0.000000000000000000e+00,0.000000000000000000e+00,4.959324842512450870e-01,0.000000000000000000e+00,0.000000000000000000e+00,0.000000000000000000e+00,0.000000000000000000e+00,5.699192903679698441e-01,0.000000000000000000e+00,5.032736971418760863e-01,5.314179103721664577e-01,5.477044739668250894e-01,5.755121897307715617e-01,5.718514985102590709e-01,0.000000000000000000e+00,5.416021812110660694e-01,0.000000000000000000e+00,5.028509543091571610e-01,5.406364694216974076e-01,0.000000000000000000e+00,0.000000000000000000e+00,0.000000000000000000e+00,0.000000000000000000e+00,5.469040113003060810e-01,0.000000000000000000e+00,0.000000000000000000e+00,0.000000000000000000e+00,5.631108656244980804e-01,0.000000000000000000e+00,0.000000000000000000e+00,0.000000000000000000e+00,5.712415589136450311e-01,0.000000000000000000e+00,0.000000000000000000e+00,0.000000000000000000e+00,5.834849476814270020e-01
4.113819891879575974e-01,4.190005920111650739e-01,0.000000000000000000e+00,0.000000000000000000e+00,0.000000000000000000e+00,3.806738262120826777e-01,4.305238021802565984e-01,4.061239093026033919e-01,3.651868995566036058e-01,0.000000000000000000e+00,0.000000000000000000e+00,0.000000000000000000e+00,4.196513074311838953e-01,0.000000000000000000e+00,3.409346871211331176e-01,3.732820945612503882e-01,3.926559146741148143e-01,3.903907892274294245e-01,0.000000000000000000e+00,0.000000000000000000e+00,4.132193599658008920e-01,3.790639255980858269e-01,3.269409942899080823e-01,4.477052955253911226e-01,4.025635059211605804e-01,4.184654445599815809e-01,3.603200406005039880e-01,3.871123446485891795e-01,3.525430237526492872e-01,3.249589463430687108e-01,3.586993077026188748e-01,4.224966945376171790e-01,3.900066909635737100e-01,4.038028677156476065e-01,4.493483625251161184e-01,4.963482206001383901e-01,0.000000000000000000e+00,0.000000000000000000e+00,4.837943072542946199e-01,4.810267113345734757e-01,5.010465023628974945e-01,5.190809055489964408e-01,4.453132343651369229e-01,0.000000000000000000e+00,0.000000000000000000e+00,0.000000000000000000e+00,4.695295127024600168e-01,0.000000000000000000e+00,0.000000000000000000e+00,0.000000000000000000e+00,4.729547378149758785e-01,4.986608938548550141e-01,0.000000000000000000e+00,4.496185842787315257e-01,0.000000000000000000e+00,0.000000000000000000e+00,0.000000000000000000e+00,5.093131275661144652e-01,0.000000000000000000e+00,4.882671991948578927e-01,4.661190894846024002e-01,0.000000000000000000e+00,4.565800568646982138e-01,0.000000000000000000e+00,4.833540046061873263e-01,4.677732580630163950e-01,4.865732901758714202e-01,5.041814354574564172e-01,0.000000000000000000e+00,4.407177766450410816e-01,4.931087941898488203e-01,4.960856175419486869e-01,4.950949305278222745e-01,4.980338195344957142e-01,0.000000000000000000e+00,4.899668289447753899e-01
3.879895302665727908e-01,4.092270078309824810e-01,3.855904354359003805e-01,0.000000000000000000e+00,0.000000000000000000e+00,3.973995901887997784e-01,4.441348815615319134e-01,4.313479979258352248e-01,3.896029336380459895e-01,4.537566395229861160e-01,4.508011211266654272e-01,4.420747336479474154e-01,4.414215136606520762e-01,4.431987378953500811e-01,3.896036693939636808e-01,3.911339636723438762e-01,0.000000000000000000e+00,3.960101314377085235e-01,0.000000000000000000e+00,4.132193599658008920e-01,0.000000000000000000e+00,4.288625906926851750e-01,4.025263509687255215e-01,4.467407200905050835e-01,3.977099396900616868e-01,4.071181823062228755e-01,4.160496811064142153e-01,4.461781949927258739e-01,4.287266395233059191e-01,4.559101905182957881e-01,3.774853937578170893e-01,4.274299019324075966e-01,3.856262538312736909e-01,4.159183586111229181e-01,4.714528031982138101e-01,0.000000000000000000e+00,0.000000000000000000e+00,4.518342900899444126e-01,4.869583639270920195e-01,4.881156205451103181e-01,5.035580868367234286e-01,5.387191305167032818e-01,0.000000000000000000e+00,0.000000000000000000e+00,0.000000000000000000e+00,4.764439256078553120e-01,5.035221833193930241e-01,0.000000000000000000e+00,0.000000000000000000e+00,0.000000000000000000e+00,4.471714440803655766e-01,4.943153758258063135e-01,3.402803528524044885e-01,0.000000000000000000e+00,0.000000000000000000e+00,0.000000000000000000e+00,0.000000000000000000e+00,4.961928497116026016e-01,0.000000000000000000e+00,5.007492817805477836e-01,4.817892188519473096e-01,0.000000000000000000e+00,0.000000000000000000e+00,0.000000000000000000e+00,4.789270961905391921e-01,4.258165043849930220e-01,4.942464348192828205e-01,4.941899406977550147e-01,0.000000000000000000e+00,4.399495796709790851e-01,5.212718498716705229e-01,4.861767671857337159e-01,4.831061752744453264e-01,4.897214435927009779e-01,0.000000000000000000e+00,4.880858560189542117e-01
