0.000000000000000000e+00,3.724966253770308766e-01,0.000000000000000000e+00,0.000000000000000000e+00,0.000000000000000000e+00,3.685002645909469798e-01,3.833530747110914239e-01,4.839555860528431119e-01,0.000000000000000000e+00,3.692294800926754772e-01,0.000000000000000000e+00,3.469337018566265862e-01,4.034031790610170254e-01,4.669948872630109160e-01,3.618872010158110109e-01,3.786514857703809911e-01,3.903205830263001275e-01,3.674733959810513872e-01,0.000000000000000000e+00,3.962608075412881181e-01,3.957827825461046056e-01,3.626551553073317224e-01,4.337371001764103173e-01,3.522561592559845245e-01,3.576641487647074236e-01,3.528494959285746191e-01,4.223361328386951996e-01,3.919582523124386930e-01,4.212153259549125117e-01,0.000000000000000000e+00,3.346138325355257903e-01,4.035507537387523769e-01,3.300676136730478771e-01,3.433894969657513840e-01,4.136079722395761826e-01,4.578947340348298867e-01,0.000000000000000000e+00,3.925485290418798123e-01,4.207594040994193096e-01,3.898865399975012247e-01,3.988109126365991797e-01,4.546059744688111248e-01,0.000000000000000000e+00,0.000000000000000000e+00,0.000000000000000000e+00,3.256217322478078269e-01,4.149654033522137131e-01,0.000000000000000000e+00,0.000000000000000000e+00,0.000000000000000000e+00,4.087377603494221079e-01,0.000000000000000000e+00,0.000000000000000000e+00,0.000000000000000000e+00,4.027337017615271186e-01,0.000000000000000000e+00,4.177784596888429181e-01,4.354426571818513225e-01,0.000000000000000000e+00,0.000000000000000000e+00,4.150094186180439126e-01,0.000000000000000000e+00,4.006089574430852784e-01,0.000000000000000000e+00,4.117409000528310936e-01,3.232967332537670102e-01,4.278311754475829787e-01,4.161465354305490805e-01,0.000000000000000000e+00,4.069509780604538274e-01,4.111280236554462064e-01,4.211673475539697842e-01,0.000000000000000000e+00,4.066603074599788870e-01,0.000000000000000000e+00,3.702825305451559190e-01
3.724966253770308766e-01,0.000000000000000000e+00,3.682930970793725223e-01,0.000000000000000000e+00,3.844505616631939127e-01,3.710179918472972238e-01,4.063997823659069031e-01,4.540155203783405868e-01,3.524469258667818905e-01,3.815503586254723745e-01,3.690634361901837246e-01,0.000000000000000000e+00,4.206016728113631253e-01,0.000000000000000000e+00,4.048655805130931817e-01,3.746595238863341115e-01,4.083498177793810080e-01,3.722873732799154012e-01,0.000000000000000000e+00,3.914388322618906901e-01,3.886407894566458743e-01,3.594838680830080846e-01,4.063379434579805771e-01,0.000000000000000000e+00,3.478611501024045927e-01,3.599808135722710190e-01,3.858384581395211121e-01,4.289401721114373123e-01,3.990410530113511767e-01,0.000000000000000000e+00,3.486439040709394810e-01,3.993253908791108975e-01,3.346579159462578779e-01,3.580031207027560836e-01,4.148768755847578871e-01,0.000000000000000000e+00,0.000000000000000000e+00,0.000000000000000000e+00,4.328731417605832243e-01,4.204398923069905813e-01,4.202004334793794094e-01,4.504902197529844776e-01,0.000000000000000000e+00,0.000000000000000000e+00,0.000000000000000000e+00,4.050811866297349129e-01,4.238017979796070978e-01,0.000000000000000000e+00,0.000000000000000000e+00,0.000000000000000000e+00,4.171172377261155861e-01,4.198741560586949917e-01,0.000000000000000000e+00,3.959029292715194881e-01,0.000000000000000000e+00,0.000000000000000000e+00,0.000000000000000000e+00,4.222311804206623775e-01,0.000000000000000000e+00,4.763859009822246082e-01,4.240360661476494930e-01,0.000000000000000000e+00,4.214721840632764116e-01,0.000000000000000000e+00,4.221903037353599841e-01,4.561064658826420870e-01,4.375986326824735095e-01,4.339442613488009859e-01,0.000000000000000000e+00,4.248309267653035959e-01,4.460440049962158260e-01,4.254021177591661984e-01,4.297508704523430034e-01,4.234097118333973730e-01,0.000000000000000000e+00,4.030072551149900262e-01
0.000000000000000000e+00,3.682930970793725223e-01,0.000000000000000000e+00,3.884539475817139764e-01,3.695736833756408934e-01,3.362649266241302115e-01,3.920128380097568921e-01,4.084269451974175125e-01,2.770488557826885079e-01,4.119954371598085752e-01,2.796361759615960119e-01,4.018414081621465850e-01,4.172941821854658784e-01,3.763987381600131243e-01,0.000000000000000000e+00,0.000000000000000000e+00,0.000000000000000000e+00,0.000000000000000000e+00,2.257554938483606888e-01,3.859526893469267805e-01,0.000000000000000000e+00,3.872736692423192073e-01,2.888060887955717915e-01,4.105484187602996826e-01,3.652757384957350251e-01,3.487084970072084067e-01,3.145721970264959144e-01,4.307308053475554788e-01,4.162189320468991927e-01,4.398065852640696272e-01,4.546001221548663929e-01,3.863337122468226137e-01,3.970291609995881821e-01,4.410585538814534856e-01,4.331462836606004840e-01,3.733387810532163842e-01,4.005315679803411744e-01,4.113496925737847865e-01,4.642933289882090753e-01,0.000000000000000000e+00,5.205315002002205427e-01,0.000000000000000000e+00,4.777164302217012937e-01,4.795257888052181783e-01,0.000000000000000000e+00,0.000000000000000000e+00,0.000000000000000000e+00,2.818975826135857177e-01,0.000000000000000000e+00,5.063190541307048820e-01,5.112935112622256639e-01,5.181827354320288626e-01,5.254449621881973620e-01,5.344827936605032193e-01,0.000000000000000000e+00,3.069771518767723806e-01,4.106539081949335257e-01,4.690846879596278773e-01,4.335744634123747110e-01,0.000000000000000000e+00,0.000000000000000000e+00,0.000000000000000000e+00,0.000000000000000000e+00,2.225003697165502115e-01,0.000000000000000000e+00,0.000000000000000000e+00,0.000000000000000000e+00,5.114302412617370841e-01,0.000000000000000000e+00,0.000000000000000000e+00,0.000000000000000000e+00,5.250110608562255088e-01,4.707236900159788018e-01,0.000000000000000000e+00,0.000000000000000000e+00,5.126288602853604770e-01
0.000000000000000000e+00,0.000000000000000000e+00,3.884539475817139764e-01,0.000000000000000000e+00,2.197419326914047955e-01,3.729458673804929014e-01,2.435744441141454997e-01,3.124469795791269267e-01,3.882954346234159804e-01,2.385265486962770132e-01,3.392416588769913144e-01,2.407703252012748929e-01,2.751304283863472144e-01,2.841365789361415262e-01,4.237988513932771095e-01,0.000000000000000000e+00,0.000000000000000000e+00,0.000000000000000000e+00,3.888461590075125152e-01,4.119174963604750883e-01,0.000000000000000000e+00,4.352251182329617274e-01,3.582752724633965768e-01,0.000000000000000000e+00,0.000000000000000000e+00,0.000000000000000000e+00,3.763020913860712913e-01,2.287750047978731882e-01,3.742753969275611214e-01,0.000000000000000000e+00,0.000000000000000000e+00,2.646248236728762082e-01,0.000000000000000000e+00,2.880513936412104070e-01,2.995652354997608846e-01,2.105969413543694879e-01,1.520244455311546006e-01,2.697295844554901123e-01,2.526424488713677752e-01,0.000000000000000000e+00,0.000000000000000000e+00,0.000000000000000000e+00,0.000000000000000000e+00,0.000000000000000000e+00,0.000000000000000000e+00,0.000000000000000000e+00,0.000000000000000000e+00,0.000000000000000000e+00,0.000000000000000000e+00,0.000000000000000000e+00,4.321551817984556898e-01,0.000000000000000000e+00,0.000000000000000000e+00,0.000000000000000000e+00,0.000000000000000000e+00,0.000000000000000000e+00,2.464197023549490884e-01,0.000000000000000000e+00,0.000000000000000000e+00,0.000000000000000000e+00,0.000000000000000000e+00,0.000000000000000000e+00,0.000000000000000000e+00,0.000000000000000000e+00,0.000000000000000000e+00,0.000000000000000000e+00,0.000000000000000000e+00,4.361493227563679187e-01,0.000000000000000000e+00,0.000000000000000000e+00,0.000000000000000000e+00,4.304722390760902240e-01,0.000000000000000000e+00,0.000000000000000000e+00,0.000000000000000000e+00,0.000000000000000000e+00
0.000000000000000000e+00,3.844505616631939127e-01,3.695736833756408934e-01,2.197419326914047955e-01,0.000000000000000000e+00,3.484936256342858196e-01,2.853684925200348221e-01,3.057627032841477854e-01,3.404837813717567219e-01,3.759063952576102152e-01,2.963192107014991916e-01,3.567134413138581817e-01,3.459496907899889950e-01,2.574274516733894846e-01,0.000000000000000000e+00,4.113489847548125189e-01,0.000000000000000000e+00,4.022009917421862091e-01,3.782541654487328042e-01,3.847112764825517117e-01,0.000000000000000000e+00,4.121628795136795254e-01,3.351435884633379159e-01,3.586496978526785839e-01,3.586975328606483160e-01,3.586134425403212922e-01,3.651177709498503732e-01,3.117028363762158749e-01,3.941026248352517136e-01,4.205860731974488953e-01,4.153245626975349825e-01,3.120548921185781754e-01,3.546909971004666984e-01,3.904439196032570836e-01,3.660351503065117917e-01,2.035661901429760001e-01,2.286540207837073901e-01,3.484205961621967274e-01,3.396360443157415143e-01,0.000000000000000000e+00,0.000000000000000000e+00,0.000000000000000000e+00,3.819781066982116946e-01,0.000000000000000000e+00,0.000000000000000000e+00,0.000000000000000000e+00,0.000000000000000000e+00,4.805804542522901235e-01,0.000000000000000000e+00,4.204252137537375922e-01,4.487074709517315241e-01,4.801900375272252774e-01,4.752167880860727056e-01,4.850308056440182924e-01,0.000000000000000000e+00,4.255187198278038152e-01,3.077216148376464844e-01,0.000000000000000000e+00,3.941150090836533226e-01,0.000000000000000000e+00,0.000000000000000000e+00,0.000000000000000000e+00,0.000000000000000000e+00,4.439445897389727724e-01,0.000000000000000000e+00,0.000000000000000000e+00,4.069231926482509976e-01,4.643357062566723092e-01,0.000000000000000000e+00,0.000000000000000000e+00,4.108804753783384944e-01,4.697107854358453238e-01,0.000000000000000000e+00,0.000000000000000000e+00,0.000000000000000000e+00,0.000000000000000000e+00
3.685002645909469798e-01,3.710179918472972238e-01,3.362649266241302115e-01,3.729458673804929014e-01,3.484936256342858196e-01,0.000000000000000000e+00,3.676278786219184802e-01,3.599128065764100048e-01,3.282021825179877728e-01,4.108597614383323049e-01,3.533738031522912215e-01,3.905815666033318756e-01,3.492909256983751098e-01,3.570991451346561818e-01,3.703500296406517234e-01,4.018158855829693787e-01,4.193628738478942797e-01,4.004373152044212181e-01,3.194579343309221775e-01,3.665133845035040139e-01,3.755882051501187036e-01,3.845617728629959209e-01,3.530775126408701170e-01,3.808996030361164187e-01,3.395542466716585106e-01,3.599698731927650774e-01,3.334016568071926923e-01,3.605000866875633925e-01,3.250283881214144910e-01,3.954048856734053152e-01,4.106779090729247850e-01,3.711683769527692189e-01,3.652920012760781932e-01,4.047699624020664189e-01,3.852820224369998270e-01,3.669875690979844118e-01,3.933711549743448832e-01,3.927430026466370849e-01,4.012725449984079207e-01,0.000000000000000000e+00,4.425276903309203202e-01,0.000000000000000000e+00,4.436619400265939817e-01,0.000000000000000000e+00,0.000000000000000000e+00,0.000000000000000000e+00,3.919829005852716874e-01,4.977385800917754066e-01,0.000000000000000000e+00,4.804439836222196836e-01,4.532457488727397177e-01,4.671595402045792822e-01,4.399100815020334787e-01,5.059150099039816384e-01,0.000000000000000000e+00,4.693594042241541198e-01,3.614859508467699878e-01,4.496508791073116074e-01,0.000000000000000000e+00,4.272977615729591783e-01,3.889366193655436899e-01,0.000000000000000000e+00,0.000000000000000000e+00,4.912319798728462250e-01,4.292285054067579986e-01,4.013070853412439853e-01,4.146390692116633248e-01,4.603894586682504841e-01,0.000000000000000000e+00,3.890130052333283794e-01,4.122480871443144901e-01,4.606412279576366786e-01,4.499529768569601185e-01,4.349273806194067227e-01,0.000000000000000000e+00,4.577945424223346937e-01
3.833530747110914239e-01,4.063997823659069031e-01,3.920128380097568921e-01,2.435744441141454997e-01,2.853684925200348221e-01,3.676278786219184802e-01,0.000000000000000000e+00,3.640550477682116259e-01,3.772808975874566983e-01,3.549903892715298159e-01,3.876680885352152828e-01,3.338179357657146129e-01,3.099772400581052856e-01,3.166771220573824097e-01,0.000000000000000000e+00,4.358051965242715764e-01,3.863145914963653227e-01,4.255193640780967068e-01,4.138270126021824091e-01,4.128125788708567057e-01,3.900151344285471833e-01,4.344991972075796793e-01,3.761104530688578196e-01,3.606643975556518833e-01,3.896268248970488068e-01,3.869103333184988891e-01,3.863116497079002176e-01,3.534159849216544913e-01,4.025724578790427777e-01,0.000000000000000000e+00,3.865120645052448900e-01,3.430348957422210132e-01,3.514783999279132987e-01,3.736419410141761932e-01,3.451904882170441780e-01,2.455763819347870081e-01,2.474617964424737915e-01,3.236171018821396017e-01,3.280100864318314935e-01,0.000000000000000000e+00,3.362891247617113000e-01,0.000000000000000000e+00,0.000000000000000000e+00,0.000000000000000000e+00,0.000000000000000000e+00,0.000000000000000000e+00,4.102620872288388898e-01,4.757960534031763222e-01,0.000000000000000000e+00,0.000000000000000000e+00,4.510293133249784758e-01,0.000000000000000000e+00,0.000000000000000000e+00,4.771341444313040858e-01,0.000000000000000000e+00,3.876862307528116114e-01,2.992298983799980827e-01,0.000000000000000000e+00,0.000000000000000000e+00,0.000000000000000000e+00,4.157595004450214127e-01,0.000000000000000000e+00,0.000000000000000000e+00,0.000000000000000000e+00,0.000000000000000000e+00,0.000000000000000000e+00,4.154220769278050840e-01,4.608604372552996264e-01,0.000000000000000000e+00,0.000000000000000000e+00,4.239048750659967224e-01,4.579091200325828837e-01,0.000000000000000000e+00,0.000000000000000000e+00,0.000000000000000000e+00,0.000000000000000000e+00
4.839555860528431119e-01,4.540155203783405868e-01,4.084269451974175125e-01,3.124469795791269267e-01,3.057627032841477854e-01,3.599128065764100048e-01,3.640550477682116259e-01,0.000000000000000000e+00,4.447663250913649891e-01,4.086180505746445091e-01,2.906809492269712969e-01,4.263850959907038995e-01,3.986055960183417235e-01,3.192889138012507955e-01,3.883530724706413806e-01,4.500097073754508181e-01,0.000000000000000000e+00,4.566542066310286807e-01,3.710239897808690901e-01,3.729311207806157991e-01,3.521011228797772952e-01,4.481606967121534169e-01,3.268219890553180074e-01,4.934307233067370957e-01,4.386554950681130771e-01,4.657964608939059725e-01,4.052127926577238082e-01,4.017785922740184090e-01,3.595787487483430023e-01,3.950698387517326271e-01,4.218559792549609888e-01,3.582104120565852146e-01,4.302484519626679771e-01,4.239373036744178980e-01,4.264582307312700937e-01,2.769467638774891216e-01,3.698149078968506198e-01,3.709937472888750754e-01,4.142384815961995814e-01,0.000000000000000000e+00,4.428301045262353908e-01,0.000000000000000000e+00,4.272195783489314835e-01,0.000000000000000000e+00,0.000000000000000000e+00,0.000000000000000000e+00,4.655560233614430832e-01,5.028066394330324984e-01,0.000000000000000000e+00,0.000000000000000000e+00,4.174046151041211905e-01,4.402190954584858096e-01,3.703639148503061196e-01,5.113655000848524868e-01,0.000000000000000000e+00,4.671732988940220932e-01,0.000000000000000000e+00,4.273593620390724879e-01,0.000000000000000000e+00,4.443317320152582739e-01,4.675185001803309204e-01,0.000000000000000000e+00,0.000000000000000000e+00,5.019941602486756027e-01,4.806737138413499921e-01,0.000000000000000000e+00,0.000000000000000000e+00,4.331024454212900054e-01,0.000000000000000000e+00,4.555324654055940004e-01,4.702142161715950897e-01,4.418112419612191810e-01,4.237320944788180999e-01,4.154338061633309209e-01,0.000000000000000000e+00,4.454499021668550940e-01
0.000000000000000000e+00,3.524469258667818905e-01,2.770488557826885079e-01,3.882954346234159804e-01,3.404837813717567219e-01,3.282021825179877728e-01,3.772808975874566983e-01,4.447663250913649891e-01,0.000000000000000000e+00,4.343076773551584058e-01,3.296294528085690900e-01,4.153415502226560085e-01,4.081904633651913805e-01,3.876103834337493725e-01,3.535706878075273174e-01,3.686761909297487927e-01,4.314744980555835219e-01,4.195883210992243928e-01,2.696893178738338781e-01,3.513335668038300996e-01,0.000000000000000000e+00,3.714659804303803159e-01,3.694285567860051134e-01,4.183185326680035065e-01,3.400751070700889778e-01,3.403499377047187746e-01,3.458329025990166117e-01,4.318024297596653738e-01,3.804493864042806095e-01,4.220746108614384928e-01,4.548215349423270770e-01,4.144301491374705049e-01,4.039111023900402997e-01,4.431929160518811028e-01,4.187713264281712755e-01,3.956274695377329231e-01,4.119396398830342809e-01,4.118282354975975057e-01,4.048719509716544041e-01,0.000000000000000000e+00,4.223273728377279213e-01,3.912258086348385788e-01,4.774809608995720933e-01,0.000000000000000000e+00,0.000000000000000000e+00,0.000000000000000000e+00,0.000000000000000000e+00,5.323305630774219921e-01,0.000000000000000000e+00,5.097948173784359049e-01,4.990554536408973729e-01,5.050013448357502099e-01,5.352858802885304135e-01,5.303198125506266569e-01,0.000000000000000000e+00,4.685285115547415113e-01,4.040484694679494226e-01,4.802111471554411093e-01,4.935891353242728985e-01,0.000000000000000000e+00,0.000000000000000000e+00,0.000000000000000000e+00,0.000000000000000000e+00,5.125523052685646563e-01,0.000000000000000000e+00,0.000000000000000000e+00,3.904023945663436801e-01,5.240015799207107250e-01,0.000000000000000000e+00,0.000000000000000000e+00,3.916735541035515911e-01,5.177109680408306103e-01,4.837570141368626175e-01,0.000000000000000000e+00,0.000000000000000000e+00,5.079024857505751722e-01
3.692294800926754772e-01,3.815503586254723745e-01,4.119954371598085752e-01,2.385265486962770132e-01,3.759063952576102152e-01,4.108597614383323049e-01,3.549903892715298159e-01,4.086180505746445091e-01,4.343076773551584058e-01,0.000000000000000000e+00,4.208834160679291725e-01,2.641277951760900855e-01,3.709562893570332864e-01,3.704529883131584267e-01,4.297171163025598761e-01,3.618516500863154794e-01,2.956336193102880872e-01,3.147195819015161100e-01,4.166795385103990723e-01,3.930691299031761066e-01,4.121598650562909860e-01,0.000000000000000000e+00,4.014213281545854772e-01,2.844880042516095275e-01,2.823655543168848148e-01,3.030561383567201839e-01,4.118927462679775053e-01,3.601532356223596243e-01,4.020430273119963149e-01,3.740455266504095211e-01,2.992054128787495215e-01,3.147859783810870726e-01,2.999975227349465090e-01,3.033918263931906778e-01,3.147975669401730237e-01,3.106888161794730818e-01,2.397666033262061125e-01,2.639429152724612204e-01,2.774553717747523796e-01,3.369287916121366244e-01,3.160294997359555103e-01,2.501244035329894810e-01,2.913489528670010764e-01,0.000000000000000000e+00,2.866145380123670261e-01,0.000000000000000000e+00,3.849825431847058166e-01,0.000000000000000000e+00,0.000000000000000000e+00,4.140645722068099222e-01,4.390168865021379929e-01,3.469788945992813844e-01,0.000000000000000000e+00,4.178118551195437735e-01,3.984510093003861830e-01,4.140884399987406761e-01,4.128015173890901002e-01,3.793161890271443126e-01,0.000000000000000000e+00,0.000000000000000000e+00,3.975689520422163725e-01,4.062574147501569755e-01,3.948030875464206835e-01,0.000000000000000000e+00,0.000000000000000000e+00,0.000000000000000000e+00,0.000000000000000000e+00,4.528310354554412887e-01,3.524873068488528771e-01,4.184507455338600801e-01,4.156423561385592103e-01,4.374659233079253862e-01,3.685043089529246862e-01,0.000000000000000000e+00,0.000000000000000000e+00,4.004799872478874145e-01
0.000000000000000000e+00,3.690634361901837246e-01,2.796361759615960119e-01,3.392416588769913144e-01,2.963192107014991916e-01,3.533738031522912215e-01,3.876680885352152828e-01,2.906809492269712969e-01,3.296294528085690900e-01,4.208834160679291725e-01,0.000000000000000000e+00,3.988929626126834216e-01,4.171601989959906054e-01,2.854847187571945000e-01,0.000000000000000000e+00,0.000000000000000000e+00,4.198523005119966234e-01,4.183485786786619864e-01,2.261442967550421901e-01,0.000000000000000000e+00,0.000000000000000000e+00,3.935495774130358115e-01,2.693206667740942750e-01,4.017128998618850200e-01,4.175293141131691810e-01,0.000000000000000000e+00,3.701853902545736985e-01,4.227987872172578876e-01,0.000000000000000000e+00,0.000000000000000000e+00,4.383582998433283029e-01,3.590740911183796791e-01,3.868977051047127746e-01,4.228331933620710914e-01,4.002505540010213858e-01,3.071587619806135927e-01,3.853989251046672226e-01,3.908677406184051795e-01,3.723440142758904225e-01,0.000000000000000000e+00,3.641401356180636872e-01,0.000000000000000000e+00,3.943254353606576723e-01,0.000000000000000000e+00,0.000000000000000000e+00,0.000000000000000000e+00,0.000000000000000000e+00,2.822626790458319102e-01,0.000000000000000000e+00,3.845083014538577260e-01,4.612193657873001063e-01,4.183314841075159163e-01,4.376404209389522237e-01,4.492937666405645847e-01,0.000000000000000000e+00,2.220608692191088918e-01,3.823912665360109098e-01,3.946094273669393249e-01,3.454551199546616047e-01,0.000000000000000000e+00,0.000000000000000000e+00,0.000000000000000000e+00,0.000000000000000000e+00,2.057573826263225103e-01,0.000000000000000000e+00,0.000000000000000000e+00,0.000000000000000000e+00,4.730286213950268270e-01,0.000000000000000000e+00,0.000000000000000000e+00,0.000000000000000000e+00,4.845584173781469772e-01,4.288823376565701895e-01,0.000000000000000000e+00,0.000000000000000000e+00,0.000000000000000000e+00
3.469337018566265862e-01,0.000000000000000000e+00,4.018414081621465850e-01,2.407703252012748929e-01,3.567134413138581817e-01,3.905815666033318756e-01,3.338179357657146129e-01,4.263850959907038995e-01,4.153415502226560085e-01,2.641277951760900855e-01,3.988929626126834216e-01,0.000000000000000000e+00,3.504137194637090835e-01,3.703811834097722189e-01,4.037749609007572071e-01,0.000000000000000000e+00,3.321687435844385972e-01,3.276782490074386933e-01,4.037299943946399128e-01,4.019722734070552139e-01,4.362846435052463723e-01,4.095412873419668753e-01,3.984746802043110936e-01,2.551077175364449001e-01,2.981997130294710141e-01,2.865815287033152137e-01,3.934177725088319200e-01,3.291562296611695859e-01,3.787737810633647895e-01,0.000000000000000000e+00,3.047429325673335909e-01,2.599224779614074943e-01,2.711945324417485148e-01,2.401049269323002056e-01,2.942971484965963835e-01,3.044904427470970232e-01,2.664904871881237924e-01,2.088478919698328884e-01,2.411565010079338989e-01,2.797343850139665244e-01,3.091619044085933132e-01,2.804273538644470043e-01,2.693774227476293803e-01,2.353596681470251084e-01,2.951214004770322252e-01,0.000000000000000000e+00,0.000000000000000000e+00,3.818705942475464910e-01,2.349062016232298933e-01,3.874346991684000097e-01,3.674465502841298137e-01,3.184807844377015029e-01,3.868163763178538161e-01,3.975345507814109225e-01,4.070096437766962949e-01,3.924963525506510731e-01,4.133763885881679978e-01,3.642611253986539066e-01,0.000000000000000000e+00,4.100750322100287226e-01,4.163698078026075167e-01,4.172900370680919235e-01,3.917890935284952802e-01,3.929759923562500257e-01,4.093444989048862226e-01,0.000000000000000000e+00,0.000000000000000000e+00,3.896756989059125265e-01,3.563181810919355264e-01,4.189034939419148951e-01,4.179290686847781933e-01,3.856302487977946170e-01,3.209081991776662757e-01,0.000000000000000000e+00,0.000000000000000000e+00,3.864109939877442002e-01
4.034031790610170254e-01,4.206016728113631253e-01,4.172941821854658784e-01,2.751304283863472144e-01,3.459496907899889950e-01,3.492909256983751098e-01,3.099772400581052856e-01,3.986055960183417235e-01,4.081904633651913805e-01,3.709562893570332864e-01,4.171601989959906054e-01,3.504137194637090835e-01,0.000000000000000000e+00,3.705897743068294892e-01,4.192309319285382196e-01,4.433453019183454802e-01,3.806206974477924221e-01,4.096333510177457837e-01,4.293035734874302012e-01,4.129718274546005929e-01,4.110998091677139921e-01,4.427379990447328773e-01,4.028100724750762196e-01,3.664403511944864245e-01,4.016063080200665270e-01,3.961035926556580877e-01,4.129280835036399089e-01,3.330645413398299892e-01,3.768090807738939119e-01,3.518468157370144844e-01,3.717162553931794844e-01,3.628119565379706035e-01,3.734942686661374966e-01,3.657747554855829142e-01,3.591615465121191786e-01,2.985742120202120042e-01,2.991137794785929116e-01,3.390616555066273130e-01,3.640212254103605827e-01,0.000000000000000000e+00,3.673281461962594197e-01,3.392415639031752250e-01,4.567319778924979756e-01,0.000000000000000000e+00,0.000000000000000000e+00,0.000000000000000000e+00,4.212708062335058234e-01,4.798428758399305161e-01,0.000000000000000000e+00,0.000000000000000000e+00,4.611119110109507258e-01,4.715529444566637918e-01,4.492677719623445198e-01,4.947236556663334728e-01,0.000000000000000000e+00,4.332071831148092134e-01,3.096863160610974774e-01,4.665948271035670891e-01,0.000000000000000000e+00,0.000000000000000000e+00,4.203494844739982250e-01,0.000000000000000000e+00,0.000000000000000000e+00,4.789895302716100089e-01,4.605329969024672954e-01,0.000000000000000000e+00,4.261863665325046902e-01,4.668137739859732904e-01,0.000000000000000000e+00,4.107218822429076210e-01,4.365537604832980811e-01,4.649326404897726750e-01,4.664932753762516815e-01,4.599793163697600273e-01,0.000000000000000000e+00,4.755900599137848905e-01
4.669948872630109160e-01,0.000000000000000000e+00,3.763987381600131243e-01,2.841365789361415262e-01,2.574274516733894846e-01,3.570991451346561818e-01,3.166771220573824097e-01,3.192889138012507955e-01,3.876103834337493725e-01,3.704529883131584267e-01,2.854847187571945000e-01,3.703811834097722189e-01,3.705897743068294892e-01,0.000000000000000000e+00,0.000000000000000000e+00,0.000000000000000000e+00,0.000000000000000000e+00,0.000000000000000000e+00,3.294447130607002228e-01,0.000000000000000000e+00,4.195000515641642003e-01,0.000000000000000000e+00,3.577219441791443799e-01,0.000000000000000000e+00,0.000000000000000000e+00,0.000000000000000000e+00,4.111712559448157944e-01,3.079720851155601791e-01,3.819691524453593945e-01,0.000000000000000000e+00,4.405501358744393081e-01,2.842495372317170865e-01,0.000000000000000000e+00,4.057623429947386784e-01,3.731523156166077215e-01,2.441833012994560903e-01,1.714804325393750883e-01,0.000000000000000000e+00,0.000000000000000000e+00,0.000000000000000000e+00,0.000000000000000000e+00,0.000000000000000000e+00,0.000000000000000000e+00,0.000000000000000000e+00,0.000000000000000000e+00,0.000000000000000000e+00,0.000000000000000000e+00,4.805378489981160239e-01,0.000000000000000000e+00,4.111790127693816244e-01,0.000000000000000000e+00,0.000000000000000000e+00,0.000000000000000000e+00,0.000000000000000000e+00,0.000000000000000000e+00,4.146560877349901864e-01,0.000000000000000000e+00,0.000000000000000000e+00,3.747598230838776190e-01,0.000000000000000000e+00,0.000000000000000000e+00,0.000000000000000000e+00,0.000000000000000000e+00,4.481578499073943789e-01,0.000000000000000000e+00,0.000000000000000000e+00,0.000000000000000000e+00,5.068420729061283714e-01,0.000000000000000000e+00,0.000000000000000000e+00,0.000000000000000000e+00,0.000000000000000000e+00,0.000000000000000000e+00,0.000000000000000000e+00,0.000000000000000000e+00,0.000000000000000000e+00
3.618872010158110109e-01,4.048655805130931817e-01,0.000000000000000000e+00,4.237988513932771095e-01,0.000000000000000000e+00,3.703500296406517234e-01,0.000000000000000000e+00,3.883530724706413806e-01,3.535706878075273174e-01,4.297171163025598761e-01,0.000000000000000000e+00,4.037749609007572071e-01,4.192309319285382196e-01,0.000000000000000000e+00,0.000000000000000000e+00,4.130077605104864880e-01,3.866108077204705729e-01,3.989913747129719135e-01,0.000000000000000000e+00,3.420268302423631890e-01,3.603890531298071243e-01,3.225031342784224764e-01,3.452489807234921937e-01,4.276577604939031940e-01,3.825870848375733102e-01,3.894985197198967963e-01,3.803742318782117882e-01,3.772839041918150116e-01,3.840707029978150944e-01,3.811520624891502895e-01,4.139153558494326757e-01,4.290835169858984166e-01,3.990288095812382085e-01,4.464140276449465872e-01,4.804362820058387107e-01,4.983919746739879919e-01,4.455559588678320027e-01,0.000000000000000000e+00,4.780427136041944802e-01,4.681777850098587934e-01,4.844789521937050147e-01,5.028453612876421230e-01,0.000000000000000000e+00,0.000000000000000000e+00,0.000000000000000000e+00,0.000000000000000000e+00,4.611642896563857841e-01,0.000000000000000000e+00,0.000000000000000000e+00,0.000000000000000000e+00,4.483562481150709100e-01,4.468444670924818785e-01,4.404656058372034000e-01,0.000000000000000000e+00,0.000000000000000000e+00,0.000000000000000000e+00,0.000000000000000000e+00,4.454818557235715182e-01,0.000000000000000000e+00,4.770277544661564173e-01,4.525013821848267170e-01,0.000000000000000000e+00,0.000000000000000000e+00,0.000000000000000000e+00,4.499924869660911764e-01,4.424468276057529903e-01,4.969637346151469792e-01,4.532368776992343196e-01,0.000000000000000000e+00,4.174052873682075893e-01,4.944018820148903814e-01,4.605983369114782788e-01,4.526650189367690813e-01,4.523400872994083888e-01,0.000000000000000000e+00,4.664670942451873970e-01
3.786514857703809911e-01,3.746595238863341115e-01,0.000000000000000000e+00,0.000000000000000000e+00,4.113489847548125189e-01,4.018158855829693787e-01,4.358051965242715764e-01,4.500097073754508181e-01,3.686761909297487927e-01,3.618516500863154794e-01,0.000000000000000000e+00,0.000000000000000000e+00,4.433453019183454802e-01,0.000000000000000000e+00,4.130077605104864880e-01,0.000000000000000000e+00,3.506191225184187021e-01,3.179588238601255834e-01,0.000000000000000000e+00,3.768614191866870855e-01,3.832311260348157944e-01,3.579714413313169752e-01,4.100902395482400875e-01,3.545004872984907074e-01,3.474776290934962208e-01,3.830115833272381143e-01,4.121981088846977115e-01,4.298377088888373776e-01,4.106159453982549112e-01,4.094412495862371770e-01,3.481550090779149120e-01,4.284095319439609195e-01,3.688862030611889109e-01,3.676393881254877982e-01,4.282626358629035845e-01,0.000000000000000000e+00,0.000000000000000000e+00,0.000000000000000000e+00,4.314843573066641236e-01,4.174129701706831841e-01,4.138764298943424236e-01,4.440451528569506756e-01,0.000000000000000000e+00,0.000000000000000000e+00,0.000000000000000000e+00,4.021973989883438905e-01,4.226123214639777026e-01,0.000000000000000000e+00,0.000000000000000000e+00,0.000000000000000000e+00,4.138875777133427802e-01,0.000000000000000000e+00,0.000000000000000000e+00,0.000000000000000000e+00,4.025010811186691129e-01,0.000000000000000000e+00,4.111204491130203142e-01,4.218332724419722735e-01,0.000000000000000000e+00,4.576228317718433747e-01,4.181750952729538784e-01,0.000000000000000000e+00,4.002896187654513271e-01,0.000000000000000000e+00,4.348380387171711936e-01,4.246754381180760096e-01,4.267328439515309935e-01,4.591316878152784109e-01,0.000000000000000000e+00,4.048338826825748082e-01,4.298862039354134912e-01,4.402857657221277976e-01,4.730453463593968233e-01,4.336939317436461772e-01,0.000000000000000000e+00,3.947242593099762886e-01
3.903205830263001275e-01,4.083498177793810080e-01,0.000000000000000000e+00,0.000000000000000000e+00,0.000000000000000000e+00,4.193628738478942797e-01,3.863145914963653227e-01,0.000000000000000000e+00,4.314744980555835219e-01,2.956336193102880872e-01,4.198523005119966234e-01,3.321687435844385972e-01,3.806206974477924221e-01,0.000000000000000000e+00,3.866108077204705729e-01,3.506191225184187021e-01,0.000000000000000000e+00,2.904112948960174134e-01,0.000000000000000000e+00,3.779561993862043945e-01,0.000000000000000000e+00,3.728853627085084166e-01,4.121332617087167804e-01,3.242537766307374003e-01,2.988084131635452834e-01,3.313392707046092789e-01,4.132252629941691735e-01,3.787079670381441887e-01,0.000000000000000000e+00,0.000000000000000000e+00,3.191831073120592888e-01,3.981238689565778088e-01,3.214083271292567101e-01,3.286653757819514854e-01,3.456032304461026938e-01,0.000000000000000000e+00,0.000000000000000000e+00,2.953165419586594731e-01,0.000000000000000000e+00,3.745079071249586833e-01,3.775526474766721097e-01,0.000000000000000000e+00,0.000000000000000000e+00,0.000000000000000000e+00,0.000000000000000000e+00,0.000000000000000000e+00,0.000000000000000000e+00,0.000000000000000000e+00,0.000000000000000000e+00,0.000000000000000000e+00,0.000000000000000000e+00,0.000000000000000000e+00,0.000000000000000000e+00,0.000000000000000000e+00,4.227107946668041127e-01,0.000000000000000000e+00,4.253212206877033941e-01,4.185698468441131914e-01,0.000000000000000000e+00,0.000000000000000000e+00,3.932531514855873156e-01,3.937529691434087931e-01,3.839854000933410894e-01,0.000000000000000000e+00,0.000000000000000000e+00,0.000000000000000000e+00,0.000000000000000000e+00,0.000000000000000000e+00,4.111671262746858790e-01,4.066595206692175113e-01,4.173997711525229137e-01,0.000000000000000000e+00,3.984894247800190858e-01,0.000000000000000000e+00,0.000000000000000000e+00,4.225039289557767086e-01
3.674733959810513872e-01,3.722873732799154012e-01,0.000000000000000000e+00,0.000000000000000000e+00,4.022009917421862091e-01,4.004373152044212181e-01,4.255193640780967068e-01,4.566542066310286807e-01,4.195883210992243928e-01,3.147195819015161100e-01,4.183485786786619864e-01,3.276782490074386933e-01,4.096333510177457837e-01,0.000000000000000000e+00,3.989913747129719135e-01,3.179588238601255834e-01,2.904112948960174134e-01,0.000000000000000000e+00,0.000000000000000000e+00,3.882475718546272159e-01,4.055816089481307785e-01,3.817264458083969858e-01,4.095656143188504128e-01,3.119690456434278114e-01,3.090079836975724858e-01,3.445856866454136136e-01,4.094766745374144867e-01,3.993879476413577101e-01,4.157924943813722796e-01,4.297852795785174762e-01,3.266186115385155131e-01,4.050579395648122860e-01,3.201695556879070037e-01,3.315237862782975942e-01,3.565915878008111828e-01,0.000000000000000000e+00,0.000000000000000000e+00,0.000000000000000000e+00,4.184367847213026903e-01,3.852493995879266997e-01,3.960944058038686211e-01,4.114257129632615806e-01,0.000000000000000000e+00,0.000000000000000000e+00,0.000000000000000000e+00,3.787156553532294856e-01,4.017626431479426885e-01,0.000000000000000000e+00,0.000000000000000000e+00,0.000000000000000000e+00,4.151536501072354834e-01,0.000000000000000000e+00,0.000000000000000000e+00,0.000000000000000000e+00,4.057910855617110069e-01,0.000000000000000000e+00,4.080138062935950161e-01,4.127284354988257076e-01,0.000000000000000000e+00,4.428812827962476106e-01,3.954911034097665090e-01,3.862680068617477813e-01,3.844785882111508846e-01,0.000000000000000000e+00,4.115514482945111796e-01,0.000000000000000000e+00,4.059077839159048184e-01,0.000000000000000000e+00,3.666636584564730850e-01,3.862860757734051242e-01,4.023663061437581789e-01,4.106774452642956152e-01,0.000000000000000000e+00,4.118206917683545076e-01,0.000000000000000000e+00,3.943412089286975064e-01
0.000000000000000000e+00,0.000000000000000000e+00,2.257554938483606888e-01,3.888461590075125152e-01,3.782541654487328042e-01,3.194579343309221775e-01,4.138270126021824091e-01,3.710239897808690901e-01,2.696893178738338781e-01,4.166795385103990723e-01,2.261442967550421901e-01,4.037299943946399128e-01,4.293035734874302012e-01,3.294447130607002228e-01,0.000000000000000000e+00,0.000000000000000000e+00,0.000000000000000000e+00,0.000000000000000000e+00,0.000000000000000000e+00,0.000000000000000000e+00,0.000000000000000000e+00,0.000000000000000000e+00,2.474871810112652115e-01,4.543614250658727927e-01,0.000000000000000000e+00,0.000000000000000000e+00,3.440605887806144070e-01,4.332762153796335114e-01,0.000000000000000000e+00,0.000000000000000000e+00,4.523041866698780944e-01,3.852958282219621777e-01,3.937089122205612024e-01,4.366517781678209142e-01,4.250533100192533942e-01,3.538336428543826240e-01,4.100573819978104995e-01,4.076100935372621858e-01,3.873544373076812097e-01,0.000000000000000000e+00,0.000000000000000000e+00,0.000000000000000000e+00,4.452889531398028788e-01,0.000000000000000000e+00,0.000000000000000000e+00,0.000000000000000000e+00,0.000000000000000000e+00,4.620168280997695165e-01,0.000000000000000000e+00,4.789709554278689940e-01,4.850697698456422069e-01,4.926714226590814261e-01,4.887800065619460899e-01,5.112463774729808508e-01,0.000000000000000000e+00,3.356432114089755170e-01,0.000000000000000000e+00,4.905896530359057928e-01,5.175355255788053332e-01,0.000000000000000000e+00,0.000000000000000000e+00,0.000000000000000000e+00,0.000000000000000000e+00,4.240202142794637918e-01,0.000000000000000000e+00,0.000000000000000000e+00,0.000000000000000000e+00,5.052450635759849762e-01,0.000000000000000000e+00,0.000000000000000000e+00,0.000000000000000000e+00,5.066290827831508858e-01,4.755599205809131758e-01,0.000000000000000000e+00,0.000000000000000000e+00,0.000000000000000000e+00
3.962608075412881181e-01,3.914388322618906901e-01,3.859526893469267805e-01,4.119174963604750883e-01,3.847112764825517117e-01,3.665133845035040139e-01,4.128125788708567057e-01,3.729311207806157991e-01,3.513335668038300996e-01,3.930691299031761066e-01,0.000000000000000000e+00,4.019722734070552139e-01,4.129718274546005929e-01,0.000000000000000000e+00,3.420268302423631890e-01,3.768614191866870855e-01,3.779561993862043945e-01,3.882475718546272159e-01,0.000000000000000000e+00,0.000000000000000000e+00,3.910558822663018907e-01,3.375230516927025803e-01,3.545737351883260779e-01,0.000000000000000000e+00,3.719329808629990852e-01,4.049268014004406835e-01,3.381402423673635083e-01,3.761795626282511962e-01,3.334161787772482177e-01,3.531547861821419110e-01,3.665309900719316838e-01,4.058362503587941150e-01,3.835072620016288236e-01,4.174158567737638048e-01,4.571584486492062949e-01,4.770925705093521096e-01,4.362881151454003903e-01,4.496827889333107064e-01,4.538768609020111811e-01,4.422824407782828815e-01,4.676201365344487826e-01,4.436051676506894137e-01,4.719331597105598242e-01,0.000000000000000000e+00,0.000000000000000000e+00,0.000000000000000000e+00,4.213263997070901268e-01,0.000000000000000000e+00,0.000000000000000000e+00,0.000000000000000000e+00,4.407195082240228934e-01,4.390949862618110933e-01,4.133122432799922197e-01,4.386541852000718222e-01,0.000000000000000000e+00,0.000000000000000000e+00,3.979819423916478027e-01,4.435428573320406853e-01,0.000000000000000000e+00,4.504253485421811920e-01,4.315530576472850766e-01,0.000000000000000000e+00,4.506408356382716751e-01,0.000000000000000000e+00,4.525896035358671909e-01,4.243350412712489916e-01,4.642552179871973772e-01,4.492402561652041881e-01,0.000000000000000000e+00,4.048345095294004770e-01,4.582861571576041237e-01,4.504656021961461754e-01,4.490620393580029845e-01,4.432641787461656935e-01,4.503899878975222149e-01,4.500314375327009175e-01
3.957827825461046056e-01,3.886407894566458743e-01,0.000000000000000000e+00,0.000000000000000000e+00,0.000000000000000000e+00,3.755882051501187036e-01,3.900151344285471833e-01,3.521011228797772952e-01,0.000000000000000000e+00,4.121598650562909860e-01,0.000000000000000000e+00,4.362846435052463723e-01,4.110998091677139921e-01,4.195000515641642003e-01,3.603890531298071243e-01,3.832311260348157944e-01,0.000000000000000000e+00,4.055816089481307785e-01,0.000000000000000000e+00,3.910558822663018907e-01,0.000000000000000000e+00,3.961274734553683063e-01,3.592607495784925220e-01,4.623386751346255097e-01,3.780464059930430110e-01,3.929382362262682782e-01,3.918801926378617795e-01,3.959142982810351930e-01,3.927162579100921813e-01,3.976312760830675863e-01,3.847752911834608769e-01,4.016541560727062143e-01,3.527960307250663785e-01,4.013030506506534145e-01,4.465874696059980997e-01,3.954218272214390928e-01,0.000000000000000000e+00,0.000000000000000000e+00,4.501956608264052750e-01,4.044225287597030816e-01,4.682677540272366934e-01,4.857936361702919759e-01,0.000000000000000000e+00,0.000000000000000000e+00,0.000000000000000000e+00,3.758995331686290076e-01,4.490860794641775011e-01,0.000000000000000000e+00,0.000000000000000000e+00,0.000000000000000000e+00,4.283289616043022829e-01,4.172146746177819998e-01,2.846909004920591957e-01,0.000000000000000000e+00,0.000000000000000000e+00,0.000000000000000000e+00,0.000000000000000000e+00,4.329499848572457843e-01,0.000000000000000000e+00,4.464985182070190239e-01,4.425352562968842829e-01,0.000000000000000000e+00,0.000000000000000000e+00,0.000000000000000000e+00,4.478077731713642207e-01,3.906809155397423239e-01,4.731544393961552020e-01,4.235467779058240123e-01,0.000000000000000000e+00,4.096986775616007770e-01,4.833854869542255073e-01,4.376150022843031118e-01,4.337789494286389269e-01,4.333138060558751059e-01,0.000000000000000000e+00,4.507058309837658205e-01
