0.000000000000000000e+00,4.136089475959773831e-01,0.000000000000000000e+00,0.000000000000000000e+00,0.000000000000000000e+00,4.266933463826335093e-01,0.000000000000000000e+00,5.213234306277115815e-01,0.000000000000000000e+00,4.048542367000829145e-01,0.000000000000000000e+00,3.664999379881128116e-01,4.472276457484001821e-01,0.000000000000000000e+00,3.861187865234719796e-01,4.122091305876450229e-01,3.793909736448665138e-01,3.904739560443664104e-01,0.000000000000000000e+00,4.263477976150669146e-01,4.041297905920588907e-01,4.237755027236265182e-01,4.532734768959639227e-01,3.595871876489679098e-01,3.707091168992899810e-01,3.590724202981973034e-01,4.276646965851171878e-01,4.466064131849550867e-01,4.338672320202622834e-01,0.000000000000000000e+00,3.582310803910285224e-01,4.059721383523859917e-01,3.419290450899375999e-01,3.657377318013452783e-01,4.278150357308976859e-01,0.000000000000000000e+00,0.000000000000000000e+00,0.000000000000000000e+00,4.506083024261540726e-01,4.203842082340091824e-01,4.250397990729902209e-01,4.722463086260246801e-01,0.000000000000000000e+00,0.000000000000000000e+00,0.000000000000000000e+00,4.130866928337137978e-01,4.642031909642873044e-01,0.000000000000000000e+00,0.000000000000000000e+00,0.000000000000000000e+00,0.000000000000000000e+00,0.000000000000000000e+00,0.000000000000000000e+00,0.000000000000000000e+00,0.000000000000000000e+00,0.000000000000000000e+00,0.000000000000000000e+00,0.000000000000000000e+00,0.000000000000000000e+00,4.098619608341834142e-01,4.622358358173007109e-01,0.000000000000000000e+00,4.403653631126875911e-01,0.000000000000000000e+00,0.000000000000000000e+00,4.079674126361261810e-01,4.512488636683358867e-01,4.340226364471376219e-01,3.666089004742015267e-01,4.410863257722681952e-01,4.581770165809168072e-01,4.536655181050113783e-01,0.000000000000000000e+00,0.000000000000000000e+00,0.000000000000000000e+00,4.140872794325246020e-01
4.136089475959773831e-01,0.000000000000000000e+00,0.000000000000000000e+00,0.000000000000000000e+00,4.555222559492337897e-01,4.076742349650737118e-01,4.292172594148738751e-01,4.483143940937792116e-01,3.845510160102370012e-01,3.738275967330023097e-01,0.000000000000000000e+00,0.000000000000000000e+00,4.424439121976713740e-01,0.000000000000000000e+00,4.235881091082601135e-01,4.314834331016568769e-01,0.000000000000000000e+00,4.203991507442383924e-01,0.000000000000000000e+00,4.408879023160152122e-01,4.218785764082745859e-01,4.325573739504005033e-01,4.250615637589066909e-01,4.073094927305873081e-01,3.910125170634974889e-01,4.029231094056736073e-01,4.153296124877797757e-01,4.639984228932758081e-01,4.315277211554450765e-01,0.000000000000000000e+00,3.532028005229386758e-01,4.115723930283398113e-01,3.679609828158528773e-01,3.605352483551276244e-01,4.427357608046844084e-01,0.000000000000000000e+00,0.000000000000000000e+00,0.000000000000000000e+00,4.835101291645602095e-01,4.793056206387292795e-01,4.619219876779679934e-01,5.057270075256733444e-01,0.000000000000000000e+00,0.000000000000000000e+00,0.000000000000000000e+00,4.655253895017619215e-01,4.852518895717338743e-01,0.000000000000000000e+00,0.000000000000000000e+00,0.000000000000000000e+00,4.644232833565988816e-01,0.000000000000000000e+00,4.670632508887562206e-01,0.000000000000000000e+00,0.000000000000000000e+00,0.000000000000000000e+00,0.000000000000000000e+00,4.723749526757750061e-01,0.000000000000000000e+00,4.954965977207221872e-01,4.777378016800284954e-01,0.000000000000000000e+00,4.692218415992984726e-01,0.000000000000000000e+00,4.718542319805850149e-01,4.878641295411950130e-01,4.840675641775050164e-01,4.712567180156621016e-01,0.000000000000000000e+00,4.729844539172313733e-01,5.012341473650049339e-01,4.741166716398824144e-01,4.866702007237921901e-01,4.753522836975588861e-01,0.000000000000000000e+00,4.513769595472834073e-01
0.000000000000000000e+00,0.000000000000000000e+00,0.000000000000000000e+00,4.476056846256782906e-01,3.786298173076509954e-01,3.852096558860528819e-01,4.382049992127142746e-01,4.668373485825765834e-01,3.206418504997908814e-01,4.671980809304223103e-01,3.286234114817546126e-01,4.485587431842514849e-01,4.584469780992572185e-01,4.388559681690615832e-01,0.000000000000000000e+00,0.000000000000000000e+00,4.784430120262003205e-01,0.000000000000000000e+00,3.029528225470157210e-01,0.000000000000000000e+00,0.000000000000000000e+00,0.000000000000000000e+00,3.703824007302491950e-01,4.648497206322941278e-01,4.364250610188417090e-01,4.530499388382756010e-01,3.583712430973384211e-01,4.611103724277894056e-01,4.595475944260793977e-01,4.555737813199374764e-01,4.845445336622991039e-01,4.562315309395376106e-01,4.508923984947710850e-01,4.930407853857953215e-01,4.734250821415135757e-01,4.294414399022201123e-01,4.650830427263111244e-01,4.490476189609959867e-01,4.670893412331074135e-01,0.000000000000000000e+00,4.407314004527864149e-01,4.483163539444741108e-01,4.466886781443166754e-01,4.393859962351884807e-01,0.000000000000000000e+00,0.000000000000000000e+00,0.000000000000000000e+00,4.304530849854052987e-01,0.000000000000000000e+00,5.152906510079325875e-01,5.509800743913857435e-01,5.429352118956839446e-01,5.210418861913485022e-01,5.713631383359251137e-01,0.000000000000000000e+00,4.294597616875061030e-01,0.000000000000000000e+00,5.017033675870922194e-01,4.896463842339062733e-01,0.000000000000000000e+00,0.000000000000000000e+00,0.000000000000000000e+00,0.000000000000000000e+00,2.514656129716678068e-01,0.000000000000000000e+00,0.000000000000000000e+00,0.000000000000000000e+00,5.247878271085678614e-01,0.000000000000000000e+00,0.000000000000000000e+00,0.000000000000000000e+00,5.482143767037664928e-01,5.143044499634508160e-01,0.000000000000000000e+00,4.380840659141541082e-01,5.710086855196085942e-01
0.000000000000000000e+00,0.000000000000000000e+00,4.476056846256782906e-01,0.000000000000000000e+00,2.682108965297930192e-01,4.388709901545497227e-01,2.946255535344781129e-01,3.350982295622025875e-01,4.387245575482314197e-01,2.124712542552263106e-01,3.896433984824231866e-01,2.621676624335559924e-01,2.971820086659677784e-01,2.596124526639762009e-01,0.000000000000000000e+00,0.000000000000000000e+00,0.000000000000000000e+00,0.000000000000000000e+00,4.378250719809864133e-01,4.684931492490040927e-01,0.000000000000000000e+00,0.000000000000000000e+00,4.477962439791089988e-01,0.000000000000000000e+00,0.000000000000000000e+00,0.000000000000000000e+00,4.413077254173011776e-01,2.669647295296104228e-01,4.611557853983742072e-01,0.000000000000000000e+00,3.646300682404288729e-01,3.227837275614190982e-01,0.000000000000000000e+00,3.783804253212517121e-01,3.947234501376051807e-01,2.060169820109493122e-01,2.173329498072759103e-01,2.675260305404663086e-01,0.000000000000000000e+00,0.000000000000000000e+00,0.000000000000000000e+00,3.005022629628468223e-01,0.000000000000000000e+00,2.522379492535453127e-01,0.000000000000000000e+00,0.000000000000000000e+00,0.000000000000000000e+00,0.000000000000000000e+00,0.000000000000000000e+00,0.000000000000000000e+00,5.000310183703400302e-01,5.102711290147559087e-01,0.000000000000000000e+00,0.000000000000000000e+00,0.000000000000000000e+00,0.000000000000000000e+00,0.000000000000000000e+00,0.000000000000000000e+00,0.000000000000000000e+00,0.000000000000000000e+00,0.000000000000000000e+00,0.000000000000000000e+00,0.000000000000000000e+00,0.000000000000000000e+00,0.000000000000000000e+00,0.000000000000000000e+00,0.000000000000000000e+00,4.948547356883614134e-01,0.000000000000000000e+00,0.000000000000000000e+00,0.000000000000000000e+00,4.885934636466672809e-01,5.023892046409101919e-01,0.000000000000000000e+00,0.000000000000000000e+00,0.000000000000000000e+00
0.000000000000000000e+00,4.555222559492337897e-01,3.786298173076509954e-01,2.682108965297930192e-01,0.000000000000000000e+00,3.514533538963052761e-01,3.281835187464923198e-01,3.821650009974956186e-01,3.339544853705221916e-01,4.453940140860144781e-01,3.421635522691218734e-01,4.132560115187199901e-01,3.928727368856603785e-01,3.267213317064647238e-01,0.000000000000000000e+00,4.669367336882350172e-01,4.454936529164458259e-01,0.000000000000000000e+00,3.793317951316053094e-01,0.000000000000000000e+00,0.000000000000000000e+00,0.000000000000000000e+00,4.178621178934416869e-01,4.446251820201522764e-01,4.560356774081152920e-01,0.000000000000000000e+00,3.771666585939961736e-01,3.898693153921953258e-01,5.032485314272620025e-01,0.000000000000000000e+00,4.717733241404917788e-01,3.679154489038812814e-01,4.329786543430979018e-01,4.471173882510687814e-01,3.715027428774984042e-01,2.564956666024674758e-01,3.257323889426080865e-01,4.189483196388931185e-01,3.724009582843724186e-01,0.000000000000000000e+00,4.430180607130295156e-01,0.000000000000000000e+00,3.697191698684652028e-01,0.000000000000000000e+00,0.000000000000000000e+00,0.000000000000000000e+00,0.000000000000000000e+00,5.135382547241612583e-01,0.000000000000000000e+00,4.328316027592943871e-01,5.149123683418176389e-01,4.669935462243192115e-01,4.410801414480431948e-01,5.199837268922461453e-01,0.000000000000000000e+00,4.485785825112538205e-01,0.000000000000000000e+00,4.621932821636490218e-01,4.186738644134652132e-01,0.000000000000000000e+00,0.000000000000000000e+00,0.000000000000000000e+00,0.000000000000000000e+00,4.803883141165726234e-01,0.000000000000000000e+00,0.000000000000000000e+00,0.000000000000000000e+00,5.090081804145790700e-01,0.000000000000000000e+00,0.000000000000000000e+00,0.000000000000000000e+00,5.189681598935339535e-01,4.830183873453406940e-01,4.916148895094314963e-01,0.000000000000000000e+00,5.040987174355298084e-01
4.266933463826335093e-01,4.076742349650737118e-01,3.852096558860528819e-01,4.388709901545497227e-01,3.514533538963052761e-01,0.000000000000000000e+00,4.137057379268658797e-01,4.237374922738442740e-01,3.245143668951466775e-01,4.639559312080718811e-01,3.770344004739126786e-01,4.394253977050950888e-01,4.213908570478823168e-01,4.165718772186077223e-01,4.112683295982553222e-01,4.374386236465181987e-01,4.253009418058246727e-01,4.282124644839658267e-01,3.805745467296893780e-01,4.134810584777168785e-01,4.242460645939816755e-01,4.380280323233952111e-01,3.985056294664224841e-01,4.545598881244439227e-01,3.849658150676690815e-01,3.853791530304773727e-01,3.754100798099518910e-01,4.186845147118192778e-01,3.786721913994623989e-01,4.154151065926218744e-01,4.480033121271371765e-01,4.343129659856667102e-01,4.059648952726476190e-01,4.558193611524161137e-01,4.475856785311635999e-01,4.548041695375961146e-01,4.628582796349671735e-01,4.392132517168341743e-01,5.133438291947047816e-01,4.554901520152245253e-01,4.288024669598735072e-01,4.248964397070760790e-01,4.459125184896650107e-01,5.139078870751387917e-01,0.000000000000000000e+00,0.000000000000000000e+00,4.398219904249112133e-01,5.520661050814904547e-01,5.011591929334362483e-01,5.166685980435110626e-01,5.202564403706214646e-01,5.313881147075916189e-01,4.656242372723685130e-01,5.474966058384129752e-01,5.199122136249897386e-01,5.268759702711924842e-01,5.039239047010707351e-01,5.172238310151217044e-01,4.791597849680920840e-01,4.749046042799160983e-01,4.426509668520056118e-01,0.000000000000000000e+00,4.365626957631246197e-01,5.341443972576882526e-01,4.753211081680345229e-01,0.000000000000000000e+00,4.521043658392713271e-01,5.180737480954122898e-01,0.000000000000000000e+00,4.387457819736552134e-01,4.600970851668467199e-01,5.118652678381538923e-01,5.163536882971823117e-01,4.923508531188275916e-01,5.154658049538620723e-01,5.379033529592247564e-01
0.000000000000000000e+00,4.292172594148738751e-01,4.382049992127142746e-01,2.946255535344781129e-01,3.281835187464923198e-01,4.137057379268658797e-01,0.000000000000000000e+00,4.456562922068567079e-01,3.873590195529565960e-01,4.122278568606788096e-01,4.452987121650274771e-01,0.000000000000000000e+00,3.658957997832282816e-01,3.614426073233155123e-01,0.000000000000000000e+00,4.576211294185508205e-01,4.175259845105184775e-01,4.447605756194231152e-01,4.382445953153347173e-01,4.671534839959589069e-01,4.287947714328765869e-01,4.696746511907498034e-01,4.494400266378920095e-01,4.243522773125295022e-01,4.141271323975874163e-01,4.163204603244760049e-01,4.318640350201701783e-01,4.019541301817295964e-01,4.543129280564944805e-01,4.228915526668777791e-01,4.293261602207574246e-01,4.038185814219076852e-01,4.208037660372184741e-01,4.326301780355015780e-01,4.167723615377014745e-01,3.201866918634421189e-01,3.199452943272868000e-01,4.030743293566685925e-01,4.930884583143582134e-01,0.000000000000000000e+00,4.675941368562963052e-01,0.000000000000000000e+00,0.000000000000000000e+00,5.215259147703885656e-01,0.000000000000000000e+00,0.000000000000000000e+00,0.000000000000000000e+00,5.390462887405537140e-01,0.000000000000000000e+00,4.686819614775297183e-01,5.238730347365788687e-01,5.200409693276828449e-01,4.601460724801674229e-01,5.332463629458633614e-01,0.000000000000000000e+00,4.616873812616023032e-01,0.000000000000000000e+00,5.203086980516782312e-01,4.251535600524855019e-01,0.000000000000000000e+00,0.000000000000000000e+00,0.000000000000000000e+00,0.000000000000000000e+00,5.002816851349309868e-01,0.000000000000000000e+00,0.000000000000000000e+00,4.576520743630861920e-01,5.254179730715711205e-01,0.000000000000000000e+00,0.000000000000000000e+00,0.000000000000000000e+00,5.205514162539874867e-01,5.266946786478120535e-01,4.980202324862365026e-01,5.273305930427857335e-01,5.433594759688216147e-01
5.213234306277115815e-01,4.483143940937792116e-01,4.668373485825765834e-01,3.350982295622025875e-01,3.821650009974956186e-01,4.237374922738442740e-01,4.456562922068567079e-01,0.000000000000000000e+00,4.888920088488544757e-01,4.749942833642423756e-01,3.824229149392495142e-01,4.920884295511799844e-01,4.673189086035258177e-01,3.933211712795803838e-01,0.000000000000000000e+00,4.697391707504334768e-01,4.772937969535370195e-01,4.877364152040896128e-01,4.463742613360893730e-01,0.000000000000000000e+00,4.548123960101101981e-01,4.552880018063267253e-01,3.893027277318923951e-01,5.161224923272013099e-01,4.848474642766538167e-01,4.720053064145999233e-01,4.308857644401654086e-01,4.528660311641005132e-01,4.214186118890279054e-01,4.399323230902785209e-01,4.731035236083542816e-01,4.136608098175031945e-01,4.647625318039849129e-01,4.792490505354534136e-01,5.041417076997587454e-01,2.748197269528682152e-01,4.185229464639408925e-01,4.698221589362754913e-01,4.574459611737201059e-01,0.000000000000000000e+00,5.030984505608453450e-01,0.000000000000000000e+00,3.443619482140402033e-01,0.000000000000000000e+00,0.000000000000000000e+00,0.000000000000000000e+00,0.000000000000000000e+00,5.228697790806081658e-01,0.000000000000000000e+00,4.448729627264925157e-01,4.865233199565172084e-01,4.959193188147217879e-01,3.376345096775609789e-01,5.326516211481719942e-01,0.000000000000000000e+00,4.482643370733326860e-01,0.000000000000000000e+00,4.855480984409457079e-01,4.351370549856026226e-01,0.000000000000000000e+00,0.000000000000000000e+00,0.000000000000000000e+00,0.000000000000000000e+00,4.831143762024078803e-01,0.000000000000000000e+00,3.560693893654282016e-01,0.000000000000000000e+00,4.602713555080186203e-01,0.000000000000000000e+00,4.755928920091089807e-01,0.000000000000000000e+00,4.827450339085149200e-01,4.853625764654396213e-01,4.509480333381634121e-01,4.870582706836625864e-01,5.209123629549282652e-01
0.000000000000000000e+00,3.845510160102370012e-01,3.206418504997908814e-01,4.387245575482314197e-01,3.339544853705221916e-01,3.245143668951466775e-01,3.873590195529565960e-01,4.888920088488544757e-01,0.000000000000000000e+00,4.646426160297790209e-01,3.267592199479076864e-01,4.485650532974904126e-01,4.307615281312762168e-01,4.322275994262297916e-01,0.000000000000000000e+00,4.060648512145657030e-01,4.602071861352454163e-01,4.484335805271483233e-01,2.898543237467960942e-01,4.237700998783112127e-01,0.000000000000000000e+00,4.239804242410415980e-01,4.128780555933113106e-01,4.579395416115493167e-01,4.132642305680033212e-01,4.285709009630054855e-01,3.652913433017698219e-01,4.589960824186368749e-01,4.214714231464131156e-01,4.538426191241549112e-01,4.739232894944331864e-01,4.458584574294552905e-01,4.321543754139958171e-01,4.811925572351120062e-01,4.573852936190160867e-01,4.375223021703604220e-01,4.604306624670312931e-01,4.475278820968124904e-01,4.896867503006636091e-01,4.123074877126757243e-01,4.290213104949218148e-01,4.410361200118941838e-01,4.330535528312304261e-01,4.284400731362623116e-01,0.000000000000000000e+00,0.000000000000000000e+00,0.000000000000000000e+00,5.640778825361986160e-01,4.723951866016448120e-01,5.157654615846365420e-01,5.521125997533575802e-01,5.383898051014593955e-01,5.244033657164608453e-01,5.629370090635851254e-01,0.000000000000000000e+00,5.275427610256473443e-01,0.000000000000000000e+00,5.273280320758202411e-01,4.898470479378442266e-01,0.000000000000000000e+00,0.000000000000000000e+00,0.000000000000000000e+00,0.000000000000000000e+00,5.478177442814136100e-01,0.000000000000000000e+00,0.000000000000000000e+00,0.000000000000000000e+00,5.491765208306143009e-01,0.000000000000000000e+00,0.000000000000000000e+00,0.000000000000000000e+00,5.502436018496952297e-01,5.307354552205530984e-01,4.487463074159532272e-01,0.000000000000000000e+00,5.447095265217292148e-01
4.048542367000829145e-01,3.738275967330023097e-01,4.671980809304223103e-01,2.124712542552263106e-01,4.453940140860144781e-01,4.639559312080718811e-01,4.122278568606788096e-01,4.749942833642423756e-01,4.646426160297790209e-01,0.000000000000000000e+00,4.738039888388365095e-01,3.197440961259601089e-01,4.241532239823360140e-01,0.000000000000000000e+00,4.332545126824680071e-01,3.924884362776316915e-01,3.426128126055025258e-01,3.709917840287330071e-01,4.628224033480184962e-01,4.452694161690419761e-01,4.632923704295394129e-01,3.779028936337298084e-01,4.649692240189837178e-01,3.496176423322266968e-01,3.329828451199191020e-01,3.092355075651885832e-01,4.473302625738643790e-01,4.056288611703652847e-01,4.561558265830529812e-01,4.420135511237566206e-01,3.441751818715302891e-01,3.385988492128381155e-01,3.241334061597337945e-01,3.387011969535866918e-01,2.959573944629321218e-01,3.350012896286013175e-01,2.995680284581844210e-01,3.392385762810252170e-01,3.315984185286570129e-01,3.739960381211783202e-01,3.504175472243077905e-01,3.581169755481254935e-01,2.934176856379361875e-01,2.855815030227217832e-01,3.244542650193217859e-01,4.607319949480289112e-01,0.000000000000000000e+00,0.000000000000000000e+00,0.000000000000000000e+00,0.000000000000000000e+00,5.136407481561860999e-01,5.340751350977515077e-01,0.000000000000000000e+00,0.000000000000000000e+00,4.799593962744446163e-01,4.546501514895456841e-01,4.708911634193870821e-01,4.598985694442013772e-01,0.000000000000000000e+00,0.000000000000000000e+00,4.360864076598017780e-01,4.889642456999774844e-01,4.650267100590618763e-01,0.000000000000000000e+00,0.000000000000000000e+00,0.000000000000000000e+00,0.000000000000000000e+00,5.066793599497615430e-01,4.453219208533191753e-01,4.733584326249993257e-01,4.789114029506972847e-01,5.125603354798912159e-01,3.871406153691658858e-01,0.000000000000000000e+00,0.000000000000000000e+00,4.469785650469518812e-01
0.000000000000000000e+00,0.000000000000000000e+00,3.286234114817546126e-01,3.896433984824231866e-01,3.421635522691218734e-01,3.770344004739126786e-01,4.452987121650274771e-01,3.824229149392495142e-01,3.267592199479076864e-01,4.738039888388365095e-01,0.000000000000000000e+00,4.522933696093646150e-01,4.694868172124629924e-01,3.554357440419302905e-01,0.000000000000000000e+00,0.000000000000000000e+00,4.709285480994165884e-01,4.625671115772210240e-01,2.987720415616023084e-01,0.000000000000000000e+00,0.000000000000000000e+00,0.000000000000000000e+00,3.683822423988074024e-01,4.679933129510189249e-01,4.665520180237388015e-01,4.576513117202696268e-01,3.688216198046634919e-01,4.714159449954820058e-01,0.000000000000000000e+00,0.000000000000000000e+00,4.880891192067655093e-01,4.406416759299304209e-01,4.485200506480606086e-01,4.787130515927742747e-01,4.459959988638275141e-01,3.136033194293689763e-01,4.582677442539241919e-01,4.510912017854871170e-01,4.090981176092409188e-01,0.000000000000000000e+00,4.585694635108987227e-01,0.000000000000000000e+00,4.064223293777030066e-01,4.417728534356518133e-01,0.000000000000000000e+00,0.000000000000000000e+00,0.000000000000000000e+00,4.319230536825879874e-01,0.000000000000000000e+00,4.267690242801154277e-01,5.209689566827792051e-01,4.692453857388563243e-01,4.547515408775151813e-01,5.119961002723298904e-01,4.890439429570138108e-01,3.185267014727813928e-01,0.000000000000000000e+00,4.705232958271897137e-01,4.524164175227862184e-01,0.000000000000000000e+00,0.000000000000000000e+00,0.000000000000000000e+00,0.000000000000000000e+00,3.385519261365034227e-01,0.000000000000000000e+00,0.000000000000000000e+00,0.000000000000000000e+00,4.677773986809936058e-01,0.000000000000000000e+00,0.000000000000000000e+00,0.000000000000000000e+00,5.283950513185498021e-01,4.774218254888966118e-01,0.000000000000000000e+00,0.000000000000000000e+00,5.035206016268995999e-01
3.664999379881128116e-01,0.000000000000000000e+00,4.485587431842514849e-01,2.621676624335559924e-01,4.132560115187199901e-01,4.394253977050950888e-01,0.000000000000000000e+00,4.920884295511799844e-01,4.485650532974904126e-01,3.197440961259601089e-01,4.522933696093646150e-01,0.000000000000000000e+00,4.100813178196798803e-01,0.000000000000000000e+00,3.815064237450431217e-01,3.791213278910762763e-01,3.733535440209718170e-01,3.625396483137905967e-01,4.535674551925250042e-01,4.215263778023031760e-01,4.394975881485360114e-01,0.000000000000000000e+00,4.297562595201743774e-01,2.975062444007984253e-01,3.512959099885389902e-01,2.940528023772435162e-01,4.373062110158665861e-01,3.823498371779298077e-01,4.318633900757766764e-01,0.000000000000000000e+00,3.430256156179681271e-01,3.117139961344086996e-01,2.862829769269206182e-01,2.832864491875479729e-01,3.146996101160092207e-01,3.218946839793864201e-01,2.895444175451635238e-01,2.583882892416303756e-01,2.765485024305449069e-01,3.139337170679559197e-01,2.650093509671587189e-01,3.081137109755027748e-01,3.102111240975737871e-01,2.726700637060027188e-01,2.232496789031543916e-01,4.572201041353570750e-01,0.000000000000000000e+00,4.564545150864633971e-01,0.000000000000000000e+00,3.465759456157683771e-01,0.000000000000000000e+00,4.425166547298430841e-01,0.000000000000000000e+00,0.000000000000000000e+00,4.773790087963895035e-01,4.355608819288255829e-01,4.685046598099948945e-01,3.524265846054870921e-01,0.000000000000000000e+00,0.000000000000000000e+00,4.532158685135871945e-01,4.886162901682943871e-01,4.654596135813716118e-01,0.000000000000000000e+00,0.000000000000000000e+00,0.000000000000000000e+00,0.000000000000000000e+00,3.993235504158593185e-01,4.437435130507093040e-01,4.743990728639463916e-01,4.746392452066002243e-01,4.192920791196159125e-01,2.817743822827908917e-01,0.000000000000000000e+00,0.000000000000000000e+00,4.422930674990294131e-01
4.472276457484001821e-01,4.424439121976713740e-01,4.584469780992572185e-01,2.971820086659677784e-01,3.928727368856603785e-01,4.213908570478823168e-01,3.658957997832282816e-01,4.673189086035258177e-01,4.307615281312762168e-01,4.241532239823360140e-01,4.694868172124629924e-01,4.100813178196798803e-01,0.000000000000000000e+00,3.833955822150043047e-01,0.000000000000000000e+00,4.674382236431547932e-01,4.307876980449598103e-01,4.441545018975643910e-01,4.608904375723364977e-01,4.457411726784478168e-01,4.614761100517077996e-01,4.766479366418330255e-01,4.599389676892897127e-01,4.220056782888320090e-01,4.240117889644952065e-01,4.168790643751090208e-01,4.471032008896524967e-01,3.728874982813821237e-01,4.348128069394091022e-01,4.186164483059793273e-01,4.266452985185563151e-01,4.240921089867867866e-01,4.237819910284514879e-01,4.278301735550593121e-01,4.349438057863320162e-01,3.438221510134257253e-01,3.371430346265010813e-01,4.013615139496092277e-01,5.125950392013344237e-01,3.487657828817091188e-01,4.402228555061548088e-01,4.299839642150699026e-01,4.514139315011860276e-01,4.161902493655342261e-01,3.477054238319396973e-01,0.000000000000000000e+00,4.541831604176952975e-01,5.417883069252822370e-01,0.000000000000000000e+00,4.875923207632099077e-01,5.237995650711151363e-01,5.243186198448775981e-01,4.746201777425940738e-01,5.322605874997177189e-01,0.000000000000000000e+00,4.718864030381220154e-01,0.000000000000000000e+00,5.201206284441788341e-01,4.446078760479814096e-01,4.975349001925478132e-01,4.588974140044757011e-01,0.000000000000000000e+00,4.495573759242316170e-01,5.143700809670086471e-01,4.816900179813687899e-01,0.000000000000000000e+00,4.644214265852174006e-01,5.229813284187575517e-01,0.000000000000000000e+00,4.619894289247130081e-01,4.759682604760441249e-01,5.169461629568553596e-01,5.249412789646343835e-01,5.116040761914937285e-01,5.199944811909400499e-01,5.418222339852424296e-01
0.000000000000000000e+00,0.000000000000000000e+00,4.388559681690615832e-01,2.596124526639762009e-01,3.267213317064647238e-01,4.165718772186077223e-01,3.614426073233155123e-01,3.933211712795803838e-01,4.322275994262297916e-01,0.000000000000000000e+00,3.554357440419302905e-01,0.000000000000000000e+00,3.833955822150043047e-01,0.000000000000000000e+00,0.000000000000000000e+00,0.000000000000000000e+00,0.000000000000000000e+00,0.000000000000000000e+00,4.105846919555193875e-01,0.000000000000000000e+00,4.879503497223419139e-01,0.000000000000000000e+00,4.254321637929178168e-01,0.000000000000000000e+00,0.000000000000000000e+00,0.000000000000000000e+00,4.779162380571453927e-01,3.342373606129981911e-01,0.000000000000000000e+00,0.000000000000000000e+00,0.000000000000000000e+00,3.576908192480244275e-01,0.000000000000000000e+00,4.350342348853151742e-01,0.000000000000000000e+00,2.596184501630979802e-01,2.072645785326087120e-01,0.000000000000000000e+00,0.000000000000000000e+00,0.000000000000000000e+00,0.000000000000000000e+00,0.000000000000000000e+00,3.733474634791464908e-01,0.000000000000000000e+00,0.000000000000000000e+00,0.000000000000000000e+00,0.000000000000000000e+00,4.570126195958387205e-01,0.000000000000000000e+00,4.076000273346391811e-01,0.000000000000000000e+00,4.236052151181253222e-01,3.993102042335742174e-01,4.639119748831597723e-01,0.000000000000000000e+00,4.182134391915037219e-01,0.000000000000000000e+00,0.000000000000000000e+00,3.982575427386700895e-01,0.000000000000000000e+00,0.000000000000000000e+00,0.000000000000000000e+00,0.000000000000000000e+00,4.551248864711143205e-01,0.000000000000000000e+00,0.000000000000000000e+00,0.000000000000000000e+00,0.000000000000000000e+00,0.000000000000000000e+00,0.000000000000000000e+00,0.000000000000000000e+00,0.000000000000000000e+00,0.000000000000000000e+00,0.000000000000000000e+00,0.000000000000000000e+00,0.000000000000000000e+00
3.861187865234719796e-01,4.235881091082601135e-01,0.000000000000000000e+00,0.000000000000000000e+00,0.000000000000000000e+00,4.112683295982553222e-01,0.000000000000000000e+00,0.000000000000000000e+00,0.000000000000000000e+00,4.332545126824680071e-01,0.000000000000000000e+00,3.815064237450431217e-01,0.000000000000000000e+00,0.000000000000000000e+00,0.000000000000000000e+00,4.143814196010071060e-01,3.986984732242159768e-01,3.912956251391028206e-01,0.000000000000000000e+00,3.389624369373687163e-01,3.988395273069825775e-01,3.975506026412840010e-01,3.592861034165237277e-01,3.989510017908818873e-01,4.041966032196939729e-01,3.874961655814260220e-01,3.346089793519955724e-01,4.051671178661659933e-01,4.053200530705944882e-01,0.000000000000000000e+00,4.003518550439542079e-01,4.269837382814601900e-01,3.978116513568453194e-01,4.290843594470741262e-01,4.704401242601596866e-01,5.056891739988055301e-01,4.523088037967681885e-01,0.000000000000000000e+00,5.072398729189506739e-01,4.884239997424715818e-01,4.889491657261513802e-01,5.258922891634278951e-01,0.000000000000000000e+00,0.000000000000000000e+00,0.000000000000000000e+00,0.000000000000000000e+00,4.878121759652385148e-01,0.000000000000000000e+00,0.000000000000000000e+00,0.000000000000000000e+00,4.617702047269902077e-01,0.000000000000000000e+00,0.000000000000000000e+00,0.000000000000000000e+00,0.000000000000000000e+00,0.000000000000000000e+00,0.000000000000000000e+00,4.807300371988789123e-01,0.000000000000000000e+00,4.954342655939737994e-01,4.751576474045530185e-01,0.000000000000000000e+00,4.618728010105492277e-01,0.000000000000000000e+00,4.742086963871617877e-01,4.562261276028564128e-01,5.043620193345697000e-01,4.955927966481502023e-01,0.000000000000000000e+00,4.574080017308703727e-01,5.257545052632555116e-01,4.862278185948453180e-01,4.949859744535046735e-01,4.816362004816626130e-01,5.134941222332710664e-01,4.884360314274395765e-01
4.122091305876450229e-01,4.314834331016568769e-01,0.000000000000000000e+00,0.000000000000000000e+00,4.669367336882350172e-01,4.374386236465181987e-01,4.576211294185508205e-01,4.697391707504334768e-01,4.060648512145657030e-01,3.924884362776316915e-01,0.000000000000000000e+00,3.791213278910762763e-01,4.674382236431547932e-01,0.000000000000000000e+00,4.143814196010071060e-01,0.000000000000000000e+00,3.879909612481642900e-01,3.501402404965496817e-01,0.000000000000000000e+00,4.230341107143180124e-01,4.136699051019739892e-01,4.050743598859795069e-01,4.256666354226809057e-01,3.808831998065683733e-01,3.952391635642014123e-01,4.135695511904637911e-01,4.295616505973349764e-01,4.596779828808713053e-01,4.535028204903416849e-01,3.852737937125866874e-01,3.652029936232755736e-01,4.245589797642527752e-01,3.827444471079812782e-01,3.820243844876726746e-01,4.289420441491638147e-01,0.000000000000000000e+00,0.000000000000000000e+00,0.000000000000000000e+00,4.642035112857658130e-01,4.527389796145939727e-01,4.486221986599052136e-01,4.768433794959627825e-01,0.000000000000000000e+00,0.000000000000000000e+00,0.000000000000000000e+00,4.502079918492749022e-01,4.787738086051929742e-01,0.000000000000000000e+00,0.000000000000000000e+00,0.000000000000000000e+00,4.611805800522624788e-01,0.000000000000000000e+00,0.000000000000000000e+00,0.000000000000000000e+00,0.000000000000000000e+00,0.000000000000000000e+00,4.464274802447483204e-01,4.477434772279075270e-01,0.000000000000000000e+00,4.763419905757150796e-01,4.665805041682273835e-01,4.319671880312074275e-01,4.450840384238464731e-01,0.000000000000000000e+00,4.620975443378855241e-01,4.469678717859479899e-01,4.679348505440590889e-01,4.837010831424851109e-01,0.000000000000000000e+00,4.550409215374272009e-01,4.760957955965451904e-01,4.817736814730005923e-01,4.819622973081755246e-01,4.640764780344889817e-01,0.000000000000000000e+00,4.374987126999854148e-01
3.793909736448665138e-01,0.000000000000000000e+00,4.784430120262003205e-01,0.000000000000000000e+00,4.454936529164458259e-01,4.253009418058246727e-01,4.175259845105184775e-01,4.772937969535370195e-01,4.602071861352454163e-01,3.426128126055025258e-01,4.709285480994165884e-01,3.733535440209718170e-01,4.307876980449598103e-01,0.000000000000000000e+00,3.986984732242159768e-01,3.879909612481642900e-01,0.000000000000000000e+00,3.528783128698496085e-01,0.000000000000000000e+00,3.839396371050569079e-01,4.297280655465037236e-01,3.869854944834852928e-01,4.552285021889789229e-01,3.678276600770479798e-01,3.484352535609943069e-01,3.539902041695821011e-01,4.044980623456481128e-01,4.112623890856665909e-01,4.108558903810872742e-01,0.000000000000000000e+00,3.565868474869782201e-01,4.081666067736653969e-01,3.301648976269351832e-01,3.572637659245276875e-01,4.036266214898238114e-01,4.309035766446476790e-01,0.000000000000000000e+00,3.462508451524077269e-01,4.387954645685305799e-01,4.155963943850132236e-01,4.482215877707079743e-01,0.000000000000000000e+00,0.000000000000000000e+00,0.000000000000000000e+00,0.000000000000000000e+00,0.000000000000000000e+00,4.619368652182510027e-01,0.000000000000000000e+00,0.000000000000000000e+00,0.000000000000000000e+00,0.000000000000000000e+00,0.000000000000000000e+00,0.000000000000000000e+00,0.000000000000000000e+00,4.781301345505146183e-01,0.000000000000000000e+00,4.686609031066693021e-01,0.000000000000000000e+00,0.000000000000000000e+00,0.000000000000000000e+00,4.392851221856651778e-01,4.795536637389907764e-01,4.593400966379254102e-01,0.000000000000000000e+00,0.000000000000000000e+00,0.000000000000000000e+00,0.000000000000000000e+00,0.000000000000000000e+00,4.657007502877040794e-01,4.658324249708910014e-01,4.699822008357160130e-01,0.000000000000000000e+00,0.000000000000000000e+00,0.000000000000000000e+00,0.000000000000000000e+00,4.451205134803695174e-01
3.904739560443664104e-01,4.203991507442383924e-01,0.000000000000000000e+00,0.000000000000000000e+00,0.000000000000000000e+00,4.282124644839658267e-01,4.447605756194231152e-01,4.877364152040896128e-01,4.484335805271483233e-01,3.709917840287330071e-01,4.625671115772210240e-01,3.625396483137905967e-01,4.441545018975643910e-01,0.000000000000000000e+00,3.912956251391028206e-01,3.501402404965496817e-01,3.528783128698496085e-01,0.000000000000000000e+00,0.000000000000000000e+00,4.055312159502931224e-01,4.210910999647615727e-01,4.050339795555493172e-01,4.367161692152882191e-01,3.720166066166676888e-01,3.577330679892640752e-01,3.762069144366657070e-01,4.162495332719596264e-01,4.297174476217209826e-01,4.394305087342199045e-01,3.945217281924973118e-01,3.777867828983382248e-01,4.245511994349024931e-01,3.609354858460512849e-01,3.775882235942530918e-01,4.345771061918305977e-01,3.618281805408757879e-01,0.000000000000000000e+00,3.538751631800162722e-01,4.447396363735212077e-01,4.253293133718569208e-01,4.366521831339610915e-01,4.557354147376975750e-01,0.000000000000000000e+00,0.000000000000000000e+00,0.000000000000000000e+00,4.375199466979073915e-01,4.653545530878039904e-01,0.000000000000000000e+00,0.000000000000000000e+00,0.000000000000000000e+00,4.236713847264255151e-01,0.000000000000000000e+00,0.000000000000000000e+00,0.000000000000000000e+00,4.630998147108040808e-01,0.000000000000000000e+00,4.586882814503108197e-01,4.289510340602514238e-01,0.000000000000000000e+00,0.000000000000000000e+00,4.422229598881056156e-01,4.718733624394986226e-01,4.478955245239767957e-01,0.000000000000000000e+00,4.338202900857354161e-01,0.000000000000000000e+00,4.419815400067976796e-01,4.798479240534966883e-01,4.503407958918350107e-01,4.488587800488615942e-01,4.587475862032602825e-01,4.504405174507251086e-01,4.144981454185759917e-01,4.411244784632660232e-01,0.000000000000000000e+00,4.305230966182239105e-01
0.000000000000000000e+00,0.000000000000000000e+00,3.029528225470157210e-01,4.378250719809864133e-01,3.793317951316053094e-01,3.805745467296893780e-01,4.382445953153347173e-01,4.463742613360893730e-01,2.898543237467960942e-01,4.628224033480184962e-01,2.987720415616023084e-01,4.535674551925250042e-01,4.608904375723364977e-01,4.105846919555193875e-01,0.000000000000000000e+00,0.000000000000000000e+00,0.000000000000000000e+00,0.000000000000000000e+00,0.000000000000000000e+00,0.000000000000000000e+00,0.000000000000000000e+00,0.000000000000000000e+00,3.622195463043527131e-01,4.636762295780593179e-01,4.719575797400710759e-01,0.000000000000000000e+00,3.752756784476949936e-01,4.628773852789803134e-01,0.000000000000000000e+00,4.672876863959469773e-01,4.768608177160156836e-01,4.473666423993525876e-01,4.678812811893859891e-01,4.792185725930657725e-01,0.000000000000000000e+00,4.007974856137980213e-01,4.591310491052579823e-01,4.526814569053240200e-01,4.482650747937422797e-01,4.249230623245239258e-01,4.723841158799043094e-01,4.310716032133006803e-01,4.247471423089481113e-01,4.338179044304780185e-01,0.000000000000000000e+00,0.000000000000000000e+00,0.000000000000000000e+00,5.550692237123121542e-01,0.000000000000000000e+00,4.985823717944475875e-01,5.535304654061047325e-01,5.218598488676993163e-01,4.987704265762991085e-01,5.625259348631316270e-01,0.000000000000000000e+00,5.091041015621849963e-01,0.000000000000000000e+00,5.066928269155892561e-01,4.712325223061968882e-01,0.000000000000000000e+00,0.000000000000000000e+00,0.000000000000000000e+00,0.000000000000000000e+00,5.347483261373109364e-01,0.000000000000000000e+00,0.000000000000000000e+00,0.000000000000000000e+00,5.409931672987574602e-01,0.000000000000000000e+00,0.000000000000000000e+00,0.000000000000000000e+00,5.567913251169746003e-01,5.112416645451817176e-01,0.000000000000000000e+00,0.000000000000000000e+00,0.000000000000000000e+00
4.263477976150669146e-01,4.408879023160152122e-01,0.000000000000000000e+00,4.684931492490040927e-01,0.000000000000000000e+00,4.134810584777168785e-01,4.671534839959589069e-01,0.000000000000000000e+00,4.237700998783112127e-01,4.452694161690419761e-01,0.000000000000000000e+00,4.215263778023031760e-01,4.457411726784478168e-01,0.000000000000000000e+00,3.389624369373687163e-01,4.230341107143180124e-01,3.839396371050569079e-01,4.055312159502931224e-01,0.000000000000000000e+00,0.000000000000000000e+00,4.374888080834959947e-01,3.935630404684042905e-01,3.291161115091327805e-01,3.941053955168580258e-01,3.967189404998848756e-01,4.060798380042782152e-01,3.831538623352073736e-01,3.943728738681913093e-01,3.456582566388676225e-01,3.232126190000125798e-01,3.743364101346837169e-01,4.326954296261595889e-01,3.946933264237929007e-01,4.220526209445319976e-01,4.672215317023963865e-01,5.160741356865939933e-01,4.593097441465919251e-01,0.000000000000000000e+00,4.886782449618753965e-01,4.697463176740518942e-01,4.898555387484896939e-01,5.056453839837360409e-01,0.000000000000000000e+00,0.000000000000000000e+00,0.000000000000000000e+00,0.000000000000000000e+00,4.623201732392476782e-01,0.000000000000000000e+00,0.000000000000000000e+00,0.000000000000000000e+00,4.810982946431742180e-01,0.000000000000000000e+00,0.000000000000000000e+00,0.000000000000000000e+00,0.000000000000000000e+00,0.000000000000000000e+00,0.000000000000000000e+00,4.957842135996421984e-01,0.000000000000000000e+00,4.712203737536027059e-01,4.716017304833309276e-01,0.000000000000000000e+00,4.549045997772686034e-01,0.000000000000000000e+00,4.676518167512587754e-01,4.610626318048823835e-01,4.685933210705818808e-01,4.954760377760206169e-01,0.000000000000000000e+00,4.489250487121472233e-01,4.656744719120700093e-01,4.897725410174065264e-01,4.926357951321310158e-01,4.771536334035521021e-01,4.953673790280546108e-01,4.857452958269409260e-01
4.041297905920588907e-01,4.218785764082745859e-01,0.000000000000000000e+00,0.000000000000000000e+00,0.000000000000000000e+00,4.242460645939816755e-01,4.287947714328765869e-01,4.548123960101101981e-01,0.000000000000000000e+00,4.632923704295394129e-01,0.000000000000000000e+00,4.394975881485360114e-01,4.614761100517077996e-01,4.879503497223419139e-01,3.988395273069825775e-01,4.136699051019739892e-01,4.297280655465037236e-01,4.210910999647615727e-01,0.000000000000000000e+00,4.374888080834959947e-01,0.000000000000000000e+00,4.343463346430502248e-01,4.033655947834167144e-01,4.487943216641370747e-01,4.093357779508919880e-01,4.014826449592213131e-01,4.262489500684902843e-01,4.340497082137311780e-01,4.281114946388289155e-01,0.000000000000000000e+00,3.597833642668650800e-01,4.058005173381047936e-01,3.821043171475828060e-01,3.884419669439146960e-01,4.544286297608520209e-01,4.769759791370554725e-01,0.000000000000000000e+00,0.000000000000000000e+00,4.774970350085516180e-01,4.636076142650590870e-01,4.722916585524057909e-01,5.154571227881251660e-01,0.000000000000000000e+00,0.000000000000000000e+00,0.000000000000000000e+00,3.501500463682798991e-01,4.831717841935033730e-01,0.000000000000000000e+00,0.000000000000000000e+00,0.000000000000000000e+00,4.711692126575653949e-01,0.000000000000000000e+00,3.274337952876357205e-01,0.000000000000000000e+00,0.000000000000000000e+00,0.000000000000000000e+00,0.000000000000000000e+00,0.000000000000000000e+00,0.000000000000000000e+00,4.726176379727128896e-01,4.691969758851911032e-01,0.000000000000000000e+00,4.231870635158527794e-01,0.000000000000000000e+00,4.614325971657836090e-01,3.853127007598445841e-01,4.921001696611043141e-01,4.761608405311664738e-01,0.000000000000000000e+00,4.307807240550490802e-01,5.032052915896848555e-01,4.796309345994915208e-01,4.810498120053982030e-01,4.750249835254162778e-01,4.695416990702133142e-01,4.860752990525548101e-01
