0.000000000000000000e+00,3.961720020344818849e-01,0.000000000000000000e+00,0.000000000000000000e+00,0.000000000000000000e+00,0.000000000000000000e+00,0.000000000000000000e+00,5.080583740789380576e-01,0.000000000000000000e+00,0.000000000000000000e+00,0.000000000000000000e+00,4.418309733584726007e-01,0.000000000000000000e+00,0.000000000000000000e+00,3.924894932112519830e-01,4.304635859699442735e-01,3.871369447338888214e-01,4.252015762319681924e-01,0.000000000000000000e+00,4.574166295517034242e-01,4.177196519999479274e-01,4.007627666462578175e-01,4.909393775804832827e-01,4.423065267121260025e-01,4.095200606886457151e-01,4.033145463760873239e-01,5.209124728793006476e-01,5.043630027406028615e-01,4.717090022048506248e-01,0.000000000000000000e+00,3.856353225313423061e-01,4.340896135496116193e-01,3.894115515701498942e-01,3.691122655966294075e-01,4.292035259800435210e-01,0.000000000000000000e+00,0.000000000000000000e+00,0.000000000000000000e+00,4.631237296923045865e-01,4.443977369856961790e-01,4.320629837658371830e-01,4.463212925128413056e-01,0.000000000000000000e+00,0.000000000000000000e+00,0.000000000000000000e+00,4.385638319994101253e-01,4.672452053062424726e-01,0.000000000000000000e+00,0.000000000000000000e+00,0.000000000000000000e+00,0.000000000000000000e+00,0.000000000000000000e+00,0.000000000000000000e+00,0.000000000000000000e+00,0.000000000000000000e+00,0.000000000000000000e+00,0.000000000000000000e+00,0.000000000000000000e+00,0.000000000000000000e+00,4.653353009913384075e-01,4.537014083114266905e-01,0.000000000000000000e+00,4.572164575617708171e-01,0.000000000000000000e+00,4.670020431013591766e-01,3.896399653986842848e-01,4.645830537618775846e-01,5.242711505491988166e-01,4.153637152638445795e-01,4.544336204717104866e-01,4.788613428043758113e-01,4.506287843641993973e-01,0.000000000000000000e+00,4.599054802375385775e-01,0.000000000000000000e+00,4.515575256601092047e-01
3.961720020344818849e-01,0.000000000000000000e+00,0.000000000000000000e+00,0.000000000000000000e+00,4.345643079993061209e-01,4.215697418051772005e-01,4.617626893323730775e-01,4.653722548800698910e-01,0.000000000000000000e+00,0.000000000000000000e+00,0.000000000000000000e+00,0.000000000000000000e+00,4.588490462329586905e-01,0.000000000000000000e+00,4.352514457014943217e-01,4.318407617464802839e-01,0.000000000000000000e+00,4.393785491373162211e-01,0.000000000000000000e+00,4.576970518211824768e-01,4.093842975692684738e-01,4.326541430006979883e-01,4.617841574777096225e-01,0.000000000000000000e+00,4.067666669029824100e-01,4.398470101323784243e-01,4.576516544830688260e-01,4.593325737385611784e-01,4.438421162772913098e-01,0.000000000000000000e+00,3.815519853513827941e-01,4.126183070063708103e-01,3.796794674914191758e-01,3.820178617723806180e-01,4.377609651052711270e-01,0.000000000000000000e+00,0.000000000000000000e+00,0.000000000000000000e+00,4.467968174543096027e-01,4.240252637306399230e-01,4.294533382143401745e-01,4.525303710650074862e-01,0.000000000000000000e+00,0.000000000000000000e+00,0.000000000000000000e+00,4.478215455885730112e-01,4.600343383022353905e-01,0.000000000000000000e+00,0.000000000000000000e+00,0.000000000000000000e+00,4.519864015416112935e-01,0.000000000000000000e+00,0.000000000000000000e+00,0.000000000000000000e+00,0.000000000000000000e+00,0.000000000000000000e+00,0.000000000000000000e+00,0.000000000000000000e+00,0.000000000000000000e+00,4.652480094605879191e-01,4.416076991993999057e-01,0.000000000000000000e+00,4.484332251524347224e-01,0.000000000000000000e+00,4.457404186658288081e-01,4.457605384729437792e-01,4.764922671651141139e-01,4.715629047279362163e-01,0.000000000000000000e+00,4.378915263424297266e-01,4.833381664235968933e-01,4.738646079399426170e-01,0.000000000000000000e+00,4.580984905020312747e-01,0.000000000000000000e+00,4.342826552915369787e-01
0.000000000000000000e+00,0.000000000000000000e+00,0.000000000000000000e+00,3.921169172554105908e-01,4.347051540140567938e-01,4.226391004162085019e-01,4.852951782915965184e-01,4.455311065500974221e-01,3.378554561117507737e-01,4.485721747648734881e-01,3.669277374468639108e-01,0.000000000000000000e+00,4.854696031804247025e-01,4.418302571951480129e-01,0.000000000000000000e+00,0.000000000000000000e+00,0.000000000000000000e+00,0.000000000000000000e+00,2.782198360271295190e-01,0.000000000000000000e+00,0.000000000000000000e+00,0.000000000000000000e+00,3.000049898289082195e-01,0.000000000000000000e+00,0.000000000000000000e+00,0.000000000000000000e+00,3.451344650842482209e-01,4.904410294386852831e-01,0.000000000000000000e+00,5.087239293429848264e-01,4.936271191097889033e-01,4.515083138103654914e-01,0.000000000000000000e+00,4.844314134221767154e-01,4.908234897061081736e-01,4.314129784890284869e-01,4.463154381914299917e-01,0.000000000000000000e+00,5.112126672327210741e-01,0.000000000000000000e+00,5.406578779220581055e-01,0.000000000000000000e+00,4.719855208141878200e-01,0.000000000000000000e+00,0.000000000000000000e+00,0.000000000000000000e+00,0.000000000000000000e+00,4.243164085530525820e-01,0.000000000000000000e+00,0.000000000000000000e+00,5.417082938233371836e-01,4.998935163021088202e-01,5.518084613425350282e-01,5.415343944868877823e-01,0.000000000000000000e+00,3.604346149060778104e-01,0.000000000000000000e+00,5.164983001296268306e-01,5.140274016858689121e-01,0.000000000000000000e+00,0.000000000000000000e+00,0.000000000000000000e+00,0.000000000000000000e+00,2.036471942931349921e-01,0.000000000000000000e+00,0.000000000000000000e+00,0.000000000000000000e+00,5.746015530375543356e-01,0.000000000000000000e+00,0.000000000000000000e+00,0.000000000000000000e+00,5.645942333866330598e-01,0.000000000000000000e+00,0.000000000000000000e+00,0.000000000000000000e+00,0.000000000000000000e+00
0.000000000000000000e+00,0.000000000000000000e+00,3.921169172554105908e-01,0.000000000000000000e+00,1.991896368408964946e-01,4.019013471171059004e-01,2.822537075309293764e-01,3.086717321539382830e-01,4.178742307941880063e-01,1.688875355854655980e-01,3.234981519912065728e-01,2.310063640379571015e-01,3.209445324116151910e-01,1.884967257722215128e-01,0.000000000000000000e+00,5.220918059349060059e-01,0.000000000000000000e+00,0.000000000000000000e+00,3.766227168343919129e-01,0.000000000000000000e+00,0.000000000000000000e+00,0.000000000000000000e+00,3.792454283944212134e-01,0.000000000000000000e+00,0.000000000000000000e+00,0.000000000000000000e+00,4.211141360251601795e-01,2.814863974539971725e-01,0.000000000000000000e+00,0.000000000000000000e+00,0.000000000000000000e+00,2.454101745346680130e-01,2.583084344055271986e-01,2.227252713918974059e-01,2.655875559830028765e-01,1.595114497175240120e-01,1.647754841183483032e-01,2.350817313923753982e-01,2.632505298850957853e-01,0.000000000000000000e+00,0.000000000000000000e+00,3.246553242206572931e-01,3.313036362243865218e-01,0.000000000000000000e+00,0.000000000000000000e+00,0.000000000000000000e+00,0.000000000000000000e+00,0.000000000000000000e+00,0.000000000000000000e+00,0.000000000000000000e+00,0.000000000000000000e+00,0.000000000000000000e+00,0.000000000000000000e+00,0.000000000000000000e+00,0.000000000000000000e+00,0.000000000000000000e+00,0.000000000000000000e+00,0.000000000000000000e+00,0.000000000000000000e+00,0.000000000000000000e+00,0.000000000000000000e+00,0.000000000000000000e+00,0.000000000000000000e+00,0.000000000000000000e+00,0.000000000000000000e+00,0.000000000000000000e+00,0.000000000000000000e+00,0.000000000000000000e+00,0.000000000000000000e+00,0.000000000000000000e+00,0.000000000000000000e+00,0.000000000000000000e+00,0.000000000000000000e+00,0.000000000000000000e+00,0.000000000000000000e+00,0.000000000000000000e+00
0.000000000000000000e+00,4.345643079993061209e-01,4.347051540140567938e-01,1.991896368408964946e-01,0.000000000000000000e+00,4.116520203962227842e-01,3.419474312252653858e-01,3.866111211764053923e-01,3.826742945372295091e-01,2.972634035876773884e-01,3.537036874347201931e-01,4.356707632541655939e-01,3.871611016268836081e-01,2.573500971502031276e-01,0.000000000000000000e+00,0.000000000000000000e+00,0.000000000000000000e+00,0.000000000000000000e+00,4.249441920209590107e-01,4.442949044770829747e-01,0.000000000000000000e+00,4.426728292681629262e-01,4.315861827100331838e-01,0.000000000000000000e+00,0.000000000000000000e+00,0.000000000000000000e+00,4.257388239414077735e-01,3.864238056133965094e-01,4.186994502157680986e-01,0.000000000000000000e+00,4.987471528601852833e-01,3.843207534514164192e-01,0.000000000000000000e+00,4.672507633515772252e-01,4.390756612341584764e-01,2.055750614998952119e-01,1.647871554629767032e-01,0.000000000000000000e+00,0.000000000000000000e+00,0.000000000000000000e+00,0.000000000000000000e+00,0.000000000000000000e+00,3.751069526181540770e-01,0.000000000000000000e+00,0.000000000000000000e+00,0.000000000000000000e+00,0.000000000000000000e+00,0.000000000000000000e+00,0.000000000000000000e+00,0.000000000000000000e+00,0.000000000000000000e+00,0.000000000000000000e+00,0.000000000000000000e+00,0.000000000000000000e+00,0.000000000000000000e+00,0.000000000000000000e+00,0.000000000000000000e+00,0.000000000000000000e+00,0.000000000000000000e+00,0.000000000000000000e+00,0.000000000000000000e+00,0.000000000000000000e+00,0.000000000000000000e+00,0.000000000000000000e+00,0.000000000000000000e+00,0.000000000000000000e+00,0.000000000000000000e+00,5.415110515556615933e-01,0.000000000000000000e+00,0.000000000000000000e+00,0.000000000000000000e+00,0.000000000000000000e+00,0.000000000000000000e+00,0.000000000000000000e+00,0.000000000000000000e+00,0.000000000000000000e+00
0.000000000000000000e+00,4.215697418051772005e-01,4.226391004162085019e-01,4.019013471171059004e-01,4.116520203962227842e-01,0.000000000000000000e+00,4.482434939284786757e-01,4.308075832925015169e-01,3.864227453738792173e-01,4.579189738577498781e-01,4.270940191965508781e-01,4.165221107632917086e-01,4.176649364718171276e-01,4.320462737458161118e-01,0.000000000000000000e+00,4.527608614231918849e-01,0.000000000000000000e+00,4.355176690527278183e-01,4.536152454414987267e-01,4.375097857664518863e-01,4.206992362011673925e-01,4.283045033826015091e-01,4.389799495155022879e-01,0.000000000000000000e+00,4.196679645654076141e-01,4.279776287754756825e-01,4.088287142795647977e-01,4.045500930078818058e-01,3.813490224715265775e-01,4.395851998595797228e-01,4.757760830678198771e-01,4.431492582657546864e-01,4.146812149347381959e-01,4.779320861754831062e-01,4.798209292665316927e-01,4.286733170237426727e-01,4.402404855903487846e-01,4.417098042789313062e-01,5.193761544318531431e-01,0.000000000000000000e+00,5.277068322048190652e-01,0.000000000000000000e+00,4.910362550637339951e-01,0.000000000000000000e+00,0.000000000000000000e+00,0.000000000000000000e+00,0.000000000000000000e+00,5.611321566531064509e-01,0.000000000000000000e+00,0.000000000000000000e+00,5.273692292675437043e-01,0.000000000000000000e+00,4.912761470518163809e-01,5.640888335931016906e-01,0.000000000000000000e+00,5.310330700451303398e-01,0.000000000000000000e+00,5.300702962854833000e-01,5.875704651218928154e-01,0.000000000000000000e+00,0.000000000000000000e+00,0.000000000000000000e+00,0.000000000000000000e+00,5.737721494733480920e-01,0.000000000000000000e+00,0.000000000000000000e+00,0.000000000000000000e+00,5.548270105991912615e-01,0.000000000000000000e+00,0.000000000000000000e+00,0.000000000000000000e+00,5.425177715454650995e-01,5.238562103040438345e-01,5.161531838210041689e-01,5.046429407925508981e-01,5.428268976187541339e-01
0.000000000000000000e+00,4.617626893323730775e-01,4.852951782915965184e-01,2.822537075309293764e-01,3.419474312252653858e-01,4.482434939284786757e-01,0.000000000000000000e+00,4.604827999453304233e-01,4.468643944080973873e-01,4.106009022721047175e-01,4.898714384852360104e-01,3.939034464823980008e-01,3.683443266427471885e-01,3.267223994620028216e-01,0.000000000000000000e+00,4.940106449452716930e-01,4.469996964770011072e-01,4.693998308132368846e-01,5.018034222300885583e-01,4.661495611151236229e-01,4.622208772843507951e-01,4.749413537822216869e-01,4.633741219326957816e-01,0.000000000000000000e+00,4.547520648512615171e-01,4.653713671977132149e-01,4.649176328071560893e-01,3.411305449291914815e-01,4.591767198338199130e-01,4.650783391794449106e-01,4.372873054128091908e-01,4.013990771863775175e-01,4.167364803541399043e-01,4.022116041203928072e-01,3.708167180931007945e-01,2.859601615208134939e-01,2.638530912817869112e-01,4.063605435018827761e-01,0.000000000000000000e+00,0.000000000000000000e+00,0.000000000000000000e+00,0.000000000000000000e+00,0.000000000000000000e+00,0.000000000000000000e+00,0.000000000000000000e+00,0.000000000000000000e+00,0.000000000000000000e+00,0.000000000000000000e+00,0.000000000000000000e+00,0.000000000000000000e+00,0.000000000000000000e+00,0.000000000000000000e+00,5.054191449269793690e-01,0.000000000000000000e+00,0.000000000000000000e+00,0.000000000000000000e+00,0.000000000000000000e+00,0.000000000000000000e+00,0.000000000000000000e+00,0.000000000000000000e+00,0.000000000000000000e+00,0.000000000000000000e+00,0.000000000000000000e+00,0.000000000000000000e+00,0.000000000000000000e+00,0.000000000000000000e+00,0.000000000000000000e+00,5.408558469123619927e-01,0.000000000000000000e+00,0.000000000000000000e+00,0.000000000000000000e+00,5.250741424303763116e-01,0.000000000000000000e+00,0.000000000000000000e+00,0.000000000000000000e+00,0.000000000000000000e+00
5.080583740789380576e-01,4.653722548800698910e-01,4.455311065500974221e-01,3.086717321539382830e-01,3.866111211764053923e-01,4.308075832925015169e-01,4.604827999453304233e-01,0.000000000000000000e+00,4.606002622584263739e-01,0.000000000000000000e+00,2.642053194165103203e-01,0.000000000000000000e+00,4.575140277578310100e-01,3.189292567669065881e-01,4.677073683653402147e-01,4.774293608770256991e-01,0.000000000000000000e+00,5.046520157055576217e-01,4.198343198534307819e-01,4.277985722371794863e-01,4.267136662011136727e-01,4.462420824256541074e-01,3.850757606626311058e-01,5.367424832682112790e-01,5.077127356395798596e-01,5.081568301103760454e-01,4.517784543359810723e-01,4.543854739820176736e-01,4.056619586040330905e-01,4.321124666686488869e-01,4.602402758656063964e-01,3.381061468129419878e-01,3.248496446977792163e-01,4.583098744501263866e-01,4.484728870209472862e-01,2.733892155563857895e-01,2.506719013669240215e-01,0.000000000000000000e+00,4.779780518933188227e-01,0.000000000000000000e+00,4.826852446637227012e-01,0.000000000000000000e+00,4.332683920058140181e-01,0.000000000000000000e+00,0.000000000000000000e+00,0.000000000000000000e+00,0.000000000000000000e+00,5.485253284842368515e-01,0.000000000000000000e+00,0.000000000000000000e+00,4.795401995444765197e-01,5.031580923848747444e-01,3.662111544634827909e-01,5.452940783081136056e-01,0.000000000000000000e+00,4.636897480774436198e-01,0.000000000000000000e+00,5.030726197717930726e-01,4.321285713446477161e-01,0.000000000000000000e+00,0.000000000000000000e+00,0.000000000000000000e+00,0.000000000000000000e+00,5.570153485862816556e-01,0.000000000000000000e+00,3.615916026490417212e-01,0.000000000000000000e+00,5.008884429019752060e-01,0.000000000000000000e+00,0.000000000000000000e+00,0.000000000000000000e+00,5.100812536617788107e-01,4.983893914628910737e-01,4.825229896788182926e-01,0.000000000000000000e+00,4.968527345110492210e-01
0.000000000000000000e+00,0.000000000000000000e+00,3.378554561117507737e-01,4.178742307941880063e-01,3.826742945372295091e-01,3.864227453738792173e-01,4.468643944080973873e-01,4.606002622584263739e-01,0.000000000000000000e+00,4.818773142594722225e-01,3.510899853999812081e-01,4.641006478137111868e-01,4.492050014826357018e-01,4.256478938117326805e-01,0.000000000000000000e+00,0.000000000000000000e+00,0.000000000000000000e+00,0.000000000000000000e+00,3.075366415060047931e-01,0.000000000000000000e+00,0.000000000000000000e+00,4.165684411593131853e-01,4.219533010577335985e-01,0.000000000000000000e+00,0.000000000000000000e+00,0.000000000000000000e+00,3.756539565337088105e-01,5.018841642400858616e-01,4.135230456372915864e-01,4.914353201606587174e-01,5.188885146009577509e-01,4.744158750108249945e-01,4.866656821752640139e-01,5.056194423613924460e-01,5.038776991473343791e-01,4.435949432328806785e-01,4.688479867571844761e-01,4.535235158201538219e-01,5.161827988945925094e-01,0.000000000000000000e+00,0.000000000000000000e+00,0.000000000000000000e+00,4.925167504943234187e-01,0.000000000000000000e+00,0.000000000000000000e+00,0.000000000000000000e+00,0.000000000000000000e+00,5.663422569265970097e-01,0.000000000000000000e+00,0.000000000000000000e+00,5.479196137541588740e-01,0.000000000000000000e+00,5.590829706712837632e-01,0.000000000000000000e+00,0.000000000000000000e+00,5.318322801464545613e-01,0.000000000000000000e+00,0.000000000000000000e+00,5.249278347558726798e-01,0.000000000000000000e+00,0.000000000000000000e+00,0.000000000000000000e+00,0.000000000000000000e+00,5.784934310494130871e-01,0.000000000000000000e+00,0.000000000000000000e+00,0.000000000000000000e+00,5.793609023286370174e-01,0.000000000000000000e+00,0.000000000000000000e+00,0.000000000000000000e+00,5.528342519360136542e-01,0.000000000000000000e+00,0.000000000000000000e+00,0.000000000000000000e+00,0.000000000000000000e+00
0.000000000000000000e+00,0.000000000000000000e+00,4.485721747648734881e-01,1.688875355854655980e-01,2.972634035876773884e-01,4.579189738577498781e-01,4.106009022721047175e-01,0.000000000000000000e+00,4.818773142594722225e-01,0.000000000000000000e+00,4.872034096259270086e-01,2.872480593192420772e-01,4.272261692633483876e-01,1.496699257262174010e-01,0.000000000000000000e+00,0.000000000000000000e+00,3.575682359070134764e-01,3.843970274952994148e-01,4.840041279120195772e-01,0.000000000000000000e+00,0.000000000000000000e+00,0.000000000000000000e+00,4.370457642542934229e-01,3.227364359856643161e-01,3.674546721850576736e-01,3.891201377300865794e-01,4.604994960826325201e-01,4.061874518004723877e-01,0.000000000000000000e+00,0.000000000000000000e+00,3.621452522776681948e-01,3.168255446018031773e-01,3.235047357543975877e-01,3.084221674920851752e-01,3.075881303111984155e-01,2.598899930226373223e-01,2.479479934597909885e-01,2.800855891289171784e-01,2.873376684538491155e-01,3.732970136655128224e-01,3.898188503016734030e-01,3.430653886763764815e-01,4.317032837153352842e-01,0.000000000000000000e+00,3.879315626828577224e-01,4.965937900430866248e-01,3.860098409965959099e-01,0.000000000000000000e+00,0.000000000000000000e+00,0.000000000000000000e+00,0.000000000000000000e+00,4.579693075608283759e-01,0.000000000000000000e+00,0.000000000000000000e+00,4.509018084680909144e-01,0.000000000000000000e+00,4.700062576670581138e-01,4.337481570880505899e-01,0.000000000000000000e+00,0.000000000000000000e+00,3.715403392383561099e-01,3.979613344702748745e-01,3.682792529114355951e-01,0.000000000000000000e+00,0.000000000000000000e+00,5.043159506007093285e-01,0.000000000000000000e+00,0.000000000000000000e+00,4.460508578837433236e-01,3.778486990441359272e-01,4.628427146652238089e-01,0.000000000000000000e+00,4.268798579129595150e-01,0.000000000000000000e+00,0.000000000000000000e+00,4.314646880861645051e-01
0.000000000000000000e+00,0.000000000000000000e+00,3.669277374468639108e-01,3.234981519912065728e-01,3.537036874347201931e-01,4.270940191965508781e-01,4.898714384852360104e-01,2.642053194165103203e-01,3.510899853999812081e-01,4.872034096259270086e-01,0.000000000000000000e+00,4.582071900118857011e-01,4.928082801823246983e-01,2.745648642387744087e-01,0.000000000000000000e+00,0.000000000000000000e+00,0.000000000000000000e+00,0.000000000000000000e+00,3.231620287657930857e-01,0.000000000000000000e+00,0.000000000000000000e+00,0.000000000000000000e+00,2.656199033139869936e-01,0.000000000000000000e+00,0.000000000000000000e+00,0.000000000000000000e+00,4.204312302591791117e-01,4.934235401863559800e-01,0.000000000000000000e+00,0.000000000000000000e+00,5.208318528819182447e-01,3.557039081779869161e-01,0.000000000000000000e+00,4.991553561563313868e-01,4.774607240010734222e-01,3.337684877491466917e-01,3.537396890770865276e-01,4.730892941856120193e-01,3.780499387784316823e-01,0.000000000000000000e+00,0.000000000000000000e+00,0.000000000000000000e+00,3.696742373369116819e-01,0.000000000000000000e+00,0.000000000000000000e+00,0.000000000000000000e+00,0.000000000000000000e+00,5.401532062113877375e-01,0.000000000000000000e+00,0.000000000000000000e+00,5.846133979193299801e-01,0.000000000000000000e+00,4.555632797507597753e-01,5.353367002120247298e-01,0.000000000000000000e+00,4.333961738448892098e-01,0.000000000000000000e+00,0.000000000000000000e+00,4.455819824492163739e-01,0.000000000000000000e+00,0.000000000000000000e+00,0.000000000000000000e+00,0.000000000000000000e+00,5.233841274442726510e-01,0.000000000000000000e+00,0.000000000000000000e+00,0.000000000000000000e+00,5.151440245715519506e-01,0.000000000000000000e+00,0.000000000000000000e+00,0.000000000000000000e+00,5.295116635526811999e-01,0.000000000000000000e+00,0.000000000000000000e+00,0.000000000000000000e+00,0.000000000000000000e+00
4.418309733584726007e-01,0.000000000000000000e+00,0.000000000000000000e+00,2.310063640379571015e-01,4.356707632541655939e-01,4.165221107632917086e-01,3.939034464823980008e-01,0.000000000000000000e+00,4.641006478137111868e-01,2.872480593192420772e-01,4.582071900118857011e-01,0.000000000000000000e+00,4.010506164224276193e-01,0.000000000000000000e+00,0.000000000000000000e+00,0.000000000000000000e+00,3.712219712342785249e-01,3.810972049293798736e-01,0.000000000000000000e+00,0.000000000000000000e+00,0.000000000000000000e+00,0.000000000000000000e+00,0.000000000000000000e+00,2.872329223974011136e-01,3.764502805645194017e-01,3.289541280204754115e-01,0.000000000000000000e+00,3.516861698754225052e-01,0.000000000000000000e+00,0.000000000000000000e+00,3.443885676681103791e-01,2.539181111409866132e-01,2.743366227542010094e-01,2.605626596036820231e-01,3.001006875392798201e-01,2.730690068532453108e-01,2.598207498201984267e-01,2.327984573991107864e-01,2.679878842239126202e-01,3.892060893910413988e-01,4.105949345532556860e-01,2.854851797781656764e-01,0.000000000000000000e+00,0.000000000000000000e+00,4.045351138923061751e-01,0.000000000000000000e+00,0.000000000000000000e+00,0.000000000000000000e+00,0.000000000000000000e+00,0.000000000000000000e+00,0.000000000000000000e+00,0.000000000000000000e+00,0.000000000000000000e+00,0.000000000000000000e+00,4.592384541550931232e-01,0.000000000000000000e+00,4.782414008483730217e-01,4.422552976884714937e-01,0.000000000000000000e+00,0.000000000000000000e+00,0.000000000000000000e+00,4.137577328584645109e-01,4.035521922791591165e-01,0.000000000000000000e+00,0.000000000000000000e+00,0.000000000000000000e+00,0.000000000000000000e+00,4.521196782588958740e-01,4.561167029546985829e-01,4.031592561924142726e-01,4.717413018828574001e-01,4.133848509100860880e-01,4.338721523943193104e-01,0.000000000000000000e+00,0.000000000000000000e+00,4.478126912405833160e-01
0.000000000000000000e+00,4.588490462329586905e-01,4.854696031804247025e-01,3.209445324116151910e-01,3.871611016268836081e-01,4.176649364718171276e-01,3.683443266427471885e-01,4.575140277578310100e-01,4.492050014826357018e-01,4.272261692633483876e-01,4.928082801823246983e-01,4.010506164224276193e-01,0.000000000000000000e+00,3.512103330766015996e-01,4.597474987800381219e-01,4.922028897236292999e-01,4.458775589572989140e-01,4.739907358186116748e-01,4.973662064732110033e-01,4.550211128474129785e-01,4.545781114672420853e-01,4.699825162333121087e-01,4.701907639867679012e-01,4.238122894010635799e-01,4.559807456338407783e-01,4.648374766259534274e-01,4.705746067598389204e-01,3.737589026003180215e-01,4.372668048883016079e-01,4.229110452980882062e-01,4.079578419813679746e-01,4.017414415119784921e-01,3.904895125195568806e-01,3.943828792466708144e-01,3.807897542869441154e-01,3.438820728144921790e-01,3.420382978203614921e-01,3.668434867491449092e-01,5.437170925478851391e-01,0.000000000000000000e+00,0.000000000000000000e+00,0.000000000000000000e+00,4.502442870183119839e-01,0.000000000000000000e+00,0.000000000000000000e+00,0.000000000000000000e+00,0.000000000000000000e+00,0.000000000000000000e+00,0.000000000000000000e+00,0.000000000000000000e+00,5.211057195950236087e-01,0.000000000000000000e+00,5.023242713195685827e-01,0.000000000000000000e+00,0.000000000000000000e+00,0.000000000000000000e+00,0.000000000000000000e+00,0.000000000000000000e+00,0.000000000000000000e+00,0.000000000000000000e+00,0.000000000000000000e+00,0.000000000000000000e+00,0.000000000000000000e+00,0.000000000000000000e+00,0.000000000000000000e+00,0.000000000000000000e+00,0.000000000000000000e+00,5.443200641859756717e-01,0.000000000000000000e+00,0.000000000000000000e+00,0.000000000000000000e+00,5.300852394607130647e-01,0.000000000000000000e+00,5.554789366244804460e-01,0.000000000000000000e+00,0.000000000000000000e+00
0.000000000000000000e+00,0.000000000000000000e+00,4.418302571951480129e-01,1.884967257722215128e-01,2.573500971502031276e-01,4.320462737458161118e-01,3.267223994620028216e-01,3.189292567669065881e-01,4.256478938117326805e-01,1.496699257262174010e-01,2.745648642387744087e-01,0.000000000000000000e+00,3.512103330766015996e-01,0.000000000000000000e+00,0.000000000000000000e+00,0.000000000000000000e+00,0.000000000000000000e+00,0.000000000000000000e+00,4.337267392775300823e-01,0.000000000000000000e+00,4.351113768245670199e-01,0.000000000000000000e+00,4.052402767555722263e-01,0.000000000000000000e+00,0.000000000000000000e+00,0.000000000000000000e+00,4.486242079111807946e-01,2.760394179306390194e-01,0.000000000000000000e+00,0.000000000000000000e+00,0.000000000000000000e+00,2.393550094531879113e-01,0.000000000000000000e+00,0.000000000000000000e+00,2.664112628503433888e-01,2.015060354860908898e-01,1.553911551206688113e-01,0.000000000000000000e+00,0.000000000000000000e+00,0.000000000000000000e+00,0.000000000000000000e+00,0.000000000000000000e+00,3.647507869088020271e-01,0.000000000000000000e+00,0.000000000000000000e+00,0.000000000000000000e+00,0.000000000000000000e+00,5.086691438881754124e-01,0.000000000000000000e+00,0.000000000000000000e+00,0.000000000000000000e+00,0.000000000000000000e+00,4.167436977425573175e-01,5.325144694326948702e-01,0.000000000000000000e+00,4.079439803457202141e-01,0.000000000000000000e+00,0.000000000000000000e+00,0.000000000000000000e+00,0.000000000000000000e+00,0.000000000000000000e+00,0.000000000000000000e+00,0.000000000000000000e+00,5.123886961044533672e-01,0.000000000000000000e+00,0.000000000000000000e+00,0.000000000000000000e+00,4.844428684226290138e-01,0.000000000000000000e+00,0.000000000000000000e+00,0.000000000000000000e+00,5.196924941344397419e-01,0.000000000000000000e+00,0.000000000000000000e+00,0.000000000000000000e+00,0.000000000000000000e+00
3.924894932112519830e-01,4.352514457014943217e-01,0.000000000000000000e+00,0.000000000000000000e+00,0.000000000000000000e+00,0.000000000000000000e+00,0.000000000000000000e+00,4.677073683653402147e-01,0.000000000000000000e+00,0.000000000000000000e+00,0.000000000000000000e+00,0.000000000000000000e+00,4.597474987800381219e-01,0.000000000000000000e+00,0.000000000000000000e+00,4.583970704347691272e-01,0.000000000000000000e+00,4.418814491237346154e-01,0.000000000000000000e+00,3.958757658067921237e-01,3.979490390915008113e-01,4.405802607301131935e-01,4.416863039769527988e-01,0.000000000000000000e+00,4.226952996411029173e-01,4.646733647341924067e-01,4.817692342297905106e-01,4.171625631703014814e-01,4.210047760530932770e-01,4.036117429500262754e-01,4.255286548986040862e-01,4.262830474106005241e-01,4.027948215160770951e-01,4.398375583060685212e-01,4.793333109014907834e-01,4.858954569162606263e-01,0.000000000000000000e+00,0.000000000000000000e+00,4.738108873875829796e-01,4.800836138220945237e-01,4.676377098767678930e-01,4.882188193314733748e-01,0.000000000000000000e+00,0.000000000000000000e+00,0.000000000000000000e+00,4.887897390304571932e-01,4.983799221866975770e-01,0.000000000000000000e+00,0.000000000000000000e+00,0.000000000000000000e+00,4.614493529890291157e-01,0.000000000000000000e+00,4.606026107558213178e-01,0.000000000000000000e+00,0.000000000000000000e+00,0.000000000000000000e+00,0.000000000000000000e+00,4.655267093943443180e-01,0.000000000000000000e+00,4.897517913248178867e-01,0.000000000000000000e+00,0.000000000000000000e+00,0.000000000000000000e+00,0.000000000000000000e+00,4.788257637007198864e-01,4.582749500199360115e-01,5.085403287563947661e-01,4.710002993486582801e-01,0.000000000000000000e+00,0.000000000000000000e+00,5.168787281225188934e-01,4.850366537604549055e-01,4.690615374924944070e-01,4.580887178492801803e-01,4.475286318055187174e-01,4.438098606630900833e-01
4.304635859699442735e-01,4.318407617464802839e-01,0.000000000000000000e+00,5.220918059349060059e-01,0.000000000000000000e+00,4.527608614231918849e-01,4.940106449452716930e-01,4.774293608770256991e-01,0.000000000000000000e+00,0.000000000000000000e+00,0.000000000000000000e+00,0.000000000000000000e+00,4.922028897236292999e-01,0.000000000000000000e+00,4.583970704347691272e-01,0.000000000000000000e+00,3.957230920577535782e-01,3.758528653022540911e-01,0.000000000000000000e+00,4.579620762827675273e-01,4.437445995295424828e-01,4.334168441385010118e-01,4.885304410328820124e-01,0.000000000000000000e+00,4.301700849628515844e-01,4.607336570302040801e-01,4.847174095906066071e-01,4.813396955248018805e-01,4.629859462378292934e-01,4.383008480877487179e-01,4.064706172463942169e-01,4.541284910976631228e-01,4.389067597230211226e-01,4.114017495671304925e-01,4.726120273756458934e-01,0.000000000000000000e+00,0.000000000000000000e+00,0.000000000000000000e+00,4.540865879892890256e-01,4.288657326736666775e-01,4.526212641412665216e-01,4.721403134288880143e-01,0.000000000000000000e+00,0.000000000000000000e+00,0.000000000000000000e+00,4.695256272546072807e-01,4.712572598109923128e-01,0.000000000000000000e+00,0.000000000000000000e+00,0.000000000000000000e+00,0.000000000000000000e+00,0.000000000000000000e+00,0.000000000000000000e+00,0.000000000000000000e+00,0.000000000000000000e+00,0.000000000000000000e+00,0.000000000000000000e+00,0.000000000000000000e+00,0.000000000000000000e+00,4.829449916561159850e-01,4.481094854542093109e-01,0.000000000000000000e+00,4.451908879794789220e-01,0.000000000000000000e+00,4.682825565335004270e-01,4.758329130896584158e-01,4.853319525899846831e-01,4.913880651168979763e-01,0.000000000000000000e+00,4.470499091198292807e-01,4.932611338089097908e-01,4.846774164001235174e-01,0.000000000000000000e+00,4.706395398094520011e-01,0.000000000000000000e+00,4.359435508399159276e-01
3.871369447338888214e-01,0.000000000000000000e+00,0.000000000000000000e+00,0.000000000000000000e+00,0.000000000000000000e+00,0.000000000000000000e+00,4.469996964770011072e-01,0.000000000000000000e+00,0.000000000000000000e+00,3.575682359070134764e-01,0.000000000000000000e+00,3.712219712342785249e-01,4.458775589572989140e-01,0.000000000000000000e+00,0.000000000000000000e+00,3.957230920577535782e-01,0.000000000000000000e+00,3.843674707066859209e-01,0.000000000000000000e+00,0.000000000000000000e+00,4.499431308047078248e-01,3.318676650524138849e-01,0.000000000000000000e+00,3.681956860846195001e-01,3.577171721681005057e-01,3.836756273229858794e-01,0.000000000000000000e+00,4.507896001184650836e-01,0.000000000000000000e+00,0.000000000000000000e+00,3.739204176111124989e-01,4.271099887217698066e-01,3.790782327968080234e-01,3.811031151877600220e-01,3.869342764753990749e-01,4.462404701473394741e-01,0.000000000000000000e+00,3.400596191533226120e-01,4.130129732359403838e-01,3.992952466664930755e-01,0.000000000000000000e+00,0.000000000000000000e+00,0.000000000000000000e+00,0.000000000000000000e+00,0.000000000000000000e+00,4.951077760242634795e-01,3.983606687918098133e-01,0.000000000000000000e+00,0.000000000000000000e+00,0.000000000000000000e+00,0.000000000000000000e+00,0.000000000000000000e+00,0.000000000000000000e+00,0.000000000000000000e+00,4.407116583493572159e-01,0.000000000000000000e+00,4.570348709686903876e-01,0.000000000000000000e+00,0.000000000000000000e+00,0.000000000000000000e+00,3.983905822302987731e-01,4.161526858003999907e-01,4.212954245046030000e-01,0.000000000000000000e+00,0.000000000000000000e+00,0.000000000000000000e+00,0.000000000000000000e+00,0.000000000000000000e+00,4.427026599167225851e-01,4.090116028339043086e-01,4.501197055073596909e-01,0.000000000000000000e+00,0.000000000000000000e+00,0.000000000000000000e+00,0.000000000000000000e+00,0.000000000000000000e+00
4.252015762319681924e-01,4.393785491373162211e-01,0.000000000000000000e+00,0.000000000000000000e+00,0.000000000000000000e+00,4.355176690527278183e-01,4.693998308132368846e-01,5.046520157055576217e-01,0.000000000000000000e+00,3.843970274952994148e-01,0.000000000000000000e+00,3.810972049293798736e-01,4.739907358186116748e-01,0.000000000000000000e+00,4.418814491237346154e-01,3.758528653022540911e-01,3.843674707066859209e-01,0.000000000000000000e+00,0.000000000000000000e+00,4.762011587846454730e-01,4.348337215719255133e-01,4.504227498909769145e-01,4.711214047538864191e-01,3.946369934402452762e-01,3.917552892716539836e-01,4.374835618272617799e-01,4.754539259306246879e-01,4.738494276069131206e-01,4.777230191880224019e-01,4.773295957433347780e-01,4.099479515327207890e-01,4.605361505344292006e-01,4.369741765302094239e-01,4.041497046828432804e-01,4.384851419457679866e-01,0.000000000000000000e+00,0.000000000000000000e+00,0.000000000000000000e+00,4.494087017116765170e-01,4.298999792944634968e-01,4.279355767907873087e-01,4.397441736352147856e-01,0.000000000000000000e+00,0.000000000000000000e+00,0.000000000000000000e+00,4.761670795388879274e-01,4.505268844459610067e-01,0.000000000000000000e+00,0.000000000000000000e+00,0.000000000000000000e+00,0.000000000000000000e+00,0.000000000000000000e+00,0.000000000000000000e+00,0.000000000000000000e+00,4.256041611353740817e-01,0.000000000000000000e+00,4.345070695541394246e-01,0.000000000000000000e+00,0.000000000000000000e+00,4.526943278195217912e-01,4.462304211435174084e-01,4.326259674179823156e-01,4.507956050456690122e-01,0.000000000000000000e+00,4.237076130219862846e-01,4.287340553930242826e-01,4.466771982523145001e-01,0.000000000000000000e+00,4.975201465250915223e-01,4.457446250645759056e-01,4.733872764981393866e-01,0.000000000000000000e+00,0.000000000000000000e+00,0.000000000000000000e+00,0.000000000000000000e+00,4.284132792257842048e-01
0.000000000000000000e+00,0.000000000000000000e+00,2.782198360271295190e-01,3.766227168343919129e-01,4.249441920209590107e-01,4.536152454414987267e-01,5.018034222300885583e-01,4.198343198534307819e-01,3.075366415060047931e-01,4.840041279120195772e-01,3.231620287657930857e-01,0.000000000000000000e+00,4.973662064732110033e-01,4.337267392775300823e-01,0.000000000000000000e+00,0.000000000000000000e+00,0.000000000000000000e+00,0.000000000000000000e+00,0.000000000000000000e+00,0.000000000000000000e+00,0.000000000000000000e+00,0.000000000000000000e+00,2.920678585630309132e-01,0.000000000000000000e+00,0.000000000000000000e+00,0.000000000000000000e+00,3.815883102785765923e-01,4.985308253900671005e-01,0.000000000000000000e+00,0.000000000000000000e+00,5.062353436145201613e-01,4.520341940590996144e-01,0.000000000000000000e+00,4.938115339849097896e-01,4.889758910272026804e-01,4.422035896199625893e-01,4.508160482782538891e-01,0.000000000000000000e+00,0.000000000000000000e+00,0.000000000000000000e+00,0.000000000000000000e+00,0.000000000000000000e+00,4.429942891365108992e-01,0.000000000000000000e+00,0.000000000000000000e+00,0.000000000000000000e+00,0.000000000000000000e+00,5.630268639855204871e-01,0.000000000000000000e+00,0.000000000000000000e+00,5.355737079452382865e-01,0.000000000000000000e+00,5.574937254560273781e-01,0.000000000000000000e+00,0.000000000000000000e+00,5.028075824755723344e-01,0.000000000000000000e+00,0.000000000000000000e+00,4.802643628322865732e-01,0.000000000000000000e+00,0.000000000000000000e+00,0.000000000000000000e+00,0.000000000000000000e+00,5.875378332777653201e-01,0.000000000000000000e+00,0.000000000000000000e+00,0.000000000000000000e+00,5.778593531799208760e-01,0.000000000000000000e+00,0.000000000000000000e+00,0.000000000000000000e+00,5.708882066683078627e-01,0.000000000000000000e+00,0.000000000000000000e+00,0.000000000000000000e+00,0.000000000000000000e+00
4.574166295517034242e-01,4.576970518211824768e-01,0.000000000000000000e+00,0.000000000000000000e+00,4.442949044770829747e-01,4.375097857664518863e-01,4.661495611151236229e-01,4.277985722371794863e-01,0.000000000000000000e+00,0.000000000000000000e+00,0.000000000000000000e+00,0.000000000000000000e+00,4.550211128474129785e-01,0.000000000000000000e+00,3.958757658067921237e-01,4.579620762827675273e-01,0.000000000000000000e+00,4.762011587846454730e-01,0.000000000000000000e+00,0.000000000000000000e+00,4.632755143026747735e-01,4.140582678798653826e-01,4.305533227380097805e-01,0.000000000000000000e+00,4.563487151747889214e-01,4.991881556769027228e-01,4.069783426646039204e-01,4.235104217662162274e-01,3.822833468188979733e-01,3.583413268847965849e-01,4.369322471854226730e-01,4.572308953508106844e-01,4.360107341182944962e-01,4.761063362154132061e-01,5.005827571592094127e-01,5.007304371675118659e-01,0.000000000000000000e+00,0.000000000000000000e+00,4.780669088882317230e-01,0.000000000000000000e+00,4.816688721834063158e-01,4.817272000160777168e-01,0.000000000000000000e+00,0.000000000000000000e+00,0.000000000000000000e+00,0.000000000000000000e+00,0.000000000000000000e+00,0.000000000000000000e+00,0.000000000000000000e+00,0.000000000000000000e+00,4.822412251047831222e-01,0.000000000000000000e+00,4.755334570476060785e-01,0.000000000000000000e+00,0.000000000000000000e+00,0.000000000000000000e+00,0.000000000000000000e+00,0.000000000000000000e+00,0.000000000000000000e+00,4.696825422806600869e-01,0.000000000000000000e+00,0.000000000000000000e+00,0.000000000000000000e+00,0.000000000000000000e+00,4.853146347731128185e-01,4.707673968778388063e-01,4.892861367983594723e-01,4.884249973456620819e-01,0.000000000000000000e+00,0.000000000000000000e+00,4.839814511002081820e-01,5.003194651801763371e-01,0.000000000000000000e+00,4.786967056701840750e-01,0.000000000000000000e+00,4.578693170892316755e-01
4.177196519999479274e-01,4.093842975692684738e-01,0.000000000000000000e+00,0.000000000000000000e+00,0.000000000000000000e+00,4.206992362011673925e-01,4.622208772843507951e-01,4.267136662011136727e-01,0.000000000000000000e+00,0.000000000000000000e+00,0.000000000000000000e+00,0.000000000000000000e+00,4.545781114672420853e-01,4.351113768245670199e-01,3.979490390915008113e-01,4.437445995295424828e-01,4.499431308047078248e-01,4.348337215719255133e-01,0.000000000000000000e+00,4.632755143026747735e-01,0.000000000000000000e+00,4.430075697303150206e-01,4.153732575443288000e-01,5.256212626848032476e-01,4.378376182017786888e-01,4.466207654088346080e-01,4.862386949752767196e-01,4.448721343216627266e-01,4.148278071159087754e-01,4.209627751001789875e-01,3.979985789136739061e-01,3.998879280641339795e-01,3.666587516562356264e-01,4.124280049942449233e-01,4.505150812810013172e-01,3.933793902397155762e-01,0.000000000000000000e+00,0.000000000000000000e+00,4.754380100651924845e-01,0.000000000000000000e+00,4.876778836492082214e-01,5.238841724488646490e-01,0.000000000000000000e+00,0.000000000000000000e+00,0.000000000000000000e+00,4.663320713939786977e-01,5.017547627783224273e-01,5.464994162847895964e-01,0.000000000000000000e+00,0.000000000000000000e+00,4.707833348979463262e-01,0.000000000000000000e+00,4.155832616133006141e-01,0.000000000000000000e+00,0.000000000000000000e+00,0.000000000000000000e+00,0.000000000000000000e+00,4.779670204010654233e-01,0.000000000000000000e+00,4.780738271738254053e-01,4.524728437669240932e-01,0.000000000000000000e+00,0.000000000000000000e+00,5.660433173179626465e-01,4.744931755269071738e-01,4.394252883765630835e-01,5.224212296742363204e-01,4.781956645224562097e-01,0.000000000000000000e+00,0.000000000000000000e+00,5.229620671986929814e-01,4.993022147527539922e-01,4.899142185211111111e-01,4.639618630808907129e-01,0.000000000000000000e+00,3.821090161800385077e-01
