0.000000000000000000e+00,4.338632497068026228e-01,0.000000000000000000e+00,0.000000000000000000e+00,0.000000000000000000e+00,4.251678279013410000e-01,0.000000000000000000e+00,5.018894437507533945e-01,0.000000000000000000e+00,4.196513676916445168e-01,0.000000000000000000e+00,4.151096493195040038e-01,4.649516240221298058e-01,4.924222819461764877e-01,3.950762918907501087e-01,4.310530460692835186e-01,4.001641708782199824e-01,4.083314547964946861e-01,0.000000000000000000e+00,4.557785471570913183e-01,4.007355500035078011e-01,4.133185141010196073e-01,4.666366410934132958e-01,3.777416269444888175e-01,4.056312678514328862e-01,3.883802254266294218e-01,4.610968341743336141e-01,0.000000000000000000e+00,0.000000000000000000e+00,0.000000000000000000e+00,4.066379177606210260e-01,4.383581534455565087e-01,3.980245656550728817e-01,3.896467230585556885e-01,4.637045069953902865e-01,0.000000000000000000e+00,0.000000000000000000e+00,4.525421614692696770e-01,4.544803077054881957e-01,4.062557350416283741e-01,4.253508024254795128e-01,0.000000000000000000e+00,0.000000000000000000e+00,0.000000000000000000e+00,0.000000000000000000e+00,4.923459033662535012e-01,4.834071224777140019e-01,0.000000000000000000e+00,0.000000000000000000e+00,0.000000000000000000e+00,0.000000000000000000e+00,0.000000000000000000e+00,0.000000000000000000e+00,0.000000000000000000e+00,4.947530921744126009e-01,0.000000000000000000e+00,0.000000000000000000e+00,0.000000000000000000e+00,0.000000000000000000e+00,0.000000000000000000e+00,4.631514655508304212e-01,0.000000000000000000e+00,4.327942473942670842e-01,0.000000000000000000e+00,0.000000000000000000e+00,4.385651107434854756e-01,4.843492619731152860e-01,0.000000000000000000e+00,0.000000000000000000e+00,4.517765191782335821e-01,4.898002641538283242e-01,0.000000000000000000e+00,0.000000000000000000e+00,0.000000000000000000e+00,0.000000000000000000e+00,0.000000000000000000e+00
4.338632497068026228e-01,0.000000000000000000e+00,0.000000000000000000e+00,0.000000000000000000e+00,3.598277308026707200e-01,3.970258933108932187e-01,4.045828219806648085e-01,4.772883512240049808e-01,3.588004004313982143e-01,0.000000000000000000e+00,0.000000000000000000e+00,0.000000000000000000e+00,4.383399848441484892e-01,0.000000000000000000e+00,4.143111477917663099e-01,4.193983201937612204e-01,0.000000000000000000e+00,4.255050886090419038e-01,0.000000000000000000e+00,4.241370270180895852e-01,4.315764803564468011e-01,3.680562265002785827e-01,4.283259954949180104e-01,0.000000000000000000e+00,3.976807219786990255e-01,4.047705378382522867e-01,4.162884008197801911e-01,4.295710641934423757e-01,4.308355039934860242e-01,4.342308364182841940e-01,3.912047088419938201e-01,4.150823670336010740e-01,4.017709719653583256e-01,3.966394942107830945e-01,4.543928886182707072e-01,0.000000000000000000e+00,0.000000000000000000e+00,0.000000000000000000e+00,4.727994860877154926e-01,4.721512997390988065e-01,4.668924070217714273e-01,4.862802943541685852e-01,0.000000000000000000e+00,0.000000000000000000e+00,0.000000000000000000e+00,4.961147663370977789e-01,4.729322761719539914e-01,0.000000000000000000e+00,0.000000000000000000e+00,0.000000000000000000e+00,0.000000000000000000e+00,0.000000000000000000e+00,0.000000000000000000e+00,0.000000000000000000e+00,0.000000000000000000e+00,0.000000000000000000e+00,0.000000000000000000e+00,0.000000000000000000e+00,0.000000000000000000e+00,4.588502367776370883e-01,4.708750359457237189e-01,0.000000000000000000e+00,4.568449326107151265e-01,0.000000000000000000e+00,4.521716284971732946e-01,4.897701713709687876e-01,4.551070496180721903e-01,0.000000000000000000e+00,0.000000000000000000e+00,4.750344990020962110e-01,4.962941783057810974e-01,0.000000000000000000e+00,0.000000000000000000e+00,4.404217731143311165e-01,0.000000000000000000e+00,4.593555597711688199e-01
0.000000000000000000e+00,0.000000000000000000e+00,0.000000000000000000e+00,0.000000000000000000e+00,3.914782153675204768e-01,4.192204517592744151e-01,4.260938477452592132e-01,4.473974257429604862e-01,3.680438087037469219e-01,4.607904791400581068e-01,3.432461278857610876e-01,0.000000000000000000e+00,4.402001031528134933e-01,4.428260643843567879e-01,0.000000000000000000e+00,0.000000000000000000e+00,0.000000000000000000e+00,0.000000000000000000e+00,3.032369165826984125e-01,0.000000000000000000e+00,0.000000000000000000e+00,0.000000000000000000e+00,2.920814195219875176e-01,0.000000000000000000e+00,0.000000000000000000e+00,0.000000000000000000e+00,3.366760288400144074e-01,4.404534723177310207e-01,0.000000000000000000e+00,4.332500330222566198e-01,4.555694602259933723e-01,4.224348480462478128e-01,0.000000000000000000e+00,4.515981927387375250e-01,4.331676271415587087e-01,4.205416961195901915e-01,4.336438266983339007e-01,0.000000000000000000e+00,4.935462174838005089e-01,0.000000000000000000e+00,5.368613129455929167e-01,0.000000000000000000e+00,4.873141211484575130e-01,0.000000000000000000e+00,0.000000000000000000e+00,0.000000000000000000e+00,0.000000000000000000e+00,3.025473271702651124e-01,0.000000000000000000e+00,4.811717794164244166e-01,5.750489851584413836e-01,5.859251297894744193e-01,5.496179184030633991e-01,6.071422388648649582e-01,0.000000000000000000e+00,2.583233070528995756e-01,0.000000000000000000e+00,5.827214656413206573e-01,5.280015938271499509e-01,0.000000000000000000e+00,0.000000000000000000e+00,0.000000000000000000e+00,0.000000000000000000e+00,3.305614398442642266e-01,0.000000000000000000e+00,0.000000000000000000e+00,0.000000000000000000e+00,5.099107036412566796e-01,0.000000000000000000e+00,0.000000000000000000e+00,0.000000000000000000e+00,5.543725163759546382e-01,5.541121648561949664e-01,0.000000000000000000e+00,0.000000000000000000e+00,0.000000000000000000e+00
0.000000000000000000e+00,0.000000000000000000e+00,0.000000000000000000e+00,0.000000000000000000e+00,2.223855238919525135e-01,3.952991781315294828e-01,2.568426566437774228e-01,0.000000000000000000e+00,4.042843930051084889e-01,3.332557363502570147e-01,3.795873523251923065e-01,2.740178031395202884e-01,2.611084174053113216e-01,1.961318230334579138e-01,0.000000000000000000e+00,0.000000000000000000e+00,0.000000000000000000e+00,0.000000000000000000e+00,4.135869213442190939e-01,4.412367092983748851e-01,0.000000000000000000e+00,4.816941916942595880e-01,4.026114740822793192e-01,0.000000000000000000e+00,0.000000000000000000e+00,0.000000000000000000e+00,3.892081402876377272e-01,1.819653945995975963e-01,0.000000000000000000e+00,0.000000000000000000e+00,3.169791547563540202e-01,2.788170866198276809e-01,0.000000000000000000e+00,2.883945281214936873e-01,2.866522496591238922e-01,1.681832159909668889e-01,1.670695136530226110e-01,0.000000000000000000e+00,2.535193793736155166e-01,0.000000000000000000e+00,0.000000000000000000e+00,3.239210523030903177e-01,0.000000000000000000e+00,2.799141073188741169e-01,0.000000000000000000e+00,0.000000000000000000e+00,0.000000000000000000e+00,0.000000000000000000e+00,0.000000000000000000e+00,0.000000000000000000e+00,0.000000000000000000e+00,0.000000000000000000e+00,0.000000000000000000e+00,0.000000000000000000e+00,0.000000000000000000e+00,0.000000000000000000e+00,0.000000000000000000e+00,0.000000000000000000e+00,0.000000000000000000e+00,0.000000000000000000e+00,0.000000000000000000e+00,0.000000000000000000e+00,0.000000000000000000e+00,0.000000000000000000e+00,0.000000000000000000e+00,0.000000000000000000e+00,0.000000000000000000e+00,0.000000000000000000e+00,0.000000000000000000e+00,0.000000000000000000e+00,0.000000000000000000e+00,0.000000000000000000e+00,0.000000000000000000e+00,0.000000000000000000e+00,0.000000000000000000e+00,0.000000000000000000e+00
0.000000000000000000e+00,3.598277308026707200e-01,3.914782153675204768e-01,2.223855238919525135e-01,0.000000000000000000e+00,3.821670003575138863e-01,3.404962295009896778e-01,3.324809913133072170e-01,3.523841806148885203e-01,4.221466523379259761e-01,2.964263885653335984e-01,4.150087689815097902e-01,3.647263488468180936e-01,2.432435757418522915e-01,0.000000000000000000e+00,4.025788348536262773e-01,0.000000000000000000e+00,0.000000000000000000e+00,3.595507704627282086e-01,3.947341219949633273e-01,0.000000000000000000e+00,4.056689215136782267e-01,4.050880781825386134e-01,4.397993569261091085e-01,3.680178669189129170e-01,3.926129611901333916e-01,3.956847995364369819e-01,2.898166638143819251e-01,4.093773343399154108e-01,0.000000000000000000e+00,4.329389738163185175e-01,3.299015788764442791e-01,0.000000000000000000e+00,4.102215599283042247e-01,3.263245266308307801e-01,2.220996741663608109e-01,1.978556304340569894e-01,0.000000000000000000e+00,3.222343351877826056e-01,0.000000000000000000e+00,0.000000000000000000e+00,0.000000000000000000e+00,3.524036824553644087e-01,0.000000000000000000e+00,0.000000000000000000e+00,0.000000000000000000e+00,0.000000000000000000e+00,5.001937169609467215e-01,0.000000000000000000e+00,0.000000000000000000e+00,5.093704047258159617e-01,0.000000000000000000e+00,3.148925304412841797e-01,6.001548865809585021e-01,0.000000000000000000e+00,3.863563930480771735e-01,0.000000000000000000e+00,0.000000000000000000e+00,3.901549369026647840e-01,0.000000000000000000e+00,0.000000000000000000e+00,0.000000000000000000e+00,0.000000000000000000e+00,4.597065774620265888e-01,0.000000000000000000e+00,0.000000000000000000e+00,0.000000000000000000e+00,5.038748945836708515e-01,0.000000000000000000e+00,0.000000000000000000e+00,0.000000000000000000e+00,4.798373473827184932e-01,0.000000000000000000e+00,0.000000000000000000e+00,0.000000000000000000e+00,0.000000000000000000e+00
4.251678279013410000e-01,3.970258933108932187e-01,4.192204517592744151e-01,3.952991781315294828e-01,3.821670003575138863e-01,0.000000000000000000e+00,4.124625091581227143e-01,4.086005888335815794e-01,3.603350035778454807e-01,4.466897617262097775e-01,3.933023953707782128e-01,4.205743931930355228e-01,4.045168788467419785e-01,3.960080262240259219e-01,4.030237776662228821e-01,4.163227933435080241e-01,0.000000000000000000e+00,4.275839195949694971e-01,4.197932114224164901e-01,4.298665727855943142e-01,4.146324281656704747e-01,4.302237086018101953e-01,4.237552305077978976e-01,0.000000000000000000e+00,3.846640043572414069e-01,4.317468432572640902e-01,3.787018524494535909e-01,3.751895061323525238e-01,3.097733204051836831e-01,4.166175358890739089e-01,4.191704389534204878e-01,3.897696918377885900e-01,3.683896277333432168e-01,4.260660906479675769e-01,4.264345840629549800e-01,4.075743323166465815e-01,4.120968269842538168e-01,0.000000000000000000e+00,4.948791487889984131e-01,0.000000000000000000e+00,5.180411163379160522e-01,0.000000000000000000e+00,4.901910825411388006e-01,0.000000000000000000e+00,0.000000000000000000e+00,0.000000000000000000e+00,0.000000000000000000e+00,5.488373698594968264e-01,0.000000000000000000e+00,5.274838219426916108e-01,5.193159254970250993e-01,5.461816051792408588e-01,4.862385395422260115e-01,5.794386000826533545e-01,0.000000000000000000e+00,5.449053605232775377e-01,0.000000000000000000e+00,5.369648375988665956e-01,0.000000000000000000e+00,0.000000000000000000e+00,0.000000000000000000e+00,0.000000000000000000e+00,0.000000000000000000e+00,5.804842039451744151e-01,4.574169119326061961e-01,0.000000000000000000e+00,0.000000000000000000e+00,5.151504953004586440e-01,0.000000000000000000e+00,0.000000000000000000e+00,0.000000000000000000e+00,5.083937887096358077e-01,5.025153547252335651e-01,4.820960726497323101e-01,4.171771085777062904e-01,5.191699040403462417e-01
0.000000000000000000e+00,4.045828219806648085e-01,4.260938477452592132e-01,2.568426566437774228e-01,3.404962295009896778e-01,4.124625091581227143e-01,0.000000000000000000e+00,4.386114722012173228e-01,4.025695369564027959e-01,4.306595254480221069e-01,4.071629363687522263e-01,4.292274667841032842e-01,3.445820097413965222e-01,3.231155878256192771e-01,0.000000000000000000e+00,4.583499340681804202e-01,4.638537212662854903e-01,4.614933278028647834e-01,4.285663433168835912e-01,4.201521424155800766e-01,0.000000000000000000e+00,4.489981209180665123e-01,4.326364999512111731e-01,4.500185162837089803e-01,4.393323453603885098e-01,4.438671045744719268e-01,4.220900806026691154e-01,3.199901593368917885e-01,4.332083922820070265e-01,0.000000000000000000e+00,4.333197945083370750e-01,3.817492213761282116e-01,3.711572729247499258e-01,4.048632387157491963e-01,3.752381311167009015e-01,3.301301775345473755e-01,3.226384890335127764e-01,4.449402661493461197e-01,0.000000000000000000e+00,0.000000000000000000e+00,0.000000000000000000e+00,0.000000000000000000e+00,0.000000000000000000e+00,0.000000000000000000e+00,0.000000000000000000e+00,0.000000000000000000e+00,0.000000000000000000e+00,5.493331524204102534e-01,0.000000000000000000e+00,0.000000000000000000e+00,5.396392394958866578e-01,0.000000000000000000e+00,5.874540209770202637e-01,5.719808296378512402e-01,0.000000000000000000e+00,0.000000000000000000e+00,0.000000000000000000e+00,0.000000000000000000e+00,0.000000000000000000e+00,0.000000000000000000e+00,0.000000000000000000e+00,0.000000000000000000e+00,0.000000000000000000e+00,0.000000000000000000e+00,0.000000000000000000e+00,0.000000000000000000e+00,0.000000000000000000e+00,5.146594431956542648e-01,0.000000000000000000e+00,0.000000000000000000e+00,0.000000000000000000e+00,5.181959266294579036e-01,0.000000000000000000e+00,0.000000000000000000e+00,0.000000000000000000e+00,0.000000000000000000e+00
5.018894437507533945e-01,4.772883512240049808e-01,4.473974257429604862e-01,0.000000000000000000e+00,3.324809913133072170e-01,4.086005888335815794e-01,4.386114722012173228e-01,0.000000000000000000e+00,5.010931223573523718e-01,4.428936243057250977e-01,2.862771598794103811e-01,4.902022899181984750e-01,4.440507771543166782e-01,3.461814483149324162e-01,4.402982051009072251e-01,4.710144050825714745e-01,0.000000000000000000e+00,4.844439122357699912e-01,4.235497010159567921e-01,4.131967972007062895e-01,3.727284609136454763e-01,4.472272694500287193e-01,3.467248757423593841e-01,5.133322831192415059e-01,4.940958999466080193e-01,4.890256149253993101e-01,4.443957300193512872e-01,4.280016873423735935e-01,4.001485524039157249e-01,4.136999083116564835e-01,4.505974666619135260e-01,3.547013635142178267e-01,4.944285245361946801e-01,4.405895756895102933e-01,4.260741461002786057e-01,2.711409704827659195e-01,0.000000000000000000e+00,0.000000000000000000e+00,4.421853505461171840e-01,0.000000000000000000e+00,4.943876460099683179e-01,5.353454351425170898e-01,4.050679289841643271e-01,0.000000000000000000e+00,0.000000000000000000e+00,0.000000000000000000e+00,0.000000000000000000e+00,4.869532120977492218e-01,0.000000000000000000e+00,4.398618957756152970e-01,4.817901426900462747e-01,4.933466628744094806e-01,3.899616445675112009e-01,5.338296359131944335e-01,0.000000000000000000e+00,4.027920564740155029e-01,0.000000000000000000e+00,5.051891998443680531e-01,3.865758703363004201e-01,0.000000000000000000e+00,0.000000000000000000e+00,0.000000000000000000e+00,0.000000000000000000e+00,5.087218026831513695e-01,0.000000000000000000e+00,0.000000000000000000e+00,0.000000000000000000e+00,4.485453321717389752e-01,0.000000000000000000e+00,0.000000000000000000e+00,0.000000000000000000e+00,4.761913416489906847e-01,4.832994515900514987e-01,4.695742830911344146e-01,0.000000000000000000e+00,4.872266150832396114e-01
0.000000000000000000e+00,3.588004004313982143e-01,3.680438087037469219e-01,4.042843930051084889e-01,3.523841806148885203e-01,3.603350035778454807e-01,4.025695369564027959e-01,5.010931223573523718e-01,0.000000000000000000e+00,4.595684882614713973e-01,3.542015225487842867e-01,4.365517480922829763e-01,4.032546158985402807e-01,4.742688091499762115e-01,0.000000000000000000e+00,3.927446297977144063e-01,0.000000000000000000e+00,0.000000000000000000e+00,3.236889988857070133e-01,4.071586118877643101e-01,0.000000000000000000e+00,4.076022148819130053e-01,4.088778076842443099e-01,4.707714566629300768e-01,3.647576052640891242e-01,4.051887905620957242e-01,3.559947338044098797e-01,4.445527975276509780e-01,4.281650624810037220e-01,4.537310436177814932e-01,4.633387431341708940e-01,4.287989111646609008e-01,4.076589519241268778e-01,4.573289658197445817e-01,4.420611243691293102e-01,4.269176441025457902e-01,4.333993911387922227e-01,4.299703171419945180e-01,4.896825446767987255e-01,0.000000000000000000e+00,0.000000000000000000e+00,0.000000000000000000e+00,4.881703523930713273e-01,3.984607208756508201e-01,0.000000000000000000e+00,0.000000000000000000e+00,0.000000000000000000e+00,5.888586075071388093e-01,0.000000000000000000e+00,5.226401794034525317e-01,5.602927951486611491e-01,5.735670888617552254e-01,5.661570408990909131e-01,6.021765535254950397e-01,0.000000000000000000e+00,5.396187612602258987e-01,4.227435845999373276e-01,5.667896336538942315e-01,5.185528489064569202e-01,0.000000000000000000e+00,0.000000000000000000e+00,0.000000000000000000e+00,0.000000000000000000e+00,5.892959328596559798e-01,0.000000000000000000e+00,0.000000000000000000e+00,0.000000000000000000e+00,5.676859086549534972e-01,0.000000000000000000e+00,0.000000000000000000e+00,0.000000000000000000e+00,5.535821167722092540e-01,5.261913096840794557e-01,4.339665008207108099e-01,0.000000000000000000e+00,5.423783837797858665e-01
4.196513676916445168e-01,0.000000000000000000e+00,4.607904791400581068e-01,3.332557363502570147e-01,4.221466523379259761e-01,4.466897617262097775e-01,4.306595254480221069e-01,4.428936243057250977e-01,4.595684882614713973e-01,0.000000000000000000e+00,4.487514167658239739e-01,2.771942652984675237e-01,4.587892606314480926e-01,4.348576074847346762e-01,0.000000000000000000e+00,4.470208372963976884e-01,3.381069651246906838e-01,3.651660828467294118e-01,4.612276225215253267e-01,0.000000000000000000e+00,4.709454765871697868e-01,3.169463414734335904e-01,4.590313103969487218e-01,3.249112083989199040e-01,3.385196311758338905e-01,3.644577104492344732e-01,4.438551708925889128e-01,4.339141917012895866e-01,0.000000000000000000e+00,0.000000000000000000e+00,3.229238311029731801e-01,3.947580508185187242e-01,3.163470219084906776e-01,3.165468048267949808e-01,3.519890491569456215e-01,3.372829292617752772e-01,2.921902995412377080e-01,3.099881938220839794e-01,4.462588038803224078e-01,3.563068032810752239e-01,3.865554366594479152e-01,3.493651364063876108e-01,0.000000000000000000e+00,3.172414398518156875e-01,3.382816430972194754e-01,0.000000000000000000e+00,0.000000000000000000e+00,0.000000000000000000e+00,0.000000000000000000e+00,0.000000000000000000e+00,0.000000000000000000e+00,0.000000000000000000e+00,0.000000000000000000e+00,0.000000000000000000e+00,4.450422063189861110e-01,0.000000000000000000e+00,4.683837449043408152e-01,4.611599500428393839e-01,0.000000000000000000e+00,0.000000000000000000e+00,0.000000000000000000e+00,4.221350864345826959e-01,4.037527824876245841e-01,0.000000000000000000e+00,0.000000000000000000e+00,0.000000000000000000e+00,0.000000000000000000e+00,0.000000000000000000e+00,4.537959583710540756e-01,4.266832453052111229e-01,4.656277451408407098e-01,0.000000000000000000e+00,4.436129720671699861e-01,0.000000000000000000e+00,0.000000000000000000e+00,4.458163046340760105e-01
0.000000000000000000e+00,0.000000000000000000e+00,3.432461278857610876e-01,3.795873523251923065e-01,2.964263885653335984e-01,3.933023953707782128e-01,4.071629363687522263e-01,2.862771598794103811e-01,3.542015225487842867e-01,4.487514167658239739e-01,0.000000000000000000e+00,4.589695208260433090e-01,4.306597257330916917e-01,3.049273288757989864e-01,0.000000000000000000e+00,0.000000000000000000e+00,0.000000000000000000e+00,0.000000000000000000e+00,2.752707001105618168e-01,0.000000000000000000e+00,0.000000000000000000e+00,0.000000000000000000e+00,3.272609796302020091e-01,4.668535487254407146e-01,4.417562259747008224e-01,0.000000000000000000e+00,4.103837039938438846e-01,4.171847345887645941e-01,0.000000000000000000e+00,0.000000000000000000e+00,4.645024753771260229e-01,3.075145435211968925e-01,0.000000000000000000e+00,4.482887131696526861e-01,4.273337315118314050e-01,2.801576548836041125e-01,4.164268713643293762e-01,0.000000000000000000e+00,3.919183588532428875e-01,0.000000000000000000e+00,0.000000000000000000e+00,0.000000000000000000e+00,4.017996933344856747e-01,0.000000000000000000e+00,0.000000000000000000e+00,0.000000000000000000e+00,0.000000000000000000e+00,4.500199685177864728e-01,0.000000000000000000e+00,3.913081908709669099e-01,4.916431148105285809e-01,4.320945085300627042e-01,4.056120908046655926e-01,5.592101877441351121e-01,0.000000000000000000e+00,1.885691009068022062e-01,0.000000000000000000e+00,4.649404109647674033e-01,4.535040963366588906e-01,0.000000000000000000e+00,0.000000000000000000e+00,0.000000000000000000e+00,0.000000000000000000e+00,2.384414801788266036e-01,0.000000000000000000e+00,0.000000000000000000e+00,0.000000000000000000e+00,5.228839003455764134e-01,0.000000000000000000e+00,0.000000000000000000e+00,0.000000000000000000e+00,5.165615283916936695e-01,0.000000000000000000e+00,0.000000000000000000e+00,0.000000000000000000e+00,0.000000000000000000e+00
4.151096493195040038e-01,0.000000000000000000e+00,0.000000000000000000e+00,2.740178031395202884e-01,4.150087689815097902e-01,4.205743931930355228e-01,4.292274667841032842e-01,4.902022899181984750e-01,4.365517480922829763e-01,2.771942652984675237e-01,4.589695208260433090e-01,0.000000000000000000e+00,4.435702447146472882e-01,0.000000000000000000e+00,0.000000000000000000e+00,3.904868066310883123e-01,3.652254564376942736e-01,3.732890425095015119e-01,0.000000000000000000e+00,0.000000000000000000e+00,5.423731121418220447e-01,0.000000000000000000e+00,4.921002570547031163e-01,2.986865228041922782e-01,3.515802780719448073e-01,3.193288134345049212e-01,0.000000000000000000e+00,4.190998561509206022e-01,0.000000000000000000e+00,0.000000000000000000e+00,3.286787174667142875e-01,2.849699551654304996e-01,2.749428262085483188e-01,2.963979160854771089e-01,3.565101628013219726e-01,3.250299614752911737e-01,3.077882027390871911e-01,2.618866441945875145e-01,2.604084013409244114e-01,3.613759302356199798e-01,3.544075535209614825e-01,3.446246399670028215e-01,3.095941475102020890e-01,2.793621217337572959e-01,3.404717240440771064e-01,0.000000000000000000e+00,0.000000000000000000e+00,0.000000000000000000e+00,0.000000000000000000e+00,0.000000000000000000e+00,0.000000000000000000e+00,0.000000000000000000e+00,0.000000000000000000e+00,4.252766839248662833e-01,4.536593302165622954e-01,0.000000000000000000e+00,4.737437789676822164e-01,4.688223223070541734e-01,0.000000000000000000e+00,0.000000000000000000e+00,0.000000000000000000e+00,4.252437441720890998e-01,4.069911464590927896e-01,0.000000000000000000e+00,0.000000000000000000e+00,0.000000000000000000e+00,0.000000000000000000e+00,0.000000000000000000e+00,4.572245236076935004e-01,4.285701966223859904e-01,4.652126993573467151e-01,0.000000000000000000e+00,4.083009131504655165e-01,0.000000000000000000e+00,0.000000000000000000e+00,4.502401503860737897e-01
4.649516240221298058e-01,4.383399848441484892e-01,4.402001031528134933e-01,2.611084174053113216e-01,3.647263488468180936e-01,4.045168788467419785e-01,3.445820097413965222e-01,4.440507771543166782e-01,4.032546158985402807e-01,4.587892606314480926e-01,4.306597257330916917e-01,4.435702447146472882e-01,0.000000000000000000e+00,3.183876698174882836e-01,0.000000000000000000e+00,4.850857808188043796e-01,4.671913775512954170e-01,4.787866104098951192e-01,4.441474203635283891e-01,4.452471667215818774e-01,4.449780708840656018e-01,4.763513944801229805e-01,4.400963978535504251e-01,4.617786730762499792e-01,4.645695123527768811e-01,4.596700271612259026e-01,4.279878722874181918e-01,3.424534762472015159e-01,4.322202137241443198e-01,4.100218074973422944e-01,4.407761404035913100e-01,3.933383669705560748e-01,3.947746148096509811e-01,4.312212057867512160e-01,3.918133883368408177e-01,3.348039704125221894e-01,3.587066335326157818e-01,4.388644499762699991e-01,5.036276191212987197e-01,4.527508557940729816e-01,5.746779014111268458e-01,0.000000000000000000e+00,0.000000000000000000e+00,0.000000000000000000e+00,0.000000000000000000e+00,0.000000000000000000e+00,0.000000000000000000e+00,5.377735844092919049e-01,0.000000000000000000e+00,0.000000000000000000e+00,5.282088069539104813e-01,5.767539183151081383e-01,5.020532826456149955e-01,5.691957654278211320e-01,4.845473475268471941e-01,0.000000000000000000e+00,4.805309167794176162e-01,5.157346419621896549e-01,0.000000000000000000e+00,0.000000000000000000e+00,0.000000000000000000e+00,0.000000000000000000e+00,0.000000000000000000e+00,5.905610519181867524e-01,0.000000000000000000e+00,0.000000000000000000e+00,0.000000000000000000e+00,5.214519173514390316e-01,0.000000000000000000e+00,0.000000000000000000e+00,0.000000000000000000e+00,5.202834193590052392e-01,5.178699236025515740e-01,4.952671541256294940e-01,0.000000000000000000e+00,5.238541180947534626e-01
4.924222819461764877e-01,0.000000000000000000e+00,4.428260643843567879e-01,1.961318230334579138e-01,2.432435757418522915e-01,3.960080262240259219e-01,3.231155878256192771e-01,3.461814483149324162e-01,4.742688091499762115e-01,4.348576074847346762e-01,3.049273288757989864e-01,0.000000000000000000e+00,3.183876698174882836e-01,0.000000000000000000e+00,0.000000000000000000e+00,0.000000000000000000e+00,0.000000000000000000e+00,0.000000000000000000e+00,4.274981567257529202e-01,0.000000000000000000e+00,4.360593004134318273e-01,0.000000000000000000e+00,3.645473029972124968e-01,0.000000000000000000e+00,0.000000000000000000e+00,0.000000000000000000e+00,4.563651788575897039e-01,2.126339728707304089e-01,0.000000000000000000e+00,0.000000000000000000e+00,0.000000000000000000e+00,2.202110148868816064e-01,0.000000000000000000e+00,0.000000000000000000e+00,0.000000000000000000e+00,1.880618235120075088e-01,1.655182066137788066e-01,0.000000000000000000e+00,2.617411150304769230e-01,0.000000000000000000e+00,0.000000000000000000e+00,0.000000000000000000e+00,2.947172923908553122e-01,0.000000000000000000e+00,0.000000000000000000e+00,0.000000000000000000e+00,0.000000000000000000e+00,0.000000000000000000e+00,0.000000000000000000e+00,0.000000000000000000e+00,0.000000000000000000e+00,0.000000000000000000e+00,0.000000000000000000e+00,0.000000000000000000e+00,0.000000000000000000e+00,0.000000000000000000e+00,0.000000000000000000e+00,0.000000000000000000e+00,0.000000000000000000e+00,0.000000000000000000e+00,0.000000000000000000e+00,0.000000000000000000e+00,0.000000000000000000e+00,0.000000000000000000e+00,0.000000000000000000e+00,0.000000000000000000e+00,0.000000000000000000e+00,0.000000000000000000e+00,0.000000000000000000e+00,0.000000000000000000e+00,0.000000000000000000e+00,0.000000000000000000e+00,0.000000000000000000e+00,0.000000000000000000e+00,0.000000000000000000e+00,0.000000000000000000e+00
3.950762918907501087e-01,4.143111477917663099e-01,0.000000000000000000e+00,0.000000000000000000e+00,0.000000000000000000e+00,4.030237776662228821e-01,0.000000000000000000e+00,4.402982051009072251e-01,0.000000000000000000e+00,0.000000000000000000e+00,0.000000000000000000e+00,0.000000000000000000e+00,0.000000000000000000e+00,0.000000000000000000e+00,0.000000000000000000e+00,4.325955739234225161e-01,0.000000000000000000e+00,4.271546764319933964e-01,0.000000000000000000e+00,3.103738930679205144e-01,3.583572520293357155e-01,3.407627334052161228e-01,3.540330162703750894e-01,4.602523819579765751e-01,3.986563741250693793e-01,3.901873052724765256e-01,3.748511741153537913e-01,4.218806608905698030e-01,3.882689698211246876e-01,0.000000000000000000e+00,4.146968643567245927e-01,4.131463302324229758e-01,3.973212784176041179e-01,4.294172495722021199e-01,4.794913712585384125e-01,4.744202804923283723e-01,0.000000000000000000e+00,0.000000000000000000e+00,4.677549677202534895e-01,4.660406325986711784e-01,4.965624740831920958e-01,5.275511235396367349e-01,0.000000000000000000e+00,0.000000000000000000e+00,0.000000000000000000e+00,4.848862536232296794e-01,4.946113139847557738e-01,0.000000000000000000e+00,0.000000000000000000e+00,0.000000000000000000e+00,0.000000000000000000e+00,0.000000000000000000e+00,4.801295994628989039e-01,0.000000000000000000e+00,0.000000000000000000e+00,0.000000000000000000e+00,0.000000000000000000e+00,0.000000000000000000e+00,0.000000000000000000e+00,4.213032484475361938e-01,4.903730774451688923e-01,0.000000000000000000e+00,0.000000000000000000e+00,0.000000000000000000e+00,4.002555243404110064e-01,4.619909049191147088e-01,5.054481133397548120e-01,4.490027819393960229e-01,0.000000000000000000e+00,0.000000000000000000e+00,5.180015200345868820e-01,4.562775226488243741e-01,4.675988035533559239e-01,4.646188819746875920e-01,0.000000000000000000e+00,4.854655612322146818e-01
4.310530460692835186e-01,4.193983201937612204e-01,0.000000000000000000e+00,0.000000000000000000e+00,4.025788348536262773e-01,4.163227933435080241e-01,4.583499340681804202e-01,4.710144050825714745e-01,3.927446297977144063e-01,4.470208372963976884e-01,0.000000000000000000e+00,3.904868066310883123e-01,4.850857808188043796e-01,0.000000000000000000e+00,4.325955739234225161e-01,0.000000000000000000e+00,3.988267396201953252e-01,3.608313080011962826e-01,0.000000000000000000e+00,4.319342965806037271e-01,4.544674624387358142e-01,4.025279713195147879e-01,4.495273910005209150e-01,3.749360631011625089e-01,4.184291991973752012e-01,4.320268863148766236e-01,4.392900392259924125e-01,4.633458610060158245e-01,4.481663731258305750e-01,4.492977440181127879e-01,3.894252623791271128e-01,4.450128681819708887e-01,4.235079290874019242e-01,4.104634091769269189e-01,4.881795568238301852e-01,0.000000000000000000e+00,0.000000000000000000e+00,0.000000000000000000e+00,4.557635514565985813e-01,4.155075790691004078e-01,4.495075632460709958e-01,4.571475626875798892e-01,0.000000000000000000e+00,0.000000000000000000e+00,0.000000000000000000e+00,4.997831885380886185e-01,4.615456474498503825e-01,0.000000000000000000e+00,0.000000000000000000e+00,0.000000000000000000e+00,0.000000000000000000e+00,0.000000000000000000e+00,0.000000000000000000e+00,0.000000000000000000e+00,0.000000000000000000e+00,0.000000000000000000e+00,0.000000000000000000e+00,0.000000000000000000e+00,0.000000000000000000e+00,4.878926360357799252e-01,4.512053745854567866e-01,0.000000000000000000e+00,4.120433441618159276e-01,0.000000000000000000e+00,0.000000000000000000e+00,4.945516592343051077e-01,4.529149435676946833e-01,0.000000000000000000e+00,0.000000000000000000e+00,4.482534684618322829e-01,4.891434293809794887e-01,0.000000000000000000e+00,0.000000000000000000e+00,0.000000000000000000e+00,0.000000000000000000e+00,4.269451185271231908e-01
4.001641708782199824e-01,0.000000000000000000e+00,0.000000000000000000e+00,0.000000000000000000e+00,0.000000000000000000e+00,0.000000000000000000e+00,4.638537212662854903e-01,0.000000000000000000e+00,0.000000000000000000e+00,3.381069651246906838e-01,0.000000000000000000e+00,3.652254564376942736e-01,4.671913775512954170e-01,0.000000000000000000e+00,0.000000000000000000e+00,3.988267396201953252e-01,0.000000000000000000e+00,3.227432823074822266e-01,0.000000000000000000e+00,0.000000000000000000e+00,0.000000000000000000e+00,3.724587218842005942e-01,0.000000000000000000e+00,3.922061821120387815e-01,3.728412528801948733e-01,3.918613697126350770e-01,0.000000000000000000e+00,4.546136945236103899e-01,0.000000000000000000e+00,0.000000000000000000e+00,3.796673876138010884e-01,4.432610126090424929e-01,3.735040851074434842e-01,3.748970065292430154e-01,4.416180329070745758e-01,4.491773476098374074e-01,0.000000000000000000e+00,3.407347704497841190e-01,4.306933660803283215e-01,3.644004613219383182e-01,0.000000000000000000e+00,0.000000000000000000e+00,0.000000000000000000e+00,0.000000000000000000e+00,3.268293737260681842e-01,0.000000000000000000e+00,4.029125040374698097e-01,0.000000000000000000e+00,0.000000000000000000e+00,0.000000000000000000e+00,0.000000000000000000e+00,0.000000000000000000e+00,0.000000000000000000e+00,0.000000000000000000e+00,4.451296569515368895e-01,0.000000000000000000e+00,4.714880551450332247e-01,0.000000000000000000e+00,0.000000000000000000e+00,0.000000000000000000e+00,0.000000000000000000e+00,4.430436842514169915e-01,4.077170726440402238e-01,0.000000000000000000e+00,0.000000000000000000e+00,0.000000000000000000e+00,0.000000000000000000e+00,0.000000000000000000e+00,5.100671625862738257e-01,4.226497618652407251e-01,4.609362725950574835e-01,0.000000000000000000e+00,0.000000000000000000e+00,0.000000000000000000e+00,0.000000000000000000e+00,0.000000000000000000e+00
4.083314547964946861e-01,4.255050886090419038e-01,0.000000000000000000e+00,0.000000000000000000e+00,0.000000000000000000e+00,4.275839195949694971e-01,4.614933278028647834e-01,4.844439122357699912e-01,0.000000000000000000e+00,3.651660828467294118e-01,0.000000000000000000e+00,3.732890425095015119e-01,4.787866104098951192e-01,0.000000000000000000e+00,4.271546764319933964e-01,3.608313080011962826e-01,3.227432823074822266e-01,0.000000000000000000e+00,0.000000000000000000e+00,4.488228564887780103e-01,4.608995999752775741e-01,4.228444647833731196e-01,4.621242688470009741e-01,3.896534621832116185e-01,3.868247069798250726e-01,4.082429569633940214e-01,4.518704876108752821e-01,4.570101542914167814e-01,4.625797417987229099e-01,4.434754001126773870e-01,4.035781270814082777e-01,4.461977362765611188e-01,3.981638660474793867e-01,4.076164148567444911e-01,4.633823667213541886e-01,4.491323479868347124e-01,0.000000000000000000e+00,0.000000000000000000e+00,4.151623286425359938e-01,3.876565955795566176e-01,4.119448733733184209e-01,4.352016824898127800e-01,0.000000000000000000e+00,0.000000000000000000e+00,0.000000000000000000e+00,4.822454637684817080e-01,4.372202570152963208e-01,0.000000000000000000e+00,0.000000000000000000e+00,0.000000000000000000e+00,0.000000000000000000e+00,0.000000000000000000e+00,0.000000000000000000e+00,0.000000000000000000e+00,4.144174499935406875e-01,0.000000000000000000e+00,4.373431993451333821e-01,0.000000000000000000e+00,0.000000000000000000e+00,0.000000000000000000e+00,4.302409190216192059e-01,4.217990127290159874e-01,4.248301577467262224e-01,0.000000000000000000e+00,0.000000000000000000e+00,0.000000000000000000e+00,4.105522515571907172e-01,0.000000000000000000e+00,4.674126400775631129e-01,4.330355553151656878e-01,4.516919893117328777e-01,0.000000000000000000e+00,0.000000000000000000e+00,0.000000000000000000e+00,0.000000000000000000e+00,4.061181300625903989e-01
0.000000000000000000e+00,0.000000000000000000e+00,3.032369165826984125e-01,4.135869213442190939e-01,3.595507704627282086e-01,4.197932114224164901e-01,4.285663433168835912e-01,4.235497010159567921e-01,3.236889988857070133e-01,4.612276225215253267e-01,2.752707001105618168e-01,0.000000000000000000e+00,4.441474203635283891e-01,4.274981567257529202e-01,0.000000000000000000e+00,0.000000000000000000e+00,0.000000000000000000e+00,0.000000000000000000e+00,0.000000000000000000e+00,0.000000000000000000e+00,0.000000000000000000e+00,0.000000000000000000e+00,2.589516179660337758e-01,0.000000000000000000e+00,0.000000000000000000e+00,0.000000000000000000e+00,3.954556341853442958e-01,4.375477600489778851e-01,0.000000000000000000e+00,0.000000000000000000e+00,4.636834581717176884e-01,4.192270290361910789e-01,0.000000000000000000e+00,4.524072099700058858e-01,4.330704352147364822e-01,4.004671368610475124e-01,4.288580783334227098e-01,0.000000000000000000e+00,4.665080969636847263e-01,0.000000000000000000e+00,0.000000000000000000e+00,0.000000000000000000e+00,4.607596083011609167e-01,0.000000000000000000e+00,0.000000000000000000e+00,0.000000000000000000e+00,0.000000000000000000e+00,5.713290515326739927e-01,0.000000000000000000e+00,4.997631237400997906e-01,5.452208758591488014e-01,5.787515562225602483e-01,5.474468371957300628e-01,5.855132407291550045e-01,0.000000000000000000e+00,5.078491716858130056e-01,0.000000000000000000e+00,6.010500241052011416e-01,5.002600898637256099e-01,0.000000000000000000e+00,0.000000000000000000e+00,0.000000000000000000e+00,0.000000000000000000e+00,5.714713589088998846e-01,0.000000000000000000e+00,0.000000000000000000e+00,0.000000000000000000e+00,5.632628378580969430e-01,0.000000000000000000e+00,0.000000000000000000e+00,0.000000000000000000e+00,5.615374146643286046e-01,0.000000000000000000e+00,0.000000000000000000e+00,0.000000000000000000e+00,0.000000000000000000e+00
4.557785471570913183e-01,4.241370270180895852e-01,0.000000000000000000e+00,4.412367092983748851e-01,3.947341219949633273e-01,4.298665727855943142e-01,4.201521424155800766e-01,4.131967972007062895e-01,4.071586118877643101e-01,0.000000000000000000e+00,0.000000000000000000e+00,0.000000000000000000e+00,4.452471667215818774e-01,0.000000000000000000e+00,3.103738930679205144e-01,4.319342965806037271e-01,0.000000000000000000e+00,4.488228564887780103e-01,0.000000000000000000e+00,0.000000000000000000e+00,3.973319755161355271e-01,3.639116294767021920e-01,2.749634175363102062e-01,0.000000000000000000e+00,4.138382612805491245e-01,4.347411000442579776e-01,3.225868619747239152e-01,3.677975848068696929e-01,3.210873312180775874e-01,3.161074908674189055e-01,3.797969632102378146e-01,4.266089053986105162e-01,4.031890098414017132e-01,4.391198470963624811e-01,4.937788911892744270e-01,4.872366885095323896e-01,4.198755627425910797e-01,0.000000000000000000e+00,4.619542572904308253e-01,0.000000000000000000e+00,4.782884532660939270e-01,5.235179362180354401e-01,0.000000000000000000e+00,0.000000000000000000e+00,0.000000000000000000e+00,0.000000000000000000e+00,4.531001142086565903e-01,0.000000000000000000e+00,0.000000000000000000e+00,0.000000000000000000e+00,4.735817537988318837e-01,0.000000000000000000e+00,0.000000000000000000e+00,0.000000000000000000e+00,0.000000000000000000e+00,0.000000000000000000e+00,0.000000000000000000e+00,0.000000000000000000e+00,0.000000000000000000e+00,4.695799327857974048e-01,0.000000000000000000e+00,0.000000000000000000e+00,0.000000000000000000e+00,0.000000000000000000e+00,4.752352741489930255e-01,4.653460856366100074e-01,4.841090487329852143e-01,4.821290781344130250e-01,0.000000000000000000e+00,0.000000000000000000e+00,4.830194894386332094e-01,4.778019089671429742e-01,4.905259852990960789e-01,4.684614319914309211e-01,4.713418894411625093e-01,4.678266567050947122e-01
4.007355500035078011e-01,4.315764803564468011e-01,0.000000000000000000e+00,0.000000000000000000e+00,0.000000000000000000e+00,4.146324281656704747e-01,0.000000000000000000e+00,3.727284609136454763e-01,0.000000000000000000e+00,4.709454765871697868e-01,0.000000000000000000e+00,5.423731121418220447e-01,4.449780708840656018e-01,4.360593004134318273e-01,3.583572520293357155e-01,4.544674624387358142e-01,0.000000000000000000e+00,4.608995999752775741e-01,0.000000000000000000e+00,3.973319755161355271e-01,0.000000000000000000e+00,4.250660938957622204e-01,3.888088176484872927e-01,4.951412154190876214e-01,4.460937524020422984e-01,4.162606049451255119e-01,4.111413048052792174e-01,4.323962377689546943e-01,4.125237123405682271e-01,4.142930706088145953e-01,4.142202476472436889e-01,4.170911474415721076e-01,4.313462122192354142e-01,4.339840526681085775e-01,4.789842579944572076e-01,4.022094887348284797e-01,0.000000000000000000e+00,0.000000000000000000e+00,4.852921884906967187e-01,5.120452394074036517e-01,5.200436453533563430e-01,5.802246909087768190e-01,0.000000000000000000e+00,0.000000000000000000e+00,0.000000000000000000e+00,4.947236037587364188e-01,5.065782902373229257e-01,0.000000000000000000e+00,0.000000000000000000e+00,0.000000000000000000e+00,4.954478800203745981e-01,0.000000000000000000e+00,4.878133644839692251e-01,5.332994257269387806e-01,0.000000000000000000e+00,0.000000000000000000e+00,0.000000000000000000e+00,5.128730729911407105e-01,0.000000000000000000e+00,4.670509348773662084e-01,5.076527171351454815e-01,0.000000000000000000e+00,0.000000000000000000e+00,0.000000000000000000e+00,4.928739728775892726e-01,4.562713877138431240e-01,5.102284989990583108e-01,4.912727200130321270e-01,0.000000000000000000e+00,0.000000000000000000e+00,5.244512313957995220e-01,5.002746059803524492e-01,5.065991713860605872e-01,4.851426668606210191e-01,5.119488055021975681e-01,0.000000000000000000e+00
