0.000000000000000000e+00,3.900296062442444867e-01,0.000000000000000000e+00,0.000000000000000000e+00,0.000000000000000000e+00,4.156658219134229948e-01,0.000000000000000000e+00,4.431679200858574252e-01,0.000000000000000000e+00,3.683321488409991851e-01,0.000000000000000000e+00,3.781513816494074254e-01,0.000000000000000000e+00,4.413099408464565276e-01,3.928905003599316159e-01,3.793909754084491825e-01,0.000000000000000000e+00,3.871636522588904894e-01,0.000000000000000000e+00,3.895310030008102831e-01,3.916037430094643224e-01,3.919693798657016837e-01,4.106857796992879894e-01,3.852489605987364785e-01,3.727797456696725908e-01,3.701074167738446774e-01,4.432764309957388238e-01,4.478559527498164883e-01,3.827831964611655979e-01,0.000000000000000000e+00,3.517916181685644128e-01,4.033688104780461248e-01,3.149382504314703901e-01,3.359983615899805875e-01,4.200915392726862763e-01,0.000000000000000000e+00,0.000000000000000000e+00,0.000000000000000000e+00,4.430682697553661731e-01,4.387471202411005189e-01,4.281519808401197946e-01,0.000000000000000000e+00,0.000000000000000000e+00,0.000000000000000000e+00,0.000000000000000000e+00,4.689093831300373272e-01,4.619701337834368204e-01,0.000000000000000000e+00,0.000000000000000000e+00,0.000000000000000000e+00,0.000000000000000000e+00,0.000000000000000000e+00,0.000000000000000000e+00,0.000000000000000000e+00,0.000000000000000000e+00,0.000000000000000000e+00,0.000000000000000000e+00,0.000000000000000000e+00,0.000000000000000000e+00,0.000000000000000000e+00,4.478415748582084133e-01,0.000000000000000000e+00,4.627700751554258973e-01,0.000000000000000000e+00,0.000000000000000000e+00,3.841131725584800982e-01,4.797430399556742997e-01,0.000000000000000000e+00,4.632462302662361808e-01,4.654598964373584113e-01,4.748423315874383821e-01,0.000000000000000000e+00,0.000000000000000000e+00,4.041500959443252161e-01,0.000000000000000000e+00,0.000000000000000000e+00
3.900296062442444867e-01,0.000000000000000000e+00,0.000000000000000000e+00,0.000000000000000000e+00,0.000000000000000000e+00,3.690683252855868068e-01,3.914620841009512908e-01,3.979206922361717136e-01,0.000000000000000000e+00,0.000000000000000000e+00,0.000000000000000000e+00,0.000000000000000000e+00,3.923693018148072253e-01,0.000000000000000000e+00,4.643059112775512753e-01,4.039994797993027853e-01,0.000000000000000000e+00,4.116444546153987250e-01,0.000000000000000000e+00,4.229148723076759930e-01,3.970847584269432962e-01,4.265683918968746768e-01,4.371034338775222072e-01,0.000000000000000000e+00,3.935836505550451836e-01,4.104816526387782272e-01,4.274807823847575072e-01,3.813172795613640753e-01,3.790902195914511164e-01,3.637327780587195081e-01,3.540025650668626733e-01,4.139905074070724944e-01,3.572287360375930865e-01,3.563228842016040732e-01,4.375587134305212178e-01,0.000000000000000000e+00,0.000000000000000000e+00,0.000000000000000000e+00,4.499232118363328814e-01,4.532096041687362908e-01,4.413419298914291744e-01,4.628400248851364251e-01,0.000000000000000000e+00,0.000000000000000000e+00,0.000000000000000000e+00,4.613635650484675943e-01,4.703059599474073149e-01,0.000000000000000000e+00,0.000000000000000000e+00,0.000000000000000000e+00,4.046748251800464935e-01,0.000000000000000000e+00,0.000000000000000000e+00,0.000000000000000000e+00,0.000000000000000000e+00,0.000000000000000000e+00,0.000000000000000000e+00,0.000000000000000000e+00,0.000000000000000000e+00,4.996234932848703791e-01,4.606151619783406259e-01,0.000000000000000000e+00,4.502376445725482235e-01,0.000000000000000000e+00,4.464742779130286277e-01,4.721194876570327104e-01,4.708256943147641760e-01,4.726091043501385869e-01,0.000000000000000000e+00,4.613592896983403913e-01,4.918474479303984181e-01,4.788222499370292096e-01,0.000000000000000000e+00,4.274004570640346778e-01,0.000000000000000000e+00,4.253701477718335733e-01
0.000000000000000000e+00,0.000000000000000000e+00,0.000000000000000000e+00,0.000000000000000000e+00,4.018933865151370077e-01,4.211927407695887915e-01,4.207133723562814231e-01,4.463572995196500859e-01,3.337951753919037867e-01,0.000000000000000000e+00,3.379145625704453870e-01,0.000000000000000000e+00,4.229492898517109856e-01,4.219345988625514132e-01,0.000000000000000000e+00,0.000000000000000000e+00,0.000000000000000000e+00,0.000000000000000000e+00,3.286849544581397775e-01,0.000000000000000000e+00,0.000000000000000000e+00,0.000000000000000000e+00,3.577627312841248908e-01,0.000000000000000000e+00,0.000000000000000000e+00,0.000000000000000000e+00,3.618398232184554808e-01,4.133039836094449804e-01,0.000000000000000000e+00,0.000000000000000000e+00,4.117866711967105853e-01,3.903018095351813987e-01,0.000000000000000000e+00,4.112129372212006140e-01,4.175037897944754994e-01,3.866253079333609732e-01,0.000000000000000000e+00,0.000000000000000000e+00,4.365996107065290843e-01,0.000000000000000000e+00,0.000000000000000000e+00,0.000000000000000000e+00,4.403875191527422128e-01,0.000000000000000000e+00,0.000000000000000000e+00,0.000000000000000000e+00,0.000000000000000000e+00,5.222817796251617573e-01,0.000000000000000000e+00,4.526085687446558814e-01,5.296046709138727548e-01,5.148530696196756962e-01,5.110849037814836349e-01,5.143101703517372059e-01,0.000000000000000000e+00,4.759635504806278838e-01,0.000000000000000000e+00,5.153982803225060083e-01,4.613320354563332781e-01,0.000000000000000000e+00,0.000000000000000000e+00,0.000000000000000000e+00,0.000000000000000000e+00,4.274165490666056999e-01,0.000000000000000000e+00,0.000000000000000000e+00,0.000000000000000000e+00,5.449677699423292054e-01,0.000000000000000000e+00,0.000000000000000000e+00,0.000000000000000000e+00,5.596249605122484150e-01,5.018655398705790249e-01,0.000000000000000000e+00,0.000000000000000000e+00,0.000000000000000000e+00
0.000000000000000000e+00,0.000000000000000000e+00,0.000000000000000000e+00,0.000000000000000000e+00,3.096567685767654954e-01,3.693464106578918105e-01,2.868513327633633869e-01,3.844107112058727238e-01,3.984456778646044972e-01,1.464932585749235960e-01,3.629001932167286726e-01,0.000000000000000000e+00,2.866362929396764070e-01,2.617111669342460090e-01,0.000000000000000000e+00,0.000000000000000000e+00,0.000000000000000000e+00,0.000000000000000000e+00,4.030485607288534222e-01,0.000000000000000000e+00,0.000000000000000000e+00,0.000000000000000000e+00,3.962704645364766853e-01,0.000000000000000000e+00,0.000000000000000000e+00,0.000000000000000000e+00,3.691564295780372928e-01,2.231927888803452997e-01,0.000000000000000000e+00,0.000000000000000000e+00,1.884601186800508865e-01,2.370014516400300031e-01,2.657679317939181107e-01,1.992072287226619998e-01,2.104060590219866134e-01,1.581010522927512874e-01,1.455451130897232048e-01,0.000000000000000000e+00,2.678580371272418770e-01,0.000000000000000000e+00,2.829895615577697754e-01,2.801958745763337144e-01,2.893374873721157869e-01,2.687664394583242911e-01,0.000000000000000000e+00,0.000000000000000000e+00,0.000000000000000000e+00,0.000000000000000000e+00,0.000000000000000000e+00,0.000000000000000000e+00,0.000000000000000000e+00,0.000000000000000000e+00,0.000000000000000000e+00,0.000000000000000000e+00,2.893862768662250895e-01,0.000000000000000000e+00,0.000000000000000000e+00,0.000000000000000000e+00,0.000000000000000000e+00,0.000000000000000000e+00,0.000000000000000000e+00,0.000000000000000000e+00,0.000000000000000000e+00,0.000000000000000000e+00,0.000000000000000000e+00,0.000000000000000000e+00,0.000000000000000000e+00,0.000000000000000000e+00,0.000000000000000000e+00,0.000000000000000000e+00,0.000000000000000000e+00,0.000000000000000000e+00,0.000000000000000000e+00,0.000000000000000000e+00,0.000000000000000000e+00,0.000000000000000000e+00
0.000000000000000000e+00,0.000000000000000000e+00,4.018933865151370077e-01,3.096567685767654954e-01,0.000000000000000000e+00,4.090355287407438922e-01,3.377926029921072271e-01,3.694399855212512906e-01,3.574263292023798222e-01,3.903837953404903915e-01,3.808773323991280213e-01,3.868968029590477142e-01,3.539824728580289737e-01,2.745483977967836942e-01,0.000000000000000000e+00,0.000000000000000000e+00,4.011404846459368789e-01,4.147013010125710775e-01,4.058987594127144161e-01,0.000000000000000000e+00,0.000000000000000000e+00,0.000000000000000000e+00,4.008699032960467146e-01,3.876097302336806161e-01,3.999298312220446183e-01,3.965488876011323272e-01,3.937176694311074199e-01,3.343265786596343880e-01,4.354606990741586858e-01,0.000000000000000000e+00,4.095681261970984810e-01,3.449803386870889943e-01,3.639200213340693102e-01,3.997058290924174195e-01,3.746550445102789784e-01,2.291773601286712925e-01,2.545299994686223144e-01,0.000000000000000000e+00,0.000000000000000000e+00,0.000000000000000000e+00,0.000000000000000000e+00,0.000000000000000000e+00,3.743389264395172167e-01,0.000000000000000000e+00,0.000000000000000000e+00,0.000000000000000000e+00,0.000000000000000000e+00,5.095703623955681882e-01,0.000000000000000000e+00,0.000000000000000000e+00,5.175495522694293360e-01,0.000000000000000000e+00,4.828067017785329096e-01,4.828094641093901851e-01,0.000000000000000000e+00,4.193624957602091752e-01,0.000000000000000000e+00,0.000000000000000000e+00,3.794564465897867223e-01,0.000000000000000000e+00,0.000000000000000000e+00,0.000000000000000000e+00,0.000000000000000000e+00,0.000000000000000000e+00,0.000000000000000000e+00,0.000000000000000000e+00,0.000000000000000000e+00,5.048696627911078982e-01,0.000000000000000000e+00,0.000000000000000000e+00,0.000000000000000000e+00,5.031266941889322997e-01,0.000000000000000000e+00,0.000000000000000000e+00,0.000000000000000000e+00,0.000000000000000000e+00
4.156658219134229948e-01,3.690683252855868068e-01,4.211927407695887915e-01,3.693464106578918105e-01,4.090355287407438922e-01,0.000000000000000000e+00,4.178570759056289829e-01,3.889859999588429762e-01,3.699576110186831857e-01,3.999482760421665950e-01,3.855444512245522204e-01,3.876594403165624092e-01,3.945134973883195895e-01,4.089440576673163963e-01,4.026488055198887972e-01,3.941512999790200977e-01,0.000000000000000000e+00,3.906351680197376885e-01,3.841086056979273744e-01,3.967817570210793732e-01,3.788444464885182827e-01,4.104676819299459822e-01,4.014663500807835739e-01,0.000000000000000000e+00,3.471321811527143808e-01,3.674667558680709267e-01,3.905375737954175919e-01,3.838993160161450202e-01,3.355826870340001267e-01,3.721603204905811202e-01,3.853570405531325238e-01,3.704920133449112751e-01,0.000000000000000000e+00,3.795875600761813851e-01,3.838097581176319051e-01,3.620616698181680082e-01,3.709049362851972731e-01,0.000000000000000000e+00,4.620755205159982060e-01,0.000000000000000000e+00,4.893911888303423829e-01,5.190872472146431660e-01,4.058056535117754993e-01,0.000000000000000000e+00,0.000000000000000000e+00,0.000000000000000000e+00,0.000000000000000000e+00,5.355782202680795523e-01,0.000000000000000000e+00,4.650361125923095917e-01,4.921862377506485142e-01,5.055312331293608796e-01,4.546107762645859030e-01,5.045791197294657859e-01,0.000000000000000000e+00,4.797542997963665790e-01,0.000000000000000000e+00,4.978455682854970865e-01,4.654724934322572727e-01,0.000000000000000000e+00,0.000000000000000000e+00,0.000000000000000000e+00,0.000000000000000000e+00,5.052328643823518206e-01,4.920022644120817246e-01,4.286151819106184813e-01,0.000000000000000000e+00,5.033134493180784208e-01,0.000000000000000000e+00,0.000000000000000000e+00,0.000000000000000000e+00,5.069732976815548575e-01,4.875431021415040922e-01,4.721189552677084178e-01,4.979377875618665183e-01,4.834048153068811193e-01
0.000000000000000000e+00,3.914620841009512908e-01,4.207133723562814231e-01,2.868513327633633869e-01,3.377926029921072271e-01,4.178570759056289829e-01,0.000000000000000000e+00,4.167500182064667880e-01,4.047704802235784216e-01,3.919843188546124901e-01,4.478252555448636874e-01,3.686988722959537168e-01,3.307348718958977862e-01,3.337592250845384800e-01,0.000000000000000000e+00,4.339853537354582125e-01,4.042009539803820273e-01,4.206807485497868204e-01,4.466534820976451048e-01,4.294361433158127017e-01,4.578757436563685723e-01,4.552469219219618113e-01,4.275780302054191240e-01,3.872648113865734265e-01,3.951974057080360758e-01,3.958703095607202238e-01,4.263586813884716054e-01,3.594292580094913259e-01,4.451889947013804028e-01,0.000000000000000000e+00,3.754230556933315088e-01,3.643416288744584786e-01,3.823455745276920226e-01,4.000424000267766012e-01,3.693411673885362845e-01,2.842209957516854124e-01,2.652016768337356889e-01,3.662428470070884234e-01,0.000000000000000000e+00,0.000000000000000000e+00,0.000000000000000000e+00,0.000000000000000000e+00,0.000000000000000000e+00,0.000000000000000000e+00,0.000000000000000000e+00,0.000000000000000000e+00,0.000000000000000000e+00,0.000000000000000000e+00,0.000000000000000000e+00,0.000000000000000000e+00,4.974291715618177068e-01,0.000000000000000000e+00,4.684229946196835082e-01,0.000000000000000000e+00,0.000000000000000000e+00,4.466105795728347871e-01,0.000000000000000000e+00,0.000000000000000000e+00,0.000000000000000000e+00,0.000000000000000000e+00,0.000000000000000000e+00,0.000000000000000000e+00,0.000000000000000000e+00,0.000000000000000000e+00,0.000000000000000000e+00,0.000000000000000000e+00,0.000000000000000000e+00,5.081072400565515013e-01,0.000000000000000000e+00,0.000000000000000000e+00,0.000000000000000000e+00,5.109508369536164274e-01,0.000000000000000000e+00,0.000000000000000000e+00,0.000000000000000000e+00,0.000000000000000000e+00
4.431679200858574252e-01,3.979206922361717136e-01,4.463572995196500859e-01,3.844107112058727238e-01,3.694399855212512906e-01,3.889859999588429762e-01,4.167500182064667880e-01,0.000000000000000000e+00,4.577724500045758926e-01,4.088435169481148268e-01,3.008723726288780043e-01,0.000000000000000000e+00,4.314116545633284727e-01,3.594346840933344001e-01,4.314582840266854014e-01,4.075928313487638954e-01,0.000000000000000000e+00,4.201313918626873867e-01,4.152920596862981206e-01,3.911590838033456863e-01,3.691789020211633798e-01,4.142305129454377233e-01,3.659337358327657830e-01,4.651294513843928780e-01,4.279167757183692800e-01,4.297207484523780097e-01,4.624922213237482871e-01,4.321324206020691894e-01,4.014629778649915770e-01,4.281384704500367788e-01,4.116521559033443078e-01,3.311806291302029082e-01,4.175674933699636271e-01,4.130737511661474182e-01,4.098972004384958123e-01,2.478377791656584117e-01,3.803231796445331048e-01,0.000000000000000000e+00,4.609216095500069943e-01,0.000000000000000000e+00,4.860696848344981946e-01,0.000000000000000000e+00,3.542252750864137156e-01,0.000000000000000000e+00,0.000000000000000000e+00,0.000000000000000000e+00,0.000000000000000000e+00,5.227554004214260974e-01,0.000000000000000000e+00,4.231731513734823258e-01,4.850053710278136032e-01,4.819804713208000746e-01,3.508642203832559869e-01,4.953776183230331753e-01,0.000000000000000000e+00,4.079669844467754269e-01,0.000000000000000000e+00,4.775794383277465194e-01,4.110022946244569209e-01,4.925215016666225076e-01,0.000000000000000000e+00,0.000000000000000000e+00,0.000000000000000000e+00,4.527535893637537057e-01,4.868909506659807040e-01,3.507003236407352786e-01,4.314898090599236236e-01,4.789148090723311935e-01,0.000000000000000000e+00,0.000000000000000000e+00,0.000000000000000000e+00,5.151075967063315497e-01,4.817851725981138755e-01,4.951082371777000835e-01,5.096520865358200592e-01,4.896790374499688236e-01
0.000000000000000000e+00,0.000000000000000000e+00,3.337951753919037867e-01,3.984456778646044972e-01,3.574263292023798222e-01,3.699576110186831857e-01,4.047704802235784216e-01,4.577724500045758926e-01,0.000000000000000000e+00,4.202827452403973818e-01,3.443247173551908791e-01,0.000000000000000000e+00,3.947927769842939916e-01,3.871728897745735920e-01,0.000000000000000000e+00,0.000000000000000000e+00,0.000000000000000000e+00,0.000000000000000000e+00,3.076753094700924729e-01,0.000000000000000000e+00,0.000000000000000000e+00,0.000000000000000000e+00,4.107620877335128040e-01,0.000000000000000000e+00,0.000000000000000000e+00,0.000000000000000000e+00,3.816895723160431131e-01,4.259910224930463785e-01,3.797468603439155266e-01,0.000000000000000000e+00,4.388691790769230217e-01,4.025330457906042270e-01,0.000000000000000000e+00,4.246045050299835921e-01,4.237604886758479239e-01,3.847073144931281163e-01,4.024310499460516111e-01,0.000000000000000000e+00,4.469218320333652184e-01,0.000000000000000000e+00,0.000000000000000000e+00,0.000000000000000000e+00,4.431635467099777070e-01,0.000000000000000000e+00,0.000000000000000000e+00,0.000000000000000000e+00,0.000000000000000000e+00,5.436850321385935381e-01,0.000000000000000000e+00,4.617419014863244908e-01,5.333315530923508074e-01,5.109170432433266518e-01,5.039106334754656080e-01,5.158434926586695779e-01,0.000000000000000000e+00,4.773490955414628201e-01,0.000000000000000000e+00,5.192589209463474020e-01,4.683784601576018169e-01,0.000000000000000000e+00,0.000000000000000000e+00,0.000000000000000000e+00,0.000000000000000000e+00,4.791375136203713248e-01,0.000000000000000000e+00,0.000000000000000000e+00,0.000000000000000000e+00,5.363690106680522041e-01,0.000000000000000000e+00,0.000000000000000000e+00,0.000000000000000000e+00,5.389602209861775739e-01,4.891749933641871273e-01,0.000000000000000000e+00,0.000000000000000000e+00,4.335473775863646906e-01
3.683321488409991851e-01,0.000000000000000000e+00,0.000000000000000000e+00,1.464932585749235960e-01,3.903837953404903915e-01,3.999482760421665950e-01,3.919843188546124901e-01,4.088435169481148268e-01,4.202827452403973818e-01,0.000000000000000000e+00,4.294766226260026132e-01,2.835590462354345975e-01,3.875408900251370858e-01,3.611267357807653178e-01,0.000000000000000000e+00,0.000000000000000000e+00,3.056059195294337782e-01,3.445401509112451244e-01,4.327648641059498869e-01,0.000000000000000000e+00,0.000000000000000000e+00,0.000000000000000000e+00,4.110890088449967728e-01,3.069429854398724733e-01,3.402643786613915866e-01,3.512125899293445097e-01,4.026310313311263211e-01,3.720889118554295827e-01,3.995139154076122745e-01,0.000000000000000000e+00,3.267888940129061726e-01,3.116923145487209834e-01,2.886891142598140836e-01,2.746785052807568239e-01,2.633086966674311746e-01,2.589784473955962785e-01,2.417451668212929894e-01,2.562634222976781229e-01,3.194229062652382267e-01,3.207133716145357250e-01,3.673865390592763736e-01,3.304351127604129856e-01,3.112028758899608172e-01,0.000000000000000000e+00,3.530941406308061858e-01,0.000000000000000000e+00,3.154693887327383872e-01,0.000000000000000000e+00,0.000000000000000000e+00,0.000000000000000000e+00,0.000000000000000000e+00,4.569619854393752734e-01,0.000000000000000000e+00,0.000000000000000000e+00,4.373096838385823193e-01,0.000000000000000000e+00,4.446915063207741992e-01,4.202525625754572891e-01,0.000000000000000000e+00,0.000000000000000000e+00,3.170478109211146145e-01,4.103765428843523799e-01,3.587969538351524768e-01,0.000000000000000000e+00,0.000000000000000000e+00,0.000000000000000000e+00,0.000000000000000000e+00,0.000000000000000000e+00,4.314018025358244968e-01,3.736443042090115130e-01,4.371244550281455088e-01,0.000000000000000000e+00,4.129876105082010973e-01,0.000000000000000000e+00,0.000000000000000000e+00,4.072958773514284148e-01
0.000000000000000000e+00,0.000000000000000000e+00,3.379145625704453870e-01,3.629001932167286726e-01,3.808773323991280213e-01,3.855444512245522204e-01,4.478252555448636874e-01,3.008723726288780043e-01,3.443247173551908791e-01,4.294766226260026132e-01,0.000000000000000000e+00,3.883890003048682260e-01,4.403813100656462920e-01,2.862503609288836182e-01,0.000000000000000000e+00,0.000000000000000000e+00,0.000000000000000000e+00,0.000000000000000000e+00,2.856243139359654903e-01,0.000000000000000000e+00,0.000000000000000000e+00,0.000000000000000000e+00,2.891395461932971256e-01,4.185804839441191749e-01,0.000000000000000000e+00,0.000000000000000000e+00,4.038640550363529758e-01,4.273719225460658189e-01,0.000000000000000000e+00,0.000000000000000000e+00,4.450052150796454109e-01,3.066855414617480902e-01,0.000000000000000000e+00,4.368371514355622875e-01,4.238130972042367106e-01,2.500042265448709777e-01,4.030848546815805067e-01,0.000000000000000000e+00,0.000000000000000000e+00,0.000000000000000000e+00,0.000000000000000000e+00,0.000000000000000000e+00,3.167311783466056907e-01,0.000000000000000000e+00,0.000000000000000000e+00,0.000000000000000000e+00,0.000000000000000000e+00,4.737666027497692833e-01,0.000000000000000000e+00,3.805139525706118242e-01,4.507561650139922937e-01,4.237826588675255857e-01,4.397702403645962210e-01,5.024466550824413513e-01,0.000000000000000000e+00,3.604757968259527101e-01,0.000000000000000000e+00,4.188509627979905003e-01,3.724458911530044158e-01,0.000000000000000000e+00,0.000000000000000000e+00,0.000000000000000000e+00,0.000000000000000000e+00,3.685177332077900769e-01,0.000000000000000000e+00,0.000000000000000000e+00,0.000000000000000000e+00,4.777475035744028209e-01,0.000000000000000000e+00,0.000000000000000000e+00,0.000000000000000000e+00,4.891817231229462770e-01,0.000000000000000000e+00,0.000000000000000000e+00,0.000000000000000000e+00,0.000000000000000000e+00
3.781513816494074254e-01,0.000000000000000000e+00,0.000000000000000000e+00,0.000000000000000000e+00,3.868968029590477142e-01,3.876594403165624092e-01,3.686988722959537168e-01,0.000000000000000000e+00,0.000000000000000000e+00,2.835590462354345975e-01,3.883890003048682260e-01,0.000000000000000000e+00,3.767836688717788873e-01,0.000000000000000000e+00,0.000000000000000000e+00,0.000000000000000000e+00,3.302349035850525860e-01,3.539080879985551098e-01,0.000000000000000000e+00,0.000000000000000000e+00,0.000000000000000000e+00,0.000000000000000000e+00,0.000000000000000000e+00,2.780515631588301728e-01,3.499491388841922124e-01,3.318933506802619893e-01,0.000000000000000000e+00,3.492468431401107853e-01,0.000000000000000000e+00,0.000000000000000000e+00,3.160978709322072033e-01,2.652502776211274060e-01,2.624047551260024758e-01,2.444570366567052067e-01,2.511043766008044797e-01,2.584759979326007873e-01,2.391753245002475048e-01,2.143578973276195065e-01,3.691542772284743257e-01,2.777257306220172750e-01,3.494268524421845212e-01,0.000000000000000000e+00,0.000000000000000000e+00,0.000000000000000000e+00,3.531188216603188268e-01,0.000000000000000000e+00,0.000000000000000000e+00,0.000000000000000000e+00,0.000000000000000000e+00,0.000000000000000000e+00,0.000000000000000000e+00,0.000000000000000000e+00,0.000000000000000000e+00,0.000000000000000000e+00,4.365905873311302088e-01,0.000000000000000000e+00,4.458178707815084185e-01,4.295799578829783139e-01,0.000000000000000000e+00,0.000000000000000000e+00,0.000000000000000000e+00,4.230555893824495817e-01,3.579898269741346173e-01,0.000000000000000000e+00,0.000000000000000000e+00,0.000000000000000000e+00,0.000000000000000000e+00,0.000000000000000000e+00,4.158900155115559105e-01,3.808000280757454226e-01,4.406138807208038743e-01,0.000000000000000000e+00,4.265102594643330192e-01,0.000000000000000000e+00,0.000000000000000000e+00,4.045116147263372874e-01
0.000000000000000000e+00,3.923693018148072253e-01,4.229492898517109856e-01,2.866362929396764070e-01,3.539824728580289737e-01,3.945134973883195895e-01,3.307348718958977862e-01,4.314116545633284727e-01,3.947927769842939916e-01,3.875408900251370858e-01,4.403813100656462920e-01,3.767836688717788873e-01,0.000000000000000000e+00,3.271942139016658091e-01,3.986149531516512967e-01,4.388245617825253797e-01,3.890840783579994078e-01,4.161015675657693813e-01,4.414846826513328937e-01,4.263599177244487004e-01,4.184646216571121236e-01,4.520517195144810874e-01,4.340976569027956145e-01,3.870441156516705727e-01,3.908667246463016776e-01,3.914215264901400038e-01,4.299545331578876750e-01,3.672127395666052174e-01,4.149800015108507933e-01,4.185933687619827759e-01,3.782642766944874224e-01,3.617104684342496990e-01,3.830886341442192866e-01,3.817882447537663260e-01,3.586721497053648178e-01,2.809593795091155921e-01,2.779365653160176253e-01,3.659299323428890083e-01,4.834219978537427909e-01,0.000000000000000000e+00,5.118042331114714960e-01,0.000000000000000000e+00,3.670605444163662079e-01,0.000000000000000000e+00,0.000000000000000000e+00,0.000000000000000000e+00,0.000000000000000000e+00,5.219844220279883373e-01,0.000000000000000000e+00,0.000000000000000000e+00,4.982024257963835745e-01,5.157361707706638043e-01,4.653864052003610086e-01,5.058777700693193324e-01,4.017716033680774901e-01,4.548457712464715197e-01,0.000000000000000000e+00,5.118306832217646152e-01,0.000000000000000000e+00,5.045854889299949964e-01,0.000000000000000000e+00,0.000000000000000000e+00,0.000000000000000000e+00,5.961441132390128406e-01,5.066534434572251833e-01,4.602827791867581952e-01,0.000000000000000000e+00,5.139689752038711923e-01,0.000000000000000000e+00,4.040039285190633045e-01,0.000000000000000000e+00,5.169009315342568689e-01,5.184808275502835739e-01,4.943304031330953974e-01,5.293925399672227972e-01,5.044770736608447104e-01
4.413099408464565276e-01,0.000000000000000000e+00,4.219345988625514132e-01,2.617111669342460090e-01,2.745483977967836942e-01,4.089440576673163963e-01,3.337592250845384800e-01,3.594346840933344001e-01,3.871728897745735920e-01,3.611267357807653178e-01,2.862503609288836182e-01,0.000000000000000000e+00,3.271942139016658091e-01,0.000000000000000000e+00,0.000000000000000000e+00,0.000000000000000000e+00,0.000000000000000000e+00,0.000000000000000000e+00,3.555816093122731170e-01,0.000000000000000000e+00,4.217798057144819812e-01,0.000000000000000000e+00,3.959109713699924815e-01,0.000000000000000000e+00,0.000000000000000000e+00,4.242419564451196945e-01,4.369379382404501855e-01,3.065052454840523910e-01,0.000000000000000000e+00,0.000000000000000000e+00,0.000000000000000000e+00,1.957095186728322889e-01,0.000000000000000000e+00,3.861367443568968216e-01,0.000000000000000000e+00,1.954307670793591079e-01,1.634195861394401872e-01,0.000000000000000000e+00,0.000000000000000000e+00,0.000000000000000000e+00,0.000000000000000000e+00,0.000000000000000000e+00,0.000000000000000000e+00,0.000000000000000000e+00,0.000000000000000000e+00,0.000000000000000000e+00,0.000000000000000000e+00,0.000000000000000000e+00,0.000000000000000000e+00,0.000000000000000000e+00,0.000000000000000000e+00,0.000000000000000000e+00,0.000000000000000000e+00,0.000000000000000000e+00,0.000000000000000000e+00,3.128780210543968821e-01,0.000000000000000000e+00,0.000000000000000000e+00,0.000000000000000000e+00,0.000000000000000000e+00,0.000000000000000000e+00,0.000000000000000000e+00,0.000000000000000000e+00,0.000000000000000000e+00,0.000000000000000000e+00,0.000000000000000000e+00,0.000000000000000000e+00,0.000000000000000000e+00,0.000000000000000000e+00,0.000000000000000000e+00,0.000000000000000000e+00,0.000000000000000000e+00,0.000000000000000000e+00,0.000000000000000000e+00,0.000000000000000000e+00,0.000000000000000000e+00
3.928905003599316159e-01,4.643059112775512753e-01,0.000000000000000000e+00,0.000000000000000000e+00,0.000000000000000000e+00,4.026488055198887972e-01,0.000000000000000000e+00,4.314582840266854014e-01,0.000000000000000000e+00,0.000000000000000000e+00,0.000000000000000000e+00,0.000000000000000000e+00,3.986149531516512967e-01,0.000000000000000000e+00,0.000000000000000000e+00,4.129605843602270898e-01,0.000000000000000000e+00,3.976233174086898914e-01,0.000000000000000000e+00,3.534271045633488040e-01,3.699909529731816860e-01,4.251630777299437169e-01,3.977358914707069260e-01,0.000000000000000000e+00,3.849242611234927058e-01,4.346631661776393929e-01,4.203928819831718733e-01,4.126901773706924126e-01,3.846412198314572151e-01,3.867025638245735752e-01,3.939132669047604729e-01,4.195652870885310248e-01,3.907852371285843174e-01,4.190659526115614875e-01,4.634278002378958150e-01,0.000000000000000000e+00,0.000000000000000000e+00,0.000000000000000000e+00,4.705336968651929741e-01,4.794994459627635042e-01,4.753310960184896072e-01,5.056454612727788733e-01,0.000000000000000000e+00,0.000000000000000000e+00,0.000000000000000000e+00,4.474480626230085134e-01,4.956538407661905121e-01,0.000000000000000000e+00,0.000000000000000000e+00,0.000000000000000000e+00,4.608957280026432790e-01,0.000000000000000000e+00,4.545549311549312854e-01,0.000000000000000000e+00,0.000000000000000000e+00,0.000000000000000000e+00,0.000000000000000000e+00,0.000000000000000000e+00,0.000000000000000000e+00,4.915669831883345831e-01,4.783796558264408749e-01,0.000000000000000000e+00,0.000000000000000000e+00,0.000000000000000000e+00,4.835138910584260152e-01,4.448596080525316077e-01,5.019463897709878220e-01,4.831044798772549109e-01,0.000000000000000000e+00,0.000000000000000000e+00,5.189494355281506488e-01,4.953208404756815897e-01,4.776016762819864092e-01,4.405496874922413819e-01,0.000000000000000000e+00,4.541802737557231184e-01
3.793909754084491825e-01,4.039994797993027853e-01,0.000000000000000000e+00,0.000000000000000000e+00,0.000000000000000000e+00,3.941512999790200977e-01,4.339853537354582125e-01,4.075928313487638954e-01,0.000000000000000000e+00,0.000000000000000000e+00,0.000000000000000000e+00,0.000000000000000000e+00,4.388245617825253797e-01,0.000000000000000000e+00,4.129605843602270898e-01,0.000000000000000000e+00,3.563908710542081915e-01,3.743801814627359947e-01,0.000000000000000000e+00,4.181644220946661994e-01,3.898143552012078850e-01,3.964684343801113120e-01,4.098370167022670763e-01,3.473418191435935776e-01,3.932439901130411197e-01,3.984405250719785241e-01,4.117241180350409979e-01,4.099209824248931100e-01,4.152432571166742026e-01,3.690397448542043768e-01,3.452533906739811975e-01,4.314466805019426254e-01,3.757060113817171088e-01,3.769925944914653271e-01,4.635788756874137939e-01,0.000000000000000000e+00,0.000000000000000000e+00,0.000000000000000000e+00,4.224337033078325865e-01,4.380328633032501973e-01,4.174296954197005971e-01,4.470234063978871242e-01,0.000000000000000000e+00,0.000000000000000000e+00,0.000000000000000000e+00,4.548643129560859255e-01,4.487319589863983937e-01,0.000000000000000000e+00,0.000000000000000000e+00,0.000000000000000000e+00,0.000000000000000000e+00,0.000000000000000000e+00,0.000000000000000000e+00,0.000000000000000000e+00,0.000000000000000000e+00,0.000000000000000000e+00,0.000000000000000000e+00,0.000000000000000000e+00,0.000000000000000000e+00,4.287977305682704743e-01,4.363616546462805168e-01,0.000000000000000000e+00,4.317379868781057728e-01,0.000000000000000000e+00,4.360056124328899885e-01,4.515389430491424938e-01,4.535215294517955242e-01,0.000000000000000000e+00,0.000000000000000000e+00,4.533690728208046861e-01,4.723729650392167745e-01,0.000000000000000000e+00,0.000000000000000000e+00,4.068185562114942089e-01,0.000000000000000000e+00,3.915681762360297968e-01
0.000000000000000000e+00,0.000000000000000000e+00,0.000000000000000000e+00,0.000000000000000000e+00,4.011404846459368789e-01,0.000000000000000000e+00,4.042009539803820273e-01,0.000000000000000000e+00,0.000000000000000000e+00,3.056059195294337782e-01,0.000000000000000000e+00,3.302349035850525860e-01,3.890840783579994078e-01,0.000000000000000000e+00,0.000000000000000000e+00,3.563908710542081915e-01,0.000000000000000000e+00,3.096311736864312825e-01,0.000000000000000000e+00,3.567569761338705847e-01,0.000000000000000000e+00,3.498722314834594727e-01,0.000000000000000000e+00,3.325858790920737107e-01,3.233151862371673735e-01,3.517270715357612154e-01,0.000000000000000000e+00,3.892818306485382740e-01,0.000000000000000000e+00,0.000000000000000000e+00,3.299396032543395751e-01,3.625862694070353109e-01,3.207144163553293237e-01,3.192013744397733110e-01,3.336591498979307735e-01,0.000000000000000000e+00,0.000000000000000000e+00,2.989838951165116887e-01,0.000000000000000000e+00,3.235071430240643031e-01,3.266897939809247919e-01,0.000000000000000000e+00,0.000000000000000000e+00,0.000000000000000000e+00,0.000000000000000000e+00,0.000000000000000000e+00,0.000000000000000000e+00,0.000000000000000000e+00,0.000000000000000000e+00,0.000000000000000000e+00,0.000000000000000000e+00,0.000000000000000000e+00,0.000000000000000000e+00,0.000000000000000000e+00,3.999278257547452253e-01,0.000000000000000000e+00,4.053097743439700862e-01,0.000000000000000000e+00,0.000000000000000000e+00,0.000000000000000000e+00,0.000000000000000000e+00,3.848954472300709084e-01,3.759834596356697034e-01,0.000000000000000000e+00,0.000000000000000000e+00,0.000000000000000000e+00,0.000000000000000000e+00,0.000000000000000000e+00,4.503890231286433177e-01,3.678595695361481788e-01,4.136520744864863874e-01,0.000000000000000000e+00,0.000000000000000000e+00,0.000000000000000000e+00,0.000000000000000000e+00,0.000000000000000000e+00
3.871636522588904894e-01,4.116444546153987250e-01,0.000000000000000000e+00,0.000000000000000000e+00,4.147013010125710775e-01,3.906351680197376885e-01,4.206807485497868204e-01,4.201313918626873867e-01,0.000000000000000000e+00,3.445401509112451244e-01,0.000000000000000000e+00,3.539080879985551098e-01,4.161015675657693813e-01,0.000000000000000000e+00,3.976233174086898914e-01,3.743801814627359947e-01,3.096311736864312825e-01,0.000000000000000000e+00,0.000000000000000000e+00,4.102463303163350061e-01,4.044388527507817854e-01,4.052187179953268270e-01,3.977795263298806727e-01,3.756174680207141070e-01,3.901983310130919813e-01,3.937868892247404773e-01,4.059387325365114152e-01,4.008341344490092828e-01,4.038814493186891896e-01,3.716528997649891086e-01,3.564983654600529794e-01,4.065204180202872108e-01,3.524431168781401169e-01,3.505985625314406162e-01,4.071200468232800129e-01,0.000000000000000000e+00,0.000000000000000000e+00,3.067658743215976869e-01,4.019133327447739767e-01,3.790439753309224891e-01,3.798519918812199858e-01,3.900836037165774095e-01,0.000000000000000000e+00,0.000000000000000000e+00,0.000000000000000000e+00,4.599901096908112219e-01,4.349159844208135839e-01,0.000000000000000000e+00,0.000000000000000000e+00,0.000000000000000000e+00,0.000000000000000000e+00,0.000000000000000000e+00,0.000000000000000000e+00,0.000000000000000000e+00,4.002692859336334230e-01,0.000000000000000000e+00,4.231963554607220956e-01,0.000000000000000000e+00,0.000000000000000000e+00,0.000000000000000000e+00,4.223473489465369157e-01,4.107503115944954875e-01,4.143383212784806924e-01,0.000000000000000000e+00,0.000000000000000000e+00,0.000000000000000000e+00,4.213060471152921815e-01,0.000000000000000000e+00,4.474318446401199800e-01,4.321227069357528872e-01,4.477188236869983906e-01,0.000000000000000000e+00,0.000000000000000000e+00,0.000000000000000000e+00,0.000000000000000000e+00,3.831657482924095137e-01
0.000000000000000000e+00,0.000000000000000000e+00,3.286849544581397775e-01,4.030485607288534222e-01,4.058987594127144161e-01,3.841086056979273744e-01,4.466534820976451048e-01,4.152920596862981206e-01,3.076753094700924729e-01,4.327648641059498869e-01,2.856243139359654903e-01,0.000000000000000000e+00,4.414846826513328937e-01,3.555816093122731170e-01,0.000000000000000000e+00,0.000000000000000000e+00,0.000000000000000000e+00,0.000000000000000000e+00,0.000000000000000000e+00,0.000000000000000000e+00,0.000000000000000000e+00,0.000000000000000000e+00,3.106370323716934889e-01,0.000000000000000000e+00,0.000000000000000000e+00,0.000000000000000000e+00,3.744934117541741103e-01,4.270729428474207001e-01,0.000000000000000000e+00,0.000000000000000000e+00,4.477334185588464077e-01,3.977858871640677085e-01,0.000000000000000000e+00,4.269767251750811732e-01,4.280282903602293798e-01,3.584609668249393866e-01,4.081370287102524808e-01,0.000000000000000000e+00,0.000000000000000000e+00,0.000000000000000000e+00,0.000000000000000000e+00,0.000000000000000000e+00,4.319921964050438823e-01,0.000000000000000000e+00,0.000000000000000000e+00,0.000000000000000000e+00,0.000000000000000000e+00,5.274248741530975781e-01,0.000000000000000000e+00,4.490490431147589057e-01,5.422646507467210331e-01,5.120672667517309762e-01,4.994018813721525230e-01,5.004211541650570583e-01,0.000000000000000000e+00,4.482539050088720223e-01,0.000000000000000000e+00,0.000000000000000000e+00,4.534442787505006955e-01,0.000000000000000000e+00,0.000000000000000000e+00,0.000000000000000000e+00,0.000000000000000000e+00,5.482379005794573157e-01,0.000000000000000000e+00,0.000000000000000000e+00,0.000000000000000000e+00,5.288545150158918684e-01,0.000000000000000000e+00,0.000000000000000000e+00,0.000000000000000000e+00,5.323751550397859411e-01,0.000000000000000000e+00,0.000000000000000000e+00,0.000000000000000000e+00,0.000000000000000000e+00
3.895310030008102831e-01,4.229148723076759930e-01,0.000000000000000000e+00,0.000000000000000000e+00,0.000000000000000000e+00,3.967817570210793732e-01,4.294361433158127017e-01,3.911590838033456863e-01,0.000000000000000000e+00,0.000000000000000000e+00,0.000000000000000000e+00,0.000000000000000000e+00,4.263599177244487004e-01,0.000000000000000000e+00,3.534271045633488040e-01,4.181644220946661994e-01,3.567569761338705847e-01,4.102463303163350061e-01,0.000000000000000000e+00,0.000000000000000000e+00,4.274359534983959152e-01,4.053059711675836008e-01,3.523436220692401921e-01,0.000000000000000000e+00,3.813450667233342917e-01,4.573245214663799185e-01,3.562407653569976129e-01,3.977675822801248207e-01,3.456245856333405864e-01,3.668641915479096127e-01,3.736309203302466964e-01,4.408501228235017777e-01,4.130865203902965854e-01,4.170075595540477797e-01,4.741701352626017107e-01,0.000000000000000000e+00,0.000000000000000000e+00,0.000000000000000000e+00,4.712359520041342065e-01,0.000000000000000000e+00,4.772089375468576145e-01,4.331843933951277092e-01,0.000000000000000000e+00,0.000000000000000000e+00,0.000000000000000000e+00,0.000000000000000000e+00,4.359223254246106793e-01,0.000000000000000000e+00,0.000000000000000000e+00,0.000000000000000000e+00,4.749940255614578111e-01,0.000000000000000000e+00,4.944266245603746168e-01,0.000000000000000000e+00,0.000000000000000000e+00,0.000000000000000000e+00,0.000000000000000000e+00,0.000000000000000000e+00,0.000000000000000000e+00,4.882182272344033902e-01,0.000000000000000000e+00,0.000000000000000000e+00,0.000000000000000000e+00,0.000000000000000000e+00,4.904512506571849229e-01,4.526912530465109219e-01,4.964305819956730814e-01,5.029465804242519988e-01,0.000000000000000000e+00,0.000000000000000000e+00,4.747915743124497823e-01,5.174523070275647285e-01,4.924433897567442875e-01,4.647720682498954758e-01,0.000000000000000000e+00,4.653501925587850141e-01
3.916037430094643224e-01,3.970847584269432962e-01,0.000000000000000000e+00,0.000000000000000000e+00,0.000000000000000000e+00,3.788444464885182827e-01,4.578757436563685723e-01,3.691789020211633798e-01,0.000000000000000000e+00,0.000000000000000000e+00,0.000000000000000000e+00,0.000000000000000000e+00,4.184646216571121236e-01,4.217798057144819812e-01,3.699909529731816860e-01,3.898143552012078850e-01,0.000000000000000000e+00,4.044388527507817854e-01,0.000000000000000000e+00,4.274359534983959152e-01,0.000000000000000000e+00,4.148019300824302147e-01,3.691397957840037991e-01,4.653329125933520216e-01,4.057648368663340777e-01,4.042729730352422890e-01,4.384355425665975026e-01,4.273325187876931275e-01,3.941377786884229795e-01,3.946280918247612179e-01,3.665437576328958724e-01,3.940326613486891949e-01,3.454023519661870156e-01,3.711545936112770061e-01,4.304977800512995723e-01,3.834687287548884105e-01,0.000000000000000000e+00,0.000000000000000000e+00,4.388108555315751724e-01,0.000000000000000000e+00,4.449398186892026263e-01,0.000000000000000000e+00,0.000000000000000000e+00,0.000000000000000000e+00,0.000000000000000000e+00,4.408888984857702864e-01,4.715950108538584096e-01,0.000000000000000000e+00,0.000000000000000000e+00,0.000000000000000000e+00,4.437599152066631913e-01,0.000000000000000000e+00,3.763800379512008965e-01,0.000000000000000000e+00,0.000000000000000000e+00,0.000000000000000000e+00,0.000000000000000000e+00,0.000000000000000000e+00,0.000000000000000000e+00,4.581693932451563755e-01,0.000000000000000000e+00,0.000000000000000000e+00,0.000000000000000000e+00,0.000000000000000000e+00,4.593458916221955235e-01,3.248431575740595156e-01,4.879066064425990890e-01,4.737151567786229145e-01,0.000000000000000000e+00,4.899407043284281782e-01,4.920755037684914068e-01,4.941421505450271923e-01,4.393962229931120955e-01,4.361148591648748019e-01,0.000000000000000000e+00,4.187701018782912787e-01
