0.000000000000000000e+00,4.443987474364651247e-01,0.000000000000000000e+00,0.000000000000000000e+00,0.000000000000000000e+00,0.000000000000000000e+00,0.000000000000000000e+00,5.382310284760937202e-01,0.000000000000000000e+00,4.756025466244965250e-01,0.000000000000000000e+00,4.469798977706285759e-01,0.000000000000000000e+00,0.000000000000000000e+00,4.279062191221608136e-01,4.641131389356379922e-01,4.317399076463624974e-01,4.687366959542960121e-01,0.000000000000000000e+00,4.943538754886092068e-01,4.353503474772357773e-01,4.644853651005552142e-01,5.068596802907567866e-01,4.133934587073652134e-01,4.333216381519153226e-01,4.424539830923875927e-01,5.062177893405130913e-01,0.000000000000000000e+00,0.000000000000000000e+00,0.000000000000000000e+00,4.154875844714375765e-01,4.284319825855062991e-01,4.010966752248573131e-01,4.001322329378846909e-01,4.414201407309665259e-01,0.000000000000000000e+00,0.000000000000000000e+00,4.432338790018626185e-01,4.696574321666607821e-01,4.676509274715708875e-01,4.592881509723024114e-01,5.033517459789913495e-01,0.000000000000000000e+00,0.000000000000000000e+00,0.000000000000000000e+00,4.566139444900159106e-01,5.400741452952638744e-01,0.000000000000000000e+00,0.000000000000000000e+00,0.000000000000000000e+00,0.000000000000000000e+00,0.000000000000000000e+00,0.000000000000000000e+00,0.000000000000000000e+00,5.212617574818462218e-01,0.000000000000000000e+00,0.000000000000000000e+00,0.000000000000000000e+00,0.000000000000000000e+00,0.000000000000000000e+00,5.130194189261009230e-01,5.136247568239604711e-01,5.128151798969502462e-01,0.000000000000000000e+00,4.626662959491512073e-01,4.841350931737037899e-01,5.247588506231032346e-01,0.000000000000000000e+00,4.915791571333246734e-01,5.124579721439287416e-01,5.367849941689746274e-01,0.000000000000000000e+00,0.000000000000000000e+00,0.000000000000000000e+00,0.000000000000000000e+00,4.649406834388923881e-01
4.443987474364651247e-01,0.000000000000000000e+00,0.000000000000000000e+00,0.000000000000000000e+00,0.000000000000000000e+00,4.512013755968677930e-01,4.975513944295855140e-01,5.284426162592821274e-01,4.523894757761172114e-01,0.000000000000000000e+00,0.000000000000000000e+00,0.000000000000000000e+00,5.072861300703718213e-01,0.000000000000000000e+00,4.806696281995795905e-01,4.559538546082648747e-01,4.202443721945943733e-01,4.686953458242026915e-01,0.000000000000000000e+00,4.891589958823974182e-01,4.343993773029478089e-01,4.368877433670170229e-01,5.038136429236961256e-01,0.000000000000000000e+00,4.365198826503289831e-01,4.553604391811691965e-01,5.000354465088118205e-01,5.070571546377208305e-01,4.744482726360271796e-01,0.000000000000000000e+00,3.736913366718676022e-01,4.078188906344288878e-01,3.596737782080229873e-01,3.769120273242719255e-01,4.278635457134474795e-01,0.000000000000000000e+00,0.000000000000000000e+00,0.000000000000000000e+00,4.695475899178165879e-01,4.195352851311014986e-01,4.634051565534009209e-01,4.987991422583092915e-01,0.000000000000000000e+00,0.000000000000000000e+00,0.000000000000000000e+00,5.222514851899691113e-01,5.059552227362965615e-01,0.000000000000000000e+00,0.000000000000000000e+00,0.000000000000000000e+00,4.802552975137143743e-01,0.000000000000000000e+00,0.000000000000000000e+00,0.000000000000000000e+00,0.000000000000000000e+00,0.000000000000000000e+00,0.000000000000000000e+00,0.000000000000000000e+00,0.000000000000000000e+00,5.587469962404356671e-01,4.755571443144595012e-01,0.000000000000000000e+00,4.871641683686669944e-01,0.000000000000000000e+00,4.713354167976290254e-01,4.990007020111891234e-01,5.065822136322110092e-01,5.371745453870834242e-01,0.000000000000000000e+00,5.029604365279147782e-01,5.542356346365593378e-01,5.125768659617683243e-01,0.000000000000000000e+00,4.748942769119087193e-01,0.000000000000000000e+00,4.611096862076191072e-01
0.000000000000000000e+00,0.000000000000000000e+00,0.000000000000000000e+00,4.827397989541786227e-01,4.879709145426534000e-01,4.222673314682087176e-01,5.313914114204385530e-01,5.742862586074404252e-01,3.381230231404754871e-01,0.000000000000000000e+00,4.562483001042347275e-01,0.000000000000000000e+00,5.435151699126249403e-01,5.395843352103458779e-01,0.000000000000000000e+00,0.000000000000000000e+00,0.000000000000000000e+00,0.000000000000000000e+00,3.469076338211953825e-01,0.000000000000000000e+00,0.000000000000000000e+00,5.083043852880256841e-01,4.602384599555073841e-01,0.000000000000000000e+00,4.354815840506636726e-01,0.000000000000000000e+00,3.924308233745348873e-01,5.465660751165823950e-01,5.033799756137992132e-01,0.000000000000000000e+00,5.420967857419652924e-01,5.242813754233109913e-01,0.000000000000000000e+00,5.461781330682595748e-01,5.391069661978915573e-01,5.128613654668443544e-01,5.227349416713478192e-01,0.000000000000000000e+00,5.774863918100934246e-01,0.000000000000000000e+00,0.000000000000000000e+00,0.000000000000000000e+00,5.671193997645850304e-01,0.000000000000000000e+00,0.000000000000000000e+00,0.000000000000000000e+00,0.000000000000000000e+00,6.667053897497789983e-01,0.000000000000000000e+00,6.176491723647696830e-01,6.351617752221669910e-01,6.313076808724557010e-01,6.214093970066730810e-01,6.713582154475133956e-01,0.000000000000000000e+00,5.992901409909888732e-01,0.000000000000000000e+00,6.259427964153947421e-01,5.732663426942489204e-01,0.000000000000000000e+00,0.000000000000000000e+00,0.000000000000000000e+00,0.000000000000000000e+00,6.477073756850924013e-01,0.000000000000000000e+00,0.000000000000000000e+00,0.000000000000000000e+00,6.494273902117820851e-01,0.000000000000000000e+00,0.000000000000000000e+00,0.000000000000000000e+00,6.434881386624599076e-01,0.000000000000000000e+00,0.000000000000000000e+00,0.000000000000000000e+00,5.903538935025873791e-01
0.000000000000000000e+00,0.000000000000000000e+00,4.827397989541786227e-01,0.000000000000000000e+00,2.595627553913719132e-01,4.921810044693641917e-01,2.900839082330584073e-01,0.000000000000000000e+00,4.997978549639386925e-01,2.048839062767766062e-01,4.863757416764281083e-01,0.000000000000000000e+00,3.433956346986378749e-01,2.327072748936871993e-01,0.000000000000000000e+00,0.000000000000000000e+00,0.000000000000000000e+00,0.000000000000000000e+00,5.250683636897063300e-01,4.925772743990851077e-01,0.000000000000000000e+00,4.930724833054513923e-01,4.668352143040581104e-01,0.000000000000000000e+00,0.000000000000000000e+00,0.000000000000000000e+00,4.819360276906660134e-01,2.879575275682679791e-01,4.268358193524561806e-01,0.000000000000000000e+00,0.000000000000000000e+00,3.042867398048471062e-01,0.000000000000000000e+00,3.271581291856642815e-01,3.201097295292860134e-01,1.946999808904766871e-01,1.943742491461089017e-01,2.296647429466248114e-01,0.000000000000000000e+00,0.000000000000000000e+00,0.000000000000000000e+00,0.000000000000000000e+00,0.000000000000000000e+00,0.000000000000000000e+00,0.000000000000000000e+00,0.000000000000000000e+00,0.000000000000000000e+00,0.000000000000000000e+00,0.000000000000000000e+00,0.000000000000000000e+00,0.000000000000000000e+00,0.000000000000000000e+00,0.000000000000000000e+00,0.000000000000000000e+00,0.000000000000000000e+00,0.000000000000000000e+00,0.000000000000000000e+00,0.000000000000000000e+00,0.000000000000000000e+00,0.000000000000000000e+00,0.000000000000000000e+00,0.000000000000000000e+00,0.000000000000000000e+00,0.000000000000000000e+00,0.000000000000000000e+00,0.000000000000000000e+00,0.000000000000000000e+00,0.000000000000000000e+00,0.000000000000000000e+00,0.000000000000000000e+00,0.000000000000000000e+00,0.000000000000000000e+00,0.000000000000000000e+00,0.000000000000000000e+00,0.000000000000000000e+00,0.000000000000000000e+00
0.000000000000000000e+00,0.000000000000000000e+00,4.879709145426534000e-01,2.595627553913719132e-01,0.000000000000000000e+00,4.995488855256304817e-01,4.045937137964227270e-01,4.870654569145292934e-01,4.228077197047667157e-01,4.723880864355086140e-01,4.074247427878393002e-01,4.304406642913817804e-01,4.341035620271846973e-01,3.160129799125602212e-01,0.000000000000000000e+00,0.000000000000000000e+00,5.119077106573851621e-01,0.000000000000000000e+00,5.027157891632327846e-01,4.857029897219600767e-01,0.000000000000000000e+00,4.920015786060412122e-01,4.998505331479348168e-01,4.836472127657988063e-01,4.719380859746827861e-01,4.933708913222077941e-01,5.083923137047476892e-01,3.562138169747425809e-01,4.997778278529773077e-01,0.000000000000000000e+00,5.122797676587586002e-01,3.951564431068677052e-01,4.861533812191725090e-01,4.930132520811251751e-01,4.975061186182472839e-01,2.540936264283035206e-01,2.395133370340795098e-01,4.212986559856302105e-01,4.264134360802591117e-01,0.000000000000000000e+00,0.000000000000000000e+00,0.000000000000000000e+00,4.360477581187222063e-01,0.000000000000000000e+00,0.000000000000000000e+00,0.000000000000000000e+00,0.000000000000000000e+00,6.027011363445698988e-01,0.000000000000000000e+00,0.000000000000000000e+00,5.267295837402343750e-01,0.000000000000000000e+00,6.130596607400828901e-01,5.701222804301693259e-01,0.000000000000000000e+00,4.738288716109039234e-01,0.000000000000000000e+00,0.000000000000000000e+00,4.773962484028542175e-01,0.000000000000000000e+00,0.000000000000000000e+00,0.000000000000000000e+00,0.000000000000000000e+00,5.429603943570320279e-01,0.000000000000000000e+00,0.000000000000000000e+00,0.000000000000000000e+00,5.894816574635337592e-01,0.000000000000000000e+00,0.000000000000000000e+00,0.000000000000000000e+00,5.602861179215486986e-01,0.000000000000000000e+00,0.000000000000000000e+00,0.000000000000000000e+00,0.000000000000000000e+00
0.000000000000000000e+00,4.512013755968677930e-01,4.222673314682087176e-01,4.921810044693641917e-01,4.995488855256304817e-01,0.000000000000000000e+00,5.082667437019060541e-01,5.123631834067527979e-01,4.313432761966772833e-01,5.141341214649733926e-01,4.982541260288195217e-01,0.000000000000000000e+00,4.742865241178331748e-01,5.027932507716335042e-01,4.777200740261796086e-01,4.821123659377599124e-01,3.981848527984722108e-01,4.539639629565226930e-01,4.935097223139959244e-01,4.685042842673329822e-01,5.147909310536504801e-01,4.769009739230116729e-01,5.074493310246100952e-01,0.000000000000000000e+00,4.221265207916413131e-01,4.896981591186991833e-01,4.595546778736995241e-01,4.857937522080186254e-01,4.515229153936579087e-01,4.913956491200743848e-01,4.967436423189893757e-01,4.912135110215923861e-01,4.415247420933490208e-01,4.942419027927469899e-01,4.990857227812867114e-01,5.169257013176826732e-01,5.114275819221667518e-01,0.000000000000000000e+00,5.551611624593755234e-01,0.000000000000000000e+00,5.770854751552700890e-01,6.010506347238434577e-01,5.372617322531336725e-01,0.000000000000000000e+00,0.000000000000000000e+00,0.000000000000000000e+00,0.000000000000000000e+00,6.347846861416884812e-01,0.000000000000000000e+00,5.921145291944358569e-01,5.974144322401325757e-01,6.024278204856043928e-01,5.518144117489264255e-01,6.369562006261391129e-01,0.000000000000000000e+00,5.854008548339844076e-01,0.000000000000000000e+00,5.914905444025392312e-01,0.000000000000000000e+00,5.175354643186176329e-01,0.000000000000000000e+00,0.000000000000000000e+00,0.000000000000000000e+00,6.205018032419621354e-01,5.482679729853118245e-01,0.000000000000000000e+00,4.972976339196371054e-01,6.026259064942337540e-01,0.000000000000000000e+00,0.000000000000000000e+00,5.199365602736882863e-01,5.964976963821487788e-01,5.856198201934526004e-01,5.653123803196172803e-01,5.767167341000892788e-01,5.894274287274932078e-01
0.000000000000000000e+00,4.975513944295855140e-01,5.313914114204385530e-01,2.900839082330584073e-01,4.045937137964227270e-01,5.082667437019060541e-01,0.000000000000000000e+00,5.114169183890306947e-01,5.022264735350796538e-01,4.357393961588511000e-01,5.352610959736581187e-01,3.883707509079086240e-01,4.048762460148622733e-01,4.463503180513133106e-01,0.000000000000000000e+00,5.256391377761898687e-01,4.774173810260475270e-01,5.042282712604750916e-01,5.509773177977504988e-01,5.098830304738890540e-01,0.000000000000000000e+00,5.269736049830177071e-01,5.255953481528076177e-01,4.363385395231099140e-01,4.635688359206159848e-01,4.678891042251533960e-01,5.249061628886325659e-01,3.883342200290301194e-01,5.209564777249511280e-01,0.000000000000000000e+00,4.760111181484449894e-01,4.644312670769414897e-01,4.300074327589932799e-01,4.428332077908804787e-01,4.278231692402614805e-01,3.552709239856013945e-01,3.079736846506662129e-01,4.094221623792212994e-01,4.397537415024359020e-01,0.000000000000000000e+00,0.000000000000000000e+00,0.000000000000000000e+00,4.705975791422553067e-01,0.000000000000000000e+00,0.000000000000000000e+00,0.000000000000000000e+00,0.000000000000000000e+00,6.172436598888256798e-01,0.000000000000000000e+00,0.000000000000000000e+00,5.901978624019128539e-01,0.000000000000000000e+00,5.519078988683929765e-01,6.200778716551031966e-01,0.000000000000000000e+00,4.920579006315343173e-01,0.000000000000000000e+00,0.000000000000000000e+00,0.000000000000000000e+00,0.000000000000000000e+00,0.000000000000000000e+00,0.000000000000000000e+00,0.000000000000000000e+00,0.000000000000000000e+00,0.000000000000000000e+00,0.000000000000000000e+00,0.000000000000000000e+00,6.012273892342756554e-01,0.000000000000000000e+00,0.000000000000000000e+00,5.124545891444182155e-01,5.924917098421216277e-01,0.000000000000000000e+00,0.000000000000000000e+00,0.000000000000000000e+00,0.000000000000000000e+00
5.382310284760937202e-01,5.284426162592821274e-01,5.742862586074404252e-01,0.000000000000000000e+00,4.870654569145292934e-01,5.123631834067527979e-01,5.114169183890306947e-01,0.000000000000000000e+00,5.957678880208815420e-01,5.383228725504682899e-01,4.397116483261820918e-01,0.000000000000000000e+00,5.208195159984232436e-01,3.946475932509890261e-01,5.092151027273259523e-01,5.295734057126907368e-01,0.000000000000000000e+00,5.382599179459348626e-01,5.486029280633317740e-01,4.896943028279576726e-01,4.847730932357038891e-01,0.000000000000000000e+00,4.748442775092461821e-01,5.503988631153461375e-01,5.274219573163220209e-01,5.346624728283463357e-01,5.459658927380933724e-01,5.148126169290796472e-01,4.860466917315254265e-01,5.026291491828165370e-01,5.119633960200075107e-01,3.113266987811365016e-01,5.313373513287270589e-01,5.029636935645610540e-01,5.274902593276269425e-01,2.810318029023772812e-01,0.000000000000000000e+00,0.000000000000000000e+00,4.784319941282000888e-01,0.000000000000000000e+00,5.670325835950408289e-01,6.014709761344552152e-01,4.023280336522588874e-01,0.000000000000000000e+00,0.000000000000000000e+00,0.000000000000000000e+00,0.000000000000000000e+00,5.997056168075658444e-01,0.000000000000000000e+00,5.077174593712519002e-01,5.703809419255951862e-01,5.734090265026640099e-01,4.531133444764179896e-01,6.089745729328160939e-01,0.000000000000000000e+00,4.601274573596160766e-01,0.000000000000000000e+00,5.721588040262093333e-01,4.434862492780476950e-01,5.918738715076000689e-01,0.000000000000000000e+00,0.000000000000000000e+00,0.000000000000000000e+00,5.651551345413834415e-01,5.860482080363513813e-01,5.052491842373604269e-01,0.000000000000000000e+00,5.615076743169824525e-01,0.000000000000000000e+00,0.000000000000000000e+00,0.000000000000000000e+00,5.852825809063904039e-01,5.654681488912141063e-01,5.320897359943778104e-01,0.000000000000000000e+00,5.939714662324002692e-01
0.000000000000000000e+00,4.523894757761172114e-01,3.381230231404754871e-01,4.997978549639386925e-01,4.228077197047667157e-01,4.313432761966772833e-01,5.022264735350796538e-01,5.957678880208815420e-01,0.000000000000000000e+00,5.306732129648973340e-01,3.706651628855063829e-01,5.125941470136561318e-01,4.521127055845187148e-01,5.508533664225032656e-01,0.000000000000000000e+00,4.901243841528851175e-01,0.000000000000000000e+00,4.735629943834214761e-01,3.553533179304417811e-01,4.710562270864688816e-01,0.000000000000000000e+00,4.817279000020596169e-01,5.321328523558304102e-01,5.264497014552401710e-01,4.322007466720652058e-01,0.000000000000000000e+00,4.131293571804819931e-01,5.505868442760210035e-01,4.838590842435487871e-01,5.556356040603903645e-01,5.596918380760070866e-01,5.322695469081829556e-01,5.225408178791803859e-01,5.523196097145710581e-01,5.553756809389552851e-01,5.239455650414416299e-01,5.267773109584537039e-01,5.144810349775308378e-01,5.564048315971248382e-01,0.000000000000000000e+00,0.000000000000000000e+00,0.000000000000000000e+00,5.738062834866588524e-01,0.000000000000000000e+00,0.000000000000000000e+00,0.000000000000000000e+00,0.000000000000000000e+00,6.712173696631581477e-01,0.000000000000000000e+00,6.061800690079243159e-01,6.258652943404499069e-01,6.415151568243000479e-01,6.292034790685848700e-01,6.797641143366033312e-01,0.000000000000000000e+00,6.085566526834182977e-01,0.000000000000000000e+00,6.537993141064859515e-01,5.819388946612409352e-01,0.000000000000000000e+00,0.000000000000000000e+00,0.000000000000000000e+00,0.000000000000000000e+00,6.555915329605886965e-01,0.000000000000000000e+00,0.000000000000000000e+00,0.000000000000000000e+00,6.506157031946309122e-01,0.000000000000000000e+00,0.000000000000000000e+00,0.000000000000000000e+00,6.415301454550669247e-01,0.000000000000000000e+00,0.000000000000000000e+00,0.000000000000000000e+00,0.000000000000000000e+00
4.756025466244965250e-01,0.000000000000000000e+00,0.000000000000000000e+00,2.048839062767766062e-01,4.723880864355086140e-01,5.141341214649733926e-01,4.357393961588511000e-01,5.383228725504682899e-01,5.306732129648973340e-01,0.000000000000000000e+00,5.296821128876486595e-01,3.424874694059102942e-01,4.707575196303466214e-01,1.948816791254616987e-01,0.000000000000000000e+00,0.000000000000000000e+00,4.023914957848305773e-01,4.181183680529271807e-01,5.470428969804899122e-01,0.000000000000000000e+00,5.265676987413200338e-01,3.865235779438366825e-01,5.224544289445172129e-01,4.139997674080793111e-01,4.301180776347526824e-01,4.505529241415461850e-01,5.481271339126666531e-01,4.374743216507808730e-01,0.000000000000000000e+00,0.000000000000000000e+00,3.655074404592241200e-01,3.825639245473212990e-01,3.641867693923964144e-01,3.027505884358053234e-01,3.316510979084233979e-01,3.376073989378094997e-01,2.523498623648122163e-01,2.834358144657400103e-01,3.291851829937785801e-01,3.584302474419658879e-01,3.884372046851977123e-01,4.167385995388031006e-01,0.000000000000000000e+00,0.000000000000000000e+00,3.435951651158504760e-01,5.130922303913868499e-01,0.000000000000000000e+00,0.000000000000000000e+00,0.000000000000000000e+00,0.000000000000000000e+00,0.000000000000000000e+00,0.000000000000000000e+00,0.000000000000000000e+00,0.000000000000000000e+00,5.063519232419745331e-01,0.000000000000000000e+00,5.170846410946362548e-01,4.841466505481086813e-01,0.000000000000000000e+00,0.000000000000000000e+00,4.327423453447872270e-01,5.122587728030645327e-01,4.915349391221799924e-01,0.000000000000000000e+00,0.000000000000000000e+00,0.000000000000000000e+00,4.178711589201143939e-01,0.000000000000000000e+00,5.813683197220974597e-01,5.108036133786219013e-01,5.493178635256097397e-01,0.000000000000000000e+00,4.474336835225714015e-01,0.000000000000000000e+00,0.000000000000000000e+00,4.683508054138326160e-01
0.000000000000000000e+00,0.000000000000000000e+00,4.562483001042347275e-01,4.863757416764281083e-01,4.074247427878393002e-01,4.982541260288195217e-01,5.352610959736581187e-01,4.397116483261820918e-01,3.706651628855063829e-01,5.296821128876486595e-01,0.000000000000000000e+00,0.000000000000000000e+00,5.544317581367995684e-01,3.447099560920847128e-01,0.000000000000000000e+00,0.000000000000000000e+00,0.000000000000000000e+00,0.000000000000000000e+00,3.685846886368907005e-01,0.000000000000000000e+00,0.000000000000000000e+00,0.000000000000000000e+00,3.826618523645443082e-01,5.358642645009383809e-01,5.223203059955661143e-01,5.087636427815144247e-01,4.888026713696486114e-01,5.546559382249410808e-01,5.619943188858506078e-01,0.000000000000000000e+00,5.649783613424665951e-01,4.740648504588095835e-01,5.071481881590511609e-01,5.440923955054660643e-01,5.270891297149652432e-01,3.679751095401638805e-01,5.162945192440688835e-01,5.136354647774804549e-01,4.559306854937215103e-01,0.000000000000000000e+00,0.000000000000000000e+00,0.000000000000000000e+00,4.582985760868211744e-01,0.000000000000000000e+00,0.000000000000000000e+00,0.000000000000000000e+00,0.000000000000000000e+00,5.726471084740570872e-01,0.000000000000000000e+00,4.985180376123752866e-01,5.806269731642866860e-01,5.758386194543898551e-01,5.077036206752097991e-01,5.983442811324096722e-01,0.000000000000000000e+00,4.109089017201856819e-01,0.000000000000000000e+00,5.636798506733788905e-01,4.879754929273413255e-01,0.000000000000000000e+00,0.000000000000000000e+00,0.000000000000000000e+00,0.000000000000000000e+00,2.925380416042985821e-01,0.000000000000000000e+00,0.000000000000000000e+00,0.000000000000000000e+00,5.870207449157497370e-01,0.000000000000000000e+00,0.000000000000000000e+00,0.000000000000000000e+00,5.871335666901497108e-01,6.173895678910887863e-01,0.000000000000000000e+00,0.000000000000000000e+00,0.000000000000000000e+00
4.469798977706285759e-01,0.000000000000000000e+00,0.000000000000000000e+00,0.000000000000000000e+00,4.304406642913817804e-01,0.000000000000000000e+00,3.883707509079086240e-01,0.000000000000000000e+00,5.125941470136561318e-01,3.424874694059102942e-01,0.000000000000000000e+00,0.000000000000000000e+00,4.376593749132161038e-01,0.000000000000000000e+00,0.000000000000000000e+00,0.000000000000000000e+00,4.478109532837157847e-01,0.000000000000000000e+00,0.000000000000000000e+00,0.000000000000000000e+00,5.069517183155626272e-01,0.000000000000000000e+00,0.000000000000000000e+00,3.551165662000170253e-01,4.368679799474247116e-01,3.823105152208152169e-01,0.000000000000000000e+00,3.865083814078785762e-01,0.000000000000000000e+00,0.000000000000000000e+00,3.292935432179968092e-01,2.937618015902340174e-01,2.901503115271835131e-01,1.922836378708910887e-01,2.094639015672624949e-01,3.452607880720022226e-01,3.036476582602419261e-01,2.126864584750771947e-01,2.945242030675114253e-01,3.557829076253016809e-01,3.940605179488758103e-01,3.064226210117340088e-01,0.000000000000000000e+00,0.000000000000000000e+00,3.956020973297237897e-01,0.000000000000000000e+00,0.000000000000000000e+00,0.000000000000000000e+00,0.000000000000000000e+00,0.000000000000000000e+00,0.000000000000000000e+00,0.000000000000000000e+00,0.000000000000000000e+00,0.000000000000000000e+00,5.076797558626702234e-01,0.000000000000000000e+00,5.156695590523908690e-01,0.000000000000000000e+00,0.000000000000000000e+00,0.000000000000000000e+00,0.000000000000000000e+00,5.145748129472001997e-01,4.976716049438763001e-01,0.000000000000000000e+00,0.000000000000000000e+00,0.000000000000000000e+00,4.485286020346633262e-01,0.000000000000000000e+00,5.753119443536013344e-01,5.178268092233961895e-01,5.557101139048179483e-01,0.000000000000000000e+00,0.000000000000000000e+00,0.000000000000000000e+00,0.000000000000000000e+00,4.589483541501158115e-01
0.000000000000000000e+00,5.072861300703718213e-01,5.435151699126249403e-01,3.433956346986378749e-01,4.341035620271846973e-01,4.742865241178331748e-01,4.048762460148622733e-01,5.208195159984232436e-01,4.521127055845187148e-01,4.707575196303466214e-01,5.544317581367995684e-01,4.376593749132161038e-01,0.000000000000000000e+00,4.448760636782981837e-01,5.217599581329136482e-01,5.333941893531678469e-01,5.023865196437724556e-01,5.141148208214848525e-01,5.599895741924971748e-01,5.105609469401664047e-01,5.193425252231230749e-01,5.325993852152323127e-01,5.250762579925467577e-01,4.643171777372612219e-01,4.722671471138141230e-01,4.849370155297135776e-01,5.303113431484177687e-01,4.286208566612100812e-01,5.027729146853616715e-01,4.356426085621322164e-01,4.847871354413649247e-01,4.712391521449085241e-01,4.565111228940931243e-01,4.598434618754574932e-01,4.528680706002123912e-01,3.827404673482711073e-01,3.600904556598121808e-01,4.210645323496430836e-01,4.332430979227628876e-01,0.000000000000000000e+00,0.000000000000000000e+00,0.000000000000000000e+00,0.000000000000000000e+00,0.000000000000000000e+00,0.000000000000000000e+00,0.000000000000000000e+00,0.000000000000000000e+00,6.296523625818999381e-01,0.000000000000000000e+00,0.000000000000000000e+00,5.852010022120819333e-01,6.010095822328894721e-01,5.465056562862657952e-01,0.000000000000000000e+00,4.859299049771680923e-01,5.020870077746840687e-01,0.000000000000000000e+00,0.000000000000000000e+00,0.000000000000000000e+00,6.028287402578964560e-01,0.000000000000000000e+00,0.000000000000000000e+00,0.000000000000000000e+00,0.000000000000000000e+00,5.871100170613632319e-01,0.000000000000000000e+00,0.000000000000000000e+00,5.906416146752552221e-01,5.183638275063923162e-01,0.000000000000000000e+00,5.220013843651210017e-01,5.835322012250573342e-01,0.000000000000000000e+00,5.624113988139112230e-01,0.000000000000000000e+00,5.846292736542828550e-01
0.000000000000000000e+00,0.000000000000000000e+00,5.395843352103458779e-01,2.327072748936871993e-01,3.160129799125602212e-01,5.027932507716335042e-01,4.463503180513133106e-01,3.946475932509890261e-01,5.508533664225032656e-01,1.948816791254616987e-01,3.447099560920847128e-01,0.000000000000000000e+00,4.448760636782981837e-01,0.000000000000000000e+00,0.000000000000000000e+00,0.000000000000000000e+00,0.000000000000000000e+00,0.000000000000000000e+00,5.065793813395117473e-01,0.000000000000000000e+00,0.000000000000000000e+00,0.000000000000000000e+00,4.700504206431717069e-01,0.000000000000000000e+00,0.000000000000000000e+00,0.000000000000000000e+00,5.280159438197453703e-01,2.771394718232310095e-01,0.000000000000000000e+00,0.000000000000000000e+00,0.000000000000000000e+00,2.669389790500795168e-01,4.767443537712097168e-01,4.495827169244404065e-01,0.000000000000000000e+00,2.226916734612416071e-01,1.761394536523560039e-01,0.000000000000000000e+00,4.066368843358326157e-01,0.000000000000000000e+00,0.000000000000000000e+00,0.000000000000000000e+00,4.204975410903004085e-01,0.000000000000000000e+00,0.000000000000000000e+00,0.000000000000000000e+00,0.000000000000000000e+00,5.830244313877002149e-01,0.000000000000000000e+00,4.290619181912421753e-01,5.097970428881454241e-01,5.324920885528285908e-01,0.000000000000000000e+00,5.854768054446713998e-01,0.000000000000000000e+00,4.749121933655274796e-01,0.000000000000000000e+00,0.000000000000000000e+00,4.555345563574729750e-01,0.000000000000000000e+00,0.000000000000000000e+00,0.000000000000000000e+00,0.000000000000000000e+00,5.339296719367658817e-01,0.000000000000000000e+00,0.000000000000000000e+00,0.000000000000000000e+00,5.373530935798503938e-01,0.000000000000000000e+00,0.000000000000000000e+00,0.000000000000000000e+00,5.611076696804003783e-01,0.000000000000000000e+00,0.000000000000000000e+00,0.000000000000000000e+00,0.000000000000000000e+00
4.279062191221608136e-01,4.806696281995795905e-01,0.000000000000000000e+00,0.000000000000000000e+00,0.000000000000000000e+00,4.777200740261796086e-01,0.000000000000000000e+00,5.092151027273259523e-01,0.000000000000000000e+00,0.000000000000000000e+00,0.000000000000000000e+00,0.000000000000000000e+00,5.217599581329136482e-01,0.000000000000000000e+00,0.000000000000000000e+00,4.774933154470665242e-01,0.000000000000000000e+00,4.667789005625805898e-01,0.000000000000000000e+00,4.358934365146827083e-01,4.854254852219693217e-01,4.389164100306359173e-01,4.648616381752189164e-01,4.875402936705773849e-01,4.605282948334020743e-01,4.679065568868555069e-01,4.989250260078941790e-01,5.065357449347485108e-01,4.867528566516057809e-01,5.167630147375031902e-01,4.752206786869110910e-01,4.816135960491231827e-01,4.768952001614726877e-01,4.936530748517605205e-01,5.264271528840706038e-01,5.554046856681926769e-01,5.372771024703979492e-01,0.000000000000000000e+00,5.462957046283059004e-01,5.567785272582198575e-01,5.629362390329951671e-01,5.882262193968853525e-01,4.357191141899123266e-01,0.000000000000000000e+00,0.000000000000000000e+00,0.000000000000000000e+00,5.569408142563186948e-01,0.000000000000000000e+00,0.000000000000000000e+00,0.000000000000000000e+00,5.276363474919544272e-01,0.000000000000000000e+00,0.000000000000000000e+00,0.000000000000000000e+00,0.000000000000000000e+00,0.000000000000000000e+00,0.000000000000000000e+00,0.000000000000000000e+00,0.000000000000000000e+00,5.988231656335032405e-01,0.000000000000000000e+00,0.000000000000000000e+00,0.000000000000000000e+00,0.000000000000000000e+00,5.606053246278617230e-01,5.613622032487066704e-01,5.856616537202818940e-01,5.762415145589899756e-01,0.000000000000000000e+00,0.000000000000000000e+00,6.107161396283848909e-01,5.803386587186257772e-01,5.809996955806933094e-01,5.395673148085288195e-01,0.000000000000000000e+00,5.722333389386966562e-01
4.641131389356379922e-01,4.559538546082648747e-01,0.000000000000000000e+00,0.000000000000000000e+00,0.000000000000000000e+00,4.821123659377599124e-01,5.256391377761898687e-01,5.295734057126907368e-01,4.901243841528851175e-01,0.000000000000000000e+00,0.000000000000000000e+00,0.000000000000000000e+00,5.333941893531678469e-01,0.000000000000000000e+00,4.774933154470665242e-01,0.000000000000000000e+00,4.767253251999440944e-01,4.150733404076596966e-01,0.000000000000000000e+00,5.004226446335966472e-01,4.628227460771994761e-01,4.530518692301562234e-01,5.017795735833385784e-01,0.000000000000000000e+00,4.755217299379100870e-01,4.719012921815090023e-01,5.169369151936702433e-01,5.286266585976509003e-01,5.126528129539434930e-01,5.316894866939543274e-01,4.399464792955046222e-01,4.573508003317259818e-01,4.137474250962893119e-01,4.414221061946981273e-01,4.800670169945860932e-01,0.000000000000000000e+00,0.000000000000000000e+00,0.000000000000000000e+00,4.576321563969283912e-01,4.203242934464553882e-01,4.587661332830427763e-01,4.814268816813255247e-01,0.000000000000000000e+00,0.000000000000000000e+00,0.000000000000000000e+00,5.313277079364348010e-01,5.083010775625635969e-01,0.000000000000000000e+00,0.000000000000000000e+00,0.000000000000000000e+00,0.000000000000000000e+00,0.000000000000000000e+00,0.000000000000000000e+00,0.000000000000000000e+00,0.000000000000000000e+00,0.000000000000000000e+00,0.000000000000000000e+00,0.000000000000000000e+00,0.000000000000000000e+00,5.407005160875134608e-01,4.782298875863261189e-01,0.000000000000000000e+00,4.731204784460997792e-01,0.000000000000000000e+00,5.317800845403490850e-01,5.031666261718172883e-01,4.992573228597724233e-01,5.564154565981678235e-01,0.000000000000000000e+00,5.028989727595772896e-01,5.426956244321833323e-01,5.509349782588882638e-01,0.000000000000000000e+00,4.673567637733678781e-01,0.000000000000000000e+00,4.546300703664816201e-01
4.317399076463624974e-01,4.202443721945943733e-01,0.000000000000000000e+00,0.000000000000000000e+00,5.119077106573851621e-01,3.981848527984722108e-01,4.774173810260475270e-01,0.000000000000000000e+00,0.000000000000000000e+00,4.023914957848305773e-01,0.000000000000000000e+00,4.478109532837157847e-01,5.023865196437724556e-01,0.000000000000000000e+00,0.000000000000000000e+00,4.767253251999440944e-01,0.000000000000000000e+00,3.600531605618038089e-01,0.000000000000000000e+00,4.546135739245845131e-01,0.000000000000000000e+00,4.421007758034877777e-01,0.000000000000000000e+00,4.438808392443496786e-01,4.207319984122043222e-01,4.432436801455955089e-01,0.000000000000000000e+00,4.799157977409153064e-01,0.000000000000000000e+00,0.000000000000000000e+00,4.178436144994258084e-01,4.439222856175432108e-01,4.152136440167127907e-01,3.997098201478853086e-01,4.097377675569250921e-01,5.008438815367206587e-01,0.000000000000000000e+00,3.661592924333357812e-01,4.251444853629225973e-01,3.710815294171410095e-01,0.000000000000000000e+00,0.000000000000000000e+00,0.000000000000000000e+00,0.000000000000000000e+00,0.000000000000000000e+00,0.000000000000000000e+00,4.593968207292308259e-01,0.000000000000000000e+00,0.000000000000000000e+00,0.000000000000000000e+00,0.000000000000000000e+00,0.000000000000000000e+00,0.000000000000000000e+00,0.000000000000000000e+00,5.045839314825409927e-01,0.000000000000000000e+00,5.481534243767451908e-01,0.000000000000000000e+00,0.000000000000000000e+00,0.000000000000000000e+00,4.404075337788728728e-01,4.669591511699279773e-01,4.608234021598939800e-01,0.000000000000000000e+00,0.000000000000000000e+00,0.000000000000000000e+00,0.000000000000000000e+00,0.000000000000000000e+00,5.555059219510846136e-01,4.738884577755382854e-01,5.227407241269368399e-01,0.000000000000000000e+00,0.000000000000000000e+00,0.000000000000000000e+00,0.000000000000000000e+00,4.566344335010948940e-01
4.687366959542960121e-01,4.686953458242026915e-01,0.000000000000000000e+00,0.000000000000000000e+00,0.000000000000000000e+00,4.539639629565226930e-01,5.042282712604750916e-01,5.382599179459348626e-01,4.735629943834214761e-01,4.181183680529271807e-01,0.000000000000000000e+00,0.000000000000000000e+00,5.141148208214848525e-01,0.000000000000000000e+00,4.667789005625805898e-01,4.150733404076596966e-01,3.600531605618038089e-01,0.000000000000000000e+00,0.000000000000000000e+00,4.836021003847398858e-01,4.631987963420983734e-01,4.692809318700040810e-01,4.796828021885167215e-01,4.659475929337016931e-01,4.416346474187894944e-01,4.661171699002509827e-01,4.968179533249668101e-01,5.155540402381130205e-01,4.842523988790646272e-01,0.000000000000000000e+00,4.358528277210175772e-01,4.440123103778795266e-01,4.130528796153558058e-01,4.186197348151202147e-01,4.423103259867230963e-01,0.000000000000000000e+00,0.000000000000000000e+00,0.000000000000000000e+00,4.297280238735602942e-01,3.949260783424773935e-01,4.314181921300676015e-01,4.718338019411140727e-01,0.000000000000000000e+00,0.000000000000000000e+00,0.000000000000000000e+00,5.113366648001151926e-01,5.027645241233386075e-01,0.000000000000000000e+00,0.000000000000000000e+00,0.000000000000000000e+00,0.000000000000000000e+00,0.000000000000000000e+00,0.000000000000000000e+00,0.000000000000000000e+00,4.179915328415556020e-01,0.000000000000000000e+00,0.000000000000000000e+00,0.000000000000000000e+00,0.000000000000000000e+00,5.200320780585198088e-01,4.673070467709173892e-01,4.249000109598877750e-01,4.458839742736562806e-01,0.000000000000000000e+00,0.000000000000000000e+00,4.792036035283112061e-01,4.685460196190697202e-01,0.000000000000000000e+00,5.147238796808988326e-01,4.709229191980605078e-01,5.073072514097738406e-01,0.000000000000000000e+00,0.000000000000000000e+00,0.000000000000000000e+00,0.000000000000000000e+00,4.422516828515177245e-01
0.000000000000000000e+00,0.000000000000000000e+00,3.469076338211953825e-01,5.250683636897063300e-01,5.027157891632327846e-01,4.935097223139959244e-01,5.509773177977504988e-01,5.486029280633317740e-01,3.553533179304417811e-01,5.470428969804899122e-01,3.685846886368907005e-01,0.000000000000000000e+00,5.599895741924971748e-01,5.065793813395117473e-01,0.000000000000000000e+00,0.000000000000000000e+00,0.000000000000000000e+00,0.000000000000000000e+00,0.000000000000000000e+00,0.000000000000000000e+00,0.000000000000000000e+00,0.000000000000000000e+00,4.688118050623122923e-01,0.000000000000000000e+00,0.000000000000000000e+00,0.000000000000000000e+00,4.397163282062401812e-01,5.544826272584136850e-01,0.000000000000000000e+00,0.000000000000000000e+00,5.591873923852653805e-01,5.280227959376153635e-01,5.394164898923846652e-01,5.470433826723614112e-01,5.424005028120613137e-01,4.994511313166655198e-01,5.292876741567195120e-01,5.178305740750474007e-01,5.187410978882022183e-01,0.000000000000000000e+00,0.000000000000000000e+00,0.000000000000000000e+00,5.232353991794418402e-01,0.000000000000000000e+00,0.000000000000000000e+00,0.000000000000000000e+00,0.000000000000000000e+00,6.613314082656815973e-01,0.000000000000000000e+00,6.130932194802919399e-01,6.254361459314672356e-01,6.390134070538346922e-01,6.460530019046486494e-01,6.662900620575868960e-01,0.000000000000000000e+00,5.570539982721457450e-01,0.000000000000000000e+00,6.392792482645702767e-01,5.552690610911006353e-01,0.000000000000000000e+00,0.000000000000000000e+00,0.000000000000000000e+00,0.000000000000000000e+00,6.304035247021904098e-01,0.000000000000000000e+00,0.000000000000000000e+00,0.000000000000000000e+00,6.405476573422888009e-01,0.000000000000000000e+00,0.000000000000000000e+00,0.000000000000000000e+00,6.465695775626704167e-01,0.000000000000000000e+00,0.000000000000000000e+00,0.000000000000000000e+00,0.000000000000000000e+00
4.943538754886092068e-01,4.891589958823974182e-01,0.000000000000000000e+00,4.925772743990851077e-01,4.857029897219600767e-01,4.685042842673329822e-01,5.098830304738890540e-01,4.896943028279576726e-01,4.710562270864688816e-01,0.000000000000000000e+00,0.000000000000000000e+00,0.000000000000000000e+00,5.105609469401664047e-01,0.000000000000000000e+00,4.358934365146827083e-01,5.004226446335966472e-01,4.546135739245845131e-01,4.836021003847398858e-01,0.000000000000000000e+00,0.000000000000000000e+00,5.119883643986484767e-01,4.531970762890901172e-01,4.109131301794614055e-01,0.000000000000000000e+00,4.744940816645112913e-01,5.285516015591009698e-01,4.595680146561231250e-01,4.759089445007553820e-01,3.977101117058360891e-01,4.373029430124933947e-01,4.662275363940316941e-01,4.903939055271415159e-01,4.496762148232977818e-01,5.058550358614444242e-01,5.282336520157741022e-01,0.000000000000000000e+00,0.000000000000000000e+00,0.000000000000000000e+00,5.440436421565481018e-01,5.378349553713944742e-01,5.469708680809987067e-01,5.847652826252386360e-01,5.227305423864412326e-01,0.000000000000000000e+00,0.000000000000000000e+00,0.000000000000000000e+00,5.175631575056612865e-01,0.000000000000000000e+00,0.000000000000000000e+00,0.000000000000000000e+00,5.529971117052695506e-01,0.000000000000000000e+00,5.764649332822667782e-01,0.000000000000000000e+00,0.000000000000000000e+00,0.000000000000000000e+00,0.000000000000000000e+00,5.640206391083818493e-01,0.000000000000000000e+00,5.646269282106123333e-01,0.000000000000000000e+00,0.000000000000000000e+00,0.000000000000000000e+00,0.000000000000000000e+00,5.649621762737196962e-01,5.537795836274252981e-01,5.505244768225447949e-01,5.820750230033192585e-01,0.000000000000000000e+00,0.000000000000000000e+00,5.695530895909525215e-01,5.769212515900062899e-01,5.746046287144811471e-01,5.430137059736965810e-01,5.672875509109802650e-01,5.614147976991574751e-01
4.353503474772357773e-01,4.343993773029478089e-01,0.000000000000000000e+00,0.000000000000000000e+00,0.000000000000000000e+00,5.147909310536504801e-01,0.000000000000000000e+00,4.847730932357038891e-01,0.000000000000000000e+00,5.265676987413200338e-01,0.000000000000000000e+00,5.069517183155626272e-01,5.193425252231230749e-01,0.000000000000000000e+00,4.854254852219693217e-01,4.628227460771994761e-01,0.000000000000000000e+00,4.631987963420983734e-01,0.000000000000000000e+00,5.119883643986484767e-01,0.000000000000000000e+00,5.148928213044593472e-01,4.900509216044430794e-01,5.165366880974762154e-01,4.656459948378560143e-01,4.649816056679557108e-01,5.248684462374815229e-01,5.237960974992640351e-01,4.729306530699244893e-01,5.162552990072175607e-01,4.482900350178753990e-01,4.527269172396025110e-01,4.569941082056805937e-01,4.502408185476939884e-01,5.288741400375750468e-01,0.000000000000000000e+00,0.000000000000000000e+00,4.960091366226013765e-01,5.143197827416552403e-01,5.048451146915822196e-01,5.463422310865920783e-01,5.775964123124233129e-01,0.000000000000000000e+00,0.000000000000000000e+00,0.000000000000000000e+00,4.370039287922771187e-01,5.561491142444362490e-01,0.000000000000000000e+00,0.000000000000000000e+00,0.000000000000000000e+00,5.494542457515083633e-01,0.000000000000000000e+00,4.719485045071757923e-01,0.000000000000000000e+00,0.000000000000000000e+00,0.000000000000000000e+00,0.000000000000000000e+00,5.662060203720905571e-01,0.000000000000000000e+00,5.763768768871722070e-01,5.265349317001078999e-01,0.000000000000000000e+00,0.000000000000000000e+00,0.000000000000000000e+00,5.660487251502296369e-01,4.394817158590179074e-01,5.616636723078461957e-01,5.542918209901310789e-01,0.000000000000000000e+00,5.077975716866144351e-01,5.735988019989616271e-01,5.874523706647417631e-01,5.723530492063565456e-01,5.295964748341709383e-01,0.000000000000000000e+00,5.708842965898937027e-01
