1.000000000000000000e+00,2.246000000000000080e-02,1.664920000000000011e-01,6.131600000000000245e-02,1.934659999999999991e-01,-1.449469999999999925e-01,4.907099999999999657e-02,8.676399999999999391e-02,1.270550000000000013e-01,2.586399999999999810e-01,2.063270000000000104e-01,-1.467169999999999863e-01,-2.329539999999999944e-01,-5.796500000000000263e-02,2.037100000000000022e-01,5.380890000000000395e-01,8.052399999999999836e-02,2.596289999999999987e-01,2.551519999999999899e-01,2.698329999999999895e-01,3.119190000000000018e-01,2.504950000000000232e-01,1.496329999999999882e-01,1.705359999999999931e-01,4.546149999999999913e-01,2.301709999999999867e-01,1.182769999999999933e-01,2.155640000000000056e-01,3.739700000000000246e-01,2.165900000000000047e-01,3.474510000000000098e-01,7.107700000000000129e-02,2.750360000000000027e-01,1.353139999999999898e-01,5.749999999999999903e-03,-2.703200000000000047e-02,-2.720000000000000195e-03,-1.828999999999999897e-03,2.572699999999999987e-02,1.682859999999999912e-01,1.128099999999999936e-02,-6.966500000000000470e-02,-1.124099999999999960e-01,-1.159670000000000006e-01,2.486210000000000087e-01,6.460979999999999501e-01,1.436610000000000109e-01,1.135720000000000063e-01,4.930999999999999966e-02,1.127329999999999999e-01,-8.910400000000000265e-02,1.994400000000000062e-01,1.827300000000000105e-02,1.901180000000000092e-01,1.617500000000000049e-01,1.361390000000000100e-01,-1.658799999999999997e-01,-3.507600000000000301e-02,-4.444900000000000240e-02,9.047700000000000187e-02,2.278600000000000070e-01,1.307929999999999926e-01,3.389679999999999915e-01,2.570830000000000060e-01,1.253060000000000007e-01,3.389920000000000155e-01,2.325760000000000050e-01,9.741400000000000059e-02,9.409399999999999709e-02,3.328599999999999892e-01,8.397499999999999409e-02,1.045009999999999967e-01,1.105619999999999936e-01,3.971350000000000158e-01,1.039979999999999932e-01,2.853550000000000253e-01
2.246000000000000080e-02,1.000000000000000000e+00,2.136419999999999986e-01,1.379039999999999988e-01,1.098380000000000051e-01,6.243870000000000253e-01,-1.986399999999999971e-02,3.340620000000000256e-01,-5.590799999999999936e-02,1.973870000000000069e-01,7.378099999999999936e-02,3.554280000000000217e-01,6.056280000000000552e-01,-5.787099999999999883e-02,3.857349999999999945e-01,1.493790000000000118e-01,2.563070000000000070e-01,4.672069999999999834e-01,1.190269999999999939e-01,3.625959999999999739e-01,1.009250000000000008e-01,4.992570000000000063e-01,3.691530000000000089e-01,8.185900000000000121e-02,3.800279999999999769e-01,3.927080000000000015e-01,4.480669999999999931e-01,4.097640000000000171e-01,1.422140000000000071e-01,1.442500000000000032e-02,-1.333199999999999941e-01,-3.365900000000000142e-02,-2.068770000000000053e-01,-2.312210000000000099e-01,-3.247380000000000266e-01,3.519479999999999831e-01,2.755509999999999904e-01,-1.044839999999999935e-01,-3.461700000000000194e-02,-1.319730000000000070e-01,1.585360000000000102e-01,-2.556329999999999991e-01,2.262500000000000067e-01,2.303640000000000132e-01,-5.036800000000000305e-02,-9.844999999999999585e-03,6.048289999999999500e-01,3.041749999999999732e-01,1.719100000000000072e-01,-2.497340000000000115e-01,5.863450000000000051e-01,-9.346599999999999353e-02,3.221430000000000127e-01,1.373409999999999909e-01,3.814150000000000040e-01,1.923799999999999955e-01,7.112899999999999778e-02,3.673799999999999844e-01,-2.015079999999999927e-01,4.735619999999999830e-01,9.786499999999999366e-02,2.947179999999999800e-01,-1.193130000000000024e-01,2.167379999999999862e-01,5.522749999999999604e-01,1.453260000000000107e-01,4.262909999999999755e-01,3.885879999999999890e-01,-7.938000000000000611e-03,-1.090400000000000050e-02,1.921599999999999975e-01,4.630190000000000139e-01,3.157220000000000026e-01,2.179750000000000021e-01,3.915790000000000104e-01,-7.860699999999999632e-02
1.664920000000000011e-01,2.136419999999999986e-01,1.000000000000000000e+00,2.928910000000000124e-01,3.448220000000000174e-01,3.708279999999999910e-01,1.987829999999999875e-01,3.945520000000000138e-01,3.101320000000000188e-01,1.296710000000000085e-01,4.583889999999999909e-01,9.309000000000000608e-02,1.894319999999999893e-01,1.262459999999999971e-01,3.388109999999999733e-01,8.062099999999999822e-02,1.157279999999999975e-01,8.101500000000000368e-02,6.571850000000000191e-01,3.809960000000000013e-01,2.302369999999999972e-01,2.945679999999999965e-01,3.640789999999999860e-01,-9.090000000000000857e-03,2.533730000000000149e-01,8.961000000000000215e-03,2.789989999999999970e-01,2.858430000000000137e-01,2.697479999999999878e-01,2.609409999999999785e-01,1.199390000000000039e-01,2.221300000000000011e-02,-3.315300000000000191e-02,2.243420000000000136e-01,-2.165699999999999917e-02,2.662149999999999794e-01,6.991500000000000492e-02,-4.480999999999999740e-03,1.195200000000000082e-02,-9.982099999999999307e-02,6.386500000000000510e-02,-1.555940000000000101e-01,-4.729900000000000077e-02,-7.356899999999999551e-02,9.486999999999999600e-02,1.003030000000000033e-01,3.628359999999999919e-01,7.189459999999999740e-01,2.263830000000000009e-01,1.053820000000000034e-01,2.906320000000000014e-01,1.752869999999999984e-01,3.649000000000000021e-01,3.874540000000000206e-01,3.316250000000000031e-01,3.227300000000000169e-01,-2.559600000000000070e-02,1.852399999999999880e-01,-4.756599999999999717e-02,3.564329999999999998e-01,1.050399999999999945e-01,7.214700000000000280e-02,5.997000000000000247e-02,5.523639999999999661e-01,2.704949999999999855e-01,2.876790000000000180e-01,3.444829999999999837e-01,3.268570000000000086e-01,-7.916399999999999826e-02,1.542000000000000037e-01,4.716999999999999839e-03,2.173990000000000089e-01,5.473700000000000093e-02,1.527070000000000094e-01,1.180599999999999983e-01,-8.398600000000000509e-02
6.131600000000000245e-02,1.379039999999999988e-01,2.928910000000000124e-01,1.000000000000000000e+00,3.276339999999999808e-01,3.939429999999999876e-01,1.517540000000000000e-01,5.526389999999999914e-01,-8.602300000000000224e-02,-2.747450000000000170e-01,1.227069999999999966e-01,-1.730460000000000054e-01,-4.864799999999999680e-02,6.953900000000000359e-02,5.668029999999999458e-01,-7.818000000000000296e-03,-1.413500000000000034e-01,1.136299999999999984e-02,3.795239999999999725e-01,5.576489999999999503e-01,4.643349999999999977e-01,3.648520000000000096e-01,6.040320000000000134e-01,-4.243100000000000205e-01,6.516099999999999670e-02,-3.996449999999999725e-01,5.170169999999999488e-01,4.612280000000000268e-01,5.043269999999999698e-01,3.663359999999999950e-01,-2.545950000000000157e-01,-4.700389999999999846e-01,-3.003190000000000026e-01,2.867999999999999994e-01,-4.355829999999999980e-01,4.291429999999999967e-01,2.601120000000000099e-01,-5.383449999999999624e-01,-5.768750000000000266e-01,-5.404449999999999532e-01,2.862759999999999749e-01,-6.258799999999999919e-01,-3.597989999999999799e-01,-1.582709999999999950e-01,-2.608920000000000128e-01,8.648400000000000531e-02,2.905400000000000205e-01,5.880090000000000039e-01,5.716879999999999740e-01,-3.827070000000000194e-01,4.265189999999999815e-01,-1.479070000000000107e-01,4.516160000000000174e-01,8.268300000000000649e-02,-3.831000000000000204e-03,8.189899999999999958e-02,-4.993739999999999846e-01,-3.951219999999999732e-01,-4.815189999999999748e-01,4.897900000000000031e-01,-1.341060000000000030e-01,-3.713919999999999999e-01,-2.027609999999999968e-01,5.514369999999999550e-01,1.902310000000000112e-01,6.057979999999999476e-01,2.002909999999999968e-01,6.362160000000000037e-01,-4.619249999999999745e-01,-3.307829999999999937e-01,-5.463959999999999928e-01,4.935620000000000007e-01,-4.100909999999999833e-01,1.992160000000000042e-01,1.278100000000000069e-01,-5.462679999999999758e-01
1.934659999999999991e-01,1.098380000000000051e-01,3.448220000000000174e-01,3.276339999999999808e-01,1.000000000000000000e+00,2.454169999999999963e-01,5.866120000000000223e-01,2.610199999999999743e-01,5.801549999999999763e-01,2.707410000000000094e-01,5.118129999999999624e-01,2.296000000000000124e-02,2.327289999999999914e-01,3.735140000000000127e-01,2.521820000000000173e-01,2.364479999999999915e-01,1.826089999999999935e-01,1.104679999999999968e-01,3.595320000000000182e-01,4.877360000000000029e-01,2.977480000000000127e-01,4.199289999999999967e-01,2.757149999999999879e-01,-1.191610000000000030e-01,2.331249999999999989e-01,-9.454700000000000604e-02,3.770330000000000070e-01,4.659860000000000113e-01,5.235680000000000334e-01,3.358949999999999991e-01,2.602229999999999821e-01,1.466300000000000069e-02,-2.538100000000000078e-02,3.104779999999999762e-01,6.204000000000000313e-03,2.405490000000000128e-01,3.038560000000000150e-01,-1.163919999999999955e-01,1.753100000000000144e-02,-9.383400000000000074e-02,1.029479999999999978e-01,-1.232810000000000017e-01,1.196839999999999987e-01,1.736769999999999980e-01,1.840899999999999828e-02,2.031479999999999952e-01,3.612980000000000080e-01,3.576030000000000042e-01,2.478680000000000050e-01,3.578160000000000229e-01,1.639839999999999909e-01,4.524059999999999748e-01,2.202689999999999926e-01,5.661249999999999893e-01,4.519119999999999804e-01,4.506399999999999850e-01,-1.092240000000000016e-01,2.066330000000000111e-01,1.570300000000000029e-01,2.509219999999999784e-01,1.834699999999999942e-01,1.018069999999999947e-01,1.894589999999999885e-01,3.962970000000000104e-01,2.397729999999999861e-01,3.984699999999999909e-01,4.988369999999999749e-01,2.578259999999999996e-01,-1.929629999999999956e-01,3.837940000000000240e-01,-4.540799999999999698e-02,3.254239999999999911e-01,8.554599999999999704e-02,2.913049999999999806e-01,9.171600000000000585e-02,5.407999999999999613e-03
-1.449469999999999925e-01,6.243870000000000253e-01,3.708279999999999910e-01,3.939429999999999876e-01,2.454169999999999963e-01,1.000000000000000000e+00,-3.392200000000000076e-02,5.689389999999999725e-01,7.106999999999999602e-03,-7.809499999999999775e-02,1.919839999999999880e-01,2.175479999999999914e-01,4.794419999999999793e-01,-1.909599999999999839e-02,4.920149999999999801e-01,-1.546260000000000134e-01,5.617300000000000071e-02,2.525140000000000162e-01,2.383790000000000076e-01,3.838199999999999945e-01,3.242630000000000234e-01,3.244360000000000022e-01,6.549329999999999874e-01,-9.600699999999999512e-02,2.625990000000000268e-01,7.468299999999999939e-02,5.860079999999999734e-01,3.175560000000000049e-01,2.348770000000000024e-01,1.061300000000000021e-01,-3.892959999999999754e-01,-2.613789999999999725e-01,-3.452760000000000273e-01,-1.193219999999999975e-01,-3.842260000000000120e-01,3.421000000000000152e-01,2.327529999999999877e-01,-2.631319999999999770e-01,-2.648329999999999851e-01,-3.304279999999999995e-01,2.025649999999999951e-01,-4.393179999999999863e-01,-5.523900000000000338e-02,-4.265499999999999847e-02,-1.296039999999999970e-01,-1.236089999999999967e-01,4.733680000000000110e-01,5.080780000000000296e-01,3.054930000000000145e-01,-1.988290000000000057e-01,7.492079999999999851e-01,-6.590300000000000324e-02,5.854719999999999924e-01,2.932549999999999879e-01,1.767179999999999862e-01,2.655549999999999855e-01,-1.158730000000000038e-01,1.400750000000000051e-01,-3.123710000000000098e-01,5.536259999999999515e-01,-1.618539999999999979e-01,1.898899999999999894e-02,-2.618210000000000259e-01,3.213380000000000125e-01,3.793869999999999743e-01,3.440949999999999842e-01,2.083810000000000107e-01,6.440420000000000034e-01,-1.541800000000000115e-01,-2.271749999999999881e-01,-1.169599999999999945e-01,5.658050000000000024e-01,3.102000000000000157e-03,1.272810000000000052e-01,2.439630000000000132e-01,-3.719379999999999908e-01
4.907099999999999657e-02,-1.986399999999999971e-02,1.987829999999999875e-01,1.517540000000000000e-01,5.866120000000000223e-01,-3.392200000000000076e-02,1.000000000000000000e+00,1.731860000000000066e-01,4.770289999999999808e-01,4.166579999999999728e-01,2.532710000000000239e-01,-2.221499999999999864e-02,3.599379999999999802e-01,5.483149999999999968e-01,-1.161269999999999941e-01,5.139799999999999924e-02,2.320270000000000110e-01,-2.294539999999999913e-01,2.891770000000000174e-01,3.331669999999999909e-01,2.943140000000000200e-01,2.483299999999999952e-01,1.169720000000000065e-01,-3.114799999999999791e-01,-1.478329999999999922e-01,-2.292299999999999893e-01,-4.912600000000000300e-02,1.072929999999999995e-01,4.215809999999999835e-01,2.233249999999999957e-01,3.482500000000000040e-01,4.661900000000000072e-02,1.487489999999999923e-01,5.739140000000000352e-01,2.529109999999999969e-01,2.025760000000000061e-01,2.373959999999999959e-01,-5.268199999999999966e-02,-2.546599999999999905e-02,5.285100000000000214e-02,2.323570000000000080e-01,-5.712099999999999816e-02,8.980799999999999894e-02,1.585799999999999987e-01,-9.779799999999999605e-02,-1.189859999999999945e-01,1.079679999999999945e-01,1.531879999999999908e-01,2.570779999999999732e-01,3.738159999999999816e-01,-2.122549999999999992e-01,5.656240000000000157e-01,1.522890000000000077e-01,2.572840000000000127e-01,5.873380000000000267e-01,1.461270000000000069e-01,2.324700000000000030e-02,7.598799999999999999e-02,3.964679999999999871e-01,-5.518999999999999601e-03,1.715969999999999995e-01,-9.982599999999999807e-02,-9.085100000000000120e-02,3.332849999999999979e-01,-8.057000000000000273e-02,2.592889999999999917e-01,2.528719999999999857e-01,5.180200000000000082e-02,-3.371000000000000107e-01,2.603170000000000206e-01,-4.288600000000000051e-02,-1.099969999999999976e-01,-2.407360000000000055e-01,-9.282600000000000573e-02,-3.638199999999999767e-01,-1.954660000000000009e-01
8.676399999999999391e-02,3.340620000000000256e-01,3.945520000000000138e-01,5.526389999999999914e-01,2.610199999999999743e-01,5.689389999999999725e-01,1.731860000000000066e-01,1.000000000000000000e+00,1.503499999999999975e-02,6.810599999999999987e-02,1.990210000000000035e-01,4.882700000000000234e-02,2.126220000000000054e-01,2.383939999999999948e-01,5.120080000000000187e-01,-1.136640000000000011e-01,1.317129999999999967e-01,2.263899999999999940e-02,4.279049999999999798e-01,5.324790000000000356e-01,6.806710000000000260e-01,4.215740000000000043e-01,8.055719999999999548e-01,-2.137580000000000036e-01,9.331499999999999517e-02,-8.539900000000000269e-02,5.053990000000000427e-01,3.252740000000000076e-01,3.643910000000000204e-01,2.471849999999999881e-01,-1.740470000000000073e-01,-1.365730000000000000e-01,-1.461139999999999939e-01,2.513489999999999891e-01,-2.409360000000000113e-01,3.184179999999999788e-01,2.360599999999999921e-01,-3.011210000000000275e-01,-3.120999999999999885e-01,-3.248139999999999916e-01,3.277129999999999765e-01,-4.959060000000000135e-01,-2.039219999999999922e-01,-1.575320000000000054e-01,-1.429650000000000087e-01,4.713300000000000128e-02,3.358900000000000219e-01,5.495839999999999614e-01,4.473840000000000039e-01,-1.624929999999999986e-01,5.084549999999999903e-01,8.619599999999999485e-02,8.127569999999999517e-01,2.919479999999999853e-01,2.996019999999999794e-01,2.040279999999999871e-01,-2.655779999999999808e-01,-4.082899999999999724e-02,-2.008070000000000133e-01,5.428809999999999469e-01,-2.877599999999999950e-02,-2.451139999999999985e-01,-3.814679999999999738e-01,5.228410000000000002e-01,3.216470000000000162e-01,6.284910000000000219e-01,3.297519999999999896e-01,7.147459999999999924e-01,-3.282459999999999822e-01,-2.487119999999999886e-01,-2.073069999999999913e-01,4.934459999999999957e-01,-2.628469999999999973e-01,1.431209999999999982e-01,2.967600000000000099e-02,-4.891880000000000117e-01
1.270550000000000013e-01,-5.590799999999999936e-02,3.101320000000000188e-01,-8.602300000000000224e-02,5.801549999999999763e-01,7.106999999999999602e-03,4.770289999999999808e-01,1.503499999999999975e-02,1.000000000000000000e+00,3.615630000000000233e-01,6.839520000000000044e-01,1.083080000000000015e-01,2.112549999999999983e-01,1.832310000000000050e-01,-7.808700000000000363e-02,2.156939999999999968e-01,1.218950000000000033e-01,-2.556100000000000039e-02,2.629230000000000178e-01,1.487259999999999971e-01,7.299100000000000033e-02,1.039709999999999940e-01,-9.729999999999999760e-02,1.139249999999999985e-01,7.665800000000000392e-02,3.763899999999999885e-02,1.878370000000000040e-01,4.362400000000000305e-02,1.581930000000000003e-01,1.354049999999999976e-01,3.584760000000000169e-01,3.014749999999999930e-01,2.541430000000000078e-01,2.195680000000000132e-01,2.585740000000000260e-01,-1.672369999999999968e-01,-8.346299999999999553e-02,2.892950000000000244e-01,3.060550000000000215e-01,3.483809999999999962e-01,-1.000339999999999979e-01,1.852669999999999872e-01,1.741369999999999862e-01,1.446510000000000018e-01,2.255689999999999917e-01,1.506319999999999881e-01,4.945900000000000296e-02,6.299200000000000632e-02,-4.679500000000000326e-02,6.394339999999999469e-01,-1.762120000000000075e-01,5.670359999999999845e-01,-4.165100000000000052e-02,8.191889999999999450e-01,4.195940000000000225e-01,6.665659999999999918e-01,2.333719999999999961e-01,3.529499999999999860e-01,4.129439999999999777e-01,-1.047899999999999943e-01,2.038020000000000109e-01,1.645030000000000103e-01,1.820799999999999919e-01,1.087489999999999984e-01,5.242100000000000232e-02,7.148200000000000387e-02,2.607519999999999838e-01,-1.564589999999999870e-01,1.115160000000000040e-01,4.625139999999999807e-01,1.737200000000000133e-01,6.651400000000000368e-02,2.352869999999999961e-01,1.275090000000000112e-01,-3.484399999999999997e-02,3.771909999999999985e-01
2.586399999999999810e-01,1.973870000000000069e-01,1.296710000000000085e-01,-2.747450000000000170e-01,2.707410000000000094e-01,-7.809499999999999775e-02,4.166579999999999728e-01,6.810599999999999987e-02,3.615630000000000233e-01,1.000000000000000000e+00,2.004950000000000065e-01,3.779919999999999947e-01,2.654059999999999753e-01,2.349759999999999904e-01,-1.090079999999999938e-01,3.421190000000000064e-01,7.006390000000000118e-01,3.020900000000000252e-01,1.865050000000000041e-01,7.567699999999999427e-02,2.155060000000000031e-01,1.271049999999999958e-01,-8.589600000000000013e-02,3.982330000000000036e-01,3.084410000000000207e-01,3.890529999999999822e-01,-7.440399999999999792e-02,1.547139999999999904e-01,1.232319999999999943e-01,-1.159110000000000001e-01,5.055760000000000254e-01,4.733740000000000170e-01,4.435540000000000038e-01,2.309440000000000104e-01,4.165170000000000261e-01,-2.388600000000000098e-02,1.452549999999999952e-01,3.993749999999999800e-01,4.104010000000000158e-01,4.102049999999999863e-01,-4.500900000000000040e-02,2.706729999999999969e-01,3.423519999999999897e-01,1.904420000000000002e-01,3.306950000000000167e-01,1.062250000000000000e-01,9.886599999999999555e-02,-1.761100000000000165e-02,-4.315499999999999892e-02,3.494829999999999881e-01,-1.726010000000000044e-01,4.488940000000000152e-01,-9.020000000000000240e-03,2.701509999999999745e-01,6.304300000000000459e-01,2.517909999999999870e-01,3.519669999999999743e-01,4.639739999999999975e-01,4.432039999999999869e-01,-5.499300000000000022e-02,1.716119999999999868e-01,5.552620000000000333e-01,2.786620000000000208e-01,1.358580000000000065e-01,5.545100000000000029e-02,6.332599999999999341e-02,2.716560000000000086e-01,-1.792670000000000097e-01,2.599369999999999736e-01,5.174950000000000383e-01,4.354810000000000070e-01,-1.012850000000000000e-01,3.145089999999999830e-01,1.033049999999999941e-01,-8.412899999999999545e-02,3.538399999999999879e-01
2.063270000000000104e-01,7.378099999999999936e-02,4.583889999999999909e-01,1.227069999999999966e-01,5.118129999999999624e-01,1.919839999999999880e-01,2.532710000000000239e-01,1.990210000000000035e-01,6.839520000000000044e-01,2.004950000000000065e-01,1.000000000000000000e+00,1.632470000000000032e-01,2.109939999999999871e-01,1.764090000000000102e-01,1.848899999999999988e-01,1.728790000000000049e-01,1.007829999999999976e-01,4.957799999999999707e-02,3.919579999999999731e-01,2.868220000000000214e-01,1.655020000000000102e-01,2.154929999999999901e-01,1.361660000000000093e-01,1.090070000000000067e-01,1.680790000000000062e-01,3.999999999999999819e-06,2.919039999999999968e-01,2.487250000000000016e-01,1.955159999999999954e-01,2.164949999999999930e-01,2.033719999999999972e-01,1.423000000000000098e-01,4.063400000000000345e-02,1.891579999999999928e-01,2.004600000000000132e-02,6.342599999999999627e-02,9.584000000000000505e-03,1.024250000000000022e-01,1.532709999999999906e-01,4.817300000000000054e-02,6.352700000000000014e-02,4.590000000000000330e-03,1.483490000000000086e-01,1.447839999999999960e-01,1.500549999999999939e-01,2.297609999999999930e-01,1.449660000000000115e-01,2.479210000000000025e-01,1.530380000000000074e-01,4.097720000000000251e-01,8.221499999999999642e-02,3.312700000000000089e-01,1.730949999999999989e-01,6.996350000000000069e-01,3.904070000000000040e-01,7.226179999999999826e-01,1.160629999999999995e-01,2.335389999999999966e-01,1.806359999999999910e-01,8.172599999999999310e-02,1.790140000000000065e-01,1.684299999999999964e-01,1.318449999999999900e-01,3.171619999999999995e-01,2.067209999999999881e-01,1.859319999999999862e-01,2.851960000000000051e-01,8.641100000000000170e-02,5.831700000000000078e-02,3.304119999999999835e-01,3.395700000000000107e-02,2.094769999999999965e-01,2.371459999999999957e-01,1.850799999999999945e-01,1.609190000000000065e-01,2.391429999999999945e-01
-1.467169999999999863e-01,3.554280000000000217e-01,9.309000000000000608e-02,-1.730460000000000054e-01,2.296000000000000124e-02,2.175479999999999914e-01,-2.221499999999999864e-02,4.882700000000000234e-02,1.083080000000000015e-01,3.779919999999999947e-01,1.632470000000000032e-01,1.000000000000000000e+00,3.992720000000000158e-01,-1.168300000000000068e-02,-1.066409999999999997e-01,-6.863600000000000256e-02,2.756640000000000201e-01,1.633680000000000132e-01,4.363899999999999724e-02,-1.541140000000000010e-01,-1.581559999999999910e-01,-7.749999999999999944e-02,-1.392460000000000087e-01,4.813859999999999806e-01,4.218199999999999728e-02,4.255999999999999783e-01,-1.260700000000000015e-02,6.471399999999999375e-02,-3.964579999999999771e-01,-2.757549999999999724e-01,1.185000000000000072e-03,2.682559999999999945e-01,1.808770000000000100e-01,-2.685509999999999842e-01,1.351390000000000091e-01,1.086100000000000086e-02,5.034700000000000286e-02,3.547440000000000038e-01,3.808900000000000063e-01,2.387650000000000050e-01,-6.392399999999999471e-02,2.914109999999999756e-01,4.068820000000000214e-01,2.098099999999999965e-01,1.982130000000000003e-01,-1.242010000000000058e-01,1.719599999999999948e-02,-7.371300000000000074e-02,-1.600709999999999911e-01,1.158000000000000002e-01,7.985599999999999643e-02,4.489499999999999741e-02,8.660900000000000543e-02,1.401519999999999988e-01,1.976950000000000096e-01,2.241670000000000051e-01,6.455950000000000299e-01,4.574650000000000105e-01,2.149320000000000119e-01,-5.532399999999999818e-02,-5.004600000000000021e-02,4.871360000000000134e-01,1.737100000000000102e-02,-1.088999999999999907e-03,1.624369999999999981e-01,-2.408520000000000105e-01,6.758699999999999430e-02,-1.894969999999999988e-01,4.172989999999999755e-01,5.227400000000000102e-02,4.018599999999999950e-01,-3.421500000000000236e-02,3.743340000000000001e-01,-2.177149999999999919e-01,1.473379999999999967e-01,2.625770000000000048e-01
-2.329539999999999944e-01,6.056280000000000552e-01,1.894319999999999893e-01,-4.864799999999999680e-02,2.327289999999999914e-01,4.794419999999999793e-01,3.599379999999999802e-01,2.126220000000000054e-01,2.112549999999999983e-01,2.654059999999999753e-01,2.109939999999999871e-01,3.992720000000000158e-01,1.000000000000000000e+00,2.121210000000000040e-01,4.492399999999999866e-02,-9.117999999999999716e-02,3.297610000000000263e-01,1.940580000000000083e-01,1.853960000000000052e-01,1.702190000000000092e-01,1.168899999999999974e-02,2.798740000000000117e-01,1.212909999999999960e-01,-6.414100000000000357e-02,-1.068090000000000012e-01,1.861369999999999969e-01,1.209689999999999932e-01,2.256529999999999925e-01,-6.819999999999999890e-04,-1.930199999999999971e-02,-9.939599999999999824e-02,6.048499999999999710e-02,-1.983979999999999910e-01,-5.549099999999999866e-02,-2.162800000000000139e-02,2.933939999999999881e-01,2.864309999999999912e-01,1.634999999999999952e-03,5.281600000000000183e-02,-3.850499999999999756e-02,2.645379999999999954e-01,-2.849199999999999997e-02,3.223969999999999891e-01,2.761199999999999766e-01,-8.586299999999999488e-02,-2.169619999999999882e-01,2.584060000000000246e-01,1.488730000000000053e-01,1.395049999999999901e-01,1.307280000000000109e-01,2.463940000000000019e-01,1.372079999999999966e-01,2.758510000000000129e-01,2.045869999999999911e-01,5.352240000000000331e-01,1.641589999999999994e-01,2.487090000000000134e-01,4.252040000000000264e-01,1.907530000000000059e-01,1.926549999999999929e-01,1.117299999999999960e-01,2.539839999999999876e-01,-2.842939999999999912e-01,1.590199999999999947e-01,2.569540000000000157e-01,-4.480200000000000154e-02,2.650089999999999946e-01,1.012939999999999952e-01,-1.533660000000000023e-01,-3.370900000000000285e-02,2.185199999999999920e-01,1.251110000000000000e-01,1.786490000000000022e-01,-1.243630000000000013e-01,6.164900000000000241e-02,-1.158259999999999984e-01
-5.796500000000000263e-02,-5.787099999999999883e-02,1.262459999999999971e-01,6.953900000000000359e-02,3.735140000000000127e-01,-1.909599999999999839e-02,5.483149999999999968e-01,2.383939999999999948e-01,1.832310000000000050e-01,2.349759999999999904e-01,1.764090000000000102e-01,-1.168300000000000068e-02,2.121210000000000040e-01,1.000000000000000000e+00,-1.056529999999999969e-01,-6.160500000000000004e-02,2.876619999999999733e-01,-1.685399999999999954e-01,1.807030000000000025e-01,2.387519999999999920e-01,1.439880000000000049e-01,1.724970000000000114e-01,1.328519999999999979e-01,-2.017390000000000017e-01,-1.902179999999999982e-01,-2.472779999999999978e-01,-2.035100000000000103e-02,1.323439999999999894e-01,2.159899999999999876e-01,1.955929999999999891e-01,3.039470000000000227e-01,1.462569999999999981e-01,1.965899999999999939e-02,4.611839999999999828e-01,2.465590000000000004e-01,2.838220000000000187e-01,3.587859999999999938e-01,-2.103500000000000161e-02,3.452299999999999813e-02,-1.039220000000000005e-01,3.289050000000000029e-01,-7.300900000000000445e-02,1.794240000000000002e-01,1.112149999999999944e-01,-9.674000000000000654e-02,-7.753500000000000669e-02,9.103600000000000581e-02,1.474310000000000065e-01,2.198829999999999951e-01,2.930130000000000234e-01,-2.993699999999999833e-02,3.991589999999999860e-01,3.221370000000000067e-01,9.922000000000000264e-02,4.277099999999999791e-01,6.356000000000000538e-02,-9.147000000000000616e-03,9.414599999999999358e-02,4.461200000000000165e-01,4.971400000000000124e-02,1.062980000000000036e-01,-1.288509999999999933e-01,-1.823279999999999901e-01,2.151919999999999944e-01,-1.178799999999999987e-02,1.443000000000000116e-01,2.344980000000000120e-01,1.095069999999999932e-01,-3.164250000000000118e-01,1.403959999999999930e-01,-2.739600000000000021e-02,-3.752999999999999826e-03,-1.851810000000000123e-01,-1.169609999999999955e-01,-2.955439999999999734e-01,-2.222760000000000014e-01
2.037100000000000022e-01,3.857349999999999945e-01,3.388109999999999733e-01,5.668029999999999458e-01,2.521820000000000173e-01,4.920149999999999801e-01,-1.161269999999999941e-01,5.120080000000000187e-01,-7.808700000000000363e-02,-1.090079999999999938e-01,1.848899999999999988e-01,-1.066409999999999997e-01,4.492399999999999866e-02,-1.056529999999999969e-01,1.000000000000000000e+00,1.129949999999999982e-01,-8.061899999999999622e-02,2.007089999999999985e-01,3.294849999999999723e-01,5.845860000000000500e-01,4.849669999999999814e-01,5.959609999999999630e-01,6.348960000000000159e-01,-2.160970000000000113e-01,3.334770000000000234e-01,-8.027499999999999913e-02,6.005200000000000538e-01,4.720480000000000231e-01,5.126249999999999973e-01,3.755519999999999969e-01,-2.734650000000000136e-01,-4.127750000000000030e-01,-2.671020000000000061e-01,4.475200000000000011e-02,-5.138800000000000034e-01,2.796989999999999754e-01,1.382240000000000135e-01,-4.741360000000000019e-01,-4.582720000000000127e-01,-4.284850000000000048e-01,2.266380000000000061e-01,-5.663099999999999801e-01,-2.555839999999999779e-01,-1.370319999999999871e-01,-1.474380000000000135e-01,3.090019999999999989e-01,3.573109999999999897e-01,5.397199999999999775e-01,3.883909999999999862e-01,-3.586889999999999801e-01,4.996340000000000225e-01,-1.464660000000000128e-01,3.765640000000000098e-01,1.653739999999999932e-01,1.198420000000000041e-01,1.383500000000000008e-01,-4.367420000000000191e-01,-1.904319999999999902e-01,-4.902050000000000018e-01,7.192749999999999977e-01,-9.563800000000000079e-02,-1.020689999999999931e-01,-1.005989999999999940e-01,4.227830000000000199e-01,3.643440000000000012e-01,5.800199999999999800e-01,3.760780000000000234e-01,6.228679999999999772e-01,-2.556499999999999884e-01,-1.954919999999999991e-01,-3.103009999999999935e-01,6.024469999999999548e-01,-9.341399999999999704e-02,3.856109999999999816e-01,2.911420000000000119e-01,-3.177320000000000144e-01
5.380890000000000395e-01,1.493790000000000118e-01,8.062099999999999822e-02,-7.818000000000000296e-03,2.364479999999999915e-01,-1.546260000000000134e-01,5.139799999999999924e-02,-1.136640000000000011e-01,2.156939999999999968e-01,3.421190000000000064e-01,1.728790000000000049e-01,-6.863600000000000256e-02,-9.117999999999999716e-02,-6.160500000000000004e-02,1.129949999999999982e-01,1.000000000000000000e+00,3.310429999999999762e-01,5.557609999999999495e-01,8.783599999999999741e-02,1.979809999999999903e-01,1.068029999999999952e-01,3.004379999999999828e-01,-9.393200000000000160e-02,3.126720000000000055e-01,5.735109999999999930e-01,2.870570000000000066e-01,8.185299999999999521e-02,2.577709999999999724e-01,3.250549999999999828e-01,9.543999999999999706e-02,5.549669999999999881e-01,2.283709999999999907e-01,3.489479999999999804e-01,1.072229999999999989e-01,1.019270000000000037e-01,3.506100000000000189e-02,1.381080000000000085e-01,1.892330000000000123e-01,2.639290000000000247e-01,2.451849999999999863e-01,-1.828400000000000164e-02,7.408900000000000208e-02,9.608200000000000074e-02,1.890360000000000096e-01,2.445259999999999934e-01,4.912880000000000025e-01,2.024849999999999983e-01,-9.752999999999999517e-03,9.588399999999999701e-02,1.398800000000000043e-01,-7.621999999999999609e-02,2.367039999999999977e-01,-1.952810000000000101e-01,1.715230000000000088e-01,2.489520000000000066e-01,2.194280000000000119e-01,-4.273199999999999915e-02,1.951400000000000079e-01,4.697799999999999893e-02,8.517999999999999530e-03,3.846890000000000032e-01,4.561910000000000132e-01,6.619500000000000384e-01,5.258000000000000174e-02,1.341269999999999962e-01,1.165560000000000068e-01,2.215769999999999962e-01,-8.959000000000000297e-02,1.703699999999999937e-01,5.058519999999999683e-01,2.120209999999999873e-01,5.267199999999999660e-02,3.216169999999999862e-01,3.831539999999999946e-01,2.255520000000000025e-01,4.326470000000000038e-01
8.052399999999999836e-02,2.563070000000000070e-01,1.157279999999999975e-01,-1.413500000000000034e-01,1.826089999999999935e-01,5.617300000000000071e-02,2.320270000000000110e-01,1.317129999999999967e-01,1.218950000000000033e-01,7.006390000000000118e-01,1.007829999999999976e-01,2.756640000000000201e-01,3.297610000000000263e-01,2.876619999999999733e-01,-8.061899999999999622e-02,3.310429999999999762e-01,1.000000000000000000e+00,4.999399999999999955e-01,2.259210000000000107e-01,8.432599999999999818e-02,1.785879999999999967e-01,1.395299999999999874e-01,-5.362399999999999806e-02,3.434869999999999868e-01,2.248819999999999986e-01,3.229259999999999908e-01,-2.095400000000000040e-02,3.506219999999999892e-01,5.075999999999999956e-02,-8.239499999999999602e-02,4.508940000000000170e-01,4.706029999999999935e-01,3.107139999999999902e-01,2.130390000000000061e-01,3.175979999999999914e-01,2.198539999999999939e-01,3.672400000000000109e-01,3.494309999999999916e-01,3.841970000000000107e-01,2.387620000000000020e-01,4.855399999999999994e-02,1.152630000000000043e-01,3.778179999999999872e-01,2.886079999999999757e-01,2.050750000000000073e-01,3.945999999999999855e-03,2.051800000000000013e-01,1.086099999999999982e-01,1.052700000000000025e-01,1.836450000000000027e-01,4.081499999999999712e-02,3.487910000000000177e-01,1.409620000000000040e-01,1.260840000000000016e-01,4.971659999999999968e-01,1.856810000000000127e-01,2.716700000000000226e-01,4.394680000000000253e-01,3.405779999999999919e-01,7.015000000000000402e-02,1.425450000000000050e-01,4.999569999999999848e-01,2.289380000000000026e-01,1.618779999999999941e-01,9.095799999999999719e-02,3.910700000000000287e-02,2.438569999999999904e-01,-5.508400000000000102e-02,1.460670000000000024e-01,3.439400000000000235e-01,3.697889999999999788e-01,1.131000000000000061e-03,2.788829999999999920e-01,4.006900000000000045e-02,6.519899999999999307e-02,2.045530000000000126e-01
2.596289999999999987e-01,4.672069999999999834e-01,8.101500000000000368e-02,1.136299999999999984e-02,1.104679999999999968e-01,2.525140000000000162e-01,-2.294539999999999913e-01,2.263899999999999940e-02,-2.556100000000000039e-02,3.020900000000000252e-01,4.957799999999999707e-02,1.633680000000000132e-01,1.940580000000000083e-01,-1.685399999999999954e-01,2.007089999999999985e-01,5.557609999999999495e-01,4.999399999999999955e-01,1.000000000000000000e+00,1.066720000000000029e-01,1.394410000000000094e-01,6.014100000000000001e-02,2.286660000000000081e-01,4.254399999999999848e-02,4.208850000000000091e-01,6.409610000000000030e-01,4.645349999999999757e-01,2.906859999999999999e-01,5.099989999999999801e-01,1.460200000000000109e-01,-1.231369999999999965e-01,1.535950000000000093e-01,2.142030000000000045e-01,1.191900000000000043e-01,-2.175290000000000001e-01,-1.299609999999999932e-01,2.570040000000000102e-01,3.220540000000000069e-01,1.022959999999999980e-01,2.146980000000000000e-01,7.685999999999999777e-02,-8.208100000000000118e-02,-8.487599999999999312e-02,2.525510000000000255e-01,2.672189999999999843e-01,1.777559999999999973e-01,3.301419999999999910e-01,3.888880000000000114e-01,1.249719999999999998e-01,1.245949999999999974e-01,-1.212580000000000047e-01,3.504369999999999985e-01,-4.370199999999999779e-02,6.360000000000000202e-03,1.428180000000000005e-01,1.185900000000000010e-01,2.331769999999999954e-01,4.304999999999999799e-02,3.505340000000000122e-01,-1.774679999999999869e-01,2.121609999999999885e-01,1.406439999999999912e-01,5.352500000000000036e-01,4.541299999999999781e-01,1.032480000000000064e-01,3.646670000000000189e-01,5.890100000000000197e-02,2.416459999999999997e-01,1.033639999999999975e-01,2.778840000000000199e-01,2.433750000000000080e-01,2.541979999999999795e-01,3.146140000000000048e-01,5.250839999999999952e-01,4.141889999999999739e-01,5.227899999999999769e-01,2.979390000000000094e-01
2.551519999999999899e-01,1.190269999999999939e-01,6.571850000000000191e-01,3.795239999999999725e-01,3.595320000000000182e-01,2.383790000000000076e-01,2.891770000000000174e-01,4.279049999999999798e-01,2.629230000000000178e-01,1.865050000000000041e-01,3.919579999999999731e-01,4.363899999999999724e-02,1.853960000000000052e-01,1.807030000000000025e-01,3.294849999999999723e-01,8.783599999999999741e-02,2.259210000000000107e-01,1.066720000000000029e-01,1.000000000000000000e+00,3.718449999999999811e-01,3.248699999999999921e-01,2.577670000000000239e-01,2.993239999999999790e-01,-6.268500000000000461e-02,8.494300000000000461e-02,-6.324799999999999867e-02,2.240530000000000022e-01,3.670720000000000094e-01,2.450519999999999921e-01,2.743399999999999728e-01,3.883700000000000346e-02,1.206899999999999987e-02,7.767699999999999605e-02,3.127139999999999920e-01,-2.243999999999999901e-03,2.137149999999999883e-01,1.504030000000000089e-01,-1.191159999999999997e-01,-5.869800000000000018e-02,-1.209520000000000040e-01,1.708520000000000039e-01,-2.575979999999999936e-01,-8.290400000000000547e-02,-5.128800000000000026e-02,5.126800000000000107e-02,1.299919999999999964e-01,2.666769999999999974e-01,5.963429999999999565e-01,3.029169999999999918e-01,4.585999999999999799e-03,1.675149999999999972e-01,1.537550000000000028e-01,3.991750000000000020e-01,3.302129999999999788e-01,3.168290000000000273e-01,2.155150000000000121e-01,-8.852599999999999358e-02,4.652200000000000085e-02,-4.614000000000000046e-02,2.756939999999999946e-01,-3.469999999999999994e-03,-1.167499999999999961e-02,-8.336499999999999466e-02,7.601630000000000331e-01,1.380059999999999898e-01,3.952979999999999827e-01,3.612989999999999813e-01,3.034399999999999875e-01,-1.149840000000000029e-01,3.707300000000000179e-02,-5.851800000000000057e-02,1.967270000000000130e-01,-3.954499999999999682e-02,1.402789999999999870e-01,2.862500000000000114e-02,-1.836579999999999879e-01
2.698329999999999895e-01,3.625959999999999739e-01,3.809960000000000013e-01,5.576489999999999503e-01,4.877360000000000029e-01,3.838199999999999945e-01,3.331669999999999909e-01,5.324790000000000356e-01,1.487259999999999971e-01,7.567699999999999427e-02,2.868220000000000214e-01,-1.541140000000000010e-01,1.702190000000000092e-01,2.387519999999999920e-01,5.845860000000000500e-01,1.979809999999999903e-01,8.432599999999999818e-02,1.394410000000000094e-01,3.718449999999999811e-01,1.000000000000000000e+00,5.063079999999999803e-01,7.636560000000000015e-01,6.591580000000000217e-01,-4.482030000000000181e-01,2.165040000000000020e-01,-3.047880000000000034e-01,6.586739999999999817e-01,5.122240000000000126e-01,7.437380000000000102e-01,5.055969999999999631e-01,2.019599999999999868e-02,-3.347379999999999800e-01,-3.019279999999999742e-01,2.586109999999999798e-01,-4.592180000000000151e-01,3.679950000000000165e-01,3.575389999999999957e-01,-4.916630000000000167e-01,-4.793049999999999811e-01,-4.527999999999999803e-01,2.726339999999999875e-01,-6.457270000000000509e-01,-1.563509999999999900e-01,8.280700000000000560e-02,-3.338800000000000101e-01,2.207850000000000090e-01,4.608470000000000066e-01,5.506649999999999601e-01,3.759910000000000196e-01,-1.980820000000000081e-01,4.453779999999999961e-01,2.032549999999999912e-01,4.873930000000000207e-01,3.422629999999999839e-01,4.453210000000000224e-01,2.335879999999999901e-01,-4.742919999999999914e-01,-3.047300000000000009e-02,-2.980470000000000064e-01,6.026880000000000015e-01,1.889699999999999991e-01,-1.165920000000000012e-01,-8.119099999999999928e-02,4.914600000000000080e-01,5.974479999999999791e-01,6.638370000000000104e-01,6.549519999999999786e-01,6.852479999999999682e-01,-4.871119999999999894e-01,-4.963299999999999657e-02,-4.035170000000000146e-01,6.401080000000000103e-01,-1.105180000000000051e-01,4.919680000000000164e-01,1.910689999999999888e-01,-3.184299999999999908e-01
