1.000000000000000000e+00,3.011849999999999805e-01,5.204500000000000098e-02,-1.625880000000000103e-01,-5.295899999999999913e-02,3.098159999999999803e-01,8.437999999999999320e-03,4.325849999999999973e-01,1.600600000000000078e-01,3.749460000000000015e-01,-8.142499999999999738e-02,3.133540000000000214e-01,1.862000000000000044e-01,-1.975870000000000126e-01,2.844630000000000214e-01,2.058860000000000134e-01,5.871300000000000407e-01,5.484400000000000386e-01,3.538499999999999979e-02,6.212700000000000167e-02,6.647140000000000271e-01,2.219099999999999961e-01,3.597779999999999867e-01,3.888659999999999894e-01,5.241919999999999913e-01,6.065949999999999953e-01,1.522890000000000077e-01,2.524660000000000237e-01,3.732579999999999787e-01,-6.331599999999999728e-02,7.197199999999999431e-02,3.862849999999999895e-01,3.507970000000000255e-01,1.478720000000000034e-01,-2.797009999999999774e-01,-2.030790000000000095e-01,2.031099999999999919e-02,1.873060000000000003e-01,3.651010000000000089e-01,4.276479999999999726e-01,3.844600000000000101e-02,-3.206660000000000066e-01,-9.989900000000000169e-02,1.266300000000000064e-02,2.561869999999999981e-01,8.084820000000000340e-01,3.957640000000000047e-01,2.111400000000000082e-02,2.463950000000000029e-01,-1.030000000000000100e-03,4.133029999999999760e-01,1.142419999999999963e-01,3.717099999999999849e-01,2.050599999999999923e-01,4.892670000000000075e-01,-4.930000000000000354e-03,3.648310000000000164e-01,5.091869999999999452e-01,-1.325639999999999874e-01,4.840389999999999970e-01,4.308489999999999820e-01,5.312799999999999745e-01,5.020219999999999683e-01,9.686000000000000165e-03,3.446629999999999971e-01,5.862450000000000161e-01,4.848319999999999852e-01,4.051750000000000074e-01,3.706050000000000177e-01,5.122970000000000024e-01,6.266620000000000523e-01,3.019279999999999742e-01,4.714189999999999769e-01,5.226420000000000510e-01,2.902799999999999825e-01,4.248899999999999899e-01
3.011849999999999805e-01,1.000000000000000000e+00,3.277630000000000265e-01,-1.480899999999999925e-02,6.511899999999999633e-02,5.789919999999999511e-01,2.711459999999999981e-01,3.964809999999999723e-01,2.240949999999999886e-01,5.734489999999999865e-01,1.639359999999999984e-01,4.779680000000000040e-01,2.527619999999999867e-01,-1.315520000000000023e-01,2.024080000000000046e-01,3.480929999999999858e-01,6.032440000000000024e-01,7.223249999999999948e-01,3.030030000000000223e-01,1.754519999999999968e-01,1.967190000000000050e-01,4.304850000000000065e-01,4.968099999999999739e-01,1.217929999999999985e-01,8.512340000000000462e-01,7.647819999999999618e-01,4.368380000000000041e-01,2.141949999999999965e-01,4.642640000000000100e-01,6.892299999999999816e-02,-1.089169999999999999e-01,3.458800000000000208e-01,2.921369999999999800e-01,-1.378929999999999878e-01,-3.229600000000000248e-01,-4.042660000000000142e-01,7.299200000000000133e-02,2.914200000000000124e-02,3.506969999999999810e-01,3.902070000000000261e-01,-2.297770000000000090e-01,-4.677669999999999884e-01,-3.494300000000000184e-02,5.530800000000000299e-02,2.426729999999999998e-01,2.435579999999999967e-01,7.514260000000000383e-01,3.329409999999999870e-01,2.218030000000000002e-01,1.503490000000000104e-01,7.053399999999999670e-01,1.377589999999999926e-01,2.229849999999999888e-01,3.396600000000000175e-01,5.252580000000000027e-01,2.184079999999999910e-01,5.638319999999999999e-01,4.379359999999999919e-01,-2.196770000000000111e-01,3.238260000000000027e-01,4.281869999999999843e-01,6.723679999999999657e-01,3.485500000000000265e-01,3.437200000000000255e-01,4.309490000000000265e-01,1.594069999999999931e-01,5.916799999999999837e-01,3.755519999999999969e-01,5.195500000000000118e-02,6.578840000000000243e-01,6.886879999999999669e-01,4.677749999999999964e-01,5.469479999999999897e-01,4.817660000000000275e-01,3.609939999999999816e-01,3.555030000000000134e-01
5.204500000000000098e-02,3.277630000000000265e-01,1.000000000000000000e+00,-3.972240000000000215e-01,6.976160000000000139e-01,1.339730000000000087e-01,1.055439999999999989e-01,-4.653899999999999704e-02,8.789900000000000491e-01,5.097220000000000084e-01,8.912250000000000449e-01,8.766599999999999393e-02,2.669420000000000126e-01,-1.036669999999999953e-01,6.934510000000000396e-01,3.981049999999999867e-01,3.907499999999999862e-01,3.430599999999999761e-01,8.568240000000000300e-01,7.663790000000000324e-01,9.678900000000000003e-02,7.307230000000000114e-01,4.583189999999999764e-01,-1.090560000000000002e-01,3.674740000000000228e-01,2.207880000000000120e-01,7.501520000000000410e-01,3.377260000000000262e-01,4.143180000000000196e-01,5.414050000000000251e-01,3.224910000000000276e-01,-9.818599999999999550e-02,-1.245210000000000067e-01,-3.021329999999999849e-01,-4.667859999999999787e-01,-3.310049999999999937e-01,-6.372300000000000186e-02,9.546799999999999731e-02,-3.649399999999999866e-02,-5.690599999999999825e-02,-2.826509999999999856e-01,-4.331139999999999990e-01,7.941000000000000142e-03,2.720890000000000253e-01,1.867969999999999908e-01,-2.203000000000000097e-03,4.703180000000000138e-01,9.411059999999999981e-01,1.806119999999999948e-01,7.896999999999999575e-01,2.843930000000000069e-01,4.397249999999999770e-01,-1.927480000000000027e-01,8.860850000000000115e-01,5.145450000000000301e-01,8.963710000000000289e-01,2.078369999999999940e-01,3.821339999999999737e-01,-3.142989999999999950e-01,5.920199999999999907e-01,4.547590000000000243e-01,4.670270000000000254e-01,3.925029999999999908e-01,8.318609999999999616e-01,7.905240000000000045e-01,1.460529999999999884e-01,6.830629999999999757e-01,2.322690000000000032e-01,-1.489330000000000098e-01,4.424350000000000227e-01,2.691720000000000224e-01,6.383229999999999738e-01,5.017110000000000181e-01,4.707359999999999878e-01,1.918950000000000100e-01,3.120229999999999948e-01
-1.625880000000000103e-01,-1.480899999999999925e-02,-3.972240000000000215e-01,1.000000000000000000e+00,-1.321209999999999885e-01,-1.948960000000000137e-01,1.306170000000000109e-01,7.242899999999999339e-02,-3.899520000000000208e-01,-1.704970000000000097e-01,-2.952069999999999972e-01,1.496979999999999977e-01,-5.498000000000000109e-02,2.721759999999999735e-01,-4.063740000000000130e-01,-1.261230000000000129e-01,-9.001000000000000667e-02,-1.111079999999999984e-01,-3.105510000000000215e-01,-3.443680000000000074e-01,-1.304970000000000019e-01,-2.260939999999999894e-01,-2.373560000000000114e-01,-9.973799999999999333e-02,-1.905969999999999887e-01,-2.595199999999999937e-02,-3.777619999999999867e-01,7.615700000000000247e-02,-4.047060000000000102e-01,-2.200979999999999881e-01,-2.161869999999999903e-01,-1.187809999999999977e-01,-6.604400000000000548e-02,1.403399999999999960e-02,3.141360000000000263e-01,1.985840000000000105e-01,1.240409999999999985e-01,3.553699999999999914e-02,-1.604619999999999935e-01,-1.008270000000000000e-01,1.161230000000000040e-01,3.249110000000000054e-01,3.094390000000000196e-01,5.102199999999999791e-02,-9.960600000000000009e-02,-1.035370000000000040e-01,-1.633050000000000057e-01,-3.784299999999999886e-01,-2.112100000000000088e-01,-2.899909999999999988e-01,-9.273000000000000687e-02,-3.288099999999999912e-01,9.559700000000000142e-02,-3.845120000000000204e-01,-2.452729999999999910e-01,-2.994890000000000052e-01,1.201710000000000000e-01,-2.417130000000000112e-01,1.026180000000000009e-01,-4.797230000000000105e-01,-4.080779999999999963e-01,-1.953459999999999919e-01,-3.770270000000000010e-01,-2.368719999999999992e-01,-4.465770000000000017e-01,-2.175189999999999901e-01,-3.814560000000000173e-01,-2.257969999999999977e-01,-7.799000000000000377e-03,-3.006849999999999801e-01,-1.260950000000000126e-01,-3.411620000000000208e-01,-2.226100000000000023e-01,-3.847559999999999869e-01,-1.700649999999999940e-01,-1.894929999999999948e-01
-5.295899999999999913e-02,6.511899999999999633e-02,6.976160000000000139e-01,-1.321209999999999885e-01,1.000000000000000000e+00,-4.900199999999999695e-02,5.477330000000000254e-01,-2.585219999999999740e-01,7.848730000000000429e-01,4.015059999999999740e-01,7.214270000000000405e-01,8.229699999999999516e-02,4.573880000000000168e-01,2.417259999999999964e-01,4.982230000000000270e-01,2.944530000000000203e-01,2.344030000000000002e-01,1.223370000000000013e-01,5.085030000000000383e-01,6.523640000000000549e-01,1.496290000000000120e-01,4.845590000000000175e-01,2.721930000000000183e-01,-7.004799999999999915e-02,1.058090000000000003e-01,3.288599999999999857e-02,6.358599999999999808e-01,3.100289999999999990e-01,2.431310000000000138e-01,4.854919999999999791e-01,4.460100000000000176e-01,-3.430730000000000168e-01,-2.798930000000000029e-01,-2.344219999999999915e-01,-2.907620000000000204e-01,-1.205819999999999947e-01,-9.149100000000000288e-02,2.472040000000000071e-01,-3.260020000000000140e-01,-3.257880000000000220e-01,-6.776400000000000479e-02,-1.212690000000000018e-01,1.975379999999999914e-01,3.207479999999999776e-01,6.958100000000000396e-02,-1.459789999999999976e-01,2.934570000000000234e-01,6.275509999999999700e-01,1.556589999999999918e-01,8.458339999999999748e-01,-9.882599999999999718e-02,5.125849999999999573e-01,-3.994380000000000153e-01,7.524589999999999890e-01,3.708420000000000050e-01,7.860989999999999922e-01,1.425200000000000078e-02,2.435809999999999920e-01,-1.817010000000000014e-01,3.462740000000000262e-01,1.701169999999999904e-01,1.945270000000000055e-01,2.195479999999999932e-01,5.168040000000000411e-01,4.855700000000000016e-01,1.164990000000000053e-01,3.109450000000000269e-01,7.884999999999999648e-03,-1.810559999999999947e-01,2.178809999999999913e-01,4.673700000000000077e-02,4.537689999999999779e-01,2.048240000000000061e-01,1.941049999999999998e-01,-1.938870000000000038e-01,9.051199999999999524e-02
3.098159999999999803e-01,5.789919999999999511e-01,1.339730000000000087e-01,-1.948960000000000137e-01,-4.900199999999999695e-02,1.000000000000000000e+00,1.578140000000000098e-01,6.766849999999999810e-01,1.535420000000000118e-01,4.758530000000000260e-01,-5.194900000000000212e-02,6.242550000000000043e-01,4.413429999999999853e-01,5.238099999999999701e-02,1.551609999999999934e-01,-2.017599999999999949e-02,4.269479999999999942e-01,5.234710000000000196e-01,1.848410000000000053e-01,4.120599999999999957e-02,2.733519999999999839e-01,1.055559999999999971e-01,7.226390000000000313e-01,5.494179999999999620e-01,5.684390000000000276e-01,7.125249999999999639e-01,2.718510000000000093e-01,1.875979999999999870e-01,4.386650000000000271e-01,5.994700000000000029e-02,-2.332239999999999869e-01,4.360470000000000179e-01,3.516230000000000189e-01,-7.250099999999999600e-02,-3.588199999999999723e-01,-3.164480000000000071e-01,1.924649999999999972e-01,-3.298800000000000343e-02,3.697829999999999728e-01,4.268179999999999752e-01,-1.649500000000000133e-01,-4.129869999999999930e-01,-1.321070000000000022e-01,-3.404299999999999687e-02,4.993299999999999822e-02,2.793539999999999912e-01,4.048570000000000224e-01,1.607810000000000072e-01,2.122350000000000070e-01,6.382999999999999785e-03,6.893599999999999728e-01,1.142300000000000086e-02,5.441319999999999490e-01,2.225840000000000041e-01,4.061170000000000058e-01,9.181400000000000672e-02,6.113260000000000360e-01,4.978079999999999727e-01,-9.642299999999999482e-02,3.601929999999999854e-01,2.996059999999999834e-01,4.402229999999999754e-01,4.151320000000000010e-01,1.729330000000000034e-01,2.947549999999999892e-01,2.456250000000000100e-01,4.245920000000000250e-01,6.427939999999999765e-01,4.135949999999999904e-01,4.010520000000000196e-01,6.468519999999999825e-01,2.864630000000000232e-01,3.548029999999999795e-01,2.373850000000000127e-01,3.439200000000000035e-01,1.564439999999999997e-01
8.437999999999999320e-03,2.711459999999999981e-01,1.055439999999999989e-01,1.306170000000000109e-01,5.477330000000000254e-01,1.578140000000000098e-01,1.000000000000000000e+00,-8.223500000000000254e-02,2.429610000000000103e-01,4.058490000000000153e-01,1.296249999999999902e-01,3.242789999999999839e-01,6.359430000000000360e-01,3.043719999999999759e-01,1.790559999999999929e-01,2.499089999999999923e-01,3.027469999999999883e-01,2.554089999999999971e-01,9.811999999999999542e-03,2.796390000000000264e-01,2.401790000000000036e-01,2.369060000000000055e-01,1.068879999999999969e-01,1.665729999999999988e-01,2.736649999999999916e-01,2.762870000000000048e-01,3.249380000000000046e-01,2.584940000000000015e-01,3.060660000000000047e-01,1.602429999999999966e-01,2.716899999999999871e-01,-1.769010000000000027e-01,-7.326199999999999379e-02,-6.882599999999999829e-02,-1.757730000000000126e-01,-2.203099999999999850e-02,1.004209999999999964e-01,3.417200000000000237e-01,-2.556399999999999784e-01,-1.919490000000000085e-01,1.302899999999999892e-01,2.141699999999999854e-02,2.637550000000000172e-01,1.914430000000000021e-01,-2.066199999999999981e-02,-1.071679999999999994e-01,2.766370000000000218e-01,8.995899999999999730e-02,2.147759999999999947e-01,3.690149999999999819e-01,-5.969100000000000100e-02,4.124099999999999988e-01,-2.116919999999999913e-01,2.435710000000000097e-01,2.700250000000000150e-01,2.383200000000000041e-01,9.884400000000000130e-02,2.224339999999999928e-01,2.095800000000000093e-02,1.327339999999999909e-01,1.308299999999999914e-02,1.635520000000000029e-01,1.667180000000000051e-01,4.457599999999999757e-02,1.516059999999999908e-01,1.883789999999999909e-01,1.048420000000000046e-01,-6.308999999999999331e-02,-2.480800000000000019e-02,2.188080000000000025e-01,1.589740000000000042e-01,1.919859999999999900e-01,6.050699999999999829e-02,7.806799999999999851e-02,-2.964280000000000248e-01,3.840999999999999796e-03
4.325849999999999973e-01,3.964809999999999723e-01,-4.653899999999999704e-02,7.242899999999999339e-02,-2.585219999999999740e-01,6.766849999999999810e-01,-8.223500000000000254e-02,1.000000000000000000e+00,-5.254600000000000243e-02,3.501690000000000080e-01,-1.674900000000000000e-01,7.190839999999999455e-01,1.506399999999999961e-01,7.716699999999999948e-02,-8.806600000000000539e-02,-1.329529999999999879e-01,4.112549999999999817e-01,3.626840000000000064e-01,6.333099999999999841e-02,-2.185600000000000043e-01,2.257709999999999995e-01,-1.895399999999999863e-02,6.522850000000000037e-01,5.222489999999999633e-01,3.405810000000000226e-01,6.555900000000000061e-01,-8.244600000000000539e-02,6.122699999999999670e-02,-5.458099999999999757e-02,-1.375840000000000118e-01,-3.674939999999999873e-01,4.127170000000000005e-01,4.253339999999999899e-01,-1.090880000000000044e-01,-2.380190000000000083e-01,-2.441899999999999904e-01,1.280219999999999969e-01,3.017299999999999843e-02,3.338409999999999989e-01,4.939500000000000002e-01,-1.249259999999999954e-01,-3.164879999999999916e-01,-2.089699999999999891e-02,-7.854600000000000470e-02,9.149699999999999500e-02,3.847470000000000057e-01,1.579689999999999983e-01,-4.009399999999999770e-02,8.547100000000000530e-02,-1.669750000000000123e-01,6.323839999999999462e-01,-2.504979999999999984e-01,7.929349999999999454e-01,7.302000000000000331e-03,3.135720000000000174e-01,-4.411199999999999843e-02,7.557270000000000376e-01,3.443189999999999862e-01,-3.820000000000000153e-04,8.467500000000000027e-02,6.514000000000000346e-02,3.757469999999999977e-01,1.407660000000000022e-01,7.606400000000000661e-02,6.256000000000000449e-02,1.255529999999999979e-01,2.361409999999999898e-01,5.634569999999999856e-01,5.804280000000000550e-01,1.590669999999999862e-01,5.905550000000000521e-01,-2.177000000000000116e-03,2.745279999999999943e-01,-1.479100000000000033e-02,3.510510000000000019e-01,1.526839999999999864e-01
1.600600000000000078e-01,2.240949999999999886e-01,8.789900000000000491e-01,-3.899520000000000208e-01,7.848730000000000429e-01,1.535420000000000118e-01,2.429610000000000103e-01,-5.254600000000000243e-02,1.000000000000000000e+00,5.809060000000000334e-01,8.038650000000000517e-01,1.156829999999999942e-01,3.586469999999999936e-01,-5.347299999999999970e-02,6.678589999999999804e-01,2.820540000000000269e-01,4.151130000000000098e-01,2.664389999999999814e-01,7.189370000000000482e-01,7.295749999999999735e-01,2.446649999999999936e-01,5.966740000000000377e-01,4.220829999999999860e-01,1.824800000000000033e-02,3.224799999999999889e-01,2.398359999999999936e-01,7.778979999999999784e-01,3.022929999999999784e-01,4.451550000000000229e-01,4.921769999999999756e-01,4.208999999999999964e-01,-9.075300000000000034e-02,-1.144629999999999953e-01,-3.078870000000000218e-01,-5.177969999999999517e-01,-2.973299999999999832e-01,-7.564500000000000390e-02,2.094679999999999875e-01,-6.129899999999999932e-02,-8.842200000000000060e-02,-1.989259999999999917e-01,-3.947890000000000010e-01,6.132699999999999957e-02,2.995430000000000037e-01,1.528450000000000086e-01,1.044660000000000033e-01,4.431069999999999731e-01,8.346440000000000525e-01,1.796129999999999949e-01,7.953999999999999959e-01,1.640030000000000099e-01,4.747970000000000246e-01,-1.847660000000000136e-01,9.635759999999999881e-01,5.829410000000000425e-01,8.830059999999999576e-01,2.037370000000000014e-01,3.948670000000000235e-01,-2.372599999999999987e-01,6.478500000000000369e-01,4.474839999999999929e-01,4.716389999999999749e-01,4.686679999999999735e-01,7.024270000000000236e-01,7.619340000000000002e-01,3.086260000000000114e-01,6.273879999999999457e-01,2.550919999999999854e-01,-7.865999999999999381e-02,4.626959999999999962e-01,2.990010000000000168e-01,6.614849999999999897e-01,4.092239999999999767e-01,4.704470000000000041e-01,9.005900000000000016e-02,3.484590000000000187e-01
3.749460000000000015e-01,5.734489999999999865e-01,5.097220000000000084e-01,-1.704970000000000097e-01,4.015059999999999740e-01,4.758530000000000260e-01,4.058490000000000153e-01,3.501690000000000080e-01,5.809060000000000334e-01,1.000000000000000000e+00,3.467430000000000234e-01,5.222379999999999800e-01,4.640400000000000080e-01,-4.712299999999999822e-02,5.121360000000000356e-01,3.620399999999999729e-01,7.603659999999999863e-01,5.377910000000000190e-01,3.901069999999999816e-01,3.960770000000000124e-01,4.368400000000000061e-01,4.579480000000000217e-01,5.670549999999999757e-01,2.949350000000000027e-01,6.204279999999999795e-01,7.037130000000000329e-01,6.406319999999999792e-01,2.469480000000000008e-01,4.820099999999999940e-01,3.457299999999999818e-01,3.855859999999999843e-01,2.992310000000000247e-01,3.844350000000000267e-01,-3.161499999999999866e-01,-7.637519999999999865e-01,-5.110460000000000003e-01,4.739600000000000063e-02,3.669950000000000156e-01,2.256539999999999935e-01,3.859159999999999813e-01,-4.107810000000000072e-01,-6.576079999999999703e-01,2.178029999999999966e-01,2.852850000000000108e-01,2.117880000000000040e-01,2.538770000000000193e-01,6.260620000000000074e-01,4.839160000000000128e-01,3.931080000000000130e-01,4.810639999999999916e-01,4.460749999999999993e-01,4.684280000000000110e-01,1.778190000000000048e-01,6.523409999999999487e-01,8.995389999999999775e-01,4.859720000000000151e-01,6.193589999999999929e-01,5.676099999999999479e-01,-1.497880000000000045e-01,6.094119999999999537e-01,5.737809999999999855e-01,8.219260000000000455e-01,6.209580000000000100e-01,3.364429999999999921e-01,6.416319999999999801e-01,4.788250000000000006e-01,6.723989999999999689e-01,4.490839999999999832e-01,9.748800000000000521e-02,6.440740000000000354e-01,6.804019999999999513e-01,6.299409999999999732e-01,4.866030000000000078e-01,5.422630000000000505e-01,4.039320000000000133e-01,5.423040000000000083e-01
-8.142499999999999738e-02,1.639359999999999984e-01,8.912250000000000449e-01,-2.952069999999999972e-01,7.214270000000000405e-01,-5.194900000000000212e-02,1.296249999999999902e-01,-1.674900000000000000e-01,8.038650000000000517e-01,3.467430000000000234e-01,1.000000000000000000e+00,-1.802300000000000083e-02,2.477070000000000105e-01,7.776299999999999879e-02,5.974169999999999758e-01,3.204699999999999771e-01,2.656160000000000188e-01,1.895600000000000063e-01,8.462610000000000410e-01,6.923230000000000217e-01,3.173700000000000132e-02,6.958830000000000293e-01,2.967569999999999930e-01,-1.570269999999999999e-01,1.666150000000000131e-01,5.152899999999999842e-02,5.582420000000000160e-01,3.382530000000000259e-01,2.753320000000000212e-01,5.297220000000000262e-01,2.979229999999999934e-01,-3.150330000000000075e-01,-3.369699999999999918e-01,-2.132459999999999911e-01,-2.664989999999999859e-01,-1.059510000000000035e-01,-4.647099999999999842e-02,1.060149999999999981e-01,-2.574540000000000162e-01,-3.166820000000000190e-01,-1.007890000000000036e-01,-1.505440000000000111e-01,7.802499999999999714e-02,2.990820000000000145e-01,3.432500000000000134e-02,-1.367790000000000117e-01,3.063629999999999964e-01,8.322399999999999798e-01,3.290300000000000169e-02,7.439090000000000424e-01,6.406100000000000683e-02,3.281919999999999837e-01,-2.681359999999999855e-01,7.473379999999999468e-01,3.245469999999999744e-01,9.235290000000000443e-01,5.532200000000000312e-02,1.896889999999999965e-01,-2.438639999999999974e-01,4.164780000000000149e-01,2.053889999999999882e-01,2.375889999999999946e-01,1.740230000000000110e-01,8.256989999999999608e-01,5.965489999999999959e-01,3.862000000000000155e-02,4.714430000000000009e-01,6.806900000000000450e-02,-1.557089999999999863e-01,2.590000000000000080e-01,8.328000000000000680e-02,4.085340000000000082e-01,3.161080000000000001e-01,2.494949999999999946e-01,-5.877099999999999685e-02,6.579100000000000226e-02
3.133540000000000214e-01,4.779680000000000040e-01,8.766599999999999393e-02,1.496979999999999977e-01,8.229699999999999516e-02,6.242550000000000043e-01,3.242789999999999839e-01,7.190839999999999455e-01,1.156829999999999942e-01,5.222379999999999800e-01,-1.802300000000000083e-02,1.000000000000000000e+00,4.464040000000000230e-01,1.594109999999999971e-01,5.765800000000000092e-02,2.361500000000000057e-02,5.419770000000000421e-01,4.567499999999999893e-01,1.270340000000000080e-01,-2.210499999999999965e-02,2.324120000000000075e-01,1.659460000000000102e-01,5.318429999999999547e-01,5.459530000000000216e-01,4.345689999999999831e-01,7.162969999999999615e-01,8.828300000000000036e-02,3.388430000000000053e-01,4.191199999999999787e-02,4.039199999999999735e-02,-1.784320000000000073e-01,2.838979999999999837e-01,3.357289999999999996e-01,-6.371000000000000274e-02,-2.728090000000000237e-01,-1.894909999999999928e-01,1.541359999999999952e-01,1.883650000000000047e-01,2.049080000000000068e-01,3.509639999999999982e-01,-1.020220000000000016e-01,-3.062389999999999834e-01,1.984859999999999958e-01,1.306930000000000036e-01,1.257979999999999932e-01,2.306709999999999872e-01,2.866429999999999811e-01,9.285000000000000198e-02,2.113609999999999933e-01,4.017699999999999744e-02,5.188829999999999831e-01,-1.948300000000000032e-02,4.995700000000000141e-01,1.525249999999999939e-01,4.470210000000000017e-01,1.177829999999999988e-01,7.734199999999999964e-01,4.430140000000000189e-01,-4.644199999999999717e-02,1.913430000000000131e-01,9.633999999999999508e-02,4.474310000000000231e-01,2.383180000000000021e-01,1.274200000000000055e-01,1.722259999999999902e-01,1.647530000000000105e-01,3.200799999999999756e-01,3.718330000000000246e-01,4.723519999999999941e-01,2.610489999999999755e-01,5.830070000000000530e-01,6.648800000000000543e-02,3.978280000000000149e-01,2.326299999999999896e-02,2.108319999999999916e-01,1.476790000000000047e-01
1.862000000000000044e-01,2.527619999999999867e-01,2.669420000000000126e-01,-5.498000000000000109e-02,4.573880000000000168e-01,4.413429999999999853e-01,6.359430000000000360e-01,1.506399999999999961e-01,3.586469999999999936e-01,4.640400000000000080e-01,2.477070000000000105e-01,4.464040000000000230e-01,1.000000000000000000e+00,2.476579999999999893e-01,3.056559999999999833e-01,1.707519999999999871e-01,5.425950000000000495e-01,4.231670000000000154e-01,2.272480000000000055e-01,3.187150000000000261e-01,3.213050000000000073e-01,2.815960000000000130e-01,3.780620000000000092e-01,3.445130000000000137e-01,2.921549999999999980e-01,4.770139999999999936e-01,3.068670000000000009e-01,5.497410000000000352e-01,4.779010000000000202e-01,3.162479999999999736e-01,2.051439999999999930e-01,-1.868450000000000111e-01,-1.916299999999999948e-02,2.817700000000000066e-02,-2.386979999999999935e-01,1.510000000000000057e-03,1.206009999999999999e-01,2.735560000000000214e-01,-2.382779999999999898e-01,-1.015970000000000067e-01,1.010299999999999948e-01,-6.857800000000000007e-02,1.225119999999999959e-01,2.335830000000000128e-01,-3.174000000000000172e-03,1.330290000000000084e-01,2.590870000000000117e-01,2.103810000000000124e-01,2.613030000000000075e-01,4.358179999999999832e-01,1.833470000000000100e-01,3.485770000000000257e-01,2.325299999999999936e-02,3.464960000000000262e-01,3.410099999999999798e-01,3.662719999999999865e-01,2.520740000000000203e-01,5.556510000000000060e-01,-5.477300000000000224e-02,3.603270000000000084e-01,8.172300000000000397e-02,2.599759999999999849e-01,3.907240000000000157e-01,2.346820000000000017e-01,2.778550000000000186e-01,2.621280000000000276e-01,2.332559999999999911e-01,1.911509999999999876e-01,1.861480000000000079e-01,2.467650000000000121e-01,3.621460000000000234e-01,2.160169999999999868e-01,2.400789999999999869e-01,1.430289999999999895e-01,-1.880400000000000127e-01,-2.658200000000000146e-02
-1.975870000000000126e-01,-1.315520000000000023e-01,-1.036669999999999953e-01,2.721759999999999735e-01,2.417259999999999964e-01,5.238099999999999701e-02,3.043719999999999759e-01,7.716699999999999948e-02,-5.347299999999999970e-02,-4.712299999999999822e-02,7.776299999999999879e-02,1.594109999999999971e-01,2.476579999999999893e-01,1.000000000000000000e+00,-5.984099999999999836e-02,-1.136579999999999951e-01,-5.315000000000000280e-02,-1.284689999999999999e-01,4.004200000000000120e-02,-6.385200000000000597e-02,-3.461199999999999694e-02,-8.926599999999999813e-02,1.542759999999999965e-01,2.112030000000000018e-01,-2.285270000000000079e-01,-7.578999999999999626e-02,-1.354640000000000011e-01,1.460099999999999940e-02,-1.795609999999999984e-01,1.570739999999999914e-01,-2.858199999999999977e-02,-1.722579999999999945e-01,-1.400069999999999926e-01,-1.396700000000000025e-02,1.472160000000000135e-01,1.922830000000000095e-01,4.713900000000000035e-02,1.627669999999999950e-01,-2.684340000000000059e-01,-2.394979999999999887e-01,1.271440000000000070e-01,2.768889999999999962e-01,1.928680000000000117e-01,1.283299999999999996e-01,-1.164589999999999931e-01,-2.001199999999999923e-01,-1.930350000000000121e-01,-1.544979999999999964e-01,-1.752819999999999934e-01,7.674300000000000566e-02,-2.018999999999999961e-01,-1.298839999999999995e-01,2.909700000000000134e-02,-1.248129999999999934e-01,-1.265759999999999941e-01,1.187020000000000020e-01,1.342699999999999970e-02,-1.740770000000000095e-01,2.349090000000000067e-01,-2.426460000000000006e-01,-3.359199999999999964e-01,-2.824909999999999921e-01,-1.633610000000000062e-01,7.058899999999999897e-02,-2.742669999999999830e-01,-1.545269999999999977e-01,-2.905320000000000125e-01,-3.205700000000000216e-02,2.088949999999999974e-01,-2.705130000000000035e-01,-1.241529999999999995e-01,-2.966639999999999833e-01,-2.600239999999999774e-01,-4.116859999999999964e-01,-3.692810000000000259e-01,-3.539880000000000249e-01
2.844630000000000214e-01,2.024080000000000046e-01,6.934510000000000396e-01,-4.063740000000000130e-01,4.982230000000000270e-01,1.551609999999999934e-01,1.790559999999999929e-01,-8.806600000000000539e-02,6.678589999999999804e-01,5.121360000000000356e-01,5.974169999999999758e-01,5.765800000000000092e-02,3.056559999999999833e-01,-5.984099999999999836e-02,1.000000000000000000e+00,5.195419999999999483e-01,4.589239999999999986e-01,3.343349999999999933e-01,6.478930000000000522e-01,7.923289999999999500e-01,3.927109999999999768e-01,7.773139999999999494e-01,4.030340000000000034e-01,9.228600000000000692e-02,3.931330000000000102e-01,2.881589999999999985e-01,6.915040000000000076e-01,3.962080000000000046e-01,5.704679999999999751e-01,5.570439999999999836e-01,5.008839999999999959e-01,5.349799999999999695e-02,3.307500000000000023e-02,-6.836799999999999822e-02,-5.691389999999999505e-01,-2.593949999999999867e-01,1.214400000000000028e-02,1.856500000000000095e-01,6.602299999999999836e-02,6.262399999999999911e-02,-1.298179999999999890e-01,-4.734889999999999932e-01,1.640499999999999944e-02,2.398190000000000044e-01,2.329060000000000019e-01,2.122199999999999920e-01,4.970160000000000133e-01,6.331339999999999746e-01,2.547349999999999892e-01,5.672279999999999545e-01,1.909369999999999956e-01,4.878660000000000219e-01,-7.302200000000000357e-02,6.762350000000000305e-01,6.029769999999999852e-01,6.303750000000000187e-01,1.590070000000000094e-01,4.613129999999999731e-01,-1.767360000000000042e-01,8.294700000000000406e-01,5.927569999999999784e-01,4.688729999999999842e-01,5.990259999999999474e-01,5.814059999999999784e-01,8.243690000000000184e-01,4.949799999999999756e-01,7.634579999999999700e-01,3.282970000000000055e-01,-2.659200000000000105e-02,5.190420000000000034e-01,3.502660000000000218e-01,6.292699999999999960e-01,5.068989999999999885e-01,6.116019999999999790e-01,1.897000000000000075e-01,3.931430000000000202e-01
2.058860000000000134e-01,3.480929999999999858e-01,3.981049999999999867e-01,-1.261230000000000129e-01,2.944530000000000203e-01,-2.017599999999999949e-02,2.499089999999999923e-01,-1.329529999999999879e-01,2.820540000000000269e-01,3.620399999999999729e-01,3.204699999999999771e-01,2.361500000000000057e-02,1.707519999999999871e-01,-1.136579999999999951e-01,5.195419999999999483e-01,1.000000000000000000e+00,4.469440000000000079e-01,4.775320000000000120e-01,3.826499999999999901e-01,4.003410000000000024e-01,1.612169999999999992e-01,5.751060000000000061e-01,1.991989999999999872e-01,-1.671509999999999940e-01,3.741940000000000266e-01,2.298270000000000035e-01,4.978870000000000240e-01,2.759719999999999951e-01,3.525559999999999805e-01,3.547770000000000090e-01,4.465189999999999992e-01,2.580899999999999861e-02,1.985349999999999893e-01,-5.759100000000000330e-02,-3.532199999999999784e-01,-3.407810000000000006e-01,-4.603700000000000153e-02,1.578890000000000016e-01,1.488500000000000066e-02,1.388199999999999990e-01,-1.603980000000000128e-01,-3.698449999999999793e-01,7.117000000000000062e-03,8.917300000000000226e-02,2.573230000000000239e-01,8.538400000000000156e-02,4.033720000000000083e-01,2.986789999999999723e-01,2.753149999999999764e-01,3.962129999999999819e-01,6.477099999999999524e-02,3.430920000000000081e-01,-2.090509999999999868e-01,3.479829999999999868e-01,4.032040000000000068e-01,3.245379999999999932e-01,8.794699999999999740e-02,2.572320000000000162e-01,-1.864099999999999924e-01,4.017299999999999760e-01,4.575049999999999950e-01,3.679069999999999840e-01,3.611519999999999730e-01,3.593839999999999812e-01,4.296229999999999771e-01,2.158150000000000068e-01,4.663410000000000055e-01,6.708100000000000174e-02,-2.778700000000000059e-01,3.051360000000000183e-01,1.435659999999999992e-01,4.229570000000000274e-01,3.500389999999999890e-01,3.855779999999999763e-01,2.146810000000000107e-01,3.506989999999999830e-01
5.871300000000000407e-01,6.032440000000000024e-01,3.907499999999999862e-01,-9.001000000000000667e-02,2.344030000000000002e-01,4.269479999999999942e-01,3.027469999999999883e-01,4.112549999999999817e-01,4.151130000000000098e-01,7.603659999999999863e-01,2.656160000000000188e-01,5.419770000000000421e-01,5.425950000000000495e-01,-5.315000000000000280e-02,4.589239999999999986e-01,4.469440000000000079e-01,1.000000000000000000e+00,7.628549999999999498e-01,3.754449999999999732e-01,2.875840000000000063e-01,4.495649999999999924e-01,5.331939999999999458e-01,4.897949999999999804e-01,3.650789999999999869e-01,6.909629999999999939e-01,8.110079999999999512e-01,4.039070000000000160e-01,4.949020000000000086e-01,4.623180000000000067e-01,2.425350000000000006e-01,2.538469999999999893e-01,2.460589999999999999e-01,3.511739999999999862e-01,-2.957900000000000112e-02,-5.144609999999999461e-01,-3.215160000000000240e-01,7.211499999999999855e-02,3.117619999999999836e-01,1.903350000000000042e-01,3.442620000000000124e-01,-1.257449999999999957e-01,-4.707009999999999805e-01,7.520000000000000295e-02,2.145809999999999940e-01,2.907159999999999744e-01,4.788459999999999939e-01,5.549110000000000431e-01,3.194270000000000165e-01,3.051170000000000271e-01,3.415819999999999967e-01,4.906949999999999923e-01,2.567929999999999935e-01,2.490809999999999969e-01,4.634650000000000158e-01,7.339809999999999945e-01,3.594310000000000005e-01,5.990839999999999499e-01,6.164770000000000527e-01,-2.009170000000000122e-01,5.907780000000000253e-01,4.540600000000000191e-01,7.221149999999999514e-01,5.984359999999999680e-01,3.573120000000000185e-01,5.406900000000000039e-01,4.161219999999999919e-01,6.481209999999999471e-01,3.273519999999999763e-01,2.063719999999999999e-01,6.098700000000000232e-01,7.143559999999999910e-01,4.225840000000000152e-01,5.815909999999999691e-01,4.937420000000000142e-01,3.053069999999999951e-01,4.281050000000000133e-01
5.484400000000000386e-01,7.223249999999999948e-01,3.430599999999999761e-01,-1.111079999999999984e-01,1.223370000000000013e-01,5.234710000000000196e-01,2.554089999999999971e-01,3.626840000000000064e-01,2.664389999999999814e-01,5.377910000000000190e-01,1.895600000000000063e-01,4.567499999999999893e-01,4.231670000000000154e-01,-1.284689999999999999e-01,3.343349999999999933e-01,4.775320000000000120e-01,7.628549999999999498e-01,1.000000000000000000e+00,3.749359999999999915e-01,1.931289999999999951e-01,4.002299999999999747e-01,4.869709999999999872e-01,4.679360000000000186e-01,2.482820000000000027e-01,8.316449999999999676e-01,7.871780000000000443e-01,3.300770000000000093e-01,3.993720000000000048e-01,5.549199999999999688e-01,7.463799999999999601e-02,1.003300000000000025e-02,3.639830000000000010e-01,2.848049999999999748e-01,9.669899999999999329e-02,-3.093920000000000003e-01,-3.128420000000000090e-01,6.482100000000000362e-02,1.031829999999999969e-01,3.601849999999999774e-01,3.694459999999999966e-01,-1.279800000000000035e-02,-3.814370000000000260e-01,-1.910380000000000134e-01,6.326800000000000479e-02,2.881020000000000247e-01,5.020200000000000218e-01,6.464189999999999658e-01,2.869539999999999869e-01,2.800830000000000264e-01,1.751159999999999939e-01,6.213739999999999819e-01,1.658870000000000067e-01,2.512460000000000249e-01,3.421629999999999949e-01,5.611629999999999674e-01,2.263759999999999939e-01,4.917480000000000184e-01,5.870400000000000063e-01,-3.346160000000000245e-01,4.790039999999999853e-01,5.008340000000000014e-01,6.643850000000000033e-01,5.677219999999999489e-01,3.682289999999999730e-01,4.635549999999999948e-01,3.558499999999999996e-01,6.452970000000000095e-01,3.414760000000000018e-01,1.752440000000000109e-01,6.687110000000000554e-01,7.143639999999999990e-01,3.957129999999999814e-01,6.119869999999999477e-01,5.318819999999999659e-01,3.202909999999999924e-01,3.670140000000000069e-01
3.538499999999999979e-02,3.030030000000000223e-01,8.568240000000000300e-01,-3.105510000000000215e-01,5.085030000000000383e-01,1.848410000000000053e-01,9.811999999999999542e-03,6.333099999999999841e-02,7.189370000000000482e-01,3.901069999999999816e-01,8.462610000000000410e-01,1.270340000000000080e-01,2.272480000000000055e-01,4.004200000000000120e-02,6.478930000000000522e-01,3.826499999999999901e-01,3.754449999999999732e-01,3.749359999999999915e-01,1.000000000000000000e+00,6.250430000000000152e-01,4.175999999999999851e-02,7.146740000000000315e-01,4.315140000000000087e-01,-5.139400000000000218e-02,3.170939999999999870e-01,2.166919999999999957e-01,5.256880000000000441e-01,3.627710000000000101e-01,3.591199999999999948e-01,5.138749999999999707e-01,1.785110000000000030e-01,-2.014600000000000071e-02,-1.017290000000000000e-01,-1.881160000000000054e-01,-3.660229999999999873e-01,-2.013929999999999887e-01,1.428600000000000009e-02,7.580900000000000138e-02,8.689999999999999808e-03,-5.420599999999999724e-02,-1.626789999999999903e-01,-3.296799999999999731e-01,-1.499759999999999982e-01,1.741999999999999937e-01,1.547399999999999887e-01,-1.392999999999999967e-02,3.657619999999999760e-01,7.827769999999999451e-01,3.343999999999999750e-02,5.468129999999999935e-01,2.475269999999999970e-01,1.854580000000000117e-01,-2.780300000000000132e-02,6.733980000000000521e-01,3.949349999999999805e-01,8.147100000000000453e-01,2.501950000000000007e-01,2.490630000000000066e-01,-2.222330000000000139e-01,5.277410000000000156e-01,3.566810000000000258e-01,3.491139999999999799e-01,3.287669999999999759e-01,9.425729999999999942e-01,6.484010000000000051e-01,1.408470000000000000e-01,6.205939999999999790e-01,2.167010000000000047e-01,-3.343700000000000144e-02,3.252249999999999863e-01,2.388969999999999982e-01,4.141940000000000066e-01,4.107779999999999765e-01,3.191080000000000028e-01,1.589919999999999944e-01,1.610139999999999905e-01
6.212700000000000167e-02,1.754519999999999968e-01,7.663790000000000324e-01,-3.443680000000000074e-01,6.523640000000000549e-01,4.120599999999999957e-02,2.796390000000000264e-01,-2.185600000000000043e-01,7.295749999999999735e-01,3.960770000000000124e-01,6.923230000000000217e-01,-2.210499999999999965e-02,3.187150000000000261e-01,-6.385200000000000597e-02,7.923289999999999500e-01,4.003410000000000024e-01,2.875840000000000063e-01,1.931289999999999951e-01,6.250430000000000152e-01,1.000000000000000000e+00,2.619520000000000182e-01,8.143449999999999855e-01,2.854960000000000275e-01,-1.429199999999999915e-02,3.116659999999999986e-01,1.523970000000000047e-01,7.370729999999999782e-01,3.529360000000000275e-01,5.431979999999999587e-01,6.381639999999999535e-01,4.516850000000000032e-01,-1.964380000000000015e-01,-2.740619999999999723e-01,-7.473799999999999888e-02,-3.922809999999999908e-01,-1.366670000000000107e-01,4.880999999999999922e-02,1.653870000000000062e-01,-1.622659999999999936e-01,-2.122709999999999875e-01,-4.043499999999999872e-02,-2.737609999999999766e-01,1.232850000000000057e-01,3.075399999999999801e-01,2.003109999999999891e-01,3.231200000000000044e-02,4.313600000000000212e-01,7.540609999999999813e-01,1.639619999999999966e-01,6.845219999999999638e-01,1.285969999999999891e-01,5.125769999999999493e-01,-2.628530000000000033e-01,7.250929999999999875e-01,4.225340000000000207e-01,6.999579999999999691e-01,4.825100000000000222e-02,3.696570000000000134e-01,-1.723800000000000054e-01,6.438359999999999639e-01,4.159749999999999837e-01,3.600459999999999772e-01,4.165539999999999798e-01,6.128909999999999636e-01,8.222019999999999884e-01,3.097400000000000153e-01,6.473619999999999930e-01,1.568980000000000097e-01,-1.092650000000000010e-01,4.524079999999999768e-01,2.124129999999999907e-01,5.990499999999999714e-01,4.127950000000000230e-01,5.123440000000000216e-01,-5.831700000000000078e-02,2.823660000000000059e-01
