1.000000000000000000e+00,-6.985900000000000443e-02,4.996510000000000118e-01,2.792390000000000150e-01,5.407669999999999977e-01,3.208550000000000013e-01,4.646839999999999860e-01,2.048020000000000118e-01,6.034850000000000492e-01,-4.130099999999999882e-01,8.599400000000000099e-02,-4.828109999999999902e-01,4.056200000000000083e-02,-1.476929999999999910e-01,5.677560000000000384e-01,-1.356370000000000076e-01,-1.872759999999999980e-01,-4.052899999999999836e-01,3.103250000000000175e-01,-2.426800000000000138e-02,7.703529999999999545e-01,7.773800000000000154e-02,6.284720000000000306e-01,4.129700000000000037e-02,-3.858119999999999883e-01,-1.209169999999999967e-01,5.471759999999999957e-01,5.951700000000000046e-02,3.799790000000000112e-01,-4.432240000000000069e-01,1.337689999999999990e-01,-6.338100000000000678e-02,2.310840000000000116e-01,2.110000000000000070e-02,2.423899999999999944e-01,-2.309140000000000081e-01,-1.578070000000000028e-01,1.073569999999999941e-01,-3.967330000000000023e-01,3.315379999999999994e-01,-2.948350000000000137e-01,-1.809850000000000070e-01,-3.796070000000000277e-01,-3.157840000000000091e-01,-3.314299999999999885e-02,8.068659999999999721e-01,3.812490000000000046e-01,4.477530000000000121e-01,4.105039999999999800e-01,-8.748999999999999833e-03,2.696529999999999760e-01,5.398269999999999458e-01,1.700629999999999920e-01,7.109079999999999844e-01,-4.319520000000000026e-01,2.833780000000000188e-01,-2.550910000000000122e-01,3.830120000000000191e-01,1.006200000000000011e-01,5.054849999999999621e-01,1.083630000000000010e-01,-4.014460000000000250e-01,-1.954539999999999889e-01,6.517799999999999983e-02,-4.218899999999999734e-02,7.175369999999999804e-01,3.061600000000000085e-02,4.889379999999999837e-01,1.938570000000000015e-01,-3.804560000000000164e-01,-9.918100000000000527e-02,5.218800000000000106e-01,-4.719160000000000021e-01,-2.220000000000000185e-03,-5.019390000000000240e-01,-5.216589999999999838e-01
-6.985900000000000443e-02,1.000000000000000000e+00,1.746979999999999922e-01,-3.401170000000000027e-01,-5.062790000000000346e-01,5.283790000000000431e-01,-2.835400000000000142e-01,5.701340000000000297e-01,-3.848210000000000242e-01,5.045859999999999790e-01,2.511939999999999729e-01,5.076760000000000161e-01,6.077770000000000117e-01,1.068280000000000063e-01,-4.226369999999999849e-01,2.504879999999999884e-01,5.141229999999999967e-01,3.024629999999999819e-01,-2.441089999999999927e-01,2.841770000000000129e-01,-1.921140000000000070e-01,4.050560000000000271e-01,-1.523999999999999964e-03,4.954029999999999823e-01,5.693049999999999500e-01,8.323239999999999528e-01,-3.041070000000000162e-01,5.091449999999999587e-01,1.554629999999999901e-01,1.741040000000000088e-01,1.346509999999999929e-01,6.181170000000000275e-01,1.958779999999999966e-01,3.011249999999999760e-01,4.498800000000000021e-02,5.399690000000000323e-01,2.187860000000000082e-01,1.855930000000000080e-01,4.775369999999999893e-01,-3.120099999999999957e-02,1.999209999999999876e-01,2.357190000000000119e-01,4.939270000000000049e-01,4.978150000000000075e-01,1.981850000000000001e-01,-3.419349999999999890e-01,2.600799999999999987e-02,1.528889999999999971e-01,-2.834409999999999985e-01,4.260630000000000250e-01,2.067469999999999863e-01,-3.428030000000000244e-01,2.407970000000000110e-01,-1.081860000000000044e-01,3.415739999999999887e-01,6.880600000000000604e-02,3.706400000000000250e-01,3.972799999999999943e-02,2.520999999999999804e-03,-4.396720000000000073e-01,-2.410150000000000070e-01,5.130339999999999900e-01,-1.141800000000000037e-01,-1.304639999999999966e-01,-2.653499999999999956e-02,-2.931070000000000064e-01,-4.216700000000000309e-02,-1.991229999999999944e-01,2.111889999999999878e-01,2.489760000000000029e-01,6.025909999999999878e-01,-3.403709999999999791e-01,4.654369999999999896e-01,-2.898220000000000240e-01,-8.932999999999999968e-03,2.941320000000000046e-01
4.996510000000000118e-01,1.746979999999999922e-01,1.000000000000000000e+00,3.708099999999999730e-01,5.403310000000000057e-01,6.099900000000000322e-01,5.719859999999999944e-01,4.608329999999999926e-01,6.221719999999999473e-01,6.791099999999999914e-02,3.273070000000000146e-01,-1.053850000000000064e-01,4.341760000000000064e-01,3.506000000000000089e-02,2.275969999999999938e-01,5.509999999999999490e-04,-4.334000000000000179e-03,-2.457699999999999885e-01,6.527709999999999901e-01,7.197399999999999631e-02,5.441329999999999778e-01,5.005699999999999733e-02,7.128759999999999541e-01,2.991210000000000258e-01,-1.658330000000000082e-01,3.055700000000000083e-02,5.076019999999999976e-01,3.738819999999999921e-01,4.434179999999999788e-01,-1.560020000000000018e-01,1.873859999999999970e-01,3.826100000000000334e-02,4.949129999999999918e-01,2.117700000000000138e-01,9.886899999999999855e-02,1.317589999999999872e-01,1.022419999999999995e-01,1.932039999999999869e-01,-2.756810000000000094e-01,3.918749999999999734e-01,-2.456909999999999927e-01,-2.825670000000000126e-01,-7.816800000000000137e-02,-5.826499999999999735e-02,2.585379999999999900e-01,3.617770000000000152e-01,6.146380000000000177e-01,8.133690000000000087e-01,5.351759999999999851e-01,3.213200000000000084e-02,5.272499999999999964e-01,5.828689999999999705e-01,4.132609999999999895e-01,7.456559999999999855e-01,-1.924500000000000169e-02,5.140470000000000317e-01,1.712879999999999958e-01,6.188289999999999624e-01,3.395259999999999945e-01,1.977019999999999889e-01,1.213439999999999935e-01,-3.060999999999999919e-03,-6.508999999999999508e-02,4.707379999999999898e-01,-2.422399999999999901e-02,5.447589999999999932e-01,1.875930000000000097e-01,5.947510000000000296e-01,3.514929999999999999e-01,3.623799999999999938e-02,1.965590000000000115e-01,4.897960000000000091e-01,-3.754699999999999704e-02,1.275300000000000045e-02,-2.243630000000000069e-01,-3.421699999999999742e-01
2.792390000000000150e-01,-3.401170000000000027e-01,3.708099999999999730e-01,1.000000000000000000e+00,6.622200000000000308e-01,8.983299999999999619e-02,7.618899999999999562e-01,7.700700000000000600e-02,7.416249999999999787e-01,-5.541900000000000298e-02,-4.090699999999999892e-01,-3.966839999999999811e-01,1.450279999999999903e-01,-2.364690000000000125e-01,9.456100000000000616e-02,-8.510700000000000209e-02,-2.525149999999999895e-01,-2.714929999999999843e-01,4.941209999999999769e-01,-3.252729999999999788e-01,3.950969999999999760e-01,-4.043359999999999732e-01,3.637219999999999898e-01,-6.908100000000000351e-02,-6.075420000000000265e-01,-5.110599999999999588e-01,2.738929999999999976e-01,2.109699999999999909e-01,1.987299999999999831e-02,-3.244480000000000142e-01,1.002650000000000069e-01,-2.191740000000000077e-01,2.326390000000000124e-01,1.893699999999999897e-02,4.202800000000000286e-02,-4.670900000000000052e-02,2.135630000000000028e-01,-2.942449999999999788e-01,-3.906709999999999905e-01,2.962199999999999833e-01,-4.082259999999999778e-01,-4.502900000000000236e-01,-1.708639999999999881e-01,-7.869299999999999906e-02,-1.359999999999999924e-02,3.353729999999999767e-01,5.118810000000000304e-01,2.103659999999999974e-01,7.719139999999999890e-01,-4.291360000000000174e-01,3.057650000000000090e-01,7.792750000000000510e-01,2.466139999999999999e-01,5.047249999999999792e-01,-9.101700000000000068e-02,1.889869999999999883e-01,-4.198000000000000342e-03,5.589680000000000204e-01,4.808430000000000204e-01,3.590000000000000135e-02,-9.039999999999999425e-03,-1.504639999999999866e-01,-2.196899999999999895e-02,1.622530000000000083e-01,-2.555399999999999894e-01,5.094429999999999792e-01,-1.935800000000000021e-02,4.144570000000000198e-01,4.588799999999999824e-02,-1.871109999999999995e-01,-2.570959999999999912e-01,3.728440000000000087e-01,-2.525270000000000015e-01,8.224000000000000407e-03,-1.879709999999999992e-01,-5.748999999999999666e-01
5.407669999999999977e-01,-5.062790000000000346e-01,5.403310000000000057e-01,6.622200000000000308e-01,1.000000000000000000e+00,1.621370000000000033e-01,8.262359999999999705e-01,-6.344600000000000239e-02,9.211300000000000043e-01,-3.609169999999999878e-01,-1.442170000000000119e-01,-5.144950000000000356e-01,1.094000000000000007e-02,-6.096200000000000230e-02,5.370540000000000314e-01,-7.093900000000000206e-02,-3.486529999999999907e-01,-3.209770000000000123e-01,6.529519999999999769e-01,-2.528139999999999832e-01,6.339660000000000295e-01,-2.651919999999999833e-01,6.306490000000000151e-01,-1.387430000000000052e-01,-6.177660000000000373e-01,-5.947200000000000264e-01,6.565180000000000460e-01,-8.089799999999999769e-02,2.519859999999999878e-01,-3.600789999999999824e-01,-4.207899999999999835e-02,-4.157489999999999797e-01,2.885170000000000234e-01,-8.173900000000000610e-02,6.428100000000000480e-02,-3.166720000000000090e-01,-5.575100000000000194e-02,-1.669650000000000023e-01,-6.412689999999999779e-01,3.969449999999999923e-01,-4.816739999999999911e-01,-5.100679999999999659e-01,-5.327499999999999458e-01,-4.652859999999999774e-01,-5.871799999999999936e-02,5.703019999999999756e-01,5.332000000000000073e-01,4.946050000000000169e-01,7.523199999999999887e-01,-4.172159999999999758e-01,3.827740000000000031e-01,8.656899999999999595e-01,1.246280000000000027e-01,7.537610000000000143e-01,-2.991980000000000195e-01,1.805920000000000025e-01,-1.299420000000000019e-01,6.255540000000000544e-01,3.091659999999999964e-01,4.979140000000000232e-01,2.926320000000000032e-01,-3.925199999999999800e-01,1.174250000000000016e-01,3.735470000000000179e-01,-7.436099999999999655e-02,7.080290000000000195e-01,1.177890000000000048e-01,6.462689999999999824e-01,5.172199999999999714e-02,-2.206629999999999980e-01,-3.364269999999999761e-01,7.102789999999999937e-01,-4.591459999999999986e-01,2.226960000000000051e-01,-3.052830000000000266e-01,-6.430909999999999682e-01
3.208550000000000013e-01,5.283790000000000431e-01,6.099900000000000322e-01,8.983299999999999619e-02,1.621370000000000033e-01,1.000000000000000000e+00,3.393399999999999750e-01,6.425210000000000088e-01,2.279329999999999967e-01,2.074209999999999943e-01,3.431270000000000153e-01,2.089729999999999921e-01,7.028180000000000538e-01,2.971989999999999910e-01,1.327799999999999987e-02,7.550099999999999867e-02,3.386700000000000266e-01,-6.675899999999999890e-02,2.745449999999999835e-01,1.342099999999999960e-01,3.924190000000000178e-01,8.760500000000000231e-02,6.509239999999999471e-01,4.397909999999999875e-01,1.390099999999999947e-01,4.134479999999999822e-01,2.868069999999999786e-01,5.067190000000000305e-01,5.567290000000000294e-01,1.199700000000000072e-02,7.976700000000000457e-02,2.542050000000000143e-01,2.909399999999999764e-01,1.581470000000000098e-01,4.170900000000000302e-02,3.799219999999999819e-01,6.458600000000000452e-02,1.054889999999999994e-01,-1.275899999999999951e-02,1.117839999999999945e-01,-6.786799999999999777e-02,-9.853000000000000647e-02,2.318199999999999983e-01,2.189530000000000087e-01,1.406779999999999975e-01,-2.990000000000000036e-04,3.672560000000000269e-01,5.888959999999999750e-01,2.364489999999999925e-01,1.833539999999999892e-01,5.101769999999999916e-01,2.443740000000000079e-01,5.106530000000000236e-01,4.174590000000000245e-01,5.680000000000000326e-02,3.034600000000000075e-01,2.881099999999999772e-01,5.185220000000000384e-01,3.116630000000000233e-01,-5.460000000000000270e-02,3.731899999999999801e-02,1.541629999999999945e-01,-1.671819999999999973e-01,1.946209999999999885e-01,-1.459159999999999902e-01,3.157840000000000091e-01,-9.556900000000000117e-02,4.766599999999999726e-01,2.354789999999999939e-01,-4.132600000000000162e-02,2.740569999999999951e-01,2.439659999999999884e-01,1.403040000000000120e-01,-1.687160000000000049e-01,-2.372080000000000022e-01,-9.082300000000000095e-02
4.646839999999999860e-01,-2.835400000000000142e-01,5.719859999999999944e-01,7.618899999999999562e-01,8.262359999999999705e-01,3.393399999999999750e-01,1.000000000000000000e+00,9.160600000000000687e-02,8.558409999999999629e-01,-1.434789999999999954e-01,-2.238600000000000034e-01,-4.323899999999999966e-01,3.133259999999999934e-01,-5.184899999999999926e-02,3.742860000000000076e-01,-4.235599999999999782e-02,-1.716129999999999878e-01,-2.892210000000000059e-01,6.442109999999999781e-01,-1.648249999999999993e-01,5.918999999999999817e-01,-2.134369999999999878e-01,5.949370000000000491e-01,-1.310469999999999968e-01,-5.400460000000000260e-01,-4.395660000000000123e-01,6.626220000000000443e-01,1.352410000000000001e-01,3.844750000000000112e-01,-4.090989999999999904e-01,1.002099999999999935e-01,-2.130819999999999936e-01,2.568540000000000267e-01,-7.165999999999999627e-03,6.268000000000000134e-03,-1.448899999999999910e-01,3.080499999999999905e-02,-1.412480000000000124e-01,-4.696649999999999991e-01,2.844789999999999819e-01,-4.743850000000000011e-01,-4.995319999999999760e-01,-3.770899999999999808e-01,-2.492560000000000053e-01,-4.772400000000000253e-02,4.276309999999999834e-01,5.329329999999999901e-01,5.279719999999999969e-01,7.584610000000000518e-01,-3.820990000000000220e-01,4.407019999999999826e-01,8.852320000000000189e-01,2.842000000000000082e-01,7.308750000000000524e-01,-2.093019999999999881e-01,2.604909999999999726e-01,-6.563499999999999890e-02,6.801180000000000003e-01,4.443469999999999920e-01,3.315469999999999806e-01,2.543969999999999843e-01,-3.140169999999999906e-01,9.110699999999999354e-02,3.797969999999999957e-01,-6.901400000000000590e-02,6.702329999999999677e-01,1.064459999999999990e-01,5.889480000000000270e-01,-2.064399999999999916e-02,-2.000979999999999981e-01,-2.637820000000000165e-01,7.117360000000000353e-01,-3.824739999999999807e-01,1.882070000000000132e-01,-2.732020000000000004e-01,-5.707849999999999868e-01
2.048020000000000118e-01,5.701340000000000297e-01,4.608329999999999926e-01,7.700700000000000600e-02,-6.344600000000000239e-02,6.425210000000000088e-01,9.160600000000000687e-02,1.000000000000000000e+00,1.315800000000000025e-01,2.880550000000000055e-01,1.345949999999999924e-01,2.751930000000000209e-01,4.671250000000000124e-01,9.592399999999999538e-02,-2.979470000000000174e-01,-2.135759999999999881e-01,9.317400000000000682e-02,-2.506249999999999867e-01,9.071400000000000297e-02,-3.682200000000000056e-02,2.233380000000000087e-01,-1.161380000000000051e-01,4.476450000000000151e-01,6.303050000000000042e-01,4.905500000000000138e-02,3.877630000000000243e-01,-1.533990000000000076e-01,4.606180000000000274e-01,-8.255999999999999450e-03,2.660000000000000038e-03,5.771600000000000341e-02,3.990040000000000253e-01,3.504959999999999742e-01,1.723989999999999967e-01,-5.247899999999999787e-02,5.401669999999999527e-01,1.700029999999999875e-01,1.351749999999999896e-01,2.079600000000000060e-01,1.677170000000000050e-01,1.710499999999999868e-02,-3.108999999999999785e-03,4.519679999999999809e-01,3.887120000000000020e-01,3.568720000000000225e-01,1.198500000000000086e-02,3.866220000000000212e-01,2.879740000000000077e-01,1.969529999999999892e-01,7.286099999999999521e-02,4.331920000000000215e-01,8.936900000000000399e-02,7.320889999999999898e-01,2.378919999999999924e-01,2.142910000000000093e-01,2.975709999999999744e-01,4.276110000000000189e-01,3.427479999999999971e-01,3.485369999999999857e-01,-2.935610000000000164e-01,-3.964329999999999798e-01,2.912000000000000144e-01,-4.203169999999999962e-01,-2.125000000000000153e-03,-3.323439999999999728e-01,1.944730000000000070e-01,-2.838789999999999925e-01,3.236029999999999740e-01,5.640960000000000418e-01,1.306500000000000022e-02,3.571710000000000163e-01,-1.042050000000000060e-01,2.137310000000000043e-01,-4.589840000000000031e-01,-1.522439999999999904e-01,-1.191429999999999989e-01
6.034850000000000492e-01,-3.848210000000000242e-01,6.221719999999999473e-01,7.416249999999999787e-01,9.211300000000000043e-01,2.279329999999999967e-01,8.558409999999999629e-01,1.315800000000000025e-01,1.000000000000000000e+00,-2.857049999999999867e-01,-2.673240000000000061e-01,-5.304750000000000298e-01,8.085399999999999532e-02,-1.867030000000000078e-01,4.631210000000000049e-01,-1.663149999999999906e-01,-3.694490000000000274e-01,-4.445060000000000122e-01,6.554309999999999858e-01,-2.234389999999999987e-01,6.686090000000000089e-01,-2.738829999999999876e-01,6.531540000000000123e-01,-7.254900000000000237e-02,-7.149699999999999944e-01,-5.433480000000000532e-01,5.986909999999999732e-01,7.149800000000000599e-02,2.097920000000000063e-01,-4.129260000000000153e-01,8.299600000000000033e-02,-2.525069999999999815e-01,3.690950000000000064e-01,-9.500000000000000523e-05,9.621100000000000485e-02,-1.781159999999999966e-01,4.896600000000000258e-02,-1.535580000000000001e-01,-5.364360000000000239e-01,4.296119999999999939e-01,-4.998469999999999858e-01,-5.056880000000000264e-01,-3.864360000000000017e-01,-3.304980000000000140e-01,4.191799999999999693e-02,6.224349999999999605e-01,6.343320000000000070e-01,5.280319999999999458e-01,8.532610000000000472e-01,-3.985620000000000274e-01,4.421539999999999915e-01,9.249049999999999772e-01,2.923410000000000175e-01,8.401710000000000012e-01,-2.560740000000000238e-01,2.110180000000000111e-01,-8.852999999999999758e-02,6.904400000000000537e-01,4.262520000000000198e-01,4.253109999999999946e-01,1.481669999999999932e-01,-3.398880000000000234e-01,-1.518899999999999938e-02,3.400020000000000264e-01,-1.400619999999999921e-01,7.710399999999999476e-01,8.342499999999999916e-02,6.563010000000000232e-01,1.591569999999999929e-01,-2.860420000000000185e-01,-2.650620000000000198e-01,6.786959999999999660e-01,-4.513249999999999762e-01,6.880000000000000004e-02,-3.935020000000000184e-01,-7.153580000000000494e-01
-4.130099999999999882e-01,5.045859999999999790e-01,6.791099999999999914e-02,-5.541900000000000298e-02,-3.609169999999999878e-01,2.074209999999999943e-01,-1.434789999999999954e-01,2.880550000000000055e-01,-2.857049999999999867e-01,1.000000000000000000e+00,-4.419900000000000218e-02,6.424469999999999903e-01,4.940019999999999967e-01,3.091260000000000119e-01,-6.077909999999999702e-01,5.041130000000000333e-01,3.576690000000000147e-01,5.288810000000000455e-01,1.473260000000000125e-01,1.658469999999999944e-01,-4.380069999999999797e-01,1.649410000000000043e-01,-1.725619999999999932e-01,3.072929999999999828e-01,4.624710000000000210e-01,4.206289999999999751e-01,-2.827180000000000248e-01,5.711699999999999555e-01,-2.039099999999999940e-02,4.373070000000000013e-01,3.134350000000000191e-01,4.235550000000000148e-01,2.848970000000000113e-01,3.758739999999999859e-01,-2.364620000000000055e-01,5.443519999999999470e-01,5.702509999999999524e-01,-1.316060000000000008e-01,4.086759999999999837e-01,4.685000000000000275e-02,2.358439999999999981e-01,5.937400000000000316e-02,5.460350000000000481e-01,5.578340000000000520e-01,2.216069999999999984e-01,-4.309850000000000070e-01,5.046000000000000138e-03,1.191880000000000023e-01,2.283200000000000160e-02,1.188059999999999949e-01,1.507390000000000119e-01,-1.259800000000000086e-01,2.163740000000000108e-01,-2.885070000000000134e-01,8.688850000000000184e-01,-1.607689999999999952e-01,6.902129999999999654e-01,2.135450000000000126e-01,3.546929999999999805e-01,-5.039540000000000131e-01,1.750099999999999920e-02,8.196830000000000505e-01,3.181329999999999991e-01,1.738870000000000138e-01,1.019100000000000006e-01,-4.126980000000000093e-01,1.982960000000000000e-01,-1.805700000000000083e-01,1.438059999999999894e-01,5.897620000000000084e-01,5.238049999999999651e-01,-2.893830000000000013e-01,7.818230000000000457e-01,8.556300000000000017e-02,3.103299999999999947e-01,4.576749999999999985e-01
8.599400000000000099e-02,2.511939999999999729e-01,3.273070000000000146e-01,-4.090699999999999892e-01,-1.442170000000000119e-01,3.431270000000000153e-01,-2.238600000000000034e-01,1.345949999999999924e-01,-2.673240000000000061e-01,-4.419900000000000218e-02,1.000000000000000000e+00,2.233259999999999967e-01,1.895840000000000025e-01,3.559959999999999791e-01,1.187669999999999976e-01,3.243900000000000255e-02,3.043629999999999947e-01,9.623700000000000310e-02,1.853000000000000046e-03,1.546069999999999944e-01,1.107029999999999959e-01,2.317110000000000003e-01,1.905620000000000092e-01,3.000300000000000189e-01,4.659289999999999821e-01,4.239589999999999748e-01,1.101069999999999965e-01,-3.702300000000000035e-02,3.187429999999999986e-01,1.092439999999999939e-01,-2.492779999999999996e-01,-3.080899999999999958e-02,2.110700000000000076e-02,-2.311699999999999866e-02,-4.571999999999999675e-03,-5.147499999999999992e-02,-3.344730000000000203e-01,3.662850000000000272e-01,-6.965799999999999770e-02,-2.534900000000000000e-02,2.957810000000000161e-01,2.735259999999999914e-01,-2.273299999999999974e-02,-1.061349999999999932e-01,7.585899999999999588e-02,-6.911499999999999588e-02,-9.520000000000000467e-04,2.557900000000000174e-01,-3.909119999999999817e-01,4.821400000000000130e-01,-2.381899999999999989e-02,-2.815400000000000125e-01,-1.471500000000000065e-02,8.359999999999999376e-03,-4.235599999999999782e-02,5.441510000000000513e-01,8.323099999999999943e-02,-1.525579999999999992e-01,-2.618090000000000139e-01,8.741300000000000459e-02,9.322800000000000531e-02,6.440800000000000691e-02,-1.028970000000000024e-01,5.455600000000000033e-02,9.284699999999999898e-02,-1.839100000000000110e-02,2.681199999999999903e-02,8.425499999999999656e-02,1.401890000000000081e-01,1.173809999999999992e-01,1.988830000000000042e-01,-2.049499999999999933e-02,1.165189999999999976e-01,-3.353899999999999937e-02,6.261500000000000399e-02,2.204909999999999926e-01
-4.828109999999999902e-01,5.076760000000000161e-01,-1.053850000000000064e-01,-3.966839999999999811e-01,-5.144950000000000356e-01,2.089729999999999921e-01,-4.323899999999999966e-01,2.751930000000000209e-01,-5.304750000000000298e-01,6.424469999999999903e-01,2.233259999999999967e-01,1.000000000000000000e+00,3.787519999999999776e-01,3.876829999999999998e-01,-5.494759999999999645e-01,3.174699999999999744e-01,4.715880000000000072e-01,5.353449999999999598e-01,-1.251180000000000070e-01,6.251400000000000012e-02,-4.484679999999999778e-01,1.150790000000000007e-01,-2.104600000000000082e-01,5.512329999999999730e-01,5.818630000000000191e-01,6.130809999999999871e-01,-4.712040000000000117e-01,3.216080000000000050e-01,-1.784630000000000105e-01,4.542660000000000031e-01,-2.529599999999999904e-02,2.567729999999999735e-01,2.192799999999999958e-02,1.251990000000000047e-01,-1.279279999999999862e-01,4.476669999999999816e-01,3.195040000000000102e-01,-3.743900000000000006e-02,3.417339999999999822e-01,-1.492690000000000128e-01,2.676930000000000143e-01,1.796250000000000069e-01,4.275840000000000196e-01,4.560509999999999842e-01,1.159219999999999973e-01,-5.098439999999999639e-01,-1.941100000000000048e-01,7.024999999999999994e-03,-3.448800000000000199e-01,1.924269999999999869e-01,1.137499999999999969e-02,-4.596459999999999990e-01,7.071600000000000108e-02,-4.600679999999999770e-01,5.979750000000000343e-01,-6.871499999999999830e-02,7.083479999999999777e-01,-8.259299999999999975e-02,-7.214800000000000380e-02,-5.263409999999999478e-01,-1.225839999999999985e-01,6.176760000000000028e-01,1.455660000000000009e-01,5.124800000000000189e-02,5.916300000000000031e-02,-5.023220000000000462e-01,-4.734000000000000360e-03,-2.584640000000000271e-01,2.051610000000000100e-01,4.053590000000000249e-01,5.486299999999999510e-01,-4.601500000000000035e-01,6.352719999999999478e-01,-1.104730000000000018e-01,2.866339999999999999e-01,4.863310000000000133e-01
4.056200000000000083e-02,6.077770000000000117e-01,4.341760000000000064e-01,1.450279999999999903e-01,1.094000000000000007e-02,7.028180000000000538e-01,3.133259999999999934e-01,4.671250000000000124e-01,8.085399999999999532e-02,4.940019999999999967e-01,1.895840000000000025e-01,3.787519999999999776e-01,1.000000000000000000e+00,2.684420000000000139e-01,-2.444179999999999964e-01,3.348499999999999810e-01,5.399249999999999883e-01,2.980880000000000196e-01,2.307869999999999922e-01,2.268360000000000098e-01,1.173850000000000032e-01,2.243900000000000061e-01,2.540760000000000240e-01,3.663339999999999930e-01,2.067400000000000071e-01,5.160820000000000407e-01,7.876400000000000068e-02,6.575509999999999966e-01,4.280280000000000196e-01,9.517399999999999471e-02,1.298100000000000087e-01,3.519740000000000091e-01,2.164210000000000023e-01,1.791359999999999897e-01,-1.108299999999999980e-01,3.943909999999999916e-01,2.562909999999999910e-01,5.809399999999999981e-02,1.269540000000000113e-01,3.097099999999999853e-02,-1.673499999999999988e-02,-7.937500000000000111e-02,2.852399999999999936e-01,3.376620000000000177e-01,1.545860000000000012e-01,-2.338659999999999906e-01,1.934049999999999936e-01,4.196329999999999782e-01,1.412920000000000009e-01,1.850300000000000000e-01,3.458019999999999983e-01,1.746560000000000057e-01,3.330199999999999827e-01,2.217270000000000074e-01,3.384110000000000174e-01,2.746439999999999992e-01,4.407380000000000186e-01,4.470879999999999854e-01,3.449840000000000129e-01,-2.385780000000000123e-01,8.858099999999999308e-02,4.299169999999999936e-01,1.704299999999999982e-01,1.229060000000000014e-01,2.198999999999999913e-02,1.076690000000000008e-01,1.315089999999999870e-01,9.462500000000000078e-02,1.416910000000000114e-01,1.081020000000000036e-01,3.643669999999999964e-01,1.025000000000000086e-03,4.008490000000000109e-01,-6.935399999999999898e-02,-7.492999999999999661e-03,9.278200000000000336e-02
-1.476929999999999910e-01,1.068280000000000063e-01,3.506000000000000089e-02,-2.364690000000000125e-01,-6.096200000000000230e-02,2.971989999999999910e-01,-5.184899999999999926e-02,9.592399999999999538e-02,-1.867030000000000078e-01,3.091260000000000119e-01,3.559959999999999791e-01,3.876829999999999998e-01,2.684420000000000139e-01,1.000000000000000000e+00,-3.621300000000000213e-02,1.871579999999999910e-01,1.832640000000000102e-01,2.745699999999999807e-01,1.343290000000000040e-01,1.391719999999999902e-01,-1.138659999999999950e-01,1.066750000000000059e-01,1.150759999999999977e-01,1.497960000000000125e-01,3.833400000000000141e-01,2.193779999999999897e-01,9.735599999999999810e-02,1.123849999999999988e-01,1.657810000000000117e-01,3.426199999999999801e-01,-9.759000000000000313e-03,3.243499999999999855e-02,-4.073299999999999838e-02,4.124400000000000288e-02,-2.627550000000000163e-01,1.286370000000000013e-01,5.895600000000000146e-02,-1.621699999999999878e-02,8.165999999999999648e-02,-1.331799999999999928e-01,1.844169999999999976e-01,-6.156899999999999873e-02,1.766429999999999945e-01,9.660900000000000043e-02,6.198000000000000384e-03,-2.050990000000000035e-01,-1.128620000000000040e-01,1.590860000000000052e-01,-1.351870000000000016e-01,8.916899999999999826e-02,1.350379999999999914e-01,-1.126039999999999958e-01,1.989769999999999872e-01,-1.400500000000000078e-01,3.370460000000000123e-01,-6.068899999999999989e-02,3.321729999999999960e-01,1.448440000000000005e-01,1.368419999999999914e-01,1.891800000000000079e-02,2.482550000000000034e-01,3.064220000000000277e-01,2.681140000000000190e-01,2.160580000000000001e-01,1.445730000000000071e-01,-1.455579999999999929e-01,1.586889999999999967e-01,1.546119999999999994e-01,-1.595299999999999843e-02,3.096180000000000043e-01,1.735430000000000028e-01,1.028600000000000000e-02,4.009710000000000218e-01,2.126770000000000049e-01,1.583589999999999998e-01,3.670180000000000109e-01
5.677560000000000384e-01,-4.226369999999999849e-01,2.275969999999999938e-01,9.456100000000000616e-02,5.370540000000000314e-01,1.327799999999999987e-02,3.742860000000000076e-01,-2.979470000000000174e-01,4.631210000000000049e-01,-6.077909999999999702e-01,1.187669999999999976e-01,-5.494759999999999645e-01,-2.444179999999999964e-01,-3.621300000000000213e-02,1.000000000000000000e+00,-1.856420000000000015e-01,-1.858990000000000087e-01,-2.844700000000000006e-01,2.491949999999999998e-01,2.430589999999999973e-01,5.946500000000000119e-01,2.664980000000000127e-01,3.760330000000000061e-01,-3.684330000000000105e-01,-3.458999999999999853e-01,-3.404300000000000104e-01,7.418829999999999592e-01,-2.928259999999999752e-01,3.691679999999999962e-01,-3.159120000000000261e-01,1.127920000000000034e-01,-2.182000000000000051e-01,-3.020400000000000168e-02,-9.865599999999999370e-02,1.404489999999999905e-01,-4.295599999999999974e-01,-3.381219999999999781e-01,1.522070000000000090e-01,-3.005760000000000098e-01,7.703500000000000625e-02,-2.991440000000000210e-01,-2.596029999999999727e-01,-5.643799999999999928e-01,-5.994140000000000024e-01,-1.809310000000000085e-01,5.785379999999999967e-01,6.274200000000000610e-02,3.545780000000000043e-01,1.986479999999999912e-01,-4.318799999999999722e-02,1.341769999999999907e-01,4.116659999999999764e-01,-1.007050000000000028e-01,5.873319999999999652e-01,-5.277129999999999876e-01,1.373769999999999991e-01,-4.659880000000000133e-01,1.761409999999999920e-01,-5.733599999999999808e-02,9.031090000000000506e-01,4.182640000000000247e-01,-5.796679999999999611e-01,1.473450000000000037e-01,2.530390000000000139e-01,3.859429999999999805e-01,5.499490000000000212e-01,3.267240000000000144e-01,3.672320000000000029e-01,-2.014640000000000042e-01,-3.229360000000000008e-01,-2.805210000000000203e-01,6.722709999999999519e-01,-5.167519999999999891e-01,3.947740000000000138e-01,-2.852620000000000156e-01,-2.919749999999999845e-01
-1.356370000000000076e-01,2.504879999999999884e-01,5.509999999999999490e-04,-8.510700000000000209e-02,-7.093900000000000206e-02,7.550099999999999867e-02,-4.235599999999999782e-02,-2.135759999999999881e-01,-1.663149999999999906e-01,5.041130000000000333e-01,3.243900000000000255e-02,3.174699999999999744e-01,3.348499999999999810e-01,1.871579999999999910e-01,-1.856420000000000015e-01,1.000000000000000000e+00,3.928139999999999965e-01,7.876250000000000195e-01,1.410959999999999992e-01,7.938499999999999723e-02,-1.889639999999999931e-01,3.115100000000000091e-01,-7.094899999999999818e-02,4.250299999999999911e-02,3.643419999999999992e-01,2.646430000000000171e-01,-4.368999999999999620e-03,2.100680000000000047e-01,2.512050000000000116e-01,2.390299999999999925e-01,1.766580000000000095e-01,1.122500000000000060e-02,2.071159999999999946e-01,1.882840000000000069e-01,-8.257799999999999863e-02,1.135420000000000040e-01,3.383200000000000096e-01,-2.241670000000000051e-01,5.631999999999999854e-03,1.142080000000000040e-01,1.239200000000000024e-01,3.425899999999999779e-02,4.691200000000000231e-02,1.144860000000000044e-01,-1.144779999999999964e-01,-1.894879999999999898e-01,-2.371300000000000144e-02,1.389630000000000032e-01,-1.277299999999999963e-02,9.919100000000000139e-02,-1.623600000000000043e-02,-1.567199999999999843e-02,-2.739219999999999988e-01,-2.030869999999999898e-01,4.768990000000000173e-01,-2.570399999999999907e-01,2.901329999999999742e-01,1.353640000000000121e-01,4.334199999999999858e-02,-1.293320000000000025e-01,2.961650000000000116e-01,4.978360000000000007e-01,5.810579999999999634e-01,1.148279999999999995e-01,1.987440000000000040e-01,-2.261279999999999957e-01,3.104180000000000272e-01,-1.408200000000000007e-01,-1.574810000000000099e-01,3.249580000000000246e-01,2.190840000000000010e-01,-4.973299999999999943e-02,4.281260000000000066e-01,2.682019999999999960e-01,8.520700000000000496e-02,2.376719999999999944e-01
-1.872759999999999980e-01,5.141229999999999967e-01,-4.334000000000000179e-03,-2.525149999999999895e-01,-3.486529999999999907e-01,3.386700000000000266e-01,-1.716129999999999878e-01,9.317400000000000682e-02,-3.694490000000000274e-01,3.576690000000000147e-01,3.043629999999999947e-01,4.715880000000000072e-01,5.399249999999999883e-01,1.832640000000000102e-01,-1.858990000000000087e-01,3.928139999999999965e-01,1.000000000000000000e+00,5.807909999999999462e-01,-1.376179999999999903e-01,1.944049999999999945e-01,-1.884649999999999936e-01,3.218070000000000097e-01,-1.221949999999999981e-01,3.425329999999999764e-01,4.536729999999999929e-01,6.669570000000000221e-01,-1.356080000000000063e-01,2.934919999999999751e-01,1.775480000000000114e-01,1.613360000000000072e-01,6.875499999999999667e-02,2.548880000000000035e-01,-1.218069999999999986e-01,1.026799999999999935e-01,-8.344200000000000228e-02,1.823619999999999963e-01,9.630600000000000271e-02,2.225439999999999918e-01,1.820690000000000086e-01,-1.583720000000000128e-01,1.014720000000000066e-01,1.654470000000000107e-01,1.224009999999999959e-01,1.620900000000000118e-01,-4.052499999999999852e-02,-3.971810000000000063e-01,-2.077489999999999892e-01,1.266510000000000136e-01,-3.571250000000000258e-01,3.318909999999999916e-01,5.026699999999999918e-02,-3.208670000000000133e-01,-8.888400000000000467e-02,-1.406119999999999870e-01,1.319460000000000077e-01,1.552250000000000019e-01,2.877279999999999838e-01,-1.022559999999999997e-01,-1.519119999999999915e-01,-2.305659999999999932e-01,1.238220000000000015e-01,3.110680000000000112e-01,2.591999999999999860e-01,-2.384999999999999967e-03,1.679990000000000094e-01,-2.961699999999999888e-01,7.142900000000000638e-02,-2.852560000000000096e-01,4.319900000000000129e-02,9.494199999999999862e-02,4.299589999999999801e-01,-2.481849999999999890e-01,2.905119999999999925e-01,-7.113099999999999978e-02,9.735000000000000597e-02,2.951440000000000174e-01
-4.052899999999999836e-01,3.024629999999999819e-01,-2.457699999999999885e-01,-2.714929999999999843e-01,-3.209770000000000123e-01,-6.675899999999999890e-02,-2.892210000000000059e-01,-2.506249999999999867e-01,-4.445060000000000122e-01,5.288810000000000455e-01,9.623700000000000310e-02,5.353449999999999598e-01,2.980880000000000196e-01,2.745699999999999807e-01,-2.844700000000000006e-01,7.876250000000000195e-01,5.807909999999999462e-01,1.000000000000000000e+00,-4.674999999999999989e-02,7.154399999999999649e-02,-4.082219999999999738e-01,3.256609999999999783e-01,-3.201030000000000264e-01,1.486929999999999918e-01,5.758809999999999762e-01,4.611310000000000131e-01,-2.617490000000000094e-01,1.306410000000000071e-01,-4.135799999999999893e-02,3.705089999999999772e-01,8.392099999999999560e-02,1.998000000000000210e-03,2.933999999999999976e-03,8.318000000000000393e-02,-2.331070000000000086e-01,1.675399999999999945e-01,3.024410000000000154e-01,-1.111390000000000017e-01,1.627439999999999998e-01,-5.483199999999999880e-02,1.521790000000000087e-01,6.060600000000000015e-02,1.154379999999999989e-01,1.165039999999999965e-01,-1.055050000000000016e-01,-4.474580000000000224e-01,-2.695060000000000233e-01,-6.812799999999999412e-02,-2.831520000000000148e-01,1.078059999999999991e-01,-6.657799999999999829e-02,-3.024919999999999831e-01,-3.323519999999999808e-01,-4.132179999999999742e-01,4.953580000000000205e-01,-2.409799999999999998e-01,3.770490000000000230e-01,-9.686899999999999678e-02,-1.111530000000000018e-01,-2.441830000000000112e-01,1.882030000000000092e-01,5.258519999999999861e-01,6.432529999999999637e-01,6.976799999999999669e-02,3.160529999999999728e-01,-4.657120000000000148e-01,2.811230000000000118e-01,-3.959940000000000127e-01,-1.290800000000000003e-01,4.287779999999999925e-01,3.829549999999999899e-01,-2.956179999999999919e-01,5.408429999999999627e-01,2.751460000000000017e-01,3.143360000000000043e-01,4.030179999999999874e-01
3.103250000000000175e-01,-2.441089999999999927e-01,6.527709999999999901e-01,4.941209999999999769e-01,6.529519999999999769e-01,2.745449999999999835e-01,6.442109999999999781e-01,9.071400000000000297e-02,6.554309999999999858e-01,1.473260000000000125e-01,1.853000000000000046e-03,-1.251180000000000070e-01,2.307869999999999922e-01,1.343290000000000040e-01,2.491949999999999998e-01,1.410959999999999992e-01,-1.376179999999999903e-01,-4.674999999999999989e-02,1.000000000000000000e+00,-1.217799999999999959e-02,4.232290000000000219e-01,-7.838000000000000522e-02,5.261339999999999906e-01,1.035200000000000009e-02,-3.096499999999999808e-01,-3.178699999999999859e-01,5.588840000000000474e-01,2.307589999999999919e-01,3.262320000000000220e-01,-2.516399999999999887e-02,2.614569999999999950e-01,-2.500120000000000120e-01,4.871139999999999914e-01,1.377680000000000016e-01,-2.137500000000000164e-02,-4.328499999999999709e-02,1.883479999999999877e-01,-8.129500000000000615e-02,-4.136190000000000144e-01,3.787989999999999968e-01,-2.945639999999999925e-01,-4.669969999999999954e-01,-2.671939999999999871e-01,-1.584009999999999863e-01,1.088260000000000061e-01,3.808309999999999751e-01,4.659190000000000276e-01,6.501569999999999849e-01,6.585060000000000358e-01,-2.658409999999999940e-01,3.997189999999999910e-01,7.044949999999999823e-01,2.547400000000000220e-01,5.747039999999999926e-01,1.416439999999999921e-01,2.104910000000000114e-01,2.049970000000000125e-01,6.441090000000000426e-01,3.761550000000000171e-01,2.827109999999999901e-01,2.892210000000000059e-01,1.016599999999999969e-02,2.914900000000000269e-01,7.364939999999999820e-01,1.210279999999999967e-01,4.962840000000000029e-01,3.043390000000000262e-01,5.286939999999999973e-01,1.391340000000000077e-01,1.188099999999999989e-01,-4.060000000000000024e-04,5.472430000000000350e-01,1.493500000000000036e-02,3.550809999999999800e-01,-4.866999999999999799e-02,-2.909349999999999992e-01
-2.426800000000000138e-02,2.841770000000000129e-01,7.197399999999999631e-02,-3.252729999999999788e-01,-2.528139999999999832e-01,1.342099999999999960e-01,-1.648249999999999993e-01,-3.682200000000000056e-02,-2.234389999999999987e-01,1.658469999999999944e-01,1.546069999999999944e-01,6.251400000000000012e-02,2.268360000000000098e-01,1.391719999999999902e-01,2.430589999999999973e-01,7.938499999999999723e-02,1.944049999999999945e-01,7.154399999999999649e-02,-1.217799999999999959e-02,1.000000000000000000e+00,-1.062939999999999996e-01,8.359299999999999509e-01,-2.124149999999999927e-01,-2.107989999999999864e-01,1.965880000000000127e-01,2.630199999999999760e-01,2.548270000000000257e-01,3.417839999999999767e-01,4.249550000000000272e-01,3.990270000000000206e-01,4.359799999999999787e-01,4.408900000000000041e-01,2.073699999999999849e-02,3.215939999999999910e-01,-4.931200000000000166e-02,1.310640000000000138e-01,-6.920199999999999962e-02,2.747970000000000135e-01,5.133560000000000345e-01,-1.952190000000000036e-01,2.441210000000000047e-01,7.523900000000000032e-02,2.136329999999999896e-01,1.936400000000000066e-01,1.193840000000000040e-01,-1.540390000000000092e-01,-4.818799999999999750e-01,2.536849999999999938e-01,-2.271950000000000081e-01,3.111229999999999829e-01,-1.218100000000000016e-01,-2.423520000000000119e-01,-9.185300000000000409e-02,9.675000000000000266e-02,6.596499999999999586e-02,-1.471129999999999938e-01,-1.288960000000000106e-01,-9.826400000000000412e-02,-3.892000000000000320e-02,2.571060000000000012e-01,2.790070000000000050e-01,7.579400000000000026e-02,2.182979999999999920e-01,2.026779999999999970e-01,6.585360000000000102e-01,-1.871170000000000055e-01,6.339489999999999847e-01,-2.804470000000000018e-01,-2.910730000000000262e-01,-2.474000000000000071e-03,1.207609999999999933e-01,3.690399999999999930e-02,3.514260000000000161e-01,3.252289999999999903e-01,2.299309999999999965e-01,5.628579999999999695e-01
