1.000000000000000000e+00,-9.031100000000000239e-02,1.862119999999999886e-01,-6.162100000000000216e-02,-7.204399999999999693e-02,3.452259999999999773e-01,-4.233910000000000173e-01,1.783810000000000118e-01,1.671090000000000075e-01,-4.120770000000000266e-01,1.885070000000000079e-01,-2.151899999999999924e-01,-2.397489999999999899e-01,1.701660000000000117e-01,4.663599999999999690e-02,5.376579999999999693e-01,-1.356259999999999966e-01,1.943469999999999920e-01,2.367080000000000017e-01,6.605400000000000160e-02,-6.701999999999999624e-02,2.068700000000000053e-02,5.984070000000000222e-01,4.907699999999999840e-01,7.894800000000000428e-02,1.069319999999999993e-01,3.031610000000000138e-01,-2.057700000000000085e-01,3.581219999999999959e-01,-4.763099999999999973e-02,1.599799999999999833e-02,3.734879999999999867e-01,-6.816899999999999349e-02,3.523919999999999830e-01,1.882010000000000072e-01,-4.438299999999999884e-02,-4.134419999999999762e-01,4.240140000000000020e-01,4.309859999999999802e-01,1.062799999999999995e-01,3.028649999999999953e-01,8.705300000000000538e-02,2.518159999999999843e-01,4.516089999999999827e-01,3.188730000000000175e-01,6.756950000000000456e-01,3.402120000000000144e-01,3.594709999999999850e-01,-2.863890000000000047e-01,-2.738240000000000118e-01,4.435709999999999931e-01,-4.233810000000000073e-01,5.402599999999999764e-02,-3.672899999999999776e-02,-3.566190000000000193e-01,-1.293169999999999875e-01,-3.980549999999999922e-01,2.946779999999999955e-01,3.693500000000000255e-02,1.213619999999999977e-01,5.589009999999999811e-01,-1.284299999999999886e-01,-7.882400000000000517e-02,1.815039999999999987e-01,2.774829999999999797e-01,-7.606300000000000561e-02,5.060689999999999911e-01,6.272199999999999998e-01,4.820429999999999993e-01,3.210729999999999973e-01,3.831749999999999878e-01,5.269279999999999520e-01,2.172109999999999874e-01,5.974810000000000398e-01,5.256539999999999546e-01,6.291729999999999823e-01
-9.031100000000000239e-02,1.000000000000000000e+00,-1.016529999999999934e-01,-5.128599999999999826e-02,2.533799999999999941e-02,5.055269999999999486e-01,4.672669999999999879e-01,4.365160000000000151e-01,1.361009999999999998e-01,5.858480000000000354e-01,7.201799999999999868e-02,1.011289999999999967e-01,6.290339999999999820e-01,-1.723119999999999929e-01,6.015260000000000051e-01,1.630129999999999912e-01,5.799870000000000303e-01,2.945070000000000188e-01,-5.043799999999999673e-02,4.765440000000000231e-01,6.594200000000000061e-01,7.192159999999999664e-01,8.517900000000000471e-02,-2.114379999999999871e-01,8.468980000000000397e-01,7.188330000000000553e-01,2.763189999999999813e-01,2.557150000000000256e-01,3.844000000000000195e-01,4.302940000000000098e-01,5.165560000000000151e-01,-1.674430000000000085e-01,1.390949999999999964e-01,-1.858970000000000067e-01,-2.593849999999999767e-01,1.704960000000000087e-01,1.094839999999999980e-01,-9.957000000000000572e-02,-2.598690000000000166e-01,-3.799000000000000293e-02,-3.318400000000000238e-01,-3.368889999999999940e-01,-9.051700000000000024e-02,-2.801469999999999794e-01,-1.647599999999999898e-01,-2.980169999999999764e-01,-2.926600000000000035e-02,-2.158760000000000123e-01,2.159540000000000071e-01,1.948290000000000022e-01,-1.772589999999999999e-01,2.418329999999999924e-01,5.323440000000000394e-01,1.152839999999999976e-01,-9.995000000000000412e-03,1.870590000000000031e-01,7.597399999999999987e-02,-1.613559999999999994e-01,4.534099999999999936e-02,5.117119999999999447e-01,-7.680199999999999527e-02,2.434189999999999965e-01,3.019450000000000189e-01,-9.584700000000000164e-02,1.832699999999999954e-02,7.015940000000000509e-01,-3.615000000000000158e-02,-1.223329999999999973e-01,-1.157299999999999995e-02,-2.009330000000000005e-01,-1.183649999999999980e-01,4.558700000000000252e-02,-1.170200000000000060e-02,-2.569500000000000117e-01,-2.901300000000000059e-02,-4.796650000000000080e-01
1.862119999999999886e-01,-1.016529999999999934e-01,1.000000000000000000e+00,-2.752539999999999987e-01,7.882529999999999815e-01,2.966719999999999913e-01,-7.152500000000000524e-02,1.922369999999999912e-01,7.884229999999999849e-01,-1.827050000000000063e-01,8.985340000000000549e-01,4.740000000000000289e-03,7.561800000000000466e-02,9.334599999999999842e-02,3.694910000000000139e-01,1.705879999999999896e-01,-1.322429999999999994e-01,1.113940000000000069e-01,9.101359999999999451e-01,6.401109999999999856e-01,-1.113230000000000053e-01,3.005720000000000058e-01,3.317599999999999993e-01,1.136000000000000031e-02,-7.032399999999999762e-02,-1.156439999999999968e-01,6.300829999999999487e-01,4.687319999999999820e-01,4.184860000000000246e-01,3.970469999999999833e-01,-7.478200000000000125e-02,-5.098099999999999854e-02,-5.630230000000000512e-01,-2.917089999999999961e-01,-1.911380000000000023e-01,-4.640999999999999986e-02,-2.324640000000000040e-01,1.717700000000000130e-02,-8.111400000000000554e-02,-5.766590000000000327e-01,-2.837430000000000230e-01,-2.806330000000000213e-01,-1.770899999999999905e-02,2.756600000000000023e-02,-2.311300000000000160e-02,7.375600000000000211e-02,-1.991459999999999897e-01,9.023200000000000109e-01,-3.031159999999999966e-01,4.244069999999999787e-01,4.593840000000000146e-01,-1.486979999999999968e-01,4.108200000000000046e-02,8.154869999999999619e-01,-2.351930000000000132e-01,6.892310000000000381e-01,-1.399739999999999873e-01,1.181969999999999965e-01,3.448229999999999906e-01,3.076320000000000165e-01,3.826500000000000040e-02,-1.903239999999999932e-01,-1.782279999999999975e-01,9.086180000000000367e-01,7.852839999999999820e-01,-1.113920000000000049e-01,5.213250000000000384e-01,3.316160000000000219e-01,-5.391599999999999865e-02,-1.049270000000000064e-01,-1.287919999999999898e-01,5.409329999999999972e-01,3.535150000000000237e-01,2.939519999999999911e-01,4.226500000000000257e-01,1.106030000000000069e-01
-6.162100000000000216e-02,-5.128599999999999826e-02,-2.752539999999999987e-01,1.000000000000000000e+00,-1.131849999999999939e-01,-7.420599999999999419e-02,2.476780000000000093e-01,-1.096229999999999982e-01,-2.400670000000000026e-01,7.845799999999999996e-02,-3.772929999999999895e-01,5.162599999999999828e-02,2.328919999999999879e-01,2.831040000000000223e-01,-3.227229999999999821e-01,4.982700000000000323e-02,2.397249999999999936e-01,1.904949999999999977e-01,-2.401590000000000114e-01,-2.442429999999999879e-01,-1.211150000000000004e-01,-8.880399999999999405e-02,-5.085300000000000237e-02,2.377519999999999911e-01,-7.722199999999999898e-02,1.317740000000000022e-01,-3.076019999999999865e-01,1.380909999999999915e-01,-1.561349999999999960e-01,-1.490680000000000061e-01,2.009199999999999875e-01,2.665449999999999764e-01,4.262079999999999758e-01,2.333999999999999964e-01,2.540379999999999860e-01,2.572550000000000114e-01,2.159739999999999993e-01,1.807989999999999875e-01,2.646519999999999984e-01,3.692610000000000059e-01,3.165879999999999805e-01,2.975389999999999979e-01,2.667269999999999919e-01,2.065520000000000134e-01,1.636110000000000064e-01,1.725990000000000024e-01,2.955209999999999781e-01,-2.306380000000000097e-01,2.657329999999999970e-01,6.423399999999999943e-02,6.936699999999999811e-02,2.455090000000000050e-01,1.204110000000000041e-01,-2.617809999999999859e-01,2.797600000000000087e-01,-2.814389999999999947e-01,1.516160000000000008e-01,2.878649999999999820e-01,1.493690000000000018e-01,-4.197380000000000000e-01,1.462670000000000081e-01,3.848770000000000246e-01,3.555449999999999999e-01,-1.905010000000000037e-01,-2.480610000000000037e-01,-1.219449999999999978e-01,-1.348380000000000134e-01,6.297999999999999432e-02,2.443659999999999999e-01,3.103520000000000167e-01,3.677010000000000001e-01,-1.919470000000000065e-01,1.924720000000000042e-01,6.226199999999999790e-02,-7.026999999999999913e-02,2.280969999999999942e-01
-7.204399999999999693e-02,2.533799999999999941e-02,7.882529999999999815e-01,-1.131849999999999939e-01,1.000000000000000000e+00,2.076419999999999932e-01,3.668799999999999839e-01,1.094030000000000002e-01,7.626979999999999871e-01,1.095720000000000027e-01,7.360379999999999701e-01,-8.274999999999999370e-03,3.035300000000000220e-01,1.317840000000000122e-01,3.196010000000000240e-01,4.931200000000000166e-02,5.512500000000000039e-02,7.876299999999999968e-02,7.040710000000000024e-01,6.511839999999999851e-01,2.195799999999999835e-02,4.259080000000000088e-01,1.032870000000000038e-01,-2.035480000000000067e-01,-3.906599999999999656e-02,-1.171449999999999991e-01,6.035700000000000509e-01,6.144859999999999767e-01,4.379549999999999832e-01,3.784830000000000139e-01,1.331199999999999883e-01,-2.377130000000000076e-01,-3.857909999999999950e-01,-3.511170000000000124e-01,-3.012719999999999843e-01,2.125529999999999919e-01,-7.452799999999999703e-02,-1.651430000000000120e-01,-2.639380000000000059e-01,-5.725179999999999714e-01,-3.906930000000000125e-01,-2.658840000000000092e-01,-5.084199999999999831e-02,-1.293489999999999918e-01,-2.151419999999999999e-01,-1.264699999999999991e-01,-3.248429999999999929e-01,6.597300000000000386e-01,-5.118899999999999839e-02,6.215110000000000356e-01,2.721480000000000010e-01,1.646900000000000031e-01,1.044940000000000035e-01,8.354909999999999837e-01,-1.025559999999999944e-01,6.633299999999999752e-01,-3.715399999999999953e-02,6.270999999999999665e-03,3.340460000000000096e-01,1.548110000000000042e-01,-1.429979999999999862e-01,-8.148099999999999787e-02,-1.614600000000000063e-02,6.926109999999999767e-01,5.834529999999999994e-01,1.932700000000000043e-02,2.567650000000000210e-01,9.577499999999999902e-02,-2.458359999999999990e-01,-2.356840000000000046e-01,-2.797709999999999919e-01,4.116159999999999819e-01,2.733010000000000161e-01,1.128740000000000021e-01,1.738979999999999970e-01,-1.143290000000000001e-01
3.452259999999999773e-01,5.055269999999999486e-01,2.966719999999999913e-01,-7.420599999999999419e-02,2.076419999999999932e-01,1.000000000000000000e+00,3.014800000000000119e-02,4.215079999999999938e-01,4.297050000000000036e-01,-9.550400000000000555e-02,3.317910000000000026e-01,4.495999999999999996e-02,4.334790000000000032e-01,1.572020000000000084e-01,3.144669999999999965e-01,4.014019999999999810e-01,1.641150000000000109e-01,3.628919999999999924e-01,3.596239999999999992e-01,3.630920000000000258e-01,1.145830000000000043e-01,4.255659999999999998e-01,6.120259999999999589e-01,2.608690000000000175e-01,4.259720000000000173e-01,4.273370000000000224e-01,5.499420000000000419e-01,1.938269999999999993e-01,6.170740000000000114e-01,2.316259999999999986e-01,1.618320000000000036e-01,8.869199999999999307e-02,-1.237430000000000058e-01,1.042259999999999992e-01,-9.846299999999999497e-02,1.220539999999999958e-01,-1.870620000000000061e-01,2.074030000000000040e-01,9.743000000000000271e-02,-1.386259999999999992e-01,-1.748999999999999904e-03,-1.737019999999999953e-01,-1.396599999999999925e-02,1.020650000000000029e-01,1.242599999999999955e-01,1.488790000000000113e-01,2.141220000000000068e-01,2.892170000000000019e-01,-2.998660000000000214e-01,6.138000000000000227e-03,5.290300000000000002e-01,-2.912429999999999741e-01,3.257390000000000008e-01,2.743160000000000043e-01,-3.685829999999999940e-01,2.010339999999999905e-01,-1.982790000000000108e-01,1.919949999999999990e-01,6.843599999999999683e-02,2.586740000000000150e-01,3.568020000000000080e-01,-6.390300000000000147e-02,4.964099999999999763e-02,3.027210000000000178e-01,2.393460000000000032e-01,1.406260000000000010e-01,3.281250000000000000e-01,4.584949999999999859e-01,2.962819999999999898e-01,1.401949999999999863e-01,1.614049999999999929e-01,5.124109999999999498e-01,1.594579999999999886e-01,2.797939999999999872e-01,4.253819999999999824e-01,1.371169999999999889e-01
-4.233910000000000173e-01,4.672669999999999879e-01,-7.152500000000000524e-02,2.476780000000000093e-01,3.668799999999999839e-01,3.014800000000000119e-02,1.000000000000000000e+00,-1.704000000000000003e-03,2.336340000000000083e-01,7.561459999999999848e-01,-4.705899999999999667e-02,1.877799999999999955e-02,7.100269999999999637e-01,5.680400000000000033e-02,2.364469999999999905e-01,-1.520569999999999977e-01,6.752749999999999586e-01,1.032129999999999992e-01,-1.237859999999999933e-01,3.990699999999999803e-01,4.214209999999999900e-01,5.919699999999999962e-01,-3.149250000000000105e-01,-3.668060000000000209e-01,3.704040000000000110e-01,2.474600000000000133e-01,1.834199999999999997e-01,5.316509999999999847e-01,2.583739999999999926e-01,2.171899999999999942e-01,6.894390000000000240e-01,-2.504719999999999724e-01,3.223730000000000206e-01,-1.566720000000000057e-01,-2.446480000000000044e-01,4.539489999999999914e-01,3.484990000000000032e-01,-1.865380000000000094e-01,-2.899829999999999908e-01,-1.018669999999999992e-01,-3.045510000000000161e-01,-8.648899999999999644e-02,3.870900000000000035e-02,-2.641330000000000067e-01,-2.753889999999999949e-01,-3.088819999999999899e-01,-1.859629999999999894e-01,-2.585520000000000040e-01,4.369020000000000126e-01,5.214609999999999523e-01,-2.808649999999999758e-01,7.153439999999999799e-01,3.548089999999999855e-01,2.751210000000000044e-01,3.599280000000000257e-01,2.128379999999999994e-01,9.899399999999999866e-02,-6.863099999999999756e-02,2.716290000000000093e-01,-2.183300000000000171e-02,-3.597659999999999747e-01,3.750410000000000132e-01,4.433270000000000266e-01,-1.524359999999999882e-01,-7.467699999999999338e-02,4.602859999999999729e-01,-2.970269999999999855e-01,-3.409829999999999806e-01,-2.028790000000000038e-01,-1.538809999999999900e-01,-2.004199999999999871e-01,-1.048720000000000069e-01,6.878800000000000192e-02,-2.749780000000000002e-01,-3.303519999999999790e-01,-4.244470000000000187e-01
1.783810000000000118e-01,4.365160000000000151e-01,1.922369999999999912e-01,-1.096229999999999982e-01,1.094030000000000002e-01,4.215079999999999938e-01,-1.704000000000000003e-03,1.000000000000000000e+00,1.941910000000000025e-01,2.737760000000000193e-01,2.331759999999999944e-01,3.224790000000000156e-01,2.947919999999999985e-01,-2.551089999999999747e-01,4.218390000000000195e-01,7.630399999999999683e-02,8.196199999999999319e-02,8.335399999999999754e-02,1.560610000000000053e-01,2.067049999999999998e-01,5.919130000000000225e-01,2.103089999999999959e-01,5.477070000000000549e-01,1.161259999999999931e-01,3.535780000000000034e-01,4.083640000000000048e-01,1.371560000000000001e-01,1.865799999999999959e-01,1.575249999999999984e-01,4.156270000000000242e-01,1.516369999999999940e-01,-1.406679999999999875e-01,-1.607030000000000125e-01,-2.600230000000000041e-01,-2.842069999999999874e-01,1.931400000000000131e-02,8.024399999999999589e-02,-2.469000000000000014e-02,-1.637149999999999994e-01,8.831000000000000308e-03,-3.383479999999999821e-01,-3.743569999999999953e-01,-1.708079999999999876e-01,-2.437380000000000102e-01,-2.083929999999999949e-01,-3.249200000000000005e-02,-3.990799999999999903e-02,2.323949999999999905e-01,1.562649999999999872e-01,8.302500000000000158e-02,2.262480000000000047e-01,3.552600000000000202e-02,7.018410000000000482e-01,1.833670000000000022e-01,8.829999999999999308e-03,1.644789999999999863e-01,2.825280000000000014e-01,-8.674600000000000366e-02,4.913999999999999965e-03,4.887980000000000103e-01,-1.142429999999999973e-01,8.289000000000000534e-02,1.047249999999999986e-01,1.656030000000000002e-01,7.021499999999999964e-02,5.549849999999999506e-01,-1.818300000000000125e-02,2.539330000000000198e-01,4.777599999999999902e-02,-1.622919999999999918e-01,-3.739599999999999869e-02,4.480800000000000061e-02,7.512999999999999713e-03,-5.757600000000000218e-02,1.439400000000000124e-01,-2.789099999999999913e-01
1.671090000000000075e-01,1.361009999999999998e-01,7.884229999999999849e-01,-2.400670000000000026e-01,7.626979999999999871e-01,4.297050000000000036e-01,2.336340000000000083e-01,1.941910000000000025e-01,1.000000000000000000e+00,1.375299999999999960e-02,7.964999999999999858e-01,-1.238350000000000006e-01,2.851779999999999871e-01,-9.143999999999999351e-03,4.900840000000000196e-01,9.871599999999999819e-02,9.431100000000000594e-02,6.294399999999999995e-02,7.410989999999999522e-01,7.451830000000000398e-01,7.093700000000000006e-02,5.230879999999999974e-01,2.646009999999999751e-01,-1.033499999999999974e-01,1.673830000000000040e-01,-4.294300000000000200e-02,8.085989999999999567e-01,5.064410000000000300e-01,6.433510000000000062e-01,3.639330000000000065e-01,2.010510000000000075e-01,-1.427869999999999973e-01,-4.120289999999999786e-01,-1.867000000000000048e-01,-2.124739999999999962e-01,1.024339999999999973e-01,-2.557409999999999961e-01,-1.113500000000000080e-02,-1.364009999999999945e-01,-5.163659999999999917e-01,-3.249560000000000226e-01,-3.824870000000000214e-01,-9.743699999999999584e-02,-6.139200000000000212e-02,-3.871299999999999741e-02,2.303099999999999939e-02,-2.165410000000000112e-01,7.165110000000000090e-01,-2.805570000000000008e-01,4.051210000000000089e-01,3.480150000000000188e-01,2.579299999999999995e-02,1.752380000000000049e-01,9.050289999999999724e-01,-2.650649999999999951e-01,7.087660000000000071e-01,-2.757490000000000219e-01,5.712000000000000063e-03,2.744610000000000105e-01,3.644209999999999949e-01,-2.296300000000000077e-02,-1.726499999999999979e-01,-9.759299999999999919e-02,6.980640000000000178e-01,6.709039999999999448e-01,1.422360000000000013e-01,4.080889999999999795e-01,2.436740000000000017e-01,-4.198500000000000149e-02,-1.313590000000000035e-01,-2.177280000000000049e-01,6.551360000000000516e-01,2.166019999999999890e-01,2.906799999999999939e-01,2.891870000000000274e-01,1.391700000000000055e-02
-4.120770000000000266e-01,5.858480000000000354e-01,-1.827050000000000063e-01,7.845799999999999996e-02,1.095720000000000027e-01,-9.550400000000000555e-02,7.561459999999999848e-01,2.737760000000000193e-01,1.375299999999999960e-02,1.000000000000000000e+00,-1.458049999999999902e-01,3.040970000000000062e-01,5.590800000000000214e-01,-2.483150000000000079e-01,3.883630000000000138e-01,-2.075899999999999967e-01,6.263649999999999496e-01,7.696899999999999575e-02,-2.770420000000000105e-01,3.026400000000000201e-01,7.096299999999999830e-01,5.054389999999999716e-01,-2.572340000000000182e-01,-3.480679999999999885e-01,5.445299999999999585e-01,4.345450000000000146e-01,-5.137599999999999806e-02,3.580829999999999846e-01,4.186800000000000244e-02,3.118219999999999881e-01,6.306920000000000304e-01,-3.136360000000000259e-01,3.162559999999999816e-01,-2.861899999999999999e-01,-3.066159999999999997e-01,3.285859999999999892e-01,4.925999999999999823e-01,-3.244480000000000142e-01,-4.282750000000000168e-01,9.811999999999999542e-03,-4.463159999999999905e-01,-2.325530000000000097e-01,-8.574400000000000077e-02,-4.441780000000000173e-01,-4.062720000000000220e-01,-4.129990000000000050e-01,-3.062210000000000210e-01,-3.454249999999999821e-01,6.174340000000000384e-01,3.599669999999999814e-01,-4.279669999999999863e-01,6.887510000000000021e-01,4.847560000000000202e-01,1.348550000000000026e-01,5.248190000000000355e-01,1.322059999999999902e-01,3.797380000000000200e-01,-2.412410000000000110e-01,1.210669999999999941e-01,2.465670000000000084e-01,-4.639229999999999743e-01,4.645710000000000117e-01,4.799530000000000185e-01,-2.702479999999999882e-01,-1.806490000000000040e-01,7.034120000000000372e-01,-4.248810000000000087e-01,-4.064400000000000235e-01,-2.613340000000000107e-01,-2.794860000000000122e-01,-2.362209999999999865e-01,-3.671200000000000019e-01,-7.635799999999999532e-02,-4.996599999999999930e-01,-4.479190000000000116e-01,-6.413470000000000004e-01
1.885070000000000079e-01,7.201799999999999868e-02,8.985340000000000549e-01,-3.772929999999999895e-01,7.360379999999999701e-01,3.317910000000000026e-01,-4.705899999999999667e-02,2.331759999999999944e-01,7.964999999999999858e-01,-1.458049999999999902e-01,1.000000000000000000e+00,-4.285900000000000126e-02,1.128669999999999951e-01,-2.299999999999999961e-03,4.541040000000000076e-01,1.650149999999999950e-01,-9.222299999999999942e-02,9.699299999999999589e-02,8.618970000000000242e-01,6.683540000000000036e-01,-3.154900000000000065e-02,3.652039999999999731e-01,2.995579999999999909e-01,-8.919299999999999451e-02,7.837199999999999722e-02,-1.483300000000000070e-02,6.804230000000000000e-01,3.663000000000000145e-01,4.344399999999999928e-01,3.469979999999999731e-01,-1.025839999999999946e-01,-1.347919999999999952e-01,-5.389730000000000354e-01,-3.058250000000000135e-01,-1.924490000000000089e-01,-1.105180000000000051e-01,-3.374159999999999937e-01,2.208699999999999899e-02,-1.418989999999999974e-01,-5.599070000000000435e-01,-3.159170000000000034e-01,-3.525139999999999940e-01,-7.309300000000000519e-02,-5.192100000000000187e-02,-1.229599999999999964e-02,1.046000000000000055e-03,-1.620129999999999904e-01,8.414190000000000280e-01,-3.754109999999999947e-01,3.986419999999999964e-01,3.889489999999999892e-01,-1.238599999999999979e-01,1.012200000000000044e-01,7.902919999999999945e-01,-2.711600000000000121e-01,7.810629999999999518e-01,-1.605469999999999953e-01,5.116199999999999914e-02,3.019350000000000089e-01,4.096890000000000254e-01,4.329999999999999648e-03,-2.105740000000000112e-01,-2.015579999999999872e-01,8.486070000000000002e-01,7.661609999999999809e-01,-6.149999999999999868e-04,5.048049999999999482e-01,2.906219999999999914e-01,-3.358200000000000074e-02,-1.477350000000000052e-01,-1.815849999999999964e-01,5.952840000000000353e-01,2.392199999999999882e-01,2.351779999999999982e-01,3.910799999999999832e-01,-1.104499999999999926e-02
-2.151899999999999924e-01,1.011289999999999967e-01,4.740000000000000289e-03,5.162599999999999828e-02,-8.274999999999999370e-03,4.495999999999999996e-02,1.877799999999999955e-02,3.224790000000000156e-01,-1.238350000000000006e-01,3.040970000000000062e-01,-4.285900000000000126e-02,1.000000000000000000e+00,2.269690000000000041e-01,-1.575239999999999974e-01,1.327689999999999981e-01,-1.097140000000000060e-01,2.032380000000000020e-01,2.576419999999999821e-01,3.766900000000000109e-02,-2.665599999999999914e-02,1.547679999999999889e-01,7.967000000000000123e-03,2.021099999999999980e-02,3.230020000000000113e-01,5.525399999999999756e-02,4.117999999999999994e-01,-2.888689999999999869e-01,1.417589999999999961e-01,-2.893260000000000276e-01,1.320290000000000075e-01,-1.748760000000000037e-01,-7.774000000000000354e-02,4.232500000000000151e-02,-1.472179999999999878e-01,-6.545199999999999629e-02,7.185600000000000320e-02,2.769590000000000107e-01,-1.104600000000000026e-02,-5.886299999999999866e-02,1.513909999999999978e-01,-3.461999999999999800e-03,-1.735480000000000078e-01,-1.372510000000000119e-01,-1.653090000000000115e-01,-1.066409999999999997e-01,-1.878859999999999975e-01,-1.271190000000000098e-01,-3.058200000000000154e-02,1.319200000000000095e-01,3.654199999999999809e-02,3.185500000000000137e-02,-2.512199999999999850e-02,2.297269999999999868e-01,-9.624000000000000610e-03,2.846520000000000161e-01,3.761899999999999966e-02,7.596370000000000067e-01,-4.461899999999999894e-02,-3.142699999999999660e-02,1.221499999999999947e-01,-1.038260000000000016e-01,3.263369999999999882e-01,1.439829999999999999e-01,8.607499999999999873e-02,-3.251099999999999823e-02,8.673500000000000654e-02,-8.161200000000000399e-02,-1.183329999999999937e-01,1.113989999999999980e-01,-1.203769999999999979e-01,1.242270000000000041e-01,-3.642679999999999807e-01,5.080199999999999994e-02,-4.128069999999999795e-01,2.985799999999999912e-02,-2.277969999999999995e-01
-2.397489999999999899e-01,6.290339999999999820e-01,7.561800000000000466e-02,2.328919999999999879e-01,3.035300000000000220e-01,4.334790000000000032e-01,7.100269999999999637e-01,2.947919999999999985e-01,2.851779999999999871e-01,5.590800000000000214e-01,1.128669999999999951e-01,2.269690000000000041e-01,1.000000000000000000e+00,8.139899999999999913e-02,3.424740000000000006e-01,1.545320000000000027e-01,7.769909999999999872e-01,4.649059999999999859e-01,1.137650000000000050e-01,4.500879999999999881e-01,3.737989999999999924e-01,6.382240000000000135e-01,4.922399999999999692e-02,-4.084900000000000336e-02,5.217009999999999703e-01,6.039729999999999821e-01,1.844099999999999906e-01,6.189769999999999994e-01,3.079290000000000083e-01,2.697749999999999870e-01,5.470770000000000355e-01,-4.130299999999999944e-02,2.844320000000000181e-01,-9.803000000000000602e-02,-1.675580000000000125e-01,4.152629999999999932e-01,2.424189999999999956e-01,1.105659999999999976e-01,-7.428300000000000181e-02,-7.881100000000000605e-02,-1.672200000000000075e-01,-1.134320000000000050e-01,1.440760000000000096e-01,-8.312400000000000344e-02,-2.626200000000000062e-02,-1.138620000000000049e-01,5.643000000000000099e-02,-6.691500000000000226e-02,2.097930000000000073e-01,4.493099999999999872e-01,5.703699999999999742e-02,4.233999999999999986e-01,5.285539999999999683e-01,2.823999999999999844e-01,2.305979999999999974e-01,2.785290000000000266e-01,2.100799999999999890e-01,1.898269999999999957e-01,3.153210000000000179e-01,1.419700000000000129e-01,-1.063920000000000005e-01,4.951200000000000045e-01,4.765490000000000004e-01,1.021449999999999997e-01,1.094870000000000010e-01,4.218310000000000115e-01,-1.926500000000000087e-02,-8.047999999999999599e-02,6.805999999999999550e-02,4.088999999999999753e-03,6.518200000000000383e-02,2.724000000000000032e-02,3.458600000000000008e-01,-1.095060000000000061e-01,3.366299999999999848e-02,-2.908470000000000222e-01
1.701660000000000117e-01,-1.723119999999999929e-01,9.334599999999999842e-02,2.831040000000000223e-01,1.317840000000000122e-01,1.572020000000000084e-01,5.680400000000000033e-02,-2.551089999999999747e-01,-9.143999999999999351e-03,-2.483150000000000079e-01,-2.299999999999999961e-03,-1.575239999999999974e-01,8.139899999999999913e-02,1.000000000000000000e+00,-3.973380000000000245e-01,2.381179999999999963e-01,1.297879999999999867e-01,2.374989999999999879e-01,8.894699999999999829e-02,-9.951500000000000623e-02,-4.394250000000000100e-01,-3.859699999999999936e-02,1.965339999999999865e-01,2.963919999999999888e-01,-1.830920000000000047e-01,5.215899999999999703e-02,8.909000000000000252e-03,-2.714400000000000146e-02,3.544800000000000034e-02,-3.105220000000000202e-01,6.622300000000000408e-02,5.119340000000000002e-01,3.313479999999999759e-01,3.722300000000000053e-01,3.999980000000000202e-01,1.860169999999999879e-01,-1.264659999999999951e-01,3.691289999999999849e-01,5.420549999999999535e-01,1.456230000000000024e-01,4.368360000000000021e-01,5.027519999999999767e-01,4.970450000000000146e-01,5.295090000000000074e-01,3.750430000000000152e-01,3.917619999999999991e-01,4.480259999999999798e-01,9.779300000000000492e-02,-1.930179999999999951e-01,1.673790000000000000e-01,3.715680000000000094e-01,-1.783099999999999963e-02,-2.354499999999999996e-02,-7.506400000000000572e-02,5.070999999999999987e-03,-1.504939999999999889e-01,-2.170380000000000087e-01,5.279909999999999881e-01,4.325350000000000028e-01,-4.999890000000000168e-01,3.226010000000000266e-01,2.595210000000000017e-01,9.147700000000000276e-02,8.331299999999999817e-02,1.321400000000000005e-02,-4.008939999999999726e-01,1.342279999999999862e-01,3.850089999999999901e-01,3.968050000000000188e-01,5.002579999999999805e-01,5.210339999999999971e-01,1.948000000000000009e-01,3.504050000000000220e-01,2.817049999999999832e-01,1.952099999999999946e-01,4.964160000000000239e-01
4.663599999999999690e-02,6.015260000000000051e-01,3.694910000000000139e-01,-3.227229999999999821e-01,3.196010000000000240e-01,3.144669999999999965e-01,2.364469999999999905e-01,4.218390000000000195e-01,4.900840000000000196e-01,3.883630000000000138e-01,4.541040000000000076e-01,1.327689999999999981e-01,3.424740000000000006e-01,-3.973380000000000245e-01,1.000000000000000000e+00,4.362400000000000305e-02,3.198250000000000259e-01,6.042499999999999954e-02,3.904880000000000018e-01,7.865499999999999714e-01,6.493870000000000475e-01,7.354840000000000266e-01,8.362799999999999401e-02,-2.340180000000000038e-01,6.052509999999999835e-01,3.631220000000000003e-01,5.360190000000000232e-01,4.274749999999999939e-01,4.942289999999999739e-01,6.557520000000000016e-01,3.539939999999999753e-01,-3.641199999999999992e-01,-3.417120000000000157e-01,-4.810769999999999769e-01,-4.321200000000000041e-01,-2.639599999999999932e-02,-5.228300000000000308e-02,-1.690389999999999948e-01,-4.298009999999999886e-01,-3.982319999999999749e-01,-5.779769999999999630e-01,-6.206570000000000142e-01,-2.049360000000000070e-01,-3.546039999999999748e-01,-2.856219999999999870e-01,-2.801210000000000089e-01,-3.726479999999999793e-01,2.628240000000000021e-01,1.282540000000000069e-01,1.897780000000000022e-01,-1.376100000000000101e-01,6.930200000000000249e-02,3.816030000000000255e-01,4.666629999999999945e-01,-1.489520000000000011e-01,5.047549999999999537e-01,-8.498999999999999611e-03,-3.946509999999999740e-01,5.885599999999999860e-02,8.842820000000000125e-01,-7.293099999999999583e-02,-2.662099999999999883e-02,7.972200000000000120e-02,3.332879999999999732e-01,4.902480000000000171e-01,6.728460000000000552e-01,3.113210000000000144e-01,-8.146799999999999875e-02,-1.169950000000000018e-01,-4.257440000000000113e-01,-3.569289999999999963e-01,2.563270000000000270e-01,5.746699999999999725e-02,-7.838000000000000522e-02,1.187010000000000010e-01,-3.767429999999999946e-01
5.376579999999999693e-01,1.630129999999999912e-01,1.705879999999999896e-01,4.982700000000000323e-02,4.931200000000000166e-02,4.014019999999999810e-01,-1.520569999999999977e-01,7.630399999999999683e-02,9.871599999999999819e-02,-2.075899999999999967e-01,1.650149999999999950e-01,-1.097140000000000060e-01,1.545320000000000027e-01,2.381179999999999963e-01,4.362400000000000305e-02,1.000000000000000000e+00,1.035989999999999966e-01,7.213439999999999852e-01,2.256229999999999902e-01,1.666090000000000071e-01,-9.543100000000000194e-02,2.707930000000000059e-01,4.462309999999999888e-01,3.047400000000000109e-01,2.267649999999999944e-01,3.385799999999999921e-01,2.752439999999999887e-01,8.698000000000000176e-02,4.421610000000000262e-01,-3.717999999999999951e-03,1.449719999999999898e-01,3.179190000000000071e-01,7.003800000000000303e-02,2.550549999999999762e-01,1.434549999999999992e-01,5.138999999999999818e-02,-1.220559999999999978e-01,3.336009999999999809e-01,2.793970000000000065e-01,2.842700000000000088e-02,2.386770000000000003e-01,1.370570000000000122e-01,2.465019999999999989e-01,3.240199999999999747e-01,2.286330000000000029e-01,4.642600000000000060e-01,3.289590000000000014e-01,2.452090000000000103e-01,-2.198269999999999946e-01,-2.618499999999999994e-02,4.052689999999999904e-01,-2.206750000000000100e-01,4.887299999999999978e-02,4.066700000000000176e-02,-1.734519999999999951e-01,-3.883700000000000346e-02,-1.405069999999999930e-01,3.341100000000000181e-01,2.677900000000000072e-02,4.528900000000000287e-02,5.808149999999999702e-01,1.296299999999999952e-01,2.835039999999999782e-01,2.108829999999999871e-01,2.829300000000000148e-01,-1.497449999999999892e-01,4.568389999999999951e-01,4.605409999999999782e-01,3.210370000000000168e-01,3.059629999999999850e-01,3.281800000000000272e-01,3.993700000000000028e-01,3.274750000000000161e-01,5.126810000000000533e-01,4.513820000000000054e-01,4.292389999999999817e-01
-1.356259999999999966e-01,5.799870000000000303e-01,-1.322429999999999994e-01,2.397249999999999936e-01,5.512500000000000039e-02,1.641150000000000109e-01,6.752749999999999586e-01,8.196199999999999319e-02,9.431100000000000594e-02,6.263649999999999496e-01,-9.222299999999999942e-02,2.032380000000000020e-01,7.769909999999999872e-01,1.297879999999999867e-01,3.198250000000000259e-01,1.035989999999999966e-01,1.000000000000000000e+00,4.429279999999999884e-01,-6.928499999999999936e-02,3.876829999999999998e-01,4.059760000000000035e-01,6.175859999999999683e-01,-1.555209999999999926e-01,3.430099999999999816e-02,5.867930000000000090e-01,6.623219999999999663e-01,5.061199999999999727e-02,4.206610000000000071e-01,1.966700000000000115e-01,1.962859999999999883e-01,6.352320000000000189e-01,8.911399999999999877e-02,4.859459999999999891e-01,6.022299999999999875e-02,-3.360300000000000092e-02,3.688040000000000207e-01,1.113029999999999992e-01,2.401780000000000026e-01,9.455299999999999816e-02,1.278040000000000009e-01,1.255000000000000039e-02,3.400999999999999943e-03,3.658399999999999985e-01,1.133210000000000051e-01,1.765059999999999962e-01,-2.344000000000000163e-03,9.964599999999999846e-02,-2.720130000000000048e-01,2.499580000000000135e-01,3.387660000000000116e-01,-1.866339999999999943e-01,4.559880000000000044e-01,3.979860000000000064e-01,7.725700000000000622e-02,3.213019999999999765e-01,9.021400000000000252e-02,1.208430000000000060e-01,2.662289999999999934e-01,3.499940000000000273e-01,1.187089999999999951e-01,-4.684100000000000069e-02,6.553400000000000336e-01,5.722629999999999661e-01,-9.766400000000000081e-02,2.334200000000000164e-02,4.747069999999999901e-01,-2.034899999999999903e-02,-1.972099999999999964e-01,1.336029999999999995e-01,1.016819999999999946e-01,1.824139999999999928e-01,-7.339700000000000391e-02,4.446089999999999764e-01,-1.775039999999999951e-01,-4.704699999999999854e-02,-1.680760000000000032e-01
1.943469999999999920e-01,2.945070000000000188e-01,1.113940000000000069e-01,1.904949999999999977e-01,7.876299999999999968e-02,3.628919999999999924e-01,1.032129999999999992e-01,8.335399999999999754e-02,6.294399999999999995e-02,7.696899999999999575e-02,9.699299999999999589e-02,2.576419999999999821e-01,4.649059999999999859e-01,2.374989999999999879e-01,6.042499999999999954e-02,7.213439999999999852e-01,4.429279999999999884e-01,1.000000000000000000e+00,1.891140000000000043e-01,2.058510000000000062e-01,-5.948000000000000162e-03,3.438269999999999937e-01,1.976600000000000024e-01,2.938350000000000128e-01,3.165810000000000013e-01,5.442470000000000363e-01,1.011100000000000054e-01,2.585140000000000216e-01,2.704280000000000017e-01,4.769099999999999728e-02,1.421109999999999873e-01,2.391179999999999972e-01,1.970929999999999904e-01,1.701090000000000102e-01,1.551790000000000114e-01,1.509189999999999976e-01,-1.268500000000000009e-02,2.666870000000000074e-01,2.293850000000000056e-01,6.993800000000000017e-02,2.078419999999999990e-01,7.492999999999999661e-02,2.108420000000000016e-01,1.966090000000000060e-01,2.295329999999999870e-01,2.187129999999999908e-01,2.828729999999999856e-01,1.269679999999999975e-01,-1.132240000000000052e-01,1.566230000000000122e-01,3.205700000000000216e-01,-3.228600000000000220e-02,1.787680000000000102e-01,9.822000000000000175e-02,8.952999999999999847e-02,1.124200000000000026e-02,1.634369999999999989e-01,3.873130000000000184e-01,1.213830000000000048e-01,1.846999999999999901e-03,3.408619999999999983e-01,4.274020000000000041e-01,4.339529999999999776e-01,2.215850000000000042e-01,2.179399999999999948e-01,-6.972200000000000619e-02,3.001599999999999824e-01,1.956769999999999898e-01,2.366640000000000132e-01,2.323209999999999997e-01,3.474820000000000131e-01,1.190279999999999949e-01,3.930089999999999972e-01,1.752620000000000011e-01,2.866500000000000159e-01,1.913539999999999963e-01
2.367080000000000017e-01,-5.043799999999999673e-02,9.101359999999999451e-01,-2.401590000000000114e-01,7.040710000000000024e-01,3.596239999999999992e-01,-1.237859999999999933e-01,1.560610000000000053e-01,7.410989999999999522e-01,-2.770420000000000105e-01,8.618970000000000242e-01,3.766900000000000109e-02,1.137650000000000050e-01,8.894699999999999829e-02,3.904880000000000018e-01,2.256229999999999902e-01,-6.928499999999999936e-02,1.891140000000000043e-01,1.000000000000000000e+00,6.410770000000000080e-01,-1.519880000000000120e-01,3.328209999999999780e-01,2.935260000000000091e-01,1.074169999999999986e-01,-5.573899999999999688e-02,-4.216899999999999815e-02,6.221100000000000518e-01,4.725289999999999768e-01,4.567579999999999973e-01,4.498079999999999856e-01,-1.205900000000000027e-01,1.128200000000000036e-02,-5.944469999999999477e-01,-2.510700000000000154e-01,-1.393210000000000004e-01,-4.053600000000000259e-02,-2.829690000000000261e-01,1.107540000000000052e-01,8.602000000000000271e-03,-5.937160000000000215e-01,-1.844059999999999866e-01,-3.033980000000000010e-01,4.614800000000000152e-02,1.093070000000000014e-01,7.324100000000000055e-02,1.701870000000000049e-01,-7.590199999999999725e-02,8.432239999999999736e-01,-3.922939999999999761e-01,3.604289999999999994e-01,4.390899999999999803e-01,-2.425799999999999901e-01,-4.139999999999999800e-04,7.218820000000000237e-01,-2.705319999999999947e-01,6.445710000000000051e-01,-1.370850000000000124e-01,1.656420000000000115e-01,2.861989999999999812e-01,3.160729999999999928e-01,1.501850000000000129e-01,-1.713649999999999896e-01,-2.048439999999999983e-01,9.355520000000000502e-01,8.397599999999999509e-01,-1.488379999999999981e-01,6.664940000000000309e-01,3.087779999999999969e-01,2.553599999999999967e-02,-4.018599999999999950e-02,-4.424199999999999661e-02,5.868649999999999700e-01,4.451680000000000081e-01,3.294389999999999818e-01,5.740490000000000315e-01,2.087950000000000084e-01
6.605400000000000160e-02,4.765440000000000231e-01,6.401109999999999856e-01,-2.442429999999999879e-01,6.511839999999999851e-01,3.630920000000000258e-01,3.990699999999999803e-01,2.067049999999999998e-01,7.451830000000000398e-01,3.026400000000000201e-01,6.683540000000000036e-01,-2.665599999999999914e-02,4.500879999999999881e-01,-9.951500000000000623e-02,7.865499999999999714e-01,1.666090000000000071e-01,3.876829999999999998e-01,2.058510000000000062e-01,6.410770000000000080e-01,1.000000000000000000e+00,3.811729999999999841e-01,8.692969999999999864e-01,9.132600000000000440e-02,-2.266799999999999926e-01,4.645719999999999850e-01,2.611689999999999845e-01,7.617040000000000477e-01,6.321639999999999482e-01,6.763580000000000148e-01,6.266190000000000371e-01,4.382449999999999957e-01,-2.573719999999999897e-01,-3.471560000000000201e-01,-4.056009999999999893e-01,-3.864520000000000177e-01,9.411999999999999533e-02,-1.478730000000000044e-01,-1.013710000000000028e-01,-3.258260000000000045e-01,-5.417910000000000226e-01,-5.073469999999999924e-01,-5.011109999999999731e-01,-4.444399999999999740e-02,-1.935280000000000056e-01,-1.687430000000000041e-01,-1.739799999999999958e-01,-3.239960000000000062e-01,4.856559999999999766e-01,-2.106399999999999939e-02,4.328170000000000073e-01,4.430800000000000016e-02,1.172009999999999996e-01,2.781989999999999741e-01,7.357010000000000494e-01,-1.821129999999999971e-01,6.626509999999999900e-01,-1.756070000000000131e-01,-1.374569999999999959e-01,2.849590000000000178e-01,5.936050000000000493e-01,-4.028999999999999942e-02,-6.784000000000000100e-03,8.897700000000000053e-02,5.800549999999999873e-01,7.544349999999999667e-01,4.031399999999999983e-01,4.948370000000000268e-01,2.319699999999999887e-02,-1.245419999999999999e-01,-2.844519999999999826e-01,-2.762720000000000176e-01,4.919930000000000136e-01,2.792720000000000202e-01,8.083999999999999519e-02,1.982859999999999900e-01,-2.051600000000000090e-01
