1.000000000000000000e+00,5.855770000000000142e-01,9.074999999999999734e-02,-2.782009999999999761e-01,-8.279599999999999460e-02,1.089289999999999980e-01,2.061419999999999919e-01,4.535999999999999754e-02,5.609299999999999703e-02,2.557240000000000069e-01,8.150200000000000500e-02,2.410879999999999967e-01,-4.605399999999999772e-02,-2.812680000000000180e-01,-1.897540000000000060e-01,3.663830000000000142e-01,1.363560000000000050e-01,1.465930000000000011e-01,2.421169999999999989e-01,-1.064689999999999942e-01,2.634270000000000223e-01,4.711609999999999965e-01,-9.974800000000000333e-02,5.070799999999999752e-01,6.189620000000000122e-01,5.706719999999999571e-01,-2.236209999999999865e-01,-1.415059999999999929e-01,1.500219999999999887e-01,3.509010000000000185e-01,4.439679999999999738e-01,6.476659999999999640e-01,3.693859999999999921e-01,2.332390000000000019e-01,3.436170000000000058e-01,-1.026289999999999980e-01,-1.168209999999999943e-01,-1.970520000000000049e-01,6.059930000000000039e-01,5.783169999999999700e-01,4.581839999999999802e-01,3.165990000000000193e-01,1.527529999999999999e-01,1.679730000000000112e-01,-1.830539999999999945e-01,7.812769999999999992e-01,-2.339380000000000071e-01,8.633499999999999508e-02,9.893000000000000405e-02,2.077330000000000010e-01,6.086400000000000143e-02,3.511219999999999897e-01,2.694200000000000067e-02,3.586999999999999911e-03,1.038990000000000052e-01,1.273690000000000100e-01,1.269699999999999995e-02,3.135749999999999926e-01,2.868780000000000219e-01,-1.561349999999999960e-01,4.964149999999999952e-01,1.355220000000000036e-01,5.214459999999999651e-01,2.018600000000000116e-01,2.008659999999999890e-01,2.172910000000000119e-01,1.677299999999999902e-01,-8.196999999999999426e-03,3.583819999999999784e-01,4.118269999999999986e-01,5.289289999999999825e-01,4.495270000000000099e-01,5.193500000000000200e-02,7.538080000000000336e-01,3.045800000000000174e-01,5.786649999999999849e-01
5.855770000000000142e-01,1.000000000000000000e+00,4.893200000000000327e-02,-6.834500000000000297e-02,-4.451100000000000195e-02,1.093370000000000036e-01,3.486739999999999839e-01,1.825189999999999868e-01,6.406900000000000095e-02,1.486200000000000021e-01,8.005099999999999716e-02,4.715289999999999759e-01,6.913300000000000001e-02,-1.959190000000000098e-01,-6.117219999999999880e-01,1.451520000000000032e-01,-1.768000000000000040e-03,-2.979700000000000057e-02,3.024240000000000261e-01,-3.863559999999999772e-01,-2.592799999999999966e-02,3.082019999999999760e-01,-1.641759999999999886e-01,4.519480000000000164e-01,4.026399999999999979e-01,8.850719999999999699e-01,-6.046559999999999713e-01,-1.328380000000000116e-01,-3.664709999999999912e-01,2.773289999999999922e-01,1.153570000000000012e-01,6.889319999999999888e-01,9.896399999999999642e-02,-1.740799999999999986e-02,2.807479999999999976e-01,8.282799999999999885e-02,9.871599999999999819e-02,-3.340859999999999941e-01,5.110839999999999828e-01,4.265430000000000055e-01,2.771330000000000182e-01,2.311709999999999876e-01,3.247570000000000179e-01,3.464990000000000014e-01,-3.598600000000000132e-01,4.154370000000000007e-01,-5.820400000000000018e-01,1.006829999999999947e-01,7.618500000000000272e-02,2.090940000000000021e-01,2.677309999999999968e-01,3.428700000000000081e-01,1.186630000000000046e-01,-3.041900000000000159e-02,-6.360499999999999488e-02,9.087499999999999745e-02,2.086099999999999899e-01,3.268249999999999766e-01,4.530250000000000110e-01,-5.428209999999999980e-01,1.846129999999999993e-01,2.677500000000000019e-02,2.868379999999999819e-01,1.436649999999999872e-01,9.215900000000000480e-02,-1.185900000000000010e-01,-1.789350000000000107e-01,-5.574400000000000188e-02,1.773770000000000069e-01,2.370649999999999979e-01,5.794310000000000294e-01,5.032419999999999671e-01,8.156199999999999561e-02,6.745529999999999582e-01,2.270210000000000006e-01,3.735160000000000147e-01
9.074999999999999734e-02,4.893200000000000327e-02,1.000000000000000000e+00,2.170030000000000014e-01,6.150689999999999769e-01,5.360890000000000377e-01,2.181730000000000058e-01,4.899109999999999854e-01,8.339600000000000346e-01,7.188899999999999457e-02,9.186370000000000369e-01,1.689070000000000016e-01,3.769250000000000100e-01,2.161279999999999868e-01,4.350330000000000030e-01,1.957049999999999901e-01,2.664199999999999902e-02,-4.077399999999999775e-02,7.824069999999999636e-01,6.714930000000000065e-01,4.593570000000000153e-01,5.747060000000000501e-01,5.293649999999999745e-01,-1.095200000000000062e-01,-9.515200000000000047e-02,1.542310000000000070e-01,5.125809999999999533e-01,5.431030000000000024e-01,3.041849999999999832e-01,3.627049999999999996e-01,2.455859999999999987e-01,1.880599999999999980e-02,-1.394189999999999874e-01,1.446220000000000006e-01,-2.001970000000000138e-01,3.490079999999999849e-01,1.673229999999999995e-01,2.252480000000000038e-01,1.753199999999999897e-02,-2.945820000000000105e-01,-4.000399999999999789e-02,-1.482980000000000131e-01,2.628920000000000146e-01,1.152829999999999966e-01,1.884830000000000116e-01,1.186070000000000041e-01,3.600500000000000228e-02,9.117769999999999486e-01,4.167669999999999986e-01,7.265740000000000531e-01,3.933980000000000254e-01,2.150670000000000082e-01,5.012309999999999821e-01,7.314530000000000198e-01,8.582800000000000151e-02,8.657000000000000250e-01,1.038609999999999950e-01,2.849800000000000111e-01,2.542409999999999948e-01,4.347690000000000166e-01,2.015220000000000067e-01,4.330900000000000027e-02,-3.161499999999999727e-02,8.162449999999999983e-01,7.593090000000000117e-01,3.203520000000000256e-01,6.116810000000000302e-01,4.708330000000000015e-01,-2.568440000000000167e-01,-8.940399999999999736e-02,1.535690000000000111e-01,5.846010000000000373e-01,6.212269999999999737e-01,1.949750000000000094e-01,3.814020000000000188e-01,2.870030000000000081e-01
-2.782009999999999761e-01,-6.834500000000000297e-02,2.170030000000000014e-01,1.000000000000000000e+00,6.196960000000000246e-01,3.826800000000000340e-02,3.548160000000000203e-01,9.253400000000000514e-02,2.343780000000000030e-01,8.872499999999999831e-02,3.103589999999999960e-01,-1.070539999999999964e-01,4.713339999999999752e-01,6.136009999999999520e-01,3.308900000000000036e-02,-1.978580000000000061e-01,4.809299999999999686e-02,3.521400000000000224e-02,1.839909999999999879e-01,1.224900000000000017e-01,4.495099999999999790e-02,-4.215100000000000097e-02,7.752599999999999769e-02,-4.245650000000000257e-01,-1.055149999999999977e-01,-1.523900000000000081e-02,9.956900000000000472e-02,4.439799999999999858e-01,9.890000000000000787e-04,-1.444800000000000077e-02,-1.050800000000000067e-01,-2.479349999999999887e-01,-3.839159999999999795e-01,-1.619549999999999879e-01,-3.917050000000000254e-01,5.049810000000000132e-01,3.603709999999999969e-01,3.250330000000000163e-01,-2.522289999999999810e-01,-3.673299999999999899e-01,-2.965499999999999803e-01,-2.054900000000000129e-02,4.068299999999999694e-02,-5.129500000000000032e-02,2.155610000000000026e-01,-1.810489999999999877e-01,-1.090030000000000027e-01,2.244079999999999964e-01,1.536329999999999918e-01,1.602850000000000108e-01,-1.699700000000000169e-02,3.420499999999999929e-02,1.373030000000000084e-01,1.232309999999999933e-01,1.339059999999999973e-01,2.313230000000000008e-01,1.276999999999999923e-03,-6.475999999999999812e-02,1.495420000000000083e-01,1.152599999999999979e-02,-2.101770000000000027e-01,-1.830999999999999945e-03,-2.276040000000000008e-01,1.124860000000000027e-01,1.165550000000000058e-01,-1.256150000000000044e-01,-4.493199999999999972e-02,-1.132299999999999973e-02,-4.551970000000000183e-01,-1.589790000000000092e-01,-1.088110000000000049e-01,2.167600000000000082e-02,3.458379999999999788e-01,-1.720700000000000007e-01,7.459599999999999564e-02,2.087699999999999972e-02
-8.279599999999999460e-02,-4.451100000000000195e-02,6.150689999999999769e-01,6.196960000000000246e-01,1.000000000000000000e+00,3.236840000000000273e-01,5.577910000000000368e-01,3.132800000000000029e-01,6.237359999999999571e-01,8.498500000000000498e-02,6.963129999999999598e-01,6.381000000000000387e-03,6.059609999999999719e-01,6.033169999999999922e-01,2.362970000000000070e-01,-8.257699999999999763e-02,-8.644599999999999507e-02,-7.137899999999999801e-02,4.630029999999999979e-01,3.847369999999999957e-01,2.428120000000000001e-01,2.423430000000000029e-01,3.823699999999999877e-01,-3.944889999999999786e-01,-6.289300000000000446e-02,6.296999999999999646e-03,3.988959999999999728e-01,5.469990000000000130e-01,1.989190000000000125e-01,4.167400000000000271e-02,-6.523400000000000032e-02,-2.329950000000000077e-01,-3.964219999999999966e-01,-1.080359999999999931e-01,-3.709410000000000207e-01,4.222380000000000022e-01,3.273440000000000238e-01,2.773229999999999862e-01,-2.167610000000000092e-01,-3.844239999999999879e-01,-1.791470000000000007e-01,-1.565700000000000078e-02,8.499800000000000411e-02,-4.981599999999999917e-02,2.912930000000000241e-01,2.046699999999999908e-02,2.709400000000000003e-02,6.085610000000000186e-01,4.242279999999999940e-01,6.161539999999999795e-01,2.199689999999999979e-01,3.128870000000000262e-01,3.756939999999999724e-01,5.429300000000000237e-01,9.168900000000000661e-02,6.828400000000000025e-01,5.036999999999999811e-03,2.511999999999999789e-01,2.299309999999999965e-01,1.784239999999999993e-01,1.908599999999999880e-02,-6.465400000000000313e-02,-1.925759999999999972e-01,4.730650000000000133e-01,4.501519999999999966e-01,9.885700000000000043e-02,3.281410000000000160e-01,3.309360000000000079e-01,-4.886130000000000195e-01,-8.613400000000000223e-02,4.414999999999999654e-03,3.507890000000000175e-01,5.238869999999999916e-01,5.938600000000000129e-02,1.544059999999999877e-01,1.382799999999999863e-01
1.089289999999999980e-01,1.093370000000000036e-01,5.360890000000000377e-01,3.826800000000000340e-02,3.236840000000000273e-01,1.000000000000000000e+00,3.137480000000000269e-01,6.677699999999999747e-01,4.061859999999999915e-01,3.198480000000000212e-01,4.532760000000000122e-01,3.000280000000000169e-01,5.570410000000000084e-01,1.244650000000000062e-01,4.005989999999999829e-01,5.362649999999999917e-01,3.544939999999999758e-01,3.133610000000000007e-01,4.004280000000000062e-01,5.209030000000000049e-01,6.574210000000000331e-01,4.445279999999999787e-01,8.141239999999999588e-01,7.320300000000000418e-02,1.511190000000000033e-01,2.164989999999999970e-01,5.044229999999999547e-01,2.985070000000000223e-01,5.651880000000000237e-01,2.225340000000000096e-01,2.705779999999999852e-01,7.389800000000000535e-02,2.870800000000000018e-01,3.260290000000000132e-01,-1.499089999999999867e-01,2.008510000000000018e-01,5.156399999999999872e-02,3.008469999999999756e-01,1.107940000000000036e-01,3.685499999999999887e-02,7.218900000000000317e-02,-2.988000000000000031e-02,1.511969999999999981e-01,7.454600000000000115e-02,1.969809999999999894e-01,3.276699999999999752e-02,4.778330000000000077e-01,4.554610000000000047e-01,2.930209999999999759e-01,4.474090000000000011e-01,7.327609999999999957e-01,2.893709999999999893e-01,6.632000000000000117e-01,3.616019999999999790e-01,3.314329999999999776e-01,4.517209999999999837e-01,3.163170000000000148e-01,5.638840000000000519e-01,2.119399999999999895e-01,3.911529999999999729e-01,3.986649999999999916e-01,3.832280000000000131e-01,1.939770000000000105e-01,4.525299999999999878e-01,4.343150000000000066e-01,5.548629999999999951e-01,4.725779999999999981e-01,7.394880000000000342e-01,-6.892500000000000016e-02,2.247450000000000003e-01,2.960070000000000201e-01,3.424920000000000186e-01,3.375239999999999907e-01,1.561790000000000123e-01,1.347839999999999872e-01,-3.066199999999999828e-02
2.061419999999999919e-01,3.486739999999999839e-01,2.181730000000000058e-01,3.548160000000000203e-01,5.577910000000000368e-01,3.137480000000000269e-01,1.000000000000000000e+00,2.526320000000000232e-01,3.385839999999999961e-01,3.341250000000000053e-01,2.920829999999999815e-01,1.747470000000000134e-01,4.756659999999999777e-01,2.118109999999999993e-01,-2.023780000000000023e-01,6.881900000000000517e-02,1.626299999999999968e-02,1.753520000000000079e-01,1.976590000000000014e-01,-1.000589999999999952e-01,2.288530000000000009e-01,1.088039999999999979e-01,1.770799999999999874e-01,-4.031799999999999967e-02,3.334480000000000222e-01,2.637880000000000225e-01,1.020039999999999975e-01,7.427899999999999781e-02,1.498079999999999967e-01,-2.322600000000000012e-02,-4.197499999999999842e-02,1.365550000000000097e-01,5.330000000000000536e-04,-7.361000000000000355e-03,-7.728799999999999559e-02,1.295800000000000007e-01,2.048250000000000071e-01,6.183600000000000207e-02,1.783270000000000133e-01,5.594799999999999773e-02,6.074399999999999938e-02,1.673910000000000120e-01,2.655499999999999874e-02,2.415099999999999886e-02,3.550699999999999690e-02,1.829870000000000108e-01,3.082500000000000170e-02,2.944470000000000143e-01,2.213239999999999930e-01,2.998170000000000002e-01,1.485950000000000049e-01,5.661699999999999511e-01,1.999049999999999994e-01,3.074859999999999816e-01,1.981850000000000001e-01,3.468220000000000192e-01,-3.910099999999999687e-02,2.708289999999999864e-01,1.442070000000000018e-01,-2.448500000000000121e-01,1.049940000000000040e-01,-1.511599999999999923e-02,1.243640000000000023e-01,1.918080000000000063e-01,6.938999999999999335e-02,1.593999999999999861e-01,-5.493999999999999752e-03,1.189199999999999979e-01,-1.876809999999999867e-01,2.851699999999999791e-01,1.307949999999999946e-01,4.310789999999999900e-01,1.236160000000000037e-01,3.628149999999999986e-01,2.442000000000000160e-03,1.310560000000000058e-01
4.535999999999999754e-02,1.825189999999999868e-01,4.899109999999999854e-01,9.253400000000000514e-02,3.132800000000000029e-01,6.677699999999999747e-01,2.526320000000000232e-01,1.000000000000000000e+00,4.374790000000000068e-01,1.847650000000000126e-01,4.557370000000000032e-01,4.121859999999999968e-01,4.169010000000000216e-01,1.445200000000000096e-01,1.581940000000000013e-01,1.579579999999999873e-01,8.211999999999999855e-02,-6.458700000000000552e-02,4.060190000000000188e-01,3.077239999999999975e-01,5.392740000000000311e-01,1.897870000000000112e-01,7.878929999999999545e-01,1.235210000000000058e-01,-2.137400000000000064e-02,2.608389999999999875e-01,1.833269999999999900e-01,2.740589999999999971e-01,1.210900000000000032e-01,1.620550000000000046e-01,8.438199999999999867e-02,1.294740000000000058e-01,1.004379999999999995e-01,1.490249999999999908e-01,-1.117210000000000009e-01,2.356610000000000094e-01,1.106860000000000066e-01,2.438809999999999867e-01,1.179270000000000040e-01,-1.699200000000000016e-02,3.557400000000000145e-02,-1.063769999999999993e-01,3.036840000000000095e-01,9.233700000000000241e-02,1.587649999999999895e-01,5.521700000000000219e-02,1.294029999999999903e-01,4.676339999999999941e-01,3.105829999999999980e-01,3.698339999999999961e-01,5.350369999999999848e-01,2.277770000000000072e-01,8.700639999999999485e-01,3.940420000000000034e-01,1.199540000000000051e-01,4.653349999999999986e-01,3.573100000000000165e-01,4.083030000000000270e-01,3.245850000000000124e-01,1.209400000000000058e-01,1.028540000000000010e-01,1.376910000000000078e-01,-1.270280000000000020e-01,4.095260000000000011e-01,3.094089999999999896e-01,4.646299999999999875e-01,2.265409999999999924e-01,7.187869999999999537e-01,-2.375299999999999981e-02,1.909399999999999986e-02,2.324610000000000010e-01,1.987400000000000000e-01,3.274830000000000241e-01,5.674499999999999683e-02,6.583700000000000663e-02,-9.214700000000000668e-02
5.609299999999999703e-02,6.406900000000000095e-02,8.339600000000000346e-01,2.343780000000000030e-01,6.237359999999999571e-01,4.061859999999999915e-01,3.385839999999999961e-01,4.374790000000000068e-01,1.000000000000000000e+00,1.123419999999999974e-01,7.895900000000000141e-01,1.680449999999999999e-01,3.153750000000000164e-01,1.281650000000000011e-01,2.171939999999999982e-01,-7.080100000000000282e-02,-1.624670000000000003e-01,-1.682510000000000117e-01,5.399690000000000323e-01,4.519299999999999984e-01,3.187599999999999878e-01,3.132150000000000212e-01,4.403969999999999829e-01,-1.886400000000000021e-01,-5.024399999999999700e-02,6.437400000000000067e-02,4.544690000000000119e-01,3.598979999999999957e-01,1.323479999999999934e-01,1.073140000000000066e-01,1.302900000000000065e-02,-5.328200000000000297e-02,-1.981789999999999941e-01,1.655399999999999927e-02,-2.842790000000000039e-01,2.376580000000000081e-01,1.421330000000000093e-01,1.637530000000000097e-01,-6.701200000000000212e-02,-2.861529999999999907e-01,-1.040399999999999936e-01,-9.955899999999999472e-02,2.562920000000000198e-01,9.273399999999999699e-02,1.907129999999999936e-01,1.038150000000000045e-01,-2.590100000000000041e-02,8.667639999999999789e-01,4.032000000000000028e-01,6.681470000000000464e-01,2.263819999999999999e-01,3.483299999999999730e-01,4.203649999999999887e-01,9.359899999999999887e-01,4.545699999999999741e-02,8.267459999999999809e-01,7.679800000000000515e-02,2.105569999999999942e-01,1.703149999999999942e-01,1.852969999999999895e-01,-3.084699999999999942e-02,-1.506879999999999886e-01,-1.836250000000000104e-01,5.919689999999999674e-01,5.528100000000000236e-01,2.286090000000000066e-01,3.399479999999999724e-01,3.811249999999999916e-01,-2.329539999999999944e-01,-6.193099999999999994e-02,-2.812800000000000022e-02,5.932509999999999728e-01,4.727169999999999983e-01,1.353360000000000118e-01,1.322589999999999877e-01,1.275149999999999895e-01
2.557240000000000069e-01,1.486200000000000021e-01,7.188899999999999457e-02,8.872499999999999831e-02,8.498500000000000498e-02,3.198480000000000212e-01,3.341250000000000053e-01,1.847650000000000126e-01,1.123419999999999974e-01,1.000000000000000000e+00,-1.528700000000000024e-02,4.722709999999999964e-01,4.649090000000000167e-01,6.560000000000000553e-02,6.042999999999999761e-02,2.647019999999999929e-01,5.375130000000000186e-01,4.299250000000000016e-01,-3.252100000000000130e-02,9.005699999999999816e-02,1.982919999999999960e-01,1.060060000000000030e-01,2.111719999999999986e-01,3.308309999999999862e-01,5.214189999999999658e-01,3.409989999999999966e-01,6.807100000000000650e-02,2.071189999999999976e-01,1.671799999999999953e-01,7.965099999999999958e-02,9.997899999999999843e-02,1.583390000000000075e-01,1.760829999999999895e-01,3.796200000000000269e-02,-1.171880000000000005e-01,1.079699999999999965e-01,2.251690000000000080e-01,1.719630000000000047e-01,1.207460000000000061e-01,2.289049999999999974e-01,2.610600000000000073e-02,-2.696600000000000039e-02,2.068780000000000063e-01,1.583779999999999910e-01,1.233899999999999997e-01,1.851339999999999930e-01,1.883539999999999937e-01,9.957199999999999385e-02,2.832669999999999910e-01,8.479799999999999838e-02,6.049000000000000210e-02,3.060769999999999880e-01,2.060889999999999944e-01,9.204500000000000182e-02,6.755940000000000278e-01,6.142700000000000243e-02,4.007100000000000106e-01,3.395409999999999817e-01,1.239579999999999987e-01,4.830299999999999871e-02,2.784280000000000088e-01,5.413189999999999946e-01,2.591579999999999995e-01,-2.678000000000000172e-02,9.346799999999999553e-02,1.136579999999999951e-01,9.444500000000000117e-02,1.327429999999999999e-01,2.415140000000000065e-01,4.643610000000000237e-01,3.586260000000000003e-01,4.014899999999999719e-02,2.591979999999999840e-01,1.297049999999999870e-01,1.189970000000000055e-01,1.712879999999999958e-01
8.150200000000000500e-02,8.005099999999999716e-02,9.186370000000000369e-01,3.103589999999999960e-01,6.963129999999999598e-01,4.532760000000000122e-01,2.920829999999999815e-01,4.557370000000000032e-01,7.895900000000000141e-01,-1.528700000000000024e-02,1.000000000000000000e+00,9.068299999999999972e-02,3.519289999999999918e-01,2.721779999999999755e-01,3.489459999999999784e-01,1.470789999999999875e-01,-9.533899999999999320e-02,-9.414200000000000346e-02,8.340819999999999901e-01,5.548680000000000279e-01,4.132660000000000222e-01,5.163780000000000037e-01,4.752709999999999990e-01,-1.625270000000000048e-01,-9.761100000000000332e-02,1.199889999999999984e-01,4.853469999999999729e-01,4.753870000000000040e-01,2.497399999999999898e-01,3.014080000000000092e-01,1.535650000000000071e-01,1.379000000000000017e-03,-2.259510000000000129e-01,2.739400000000000168e-02,-1.867109999999999881e-01,3.644649999999999834e-01,1.641700000000000104e-01,2.000969999999999971e-01,-1.072900000000000069e-02,-2.843800000000000217e-01,-5.835499999999999715e-02,-1.104600000000000026e-01,2.070770000000000111e-01,1.027850000000000014e-01,2.048429999999999973e-01,1.590640000000000109e-01,2.235099999999999934e-02,8.861430000000000140e-01,3.502069999999999905e-01,7.431659999999999933e-01,4.061890000000000223e-01,2.602479999999999793e-01,4.953750000000000098e-01,7.012650000000000272e-01,1.533400000000000041e-02,9.287320000000000020e-01,2.950699999999999851e-02,2.753619999999999957e-01,2.607530000000000125e-01,3.310980000000000034e-01,2.019569999999999976e-01,-4.346200000000000063e-02,-3.121300000000000116e-02,8.720520000000000493e-01,6.921230000000000437e-01,3.185629999999999851e-01,5.646900000000000253e-01,4.777029999999999887e-01,-3.028410000000000268e-01,-5.001599999999999796e-02,1.721640000000000115e-01,6.278449999999999864e-01,5.387729999999999464e-01,2.490140000000000131e-01,3.215239999999999765e-01,3.060519999999999907e-01
2.410879999999999967e-01,4.715289999999999759e-01,1.689070000000000016e-01,-1.070539999999999964e-01,6.381000000000000387e-03,3.000280000000000169e-01,1.747470000000000134e-01,4.121859999999999968e-01,1.680449999999999999e-01,4.722709999999999964e-01,9.068299999999999972e-02,1.000000000000000000e+00,2.913939999999999864e-01,-1.341120000000000090e-01,-1.671070000000000055e-01,1.490889999999999993e-01,2.849789999999999823e-01,4.111900000000000277e-02,1.444590000000000041e-01,-1.010000000000000020e-04,-6.616999999999999618e-03,1.230850000000000000e-01,2.780449999999999866e-01,6.358479999999999688e-01,1.821119999999999961e-01,6.442369999999999486e-01,-2.198330000000000006e-01,9.794200000000000128e-02,-2.811109999999999998e-01,1.226909999999999945e-01,-9.470199999999999452e-02,2.814869999999999872e-01,8.916599999999999526e-02,-1.792370000000000074e-01,1.001279999999999948e-01,-6.377900000000000236e-02,1.724580000000000002e-01,-1.567780000000000007e-01,2.035289999999999877e-01,2.708130000000000259e-01,5.216699999999999809e-02,-1.541849999999999887e-01,2.816279999999999895e-01,3.600030000000000174e-01,-2.285689999999999944e-01,1.100460000000000049e-01,-1.633419999999999872e-01,2.347219999999999862e-01,1.547580000000000067e-01,1.079979999999999968e-01,3.099029999999999840e-01,1.605689999999999895e-01,3.695189999999999864e-01,1.817320000000000046e-01,9.869400000000000395e-02,1.434229999999999949e-01,7.424300000000000344e-01,3.301910000000000123e-01,2.169929999999999914e-01,-1.151790000000000036e-01,1.054459999999999981e-01,2.558059999999999778e-01,-4.882899999999999741e-02,9.306200000000000583e-02,2.180920000000000081e-01,-4.488600000000000229e-02,3.337400000000000089e-02,2.195080000000000087e-01,4.517260000000000164e-01,9.292599999999999472e-02,4.764209999999999834e-01,9.654000000000000081e-02,2.477860000000000062e-01,1.104809999999999959e-01,1.690840000000000121e-01,6.989199999999999580e-02
-4.605399999999999772e-02,6.913300000000000001e-02,3.769250000000000100e-01,4.713339999999999752e-01,6.059609999999999719e-01,5.570410000000000084e-01,4.756659999999999777e-01,4.169010000000000216e-01,3.153750000000000164e-01,4.649090000000000167e-01,3.519289999999999918e-01,2.913939999999999864e-01,1.000000000000000000e+00,5.234710000000000196e-01,2.173259999999999914e-01,2.557670000000000221e-01,4.315510000000000179e-01,2.968060000000000143e-01,2.660790000000000100e-01,3.266419999999999879e-01,3.114219999999999766e-01,1.830209999999999892e-01,4.581779999999999742e-01,-6.748800000000000632e-02,1.039960000000000051e-01,2.672519999999999896e-01,2.160310000000000008e-01,5.465179999999999483e-01,2.873569999999999736e-01,6.753199999999999481e-02,1.517499999999999925e-02,-9.543699999999999406e-02,-1.490430000000000088e-01,-3.900499999999999801e-02,-3.791570000000000218e-01,3.089759999999999729e-01,3.922379999999999756e-01,3.158259999999999956e-01,-1.246389999999999998e-01,-1.491850000000000120e-01,-1.465960000000000041e-01,-7.787099999999999578e-02,7.561500000000000166e-02,2.799099999999999852e-02,2.037210000000000132e-01,-1.514359999999999873e-01,1.519479999999999997e-01,3.375219999999999887e-01,4.395939999999999848e-01,3.583529999999999771e-01,3.492549999999999821e-01,3.223699999999999899e-01,4.192239999999999855e-01,2.494860000000000133e-01,3.280879999999999908e-01,3.484280000000000155e-01,2.554810000000000136e-01,4.597010000000000263e-01,2.127850000000000019e-01,1.629800000000000137e-01,1.553239999999999899e-01,3.436310000000000198e-01,-4.699899999999999911e-02,2.315020000000000133e-01,2.977770000000000139e-01,8.408599999999999408e-02,2.027670000000000028e-01,3.359610000000000096e-01,-2.458869999999999945e-01,5.310700000000000143e-02,1.772400000000000087e-01,6.897999999999999965e-02,5.252740000000000187e-01,2.264899999999999899e-02,1.610769999999999980e-01,6.371599999999999486e-02
-2.812680000000000180e-01,-1.959190000000000098e-01,2.161279999999999868e-01,6.136009999999999520e-01,6.033169999999999922e-01,1.244650000000000062e-01,2.118109999999999993e-01,1.445200000000000096e-01,1.281650000000000011e-01,6.560000000000000553e-02,2.721779999999999755e-01,-1.341120000000000090e-01,5.234710000000000196e-01,1.000000000000000000e+00,2.582090000000000218e-01,-8.648100000000000231e-02,1.147200000000000025e-01,3.236399999999999694e-02,1.572890000000000121e-01,2.947230000000000127e-01,8.467700000000000227e-02,5.350499999999999701e-02,1.390540000000000109e-01,-3.984790000000000276e-01,-1.244279999999999969e-01,-5.348599999999999882e-02,1.474850000000000050e-01,5.125049999999999883e-01,1.330270000000000064e-01,-2.729000000000000089e-03,-2.996499999999999858e-02,-2.675939999999999985e-01,-3.162599999999999856e-01,-5.530399999999999899e-02,-4.102049999999999863e-01,5.098810000000000286e-01,3.800009999999999777e-01,3.345710000000000073e-01,-3.009609999999999785e-01,-3.945870000000000211e-01,-2.363820000000000088e-01,-1.004870000000000069e-01,-1.250999999999999942e-03,-1.068410000000000054e-01,2.832759999999999723e-01,-2.352769999999999861e-01,5.611999999999999801e-03,1.784949999999999870e-01,1.648370000000000113e-01,1.432319999999999982e-01,2.561899999999999941e-02,-6.670700000000000240e-02,2.059449999999999892e-01,3.276099999999999846e-02,1.858299999999999952e-01,1.825100000000000056e-01,2.903999999999999897e-03,2.465300000000000130e-02,1.727899999999999991e-01,2.049150000000000138e-01,-8.124599999999999878e-02,7.268900000000000361e-02,-1.439020000000000021e-01,1.015820000000000056e-01,2.217250000000000054e-01,-8.702500000000000513e-02,1.346320000000000017e-01,9.721699999999999786e-02,-4.586529999999999774e-01,-1.622949999999999948e-01,-8.217199999999999505e-02,-1.024010000000000059e-01,3.695939999999999781e-01,-1.903330000000000022e-01,7.974399999999999544e-02,-4.516000000000000049e-03
-1.897540000000000060e-01,-6.117219999999999880e-01,4.350330000000000030e-01,3.308900000000000036e-02,2.362970000000000070e-01,4.005989999999999829e-01,-2.023780000000000023e-01,1.581940000000000013e-01,2.171939999999999982e-01,6.042999999999999761e-02,3.489459999999999784e-01,-1.671070000000000055e-01,2.173259999999999914e-01,2.582090000000000218e-01,1.000000000000000000e+00,3.486699999999999799e-01,2.913979999999999904e-01,2.271239999999999926e-01,2.441929999999999934e-01,8.287200000000000122e-01,4.639280000000000070e-01,4.101009999999999933e-01,5.066589999999999705e-01,-2.080269999999999897e-01,-1.944710000000000050e-01,-3.978220000000000089e-01,7.383399999999999963e-01,4.938670000000000004e-01,6.260679999999999579e-01,2.041250000000000009e-01,2.701540000000000052e-01,-2.983480000000000021e-01,1.313690000000000135e-01,2.423889999999999934e-01,-2.175809999999999966e-01,1.850479999999999903e-01,6.135499999999999982e-02,4.999730000000000008e-01,-1.450549999999999895e-01,-2.323089999999999877e-01,-9.100000000000000450e-03,-1.868599999999999983e-01,8.283999999999999697e-03,-8.198900000000000632e-02,3.830839999999999801e-01,-1.509999999999999953e-01,5.987510000000000332e-01,2.749849999999999794e-01,2.918129999999999891e-01,2.401010000000000089e-01,2.330619999999999914e-01,-9.546899999999999831e-02,2.368379999999999930e-01,2.234760000000000080e-01,2.004809999999999925e-01,2.924649999999999750e-01,2.612599999999999992e-02,9.645299999999999707e-02,-9.908999999999999753e-02,9.427510000000000057e-01,2.138879999999999948e-01,2.487890000000000101e-01,-2.241699999999999943e-02,3.512310000000000154e-01,5.156479999999999952e-01,4.757680000000000242e-01,7.310459999999999736e-01,4.339259999999999784e-01,-1.272540000000000060e-01,-1.129990000000000022e-01,-9.172299999999999898e-02,-6.327900000000000191e-02,3.745539999999999980e-01,-2.521070000000000255e-01,2.266910000000000036e-01,1.124900000000000032e-02
3.663830000000000142e-01,1.451520000000000032e-01,1.957049999999999901e-01,-1.978580000000000061e-01,-8.257699999999999763e-02,5.362649999999999917e-01,6.881900000000000517e-02,1.579579999999999873e-01,-7.080100000000000282e-02,2.647019999999999929e-01,1.470789999999999875e-01,1.490889999999999993e-01,2.557670000000000221e-01,-8.648100000000000231e-02,3.486699999999999799e-01,1.000000000000000000e+00,5.969529999999999559e-01,6.512590000000000323e-01,3.367789999999999950e-01,3.617879999999999985e-01,5.454809999999999937e-01,5.928660000000000041e-01,2.868419999999999859e-01,3.303380000000000205e-01,3.530820000000000070e-01,2.507300000000000084e-01,2.692069999999999741e-01,1.321080000000000032e-01,6.042880000000000473e-01,4.546870000000000078e-01,6.063619999999999566e-01,3.164910000000000223e-01,5.446969999999999867e-01,4.315189999999999859e-01,1.916859999999999953e-01,3.492499999999999771e-02,-1.031389999999999946e-01,5.479900000000000049e-02,3.862129999999999730e-01,3.544229999999999881e-01,3.707529999999999992e-01,7.246500000000000163e-02,1.505469999999999864e-01,1.361030000000000018e-01,1.056999999999999997e-03,2.277500000000000080e-01,3.793199999999999905e-01,4.907799999999999663e-02,1.299410000000000009e-01,1.884599999999999886e-01,4.130800000000000027e-01,2.073909999999999920e-01,1.645890000000000131e-01,-8.539900000000000269e-02,2.557340000000000169e-01,9.253200000000000314e-02,7.603999999999999648e-02,4.807710000000000039e-01,4.389900000000000052e-02,3.962140000000000106e-01,7.164160000000000528e-01,5.641800000000000148e-01,5.829820000000000002e-01,3.613279999999999825e-01,3.511779999999999902e-01,4.886639999999999873e-01,5.172529999999999628e-01,2.502530000000000032e-01,1.975290000000000101e-01,2.897219999999999795e-01,3.731940000000000257e-01,2.099320000000000075e-01,1.774169999999999914e-01,3.846479999999999899e-01,3.573089999999999877e-01,3.674520000000000008e-01
1.363560000000000050e-01,-1.768000000000000040e-03,2.664199999999999902e-02,4.809299999999999686e-02,-8.644599999999999507e-02,3.544939999999999758e-01,1.626299999999999968e-02,8.211999999999999855e-02,-1.624670000000000003e-01,5.375130000000000186e-01,-9.533899999999999320e-02,2.849789999999999823e-01,4.315510000000000179e-01,1.147200000000000025e-01,2.913979999999999904e-01,5.969529999999999559e-01,1.000000000000000000e+00,6.628100000000000103e-01,-2.132999999999999827e-02,3.200439999999999952e-01,2.775039999999999729e-01,2.698949999999999960e-01,1.678469999999999962e-01,2.751750000000000029e-01,2.836270000000000180e-01,2.640410000000000257e-01,1.005650000000000016e-01,3.371230000000000060e-01,3.941959999999999908e-01,2.789490000000000025e-01,3.908920000000000172e-01,7.645299999999999319e-02,2.615089999999999915e-01,2.148859999999999937e-01,-2.129699999999999996e-02,1.117829999999999935e-01,1.485720000000000096e-01,1.667369999999999963e-01,9.314200000000000257e-02,1.421020000000000061e-01,4.655000000000000110e-02,-1.082410000000000039e-01,1.007470000000000032e-01,1.307780000000000054e-01,5.582199999999999662e-02,-8.622499999999999609e-02,2.492020000000000068e-01,-9.442599999999999605e-02,1.572250000000000036e-01,-5.038299999999999723e-02,1.350190000000000001e-01,1.108999999999999916e-02,9.549299999999999455e-02,-1.770639999999999992e-01,4.839950000000000085e-01,-1.533839999999999926e-01,2.817649999999999877e-01,2.936509999999999954e-01,-2.343000000000000031e-03,3.447729999999999961e-01,3.931109999999999882e-01,7.103859999999999619e-01,3.431060000000000221e-01,-2.160700000000000121e-02,1.945209999999999995e-01,1.169209999999999972e-01,2.284930000000000017e-01,3.601499999999999840e-02,1.461550000000000071e-01,1.518599999999999950e-01,2.334380000000000066e-01,-1.839550000000000074e-01,3.102369999999999850e-01,2.017700000000000049e-02,2.405170000000000086e-01,1.222710000000000047e-01
1.465930000000000011e-01,-2.979700000000000057e-02,-4.077399999999999775e-02,3.521400000000000224e-02,-7.137899999999999801e-02,3.133610000000000007e-01,1.753520000000000079e-01,-6.458700000000000552e-02,-1.682510000000000117e-01,4.299250000000000016e-01,-9.414200000000000346e-02,4.111900000000000277e-02,2.968060000000000143e-01,3.236399999999999694e-02,2.271239999999999926e-01,6.512590000000000323e-01,6.628100000000000103e-01,1.000000000000000000e+00,4.135999999999999920e-03,1.731930000000000136e-01,3.284050000000000025e-01,2.582340000000000191e-01,8.376999999999999724e-02,1.883650000000000047e-01,4.918270000000000142e-01,9.438000000000000556e-02,2.554230000000000111e-01,7.857999999999999707e-02,5.158749999999999725e-01,8.834300000000000486e-02,2.638809999999999767e-01,2.405000000000000020e-03,2.478080000000000005e-01,1.267909999999999870e-01,-9.045899999999999774e-02,1.620900000000000118e-02,-1.035100000000000083e-02,8.612499999999999323e-02,9.093900000000000594e-02,2.289110000000000034e-01,1.649750000000000105e-01,3.234399999999999775e-02,-9.547400000000000331e-02,-1.234599999999999934e-02,1.040230000000000044e-01,5.642599999999999699e-02,3.953720000000000012e-01,-1.127070000000000016e-01,-2.606500000000000136e-02,-4.605200000000000266e-02,1.469769999999999965e-01,1.527550000000000019e-01,-4.577099999999999919e-02,-1.547310000000000074e-01,4.690840000000000010e-01,-8.676200000000000578e-02,4.062999999999999771e-03,2.557200000000000029e-01,-1.511190000000000033e-01,2.716899999999999871e-01,4.943580000000000196e-01,5.575689999999999813e-01,5.418560000000000043e-01,2.286699999999999844e-02,1.360830000000000095e-01,2.389259999999999995e-01,2.897589999999999888e-01,-1.259999999999999998e-04,1.587290000000000090e-01,4.016350000000000198e-01,2.014009999999999967e-01,3.686299999999999993e-02,1.022160000000000013e-01,1.922550000000000092e-01,2.032940000000000025e-01,2.939689999999999803e-01
2.421169999999999989e-01,3.024240000000000261e-01,7.824069999999999636e-01,1.839909999999999879e-01,4.630029999999999979e-01,4.004280000000000062e-01,1.976590000000000014e-01,4.060190000000000188e-01,5.399690000000000323e-01,-3.252100000000000130e-02,8.340819999999999901e-01,1.444590000000000041e-01,2.660790000000000100e-01,1.572890000000000121e-01,2.441929999999999934e-01,3.367789999999999950e-01,-2.132999999999999827e-02,4.135999999999999920e-03,1.000000000000000000e+00,4.345330000000000026e-01,4.062729999999999952e-01,6.578410000000000091e-01,3.197349999999999914e-01,1.505699999999999920e-02,-2.565399999999999972e-02,3.274859999999999993e-01,2.317889999999999950e-01,4.168310000000000071e-01,2.075319999999999943e-01,4.878810000000000091e-01,2.954550000000000232e-01,2.113829999999999876e-01,-5.611499999999999821e-02,9.754799999999999582e-02,-1.372100000000000056e-02,3.606559999999999766e-01,1.455279999999999907e-01,9.570399999999999741e-02,1.802199999999999913e-01,-7.255799999999999750e-02,1.064579999999999971e-01,-6.428200000000000580e-02,3.358619999999999939e-01,2.074159999999999893e-01,8.494000000000000161e-02,2.672370000000000023e-01,-1.168570000000000025e-01,6.808969999999999745e-01,2.948490000000000277e-01,6.631420000000000092e-01,4.889930000000000110e-01,2.382360000000000033e-01,4.442639999999999922e-01,4.054659999999999931e-01,-2.866499999999999951e-02,7.245329999999999826e-01,5.428299999999999792e-02,3.507160000000000277e-01,3.878269999999999773e-01,2.557309999999999861e-01,3.508379999999999832e-01,7.144499999999999462e-02,1.523319999999999952e-01,9.244790000000000507e-01,6.867490000000000538e-01,2.937449999999999783e-01,5.930210000000000203e-01,3.935279999999999889e-01,-2.026320000000000066e-01,1.133200000000000006e-02,3.795990000000000197e-01,6.327829999999999844e-01,5.405330000000000412e-01,4.516350000000000087e-01,5.090510000000000312e-01,4.653160000000000074e-01
-1.064689999999999942e-01,-3.863559999999999772e-01,6.714930000000000065e-01,1.224900000000000017e-01,3.847369999999999957e-01,5.209030000000000049e-01,-1.000589999999999952e-01,3.077239999999999975e-01,4.519299999999999984e-01,9.005699999999999816e-02,5.548680000000000279e-01,-1.010000000000000020e-04,3.266419999999999879e-01,2.947230000000000127e-01,8.287200000000000122e-01,3.617879999999999985e-01,3.200439999999999952e-01,1.731930000000000136e-01,4.345330000000000026e-01,1.000000000000000000e+00,5.023400000000000087e-01,6.033960000000000434e-01,5.319530000000000092e-01,-2.025949999999999973e-01,-1.770569999999999922e-01,-1.379130000000000078e-01,6.772359999999999491e-01,7.026200000000000223e-01,5.896559999999999580e-01,4.275019999999999931e-01,4.091750000000000109e-01,-1.816220000000000057e-01,6.692499999999999838e-02,3.386469999999999758e-01,-2.755130000000000079e-01,3.516969999999999819e-01,2.251920000000000033e-01,4.499750000000000139e-01,-8.736199999999999521e-02,-2.797520000000000007e-01,-4.843000000000000083e-03,-1.928759999999999919e-01,2.013290000000000080e-01,2.392000000000000029e-02,3.631949999999999901e-01,-8.161400000000000599e-02,3.576840000000000019e-01,5.245220000000000438e-01,3.630519999999999858e-01,4.465640000000000165e-01,3.232920000000000238e-01,-7.410200000000000120e-02,3.796109999999999762e-01,3.818469999999999920e-01,2.212870000000000115e-01,4.641370000000000218e-01,1.380180000000000018e-01,2.198720000000000119e-01,2.574999999999999858e-02,8.506759999999999877e-01,2.588770000000000238e-01,3.021690000000000209e-01,3.096999999999999927e-03,4.868299999999999850e-01,7.933620000000000116e-01,4.183799999999999741e-01,7.896929999999999783e-01,4.477720000000000034e-01,-2.115829999999999933e-01,-1.567639999999999867e-01,1.495400000000000028e-02,1.448470000000000035e-01,6.578739999999999588e-01,-9.929300000000000626e-02,4.535569999999999879e-01,1.371130000000000126e-01
