1.000000000000000000e+00,3.375330000000000275e-01,3.293200000000000016e-01,3.432930000000000148e-01,4.482059999999999933e-01,2.556069999999999731e-01,3.377609999999999779e-01,7.538300000000000556e-02,2.911219999999999919e-01,5.632700000000000484e-01,3.217260000000000120e-01,1.139109999999999984e-01,2.789209999999999745e-01,-2.475000000000000203e-03,2.384650000000000103e-01,5.346560000000000201e-01,3.132090000000000152e-01,5.911990000000000300e-01,4.112480000000000024e-01,5.706879999999999731e-01,6.311149999999999816e-01,6.029379999999999740e-01,9.925599999999999701e-02,2.771919999999999940e-01,6.825710000000000388e-01,5.869379999999999598e-01,3.961330000000000129e-01,4.380680000000000129e-01,5.058300000000000018e-01,2.487840000000000051e-01,3.926640000000000130e-01,3.026369999999999894e-01,3.641949999999999910e-01,3.554430000000000089e-01,1.938159999999999883e-01,2.672019999999999951e-01,1.230259999999999965e-01,2.215959999999999874e-01,3.185950000000000171e-01,3.104410000000000225e-01,4.400390000000000135e-01,2.216900000000000120e-02,-6.691600000000000326e-02,-2.493239999999999901e-01,1.788399999999999990e-01,5.133630000000000138e-01,8.478099999999999525e-02,2.826690000000000036e-01,-4.336899999999999783e-02,2.373200000000000032e-01,7.138899999999999413e-02,1.282429999999999959e-01,-6.066300000000000164e-02,3.136109999999999731e-01,1.066750000000000059e-01,9.534199999999999620e-02,-7.169499999999999484e-02,-1.397100000000000078e-02,8.401300000000000434e-02,4.118260000000000254e-01,3.756689999999999752e-01,2.668200000000000086e-02,3.810600000000000098e-01,3.271359999999999824e-01,4.270059999999999967e-01,4.667109999999999870e-01,5.092870000000000452e-01,1.872399999999999898e-01,2.064110000000000111e-01,4.114160000000000039e-01,2.822729999999999961e-01,3.380569999999999964e-01,2.084040000000000059e-01,4.040019999999999722e-01,1.711330000000000073e-01,4.642490000000000228e-01
3.375330000000000275e-01,1.000000000000000000e+00,4.306059999999999888e-01,-1.361290000000000000e-01,4.673510000000000164e-01,7.330539999999999834e-01,4.408920000000000061e-01,4.948190000000000088e-01,3.808440000000000158e-01,5.274119999999999919e-01,4.270760000000000112e-01,4.638760000000000105e-01,6.863939999999999486e-01,1.704800000000000065e-02,2.512980000000000214e-01,2.820579999999999754e-01,6.798950000000000271e-01,4.431220000000000159e-01,3.691670000000000229e-01,4.688780000000000170e-01,3.191590000000000260e-01,4.306639999999999913e-01,4.241779999999999995e-01,3.579950000000000077e-01,6.829600000000000115e-01,7.726709999999999967e-01,2.592189999999999772e-01,3.815580000000000083e-01,2.045460000000000056e-01,3.015979999999999772e-01,2.230749999999999955e-01,3.605789999999999829e-01,4.322650000000000103e-01,1.734050000000000036e-01,9.133399999999999852e-02,2.879280000000000173e-01,-6.294600000000000195e-02,-8.679199999999999415e-02,2.971840000000000037e-01,2.757490000000000219e-01,2.079640000000000100e-01,-1.454340000000000077e-01,1.933670000000000111e-01,-7.670999999999999867e-03,5.728500000000000258e-02,1.414199999999999902e-01,6.337559999999999860e-01,2.940909999999999913e-01,2.023820000000000063e-01,3.961560000000000081e-01,5.910680000000000378e-01,4.422510000000000052e-01,3.356629999999999892e-01,3.850250000000000061e-01,4.893569999999999864e-01,2.499079999999999913e-01,4.871219999999999994e-01,5.839560000000000306e-01,2.321940000000000115e-01,3.753520000000000190e-01,2.464669999999999916e-01,4.587370000000000059e-01,2.921889999999999765e-01,3.857349999999999945e-01,4.358540000000000192e-01,2.835650000000000115e-01,3.465869999999999784e-01,4.085550000000000015e-01,3.990670000000000051e-01,5.335079999999999822e-01,5.936329999999999663e-01,3.320049999999999946e-01,5.415950000000000486e-01,2.321350000000000080e-01,1.049690000000000067e-01,2.794099999999999917e-01
3.293200000000000016e-01,4.306059999999999888e-01,1.000000000000000000e+00,1.421719999999999928e-01,5.759720000000000395e-01,6.464069999999999538e-01,1.923040000000000027e-01,5.041390000000000038e-01,7.742560000000000553e-01,4.118120000000000114e-01,8.102110000000000145e-01,2.037279999999999924e-01,3.955659999999999732e-01,6.443799999999999528e-02,7.415699999999999514e-01,3.135709999999999886e-01,2.318109999999999893e-01,3.148770000000000180e-01,8.295620000000000216e-01,6.403200000000000003e-01,4.820010000000000128e-01,5.837499999999999911e-01,6.926200000000000134e-01,2.157310000000000061e-01,5.550530000000000186e-01,4.821799999999999975e-01,6.555569999999999453e-01,4.292009999999999992e-01,4.851619999999999822e-01,2.522670000000000190e-01,1.851430000000000020e-01,2.031920000000000115e-01,4.529770000000000185e-01,2.262959999999999972e-01,2.330799999999999886e-02,3.717889999999999806e-01,1.077229999999999993e-01,6.892999999999999822e-03,3.055809999999999915e-01,4.240410000000000013e-01,2.766390000000000238e-01,-1.856700000000000017e-02,-9.493699999999999362e-02,-2.663119999999999932e-01,1.403220000000000023e-01,1.165989999999999943e-01,3.515670000000000184e-01,7.798869999999999969e-01,-3.265599999999999753e-02,5.298410000000000064e-01,5.365020000000000344e-01,3.394449999999999967e-01,4.061790000000000123e-01,7.262420000000000542e-01,2.050260000000000138e-01,5.661439999999999806e-01,1.550199999999999911e-01,2.774880000000000124e-01,1.636980000000000102e-01,5.819290000000000296e-01,2.910130000000000217e-01,1.445450000000000068e-01,9.248800000000000077e-02,7.274049999999999683e-01,5.950159999999999894e-01,4.524110000000000076e-01,6.178080000000000238e-01,5.972950000000000204e-01,2.484079999999999899e-01,4.695090000000000097e-01,3.699189999999999978e-01,5.422280000000000433e-01,4.506189999999999918e-01,5.285079999999999778e-01,3.364090000000000136e-01,4.306519999999999793e-01
3.432930000000000148e-01,-1.361290000000000000e-01,1.421719999999999928e-01,1.000000000000000000e+00,2.556240000000000179e-01,-3.041500000000000106e-02,4.828899999999999859e-02,-8.731600000000000472e-02,1.408119999999999927e-01,2.914740000000000109e-01,1.691219999999999946e-01,1.816399999999999959e-02,-1.833600000000000160e-02,9.792299999999999616e-02,1.665409999999999946e-01,1.004079999999999973e-01,-1.241560000000000025e-01,1.369740000000000124e-01,2.106939999999999924e-01,2.098720000000000030e-01,2.230520000000000003e-01,1.746910000000000129e-01,1.795000000000000068e-02,9.560299999999999354e-02,1.867659999999999876e-01,6.214700000000000085e-02,1.941549999999999943e-01,3.943519999999999803e-01,2.861730000000000107e-01,-1.260390000000000121e-01,4.424999999999999767e-02,6.890999999999999903e-02,-9.475699999999999401e-02,1.198039999999999938e-01,1.580350000000000088e-01,3.029640000000000111e-01,2.846119999999999761e-01,2.064519999999999966e-01,9.451500000000000179e-02,-2.033199999999999938e-02,2.660660000000000247e-01,1.212540000000000007e-01,-2.390230000000000132e-01,-3.352600000000000025e-01,2.457260000000000000e-01,1.976700000000000124e-01,-1.930089999999999861e-01,1.917250000000000065e-01,-2.911989999999999856e-01,1.278800000000000076e-02,-2.093400000000000122e-02,-2.632220000000000115e-01,2.585700000000000151e-02,1.325030000000000097e-01,-1.552939999999999876e-01,-2.791599999999999984e-02,-6.019399999999999751e-02,-2.991909999999999847e-01,-9.562099999999999766e-02,1.350270000000000081e-01,1.040729999999999988e-01,-2.313919999999999866e-01,5.491700000000000054e-02,1.302089999999999914e-01,1.679019999999999957e-01,1.694279999999999953e-01,2.207540000000000058e-01,1.337530000000000108e-01,5.948699999999999821e-02,1.007669999999999955e-01,4.893000000000000127e-02,1.620949999999999891e-01,4.446000000000000299e-03,2.453950000000000020e-01,2.104890000000000094e-01,2.106899999999999884e-01
4.482059999999999933e-01,4.673510000000000164e-01,5.759720000000000395e-01,2.556240000000000179e-01,1.000000000000000000e+00,5.027350000000000430e-01,4.871770000000000267e-01,3.230160000000000253e-01,6.213509999999999867e-01,5.977430000000000243e-01,6.268829999999999680e-01,2.155040000000000011e-01,4.449330000000000229e-01,1.135960000000000025e-01,5.286910000000000220e-01,5.032510000000000039e-01,4.807699999999999751e-01,6.204760000000000275e-01,5.586449999999999472e-01,6.949600000000000222e-01,5.624860000000000415e-01,6.445159999999999778e-01,2.902540000000000120e-01,1.770990000000000064e-01,6.478920000000000234e-01,4.983480000000000132e-01,6.153159999999999741e-01,6.665419999999999678e-01,6.187730000000000175e-01,2.753840000000000177e-01,4.388949999999999796e-01,4.502729999999999788e-01,3.100010000000000265e-01,3.279949999999999810e-01,-1.563799999999999912e-02,5.320679999999999854e-01,2.856029999999999958e-01,1.493730000000000058e-01,5.151350000000000096e-01,2.888539999999999996e-01,4.426700000000000079e-01,7.568099999999999827e-02,1.317669999999999952e-01,-1.568350000000000022e-01,1.973159999999999914e-01,1.761099999999999888e-01,3.204250000000000154e-01,4.437880000000000158e-01,1.578130000000000088e-01,6.497389999999999555e-01,4.151969999999999827e-01,4.907560000000000255e-01,2.556390000000000051e-01,6.061760000000000481e-01,2.779269999999999796e-01,3.928559999999999830e-01,2.301279999999999992e-01,3.140990000000000171e-01,2.756290000000000129e-01,5.853650000000000242e-01,4.108069999999999777e-01,3.505199999999999982e-01,3.892499999999999849e-01,4.574340000000000073e-01,6.024350000000000538e-01,4.445379999999999887e-01,5.533599999999999630e-01,4.205749999999999766e-01,2.371620000000000117e-01,5.506159999999999943e-01,3.806530000000000191e-01,5.822829999999999950e-01,5.679560000000000164e-01,5.641770000000000396e-01,4.509790000000000187e-01,5.548309999999999631e-01
2.556069999999999731e-01,7.330539999999999834e-01,6.464069999999999538e-01,-3.041500000000000106e-02,5.027350000000000430e-01,1.000000000000000000e+00,2.722589999999999733e-01,7.482349999999999834e-01,5.490650000000000253e-01,4.910329999999999973e-01,6.040229999999999766e-01,5.629499999999999504e-01,7.037889999999999979e-01,2.767319999999999780e-01,5.037270000000000358e-01,1.649480000000000113e-01,5.630800000000000249e-01,4.018999999999999795e-01,5.904150000000000231e-01,5.400840000000000085e-01,4.522289999999999921e-01,4.451399999999999801e-01,7.041760000000000241e-01,4.446809999999999929e-01,5.732380000000000253e-01,6.977430000000000021e-01,4.767359999999999931e-01,4.235550000000000148e-01,2.941960000000000131e-01,3.528160000000000185e-01,2.032519999999999882e-01,3.883019999999999805e-01,4.312409999999999854e-01,1.681529999999999969e-01,6.420299999999999618e-02,4.015380000000000060e-01,1.079510000000000053e-01,-1.239409999999999956e-01,3.555900000000000172e-01,3.397430000000000172e-01,2.422009999999999996e-01,-1.474789999999999990e-01,1.327069999999999916e-01,1.274300000000000085e-02,1.040679999999999938e-01,3.627299999999999969e-02,5.239270000000000316e-01,4.604480000000000239e-01,8.415699999999999570e-02,4.721529999999999894e-01,7.495950000000000113e-01,4.426300000000000234e-01,5.686930000000000041e-01,5.749130000000000074e-01,4.584659999999999846e-01,2.888850000000000029e-01,5.407220000000000359e-01,5.542610000000000037e-01,3.289320000000000022e-01,5.526940000000000186e-01,1.957480000000000053e-01,3.885730000000000017e-01,9.234900000000000053e-02,5.632869999999999822e-01,5.319840000000000124e-01,4.042450000000000210e-01,4.355189999999999895e-01,6.055099999999999927e-01,3.778489999999999904e-01,4.140289999999999804e-01,5.373670000000000391e-01,4.562339999999999729e-01,5.602780000000000538e-01,3.278349999999999875e-01,2.631950000000000123e-01,3.024279999999999746e-01
3.377609999999999779e-01,4.408920000000000061e-01,1.923040000000000027e-01,4.828899999999999859e-02,4.871770000000000267e-01,2.722589999999999733e-01,1.000000000000000000e+00,8.212500000000000355e-02,1.360740000000000005e-01,5.245009999999999950e-01,2.028629999999999878e-01,8.714500000000000024e-02,2.812640000000000140e-01,-1.541510000000000102e-01,1.435359999999999969e-01,5.595679999999999543e-01,2.970419999999999727e-01,3.167499999999999760e-01,1.365310000000000135e-01,3.442040000000000100e-01,3.906879999999999797e-01,3.732240000000000002e-01,1.080770000000000064e-01,7.789999999999999616e-04,4.419359999999999955e-01,2.886650000000000049e-01,3.930980000000000030e-01,2.565540000000000043e-01,4.635580000000000256e-01,1.545310000000000017e-01,3.715439999999999854e-01,3.118770000000000153e-01,3.827119999999999966e-01,2.308929999999999871e-01,3.528300000000000186e-02,1.154939999999999994e-01,6.003800000000000109e-02,9.802299999999999902e-02,2.296130000000000115e-01,2.698699999999999988e-01,2.516479999999999828e-01,-3.827500000000000346e-02,3.267199999999999965e-02,-2.192799999999999958e-02,8.628399999999999959e-02,2.175279999999999991e-01,2.654810000000000225e-01,-1.385100000000000046e-02,1.640349999999999864e-01,3.073699999999999766e-01,1.131560000000000066e-01,4.045989999999999864e-01,-2.049300000000000080e-02,3.201799999999999785e-02,3.035050000000000248e-01,1.345399999999999929e-01,1.400760000000000061e-01,1.475219999999999865e-01,1.330449999999999966e-01,7.985899999999999943e-02,3.298479999999999746e-01,2.292760000000000076e-01,3.348079999999999945e-01,1.245760000000000062e-01,1.667389999999999983e-01,3.005559999999999898e-01,2.188440000000000107e-01,1.287619999999999876e-01,1.248380000000000045e-01,3.795459999999999945e-01,1.170589999999999964e-01,2.878700000000000148e-01,1.218970000000000053e-01,2.579839999999999911e-01,-5.050799999999999734e-02,3.269770000000000176e-01
7.538300000000000556e-02,4.948190000000000088e-01,5.041390000000000038e-01,-8.731600000000000472e-02,3.230160000000000253e-01,7.482349999999999834e-01,8.212500000000000355e-02,1.000000000000000000e+00,3.953780000000000072e-01,2.864760000000000084e-01,4.427440000000000264e-01,6.271039999999999948e-01,5.283510000000000151e-01,2.276700000000000113e-01,3.423169999999999824e-01,1.368199999999999972e-02,3.642679999999999807e-01,1.993570000000000064e-01,3.843650000000000122e-01,3.155740000000000212e-01,3.388280000000000181e-01,2.095009999999999928e-01,7.210630000000000095e-01,4.939580000000000082e-01,3.010240000000000138e-01,5.316159999999999775e-01,1.947409999999999974e-01,3.484570000000000167e-01,5.589500000000000024e-02,2.647450000000000081e-01,1.327119999999999966e-01,2.473869999999999958e-01,3.511400000000000077e-01,1.730359999999999954e-01,-8.113599999999999979e-02,3.437450000000000228e-01,6.396799999999999708e-02,-1.165899999999999992e-01,2.076530000000000042e-01,2.726799999999999780e-01,1.688500000000000001e-01,-1.877860000000000085e-01,1.722879999999999967e-01,1.915000000000000036e-03,1.216919999999999946e-01,5.282699999999999896e-02,3.839810000000000167e-01,3.525860000000000105e-01,1.236099999999999977e-01,2.893669999999999853e-01,5.906749999999999501e-01,2.987290000000000223e-01,7.077630000000000310e-01,3.694689999999999919e-01,3.782929999999999904e-01,2.083760000000000057e-01,5.188500000000000334e-01,5.056730000000000391e-01,1.632899999999999907e-01,3.453169999999999851e-01,3.629999999999999893e-02,3.106329999999999925e-01,3.805499999999999855e-02,3.812099999999999933e-01,3.055039999999999978e-01,3.884299999999999975e-01,1.903420000000000112e-01,5.396600000000000286e-01,3.980170000000000097e-01,2.559190000000000076e-01,4.670259999999999967e-01,1.949660000000000004e-01,5.187070000000000292e-01,1.101110000000000005e-01,1.370790000000000064e-01,1.463629999999999931e-01
2.911219999999999919e-01,3.808440000000000158e-01,7.742560000000000553e-01,1.408119999999999927e-01,6.213509999999999867e-01,5.490650000000000253e-01,1.360740000000000005e-01,3.953780000000000072e-01,1.000000000000000000e+00,3.835879999999999845e-01,7.609749999999999570e-01,1.641440000000000121e-01,3.228730000000000211e-01,1.404920000000000058e-01,5.942920000000000424e-01,2.486430000000000029e-01,2.601379999999999804e-01,3.207130000000000258e-01,7.916170000000000151e-01,5.328500000000000458e-01,3.850999999999999979e-01,4.889140000000000152e-01,4.882549999999999946e-01,1.977619999999999933e-01,5.689159999999999773e-01,4.209030000000000271e-01,6.090189999999999770e-01,3.752510000000000012e-01,4.198459999999999970e-01,2.681950000000000167e-01,1.190269999999999939e-01,1.688630000000000131e-01,2.703099999999999947e-01,1.117419999999999941e-01,-5.532700000000000118e-02,3.755260000000000264e-01,6.474599999999999800e-02,-1.522899999999999948e-02,2.554509999999999836e-01,2.977179999999999827e-01,1.847940000000000138e-01,-3.863199999999999967e-02,4.797699999999999881e-02,-1.697780000000000122e-01,1.291100000000000025e-01,1.323400000000000132e-01,3.737770000000000259e-01,7.491809999999999858e-01,5.340899999999999814e-02,5.759710000000000107e-01,4.857380000000000031e-01,3.929380000000000095e-01,3.323809999999999820e-01,9.265600000000000502e-01,2.816589999999999927e-01,5.613540000000000196e-01,2.246410000000000073e-01,3.247780000000000111e-01,1.259750000000000036e-01,5.449589999999999712e-01,2.409449999999999925e-01,2.431659999999999933e-01,9.371899999999999675e-02,7.224949999999999983e-01,5.835099999999999731e-01,2.648840000000000083e-01,5.365419999999999634e-01,4.894560000000000022e-01,2.415730000000000099e-01,4.826980000000000159e-01,3.498999999999999888e-01,5.281019999999999603e-01,4.979640000000000177e-01,4.645440000000000125e-01,3.897050000000000236e-01,3.494309999999999916e-01
5.632700000000000484e-01,5.274119999999999919e-01,4.118120000000000114e-01,2.914740000000000109e-01,5.977430000000000243e-01,4.910329999999999973e-01,5.245009999999999950e-01,2.864760000000000084e-01,3.835879999999999845e-01,1.000000000000000000e+00,4.763549999999999729e-01,4.802850000000000175e-01,4.919490000000000252e-01,-2.582200000000000120e-02,3.753059999999999730e-01,4.368000000000000216e-01,5.056519999999999904e-01,5.787080000000000002e-01,4.302130000000000121e-01,6.012330000000000174e-01,5.845409999999999773e-01,5.839919999999999556e-01,2.232000000000000095e-01,3.846390000000000087e-01,6.980939999999999923e-01,5.817099999999999493e-01,4.232909999999999728e-01,6.683999999999999941e-01,4.846820000000000017e-01,2.820280000000000009e-01,5.370500000000000274e-01,4.644550000000000067e-01,3.761950000000000016e-01,3.919630000000000059e-01,1.297709999999999975e-01,4.637499999999999956e-01,3.129790000000000072e-01,2.932600000000000137e-02,4.590920000000000001e-01,3.628830000000000111e-01,4.825880000000000170e-01,-2.492300000000000071e-02,-1.801600000000000076e-02,-1.967899999999999927e-01,5.779700000000000115e-02,3.882900000000000240e-01,3.049919999999999853e-01,3.255719999999999725e-01,4.022000000000000401e-03,4.448710000000000164e-01,3.904659999999999798e-01,3.587179999999999813e-01,2.310780000000000056e-01,3.694669999999999899e-01,5.040390000000000148e-01,1.802539999999999976e-01,4.075869999999999771e-01,2.498690000000000078e-01,1.877890000000000115e-01,4.885329999999999950e-01,3.877669999999999728e-01,4.027430000000000176e-01,4.506649999999999823e-01,4.049809999999999799e-01,5.153550000000000075e-01,4.961039999999999894e-01,5.094140000000000335e-01,3.420329999999999759e-01,4.333830000000000182e-01,5.075450000000000239e-01,4.346760000000000068e-01,4.367249999999999743e-01,3.554599999999999982e-01,4.734639999999999960e-01,1.409189999999999887e-01,5.345630000000000104e-01
3.217260000000000120e-01,4.270760000000000112e-01,8.102110000000000145e-01,1.691219999999999946e-01,6.268829999999999680e-01,6.040229999999999766e-01,2.028629999999999878e-01,4.427440000000000264e-01,7.609749999999999570e-01,4.763549999999999729e-01,1.000000000000000000e+00,2.612070000000000225e-01,3.579530000000000212e-01,1.440079999999999971e-01,6.602170000000000538e-01,2.214969999999999994e-01,3.339520000000000266e-01,4.187739999999999796e-01,7.519719999999999738e-01,5.596489999999999521e-01,3.869219999999999882e-01,4.991700000000000026e-01,5.524989999999999624e-01,2.796919999999999962e-01,5.781410000000000160e-01,4.581210000000000004e-01,5.583010000000000472e-01,4.491149999999999864e-01,4.083229999999999915e-01,2.166069999999999940e-01,1.131410000000000055e-01,1.794139999999999902e-01,3.758619999999999739e-01,1.063449999999999951e-01,4.568799999999999945e-02,3.961430000000000229e-01,1.635369999999999879e-01,-4.453900000000000220e-02,2.473130000000000051e-01,3.528220000000000245e-01,2.784329999999999861e-01,5.092000000000000172e-03,1.492600000000000003e-02,-1.580689999999999873e-01,1.248419999999999946e-01,7.054900000000000060e-02,2.603139999999999898e-01,7.740810000000000191e-01,-3.713099999999999734e-02,5.192369999999999486e-01,4.742410000000000236e-01,2.716689999999999938e-01,3.751820000000000155e-01,7.244190000000000351e-01,2.417590000000000017e-01,7.516519999999999868e-01,2.288870000000000071e-01,2.377960000000000074e-01,1.855829999999999980e-01,5.730439999999999978e-01,2.465759999999999896e-01,2.043719999999999981e-01,1.028700000000000031e-01,6.722500000000000142e-01,5.468960000000000488e-01,3.046769999999999756e-01,5.306980000000000031e-01,5.366790000000000171e-01,2.420350000000000001e-01,3.917649999999999744e-01,2.907520000000000104e-01,5.073520000000000252e-01,4.141770000000000174e-01,4.229080000000000061e-01,3.482750000000000012e-01,3.673640000000000239e-01
1.139109999999999984e-01,4.638760000000000105e-01,2.037279999999999924e-01,1.816399999999999959e-02,2.155040000000000011e-01,5.629499999999999504e-01,8.714500000000000024e-02,6.271039999999999948e-01,1.641440000000000121e-01,4.802850000000000175e-01,2.612070000000000225e-01,1.000000000000000000e+00,5.229359999999999564e-01,1.907210000000000016e-01,1.028249999999999997e-01,-6.969100000000000295e-02,5.056669999999999776e-01,2.567159999999999997e-01,1.849979999999999958e-01,1.726179999999999937e-01,1.922040000000000137e-01,1.322470000000000034e-01,3.639600000000000057e-01,5.974140000000000006e-01,2.202600000000000113e-01,5.302580000000000071e-01,-5.119900000000000145e-02,3.673819999999999864e-01,-1.000359999999999999e-01,2.687180000000000124e-01,1.518210000000000115e-01,1.904649999999999954e-01,2.040810000000000124e-01,1.896269999999999900e-01,7.100000000000000191e-04,2.911719999999999864e-01,1.595989999999999909e-01,-7.229099999999999415e-02,1.550640000000000074e-01,1.691469999999999918e-01,1.700359999999999927e-01,-1.803120000000000001e-01,2.051270000000000038e-01,6.629799999999999582e-02,9.260200000000000375e-02,1.173880000000000062e-01,1.973219999999999974e-01,1.680540000000000089e-01,2.982100000000000029e-02,1.799209999999999976e-01,3.804109999999999991e-01,1.031650000000000067e-01,5.002619999999999845e-01,1.758220000000000061e-01,4.028990000000000071e-01,8.008600000000000441e-02,6.474130000000000162e-01,3.663069999999999937e-01,1.360699999999999965e-01,2.374769999999999937e-01,-2.298800000000000149e-02,3.557029999999999914e-01,1.931829999999999936e-01,2.367029999999999967e-01,1.740720000000000045e-01,2.498130000000000073e-01,1.161390000000000061e-01,2.663519999999999777e-01,3.703629999999999978e-01,6.382599999999999385e-02,4.059150000000000258e-01,-1.630600000000000105e-02,3.606519999999999726e-01,-5.211400000000000060e-02,-3.196999999999999842e-02,6.584299999999999875e-02
2.789209999999999745e-01,6.863939999999999486e-01,3.955659999999999732e-01,-1.833600000000000160e-02,4.449330000000000229e-01,7.037889999999999979e-01,2.812640000000000140e-01,5.283510000000000151e-01,3.228730000000000211e-01,4.919490000000000252e-01,3.579530000000000212e-01,5.229359999999999564e-01,1.000000000000000000e+00,3.509799999999999726e-02,3.286069999999999824e-01,2.982020000000000226e-01,5.525830000000000464e-01,4.687669999999999892e-01,3.821280000000000232e-01,4.887580000000000258e-01,3.189839999999999898e-01,4.270329999999999959e-01,2.910690000000000222e-01,3.649709999999999899e-01,4.310300000000000242e-01,6.732449999999999823e-01,1.451590000000000102e-01,5.527609999999999468e-01,2.607389999999999985e-01,2.724679999999999880e-01,2.712300000000000266e-01,3.545170000000000265e-01,4.561290000000000067e-01,3.316810000000000036e-01,-1.079999999999999960e-04,2.414479999999999960e-01,-6.753000000000000322e-03,-5.612799999999999734e-02,2.949370000000000047e-01,2.807209999999999983e-01,2.883129999999999860e-01,-8.572100000000000553e-02,5.917000000000000384e-03,4.597000000000000391e-03,8.583799999999999764e-02,1.652180000000000037e-01,3.932109999999999772e-01,2.524620000000000197e-01,8.154699999999999449e-02,3.369869999999999810e-01,5.304429999999999978e-01,3.310859999999999914e-01,3.940600000000000214e-01,3.455650000000000110e-01,4.020429999999999837e-01,1.477610000000000035e-01,4.790730000000000266e-01,6.520380000000000065e-01,1.971130000000000104e-01,4.158979999999999899e-01,1.939760000000000095e-01,4.474790000000000156e-01,3.640959999999999752e-01,4.024469999999999992e-01,4.096750000000000114e-01,3.520760000000000001e-01,3.530019999999999825e-01,2.655029999999999890e-01,3.491270000000000207e-01,3.833219999999999961e-01,6.021879999999999455e-01,1.435450000000000059e-01,5.794620000000000326e-01,2.406699999999999950e-01,2.339249999999999940e-01,2.902529999999999832e-01
-2.475000000000000203e-03,1.704800000000000065e-02,6.443799999999999528e-02,9.792299999999999616e-02,1.135960000000000025e-01,2.767319999999999780e-01,-1.541510000000000102e-01,2.276700000000000113e-01,1.404920000000000058e-01,-2.582200000000000120e-02,1.440079999999999971e-01,1.907210000000000016e-01,3.509799999999999726e-02,1.000000000000000000e+00,7.101100000000000467e-02,-1.782070000000000043e-01,1.532219999999999971e-01,9.471400000000000652e-02,6.817299999999999749e-02,4.107800000000000340e-02,1.176760000000000028e-01,-2.071599999999999830e-02,1.791659999999999919e-01,2.382509999999999906e-01,-7.130000000000000053e-03,1.142490000000000033e-01,8.069999999999999396e-02,9.582799999999999652e-02,-5.982599999999999724e-02,1.844179999999999986e-01,3.709500000000000297e-02,1.514119999999999910e-01,-1.423109999999999931e-01,-7.866900000000000281e-02,-2.632100000000000065e-02,1.860020000000000007e-01,1.386419999999999875e-01,-9.825000000000000400e-02,4.790599999999999720e-02,-3.205999999999999822e-02,-6.419099999999999806e-02,3.102299999999999849e-02,1.981549999999999978e-01,1.321630000000000027e-01,-1.981099999999999875e-02,-9.746100000000000596e-02,7.232399999999999940e-02,6.491600000000000148e-02,1.269220000000000070e-01,1.271690000000000043e-01,2.065420000000000034e-01,7.452300000000000590e-02,2.317400000000000015e-01,1.651620000000000033e-01,1.132770000000000027e-01,7.648599999999999843e-02,2.709650000000000114e-01,6.051000000000000129e-02,3.484789999999999832e-01,1.618749999999999911e-01,1.857999999999999929e-02,1.227660000000000001e-01,-1.096929999999999988e-01,5.862300000000000150e-02,1.165110000000000035e-01,9.635299999999999421e-02,1.165599999999999969e-02,2.136959999999999971e-01,1.548400000000000054e-01,-5.140700000000000131e-02,1.011190000000000005e-01,1.406370000000000120e-01,1.103549999999999948e-01,6.667000000000000183e-03,2.191569999999999907e-01,-1.384600000000000067e-02
2.384650000000000103e-01,2.512980000000000214e-01,7.415699999999999514e-01,1.665409999999999946e-01,5.286910000000000220e-01,5.037270000000000358e-01,1.435359999999999969e-01,3.423169999999999824e-01,5.942920000000000424e-01,3.753059999999999730e-01,6.602170000000000538e-01,1.028249999999999997e-01,3.286069999999999824e-01,7.101100000000000467e-02,1.000000000000000000e+00,3.886129999999999862e-01,8.977499999999999369e-02,3.157619999999999871e-01,6.584489999999999510e-01,6.755750000000000366e-01,5.681680000000000064e-01,6.012539999999999552e-01,5.982499999999999485e-01,9.707000000000000350e-02,4.239280000000000270e-01,2.938729999999999953e-01,7.262979999999999992e-01,4.999990000000000268e-01,6.627499999999999503e-01,2.184669999999999945e-01,2.344549999999999967e-01,3.130129999999999857e-01,3.809440000000000048e-01,3.603700000000000236e-01,4.243600000000000150e-02,3.481139999999999790e-01,2.573779999999999957e-01,8.781799999999999329e-02,4.226739999999999942e-01,4.458829999999999738e-01,4.084980000000000278e-01,-3.798599999999999893e-02,-2.533710000000000129e-01,-3.008250000000000091e-01,1.470450000000000090e-01,1.670059999999999878e-01,3.289969999999999839e-01,5.784030000000000005e-01,-1.273710000000000120e-01,5.508229999999999515e-01,5.342590000000000394e-01,3.707949999999999857e-01,4.265399999999999747e-01,6.041959999999999553e-01,2.005929999999999935e-01,4.444609999999999950e-01,1.398490000000000011e-01,2.645580000000000154e-01,1.614530000000000132e-01,6.696100000000000385e-01,4.051719999999999766e-01,1.508150000000000046e-01,1.763639999999999930e-01,5.074629999999999974e-01,6.495069999999999455e-01,5.949309999999999876e-01,6.414729999999999599e-01,6.058149999999999924e-01,1.920870000000000077e-01,4.287850000000000272e-01,3.536719999999999864e-01,6.171079999999999899e-01,4.391820000000000168e-01,7.106350000000000167e-01,3.652270000000000238e-01,4.907039999999999735e-01
5.346560000000000201e-01,2.820579999999999754e-01,3.135709999999999886e-01,1.004079999999999973e-01,5.032510000000000039e-01,1.649480000000000113e-01,5.595679999999999543e-01,1.368199999999999972e-02,2.486430000000000029e-01,4.368000000000000216e-01,2.214969999999999994e-01,-6.969100000000000295e-02,2.982020000000000226e-01,-1.782070000000000043e-01,3.886129999999999862e-01,1.000000000000000000e+00,1.753859999999999864e-01,5.643949999999999800e-01,3.177920000000000189e-01,5.660279999999999756e-01,5.809159999999999879e-01,6.006270000000000220e-01,5.227300000000000002e-02,-1.240010000000000001e-01,5.009040000000000159e-01,2.595549999999999802e-01,5.389589999999999659e-01,4.309830000000000050e-01,7.531409999999999494e-01,1.800940000000000041e-01,4.808760000000000256e-01,3.601690000000000169e-01,4.047789999999999999e-01,4.501029999999999753e-01,-3.876600000000000185e-02,1.105190000000000061e-01,1.334730000000000083e-01,2.404920000000000113e-01,4.217929999999999735e-01,3.763719999999999843e-01,4.688599999999999990e-01,7.131800000000000639e-02,-1.778339999999999921e-01,-1.781909999999999883e-01,4.876699999999999785e-02,3.535030000000000117e-01,1.960220000000000018e-01,1.206829999999999986e-01,1.917800000000000060e-02,3.717489999999999961e-01,7.479800000000000337e-02,4.180099999999999927e-01,-1.012300000000000005e-01,2.355450000000000044e-01,1.467090000000000061e-01,1.026299999999999990e-01,-1.113429999999999975e-01,1.313590000000000035e-01,7.087000000000000244e-02,3.365360000000000018e-01,5.105669999999999931e-01,2.027819999999999900e-01,5.211550000000000349e-01,2.228040000000000020e-01,4.098280000000000256e-01,4.528550000000000075e-01,4.407499999999999751e-01,9.428499999999999381e-02,3.608999999999999795e-03,4.641609999999999903e-01,1.074859999999999982e-01,3.769629999999999925e-01,2.835260000000000002e-01,5.418859999999999788e-01,1.940969999999999918e-01,4.942210000000000214e-01
3.132090000000000152e-01,6.798950000000000271e-01,2.318109999999999893e-01,-1.241560000000000025e-01,4.807699999999999751e-01,5.630800000000000249e-01,2.970419999999999727e-01,3.642679999999999807e-01,2.601379999999999804e-01,5.056519999999999904e-01,3.339520000000000266e-01,5.056669999999999776e-01,5.525830000000000464e-01,1.532219999999999971e-01,8.977499999999999369e-02,1.753859999999999864e-01,1.000000000000000000e+00,6.249130000000000518e-01,2.123220000000000107e-01,3.816140000000000088e-01,2.568300000000000027e-01,3.853090000000000126e-01,1.088149999999999951e-01,3.204790000000000139e-01,4.804849999999999954e-01,6.311080000000000023e-01,9.863600000000000145e-02,3.495849999999999791e-01,6.641099999999999781e-02,2.923520000000000008e-01,3.120569999999999733e-01,3.746559999999999890e-01,2.516570000000000196e-01,1.278499999999999914e-01,7.068699999999999983e-02,2.622729999999999784e-01,5.525499999999999856e-02,-6.193400000000000294e-02,2.858510000000000217e-01,1.588170000000000137e-01,2.177540000000000031e-01,-1.474610000000000087e-01,3.809969999999999746e-01,2.030520000000000103e-01,-2.375499999999999834e-02,9.977400000000000158e-02,3.219989999999999797e-01,1.383790000000000020e-01,3.041220000000000034e-01,4.198879999999999835e-01,3.955879999999999952e-01,3.628000000000000114e-01,1.702899999999999969e-01,3.146860000000000213e-01,4.621520000000000072e-01,1.842530000000000001e-01,4.776009999999999978e-01,4.775490000000000013e-01,2.606010000000000271e-01,3.985369999999999746e-01,2.074390000000000123e-01,5.597269999999999746e-01,4.321749999999999758e-01,2.226730000000000098e-01,3.894090000000000051e-01,2.020430000000000004e-01,2.489490000000000036e-01,1.590110000000000134e-01,2.747370000000000090e-01,2.700150000000000050e-01,4.139869999999999939e-01,1.985989999999999978e-01,4.514259999999999939e-01,1.070429999999999993e-01,6.207800000000000124e-02,2.862469999999999737e-01
5.911990000000000300e-01,4.431220000000000159e-01,3.148770000000000180e-01,1.369740000000000124e-01,6.204760000000000275e-01,4.018999999999999795e-01,3.167499999999999760e-01,1.993570000000000064e-01,3.207130000000000258e-01,5.787080000000000002e-01,4.187739999999999796e-01,2.567159999999999997e-01,4.687669999999999892e-01,9.471400000000000652e-02,3.157619999999999871e-01,5.643949999999999800e-01,6.249130000000000518e-01,1.000000000000000000e+00,4.303629999999999955e-01,6.413410000000000499e-01,5.168899999999999606e-01,6.564360000000000195e-01,2.876199999999999937e-02,2.764249999999999763e-01,5.907569999999999766e-01,5.692789999999999795e-01,3.941600000000000104e-01,6.273469999999999880e-01,5.278009999999999646e-01,2.690330000000000221e-01,4.321639999999999926e-01,4.880300000000000193e-01,3.383390000000000009e-01,3.160049999999999804e-01,7.221500000000000141e-02,3.215899999999999870e-01,2.719840000000000035e-01,1.552020000000000066e-01,4.407369999999999899e-01,2.551350000000000007e-01,5.658079999999999776e-01,7.145200000000000162e-02,4.604099999999999859e-02,-5.532999999999999724e-03,6.674599999999999977e-02,2.650730000000000031e-01,1.299869999999999914e-01,1.899009999999999865e-01,3.803299999999999736e-02,3.783659999999999801e-01,2.464619999999999866e-01,3.274619999999999753e-01,5.758400000000000324e-02,3.849850000000000216e-01,2.219919999999999949e-01,1.277820000000000067e-01,1.807239999999999958e-01,1.813680000000000014e-01,1.838539999999999897e-01,5.716750000000000442e-01,5.292170000000000485e-01,3.442109999999999892e-01,6.136770000000000280e-01,3.626590000000000091e-01,6.243680000000000341e-01,3.898860000000000103e-01,5.366039999999999699e-01,1.999559999999999949e-01,2.436550000000000105e-01,3.560559999999999836e-01,2.851069999999999993e-01,4.417369999999999908e-01,4.085380000000000122e-01,4.584539999999999726e-01,2.856540000000000190e-01,5.485989999999999478e-01
4.112480000000000024e-01,3.691670000000000229e-01,8.295620000000000216e-01,2.106939999999999924e-01,5.586449999999999472e-01,5.904150000000000231e-01,1.365310000000000135e-01,3.843650000000000122e-01,7.916170000000000151e-01,4.302130000000000121e-01,7.519719999999999738e-01,1.849979999999999958e-01,3.821280000000000232e-01,6.817299999999999749e-02,6.584489999999999510e-01,3.177920000000000189e-01,2.123220000000000107e-01,4.303629999999999955e-01,1.000000000000000000e+00,6.573069999999999746e-01,4.700869999999999771e-01,5.990710000000000202e-01,5.504689999999999861e-01,2.793459999999999832e-01,6.086260000000000003e-01,4.955930000000000057e-01,6.586199999999999832e-01,4.935459999999999847e-01,5.326239999999999863e-01,2.488799999999999901e-01,1.838079999999999992e-01,2.443829999999999891e-01,3.651429999999999954e-01,2.055879999999999930e-01,6.202200000000000074e-02,3.818400000000000127e-01,1.695020000000000138e-01,1.398260000000000058e-01,3.588859999999999828e-01,3.999309999999999810e-01,3.970259999999999900e-01,1.034530000000000033e-01,-1.040589999999999987e-01,-3.036849999999999827e-01,1.203309999999999935e-01,1.503750000000000087e-01,3.265919999999999934e-01,7.446509999999999518e-01,-1.178769999999999957e-01,4.833770000000000011e-01,5.232489999999999641e-01,3.135169999999999901e-01,3.426870000000000194e-01,7.904149999999999787e-01,2.072880000000000000e-01,4.301010000000000111e-01,1.310010000000000063e-01,2.386379999999999890e-01,8.613999999999999435e-02,6.409909999999999775e-01,3.984509999999999996e-01,1.570020000000000027e-01,2.023069999999999868e-01,8.610139999999999461e-01,7.044569999999999999e-01,3.913539999999999797e-01,7.280370000000000452e-01,5.671650000000000302e-01,3.282309999999999950e-01,4.771940000000000071e-01,3.962680000000000091e-01,5.889689999999999648e-01,4.727210000000000023e-01,6.002359999999999918e-01,4.594190000000000218e-01,5.543420000000000014e-01
5.706879999999999731e-01,4.688780000000000170e-01,6.403200000000000003e-01,2.098720000000000030e-01,6.949600000000000222e-01,5.400840000000000085e-01,3.442040000000000100e-01,3.155740000000000212e-01,5.328500000000000458e-01,6.012330000000000174e-01,5.596489999999999521e-01,1.726179999999999937e-01,4.887580000000000258e-01,4.107800000000000340e-02,6.755750000000000366e-01,5.660279999999999756e-01,3.816140000000000088e-01,6.413410000000000499e-01,6.573069999999999746e-01,1.000000000000000000e+00,7.417759999999999909e-01,8.988800000000000123e-01,3.443899999999999739e-01,1.798220000000000096e-01,6.675689999999999680e-01,5.247899999999999787e-01,6.831650000000000222e-01,6.805229999999999890e-01,7.306110000000000104e-01,2.849630000000000218e-01,5.500230000000000397e-01,5.068709999999999605e-01,4.810260000000000091e-01,4.745110000000000161e-01,9.808100000000000152e-02,4.319999999999999951e-01,2.852620000000000156e-01,1.669380000000000031e-01,5.481829999999999758e-01,4.435430000000000206e-01,5.825909999999999700e-01,8.891599999999999504e-02,-1.134690000000000004e-01,-2.444079999999999864e-01,1.633529999999999982e-01,2.822899999999999854e-01,3.141309999999999936e-01,4.742790000000000061e-01,7.648000000000000284e-03,5.299770000000000314e-01,4.760159999999999947e-01,4.543670000000000209e-01,2.905619999999999870e-01,5.528889999999999638e-01,2.562450000000000006e-01,1.970020000000000104e-01,1.597909999999999886e-01,3.186530000000000196e-01,2.895179999999999976e-01,7.184030000000000138e-01,5.258709999999999773e-01,2.669810000000000239e-01,3.926439999999999930e-01,5.262400000000000411e-01,8.341950000000000198e-01,6.283680000000000376e-01,8.276590000000000336e-01,4.804769999999999874e-01,2.687599999999999989e-01,5.754040000000000266e-01,4.432459999999999734e-01,6.348099999999999854e-01,5.543529999999999847e-01,7.307059999999999667e-01,3.972570000000000268e-01,6.998969999999999914e-01
