1.000000000000000000e+00,6.307260000000000089e-01,7.248860000000000303e-01,3.736860000000000182e-01,5.995740000000000514e-01,6.671110000000000095e-01,4.580020000000000202e-01,6.123509999999999787e-01,7.799439999999999706e-01,7.279849999999999932e-01,5.880809999999999649e-01,5.317429999999999657e-01,6.128219999999999779e-01,4.844099999999999795e-02,3.975500000000000145e-01,6.845379999999999798e-01,5.443850000000000078e-01,5.730769999999999476e-01,6.969260000000000455e-01,6.883350000000000302e-01,8.590569999999999595e-01,7.887440000000000007e-01,6.473759999999999515e-01,7.274500000000000410e-01,5.897860000000000325e-01,6.809410000000000185e-01,7.785229999999999650e-01,7.599609999999999976e-01,6.923430000000000417e-01,5.179559999999999720e-01,8.045820000000000194e-01,4.443619999999999792e-01,2.390110000000000012e-01,6.489340000000000108e-01,2.512299999999999950e-02,2.488259999999999916e-01,2.879019999999999913e-01,-2.113029999999999908e-01,3.377999999999999892e-01,6.325800000000000312e-01,5.667489999999999473e-01,3.154299999999999882e-01,4.039360000000000173e-01,2.782350000000000101e-01,8.907999999999999252e-03,8.552419999999999467e-01,7.064690000000000136e-01,5.658009999999999984e-01,-1.127000000000000050e-02,6.556330000000000213e-01,6.210630000000000317e-01,6.273050000000000015e-01,4.706049999999999955e-01,7.600909999999999611e-01,7.665549999999999864e-01,3.799319999999999919e-01,5.784709999999999575e-01,6.132990000000000386e-01,2.321719999999999895e-01,4.079240000000000088e-01,6.357509999999999550e-01,6.939790000000000125e-01,6.826330000000000453e-01,5.337640000000000162e-01,6.790110000000000312e-01,8.742189999999999683e-01,6.328059999999999796e-01,6.424410000000000398e-01,7.591980000000000395e-01,7.006369999999999543e-01,8.162979999999999681e-01,6.725119999999999987e-01,7.685720000000000329e-01,6.183140000000000303e-01,5.629459999999999464e-01,6.874780000000000335e-01
6.307260000000000089e-01,1.000000000000000000e+00,4.027120000000000144e-01,4.309899999999999842e-01,2.926529999999999965e-01,7.321320000000000050e-01,2.176750000000000074e-01,6.397789999999999866e-01,5.419589999999999685e-01,5.590509999999999646e-01,2.136889999999999901e-01,4.892219999999999902e-01,4.981829999999999870e-01,1.250130000000000130e-01,3.121090000000000253e-01,7.750160000000000382e-01,4.888589999999999880e-01,6.285739999999999661e-01,4.651069999999999927e-01,5.087939999999999685e-01,6.493069999999999675e-01,6.469610000000000083e-01,7.377059999999999729e-01,6.284509999999999819e-01,6.080780000000000074e-01,8.337219999999999631e-01,5.960180000000000478e-01,4.112080000000000179e-01,4.230539999999999856e-01,2.676239999999999730e-01,5.945030000000000037e-01,4.045779999999999932e-01,8.977400000000000657e-02,4.798609999999999820e-01,-5.354799999999999838e-02,2.998799999999999799e-01,1.972309999999999897e-01,-1.730389999999999984e-01,4.324000000000000066e-01,5.281529999999999836e-01,5.735519999999999508e-01,2.367900000000000005e-01,4.719160000000000021e-01,1.801210000000000033e-01,6.395599999999999896e-02,5.150419999999999998e-01,7.434420000000000472e-01,4.944250000000000034e-01,2.268000000000000016e-01,5.537480000000000180e-01,6.172239999999999949e-01,5.547290000000000276e-01,5.887329999999999508e-01,5.512219999999999898e-01,5.639210000000000056e-01,3.373200000000000087e-01,5.954789999999999806e-01,6.343619999999999814e-01,4.895649999999999724e-01,3.678179999999999783e-01,2.984390000000000098e-01,7.375720000000000054e-01,6.177629999999999511e-01,5.993089999999999806e-01,3.768119999999999803e-01,5.348479999999999901e-01,3.855919999999999903e-01,6.910530000000000284e-01,4.799459999999999837e-01,6.166479999999999739e-01,7.568850000000000300e-01,5.829299999999999482e-01,4.913100000000000245e-01,1.875239999999999962e-01,3.374340000000000117e-01,4.177400000000000002e-01
7.248860000000000303e-01,4.027120000000000144e-01,1.000000000000000000e+00,3.758429999999999827e-01,7.517800000000000038e-01,6.535269999999999690e-01,5.405860000000000110e-01,4.779709999999999792e-01,8.774950000000000250e-01,6.684759999999999591e-01,7.404290000000000038e-01,5.889760000000000550e-01,6.756900000000000128e-01,-3.915400000000000130e-02,5.327889999999999571e-01,4.690340000000000065e-01,4.861309999999999798e-01,4.179340000000000277e-01,8.552999999999999492e-01,8.201869999999999994e-01,6.929790000000000116e-01,8.335630000000000539e-01,6.090470000000000050e-01,6.411769999999999969e-01,3.221359999999999779e-01,5.234069999999999556e-01,8.295379999999999976e-01,7.677040000000000530e-01,6.242379999999999596e-01,4.932840000000000003e-01,6.421069999999999833e-01,4.954069999999999863e-01,3.329280000000000017e-01,4.766449999999999854e-01,6.073000000000000273e-03,1.213449999999999945e-01,2.806060000000000221e-01,-9.948999999999999511e-02,3.657190000000000163e-01,5.150489999999999791e-01,2.749800000000000022e-01,1.333910000000000096e-01,4.609389999999999876e-01,1.947760000000000047e-01,2.405200000000000046e-02,6.859420000000000517e-01,4.301880000000000148e-01,7.280600000000000405e-01,-1.584980000000000000e-01,6.143250000000000099e-01,5.798720000000000541e-01,5.340869999999999784e-01,3.613390000000000213e-01,8.023909999999999654e-01,5.635850000000000026e-01,4.527450000000000085e-01,5.309420000000000250e-01,5.013140000000000374e-01,1.003340000000000065e-01,5.303719999999999546e-01,4.742850000000000121e-01,4.704249999999999821e-01,5.083020000000000316e-01,5.571920000000000206e-01,7.604210000000000136e-01,6.438930000000000486e-01,6.640369999999999884e-01,5.522810000000000219e-01,5.923720000000000097e-01,4.522329999999999961e-01,6.684489999999999599e-01,6.856259999999999577e-01,6.567260000000000320e-01,4.268100000000000227e-01,5.389690000000000314e-01,5.530009999999999648e-01
3.736860000000000182e-01,4.309899999999999842e-01,3.758429999999999827e-01,1.000000000000000000e+00,3.186470000000000136e-01,4.654869999999999841e-01,5.164159999999999862e-01,3.644979999999999887e-01,3.824980000000000047e-01,4.381129999999999747e-01,1.798289999999999889e-01,3.800729999999999942e-01,3.944329999999999781e-01,-4.538400000000000073e-02,1.281029999999999947e-01,3.385630000000000028e-01,2.498209999999999875e-01,3.140640000000000098e-01,3.836780000000000190e-01,3.374240000000000017e-01,3.432870000000000088e-01,3.783500000000000196e-01,4.128310000000000035e-01,4.253390000000000226e-01,1.837419999999999887e-01,3.686639999999999917e-01,4.025369999999999782e-01,3.259529999999999927e-01,4.245240000000000125e-01,2.900670000000000193e-01,3.468419999999999837e-01,2.896159999999999846e-01,2.183470000000000133e-01,2.360750000000000071e-01,-2.069299999999999959e-02,1.238770000000000010e-01,2.369670000000000110e-01,4.470400000000000068e-02,2.196869999999999934e-01,4.461879999999999735e-01,2.920650000000000190e-01,2.391050000000000120e-01,2.856879999999999975e-01,1.617619999999999891e-01,4.023000000000000187e-02,4.075199999999999934e-01,3.247900000000000231e-01,3.500960000000000183e-01,-8.007000000000000228e-03,2.358530000000000071e-01,4.187330000000000219e-01,4.417150000000000243e-01,2.624659999999999771e-01,3.227820000000000134e-01,3.554439999999999822e-01,2.699599999999999916e-02,3.956669999999999909e-01,3.421120000000000272e-01,1.433109999999999939e-01,1.499979999999999924e-01,3.032969999999999833e-01,3.873920000000000141e-01,3.320080000000000253e-01,4.580520000000000147e-01,2.323469999999999980e-01,2.977139999999999787e-01,2.447870000000000046e-01,3.468780000000000197e-01,3.478669999999999818e-01,3.263710000000000222e-01,3.989940000000000153e-01,3.226999999999999869e-01,2.565149999999999930e-01,1.857330000000000092e-01,1.906079999999999997e-01,3.587569999999999926e-01
5.995740000000000514e-01,2.926529999999999965e-01,7.517800000000000038e-01,3.186470000000000136e-01,1.000000000000000000e+00,5.884620000000000406e-01,6.969629999999999992e-01,4.774849999999999928e-01,8.279969999999999830e-01,4.484330000000000260e-01,7.739200000000000523e-01,3.696519999999999806e-01,7.369529999999999692e-01,8.350799999999999890e-02,3.074649999999999883e-01,3.789890000000000203e-01,1.721310000000000062e-01,1.919420000000000015e-01,6.875139999999999585e-01,7.165040000000000298e-01,6.337329999999999908e-01,6.815769999999999884e-01,4.921389999999999931e-01,5.652460000000000262e-01,1.742039999999999977e-01,4.381510000000000127e-01,7.689249999999999696e-01,7.060650000000000537e-01,6.503700000000000037e-01,6.432499999999999885e-01,5.149289999999999701e-01,5.847200000000000175e-01,3.345819999999999905e-01,4.515259999999999829e-01,3.731199999999999795e-02,7.625700000000000534e-02,-3.577000000000000318e-02,9.070999999999999203e-03,3.855750000000000011e-01,5.637999999999999678e-01,2.713610000000000189e-01,1.253899999999999980e-02,3.741709999999999758e-01,5.584100000000000175e-02,2.339690000000000103e-01,5.290300000000000002e-01,3.403030000000000221e-01,6.392830000000000457e-01,-1.045719999999999983e-01,6.636189999999999589e-01,5.906780000000000364e-01,4.994709999999999983e-01,4.333210000000000117e-01,7.789220000000000033e-01,4.562410000000000077e-01,4.997090000000000143e-01,3.915319999999999911e-01,4.035020000000000273e-01,1.161859999999999976e-01,3.573239999999999750e-01,3.730049999999999755e-01,4.127939999999999943e-01,4.522499999999999853e-01,3.828980000000000161e-01,5.704110000000000014e-01,5.828860000000000152e-01,3.981290000000000107e-01,5.501230000000000286e-01,5.137350000000000527e-01,4.087779999999999747e-01,5.734369999999999745e-01,7.197500000000000009e-01,5.114210000000000145e-01,4.266880000000000117e-01,4.250999999999999779e-01,3.367780000000000218e-01
6.671110000000000095e-01,7.321320000000000050e-01,6.535269999999999690e-01,4.654869999999999841e-01,5.884620000000000406e-01,1.000000000000000000e+00,5.421970000000000400e-01,7.242509999999999781e-01,7.988859999999999850e-01,5.376499999999999613e-01,4.701270000000000171e-01,4.924459999999999948e-01,7.272509999999999808e-01,2.263280000000000014e-01,3.599069999999999769e-01,6.088350000000000151e-01,4.146070000000000033e-01,5.701289999999999969e-01,6.747830000000000217e-01,7.349160000000000137e-01,7.459940000000000460e-01,7.798969999999999514e-01,8.497609999999999886e-01,6.880979999999999874e-01,4.986140000000000017e-01,7.529820000000000402e-01,7.831639999999999713e-01,5.342510000000000314e-01,7.240699999999999914e-01,4.876550000000000051e-01,6.241820000000000146e-01,5.691300000000000248e-01,3.131309999999999927e-01,5.055579999999999519e-01,8.864600000000000257e-02,3.178099999999999814e-01,2.183340000000000003e-01,5.122899999999999676e-02,4.492789999999999839e-01,6.472350000000000048e-01,5.518619999999999637e-01,2.107380000000000086e-01,4.591419999999999946e-01,1.403590000000000115e-01,1.875400000000000122e-01,6.100489999999999524e-01,6.485149999999999526e-01,6.552829999999999488e-01,-3.750999999999999994e-03,5.061849999999999961e-01,8.705450000000000133e-01,6.034850000000000492e-01,7.016700000000000159e-01,6.832390000000000407e-01,5.251860000000000417e-01,3.078859999999999930e-01,5.921490000000000364e-01,6.969159999999999799e-01,3.288809999999999789e-01,3.401520000000000099e-01,3.941999999999999948e-01,6.511500000000000066e-01,6.843650000000000011e-01,6.872080000000000410e-01,5.106100000000000083e-01,6.046639999999999793e-01,4.930129999999999790e-01,8.111730000000000329e-01,5.789250000000000229e-01,6.083560000000000079e-01,7.807319999999999816e-01,6.754099999999999548e-01,4.969390000000000196e-01,3.061590000000000145e-01,3.678850000000000176e-01,4.952900000000000080e-01
4.580020000000000202e-01,2.176750000000000074e-01,5.405860000000000110e-01,5.164159999999999862e-01,6.969629999999999992e-01,5.421970000000000400e-01,1.000000000000000000e+00,4.511809999999999987e-01,5.929290000000000393e-01,5.021309999999999940e-01,5.432550000000000434e-01,4.273629999999999929e-01,6.609410000000000007e-01,5.745100000000000207e-02,1.011309999999999987e-01,1.756659999999999888e-01,2.007839999999999903e-01,1.355679999999999941e-01,5.266279999999999850e-01,4.390350000000000086e-01,4.635440000000000116e-01,4.507300000000000195e-01,4.132500000000000062e-01,5.225009999999999932e-01,1.267050000000000121e-01,3.300150000000000028e-01,5.303609999999999713e-01,5.376640000000000308e-01,6.210759999999999614e-01,6.024469999999999548e-01,3.877760000000000096e-01,4.625730000000000119e-01,3.915560000000000151e-01,3.602909999999999724e-01,-1.197999999999999933e-02,5.638499999999999762e-02,-7.495499999999999385e-02,1.192600000000000084e-02,2.221799999999999886e-01,5.740650000000000475e-01,2.511379999999999724e-01,1.253469999999999862e-01,2.944749999999999868e-01,-1.114990000000000009e-01,1.747690000000000077e-01,4.616899999999999893e-01,3.830589999999999828e-01,3.525820000000000065e-01,-1.182959999999999984e-01,3.746570000000000178e-01,5.807109999999999772e-01,5.819010000000000016e-01,3.514570000000000194e-01,4.911929999999999907e-01,4.879870000000000041e-01,1.605050000000000088e-01,4.663599999999999968e-01,4.494569999999999954e-01,5.954799999999999677e-02,1.487259999999999971e-01,4.839780000000000193e-01,3.818409999999999860e-01,4.157489999999999797e-01,4.188270000000000048e-01,4.032430000000000181e-01,4.329549999999999788e-01,3.498530000000000251e-01,4.109090000000000242e-01,4.889950000000000130e-01,4.824999999999999845e-01,4.338810000000000167e-01,4.033370000000000011e-01,3.593859999999999832e-01,4.563989999999999991e-01,2.775949999999999807e-01,3.229909999999999726e-01
6.123509999999999787e-01,6.397789999999999866e-01,4.779709999999999792e-01,3.644979999999999887e-01,4.774849999999999928e-01,7.242509999999999781e-01,4.511809999999999987e-01,1.000000000000000000e+00,5.411850000000000271e-01,5.264729999999999688e-01,4.267230000000000190e-01,3.816590000000000260e-01,5.012929999999999886e-01,2.494609999999999883e-01,2.212129999999999930e-01,5.352679999999999660e-01,2.519390000000000240e-01,3.291549999999999754e-01,6.018890000000000073e-01,5.611890000000000489e-01,7.363769999999999483e-01,5.963739999999999597e-01,8.501180000000000403e-01,6.944360000000000532e-01,3.555360000000000187e-01,6.793190000000000062e-01,6.008099999999999552e-01,4.848299999999999832e-01,6.172419999999999574e-01,5.741000000000000547e-01,6.210949999999999527e-01,3.413880000000000248e-01,4.144419999999999771e-01,5.814190000000000191e-01,1.331110000000000071e-01,2.838350000000000040e-01,-1.484800000000000009e-02,-8.337600000000000566e-02,2.290840000000000098e-01,5.989250000000000407e-01,4.939390000000000169e-01,2.883029999999999760e-01,3.637250000000000205e-01,6.271899999999999697e-02,8.806300000000000239e-02,5.350559999999999761e-01,5.127519999999999856e-01,5.665780000000000260e-01,1.908999999999999933e-02,4.329680000000000195e-01,6.987520000000000397e-01,4.993650000000000033e-01,8.237809999999999855e-01,5.564430000000000209e-01,5.459479999999999889e-01,2.477479999999999960e-01,5.568619999999999681e-01,4.547889999999999988e-01,2.316809999999999981e-01,2.417910000000000059e-01,3.294059999999999766e-01,5.436039999999999761e-01,4.813649999999999873e-01,6.740909999999999958e-01,3.091550000000000131e-01,6.357979999999999743e-01,2.708809999999999829e-01,8.162770000000000303e-01,6.684860000000000246e-01,4.939859999999999807e-01,6.720869999999999900e-01,5.536940000000000195e-01,4.657350000000000101e-01,2.982069999999999999e-01,3.644649999999999834e-01,3.940969999999999751e-01
7.799439999999999706e-01,5.419589999999999685e-01,8.774950000000000250e-01,3.824980000000000047e-01,8.279969999999999830e-01,7.988859999999999850e-01,5.929290000000000393e-01,5.411850000000000271e-01,1.000000000000000000e+00,6.047019999999999618e-01,7.162899999999999823e-01,5.203729999999999745e-01,8.175780000000000269e-01,3.312699999999999673e-02,4.691069999999999962e-01,5.785430000000000295e-01,4.269629999999999814e-01,4.329100000000000170e-01,7.766809999999999548e-01,8.377580000000000027e-01,7.801770000000000094e-01,8.513770000000000504e-01,6.694379999999999775e-01,7.222560000000000091e-01,3.910060000000000202e-01,6.230649999999999800e-01,8.806829999999999936e-01,7.888469999999999649e-01,7.253640000000000088e-01,6.016899999999999471e-01,6.885250000000000536e-01,6.372640000000000526e-01,3.294849999999999723e-01,5.491770000000000262e-01,3.869999999999999829e-02,2.116129999999999955e-01,2.003399999999999903e-01,-1.489900000000000078e-02,4.691629999999999967e-01,6.411130000000000440e-01,4.306630000000000180e-01,1.168280000000000013e-01,5.168709999999999694e-01,1.898330000000000017e-01,1.849919999999999898e-01,7.232060000000000155e-01,5.689359999999999973e-01,7.615939999999999932e-01,-1.056310000000000027e-01,7.114359999999999573e-01,7.171450000000000324e-01,6.244819999999999816e-01,4.975809999999999955e-01,8.981390000000000207e-01,6.304819999999999869e-01,5.031679999999999486e-01,5.423090000000000410e-01,6.261929999999999996e-01,2.590890000000000137e-01,4.685190000000000188e-01,4.897520000000000207e-01,6.436060000000000114e-01,6.931279999999999664e-01,5.641380000000000283e-01,6.884190000000000031e-01,7.102770000000000472e-01,5.897449999999999637e-01,6.759669999999999845e-01,6.602500000000000036e-01,6.168770000000000087e-01,7.868519999999999959e-01,7.970350000000000490e-01,6.732299999999999951e-01,4.600830000000000197e-01,5.129390000000000338e-01,5.435630000000000184e-01
7.279849999999999932e-01,5.590509999999999646e-01,6.684759999999999591e-01,4.381129999999999747e-01,4.484330000000000260e-01,5.376499999999999613e-01,5.021309999999999940e-01,5.264729999999999688e-01,6.047019999999999618e-01,1.000000000000000000e+00,3.877749999999999808e-01,7.714499999999999691e-01,5.157049999999999690e-01,-9.475799999999999501e-02,4.819100000000000050e-01,5.147270000000000456e-01,6.663710000000000466e-01,5.652589999999999559e-01,5.871359999999999912e-01,5.692369999999999930e-01,6.820819999999999661e-01,6.791059999999999874e-01,5.649079999999999657e-01,7.102939999999999809e-01,4.849899999999999767e-01,6.243229999999999613e-01,6.093229999999999480e-01,6.888279999999999959e-01,5.308509999999999618e-01,3.715149999999999841e-01,7.482870000000000354e-01,3.573609999999999842e-01,3.037259999999999960e-01,6.109999999999999876e-01,-2.071570000000000078e-01,1.105450000000000044e-01,3.654259999999999731e-01,-3.231809999999999961e-01,2.791290000000000160e-01,5.065610000000000390e-01,4.386979999999999769e-01,3.071570000000000134e-01,4.126730000000000120e-01,2.192000000000000060e-01,-1.822290000000000021e-01,6.798980000000000024e-01,6.577110000000000456e-01,4.240149999999999753e-01,-1.041269999999999973e-01,4.929620000000000113e-01,5.367769999999999486e-01,6.741589999999999527e-01,3.468760000000000177e-01,5.727849999999999886e-01,8.278630000000000155e-01,1.947470000000000034e-01,7.822090000000000432e-01,5.954570000000000141e-01,1.374420000000000086e-01,4.992010000000000058e-01,6.225859999999999728e-01,6.650519999999999765e-01,6.142459999999999587e-01,5.671899999999999720e-01,6.545790000000000219e-01,6.773219999999999796e-01,6.859319999999999862e-01,4.756290000000000240e-01,6.228890000000000260e-01,6.294819999999999860e-01,7.298459999999999948e-01,4.692790000000000017e-01,6.963260000000000005e-01,5.278009999999999646e-01,5.077439999999999731e-01,6.735320000000000196e-01
5.880809999999999649e-01,2.136889999999999901e-01,7.404290000000000038e-01,1.798289999999999889e-01,7.739200000000000523e-01,4.701270000000000171e-01,5.432550000000000434e-01,4.267230000000000190e-01,7.162899999999999823e-01,3.877749999999999808e-01,1.000000000000000000e+00,3.367959999999999843e-01,6.153610000000000468e-01,1.144710000000000033e-01,2.029019999999999990e-01,3.651519999999999766e-01,2.363349999999999895e-01,2.387199999999999878e-01,7.663710000000000244e-01,5.938409999999999522e-01,5.912049999999999805e-01,6.089649999999999785e-01,3.959969999999999879e-01,5.266659999999999675e-01,2.304489999999999872e-01,3.916399999999999881e-01,6.400989999999999736e-01,6.976630000000000331e-01,5.024849999999999595e-01,5.791140000000000176e-01,4.394359999999999933e-01,2.732249999999999956e-01,2.577690000000000259e-01,3.999909999999999854e-01,-1.701000000000000038e-03,1.366509999999999947e-01,-6.407400000000000595e-02,-4.638199999999999962e-02,1.254049999999999887e-01,4.845550000000000135e-01,2.387809999999999933e-01,4.090900000000000092e-02,2.971960000000000157e-01,1.036829999999999974e-01,2.112269999999999981e-01,4.827150000000000052e-01,2.896110000000000073e-01,5.316619999999999679e-01,-1.685899999999999899e-02,5.715670000000000472e-01,3.990449999999999831e-01,2.873629999999999796e-01,2.948439999999999950e-01,7.176940000000000541e-01,3.829370000000000274e-01,5.517549999999999955e-01,2.962560000000000193e-01,3.514169999999999794e-01,2.661900000000000030e-02,2.666009999999999769e-01,2.961409999999999876e-01,2.743829999999999880e-01,3.460099999999999842e-01,3.518160000000000176e-01,5.818959999999999688e-01,5.701709999999999834e-01,4.200280000000000125e-01,4.114689999999999737e-01,5.145549999999999846e-01,2.613460000000000227e-01,4.853370000000000184e-01,5.252539999999999987e-01,6.112520000000000175e-01,3.681479999999999753e-01,4.290619999999999989e-01,2.492600000000000093e-01
5.317429999999999657e-01,4.892219999999999902e-01,5.889760000000000550e-01,3.800729999999999942e-01,3.696519999999999806e-01,4.924459999999999948e-01,4.273629999999999929e-01,3.816590000000000260e-01,5.203729999999999745e-01,7.714499999999999691e-01,3.367959999999999843e-01,1.000000000000000000e+00,4.495100000000000207e-01,2.713899999999999993e-02,4.429150000000000031e-01,4.340769999999999906e-01,6.202020000000000310e-01,5.052419999999999689e-01,5.020869999999999500e-01,5.276739999999999764e-01,4.699809999999999821e-01,6.169780000000000264e-01,4.723069999999999768e-01,6.857159999999999922e-01,4.028360000000000274e-01,5.196140000000000203e-01,4.895510000000000139e-01,5.864899999999999558e-01,2.835590000000000055e-01,1.675049999999999872e-01,6.283999999999999586e-01,3.392850000000000033e-01,1.058779999999999999e-01,5.448589999999999822e-01,-3.237929999999999975e-01,2.978450000000000264e-01,3.774230000000000085e-01,-4.073399999999999799e-01,3.054769999999999985e-01,3.723520000000000163e-01,2.286539999999999961e-01,2.212490000000000012e-01,3.932729999999999837e-01,1.977849999999999886e-01,-2.049519999999999953e-01,4.301039999999999863e-01,5.140679999999999694e-01,3.259699999999999820e-01,8.862599999999999645e-02,4.293980000000000019e-01,3.845020000000000104e-01,4.870749999999999802e-01,2.392920000000000047e-01,4.994730000000000003e-01,5.709079999999999711e-01,2.856969999999999787e-01,8.564239999999999631e-01,5.742469999999999519e-01,9.414999999999999758e-02,5.232560000000000544e-01,3.234870000000000245e-01,4.917960000000000109e-01,4.838100000000000178e-01,5.649560000000000137e-01,6.008980000000000432e-01,4.196489999999999942e-01,6.253940000000000055e-01,3.837169999999999748e-01,3.787070000000000158e-01,3.495389999999999886e-01,5.159970000000000390e-01,3.659970000000000168e-01,5.486630000000000118e-01,1.925090000000000134e-01,3.327370000000000050e-01,4.507229999999999848e-01
6.128219999999999779e-01,4.981829999999999870e-01,6.756900000000000128e-01,3.944329999999999781e-01,7.369529999999999692e-01,7.272509999999999808e-01,6.609410000000000007e-01,5.012929999999999886e-01,8.175780000000000269e-01,5.157049999999999690e-01,6.153610000000000468e-01,4.495100000000000207e-01,1.000000000000000000e+00,1.089699999999999974e-01,2.548790000000000222e-01,4.526259999999999728e-01,3.053839999999999888e-01,2.919629999999999725e-01,6.534699999999999953e-01,6.439279999999999449e-01,6.579049999999999621e-01,6.721829999999999750e-01,5.265990000000000393e-01,6.272699999999999942e-01,3.066470000000000029e-01,5.503069999999999906e-01,6.829870000000000108e-01,7.733959999999999724e-01,6.273360000000000047e-01,6.630759999999999987e-01,5.334940000000000238e-01,5.874530000000000030e-01,3.283860000000000112e-01,4.228239999999999776e-01,4.481500000000000067e-02,1.934740000000000071e-01,6.490500000000000436e-02,1.095430000000000015e-01,3.216149999999999842e-01,6.068160000000000220e-01,3.281580000000000052e-01,6.483200000000000074e-02,5.308910000000000018e-01,3.943800000000000083e-02,2.383069999999999911e-01,5.263539999999999885e-01,5.191069999999999851e-01,5.771370000000000111e-01,-6.905699999999999339e-02,5.704529999999999879e-01,6.786130000000000217e-01,5.383829999999999449e-01,4.783390000000000142e-01,7.367070000000000007e-01,5.570650000000000324e-01,4.471990000000000132e-01,4.993099999999999761e-01,6.191609999999999614e-01,2.979189999999999894e-01,3.071439999999999726e-01,4.048689999999999789e-01,5.628490000000000437e-01,6.336110000000000353e-01,4.471120000000000094e-01,5.122830000000000439e-01,5.877449999999999619e-01,4.149100000000000010e-01,5.448490000000000277e-01,5.982920000000000460e-01,5.773599999999999843e-01,6.559319999999999595e-01,6.079480000000000439e-01,5.997780000000000333e-01,3.599749999999999894e-01,4.188259999999999761e-01,3.177639999999999909e-01
4.844099999999999795e-02,1.250130000000000130e-01,-3.915400000000000130e-02,-4.538400000000000073e-02,8.350799999999999890e-02,2.263280000000000014e-01,5.745100000000000207e-02,2.494609999999999883e-01,3.312699999999999673e-02,-9.475799999999999501e-02,1.144710000000000033e-01,2.713899999999999993e-02,1.089699999999999974e-01,1.000000000000000000e+00,-1.402829999999999910e-01,1.136670000000000041e-01,-1.240180000000000032e-01,7.939000000000000223e-02,5.662199999999999872e-02,7.744399999999999895e-02,1.299069999999999947e-01,1.013929999999999970e-01,1.918620000000000048e-01,1.885120000000000129e-01,1.265600000000000058e-02,1.243660000000000043e-01,6.691300000000000026e-02,2.594499999999999931e-02,7.678799999999999515e-02,9.152699999999999725e-02,1.006169999999999981e-01,5.722700000000000009e-02,1.157559999999999978e-01,1.721380000000000132e-01,2.401820000000000066e-01,3.782159999999999966e-01,-4.772699999999999859e-02,7.799000000000000377e-02,5.172399999999999914e-02,1.297010000000000107e-01,1.703210000000000002e-01,3.509799999999999726e-02,2.702399999999999941e-02,-1.483100000000000043e-02,1.240119999999999972e-01,-3.620799999999999713e-02,-6.951599999999999446e-02,3.793900000000000050e-02,2.342289999999999928e-01,-5.140200000000000324e-02,1.495360000000000023e-01,-7.628400000000000458e-02,2.694460000000000188e-01,2.710500000000000062e-02,-1.743399999999999950e-01,7.293600000000000083e-02,3.440399999999999708e-02,4.599600000000000216e-02,3.342200000000000032e-02,-6.168799999999999978e-02,-8.908900000000000152e-02,-1.024840000000000056e-01,1.544399999999999940e-02,1.349710000000000076e-01,-5.285999999999999900e-03,7.717499999999999361e-02,-2.037699999999999928e-02,2.295750000000000013e-01,5.900199999999999889e-02,-1.504429999999999934e-01,1.608100000000000154e-02,5.474899999999999906e-02,1.028800000000000027e-02,-1.270260000000000000e-01,5.345699999999999757e-02,-7.974399999999999544e-02
3.975500000000000145e-01,3.121090000000000253e-01,5.327889999999999571e-01,1.281029999999999947e-01,3.074649999999999883e-01,3.599069999999999769e-01,1.011309999999999987e-01,2.212129999999999930e-01,4.691069999999999962e-01,4.819100000000000050e-01,2.029019999999999990e-01,4.429150000000000031e-01,2.548790000000000222e-01,-1.402829999999999910e-01,1.000000000000000000e+00,3.866640000000000077e-01,3.932660000000000045e-01,3.586520000000000263e-01,4.182730000000000059e-01,6.543130000000000335e-01,5.208099999999999952e-01,6.775130000000000319e-01,4.753100000000000103e-01,3.341100000000000181e-01,2.388619999999999910e-01,4.154729999999999812e-01,5.705099999999999616e-01,3.142070000000000141e-01,3.154140000000000277e-01,8.268100000000000449e-02,4.847350000000000270e-01,5.422930000000000250e-01,-3.478900000000000048e-02,2.042879999999999974e-01,-4.974499999999999755e-02,-2.491099999999999912e-02,2.538989999999999858e-01,-1.179930000000000007e-01,5.372620000000000173e-01,1.350270000000000081e-01,1.517270000000000008e-01,9.773000000000000437e-03,3.211269999999999958e-01,1.483140000000000014e-01,-9.420399999999999607e-02,4.383250000000000202e-01,3.997419999999999862e-01,4.445799999999999752e-01,-1.710220000000000073e-01,4.434939999999999993e-01,4.015150000000000108e-01,5.686050000000000271e-01,2.762749999999999928e-01,4.137779999999999792e-01,4.862239999999999895e-01,1.908360000000000056e-01,3.706559999999999855e-01,3.511759999999999882e-01,2.317569999999999908e-01,8.906429999999999625e-01,3.900730000000000031e-01,3.863409999999999900e-01,3.784020000000000161e-01,3.825390000000000179e-01,6.370970000000000244e-01,5.121630000000000349e-01,6.482400000000000384e-01,4.645619999999999750e-01,1.098190000000000000e-01,4.202469999999999817e-01,5.215260000000000451e-01,5.697809999999999819e-01,2.959740000000000149e-01,4.147580000000000156e-01,3.350790000000000157e-01,5.684970000000000301e-01
6.845379999999999798e-01,7.750160000000000382e-01,4.690340000000000065e-01,3.385630000000000028e-01,3.789890000000000203e-01,6.088350000000000151e-01,1.756659999999999888e-01,5.352679999999999660e-01,5.785430000000000295e-01,5.147270000000000456e-01,3.651519999999999766e-01,4.340769999999999906e-01,4.526259999999999728e-01,1.136670000000000041e-01,3.866640000000000077e-01,1.000000000000000000e+00,4.927139999999999853e-01,6.571900000000000519e-01,4.776949999999999807e-01,5.551960000000000228e-01,6.986799999999999677e-01,6.964740000000000375e-01,6.126340000000000119e-01,5.980490000000000528e-01,6.710589999999999611e-01,7.361849999999999783e-01,6.542949999999999600e-01,4.748879999999999768e-01,4.702100000000000168e-01,2.533449999999999869e-01,6.938900000000000068e-01,4.009119999999999906e-01,-7.061199999999999422e-02,5.101360000000000339e-01,-3.271899999999999809e-02,2.821159999999999779e-01,2.200580000000000036e-01,-1.857789999999999997e-01,4.764249999999999874e-01,4.923250000000000126e-01,5.305010000000000003e-01,3.242970000000000019e-01,4.530939999999999968e-01,1.973459999999999936e-01,6.702500000000000124e-02,5.820109999999999451e-01,6.599140000000000006e-01,5.049470000000000347e-01,2.421280000000000099e-01,6.530169999999999586e-01,4.984520000000000062e-01,5.430789999999999784e-01,4.781859999999999999e-01,6.221160000000000023e-01,5.571819999999999551e-01,4.876249999999999751e-01,4.869020000000000015e-01,5.805789999999999562e-01,4.115739999999999954e-01,4.248709999999999987e-01,3.394619999999999860e-01,6.704130000000000367e-01,5.747280000000000166e-01,4.493840000000000057e-01,4.548749999999999738e-01,6.272750000000000270e-01,4.246360000000000134e-01,5.975230000000000263e-01,4.571319999999999828e-01,5.423299999999999788e-01,7.121220000000000327e-01,6.416380000000000416e-01,5.567309999999999759e-01,3.395239999999999925e-01,4.467409999999999992e-01,5.094629999999999992e-01
5.443850000000000078e-01,4.888589999999999880e-01,4.861309999999999798e-01,2.498209999999999875e-01,1.721310000000000062e-01,4.146070000000000033e-01,2.007839999999999903e-01,2.519390000000000240e-01,4.269629999999999814e-01,6.663710000000000466e-01,2.363349999999999895e-01,6.202020000000000310e-01,3.053839999999999888e-01,-1.240180000000000032e-01,3.932660000000000045e-01,4.927139999999999853e-01,1.000000000000000000e+00,7.221300000000000496e-01,3.752489999999999992e-01,3.625059999999999949e-01,4.600299999999999945e-01,5.033450000000000424e-01,4.055489999999999928e-01,4.615290000000000226e-01,5.713380000000000125e-01,5.928200000000000136e-01,3.754609999999999892e-01,3.988090000000000246e-01,2.069699999999999873e-01,1.330000000000000019e-03,4.678680000000000061e-01,2.188509999999999900e-01,-1.221099999999999963e-02,2.990630000000000233e-01,-2.206599999999999950e-01,1.317879999999999885e-01,4.032430000000000181e-01,-3.047980000000000134e-01,2.658170000000000255e-01,2.342789999999999873e-01,3.617650000000000032e-01,2.688039999999999874e-01,3.060919999999999752e-01,2.778269999999999906e-01,-2.121389999999999942e-01,5.219019999999999770e-01,6.058400000000000452e-01,2.494230000000000058e-01,9.808500000000000552e-02,4.085599999999999787e-01,3.474099999999999966e-01,4.630040000000000266e-01,1.441139999999999921e-01,4.019750000000000267e-01,5.585790000000000477e-01,1.814709999999999934e-01,6.196479999999999766e-01,6.555720000000000436e-01,1.153440000000000021e-01,4.158839999999999759e-01,4.955100000000000060e-01,5.866400000000000503e-01,5.915500000000000203e-01,3.976339999999999875e-01,6.008879999999999777e-01,4.580620000000000247e-01,6.989379999999999482e-01,3.038029999999999897e-01,3.638120000000000243e-01,4.755269999999999775e-01,6.067789999999999573e-01,2.076590000000000102e-01,5.710779999999999745e-01,3.076389999999999958e-01,3.076820000000000110e-01,5.612859999999999516e-01
5.730769999999999476e-01,6.285739999999999661e-01,4.179340000000000277e-01,3.140640000000000098e-01,1.919420000000000015e-01,5.701289999999999969e-01,1.355679999999999941e-01,3.291549999999999754e-01,4.329100000000000170e-01,5.652589999999999559e-01,2.387199999999999878e-01,5.052419999999999689e-01,2.919629999999999725e-01,7.939000000000000223e-02,3.586520000000000263e-01,6.571900000000000519e-01,7.221300000000000496e-01,1.000000000000000000e+00,3.535030000000000117e-01,3.840430000000000232e-01,5.383620000000000072e-01,5.623420000000000085e-01,4.830880000000000174e-01,4.604759999999999964e-01,6.884249999999999536e-01,6.877180000000000515e-01,4.773870000000000058e-01,2.809699999999999975e-01,2.508469999999999867e-01,-9.961799999999999822e-02,4.807949999999999724e-01,2.523259999999999947e-01,-1.545719999999999872e-01,2.908789999999999987e-01,-1.719360000000000055e-01,1.440760000000000096e-01,4.700280000000000014e-01,-2.310480000000000034e-01,4.183780000000000276e-01,2.775540000000000229e-01,5.213529999999999553e-01,2.713430000000000009e-01,2.349209999999999909e-01,2.877129999999999965e-01,-1.235649999999999943e-01,5.538370000000000237e-01,6.654579999999999940e-01,2.367360000000000020e-01,2.602280000000000149e-01,4.208879999999999844e-01,4.252900000000000014e-01,4.562060000000000004e-01,2.400670000000000026e-01,3.918150000000000244e-01,4.634460000000000246e-01,2.388969999999999982e-01,5.122520000000000406e-01,6.369550000000000489e-01,2.375980000000000036e-01,3.684890000000000110e-01,4.306329999999999880e-01,5.989010000000000167e-01,5.958999999999999853e-01,3.322010000000000240e-01,5.410920000000000174e-01,4.768000000000000016e-01,6.221780000000000088e-01,3.997419999999999862e-01,2.775009999999999977e-01,4.721929999999999739e-01,6.234459999999999447e-01,3.140930000000000111e-01,5.062609999999999610e-01,2.629110000000000058e-01,3.295179999999999776e-01,5.526560000000000361e-01
6.969260000000000455e-01,4.651069999999999927e-01,8.552999999999999492e-01,3.836780000000000190e-01,6.875139999999999585e-01,6.747830000000000217e-01,5.266279999999999850e-01,6.018890000000000073e-01,7.766809999999999548e-01,5.871359999999999912e-01,7.663710000000000244e-01,5.020869999999999500e-01,6.534699999999999953e-01,5.662199999999999872e-02,4.182730000000000059e-01,4.776949999999999807e-01,3.752489999999999992e-01,3.535030000000000117e-01,1.000000000000000000e+00,7.695849999999999635e-01,6.951939999999999786e-01,7.697009999999999685e-01,6.354210000000000136e-01,6.718690000000000495e-01,3.061110000000000220e-01,5.515419999999999767e-01,7.303619999999999557e-01,7.012220000000000120e-01,6.506910000000000194e-01,6.025960000000000205e-01,6.208930000000000282e-01,3.701209999999999778e-01,3.816910000000000025e-01,4.927799999999999958e-01,3.733800000000000313e-02,1.726219999999999977e-01,1.098979999999999957e-01,-3.978600000000000192e-02,2.123629999999999962e-01,5.488159999999999705e-01,3.353579999999999894e-01,1.362559999999999882e-01,4.658760000000000123e-01,1.458990000000000009e-01,1.458800000000000097e-01,6.051320000000000032e-01,4.250140000000000029e-01,7.221030000000000504e-01,-1.543769999999999865e-01,5.676400000000000334e-01,5.897139999999999604e-01,4.779129999999999767e-01,4.749019999999999908e-01,7.306899999999999507e-01,5.429720000000000102e-01,4.237759999999999860e-01,4.920430000000000081e-01,4.745519999999999738e-01,1.026640000000000053e-01,4.737250000000000072e-01,3.706809999999999827e-01,4.636009999999999853e-01,5.013079999999999758e-01,7.269560000000000466e-01,6.457829999999999959e-01,6.223750000000000115e-01,5.238960000000000283e-01,6.156179999999999986e-01,6.209609999999999852e-01,4.235539999999999861e-01,6.567030000000000367e-01,6.382839999999999625e-01,6.465009999999999923e-01,4.057439999999999936e-01,5.022309999999999830e-01,4.916420000000000234e-01
6.883350000000000302e-01,5.087939999999999685e-01,8.201869999999999994e-01,3.374240000000000017e-01,7.165040000000000298e-01,7.349160000000000137e-01,4.390350000000000086e-01,5.611890000000000489e-01,8.377580000000000027e-01,5.692369999999999930e-01,5.938409999999999522e-01,5.276739999999999764e-01,6.439279999999999449e-01,7.744399999999999895e-02,6.543130000000000335e-01,5.551960000000000228e-01,3.625059999999999949e-01,3.840430000000000232e-01,7.695849999999999635e-01,1.000000000000000000e+00,7.607709999999999750e-01,9.342709999999999626e-01,7.286700000000000399e-01,6.141720000000000512e-01,2.544020000000000170e-01,5.688689999999999580e-01,8.429590000000000138e-01,7.039060000000000317e-01,7.226150000000000073e-01,5.722209999999999797e-01,7.266190000000000149e-01,6.379280000000000506e-01,3.419690000000000230e-01,5.300439999999999596e-01,8.708799999999999875e-02,2.332029999999999936e-01,2.074610000000000065e-01,1.161500000000000032e-02,5.397950000000000248e-01,5.682599999999999874e-01,3.900980000000000003e-01,1.643350000000000088e-01,5.354839999999999600e-01,2.436580000000000135e-01,1.083279999999999937e-01,6.361959999999999837e-01,4.395149999999999890e-01,8.013989999999999725e-01,-2.295210000000000028e-01,6.629549999999999610e-01,7.254599999999999937e-01,6.098069999999999879e-01,5.721119999999999539e-01,7.593900000000000095e-01,5.422230000000000105e-01,3.715269999999999961e-01,5.353869999999999463e-01,5.394499999999999851e-01,1.920209999999999972e-01,6.199719999999999676e-01,4.065860000000000030e-01,5.344130000000000269e-01,5.582350000000000367e-01,5.901499999999999524e-01,7.693590000000000151e-01,6.732559999999999656e-01,6.348810000000000286e-01,7.565290000000000070e-01,4.991169999999999773e-01,4.741290000000000227e-01,7.404880000000000351e-01,8.170840000000000325e-01,6.011140000000000372e-01,4.267090000000000050e-01,5.598499999999999588e-01,6.091199999999999948e-01
8.590569999999999595e-01,6.493069999999999675e-01,6.929790000000000116e-01,3.432870000000000088e-01,6.337329999999999908e-01,7.459940000000000460e-01,4.635440000000000116e-01,7.363769999999999483e-01,7.801770000000000094e-01,6.820819999999999661e-01,5.912049999999999805e-01,4.699809999999999821e-01,6.579049999999999621e-01,1.299069999999999947e-01,5.208099999999999952e-01,6.986799999999999677e-01,4.600299999999999945e-01,5.383620000000000072e-01,6.951939999999999786e-01,7.607709999999999750e-01,1.000000000000000000e+00,8.369990000000000485e-01,7.822270000000000056e-01,7.274850000000000483e-01,5.284590000000000121e-01,7.526549999999999629e-01,7.996919999999999584e-01,6.759779999999999678e-01,7.201290000000000191e-01,5.640230000000000521e-01,7.635380000000000500e-01,5.568269999999999609e-01,2.600640000000000174e-01,5.747619999999999951e-01,1.086130000000000012e-01,2.089350000000000096e-01,1.580699999999999883e-01,-8.342600000000000016e-02,4.757149999999999990e-01,6.313670000000000115e-01,5.960539999999999727e-01,2.049060000000000048e-01,4.749010000000000176e-01,2.073309999999999875e-01,9.602399999999999824e-02,8.076940000000000230e-01,6.809579999999999522e-01,6.172929999999999806e-01,-2.942399999999999877e-02,6.400649999999999951e-01,7.112559999999999993e-01,6.441829999999999501e-01,6.412409999999999499e-01,7.400550000000000184e-01,7.357470000000000399e-01,3.674390000000000156e-01,5.507779999999999898e-01,6.167979999999999574e-01,3.122659999999999880e-01,4.888500000000000068e-01,6.113589999999999858e-01,7.011079999999999535e-01,6.778950000000000253e-01,5.831709999999999949e-01,6.770580000000000487e-01,9.083980000000000388e-01,6.129369999999999541e-01,7.786579999999999613e-01,6.818610000000000504e-01,6.957149999999999723e-01,8.688040000000000207e-01,7.251030000000000530e-01,6.875919999999999810e-01,5.965679999999999872e-01,5.768870000000000386e-01,6.836229999999999807e-01
