1.000000000000000000e+00,5.910729999999999595e-01,3.570780000000000065e-01,2.862959999999999949e-01,4.786020000000000274e-01,5.061689999999999801e-01,4.368340000000000001e-01,5.100479999999999459e-01,3.977570000000000272e-01,4.946670000000000234e-01,3.896839999999999749e-01,4.042520000000000002e-01,3.783860000000000001e-01,3.175080000000000124e-01,5.395590000000000108e-01,6.813940000000000552e-01,4.059309999999999863e-01,5.973979999999999846e-01,4.342500000000000249e-01,5.890509999999999913e-01,7.779960000000000209e-01,7.001849999999999463e-01,5.898630000000000262e-01,5.804129999999999567e-01,6.481590000000000407e-01,6.869779999999999776e-01,4.247770000000000157e-01,5.654970000000000274e-01,7.370830000000000437e-01,6.751169999999999671e-01,7.477359999999999562e-01,4.297290000000000276e-01,6.124020000000000019e-01,6.214220000000000299e-01,4.530970000000000275e-01,3.028669999999999973e-01,1.004609999999999947e-01,4.495810000000000084e-01,3.786740000000000106e-01,5.679570000000000451e-01,4.826170000000000182e-01,1.690200000000000036e-01,3.190199999999999980e-02,-9.013899999999999690e-02,4.203689999999999927e-01,8.033320000000000460e-01,5.631920000000000259e-01,3.116709999999999758e-01,3.733819999999999917e-01,3.463379999999999792e-01,4.991789999999999838e-01,1.962450000000000028e-01,5.689980000000000038e-01,3.772670000000000190e-01,4.326709999999999723e-01,3.019200000000000217e-01,3.954150000000000165e-01,3.092260000000000009e-01,3.526520000000000210e-01,5.898409999999999487e-01,6.842169999999999641e-01,2.700609999999999955e-01,5.601810000000000400e-01,4.112040000000000139e-01,5.567450000000000454e-01,7.462600000000000344e-01,6.713989999999999680e-01,5.460000000000000409e-01,6.216530000000000111e-01,5.323980000000000379e-01,6.834940000000000460e-01,2.697189999999999865e-01,5.373909999999999521e-01,6.514520000000000310e-01,4.975049999999999750e-01,6.269529999999999825e-01
5.910729999999999595e-01,1.000000000000000000e+00,5.543230000000000102e-01,3.610019999999999896e-01,7.348099999999999632e-01,8.513009999999999744e-01,6.497969999999999580e-01,7.264620000000000521e-01,6.660629999999999606e-01,7.274909999999999988e-01,6.072199999999999820e-01,6.831720000000000015e-01,7.849660000000000526e-01,3.408309999999999951e-01,5.738790000000000280e-01,7.463429999999999787e-01,7.160699999999999843e-01,7.926840000000000552e-01,6.084009999999999696e-01,7.610599999999999588e-01,7.017539999999999889e-01,8.188469999999999915e-01,7.208560000000000523e-01,5.534099999999999575e-01,8.300650000000000528e-01,8.952949999999999520e-01,6.888220000000000454e-01,6.945550000000000335e-01,7.762430000000000163e-01,7.023460000000000258e-01,5.638879999999999448e-01,5.067359999999999642e-01,6.464729999999999643e-01,5.029069999999999929e-01,3.425549999999999984e-01,2.979490000000000194e-01,2.721799999999999914e-02,2.843140000000000112e-01,4.074610000000000176e-01,5.450159999999999449e-01,4.243480000000000030e-01,1.321730000000000127e-01,1.782610000000000028e-01,1.173190000000000066e-01,5.162409999999999499e-01,5.381719999999999837e-01,8.934279999999999999e-01,4.915760000000000129e-01,5.200139999999999763e-01,6.474520000000000275e-01,7.797089999999999854e-01,5.334680000000000533e-01,7.315070000000000183e-01,6.040739999999999998e-01,6.717899999999999983e-01,5.574879999999999836e-01,7.122490000000000210e-01,6.648469999999999658e-01,3.895299999999999874e-01,5.729819999999999913e-01,7.147799999999999709e-01,5.882830000000000004e-01,6.902049999999999574e-01,5.421390000000000375e-01,7.371199999999999974e-01,6.964150000000000063e-01,7.959889999999999466e-01,6.799539999999999473e-01,5.027920000000000167e-01,8.252350000000000518e-01,8.533199999999999674e-01,5.714190000000000103e-01,6.882129999999999637e-01,7.293450000000000211e-01,5.481899999999999551e-01,5.602449999999999930e-01
3.570780000000000065e-01,5.543230000000000102e-01,1.000000000000000000e+00,-5.868000000000000299e-02,7.259740000000000082e-01,6.867560000000000331e-01,3.691309999999999869e-01,7.069779999999999953e-01,7.185139999999999860e-01,5.282050000000000356e-01,9.318619999999999681e-01,5.700030000000000374e-01,4.700409999999999866e-01,1.496139999999999970e-01,6.138580000000000148e-01,3.507680000000000242e-01,4.272039999999999726e-01,5.062410000000000521e-01,9.183440000000000492e-01,7.042620000000000546e-01,4.734320000000000195e-01,5.733380000000000143e-01,7.956630000000000091e-01,3.430909999999999793e-01,5.363499999999999934e-01,6.139799999999999702e-01,6.950279999999999792e-01,4.427559999999999829e-01,4.395979999999999888e-01,4.864330000000000043e-01,2.697200000000000153e-01,1.078100000000000065e-02,3.261660000000000115e-01,1.604730000000000045e-01,3.241800000000000237e-01,7.237599999999999589e-02,-8.327099999999999780e-02,9.163999999999999924e-02,-4.350600000000000300e-02,2.326499999999999957e-01,2.251099999999999976e-02,1.341009999999999980e-01,1.255660000000000109e-01,1.555159999999999876e-01,2.578280000000000016e-01,3.054740000000000233e-01,5.874470000000000525e-01,8.670839999999999659e-01,3.064950000000000174e-01,7.057229999999999892e-01,7.150579999999999714e-01,5.298929999999999474e-01,6.686280000000000001e-01,7.693419999999999703e-01,4.487360000000000237e-01,8.618200000000000305e-01,5.216190000000000548e-01,4.920080000000000009e-01,1.578710000000000113e-01,6.506269999999999554e-01,4.505210000000000048e-01,3.801140000000000074e-01,4.437380000000000213e-01,8.622100000000000319e-01,7.576669999999999794e-01,4.987800000000000011e-01,6.729600000000000026e-01,8.257520000000000415e-01,3.230399999999999938e-01,6.033509999999999707e-01,6.086289999999999756e-01,7.019100000000000339e-01,6.406239999999999712e-01,4.365029999999999744e-01,2.779449999999999976e-01,2.900900000000000145e-01
2.862959999999999949e-01,3.610019999999999896e-01,-5.868000000000000299e-02,1.000000000000000000e+00,2.474409999999999943e-01,3.461150000000000060e-01,4.882690000000000086e-01,1.231020000000000031e-01,2.565430000000000210e-01,3.992310000000000025e-01,-3.944999999999999896e-02,1.763200000000000045e-01,3.556730000000000169e-01,3.645169999999999799e-01,-7.633700000000000208e-02,3.791880000000000250e-01,3.911629999999999829e-01,2.787600000000000078e-01,-3.783600000000000158e-02,1.930280000000000051e-01,3.355529999999999902e-01,2.841279999999999917e-01,1.449169999999999903e-01,2.207159999999999955e-01,3.445170000000000177e-01,2.748889999999999945e-01,2.595219999999999749e-01,3.730539999999999967e-01,4.315880000000000272e-01,3.724640000000000173e-01,3.612819999999999920e-01,4.632740000000000191e-01,3.700479999999999881e-01,3.618149999999999977e-01,5.588900000000000118e-02,3.876749999999999918e-01,9.033700000000000063e-02,2.363530000000000075e-01,4.457430000000000003e-01,3.556270000000000264e-01,3.749449999999999728e-01,-1.218699999999999992e-02,1.794050000000000089e-01,1.073719999999999952e-01,1.962049999999999905e-01,3.736880000000000202e-01,3.296990000000000198e-01,-9.331299999999999317e-02,3.574550000000000227e-01,2.224319999999999908e-01,2.116460000000000008e-01,1.922689999999999955e-01,1.822880000000000056e-01,1.410839999999999872e-01,3.821749999999999869e-01,-2.722899999999999973e-02,2.727249999999999952e-01,2.110589999999999966e-01,3.562569999999999903e-01,-9.792800000000000116e-02,2.634719999999999840e-01,2.223799999999999943e-01,2.900980000000000225e-01,-7.661900000000000654e-02,9.445900000000000130e-02,2.447830000000000006e-01,1.948489999999999944e-01,5.946599999999999803e-02,2.582809999999999828e-01,2.613949999999999885e-01,2.599910000000000276e-01,1.342869999999999897e-01,1.721820000000000017e-01,3.094100000000000183e-01,2.281340000000000034e-01,4.353250000000000175e-01
4.786020000000000274e-01,7.348099999999999632e-01,7.259740000000000082e-01,2.474409999999999943e-01,1.000000000000000000e+00,8.257370000000000543e-01,6.569040000000000434e-01,6.219409999999999661e-01,8.781299999999999661e-01,8.134839999999999849e-01,7.765250000000000208e-01,7.838370000000000060e-01,7.416610000000000147e-01,4.028189999999999826e-01,5.418880000000000363e-01,6.216099999999999959e-01,7.308689999999999909e-01,7.430900000000000283e-01,7.158630000000000271e-01,8.118710000000000093e-01,5.588670000000000027e-01,7.715870000000000228e-01,6.787539999999999685e-01,3.815410000000000190e-01,6.578950000000000076e-01,7.304389999999999494e-01,7.741909999999999625e-01,7.539270000000000138e-01,7.228269999999999973e-01,6.606480000000000130e-01,5.147209999999999841e-01,3.980899999999999994e-01,5.506269999999999776e-01,4.418849999999999723e-01,4.862409999999999788e-01,3.660120000000000040e-01,1.117070000000000007e-01,3.107770000000000254e-01,2.576140000000000096e-01,3.995429999999999815e-01,2.436419999999999975e-01,7.438599999999999379e-02,3.912479999999999847e-01,3.296970000000000178e-01,4.718419999999999837e-01,5.036739999999999551e-01,8.045670000000000321e-01,5.772199999999999553e-01,5.325680000000000414e-01,9.102569999999999828e-01,8.029340000000000366e-01,6.613189999999999902e-01,6.714620000000000033e-01,8.131340000000000234e-01,7.630759999999999765e-01,6.556689999999999463e-01,7.214260000000000117e-01,7.032359999999999722e-01,4.988900000000000001e-01,5.377750000000000030e-01,6.668530000000000291e-01,6.153359999999999941e-01,7.052730000000000388e-01,6.216559999999999864e-01,7.870289999999999786e-01,5.387100000000000222e-01,7.850270000000000303e-01,7.121359999999999912e-01,4.109329999999999927e-01,7.573619999999999797e-01,7.150499999999999634e-01,6.850730000000000430e-01,8.096419999999999728e-01,6.556009999999999893e-01,4.001419999999999977e-01,5.128380000000000161e-01
5.061689999999999801e-01,8.513009999999999744e-01,6.867560000000000331e-01,3.461150000000000060e-01,8.257370000000000543e-01,1.000000000000000000e+00,6.549859999999999571e-01,7.147050000000000347e-01,8.467329999999999579e-01,7.624919999999999476e-01,7.001859999999999751e-01,7.088929999999999954e-01,8.263279999999999514e-01,3.702150000000000163e-01,5.301129999999999454e-01,6.126869999999999816e-01,7.392320000000000002e-01,7.211009999999999920e-01,7.047360000000000291e-01,8.022259999999999946e-01,6.460150000000000059e-01,7.595650000000000457e-01,7.803849999999999953e-01,4.650670000000000082e-01,7.688549999999999551e-01,8.051220000000000043e-01,8.021509999999999474e-01,7.014289999999999692e-01,7.579719999999999791e-01,6.768319999999999892e-01,4.500859999999999861e-01,4.406880000000000241e-01,5.863390000000000546e-01,4.069280000000000119e-01,2.861049999999999982e-01,2.620700000000000252e-01,-4.706500000000000267e-02,3.198819999999999997e-01,3.256390000000000118e-01,5.179240000000000510e-01,3.019279999999999742e-01,1.172499999999999931e-02,2.288030000000000064e-01,1.833490000000000120e-01,5.504670000000000396e-01,5.058139999999999858e-01,8.831830000000000513e-01,6.184439999999999937e-01,5.885430000000000383e-01,8.082749999999999657e-01,9.138439999999999896e-01,6.650439999999999685e-01,7.812879999999999825e-01,7.974409999999999554e-01,7.233969999999999567e-01,6.594090000000000229e-01,7.491499999999999826e-01,7.309080000000000021e-01,4.546600000000000086e-01,5.073079999999999812e-01,5.927999999999999936e-01,5.917329999999999535e-01,6.450360000000000538e-01,6.096650000000000125e-01,7.482079999999999842e-01,6.007369999999999655e-01,7.725859999999999950e-01,7.476650000000000240e-01,4.533349999999999880e-01,7.980209999999999804e-01,8.153019999999999712e-01,6.792690000000000117e-01,7.504760000000000320e-01,6.932169999999999721e-01,4.777299999999999880e-01,5.113870000000000360e-01
4.368340000000000001e-01,6.497969999999999580e-01,3.691309999999999869e-01,4.882690000000000086e-01,6.569040000000000434e-01,6.549859999999999571e-01,1.000000000000000000e+00,4.106150000000000078e-01,6.284290000000000154e-01,6.233229999999999604e-01,4.181880000000000042e-01,3.959820000000000007e-01,7.770960000000000090e-01,2.073250000000000093e-01,3.448080000000000034e-01,4.941999999999999726e-01,5.196199999999999708e-01,5.058880000000000043e-01,3.911510000000000264e-01,5.260519999999999641e-01,5.140099999999999669e-01,5.431589999999999474e-01,4.874069999999999792e-01,2.805579999999999741e-01,6.348300000000000054e-01,5.626689999999999747e-01,5.720960000000000489e-01,5.318910000000000027e-01,5.896080000000000210e-01,4.971679999999999988e-01,3.818130000000000135e-01,3.615479999999999805e-01,4.829890000000000017e-01,3.726470000000000060e-01,1.742730000000000112e-01,2.064080000000000081e-01,-6.219199999999999728e-02,3.680709999999999815e-01,3.102340000000000098e-01,4.206389999999999851e-01,3.630820000000000158e-01,6.149899999999999811e-02,8.659300000000000330e-02,6.200800000000000062e-02,4.597399999999999820e-01,4.260669999999999735e-01,5.937519999999999465e-01,3.779600000000000182e-01,4.921179999999999999e-01,5.552770000000000206e-01,5.496940000000000159e-01,6.104690000000000394e-01,5.158829999999999805e-01,5.735289999999999555e-01,5.549389999999999601e-01,4.348310000000000231e-01,5.098209999999999686e-01,6.025740000000000540e-01,3.232900000000000218e-01,3.242519999999999847e-01,4.314959999999999907e-01,3.080049999999999732e-01,4.654789999999999761e-01,3.370940000000000047e-01,4.395089999999999830e-01,5.138209999999999722e-01,4.981800000000000117e-01,4.567700000000000093e-01,3.176740000000000119e-01,6.313020000000000298e-01,5.762180000000000080e-01,4.844760000000000177e-01,4.918699999999999739e-01,4.614240000000000008e-01,2.945510000000000073e-01,3.567699999999999760e-01
5.100479999999999459e-01,7.264620000000000521e-01,7.069779999999999953e-01,1.231020000000000031e-01,6.219409999999999661e-01,7.147050000000000347e-01,4.106150000000000078e-01,1.000000000000000000e+00,5.576630000000000198e-01,5.197460000000000413e-01,7.590310000000000112e-01,6.031889999999999752e-01,5.785219999999999807e-01,2.306219999999999937e-01,6.922059999999999880e-01,5.233889999999999931e-01,4.795490000000000030e-01,6.025740000000000540e-01,7.632160000000000055e-01,6.711660000000000403e-01,7.223899999999999766e-01,6.294610000000000483e-01,8.524770000000000403e-01,5.362829999999999542e-01,6.797349999999999781e-01,7.786009999999999875e-01,5.886559999999999571e-01,5.092020000000000435e-01,5.543289999999999607e-01,5.666719999999999535e-01,4.408500000000000196e-01,2.430319999999999980e-01,4.444969999999999755e-01,3.303369999999999918e-01,3.556509999999999949e-01,6.473900000000000488e-02,-6.060999999999999721e-02,2.406739999999999990e-01,1.520739999999999870e-01,3.983160000000000034e-01,1.529709999999999959e-01,1.777859999999999996e-01,-3.187500000000000056e-02,-3.774299999999999877e-02,3.084430000000000227e-01,3.826740000000000141e-01,6.566659999999999719e-01,6.791610000000000147e-01,2.956159999999999899e-01,5.623359999999999470e-01,7.402069999999999483e-01,3.954500000000000237e-01,8.429210000000000313e-01,6.040029999999999566e-01,4.066540000000000155e-01,7.163939999999999753e-01,5.853789999999999827e-01,5.168960000000000221e-01,1.972319999999999907e-01,6.762150000000000105e-01,5.230080000000000284e-01,3.921640000000000126e-01,4.745030000000000081e-01,7.601280000000000259e-01,6.914470000000000338e-01,7.062929999999999486e-01,6.782409999999999828e-01,8.244059999999999722e-01,4.247520000000000184e-01,6.731129999999999614e-01,7.440229999999999899e-01,5.113229999999999720e-01,5.924439999999999706e-01,5.161059999999999537e-01,4.461030000000000273e-01,3.451020000000000199e-01
3.977570000000000272e-01,6.660629999999999606e-01,7.185139999999999860e-01,2.565430000000000210e-01,8.781299999999999661e-01,8.467329999999999579e-01,6.284290000000000154e-01,5.576630000000000198e-01,1.000000000000000000e+00,7.755159999999999831e-01,7.329710000000000392e-01,6.904139999999999722e-01,6.871099999999999985e-01,2.407009999999999983e-01,4.627660000000000107e-01,4.321490000000000054e-01,6.569169999999999732e-01,5.566670000000000229e-01,6.901500000000000412e-01,8.003029999999999866e-01,5.028510000000000479e-01,6.941370000000000040e-01,6.798530000000000406e-01,2.717430000000000123e-01,6.218339999999999979e-01,6.244509999999999783e-01,8.642119999999999802e-01,6.095289999999999875e-01,6.082750000000000101e-01,5.999560000000000448e-01,3.676690000000000236e-01,3.260500000000000065e-01,4.730389999999999873e-01,3.605039999999999911e-01,3.405569999999999986e-01,2.392700000000000105e-01,-6.363399999999999612e-02,2.968609999999999860e-01,2.100990000000000080e-01,3.654209999999999958e-01,1.710389999999999966e-01,-7.682899999999999452e-02,3.067619999999999791e-01,2.930599999999999872e-01,5.253799999999999581e-01,4.136739999999999862e-01,7.836910000000000265e-01,6.579559999999999853e-01,5.313120000000000065e-01,9.001700000000000257e-01,7.894320000000000226e-01,7.906100000000000350e-01,6.605060000000000375e-01,9.475090000000000456e-01,7.334739999999999593e-01,6.979469999999999841e-01,6.576680000000000303e-01,6.443879999999999608e-01,4.194350000000000023e-01,4.146739999999999871e-01,4.407070000000000154e-01,5.149010000000000531e-01,5.082729999999999748e-01,5.816820000000000324e-01,7.401969999999999938e-01,4.610119999999999774e-01,7.079630000000000090e-01,6.904580000000000162e-01,3.617830000000000212e-01,7.337059999999999693e-01,6.655229999999999757e-01,8.034520000000000550e-01,6.989049999999999985e-01,5.184100000000000374e-01,3.196280000000000232e-01,3.901499999999999968e-01
4.946670000000000234e-01,7.274909999999999988e-01,5.282050000000000356e-01,3.992310000000000025e-01,8.134839999999999849e-01,7.624919999999999476e-01,6.233229999999999604e-01,5.197460000000000413e-01,7.755159999999999831e-01,1.000000000000000000e+00,5.660260000000000291e-01,8.095040000000000013e-01,6.901610000000000245e-01,3.530249999999999777e-01,3.840370000000000172e-01,6.442879999999999718e-01,8.590900000000000203e-01,7.430820000000000203e-01,4.887560000000000238e-01,6.577950000000000186e-01,5.748069999999999569e-01,6.573759999999999604e-01,5.833660000000000512e-01,4.319459999999999966e-01,7.379299999999999748e-01,7.197200000000000264e-01,7.349989999999999579e-01,6.728549999999999809e-01,6.894930000000000225e-01,6.583290000000000530e-01,5.290030000000000010e-01,4.623369999999999980e-01,6.909800000000000386e-01,5.109399999999999498e-01,4.568010000000000126e-01,4.467670000000000252e-01,4.276100000000000040e-02,3.773880000000000012e-01,3.489300000000000179e-01,5.494620000000000060e-01,2.818240000000000189e-01,-1.559499999999999949e-02,3.767909999999999870e-01,3.375799999999999912e-01,5.144189999999999596e-01,4.989999999999999991e-01,7.984360000000000346e-01,4.194069999999999743e-01,5.978480000000000461e-01,7.862489999999999757e-01,6.869260000000000366e-01,6.780460000000000376e-01,5.936040000000000205e-01,7.100119999999999765e-01,8.990500000000000158e-01,4.976599999999999913e-01,7.247270000000000101e-01,6.601430000000000353e-01,5.065330000000000110e-01,3.715269999999999961e-01,6.119339999999999780e-01,7.021690000000000431e-01,6.781629999999999603e-01,4.098060000000000036e-01,6.233670000000000044e-01,5.610399999999999832e-01,6.663189999999999946e-01,5.995000000000000329e-01,4.836989999999999901e-01,7.719660000000000410e-01,7.068889999999999896e-01,6.309500000000000108e-01,6.626149999999999540e-01,6.400799999999999823e-01,3.296009999999999773e-01,4.960970000000000102e-01
3.896839999999999749e-01,6.072199999999999820e-01,9.318619999999999681e-01,-3.944999999999999896e-02,7.765250000000000208e-01,7.001859999999999751e-01,4.181880000000000042e-01,7.590310000000000112e-01,7.329710000000000392e-01,5.660260000000000291e-01,1.000000000000000000e+00,6.282569999999999544e-01,5.279989999999999961e-01,1.706640000000000101e-01,6.947740000000000027e-01,3.823650000000000104e-01,4.460029999999999828e-01,5.530180000000000096e-01,9.279969999999999608e-01,7.315970000000000528e-01,5.326130000000000031e-01,6.188470000000000359e-01,8.172490000000000032e-01,3.336790000000000034e-01,5.772350000000000536e-01,6.502799999999999692e-01,6.680049999999999599e-01,5.018270000000000231e-01,4.717810000000000059e-01,5.261090000000000488e-01,3.209859999999999935e-01,8.597899999999999987e-02,3.535940000000000194e-01,2.326449999999999907e-01,3.893220000000000014e-01,6.414999999999999869e-02,-9.199799999999999645e-02,1.339480000000000115e-01,-1.962699999999999861e-02,2.409350000000000103e-01,6.487999999999999844e-03,1.557270000000000043e-01,6.771099999999999342e-02,6.857499999999999707e-02,2.945679999999999965e-01,3.138349999999999751e-01,6.349949999999999761e-01,8.511250000000000204e-01,3.133150000000000102e-01,7.319590000000000263e-01,7.576519999999999921e-01,5.515970000000000040e-01,7.347620000000000262e-01,7.834050000000000180e-01,4.563699999999999979e-01,9.207819999999999894e-01,5.584569999999999812e-01,5.231930000000000192e-01,1.999190000000000134e-01,6.970939999999999914e-01,4.792350000000000221e-01,3.758790000000000187e-01,4.871300000000000074e-01,9.051090000000000524e-01,7.794370000000000465e-01,5.813829999999999831e-01,7.148060000000000525e-01,8.720529999999999671e-01,3.321330000000000116e-01,6.863399999999999501e-01,6.667809999999999571e-01,6.659410000000000052e-01,6.621000000000000218e-01,4.700860000000000039e-01,3.005450000000000066e-01,2.743070000000000230e-01
4.042520000000000002e-01,6.831720000000000015e-01,5.700030000000000374e-01,1.763200000000000045e-01,7.838370000000000060e-01,7.088929999999999954e-01,3.959820000000000007e-01,6.031889999999999752e-01,6.904139999999999722e-01,8.095040000000000013e-01,6.282569999999999544e-01,1.000000000000000000e+00,6.466549999999999798e-01,3.458030000000000270e-01,5.033020000000000271e-01,6.003490000000000215e-01,7.787319999999999798e-01,7.354009999999999714e-01,5.726510000000000211e-01,6.954559999999999631e-01,4.685070000000000068e-01,6.997839999999999616e-01,5.711589999999999723e-01,5.080219999999999736e-01,5.430369999999999919e-01,7.410259999999999625e-01,6.148730000000000029e-01,7.234979999999999745e-01,6.318139999999999867e-01,6.289360000000000506e-01,4.645159999999999845e-01,3.829420000000000046e-01,5.478509999999999769e-01,4.976229999999999820e-01,5.857329999999999481e-01,3.477100000000000191e-01,6.330399999999999916e-02,2.035679999999999990e-01,1.958509999999999973e-01,3.947129999999999805e-01,1.477559999999999985e-01,1.264499999999999999e-02,4.517999999999999794e-01,3.642659999999999787e-01,4.393619999999999748e-01,3.822280000000000122e-01,7.679219999999999935e-01,4.703849999999999976e-01,4.619440000000000213e-01,7.894719999999999516e-01,7.105519999999999614e-01,5.672409999999999952e-01,6.029470000000000107e-01,6.379299999999999971e-01,7.632510000000000128e-01,5.209510000000000529e-01,7.742400000000000393e-01,7.140589999999999993e-01,4.797980000000000023e-01,4.833540000000000059e-01,6.143370000000000219e-01,7.652290000000000481e-01,6.662179999999999769e-01,5.121590000000000309e-01,6.980640000000000178e-01,4.618709999999999760e-01,7.230720000000000480e-01,6.215169999999999861e-01,4.882940000000000058e-01,7.048020000000000396e-01,7.156529999999999836e-01,5.285600000000000298e-01,7.741310000000000136e-01,6.090820000000000123e-01,3.772070000000000145e-01,4.412030000000000118e-01
3.783860000000000001e-01,7.849660000000000526e-01,4.700409999999999866e-01,3.556730000000000169e-01,7.416610000000000147e-01,8.263279999999999514e-01,7.770960000000000090e-01,5.785219999999999807e-01,6.871099999999999985e-01,6.901610000000000245e-01,5.279989999999999961e-01,6.466549999999999798e-01,1.000000000000000000e+00,2.842790000000000039e-01,4.795070000000000165e-01,5.623240000000000460e-01,7.236479999999999579e-01,7.243370000000000086e-01,5.128530000000000033e-01,6.904019999999999602e-01,5.030170000000000474e-01,6.721150000000000180e-01,5.823850000000000415e-01,4.225260000000000127e-01,6.743090000000000472e-01,7.356740000000000501e-01,6.569970000000000532e-01,7.458380000000000010e-01,7.032509999999999595e-01,5.792110000000000314e-01,3.893960000000000199e-01,4.453250000000000264e-01,5.175990000000000313e-01,3.887149999999999772e-01,2.572409999999999974e-01,2.617820000000000147e-01,2.598999999999999921e-02,2.694980000000000153e-01,3.233380000000000143e-01,4.717319999999999847e-01,3.153790000000000204e-01,7.674799999999999678e-02,2.710520000000000151e-01,1.960510000000000030e-01,5.619429999999999703e-01,3.896319999999999784e-01,7.699759999999999938e-01,4.514349999999999752e-01,6.124119999999999564e-01,6.957349999999999923e-01,7.389029999999999765e-01,6.960499999999999465e-01,6.348030000000000062e-01,6.466490000000000293e-01,6.741620000000000390e-01,5.162510000000000154e-01,6.716849999999999765e-01,8.578400000000000469e-01,4.183370000000000144e-01,4.374560000000000115e-01,5.556780000000000053e-01,6.083140000000000214e-01,6.374379999999999491e-01,4.380729999999999902e-01,6.261510000000000131e-01,5.271419999999999995e-01,6.587389999999999635e-01,5.585710000000000397e-01,3.640140000000000042e-01,7.656490000000000240e-01,7.343309999999999560e-01,5.795670000000000543e-01,7.362410000000000343e-01,6.165410000000000057e-01,4.510080000000000200e-01,4.410490000000000244e-01
3.175080000000000124e-01,3.408309999999999951e-01,1.496139999999999970e-01,3.645169999999999799e-01,4.028189999999999826e-01,3.702150000000000163e-01,2.073250000000000093e-01,2.306219999999999937e-01,2.407009999999999983e-01,3.530249999999999777e-01,1.706640000000000101e-01,3.458030000000000270e-01,2.842790000000000039e-01,1.000000000000000000e+00,-3.015899999999999831e-02,5.688159999999999883e-01,4.158839999999999759e-01,3.876930000000000098e-01,1.636839999999999962e-01,3.204489999999999839e-01,2.630509999999999793e-01,4.255300000000000193e-01,1.450150000000000050e-01,4.002519999999999967e-01,1.591440000000000077e-01,3.782920000000000171e-01,2.709599999999999786e-01,5.253640000000000532e-01,5.009930000000000216e-01,4.018410000000000037e-01,5.601660000000000528e-01,4.835499999999999798e-01,3.211490000000000178e-01,3.867700000000000027e-01,1.968429999999999902e-01,5.778180000000000538e-01,2.063969999999999971e-01,1.867800000000000016e-01,4.430299999999999794e-01,2.745909999999999740e-01,4.142970000000000264e-01,2.674599999999999894e-02,4.353770000000000140e-01,3.341569999999999818e-01,1.806429999999999980e-01,4.851739999999999942e-01,3.650700000000000056e-01,-1.223230000000000012e-01,2.912219999999999809e-01,3.426469999999999794e-01,3.192909999999999915e-01,2.902000000000000066e-02,2.090680000000000038e-01,1.147910000000000041e-01,4.448790000000000244e-01,-1.631999999999999987e-03,4.224840000000000262e-01,2.418299999999999894e-01,6.661470000000000447e-01,5.524400000000000144e-02,4.672970000000000179e-01,3.691280000000000117e-01,4.398659999999999792e-01,9.861499999999999433e-02,2.730079999999999729e-01,2.181490000000000096e-01,3.449699999999999989e-01,1.009410000000000029e-01,3.790000000000000036e-01,1.365369999999999917e-01,2.693729999999999736e-01,1.395699999999999996e-01,3.910509999999999819e-01,4.210260000000000113e-01,4.189200000000000146e-01,6.176239999999999508e-01
5.395590000000000108e-01,5.738790000000000280e-01,6.138580000000000148e-01,-7.633700000000000208e-02,5.418880000000000363e-01,5.301129999999999454e-01,3.448080000000000034e-01,6.922059999999999880e-01,4.627660000000000107e-01,3.840370000000000172e-01,6.947740000000000027e-01,5.033020000000000271e-01,4.795070000000000165e-01,-3.015899999999999831e-02,1.000000000000000000e+00,3.549180000000000113e-01,2.911059999999999759e-01,5.441610000000000058e-01,6.976710000000000411e-01,7.007970000000000033e-01,6.178339999999999943e-01,6.515260000000000495e-01,7.132779999999999676e-01,3.924929999999999808e-01,5.859980000000000189e-01,6.504069999999999574e-01,4.630779999999999896e-01,4.816259999999999986e-01,4.618519999999999848e-01,4.352779999999999982e-01,3.477219999999999756e-01,-1.544000000000000017e-03,2.751080000000000192e-01,2.458589999999999942e-01,3.869259999999999922e-01,-7.034700000000000675e-02,1.784099999999999922e-02,1.464709999999999901e-01,-1.343439999999999912e-01,2.046769999999999978e-01,-3.032999999999999932e-02,1.706650000000000111e-01,-8.800199999999999689e-02,-1.154810000000000003e-01,3.059970000000000190e-01,3.853690000000000171e-01,5.435010000000000119e-01,6.769739999999999647e-01,2.025649999999999951e-01,4.998679999999999790e-01,6.092959999999999487e-01,3.851269999999999971e-01,6.714130000000000376e-01,5.574839999999999796e-01,2.761500000000000066e-01,6.793069999999999942e-01,3.981580000000000119e-01,4.923870000000000191e-01,3.595199999999999785e-02,8.947910000000000030e-01,5.012039999999999829e-01,3.363059999999999938e-01,4.531620000000000092e-01,7.311389999999999834e-01,7.377780000000000449e-01,6.866740000000000066e-01,7.411820000000000075e-01,7.518629999999999480e-01,3.756430000000000047e-01,6.446809999999999485e-01,6.675740000000000007e-01,4.342260000000000009e-01,6.080419999999999714e-01,4.697799999999999754e-01,3.233190000000000230e-01,2.281110000000000082e-01
6.813940000000000552e-01,7.463429999999999787e-01,3.507680000000000242e-01,3.791880000000000250e-01,6.216099999999999959e-01,6.126869999999999816e-01,4.941999999999999726e-01,5.233889999999999931e-01,4.321490000000000054e-01,6.442879999999999718e-01,3.823650000000000104e-01,6.003490000000000215e-01,5.623240000000000460e-01,5.688159999999999883e-01,3.549180000000000113e-01,1.000000000000000000e+00,7.116749999999999465e-01,8.111089999999999689e-01,4.024960000000000204e-01,5.945810000000000262e-01,6.269230000000000080e-01,7.618829999999999769e-01,4.697009999999999796e-01,6.353769999999999696e-01,6.222109999999999586e-01,7.914759999999999573e-01,5.188580000000000414e-01,6.826889999999999903e-01,8.128630000000000022e-01,6.965909999999999602e-01,7.807199999999999696e-01,5.467419999999999503e-01,6.922679999999999945e-01,5.909510000000000041e-01,4.016790000000000083e-01,5.030189999999999939e-01,1.969760000000000122e-01,3.482500000000000040e-01,4.758879999999999777e-01,5.619840000000000391e-01,5.807809999999999917e-01,2.258030000000000037e-01,3.538640000000000119e-01,2.541289999999999938e-01,3.558870000000000089e-01,7.240170000000000217e-01,6.862679999999999891e-01,1.342500000000000082e-01,4.871800000000000019e-01,4.658669999999999756e-01,5.303480000000000416e-01,2.123230000000000117e-01,4.694599999999999884e-01,3.282930000000000015e-01,6.680749999999999744e-01,2.037100000000000022e-01,6.542620000000000102e-01,4.709550000000000125e-01,5.610239999999999672e-01,4.526999999999999913e-01,8.360149999999999526e-01,5.616940000000000266e-01,7.123180000000000067e-01,3.314529999999999976e-01,5.859720000000000484e-01,5.998200000000000198e-01,7.078090000000000215e-01,4.287839999999999985e-01,5.630690000000000417e-01,5.249939999999999607e-01,6.689990000000000103e-01,3.555829999999999824e-01,6.048019999999999508e-01,7.338909999999999600e-01,5.423329999999999540e-01,7.378139999999999699e-01
4.059309999999999863e-01,7.160699999999999843e-01,4.272039999999999726e-01,3.911629999999999829e-01,7.308689999999999909e-01,7.392320000000000002e-01,5.196199999999999708e-01,4.795490000000000030e-01,6.569169999999999732e-01,8.590900000000000203e-01,4.460029999999999828e-01,7.787319999999999798e-01,7.236479999999999579e-01,4.158839999999999759e-01,2.911059999999999759e-01,7.116749999999999465e-01,1.000000000000000000e+00,8.179159999999999764e-01,4.073030000000000261e-01,5.920299999999999452e-01,4.523730000000000251e-01,6.242429999999999923e-01,4.708530000000000215e-01,4.931869999999999865e-01,6.510979999999999546e-01,7.181429999999999758e-01,6.272649999999999615e-01,6.929469999999999796e-01,6.742890000000000272e-01,5.955129999999999590e-01,4.691299999999999915e-01,4.551100000000000145e-01,6.098310000000000120e-01,4.272400000000000087e-01,3.773429999999999840e-01,4.446959999999999802e-01,9.320100000000000606e-02,3.192710000000000270e-01,3.447540000000000049e-01,5.241500000000000048e-01,3.219940000000000024e-01,1.431400000000000033e-02,4.992050000000000098e-01,4.186059999999999781e-01,4.444420000000000037e-01,4.705179999999999918e-01,7.469339999999999868e-01,2.822040000000000104e-01,6.157099999999999795e-01,6.949650000000000549e-01,6.514670000000000183e-01,5.446729999999999627e-01,5.076559999999999961e-01,5.665219999999999700e-01,8.509919999999999707e-01,3.568080000000000140e-01,7.436530000000000085e-01,6.831739999999999480e-01,5.441230000000000233e-01,3.484689999999999732e-01,5.961699999999999777e-01,7.905109999999999637e-01,6.581019999999999648e-01,3.090499999999999914e-01,5.670169999999999932e-01,4.281409999999999938e-01,6.163020000000000165e-01,4.778910000000000102e-01,4.314700000000000202e-01,6.432780000000000165e-01,6.578509999999999636e-01,5.083020000000000316e-01,6.646180000000000421e-01,6.042960000000000553e-01,3.443809999999999927e-01,5.073389999999999844e-01
5.973979999999999846e-01,7.926840000000000552e-01,5.062410000000000521e-01,2.787600000000000078e-01,7.430900000000000283e-01,7.211009999999999920e-01,5.058880000000000043e-01,6.025740000000000540e-01,5.566670000000000229e-01,7.430820000000000203e-01,5.530180000000000096e-01,7.354009999999999714e-01,7.243370000000000086e-01,3.876930000000000098e-01,5.441610000000000058e-01,8.111089999999999689e-01,8.179159999999999764e-01,1.000000000000000000e+00,5.543949999999999712e-01,6.786830000000000362e-01,6.149339999999999806e-01,7.541550000000000198e-01,5.900199999999999889e-01,5.720269999999999522e-01,7.466679999999999984e-01,8.360079999999999734e-01,5.690920000000000423e-01,7.480339999999999767e-01,7.915240000000000054e-01,6.586680000000000312e-01,6.027789999999999537e-01,4.123629999999999796e-01,6.356699999999999573e-01,5.034359999999999946e-01,4.563940000000000219e-01,3.842200000000000060e-01,1.499419999999999920e-01,3.063710000000000044e-01,2.872859999999999858e-01,5.233940000000000259e-01,3.874949999999999783e-01,2.506860000000000199e-01,3.705570000000000253e-01,2.372559999999999947e-01,4.052140000000000186e-01,6.023570000000000313e-01,7.489620000000000166e-01,3.514510000000000134e-01,5.442449999999999788e-01,6.287700000000000511e-01,6.874639999999999640e-01,4.606000000000000094e-01,5.872410000000000130e-01,5.016739999999999533e-01,7.220050000000000079e-01,4.147150000000000003e-01,6.706140000000000434e-01,6.882340000000000124e-01,4.352739999999999942e-01,5.892100000000000115e-01,8.055039999999999978e-01,7.055299999999999905e-01,8.248630000000000129e-01,4.812409999999999743e-01,7.075169999999999515e-01,6.225859999999999728e-01,7.542649999999999633e-01,5.905759999999999899e-01,4.814910000000000023e-01,7.140809999999999658e-01,7.519019999999999593e-01,4.619360000000000133e-01,7.660390000000000255e-01,7.519019999999999593e-01,4.427249999999999797e-01,5.898769999999999847e-01
4.342500000000000249e-01,6.084009999999999696e-01,9.183440000000000492e-01,-3.783600000000000158e-02,7.158630000000000271e-01,7.047360000000000291e-01,3.911510000000000264e-01,7.632160000000000055e-01,6.901500000000000412e-01,4.887560000000000238e-01,9.279969999999999608e-01,5.726510000000000211e-01,5.128530000000000033e-01,1.636839999999999962e-01,6.976710000000000411e-01,4.024960000000000204e-01,4.073030000000000261e-01,5.543949999999999712e-01,1.000000000000000000e+00,7.355850000000000444e-01,5.166570000000000329e-01,6.416950000000000154e-01,8.351089999999999902e-01,4.217029999999999945e-01,5.647649999999999615e-01,6.706370000000000386e-01,6.408000000000000362e-01,5.085699999999999665e-01,5.001179999999999515e-01,5.485499999999999821e-01,3.578680000000000194e-01,6.805500000000000438e-02,3.303989999999999982e-01,2.399209999999999954e-01,3.772849999999999815e-01,4.938700000000000034e-02,-6.026499999999999913e-02,1.634460000000000079e-01,-5.944999999999999764e-03,2.629179999999999851e-01,5.956700000000000189e-02,1.756429999999999936e-01,7.034700000000000675e-02,1.034220000000000000e-01,2.781629999999999936e-01,3.360139999999999794e-01,6.350200000000000289e-01,8.312589999999999701e-01,3.169440000000000035e-01,6.606800000000000450e-01,7.612520000000000397e-01,4.719329999999999914e-01,7.092749999999999888e-01,7.231210000000000138e-01,4.240329999999999933e-01,8.423730000000000384e-01,5.344050000000000189e-01,5.601679999999999993e-01,1.560739999999999905e-01,7.032389999999999475e-01,5.113630000000000120e-01,3.899210000000000176e-01,4.867389999999999772e-01,9.379239999999999799e-01,7.694189999999999641e-01,5.491890000000000382e-01,7.292140000000000288e-01,8.535669999999999646e-01,4.021799999999999820e-01,6.598319999999999741e-01,6.933500000000000218e-01,6.270740000000000203e-01,6.940049999999999830e-01,5.019289999999999585e-01,3.712429999999999897e-01,3.418080000000000007e-01
5.890509999999999913e-01,7.610599999999999588e-01,7.042620000000000546e-01,1.930280000000000051e-01,8.118710000000000093e-01,8.022259999999999946e-01,5.260519999999999641e-01,6.711660000000000403e-01,8.003029999999999866e-01,6.577950000000000186e-01,7.315970000000000528e-01,6.954559999999999631e-01,6.904019999999999602e-01,3.204489999999999839e-01,7.007970000000000033e-01,5.945810000000000262e-01,5.920299999999999452e-01,6.786830000000000362e-01,7.355850000000000444e-01,1.000000000000000000e+00,6.397899999999999698e-01,9.256640000000000423e-01,7.227679999999999660e-01,4.851230000000000264e-01,6.399430000000000396e-01,7.950850000000000417e-01,8.033569999999999878e-01,7.773590000000000222e-01,7.582130000000000258e-01,7.234570000000000167e-01,5.842739999999999601e-01,3.984260000000000024e-01,5.083710000000000173e-01,4.529759999999999898e-01,4.255669999999999731e-01,2.765480000000000160e-01,1.050230000000000052e-01,2.798129999999999784e-01,2.711020000000000096e-01,3.804359999999999964e-01,2.721250000000000058e-01,1.006589999999999985e-01,2.998910000000000187e-01,2.215219999999999967e-01,5.142039999999999944e-01,5.523160000000000291e-01,8.119579999999999576e-01,6.204659999999999620e-01,4.707589999999999830e-01,7.766769999999999508e-01,7.712719999999999576e-01,5.926479999999999526e-01,7.158379999999999743e-01,7.590949999999999642e-01,6.352980000000000294e-01,6.543649999999999745e-01,6.613630000000000342e-01,6.508110000000000284e-01,4.330570000000000253e-01,6.709079999999999488e-01,6.697920000000000540e-01,5.388039999999999496e-01,6.449930000000000385e-01,6.583560000000000523e-01,9.410230000000000539e-01,6.290890000000000093e-01,9.259490000000000220e-01,7.017759999999999554e-01,4.760429999999999939e-01,7.454469999999999708e-01,7.905579999999999830e-01,7.072739999999999583e-01,8.230629999999999891e-01,6.917330000000000423e-01,5.827710000000000390e-01,5.887710000000000443e-01
7.779960000000000209e-01,7.017539999999999889e-01,4.734320000000000195e-01,3.355529999999999902e-01,5.588670000000000027e-01,6.460150000000000059e-01,5.140099999999999669e-01,7.223899999999999766e-01,5.028510000000000479e-01,5.748069999999999569e-01,5.326130000000000031e-01,4.685070000000000068e-01,5.030170000000000474e-01,2.630509999999999793e-01,6.178339999999999943e-01,6.269230000000000080e-01,4.523730000000000251e-01,6.149339999999999806e-01,5.166570000000000329e-01,6.397899999999999698e-01,1.000000000000000000e+00,6.959710000000000063e-01,7.487869999999999804e-01,5.843279999999999585e-01,7.518179999999999863e-01,7.535800000000000276e-01,5.355799999999999450e-01,5.407480000000000064e-01,7.259860000000000202e-01,6.872030000000000083e-01,6.387329999999999952e-01,4.503559999999999786e-01,6.073629999999999862e-01,5.219559999999999755e-01,3.696400000000000241e-01,1.978459999999999941e-01,-1.857500000000000123e-02,3.737699999999999911e-01,3.671809999999999796e-01,5.831429999999999669e-01,3.637540000000000218e-01,1.716789999999999983e-01,-5.955699999999999883e-02,-1.427549999999999930e-01,3.877680000000000016e-01,6.519220000000000015e-01,6.731319999999999526e-01,4.522129999999999761e-01,3.831249999999999933e-01,4.638510000000000133e-01,6.188660000000000272e-01,3.108650000000000024e-01,7.466220000000000079e-01,4.876400000000000179e-01,4.999350000000000183e-01,4.852159999999999807e-01,5.032830000000000359e-01,3.816280000000000228e-01,2.868370000000000086e-01,6.051760000000000472e-01,6.555180000000000451e-01,3.155049999999999799e-01,5.924059999999999881e-01,5.172710000000000363e-01,6.100050000000000194e-01,8.606949999999999878e-01,6.931899999999999729e-01,6.785919999999999730e-01,5.563029999999999919e-01,6.826370000000000493e-01,7.654229999999999645e-01,3.938679999999999959e-01,5.355839999999999490e-01,6.750300000000000189e-01,5.014769999999999506e-01,5.489490000000000203e-01
