1.000000000000000000e+00,2.738380000000000258e-01,1.979140000000000066e-01,9.391399999999999748e-02,1.484050000000000091e-01,1.489640000000000131e-01,2.129769999999999996e-01,3.107070000000000110e-01,5.019360000000000488e-01,3.751970000000000027e-01,1.562850000000000072e-01,4.063359999999999750e-01,4.946180000000000021e-01,-8.785199999999999954e-02,1.193120000000000014e-01,2.582099999999999951e-01,3.436919999999999975e-01,1.225360000000000060e-01,2.092459999999999876e-01,3.032150000000000123e-01,5.337600000000000122e-01,3.504180000000000073e-01,-5.101499999999999785e-02,4.342820000000000014e-01,2.180350000000000066e-01,5.313050000000000272e-01,-3.121940000000000270e-01,5.385720000000000507e-01,1.093819999999999931e-01,3.470309999999999784e-01,5.322839999999999794e-01,3.029089999999999838e-01,4.490819999999999812e-01,4.094599999999999906e-01,5.145999999999999880e-02,1.722150000000000070e-01,3.320290000000000186e-01,2.430539999999999923e-01,1.700049999999999895e-01,4.746349999999999736e-01,1.354200000000000126e-01,-8.956799999999999484e-02,-1.112319999999999975e-01,4.035299999999999998e-02,1.559299999999999922e-02,5.530429999999999513e-01,-3.527399999999999980e-01,3.794509999999999827e-01,8.411599999999999633e-02,1.017030000000000017e-01,-3.228099999999999720e-02,-3.482999999999999985e-03,2.075200000000000100e-01,4.474920000000000009e-01,2.693110000000000226e-01,4.323600000000000221e-01,2.490999999999999881e-01,4.925329999999999986e-01,-6.858100000000000307e-02,3.496460000000000123e-01,1.910999999999999921e-01,1.589619999999999922e-01,1.773389999999999966e-01,5.511829999999999785e-01,4.924740000000000228e-01,5.168230000000000324e-01,3.497669999999999946e-01,-1.214000000000000018e-03,3.816490000000000160e-01,7.050099999999999423e-02,5.275450000000000417e-01,-2.345099999999999962e-02,4.466979999999999840e-01,2.129000000000000059e-01,3.965389999999999748e-01,2.880710000000000215e-01
2.738380000000000258e-01,1.000000000000000000e+00,3.693199999999999816e-01,1.383510000000000018e-01,2.727809999999999957e-01,6.845149999999999846e-01,4.201239999999999974e-01,3.217599999999999905e-01,2.947719999999999785e-01,3.599930000000000074e-01,3.183019999999999738e-01,2.183670000000000055e-01,5.174480000000000190e-01,-3.513700000000000156e-02,2.020689999999999986e-01,6.097409999999999775e-01,2.582820000000000116e-01,6.974920000000000009e-01,3.562839999999999896e-01,-1.088889999999999997e-01,2.162299999999999986e-02,4.861809999999999743e-01,3.411750000000000060e-01,3.890099999999999808e-02,6.284589999999999899e-01,4.957639999999999825e-01,1.233709999999999946e-01,1.305250000000000021e-01,9.789299999999999391e-02,-8.221499999999999642e-02,4.705299999999999760e-02,4.431269999999999931e-01,3.860430000000000250e-01,2.263650000000000106e-01,9.246100000000000152e-02,5.294200000000000295e-02,2.663710000000000244e-01,-6.883000000000000229e-03,2.016739999999999922e-01,3.601579999999999782e-01,1.834480000000000000e-01,-4.533100000000000324e-02,-1.707980000000000054e-01,-2.488000000000000194e-03,1.396940000000000126e-01,2.547200000000000158e-02,1.120540000000000008e-01,2.374660000000000104e-01,-1.936839999999999951e-01,3.462970000000000215e-01,5.799140000000000406e-01,4.396160000000000068e-01,1.811810000000000087e-01,3.933690000000000242e-01,4.634559999999999791e-01,4.388690000000000091e-01,2.980900000000000216e-01,4.707089999999999885e-01,4.537800000000000167e-02,8.661000000000000296e-03,4.449980000000000047e-01,1.041229999999999933e-01,1.936370000000000036e-01,2.172139999999999904e-01,1.687369999999999981e-01,-2.004749999999999865e-01,2.070649999999999991e-01,4.217060000000000253e-01,-2.909700000000000134e-02,5.770030000000000436e-01,3.303470000000000018e-01,4.568059999999999898e-01,2.109000000000000041e-01,4.387320000000000109e-01,2.743659999999999988e-01,9.268099999999999949e-02
1.979140000000000066e-01,3.693199999999999816e-01,1.000000000000000000e+00,2.339660000000000073e-01,3.169230000000000103e-01,3.306700000000000195e-01,9.008399999999999741e-02,3.224380000000000024e-01,2.323850000000000082e-01,1.861430000000000029e-01,5.957270000000000065e-01,8.608899999999999886e-02,1.532959999999999878e-01,1.996229999999999949e-01,5.467199999999999838e-01,4.231269999999999754e-01,1.431830000000000047e-01,4.594920000000000115e-01,6.163239999999999830e-01,1.491689999999999960e-01,1.701640000000000097e-01,4.318859999999999921e-01,6.730669999999999709e-01,2.661499999999999977e-02,5.044199999999999795e-01,3.643190000000000039e-01,2.348159999999999969e-01,2.043800000000000061e-01,1.166839999999999961e-01,1.237609999999999960e-01,3.113029999999999964e-01,4.737640000000000184e-01,3.506369999999999765e-01,2.035119999999999985e-01,3.269850000000000256e-01,-1.111509999999999998e-01,1.593699999999999978e-02,1.360500000000000043e-01,4.450839999999999796e-01,3.309130000000000127e-01,3.198119999999999852e-01,3.446130000000000027e-01,-1.331980000000000108e-01,-2.693249999999999811e-01,1.038799999999999966e-02,8.593599999999999850e-02,2.442179999999999906e-01,3.254710000000000103e-01,-9.330499999999999905e-02,4.465399999999999925e-02,4.502329999999999943e-01,3.346709999999999963e-01,2.764179999999999970e-01,4.421919999999999740e-01,2.167189999999999950e-01,4.638109999999999733e-01,-2.396999999999999825e-03,3.613319999999999865e-01,1.244590000000000002e-01,4.045340000000000047e-01,4.577829999999999955e-01,2.402500000000000122e-02,9.236099999999999866e-02,5.049890000000000212e-01,3.545659999999999923e-01,1.273060000000000025e-01,5.256070000000000464e-01,4.892299999999999982e-01,1.460909999999999986e-01,4.122540000000000093e-01,2.990260000000000140e-01,4.085960000000000147e-01,2.095519999999999883e-01,4.156569999999999987e-01,3.235430000000000250e-01,5.245940000000000047e-01
9.391399999999999748e-02,1.383510000000000018e-01,2.339660000000000073e-01,1.000000000000000000e+00,6.317059999999999897e-01,2.507570000000000077e-01,3.936080000000000134e-01,2.125219999999999887e-01,3.033699999999999938e-02,-2.146400000000000044e-02,1.491989999999999983e-01,1.205920000000000047e-01,2.395750000000000102e-01,2.814369999999999927e-01,1.250570000000000015e-01,2.554330000000000211e-01,3.029000000000000026e-01,2.068579999999999863e-01,1.702510000000000134e-01,2.135009999999999963e-01,6.627700000000000258e-02,2.702370000000000050e-01,1.150749999999999967e-01,8.092799999999999994e-02,2.034499999999999850e-02,1.367649999999999977e-01,3.621699999999999919e-02,9.696399999999999464e-02,1.978299999999999850e-02,4.368099999999999761e-02,5.412999999999999756e-02,3.852269999999999861e-01,1.785509999999999875e-01,1.808730000000000060e-01,6.697599999999999387e-02,1.794749999999999956e-01,3.203719999999999901e-01,-1.619269999999999876e-01,4.154459999999999820e-01,2.815449999999999897e-01,2.752740000000000187e-01,2.312410000000000021e-01,1.114050000000000040e-01,2.438279999999999892e-01,2.380269999999999886e-01,5.924200000000000299e-02,7.031600000000000350e-02,1.334259999999999891e-01,-7.170950000000000379e-01,3.260799999999999810e-02,2.930820000000000092e-01,1.585860000000000047e-01,2.072150000000000103e-01,1.729809999999999959e-01,1.757259999999999933e-01,1.836250000000000104e-01,1.739900000000000058e-01,1.738989999999999980e-01,-2.008870000000000100e-01,1.059149999999999953e-01,1.647679999999999978e-01,4.166059999999999763e-01,3.171800000000000175e-01,2.814600000000000088e-02,1.919430000000000025e-01,6.453200000000000602e-02,2.089920000000000111e-01,1.165270000000000056e-01,2.385069999999999968e-01,6.833200000000000385e-02,1.722819999999999907e-01,8.291400000000000159e-02,-1.482000000000000027e-03,5.933599999999999985e-02,4.221300000000000052e-02,3.212729999999999753e-01
1.484050000000000091e-01,2.727809999999999957e-01,3.169230000000000103e-01,6.317059999999999897e-01,1.000000000000000000e+00,2.235270000000000035e-01,5.968900000000000317e-01,9.865500000000000658e-02,2.962300000000000003e-02,1.370290000000000119e-01,4.632399999999999851e-01,2.819199999999999831e-02,1.702359999999999984e-01,3.655869999999999953e-01,3.232909999999999950e-01,3.106260000000000132e-01,1.261609999999999954e-01,2.932679999999999731e-01,1.398000000000000076e-01,4.419900000000000218e-02,3.914200000000000318e-02,3.542859999999999898e-01,2.920349999999999890e-01,-1.292520000000000058e-01,3.234449999999999825e-01,1.114509999999999945e-01,2.992940000000000045e-01,3.313300000000000273e-02,1.629790000000000127e-01,4.827399999999999747e-02,2.404320000000000068e-01,4.969000000000000083e-01,3.057520000000000238e-01,1.753490000000000049e-01,2.112009999999999998e-01,-1.305910000000000126e-01,7.169200000000000572e-02,-1.307570000000000121e-01,4.392289999999999806e-01,2.602749999999999786e-01,3.405940000000000079e-01,2.823060000000000014e-01,-4.574299999999999894e-02,8.109199999999999742e-02,1.435389999999999999e-01,1.023699999999999957e-02,2.191619999999999957e-01,6.798899999999999388e-02,-6.242720000000000491e-01,2.410879999999999967e-01,3.155990000000000184e-01,5.754000000000000226e-01,8.078100000000000558e-02,2.135749999999999871e-01,3.383740000000000081e-01,3.439050000000000162e-01,3.125900000000000206e-02,2.818620000000000014e-01,3.950000000000000386e-03,2.216579999999999939e-01,4.078899999999999748e-01,1.295030000000000070e-01,9.001800000000000079e-02,2.458700000000000122e-02,1.646370000000000056e-01,6.977099999999999969e-02,2.498309999999999975e-01,2.808249999999999913e-01,-3.899099999999999788e-02,3.885290000000000132e-01,1.173270000000000007e-01,4.276900000000000146e-01,-1.000629999999999992e-01,3.547159999999999758e-01,1.486810000000000076e-01,3.735439999999999872e-01
1.489640000000000131e-01,6.845149999999999846e-01,3.306700000000000195e-01,2.507570000000000077e-01,2.235270000000000035e-01,1.000000000000000000e+00,2.512179999999999969e-01,5.617440000000000211e-01,2.707729999999999859e-01,3.055990000000000095e-01,1.428399999999999948e-01,2.362670000000000048e-01,5.551840000000000108e-01,1.124969999999999998e-01,3.191939999999999777e-01,4.685960000000000125e-01,3.551949999999999830e-01,6.323440000000000172e-01,2.019420000000000104e-01,1.918870000000000020e-01,1.952500000000000069e-01,3.769819999999999838e-01,5.577609999999999513e-01,1.656199999999999894e-01,3.710870000000000002e-01,3.808659999999999823e-01,2.340109999999999968e-01,2.148930000000000007e-01,2.906859999999999999e-01,1.019830000000000042e-01,7.301399999999999557e-02,3.750609999999999777e-01,2.172540000000000027e-01,1.907560000000000089e-01,-6.813099999999999712e-02,1.484030000000000071e-01,2.809150000000000258e-01,2.333899999999999864e-02,2.435170000000000112e-01,2.536240000000000161e-01,8.104999999999999358e-03,-9.161500000000000199e-02,1.109070000000000056e-01,1.072710000000000052e-01,1.736659999999999870e-01,6.468200000000000338e-02,3.302629999999999733e-01,4.377909999999999857e-01,-2.473909999999999998e-01,3.301520000000000010e-01,6.940830000000000055e-01,2.174899999999999889e-01,5.087270000000000403e-01,4.134160000000000057e-01,3.992359999999999798e-01,3.531540000000000235e-01,3.962950000000000084e-01,3.194089999999999985e-01,4.497400000000000009e-02,1.162949999999999956e-01,3.293300000000000116e-01,3.438160000000000105e-01,3.618239999999999790e-01,2.323459999999999970e-01,1.644180000000000086e-01,-4.948099999999999721e-02,2.430479999999999863e-01,6.249540000000000095e-01,1.417049999999999976e-01,3.980810000000000182e-01,3.545849999999999835e-01,2.980189999999999784e-01,2.044999999999999873e-01,2.268169999999999908e-01,2.519480000000000053e-01,6.312700000000000256e-02
2.129769999999999996e-01,4.201239999999999974e-01,9.008399999999999741e-02,3.936080000000000134e-01,5.968900000000000317e-01,2.512179999999999969e-01,1.000000000000000000e+00,5.019599999999999757e-02,9.707899999999999863e-02,3.917869999999999964e-01,2.497600000000000098e-01,1.261450000000000071e-01,3.857729999999999770e-01,3.695149999999999824e-01,9.450400000000000467e-02,2.275020000000000098e-01,1.751169999999999949e-01,2.336260000000000003e-01,2.912899999999999864e-02,-9.204600000000000282e-02,1.739900000000000127e-02,2.543409999999999838e-01,4.064099999999999657e-02,-1.484590000000000076e-01,2.668380000000000196e-01,5.811600000000000099e-02,2.312849999999999906e-01,1.523289999999999922e-01,1.894579999999999875e-01,1.008129999999999998e-01,1.753659999999999941e-01,3.968709999999999738e-01,2.877779999999999783e-01,3.189879999999999938e-01,2.391069999999999862e-01,5.348399999999999682e-02,2.465910000000000046e-01,-1.062649999999999983e-01,2.787709999999999910e-01,1.530849999999999989e-01,1.097410000000000052e-01,6.054999999999999619e-03,8.823599999999999499e-02,1.534639999999999893e-01,1.103839999999999960e-01,-8.925400000000000000e-02,6.114499999999999796e-02,6.154799999999999854e-02,-2.903810000000000002e-01,2.077019999999999977e-01,1.500380000000000047e-01,5.695740000000000247e-01,3.126199999999999812e-02,1.510100000000000053e-01,5.019869999999999610e-01,2.866750000000000131e-01,1.349770000000000136e-01,2.190850000000000020e-01,1.415780000000000094e-01,2.813600000000000129e-02,3.396739999999999760e-01,5.727399999999999852e-02,1.269639999999999935e-01,1.030480000000000007e-01,1.712999999999999896e-03,-1.724099999999999938e-02,2.567300000000000137e-02,1.249299999999999994e-01,-1.182750000000000051e-01,3.730550000000000255e-01,-3.730800000000000088e-02,3.824290000000000189e-01,-1.084800000000000000e-02,2.965829999999999855e-01,7.054900000000000060e-02,1.177249999999999963e-01
3.107070000000000110e-01,3.217599999999999905e-01,3.224380000000000024e-01,2.125219999999999887e-01,9.865500000000000658e-02,5.617440000000000211e-01,5.019599999999999757e-02,1.000000000000000000e+00,5.003659999999999775e-01,3.927910000000000013e-01,2.622689999999999744e-01,6.668239999999999723e-01,5.494660000000000100e-01,7.676999999999999796e-03,2.544870000000000188e-01,3.235299999999999981e-02,3.774190000000000045e-01,1.554550000000000098e-01,1.593330000000000024e-01,2.542249999999999788e-01,3.259810000000000207e-01,-4.821999999999999897e-02,3.647449999999999859e-01,7.112840000000000273e-01,-4.319200000000000123e-02,6.590989999999999904e-01,-3.565450000000000008e-01,3.612890000000000268e-01,-2.409360000000000113e-01,2.073260000000000103e-01,1.807709999999999873e-01,2.507690000000000197e-01,3.669009999999999772e-01,2.465130000000000099e-01,-1.529699999999999983e-02,1.981670000000000098e-01,3.361859999999999848e-01,2.304940000000000044e-01,1.115639999999999965e-01,3.540189999999999726e-01,-3.771499999999999853e-02,-1.051949999999999968e-01,-3.661299999999999971e-02,-2.035700000000000010e-02,9.194599999999999995e-02,1.191080000000000055e-01,-1.919150000000000023e-01,4.841730000000000200e-01,-3.827599999999999753e-02,-2.897699999999999929e-02,2.902179999999999760e-01,-1.580050000000000066e-01,6.467840000000000256e-01,5.239239999999999453e-01,3.295770000000000088e-01,4.949049999999999838e-01,6.204279999999999795e-01,3.643250000000000099e-01,-3.795699999999999769e-02,1.824479999999999991e-01,-1.512969999999999871e-01,3.145350000000000090e-01,9.272299999999999986e-02,3.668899999999999939e-01,1.786860000000000115e-01,2.179449999999999998e-01,2.337300000000000141e-02,3.293340000000000156e-01,5.890549999999999953e-01,-6.515600000000000558e-02,6.032739999999999769e-01,-2.743389999999999995e-01,2.265570000000000084e-01,-2.323350000000000137e-01,2.967310000000000225e-01,1.805599999999999913e-02
5.019360000000000488e-01,2.947719999999999785e-01,2.323850000000000082e-01,3.033699999999999938e-02,2.962300000000000003e-02,2.707729999999999859e-01,9.707899999999999863e-02,5.003659999999999775e-01,1.000000000000000000e+00,5.149230000000000196e-01,3.733560000000000212e-01,6.871540000000000425e-01,6.936440000000000383e-01,-1.714269999999999960e-01,2.245119999999999894e-01,1.901509999999999867e-01,4.318739999999999801e-01,2.069269999999999998e-01,3.868770000000000264e-01,4.317400000000000126e-01,4.559849999999999737e-01,2.596700000000000119e-01,1.763299999999999937e-02,6.466180000000000261e-01,5.612999999999999934e-02,6.146089999999999609e-01,-3.587790000000000146e-01,7.338050000000000406e-01,2.773499999999999924e-02,4.091980000000000062e-01,4.465759999999999730e-01,2.686689999999999912e-01,4.029499999999999749e-01,4.150619999999999865e-01,8.789800000000000391e-02,3.030379999999999741e-01,4.079130000000000256e-01,1.957490000000000063e-01,1.485120000000000051e-01,4.943009999999999904e-01,-4.469800000000000162e-02,-2.198469999999999869e-01,-1.904470000000000052e-01,-1.304210000000000091e-01,-6.772499999999999354e-02,3.949960000000000138e-01,-3.235430000000000250e-01,6.030379999999999630e-01,1.860719999999999874e-01,6.277900000000000147e-02,8.753900000000000570e-02,-7.789699999999999402e-02,4.305829999999999935e-01,7.562489999999999490e-01,3.830120000000000191e-01,6.740099999999999980e-01,6.093169999999999975e-01,6.030889999999999862e-01,4.901500000000000301e-02,3.839139999999999775e-01,4.157099999999999684e-02,3.276859999999999773e-01,2.984519999999999951e-01,6.405370000000000230e-01,4.913959999999999995e-01,3.629450000000000176e-01,3.439599999999999880e-01,6.067600000000000077e-02,5.369340000000000224e-01,3.578100000000000031e-02,6.483809999999999851e-01,-1.529449999999999976e-01,5.843620000000000481e-01,9.375500000000000500e-02,5.092020000000000435e-01,1.065080000000000054e-01
3.751970000000000027e-01,3.599930000000000074e-01,1.861430000000000029e-01,-2.146400000000000044e-02,1.370290000000000119e-01,3.055990000000000095e-01,3.917869999999999964e-01,3.927910000000000013e-01,5.149230000000000196e-01,1.000000000000000000e+00,2.496250000000000135e-01,6.383370000000000433e-01,6.354750000000000121e-01,9.823400000000000187e-02,2.491810000000000136e-01,1.455200000000000105e-01,4.665179999999999882e-01,2.942469999999999808e-01,9.292899999999999772e-02,2.049229999999999940e-01,3.158900000000000041e-01,1.927580000000000127e-01,1.247230000000000005e-01,3.741539999999999866e-01,2.157290000000000041e-01,4.532289999999999930e-01,-1.077820000000000028e-01,6.169620000000000104e-01,1.088709999999999956e-01,3.221019999999999994e-01,4.792969999999999731e-01,3.791570000000000218e-01,3.260589999999999877e-01,3.118110000000000048e-01,1.336559999999999970e-01,2.205259999999999998e-01,3.466739999999999822e-01,1.977849999999999886e-01,2.251920000000000033e-01,2.067960000000000076e-01,-1.040070000000000022e-01,-7.123599999999999377e-02,-6.370999999999999927e-03,-5.355599999999999944e-02,-8.025799999999999601e-02,7.521500000000000408e-02,-1.190670000000000062e-01,3.963789999999999814e-01,2.149659999999999904e-01,-5.607800000000000284e-02,6.020299999999999957e-02,8.484600000000000475e-02,3.460820000000000007e-01,4.321249999999999813e-01,6.145709999999999784e-01,4.124510000000000121e-01,5.728550000000000031e-01,2.936219999999999941e-01,2.757760000000000211e-01,3.173139999999999850e-01,1.994090000000000029e-01,2.410490000000000133e-01,3.132099999999999884e-01,4.653729999999999811e-01,3.079129999999999923e-01,2.164860000000000118e-01,2.289329999999999976e-01,1.452920000000000045e-01,2.733929999999999971e-01,2.092900000000000038e-01,3.418869999999999965e-01,3.993900000000000228e-02,3.354840000000000044e-01,1.492900000000000060e-01,2.961280000000000023e-01,1.115629999999999955e-01
1.562850000000000072e-01,3.183019999999999738e-01,5.957270000000000065e-01,1.491989999999999983e-01,4.632399999999999851e-01,1.428399999999999948e-01,2.497600000000000098e-01,2.622689999999999744e-01,3.733560000000000212e-01,2.496250000000000135e-01,1.000000000000000000e+00,2.090069999999999983e-01,2.319930000000000048e-01,1.445909999999999973e-01,5.256819999999999826e-01,3.341439999999999966e-01,1.332639999999999936e-01,3.511420000000000097e-01,4.588409999999999989e-01,2.462299999999999905e-02,1.585100000000000051e-02,3.015360000000000262e-01,4.024249999999999772e-01,8.883299999999999530e-02,3.654999999999999916e-01,4.088370000000000060e-01,1.564850000000000130e-01,1.691340000000000066e-01,-4.002399999999999708e-02,5.831100000000000172e-02,2.532949999999999924e-01,4.786670000000000091e-01,4.010020000000000251e-01,1.919929999999999970e-01,3.592620000000000258e-01,-2.117429999999999868e-01,8.940000000000000464e-04,1.002910000000000051e-01,3.849310000000000231e-01,3.331089999999999884e-01,2.803939999999999766e-01,1.344029999999999947e-01,-3.211379999999999790e-01,-3.126900000000000235e-01,-1.490999999999999921e-03,-1.091400000000000009e-02,9.693899999999999739e-02,1.906339999999999979e-01,-1.791550000000000087e-01,4.325899999999999884e-02,2.884680000000000022e-01,5.040160000000000196e-01,1.078299999999999953e-01,5.108869999999999800e-01,3.436350000000000238e-01,6.756010000000000071e-01,1.003700000000000009e-01,4.898919999999999941e-01,2.073280000000000123e-01,3.557179999999999787e-01,3.651449999999999974e-01,4.475300000000000111e-02,7.979999999999999897e-04,4.041859999999999897e-01,2.216359999999999997e-01,4.773299999999999765e-02,3.418019999999999947e-01,2.863950000000000107e-01,7.195999999999999619e-02,3.739830000000000099e-01,3.222309999999999897e-01,3.518910000000000093e-01,1.404310000000000003e-01,3.866180000000000172e-01,2.440180000000000127e-01,3.248130000000000184e-01
4.063359999999999750e-01,2.183670000000000055e-01,8.608899999999999886e-02,1.205920000000000047e-01,2.819199999999999831e-02,2.362670000000000048e-01,1.261450000000000071e-01,6.668239999999999723e-01,6.871540000000000425e-01,6.383370000000000433e-01,2.090069999999999983e-01,1.000000000000000000e+00,6.875750000000000473e-01,-1.593009999999999982e-01,8.580000000000000127e-02,-5.102899999999999797e-02,4.825499999999999790e-01,7.129199999999999426e-02,1.098869999999999986e-01,3.217539999999999845e-01,2.931250000000000244e-01,-4.385000000000000009e-03,-8.829599999999999949e-02,7.730059999999999709e-01,-1.780779999999999863e-01,6.608650000000000357e-01,-5.268159999999999510e-01,6.067799999999999860e-01,-2.771489999999999787e-01,3.320989999999999776e-01,3.685800000000000187e-01,2.058959999999999957e-01,3.673150000000000026e-01,3.408680000000000043e-01,9.045499999999999374e-02,2.834400000000000253e-01,4.890849999999999920e-01,2.595009999999999817e-01,5.507999999999999702e-02,3.583890000000000131e-01,-6.382100000000000273e-02,-1.740420000000000023e-01,-1.446280000000000066e-01,-7.784900000000000153e-02,-4.468500000000000250e-02,1.792239999999999944e-01,-4.822899999999999965e-01,4.453520000000000256e-01,1.062300000000000050e-01,-2.126959999999999962e-01,-2.865900000000000045e-02,-2.555379999999999874e-01,4.430780000000000274e-01,5.534970000000000168e-01,3.824540000000000162e-01,4.705400000000000138e-01,8.292559999999999931e-01,4.159180000000000099e-01,-9.785599999999999854e-02,2.245399999999999896e-01,-2.026000000000000023e-01,3.408399999999999763e-01,1.875489999999999935e-01,4.608269999999999866e-01,3.721510000000000096e-01,1.998699999999999921e-01,1.113460000000000005e-01,-5.592799999999999855e-02,6.268099999999999783e-01,-1.730260000000000131e-01,5.739030000000000520e-01,-3.859580000000000233e-01,4.038930000000000020e-01,-2.106260000000000077e-01,3.945560000000000178e-01,-2.008400000000000116e-02
4.946180000000000021e-01,5.174480000000000190e-01,1.532959999999999878e-01,2.395750000000000102e-01,1.702359999999999984e-01,5.551840000000000108e-01,3.857729999999999770e-01,5.494660000000000100e-01,6.936440000000000383e-01,6.354750000000000121e-01,2.319930000000000048e-01,6.875750000000000473e-01,1.000000000000000000e+00,-6.440999999999999504e-02,1.738290000000000113e-01,3.824040000000000217e-01,6.507020000000000026e-01,4.092990000000000239e-01,1.622250000000000081e-01,3.982330000000000036e-01,3.945949999999999736e-01,3.477580000000000116e-01,5.431799999999999823e-02,5.413580000000000059e-01,6.753699999999999981e-02,6.322060000000000457e-01,-2.336779999999999968e-01,7.216409999999999769e-01,1.706779999999999964e-01,4.185450000000000004e-01,4.361709999999999754e-01,4.243560000000000110e-01,4.383710000000000107e-01,4.420669999999999877e-01,4.893000000000000127e-02,4.254169999999999896e-01,5.034880000000000466e-01,1.740389999999999993e-01,2.760750000000000148e-01,4.143789999999999973e-01,-1.359199999999999992e-02,-2.395089999999999997e-01,-3.996000000000000246e-02,1.004500000000000011e-02,4.022300000000000181e-02,2.755360000000000031e-01,-2.033860000000000112e-01,4.764079999999999981e-01,-1.857200000000000170e-02,2.995799999999999852e-02,2.112159999999999871e-01,2.963100000000000109e-02,4.433810000000000251e-01,6.015829999999999789e-01,4.830530000000000102e-01,5.385379999999999612e-01,6.828509999999999858e-01,5.951750000000000096e-01,1.368899999999999978e-02,2.486819999999999864e-01,1.611660000000000037e-01,4.850740000000000052e-01,4.299850000000000061e-01,4.977469999999999950e-01,3.918170000000000264e-01,2.485489999999999922e-01,3.155519999999999992e-01,1.223090000000000011e-01,4.301690000000000236e-01,8.599199999999999899e-02,5.663789999999999658e-01,-5.447199999999999959e-02,5.373219999999999663e-01,1.229119999999999935e-01,4.363440000000000096e-01,1.453149999999999997e-01
-8.785199999999999954e-02,-3.513700000000000156e-02,1.996229999999999949e-01,2.814369999999999927e-01,3.655869999999999953e-01,1.124969999999999998e-01,3.695149999999999824e-01,7.676999999999999796e-03,-1.714269999999999960e-01,9.823400000000000187e-02,1.445909999999999973e-01,-1.593009999999999982e-01,-6.440999999999999504e-02,1.000000000000000000e+00,7.868700000000000694e-02,-1.897700000000000081e-02,-1.083859999999999962e-01,3.640000000000000115e-04,5.007099999999999745e-02,-3.926600000000000229e-02,-5.192100000000000187e-02,8.067100000000000659e-02,2.733280000000000154e-01,-2.297859999999999903e-01,1.724880000000000024e-01,-2.470209999999999906e-01,3.158580000000000276e-01,-6.894000000000000128e-02,1.778949999999999976e-01,3.695899999999999880e-02,1.292300000000000115e-01,2.516019999999999923e-01,-5.344900000000000345e-02,2.191099999999999992e-02,1.570090000000000097e-01,9.424299999999999344e-02,-5.103900000000000103e-02,-1.622260000000000091e-01,4.091480000000000117e-01,-1.429799999999999960e-01,1.885739999999999916e-01,2.981090000000000129e-01,2.878510000000000235e-01,1.181799999999999934e-01,-8.481000000000000691e-03,-1.164639999999999981e-01,2.557530000000000081e-01,1.006169999999999981e-01,-1.620399999999999896e-01,3.807900000000000174e-02,2.258419999999999872e-01,3.264460000000000139e-01,1.253019999999999967e-01,-1.019899999999999973e-01,2.473559999999999925e-01,1.543300000000000054e-02,-1.370560000000000112e-01,-1.031809999999999949e-01,3.285919999999999952e-01,1.109829999999999983e-01,3.110829999999999984e-01,9.270000000000000462e-03,8.611000000000000598e-02,-3.556499999999999939e-02,-1.007699999999999915e-02,3.825599999999999834e-02,6.534299999999999831e-02,3.328530000000000100e-01,-1.314170000000000060e-01,2.921009999999999995e-01,-1.959690000000000043e-01,3.232700000000000018e-01,-1.330490000000000006e-01,1.992599999999999927e-01,-3.139499999999999930e-02,3.031079999999999885e-01
1.193120000000000014e-01,2.020689999999999986e-01,5.467199999999999838e-01,1.250570000000000015e-01,3.232909999999999950e-01,3.191939999999999777e-01,9.450400000000000467e-02,2.544870000000000188e-01,2.245119999999999894e-01,2.491810000000000136e-01,5.256819999999999826e-01,8.580000000000000127e-02,1.738290000000000113e-01,7.868700000000000694e-02,1.000000000000000000e+00,3.386159999999999726e-01,2.331920000000000104e-01,3.553689999999999904e-01,3.085280000000000244e-01,4.535549999999999859e-01,3.102440000000000198e-01,4.764070000000000249e-01,6.570120000000000404e-01,7.767100000000000393e-02,4.098649999999999793e-01,2.765360000000000040e-01,3.913260000000000072e-01,2.495479999999999920e-01,3.287849999999999939e-01,7.259200000000000375e-02,3.903570000000000095e-01,4.053149999999999809e-01,2.477759999999999962e-01,6.337999999999999884e-03,2.243169999999999886e-01,-1.125600000000000038e-02,-4.180600000000000288e-02,1.586760000000000115e-01,4.173720000000000208e-01,1.517469999999999930e-01,9.583999999999999464e-02,1.604279999999999873e-01,-1.319520000000000137e-01,-8.597599999999999687e-02,2.692299999999999902e-02,1.270070000000000088e-01,4.625500000000000167e-01,4.407769999999999744e-01,-2.055699999999999888e-02,1.232759999999999967e-01,4.619770000000000265e-01,3.869909999999999739e-01,2.644279999999999964e-01,5.701319999999999721e-01,3.822160000000000002e-01,5.525640000000000551e-01,6.913099999999999801e-02,3.405850000000000266e-01,1.156319999999999987e-01,7.305500000000000327e-01,4.838830000000000076e-01,2.675390000000000268e-01,2.942119999999999735e-01,4.437159999999999993e-01,4.581910000000000149e-01,2.597860000000000169e-01,5.893859999999999655e-01,5.850499999999999590e-01,2.164810000000000068e-01,4.236880000000000090e-01,3.880250000000000088e-01,4.424589999999999912e-01,2.505720000000000169e-01,4.082219999999999738e-01,2.332480000000000109e-01,4.832629999999999981e-01
2.582099999999999951e-01,6.097409999999999775e-01,4.231269999999999754e-01,2.554330000000000211e-01,3.106260000000000132e-01,4.685960000000000125e-01,2.275020000000000098e-01,3.235299999999999981e-02,1.901509999999999867e-01,1.455200000000000105e-01,3.341439999999999966e-01,-5.102899999999999797e-02,3.824040000000000217e-01,-1.897700000000000081e-02,3.386159999999999726e-01,1.000000000000000000e+00,4.395850000000000035e-01,7.236829999999999652e-01,3.585249999999999826e-01,1.856200000000000072e-01,9.935800000000000187e-02,7.171680000000000277e-01,3.796080000000000010e-01,-1.434509999999999952e-01,5.419300000000000228e-01,4.106899999999999995e-01,3.755490000000000217e-01,1.975089999999999901e-01,4.486950000000000105e-01,2.062399999999999997e-02,2.712430000000000119e-01,5.628779999999999895e-01,3.940040000000000209e-01,2.315119999999999956e-01,1.186070000000000041e-01,5.354699999999999738e-02,1.559879999999999878e-01,-2.329600000000000073e-02,3.754799999999999804e-01,3.870089999999999919e-01,2.963899999999999868e-01,1.067099999999999993e-01,-7.515700000000000158e-02,-4.191199999999999787e-02,1.802610000000000046e-01,1.067850000000000049e-01,3.671710000000000251e-01,1.700530000000000097e-01,-1.723040000000000127e-01,2.058260000000000089e-01,5.420129999999999670e-01,4.297099999999999809e-01,9.243099999999999927e-02,3.881499999999999950e-01,2.369040000000000035e-01,2.985689999999999733e-01,3.242400000000000143e-02,4.550420000000000020e-01,1.276359999999999995e-01,2.274430000000000063e-01,6.278129999999999544e-01,3.120970000000000133e-01,4.182290000000000174e-01,2.587139999999999995e-01,3.391049999999999898e-01,-1.693800000000000167e-02,5.823500000000000343e-01,3.701229999999999798e-01,-2.819500000000000131e-02,4.765599999999999836e-01,3.053549999999999875e-01,5.267039999999999500e-01,3.401330000000000187e-01,6.059059999999999446e-01,2.126840000000000119e-01,4.422920000000000185e-01
3.436919999999999975e-01,2.582820000000000116e-01,1.431830000000000047e-01,3.029000000000000026e-01,1.261609999999999954e-01,3.551949999999999830e-01,1.751169999999999949e-01,3.774190000000000045e-01,4.318739999999999801e-01,4.665179999999999882e-01,1.332639999999999936e-01,4.825499999999999790e-01,6.507020000000000026e-01,-1.083859999999999962e-01,2.331920000000000104e-01,4.395850000000000035e-01,1.000000000000000000e+00,4.554630000000000067e-01,1.137279999999999958e-01,4.340579999999999994e-01,3.412290000000000045e-01,3.044169999999999932e-01,2.551399999999999849e-02,4.000540000000000207e-01,-2.055799999999999988e-02,5.700180000000000247e-01,-1.452779999999999905e-01,5.206250000000000044e-01,1.584280000000000133e-01,1.278640000000000054e-01,3.548649999999999860e-01,3.558330000000000104e-01,3.417310000000000070e-01,2.138619999999999965e-01,-2.347199999999999981e-02,3.906519999999999992e-01,3.626539999999999764e-01,1.609220000000000095e-01,2.528349999999999764e-01,2.697749999999999870e-01,4.935599999999999710e-02,-4.606600000000000278e-02,1.222680000000000017e-01,1.291180000000000105e-01,-3.028199999999999989e-02,1.979869999999999963e-01,-8.662999999999999867e-02,3.700300000000000256e-01,-2.429999999999999977e-04,-7.148300000000000487e-02,1.415659999999999974e-01,-1.176220000000000043e-01,2.716270000000000073e-01,4.906260000000000066e-01,3.074200000000000266e-01,2.772080000000000100e-01,5.447509999999999852e-01,3.980210000000000137e-01,-6.297999999999999432e-02,2.735779999999999879e-01,1.346610000000000029e-01,6.001060000000000283e-01,5.800530000000000408e-01,3.657969999999999833e-01,4.032760000000000233e-01,2.150620000000000032e-01,3.713049999999999962e-01,2.283299999999999913e-02,4.252839999999999954e-01,-4.398699999999999832e-02,4.814180000000000126e-01,-1.116380000000000011e-01,4.994259999999999811e-01,7.379800000000000249e-02,2.215650000000000119e-01,2.887399999999999967e-01
1.225360000000000060e-01,6.974920000000000009e-01,4.594920000000000115e-01,2.068579999999999863e-01,2.932679999999999731e-01,6.323440000000000172e-01,2.336260000000000003e-01,1.554550000000000098e-01,2.069269999999999998e-01,2.942469999999999808e-01,3.511420000000000097e-01,7.129199999999999426e-02,4.092990000000000239e-01,3.640000000000000115e-04,3.553689999999999904e-01,7.236829999999999652e-01,4.554630000000000067e-01,1.000000000000000000e+00,4.608530000000000126e-01,1.628400000000000125e-01,3.592100000000000154e-02,5.794160000000000421e-01,4.258310000000000151e-01,-7.527699999999999669e-02,6.260510000000000241e-01,3.544010000000000216e-01,3.421489999999999809e-01,1.993099999999999872e-01,3.521190000000000153e-01,-5.040000000000000036e-02,1.266839999999999911e-01,4.307460000000000178e-01,2.518000000000000238e-01,7.165799999999999947e-02,-2.299199999999999855e-02,6.106400000000000022e-02,2.300270000000000092e-01,7.249999999999999500e-04,3.308349999999999902e-01,2.978520000000000056e-01,2.461800000000000099e-01,1.210890000000000022e-01,-3.911499999999999699e-02,-1.306000000000000043e-02,1.513699999999999941e-02,3.715999999999999859e-02,3.853670000000000151e-01,3.405839999999999979e-01,-2.232899999999999885e-01,3.185879999999999823e-01,6.399709999999999566e-01,3.781129999999999769e-01,1.733429999999999971e-01,4.340669999999999806e-01,4.024809999999999777e-01,3.395850000000000257e-01,2.556390000000000051e-01,4.142589999999999884e-01,4.701299999999999923e-02,1.477700000000000125e-01,6.377059999999999951e-01,3.406529999999999836e-01,5.355140000000000455e-01,2.653519999999999768e-01,3.565530000000000088e-01,-1.740039999999999920e-01,4.786150000000000126e-01,4.357989999999999919e-01,-2.562299999999999994e-02,5.907109999999999861e-01,2.903519999999999990e-01,4.990740000000000176e-01,3.386719999999999731e-01,5.640920000000000378e-01,3.018399999999999972e-01,3.382120000000000126e-01
2.092459999999999876e-01,3.562839999999999896e-01,6.163239999999999830e-01,1.702510000000000134e-01,1.398000000000000076e-01,2.019420000000000104e-01,2.912899999999999864e-02,1.593330000000000024e-01,3.868770000000000264e-01,9.292899999999999772e-02,4.588409999999999989e-01,1.098869999999999986e-01,1.622250000000000081e-01,5.007099999999999745e-02,3.085280000000000244e-01,3.585249999999999826e-01,1.137279999999999958e-01,4.608530000000000126e-01,1.000000000000000000e+00,1.880719999999999892e-01,1.358860000000000068e-01,3.991339999999999888e-01,3.695860000000000256e-01,1.381680000000000130e-01,5.146049999999999791e-01,2.992340000000000000e-01,8.485600000000000087e-02,2.576010000000000244e-01,9.306799999999999795e-02,1.092739999999999961e-01,2.266509999999999914e-01,3.194670000000000010e-01,3.092630000000000101e-01,1.228080000000000005e-01,1.614200000000000079e-01,9.387500000000000011e-02,1.642230000000000079e-01,4.896400000000000058e-02,3.703029999999999933e-01,3.663790000000000102e-01,3.303030000000000133e-01,2.224049999999999916e-01,-1.598289999999999988e-01,-1.051359999999999933e-01,-1.312900000000000005e-02,2.904189999999999827e-01,1.269629999999999925e-01,4.040860000000000007e-01,-7.956199999999999384e-02,2.279509999999999870e-01,4.166219999999999923e-01,2.164169999999999983e-01,2.431220000000000048e-01,4.501220000000000221e-01,2.974939999999999807e-01,4.843259999999999788e-01,1.268559999999999965e-01,4.802569999999999895e-01,-2.719500000000000042e-02,2.584369999999999723e-01,4.380339999999999789e-01,1.337220000000000075e-01,2.648809999999999776e-01,5.142309999999999937e-01,4.434750000000000081e-01,7.967499999999999583e-02,4.708309999999999995e-01,3.221180000000000154e-01,2.062269999999999937e-01,4.396900000000000253e-01,3.747510000000000008e-01,3.136229999999999851e-01,3.908619999999999872e-01,4.544639999999999791e-01,4.758680000000000132e-01,4.312500000000000222e-01
3.032150000000000123e-01,-1.088889999999999997e-01,1.491689999999999960e-01,2.135009999999999963e-01,4.419900000000000218e-02,1.918870000000000020e-01,-9.204600000000000282e-02,2.542249999999999788e-01,4.317400000000000126e-01,2.049229999999999940e-01,2.462299999999999905e-02,3.217539999999999845e-01,3.982330000000000036e-01,-3.926600000000000229e-02,4.535549999999999859e-01,1.856200000000000072e-01,4.340579999999999994e-01,1.628400000000000125e-01,1.880719999999999892e-01,1.000000000000000000e+00,5.668830000000000258e-01,4.596189999999999998e-01,1.202779999999999960e-01,4.231980000000000186e-01,-7.569199999999999540e-02,2.079550000000000010e-01,3.200200000000000267e-02,6.558349999999999458e-01,4.718800000000000217e-01,4.563150000000000261e-01,5.973009999999999708e-01,2.521559999999999913e-01,1.315459999999999963e-01,1.532479999999999953e-01,3.324699999999999878e-02,4.586979999999999946e-01,2.961469999999999936e-01,1.031770000000000048e-01,3.353110000000000257e-01,2.241720000000000101e-01,-6.883400000000000629e-02,-4.718900000000000178e-02,1.322480000000000044e-01,1.841699999999999934e-02,-4.808400000000000174e-02,4.535279999999999867e-01,1.429670000000000107e-01,5.836700000000000221e-01,8.653299999999999881e-02,-5.065200000000000258e-02,1.343360000000000110e-01,-2.137660000000000116e-01,4.617499999999999938e-01,5.539929999999999577e-01,1.664930000000000021e-01,3.299170000000000158e-01,3.477990000000000248e-01,2.218100000000000072e-01,-1.445629999999999971e-01,6.109240000000000226e-01,1.772799999999999931e-01,5.434160000000000101e-01,5.434149999999999814e-01,5.675879999999999814e-01,6.760770000000000390e-01,4.908950000000000258e-01,6.290550000000000308e-01,1.375500000000000056e-01,5.257479999999999931e-01,-4.124799999999999994e-02,4.716230000000000144e-01,-1.076050000000000062e-01,5.491129999999999622e-01,7.851700000000000346e-02,4.834860000000000269e-01,4.628459999999999797e-01
