0.0,0.39982886097376874,0.0,0.0,0.0,0.31116371355507677,0.2770813353781453,0.5036371548539045,0.0,0.3511838577331063,0.0,0.34721819194024617,0.3164790275998441,0.0,0.3387753135919135,0.33974243306969737,0.3246441656775578,0.3068384497929654,0.0,0.4391648775451918,0.45873629217912687,0.40427369344283925,0.4727091389495186,0.39241083034805635,0.32659566729688433,0.3517905915626603,0.4402937037273473,0.0,0.38263417447912185,0.0,0.3770535798142701,0.4634617002229447,0.34774074771389574,0.39623605366408315,0.46972128426882953,0.0,0.0,0.40725861576880534,0.46768868394767593,0.3998821672756055,0.43883580261012334,0.5267575030337515,0.0,0.0,0.0,0.4256338873321982,0.4476312459669457,0.0,0.0,0.0,0.0,0.0,0.0,0.0,0.4361784398802888,0.0,0.0,0.0,0.0,0.4756909441794698,0.42786031211666914,0.3041566402180414,0.377729882347277,0.0,0.0,0.0,0.438754341285733,0.0,0.0,0.4014089713380587,0.4507063919726074,0.0,0.0,0.0,0.0,0.39036929069396753
0.39982886097376874,0.0,0.32043337828668816,0.0,0.3844476272528929,0.40223106923608126,0.39512784569776405,0.42514450787717883,0.3712652005669063,0.2528361483870157,0.0,0.22214698936528027,0.4230873475628041,0.0,0.39719995131080893,0.35562913151303716,0.3003770669153135,0.3349774156473943,0.0,0.40958390693293223,0.406385399985545,0.3824224895481459,0.40969676027469826,0.2925538301585205,0.3324337592595257,0.3846471299282867,0.4085967064203728,0.41835623660550764,0.397123546212561,0.0,0.38629748403781894,0.45014061788395676,0.34884714088948254,0.3840702828221543,0.44360412163706914,0.0,0.0,0.0,0.45854584438970364,0.41589661171576175,0.4465948535555854,0.48663685293173076,0.0,0.0,0.0,0.43233108080202737,0.45072429503702227,0.0,0.0,0.0,0.3384617573916056,0.0,0.0,0.0,0.0,0.0,0.0,0.0,0.0,0.46312814039425254,0.43240723419693866,0.2957396638660995,0.38145108662206345,0.0,0.42358825774127185,0.45472216225393985,0.46731403503382707,0.3956094025903348,0.0,0.38744075307091735,0.4606162739186501,0.4292629151577766,0.0,0.3774851599629108,0.0,0.42532000303522205
0.0,0.32043337828668816,0.0,0.3463533110434599,0.33315893537110325,0.34647867862629783,0.36319418391116853,0.42445306021582235,0.2898782611980237,0.29801365846261174,0.29078410417058187,0.24109696181725804,0.3681099068235487,0.41276363109580266,0.0,0.0,0.0,0.0,0.29575743689141154,0.0,0.0,0.3610887049205288,0.3430973317940834,0.0,0.23481568041536977,0.2482971129424873,0.31288317569227064,0.3853795806135762,0.29636311967484735,0.38686406712211735,0.38294694057914463,0.34712786579644006,0.0,0.374102698297502,0.4069749027293211,0.3618477289931783,0.3324548045980165,0.0,0.43266217721669925,0.0,0.40270136129323053,0.0,0.46136303596084344,0.0,0.0,0.0,0.0,0.37268607030055956,0.0,0.4278839428057697,0.522854042134537,0.37125829546720635,0.5185407860331528,0.5260188852153894,0.0,0.49795197407588443,0.0,0.40694836027280257,0.4913672290189852,0.0,0.0,0.0,0.0,0.22621224426042816,0.0,0.0,0.0,0.5345909619325999,0.0,0.0,0.0,0.47817019711734193,0.36674478154990015,0.3515796598708056,0.0,0.39698172126111814
0.0,0.0,0.3463533110434599,0.0,0.2420515646258326,0.37856461742301684,0.2665483777781975,0.3290120596847916,0.33968573338357017,0.0,0.3308192496335497,0.0,0.2565877214132194,0.2223500165906202,0.0,0.0,0.0,0.0,0.29904382560309883,0.0,0.0,0.0,0.3924119281954992,0.0,0.0,0.0,0.3956559559213489,0.2445571535148432,0.0,0.0,0.30802431745651265,0.2944327072982411,0.0,0.24930206884363892,0.2495299714831468,0.16928913516003272,0.1871522220261594,0.0,0.0,0.0,0.0,0.0,0.0,0.0,0.0,0.0,0.0,0.0,0.0,0.0,0.0,0.0,0.0,0.0,0.0,0.0,0.0,0.0,0.0,0.0,0.0,0.0,0.0,0.0,0.0,0.0,0.0,0.2908773687705266,0.0,0.0,0.0,0.0,0.0,0.0,0.0,0.0
0.0,0.3844476272528929,0.33315893537110325,0.2420515646258326,0.0,0.38482481343112646,0.35133383635947557,0.41350743456777017,0.34246677557860405,0.3106950858658559,0.32212503859968206,0.33738213575090154,0.3678201390429337,0.24330246561465246,0.0,0.36998604377965716,0.0,0.3100409179346339,0.3413268902176784,0.41423037411336466,0.0,0.42289400022119505,0.3801220194200346,0.0,0.3378209310196165,0.3422546439864132,0.3828205840380193,0.3677947095484406,0.3885659206427845,0.0,0.4065563240872214,0.3817331620637971,0.0,0.4037930421619341,0.3985690391467596,0.19268518842954918,0.30149654908854706,0.0,0.3674437327589681,0.0,0.3602118836276393,0.0,0.3249422607069138,0.0,0.0,0.0,0.0,0.38710952563048645,0.0,0.3483871140408256,0.4336359765786725,0.31911267834972057,0.47053226664666414,0.4225663045754416,0.0,0.0,0.0,0.2910906134110168,0.3545695931482432,0.0,0.0,0.0,0.0,0.0,0.0,0.0,0.0,0.4806974380523921,0.0,0.0,0.0,0.4151257485412848,0.29061161376816635,0.3264793315837643,0.0,0.3341065272833776
0.31116371355507677,0.40223106923608126,0.34647867862629783,0.37856461742301684,0.38482481343112646,0.0,0.39157235563957765,0.4039198729992675,0.333192203440161,0.39740161204874325,0.34772515902755996,0.2880177912590329,0.349440361289436,0.4278908325853984,0.3856351557116214,0.3880032800769033,0.21353884117442828,0.3249776540725384,0.30019614032737457,0.37737507523326125,0.4017033243484021,0.3975321797543721,0.39050420304714295,0.0,0.3738516073243797,0.39013991458108616,0.348617575590347,0.33573283106459706,0.3049576805964142,0.40243600213625697,0.39853949300061914,0.4250233623205673,0.3649485884257748,0.41250727539048315,0.4416513197539548,0.3800181747784998,0.4008528508335862,0.0,0.4776629807607967,0.3122563614190488,0.4815076282187346,0.0,0.3807958797268007,0.0,0.0,0.29892768014789733,0.29514106206993374,0.5116551274279049,0.0,0.3963294444603931,0.48866011563193357,0.38548174776425204,0.49153050105784635,0.5038804607164366,0.0,0.40678365412382783,0.0,0.3967525104840546,0.4378886162313374,0.42534672046702404,0.242872645124089,0.0,0.2518402304502368,0.4946387935802371,0.43892079918550503,0.3841758196106214,0.43908163408697615,0.49776985761834125,0.0,0.22938408782947461,0.3345625195096258,0.491036525293272,0.47519668188356257,0.4632695790105797,0.0,0.4819519102541379
0.2770813353781453,0.39512784569776405,0.36319418391116853,0.2665483777781975,0.35133383635947557,0.39157235563957765,0.0,0.43413516270820945,0.3702419754321891,0.34673900314863826,0.37707733565879936,0.3598295705688962,0.3310181025417627,0.3013486430803646,0.0,0.375628002717272,0.35837345015086974,0.34663852616652585,0.3699601085340626,0.40680591491328283,0.3787545195966262,0.42989404282792315,0.40056280408377787,0.39590747292602424,0.3726194306154006,0.37296314588069107,0.4077234720368982,0.3480286615289241,0.39782748861377687,0.4078056379458312,0.3865846118761684,0.3786384784347023,0.0,0.3986973889403505,0.3989777082283847,0.2541148995974422,0.29775934479188476,0.3482236092635502,0.3471742739819011,0.0,0.3520192264537123,0.0,0.3044247557787835,0.0,0.0,0.0,0.0,0.33554832721887173,0.0,0.0,0.3876157869272524,0.31893365139131863,0.42200820271642164,0.3449365278374664,0.0,0.0,0.0,0.0,0.0,0.0,0.0,0.0,0.0,0.0,0.31291918732443536,0.0,0.3048926263852517,0.48203089191453924,0.0,0.0,0.26094632298520415,0.43228356170793775,0.30083692480625696,0.3314763363286047,0.0,0.315883983223424
0.5036371548539045,0.42514450787717883,0.42445306021582235,0.3290120596847916,0.41350743456777017,0.4039198729992675,0.43413516270820945,0.0,0.4360057007469865,0.0,0.3213373553407668,0.0,0.44957221482144644,0.3437459222154933,0.3643340621049362,0.3998027683577999,0.0,0.4073905184923997,0.43514951034839855,0.3890096202097477,0.39500639643224783,0.39977156907476813,0.33570887072914657,0.4860846755411178,0.4322813482752822,0.464662121890463,0.42349705076100014,0.454407331723275,0.396088984888803,0.45959720157992107,0.4562227286510543,0.44817697832906095,0.42005223299773653,0.4733561630576678,0.48849412799809044,0.273636881058123,0.44636402585329277,0.0,0.48202702672593106,0.0,0.5169929638651471,0.0,0.40369888675026244,0.0,0.0,0.0,0.0,0.4901581914014207,0.0,0.42704644367294164,0.45468844605622466,0.4433532935479122,0.4432214069050828,0.482703987453434,0.0,0.4017875588081624,0.0,0.4382382572342803,0.4438286909076249,0.46164384462657454,0.4002020761394122,0.0,0.31741175167026403,0.45391597617428997,0.47787629984512375,0.0,0.516060912169165,0.46893561567149256,0.0,0.305255355858186,0.39115362947767723,0.46933562444363564,0.47330857541403487,0.4575829754601394,0.0,0.5195980755944131
0.0,0.3712652005669063,0.2898782611980237,0.33968573338357017,0.34246677557860405,0.333192203440161,0.3702419754321891,0.4360057007469865,0.0,0.3332924956612506,0.30814486245370254,0.24605292866186768,0.33906438849204684,0.4211146521925392,0.0,0.3323338968148542,0.0,0.0,0.2951863676511877,0.38617352860161214,0.0,0.37594328336320965,0.38157806928371496,0.2820268499773096,0.25293419449618115,0.24988754846417424,0.3265681286016956,0.3941624411977872,0.33556417679889655,0.38942654004010285,0.40671121089186263,0.3740745020888666,0.0,0.40046911436939026,0.381699358477668,0.3529807438086546,0.331641264322335,0.20774030693237805,0.4274790550889901,0.0,0.3223208284632374,0.0,0.45728384627958146,0.0,0.0,0.0,0.0,0.5133055280885089,0.0,0.40624876881422906,0.5032917504786766,0.3407056935115111,0.517846006676558,0.47042796771267953,0.0,0.4723628605080236,0.0,0.3339005548346267,0.47844979829688167,0.0,0.0,0.0,0.0,0.46593987727646563,0.0,0.0,0.0,0.523771383155704,0.0,0.0,0.0,0.5128117164962483,0.3164049759765257,0.34257952489744464,0.0,0.3409353262272249
0.3511838577331063,0.2528361483870157,0.29801365846261174,0.0,0.3106950858658559,0.39740161204874325,0.34673900314863826,0.0,0.3332924956612506,0.0,0.3469513120726883,0.2959425848354921,0.40143040298097704,0.32583272368618,0.0,0.2876330428080993,0.335741081673414,0.3285826586086671,0.3351767050564115,0.0,0.0,0.3041168698005074,0.39828324342759897,0.30348605273599666,0.33616223935782263,0.3197188611360934,0.3759616171298307,0.35792828019737544,0.30691154524391917,0.0,0.31358594918870963,0.3425378142255126,0.31990786619102685,0.31481066248381073,0.3096221572912981,0.30512344126973984,0.2636098253685025,0.2728201216954715,0.4079233153950116,0.33630293464235583,0.36727940019607025,0.4374740675602397,0.0,0.0,0.0,0.0,0.0,0.0,0.0,0.0,0.0,0.0,0.0,0.0,0.4196128912582477,0.0,0.421285536178632,0.0,0.0,0.0,0.0,0.34880067364513806,0.29956886748210565,0.0,0.0,0.0,0.0,0.0,0.40346951027167177,0.36732902116308086,0.3964529509737106,0.0,0.0,0.0,0.0,0.4009233831233162
0.0,0.0,0.29078410417058187,0.3308192496335497,0.32212503859968206,0.34772515902755996,0.37707733565879936,0.3213373553407668,0.30814486245370254,0.3469513120726883,0.0,0.31683296040268266,0.3680333980169399,0.2459487404410529,0.0,0.0,0.30321130751747405,0.0,0.243315713912431,0.0,0.0,0.0,0.19271422150119358,0.3143141142105897,0.29891853226693965,0.24181587258469492,0.3215571144359881,0.37151257087842277,0.2769838779899996,0.0,0.39869925791075367,0.3526989979180192,0.0,0.3812419333435565,0.38551858066132494,0.2654005881962204,0.3218885312031492,0.28846258474550246,0.4090212694115517,0.0,0.0,0.0,0.33940790688905303,0.0,0.0,0.0,0.0,0.4821837909388197,0.0,0.40192035814933647,0.4300408529320556,0.39680626223633264,0.46338039049723667,0.48467803662405096,0.0,0.2700680651149392,0.0,0.0,0.0,0.0,0.0,0.0,0.0,0.42742633699877225,0.0,0.0,0.0,0.4585979424274049,0.0,0.0,0.0,0.44507620020899274,0.32753608210405105,0.3528568042183956,0.0,0.29826731788641664
0.34721819194024617,0.22214698936528027,0.24109696181725804,0.0,0.33738213575090154,0.2880177912590329,0.3598295705688962,0.0,0.24605292866186768,0.2959425848354921,0.31683296040268266,0.0,0.40549737535188835,0.0,0.0,0.27541048097032705,0.35756735377494786,0.2383719978688119,0.2660323852018512,0.0,0.0,0.0,0.3239551953398307,0.2813592058627274,0.3363605528341044,0.2819497408682893,0.3206698144321518,0.3349725848924592,0.0,0.0,0.3390132895341871,0.2838046183314885,0.2789754547806103,0.3013020951042311,0.27251147258892505,0.31610584816871795,0.3108551097734386,0.23278312013929525,0.41182326068707986,0.33867890092544795,0.3779118933508599,0.0,0.0,0.0,0.32222868560772805,0.0,0.0,0.0,0.0,0.0,0.0,0.0,0.0,0.0,0.426104835871033,0.0,0.4311339445749141,0.0,0.0,0.0,0.0,0.30759804728065476,0.0,0.0,0.0,0.0,0.0,0.0,0.4343323713297961,0.3675659380434428,0.4041565189674361,0.0,0.0,0.0,0.0,0.38953990510216974
0.3164790275998441,0.4230873475628041,0.3681099068235487,0.2565877214132194,0.3678201390429337,0.349440361289436,0.3310181025417627,0.44957221482144644,0.33906438849204684,0.40143040298097704,0.3680333980169399,0.40549737535188835,0.0,0.40512192249795587,0.0,0.4269614736087263,0.37022382933649967,0.3517105202995974,0.3626000607860186,0.4086330961083687,0.43941297087128944,0.4401123113483622,0.41729633452556075,0.3771523702866749,0.3991256072130819,0.4121818947975062,0.4177853041393244,0.3403972777001748,0.3890083475995056,0.36848898768967525,0.3873067440860099,0.39736058348674846,0.34207088981885714,0.40708036037447176,0.4030497745142117,0.30785307016986846,0.36314582215609514,0.3393667118839857,0.5245958933722632,0.0,0.47380530428568995,0.0,0.3061559373675188,0.0,0.0,0.0,0.0,0.3659124211955364,0.0,0.3200602367235672,0.4204392095642944,0.304325668168584,0.4929862880939878,0.3087379936775736,0.0,0.0,0.0,0.2463833872796378,0.0,0.0,0.0,0.0,0.0,0.0,0.4334688107246252,0.0,0.0,0.49595396590601587,0.0,0.0,0.27555439795628817,0.4853571191305736,0.37303028392966275,0.44069918572351874,0.0,0.3716340970389495
0.0,0.0,0.41276363109580266,0.2223500165906202,0.24330246561465246,0.4278908325853984,0.3013486430803646,0.3437459222154933,0.4211146521925392,0.32583272368618,0.2459487404410529,0.0,0.40512192249795587,0.0,0.0,0.0,0.0,0.0,0.38665569614995,0.0,0.0,0.0,0.3784663103908843,0.0,0.0,0.0,0.4350353385725285,0.24682617728611225,0.3722558328301421,0.0,0.3988141699650598,0.23424912287189623,0.0,0.36872651729190853,0.0,0.18723662690793982,0.15261106265103677,0.0,0.0,0.0,0.0,0.0,0.3713487317591164,0.0,0.0,0.0,0.0,0.4444061763794677,0.0,0.35296805683633603,0.0,0.0,0.0,0.4327328524117761,0.0,0.37571594797502345,0.0,0.0,0.40974635383709745,0.0,0.0,0.0,0.0,0.0,0.0,0.0,0.0,0.4310132015413134,0.0,0.0,0.0,0.40386933794651825,0.0,0.0,0.0,0.0
0.3387753135919135,0.39719995131080893,0.0,0.0,0.0,0.3856351557116214,0.0,0.3643340621049362,0.0,0.0,0.0,0.0,0.0,0.0,0.0,0.39579200972063394,0.0,0.3735943925291697,0.0,0.2807989766439941,0.32151584790046395,0.33677336584580864,0.3337018512538489,0.3686769958575369,0.3727512555659513,0.3734826834045767,0.38150417946514387,0.0,0.39111008254057955,0.0,0.40222764828738156,0.4424711297838378,0.3718035592534851,0.41270327684091335,0.46409058798351593,0.0,0.0,0.0,0.5096029489379329,0.4880693997759573,0.5215704039444309,0.531459861726236,0.0,0.0,0.0,0.5700384273854708,0.49536806835782227,0.0,0.0,0.0,0.0,0.0,0.5268730890335661,0.0,0.0,0.0,0.0,0.0,0.0,0.39097623182146535,0.43800052119498933,0.0,0.27622715061000325,0.0,0.4503205467117129,0.4653675360599021,0.49421136620283046,0.45483989832841243,0.0,0.306778481683069,0.45372431911102934,0.45750390500198823,0.551065754146003,0.0,0.0,0.4746880636571997
0.33974243306969737,0.35562913151303716,0.0,0.0,0.36998604377965716,0.3880032800769033,0.375628002717272,0.3998027683577999,0.3323338968148542,0.2876330428080993,0.0,0.27541048097032705,0.4269614736087263,0.0,0.39579200972063394,0.0,0.3036311843444578,0.2847970905111849,0.0,0.3838025549413513,0.39100694308124684,0.351130219958207,0.41070666575027215,0.2879266481845904,0.3255953749354989,0.36376848870580425,0.4035826285285421,0.3823142917900398,0.3800146079680637,0.36731209415956845,0.32849887728490806,0.4442596847868961,0.345408092162233,0.35984375011253433,0.43832082846675674,0.0,0.0,0.0,0.4374264096673399,0.37531486145294934,0.40757272098578123,0.44563601376781947,0.0,0.0,0.0,0.3979607004077538,0.4198842018996201,0.0,0.0,0.0,0.0,0.0,0.0,0.0,0.30630855517996514,0.0,0.3029362295548399,0.0,0.0,0.448875797514091,0.4017717474047482,0.28079579609388927,0.34809530222445734,0.0,0.4249077597613395,0.403701984490431,0.45809539443484343,0.3100778328462927,0.346930026133856,0.37971089987676576,0.40819571497187945,0.37972678619868067,0.0,0.0,0.0,0.3860714351234002
0.3246441656775578,0.3003770669153135,0.0,0.0,0.0,0.21353884117442828,0.35837345015086974,0.0,0.0,0.335741081673414,0.30321130751747405,0.35756735377494786,0.37022382933649967,0.0,0.0,0.3036311843444578,0.0,0.3096006889450035,0.0,0.3062360966642728,0.0,0.33422682556211364,0.0,0.3009960489450453,0.3140133422721125,0.30353980514679224,0.24939506675650525,0.3773383076447067,0.27841113773093124,0.0,0.336688309985613,0.4305180428614526,0.3287034196252349,0.360025290370844,0.35443918529679475,0.0,0.0,0.3280911411175101,0.4125159954650842,0.3571100702140834,0.3694517989866094,0.0,0.0,0.0,0.0,0.3460867733464167,0.0,0.0,0.0,0.0,0.0,0.0,0.0,0.0,0.4280728090652841,0.0,0.41247732923714137,0.0,0.0,0.0,0.312960234142372,0.3369698467674648,0.3295356364483805,0.0,0.0,0.0,0.0,0.0,0.36521043812232795,0.39869127495607176,0.4072789833974674,0.0,0.0,0.0,0.0,0.36785710210303657
0.3068384497929654,0.3349774156473943,0.0,0.0,0.3100409179346339,0.3249776540725384,0.34663852616652585,0.4073905184923997,0.0,0.3285826586086671,0.0,0.2383719978688119,0.3517105202995974,0.0,0.3735943925291697,0.2847970905111849,0.3096006889450035,0.0,0.0,0.3693817291550322,0.37520905625673295,0.3483778161464268,0.3924957936387821,0.2905835934018999,0.29194189753212046,0.327163055661126,0.35098761980394305,0.3627479837373209,0.35916537573013607,0.0,0.3388800826744447,0.43137262488636124,0.326792247729781,0.3570141958876514,0.3396075449846452,0.0,0.0,0.27578972318552697,0.42051485684156736,0.36345687745841093,0.38585426919818105,0.4150021127236065,0.0,0.0,0.0,0.3444070682427536,0.38354115632173436,0.0,0.0,0.0,0.0,0.0,0.0,0.0,0.4080357023962975,0.0,0.3793822917529861,0.0,0.0,0.35578817621470304,0.3704218031652988,0.3422601723944205,0.3700582683673932,0.0,0.0,0.0,0.406188860462072,0.0,0.31165865994220565,0.38217448298415213,0.3907703616623599,0.0,0.0,0.23258282458138774,0.0,0.37064239967011525
0.0,0.0,0.29575743689141154,0.29904382560309883,0.3413268902176784,0.30019614032737457,0.3699601085340626,0.43514951034839855,0.2951863676511877,0.3351767050564115,0.243315713912431,0.2660323852018512,0.3626000607860186,0.38665569614995,0.0,0.0,0.0,0.0,0.0,0.0,0.0,0.0,0.31544415653505775,0.0,0.0,0.0,0.34328485288311,0.38984505315048446,0.29623514832727366,0.34071078081386125,0.3675702499857137,0.354249253675652,0.0,0.32943955104557016,0.37976294439785574,0.35577001820860377,0.3029761771768611,0.0,0.42291887980512277,0.0,0.3459705404257015,0.0,0.41190009078195466,0.0,0.0,0.0,0.0,0.49716474746000316,0.0,0.4275254320119064,0.4820003775852889,0.39588438058918757,0.5207341106633214,0.5059669358323721,0.0,0.4764451947192292,0.0,0.3350072338730865,0.4687103645272912,0.0,0.0,0.0,0.0,0.4715773609618674,0.0,0.0,0.0,0.5122126762244238,0.0,0.0,0.0,0.4897797020658705,0.30576648581897864,0.3982746194606577,0.0,0.36219461316916424
0.4391648775451918,0.40958390693293223,0.0,0.0,0.41423037411336466,0.37737507523326125,0.40680591491328283,0.3890096202097477,0.38617352860161214,0.0,0.0,0.0,0.4086330961083687,0.0,0.2807989766439941,0.3838025549413513,0.3062360966642728,0.3693817291550322,0.0,0.0,0.42374478582851144,0.3441921724211315,0.30359666210239195,0.3417504915753002,0.3788541954000214,0.4357859360449858,0.33799540503350317,0.3737425602718808,0.3115964494080118,0.3524099069499876,0.35950094764641477,0.4785239711411259,0.4499115541796922,0.4342738789924234,0.48127862694927026,0.5421873524656273,0.0,0.0,0.5255579595077443,0.46677468177691894,0.6040892571002718,0.5408812326368503,0.0,0.0,0.0,0.3664532219466578,0.46840170362267053,0.0,0.0,0.0,0.0,0.3122636103254798,0.49942009852391517,0.0,0.0,0.0,0.0,0.3756037601126745,0.0,0.4960347240637691,0.3076768714778471,0.0,0.24301499696132645,0.0,0.5102618930453193,0.47726404467305594,0.4957529149805436,0.494306830864838,0.0,0.24605822938399027,0.46772604955450553,0.5029174411875403,0.58213048380666,0.543704368493716,0.0,0.5196019138995865
0.45873629217912687,0.406385399985545,0.0,0.0,0.0,0.4017033243484021,0.3787545195966262,0.39500639643224783,0.0,0.0,0.0,0.0,0.43941297087128944,0.0,0.32151584790046395,0.39100694308124684,0.0,0.37520905625673295,0.0,0.42374478582851144,0.0,0.3972967118007176,0.3722961626466431,0.45914491170092353,0.37857510779464165,0.3914328792741242,0.41731872368645817,0.4639061340453045,0.4132266494826645,0.0,0.39637672626237835,0.4614496566351624,0.3825607725711074,0.4179057771959202,0.4856265643679912,0.0,0.0,0.0,0.5063275488145038,0.46564679671597564,0.5179073607336246,0.5551852189493015,0.0,0.0,0.0,0.47091894140163504,0.48504085730694435,0.0,0.0,0.0,0.0,0.0,0.3864200707910985,0.0,0.0,0.0,0.0,0.0,0.0,0.4708381698799847,0.4656950549993439,0.0,0.3256426225787599,0.0,0.4751904870817787,0.40486823464604943,0.49577644819093125,0.4304842436126332,0.0,0.34663386650975686,0.5102859610801816,0.45727933930941855,0.4654612821969796,0.47474000970087793,0.0,0.4254763180565499
0.40427369344283925,0.3824224895481459,0.3610887049205288,0.0,0.42289400022119505,0.3975321797543721,0.42989404282792315,0.39977156907476813,0.37594328336320965,0.3041168698005074,0.0,0.0,0.4401123113483622,0.0,0.33677336584580864,0.351130219958207,0.33422682556211364,0.3483778161464268,0.0,0.3441921724211315,0.3972967118007176,0.0,0.38806945349672495,0.31648116706333296,0.36459430403032356,0.40149978853747526,0.40517558566909107,0.4238882087423297,0.37761451112861133,0.40640525927441734,0.37227852443032433,0.4613448856577071,0.41572893873058825,0.4215487507047989,0.4805721963134515,0.48633175149343927,0.0,0.0,0.49646167415972037,0.46828680391434596,0.4939075622796636,0.5252794479876147,0.0,0.0,0.0,0.43080916584762274,0.48142063068549745,0.0,0.0,0.0,0.44307875154251325,0.0,0.0,0.0,0.0,0.0,0.0,0.0,0.0,0.4942149414544198,0.47078820628995777,0.30029490839285233,0.3413273600052465,0.0,0.475355496926556,0.4722231602083567,0.49297423319264155,0.4648382488814949,0.0,0.37718223677623214,0.4915631375284886,0.48380692941713704,0.0,0.481886829623103,0.0,0.46188574172755537
0.4727091389495186,0.40969676027469826,0.3430973317940834,0.3924119281954992,0.3801220194200346,0.39050420304714295,0.40056280408377787,0.33570887072914657,0.38157806928371496,0.39828324342759897,0.19271422150119358,0.3239551953398307,0.41729633452556075,0.3784663103908843,0.3337018512538489,0.41070666575027215,0.0,0.3924957936387821,0.31544415653505775,0.30359666210239195,0.3722961626466431,0.38806945349672495,0.0,0.45666192987453885,0.3888881517501344,0.426160160115173,0.3229147192389379,0.4251739682297907,0.3870658350988972,0.4228666270896468,0.4294124580907953,0.44249765251921497,0.40150942472312384,0.4557829008651361,0.4727101142434337,0.37060162675360625,0.41140977440559384,0.0,0.5099623799064636,0.485100303409241,0.5287275970012831,0.5354646404409802,0.4479106703473272,0.0,0.0,0.42778070847274996,0.42967570426146523,0.5303871500832744,0.0,0.4740211199190632,0.4974145457285698,0.49146246282040396,0.49069871128695214,0.5204528831323925,0.0,0.4728830550032359,0.0,0.4866021169913116,0.4843492184908795,0.4847815291451003,0.3156551468863959,0.0,0.2768657651424076,0.4922834255099583,0.495045305534635,0.44676160407198734,0.495941579727438,0.5067296407608851,0.0,0.24825843986698523,0.44402464538118713,0.5027759089182932,0.5025759067827971,0.4969318527310359,0.5293983011248955,0.5131218610858391
0.39241083034805635,0.2925538301585205,0.0,0.0,0.0,0.0,0.39590747292602424,0.4860846755411178,0.2820268499773096,0.30348605273599666,0.3143141142105897,0.2813592058627274,0.3771523702866749,0.0,0.3686769958575369,0.2879266481845904,0.3009960489450453,0.2905835934018999,0.0,0.3417504915753002,0.45914491170092353,0.31648116706333296,0.45666192987453885,0.0,0.3021468673623041,0.3099216815873027,0.31871911099985256,0.3217445844859279,0.0,0.0,0.3363903040112588,0.36371392948769093,0.25335251264662345,0.3058393492259876,0.3117847115948989,0.0,0.3013740108481643,0.25607593740656553,0.445176367420171,0.3332476806507772,0.3839756986637416,0.0,0.0,0.0,0.3540625587308317,0.4162307107197448,0.0,0.0,0.0,0.0,0.0,0.0,0.0,0.0,0.4334853482226857,0.0,0.41961519621001436,0.0,0.0,0.0,0.37699935216424835,0.3862424853449203,0.38301526231431554,0.0,0.0,0.0,0.0,0.0,0.4178645946553421,0.40785377423846797,0.41409423122094013,0.0,0.0,0.0,0.0,0.43479354803070114
0.32659566729688433,0.3324337592595257,0.23481568041536977,0.0,0.3378209310196165,0.3738516073243797,0.3726194306154006,0.4322813482752822,0.25293419449618115,0.33616223935782263,0.29891853226693965,0.3363605528341044,0.3991256072130819,0.0,0.3727512555659513,0.3255953749354989,0.3140133422721125,0.29194189753212046,0.0,0.3788541954000214,0.37857510779464165,0.36459430403032356,0.3888881517501344,0.3021468673623041,0.0,0.33132926361909193,0.37368760949547264,0.39270345769472875,0.37006886799091243,0.0,0.3535599709403371,0.42500524671791784,0.30637096807422304,0.3431633034669514,0.3566494678797567,0.0,0.0,0.3276740717093015,0.42636165953164196,0.3647720135956487,0.39573467497215636,0.43486835206164,0.0,0.0,0.0,0.38062144198469766,0.3989791256713386,0.0,0.0,0.0,0.0,0.0,0.0,0.0,0.43324328128623596,0.0,0.43038574886840125,0.0,0.0,0.0,0.3830642427761439,0.39461963505095926,0.3797561667993511,0.0,0.34526589542695457,0.0,0.3524801572820798,0.0,0.3948177001739361,0.38699482824160036,0.40741405955012516,0.0,0.0,0.2780972851511283,0.0,0.38937530226483547
0.3517905915626603,0.3846471299282867,0.2482971129424873,0.0,0.3422546439864132,0.39013991458108616,0.37296314588069107,0.464662121890463,0.24988754846417424,0.3197188611360934,0.24181587258469492,0.2819497408682893,0.4121818947975062,0.0,0.3734826834045767,0.36376848870580425,0.30353980514679224,0.327163055661126,0.0,0.4357859360449858,0.3914328792741242,0.40149978853747526,0.426160160115173,0.3099216815873027,0.33132926361909193,0.0,0.435415650707558,0.3859792507471052,0.3841721369006463,0.0,0.37575060826634915,0.4552780844262021,0.34951936922408816,0.385814297802706,0.4435653683303509,0.0,0.0,0.2858974268829046,0.46757234934638137,0.4037482517891735,0.44801531907579945,0.4907375846892551,0.0,0.0,0.0,0.43745457422081585,0.4775979228788391,0.0,0.0,0.0,0.3389067182969874,0.0,0.0,0.0,0.4360256497174637,0.0,0.42334763446595486,0.0,0.0,0.4866896963289015,0.4384424000551052,0.40418080376097376,0.3984265558340515,0.0,0.47265555689792343,0.49681223682577347,0.502026442740498,0.4846844324938224,0.4009934967838829,0.4114113018893327,0.43476868032216354,0.49212971329168237,0.0,0.34421555046426816,0.0,0.43597925850260805
0.4402937037273473,0.4085967064203728,0.31288317569227064,0.3956559559213489,0.3828205840380193,0.348617575590347,0.4077234720368982,0.42349705076100014,0.3265681286016956,0.3759616171298307,0.3215571144359881,0.3206698144321518,0.4177853041393244,0.4350353385725285,0.38150417946514387,0.4035826285285421,0.24939506675650525,0.35098761980394305,0.34328485288311,0.33799540503350317,0.41731872368645817,0.40517558566909107,0.3229147192389379,0.31871911099985256,0.37368760949547264,0.435415650707558,0.0,0.42337731050718247,0.3411276990426829,0.4203935163467186,0.4113227630050984,0.45823830218736417,0.44302009772283557,0.4485501424107807,0.47446599026871417,0.4193938500403263,0.4318270453722256,0.0,0.5284521965103539,0.43614930557442455,0.5540651617194763,0.5593026980991331,0.47757292240877747,0.3252178209359592,0.0,0.35572020276742766,0.41493251438540557,0.5196773807658251,0.0,0.39940439005457695,0.501996000826405,0.45570917110711856,0.5127291520594327,0.5164782588787064,0.0,0.47517231633222146,0.0,0.4632622709929276,0.4920829528122169,0.5015590938567418,0.273407929243499,0.0,0.0,0.4497599338793754,0.5161112014117792,0.4663388803546884,0.5423535523626526,0.5133808459420113,0.0,0.23879276383362755,0.48154123088159795,0.5090856327614864,0.5177725551099781,0.523073327408399,0.50747262364196,0.5461104263942469
0.0,0.41835623660550764,0.3853795806135762,0.2445571535148432,0.3677947095484406,0.33573283106459706,0.3480286615289241,0.454407331723275,0.3941624411977872,0.35792828019737544,0.37151257087842277,0.3349725848924592,0.3403972777001748,0.24682617728611225,0.0,0.3823142917900398,0.3773383076447067,0.3627479837373209,0.38984505315048446,0.3737425602718808,0.4639061340453045,0.4238882087423297,0.4251739682297907,0.3217445844859279,0.39270345769472875,0.3859792507471052,0.42337731050718247,0.0,0.3256642826552216,0.34354842616125536,0.38493596607036323,0.3805345272482845,0.3380401429149342,0.3898143693815015,0.36845616185717195,0.2246081816862886,0.2508349205520609,0.30869000665493707,0.5167627378607418,0.0,0.5709622536135759,0.0,0.0,0.0,0.0,0.0,0.0,0.3289600489010408,0.0,0.3091293240670714,0.4716949640718232,0.3030957194024182,0.5132235363421176,0.29451968070907697,0.0,0.0,0.39545332293327895,0.3556785697369594,0.0,0.46852159657346354,0.0,0.0,0.0,0.0,0.49632033464768305,0.0,0.0,0.49978691188555907,0.0,0.0,0.0,0.5001371694960937,0.5380517890465778,0.5028956048693431,0.0,0.50461612213834
0.38263417447912185,0.397123546212561,0.29636311967484735,0.0,0.3885659206427845,0.3049576805964142,0.39782748861377687,0.396088984888803,0.33556417679889655,0.30691154524391917,0.2769838779899996,0.0,0.3890083475995056,0.3722558328301421,0.39111008254057955,0.3800146079680637,0.27841113773093124,0.35916537573013607,0.29623514832727366,0.3115964494080118,0.4132266494826645,0.37761451112861133,0.3870658350988972,0.0,0.37006886799091243,0.3841721369006463,0.3411276990426829,0.3256642826552216,0.0,0.342689964583047,0.340784163083015,0.44439219539605035,0.3853082492119705,0.39969031896973395,0.44165835046854274,0.3961671572511366,0.3773277443267648,0.0,0.5010199067118076,0.35246722812189674,0.5833496943046704,0.4964349678380865,0.4523134056476898,0.0,0.0,0.3438570231729754,0.34913344601246016,0.35804029142703275,0.0,0.34532053669218354,0.4282806958122004,0.3045151234794548,0.44843924116354605,0.3114102201394154,0.0,0.0,0.0,0.34841099831599137,0.0,0.48009659813850103,0.2596967773118288,0.0,0.21881383704658997,0.0,0.5025440122111553,0.4451762454468607,0.5298036369882801,0.4791372596803883,0.0,0.22363451626303307,0.4214008482622889,0.4811751721961495,0.4880847832207299,0.48501997685844783,0.4648749064200791,0.5043100138713845
0.0,0.0,0.38686406712211735,0.0,0.0,0.40243600213625697,0.4078056379458312,0.45959720157992107,0.38942654004010285,0.0,0.0,0.0,0.36848898768967525,0.0,0.0,0.36731209415956845,0.0,0.0,0.34071078081386125,0.3524099069499876,0.0,0.40640525927441734,0.4228666270896468,0.0,0.0,0.0,0.4203935163467186,0.34354842616125536,0.342689964583047,0.0,0.3158535909152017,0.4515394506579833,0.0,0.38285715502969103,0.36748059975524866,0.0,0.0,0.0,0.0,0.0,0.0,0.0,0.0,0.0,0.0,0.0,0.0,0.0,0.0,0.0,0.4600975261714828,0.0,0.0,0.0,0.0,0.0,0.0,0.0,0.0,0.0,0.0,0.0,0.0,0.0,0.0,0.0,0.0,0.499022993554335,0.0,0.0,0.0,0.48981257122453103,0.40683056403457324,0.4669543035953515,0.0,0.0
0.3770535798142701,0.38629748403781894,0.38294694057914463,0.30802431745651265,0.4065563240872214,0.39853949300061914,0.3865846118761684,0.4562227286510543,0.40671121089186263,0.31358594918870963,0.39869925791075367,0.3390132895341871,0.3873067440860099,0.3988141699650598,0.40222764828738156,0.32849887728490806,0.336688309985613,0.3388800826744447,0.3675702499857137,0.35950094764641477,0.39637672626237835,0.37227852443032433,0.4294124580907953,0.3363903040112588,0.3535599709403371,0.37575060826634915,0.4113227630050984,0.38493596607036323,0.340784163083015,0.3158535909152017,0.0,0.41486739963354513,0.35371867338669716,0.3308272354999567,0.36912542962484696,0.3504622333702057,0.35365400775434436,0.31872378862439216,0.495337362077049,0.38737557651749877,0.43222523662231027,0.0,0.0,0.0,0.0,0.0,0.4414818660819589,0.0,0.0,0.0,0.48417490347970626,0.2952283215100462,0.5329454108393644,0.0,0.4010216525518861,0.0,0.40217024116988387,0.3367728484523824,0.0,0.4928567259277354,0.4228021569599578,0.3748838731725983,0.38201078600727933,0.0,0.5137168923805794,0.0,0.4789490373565262,0.5017056068704899,0.42027630108258607,0.39857057979695604,0.42564546889706617,0.5108649887643724,0.48506098785506163,0.5094566700187735,0.0,0.5085028238410207
0.4634617002229447,0.45014061788395676,0.34712786579644006,0.2944327072982411,0.3817331620637971,0.4250233623205673,0.3786384784347023,0.44817697832906095,0.3740745020888666,0.3425378142255126,0.3526989979180192,0.2838046183314885,0.39736058348674846,0.23424912287189623,0.4424711297838378,0.4442596847868961,0.4305180428614526,0.43137262488636124,0.354249253675652,0.4785239711411259,0.4614496566351624,0.4613448856577071,0.44249765251921497,0.36371392948769093,0.42500524671791784,0.4552780844262021,0.45823830218736417,0.3805345272482845,0.44439219539605035,0.4515394506579833,0.41486739963354513,0.0,0.3986675952754436,0.3846636344178129,0.4236317849806278,0.2889268866251625,0.3183377842692304,0.2719242118662084,0.4195606532020039,0.3930461926942476,0.48961802476382876,0.43003708301190224,0.3584944196559381,0.2583668360504095,0.29076095293232546,0.4936749782273971,0.4816817345137363,0.43630176477113075,0.0,0.3706368130638213,0.48845873216999514,0.4249410656679188,0.5094329550067909,0.27619895198850963,0.4475404584097926,0.0,0.4479066589872617,0.5307775756105395,0.0,0.5142148191991269,0.4845869953001398,0.40298951650530507,0.4474715744316935,0.0,0.519869630937524,0.506518963734131,0.511221384229699,0.5103262875365636,0.44132126820772066,0.44601827748855566,0.48358638565588163,0.5109052177898858,0.5399394060223903,0.5098107305592988,0.5244848192166895,0.5170279954212832
0.34774074771389574,0.34884714088948254,0.0,0.0,0.0,0.3649485884257748,0.0,0.42005223299773653,0.0,0.31990786619102685,0.0,0.2789754547806103,0.34207088981885714,0.0,0.3718035592534851,0.345408092162233,0.3287034196252349,0.326792247729781,0.0,0.4499115541796922,0.3825607725711074,0.41572893873058825,0.40150942472312384,0.25335251264662345,0.30637096807422304,0.34951936922408816,0.44302009772283557,0.3380401429149342,0.3853082492119705,0.0,0.35371867338669716,0.3986675952754436,0.0,0.2617754425085451,0.4228120253414637,0.2696366012225418,0.3092677189080193,0.23286192711967182,0.46835944596217605,0.3603431860972578,0.421617302583256,0.4976494442138796,0.0,0.0,0.2825979568876671,0.4265517673343808,0.44201652646584555,0.0,0.0,0.0,0.0,0.0,0.0,0.0,0.38835696960627303,0.0,0.3818104929895042,0.0,0.0,0.498383758995885,0.4184230303983948,0.3674279508665257,0.35060690762309493,0.0,0.47933248435991,0.4732938091013327,0.49042101104799146,0.46967223945238046,0.3685074033163508,0.3857751572665558,0.4157606108091627,0.4803321227385937,0.0,0.0,0.0,0.4131133700664261
0.39623605366408315,0.3840702828221543,0.374102698297502,0.24930206884363892,0.4037930421619341,0.41250727539048315,0.3986973889403505,0.4733561630576678,0.40046911436939026,0.31481066248381073,0.3812419333435565,0.3013020951042311,0.40708036037447176,0.36872651729190853,0.41270327684091335,0.35984375011253433,0.360025290370844,0.3570141958876514,0.32943955104557016,0.4342738789924234,0.4179057771959202,0.4215487507047989,0.4557829008651361,0.3058393492259876,0.3431633034669514,0.385814297802706,0.4485501424107807,0.3898143693815015,0.39969031896973395,0.38285715502969103,0.3308272354999567,0.3846636344178129,0.2617754425085451,0.0,0.30054521500830206,0.2960257097966103,0.2851892869495456,0.22575633402757697,0.49178468584904755,0.38419908502138705,0.4587898827007457,0.4940358003315747,0.0,0.0,0.0,0.42588372794215645,0.44945545212080135,0.0,0.0,0.0,0.4966845649893816,0.33997000661141313,0.518239514111182,0.0,0.404416260554203,0.0,0.3993349202949783,0.4353003635024244,0.0,0.5077593110935776,0.4350638858911464,0.3804335043730542,0.37941630146527683,0.0,0.5206056361477794,0.477745124477098,0.492122909010536,0.5246548544346893,0.3910304072887434,0.39769752824813254,0.429962246308774,0.5219847392752296,0.606824744272832,0.5273330017235394,0.0,0.4533026719265135
0.46972128426882953,0.44360412163706914,0.4069749027293211,0.2495299714831468,0.3985690391467596,0.4416513197539548,0.3989777082283847,0.48849412799809044,0.381699358477668,0.3096221572912981,0.38551858066132494,0.27251147258892505,0.4030497745142117,0.0,0.46409058798351593,0.43832082846675674,0.35443918529679475,0.3396075449846452,0.37976294439785574,0.48127862694927026,0.4856265643679912,0.4805721963134515,0.4727101142434337,0.3117847115948989,0.3566494678797567,0.4435653683303509,0.47446599026871417,0.36845616185717195,0.44165835046854274,0.36748059975524866,0.36912542962484696,0.4236317849806278,0.4228120253414637,0.30054521500830206,0.0,0.31543247442781897,0.3369581877560516,0.2614244560486697,0.3472271335007945,0.338172928977753,0.4739786433316504,0.42623550306693325,0.2644518559350345,0.26093455301164686,0.0,0.5504562169759213,0.4892072721237553,0.0,0.0,0.0,0.4446053198505358,0.37651180223012337,0.5624160062343079,0.0,0.41348214309794845,0.0,0.4422325288894571,0.39704116899298514,0.0,0.5332219838968197,0.4661606210303898,0.3666563774634524,0.3981478148856205,0.0,0.5510020749215323,0.5359897683668905,0.5225691345229025,0.5348791785914512,0.0,0.4045063842752169,0.4793941159708873,0.5360678954221011,0.5045512246890439,0.49670848352313135,0.0,0.4384543314460928
0.0,0.0,0.3618477289931783,0.16928913516003272,0.19268518842954918,0.3800181747784998,0.2541148995974422,0.273636881058123,0.3529807438086546,0.30512344126973984,0.2654005881962204,0.31610584816871795,0.30785307016986846,0.18723662690793982,0.0,0.0,0.0,0.0,0.35577001820860377,0.5421873524656273,0.0,0.48633175149343927,0.37060162675360625,0.0,0.0,0.0,0.4193938500403263,0.2246081816862886,0.3961671572511366,0.0,0.3504622333702057,0.2889268866251625,0.2696366012225418,0.2960257097966103,0.31543247442781897,0.0,0.1767799485975303,0.27375584976936884,0.23316962165161553,0.0,0.0,0.0,0.32701375059561405,0.0,0.0,0.0,0.0,0.4087296509379652,0.0,0.0,0.3538991534487021,0.33333753992995435,0.38612532049910303,0.0,0.0,0.4140513874687074,0.0,0.31529070045391994,0.4373176673034577,0.0,0.0,0.0,0.0,0.0,0.0,0.0,0.0,0.4336649306264302,0.0,0.0,0.0,0.4265116505169963,0.34996289176276224,0.0,0.0,0.0
0.0,0.0,0.3324548045980165,0.1871522220261594,0.30149654908854706,0.4008528508335862,0.29775934479188476,0.44636402585329277,0.331641264322335,0.2636098253685025,0.3218885312031492,0.3108551097734386,0.36314582215609514,0.15261106265103677,0.0,0.0,0.0,0.0,0.3029761771768611,0.0,0.0,0.0,0.41140977440559384,0.3013740108481643,0.0,0.0,0.4318270453722256,0.2508349205520609,0.3773277443267648,0.0,0.35365400775434436,0.3183377842692304,0.3092677189080193,0.2851892869495456,0.3369581877560516,0.1767799485975303,0.0,0.29350224743198483,0.26038398142686375,0.25369812020502763,0.0,0.31060058050506034,0.0,0.0,0.0,0.0,0.0,0.0,0.0,0.0,0.0,0.0,0.0,0.0,0.0,0.0,0.0,0.0,0.0,0.0,0.0,0.0,0.0,0.0,0.0,0.0,0.0,0.4142172019010342,0.0,0.0,0.0,0.357739371359287,0.42546971104102954,0.0,0.0,0.0
0.40725861576880534,0.0,0.0,0.0,0.0,0.0,0.3482236092635502,0.0,0.20774030693237805,0.2728201216954715,0.28846258474550246,0.23278312013929525,0.3393667118839857,0.0,0.0,0.0,0.3280911411175101,0.27578972318552697,0.0,0.0,0.0,0.0,0.0,0.25607593740656553,0.3276740717093015,0.2858974268829046,0.0,0.30869000665493707,0.0,0.0,0.31872378862439216,0.2719242118662084,0.23286192711967182,0.22575633402757697,0.2614244560486697,0.27375584976936884,0.29350224743198483,0.0,0.0,0.2649913695687969,0.3108312861949649,0.0,0.0,0.0,0.0,0.0,0.0,0.0,0.0,0.0,0.0,0.0,0.0,0.0,0.37618645734486833,0.0,0.32651840584466446,0.0,0.0,0.0,0.0,0.3449492903913245,0.0,0.0,0.0,0.0,0.0,0.0,0.2938061468287929,0.0,0.0,0.0,0.0,0.0,0.0,0.0
