0.0,0.42439980600122873,0.0,0.0,0.0,0.3746806399440026,0.0,0.5055995023217813,0.3215939973235212,0.38933219304651745,0.0,0.36230548168286403,0.34948376210847354,0.0,0.3825287660637097,0.39539933091793317,0.0,0.3881945781713073,0.0,0.43275250709102103,0.39768065258006374,0.41006430705395147,0.44903727419798867,0.35066128494351784,0.3901914261115233,0.3782825408313063,0.4132491298127113,0.3977593840820544,0.4224395284336773,0.0,0.3670108373542303,0.4059207224167231,0.3084759097814488,0.3566262976567679,0.44341756328565496,0.0,0.0,0.33947470510825567,0.4591365867421026,0.4456055707689989,0.4449096671245053,0.4974678771024188,0.0,0.0,0.0,0.4493123810366306,0.49445531969293205,0.0,0.0,0.0,0.3450986952506865,0.0,0.0,0.0,0.3967105816539242,0.0,0.0,0.0,0.0,0.46027355183488455,0.45791579586739733,0.0,0.44793177546545143,0.0,0.0,0.4587863836336409,0.47652059557786475,0.0,0.4942213384064026,0.47379151333765285,0.497095834314438,0.4642175837093586,0.0,0.0,0.0,0.41114250985658796
0.42439980600122873,0.0,0.3007035609310672,0.0,0.3425760541213101,0.38798668927460694,0.3828898795535964,0.4808177422408705,0.30952829794422965,0.2617516938120027,0.0,0.0,0.4198079871170375,0.0,0.4276849104212481,0.4053554502949379,0.3262975924554209,0.3959322730142803,0.0,0.41244788062352267,0.43237937795247905,0.4006793526816916,0.40975801641969695,0.0,0.38493333011167263,0.4125178563419174,0.4102042544656161,0.4261654988641539,0.4083785295124587,0.0,0.35935646720695846,0.4145868341969804,0.35350334365609115,0.3732060386921201,0.44666871980778033,0.0,0.0,0.0,0.46452793189821895,0.4687071992681542,0.4614952951426146,0.4887398025118428,0.0,0.0,0.0,0.4775509913980387,0.4809335537840045,0.0,0.0,0.0,0.3952599311030428,0.0,0.0,0.0,0.0,0.0,0.0,0.0,0.0,0.49926947200132005,0.4630002650300049,0.0,0.44998824493872347,0.0,0.4459784844920915,0.48945664731153293,0.48406366594463296,0.4550793021394381,0.0,0.4706866608425696,0.5048652126937105,0.46286821382149806,0.0,0.4387527164631441,0.0,0.4390145605146802
0.0,0.3007035609310672,0.0,0.3390227002864371,0.4153841673571762,0.3992679198757883,0.43825881067235883,0.4424332213102899,0.3650465462991196,0.369548985527552,0.35368579516021137,0.32056614456612914,0.437690077914213,0.3977942093692314,0.0,0.0,0.0,0.0,0.3212727269151311,0.0,0.32912801936949776,0.0,0.3267305052118717,0.0,0.23288136374433005,0.26076665334212057,0.3649715726076583,0.43895030786317607,0.32349221978981824,0.0,0.46700833205224596,0.39176642923512717,0.0,0.4605563962224638,0.4043648834547346,0.38379098478636975,0.4026846596728239,0.0,0.441094413174116,0.0,0.4174400189866579,0.3286928271506443,0.46131196510145067,0.23984143979081288,0.0,0.0,0.0,0.3574784317831923,0.0,0.41005888910763416,0.5278320989010661,0.46933531830264935,0.5295302577183317,0.5367121183778568,0.0,0.38352241622805094,0.0,0.44077820243692023,0.48575101506606194,0.0,0.0,0.0,0.0,0.3417925270649462,0.0,0.0,0.0,0.5533195222711097,0.0,0.0,0.0,0.5366042435733623,0.37227222625307055,0.3431414928240897,0.0,0.43093288565439924
0.0,0.0,0.3390227002864371,0.0,0.21027394748951536,0.3758448838811486,0.23443962150612485,0.34316383271855294,0.4088237366998837,0.16630354602717595,0.3475097309422991,0.2931614953005717,0.2704445581058313,0.23464169099699442,0.0,0.0,0.0,0.0,0.365193199213611,0.0,0.0,0.0,0.3823913976045814,0.0,0.0,0.0,0.36132221256004,0.2737872006340922,0.0,0.0,0.0,0.26674252757062533,0.0,0.2218849153506266,0.34284177217419054,0.18007619127115332,0.1380653839283095,0.2410395411402547,0.22687881498487855,0.0,0.0,0.2989008629336513,0.0,0.20851166974102836,0.0,0.0,0.0,0.0,0.0,0.0,0.0,0.0,0.0,0.0,0.0,0.0,0.0,0.0,0.0,0.0,0.0,0.0,0.0,0.0,0.0,0.0,0.0,0.31310645278905636,0.0,0.0,0.0,0.3075324407755634,0.0,0.0,0.0,0.0
0.0,0.3425760541213101,0.4153841673571762,0.21027394748951536,0.0,0.374091184249223,0.3320618872848226,0.3659957733779477,0.3371741446008763,0.3709098340966847,0.3276246510087897,0.36005256995980817,0.3583179868388908,0.2960858380715794,0.0,0.0,0.0,0.4098677291376922,0.39710456504734615,0.0,0.0,0.408682322963652,0.38902512800720845,0.0,0.30704386768597686,0.34030795552671783,0.4002022975222911,0.3784006322744975,0.0,0.0,0.4531129164932073,0.3485520938863883,0.3537589096267282,0.4461466420509822,0.41105792356402604,0.21349526281737688,0.30444182611506887,0.3552812938978459,0.39112463230391603,0.0,0.0,0.0,0.0,0.0,0.0,0.0,0.0,0.4895883893603484,0.0,0.0,0.441918945528318,0.0,0.0,0.4432494652079897,0.0,0.36593598688456114,0.0,0.3100865392179189,0.0,0.0,0.0,0.0,0.0,0.461070034571388,0.0,0.0,0.0,0.5265015861759917,0.0,0.0,0.0,0.44451037438626617,0.3045812386601648,0.0,0.0,0.0
0.3746806399440026,0.38798668927460694,0.3992679198757883,0.3758448838811486,0.374091184249223,0.0,0.4142333251444903,0.38345513190750397,0.34437428658904107,0.3574448018969494,0.42470081137612914,0.3002579950308688,0.37708647360242864,0.4023809592792204,0.3677135130097958,0.4135755155704108,0.22958741537023938,0.3993158443815691,0.432759068371892,0.38557867132206236,0.3586516487741809,0.4080834104589436,0.3831920111396157,0.33808657575256434,0.3816893193193115,0.38396904740771803,0.37446556681341275,0.3797663369757781,0.3457017396955504,0.39342687273316657,0.4333829307966207,0.3845907687108529,0.33871939300087706,0.429837194985627,0.4310531362782811,0.4057774427227835,0.4000045894262439,0.3058507351463998,0.4872405276440363,0.0,0.5201763470850876,0.40626785528526277,0.48378767601696776,0.2749486065001375,0.0,0.0,0.29956475823897916,0.5379155434957983,0.0,0.4092244345087159,0.48649708465660507,0.4674345249961813,0.45171586692625426,0.5366920620817317,0.0,0.47451723100493076,0.0,0.47126944679453225,0.4343449850108059,0.3969826990489297,0.23434150051001032,0.0,0.0,0.5341488631088682,0.41841564460419,0.3910140298124689,0.371659983038493,0.5072818440753845,0.0,0.0,0.3559613509227589,0.48844190803123616,0.47781311624434547,0.48260951177293465,0.44277230428257053,0.5020912650224504
0.0,0.3828898795535964,0.43825881067235883,0.23443962150612485,0.3320618872848226,0.4142333251444903,0.0,0.4413199485279011,0.41483156657160625,0.3320943920139735,0.4568115320871298,0.36037292234897994,0.3462651434808066,0.3545997542180141,0.0,0.4217515264323349,0.3790873542937744,0.4018735188531935,0.46434608664518573,0.4268801471154337,0.37504779553431805,0.4537094519755593,0.4186330580694169,0.0,0.38304014908207173,0.35791780893226405,0.4150185761012824,0.3775439388673531,0.43381161192994344,0.4419626515113584,0.41788126806355713,0.3824962772433944,0.3380040590030279,0.4178771160449111,0.3813406764393543,0.2801445292854797,0.2317706352784885,0.3461739605366889,0.37932105657764265,0.0,0.36010744936930517,0.39701732147034674,0.3813406130954441,0.0,0.0,0.0,0.0,0.43517529376913644,0.0,0.0,0.4413626385913693,0.3522157096546987,0.42721380531561737,0.4058560059284554,0.0,0.3896197091358805,0.0,0.31808138918715023,0.0,0.0,0.0,0.0,0.0,0.39442203655500807,0.31649964106885875,0.0,0.0,0.5175880558883605,0.0,0.0,0.0,0.47116032335314184,0.32540071981612306,0.3447900988574268,0.0,0.3305049056094387
0.5055995023217813,0.4808177422408705,0.4424332213102899,0.34316383271855294,0.3659957733779477,0.38345513190750397,0.4413199485279011,0.0,0.4708461648797833,0.0,0.23002909852996734,0.4036719481447134,0.43904583376518985,0.3097674521819547,0.0,0.46731258017049165,0.0,0.0,0.4499577426623962,0.36564383265436906,0.3930360255784781,0.4007512097272432,0.3585081328541234,0.5112735821495209,0.49893290796568773,0.49326724600062477,0.4202535510317825,0.42334117545029637,0.37992975046174116,0.41295832602459237,0.4489884045440983,0.3428835394053183,0.0,0.44732564197719693,0.4524632997560689,0.2877044658810809,0.3862464500307728,0.3528751439519351,0.4533506072113285,0.0,0.501516117903757,0.5471593544490563,0.3922064719948409,0.0,0.0,0.0,0.0,0.54041046926524,0.0,0.3272975136921475,0.4685757130203105,0.4758779414653644,0.39629300454492505,0.5464006891983165,0.0,0.4678259665220853,0.0,0.4920694073386502,0.461260721268023,0.44551753176116327,0.0,0.0,0.0,0.5269598121797705,0.4855271334828441,0.44669466709796735,0.0,0.48912698896739665,0.0,0.0,0.0,0.5030596906321593,0.4743381570728768,0.48981889088602804,0.0,0.5002273891620692
0.3215939973235212,0.30952829794422965,0.3650465462991196,0.4088237366998837,0.3371741446008763,0.34437428658904107,0.41483156657160625,0.4708461648797833,0.0,0.40562252747009586,0.33262331543217466,0.36420406898889457,0.3701161654740085,0.39018508532938395,0.0,0.3153026610724607,0.3025970576447408,0.2899746963162766,0.3169221347061247,0.4002455445061059,0.29937771454917095,0.3665432933210127,0.3991053125477749,0.0,0.2210271274214607,0.2119339110195129,0.37821201006970884,0.4501289268394543,0.33281173349668713,0.0,0.4747740899577997,0.42040244847490726,0.3735210280626257,0.469147266847476,0.4337381038371218,0.4015887239746139,0.42630458458986137,0.3792833040860556,0.41379170186196684,0.0,0.3248281635948821,0.2592880401080319,0.48945102031343346,0.0,0.0,0.0,0.0,0.5524859358030635,0.0,0.439221710652085,0.5231570116122358,0.46765118350447465,0.5412104692420852,0.5375906127293827,0.0,0.5208064537156333,0.0,0.41428470702335063,0.4940340525224133,0.0,0.0,0.0,0.0,0.5468939137544315,0.0,0.0,0.0,0.5427467348712728,0.0,0.0,0.0,0.5286769559232828,0.38873165751289745,0.34432894609140896,0.0,0.36612119087194156
0.38933219304651745,0.2617516938120027,0.369548985527552,0.16630354602717595,0.3709098340966847,0.3574448018969494,0.3320943920139735,0.0,0.40562252747009586,0.0,0.4167881573842385,0.3007745782258397,0.3755872449538464,0.0,0.0,0.32083006662891445,0.32051827572390357,0.3609037092938633,0.4010629701204903,0.0,0.46219346213926116,0.2914389059706312,0.3662177653092752,0.27530597667310824,0.3567654902112843,0.3497775778248241,0.25365416173900746,0.34900308058727536,0.24194789953865523,0.0,0.2928356728808799,0.3869801880968763,0.3035397063509391,0.295291728216208,0.35469831629660875,0.3180661321000289,0.2855215187328813,0.2662350463532818,0.0,0.33596988730973953,0.36432511236180315,0.4700293711788691,0.0,0.0,0.32326397579414956,0.3762671321113167,0.0,0.0,0.0,0.0,0.0,0.0,0.0,0.0,0.4093200987094815,0.0,0.4096010147185654,0.40434276925488877,0.0,0.0,0.0,0.4010491230714889,0.4412395907043571,0.0,0.0,0.0,0.0,0.0,0.40172803161429527,0.4376469859311314,0.4331667916293008,0.0,0.0,0.0,0.0,0.4059323688156058
0.0,0.0,0.35368579516021137,0.3475097309422991,0.3276246510087897,0.42470081137612914,0.4568115320871298,0.23002909852996734,0.33262331543217466,0.4167881573842385,0.0,0.37942171194016544,0.4451705538531805,0.28594075186435347,0.0,0.0,0.0,0.32838804644588043,0.3242347808163033,0.0,0.0,0.0,0.2786996357209172,0.0,0.0,0.0,0.4245982965241399,0.44242199580629854,0.0,0.0,0.47021712673638494,0.3802417040375117,0.36436061159044786,0.456767061872036,0.4337411876116307,0.3232779303704312,0.4235922009684012,0.3836162577547458,0.3969401363968338,0.0,0.3762347049900316,0.0,0.41104660553995465,0.2636971450791679,0.0,0.0,0.0,0.5467091196951814,0.0,0.26736765521903993,0.43907832963527305,0.456098481592751,0.4731875200980823,0.5418500183533121,0.0,0.3013450319967221,0.0,0.4176084154675067,0.43736851323667614,0.0,0.0,0.0,0.0,0.30981737588382563,0.0,0.0,0.0,0.5073423212591965,0.0,0.0,0.0,0.49718872114613477,0.32571007084889525,0.0,0.0,0.35036444364740105
0.36230548168286403,0.0,0.32056614456612914,0.2931614953005717,0.36005256995980817,0.3002579950308688,0.36037292234897994,0.4036719481447134,0.36420406898889457,0.3007745782258397,0.37942171194016544,0.0,0.323321061669124,0.0,0.0,0.0,0.3247318056258806,0.2817212360024951,0.32486570597645936,0.0,0.4156172910657455,0.0,0.3762270641586752,0.2553412274539111,0.3458670026996978,0.3175749295495558,0.0,0.33063039767531444,0.0,0.0,0.3002603972892972,0.2756030014376298,0.2755285162967758,0.2713457043313998,0.3370714055447386,0.3046937733924902,0.3529610714060752,0.21184219778782676,0.0,0.3377094870203701,0.3631160169168149,0.0,0.0,0.0,0.31569305297167183,0.33714774403193337,0.0,0.0,0.0,0.0,0.0,0.0,0.0,0.0,0.40929219746948875,0.0,0.415330534953676,0.0,0.0,0.0,0.0,0.37725536137993876,0.4196415905630207,0.0,0.0,0.0,0.0,0.0,0.35929773585120856,0.42824952087830004,0.4218794573862244,0.0,0.0,0.0,0.0,0.39076739326152793
0.34948376210847354,0.4198079871170375,0.437690077914213,0.2704445581058313,0.3583179868388908,0.37708647360242864,0.3462651434808066,0.43904583376518985,0.3701161654740085,0.3755872449538464,0.4451705538531805,0.323321061669124,0.0,0.34013919398605535,0.4292830876786054,0.44388715296765463,0.3848896665989119,0.4017578731587775,0.4604491220681581,0.41372088874213864,0.42268322498480887,0.45091303440131353,0.4177744255503655,0.37235533868173853,0.4088266190614684,0.4103615636732653,0.4086601203217477,0.3564705724175495,0.396769283749274,0.3598227893477299,0.3742135618368067,0.37232267238885675,0.3556886460726197,0.4092022773109752,0.35087065955554697,0.29821881095483593,0.30157420915513017,0.3220589804260783,0.4139276141212956,0.0,0.45181471368822224,0.2616858313456416,0.41751277819778676,0.21184027897564817,0.0,0.0,0.2643528567336328,0.457007404328846,0.0,0.0,0.46661318608470387,0.3708303736006689,0.4620483934742098,0.39491663258348203,0.0,0.3887409102261914,0.0,0.35761796984844174,0.0,0.33428709538144435,0.0,0.0,0.0,0.41028277291695525,0.38703659628529263,0.39262336904533673,0.2974682137565019,0.5146500132725653,0.0,0.0,0.30425216759803275,0.49344138078560357,0.3764146089497403,0.45561360255687794,0.0,0.36607605719157804
0.0,0.0,0.3977942093692314,0.23464169099699442,0.2960858380715794,0.4023809592792204,0.3545997542180141,0.3097674521819547,0.39018508532938395,0.0,0.28594075186435347,0.0,0.34013919398605535,0.0,0.0,0.0,0.0,0.0,0.37991424946238966,0.0,0.42718289793040887,0.0,0.3594869605949916,0.0,0.0,0.0,0.40852128719326797,0.3462615090504556,0.0,0.0,0.0,0.2056439012217892,0.0,0.446871920580731,0.0,0.18166588715777693,0.13886650634989628,0.30640384036566,0.3941135297288578,0.0,0.0,0.0,0.4002272552411045,0.0,0.0,0.0,0.0,0.4634551826861748,0.0,0.0,0.3873555862731555,0.0,0.0,0.49449365975687415,0.0,0.4057635482664098,0.0,0.0,0.4230065352116861,0.0,0.0,0.0,0.0,0.41355375282240703,0.0,0.0,0.0,0.4611040769684167,0.0,0.0,0.0,0.4217566531403738,0.0,0.0,0.0,0.0
0.3825287660637097,0.4276849104212481,0.0,0.0,0.0,0.3677135130097958,0.0,0.0,0.0,0.0,0.0,0.0,0.4292830876786054,0.0,0.0,0.41500482926659776,0.2919419427400287,0.4020251313361336,0.0,0.391774533306588,0.36792043947087083,0.4059763784738416,0.37047882879566196,0.41030632850021675,0.3964043378850052,0.42656606655352963,0.41798641204753234,0.39946744397195216,0.3861181759037346,0.4008587264134592,0.39601868712924265,0.41927789613683275,0.37148746800644494,0.41863642875345763,0.459480686779964,0.4886697707055828,0.0,0.0,0.4946080860901829,0.49882805991181295,0.5196645583702173,0.5235409791131245,0.0,0.0,0.0,0.0,0.49543505953080313,0.0,0.0,0.0,0.45889463202129444,0.0,0.0,0.0,0.0,0.0,0.0,0.3847820562994821,0.0,0.49117220070634043,0.41753683339306097,0.0,0.0,0.0,0.4610245557943464,0.47030208951287794,0.505104843424612,0.46856343862119665,0.0,0.3607051138907241,0.5105862121106091,0.4832221366342113,0.4167777206975728,0.458748583050724,0.0,0.4479614519240387
0.39539933091793317,0.4053554502949379,0.0,0.0,0.0,0.4135755155704108,0.4217515264323349,0.46731258017049165,0.3153026610724607,0.32083006662891445,0.0,0.0,0.44388715296765463,0.0,0.41500482926659776,0.0,0.36070066554387403,0.3615343626332709,0.0,0.38423302806573634,0.4115457742056745,0.3637225459479432,0.4260454065342659,0.3396658352005557,0.38906719446516974,0.42379124513276767,0.4241173375491194,0.42750620371363013,0.4044655110119319,0.385168091156871,0.3510102438925247,0.42321864799313136,0.3627757862527664,0.3843232267060456,0.4578932419915714,0.0,0.0,0.0,0.45061139084995205,0.4481789596608821,0.43654954341681557,0.46245364385334486,0.0,0.0,0.0,0.4575975930914999,0.47084236824400366,0.0,0.0,0.0,0.2486803609238528,0.0,0.0,0.0,0.0,0.0,0.0,0.0,0.0,0.48075281320321095,0.43735682154946964,0.0,0.41908132085879507,0.0,0.0,0.447791867119399,0.46690137300533596,0.3191521793682269,0.0,0.4486583814964604,0.48360636281161906,0.3638849951752269,0.0,0.0,0.0,0.40713736073989504
0.0,0.3262975924554209,0.0,0.0,0.0,0.22958741537023938,0.3790873542937744,0.0,0.3025970576447408,0.32051827572390357,0.0,0.3247318056258806,0.3848896665989119,0.0,0.2919419427400287,0.36070066554387403,0.0,0.3573522269968429,0.0,0.3009634733618378,0.0,0.3322025560921991,0.0,0.36470332261569904,0.3605181433127174,0.361695206636915,0.0,0.3685170915404455,0.30774562462311433,0.27429931600864477,0.33572112807449067,0.39994163642844305,0.3315265917074734,0.36163376252688734,0.4027021797439979,0.0,0.0,0.32445585374975305,0.44922243972384235,0.3919828440968019,0.3988466364260625,0.41921130322175854,0.0,0.0,0.0,0.0,0.0,0.0,0.0,0.0,0.0,0.0,0.0,0.0,0.405761363849408,0.0,0.38936596736831913,0.0,0.0,0.0,0.0,0.3833066888144533,0.41799659421393975,0.0,0.0,0.0,0.0,0.0,0.41374715271975065,0.43322919731701637,0.4423565254463111,0.0,0.0,0.0,0.0,0.36133241424103907
0.3881945781713073,0.3959322730142803,0.0,0.0,0.4098677291376922,0.3993158443815691,0.4018735188531935,0.0,0.2899746963162766,0.3609037092938633,0.32838804644588043,0.2817212360024951,0.4017578731587775,0.0,0.4020251313361336,0.3615343626332709,0.3573522269968429,0.0,0.0,0.3999990500566207,0.4072560999374903,0.38947598129292976,0.41523981282264194,0.3791520121885461,0.3924466498840731,0.39804596870155495,0.40755211426941523,0.41941704488178727,0.41655124384439224,0.3808142223838753,0.37870344768618946,0.3930294511609281,0.3495977313501292,0.3866303070535758,0.4586554374484833,0.0,0.0,0.0,0.43476203403879304,0.40024325508506314,0.41308429999188423,0.44419473946222343,0.0,0.0,0.0,0.4527380920116263,0.4554996578914262,0.0,0.0,0.0,0.0,0.0,0.0,0.0,0.38569573674608315,0.0,0.3679784420797059,0.0,0.0,0.3934766293169909,0.42102995613392946,0.38291424331639806,0.4132976777512927,0.0,0.0,0.0,0.45020605798234276,0.0,0.4297603886290671,0.4274392222246252,0.4478763385558212,0.0,0.0,0.25271812501823454,0.0,0.4017226254195938
0.0,0.0,0.3212727269151311,0.365193199213611,0.39710456504734615,0.432759068371892,0.46434608664518573,0.4499577426623962,0.3169221347061247,0.4010629701204903,0.3242347808163033,0.32486570597645936,0.4604491220681581,0.37991424946238966,0.0,0.0,0.0,0.0,0.0,0.0,0.0,0.0,0.3338717789612473,0.0,0.2825780672229802,0.28022272534383547,0.430510635915174,0.452794512305719,0.0,0.0,0.47865332560591717,0.4153894894462967,0.3148187754548495,0.47110190887566794,0.4291654018851773,0.388433931946431,0.40314594769389195,0.36844775079677505,0.4813793037404674,0.0,0.37931455413319665,0.28827925236764645,0.5071379303603699,0.0,0.0,0.0,0.0,0.5441275356440929,0.0,0.45746841882929723,0.5221298043159069,0.4482753663985698,0.5512214916170726,0.5424607381196578,0.0,0.517573164117618,0.0,0.40673987259070776,0.46111346616505633,0.0,0.0,0.0,0.0,0.556744680023264,0.0,0.0,0.0,0.5476994891305812,0.0,0.0,0.0,0.5324259604727885,0.34069504489068964,0.0,0.0,0.38476091583465777
0.43275250709102103,0.41244788062352267,0.0,0.0,0.0,0.38557867132206236,0.4268801471154337,0.36564383265436906,0.4002455445061059,0.0,0.0,0.0,0.41372088874213864,0.0,0.391774533306588,0.38423302806573634,0.3009634733618378,0.3999990500566207,0.0,0.0,0.40934702663496486,0.39286100800688645,0.357591904423293,0.3688485452189052,0.4039417879563317,0.43280111425276,0.38133904221330567,0.3619087077930366,0.3314546761702091,0.3044029425523931,0.36560702430695474,0.43114696758977544,0.37520947113771635,0.4196115980940867,0.46401145821336454,0.46706558735859205,0.0,0.0,0.46929572272785774,0.5499936417660136,0.4157160371156704,0.4776663664265352,0.0,0.0,0.0,0.37678806771472245,0.4392194281809246,0.0,0.0,0.0,0.4242679090239754,0.0,0.3965519697293298,0.0,0.0,0.0,0.0,0.33385890367638443,0.0,0.4301524055252505,0.2950458149003795,0.0,0.0,0.0,0.4517071621984145,0.42046116241403236,0.4598301637224478,0.4443837977149779,0.0,0.2732220518326315,0.47414581922228455,0.4716209154508109,0.40094035902552166,0.4310515241438775,0.0,0.4012000312577161
0.39768065258006374,0.43237937795247905,0.32912801936949776,0.0,0.0,0.3586516487741809,0.37504779553431805,0.3930360255784781,0.29937771454917095,0.46219346213926116,0.0,0.4156172910657455,0.42268322498480887,0.42718289793040887,0.36792043947087083,0.4115457742056745,0.0,0.4072560999374903,0.0,0.40934702663496486,0.0,0.4195783183796611,0.3945481902530787,0.4854114897272159,0.43351977829731475,0.4218316920879494,0.42240611398768174,0.4244644693234947,0.4025052397964913,0.4173882931085974,0.3908515987081148,0.4213494120765988,0.35823327955082035,0.4054624576074711,0.46608697428427903,0.4774666568042598,0.0,0.35028842758729906,0.4687065756144884,0.440461570284177,0.4592419791507396,0.5166132028191728,0.0,0.0,0.0,0.47145795857406764,0.4983608327327738,0.0,0.0,0.0,0.4559006017993431,0.0,0.30998801937307724,0.0,0.0,0.0,0.0,0.0,0.0,0.47226119414136086,0.4505317192866317,0.0,0.0,0.0,0.44858613075629505,0.40369265188326375,0.49862563253310827,0.45593887791698634,0.0,0.3960623221024887,0.5074971730102352,0.4707533467930432,0.4570463299827816,0.47006983763602567,0.0,0.39640249711010694
0.41006430705395147,0.4006793526816916,0.0,0.0,0.408682322963652,0.4080834104589436,0.4537094519755593,0.4007512097272432,0.3665432933210127,0.2914389059706312,0.0,0.0,0.45091303440131353,0.0,0.4059763784738416,0.3637225459479432,0.3322025560921991,0.38947598129292976,0.0,0.39286100800688645,0.4195783183796611,0.0,0.41954992624556425,0.37526255305327993,0.4057615942894685,0.4211564242947503,0.43000286914562846,0.4208263581784386,0.37732517029668455,0.34497870330650804,0.36885507151646935,0.43148444214095383,0.3814557660551535,0.41186856243548564,0.468827853825317,0.5020389085688114,0.0,0.0,0.47964620639493816,0.48158556562130767,0.48433478762582394,0.5095374050502038,0.0,0.0,0.0,0.4437817728397613,0.4791208025632419,0.0,0.0,0.0,0.4432836206580259,0.0,0.0,0.0,0.0,0.0,0.0,0.0,0.0,0.48944485354611894,0.46326154624447385,0.0,0.3854295985498662,0.0,0.45114110081742476,0.4824381949386921,0.4963723865660076,0.4663298326803365,0.0,0.4385481721812306,0.5009394052890409,0.4860924566096026,0.37121075963536054,0.4401214041061939,0.0,0.43658610060402897
0.44903727419798867,0.40975801641969695,0.3267305052118717,0.3823913976045814,0.38902512800720845,0.3831920111396157,0.4186330580694169,0.3585081328541234,0.3991053125477749,0.3662177653092752,0.2786996357209172,0.3762270641586752,0.4177744255503655,0.3594869605949916,0.37047882879566196,0.4260454065342659,0.0,0.41523981282264194,0.3338717789612473,0.357591904423293,0.3945481902530787,0.41954992624556425,0.0,0.4840060531606135,0.4220352540142629,0.4428221601068827,0.36151092031400706,0.40591666594867537,0.3716172265449579,0.407357795408457,0.4241508016767061,0.39456194694165164,0.34324122056670076,0.4250461966378175,0.4445073191928418,0.3688249506582545,0.3808111713967225,0.34632186483294564,0.509778265287296,0.0,0.5283778365784207,0.5461375125777937,0.49796549141903235,0.337052300712057,0.0,0.4332767220910325,0.44088436590403257,0.526667424396662,0.0,0.5134660323747184,0.5107913921789662,0.5284774727227249,0.484228350222615,0.5594898633826594,0.0,0.5330241106496009,0.0,0.51884359872206,0.4934149202582982,0.46624360287322053,0.2995487577653756,0.0,0.0,0.5655762791873521,0.47912613058278763,0.4623258216075516,0.47752810987186495,0.5269054210637938,0.0,0.2807784344350361,0.4792787792271016,0.5120788980913643,0.513952133241605,0.5060344062075093,0.510576904401428,0.5249712823978773
0.35066128494351784,0.0,0.0,0.0,0.0,0.33808657575256434,0.0,0.5112735821495209,0.0,0.27530597667310824,0.0,0.2553412274539111,0.37235533868173853,0.0,0.41030632850021675,0.3396658352005557,0.36470332261569904,0.3791520121885461,0.0,0.3688485452189052,0.4854114897272159,0.37526255305327993,0.4840060531606135,0.0,0.37637872591094546,0.33182688511913083,0.3125409125109166,0.4297603261762031,0.36707191817123985,0.0,0.3370258366054057,0.3548876708635781,0.2583888589042961,0.2897194177147849,0.3675164027749954,0.0,0.0,0.22442869183604452,0.4699798574065765,0.3787350004856686,0.4166856424287943,0.5406809516160183,0.0,0.0,0.27159665753295115,0.4396248340527314,0.4498256683063916,0.0,0.0,0.0,0.0,0.0,0.0,0.0,0.41462681406768903,0.0,0.4135741173387214,0.0,0.0,0.0,0.4268927462092309,0.41828208294522745,0.44309707306426643,0.0,0.0,0.0,0.0,0.0,0.39924491011891194,0.44922336031605686,0.4546792940249764,0.0,0.0,0.0,0.0,0.4354059387065226
0.3901914261115233,0.38493333011167263,0.23288136374433005,0.0,0.30704386768597686,0.3816893193193115,0.38304014908207173,0.49893290796568773,0.2210271274214607,0.3567654902112843,0.0,0.3458670026996978,0.4088266190614684,0.0,0.3964043378850052,0.38906719446516974,0.3605181433127174,0.3924466498840731,0.2825780672229802,0.4039417879563317,0.43351977829731475,0.4057615942894685,0.4220352540142629,0.37637872591094546,0.0,0.3860771046452044,0.3934877887745949,0.41181087280306716,0.40131513597673485,0.32654386152852444,0.36904668377631267,0.3962475132825378,0.3276343584962952,0.35469810435877497,0.40827191305110105,0.3578364738512779,0.0,0.29913005936178455,0.4453531153361423,0.4148129665192857,0.42457308260526305,0.4508051413338984,0.0,0.0,0.0,0.4631382928375623,0.47090404648936895,0.0,0.0,0.0,0.25409748372165875,0.0,0.0,0.0,0.41046561668282355,0.0,0.41573003193053404,0.2920233095191616,0.0,0.43496598997854974,0.4344793607788269,0.41790306079756956,0.43002263791289946,0.0,0.379184582343141,0.4428925231051934,0.47350358015693994,0.32835815827564657,0.4401753116345382,0.44610358471540157,0.46440918047700686,0.3197611637967226,0.3221580671861908,0.3758693064402808,0.0,0.4195148273712675
0.3782825408313063,0.4125178563419174,0.26076665334212057,0.0,0.34030795552671783,0.38396904740771803,0.35791780893226405,0.49326724600062477,0.2119339110195129,0.3497775778248241,0.0,0.3175749295495558,0.4103615636732653,0.0,0.42656606655352963,0.42379124513276767,0.361695206636915,0.39804596870155495,0.28022272534383547,0.43280111425276,0.4218316920879494,0.4211564242947503,0.4428221601068827,0.33182688511913083,0.3860771046452044,0.0,0.4324341930167514,0.40047476149434047,0.39543309490684286,0.27396719691094723,0.38241065686072945,0.42041801309044713,0.35461030792205556,0.38131929095855366,0.4449324270127783,0.3361722603962542,0.0,0.2931676634259378,0.47447676340692146,0.4407836767589845,0.4572159326387297,0.48257160201095534,0.0,0.0,0.0,0.47236026760908834,0.49906272991455153,0.0,0.0,0.0,0.39572861857416936,0.0,0.0,0.0,0.4158133909028048,0.0,0.4211194743569149,0.29374103764535947,0.0,0.518294637552421,0.4644227565192671,0.43250488110322644,0.4417447764593066,0.0,0.4697151102507432,0.5108085333796678,0.5133512523511969,0.4798626539540978,0.43732818698981135,0.4580936151358085,0.4895521184216685,0.5085038804522214,0.3673766972135861,0.42888676677164483,0.0,0.4487006308463177
0.4132491298127113,0.4102042544656161,0.3649715726076583,0.36132221256004,0.4002022975222911,0.37446556681341275,0.4150185761012824,0.4202535510317825,0.37821201006970884,0.25365416173900746,0.4245982965241399,0.0,0.4086601203217477,0.40852128719326797,0.41798641204753234,0.4241173375491194,0.0,0.40755211426941523,0.430510635915174,0.38133904221330567,0.42240611398768174,0.43000286914562846,0.36151092031400706,0.3125409125109166,0.3934877887745949,0.4324341930167514,0.0,0.39416536510805233,0.39370098230547745,0.40140427284689023,0.41999164821719187,0.3986667866142528,0.37487923468697365,0.4209838773898066,0.4468887624878934,0.41818645800582327,0.399105149390861,0.28887869661865045,0.4936199663217987,0.0,0.5087249054263869,0.5296095723701546,0.5029439717453265,0.22948076248670632,0.0,0.3495752124268393,0.3991446571378317,0.5534405479990032,0.0,0.4509035844254017,0.4925676889936532,0.47883501804863515,0.4788841003837631,0.5518189597563822,0.0,0.531899693276604,0.0,0.4904210720484895,0.4992149235138874,0.4717005195106221,0.2659404368534604,0.0,0.0,0.5502515858649183,0.4652469347139665,0.4669251722983783,0.49631914837760693,0.5151167459734209,0.0,0.2745474672418109,0.46658544662055285,0.492654391852613,0.4841473393364886,0.4963479454655027,0.46530867895711253,0.49527470845812
0.3977593840820544,0.4261654988641539,0.43895030786317607,0.2737872006340922,0.3784006322744975,0.3797663369757781,0.3775439388673531,0.42334117545029637,0.4501289268394543,0.34900308058727536,0.44242199580629854,0.33063039767531444,0.3564705724175495,0.3462615090504556,0.39946744397195216,0.42750620371363013,0.3685170915404455,0.41941704488178727,0.452794512305719,0.3619087077930366,0.4244644693234947,0.4208263581784386,0.40591666594867537,0.4297603261762031,0.41181087280306716,0.40047476149434047,0.39416536510805233,0.0,0.3415985061894286,0.32997880377597183,0.368392354226087,0.3628315333189852,0.30681662177647795,0.36100310043066186,0.34236897141655803,0.3059007686939204,0.2938360933101585,0.2735802202410261,0.49412508390748716,0.0,0.2953494418909346,0.2691770428788363,0.2159468029419761,0.20770906521294263,0.0,0.0,0.28161781417526655,0.39379532368261755,0.0,0.0,0.4922318472123131,0.3390383577762369,0.45550950581793687,0.3476401656203744,0.0,0.0,0.0,0.37628607005797604,0.0,0.4191572242615886,0.0,0.0,0.0,0.3326160038199777,0.45769012996167474,0.44024214367551795,0.3543646964963911,0.5026013188203666,0.0,0.0,0.360000865973757,0.49297933571767727,0.4438100374225169,0.48193064244498435,0.3589172424136852,0.43529554185637864
0.4224395284336773,0.4083785295124587,0.32349221978981824,0.0,0.0,0.3457017396955504,0.43381161192994344,0.37992975046174116,0.33281173349668713,0.24194789953865523,0.0,0.0,0.396769283749274,0.0,0.3861181759037346,0.4044655110119319,0.30774562462311433,0.41655124384439224,0.0,0.3314546761702091,0.4025052397964913,0.37732517029668455,0.3716172265449579,0.36707191817123985,0.40131513597673485,0.39543309490684286,0.39370098230547745,0.3415985061894286,0.0,0.32637961954105027,0.3621275520470482,0.4164999672850239,0.3456697378859162,0.4051648883870947,0.4461941883017536,0.45535771604300856,0.0,0.0,0.48079035574069606,0.0,0.47072959441868234,0.4605303751261874,0.3676999712714506,0.0,0.0,0.0,0.3782554524929506,0.0,0.0,0.0,0.47409324174113515,0.3421501072084543,0.40480000525535537,0.34528631257129466,0.0,0.0,0.0,0.36840276824825846,0.0,0.43054931256631745,0.29048914023312233,0.0,0.0,0.0,0.4146114007155612,0.43141144870469417,0.36570470842873326,0.47614396064510156,0.0,0.0,0.4468340720170608,0.4792708196633036,0.43735644794433043,0.4662169124381764,0.4002677367696031,0.4430672940596108
0.0,0.0,0.0,0.0,0.0,0.39342687273316657,0.4419626515113584,0.41295832602459237,0.0,0.0,0.0,0.0,0.3598227893477299,0.0,0.4008587264134592,0.385168091156871,0.27429931600864477,0.3808142223838753,0.0,0.3044029425523931,0.4173882931085974,0.34497870330650804,0.407357795408457,0.0,0.32654386152852444,0.27396719691094723,0.40140427284689023,0.32997880377597183,0.32637961954105027,0.0,0.36405500440096644,0.42047372168498726,0.0,0.3853241544815054,0.42718386949445797,0.0,0.0,0.0,0.49064766746131794,0.0,0.0,0.0,0.0,0.0,0.0,0.0,0.0,0.0,0.0,0.0,0.4541351794362685,0.0,0.0,0.0,0.0,0.0,0.0,0.0,0.0,0.0,0.0,0.0,0.0,0.0,0.44426280095275805,0.45658062120265147,0.0,0.4938547390792797,0.0,0.0,0.0,0.48572270728536426,0.3635883338560268,0.42258564666879594,0.0,0.0
0.3670108373542303,0.35935646720695846,0.46700833205224596,0.0,0.4531129164932073,0.4333829307966207,0.41788126806355713,0.4489884045440983,0.4747740899577997,0.2928356728808799,0.47021712673638494,0.3002603972892972,0.3742135618368067,0.0,0.39601868712924265,0.3510102438925247,0.33572112807449067,0.37870344768618946,0.47865332560591717,0.36560702430695474,0.3908515987081148,0.36885507151646935,0.4241508016767061,0.3370258366054057,0.36904668377631267,0.38241065686072945,0.41999164821719187,0.368392354226087,0.3621275520470482,0.36405500440096644,0.0,0.39295003960241903,0.3303989774873343,0.3174189225610578,0.33397414063332387,0.39471319809877914,0.3363745311944525,0.288108693047542,0.473352003242861,0.4283178359731972,0.45393743339143555,0.5016793799948148,0.0,0.0,0.0,0.43996331914845227,0.4487279931047742,0.3958980959904951,0.0,0.0,0.5027892672857456,0.33477278664051774,0.4976965130858448,0.33340007158490076,0.3829780216054658,0.0,0.3915375113183366,0.36725377465810116,0.0,0.4626500299924697,0.41519859764095707,0.3903077348882133,0.4230948609713496,0.3888336418018635,0.45957678412727754,0.47788844905259575,0.46821514206663084,0.5194536879050002,0.44662001881279934,0.4383113721453832,0.4598741623807501,0.5014231405172935,0.44030997821689316,0.47826135264841096,0.0,0.4158654359305307
0.4059207224167231,0.4145868341969804,0.39176642923512717,0.26674252757062533,0.3485520938863883,0.3845907687108529,0.3824962772433944,0.3428835394053183,0.42040244847490726,0.3869801880968763,0.3802417040375117,0.2756030014376298,0.37232267238885675,0.2056439012217892,0.41927789613683275,0.42321864799313136,0.39994163642844305,0.3930294511609281,0.4153894894462967,0.43114696758977544,0.4213494120765988,0.43148444214095383,0.39456194694165164,0.3548876708635781,0.3962475132825378,0.42041801309044713,0.3986667866142528,0.3628315333189852,0.4164999672850239,0.42047372168498726,0.39295003960241903,0.0,0.3190697545582538,0.4030074712339306,0.3694634124966302,0.2553756237868536,0.27708605985636653,0.22654313365643625,0.30735844190203304,0.3179061050773552,0.37593828563955206,0.3137104971383289,0.24676160136745126,0.2289144329116986,0.0,0.4536651627774062,0.47226061443004647,0.4682072861503504,0.0,0.0,0.4841999318087429,0.4122955538740745,0.4556729368566147,0.38042309747863895,0.4300553759846424,0.35073419690391633,0.0,0.4588823035012379,0.0,0.47005866960759507,0.4412558737858446,0.0,0.42885720855736975,0.3767452791225394,0.4661085447101868,0.4751748864147202,0.4849406921373234,0.4902717940154461,0.0,0.44747838286904745,0.48255282887370243,0.48679068254231167,0.43133198713996196,0.48007980923378785,0.48324947063577933,0.4772593584515956
0.3084759097814488,0.35350334365609115,0.0,0.0,0.3537589096267282,0.33871939300087706,0.3380040590030279,0.0,0.3735210280626257,0.3035397063509391,0.36436061159044786,0.2755285162967758,0.3556886460726197,0.0,0.37148746800644494,0.3627757862527664,0.3315265917074734,0.3495977313501292,0.3148187754548495,0.37520947113771635,0.35823327955082035,0.3814557660551535,0.34324122056670076,0.2583888589042961,0.3276343584962952,0.35461030792205556,0.37487923468697365,0.30681662177647795,0.3456697378859162,0.0,0.3303989774873343,0.3190697545582538,0.0,0.253811328743929,0.4078019696725942,0.2455665460271232,0.2792706638482148,0.20042466144511595,0.2750962639130404,0.30139396244906574,0.34414706619855584,0.29287445631132203,0.0,0.2059264378233292,0.28006149262482316,0.4304984630000305,0.4674809809529578,0.0,0.0,0.0,0.0,0.0,0.0,0.0,0.3644951448621117,0.0,0.38092819885058626,0.0,0.0,0.4744909614530084,0.42689431555088125,0.3750905616423722,0.39985137158909023,0.0,0.4204586976070808,0.44445742141074884,0.4820728883146592,0.45780226081955583,0.36864279956850243,0.41645916710583375,0.43943161117919044,0.47156339598403385,0.0,0.4159275858136855,0.0,0.38324679679109086
0.3566262976567679,0.3732060386921201,0.4605563962224638,0.2218849153506266,0.4461466420509822,0.429837194985627,0.4178771160449111,0.44732564197719693,0.469147266847476,0.295291728216208,0.456767061872036,0.2713457043313998,0.4092022773109752,0.446871920580731,0.41863642875345763,0.3843232267060456,0.36163376252688734,0.3866303070535758,0.47110190887566794,0.4196115980940867,0.4054624576074711,0.41186856243548564,0.4250461966378175,0.2897194177147849,0.35469810435877497,0.38131929095855366,0.4209838773898066,0.36100310043066186,0.4051648883870947,0.3853241544815054,0.3174189225610578,0.4030074712339306,0.253811328743929,0.0,0.32029831387315455,0.36088956172895326,0.27058494258769517,0.22222959952382465,0.41180014037327595,0.3070412419389278,0.3657559216831392,0.3533065090370117,0.0,0.26131192150685895,0.22573352996629814,0.44244504655659495,0.46143271314918705,0.3658044588321383,0.0,0.0,0.502193402789215,0.3535610890266774,0.484399691709809,0.35277190537544123,0.37582353570554156,0.0,0.3766683275183768,0.4416352916204363,0.0,0.47821778465418474,0.4276718944806505,0.3797081937314664,0.4146962686734942,0.39609679653160396,0.47058168981968806,0.47454750328156936,0.48716756278990114,0.5090442205878762,0.41019161964283446,0.4321028694392395,0.4708174513539513,0.5027639047154258,0.529629248828277,0.47990428622874565,0.0,0.4368902351716828
0.44341756328565496,0.44666871980778033,0.4043648834547346,0.34284177217419054,0.41105792356402604,0.4310531362782811,0.3813406764393543,0.4524632997560689,0.4337381038371218,0.35469831629660875,0.4337411876116307,0.3370714055447386,0.35087065955554697,0.0,0.459480686779964,0.4578932419915714,0.4027021797439979,0.4586554374484833,0.4291654018851773,0.46401145821336454,0.46608697428427903,0.468827853825317,0.4445073191928418,0.3675164027749954,0.40827191305110105,0.4449324270127783,0.4468887624878934,0.34236897141655803,0.4461941883017536,0.42718386949445797,0.33397414063332387,0.3694634124966302,0.4078019696725942,0.32029831387315455,0.0,0.4269657112230569,0.343403005383331,0.26500243890367847,0.33219381161755746,0.30993868511785894,0.3426511390494467,0.33388529504724307,0.2791542535194081,0.2598280976017052,0.2766483324833992,0.0,0.4974890108007587,0.0,0.0,0.0,0.0,0.0,0.0,0.26824749926234365,0.0,0.0,0.0,0.2650823215416976,0.0,0.501817864870966,0.4664160950951424,0.0,0.4337399119790739,0.0,0.4725941321567049,0.5191317536639412,0.5159981119837024,0.5239238711937741,0.0,0.4627773481129697,0.5019826885378537,0.5188586191328254,0.47097942170746776,0.47343292785751934,0.0,0.0
0.0,0.0,0.38379098478636975,0.18007619127115332,0.21349526281737688,0.4057774427227835,0.2801445292854797,0.2877044658810809,0.4015887239746139,0.3180661321000289,0.3232779303704312,0.3046937733924902,0.29821881095483593,0.18166588715777693,0.4886697707055828,0.0,0.0,0.0,0.388433931946431,0.46706558735859205,0.4774666568042598,0.5020389085688114,0.3688249506582545,0.0,0.3578364738512779,0.3361722603962542,0.41818645800582327,0.3059007686939204,0.45535771604300856,0.0,0.39471319809877914,0.2553756237868536,0.2455665460271232,0.36088956172895326,0.4269657112230569,0.0,0.18264839392285362,0.2810438777728311,0.2454229556696502,0.2780300488688781,0.2797054688281591,0.3081513895325705,0.3232552038613058,0.25350141716496344,0.0,0.0,0.0,0.4755414582436238,0.0,0.0,0.4496589388261192,0.3930927885989986,0.46694033476285945,0.513153177839807,0.0,0.3336404499737438,0.0,0.3695773211149626,0.4338879389922907,0.0,0.0,0.0,0.0,0.4251285647017345,0.40815217397139625,0.0,0.4871737711333258,0.4734605146706669,0.0,0.0,0.0,0.4689602628234749,0.22842396077796606,0.4243482713242892,0.0,0.0
0.0,0.0,0.4026846596728239,0.1380653839283095,0.30444182611506887,0.4000045894262439,0.2317706352784885,0.3862464500307728,0.42630458458986137,0.2855215187328813,0.4235922009684012,0.3529610714060752,0.30157420915513017,0.13886650634989628,0.0,0.0,0.0,0.0,0.40314594769389195,0.0,0.0,0.0,0.3808111713967225,0.0,0.0,0.0,0.399105149390861,0.2938360933101585,0.0,0.0,0.3363745311944525,0.27708605985636653,0.2792706638482148,0.27058494258769517,0.343403005383331,0.18264839392285362,0.0,0.2854421788412708,0.2708169095230798,0.0,0.2832574573220925,0.30773563794191217,0.26952648871673945,0.27188407874037723,0.0,0.0,0.0,0.0,0.0,0.0,0.32866357838253735,0.0,0.0,0.0,0.0,0.0,0.0,0.0,0.0,0.0,0.0,0.0,0.0,0.0,0.0,0.0,0.0,0.39601513691454976,0.0,0.0,0.0,0.3439833556576929,0.0,0.0,0.0,0.0
