0,1,2,3,4,5,6,7,8,9,10,11,12,13,14,15,16,17,18,19,20,21,22,23,24,25,26,27,28,29,30,31,32,33,34,35,36,37,38,39,40,41,42,43,44,45,46,47,48,49,50,51,52,53,54,55,56,57,58,59,60,61,62,63,64,65,66,67,68,69,70,71,72,73,74,75
0.0,0.3767922416719942,0.0,0.0,0.0,0.31658831815107125,0.28408549932319405,0.4699319694773886,0.0,0.39059284913574216,0.46493254723264116,0.41662595071781494,0.3273951248800426,0.45221453473763895,0.35186836157657253,0.38224999482906646,0.3848022829728712,0.40604662745036024,0.0,0.3816972734978208,0.3950815027184766,0.37839241476195706,0.4234659055608288,0.40028985334116474,0.38642499277626663,0.37738165795191136,0.36180261994062257,0.34432387794540686,0.363439169014556,0.32043150074174187,0.3435890570896486,0.399841527953315,0.35319553940286497,0.3408147916532028,0.39472423023712233,0.4253972460076768,0.0,0.38615850704940424,0.4017566644874201,0.4116161284023216,0.38196438324278625,0.0,0.0,0.0,0.0,0.38713152824315405,0.44286639865242594,0.0,0.0,0.0,0.0,0.0,0.0,0.0,0.4278338558332353,0.0,0.4923096405182432,0.0,0.0,0.0,0.4325633018067714,0.0,0.43295006683792664,0.0,0.0,0.3885197048126302,0.4202861324678243,0.0,0.37937863053031146,0.42143872866601717,0.4376472626605237,0.0,0.0,0.0,0.0,0.0
0.3767922416719942,0.0,0.3021967540010983,0.0,0.3214272987517742,0.3531823830924045,0.3460098854230007,0.4415878927609907,0.266252049233667,0.2918786177289782,0.0,0.25322493998093565,0.38815018187142714,0.0,0.3926792755361028,0.381577720097699,0.0,0.3950807598402312,0.0,0.3961075754340891,0.37897603043773564,0.38534210449834383,0.38104225938211767,0.33124745017709617,0.3714919320088422,0.40132597064748077,0.38389730883350515,0.38415448074926156,0.38694792407982154,0.0,0.3322985850303003,0.3946829209693658,0.34346577254539945,0.33821847589559806,0.37980605600270956,0.0,0.0,0.0,0.41740842620469853,0.42518952147654904,0.41532235015265134,0.4357179132912572,0.0,0.0,0.0,0.4312916569048631,0.4324727160052841,0.0,0.0,0.0,0.3133027825058027,0.285366446186328,0.3775244984837785,0.0,0.3177604216252664,0.0,0.37353517136058584,0.25959050862334676,0.0,0.4221890642360778,0.4167312354062661,0.0,0.44192073481563976,0.0,0.3938101999723384,0.42403484596490565,0.42831157701524175,0.367649797087417,0.48394798424105673,0.43476454672588194,0.44347129596493345,0.3854680074444485,0.28995132802134094,0.39739568469652337,0.0,0.40340273559131995
0.0,0.3021967540010983,0.0,0.3332399012138825,0.4093488301666132,0.3817127935102222,0.37351252160134263,0.45929516917607166,0.3481182156200375,0.37408069153535545,0.33287404414206767,0.0,0.3698571108301649,0.41914646026790464,0.0,0.0,0.0,0.0,0.29672629609956946,0.0,0.3239151076672658,0.0,0.30789875600421773,0.0,0.24458621028822242,0.0,0.3503957009541428,0.37061613722606146,0.36498138888500015,0.3478122123568182,0.3888860915151777,0.3547550688012351,0.0,0.39195840382636105,0.4237314423228928,0.365961117188815,0.35600985232069043,0.3678692778432193,0.3992172226750782,0.0,0.436166005228057,0.0,0.521857327220171,0.39010517177108084,0.0,0.0,0.0,0.3993826321213665,0.0,0.4914620975910382,0.5382164947337911,0.4672487093660996,0.5642568187391447,0.5763999911944224,0.0,0.42222457419310505,0.3587442486587906,0.46515030241880934,0.5252770949191159,0.0,0.0,0.0,0.0,0.3092790037216098,0.0,0.0,0.0,0.5528489777431439,0.0,0.0,0.0,0.5526703012982925,0.4105855531178436,0.3880151851055343,0.0,0.4334595051451925
0.0,0.0,0.3332399012138825,0.0,0.23172844563110656,0.3588361131361399,0.3174902019169463,0.3711114984499818,0.34112548965547174,0.29482426814122453,0.3478800791766359,0.0,0.34120301222906935,0.2610563528973702,0.0,0.0,0.0,0.0,0.3278996183967089,0.0,0.0,0.0,0.36580116293497505,0.0,0.0,0.0,0.36265819915651437,0.3138971951189198,0.3570677907933385,0.0,0.3094301426893573,0.2904685200404706,0.0,0.3128529830895499,0.3097973058285125,0.18680835041167132,0.2098624760607586,0.25540504071975234,0.2814203628033798,0.0,0.0,0.0,0.0,0.0,0.0,0.0,0.0,0.0,0.0,0.0,0.27897877995322373,0.0,0.0,0.0,0.0,0.0,0.25533002663158305,0.0,0.0,0.0,0.0,0.0,0.0,0.0,0.0,0.0,0.0,0.29539981372672386,0.0,0.0,0.0,0.31257606361042545,0.0,0.0,0.0,0.0
0.0,0.3214272987517742,0.4093488301666132,0.23172844563110656,0.0,0.3975162939199547,0.34118221806426974,0.3459156557875298,0.34645267274046465,0.27631958024703873,0.3191254885921033,0.3650342315399593,0.36520703164018364,0.24985090219861464,0.0,0.3685841634716226,0.0,0.35885438861844077,0.35979576749851266,0.3944629042363469,0.30406598246027416,0.41304024482932117,0.34709816664322296,0.32352232558076877,0.32888811058067435,0.3087716643961147,0.4018225804916092,0.35314310024295326,0.37362836281351347,0.0,0.38586037280290386,0.30441479323556925,0.3525780660168892,0.39087892186624107,0.3855018349619575,0.22113773599889694,0.202166732565,0.3279766547075452,0.35540727712138975,0.0,0.38343477733623554,0.3481385094100472,0.42358422190393996,0.34201836633788946,0.0,0.0,0.0,0.4959902614463287,0.0,0.3889449835347138,0.42328643860449716,0.34899643053351187,0.42906201410838835,0.45268648226651265,0.0,0.39012661699579076,0.3069392725982084,0.3108087855413104,0.40337908557043467,0.0,0.0,0.0,0.0,0.47784971345359883,0.37799322785298306,0.0,0.32643833579422044,0.4703401149692596,0.0,0.28959385074224026,0.0,0.4223312480391664,0.32619366286062557,0.33354817079869203,0.0,0.3465865297911414
0.31658831815107125,0.3531823830924045,0.3817127935102222,0.3588361131361399,0.3975162939199547,0.0,0.3894722661454219,0.3712699640452535,0.38713304726079495,0.337710179059404,0.391117913625778,0.25813745853387915,0.34802267661241537,0.41132383815358126,0.39121720868413123,0.3931122432768036,0.0,0.37869959983122065,0.37695943804980214,0.3702391747583531,0.3507329373831168,0.40540485931995995,0.3657015460761134,0.2929220471442333,0.3542517026186418,0.37171321212115116,0.3468868019919349,0.3265618330916884,0.3547399800944228,0.3656430189030458,0.37718722480791106,0.3767079781408436,0.3481629993619466,0.3978096408167652,0.42180649154533123,0.37360025145456693,0.3812791945248698,0.30668022782951015,0.42887866870041796,0.3164603020498143,0.4608478189770632,0.40380640585699196,0.4446560966192142,0.2974226182010711,0.0,0.2977224067628317,0.30816430301421877,0.5338550556165527,0.0,0.4209591672951574,0.47498790409930775,0.43334189747988305,0.4270690192544987,0.5377981878728629,0.0,0.5042579156019148,0.34214320560726774,0.4154673509152822,0.0,0.3608039454405909,0.2648679926329051,0.0,0.2779748133697783,0.5239391889203512,0.3712574992014014,0.3194951384892072,0.35928733172188904,0.47890100285363535,0.0,0.2748708890469882,0.365472239026975,0.46736272416450675,0.4171063576424886,0.4366224780938141,0.41115687319758937,0.46316423222856073
0.28408549932319405,0.3460098854230007,0.37351252160134263,0.3174902019169463,0.34118221806426974,0.3894722661454219,0.0,0.3731377085289638,0.38020262575726116,0.3210348284616602,0.3902718440166293,0.3387934690232601,0.3370811041599472,0.29809688212722296,0.36280327486809727,0.3792102615438773,0.0,0.39248331571372436,0.38617671269372267,0.3942163122399215,0.3361666280846612,0.4249237605808925,0.3544254961649327,0.0,0.35718527419948565,0.3690395783433818,0.37477626312585394,0.3491068958286168,0.38231092495141805,0.3961137049521327,0.3966465333807143,0.3887448571857887,0.38397632400233245,0.4045659066292531,0.41713597833363025,0.3267677374549591,0.32559937012718587,0.37682554078321967,0.3178592457825974,0.0,0.3433504213848126,0.3786006566376106,0.37769695881463977,0.0,0.0,0.0,0.0,0.4094842154495619,0.0,0.3375481680631407,0.3503865919827428,0.33087749338437755,0.32790220584215585,0.4121789895307945,0.0,0.30771672215919454,0.0,0.306534137075286,0.0,0.32937672001262547,0.0,0.0,0.0,0.4130681979640955,0.32561677901092284,0.27458749137012445,0.32718114609660465,0.4509137208081308,0.0,0.3134627134741133,0.30904710684898895,0.39297557265714045,0.3076302208890477,0.32515937041036236,0.0,0.3172858128607764
0.4699319694773886,0.4415878927609907,0.45929516917607166,0.3711114984499818,0.3459156557875298,0.3712699640452535,0.3731377085289638,0.0,0.4573350774583415,0.3663497834604006,0.36093038181344145,0.0,0.3623503825410526,0.37734788214196036,0.0,0.41625320970332325,0.0,0.44502642137924775,0.4261416919217941,0.3917589852434881,0.4004364925906143,0.41328654702188244,0.3453857680644029,0.4954078112515687,0.46874305397464233,0.46511261245289365,0.3997005300110484,0.36617831477725815,0.3643337082039889,0.3725143159770026,0.3947612962787463,0.3589199248614103,0.4232982109183858,0.4101013690937063,0.40853171038479513,0.2819531175760726,0.3451426216447948,0.0,0.42732643265945297,0.0,0.47679426166721084,0.0,0.46521109816920136,0.0,0.0,0.0,0.0,0.5582250258486631,0.0,0.449776541249883,0.4685986998745909,0.4389500694458159,0.4563639645693629,0.5559128120736526,0.0,0.4691281425120327,0.0,0.40686218135863406,0.4809775308502355,0.46591798679561724,0.0,0.0,0.0,0.5453624425239203,0.4698391975794085,0.5048550503680577,0.0,0.5039895013623208,0.0,0.0,0.0,0.48358569987726924,0.40519200343062,0.4029537940304173,0.0,0.44210905138537954
0.0,0.266252049233667,0.3481182156200375,0.34112548965547174,0.34645267274046465,0.38713304726079495,0.38020262575726116,0.4573350774583415,0.0,0.3205063428737837,0.29937699738490764,0.3290081087901613,0.3717851279294528,0.4174767482948215,0.0,0.3375573042077487,0.0,0.26434563810976774,0.2803416951295828,0.35382778399364434,0.28171289136719047,0.3671990901325468,0.391746341058313,0.0,0.2655413460962722,0.2636046972762056,0.3872713264093257,0.38363539322299406,0.34667631708592395,0.3530734580671978,0.40016350792414246,0.3820499717299516,0.34600055550454684,0.398556405405508,0.3936991128110461,0.36030903322956304,0.34926719298354275,0.2979613566498182,0.35382847678074786,0.0,0.3712453295239627,0.3298468425481802,0.4980125665165666,0.34584794601530916,0.0,0.0,0.0,0.5674983049645741,0.0,0.44046732531600347,0.518514063665457,0.42947634234498233,0.5405364870205978,0.5378728443198315,0.0,0.4848276565119575,0.35951251942048995,0.39556935962993145,0.5052871357967998,0.0,0.0,0.0,0.0,0.5550433261575747,0.30385584940017024,0.0,0.2834350615740119,0.5413936175419543,0.0,0.0,0.0,0.5300730839456875,0.3800233671240813,0.363538005397985,0.0,0.3713027470305603
0.39059284913574216,0.2918786177289782,0.37408069153535545,0.29482426814122453,0.27631958024703873,0.337710179059404,0.3210348284616602,0.3663497834604006,0.3205063428737837,0.0,0.34237031240819743,0.29516204292594284,0.38094297108482184,0.0,0.0,0.3593595025273913,0.31592221692214495,0.33713473867844557,0.34253236926161196,0.308264085149467,0.4469340544788822,0.3220251004249747,0.3709342368556858,0.3264315913140071,0.3641776017313918,0.3565302360379751,0.3729965774750098,0.3656135369247785,0.32298308713964285,0.0,0.32212153106310815,0.35573441587760896,0.3134745401264597,0.3176204182041036,0.31514836996945095,0.3434060608021067,0.2926642388746695,0.27379389968597706,0.30128043758081463,0.3842012341710041,0.361534153836523,0.0,0.0,0.0,0.3746441808735061,0.38468837396761646,0.0,0.0,0.0,0.0,0.0,0.0,0.0,0.0,0.4459772181583193,0.3171547916503713,0.44698015335744734,0.0,0.0,0.0,0.3418831208221027,0.42712733862560326,0.36027575301112813,0.0,0.0,0.0,0.0,0.0,0.44561071754655873,0.41735964437864476,0.45241925241184966,0.3104069236736763,0.0,0.0,0.0,0.4062524272544823
0.46493254723264116,0.0,0.33287404414206767,0.3478800791766359,0.3191254885921033,0.391117913625778,0.3902718440166293,0.36093038181344145,0.29937699738490764,0.34237031240819743,0.0,0.3508036264557775,0.3876720200481688,0.29220901683431744,0.0,0.0,0.0,0.0,0.27142864444440956,0.0,0.0,0.0,0.3048452803319015,0.32909821617258933,0.0,0.0,0.3848579372583248,0.38297312397858674,0.0,0.0,0.40012808788434545,0.3455752955750153,0.0,0.38609543397780327,0.3893177916751181,0.30816673663281435,0.33407728507324336,0.3305363480467199,0.3387902945964243,0.0,0.0,0.0,0.4917807625730616,0.0,0.0,0.0,0.0,0.5262080456581189,0.0,0.4336316270439997,0.440857910049225,0.40780852564503717,0.49603773065785634,0.5343461947715029,0.0,0.27443769085817965,0.3099536735509675,0.3865795303746583,0.39886545610115154,0.0,0.0,0.0,0.0,0.45913679936094676,0.0,0.0,0.0,0.5080858866332009,0.0,0.0,0.0,0.4987493408917578,0.35333515597640935,0.0,0.0,0.0
0.41662595071781494,0.25322493998093565,0.0,0.0,0.3650342315399593,0.25813745853387915,0.3387934690232601,0.0,0.3290081087901613,0.29516204292594284,0.3508036264557775,0.0,0.36105457116382605,0.0,0.0,0.29101210114323683,0.37371980530850385,0.37344883466730283,0.0,0.2817020589834764,0.41072650542195954,0.2904869564694918,0.38494744910320666,0.3283411126482267,0.379282720204691,0.3383036990840318,0.33205285392840866,0.376982817289094,0.2853017402636826,0.0,0.3450498473133805,0.31820675070798204,0.321919691509464,0.2767854106215828,0.2768074325395684,0.3837023455283805,0.3978728929078001,0.22134384279155175,0.0,0.3996372617336397,0.3656048057356706,0.0,0.0,0.0,0.374427256303921,0.3551968907696037,0.0,0.0,0.0,0.0,0.0,0.0,0.0,0.0,0.4565502159093232,0.0,0.4593985109633217,0.0,0.0,0.0,0.0,0.42270487066992224,0.37399485030372653,0.0,0.0,0.0,0.0,0.0,0.4531298797912038,0.4356188900464873,0.46315094584072053,0.0,0.0,0.0,0.0,0.4162429913367928
0.3273951248800426,0.38815018187142714,0.3698571108301649,0.34120301222906935,0.36520703164018364,0.34802267661241537,0.3370811041599472,0.3623503825410526,0.3717851279294528,0.38094297108482184,0.3876720200481688,0.36105457116382605,0.0,0.309753477128018,0.38481075593307246,0.4171543488935955,0.35217021883672694,0.3780046161928459,0.3790481574155096,0.3886238631107385,0.3518310314516541,0.4248735255126015,0.3599014066336963,0.2818465180448527,0.39591292305071024,0.3962660519877538,0.37288533130945517,0.33378038878146393,0.3638539491441638,0.35066914250551384,0.3628134040268589,0.3857709480509305,0.3766818085132032,0.38855086161134333,0.3966096270420928,0.3490031299010438,0.3511847810686739,0.35501998121112976,0.36991897537965585,0.0,0.38621197561655485,0.3603831634014209,0.36832505354155803,0.34337813504284387,0.0,0.0,0.2872416958595081,0.40824327269499655,0.0,0.308922250144478,0.26619815889396037,0.3124160619103395,0.3864690128758326,0.3614126051089817,0.0,0.3148051100506085,0.3622699269054368,0.2946582287353844,0.0,0.3233187074649247,0.28884311533266405,0.0,0.30920851400673494,0.0,0.3768240415178602,0.3243411177759425,0.3019597863221785,0.4434721874587938,0.0,0.3123886250716232,0.3289999842175898,0.40907791729820575,0.3476463122337161,0.3521132463537243,0.38153669902001586,0.32748443787783116
0.45221453473763895,0.0,0.41914646026790464,0.2610563528973702,0.24985090219861464,0.41132383815358126,0.29809688212722296,0.37734788214196036,0.4174767482948215,0.0,0.29220901683431744,0.0,0.309753477128018,0.0,0.0,0.0,0.0,0.0,0.3573495561200348,0.0,0.43989917148125857,0.0,0.3717014664660629,0.0,0.0,0.4185082311055022,0.424763998841955,0.2583480050151122,0.0,0.0,0.0,0.2303320389494736,0.0,0.0,0.0,0.21470794321257358,0.16938619774208666,0.0,0.0,0.0,0.0,0.0,0.4352944486757634,0.0,0.0,0.0,0.0,0.5099135216334044,0.0,0.4558100354274794,0.38018871449414227,0.3810736605479573,0.47334883009642353,0.5137334532909452,0.0,0.4249895684061352,0.0,0.33392649664913937,0.0,0.0,0.0,0.0,0.0,0.4680419955082146,0.0,0.0,0.0,0.49453512999732646,0.0,0.0,0.0,0.4505556304047098,0.0,0.0,0.0,0.0
0.35186836157657253,0.3926792755361028,0.0,0.0,0.0,0.39121720868413123,0.36280327486809727,0.0,0.0,0.0,0.0,0.0,0.38481075593307246,0.0,0.0,0.3854729150844231,0.0,0.3724984008726904,0.0,0.36577704129257993,0.36103639728044473,0.3245891847533033,0.2960951998611703,0.3870348991221958,0.3723686872040665,0.3756715543486466,0.39671565880365,0.378917463889225,0.39169515447364184,0.3567628353988779,0.3873168568657011,0.40721085142688174,0.36677130355241305,0.41180571674528116,0.450116273352286,0.0,0.0,0.0,0.4197152845682511,0.4361220546060274,0.40286049073315894,0.47130961092813894,0.0,0.0,0.0,0.0,0.44266888754015,0.0,0.0,0.0,0.4140850801878864,0.3047601456673027,0.4287522015870082,0.0,0.0,0.0,0.3478769369370672,0.3554115231238172,0.0,0.45946066313620404,0.3705358915263627,0.0,0.31304722510213545,0.0,0.43028645397012155,0.39538765091722333,0.4673514770801318,0.4275940511623586,0.0,0.35543567286582894,0.47703936490603943,0.4450871063674833,0.40315383337007127,0.4060989854454187,0.41057139377400725,0.36770164497254876
0.38224999482906646,0.381577720097699,0.0,0.0,0.3685841634716226,0.3931122432768036,0.3792102615438773,0.41625320970332325,0.3375573042077487,0.3593595025273913,0.0,0.29101210114323683,0.4171543488935955,0.0,0.3854729150844231,0.0,0.38302876978042083,0.37772817580664764,0.0,0.41654792103329796,0.37383212764625817,0.38970939194584187,0.3993491166134101,0.3542072174032381,0.38334322891012246,0.39021114751263636,0.40094395242603165,0.3802995826735414,0.4243925823052634,0.38898153851521505,0.37460137535743787,0.42176343833925395,0.3689227901027397,0.3769019053517249,0.42809594599108874,0.0,0.31847264032993416,0.2864621296102953,0.4241736826823704,0.43437999990625026,0.42601887032223446,0.4251721202176913,0.0,0.0,0.0,0.4466671167245608,0.43379487311215986,0.0,0.0,0.0,0.27997275657521825,0.3261771165751821,0.0,0.0,0.33513587550881996,0.0,0.35214078362296536,0.2974596039587132,0.0,0.422504234364525,0.4324597820957852,0.32814305755743467,0.44302676615868236,0.0,0.39359440230981224,0.3900800697036861,0.4258676507197098,0.0,0.45009706898438784,0.4424488517634897,0.4569689234010749,0.37738940072361377,0.0,0.34994390062347347,0.0,0.42668570956052915
0.3848022829728712,0.0,0.0,0.0,0.0,0.0,0.0,0.0,0.0,0.31592221692214495,0.0,0.37371980530850385,0.35217021883672694,0.0,0.0,0.38302876978042083,0.0,0.3159901253318097,0.0,0.33623752306344595,0.3945697918423103,0.3613246481324507,0.0,0.3847334110998364,0.358385175353701,0.3675198714285563,0.0,0.33296366902868646,0.3189588852784847,0.0,0.3441262053484905,0.38227764806441744,0.32525780748041483,0.3428079339972212,0.3515387100786786,0.0,0.0,0.30038073444335667,0.32949141501448936,0.37933885327638,0.35498999621912775,0.0,0.0,0.0,0.0,0.3830165998163654,0.0,0.0,0.0,0.0,0.0,0.0,0.0,0.0,0.44481383165852245,0.0,0.44158122802831684,0.0,0.0,0.0,0.0,0.4276741684694665,0.39559602175671105,0.0,0.0,0.0,0.0,0.0,0.42556308473425036,0.43151659818461624,0.4479263844031782,0.0,0.0,0.0,0.0,0.3664273259933853
0.40604662745036024,0.3950807598402312,0.0,0.0,0.35885438861844077,0.37869959983122065,0.39248331571372436,0.44502642137924775,0.26434563810976774,0.33713473867844557,0.0,0.37344883466730283,0.3780046161928459,0.0,0.3724984008726904,0.37772817580664764,0.3159901253318097,0.0,0.0,0.40749667279278046,0.39254553314792046,0.41329455466617676,0.4165667136440581,0.3775432143078252,0.37261032603633054,0.3851510525682453,0.39127157141185875,0.3745438762674218,0.41632652292520256,0.3649071884362439,0.3519187847770639,0.3874751210678965,0.3464090202530737,0.3557514005266264,0.3665790046118065,0.0,0.0,0.28823484120157866,0.4107652117297669,0.4210644132517431,0.4215298060496654,0.0,0.0,0.0,0.0,0.43644902227308047,0.4319826481758489,0.0,0.0,0.0,0.3032031161089831,0.0,0.0,0.0,0.43709592203577047,0.0,0.4388447089749341,0.2964797688624996,0.0,0.0,0.44242500250354594,0.4354506046856783,0.4418508125025602,0.0,0.3491654088075882,0.0,0.39505264616823327,0.0,0.44155122594498797,0.44260491480058267,0.4579810678786672,0.0,0.0,0.3111645461662129,0.0,0.4194065358207526
0.0,0.0,0.29672629609956946,0.3278996183967089,0.35979576749851266,0.37695943804980214,0.38617671269372267,0.4261416919217941,0.2803416951295828,0.34253236926161196,0.27142864444440956,0.0,0.3790481574155096,0.3573495561200348,0.0,0.0,0.0,0.0,0.0,0.0,0.0,0.0,0.26515354931713075,0.0,0.0,0.0,0.3771070752087533,0.38761937189596685,0.0,0.0,0.3556000881943889,0.3531557612800095,0.0,0.3269759885354049,0.3886138021333659,0.3446501928460243,0.3264866769096066,0.31765648795054524,0.37649250738561063,0.0,0.0,0.0,0.49374681172777757,0.0,0.0,0.0,0.0,0.557293371066164,0.0,0.4486317817820128,0.5009068258754021,0.42803835703430926,0.5404297137449457,0.5446027389035833,0.0,0.3338152429730521,0.29993881087601615,0.37220321721751143,0.47197875909474246,0.0,0.0,0.0,0.0,0.5400809309572423,0.0,0.0,0.0,0.5414010490965863,0.0,0.0,0.0,0.5169849553964478,0.3381273299604476,0.0,0.0,0.0
0.3816972734978208,0.3961075754340891,0.0,0.0,0.3944629042363469,0.3702391747583531,0.3942163122399215,0.3917589852434881,0.35382778399364434,0.308264085149467,0.0,0.2817020589834764,0.3886238631107385,0.0,0.36577704129257993,0.41654792103329796,0.33623752306344595,0.40749667279278046,0.0,0.0,0.3790782951823262,0.36597640891345923,0.27162445664800855,0.2713709416376979,0.3852174670757012,0.41397718916217485,0.3206489266221506,0.37012014093799156,0.35217060107868364,0.35399443660793645,0.36331656069804336,0.41886377961099464,0.37442499648106164,0.4154965746593854,0.45922741132262823,0.4707825643161153,0.4572503910874846,0.18198281737605862,0.41316384956863117,0.3717211541944905,0.2830516983827024,0.43983188946262614,0.0,0.3888802313499559,0.0,0.3561623135844055,0.39022829971454187,0.0,0.0,0.0,0.3856461443301281,0.3127363228880916,0.4299801839881373,0.0,0.0,0.0,0.4014670095925802,0.3457194580292208,0.0,0.40025200832496566,0.3024188522040052,0.0,0.29855752863909835,0.0,0.41504053801325785,0.31453926093579876,0.435663538860488,0.40054540580814774,0.0,0.3014938999638465,0.4427763185795862,0.44793326900244557,0.4190180817414614,0.35476879292080216,0.0,0.3975836902332547
0.3950815027184766,0.37897603043773564,0.3239151076672658,0.0,0.30406598246027416,0.3507329373831168,0.3361666280846612,0.4004364925906143,0.28171289136719047,0.4469340544788822,0.0,0.41072650542195954,0.3518310314516541,0.43989917148125857,0.36103639728044473,0.37383212764625817,0.3945697918423103,0.39254553314792046,0.0,0.3790782951823262,0.0,0.41000563792866546,0.3468664556845552,0.4880280185472416,0.42366928013496924,0.40260809750968085,0.38345993188142635,0.3527045483890711,0.3597089234415073,0.3616778148958941,0.36681039975260715,0.39487561969696944,0.33791819310296894,0.38751383365925013,0.43947642860556285,0.4350372277674782,0.3825487928293306,0.0,0.4308593936030815,0.3845337687259042,0.40826033603352135,0.4665946093637926,0.0,0.0,0.0,0.42385804683893036,0.42732947395896026,0.0,0.0,0.0,0.4010221169567489,0.3257923365747886,0.4456712813867094,0.0,0.0,0.0,0.0,0.38147656195632107,0.0,0.4645576105574805,0.3768039488187199,0.0,0.3564653644329491,0.0,0.42262780324815297,0.39394024324481064,0.44561456419048845,0.42849251353668394,0.0,0.3725306833105153,0.4603591696090065,0.44660803897137297,0.4297740938122596,0.43671987338534485,0.4476455105170496,0.4257112382048696
0.37839241476195706,0.38534210449834383,0.0,0.0,0.41304024482932117,0.40540485931995995,0.4249237605808925,0.41328654702188244,0.3671990901325468,0.3220251004249747,0.0,0.2904869564694918,0.4248735255126015,0.0,0.3245891847533033,0.38970939194584187,0.3613246481324507,0.41329455466617676,0.0,0.36597640891345923,0.41000563792866546,0.0,0.309257223846622,0.2924931567856137,0.3867611460839899,0.403416732000057,0.4084649415783467,0.40930654487642193,0.41425460748165815,0.40619277071130866,0.37918305692774246,0.42882403973393307,0.37784823983253857,0.4190570967865288,0.46754025845869895,0.5005722367316425,0.4526041376889949,0.0,0.42764735783341895,0.4280498838046052,0.4393706879414383,0.4695975099108046,0.0,0.0,0.0,0.40674009672605943,0.4250142988305751,0.0,0.0,0.0,0.34277292014795074,0.2684598449641421,0.46037057806666914,0.28859086151026214,0.29588606302798914,0.0,0.30442530960251946,0.2808199134824145,0.0,0.474898062037775,0.374322684131798,0.0,0.3610219572075414,0.0,0.43434413339159506,0.44127011856180803,0.4553043313828525,0.43884937017551023,0.0,0.4002083727284988,0.46251731418080644,0.4133579837098856,0.3523721058645207,0.40888250762594575,0.0,0.4164054417517561
0.4234659055608288,0.38104225938211767,0.30789875600421773,0.36580116293497505,0.34709816664322296,0.3657015460761134,0.3544254961649327,0.3453857680644029,0.391746341058313,0.3709342368556858,0.3048452803319015,0.38494744910320666,0.3599014066336963,0.3717014664660629,0.2960951998611703,0.3993491166134101,0.0,0.4165667136440581,0.26515354931713075,0.27162445664800855,0.3468664556845552,0.309257223846622,0.0,0.4646260707220784,0.43174003226131497,0.4186516724941433,0.34940300824284354,0.3624193663241969,0.36414263043908485,0.3721282537867651,0.3751082747950224,0.3649470718605857,0.337385952913255,0.3972396547168945,0.397278521109938,0.3465740544413932,0.3498965763741533,0.31339625829092677,0.4197357260227832,0.0,0.4908279871130148,0.49684001031957675,0.48845293765867576,0.3878868598605242,0.0,0.0,0.3073836128929087,0.5649287733180711,0.0,0.46951700426122006,0.48906637783401097,0.47660839662849486,0.46929019309047093,0.562769505762292,0.0,0.4368725998449299,0.3334470164908536,0.46708551253592145,0.5149097268060967,0.4300125560105449,0.25427818915277367,0.0,0.0,0.5802460041324426,0.44738052477322354,0.33301838282778007,0.3780888458975581,0.5038608914615708,0.0,0.28042279497110995,0.363935612689512,0.4848560443330652,0.46600682278457994,0.44988053752223,0.47673935175811133,0.4832572802239288
0.40028985334116474,0.33124745017709617,0.0,0.0,0.32352232558076877,0.2929220471442333,0.0,0.4954078112515687,0.0,0.3264315913140071,0.32909821617258933,0.3283411126482267,0.2818465180448527,0.0,0.3870348991221958,0.3542072174032381,0.3847334110998364,0.3775432143078252,0.0,0.2713709416376979,0.4880280185472416,0.2924931567856137,0.4646260707220784,0.0,0.37333870143205755,0.3623855853084714,0.39532549634769976,0.3597367681295511,0.28475814455766324,0.0,0.3268739325657049,0.3560655543579484,0.27082095859589755,0.2551730832942367,0.2695593732002082,0.0,0.0,0.24583614011890484,0.0,0.3676061444295923,0.33844255860328276,0.0,0.0,0.0,0.33993773322124,0.4090424879218423,0.0,0.0,0.0,0.0,0.0,0.0,0.0,0.0,0.4471731645672108,0.0,0.4457473542052892,0.0,0.0,0.0,0.4081665376519116,0.45223493265429987,0.43409151228895,0.0,0.0,0.0,0.0,0.0,0.4268798630343955,0.4452503686967174,0.45036622650764474,0.0,0.0,0.0,0.0,0.3944478854489342
0.38642499277626663,0.3714919320088422,0.24458621028822242,0.0,0.32888811058067435,0.3542517026186418,0.35718527419948565,0.46874305397464233,0.2655413460962722,0.3641776017313918,0.0,0.379282720204691,0.39591292305071024,0.0,0.3723686872040665,0.38334322891012246,0.358385175353701,0.37261032603633054,0.0,0.3852174670757012,0.42366928013496924,0.3867611460839899,0.43174003226131497,0.37333870143205755,0.0,0.36653980658988317,0.3800440824010825,0.3876995105372768,0.3880826810843915,0.31025745499546176,0.35113093811701473,0.3888808556405893,0.32329405677985723,0.34402378362357017,0.37075926116415986,0.0,0.0,0.32760826064180615,0.4158813815362611,0.42098143281172795,0.4149829013516615,0.4470240935448856,0.0,0.0,0.3749248171212356,0.4318802836921255,0.4434866185248353,0.0,0.0,0.0,0.28671469392170995,0.29164506122080835,0.0,0.0,0.4527910360274775,0.0,0.4530547129194029,0.3211759701474714,0.0,0.40246564953176306,0.4408363635920024,0.4417599295309112,0.44113924280306654,0.0,0.3729252106460849,0.4071066082911403,0.3559600811986501,0.29803851226240685,0.45124098977528865,0.4413008268026782,0.45451218849613856,0.2981607438542376,0.34158391157840007,0.3738163861382144,0.0,0.429351023719041
0.37738165795191136,0.40132597064748077,0.0,0.0,0.3087716643961147,0.37171321212115116,0.3690395783433818,0.46511261245289365,0.2636046972762056,0.3565302360379751,0.0,0.3383036990840318,0.3962660519877538,0.4185082311055022,0.3756715543486466,0.39021114751263636,0.3675198714285563,0.3851510525682453,0.0,0.41397718916217485,0.40260809750968085,0.403416732000057,0.4186516724941433,0.3623855853084714,0.36653980658988317,0.0,0.44014339324904533,0.34834060199801176,0.3940945158138282,0.29378774136177277,0.35788208366341745,0.406417135919806,0.35549795036740817,0.36531650699075163,0.42391143724689206,0.4505634652496584,0.0,0.3415162716783174,0.41367665553405225,0.4341661006172948,0.425936335777264,0.46079460819820783,0.0,0.0,0.40825390403747375,0.44160025517359563,0.45164434124597735,0.0,0.0,0.0,0.3326508889187628,0.2943594760429732,0.46321323427933414,0.0,0.4725139339919273,0.0,0.47069647122006314,0.31461232950882745,0.0,0.4880115763429382,0.4346468303910404,0.45836607143168295,0.44663823735051755,0.0,0.4194641325426034,0.47862667320983093,0.4590790593727323,0.43284695358832376,0.4595050491936632,0.44654149755313177,0.46290717541443394,0.42141380869901957,0.3794146681597874,0.3860638296000333,0.0,0.4311840093863313
0.36180261994062257,0.38389730883350515,0.3503957009541428,0.36265819915651437,0.4018225804916092,0.3468868019919349,0.37477626312585394,0.3997005300110484,0.3872713264093257,0.3729965774750098,0.3848579372583248,0.33205285392840866,0.37288533130945517,0.424763998841955,0.39671565880365,0.40094395242603165,0.0,0.39127157141185875,0.3771070752087533,0.3206489266221506,0.38345993188142635,0.4084649415783467,0.34940300824284354,0.39532549634769976,0.3800440824010825,0.44014339324904533,0.0,0.3707620042930914,0.35819764935530496,0.3767617076538511,0.37975636676121444,0.3874731888466492,0.361118291685917,0.4104481470505483,0.4308160786149388,0.3677816726330448,0.405129678390942,0.33694327797159457,0.4324984300125097,0.4204572424993096,0.460425111432491,0.48016189823909955,0.47963668922926506,0.3389696229309591,0.0,0.0,0.321208801939242,0.5681099293988023,0.0,0.47140165779686705,0.480420841297832,0.4429062810093469,0.4565550099316983,0.5610435121837336,0.0,0.49851879049276304,0.3527485384307936,0.38817615673993777,0.49994555465113577,0.43385400924448286,0.295324588404876,0.0,0.3158563019073663,0.5567802201963092,0.4346777134198098,0.3678234385017979,0.32036371929661156,0.48175505800485624,0.0,0.27348120846307716,0.4264284158092488,0.4702644127472389,0.4232287120116561,0.43226006587376326,0.4420420724834037,0.4638321159216708
0.34432387794540686,0.38415448074926156,0.37061613722606146,0.3138971951189198,0.35314310024295326,0.3265618330916884,0.3491068958286168,0.36617831477725815,0.38363539322299406,0.3656135369247785,0.38297312397858674,0.376982817289094,0.33378038878146393,0.2583480050151122,0.378917463889225,0.3802995826735414,0.33296366902868646,0.3745438762674218,0.38761937189596685,0.37012014093799156,0.3527045483890711,0.40930654487642193,0.3624193663241969,0.3597367681295511,0.3876995105372768,0.34834060199801176,0.3707620042930914,0.0,0.3240573207880509,0.29656937064218397,0.3520916876400804,0.37335018787318647,0.36334280348955117,0.3731432216844726,0.35512709502825246,0.32079832565238986,0.331587089848075,0.34590665378498686,0.37801507150991404,0.0,0.43644402890754974,0.35682773333948015,0.3902844721440273,0.27869868743401305,0.0,0.0,0.2824511108404133,0.38512669134938315,0.0,0.2956493234371079,0.3872067944182489,0.30027464446604857,0.34158862508517934,0.3335606665068639,0.0,0.289081330689857,0.3070532717172978,0.3241456091153085,0.0,0.3939192778854689,0.29065112613503374,0.0,0.28900149162912353,0.0,0.42173671746331215,0.37511809717401656,0.34034196845026604,0.44597374843902016,0.0,0.3146973582772393,0.3586394042295398,0.4417773838781444,0.4005075528321329,0.40504231340990227,0.3606931439872108,0.3866404081692318
0.363439169014556,0.38694792407982154,0.36498138888500015,0.3570677907933385,0.37362836281351347,0.3547399800944228,0.38231092495141805,0.3643337082039889,0.34667631708592395,0.32298308713964285,0.0,0.2853017402636826,0.3638539491441638,0.0,0.39169515447364184,0.4243925823052634,0.3189588852784847,0.41632652292520256,0.0,0.35217060107868364,0.3597089234415073,0.41425460748165815,0.36414263043908485,0.28475814455766324,0.3880826810843915,0.3940945158138282,0.35819764935530496,0.3240573207880509,0.0,0.3477962668161409,0.36182205932161404,0.4074920589800288,0.36870921996446787,0.4097464810552596,0.4504071878362029,0.44282767657533484,0.42205134819255546,0.0,0.4052847487987857,0.3585186544436123,0.3787517163036679,0.40756622198706505,0.3748845697468539,0.0,0.0,0.34808938718289456,0.36945211095680075,0.0,0.0,0.0,0.3812642920877984,0.30843644272127274,0.4077602573864705,0.0,0.31561945398605323,0.0,0.43503685926205093,0.35795875498935575,0.0,0.3986654424752804,0.2821566067801485,0.0,0.3011520932558572,0.0,0.3886497602084454,0.3458459304160957,0.39734509192730294,0.43352743604337274,0.0,0.2872227363698313,0.41426850737626403,0.4405609708509093,0.40064253532705385,0.4124071580835861,0.40192518110315695,0.3845698520770321
0.32043150074174187,0.0,0.3478122123568182,0.0,0.0,0.3656430189030458,0.3961137049521327,0.3725143159770026,0.3530734580671978,0.0,0.0,0.0,0.35066914250551384,0.0,0.3567628353988779,0.38898153851521505,0.0,0.3649071884362439,0.0,0.35399443660793645,0.3616778148958941,0.40619277071130866,0.3721282537867651,0.0,0.31025745499546176,0.29378774136177277,0.3767617076538511,0.29656937064218397,0.3477962668161409,0.0,0.3326454356933418,0.4019427139793883,0.3524979765988272,0.38051274637754073,0.39993682665086544,0.0,0.0,0.34943009898364097,0.4335870885779684,0.0,0.0,0.0,0.0,0.0,0.0,0.0,0.0,0.0,0.0,0.0,0.3627561483433285,0.0,0.0,0.0,0.0,0.0,0.0,0.31818846836674114,0.0,0.3833205885141203,0.0,0.0,0.0,0.0,0.4235234487179751,0.40426537569463183,0.0,0.4617270151232685,0.0,0.0,0.0,0.44356517694209174,0.3780194730866422,0.39180905745035516,0.0,0.0
0.3435890570896486,0.3322985850303003,0.3888860915151777,0.3094301426893573,0.38586037280290386,0.37718722480791106,0.3966465333807143,0.3947612962787463,0.40016350792414246,0.32212153106310815,0.40012808788434545,0.3450498473133805,0.3628134040268589,0.0,0.3873168568657011,0.37460137535743787,0.3441262053484905,0.3519187847770639,0.3556000881943889,0.36331656069804336,0.36681039975260715,0.37918305692774246,0.3751082747950224,0.3268739325657049,0.35113093811701473,0.35788208366341745,0.37975636676121444,0.3520916876400804,0.36182205932161404,0.3326454356933418,0.0,0.39225680953137093,0.3032097061239815,0.28467328370612915,0.27280543746357316,0.3816925755701658,0.32924200607538806,0.2982653993546185,0.38745472273153786,0.36901604063779525,0.4655993820649815,0.471030836903378,0.39927875234267557,0.0,0.33703737002362266,0.39372206750956706,0.4109408105458358,0.36538997184793026,0.0,0.0,0.386349966772882,0.30515508009702885,0.45692502017477843,0.0,0.3706086622293494,0.293268858924461,0.4041588479992854,0.3086546417914821,0.0,0.44608610830065043,0.40573090446665555,0.3958072218796066,0.41956564113888606,0.0,0.433029103119731,0.39987652030436016,0.4180742851361813,0.46248206900968836,0.43560497535366943,0.4201187297519789,0.4379931937860064,0.45616812082429026,0.37374903967375117,0.3940391821493991,0.0,0.43651092084096466
0.399841527953315,0.3946829209693658,0.3547550688012351,0.2904685200404706,0.30441479323556925,0.3767079781408436,0.3887448571857887,0.3589199248614103,0.3820499717299516,0.35573441587760896,0.3455752955750153,0.31820675070798204,0.3857709480509305,0.2303320389494736,0.40721085142688174,0.42176343833925395,0.38227764806441744,0.3874751210678965,0.3531557612800095,0.41886377961099464,0.39487561969696944,0.42882403973393307,0.3649470718605857,0.3560655543579484,0.3888808556405893,0.406417135919806,0.3874731888466492,0.37335018787318647,0.4074920589800288,0.4019427139793883,0.39225680953137093,0.0,0.34418724193420275,0.3310246744280989,0.35481187592887903,0.26740946443696817,0.3104114600851537,0.240232841893792,0.27587225489527406,0.2970889233637179,0.3081068010556631,0.3311067657995574,0.31560811672370687,0.3179430391513296,0.2640022490482724,0.39394241322443485,0.4089318181166912,0.3945033130689911,0.0,0.35007272297762226,0.44469197794361914,0.3506251157720707,0.4277849897960017,0.36410706498772355,0.37313002940329054,0.34813796581996936,0.2879795559120285,0.36419549350476155,0.0,0.44447135417644323,0.3166698655961713,0.3336015691719896,0.38575928151553507,0.40861525803715615,0.4209479061196419,0.4188958513249003,0.44802194793491634,0.45406789526444635,0.0,0.39365634302712854,0.4451116393551619,0.4554247548386816,0.3695797763862105,0.43932937196690847,0.45198958982062026,0.40291815778040724
0.35319553940286497,0.34346577254539945,0.0,0.0,0.3525780660168892,0.3481629993619466,0.38397632400233245,0.4232982109183858,0.34600055550454684,0.3134745401264597,0.0,0.321919691509464,0.3766818085132032,0.0,0.36677130355241305,0.3689227901027397,0.32525780748041483,0.3464090202530737,0.0,0.37442499648106164,0.33791819310296894,0.37784823983253857,0.337385952913255,0.27082095859589755,0.32329405677985723,0.35549795036740817,0.361118291685917,0.36334280348955117,0.36870921996446787,0.3524979765988272,0.3032097061239815,0.34418724193420275,0.0,0.23850768770265993,0.38149126073083234,0.4802084528950241,0.28151628754426355,0.18285199538899538,0.28491325983382787,0.41180958121309486,0.25154386592538536,0.4647612533419383,0.0,0.0,0.28200092481533795,0.4230224220492706,0.4225217904962894,0.0,0.0,0.0,0.37075989245374846,0.0,0.0,0.0,0.3706104385732255,0.0,0.37143859476809504,0.0,0.0,0.46746739411628746,0.41643151478723245,0.3764555909468882,0.4079148936779041,0.0,0.3830231003359115,0.41888747036153395,0.4414743478145191,0.4572388066546399,0.3582128113298828,0.41284520812690567,0.4347457473675247,0.4345059686016609,0.0,0.3994043196563375,0.0,0.34535461982037347
0.3408147916532028,0.33821847589559806,0.39195840382636105,0.3128529830895499,0.39087892186624107,0.3978096408167652,0.4045659066292531,0.4101013690937063,0.398556405405508,0.3176204182041036,0.38609543397780327,0.2767854106215828,0.38855086161134333,0.0,0.41180571674528116,0.3769019053517249,0.3428079339972212,0.3557514005266264,0.3269759885354049,0.4154965746593854,0.38751383365925013,0.4190570967865288,0.3972396547168945,0.2551730832942367,0.34402378362357017,0.36531650699075163,0.4104481470505483,0.3731432216844726,0.4097464810552596,0.38051274637754073,0.28467328370612915,0.3310246744280989,0.23850768770265993,0.0,0.25886403292253224,0.39096644442597145,0.3207077219835811,0.22721985559549823,0.29242563717044606,0.2436971295490143,0.24247787882729166,0.3284605713065323,0.0,0.35543040489447447,0.2554264913447656,0.38867604297124864,0.4106134280036085,0.0,0.0,0.0,0.402569720441226,0.3236369669410181,0.45971819279467147,0.34446369542077115,0.3577276966569211,0.31946314469892834,0.34058764512805734,0.3703391094910603,0.0,0.4630861093527504,0.3982095557389093,0.0,0.42147134076491366,0.0,0.4436220207545405,0.4227822237449004,0.44778298407742995,0.4688563665230012,0.3728431318747476,0.41489669294153214,0.4384465046120274,0.4765952270780798,0.41287758279489306,0.43485710312927534,0.0,0.429536889328594
0.39472423023712233,0.37980605600270956,0.4237314423228928,0.3097973058285125,0.3855018349619575,0.42180649154533123,0.41713597833363025,0.40853171038479513,0.3936991128110461,0.31514836996945095,0.3893177916751181,0.2768074325395684,0.3966096270420928,0.0,0.450116273352286,0.42809594599108874,0.3515387100786786,0.3665790046118065,0.3886138021333659,0.45922741132262823,0.43947642860556285,0.46754025845869895,0.397278521109938,0.2695593732002082,0.37075926116415986,0.42391143724689206,0.4308160786149388,0.35512709502825246,0.4504071878362029,0.39993682665086544,0.27280543746357316,0.35481187592887903,0.38149126073083234,0.25886403292253224,0.0,0.425555405499375,0.3352057901658875,0.2512359514022889,0.3396412949257916,0.2390430413527554,0.2657594279852931,0.36623204468862247,0.32913459608112516,0.3257809553975043,0.22997019148254147,0.0,0.4493164620041422,0.0,0.0,0.0,0.394223133358663,0.36918670810821264,0.45752183431763094,0.0,0.0,0.31077119445774193,0.33416179040287286,0.34879324894908775,0.0,0.4893284114745395,0.4144046640847922,0.0,0.42860057053683065,0.0,0.4233820084595575,0.47266891121734306,0.4768707375393538,0.4915801807769713,0.0,0.42480358330965184,0.47985964589384633,0.47633287481479214,0.3041127374685933,0.43994013330898996,0.0,0.3875214667514653
