0,1,2,3,4,5,6,7,8,9,10,11,12,13,14,15,16,17,18,19,20,21,22,23,24,25,26,27,28,29,30,31,32,33,34,35,36,37,38,39,40,41,42,43,44,45,46,47,48,49,50,51,52,53,54,55,56,57,58,59,60,61,62,63,64,65,66,67,68,69,70,71,72,73,74,75
0.0,0.40149857760432395,0.36064680497845664,0.0,0.0,0.3606521056034711,0.2998498228443457,0.4990817814288161,0.28237449570605444,0.3730883547701511,0.0,0.33155445308588116,0.36036077760740154,0.0,0.37914657990809664,0.3734368285086361,0.3808908195257964,0.36913932488556567,0.0,0.41844975023792264,0.3869830043494405,0.3986962116681633,0.45276073502425535,0.3653179270739258,0.37707836430172165,0.37492839275270373,0.4048952443917148,0.37102013633481584,0.3952994879229538,0.0,0.3403222689178182,0.3860184285792547,0.31141697965336357,0.3221075647352773,0.36453301456185094,0.0,0.0,0.0,0.3839711377308084,0.3977334276007976,0.4293515461028124,0.0,0.0,0.0,0.0,0.37678845043991416,0.4709906462373685,0.0,0.0,0.0,0.0,0.0,0.0,0.0,0.0,0.0,0.0,0.0,0.0,0.0,0.4518493531627976,0.0,0.42015768969197786,0.0,0.0,0.3524472863290016,0.4629310644531338,0.45802999510299525,0.39286828940223223,0.42290415579191576,0.43390533667004144,0.0,0.0,0.0,0.0,0.36747515450530427
0.40149857760432395,0.0,0.35663853841130866,0.0,0.4152901332968797,0.4270881420566757,0.43564726985757685,0.46264565255285334,0.4143921691592258,0.32940305286189775,0.0,0.29772310120238843,0.4500045960781663,0.0,0.43280060163965534,0.42272982628393835,0.0,0.4352343623702401,0.0,0.45618106164567546,0.4041176565336705,0.4412678407877361,0.4323354387693256,0.35196373524962427,0.43054093573507285,0.4244301414135477,0.44721907298325836,0.4391895056297032,0.4467705484812383,0.0,0.37260935715176563,0.4110346470196525,0.3820445000852226,0.3813084662950147,0.4217911365705995,0.0,0.0,0.0,0.44809488132501335,0.4473552566556023,0.45867536668636144,0.47710477001906704,0.0,0.0,0.0,0.45100177973969147,0.4754351159511196,0.0,0.0,0.0,0.43793592837717793,0.0,0.0,0.0,0.3772351622267876,0.0,0.0,0.33132820766020465,0.0,0.4558445377612578,0.4701745453802889,0.3594278780714276,0.45344656148184304,0.0,0.4632947637002078,0.4399050647316291,0.4702596088156304,0.43832818052723926,0.0,0.4600402310852544,0.47484873362885915,0.46978181115561835,0.0,0.46846762326891084,0.0,0.438139153214639
0.36064680497845664,0.35663853841130866,0.0,0.37887218563382413,0.40828917011896165,0.43526400051708036,0.4652688550292868,0.45759753575156514,0.3189052205405185,0.4280633982289989,0.3252132233055706,0.3634436695170273,0.4722021586069569,0.4192564028782459,0.0,0.0,0.0,0.0,0.26635562260766316,0.0,0.38733613480367335,0.0,0.3052354361556353,0.3630449492570952,0.2801722680443999,0.3100182223197295,0.38034590341959,0.4665677421210129,0.3911659681737675,0.4378866864378288,0.48018107154822903,0.4426511134504494,0.37252321780092107,0.4726073267429515,0.4679978726119005,0.3993266237666011,0.45607411676739185,0.366486262812598,0.4181410919029286,0.0,0.39270058620452375,0.0,0.46021048607651266,0.348566955063245,0.0,0.0,0.0,0.48030705206313634,0.0,0.4289326540430754,0.5500098650478238,0.4600866242716922,0.48463213499462793,0.5416477844351034,0.0,0.3626554335424377,0.0,0.4517113178133183,0.4397839795577898,0.0,0.0,0.0,0.0,0.3314932332213057,0.0,0.0,0.0,0.5628716757202403,0.0,0.0,0.0,0.5439498811875787,0.41720931201657996,0.4169869433353107,0.0,0.415837314963696
0.0,0.0,0.37887218563382413,0.0,0.22422688885516706,0.40994155460769655,0.27061562493376834,0.34693503623310606,0.4244025824664955,0.2957636894702145,0.3554047422622673,0.2872469634787106,0.32652003986671246,0.2518222014937882,0.0,0.0,0.0,0.0,0.4060790566875027,0.39766267291125956,0.0,0.0,0.40191406954945536,0.0,0.0,0.0,0.4114708753057793,0.2539794610170917,0.37642199818990685,0.0,0.31065272320829146,0.28715225697267555,0.2846045443716625,0.31581626222404696,0.2643649148397466,0.20244583813601472,0.2005730346448796,0.27957489755930776,0.21188696758465586,0.0,0.0,0.0,0.30111736727640437,0.23106930765138195,0.0,0.0,0.0,0.0,0.0,0.0,0.0,0.0,0.0,0.0,0.0,0.0,0.0,0.0,0.0,0.0,0.0,0.0,0.0,0.0,0.0,0.0,0.0,0.3401430959127364,0.0,0.0,0.0,0.33709655232472713,0.20090876054460735,0.0,0.0,0.0
0.0,0.4152901332968797,0.40828917011896165,0.22422688885516706,0.0,0.41031595958173656,0.33469345082176805,0.3659623833396415,0.36503578863083125,0.40446020125853005,0.3328499679860433,0.40918624531065895,0.37189977036189964,0.28147341624631134,0.0,0.4434792852861863,0.39616929390913125,0.3795153195101604,0.39997033509170943,0.0,0.0,0.48568484602747913,0.4038168314880278,0.410499494721255,0.35200928030894957,0.3594618589204025,0.4158657055042171,0.35057564524154955,0.4208662455384456,0.0,0.4459790979258179,0.34941005664566593,0.3736180017847548,0.4367770768476617,0.3658531403633201,0.22178710750333044,0.2055596419226436,0.36240301733000146,0.39039114688621546,0.0,0.0,0.36300800781930337,0.0,0.0,0.0,0.0,0.0,0.5784769083327227,0.0,0.0,0.45065045293439654,0.39223695682284265,0.0,0.4629790739001567,0.0,0.41719301451495494,0.0,0.35202872894020376,0.0,0.0,0.0,0.0,0.0,0.4230414072533114,0.0,0.0,0.0,0.4968251262521445,0.0,0.0,0.0,0.43781505000458276,0.3589440286290787,0.0,0.0,0.0
0.3606521056034711,0.4270881420566757,0.43526400051708036,0.40994155460769655,0.41031595958173656,0.0,0.4124718694938013,0.4401984917541862,0.3506473934379717,0.4148313334835537,0.39947448117890916,0.3619944310562644,0.39203517143816646,0.4495882864112466,0.4217193929869013,0.47405320309381455,0.34062649671556555,0.4378952844123492,0.4455477387595382,0.46545385992813004,0.41968493613331165,0.47330721807004006,0.42123808866595214,0.3333830043317963,0.3880107030687711,0.3872487076008664,0.3998066686796188,0.4034554114193117,0.408561180134196,0.42383174899968734,0.43976654797313053,0.41612369772824664,0.4009463755009966,0.4406684209002889,0.4469619316368186,0.43351239432153665,0.4460631682187347,0.3708206619948158,0.4597834379349083,0.36594892566684717,0.4633081492634916,0.41796520861057296,0.4781418280495633,0.3081909556749087,0.0,0.34215392795619126,0.3622033447843018,0.555514862413657,0.0,0.4806400777131594,0.5028085039648412,0.5038117661587296,0.49280790839720784,0.5520371391750688,0.0,0.4962725346284784,0.0,0.494019297206387,0.0,0.4052788809980867,0.31153454932079494,0.0,0.3043514237687777,0.5197166124332688,0.4178249569932135,0.42625985982772374,0.4222481980740632,0.5162075202996234,0.0,0.31352105994993357,0.3881253996768545,0.500835758335857,0.4963332199312374,0.46932393922625687,0.45461277989083204,0.485149707109086
0.2998498228443457,0.43564726985757685,0.4652688550292868,0.27061562493376834,0.33469345082176805,0.4124718694938013,0.0,0.43096427588406716,0.40856783770821403,0.4179805800329631,0.44418519445407023,0.4160717162977738,0.3504742999200478,0.35634718116277586,0.401904754027337,0.48237327606542485,0.4188090167023659,0.41490631764943126,0.4784435319554039,0.4306458605439652,0.35972141769104493,0.4827566889994359,0.4298361066156277,0.43001696261159317,0.3753614854105431,0.37054237577118676,0.4293265276691391,0.3533527572498104,0.42379485760283464,0.0,0.43555850493085096,0.40897390857604016,0.39047399174664027,0.43471300213481245,0.428520233457241,0.3114949022887417,0.2893088363548882,0.3866007167466977,0.3234759213611865,0.0,0.0,0.0,0.0,0.0,0.0,0.0,0.0,0.4666267197160752,0.0,0.0,0.42870743182523263,0.39324400651922925,0.42006956028980835,0.4303604539944774,0.4185747379004075,0.0,0.0,0.36503484246232487,0.0,0.3270429665370301,0.3361495629964284,0.0,0.0,0.0,0.33269039464585026,0.3104108167806875,0.0,0.49833144783465677,0.0,0.32886441621657414,0.3174080452990764,0.4573218113664549,0.35487602106529187,0.3496768749076454,0.0,0.0
0.4990817814288161,0.46264565255285334,0.45759753575156514,0.34693503623310606,0.3659623833396415,0.4401984917541862,0.43096427588406716,0.0,0.4957715392835017,0.42152328832958386,0.33243962076954153,0.3885597774326148,0.4465349071636551,0.3563423642861874,0.471426035808356,0.4634921235154599,0.3308381600855935,0.4546818075895047,0.43806200773143206,0.42673029641448573,0.4211899904424385,0.0,0.39504718682168094,0.5093177356641958,0.470232963523485,0.46182366292015936,0.46408869109055295,0.44256656638084313,0.42964199517067675,0.4182992865402614,0.46132185432620426,0.3941055165479485,0.41899311539001505,0.4585142356429313,0.43546332286563416,0.294717247828495,0.4044041238341538,0.0,0.46966186710864655,0.0,0.519156622719264,0.0,0.402950707269038,0.0,0.0,0.0,0.0,0.5424167906522146,0.0,0.4857970520152569,0.49218669237035806,0.5228852177539002,0.4464912301660978,0.5460308701314558,0.0,0.44706713704663964,0.0,0.49812935554645565,0.0,0.5168387419863111,0.0,0.0,0.0,0.49626032155400945,0.0,0.5552485527763871,0.0,0.5199951719570054,0.0,0.0,0.4229816439828301,0.5204695897602742,0.5009431385130183,0.49424101835418627,0.0,0.5011385886243062
0.28237449570605444,0.4143921691592258,0.3189052205405185,0.4244025824664955,0.36503578863083125,0.3506473934379717,0.40856783770821403,0.4957715392835017,0.0,0.47840758764475233,0.3574787387466974,0.4152188894804378,0.41888030760138933,0.4305541944702276,0.0,0.4319539623700688,0.3594537687043378,0.29918733077358195,0.30448132322367805,0.4470129391973102,0.3270112314551997,0.4703009456781784,0.4360711827355904,0.3942663209290346,0.3092725580413925,0.2968568683404878,0.38583521714838304,0.45883997372546687,0.4042287053316645,0.4274172278613434,0.4741836741881514,0.4418270235471229,0.4051681099730263,0.4662790788794837,0.4658245987162344,0.43309776158315216,0.4735735619723648,0.4309598221993665,0.4360399868324595,0.0,0.31889212983120524,0.3027900020431745,0.49463860527326664,0.32121576981500877,0.0,0.30960813769733064,0.3306559776760072,0.558326036037096,0.0,0.47188023732181983,0.5346772892947353,0.49854889894833754,0.5487343318192882,0.5443615471588787,0.0,0.52737268439159,0.0,0.4512284383304561,0.0,0.3294590094667203,0.31518610138357706,0.0,0.0,0.5320470028519878,0.3573105547132844,0.31142920126001783,0.0,0.5494795756290812,0.0,0.3077518806408474,0.31408740499701304,0.540848374677012,0.40771671401896464,0.37234313232833943,0.4434199744261152,0.35136165081600024
0.3730883547701511,0.32940305286189775,0.4280633982289989,0.2957636894702145,0.40446020125853005,0.4148313334835537,0.4179805800329631,0.42152328832958386,0.47840758764475233,0.0,0.47178626049642114,0.2895738754199868,0.43393998450844085,0.38640585832211005,0.0,0.38082996072905495,0.3428361955970814,0.3862186298029916,0.4848523511742303,0.3809786702070619,0.0,0.3730487715496092,0.4316955000160224,0.3560356821396661,0.3495152727639333,0.3401123774671467,0.4323395797187419,0.40350103069289417,0.3686101530169253,0.0,0.3501745626073773,0.31856030738365,0.3470888201412333,0.3286611819962625,0.3093319734363641,0.3429760308438891,0.2903571020325686,0.30822344481478736,0.25908116577810325,0.36064268134185884,0.363272382908796,0.39982339158816904,0.0,0.2627196015606845,0.3938574527749713,0.4609551453746503,0.0,0.0,0.0,0.0,0.0,0.0,0.0,0.4053915555755551,0.4733344840697686,0.0,0.48668505315397925,0.41495432127932536,0.0,0.0,0.4081879922651799,0.4317721094832199,0.43242448418160023,0.0,0.0,0.0,0.0,0.37355691018730064,0.4626680139785633,0.44179658620730233,0.4576732988424957,0.35069704989327133,0.39487425819402916,0.0,0.0,0.4171051410434666
0.0,0.0,0.3252132233055706,0.3554047422622673,0.3328499679860433,0.39947448117890916,0.44418519445407023,0.33243962076954153,0.3574787387466974,0.47178626049642114,0.0,0.432376813902997,0.4618973138111274,0.32339734492478683,0.0,0.35919508252470805,0.384406259695777,0.38298376489654784,0.30463537589749456,0.0,0.0,0.0,0.34790878853314877,0.44249220142801693,0.0,0.33401850283383183,0.4042125025238708,0.46303615428820977,0.0,0.0,0.4803794425966074,0.36602284580390143,0.4472154876535456,0.47911086960720445,0.46495802313680024,0.30613717595706985,0.43332295704558504,0.4308823981790769,0.39965050818983144,0.0,0.361413015486287,0.0,0.41055080754505363,0.3538259902026701,0.0,0.0,0.0,0.4505490937321556,0.0,0.4200793662978588,0.4859903479277619,0.44121098851320395,0.4318628049663005,0.3937189234483775,0.0,0.2642108703241694,0.0,0.4108836813218619,0.413240090343481,0.0,0.0,0.0,0.0,0.2575659599712331,0.0,0.0,0.0,0.5439279273344374,0.0,0.0,0.0,0.5338430360598253,0.37829984664260297,0.0,0.0,0.3888478276129115
0.33155445308588116,0.29772310120238843,0.3634436695170273,0.2872469634787106,0.40918624531065895,0.3619944310562644,0.4160717162977738,0.3885597774326148,0.4152188894804378,0.2895738754199868,0.432376813902997,0.0,0.45625277283101606,0.0,0.0,0.29430583708358404,0.3910338449397432,0.3766584595666477,0.40453833828475794,0.0,0.35693836332102213,0.30905672640556653,0.35009899904317593,0.31659995778656913,0.3842042341961238,0.31845312788791824,0.35314962651358967,0.39808265439959095,0.3177309800113538,0.0,0.3513489183808259,0.2494088797847574,0.347136059875878,0.2729360529660848,0.26876084619900836,0.35903590454074025,0.31417416741644416,0.2681691979404837,0.2549113940896223,0.34915860302047785,0.4031676044981552,0.34950885315792124,0.0,0.0,0.40261819807643257,0.4002773938476407,0.0,0.0,0.0,0.0,0.0,0.0,0.0,0.0,0.47363828233791927,0.0,0.481866350838622,0.4289751568382081,0.0,0.0,0.0,0.44998352747239606,0.43448758882773647,0.0,0.0,0.0,0.0,0.0,0.43617277157977113,0.45064617647767463,0.46043699140190536,0.0,0.44085292251868424,0.0,0.0,0.41697119782850556
0.36036077760740154,0.4500045960781663,0.4722021586069569,0.32652003986671246,0.37189977036189964,0.39203517143816646,0.3504742999200478,0.4465349071636551,0.41888030760138933,0.43393998450844085,0.4618973138111274,0.45625277283101606,0.0,0.3844951574577926,0.4042744259960343,0.4803609438050292,0.44613453723832497,0.45680659740568125,0.4821892964666532,0.4334946422602869,0.39158447755904396,0.48556510176202167,0.43668712590441755,0.47913850246289824,0.42139478933557967,0.4238677390308104,0.43813957721157915,0.35534382210289905,0.41127567469805537,0.3696065088109646,0.4234984883366896,0.42071276806368924,0.42322110757423287,0.4321837223451309,0.41891734543953946,0.35963024112745134,0.36261532386791956,0.41617256660941665,0.377922922234561,0.0,0.4089872599756317,0.3021723158765124,0.35513167855857236,0.28268305695990903,0.0,0.32409561468623815,0.32563635711812167,0.4699604622351644,0.0,0.0,0.4607331908156129,0.398541877656565,0.48057429176070865,0.4227733541334806,0.40230098836786055,0.0,0.47718042333179456,0.3692479994853264,0.4382805046424613,0.3305221957363599,0.3158022420331359,0.0,0.321663239464272,0.4452898489753603,0.3813635751778993,0.3855145333575689,0.30713429671389114,0.505313981168237,0.0,0.3323066316147232,0.3441103372097569,0.48121836652582944,0.3843928739426619,0.4117324211421611,0.0,0.37680052115825163
0.0,0.0,0.4192564028782459,0.2518222014937882,0.28147341624631134,0.4495882864112466,0.35634718116277586,0.3563423642861874,0.4305541944702276,0.38640585832211005,0.32339734492478683,0.0,0.3844951574577926,0.0,0.0,0.0,0.0,0.0,0.39373071835118134,0.0,0.0,0.0,0.3990521809986931,0.0,0.0,0.0,0.4572616949462034,0.30848506217400345,0.0,0.0,0.0,0.28038911490976964,0.0,0.0,0.0,0.2441733052866446,0.18742672404238447,0.0,0.0,0.0,0.0,0.0,0.3868946518572536,0.0,0.0,0.0,0.0,0.45054625246898067,0.0,0.0,0.0,0.0,0.0,0.0,0.0,0.3947186201832063,0.0,0.0,0.4540239751861797,0.0,0.0,0.0,0.0,0.47911633102542706,0.0,0.0,0.0,0.488945126011203,0.0,0.0,0.0,0.46317073636275474,0.0,0.0,0.0,0.0
0.37914657990809664,0.43280060163965534,0.0,0.0,0.0,0.4217193929869013,0.401904754027337,0.471426035808356,0.0,0.0,0.0,0.0,0.4042744259960343,0.0,0.0,0.40307862060861366,0.0,0.41147174518829976,0.0,0.3785176017781519,0.3986333690131044,0.404219547727187,0.40275807257370405,0.4218316308527718,0.38521525265009154,0.37636157019586725,0.41906502271254215,0.3950481443708849,0.3903794620316344,0.0,0.3941133333266926,0.4037645089368961,0.3818577181651761,0.4047269915679507,0.4307018625056468,0.49155694841835096,0.0,0.0,0.4292785052822776,0.4670168309846251,0.4495223651897972,0.4725840518992178,0.0,0.0,0.0,0.0,0.4799025907613277,0.0,0.0,0.0,0.4524324871027501,0.0,0.0,0.0,0.0,0.0,0.0,0.0,0.0,0.4703373359062809,0.45263234846961137,0.0,0.34860609115169117,0.0,0.4591559556747409,0.44073579689153564,0.48416539453467106,0.4642261670480575,0.0,0.3967581215453292,0.4876312945930896,0.4692915663630092,0.5283080112996749,0.4508054569735663,0.0,0.4285834660013158
0.3734368285086361,0.42272982628393835,0.0,0.0,0.4434792852861863,0.47405320309381455,0.48237327606542485,0.4634921235154599,0.4319539623700688,0.38082996072905495,0.35919508252470805,0.29430583708358404,0.4803609438050292,0.0,0.40307862060861366,0.0,0.3779292559933082,0.34981618251119123,0.0,0.42024572606745303,0.3939294307468515,0.38808612774964973,0.42533767585295873,0.34907602400033527,0.4021714383402455,0.4024663638245562,0.4442991261889303,0.47107217479360186,0.4688115274404852,0.4497973044390114,0.3548095438474071,0.4342812844504086,0.3802230352465243,0.3858848611679118,0.4265636262188036,0.0,0.0,0.29003232564159787,0.42320017164779766,0.42704025820243474,0.43791286945875535,0.4534479517526663,0.0,0.0,0.0,0.43829345669251246,0.4589128466010425,0.0,0.0,0.0,0.33745661573530705,0.0,0.0,0.0,0.3593325112486113,0.0,0.3843959078484182,0.0,0.0,0.4253502872544527,0.4559346011022892,0.349181070317518,0.42600220070270045,0.0,0.0,0.4215862991902942,0.4424749613419947,0.3485629097880125,0.0,0.43643699719671875,0.446473943971122,0.399357718419261,0.0,0.3975683583982854,0.0,0.4186316668859314
0.3808908195257964,0.0,0.0,0.0,0.39616929390913125,0.34062649671556555,0.4188090167023659,0.3308381600855935,0.3594537687043378,0.3428361955970814,0.384406259695777,0.3910338449397432,0.44613453723832497,0.0,0.0,0.3779292559933082,0.0,0.3291430708325753,0.3849105314874331,0.3997702978734776,0.0,0.4077363530118744,0.3563552417897933,0.39441874400582466,0.3661277903389653,0.3990722198460318,0.3565983264142439,0.42697734514168373,0.38481750625880196,0.0,0.35288315165284573,0.40757185672137713,0.37278744290773025,0.3793093430071354,0.3721605802410174,0.503291571744563,0.0,0.33833746812791066,0.41031206449088553,0.35477220372549634,0.38320681210614577,0.0,0.0,0.0,0.3273979605791166,0.4531383497655737,0.0,0.0,0.0,0.0,0.0,0.0,0.0,0.0,0.4892904450702572,0.0,0.5166431607320502,0.0,0.0,0.0,0.0,0.4855578950251975,0.44954766386163264,0.0,0.0,0.0,0.0,0.0,0.4724613775688326,0.47019827712893697,0.4772792341879089,0.0,0.3378915865514792,0.0,0.0,0.4232220199716348
0.36913932488556567,0.4352343623702401,0.0,0.0,0.3795153195101604,0.4378952844123492,0.41490631764943126,0.4546818075895047,0.29918733077358195,0.3862186298029916,0.38298376489654784,0.3766584595666477,0.45680659740568125,0.0,0.41147174518829976,0.34981618251119123,0.3291430708325753,0.0,0.3961562358065786,0.4493069136369883,0.40599535519874547,0.4447153903997533,0.4361024217853656,0.36296100725975994,0.36412777647523026,0.38571130166729045,0.43186292906175405,0.44555034004399974,0.4592084738366284,0.38233521720340213,0.37223872487844484,0.4148543241416499,0.3805707232874109,0.40098530042350267,0.3991247067306736,0.4328008609791599,0.0,0.31991853158025907,0.41410124890743,0.40939323487756546,0.4300913717096129,0.44527869387777885,0.0,0.0,0.33090140888889247,0.4174948076384861,0.46000834168391774,0.0,0.0,0.0,0.3206555921928426,0.0,0.0,0.0,0.4650315450537945,0.0,0.47820352742334593,0.0,0.0,0.0,0.439998537433597,0.455899441010442,0.42526426751466323,0.0,0.32131011341992644,0.3578169228684742,0.4307785833236303,0.32373450404223714,0.45142609118073423,0.4351261221255757,0.44421000428462265,0.0,0.0,0.335274306126761,0.0,0.43285033403293216
0.0,0.0,0.26635562260766316,0.4060790566875027,0.39997033509170943,0.4455477387595382,0.4784435319554039,0.43806200773143206,0.30448132322367805,0.4848523511742303,0.30463537589749456,0.40453833828475794,0.4821892964666532,0.39373071835118134,0.0,0.0,0.3849105314874331,0.3961562358065786,0.0,0.0,0.0,0.0,0.3153048967333561,0.3913803355192087,0.3529203823845699,0.3667550389668685,0.3927017768437353,0.47918993427719414,0.3899809271860091,0.0,0.5002000165406043,0.44544154525978163,0.41867166730271743,0.5137821575976721,0.47295171360922067,0.4056108528127596,0.46495405058156875,0.41904183123599414,0.43005738222347667,0.0,0.0,0.0,0.44802934130996325,0.34899322484479445,0.0,0.0,0.0,0.5567125317213149,0.0,0.48834712263440105,0.5235749455500678,0.4820696806363714,0.5316869764285158,0.5383867677698291,0.0,0.5139204592524861,0.0,0.42796411068249657,0.4666384028173277,0.0,0.0,0.0,0.0,0.4722142390143283,0.0,0.0,0.0,0.5460016838895101,0.0,0.0,0.0,0.5415789070776225,0.36695293521586403,0.0,0.0,0.0
0.41844975023792264,0.45618106164567546,0.0,0.39766267291125956,0.0,0.46545385992813004,0.4306458605439652,0.42673029641448573,0.4470129391973102,0.3809786702070619,0.0,0.0,0.4334946422602869,0.0,0.3785176017781519,0.42024572606745303,0.3997702978734776,0.4493069136369883,0.0,0.0,0.42863432749454117,0.40996272614664886,0.34520689050503267,0.3420201462125642,0.4379538944475972,0.43107193824490414,0.37845756008143033,0.3831219418869053,0.37896337521169293,0.3488881195455964,0.3765120518027582,0.42902636814690287,0.397836036225263,0.4163775785806653,0.4494105155392549,0.4858562227585785,0.44621050872543455,0.0,0.4157347338228053,0.4373524147123807,0.4174741049173986,0.46523568601074006,0.0,0.0,0.0,0.0,0.47445760418351896,0.0,0.0,0.0,0.44130978694627254,0.3596233814443136,0.0,0.0,0.0,0.0,0.0,0.3974381920701042,0.0,0.44819462124345155,0.36807065507938275,0.0,0.33465786951913723,0.0,0.45038291423566895,0.44829870035746405,0.4763627361184016,0.45992284682219176,0.0,0.3416762645055597,0.5051661408136856,0.4688889183925555,0.4692410585907201,0.4288839629910842,0.0,0.43953900316366523
0.3869830043494405,0.4041176565336705,0.38733613480367335,0.0,0.0,0.41968493613331165,0.35972141769104493,0.4211899904424385,0.3270112314551997,0.0,0.0,0.35693836332102213,0.39158447755904396,0.0,0.3986333690131044,0.3939294307468515,0.0,0.40599535519874547,0.0,0.42863432749454117,0.0,0.42289752717720147,0.4200133159996031,0.4752133316037679,0.40795797901988157,0.4008641509608684,0.43284115707114346,0.39669870317843653,0.39384317625746806,0.36679762962477347,0.37899920542880167,0.39641428568828063,0.3630023394768235,0.376584775076765,0.41560150489067516,0.0,0.0,0.0,0.4268135031300089,0.4229294772634494,0.4333408717126708,0.46063820603455463,0.0,0.0,0.0,0.3537688783005395,0.4598053494278361,0.0,0.0,0.0,0.4690838732220454,0.0,0.4692616572640853,0.0,0.0,0.0,0.0,0.4584652402827274,0.0,0.44491619130782734,0.4467494870794107,0.0,0.3950946739148127,0.0,0.4404498956896704,0.409225339689464,0.47027866153887077,0.5097973873812968,0.0,0.38344475598690053,0.46380136307578074,0.4954620379290533,0.5057982393137744,0.4795137236987562,0.0,0.4353139739544596
0.3986962116681633,0.4412678407877361,0.0,0.0,0.48568484602747913,0.47330721807004006,0.4827566889994359,0.0,0.4703009456781784,0.3730487715496092,0.0,0.30905672640556653,0.48556510176202167,0.0,0.404219547727187,0.38808612774964973,0.4077363530118744,0.4447153903997533,0.0,0.40996272614664886,0.42289752717720147,0.0,0.4477174911963025,0.297940594878926,0.43775694136573245,0.42845831935278306,0.45798464737347194,0.3975460263381142,0.4466564323676915,0.0,0.38362838398726323,0.4305292165349652,0.39360568509352467,0.40618112201165557,0.44640690295932794,0.49445669842187057,0.49783162798179376,0.0,0.4318597606245658,0.4661782116904431,0.4700926799377904,0.4803609620198096,0.0,0.0,0.0,0.45299253754004554,0.4754536429289663,0.3766438143458604,0.0,0.0,0.4586747833975251,0.0,0.0,0.0,0.3430626744604773,0.0,0.0,0.3505085445580471,0.0,0.48195720572742723,0.4697351645732861,0.3388234573833943,0.42104474649267903,0.0,0.4712570895881958,0.46706607154056934,0.48728220977676673,0.4833433860924489,0.0,0.45960653889243575,0.4939602839738742,0.48891016251626196,0.0,0.46113005368812804,0.0,0.44916998945970954
0.45276073502425535,0.4323354387693256,0.3052354361556353,0.40191406954945536,0.4038168314880278,0.42123808866595214,0.4298361066156277,0.39504718682168094,0.4360711827355904,0.4316955000160224,0.34790878853314877,0.35009899904317593,0.43668712590441755,0.3990521809986931,0.40275807257370405,0.42533767585295873,0.3563552417897933,0.4361024217853656,0.3153048967333561,0.34520689050503267,0.4200133159996031,0.4477174911963025,0.0,0.4734914344497232,0.41555018548405565,0.4246277577166513,0.38314256728146384,0.4312571735551156,0.41581848566684787,0.41587705387390966,0.4415642172605906,0.4181397016790244,0.37233555772532356,0.44502075580220957,0.44334371428117253,0.3921234977046679,0.4462120076286538,0.36857325757643267,0.4714366537726972,0.0,0.49356801588934235,0.47395485664159254,0.4819912479760449,0.3728201612258853,0.0,0.0,0.4385064031503746,0.5670194138099193,0.0,0.516903769951343,0.5089976074366179,0.5300152841303795,0.5019302013364302,0.5636596638657105,0.0,0.526435021327256,0.0,0.5127782603656389,0.5111003213153833,0.4641728444357821,0.3589476422381627,0.0,0.0,0.5478793412942563,0.4688817551487614,0.5021211968469099,0.4700054988941872,0.5271066320208773,0.0,0.3160060883834679,0.45803394736510666,0.5124207535733463,0.5131272766241181,0.49139742006042453,0.5052563124014079,0.5017939523121795
0.3653179270739258,0.35196373524962427,0.3630449492570952,0.0,0.410499494721255,0.3333830043317963,0.43001696261159317,0.5093177356641958,0.3942663209290346,0.3560356821396661,0.44249220142801693,0.31659995778656913,0.47913850246289824,0.0,0.4218316308527718,0.34907602400033527,0.39441874400582466,0.36296100725975994,0.3913803355192087,0.3420201462125642,0.4752133316037679,0.297940594878926,0.4734914344497232,0.0,0.36026705579845686,0.3396115711645286,0.3671269042812537,0.4083226982022438,0.3222219453897038,0.0,0.3581155806361096,0.3174541388762256,0.29168818730116086,0.27001371791531703,0.3017402495540221,0.3815706466618793,0.3253053755670664,0.24647926245089463,0.30335208581055945,0.32560886557000673,0.34903930252558707,0.32517442565823107,0.0,0.0,0.333312395423983,0.40756450937985533,0.0,0.0,0.0,0.0,0.0,0.0,0.0,0.0,0.44784546352886634,0.0,0.4479207826457013,0.43856104993171735,0.0,0.0,0.39980684638013086,0.48887494386251495,0.4549211009377165,0.0,0.0,0.0,0.357403058576467,0.0,0.40280402390809117,0.4609567925929032,0.4631632605050611,0.0,0.4962563433245577,0.0,0.0,0.4125893435580471
0.37707836430172165,0.43054093573507285,0.2801722680443999,0.0,0.35200928030894957,0.3880107030687711,0.3753614854105431,0.470232963523485,0.3092725580413925,0.3495152727639333,0.0,0.3842042341961238,0.42139478933557967,0.0,0.38521525265009154,0.4021714383402455,0.3661277903389653,0.36412777647523026,0.3529203823845699,0.4379538944475972,0.40795797901988157,0.43775694136573245,0.41555018548405565,0.36026705579845686,0.0,0.38644524943262476,0.39432062713210997,0.4199613825876681,0.4176953639325796,0.0,0.38677269316662166,0.3920438440880545,0.3505435322263066,0.3757907920744997,0.3860134708323296,0.0,0.0,0.3579989765331516,0.42742959892523197,0.4158110849560088,0.43334127217183005,0.4527633712847437,0.0,0.0,0.3665073328004653,0.42372661313958876,0.47203315179377453,0.0,0.0,0.0,0.32202893342200656,0.0,0.0,0.0,0.47969612612691526,0.0,0.4871174570926884,0.3737600946044772,0.0,0.4191115855656592,0.45595166107200175,0.4720918849972938,0.42909412737807656,0.0,0.409883602546538,0.39901463696256856,0.4511038817553247,0.33124808279174134,0.4415175962147458,0.4399856685161642,0.4475448551056475,0.3465972606612086,0.398881474849461,0.415347859008812,0.0,0.4313409542706025
0.37492839275270373,0.4244301414135477,0.3100182223197295,0.0,0.3594618589204025,0.3872487076008664,0.37054237577118676,0.46182366292015936,0.2968568683404878,0.3401123774671467,0.33401850283383183,0.31845312788791824,0.4238677390308104,0.0,0.37636157019586725,0.4024663638245562,0.3990722198460318,0.38571130166729045,0.3667550389668685,0.43107193824490414,0.4008641509608684,0.42845831935278306,0.4246277577166513,0.3396115711645286,0.38644524943262476,0.0,0.4323571223324449,0.40739113031421603,0.4070147389121498,0.3141585760053469,0.3795382466587095,0.40422656637716453,0.36323019121281175,0.37883833240940823,0.4092995879674304,0.3735933893354021,0.0,0.36863404319700216,0.4205763031486302,0.4336732597176383,0.45817495280490345,0.4747615277593198,0.0,0.0,0.4373875675657244,0.4295361293546512,0.47935904059324447,0.0,0.0,0.0,0.4355482718852752,0.0,0.0,0.0,0.5103913538278295,0.0,0.5148061404103993,0.3771363538843603,0.0,0.4674743709406256,0.46920159487771457,0.4881520754339585,0.44089615655248393,0.0,0.4717603349832889,0.4497679908354487,0.48598629924884207,0.4586962886415147,0.43909737652215175,0.45210332419687477,0.4660868545383187,0.4813911380744913,0.4376371671540994,0.46366354341526766,0.0,0.44765407708607513
0.4048952443917148,0.44721907298325836,0.38034590341959,0.4114708753057793,0.4158657055042171,0.3998066686796188,0.4293265276691391,0.46408869109055295,0.38583521714838304,0.4323395797187419,0.4042125025238708,0.35314962651358967,0.43813957721157915,0.4572616949462034,0.41906502271254215,0.4442991261889303,0.3565983264142439,0.43186292906175405,0.3927017768437353,0.37845756008143033,0.43284115707114346,0.45798464737347194,0.38314256728146384,0.3671269042812537,0.39432062713210997,0.4323571223324449,0.0,0.43284268844260876,0.42309452858300745,0.4133570114250838,0.41667698462359737,0.4186456437177668,0.3844093538886945,0.42662333639506284,0.4399426257431023,0.4331979502183362,0.4472748336580366,0.3677227254504088,0.4390361234909856,0.43996262276129405,0.43977385767500066,0.4615645596283427,0.5028699897786566,0.3090254143247807,0.0,0.3226951368750621,0.4001008342952992,0.5620287579473018,0.0,0.4963666669746091,0.5035527424906386,0.528153327948794,0.5164823170025598,0.5647337833658027,0.0,0.5332751681446819,0.0,0.5001705009081415,0.0,0.4432110522796843,0.3198037671526259,0.0,0.3241168073959756,0.5183759170091439,0.43589878051565345,0.447446846935388,0.45056622496986565,0.517556010899389,0.0,0.2993230491856419,0.4726283045552318,0.5036841965642961,0.5027098973371689,0.4563396534380515,0.4817762159939322,0.4668165001295478
0.37102013633481584,0.4391895056297032,0.4665677421210129,0.2539794610170917,0.35057564524154955,0.4034554114193117,0.3533527572498104,0.44256656638084313,0.45883997372546687,0.40350103069289417,0.46303615428820977,0.39808265439959095,0.35534382210289905,0.30848506217400345,0.3950481443708849,0.47107217479360186,0.42697734514168373,0.44555034004399974,0.47918993427719414,0.3831219418869053,0.39669870317843653,0.3975460263381142,0.4312571735551156,0.4083226982022438,0.4199613825876681,0.40739113031421603,0.43284268844260876,0.0,0.37165432525316533,0.31865286519607017,0.37747263622672117,0.42141307471739503,0.4013297042251568,0.39668489977091154,0.37991031472382214,0.3015249678124057,0.29469370729547617,0.36571232812964505,0.3809051248372659,0.0,0.3248345703610297,0.3485962395849974,0.34442978890307224,0.2724417716672308,0.45019615162053306,0.3291282850509369,0.31970287470170705,0.4160245141958052,0.0,0.0,0.48845298383179614,0.3805355509253454,0.4885564428918371,0.39470280400080937,0.4002614125652262,0.4155022248053351,0.458111563007935,0.37659966324233485,0.0,0.41333236340929436,0.314115100981775,0.4918968994302315,0.29681504612563697,0.37131938590999514,0.4491864889076408,0.4485704508070456,0.36334877984533576,0.5068472532358289,0.0,0.3383509187714421,0.3735216960498934,0.4935596277775734,0.3734459161963145,0.45539497108330246,0.0,0.2982820667455691
0.3952994879229538,0.4467705484812383,0.3911659681737675,0.37642199818990685,0.4208662455384456,0.408561180134196,0.42379485760283464,0.42964199517067675,0.4042287053316645,0.3686101530169253,0.0,0.3177309800113538,0.41127567469805537,0.0,0.3903794620316344,0.4688115274404852,0.38481750625880196,0.4592084738366284,0.3899809271860091,0.37896337521169293,0.39384317625746806,0.4466564323676915,0.41581848566684787,0.3222219453897038,0.4176953639325796,0.4070147389121498,0.42309452858300745,0.37165432525316533,0.0,0.34128724038044733,0.37893279767824467,0.4247967187579478,0.3969728871782127,0.4191368620934544,0.4535584065629482,0.4846385561049142,0.42578160939778986,0.338763542613765,0.40722902861475546,0.397207268009502,0.41110715802202025,0.41839692348823815,0.3909730604547814,0.2900727038486942,0.0,0.3711643133498995,0.43016498828229627,0.42066106101172546,0.0,0.0,0.4513081004387789,0.3829405970881462,0.5001888944734197,0.37012273388627936,0.0,0.0,0.0,0.4382696430625149,0.0,0.4264854391910225,0.3376247888211349,0.0,0.31767518129701083,0.0,0.4189186941594557,0.4334429625817925,0.44213860393298476,0.4820659636971041,0.0,0.3120865685833182,0.43862239159773536,0.4713469431120962,0.4839998152902096,0.43741786909855784,0.42952120856652,0.4105486115139268
0.0,0.0,0.4378866864378288,0.0,0.0,0.42383174899968734,0.0,0.4182992865402614,0.4274172278613434,0.0,0.0,0.0,0.3696065088109646,0.0,0.0,0.4497973044390114,0.0,0.38233521720340213,0.0,0.3488881195455964,0.36679762962477347,0.0,0.41587705387390966,0.0,0.0,0.3141585760053469,0.4133570114250838,0.31865286519607017,0.34128724038044733,0.0,0.29334785930341595,0.42193132775139647,0.34819898154757084,0.3637684211189159,0.3455723405365305,0.43455255715651536,0.3585411060957817,0.0,0.0,0.0,0.0,0.0,0.30147040342465076,0.0,0.0,0.0,0.0,0.0,0.0,0.0,0.4347119165856892,0.0,0.0,0.0,0.0,0.0,0.0,0.0,0.0,0.0,0.0,0.0,0.0,0.0,0.0,0.0,0.0,0.49819625901620646,0.0,0.0,0.0,0.4762373322600177,0.0,0.4022847715144732,0.0,0.0
0.3403222689178182,0.37260935715176563,0.48018107154822903,0.31065272320829146,0.4459790979258179,0.43976654797313053,0.43555850493085096,0.46132185432620426,0.4741836741881514,0.3501745626073773,0.4803794425966074,0.3513489183808259,0.4234984883366896,0.0,0.3941133333266926,0.3548095438474071,0.35288315165284573,0.37223872487844484,0.5002000165406043,0.3765120518027582,0.37899920542880167,0.38362838398726323,0.4415642172605906,0.3581155806361096,0.38677269316662166,0.3795382466587095,0.41667698462359737,0.37747263622672117,0.37893279767824467,0.29334785930341595,0.0,0.38446123161562595,0.33983021726535356,0.28649463827015625,0.24348994076842911,0.44685335622224664,0.3484563929539258,0.2905985593078216,0.32475819565970043,0.3406784506048348,0.2751811684647968,0.0,0.2904999384602577,0.23360864470754203,0.3724154215868561,0.3640940639173256,0.44193254364450824,0.4580922364115911,0.0,0.0,0.48738047668710044,0.37397650852956527,0.5216136512842937,0.40412386421278995,0.4770369963248187,0.0,0.4698073236283725,0.3396063833430293,0.0,0.45633449416179367,0.43108175182952424,0.4555482517485282,0.4146094656638656,0.0,0.45035180246564915,0.4522839988386349,0.45873518967768917,0.5132196390956874,0.4785787480374622,0.42786934082567374,0.4472629814958999,0.4998535963858848,0.2747258639864618,0.4391874770636819,0.0,0.3930050136748999
0.3860184285792547,0.4110346470196525,0.4426511134504494,0.28715225697267555,0.34941005664566593,0.41612369772824664,0.40897390857604016,0.3941055165479485,0.4418270235471229,0.31856030738365,0.36602284580390143,0.2494088797847574,0.42071276806368924,0.28038911490976964,0.4037645089368961,0.4342812844504086,0.40757185672137713,0.4148543241416499,0.44544154525978163,0.42902636814690287,0.39641428568828063,0.4305292165349652,0.4181397016790244,0.3174541388762256,0.3920438440880545,0.40422656637716453,0.4186456437177668,0.42141307471739503,0.4247967187579478,0.42193132775139647,0.38446123161562595,0.0,0.3534537969997398,0.38419756027718915,0.3898171974351639,0.26594354265422554,0.3165193068668272,0.2669332432420026,0.2582949548477415,0.29388331992081784,0.3281986368835726,0.3335720420626113,0.3142434626585571,0.30143196453706667,0.28042939279194234,0.41097974691559613,0.45051068085151885,0.4649419441387341,0.26734223561464154,0.40124299624714493,0.4920034647691398,0.3588900092181749,0.480517346074241,0.45834663161106975,0.2987411675300281,0.37871230946033835,0.28475691771496836,0.36241564545916377,0.0,0.45405624578328324,0.41559498326323263,0.3842490348130444,0.4144774434979488,0.45270709748906857,0.44402459959493557,0.4345531742763138,0.4587219818173285,0.5046841983748691,0.24238717447177077,0.40034974907812365,0.44096133594494447,0.48945305367698855,0.3269125259222907,0.46760330296990193,0.48500907244842506,0.34225241393926326
0.31141697965336357,0.3820445000852226,0.37252321780092107,0.2846045443716625,0.3736180017847548,0.4009463755009966,0.39047399174664027,0.41899311539001505,0.4051681099730263,0.3470888201412333,0.4472154876535456,0.347136059875878,0.42322110757423287,0.0,0.3818577181651761,0.3802230352465243,0.37278744290773025,0.3805707232874109,0.41867166730271743,0.397836036225263,0.3630023394768235,0.39360568509352467,0.37233555772532356,0.29168818730116086,0.3505435322263066,0.36323019121281175,0.3844093538886945,0.4013297042251568,0.3969728871782127,0.34819898154757084,0.33983021726535356,0.3534537969997398,0.0,0.2771953682316957,0.37605310313123125,0.4305009094442418,0.29404991580636614,0.19205468253438168,0.30875963554053515,0.21528620621296282,0.3149675846390493,0.35161177235199786,0.0,0.0,0.24762233945129875,0.4093549658861522,0.4464523400604225,0.0,0.0,0.0,0.0,0.0,0.0,0.0,0.355407450497979,0.0,0.38193730544955506,0.3388716727467544,0.0,0.46134940609268094,0.4406949916374137,0.34299659933437354,0.38666623452115484,0.0,0.4421152169857155,0.40222311589941595,0.46309269403816805,0.47422196971455094,0.3412799478253345,0.38385791373423017,0.39474564103760046,0.0,0.33460272555857085,0.0,0.0,0.3124738177902385
0.3221075647352773,0.3813084662950147,0.4726073267429515,0.31581626222404696,0.4367770768476617,0.4406684209002889,0.43471300213481245,0.4585142356429313,0.4662790788794837,0.3286611819962625,0.47911086960720445,0.2729360529660848,0.4321837223451309,0.0,0.4047269915679507,0.3858848611679118,0.3793093430071354,0.40098530042350267,0.5137821575976721,0.4163775785806653,0.376584775076765,0.40618112201165557,0.44502075580220957,0.27001371791531703,0.3757907920744997,0.37883833240940823,0.42662333639506284,0.39668489977091154,0.4191368620934544,0.3637684211189159,0.28649463827015625,0.38419756027718915,0.2771953682316957,0.0,0.3234546700925108,0.4144900840529942,0.3248288202161557,0.22438212765828025,0.32771595735642134,0.2428819274415761,0.2708268669173828,0.34248109219673517,0.2937641873442303,0.2885632288471836,0.2516714150279558,0.394621638214163,0.4510843640258481,0.4185373179221731,0.0,0.0,0.44069483917322,0.26116297705641855,0.5033691935588234,0.31910540538931265,0.3288779360523645,0.3094188883864223,0.33071462376954724,0.23649531146280173,0.0,0.4615836987421967,0.4376144654059244,0.32169424661040064,0.40949696521663564,0.3026402969888642,0.46014535064922696,0.3906282740030621,0.4631304154435225,0.4917389957584442,0.2820862653404359,0.40948187480889847,0.43405576271304847,0.46927984267122924,0.25581757393525517,0.4630010992938621,0.0,0.22855412373206255
0.36453301456185094,0.4217911365705995,0.4679978726119005,0.2643649148397466,0.3658531403633201,0.4469619316368186,0.428520233457241,0.43546332286563416,0.4658245987162344,0.3093319734363641,0.46495802313680024,0.26876084619900836,0.41891734543953946,0.0,0.4307018625056468,0.4265636262188036,0.3721605802410174,0.3991247067306736,0.47295171360922067,0.4494105155392549,0.41560150489067516,0.44640690295932794,0.44334371428117253,0.3017402495540221,0.3860134708323296,0.4092995879674304,0.4399426257431023,0.37991031472382214,0.4535584065629482,0.3455723405365305,0.24348994076842911,0.3898171974351639,0.37605310313123125,0.3234546700925108,0.0,0.3976895178407606,0.3289545801688774,0.2595905295145541,0.3348567134910068,0.30341082638865,0.3086639843857374,0.36555895257206167,0.31340546033541045,0.30692904727048925,0.3121949048049998,0.4791823127783075,0.47385070498533566,0.0,0.2800228235044383,0.0,0.3705694958569269,0.0,0.0,0.31951394095879354,0.28914591542944323,0.3652418370605443,0.31055197563702897,0.28388852137480525,0.0,0.48038155402447463,0.45149946636784527,0.0,0.4030766331168852,0.34310195291704954,0.46044597262261877,0.4880446581244301,0.4854023252273906,0.43757738860985274,0.28871199257784713,0.40790739245693225,0.457458061985354,0.41430544070849,0.28191809557533004,0.0,0.0,0.2481554967462865
