0,1,2,3,4,5,6,7,8,9,10,11,12,13,14,15,16,17,18,19,20,21,22,23,24,25,26,27,28,29,30,31,32,33,34,35,36,37,38,39,40,41,42,43,44,45,46,47,48,49,50,51,52,53,54,55,56,57,58,59,60,61,62,63,64,65,66,67,68,69,70,71,72,73,74,75
0.0,0.3904208879625991,0.0,0.0,0.0,0.40317774251383903,0.3202145666145799,0.46138253231980575,0.0,0.0,0.0,0.4162953464576388,0.3703119147264263,0.0,0.39179804633220705,0.37756671165909367,0.4286754515386856,0.40587771016507385,0.0,0.4301335878154996,0.3878051287775488,0.3890281743638939,0.4432328588273662,0.34916298046216077,0.3889765622118172,0.3653866573829973,0.45796329026412674,0.38702987134065064,0.40448092767240523,0.35055665729242347,0.34024271846077886,0.3890809916994363,0.3083669810914987,0.30226765923406235,0.3307523872289222,0.0,0.0,0.3771198415436694,0.44958049576824594,0.41761645663183045,0.4381893226964817,0.0,0.0,0.0,0.0,0.3355726166434962,0.480906761402036,0.0,0.0,0.0,0.3573798592259049,0.0,0.0,0.0,0.0,0.0,0.0,0.0,0.0,0.0,0.4710075977268796,0.0,0.465289361164274,0.0,0.0,0.3697692344306279,0.46095448988110177,0.0,0.0,0.45833552071496236,0.4537277509018195,0.0,0.0,0.4309022469645216,0.0,0.3821017861636097
0.3904208879625991,0.0,0.0,0.0,0.0,0.42834261658440437,0.453760635427634,0.0,0.43356178180212723,0.2974424055734497,0.0,0.0,0.4454143103676813,0.0,0.41415672803561226,0.4194539677430327,0.42994294748982476,0.4171876275394655,0.0,0.42095506372970065,0.4351289594565019,0.4030910955270428,0.43190639535255215,0.3540369953808875,0.3940486356234417,0.408218894030886,0.4347269517670805,0.4313952290904685,0.41749455506460675,0.0,0.34607183018038723,0.40653745870552077,0.3462960635954354,0.34671330460547795,0.37638436936230324,0.0,0.0,0.0,0.47306821690034456,0.4614410252839718,0.4643540447308767,0.4811693062360629,0.0,0.0,0.0,0.42915297589758394,0.4913326389590025,0.0,0.0,0.0,0.42526421346236987,0.3429004702114655,0.0,0.0,0.3332159149542541,0.0,0.0,0.31117534058222573,0.0,0.49901543375824425,0.47654818650202174,0.3715657875616203,0.4705140719679686,0.0,0.45676108767658935,0.4751559910991724,0.489281719471536,0.45835018850745063,0.0,0.46960324117225455,0.49021427017316777,0.4499601932079869,0.30958370713905625,0.454823687743674,0.0,0.4446746666591273
0.0,0.0,0.0,0.3695785043468967,0.4060832725548737,0.346813045761501,0.4659818644975748,0.4966421816710176,0.320738996680068,0.41459427562042056,0.3298940197074302,0.35497198590239276,0.46202967987497856,0.4400156228571512,0.0,0.0,0.0,0.0,0.2979804125298942,0.0,0.0,0.4389310718795437,0.3326896595630566,0.0,0.31793297057762887,0.0,0.3292001981946754,0.47048427889605926,0.0,0.4404177446924509,0.47158329151240475,0.42666524026200714,0.3534599596266784,0.46121406589040065,0.4480507997287639,0.4210015276597684,0.4201964173740249,0.3524300370419449,0.5453974311993685,0.0,0.0,0.0,0.5501576444366266,0.31210822035765484,0.0,0.0,0.0,0.3983168534378081,0.0,0.5327967232993611,0.5662433897243865,0.5951433111718624,0.5935604643943143,0.40915999846286943,0.0,0.36153501513719455,0.0,0.507222156967907,0.5513880234546379,0.0,0.0,0.0,0.0,0.24380185644397437,0.0,0.0,0.0,0.4881804312510126,0.0,0.0,0.0,0.4437568451285056,0.45018375791036036,0.44177638943619074,0.0,0.5118892731365426
0.0,0.0,0.3695785043468967,0.0,0.20297503075413523,0.4208277830651074,0.2486034000688408,0.3141400144848482,0.42883284321517323,0.21858439330772939,0.3676331541481713,0.27954582901680863,0.3194176451115625,0.24588533904320858,0.0,0.0,0.0,0.0,0.39466367794813656,0.4179446123377901,0.0,0.45700822406360375,0.39313298446613665,0.0,0.0,0.0,0.4114439676225745,0.21450127930094653,0.0,0.0,0.0,0.33591365033044396,0.0,0.3791465222709295,0.32351029450140456,0.1878256950939239,0.17800543532597676,0.2755765196219884,0.31548579450177144,0.0,0.0,0.0,0.0,0.2704828300489976,0.0,0.0,0.0,0.0,0.0,0.0,0.0,0.0,0.0,0.0,0.0,0.0,0.0,0.0,0.0,0.0,0.0,0.0,0.0,0.0,0.0,0.0,0.0,0.0,0.0,0.0,0.0,0.0,0.0,0.0,0.0,0.0
0.0,0.0,0.4060832725548737,0.20297503075413523,0.0,0.4224748350975316,0.38360395413838955,0.4049897536807218,0.3532155881620613,0.4317869849453699,0.3377249831444381,0.39547115278957234,0.42366643379740626,0.2593165613350097,0.0,0.4614775821390412,0.0,0.406935306598727,0.39421412735484584,0.0,0.0,0.0,0.44342323054086263,0.39657028177603515,0.42203735675458276,0.0,0.4110064496187657,0.3729828125842347,0.0,0.0,0.4708024568148687,0.3524061800400241,0.0,0.4553987681790771,0.43221017142923157,0.22493614462804493,0.19123793998276906,0.3889321262192521,0.0,0.0,0.0,0.0,0.4757996339145669,0.0,0.0,0.0,0.0,0.5289153264722796,0.0,0.4466694878453083,0.5155175408490292,0.0,0.0,0.4703270000573737,0.0,0.48211556345739326,0.0,0.3975253488172025,0.455965412615564,0.0,0.0,0.0,0.0,0.5194514471246815,0.0,0.0,0.0,0.5598904117755188,0.0,0.0,0.0,0.5484858798640849,0.3778577908245567,0.0,0.0,0.0
0.40317774251383903,0.42834261658440437,0.346813045761501,0.4208277830651074,0.4224748350975316,0.0,0.4431905064553197,0.47440457306244205,0.35268997467665636,0.4370297059586293,0.40755915113088853,0.3981834534479798,0.4151634241615162,0.47602158900939534,0.45665537982136944,0.4713404619425353,0.3321004063980347,0.45849067956798617,0.38598558255697984,0.43100624255476755,0.4827129513505942,0.44661475853610694,0.4288727466320165,0.37530070162262597,0.4208054714334009,0.4289726751898725,0.37934105369091387,0.4163532765039495,0.37766099993878055,0.4386398588610445,0.44254603545548216,0.42923119840022056,0.37181810108929647,0.4435241628374036,0.4447222142623554,0.4592500499981894,0.44530437775658094,0.38524590345755205,0.5263582509094902,0.4264762387632449,0.5645070684537619,0.5021245781396839,0.5567526968542275,0.30749187766334957,0.0,0.33973950656157376,0.3911653574633144,0.598725901651078,0.0,0.5254547004176182,0.5626436804621278,0.584320155867551,0.5506314458769285,0.5767555045995366,0.3610437266044567,0.5598296648265534,0.0,0.5765131309092187,0.5094121911645031,0.47978104021813983,0.3280589026890391,0.0,0.32141664103109163,0.5910204517309403,0.5234977191603483,0.45486527854026937,0.47425885378775967,0.5806943685846633,0.0,0.3227563441767864,0.4407557467524608,0.575115360982736,0.5674530973499842,0.5377435822769299,0.5080141856900606,0.5469527333062971
0.3202145666145799,0.453760635427634,0.4659818644975748,0.2486034000688408,0.38360395413838955,0.4431905064553197,0.0,0.4625624559407243,0.43386659753417417,0.4214582832375188,0.4615485683641348,0.37507835613121654,0.381410508558244,0.30498427973773984,0.0,0.5239500217232422,0.42203098197270206,0.4723754092958334,0.4739280256393456,0.4542004309141373,0.43510158550792494,0.48489665549646066,0.4632787675246335,0.41654916756384164,0.4795082437933599,0.424030834195472,0.46013105695209955,0.40739450453848447,0.4621397732715288,0.4781960540602894,0.44915619461243744,0.4117510225501065,0.38486620227638274,0.4231491491532691,0.3859849903899659,0.31537684999610055,0.2730372068439301,0.3740063138543631,0.36119660220477884,0.0,0.4293750463450393,0.3264717304697231,0.4566923359808166,0.28998014216043433,0.0,0.0,0.37450433688109164,0.5202398789458578,0.0,0.0,0.5413108815821553,0.4476725761721611,0.46983415082084823,0.48217092366912506,0.0,0.42649242755066075,0.0,0.4134555738188408,0.4637414915395274,0.0,0.0,0.0,0.0,0.461358194213466,0.4023425174240633,0.0,0.3777550479971372,0.5610492837802028,0.0,0.35182032757381965,0.3340636700565296,0.5765152044058237,0.4120782442650004,0.43123484051651384,0.0,0.40834143515347776
0.46138253231980575,0.0,0.4966421816710176,0.3141400144848482,0.4049897536807218,0.47440457306244205,0.4625624559407243,0.0,0.5013617888602384,0.3999027221863178,0.36260830382924863,0.41191480536695946,0.4605684339506956,0.3630485042789986,0.0,0.4325118465371386,0.0,0.444705594104743,0.4456112668236323,0.40123925873747845,0.4007506248187439,0.41935304182150457,0.380338811700379,0.4884860539834259,0.4618540144813926,0.4691994126576564,0.48281965315203407,0.44315819402547063,0.4234499374899305,0.4097152546978622,0.44592752841011385,0.38936521092847703,0.3763603579620155,0.4434101004984703,0.4368136835085832,0.2988297273874926,0.41045788348606527,0.32805455652000953,0.4913502437088061,0.0,0.5201961442016249,0.0,0.4764672311145962,0.0,0.0,0.0,0.0,0.5683374582281299,0.0,0.538281155191373,0.5269248569881261,0.5227462930695276,0.4610070525954787,0.5558541803720799,0.0,0.49935595821613377,0.0,0.5158795876377684,0.5160078571065505,0.5004951587269983,0.0,0.0,0.0,0.5424726232321265,0.5205687528628317,0.49468862114518597,0.5853314493077442,0.5449303141932339,0.0,0.34910361793728745,0.42672484065227123,0.5551194434445256,0.5184435670269292,0.507888876999158,0.43689228907068206,0.5153559689905751
0.0,0.43356178180212723,0.320738996680068,0.42883284321517323,0.3532155881620613,0.35268997467665636,0.43386659753417417,0.5013617888602384,0.0,0.49331445527246937,0.31748850699878123,0.41612434979750934,0.4253133286756517,0.4159816516479259,0.0,0.46085406471616097,0.3502028747333906,0.33124529892408267,0.31378995396356774,0.45025459193875506,0.3849562655989729,0.4599534328049825,0.42642645855469374,0.3881548667755901,0.38183880627312183,0.37639552429773265,0.3372288387494546,0.4723551367279017,0.4358464211058696,0.44205371189994364,0.4795854160392101,0.4392025629730073,0.3963857274973289,0.4673931221551039,0.46293871170168416,0.44089278208431576,0.4488623854483818,0.4314625142399251,0.45258302646621124,0.0,0.315072997963429,0.0,0.5309106366533161,0.30817760902979063,0.0,0.0,0.3569180239133334,0.5429207639230056,0.0,0.5086519794314472,0.5693269524378363,0.5420358785972851,0.5533519379211765,0.5708447082497218,0.32450783158190327,0.5570766582190684,0.0,0.4922658521725431,0.545174091987187,0.3795360076067149,0.0,0.0,0.0,0.5852675931376976,0.4240588291431402,0.0,0.0,0.5783576512130458,0.0,0.0,0.3539165584267747,0.5757231492579998,0.4544429489289765,0.44035635713941135,0.0,0.446648203663822
0.0,0.2974424055734497,0.41459427562042056,0.21858439330772939,0.4317869849453699,0.4370297059586293,0.4214582832375188,0.3999027221863178,0.49331445527246937,0.0,0.44163411362468896,0.2974337771911269,0.41736139909872727,0.41537489060769517,0.0,0.4303776302108309,0.352361247804015,0.3955230900333481,0.4388783227603667,0.3277905013523551,0.0,0.33388086973149755,0.0,0.31045048203319725,0.328173700243567,0.30955647833401284,0.40707926579757936,0.4066525984511294,0.3633673275697791,0.0,0.3600094012972582,0.3483425588816802,0.3430717174695323,0.33211820104424233,0.3467310255278433,0.34156462006957883,0.27726650429259914,0.2816030139964484,0.27633869720558274,0.39681041722518606,0.34796618409110913,0.0,0.3559933300023294,0.2829864252648079,0.38309841501887354,0.0,0.0,0.0,0.0,0.0,0.0,0.0,0.0,0.0,0.4673897622922545,0.0,0.4716587074890192,0.3798662535352343,0.0,0.0,0.39137706839502784,0.49955213525120373,0.4658103501898234,0.0,0.0,0.0,0.0,0.0,0.4230040849811554,0.4851732787754027,0.48428175346330443,0.0,0.4149184805568525,0.0,0.0,0.4140764745127726
0.0,0.0,0.3298940197074302,0.3676331541481713,0.3377249831444381,0.40755915113088853,0.4615485683641348,0.36260830382924863,0.31748850699878123,0.44163411362468896,0.0,0.40876977202700765,0.46486218489083714,0.3288753262890021,0.0,0.0,0.37585920818636986,0.36466515995296434,0.2780191030269428,0.0,0.39670453966767216,0.0,0.3377459357671092,0.4099215101759965,0.0,0.3447112165120264,0.3629478507750041,0.4661381874890724,0.3888289908136562,0.36544781823684275,0.4787507366813804,0.41335987321586487,0.38481806308869587,0.4599000529574358,0.4428198941758846,0.3575544653720233,0.39160048974221223,0.4133874037488974,0.44493836839600326,0.0,0.3362918777523696,0.32675131102580085,0.47585702412179903,0.3486190542213871,0.0,0.0,0.0,0.5287737934660005,0.0,0.4976080857096325,0.5209649838552372,0.4644288327411267,0.5040418990760568,0.5099173325151917,0.3734967690934918,0.3960924470652094,0.0,0.4629930055986279,0.498927872030204,0.0,0.0,0.0,0.0,0.30878723918940015,0.0,0.0,0.3938771717022638,0.5536430610036753,0.0,0.0,0.2936836741211817,0.5546144798900955,0.4220900687004003,0.45222834299338155,0.0,0.0
0.4162953464576388,0.0,0.35497198590239276,0.27954582901680863,0.39547115278957234,0.3981834534479798,0.37507835613121654,0.41191480536695946,0.41612434979750934,0.2974337771911269,0.40876977202700765,0.0,0.3668421374213407,0.32909571107566926,0.0,0.0,0.4053967309643763,0.40856695390945097,0.37174758697797883,0.0,0.0,0.0,0.0,0.26363479406639434,0.32531808657032374,0.2933819457788726,0.3730905386213093,0.3575320318019983,0.0,0.33619427370971766,0.36278595724687857,0.25100695863322947,0.2734840056187878,0.25121447302595556,0.29968892743180325,0.3399185276223381,0.32105510643541557,0.2107948571820298,0.2730246434410741,0.40235031335163646,0.3098136377514065,0.2862428639605644,0.29802687500352043,0.0,0.37126272098722396,0.0,0.0,0.0,0.0,0.0,0.0,0.0,0.0,0.0,0.4683089562370159,0.0,0.388677610172773,0.29185165437714855,0.0,0.0,0.0,0.4739563428046137,0.4653775093949583,0.0,0.0,0.0,0.0,0.0,0.4428648135897903,0.4846265360926027,0.4889025610884829,0.0,0.4017221411428594,0.0,0.0,0.41199591758808046
0.3703119147264263,0.4454143103676813,0.46202967987497856,0.3194176451115625,0.42366643379740626,0.4151634241615162,0.381410508558244,0.4605684339506956,0.4253133286756517,0.41736139909872727,0.46486218489083714,0.3668421374213407,0.0,0.3772643058595473,0.0,0.491590415619244,0.41310421906048606,0.4744514223669297,0.4670341100488928,0.4493260481395662,0.46361753101811876,0.48041091156136734,0.456883524619077,0.3886775613840149,0.4542248993307392,0.42458189093674703,0.4534665475920059,0.34483623808935654,0.40973298423833837,0.43126165018762963,0.41419435736520144,0.4113502709643891,0.3988206331837422,0.4027810934495063,0.38899546521323974,0.37408064365087856,0.36078275413870126,0.3602173961662863,0.5077189553647047,0.3650031781927662,0.34884246612756786,0.3258193504997114,0.4142086558518398,0.28517883568818203,0.0,0.3191127919963252,0.34614750847528153,0.5272881327807019,0.0,0.3978943811899897,0.5943464926353409,0.4520438636187101,0.5055248248613264,0.4656545013194238,0.0,0.4369741675167891,0.0,0.43906248881273735,0.40690014788476164,0.42451988163945903,0.3219933706046284,0.0,0.33868016123570177,0.4578268502398317,0.46757993111335316,0.4316395864365017,0.35145316844157226,0.5509424461396244,0.0,0.35521825471149093,0.37547263023847155,0.5667987436304077,0.46990130941106245,0.5195537925486313,0.4402070399622606,0.43061695547948114
0.0,0.0,0.4400156228571512,0.24588533904320858,0.2593165613350097,0.47602158900939534,0.30498427973773984,0.3630485042789986,0.4159816516479259,0.41537489060769517,0.3288753262890021,0.32909571107566926,0.3772643058595473,0.0,0.0,0.0,0.0,0.0,0.3779064650930364,0.0,0.4262986255447512,0.0,0.37949873455371325,0.0,0.421615347631552,0.41698186570385143,0.43112496951998447,0.25423263225483905,0.0,0.48131983076089757,0.45235547927007724,0.2575161505885436,0.0,0.41600581723635843,0.0,0.22206986096842615,0.18817258395659944,0.2747241631349904,0.0,0.0,0.0,0.0,0.46126020317282046,0.0,0.0,0.0,0.0,0.5146521876062828,0.0,0.510766113180618,0.0,0.0,0.0,0.0,0.0,0.46985818861251794,0.0,0.0,0.0,0.0,0.0,0.0,0.0,0.0,0.0,0.0,0.0,0.5087333146835155,0.0,0.0,0.0,0.5068504649208418,0.338570716450312,0.0,0.0,0.0
0.39179804633220705,0.41415672803561226,0.0,0.0,0.0,0.45665537982136944,0.0,0.0,0.0,0.0,0.0,0.0,0.0,0.0,0.0,0.4187413774725566,0.0,0.3983149124307574,0.0,0.37328747181882344,0.3923352791474025,0.37358460695121687,0.398850960036314,0.4428385980394731,0.39471307018795493,0.33832791148047636,0.43832664241514185,0.40724249103765414,0.4039177053954406,0.40600189540775494,0.38638366410334335,0.39876453036012727,0.3878921745077992,0.39252448510221466,0.42322832242978614,0.47577014347223906,0.4047398656672553,0.3086430172203385,0.48052368585733735,0.49861953392750624,0.4853829806453428,0.5175672554771265,0.0,0.0,0.0,0.0,0.5184534630396663,0.0,0.0,0.0,0.4699295425599733,0.0,0.0,0.0,0.0,0.0,0.0,0.4278945643108605,0.0,0.502888002607759,0.49128119093371614,0.0,0.3706333765540134,0.0,0.472549113253555,0.46375461058181583,0.5096101203721477,0.4967393143160006,0.0,0.39113739563466643,0.5476502688626266,0.4993749866859223,0.4413983112195158,0.47096714955011965,0.0,0.44177457643144086
0.37756671165909367,0.4194539677430327,0.0,0.0,0.4614775821390412,0.4713404619425353,0.5239500217232422,0.4325118465371386,0.46085406471616097,0.4303776302108309,0.0,0.0,0.491590415619244,0.0,0.4187413774725566,0.0,0.43346178647334227,0.4312427617802905,0.0,0.44118854751645104,0.42909154869605315,0.3745448172646995,0.4253444343991605,0.3850415050620453,0.43044578809795675,0.40615005720930253,0.45339262603321767,0.48464280810738636,0.4748366444384437,0.4128587660114162,0.3807324837400903,0.4454560617085749,0.37528127933245026,0.402001039941733,0.44118947705213735,0.40984809284864143,0.0,0.0,0.4643298730168356,0.4516914316099781,0.46069948236072544,0.46815916646222006,0.0,0.0,0.0,0.43988682812006447,0.48495353290156146,0.0,0.0,0.0,0.34277012402506635,0.0,0.0,0.0,0.0,0.0,0.0,0.32997989733104666,0.0,0.47410925542663557,0.4665296134651551,0.0,0.4575530300717561,0.0,0.4461327007797713,0.45840899925247375,0.4839926135272262,0.38972845460351224,0.0,0.46003009287887575,0.4800695378834369,0.41629393089418787,0.3316208223167776,0.41091525882896224,0.0,0.43693804956792814
0.4286754515386856,0.42994294748982476,0.0,0.0,0.0,0.3321004063980347,0.42203098197270206,0.0,0.3502028747333906,0.352361247804015,0.37585920818636986,0.4053967309643763,0.41310421906048606,0.0,0.0,0.43346178647334227,0.0,0.36199595060228534,0.3789122372856809,0.3571607838680927,0.0,0.3776165676307884,0.0,0.3994049646824551,0.38161321402338255,0.3980267082894546,0.337050048065594,0.4076105100594351,0.37054190274821674,0.2922509675387541,0.381379382758223,0.43011089984447354,0.38718721043726095,0.3837588362450952,0.4025018015651282,0.4375902904863259,0.0,0.3521005705159703,0.0,0.43375113936771514,0.0,0.0,0.0,0.0,0.0,0.0,0.0,0.0,0.0,0.0,0.0,0.0,0.0,0.0,0.5028028505822518,0.0,0.510874999866484,0.0,0.0,0.0,0.4250507722487137,0.4813407078139019,0.4745097007781025,0.0,0.0,0.0,0.0,0.0,0.48577115087050166,0.4677986407522977,0.4853856516916869,0.0,0.0,0.0,0.0,0.0
0.40587771016507385,0.4171876275394655,0.0,0.0,0.406935306598727,0.45849067956798617,0.4723754092958334,0.444705594104743,0.33124529892408267,0.3955230900333481,0.36466515995296434,0.40856695390945097,0.4744514223669297,0.0,0.3983149124307574,0.4312427617802905,0.36199595060228534,0.0,0.0,0.42621832754511013,0.4213457672128338,0.41947844989648636,0.43385851709053863,0.39024743318408317,0.3892203286772321,0.39931431853363786,0.44593077310768486,0.4578702273249842,0.46299648418829914,0.3866266934429592,0.39528048802625015,0.41760304696528816,0.37653207284121476,0.3988935227509797,0.4117186178098323,0.3335396610735622,0.0,0.3198235363677312,0.45819255035335654,0.43806089979163587,0.4513298065247754,0.4635257989557996,0.0,0.0,0.0,0.4586848243993042,0.47615563839759906,0.0,0.0,0.0,0.3355578647940084,0.0,0.0,0.0,0.49553963827973474,0.0,0.5023983071262631,0.0,0.0,0.0,0.46936943385091734,0.47054467681915274,0.4739031829017458,0.0,0.0,0.0,0.4636991490047449,0.0,0.5433430699827944,0.47701145046520654,0.49295180031925034,0.0,0.3320622905705103,0.35580068508678786,0.0,0.454087014879615
0.0,0.0,0.2979804125298942,0.39466367794813656,0.39421412735484584,0.38598558255697984,0.4739280256393456,0.4456112668236323,0.31378995396356774,0.4388783227603667,0.2780191030269428,0.37174758697797883,0.4670341100488928,0.3779064650930364,0.0,0.0,0.3789122372856809,0.0,0.0,0.0,0.0,0.0,0.35376871024818474,0.38356147223059767,0.0,0.35243380861758156,0.3410103210399639,0.4660633810657935,0.36285664916667604,0.42154422319914847,0.4686770694908427,0.41859368468802816,0.3615840164493659,0.44798830941605233,0.4331966464859438,0.4007924976261421,0.4321329962620931,0.3778488002736994,0.4568146706051346,0.0,0.0,0.0,0.5171119475113947,0.330638953304922,0.0,0.0,0.0,0.5666739989407601,0.0,0.5121843266837153,0.5729501216859204,0.5143666087201628,0.5694132108064576,0.562792629408335,0.29354141375049786,0.5411177901777044,0.0,0.47632431480555326,0.5309206020022532,0.0,0.0,0.0,0.0,0.5562890340086041,0.0,0.0,0.0,0.5786274028715593,0.0,0.0,0.0,0.5906084939660966,0.41181895502787014,0.4636534365002298,0.0,0.0
0.4301335878154996,0.42095506372970065,0.0,0.4179446123377901,0.0,0.43100624255476755,0.4542004309141373,0.40123925873747845,0.45025459193875506,0.3277905013523551,0.0,0.0,0.4493260481395662,0.0,0.37328747181882344,0.44118854751645104,0.3571607838680927,0.42621832754511013,0.0,0.0,0.43002657748152995,0.3644632139430115,0.2997493177264744,0.38470562849026857,0.4147100865585228,0.4372108373921622,0.3779783159970104,0.37627619993344974,0.34147304760704056,0.3943432195864853,0.3764733096208448,0.41659245232764075,0.36607725049826456,0.4119266935844347,0.42743606908156134,0.45818120251455724,0.41308339094819757,0.31821765002086794,0.45945787413989275,0.4461388163090453,0.463569569724395,0.46956294845934204,0.4042050588065893,0.0,0.0,0.0,0.4625696216160648,0.0,0.0,0.0,0.48891043076048146,0.3835852552959216,0.0,0.0,0.0,0.0,0.0,0.4230836883711315,0.0,0.4814322432386742,0.3667784324140423,0.0,0.3368930703207761,0.0,0.47584293672355554,0.47562790670711314,0.48140170707155056,0.5518675077511142,0.0,0.3308704141229575,0.4958035750100213,0.5246047452617126,0.4994037783966905,0.5305556808796507,0.0,0.45929365197731425
0.3878051287775488,0.4351289594565019,0.0,0.0,0.0,0.4827129513505942,0.43510158550792494,0.4007506248187439,0.3849562655989729,0.0,0.39670453966767216,0.0,0.46361753101811876,0.4262986255447512,0.3923352791474025,0.42909154869605315,0.0,0.4213457672128338,0.0,0.43002657748152995,0.0,0.4381794886372046,0.4146704150825965,0.4653620246610376,0.4308304546967015,0.4112370486961695,0.4679372796187605,0.45124536515258706,0.4284132572277996,0.4014628866528574,0.3818236020164214,0.4121107101456665,0.3632191253482758,0.3983525879010929,0.4285189162993871,0.440575546526335,0.4363437921635689,0.37743754352917314,0.4701425819422183,0.4984219532796005,0.47479217772479226,0.5009436681139006,0.0,0.0,0.0,0.3565980992063264,0.4988605976178225,0.0,0.0,0.0,0.4794067146602965,0.0,0.3695689796978395,0.0,0.0,0.0,0.0,0.43439789492927916,0.0,0.4698165204531739,0.4833364966152156,0.0,0.0,0.0,0.46447311588821294,0.39145753716896864,0.5046896392022282,0.5142168705090738,0.0,0.40882412343823404,0.5054206743860173,0.5305859592400796,0.4618324154694452,0.4887776591427456,0.0,0.4719455292682663
0.3890281743638939,0.4030910955270428,0.4389310718795437,0.45700822406360375,0.0,0.44661475853610694,0.48489665549646066,0.41935304182150457,0.4599534328049825,0.33388086973149755,0.0,0.0,0.48041091156136734,0.0,0.37358460695121687,0.3745448172646995,0.3776165676307884,0.41947844989648636,0.0,0.3644632139430115,0.4381794886372046,0.0,0.43912930643831305,0.0,0.4105212217870497,0.39829985061493495,0.4289080388322629,0.4346114585466716,0.41427004838293796,0.4002069919052028,0.3757943333216146,0.42554029278621613,0.397611471422087,0.4030142251610752,0.4401699458928272,0.47404497535798434,0.4380544038498736,0.0,0.47541382550970157,0.4880440906100703,0.483404986341206,0.5164268947595805,0.4983630331596686,0.0,0.0,0.43091451552564525,0.49679546307274725,0.0,0.0,0.0,0.4462299518067425,0.0,0.0,0.0,0.0,0.0,0.0,0.3310862913969144,0.0,0.5158554872849608,0.49996643283264036,0.3440551966312378,0.4230480285358107,0.0,0.48690640555481607,0.48556499117239993,0.5111547049569162,0.5002239503445587,0.0,0.45972898193573775,0.5169894243199764,0.4946322709264572,0.3858316928712481,0.46644666576598387,0.0,0.45086055511062884
0.4432328588273662,0.43190639535255215,0.3326896595630566,0.39313298446613665,0.44342323054086263,0.4288727466320165,0.4632787675246335,0.380338811700379,0.42642645855469374,0.0,0.3377459357671092,0.0,0.456883524619077,0.37949873455371325,0.398850960036314,0.4253444343991605,0.0,0.43385851709053863,0.35376871024818474,0.2997493177264744,0.4146704150825965,0.43912930643831305,0.0,0.4692388861196628,0.42223827760786437,0.44473479101278773,0.34336936654459155,0.4465463502852602,0.43216481621471486,0.42530892729057973,0.4308657599231594,0.4143772642680952,0.3854743622517451,0.44169730022243886,0.42279550709078595,0.4088749533143543,0.42687057961734026,0.4003817824573238,0.5223869158597694,0.5172586122687297,0.5371664374436736,0.5509312560332542,0.5234069708897636,0.0,0.0,0.0,0.4636177288478045,0.5942378747630007,0.0,0.5518838433349106,0.5465932772014146,0.5619323864146025,0.5244315010894909,0.5667218689824051,0.4488346774201735,0.5648967676477882,0.0,0.5390907759530611,0.5558790912126566,0.4959789511629093,0.3596757699037697,0.0,0.3552628104229,0.5959044260929531,0.5123537508901427,0.49914941944207863,0.49541137034092825,0.5636485448349413,0.0,0.339356792843707,0.4998642895265944,0.5648875890641544,0.5328569170682973,0.5344012903126065,0.5306011577458296,0.533522444602647
0.34916298046216077,0.3540369953808875,0.0,0.0,0.39657028177603515,0.37530070162262597,0.41654916756384164,0.4884860539834259,0.3881548667755901,0.31045048203319725,0.4099215101759965,0.26363479406639434,0.3886775613840149,0.0,0.4428385980394731,0.3850415050620453,0.3994049646824551,0.39024743318408317,0.38356147223059767,0.38470562849026857,0.4653620246610376,0.0,0.4692388861196628,0.0,0.3724885133659407,0.3421815762498793,0.4524321462524846,0.3900135587507061,0.3608528363099169,0.0,0.37059074996070296,0.3641173973914467,0.2902879337201542,0.2768224189645443,0.32879151732219714,0.3550402128340585,0.0,0.25699910826066125,0.4727043602408775,0.3607827300559056,0.3670032921711542,0.0,0.0,0.0,0.32499797112130335,0.4391857553581835,0.0,0.0,0.0,0.0,0.0,0.0,0.0,0.0,0.4523139419633039,0.0,0.4585395591896441,0.0,0.0,0.0,0.49074653012989355,0.5010222727251958,0.49450567267112894,0.0,0.0,0.0,0.0,0.0,0.4082385364373001,0.49316140819472265,0.5015883631474205,0.0,0.0,0.0,0.0,0.41984063775489794
0.3889765622118172,0.3940486356234417,0.31793297057762887,0.0,0.42203735675458276,0.4208054714334009,0.4795082437933599,0.4618540144813926,0.38183880627312183,0.328173700243567,0.0,0.32531808657032374,0.4542248993307392,0.421615347631552,0.39471307018795493,0.43044578809795675,0.38161321402338255,0.3892203286772321,0.0,0.4147100865585228,0.4308304546967015,0.4105212217870497,0.42223827760786437,0.3724885133659407,0.0,0.3705906629633381,0.41339829138465495,0.4409697223739041,0.4302278138863185,0.35033320623631603,0.38304273154463736,0.39725239804915863,0.3400232782872723,0.3697981706258659,0.37948501184606903,0.3136361109138893,0.0,0.35371100299791636,0.46097215894220905,0.4457820414616464,0.4563895559445804,0.45881519341356763,0.0,0.0,0.404250410021341,0.43639709111207214,0.4740479898071203,0.0,0.0,0.0,0.32793482552845465,0.0,0.0,0.0,0.4932135991793707,0.0,0.4880083980645577,0.35222022553797383,0.0,0.45676336383963,0.4667548717037142,0.47850032398691983,0.4724631845103556,0.0,0.4247896595700995,0.4327776278254458,0.483953383196007,0.36991494111607215,0.47516201530170743,0.46883789256141417,0.4796425527467656,0.35266504660952047,0.37367290683796794,0.41880936717512535,0.0,0.44560286518115977
0.3653866573829973,0.408218894030886,0.0,0.0,0.0,0.4289726751898725,0.424030834195472,0.4691994126576564,0.37639552429773265,0.30955647833401284,0.3447112165120264,0.2933819457788726,0.42458189093674703,0.41698186570385143,0.33832791148047636,0.40615005720930253,0.3980267082894546,0.39931431853363786,0.35243380861758156,0.4372108373921622,0.4112370486961695,0.39829985061493495,0.44473479101278773,0.3421815762498793,0.3705906629633381,0.0,0.4555114927438306,0.4084934056656122,0.41743620682619753,0.3353838902086168,0.37419377353479394,0.40697934818620335,0.3546166940639643,0.3695534601359863,0.3979971432748662,0.42042642589163687,0.3915786657986652,0.3319091413838608,0.47864663645315386,0.45385359474315684,0.47360592434941945,0.4820809307274044,0.0,0.0,0.41802344876241315,0.4423976787369297,0.5030226788357702,0.0,0.0,0.0,0.43606751864757665,0.3452174629680489,0.0,0.0,0.5108830660276039,0.0,0.5002304354954675,0.3626040208460078,0.0,0.5079272948843874,0.4863054959101206,0.48884930662100395,0.48097917996923567,0.0,0.46394549741015745,0.4851036818492423,0.5099126888640538,0.47922622961797495,0.46955134226873013,0.4786999913688447,0.49210335333606214,0.4617549666696016,0.39573720852872374,0.4472059814447579,0.0,0.4562489051843418
0.45796329026412674,0.4347269517670805,0.3292001981946754,0.4114439676225745,0.4110064496187657,0.37934105369091387,0.46013105695209955,0.48281965315203407,0.3372288387494546,0.40707926579757936,0.3629478507750041,0.3730905386213093,0.4534665475920059,0.43112496951998447,0.43832664241514185,0.45339262603321767,0.337050048065594,0.44593077310768486,0.3410103210399639,0.3779783159970104,0.4679372796187605,0.4289080388322629,0.34336936654459155,0.4524321462524846,0.41339829138465495,0.4555114927438306,0.0,0.45278331492709417,0.3764725904862417,0.4326857924779749,0.429021950443702,0.42727107756933846,0.3861092202123513,0.44757508933296986,0.4395177545145064,0.4671959966390331,0.4299742265550779,0.36934993819198103,0.5341101335558973,0.5241200427593807,0.5562085815388984,0.533257228478696,0.5407274868437039,0.3252744943767914,0.0,0.0,0.44430831600612214,0.5986716124368768,0.0,0.5320245216198484,0.5600864624979977,0.5843443285056426,0.5577107275870354,0.5783564945223721,0.4003528086081621,0.5685473941566462,0.0,0.594312359972131,0.5540987747126992,0.5021762813406199,0.34183821030673145,0.0,0.3371839745507745,0.5772946174409154,0.525882213812168,0.4956621608951762,0.5466251681563636,0.5808958859630822,0.0,0.31614417706586895,0.5255468310772756,0.5752544078807678,0.569971422705668,0.5559142328076138,0.5299591915992815,0.5347770867715248
0.38702987134065064,0.4313952290904685,0.47048427889605926,0.21450127930094653,0.3729828125842347,0.4163532765039495,0.40739450453848447,0.44315819402547063,0.4723551367279017,0.4066525984511294,0.4661381874890724,0.3575320318019983,0.34483623808935654,0.25423263225483905,0.40724249103765414,0.48464280810738636,0.4076105100594351,0.4578702273249842,0.4660633810657935,0.37627619993344974,0.45124536515258706,0.4346114585466716,0.4465463502852602,0.3900135587507061,0.4409697223739041,0.4084934056656122,0.45278331492709417,0.0,0.3791552217532259,0.30195652426813707,0.3903097496389651,0.40295266513805733,0.3800799877480441,0.3827758874376457,0.35487583685216634,0.26739119424304425,0.2338725494527897,0.3489827821934572,0.40287058311630025,0.32532095939323435,0.3421985645040371,0.37519053748493786,0.3783202544788039,0.27287182374495916,0.0,0.0,0.336333420559532,0.45912107611772274,0.0,0.0,0.5551874854715507,0.4019305275970344,0.5102610253505897,0.4162995102073239,0.3522488832156522,0.40433948237315964,0.0,0.46330495195647436,0.0,0.46317795480946283,0.3317949620119538,0.0,0.32253871149928415,0.39307333652770465,0.5001490149179124,0.4724037821604129,0.4029112924740095,0.5437308889882723,0.0,0.36057484164628295,0.3968649971896414,0.542368776073631,0.5222928274451718,0.5356298334453804,0.4396374172492778,0.5131208547251503
0.40448092767240523,0.41749455506460675,0.0,0.0,0.0,0.37766099993878055,0.4621397732715288,0.4234499374899305,0.4358464211058696,0.3633673275697791,0.3888289908136562,0.0,0.40973298423833837,0.0,0.4039177053954406,0.4748366444384437,0.37054190274821674,0.46299648418829914,0.36285664916667604,0.34147304760704056,0.4284132572277996,0.41427004838293796,0.43216481621471486,0.3608528363099169,0.4302278138863185,0.41743620682619753,0.3764725904862417,0.3791552217532259,0.0,0.3438192897284142,0.3745335630540597,0.4051798645298468,0.35998587641638474,0.42058405470812743,0.43157118262197225,0.4534561126286336,0.0,0.33181261480680285,0.4847672728105456,0.42696793553569,0.49011122371311133,0.48191916586138306,0.38946672797793846,0.0,0.0,0.3329571912747956,0.43419174489439616,0.45569039715750437,0.0,0.4047500128019604,0.5187159007954594,0.41110646307665955,0.5026980894451027,0.4024841714074808,0.0,0.0,0.0,0.4908628881201756,0.0,0.47387082616132203,0.33283052853389516,0.0,0.3299378896117077,0.0,0.48771708786873524,0.46670785675038784,0.46399718627175957,0.5335546450794709,0.0,0.31362260104310097,0.4626537151633525,0.5311205302875397,0.510736781918566,0.5045636262117917,0.47436024842899316,0.49816623975661245
0.35055665729242347,0.0,0.4404177446924509,0.0,0.0,0.4386398588610445,0.4781960540602894,0.4097152546978622,0.44205371189994364,0.0,0.36544781823684275,0.33619427370971766,0.43126165018762963,0.48131983076089757,0.40600189540775494,0.4128587660114162,0.2922509675387541,0.3866266934429592,0.42154422319914847,0.3943432195864853,0.4014628866528574,0.4002069919052028,0.42530892729057973,0.0,0.35033320623631603,0.3353838902086168,0.4326857924779749,0.30195652426813707,0.3438192897284142,0.0,0.3458273576979621,0.41334324675146056,0.32319549965798355,0.36924377298973116,0.3300896901466566,0.3905925630599978,0.0,0.3117715742289422,0.4925104258782448,0.0,0.4721055598631566,0.366166818406147,0.3971769501777097,0.6000445949461939,0.0,0.0,0.0,0.44585861144923317,0.0,0.0,0.47908184830974776,0.3865981792570069,0.4299121212292283,0.0,0.0,0.0,0.0,0.37530283399980935,0.0,0.0,0.0,0.0,0.0,0.0,0.48086688171677694,0.5296432221360473,0.43265957880876516,0.5390034113305998,0.0,0.0,0.0,0.5395361735339281,0.43169212109726274,0.4922668022819987,0.0,0.0
0.34024271846077886,0.34607183018038723,0.47158329151240475,0.0,0.4708024568148687,0.44254603545548216,0.44915619461243744,0.44592752841011385,0.4795854160392101,0.3600094012972582,0.4787507366813804,0.36278595724687857,0.41419435736520144,0.45235547927007724,0.38638366410334335,0.3807324837400903,0.381379382758223,0.39528048802625015,0.4686770694908427,0.3764733096208448,0.3818236020164214,0.3757943333216146,0.4308657599231594,0.37059074996070296,0.38304273154463736,0.37419377353479394,0.429021950443702,0.3903097496389651,0.3745335630540597,0.3458273576979621,0.0,0.39673924870985483,0.32408752547157954,0.2706349858249909,0.24431782160667967,0.42412634147979017,0.33935063744103205,0.30101670506544315,0.4175809501285407,0.3994375736754502,0.4292483887205929,0.49031103642010243,0.40143243497188696,0.24947735918244354,0.0,0.35813271583348466,0.4520257241474121,0.47241330525199643,0.0,0.0,0.5398095983718763,0.3766616381791261,0.4940890361845976,0.4051179536636485,0.4685678238302485,0.0,0.4233328915371578,0.40701601825002764,0.0,0.46781852469915514,0.43917706631871434,0.0,0.4525338245829931,0.0,0.46762246451912187,0.43219786330063187,0.46403656106468605,0.5359545313338206,0.0,0.4393146338858176,0.4560220649634031,0.5409039769401547,0.46903971148130574,0.4997476236930325,0.0,0.4492471698846529
0.3890809916994363,0.40653745870552077,0.42666524026200714,0.33591365033044396,0.3524061800400241,0.42923119840022056,0.4117510225501065,0.38936521092847703,0.4392025629730073,0.3483425588816802,0.41335987321586487,0.25100695863322947,0.4113502709643891,0.2575161505885436,0.39876453036012727,0.4454560617085749,0.43011089984447354,0.41760304696528816,0.41859368468802816,0.41659245232764075,0.4121107101456665,0.42554029278621613,0.4143772642680952,0.3641173973914467,0.39725239804915863,0.40697934818620335,0.42727107756933846,0.40295266513805733,0.4051798645298468,0.41334324675146056,0.39673924870985483,0.0,0.3415866038983613,0.3760514655009072,0.3736598178228411,0.32911332335237775,0.3217025700885378,0.2486084472206218,0.3302618592240697,0.35391161030035506,0.38042218270999184,0.39070670120774076,0.3229458939014128,0.29307453413304735,0.2918570418897513,0.40845132880309476,0.48072590032925916,0.5354231039555171,0.23718761410321887,0.42425701206611416,0.509791465474391,0.32932338684329143,0.4778245403117145,0.4637625153588473,0.2958543654287313,0.4385864373142242,0.2692279605954872,0.38905620562894705,0.4949550762434618,0.48052585791282404,0.47747786469819936,0.46457444003673365,0.44858275230302885,0.4633845660383358,0.46799324991476204,0.4565572453254426,0.47982272716133506,0.5227043707152766,0.0,0.4549964116399445,0.4699511286188164,0.5204643884608291,0.44943625905492607,0.4930884571396881,0.4967778172581095,0.43798602165010003
0.3083669810914987,0.3462960635954354,0.3534599596266784,0.0,0.0,0.37181810108929647,0.38486620227638274,0.3763603579620155,0.3963857274973289,0.3430717174695323,0.38481806308869587,0.2734840056187878,0.3988206331837422,0.0,0.3878921745077992,0.37528127933245026,0.38718721043726095,0.37653207284121476,0.3615840164493659,0.36607725049826456,0.3632191253482758,0.397611471422087,0.3854743622517451,0.2902879337201542,0.3400232782872723,0.3546166940639643,0.3861092202123513,0.3800799877480441,0.35998587641638474,0.32319549965798355,0.32408752547157954,0.3415866038983613,0.0,0.24664026568174574,0.35547100461795844,0.4314248478490243,0.2799145684282166,0.19145418672074693,0.34214906764447045,0.2700030516864925,0.2732550576608722,0.26634859654104026,0.0,0.301306716530205,0.2849706089667311,0.0,0.48021445194207046,0.0,0.0,0.0,0.4735363615756588,0.2592325788077699,0.0,0.0,0.42215219244186597,0.0,0.43387533867265665,0.30539329401585996,0.0,0.5117937549347483,0.4507939961386711,0.404882489222418,0.38407558503612377,0.0,0.43451685383974337,0.4083416930888729,0.49530916177840034,0.5037282272447086,0.3547738426518666,0.4126274279978918,0.42531245848734356,0.5022719764248418,0.4564229406054017,0.4614797547919336,0.0,0.3908348991350047
0.30226765923406235,0.34671330460547795,0.46121406589040065,0.3791465222709295,0.4553987681790771,0.4435241628374036,0.4231491491532691,0.4434101004984703,0.4673931221551039,0.33211820104424233,0.4599000529574358,0.25121447302595556,0.4027810934495063,0.41600581723635843,0.39252448510221466,0.402001039941733,0.3837588362450952,0.3988935227509797,0.44798830941605233,0.4119266935844347,0.3983525879010929,0.4030142251610752,0.44169730022243886,0.2768224189645443,0.3697981706258659,0.3695534601359863,0.44757508933296986,0.3827758874376457,0.42058405470812743,0.36924377298973116,0.2706349858249909,0.3760514655009072,0.24664026568174574,0.0,0.2460435903637,0.43499616627069526,0.35241418896596144,0.20479230294905335,0.3620787166736067,0.25443776870682394,0.2841224155554704,0.38410978235707505,0.3057575811746791,0.29983733206440566,0.25830740984302314,0.3720022915548885,0.4663810510300954,0.43597940843015487,0.0,0.0,0.5206391548179595,0.2557345922356731,0.5016986053377368,0.3932635849292562,0.45437595089186555,0.0,0.3856975642750241,0.3308085660268565,0.0,0.47872787592466476,0.45016206908483086,0.0,0.44999208109258804,0.0,0.4747817918523895,0.4405178421655995,0.48116615325669426,0.5369059845294308,0.3564239704755705,0.4371713140945855,0.46948226162011075,0.5364642452982918,0.37268747112773604,0.5072194207397503,0.0,0.3249652217523526
0.3307523872289222,0.37638436936230324,0.4480507997287639,0.32351029450140456,0.43221017142923157,0.4447222142623554,0.3859849903899659,0.4368136835085832,0.46293871170168416,0.3467310255278433,0.4428198941758846,0.29968892743180325,0.38899546521323974,0.0,0.42322832242978614,0.44118947705213735,0.4025018015651282,0.4117186178098323,0.4331966464859438,0.42743606908156134,0.4285189162993871,0.4401699458928272,0.42279550709078595,0.32879151732219714,0.37948501184606903,0.3979971432748662,0.4395177545145064,0.35487583685216634,0.43157118262197225,0.3300896901466566,0.24431782160667967,0.3736598178228411,0.35547100461795844,0.2460435903637,0.0,0.4026065287091036,0.331301760066001,0.2594871187933635,0.3228479430974723,0.24968413641577808,0.2830199825920781,0.38218107979849375,0.3139834596152454,0.31369695121645375,0.26861557285336096,0.0,0.48739617618439407,0.0,0.0,0.0,0.3912870768486105,0.2397182488665135,0.0,0.0,0.28404468561764634,0.0,0.2678595801408251,0.26821588546309005,0.0,0.4908249939600677,0.4687298948836406,0.0,0.0,0.0,0.464490875477817,0.4497918326417229,0.5023581271737799,0.5403028722567775,0.0,0.44066553055329133,0.5094550036447227,0.5037295688745363,0.2680031899544091,0.49300953841408357,0.0,0.22058142567331981
