0,1,2,3,4,5,6,7,8,9,10,11,12,13,14,15,16,17,18,19,20,21,22,23,24,25,26,27,28,29,30,31,32,33,34,35,36,37,38,39,40,41,42,43,44,45,46,47,48,49,50,51,52,53,54,55,56,57,58,59,60,61,62,63,64,65,66,67,68,69,70,71,72,73,74,75
0.0,0.3746859054950773,0.37784401781228777,0.0,0.0,0.32327426623302125,0.2797333074334739,0.5352785196822863,0.0,0.41051260938488593,0.0,0.41175335310914046,0.33417195719450576,0.0,0.35902006107423157,0.37376778110467246,0.3658589877955497,0.36686950967482107,0.0,0.3998924982100857,0.4423161102480524,0.38289373252305337,0.48115406467404565,0.40947708405722566,0.35016593263627266,0.3817903631981532,0.4489654566241875,0.35853143904888546,0.389661774371821,0.33376174256216995,0.358998371419949,0.43759321363426856,0.32913319549868597,0.36640366241691014,0.4155391795502031,0.0,0.0,0.0,0.4597002077529927,0.42673591762726565,0.4279353916871197,0.0,0.0,0.0,0.0,0.4160950373500745,0.46079960817137683,0.0,0.0,0.0,0.35787935770460133,0.0,0.0,0.0,0.0,0.0,0.4655238915877339,0.0,0.0,0.0,0.44978673476711084,0.0,0.4096713390352556,0.0,0.0,0.4275273424560347,0.45283314603533104,0.48774309364021085,0.44209872514683013,0.432002390463139,0.4481766312705438,0.0,0.0,0.0,0.0,0.3711968567296313
0.3746859054950773,0.0,0.3155044482494037,0.0,0.3920820102037389,0.374645600768882,0.36609843305963635,0.4237118334113591,0.33115418158287835,0.2756221375813551,0.0,0.0,0.39865331561854495,0.0,0.38462785323022625,0.3842682792548246,0.0,0.37475229115145514,0.0,0.4170574305889697,0.400863139056357,0.38381026990911193,0.37967047941954074,0.0,0.35418730018893374,0.3873439104945758,0.4001961383839699,0.38265131155247534,0.40376165538191355,0.3802464208394741,0.3488536866559729,0.42358078018917533,0.33757179387347597,0.3601171953890415,0.43120175458667026,0.0,0.0,0.0,0.47133683871107873,0.43728492938829044,0.4414737181757194,0.489218033121817,0.0,0.0,0.0,0.4547591403690987,0.45965228720650136,0.0,0.0,0.0,0.3747042664675544,0.0,0.0,0.0,0.0,0.0,0.0,0.2722999192704483,0.0,0.4624263255782697,0.44722831392064494,0.0,0.37471042542069677,0.0,0.4419508061231445,0.4634559652641561,0.4577971540363455,0.42700138160621565,0.4917815801586097,0.4202501226611121,0.4680809512064634,0.42928769335154887,0.30563015333694277,0.43422558071739087,0.0,0.42750143918105155
0.37784401781228777,0.3155044482494037,0.0,0.40377127436663074,0.4154379401011193,0.3966698066455495,0.44739984761316587,0.40048307749726303,0.3175798011506481,0.40866078726221317,0.35994899605121666,0.3609678795338461,0.43645720955571005,0.40086876527425164,0.0,0.0,0.37860341770307954,0.39957210363343376,0.3103708106351107,0.0,0.3327059122513769,0.38327070964181553,0.2902139093100968,0.38022072274677565,0.3070681961487967,0.348227863318967,0.2954802534760731,0.42554075765278787,0.3516360515496655,0.40328154545288547,0.4460179076481928,0.4080871598673759,0.36594325148899753,0.4366847822863793,0.42362270642733657,0.36930168077757397,0.4277259477744467,0.3248585407011046,0.4947889631381444,0.0,0.4837850483176817,0.0,0.5085914754160182,0.4080787234713353,0.0,0.0,0.0,0.5559666990661268,0.0,0.5499794451286851,0.558156744600394,0.5420940429252854,0.5663278432352886,0.5792021332442767,0.0,0.5396219438283882,0.0,0.5163046841178661,0.522134102802543,0.0,0.0,0.0,0.0,0.3839565435807137,0.0,0.0,0.0,0.5695547080991411,0.0,0.0,0.0,0.5687329192414494,0.46187338555815616,0.3481063134382759,0.0,0.48018788963686454
0.0,0.0,0.40377127436663074,0.0,0.21131094573683679,0.385309295779253,0.20857324479527445,0.29710699060677037,0.4000253855828383,0.31577874899551,0.3428914143798721,0.0,0.3007745885844888,0.2783987278537879,0.45478508759332703,0.0,0.35386487290798235,0.0,0.0,0.4778995620653548,0.0,0.491848381622386,0.40271987055494207,0.2867225090576779,0.0,0.0,0.4326729222750828,0.23433290525068923,0.37617051697114745,0.0,0.2691661698978566,0.29847650162436723,0.22805693244786085,0.30481916737105125,0.29897587574380674,0.20741151957831921,0.18366435204363746,0.22314676773274514,0.2600105524036752,0.0,0.0,0.0,0.0,0.0,0.0,0.0,0.0,0.0,0.0,0.0,0.0,0.0,0.0,0.0,0.0,0.0,0.0,0.0,0.0,0.0,0.0,0.0,0.0,0.0,0.0,0.0,0.0,0.0,0.0,0.0,0.0,0.0,0.0,0.0,0.0,0.0
0.0,0.3920820102037389,0.4154379401011193,0.21131094573683679,0.0,0.40772726139539406,0.3373550884924306,0.3787328107894857,0.3644065773357137,0.4092384985702399,0.3133308314737362,0.4201621183406913,0.41575804117903614,0.2922293609134491,0.0,0.39140778831139966,0.40866302254370146,0.3632866115743132,0.4062118131431305,0.41649111973512687,0.0,0.41484477087093813,0.4118423263851447,0.3744709862627043,0.3974225525451075,0.0,0.40812005212582314,0.38371102658898826,0.3807252398137501,0.0,0.44310871531404267,0.36338005299359727,0.35568432967562585,0.4283879532036429,0.42648218798738363,0.20176225315087762,0.1559618215118777,0.36476144204841054,0.0,0.0,0.0,0.0,0.0,0.0,0.0,0.0,0.0,0.5142856906972456,0.0,0.0,0.48274567727569984,0.4185284639382923,0.0,0.47430980669131073,0.0,0.4556669750476364,0.0,0.37288691097929927,0.0,0.0,0.0,0.0,0.0,0.5057043393881117,0.0,0.0,0.0,0.5266209343142393,0.0,0.0,0.0,0.4928630076012853,0.377968900632211,0.0,0.0,0.0
0.32327426623302125,0.374645600768882,0.3966698066455495,0.385309295779253,0.40772726139539406,0.0,0.4121642196021,0.40885654087825535,0.35826419218179284,0.4224419794321727,0.40887397593763053,0.37655551612554106,0.3775271153621739,0.0,0.39478009814490367,0.4020963733255226,0.3447232312920328,0.3921483931782585,0.3703596144055211,0.4066218061312847,0.36275041356801574,0.40885990091165275,0.38852983822328724,0.32191782490040133,0.34509759979483057,0.3649461361720737,0.3622694727738759,0.37089108287628997,0.35845781499660406,0.3964103832722117,0.42224389841230864,0.4081318337163637,0.3572372824347739,0.4273173046904141,0.4417153596391907,0.4308018758410188,0.4021438391522773,0.3362374341109168,0.49912345169671835,0.0,0.5303799333205235,0.4843777186371347,0.36695171870230814,0.33388291174906054,0.0,0.2949162318778427,0.3174367961327823,0.5263590198333717,0.0,0.45980910019270466,0.49959598945382777,0.5045615579910678,0.4869774560069958,0.5271366795167048,0.0,0.47825025928569764,0.0,0.49187738361730365,0.0,0.3969808229633439,0.2737886528088601,0.0,0.0,0.5011041959615513,0.4458045080845776,0.3572109137614469,0.3896710034742249,0.5102392879711013,0.0,0.28292487699212465,0.3549629200932607,0.49596145993990387,0.5016580491188812,0.47328596102596865,0.47666578448104824,0.5171990886458412
0.2797333074334739,0.36609843305963635,0.44739984761316587,0.20857324479527445,0.3373550884924306,0.4121642196021,0.0,0.4253167247939966,0.3954809115332994,0.3359544614592317,0.4382389519851372,0.36825421224603716,0.3365366305658746,0.30896932240206826,0.0,0.38988410708651117,0.42833950363750195,0.3809921871687545,0.4516439805344788,0.4158242544969845,0.3582062775703757,0.4212768892821881,0.42734126464833166,0.3739250773420663,0.33257316751278926,0.34738796803689453,0.41983168594250037,0.3389518906751325,0.3929938112237281,0.0,0.4176283691433001,0.4130718082107607,0.3410457609563207,0.39936462144454493,0.4025834188509409,0.2696759513430005,0.21030290455642353,0.3504712708939035,0.3440453615685929,0.3569266081072141,0.2981373977097132,0.3090236451295648,0.39759634359618357,0.0,0.33102010566830264,0.0,0.31883893534809715,0.47136312281767695,0.0,0.35930491686167965,0.4870194588204012,0.41740205819640047,0.45653543965436616,0.4361997664904179,0.0,0.41539423287215704,0.0,0.3710538919557467,0.0,0.0,0.0,0.0,0.0,0.40490180843140955,0.3492716342573037,0.0,0.0,0.5224254355990524,0.0,0.0,0.3107154860653176,0.4961306035438274,0.3824469222178861,0.3701333569908284,0.0,0.0
0.5352785196822863,0.4237118334113591,0.40048307749726303,0.29710699060677037,0.3787328107894857,0.40885654087825535,0.4253167247939966,0.0,0.46694447782971643,0.4203750879219144,0.32624840288072005,0.46036759475726907,0.43369911653516596,0.3584593307432907,0.4532835882106707,0.4616195228141796,0.3504872101748952,0.48538645157270194,0.35347967153754617,0.4229801703117622,0.4265313845350966,0.43789290022752514,0.35445757865518557,0.553266984886896,0.47832183747279483,0.49792725310188746,0.43267055562501955,0.410995431789298,0.34373508695463095,0.4137572093193935,0.4533600794540804,0.3924463004773959,0.4824777281557224,0.4564627564927459,0.41491312248516027,0.2542325808400614,0.19227015365371208,0.0,0.4875783057803377,0.0,0.5078547243257259,0.0,0.3903260917293987,0.0,0.0,0.0,0.0,0.5413732188122344,0.0,0.0,0.4837849372691067,0.4856158175075913,0.39821987839189815,0.5507236042592041,0.0,0.4967431340200715,0.0,0.4700700454419869,0.0,0.4982941625984671,0.0,0.0,0.0,0.5194701879121247,0.5154279689100929,0.4126173875035453,0.0,0.5032027462205713,0.0,0.0,0.0,0.49544276871360743,0.4783533073921762,0.4602351871438494,0.43514270818194645,0.5039622977382054
0.0,0.33115418158287835,0.3175798011506481,0.4000253855828383,0.3644065773357137,0.35826419218179284,0.3954809115332994,0.46694447782971643,0.0,0.45329588987054714,0.318899475398534,0.4220584456963438,0.3790246699540234,0.39705869224681684,0.0,0.37361460133221763,0.3600273621142387,0.3381768938543969,0.27764484484076324,0.40007251886062806,0.0,0.39135860060841726,0.4108419954990401,0.37252699772631803,0.29922086659878694,0.3710125975288139,0.3507011187505518,0.42832182185670503,0.3441563671804479,0.3835183892649202,0.45238451785577904,0.4211560690524416,0.40309190821514174,0.44684406962989265,0.4253300925655721,0.3901381890150168,0.3913602973100275,0.38101050024514105,0.4890193385122432,0.32420552573571054,0.3906972469836864,0.0,0.4977229847912555,0.38119517965949573,0.0,0.0,0.0,0.5684662680723118,0.0,0.5087581292397135,0.5413094611729287,0.5072034934685778,0.5398552994336511,0.5492526187688919,0.0,0.5390694108135271,0.0,0.4542387179372683,0.0,0.0,0.0,0.0,0.0,0.5497449200293862,0.0,0.0,0.0,0.5530265059227328,0.0,0.0,0.0,0.5443945193664222,0.4309947715547912,0.38296225428905306,0.0,0.4248277973439207
0.41051260938488593,0.2756221375813551,0.40866078726221317,0.31577874899551,0.4092384985702399,0.4224419794321727,0.3359544614592317,0.4203750879219144,0.45329588987054714,0.0,0.44287788980949655,0.3059506259759743,0.4169277943022045,0.4247705214919767,0.0,0.3024893997243231,0.3232345288435094,0.33572558317817625,0.43253610834647255,0.4178337253738422,0.0,0.32978600234588884,0.41393393053157995,0.30748415003629076,0.31978725885954984,0.32702141646335925,0.4113132503135086,0.3663714633412073,0.34938973097369747,0.0,0.32256621744278974,0.302055897633781,0.29998744362899993,0.29968716596488393,0.32630770491346534,0.2693978331415716,0.2383786200224362,0.2768571418881617,0.26345709359946884,0.37568420087494064,0.3234215592927693,0.3188893103682768,0.3445388621531609,0.0,0.373775074026287,0.4594184151998496,0.0,0.0,0.0,0.0,0.0,0.0,0.0,0.0,0.4600764314738928,0.0,0.45911370488056336,0.34533498130840135,0.0,0.0,0.0,0.4591014116261425,0.4645167175173556,0.0,0.0,0.0,0.0,0.3684295732201036,0.45108684990299186,0.4415449374552186,0.458232465542146,0.0,0.386513688563402,0.0,0.0,0.4393069395059007
0.0,0.0,0.35994899605121666,0.3428914143798721,0.3133308314737362,0.40887397593763053,0.4382389519851372,0.32624840288072005,0.318899475398534,0.44287788980949655,0.0,0.42652844037842375,0.45355208369235916,0.3177521866799824,0.0,0.0,0.386361798403399,0.37621087159929767,0.2922815356208155,0.0,0.0,0.0,0.2977779210184577,0.4046810252260713,0.38344304797190265,0.350609970179285,0.3969013976674034,0.4500233017506068,0.0,0.0,0.4714717078925486,0.36359233189023704,0.39164461474061396,0.4599634342319487,0.439598959950199,0.29818514467710294,0.15852238273289318,0.3946686427195433,0.3718185598107001,0.3520567932457203,0.34815334686883115,0.32494886020470654,0.376498193658665,0.0,0.0,0.0,0.0,0.43900827262260794,0.0,0.39382993560347773,0.4878718826586826,0.4265629982149087,0.4451690909589742,0.46304528246913235,0.3847892391571523,0.26508029294670454,0.396804433527279,0.40355188372741446,0.4114750112638706,0.0,0.0,0.0,0.0,0.27290987969126246,0.0,0.0,0.0,0.5074256572626117,0.0,0.0,0.0,0.5060292559094386,0.3937778984968153,0.0,0.0,0.40273453002099147
0.41175335310914046,0.0,0.3609678795338461,0.0,0.4201621183406913,0.37655551612554106,0.36825421224603716,0.46036759475726907,0.4220584456963438,0.3059506259759743,0.42652844037842375,0.0,0.4277976556894127,0.0,0.0,0.2723975974020359,0.3489424286778255,0.3304007016159457,0.3858761671832776,0.0,0.0,0.2735963308600464,0.4002078229881345,0.28484567188700277,0.34829373800027724,0.32276738627485213,0.35815265504146737,0.38045055233623387,0.0,0.0,0.35479176622483816,0.2967413806604515,0.2972473460220699,0.291607345148757,0.3193588955841206,0.28330642627386776,0.2018003407768959,0.2563287570616307,0.285958987519985,0.40001633510248646,0.3271534359817619,0.34499324961288624,0.0,0.0,0.39292589417512636,0.3941313769495924,0.0,0.0,0.0,0.0,0.0,0.0,0.0,0.0,0.45419453813066096,0.0,0.4555855652361995,0.3577481317755672,0.0,0.0,0.0,0.45578841905950623,0.4337127055500559,0.0,0.0,0.0,0.0,0.0,0.44492588969706287,0.4450649083391083,0.45293135403739615,0.0,0.3868023556038021,0.0,0.0,0.4326230075835895
0.33417195719450576,0.39865331561854495,0.43645720955571005,0.3007745885844888,0.41575804117903614,0.3775271153621739,0.3365366305658746,0.43369911653516596,0.3790246699540234,0.4169277943022045,0.45355208369235916,0.4277976556894127,0.0,0.3945729436480778,0.0,0.42990245339838123,0.43267239847070904,0.4209921945584169,0.4490327767395483,0.41301916085626095,0.4034805571045219,0.4254556334362931,0.41771945313002495,0.34749051321530244,0.4043688163800233,0.4260635314000384,0.42175812549856434,0.3291820070236764,0.3635754716396317,0.37634631170086386,0.40366032674643076,0.40974767073263074,0.3674394733624036,0.4152291902453053,0.4024759078390232,0.3610285015114852,0.3347032786007185,0.3438000184866381,0.46575236698599204,0.3380532799920277,0.36722262475190454,0.298700765857295,0.37807190420161113,0.0,0.41035986004447894,0.0,0.29893361980923083,0.4587170000457754,0.0,0.0,0.47765005687461054,0.4048123986918343,0.48568441754520125,0.3999101712649703,0.0,0.4358587064120317,0.43306255116937736,0.36867628692380167,0.0,0.4009048223140708,0.0,0.0,0.0,0.4543258336244495,0.41331743401547816,0.0,0.0,0.5096839110053744,0.0,0.37446982075401497,0.342961265464147,0.49750735588695255,0.42380307211243906,0.42934464664949773,0.4273525930479255,0.4174058851280327
0.0,0.0,0.40086876527425164,0.2783987278537879,0.2922293609134491,0.0,0.30896932240206826,0.3584593307432907,0.39705869224681684,0.4247705214919767,0.3177521866799824,0.0,0.3945729436480778,0.0,0.0,0.0,0.0,0.0,0.3603157606352181,0.0,0.0,0.0,0.3676065316332081,0.0,0.0,0.4301134083305195,0.43768662113609635,0.27028824917427907,0.0,0.0,0.4506651523547245,0.2974768927798599,0.0,0.40972957774223384,0.3527515417977999,0.23217132652980724,0.19910553775804146,0.0,0.0,0.0,0.0,0.0,0.3581226789050628,0.0,0.0,0.0,0.0,0.47827669201788675,0.0,0.0,0.0,0.0,0.0,0.4850855437368744,0.0,0.3979465468616678,0.0,0.0,0.0,0.0,0.0,0.0,0.0,0.433095023680225,0.0,0.0,0.0,0.470004113694243,0.0,0.0,0.0,0.45076857110842117,0.0,0.0,0.0,0.0
0.35902006107423157,0.38462785323022625,0.0,0.45478508759332703,0.0,0.39478009814490367,0.0,0.4532835882106707,0.0,0.0,0.0,0.0,0.0,0.0,0.0,0.4022532498224692,0.0,0.3889283793198251,0.0,0.35009557535776015,0.3736689602616755,0.39335780613580423,0.36175325384696644,0.4600885491831942,0.36631186819792794,0.384658391703236,0.4261155056190994,0.37807863713124223,0.40584683271144717,0.0,0.3967160544051825,0.44022736305824467,0.3483130498626803,0.42335518795233845,0.47797096481797885,0.5196700667816134,0.0,0.0,0.47957260755847037,0.467491445176124,0.508024450673888,0.53594260958646,0.0,0.0,0.0,0.0,0.4715899634106986,0.0,0.0,0.0,0.43487638755407465,0.0,0.5368583697778051,0.0,0.0,0.0,0.0,0.0,0.0,0.4832426215802826,0.4418216116798453,0.0,0.0,0.0,0.4764041318096973,0.48132528800293534,0.4801258860810149,0.4754527171144229,0.0,0.3191256429963194,0.5110530259175479,0.4810559577475103,0.494656938238077,0.47228195419185603,0.0,0.49674453779553607
0.37376778110467246,0.3842682792548246,0.0,0.0,0.39140778831139966,0.4020963733255226,0.38988410708651117,0.4616195228141796,0.37361460133221763,0.3024893997243231,0.0,0.2723975974020359,0.42990245339838123,0.0,0.4022532498224692,0.0,0.3593802811015114,0.3597564760838717,0.0,0.4178504627558984,0.40512962137148983,0.3722816084332899,0.4165840422505317,0.35939830024209746,0.3555687309521579,0.39363419844319436,0.4221572102048994,0.40963370279754385,0.4358843570759231,0.4247759929709286,0.3633976439652792,0.4483210853055997,0.36916608158714415,0.3969744413562358,0.4491809011269473,0.0,0.0,0.0,0.4695921214688232,0.4266727372757207,0.43362793683025874,0.47787111817054057,0.0,0.0,0.0,0.4476265390481752,0.4546822896323739,0.0,0.0,0.0,0.31347403758988596,0.0,0.0,0.0,0.0,0.0,0.34963014305386464,0.0,0.0,0.4443087680973976,0.4363866198494223,0.0,0.4088377883162832,0.0,0.0,0.0,0.4462087577320465,0.36158403732185346,0.4399600867658131,0.4312810876836016,0.45157890935527534,0.0,0.0,0.3798506247973924,0.0,0.42706770658703147
0.3658589877955497,0.0,0.37860341770307954,0.35386487290798235,0.40866302254370146,0.3447232312920328,0.42833950363750195,0.3504872101748952,0.3600273621142387,0.3232345288435094,0.386361798403399,0.3489424286778255,0.43267239847070904,0.0,0.0,0.3593802811015114,0.0,0.33254387020132925,0.38709151923034524,0.36234308614822175,0.3985189460241622,0.35067454224663525,0.3478824925741103,0.3615835803305674,0.3333066524773968,0.3342732439079084,0.35683149808740733,0.3865887107721777,0.3334107742284844,0.0,0.3528772823416851,0.42004466690320164,0.3188810989730369,0.37004008472640904,0.3827329575526856,0.31082900242978645,0.0,0.29083858630748144,0.43353340234067994,0.37521175348454916,0.40109529727722343,0.4310719083263322,0.0,0.0,0.34726026927003717,0.39576706515793975,0.40383973512488586,0.0,0.0,0.0,0.0,0.0,0.0,0.0,0.45280071891521945,0.0,0.4587697661448542,0.0,0.0,0.0,0.38149998744075286,0.42538786652562266,0.4298170354425934,0.0,0.0,0.0,0.0,0.0,0.43732588480578916,0.44126430593347504,0.45043640028105036,0.0,0.0,0.0,0.0,0.3957263733874238
0.36686950967482107,0.37475229115145514,0.39957210363343376,0.0,0.3632866115743132,0.3921483931782585,0.3809921871687545,0.48538645157270194,0.3381768938543969,0.33572558317817625,0.37621087159929767,0.3304007016159457,0.4209921945584169,0.0,0.3889283793198251,0.3597564760838717,0.33254387020132925,0.0,0.3873433405602643,0.41222392358002297,0.44669668524913553,0.3875479018763139,0.4473113021465427,0.35316716337368886,0.3315608116110696,0.3496057511404177,0.41423837771541216,0.42252875008883434,0.4229998381733901,0.3963987842733526,0.3567911009161666,0.42889525960425706,0.33990844104097523,0.3895552532843206,0.40689823780485845,0.0,0.0,0.0,0.4525032481045673,0.402931791170519,0.42514434512746924,0.44766570383267873,0.0,0.0,0.0,0.43065956230618985,0.43836343813765616,0.0,0.0,0.0,0.0,0.0,0.0,0.0,0.4284007878713007,0.0,0.43417837709288937,0.0,0.0,0.35509778440327056,0.4207811610140498,0.411105902212636,0.41591344646757766,0.0,0.0,0.0,0.42156767662951994,0.0,0.43266387968141345,0.4326946152547698,0.43943139945399984,0.0,0.0,0.32124111363126717,0.0,0.4226149144678235
0.0,0.0,0.3103708106351107,0.0,0.4062118131431305,0.3703596144055211,0.4516439805344788,0.35347967153754617,0.27764484484076324,0.43253610834647255,0.2922815356208155,0.3858761671832776,0.4490327767395483,0.3603157606352181,0.0,0.0,0.38709151923034524,0.3873433405602643,0.0,0.0,0.0,0.0,0.25814756087117224,0.35169443065599626,0.32688962893376355,0.3541557128987196,0.3848738646023207,0.44027701026003524,0.0,0.0,0.45188173911100793,0.40130906930109694,0.39331188001652556,0.43805073494451385,0.43411738348161577,0.35775631101378585,0.3890244053417262,0.38938306816405777,0.46216793047215227,0.0,0.0,0.0,0.4951640703417983,0.0,0.0,0.0,0.0,0.5677838248502425,0.0,0.0,0.5265434554972501,0.4946912390696584,0.5214105557836424,0.5442821543120512,0.0,0.5390334944985883,0.0,0.45000919927730376,0.0,0.0,0.0,0.0,0.0,0.5330926635490028,0.0,0.0,0.0,0.5323636195077445,0.0,0.0,0.0,0.5338892063858741,0.39982601879322544,0.0,0.0,0.0
0.3998924982100857,0.4170574305889697,0.0,0.4778995620653548,0.41649111973512687,0.4066218061312847,0.4158242544969845,0.4229801703117622,0.40007251886062806,0.4178337253738422,0.0,0.0,0.41301916085626095,0.0,0.35009557535776015,0.4178504627558984,0.36234308614822175,0.41222392358002297,0.0,0.0,0.4236705982016014,0.37424913322166065,0.3315407905466502,0.3848881967952028,0.3910950669208655,0.4113746233920172,0.36035311834599204,0.3806243719501924,0.32826680831258964,0.2900362332890516,0.3758507131519965,0.47377077252880856,0.3978864554308436,0.44631001921817864,0.51654577451663,0.5279060100221096,0.4695000375237451,0.0,0.4766640499485301,0.4077624407463198,0.48982350805509994,0.49917970267174255,0.0,0.0,0.0,0.4032639807626425,0.4334901895199021,0.3577484601866817,0.0,0.0,0.43003023829939363,0.0,0.49003576834571244,0.3420298114560832,0.0,0.0,0.0,0.3960098194399394,0.0,0.45702754732243817,0.34743011701402304,0.0,0.0,0.0,0.47976984192985295,0.4601795942758351,0.45745684809052295,0.4775900212613777,0.0,0.28326159190579325,0.47255013016516134,0.48402480829684424,0.46620734323053986,0.46213149893499783,0.4174303124229609,0.4736325672634226
0.4423161102480524,0.400863139056357,0.3327059122513769,0.0,0.0,0.36275041356801574,0.3582062775703757,0.4265313845350966,0.0,0.0,0.0,0.0,0.4034805571045219,0.0,0.3736689602616755,0.40512962137148983,0.3985189460241622,0.44669668524913553,0.0,0.4236705982016014,0.0,0.4198888875192421,0.39747813452860253,0.5466541025329223,0.4207793946810289,0.41747329347542755,0.43522958667004397,0.409978180340112,0.39665323225602805,0.4226228350925695,0.40815427991677306,0.4522414914087084,0.3533657276510354,0.42030350724886456,0.490667562940883,0.0,0.0,0.0,0.49128108870761394,0.4642216940929708,0.5247826743343471,0.0,0.0,0.0,0.0,0.4455197565019129,0.49290028702712424,0.0,0.0,0.0,0.4420731363370725,0.0,0.43248998095949015,0.0,0.0,0.0,0.0,0.0,0.0,0.5022240708038929,0.4477603627375162,0.0,0.0,0.0,0.49424583706667663,0.467400388669961,0.49054055916284756,0.48725373662032295,0.0,0.40471619724537844,0.5155472451179016,0.49161043514183445,0.4982336825644952,0.4728849499701343,0.0,0.0
0.38289373252305337,0.38381026990911193,0.38327070964181553,0.491848381622386,0.41484477087093813,0.40885990091165275,0.4212768892821881,0.43789290022752514,0.39135860060841726,0.32978600234588884,0.0,0.2735963308600464,0.4254556334362931,0.0,0.39335780613580423,0.3722816084332899,0.35067454224663525,0.3875479018763139,0.0,0.37424913322166065,0.4198888875192421,0.0,0.4427563916557966,0.303578341013064,0.36866961671799814,0.40289251082882044,0.4391970132000866,0.4182649748454893,0.4151588691699683,0.4207438735128794,0.37040088184945164,0.4568362749523044,0.3808007940079572,0.425310539374416,0.4926019483233393,0.5168683370848,0.4698851209402274,0.26426493195960665,0.4666666897765294,0.4493411993293051,0.4687904718608029,0.5096131953550134,0.0,0.0,0.0,0.44960035891510247,0.45996578609058075,0.37656406343202037,0.0,0.0,0.3946642862518894,0.2803959988767578,0.502636714216905,0.0,0.0,0.0,0.0,0.2894589499669759,0.0,0.4755239607956744,0.4372067526462628,0.0,0.3262530675060124,0.0,0.45889958749410303,0.4748941827839957,0.464895469086195,0.4638474679228394,0.6949747111295164,0.4013014086685757,0.4811468284074306,0.4531937968557853,0.3614257670786534,0.4419003817338491,0.0,0.40549734729191267
0.48115406467404565,0.37967047941954074,0.2902139093100968,0.40271987055494207,0.4118423263851447,0.38852983822328724,0.42734126464833166,0.35445757865518557,0.4108419954990401,0.41393393053157995,0.2977779210184577,0.4002078229881345,0.41771945313002495,0.3676065316332081,0.36175325384696644,0.4165840422505317,0.3478824925741103,0.4473113021465427,0.25814756087117224,0.3315407905466502,0.39747813452860253,0.4427563916557966,0.0,0.5444678933798224,0.3581012009706436,0.43331171665861473,0.3348739105324966,0.4018020031837683,0.3619100359482584,0.3981215223446665,0.4285590632086839,0.4194884228344353,0.38539867510674974,0.4346711076761488,0.4234119984266246,0.37356463984022525,0.3998129951283636,0.3482284166863968,0.5150583435025688,0.0,0.5323524030069484,0.5252385544013356,0.4693488172773616,0.43491168272710107,0.0,0.48318370675361066,0.4234050532341042,0.5303403548964498,0.0,0.5401091829997519,0.5145662709078779,0.5155617795201742,0.45731196617929154,0.5602217772909811,0.0,0.5361239007036944,0.0,0.5107458368239355,0.5198146869946202,0.47621118342628715,0.3827246554265995,0.0,0.0,0.540582580107621,0.4973258310548427,0.499478495269536,0.4607181640883942,0.50925217537114,0.0,0.30512459265344793,0.4495197158242708,0.5163242452817389,0.5106429707201029,0.4974641761444315,0.522453525750395,0.5338658214175193
0.40947708405722566,0.0,0.38022072274677565,0.2867225090576779,0.3744709862627043,0.32191782490040133,0.3739250773420663,0.553266984886896,0.37252699772631803,0.30748415003629076,0.4046810252260713,0.28484567188700277,0.34749051321530244,0.0,0.4600885491831942,0.35939830024209746,0.3615835803305674,0.35316716337368886,0.35169443065599626,0.3848881967952028,0.5466541025329223,0.303578341013064,0.5444678933798224,0.0,0.364530841336719,0.3437013144902633,0.4363671281146069,0.3535610309217789,0.38864031940760246,0.0,0.3408340942701789,0.30876255970313404,0.2752091158050027,0.3009122891432926,0.3250535338031103,0.2756613797576956,0.2527096332940604,0.2545247977230293,0.3208570665219297,0.34995572349992093,0.3520070866465197,0.5161322363737851,0.0,0.0,0.3528217723707715,0.439757520201039,0.0,0.0,0.0,0.0,0.0,0.0,0.0,0.0,0.4435988227392032,0.0,0.4490551655716951,0.0,0.0,0.0,0.4385817932966193,0.457542757897293,0.4418745371680006,0.0,0.0,0.0,0.0,0.0,0.44965222538985383,0.4590104226813261,0.46347803733568127,0.0,0.38639702693186534,0.0,0.0,0.44020382677316144
0.35016593263627266,0.35418730018893374,0.3070681961487967,0.0,0.3974225525451075,0.34509759979483057,0.33257316751278926,0.47832183747279483,0.29922086659878694,0.31978725885954984,0.38344304797190265,0.34829373800027724,0.4043688163800233,0.0,0.36631186819792794,0.3555687309521579,0.3333066524773968,0.3315608116110696,0.32688962893376355,0.3910950669208655,0.4207793946810289,0.36866961671799814,0.3581012009706436,0.364530841336719,0.0,0.3464536549625464,0.3603828926392899,0.4001318723662005,0.3768239880336199,0.32381538813438104,0.35329818142601577,0.41627559572184897,0.3111257622762562,0.36163806763903006,0.3878757473417332,0.3878704085910976,0.0,0.2681383157816735,0.4539464781417564,0.4062634113769431,0.4274064206128619,0.45217404641774067,0.0,0.0,0.3415651799146219,0.4367763950946276,0.4430315114409959,0.0,0.0,0.0,0.2943080004453479,0.0,0.0,0.0,0.4451537019829537,0.0,0.448472667691728,0.0,0.0,0.41777931232432075,0.42659964074987056,0.4290485085933321,0.41621578173563006,0.0,0.39786528902665774,0.4391331964493393,0.39190429534223287,0.33442322203000885,0.44682969439959513,0.4300189844468099,0.4393559314918484,0.3109911497927298,0.36945465252632076,0.3952298283341448,0.0,0.42220488084390195
0.3817903631981532,0.3873439104945758,0.348227863318967,0.0,0.0,0.3649461361720737,0.34738796803689453,0.49792725310188746,0.3710125975288139,0.32702141646335925,0.350609970179285,0.32276738627485213,0.4260635314000384,0.4301134083305195,0.384658391703236,0.39363419844319436,0.3342732439079084,0.3496057511404177,0.3541557128987196,0.4113746233920172,0.41747329347542755,0.40289251082882044,0.43331171665861473,0.3437013144902633,0.3464536549625464,0.0,0.43403154660002946,0.4117963218238234,0.39761257968651975,0.3310693252763597,0.36962297214736556,0.4403884127024268,0.35068114168503095,0.38364872568056596,0.43853774316363214,0.4890479952896791,0.45768910826648884,0.2984919551140064,0.4625409866726942,0.41478441341485256,0.44686699911660344,0.4854465799978483,0.0,0.0,0.41126287955925156,0.462388561105148,0.4774526302319519,0.37751379383994077,0.0,0.0,0.389415987159872,0.0,0.5175363093717654,0.0,0.45312546256832803,0.0,0.4532263356423917,0.32164008065289873,0.0,0.5017047655935047,0.45427949301632925,0.44118080162662276,0.4356340297520139,0.0,0.46124484575746044,0.5123182248328619,0.48463978180311984,0.47835035088844235,0.46303288029250694,0.4508948377283212,0.47082632543649267,0.46301719179128,0.3925852897496345,0.42868315157823084,0.0,0.4396251724695288
0.4489654566241875,0.4001961383839699,0.2954802534760731,0.4326729222750828,0.40812005212582314,0.3622694727738759,0.41983168594250037,0.43267055562501955,0.3507011187505518,0.4113132503135086,0.3969013976674034,0.35815265504146737,0.42175812549856434,0.43768662113609635,0.4261155056190994,0.4221572102048994,0.35683149808740733,0.41423837771541216,0.3848738646023207,0.36035311834599204,0.43522958667004397,0.4391970132000866,0.3348739105324966,0.4363671281146069,0.3603828926392899,0.43403154660002946,0.0,0.40231038530752444,0.36491246322102416,0.3992649933132097,0.4150023006762347,0.44050668978260726,0.3983653183679905,0.4429952517146386,0.47830800598113243,0.48753838140754374,0.42844206077930674,0.0,0.508506634162504,0.0,0.5307414895978733,0.5286797227861688,0.460391316395636,0.3676609687062845,0.0,0.3064262886568784,0.38492172321780815,0.5526028974199528,0.0,0.5110153914146476,0.5063022927966299,0.49931214554495734,0.49928782184698745,0.5569726091043286,0.0,0.539526987293203,0.0,0.4927030129137698,0.0,0.47066844227726284,0.3473095143257523,0.0,0.0,0.5358099967358882,0.48610962470549335,0.4687918401251065,0.4189610984888386,0.5155035805968533,0.0,0.0,0.4422539811782253,0.503306763107346,0.5065771416225974,0.48538255078669384,0.5000390299221164,0.5283454765007639
0.35853143904888546,0.38265131155247534,0.42554075765278787,0.23433290525068923,0.38371102658898826,0.37089108287628997,0.3389518906751325,0.410995431789298,0.42832182185670503,0.3663714633412073,0.4500233017506068,0.38045055233623387,0.3291820070236764,0.27028824917427907,0.37807863713124223,0.40963370279754385,0.3865887107721777,0.42252875008883434,0.44027701026003524,0.3806243719501924,0.409978180340112,0.4182649748454893,0.4018020031837683,0.3535610309217789,0.4001318723662005,0.4117963218238234,0.40231038530752444,0.0,0.32707186289180307,0.29522072490305906,0.3684776945823801,0.3938832231259663,0.350163355262695,0.3967201875533032,0.3621728176824879,0.2936339651603116,0.2640779050495325,0.33716296625402103,0.44920890071429037,0.3654933184230158,0.3890835196573057,0.3470181574057303,0.40395713337806227,0.0,0.40532628158142414,0.0,0.2982300106374802,0.4024725031009276,0.0,0.0,0.4853346470060579,0.33665358531989265,0.4701834157173081,0.370228073073287,0.4282114218229359,0.3786999531614801,0.4240859786634881,0.3742187707002794,0.0,0.44604958562306,0.2995703547467513,0.0,0.0,0.38825778163990776,0.4725669363042002,0.45116682292598753,0.40472814719274675,0.5024666421079381,0.0,0.34078564401953293,0.38872048632878575,0.49432271821331414,0.4490989075053082,0.46606493381660075,0.4220018025712552,0.49754283474406213
0.389661774371821,0.40376165538191355,0.3516360515496655,0.37617051697114745,0.3807252398137501,0.35845781499660406,0.3929938112237281,0.34373508695463095,0.3441563671804479,0.34938973097369747,0.0,0.0,0.3635754716396317,0.0,0.40584683271144717,0.4358843570759231,0.3334107742284844,0.4229998381733901,0.0,0.32826680831258964,0.39665323225602805,0.4151588691699683,0.3619100359482584,0.38864031940760246,0.3768239880336199,0.39761257968651975,0.36491246322102416,0.32707186289180307,0.0,0.34143685034479687,0.3609991605269188,0.41898035320661736,0.3733031438376205,0.4213980643854872,0.46222230487967436,0.45443411511509146,0.39208855607455345,0.0,0.4622096320894197,0.0,0.4654317104902335,0.4673461873866149,0.3195790328070391,0.3235172439869046,0.0,0.3956567320623573,0.4134704418847328,0.4025092179368228,0.0,0.0,0.4114193592436975,0.34244107867495593,0.4399977329666524,0.0,0.0,0.0,0.0,0.39384876994123713,0.0,0.4540014150813332,0.3290129602795005,0.0,0.0,0.42392841482457444,0.45834534828695617,0.44227303406826013,0.44922759947536267,0.4695019001218549,0.0,0.2955670308719546,0.4231928241976831,0.4645730477225357,0.4464166437194037,0.4441532488961575,0.443370116875177,0.46308842179765447
0.33376174256216995,0.3802464208394741,0.40328154545288547,0.0,0.0,0.3964103832722117,0.0,0.4137572093193935,0.3835183892649202,0.0,0.0,0.0,0.37634631170086386,0.0,0.0,0.4247759929709286,0.0,0.3963987842733526,0.0,0.2900362332890516,0.4226228350925695,0.4207438735128794,0.3981215223446665,0.0,0.32381538813438104,0.3310693252763597,0.3992649933132097,0.29522072490305906,0.34143685034479687,0.0,0.3480479501652893,0.3718597792185345,0.0,0.3777539665866507,0.3629164328294816,0.3519589911801266,0.0,0.0,0.40536166834779924,0.0,0.0,0.0,0.0,0.0,0.0,0.0,0.0,0.0,0.0,0.0,0.41760644130217006,0.0,0.4191277129347236,0.0,0.0,0.0,0.0,0.0,0.0,0.4750021099567273,0.0,0.0,0.0,0.0,0.0,0.0,0.0,0.5039293524974222,0.0,0.3303896989634987,0.3317528926665519,0.49221932723617334,0.42938133213651014,0.4448837900019871,0.0,0.0
0.358998371419949,0.3488536866559729,0.4460179076481928,0.2691661698978566,0.44310871531404267,0.42224389841230864,0.4176283691433001,0.4533600794540804,0.45238451785577904,0.32256621744278974,0.4714717078925486,0.35479176622483816,0.40366032674643076,0.4506651523547245,0.3967160544051825,0.3633976439652792,0.3528772823416851,0.3567911009161666,0.45188173911100793,0.3758507131519965,0.40815427991677306,0.37040088184945164,0.4285590632086839,0.3408340942701789,0.35329818142601577,0.36962297214736556,0.4150023006762347,0.3684776945823801,0.3609991605269188,0.3480479501652893,0.0,0.40434856979978984,0.3147033401715205,0.347513435479014,0.4048675969392829,0.3804013347814651,0.25069262698685413,0.27398950792808696,0.46156362431454234,0.3598392818199542,0.41270768536705027,0.4428062941671958,0.39238880480738686,0.0,0.3404747131265231,0.4177345917300856,0.4370812609407857,0.42510016788834026,0.0,0.0,0.4961716753932238,0.0,0.5192324560613416,0.380046725350219,0.43772542364535666,0.3921549282082596,0.44366760974170083,0.38949832504247855,0.0,0.48217543263658386,0.4259119699980016,0.42597693952752996,0.430957102284769,0.3468100928859949,0.4963393649911443,0.0,0.4541296386671169,0.5201388793753725,0.44836729056006175,0.4379295460701418,0.4481898385921802,0.5120605898228086,0.48678674140364636,0.48606745523673456,0.0,0.42688886769463086
0.43759321363426856,0.42358078018917533,0.4080871598673759,0.29847650162436723,0.36338005299359727,0.4081318337163637,0.4130718082107607,0.3924463004773959,0.4211560690524416,0.302055897633781,0.36359233189023704,0.2967413806604515,0.40974767073263074,0.2974768927798599,0.44022736305824467,0.4483210853055997,0.42004466690320164,0.42889525960425706,0.40130906930109694,0.47377077252880856,0.4522414914087084,0.4568362749523044,0.4194884228344353,0.30876255970313404,0.41627559572184897,0.4403884127024268,0.44050668978260726,0.3938832231259663,0.41898035320661736,0.3718597792185345,0.40434856979978984,0.0,0.3707949146322849,0.3738799405380937,0.40402190573479335,0.3094166857088754,0.30056627542821235,0.27237654871139677,0.29595107266470866,0.2908340703593076,0.3298953101011242,0.3644444742826504,0.40874921870614345,0.284750890439868,0.2844659129708208,0.48856897216855055,0.48229484246491056,0.47443639940771065,0.0,0.0,0.48373566136059126,0.3301723412721074,0.49188416042261845,0.4269501907905899,0.3241071274912896,0.4359414566042754,0.31038828198331553,0.41035682053552164,0.0,0.49965493084718765,0.4904297784907284,0.0,0.44810720008833366,0.45712915767586365,0.49831761799413826,0.5026017007924789,0.48619120081902745,0.5058954560018579,0.3778440936414774,0.4756364117759073,0.48824998760122895,0.5010791148253941,0.48681508598333795,0.48204792526396834,0.5084443537452428,0.4932955092089061
0.32913319549868597,0.33757179387347597,0.36594325148899753,0.22805693244786085,0.35568432967562585,0.3572372824347739,0.3410457609563207,0.4824777281557224,0.40309190821514174,0.29998744362899993,0.39164461474061396,0.2972473460220699,0.3674394733624036,0.0,0.3483130498626803,0.36916608158714415,0.3188810989730369,0.33990844104097523,0.39331188001652556,0.3978864554308436,0.3533657276510354,0.3808007940079572,0.38539867510674974,0.2752091158050027,0.3111257622762562,0.35068114168503095,0.3983653183679905,0.350163355262695,0.3733031438376205,0.0,0.3147033401715205,0.3707949146322849,0.0,0.2179015459232747,0.3569407094338525,0.40698011150619107,0.22492155668264657,0.1798540023852743,0.3163634262214958,0.27623563477020807,0.3381120615974398,0.3455701689572982,0.0,0.0,0.27617478646122745,0.4483442277114084,0.4561163139098009,0.0,0.0,0.0,0.42807998107894607,0.0,0.0,0.0,0.4088532281398364,0.0,0.4089203316800548,0.0,0.0,0.47998434780118127,0.4328186213637165,0.37839087814437095,0.39974927844924973,0.0,0.4352933443493898,0.4677495601118154,0.4642151268608181,0.4675485600461272,0.41065819859336955,0.4283266804074931,0.4517094328276533,0.48200283471393784,0.0,0.41352996480848114,0.0,0.4137503165283546
0.36640366241691014,0.3601171953890415,0.4366847822863793,0.30481916737105125,0.4283879532036429,0.4273173046904141,0.39936462144454493,0.4564627564927459,0.44684406962989265,0.29968716596488393,0.4599634342319487,0.291607345148757,0.4152291902453053,0.40972957774223384,0.42335518795233845,0.3969744413562358,0.37004008472640904,0.3895552532843206,0.43805073494451385,0.44631001921817864,0.42030350724886456,0.425310539374416,0.4346711076761488,0.3009122891432926,0.36163806763903006,0.38364872568056596,0.4429952517146386,0.3967201875533032,0.4213980643854872,0.3777539665866507,0.347513435479014,0.3738799405380937,0.2179015459232747,0.0,0.2591562042932821,0.3920936654832972,0.2886509968022944,0.20049264087185403,0.3423819814364958,0.29059206774029445,0.2982003972943092,0.31342358510175417,0.31354980648701775,0.25929113413037214,0.28524221750584394,0.43447769848310785,0.44542742569896615,0.4045562138718187,0.2503673347285027,0.0,0.5005864490885604,0.27686429642727206,0.49709347122249337,0.3627819422020592,0.4288171299740434,0.0,0.39894885130932933,0.3199792516449435,0.0,0.49775920003927865,0.43389467600444753,0.4342733271931045,0.43143432988585767,0.0,0.4930262121244126,0.4821999293467648,0.4748549170433248,0.5207224298688571,0.44407450473319443,0.44333143989607954,0.45843598301388255,0.5159899146010637,0.43415123334650174,0.4896162484267396,0.4805170880083913,0.4341262928470876
0.4155391795502031,0.43120175458667026,0.42362270642733657,0.29897587574380674,0.42648218798738363,0.4417153596391907,0.4025834188509409,0.41491312248516027,0.4253300925655721,0.32630770491346534,0.439598959950199,0.3193588955841206,0.4024759078390232,0.3527515417977999,0.47797096481797885,0.4491809011269473,0.3827329575526856,0.40689823780485845,0.43411738348161577,0.51654577451663,0.490667562940883,0.4926019483233393,0.4234119984266246,0.3250535338031103,0.3878757473417332,0.43853774316363214,0.47830800598113243,0.3621728176824879,0.46222230487967436,0.3629164328294816,0.4048675969392829,0.40402190573479335,0.3569407094338525,0.2591562042932821,0.0,0.40081565319017476,0.33360757150252146,0.2760534568655753,0.3365155803477432,0.2423176676051143,0.31732036525778845,0.3452094107777721,0.31706123687442134,0.3516093529365403,0.30352267534588884,0.5132779750009029,0.4836877332377386,0.3592146903253901,0.0,0.0,0.4362555835394074,0.29488464322605246,0.0,0.3242185199708558,0.25845231613844266,0.3649319979135099,0.2913102667502392,0.3004429786703833,0.0,0.5306015796138438,0.45364598114960697,0.0,0.4362484653876441,0.0,0.5087984333569033,0.5310352745429854,0.5128605506487437,0.5098152088874921,0.0,0.44768983612293506,0.500213106565275,0.5004338185771174,0.3327243865274442,0.45539322632975077,0.0,0.0
