0,1,2,3,4,5,6,7,8,9,10,11,12,13,14,15,16,17,18,19,20,21,22,23,24,25,26,27,28,29,30,31,32,33,34,35,36,37,38,39,40,41,42,43,44,45,46,47,48,49,50,51,52,53,54,55,56,57,58,59,60,61,62,63,64,65,66,67,68,69,70,71,72,73,74,75
0.0,0.42334281905837723,0.0,0.0,0.0,0.46150287707677784,0.0,0.4971503865992939,0.0,0.3712601013571522,0.0,0.34328169641386663,0.39431168735390054,0.49045702824608817,0.4085350654511101,0.4022556740113906,0.0,0.4035872429741294,0.0,0.44237586987201705,0.39865134747210396,0.4226879909907163,0.48112356096877357,0.3581856515851838,0.4095162854924883,0.39165185524266033,0.5056052223221337,0.0,0.42571502403461414,0.0,0.34332900341950523,0.4159853396085831,0.32714190242680197,0.35928995519981893,0.3921604557249004,0.0,0.0,0.3722286792385443,0.4538663881080649,0.42655176047550647,0.4146710792129855,0.0,0.0,0.0,0.0,0.4127378104066662,0.45746756905433067,0.0,0.0,0.0,0.36780029231421774,0.0,0.0,0.0,0.4672985398130086,0.0,0.0,0.3477828181507207,0.0,0.0,0.4419083912075514,0.0,0.4469130185978002,0.0,0.0,0.3326127514618457,0.4464100754095156,0.0,0.0,0.452667695353344,0.4771898441244828,0.3938487789516948,0.0,0.42892286376781424,0.0,0.0
0.42334281905837723,0.0,0.0,0.0,0.4421791387162779,0.4582702651772341,0.47848183590313786,0.4945698293087107,0.46456105910069756,0.33034814422270764,0.0,0.0,0.47075250967990595,0.0,0.4214075071951234,0.41139265229827443,0.3596752949549531,0.39941906313395686,0.0,0.45638289389901066,0.4281437151824321,0.4179559515068606,0.465445258067249,0.35565538840392386,0.4158734090154379,0.4207195520294677,0.4626347128886739,0.46444622500645066,0.47131003961128853,0.0,0.3506135989158815,0.41764642235199323,0.35843317753484244,0.36522253052219916,0.4132614855328036,0.0,0.0,0.0,0.4550373292279203,0.4262956278469721,0.43399550445663015,0.4725993097083568,0.0,0.0,0.0,0.4494493445604274,0.4637916115109111,0.0,0.0,0.0,0.4057597997568104,0.34197838349469056,0.0,0.3567077807853582,0.0,0.0,0.0,0.307961655201574,0.0,0.4703364155097259,0.4373267512309555,0.0,0.4383339044661462,0.0,0.45067933157354445,0.4781177530732262,0.4720915655254611,0.4010815404863327,0.0,0.44303228457125826,0.4780730319250397,0.43057980342691526,0.31461909947924255,0.43209373599966816,0.0,0.41977010953381044
0.0,0.0,0.0,0.3544036482463843,0.3773178762942075,0.39119865786569896,0.4439138203264809,0.4361700470880196,0.3270276040569062,0.4034104650095387,0.3339118695980173,0.3594468727811432,0.4248002919150942,0.42497805428473373,0.0,0.0,0.0,0.0,0.2703705799342598,0.0,0.0,0.0,0.3011379746700088,0.0,0.0,0.38734933992084486,0.33101072026511136,0.43236636949328006,0.0,0.0,0.43432729024980193,0.4086395706958487,0.0,0.42682588869350757,0.44789526491086545,0.40186516522589943,0.0,0.0,0.4823195570690386,0.0,0.47278762010567765,0.0,0.4281404894408739,0.0,0.0,0.0,0.0,0.4338358214629791,0.0,0.5083783379507216,0.5550554792700226,0.522413489502049,0.533828034541017,0.5663025898679492,0.0,0.4273090564742846,0.0,0.4929861860064801,0.4561738047298152,0.0,0.0,0.0,0.0,0.38003278517658423,0.0,0.0,0.0,0.5428038120243349,0.0,0.0,0.0,0.56409832540141,0.45946980808917604,0.0,0.0,0.4545579845046641
0.0,0.0,0.3544036482463843,0.0,0.2383850228257633,0.40302288989612717,0.22365127598556017,0.29011036257624495,0.3975889165874304,0.19492399009355546,0.3610730599404269,0.2487863094000276,0.34413513809064095,0.2336800561162793,0.0,0.0,0.0,0.0,0.0,0.4637442107813603,0.0,0.5572666846905229,0.389089104613061,0.0,0.0,0.0,0.41015388220102567,0.23426571991872616,0.0,0.0,0.3012164329830367,0.27621369008011276,0.0,0.23497235168071295,0.28539067936285084,0.18320580531642458,0.179941238657127,0.23306694837569553,0.23529663732481168,0.0,0.0,0.0,0.0,0.0,0.0,0.0,0.0,0.0,0.0,0.0,0.0,0.0,0.0,0.0,0.0,0.0,0.0,0.0,0.0,0.0,0.0,0.0,0.0,0.0,0.0,0.0,0.0,0.0,0.0,0.0,0.0,0.0,0.0,0.0,0.0,0.0
0.0,0.4421791387162779,0.3773178762942075,0.2383850228257633,0.0,0.39202627342567997,0.33838398058887703,0.384639415856387,0.3646011155237045,0.45947256109344264,0.3275968538693461,0.3926813947023556,0.40202401571191765,0.2889557579092572,0.0,0.0,0.4124328188817927,0.41105023688325526,0.3407184367258467,0.4639457957541169,0.0,0.47855809069420846,0.3923694421442453,0.4172489919971806,0.43000367514140264,0.42253066020034696,0.4018403746663922,0.3344440372042439,0.44810912346687753,0.0,0.45219827362072706,0.37913286054457257,0.0,0.43173258632970307,0.4206742104588154,0.2220676092615907,0.19498387653846783,0.33018036829109154,0.39992884350614133,0.0,0.41714025859966286,0.0,0.32355185497464806,0.0,0.0,0.0,0.0,0.44985658044249627,0.0,0.37757476496898834,0.44125705783468744,0.38017197027763333,0.43232408684724766,0.4417792893552553,0.0,0.37709875128245973,0.0,0.3446306046360531,0.3498321048938845,0.0,0.0,0.0,0.0,0.43909694479982253,0.46868638215874747,0.0,0.0,0.4585224986642572,0.0,0.0,0.0,0.4430760081401123,0.35555379494973366,0.0,0.0,0.0
0.46150287707677784,0.4582702651772341,0.39119865786569896,0.40302288989612717,0.39202627342567997,0.0,0.42404735685454537,0.43128006855115947,0.3465688833436049,0.4618805176489517,0.39701654413205395,0.3997913741464336,0.40959593586308196,0.4211111443107692,0.4736293470684503,0.4697725021787164,0.3379838321558789,0.4559663988234735,0.4084001077179065,0.44427365824709125,0.4760271335066227,0.475347419750621,0.4083486148246241,0.36523582668384663,0.44420547690861206,0.4718253879007308,0.39848885976845805,0.41199278169443243,0.38907784640459897,0.4359492620151493,0.43682114218605084,0.4374856714935132,0.43635762724165217,0.451884298162603,0.4633740117138646,0.44223503284990834,0.4234972988881339,0.3627624558801087,0.4874295858803174,0.0,0.5153058144422492,0.4687757931746835,0.4687329804055242,0.3491422966498736,0.0,0.3647469132636131,0.3740635918358783,0.5426515867532609,0.0,0.45852329687354976,0.4967927054030332,0.5008869415470135,0.4774473544749025,0.5422802684305992,0.0,0.4725481925020699,0.0,0.48115247718666837,0.0,0.47191362109837753,0.3103846328299731,0.0,0.0,0.5266329113087616,0.5064947201847908,0.4414951881654042,0.47343983276727675,0.4892464676456475,0.0,0.3189793429940344,0.4293395603576291,0.4958748657548287,0.48379684113757926,0.4872144732850495,0.4636843043994329,0.5108703447831683
0.0,0.47848183590313786,0.4439138203264809,0.22365127598556017,0.33838398058887703,0.42404735685454537,0.0,0.4159916170917113,0.3989500076829976,0.41487293711003104,0.4490028706092881,0.40191077829823896,0.3487666126448902,0.3069282227717464,0.0,0.49185351770714153,0.42435876830481145,0.4576774379024098,0.4490700514304893,0.4540462705604514,0.0,0.4838838885220594,0.4130473132133229,0.4199804304168343,0.4729198564351609,0.4516695586692125,0.4396169913257856,0.36533584391472873,0.43727305350717743,0.45198336752667967,0.4240982428299263,0.4015923831064391,0.43155304473441647,0.4002023560977915,0.40654633056514544,0.2571863501598251,0.2575587888309836,0.33676089897808026,0.3767749225755986,0.0,0.3760575868942022,0.0,0.30835195140079047,0.0,0.0,0.0,0.0,0.4251782597777814,0.0,0.3407170395098449,0.4027240352628679,0.37901586760973854,0.38718097193183326,0.4097904299718734,0.0,0.3414714132291377,0.0,0.3472985639906458,0.0,0.0,0.0,0.0,0.0,0.3698802053686971,0.38555635572811625,0.0,0.0,0.46784824046033235,0.0,0.0,0.33450423997551226,0.45491346362332863,0.3445634312458965,0.3829237121776061,0.0,0.35285355535385554
0.4971503865992939,0.4945698293087107,0.4361700470880196,0.29011036257624495,0.384639415856387,0.43128006855115947,0.4159916170917113,0.0,0.4443480318569521,0.353372166624802,0.3537672565536403,0.4112683285064521,0.4056018785227231,0.30524595843643876,0.0,0.4800703797968312,0.0,0.0,0.39607257397967155,0.0,0.3931645260185334,0.0,0.3582593968679416,0.5054705506818313,0.48298735992601843,0.4839547432776054,0.44921285680934187,0.4275776731915043,0.4198058463215097,0.4225676102154618,0.4423607004710806,0.3529133724538522,0.4464086330699636,0.4429777428437393,0.4424010379459288,0.2144360490570061,0.22011749118061152,0.2561158798685623,0.44851857207768964,0.0,0.5029322484799686,0.0,0.2859135538982185,0.0,0.0,0.0,0.0,0.5187485519664206,0.0,0.44418296214085046,0.48485299682911037,0.4738650234192719,0.39764210102521963,0.5298030768074219,0.0,0.40629008980153747,0.0,0.47543415210291046,0.3782103560594497,0.0,0.0,0.0,0.0,0.4925263677568049,0.0,0.0,0.0,0.4574198186806758,0.0,0.0,0.0,0.4855491157281545,0.47549529947777686,0.479820985191953,0.0,0.0
0.0,0.46456105910069756,0.3270276040569062,0.3975889165874304,0.3646011155237045,0.3465688833436049,0.3989500076829976,0.4443480318569521,0.0,0.44936211114036023,0.3498837261384166,0.40537173180235836,0.39864873866585304,0.3973738461314812,0.0,0.4338165787433755,0.35442451207117276,0.32841699344234054,0.31533321262063346,0.44277226989850044,0.0,0.47578996225822306,0.3995045698678435,0.3839596079322428,0.41742909312882803,0.40348209701391524,0.36578734757238746,0.4390565624337206,0.4204816164903689,0.4084032604871786,0.45505487076667,0.4126496374500779,0.4330182378520908,0.44535062814106213,0.43949843411818196,0.4017053487449246,0.4042705530547701,0.3691694981777297,0.46742626065232995,0.0,0.4049407591302297,0.3662049950653097,0.41532135822902333,0.0,0.0,0.0,0.0,0.5566933822020432,0.0,0.4702200150896173,0.5387173645504367,0.4873946290942094,0.5391899757421504,0.5342652345855385,0.0,0.49393926639621444,0.0,0.44095280774885093,0.4101168628264051,0.0,0.0,0.0,0.0,0.5416456518815851,0.0,0.3842457598934794,0.0,0.5329040041961913,0.0,0.0,0.0,0.5298452896314593,0.41544700491782416,0.3863487570056967,0.0,0.4063526506498133
0.3712601013571522,0.33034814422270764,0.4034104650095387,0.19492399009355546,0.45947256109344264,0.4618805176489517,0.41487293711003104,0.353372166624802,0.44936211114036023,0.0,0.44668735237374113,0.3093916812352842,0.43158791326071166,0.25529899902101455,0.0,0.3678728184041668,0.3309098000739952,0.34979692321293365,0.4331533197182935,0.341529655578305,0.0,0.36031738506725874,0.41313466340775,0.3267652035556125,0.3269917858495605,0.34984798605707185,0.42708489960061685,0.42704483381372166,0.40126142717836155,0.0,0.34463503779904775,0.3881728836304926,0.3153591367127088,0.31494261778498256,0.3075432415093171,0.2555705557398561,0.23898162377492965,0.262120581496938,0.36663533553019106,0.4087079274681663,0.43362158513827315,0.0,0.0,0.0,0.4022145830390367,0.0,0.0,0.0,0.0,0.0,0.0,0.0,0.0,0.0,0.47127909023961345,0.0,0.4731335449061606,0.4351793025194807,0.0,0.0,0.0,0.44044580191129684,0.41156944695987074,0.0,0.0,0.0,0.0,0.34085096193309306,0.4046317058272672,0.4209734298300743,0.455070768397241,0.0,0.4425785827028253,0.0,0.0,0.4603364165427966
0.0,0.0,0.3339118695980173,0.3610730599404269,0.3275968538693461,0.39701654413205395,0.4490028706092881,0.3537672565536403,0.3498837261384166,0.44668735237374113,0.0,0.4220372111325424,0.4431590064063156,0.30505809485718194,0.0,0.0,0.3694840927289812,0.3599087917060855,0.26545576415169037,0.0,0.0,0.0,0.32249559360820534,0.4222121163599011,0.3657437501669959,0.3244011530089849,0.4054938466478971,0.4369891682723539,0.0,0.0,0.4626663760075079,0.3880597123115936,0.38211243901192926,0.4435580411734521,0.4530307565498072,0.3237050938820859,0.4118955229672976,0.3524184210247041,0.3982776658444014,0.0,0.32350882648057244,0.0,0.32253131359486936,0.0,0.0,0.0,0.0,0.4009804781330986,0.0,0.41262514710445486,0.501255359029993,0.44735922465370714,0.47803642730486945,0.5024298917755022,0.0,0.32751835603334584,0.0,0.37885208948985816,0.39348988184149647,0.0,0.0,0.0,0.0,0.34602117939846394,0.0,0.0,0.0,0.4898786994986694,0.0,0.0,0.0,0.5001238067648063,0.3775364976317614,0.0,0.0,0.41659636846519127
0.34328169641386663,0.0,0.3594468727811432,0.2487863094000276,0.3926813947023556,0.3997913741464336,0.40191077829823896,0.4112683285064521,0.40537173180235836,0.3093916812352842,0.4220372111325424,0.0,0.4559949698470258,0.3695955664501082,0.0,0.30881348736107916,0.3974388760857553,0.3639998433837048,0.37281166358628287,0.325165042360518,0.4784324323180359,0.0,0.3863701883746301,0.32138163764855543,0.36565290844169185,0.33875118001942595,0.361758019602931,0.40073377114850395,0.35778047646884936,0.0,0.3745970846768287,0.2804842174616001,0.3388737620901162,0.25864259608226653,0.3062551414732903,0.31110636812058784,0.3072158210855625,0.24031356341633098,0.25381922187875056,0.451392716901637,0.4420070140582699,0.0,0.3217691528023967,0.2640119194517323,0.4278165704903565,0.3980116081323502,0.0,0.0,0.0,0.0,0.0,0.0,0.0,0.0,0.477859217636219,0.0,0.4772871124268335,0.44169639035272096,0.0,0.0,0.0,0.4432239365918943,0.41547111345731674,0.0,0.0,0.0,0.0,0.0,0.42510453742200444,0.4393385656435816,0.4617240455268135,0.0,0.44744501414721627,0.0,0.0,0.4591548866777472
0.39431168735390054,0.47075250967990595,0.4248002919150942,0.34413513809064095,0.40202401571191765,0.40959593586308196,0.3487666126448902,0.4056018785227231,0.39864873866585304,0.43158791326071166,0.4431590064063156,0.4559949698470258,0.0,0.3710358587498585,0.43247127923064205,0.4756734347851767,0.4191513188534602,0.4391089762213989,0.44227912038492323,0.43863798000751253,0.47206738628867423,0.48028344583607957,0.41935169884888035,0.4413666293327578,0.4409556798520685,0.4373323872670196,0.4426028065190203,0.3428798023903065,0.4110818075170434,0.38934011192900114,0.40556661168957453,0.41939140981698253,0.43376034951176257,0.4141001384031459,0.4377807295269452,0.3371235205538186,0.37011421470000744,0.37613684187509344,0.48306675699797585,0.0,0.44458247889071234,0.4231096785177973,0.43817622530491107,0.0,0.0,0.0,0.32196467888730085,0.44363466403399165,0.0,0.0,0.3979523170116277,0.38633906073277047,0.4458785765107175,0.3949957940143024,0.0,0.37146947764555627,0.0,0.36027876028508,0.0,0.3817269788475628,0.30177830486994783,0.0,0.0,0.40540338083374594,0.4660019938023741,0.0,0.3423394810917798,0.4827454435108009,0.0,0.3389234104994514,0.36498625762329423,0.48985132747571497,0.4113203664516367,0.4474791310881975,0.4038442742663151,0.39004027725725254
0.49045702824608817,0.0,0.42497805428473373,0.2336800561162793,0.2889557579092572,0.4211111443107692,0.3069282227717464,0.30524595843643876,0.3973738461314812,0.25529899902101455,0.30505809485718194,0.3695955664501082,0.3710358587498585,0.0,0.0,0.0,0.0,0.0,0.38077221934793914,0.0,0.0,0.0,0.3858418321917529,0.4203699062841362,0.0,0.4424836913068243,0.4448150712448992,0.2430692533105998,0.0,0.0,0.42496792844851033,0.21711510147918148,0.0,0.39523690382516896,0.0,0.17895868263402961,0.16752035542602456,0.0,0.0,0.0,0.0,0.0,0.2672098906602988,0.0,0.0,0.0,0.0,0.4473039653170641,0.0,0.37210061585169485,0.0,0.0,0.41203609089247406,0.4534619177233581,0.0,0.3430438527420334,0.0,0.29594360247176166,0.34976632442234185,0.0,0.0,0.0,0.0,0.3984429762662212,0.0,0.0,0.0,0.42971095962221256,0.0,0.0,0.0,0.4536667105457064,0.0,0.0,0.0,0.0
0.4085350654511101,0.4214075071951234,0.0,0.0,0.0,0.4736293470684503,0.0,0.0,0.0,0.0,0.0,0.0,0.43247127923064205,0.0,0.0,0.4271688463389808,0.0,0.4074742199348573,0.0,0.3650218359530312,0.38816191280012735,0.37831704475477174,0.41660492695403173,0.0,0.39602169681283805,0.3786406798501402,0.4493363640439879,0.4152033736605482,0.4136912446430076,0.0,0.3954207289952778,0.43268416324308484,0.3901203889856122,0.4255935211826826,0.4724669628739947,0.5198312625824456,0.4594381754280987,0.0,0.49377752362267513,0.47859834208052127,0.4937364590157845,0.5249455262060537,0.5273899468103436,0.0,0.0,0.530434726724269,0.5115051140977556,0.0,0.0,0.0,0.49265874899572937,0.0,0.0,0.0,0.0,0.0,0.0,0.4209423684243572,0.0,0.4891837293874297,0.4509666659316298,0.0,0.0,0.0,0.48490554814308257,0.4802420296567801,0.5175390648765741,0.49868550594541633,0.0,0.3874702983908982,0.5368621967753787,0.5042446643611955,0.4595333869913613,0.47085138512298236,0.0,0.46311207253433295
0.4022556740113906,0.41139265229827443,0.0,0.0,0.0,0.4697725021787164,0.49185351770714153,0.4800703797968312,0.4338165787433755,0.3678728184041668,0.0,0.30881348736107916,0.4756734347851767,0.0,0.4271688463389808,0.0,0.38360074075720274,0.3823589078000211,0.0,0.42577000182307645,0.42155351724250223,0.38036547485389377,0.4513978199938502,0.36888067960372506,0.3862167408586319,0.416853699373075,0.45665006340562636,0.46020518111854225,0.4524411108221015,0.3902069598000559,0.35866421118996816,0.43897706902046857,0.39731481053652284,0.3859692520994115,0.43402368336566244,0.0,0.0,0.0,0.4442116307780018,0.4161417191249462,0.4103177863462678,0.44124469814283496,0.0,0.0,0.0,0.44292595169243487,0.4360514068885784,0.0,0.0,0.0,0.3212140792225521,0.0,0.0,0.0,0.35542113374958406,0.0,0.3817829673876841,0.31968149987969285,0.0,0.4729786766185952,0.416624843958565,0.3343185003293815,0.418345613260022,0.0,0.43394240557839264,0.42475489029728664,0.44367893037177436,0.0,0.44870178713946396,0.42157201197771454,0.4573526819580103,0.37723517827990916,0.0,0.37400623090355356,0.0,0.4022184086031766
0.0,0.3596752949549531,0.0,0.0,0.4124328188817927,0.3379838321558789,0.42435876830481145,0.0,0.35442451207117276,0.3309098000739952,0.3694840927289812,0.3974388760857553,0.4191513188534602,0.0,0.0,0.38360074075720274,0.0,0.32137229531785755,0.0,0.3736019214170663,0.0,0.3821272737823516,0.3437758872890173,0.36347490892223144,0.3346162229357161,0.3632119200970256,0.3432761850464645,0.43210465171990736,0.3719066964578786,0.0,0.33361852266169667,0.4092289196657937,0.33864101097822463,0.3667344777544775,0.3659731876170284,0.43191871760480294,0.0,0.3232952674170307,0.36777027689585995,0.4191297870161981,0.3992028438035814,0.0,0.0,0.0,0.3628923648432882,0.0,0.0,0.0,0.0,0.0,0.0,0.0,0.0,0.0,0.46878156923272424,0.0,0.46413643458775355,0.0,0.0,0.0,0.0,0.4289592459354901,0.41669929695103375,0.0,0.0,0.0,0.32502779852560654,0.0,0.4087838083612896,0.4301032714493638,0.4438482012698829,0.0,0.0,0.0,0.0,0.0
0.4035872429741294,0.39941906313395686,0.0,0.0,0.41105023688325526,0.4559663988234735,0.4576774379024098,0.0,0.32841699344234054,0.34979692321293365,0.3599087917060855,0.3639998433837048,0.4391089762213989,0.0,0.4074742199348573,0.3823589078000211,0.32137229531785755,0.0,0.0,0.4213370483706679,0.42227341099169713,0.4104067221583059,0.435426053785603,0.34553744272468634,0.3597727454674989,0.38663033064236974,0.4416950567462669,0.4289119438631221,0.4459818598884462,0.41444321507724247,0.3467875353608726,0.40845493474094186,0.35706000711841424,0.368833627874904,0.36372760376230023,0.0,0.0,0.30418926342648955,0.43391472462683955,0.41961911227929827,0.4244727710428366,0.4516462535042089,0.0,0.0,0.0,0.4503075958825188,0.41121778954464955,0.0,0.0,0.0,0.3213694191241864,0.0,0.0,0.0,0.4517815188805878,0.0,0.4461177275367779,0.0,0.0,0.0,0.41802775274515847,0.43133111443709166,0.4245974674015149,0.0,0.34313834029920165,0.0,0.4119087947356842,0.0,0.42381082076878945,0.4244950102314624,0.44845075430330295,0.0,0.0,0.3285764255549112,0.0,0.4256199400367969
0.0,0.0,0.2703705799342598,0.0,0.3407184367258467,0.4084001077179065,0.4490700514304893,0.39607257397967155,0.31533321262063346,0.4331533197182935,0.26545576415169037,0.37281166358628287,0.44227912038492323,0.38077221934793914,0.0,0.0,0.0,0.0,0.0,0.0,0.0,0.0,0.30222582247737967,0.3788507317668724,0.0,0.0,0.3776601508514207,0.43814169214987053,0.0,0.0,0.4531108792412782,0.4096314690069067,0.0,0.4243279842090201,0.4478534398004532,0.3888636348522127,0.3833312490116574,0.0,0.42190573466196024,0.0,0.46525197770890625,0.0,0.36208780203636026,0.0,0.0,0.0,0.0,0.5461373997639554,0.0,0.4702446210855749,0.5395845429489045,0.5082132512406146,0.5389025036588179,0.553928864689998,0.0,0.3926235302196415,0.0,0.4386051580389386,0.43518748669048063,0.0,0.0,0.0,0.0,0.533840028679727,0.0,0.0,0.0,0.535297321476778,0.0,0.0,0.0,0.5494956419453358,0.4011922299703422,0.0,0.0,0.4285771847915709
0.44237586987201705,0.45638289389901066,0.0,0.4637442107813603,0.4639457957541169,0.44427365824709125,0.4540462705604514,0.0,0.44277226989850044,0.341529655578305,0.0,0.325165042360518,0.43863798000751253,0.0,0.3650218359530312,0.42577000182307645,0.3736019214170663,0.4213370483706679,0.0,0.0,0.4295515330126992,0.3982854107048994,0.38330471397341226,0.29206661425838953,0.4327218251322098,0.44162206011753874,0.395505326416081,0.3696937206179584,0.33571796405450505,0.2878575218411422,0.36698711027851666,0.46465586272487974,0.3939757540097508,0.43737397717220855,0.48626621817798044,0.5207269973255341,0.4614651110577786,0.0,0.4921369716826607,0.4647826362994557,0.516444679194471,0.5173279346050167,0.4474191288421223,0.0,0.0,0.3776751997633118,0.45141306301402084,0.0,0.0,0.0,0.46675317976605346,0.37203325789733355,0.4892908766856292,0.0,0.0,0.0,0.0,0.4230477864678222,0.0,0.5087656749464151,0.3520094036105889,0.0,0.34742719699974756,0.0,0.5018970819967112,0.47937186188379866,0.49881202631059723,0.5107087812831324,0.0,0.3233642180041723,0.48829082212291264,0.5063388648164973,0.4875792090303588,0.4937299391502804,0.42387109456022276,0.4876909032377446
0.39865134747210396,0.4281437151824321,0.0,0.0,0.0,0.4760271335066227,0.0,0.3931645260185334,0.0,0.0,0.0,0.4784324323180359,0.47206738628867423,0.0,0.38816191280012735,0.42155351724250223,0.0,0.42227341099169713,0.0,0.4295515330126992,0.0,0.4432695777546824,0.38137042602437266,0.46283779562892047,0.43619839292310325,0.4084473150180207,0.44871728970556735,0.45112317653285244,0.44574846385540173,0.0,0.37079734044610163,0.429154111967636,0.3738457641199883,0.3881782302871656,0.44515423408928123,0.0,0.0,0.0,0.4784760834603824,0.0,0.5056446200698254,0.0,0.0,0.0,0.0,0.4585310776771808,0.5094947086398157,0.0,0.0,0.0,0.4504179427689233,0.3664437458816267,0.3479711179171701,0.0,0.0,0.0,0.0,0.4383443193200114,0.0,0.4752763784482446,0.4457103577676325,0.0,0.0,0.0,0.503857397482079,0.4007601876313667,0.5146086595091995,0.4836947537268172,0.0,0.4082568150864937,0.5134265747608309,0.5067807844632366,0.47089709874446317,0.4664870115357304,0.0,0.0
0.4226879909907163,0.4179559515068606,0.0,0.5572666846905229,0.47855809069420846,0.475347419750621,0.4838838885220594,0.0,0.47578996225822306,0.36031738506725874,0.0,0.0,0.48028344583607957,0.0,0.37831704475477174,0.38036547485389377,0.3821272737823516,0.4104067221583059,0.0,0.3982854107048994,0.4432695777546824,0.0,0.4578129070884914,0.301931331933691,0.4231517543025044,0.4064942568677256,0.4620913782641373,0.4218653510767211,0.4312652607921951,0.3605655250793481,0.3651612040610685,0.4519032017557948,0.40004057816415056,0.42363018290820065,0.4789260438803585,0.5183457554449759,0.4695026840549984,0.0,0.4909701513702724,0.4781413302227435,0.4790697503455179,0.518923464454819,0.502341009336313,0.0,0.0,0.4566105736295419,0.4927095497361603,0.37178566712193667,0.0,0.0,0.4586410746087434,0.328696986499747,0.4875652398364595,0.3462506845802351,0.0,0.0,0.0,0.3353895001018296,0.0,0.5188462253111228,0.4540102004624231,0.0,0.3975987049556731,0.0,0.4996331585174626,0.4944412592829018,0.5089242722520425,0.49794776163775784,0.0,0.42505969778199587,0.5107070176899813,0.5148807746520396,0.36583734548704716,0.4687408141402847,0.0,0.4443811078630534
0.48112356096877357,0.465445258067249,0.3011379746700088,0.389089104613061,0.3923694421442453,0.4083486148246241,0.4130473132133229,0.3582593968679416,0.3995045698678435,0.41313466340775,0.32249559360820534,0.3863701883746301,0.41935169884888035,0.3858418321917529,0.41660492695403173,0.4513978199938502,0.3437758872890173,0.435426053785603,0.30222582247737967,0.38330471397341226,0.38137042602437266,0.4578129070884914,0.0,0.48885041214606695,0.4437864467829972,0.4577374934167471,0.33554758591457556,0.43323420403138135,0.4343927565042749,0.42800075085679057,0.4417288186441762,0.42023610587587085,0.43382485416993727,0.4498590380576707,0.4591336030070188,0.4040846614221766,0.4071701713318366,0.3418821378094925,0.48924060253523505,0.5075076216746207,0.5169202400238542,0.5185483779214131,0.38326142662621404,0.0,0.0,0.0,0.45887243842636216,0.5582253341721147,0.0,0.47507680845886846,0.49545586622149707,0.5123214557925846,0.4708106233345708,0.550567038347812,0.0,0.4872285818909233,0.0,0.4948701736170143,0.4366826357744646,0.49174318167282427,0.3480279466349845,0.0,0.0,0.5450101687096789,0.5104596995137579,0.45651564184895305,0.5189236084752465,0.49335227105446317,0.0,0.3375877601824933,0.502046103230998,0.5015799460418634,0.4933515125363721,0.4940589876247318,0.49714936727997494,0.5146724427741911
0.3581856515851838,0.35565538840392386,0.0,0.0,0.4172489919971806,0.36523582668384663,0.4199804304168343,0.5054705506818313,0.3839596079322428,0.3267652035556125,0.4222121163599011,0.32138163764855543,0.4413666293327578,0.4203699062841362,0.0,0.36888067960372506,0.36347490892223144,0.34553744272468634,0.3788507317668724,0.29206661425838953,0.46283779562892047,0.301931331933691,0.48885041214606695,0.0,0.3488522114002754,0.3611054520264086,0.4337933002427934,0.4087954357682617,0.3339305280487416,0.0,0.35401848380359696,0.3804750887442725,0.2808234784151284,0.29092725188349056,0.3168676954056214,0.3664152391141099,0.0,0.2662279145514138,0.4639471204643074,0.40327251006033443,0.42710096243630735,0.5400137009063337,0.0,0.0,0.368649165168953,0.4526964278851943,0.44708282022066526,0.0,0.0,0.0,0.0,0.0,0.0,0.0,0.4715027604489309,0.0,0.4605161062091397,0.0,0.0,0.0,0.432918661966884,0.44712471521731495,0.4457449424922923,0.0,0.0,0.0,0.35673928428386753,0.0,0.4079641202750167,0.4438491880311574,0.46417520791158073,0.0,0.0,0.3532641686591127,0.0,0.4384301741915955
0.4095162854924883,0.4158734090154379,0.0,0.0,0.43000367514140264,0.44420547690861206,0.4729198564351609,0.48298735992601843,0.41742909312882803,0.3269917858495605,0.3657437501669959,0.36565290844169185,0.4409556798520685,0.0,0.39602169681283805,0.3862167408586319,0.3346162229357161,0.3597727454674989,0.0,0.4327218251322098,0.43619839292310325,0.4231517543025044,0.4437864467829972,0.3488522114002754,0.0,0.3789435005557155,0.43604132231322357,0.4216293350458167,0.4523265291628717,0.0,0.359348045128943,0.41127432731318714,0.32774961923561047,0.36777175722093475,0.37775317205762216,0.368896697713358,0.0,0.30474742090005785,0.4418207122723303,0.4250221300622796,0.4234010893765458,0.450359945928797,0.0,0.0,0.4381680771733403,0.45730792173485607,0.4403610298777714,0.0,0.0,0.0,0.3154211919915363,0.0,0.0,0.0,0.4526277523690139,0.0,0.4514540473284131,0.3487399562996366,0.0,0.0,0.42953146792805047,0.43031263703695,0.4316777470378044,0.0,0.4087125649403741,0.39181130243638473,0.41249904635473855,0.3589075344669992,0.43939207859105656,0.4343860230846965,0.45783987675278737,0.32993067945232996,0.0,0.41468291195860046,0.0,0.4247414070904996
0.39165185524266033,0.4207195520294677,0.38734933992084486,0.0,0.42253066020034696,0.4718253879007308,0.4516695586692125,0.4839547432776054,0.40348209701391524,0.34984798605707185,0.3244011530089849,0.33875118001942595,0.4373323872670196,0.4424836913068243,0.3786406798501402,0.416853699373075,0.3632119200970256,0.38663033064236974,0.0,0.44162206011753874,0.4084473150180207,0.4064942568677256,0.4577374934167471,0.3611054520264086,0.3789435005557155,0.0,0.47911112975802816,0.42936026824490603,0.43742404236624904,0.0,0.3686212043901766,0.42632342680206337,0.3544996034449764,0.3812209607907939,0.41894638548829244,0.45165647112011553,0.45246432290283567,0.3281940657550281,0.4596661485511467,0.4411260212503815,0.44363156565449,0.48115637349012513,0.0,0.0,0.4483607433667265,0.4571077867174811,0.48509155712420565,0.0,0.0,0.0,0.424890378197032,0.3436823939879353,0.0,0.0,0.46882525089018756,0.0,0.4628398460354616,0.3668831364637375,0.0,0.5001269266345585,0.4518890853053612,0.44967344098717915,0.44913449163128133,0.0,0.4934724309813857,0.4890852907216273,0.5097365055557853,0.45610946870624886,0.43977887991182524,0.4498964729882761,0.4704823181958774,0.4594509017772139,0.39887641604946367,0.44411129480198724,0.0,0.4409773506654825
0.5056052223221337,0.4626347128886739,0.33101072026511136,0.41015388220102567,0.4018403746663922,0.39848885976845805,0.4396169913257856,0.44921285680934187,0.36578734757238746,0.42708489960061685,0.4054938466478971,0.361758019602931,0.4426028065190203,0.4448150712448992,0.4493363640439879,0.45665006340562636,0.3432761850464645,0.4416950567462669,0.3776601508514207,0.395505326416081,0.44871728970556735,0.4620913782641373,0.33554758591457556,0.4337933002427934,0.43604132231322357,0.47911112975802816,0.0,0.4444132949141456,0.3992578037694216,0.4318860420022091,0.4450318491232326,0.45191689086634834,0.4359844182783548,0.46615730167137737,0.48402597563968125,0.49739752288007655,0.42720649702326896,0.34753834895039853,0.5031909186034719,0.487056615277936,0.517545323975512,0.52746906498415,0.5034672489809153,0.3533344362580689,0.0,0.3830360081440528,0.4338008625960582,0.5580943488915301,0.0,0.5099691816771335,0.5034391306401199,0.5229256968108904,0.5121755909769461,0.5594246728220261,0.0,0.5172658776292203,0.0,0.4914586078141919,0.4796856032512431,0.5001412686191455,0.3186762480520047,0.0,0.0,0.5491588058678863,0.5194248582943793,0.48216630839463565,0.5519294741591179,0.5039542008090218,0.0,0.2978804042665747,0.49116490722863426,0.5122412093315785,0.5029112376927437,0.5039104380170084,0.4982376140509481,0.516686880056602
0.0,0.46444622500645066,0.43236636949328006,0.23426571991872616,0.3344440372042439,0.41199278169443243,0.36533584391472873,0.4275776731915043,0.4390565624337206,0.42704483381372166,0.4369891682723539,0.40073377114850395,0.3428798023903065,0.2430692533105998,0.4152033736605482,0.46020518111854225,0.43210465171990736,0.4289119438631221,0.43814169214987053,0.3696937206179584,0.45112317653285244,0.4218653510767211,0.43323420403138135,0.4087954357682617,0.4216293350458167,0.42936026824490603,0.4444132949141456,0.0,0.3514485735408414,0.3158519440814791,0.3792978371567801,0.39463673124099724,0.4159237352564593,0.39609789083986296,0.3546841046939736,0.2496173734191993,0.2505540844097013,0.3364547005703696,0.4756303606031468,0.0,0.4945509378353964,0.4705622256399691,0.0,0.0,0.0,0.0,0.0,0.3976284583289812,0.0,0.0,0.4571400191047982,0.3620627828235708,0.4580696668385912,0.3642163570514809,0.4649148986316356,0.2844557668951998,0.0,0.39240493310483116,0.0,0.4515131919894332,0.0,0.0,0.0,0.34261487440319394,0.4932471861571156,0.0,0.39984274615102416,0.48254409026400624,0.0,0.34226989104412847,0.39131944700033905,0.4938226064177794,0.45996058919604715,0.47550609127016547,0.4372663744876881,0.46118279845879856
0.42571502403461414,0.47131003961128853,0.0,0.0,0.44810912346687753,0.38907784640459897,0.43727305350717743,0.4198058463215097,0.4204816164903689,0.40126142717836155,0.0,0.35778047646884936,0.4110818075170434,0.0,0.4136912446430076,0.4524411108221015,0.3719066964578786,0.4459818598884462,0.0,0.33571796405450505,0.44574846385540173,0.4312652607921951,0.4343927565042749,0.3339305280487416,0.4523265291628717,0.43742404236624904,0.3992578037694216,0.3514485735408414,0.0,0.3393480370659903,0.37907744390578063,0.451878205130838,0.40150725168953416,0.4348097921164714,0.47019237537785635,0.5008261683747679,0.0,0.0,0.4790982669822286,0.0,0.47967664254579695,0.48688897678922377,0.0,0.0,0.0,0.3764669773601171,0.4245269672532935,0.0,0.0,0.0,0.46696460546122276,0.0,0.47952963437661894,0.0,0.0,0.0,0.0,0.44066969028717545,0.0,0.47429320827109156,0.3192530329727653,0.0,0.0,0.0,0.49426502236154063,0.44471855081732525,0.4845754540469784,0.496300005538998,0.0,0.30615999006498423,0.45229003266380396,0.4996541417303238,0.4742654815022658,0.4704075858456705,0.46786549912077446,0.4933348165023778
0.0,0.0,0.0,0.0,0.0,0.4359492620151493,0.45198336752667967,0.4225676102154618,0.4084032604871786,0.0,0.0,0.0,0.38934011192900114,0.0,0.0,0.3902069598000559,0.0,0.41444321507724247,0.0,0.2878575218411422,0.0,0.3605655250793481,0.42800075085679057,0.0,0.0,0.0,0.4318860420022091,0.3158519440814791,0.3393480370659903,0.0,0.31688013142870713,0.43368246914891306,0.368015086199862,0.3880799859862185,0.42418969169747445,0.0,0.0,0.0,0.0,0.0,0.0,0.0,0.0,0.0,0.0,0.0,0.0,0.0,0.0,0.0,0.419837334030709,0.0,0.0,0.0,0.0,0.0,0.0,0.0,0.0,0.0,0.0,0.0,0.0,0.0,0.0,0.0,0.0,0.4900660025587619,0.0,0.0,0.0,0.48668824248448006,0.0,0.0,0.0,0.0
0.34332900341950523,0.3506135989158815,0.43432729024980193,0.3012164329830367,0.45219827362072706,0.43682114218605084,0.4240982428299263,0.4423607004710806,0.45505487076667,0.34463503779904775,0.4626663760075079,0.3745970846768287,0.40556661168957453,0.42496792844851033,0.3954207289952778,0.35866421118996816,0.33361852266169667,0.3467875353608726,0.4531108792412782,0.36698711027851666,0.37079734044610163,0.3651612040610685,0.4417288186441762,0.35401848380359696,0.359348045128943,0.3686212043901766,0.4450318491232326,0.3792978371567801,0.37907744390578063,0.31688013142870713,0.0,0.4177741154878032,0.3212598370225124,0.2903181807049171,0.3431150244220448,0.4555784290296657,0.41473463887641404,0.2833277668624566,0.45888404912821795,0.0,0.5022921497422415,0.4465467383319499,0.0,0.0,0.0,0.35889245959826016,0.4253936931141026,0.42199613786890133,0.0,0.0,0.443432525187983,0.3536353304553735,0.0,0.3799412059110721,0.4841668922615691,0.0,0.46167899206338175,0.36558862758664157,0.0,0.4841765288266054,0.408438404276631,0.0,0.4034686086494127,0.0,0.48808485639366717,0.3988995061910995,0.45949554204033344,0.49594466991082703,0.44976580366470975,0.40521782585564975,0.4425461093057226,0.49474422836116083,0.4464031379288399,0.45236166406548367,0.0,0.0
0.4159853396085831,0.41764642235199323,0.4086395706958487,0.27621369008011276,0.37913286054457257,0.4374856714935132,0.4015923831064391,0.3529133724538522,0.4126496374500779,0.3881728836304926,0.3880597123115936,0.2804842174616001,0.41939140981698253,0.21711510147918148,0.43268416324308484,0.43897706902046857,0.4092289196657937,0.40845493474094186,0.4096314690069067,0.46465586272487974,0.429154111967636,0.4519032017557948,0.42023610587587085,0.3804750887442725,0.41127432731318714,0.42632342680206337,0.45191689086634834,0.39463673124099724,0.451878205130838,0.43368246914891306,0.4177741154878032,0.0,0.32623856253605216,0.35728040457666266,0.3716853513290136,0.2408394528206867,0.3036340508955015,0.2544139819418218,0.2975271394140827,0.2613790109479075,0.37897815835509446,0.334724487521434,0.3087781477609271,0.29363847503606383,0.2609457834284422,0.4414273396926885,0.470325981637213,0.4316093385844316,0.0,0.3961132197954407,0.4709939715647024,0.4009528877261039,0.44744993439913927,0.44316468088706423,0.40218573540685515,0.338436898381679,0.0,0.4677480826897133,0.30957588894910365,0.4966587600304872,0.4143161333299532,0.4407088406926678,0.43422548907444525,0.4018591210585303,0.49275839032049346,0.46684132719984256,0.4986033078533837,0.4813549961645102,0.4647672955805995,0.424591461668908,0.4709358720710661,0.4874733065655552,0.4119957723742541,0.47559635734778777,0.467096107426343,0.49204148778239293
0.32714190242680197,0.35843317753484244,0.0,0.0,0.0,0.43635762724165217,0.43155304473441647,0.4464086330699636,0.4330182378520908,0.3153591367127088,0.38211243901192926,0.3388737620901162,0.43376034951176257,0.0,0.3901203889856122,0.39731481053652284,0.33864101097822463,0.35706000711841424,0.0,0.3939757540097508,0.3738457641199883,0.40004057816415056,0.43382485416993727,0.2808234784151284,0.32774961923561047,0.3544996034449764,0.4359844182783548,0.4159237352564593,0.40150725168953416,0.368015086199862,0.3212598370225124,0.32623856253605216,0.0,0.24845398138291572,0.312122434267156,0.4979578234502223,0.22404630867298314,0.1966859567894644,0.2638531649542348,0.3118341729929316,0.39090703428563006,0.5249018056437995,0.0,0.0,0.29042789218500387,0.4391830666624758,0.43801513971202766,0.0,0.0,0.0,0.46423469694795144,0.0,0.5343000978268754,0.0,0.41037300754223377,0.0,0.40899769920829276,0.0,0.0,0.5071024789211549,0.4005425985473039,0.3902469709176802,0.40751050733961697,0.0,0.4765846654250934,0.4355024482547579,0.5035156281704171,0.49688542627627263,0.36764215648746246,0.40003831385662925,0.4206281160164967,0.5032843327968625,0.0,0.4081207778386327,0.0,0.40373663550102123
0.35928995519981893,0.36522253052219916,0.42682588869350757,0.23497235168071295,0.43173258632970307,0.451884298162603,0.4002023560977915,0.4429777428437393,0.44535062814106213,0.31494261778498256,0.4435580411734521,0.25864259608226653,0.4141001384031459,0.39523690382516896,0.4255935211826826,0.3859692520994115,0.3667344777544775,0.368833627874904,0.4243279842090201,0.43737397717220855,0.3881782302871656,0.42363018290820065,0.4498590380576707,0.29092725188349056,0.36777175722093475,0.3812209607907939,0.46615730167137737,0.39609789083986296,0.4348097921164714,0.3880799859862185,0.2903181807049171,0.35728040457666266,0.24845398138291572,0.0,0.26774071723872395,0.3087341644301329,0.24154197762408777,0.19424358308126147,0.39030197804735045,0.35952426964706846,0.4628342429573965,0.47761515965611695,0.0,0.0,0.4309305699610322,0.38673223737845547,0.45491299439653876,0.38431232353464406,0.0,0.0,0.4484362409085845,0.3713349877330968,0.49164256780521276,0.3803640972175841,0.45733195046861996,0.30837692605900346,0.4324330497462882,0.4123009559606817,0.0,0.5015460565949982,0.41494135986829833,0.4359267457103228,0.41525109168503016,0.0,0.4940302802606952,0.43377292281247093,0.488835115998099,0.5002199609787537,0.41778171243816153,0.4200552782509006,0.45702897353823374,0.5057329968750107,0.49897731176508353,0.47391382387813086,0.0,0.4911836487645761
0.3921604557249004,0.4132614855328036,0.44789526491086545,0.28539067936285084,0.4206742104588154,0.4633740117138646,0.40654633056514544,0.4424010379459288,0.43949843411818196,0.3075432415093171,0.4530307565498072,0.3062551414732903,0.4377807295269452,0.0,0.4724669628739947,0.43402368336566244,0.3659731876170284,0.36372760376230023,0.4478534398004532,0.48626621817798044,0.44515423408928123,0.4789260438803585,0.4591336030070188,0.3168676954056214,0.37775317205762216,0.41894638548829244,0.48402597563968125,0.3546841046939736,0.47019237537785635,0.42418969169747445,0.3431150244220448,0.3716853513290136,0.312122434267156,0.26774071723872395,0.0,0.35785857402752225,0.2897514026933412,0.2029932823187403,0.30750132066446323,0.0,0.44987946226844355,0.0,0.0,0.0,0.34460773960168256,0.0,0.48363412887293694,0.0,0.0,0.0,0.43154441140665556,0.41002400973641984,0.0,0.0,0.44087038673530593,0.0,0.4445754593350454,0.4100162233536423,0.0,0.5388337024222908,0.4279769781965488,0.3776574768204152,0.4351112901149945,0.0,0.5170297721459962,0.49263269164695084,0.5208396832438275,0.5014727534345257,0.0,0.42914383767364694,0.48679560456805443,0.5172568488357294,0.45201998165780044,0.0,0.0,0.0
0.0,0.0,0.40186516522589943,0.18320580531642458,0.2220676092615907,0.44223503284990834,0.2571863501598251,0.2144360490570061,0.4017053487449246,0.2555705557398561,0.3237050938820859,0.31110636812058784,0.3371235205538186,0.17895868263402961,0.5198312625824456,0.0,0.43191871760480294,0.0,0.3888636348522127,0.5207269973255341,0.0,0.5183457554449759,0.4040846614221766,0.3664152391141099,0.368896697713358,0.45165647112011553,0.49739752288007655,0.2496173734191993,0.5008261683747679,0.0,0.4555784290296657,0.2408394528206867,0.4979578234502223,0.3087341644301329,0.35785857402752225,0.0,0.19112253166930418,0.25854916029608116,0.272394607494646,0.0,0.0,0.3240275149737912,0.0,0.0,0.0,0.0,0.0,0.41835866588761167,0.0,0.32276887225402084,0.45871935343006187,0.32822098207590006,0.32081700587701206,0.41208242176516907,0.0,0.30859819185814913,0.0,0.0,0.314387688850396,0.0,0.0,0.0,0.0,0.38335991789504587,0.0,0.0,0.0,0.44999695865554895,0.0,0.0,0.0,0.46718439026997705,0.0,0.0,0.0,0.4265347141047752
