0.0,0.39174514217699813,0.326592452493068,0.0,0.2815464404917821,0.3271842902867219,0.26700277352383256,0.5037080377476797,0.2879583638305705,0.36596778918738304,0.0,0.3785161750700563,0.30786976561836515,0.47713438765754557,0.4103942334019569,0.40287523899039596,0.36323935173215294,0.35350378096528173,0.0,0.4288369185456729,0.45210225456170444,0.4047948102664801,0.449087631334172,0.39748169363906466,0.360609501513695,0.3601535285078969,0.3771535326667936,0.3701110144806951,0.40780712435662014,0.0,0.3638787864381355,0.4018806414583995,0.32196983156910225,0.369988318817477,0.42761114219190743,0.40788858762415325,0.0,0.3196461715003017,0.41261248044217297,0.3660869164753928,0.40971511844591346,0.0,0.0,0.0,0.0,0.3690448345510261,0.41256003658495777,0.0,0.0,0.0,0.0,0.0,0.0,0.0,0.0,0.0,0.0,0.0,0.0,0.0,0.41129378666416705,0.0,0.37806937081100206,0.0,0.0,0.2755112031772742,0.4145132144537601,0.4567584632856716,0.0,0.40451667616660003,0.42659492752616296,0.4717597229974853,0.0,0.0,0.0,0.3453481756171645
0.39174514217699813,0.0,0.29249045204491153,0.0,0.3479810593741923,0.38311876169454234,0.3256516503276853,0.41017803914662376,0.3072117934123482,0.2394789385387805,0.2492611806694162,0.22145555594891603,0.3943010587838772,0.0,0.4088882649820294,0.39366733877157756,0.3447481395696572,0.36951474037084925,0.0,0.4231778026358665,0.4149567926013723,0.4132322625391266,0.39656149662820556,0.0,0.36924964371462965,0.3791453844917505,0.4153595609803563,0.3838656606906121,0.4070593413379326,0.0,0.365529707653405,0.40277121812995603,0.34252245558594674,0.37095911800319076,0.43274396945885785,0.0,0.0,0.0,0.4205683486075609,0.3970306975167465,0.4244269588610876,0.45242460140651547,0.0,0.0,0.0,0.4290871198755105,0.43262345380359224,0.0,0.0,0.0,0.3022398518922034,0.0,0.43026715013109895,0.0,0.0,0.0,0.0,0.22928469332801152,0.0,0.44076780483328354,0.4256997096034757,0.0,0.3904177229528752,0.0,0.38870640727204514,0.4457314257626285,0.4504116192655846,0.33679566843861264,0.0,0.3885111425636801,0.4471807345147969,0.3671102889185163,0.289728988480246,0.36125746376813395,0.0,0.3930432505907816
0.326592452493068,0.29249045204491153,0.0,0.3365345239917215,0.38721196585258083,0.37889819693584365,0.3768956565887859,0.41195199925512616,0.3682533450312577,0.32229107002938306,0.3465870273063489,0.2650946008727164,0.3862216613821196,0.38933553268845283,0.2928203063097313,0.3025384291729192,0.27728245952035485,0.24987928040778284,0.3039772974778942,0.0,0.2979582939243465,0.3411826615069635,0.3052462102162166,0.2837918449002035,0.22795106225461087,0.26491649515198457,0.35408458099578277,0.393401144744713,0.3191731606275205,0.0,0.41379063447008946,0.35654887786444533,0.0,0.39174921777691796,0.38522006472057363,0.35500254573026363,0.32671298999595644,0.2594402059816895,0.32482771853871617,0.0,0.3285777549950696,0.0,0.4492644832429995,0.0,0.0,0.0,0.29939075417252803,0.33275342415316944,0.0,0.33941131413397874,0.493604011999457,0.21539252049656152,0.37463229024205214,0.43679544569062534,0.0,0.3487739690606805,0.0,0.2978300177964371,0.4685393586445818,0.0,0.0,0.0,0.0,0.2959880852193281,0.29667450702102954,0.2841971339720246,0.0,0.4503153281661621,0.0,0.0,0.29574229770993016,0.44369906328967534,0.25593214537325965,0.33115792039769537,0.0,0.3353584639278265
0.0,0.0,0.3365345239917215,0.0,0.28171394582721415,0.34157385702489557,0.1943203547547503,0.37615261246011944,0.3612284173309935,0.0,0.3410841940802986,0.0,0.24300775776584518,0.2847837477472332,0.0,0.0,0.0,0.0,0.3147803571176721,0.0,0.0,0.0,0.37824542292446245,0.0,0.0,0.0,0.34994149128098206,0.24485137013872496,0.0,0.0,0.0,0.2762340577205675,0.3163713882367938,0.2452961942160892,0.24909548786250393,0.2027108706599182,0.20267924398837484,0.26054269764534155,0.0,0.0,0.0,0.0,0.0,0.0,0.0,0.0,0.0,0.3218720145232941,0.0,0.0,0.0,0.0,0.0,0.32167256717528253,0.0,0.0,0.0,0.0,0.0,0.0,0.0,0.0,0.0,0.0,0.0,0.0,0.0,0.0,0.0,0.0,0.0,0.0,0.0,0.0,0.0,0.0
0.2815464404917821,0.3479810593741923,0.38721196585258083,0.28171394582721415,0.0,0.3774532594670045,0.3237383351334538,0.3410586736717533,0.3724648062363448,0.34177415863542837,0.3449581733858341,0.34841860435008437,0.36234343093580856,0.2951458263692889,0.3380635766502151,0.3573796529540692,0.35146709888610467,0.3082586872660511,0.3765080959938584,0.4025845924582475,0.2943306816497005,0.4097268076767604,0.37844895567663234,0.3604943433056855,0.31606875263144063,0.34465093538137037,0.3868164781306126,0.3307875200763239,0.37401484518358097,0.0,0.42269977881811444,0.33191218008457557,0.29619214038687053,0.41601793685769917,0.41814959954947367,0.2308821777444057,0.30613727952176206,0.33246217289307106,0.31560419388104294,0.0,0.2959456976845321,0.0,0.28429411452737136,0.0,0.0,0.0,0.0,0.33787547024146725,0.0,0.27946357592886606,0.37555701772912237,0.26508341536608315,0.35873567791326866,0.3438775962098243,0.0,0.3591604234754238,0.0,0.26611718332573814,0.323467028535258,0.0,0.0,0.0,0.0,0.3885333547303541,0.3045376029961626,0.0,0.0,0.42598505796099945,0.0,0.0,0.0,0.3551465506587224,0.26860228466806274,0.2933304257321414,0.0,0.0
0.3271842902867219,0.38311876169454234,0.37889819693584365,0.34157385702489557,0.3774532594670045,0.0,0.3645411214053447,0.346023280808617,0.3410985057508236,0.3145744913398785,0.36996445170532904,0.25372848800111225,0.35257780421736323,0.3937442457859557,0.32502164578469805,0.39317652533452385,0.23707720990440473,0.3429091227765336,0.3793241444114118,0.37626213903334993,0.3252248026220159,0.39909030461670153,0.34784970500606194,0.27788159119824657,0.3656685542818307,0.39730375487306474,0.35957992847190917,0.35428690926653567,0.3359078864812328,0.3711887697828854,0.39074521452956884,0.3698250683919142,0.353917908216709,0.4024187358977023,0.4185611262453327,0.34426260266827174,0.3640852723808203,0.2853845153322424,0.4538159308850175,0.28222944758551904,0.4644995654430477,0.40283354227175244,0.3013384210883472,0.27341357193024735,0.0,0.29216214171588284,0.21488143377534075,0.4672462567726573,0.0,0.28191387191320105,0.4388533821879303,0.21253472083544084,0.39407350245476963,0.47466235245776855,0.3106997885964291,0.3795372527244654,0.0,0.32186038870601863,0.3506076006765934,0.35528211720809305,0.22722125737883503,0.0,0.0,0.43292136712670715,0.39315797006509384,0.3451477471271414,0.20890332847263401,0.4386224600618284,0.0,0.22221448697503562,0.2876680634998343,0.4352229617996586,0.42730460514595636,0.43715746835080393,0.41705613135589015,0.43946715739836967
0.26700277352383256,0.3256516503276853,0.3768956565887859,0.1943203547547503,0.3237383351334538,0.3645411214053447,0.0,0.3848139569742821,0.3819937915712702,0.33820098225309403,0.39908918338492066,0.3569335377031714,0.3154354723539703,0.2892100157556271,0.0,0.3707729187590896,0.34924023935903914,0.35690854361776814,0.39780783068240877,0.3881901521309733,0.3404596016446054,0.4215014161342087,0.37203785234622755,0.36846314976951156,0.3547944939560994,0.3707181926898954,0.37683246252903385,0.29647516083762027,0.3783500105239008,0.0,0.391988458019579,0.35154463868279706,0.36068316010463564,0.3841456681324755,0.41193358179278167,0.22543972543908608,0.22182445347400814,0.35356012755019084,0.29288889811236735,0.0,0.3122709908813265,0.0,0.28874566043102534,0.0,0.0,0.0,0.25739361671739924,0.3176951789690779,0.0,0.2744708878289144,0.3229927010079089,0.272931004481183,0.34665472542522247,0.32790075001712216,0.0,0.3202721589090105,0.0,0.2550845413332698,0.0,0.3274522138663586,0.0,0.0,0.0,0.3542312901536556,0.27647057089905885,0.0,0.2697620990450136,0.4379566650772789,0.0,0.0,0.25927881448977697,0.343917508731871,0.26225509929273433,0.286195553321022,0.0,0.2884627968543687
0.5037080377476797,0.41017803914662376,0.41195199925512616,0.37615261246011944,0.3410586736717533,0.346023280808617,0.3848139569742821,0.0,0.44640353029920127,0.4131145319914071,0.3161335790574007,0.4042046308305875,0.3924587560427736,0.35834289338734243,0.0,0.43042296395439084,0.3448337191410768,0.4279674631807266,0.4082544326782781,0.3452082770241977,0.4062652587166761,0.36206499391530017,0.33436235651011215,0.512442097521209,0.4590360090640072,0.4640382532859411,0.3819448948561939,0.3925111138004135,0.3658533532141651,0.37370624238410227,0.4299952211984515,0.36727967034499104,0.44443937840300446,0.43097258743559147,0.43137831363836515,0.28636262625607484,0.3543031923234501,0.0,0.4330374451374143,0.0,0.4682986917440028,0.49329082243876,0.34786780875602336,0.0,0.0,0.0,0.0,0.4805266822411885,0.0,0.3840437781397551,0.4242861226176835,0.38790808078684896,0.2964993938902393,0.48404455673488006,0.0,0.42180353156999373,0.0,0.4009046624007766,0.35513896714947607,0.40962886340766647,0.0,0.0,0.0,0.4867409220245061,0.4353187213318114,0.373433681760206,0.0,0.40724783518290053,0.0,0.3007719025406562,0.404813667035415,0.40791653203338185,0.44697751215701004,0.40348481030851163,0.4175509023112677,0.42049819181423886
0.2879583638305705,0.3072117934123482,0.3682533450312577,0.3612284173309935,0.3724648062363448,0.3410985057508236,0.3819937915712702,0.44640353029920127,0.0,0.3853412544885109,0.3599851547701457,0.3274478084274349,0.3796953648436147,0.38876015856193474,0.2724131073953774,0.32139522220170214,0.27805606192040727,0.20891979889773568,0.32879124235310325,0.3720037324501944,0.2853635648176079,0.3697175674249214,0.40053267802901993,0.31548551109821277,0.20728742056294303,0.2762169488153198,0.37834814007993645,0.4180311356257921,0.34929110464916147,0.37966765649729534,0.4437869341894233,0.4081942351892976,0.3175018807028782,0.436510657218405,0.4189460520138093,0.38006266575886655,0.38744459399461945,0.3145305795964786,0.3609184566910112,0.0,0.25144981916476455,0.0,0.0,0.0,0.0,0.0,0.2595308803921011,0.5074559726474565,0.0,0.32887021020514895,0.49270085627796634,0.29225328624647934,0.4832182215328551,0.4580976409457097,0.0,0.47857642394552746,0.0,0.29010056368836645,0.0,0.0,0.0,0.0,0.0,0.4977186969520492,0.2968563414044285,0.0,0.27943952902294905,0.5010104901582181,0.0,0.0,0.26293957468633666,0.4935954768605114,0.26603038615816327,0.2967950558000302,0.0,0.28162008844523384
0.36596778918738304,0.2394789385387805,0.32229107002938306,0.0,0.34177415863542837,0.3145744913398785,0.33820098225309403,0.4131145319914071,0.3853412544885109,0.0,0.3860693393852586,0.2578487353131811,0.3782279993821424,0.0,0.25887114073298334,0.33387418371490435,0.3105256330387046,0.3251151359984962,0.36704932989879724,0.27700383718748317,0.4426449346951883,0.28151838138031426,0.3696149301836697,0.26344843095477916,0.3181620141361826,0.3318294642659043,0.27104274033663034,0.37888521835264666,0.26705038032328,0.0,0.3126255714412819,0.36015863112129554,0.29512664376409264,0.31874119683309093,0.3510454135668835,0.3821396249824901,0.30262970401837824,0.2758499043035436,0.41207249841750465,0.36304348345762544,0.3612836472325578,0.45132157257292765,0.0,0.0,0.3142490742123275,0.38767941192662386,0.0,0.0,0.0,0.0,0.0,0.0,0.0,0.0,0.36864430422100564,0.0,0.3788402693310204,0.0,0.0,0.0,0.3510384360406561,0.38095242573917354,0.35729189622012375,0.0,0.0,0.0,0.0,0.0,0.3643727857383534,0.39377559681951624,0.38556275271382623,0.0,0.0,0.0,0.0,0.37414354549755924
0.0,0.2492611806694162,0.3465870273063489,0.3410841940802986,0.3449581733858341,0.36996445170532904,0.39908918338492066,0.3161335790574007,0.3599851547701457,0.3860693393852586,0.0,0.3474418750891963,0.4051582396779264,0.27257549908012985,0.0,0.0,0.3114530427715429,0.28672106998308644,0.28403963937222837,0.0,0.36927702114820554,0.0,0.29967130930683,0.3559860925945906,0.2961302402840021,0.2561496743655952,0.3878603091038252,0.4038869166568984,0.0,0.0,0.4375632383438967,0.3821330399941444,0.3626961866100498,0.42288607358189806,0.40665454807289125,0.2992894868039869,0.38188911796738756,0.34283797296180657,0.3102602982967697,0.0,0.0,0.0,0.30594541990943414,0.0,0.0,0.0,0.0,0.42814684026897515,0.0,0.3105851407888967,0.4159256566006601,0.25097670516033493,0.2694630034995116,0.4462430203478412,0.26145189317078865,0.2451749735301626,0.0,0.265200388916684,0.37565345266337385,0.0,0.0,0.0,0.0,0.29757874267920376,0.0,0.0,0.0,0.40027788198038905,0.0,0.0,0.0,0.41624908124408094,0.20083463265532026,0.0,0.0,0.0
0.3785161750700563,0.22145555594891603,0.2650946008727164,0.0,0.34841860435008437,0.25372848800111225,0.3569335377031714,0.4042046308305875,0.3274478084274349,0.2578487353131811,0.3474418750891963,0.0,0.33439738573854155,0.0,0.0,0.0,0.30747788260084713,0.2734230960682793,0.2825285778745386,0.3427690346823378,0.4249435427822682,0.0,0.3663510687059222,0.256263265296055,0.31078988511613204,0.2895304661645879,0.270531545039806,0.3624783429929691,0.22567311222197117,0.0,0.3263409495276597,0.3047626591534589,0.27565838960091266,0.2898739241204316,0.3120974009598936,0.339741769349484,0.31776771298682416,0.2712287377399665,0.4254939075249264,0.35619441220941556,0.357737237869956,0.0,0.0,0.0,0.30920927616868843,0.3662070506148881,0.0,0.0,0.0,0.0,0.0,0.0,0.0,0.0,0.3818251970081768,0.0,0.3961619027631232,0.0,0.0,0.0,0.0,0.3740972374129432,0.37261351509825125,0.0,0.0,0.0,0.0,0.0,0.3603622860584653,0.4053346815045118,0.3949062904341708,0.0,0.376308165490919,0.0,0.0,0.3663559224256284
0.30786976561836515,0.3943010587838772,0.3862216613821196,0.24300775776584518,0.36234343093580856,0.35257780421736323,0.3154354723539703,0.3924587560427736,0.3796953648436147,0.3782279993821424,0.4051582396779264,0.33439738573854155,0.0,0.29213505600731426,0.3841414880929123,0.4174768998053496,0.3401305029160739,0.34274307846837626,0.4030214837811457,0.38032319351613636,0.386151163168178,0.4195260457666114,0.3833135543420725,0.2919129777916636,0.38918311110975223,0.39482362984111247,0.38385415866978423,0.3332517571188191,0.3561100569086976,0.36431363883708806,0.37092021718706425,0.3521181567692793,0.3590856042820946,0.3772856266166228,0.40002861944270773,0.27315304224621934,0.27398040168490806,0.3365910327715315,0.4231061303043314,0.35624433178506926,0.27692770544584155,0.3363389540405023,0.30253232668279434,0.0,0.0,0.273095932177868,0.23823890699202857,0.2838342338621739,0.0,0.0,0.2829555061820404,0.2344472436247364,0.3812837880427962,0.24789576398464053,0.36987028719183324,0.332865781359704,0.35510545079369776,0.14198727997262953,0.0,0.31057499726637644,0.25275316527567937,0.0,0.0,0.3387184174013837,0.3476326077825634,0.0,0.2544114356963997,0.4379116267150448,0.0,0.25504269295674276,0.25563217076496725,0.4047196637115607,0.2360471037306403,0.3490114956257485,0.3483596232888599,0.28409123383362667
0.47713438765754557,0.0,0.38933553268845283,0.2847837477472332,0.2951458263692889,0.3937442457859557,0.2892100157556271,0.35834289338734243,0.38876015856193474,0.0,0.27257549908012985,0.0,0.29213505600731426,0.0,0.0,0.0,0.0,0.0,0.3648165094969807,0.0,0.4406704179350437,0.0,0.3604860999978026,0.0,0.0,0.399912969305904,0.39769420476962714,0.22866207215408263,0.0,0.0,0.0,0.25486760908005257,0.0,0.36273128486936623,0.0,0.23437992550320497,0.18051495229753925,0.0,0.0,0.0,0.0,0.0,0.3385251658412522,0.0,0.0,0.0,0.0,0.42728478229657746,0.0,0.33493361860545223,0.351156120277651,0.3618806669792073,0.37199416493921433,0.44878031149549125,0.0,0.3779424370513608,0.0,0.31883281708854694,0.0,0.0,0.0,0.0,0.0,0.43073381702253977,0.0,0.0,0.0,0.40599605738326205,0.0,0.0,0.0,0.3884849787550127,0.2861034700175783,0.0,0.0,0.0
0.4103942334019569,0.4088882649820294,0.2928203063097313,0.0,0.3380635766502151,0.32502164578469805,0.0,0.0,0.2724131073953774,0.25887114073298334,0.0,0.0,0.3841414880929123,0.0,0.0,0.4249979051934941,0.292782831248226,0.40424669871058433,0.0,0.3400066068602485,0.37581006749660534,0.3824604645482781,0.3361488704643833,0.47342063215455427,0.39778841774931156,0.3858271482305917,0.3678893679509763,0.3806056859342995,0.3860561663557249,0.0,0.4025499865209132,0.4260612278482227,0.3907645609420326,0.4327409259299103,0.4846314090396858,0.0,0.0,0.0,0.44780994187506706,0.4515899251189079,0.4389524228692967,0.49450935247274314,0.0,0.0,0.0,0.0,0.45401261366825824,0.0,0.0,0.0,0.43045489405748955,0.0,0.0,0.0,0.0,0.0,0.0,0.0,0.0,0.3947231629840564,0.37302878671972217,0.0,0.2904449424869819,0.0,0.38241588225856143,0.44611473604664315,0.447082365591815,0.3936977106833344,0.0,0.31355069106373507,0.45515523699468524,0.4004369559931662,0.364666531266785,0.43149205229371607,0.0,0.36202932661458115
0.40287523899039596,0.39366733877157756,0.3025384291729192,0.0,0.3573796529540692,0.39317652533452385,0.3707729187590896,0.43042296395439084,0.32139522220170214,0.33387418371490435,0.0,0.0,0.4174768998053496,0.0,0.4249979051934941,0.0,0.37807558189150164,0.358474713276539,0.0,0.4077422193777176,0.41716778594323234,0.39563113901685243,0.41899005336951234,0.33851842181676395,0.35743885076321436,0.41717524879869117,0.41304096892087055,0.3804897934998164,0.40831691574982987,0.0,0.3571299430848368,0.4156797536867586,0.38352430795486686,0.3677372042937401,0.4457133251050336,0.0,0.0,0.0,0.43218233628837016,0.39689766172759117,0.4232367601763718,0.4512298423661213,0.0,0.0,0.0,0.43399218055169375,0.431997018439348,0.0,0.0,0.0,0.2293662267096878,0.0,0.0,0.0,0.0,0.0,0.0,0.0,0.0,0.42690970966943237,0.43151114168026583,0.0,0.3766977257086774,0.0,0.39639254625454445,0.4329281863934128,0.43739720876667637,0.2887607942050712,0.0,0.40309024406916194,0.4430030827324935,0.3231124894969894,0.3124505272135555,0.37251857581459735,0.0,0.4012815744849042
0.36323935173215294,0.3447481395696572,0.27728245952035485,0.0,0.35146709888610467,0.23707720990440473,0.34924023935903914,0.3448337191410768,0.27805606192040727,0.3105256330387046,0.3114530427715429,0.30747788260084713,0.3401305029160739,0.0,0.292782831248226,0.37807558189150164,0.0,0.3292179081698822,0.2680961920597396,0.34393351208008005,0.38490911967293573,0.3676667671877746,0.2664324627165771,0.33867373577293003,0.3501955726160172,0.3338554602479228,0.260540864723113,0.35908325735373076,0.31562342395874865,0.0,0.3382523768767375,0.3708119318625338,0.32274696233764305,0.3540889589377034,0.38763758225689743,0.0,0.0,0.2983304830807331,0.4029705370907469,0.3641617343461838,0.36706633485087303,0.37453866409528364,0.0,0.0,0.0,0.34488339865778095,0.4016237282548786,0.0,0.0,0.0,0.0,0.0,0.0,0.0,0.36503476835757437,0.0,0.3242025962268342,0.0,0.0,0.0,0.33417049508087016,0.3338128818784679,0.3474645395640775,0.0,0.0,0.0,0.0,0.0,0.3553187321962529,0.400813409927391,0.40104382805293104,0.0,0.0,0.0,0.0,0.3504183270207394
0.35350378096528173,0.36951474037084925,0.24987928040778284,0.0,0.3082586872660511,0.3429091227765336,0.35690854361776814,0.4279674631807266,0.20891979889773568,0.3251151359984962,0.28672106998308644,0.2734230960682793,0.34274307846837626,0.0,0.40424669871058433,0.358474713276539,0.3292179081698822,0.0,0.0,0.3998742932522607,0.3959014281249766,0.39120586719875283,0.3895655874995539,0.336062295973072,0.3564603705763142,0.3713823963248174,0.3700663128684618,0.3505825805593855,0.3969896934856162,0.38383634289034024,0.33432082048847084,0.34546907624289935,0.3332910932647914,0.3639314806421899,0.4180471915680755,0.0,0.0,0.0,0.40471756751378246,0.3618805361917158,0.38657100698032637,0.4069822414665288,0.0,0.0,0.0,0.3877395814307404,0.395915906519641,0.0,0.0,0.0,0.23818595116784225,0.0,0.0,0.0,0.3432084100184537,0.0,0.3015955698125877,0.0,0.0,0.34975484052439715,0.3972905711327807,0.33029532663944106,0.36520401745413394,0.0,0.0,0.0,0.4188899824515931,0.2692456895166039,0.33906587648993475,0.3804394167783307,0.3914873469364139,0.0,0.0,0.2273592559881722,0.0,0.3576631886587155
0.0,0.0,0.3039772974778942,0.3147803571176721,0.3765080959938584,0.3793241444114118,0.39780783068240877,0.4082544326782781,0.32879124235310325,0.36704932989879724,0.28403963937222837,0.2825285778745386,0.4030214837811457,0.3648165094969807,0.0,0.0,0.2680961920597396,0.0,0.0,0.0,0.2836422510854665,0.0,0.27059865590341753,0.2856589461889039,0.0,0.26067632857925443,0.39871026931425974,0.41235818443355254,0.0,0.0,0.4135199244229394,0.3906647165810175,0.0,0.379314973118055,0.4041155149196111,0.3478421463989887,0.3405773999761595,0.3317619504246429,0.0,0.0,0.0,0.0,0.41849183646489063,0.0,0.0,0.0,0.0,0.4095065549684756,0.0,0.36443015328053174,0.476287156106482,0.3679303425452414,0.4721310094077793,0.4972590164879612,0.0,0.4073780315581846,0.0,0.33179535814810296,0.4475017877156577,0.0,0.0,0.0,0.0,0.3209230397984868,0.0,0.0,0.0,0.4812056080899539,0.0,0.0,0.0,0.4656022675572591,0.2929106208455135,0.0,0.0,0.0
0.4288369185456729,0.4231778026358665,0.0,0.0,0.4025845924582475,0.37626213903334993,0.3881901521309733,0.3452082770241977,0.3720037324501944,0.27700383718748317,0.0,0.3427690346823378,0.38032319351613636,0.0,0.3400066068602485,0.4077422193777176,0.34393351208008005,0.3998742932522607,0.0,0.0,0.3772727043213814,0.36750571626644873,0.27715200532455225,0.3553549536379438,0.38612323605932136,0.3976141292431413,0.342959440066701,0.36383389533291194,0.34442593228093954,0.3576756109810543,0.3816107754463532,0.43813274471547287,0.4169202821800347,0.42956832355335983,0.4892212237212277,0.5086051408084055,0.4006513028273369,0.33407259118229554,0.45537733916947654,0.4073208397972834,0.41926767641616924,0.4724783349123789,0.411198340224038,0.0,0.0,0.0,0.3884929456050507,0.3176491636733349,0.0,0.0,0.370180566220739,0.0,0.0,0.0,0.0,0.0,0.0,0.3087856859424568,0.0,0.4445850703833846,0.28650765011716295,0.0,0.2624168109481514,0.0,0.44662903459684894,0.42703431100138306,0.4621077330339777,0.41700808459350236,0.0,0.2521530755504469,0.4530893302270952,0.44351515563737526,0.34121070977910195,0.4042852987784161,0.34067718991179957,0.4056208810581057
0.45210225456170444,0.4149567926013723,0.2979582939243465,0.0,0.2943306816497005,0.3252248026220159,0.3404596016446054,0.4062652587166761,0.2853635648176079,0.4426449346951883,0.36927702114820554,0.4249435427822682,0.386151163168178,0.4406704179350437,0.37581006749660534,0.41716778594323234,0.38490911967293573,0.3959014281249766,0.2836422510854665,0.3772727043213814,0.0,0.43397111290521334,0.36084331757943566,0.5144211869502143,0.4115819957502775,0.4145065924982966,0.37137390596192527,0.4022179729431452,0.3904627191816359,0.39311676847839305,0.39841521030085153,0.43331948693948036,0.38826962584680846,0.4216440026726268,0.5120374815086487,0.4188275331862048,0.0,0.0,0.4337796995147549,0.3781215538392743,0.4001095318527364,0.47115165927175495,0.0,0.0,0.0,0.368105974752429,0.4568102318379959,0.0,0.0,0.0,0.4376758429823583,0.0,0.26475936291264224,0.37598111655796107,0.0,0.0,0.0,0.3648267554106714,0.0,0.4306314269884448,0.3691350476146036,0.0,0.0,0.0,0.41657942294673844,0.33627157480973524,0.4429890325414046,0.3954304413098642,0.0,0.3637979425060307,0.4705752973968095,0.41614255081822693,0.42788856885802273,0.4293003937908243,0.37948114550456824,0.36454671149691203
0.4047948102664801,0.4132322625391266,0.3411826615069635,0.0,0.4097268076767604,0.39909030461670153,0.4215014161342087,0.36206499391530017,0.3697175674249214,0.28151838138031426,0.0,0.0,0.4195260457666114,0.0,0.3824604645482781,0.39563113901685243,0.3676667671877746,0.39120586719875283,0.0,0.36750571626644873,0.43397111290521334,0.0,0.40101762790327516,0.28851413098414136,0.3870233293821477,0.3948104564570047,0.41728235588371865,0.3826440407239837,0.3976185989378476,0.35372817744189433,0.37716529342025384,0.4437410656386796,0.4053103841476704,0.4129270177214981,0.4911471027651819,0.5457708065930998,0.424219860442163,0.3496967392286126,0.4595048298400657,0.4487683480875917,0.4661926454282472,0.49095357583070515,0.0,0.0,0.0,0.4504229385893183,0.4456712703263172,0.0,0.0,0.0,0.38468839518728065,0.0,0.0,0.0,0.0,0.0,0.0,0.258268830119376,0.0,0.48135808421130444,0.4246783288034075,0.0,0.35780664330528816,0.0,0.4635216778638636,0.47011743708903075,0.46447266883356153,0.464425925760604,0.0,0.3895949892577767,0.47463457776204154,0.42407174395200625,0.34304091995717023,0.42789482472477336,0.0,0.42946619272851294
0.449087631334172,0.39656149662820556,0.3052462102162166,0.37824542292446245,0.37844895567663234,0.34784970500606194,0.37203785234622755,0.33436235651011215,0.40053267802901993,0.3696149301836697,0.29967130930683,0.3663510687059222,0.3833135543420725,0.3604860999978026,0.3361488704643833,0.41899005336951234,0.2664324627165771,0.3895655874995539,0.27059865590341753,0.27715200532455225,0.36084331757943566,0.40101762790327516,0.0,0.48861197559620567,0.40194147549395887,0.4189910818928672,0.35281510965892526,0.3862392384558553,0.3653943393498546,0.37771274684176986,0.4011658227788455,0.37879968181585516,0.3865287361811631,0.40766983194889117,0.392743458498879,0.3355977408745123,0.3356723406550648,0.28255802120894224,0.4495121302370128,0.0,0.49038749877116045,0.4879248458913925,0.4150319548754621,0.0,0.0,0.0,0.33259137899145874,0.5007732602134087,0.0,0.3610611003897059,0.45810443800456996,0.4442791258818567,0.39074912831969905,0.49368678638504637,0.3265436238016532,0.4823476992968924,0.0,0.44634248910169944,0.42784184632510186,0.43341724235245094,0.28742657325753584,0.0,0.0,0.4948772224200781,0.4480180311087214,0.36129552602554016,0.41626711245707,0.45508257014407705,0.0,0.2385945958724657,0.35573529551850674,0.44516612736189276,0.46636659056035284,0.45049955035241995,0.47398882885721705,0.46062423220849635
0.39748169363906466,0.0,0.2837918449002035,0.0,0.3604943433056855,0.27788159119824657,0.36846314976951156,0.512442097521209,0.31548551109821277,0.26344843095477916,0.3559860925945906,0.256263265296055,0.2919129777916636,0.0,0.47342063215455427,0.33851842181676395,0.33867373577293003,0.336062295973072,0.2856589461889039,0.3553549536379438,0.5144211869502143,0.28851413098414136,0.48861197559620567,0.0,0.3408516156662699,0.32716465735673855,0.2210658244603449,0.35306522228524295,0.32718211990569745,0.0,0.3388544713086164,0.3264015995530767,0.22087389020258014,0.28623197319544735,0.36355226541765623,0.36199028994330723,0.28779359320237907,0.2047498773857352,0.41999319811102626,0.35829584072621784,0.3763746859100089,0.5503032889739948,0.0,0.0,0.0,0.380621612882558,0.0,0.0,0.0,0.0,0.0,0.0,0.0,0.0,0.36911470579647904,0.0,0.38163154894453455,0.0,0.0,0.0,0.4001154901506189,0.38631916749946266,0.39346427966418734,0.0,0.0,0.0,0.0,0.0,0.36136133141228116,0.40856556243184405,0.4035611292097683,0.0,0.0,0.0,0.0,0.394844091603112
0.360609501513695,0.36924964371462965,0.22795106225461087,0.0,0.31606875263144063,0.3656685542818307,0.3547944939560994,0.4590360090640072,0.20728742056294303,0.3181620141361826,0.2961302402840021,0.31078988511613204,0.38918311110975223,0.0,0.39778841774931156,0.35743885076321436,0.3501955726160172,0.3564603705763142,0.0,0.38612323605932136,0.4115819957502775,0.3870233293821477,0.40194147549395887,0.3408516156662699,0.0,0.3540433393170463,0.3869430132858718,0.37811429201190494,0.3846415758808476,0.0,0.34483857995058637,0.37746983762353814,0.31764264068891124,0.34560950412871927,0.3973938223423891,0.0,0.0,0.3167160607202149,0.40709648461226094,0.35847088232899915,0.3940124048056283,0.41839785118676054,0.0,0.0,0.0,0.4091222353499785,0.40656001970390665,0.0,0.0,0.0,0.21307228509927195,0.0,0.36439389530336685,0.0,0.35700644985915175,0.0,0.3725864734205424,0.247058487419719,0.0,0.37669945936379445,0.3994899599855129,0.3880476661854659,0.3712841795002758,0.0,0.3689602922321323,0.37055747458116756,0.3618075237250294,0.26621592683687456,0.3781129463547841,0.3874997826158871,0.4013954957987308,0.2663716390313057,0.2985591572924202,0.30144404145303255,0.0,0.37521960616424843
0.3601535285078969,0.3791453844917505,0.26491649515198457,0.0,0.34465093538137037,0.39730375487306474,0.3707181926898954,0.4640382532859411,0.2762169488153198,0.3318294642659043,0.2561496743655952,0.2895304661645879,0.39482362984111247,0.399912969305904,0.3858271482305917,0.41717524879869117,0.3338554602479228,0.3713823963248174,0.26067632857925443,0.3976141292431413,0.4145065924982966,0.3948104564570047,0.4189910818928672,0.32716465735673855,0.3540433393170463,0.0,0.41286307581295206,0.34139195003135214,0.3905817421855307,0.28445574332258194,0.36999097134238157,0.4089824237955568,0.35296524685630076,0.37471423013389277,0.4391203811174281,0.3706832645886723,0.0,0.3580909183114292,0.4356884291013424,0.395150692839548,0.4211777130465264,0.46715839652152674,0.0,0.0,0.0,0.43130798040696144,0.45313055586024015,0.3397862338778276,0.0,0.0,0.267846257048426,0.0,0.0,0.0,0.3458718485327779,0.0,0.3464293998112884,0.268336377690667,0.0,0.47576287449520827,0.433958346021029,0.3956355165149561,0.39772912197734955,0.0,0.4174251684815394,0.47346455238075486,0.4655370451840457,0.38540714839450363,0.3913654853407753,0.4080282848597166,0.43889669433356987,0.41248979376896133,0.3269576295053112,0.3257843249067544,0.0,0.41193974642010456
0.3771535326667936,0.4153595609803563,0.35408458099578277,0.34994149128098206,0.3868164781306126,0.35957992847190917,0.37683246252903385,0.3819448948561939,0.37834814007993645,0.27104274033663034,0.3878603091038252,0.270531545039806,0.38385415866978423,0.39769420476962714,0.3678893679509763,0.41304096892087055,0.260540864723113,0.3700663128684618,0.39871026931425974,0.342959440066701,0.37137390596192527,0.41728235588371865,0.35281510965892526,0.2210658244603449,0.3869430132858718,0.41286307581295206,0.0,0.38400350052281584,0.3621321116167454,0.37114784037449516,0.3907524021428709,0.3953470110527947,0.39393959439803605,0.41140593470317766,0.43282255945406195,0.31457513021237327,0.3698087665188027,0.28692515076773706,0.4515449868910919,0.41300177340436633,0.4728207954252169,0.47324600686664414,0.41485974379838386,0.28885079777411987,0.0,0.0,0.28957259280113534,0.48459591415084224,0.0,0.2797290843409147,0.4505044197593922,0.35941584470713983,0.4102772516768639,0.48357449266424907,0.3235417607127791,0.4535215124582784,0.0,0.3733887657887195,0.39254336747886115,0.44440957763703504,0.2519428013292349,0.0,0.29558739167927894,0.4602658277580349,0.42343650490801893,0.40407558811661876,0.38475571816259213,0.4478419085466222,0.0,0.24658061156441385,0.40573234943265546,0.4431074675645319,0.44858610678129984,0.40318336454864545,0.4412550394217442,0.42925094665677843
0.3701110144806951,0.3838656606906121,0.393401144744713,0.24485137013872496,0.3307875200763239,0.35428690926653567,0.29647516083762027,0.3925111138004135,0.4180311356257921,0.37888521835264666,0.4038869166568984,0.3624783429929691,0.3332517571188191,0.22866207215408263,0.3806056859342995,0.3804897934998164,0.35908325735373076,0.3505825805593855,0.41235818443355254,0.36383389533291194,0.4022179729431452,0.3826440407239837,0.3862392384558553,0.35306522228524295,0.37811429201190494,0.34139195003135214,0.38400350052281584,0.0,0.3320995360671291,0.3430178004209534,0.359283139117006,0.3563173101929187,0.34728386496508695,0.3689192039326487,0.3932005225279458,0.2506999331186013,0.26299801328442624,0.35311901650530664,0.45948064407630856,0.0,0.3225787059750755,0.3635288904086775,0.3440116071668085,0.0,0.0,0.0,0.0,0.29293048326183185,0.0,0.0,0.40302508901775613,0.23961578762373237,0.3876000318136134,0.26175671646902565,0.39517613675607927,0.0,0.3678044914015411,0.1780431972754092,0.0,0.39294704113444656,0.29732921142742075,0.0,0.0,0.0,0.4393119871901659,0.4120653999965356,0.3384673471855366,0.451311671957003,0.0,0.27044116886908226,0.3099104576201598,0.4448032106845349,0.4002847032121513,0.39809659419554927,0.3515636438192009,0.390319195508231
0.40780712435662014,0.4070593413379326,0.3191731606275205,0.0,0.37401484518358097,0.3359078864812328,0.3783500105239008,0.3658533532141651,0.34929110464916147,0.26705038032328,0.0,0.22567311222197117,0.3561100569086976,0.0,0.3860561663557249,0.40831691574982987,0.31562342395874865,0.3969896934856162,0.0,0.34442593228093954,0.3904627191816359,0.3976185989378476,0.3653943393498546,0.32718211990569745,0.3846415758808476,0.3905817421855307,0.3621321116167454,0.3320995360671291,0.0,0.33547446501160577,0.35251271386011107,0.39435314598348215,0.3925859269809279,0.3904497797306025,0.4274800475405721,0.34534189527052195,0.41742094531545165,0.0,0.44861129052196,0.3585359005366243,0.38044084470411205,0.41972634175716056,0.400760940751918,0.0,0.0,0.0,0.3206369929391343,0.3664002449093947,0.0,0.0,0.34352088071166215,0.2467727770609456,0.3516595569484352,0.2842732459516287,0.0,0.0,0.0,0.26301822378097056,0.0,0.4341697276583407,0.2626107774161354,0.0,0.25627708735588917,0.0,0.41358041788148725,0.40652628277979597,0.4060849160766162,0.44861729189706456,0.0,0.22984420808596503,0.3634339370047086,0.4463126072330572,0.43957949910313365,0.44401136191432405,0.4102864875026684,0.42285410743191204
0.0,0.0,0.0,0.0,0.0,0.3711887697828854,0.0,0.37370624238410227,0.37966765649729534,0.0,0.0,0.0,0.36431363883708806,0.0,0.0,0.0,0.0,0.38383634289034024,0.0,0.3576756109810543,0.39311676847839305,0.35372817744189433,0.37771274684176986,0.0,0.0,0.28445574332258194,0.37114784037449516,0.3430178004209534,0.33547446501160577,0.0,0.3145194585784045,0.3646395296648741,0.0,0.3763630575709456,0.38079204309252895,0.0,0.4483530283123673,0.0,0.4552983455435961,0.0,0.4355952910517798,0.0,0.0,0.0,0.0,0.0,0.0,0.0,0.0,0.0,0.39260246458563575,0.0,0.0,0.0,0.0,0.0,0.0,0.31036111875138783,0.0,0.0,0.0,0.0,0.0,0.0,0.427366856135565,0.0,0.0,0.44219317740239744,0.0,0.0,0.0,0.43260597121779326,0.363433745868619,0.39543263993872163,0.0,0.41651298014143867
0.3638787864381355,0.365529707653405,0.41379063447008946,0.0,0.42269977881811444,0.39074521452956884,0.391988458019579,0.4299952211984515,0.4437869341894233,0.3126255714412819,0.4375632383438967,0.3263409495276597,0.37092021718706425,0.0,0.4025499865209132,0.3571299430848368,0.3382523768767375,0.33432082048847084,0.4135199244229394,0.3816107754463532,0.39841521030085153,0.37716529342025384,0.4011658227788455,0.3388544713086164,0.34483857995058637,0.36999097134238157,0.3907524021428709,0.359283139117006,0.35251271386011107,0.3145194585784045,0.0,0.3931661842712203,0.3237741458843135,0.27539362703793807,0.31951060928586256,0.0,0.3477678390436245,0.3375329395956007,0.43027107835539485,0.38654115889121277,0.42454405229065034,0.4211706421131329,0.0,0.0,0.0,0.40784620269046457,0.41550976398015327,0.3353501595448195,0.0,0.0,0.4205895435398125,0.2803834079627382,0.0,0.2896380427333994,0.35392894815784515,0.0,0.382313129368547,0.3048093781501609,0.0,0.4651347039197178,0.41212141062754254,0.3785668305279713,0.35929687867045235,0.0,0.44604867989746644,0.44149314443049775,0.4353031311411654,0.4704557959615966,0.4006627555995188,0.3884529972129492,0.4211617823578571,0.46245924307662645,0.40944541019246555,0.444395229101673,0.0,0.4027677899536418
0.4018806414583995,0.40277121812995603,0.35654887786444533,0.2762340577205675,0.33191218008457557,0.3698250683919142,0.35154463868279706,0.36727967034499104,0.4081942351892976,0.36015863112129554,0.3821330399941444,0.3047626591534589,0.3521181567692793,0.25486760908005257,0.4260612278482227,0.4156797536867586,0.3708119318625338,0.34546907624289935,0.3906647165810175,0.43813274471547287,0.43331948693948036,0.4437410656386796,0.37879968181585516,0.3264015995530767,0.37746983762353814,0.4089824237955568,0.3953470110527947,0.3563173101929187,0.39435314598348215,0.3646395296648741,0.3931661842712203,0.0,0.3273978261614065,0.335476820976017,0.34383685687274995,0.25653498519896345,0.29482126246980256,0.23920007312317412,0.3869235941977224,0.3587771643793195,0.3640897614699342,0.34538993944778823,0.4722889707145964,0.0,0.0,0.4069731952293043,0.42877785958939413,0.34923531182635736,0.0,0.0,0.4521756134585765,0.30190842858671124,0.4418378520248106,0.32790579146047144,0.0,0.3472327342750117,0.3742038973366843,0.4331165318223044,0.3356602407248522,0.47095939437346107,0.3924383724902073,0.3575210380825631,0.29958108731352157,0.36158026069314253,0.45569101577076626,0.465401033752607,0.46599494875826775,0.4604199625237283,0.3919960229255969,0.3671500340901598,0.44260673414945695,0.45402455089518473,0.48661554161368525,0.4581042104591109,0.4585427144772597,0.47007638542694
0.32196983156910225,0.34252245558594674,0.0,0.3163713882367938,0.29619214038687053,0.353917908216709,0.36068316010463564,0.44443937840300446,0.3175018807028782,0.29512664376409264,0.3626961866100498,0.27565838960091266,0.3590856042820946,0.0,0.3907645609420326,0.38352430795486686,0.32274696233764305,0.3332910932647914,0.0,0.4169202821800347,0.38826962584680846,0.4053103841476704,0.3865287361811631,0.22087389020258014,0.31764264068891124,0.35296524685630076,0.39393959439803605,0.34728386496508695,0.3925859269809279,0.0,0.3237741458843135,0.3273978261614065,0.0,0.24915835839473177,0.39317784561010843,0.23461425299003752,0.2791168428144877,0.19279407678054314,0.39846917101993,0.3435445070286242,0.35694509416206166,0.41060344461607984,0.0,0.0,0.0,0.40047308157434097,0.40215942602506927,0.0,0.0,0.0,0.3852764201731803,0.0,0.0,0.0,0.3164491874314348,0.0,0.3381482875541258,0.3127404658691063,0.0,0.4645209926146153,0.3973688778517943,0.3647550856074284,0.32349903408636904,0.0,0.44230163680207507,0.44663621939055803,0.4457527293225375,0.43085426970097024,0.3424225080575364,0.3680764777991479,0.4111977844934922,0.4529411232107384,0.44551417260598003,0.37691515881320936,0.0,0.3891976353401114
0.369988318817477,0.37095911800319076,0.39174921777691796,0.2452961942160892,0.41601793685769917,0.4024187358977023,0.3841456681324755,0.43097258743559147,0.436510657218405,0.31874119683309093,0.42288607358189806,0.2898739241204316,0.3772856266166228,0.36273128486936623,0.4327409259299103,0.3677372042937401,0.3540889589377034,0.3639314806421899,0.379314973118055,0.42956832355335983,0.4216440026726268,0.4129270177214981,0.40766983194889117,0.28623197319544735,0.34560950412871927,0.37471423013389277,0.41140593470317766,0.3689192039326487,0.3904497797306025,0.3763630575709456,0.27539362703793807,0.335476820976017,0.24915835839473177,0.0,0.2886763891529744,0.3756156676883854,0.286560563114508,0.25645397107724366,0.41049962386647026,0.3286947376936943,0.3517295749419025,0.0,0.0,0.0,0.27700856133514484,0.4086775721200758,0.41450533466072076,0.30991705630512795,0.0,0.0,0.44302898728218737,0.290848390730473,0.47300512963911245,0.23755114477303585,0.36546975135273396,0.0,0.36971051807230043,0.22110610708729012,0.0,0.4780824488520145,0.410766188636232,0.36749305301636936,0.36463145261271845,0.27960073362041626,0.4708195386447791,0.4671224663508815,0.4622208310525202,0.4787167892621787,0.37235039703530515,0.38647141517403555,0.422712538512513,0.4753940780829615,0.4374285878582067,0.4638126400882928,0.43007359117681176,0.43208159906077065
0.42761114219190743,0.43274396945885785,0.38522006472057363,0.24909548786250393,0.41814959954947367,0.4185611262453327,0.41193358179278167,0.43137831363836515,0.4189460520138093,0.3510454135668835,0.40665454807289125,0.3120974009598936,0.40002861944270773,0.0,0.4846314090396858,0.4457133251050336,0.38763758225689743,0.4180471915680755,0.4041155149196111,0.4892212237212277,0.5120374815086487,0.4911471027651819,0.392743458498879,0.36355226541765623,0.3973938223423891,0.4391203811174281,0.43282255945406195,0.3932005225279458,0.4274800475405721,0.38079204309252895,0.31951060928586256,0.34383685687274995,0.39317784561010843,0.2886763891529744,0.0,0.46639691252443843,0.3204691298186453,0.31325412772559197,0.37186097085615405,0.3273258495332093,0.293399361123031,0.34730660228737426,0.32080971911333245,0.0,0.0,0.4974740276461114,0.4610873119593331,0.0,0.0,0.23196262852370048,0.3759738100330418,0.3307678643825436,0.0,0.2429563157419153,0.0,0.0,0.0,0.2124710137582892,0.0,0.5164643877075434,0.4374702581549319,0.0,0.3972605621411916,0.2562851869006374,0.47507819381642546,0.5288882145487749,0.5050170243871611,0.4858483504689361,0.0,0.40439985322380456,0.4805495260836963,0.48389399686339457,0.28136925238079424,0.4547822313832005,0.0,0.4050538001668006
