0,1,2,3,4,5,6,7,8,9,10,11,12,13,14,15,16,17,18,19,20,21,22,23,24,25,26,27,28,29,30,31,32,33,34,35,36,37,38,39,40,41,42,43,44,45,46,47,48,49,50,51,52,53,54,55,56,57,58,59,60,61,62,63,64,65,66,67,68,69,70,71,72,73,74,75
0.0,0.34874569561139296,0.0,0.0,0.0,0.32039275764554087,0.2756147885159587,0.4493697234284902,0.0,0.24248369959151256,0.0,0.2662772435463571,0.31318675847975325,0.0,0.34227999468295756,0.340800174645217,0.0,0.32268354295278273,0.0,0.40098893303803335,0.3654763311327351,0.36951827456649766,0.41074715987475313,0.3173242359119882,0.31182070383751126,0.3001533723082952,0.3774850667126203,0.3450421205380563,0.37697712696015556,0.0,0.3109455414691319,0.3899878049547195,0.28104591125409323,0.30841553963289453,0.35378733705713605,0.29864641033978945,0.0,0.0,0.41832379760686933,0.3852937163706462,0.3985735675442989,0.3830622005955729,0.0,0.0,0.0,0.34942018490804705,0.41293811907905253,0.0,0.0,0.0,0.0,0.0,0.0,0.0,0.3739327949503296,0.0,0.0,0.0,0.0,0.0,0.3976241119944584,0.0,0.39261088126457067,0.0,0.0,0.0,0.4243336582914466,0.0,0.0,0.36765907559904776,0.39962451482574923,0.0,0.0,0.3909415961096621,0.0,0.31964112263859756
0.34874569561139296,0.0,0.0,0.0,0.3416811673489597,0.37108559435841815,0.35223703821982494,0.37487555561758673,0.3226402929423688,0.25627859458811797,0.0,0.0,0.38210324062828577,0.0,0.4010574833061239,0.3756128536012574,0.3009704847726502,0.3729864294890093,0.0,0.41027523836553986,0.3875835621160273,0.376392913920205,0.3918263573879181,0.2882879172853721,0.3440237730847229,0.381703592457579,0.4015811756388826,0.386537697739781,0.3845018759077298,0.0,0.3496358698825989,0.4122469949510999,0.3358577579975803,0.36190878894550466,0.4010389230077664,0.0,0.0,0.0,0.432770439825951,0.4052915910614693,0.4213123851648185,0.4432756953999669,0.0,0.0,0.0,0.4072311536969475,0.433970784057926,0.0,0.0,0.0,0.3471778268408755,0.0,0.0,0.0,0.30287380558665356,0.0,0.35053311386454816,0.27080723582852045,0.0,0.4529215624842917,0.41517197888281415,0.0,0.3764713038899193,0.0,0.41115388763650085,0.43775381927195395,0.44177165579054367,0.355494009254916,0.0,0.3687434199440146,0.4356182879648848,0.38084642315170314,0.2875184242333277,0.4014063022079982,0.0,0.4043268885141418
0.0,0.0,0.0,0.35339186128277933,0.35918722964806554,0.36869803425797115,0.40020621106078785,0.44852099393009004,0.2749164831349831,0.38157406808847694,0.303698476196291,0.3255189400548849,0.40255041159085614,0.3969821690931693,0.0,0.0,0.0,0.0,0.24851305766348586,0.0,0.0,0.0,0.31517376965838506,0.0,0.0,0.0,0.31883145522229994,0.40328460777397956,0.3524116492299022,0.38319556918673076,0.42322038672615475,0.3763926906552265,0.3139397007565743,0.4110158960544536,0.4213316049151213,0.3837476682401265,0.38149161801005554,0.3318337125783706,0.5149118075825659,0.0,0.4793739916159089,0.0,0.4865761726850809,0.41013305527260613,0.0,0.0,0.0,0.5613933628363061,0.0,0.4997934349203301,0.5380656201832829,0.49575827081907,0.5457632081488263,0.5381128477806365,0.0,0.5207608065405247,0.3529283390594496,0.49430502242921714,0.0,0.0,0.0,0.0,0.0,0.5944699416118748,0.0,0.0,0.0,0.5551505398414182,0.0,0.0,0.0,0.5396502417805671,0.4574335076620813,0.3927238780365584,0.0,0.45726862686222824
0.0,0.0,0.35339186128277933,0.0,0.22188151702743347,0.38134060488462007,0.29862070932035956,0.25773411179953365,0.3762661331177183,0.3057476738638841,0.3192572284593388,0.0,0.32152298905857496,0.2084774349786365,0.4235090300113858,0.0,0.0,0.0,0.38793007466567403,0.43300768628160946,0.0,0.46946281835232756,0.3789901038816023,0.0,0.0,0.0,0.3840148273161262,0.2952929717884011,0.3642091696243714,0.34315036156133416,0.3221615773782893,0.28328483467523474,0.0,0.30891387284361177,0.3104521925170664,0.17288723383748433,0.22363776884916825,0.3125491156955885,0.0,0.0,0.0,0.0,0.0,0.0,0.0,0.0,0.0,0.0,0.0,0.0,0.0,0.0,0.0,0.0,0.0,0.0,0.26187060618320596,0.0,0.0,0.0,0.0,0.0,0.0,0.0,0.0,0.0,0.0,0.33063671745225504,0.0,0.0,0.0,0.3680461747229117,0.0,0.0,0.0,0.0
0.0,0.3416811673489597,0.35918722964806554,0.22188151702743347,0.0,0.3536390268708842,0.30652504102113826,0.38627670983577717,0.3187709444515848,0.36123384677054377,0.3043994230064503,0.0,0.34481651303446353,0.25019806249122367,0.0,0.37768204381295717,0.0,0.0,0.3671959066846029,0.39319704808596845,0.0,0.40300894023235223,0.36313905664852214,0.0,0.32621059340031705,0.3389263844156827,0.3546512606113301,0.3546833149553618,0.37511521157749217,0.40441506878552536,0.42888365108571225,0.30514689841422976,0.0,0.40962136502597685,0.0,0.20793144048487502,0.20225895853598494,0.4270722035479201,0.3958491517619739,0.0,0.4281919280741945,0.0,0.446703370081987,0.38973850494850865,0.0,0.0,0.0,0.46222547602422465,0.0,0.4235985852876045,0.45301512200893784,0.39590078644061966,0.48074621008023366,0.43687961852028845,0.0,0.42966835498856076,0.0,0.36060094347436694,0.0,0.0,0.0,0.0,0.0,0.4648468637827745,0.0,0.0,0.0,0.4946332363559494,0.0,0.0,0.0,0.4482612136466602,0.3683567196371691,0.3621965716744829,0.0,0.3817137622177569
0.32039275764554087,0.37108559435841815,0.36869803425797115,0.38134060488462007,0.3536390268708842,0.0,0.3842625341939163,0.3810481782086808,0.32308306467263803,0.3984508277889019,0.3185090672081971,0.3528119886338273,0.3684029267379183,0.392688058354926,0.3695074283534041,0.3866792777267637,0.0,0.32755271474900655,0.3400249925304731,0.380176593328025,0.3260881011078044,0.39476542755764676,0.36828829879347824,0.3463964269006841,0.3615107695559221,0.3905290666016611,0.33767435775341254,0.36660002036887657,0.3278462662318166,0.3772469606516442,0.4037170397793049,0.38665714994873157,0.35461321618268965,0.4037011696572602,0.41732473592504515,0.3874498878358633,0.40489279621275703,0.362824464059175,0.4962583776240564,0.0,0.49536302309965935,0.4151864581596696,0.47697827077500266,0.33552788424108715,0.0,0.0,0.3118586303871902,0.5278532128759176,0.0,0.45205725620968473,0.5069732499839021,0.5205499273769855,0.4864489639113058,0.53112994064297,0.0,0.49039699909886614,0.35270448043866565,0.5117140732940486,0.0,0.398061781322817,0.2675335964129339,0.0,0.0,0.5241218213937912,0.41270524158759037,0.3770177983560473,0.38010872985872435,0.5060907646541428,0.0,0.25579270815690536,0.3566606538577745,0.49250853303832726,0.4912900103799178,0.4682583161633892,0.45240430630851336,0.5076506925137246
0.2756147885159587,0.35223703821982494,0.40020621106078785,0.29862070932035956,0.30652504102113826,0.3842625341939163,0.0,0.41883350402266556,0.36917204178922086,0.3412366660674844,0.42341518550301765,0.38503200317908914,0.32512375673418004,0.3481075964841946,0.38862950692734904,0.3808046612425996,0.0,0.36088234974412314,0.4323553266091085,0.40096812640281965,0.37046244250485366,0.4201785823312638,0.3980700679105347,0.0,0.34006132974177183,0.38059431005832134,0.38847715499405433,0.3854758484079527,0.4012821353451592,0.4159207577265134,0.41058276687011946,0.4019226369827563,0.3878395262505839,0.4065688642621908,0.42492240719519037,0.3014658268207026,0.31193565781335897,0.3859552586900999,0.3863254773913653,0.0,0.38656008576008727,0.0,0.41108662009285585,0.38215749027011536,0.0,0.0,0.0,0.43827711053437923,0.0,0.38926481970535687,0.45077145875076563,0.4002068681322344,0.426180180513944,0.42275291690295164,0.0,0.3830144057427596,0.0,0.3783454112381216,0.0,0.3538317733251254,0.0,0.0,0.0,0.42942781012105946,0.35305032408091264,0.0,0.3400385962613013,0.5012670720977078,0.0,0.0,0.31274209130035524,0.4671783116498285,0.3673747219427075,0.372657669721338,0.4069485322370371,0.37352636671262784
0.4493697234284902,0.37487555561758673,0.44852099393009004,0.25773411179953365,0.38627670983577717,0.3810481782086808,0.41883350402266556,0.0,0.44276877064269227,0.4018156242595079,0.29368368526960054,0.3426756488140621,0.41137079265830306,0.35114189098579185,0.3724222439154255,0.3755111771970996,0.0,0.38257376244983965,0.4294760989105426,0.37632819073304474,0.39200500852940795,0.38213868464957396,0.3499879034896696,0.4682615947976525,0.4078878617179266,0.4189382683503251,0.4110720582598546,0.3980004419547974,0.3544896545281521,0.399122930799575,0.4264650725454506,0.36670581935211505,0.3789322374754883,0.4385449147632189,0.4395742762348877,0.2565416422208821,0.3128899304716961,0.0,0.48704715267850673,0.0,0.4982904556354053,0.0,0.4503931594419658,0.3755571911714379,0.0,0.0,0.0,0.5284024748556382,0.0,0.48209325467164665,0.49376091046638065,0.5150718178826653,0.4234926632432718,0.5264230443843314,0.0,0.4998001816155447,0.2365184264323996,0.49441987585783687,0.4861998469828068,0.4653864409261247,0.0,0.0,0.0,0.5222844155651972,0.4768905386912113,0.47022796353611873,0.5288839966817918,0.49151108056285947,0.0,0.0,0.0,0.486365944929277,0.4723457592456534,0.44969442654096303,0.0,0.5034099694835092
0.0,0.3226402929423688,0.2749164831349831,0.3762661331177183,0.3187709444515848,0.32308306467263803,0.36917204178922086,0.44276877064269227,0.0,0.3840549862860576,0.2863919758288147,0.3529553605889247,0.3838469248639851,0.3588120445259203,0.0,0.0,0.0,0.0,0.23533845572980894,0.3731385342462835,0.3032768228901905,0.3715867283857839,0.352842817113978,0.0,0.28124121949366454,0.3213738839198235,0.32991240903567387,0.4034790886113796,0.34838103819966093,0.3649283523037166,0.43332468621258163,0.3890096996876001,0.0,0.42208630306737754,0.4045231776576519,0.3736404554787158,0.3885684918752434,0.3712805647659164,0.49626468630118314,0.0,0.3299741917896276,0.0,0.455251525277441,0.0,0.0,0.0,0.0,0.5239386143804285,0.0,0.4379321404673341,0.5229293838373574,0.4645782789988968,0.5303920816243051,0.47727018610313304,0.0,0.49739845655882653,0.36517498741622606,0.43778740159493207,0.0,0.0,0.0,0.0,0.0,0.5230788170383888,0.0,0.0,0.0,0.5398147634290618,0.0,0.0,0.0,0.5171479678228635,0.41865971575096095,0.37703622571151474,0.0,0.4002072813761438
0.24248369959151256,0.25627859458811797,0.38157406808847694,0.3057476738638841,0.36123384677054377,0.3984508277889019,0.3412366660674844,0.4018156242595079,0.3840549862860576,0.0,0.40406691781827153,0.28758008273149605,0.38993533942826064,0.0,0.0,0.3335744944951861,0.30070901581383613,0.33987051278075353,0.4102572109315948,0.41001352177639194,0.3015083138763087,0.2790870312113104,0.3913885577819039,0.30111229898440783,0.31041803942954344,0.3021279011709829,0.39195999094100753,0.36508372014954077,0.3616398678495164,0.3182066070950277,0.2730900272498182,0.36446954432496725,0.27305808797336517,0.29150371886347665,0.3095518440640077,0.3463852666788912,0.32074598871029814,0.260211800607157,0.39344749270350593,0.34813750674422483,0.33029823137179365,0.43645892842852774,0.0,0.0,0.3473424474101371,0.0,0.0,0.0,0.0,0.0,0.297234377326479,0.0,0.0,0.0,0.3887130697994985,0.0,0.39265048363549204,0.3803996518786013,0.0,0.0,0.3138118290545459,0.33546142593733147,0.3407635490279688,0.0,0.0,0.0,0.0,0.3490131600241003,0.3478258470348944,0.35797190603072127,0.3556216026955279,0.0,0.4663362709179657,0.38671074391528554,0.0,0.3718174083119016
0.0,0.0,0.303698476196291,0.3192572284593388,0.3043994230064503,0.3185090672081971,0.42341518550301765,0.29368368526960054,0.2863919758288147,0.40406691781827153,0.0,0.37728290122795144,0.4269807173782781,0.2922839408239909,0.0,0.0,0.0,0.0,0.2544778518372148,0.0,0.0,0.0,0.26416340561533835,0.4053420197843095,0.0,0.0,0.3306207016571202,0.41797141795168113,0.0,0.0,0.4457070044452083,0.34241426004056047,0.0,0.4319314691329791,0.41241236499952916,0.2951381584776647,0.36854045001357527,0.3828395087211637,0.4175176523908347,0.0,0.0,0.0,0.40402921897030825,0.0,0.0,0.0,0.0,0.5217323033468257,0.0,0.5002093180339431,0.47622721104329163,0.45829133895939467,0.4834211407663678,0.5115387413683974,0.0,0.27815907718336563,0.34518525831080527,0.44403221788915415,0.4508496973271827,0.0,0.0,0.0,0.0,0.3725061152019884,0.0,0.0,0.0,0.5112764176292194,0.0,0.0,0.0,0.49718990846601646,0.38891831943964006,0.4643851468146395,0.0,0.0
0.2662772435463571,0.0,0.3255189400548849,0.0,0.0,0.3528119886338273,0.38503200317908914,0.3426756488140621,0.3529553605889247,0.28758008273149605,0.37728290122795144,0.0,0.3421096199060223,0.0,0.26490526757879906,0.0,0.3231596041815479,0.33953903574005817,0.368352010736535,0.0,0.3132673558958114,0.266915433711236,0.3194968779479741,0.2753814134229986,0.3014254187492041,0.267258432579296,0.3386116007049201,0.3658715993028634,0.3236048262926613,0.0,0.30644422501267377,0.26962390145712767,0.27160923033458495,0.2673144379308034,0.2842493957361214,0.3240513079056228,0.3193124789718257,0.2415294290955899,0.2751041544270531,0.35061663064005294,0.3229304682499096,0.3916214031545219,0.0,0.0,0.3494427069541625,0.0,0.0,0.0,0.0,0.0,0.0,0.0,0.0,0.0,0.39052114499138335,0.0,0.4016181102581441,0.0,0.0,0.0,0.0,0.275369750256611,0.343845218250707,0.0,0.0,0.0,0.0,0.0,0.34914256137460437,0.3602563806061343,0.35032087655514843,0.0,0.3937474188807165,0.0,0.0,0.3720977747766668
0.31318675847975325,0.38210324062828577,0.40255041159085614,0.32152298905857496,0.34481651303446353,0.3684029267379183,0.32512375673418004,0.41137079265830306,0.3838469248639851,0.38993533942826064,0.4269807173782781,0.3421096199060223,0.0,0.3648738164879708,0.3979373903265163,0.4172496449122089,0.3336977425144639,0.3457209528950298,0.4283328021507341,0.39791437903867666,0.4063292970499957,0.41947118263598016,0.3972976621431723,0.34931173564784196,0.37257209541056674,0.40497537996755045,0.3952511576029769,0.32423526474476433,0.3875390794287444,0.35239334359241964,0.3907246767503771,0.39184626075872997,0.37013648757361794,0.3919177162493875,0.4200899899705354,0.3400486142114715,0.3502019641520498,0.36804053411868715,0.47083194159865177,0.0,0.30848006349613305,0.40364495389732996,0.4075275319036181,0.344794161858535,0.0,0.0,0.288232097826966,0.46082447837269547,0.0,0.3629767668512708,0.45499663847461064,0.40791740680835253,0.47030350417994293,0.39712355126901305,0.37567277469304694,0.40182583457934684,0.33726556739508445,0.38791347869265586,0.0,0.34792419420356785,0.28334435955761755,0.0,0.0,0.44208578153176387,0.4106179712865994,0.3772742440819583,0.31613473225175254,0.49834195659882713,0.0,0.27884978441796093,0.32703484188835447,0.4774203764163428,0.42264151869720173,0.4293090449722002,0.3974945086005264,0.3909114905707299
0.0,0.0,0.3969821690931693,0.2084774349786365,0.25019806249122367,0.392688058354926,0.3481075964841946,0.35114189098579185,0.3588120445259203,0.0,0.2922839408239909,0.0,0.3648738164879708,0.0,0.0,0.0,0.0,0.0,0.35623369137314626,0.0,0.0,0.0,0.35137823696933546,0.0,0.0,0.0,0.40227474601537194,0.24847847867555595,0.0,0.0,0.0,0.27648826683621286,0.0,0.0,0.0,0.2136261929839017,0.1696981124032367,0.0,0.49254308666928914,0.0,0.0,0.0,0.4071891751706056,0.0,0.0,0.0,0.0,0.46597337052114607,0.0,0.0,0.4200070424947805,0.0,0.46162445585434064,0.48014312096911316,0.0,0.4544745290762347,0.0,0.3839706524655137,0.0,0.0,0.0,0.0,0.0,0.5440268330326965,0.0,0.0,0.0,0.5063506781959508,0.0,0.0,0.0,0.48785789766657406,0.0,0.0,0.0,0.0
0.34227999468295756,0.4010574833061239,0.0,0.4235090300113858,0.0,0.3695074283534041,0.38862950692734904,0.3724222439154255,0.0,0.0,0.0,0.26490526757879906,0.3979373903265163,0.0,0.0,0.39755388644904255,0.0,0.3799174214073124,0.0,0.32790362670739553,0.37693926448411513,0.3556690361501241,0.31303210804469483,0.36070324353489525,0.3733727862255525,0.37330608491774414,0.35266659053415395,0.38524150633438325,0.3861369461412804,0.3968572328528747,0.4065786503294707,0.43115908996931046,0.37105903427236964,0.42462259981406125,0.4609760253914514,0.5096543410016331,0.4390881853869366,0.0,0.46255431186325763,0.4692921789443138,0.4422272033048016,0.4852565812181001,0.48723932760646993,0.0,0.0,0.45050960248794303,0.4514229898036255,0.0,0.0,0.0,0.4260192546912444,0.0,0.0,0.0,0.0,0.0,0.3700752758139095,0.36196060448776357,0.0,0.419731257011054,0.377460065114729,0.0,0.0,0.0,0.35341959177274007,0.4251460093433065,0.4888375533029524,0.34868746748475665,0.0,0.30115491770016467,0.4512163896565177,0.35823939093814694,0.40118467365444116,0.42262468517812246,0.4166761786859519,0.4072276337322933
0.340800174645217,0.3756128536012574,0.0,0.0,0.37768204381295717,0.3866792777267637,0.3808046612425996,0.3755111771970996,0.0,0.3335744944951861,0.0,0.0,0.4172496449122089,0.0,0.39755388644904255,0.0,0.32985068248997884,0.30881580686778903,0.0,0.4152737695520155,0.37127296530612713,0.399903656367021,0.3920995253263956,0.2916270911589081,0.35874819674948766,0.36959001199599417,0.40914368328679934,0.37818353207653316,0.41222516086694044,0.0,0.34527078339767053,0.43228099970430134,0.3562143096946601,0.37728928191966415,0.42161238042626015,0.0,0.0,0.0,0.4224770314544752,0.3798271260198173,0.3985762556305726,0.4222520995636477,0.0,0.0,0.0,0.4078600624262688,0.4134576619489558,0.0,0.0,0.0,0.2780718580544764,0.0,0.0,0.0,0.29807581680051926,0.0,0.0,0.0,0.0,0.41543774129862115,0.40396395780517935,0.28275083791851946,0.39193840160638016,0.0,0.39063402242666273,0.3954065716024214,0.4142953550267955,0.3127972188474869,0.0,0.38589765094358075,0.4058827712305038,0.3446891489466435,0.0,0.34194276134855184,0.0,0.3880975761829427
0.0,0.3009704847726502,0.0,0.0,0.0,0.0,0.0,0.0,0.0,0.30070901581383613,0.0,0.3231596041815479,0.3336977425144639,0.0,0.0,0.32985068248997884,0.0,0.269628410262475,0.0,0.32296163638981656,0.0,0.3496030156935925,0.0,0.32585054714794187,0.30959532994127426,0.3052151477291214,0.0,0.035111440453174436,0.0,0.0,0.2781249770056628,0.3891128571873296,0.3118139101085027,0.32418739244887174,0.3379594321256352,0.0,0.0,0.28253824963088603,0.40041017446033833,0.35333380355203053,0.31826089061706314,0.0,0.0,0.0,0.0,0.0,0.0,0.0,0.0,0.0,0.0,0.0,0.0,0.0,0.3831083852070128,0.0,0.34767420943369437,0.0,0.0,0.0,0.0,0.3469300021483336,0.36478811532990696,0.0,0.0,0.0,0.0,0.0,0.33924309942256936,0.3966598163853492,0.3823393784484175,0.0,0.0,0.0,0.0,0.33455160466583417
0.32268354295278273,0.3729864294890093,0.0,0.0,0.0,0.32755271474900655,0.36088234974412314,0.38257376244983965,0.0,0.33987051278075353,0.0,0.33953903574005817,0.3457209528950298,0.0,0.3799174214073124,0.30881580686778903,0.269628410262475,0.0,0.0,0.3920064457044896,0.35684076173740475,0.39127084041761084,0.3631937697648836,0.3150600527942776,0.3207845824050085,0.32958341180025247,0.3710653516124426,0.3795792741285704,0.3917023204538065,0.0,0.3226411482845743,0.37817503044521733,0.32853443754943296,0.3559746550708744,0.36409457897832465,0.0,0.0,0.282058521695413,0.41665144527961273,0.3762890649942204,0.3956521414735371,0.4079949023213787,0.0,0.0,0.2573211230071301,0.3773801225108819,0.38947816316676165,0.0,0.0,0.0,0.0,0.0,0.0,0.0,0.39057676090559584,0.0,0.3820973773299977,0.0,0.0,0.0,0.38704559022611884,0.3935941527908874,0.3889941799887648,0.0,0.30201133737171004,0.0,0.38131222085198124,0.0,0.3474687900145199,0.38991743647470756,0.392552358083721,0.0,0.0,0.29221565943752886,0.0,0.3893676959520929
0.0,0.0,0.24851305766348586,0.38793007466567403,0.3671959066846029,0.3400249925304731,0.4323553266091085,0.4294760989105426,0.23533845572980894,0.4102572109315948,0.2544778518372148,0.368352010736535,0.4283328021507341,0.35623369137314626,0.0,0.0,0.0,0.0,0.0,0.0,0.0,0.0,0.27120720393933817,0.0,0.0,0.0,0.3269789446441121,0.42396759274892915,0.0,0.0,0.43506732170150786,0.3827871783342816,0.0,0.4116570077270684,0.0,0.37802541690227787,0.39679695862510894,0.37400390898869357,0.4942003314626784,0.0,0.43034264520817,0.0,0.450992838469381,0.0,0.0,0.0,0.0,0.5485126729281611,0.0,0.4747738189015439,0.5062047004552909,0.46603277475403754,0.5284249967893516,0.5006010419405881,0.0,0.41003728054544275,0.3244467952126652,0.41768617012129966,0.0,0.0,0.0,0.0,0.0,0.5339642113136277,0.0,0.0,0.0,0.5469920170225244,0.0,0.0,0.0,0.5065357643960304,0.3833575938097938,0.0,0.0,0.0
0.40098893303803335,0.41027523836553986,0.0,0.43300768628160946,0.39319704808596845,0.380176593328025,0.40096812640281965,0.37632819073304474,0.3731385342462835,0.41001352177639194,0.0,0.0,0.39791437903867666,0.0,0.32790362670739553,0.4152737695520155,0.32296163638981656,0.3920064457044896,0.0,0.0,0.4319930778798873,0.39241459401407086,0.29571855967453,0.36984489589102504,0.39560089175171015,0.4170721801610977,0.33329860583504434,0.3748652315405026,0.3485604929740794,0.33080650888830115,0.395279052886609,0.44695404507730263,0.3867860741551347,0.43365953795002526,0.4665171458492423,0.49086733779673697,0.45016055278293565,0.0,0.481240800850139,0.43354882631351155,0.4558317247551237,0.4817725635034646,0.42129439539423186,0.375280452709194,0.0,0.0,0.41178380503485995,0.0,0.0,0.0,0.42237059446117703,0.0,0.0,0.0,0.0,0.0,0.42090751186499853,0.3917580595055138,0.0,0.46651570069809,0.3194125444926841,0.0,0.2788288939832718,0.0,0.4641635352262192,0.4653165874295082,0.4704440280515735,0.4696200551522642,0.0,0.279929009215984,0.44794036714603097,0.47483361108348576,0.4494833126476856,0.46668732362641563,0.4007361438825214,0.4661250305407599
0.3654763311327351,0.3875835621160273,0.0,0.0,0.0,0.3260881011078044,0.37046244250485366,0.39200500852940795,0.3032768228901905,0.3015083138763087,0.0,0.3132673558958114,0.4063292970499957,0.0,0.37693926448411513,0.37127296530612713,0.0,0.35684076173740475,0.0,0.4319930778798873,0.0,0.43357034935250005,0.37136410192214514,0.438592938267889,0.34545059882584817,0.3526635630193421,0.40851663004934097,0.4087290787240931,0.3990164931109277,0.40561381385983963,0.3998857162250722,0.43135390876225216,0.3252545552207557,0.3981699221733242,0.4448028869618963,0.0,0.0,0.0,0.47377055278266184,0.3742113861054219,0.4567986844298896,0.5009943615694943,0.0,0.0,0.0,0.46409301866946995,0.4567869322897575,0.0,0.0,0.0,0.40476289648387653,0.0,0.3912436400916422,0.0,0.0,0.0,0.0,0.38564007941863576,0.0,0.46032232950619073,0.39744187307643436,0.0,0.3307956800971594,0.0,0.4362751796547126,0.40643476805266876,0.47572210986563995,0.41530455681812983,0.0,0.3276397929027001,0.4623166098900193,0.4395436188010069,0.42685645259241656,0.44212055834587227,0.42674412791845073,0.420695351574882
0.36951827456649766,0.376392913920205,0.0,0.46946281835232756,0.40300894023235223,0.39476542755764676,0.4201785823312638,0.38213868464957396,0.3715867283857839,0.2790870312113104,0.0,0.266915433711236,0.41947118263598016,0.0,0.3556690361501241,0.399903656367021,0.3496030156935925,0.39127084041761084,0.0,0.39241459401407086,0.43357034935250005,0.0,0.4146057401527018,0.32275884270545013,0.38069006378401693,0.3960946248248824,0.42428885961014984,0.4095305544714041,0.3977007422911683,0.386208558755927,0.3804158206978368,0.4399331400161763,0.39831817205481085,0.4100364526294735,0.4594888486382461,0.49889526342212137,0.4620604136664547,0.0,0.46740119629121923,0.4404133065852432,0.45901342246940824,0.48473661110684185,0.48264726822523546,0.0,0.0,0.4106397500679936,0.4473828504907366,0.0,0.0,0.0,0.3747599546441412,0.2974436422801232,0.44853256087872356,0.0,0.0,0.0,0.359003121384993,0.29544902238812276,0.0,0.4817095231843318,0.4036328341673894,0.0,0.33133541464214805,0.0,0.45551934750366296,0.46608472310686083,0.47790229358878844,0.4544314959490361,0.0,0.3589556170585228,0.46734110193861006,0.42843359511870727,0.36411782510697377,0.42236718446234534,0.3845889752374872,0.43783046084431154
0.41074715987475313,0.3918263573879181,0.31517376965838506,0.3789901038816023,0.36313905664852214,0.36828829879347824,0.3980700679105347,0.3499879034896696,0.352842817113978,0.3913885577819039,0.26416340561533835,0.3194968779479741,0.3972976621431723,0.35137823696933546,0.31303210804469483,0.3920995253263956,0.0,0.3631937697648836,0.27120720393933817,0.29571855967453,0.37136410192214514,0.4146057401527018,0.0,0.4109596902449939,0.3771932626838747,0.40343381391356653,0.3073373657117449,0.39181324535282896,0.36577974573454697,0.39340452347002214,0.4105895200411144,0.39917120929326444,0.3603602078508897,0.4183126956375528,0.4258136425222048,0.36915184763364267,0.39681073098164776,0.34734102245520326,0.49309603743991337,0.0,0.4758488925850035,0.5066867242282656,0.48553822813281233,0.4084351345945546,0.0,0.0,0.37009377709012753,0.5485168697292763,0.0,0.5177046507146918,0.5073004526616567,0.5375691675746834,0.49703416265933625,0.5393219356831921,0.41534477034154027,0.5416392992717408,0.3448422059542293,0.5228239667181352,0.48793948713061164,0.4644039952067445,0.29568343774405104,0.0,0.0,0.5531607601848645,0.4653372650567166,0.45307212311131706,0.4644664617668474,0.5131710172984946,0.0,0.2766725396411823,0.4089114660332977,0.4943939263624953,0.5006448664948808,0.47992659894251793,0.4852188817219098,0.5088298740835596
0.3173242359119882,0.2882879172853721,0.0,0.0,0.0,0.3463964269006841,0.0,0.4682615947976525,0.0,0.30111229898440783,0.4053420197843095,0.2753814134229986,0.34931173564784196,0.0,0.36070324353489525,0.2916270911589081,0.32585054714794187,0.3150600527942776,0.0,0.36984489589102504,0.438592938267889,0.32275884270545013,0.4109596902449939,0.0,0.28678686868867626,0.300637231384506,0.3753693501051794,0.37842468348598685,0.35601801224929597,0.0,0.3097163401655647,0.3575823574159783,0.2392968532068596,0.25966745165836025,0.3262263528651064,0.3949867158608197,0.0,0.22484952258440866,0.4147523143096959,0.35277372184592576,0.36316349949001214,0.0,0.0,0.0,0.33301786014829743,0.36790782683876067,0.0,0.0,0.0,0.0,0.0,0.0,0.0,0.0,0.37880576487592177,0.0,0.3738302510125663,0.0,0.0,0.0,0.38386879876094776,0.3638138325872139,0.39720925893451464,0.0,0.0,0.0,0.0,0.0,0.35343729597951773,0.39532359390765187,0.38581758223173634,0.0,0.0,0.0,0.0,0.3895692918737502
0.31182070383751126,0.3440237730847229,0.0,0.0,0.32621059340031705,0.3615107695559221,0.34006132974177183,0.4078878617179266,0.28124121949366454,0.31041803942954344,0.0,0.3014254187492041,0.37257209541056674,0.0,0.3733727862255525,0.35874819674948766,0.30959532994127426,0.3207845824050085,0.0,0.39560089175171015,0.34545059882584817,0.38069006378401693,0.3771932626838747,0.28678686868867626,0.0,0.3339552799418924,0.384815837905168,0.38090154798278036,0.37204920664887575,0.0,0.3145461402840677,0.38855312151934857,0.2842413660047205,0.32796331895499375,0.3584264413579201,0.0,0.0,0.28259790104595484,0.412595894177824,0.36937001522319934,0.3931814567041953,0.4136000025357356,0.0,0.0,0.0,0.37565586759120445,0.410869323709333,0.0,0.0,0.0,0.265423494363638,0.0,0.0,0.0,0.38945618638579654,0.0,0.38964655908456947,0.3036656458909507,0.0,0.39568081788265674,0.3897174928188435,0.38112481114570795,0.3874950027240783,0.0,0.3545825523030505,0.35743108196974716,0.3451264425957483,0.2898188974369313,0.3584940442459643,0.3841653096838002,0.390022529034051,0.285360232913753,0.344153115009149,0.3460169618517584,0.0,0.38435256113787525
0.3001533723082952,0.381703592457579,0.0,0.0,0.3389263844156827,0.3905290666016611,0.38059431005832134,0.4189382683503251,0.3213738839198235,0.3021279011709829,0.0,0.267258432579296,0.40497537996755045,0.0,0.37330608491774414,0.36959001199599417,0.3052151477291214,0.32958341180025247,0.0,0.4170721801610977,0.3526635630193421,0.3960946248248824,0.40343381391356653,0.300637231384506,0.3339552799418924,0.0,0.43095207643666816,0.3836385753151878,0.40008800544611195,0.0,0.32875517939413984,0.4103774029724343,0.32615204742118575,0.3592886037217785,0.4077698615709763,0.4237252205253802,0.0,0.2628472223585617,0.41597846462498494,0.36477376001882894,0.4052745635828082,0.43550390097064107,0.0,0.0,0.0,0.377553283771332,0.44138577040567467,0.0,0.0,0.0,0.35329433277420896,0.0,0.0,0.0,0.36727763979477257,0.0,0.37475405474794893,0.31575460131463384,0.0,0.4722118489507246,0.40703303244129097,0.3820922970947479,0.3837755254428882,0.0,0.4107906252901616,0.4703225336267638,0.4615360123285432,0.3965080106153521,0.36769997022888645,0.3799719731554693,0.4184805114253019,0.40687100533674325,0.0,0.36745163931240954,0.0,0.3863691542497724
0.3774850667126203,0.4015811756388826,0.31883145522229994,0.3840148273161262,0.3546512606113301,0.33767435775341254,0.38847715499405433,0.4110720582598546,0.32991240903567387,0.39195999094100753,0.3306207016571202,0.3386116007049201,0.3952511576029769,0.40227474601537194,0.35266659053415395,0.40914368328679934,0.0,0.3710653516124426,0.3269789446441121,0.33329860583504434,0.40851663004934097,0.42428885961014984,0.3073373657117449,0.3753693501051794,0.384815837905168,0.43095207643666816,0.0,0.38968884195112313,0.3565510148295283,0.3856494303685063,0.40737313124851604,0.415199383424737,0.38538528662637667,0.4333714286571512,0.45988029204367553,0.3976516203965931,0.4064805274176337,0.34942763002413707,0.4788873296423738,0.0,0.4429731563148791,0.4673459176071975,0.48531804184048416,0.36935599298394184,0.0,0.0,0.3573500624503092,0.5408601838767844,0.0,0.47857476175698,0.4956504397290836,0.52387952249987,0.4874229830024341,0.5351578104853442,0.0,0.5393346946748112,0.3492703127786629,0.4952199951875883,0.0,0.46639986154996366,0.29367646079427623,0.0,0.0,0.5248299234399827,0.46095169687988075,0.45916190972141707,0.4323282112247446,0.496419559613433,0.0,0.25671585956569953,0.42565744027096203,0.47894478262759155,0.4755845734705824,0.46784985811267527,0.46422640952490807,0.4912179164692126
0.3450421205380563,0.386537697739781,0.40328460777397956,0.2952929717884011,0.3546833149553618,0.36660002036887657,0.3854758484079527,0.3980004419547974,0.4034790886113796,0.36508372014954077,0.41797141795168113,0.3658715993028634,0.32423526474476433,0.24847847867555595,0.38524150633438325,0.37818353207653316,0.035111440453174436,0.3795792741285704,0.42396759274892915,0.3748652315405026,0.4087290787240931,0.4095305544714041,0.39181324535282896,0.37842468348598685,0.38090154798278036,0.3836385753151878,0.38968884195112313,0.0,0.34284969995995934,0.285018920593097,0.35689322016292324,0.3871477811106116,0.3459455338470551,0.37020741135093255,0.37675680291555097,0.30144463940802263,0.31513651870504966,0.360097609371033,0.4561835568943487,0.0,0.4847668006312329,0.3758940782758995,0.4215160731893718,0.33193260905488864,0.0,0.0,0.2929264072175036,0.3867982249606072,0.0,0.34496785872261354,0.46372571573304855,0.3750763089091404,0.45336353331597584,0.35461429788351634,0.3794406839539388,0.3534667930179417,0.35546406944942943,0.4121792553829541,0.0,0.4287038355871607,0.29033024546495717,0.0,0.25986158151211336,0.0,0.45956558972550937,0.4449026734120616,0.38346628803084004,0.4813817281866055,0.0,0.2925037604017293,0.3642380504673966,0.47795168249180164,0.4620890172747164,0.46305007064611314,0.402005552115597,0.45290574100561243
0.37697712696015556,0.3845018759077298,0.3524116492299022,0.3642091696243714,0.37511521157749217,0.3278462662318166,0.4012821353451592,0.3544896545281521,0.34838103819966093,0.3616398678495164,0.0,0.3236048262926613,0.3875390794287444,0.0,0.3861369461412804,0.41222516086694044,0.0,0.3917023204538065,0.0,0.3485604929740794,0.3990164931109277,0.3977007422911683,0.36577974573454697,0.35601801224929597,0.37204920664887575,0.40008800544611195,0.3565510148295283,0.34284969995995934,0.0,0.3508223931415072,0.37506261758932,0.40869167427201636,0.34723449646262144,0.4105180023879394,0.44029153109533203,0.40348133943850106,0.3966394384141753,0.0,0.47146507067091326,0.4130915679311291,0.4540311496093736,0.4420707978616988,0.41541226090747546,0.34691460546277286,0.0,0.0,0.3841101485092074,0.41080588441652366,0.0,0.38842648956635567,0.4369036370338511,0.36976135044538544,0.423541619675811,0.0,0.0,0.0,0.4159020279961478,0.4390422686360449,0.0,0.4465002069012795,0.2935969727450178,0.0,0.27406112868515703,0.0,0.4406875406326849,0.4402730863169955,0.4397659132668119,0.4645418810980853,0.0,0.2583562393756057,0.4141617729889944,0.46408145274422524,0.45715257218272193,0.4581861562490378,0.42364515927115454,0.45500388899493327
0.0,0.0,0.38319556918673076,0.34315036156133416,0.40441506878552536,0.3772469606516442,0.4159207577265134,0.399122930799575,0.3649283523037166,0.3182066070950277,0.0,0.0,0.35239334359241964,0.0,0.3968572328528747,0.0,0.0,0.0,0.0,0.33080650888830115,0.40561381385983963,0.386208558755927,0.39340452347002214,0.0,0.0,0.0,0.3856494303685063,0.285018920593097,0.3508223931415072,0.0,0.31463103754620353,0.38732272941580215,0.0,0.35432595320880483,0.3480809150541474,0.3553920094914863,0.320588309927354,0.0,0.47759904277848586,0.0,0.0,0.0,0.4063416651879457,0.0,0.0,0.0,0.0,0.0,0.0,0.0,0.40327713886744904,0.0,0.4075232855334638,0.0,0.0,0.0,0.0,0.3467823615433231,0.0,0.4042030951637427,0.0,0.0,0.0,0.0,0.45283194727716186,0.5032542691606319,0.4331639644478231,0.48250720837279754,0.0,0.0,0.0,0.4706032266833226,0.41095072183862025,0.4405989682904603,0.0,0.44271570571731833
0.3109455414691319,0.3496358698825989,0.42322038672615475,0.3221615773782893,0.42888365108571225,0.4037170397793049,0.41058276687011946,0.4264650725454506,0.43332468621258163,0.2730900272498182,0.4457070044452083,0.30644422501267377,0.3907246767503771,0.0,0.4065786503294707,0.34527078339767053,0.2781249770056628,0.3226411482845743,0.43506732170150786,0.395279052886609,0.3998857162250722,0.3804158206978368,0.4105895200411144,0.3097163401655647,0.3145461402840677,0.32875517939413984,0.40737313124851604,0.35689322016292324,0.37506261758932,0.31463103754620353,0.0,0.43344218562605924,0.31130029845980944,0.2979737279861325,0.3440250520794256,0.4086535051468324,0.3733065602582841,0.2939710969405923,0.4507225917867884,0.3660299680093088,0.4025934411882548,0.4164426090040739,0.410842585085337,0.29571467590879175,0.0,0.33733893965455003,0.41887444475730246,0.0,0.0,0.0,0.4653843169662961,0.35791653750790786,0.49044513925604294,0.0,0.32384515671412084,0.0,0.36642440607050764,0.3721033122534716,0.0,0.47021086054787875,0.40007092763297325,0.34834436285827003,0.37855304299065495,0.0,0.4667249924977233,0.4529306792868121,0.45062116338462915,0.4993986634660974,0.3698004672555501,0.38177401078288303,0.4085988908263038,0.48644406763196935,0.4360791955896897,0.466513061366157,0.3999609268846476,0.34940104845470527
0.3899878049547195,0.4122469949510999,0.3763926906552265,0.28328483467523474,0.30514689841422976,0.38665714994873157,0.4019226369827563,0.36670581935211505,0.3890096996876001,0.36446954432496725,0.34241426004056047,0.26962390145712767,0.39184626075872997,0.27648826683621286,0.43115908996931046,0.43228099970430134,0.3891128571873296,0.37817503044521733,0.3827871783342816,0.44695404507730263,0.43135390876225216,0.4399331400161763,0.39917120929326444,0.3575823574159783,0.38855312151934857,0.4103774029724343,0.415199383424737,0.3871477811106116,0.40869167427201636,0.38732272941580215,0.43344218562605924,0.0,0.36430371133087885,0.4276868258806323,0.3934228378911125,0.26314260813755563,0.32700107441803145,0.26853022821391004,0.32687267852104174,0.3029771965818798,0.3547949977019467,0.3475956232202915,0.31290956435477557,0.3060218213728495,0.29398059175725444,0.41400678990895645,0.43974018054510583,0.42074823165517183,0.0,0.40714354105384276,0.4592932386320603,0.4216706687445094,0.4697393758764987,0.43214001950036324,0.3835474813780334,0.0,0.3045171426755792,0.49881818158232394,0.0,0.4817488515392677,0.39221175782665657,0.0,0.40971458651935916,0.0,0.4671970463246316,0.4686135753892873,0.47014218972196026,0.48276353871392863,0.40593576748938615,0.3813918063433807,0.44642265233003825,0.4793474921981907,0.48624503977077693,0.47429897530093934,0.46564366218196157,0.471072518560123
0.28104591125409323,0.3358577579975803,0.3139397007565743,0.0,0.0,0.35461321618268965,0.3878395262505839,0.3789322374754883,0.0,0.27305808797336517,0.0,0.27160923033458495,0.37013648757361794,0.0,0.37105903427236964,0.3562143096946601,0.3118139101085027,0.32853443754943296,0.0,0.3867860741551347,0.3252545552207557,0.39831817205481085,0.3603602078508897,0.2392968532068596,0.2842413660047205,0.32615204742118575,0.38538528662637667,0.3459455338470551,0.34723449646262144,0.0,0.31130029845980944,0.36430371133087885,0.0,0.2543408962621564,0.4203416012928746,0.30582281212238843,0.4093611394054729,0.1928909868400532,0.3211503693061189,0.3207259078879811,0.36127095443283247,0.40714272660738315,0.0,0.0,0.3032184729984729,0.3672998897110041,0.41110521997125793,0.0,0.0,0.0,0.39179665780231954,0.0,0.0,0.0,0.3480705068051795,0.0,0.35399532114989174,0.0,0.0,0.47239154429191277,0.38483166418199805,0.3492599764761734,0.35102959604955797,0.0,0.3996939697304757,0.4381758141477713,0.4533670263199116,0.44896718790077195,0.3246123545910136,0.37265882367333336,0.385730989855797,0.45784087708978827,0.0,0.39205598167073663,0.0,0.35504692965826873
0.30841553963289453,0.36190878894550466,0.4110158960544536,0.30891387284361177,0.40962136502597685,0.4037011696572602,0.4065688642621908,0.4385449147632189,0.42208630306737754,0.29150371886347665,0.4319314691329791,0.2673144379308034,0.3919177162493875,0.0,0.42462259981406125,0.37728928191966415,0.32418739244887174,0.3559746550708744,0.4116570077270684,0.43365953795002526,0.3981699221733242,0.4100364526294735,0.4183126956375528,0.25966745165836025,0.32796331895499375,0.3592886037217785,0.4333714286571512,0.37020741135093255,0.4105180023879394,0.35432595320880483,0.2979737279861325,0.4276868258806323,0.2543408962621564,0.0,0.36805234551345345,0.4544257938746998,0.3593567204982072,0.21837508447371895,0.396573129418335,0.3429434902718956,0.38798781934989013,0.45120712032115845,0.35574377648820177,0.3093571341128997,0.0,0.36963433952843205,0.41832562259092854,0.0,0.0,0.0,0.4346124740541676,0.3916143542280177,0.5002175361538166,0.0,0.3693735592513524,0.0,0.36020744815491507,0.297692575920814,0.0,0.47642684597989704,0.3978787160249663,0.3477063731178537,0.3800100667761763,0.0,0.4727846987157146,0.4475059345082457,0.460751598619489,0.5033145792903,0.33522819420569955,0.3838718716349945,0.41642162080713585,0.4842921903330561,0.34293111683925787,0.47142823335477535,0.47268095225127865,0.362939466667292
0.35378733705713605,0.4010389230077664,0.4213316049151213,0.3104521925170664,0.0,0.41732473592504515,0.42492240719519037,0.4395742762348877,0.4045231776576519,0.3095518440640077,0.41241236499952916,0.2842493957361214,0.4200899899705354,0.0,0.4609760253914514,0.42161238042626015,0.3379594321256352,0.36409457897832465,0.0,0.4665171458492423,0.4448028869618963,0.4594888486382461,0.4258136425222048,0.3262263528651064,0.3584264413579201,0.4077698615709763,0.45988029204367553,0.37675680291555097,0.44029153109533203,0.3480809150541474,0.3440250520794256,0.3934228378911125,0.4203416012928746,0.36805234551345345,0.0,0.4437764121332146,0.3599448060038783,0.23077056154958908,0.3285774980679222,0.4031583697329438,0.0,0.3991944919093974,0.30517076215233285,0.32011693409064523,0.0,0.0,0.45086119760716803,0.0,0.0,0.0,0.0,0.0,0.0,0.0,0.37104340043419387,0.0,0.3519962407017126,0.0,0.0,0.49497311231915847,0.40991693984014765,0.0,0.39889941765088094,0.0,0.4567323523926018,0.47924826963704614,0.4907058329905457,0.5089234887258457,0.4204174102659317,0.39681833636408587,0.45720386936895757,0.48311476043297313,0.0,0.4468769183864405,0.0,0.3469682591218447
0.29864641033978945,0.0,0.3837476682401265,0.17288723383748433,0.20793144048487502,0.3874498878358633,0.3014658268207026,0.2565416422208821,0.3736404554787158,0.3463852666788912,0.2951381584776647,0.3240513079056228,0.3400486142114715,0.2136261929839017,0.5096543410016331,0.0,0.0,0.0,0.37802541690227787,0.49086733779673697,0.0,0.49889526342212137,0.36915184763364267,0.3949867158608197,0.0,0.4237252205253802,0.3976516203965931,0.30144463940802263,0.40348133943850106,0.3553920094914863,0.4086535051468324,0.26314260813755563,0.30582281212238843,0.4544257938746998,0.4437764121332146,0.0,0.22151206868808623,0.3274881131707672,0.3305859100158909,0.0,0.3858474375911072,0.35746783815853284,0.0,0.3185067360120553,0.0,0.0,0.0,0.47970926856463125,0.0,0.42316968621777895,0.4371932732251725,0.41429729052915426,0.4495506705669611,0.4608937105076694,0.0,0.42371682535228483,0.32597440646437453,0.4079771931571644,0.0,0.0,0.0,0.0,0.0,0.4620139752451471,0.39811366312275187,0.0,0.0,0.45735435159540494,0.0,0.0,0.0,0.42613017886976373,0.41026843138621644,0.3841491580363902,0.0,0.40353266247000436
