0,1,2,3,4,5,6,7,8,9,10,11,12,13,14,15,16,17,18,19,20,21,22,23,24,25,26,27,28,29,30,31,32,33,34,35,36,37,38,39,40,41,42,43,44,45,46,47,48,49,50,51,52,53,54,55,56,57,58,59,60,61,62,63,64,65,66,67,68,69,70,71,72,73,74,75
0.0,0.4149786435187698,0.0,0.0,0.0,0.4619117384107524,0.3059748608898549,0.5365333547123349,0.0,0.4454805701671997,0.0,0.41589760884236704,0.37345413843211045,0.0,0.4284343448310282,0.4150568191140597,0.376669851250351,0.37978907023288877,0.0,0.46512657801126767,0.4434041841522625,0.42155909006733283,0.5088902814907765,0.42659865454185425,0.3991599302396713,0.39873775930412725,0.46431715481787866,0.43316438570641236,0.46519339521721204,0.0,0.37433435140211824,0.4125546183261551,0.330933807823127,0.3738557340562979,0.4347868396070762,0.0,0.0,0.38731926637823655,0.4545228849367564,0.4406628312210492,0.4514624116075471,0.5144001995515126,0.0,0.0,0.0,0.39972257490985963,0.48182749494834,0.0,0.0,0.0,0.35149198945643795,0.0,0.0,0.0,0.453826524189954,0.0,0.0,0.0,0.0,0.0,0.47713693662908707,0.0,0.4396318993985381,0.0,0.0,0.26560639936477926,0.4654116331888338,0.45612326728448904,0.0,0.45230135497761836,0.4780736338977239,0.0,0.0,0.0,0.0,0.40938918109587513
0.4149786435187698,0.0,0.0,0.0,0.0,0.4251005892159155,0.45819113836920755,0.4572504982680146,0.4127524710620946,0.3365384253218129,0.0,0.28786768508855565,0.4514515074063541,0.0,0.45019661249542686,0.4450022268993744,0.3865753664142471,0.4380390147307812,0.0,0.442123511441048,0.4428507032171389,0.42759702925704673,0.4289523957304762,0.0,0.4155044153944432,0.42976111000819306,0.42587398703922136,0.4403434272181667,0.444136408160582,0.0,0.3920945316977727,0.4310043583965682,0.3851562390377061,0.39778628897527585,0.4738743363742468,0.0,0.0,0.0,0.45893748457121775,0.4626311934449102,0.46210649720535474,0.4968476798597838,0.0,0.0,0.0,0.47954136771832784,0.4786494999762744,0.0,0.0,0.0,0.3856945500727311,0.34751255265397396,0.42925491822887013,0.0,0.34070541913965485,0.0,0.0,0.3250290233794975,0.0,0.5129442544424068,0.4750648918922648,0.36260723246353077,0.44763502384993004,0.0,0.46523928612224374,0.48929591254872146,0.4802039337460799,0.4517403194920415,0.0,0.45788833212554786,0.5070516895698187,0.4550053060866527,0.35644460400163214,0.4644577665327974,0.0,0.45166690080049127
0.0,0.0,0.0,0.41784350151866917,0.4154899812025747,0.44988264885446794,0.45563784419998604,0.5272302217394966,0.3397015171053585,0.42865911735697504,0.3630687959426058,0.36240212023786544,0.46723190981156165,0.48779643922653865,0.0,0.0,0.0,0.0,0.36327787096197717,0.0,0.41185028456687933,0.0,0.36196154882298637,0.0,0.34676671337237164,0.37195660890882853,0.3749099494943462,0.4793198248844041,0.4402398359720441,0.0,0.49849952583768153,0.45391265940488423,0.0,0.49888989074308643,0.0,0.4781855120960434,0.4407764061287082,0.36934104069007234,0.5494753934490711,0.0,0.4906277680293696,0.0,0.5371178257007218,0.0,0.0,0.0,0.0,0.4046404169667041,0.0,0.5460559679560687,0.6053143018121879,0.5898988125360494,0.6145638215084129,0.6161744131691625,0.0,0.40615932756997897,0.0,0.5485539100472749,0.5509017737147252,0.0,0.0,0.0,0.0,0.5216544500465783,0.0,0.0,0.0,0.5823813906678451,0.0,0.0,0.0,0.63705652708689,0.47333311459958083,0.0,0.0,0.5314864170164484
0.0,0.0,0.41784350151866917,0.0,0.2529371500018837,0.4207203496831583,0.314659869500828,0.3512420894411007,0.43756378611560853,0.29270727918455797,0.40172428411156624,0.0,0.3398279068656374,0.25671578450202304,0.0,0.0,0.0,0.0,0.4062949536446771,0.0,0.0,0.0,0.4082319993349842,0.0,0.0,0.0,0.43761217249761253,0.2650849947539324,0.38755248168770084,0.0,0.3538036144380331,0.29992824413342956,0.0,0.3216643066127518,0.3322792665861372,0.20025517367349402,0.20764796065640195,0.0,0.0,0.0,0.0,0.0,0.0,0.0,0.0,0.0,0.0,0.0,0.0,0.0,0.0,0.0,0.0,0.0,0.0,0.0,0.0,0.3782594688751616,0.0,0.0,0.0,0.0,0.0,0.0,0.0,0.0,0.0,0.3459809320587294,0.0,0.0,0.0,0.0,0.0,0.0,0.0,0.0
0.0,0.0,0.4154899812025747,0.2529371500018837,0.0,0.37486456593344897,0.346151212625491,0.3860670796459253,0.3474182852745487,0.46715214945824635,0.3597381027765499,0.4109252763361847,0.36887147649376595,0.28860682573319485,0.0,0.0,0.0,0.4300104473608271,0.40221602570810966,0.0,0.0,0.0,0.4132688831990873,0.41222145280296923,0.4222929273012642,0.4215063612154839,0.4066464995352652,0.38370419553962387,0.43621386287050906,0.0,0.45905746904749634,0.3297650087627748,0.0,0.45772810731196745,0.0,0.22775744805001424,0.2441618284529891,0.37846404369195485,0.4124505702240475,0.0,0.0,0.0,0.45393002582317105,0.0,0.0,0.0,0.0,0.5620894353340312,0.2555907869169059,0.44454228165652976,0.5458756379590144,0.4482756281855971,0.5079542032288579,0.5238684340845845,0.0,0.4958235736392538,0.0,0.3875412104477528,0.44707219130031645,0.0,0.0,0.0,0.0,0.5073693423574096,0.0,0.0,0.0,0.5598931376771082,0.0,0.0,0.0,0.5696804211996092,0.39007946584064196,0.0,0.0,0.0
0.4619117384107524,0.4251005892159155,0.44988264885446794,0.4207203496831583,0.37486456593344897,0.0,0.42399331574281607,0.4383507624812192,0.3786802357539601,0.4729308758084013,0.38885426979635546,0.3908198404609118,0.4021527146240904,0.4447750329736635,0.4437348024291854,0.430650995252079,0.32758754932681855,0.45429863421869715,0.4112033575071347,0.4419338465862286,0.4470527236759869,0.46007242749222954,0.4431846707235866,0.39847332066772245,0.4062023518938297,0.42506805853370755,0.4154788433261486,0.4266712395374944,0.3678229063108054,0.4201899380890881,0.44941654005107706,0.41871589718010294,0.3855381144918073,0.4486111763207405,0.44934268657853194,0.44176752506635003,0.4441774303026684,0.3855759831106268,0.4991454741910087,0.37578899208066735,0.525741523695241,0.4955906183043757,0.5017608262045069,0.3437352977225766,0.47913110844521023,0.34651020582673697,0.34797349205974915,0.5869315262812523,0.3652926930089728,0.48139654126488457,0.5320797896400236,0.5406815994006685,0.4998660109844237,0.5738098850297232,0.3591475935057693,0.5320157515552919,0.0,0.533137753921243,0.0,0.5012512982644743,0.30013708943105105,0.0,0.29584099639715583,0.5664052895986356,0.48979397971213734,0.45084516165053434,0.4460119997498092,0.5339453259248761,0.0,0.3022035831216633,0.4211475628877819,0.5293163845762134,0.5321292481535083,0.5049760476060873,0.48396764362693734,0.522751984361189
0.3059748608898549,0.45819113836920755,0.45563784419998604,0.314659869500828,0.346151212625491,0.42399331574281607,0.0,0.45413280944008894,0.41439927268005305,0.3993126671653729,0.44378701844340096,0.3813921865519391,0.3525304797662424,0.3320827532360448,0.0,0.47669018858180773,0.39939670029103,0.4366022778854373,0.45132229496901116,0.44649151029922585,0.4159548685650138,0.4797898260825266,0.45130680975976034,0.39144995356032347,0.43167334893145715,0.40539374840332,0.4505005631489939,0.3619385945725338,0.43924889491916347,0.0,0.4142621280466607,0.3857458446537435,0.40470689000606835,0.41131703844977757,0.4343396008462588,0.28815585835661817,0.31819340424055914,0.3791438388089852,0.36765403351126363,0.0,0.39035705278590105,0.0,0.44541193692574366,0.0,0.0,0.0,0.3443193560172856,0.5161581852708964,0.0,0.422155469615298,0.5092930936363604,0.4326987621476671,0.4460319381127073,0.48531362401999434,0.3975758096594908,0.4453702108164056,0.0,0.40495591603845005,0.0,0.0,0.0,0.0,0.0,0.47219794388556074,0.3836037706481025,0.0,0.0,0.5296281735440251,0.0,0.0,0.3413972495066526,0.523611837326589,0.3901492636764694,0.3896917103320919,0.0,0.37983638059491764
0.5365333547123349,0.4572504982680146,0.5272302217394966,0.3512420894411007,0.3860670796459253,0.4383507624812192,0.45413280944008894,0.0,0.524755719855986,0.4723304369046212,0.3325739040962885,0.46802189778943515,0.4661451192152459,0.36245651768166137,0.3240814592528683,0.4584943429090641,0.0,0.4629930899119543,0.4418388743486091,0.0,0.4183262257280358,0.47667385822409897,0.3960845452717731,0.5548994118815357,0.4822217998864452,0.5173594981310352,0.4805485657003225,0.452349034899117,0.43928557837101545,0.4176261666986005,0.4578013608012733,0.3938669710171172,0.4054048032868513,0.46680815359122546,0.4544481208643109,0.26080347903767975,0.3768166331508215,0.0,0.46364967259307743,0.0,0.5016844871748355,0.0,0.4297417643100761,0.4074966059825558,0.0,0.0,0.0,0.5742037921104872,0.0,0.5191454013159225,0.517586138611394,0.508740026105739,0.3731891978234533,0.5767780048267622,0.0,0.497878725240791,0.0,0.49278900602929554,0.4716660552336035,0.4796943374159507,0.0,0.0,0.0,0.5562711075852576,0.0,0.4937758722032912,0.0,0.509463564036544,0.0,0.3763993724012751,0.4305910084481471,0.5333914789894272,0.4876272289647348,0.4621686900991765,0.0,0.5018859774261578
0.0,0.4127524710620946,0.3397015171053585,0.43756378611560853,0.3474182852745487,0.3786802357539601,0.41439927268005305,0.524755719855986,0.0,0.4749142527714252,0.35319021117485805,0.41573647507066425,0.42598090833809454,0.45144344938973274,0.0,0.38842854780180536,0.3640249351169518,0.3378881487919771,0.3137796810007798,0.43519420198101055,0.0,0.4539899184681473,0.4549198071789727,0.3869986630500516,0.3857172239280661,0.39561650510090407,0.389282673459984,0.4574323972322286,0.42020470946103444,0.40628340496832693,0.4787333349620852,0.43416744569985644,0.40751987933716255,0.47617895094680973,0.43753346757409195,0.4503933791115584,0.45397841302835285,0.43952210330805475,0.5222512026557296,0.31898876496032014,0.3705579445282657,0.3104366326702114,0.5145855812740983,0.3151886117881434,0.0,0.0,0.3088884885045865,0.6012757728601492,0.0,0.5065405262090237,0.5844446014102076,0.5367477661859624,0.5650496409782777,0.6011573802443102,0.0,0.5603655350611785,0.0,0.4921943874509524,0.5385626004230538,0.0,0.0,0.0,0.0,0.5760114929808506,0.0,0.0,0.0,0.5768952634680046,0.0,0.0,0.31836712358077407,0.5838963096818728,0.4402001777574709,0.40543605959497897,0.0,0.4198417099804244
0.4454805701671997,0.3365384253218129,0.42865911735697504,0.29270727918455797,0.46715214945824635,0.4729308758084013,0.3993126671653729,0.4723304369046212,0.4749142527714252,0.0,0.46606878158495835,0.30644579420127194,0.4275797937729795,0.38572182880747763,0.3836445413668931,0.38521854293531466,0.35615750792207906,0.3524401435831236,0.44604909497394246,0.3566022853070555,0.0,0.36245332453929097,0.49294515093494584,0.28303156705913896,0.3865587214422999,0.39536424142339355,0.4326059737433612,0.41159497401027034,0.3786282683534428,0.0,0.35612870577979827,0.33605956389158176,0.35229609955447266,0.35582807397347926,0.3950444201839002,0.34353474645877635,0.2889727102166467,0.29484206398225055,0.2640019008134892,0.31378275175056625,0.3739671160455185,0.5133795515913879,0.0,0.0,0.3096609777381867,0.4913195462681099,0.0,0.0,0.0,0.0,0.37344756871882695,0.5053564962998301,0.0,0.0,0.4558563122294977,0.0,0.46021272691745085,0.4402077239484759,0.0,0.0,0.0,0.47289926124433057,0.44606717844082217,0.0,0.0,0.0,0.0,0.3807050254050347,0.4332571946618493,0.4919754322300034,0.4956819572767255,0.3656758504189209,0.40248439532204916,0.4021881219958382,0.0,0.43547779268287995
0.0,0.0,0.3630687959426058,0.40172428411156624,0.3597381027765499,0.38885426979635546,0.44378701844340096,0.3325739040962885,0.35319021117485805,0.46606878158495835,0.0,0.42037957899128314,0.45201147836457256,0.32315255740316884,0.0,0.0,0.3932855555163557,0.3484805767028001,0.31022805783784035,0.0,0.0,0.0,0.2930324567103483,0.42586934014680844,0.39879954729019185,0.35947657318808324,0.43848148509826135,0.4540597944994513,0.0,0.0,0.47657982261526766,0.3899238254473813,0.0,0.47910959880470794,0.43858876846897416,0.3504404222636316,0.4506547149388356,0.42606501354302206,0.40306915157979867,0.0,0.34613551155837274,0.0,0.40443524101011946,0.3407264108646344,0.0,0.0,0.0,0.48003994170554753,0.0,0.29705242487224304,0.5480804570366811,0.4448484923336088,0.4610612006622718,0.464549450817052,0.38638614912293706,0.2689653889409425,0.0,0.4138895861038742,0.41479910146161075,0.0,0.0,0.0,0.0,0.24079346393627088,0.0,0.0,0.0,0.5523019039080675,0.0,0.0,0.0,0.5784327796603133,0.34396131309599315,0.0,0.0,0.36155648148210273
0.41589760884236704,0.28786768508855565,0.36240212023786544,0.0,0.4109252763361847,0.3908198404609118,0.3813921865519391,0.46802189778943515,0.41573647507066425,0.30644579420127194,0.42037957899128314,0.0,0.40152414400921205,0.0,0.35321890051118926,0.0,0.4138939848757641,0.3958856651439513,0.37280383998736416,0.2791311907905176,0.4429681933453341,0.2750174842844437,0.45073210376510553,0.2859999847485779,0.41940199604288936,0.3259460472453218,0.3735571124339307,0.39163932649981126,0.330718403463817,0.0,0.32911134128329605,0.29986297559780206,0.2651845958496381,0.2666864688784895,0.24247079042542427,0.3188972266740879,0.32403783890513504,0.22128379417944988,0.2846929154807475,0.371726390183477,0.37694623272720673,0.26050477565337143,0.0,0.0,0.3202894791912054,0.0,0.0,0.0,0.0,0.0,0.0,0.0,0.0,0.0,0.4598031451061728,0.0,0.4617581902774976,0.43183026199450913,0.0,0.0,0.0,0.458875749778048,0.45242280535844687,0.0,0.0,0.0,0.0,0.0,0.42661111943423874,0.4933213347113919,0.4861801325738537,0.4781527263725345,0.4549409942941088,0.0,0.0,0.4521701282824313
0.37345413843211045,0.4514515074063541,0.46723190981156165,0.3398279068656374,0.36887147649376595,0.4021527146240904,0.3525304797662424,0.4661451192152459,0.42598090833809454,0.4275797937729795,0.45201147836457256,0.40152414400921205,0.0,0.39220473508641396,0.46287177552300074,0.4772272782351194,0.4263684675788177,0.452752552265351,0.45370834740580546,0.44278515818822506,0.4557049072013875,0.4804871805140407,0.4580476406355094,0.38112436851731574,0.44055377933331014,0.4401773895088907,0.4541436908148171,0.3718843548605724,0.42005308292867266,0.4274089246144977,0.4148412676367839,0.4028620329292255,0.424793720566805,0.43540597016847915,0.4412018984117096,0.3462359428443923,0.3605708123239071,0.4000012272676715,0.39483318608995965,0.0,0.37017891547275356,0.35293886484779624,0.4569972928768601,0.29312184336947894,0.0,0.0,0.31710349143117617,0.5482571635546,0.0,0.4047259109021046,0.6181990912774213,0.45522372303695946,0.49394017824645853,0.4873258593656208,0.41093004090921503,0.479702155234203,0.4159085564538287,0.43156231838293935,0.3902983182887349,0.40164344065835955,0.3134462428395034,0.0,0.32408642261846016,0.4914727200437268,0.44414831053022363,0.4128810735474274,0.33862389818853167,0.5406776892170723,0.0,0.3411019729520287,0.37412854800445783,0.5461176446519579,0.4556953328062686,0.4624215337912178,0.0,0.414014269855144
0.0,0.0,0.48779643922653865,0.25671578450202304,0.28860682573319485,0.4447750329736635,0.3320827532360448,0.36245651768166137,0.45144344938973274,0.38572182880747763,0.32315255740316884,0.0,0.39220473508641396,0.0,0.0,0.0,0.0,0.0,0.41388488464841783,0.0,0.0,0.0,0.4157348876758512,0.4624501325140965,0.0,0.47582172393227745,0.4750906300394644,0.2731834963552325,0.0,0.0,0.0,0.25442911301956217,0.0,0.4311216124363093,0.0,0.21641890721584478,0.16908068349792968,0.0,0.44286059595330185,0.0,0.0,0.0,0.40269161460288505,0.0,0.0,0.0,0.0,0.5029414468102404,0.0,0.0,0.45358709390313223,0.43197529208382,0.0,0.0,0.0,0.41121878924064137,0.0,0.0,0.4805282405541506,0.0,0.0,0.0,0.0,0.47893201493423043,0.0,0.0,0.0,0.5104953644784105,0.0,0.0,0.0,0.5183623088160708,0.0,0.0,0.0,0.0
0.4284343448310282,0.45019661249542686,0.0,0.0,0.0,0.4437348024291854,0.0,0.3240814592528683,0.0,0.3836445413668931,0.0,0.35321890051118926,0.46287177552300074,0.0,0.0,0.44024238385398246,0.0,0.43099917430696216,0.0,0.32647363141167607,0.3778554012703,0.353378105618276,0.36741960482504166,0.45981658028938555,0.4139330979929864,0.38329047419524526,0.38889852163046507,0.4129476595301597,0.4095291017226574,0.41386807347652593,0.4125350616734293,0.4276960427572371,0.4144109381120313,0.4412987539068766,0.47954406259675536,0.5198557286226965,0.0,0.0,0.4753609858716711,0.47322005773466824,0.4977454670573816,0.5068650601875786,0.0,0.0,0.0,0.0,0.5082548142015004,0.0,0.0,0.0,0.47922469536501866,0.0,0.0,0.0,0.0,0.0,0.0,0.4251677071763136,0.0,0.4012321311468605,0.4769025072228724,0.0,0.3750067996289269,0.0,0.47002843938911837,0.468252016913997,0.504466714230076,0.5063053606821951,0.0,0.3883410993532743,0.5478853036359356,0.49069072312550926,0.47873258897340054,0.4869466063771976,0.4696349948782767,0.4614683958116884
0.4150568191140597,0.4450022268993744,0.0,0.0,0.0,0.430650995252079,0.47669018858180773,0.4584943429090641,0.38842854780180536,0.38521854293531466,0.0,0.0,0.4772272782351194,0.0,0.44024238385398246,0.0,0.4282397841019435,0.40591732980731177,0.0,0.4415817412065337,0.42675714394102254,0.40450750449211026,0.4376957914909271,0.3698658109460126,0.4228821181090377,0.4480355234620514,0.41903074489307346,0.47900191384491553,0.4584135454388009,0.4444199866531645,0.4023149724605668,0.4410139641972293,0.3998320878538842,0.4032206898326923,0.4613967148817777,0.0,0.0,0.0,0.4397585097095249,0.4379228289997543,0.4469110131082458,0.48650268779700667,0.0,0.0,0.0,0.47092602287265534,0.47077483207273213,0.0,0.0,0.0,0.31400555952205916,0.0,0.0,0.0,0.3345856636048601,0.0,0.0,0.34661267126215684,0.0,0.4880247191760699,0.46105809236586354,0.0,0.42408555794678693,0.0,0.44702899140607477,0.4412225652705877,0.4748022150762527,0.37432902299594273,0.0,0.4392359046049639,0.48467842192507593,0.40849680070029565,0.36712460021599735,0.41490257227190475,0.0,0.42877840545864143
0.376669851250351,0.3865753664142471,0.0,0.0,0.0,0.32758754932681855,0.39939670029103,0.0,0.3640249351169518,0.35615750792207906,0.3932855555163557,0.4138939848757641,0.4263684675788177,0.0,0.0,0.4282397841019435,0.0,0.3636549451043644,0.3784270862166675,0.40580773089598776,0.42632727136183063,0.407880842292308,0.37348868560292314,0.42200343059939205,0.3773537684692664,0.4206871526458071,0.32900005958484724,0.42402708761602875,0.38872179906058923,0.269232695083357,0.3802799090990078,0.41347507165607683,0.3568556219330686,0.40746950646793256,0.42349369123128255,0.0,0.0,0.36019998679903803,0.4476595070045868,0.4297842767716789,0.42075872933917646,0.0,0.0,0.0,0.0,0.0,0.0,0.0,0.0,0.0,0.0,0.0,0.0,0.0,0.4770365218608262,0.0,0.486347453436596,0.0,0.0,0.0,0.0,0.4246128526867876,0.4106351468241785,0.0,0.0,0.0,0.0,0.0,0.4799149717504809,0.45183438184829794,0.4774047810782217,0.0,0.0,0.0,0.0,0.41469953586317276
0.37978907023288877,0.4380390147307812,0.0,0.0,0.4300104473608271,0.45429863421869715,0.4366022778854373,0.4629930899119543,0.3378881487919771,0.3524401435831236,0.3484805767028001,0.3958856651439513,0.452752552265351,0.0,0.43099917430696216,0.40591732980731177,0.3636549451043644,0.0,0.0,0.46293936281649484,0.40865361933622013,0.44047007897635454,0.4398749481505586,0.3719820331315686,0.38883966581584745,0.41794443818226645,0.42422796093297377,0.44693019974913095,0.4660715656500013,0.3693899004702142,0.39294441921308937,0.42918658249983893,0.3713201367316771,0.41834256405823694,0.4602220971810069,0.0,0.0,0.0,0.4477387901490097,0.4139303418987804,0.42440687092355517,0.45677887140681367,0.0,0.0,0.0,0.42952071020697,0.46036328011047145,0.0,0.0,0.0,0.0,0.0,0.0,0.0,0.42546161238736363,0.0,0.4526370917340435,0.0,0.0,0.0,0.43693873614080525,0.40565634603873835,0.40766251904642176,0.0,0.0,0.0,0.4644383175312594,0.33745894942329147,0.4513856926773272,0.42025048076799637,0.44697772526148993,0.0,0.0,0.384788860270545,0.0,0.42119102219063437
0.0,0.0,0.36327787096197717,0.4062949536446771,0.40221602570810966,0.4112033575071347,0.45132229496901116,0.4418388743486091,0.3137796810007798,0.44604909497394246,0.31022805783784035,0.37280383998736416,0.45370834740580546,0.41388488464841783,0.0,0.0,0.3784270862166675,0.0,0.0,0.0,0.0,0.0,0.32240320902404407,0.35753036749305184,0.3419457283074841,0.3627371159958366,0.4264229074796048,0.45597731809067443,0.0,0.0,0.47519801684006885,0.4216311221049547,0.35693502040010283,0.482918254640977,0.42384461343850843,0.4299873548776229,0.43696337167777144,0.3955094470020279,0.4748396857744288,0.0,0.3290787642734756,0.0,0.4757447594194265,0.3037822022777834,0.0,0.0,0.0,0.45522413442694404,0.0,0.5033814568310601,0.5872922214290466,0.5266564357920392,0.5702638186017449,0.5852592654847271,0.0,0.5303572338222239,0.0,0.46259020984151455,0.521358996888803,0.0,0.0,0.0,0.0,0.5572168736981393,0.0,0.0,0.0,0.5775796841558374,0.0,0.0,0.0,0.6098692685846446,0.3630510775392112,0.0,0.0,0.0
0.46512657801126767,0.442123511441048,0.0,0.0,0.0,0.4419338465862286,0.44649151029922585,0.0,0.43519420198101055,0.3566022853070555,0.0,0.2791311907905176,0.44278515818822506,0.0,0.32647363141167607,0.4415817412065337,0.40580773089598776,0.46293936281649484,0.0,0.0,0.40926860839066365,0.3727191596581935,0.30087663542486864,0.40476685957702496,0.43400029916142047,0.44402613339884783,0.33787295836118514,0.40932316582509654,0.3717237102069116,0.389318179384369,0.3863477952772754,0.4373287395452422,0.39764143415666453,0.42920351363975495,0.4782602930104216,0.5130820781921844,0.4567242714792669,0.283371529324397,0.4685073301646974,0.4177163868484325,0.5196824665510713,0.46907735235380077,0.40154283424424214,0.335733673382687,0.0,0.0,0.4718745106152237,0.0,0.0,0.0,0.49029399205638335,0.38686117745397197,0.0,0.0,0.0,0.0,0.0,0.44541986761472374,0.0,0.5043913448817248,0.3783146712054142,0.0,0.35153754445693075,0.0,0.47946835705519697,0.45320504170592685,0.48101160919066954,0.526046995754673,0.0,0.32815181744682126,0.497923520832287,0.5141043011114516,0.5105896080079271,0.5229872547091363,0.4261874816957886,0.4772785564654483
0.4434041841522625,0.4428507032171389,0.41185028456687933,0.0,0.0,0.4470527236759869,0.4159548685650138,0.4183262257280358,0.0,0.0,0.0,0.4429681933453341,0.4557049072013875,0.0,0.3778554012703,0.42675714394102254,0.42632727136183063,0.40865361933622013,0.0,0.40926860839066365,0.0,0.45093284508099435,0.4313934996458022,0.5112955050015511,0.4360982111528333,0.4218558710194594,0.43731201137790526,0.4788422863446214,0.45454806271886755,0.440424960333621,0.40765900602241656,0.4297685155236776,0.37695048608021015,0.42028270169299903,0.4689313909965274,0.45119063482623517,0.0,0.0,0.46678848900805736,0.47744728247476836,0.48451750163023316,0.5105992018033412,0.0,0.38939443756164877,0.0,0.39651354547778506,0.5038997578119511,0.0,0.0,0.0,0.4544555594201005,0.40332247084123973,0.3685911235730803,0.0,0.49062083765730014,0.0,0.0,0.4415459761556356,0.0,0.47689448021888226,0.49038976979300597,0.0,0.37584816491814754,0.0,0.4560974888340208,0.39731955898012833,0.5008078942497629,0.47689086655924023,0.0,0.4057801577426411,0.5322056931712648,0.49790194156158535,0.5041696213751649,0.48544827947960484,0.48087553868162447,0.46008482915010007
0.42155909006733283,0.42759702925704673,0.0,0.0,0.0,0.46007242749222954,0.4797898260825266,0.47667385822409897,0.4539899184681473,0.36245332453929097,0.0,0.2750174842844437,0.4804871805140407,0.0,0.353378105618276,0.40450750449211026,0.407880842292308,0.44047007897635454,0.0,0.3727191596581935,0.45093284508099435,0.0,0.4007805790873604,0.30930322274167177,0.43075839713345904,0.42348518102199356,0.4167069485638395,0.4357442656249837,0.44430025710580046,0.4738017356781268,0.38942899845557566,0.4341707570258782,0.39833258627493406,0.425532214091972,0.4771612983137535,0.5144901253507025,0.43855342475142584,0.26061572923917087,0.45692020553507984,0.4856318368270155,0.4923951489557768,0.4773198503942111,0.46638781248447964,0.32378348829048725,0.0,0.4418806784926278,0.4814964846967024,0.0,0.0,0.0,0.44818200227104743,0.3350169907086521,0.0,0.0,0.0,0.0,0.0,0.3467763910573616,0.0,0.5250196139052019,0.4899822493026662,0.3619320830100224,0.40982568889762006,0.0,0.4806691081177872,0.4946638862693828,0.497891465354269,0.5073726397722966,0.0,0.42949107639018225,0.5245710489954403,0.5133892205133253,0.37711512666151525,0.49345036707544193,0.46448108457342013,0.4849276618852157
0.5088902814907765,0.4289523957304762,0.36196154882298637,0.4082319993349842,0.4132688831990873,0.4431846707235866,0.45130680975976034,0.3960845452717731,0.4549198071789727,0.49294515093494584,0.2930324567103483,0.45073210376510553,0.4580476406355094,0.4157348876758512,0.36741960482504166,0.4376957914909271,0.37348868560292314,0.4398749481505586,0.32240320902404407,0.30087663542486864,0.4313934996458022,0.4007805790873604,0.0,0.5566110901823467,0.42816611066891813,0.4708787407120349,0.37262131675264726,0.4571653639159508,0.4426030261049712,0.43508151097724335,0.45200631521793694,0.4269859265126089,0.4002672246592054,0.4591727046871964,0.4692239674181958,0.417533687597906,0.46449391722171063,0.38032614813509635,0.5035578861118492,0.4953988496013879,0.520063155293284,0.5269813145603539,0.5021229118515135,0.42749667337354746,0.0,0.4805245410066268,0.457726116935167,0.5995922803686204,0.0,0.5423854831372912,0.5500195620859885,0.5570533018221537,0.4986762247184285,0.5874173453675896,0.0,0.5495880895378321,0.0,0.5372771076757206,0.5045285868522956,0.5022053527953538,0.35671678881916624,0.0,0.3464181080785968,0.5901387434541417,0.49318645828161245,0.5118129995589427,0.5000387222827876,0.5432020350407764,0.0,0.33843731338686434,0.49489852140574725,0.5447049463986536,0.5321639897719243,0.5187904930583082,0.5283664568342828,0.5236230718895393
0.42659865454185425,0.0,0.0,0.0,0.41222145280296923,0.39847332066772245,0.39144995356032347,0.5548994118815357,0.3869986630500516,0.28303156705913896,0.42586934014680844,0.2859999847485779,0.38112436851731574,0.4624501325140965,0.45981658028938555,0.3698658109460126,0.42200343059939205,0.3719820331315686,0.35753036749305184,0.40476685957702496,0.5112955050015511,0.30930322274167177,0.5566110901823467,0.0,0.4057745635127158,0.36730005381667835,0.4644758635601539,0.400358579910596,0.41568185084511866,0.0,0.35648007884465244,0.32368290247930365,0.21470471791187876,0.2738870997699664,0.30977032311389374,0.5168987646469824,0.30162391951608536,0.2255109149674782,0.0,0.28983983002240127,0.4150424611976802,0.0,0.0,0.0,0.28400340529600954,0.41642533550079597,0.0,0.0,0.0,0.0,0.0,0.0,0.0,0.0,0.45402932566430926,0.0,0.4645493094498887,0.0,0.0,0.0,0.0,0.450799235211952,0.44429190949132397,0.0,0.0,0.0,0.0,0.0,0.4193416658497953,0.46701838895273673,0.4821922677206866,0.0,0.0,0.0,0.0,0.4536531053624242
0.3991599302396713,0.4155044153944432,0.34676671337237164,0.0,0.4222929273012642,0.4062023518938297,0.43167334893145715,0.4822217998864452,0.3857172239280661,0.3865587214422999,0.39879954729019185,0.41940199604288936,0.44055377933331014,0.0,0.4139330979929864,0.4228821181090377,0.3773537684692664,0.38883966581584745,0.3419457283074841,0.43400029916142047,0.4360982111528333,0.43075839713345904,0.42816611066891813,0.4057745635127158,0.0,0.40731522578484974,0.40205682833610124,0.43690420307103,0.4333943640399888,0.34217641650556396,0.40644737564582323,0.41916726445506225,0.35212709334001924,0.40318293474493316,0.4272056569167929,0.0,0.0,0.33547972543447685,0.45273913814508676,0.4247269542110356,0.4382726744347647,0.4655672789544761,0.0,0.0,0.0,0.45654565289374793,0.46786716760435143,0.0,0.0,0.0,0.3114888225737959,0.0,0.40487548711698385,0.0,0.462864828919218,0.0,0.46754650105893397,0.35869409484840004,0.0,0.4663101448860131,0.452026075364181,0.4234215680934478,0.42073852505670334,0.0,0.43695828870099424,0.4402780126281745,0.4693453386383668,0.35756596370858335,0.46681792202745487,0.4402945976950506,0.4637072770668649,0.3511338116314108,0.3957486418478428,0.432487416998152,0.0,0.43503735724831466
0.39873775930412725,0.42976111000819306,0.37195660890882853,0.0,0.4215063612154839,0.42506805853370755,0.40539374840332,0.5173594981310352,0.39561650510090407,0.39536424142339355,0.35947657318808324,0.3259460472453218,0.4401773895088907,0.47582172393227745,0.38329047419524526,0.4480355234620514,0.4206871526458071,0.41794443818226645,0.3627371159958366,0.44402613339884783,0.4218558710194594,0.42348518102199356,0.4708787407120349,0.36730005381667835,0.40731522578484974,0.0,0.45136110094045384,0.44762288785199,0.44060700478928727,0.33811633748034886,0.4078287988520805,0.43846906597218394,0.38220348648040453,0.4123531075281598,0.4563927610644218,0.46953686752331125,0.0,0.3408028475759756,0.45685867957072734,0.44448793909978856,0.473293090971006,0.4754272222203472,0.47775693020065646,0.29988623946746107,0.4557116414630372,0.4674294707850294,0.49553517526316876,0.0,0.0,0.0,0.4049077379059372,0.35249551508511223,0.48930364416134897,0.0,0.49200810217469865,0.0,0.48449471089201496,0.3867260187559943,0.0,0.5238429041090547,0.48627353925597777,0.45961105075679715,0.4431980819769971,0.0,0.4765927222203215,0.5014087576503716,0.5081555700251896,0.4848782021402491,0.478410209721165,0.4616754513757043,0.4949760095207578,0.4760466638156768,0.41166769447458373,0.46407752829414506,0.0,0.459127351592319
0.46431715481787866,0.42587398703922136,0.3749099494943462,0.43761217249761253,0.4066464995352652,0.4154788433261486,0.4505005631489939,0.4805485657003225,0.389282673459984,0.4326059737433612,0.43848148509826135,0.3735571124339307,0.4541436908148171,0.4750906300394644,0.38889852163046507,0.41903074489307346,0.32900005958484724,0.42422796093297377,0.4264229074796048,0.33787295836118514,0.43731201137790526,0.4167069485638395,0.37262131675264726,0.4644758635601539,0.40205682833610124,0.45136110094045384,0.0,0.4545961140169363,0.38978865721590233,0.40968911056323637,0.4230221910510634,0.4216715672428508,0.3815423747595288,0.44346373313412496,0.45253258182652617,0.4606555146619657,0.45211746912632633,0.38852038441909886,0.4980945075295457,0.0,0.502326496219793,0.5116064214951941,0.51951165315346,0.3780941801107732,0.0,0.0,0.41737232827624626,0.6054043608181419,0.0,0.528157804555484,0.5618174204249635,0.5732891508565345,0.5392855917732341,0.5992274863531631,0.3626412806345166,0.5691497357107881,0.0,0.5594587453283084,0.5445685324815792,0.4983809693732795,0.3169756300977544,0.0,0.31117233845928294,0.5843136019868155,0.4876735619441911,0.4615975116399452,0.49622113462401807,0.5551588027916982,0.0,0.30132592293815696,0.48585421377593124,0.5539700258052792,0.5369119068242411,0.5114395301298904,0.5004550196028562,0.5081365040730997
0.43316438570641236,0.4403434272181667,0.4793198248844041,0.2650849947539324,0.38370419553962387,0.4266712395374944,0.3619385945725338,0.452349034899117,0.4574323972322286,0.41159497401027034,0.4540597944994513,0.39163932649981126,0.3718843548605724,0.2731834963552325,0.4129476595301597,0.47900191384491553,0.42402708761602875,0.44693019974913095,0.45597731809067443,0.40932316582509654,0.4788422863446214,0.4357442656249837,0.4571653639159508,0.400358579910596,0.43690420307103,0.44762288785199,0.4545961140169363,0.0,0.37297295305061573,0.33480267408969616,0.39785200707348456,0.40579274955925254,0.4030716789221201,0.4016728611023283,0.4042116360175514,0.28396037722040773,0.3061008569226563,0.3791855149588451,0.49040304310466065,0.0,0.4505694266607415,0.41315726177802087,0.42543662692802253,0.316712272564371,0.0,0.0,0.31797688235363314,0.45067242696673726,0.0,0.36439873142729173,0.526123855782154,0.4110023938167503,0.5012742941240477,0.4204107701865317,0.42083357076039735,0.412234525670734,0.4134400347947321,0.4478596721840851,0.0,0.4898077740980912,0.0,0.0,0.2914288667584367,0.38190885378809736,0.4976724978227863,0.48686671042609275,0.4448838724307578,0.5250414958522164,0.0,0.35955507964665023,0.4066378610811457,0.5191907980357612,0.527691089510619,0.5203138988329932,0.4296914777670728,0.49098445009716296
0.46519339521721204,0.444136408160582,0.4402398359720441,0.38755248168770084,0.43621386287050906,0.3678229063108054,0.43924889491916347,0.43928557837101545,0.42020470946103444,0.3786282683534428,0.0,0.330718403463817,0.42005308292867266,0.0,0.4095291017226574,0.4584135454388009,0.38872179906058923,0.4660715656500013,0.0,0.3717237102069116,0.45454806271886755,0.44430025710580046,0.4426030261049712,0.41568185084511866,0.4333943640399888,0.44060700478928727,0.38978865721590233,0.37297295305061573,0.0,0.3779473747686191,0.39737876569843034,0.4232016373911841,0.38612199498942856,0.4293889494023917,0.46516546171316664,0.500658061763487,0.43131497940119257,0.32898706861582055,0.4920323126188943,0.44403536023075274,0.506731636487475,0.4907231946395358,0.4442632235648934,0.3703881030642625,0.0,0.0,0.4230838939873573,0.4616724729886442,0.0,0.40646677431319234,0.5152593788329696,0.4215727012644826,0.49596463768436255,0.0,0.36767174594462465,0.45481404843835016,0.0,0.5031408884016453,0.0,0.5022843402713842,0.33208836690931903,0.0,0.3239604273979422,0.4616811908180922,0.48707301765613525,0.49017844165533303,0.4811580847634476,0.5266474838740371,0.0,0.3013200084320035,0.4691499517941651,0.5189579298219046,0.5374550094411606,0.5070852424420573,0.48329172934784914,0.4992464715105391
0.0,0.0,0.0,0.0,0.0,0.4201899380890881,0.0,0.4176261666986005,0.40628340496832693,0.0,0.0,0.0,0.4274089246144977,0.0,0.41386807347652593,0.4444199866531645,0.269232695083357,0.3693899004702142,0.0,0.389318179384369,0.440424960333621,0.4738017356781268,0.43508151097724335,0.0,0.34217641650556396,0.33811633748034886,0.40968911056323637,0.33480267408969616,0.3779473747686191,0.0,0.36098248688039064,0.4373546499933189,0.37288839135723617,0.3800901838281184,0.393865901091236,0.0,0.36950745878315716,0.0,0.49713249270849286,0.0,0.40914187297675525,0.5422900975010214,0.0,0.0,0.0,0.0,0.0,0.0,0.0,0.0,0.4473560568397096,0.37191394434340486,0.39855761552248037,0.0,0.0,0.0,0.0,0.36677684045976877,0.0,0.4501150193416914,0.0,0.0,0.0,0.0,0.47132125878291936,0.0,0.0,0.512904157226471,0.0,0.0,0.0,0.5076497799683763,0.4383111300803658,0.4816047980385013,0.0,0.4491206347267517
0.37433435140211824,0.3920945316977727,0.49849952583768153,0.3538036144380331,0.45905746904749634,0.44941654005107706,0.4142621280466607,0.4578013608012733,0.4787333349620852,0.35612870577979827,0.47657982261526766,0.32911134128329605,0.4148412676367839,0.0,0.4125350616734293,0.4023149724605668,0.3802799090990078,0.39294441921308937,0.47519801684006885,0.3863477952772754,0.40765900602241656,0.38942899845557566,0.45200631521793694,0.35648007884465244,0.40644737564582323,0.4078287988520805,0.4230221910510634,0.39785200707348456,0.39737876569843034,0.36098248688039064,0.0,0.38399844091402857,0.35353988027238337,0.29314528196941203,0.24579428621566873,0.43740375863457276,0.38048304937720967,0.2833560114270582,0.44927214256966663,0.37236815133753887,0.4496331755775593,0.501523004405048,0.4607428357257394,0.39463283381751796,0.0,0.0,0.4430273375853685,0.482556055425859,0.0,0.3822670104218288,0.5220822255618471,0.39139722499855367,0.508938079282728,0.41882747158087197,0.42633560366056955,0.0,0.4401258568194309,0.4078786872780539,0.0,0.48877109591561935,0.4374302053304527,0.4263464129386817,0.41618045036942997,0.0,0.47923109979995715,0.4371265364512257,0.4602522506949891,0.5306969569331266,0.4473056527864909,0.4412191725970603,0.4630936723096018,0.5265020783331149,0.49712944597003134,0.5049944920933614,0.43074101192712033,0.45322015537781435
0.4125546183261551,0.4310043583965682,0.45391265940488423,0.29992824413342956,0.3297650087627748,0.41871589718010294,0.3857458446537435,0.3938669710171172,0.43416744569985644,0.33605956389158176,0.3899238254473813,0.29986297559780206,0.4028620329292255,0.25442911301956217,0.4276960427572371,0.4410139641972293,0.41347507165607683,0.42918658249983893,0.4216311221049547,0.4373287395452422,0.4297685155236776,0.4341707570258782,0.4269859265126089,0.32368290247930365,0.41916726445506225,0.43846906597218394,0.4216715672428508,0.40579274955925254,0.4232016373911841,0.4373546499933189,0.38399844091402857,0.0,0.3466187486073152,0.35764744299523754,0.35979950778564074,0.24693546679866119,0.302068051530081,0.23382875036601658,0.26209456990808633,0.3118132550539935,0.3356789035454422,0.33311158261716306,0.31555945499027505,0.26102764509610044,0.24105038372029194,0.4505112073102368,0.4689401611245103,0.5165165381726353,0.23554182433232862,0.43732336002905936,0.48564874377067624,0.4609132328843507,0.4601592397187142,0.45842960001407906,0.3742474438781925,0.4491746794009014,0.3327937803956026,0.4917309296539606,0.0,0.5045556620283023,0.4625575973809938,0.398755803707742,0.4209716715393078,0.4619871048379864,0.4837089756236001,0.46248260911106537,0.48072788339022715,0.5100382312664188,0.0,0.42456381548872485,0.47248088053721565,0.5041254468339436,0.3751348873648268,0.495991145964106,0.49257437094228207,0.47428661005537015
0.330933807823127,0.3851562390377061,0.0,0.0,0.0,0.3855381144918073,0.40470689000606835,0.4054048032868513,0.40751987933716255,0.35229609955447266,0.0,0.2651845958496381,0.424793720566805,0.0,0.4144109381120313,0.3998320878538842,0.3568556219330686,0.3713201367316771,0.35693502040010283,0.39764143415666453,0.37695048608021015,0.39833258627493406,0.4002672246592054,0.21470471791187876,0.35212709334001924,0.38220348648040453,0.3815423747595288,0.4030716789221201,0.38612199498942856,0.37288839135723617,0.35353988027238337,0.3466187486073152,0.0,0.28574298856734687,0.3900258675641757,0.44372109101124796,0.283001791418036,0.1870430834144194,0.2952290476637322,0.25006723948140824,0.3223834588178418,0.4006859211330751,0.0,0.0,0.21356477242912392,0.4063454725009174,0.4613710118986027,0.0,0.0,0.0,0.0,0.0,0.0,0.0,0.38696067715125393,0.0,0.4038951616743303,0.0,0.0,0.5131083230745539,0.4418591776802971,0.3978822894918481,0.38310480435669425,0.0,0.4651648546619375,0.4380190696708909,0.4907421824484839,0.4910403415114612,0.37272338064057636,0.41928141803899044,0.45443651265779367,0.4888565836479013,0.45795120551146706,0.466432536270886,0.0,0.3833261867267664
0.3738557340562979,0.39778628897527585,0.49888989074308643,0.3216643066127518,0.45772810731196745,0.4486111763207405,0.41131703844977757,0.46680815359122546,0.47617895094680973,0.35582807397347926,0.47910959880470794,0.2666864688784895,0.43540597016847915,0.4311216124363093,0.4412987539068766,0.4032206898326923,0.40746950646793256,0.41834256405823694,0.482918254640977,0.42920351363975495,0.42028270169299903,0.425532214091972,0.4591727046871964,0.2738870997699664,0.40318293474493316,0.4123531075281598,0.44346373313412496,0.4016728611023283,0.4293889494023917,0.3800901838281184,0.29314528196941203,0.35764744299523754,0.28574298856734687,0.0,0.3202835014862163,0.41340232838749846,0.300484916732278,0.22725804889823517,0.3182455293609806,0.27323404504390914,0.2968724946411725,0.3375986632956974,0.33402465477182497,0.27725563182752416,0.264160911160403,0.44040450778849927,0.45737625239584395,0.43595946241016037,0.0,0.41311651501036517,0.5176718097712594,0.39784868531621576,0.5116615950798966,0.36244638018284303,0.39575826597167374,0.0,0.41428956992484045,0.39697828102490995,0.0,0.5076733145080741,0.4477019725367527,0.4101654343586641,0.414782562120557,0.0,0.49429236564329504,0.44916559303427744,0.48398160089268555,0.533401503612915,0.4225318190630639,0.43727151687463334,0.4790475942607925,0.5234772245252314,0.3858498898093787,0.5057888979554999,0.0,0.45945169126145996
0.4347868396070762,0.4738743363742468,0.0,0.3322792665861372,0.0,0.44934268657853194,0.4343396008462588,0.4544481208643109,0.43753346757409195,0.3950444201839002,0.43858876846897416,0.24247079042542427,0.4412018984117096,0.0,0.47954406259675536,0.4613967148817777,0.42349369123128255,0.4602220971810069,0.42384461343850843,0.4782602930104216,0.4689313909965274,0.4771612983137535,0.4692239674181958,0.30977032311389374,0.4272056569167929,0.4563927610644218,0.45253258182652617,0.4042116360175514,0.46516546171316664,0.393865901091236,0.24579428621566873,0.35979950778564074,0.3900258675641757,0.3202835014862163,0.0,0.42598361418349334,0.3405050656188426,0.24761890060443068,0.315390028885252,0.25510657493892536,0.2905681422590062,0.35775878935690786,0.3019511521385988,0.3010584016124673,0.2604740110202988,0.0,0.4870607245467456,0.0,0.0,0.0,0.3678500754011888,0.39536711218655873,0.0,0.30359546198072407,0.4495868120574733,0.0,0.0,0.2937794235982233,0.0,0.5439876480534138,0.4606113669611289,0.3847002358670252,0.42771917626705425,0.0,0.4939941598898287,0.4971878405735832,0.5162005886928778,0.5032244784902473,0.0,0.45539574603897975,0.5062719472149586,0.5151965052975669,0.2564242185957449,0.4880958741310584,0.0,0.45625481358657705
