0.0,0.4144150227363489,0.0,0.0,0.0,0.47708423071859446,0.2873736049838937,0.5379033573697892,0.0,0.44729223318566486,0.0,0.41969247682638205,0.35287788713507956,0.0,0.4330931058557918,0.4142071972105751,0.38600854175797217,0.37827786510051575,0.0,0.46862388094619933,0.44500417571393225,0.4201818457112284,0.512816284027996,0.4347621792524831,0.39852033470781273,0.40068929408733983,0.47041810523240346,0.4376100442239544,0.4634633742147709,0.0,0.37445383170660806,0.41211156780562147,0.32698214803514036,0.37221684870634125,0.43121632778780367,0.0,0.0,0.3776124429198763,0.45316008377106287,0.4352142378777676,0.44865124468531936,0.5328744447107288,0.0,0.0,0.0,0.4037413364416774,0.4783810009074144,0.0,0.0,0.0,0.3435680586679213,0.0,0.0,0.0,0.4463786438802627,0.0,0.0,0.0,0.0,0.0,0.47363670737909197,0.0,0.4365672554859982,0.0,0.0,0.26243558567783204,0.46280170583043373,0.4707615723223059,0.0,0.44776644312019037,0.47764564735142073,0.0,0.0,0.0,0.0,0.41746781190543547
0.4144150227363489,0.0,0.0,0.0,0.0,0.42558152141169436,0.47577582744735397,0.4552940770389842,0.4158288372017897,0.3228370491578474,0.0,0.27756235177735233,0.45240454016647447,0.0,0.44838563454942,0.44718560358356096,0.38660121506486544,0.4403323008914408,0.0,0.44350320542978544,0.44089443998781214,0.4294053751914957,0.42736526578927375,0.0,0.4169332035578348,0.43232118881612314,0.42641717659191364,0.44082379259601756,0.4449119404612079,0.0,0.3947839699990059,0.43204944776276344,0.3867301768067271,0.3986963230874367,0.45502801708570284,0.0,0.0,0.0,0.4574902768096847,0.4601484141026495,0.45990249656712406,0.49436606133889865,0.0,0.0,0.0,0.4786646673323788,0.4769050317778387,0.0,0.0,0.0,0.36640000100477044,0.3029728085136063,0.46202689292694754,0.0,0.31202002822567587,0.0,0.0,0.2772511150025294,0.0,0.5093668030631495,0.4736147066335093,0.33734817357845404,0.44467247606936294,0.0,0.46133266405631707,0.4862943723474841,0.47927277630575765,0.4437682534147664,0.0,0.45348440196766016,0.5055266218900862,0.4421859006996451,0.30606209859581174,0.45854780635089726,0.0,0.45048136264264294
0.0,0.0,0.0,0.3965851041183004,0.41698874669647096,0.4506294462282824,0.45342096531981624,0.5305399520507211,0.34150538234757155,0.39936418158272774,0.3654243390334845,0.3086921922500939,0.46407730166133687,0.4873685587631279,0.0,0.0,0.0,0.0,0.36612779285649394,0.0,0.41119058311174456,0.0,0.3637704203710235,0.0,0.3075623090522265,0.3307283924461909,0.37591820515150015,0.47764847489736234,0.4268472250328408,0.0,0.4946514052560739,0.4500986769498823,0.0,0.4929515425280542,0.0,0.47680628421734533,0.43454859013669556,0.30840611647116006,0.5383966940780602,0.0,0.4413137052924846,0.0,0.5320339398407015,0.0,0.0,0.0,0.0,0.4063404709667621,0.0,0.5418444510747634,0.601194956989621,0.6529381283494105,0.6134021543687288,0.613464390672747,0.0,0.3992552018663586,0.0,0.5351854518736221,0.5445523562080605,0.0,0.0,0.0,0.0,0.5161694059727764,0.0,0.0,0.0,0.581521302743951,0.0,0.0,0.0,0.6345028454647406,0.43929892695688144,0.0,0.0,0.5004441696006201
0.0,0.0,0.3965851041183004,0.0,0.25389470692585625,0.4166273558260966,0.32414721202368907,0.3467785597388504,0.4384743177323218,0.28176364899338846,0.39982192115347664,0.0,0.34115345043460227,0.24915403890116058,0.0,0.0,0.0,0.0,0.40018322859454436,0.0,0.0,0.0,0.40620905830518217,0.0,0.0,0.0,0.43377571612250376,0.26410029339284335,0.3605489502337321,0.0,0.3491451725044166,0.298174692982283,0.0,0.3176164204492098,0.3249521292354528,0.19360958279605933,0.20712251261156298,0.0,0.0,0.0,0.0,0.0,0.0,0.0,0.0,0.0,0.0,0.0,0.0,0.0,0.0,0.0,0.0,0.0,0.0,0.0,0.0,0.3782594688751616,0.0,0.0,0.0,0.0,0.0,0.0,0.0,0.0,0.0,0.3159152515577255,0.0,0.0,0.0,0.0,0.0,0.0,0.0,0.0
0.0,0.0,0.41698874669647096,0.25389470692585625,0.0,0.3751444711787035,0.347692343941887,0.3828136524239131,0.3475122082861731,0.45869912377765326,0.36224118558510604,0.397180944984462,0.36713695339091723,0.2869127103165546,0.0,0.0,0.0,0.39954747394499746,0.4028319239393326,0.0,0.0,0.0,0.4127722840523487,0.40462302429869224,0.4069427028649522,0.41115794113650656,0.4076598650291479,0.3825709556427465,0.43562569017415836,0.0,0.4564348971138204,0.3288594275657452,0.0,0.45410257525770986,0.0,0.22505915350863268,0.24427646929742605,0.3630060181478224,0.377352780350651,0.0,0.0,0.0,0.4297476637848855,0.0,0.0,0.0,0.0,0.5627242544298082,0.2555907869169059,0.39719873451827686,0.5369297594851362,0.39355031461496626,0.4910251206251909,0.5034142836247089,0.0,0.47735990570586273,0.0,0.33712194805553025,0.4265634703310409,0.0,0.0,0.0,0.0,0.4711565822476791,0.0,0.0,0.0,0.5537908738381802,0.0,0.0,0.0,0.580252351357371,0.3245186704721405,0.0,0.0,0.0
0.47708423071859446,0.42558152141169436,0.4506294462282824,0.4166273558260966,0.3751444711787035,0.0,0.4249627051072377,0.4380953558304456,0.37995484855683376,0.4698802008832361,0.38894113660134894,0.3560968352240719,0.4040397186250692,0.44271968970933906,0.4409041508851768,0.4297012634907564,0.27876661536999536,0.45180223168161077,0.41216798514144776,0.4448878571142804,0.44077768316075616,0.4605069857854131,0.4468915685551219,0.36870585095374914,0.40743617955092587,0.42447103908549083,0.41871086831961946,0.42790013017233147,0.3670526762187604,0.419671227440514,0.44743018509595084,0.41679835068107246,0.3838852710593484,0.44628240346684594,0.4481810968688092,0.44007662403713355,0.44139269226880873,0.36741504650657447,0.4964787507838897,0.33354375306050027,0.5228333218447441,0.4868810901846586,0.5019493925996255,0.3043302324736546,0.3655669510418417,0.32429430481890775,0.3019223540823413,0.582106046554831,0.34707380214170974,0.4552655627234872,0.5275394510535457,0.5612598505945706,0.4968141095521911,0.5691022006064801,0.3591475935057693,0.530295364943095,0.0,0.5359367518480325,0.0,0.5038793492439066,0.25206063229567083,0.0,0.26911315141311953,0.5626862821002123,0.48624703986976114,0.44073950262693706,0.47202839736661095,0.5310059871654383,0.0,0.24730781028672313,0.39908372025929695,0.5253474153187817,0.522862953179823,0.502250988023865,0.4623736036752018,0.5158094441721996
0.2873736049838937,0.47577582744735397,0.45342096531981624,0.32414721202368907,0.347692343941887,0.4249627051072377,0.0,0.451880417488291,0.41307264760251994,0.39682937424205234,0.44142129221116716,0.37874787354873174,0.35366678101735893,0.3313271858280617,0.0,0.4754202490283393,0.3883778380294528,0.43721931528189095,0.44818707872407626,0.44561964792293807,0.40353293022431636,0.4796980771062914,0.45015172290037325,0.3734737883818159,0.43419898128050627,0.40249512362408835,0.45059735873200835,0.36139005541763936,0.43864878940652613,0.0,0.41263304121254374,0.38506522362714113,0.3990610883021267,0.4100943254537178,0.4363076349595227,0.28895682722115007,0.3232341850638161,0.3739199020958806,0.33976565798309466,0.0,0.35029902635923316,0.0,0.4037353332219188,0.0,0.0,0.0,0.2792511228695941,0.4935617358063713,0.0,0.38064093523848147,0.49806020063462586,0.3754333493388866,0.44525064399635816,0.4423782454699719,0.395190745736587,0.3958868191410551,0.0,0.34126063470885815,0.0,0.0,0.0,0.0,0.0,0.4077502104584124,0.3169132621897063,0.0,0.0,0.525355303887618,0.0,0.0,0.2854571055583456,0.5166061004983848,0.3375193014616432,0.3467897419069608,0.0,0.33082145523903916
0.5379033573697892,0.4552940770389842,0.5305399520507211,0.3467785597388504,0.3828136524239131,0.4380953558304456,0.451880417488291,0.0,0.5244793093337522,0.45247309440285366,0.32940849012852086,0.44831045222085686,0.464035074196954,0.36104323524914467,0.32996605103637894,0.45629787903995056,0.0,0.4612259741156738,0.4420642673020701,0.0,0.42003721826459595,0.4711608415776784,0.39798443498093017,0.5572730085107643,0.4815964470144516,0.518731528244457,0.4832844962234707,0.4534668094652316,0.4398929089446644,0.41678815804571756,0.45627124554188897,0.3913052770393433,0.40512631646805114,0.4648812193043174,0.4532587101468736,0.2559979860361827,0.37416956442274624,0.0,0.46125442738335354,0.0,0.4926046887065926,0.0,0.42334603538268367,0.39443672099375643,0.0,0.0,0.0,0.5709333573808204,0.0,0.496453081877558,0.5119515029326045,0.4991917505885779,0.36741975294145734,0.5722337606268915,0.0,0.4932884238769049,0.0,0.48605921459290696,0.4539625977828089,0.46098416981556545,0.0,0.0,0.0,0.5549494710309948,0.0,0.48483198946157313,0.0,0.5071887389489004,0.0,0.3524035938408151,0.420856838154521,0.5293644732664223,0.4813278811456074,0.45071068502690637,0.0,0.4906547242550356
0.0,0.4158288372017897,0.34150538234757155,0.4384743177323218,0.3475122082861731,0.37995484855683376,0.41307264760251994,0.5244793093337522,0.0,0.46651948934071963,0.3544841760014633,0.4017402611414641,0.42351075454889064,0.4507619851039383,0.0,0.3669128199010134,0.30935892133176907,0.29619005416548416,0.3157923992940064,0.43436997894189266,0.0,0.45196047511063164,0.45906387612449023,0.3486255346826671,0.381470200584196,0.38049599752311297,0.39133576235663387,0.45398858917353124,0.4180775176493164,0.4053196360041872,0.4747814492914533,0.4297630017601613,0.3908746790475854,0.471878150098967,0.4316100474770998,0.44762063392844975,0.44756696397397555,0.4400773703494518,0.5150251299527436,0.26988716752676745,0.312723640666056,0.276040210995388,0.5099262416027127,0.29444413874977404,0.0,0.0,0.28884471415468416,0.5983232903435018,0.0,0.4805430357734176,0.5792230438335175,0.5316006639947435,0.5626474633618976,0.5934294314677551,0.0,0.5564703655420492,0.0,0.46550776389755255,0.5274346333715003,0.0,0.0,0.0,0.0,0.5735096595877659,0.0,0.0,0.0,0.574743460430349,0.0,0.0,0.28103260353158893,0.5809118702968441,0.40087804335812044,0.3634585408960379,0.0,0.3799699953292715
0.44729223318566486,0.3228370491578474,0.39936418158272774,0.28176364899338846,0.45869912377765326,0.4698802008832361,0.39682937424205234,0.45247309440285366,0.46651948934071963,0.0,0.4596586066802051,0.3077445499894035,0.4273382400878771,0.3814355586800329,0.3499109522410098,0.3866450929943802,0.35766321064493284,0.3548273870986751,0.4386584265463835,0.3214799710956705,0.0,0.33745495999997305,0.5070025822343505,0.2840813406200136,0.39010567567703663,0.39957811698716833,0.41587820729457076,0.4112062515897536,0.33766242812179614,0.0,0.3581034185882573,0.3389057003550502,0.3503843238826779,0.3515513044709612,0.39429860438156206,0.3459963674722745,0.2894030278143636,0.29310008006797106,0.2725107069998759,0.3097187270088177,0.37505429411729024,0.5221976980551711,0.0,0.0,0.3038173287535737,0.48710226189632,0.0,0.0,0.0,0.0,0.360681000453394,0.5127963276720281,0.0,0.0,0.4484442231062943,0.0,0.45645173178994897,0.43443258815501035,0.0,0.0,0.0,0.45750038720057623,0.43091495761111637,0.0,0.0,0.0,0.0,0.3204010209745658,0.43322839069916536,0.4768474721913452,0.48780236920894227,0.3373535729900462,0.4006643970522818,0.3519293828838348,0.0,0.4290064332685386
0.0,0.0,0.3654243390334845,0.39982192115347664,0.36224118558510604,0.38894113660134894,0.44142129221116716,0.32940849012852086,0.3544841760014633,0.4596586066802051,0.0,0.40446182684422927,0.44720667010075865,0.3203280754500892,0.0,0.0,0.37053737376328294,0.3074145317648061,0.3147952228394223,0.0,0.0,0.0,0.288567058486533,0.40038106098879434,0.3634050331927929,0.30344779034641983,0.4449690788265139,0.45031579178352493,0.0,0.0,0.47257515395718264,0.3862009436917653,0.0,0.4747997313794584,0.4353315231022806,0.3419604788573808,0.4424484182361247,0.4180944288696095,0.37977785409996356,0.0,0.30285016202811055,0.0,0.39572184943709476,0.2894652327689997,0.0,0.0,0.0,0.4851073532354633,0.0,0.24379748638554993,0.5383995496732967,0.4253279497095371,0.45997189492343415,0.46310372450329695,0.3208753029570034,0.2721496407509995,0.0,0.38627641975762267,0.4072479424765588,0.0,0.0,0.0,0.0,0.2455570687843088,0.0,0.0,0.0,0.5472279617060397,0.0,0.0,0.0,0.5719308808513408,0.300491237479562,0.0,0.0,0.3117193441460753
0.41969247682638205,0.27756235177735233,0.3086921922500939,0.0,0.397180944984462,0.3560968352240719,0.37874787354873174,0.44831045222085686,0.4017402611414641,0.3077445499894035,0.40446182684422927,0.0,0.4035506074943034,0.0,0.34326290369212475,0.0,0.4154075720899988,0.43369416794903903,0.3274669705149324,0.2596443631796581,0.4420752909444105,0.2610796645116482,0.43069485832270815,0.2879812642376707,0.4239282601800781,0.3273789980887455,0.3325282726422705,0.3922457107491919,0.2876631043410375,0.0,0.3297035739805861,0.2981137407897662,0.2608587754489202,0.26736460901779474,0.23806654039781888,0.3127627393719813,0.3284115650478483,0.22042268443158816,0.28705855528720015,0.3625319049774877,0.3840461572162852,0.26478276840850695,0.0,0.0,0.31592733762549485,0.0,0.0,0.0,0.0,0.0,0.0,0.0,0.0,0.0,0.454638233083044,0.0,0.4603047635103892,0.4162149726412542,0.0,0.0,0.0,0.4429472300008507,0.44125064258864294,0.0,0.0,0.0,0.0,0.0,0.42782251819975187,0.48134446128463776,0.4822817717932934,0.4268037258994961,0.4541562991645316,0.0,0.0,0.44873210734100305
0.35287788713507956,0.45240454016647447,0.46407730166133687,0.34115345043460227,0.36713695339091723,0.4040397186250692,0.35366678101735893,0.464035074196954,0.42351075454889064,0.4273382400878771,0.44720667010075865,0.4035506074943034,0.0,0.38858050867406724,0.47208075354887646,0.47761879104515664,0.42644198160623703,0.4537879545443049,0.44914426961352183,0.4438005317973914,0.45350108483386936,0.4812460749140866,0.4572648156385002,0.38114141483004615,0.4414769074812684,0.4417938736909895,0.4536974984989371,0.3743475413809407,0.42281357044327955,0.42854506520199753,0.41452841254682204,0.40158501386918793,0.4328708932185389,0.4348104350037831,0.4414479684848594,0.3443309482494126,0.35803286533905526,0.40006531326956724,0.3796030577426604,0.0,0.33562888309083894,0.3198513185066405,0.43699424046937185,0.2664829188736971,0.0,0.0,0.2608820422180937,0.5455775830087484,0.0,0.3721574809361892,0.6041854440528116,0.4137358977262147,0.487330892550212,0.4687898303279294,0.39965253538503853,0.4351945666688071,0.3879001279953116,0.4518303694541891,0.37234183039136853,0.3599424514676284,0.2764750553836281,0.0,0.3005061595810684,0.4371599418809401,0.40405015717337783,0.39428483331819053,0.2845784459616619,0.5381139412155563,0.0,0.29300991637331203,0.32158494525053904,0.540716313390767,0.45647086126538317,0.45043163655624247,0.0,0.3733697886407401
0.0,0.0,0.4873685587631279,0.24915403890116058,0.2869127103165546,0.44271968970933906,0.3313271858280617,0.36104323524914467,0.4507619851039383,0.3814355586800329,0.3203280754500892,0.0,0.38858050867406724,0.0,0.0,0.0,0.0,0.0,0.4147434353305025,0.0,0.0,0.0,0.4156514544549065,0.44153510856240197,0.0,0.45359567194696004,0.4749714210292867,0.2648551750074952,0.0,0.0,0.0,0.2446626483314669,0.0,0.4187599233887355,0.0,0.20977328404082668,0.1653304513715103,0.0,0.4027756278541872,0.0,0.0,0.0,0.3951950382244197,0.0,0.0,0.0,0.0,0.4821593723514272,0.0,0.0,0.4396956010829335,0.4260020227340796,0.0,0.0,0.0,0.39725037880090147,0.0,0.0,0.45416045682778294,0.0,0.0,0.0,0.0,0.47370513937533815,0.0,0.0,0.0,0.49662103649208733,0.0,0.0,0.0,0.4977669200295692,0.0,0.0,0.0,0.0
0.4330931058557918,0.44838563454942,0.0,0.0,0.0,0.4409041508851768,0.0,0.32996605103637894,0.0,0.3499109522410098,0.0,0.34326290369212475,0.47208075354887646,0.0,0.0,0.4397016117452025,0.0,0.4297729546905459,0.0,0.3316338890997858,0.3762188813059482,0.3574639140137195,0.3712678651331698,0.460176312260433,0.4127443438607297,0.3881947725467761,0.3927435861269244,0.4121100270105783,0.40940671363133296,0.40483141700717196,0.41256506892320777,0.4280639269798527,0.41092543483256067,0.44117510866011356,0.4791260299759952,0.5137374998451463,0.0,0.0,0.4745285437512651,0.47159614276596495,0.4935958360393302,0.5045653031980261,0.0,0.0,0.0,0.0,0.5047341585694382,0.0,0.0,0.0,0.47204938309107,0.0,0.0,0.0,0.0,0.0,0.0,0.38819700660693546,0.0,0.3988402867743269,0.468643494119369,0.0,0.3236051085226297,0.0,0.4685906224022246,0.4652428832885835,0.5030049244207945,0.5023550986813301,0.0,0.3488297414760745,0.5420280337891668,0.4868680171441229,0.4599468377115605,0.4817578017615828,0.42026508515909755,0.450501653117245
0.4142071972105751,0.44718560358356096,0.0,0.0,0.0,0.4297012634907564,0.4754202490283393,0.45629787903995056,0.3669128199010134,0.3866450929943802,0.0,0.0,0.47761879104515664,0.0,0.4397016117452025,0.0,0.43144283644608106,0.40686943953480414,0.0,0.4436607548380283,0.42550859209162206,0.4079550690207366,0.43607191865629996,0.365577431917314,0.4258870132297514,0.4488799911144551,0.4188921239981354,0.4833639325199384,0.460299838966802,0.4471994545872408,0.40662149300195266,0.4420499769938852,0.40277459245122893,0.40421338434640003,0.4622553497797109,0.0,0.0,0.0,0.4386244719170666,0.43467196847354755,0.44440420902552813,0.48507597278244746,0.0,0.0,0.0,0.4708975197499923,0.468746595927431,0.0,0.0,0.0,0.2616211486455304,0.0,0.0,0.0,0.3128509566609063,0.0,0.0,0.3029143765153034,0.0,0.48539925265591927,0.4591000730146055,0.0,0.41766274178195095,0.0,0.4269761464715527,0.4440782244984208,0.47372586443733977,0.33784435179613825,0.0,0.43598591163047135,0.4840153269684246,0.3715115461652633,0.3240344447740624,0.3853093585164361,0.0,0.42474805596768
0.38600854175797217,0.38660121506486544,0.0,0.0,0.0,0.27876661536999536,0.3883778380294528,0.0,0.30935892133176907,0.35766321064493284,0.37053737376328294,0.4154075720899988,0.42644198160623703,0.0,0.0,0.43144283644608106,0.0,0.3648246258299784,0.3030562719222703,0.39369235364120847,0.43407458219639455,0.4059459451021398,0.3141842136399888,0.421243510666676,0.37993774121308466,0.42077609648069164,0.28567482686605056,0.4238862052239531,0.37223138908647313,0.27140977806758004,0.38405718794213095,0.41344084079908333,0.3563176896592187,0.40825260061164925,0.42429294726656275,0.0,0.0,0.3601674803150109,0.45479960980127937,0.4244670002543482,0.42478743038069766,0.0,0.0,0.0,0.0,0.0,0.0,0.0,0.0,0.0,0.0,0.0,0.0,0.0,0.469135394171692,0.0,0.4773930557988765,0.0,0.0,0.0,0.0,0.4084904209738299,0.40086978465664247,0.0,0.0,0.0,0.0,0.0,0.4770124613495653,0.44465801484285844,0.47141300208828274,0.0,0.0,0.0,0.0,0.41555353420690044
0.37827786510051575,0.4403323008914408,0.0,0.0,0.39954747394499746,0.45180223168161077,0.43721931528189095,0.4612259741156738,0.29619005416548416,0.3548273870986751,0.3074145317648061,0.43369416794903903,0.4537879545443049,0.0,0.4297729546905459,0.40686943953480414,0.3648246258299784,0.0,0.0,0.46527051771315675,0.4066242905281406,0.4430215352128111,0.43704121302623317,0.36967273199501627,0.39220605369545386,0.4186353923860593,0.42349396230613956,0.44954870878924413,0.4679247357652918,0.35976891429842744,0.3950442500816146,0.429508868797376,0.37073419817554426,0.4193149860562715,0.4602175321915239,0.0,0.0,0.0,0.4452478657624636,0.408919531626678,0.41968804204910837,0.45469685611078114,0.0,0.0,0.0,0.42838763528505663,0.4561262938219604,0.0,0.0,0.0,0.0,0.0,0.0,0.0,0.4182874062450185,0.0,0.45464549979402125,0.0,0.0,0.0,0.4327779798719807,0.3698071074541639,0.4015852568967718,0.0,0.0,0.0,0.4587481847598405,0.3073227789635909,0.4489946855192417,0.4146951634099028,0.44206756018421056,0.0,0.0,0.32241524514963565,0.0,0.41372122837916325
0.0,0.0,0.36612779285649394,0.40018322859454436,0.4028319239393326,0.41216798514144776,0.44818707872407626,0.4420642673020701,0.3157923992940064,0.4386584265463835,0.3147952228394223,0.3274669705149324,0.44914426961352183,0.4147434353305025,0.0,0.0,0.3030562719222703,0.0,0.0,0.0,0.0,0.0,0.3217621012014994,0.31186999230986756,0.3090016550118401,0.30391138960452835,0.4300854507800362,0.4525220153126309,0.0,0.0,0.46931460336412456,0.4180170148076382,0.33140933796345484,0.4743164126804445,0.41722385023624153,0.4297518968365366,0.42904468943119867,0.381100771258696,0.44430977024496876,0.0,0.2839566914917624,0.0,0.4676837438144689,0.2683282000331968,0.0,0.0,0.0,0.4608621446074551,0.0,0.4712431456381455,0.581781126929693,0.49400581477327604,0.5688734642296093,0.5807979357553799,0.0,0.5324376395397716,0.0,0.423509646100542,0.5074567595584265,0.0,0.0,0.0,0.0,0.5579589323368191,0.0,0.0,0.0,0.5752830842703863,0.0,0.0,0.0,0.6049579250969375,0.315928166633299,0.0,0.0,0.0
0.46862388094619933,0.44350320542978544,0.0,0.0,0.0,0.4448878571142804,0.44561964792293807,0.0,0.43436997894189266,0.3214799710956705,0.0,0.2596443631796581,0.4438005317973914,0.0,0.3316338890997858,0.4436607548380283,0.39369235364120847,0.46527051771315675,0.0,0.0,0.40821069013423805,0.3769987869978406,0.31038578218271806,0.3854911672941987,0.43665854808451104,0.44673214865492383,0.33903076786030406,0.4125414105400259,0.37518656072381684,0.391983718839913,0.386550412328359,0.4398770689434973,0.40069909148110616,0.43045692352762127,0.47953600730180185,0.5088345987516942,0.4393635607349937,0.274615613053714,0.4678004708417129,0.3882158236374192,0.5121931686204534,0.4568832563613906,0.3697029176131104,0.30935819415363935,0.0,0.0,0.47726230983622653,0.0,0.0,0.0,0.4806305070643873,0.33179470841740766,0.0,0.0,0.0,0.0,0.0,0.40651457835626925,0.0,0.49829965258430703,0.3354085349917948,0.0,0.292901827858621,0.0,0.47622858590618533,0.44810066520288516,0.4795370829570264,0.5213476802305262,0.0,0.2777774227677412,0.49569407579102354,0.5109309529770864,0.5490966272112434,0.5145182568391496,0.39135252164120665,0.4644930364750564
0.44500417571393225,0.44089443998781214,0.41119058311174456,0.0,0.0,0.44077768316075616,0.40353293022431636,0.42003721826459595,0.0,0.0,0.0,0.4420752909444105,0.45350108483386936,0.0,0.3762188813059482,0.42550859209162206,0.43407458219639455,0.4066242905281406,0.0,0.40821069013423805,0.0,0.4500346592833351,0.4368781798408793,0.5152923639519723,0.43474610324674845,0.42213390422195485,0.4380835859039724,0.47827474931678676,0.4543659777462792,0.4431622351917936,0.4072923309871794,0.42833089922451684,0.3738725938505246,0.41896439130250746,0.46598932950306693,0.459019169480238,0.0,0.0,0.4650050765874458,0.47219923876388903,0.4763431924767571,0.5147117943774272,0.0,0.38939443756164877,0.0,0.39840886035983913,0.5015837604440138,0.0,0.0,0.0,0.4523503381256756,0.3984906474914195,0.35816289787487954,0.0,0.4454710671637382,0.0,0.0,0.41492704160870897,0.0,0.47193302327048114,0.4971889268412038,0.0,0.34286222944234096,0.0,0.4513257510008356,0.39259702123258233,0.4976434533441779,0.470454925432447,0.0,0.38788820582324846,0.5304243048858579,0.49164526600294217,0.49330056603126204,0.48059252065650415,0.4263975273553916,0.43678868248862485
0.4201818457112284,0.4294053751914957,0.0,0.0,0.0,0.4605069857854131,0.4796980771062914,0.4711608415776784,0.45196047511063164,0.33745495999997305,0.0,0.2610796645116482,0.4812460749140866,0.0,0.3574639140137195,0.4079550690207366,0.4059459451021398,0.4430215352128111,0.0,0.3769987869978406,0.4500346592833351,0.0,0.4021149794111149,0.30069983751819757,0.43292655590970697,0.42447236034755914,0.41804479951657525,0.43859411080792093,0.44616261332294654,0.4779411423956562,0.39011168160269327,0.4357051045902576,0.4003005093671041,0.42630242106815974,0.477856834725459,0.5132744580814037,0.43074843017154446,0.2744524641246563,0.4570096582522171,0.48426920090019715,0.4906517757942063,0.4759395048975025,0.44190439933952047,0.31210153381494427,0.0,0.4353091368026154,0.48057083846595616,0.0,0.0,0.0,0.4473884126463934,0.3005671187341841,0.0,0.0,0.0,0.0,0.0,0.29839865667366366,0.0,0.5210775913934228,0.48814518808462093,0.34783876888806015,0.39835466090069693,0.0,0.47746325021429065,0.49225819702787244,0.4964871073737404,0.5043483394163472,0.0,0.42313854572161025,0.5235033425842203,0.5074003431462033,0.33883946699893297,0.4876353183928971,0.3934450785524209,0.4807719613683776
0.512816284027996,0.42736526578927375,0.3637704203710235,0.40620905830518217,0.4127722840523487,0.4468915685551219,0.45015172290037325,0.39798443498093017,0.45906387612449023,0.5070025822343505,0.288567058486533,0.43069485832270815,0.4572648156385002,0.4156514544549065,0.3712678651331698,0.43607191865629996,0.3141842136399888,0.43704121302623317,0.3217621012014994,0.31038578218271806,0.4368781798408793,0.4021149794111149,0.0,0.5638355481984734,0.4269604232577858,0.47193514428843303,0.3759756043710167,0.4589621142642381,0.44447809870082094,0.4381925399191293,0.45143892861511786,0.42703739633597426,0.39948363556970484,0.4581121450939437,0.4690411154174693,0.4164072539086309,0.46407603562067395,0.3494300540487696,0.5003684662382614,0.48649465685098425,0.5159718012926027,0.5258258372592877,0.4989505026764392,0.38457113970010126,0.0,0.47362749153177075,0.4491562877648007,0.5963503827318435,0.0,0.5379005465987209,0.5481401842409576,0.5537836617023089,0.4968848139548192,0.5843822170862145,0.0,0.543670886315339,0.0,0.534104173207691,0.49973333061869885,0.49828841749460956,0.31650151562455586,0.0,0.30600087293335415,0.5850414252370839,0.4895196260226664,0.5072301848170823,0.49611955635564486,0.5441205396789792,0.0,0.28293123045620594,0.5009653276336394,0.5431517409802571,0.5295964319747253,0.5161142460464386,0.5250260893990683,0.5197033544747314
0.4347621792524831,0.0,0.0,0.0,0.40462302429869224,0.36870585095374914,0.3734737883818159,0.5572730085107643,0.3486255346826671,0.2840813406200136,0.40038106098879434,0.2879812642376707,0.38114141483004615,0.44153510856240197,0.460176312260433,0.365577431917314,0.421243510666676,0.36967273199501627,0.31186999230986756,0.3854911672941987,0.5152923639519723,0.30069983751819757,0.5638355481984734,0.0,0.40668835073809956,0.3698161666968414,0.5611382011493377,0.4034545160201392,0.40060862398451896,0.0,0.3558673501808101,0.3244663185256362,0.21395246174945315,0.27490005139225265,0.30909338116508833,0.5106004015156673,0.2875696470287038,0.22380138445899506,0.0,0.2874960329210594,0.4161460650235716,0.0,0.0,0.0,0.27568308578918455,0.4211571522048793,0.0,0.0,0.0,0.0,0.0,0.0,0.0,0.0,0.4475826237583163,0.0,0.4625144297694393,0.0,0.0,0.0,0.0,0.44486045720713474,0.4400318993920384,0.0,0.0,0.0,0.0,0.0,0.43032825656250495,0.4622993736727016,0.4824922734920453,0.0,0.0,0.0,0.0,0.45256233173103366
0.39852033470781273,0.4169332035578348,0.3075623090522265,0.0,0.4069427028649522,0.40743617955092587,0.43419898128050627,0.4815964470144516,0.381470200584196,0.39010567567703663,0.3634050331927929,0.4239282601800781,0.4414769074812684,0.0,0.4127443438607297,0.4258870132297514,0.37993774121308466,0.39220605369545386,0.3090016550118401,0.43665854808451104,0.43474610324674845,0.43292655590970697,0.4269604232577858,0.40668835073809956,0.0,0.409381233078511,0.4022148520473676,0.43778853559141845,0.43429491639223594,0.34094589108219087,0.4086368051074135,0.4200221629748417,0.3513253686219274,0.40330850814358793,0.4270261560363053,0.0,0.0,0.33223779765804573,0.44901878176568405,0.4188093278608235,0.4335215897992234,0.46043724291806465,0.0,0.0,0.0,0.4576324039839993,0.46439091499942675,0.0,0.0,0.0,0.2578357407117087,0.0,0.3947983738445252,0.0,0.45616662982926537,0.0,0.4635212821844367,0.3059599968337178,0.0,0.4463266612620892,0.4475156968830066,0.41677247030419473,0.414984392246851,0.0,0.42788135548857975,0.43726768009393635,0.459902977784379,0.33199707188231664,0.4664461936780823,0.4344407119373823,0.45947963496725125,0.3246972832967725,0.37087330628606413,0.4159609898978327,0.0,0.4303655583999301
0.40068929408733983,0.43232118881612314,0.3307283924461909,0.0,0.41115794113650656,0.42447103908549083,0.40249512362408835,0.518731528244457,0.38049599752311297,0.39957811698716833,0.30344779034641983,0.3273789980887455,0.4417938736909895,0.45359567194696004,0.3881947725467761,0.4488799911144551,0.42077609648069164,0.4186353923860593,0.30391138960452835,0.44673214865492383,0.42213390422195485,0.42447236034755914,0.47193514428843303,0.3698161666968414,0.409381233078511,0.0,0.45306353415918044,0.4499373584986817,0.4415911279559427,0.33072072249398277,0.4090493059976973,0.4386590681760046,0.3801529477895983,0.41178542622990055,0.4550004073904496,0.467095810876122,0.0,0.3371458182540759,0.4556076242368466,0.4397378874192851,0.46892790918518085,0.47210630281288746,0.4307821854703751,0.29988623946746107,0.4330939083738583,0.4696696274187738,0.4932585371508345,0.0,0.0,0.0,0.3773633203825655,0.3023489239461177,0.4809262756334199,0.0,0.4845745506013102,0.0,0.48110429845995206,0.3555241905967331,0.0,0.5202111540732772,0.48310904409403516,0.45387213227924056,0.4382296666939932,0.0,0.47275989226101434,0.4996715046049225,0.5067112112481301,0.4784905123869103,0.4819422939572143,0.4566350538312466,0.49262635380265346,0.4713686974690889,0.38657553441243164,0.4650053040120622,0.0,0.4556839419581261
0.47041810523240346,0.42641717659191364,0.37591820515150015,0.43377571612250376,0.4076598650291479,0.41871086831961946,0.45059735873200835,0.4832844962234707,0.39133576235663387,0.41587820729457076,0.4449690788265139,0.3325282726422705,0.4536974984989371,0.4749714210292867,0.3927435861269244,0.4188921239981354,0.28567482686605056,0.42349396230613956,0.4300854507800362,0.33903076786030406,0.4380835859039724,0.41804479951657525,0.3759756043710167,0.5611382011493377,0.4022148520473676,0.45306353415918044,0.0,0.4560183350571896,0.3912030828653184,0.41225662884924663,0.4242052770980664,0.42224827204306314,0.3828788877614433,0.4435193546915664,0.45294769229984905,0.4589394674741015,0.45114018969809716,0.35293489868258326,0.49559643799006475,0.0,0.4973316960480827,0.5085621378344102,0.5183332004735846,0.3232355668992575,0.0,0.0,0.397017412489188,0.6028627298640566,0.0,0.5135656134339752,0.5608104906188661,0.5775021809187771,0.539398696724378,0.5947888671024257,0.34108845370732754,0.5652409911616675,0.0,0.5510112303209489,0.5425255163836771,0.4941976844095756,0.25923731794477145,0.0,0.2835669066227062,0.5805764768273808,0.48085668518851765,0.45643116610151363,0.4926621267854264,0.5555885629406914,0.0,0.2598633432020929,0.4806009091896117,0.5528806551158608,0.5308251858933406,0.5180797294367899,0.48561413791994495,0.4988075801832012
0.4376100442239544,0.44082379259601756,0.47764847489736234,0.26410029339284335,0.3825709556427465,0.42790013017233147,0.36139005541763936,0.4534668094652316,0.45398858917353124,0.4112062515897536,0.45031579178352493,0.3922457107491919,0.3743475413809407,0.2648551750074952,0.4121100270105783,0.4833639325199384,0.4238862052239531,0.44954870878924413,0.4525220153126309,0.4125414105400259,0.47827474931678676,0.43859411080792093,0.4589621142642381,0.4034545160201392,0.43778853559141845,0.4499373584986817,0.4560183350571896,0.0,0.3757842653927299,0.33940204992684775,0.39946584775871175,0.4050898312282021,0.4056817688869949,0.4002654193683934,0.4028156265029972,0.28272426976518406,0.30566611646387226,0.3790937484290377,0.4953866943099194,0.0,0.4492841125583761,0.390146659331208,0.40417675168285144,0.30514259184545345,0.0,0.0,0.271682940986458,0.4161480711516799,0.0,0.3318511944826944,0.520858671373931,0.3691158630063197,0.4986664822277748,0.36921409581191583,0.41432710841535225,0.36169164669936493,0.3996223206391556,0.47914514921027046,0.0,0.47562900588001644,0.0,0.0,0.27648424023543916,0.3296724945869326,0.49187900115101607,0.47401249028822673,0.40689619611823985,0.5229452859022209,0.0,0.3173838826655078,0.3816781770104047,0.516493117626061,0.5721198117253165,0.5383382492474184,0.3829434551930905,0.483412356294352
0.4634633742147709,0.4449119404612079,0.4268472250328408,0.3605489502337321,0.43562569017415836,0.3670526762187604,0.43864878940652613,0.4398929089446644,0.4180775176493164,0.33766242812179614,0.0,0.2876631043410375,0.42281357044327955,0.0,0.40940671363133296,0.460299838966802,0.37223138908647313,0.4679247357652918,0.0,0.37518656072381684,0.4543659777462792,0.44616261332294654,0.44447809870082094,0.40060862398451896,0.43429491639223594,0.4415911279559427,0.3912030828653184,0.3757842653927299,0.0,0.3793394981685787,0.3981870747754805,0.42500740557861993,0.3922359839687209,0.4284376191803725,0.46443163421363187,0.4961230882152606,0.4250273566999267,0.29357857176516977,0.4892126340114638,0.40254037117700003,0.5221702549784355,0.4712770132133308,0.4226902751032996,0.31637561590669816,0.0,0.0,0.4003592283105026,0.43228868753102434,0.0,0.37775608568018154,0.5293924536349407,0.3894925158197985,0.4927809259127969,0.0,0.35882870526065114,0.38594216252145963,0.0,0.5554233028350124,0.0,0.496282842974664,0.27657764367598486,0.0,0.2740589343266395,0.3906812906147562,0.49187791151491056,0.4892816600211357,0.4957327052873392,0.5234175310324802,0.0,0.2533501016481503,0.46850125252121827,0.5155126151226808,0.5683588662751169,0.5091319264116136,0.46822438194875926,0.49353835769181137
0.0,0.0,0.0,0.0,0.0,0.419671227440514,0.0,0.41678815804571756,0.4053196360041872,0.0,0.0,0.0,0.42854506520199753,0.0,0.40483141700717196,0.4471994545872408,0.27140977806758004,0.35976891429842744,0.0,0.391983718839913,0.4431622351917936,0.4779411423956562,0.4381925399191293,0.0,0.34094589108219087,0.33072072249398277,0.41225662884924663,0.33940204992684775,0.3793394981685787,0.0,0.36168430729008844,0.44229962505120396,0.3760154114428718,0.379473669882231,0.38994973531050714,0.0,0.3785590950304081,0.0,0.4959999128358905,0.0,0.39909828761259775,0.49433425229492994,0.0,0.0,0.0,0.0,0.0,0.0,0.0,0.0,0.45775596911276706,0.358422805647791,0.402290372298293,0.0,0.0,0.0,0.0,0.3508256954750272,0.0,0.43342511940877804,0.0,0.0,0.0,0.0,0.4547275245669671,0.0,0.0,0.5061109935538942,0.0,0.0,0.0,0.501414494964917,0.40611678913635124,0.4588259493798157,0.0,0.43966878328690007
0.37445383170660806,0.3947839699990059,0.4946514052560739,0.3491451725044166,0.4564348971138204,0.44743018509595084,0.41263304121254374,0.45627124554188897,0.4747814492914533,0.3581034185882573,0.47257515395718264,0.3297035739805861,0.41452841254682204,0.0,0.41256506892320777,0.40662149300195266,0.38405718794213095,0.3950442500816146,0.46931460336412456,0.386550412328359,0.4072923309871794,0.39011168160269327,0.45143892861511786,0.3558673501808101,0.4086368051074135,0.4090493059976973,0.4242052770980664,0.39946584775871175,0.3981870747754805,0.36168430729008844,0.0,0.3839608673871839,0.35675439063824693,0.2934869203907781,0.24714092025027182,0.43332437731713,0.3795834556946047,0.28393748322483575,0.4502847910005916,0.3730131328270941,0.4488760171936831,0.5010711018763586,0.41678570796254866,0.37809947134504057,0.0,0.0,0.441771987278905,0.42542402948150193,0.0,0.3822670104218288,0.513255306722473,0.33953395083281457,0.5079562642627651,0.3511257296056355,0.4186713540032289,0.0,0.43895093223913484,0.37852944416251244,0.0,0.48587954360479,0.43571494739365263,0.41340187511283044,0.4064033791014976,0.0,0.47100070198582755,0.4410909942999197,0.45912587796976606,0.5272508950516489,0.45018010910910133,0.43695278419579675,0.461589217464398,0.5220079542110988,0.49440515150259345,0.49640976084302607,0.40531271098543503,0.4523648134041429
0.41211156780562147,0.43204944776276344,0.4500986769498823,0.298174692982283,0.3288594275657452,0.41679835068107246,0.38506522362714113,0.3913052770393433,0.4297630017601613,0.3389057003550502,0.3862009436917653,0.2981137407897662,0.40158501386918793,0.2446626483314669,0.4280639269798527,0.4420499769938852,0.41344084079908333,0.429508868797376,0.4180170148076382,0.4398770689434973,0.42833089922451684,0.4357051045902576,0.42703739633597426,0.3244663185256362,0.4200221629748417,0.4386590681760046,0.42224827204306314,0.4050898312282021,0.42500740557861993,0.44229962505120396,0.3839608673871839,0.0,0.3466489143692862,0.35427358766833283,0.3586320018494393,0.24599740701347003,0.30106713114832445,0.23120028661480913,0.26311146006824776,0.3170979219256358,0.3391974391015205,0.3343193789264729,0.3135686042324498,0.2547886632839652,0.23143718876000857,0.45142690113889183,0.46660785454404596,0.5094895954069761,0.2266511289301977,0.3959706471808858,0.4820624217258524,0.48108948412270847,0.45752544528712163,0.43891724226562856,0.3739501450274981,0.42152996230680606,0.33391911286771586,0.5020213024934856,0.0,0.500105567572272,0.45722890448402015,0.38286107945894887,0.39083669493810036,0.42428845870861853,0.4800654293186115,0.46125207561243037,0.47990376262774226,0.506272753139704,0.0,0.4184347077648591,0.47181177082901427,0.5003554905906026,0.3833845996163484,0.4918789694576287,0.48131296117758354,0.4710467465662652
0.32698214803514036,0.3867301768067271,0.0,0.0,0.0,0.3838852710593484,0.3990610883021267,0.40512631646805114,0.3908746790475854,0.3503843238826779,0.0,0.2608587754489202,0.4328708932185389,0.0,0.41092543483256067,0.40277459245122893,0.3563176896592187,0.37073419817554426,0.33140933796345484,0.40069909148110616,0.3738725938505246,0.4003005093671041,0.39948363556970484,0.21395246174945315,0.3513253686219274,0.3801529477895983,0.3828788877614433,0.4056817688869949,0.3922359839687209,0.3760154114428718,0.35675439063824693,0.3466489143692862,0.0,0.2869912669139675,0.3879019786384605,0.433437342698212,0.28522349374254724,0.1871348897722865,0.3004403731005517,0.24773456830231705,0.3278080469257636,0.40128326520201685,0.0,0.0,0.21048605223692585,0.4089128348364939,0.4567306248227249,0.0,0.0,0.0,0.0,0.0,0.0,0.0,0.3802867624361429,0.0,0.39916234981324533,0.0,0.0,0.5055643147818144,0.4363928791591496,0.38725679572900096,0.37110509414612697,0.0,0.4622202090807455,0.44130698765024,0.48740945556700443,0.48836154930059456,0.3724673213573929,0.41154424412458007,0.45012257463602007,0.48996510427900863,0.4564046735013557,0.46619308547377336,0.0,0.3848620031408771
0.37221684870634125,0.3986963230874367,0.4929515425280542,0.3176164204492098,0.45410257525770986,0.44628240346684594,0.4100943254537178,0.4648812193043174,0.471878150098967,0.3515513044709612,0.4747997313794584,0.26736460901779474,0.4348104350037831,0.4187599233887355,0.44117510866011356,0.40421338434640003,0.40825260061164925,0.4193149860562715,0.4743164126804445,0.43045692352762127,0.41896439130250746,0.42630242106815974,0.4581121450939437,0.27490005139225265,0.40330850814358793,0.41178542622990055,0.4435193546915664,0.4002654193683934,0.4284376191803725,0.379473669882231,0.2934869203907781,0.35427358766833283,0.2869912669139675,0.0,0.3177572082287272,0.4082337296995379,0.2979996807225753,0.22778345954313778,0.32613754027363995,0.278608490053981,0.306229653988933,0.34503518957041107,0.32238402780569947,0.26440229656126324,0.26023055529358685,0.4412985014010657,0.4542683535100543,0.38037082173784265,0.0,0.40273716140497995,0.5113971134809758,0.3552568790421775,0.505872294048324,0.30281656022957526,0.3933458890155329,0.0,0.41853123806595016,0.37389914615284575,0.0,0.5039410181328822,0.4444554524273467,0.4039199567354994,0.40751557229862295,0.0,0.4912576065954672,0.45258815019044135,0.482441222353304,0.5301117710323454,0.4271021501955932,0.43175924343972666,0.47599652540370707,0.5207533683678339,0.36649003304998273,0.5012731594002644,0.0,0.4614727924358073
0.43121632778780367,0.45502801708570284,0.0,0.3249521292354528,0.0,0.4481810968688092,0.4363076349595227,0.4532587101468736,0.4316100474770998,0.39429860438156206,0.4353315231022806,0.23806654039781888,0.4414479684848594,0.0,0.4791260299759952,0.4622553497797109,0.42429294726656275,0.4602175321915239,0.41722385023624153,0.47953600730180185,0.46598932950306693,0.477856834725459,0.4690411154174693,0.30909338116508833,0.4270261560363053,0.4550004073904496,0.45294769229984905,0.4028156265029972,0.46443163421363187,0.38994973531050714,0.24714092025027182,0.3586320018494393,0.3879019786384605,0.3177572082287272,0.0,0.41932935419637646,0.33681380121817195,0.2461871837419933,0.3185229589167293,0.2606220292152831,0.28997578200443375,0.35875243524244615,0.29364612775086024,0.2920153953673554,0.24260599460472415,0.0,0.4848325699216067,0.0,0.0,0.0,0.34340325640626534,0.36846224599561495,0.0,0.261229532172407,0.4605774003986093,0.0,0.0,0.25528788392375656,0.0,0.5398312498156962,0.45760889738484384,0.39314722103256766,0.41984558567161,0.0,0.49449589238056574,0.5058236872104221,0.5147485264933181,0.4981492976469369,0.0,0.44966720356558043,0.5044454541874801,0.5140727690772416,0.23944621466371524,0.47956657145283094,0.0,0.4468588066283591
