0,1,2,3,4,5,6,7,8,9,10,11,12,13,14,15,16,17,18,19,20,21,22,23,24,25,26,27,28,29,30,31,32,33,34,35,36,37,38,39,40,41,42,43,44,45,46,47,48,49,50,51,52,53,54,55,56,57,58,59,60,61,62,63,64,65,66,67,68,69,70,71,72,73,74,75
0.0,0.40723251004667993,0.0,0.0,0.2994706551838048,0.34558784817107735,0.31013911781674447,0.4989007987036487,0.0,0.0,0.0,0.34033138722432543,0.3603550809636757,0.48792100093511276,0.3790565299000739,0.4055322735655164,0.0,0.3928143121971719,0.0,0.40072565351670986,0.4010986600609315,0.4186322954390786,0.4380981009252152,0.34532025011548223,0.39078466735962,0.3639292373824935,0.4138142508148427,0.3719709597339724,0.3815565916859633,0.0,0.35187932679338946,0.3998534441018399,0.35028473212845107,0.343419290057451,0.3879215618007495,0.0,0.0,0.0,0.4836558086277644,0.48907896988072563,0.5039126882137113,0.0,0.0,0.0,0.0,0.4483463832120324,0.52822970763738,0.0,0.0,0.0,0.42994723305127525,0.0,0.0,0.0,0.4205914288367165,0.0,0.0,0.0,0.0,0.47609572509894954,0.500932354831629,0.0,0.45021175354286935,0.0,0.0,0.4591938182296462,0.4999512767113109,0.0,0.40684113562011553,0.46925289046106067,0.5199954051071276,0.0,0.0,0.5014880635510166,0.0,0.4433700915176214
0.40723251004667993,0.0,0.0,0.0,0.3667176105553211,0.4004643754179674,0.400789096146335,0.48978218247736616,0.37016850784331173,0.27924266545791065,0.0,0.2957912275785876,0.42339396851897804,0.0,0.40726362450849807,0.4075146793483576,0.0,0.39058978656184906,0.0,0.4133724437942195,0.43012174237492706,0.3919014963293726,0.42059877537443024,0.0,0.3987951885801779,0.40678192651561773,0.405775596210214,0.4182922952726622,0.40190901227386855,0.394991282554233,0.35121799640911405,0.4081621869774108,0.35503383814078265,0.35655756792198084,0.3863069929791041,0.41537540589146366,0.0,0.0,0.4827039651060876,0.47226389480143566,0.47564138912318044,0.500954899649281,0.3462870078106709,0.0,0.0,0.4868099064364748,0.49850944721499496,0.0,0.0,0.0,0.4494373078429915,0.3455450895635034,0.0,0.0,0.0,0.0,0.0,0.3287347009413291,0.0,0.5027694247145039,0.4885540688261517,0.37284562484367123,0.4848813572457525,0.0,0.4868558802662804,0.49767004715498914,0.4904037732219377,0.48649037861412425,0.0,0.502242007140838,0.5196815572065845,0.4891488143573098,0.35901924621238945,0.49101890691929123,0.0,0.4678707664021675
0.0,0.0,0.0,0.3611334354126838,0.38742468828859533,0.4044855735293853,0.402983468776915,0.46556934078404455,0.282347739498379,0.39980876496579965,0.3282631720207432,0.34338243165448656,0.42554120577606874,0.41769619130183594,0.0,0.0,0.0,0.0,0.2733720495160112,0.0,0.0,0.0,0.30773331287349126,0.0,0.33395417569966057,0.35442496507040794,0.30780382891723174,0.4226127563431352,0.0,0.0,0.43126935754720347,0.3958728787553349,0.0,0.41394280370084996,0.43369958130973235,0.4086517728583017,0.3928801517736448,0.0,0.522606407771899,0.0,0.0,0.31553786444300236,0.5102901034146983,0.0,0.0,0.0,0.0,0.59290733489401,0.0,0.5365660445248747,0.5473732817938554,0.5210565867080313,0.5361932225246583,0.5733543785343146,0.0,0.5787490268937572,0.0,0.5182054445552058,0.5420145150172596,0.0,0.0,0.0,0.0,0.5993512061845025,0.0,0.0,0.0,0.5608898749390555,0.0,0.0,0.0,0.5637370722030772,0.4587938968409733,0.41249693374476903,0.0,0.0
0.0,0.0,0.3611334354126838,0.0,0.23901952685797584,0.381538081352879,0.25468125664563596,0.341283569675539,0.36263285668790124,0.2125090000001924,0.35351453014448503,0.25917084986526595,0.3110385848166487,0.22976171468326267,0.0,0.0,0.0,0.0,0.3442075986607675,0.0,0.0,0.0,0.37698831202832167,0.0,0.0,0.0,0.3717957723966102,0.20881877134609672,0.34128854940383985,0.0,0.0,0.26485784556402314,0.0,0.2567306829354424,0.2625545705207639,0.1832865550967546,0.15412357516469907,0.26927117866410566,0.2352858135913118,0.0,0.2640822041108819,0.2959867533521219,0.27294223328769573,0.23320257631570246,0.0,0.0,0.0,0.0,0.0,0.0,0.0,0.0,0.0,0.0,0.0,0.3497376042373972,0.22956641024295482,0.0,0.0,0.0,0.0,0.0,0.0,0.0,0.0,0.0,0.0,0.0,0.0,0.0,0.0,0.31640696003551205,0.19745978335359463,0.0,0.0,0.0
0.2994706551838048,0.3667176105553211,0.38742468828859533,0.23901952685797584,0.0,0.37646024306764136,0.33293965188933394,0.38840686755601866,0.3392569422932822,0.43582769682225614,0.32520307039210794,0.38683212101429854,0.36150922772956307,0.30382118354569765,0.0,0.0,0.4039754436612673,0.40887749371492643,0.3588459404389595,0.3897683876226014,0.3122850861240506,0.40130249248343136,0.3885723205846719,0.40371884795868684,0.4324480837572431,0.39768275765859556,0.4004162119143222,0.31926959172563807,0.3672674412532115,0.0,0.42727381535808984,0.3657998055932786,0.37483288680134774,0.42607471074937275,0.4359411211221802,0.24063361665569089,0.23889545514045338,0.3872146281582214,0.38838061417869435,0.0,0.3352351379833358,0.3547901958772149,0.4483593513023654,0.0,0.0,0.0,0.0,0.5121671285146772,0.0,0.4555239573572565,0.47820984289408386,0.4162173720760203,0.4631672048226635,0.4759189013192889,0.0,0.4925611428516766,0.4000501751281522,0.3670825326820938,0.0,0.0,0.0,0.0,0.0,0.5028466820238136,0.0,0.0,0.0,0.5175569329315973,0.0,0.0,0.0,0.49494434648097985,0.37948991082624456,0.3749591361758784,0.0,0.0
0.34558784817107735,0.4004643754179674,0.4044855735293853,0.381538081352879,0.37646024306764136,0.0,0.4048005945959442,0.3979305511231691,0.3396521430308933,0.4309092735547569,0.36956929818403544,0.368743322695353,0.38565280088332554,0.41842271317380825,0.38307874338186754,0.39692177899022596,0.34031362096023066,0.35023414782361223,0.36562435737532456,0.3871985409811191,0.3745732244000334,0.3998822422460101,0.38841189305499696,0.33391429218560753,0.3876585859100645,0.4005891898377743,0.38797630641019953,0.3730365379646806,0.32714973993919694,0.38179748958831633,0.4172368034751147,0.39537940873260696,0.361083748245383,0.4180666705810585,0.42637246164067344,0.41274244705548613,0.410661168706303,0.38728719263504785,0.49872002057512355,0.3575640623515992,0.47888720612111274,0.4757924984177656,0.41913784955094496,0.2964709695536004,0.0,0.0,0.374113137120347,0.5555755629937942,0.0,0.4729760956184065,0.516945105930654,0.5092562873501402,0.46655062990815865,0.5531047892895565,0.0,0.5438360646464567,0.3623089135678239,0.5157747952326714,0.4398093210350218,0.4689076448752766,0.3184773294013654,0.0,0.294244259824327,0.5589580774122207,0.46654615530243837,0.41978528944782684,0.43836311797427985,0.5161315394087458,0.2997406888892077,0.31557186720725233,0.4330743259124931,0.5128083132070493,0.505476877530134,0.4939606357404455,0.47826640768554224,0.5084873062904381
0.31013911781674447,0.400789096146335,0.402983468776915,0.25468125664563596,0.33293965188933394,0.4048005945959442,0.0,0.409514420845411,0.36701863475884694,0.4192590383530942,0.39456725550729776,0.3826037810837548,0.3321213402064503,0.32117011023168973,0.37590408140944015,0.35936773658705,0.40726388457472146,0.39505600941357366,0.4004354491998747,0.4054255336773566,0.3581788274988046,0.4259923965074085,0.3915256596902779,0.4216648751348586,0.4032416688128126,0.4138537366807894,0.4040143966661233,0.3284265239514452,0.4109985845711177,0.0,0.4044497575783905,0.3876205230007763,0.36640062172214877,0.40657055299114686,0.4122232472051791,0.28874189534206274,0.2864090788635653,0.39498402304186436,0.28966646905683663,0.44039812850246113,0.29646549804473005,0.36339709032661466,0.3807715357269379,0.2819832965807414,0.3943595701843529,0.0,0.3419382210008346,0.4726035241080526,0.0,0.39442082412112,0.4554564115111169,0.3995293452658331,0.38798298067909875,0.4476888418222342,0.3857791694575377,0.43340228082448307,0.35988943695476733,0.3779618142886409,0.0,0.37804801459085596,0.0,0.0,0.0,0.44518097099858767,0.37383108325361447,0.0,0.35376436676627887,0.505024368395523,0.25414011840976825,0.0,0.3335540613067599,0.48164167842470945,0.3690455770293002,0.38075966336436173,0.0,0.3659949539600379
0.4989007987036487,0.48978218247736616,0.46556934078404455,0.341283569675539,0.38840686755601866,0.3979305511231691,0.409514420845411,0.0,0.46149067947741357,0.409374365065974,0.36379467973835733,0.42129893728189766,0.42018461715223493,0.34289702380779347,0.45982520079490824,0.4695027867002086,0.0,0.47099773723405836,0.433596423500571,0.0,0.40667287176976236,0.4625668052951477,0.37875528195556957,0.5111854117553323,0.4831347119678882,0.494450518525672,0.42243401459548935,0.4046064489425863,0.36352819618846166,0.3870073481904241,0.44192451424986434,0.34554162456082843,0.48224912924223123,0.4307505237486289,0.4099103055155929,0.2877482460868729,0.0,0.4033755674926218,0.4744854516994209,0.0,0.4827342667714797,0.0,0.4367864542660439,0.0,0.0,0.0,0.0,0.5370106786377152,0.0,0.4845478868538089,0.49899803152957484,0.49176880291470143,0.4248797451647664,0.5379987116663361,0.0,0.5010225041369302,0.0,0.4990093714316315,0.4835659168179954,0.5564986187471838,0.0,0.0,0.0,0.5304277422560273,0.518854741611962,0.4464333066655143,0.0,0.4950638914717648,0.0,0.0,0.0,0.49684218650206324,0.4896822266433628,0.4883585359556235,0.0,0.5064074891483146
0.0,0.37016850784331173,0.282347739498379,0.36263285668790124,0.3392569422932822,0.3396521430308933,0.36701863475884694,0.46149067947741357,0.0,0.4346843655362678,0.3112004983008673,0.3805093089818559,0.36651497776939707,0.40689105837298506,0.2769397150150996,0.0,0.35153453366381526,0.33520916575680065,0.27154857520915765,0.39186284827637957,0.30160115946633614,0.3775943237381225,0.3856555896230403,0.3984346481464447,0.3622108456298564,0.3465772818774804,0.37146810963881693,0.42739370632069507,0.3669415908459954,0.0,0.4409440704606981,0.41084368838601076,0.3688500358428511,0.43201537856975747,0.4255348098937858,0.39434033580097333,0.398735161561256,0.4070084733823237,0.5075874291428929,0.0,0.30694755139901725,0.3164545949632817,0.49490797201459313,0.2723956538696941,0.0,0.0,0.0,0.5595965639969035,0.0,0.49573172956331657,0.5331497494282996,0.4909825067963882,0.5291763717003489,0.5387437682825834,0.0,0.5437328115438418,0.3645126822412325,0.45389118637049425,0.5252529356100017,0.0,0.0,0.0,0.0,0.5603888455419309,0.0,0.0,0.0,0.551389076232703,0.0,0.0,0.0,0.5377500330396362,0.42821470286313484,0.3984789460183651,0.0,0.0
0.0,0.27924266545791065,0.39980876496579965,0.2125090000001924,0.43582769682225614,0.4309092735547569,0.4192590383530942,0.409374365065974,0.4346843655362678,0.0,0.4427600317817448,0.26661804631822317,0.4072855279111289,0.4250654289646425,0.0,0.37286593045698907,0.31012848227897466,0.32623624210878477,0.4227275609644068,0.0,0.45174851740140476,0.36350985110385137,0.40844473973733425,0.311738898708271,0.32379344708188823,0.34383708751380054,0.41681552591655935,0.3878177572732275,0.0,0.0,0.33460207045732504,0.306621951134722,0.3109907254145073,0.32442337299085844,0.3333188224425207,0.28258394557550864,0.2962075536536113,0.2819607986633756,0.24532880732477363,0.3446797619304854,0.3367633610345274,0.3818433437419999,0.0,0.26560436517563524,0.3358884494910485,0.42359689580385373,0.0,0.0,0.0,0.0,0.0,0.4020566741649253,0.3760678455456011,0.0,0.427099841745601,0.0,0.41406845196343106,0.40261688975972526,0.0,0.0,0.0,0.43619853961337757,0.36842055048810246,0.0,0.0,0.0,0.0,0.0,0.40410186287651556,0.43225552507219195,0.4475205594977901,0.3585382436247442,0.4231231739126072,0.0,0.0,0.40854389545679715
0.0,0.0,0.3282631720207432,0.35351453014448503,0.32520307039210794,0.36956929818403544,0.39456725550729776,0.36379467973835733,0.3112004983008673,0.4427600317817448,0.0,0.4028438211959341,0.42504360383665846,0.30007160277529343,0.0,0.32720056055634733,0.37009814152212106,0.3568569401362933,0.26567276853557403,0.0,0.0,0.0,0.29793231972503587,0.42863308566785363,0.37772644053260107,0.334784480863701,0.37301053398474054,0.42530301351394056,0.0,0.0,0.44551206648157704,0.3903605911893365,0.35734750499385504,0.44014904993646764,0.43971831436566855,0.3496451253822134,0.3986962235750725,0.40431447751528277,0.4496779510162402,0.0,0.33300985345884304,0.3200172615581284,0.4613866682671941,0.0,0.0,0.0,0.0,0.3104215035743636,0.0,0.47695254475591387,0.4876167254983204,0.4430536558936634,0.4761598582924408,0.3934141580467415,0.0,0.3080773366080427,0.33968130249765893,0.4453368414963189,0.0,0.0,0.0,0.0,0.0,0.29708043009887725,0.0,0.0,0.0,0.5246087572099687,0.0,0.0,0.0,0.5191676705995009,0.38439403626925106,0.0,0.0,0.0
0.34033138722432543,0.2957912275785876,0.34338243165448656,0.25917084986526595,0.38683212101429854,0.368743322695353,0.3826037810837548,0.42129893728189766,0.3805093089818559,0.26661804631822317,0.4028438211959341,0.0,0.3871933166007254,0.33288890650873826,0.2977393750475074,0.32509485300321056,0.3599152059931206,0.373049112758981,0.3759793481287504,0.0,0.3996297297311403,0.0,0.36472707631172135,0.28101185274202545,0.35939395490506376,0.3354071000086325,0.36691475136684687,0.3672011337716654,0.0,0.0,0.3310058176224806,0.2131820877129661,0.26609232888633316,0.24815943162078108,0.28188339536603224,0.3055352122935352,0.2879032880463398,0.2197005282691378,0.29917557769762254,0.3640559792325118,0.3193504368569357,0.3343774200806183,0.0,0.0,0.3438220505784105,0.38588019241626004,0.0,0.0,0.0,0.0,0.0,0.3763163464764471,0.0,0.0,0.44006993187917043,0.0,0.4276358908999177,0.4117981886336758,0.0,0.0,0.0,0.442614101949518,0.43768233145845853,0.0,0.0,0.0,0.0,0.0,0.40991497659921367,0.4465093937447628,0.455145673136125,0.0,0.4383064777351859,0.0,0.0,0.4293899841794465
0.3603550809636757,0.42339396851897804,0.42554120577606874,0.3110385848166487,0.36150922772956307,0.38565280088332554,0.3321213402064503,0.42018461715223493,0.36651497776939707,0.4072855279111289,0.42504360383665846,0.3871933166007254,0.0,0.3488146797848429,0.40575404294994194,0.4252818386870565,0.41298317111723154,0.39428271747343446,0.42705019642767694,0.40909224987942955,0.3996850262915105,0.4354892103628313,0.4066548220073299,0.40695106211906085,0.4195565358023247,0.4187967884662884,0.4153069240931327,0.3244142924815872,0.38104750344652927,0.3598609467620509,0.37523572652169584,0.39776718727128035,0.3840124328050855,0.40482612006170426,0.407351376128443,0.3162841390126067,0.3437472502421988,0.4094341655421487,0.3628815304425017,0.36273310261245584,0.33483449765899537,0.36193632388043856,0.38549121052940144,0.266585740722486,0.44037690929731343,0.0,0.3190731855059878,0.5005386589649894,0.0,0.3745802594679376,0.5100814899517063,0.41387087387388705,0.45070074748190764,0.43725662275158667,0.39081240441148035,0.46537499253482795,0.363673900486434,0.3988566833095951,0.0,0.39596654689172106,0.3025260998534305,0.3785894645170859,0.0,0.46391525982484105,0.4379313693748626,0.4046742612687264,0.34146629412517376,0.5119065491309426,0.0,0.3422732030346185,0.37288231122833826,0.5072698544487887,0.4325151453249203,0.4632214858055017,0.0,0.4051251110564864
0.48792100093511276,0.0,0.41769619130183594,0.22976171468326267,0.30382118354569765,0.41842271317380825,0.32117011023168973,0.34289702380779347,0.40689105837298506,0.4250654289646425,0.30007160277529343,0.33288890650873826,0.3488146797848429,0.0,0.0,0.0,0.0,0.0,0.36944294214274637,0.0,0.45636401083139627,0.0,0.3826418874975681,0.43191361380786575,0.39531288652607327,0.0,0.4401351288325288,0.2709586983292305,0.0,0.0,0.4235059259432823,0.2994042316904383,0.0,0.41870296108511845,0.4760528604237774,0.2090080670202476,0.15974799999330697,0.3517237132009535,0.5192781400505592,0.0,0.0,0.0,0.4375645577041217,0.0,0.0,0.0,0.0,0.5100358118475148,0.0,0.5321200020045401,0.42249317842708844,0.0,0.4674385841352455,0.5170346329351427,0.0,0.4799420481321196,0.0,0.0,0.0,0.0,0.0,0.0,0.0,0.4832042341776968,0.0,0.0,0.0,0.5086861975129191,0.0,0.0,0.0,0.4718900272217371,0.0,0.0,0.0,0.0
0.3790565299000739,0.40726362450849807,0.0,0.0,0.0,0.38307874338186754,0.37590408140944015,0.45982520079490824,0.2769397150150996,0.0,0.0,0.2977393750475074,0.40575404294994194,0.0,0.0,0.4070182215033815,0.0,0.3885121646910341,0.0,0.3295457654430738,0.40057348122685327,0.36198919777428257,0.3717453475611587,0.3921136217392158,0.3876212343764114,0.36297309452573623,0.3481410553753662,0.4005797349622962,0.38463978581706176,0.39757218521853643,0.38154505826172624,0.398577935060211,0.3771453432609316,0.395366966072209,0.4340547622504534,0.47625100949012883,0.0,0.0,0.4988196849409625,0.5007862408362694,0.5115641916114745,0.519507474380642,0.41916913510154397,0.0,0.0,0.0,0.5089769122308413,0.0,0.0,0.0,0.49555976587123607,0.3817628549644903,0.5264278030285533,0.0,0.0,0.0,0.0,0.42968289114252833,0.0,0.5203052634142525,0.4742049804832059,0.0,0.35328042552752803,0.0,0.49800828492707594,0.4861385645911404,0.5192955271584344,0.5105375454613262,0.0,0.3763375255843609,0.5334759194745369,0.5177023308144038,0.49406660747770165,0.5143779903294741,0.4911308561391806,0.4992551422371766
0.4055322735655164,0.4075146793483576,0.0,0.0,0.0,0.39692177899022596,0.35936773658705,0.4695027867002086,0.0,0.37286593045698907,0.32720056055634733,0.32509485300321056,0.4252818386870565,0.0,0.4070182215033815,0.0,0.4118926292831721,0.3690256559744795,0.0,0.3763011693386571,0.41191192071399835,0.36756784374567064,0.4245645437307122,0.36781113202029025,0.42837148218685,0.41821789878022975,0.40877279436319897,0.39417367869590897,0.40407072725333604,0.3815794458810858,0.3735410554009249,0.4295297342210993,0.379914107903759,0.3885797029282629,0.43339896683608575,0.0,0.0,0.0,0.45252012762667104,0.44903227461688733,0.4551761504253191,0.4764074542467991,0.31336300588324834,0.0,0.0,0.46635827226854454,0.48836172050803617,0.0,0.0,0.0,0.34157150262727876,0.3414132681796479,0.0,0.0,0.31309487587350054,0.0,0.0,0.3423658300133302,0.0,0.4852027388158288,0.47669278054137404,0.29871980779429125,0.44852198511691677,0.0,0.4458633708381648,0.4598883416789265,0.4801731108672579,0.3818290251658971,0.0,0.4709134653607673,0.49843480654625105,0.42063332575462203,0.3476790595576057,0.4180080900784138,0.0,0.4473581728872248
0.0,0.0,0.0,0.0,0.4039754436612673,0.34031362096023066,0.40726388457472146,0.0,0.35153453366381526,0.31012848227897466,0.37009814152212106,0.3599152059931206,0.41298317111723154,0.0,0.0,0.4118926292831721,0.0,0.3078630906289342,0.3659051721225193,0.3505841695523446,0.0,0.3548876041996632,0.337710396244042,0.3839884141806203,0.35367250387152693,0.41299764020629026,0.35306459401604107,0.4046167115527287,0.0,0.0,0.3590565788631159,0.43674103450315294,0.35816313722376786,0.3776574815042347,0.3801152593450504,0.4309808936431614,0.0,0.3371332391663718,0.42450895340605743,0.38560937356199365,0.4092517478489766,0.0,0.0,0.0,0.0,0.0,0.4036329263458891,0.0,0.0,0.0,0.0,0.0,0.0,0.0,0.45605836043452536,0.0,0.4345511824860606,0.33517531023449354,0.0,0.0,0.0,0.4439651150317043,0.4274316355600554,0.0,0.0,0.0,0.0,0.0,0.44829345765209233,0.44882336995821914,0.4762320223215572,0.0,0.3893307745859565,0.0,0.0,0.3976727368074054
0.3928143121971719,0.39058978656184906,0.0,0.0,0.40887749371492643,0.35023414782361223,0.39505600941357366,0.47099773723405836,0.33520916575680065,0.32623624210878477,0.3568569401362933,0.373049112758981,0.39428271747343446,0.0,0.3885121646910341,0.3690256559744795,0.3078630906289342,0.0,0.36229436515162744,0.3837974924174708,0.4045194324954435,0.3950364632523272,0.41356279559092973,0.3667458778358562,0.3736457644297955,0.3975427365817507,0.39168160588741785,0.3816022175822124,0.38348848477554964,0.3840076240737385,0.371607781172609,0.4274526592014994,0.3445208484878552,0.37727088099582345,0.38247017016888946,0.0,0.0,0.26736245989812696,0.43890724135903725,0.4150479401590478,0.42220972222411635,0.4487184888534549,0.0,0.0,0.0,0.4410544672518774,0.4684849463462924,0.0,0.0,0.0,0.3219294721349813,0.31935843664179375,0.0,0.0,0.42439485340925454,0.0,0.4300897760502783,0.3204825781695198,0.0,0.36628331493852295,0.4582975542669508,0.42539756984840643,0.44208639836770736,0.0,0.3394569471703618,0.0,0.3924224592596133,0.0,0.44710480334106223,0.44458101001500316,0.46802949908852376,0.0,0.3207938363206626,0.3288525285420778,0.0,0.422121060999401
0.0,0.0,0.2733720495160112,0.3442075986607675,0.3588459404389595,0.36562435737532456,0.4004354491998747,0.433596423500571,0.27154857520915765,0.4227275609644068,0.26567276853557403,0.3759793481287504,0.42705019642767694,0.36944294214274637,0.0,0.0,0.3659051721225193,0.36229436515162744,0.0,0.0,0.0,0.0,0.32102362895966874,0.0,0.3202645595793548,0.338455755898462,0.33589349519173817,0.42983538483332895,0.0,0.0,0.42566939928686504,0.4052701457546665,0.39922590779292466,0.4099013654254713,0.4335838527114252,0.3876021849319811,0.4065607357175337,0.3880999830290279,0.4905347258423671,0.0,0.0,0.32128375803386366,0.4896035785348739,0.3206063270816404,0.0,0.0,0.0,0.5702298521726288,0.0,0.4968038638336282,0.5192632054589713,0.48793748566603634,0.523032489002737,0.5527814497467812,0.0,0.5522560285778921,0.0,0.4422137849948634,0.523834839004756,0.0,0.0,0.0,0.0,0.5513431611883761,0.0,0.0,0.0,0.5442615636557898,0.0,0.0,0.0,0.5399958182700324,0.38400088240955,0.4739561603370866,0.0,0.0
0.40072565351670986,0.4133724437942195,0.0,0.0,0.3897683876226014,0.3871985409811191,0.4054255336773566,0.0,0.39186284827637957,0.0,0.0,0.0,0.40909224987942955,0.0,0.3295457654430738,0.3763011693386571,0.3505841695523446,0.3837974924174708,0.0,0.0,0.40811638121621346,0.3376444539340683,0.2644300446722268,0.35297230422772663,0.4002240144240732,0.40724385193611495,0.3384300513616624,0.3665169409911398,0.3298244718954389,0.2920004459264107,0.3473318886422194,0.39023055767899045,0.346391269401667,0.37811959859752414,0.4153088489275286,0.44393569864050175,0.0,0.0,0.46720487795154714,0.47720667797444083,0.47187992679339014,0.4953669330216552,0.3390085892963254,0.0,0.0,0.0,0.45994972713091686,0.0,0.0,0.0,0.4874239708165031,0.35199111063355254,0.5215307577098146,0.32933795511558794,0.0,0.0,0.0,0.4272429346185864,0.0,0.5086114829532397,0.38214011398055836,0.0,0.3619793543392368,0.0,0.4895851225703202,0.4750102050383217,0.4901214792736401,0.5161571255243583,0.0,0.31101250715231654,0.4964059452630588,0.507587562542523,0.4945780923423419,0.5333663919632857,0.42610432348471416,0.4802088258629011
0.4010986600609315,0.43012174237492706,0.0,0.0,0.3122850861240506,0.3745732244000334,0.3581788274988046,0.40667287176976236,0.30160115946633614,0.45174851740140476,0.0,0.3996297297311403,0.3996850262915105,0.45636401083139627,0.40057348122685327,0.41191192071399835,0.0,0.4045194324954435,0.0,0.40811638121621346,0.0,0.4293443361485507,0.3983747103225167,0.4765232360781769,0.4082931714902708,0.4113215172107964,0.4124591303363214,0.4075433549675137,0.4001664916078406,0.40328600915396684,0.3761752571169057,0.4053432777635844,0.3855589697786209,0.3959280353696765,0.43839067098282664,0.0,0.0,0.0,0.4833609057335956,0.4940446418766344,0.494877664780178,0.5228158583832668,0.42607400762851605,0.0,0.0,0.3922957350763419,0.5139886491321907,0.0,0.0,0.0,0.4706675156863156,0.3759402537953142,0.43835416391523196,0.0,0.0,0.0,0.0,0.4473904852629027,0.0,0.5082215959873201,0.4914183908717974,0.0,0.0,0.0,0.4921134531324494,0.43677578807343626,0.515186245635584,0.47450908357742605,0.0,0.42700805551174537,0.5237640173567487,0.4720033895921954,0.4876024116881157,0.48881530011729546,0.49873506104969023,0.47078623287860294
0.4186322954390786,0.3919014963293726,0.0,0.0,0.40130249248343136,0.3998822422460101,0.4259923965074085,0.4625668052951477,0.3775943237381225,0.36350985110385137,0.0,0.0,0.4354892103628313,0.0,0.36198919777428257,0.36756784374567064,0.3548876041996632,0.3950364632523272,0.0,0.3376444539340683,0.4293443361485507,0.0,0.40354857673348626,0.3278203597508976,0.4255949082582393,0.39797835511623497,0.3937284402394668,0.4202198411867933,0.3899786662932285,0.35483129777756234,0.36441341883212597,0.4071558660288598,0.3761187198085259,0.384140312992028,0.43673827775543206,0.46303434487027456,0.0,0.0,0.4801682028595825,0.48444751454818613,0.4867495184916957,0.5080023538795793,0.37996295898420007,0.0,0.0,0.4971131921193378,0.4990384538375635,0.0,0.0,0.0,0.4831028344597742,0.33833055544010887,0.0,0.0,0.0,0.0,0.0,0.34679280391306344,0.0,0.5194294839194259,0.49718822442934585,0.3371516544780397,0.4258779549112762,0.0,0.48955778448959614,0.5020559970671477,0.5044088851539539,0.49889267870624815,0.0,0.47252302401760515,0.5240362654212103,0.5078164526949783,0.41929644147951106,0.5022083300371774,0.0,0.4874735362329863
0.4380981009252152,0.42059877537443024,0.30773331287349126,0.37698831202832167,0.3885723205846719,0.38841189305499696,0.3915256596902779,0.37875528195556957,0.3856555896230403,0.40844473973733425,0.29793231972503587,0.36472707631172135,0.4066548220073299,0.3826418874975681,0.3717453475611587,0.4245645437307122,0.337710396244042,0.41356279559092973,0.32102362895966874,0.2644300446722268,0.3983747103225167,0.40354857673348626,0.0,0.435725545767808,0.4143581316226295,0.421196789010386,0.3324653112332629,0.39303403939290465,0.3581352847961416,0.37337719795633856,0.39384449223944273,0.38297782886370035,0.3180545882329131,0.40196247535163293,0.3708593331221166,0.38267059465551195,0.3705809567767235,0.0,0.5183696732032858,0.5225854326600672,0.5100973922526635,0.47772214173377914,0.49112932700045786,0.4197161813968571,0.0,0.0,0.4680937053706434,0.5419941214917483,0.0,0.5272237824187402,0.524461546205957,0.5314968658296177,0.5074675743613651,0.5612659352276048,0.0,0.5650366586883699,0.0,0.5200155750189203,0.5116348562685811,0.5160119267959197,0.347198956642334,0.0,0.0,0.5744464350477272,0.5046035410473558,0.47813033189809306,0.49420501654047966,0.5249481478208475,0.0,0.3368060709772316,0.48842938957680304,0.5212037690978853,0.5133164843261627,0.5055983147794638,0.5254745494568166,0.5204400701483904
0.34532025011548223,0.0,0.0,0.0,0.40371884795868684,0.33391429218560753,0.4216648751348586,0.5111854117553323,0.3984346481464447,0.311738898708271,0.42863308566785363,0.28101185274202545,0.40695106211906085,0.43191361380786575,0.3921136217392158,0.36781113202029025,0.3839884141806203,0.3667458778358562,0.0,0.35297230422772663,0.4765232360781769,0.3278203597508976,0.435725545767808,0.0,0.3532361819713993,0.34428098985430455,0.38321232464706495,0.371050968898095,0.36835910167449054,0.0,0.36323631765785624,0.2594414333704291,0.2537104151981752,0.2733031494628766,0.29679651057129985,0.0,0.3130561265223287,0.2545785000994157,0.3347782976246199,0.36381833202356256,0.3294890824747797,0.0,0.0,0.0,0.33086074242968344,0.43524267049627846,0.47103534980444717,0.0,0.0,0.0,0.0,0.0,0.0,0.0,0.42312799623718356,0.0,0.38155817746292797,0.4201200498762395,0.0,0.0,0.46881283952381453,0.45655456729846505,0.46591013671836445,0.0,0.0,0.0,0.39992053888373463,0.0,0.38110965108069694,0.4678245149106651,0.48169284604404106,0.0,0.5456475530370147,0.0,0.0,0.4447816679223329
0.39078466735962,0.3987951885801779,0.33395417569966057,0.0,0.4324480837572431,0.3876585859100645,0.4032416688128126,0.4831347119678882,0.3622108456298564,0.32379344708188823,0.37772644053260107,0.35939395490506376,0.4195565358023247,0.39531288652607327,0.3876212343764114,0.42837148218685,0.35367250387152693,0.3736457644297955,0.3202645595793548,0.4002240144240732,0.4082931714902708,0.4255949082582393,0.4143581316226295,0.3532361819713993,0.0,0.3785325716937241,0.3944496410668411,0.4094908333609571,0.3845978056600215,0.3311735403780952,0.3711735354066021,0.4105114205277312,0.32587641607518764,0.36307588741025676,0.36981977097383173,0.38569214403134267,0.0,0.3025681412255244,0.46429089410280144,0.4356150674944205,0.43919879482551044,0.44970666351925437,0.31991208731538523,0.0,0.33605925961266203,0.45771946004081043,0.49778239443251754,0.0,0.0,0.3644477101533998,0.33185564091034747,0.32940038156397783,0.0,0.0,0.4574527402434223,0.0,0.4524569039868886,0.35635840630128623,0.0,0.4361983947031945,0.4872943507895995,0.45229371301585947,0.4570207622441907,0.0,0.4072019913315363,0.4506984400780423,0.4221381375496449,0.36948000658462776,0.44461863295894,0.46399746837621386,0.48347840576477696,0.3524460462784246,0.38040385553278006,0.42606344021392245,0.0,0.4437495759823604
0.3639292373824935,0.40678192651561773,0.35442496507040794,0.0,0.39768275765859556,0.4005891898377743,0.4138537366807894,0.494450518525672,0.3465772818774804,0.34383708751380054,0.334784480863701,0.3354071000086325,0.4187967884662884,0.0,0.36297309452573623,0.41821789878022975,0.41299764020629026,0.3975427365817507,0.338455755898462,0.40724385193611495,0.4113215172107964,0.39797835511623497,0.421196789010386,0.34428098985430455,0.3785325716937241,0.0,0.41113638156546917,0.3910651704726436,0.3866038653660878,0.3117446492871577,0.37215740258477803,0.41191984241269664,0.3626469568638106,0.3734615533840321,0.4111698169904996,0.42075812750763425,0.0,0.3473429714419871,0.4701354575739213,0.4619751340719334,0.4662811529411966,0.45638438557904204,0.33897006362999804,0.0,0.3897087669592374,0.46486100549536774,0.5112735057212936,0.0,0.0,0.3521013073132859,0.45029556720316904,0.3477395458543793,0.0,0.0,0.4816673423908705,0.0,0.4723879931177662,0.37301910045115494,0.0,0.519063684722996,0.4965099147034531,0.4725216690813342,0.4699074649998646,0.0,0.48927801043380736,0.4942083580563187,0.5086981394332517,0.47626068560775087,0.45153934207966906,0.4755926412070851,0.4984751127551821,0.471250861819174,0.41336799431149185,0.46210295124733014,0.0,0.46345748261138087
0.4138142508148427,0.405775596210214,0.30780382891723174,0.3717957723966102,0.4004162119143222,0.38797630641019953,0.4040143966661233,0.42243401459548935,0.37146810963881693,0.41681552591655935,0.37301053398474054,0.36691475136684687,0.4153069240931327,0.4401351288325288,0.3481410553753662,0.40877279436319897,0.35306459401604107,0.39168160588741785,0.33589349519173817,0.3384300513616624,0.4124591303363214,0.3937284402394668,0.3324653112332629,0.38321232464706495,0.3944496410668411,0.41113638156546917,0.0,0.3926083327142016,0.35320304381953577,0.370586939775858,0.37737520369900146,0.3868621374830811,0.3518690685838398,0.39804276811782924,0.4041721819558317,0.4001478223531934,0.39728861202937027,0.0,0.5018617632597536,0.4743033492534119,0.4957164240841805,0.5192538663564215,0.4658128585065901,0.3208274554093625,0.0,0.0,0.42383176623355934,0.5731672947673576,0.0,0.5034437004010255,0.5090474721614873,0.5085260240844375,0.5160655306178352,0.5709695151797531,0.0,0.5683880055119819,0.0,0.5103206048485442,0.4565302225829846,0.5143564741686668,0.3513046607452764,0.0,0.0,0.5795836863528024,0.503232322591693,0.46787795154571954,0.48849648511324295,0.5166223896026656,0.0,0.30418637204105853,0.4803816474853897,0.5097819621919115,0.5072801094697327,0.5064094784101899,0.5072471294469453,0.5041099729461549
0.3719709597339724,0.4182922952726622,0.4226127563431352,0.20881877134609672,0.31926959172563807,0.3730365379646806,0.3284265239514452,0.4046064489425863,0.42739370632069507,0.3878177572732275,0.42530301351394056,0.3672011337716654,0.3244142924815872,0.2709586983292305,0.4005797349622962,0.39417367869590897,0.4046167115527287,0.3816022175822124,0.42983538483332895,0.3665169409911398,0.4075433549675137,0.4202198411867933,0.39303403939290465,0.371050968898095,0.4094908333609571,0.3910651704726436,0.3926083327142016,0.0,0.3105332471082435,0.31885691779189285,0.3599910294613717,0.3927412194607922,0.3549380624440447,0.37522829684912784,0.39986653230919195,0.23079050112784905,0.2421849224433846,0.3716608832957384,0.374087665194689,0.40239958758274086,0.3598904121169703,0.38361323524067303,0.36467419938083223,0.24873529872410483,0.450916157143078,0.0,0.31320546083041945,0.4092093909878899,0.0,0.0,0.49965238304690945,0.33009071843731247,0.4336948776000755,0.38451026140550715,0.4054250466389682,0.40204570034395404,0.3203200645847887,0.4243793332543237,0.0,0.48618976144865156,0.3151087491625002,0.0,0.0,0.3693524428157942,0.49497407419261996,0.45907281411204065,0.40236648234663575,0.5012218859881287,0.0,0.34682742726147814,0.4035118729646821,0.5003281843930961,0.49313967490601274,0.4997911436713337,0.3891469843938047,0.4664194998077087
0.3815565916859633,0.40190901227386855,0.0,0.34128854940383985,0.3672674412532115,0.32714973993919694,0.4109985845711177,0.36352819618846166,0.3669415908459954,0.0,0.0,0.0,0.38104750344652927,0.0,0.38463978581706176,0.40407072725333604,0.0,0.38348848477554964,0.0,0.3298244718954389,0.4001664916078406,0.3899786662932285,0.3581352847961416,0.36835910167449054,0.3845978056600215,0.3866038653660878,0.35320304381953577,0.3105332471082435,0.0,0.31079285699870607,0.3483047513486365,0.37097875268235564,0.32416767033594385,0.38191423959748805,0.4114853651763864,0.46177450521737706,0.0,0.0,0.46456367088834577,0.43015117052912494,0.43461895788915506,0.47957241085447433,0.3453412474176022,0.37738243168131475,0.0,0.0,0.43562485947376195,0.4127781453412993,0.0,0.35733163966475484,0.490350160343035,0.38843166827589815,0.49015939233246664,0.3668269141690811,0.0,0.0,0.0,0.47071674174824185,0.0,0.5078456096626485,0.3471667824911379,0.0,0.35311839823423263,0.0,0.4969402544345797,0.4707718295541969,0.48211194806014024,0.5001680184411871,0.0,0.2864520587343616,0.4670244166727139,0.4966643783549948,0.5016127850163152,0.4954078685718108,0.4680755588247471,0.4961201481753384
0.0,0.394991282554233,0.0,0.0,0.0,0.38179748958831633,0.0,0.3870073481904241,0.0,0.0,0.0,0.0,0.3598609467620509,0.0,0.39757218521853643,0.3815794458810858,0.0,0.3840076240737385,0.0,0.2920004459264107,0.40328600915396684,0.35483129777756234,0.37337719795633856,0.0,0.3311735403780952,0.3117446492871577,0.370586939775858,0.31885691779189285,0.31079285699870607,0.0,0.3223761484933812,0.3951243523870027,0.3168180289346597,0.36882524725528,0.3948434469734413,0.39563474061740583,0.0,0.0,0.4565311216193648,0.0,0.4428829168457051,0.0,0.363800753424267,0.0,0.0,0.0,0.0,0.0,0.0,0.0,0.44350110993871555,0.0,0.0,0.0,0.0,0.0,0.0,0.0,0.0,0.439886366664228,0.0,0.0,0.0,0.0,0.4724024143775284,0.0,0.4381312471611891,0.511883861447284,0.0,0.0,0.0,0.5019516663122805,0.42676477028866394,0.47820622907181337,0.0,0.47140980561647505
0.35187932679338946,0.35121799640911405,0.43126935754720347,0.0,0.42727381535808984,0.4172368034751147,0.4044497575783905,0.44192451424986434,0.4409440704606981,0.33460207045732504,0.44551206648157704,0.3310058176224806,0.37523572652169584,0.4235059259432823,0.38154505826172624,0.3735410554009249,0.3590565788631159,0.371607781172609,0.42566939928686504,0.3473318886422194,0.3761752571169057,0.36441341883212597,0.39384449223944273,0.36323631765785624,0.3711735354066021,0.37215740258477803,0.37737520369900146,0.3599910294613717,0.3483047513486365,0.3223761484933812,0.0,0.3775250738175196,0.31217674456892996,0.2742830034769857,0.2593490254662216,0.3818505665992593,0.0,0.3104936326350648,0.4368873669058959,0.39019503172921766,0.3725024388260175,0.44856146244960104,0.3766091940091102,0.0,0.40385520809394887,0.395866736740541,0.4625178797919559,0.436169838252809,0.0,0.0,0.4881202888773683,0.3532163522414298,0.0,0.38571805915519297,0.3679245680439628,0.0,0.38830019006579086,0.35455245337852775,0.0,0.48791968221651055,0.4427539068529754,0.40564023814468547,0.4275830803259042,0.0,0.4808419027197445,0.4394901674761952,0.46971109289700946,0.508347303395172,0.0,0.4360519735597457,0.46765122667760095,0.5073437630441242,0.46966958625276095,0.4932284580989673,0.0,0.40236724850607
0.3998534441018399,0.4081621869774108,0.3958728787553349,0.26485784556402314,0.3657998055932786,0.39537940873260696,0.3876205230007763,0.34554162456082843,0.41084368838601076,0.306621951134722,0.3903605911893365,0.2131820877129661,0.39776718727128035,0.2994042316904383,0.398577935060211,0.4295297342210993,0.43674103450315294,0.4274526592014994,0.4052701457546665,0.39023055767899045,0.4053432777635844,0.4071558660288598,0.38297782886370035,0.2594414333704291,0.4105114205277312,0.41191984241269664,0.3868621374830811,0.3927412194607922,0.37097875268235564,0.3951243523870027,0.3775250738175196,0.0,0.34416245050561045,0.37101496209963297,0.3844887547978735,0.27503630827158915,0.30180857184734683,0.24504077630569257,0.3114970464138716,0.3266225958088253,0.3422878257270155,0.34144465996027695,0.2885531590851691,0.27546668345131636,0.27450653376102796,0.4495574671691276,0.4876360718303605,0.49380697482264946,0.22728468769190846,0.3784009658371349,0.49512135208250335,0.29614635300394304,0.4553537632601133,0.4877275387993096,0.3112098462826047,0.443736051134055,0.260230488710937,0.3763568943053791,0.4141601028426586,0.4918975408617701,0.4609609458592866,0.3840623488800321,0.441351182338657,0.45046942580083604,0.46075706697452234,0.4718251654685754,0.47316990314516044,0.5043624137637862,0.2559171084999548,0.4594828018606266,0.470800860907544,0.4912738923453034,0.36495327569996466,0.4839751916278068,0.43714897782410134,0.4706396498005691
0.35028473212845107,0.35503383814078265,0.0,0.0,0.37483288680134774,0.361083748245383,0.36640062172214877,0.48224912924223123,0.3688500358428511,0.3109907254145073,0.35734750499385504,0.26609232888633316,0.3840124328050855,0.0,0.3771453432609316,0.379914107903759,0.35816313722376786,0.3445208484878552,0.39922590779292466,0.346391269401667,0.3855589697786209,0.3761187198085259,0.3180545882329131,0.2537104151981752,0.32587641607518764,0.3626469568638106,0.3518690685838398,0.3549380624440447,0.32416767033594385,0.3168180289346597,0.31217674456892996,0.34416245050561045,0.0,0.2795625859928951,0.4057004180855446,0.26924329165955546,0.27975773762617595,0.20462583801884468,0.3317276988038541,0.27670671249193857,0.3144115856199315,0.3393764223461693,0.29930822573978094,0.33456312844150166,0.24569497128957174,0.41829572775782164,0.48806354663290896,0.0,0.0,0.310599207170766,0.44434423474564366,0.31890423065548346,0.0,0.0,0.3679776605506058,0.35071386842882907,0.32160723366773136,0.3420634110479838,0.0,0.5059201221596538,0.46230386760519415,0.38734097277831653,0.4026768813456951,0.0,0.4473715146863468,0.46113861079918544,0.4782181089320261,0.47493726100430367,0.3509647464855812,0.41542348135654716,0.45096923737941175,0.48808690255505655,0.33370688854682873,0.4327996593570617,0.0,0.38821913659406904
0.343419290057451,0.35655756792198084,0.41394280370084996,0.2567306829354424,0.42607471074937275,0.4180666705810585,0.40657055299114686,0.4307505237486289,0.43201537856975747,0.32442337299085844,0.44014904993646764,0.24815943162078108,0.40482612006170426,0.41870296108511845,0.395366966072209,0.3885797029282629,0.3776574815042347,0.37727088099582345,0.4099013654254713,0.37811959859752414,0.3959280353696765,0.384140312992028,0.40196247535163293,0.2733031494628766,0.36307588741025676,0.3734615533840321,0.39804276811782924,0.37522829684912784,0.38191423959748805,0.36882524725528,0.2742830034769857,0.37101496209963297,0.2795625859928951,0.0,0.29644417195145656,0.365860863555817,0.3031045868600127,0.24051863903631487,0.3491663845045757,0.3110704822181987,0.31180274505210676,0.36931352884827345,0.3039013930344191,0.3007461901150771,0.28639570669298176,0.4188403302839454,0.4798794686964015,0.413566535080494,0.0,0.32291170437092565,0.5115528405442861,0.27996319402027403,0.49753705754385236,0.3169375138944375,0.3542266686634144,0.345431015157702,0.2862520668904218,0.3345777843893703,0.0,0.5054820756283402,0.4542870114180384,0.409364566009401,0.4364562037769897,0.0,0.4927152646473944,0.460231170538532,0.4929164304246297,0.5083165373332126,0.3745942547518251,0.43783100777721046,0.4793975881488959,0.5091297104696146,0.3511014638420473,0.5101661217192445,0.0,0.44116372198773623
