0.0,0.40367260493596796,0.0,0.0,0.0,0.4032348051048747,0.0,0.4957370582434497,0.0,0.35181080462135306,0.0,0.3605395963552722,0.38702468616762725,0.0,0.3882133020285758,0.42392043132559115,0.39331321927622154,0.40666502288314976,0.0,0.4417897127648534,0.4190701780442534,0.40580017341951796,0.4604645733253714,0.3910388372668802,0.3855813740435696,0.3785562789885593,0.46039832733867475,0.4336742654139098,0.41805183923741573,0.3805826308730176,0.35763192593561965,0.4128414122733816,0.34851885384082326,0.33131884310406384,0.40754052646713607,0.0,0.0,0.0,0.4675427916437043,0.4212092597696458,0.4546064847158416,0.48232349341980096,0.0,0.0,0.0,0.41817896321049464,0.48913806763892603,0.0,0.0,0.0,0.34220709015847917,0.0,0.0,0.0,0.4486581222165405,0.0,0.0,0.0,0.0,0.0,0.47731726839957006,0.0,0.4338071706044114,0.0,0.5133476372485801,0.37344070300201526,0.471465773024788,0.0,0.0,0.4546851569153978,0.47244169583207596,0.0,0.0,0.4656190777500811,0.0,0.39567773803857065
0.40367260493596796,0.0,0.32479223528935974,0.0,0.3677820254059744,0.40587091274329434,0.3801338947977315,0.44569207684664164,0.37220384728175676,0.3438410715908171,0.0,0.2754806706529579,0.41335026714645,0.35825789142911485,0.42132251076813215,0.42149774562029774,0.0,0.4078658645071819,0.0,0.429159554467679,0.39440082244572433,0.40198747810652763,0.4250033947401836,0.343095315862633,0.37722439542832,0.41817003427070615,0.4322576133200837,0.42824930688558316,0.41416918719544676,0.44517174995117537,0.37139022144392886,0.41624343294989996,0.3601080799615153,0.36369946487601773,0.42556524972282633,0.0,0.0,0.0,0.47812009341798845,0.4698592669356741,0.4700662019095012,0.49422326091599006,0.0,0.0,0.0,0.46743535510640216,0.48778932172995376,0.0,0.0,0.0,0.42897439922109637,0.3132942557499276,0.37982271316049065,0.0,0.328538550508588,0.0,0.0,0.28101125169373614,0.0,0.4699797160376288,0.4830312015114405,0.0,0.4707834352495157,0.0,0.47146334467164136,0.48851226843969897,0.48505481810990136,0.448838337241014,0.0,0.47550838316825045,0.4993938450229533,0.46153841235256665,0.3006111093492555,0.46921327705336346,0.0,0.4551639192314595
0.0,0.32479223528935974,0.0,0.44660781261796156,0.40327247849997727,0.4062643085752292,0.45366714910453704,0.4628085822507554,0.3416475091489137,0.41392726848125383,0.3787597068499418,0.3151300046687601,0.45384104666672925,0.4572679372688899,0.0,0.0,0.32332337062989097,0.0,0.3170078173172555,0.0,0.0,0.0,0.37260203760221966,0.0,0.2566272887590931,0.0,0.3398507516675352,0.4825560921091732,0.3698259765578277,0.4701027810415398,0.48362622883180206,0.4786224638143759,0.0,0.49272423925974695,0.46285472942278516,0.4472267164095481,0.43158421445417144,0.3071436200326244,0.5032835586877537,0.0,0.0,0.0,0.4985807039964409,0.0,0.0,0.0,0.0,0.5022672064690061,0.0,0.5528374089008308,0.5661862335749723,0.6016434907257672,0.5400630149594327,0.5982241886899755,0.0,0.4612893495020888,0.0,0.5324061523289204,0.5232360751773668,0.0,0.0,0.0,0.0,0.49436772906286996,0.0,0.0,0.0,0.5668306742724609,0.0,0.0,0.0,0.5816094478237944,0.4437026054012853,0.0,0.0,0.0
0.0,0.0,0.44660781261796156,0.0,0.2983876648281814,0.4372982419581424,0.3417806245365407,0.47327086658262507,0.49252266237760506,0.2805945314051422,0.4072123076145705,0.27280522625062653,0.32024384142577517,0.3457439384128544,0.43942186829723884,0.0,0.0,0.0,0.45215637519675056,0.42384968357964725,0.0,0.45317225343154693,0.4614834847932948,0.0,0.0,0.4350257765671055,0.4298655517275387,0.210426035554987,0.0,0.0,0.3033936006663684,0.30137497262175583,0.3000321096877532,0.3097506142042547,0.28488986146827905,0.23170926315971765,0.19495768574650446,0.2838440463296453,0.2521105494761063,0.0,0.0,0.0,0.0,0.0,0.0,0.0,0.0,0.0,0.0,0.0,0.0,0.0,0.0,0.0,0.0,0.0,0.0,0.0,0.0,0.0,0.0,0.0,0.0,0.0,0.0,0.0,0.0,0.0,0.0,0.0,0.0,0.0,0.0,0.0,0.0,0.0
0.0,0.3677820254059744,0.40327247849997727,0.2983876648281814,0.0,0.3969057123641747,0.3321043940189013,0.42040129109230107,0.36803674451540336,0.4390163850127444,0.3343093428467819,0.3172476972077086,0.38922774091536755,0.3024351652661183,0.0,0.0,0.0,0.0,0.3835650675002178,0.0,0.0,0.43884721860637416,0.4208447503761224,0.0,0.3382213578953588,0.0,0.4017713562051709,0.3865491031789347,0.41946156321710976,0.0,0.4637944337833999,0.3658907489952081,0.32495764249770664,0.44474558360496297,0.4136469625724761,0.22901717782027708,0.25724904878050514,0.3488833250372493,0.4195949847202158,0.0,0.3913385048984445,0.41346718965213713,0.46082134272180764,0.0,0.0,0.0,0.0,0.5109880981917653,0.0,0.4388356448505072,0.4960650443323616,0.39594958564501703,0.46318596297381814,0.491590224187076,0.0,0.4203465543120177,0.0,0.3500542440128944,0.0,0.0,0.0,0.0,0.0,0.44165491085634867,0.0,0.0,0.0,0.5295175815452714,0.0,0.0,0.0,0.5214703852686985,0.33611315824181154,0.3490831870258533,0.0,0.3844035836555443
0.4032348051048747,0.40587091274329434,0.4062643085752292,0.4372982419581424,0.3969057123641747,0.0,0.4238735358522407,0.4190836297271703,0.3270089860986766,0.4990378511000051,0.3952250572956476,0.3798029668778592,0.3796436539111509,0.4059860157998501,0.4445787698852305,0.44419615787896,0.30629331211711514,0.45519733196837087,0.3691292955748068,0.4320039485167041,0.4302766297476604,0.4391078359133053,0.42066542515440253,0.36623136616999197,0.4044161985722686,0.4183924128792095,0.4090276900676819,0.3952548085487758,0.37500703129927737,0.46521619213349014,0.450986072165581,0.4499020812305197,0.42033171399663405,0.4676124699020661,0.46470887353676754,0.45988689904206353,0.4469862464696859,0.3860843775536669,0.4851116201423152,0.0,0.5080724142203585,0.48315820186298675,0.5125093212913423,0.3192458166001968,0.0,0.3160094263473328,0.3367442651330085,0.5737812631146703,0.0,0.48698274082962534,0.5182345044533118,0.6123663811246178,0.47480632193245065,0.5748720463658221,0.0,0.5404070394590065,0.0,0.5556658361335876,0.4812642141946053,0.44132196791510514,0.265237555831213,0.0,0.0,0.5519166809314131,0.46651454229429157,0.41759307567595927,0.47139551924391443,0.5229303347467148,0.0,0.2641162182429525,0.4014718119707357,0.5270089421153586,0.5300077224255476,0.49824302735420817,0.45543794414759553,0.526436514167172
0.0,0.3801338947977315,0.45366714910453704,0.3417806245365407,0.3321043940189013,0.4238735358522407,0.0,0.46078987943601896,0.3954888220457851,0.46254843348248875,0.4380199338462583,0.3808804164515267,0.33619208740442363,0.42221534669361516,0.0,0.46952143055306633,0.42817175331142854,0.4593876292238133,0.4519428314834826,0.4466396867974634,0.4049027275956911,0.456659049245669,0.4571880997347993,0.34440257747745984,0.4408376659704472,0.45639900594906346,0.4479161385375291,0.38964230005617456,0.42829764052669045,0.0,0.4388798409662317,0.4211195513529385,0.38826536911107207,0.428212607493774,0.4067261058812803,0.35239925872929984,0.33339699351832713,0.4054451460598557,0.4097851668038845,0.0,0.3766811555478919,0.4009715782623945,0.43976815852746154,0.36936857225325637,0.0,0.0,0.29378290024670894,0.49584506385347643,0.37519624501982973,0.39317721487139523,0.4978729429120306,0.39775058073136393,0.44123774508130875,0.4463073226823403,0.0,0.38968322795862365,0.0,0.35382192838304566,0.39986832613793444,0.36179092333356744,0.0,0.0,0.0,0.4100506123945873,0.33691435504734957,0.36001205609607567,0.3038040268078848,0.5350319686888805,0.0,0.0,0.29011790047529185,0.5540810544760523,0.36286970752926795,0.3602946822840726,0.0,0.35228462575870295
0.4957370582434497,0.44569207684664164,0.4628085822507554,0.47327086658262507,0.42040129109230107,0.4190836297271703,0.46078987943601896,0.0,0.4668271388239321,0.41259487975102965,0.27771707085132485,0.39177517499345765,0.4569967094529672,0.3958863630024976,0.42148784974848846,0.4637237808266095,0.0,0.46015755119011215,0.4141974646660257,0.43131821290421135,0.4032348516615765,0.4125059211245695,0.3636957353803582,0.5277970233360488,0.46259436542954785,0.48707582647800124,0.44801823461288454,0.46809506875471735,0.4261240169050313,0.4772901359144427,0.4733978152261796,0.4314362918955406,0.43334019734409057,0.4705204808067473,0.4633657137037396,0.3399916607835557,0.4147124761960729,0.33357450361222124,0.47193475640298094,0.0,0.5036670062912064,0.5216655834212918,0.40515400017343933,0.3866588263191779,0.0,0.0,0.4615211002573238,0.5451871028423247,0.0,0.47439167081481004,0.4869031110811712,0.5036037139480557,0.3962689948456672,0.5614136242695158,0.0,0.42919823070566293,0.0,0.5073798021666318,0.4580283561187509,0.4383127697475128,0.0,0.0,0.0,0.49948544023018504,0.49235808631935074,0.41298142959649364,0.0,0.47492511571417284,0.0,0.0,0.0,0.5075277456873977,0.5108947854647629,0.4803218471877866,0.0,0.5052860306334227
0.0,0.37220384728175676,0.3416475091489137,0.49252266237760506,0.36803674451540336,0.3270089860986766,0.3954888220457851,0.4668271388239321,0.0,0.48342910405744,0.3574381619135485,0.4149699813824426,0.40344010218870135,0.45942618779987404,0.0,0.0,0.0,0.31604509485578025,0.31192922393430245,0.0,0.0,0.4157452867355917,0.4251341966618924,0.37014919290238624,0.46048346013731256,0.4392590116528446,0.34814990312130145,0.46378753503988557,0.388196112713862,0.4673258833312494,0.4770220938210694,0.44816801403139583,0.4322098815560809,0.4701138175750179,0.4656471528691223,0.4294608687838977,0.4546375227731356,0.4568898285955628,0.5095401060505836,0.0,0.37211215518967095,0.3601825955060457,0.4770911919935568,0.3727230628363879,0.0,0.0,0.0,0.5699064817765063,0.0,0.4980238197769603,0.5611319056602332,0.5321389473969187,0.538616633755723,0.5836707589698548,0.0,0.5037669903988549,0.0,0.47703419891895715,0.5183374311936686,0.0,0.0,0.0,0.0,0.5411388162066648,0.0,0.0,0.0,0.5615888081396736,0.0,0.0,0.0,0.5601178930341018,0.44710257033298667,0.368138458402444,0.0,0.39456910977030213
0.35181080462135306,0.3438410715908171,0.41392726848125383,0.2805945314051422,0.4390163850127444,0.4990378511000051,0.46254843348248875,0.41259487975102965,0.48342910405744,0.0,0.45223871641440067,0.2878637787079707,0.42926073616386595,0.4261415791315195,0.0,0.4142139411518221,0.35802355043590317,0.38003329725117146,0.46550782408954994,0.3845870091454585,0.0,0.3679044862316917,0.4657855856132812,0.29502173211798133,0.34659661802222674,0.3372030054054106,0.4659998257066765,0.412055316988279,0.0,0.0,0.33614333882793807,0.4008598719663876,0.34395430525033005,0.33154870631925704,0.33461105917826844,0.38722424665648253,0.33949198181714546,0.299552184925145,0.49029740702417357,0.3932782548243441,0.4205699703415031,0.5096251827616358,0.0,0.0,0.37284082942824087,0.41204831737150904,0.3946610500035327,0.0,0.0,0.0,0.3562837329699585,0.0,0.0,0.0,0.46147491728830514,0.0,0.4683721562825896,0.43955593859207626,0.0,0.0,0.4104616653014222,0.4665580168932172,0.44074142418498935,0.0,0.0,0.0,0.0,0.31145957630191534,0.4470578594376883,0.45548340579338015,0.4819870950428945,0.3570253161413957,0.43836965333336564,0.0,0.0,0.4389661719672794
0.0,0.0,0.3787597068499418,0.4072123076145705,0.3343093428467819,0.3952250572956476,0.4380199338462583,0.27771707085132485,0.3574381619135485,0.45223871641440067,0.0,0.3659640722149636,0.4429702063688497,0.30434874547373614,0.0,0.0,0.3750165277731824,0.0,0.31627494355308383,0.0,0.0,0.0,0.3568625960256995,0.0,0.0,0.0,0.3962620992942134,0.44728907363495,0.0,0.0,0.4766623366643616,0.4297299509248263,0.37038764368053423,0.45803890578486933,0.4343935046080578,0.27817051361668055,0.36418163493089656,0.39187601176437076,0.0,0.0,0.0,0.0,0.39412292273150523,0.0,0.0,0.0,0.0,0.5222679649757904,0.0,0.4892435998664523,0.521365599679019,0.5287553545762438,0.4346341237478801,0.5430698763076895,0.0,0.41876753005072154,0.0,0.4748961320126056,0.45122771295559927,0.0,0.0,0.0,0.0,0.5013271260939305,0.0,0.0,0.0,0.5202854158707753,0.0,0.0,0.0,0.5535297552021164,0.4260393631536606,0.0,0.0,0.0
0.3605395963552722,0.2754806706529579,0.3151300046687601,0.27280522625062653,0.3172476972077086,0.3798029668778592,0.3808804164515267,0.39177517499345765,0.4149699813824426,0.2878637787079707,0.3659640722149636,0.0,0.3978176697191839,0.3560867453857266,0.2518879681950392,0.32607048693535634,0.39708629864790723,0.418590236268656,0.3367865751395023,0.0,0.3774931578190861,0.3499085854234012,0.35584816482390647,0.2834260513542579,0.3754023077575499,0.31042584708776094,0.3514419839323887,0.3607976559150109,0.31275350295373194,0.0,0.3476239669912875,0.2969322223438161,0.30251531445310936,0.26072103601106317,0.30059638653360454,0.31217921405234234,0.30600045457980485,0.23819959805973207,0.2896687853931543,0.4267162529329655,0.4440029072802717,0.3563277458761954,0.0,0.0,0.4200287867830822,0.0,0.0,0.0,0.0,0.0,0.0,0.0,0.0,0.0,0.47349747210623855,0.0,0.4810845224462245,0.0,0.0,0.0,0.370527503164006,0.4765431608149942,0.434808444303274,0.0,0.0,0.0,0.0,0.3757586820519917,0.4828163887554084,0.46037275589228926,0.48685719484499523,0.45402224100773814,0.4562511024986381,0.0,0.0,0.4340029056201695
0.38702468616762725,0.41335026714645,0.45384104666672925,0.32024384142577517,0.38922774091536755,0.3796436539111509,0.33619208740442363,0.4569967094529672,0.40344010218870135,0.42926073616386595,0.4429702063688497,0.3978176697191839,0.0,0.4131256421479495,0.4661943264644396,0.4700300890296116,0.46769070453873296,0.45522235399567607,0.45813971672241444,0.4383607121852713,0.4458798728992987,0.45734212753310954,0.45567282415700333,0.41778254540673404,0.4498972908513155,0.44256001383820404,0.4450969821553272,0.31732696185013803,0.4053158288564803,0.3557766690261663,0.41742727785446926,0.42062260923876965,0.4006857038868042,0.41731437437323443,0.4068145159186454,0.3391421674186707,0.3279538857621951,0.40566770739836466,0.5468343649917667,0.0,0.3918401416814016,0.4065818003787848,0.46540640175311554,0.35684482883698937,0.0,0.0,0.2712727379374163,0.522596973283518,0.0,0.3748415670563701,0.542079423849908,0.4188825949875812,0.4813581225663406,0.461602146053531,0.40668185933696943,0.4353387413294037,0.41609576784522584,0.4511697618656309,0.40357546786522225,0.3553089071229592,0.292528129078906,0.0,0.0,0.41946881793620827,0.4244314087245037,0.3863169700496276,0.2992829583145153,0.5298159754234419,0.0,0.3102764712915135,0.322852322633199,0.5465435672711451,0.48147803866805633,0.47205821477130927,0.0,0.397972966536966
0.0,0.35825789142911485,0.4572679372688899,0.3457439384128544,0.3024351652661183,0.4059860157998501,0.42221534669361516,0.3958863630024976,0.45942618779987404,0.4261415791315195,0.30434874547373614,0.3560867453857266,0.4131256421479495,0.0,0.0,0.0,0.0,0.0,0.4132509799290636,0.0,0.465114158160842,0.0,0.3998324018022832,0.0,0.4155610670681848,0.4449141056852377,0.4647336600118599,0.38250959463963724,0.0,0.0,0.0,0.2700051970761429,0.0,0.4309720380834998,0.4751920801157948,0.19448354009062932,0.18546089590657086,0.3340464409717254,0.0,0.0,0.0,0.0,0.0,0.0,0.0,0.0,0.0,0.4483249117693943,0.0,0.0,0.0,0.4344861178986139,0.0,0.4897076443111848,0.0,0.0,0.0,0.0,0.0,0.0,0.0,0.0,0.0,0.46689712637238956,0.0,0.0,0.0,0.4543304153265187,0.0,0.0,0.0,0.0,0.0,0.0,0.0,0.0
0.3882133020285758,0.42132251076813215,0.0,0.43942186829723884,0.0,0.4445787698852305,0.0,0.42148784974848846,0.0,0.0,0.0,0.2518879681950392,0.4661943264644396,0.0,0.0,0.43459569838365447,0.31651989086219146,0.4153426474573803,0.0,0.40271584074536226,0.40456314343003397,0.3973954605505573,0.43849991698987634,0.35501900770282185,0.3932744134726687,0.39665620942049407,0.46016142798396253,0.4319360860349507,0.41493138542570385,0.43131219883597943,0.43447226172378056,0.4545860525000376,0.40329849649237576,0.4522512298142627,0.480504565847297,0.5293841622435399,0.0,0.0,0.4905456243711917,0.49425348962943394,0.5043920128390076,0.5289417840476567,0.503403708989761,0.0,0.0,0.0,0.5179312455531749,0.0,0.0,0.0,0.4739303109345093,0.3513004725952934,0.5123604982411861,0.0,0.0,0.0,0.0,0.3960354567433533,0.0,0.4752524846337169,0.4486727650196128,0.0,0.0,0.0,0.4736916184033628,0.49255841599936884,0.4947137558201534,0.49590916334507035,0.0,0.36000004078515774,0.5604020612667827,0.5039387043826798,0.47613987060337004,0.4896858904086882,0.0,0.5139387944321738
0.42392043132559115,0.42149774562029774,0.0,0.0,0.0,0.44419615787896,0.46952143055306633,0.4637237808266095,0.0,0.4142139411518221,0.0,0.32607048693535634,0.4700300890296116,0.0,0.43459569838365447,0.0,0.42753950946911046,0.3514386150401334,0.0,0.45610867531808935,0.42189049962444114,0.40046310455712597,0.43561974887747856,0.37770360035736605,0.40460016171398355,0.43045477901455875,0.4538905829513465,0.46681946942902036,0.45813588632076174,0.4642947104778257,0.40620647371975116,0.4548161584756338,0.41754585522153365,0.40522909797184864,0.4389366298114025,0.0,0.0,0.26480126075091176,0.4608488316713779,0.4573075145592927,0.46226321269727993,0.48115374625033513,0.0,0.0,0.0,0.4711943148983246,0.4826705531306746,0.0,0.0,0.0,0.2892624050377497,0.0,0.0,0.0,0.34833855749928144,0.0,0.3357313610071883,0.3086895881260813,0.0,0.49224062528151047,0.48038451255669157,0.3302623328658314,0.46759229070438324,0.0,0.42799383470945107,0.46929492546125784,0.48089750593341674,0.3803093666118488,0.43989837984063923,0.4678482955154074,0.4909755488626534,0.3716117324800324,0.32709457886779514,0.39046139738447966,0.0,0.4447823251174037
0.39331321927622154,0.0,0.32332337062989097,0.0,0.0,0.30629331211711514,0.42817175331142854,0.0,0.0,0.35802355043590317,0.3750165277731824,0.39708629864790723,0.46769070453873296,0.0,0.31651989086219146,0.42753950946911046,0.0,0.3395354610774243,0.0,0.3879027634967038,0.0,0.3900334791131885,0.31660230264886147,0.40450889505571325,0.3481788393966494,0.398103667284239,0.3377687308768236,0.462240651507171,0.3475566749361592,0.0,0.3689295033840521,0.4591062115980142,0.38189589564066934,0.38350642488267694,0.40713341161303807,0.0,0.0,0.34816526099936357,0.47946651002701823,0.44356592597936956,0.44733823788029203,0.4627953930886959,0.0,0.0,0.0,0.0,0.0,0.0,0.0,0.0,0.0,0.0,0.0,0.0,0.4929659293172516,0.0,0.5121270611278765,0.0,0.0,0.3182892747205446,0.3960394620855554,0.5049251672077079,0.4730876410643542,0.0,0.0,0.0,0.0,0.0,0.4845087085282267,0.4686763496729992,0.4875336889411577,0.0,0.0,0.0,0.0,0.44245133899471656
0.40666502288314976,0.4078658645071819,0.0,0.0,0.0,0.45519733196837087,0.4593876292238133,0.46015755119011215,0.31604509485578025,0.38003329725117146,0.0,0.418590236268656,0.45522235399567607,0.0,0.4153426474573803,0.3514386150401334,0.3395354610774243,0.0,0.0,0.43866414023127426,0.41279238198107876,0.4073858381781897,0.4444867799367567,0.39410465936303013,0.3624397780890944,0.40417392717725076,0.45948640964312404,0.4434513592897391,0.43670687203419534,0.0,0.3792841387729124,0.46382616170495405,0.4025215431484508,0.40346530964849214,0.44766427878106313,0.0,0.0,0.3021242277855445,0.44459694524903004,0.43214961387600154,0.4438267170888346,0.4701253742784874,0.0,0.0,0.0,0.4534300898132109,0.4594237643430106,0.0,0.0,0.0,0.29482250665721577,0.0,0.0,0.0,0.4783648618659415,0.0,0.5183275370560295,0.0,0.0,0.0,0.4630268308508306,0.49074570894555486,0.44977276657342014,0.0,0.3176834006562421,0.0,0.4449716246491326,0.0,0.45604680000749603,0.45401453164786765,0.4716463474111911,0.3160654909152723,0.0,0.28858497943285577,0.0,0.4495309786951329
0.0,0.0,0.3170078173172555,0.45215637519675056,0.3835650675002178,0.3691292955748068,0.4519428314834826,0.4141974646660257,0.31192922393430245,0.46550782408954994,0.31627494355308383,0.3367865751395023,0.45813971672241444,0.4132509799290636,0.0,0.0,0.0,0.0,0.0,0.0,0.0,0.0,0.39042273494257135,0.0,0.0,0.0,0.37295046915416913,0.46663464081285416,0.0,0.0,0.48266635068096986,0.4533717651617204,0.0,0.4833094177487345,0.46532250049901336,0.4080777893761015,0.41850472002878414,0.3923116546249544,0.0,0.0,0.0,0.0,0.42501482414236147,0.0,0.0,0.0,0.0,0.4938440700000188,0.0,0.4832801535991723,0.5491248521613948,0.48318339583687214,0.5183651432926465,0.5606531643710907,0.0,0.38537355194769296,0.0,0.4088826954569826,0.4680878202779755,0.0,0.0,0.0,0.0,0.5137775917420244,0.0,0.0,0.0,0.5498795804526474,0.0,0.0,0.0,0.5729893291218012,0.36468191326626764,0.0,0.0,0.0
0.4417897127648534,0.429159554467679,0.0,0.42384968357964725,0.0,0.4320039485167041,0.4466396867974634,0.43131821290421135,0.0,0.3845870091454585,0.0,0.0,0.4383607121852713,0.0,0.40271584074536226,0.45610867531808935,0.3879027634967038,0.43866414023127426,0.0,0.0,0.45466589251566286,0.40689699214846403,0.36096152787512686,0.3388195083800055,0.42826516960348276,0.44440631833900357,0.3837405482559113,0.39655027082788596,0.36681054497261867,0.4082923807503751,0.41973441429207703,0.46984069666031036,0.41752483864817247,0.4619484560676279,0.4892635960401042,0.5180167310014857,0.4705164437289855,0.0,0.4991008251640227,0.4548540999405422,0.5316929040575634,0.4995383607113994,0.40985929748341093,0.35282550049508604,0.0,0.0,0.48966280192667755,0.0,0.0,0.0,0.4643247961391317,0.3217299864557263,0.4389415160976221,0.0,0.0,0.0,0.0,0.3869339792748392,0.0,0.49204679503384346,0.3225024993981738,0.0,0.27356664456077123,0.0,0.4861662196499621,0.4794392619745105,0.49369246304745207,0.5031061621741706,0.0,0.2911254108983575,0.49393312772347636,0.5028456620194607,0.5480935201729388,0.5079539066879236,0.39943109861785564,0.48963818050032737
0.4190701780442534,0.39440082244572433,0.0,0.0,0.0,0.4302766297476604,0.4049027275956911,0.4032348516615765,0.0,0.0,0.0,0.3774931578190861,0.4458798728992987,0.465114158160842,0.40456314343003397,0.42189049962444114,0.0,0.41279238198107876,0.0,0.45466589251566286,0.0,0.4423474844105774,0.4131917217027702,0.5011604269710159,0.38684766689279326,0.4122035671679804,0.45522608574591794,0.44805667750284095,0.4133921516542552,0.45248144961850334,0.4021976413206142,0.43840350385848814,0.37013442511058353,0.40356022406802927,0.4529278382190611,0.0,0.0,0.0,0.476268467631699,0.443376102717168,0.4725183417976792,0.515964712173106,0.0,0.0,0.0,0.457557479461403,0.5091908970754928,0.0,0.0,0.0,0.4660570940365706,0.0,0.38786973459572543,0.0,0.0,0.0,0.0,0.4081584895455327,0.0,0.45817139508881755,0.4748990299601194,0.0,0.36629122282513754,0.0,0.4739757860067067,0.4146471887050793,0.5032185613614278,0.45282355522260065,0.0,0.39305233711086707,0.5125385978792792,0.47369075454432197,0.4623881547442259,0.4636394186769346,0.0,0.45211441322295
0.40580017341951796,0.40198747810652763,0.0,0.45317225343154693,0.43884721860637416,0.4391078359133053,0.456659049245669,0.4125059211245695,0.4157452867355917,0.3679044862316917,0.0,0.3499085854234012,0.45734212753310954,0.0,0.3973954605505573,0.40046310455712597,0.3900334791131885,0.4073858381781897,0.0,0.40689699214846403,0.4423474844105774,0.0,0.4577041746836848,0.27156291349529516,0.41083202073848074,0.4094255103178724,0.4634369694816388,0.4311980294965138,0.4299183773021709,0.4391175853463619,0.4241099548981683,0.4653713118871825,0.4149714888043977,0.45065708406043026,0.49028016934745894,0.5294223530672478,0.47615094863283425,0.33925446180642366,0.4976972812800348,0.4872862549439978,0.4949786443393598,0.5176281200562627,0.0,0.0,0.0,0.4530135768984732,0.49698298448558487,0.0,0.0,0.0,0.4729899817819275,0.302227717493435,0.4656961151512401,0.0,0.0,0.0,0.0,0.2998786480370141,0.0,0.5083000251130875,0.4899890265041057,0.0,0.39777319766518615,0.0,0.49743441112729236,0.5035079233065557,0.5111047195900328,0.49151488993253584,0.0,0.47404892443649516,0.5214001240580756,0.5050531944117356,0.3985795937100982,0.48366665026521244,0.3854127329153733,0.4986129338566274
0.4604645733253714,0.4250033947401836,0.37260203760221966,0.4614834847932948,0.4208447503761224,0.42066542515440253,0.4571880997347993,0.3636957353803582,0.4251341966618924,0.4657855856132812,0.3568625960256995,0.35584816482390647,0.45567282415700333,0.3998324018022832,0.43849991698987634,0.43561974887747856,0.31660230264886147,0.4444867799367567,0.39042273494257135,0.36096152787512686,0.4131917217027702,0.4577041746836848,0.0,0.49666683361846026,0.41383739634348554,0.4434563484991874,0.3738741003229563,0.46034646509048616,0.42648145168838936,0.45795566449429137,0.45919858875292385,0.44610794680986515,0.3957659283580102,0.47361105325959674,0.4791791842410865,0.4219179301920568,0.4591539102457055,0.36483757717153337,0.5095612919663252,0.0,0.5221364221359619,0.5305623431794528,0.49716319734779635,0.4051708057770762,0.0,0.43855826725156477,0.43892234703482197,0.5720874304020303,0.3351230901874847,0.5460875125327235,0.5237937379597561,0.5529913587581763,0.4737462701318224,0.5774408367737999,0.37453975893912295,0.5221265979850349,0.415695269843962,0.5315540621144337,0.5029357640729116,0.49939502218925225,0.3101264116611586,0.0,0.0,0.5508437006197142,0.507082089891344,0.45856569211670306,0.5242254437523269,0.5266154064786567,0.0,0.2764259378311483,0.4695150167424796,0.5322335523007551,0.5269252231625938,0.5155920023793392,0.5231679351266351,0.5346915721291314
0.3910388372668802,0.343095315862633,0.0,0.0,0.0,0.36623136616999197,0.34440257747745984,0.5277970233360488,0.37014919290238624,0.29502173211798133,0.0,0.2834260513542579,0.41778254540673404,0.0,0.35501900770282185,0.37770360035736605,0.40450889505571325,0.39410465936303013,0.0,0.3388195083800055,0.5011604269710159,0.27156291349529516,0.49666683361846026,0.0,0.36903878808191576,0.3372651056250071,0.5336145456619381,0.410015647193253,0.0,0.0,0.359372217787148,0.3554566515007402,0.2761357623899773,0.2710779622252847,0.3041087801909023,0.2722010653314995,0.0,0.24656712827483415,0.48399735854140136,0.42502310592665743,0.43780544105507535,0.5860704013126878,0.0,0.0,0.4008064929512526,0.43079507132334816,0.44396584268280614,0.0,0.0,0.0,0.3996458623974188,0.0,0.0,0.0,0.4827002015031633,0.0,0.4779441527270993,0.0,0.0,0.0,0.4546600452608939,0.4872984944609008,0.4582958253372412,0.0,0.0,0.0,0.410540334645011,0.0,0.46417135631307704,0.46669908437227464,0.47980996341552307,0.0,0.0,0.37088591966615614,0.0,0.4624076029432195
0.3855813740435696,0.37722439542832,0.2566272887590931,0.0,0.3382213578953588,0.4044161985722686,0.4408376659704472,0.46259436542954785,0.46048346013731256,0.34659661802222674,0.0,0.3754023077575499,0.4498972908513155,0.4155610670681848,0.3932744134726687,0.40460016171398355,0.3481788393966494,0.3624397780890944,0.0,0.42826516960348276,0.38684766689279326,0.41083202073848074,0.41383739634348554,0.36903878808191576,0.0,0.3840609486514081,0.41658635116805226,0.447018719155137,0.418216158663418,0.0,0.3993565836826247,0.4266615770132897,0.3619284690662027,0.38947964590521655,0.4206372264166287,0.43500864373379033,0.0,0.36282328616680093,0.45470176755829594,0.43896879014803664,0.4501718084304358,0.4729587409698749,0.0,0.0,0.44649678629922596,0.4460887737168734,0.4591582491808096,0.0,0.0,0.0,0.2740481020603941,0.0,0.31688447669162373,0.0,0.4888159297981291,0.0,0.4888903063866536,0.3175748824645124,0.0,0.4282845061717363,0.46843166873175796,0.4758259742191874,0.4526924827532026,0.0,0.42596921919710873,0.4029673233407695,0.46813590666322785,0.3285799577502875,0.45537014505935514,0.4607468921134332,0.4730569596715511,0.322520679384396,0.37499193105563633,0.4249972258769745,0.0,0.4524231005879718
0.3785562789885593,0.41817003427070615,0.0,0.4350257765671055,0.0,0.4183924128792095,0.45639900594906346,0.48707582647800124,0.4392590116528446,0.3372030054054106,0.0,0.31042584708776094,0.44256001383820404,0.4449141056852377,0.39665620942049407,0.43045477901455875,0.398103667284239,0.40417392717725076,0.0,0.44440631833900357,0.4122035671679804,0.4094255103178724,0.4434563484991874,0.3372651056250071,0.3840609486514081,0.0,0.4589155970300472,0.4370535293812469,0.4312709599495197,0.0,0.3874640570422131,0.4250767270046116,0.3646295608411916,0.38449844695790003,0.4266944663710735,0.48053150461658106,0.47298550304359166,0.3475725794432525,0.4677742797780085,0.44626655354062805,0.46989876741703956,0.49019979699384264,0.0,0.0,0.4113267344149023,0.4546528322528577,0.49819925129717935,0.0,0.0,0.0,0.4548642241663875,0.3124197341851589,0.0,0.0,0.49668070461192526,0.0,0.49772423620600337,0.3515138306454325,0.0,0.5096632144543258,0.4768953155555594,0.4868236213742621,0.46022498694973235,0.0,0.4928741207321614,0.5053323748406711,0.5145975151969032,0.465392180415779,0.4549004354715877,0.46698698986821974,0.4833188182240539,0.4704843614329858,0.39457495414592714,0.47225800085840297,0.0,0.45850989347363214
0.46039832733867475,0.4322576133200837,0.3398507516675352,0.4298655517275387,0.4017713562051709,0.4090276900676819,0.4479161385375291,0.44801823461288454,0.34814990312130145,0.4659998257066765,0.3962620992942134,0.3514419839323887,0.4450969821553272,0.4647336600118599,0.46016142798396253,0.4538905829513465,0.3377687308768236,0.45948640964312404,0.37295046915416913,0.3837405482559113,0.45522608574591794,0.4634369694816388,0.3738741003229563,0.5336145456619381,0.41658635116805226,0.4589155970300472,0.0,0.45774344013997154,0.39347644510669455,0.44743224143051286,0.4485785582901485,0.45108277781603057,0.426479154944087,0.4723463555841328,0.47319956385017653,0.48152510040434565,0.46243454472215434,0.3562932820140178,0.5138884281199732,0.4249127795008726,0.514657850181171,0.5172681329826176,0.509505247760481,0.32580089487407626,0.0,0.0,0.39472520741781336,0.5192515056994907,0.0,0.5155777489682223,0.5153808722625438,0.5547703526539952,0.4737436538348801,0.5762392726538805,0.36917490006053805,0.4899055214848847,0.0,0.5430143252572968,0.5329527061098898,0.49181804458562683,0.2759242781576303,0.0,0.0,0.5502302114491415,0.5002090779433728,0.47405843397404906,0.5227285566645933,0.5228580007500019,0.0,0.2559130025192885,0.48690740978163566,0.5235720191874864,0.5377387782215269,0.5183230359294464,0.45962311937553674,0.5178674498863934
0.4336742654139098,0.42824930688558316,0.4825560921091732,0.210426035554987,0.3865491031789347,0.3952548085487758,0.38964230005617456,0.46809506875471735,0.46378753503988557,0.412055316988279,0.44728907363495,0.3607976559150109,0.31732696185013803,0.38250959463963724,0.4319360860349507,0.46681946942902036,0.462240651507171,0.4434513592897391,0.46663464081285416,0.39655027082788596,0.44805667750284095,0.4311980294965138,0.46034646509048616,0.410015647193253,0.447018719155137,0.4370535293812469,0.45774344013997154,0.0,0.33290643745763837,0.33722513058604975,0.393705161842559,0.42376410401045306,0.3844029288826231,0.3972473218741907,0.39389765908079294,0.2545182546267755,0.2525555546307022,0.34318417589489475,0.5164986740843084,0.0,0.41560837112432986,0.32644193973870506,0.46422728357423637,0.3993637147217216,0.0,0.0,0.28500013017638287,0.41750806224958203,0.0,0.35099747149880567,0.5309150114348443,0.399296687910857,0.5104708600120988,0.38398785619813874,0.44515442370344516,0.3645568536445619,0.4196441340284372,0.5143025757408664,0.0,0.45876610328482487,0.2880280773807054,0.0,0.3132159599522524,0.3340376037214159,0.4928978597544699,0.4478969947840543,0.37513040616583987,0.5221037358252933,0.0,0.3182017338089602,0.3806266619189042,0.5263786105637551,0.5735827695647373,0.529215902566551,0.3886423139583104,0.501352316819901
0.41805183923741573,0.41416918719544676,0.3698259765578277,0.0,0.41946156321710976,0.37500703129927737,0.42829764052669045,0.4261240169050313,0.388196112713862,0.0,0.0,0.31275350295373194,0.4053158288564803,0.0,0.41493138542570385,0.45813588632076174,0.3475566749361592,0.43670687203419534,0.0,0.36681054497261867,0.4133921516542552,0.4299183773021709,0.42648145168838936,0.0,0.418216158663418,0.4312709599495197,0.39347644510669455,0.33290643745763837,0.0,0.3852848167766527,0.3942867348338547,0.44372361830564383,0.4095876203234202,0.44017720935772175,0.45842917864729915,0.49392977943696736,0.0,0.0,0.4859442035497385,0.3779476758111233,0.4640183516528464,0.4577322496028768,0.4287643095929147,0.3153371027633871,0.0,0.0,0.42788822714723984,0.0,0.0,0.0,0.48142746482429283,0.3590592835710492,0.46474426013509035,0.32032827488926274,0.33992219132817264,0.0,0.0,0.45616017006579024,0.0,0.4693394207309585,0.27986996574902545,0.0,0.2808560477028854,0.0,0.4658281416627924,0.4366883561086869,0.46110232832610915,0.4920502809768655,0.0,0.27148783082158773,0.4527552894916188,0.49393722487016134,0.5008354782359977,0.4748688563645865,0.4378909467014333,0.4774537698850107
0.3805826308730176,0.44517174995117537,0.4701027810415398,0.0,0.0,0.46521619213349014,0.0,0.4772901359144427,0.4673258833312494,0.0,0.0,0.0,0.3557766690261663,0.0,0.43131219883597943,0.4642947104778257,0.0,0.0,0.0,0.4082923807503751,0.45248144961850334,0.4391175853463619,0.45795566449429137,0.0,0.0,0.0,0.44743224143051286,0.33722513058604975,0.3852848167766527,0.0,0.3550264605866465,0.460623774521401,0.0,0.37889692058021907,0.3631284963713096,0.41646467861827297,0.0,0.0,0.5134505739402211,0.0,0.46429422691468974,0.0,0.46443493412329173,0.0,0.0,0.0,0.0,0.0,0.0,0.38797874247123376,0.4814942037536293,0.0,0.44921044798195653,0.0,0.0,0.0,0.0,0.3750813939262082,0.0,0.42911473669194544,0.0,0.0,0.0,0.0,0.4722720114366139,0.0,0.37252030722464324,0.5286741338157896,0.0,0.0,0.0,0.5264051153213333,0.42230587558309873,0.45734905662437975,0.0,0.4673980446800141
0.35763192593561965,0.37139022144392886,0.48362622883180206,0.3033936006663684,0.4637944337833999,0.450986072165581,0.4388798409662317,0.4733978152261796,0.4770220938210694,0.33614333882793807,0.4766623366643616,0.3476239669912875,0.41742727785446926,0.0,0.43447226172378056,0.40620647371975116,0.3689295033840521,0.3792841387729124,0.48266635068096986,0.41973441429207703,0.4021976413206142,0.4241099548981683,0.45919858875292385,0.359372217787148,0.3993565836826247,0.3874640570422131,0.4485785582901485,0.393705161842559,0.3942867348338547,0.3550264605866465,0.0,0.42232956122671594,0.36385751750176737,0.3269750909282272,0.348522891288485,0.4540755336411345,0.0,0.31335623559755926,0.48364072991910156,0.418393508361089,0.4723076341550868,0.5009615302956986,0.42634424509328117,0.0,0.0,0.4265941428973323,0.4589403240298488,0.4160873060308373,0.0,0.3934811030467847,0.5049539609074862,0.34720120114256475,0.5046982044776547,0.3523203960809216,0.48240151315332747,0.0,0.4786556332927715,0.3856905368924989,0.0,0.4885313247964983,0.451038453567067,0.4486306821728988,0.45037851175342064,0.0,0.4963549584522279,0.47591460552904763,0.4895994996118403,0.523179172678922,0.4669747221420497,0.4565877825677463,0.4708290517016794,0.524837218380816,0.5136262511733914,0.5214356972988954,0.0,0.4320937447729011
0.4128414122733816,0.41624343294989996,0.4786224638143759,0.30137497262175583,0.3658907489952081,0.4499020812305197,0.4211195513529385,0.4314362918955406,0.44816801403139583,0.4008598719663876,0.4297299509248263,0.2969322223438161,0.42062260923876965,0.2700051970761429,0.4545860525000376,0.4548161584756338,0.4591062115980142,0.46382616170495405,0.4533717651617204,0.46984069666031036,0.43840350385848814,0.4653713118871825,0.44610794680986515,0.3554566515007402,0.4266615770132897,0.4250767270046116,0.45108277781603057,0.42376410401045306,0.44372361830564383,0.460623774521401,0.42232956122671594,0.0,0.37374223010624685,0.37832171839826567,0.3984218220739473,0.2890399346096041,0.3239964659961783,0.294028710920331,0.3041515842535076,0.3146796300451547,0.3838713051015282,0.3664037777193408,0.3100212223060745,0.25769554682665907,0.28224393176670154,0.4612344224779728,0.48323001592511255,0.5546056858817772,0.22753362900530172,0.4087101212781578,0.5007583878044396,0.4744842939658212,0.48161896365926615,0.5244238096199636,0.3365283707820216,0.47029248150917596,0.29780639008489945,0.5265093185516196,0.0,0.5016911270703773,0.4991138284552627,0.4245156509821828,0.485116220960413,0.43030999259902797,0.4988381461783923,0.48243363294137837,0.5061551252454437,0.5127517053877091,0.43913843557233856,0.4799562794231384,0.48884807624958315,0.5140961230725962,0.4506455535274581,0.49656825115932796,0.4915894235425658,0.4983859722812375
0.34851885384082326,0.3601080799615153,0.0,0.3000321096877532,0.32495764249770664,0.42033171399663405,0.38826536911107207,0.43334019734409057,0.4322098815560809,0.34395430525033005,0.37038764368053423,0.30251531445310936,0.4006857038868042,0.0,0.40329849649237576,0.41754585522153365,0.38189589564066934,0.4025215431484508,0.0,0.41752483864817247,0.37013442511058353,0.4149714888043977,0.3957659283580102,0.2761357623899773,0.3619284690662027,0.3646295608411916,0.426479154944087,0.3844029288826231,0.4095876203234202,0.0,0.36385751750176737,0.37374223010624685,0.0,0.2960275061050208,0.39178538653652967,0.45404560812565764,0.2919170402861813,0.21205820534936548,0.3065386004009816,0.35932241927241804,0.36059620257121683,0.33722995611286727,0.0,0.0,0.3021625972648293,0.42181267440797726,0.4643468485697784,0.0,0.0,0.0,0.0,0.0,0.0,0.0,0.3962931247963203,0.0,0.41191925358178794,0.0,0.0,0.4900190786242014,0.4530853659560839,0.41876817309330255,0.44929695668236624,0.0,0.47680037210755827,0.4622528831050585,0.5017270060733648,0.0,0.3945106841846783,0.43674468896040436,0.45698549032409125,0.49867333215186516,0.0,0.47819629129817864,0.0,0.4291792138363508
0.33131884310406384,0.36369946487601773,0.49272423925974695,0.3097506142042547,0.44474558360496297,0.4676124699020661,0.428212607493774,0.4705204808067473,0.4701138175750179,0.33154870631925704,0.45803890578486933,0.26072103601106317,0.41731437437323443,0.4309720380834998,0.4522512298142627,0.40522909797184864,0.38350642488267694,0.40346530964849214,0.4833094177487345,0.4619484560676279,0.40356022406802927,0.45065708406043026,0.47361105325959674,0.2710779622252847,0.38947964590521655,0.38449844695790003,0.4723463555841328,0.3972473218741907,0.44017720935772175,0.37889692058021907,0.3269750909282272,0.37832171839826567,0.2960275061050208,0.0,0.2820195809895028,0.39581215245609963,0.2857897523443877,0.24600475326854002,0.39881855231047353,0.33994413070827956,0.37877851197696255,0.37429751413720225,0.4778380998518701,0.2663109606892119,0.34209806321604364,0.42271409180129743,0.4636924520187633,0.37814456417158215,0.0,0.41339212371420203,0.5200651755341632,0.3875115931389672,0.5056707145530788,0.357883924792731,0.4207574877029324,0.0,0.4308367471314277,0.46229322784996685,0.0,0.5058518464867295,0.4579283187461699,0.42914832780987855,0.4477103567487098,0.0,0.49657822014394376,0.48231898155964487,0.4959206555136746,0.5311704064934832,0.41582904110914487,0.44852466436758803,0.47512153475234575,0.5356112720105634,0.4683740559903009,0.5110814258833986,0.0,0.47233364985341053
0.40754052646713607,0.42556524972282633,0.46285472942278516,0.28488986146827905,0.4136469625724761,0.46470887353676754,0.4067261058812803,0.4633657137037396,0.4656471528691223,0.33461105917826844,0.4343935046080578,0.30059638653360454,0.4068145159186454,0.4751920801157948,0.480504565847297,0.4389366298114025,0.40713341161303807,0.44766427878106313,0.46532250049901336,0.4892635960401042,0.4529278382190611,0.49028016934745894,0.4791791842410865,0.3041087801909023,0.4206372264166287,0.4266944663710735,0.47319956385017653,0.39389765908079294,0.45842917864729915,0.3631284963713096,0.348522891288485,0.3984218220739473,0.39178538653652967,0.2820195809895028,0.0,0.3623102310553628,0.3283289849363822,0.26435190176641643,0.3254817308121416,0.30907666960439556,0.3726547458857582,0.38958247479388586,0.4894975471376126,0.27973235407379293,0.2781007262973323,0.0,0.4864035936686625,0.0,0.3007319186514362,0.0,0.41244531308236765,0.4112454555716465,0.5294667534083517,0.30766179882176253,0.41508834127971084,0.0,0.4238838635486497,0.2857769385876305,0.0,0.5176548254245198,0.4690934283249387,0.0,0.4564112064450207,0.0,0.5114509214665754,0.5141155809885243,0.5217710286959871,0.5318993827219473,0.0,0.4658187664591964,0.49737327288315925,0.5314976692240119,0.30199461781079145,0.481835328446845,0.0,0.0
