0.0,0.28475903210293046,0.0,0.0,0.0,0.2631899655453987,0.24933670899809127,0.5155882637786864,0.0,0.3485588496108883,0.0,0.36158346634005323,0.2686593188270474,0.0,0.37359349996289193,0.3141934751526187,0.34252331150880805,0.3359335140244174,0.0,0.3538023590818014,0.4363992109570335,0.3236566042738537,0.4416880461045848,0.3872745326757026,0.31201437437519586,0.3321444753915984,0.41537658086036017,0.31759149039337004,0.3807202868482699,0.36629447735972637,0.3181802037989841,0.3903469006270691,0.2739409641606808,0.2631532040149776,0.34686170192907595,0.0,0.0,0.34433206607574607,0.43827743733964203,0.3655840308654633,0.36646079650241015,0.36489129419020533,0.0,0.0,0.0,0.38789799439384537,0.38479473525451646,0.0,0.0,0.0,0.0,0.0,0.0,0.0,0.0,0.0,0.0,0.0,0.0,0.0,0.38955014791775144,0.0,0.35593780296625055,0.0,0.0,0.4046080846512563,0.3894796224566561,0.0,0.4502409997204689,0.3874922958491941,0.3889214325682607,0.0,0.0,0.3699242918219337,0.0,0.0
0.28475903210293046,0.0,0.26919209242381475,0.0,0.3201287256582671,0.340070217365211,0.27822742420044677,0.4260548130605659,0.24098556490230016,0.21761819246653605,0.0,0.0,0.3789017085669177,0.0,0.37156953078867017,0.32676290630066024,0.29238678820875297,0.34530158651633347,0.0,0.3560827743401274,0.3608542434545857,0.35426753613807405,0.353019926869808,0.288601869125784,0.32357670330019417,0.32673619198483594,0.35415815330207523,0.37644512405432706,0.34530364657985124,0.0,0.2923905030516055,0.39046876547494425,0.27064905212225265,0.29205261237681623,0.3758596493478309,0.0,0.0,0.0,0.4228965505556607,0.37733753105902385,0.3829878083379224,0.4264273632701209,0.0,0.0,0.0,0.3588139347154219,0.4041053776911678,0.0,0.0,0.0,0.0,0.0,0.0,0.0,0.0,0.0,0.0,0.0,0.0,0.39463993133560804,0.38090073603594254,0.0,0.34544469695766195,0.0,0.3519086017437561,0.4180658757517507,0.4217753751814147,0.25968084953521153,0.0,0.35995052341679645,0.406034240551981,0.2838533549006028,0.0,0.0,0.0,0.32808824354040517
0.0,0.26919209242381475,0.0,0.0,0.362400946737403,0.36214513616328714,0.36728282050125693,0.4414327553035269,0.29235392928005954,0.31949201863372867,0.32482547885181257,0.0,0.39545432498399957,0.414631080979956,0.0,0.0,0.0,0.0,0.25337232249990044,0.0,0.3368508392259738,0.0,0.3587910003325041,0.0,0.0,0.253302246867863,0.2994583189850092,0.3997085223818296,0.0,0.4003575539169718,0.4159182962292378,0.3995169063839668,0.0,0.3978416024860674,0.40258265005164257,0.3645344819662817,0.32637002294868994,0.0,0.35657305919917426,0.0,0.3632073582462656,0.3537964756246479,0.4262428620774066,0.0,0.0,0.0,0.0,0.4850698479172701,0.0,0.4432361174093295,0.4943029061659364,0.31657478407251627,0.42478952450091395,0.5321353713815572,0.0,0.5094857124103103,0.0,0.37519639822558215,0.44986343872513146,0.0,0.0,0.0,0.0,0.5910511885269075,0.0,0.0,0.0,0.5256244504004218,0.0,0.0,0.0,0.5176035287382323,0.3193935828721696,0.0,0.0,0.3776596609393209
0.0,0.0,0.0,0.0,0.2922167058793838,0.3708898331514889,0.2829998124724213,0.29976643118990326,0.32321703272508456,0.2311622939801935,0.32542638199800317,0.0,0.2671451094106492,0.3047665212794174,0.0,0.0,0.0,0.0,0.35802043889088764,0.0,0.0,0.0,0.36032261309131025,0.0,0.0,0.0,0.35315118336900214,0.21981947024650322,0.0,0.0,0.0,0.27913666002198845,0.0,0.23349729453549137,0.22585531229414807,0.20666989862905996,0.15770105111434343,0.25070545003633377,0.0,0.0,0.0,0.0,0.0,0.0,0.0,0.0,0.0,0.0,0.0,0.0,0.0,0.0,0.0,0.0,0.0,0.0,0.0,0.0,0.0,0.0,0.0,0.0,0.0,0.0,0.0,0.0,0.0,0.0,0.0,0.0,0.0,0.0,0.0,0.0,0.0,0.0
0.0,0.3201287256582671,0.362400946737403,0.2922167058793838,0.0,0.3533441226416041,0.3207185692034412,0.3770321038398324,0.3278685427159009,0.33632002081626305,0.32846297717485956,0.35332122343970396,0.37004675434627754,0.2956297998005079,0.0,0.36219268601213106,0.3701992866837163,0.32919388889991175,0.34176026088346856,0.0,0.0,0.39910466097976965,0.3890233403754207,0.3749376084986691,0.2618122598170565,0.25958009761746303,0.37844211347101653,0.34927160748300584,0.3695925321569109,0.43335966537252146,0.42438344146348855,0.3906778694157247,0.0,0.4149406446968551,0.4119476014095364,0.25875281608267126,0.29670426320009957,0.3410411432826879,0.31012856698650837,0.0,0.3395932706987258,0.27319062545810585,0.3275173438295329,0.0,0.0,0.0,0.0,0.44981778168527076,0.0,0.36917133740317615,0.40640445707200923,0.3171113101307479,0.4006625365518618,0.42059678198744593,0.0,0.44385195279712625,0.0,0.27653974370561,0.36899567186554266,0.0,0.0,0.0,0.0,0.45894770016538744,0.0,0.0,0.0,0.48284811769404085,0.0,0.0,0.0,0.40998784779729264,0.2773883927106856,0.2999530961777318,0.0,0.3244860049814246
0.2631899655453987,0.340070217365211,0.36214513616328714,0.3708898331514889,0.3533441226416041,0.0,0.3751683581174923,0.3741105116184318,0.3088957410251534,0.3983887093727747,0.3906896471839476,0.0,0.3824358307934199,0.0,0.32984871610263394,0.3611354757115261,0.0,0.3221029800516798,0.3464456905387262,0.3564660915202809,0.34066009064556085,0.37659726757184103,0.39383265291429204,0.0,0.31893625569139133,0.33244848267026944,0.34433702612549344,0.3527940133530129,0.2857516488728519,0.3920096101579179,0.42152253841464155,0.4076562867659534,0.3162201347891128,0.4217883343271425,0.43525862948749955,0.42386699715644605,0.39699767089620586,0.3198710587299812,0.45824778353310947,0.0,0.44851863415774657,0.41364522606882653,0.28533912558404095,0.0,0.0,0.0,0.1605887446155519,0.4999668827724287,0.0,0.3388646815932615,0.4484791738007924,0.2813593295928744,0.4025275759535845,0.4944420493009944,0.0,0.3611477888309592,0.0,0.33228516644243933,0.42790822349669244,0.27955588165333184,0.18789836646706015,0.0,0.0,0.4928059197093619,0.2907721820098806,0.3590679699841728,0.05374104500738802,0.4616063862921982,0.0,0.19258642843207388,0.21427178493683463,0.45202012559573324,0.40651503365354896,0.4014291736978922,0.3980760900675761,0.42723191518038023
0.24933670899809127,0.27822742420044677,0.36728282050125693,0.2829998124724213,0.3207185692034412,0.3751683581174923,0.0,0.4137455757567659,0.35269802542674494,0.3090604799200489,0.39578995180442467,0.34774770887027096,0.32633502195923586,0.3041938434838566,0.0,0.3732429133282119,0.35210076061649026,0.33985098604532804,0.40849655818356134,0.4050884823129118,0.35419669483183525,0.42184231818315243,0.39868739859084534,0.0,0.3010804875791872,0.2690493066766564,0.3888662434386844,0.3106521852059066,0.39512368761283095,0.43619821627602784,0.4033981485176711,0.38644498757276313,0.3367781972768166,0.3896837517882783,0.37341963399844047,0.25923615255569243,0.2786723765764464,0.3596839652244923,0.3100821642790043,0.0,0.3124452057457844,0.0,0.27323205588138605,0.0,0.0,0.0,0.0,0.37618410452381046,0.0,0.3196942654375082,0.35447652024853754,0.2974597672053247,0.36915833294994,0.3571821187374053,0.0,0.3458313301386866,0.0,0.2677901160327753,0.33697037435531796,0.0,0.0,0.0,0.0,0.3626528542993301,0.0,0.29546081549536235,0.0,0.4709213688402479,0.0,0.0,0.0,0.39503938586569354,0.2643889557425935,0.2914717889177304,0.0,0.2885398425241283
0.5155882637786864,0.4260548130605659,0.4414327553035269,0.29976643118990326,0.3770321038398324,0.3741105116184318,0.4137455757567659,0.0,0.43149633341189314,0.4024648186431381,0.24775369351491133,0.0,0.4123806953647759,0.2934088206132,0.31677256862987124,0.4179313282194706,0.3406512082765605,0.4410837107391917,0.39956288765951914,0.3520995444235716,0.4185014171719081,0.37772874770687376,0.34059660931465585,0.5131565484087826,0.4590768968837869,0.47499329070589474,0.4237094550983298,0.3954990305455337,0.3380011725538565,0.37730347043341117,0.41586359114391214,0.33747489085483245,0.4343245153285903,0.4268493119316283,0.4343661987100035,0.22775106800003947,0.18230994529782057,0.0,0.38274493898672146,0.0,0.44289580924796096,0.47583950626900706,0.29416155847036307,0.0,0.0,0.0,0.0,0.47189468063087675,0.0,0.4111593998519607,0.408964472593101,0.40346062220687445,0.28305338996497686,0.4652189790524988,0.0,0.3604815868069086,0.0,0.40096757168990294,0.3739559791405001,0.0,0.0,0.0,0.0,0.4777675782930286,0.0,0.0,0.0,0.43243590735589416,0.0,0.0,0.0,0.44691039936949006,0.4038077438596207,0.371130492328878,0.0,0.43866282922401023
0.0,0.24098556490230016,0.29235392928005954,0.32321703272508456,0.3278685427159009,0.3088957410251534,0.35269802542674494,0.43149633341189314,0.0,0.33937939980557247,0.27982777500465883,0.2931372001847081,0.37369462703214795,0.3638470186540331,0.0,0.3235532351797199,0.2686947264296872,0.2623716549436015,0.2537804065964095,0.3836843602473765,0.3044252994576597,0.37980487064489665,0.39230443759078987,0.3107348918148396,0.12886372792447973,0.13336168824146968,0.33153161154173605,0.40053672095246573,0.37158013796355877,0.38844404531412,0.42143443008326403,0.39943914693016175,0.29985603382932946,0.4116577732688807,0.3977409766843014,0.3653839221536273,0.36013862717627004,0.2339635337694414,0.3750934312510759,0.0,0.2999138580716713,0.0,0.4231986239374628,0.0,0.0,0.0,0.0,0.5161130996549356,0.0,0.38363091201563554,0.47402984830906064,0.31312011355987407,0.47261912922515525,0.4667494317842429,0.0,0.48492498898006026,0.0,0.3040560265729383,0.44232544026574483,0.0,0.0,0.0,0.0,0.5236612421550519,0.0,0.0,0.0,0.5089498674595399,0.0,0.0,0.0,0.5064238991033292,0.2689763082458522,0.29348839076837574,0.0,0.3102998310308037
0.3485588496108883,0.21761819246653605,0.31949201863372867,0.2311622939801935,0.33632002081626305,0.3983887093727747,0.3090604799200489,0.4024648186431381,0.33937939980557247,0.0,0.3603349221288802,0.2559995021929677,0.3703439401251297,0.36591409307652056,0.0,0.33317513737844706,0.2910085827007033,0.3011898768061096,0.3734616258937213,0.0,0.0,0.0,0.35233394842287313,0.2816435839155376,0.2983420055409422,0.28365999865616676,0.35231199784166223,0.3449379862551523,0.0,0.0,0.2931380784465838,0.35328977080544033,0.23015884747048282,0.26749589921750777,0.26237233705116303,0.27095578491783984,0.24986882838041602,0.2607062562362679,0.37717856483634704,0.28797523249957696,0.3303318828313833,0.3667304976915073,0.0,0.0,0.3177943544192871,0.0,0.0,0.0,0.0,0.0,0.0,0.34157721564856036,0.0,0.0,0.33515200082340596,0.2814201736437076,0.3468390240192557,0.335107177506905,0.0,0.0,0.2879669123419184,0.26893261744337116,0.2727672916526016,0.0,0.0,0.0,0.0,0.0,0.3154380228546926,0.2887095520726729,0.3132770655296919,0.0,0.3657078765049959,0.0,0.0,0.35131713241113804
0.0,0.0,0.32482547885181257,0.32542638199800317,0.32846297717485956,0.3906896471839476,0.39578995180442467,0.24775369351491133,0.27982777500465883,0.3603349221288802,0.0,0.3324045916481794,0.40255336061993174,0.28091341983725654,0.0,0.0,0.30518030718791606,0.2838806253422595,0.294688734209097,0.0,0.0,0.0,0.34951961234671824,0.35867615690525806,0.0,0.24303787750248912,0.3415878078246951,0.3837491744663686,0.0,0.32062169250801104,0.42126566101217805,0.3697061443794242,0.3501058064786754,0.40172670846127373,0.40059053378217646,0.27137121585037677,0.31250408910131605,0.31431660878900824,0.23406503310544885,0.0,0.0,0.0,0.2573609685196477,0.0,0.0,0.0,0.0,0.49345533895806315,0.0,0.4401658207398088,0.40844482086615047,0.44452310937413764,0.32712952520565797,0.48392631187044266,0.0,0.3637031972856869,0.0,0.0,0.3276403737766675,0.0,0.0,0.0,0.0,0.5391629477372086,0.0,0.0,0.0,0.4086648308526765,0.0,0.0,0.0,0.46601432469426274,0.37742175296989056,0.0,0.0,0.0
0.36158346634005323,0.0,0.0,0.0,0.35332122343970396,0.0,0.34774770887027096,0.0,0.2931372001847081,0.2559995021929677,0.3324045916481794,0.0,0.33676743212090554,0.0,0.0,0.0,0.25385125460873725,0.1808844706750321,0.3106989557348783,0.0,0.0,0.0,0.0,0.25989581602365364,0.27939330010558333,0.2712241801335235,0.0,0.33906294705366563,0.0,0.0,0.2915001732692401,0.27786692420881687,0.24748542758289888,0.2588598518607463,0.3183692039535463,0.30939522104381567,0.3341858104386259,0.23608246530863233,0.39857962675775704,0.28341929612094324,0.3337827766401795,0.35830848636301244,0.0,0.0,0.3087833669263836,0.0,0.0,0.0,0.0,0.0,0.0,0.0,0.0,0.0,0.3465850203997977,0.0,0.3673394961262802,0.33021526317473937,0.0,0.0,0.0,0.229486623724008,0.2930031793266054,0.0,0.0,0.0,0.0,0.0,0.32963421398018744,0.30131654124970153,0.3247611743823393,0.0,0.37371227054622813,0.0,0.0,0.32200336713359423
0.2686593188270474,0.3789017085669177,0.39545432498399957,0.2671451094106492,0.37004675434627754,0.3824358307934199,0.32633502195923586,0.4123806953647759,0.37369462703214795,0.3703439401251297,0.40255336061993174,0.33676743212090554,0.0,0.31984782610389856,0.4111625433551584,0.4234066112895194,0.3409129142940326,0.346672627942475,0.4193127290074334,0.4134808120374118,0.4056183089360516,0.4326106053979332,0.411058615363174,0.319114695926486,0.3663857845795045,0.370687408204813,0.4080116289098106,0.3341214487508896,0.39388837368539303,0.4192451262908373,0.3844264976916448,0.38960903947882797,0.3704303425535665,0.38627368368971493,0.37467418297838023,0.3085055960381,0.30757368541777835,0.33639399085014876,0.45446390631112693,0.3350594367512893,0.3924560311417676,0.3589788563305454,0.26523857945712925,0.0,0.0,0.2893644812820073,0.21974766021447933,0.3548987445887714,0.0,0.3044366606970389,0.3383054714573052,0.2742051160530105,0.4161678971637246,0.2923712500481345,0.0,0.3396607126148542,0.0,0.18136199754893498,0.0,0.2906327121384887,0.23249790568768935,0.0,0.26894398170702893,0.36604805513497907,0.31392270079751283,0.33855441558196886,0.23320846212609983,0.46695140305228416,0.0,0.2441142232103622,0.23240505808678322,0.43433638386549767,0.21805698261768552,0.34823910381418344,0.3265810976753747,0.301283054146417
0.0,0.0,0.414631080979956,0.3047665212794174,0.2956297998005079,0.0,0.3041938434838566,0.2934088206132,0.3638470186540331,0.36591409307652056,0.28091341983725654,0.0,0.31984782610389856,0.0,0.0,0.0,0.0,0.0,0.37397948620228927,0.0,0.0,0.0,0.363269742921283,0.0,0.0,0.0,0.4238028817818349,0.25473835162599623,0.0,0.0,0.4050869216303724,0.21612515243394612,0.0,0.37649663738357503,0.43322113333099205,0.21060772853588433,0.15876665170371937,0.0,0.3129495057545561,0.0,0.0,0.0,0.28849489862949684,0.0,0.0,0.0,0.0,0.38632473476340157,0.0,0.0,0.0,0.0,0.3238105040000576,0.40506297061092195,0.0,0.30071385329312067,0.0,0.0,0.3618457258297252,0.0,0.0,0.0,0.0,0.4336023654638944,0.0,0.0,0.0,0.3622186859994818,0.0,0.0,0.0,0.3920684764440019,0.0,0.0,0.0,0.0
0.37359349996289193,0.37156953078867017,0.0,0.0,0.0,0.32984871610263394,0.0,0.31677256862987124,0.0,0.0,0.0,0.0,0.4111625433551584,0.0,0.0,0.36882594574890976,0.0,0.3665024739324079,0.0,0.27098555528003565,0.3701274583525272,0.3041880997151974,0.3141099679801716,0.38100812040050197,0.3455396914203563,0.354984859356398,0.35903881056108516,0.38680695923565034,0.3581240645796761,0.0,0.38089136251127703,0.42100588638529995,0.36893235879549124,0.3971441454914044,0.4441732709492669,0.523969492924482,0.0,0.0,0.4399609694022751,0.4253826867874821,0.3838283282117737,0.46730084413515793,0.0,0.0,0.0,0.0,0.4307150405162987,0.0,0.0,0.0,0.0,0.0,0.0,0.0,0.0,0.0,0.0,0.0,0.0,0.4010047290664325,0.2949065430527501,0.0,0.0,0.0,0.3517340889151423,0.4291330306950173,0.409108911756394,0.4323958186824244,0.0,0.22217969342676902,0.432580896928795,0.4167308686398087,0.3680097661626218,0.40094496216626113,0.0,0.3179017244329435
0.3141934751526187,0.32676290630066024,0.0,0.0,0.36219268601213106,0.3611354757115261,0.3732429133282119,0.4179313282194706,0.3235532351797199,0.33317513737844706,0.0,0.0,0.4234066112895194,0.0,0.36882594574890976,0.0,0.3388532981227546,0.35503859341091454,0.0,0.3778051136299905,0.3574146334414277,0.3342865873427757,0.38714370874378495,0.3058835434235833,0.33714698978501345,0.32522816265737403,0.3739114558635342,0.3763459161577302,0.3890728145608659,0.3575100446589497,0.34508848895138955,0.4342117473796253,0.3471230726034408,0.3338130414406616,0.4081718609056572,0.0,0.0,0.0,0.41856841349171714,0.36905281780290655,0.3628920921964333,0.41446541735714454,0.0,0.0,0.0,0.3889523008473852,0.38217370819349533,0.0,0.0,0.0,0.0,0.0,0.0,0.0,0.0,0.0,0.0,0.0,0.0,0.3514469293522926,0.386267198535788,0.0,0.36052748364627396,0.0,0.34092787386780593,0.392521279514218,0.3829292409372702,0.0,0.0,0.3902633216954502,0.3888422392538008,0.0,0.0,0.3130846326775686,0.0,0.34531050802629754
0.34252331150880805,0.29238678820875297,0.0,0.0,0.3701992866837163,0.0,0.35210076061649026,0.3406512082765605,0.2686947264296872,0.2910085827007033,0.30518030718791606,0.25385125460873725,0.3409129142940326,0.0,0.0,0.3388532981227546,0.0,0.28915762695690195,0.27694467148299723,0.2793405767892982,0.38910310504999535,0.31410033502435286,0.2728774638036147,0.3103815264621118,0.33654836044770814,0.30105627425635534,0.0,0.34026618110518303,0.29261147473578863,0.28309731176702907,0.3063108235423181,0.3923634812065393,0.289573184537838,0.31634864596436424,0.33113402021686417,0.0,0.0,0.23957426870193188,0.4219878252862863,0.3556243425996443,0.33326212593217913,0.36082860833264724,0.0,0.0,0.0,0.3576795838676845,0.0,0.0,0.0,0.0,0.0,0.0,0.0,0.0,0.34886629172535777,0.0,0.3090455092155746,0.0,0.0,0.0,0.3144980075215237,0.2879278590643033,0.33366800649588535,0.0,0.0,0.0,0.0,0.0,0.35403454724452793,0.377411854860602,0.38179948971696376,0.0,0.0,0.2712993947626691,0.0,0.32991233249316215
0.3359335140244174,0.34530158651633347,0.0,0.0,0.32919388889991175,0.3221029800516798,0.33985098604532804,0.4410837107391917,0.2623716549436015,0.3011898768061096,0.2838806253422595,0.1808844706750321,0.346672627942475,0.0,0.3665024739324079,0.35503859341091454,0.28915762695690195,0.0,0.0,0.3779383574961732,0.39983783424124814,0.3746777939460193,0.4045294632696044,0.3044506664405574,0.32097657470084223,0.3278508312842344,0.3467565453719191,0.3528005705926933,0.3938866900194047,0.33471740788403115,0.3245856396927249,0.3807137017139574,0.29849186082290363,0.331797413276902,0.32921066574826957,0.0,0.0,0.2561254338777491,0.4219523671651761,0.36464627523410126,0.377046718631671,0.4092646607726382,0.0,0.0,0.0,0.3780612199291189,0.39644215797126914,0.0,0.0,0.0,0.23776305437391348,0.0,0.0,0.0,0.3632318628719381,0.0,0.3121577822978654,0.2622006186991543,0.0,0.28206876637567657,0.38833103944616754,0.32880953259996426,0.36646961201029116,0.0,0.2537751834319769,0.3716677917929862,0.3555772807040303,0.21181055022907652,0.35620786434712426,0.37523486575773707,0.3818952267568508,0.27438564565896284,0.2629319412521007,0.22221156258118663,0.0,0.35741765029660794
0.0,0.0,0.25337232249990044,0.35802043889088764,0.34176026088346856,0.3464456905387262,0.40849655818356134,0.39956288765951914,0.2537804065964095,0.3734616258937213,0.294688734209097,0.3106989557348783,0.4193127290074334,0.37397948620228927,0.0,0.0,0.27694467148299723,0.0,0.0,0.0,0.0,0.0,0.34102888935098213,0.2879232034167495,0.0,0.26807857748740865,0.29061862172830905,0.41261229471708016,0.0,0.37552861933342896,0.4193581636311025,0.4062464396820629,0.0,0.38995445660206235,0.4142308004184209,0.3651618727681407,0.3639579687558463,0.33784784960067327,0.3834564326851906,0.0,0.0,0.0,0.4039451056784038,0.0,0.0,0.0,0.0,0.438137026603379,0.0,0.42734972194977444,0.4787906371530742,0.4004915397992493,0.4830491240928496,0.5305567084040745,0.0,0.5154552990070914,0.0,0.3336494683052029,0.36384442321301125,0.0,0.0,0.0,0.0,0.5592066381655223,0.0,0.0,0.0,0.5303945630838417,0.0,0.0,0.0,0.5279060663515738,0.0,0.0,0.0,0.38358682485471285
0.3538023590818014,0.3560827743401274,0.0,0.0,0.0,0.3564660915202809,0.4050884823129118,0.3520995444235716,0.3836843602473765,0.0,0.0,0.0,0.4134808120374118,0.0,0.27098555528003565,0.3778051136299905,0.2793405767892982,0.3779383574961732,0.0,0.0,0.38415280475008595,0.31732242962585866,0.23511559790753644,0.3273748105667555,0.3397282971967295,0.3829620886870679,0.3153920099457521,0.3667306760419402,0.301951194158288,0.3169793504299929,0.33540517971916967,0.43795868368888646,0.3828381478980162,0.3844072699396972,0.4398288732362202,0.452418277458256,0.0,0.0,0.43136186533296456,0.24563780215106842,0.27790255076636566,0.4241979665455218,0.0,0.0,0.0,0.33197546629180497,0.3012180536919574,0.0,0.0,0.0,0.39089270236904977,0.0,0.0,0.0,0.0,0.0,0.0,0.0,0.0,0.3585849015322365,0.20773807881399264,0.0,0.22267856338421557,0.0,0.38738982245478104,0.3334102048469597,0.4071120773331889,0.4095992652476988,0.0,0.20865850655563078,0.377682998590537,0.42341799914261935,0.23630795023795406,0.3357925701345484,0.0,0.33749077738630984
0.4363992109570335,0.3608542434545857,0.3368508392259738,0.0,0.0,0.34066009064556085,0.35419669483183525,0.4185014171719081,0.3044252994576597,0.0,0.0,0.0,0.4056183089360516,0.0,0.3701274583525272,0.3574146334414277,0.38910310504999535,0.39983783424124814,0.0,0.38415280475008595,0.0,0.3842275848269381,0.35831679233638214,0.4956087470658624,0.4014911008320223,0.3902887745500474,0.4149687929680116,0.402582647813858,0.3718011025363509,0.392469648216055,0.3564162266613041,0.41370353820585254,0.32049631126468386,0.35879055564278406,0.417615239258585,0.47279515971363456,0.0,0.0,0.4579143130319183,0.3549027311632101,0.4038122290220364,0.0,0.0,0.0,0.0,0.40691009438664616,0.4076447493013805,0.0,0.0,0.0,0.0,0.0,0.4090683611495703,0.0,0.0,0.0,0.0,0.0,0.0,0.41428673455209203,0.2903895481464517,0.0,0.0,0.0,0.38706939516670796,0.3881308754757727,0.4240179405335114,0.4396420552466518,0.0,0.31132651437996156,0.45376497292872797,0.41834625381786433,0.3897603495107567,0.4159862511943006,0.0,0.3565333239197497
0.3236566042738537,0.35426753613807405,0.0,0.0,0.39910466097976965,0.37659726757184103,0.42184231818315243,0.37772874770687376,0.37980487064489665,0.0,0.0,0.0,0.4326106053979332,0.0,0.3041880997151974,0.3342865873427757,0.31410033502435286,0.3746777939460193,0.0,0.31732242962585866,0.3842275848269381,0.0,0.3848066416570799,0.0,0.33373908443886047,0.35734535256424765,0.3914082934793264,0.4167017018460886,0.35248872426010236,0.39641472543524564,0.34400336194044484,0.4351225159407941,0.370288242182921,0.37958320820587077,0.4342736060631647,0.481309086073117,0.0,0.0,0.448666088127309,0.412647805196376,0.4252830611090328,0.445280447418391,0.0,0.0,0.0,0.36031188067287245,0.4106280912593573,0.0,0.0,0.0,0.34283089726651766,0.0,0.0,0.0,0.0,0.0,0.0,0.0,0.0,0.4307382321277421,0.34027200840950833,0.0,0.2775023126395235,0.0,0.40838901895403884,0.4302057964657163,0.4230428276195135,0.4034946001156845,0.0,0.29153914741940207,0.44490287099843984,0.35772841179291837,0.0,0.3787680069875186,0.0,0.3507558062233318
0.4416880461045848,0.353019926869808,0.3587910003325041,0.36032261309131025,0.3890233403754207,0.39383265291429204,0.39868739859084534,0.34059660931465585,0.39230443759078987,0.35233394842287313,0.34951961234671824,0.0,0.411058615363174,0.363269742921283,0.3141099679801716,0.38714370874378495,0.2728774638036147,0.4045294632696044,0.34102888935098213,0.23511559790753644,0.35831679233638214,0.3848066416570799,0.0,0.48258238571338974,0.3814759757016783,0.3945353253691385,0.3162055952486742,0.3979688150315717,0.35821600492083633,0.38763273586740726,0.40051630913316516,0.39925763615973303,0.3247291137800372,0.41308562725888526,0.40772227199661787,0.39335873049366726,0.35992402210409674,0.3126646623493092,0.4573650290646537,0.45145940222239556,0.4847114431812809,0.5048057857128366,0.39523328434041133,0.34389728402826214,0.0,0.0,0.30656640923186795,0.5353409186122529,0.0,0.44097949975849965,0.4793468152012418,0.48036208443717565,0.4291305286841209,0.5221585024541873,0.0,0.49927625913004936,0.0,0.465676304131793,0.43095002112522424,0.41589862805638295,0.25792663602956845,0.0,0.0,0.5629071827574036,0.4025334601410115,0.4058938363071924,0.3974288987115949,0.5009401053505401,0.0,0.19882163372167364,0.3302939532326685,0.4881099151122899,0.4628822608917376,0.43503054609014596,0.475863192838033,0.4700201897991043
0.3872745326757026,0.288601869125784,0.0,0.0,0.3749376084986691,0.0,0.0,0.5131565484087826,0.3107348918148396,0.2816435839155376,0.35867615690525806,0.25989581602365364,0.319114695926486,0.0,0.38100812040050197,0.3058835434235833,0.3103815264621118,0.3044506664405574,0.2879232034167495,0.3273748105667555,0.4956087470658624,0.0,0.48258238571338974,0.0,0.29384226765342214,0.30654846489120585,0.3734465730096918,0.3661991858063074,0.33059816202532166,0.0,0.3194555751160877,0.3710322269962173,0.25141629607442345,0.2710759665216875,0.3110256674917689,0.38243017589302364,0.0,0.24177527375835695,0.4458448330542839,0.31256421188065237,0.3360326395442027,0.0,0.0,0.0,0.31248993692271054,0.40792525892188436,0.0,0.0,0.0,0.0,0.0,0.0,0.0,0.0,0.34502681805970603,0.0,0.3664168525994904,0.39965185231238504,0.0,0.0,0.3727758909279552,0.3431056367530553,0.37844232892311946,0.0,0.0,0.0,0.0,0.0,0.40770716537319607,0.37716129782877744,0.3831867053859377,0.0,0.0,0.0,0.0,0.3835841316510246
0.31201437437519586,0.32357670330019417,0.0,0.0,0.2618122598170565,0.31893625569139133,0.3010804875791872,0.4590768968837869,0.12886372792447973,0.2983420055409422,0.0,0.27939330010558333,0.3663857845795045,0.0,0.3455396914203563,0.33714698978501345,0.33654836044770814,0.32097657470084223,0.0,0.3397282971967295,0.4014911008320223,0.33373908443886047,0.3814759757016783,0.29384226765342214,0.0,0.31991356845101654,0.33343845472939515,0.3585657480803729,0.34317189896442934,0.28819474339982365,0.3130239164016558,0.3898106949146857,0.27005603151235996,0.3041271133484318,0.3438431314947944,0.0,0.0,0.23334022891516332,0.4191483715374404,0.3541250662688149,0.3714926994316306,0.4139696555543787,0.0,0.0,0.0,0.3661059076726858,0.39410992790052396,0.0,0.0,0.0,0.21298406820177934,0.0,0.0,0.0,0.34810456757360003,0.0,0.36024923799791314,0.2300485938394291,0.0,0.296238312532986,0.3810867286175651,0.3646496873513796,0.36886204271555134,0.0,0.33361275663435463,0.3059693645584328,0.2487094124830604,0.0,0.38183938095374514,0.37460274112573705,0.3825492753807006,0.25738308241413843,0.2732914735228009,0.25199951233187795,0.0,0.3659647295835622
0.3321444753915984,0.32673619198483594,0.253302246867863,0.0,0.25958009761746303,0.33244848267026944,0.2690493066766564,0.47499329070589474,0.13336168824146968,0.28365999865616676,0.24303787750248912,0.2712241801335235,0.370687408204813,0.0,0.354984859356398,0.32522816265737403,0.30105627425635534,0.3278508312842344,0.26807857748740865,0.3829620886870679,0.3902887745500474,0.35734535256424765,0.3945353253691385,0.30654846489120585,0.31991356845101654,0.0,0.38624881252754445,0.2870092534847235,0.34896520779476103,0.2713160252353769,0.3264207197002724,0.3966609340696127,0.298986777873329,0.32037081627127756,0.37609062863838694,0.4343014349630128,0.0,0.2584154073447884,0.4280684423484719,0.37180376529424053,0.3677978743917491,0.4239585945365065,0.0,0.0,0.0,0.3858794796129734,0.40748259649117824,0.0,0.0,0.0,0.20386101769685672,0.0,0.0,0.0,0.3164477679884022,0.0,0.324292340687065,0.23428629098339993,0.0,0.4497657652171913,0.37783187823665165,0.3607816466839553,0.37698588648776116,0.0,0.37734653802593976,0.4782108083990489,0.43202380228299375,0.2782330094316954,0.39918051513516156,0.3840519432495536,0.403165941082461,0.32829906258264924,0.28668170806057824,0.25540489619963713,0.0,0.3622876714927201
0.41537658086036017,0.35415815330207523,0.2994583189850092,0.35315118336900214,0.37844211347101653,0.34433702612549344,0.3888662434386844,0.4237094550983298,0.33153161154173605,0.35231199784166223,0.3415878078246951,0.0,0.4080116289098106,0.4238028817818349,0.35903881056108516,0.3739114558635342,0.0,0.3467565453719191,0.29061862172830905,0.3153920099457521,0.4149687929680116,0.3914082934793264,0.3162055952486742,0.3734465730096918,0.33343845472939515,0.38624881252754445,0.0,0.395664926892352,0.3307330279605178,0.3689610940912098,0.3779473418517972,0.4140451401807474,0.3797991581062108,0.40371361129574856,0.42498384422629953,0.49455664771851116,0.38094071151016967,0.0,0.4590521492692854,0.39007384945157003,0.4518097409858724,0.4576733668586855,0.4378054427343976,0.0,0.0,0.0,0.308386356598944,0.5242711557162387,0.0,0.3920812982904738,0.4633285452531531,0.4225851902842892,0.4680365622593933,0.517642889675591,0.0,0.4874123541759206,0.0,0.40002579685007206,0.4380649256470113,0.4268505450211906,0.2206114538475177,0.0,0.0,0.5383781388481164,0.3883872750180193,0.42447343609675275,0.3523525521787102,0.49434491104439227,0.0,0.2101263306706069,0.4430436107348501,0.47670040222323545,0.41109682862898206,0.3601582838731824,0.41839963366350763,0.4240488509087624
0.31759149039337004,0.37644512405432706,0.3997085223818296,0.21981947024650322,0.34927160748300584,0.3527940133530129,0.3106521852059066,0.3954990305455337,0.40053672095246573,0.3449379862551523,0.3837491744663686,0.33906294705366563,0.3341214487508896,0.25473835162599623,0.38680695923565034,0.3763459161577302,0.34026618110518303,0.3528005705926933,0.41261229471708016,0.3667306760419402,0.402582647813858,0.4167017018460886,0.3979688150315717,0.3661991858063074,0.3585657480803729,0.2870092534847235,0.395664926892352,0.0,0.3200072067737782,0.284656761624628,0.35759877622638264,0.3769657967601508,0.35752600570620224,0.3564599910502842,0.32385347358926314,0.24322737583006618,0.2424059049415121,0.3113713216777363,0.4609198414108193,0.3531041811432155,0.45111347554216635,0.42690934270133707,0.3099864254548447,0.0,0.0,0.2668056826569754,0.22332358865299984,0.31239090942262576,0.0,0.28827302344552175,0.4101732830129813,0.2422357214199778,0.38941440542050476,0.26921963897500073,0.3647267909855452,0.29819936179292933,0.0,0.17071308141735594,0.0,0.39461363232758917,0.23528174280876482,0.0,0.254287863064106,0.30709023106254363,0.40608665666823873,0.39833143125593545,0.2925551525744449,0.4580492529255264,0.0,0.251554665529865,0.28635493458151823,0.44610093614649005,0.3271407866700198,0.33923859649880117,0.3239743301353053,0.3842862134704901
0.3807202868482699,0.34530364657985124,0.0,0.0,0.3695925321569109,0.2857516488728519,0.39512368761283095,0.3380011725538565,0.37158013796355877,0.0,0.0,0.0,0.39388837368539303,0.0,0.3581240645796761,0.3890728145608659,0.29261147473578863,0.3938866900194047,0.0,0.301951194158288,0.3718011025363509,0.35248872426010236,0.35821600492083633,0.33059816202532166,0.34317189896442934,0.34896520779476103,0.3307330279605178,0.3200072067737782,0.0,0.3349479270793112,0.32915569498500524,0.4263965812440878,0.30635197548943016,0.3799628887759816,0.42603898307360966,0.4538107365130799,0.0,0.0,0.43010700225908705,0.26749891929296404,0.26734596212370787,0.3752252619711852,0.37035297044037696,0.0,0.0,0.3257746870128247,0.2299398161463959,0.0,0.0,0.0,0.30778657513900054,0.24258525056531394,0.3575559389247219,0.0,0.0,0.0,0.0,0.14123666366198034,0.0,0.38879624940523905,0.22241827746555431,0.0,0.22983412341637358,0.0,0.2850547527592512,0.3696875399904841,0.20700877132620907,0.43118323907335776,0.0,0.20695888993994593,0.2941701820449183,0.4249119087036973,0.30131702395708815,0.37509112970443875,0.35743956499454044,0.3618168423779284
0.36629447735972637,0.0,0.4003575539169718,0.0,0.43335966537252146,0.3920096101579179,0.43619821627602784,0.37730347043341117,0.38844404531412,0.0,0.32062169250801104,0.0,0.4192451262908373,0.0,0.0,0.3575100446589497,0.28309731176702907,0.33471740788403115,0.37552861933342896,0.3169793504299929,0.392469648216055,0.39641472543524564,0.38763273586740726,0.0,0.28819474339982365,0.2713160252353769,0.3689610940912098,0.284656761624628,0.3349479270793112,0.0,0.30271905304487595,0.3914512435405699,0.0,0.3509858326877816,0.3484361337831885,0.3791201773272399,0.0,0.0,0.45681953903771744,0.0,0.41139957197662436,0.0,0.33057855668544966,0.0,0.0,0.0,0.0,0.0,0.0,0.0,0.4057767103465785,0.0,0.3836735565044217,0.0,0.0,0.0,0.0,0.30479883281691944,0.0,0.0,0.0,0.0,0.2869712321182175,0.0,0.0,0.4303769798858563,0.0,0.4332214733931107,0.0,0.0,0.0,0.42479378438522153,0.3317447191962612,0.34164435883162586,0.0,0.3951447733338095
0.3181802037989841,0.2923905030516055,0.4159182962292378,0.0,0.42438344146348855,0.42152253841464155,0.4033981485176711,0.41586359114391214,0.42143443008326403,0.2931380784465838,0.42126566101217805,0.2915001732692401,0.3844264976916448,0.4050869216303724,0.38089136251127703,0.34508848895138955,0.3063108235423181,0.3245856396927249,0.4193581636311025,0.33540517971916967,0.3564162266613041,0.34400336194044484,0.40051630913316516,0.3194555751160877,0.3130239164016558,0.3264207197002724,0.3779473418517972,0.35759877622638264,0.32915569498500524,0.30271905304487595,0.0,0.4180493639908701,0.30618396675993553,0.3040580218087536,0.28255832187706886,0.3891088713970014,0.35997957155742333,0.3124944837616754,0.4571832354933609,0.34878888225063803,0.42569001207545937,0.46666232881117853,0.30484197059751916,0.0,0.0,0.365507709341823,0.3786057346912032,0.0,0.0,0.3335153400366753,0.40577664569419114,0.2689846046817149,0.45821324969829086,0.29618111460820834,0.317428455455822,0.32378080602466713,0.362211986789449,0.28419194850205004,0.0,0.435618938147486,0.38115057403487007,0.3395820907099047,0.35388808581021747,0.290592933339862,0.3991085315093575,0.4207379088090824,0.39556478102268167,0.4756083783395909,0.3965114081310105,0.371265767803529,0.39994787695932776,0.44908022916803236,0.33001846091884673,0.3730760873665984,0.37527199850976584,0.42661331008387976
0.3903469006270691,0.39046876547494425,0.3995169063839668,0.27913666002198845,0.3906778694157247,0.4076562867659534,0.38644498757276313,0.33747489085483245,0.39943914693016175,0.35328977080544033,0.3697061443794242,0.27786692420881687,0.38960903947882797,0.21612515243394612,0.42100588638529995,0.4342117473796253,0.3923634812065393,0.3807137017139574,0.4062464396820629,0.43795868368888646,0.41370353820585254,0.4351225159407941,0.39925763615973303,0.3710322269962173,0.3898106949146857,0.3966609340696127,0.4140451401807474,0.3769657967601508,0.4263965812440878,0.3914512435405699,0.4180493639908701,0.0,0.36414563502948954,0.3404185691255319,0.39488669020848305,0.2560680506347834,0.3083478285330306,0.27559248418444154,0.35545862598063804,0.3639214991393395,0.3813877667733977,0.36479822419336283,0.27147284118711607,0.274587195734765,0.3103005623281292,0.41337940577715293,0.4162634558856536,0.327169570511656,0.0,0.31530345931899306,0.45046045540522883,0.3268707701110133,0.38639853551451525,0.34524799829269776,0.0,0.2878922924976332,0.0,0.43905684061789096,0.30565573505468374,0.4284984908755058,0.3560738137479954,0.0,0.36695301572017736,0.335288981681267,0.41936541212150613,0.45738104397133644,0.4398547060006309,0.45667705807946596,0.0,0.4005298401567145,0.43686676107190275,0.4600253040500703,0.46135184885840574,0.43697832691091354,0.4451675165435567,0.46416903103886636
0.2739409641606808,0.27064905212225265,0.0,0.0,0.0,0.3162201347891128,0.3367781972768166,0.4343245153285903,0.29985603382932946,0.23015884747048282,0.3501058064786754,0.24748542758289888,0.3704303425535665,0.0,0.36893235879549124,0.3471230726034408,0.289573184537838,0.29849186082290363,0.0,0.3828381478980162,0.32049631126468386,0.370288242182921,0.3247291137800372,0.25141629607442345,0.27005603151235996,0.298986777873329,0.3797991581062108,0.35752600570620224,0.30635197548943016,0.0,0.30618396675993553,0.36414563502948954,0.0,0.24632839932306888,0.36946014179247066,0.2806271931455588,0.3184883477970207,0.228256257274393,0.4017727500139771,0.3546378459473648,0.3404364251616108,0.38524031851108265,0.0,0.0,0.2756963839132885,0.37392837084181413,0.38115402452799485,0.0,0.0,0.0,0.0,0.0,0.0,0.0,0.31943711041339645,0.0,0.3387586698641052,0.3293123051153114,0.0,0.4200716670919631,0.371927483171069,0.30499790252025305,0.31140331617926653,0.0,0.38304972329741904,0.42801200953035745,0.4143171453671851,0.0,0.3435965422807852,0.35052923164066435,0.37295204931031645,0.0,0.38372794969814367,0.3635932668890657,0.0,0.33586639151288833
0.2631532040149776,0.29205261237681623,0.3978416024860674,0.23349729453549137,0.4149406446968551,0.4217883343271425,0.3896837517882783,0.4268493119316283,0.4116577732688807,0.26749589921750777,0.40172670846127373,0.2588598518607463,0.38627368368971493,0.37649663738357503,0.3971441454914044,0.3338130414406616,0.31634864596436424,0.331797413276902,0.38995445660206235,0.3844072699396972,0.35879055564278406,0.37958320820587077,0.41308562725888526,0.2710759665216875,0.3041271133484318,0.32037081627127756,0.40371361129574856,0.3564599910502842,0.3799628887759816,0.3509858326877816,0.3040580218087536,0.3404185691255319,0.24632839932306888,0.0,0.25406183916288205,0.3368364145278474,0.28441675164806707,0.24445140054165207,0.4063155951321584,0.3294040782876925,0.3957523197721448,0.3613641759720155,0.3371121253727408,0.2601994222173575,0.29518799853921984,0.3486047469892578,0.3623627916053703,0.33825735389052586,0.0,0.34570731478895783,0.4224917149758,0.2967708172076027,0.45394834616540314,0.2976846973067987,0.33083436569034813,0.3792535862496241,0.35524675384439947,0.34933266138308056,0.0,0.4246728111225113,0.35852002278328765,0.3197665061478414,0.3470998846196291,0.33786877889444134,0.4317046348483585,0.41904075305696625,0.40607651533731215,0.47563766922723694,0.3621303603474214,0.3655037532583237,0.38067587687058346,0.4686707971163835,0.46878634382831197,0.4074320748563148,0.4026787167930384,0.38824151110347316
0.34686170192907595,0.3758596493478309,0.40258265005164257,0.22585531229414807,0.4119476014095364,0.43525862948749955,0.37341963399844047,0.4343661987100035,0.3977409766843014,0.26237233705116303,0.40059053378217646,0.3183692039535463,0.37467418297838023,0.43322113333099205,0.4441732709492669,0.4081718609056572,0.33113402021686417,0.32921066574826957,0.4142308004184209,0.4398288732362202,0.417615239258585,0.4342736060631647,0.40772227199661787,0.3110256674917689,0.3438431314947944,0.37609062863838694,0.42498384422629953,0.32385347358926314,0.42603898307360966,0.3484361337831885,0.28255832187706886,0.39488669020848305,0.36946014179247066,0.25406183916288205,0.0,0.32173669391289833,0.26569891494328474,0.3013271845414409,0.3813023825428637,0.3818816558019278,0.41117126494002976,0.39606498218786007,0.4007553510080828,0.27813024809024195,0.3276824720027952,0.46360728161018344,0.42190304885142976,0.0,0.0,0.0,0.3981073996339529,0.0,0.4884648328420734,0.0,0.0,0.0,0.0,0.3471381403810014,0.0,0.4521476975806504,0.3795116727992729,0.0,0.37015118934162206,0.0,0.417057843526214,0.48305117360582017,0.4479149970209892,0.47769671682068043,0.0,0.3677217590627475,0.42732943552902825,0.471798452603253,0.4150699178052327,0.40920006257470415,0.0,0.4062537241651075
0.0,0.0,0.3645344819662817,0.20666989862905996,0.25875281608267126,0.42386699715644605,0.25923615255569243,0.22775106800003947,0.3653839221536273,0.27095578491783984,0.27137121585037677,0.30939522104381567,0.3085055960381,0.21060772853588433,0.523969492924482,0.0,0.0,0.0,0.3651618727681407,0.452418277458256,0.47279515971363456,0.481309086073117,0.39335873049366726,0.38243017589302364,0.0,0.4343014349630128,0.49455664771851116,0.24322737583006618,0.4538107365130799,0.3791201773272399,0.3891088713970014,0.2560680506347834,0.2806271931455588,0.3368364145278474,0.32173669391289833,0.0,0.18407866911059362,0.30276591176961143,0.23900809095515554,0.0,0.0,0.30645283045598015,0.25562364040421515,0.246950713469946,0.0,0.0,0.0,0.383014516041667,0.0,0.35815389323755553,0.0,0.0,0.2492387619817708,0.3767737398927812,0.0,0.2751365463839721,0.0,0.40272597132938903,0.3184062509451542,0.0,0.0,0.0,0.0,0.41298879649378345,0.0,0.0,0.0,0.3460936916311079,0.0,0.0,0.0,0.4003768178415787,0.0,0.0,0.0,0.3199125745718581
0.0,0.0,0.32637002294868994,0.15770105111434343,0.29670426320009957,0.39699767089620586,0.2786723765764464,0.18230994529782057,0.36013862717627004,0.24986882838041602,0.31250408910131605,0.3341858104386259,0.30757368541777835,0.15876665170371937,0.0,0.0,0.0,0.0,0.3639579687558463,0.0,0.0,0.0,0.35992402210409674,0.0,0.0,0.0,0.38094071151016967,0.2424059049415121,0.0,0.0,0.35997957155742333,0.3083478285330306,0.3184883477970207,0.28441675164806707,0.26569891494328474,0.18407866911059362,0.0,0.315465253982957,0.2875147196170405,0.0,0.0,0.30224624144673184,0.0,0.2812430691167882,0.0,0.0,0.0,0.0,0.0,0.0,0.0,0.0,0.0,0.0,0.0,0.0,0.0,0.0,0.0,0.0,0.0,0.0,0.0,0.0,0.0,0.0,0.0,0.0,0.0,0.0,0.0,0.0,0.0,0.0,0.0,0.0
