0.0,0.2877320186422788,0.0,0.0,0.0,0.3134303969818505,0.2661862283300656,0.5149492647395421,0.0,0.34744563212142715,0.0,0.3585932739456658,0.2960923299518475,0.0,0.37227796579477435,0.31633014756640004,0.33178027697863377,0.3381997873328321,0.0,0.3690076606980824,0.43478949483089535,0.32475532195793777,0.44148563647586814,0.38235383076108714,0.31466833727387167,0.33229369303751155,0.41593229252804026,0.30898297070189434,0.3873972762419534,0.3601100904346692,0.3187760289401331,0.39102724889630985,0.27881944625302635,0.26576502310556505,0.3251294379993866,0.0,0.0,0.3546289545954161,0.43962275251327954,0.37034486394777577,0.352648381004378,0.34588321302855635,0.0,0.0,0.0,0.3854246694063117,0.38859676905675433,0.0,0.0,0.0,0.0,0.0,0.0,0.0,0.0,0.0,0.0,0.0,0.0,0.0,0.39476316889230073,0.0,0.3936931906815087,0.0,0.0,0.4049013268218383,0.39253233879527155,0.0,0.44313828315012455,0.3933310869766664,0.3962491939649107,0.0,0.0,0.3673760901755971,0.0,0.0
0.2877320186422788,0.0,0.2980775024311878,0.0,0.3306773712463125,0.33929795513970606,0.3357027773753898,0.42793405379330524,0.27146579879957816,0.23507896351530166,0.0,0.0,0.3797673693534594,0.0,0.3710755422779176,0.3271461804154833,0.29234761700220147,0.3451714183301855,0.0,0.35548725546961807,0.363356869313359,0.35203155740989667,0.35434715301816583,0.2841597898753272,0.32157521755126023,0.32731728728530524,0.3545628710887502,0.3773753006544493,0.34614203625913104,0.0,0.2911189259912096,0.3893489658717689,0.27068929447781476,0.2906548182890967,0.3246392089140152,0.0,0.0,0.0,0.4239441974211859,0.37906210479522656,0.3849707407698079,0.4286661686476461,0.0,0.0,0.0,0.3604832486085752,0.405946784318526,0.0,0.0,0.0,0.0,0.0,0.0,0.0,0.0,0.0,0.0,0.0,0.0,0.3972384846764003,0.3839291057176942,0.0,0.34821968248314045,0.0,0.35445786694220266,0.4203641781622993,0.42289328421065775,0.3072394212009503,0.0,0.36424377233557803,0.40780284926598975,0.3437589660120768,0.0,0.0,0.0,0.3479173930591475
0.0,0.2980775024311878,0.0,0.0,0.3634917598943987,0.3621108747364988,0.3712521157320466,0.44294052430548364,0.2921596562662533,0.36186138858679734,0.32325538000274845,0.0,0.39937019344145375,0.41650330496583293,0.0,0.0,0.0,0.0,0.24925511764002026,0.0,0.33738617642315616,0.0,0.35712377617614177,0.0,0.0,0.2892046967145231,0.29829268732870146,0.40330625543892207,0.0,0.41024279821576415,0.4203228257998152,0.40439196829081064,0.0,0.4045424276969236,0.4205178638686662,0.3708460145574506,0.3434560533409813,0.0,0.40612957112928727,0.0,0.4106092643465839,0.37787856197314995,0.4316246877883104,0.0,0.0,0.0,0.0,0.4862231971532203,0.0,0.47712526120031185,0.498858430585615,0.4314865045802236,0.4283451922371159,0.5347442165216804,0.0,0.516621748114956,0.0,0.42621373391386264,0.4580096339774823,0.0,0.0,0.0,0.0,0.5979258288164129,0.0,0.0,0.0,0.5273886475188728,0.0,0.0,0.0,0.522654977782736,0.38279951847214866,0.0,0.0,0.4095039248326085
0.0,0.0,0.0,0.0,0.2895046081204122,0.37772245726412257,0.2813281078494735,0.3036156996899286,0.3460181239333441,0.24289782897599654,0.3281169917440647,0.0,0.2787820000079478,0.3113602054098791,0.0,0.0,0.0,0.0,0.36838848043841327,0.0,0.0,0.0,0.3679842874475703,0.0,0.0,0.0,0.3657201900141259,0.22092624566498317,0.0,0.0,0.0,0.28070346772153454,0.0,0.23642781995453174,0.22933035958170858,0.21418702490713087,0.15859564184442201,0.2627169003576524,0.0,0.0,0.0,0.0,0.0,0.0,0.0,0.0,0.0,0.0,0.0,0.0,0.0,0.0,0.0,0.0,0.0,0.0,0.0,0.0,0.0,0.0,0.0,0.0,0.0,0.0,0.0,0.0,0.0,0.0,0.0,0.0,0.0,0.0,0.0,0.0,0.0,0.0
0.0,0.3306773712463125,0.3634917598943987,0.2895046081204122,0.0,0.35420066611668705,0.3192650466958924,0.380186685537777,0.32794216949698,0.3502420062546169,0.3273888310699546,0.37533272880191637,0.3719161054753756,0.2973327718519029,0.0,0.3750990121992684,0.3788849702780438,0.3589103742718131,0.3436857055179147,0.0,0.0,0.40016532837211594,0.39043022127192434,0.3822839643678929,0.29637800697308936,0.2755367415356174,0.3788190510061872,0.35011436249019207,0.370184121936114,0.4315858057901682,0.42715415926266564,0.3910924178793416,0.0,0.41900131678120933,0.415512729257942,0.2609918189605042,0.2952287905569252,0.3575110785075173,0.3470611903607925,0.0,0.390001709014301,0.28551210552815337,0.3553132720210039,0.0,0.0,0.0,0.0,0.4800191005313639,0.0,0.4152895217228878,0.4241395788545712,0.367975614532895,0.4192152839403372,0.44915918920424824,0.0,0.4651743191523052,0.0,0.31890478822969615,0.3877235118411949,0.0,0.0,0.0,0.0,0.4959937644311643,0.0,0.0,0.0,0.4881117818212006,0.0,0.0,0.0,0.44643080535046725,0.335681350104412,0.34201762208814007,0.0,0.35532170952889197
0.3134303969818505,0.33929795513970606,0.3621108747364988,0.37772245726412257,0.35420066611668705,0.0,0.37771852750637114,0.37911754524704255,0.3100097836165504,0.40137796003937354,0.3905586440363059,0.0,0.3824031608244808,0.0,0.32834612723845347,0.3618350367476209,0.0,0.3245034841814748,0.36327669931699097,0.35582192238592325,0.34580715545877794,0.3769320911740152,0.3928954498109718,0.0,0.31803581169471096,0.3317999624356184,0.34534629272001366,0.3559453761723006,0.29089485956745553,0.3936827683926651,0.4247268523982787,0.4099054490229977,0.3177505296557472,0.42503039110687857,0.4365695032569464,0.4266075460000576,0.400523085394803,0.3437540146117119,0.46180882576098603,0.0,0.4622397866826889,0.43152228410925375,0.353005857130904,0.0,0.0,0.0,0.2569774677895125,0.5053726850011626,0.0,0.39076836883013,0.45617307909885285,0.4228228891232547,0.4120126515874248,0.5006674562256326,0.0,0.4342994977441019,0.0,0.41111060137641275,0.4281547641274997,0.3408187566969298,0.2191212448315391,0.0,0.0,0.5042118260704096,0.3389522725318943,0.3720904839536657,0.32580414591848206,0.4685483731969132,0.0,0.23385105479516313,0.3079915855034209,0.45956473604157805,0.4176363545081767,0.426881938099335,0.4233436899038681,0.45342150006248
0.2661862283300656,0.3357027773753898,0.3712521157320466,0.2813281078494735,0.3192650466958924,0.37771852750637114,0.0,0.4163312339358119,0.3544082027886075,0.31124545292652633,0.39981808786484724,0.35398348225492426,0.3258735830753973,0.30483718711950714,0.0,0.37556533594047176,0.3643222636722567,0.3398533860227444,0.41254930829749953,0.4064553862392604,0.3665632344660268,0.42343299370268,0.40169046433594724,0.0,0.29992088214016754,0.3024504225366577,0.39136426192483065,0.30889075023953994,0.3981993472000167,0.43343078596822016,0.40508103597695827,0.3870803881563323,0.3490043369043966,0.39153157727282906,0.37186150954719066,0.25880373234995946,0.2861675741964539,0.3663337557524555,0.343650461150945,0.0,0.3512340385837858,0.0,0.3164950645482995,0.0,0.0,0.0,0.0,0.43339139139047345,0.0,0.3563518667295077,0.38257812570201777,0.3535364495364052,0.3670317742191977,0.40560066720270777,0.0,0.3939600169104849,0.0,0.32734431877137904,0.370856224348614,0.0,0.0,0.0,0.0,0.4238023417173732,0.0,0.2823991677388417,0.0,0.4751800407518742,0.0,0.0,0.0,0.42657021203817574,0.3236067404509231,0.33507796855955985,0.0,0.33261501111470926
0.5149492647395421,0.42793405379330524,0.44294052430548364,0.3036156996899286,0.380186685537777,0.37911754524704255,0.4163312339358119,0.0,0.43555955654959755,0.4249598703546113,0.25228868130997956,0.0,0.41572601641765644,0.29567900610638265,0.3105275394612134,0.41998680882654443,0.3247229037431013,0.4427879995231429,0.39968401744835774,0.3621338460233269,0.4169536165516508,0.3879978240276849,0.34296128065626463,0.5125942056877006,0.46000684691695887,0.47569019738092005,0.4240444810364912,0.3970952399343339,0.3424740805061985,0.3847435971757602,0.4180925308435879,0.3411448558381094,0.43458415210834467,0.4291042984284112,0.43555512972041516,0.23079909313154148,0.18475811659621394,0.0,0.38574519629299564,0.0,0.4534210115669293,0.46389165138870836,0.30716581242579144,0.0,0.0,0.0,0.0,0.4754609234997469,0.0,0.43727651596755407,0.41413352316524565,0.4161424086755874,0.2891393261594446,0.4698515849738425,0.0,0.36455922104511146,0.0,0.4066825805567929,0.3910224920307639,0.0,0.0,0.0,0.0,0.4794271339348688,0.0,0.0,0.0,0.43735259745765065,0.0,0.0,0.0,0.4517563172946022,0.4093932259636411,0.39357061576330105,0.0,0.4539690553502728
0.0,0.27146579879957816,0.2921596562662533,0.3460181239333441,0.32794216949698,0.3100097836165504,0.3544082027886075,0.43555955654959755,0.0,0.34655156878239735,0.28087491271011805,0.3472374159193712,0.3766611509027684,0.3662867005044306,0.0,0.3485187963630383,0.3189319312449325,0.3039698374536001,0.25303443847121143,0.38443171681304183,0.31029335173211114,0.3815087987974238,0.3921520504077075,0.3520514022594603,0.22432098550590235,0.22433054638221844,0.33304937205385615,0.4054383989998468,0.3744624966250244,0.38937545823791475,0.42661301317473116,0.4047786984847629,0.3279723095238659,0.41830609090939785,0.4048074776684337,0.37174001135994483,0.3690865620262066,0.30773237142806065,0.4170385748379565,0.0,0.3568574186881198,0.0,0.4313190085109751,0.0,0.0,0.0,0.0,0.5196391575411953,0.0,0.4244284815961305,0.47920663644245504,0.4184150377782483,0.47564688992254567,0.4731679693377883,0.0,0.48798909540207164,0.0,0.37210900328543034,0.4569387978656425,0.0,0.0,0.0,0.0,0.5340192010606893,0.0,0.0,0.0,0.5121199987846766,0.0,0.0,0.0,0.5101694167118425,0.3509570693991683,0.3336563284620956,0.0,0.35139282216110224
0.34744563212142715,0.23507896351530166,0.36186138858679734,0.24289782897599654,0.3502420062546169,0.40137796003937354,0.31124545292652633,0.4249598703546113,0.34655156878239735,0.0,0.36573692989656353,0.25493782847777047,0.37058420265631564,0.3700909247905101,0.0,0.3435503825813872,0.2917521693485297,0.3020750495468338,0.3858144956155491,0.0,0.0,0.0,0.3920628241883606,0.28057684811576633,0.29811331846093275,0.2830378678633608,0.39337325864485706,0.3447196306982089,0.0,0.0,0.29233668857119355,0.3506641281867267,0.2314503878265125,0.2682141602915569,0.26518645120107176,0.2734249541270653,0.2514192732899342,0.26145963860025356,0.36724463346648234,0.29014543855656716,0.3271101868543994,0.3627492093165525,0.0,0.0,0.3230917277083607,0.0,0.0,0.0,0.0,0.0,0.0,0.33659436924258135,0.0,0.0,0.3343763378597287,0.32146626644141596,0.348109133231844,0.34262469210401236,0.0,0.0,0.2953079856127059,0.26383234212462015,0.2662417460831184,0.0,0.0,0.0,0.0,0.0,0.31451948918050643,0.28410022157068704,0.31028840220742937,0.0,0.36862567122935913,0.0,0.0,0.3366773246750709
0.0,0.0,0.32325538000274845,0.3281169917440647,0.3273888310699546,0.3905586440363059,0.39981808786484724,0.25228868130997956,0.28087491271011805,0.36573692989656353,0.0,0.36165680628143276,0.40775659317356466,0.28406651540525174,0.0,0.0,0.326847110528695,0.3233648181373243,0.29035671867678947,0.0,0.0,0.0,0.3485743227461237,0.38677097427644586,0.0,0.29102135989915284,0.3415969221780054,0.38955218088458315,0.0,0.2935926054217532,0.42613729894095964,0.37346379880188746,0.3627019459190095,0.4083853733065276,0.40400157690509875,0.2791315698546245,0.3266108653059033,0.3393246939992416,0.2647858893077939,0.0,0.0,0.0,0.26282311941018766,0.0,0.0,0.0,0.0,0.48848861028434715,0.0,0.45520131291357524,0.4158807781514114,0.4608768757340019,0.32850904500728817,0.4852523416653535,0.0,0.35212444681073235,0.0,0.0,0.3359248741612716,0.0,0.0,0.0,0.0,0.5267284923232822,0.0,0.0,0.0,0.4165130452737873,0.0,0.0,0.0,0.47170268384647335,0.4061545710279601,0.0,0.0,0.0
0.3585932739456658,0.0,0.0,0.0,0.37533272880191637,0.0,0.35398348225492426,0.0,0.3472374159193712,0.25493782847777047,0.36165680628143276,0.0,0.3350954593683326,0.0,0.0,0.0,0.25796723010845,0.28141457641450984,0.35746156104165017,0.0,0.0,0.0,0.0,0.25903837821050346,0.28053114034354987,0.2696803785976553,0.0,0.337369614777485,0.0,0.0,0.29082110816657974,0.2796790694651496,0.2513721643768582,0.25870920809451214,0.31940506695824417,0.3159926498020253,0.329283425980078,0.2371766314028224,0.38648989766444086,0.2886725745705966,0.3257075036280327,0.3511620445743845,0.0,0.0,0.3134947194823422,0.0,0.0,0.0,0.0,0.0,0.0,0.0,0.0,0.0,0.3481719034831317,0.0,0.37145976081638554,0.3483324548187718,0.0,0.0,0.0,0.22036284830472347,0.29576948652060026,0.0,0.0,0.0,0.0,0.0,0.3322473235133956,0.2985535014761377,0.3228031585802449,0.0,0.3786417222726488,0.0,0.0,0.3458033415997785
0.2960923299518475,0.3797673693534594,0.39937019344145375,0.2787820000079478,0.3719161054753756,0.3824031608244808,0.3258735830753973,0.41572601641765644,0.3766611509027684,0.37058420265631564,0.40775659317356466,0.3350954593683326,0.0,0.33420454222267926,0.397880368129493,0.42461691355428555,0.34157645356550553,0.3500706946408862,0.42430001520342375,0.41340496955129014,0.401518715467161,0.4333837972573555,0.41309120259093796,0.31937591166823354,0.3671871693096796,0.37125068142061535,0.40975562668014487,0.3320884336750877,0.3935769136648501,0.4180576671712845,0.3851852275022152,0.3909488909988448,0.37749386237187577,0.38813053122277896,0.3749658312621431,0.31007524058570946,0.3101700687991677,0.33866863502697436,0.4545315466699762,0.37098818934181443,0.4135096400083037,0.39195518346212466,0.30605443993765674,0.0,0.0,0.29944786982097965,0.26377427744580656,0.43273645753245277,0.0,0.33218110956173597,0.3519255380096944,0.35041568283129987,0.4300754865394004,0.3679715923214244,0.0,0.38737885514623893,0.0,0.3282555540951883,0.0,0.33230267207930786,0.2637503408941868,0.0,0.2906018097041616,0.4181634469763824,0.37073647352060446,0.3553951039362031,0.2859986812654775,0.472264475139382,0.0,0.2885295939669612,0.2969671640227989,0.44115061811493345,0.3777798037346711,0.3835350847411903,0.3872977800979096,0.35514080984345353
0.0,0.0,0.41650330496583293,0.3113602054098791,0.2973327718519029,0.0,0.30483718711950714,0.29567900610638265,0.3662867005044306,0.3700909247905101,0.28406651540525174,0.0,0.33420454222267926,0.0,0.0,0.0,0.0,0.0,0.3742115184497134,0.0,0.0,0.0,0.3644045326586771,0.0,0.0,0.0,0.42424079803274767,0.26341895777098684,0.0,0.0,0.40795544487534796,0.22710560848440256,0.0,0.3888494082758621,0.4471118656766922,0.21736806783899332,0.1621848832867995,0.0,0.3461111331267578,0.0,0.0,0.0,0.2940998571938945,0.0,0.0,0.0,0.0,0.41135124903024406,0.0,0.0,0.0,0.0,0.33874872373366394,0.4165078881048752,0.0,0.31550594556179107,0.0,0.0,0.3842459351188299,0.0,0.0,0.0,0.0,0.43845490698784567,0.0,0.0,0.0,0.38061369444467374,0.0,0.0,0.0,0.4120126924495787,0.0,0.0,0.0,0.0
0.37227796579477435,0.3710755422779176,0.0,0.0,0.0,0.32834612723845347,0.0,0.3105275394612134,0.0,0.0,0.0,0.0,0.397880368129493,0.0,0.0,0.3692239643470723,0.0,0.3676135726835102,0.0,0.26483369168180443,0.37192085254551227,0.29946087293753276,0.31303469484303914,0.3851615720234256,0.34660731095970754,0.3520743921590029,0.35539647790140255,0.3875909970238907,0.35813800606175716,0.0,0.3807562108609088,0.42044296228371325,0.3702677500126979,0.3964860740692528,0.4440925009878408,0.5294678968445863,0.0,0.0,0.4420827146851703,0.42750133968944504,0.3875231200322645,0.46953661534719343,0.0,0.0,0.0,0.0,0.43374057882039446,0.0,0.0,0.0,0.0,0.0,0.0,0.0,0.0,0.0,0.0,0.0,0.0,0.4034264643369254,0.3529740425091247,0.0,0.0,0.0,0.3534443215011601,0.4310374665608402,0.4110488609000166,0.4372016927605913,0.0,0.2832463307203869,0.43489893846798205,0.4207842549956436,0.40419094022747243,0.4053302270539959,0.0,0.35938774754479375
0.31633014756640004,0.3271461804154833,0.0,0.0,0.3750990121992684,0.3618350367476209,0.37556533594047176,0.41998680882654443,0.3485187963630383,0.3435503825813872,0.0,0.0,0.42461691355428555,0.0,0.3692239643470723,0.0,0.3393359897583936,0.35315835855978694,0.0,0.37657904957943594,0.3589358809864751,0.33517380846307776,0.3888010257121526,0.3120073182972918,0.3373146533203549,0.3252526837757292,0.37436056520443095,0.37681134000446515,0.3889519881482557,0.3641785033518312,0.34486540970314444,0.43319733795224874,0.3473296742721883,0.3334975260128118,0.40716988860327574,0.0,0.0,0.0,0.4195833616460581,0.36926291889457374,0.3645756187278249,0.41213094502272096,0.0,0.0,0.0,0.390221180612529,0.3834132475267385,0.0,0.0,0.0,0.0,0.0,0.0,0.0,0.0,0.0,0.0,0.0,0.0,0.35341050072110725,0.3883882013977984,0.0,0.39407220004797605,0.0,0.37061423476795236,0.38870610518343357,0.3847066206789177,0.0,0.0,0.3937069803456379,0.3911701303885424,0.0,0.0,0.35147883592198537,0.0,0.35790276019734457
0.33178027697863377,0.29234761700220147,0.0,0.0,0.3788849702780438,0.0,0.3643222636722567,0.3247229037431013,0.3189319312449325,0.2917521693485297,0.326847110528695,0.25796723010845,0.34157645356550553,0.0,0.0,0.3393359897583936,0.0,0.28879306585678144,0.3474183629664268,0.3132814260528426,0.38187525114915544,0.3300414730007232,0.32635379720418645,0.3135668285459646,0.33544622237712607,0.30274372139056627,0.0,0.3414683009794194,0.311387271368548,0.2808264026718696,0.3074979447090749,0.3925703692522906,0.2908941615130158,0.3169069647514911,0.330897782982671,0.0,0.0,0.2598124790942434,0.41428660321664995,0.3601982109680883,0.32182426114248713,0.3836168620756992,0.0,0.0,0.0,0.3525701429184138,0.0,0.0,0.0,0.0,0.0,0.0,0.0,0.0,0.3558697675122655,0.0,0.31607440915212043,0.0,0.0,0.0,0.3346311339953191,0.32516930368445457,0.34097751405257004,0.0,0.0,0.0,0.0,0.0,0.3573090492876741,0.38175942516606653,0.3843753914327824,0.0,0.0,0.2712993947626691,0.0,0.32613313103606395
0.3381997873328321,0.3451714183301855,0.0,0.0,0.3589103742718131,0.3245034841814748,0.3398533860227444,0.4427879995231429,0.3039698374536001,0.3020750495468338,0.3233648181373243,0.28141457641450984,0.3500706946408862,0.0,0.3676135726835102,0.35315835855978694,0.28879306585678144,0.0,0.0,0.3772964110662925,0.4018711531450833,0.37405387745496316,0.40726320652224907,0.30714994853861216,0.3194184453638718,0.32806034938130946,0.34734133428914893,0.3566697213371318,0.39449425081867034,0.34517468418711994,0.32556442114569756,0.38160444450246467,0.2999339831512472,0.3328983084186376,0.3294422270176748,0.0,0.0,0.2705672141185213,0.424362125778397,0.369053759349172,0.381294090240142,0.40983125872028786,0.0,0.0,0.0,0.38220696311902136,0.39869529030424056,0.0,0.0,0.0,0.26781583710636114,0.0,0.0,0.0,0.3718060345892762,0.0,0.3681771942704762,0.270305753410231,0.0,0.29473673681831436,0.39203367243745846,0.3854064481997132,0.37218150707486025,0.0,0.286829049333665,0.3373029755130398,0.35957040298694254,0.23430159744327717,0.35778208987827254,0.38012200904687704,0.3868074009734249,0.3128707231689737,0.2702716239459425,0.2695767748746026,0.0,0.37724928298120197
0.0,0.0,0.24925511764002026,0.36838848043841327,0.3436857055179147,0.36327669931699097,0.41254930829749953,0.39968401744835774,0.25303443847121143,0.3858144956155491,0.29035671867678947,0.35746156104165017,0.42430001520342375,0.3742115184497134,0.0,0.0,0.3474183629664268,0.0,0.0,0.0,0.0,0.0,0.3415962191356648,0.33140173635363823,0.0,0.32138548966559455,0.28936178191021544,0.4167413902381525,0.0,0.36413322170617546,0.4256638023383166,0.40990268485690184,0.0,0.3992013708591734,0.42095528664681586,0.3691503107030077,0.38303532922317446,0.3534075964898757,0.41884857247904517,0.0,0.0,0.0,0.41687884791896024,0.0,0.0,0.0,0.0,0.43190219669099356,0.0,0.4649760065249021,0.4833645555754281,0.44469275695059957,0.48456958183301685,0.5347246593754428,0.0,0.5131663652286008,0.0,0.3792767196979331,0.3797601487828207,0.0,0.0,0.0,0.0,0.5585005565188266,0.0,0.0,0.0,0.533024737246541,0.0,0.0,0.0,0.5321834128196353,0.0,0.0,0.0,0.42342005855091525
0.3690076606980824,0.35548725546961807,0.0,0.0,0.0,0.35582192238592325,0.4064553862392604,0.3621338460233269,0.38443171681304183,0.0,0.0,0.0,0.41340496955129014,0.0,0.26483369168180443,0.37657904957943594,0.3132814260528426,0.3772964110662925,0.0,0.0,0.38597394171474186,0.3109422661266261,0.22514712151262614,0.34657189359458274,0.34108160359512923,0.3813436544492674,0.3152707684810356,0.36445626464235176,0.30199417014338936,0.3175905636866432,0.33490826347088215,0.43541752291910146,0.38009598313228643,0.3822948131790446,0.4385148880031863,0.4642184807683628,0.0,0.0,0.43223704400124136,0.33251538964165517,0.2842793277584072,0.44155460358089316,0.0,0.0,0.0,0.3422633011468497,0.35751292784459765,0.0,0.0,0.0,0.41719699743396627,0.0,0.0,0.0,0.0,0.0,0.0,0.0,0.0,0.3630439551732359,0.2793788468028002,0.0,0.26796602684522014,0.0,0.3905642979269222,0.33959569023012426,0.4100684468708569,0.4170284155432189,0.0,0.26162332242040104,0.3790662844086532,0.426713798050658,0.40577251711977297,0.3414883078544194,0.0,0.39599629801641845
0.43478949483089535,0.363356869313359,0.33738617642315616,0.0,0.0,0.34580715545877794,0.3665632344660268,0.4169536165516508,0.31029335173211114,0.0,0.0,0.0,0.401518715467161,0.0,0.37192085254551227,0.3589358809864751,0.38187525114915544,0.4018711531450833,0.0,0.38597394171474186,0.0,0.3854322843049695,0.3617802131413943,0.492425701173018,0.4032234359870945,0.3903074805453888,0.41590402367343454,0.40423400497922274,0.37621674906284297,0.3881921905458636,0.36542201905580346,0.41565591205563135,0.32256818359733685,0.3609406720894396,0.4204412610787459,0.46507341909361377,0.0,0.0,0.4597580006628571,0.3706848373049154,0.4218315818449603,0.0,0.0,0.0,0.0,0.40453940290658397,0.4115703408871443,0.0,0.0,0.0,0.0,0.0,0.42031951062985884,0.0,0.0,0.0,0.0,0.0,0.0,0.4207185297944185,0.35206585106897365,0.0,0.0,0.0,0.390922018470974,0.3928308397384045,0.42603569988121753,0.4465680536467225,0.0,0.3361822020369961,0.45578351098423325,0.42505210380693753,0.41760950160409105,0.42134379209149675,0.0,0.3925237607586602
0.32475532195793777,0.35203155740989667,0.0,0.0,0.40016532837211594,0.3769320911740152,0.42343299370268,0.3879978240276849,0.3815087987974238,0.0,0.0,0.0,0.4333837972573555,0.0,0.29946087293753276,0.33517380846307776,0.3300414730007232,0.37405387745496316,0.0,0.3109422661266261,0.3854322843049695,0.0,0.38372234252167936,0.0,0.33421652422161124,0.3559892914560188,0.39036143973963955,0.41382830007345583,0.35158636559144324,0.3941115866825205,0.3428259593784172,0.43358485425797627,0.3679900005477702,0.3774874139963466,0.43234853712569227,0.4845006618632274,0.0,0.0,0.44866740695921575,0.41357976807701013,0.42875790429803196,0.44720075258149405,0.0,0.0,0.0,0.37518380264250073,0.41213075135301175,0.0,0.0,0.0,0.34345627377868115,0.0,0.0,0.0,0.0,0.0,0.0,0.0,0.0,0.4331574984974824,0.3425784371510491,0.0,0.3193349505167448,0.0,0.41068954031706206,0.432560142777079,0.42512551477509986,0.4100827036231962,0.0,0.3265166596558634,0.4465654374803667,0.3586130559419183,0.0,0.38247092877510436,0.0,0.3544892521939773
0.44148563647586814,0.35434715301816583,0.35712377617614177,0.3679842874475703,0.39043022127192434,0.3928954498109718,0.40169046433594724,0.34296128065626463,0.3921520504077075,0.3920628241883606,0.3485743227461237,0.0,0.41309120259093796,0.3644045326586771,0.31303469484303914,0.3888010257121526,0.32635379720418645,0.40726320652224907,0.3415962191356648,0.22514712151262614,0.3617802131413943,0.38372234252167936,0.0,0.48061589538802313,0.38249287983996966,0.3945986031225487,0.314950355292804,0.3983869341958886,0.3596101494641217,0.3871136228992292,0.4017306191733132,0.40030437464182017,0.3273653358794303,0.41458936596470153,0.40910545894407296,0.3957626690246831,0.3641732523925096,0.3447316046292499,0.46342014366712647,0.4619076640030441,0.48958595103587427,0.5021866577337174,0.4007993651515066,0.38954259131937297,0.0,0.0,0.3600011054029155,0.5376176897726731,0.0,0.44516776645414086,0.48464786029385165,0.48570871818538697,0.43470248052654675,0.5262493190568892,0.0,0.5039610723072074,0.0,0.47152530872362947,0.43529913865621084,0.4215865291126457,0.3014831922706632,0.0,0.0,0.5674882979907288,0.4105684610356374,0.4128319886535212,0.40108280199644175,0.5030653919947088,0.0,0.2497410653504273,0.3989591775879591,0.4932604009141108,0.46942286529383637,0.44299475935788324,0.4791571280614603,0.4765242663152011
0.38235383076108714,0.2841597898753272,0.0,0.0,0.3822839643678929,0.0,0.0,0.5125942056877006,0.3520514022594603,0.28057684811576633,0.38677097427644586,0.25903837821050346,0.31937591166823354,0.0,0.3851615720234256,0.3120073182972918,0.3135668285459646,0.30714994853861216,0.33140173635363823,0.34657189359458274,0.492425701173018,0.0,0.48061589538802313,0.0,0.2959437561321201,0.3064060140006966,0.40512382909653966,0.36290924729399,0.34563677480641264,0.0,0.3200739664704574,0.37026767843341246,0.255158061317901,0.2703074870562473,0.3117004807022735,0.3941806650839326,0.0,0.24345283262303113,0.43203768623028943,0.31590742318070053,0.3315693023840772,0.0,0.0,0.0,0.31956292900468136,0.4033123081539254,0.0,0.0,0.0,0.0,0.0,0.0,0.0,0.0,0.34388052792172785,0.0,0.3650111164938898,0.39737269297153716,0.0,0.0,0.3752252729319709,0.3463137383362042,0.38118077146993157,0.0,0.0,0.0,0.0,0.0,0.3985723565624542,0.3806107280157742,0.3858751002893741,0.0,0.0,0.0,0.0,0.3775214450572095
0.31466833727387167,0.32157521755126023,0.0,0.0,0.29637800697308936,0.31803581169471096,0.29992088214016754,0.46000684691695887,0.22432098550590235,0.29811331846093275,0.0,0.28053114034354987,0.3671871693096796,0.0,0.34660731095970754,0.3373146533203549,0.33544622237712607,0.3194184453638718,0.0,0.34108160359512923,0.4032234359870945,0.33421652422161124,0.38249287983996966,0.2959437561321201,0.0,0.31862173663924676,0.3334484616366544,0.3604042803332783,0.34420507349682483,0.28970951456774996,0.3148038552253878,0.38970412781701513,0.27180024890001814,0.30600886841252417,0.34545638351591246,0.0,0.0,0.23704828751265536,0.4225625924988623,0.36221939356039423,0.37571238063586754,0.4186218391200744,0.0,0.0,0.0,0.3719334392382734,0.3971491798961154,0.0,0.0,0.0,0.25692847703730176,0.0,0.0,0.0,0.3570282666618567,0.0,0.36795636533812115,0.2807627112857742,0.0,0.3191707050914483,0.3863615528027764,0.36951132289528255,0.3745500592627965,0.0,0.344454922112533,0.3079467294631344,0.25861859929696385,0.0,0.38178560686302004,0.3804502461713736,0.3878166911988176,0.2822963251219581,0.2986548771050655,0.3167245696009357,0.0,0.37178691694959437
0.33229369303751155,0.32731728728530524,0.2892046967145231,0.0,0.2755367415356174,0.3317999624356184,0.3024504225366577,0.47569019738092005,0.22433054638221844,0.2830378678633608,0.29102135989915284,0.2696803785976553,0.37125068142061535,0.0,0.3520743921590029,0.3252526837757292,0.30274372139056627,0.32806034938130946,0.32138548966559455,0.3813436544492674,0.3903074805453888,0.3559892914560188,0.3945986031225487,0.3064060140006966,0.31862173663924676,0.0,0.38670208358911823,0.28961484729927356,0.3482370221614148,0.2778474029302195,0.32706486433250426,0.3958566764503988,0.30040500955356786,0.3206264026869739,0.3762399671628247,0.43759446855160533,0.0,0.26327811343223406,0.42879040157487175,0.3775607976958391,0.3727327360082143,0.4272027101524747,0.0,0.0,0.0,0.3895757130148027,0.4098485555501129,0.0,0.0,0.0,0.2988711789878815,0.0,0.0,0.0,0.32368789061619113,0.0,0.3316455186777048,0.2728227342268188,0.0,0.4522712051650811,0.3832428497216442,0.36351888246968234,0.38030655131826174,0.0,0.3791035588932373,0.4798464481330418,0.43309747513618196,0.3513440438157406,0.39793671234437755,0.38807512659564586,0.4073918913244599,0.3485521245380282,0.3176311574680758,0.3011102298652757,0.0,0.36699054176199475
0.41593229252804026,0.3545628710887502,0.29829268732870146,0.3657201900141259,0.3788190510061872,0.34534629272001366,0.39136426192483065,0.4240444810364912,0.33304937205385615,0.39337325864485706,0.3415969221780054,0.0,0.40975562668014487,0.42424079803274767,0.35539647790140255,0.37436056520443095,0.0,0.34734133428914893,0.28936178191021544,0.3152707684810356,0.41590402367343454,0.39036143973963955,0.314950355292804,0.40512382909653966,0.3334484616366544,0.38670208358911823,0.0,0.3959419458467468,0.33141246258766105,0.36856867306547697,0.3768865610113144,0.4135096508223847,0.37844730902647217,0.4033265891366423,0.42428223585935815,0.4945460876028998,0.38248205867245266,0.0,0.46410936476144443,0.42099992800476516,0.4572386434731448,0.46535711424507237,0.4391743563195921,0.0,0.0,0.0,0.3601060566357869,0.527103633213761,0.0,0.4532981329293289,0.4684681765774483,0.4511489648994497,0.47103238294758326,0.5221072009728083,0.0,0.49119701493540185,0.0,0.41031502678049847,0.4380242373621106,0.43060894736670435,0.26721360249170095,0.0,0.0,0.5419933820169777,0.4157300939276459,0.4296387776750931,0.3564390429139749,0.49774049178441426,0.0,0.24239341272755502,0.457519313472771,0.48197667593892407,0.42087264951545794,0.4251797370055588,0.44155937829133607,0.4504114778333348
0.30898297070189434,0.3773753006544493,0.40330625543892207,0.22092624566498317,0.35011436249019207,0.3559453761723006,0.30889075023953994,0.3970952399343339,0.4054383989998468,0.3447196306982089,0.38955218088458315,0.337369614777485,0.3320884336750877,0.26341895777098684,0.3875909970238907,0.37681134000446515,0.3414683009794194,0.3566697213371318,0.4167413902381525,0.36445626464235176,0.40423400497922274,0.41382830007345583,0.3983869341958886,0.36290924729399,0.3604042803332783,0.28961484729927356,0.3959419458467468,0.0,0.3195514201032639,0.2821636129689923,0.3567871108887224,0.37797560538672936,0.35584296550100136,0.35919319562676666,0.32883684357241105,0.2441747425555741,0.24287527527771072,0.3125497609109751,0.4556663690039867,0.39088895804841306,0.4518031723191758,0.44701560171958143,0.33747781745699557,0.0,0.0,0.27993903901592,0.2607658612418562,0.3700648227664254,0.0,0.31713903967581847,0.41811765736858225,0.3188766473175233,0.393604038558104,0.3314790722387859,0.370911922836891,0.34269328360886514,0.0,0.3447074219634343,0.0,0.4205910433257766,0.26265680799795293,0.0,0.2682429866037579,0.3563270745868331,0.42307987119651863,0.41393966142707833,0.34462947056460963,0.4630697751151983,0.0,0.29170911728545956,0.3218412081862012,0.4518025381145539,0.41830198844840616,0.41107267702718486,0.3694581471945949,0.4053147145886119
0.3873972762419534,0.34614203625913104,0.0,0.0,0.370184121936114,0.29089485956745553,0.3981993472000167,0.3424740805061985,0.3744624966250244,0.0,0.0,0.0,0.3935769136648501,0.0,0.35813800606175716,0.3889519881482557,0.311387271368548,0.39449425081867034,0.0,0.30199417014338936,0.37621674906284297,0.35158636559144324,0.3596101494641217,0.34563677480641264,0.34420507349682483,0.3482370221614148,0.33141246258766105,0.3195514201032639,0.0,0.3349307366694712,0.3336337126964456,0.4245964976154968,0.31413305023056737,0.381938757961264,0.4282187541480429,0.45859603692493606,0.0,0.0,0.43368181284653484,0.32275319114368406,0.3994002644835163,0.4160459375086113,0.39937137939772815,0.0,0.0,0.3257746870128248,0.31699694248868776,0.0,0.0,0.0,0.38800323263840986,0.3133121346012346,0.3885485906488218,0.0,0.0,0.0,0.0,0.34364766145631964,0.0,0.39322972045339766,0.2725029734034794,0.0,0.2720966383315153,0.0,0.37066603038020424,0.39561527628666976,0.36258122912040297,0.43870245413724096,0.0,0.24526616807706336,0.3375617991147269,0.4313588457229076,0.3922517848946352,0.40384346829172557,0.39335798587910853,0.39659566129476803
0.3601100904346692,0.0,0.41024279821576415,0.0,0.4315858057901682,0.3936827683926651,0.43343078596822016,0.3847435971757602,0.38937545823791475,0.0,0.2935926054217532,0.0,0.4180576671712845,0.0,0.0,0.3641785033518312,0.2808264026718696,0.34517468418711994,0.36413322170617546,0.3175905636866432,0.3881921905458636,0.3941115866825205,0.3871136228992292,0.0,0.28970951456774996,0.2778474029302195,0.36856867306547697,0.2821636129689923,0.3349307366694712,0.0,0.30546802490782643,0.3987366555070929,0.0,0.3516134945922363,0.3543984001750331,0.39240950297315247,0.0,0.0,0.45790620705015117,0.0,0.42165169130424696,0.0,0.3284695555688457,0.0,0.0,0.0,0.0,0.0,0.0,0.0,0.3916774275627101,0.0,0.3799576441029112,0.0,0.0,0.0,0.0,0.3191092079113779,0.0,0.0,0.0,0.0,0.2869712321182175,0.0,0.0,0.45701394143706214,0.0,0.4587272586831601,0.0,0.0,0.0,0.4394927254679578,0.36757892117664465,0.3827289147359782,0.0,0.4039750666585492
0.3187760289401331,0.2911189259912096,0.4203228257998152,0.0,0.42715415926266564,0.4247268523982787,0.40508103597695827,0.4180925308435879,0.42661301317473116,0.29233668857119355,0.42613729894095964,0.29082110816657974,0.3851852275022152,0.40795544487534796,0.3807562108609088,0.34486540970314444,0.3074979447090749,0.32556442114569756,0.4256638023383166,0.33490826347088215,0.36542201905580346,0.3428259593784172,0.4017306191733132,0.3200739664704574,0.3148038552253878,0.32706486433250426,0.3768865610113144,0.3567871108887224,0.3336337126964456,0.30546802490782643,0.0,0.41801121356445703,0.3060588305369271,0.30350524115887106,0.28154281774681,0.3928595314782056,0.3608265482820835,0.3123673669527804,0.4563078554045522,0.3470721438758079,0.4240752534344279,0.46771376868342446,0.3423672175239625,0.0,0.0,0.3419577755714217,0.38014741148045383,0.0,0.0,0.3335153400366753,0.4133767727967317,0.3105349515077709,0.4577642013679104,0.3550918260575474,0.29792085891647196,0.3279399159345924,0.3579467397722888,0.3223992972800672,0.0,0.4386532603572832,0.3830338365839713,0.3514967041939548,0.3710130546812563,0.31362803855288934,0.4189121035377343,0.41643473851679413,0.3981120391463833,0.4799161194537272,0.39186084695188056,0.3765518169443053,0.40221761001174827,0.45611877735034817,0.38402741660390244,0.38049187002554197,0.39924626468701974,0.42654122347011614
0.39102724889630985,0.3893489658717689,0.40439196829081064,0.28070346772153454,0.3910924178793416,0.4099054490229977,0.3870803881563323,0.3411448558381094,0.4047786984847629,0.3506641281867267,0.37346379880188746,0.2796790694651496,0.3909488909988448,0.22710560848440256,0.42044296228371325,0.43319733795224874,0.3925703692522906,0.38160444450246467,0.40990268485690184,0.43541752291910146,0.41565591205563135,0.43358485425797627,0.40030437464182017,0.37026767843341246,0.38970412781701513,0.3958566764503988,0.4135096508223847,0.37797560538672936,0.4245964976154968,0.3987366555070929,0.41801121356445703,0.0,0.3634626349197453,0.34417802166957323,0.39592353392176793,0.2577605488193674,0.3086631374431846,0.2762050956467147,0.35071335292748756,0.358802684163428,0.37701220276016273,0.3636882811986553,0.27647596738809516,0.27850894096609996,0.3093662993610144,0.4127342492232275,0.41677370733853103,0.38479568901855465,0.0,0.35354105279990145,0.454589469270083,0.36964286618329717,0.38980252032834645,0.3930333280465719,0.0,0.31887501491325737,0.0,0.44254455790283087,0.3212043611050682,0.432547438932095,0.3597879568698894,0.0,0.41258432345228413,0.37566694039719656,0.42213906005131835,0.45862680950285367,0.4406102423623493,0.46161042769766175,0.0,0.40594980186860646,0.43674506286525266,0.46472569561199745,0.4540679521413622,0.44202329869453105,0.4569523717044916,0.4674149980718283
0.27881944625302635,0.27068929447781476,0.0,0.0,0.0,0.3177505296557472,0.3490043369043966,0.43458415210834467,0.3279723095238659,0.2314503878265125,0.3627019459190095,0.2513721643768582,0.37749386237187577,0.0,0.3702677500126979,0.3473296742721883,0.2908941615130158,0.2999339831512472,0.0,0.38009598313228643,0.32256818359733685,0.3679900005477702,0.3273653358794303,0.255158061317901,0.27180024890001814,0.30040500955356786,0.37844730902647217,0.35584296550100136,0.31413305023056737,0.0,0.3060588305369271,0.3634626349197453,0.0,0.24638833340877284,0.371810240630889,0.2887232858936372,0.3162167620393511,0.22832520706413476,0.3962431901850761,0.35368009700296554,0.3353062247075211,0.38398866934291986,0.0,0.0,0.27999835595537426,0.36844137500932067,0.383412307825062,0.0,0.0,0.0,0.0,0.0,0.0,0.0,0.32252959649095886,0.0,0.3427907309098069,0.3424576185834301,0.0,0.4224738943576591,0.37561612087810814,0.3389865227236205,0.32226969036408304,0.0,0.34882668800411654,0.4238738703808465,0.41621769782552287,0.0,0.3443746770004486,0.35739810684701495,0.37518725116654916,0.0,0.3855263795808298,0.3618203673310752,0.0,0.32667617845612235
0.26576502310556505,0.2906548182890967,0.4045424276969236,0.23642781995453174,0.41900131678120933,0.42503039110687857,0.39153157727282906,0.4291042984284112,0.41830609090939785,0.2682141602915569,0.4083853733065276,0.25870920809451214,0.38813053122277896,0.3888494082758621,0.3964860740692528,0.3334975260128118,0.3169069647514911,0.3328983084186376,0.3992013708591734,0.3822948131790446,0.3609406720894396,0.3774874139963466,0.41458936596470153,0.2703074870562473,0.30600886841252417,0.3206264026869739,0.4033265891366423,0.35919319562676666,0.381938757961264,0.3516134945922363,0.30350524115887106,0.34417802166957323,0.24638833340877284,0.0,0.2566028233082825,0.3430124323439742,0.28669669220988797,0.24326670150291585,0.40165063654324595,0.3238956703447876,0.3890329126088942,0.3549576931632444,0.3481773215448107,0.2731932355175016,0.2961052142436883,0.3223325422146645,0.36457679557699346,0.3907118573879559,0.0,0.35495164654673694,0.42803726451356683,0.3387670200637392,0.4612614694007031,0.3566343638734708,0.33198647968062117,0.4312893223704535,0.35010899877825763,0.38052857574394533,0.0,0.42907067400381965,0.36220318756573394,0.3245973136716761,0.35396367411624124,0.3662347820095217,0.43531836415691155,0.4111424760900933,0.40902277545796256,0.48006717233643426,0.3510512160723489,0.3718347461849927,0.38128707789189337,0.4722323724248077,0.4564645050834564,0.43289807871713115,0.43256515917504584,0.38634019217380106
0.3251294379993866,0.3246392089140152,0.4205178638686662,0.22933035958170858,0.415512729257942,0.4365695032569464,0.37186150954719066,0.43555512972041516,0.4048074776684337,0.26518645120107176,0.40400157690509875,0.31940506695824417,0.3749658312621431,0.4471118656766922,0.4440925009878408,0.40716988860327574,0.330897782982671,0.3294422270176748,0.42095528664681586,0.4385148880031863,0.4204412610787459,0.43234853712569227,0.40910545894407296,0.3117004807022735,0.34545638351591246,0.3762399671628247,0.42428223585935815,0.32883684357241105,0.4282187541480429,0.3543984001750331,0.28154281774681,0.39592353392176793,0.371810240630889,0.2566028233082825,0.0,0.3273836631977711,0.2704242959914257,0.29972880902235094,0.3791601528438115,0.37519618055866927,0.40465919786860827,0.3952124075187876,0.4013665094489723,0.2880487512016543,0.3411741679471455,0.44240731184451704,0.42422541260123164,0.0,0.0,0.0,0.41773679487356635,0.0,0.46605189081239495,0.0,0.0,0.0,0.0,0.3781263232347898,0.0,0.4561242110786184,0.38200679906892687,0.0,0.3782483012277366,0.0,0.4065675324521226,0.47401588474252326,0.44918303312281993,0.48607860924935165,0.0,0.38497248390570216,0.4282277530752469,0.4728693881305329,0.40961447001351325,0.42051602992544446,0.0,0.4154127458094591
0.0,0.0,0.3708460145574506,0.21418702490713087,0.2609918189605042,0.4266075460000576,0.25880373234995946,0.23079909313154148,0.37174001135994483,0.2734249541270653,0.2791315698546245,0.3159926498020253,0.31007524058570946,0.21736806783899332,0.5294678968445863,0.0,0.0,0.0,0.3691503107030077,0.4642184807683628,0.46507341909361377,0.4845006618632274,0.3957626690246831,0.3941806650839326,0.0,0.43759446855160533,0.4945460876028998,0.2441747425555741,0.45859603692493606,0.39240950297315247,0.3928595314782056,0.2577605488193674,0.2887232858936372,0.3430124323439742,0.3273836631977711,0.0,0.18584843191676662,0.3067050932198514,0.24006454405990774,0.0,0.0,0.30852178048547846,0.26317551114952975,0.25643026039039074,0.0,0.0,0.0,0.41807324329846457,0.0,0.38747452939405513,0.0,0.0,0.27257892983747023,0.38586595579888094,0.0,0.27567588391429654,0.0,0.4420947632108687,0.32224869830191644,0.0,0.0,0.0,0.0,0.4300609868666037,0.0,0.0,0.0,0.3700255376195625,0.0,0.0,0.0,0.40479859731649664,0.0,0.0,0.0,0.344531667840147
0.0,0.0,0.3434560533409813,0.15859564184442201,0.2952287905569252,0.400523085394803,0.2861675741964539,0.18475811659621394,0.3690865620262066,0.2514192732899342,0.3266108653059033,0.329283425980078,0.3101700687991677,0.1621848832867995,0.0,0.0,0.0,0.0,0.38303532922317446,0.0,0.0,0.0,0.3641732523925096,0.0,0.0,0.0,0.38248205867245266,0.24287527527771072,0.0,0.0,0.3608265482820835,0.3086631374431846,0.3162167620393511,0.28669669220988797,0.2704242959914257,0.18584843191676662,0.0,0.3143308001181687,0.28703988750444953,0.0,0.0,0.3044142099786479,0.0,0.28424067318896146,0.0,0.0,0.0,0.0,0.0,0.0,0.0,0.0,0.0,0.0,0.0,0.0,0.0,0.0,0.0,0.0,0.0,0.0,0.0,0.0,0.0,0.0,0.0,0.0,0.0,0.0,0.0,0.0,0.0,0.0,0.0,0.0
