0,1,2,3,4,5,6,7,8,9,10,11,12,13,14,15,16,17,18,19,20,21,22,23,24,25,26,27,28,29,30,31,32,33,34,35,36,37,38,39,40,41,42,43,44,45,46,47,48,49,50,51,52,53,54,55,56,57,58,59,60,61,62,63,64,65,66,67,68,69,70,71,72,73,74,75
0.0,0.4094542427152,0.0,0.0,0.0,0.41719778027379273,0.0,0.4828716868702153,0.0,0.37464647114747224,0.0,0.3714808971397888,0.3590881399034594,0.47048561750032813,0.39893186642564893,0.39578953569830044,0.0,0.40432718578229565,0.0,0.4004176912475702,0.38564257801249646,0.40196787234850256,0.4640755631057072,0.3475884928389855,0.399623851955226,0.3676021839492441,0.44405686628940977,0.3124501187451327,0.0,0.0,0.36114623376001076,0.4197628716402603,0.32020211191280296,0.3323132424454328,0.3695853417062598,0.0,0.0,0.3302394072573568,0.4436646341018192,0.41987673054011915,0.414691080585557,0.0,0.0,0.0,0.0,0.34579527832314366,0.46024481929778144,0.0,0.0,0.0,0.3562090123489697,0.0,0.0,0.0,0.4478566208034481,0.0,0.0,0.0,0.0,0.0,0.4465686939398589,0.0,0.4471214239902106,0.0,0.0,0.4020544452688071,0.4467069189181287,0.0,0.0,0.4522586672186556,0.45898974449631386,0.0,0.0,0.4632358482170345,0.0,0.3826180193242476
0.4094542427152,0.0,0.0,0.0,0.3719889087197457,0.4032630086455098,0.411164258118695,0.48660804755119863,0.381064104641385,0.2870702634882594,0.0,0.25648856850356805,0.42932094712402447,0.0,0.42164499881257855,0.4098726919087091,0.36356010848947373,0.4030138540803689,0.0,0.42408825451510374,0.4125774431205202,0.40411276188067785,0.449542413732027,0.0,0.3931497436614635,0.3927908368638674,0.4232687298496879,0.44784138947738217,0.4204667133197504,0.0,0.33985611287293116,0.4146660538024176,0.3370874352305603,0.3500970372468973,0.41338330969748777,0.0,0.0,0.0,0.44596965168886527,0.4324144775508523,0.4281456624751188,0.45337552138208714,0.0,0.0,0.0,0.45437518974082347,0.45912534141930694,0.0,0.0,0.0,0.3828452810862588,0.0,0.0,0.0,0.0,0.0,0.0,0.29774129897900536,0.0,0.4542908767439275,0.4433674696205975,0.0,0.4385776887449451,0.0,0.41091340427223205,0.45237551678173826,0.44082115139700684,0.4477822652995361,0.0,0.4433975416331678,0.47445171054221913,0.4378503028892823,0.3069631811328546,0.44258144278305356,0.0,0.4097372503432467
0.0,0.0,0.0,0.3544921243733555,0.40253505864663425,0.392519436501048,0.39930938955561013,0.4673785460720458,0.3416082192430404,0.4031948148997174,0.35327698422519227,0.3286814570071436,0.41678179351657896,0.41846493970162196,0.0,0.0,0.0,0.0,0.27700898021940207,0.0,0.0,0.0,0.3034669615252481,0.0,0.0,0.0,0.3217034712041683,0.4278777570926862,0.0,0.4297050284594133,0.44457430635087,0.4030204849026409,0.35341717920781585,0.4174444756140998,0.44103483243826663,0.4026416029058369,0.41202069526135654,0.3151185525527036,0.4144618426251805,0.0,0.3832366986021496,0.3183021056570385,0.4573827720601158,0.32400797684984284,0.0,0.0,0.0,0.2964703020767992,0.0,0.3591041347186374,0.5497148086610936,0.46628692204191,0.48535860736725367,0.3140246364900502,0.3205361076380492,0.3179824086538453,0.0,0.4112412890402708,0.41088848998090527,0.0,0.0,0.0,0.0,0.26655527917507205,0.0,0.0,0.0,0.5594922354424002,0.0,0.0,0.0,0.42289653925634635,0.34897926844066746,0.3928647382203969,0.0,0.378974368774018
0.0,0.0,0.3544921243733555,0.0,0.2187572150930857,0.3969364152393978,0.24039029891765495,0.28892490763373685,0.3627378468314335,0.0,0.3202312125637436,0.2573800885321825,0.3205267673752818,0.2865905320607831,0.0,0.0,0.0,0.0,0.3488838422383414,0.42322105769055773,0.0,0.0,0.3844469092834875,0.0,0.0,0.0,0.39113297893170534,0.29937416211924817,0.3616862157470162,0.0,0.0,0.27745374692311453,0.22235047219163026,0.24879777821466292,0.2475071397055485,0.20567604437320972,0.14807149438191453,0.0,0.2570404268239208,0.0,0.0,0.3356363400607719,0.0,0.0,0.0,0.0,0.0,0.0,0.0,0.0,0.0,0.0,0.0,0.0,0.0,0.0,0.0,0.0,0.0,0.0,0.0,0.0,0.0,0.0,0.0,0.0,0.0,0.33005666967970104,0.0,0.0,0.0,0.3460967064162104,0.0,0.0,0.0,0.0
0.0,0.3719889087197457,0.40253505864663425,0.2187572150930857,0.0,0.3759803241495028,0.31351006558392785,0.3758415006222964,0.36039079123222106,0.43229156060884605,0.34163147013034945,0.3838689252208785,0.3695728367273878,0.2864076284229998,0.0,0.4166178879211462,0.0,0.0,0.3774425299090623,0.0,0.0,0.4458010291016262,0.39135301657700533,0.40032439742104875,0.3591460773451,0.35051629844596205,0.3948579530569167,0.3753500260788972,0.41490267757650695,0.0,0.4254763802638761,0.36050150476428244,0.0,0.42105131704110077,0.40899924015632894,0.23578219756250085,0.21497525265748152,0.3769889718453323,0.39820596773368266,0.0,0.44640915217318156,0.0,0.43802824279441027,0.0,0.0,0.0,0.0,0.469863679191065,0.0,0.4421024592543361,0.47217207298239744,0.40407723854532274,0.42912844502285685,0.4405454394611076,0.0,0.43818839674201293,0.0,0.361372863584819,0.0,0.0,0.0,0.0,0.0,0.4664361789454902,0.0,0.0,0.0,0.5154194474879601,0.0,0.0,0.0,0.4685005284900962,0.36948956662206367,0.37396167969784067,0.0,0.0
0.41719778027379273,0.4032630086455098,0.392519436501048,0.3969364152393978,0.3759803241495028,0.0,0.4019953326758002,0.4221520464933566,0.34820884558218734,0.2685226046371777,0.3678451658746315,0.3484660131994763,0.40483968816979504,0.3972852139872945,0.43060462693044177,0.44231710566661747,0.30606878197872406,0.3746516350236787,0.36689461466924633,0.42717087652312524,0.43060122210143453,0.4409318814454159,0.3980616861952425,0.3597228999648902,0.38067130802286997,0.41266397784907854,0.3896688819871774,0.40490221729671455,0.3450778063580399,0.4142051346485844,0.4102306855768755,0.41507126971368996,0.381250323425106,0.42270657670649525,0.4442636508881856,0.42125571496493563,0.42218416375589113,0.34622148453673846,0.4646519822083781,0.0,0.45333046358708573,0.3681226716192358,0.48979237044349894,0.3627639550467382,0.0,0.0,0.3441937083840925,0.5436636733738416,0.0,0.4663083902365903,0.5163380709718262,0.5253248337216663,0.4651323095231625,0.5352531756176211,0.3199031245432416,0.49926863444120057,0.3503745281159607,0.5255151981490883,0.4428385132621945,0.39455873327414454,0.2897615954686096,0.0,0.0,0.5353112937684632,0.41718528442913155,0.3378291444847822,0.4027815075609502,0.5165546330011057,0.0,0.2970448722088135,0.4010454413762902,0.509809583841433,0.512561444562734,0.4763023630778517,0.0,0.5256737212002668
0.0,0.411164258118695,0.39930938955561013,0.24039029891765495,0.31351006558392785,0.4019953326758002,0.0,0.4168005419149899,0.3838815206356216,0.4034635741234376,0.4142032690628437,0.3661915320532458,0.3561007235310016,0.3240074002340662,0.0,0.46038136895395315,0.38452788395321635,0.3991521809481971,0.4001818796796122,0.4474459079593939,0.0,0.4666155319594213,0.4079213221035999,0.0,0.39452936162475155,0.3785320522440777,0.4080892307469888,0.38814769787072095,0.4352227603712926,0.0,0.4248395873676459,0.39548899070400084,0.3604819003746394,0.39603910758417527,0.3988785795548926,0.276104997538152,0.2776227824709473,0.37936916011095473,0.3955890621815901,0.0,0.4017377849679811,0.0,0.43555980915043485,0.0,0.0,0.0,0.0,0.48197059773599754,0.0,0.39684040975795687,0.47144934178305403,0.4117025367520565,0.4133852641025831,0.42950610498238617,0.0,0.37730444612878344,0.0,0.3871017021096935,0.0,0.3323668290682802,0.0,0.0,0.0,0.4421527819947911,0.3479950473412726,0.0,0.0,0.5148016289059727,0.0,0.0,0.0,0.4876999080680716,0.3770710212669237,0.38276836479868315,0.0,0.37811616551855837
0.4828716868702153,0.48660804755119863,0.4673785460720458,0.28892490763373685,0.3758415006222964,0.4221520464933566,0.4168005419149899,0.0,0.45910823493847286,0.46606783130728574,0.3445199679753087,0.0,0.4151734962599158,0.31976812204875815,0.3984019655246483,0.4719732101106004,0.0,0.4803614653871331,0.43240221790690964,0.41150072471159693,0.36757563565514273,0.41315965146145567,0.3734660299769895,0.5105750005450584,0.48697031889644954,0.4926921408727614,0.43724392669728385,0.4092694101819655,0.4069208092184823,0.3710684085938553,0.4174894722441238,0.36897716334105846,0.4566855581706778,0.4318355375684398,0.43972986437987255,0.22582083720593366,0.18375492365620424,0.0,0.4661131636640409,0.0,0.49668175953858273,0.0,0.4272308946733745,0.0,0.0,0.0,0.0,0.5133829118608062,0.0,0.46508859926357043,0.45535359560087185,0.47215616627963447,0.2808578315639262,0.5146353523408289,0.0,0.46891082092636405,0.0,0.4718086437015232,0.3806548450656841,0.0,0.0,0.0,0.0,0.5156323792307478,0.0,0.2056109146300696,0.0,0.4494280476064021,0.0,0.0,0.40387374861646685,0.46679236588950773,0.48134512740141,0.46637163324214415,0.0,0.44292880689497555
0.0,0.381064104641385,0.3416082192430404,0.3627378468314335,0.36039079123222106,0.34820884558218734,0.3838815206356216,0.45910823493847286,0.0,0.4228314658048638,0.3629297312596284,0.3578778325082614,0.3839171085719634,0.3924049178406652,0.0,0.39943873383594236,0.34129936514086906,0.2881997878928418,0.3158019588814726,0.0,0.0,0.4286998714891592,0.39564342761725835,0.3686017301204356,0.3093786470739387,0.3371665572399778,0.3622959202666617,0.4177154669391135,0.39986286253937997,0.4000168169105993,0.4356248550733081,0.40229588650109527,0.35280990152709923,0.42529772595865417,0.40817405884600766,0.3822892740221536,0.3988023793714755,0.34004999239610695,0.4656862791953608,0.0,0.28864703862748714,0.2677460238419729,0.4677007110318466,0.0,0.0,0.0,0.0,0.49684314073223795,0.0,0.46148532685105886,0.5277944368617407,0.47085315339479006,0.5101778159837287,0.4892293056157379,0.27599984856683424,0.502959116881365,0.3596945036520635,0.4421063789158739,0.0,0.0,0.0,0.0,0.0,0.5173888534204019,0.0,0.0,0.0,0.5388419979767284,0.0,0.0,0.0,0.5276302136947076,0.41721775761573515,0.3788333642656563,0.0,0.0
0.37464647114747224,0.2870702634882594,0.4031948148997174,0.0,0.43229156060884605,0.2685226046371777,0.4034635741234376,0.46606783130728574,0.4228314658048638,0.0,0.44477963926330094,0.29251484652396453,0.4360681441551475,0.0,0.292907143567574,0.3822098447829329,0.32248211392940623,0.3676510004539141,0.4119362722096974,0.30895015604761766,0.45315736201071743,0.3312682148886021,0.41320269477163013,0.3172275008173962,0.33413534910575304,0.3502240408696549,0.3656348333320051,0.4064223981920455,0.334169575631462,0.3911060295775773,0.3554656081815453,0.3793904893263328,0.34740091162125425,0.3175038833468143,0.2974213875148276,0.3808525809749365,0.0,0.2885341593844583,0.3205356574104438,0.38998702716371464,0.4116448193854556,0.3833527874314328,0.0,0.0,0.40001134993323656,0.42493731257692813,0.34792525756371645,0.0,0.0,0.0,0.0,0.4655878885369573,0.0,0.0,0.48847774077051276,0.0,0.48058290156485645,0.44240324353762306,0.0,0.0,0.35828606382675515,0.4734258477046729,0.4349809500843578,0.0,0.0,0.410496176959101,0.0,0.35300430010503936,0.42238901904594367,0.4537914819611296,0.48927327814293475,0.0,0.46544798524273856,0.0,0.3047069216676017,0.484104880643074
0.0,0.0,0.35327698422519227,0.3202312125637436,0.34163147013034945,0.3678451658746315,0.4142032690628437,0.3445199679753087,0.3629297312596284,0.44477963926330094,0.0,0.3787579782986925,0.4171520368493587,0.30869954852113624,0.0,0.0,0.36924817801447163,0.3576211975802626,0.29308370694885505,0.0,0.0,0.0,0.3037625278238459,0.4089315292390452,0.0,0.3497238061119252,0.3980724731448645,0.41609623589783734,0.0,0.0,0.4484232617045958,0.37803120695025055,0.3366576387316049,0.42690033027927554,0.41692465742468204,0.32132506282667633,0.37488158248882425,0.3771115385760866,0.42942293355527245,0.0,0.2944380232213172,0.3172018757885048,0.4189217063811614,0.0,0.0,0.0,0.0,0.3878439487405191,0.0,0.39949357121549817,0.48370260238381735,0.4413738881507744,0.4423669300838612,0.37664404771238846,0.3832711275995514,0.2723732860025402,0.3190364466348806,0.39954417346998194,0.3825698270712829,0.0,0.0,0.0,0.0,0.24857082785711893,0.0,0.0,0.0,0.5202818384200695,0.0,0.0,0.0,0.4972925549719545,0.36145117940899807,0.0,0.0,0.0
0.3714808971397888,0.25648856850356805,0.3286814570071436,0.2573800885321825,0.3838689252208785,0.3484660131994763,0.3661915320532458,0.0,0.3578778325082614,0.29251484652396453,0.3787579782986925,0.0,0.38408540853092243,0.0,0.0,0.0,0.3902073257181086,0.3760646517959482,0.3397864393556859,0.3619692961493638,0.3997857861473818,0.3688132386263546,0.4299075771636628,0.29125753398340465,0.3730587062932385,0.2960435410012556,0.34279214658834084,0.24777896140239022,0.31641751461940926,0.0,0.36349957926801113,0.2656343165866696,0.235968719597399,0.22627610576985588,0.2990622023063481,0.27126360119518483,0.29335197217579717,0.19709902499064608,0.26063025978082355,0.4095689912670252,0.39861459611234534,0.2914908330009343,0.0,0.0,0.41194016687521745,0.40262477053127244,0.0,0.0,0.0,0.0,0.0,0.0,0.0,0.0,0.4899669680915908,0.0,0.4790199334323063,0.4496165080690604,0.0,0.0,0.0,0.479286740845826,0.4561223752784439,0.0,0.0,0.0,0.0,0.4173374870833727,0.46117357568665496,0.48467970006068134,0.4903484682278033,0.4615420052221588,0.4670942518130406,0.0,0.0,0.49744402187667547
0.3590881399034594,0.42932094712402447,0.41678179351657896,0.3205267673752818,0.3695728367273878,0.40483968816979504,0.3561007235310016,0.4151734962599158,0.3839171085719634,0.4360681441551475,0.4171520368493587,0.38408540853092243,0.0,0.3936578924057036,0.40144484747718834,0.4718117223553295,0.4170604409241766,0.4181345911207611,0.4065043226097883,0.44546047240753195,0.4023283860031279,0.47243520345811896,0.41841427046252727,0.4336637469510554,0.4198136220871372,0.4197076606147436,0.4189640708495664,0.36046535951399344,0.42575225553131385,0.3951372704391254,0.4278082479733715,0.39942737868207934,0.37315581018862337,0.39900993197665363,0.40302772406951076,0.3221316074463187,0.35696270948864195,0.3648007587946122,0.43957371359460484,0.3828515182948654,0.30758913801866716,0.3054795404188349,0.3987090609096945,0.0,0.40078862281665306,0.0,0.31264968485051586,0.4831690404230215,0.0,0.367130500367401,0.48449799162818924,0.4125909166142843,0.45830773088208143,0.4058714612368909,0.3207028169037184,0.422046171276364,0.32101436582443804,0.395142440300506,0.0,0.32699226981420276,0.3050326643407686,0.0,0.0,0.4399934470945496,0.40258754771511646,0.0,0.3114276188241642,0.507541322363125,0.0,0.3329767083740745,0.35944376831993935,0.4977129036819733,0.42827158322987285,0.44088544795853013,0.0,0.40109656801141547
0.47048561750032813,0.0,0.41846493970162196,0.2865905320607831,0.2864076284229998,0.3972852139872945,0.3240074002340662,0.31976812204875815,0.3924049178406652,0.0,0.30869954852113624,0.0,0.3936578924057036,0.0,0.0,0.0,0.0,0.0,0.3856943374919603,0.0,0.0,0.0,0.37257960630518444,0.4231762272075744,0.0,0.4312609476985074,0.42426130954131575,0.33039984987761795,0.0,0.0,0.4168148556517715,0.2649550932823776,0.0,0.0,0.0,0.22914764925773512,0.15554623190462405,0.0,0.0,0.0,0.0,0.0,0.41954762214275504,0.0,0.0,0.0,0.0,0.4427891894176433,0.0,0.0,0.420883204783011,0.4484245987687533,0.4694417424804905,0.46381131274567466,0.0,0.4955213536528348,0.0,0.0,0.43068622995101163,0.0,0.0,0.0,0.0,0.0,0.0,0.0,0.0,0.5116475989389202,0.0,0.0,0.0,0.0,0.0,0.0,0.0,0.0
0.39893186642564893,0.42164499881257855,0.0,0.0,0.0,0.43060462693044177,0.0,0.3984019655246483,0.0,0.292907143567574,0.0,0.0,0.40144484747718834,0.0,0.0,0.41988752670637125,0.320450019330762,0.3881571965045445,0.0,0.3428671147969178,0.3615704188942721,0.3752478313070436,0.3388491869921811,0.43409008799469695,0.39098212317045333,0.4057187200549992,0.4146653913069417,0.4163513949676212,0.3796442385707028,0.36092786695071283,0.40135959491166984,0.4280131739899086,0.38073702467403703,0.41138504374730905,0.474721775865781,0.49129249852972134,0.4489142842657316,0.0,0.44436133977620573,0.4296672502225689,0.41770286065894924,0.4843174630865547,0.34001144103958736,0.0,0.0,0.0,0.45079055376928745,0.3887301571722207,0.0,0.0,0.4266254776137981,0.3452354661722753,0.410603172567825,0.0,0.0,0.0,0.0,0.38838586677025644,0.0,0.4680633110733006,0.39035463524977254,0.0,0.32682588429462234,0.0,0.4523972874035387,0.4366876959597018,0.4709981649390844,0.45493518790064635,0.0,0.3584566757081254,0.47250324179645015,0.46622643611810116,0.4345187859797389,0.4321582725083268,0.0,0.3950831868869059
0.39578953569830044,0.4098726919087091,0.0,0.0,0.4166178879211462,0.44231710566661747,0.46038136895395315,0.4719732101106004,0.39943873383594236,0.3822098447829329,0.0,0.0,0.4718117223553295,0.0,0.41988752670637125,0.0,0.4158515168904993,0.39054310244286966,0.0,0.4333420392383872,0.4149960772774787,0.41716184982025484,0.440685903957695,0.39402261569262276,0.3947198242492204,0.41359390975891347,0.4463347992331922,0.45420681054769996,0.4604791040307653,0.3975939208344599,0.3742006054287193,0.44167956050285884,0.3558251916492364,0.3922292658344176,0.46433633577773564,0.0,0.0,0.0,0.43744681224536236,0.39156124449509244,0.4075437504117546,0.4289559834475931,0.0,0.0,0.0,0.4368333598267445,0.438742313315268,0.0,0.0,0.0,0.31111223345652794,0.0,0.0,0.0,0.0,0.0,0.0,0.3146138192065976,0.0,0.4305395182844342,0.4225514475414254,0.3359765331677268,0.4276087124752304,0.0,0.37799186849387345,0.42813534817755117,0.42729060627425836,0.372887896127286,0.0,0.4338639474293303,0.4614362859939049,0.3867512984700676,0.0,0.39229417712463954,0.0,0.4062424190952487
0.0,0.36356010848947373,0.0,0.0,0.0,0.30606878197872406,0.38452788395321635,0.0,0.34129936514086906,0.32248211392940623,0.36924817801447163,0.3902073257181086,0.4170604409241766,0.0,0.320450019330762,0.4158515168904993,0.0,0.33838989240398776,0.35206047141246855,0.3558988686624858,0.0,0.3670441177597851,0.34237595156482126,0.38852830802684246,0.3642918992452849,0.3322880305748115,0.3359321759097489,0.43481049988346904,0.33944064538897056,0.0,0.3526306064046473,0.4170030481494577,0.36564281099422113,0.3608682419866576,0.3513621578254322,0.5004601808271543,0.0,0.3364052029933188,0.3832741701572806,0.39548038745828434,0.0,0.0,0.0,0.0,0.0,0.0,0.0,0.0,0.0,0.0,0.0,0.0,0.0,0.0,0.4880169959746667,0.0,0.4999652815416443,0.0,0.0,0.0,0.39322505280954345,0.4350092463617478,0.43665359297120704,0.0,0.0,0.0,0.3077472537221437,0.0,0.46809861113205664,0.4636945451890326,0.4877692646028895,0.0,0.0,0.0,0.0,0.0
0.40432718578229565,0.4030138540803689,0.0,0.0,0.0,0.3746516350236787,0.3991521809481971,0.4803614653871331,0.2881997878928418,0.3676510004539141,0.3576211975802626,0.3760646517959482,0.4181345911207611,0.0,0.3881571965045445,0.39054310244286966,0.33838989240398776,0.0,0.0,0.40160782106292026,0.4038849420662618,0.4057871832625548,0.43393802955641675,0.388092279483638,0.37911785503057244,0.3920255689299198,0.4147583060192891,0.42928267148794574,0.4371283608657054,0.0,0.3656786695447304,0.42174914294914834,0.3553264953269735,0.37207336912596867,0.35845369732175486,0.0,0.0,0.29199705484330574,0.42149020903263934,0.38861089434685925,0.41396792870626076,0.0,0.0,0.0,0.0,0.4558870646617897,0.4394274528524794,0.0,0.0,0.0,0.2887295345916201,0.0,0.0,0.0,0.47755730944341984,0.0,0.4938685736035737,0.0,0.0,0.3552774582501283,0.42363624852325615,0.4435070870658009,0.43421391174261104,0.0,0.0,0.3568550487936364,0.40056151301907894,0.0,0.4765983067159602,0.4475940589431023,0.47737990327350194,0.0,0.0,0.315627360006458,0.0,0.41083827491163855
0.0,0.0,0.27700898021940207,0.3488838422383414,0.3774425299090623,0.36689461466924633,0.4001818796796122,0.43240221790690964,0.3158019588814726,0.4119362722096974,0.29308370694885505,0.3397864393556859,0.4065043226097883,0.3856943374919603,0.0,0.0,0.35206047141246855,0.0,0.0,0.0,0.0,0.0,0.2847554711270853,0.2946262246408968,0.0,0.0,0.35865397458324444,0.41845901032006,0.0,0.0,0.4140726654059289,0.3905174572035847,0.0,0.37578941878469857,0.40672630316152886,0.37616209692046215,0.38542778417665935,0.3522940015999614,0.48074041600719697,0.0,0.0,0.0,0.4599017904093991,0.0,0.0,0.0,0.0,0.3615527485150559,0.0,0.4784197231491754,0.5250772990087891,0.4719726861569368,0.5011278090448253,0.5255608692264739,0.0,0.2858558554772445,0.36184754968685606,0.4300134110139199,0.0,0.0,0.0,0.0,0.0,0.5105361803567752,0.0,0.0,0.0,0.5413933081205465,0.0,0.0,0.0,0.5262551632362603,0.3763972289226573,0.4431023910319098,0.0,0.0
0.4004176912475702,0.42408825451510374,0.0,0.42322105769055773,0.0,0.42717087652312524,0.4474459079593939,0.41150072471159693,0.0,0.30895015604761766,0.0,0.3619692961493638,0.44546047240753195,0.0,0.3428671147969178,0.4333420392383872,0.3558988686624858,0.40160782106292026,0.0,0.0,0.3972612244902469,0.38565090254471546,0.33853747134542433,0.0,0.402752015331178,0.43919304153037714,0.3731137576462236,0.3713640241734103,0.33885793033852124,0.22424574475249737,0.3767943894557438,0.43982096183230146,0.3594484534116124,0.42530519454198895,0.47866933678912965,0.41114237882827454,0.44077940778311026,0.3483431974059308,0.4222856172590343,0.33510153884746374,0.33741814216391885,0.45030506965656625,0.38888721329523956,0.0,0.0,0.0,0.40015572607119504,0.3280963105757415,0.0,0.0,0.41369086139372224,0.3445250313796228,0.3949945253588372,0.32315898396971704,0.0,0.0,0.0,0.38709532668590096,0.0,0.40732411555319714,0.32018294345469384,0.0,0.3133368167185807,0.0,0.42661767515956694,0.34287157004310875,0.4492746180234786,0.42739150093027556,0.0,0.3027041164673732,0.4402462692894,0.46407805292473026,0.4447122580889871,0.3803863760451029,0.0,0.419982463425809
0.38564257801249646,0.4125774431205202,0.0,0.0,0.0,0.43060122210143453,0.0,0.36757563565514273,0.0,0.45315736201071743,0.0,0.3997857861473818,0.4023283860031279,0.0,0.3615704188942721,0.4149960772774787,0.0,0.4038849420662618,0.0,0.3972612244902469,0.0,0.4245183982782927,0.39184923066591254,0.4602254344658193,0.40537317944774753,0.4071889046022393,0.42778534063177354,0.4066213250336705,0.36754580865087233,0.38437022597459947,0.38476266281548227,0.41482878317809824,0.38627955559231963,0.3870568460896667,0.46878133727339905,0.0,0.0,0.3472134747333431,0.4174206701305812,0.31128928725359384,0.3937868343076175,0.47208479452386665,0.0,0.0,0.0,0.3255332047925015,0.45182805570441686,0.0,0.0,0.0,0.4118615328879735,0.3584000612773983,0.34523029959430096,0.0,0.0,0.0,0.0,0.4147643624636163,0.0,0.4164967554944259,0.3985913592786072,0.0,0.0,0.0,0.40912960149100713,0.2668160181978182,0.4348615956378728,0.40796218018488367,0.0,0.40172342719563237,0.47103621264228945,0.4505823275556322,0.4461012575283226,0.42428861747078606,0.0,0.0
0.40196787234850256,0.40411276188067785,0.0,0.0,0.4458010291016262,0.4409318814454159,0.4666155319594213,0.41315965146145567,0.4286998714891592,0.3312682148886021,0.0,0.3688132386263546,0.47243520345811896,0.0,0.3752478313070436,0.41716184982025484,0.3670441177597851,0.4057871832625548,0.0,0.38565090254471546,0.4245183982782927,0.0,0.3603991038854959,0.0,0.4122830693355259,0.4123288632601966,0.4443836672706805,0.43349887065077963,0.39960463042447836,0.3895178018264761,0.3647387907822302,0.44018970254761464,0.3819486816109189,0.40924407897917936,0.48319911459579146,0.5042111465025374,0.46241135038885745,0.0,0.43712515737156277,0.4238727303038022,0.43881476575154676,0.46961512035505587,0.36363985562461787,0.0,0.0,0.42540207364200755,0.4443864117347391,0.0,0.0,0.0,0.38861811926641365,0.30186794489699414,0.42402846314845855,0.0,0.0,0.0,0.0,0.30829217053337094,0.0,0.46925423350785134,0.4084930406735126,0.0,0.37160301293157944,0.0,0.44843596853986406,0.4540436808681987,0.45619234837901645,0.46170799542971813,0.0,0.39805098202372485,0.4732203947343774,0.4406034372874542,0.3635073773417958,0.4191110028425957,0.0,0.3832326748738768
0.4640755631057072,0.449542413732027,0.3034669615252481,0.3844469092834875,0.39135301657700533,0.3980616861952425,0.4079213221035999,0.3734660299769895,0.39564342761725835,0.41320269477163013,0.3037625278238459,0.4299075771636628,0.41841427046252727,0.37257960630518444,0.3388491869921811,0.440685903957695,0.34237595156482126,0.43393802955641675,0.2847554711270853,0.33853747134542433,0.39184923066591254,0.3603991038854959,0.0,0.494765969051238,0.4507103489612443,0.45234259379973163,0.35967137619028805,0.41942448234778174,0.3973929876657356,0.3929617471882118,0.4043970730240113,0.4065083502707899,0.37532710077134784,0.4267406816239913,0.4424498344309649,0.3739151366387308,0.40539067451611244,0.0,0.49917128691712537,0.45333540004519945,0.5089041853837333,0.4597121941120911,0.5061679244068936,0.43382611211931754,0.0,0.0,0.45571819568794764,0.4695708257843127,0.0,0.534876690632793,0.5144226623873384,0.5392988426616123,0.47851588161023106,0.5513607947729883,0.43052890318935233,0.5173381206806495,0.34550784875649476,0.5260301187269469,0.47683708575110195,0.4515158010000411,0.0,0.0,0.0,0.5607686878667782,0.45253190308228364,0.41072065793858914,0.469433987357645,0.5159126069547258,0.0,0.34693389242074313,0.48679405056836467,0.514031152429717,0.5108037371338313,0.477636381124212,0.5139845016409988,0.513633076942697
0.3475884928389855,0.0,0.0,0.0,0.40032439742104875,0.3597228999648902,0.0,0.5105750005450584,0.3686017301204356,0.3172275008173962,0.4089315292390452,0.29125753398340465,0.4336637469510554,0.4231762272075744,0.43409008799469695,0.39402261569262276,0.38852830802684246,0.388092279483638,0.2946262246408968,0.0,0.4602254344658193,0.0,0.494765969051238,0.0,0.3509798059652989,0.33699850501408035,0.41471515519759594,0.37267445515317565,0.0,0.0,0.3730617952202221,0.28196526021448554,0.2075105427804442,0.27564402130020926,0.2868362794230485,0.25492002129738184,0.38017664609476526,0.21064788946745933,0.24481714885437555,0.36483550317234587,0.34549693501480544,0.0,0.0,0.0,0.3419826076777805,0.4301493405897699,0.4611171026530853,0.0,0.0,0.0,0.0,0.0,0.0,0.0,0.4111456976506736,0.0,0.38996774436076254,0.4487751155530739,0.0,0.0,0.44478185377362944,0.0,0.47428054702998435,0.0,0.0,0.0,0.0,0.0,0.36136807100274837,0.48092441744689646,0.4628608539006887,0.0,0.4999079939900034,0.0,0.0,0.4599854138764494
0.399623851955226,0.3931497436614635,0.0,0.0,0.3591460773451,0.38067130802286997,0.39452936162475155,0.48697031889644954,0.3093786470739387,0.33413534910575304,0.0,0.3730587062932385,0.4198136220871372,0.0,0.39098212317045333,0.3947198242492204,0.3642918992452849,0.37911785503057244,0.0,0.402752015331178,0.40537317944774753,0.4122830693355259,0.4507103489612443,0.3509798059652989,0.0,0.3720491199403428,0.4034364384657973,0.43101059368461525,0.4179288089761427,0.0,0.38393773529028863,0.40637236970902424,0.3197946989534445,0.35625450864637276,0.3620824205894797,0.0,0.0,0.34453805754099776,0.4361889818229947,0.3938323064800738,0.4215821693809267,0.4249031337688085,0.0,0.0,0.3927888263452014,0.45831453853658966,0.44470149881261356,0.0,0.0,0.0,0.3014582855540636,0.0,0.0,0.0,0.49500159947273564,0.0,0.4948943040358471,0.3707508507063003,0.0,0.4025808489890243,0.4234971238388588,0.4687944602732152,0.4464345571817655,0.0,0.3864679684973589,0.42549951894600774,0.3954583094118518,0.3553118987870254,0.4712164657323769,0.4544990584972815,0.48059745017494926,0.3386376425544106,0.0,0.41345897995038744,0.0,0.4175203719136361
0.3676021839492441,0.3927908368638674,0.0,0.0,0.35051629844596205,0.41266397784907854,0.3785320522440777,0.4926921408727614,0.3371665572399778,0.3502240408696549,0.3497238061119252,0.2960435410012556,0.4197076606147436,0.4312609476985074,0.4057187200549992,0.41359390975891347,0.3322880305748115,0.3920255689299198,0.0,0.43919304153037714,0.4071889046022393,0.4123288632601966,0.45234259379973163,0.33699850501408035,0.3720491199403428,0.0,0.450460426431421,0.4371950691549556,0.4127713914336971,0.0,0.3755849447885882,0.42655392100337725,0.35840572046112734,0.3786744473106609,0.43077673366108,0.44006773916161324,0.0,0.32968038611463396,0.44936544299551195,0.43066918383838865,0.4412672116034071,0.4705757174317623,0.3158622860731993,0.0,0.4240018168568954,0.45239338560386605,0.47424060409995844,0.0,0.0,0.0,0.3974984189586476,0.0,0.0,0.0,0.5137924243517323,0.0,0.5045589192886422,0.35181522295143275,0.0,0.47435321516971657,0.45268784546805235,0.48169835375963965,0.4679368761275845,0.0,0.43218341419647993,0.46250034879765084,0.4585030588892117,0.4766660988597583,0.4542007390662387,0.47239341054404127,0.4846519091072296,0.4637052435433206,0.4291816786679986,0.44116689110065166,0.0,0.4435250229622331
0.44405686628940977,0.4232687298496879,0.3217034712041683,0.39113297893170534,0.3948579530569167,0.3896688819871774,0.4080892307469888,0.43724392669728385,0.3622959202666617,0.3656348333320051,0.3980724731448645,0.34279214658834084,0.4189640708495664,0.42426130954131575,0.4146653913069417,0.4463347992331922,0.3359321759097489,0.4147583060192891,0.35865397458324444,0.3731137576462236,0.42778534063177354,0.4443836672706805,0.35967137619028805,0.41471515519759594,0.4034364384657973,0.450460426431421,0.0,0.41610807674214845,0.38809804337130815,0.39206906770275335,0.397097627586716,0.4086606936745244,0.38061351515056735,0.42379533986551793,0.4457510754402062,0.4067412402551421,0.4160111689188509,0.3379943788043894,0.48457232690925145,0.0,0.4677948019234214,0.429547468065391,0.4909754381488344,0.3703302817081441,0.0,0.0,0.4142294762951255,0.5487452498324432,0.0,0.4829178488704098,0.5006955822234469,0.5219941147496682,0.4692833656805899,0.5478586977424944,0.3739053898075268,0.5252875200663619,0.33231879427302935,0.5134792004581794,0.0,0.4510330854552826,0.0,0.0,0.0,0.5289131407634866,0.4549484001111188,0.3826208690256859,0.4252014855849709,0.5093268823914504,0.0,0.33690278682335173,0.47501705187496857,0.502470113392315,0.4979413162238173,0.4758613560863612,0.5067184370848751,0.5010015208715562
0.3124501187451327,0.44784138947738217,0.4278777570926862,0.29937416211924817,0.3753500260788972,0.40490221729671455,0.38814769787072095,0.4092694101819655,0.4177154669391135,0.4064223981920455,0.41609623589783734,0.24777896140239022,0.36046535951399344,0.33039984987761795,0.4163513949676212,0.45420681054769996,0.43481049988346904,0.42928267148794574,0.41845901032006,0.3713640241734103,0.4066213250336705,0.43349887065077963,0.41942448234778174,0.37267445515317565,0.43101059368461525,0.4371950691549556,0.41610807674214845,0.0,0.3668163367775369,0.25855289887402005,0.3855226909195589,0.35337865689006814,0.2488369443969361,0.339440260206562,0.30389026911265365,0.30502337324314127,0.29771319938862995,0.23600439055882033,0.3485536324094731,0.32620322861408063,0.24138087136243447,0.2922916329001808,0.3418857579359219,0.0,0.3327927282835458,0.0,0.2869781727296941,0.38657006412489225,0.0,0.34962412081815486,0.4763538050892737,0.3816711638857754,0.42514678967087804,0.3708310288699963,0.26109931857500646,0.35076141208866657,0.22589480456532354,0.4145989002605124,0.0,0.4247203185852016,0.0,0.0,0.0,0.34884191902908174,0.46560717085982045,0.0,0.3585702063309434,0.49202205878611727,0.0,0.0,0.3902887306252219,0.49565966489757934,0.4765132198757014,0.477448008737797,0.43062750301951075,0.4692930655467978
0.0,0.4204667133197504,0.0,0.3616862157470162,0.41490267757650695,0.3450778063580399,0.4352227603712926,0.4069208092184823,0.39986286253937997,0.334169575631462,0.0,0.31641751461940926,0.42575225553131385,0.0,0.3796442385707028,0.4604791040307653,0.33944064538897056,0.4371283608657054,0.0,0.33885793033852124,0.36754580865087233,0.39960463042447836,0.3973929876657356,0.0,0.4179288089761427,0.4127713914336971,0.38809804337130815,0.3668163367775369,0.0,0.3282038158985314,0.3546349625348224,0.39104124712936766,0.29631912452115466,0.4008436651938655,0.4388190241167354,0.4181687245418823,0.3991824621493101,0.30760701790051076,0.46867989913784347,0.3312515410940589,0.46903310728186054,0.42831756115328895,0.43917591115357035,0.3663261364663027,0.0,0.0,0.4117660169340581,0.4244965537216251,0.0,0.3913240134802608,0.46730307071163096,0.39605969080273346,0.4413503540035594,0.3805634745272125,0.35760326805006415,0.4515187259374309,0.0,0.4581900016019073,0.0,0.4166368145850922,0.32061807081151,0.0,0.0,0.0,0.43117537903573416,0.396069053972431,0.4115379452719583,0.4850633732164638,0.0,0.31720586398833917,0.43460254067277254,0.49025513046262953,0.48209969102114997,0.4608310922438743,0.4575896360964936,0.47970728108381205
0.0,0.0,0.4297050284594133,0.0,0.0,0.4142051346485844,0.0,0.3710684085938553,0.4000168169105993,0.3911060295775773,0.0,0.0,0.3951372704391254,0.0,0.36092786695071283,0.3975939208344599,0.0,0.0,0.0,0.22424574475249737,0.38437022597459947,0.3895178018264761,0.3929617471882118,0.0,0.0,0.0,0.39206906770275335,0.25855289887402005,0.3282038158985314,0.0,0.30783755912636385,0.3835836981863161,0.0,0.3580228070407247,0.3659962197609771,0.4378519622232486,0.0,0.2623716977428584,0.0,0.0,0.0,0.0,0.0,0.0,0.0,0.0,0.0,0.0,0.0,0.0,0.4217904255497733,0.0,0.0,0.0,0.2038799541373665,0.0,0.0,0.0,0.0,0.36337220447931157,0.0,0.0,0.0,0.0,0.0,0.0,0.0,0.4790314933094046,0.0,0.0,0.0,0.47965754498092955,0.3947421191048041,0.4417274093374274,0.0,0.0
0.36114623376001076,0.33985611287293116,0.44457430635087,0.0,0.4254763802638761,0.4102306855768755,0.4248395873676459,0.4174894722441238,0.4356248550733081,0.3554656081815453,0.4484232617045958,0.36349957926801113,0.4278082479733715,0.4168148556517715,0.40135959491166984,0.3742006054287193,0.3526306064046473,0.3656786695447304,0.4140726654059289,0.3767943894557438,0.38476266281548227,0.3647387907822302,0.4043970730240113,0.3730617952202221,0.38393773529028863,0.3755849447885882,0.397097627586716,0.3855226909195589,0.3546349625348224,0.30783755912636385,0.0,0.4166700580966176,0.33256513439161206,0.3010133575679207,0.3165105756900649,0.39377154693092287,0.42356505286700863,0.3018429254047183,0.4373864465475059,0.38151337097914995,0.0,0.0,0.0,0.0,0.0,0.3673516332523408,0.42488127437843665,0.0,0.0,0.0,0.46675687838326213,0.35048846242674636,0.0,0.0,0.5403664365688363,0.0,0.0,0.3767697252726735,0.0,0.4400256919198862,0.4118248058809207,0.0,0.4372427763742087,0.0,0.4525293859238756,0.0,0.4054829088215173,0.49256713017833204,0.0,0.4324613754840964,0.4466372946534459,0.4884726824167977,0.4592205266611362,0.46670342499391665,0.0,0.40639608445614883
0.4197628716402603,0.4146660538024176,0.4030204849026409,0.27745374692311453,0.36050150476428244,0.41507126971368996,0.39548899070400084,0.36897716334105846,0.40229588650109527,0.3793904893263328,0.37803120695025055,0.2656343165866696,0.39942737868207934,0.2649550932823776,0.4280131739899086,0.44167956050285884,0.4170030481494577,0.42174914294914834,0.3905174572035847,0.43982096183230146,0.41482878317809824,0.44018970254761464,0.4065083502707899,0.28196526021448554,0.40637236970902424,0.42655392100337725,0.4086606936745244,0.35337865689006814,0.39104124712936766,0.3835836981863161,0.4166700580966176,0.0,0.3419402682272635,0.392570177899349,0.37292096855393564,0.26271405432995454,0.2978808104640913,0.26547260109015464,0.2922315870696998,0.2763216798730728,0.30563954196757753,0.31112338695115055,0.32615476647415687,0.265061151733501,0.2600772551284423,0.43414607411406503,0.45598008928538464,0.4788312116172669,0.0,0.4178612106137062,0.4857760390871277,0.4410398233157392,0.45417215108574943,0.44796679942922074,0.256410441678451,0.42133174773007,0.25300736029124343,0.4818066108716092,0.0,0.4508249664947191,0.4392782850907894,0.35532079266304617,0.4232215195271385,0.44013744062678306,0.4473286916962306,0.44795242884029973,0.4496543780330482,0.48951651524450956,0.0,0.4523102662407652,0.46319839332432755,0.49211824016156497,0.4585743785732068,0.4662367673620811,0.0,0.5055831095830912
0.32020211191280296,0.3370874352305603,0.35341717920781585,0.22235047219163026,0.0,0.381250323425106,0.3604819003746394,0.4566855581706778,0.35280990152709923,0.34740091162125425,0.3366576387316049,0.235968719597399,0.37315581018862337,0.0,0.38073702467403703,0.3558251916492364,0.36564281099422113,0.3553264953269735,0.0,0.3594484534116124,0.38627955559231963,0.3819486816109189,0.37532710077134784,0.2075105427804442,0.3197946989534445,0.35840572046112734,0.38061351515056735,0.2488369443969361,0.29631912452115466,0.0,0.33256513439161206,0.3419402682272635,0.0,0.21196025203606786,0.34883722962130065,0.23826534564218965,0.2371891074104946,0.17802292390092953,0.30020774900805425,0.27466423251868355,0.2847535615988084,0.29645987074142915,0.21468226935392118,0.0,0.2355436490499965,0.38462762006100637,0.4355396245151512,0.0,0.0,0.0,0.3919850460232692,0.0,0.0,0.0,0.40268084845406116,0.0,0.3194636964237263,0.3672399989082545,0.0,0.4365606996038373,0.41346599570558507,0.3487900540052442,0.42956878406474164,0.0,0.3719822153294418,0.0,0.4559210358271888,0.43135538204701535,0.36425825416487534,0.43075218607490073,0.430884269716637,0.44512664019196835,0.45958645657563024,0.38675603537931674,0.0,0.3996684465984757
0.3323132424454328,0.3500970372468973,0.4174444756140998,0.24879777821466292,0.42105131704110077,0.42270657670649525,0.39603910758417527,0.4318355375684398,0.42529772595865417,0.3175038833468143,0.42690033027927554,0.22627610576985588,0.39900993197665363,0.0,0.41138504374730905,0.3922292658344176,0.3608682419866576,0.37207336912596867,0.37578941878469857,0.42530519454198895,0.3870568460896667,0.40924407897917936,0.4267406816239913,0.27564402130020926,0.35625450864637276,0.3786744473106609,0.42379533986551793,0.339440260206562,0.4008436651938655,0.3580228070407247,0.3010133575679207,0.392570177899349,0.21196025203606786,0.0,0.26032055098106505,0.3901975314562897,0.36297211869413787,0.19484718834141404,0.32433979313028394,0.2775087430342053,0.2627643322033746,0.2927745062985208,0.28790011676918353,0.26780835502590783,0.24904283681529762,0.36461633844648617,0.4256533715594683,0.3937430657794674,0.0,0.0,0.4572930715486449,0.38378461180868684,0.0,0.0,0.2726408081562275,0.0,0.2379199927150259,0.36568592739504835,0.0,0.4461798128111889,0.410014617027383,0.0,0.42055109438218513,0.0,0.44952722421495517,0.40641621044818277,0.4272263286721715,0.503315098103724,0.2528621412350387,0.42594912049435263,0.44692607572317494,0.5029601442236373,0.41769358036845494,0.4735625451959073,0.0,0.5094762658664709
0.3695853417062598,0.41338330969748777,0.44103483243826663,0.2475071397055485,0.40899924015632894,0.4442636508881856,0.3988785795548926,0.43972986437987255,0.40817405884600766,0.2974213875148276,0.41692465742468204,0.2990622023063481,0.40302772406951076,0.0,0.474721775865781,0.46433633577773564,0.3513621578254322,0.35845369732175486,0.40672630316152886,0.47866933678912965,0.46878133727339905,0.48319911459579146,0.4424498344309649,0.2868362794230485,0.3620824205894797,0.43077673366108,0.4457510754402062,0.30389026911265365,0.4388190241167354,0.3659962197609771,0.3165105756900649,0.37292096855393564,0.34883722962130065,0.26032055098106505,0.0,0.3676875323863952,0.34532250267096004,0.22684075143122467,0.3104284970213709,0.32228533864745673,0.3082892241072345,0.3272497889135398,0.2834112050843887,0.307147727655834,0.257535969275835,0.0,0.459245397510744,0.0,0.0,0.0,0.44651802447084826,0.40716529962371306,0.0,0.0,0.26817820761964795,0.0,0.2618458156318982,0.34125157895598734,0.0,0.48366952042857086,0.40198369844277737,0.0,0.43526444029172084,0.0,0.45109808067415824,0.0,0.4858754040616217,0.5043549714362939,0.0,0.4181405739785747,0.47183167205564824,0.5016071934180323,0.4680503986530933,0.4546797946319403,0.0,0.0
0.0,0.0,0.4026416029058369,0.20567604437320972,0.23578219756250085,0.42125571496493563,0.276104997538152,0.22582083720593366,0.3822892740221536,0.3808525809749365,0.32132506282667633,0.27126360119518483,0.3221316074463187,0.22914764925773512,0.49129249852972134,0.0,0.5004601808271543,0.0,0.37616209692046215,0.41114237882827454,0.0,0.5042111465025374,0.3739151366387308,0.25492002129738184,0.0,0.44006773916161324,0.4067412402551421,0.30502337324314127,0.4181687245418823,0.4378519622232486,0.39377154693092287,0.26271405432995454,0.23826534564218965,0.3901975314562897,0.3676875323863952,0.0,0.18100565054479906,0.28257709219805904,0.27171635465714306,0.0,0.29489390170224383,0.3224545774189907,0.35527145522644576,0.0,0.31724418390923337,0.0,0.0,0.49189006676910646,0.0,0.4432619093058973,0.44274629072182536,0.4300186234944885,0.3911765871430706,0.4756545453060175,0.2866599918148759,0.45728257069447314,0.0,0.42168172173171026,0.0,0.0,0.0,0.0,0.0,0.4740942652880832,0.0,0.0,0.0,0.48191314262734575,0.0,0.0,0.0,0.45824509465335994,0.42798739086018567,0.4206488193273703,0.5045534928899525,0.0
