0,1,2,3,4,5,6,7,8,9,10,11,12,13,14,15,16,17,18,19,20,21,22,23,24,25,26,27,28,29,30,31,32,33,34,35,36,37,38,39,40,41,42,43,44,45,46,47,48,49,50,51,52,53,54,55,56,57,58,59,60,61,62,63,64,65,66,67,68,69,70,71,72,73,74,75
0.0,0.4385099088373867,0.0,0.0,0.0,0.4322892274921679,0.0,0.4649372971094148,0.0,0.45254927111303567,0.0,0.43418840325978136,0.4007713440377585,0.0,0.3763490905877291,0.44664222569564027,0.0,0.4536056125666508,0.0,0.4399451715278263,0.3668218796435506,0.42111208870592676,0.4248059245623961,0.3779774138561372,0.42790620901217713,0.3953829128101442,0.4144999173081807,0.4405761598771839,0.4243903970461576,0.0,0.39223181413566144,0.42245882965072823,0.4003285860728338,0.4080155767910739,0.3917516470915056,0.0,0.0,0.38658404202939556,0.45798664339011874,0.4475898595763186,0.391362802443463,0.0,0.0,0.0,0.0,0.3944303339360688,0.4980712761619589,0.0,0.0,0.0,0.40446069264443874,0.0,0.0,0.0,0.4877012094385671,0.0,0.0,0.3651006226905122,0.0,0.0,0.4755818357138798,0.0,0.44003475013885035,0.0,0.0,0.39117875663150303,0.47460716665519925,0.5197060280064877,0.4477153937440985,0.4557134554713115,0.48418425419139066,0.4358333144473732,0.0,0.0,0.0,0.37328941746268435
0.4385099088373867,0.0,0.0,0.0,0.3571389111676397,0.392822054593396,0.3918192739619181,0.45030343699451675,0.3657781442529978,0.4067321243211895,0.0,0.2750771526167479,0.4272572364845815,0.0,0.4198947331152697,0.45180920971476696,0.0,0.4501189875915752,0.0,0.4049517778927834,0.41025836754599243,0.3832375338710362,0.4309966350562283,0.0,0.4147848717764842,0.42652061890775167,0.4153793746810777,0.4319982820205857,0.4101631180031522,0.4145905309621152,0.37139115795984,0.41023577754778606,0.3733704350825543,0.37135652221267595,0.4072681572080804,0.0,0.0,0.0,0.4820035321377201,0.46418467368272787,0.45917514211785937,0.483403470432268,0.0,0.0,0.0,0.49060711549934755,0.4892791355942088,0.0,0.0,0.0,0.4228664813901862,0.3359376399942966,0.0,0.36164572043648724,0.0,0.0,0.0,0.32280593949608266,0.0,0.4975694248971399,0.4833435472135786,0.0,0.48566838400049106,0.0,0.4599290455129544,0.46981519787404696,0.4766669032147467,0.44653892849000887,0.0,0.49502658520292514,0.5120319626549048,0.4571725078420451,0.32607462658958475,0.4514238206923332,0.0,0.44885584902287406
0.0,0.0,0.0,0.3600340421228053,0.4045142978597553,0.44105732511553797,0.44386493679970973,0.4919025153948816,0.29918359573083797,0.42539723069086377,0.33484815315573047,0.3472069150007787,0.47186224841598284,0.4512683224236673,0.0,0.0,0.0,0.4145795238428557,0.26353884335463695,0.0,0.40723353497172043,0.0,0.3120357712480398,0.37055346439554987,0.3697354976681937,0.390906911538636,0.33465821172998317,0.49017140760043304,0.3967995485273313,0.4628810583353578,0.5012434260195637,0.4635272820929835,0.4055484412308195,0.49602278544458595,0.4709405082803547,0.44186151647253435,0.44327259449468676,0.0,0.5036944510070201,0.0,0.4855698463125465,0.0,0.5309612507144013,0.0,0.0,0.0,0.0,0.5148887656638595,0.0,0.5237269373196769,0.549695134388924,0.5108045956847257,0.5582886011343376,0.5805600088560422,0.0,0.5202021136168355,0.0,0.49365596866803335,0.5524114707956631,0.0,0.0,0.0,0.0,0.337794924319843,0.0,0.0,0.0,0.5663617344387168,0.0,0.0,0.0,0.5722132060049578,0.4645120795219311,0.0,0.0,0.4852051199991173
0.0,0.0,0.3600340421228053,0.0,0.30032339249273055,0.41952914663612156,0.3178355687716111,0.29350434900408323,0.41384443671152304,0.23561106084009004,0.36379240922629663,0.23885304564157372,0.29609597075200994,0.25238945696428844,0.0,0.0,0.0,0.0,0.40017865431325284,0.0,0.0,0.0,0.3912472345415853,0.3124634108661593,0.0,0.0,0.40986207182637313,0.24049609884951664,0.3586041011981229,0.0,0.0,0.2848406587555607,0.0,0.251121651327576,0.30417385929189,0.19970699480833695,0.18985345387421085,0.0,0.2559876732607676,0.0,0.0,0.0,0.0,0.0,0.0,0.0,0.0,0.0,0.0,0.0,0.0,0.0,0.0,0.0,0.0,0.0,0.2375862352459278,0.0,0.0,0.0,0.0,0.0,0.0,0.0,0.0,0.0,0.0,0.0,0.0,0.0,0.0,0.33576960620965135,0.0,0.0,0.0,0.0
0.0,0.3571389111676397,0.4045142978597553,0.30032339249273055,0.0,0.41281193903742014,0.3469489050974223,0.41308273207676927,0.36631114040843854,0.42544081476947204,0.34499203828577873,0.3727408503476963,0.3795372887491759,0.30098952049083855,0.0,0.0,0.3960709734400693,0.42546795979205265,0.36907811078690794,0.42161335533072286,0.33800093965649136,0.4131230028631582,0.42462043199255506,0.3813859614207652,0.42101140659254227,0.4052681541761415,0.42400760937548276,0.3737678055106957,0.0,0.0,0.46033547636300376,0.36138720990949613,0.3738783939656628,0.42911607389385403,0.41863629737883484,0.2625727194044617,0.2639838632695787,0.35721399223577,0.41219701291478367,0.0,0.4401700262036671,0.0,0.43668633107202115,0.0,0.0,0.0,0.0,0.5204912582163833,0.0,0.4318306722470413,0.4737206490819742,0.3991197459043063,0.4835156550851175,0.4747719380736066,0.0,0.48005782357677845,0.0,0.3508049335792348,0.0,0.0,0.0,0.0,0.0,0.5051661221399442,0.0,0.0,0.0,0.5169842664393295,0.0,0.0,0.0,0.4721725398343117,0.37300089037735173,0.35481452599246094,0.0,0.3926372463196255
0.4322892274921679,0.392822054593396,0.44105732511553797,0.41952914663612156,0.41281193903742014,0.0,0.44430889804577556,0.44590835826206615,0.3475737827309544,0.4966962390675801,0.3959957990951947,0.38839621302572686,0.4304998931119573,0.4428071560460647,0.4411077745451338,0.4377231249081885,0.37371178018237894,0.5309407393001433,0.45847887841666335,0.4129737083160589,0.4223952811448072,0.4211627494631158,0.4389084427253972,0.3295611139881994,0.4338684726746227,0.4428870235985519,0.42545957739169543,0.44309162862455787,0.36887301322756644,0.45924628759338104,0.4853283787573571,0.43601724170023703,0.38533011701460057,0.4744973578390109,0.46782814641456083,0.43715348366474793,0.441187318015102,0.38869558139457644,0.4727216008959681,0.4396217724272271,0.5017493243661816,0.43158034843639387,0.44647343613602286,0.30187104216876404,0.0,0.0,0.3469669777431615,0.550625647702752,0.0,0.4563100446643511,0.5125946452760788,0.4990756665358593,0.5025060859556065,0.5530699515004968,0.35490372427740896,0.5334624154368991,0.0,0.4932458657093018,0.4713396905322823,0.4605522376136359,0.0,0.0,0.0,0.5649354890351499,0.4700140881241988,0.4612119226775077,0.4463236867336112,0.5204679154809132,0.0,0.0,0.41487192169707354,0.507967088077435,0.4965925449172675,0.4813814197192247,0.467771799761599,0.5125390131334525
0.0,0.3918192739619181,0.44386493679970973,0.3178355687716111,0.3469489050974223,0.44430889804577556,0.0,0.438952922111004,0.40088841436333744,0.44900557810977815,0.42369805041719416,0.36517432039584485,0.3632952016220539,0.34065041334675716,0.0,0.447666396403067,0.4267959333309981,0.4431291045097566,0.4261467316841191,0.42900008891180974,0.39708713000906326,0.4414976175651526,0.4485377210209435,0.4095538000720354,0.4317145643584749,0.41828881695942055,0.4462876339684835,0.3752346705072417,0.4341179354810636,0.0,0.4313987024731995,0.3914829632452532,0.36624202288378455,0.4055986582041678,0.39151238740172595,0.34110882067269693,0.3227304166217312,0.38428153958982814,0.3641029400558854,0.0,0.3975503439487756,0.0,0.4250529870161162,0.0,0.0,0.0,0.0,0.47049686498652327,0.0,0.3905383355692271,0.4767347882665007,0.3986199714335307,0.41532529954284925,0.44786883146678763,0.0,0.4126780851459474,0.3384144494850392,0.3801760690106391,0.0,0.0,0.0,0.0,0.0,0.440785142916467,0.0,0.0,0.0,0.5182575631627305,0.0,0.0,0.0,0.4949796261083574,0.3766629972286957,0.3733044683618516,0.0,0.38120590029000984
0.4649372971094148,0.45030343699451675,0.4919025153948816,0.29350434900408323,0.41308273207676927,0.44590835826206615,0.438952922111004,0.0,0.530544763157891,0.4536284384652002,0.3870122930200106,0.44142868605603625,0.44056825029826335,0.3381520371125008,0.4256009649527006,0.444535759173238,0.0,0.47969661192844,0.4844161323070961,0.40998966641765877,0.3788922457001348,0.4053107605701108,0.3835642560630043,0.5030208364388089,0.4861759089835063,0.4963609042222542,0.46112152520890853,0.4377834481049674,0.3919993462749114,0.4156548266843346,0.4605762627450987,0.3541717861530878,0.4685740146016251,0.4575660690835404,0.0,0.28042064702765346,0.23699896015431093,0.38960884204601753,0.4545312877263917,0.0,0.5051442513666862,0.0,0.0,0.0,0.0,0.0,0.0,0.5112328994600596,0.0,0.45460054927007865,0.4739951265923013,0.4565685522071556,0.3273814823546004,0.5214285245911312,0.3590211960112882,0.4834294178618435,0.0,0.462079872985862,0.0,0.4410979804190359,0.0,0.0,0.0,0.525105276997774,0.0,0.0,0.0,0.45967967858023784,0.0,0.3276186972601751,0.0,0.4692176280737384,0.47353102419677845,0.48250793215306464,0.0,0.4912196808434695
0.0,0.3657781442529978,0.29918359573083797,0.41384443671152304,0.36631114040843854,0.3475737827309544,0.40088841436333744,0.530544763157891,0.0,0.4902777807995596,0.352677882212953,0.4063962363020367,0.37112543748623794,0.46380773964257915,0.0,0.0,0.3775474717155731,0.37851994148274815,0.29037253773140714,0.0,0.0,0.40886054318041604,0.4458169691685246,0.3934113599266975,0.48176671476288657,0.46278586061401583,0.39813035452509454,0.47300923926083754,0.4501404806396345,0.4588731222115235,0.4919192476882957,0.45395120963101754,0.4224434308581658,0.4801949777623183,0.4728744517669806,0.44492409798328325,0.4542806038580843,0.4338049518627862,0.4295080960514182,0.0,0.39999087258602384,0.30540161184213516,0.5262713948829432,0.2963658868589578,0.0,0.0,0.0,0.5822120002739334,0.0,0.47864877761920627,0.5419593803541742,0.4878229039618961,0.5602208530835066,0.5613316487931681,0.0,0.5555867137030569,0.39440393380644956,0.45909496909661135,0.5275778876021283,0.0,0.0,0.0,0.0,0.5752987771196654,0.0,0.0,0.0,0.5645626287143015,0.0,0.0,0.0,0.5501201487860831,0.4362016251975992,0.37767802382866467,0.0,0.41173616436428007
0.45254927111303567,0.4067321243211895,0.42539723069086377,0.23561106084009004,0.42544081476947204,0.4966962390675801,0.44900557810977815,0.4536284384652002,0.4902777807995596,0.0,0.4519511890651782,0.3059870166268793,0.43118108583267906,0.40107669712155647,0.0,0.0,0.3394865445262002,0.37377903654099703,0.44217594290186524,0.0,0.46952327674477423,0.44120040290961515,0.4418562884168094,0.35819045996528603,0.36634097891882117,0.35985713360501614,0.44309791888223277,0.42130450037701955,0.3812493484062049,0.0,0.35475390359004244,0.34455808984188735,0.3220313612991555,0.3501953420849636,0.321293087258677,0.31085656515765114,0.28664357899911636,0.2909024558907495,0.28380947345749663,0.40619596000056113,0.3870753230525772,0.5156473722652329,0.0,0.0,0.37572440668839535,0.44933352960261164,0.0,0.0,0.0,0.0,0.3501630275313305,0.0,0.0,0.0,0.5009630481172432,0.0,0.4896007490023734,0.42530747535720503,0.0,0.0,0.0,0.5041669912885631,0.44356619641477524,0.0,0.0,0.4071649768397638,0.0,0.36109617441824415,0.4765628981745502,0.4963179524902959,0.5146503344409896,0.36073938117914606,0.4436586730593757,0.0,0.0,0.44961315902661947
0.0,0.0,0.33484815315573047,0.36379240922629663,0.34499203828577873,0.3959957990951947,0.42369805041719416,0.3870122930200106,0.352677882212953,0.4519511890651782,0.0,0.3969662128735911,0.43557898849090715,0.3226367539260758,0.0,0.0,0.38185325597268793,0.37876429937673994,0.2768663205456951,0.0,0.0,0.0,0.3071124596454533,0.4138664873821516,0.39519952531932007,0.3624594242712953,0.3905318937948598,0.44946406223938384,0.0,0.0,0.47803941612096956,0.3860283457358904,0.36239875181127584,0.45630892395264055,0.4353633704556259,0.2922237329195844,0.4193690996711213,0.38922360195082395,0.4129418961957542,0.0,0.0,0.0,0.44455080622968896,0.0,0.0,0.0,0.0,0.3293349543563615,0.0,0.48761863794958527,0.4871800584638101,0.45129175128343024,0.49850974650434515,0.5428182161071644,0.0,0.2630084312989302,0.3214987850564681,0.4256079453214214,0.0,0.0,0.0,0.0,0.0,0.22605271825852685,0.0,0.0,0.0,0.5332789609304789,0.0,0.0,0.0,0.5109655851196628,0.4110149719847061,0.0,0.0,0.0
0.43418840325978136,0.2750771526167479,0.3472069150007787,0.23885304564157372,0.3727408503476963,0.38839621302572686,0.36517432039584485,0.44142868605603625,0.4063962363020367,0.3059870166268793,0.3969662128735911,0.0,0.3671306995905032,0.32661093430526733,0.0,0.0,0.3680908651216715,0.40403902528057345,0.3576290800760089,0.3198610315549959,0.43960510087199667,0.33064494742137945,0.3877968453547386,0.30448929730209773,0.36871016815018426,0.36525481656479,0.3429152238559079,0.35381170307587295,0.25763216599245653,0.0,0.3486676119259456,0.22259339312028908,0.2959868742366703,0.22248138459100772,0.2702683017973179,0.2647025566978461,0.27714745589811557,0.21030527320658243,0.23031526655394946,0.34440362939253755,0.2294593342235024,0.2984529966112406,0.26966281864798836,0.2299546551917576,0.4061805896250844,0.407120357479328,0.0,0.0,0.18320283243424199,0.32402898022956195,0.0,0.2827596566930229,0.0,0.0,0.5022336602267558,0.36834140822619055,0.48669589125037493,0.31056829341627773,0.0,0.0,0.0,0.5138438849217715,0.46474923497959647,0.0,0.0,0.0,0.0,0.38133943760982464,0.4756114278065774,0.4967731985977457,0.5047774734085149,0.39492174809975306,0.308949441306731,0.3075842509236686,0.0,0.43737419780931125
0.4007713440377585,0.4272572364845815,0.47186224841598284,0.29609597075200994,0.3795372887491759,0.4304998931119573,0.3632952016220539,0.44056825029826335,0.37112543748623794,0.43118108583267906,0.43557898849090715,0.3671306995905032,0.0,0.3454221732957127,0.4276627188783828,0.4629390710645361,0.4421880576638299,0.4792020755990186,0.4529808342160208,0.44104954964229615,0.4379665006526634,0.45596825989497625,0.45083211808041895,0.3967365034746504,0.45322098361744234,0.45136106908868634,0.44795339771649095,0.3541165669479023,0.41259497249928206,0.4251632922354754,0.4194177727425924,0.40017373607091233,0.39221118142492495,0.4042541746100867,0.38320828835476745,0.3316877512129794,0.32145906085477627,0.3740255732158679,0.3474683754979137,0.35740882641570276,0.32673049615951033,0.2947490809669381,0.34665047707395186,0.2573185611491272,0.0,0.0,0.31824412307351513,0.4765104606106155,0.0,0.35720243352088454,0.4726690591135766,0.39169353392538286,0.4671204695235732,0.41977050907889674,0.42444712568388643,0.43124379768394067,0.35987075345151526,0.365556965773442,0.0,0.3843443357489787,0.0,0.0,0.36111040878033934,0.44413158144919035,0.4239663164015306,0.0,0.3352563566676631,0.5087133921075363,0.0,0.37340049460637104,0.3809664349624639,0.4991462117700266,0.41678118040481194,0.4400638824437025,0.0,0.40015280319634605
0.0,0.0,0.4512683224236673,0.25238945696428844,0.30098952049083855,0.4428071560460647,0.34065041334675716,0.3381520371125008,0.46380773964257915,0.40107669712155647,0.3226367539260758,0.32661093430526733,0.3454221732957127,0.0,0.0,0.0,0.0,0.0,0.41805031627151656,0.0,0.4436227112816189,0.0,0.3959650396987076,0.4212047210329146,0.3987202025084391,0.0,0.46136047794914475,0.279251788612187,0.0,0.0,0.4448254945587551,0.24014287369980802,0.0,0.4021120911661058,0.403978542754089,0.19671406156159804,0.19390685943671998,0.3176671909963519,0.0,0.0,0.0,0.0,0.0,0.0,0.0,0.0,0.0,0.45428494848741785,0.0,0.0,0.43390520735745375,0.0,0.0,0.4870485051759095,0.0,0.4524459744756717,0.0,0.0,0.0,0.0,0.0,0.0,0.0,0.0,0.0,0.0,0.0,0.49359955629381824,0.0,0.0,0.0,0.4623265938135732,0.0,0.0,0.0,0.0
0.3763490905877291,0.4198947331152697,0.0,0.0,0.0,0.4411077745451338,0.0,0.4256009649527006,0.0,0.0,0.0,0.0,0.4276627188783828,0.0,0.0,0.435495040798212,0.0,0.43040418274957715,0.0,0.36346307614902096,0.40218876640836276,0.366111872523796,0.39023344168995866,0.4527158400614653,0.4089355272911941,0.3304255607359715,0.4166392197954351,0.4322672278763361,0.4089902557813964,0.4442947849617115,0.41713071933929535,0.43180979866974567,0.41301809874624423,0.4219971231551507,0.45609101312545863,0.4992650721578656,0.0,0.0,0.4750245672180825,0.5122276668882552,0.5090543625283667,0.525653945598971,0.0,0.0,0.0,0.0,0.5277766280431229,0.4543939110754885,0.0,0.0,0.4841539771499418,0.0,0.5345514641179299,0.0,0.0,0.0,0.0,0.40235384185747597,0.0,0.4982834763585532,0.458924799601794,0.0,0.0,0.0,0.49939845293349977,0.4782580568843878,0.5159559369353587,0.504150029817668,0.0,0.39506803138429814,0.5505627554330033,0.5170025848922606,0.47104485595420026,0.49206423311933195,0.4798974703143492,0.4884508412287722
0.44664222569564027,0.45180920971476696,0.0,0.0,0.0,0.4377231249081885,0.447666396403067,0.444535759173238,0.0,0.0,0.0,0.0,0.4629390710645361,0.0,0.435495040798212,0.0,0.3963082974789596,0.3779243365166984,0.0,0.42345691408094827,0.4277752968194512,0.4230032922056348,0.431140457307565,0.0,0.47496047475798675,0.44669009670773197,0.43424678376909126,0.4459865325897618,0.4322344619393022,0.42831817734862,0.39397883333001055,0.43965001614507165,0.40475440640689,0.4000501519261268,0.43315598663814986,0.0,0.0,0.0,0.4603411912143652,0.43247745759999245,0.4296077125385646,0.0,0.0,0.0,0.0,0.4808499171552531,0.47980999747663255,0.0,0.0,0.0,0.32789183100496144,0.0,0.0,0.0,0.0,0.0,0.0,0.34299164933810433,0.0,0.47389730648709594,0.46673123032080127,0.0,0.4446340458989797,0.0,0.436628813747112,0.46452902129138673,0.4624659031143776,0.3960486358946199,0.0,0.4666972605170331,0.4998778715610934,0.41538628655467047,0.36683832545574435,0.40791985842833034,0.0,0.4238063907305503
0.0,0.0,0.0,0.0,0.3960709734400693,0.37371178018237894,0.4267959333309981,0.0,0.3775474717155731,0.3394865445262002,0.38185325597268793,0.3680908651216715,0.4421880576638299,0.0,0.0,0.3963082974789596,0.0,0.3127895685437877,0.3800631923684597,0.0,0.0,0.33387793303517443,0.3659725425837861,0.3837580967878093,0.36865113973768476,0.3932587830713105,0.36915566576696396,0.4473952167793816,0.0,0.0,0.36405317621202005,0.4409619112093289,0.3764666005087281,0.3808193853365786,0.39064309698034205,0.4443665946936014,0.0,0.34113712400682517,0.0,0.4063750871250866,0.0,0.0,0.0,0.0,0.0,0.0,0.0,0.0,0.0,0.0,0.0,0.0,0.0,0.0,0.4971908901301905,0.0,0.5310970419929831,0.0,0.0,0.0,0.0,0.45157830836354007,0.4451353356006479,0.0,0.0,0.0,0.0,0.0,0.0,0.4519977174015071,0.480911467391386,0.0,0.0,0.0,0.0,0.0
0.4536056125666508,0.4501189875915752,0.4145795238428557,0.0,0.42546795979205265,0.5309407393001433,0.4431291045097566,0.47969661192844,0.37851994148274815,0.37377903654099703,0.37876429937673994,0.40403902528057345,0.4792020755990186,0.0,0.43040418274957715,0.3779243365166984,0.3127895685437877,0.0,0.0,0.41866473591617004,0.42594025273958885,0.42763440552130394,0.45473064910635685,0.4258485853234308,0.4137270141776889,0.43373714857611834,0.46069469106747574,0.4634228997607578,0.4289025107852529,0.43057949590133227,0.41118911355151916,0.4606770587040448,0.40227361287252306,0.4082841877683775,0.4426771240183486,0.445852421437687,0.0,0.3204433771645816,0.4476800015609684,0.4288824672836339,0.4387133876421984,0.47110116682335906,0.0,0.0,0.0,0.48925174990611764,0.4743576338167492,0.0,0.0,0.0,0.32938017648634915,0.0,0.0,0.0,0.4603966720589296,0.0,0.4650280656747099,0.0,0.0,0.0,0.4648904412519673,0.4502040562138926,0.4445584633593562,0.0,0.3342835655806676,0.0,0.4468432271645144,0.0,0.4812356979725185,0.45670066134459303,0.4851934838448066,0.0,0.0,0.3519977437679679,0.0,0.440855236793965
0.0,0.0,0.26353884335463695,0.40017865431325284,0.36907811078690794,0.45847887841666335,0.4261467316841191,0.4844161323070961,0.29037253773140714,0.44217594290186524,0.2768663205456951,0.3576290800760089,0.4529808342160208,0.41805031627151656,0.0,0.0,0.3800631923684597,0.0,0.0,0.0,0.0,0.0,0.296836323798326,0.3911886219046715,0.35084944718606925,0.3716018710840344,0.3824770351834131,0.46116406804895077,0.0,0.0,0.49010376716091353,0.4338986141213899,0.0,0.4833376884159836,0.4678331236343891,0.40095064143144954,0.4478623681531475,0.0,0.4607640113688356,0.0,0.0,0.0,0.5185214509067169,0.3360164139793095,0.0,0.0,0.0,0.5579822632883769,0.0,0.4995824195377532,0.5252395761190249,0.49153838965184177,0.5526764943306167,0.5694084039187423,0.0,0.561492299543429,0.0,0.4309667590357138,0.537942436335567,0.0,0.0,0.0,0.0,0.31556654543665186,0.0,0.0,0.0,0.557916645389841,0.0,0.0,0.0,0.5444072669507062,0.39696197834812597,0.0,0.0,0.0
0.4399451715278263,0.4049517778927834,0.0,0.0,0.42161335533072286,0.4129737083160589,0.42900008891180974,0.40998966641765877,0.0,0.0,0.0,0.3198610315549959,0.44104954964229615,0.0,0.36346307614902096,0.42345691408094827,0.0,0.41866473591617004,0.0,0.0,0.436961154583159,0.374006721572514,0.32815943622859517,0.3266878950403148,0.3994320879778361,0.4295818536331768,0.3523326821865054,0.41532425699041275,0.355631651466298,0.3116881266692404,0.39454759408841716,0.4289441029501014,0.383176065214383,0.4187100204018976,0.4489539776976248,0.47593368001340813,0.4382758114904992,0.3648625984080153,0.4426580754536494,0.440425301581886,0.44350440725121093,0.48453295994530327,0.30090066728249176,0.0,0.0,0.0,0.4452024833157653,0.38942795795832047,0.0,0.0,0.4650458358820315,0.3441847713976602,0.5070854866073088,0.3352204580479815,0.0,0.0,0.0,0.37830000531949404,0.0,0.4904642558576498,0.3713526851134701,0.0,0.0,0.0,0.4836467454060422,0.48848299094087855,0.4775161727109092,0.5107140704019024,0.0,0.33788181221705327,0.4744015706463937,0.5079046962427298,0.4827761248532611,0.47622168507681983,0.41151752035753,0.46278158262855074
0.3668218796435506,0.41025836754599243,0.40723353497172043,0.0,0.33800093965649136,0.4223952811448072,0.39708713000906326,0.3788922457001348,0.0,0.46952327674477423,0.0,0.43960510087199667,0.4379665006526634,0.4436227112816189,0.40218876640836276,0.4277752968194512,0.0,0.42594025273958885,0.0,0.436961154583159,0.0,0.42791623139455803,0.3704400136196255,0.4789967731994007,0.42294397452971555,0.4397003497778298,0.428985174362275,0.4619172533141902,0.40591588874155815,0.4684510486225274,0.39305472559249083,0.40201243631431544,0.39406026808500466,0.3888019561674569,0.4321584671097931,0.38261278814901917,0.0,0.41390373083698795,0.4837179803709797,0.5017533186879426,0.4999148864986653,0.0,0.0,0.0,0.0,0.4100168354689465,0.5104546910314229,0.0,0.0,0.0,0.48406499354068283,0.0,0.45669266603066694,0.0,0.0,0.0,0.0,0.0,0.0,0.46318280617934987,0.46882384998716375,0.0,0.0,0.0,0.4947727875736679,0.43160975792591605,0.5007728016967363,0.4845322162408972,0.0,0.4154453363330861,0.5092359793191208,0.5147309866091994,0.49600230554809976,0.48465703635571766,0.5053104993572941,0.49679161732745597
0.42111208870592676,0.3832375338710362,0.0,0.0,0.4131230028631582,0.4211627494631158,0.4414976175651526,0.4053107605701108,0.40886054318041604,0.44120040290961515,0.0,0.33064494742137945,0.45596825989497625,0.0,0.366111872523796,0.4230032922056348,0.33387793303517443,0.42763440552130394,0.0,0.374006721572514,0.42791623139455803,0.0,0.43419005745717887,0.34417566205156375,0.4345899318296533,0.4077013271750015,0.4222985381057112,0.4462262391127186,0.41659965529242443,0.36752593598223726,0.3969386547533437,0.42687853357115724,0.4014774957326871,0.4088245571874684,0.4518013029180157,0.48079267192854,0.0,0.0,0.4658577383854754,0.45824980565642887,0.47869952681361083,0.5085447427081787,0.0,0.0,0.0,0.49069853332232893,0.47142566215825044,0.0,0.0,0.0,0.43120257376787136,0.30358216000718224,0.5274399502924108,0.3351436988962854,0.0,0.0,0.0,0.3152304691251183,0.0,0.5078148553088634,0.43973347522213646,0.0,0.35750775738845325,0.0,0.48086054906692843,0.4783439858904323,0.49160897215183597,0.49713311378599684,0.0,0.4367382339583613,0.5015043492058189,0.4989489874212436,0.37759522631120057,0.47296873873589595,0.4242086985720567,0.4299757535589418
0.4248059245623961,0.4309966350562283,0.3120357712480398,0.3912472345415853,0.42462043199255506,0.4389084427253972,0.4485377210209435,0.3835642560630043,0.4458169691685246,0.4418562884168094,0.3071124596454533,0.3877968453547386,0.45083211808041895,0.3959650396987076,0.39023344168995866,0.431140457307565,0.3659725425837861,0.45473064910635685,0.296836323798326,0.32815943622859517,0.3704400136196255,0.43419005745717887,0.0,0.47066264456437357,0.4391824780147365,0.452451338922587,0.38610124579981303,0.4452833703628554,0.4026034629460156,0.42960870723891836,0.4468891542570168,0.4197680593188587,0.3622957405025097,0.4439545651940272,0.44794481416970333,0.3714766982040791,0.43527492106538995,0.3881783737187585,0.4979516598296964,0.4981264378617014,0.5180331921739092,0.5176477599218466,0.4714294191238074,0.4131424353754634,0.0,0.0,0.45819546334137495,0.5423584635881384,0.39057712466728906,0.48820118843343546,0.5139864141081473,0.5121880935921821,0.4644328317678232,0.5490849021402695,0.42817726130053374,0.5451114467104757,0.0,0.5061255191459457,0.49354832266732857,0.4944313693961948,0.3805907035933003,0.0,0.0,0.5721488859495525,0.5074129435246055,0.4753962313653337,0.4964834867669559,0.5043557240078975,0.0,0.3388214635978112,0.4865531942835487,0.5129561099541926,0.5081416650517571,0.501411280461004,0.5080774451325017,0.5190321225920044
0.3779774138561372,0.0,0.37055346439554987,0.3124634108661593,0.3813859614207652,0.3295611139881994,0.4095538000720354,0.5030208364388089,0.3934113599266975,0.35819045996528603,0.4138664873821516,0.30448929730209773,0.3967365034746504,0.4212047210329146,0.4527158400614653,0.0,0.3837580967878093,0.4258485853234308,0.3911886219046715,0.3266878950403148,0.4789967731994007,0.34417566205156375,0.47066264456437357,0.0,0.4240602106884322,0.3921622495964768,0.35209317535642337,0.3983599680597543,0.30363769852850236,0.0,0.37689794322368886,0.2951239671442636,0.2187265473289657,0.26347497490172406,0.298698426313025,0.33417590614030884,0.3065280244500862,0.24347857603437156,0.3342919181552112,0.26879994967500775,0.258926487100524,0.3392406199537825,0.406974397772488,0.27220514822399794,0.2326382124316615,0.4244147838468605,0.5090341781196432,0.0,0.0,0.2837921310169905,0.3808144185110406,0.27019819742023554,0.0,0.3094409098129901,0.44159498120631263,0.30549146854744236,0.2949508035080429,0.37584322956955973,0.0,0.0,0.4997289196649108,0.4556236318089139,0.4463616220423676,0.0,0.0,0.0,0.0,0.5533134922773288,0.41653781316416844,0.4606003289201559,0.47569961120358467,0.5929651062364705,0.4304822253400551,0.0,0.0,0.3724650224661124
0.42790620901217713,0.4147848717764842,0.3697354976681937,0.0,0.42101140659254227,0.4338684726746227,0.4317145643584749,0.4861759089835063,0.48176671476288657,0.36634097891882117,0.39519952531932007,0.36871016815018426,0.45322098361744234,0.3987202025084391,0.4089355272911941,0.47496047475798675,0.36865113973768476,0.4137270141776889,0.35084944718606925,0.3994320879778361,0.42294397452971555,0.4345899318296533,0.4391824780147365,0.4240602106884322,0.0,0.40037713249655377,0.43629829413410676,0.44916274462935407,0.41045853502354007,0.3537396713244068,0.4231337556501247,0.4292013809229213,0.37254778550092366,0.39155506253539535,0.405019604424131,0.41280329867656673,0.0,0.36440685927694494,0.47341415981971835,0.44895226328980836,0.45033761267585004,0.47257947023857955,0.0,0.0,0.38513175778543995,0.49308327397860385,0.48614754669523236,0.0,0.0,0.0,0.33127980643689486,0.3223910222360727,0.40029410079262995,0.32191601249101787,0.4989329821396509,0.0,0.4970531286106297,0.3797718956759624,0.0,0.44158979098947665,0.47877401875558495,0.478185214309768,0.46033523085211014,0.0,0.4165352074120291,0.44321374998826846,0.5074145931695427,0.3625764288075537,0.5079632586952505,0.473263280725264,0.4989383609365498,0.3390559927970703,0.4027571314039736,0.4224766932357992,0.0,0.45764868471958214
0.3953829128101442,0.42652061890775167,0.390906911538636,0.0,0.4052681541761415,0.4428870235985519,0.41828881695942055,0.4963609042222542,0.46278586061401583,0.35985713360501614,0.3624594242712953,0.36525481656479,0.45136106908868634,0.0,0.3304255607359715,0.44669009670773197,0.3932587830713105,0.43373714857611834,0.3716018710840344,0.4295818536331768,0.4397003497778298,0.4077013271750015,0.452451338922587,0.3921622495964768,0.40037713249655377,0.0,0.4518590389378474,0.4750937539253943,0.39457116470406417,0.31729897896113635,0.4080245125480317,0.4270669207461447,0.39987922953995575,0.3990823718600949,0.4209483620358395,0.4278890614827841,0.0,0.3881465912946488,0.48037481446574043,0.4751368303023059,0.4729251090236929,0.49258687611936597,0.0,0.0,0.4178559218120209,0.4864888379041696,0.5042202669942801,0.0,0.0,0.0,0.44396982454461353,0.33884711910343285,0.0,0.3518386347068953,0.5418175596673056,0.0,0.53600511855906,0.38247183142548663,0.0,0.5245088976653235,0.4946490877917852,0.5000356538504742,0.4827824555872899,0.0,0.4992843380470359,0.49144478374134665,0.5080757360007538,0.4688861826015953,0.5091103704510159,0.49331529472488217,0.5101999818416937,0.47004641264378116,0.4271806696741306,0.45746263975281065,0.0,0.4813581629754758
0.4144999173081807,0.4153793746810777,0.33465821172998317,0.40986207182637313,0.42400760937548276,0.42545957739169543,0.4462876339684835,0.46112152520890853,0.39813035452509454,0.44309791888223277,0.3905318937948598,0.3429152238559079,0.44795339771649095,0.46136047794914475,0.4166392197954351,0.43424678376909126,0.36915566576696396,0.46069469106747574,0.3824770351834131,0.3523326821865054,0.428985174362275,0.4222985381057112,0.38610124579981303,0.35209317535642337,0.43629829413410676,0.4518590389378474,0.0,0.43988456726510455,0.38546941301261123,0.4056422606753164,0.41604975095549485,0.4197487747219264,0.3672311209534282,0.4318085518741815,0.44013354929961007,0.4355846663908144,0.43100345420542624,0.3606845275874591,0.48269618820011473,0.48279906233168873,0.5191071333048322,0.5041172410733408,0.4680936249147004,0.34007302314353977,0.0,0.0,0.42622157781542097,0.56026484337453,0.0,0.49777960281029476,0.5150065327804073,0.5111340184486783,0.5180740859260475,0.5638756005366464,0.3686955844005561,0.5551834420202147,0.34914440710963085,0.497120061896139,0.4926146014992352,0.4917651559712483,0.3501243054008818,0.0,0.0,0.5719215351229302,0.5012872169124596,0.49567188540287155,0.5087192265928576,0.5209838541004536,0.0,0.31423173207309696,0.4902462414418469,0.5145092079737739,0.5057342220229889,0.49530290154494366,0.492937542978228,0.5173080686413204
0.4405761598771839,0.4319982820205857,0.49017140760043304,0.24049609884951664,0.3737678055106957,0.44309162862455787,0.3752346705072417,0.4377834481049674,0.47300923926083754,0.42130450037701955,0.44946406223938384,0.35381170307587295,0.3541165669479023,0.279251788612187,0.4322672278763361,0.4459865325897618,0.4473952167793816,0.4634228997607578,0.46116406804895077,0.41532425699041275,0.4619172533141902,0.4462262391127186,0.4452833703628554,0.3983599680597543,0.44916274462935407,0.4750937539253943,0.43988456726510455,0.0,0.3639928106949782,0.3567989533828503,0.4087394704069154,0.4093134578671676,0.37905910313555286,0.41359047734608045,0.42829735562635973,0.2781840901731062,0.2706589972926142,0.3694950837608712,0.3772053651823808,0.44672176269518843,0.38821415960564476,0.36007639635446675,0.0,0.24699917493811574,0.0,0.0,0.30149745910163567,0.4098445745256669,0.0,0.3498824893031328,0.4927608433016035,0.3676718844296293,0.4814006740209795,0.3751084398406431,0.41648690376910136,0.3725770439765054,0.33290661738744526,0.4007984146219235,0.0,0.47357235902347566,0.28714228986060697,0.0,0.0,0.382016468011411,0.5047283892956177,0.5111946264745864,0.3739529597860803,0.5110742805582276,0.0,0.40011440015516697,0.42121445175262456,0.5114989888098719,0.47865026253560006,0.4909058277169661,0.4078632964838105,0.4722264061720527
0.4243903970461576,0.4101631180031522,0.3967995485273313,0.3586041011981229,0.0,0.36887301322756644,0.4341179354810636,0.3919993462749114,0.4501404806396345,0.3812493484062049,0.0,0.25763216599245653,0.41259497249928206,0.0,0.4089902557813964,0.4322344619393022,0.0,0.4289025107852529,0.0,0.355631651466298,0.40591588874155815,0.41659965529242443,0.4026034629460156,0.30363769852850236,0.41045853502354007,0.39457116470406417,0.38546941301261123,0.3639928106949782,0.0,0.3762280186628367,0.38734790384804024,0.39063643085085187,0.3405157592676075,0.41713241732518663,0.4370091289926776,0.39789769326551117,0.38778229006722725,0.2800550017343044,0.4596839989636249,0.42077407315742915,0.4810275017522798,0.46193330163752494,0.32853016114440003,0.3245670620779632,0.0,0.0,0.4070771778989852,0.41500414398137864,0.0,0.3654023256554984,0.47531550490267166,0.3574618960743182,0.4610007648438789,0.0,0.33699963307920733,0.0,0.0,0.41483606373077336,0.0,0.4746209926052642,0.3315033773327969,0.0,0.3414851119046452,0.0,0.48461241931964877,0.4754226527826481,0.4439670939430683,0.49694720298416417,0.0,0.3216651902826755,0.41350209068465293,0.49966615733553227,0.4753143450455447,0.4715969706805849,0.44171181655043246,0.48324653286049624
0.0,0.4145905309621152,0.4628810583353578,0.0,0.0,0.45924628759338104,0.0,0.4156548266843346,0.4588731222115235,0.0,0.0,0.0,0.4251632922354754,0.0,0.4442947849617115,0.42831817734862,0.0,0.43057949590133227,0.0,0.3116881266692404,0.4684510486225274,0.36752593598223726,0.42960870723891836,0.0,0.3537396713244068,0.31729897896113635,0.4056422606753164,0.3567989533828503,0.3762280186628367,0.0,0.32803317232550583,0.4205959470039715,0.3484104681765099,0.39175149475199,0.42393688881212926,0.0,0.0,0.0,0.36040228613922054,0.0,0.0,0.0,0.0,0.0,0.0,0.0,0.0,0.0,0.0,0.0,0.4417762350597818,0.0,0.0,0.0,0.0,0.0,0.0,0.3749319053685818,0.0,0.0,0.0,0.0,0.0,0.0,0.0,0.0,0.0,0.5212087850582389,0.0,0.0,0.0,0.5167004508782186,0.4103337963862752,0.46643460097118516,0.0,0.0
0.39223181413566144,0.37139115795984,0.5012434260195637,0.0,0.46033547636300376,0.4853283787573571,0.4313987024731995,0.4605762627450987,0.4919192476882957,0.35475390359004244,0.47803941612096956,0.3486676119259456,0.4194177727425924,0.4448254945587551,0.41713071933929535,0.39397883333001055,0.36405317621202005,0.41118911355151916,0.49010376716091353,0.39454759408841716,0.39305472559249083,0.3969386547533437,0.4468891542570168,0.37689794322368886,0.4231337556501247,0.4080245125480317,0.41604975095549485,0.4087394704069154,0.38734790384804024,0.32803317232550583,0.0,0.4026223111880825,0.35377147862337727,0.2802644921202205,0.22382152732291805,0.43118550459464305,0.0,0.30801847620043915,0.46024894455436394,0.42002766804752645,0.0,0.0,0.0,0.27922439303349916,0.0,0.41137411654046907,0.4590617325101503,0.4444069248614846,0.0,0.0,0.5000057549414413,0.35410648870382766,0.0,0.3927478157186956,0.46784285041391177,0.0,0.43182214604091446,0.37956334502756933,0.0,0.48395918914003694,0.4583043425057533,0.0,0.46007381289239174,0.0,0.4671881452511493,0.4360530736647649,0.4684946058264205,0.5175011573671168,0.0,0.4754684349655024,0.4754201568512139,0.5129758265202956,0.4712390197577732,0.45954449073942916,0.0,0.4261228424391621
0.42245882965072823,0.41023577754778606,0.4635272820929835,0.2848406587555607,0.36138720990949613,0.43601724170023703,0.3914829632452532,0.3541717861530878,0.45395120963101754,0.34455808984188735,0.3860283457358904,0.22259339312028908,0.40017373607091233,0.24014287369980802,0.43180979866974567,0.43965001614507165,0.4409619112093289,0.4606770587040448,0.4338986141213899,0.4289441029501014,0.40201243631431544,0.42687853357115724,0.4197680593188587,0.2951239671442636,0.4292013809229213,0.4270669207461447,0.4197487747219264,0.4093134578671676,0.39063643085085187,0.4205959470039715,0.4026223111880825,0.0,0.3376158243338179,0.35945393954955046,0.36662238235234557,0.29475538453890354,0.29275016471214815,0.2654288091955333,0.26352196840959713,0.32008480565795067,0.32602851036693126,0.3323786533481208,0.2658085811461587,0.25420986799886747,0.24929484302835456,0.44944742022976886,0.47756917601026727,0.47371074172287636,0.0,0.41045947766332946,0.4945956033795286,0.3862103777824544,0.45890077705425075,0.4154464622427532,0.502762637446787,0.45063534228567026,0.21540805714571784,0.33030201619708577,0.0,0.4740089418604722,0.5001731020807064,0.0,0.4549594316947523,0.45930525838389946,0.4336234341683404,0.4512250948809531,0.46987123698275035,0.5021261537899501,0.0,0.4876509631919222,0.4885615541188598,0.49463219826747035,0.32984684502151157,0.45876915245798966,0.0,0.4774187652282121
0.4003285860728338,0.3733704350825543,0.4055484412308195,0.0,0.3738783939656628,0.38533011701460057,0.36624202288378455,0.4685740146016251,0.4224434308581658,0.3220313612991555,0.36239875181127584,0.2959868742366703,0.39221118142492495,0.0,0.41301809874624423,0.40475440640689,0.3764666005087281,0.40227361287252306,0.0,0.383176065214383,0.39406026808500466,0.4014774957326871,0.3622957405025097,0.2187265473289657,0.37254778550092366,0.39987922953995575,0.3672311209534282,0.37905910313555286,0.3405157592676075,0.3484104681765099,0.35377147862337727,0.3376158243338179,0.0,0.2606070094206282,0.3829656388647938,0.2955396806125453,0.260028989019218,0.20578979484903923,0.29915617616817786,0.27038513731294744,0.3121019752517087,0.35161283388301956,0.0,0.2364713135702437,0.2626543585669632,0.44816328852035486,0.45445297406896096,0.0,0.0,0.0,0.42432885605637566,0.0,0.0,0.0,0.39753386105704175,0.0,0.3915610164611766,0.3608986604319638,0.0,0.493832164312358,0.4328378130905818,0.4249255821781387,0.4590302667795301,0.0,0.42773588624388953,0.4378591579990846,0.4640691262460538,0.4836157081887048,0.38620373322266227,0.44617223669849865,0.47911055286704013,0.4661230439243234,0.3721874051350993,0.42337323349521594,0.0,0.3931790570391979
0.4080155767910739,0.37135652221267595,0.49602278544458595,0.251121651327576,0.42911607389385403,0.4744973578390109,0.4055986582041678,0.4575660690835404,0.4801949777623183,0.3501953420849636,0.45630892395264055,0.22248138459100772,0.4042541746100867,0.4021120911661058,0.4219971231551507,0.4000501519261268,0.3808193853365786,0.4082841877683775,0.4833376884159836,0.4187100204018976,0.3888019561674569,0.4088245571874684,0.4439545651940272,0.26347497490172406,0.39155506253539535,0.3990823718600949,0.4318085518741815,0.41359047734608045,0.41713241732518663,0.39175149475199,0.2802644921202205,0.35945393954955046,0.2606070094206282,0.0,0.24441437275984723,0.342307087790663,0.28476600677409164,0.22669502236569558,0.3083628745854936,0.31322591283767975,0.30561254241099434,0.35510663340092724,0.2639525975062418,0.2766783773071171,0.2939804179324163,0.41996417589879076,0.46384910289766906,0.4083574559646459,0.0,0.3226351761933901,0.4987946832499735,0.3099938264584289,0.0,0.36543398301175806,0.40140686332329645,0.4282294967833655,0.36956579571248843,0.2840713672669049,0.0,0.4891778530873646,0.4532975653792004,0.4600703638709502,0.45434712123308735,0.385735780463607,0.4724383022682361,0.4231284263992159,0.47355145326569753,0.5119509031904298,0.34327545301061796,0.45927708290338803,0.48070406712351105,0.5124112061546204,0.36977807431115794,0.48112464406470096,0.0,0.43194936632747205
0.3917516470915056,0.4072681572080804,0.4709405082803547,0.30417385929189,0.41863629737883484,0.46782814641456083,0.39151238740172595,0.0,0.4728744517669806,0.321293087258677,0.4353633704556259,0.2702683017973179,0.38320828835476745,0.403978542754089,0.45609101312545863,0.43315598663814986,0.39064309698034205,0.4426771240183486,0.4678331236343891,0.4489539776976248,0.4321584671097931,0.4518013029180157,0.44794481416970333,0.298698426313025,0.405019604424131,0.4209483620358395,0.44013354929961007,0.42829735562635973,0.4370091289926776,0.42393688881212926,0.22382152732291805,0.36662238235234557,0.3829656388647938,0.24441437275984723,0.0,0.3563357631502531,0.3334516483903856,0.2866428931030371,0.3264673982658425,0.3037292672431373,0.3145139581864454,0.3863851566339805,0.2812046583806464,0.2810207262621844,0.2832896890273605,0.0,0.46813602212923866,0.0,0.0,0.0,0.3998616893943499,0.2828601381953151,0.0,0.324715816896625,0.0,0.365475743948541,0.2645403292568513,0.262151035030017,0.0,0.5052060212674543,0.45528618146513283,0.0,0.4545629853020176,0.0,0.4373566470482059,0.0,0.4961567843702101,0.5100455242672067,0.0,0.4696397928257501,0.48222689138301633,0.4773136550092905,0.27774627424410925,0.4217771848948008,0.0,0.0
