0,1,2,3,4,5,6,7,8,9,10,11,12,13,14,15,16,17,18,19,20,21,22,23,24,25,26,27,28,29,30,31,32,33,34,35,36,37,38,39,40,41,42,43,44,45,46,47,48,49,50,51,52,53,54,55,56,57,58,59,60,61,62,63,64,65,66,67,68,69,70,71,72,73,74,75
0.0,0.37428352754782573,0.0,0.0,0.0,0.37315955933656947,0.33310151301502866,0.49306140073712224,0.0,0.3520486188104123,0.0,0.3737220139682864,0.38919212862863306,0.4688307756915472,0.3715535234305083,0.378185728096374,0.0,0.3788979563133768,0.0,0.4046574117969882,0.3922320839590005,0.37134911178769986,0.45703200092445095,0.35101546414107515,0.3788223033677162,0.34119987790953904,0.40922351005925695,0.4526782181693272,0.42464799808475473,0.0,0.33397223827094635,0.3896266214102116,0.31880611919097146,0.313265116233995,0.36998259873292605,0.0,0.0,0.43145703558980864,0.4239720319871074,0.4188979028074848,0.450992713238305,0.4357242959152341,0.0,0.0,0.0,0.31876671970247716,0.46792288825107314,0.0,0.0,0.0,0.36005501470517454,0.0,0.0,0.0,0.39101158141532477,0.0,0.0,0.0,0.0,0.0,0.4558108153245142,0.0,0.4334095958827728,0.0,0.0,0.2835622340882157,0.46375324492017805,0.0,0.3991952703386521,0.42722828468540014,0.42814424134361423,0.0,0.0,0.0,0.0,0.39815111184134905
0.37428352754782573,0.0,0.0,0.37839812568490033,0.4045681383720099,0.4175722714222103,0.4384675714536719,0.4282693769891564,0.40791273158470487,0.2677947414936048,0.0,0.2476049742236678,0.4453479850121898,0.0,0.40386711294158884,0.40026901672343196,0.3944940052785313,0.3861525175691299,0.0,0.3888602539893798,0.3960471180131649,0.36514400829842397,0.42196460040263517,0.30671064331933284,0.36553842708415624,0.37762065505532166,0.4051079369070852,0.4467134039713598,0.4108950493289662,0.0,0.347589113939416,0.40014901640328415,0.34908460966748245,0.35953422313003147,0.3968296089707361,0.35699619268230653,0.0,0.0,0.4414163127255867,0.43933842245918686,0.4480216172441869,0.4611060743172678,0.0,0.0,0.0,0.423769080448071,0.46693581462187306,0.0,0.0,0.0,0.40942816574946006,0.34596112657600586,0.0,0.0,0.0,0.0,0.0,0.3184189157901595,0.0,0.44969842366357904,0.45681581338785066,0.0,0.45576847719311286,0.0,0.44652079690002855,0.4574071773536437,0.4659534357833995,0.41844340916691114,0.0,0.456017588414968,0.4605202466144931,0.4413404974366051,0.3297521964462974,0.44605419211401665,0.0,0.43063194656095327
0.0,0.0,0.0,0.3449265781803516,0.32593412706577807,0.3773084228189575,0.3858797629010874,0.38686580384719005,0.2467993059212395,0.3840826094107298,0.23282676369497515,0.3385479368082903,0.41563233255739307,0.3691505410973782,0.0,0.0,0.0,0.36669954604837496,0.18539401801282757,0.0,0.0,0.0,0.2539191030435175,0.33032686210890094,0.3062132201838089,0.32917389100970995,0.33239896269433633,0.4227635065584301,0.39895758113148505,0.0,0.4333758920729281,0.4117891391970997,0.39236786290282255,0.44701113172168033,0.47773636012844367,0.34004801828810793,0.39796088239813543,0.34051696941365106,0.4540974786856026,0.0,0.0,0.0,0.46630352299124855,0.3345035245943556,0.0,0.0,0.0,0.34739307411092946,0.0,0.48566791716844326,0.5209479648711604,0.4974956863043181,0.4748212359924755,0.5367648698448714,0.0,0.3050059020202153,0.0,0.4868380738834378,0.48147809870848984,0.0,0.0,0.0,0.0,0.23253106485802197,0.0,0.0,0.0,0.5313817542826562,0.0,0.0,0.0,0.5113790690776684,0.4162634334516479,0.40680216546424475,0.0,0.4504652046057528
0.0,0.37839812568490033,0.3449265781803516,0.0,0.30225665850607186,0.41243103983695617,0.3580052575233281,0.3449277143136878,0.3888364906957132,0.32897019903439245,0.32166355659493273,0.2794703450975772,0.3353668819365888,0.24139766869654047,0.0,0.391927070431582,0.0,0.31683722604639436,0.3575710056566026,0.4454481171024274,0.0,0.4636939971639836,0.3903725765051032,0.0,0.3067955991258076,0.44539708134169453,0.4003712490016405,0.2559718246957038,0.37659520749590836,0.0,0.27943779019035786,0.3115776408479175,0.0,0.30920222539974784,0.35985643599097555,0.22240018066747114,0.20671922073248528,0.26938593981322123,0.0,0.0,0.0,0.0,0.0,0.0,0.0,0.0,0.0,0.0,0.0,0.0,0.0,0.0,0.0,0.0,0.0,0.0,0.0,0.0,0.0,0.0,0.0,0.0,0.0,0.0,0.0,0.0,0.0,0.3301098545757519,0.0,0.0,0.0,0.34333000881196346,0.0,0.0,0.0,0.0
0.0,0.4045681383720099,0.32593412706577807,0.30225665850607186,0.0,0.3705629056487856,0.3284082006972447,0.3695120139248109,0.3086460221886533,0.36182481247979364,0.28918145272721557,0.3782553834022346,0.34989063225901823,0.3128879756087082,0.0,0.4394745205763072,0.34295409622989526,0.36548288273632923,0.33160206840641615,0.4087286247177898,0.3445315695737751,0.42758701675002336,0.37975296385823387,0.379927749717732,0.3693030852552853,0.3592192211740635,0.38454047552988946,0.3718031821193693,0.4179385378741632,0.0,0.4274679122512037,0.3858660625354417,0.37137763882695085,0.4250371701837578,0.44586256908681327,0.2908577605146634,0.28505740751653713,0.0,0.4071688510284496,0.0,0.4282932168118627,0.0,0.4444788224469043,0.0,0.0,0.0,0.32299088920286345,0.46500377627859985,0.0,0.4348888573790233,0.4495543215567359,0.40609583993673126,0.44734455738240997,0.4590921883415474,0.0,0.4441874619666491,0.0,0.3615591574983631,0.0,0.0,0.0,0.0,0.0,0.47458145537252083,0.0,0.0,0.34818642032558017,0.4976429345887488,0.0,0.0,0.34452301013517783,0.4695526139219278,0.3624966580034116,0.37475167115450686,0.0,0.3744015580680303
0.37315955933656947,0.4175722714222103,0.3773084228189575,0.41243103983695617,0.3705629056487856,0.0,0.3971123165952642,0.4070797428266584,0.32646304458604447,0.39596199964555534,0.3504832023329877,0.38488440025215354,0.37768380054696904,0.4160483502655453,0.37536958770291096,0.43915495694240225,0.31425809866361654,0.4050361777659765,0.3464880705336404,0.39736293745318435,0.41955172627778403,0.4130156928605716,0.36868883633935196,0.3403637157537809,0.3968879760694418,0.4217019556508326,0.361773713503992,0.38308904963875684,0.34686245320358516,0.3964630053200479,0.419390419907124,0.4190666629841045,0.39564061231045866,0.4313154532647015,0.44610683081317193,0.4207871429563746,0.4309696331918704,0.3635162838303523,0.4778891529639394,0.3834698431039947,0.4808222688536644,0.4566270833083844,0.4631770216553801,0.3044226422793941,0.0,0.34863015110954765,0.37092908892531035,0.5238813737416653,0.0,0.46323234070961017,0.49803636452739997,0.5089601540515865,0.46950835221129444,0.5326768148041486,0.3129339303648102,0.48908681911740154,0.0,0.5117653048675734,0.0,0.43811865717127607,0.30904291762514524,0.0,0.3117609551197706,0.5073803218265446,0.4478705359246429,0.40377044061007233,0.41727880118060645,0.5105064207874495,0.0,0.30975339332188245,0.42306988003972046,0.5098962429396904,0.5019262121376367,0.4886859721018895,0.475456052299507,0.4871756317681422
0.33310151301502866,0.4384675714536719,0.3858797629010874,0.3580052575233281,0.3284082006972447,0.3971123165952642,0.0,0.4100394619829284,0.35504665364883414,0.40086048206888203,0.3877620477743295,0.3830691208149227,0.3348721475282764,0.33480585338039265,0.0,0.48017952888179394,0.3874253807355143,0.4162378608751316,0.4023455564815014,0.41385637741673326,0.3794070450816217,0.4471868194268806,0.3958476205444847,0.4037600496615218,0.3992223071066447,0.40303607182417384,0.4074379400547385,0.38452069847358744,0.42871694032686125,0.0,0.41369781946797135,0.40803637239285406,0.4165550788840603,0.4184281197200133,0.4430797685006815,0.33459934706585837,0.29646386850623213,0.3714702550541229,0.3748532843528801,0.0,0.36786038529810244,0.4345610281211891,0.40369125336184764,0.0,0.0,0.0,0.35170608252929986,0.44711348156312286,0.0,0.3861665026305872,0.432724382394695,0.4001320815939453,0.3846773209460145,0.4393801566866121,0.0,0.38727840326739615,0.0,0.37407488308658793,0.0,0.36385402627946606,0.3311942990340474,0.0,0.32678204948971346,0.4341033227063813,0.0,0.0,0.34807530807619624,0.49526669625531783,0.0,0.3325707537710416,0.33835563412464464,0.4799652013859679,0.3593541016345999,0.37313991716022477,0.0,0.36000915948732876
0.49306140073712224,0.4282693769891564,0.38686580384719005,0.3449277143136878,0.3695120139248109,0.4070797428266584,0.4100394619829284,0.0,0.43627190586505604,0.4098056556412506,0.2914195209885535,0.4254717812998301,0.402644024117601,0.3544315468815271,0.0,0.4202351981814388,0.3314516412343546,0.4389905085881784,0.39197534076760465,0.401319976804039,0.39813947882340206,0.0,0.3513912616915389,0.500566534350336,0.463707687654739,0.46160982609098494,0.4049194487158056,0.4102406161863484,0.387208715976442,0.40188716728141455,0.4288470407455788,0.38442401455529396,0.43272435776280715,0.44514186765401165,0.4603143281768902,0.26805179192889167,0.42870943288691243,0.0,0.46502207669871803,0.0,0.496245758362853,0.0,0.4319164098144066,0.0,0.0,0.0,0.0,0.504211797915527,0.0,0.4703003081051391,0.4595565019075587,0.49808020143886167,0.3289054963145909,0.5336727141611708,0.0,0.4348152029765645,0.0,0.48126178347436327,0.0,0.4649493968559304,0.0,0.0,0.0,0.5157302692879709,0.0,0.34846386271493623,0.0,0.45729532318454075,0.0,0.3505660096478895,0.42673585778978695,0.48509255807861795,0.45873652771171075,0.44061240551720204,0.0,0.47392067339589905
0.0,0.40791273158470487,0.2467993059212395,0.3888364906957132,0.3086460221886533,0.32646304458604447,0.35504665364883414,0.43627190586505604,0.0,0.404273405387626,0.26083194210049476,0.3840257916202275,0.36958000012577524,0.37826870658277206,0.31437118361705285,0.4000251410302771,0.33814979380929244,0.2942567391258371,0.21987569938656826,0.4030813548793125,0.3291424776066541,0.4040621022157259,0.3790331080268834,0.3769000120506312,0.33178307733422246,0.3676505854180464,0.3446286177937426,0.43203799188982556,0.39069934696283065,0.40456438782826387,0.4499399343411397,0.42881354863405247,0.3983598900506313,0.44934370499969817,0.44884064563486603,0.37794064984839626,0.41259374777485586,0.35873549739317345,0.4278012813389985,0.0,0.3854871763469766,0.32630461898705887,0.48778725083843244,0.3044192821186211,0.0,0.0,0.0,0.5241651520949246,0.0,0.4724056298340919,0.5233313083268889,0.48699086681282017,0.5166622842912881,0.5160575192123446,0.3004447465850796,0.5104790423609231,0.0,0.4613541819659366,0.506960228493403,0.0,0.0,0.0,0.0,0.5269514905932732,0.0,0.0,0.3350358527242213,0.5352587740026383,0.0,0.0,0.3415873215417362,0.5293389093853917,0.4160602442263182,0.4132385315613279,0.0,0.39805111395647796
0.3520486188104123,0.2677947414936048,0.3840826094107298,0.32897019903439245,0.36182481247979364,0.39596199964555534,0.40086048206888203,0.4098056556412506,0.404273405387626,0.0,0.39511698539181034,0.3019652431910212,0.4048161642464922,0.0,0.2629981206509472,0.3560313042665971,0.305751900022684,0.31805892497848287,0.3979821167202949,0.33227129531778293,0.3924971467884931,0.2977212346494521,0.3681892358515154,0.31311676845178066,0.31520559431838774,0.30300480702445826,0.40433524865502884,0.3718393582943619,0.3758166011930607,0.31616466315139324,0.3239253984978188,0.3612448497841401,0.29206129503124245,0.29515346617020954,0.2705941057725935,0.3647751367893446,0.2725207867875414,0.29037413315924865,0.3068966316442636,0.395822321341126,0.392433228633157,0.0,0.33124706869796755,0.2715887664811647,0.3588688149594543,0.4228444809848747,0.0,0.0,0.0,0.0,0.0,0.4167242297992847,0.0,0.3301081544737277,0.45332680418224386,0.0,0.4538717154017132,0.40915598659697744,0.0,0.0,0.3571375187824701,0.40482281653286756,0.3706509574510802,0.0,0.0,0.0,0.0,0.3519962568337669,0.4179446336030269,0.4032413856719131,0.4279679209620855,0.3567531152303341,0.43847921042580984,0.0,0.0,0.4269131144231285
0.0,0.0,0.23282676369497515,0.32166355659493273,0.28918145272721557,0.3504832023329877,0.3877620477743295,0.2914195209885535,0.26083194210049476,0.39511698539181034,0.0,0.3851780163197868,0.40112404527947765,0.2871544517237117,0.0,0.0,0.3429243645515474,0.33974425642420614,0.18962274917509636,0.0,0.0,0.0,0.2662432557570784,0.3994919758749119,0.35326514712593693,0.31916838488312466,0.36370436104325626,0.40968814790485863,0.35752690290816275,0.0,0.4300759914584413,0.37308374668564953,0.37732659668830515,0.4247494017437631,0.4338922150414656,0.26702164129692313,0.36165586749466866,0.35423807499515425,0.38065650875307416,0.0,0.32284844703897764,0.0,0.40889349782937984,0.32043420549795953,0.0,0.0,0.0,0.3907578091740598,0.0,0.3837692807657743,0.46363053317970043,0.44196695260745966,0.4444300213263125,0.47790936399477724,0.3523593887631264,0.21920312143976012,0.0,0.3897929487852224,0.0,0.0,0.0,0.0,0.0,0.20874540014647047,0.0,0.0,0.0,0.49385673067716374,0.0,0.0,0.0,0.4568742571903862,0.35033224804953117,0.0,0.0,0.3558128508777767
0.3737220139682864,0.2476049742236678,0.3385479368082903,0.2794703450975772,0.3782553834022346,0.38488440025215354,0.3830691208149227,0.4254717812998301,0.3840257916202275,0.3019652431910212,0.3851780163197868,0.0,0.39106749749153924,0.0,0.0,0.33825128547851646,0.31703651286653317,0.33582933067073456,0.3475180690150326,0.0,0.4027124017943279,0.25437781388982394,0.4001948837667897,0.2868840695213382,0.3302738600969044,0.29803792382210154,0.3636540975958835,0.35438077599467677,0.3426606628775784,0.0,0.3219616460570863,0.2556467628373472,0.2956007760444578,0.24969260489805795,0.2613274224043785,0.35518425845917556,0.3177462225986643,0.2412520082490258,0.237681462964858,0.40317392285060066,0.36836925215051497,0.2951717835364611,0.34730649902400434,0.2777114744865721,0.34457587305558385,0.4014647007928599,0.0,0.0,0.0,0.0,0.4304366487427657,0.39484764209692197,0.0,0.41593607825736456,0.4611781146803588,0.4005100919097781,0.4628365106161582,0.39095686690352593,0.0,0.0,0.0,0.4275785972342159,0.4040126575813838,0.3401294967603536,0.0,0.0,0.0,0.3712091037969323,0.43396965509099866,0.4320002307312909,0.4463984639745231,0.4065626276548208,0.39465914920276673,0.0,0.0,0.43482167140987965
0.38919212862863306,0.4453479850121898,0.41563233255739307,0.3353668819365888,0.34989063225901823,0.37768380054696904,0.3348721475282764,0.402644024117601,0.36958000012577524,0.4048161642464922,0.40112404527947765,0.39106749749153924,0.0,0.37340570538177176,0.3994168514820714,0.47830083833924086,0.373198219393593,0.42992778225611683,0.4202044215816942,0.418597454323635,0.4167559270626349,0.44917930164785547,0.4005561507028741,0.39560256162963675,0.4230673542373392,0.417334209692399,0.4208192921233023,0.3511944968185289,0.41569272390128437,0.372014348788202,0.3796371317801852,0.4081416629384336,0.4043219804139856,0.41021809525440583,0.42629704971883886,0.3452845457551759,0.3321315065491855,0.364424222742614,0.40749621705708033,0.0,0.4216948065598545,0.37272901550551596,0.38728619513133067,0.2754453480057486,0.0,0.0,0.32933669472696586,0.45174424130161334,0.0,0.371792554684341,0.45905388469016567,0.40849060633562906,0.43994291329219376,0.42223180882804984,0.364808928074961,0.39590535596919507,0.0,0.38854315154249836,0.0,0.37028529294603174,0.31657883531544817,0.0,0.3331455188765935,0.4346479322640948,0.42841497561633524,0.3813086746014095,0.3371542495707054,0.4990632452576776,0.0,0.3423388330710502,0.37726487596930003,0.4959210711977248,0.4116760673574089,0.4343375167716025,0.0,0.37041557975326567
0.4688307756915472,0.0,0.3691505410973782,0.24139766869654047,0.3128879756087082,0.4160483502655453,0.33480585338039265,0.3544315468815271,0.37826870658277206,0.0,0.2871544517237117,0.0,0.37340570538177176,0.0,0.0,0.0,0.0,0.0,0.3414679185389504,0.0,0.4622743447310777,0.0,0.3834033494137362,0.0,0.0,0.0,0.4098803104057626,0.2922325453577873,0.0,0.0,0.0,0.36477287643902156,0.0,0.0,0.0,0.22471081769900694,0.19873629105976962,0.0,0.0,0.0,0.0,0.0,0.4409502909473896,0.0,0.0,0.0,0.0,0.4578199977733235,0.0,0.0,0.0,0.0,0.0,0.49954795035462757,0.0,0.3095327867101881,0.0,0.0,0.0,0.0,0.0,0.0,0.0,0.0,0.0,0.0,0.0,0.0,0.0,0.0,0.0,0.0,0.0,0.0,0.0,0.0
0.3715535234305083,0.40386711294158884,0.0,0.0,0.0,0.37536958770291096,0.0,0.0,0.31437118361705285,0.2629981206509472,0.0,0.0,0.3994168514820714,0.0,0.0,0.4082055683291035,0.0,0.40410796398223536,0.0,0.30896025975572444,0.3933669755448998,0.33165935069062685,0.3080252366683363,0.3865581754346565,0.3820732014388127,0.3166758769844173,0.35786603054320826,0.40813416693312093,0.4106788425911183,0.40023560946227277,0.4040195563921498,0.4327372176989225,0.40094396858979175,0.43243560497593814,0.47013298657645164,0.3805249320451797,0.4006925559266307,0.0,0.481805280728151,0.45462794912767746,0.5051739201130108,0.5135525976696782,0.44210836354690886,0.0,0.0,0.0,0.49149692424258357,0.0,0.0,0.0,0.477291503210127,0.37192462458951203,0.0,0.0,0.0,0.0,0.0,0.41487354400819043,0.0,0.45943973557908474,0.4576857313915597,0.0,0.3577275268152087,0.0,0.48773489702625267,0.47613002203174215,0.48905266184916707,0.4825478720257201,0.0,0.37811972454247955,0.45884631702038736,0.48415032722440837,0.45092385775210253,0.46783374213257906,0.0,0.44091614343347696
0.378185728096374,0.40026901672343196,0.0,0.391927070431582,0.4394745205763072,0.43915495694240225,0.48017952888179394,0.4202351981814388,0.4000251410302771,0.3560313042665971,0.0,0.33825128547851646,0.47830083833924086,0.0,0.4082055683291035,0.0,0.35360030226913086,0.34047416040924416,0.0,0.3979241457721368,0.40620989305259403,0.36848243785764884,0.427212602883532,0.3586898436461615,0.3814156268555224,0.381663322261359,0.41449923991103493,0.45432815616914246,0.43035813118532484,0.4299245892795628,0.37058969537049374,0.42409934663439375,0.3771446084225835,0.389196200575327,0.4308523585620914,0.3899553888063674,0.33690703399106775,0.0,0.4236424795017122,0.42936658614023754,0.4308919508539669,0.43998518457407315,0.0,0.0,0.0,0.431591484598622,0.4532308605123879,0.0,0.0,0.0,0.33213156522986664,0.36766127263573,0.0,0.0,0.36360566394797156,0.0,0.0,0.3394995854831665,0.0,0.46375067593224284,0.44645618575675655,0.0,0.4348889445140537,0.0,0.4147386058761364,0.39773844579652395,0.43996755040484214,0.37320320871152174,0.0,0.44210957643285204,0.44762623896463116,0.4013736924518421,0.35420955363123763,0.4011041048381903,0.0,0.4222278521178397
0.0,0.3944940052785313,0.0,0.0,0.34295409622989526,0.31425809866361654,0.3874253807355143,0.3314516412343546,0.33814979380929244,0.305751900022684,0.3429243645515474,0.31703651286653317,0.373198219393593,0.0,0.0,0.35360030226913086,0.0,0.28796563382773,0.0,0.3458601333576118,0.0,0.3548681530043822,0.34299531168289854,0.3445792875664119,0.2968841474269782,0.32888428354520044,0.3415639437308783,0.35866770061356057,0.3294868388556199,0.0,0.3263568658096594,0.4058002571675408,0.31811057856940805,0.33675367840961407,0.3463061800782246,0.0,0.0,0.27946964053804946,0.0,0.364172309329703,0.3677157931630073,0.0,0.0,0.0,0.0,0.0,0.0,0.0,0.0,0.0,0.0,0.0,0.0,0.0,0.4555448918293053,0.0,0.43968611601356217,0.0,0.0,0.0,0.38716726830000936,0.4229733370410408,0.40202010864747223,0.0,0.0,0.0,0.0,0.0,0.4355983424745553,0.4280534629454768,0.43922999858557255,0.0,0.0,0.0,0.0,0.39889051686500315
0.3788979563133768,0.3861525175691299,0.36669954604837496,0.31683722604639436,0.36548288273632923,0.4050361777659765,0.4162378608751316,0.4389905085881784,0.2942567391258371,0.31805892497848287,0.33974425642420614,0.33582933067073456,0.42992778225611683,0.0,0.40410796398223536,0.34047416040924416,0.28796563382773,0.0,0.37017020811993495,0.3997245250691962,0.39918387606905026,0.3883491367061791,0.4121157711199078,0.3744820347037983,0.3437936162720326,0.36011794027137217,0.4076693653811024,0.4096189528437371,0.42506679337764885,0.38452562448301314,0.3623395435184527,0.3888542334635266,0.3459958036053839,0.3765351400163543,0.3865044539760005,0.4280912274031348,0.0,0.2657707860562577,0.40616344019928774,0.4071065992987988,0.4196439917911555,0.42648947890281397,0.0,0.0,0.0,0.43094493327955574,0.43754862324559013,0.0,0.0,0.0,0.3117192540527248,0.0,0.0,0.0,0.4620333584413346,0.0,0.4613717812063792,0.315367827170113,0.0,0.3869147550938321,0.4331325096250931,0.4417076686636806,0.42708268724662496,0.0,0.0,0.0,0.4172323876595578,0.34868529065689435,0.4579684314118696,0.433541777524815,0.44295217738270437,0.3808156870958177,0.3290641749116864,0.3376328418472837,0.0,0.42083772076005277
0.0,0.0,0.18539401801282757,0.3575710056566026,0.33160206840641615,0.3464880705336404,0.4023455564815014,0.39197534076760465,0.21987569938656826,0.3979821167202949,0.18962274917509636,0.3475180690150326,0.4202044215816942,0.3414679185389504,0.0,0.0,0.0,0.37017020811993495,0.0,0.0,0.0,0.0,0.21280975047978948,0.3466047336131973,0.30533478810482917,0.32848852556740127,0.3544035903483542,0.4265014411002035,0.0,0.0,0.43298001867168034,0.41011189381032515,0.37240742513125635,0.41777496673451253,0.46400239369120805,0.35701244488025385,0.39321463900220943,0.0,0.4870828713403691,0.0,0.0,0.0,0.461621958742002,0.32325475907443646,0.0,0.0,0.0,0.5315696982368574,0.0,0.49068137968052417,0.504613754015893,0.4813350925794076,0.49170434200323443,0.5292419649804685,0.0,0.33423347850547214,0.0,0.4266415258168853,0.0,0.0,0.0,0.0,0.0,0.5163580135225281,0.0,0.0,0.0,0.5240766807447031,0.0,0.0,0.0,0.5141738318972584,0.3696125916530152,0.0,0.0,0.0
0.4046574117969882,0.3888602539893798,0.0,0.4454481171024274,0.4087286247177898,0.39736293745318435,0.41385637741673326,0.401319976804039,0.4030813548793125,0.33227129531778293,0.0,0.0,0.418597454323635,0.0,0.30896025975572444,0.3979241457721368,0.3458601333576118,0.3997245250691962,0.0,0.0,0.3990356216516044,0.3194992510165633,0.23981064944096805,0.37036677081648794,0.39380734557435987,0.4004353730902199,0.29898786692787493,0.37117322193539465,0.31257404647004033,0.37352549553019787,0.3518358433904816,0.42044285204675097,0.3651055994965994,0.40656148876486453,0.4545937195281522,0.4935672188991892,0.43082600784602854,0.0,0.457877395002813,0.435046680703207,0.44081574199818996,0.4925588951495547,0.4077263790139768,0.3609859578529543,0.0,0.0,0.43556776437642547,0.0,0.0,0.0,0.45519344506352905,0.3584707935081543,0.4567783454169143,0.3542185869628035,0.0,0.0,0.0,0.40951828677761204,0.0,0.4716280545487156,0.35582311244240405,0.0,0.33192955802887786,0.0,0.46078120980655174,0.4385886538863443,0.4777568173037179,0.47160908575617344,0.0,0.3203624045817322,0.4833894539291839,0.4759370772022798,0.46668144745352885,0.4439051530117843,0.3928060519419399,0.4450270532729731
0.3922320839590005,0.3960471180131649,0.0,0.0,0.3445315695737751,0.41955172627778403,0.3794070450816217,0.39813947882340206,0.3291424776066541,0.3924971467884931,0.0,0.4027124017943279,0.4167559270626349,0.4622743447310777,0.3933669755448998,0.40620989305259403,0.0,0.39918387606905026,0.0,0.3990356216516044,0.0,0.4197981819196578,0.3956158661508628,0.4509035912806796,0.4013898840086472,0.39465849287468713,0.4011787597989227,0.42363272116021927,0.3993086850398591,0.41541881234569134,0.3881975637519191,0.42750630043443316,0.3696587652307248,0.4128267016211431,0.46600639062988225,0.36858818623912526,0.3931528245642492,0.0,0.46668894961294377,0.4649916454719778,0.461067899249594,0.5176767044233619,0.0,0.0,0.0,0.29590147112002685,0.4867890863985658,0.0,0.0,0.0,0.47165453975909283,0.39703322647939293,0.3197327079228745,0.0,0.46535417346946334,0.0,0.0,0.4249054439674155,0.0,0.46588999529481845,0.4585504780520042,0.0,0.3748970599229863,0.0,0.4591273402817522,0.4072862436668558,0.4803614470932995,0.460863993653579,0.0,0.3952051882439822,0.4955267659409415,0.47159717908483123,0.4495885344834234,0.4562008753832702,0.4383256467478668,0.4215332775242973
0.37134911178769986,0.36514400829842397,0.0,0.4636939971639836,0.42758701675002336,0.4130156928605716,0.4471868194268806,0.0,0.4040621022157259,0.2977212346494521,0.0,0.25437781388982394,0.44917930164785547,0.0,0.33165935069062685,0.36848243785764884,0.3548681530043822,0.3883491367061791,0.0,0.3194992510165633,0.4197981819196578,0.0,0.25774868765415276,0.21387822221556516,0.38800259156940453,0.3877508124437133,0.38386846949059034,0.40614533639219164,0.38319807893385044,0.3654247577460392,0.3649910069959314,0.42619586542182253,0.37855801591309035,0.40648129657194526,0.4577779291219698,0.4987564451882145,0.4390029931312026,0.0,0.4462337517998064,0.46358521070348746,0.4708502522100962,0.5011808133283017,0.4948410425384505,0.2976417782644477,0.0,0.42566107304062656,0.4644697110741356,0.0,0.0,0.0,0.45228512668703547,0.33717278660095207,0.0,0.0,0.0,0.0,0.0,0.3395151783855384,0.0,0.5004421567373898,0.44642793079159365,0.0,0.3937207832843911,0.0,0.48180907081477475,0.4794261062533138,0.483966792395318,0.4716347756000384,0.0,0.4390655195236661,0.4837658284449003,0.4667078677434985,0.37779260453978625,0.46074752452917345,0.0,0.4419143682007058
0.45703200092445095,0.42196460040263517,0.2539191030435175,0.3903725765051032,0.37975296385823387,0.36868883633935196,0.3958476205444847,0.3513912616915389,0.3790331080268834,0.3681892358515154,0.2662432557570784,0.4001948837667897,0.4005561507028741,0.3834033494137362,0.3080252366683363,0.427212602883532,0.34299531168289854,0.4121157711199078,0.21280975047978948,0.23981064944096805,0.3956158661508628,0.25774868765415276,0.0,0.46075266830418754,0.41809225627076185,0.422875218913507,0.32946133319530907,0.41401488023032956,0.39653347951102846,0.40510037986350395,0.42301173721764,0.4101611743015975,0.4100531769832045,0.43525226881758233,0.4670532882396041,0.37886119362051535,0.4148166381922453,0.3469996413041787,0.4982439268186893,0.4774078221754686,0.505111844246556,0.5255807249113138,0.4860159056903301,0.425133090849382,0.0,0.0,0.4388941311216187,0.534972224582166,0.0,0.5010675306219503,0.5080189004099201,0.5279978847378294,0.4661346679201504,0.5482174982117263,0.4094046128349477,0.3720905485320582,0.0,0.5163846893375312,0.5105930825038841,0.4833270710062238,0.335127948647287,0.0,0.34484621260003084,0.5368656455519336,0.4936101367710756,0.4640321296287752,0.4833654599665768,0.5015965725055126,0.0,0.3345215701563504,0.46431200641089065,0.5167316840877613,0.5071880855370888,0.49897232574177974,0.5074624174962385,0.5087612500282901
0.35101546414107515,0.30671064331933284,0.33032686210890094,0.0,0.379927749717732,0.3403637157537809,0.4037600496615218,0.500566534350336,0.3769000120506312,0.31311676845178066,0.3994919758749119,0.2868840695213382,0.39560256162963675,0.0,0.3865581754346565,0.3586898436461615,0.3445792875664119,0.3744820347037983,0.3466047336131973,0.37036677081648794,0.4509035912806796,0.21387822221556516,0.46075266830418754,0.0,0.3621988103510397,0.32842658395937707,0.3673242524275156,0.38186697006775167,0.36318806149476823,0.0,0.3344727090764551,0.3088454159054229,0.23662047592096835,0.2528030332157941,0.2673655505263065,0.37930929664048113,0.0,0.23978433863808202,0.3817685693795114,0.35634786133156154,0.39728496027990945,0.0,0.0,0.0,0.32085307347651254,0.40909072458460205,0.0,0.0,0.0,0.0,0.0,0.0,0.0,0.0,0.4517040262275313,0.0,0.4409954744254841,0.426896242957521,0.0,0.0,0.43642719806391406,0.46933628731899624,0.4510007421073719,0.0,0.0,0.0,0.0,0.0,0.41742881507545293,0.4466996685625902,0.44580622564896966,0.0,0.0,0.0,0.0,0.4442318389346029
0.3788223033677162,0.36553842708415624,0.3062132201838089,0.3067955991258076,0.3693030852552853,0.3968879760694418,0.3992223071066447,0.463707687654739,0.33178307733422246,0.31520559431838774,0.35326514712593693,0.3302738600969044,0.4230673542373392,0.0,0.3820732014388127,0.3814156268555224,0.2968841474269782,0.3437936162720326,0.30533478810482917,0.39380734557435987,0.4013898840086472,0.38800259156940453,0.41809225627076185,0.3621988103510397,0.0,0.35476991664492674,0.4023057331192284,0.4083388939947563,0.4136359923026767,0.3274248020812739,0.35319929769626285,0.38616844869486594,0.32174761037974725,0.3508758656208622,0.3782973959050467,0.37986686167812145,0.33140551776558463,0.2946319276030363,0.4195910302494673,0.4190403597325275,0.4298151925646145,0.4489863803651873,0.0,0.0,0.34392166622413345,0.4257152754397528,0.45218573081621705,0.0,0.0,0.0,0.311857180408582,0.3109219432913074,0.0,0.0,0.4624769670400968,0.0,0.45461099706421043,0.3481109376463027,0.0,0.4242146285116642,0.4497292894009617,0.4478057337949999,0.4393488280110766,0.0,0.4014194947879088,0.39146077520883327,0.4292095853140826,0.3447713696507508,0.4399792098670144,0.44173707803426016,0.446417350644507,0.33321727202888296,0.37382179481262534,0.4114906792107961,0.0,0.43410557951299006
0.34119987790953904,0.37762065505532166,0.32917389100970995,0.44539708134169453,0.3592192211740635,0.4217019556508326,0.40303607182417384,0.46160982609098494,0.3676505854180464,0.30300480702445826,0.31916838488312466,0.29803792382210154,0.417334209692399,0.0,0.3166758769844173,0.381663322261359,0.32888428354520044,0.36011794027137217,0.32848852556740127,0.4004353730902199,0.39465849287468713,0.3877508124437133,0.422875218913507,0.32842658395937707,0.35476991664492674,0.0,0.4078239466478538,0.37223965197051057,0.4092835755973048,0.32912439456894765,0.3550309287157337,0.4001985154871906,0.34344489409833157,0.3628374688627363,0.4079340184195488,0.4436375710618305,0.0,0.29971040901973406,0.4251502704797309,0.42924953472276506,0.45246666482180664,0.47606261962054547,0.0,0.0,0.39489696481148795,0.4130707643333901,0.47817230136159994,0.0,0.0,0.0,0.43561202373489394,0.3675230445406663,0.0,0.356979032239186,0.4764932076528772,0.0,0.4667187108354745,0.36311257850722756,0.0,0.5038974396989717,0.44812591594599793,0.46084355696230667,0.44187994836438954,0.0,0.4847413430033842,0.4837781559715495,0.49271635988926205,0.4621646127588449,0.4515916258362666,0.4423748791866851,0.46521589146358105,0.462650573527988,0.4042738327064157,0.455535348338251,0.0,0.44002877418613295
0.40922351005925695,0.4051079369070852,0.33239896269433633,0.4003712490016405,0.38454047552988946,0.361773713503992,0.4074379400547385,0.4049194487158056,0.3446286177937426,0.40433524865502884,0.36370436104325626,0.3636540975958835,0.4208192921233023,0.4098803104057626,0.35786603054320826,0.41449923991103493,0.3415639437308783,0.4076693653811024,0.3544035903483542,0.29898786692787493,0.4011787597989227,0.38386846949059034,0.32946133319530907,0.3673242524275156,0.4023057331192284,0.4078239466478538,0.0,0.4094826420427701,0.3371330733076599,0.38146425701290676,0.3831266971857377,0.4125266481661078,0.3920431415120472,0.41393475355578285,0.4404952106621578,0.4172246888882994,0.4371644625943766,0.3532336729701745,0.48032482703073276,0.47430325526562084,0.49126775370289494,0.5175650848775379,0.47676231750454,0.32649066175671665,0.0,0.0,0.3922527274597074,0.5267957557581399,0.0,0.4816217907229268,0.5008388447119562,0.5133834644642187,0.487804829011743,0.5398462384154209,0.3564809177891032,0.5134581887396843,0.0,0.5057647347583197,0.5148909308694548,0.46287894096061816,0.31717538741873064,0.0,0.0,0.518451313129165,0.4728375658439665,0.43709183830526377,0.42896349619838947,0.5084337124503739,0.0,0.30095524720707295,0.4602133815793969,0.5091658428815592,0.4947099461428312,0.4824561446885326,0.48043109193843603,0.4964885232678143
0.4526782181693272,0.4467134039713598,0.4227635065584301,0.2559718246957038,0.3718031821193693,0.38308904963875684,0.38452069847358744,0.4102406161863484,0.43203799188982556,0.3718393582943619,0.40968814790485863,0.35438077599467677,0.3511944968185289,0.2922325453577873,0.40813416693312093,0.45432815616914246,0.35866770061356057,0.4096189528437371,0.4265014411002035,0.37117322193539465,0.42363272116021927,0.40614533639219164,0.41401488023032956,0.38186697006775167,0.4083388939947563,0.37223965197051057,0.4094826420427701,0.0,0.3401123235631231,0.2668328401442068,0.3379503982704948,0.38637740003580456,0.37670421276048477,0.36063416889169253,0.38428386972565015,0.2763991652230328,0.2672925731869667,0.32721918804006284,0.38612796099167174,0.0,0.4319116109580291,0.43648288325972995,0.3540204768700519,0.24827979217089208,0.0,0.0,0.3322658998420295,0.38727333995032853,0.0,0.0,0.47625686374413556,0.37301809947207504,0.45452461206481914,0.3624364106050461,0.3130288715697167,0.0,0.0,0.4063396066662295,0.0,0.4467342133409998,0.0,0.0,0.3070183609003403,0.0,0.4676374985102077,0.44265069962034764,0.4087355990457223,0.4947527251196412,0.0,0.3315438106469867,0.3895880928300768,0.4925064492162019,0.4356401123074354,0.4686576014334848,0.4122650585491101,0.43840867215981383
0.42464799808475473,0.4108950493289662,0.39895758113148505,0.37659520749590836,0.4179385378741632,0.34686245320358516,0.42871694032686125,0.387208715976442,0.39069934696283065,0.3758166011930607,0.35752690290816275,0.3426606628775784,0.41569272390128437,0.0,0.4106788425911183,0.43035813118532484,0.3294868388556199,0.42506679337764885,0.0,0.31257404647004033,0.3993086850398591,0.38319807893385044,0.39653347951102846,0.36318806149476823,0.4136359923026767,0.4092835755973048,0.3371330733076599,0.3401123235631231,0.0,0.3269213076488298,0.3402415502317063,0.41372160844983186,0.36655705345421,0.39679088626329134,0.45080746203250277,0.37577693222539144,0.40846260439270893,0.35261915475725786,0.46880108067359316,0.41158825865108956,0.4684221982933243,0.48212939001887023,0.39812931144875624,0.33723512256875676,0.0,0.0,0.4214442430578798,0.4217743402924661,0.0,0.3778255473040253,0.47089882355713464,0.392994639192232,0.43802455979277183,0.3854660895194712,0.337472676067967,0.40117218368757895,0.0,0.4549099779146699,0.0,0.46378966136425387,0.32590016429357976,0.0,0.31577812526476867,0.44963441672734106,0.46003533545789477,0.4431170782549139,0.47416037978841785,0.48784240121510325,0.0,0.30398563657564587,0.45574866132984937,0.485824408693119,0.47803172593273885,0.47148964329183946,0.4475110652068176,0.4642085397579201
0.0,0.0,0.0,0.0,0.0,0.3964630053200479,0.0,0.40188716728141455,0.40456438782826387,0.31616466315139324,0.0,0.0,0.372014348788202,0.0,0.40023560946227277,0.4299245892795628,0.0,0.38452562448301314,0.0,0.37352549553019787,0.41541881234569134,0.3654247577460392,0.40510037986350395,0.0,0.3274248020812739,0.32912439456894765,0.38146425701290676,0.2668328401442068,0.3269213076488298,0.0,0.2876749935804019,0.385391215225761,0.3546793685456713,0.35360402761496734,0.38738208829766174,0.4344303678737477,0.34796852910187814,0.0,0.42696922644770924,0.0,0.0,0.0,0.0,0.0,0.0,0.0,0.0,0.0,0.0,0.0,0.44027571065092364,0.3587746395234296,0.0,0.0,0.0,0.0,0.0,0.0,0.0,0.0,0.0,0.0,0.0,0.0,0.0,0.0,0.0,0.4973633620061977,0.0,0.0,0.0,0.0,0.42782496785555213,0.43394926857391936,0.0,0.0
0.33397223827094635,0.347589113939416,0.4333758920729281,0.27943779019035786,0.4274679122512037,0.419390419907124,0.41369781946797135,0.4288470407455788,0.4499399343411397,0.3239253984978188,0.4300759914584413,0.3219616460570863,0.3796371317801852,0.0,0.4040195563921498,0.37058969537049374,0.3263568658096594,0.3623395435184527,0.43298001867168034,0.3518358433904816,0.3881975637519191,0.3649910069959314,0.42301173721764,0.3344727090764551,0.35319929769626285,0.3550309287157337,0.3831266971857377,0.3379503982704948,0.3402415502317063,0.2876749935804019,0.0,0.3852177851910392,0.32474346596625864,0.28061779000177456,0.25309826403176294,0.42124123469949587,0.33372563550896694,0.2858913100733748,0.34280141721627433,0.398482688513763,0.41570374963044654,0.0,0.3007514301250056,0.29550810427252044,0.2695639731931476,0.349674267488267,0.42957666826850094,0.0,0.0,0.0,0.45881118713854446,0.35732514547467087,0.0,0.0,0.465595997004915,0.0,0.4290386590707238,0.37844826248509583,0.0,0.4776918284997645,0.4198209554800979,0.42352529699315977,0.4251667996503946,0.0,0.429747030363348,0.3941534834755348,0.4403526828750657,0.5051765145967035,0.0,0.4227761972877873,0.43622488002986876,0.5004986112072793,0.4606739559954736,0.4686516914836177,0.0,0.36874960789198935
0.3896266214102116,0.40014901640328415,0.4117891391970997,0.3115776408479175,0.3858660625354417,0.4190666629841045,0.40803637239285406,0.38442401455529396,0.42881354863405247,0.3612448497841401,0.37308374668564953,0.2556467628373472,0.4081416629384336,0.36477287643902156,0.4327372176989225,0.42409934663439375,0.4058002571675408,0.3888542334635266,0.41011189381032515,0.42044285204675097,0.42750630043443316,0.42619586542182253,0.4101611743015975,0.3088454159054229,0.38616844869486594,0.4001985154871906,0.4125266481661078,0.38637740003580456,0.41372160844983186,0.385391215225761,0.3852177851910392,0.0,0.3624360235793892,0.35476905567378086,0.3673885308842047,0.3059797852652578,0.3356485139287527,0.26987476778094416,0.3145908421136869,0.34666086621989306,0.3333645743049189,0.34515403423184826,0.3213556761162388,0.3156417636123292,0.24040973980653907,0.3992585714169486,0.45376897760152995,0.39166688191223803,0.0,0.4241640485150274,0.4980852535467797,0.46746230990664495,0.4761270106037215,0.3723935943128162,0.31216326234825403,0.3741788279553715,0.0,0.41406984719897516,0.0,0.48287912353928136,0.40616300375480574,0.0,0.4138802925309311,0.4185465714071235,0.4545074481501199,0.46520947407888247,0.4590237995818688,0.4968825994144286,0.0,0.405380875379876,0.45783728403210633,0.4844281482545625,0.375253807752519,0.484776556361673,0.4651682082560835,0.4416557153908468
0.31880611919097146,0.34908460966748245,0.39236786290282255,0.0,0.37137763882695085,0.39564061231045866,0.4165550788840603,0.43272435776280715,0.3983598900506313,0.29206129503124245,0.37732659668830515,0.2956007760444578,0.4043219804139856,0.0,0.40094396858979175,0.3771446084225835,0.31811057856940805,0.3459958036053839,0.37240742513125635,0.3651055994965994,0.3696587652307248,0.37855801591309035,0.4100531769832045,0.23662047592096835,0.32174761037974725,0.34344489409833157,0.3920431415120472,0.37670421276048477,0.36655705345421,0.3546793685456713,0.32474346596625864,0.3624360235793892,0.0,0.2641902587208802,0.44825847251291345,0.29327948637836965,0.2701797958276477,0.1910880134787466,0.3250798940582475,0.26912775756362556,0.39152632968321466,0.40761628420315543,0.33122871984891855,0.3144173356490002,0.23790826781150884,0.4069089175538192,0.4562095462222451,0.0,0.0,0.0,0.43646832436375177,0.0,0.0,0.0,0.384281527793105,0.0,0.3713433416394797,0.3359992329789807,0.0,0.4987996043636348,0.4437692740246556,0.3763950418684129,0.4212137018496973,0.0,0.462415955341165,0.41940695367327224,0.47424857309864427,0.0,0.3821624065994068,0.4213314513388661,0.44632652546375406,0.0,0.0,0.46031673493629116,0.0,0.3974382419007379
0.313265116233995,0.35953422313003147,0.44701113172168033,0.30920222539974784,0.4250371701837578,0.4313154532647015,0.4184281197200133,0.44514186765401165,0.44934370499969817,0.29515346617020954,0.4247494017437631,0.24969260489805795,0.41021809525440583,0.0,0.43243560497593814,0.389196200575327,0.33675367840961407,0.3765351400163543,0.41777496673451253,0.40656148876486453,0.4128267016211431,0.40648129657194526,0.43525226881758233,0.2528030332157941,0.3508758656208622,0.3628374688627363,0.41393475355578285,0.36063416889169253,0.39679088626329134,0.35360402761496734,0.28061779000177456,0.35476905567378086,0.2641902587208802,0.0,0.30867342783585794,0.419514961358327,0.2903909783888964,0.21839927003148957,0.32261045363268315,0.4033604955775373,0.30378252239994225,0.34508741351615885,0.3060312987159166,0.0,0.2512268523683454,0.3773726059569366,0.4444746202059994,0.36147533326865977,0.0,0.0,0.46309996191281405,0.38127700435625067,0.0,0.31688709118068814,0.3814224091470856,0.0,0.3712786019818893,0.32072841980678973,0.0,0.4838009588104128,0.4299362710202083,0.38819214513623695,0.4298700259941677,0.0,0.4738880290118139,0.4066352921145933,0.4737766391097544,0.4943212339324364,0.4818167214484127,0.43002716044489525,0.4496931697345332,0.47193284191373586,0.3554437352006749,0.48465393556555464,0.0,0.4022943707271363
