0.0,0.4023545948943672,0.39488107196669653,0.0,0.3566081714274275,0.471789515423737,0.34777728360286264,0.4935150509876196,0.0,0.38617386796572606,0.0,0.40439627172670173,0.4435518617414609,0.48747041475578046,0.40991289511651513,0.4275215758746185,0.3879918400992584,0.4132230986559249,0.0,0.472429237147844,0.41844994732661517,0.3958515229023067,0.4802494773453201,0.38590820334392467,0.3914694507779904,0.42121898569363836,0.5531571050319468,0.46276921821388467,0.4449792934116098,0.350897812893685,0.39953475944721367,0.4193409820148854,0.3171568002302279,0.4056378252773742,0.45219147600730475,0.4060967646906583,0.34825493701793575,0.33892700632928,0.4659456787717933,0.36944347768035657,0.44735396627186275,0.0,0.0,0.0,0.0,0.38939137324340584,0.4987333178148763,0.0,0.0,0.0,0.0,0.0,0.0,0.0,0.4185592568397492,0.0,0.4037081490800492,0.0,0.0,0.43292947605086135,0.46274327018843325,0.0,0.45191245583638534,0.0,0.0,0.3959370837494773,0.485861774157451,0.5062401401591972,0.391431527456905,0.46698347159698794,0.4842377976902214,0.0,0.0,0.0,0.0,0.4232542002229617
0.4023545948943672,0.0,0.3219249698807226,0.0,0.40232961251270455,0.42516789017358075,0.46034440073518773,0.45146459883712686,0.38640748543976083,0.3100446940113593,0.0,0.2660923468813965,0.4685789954784855,0.0,0.4749601415302984,0.45284523067466476,0.3610136589577235,0.44323937210850073,0.0,0.4628390071369205,0.4412449148143565,0.45771261999176516,0.4855453313732804,0.0,0.429259636814949,0.4361986368154536,0.4649162740071702,0.46828696105435963,0.4398411018563928,0.43950973795647574,0.41239543332715806,0.4364694884449042,0.3765132598834296,0.41517156361597257,0.4768507510716513,0.0,0.0,0.0,0.4683441925217871,0.4664798854904859,0.4581419726648872,0.5040332079751204,0.0,0.0,0.0,0.48864699673953,0.49550302817196157,0.0,0.0,0.0,0.4260889163019238,0.31153140640349847,0.0,0.0,0.0,0.0,0.0,0.27709140719262176,0.0,0.5368365208185579,0.461596689535052,0.0,0.4428644426953062,0.0,0.45506142886299644,0.53238358932131,0.4930915696546749,0.5200656661863285,0.0,0.4580555598516474,0.5231497403499066,0.476097256967482,0.2909578992150474,0.4453956853808731,0.0,0.44452509684558666
0.39488107196669653,0.3219249698807226,0.0,0.0,0.4738741048822076,0.4353855498372525,0.4612105478345339,0.4323983179991592,0.35571106286237464,0.0,0.33201742986801863,0.0,0.477390007497832,0.4520175474768283,0.0,0.0,0.0,0.33678167949147464,0.25829802731834406,0.0,0.34842583200382304,0.0,0.3071625269416771,0.0,0.302860017332989,0.3467884793297456,0.3532801682637723,0.4906378609897855,0.3383187448487697,0.4278165652062269,0.4720797802354384,0.4349730534709634,0.34014578349185187,0.48066352585209665,0.46889972507878375,0.43995408846925615,0.4379537451310946,0.0,0.2952501351878446,0.0,0.3350419315281355,0.31040681064006204,0.45793792733222044,0.0,0.0,0.0,0.0,0.2475064466122265,0.0,0.25777507266457206,0.5131900227980463,0.22662162244236944,0.4120989006587364,0.38628473333542,0.0,0.2891729109804605,0.0,0.3554863819773706,0.3507887792785086,0.0,0.0,0.0,0.0,0.24014858643439818,0.0,0.0,0.0,0.4282171264808312,0.0,0.3396946928445924,0.0,0.4335011180827628,0.3123217976174267,0.0,0.0,0.35835258235136014
0.0,0.0,0.0,0.0,0.25181011426024025,0.4144876133238205,0.2329366288465849,0.34194703778941127,0.4043786989623942,0.0,0.3834013690631539,0.2283234453335053,0.24396770646725913,0.2954280948021645,0.0,0.0,0.0,0.0,0.3757943479704552,0.0,0.0,0.5114372326491075,0.40454320378127095,0.0,0.0,0.4799184087752476,0.4119329809471905,0.22211966224986973,0.3185436344850548,0.0,0.0,0.2660913345229237,0.0,0.36854547409690674,0.34567633214712395,0.20848163432702768,0.18285806490600892,0.0,0.0,0.0,0.0,0.26589184512361136,0.0,0.0,0.0,0.0,0.0,0.32266312530260394,0.0,0.0,0.0,0.0,0.0,0.0,0.0,0.0,0.0,0.0,0.0,0.0,0.0,0.0,0.0,0.0,0.0,0.0,0.0,0.26904629630161936,0.0,0.0,0.0,0.0,0.0,0.0,0.0,0.0
0.3566081714274275,0.40232961251270455,0.4738741048822076,0.25181011426024025,0.0,0.45235676342615166,0.38180879122143724,0.44211181050187454,0.40013010029389534,0.49869937172227097,0.3730296955062248,0.34817348826399686,0.4170050857992074,0.26801238600800337,0.0,0.4115522410789677,0.45897690790493384,0.3847312773411733,0.4240734801007736,0.4635969410619041,0.3549949639183481,0.46104651842786626,0.44069636945767476,0.0,0.37312771014219653,0.41889792886152755,0.4575949744108108,0.41150419962075546,0.4591589861292743,0.503282427207766,0.47234630962870183,0.38515497677422234,0.41063059765982457,0.4494454132879427,0.43717255899177015,0.29258701973332063,0.2921215149109295,0.345162086960881,0.3683947921468066,0.0,0.37583161990666836,0.0,0.36055630523277854,0.37357398698117894,0.0,0.0,0.0,0.47772139537585734,0.0,0.41080494239751153,0.46824889975891826,0.36519375384896524,0.45445576127946563,0.45660337897027314,0.0,0.41430966802822905,0.0,0.3328746720920398,0.0,0.0,0.0,0.0,0.0,0.4282240210745092,0.0,0.0,0.0,0.513337157775513,0.0,0.0,0.0,0.5073853988288073,0.3126794466140967,0.3423897470199846,0.0,0.35781764104643704
0.471789515423737,0.42516789017358075,0.4353855498372525,0.4144876133238205,0.45235676342615166,0.0,0.4635764861919252,0.43157501991717906,0.40769900030344763,0.45237461410236807,0.4126139245213962,0.3779954786307137,0.46957577459735084,0.42965461420811946,0.46789435446873734,0.429865452206493,0.30187490958144925,0.4144709653543396,0.31582859587488543,0.4442966903852542,0.4405558028779823,0.4612943267817541,0.4527950010640341,0.39472869040548525,0.39367828458597753,0.463484091464756,0.4419329936198924,0.441087884271804,0.3912954091117205,0.45393556919088257,0.46690285258089487,0.4362074497249984,0.36409379258738095,0.46750325293766265,0.4685896982322637,0.4629023937359556,0.44155885365478154,0.36908552363532915,0.4675797770713528,0.0,0.4960178939609834,0.4532029581910696,0.4172440498758499,0.0,0.0,0.0,0.34039183568193804,0.543599494790161,0.0,0.4148660055488156,0.5039981228308842,0.47920829903379486,0.47117421826330086,0.5416121244233929,0.0,0.4599098561925061,0.0,0.5020242261332589,0.0,0.4632769459991082,0.2532126854102888,0.0,0.0,0.49747964827210694,0.4309841947599378,0.3988740097085732,0.5501006684941342,0.504875706064817,0.0,0.26624168799778347,0.41485986201936587,0.505615522154784,0.4939593351969301,0.4678550728219063,0.0,0.4884368411935773
0.34777728360286264,0.46034440073518773,0.4612105478345339,0.2329366288465849,0.38180879122143724,0.4635764861919252,0.0,0.45879018381099473,0.46194320554500434,0.5159969755648461,0.4457495852556128,0.3871978618395252,0.3777601914541621,0.35465949383864703,0.0,0.4951299521158883,0.4440409793945197,0.48664606993767257,0.46760230114245904,0.46254259773658246,0.4182088259541178,0.4942484871904429,0.4500558605204585,0.0,0.44046513924057507,0.5080481502261597,0.4617513139320668,0.41279485278555594,0.49301850808046216,0.46381096103222874,0.4547032667523988,0.40274136989340237,0.39883508829114905,0.4442019021123408,0.41453879915844055,0.3642769658629854,0.32667801611081954,0.3761573598444428,0.34966080658738435,0.0,0.351970676148766,0.3829277552223279,0.3562374263982721,0.3435728970417636,0.0,0.0,0.29079666849202424,0.42783296369698554,0.0,0.3611321309451089,0.4710842607534119,0.35976315594793407,0.43365135655175646,0.409058382848566,0.0,0.3513462372030498,0.0,0.33113636518078504,0.0,0.0,0.0,0.0,0.0,0.3652180516838265,0.3133673840118901,0.0,0.30110237387558947,0.5165608277112095,0.0,0.0,0.2948668419345768,0.5026644894837757,0.3362534194710987,0.3485945779919629,0.0,0.3279623985073725
0.4935150509876196,0.45146459883712686,0.4323983179991592,0.34194703778941127,0.44211181050187454,0.43157501991717906,0.45879018381099473,0.0,0.48786384252159537,0.4444947956921367,0.25492489223020665,0.0,0.4621337347356995,0.3341807174259648,0.0,0.47915210711830336,0.0,0.47746953962015737,0.4286312602919045,0.0,0.3017828659274597,0.0,0.3131274500817298,0.5136796624538873,0.4900392745059058,0.5127433423955596,0.4660311618082489,0.44880382430719284,0.40472898142577307,0.403040740442625,0.453453674015261,0.3566815972328288,0.4663186717232116,0.46151439863423716,0.45587597474524594,0.26279800299129297,0.2123942684343253,0.0,0.4161520632175386,0.0,0.4590210476058831,0.0,0.3566495387415896,0.0,0.0,0.5293403247340229,0.0,0.5173672988330561,0.0,0.44109176239407166,0.44713017314947895,0.46656992492188454,0.2899359891776213,0.5189917779194563,0.0,0.425546251863992,0.0,0.4618066740771859,0.0,0.37770189639900165,0.0,0.0,0.0,0.4870401949234802,0.4196750443633362,0.1958071559796034,0.0,0.44860374804781566,0.0,0.3378686169376681,0.42954996126538514,0.4806704332506685,0.44559821921705906,0.4050787498328559,0.0,0.4288922602321991
0.0,0.38640748543976083,0.35571106286237464,0.4043786989623942,0.40013010029389534,0.40769900030344763,0.46194320554500434,0.48786384252159537,0.0,0.4931427148652769,0.37022039173218574,0.39705117871771073,0.4280479635544146,0.4530810638939849,0.0,0.4399574155624025,0.3322347719868799,0.33638101429649864,0.31390421532726154,0.4474460892289047,0.38443475375250474,0.4356960091208546,0.4384778664711666,0.0,0.451102774402965,0.45015437358097743,0.4127604516676785,0.48630918333037454,0.45874504442455594,0.47423563370105865,0.48974354700189315,0.44942066129282887,0.4013484676907503,0.4834564039821255,0.5029921636190015,0.4517155831924988,0.4578680131614862,0.43802965528027765,0.3992084232058811,0.0,0.34864568162760345,0.33864890274150006,0.43657508226837227,0.0,0.0,0.0,0.0,0.542149123806299,0.0,0.45301160234852267,0.5314825684936765,0.45035806688217644,0.5288531203360667,0.5278035429266054,0.0,0.49061555965353315,0.0,0.42083356061711696,0.48719426580417147,0.0,0.0,0.0,0.0,0.517502938500312,0.0,0.0,0.0,0.5408196280426506,0.0,0.0,0.0,0.5481992183329334,0.37982604094693895,0.0,0.0,0.36838523080564634
0.38617386796572606,0.3100446940113593,0.0,0.0,0.49869937172227097,0.45237461410236807,0.5159969755648461,0.4444947956921367,0.4931427148652769,0.0,0.45433238986861035,0.3029089007839912,0.44785568874442755,0.0,0.0,0.4306831174025403,0.369643165171575,0.4371593758671719,0.4310220225653425,0.3199367625980931,0.0,0.33731442613765594,0.4519101355710749,0.29126338122447687,0.4139913374633838,0.42476653840079454,0.41446658885436893,0.43042101742088623,0.29493765503131897,0.29213452643888216,0.30304937103536866,0.34573058397335754,0.33863878734687286,0.3172486410368122,0.3836834302701877,0.37648467911564987,0.27672455162267184,0.24805781652121922,0.4777508256334504,0.33791025127378616,0.3776060212223627,0.0,0.0,0.0,0.31795172479376915,0.42520909979142274,0.3570453715449699,0.0,0.0,0.0,0.0,0.0,0.0,0.0,0.4528158865496741,0.0,0.4575729302747788,0.43281087497012427,0.0,0.0,0.3826853243726658,0.4617221711151026,0.4581872679916046,0.0,0.0,0.0,0.0,0.29903955322887865,0.42215721178396776,0.47269970670462436,0.49210922259911083,0.0,0.44876690754153714,0.0,0.0,0.4338378217653058
0.0,0.0,0.33201742986801863,0.3834013690631539,0.3730296955062248,0.4126139245213962,0.4457495852556128,0.25492489223020665,0.37022039173218574,0.45433238986861035,0.0,0.3586644450991786,0.4541871478259951,0.18198167213046867,0.0,0.0,0.3722481492789339,0.3401094679399571,0.2699253138708884,0.0,0.0,0.0,0.2737007903589105,0.0,0.0,0.33305265416365093,0.3890223793772383,0.45203433832402773,0.0,0.0,0.4612262657749152,0.3886242810117154,0.385242765410156,0.45341587494308877,0.4359359538166411,0.2922008621544011,0.377096432085758,0.36225623686227004,0.3275224373114334,0.3225045512939544,0.3178637633021482,0.0,0.3766504796580372,0.0,0.0,0.0,0.0,0.3484657328590491,0.0,0.3629852722500295,0.4597438762910867,0.38651201344030356,0.4292690718747877,0.47744001189975416,0.3189650964186365,0.29474489395901876,0.0,0.37204278929422885,0.40097775381884,0.0,0.0,0.0,0.0,0.245088893015115,0.0,0.0,0.0,0.43719633233032196,0.0,0.0,0.0,0.49812625661920135,0.32157726680788334,0.0,0.0,0.3372005938686642
0.40439627172670173,0.2660923468813965,0.0,0.2283234453335053,0.34817348826399686,0.3779954786307137,0.3871978618395252,0.0,0.39705117871771073,0.3029089007839912,0.3586644450991786,0.0,0.41760670352804796,0.0,0.0,0.0,0.40088807249112357,0.5064149649258506,0.34448900887095407,0.0,0.0,0.0,0.36246008090763127,0.2860101590836742,0.4292135290211082,0.3440486423416648,0.3133875769513031,0.3401835948208515,0.0,0.0,0.3272576036571525,0.2569505128494489,0.2953556867770466,0.2678930436728664,0.25295486323745797,0.2715136222841374,0.27354247252614095,0.2260135613343145,0.28300756212775846,0.32446962460071777,0.40786421718221294,0.0,0.0,0.0,0.30933179421696183,0.37061621249412613,0.0,0.0,0.0,0.0,0.0,0.0,0.0,0.0,0.455859853860867,0.0,0.45419743269243434,0.40499086811590895,0.0,0.0,0.0,0.46685816552071513,0.4643052228400488,0.0,0.0,0.0,0.0,0.0,0.41398980806954083,0.48545968651475985,0.4897382236315179,0.0,0.42743550476227493,0.0,0.0,0.443110802143461
0.4435518617414609,0.4685789954784855,0.477390007497832,0.24396770646725913,0.4170050857992074,0.46957577459735084,0.3777601914541621,0.4621337347356995,0.4280479635544146,0.44785568874442755,0.4541871478259951,0.41760670352804796,0.0,0.3382959664907984,0.468928988816111,0.4957829532480481,0.5003161964580584,0.5154274159897367,0.47074371228056333,0.4771901545889065,0.4808018514084172,0.5022840325480927,0.46105924709536766,0.5693676669531957,0.4537465467652031,0.4738420796199415,0.4710361021630028,0.40720089799908676,0.4790293677422045,0.4022279292222151,0.4573040866504736,0.4002052356441596,0.4317667005872268,0.4507084791956112,0.40148295849306487,0.3451159426752441,0.3122505003173278,0.3735515593607371,0.4951489444931706,0.0,0.44852046778667015,0.38132693123311234,0.38457883740748305,0.3345099348005035,0.0,0.0,0.2753357108862722,0.4267171670890297,0.0,0.3466225299443617,0.4910087431944897,0.3655163239274515,0.48665567541531524,0.3759667334013863,0.0,0.3751481095593007,0.0,0.38350802952922897,0.0,0.34027462061239877,0.2827997576225261,0.0,0.0,0.3759967107180165,0.4266045133789783,0.39487422511194603,0.31111007067291113,0.5117242844758156,0.0,0.31450110986061774,0.3396038257806215,0.5096352727237349,0.42786185789949593,0.4414399151621866,0.0,0.36966934881317465
0.48747041475578046,0.0,0.4520175474768283,0.2954280948021645,0.26801238600800337,0.42965461420811946,0.35465949383864703,0.3341807174259648,0.4530810638939849,0.0,0.18198167213046867,0.0,0.3382959664907984,0.0,0.0,0.0,0.0,0.0,0.4036189555683712,0.0,0.4324802030590673,0.0,0.3835334692771316,0.0,0.0,0.4422349133958501,0.46964495959735086,0.262000435972376,0.0,0.0,0.0,0.25279414229923597,0.0,0.0,0.0,0.22338535120265274,0.1814383330426755,0.0,0.3207891177395072,0.0,0.0,0.0,0.36661664230634805,0.0,0.0,0.0,0.0,0.43278056688166233,0.0,0.0,0.0,0.0,0.3440320228282884,0.47264380302883535,0.0,0.38668152292665864,0.0,0.0,0.0,0.0,0.0,0.0,0.0,0.419501913366936,0.0,0.0,0.0,0.41956296447270514,0.0,0.0,0.0,0.4684097402623275,0.0,0.0,0.0,0.0
0.40991289511651513,0.4749601415302984,0.0,0.0,0.0,0.46789435446873734,0.0,0.0,0.0,0.0,0.0,0.0,0.468928988816111,0.0,0.0,0.46211034346114344,0.0,0.4333555038662948,0.0,0.3962716292889105,0.36578373686348054,0.4136113050023096,0.3948349004643167,0.4447202605502274,0.42829711395409664,0.4525349655234836,0.44285490691657087,0.43462953733006865,0.4134623538874838,0.40789407390849464,0.4517523939822398,0.4755406461364779,0.4540529405104324,0.4886133692252368,0.5406324645045686,0.5453961394619814,0.4979803513266927,0.0,0.4845198079151241,0.45958514646226506,0.5179319156816735,0.5383744677847476,0.0,0.0,0.0,0.5576376032949695,0.5419923579111098,0.0,0.0,0.0,0.0,0.0,0.0,0.0,0.0,0.0,0.0,0.390580349493115,0.0,0.4994938663136962,0.49971503274508555,0.0,0.3388685878132795,0.0,0.4678578800174925,0.4683437881407648,0.5247472450166226,0.486505409257991,0.47281240440825745,0.36649012542052917,0.58151943716217,0.48265356372260576,0.4538521886563753,0.46060691796867315,0.41571722293387864,0.44797618689414287
0.4275215758746185,0.45284523067466476,0.0,0.0,0.4115522410789677,0.429865452206493,0.4951299521158883,0.47915210711830336,0.4399574155624025,0.4306831174025403,0.0,0.0,0.4957829532480481,0.0,0.46211034346114344,0.0,0.4523382781788548,0.4304586862511778,0.0,0.4498319349087023,0.435518709238492,0.44290851049500635,0.462738714318766,0.4320038651525202,0.43095233210462885,0.4688817685925229,0.4654981112784584,0.5058700557422252,0.4657719517474501,0.4399745226806808,0.4273960369104438,0.45796860321649735,0.4080296578125805,0.44638395603644654,0.5065226871889972,0.40730180040050157,0.0,0.0,0.4562714944749824,0.4365565034694733,0.4442519356358965,0.4737557294202523,0.0,0.0,0.0,0.45898332571666056,0.48959159488738535,0.0,0.0,0.0,0.2901506206077167,0.33811926459150793,0.0,0.0,0.0,0.0,0.0,0.3071211491411383,0.0,0.4850405695097888,0.4524090658034636,0.0,0.4207142705766229,0.0,0.4290842178362958,0.44791588189353954,0.4816930044489414,0.356804246864424,0.0,0.4471881533449656,0.4993123601727482,0.392080189474859,0.31315930053973284,0.38889745959795663,0.0,0.42772342383496953
0.3879918400992584,0.3610136589577235,0.0,0.0,0.45897690790493384,0.30187490958144925,0.4440409793945197,0.0,0.3322347719868799,0.369643165171575,0.3722481492789339,0.40088807249112357,0.5003161964580584,0.0,0.0,0.4523382781788548,0.0,0.4024970535130797,0.0,0.3940457828506172,0.0,0.40647614853032893,0.31293321974951566,0.3856174151828786,0.41705784008340663,0.4540079277063725,0.32280272415849787,0.47024502632833576,0.36318546963392323,0.3107668976284601,0.4002696280017515,0.43604470076477536,0.3758508894378893,0.40132291960085675,0.4394545813413495,0.0,0.0,0.0,0.4539692861903783,0.4171370797070475,0.0,0.0,0.0,0.0,0.0,0.0,0.4265230881983905,0.0,0.0,0.0,0.0,0.0,0.0,0.0,0.45555819010686255,0.0,0.467803707349678,0.0,0.0,0.0,0.35044299108928384,0.4314363025565957,0.4287857753559592,0.0,0.0,0.0,0.0,0.0,0.46608378718226995,0.4383968798774434,0.4679899735797662,0.0,0.0,0.0,0.0,0.0
0.4132230986559249,0.44323937210850073,0.33678167949147464,0.0,0.3847312773411733,0.4144709653543396,0.48664606993767257,0.47746953962015737,0.33638101429649864,0.4371593758671719,0.3401094679399571,0.5064149649258506,0.5154274159897367,0.0,0.4333555038662948,0.4304586862511778,0.4024970535130797,0.0,0.0,0.4480063786022099,0.4458359512916278,0.44499242280915813,0.47022164178174586,0.41387343965952245,0.42433342010782654,0.4439015940960827,0.47806851071825385,0.4836927602687119,0.4493866527518562,0.3927503392791569,0.42331005881130757,0.43352843493502186,0.38032493444043075,0.42126987222229906,0.47180512436322086,0.4980838659646927,0.0,0.0,0.42655531667330276,0.40841814427770434,0.41667018755728435,0.43951175570836165,0.0,0.0,0.35510256475084157,0.44775362040740385,0.46577448504124574,0.0,0.0,0.0,0.2871684572877698,0.0,0.4017362997043844,0.0,0.42729676965848945,0.0,0.45956764929517774,0.0,0.0,0.3878725071698067,0.4138631356702987,0.4253033389004632,0.41650645450506135,0.0,0.3205812536286179,0.4461623247450186,0.4443701852850369,0.3177313517549388,0.46053136091185676,0.4268500632621942,0.4570232534336341,0.0,0.308268424797767,0.26915125921392,0.0,0.4106481892705028
0.0,0.0,0.25829802731834406,0.3757943479704552,0.4240734801007736,0.31582859587488543,0.46760230114245904,0.4286312602919045,0.31390421532726154,0.4310220225653425,0.2699253138708884,0.34448900887095407,0.47074371228056333,0.4036189555683712,0.0,0.0,0.0,0.0,0.0,0.0,0.0,0.0,0.27652813423331074,0.0,0.0,0.0,0.37000330665551906,0.46529427947290863,0.0,0.4367539637282355,0.4739639187179225,0.42431741432374886,0.34522462375889273,0.4660071475319868,0.4584889865568186,0.4055229953131113,0.41934322340758756,0.0,0.3822906358785574,0.0,0.36088734915493814,0.0,0.4181537104111954,0.0,0.0,0.0,0.0,0.4534071271704377,0.0,0.4693516080938763,0.5091486388970132,0.4486914226323733,0.5031357869433982,0.5352949926600465,0.0,0.3637302100049104,0.0,0.38667915311479406,0.4459730793525128,0.0,0.0,0.0,0.0,0.3555724874778388,0.0,0.0,0.0,0.5208770954605491,0.0,0.0,0.0,0.5327144787742143,0.3303144449510583,0.0,0.0,0.3821566953459383
0.472429237147844,0.4628390071369205,0.0,0.0,0.4635969410619041,0.4442966903852542,0.46254259773658246,0.0,0.4474460892289047,0.3199367625980931,0.0,0.0,0.4771901545889065,0.0,0.3962716292889105,0.4498319349087023,0.3940457828506172,0.4480063786022099,0.0,0.0,0.4182204505347016,0.41860356624782324,0.3745108737311637,0.0,0.43758010394270475,0.49251076786958364,0.3992029643710285,0.40370695368146803,0.3623040602100385,0.24843367971789188,0.4098076106539019,0.4698483721821086,0.403572079176956,0.4723584572713475,0.5221969779283608,0.529169208633866,0.4500670452568217,0.0,0.4717411606498969,0.3939084057923422,0.5242571319825853,0.4892624916548593,0.3932060898399504,0.0,0.0,0.0,0.4589221902463896,0.0,0.0,0.0,0.46832328058808254,0.3303976046242024,0.0,0.0,0.0,0.0,0.3797700652262914,0.38564725849916015,0.0,0.469960674205301,0.33354804645628355,0.0,0.0,0.0,0.4741771720537169,0.4259960418336085,0.47755005034703485,0.49716715098184877,0.0,0.28170395664157594,0.48813431880534897,0.49024010249437683,0.506376429975522,0.4674812701971391,0.3831224851615096,0.4577100166941325
0.41844994732661517,0.4412449148143565,0.34842583200382304,0.0,0.3549949639183481,0.4405558028779823,0.4182088259541178,0.3017828659274597,0.38443475375250474,0.0,0.0,0.0,0.4808018514084172,0.4324802030590673,0.36578373686348054,0.435518709238492,0.0,0.4458359512916278,0.0,0.4182204505347016,0.0,0.43025034331919,0.40161065515065364,0.5012337774569036,0.4446392613852618,0.44079111449083996,0.45276823178092895,0.4974806047031624,0.4225921369671849,0.4425771118742722,0.43962817445684155,0.43836185135754263,0.394562005600408,0.44450507318124327,0.0,0.41164034021025053,0.0,0.0,0.42547712224875256,0.3465755245190948,0.42530684439718686,0.5262682959909556,0.0,0.0,0.0,0.4726166417160223,0.5280709119617601,0.0,0.0,0.0,0.387483978991542,0.0,0.19076116514868358,0.0,0.0,0.0,0.0,0.36832290372795196,0.0,0.4544039270773041,0.48539967692432184,0.0,0.0,0.0,0.4396692188085912,0.29352233525209603,0.5097151196528027,0.4280017630040253,0.0,0.41390413825310385,0.5308927955818507,0.4436272875018928,0.40344143200761806,0.42283423302729634,0.0,0.37354913779372384
0.3958515229023067,0.45771261999176516,0.0,0.5114372326491075,0.46104651842786626,0.4612943267817541,0.4942484871904429,0.0,0.4356960091208546,0.33731442613765594,0.0,0.0,0.5022840325480927,0.0,0.4136113050023096,0.44290851049500635,0.40647614853032893,0.44499242280915813,0.0,0.41860356624782324,0.43025034331919,0.0,0.48914677665518214,0.0,0.43373302552173904,0.44854495059427396,0.4882623909905675,0.46705500836451896,0.4327815946330824,0.4229247187914932,0.42649240550347534,0.49336253931376806,0.421566136510736,0.4821675714381822,0.5455155148299331,0.56519451231585,0.5033740598453005,0.0,0.48949643774493395,0.4664527356685709,0.5000039344405992,0.5144564336365618,0.0,0.0,0.0,0.4860888327580049,0.5052230854886424,0.0,0.0,0.0,0.45676584108143575,0.0,0.0,0.0,0.0,0.0,0.39715105749298585,0.29378005080734837,0.0,0.5306628345635729,0.4933013192271259,0.0,0.458071636544207,0.0,0.4841907177432103,0.5150934815185118,0.5211044464213818,0.501817421624918,0.0,0.44707583294235603,0.5461561353924569,0.5030108879722325,0.3788347418106591,0.46630285653496706,0.0,0.4654122417710698
0.4802494773453201,0.4855453313732804,0.3071625269416771,0.40454320378127095,0.44069636945767476,0.4527950010640341,0.4500558605204585,0.3131274500817298,0.4384778664711666,0.4519101355710749,0.2737007903589105,0.36246008090763127,0.46105924709536766,0.3835334692771316,0.3948349004643167,0.462738714318766,0.31293321974951566,0.47022164178174586,0.27652813423331074,0.3745108737311637,0.40161065515065364,0.48914677665518214,0.0,0.5261104172315265,0.4633191729765201,0.4893623096753184,0.38392791893208755,0.45431775146270076,0.42317281125306544,0.42439897723663234,0.4390713545636544,0.4152187819524079,0.39205290691826067,0.4515738129892492,0.4509947975913384,0.41115042938621593,0.41172258065425016,0.32516929621524193,0.4722207691261547,0.47763990879300466,0.5096395046407856,0.5201428482044711,0.45759786629026344,0.36037992396249435,0.32691550649545886,0.47756397035589715,0.512896668319554,0.3401848329174506,0.0,0.4500092007840164,0.49301502376292494,0.5076611541651759,0.4385169864377185,0.5202085787684375,0.36624337440799537,0.3077628479076613,0.3698003654917418,0.506005572692506,0.4305195233687753,0.4776294668583746,0.33365197919565337,0.0,0.0,0.27147103300575026,0.4918782162888948,0.47225706433114745,0.5183755732193762,0.4671524084969796,0.0,0.3052748005197355,0.5697071920734323,0.5074800127044677,0.49882738023298817,0.47975240188398977,0.49670139402574925,0.5006294922354965
0.38590820334392467,0.0,0.0,0.0,0.0,0.39472869040548525,0.0,0.5136796624538873,0.0,0.29126338122447687,0.0,0.2860101590836742,0.5693676669531957,0.0,0.4447202605502274,0.4320038651525202,0.3856174151828786,0.41387343965952245,0.0,0.0,0.5012337774569036,0.0,0.5261104172315265,0.0,0.42227197508637626,0.38614818743560125,0.6596803383532722,0.4453314964698726,0.0,0.0,0.3465364244821726,0.33832869790700937,0.31000271080670105,0.2815141932473595,0.37503843658835256,0.0,0.0,0.25673923715100944,0.44050078730867737,0.3207687187024152,0.3644084927506885,0.0,0.0,0.0,0.29475452818186576,0.3305495861607499,0.0,0.0,0.0,0.0,0.0,0.0,0.0,0.0,0.4493623788562312,0.0,0.4517244618000025,0.0,0.0,0.0,0.44995895814552367,0.4609217890991736,0.4548421876460114,0.0,0.0,0.0,0.0,0.0,0.3568469094467218,0.4635368381100599,0.4602207773098631,0.0,0.0,0.0,0.0,0.44665639453539935
0.3914694507779904,0.429259636814949,0.302860017332989,0.0,0.37312771014219653,0.39367828458597753,0.44046513924057507,0.4900392745059058,0.451102774402965,0.4139913374633838,0.0,0.4292135290211082,0.4537465467652031,0.0,0.42829711395409664,0.43095233210462885,0.41705784008340663,0.42433342010782654,0.0,0.43758010394270475,0.4446392613852618,0.43373302552173904,0.4633191729765201,0.42227197508637626,0.0,0.4192097760767446,0.44039869819427613,0.45036698827554966,0.4179962471121236,0.3452879262818864,0.4213765583512065,0.41856356674848594,0.3463149515696553,0.394288421954234,0.4285251273793723,0.0,0.0,0.39487773771052437,0.4330594468414335,0.4238053007916035,0.41878215229129656,0.4431514495861751,0.0,0.0,0.4564160341099819,0.4506004929441468,0.4504600625049227,0.0,0.0,0.0,0.2652109659593151,0.0,0.39231821691647095,0.0,0.4555962172029793,0.0,0.4744349677978834,0.30922475779734326,0.0,0.0,0.41298104618355075,0.4471473633204548,0.4266981791578941,0.0,0.3953454826634759,0.4431552193698449,0.44972158928792916,0.34877813384654044,0.46723368477283045,0.4385758513807362,0.46636140208406507,0.30675300644374504,0.3583705133989741,0.38810250319684936,0.0,0.4178683113667647
0.42121898569363836,0.4361986368154536,0.3467884793297456,0.4799184087752476,0.41889792886152755,0.463484091464756,0.5080481502261597,0.5127433423955596,0.45015437358097743,0.42476653840079454,0.33305265416365093,0.3440486423416648,0.4738420796199415,0.4422349133958501,0.4525349655234836,0.4688817685925229,0.4540079277063725,0.4439015940960827,0.0,0.49251076786958364,0.44079111449083996,0.44854495059427396,0.4893623096753184,0.38614818743560125,0.4192097760767446,0.0,0.5092951649524429,0.5060567826212115,0.44230055802096613,0.3487595888636693,0.4363825407633771,0.45982145974186994,0.39717115896761246,0.4329229183435315,0.5007628270162098,0.5232031988422434,0.481858880311954,0.37459491013155305,0.48049604464525386,0.4683121525137056,0.4903213041094061,0.5004769633565079,0.0,0.0,0.4348449098548712,0.48367822726188725,0.5216317893091238,0.0,0.0,0.0,0.45373934545609573,0.31176291400196354,0.4778233711021931,0.0,0.49326841105136854,0.0,0.5070329317341045,0.3623372706208068,0.0,0.5574730668053411,0.4799785276295591,0.4807118548704101,0.46429545614828877,0.0,0.5139888370689913,0.5314927160995885,0.5438913146053124,0.5592693212005204,0.4856800049153791,0.4752608151296709,0.516569685922124,0.5394041769176934,0.40109134124037854,0.48633340177958995,0.0,0.4671486974102855
0.5531571050319468,0.4649162740071702,0.3532801682637723,0.4119329809471905,0.4575949744108108,0.4419329936198924,0.4617513139320668,0.4660311618082489,0.4127604516676785,0.41446658885436893,0.3890223793772383,0.3133875769513031,0.4710361021630028,0.46964495959735086,0.44285490691657087,0.4654981112784584,0.32280272415849787,0.47806851071825385,0.37000330665551906,0.3992029643710285,0.45276823178092895,0.4882623909905675,0.38392791893208755,0.6596803383532722,0.44039869819427613,0.5092951649524429,0.0,0.4649998575019726,0.3930819499947385,0.4246777865842907,0.435366373179614,0.43595303042261097,0.3865816327278384,0.4606084068425467,0.4895943584284447,0.47597826155243156,0.42600065963188044,0.0,0.4749404879768699,0.43908921773334414,0.5014656191189828,0.49907008023481375,0.47856026828391274,0.29267152387569856,0.3520182563289941,0.0,0.4527935520108584,0.5614999430995045,0.0,0.4548282709427088,0.500160479270642,0.4906477147847641,0.5129484479682597,0.5641012829789003,0.0,0.510532258447602,0.37886657393499273,0.5002877548727503,0.0,0.47840349235243806,0.29198851663255865,0.0,0.0,0.5417750330703457,0.48581973164582065,0.46989458222190167,0.5261386084033512,0.51015609507294,0.0,0.2973646074605423,0.5341224520514878,0.502932901793202,0.4997582298324646,0.46309460441774813,0.46938311534858906,0.4871760048485674
0.46276921821388467,0.46828696105435963,0.4906378609897855,0.22211966224986973,0.41150419962075546,0.441087884271804,0.41279485278555594,0.44880382430719284,0.48630918333037454,0.43042101742088623,0.45203433832402773,0.3401835948208515,0.40720089799908676,0.262000435972376,0.43462953733006865,0.5058700557422252,0.47024502632833576,0.4836927602687119,0.46529427947290863,0.40370695368146803,0.4974806047031624,0.46705500836451896,0.45431775146270076,0.4453314964698726,0.45036698827554966,0.5060567826212115,0.4649998575019726,0.0,0.40978351007416974,0.33467822609154413,0.4038373667251162,0.37383392016329176,0.39740406857035493,0.41767639799142253,0.35632370204770303,0.2809904715301335,0.2701661509074951,0.3255486671444337,0.42479671284191867,0.0,0.5457081532036904,0.45593815985490566,0.42112634521622905,0.3642575444609888,0.0,0.0,0.284476366458645,0.3678382352216583,0.0,0.3217256790607975,0.4970098447368483,0.331379799172217,0.5004267277437684,0.3244916245815108,0.0,0.3222399999126516,0.0,0.44658231913599533,0.0,0.4465337789868384,0.2861510966895945,0.0,0.0,0.30395991269208134,0.4859773434346784,0.47615199544271875,0.3765297262073668,0.5069018695701935,0.0,0.313894435762165,0.3886641412962131,0.5035147163910647,0.5208259048000402,0.47985698587661413,0.37360905340456974,0.4685181671919958
0.4449792934116098,0.4398411018563928,0.3383187448487697,0.3185436344850548,0.4591589861292743,0.3912954091117205,0.49301850808046216,0.40472898142577307,0.45874504442455594,0.29493765503131897,0.0,0.0,0.4790293677422045,0.0,0.4134623538874838,0.4657719517474501,0.36318546963392323,0.4493866527518562,0.0,0.3623040602100385,0.4225921369671849,0.4327815946330824,0.42317281125306544,0.0,0.4179962471121236,0.44230055802096613,0.3930819499947385,0.40978351007416974,0.0,0.36104924753413814,0.38260473838577536,0.40031642432639397,0.3278914889630415,0.4379067620257976,0.46233872855223235,0.4534543508537142,0.38840358382520307,0.0,0.4480695805840268,0.3611949116242462,0.44894576749598497,0.43468322888767397,0.3878981223914846,0.28529251226851965,0.0,0.0,0.3961089518329054,0.0,0.0,0.0,0.4108820381814768,0.3220945922924924,0.4169224262183192,0.36580293143122,0.0,0.0,0.0,0.41574710567376905,0.0,0.4462585015989688,0.26001532260151244,0.0,0.0,0.0,0.4401058180843185,0.42069023164444386,0.41678906690868356,0.47191426527255304,0.0,0.2626234416015099,0.4429306664174947,0.47137068787982406,0.452834068934704,0.4399372290793241,0.41015378786189255,0.43883390846660864
0.350897812893685,0.43950973795647574,0.4278165652062269,0.0,0.503282427207766,0.45393556919088257,0.46381096103222874,0.403040740442625,0.47423563370105865,0.29213452643888216,0.0,0.0,0.4022279292222151,0.0,0.40789407390849464,0.4399745226806808,0.3107668976284601,0.3927503392791569,0.4367539637282355,0.24843367971789188,0.4425771118742722,0.4229247187914932,0.42439897723663234,0.0,0.3452879262818864,0.3487595888636693,0.4246777865842907,0.33467822609154413,0.36104924753413814,0.0,0.3223504888919866,0.36141905604411595,0.32205712813822807,0.40679093475079775,0.43347211157422394,0.43805762064259945,0.0,0.0,0.4662724298423038,0.0,0.44346086557462905,0.4821408852197511,0.47092092802798946,0.0,0.0,0.0,0.3268434599533455,0.0,0.0,0.0,0.44482564868608127,0.3525004158395386,0.0,0.0,0.0,0.0,0.0,0.34708680671860054,0.0,0.40095447716596794,0.0,0.0,0.0,0.0,0.45465411809107376,0.0,0.37843223407331905,0.4816336209672439,0.0,0.32789330793202875,0.0,0.4901688967008115,0.38295395750857,0.402484862971096,0.4454937028835254,0.41410595940809614
0.39953475944721367,0.41239543332715806,0.4720797802354384,0.0,0.47234630962870183,0.46690285258089487,0.4547032667523988,0.453453674015261,0.48974354700189315,0.30304937103536866,0.4612262657749152,0.3272576036571525,0.4573040866504736,0.0,0.4517523939822398,0.4273960369104438,0.4002696280017515,0.42331005881130757,0.4739639187179225,0.4098076106539019,0.43962817445684155,0.42649240550347534,0.4390713545636544,0.3465364244821726,0.4213765583512065,0.4363825407633771,0.435366373179614,0.4038373667251162,0.38260473838577536,0.3223504888919866,0.0,0.41643192376731514,0.3861267136497998,0.3553934393919971,0.3559319849648688,0.43390686319521304,0.355725477659798,0.2770881684243565,0.46442045316040553,0.0,0.4960969739888157,0.0,0.3733604644745596,0.35481253778298755,0.0,0.44152704707161405,0.46450266657284456,0.38365083380535364,0.0,0.37023209393665013,0.4864527539994149,0.31570493600425836,0.493404065262593,0.31922871893989707,0.40401434910411554,0.0,0.4066698001767838,0.3545993016233068,0.0,0.4777937219228208,0.4346431106171868,0.0,0.4454982470255334,0.3496331383543917,0.47204115061046986,0.4684865821667017,0.47981635513646675,0.5013483490084023,0.0,0.45092480940221813,0.47254941997043187,0.49542126742196696,0.44720835981606616,0.45044258100799256,0.0,0.46514816196768183
0.4193409820148854,0.4364694884449042,0.4349730534709634,0.2660913345229237,0.38515497677422234,0.4362074497249984,0.40274136989340237,0.3566815972328288,0.44942066129282887,0.34573058397335754,0.3886242810117154,0.2569505128494489,0.4002052356441596,0.25279414229923597,0.4755406461364779,0.45796860321649735,0.43604470076477536,0.43352843493502186,0.42431741432374886,0.4698483721821086,0.43836185135754263,0.49336253931376806,0.4152187819524079,0.33832869790700937,0.41856356674848594,0.45982145974186994,0.43595303042261097,0.37383392016329176,0.40031642432639397,0.36141905604411595,0.41643192376731514,0.0,0.34342449529744923,0.3603020791516509,0.3788393256737541,0.25313309238104054,0.28786906364649967,0.2418951989642637,0.28277066399832507,0.3082761611731089,0.37680069359794527,0.36600167044115756,0.32219813419693044,0.24991777404342458,0.2303869273772757,0.4286480679620928,0.4874713718339416,0.3827071336549273,0.0,0.3653123457285138,0.47519902869466973,0.3862534516184159,0.44878705649659,0.41281359857126576,0.0,0.3368726150637386,0.23260817976210216,0.5087831952518105,0.4185060884616203,0.48651363052675406,0.4627877952014611,0.0,0.37166592953157096,0.3622535506989943,0.4686531813509609,0.4617001112192857,0.5024081588191538,0.4821394166063782,0.0,0.4584181013578321,0.4997236074975057,0.4824002430066151,0.4925719365962055,0.4601609922030522,0.4541474163318045,0.480964726872143
0.3171568002302279,0.3765132598834296,0.34014578349185187,0.0,0.41063059765982457,0.36409379258738095,0.39883508829114905,0.4663186717232116,0.4013484676907503,0.33863878734687286,0.385242765410156,0.2953556867770466,0.4317667005872268,0.0,0.4540529405104324,0.4080296578125805,0.3758508894378893,0.38032493444043075,0.34522462375889273,0.403572079176956,0.394562005600408,0.421566136510736,0.39205290691826067,0.31000271080670105,0.3463149515696553,0.39717115896761246,0.3865816327278384,0.39740406857035493,0.3278914889630415,0.32205712813822807,0.3861267136497998,0.34342449529744923,0.0,0.2781254387692494,0.4112102300408988,0.439053920851393,0.28699262467715264,0.2079065278739066,0.3579427398205374,0.24252427828740278,0.3030311776969234,0.4511945630212492,0.0,0.0,0.24151618637238936,0.4178235017298578,0.46964476101062286,0.0,0.0,0.0,0.0,0.0,0.0,0.0,0.36133477200619907,0.0,0.3660584228419674,0.0,0.0,0.4983516685661444,0.41463843925807353,0.38724934175271597,0.4250603839184418,0.0,0.43541256505108894,0.0,0.4936361996010165,0.0,0.34293999923522206,0.4205470571839507,0.45159470775943933,0.0,0.0,0.0,0.0,0.37365871395519923
0.4056378252773742,0.41517156361597257,0.48066352585209665,0.36854547409690674,0.4494454132879427,0.46750325293766265,0.4442019021123408,0.46151439863423716,0.4834564039821255,0.3172486410368122,0.45341587494308877,0.2678930436728664,0.4507084791956112,0.0,0.4886133692252368,0.44638395603644654,0.40132291960085675,0.42126987222229906,0.4660071475319868,0.4723584572713475,0.44450507318124327,0.4821675714381822,0.4515738129892492,0.2815141932473595,0.394288421954234,0.4329229183435315,0.4606084068425467,0.41767639799142253,0.4379067620257976,0.40679093475079775,0.3553934393919971,0.3603020791516509,0.2781254387692494,0.0,0.3530337321259467,0.38587471752542396,0.3309991904804077,0.23570378263019695,0.3505807224402259,0.26809108184873154,0.4338522409409057,0.4267902842125749,0.4249668293637378,0.0,0.2613760555413404,0.43231360443011296,0.48190310439859296,0.32705047060143283,0.0,0.36516254774133927,0.4846925477410688,0.3412555110768388,0.47759015127023396,0.31749440839716414,0.37238163192989154,0.33567978217333394,0.38664279438419447,0.4362768572135629,0.0,0.5089217843322886,0.4389607626281915,0.4248936134972631,0.4366064641271611,0.3618711309521228,0.48444344907594716,0.0,0.5007903961565952,0.5020369207525602,0.34242890544111587,0.4458937344431117,0.4822609448723686,0.49871456166642725,0.5310046056958767,0.46472514549379335,0.0,0.49816237462932056
0.45219147600730475,0.4768507510716513,0.46889972507878375,0.34567633214712395,0.43717255899177015,0.4685896982322637,0.41453879915844055,0.45587597474524594,0.5029921636190015,0.3836834302701877,0.4359359538166411,0.25295486323745797,0.40148295849306487,0.0,0.5406324645045686,0.5065226871889972,0.4394545813413495,0.47180512436322086,0.4584889865568186,0.5221969779283608,0.0,0.5455155148299331,0.4509947975913384,0.37503843658835256,0.4285251273793723,0.5007628270162098,0.4895943584284447,0.35632370204770303,0.46233872855223235,0.43347211157422394,0.3559319849648688,0.3788393256737541,0.4112102300408988,0.3530337321259467,0.0,0.4304986918480533,0.3607967373670714,0.25472989522898226,0.3417542420890239,0.39505708170084447,0.0,0.42084695451576803,0.33664113813752683,0.3277348339704422,0.0,0.0,0.5087287315072959,0.0,0.0,0.0,0.4434967754483739,0.3773095379088645,0.0,0.0,0.0,0.0,0.3331057201737402,0.41228793864912433,0.0,0.5485877322027729,0.4610602181767013,0.0,0.0,0.0,0.4839779930909964,0.0,0.541296213472268,0.479955470577753,0.0,0.45505090710549984,0.5080948137981648,0.5019356837969927,0.4699384229341258,0.0,0.0,0.0
