0,1,2,3,4,5,6,7,8,9,10,11,12,13,14,15,16,17,18,19,20,21,22,23,24,25,26,27,28,29,30,31,32,33,34,35,36,37,38,39,40,41,42,43,44,45,46,47,48,49,50,51,52,53,54,55,56,57,58,59,60,61,62,63,64,65,66,67,68,69,70,71,72,73,74,75
0.0,0.45472674247661726,0.0,0.0,0.0,0.0,0.35045337032141943,0.4794586489442116,0.0,0.3884521577078689,0.0,0.39371484070429064,0.3730536493870144,0.0,0.3519979950308014,0.4355307286784293,0.3540375273625864,0.4117920982835865,0.0,0.40131749322712357,0.39065184675443815,0.40900891143182705,0.4449413262050735,0.3788296656306784,0.37320923453603655,0.39949086358137786,0.4315026222420774,0.35115788276574195,0.42776497443502304,0.0,0.37925462454350783,0.45291599700870544,0.36466979730561316,0.3890143865821489,0.4364954768700244,0.0,0.0,0.38985921719575906,0.4727685860345825,0.4387864113255583,0.4302158661471134,0.0,0.0,0.0,0.0,0.34166630793855857,0.4922010803095536,0.0,0.0,0.0,0.3980649950834466,0.0,0.0,0.0,0.43391879811702927,0.0,0.0,0.3825122550363228,0.0,0.42915010582378094,0.4869469950099492,0.0,0.4538214596107347,0.0,0.0,0.25947668040922683,0.4755029604494303,0.44955234885023976,0.3806207183558886,0.4792154784254089,0.4690605558695013,0.0,0.0,0.0,0.0,0.40479227133612294
0.45472674247661726,0.0,0.33906028315937264,0.0,0.37534529272007755,0.3969100456290095,0.4258945213833564,0.4143001222434645,0.3475805217078963,0.30576583999722623,0.31616206178700007,0.0,0.4510453124418305,0.0,0.40744030501537526,0.4056434958948797,0.3881515148808453,0.40173571112566353,0.0,0.4227185618748164,0.4355176732898918,0.3729120732854361,0.42492657195298333,0.0,0.3688921987181803,0.38771233780930714,0.4178477191418769,0.45286833907832014,0.4451206090665317,0.0,0.3763246349778578,0.4378407845019793,0.3657585136723883,0.37715508989394947,0.4349582784564909,0.4084880523070707,0.0,0.0,0.4914531977770854,0.47365518624356945,0.4710819531047395,0.5129509642630911,0.0,0.0,0.0,0.4698469403291931,0.4922021706703387,0.0,0.0,0.0,0.44659785768498445,0.35392346491760873,0.0,0.0,0.36628123447449157,0.0,0.0,0.3287561109273161,0.0,0.5168094506808353,0.48449904142718736,0.0,0.45251344090242296,0.0,0.4693844269898651,0.47517556245436915,0.4912279047846989,0.4914369937297782,0.5232089713602428,0.4796503984315057,0.5146676888996343,0.47815375348673983,0.3491743929048339,0.47650304675235067,0.0,0.46760165498651524
0.0,0.33906028315937264,0.0,0.39102695454377323,0.38873470474250466,0.36582792491082533,0.42846932776238805,0.4832968086830428,0.3339677180923304,0.4121080786812311,0.3297070188610019,0.3621480939781704,0.4379508083414607,0.4316057729006444,0.0,0.3255022775284972,0.0,0.35248991344727443,0.22650827619283911,0.38980353449127575,0.0,0.4194141061774046,0.32093747503726894,0.0,0.28026185953881827,0.3361347165652066,0.3270655299747122,0.46530388959119784,0.41600991529824216,0.42642043832539145,0.47787827581530645,0.4595395536660111,0.3623268457193651,0.4796406951999389,0.45862291862055854,0.4396848640299553,0.42847733766478874,0.3505633689950023,0.4478882491767788,0.30221733212511365,0.4613467185421056,0.3482890704320543,0.489949996000699,0.0,0.0,0.0,0.0,0.29754061357772515,0.0,0.5394364282599309,0.5579440201385492,0.5230429848211691,0.5513215103005411,0.4525777427539559,0.0,0.5139242080900245,0.0,0.5269262523937178,0.5357721747216165,0.0,0.0,0.0,0.0,0.30971922995010115,0.0,0.0,0.0,0.5716517147021009,0.0,0.0,0.3096432985982645,0.5787440660557049,0.4658607089821368,0.4113113402573083,0.0,0.4777045992573087
0.0,0.0,0.39102695454377323,0.0,0.24802311129068144,0.40164313095840937,0.23429661744790053,0.3705488740387836,0.42032481293714846,0.26458749677384685,0.3590870795111237,0.2005568175452605,0.2656777096461692,0.29635429549408815,0.0,0.0,0.0,0.0,0.3836843572801025,0.0,0.0,0.0,0.4116805203879704,0.0,0.0,0.0,0.3917466120968927,0.22472374129397332,0.33509063663650007,0.0,0.0,0.26479595713960824,0.24200345266705642,0.20860784523361572,0.25975764293356834,0.17750889342786674,0.17249738441293352,0.2302902776489912,0.22442450253278032,0.0,0.2399865678331381,0.29569151864965315,0.2756193465929464,0.2795143810992768,0.0,0.0,0.0,0.0,0.0,0.0,0.0,0.0,0.0,0.0,0.0,0.0,0.0,0.0,0.0,0.0,0.0,0.0,0.0,0.0,0.0,0.0,0.0,0.0,0.0,0.0,0.0,0.0,0.13987726449982155,0.0,0.0,0.0
0.0,0.37534529272007755,0.38873470474250466,0.24802311129068144,0.0,0.37976393145208304,0.31770960321540104,0.3812114995369185,0.33623661600195826,0.4498221998094251,0.3245693956822441,0.36096673639396387,0.37779481104220464,0.306044542902984,0.0,0.4251041681032415,0.0,0.38786208860743465,0.35343909935526796,0.4298399273461625,0.0,0.4486233644154469,0.4085996801682317,0.4014524064905328,0.37392207923620524,0.3726055943454942,0.4068170218038575,0.42476216676630474,0.4476266709775452,0.0,0.44643194611176307,0.3718921097064197,0.3931408243208251,0.43860097492414357,0.42629612331018363,0.2439003422998214,0.16609572836373038,0.388722312021598,0.44394761247269565,0.0,0.4390581274592217,0.0,0.4120082037640813,0.0,0.0,0.0,0.0,0.4859931958286243,0.0,0.44998536161304836,0.485425482171462,0.41054092215343485,0.48405500484614095,0.45709561718369884,0.0,0.43084291980936645,0.0,0.3907412577369367,0.41496802749982853,0.0,0.0,0.0,0.0,0.47602415961597866,0.0,0.0,0.0,0.5266125294510049,0.0,0.0,0.32383217208062953,0.5128868345340085,0.38863590368231754,0.4005843732685536,0.0,0.41002550819469075
0.0,0.3969100456290095,0.36582792491082533,0.40164313095840937,0.37976393145208304,0.0,0.40396700497777144,0.40688553714412673,0.2946413105618152,0.44511801455928285,0.3754626488028439,0.3785613856384169,0.4041667675254186,0.42566027820864555,0.42457225610396127,0.4381571070726111,0.34759834931783085,0.434572947496565,0.33154654765980635,0.3930364409787534,0.39526639340640507,0.41003912382773716,0.387341830932322,0.0,0.39804254892461644,0.38923953286437896,0.3675935766388002,0.39667782553827263,0.35118910766582007,0.42998969059758285,0.4477160435040869,0.4328110143502095,0.3946195801501777,0.4502968844767202,0.4577054746981255,0.43368830445434314,0.4268620728217349,0.3676935346978413,0.5132785147708496,0.0,0.5218091932072174,0.4146170053329372,0.4897646100174873,0.0,0.0,0.0,0.3596373460739427,0.5323865161809804,0.0,0.45097841823428136,0.5182037551817686,0.5007408196537272,0.4615031010030113,0.5330310807717705,0.0,0.486006348761559,0.0,0.5302964673798675,0.4735163764601757,0.4454648716938644,0.3075079346338222,0.0,0.30742715260319947,0.521851564728816,0.45784555112090153,0.0,0.41359569281686676,0.5225890486845763,0.0,0.31585559295372684,0.40814947235024934,0.5229017288228832,0.5296389756293487,0.5119370367131068,0.49086974319060556,0.5289631862678353
0.35045337032141943,0.4258945213833564,0.42846932776238805,0.23429661744790053,0.31770960321540104,0.40396700497777144,0.0,0.44725292789099735,0.3934579945600549,0.4280815457621092,0.41156200451656394,0.35060311841206343,0.33775156555454267,0.30822310331748326,0.0,0.4907354406525444,0.40779305674927124,0.4451914891304664,0.44022973196921505,0.4420443964337011,0.0,0.4700282087546737,0.4364755091960747,0.4152144972614165,0.442808530723915,0.4265600983605118,0.431416726868235,0.3505772039111254,0.4576125093498878,0.0,0.42457268989876346,0.4052701596205115,0.33453549423887186,0.3731493560401028,0.3632657989903293,0.29316002579400186,0.27132714253293805,0.3492056151477643,0.2745581231349087,0.3444157154800321,0.3013003587352759,0.31394965755149773,0.441942557872532,0.0,0.3217887957662508,0.0,0.36044722415529024,0.4843813004518925,0.0,0.40905703561494,0.5037582986407307,0.41284509475680004,0.4218435601468007,0.4604405957495249,0.4108487517158228,0.40140854795970915,0.3238430395440292,0.4029338687431639,0.0,0.0,0.0,0.0,0.0,0.45591935771618464,0.0,0.0,0.0,0.5334311110693586,0.0,0.3498206007907425,0.3468023861748515,0.5373512013579582,0.3969749229445414,0.4153267561303954,0.0,0.3982191594572847
0.4794586489442116,0.4143001222434645,0.4832968086830428,0.3705488740387836,0.3812114995369185,0.40688553714412673,0.44725292789099735,0.0,0.49151503112193634,0.4245591691393746,0.2193417551333424,0.0,0.4653001754954619,0.32967772342349166,0.4489456010236873,0.43005148083019873,0.3161338544201349,0.4351669529958636,0.4119089953136479,0.4129156267192681,0.38563118781701033,0.36840963750978145,0.3768988854224987,0.5023400131891409,0.45847112286842806,0.4700116743287844,0.4428514141962002,0.45122021784527894,0.42618161488816253,0.4467503930552076,0.44505030916143073,0.3297395707425159,0.4403703513659996,0.45920474370121517,0.46148247788081515,0.25705209064582935,0.20035392011799147,0.0,0.45931377386327155,0.0,0.4988240949644518,0.0,0.4203019650199156,0.0,0.0,0.0,0.0,0.5241999740360652,0.0,0.0,0.4720513528683774,0.4779267259962209,0.3341953266461988,0.5220450091833936,0.0,0.44864847941078184,0.0,0.48498368258046387,0.47080463143927703,0.0,0.0,0.0,0.0,0.5152273005856386,0.0,0.46079807265997286,0.0,0.47364334106918804,0.0,0.3564066799546343,0.43689623021874036,0.5160184411509553,0.4790796831291911,0.4550685040956518,0.0,0.49293203918421447
0.0,0.3475805217078963,0.3339677180923304,0.42032481293714846,0.33623661600195826,0.2946413105618152,0.3934579945600549,0.49151503112193634,0.0,0.4630225220197055,0.2588120518891906,0.4037027987773936,0.38517173717442177,0.42642931237956083,0.0,0.36338710815566727,0.36612089611929205,0.3207391035814643,0.25194018448852823,0.4046537990248363,0.0,0.40381193234241936,0.4123082776772876,0.0,0.31928309867014515,0.4233621696732389,0.36103169492547493,0.45920186369975685,0.44453546734292143,0.0,0.47434563803198276,0.45182206502120126,0.40372989844300855,0.46974498444689955,0.44618981659000323,0.43823306317946964,0.44383893907043476,0.4108939257059221,0.4878517281356503,0.32718576724358694,0.37621541190078817,0.32496221988233076,0.4827388289532754,0.0,0.35857173881604976,0.0,0.0,0.5550207851754227,0.0,0.46437626821776656,0.5392913633350853,0.4880668998120273,0.5369710007361215,0.530045204312701,0.0,0.518893138233549,0.3821380919596401,0.4761078675901014,0.0,0.0,0.0,0.0,0.0,0.5511964054425879,0.0,0.0,0.0,0.5593121605028258,0.0,0.0,0.3292951467387623,0.5509142246180347,0.4491069169770512,0.40894309222399783,0.0,0.4213668153442976
0.3884521577078689,0.30576583999722623,0.4121080786812311,0.26458749677384685,0.4498221998094251,0.44511801455928285,0.4280815457621092,0.4245591691393746,0.4630225220197055,0.0,0.44341532645920173,0.2897242262671472,0.41204281028292894,0.0,0.2951876420764209,0.3020126699211254,0.3368504626693355,0.31900658091928796,0.4446057545732095,0.30672481318318323,0.39913915320406473,0.3261716051217773,0.4110717828374111,0.33377283645902156,0.32644147706633053,0.3497339706547684,0.4070129012559337,0.3903443077118107,0.32925519607601283,0.30118675405480233,0.31908313140012873,0.3244216639313888,0.29987528817921033,0.3033321351500604,0.2737700639936264,0.29259214739591083,0.25447340912746735,0.28674320143083065,0.33591098900873956,0.3869973981387134,0.3322111489127538,0.2893911863127186,0.0,0.0,0.3535475429190064,0.0,0.0,0.0,0.0,0.0,0.3273060615618145,0.40690604207273473,0.0,0.0,0.4633207563426709,0.0,0.46731267824897826,0.4119587518595853,0.0,0.0,0.41625322012062915,0.5015974206097222,0.48785355022738175,0.0,0.0,0.0,0.4157319425352081,0.36259897255384277,0.416233506655329,0.4829717057663524,0.47129118640021156,0.0,0.4335574899342587,0.3711043173521754,0.0,0.43200017701066856
0.0,0.31616206178700007,0.3297070188610019,0.3590870795111237,0.3245693956822441,0.3754626488028439,0.41156200451656394,0.2193417551333424,0.2588120518891906,0.44341532645920173,0.0,0.40143955730201325,0.4398184077902671,0.29596713833337956,0.0,0.0,0.38081766790664817,0.360521393512169,0.25519414257626166,0.0,0.0,0.0,0.2269639127369112,0.0,0.3766574529135721,0.3391492992739452,0.3782222170683492,0.4471074849780195,0.3647035306389328,0.0,0.46701706962845635,0.37093470342257906,0.3887165687857171,0.4517281892737588,0.4348742223750061,0.2677841244808089,0.40654976854311853,0.4012342016129233,0.3642517257477426,0.31364541989990113,0.38268972821949254,0.3042000727352188,0.3802881821040139,0.0,0.0,0.0,0.0,0.5085136925354177,0.0,0.3519906810779899,0.4762329647375271,0.3584723219095928,0.40301274992753067,0.4060824233889072,0.3988479781987671,0.30233220908504627,0.391888859946241,0.38818043565966315,0.4358508456007419,0.0,0.0,0.0,0.0,0.21783987202440766,0.0,0.0,0.0,0.4775310720959706,0.0,0.0,0.0,0.5040774932403342,0.3545560290816284,0.5171063385967927,0.0,0.3908302135949888
0.39371484070429064,0.0,0.3621480939781704,0.2005568175452605,0.36096673639396387,0.3785613856384169,0.35060311841206343,0.0,0.4037027987773936,0.2897242262671472,0.40143955730201325,0.0,0.38026815263880076,0.1618881345914439,0.0,0.0,0.3823030623293146,0.35946686689682406,0.3817223734002714,0.39448171608850613,0.39414056034484285,0.3617975479739375,0.36015841696628104,0.2671066168622588,0.37031930366146526,0.30210356047772363,0.3465366434404908,0.34117991939138476,0.36117409235056086,0.0,0.3531870950002884,0.24884421864067738,0.27606219132334714,0.25214024591892664,0.3347689579712051,0.25525502388182303,0.2304836523034358,0.2175803359597466,0.23062741529428155,0.38805406048546376,0.24189210443641665,0.2899992641971399,0.30801482638419597,0.22495293655230272,0.3276715864927471,0.0,0.0,0.0,0.0,0.0,0.0,0.0,0.0,0.0,0.47232920492318137,0.0,0.4701574117373508,0.4123924123016299,0.0,0.0,0.39169974387795636,0.5320160737774038,0.47662908661407977,0.0,0.0,0.0,0.0,0.0,0.39679928790127333,0.4749284987755662,0.4527156241751473,0.0,0.30582282369333563,0.39017382219093466,0.0,0.45137424729472675
0.3730536493870144,0.4510453124418305,0.4379508083414607,0.2656777096461692,0.37779481104220464,0.4041667675254186,0.33775156555454267,0.4653001754954619,0.38517173717442177,0.41204281028292894,0.4398184077902671,0.38026815263880076,0.0,0.32524581002351577,0.4395037675861507,0.47374426549687804,0.4086428595020071,0.44533427389994407,0.4572503140851094,0.4507292396692044,0.4402537078183967,0.4806837959309975,0.44219871573958636,0.4024999874909159,0.4486083190713116,0.4276871122981349,0.4352686736805158,0.34196773328763,0.42792599798728487,0.3673977129027442,0.39835163683324026,0.4097670702217628,0.3724950726811464,0.39517059636954616,0.3605703415956777,0.3111137325153097,0.2636916579505457,0.3509809291281789,0.3667387159951682,0.3303316007796034,0.3194414528473804,0.29123996502805566,0.4503522225079056,0.0,0.35792802493094095,0.0,0.3413685571899018,0.4950828785798784,0.0,0.3862013087109301,0.586631726951591,0.42886909338282364,0.4979669479374316,0.44894561064544797,0.413020655682087,0.45660166065610247,0.4203381417369949,0.42970431551267824,0.0,0.0,0.33013411113789254,0.3752712577688842,0.33273562430686354,0.4613405748309344,0.45891123749045193,0.0,0.3364301780169044,0.5412335595757096,0.0,0.3499694482032501,0.3746427129575712,0.5532063964440862,0.46612547900486917,0.4998972227830879,0.0,0.43017055911224933
0.0,0.0,0.4316057729006444,0.29635429549408815,0.306044542902984,0.42566027820864555,0.30822310331748326,0.32967772342349166,0.42642931237956083,0.0,0.29596713833337956,0.1618881345914439,0.32524581002351577,0.0,0.0,0.0,0.0,0.0,0.38761693387152396,0.0,0.0,0.5070551829723035,0.38184066615545936,0.0,0.0,0.0,0.449205478122796,0.25809202925938707,0.4619362386147085,0.0,0.0,0.23495039487355515,0.24903874146465077,0.4931324756372608,0.42918927658281225,0.2075241951681647,0.17806339703187518,0.2796947461453485,0.2995401520928204,0.0,0.2014178346454233,0.33507327559337013,0.3884673123787429,0.0,0.0,0.0,0.0,0.47379068465186364,0.0,0.0,0.40876368401810725,0.4334896708513507,0.42814246743286866,0.48697048190767445,0.0,0.41409376103306533,0.0,0.364221500203498,0.4419853052954829,0.0,0.0,0.0,0.0,0.4648021828376864,0.0,0.0,0.0,0.4750018735002778,0.0,0.0,0.0,0.47242762172379227,0.35389206810159307,0.0,0.0,0.0
0.3519979950308014,0.40744030501537526,0.0,0.0,0.0,0.42457225610396127,0.0,0.4489456010236873,0.0,0.2951876420764209,0.0,0.0,0.4395037675861507,0.0,0.0,0.42723746089222736,0.35657657731838,0.41648199146529713,0.0,0.3049722561094993,0.3927368060036016,0.3437835667073991,0.3793760947248005,0.41577365474370304,0.40003681094188764,0.32775473167643526,0.36392150152920183,0.4268205438592852,0.40026697196132194,0.4476862209096504,0.38879273841318757,0.43574468158133023,0.42175169465296464,0.4034172281085083,0.46088082980076206,0.5227956694766873,0.0,0.0,0.48965119025850334,0.49843200030921436,0.4990376466256386,0.5312195972893827,0.0,0.0,0.0,0.0,0.5065408259709903,0.0,0.0,0.0,0.4902347917665164,0.0,0.5539284477033688,0.0,0.0,0.0,0.0,0.4539172655038989,0.0,0.50779327361799,0.47378815210098046,0.0,0.3589890936679632,0.0,0.4871739285366509,0.4721284184782781,0.5162267253473534,0.5078474143838468,0.0,0.39957891293114817,0.5426530790705654,0.5130238722736753,0.4889352649804328,0.4972638323507841,0.4909253938983827,0.48123167507549774
0.4355307286784293,0.4056434958948797,0.3255022775284972,0.0,0.4251041681032415,0.4381571070726111,0.4907354406525444,0.43005148083019873,0.36338710815566727,0.3020126699211254,0.0,0.0,0.47374426549687804,0.0,0.42723746089222736,0.0,0.3841496963630519,0.3757215649320794,0.0,0.38600180572254833,0.4204534214945057,0.36892850670811117,0.4388424661835823,0.37033859693555105,0.39781150146887495,0.4320998118323078,0.4286164210601946,0.4387156608008902,0.42744312603536616,0.39494636746834927,0.3498665185761218,0.4626726375061861,0.39357186699968566,0.3829248207553748,0.4583408653185281,0.0,0.0,0.0,0.4644199266691565,0.44915739078856476,0.4601871956290963,0.492843858235413,0.0,0.0,0.0,0.46358595535512737,0.4881410445083319,0.0,0.0,0.0,0.3375719508904933,0.0,0.41704878106510684,0.0,0.3236550604504273,0.0,0.3490630950706063,0.34756974804341595,0.0,0.47189857501976645,0.47800608602249023,0.0,0.4332139044177501,0.0,0.4609605941233313,0.4815134237712462,0.47953853725897405,0.40430610656451554,0.0,0.46165304135531804,0.49320018989057035,0.43747940018445575,0.3735062244658812,0.43894659722819523,0.3645827274195739,0.45456112884899647
0.3540375273625864,0.3881515148808453,0.0,0.0,0.0,0.34759834931783085,0.40779305674927124,0.3161338544201349,0.36612089611929205,0.3368504626693355,0.38081766790664817,0.3823030623293146,0.4086428595020071,0.0,0.35657657731838,0.3841496963630519,0.0,0.32860806080470006,0.3751891498799502,0.34697212915575887,0.36383271136898077,0.35696862175368615,0.3409119215793342,0.38119626079731866,0.33835247956233694,0.37898995024343773,0.3532283747863547,0.38503914015681673,0.34270449746958764,0.2721367193197,0.36240271272418545,0.44381607160594505,0.36313414059123755,0.36941956425133177,0.3509583398260352,0.450948546317782,0.0,0.3323716438699883,0.4332678557953331,0.38097857112118283,0.407651666686354,0.0,0.0,0.0,0.0,0.0,0.0,0.0,0.0,0.0,0.34458153741140424,0.0,0.0,0.0,0.4561098475068339,0.0,0.4638738393390621,0.3087868501090624,0.0,0.0,0.40868290973696514,0.4582094913339618,0.4486818245987454,0.0,0.0,0.0,0.0,0.0,0.4515049209240849,0.4536665852441998,0.465727734942636,0.0,0.0,0.32554306276899425,0.0,0.40780752677633625
0.4117920982835865,0.40173571112566353,0.35248991344727443,0.0,0.38786208860743465,0.434572947496565,0.4451914891304664,0.4351669529958636,0.3207391035814643,0.31900658091928796,0.360521393512169,0.35946686689682406,0.44533427389994407,0.0,0.41648199146529713,0.3757215649320794,0.32860806080470006,0.0,0.0,0.4263333122402658,0.4064461540729835,0.41436024796112614,0.4226148911715952,0.3825561582341307,0.34894895996163877,0.4072357808373828,0.43037255077853453,0.4158219406626996,0.44728365382820423,0.37215443592949804,0.36043915330846127,0.443803369050506,0.3615318855027967,0.3737629445466802,0.38950383737366523,0.40680285370084546,0.0,0.2906253761565417,0.45676238476180825,0.38788308478105016,0.4280223422119691,0.44676773580600304,0.0,0.0,0.0,0.456809362333424,0.4827052514724333,0.0,0.0,0.0,0.3095364048653004,0.0,0.0,0.0,0.41674160992099635,0.0,0.4332556790953251,0.31566040702537534,0.0,0.4151001511491953,0.46679353875048674,0.4302809107025394,0.43232599002140226,0.0,0.3691752029094585,0.4083669381246798,0.45122986984990693,0.3713157566735972,0.41485895587795313,0.44587944440565064,0.46535969458351595,0.3875210538222439,0.3266709718351049,0.3538047544093167,0.0,0.4359626178323393
0.0,0.0,0.22650827619283911,0.3836843572801025,0.35343909935526796,0.33154654765980635,0.44022973196921505,0.4119089953136479,0.25194018448852823,0.4446057545732095,0.25519414257626166,0.3817223734002714,0.4572503140851094,0.38761693387152396,0.0,0.0,0.3751891498799502,0.0,0.0,0.0,0.0,0.0,0.2163236254825392,0.0,0.0,0.35383045455794626,0.3598132296839099,0.4598314276475167,0.34151506235718476,0.0,0.47679648381878775,0.42322792833669415,0.3678958486516203,0.4637149674563439,0.44420482853363524,0.39791028013560004,0.0,0.38642135299461844,0.4972135691722503,0.0,0.43571394861792134,0.3151449750370839,0.42576048932411026,0.0,0.0,0.0,0.0,0.5468140690950845,0.0,0.4978879903948048,0.5067650008840515,0.45562671792363096,0.5496191641686962,0.521202892964059,0.0,0.4203985046694035,0.0,0.4295853830609899,0.0,0.0,0.0,0.0,0.0,0.5299012959314947,0.0,0.0,0.0,0.533830886329817,0.0,0.0,0.0,0.5300077572196604,0.3931881567135323,0.4501488438062376,0.0,0.4285867742292847
0.40131749322712357,0.4227185618748164,0.38980353449127575,0.0,0.4298399273461625,0.3930364409787534,0.4420443964337011,0.4129156267192681,0.4046537990248363,0.30672481318318323,0.0,0.39448171608850613,0.4507292396692044,0.0,0.3049722561094993,0.38600180572254833,0.34697212915575887,0.4263333122402658,0.0,0.0,0.43079136213970326,0.29085445331732795,0.34169212864291737,0.3863143638826678,0.4304371734784044,0.3705113693744039,0.3546895687641857,0.3658457689252301,0.32933198782349493,0.3782311635537333,0.3325086815854941,0.4178050314616045,0.35782876732645447,0.3853755331485087,0.44375912480614516,0.48390755463242513,0.0,0.0,0.4671008321731341,0.44276202142621124,0.4870555931526947,0.48956995843571105,0.4309767433493712,0.0,0.0,0.0,0.4519075552338519,0.0,0.0,0.0,0.4913881218917938,0.0,0.48714023518439487,0.0,0.0,0.0,0.0,0.42954810912088875,0.0,0.4692488462517845,0.3744082606763022,0.0,0.34105912205792016,0.0,0.4720471631842914,0.475126267001066,0.4706324691539255,0.5048376754789973,0.0,0.3401039644472006,0.46936412947954925,0.4991372281736789,0.4940372528861587,0.49010440517320947,0.41869068938300846,0.46739743383982063
0.39065184675443815,0.4355176732898918,0.0,0.0,0.0,0.39526639340640507,0.0,0.38563118781701033,0.0,0.39913915320406473,0.0,0.39414056034484285,0.4402537078183967,0.0,0.3927368060036016,0.4204534214945057,0.36383271136898077,0.4064461540729835,0.0,0.43079136213970326,0.0,0.42922515793923144,0.4054573624255398,0.47914485665054785,0.396967743828763,0.4101400312233206,0.45634654166621447,0.4515770413691462,0.44673702826997097,0.449029496181383,0.3915250672623312,0.43232194261622325,0.38774919982904293,0.39463864924720116,0.4565620571697506,0.5076569225655329,0.0,0.0,0.4649484056105363,0.46378687377588695,0.45594272680364917,0.4988911581647621,0.0,0.0,0.0,0.3912537172075697,0.5071744044791903,0.0,0.0,0.0,0.49571855712477897,0.0,0.41226563283678314,0.0,0.0,0.0,0.0,0.4640013261558981,0.0,0.47486115136735035,0.4856564445974689,0.0,0.3783131534100347,0.0,0.4482122374961903,0.3746574646217374,0.5066605183542372,0.46219449096983695,0.0,0.41913084018255403,0.5117393357222247,0.48065250130766674,0.4588385226714413,0.4590416561194568,0.0,0.4532964040702464
0.40900891143182705,0.3729120732854361,0.4194141061774046,0.0,0.4486233644154469,0.41003912382773716,0.4700282087546737,0.36840963750978145,0.40381193234241936,0.3261716051217773,0.0,0.3617975479739375,0.4806837959309975,0.5070551829723035,0.3437835667073991,0.36892850670811117,0.35696862175368615,0.41436024796112614,0.0,0.29085445331732795,0.42922515793923144,0.0,0.4422799310594471,0.0,0.4107095141047272,0.4016165243144404,0.4149278107667222,0.3546929049679104,0.38483068856066743,0.3709010053201701,0.3555206792043406,0.43671701116006856,0.38507038541687866,0.3944620121690278,0.4545271165136793,0.5062373783544538,0.0,0.0,0.4604821534621965,0.454908041379621,0.48148299018255336,0.4834428540354717,0.55002545500712,0.0,0.0,0.4671635861784243,0.49439791660366866,0.0,0.0,0.0,0.4673706311415201,0.0,0.5289115263392025,0.0,0.0,0.0,0.0,0.33844208462569564,0.0,0.5007651447165807,0.49663770214814557,0.0,0.42033495959034745,0.0,0.46787164618359695,0.48187330831938474,0.4996094065030622,0.48508972469936906,0.0,0.4615196828998658,0.5228523869229093,0.4930146323712116,0.41102575279421355,0.466018154403532,0.4677991684050602,0.4729113065294521
0.4449413262050735,0.42492657195298333,0.32093747503726894,0.4116805203879704,0.4085996801682317,0.387341830932322,0.4364755091960747,0.3768988854224987,0.4123082776772876,0.4110717828374111,0.2269639127369112,0.36015841696628104,0.44219871573958636,0.38184066615545936,0.3793760947248005,0.4388424661835823,0.3409119215793342,0.4226148911715952,0.2163236254825392,0.34169212864291737,0.4054573624255398,0.4422799310594471,0.0,0.46959667312448544,0.41637563703780445,0.435388057583101,0.3042072483799024,0.44072453824313473,0.42463722744144394,0.4343133849843745,0.43182566053596794,0.42983085098587415,0.40759428558011773,0.443234759448013,0.46136865356685924,0.4186431716783359,0.42916448030279775,0.36626770504782735,0.5205787705989008,0.511158920046695,0.5355878778516644,0.5453433716549438,0.511654526447007,0.45645917322356083,0.0,0.0,0.4763524135178956,0.36098555229801854,0.0,0.5064813989264911,0.5306661323902397,0.5237458521812624,0.4747033623214562,0.5276151502824121,0.43607882862164354,0.45687144891224146,0.0,0.5363531731992757,0.4937877579315056,0.5025005487429454,0.3725018112901211,0.0,0.35668580852529086,0.33609608402904667,0.5124656249396113,0.5230292893411229,0.5123609804205632,0.5103539059078137,0.0,0.34622143147450735,0.47259464118034766,0.5232461842535,0.5283453811417568,0.5243274076933057,0.5315941785637067,0.5378163222889588
0.3788296656306784,0.0,0.0,0.0,0.4014524064905328,0.0,0.4152144972614165,0.5023400131891409,0.0,0.33377283645902156,0.0,0.2671066168622588,0.4024999874909159,0.0,0.41577365474370304,0.37033859693555105,0.38119626079731866,0.3825561582341307,0.0,0.3863143638826678,0.47914485665054785,0.0,0.46959667312448544,0.0,0.35804180471865255,0.3511336729941978,0.43793359598219944,0.39571277288668866,0.3722357451415483,0.0,0.3617201982872168,0.4140255939345774,0.3252649743696387,0.30161437574365646,0.38368944460311455,0.2728898897111241,0.0,0.29265493994788516,0.4243042443586656,0.35337653419087817,0.33015426777705453,0.0,0.0,0.0,0.29195556453698396,0.42299814291333004,0.0,0.0,0.0,0.0,0.0,0.0,0.0,0.0,0.4263880106570287,0.0,0.4236368753617534,0.0,0.0,0.0,0.0,0.48216105287502603,0.4589545747174266,0.0,0.0,0.0,0.0,0.0,0.38475176747714795,0.4609846680973855,0.4496260047488718,0.0,0.0,0.0,0.0,0.4503065962660033
0.37320923453603655,0.3688921987181803,0.28026185953881827,0.0,0.37392207923620524,0.39804254892461644,0.442808530723915,0.45847112286842806,0.31928309867014515,0.32644147706633053,0.3766574529135721,0.37031930366146526,0.4486083190713116,0.0,0.40003681094188764,0.39781150146887495,0.33835247956233694,0.34894895996163877,0.0,0.4304371734784044,0.396967743828763,0.4107095141047272,0.41637563703780445,0.35804180471865255,0.0,0.35555609055427817,0.4088660828998997,0.42637087837487136,0.4575291628931476,0.336329290828827,0.3645780966234713,0.4250661682029389,0.34230126747493916,0.3662973120570472,0.3831867655458682,0.3913613711685824,0.31352524089204586,0.34478725506567126,0.45867385854311027,0.41002472566208825,0.43461780381963616,0.45495123230836354,0.0,0.0,0.3915635623817032,0.426342557234558,0.483323766716698,0.3332518926947424,0.0,0.0,0.3223668014399728,0.0,0.0,0.0,0.4609301324133441,0.0,0.46349258557783396,0.3589189865113052,0.0,0.4743766360390105,0.4726653475239959,0.4657480321384531,0.44971448460976127,0.0,0.4621125844438221,0.42015879129229083,0.5395870003192965,0.37410584648632494,0.43548390348388505,0.45819983484345644,0.46711227955211454,0.36636507347702985,0.38498746041940085,0.43421270335752987,0.0,0.4495340296319686
0.39949086358137786,0.38771233780930714,0.3361347165652066,0.0,0.3726055943454942,0.38923953286437896,0.4265600983605118,0.4700116743287844,0.4233621696732389,0.3497339706547684,0.3391492992739452,0.30210356047772363,0.4276871122981349,0.0,0.32775473167643526,0.4320998118323078,0.37898995024343773,0.4072357808373828,0.35383045455794626,0.3705113693744039,0.4101400312233206,0.4016165243144404,0.435388057583101,0.3511336729941978,0.35555609055427817,0.0,0.432799568385246,0.40334211771556955,0.41637261233877815,0.3100779706540552,0.38370680640772376,0.4491083004646053,0.37749208302173975,0.38716226161038525,0.43995909202441125,0.5081406311043106,0.0,0.32199707527066923,0.4661811478702216,0.4330191847753127,0.4664541507434712,0.46161324038765966,0.0,0.3186679047617658,0.3848724953857686,0.4571238214575246,0.5064918732648763,0.0,0.0,0.0,0.44559049606199447,0.35428126842130897,0.44066483851760285,0.0,0.4548387513592036,0.0,0.44619190032231426,0.39124651985467573,0.0,0.5193225036754546,0.4955170092763456,0.4717028816741412,0.46306081303567415,0.0,0.4811548269190642,0.4700474609016556,0.5150628615836159,0.48663676935764233,0.4360816186864545,0.4733259053058615,0.49523267618840305,0.48837692735357785,0.4053991171357093,0.47230860981133266,0.0,0.46807661353147806
0.4315026222420774,0.4178477191418769,0.3270655299747122,0.3917466120968927,0.4068170218038575,0.3675935766388002,0.431416726868235,0.4428514141962002,0.36103169492547493,0.4070129012559337,0.3782222170683492,0.3465366434404908,0.4352686736805158,0.449205478122796,0.36392150152920183,0.4286164210601946,0.3532283747863547,0.43037255077853453,0.3598132296839099,0.3546895687641857,0.45634654166621447,0.4149278107667222,0.3042072483799024,0.43793359598219944,0.4088660828998997,0.432799568385246,0.0,0.42882294805515575,0.37450120844724655,0.4110779002608096,0.40868140563125327,0.4134642532948216,0.37375696052794527,0.4207116933552302,0.4403243434602815,0.4283474753636224,0.419544425352843,0.34931491109547586,0.5104494797381827,0.4177271164744907,0.5350590766987041,0.5253853463978623,0.5072983068694056,0.37751028140378656,0.0,0.0,0.4170459365055615,0.5542461685517728,0.0,0.47655500476682877,0.5286256677365494,0.5119105576917455,0.4891206056085443,0.5548142780744761,0.0,0.5174658670835717,0.33295055151820235,0.5523966935183585,0.0,0.49543513617835155,0.34296007970534526,0.0,0.3542871263066988,0.5418005387818906,0.5022321270291529,0.5113523098312559,0.5025993270060876,0.5279581889049426,0.0,0.31775405288979086,0.4819048825349777,0.5273232903701037,0.5317533624838288,0.5199554165930542,0.49764956112213776,0.5316574786255253
0.35115788276574195,0.45286833907832014,0.46530388959119784,0.22472374129397332,0.42476216676630474,0.39667782553827263,0.3505772039111254,0.45122021784527894,0.45920186369975685,0.3903443077118107,0.4471074849780195,0.34117991939138476,0.34196773328763,0.25809202925938707,0.4268205438592852,0.4387156608008902,0.38503914015681673,0.4158219406626996,0.4598314276475167,0.3658457689252301,0.4515770413691462,0.3546929049679104,0.44072453824313473,0.39571277288668866,0.42637087837487136,0.40334211771556955,0.42882294805515575,0.0,0.36106677445094165,0.31307747011366266,0.3651562602281858,0.38339168631641835,0.32680483701472746,0.3598680578198261,0.2944812046642061,0.25026554463658396,0.2335080450025254,0.30663077996404753,0.35407049127413626,0.3056082554337449,0.31074345891660055,0.28966262538312537,0.39400838938277105,0.2231549135766861,0.3262614907152096,0.0,0.33490117467975566,0.4207472635997964,0.0,0.36037189067851294,0.548370187777539,0.3924666825499481,0.4827083126707007,0.39509661821410363,0.42934748181939575,0.4017121316489869,0.4259267801645877,0.4498672489277443,0.0,0.46281633093793567,0.32289754345037863,0.5001938503224653,0.3098532222943926,0.38430049428722696,0.4971984947535196,0.4714442265384096,0.4146612600725998,0.5229699490969119,0.0,0.3532879944730564,0.39367841798492526,0.5247607162374432,0.5192534987682603,0.5255360140136411,0.4423136108794997,0.5026390256116591
0.42776497443502304,0.4451206090665317,0.41600991529824216,0.33509063663650007,0.4476266709775452,0.35118910766582007,0.4576125093498878,0.42618161488816253,0.44453546734292143,0.32925519607601283,0.3647035306389328,0.36117409235056086,0.42792599798728487,0.4619362386147085,0.40026697196132194,0.42744312603536616,0.34270449746958764,0.44728365382820423,0.34151506235718476,0.32933198782349493,0.44673702826997097,0.38483068856066743,0.42463722744144394,0.3722357451415483,0.4575291628931476,0.41637261233877815,0.37450120844724655,0.36106677445094165,0.0,0.3773921629230441,0.3466493443944797,0.41559627675621247,0.3071691637610533,0.39564418827844816,0.44043158383788183,0.4407853304553233,0.39528443066551405,0.0,0.5034007627872638,0.43674402504193854,0.5222559062212355,0.503617433512977,0.4400381627161717,0.3779384339904754,0.0,0.0,0.4306119800987445,0.4373223933147159,0.0,0.3963661217429174,0.5241743006642982,0.40364653456577587,0.49296304218616055,0.3897053269800269,0.0,0.0,0.0,0.5039661588065968,0.0,0.46669131885720316,0.35050811042670094,0.0,0.3426385011909323,0.0,0.47834870552483344,0.49184186858248263,0.46656109892140746,0.5165830184688848,0.0,0.32011500330830833,0.4440783724246869,0.5196514392094785,0.5235404864819858,0.5121233307466883,0.4777464655194086,0.5126294974038552
0.0,0.0,0.42642043832539145,0.0,0.0,0.42998969059758285,0.0,0.4467503930552076,0.0,0.30118675405480233,0.0,0.0,0.3673977129027442,0.0,0.4476862209096504,0.39494636746834927,0.2721367193197,0.37215443592949804,0.0,0.3782311635537333,0.449029496181383,0.3709010053201701,0.4343133849843745,0.0,0.336329290828827,0.3100779706540552,0.4110779002608096,0.31307747011366266,0.3773921629230441,0.0,0.3147873931624658,0.3900570002291158,0.3130749080817367,0.3614045082608104,0.3920062873438312,0.0,0.0,0.0,0.5036724362629378,0.0,0.0,0.0,0.0,0.0,0.0,0.0,0.0,0.0,0.0,0.0,0.0,0.0,0.0,0.0,0.0,0.0,0.0,0.0,0.0,0.45164844187108755,0.0,0.0,0.0,0.0,0.46915673211092546,0.0,0.0,0.5188751076963726,0.0,0.0,0.0,0.5278261278391557,0.4244552510656132,0.48398129842547327,0.0,0.0
0.37925462454350783,0.3763246349778578,0.47787827581530645,0.0,0.44643194611176307,0.4477160435040869,0.42457268989876346,0.44505030916143073,0.47434563803198276,0.31908313140012873,0.46701706962845635,0.3531870950002884,0.39835163683324026,0.0,0.38879273841318757,0.3498665185761218,0.36240271272418545,0.36043915330846127,0.47679648381878775,0.3325086815854941,0.3915250672623312,0.3555206792043406,0.43182566053596794,0.3617201982872168,0.3645780966234713,0.38370680640772376,0.40868140563125327,0.3651562602281858,0.3466493443944797,0.3147873931624658,0.0,0.4153922125514069,0.33443066285641415,0.2647674118601996,0.2072942285786034,0.4045550595486759,0.0,0.31665709558873223,0.41010566781588287,0.34818561823913596,0.3659142633688995,0.28149175482201994,0.0,0.0,0.0,0.41019466071361455,0.4586893507498346,0.43258456742494467,0.0,0.0,0.5296407504329402,0.0,0.4857037791709257,0.40510210334449853,0.4246667845728946,0.0,0.438959520486626,0.39525200773803987,0.0,0.476279179334734,0.4486618680840989,0.41278835455837803,0.422464199889813,0.0,0.4672552248061506,0.0,0.461905886837161,0.5220815097969376,0.4118012740515492,0.436883207482019,0.46249997577607205,0.5241361498975146,0.5004757696069095,0.5159304455147672,0.0,0.3862267506831734
0.45291599700870544,0.4378407845019793,0.4595395536660111,0.26479595713960824,0.3718921097064197,0.4328110143502095,0.4052701596205115,0.3297395707425159,0.45182206502120126,0.3244216639313888,0.37093470342257906,0.24884421864067738,0.4097670702217628,0.23495039487355515,0.43574468158133023,0.4626726375061861,0.44381607160594505,0.443803369050506,0.42322792833669415,0.4178050314616045,0.43232194261622325,0.43671701116006856,0.42983085098587415,0.4140255939345774,0.4250661682029389,0.4491083004646053,0.4134642532948216,0.38339168631641835,0.41559627675621247,0.3900570002291158,0.4153922125514069,0.0,0.35874691014177373,0.3550156257254002,0.37058269208054734,0.2909286941202978,0.2656850111572819,0.2582825362870406,0.32425661410219825,0.3121709094699207,0.36969682128456455,0.3549125561819513,0.3015242323660514,0.2856159400603322,0.2710124469665237,0.47779154657011,0.5048767784662377,0.4590780524943877,0.0,0.42205192458479335,0.49319822484830816,0.35431742676905664,0.4833806489078912,0.40283993987692973,0.2945262650460856,0.37821642519105214,0.24645084000894105,0.44933938867442247,0.40913097168996837,0.4663254053444314,0.4780515285233813,0.3870003466301302,0.4406719131478705,0.396812364691534,0.43849236618981907,0.4674610466122284,0.4503240510513585,0.5185958289630994,0.31654276079130783,0.4681405221793653,0.48252741700971746,0.5143209492668185,0.338454762787025,0.5066822609725212,0.5152567843991318,0.5014710453929883
0.36466979730561316,0.3657585136723883,0.3623268457193651,0.24200345266705642,0.3931408243208251,0.3946195801501777,0.33453549423887186,0.4403703513659996,0.40372989844300855,0.29987528817921033,0.3887165687857171,0.27606219132334714,0.3724950726811464,0.24903874146465077,0.42175169465296464,0.39357186699968566,0.36313414059123755,0.3615318855027967,0.3678958486516203,0.35782876732645447,0.38774919982904293,0.38507038541687866,0.40759428558011773,0.3252649743696387,0.34230126747493916,0.37749208302173975,0.37375696052794527,0.32680483701472746,0.3071691637610533,0.3130749080817367,0.33443066285641415,0.35874691014177373,0.0,0.2629698897925372,0.343954444843524,0.3535751879375624,0.24183173959848653,0.20597832276903644,0.3053662565961935,0.22774628669905983,0.34358454207600103,0.38973444986290684,0.301080423834646,0.3938088743190078,0.23277860801543987,0.43600546373121907,0.4868022306485088,0.0,0.0,0.0,0.0,0.0,0.0,0.0,0.3710132372494248,0.0,0.3731157663496605,0.34703150482343936,0.0,0.49962907220641434,0.47333110381314636,0.41661665854465835,0.46678901380023174,0.0,0.4419043948251556,0.0,0.4996612968952772,0.48698632021396954,0.3792440257279754,0.44761715039994915,0.472113452053023,0.4959227280094348,0.2885715576251556,0.4124027028962794,0.0,0.3959785272884818
0.3890143865821489,0.37715508989394947,0.4796406951999389,0.20860784523361572,0.43860097492414357,0.4502968844767202,0.3731493560401028,0.45920474370121517,0.46974498444689955,0.3033321351500604,0.4517281892737588,0.25214024591892664,0.39517059636954616,0.4931324756372608,0.4034172281085083,0.3829248207553748,0.36941956425133177,0.3737629445466802,0.4637149674563439,0.3853755331485087,0.39463864924720116,0.3944620121690278,0.443234759448013,0.30161437574365646,0.3662973120570472,0.38716226161038525,0.4207116933552302,0.3598680578198261,0.39564418827844816,0.3614045082608104,0.2647674118601996,0.3550156257254002,0.2629698897925372,0.0,0.25817666962079894,0.3209804726948015,0.25227480026015126,0.21772510920444893,0.31414628355707463,0.24377778846283488,0.262199300156591,0.33625525210796386,0.28853482854003354,0.2572090105095216,0.23489500048713577,0.4136900962196403,0.46829910962987314,0.4105227137645743,0.0,0.0,0.5317231723683364,0.27795137814449034,0.4995884687182693,0.3849182835681332,0.3890633690891399,0.0,0.31278788984691014,0.38940024482260716,0.0,0.4866395036144588,0.4539185494735362,0.4158464683501869,0.42804300498048775,0.0,0.47784086655717295,0.45359219172548937,0.4765237784434354,0.5279846245341488,0.2856833290506914,0.44123464342422747,0.47586196575775075,0.5274147206150632,0.280551176002827,0.5179594268535369,0.4690030336715971,0.4420177241030091
