0.0,0.45491573661522045,0.0,0.0,0.0,0.0,0.3298939010586505,0.4788956622338922,0.0,0.38985752435381205,0.0,0.39719821511520587,0.3524419017998913,0.0,0.35210617672937433,0.4349480149502078,0.3640842568588574,0.4108619194717711,0.0,0.39239896676185304,0.39231138701098794,0.4076677768218293,0.4453346363535809,0.3834920719517024,0.3719509474546795,0.40146620915355496,0.43308903558023054,0.35835259746926296,0.42365492192223764,0.0,0.37943745266010037,0.4529178528817419,0.3613181116239951,0.3875119455609895,0.4325307074368849,0.0,0.0,0.3801982402329851,0.47138437269781647,0.4333561707175313,0.4309790266503676,0.0,0.0,0.0,0.0,0.33940986527491585,0.4887941464246604,0.0,0.0,0.0,0.3895188298073491,0.0,0.0,0.0,0.4262649074509812,0.0,0.0,0.3520781814812999,0.0,0.437531351600556,0.48365074558598103,0.0,0.46147210160286983,0.0,0.0,0.2561792382441876,0.47295434444899437,0.4641586412840659,0.3867218336621937,0.4752756591260548,0.46787254934439465,0.0,0.0,0.0,0.0,0.4132489943322516
0.45491573661522045,0.0,0.3088056081300786,0.0,0.36766388690829094,0.397486694605393,0.4236880611970254,0.4124567751404703,0.33517808150947287,0.2909242419377223,0.31616206178700007,0.0,0.4519880396562509,0.0,0.4068749100005078,0.4069697242070096,0.3881771406849429,0.40318340278828485,0.0,0.42392261486372423,0.4335110100066727,0.37502988702211565,0.42335346685549236,0.0,0.370605187157527,0.3889831000824725,0.4182842190411229,0.45362927360938027,0.44591235070085655,0.0,0.3787926383575105,0.4388736125261616,0.36705891026437165,0.3781590560047583,0.43438327454703857,0.40117418054881343,0.0,0.0,0.48963471859291724,0.47107238842227367,0.4688522291440382,0.5104119975104805,0.0,0.0,0.0,0.46890570058926556,0.4904757729743995,0.0,0.0,0.0,0.44076895723854387,0.30871436916527795,0.0,0.0,0.33603928341145206,0.0,0.0,0.2803008674173889,0.0,0.5131992988318976,0.4832122258881127,0.0,0.4495416892415387,0.0,0.46542701630374395,0.4723180772938543,0.4903326698845043,0.49433996466016206,0.4812813057849436,0.47522074705212203,0.5131613096836476,0.4751321765563971,0.2997089208182195,0.4744719630493349,0.0,0.4692795652501886
0.0,0.3088056081300786,0.0,0.3666750278827221,0.38890102287615214,0.365892361549323,0.42568824740773054,0.4840955656052494,0.33557745802754607,0.3795735796801911,0.3314043964795928,0.3084537041081481,0.4344677301569742,0.4300395131841336,0.0,0.32637619525835904,0.0,0.28323744310162713,0.2308782962483008,0.3655268249968771,0.0,0.3935691730343611,0.32154518368001506,0.0,0.2464999361206091,0.29721193369686283,0.32817206065648863,0.4632773390701367,0.40244703410304805,0.41664230483016507,0.4738833870934385,0.4558461386292711,0.31527815122600655,0.47354678298439307,0.44764781165167444,0.43653651171669144,0.42087729152276593,0.29161938039609425,0.40954087163666403,0.30221733212511365,0.4127323683782609,0.3257662728954438,0.48473289601485575,0.0,0.0,0.0,0.0,0.3029865429312254,0.0,0.5323749155108642,0.5536305859704402,0.5109804100081824,0.5493468088723474,0.4500709897974938,0.0,0.5067938357277795,0.0,0.506902114461691,0.5291301110680457,0.0,0.0,0.0,0.0,0.3080954557860656,0.0,0.0,0.0,0.5706152253452219,0.0,0.0,0.3096432985982645,0.57491722890055,0.42940225428479395,0.3726618795255025,0.0,0.44630874450604785
0.0,0.0,0.3666750278827221,0.0,0.2487448880421404,0.39633462344079096,0.22494036913164323,0.36583633514687963,0.4167702063905304,0.253196798994036,0.3567281226681972,0.1869287974910676,0.25125826555996694,0.2894947719059757,0.0,0.0,0.0,0.0,0.3750338084834618,0.0,0.0,0.0,0.4101407196331449,0.0,0.0,0.0,0.38233897381768644,0.22362746381098567,0.30949726286374835,0.0,0.0,0.26338367001126645,0.24708022059566986,0.2060420104404434,0.2551440829676507,0.17228624255563352,0.1717074110935205,0.21880394849822365,0.22096739073688162,0.0,0.21644451433563106,0.27221874506144195,0.24923770008124985,0.26995485073801684,0.0,0.0,0.0,0.0,0.0,0.0,0.0,0.0,0.0,0.0,0.0,0.0,0.0,0.0,0.0,0.0,0.0,0.0,0.0,0.0,0.0,0.0,0.0,0.0,0.0,0.0,0.0,0.0,0.13987726449982155,0.0,0.0,0.0
0.0,0.36766388690829094,0.38890102287615214,0.2487448880421404,0.0,0.3803132862070376,0.3191580572966479,0.37803969139548155,0.33623434496800914,0.44055849342452097,0.32551900127985073,0.335618404440298,0.3756651279405528,0.30433272860420213,0.0,0.41401545695959,0.0,0.3578416357758134,0.35193713980964536,0.43389435621807615,0.0,0.44744941871814564,0.4079169803506881,0.39394465299016845,0.3511901153877267,0.3603783830008015,0.4078389068580691,0.4232738575177825,0.44703908890157756,0.0,0.4437507464358455,0.3713238293317319,0.3806172938034078,0.4347605275399856,0.4227675191417937,0.24142513899053966,0.16413006470153424,0.37375970280344045,0.40973363321835615,0.0,0.3843535494893161,0.0,0.3862897206162277,0.0,0.0,0.0,0.0,0.45803651296588793,0.0,0.402413810422795,0.47211515218524436,0.35762997995502255,0.46668863624541324,0.42939455712538155,0.0,0.40631841628112103,0.0,0.33994648221010537,0.3954226589698913,0.0,0.0,0.0,0.0,0.43751524618376914,0.0,0.0,0.0,0.5208990728188104,0.0,0.0,0.3005706905065982,0.5017942419961959,0.32326797484478365,0.3533504178430001,0.0,0.375358243417212
0.0,0.397486694605393,0.365892361549323,0.39633462344079096,0.3803132862070376,0.0,0.40341323713206634,0.4041060228970298,0.2929926859934357,0.4420912154519299,0.375202727233001,0.337318730365232,0.4062428758917494,0.42349567105269664,0.42246122388067897,0.4371800878989121,0.296733392426594,0.4320911191707557,0.3029338235788182,0.39467884161577926,0.3895683037964744,0.41001067319277473,0.38797316672150267,0.0,0.3992455219629876,0.3891209819640015,0.3679297226568956,0.3960491389160784,0.34947332803884323,0.4298977814807487,0.4456458019015683,0.4314239928461974,0.3929503323503387,0.4480333991078926,0.4566416234244428,0.4314380137175073,0.4237835478168025,0.34708594820563976,0.5109503178441879,0.0,0.5182314018682596,0.3943209730683975,0.4844810444319668,0.0,0.0,0.0,0.3200384707076571,0.5271729277436795,0.0,0.4161971778276221,0.5130869326448687,0.4664052146150245,0.4556420265979413,0.5274772266244122,0.0,0.45065273992019783,0.0,0.5311949177834366,0.47326112026739775,0.42587644203734387,0.2578981339796882,0.0,0.2798418110535202,0.5126258695883374,0.4448452640979186,0.0,0.3592293516464322,0.5189546441745642,0.0,0.25823727934067386,0.37785459632554025,0.5186039285227025,0.5203323329988279,0.5112378316629791,0.4696939418148648,0.5237449565593568
0.3298939010586505,0.4236880611970254,0.42568824740773054,0.22494036913164323,0.3191580572966479,0.40341323713206634,0.0,0.44493988153162,0.3919974816376436,0.4255008008012192,0.40797789113775657,0.3439244038841533,0.33851371473738295,0.30756581318180726,0.0,0.4896116806926655,0.39706209079545196,0.4458635191821826,0.43683201847761216,0.4411175460636208,0.0,0.46967682937161287,0.4347680251366265,0.3986923434476547,0.44544961410281597,0.4299331419516798,0.43067615173563495,0.35052339774188535,0.45811984893843516,0.0,0.4230040223120832,0.4052511117618168,0.3206000994909866,0.3707207527836308,0.36476752823590186,0.29402382755850953,0.25802290479854895,0.34064934013294335,0.22464063292218323,0.2542837187349663,0.2641314293636803,0.27739166086014566,0.4002232612298593,0.0,0.27507348977162,0.0,0.29283852545817146,0.44849661615244096,0.0,0.36850929051204895,0.49178859556215493,0.3558778119387076,0.4219525963825442,0.4157942903218663,0.40838407943351585,0.3530835856874701,0.2627992393154107,0.3393464766602739,0.0,0.0,0.0,0.0,0.0,0.39258103877013795,0.0,0.0,0.0,0.5291572497694619,0.0,0.31808184574738957,0.29005602123064383,0.5338177799346272,0.34502071255696076,0.37275533613878736,0.0,0.3472812391258284
0.4788956622338922,0.4124567751404703,0.4840955656052494,0.36583633514687963,0.37803969139548155,0.4041060228970298,0.44493988153162,0.0,0.4898273910716717,0.4020418054024656,0.21424473056219606,0.0,0.4631694292216991,0.327843816615161,0.45150969914556116,0.4279591515823526,0.33169713204856516,0.4334863615859364,0.4118883576902662,0.4052753749477661,0.38345500985952913,0.3570899663485889,0.3772586134281416,0.5024633332009893,0.45752011597386283,0.46903282135192254,0.44353853158179735,0.45228254660221245,0.4261013075097397,0.45175990740496297,0.4432957917593785,0.32582985538621195,0.4401144525066012,0.4572116539666418,0.4602928885558478,0.2524663303389848,0.19788959767311443,0.0,0.4568848557337677,0.0,0.48965863292011125,0.0,0.4133973014368287,0.0,0.0,0.0,0.0,0.5207797407783045,0.0,0.0,0.4666216450010771,0.4673357258817508,0.3282790496367657,0.5174555347988494,0.0,0.44424748814655907,0.0,0.47834587854387395,0.4531079777453889,0.0,0.0,0.0,0.0,0.5137251751113843,0.0,0.4521816055725524,0.0,0.4700562024965817,0.0,0.3334981091265007,0.4270733613169546,0.5118171601233118,0.4728583295285138,0.4424738040966083,0.0,0.48093932107341747
0.0,0.33517808150947287,0.33557745802754607,0.4167702063905304,0.33623434496800914,0.2929926859934357,0.3919974816376436,0.4898273910716717,0.0,0.45474102175561726,0.25705066117739633,0.38266125339735163,0.382290866612338,0.42523138526926485,0.0,0.3397067766475046,0.3112490275431056,0.279091524364944,0.25266333360175586,0.4038758214180548,0.0,0.40200784004893014,0.4137424893022515,0.0,0.27749200251900097,0.4205279166654502,0.36129082921738714,0.45580767006092887,0.44280995661837574,0.0,0.4702904840713061,0.44797936564464885,0.3865381678606489,0.4651832003956644,0.44056875272856044,0.43490630999058566,0.43712453241335364,0.395304052764721,0.46927418727715076,0.2770484451386615,0.3180132863280116,0.2892581399545394,0.47675575232344874,0.0,0.3127222252876498,0.0,0.0,0.5517433170925068,0.0,0.43077898705355244,0.5340890144663197,0.44172001454011356,0.5343723468137459,0.5230447772943755,0.0,0.5154741758712627,0.3485444516892427,0.4438798480850719,0.0,0.0,0.0,0.0,0.0,0.5440520428282777,0.0,0.0,0.0,0.5568839344938605,0.0,0.0,0.2909218462618881,0.5475893131786987,0.41404224593764466,0.3668771605492765,0.0,0.38152231187755475
0.38985752435381205,0.2909242419377223,0.3795735796801911,0.253196798994036,0.44055849342452097,0.4420912154519299,0.4255008008012192,0.4020418054024656,0.45474102175561726,0.0,0.43723278085276746,0.2909460156301278,0.4118016085660523,0.0,0.26759115571743186,0.2798725765390354,0.3376818869452769,0.31922151569483165,0.4370961819663104,0.2723478827080338,0.4066341577647101,0.2966582411341471,0.38147770193495223,0.3344719851404966,0.32773297120115097,0.35248877404130863,0.37441142116481557,0.39014849363205495,0.28449354934180554,0.27239624347544716,0.32037646707253903,0.3274435047332569,0.2982325600228887,0.30118752974012836,0.271092664381101,0.2914709982852178,0.2530840551394219,0.28524106072693306,0.34541240213098134,0.377067424750862,0.3352004759523078,0.2910168912003892,0.0,0.0,0.3494889144263412,0.0,0.0,0.0,0.0,0.0,0.3158797826225846,0.41291254660690735,0.0,0.0,0.4554055635747548,0.0,0.46339392574558114,0.40567922089349584,0.0,0.0,0.4075351516798346,0.4833846731050819,0.46766402630666026,0.0,0.0,0.0,0.4686022864246565,0.30477238790046285,0.41634052458933346,0.46869862960056163,0.46484144862783844,0.0,0.43274497006223667,0.3244063216039605,0.0,0.42627189632076334
0.0,0.31616206178700007,0.3314043964795928,0.3567281226681972,0.32551900127985073,0.375202727233001,0.40797789113775657,0.21424473056219606,0.25705066117739633,0.43723278085276746,0.0,0.3812210033186556,0.4349038259847682,0.29291409655748657,0.0,0.0,0.3582724184243494,0.3186969883668628,0.259110058265406,0.0,0.0,0.0,0.2160623557743293,0.0,0.3420518053393566,0.2855095094396776,0.38066905485159924,0.4431415730913471,0.33089307035248805,0.0,0.46284804335344565,0.3671717061539015,0.3775817707299347,0.44650896747086355,0.43160045965524546,0.26013827942117257,0.3962455013814983,0.3883863583149881,0.3388748805310552,0.26144553485043137,0.3365237451950599,0.28298302194234093,0.3721291773969644,0.0,0.0,0.0,0.0,0.5132417821315243,0.0,0.3120125335923983,0.4677721362337135,0.3218861776300726,0.40179635099550204,0.4042986621745385,0.33159329005252786,0.3088846775912343,0.35745790387624765,0.35697372001146216,0.4284954174144364,0.0,0.0,0.0,0.0,0.22198769511775976,0.0,0.0,0.0,0.4709295035217917,0.0,0.0,0.0,0.4981423602880892,0.3135964676821691,0.4126130849022429,0.0,0.3382903079447564
0.39719821511520587,0.0,0.3084537041081481,0.1869287974910676,0.335618404440298,0.337318730365232,0.3439244038841533,0.0,0.38266125339735163,0.2909460156301278,0.3812210033186556,0.0,0.38218118542761925,0.13474216503209424,0.0,0.0,0.38267609428776855,0.3532631572708697,0.33721429036312295,0.36947585067050603,0.3920747355976139,0.34472424675872654,0.3220656761773556,0.2683003633755411,0.37284363952319266,0.30358348412412484,0.30238769391562137,0.3427969364827202,0.31532506491418977,0.0,0.3537247300773452,0.24693596541219176,0.27139058286475765,0.25185651705822815,0.33440576693330404,0.23897702331496576,0.22542884394247298,0.2167735346043596,0.22782848401154976,0.37808476771603444,0.25156283516676137,0.29521047982743653,0.27098090637077626,0.21435529358899003,0.32368884215539273,0.0,0.0,0.0,0.0,0.0,0.0,0.0,0.0,0.0,0.46676280489476635,0.0,0.46895204423823256,0.39619469327364054,0.0,0.0,0.37622714528258955,0.5084052316760067,0.4641580397493089,0.0,0.0,0.0,0.0,0.0,0.39680243093708323,0.46434358417845256,0.45001682511093943,0.0,0.29693767747252203,0.3600530042045594,0.0,0.44778386966200134
0.3524419017998913,0.4519880396562509,0.4344677301569742,0.25125826555996694,0.3756651279405528,0.4062428758917494,0.33851371473738295,0.4631694292216991,0.382290866612338,0.4118016085660523,0.4349038259847682,0.38218118542761925,0.0,0.30923134939798635,0.450177285438295,0.47402973185877345,0.40856229394941046,0.44604937902261965,0.45273720790366095,0.4519986522121439,0.4398473052688269,0.4814490854508393,0.44097530005980656,0.402613360480536,0.44972077254725146,0.4289086004778552,0.43427061904156866,0.3441075380157137,0.43141472474393794,0.3688631875194339,0.3977908622808652,0.40852646980609914,0.3638314394519714,0.39350157831922755,0.360161827691966,0.3095344571171904,0.26104138586321984,0.3491757765011442,0.34437301371894713,0.2957833902495439,0.2690879855811517,0.2579765409230977,0.4294329122483374,0.0,0.2899720466111453,0.0,0.27959839690759025,0.45780794203331243,0.0,0.35486470141496107,0.5726647396536587,0.3786500200670806,0.4918178318163652,0.4120596508573368,0.40172553687563783,0.4112907495880083,0.39226035539537585,0.4469659153714431,0.0,0.0,0.2912425684689507,0.3752712577688842,0.30865878905468735,0.4079309834132092,0.42217455113744273,0.0,0.28243705108777445,0.5386921503545897,0.0,0.3012572385866919,0.3221791955106576,0.5479004829433145,0.48838608586439525,0.49897908190904566,0.0,0.39315211728015026
0.0,0.0,0.4300395131841336,0.2894947719059757,0.30433272860420213,0.42349567105269664,0.30756581318180726,0.327843816615161,0.42523138526926485,0.0,0.29291409655748657,0.13474216503209424,0.30923134939798635,0.0,0.0,0.0,0.0,0.0,0.38775340368537636,0.0,0.0,0.5070551829723036,0.3810630060846609,0.0,0.0,0.0,0.44892403091009525,0.24921923831073153,0.4455520181695194,0.0,0.0,0.2243184849952687,0.24903874146465074,0.4807577041749308,0.4155915813658526,0.20195359228129192,0.17388068924162825,0.27289400428723665,0.2697111196546351,0.0,0.20141783464542334,0.19327599593829262,0.3812185167169901,0.0,0.0,0.0,0.0,0.4516577161199029,0.0,0.0,0.39597590547576617,0.42749558652669484,0.4101823636930616,0.47485863577012544,0.0,0.4001500919125997,0.0,0.3521456094739696,0.4172057881148524,0.0,0.0,0.0,0.0,0.4597059805736536,0.0,0.0,0.0,0.45989215386061205,0.0,0.0,0.0,0.4521134884693437,0.36748536817473976,0.0,0.0,0.0
0.35210617672937433,0.4068749100005078,0.0,0.0,0.0,0.42246122388067897,0.0,0.45150969914556116,0.0,0.26759115571743186,0.0,0.0,0.450177285438295,0.0,0.0,0.4267228298665775,0.32809834124407267,0.4152821379416188,0.0,0.31047840788703895,0.3914936620138655,0.3479835151156065,0.38383399460230816,0.4134708217560122,0.39887305942971174,0.3291118554186252,0.3676154218983569,0.425953589124749,0.4001641290179277,0.43824603057741185,0.3889013001822133,0.43589613286240275,0.4179086401891689,0.4039543918173311,0.46072538839709076,0.5168670179494159,0.0,0.0,0.4893723948586648,0.4970809124208867,0.49488268335025654,0.5288780934764843,0.0,0.0,0.0,0.0,0.5030315591060343,0.0,0.0,0.0,0.48376089423587965,0.0,0.5506216117422094,0.0,0.0,0.0,0.0,0.4163806322751823,0.0,0.5039498683565019,0.46427743855121517,0.0,0.3093627931499677,0.0,0.4857761744569783,0.4690042155565088,0.5148251291615306,0.5039162454327526,0.0,0.36237246722847194,0.5369597054361036,0.5092748621797503,0.47253046270282295,0.49197345129891906,0.44005775316551843,0.47617360431897865
0.4349480149502078,0.4069697242070096,0.32637619525835904,0.0,0.41401545695959,0.4371800878989121,0.4896116806926655,0.4279591515823526,0.3397067766475046,0.2798725765390354,0.0,0.0,0.47402973185877345,0.0,0.4267228298665775,0.0,0.385524876492608,0.3772048724321098,0.0,0.3873515128977549,0.41917952364146516,0.3701516502433326,0.4372193776771172,0.3660652156954406,0.399886861023345,0.43283149536523946,0.42854442720184643,0.44117457272469096,0.4285422610379987,0.3919006299750426,0.35044507023361104,0.46376850992807267,0.3961388821790363,0.3837203937198657,0.45920757772301735,0.0,0.0,0.0,0.4631403177407668,0.4454089822798466,0.45754764203908627,0.4910964524700257,0.0,0.0,0.0,0.4634446405591123,0.48595602690746703,0.0,0.0,0.0,0.28218236241749406,0.0,0.41704878106510684,0.0,0.30230104917602546,0.0,0.31195878362273155,0.3037733709448317,0.0,0.4693524003957418,0.4760860775099656,0.0,0.4350400187173997,0.0,0.4426640894967292,0.4836329388039432,0.4784990396949781,0.36877208261368777,0.0,0.45849840380611906,0.4926888141719289,0.40332417664778597,0.3297882217978564,0.4126898505919897,0.3645827274195739,0.45364537771804925
0.3640842568588574,0.3881771406849429,0.0,0.0,0.0,0.296733392426594,0.39706209079545196,0.33169713204856516,0.3112490275431056,0.3376818869452769,0.3582724184243494,0.38267609428776855,0.40856229394941046,0.0,0.32809834124407267,0.385524876492608,0.0,0.32940082159929357,0.300329694010956,0.3209783766532367,0.3708497239549387,0.34587269427365347,0.28563550401713866,0.37952361417082814,0.33955738176654116,0.3784508766211752,0.3076682246515613,0.3843970940136512,0.32485418616470196,0.27433730413007146,0.36496060219517906,0.4440324346896955,0.36267074215481576,0.3696390624144166,0.3513165529755438,0.4612298153915468,0.0,0.3267379299216212,0.4406499343252226,0.37618270013057287,0.4126619505394311,0.0,0.0,0.0,0.0,0.0,0.0,0.0,0.0,0.0,0.34458153741140424,0.0,0.0,0.0,0.4483637530125899,0.0,0.4551735799442084,0.3087868501090624,0.0,0.0,0.3861392870059396,0.4492220407469426,0.4375750859686097,0.0,0.0,0.0,0.0,0.0,0.44851621320699986,0.4464162555684227,0.4601647167633981,0.0,0.0,0.32554306276899425,0.0,0.4088891568781505
0.4108619194717711,0.40318340278828485,0.28323744310162713,0.0,0.3578416357758134,0.4320911191707557,0.4458635191821826,0.4334863615859364,0.279091524364944,0.31922151569483165,0.3186969883668628,0.3532631572708697,0.44604937902261965,0.0,0.4152821379416188,0.3772048724321098,0.32940082159929357,0.0,0.0,0.42794245500043404,0.4044155266225622,0.4161539412440459,0.41983407764288133,0.38031046306521676,0.35127628933488325,0.4078194541036127,0.4296266276791813,0.4162044788217231,0.44849092104047583,0.3626289250033256,0.3610538088282508,0.4444982865070598,0.36082854964424377,0.3736536356720438,0.3893765258033912,0.44273471912191065,0.0,0.2761150123398926,0.45424012968482197,0.38322245695701374,0.42326397656485704,0.4450088689662675,0.0,0.0,0.0,0.4574138723925678,0.4777495258768644,0.0,0.0,0.0,0.27558163106723377,0.0,0.0,0.0,0.4093398840357326,0.0,0.42194816849624905,0.306479323552838,0.0,0.4001406594820648,0.4623282025769988,0.41966155319416587,0.4259947548310362,0.0,0.32992833285736956,0.44666901804046555,0.44575348095190775,0.3386704149414713,0.4127866796940775,0.4398973824399915,0.46045014329612904,0.34162688474857195,0.3181739440254376,0.2954673646584881,0.0,0.4326484193274482
0.0,0.0,0.2308782962483008,0.3750338084834618,0.35193713980964536,0.3029338235788182,0.43683201847761216,0.4118883576902662,0.25266333360175586,0.4370961819663104,0.259110058265406,0.33721429036312295,0.45273720790366095,0.38775340368537636,0.0,0.0,0.300329694010956,0.0,0.0,0.0,0.0,0.0,0.21527474714951206,0.0,0.0,0.29619341683736505,0.3623066367090859,0.45644231091864734,0.3547323081735935,0.0,0.4709266955329581,0.4196195580377516,0.3421588488329651,0.45496515643620883,0.43831497023570615,0.39569601759815154,0.0,0.37176420734662363,0.4686265840891222,0.0,0.38004298839256545,0.29410668561310144,0.41356194016117,0.0,0.0,0.0,0.0,0.5501082482925137,0.0,0.464964686516271,0.5019800670659966,0.4129663511722887,0.5481974665093703,0.5171134426349412,0.0,0.4238127278406241,0.0,0.38791133426063396,0.0,0.0,0.0,0.0,0.0,0.5314089115337152,0.0,0.0,0.0,0.5312067476495156,0.0,0.0,0.0,0.5257481663539871,0.34449673363647737,0.3715266631357884,0.0,0.38839450775398554
0.39239896676185304,0.42392261486372423,0.3655268249968771,0.0,0.43389435621807615,0.39467884161577926,0.4411175460636208,0.4052753749477661,0.4038758214180548,0.2723478827080338,0.0,0.36947585067050603,0.4519986522121439,0.0,0.31047840788703895,0.3873515128977549,0.3209783766532367,0.42794245500043404,0.0,0.0,0.43043860822593316,0.29791764205076643,0.35095371319261587,0.367063597070884,0.43294159247838065,0.3719418565522062,0.356618611532434,0.36814941034515464,0.3306634887909539,0.3803902117668209,0.3330193264778361,0.42028013095609296,0.36017053538079663,0.38743157216938795,0.4450680603515318,0.47515064215606384,0.0,0.0,0.4663874457215786,0.4301279742229734,0.47972049061642086,0.48121973431990783,0.39841429382713334,0.0,0.0,0.0,0.4465258708816386,0.0,0.0,0.0,0.4819737197366535,0.0,0.47683136641941504,0.0,0.0,0.0,0.0,0.3879665800248887,0.0,0.4635630687849462,0.33036755800210565,0.0,0.28409704545872416,0.0,0.4688128425386846,0.4702304933200799,0.4689411459991689,0.4996072767224929,0.0,0.2901949507269408,0.4673380022431392,0.4959429083135921,0.49970211324925434,0.4821378493163614,0.3839953445976397,0.44905393672889743
0.39231138701098794,0.4335110100066727,0.0,0.0,0.0,0.3895683037964744,0.0,0.38345500985952913,0.0,0.4066341577647101,0.0,0.3920747355976139,0.4398473052688269,0.0,0.3914936620138655,0.41917952364146516,0.3708497239549387,0.4044155266225622,0.0,0.43043860822593316,0.0,0.4282253897581642,0.4076082081322195,0.481755128984841,0.3951630557949902,0.41030786707974387,0.4586356916096226,0.45061342737749055,0.446132781410959,0.4515130498933867,0.38785837012737123,0.43097746263162107,0.38447154185944404,0.39296088235898774,0.4536495962044518,0.5150510873888499,0.0,0.0,0.4631492174132846,0.45719098159792093,0.4432806489937347,0.5034815057396833,0.0,0.0,0.0,0.39283748914341726,0.504915494576078,0.0,0.0,0.0,0.49160096971852635,0.0,0.4011426088974413,0.0,0.0,0.0,0.0,0.4374495794771619,0.0,0.4698464744689179,0.4901124304649684,0.0,0.34517435770181676,0.0,0.443551698692769,0.37004889311212597,0.5034063235477205,0.45552103672811,0.0,0.40257471233279263,0.509894437185934,0.47428946988413634,0.4390770761919561,0.4539791977222796,0.0,0.4287247560014791
0.4076677768218293,0.37502988702211565,0.3935691730343611,0.0,0.44744941871814564,0.41001067319277473,0.46967682937161287,0.3570899663485889,0.40200784004893014,0.2966582411341471,0.0,0.34472424675872654,0.4814490854508393,0.5070551829723036,0.3479835151156065,0.3701516502433326,0.34587269427365347,0.4161539412440459,0.0,0.29791764205076643,0.4282253897581642,0.0,0.44422277863999593,0.0,0.4123282605436075,0.4027232212746739,0.4162460103950502,0.3576298689977345,0.3860772725447597,0.3726693120072341,0.3565633196459338,0.43823695601424195,0.3871826848289689,0.39608946619222724,0.45584366939434384,0.5044779643416762,0.0,0.0,0.4606107836205358,0.45372904918163964,0.4794427142252695,0.4821722785930996,0.5247437006224563,0.0,0.0,0.4637384849429559,0.49357959000615975,0.0,0.0,0.0,0.4665462202561005,0.0,0.5274942998628335,0.0,0.0,0.0,0.0,0.29104255010187263,0.0,0.4972251774129245,0.4948218334174195,0.0,0.41239002036900757,0.0,0.4648313510333219,0.4794781934122592,0.49822106328758486,0.4812491844926586,0.0,0.4640705119206264,0.5217715742309726,0.48769767144476717,0.3770717402757111,0.4607251872440146,0.39632537704457316,0.4687945052961123
0.4453346363535809,0.42335346685549236,0.32154518368001506,0.4101407196331449,0.4079169803506881,0.38797316672150267,0.4347680251366265,0.3772586134281416,0.4137424893022515,0.38147770193495223,0.2160623557743293,0.3220656761773556,0.44097530005980656,0.3810630060846609,0.38383399460230816,0.4372193776771172,0.28563550401713866,0.41983407764288133,0.21527474714951206,0.35095371319261587,0.4076082081322195,0.44422277863999593,0.0,0.47080076373766244,0.4152186837354713,0.43592350961775617,0.3050714719059666,0.4419017707901098,0.42580459957809375,0.43738290870035806,0.43099859899035303,0.42999941743465525,0.40699689680935763,0.4420157692699368,0.4610289612190816,0.4175818415706786,0.4273973314097682,0.33490917202922293,0.5186045824744,0.5029813255416004,0.5318954530375261,0.541392553480684,0.5087072925272983,0.4156090801544019,0.0,0.0,0.4763337863970023,0.36145946251867694,0.0,0.5021060273868401,0.527773762765848,0.5195065608678038,0.4714952705082473,0.5235479063231426,0.3757837715208777,0.4534585309110753,0.0,0.533142634992821,0.4890617193445107,0.49859009805572524,0.33324143205980766,0.0,0.31527365873193935,0.336788390523893,0.5098181184199081,0.5187133757842972,0.5084087832736287,0.5087813489746149,0.0,0.29031281702587314,0.4612878216067762,0.5201924663241994,0.5255360120895042,0.5220374491481091,0.5282507655624853,0.5346754028797334
0.3834920719517024,0.0,0.0,0.0,0.39394465299016845,0.0,0.3986923434476547,0.5024633332009893,0.0,0.3344719851404966,0.0,0.2683003633755411,0.402613360480536,0.0,0.4134708217560122,0.3660652156954406,0.37952361417082814,0.38031046306521676,0.0,0.367063597070884,0.481755128984841,0.0,0.47080076373766244,0.0,0.3576451451640014,0.35301961707977025,0.47720238561670447,0.3988327761200626,0.35718398798363454,0.0,0.3611082846836156,0.4147724199317368,0.31634229611461784,0.3045209810941168,0.3830940268086174,0.2557506876933946,0.0,0.29106505689803963,0.4382340218968943,0.348596782074458,0.334674559040821,0.0,0.0,0.0,0.28391418426425385,0.4277895402836767,0.0,0.0,0.0,0.0,0.0,0.0,0.0,0.0,0.42184673385994775,0.0,0.42301616608553855,0.0,0.0,0.0,0.0,0.47540264938539095,0.4543410575140028,0.0,0.0,0.0,0.0,0.0,0.39265433902912344,0.456354306091498,0.4489155879254223,0.0,0.0,0.0,0.0,0.4495302663183386
0.3719509474546795,0.370605187157527,0.2464999361206091,0.0,0.3511901153877267,0.3992455219629876,0.44544961410281597,0.45752011597386283,0.27749200251900097,0.32773297120115097,0.3420518053393566,0.37284363952319266,0.44972077254725146,0.0,0.39887305942971174,0.399886861023345,0.33955738176654116,0.35127628933488325,0.0,0.43294159247838065,0.3951630557949902,0.4123282605436075,0.4152186837354713,0.3576451451640014,0.0,0.35717030985487,0.4090407833418783,0.4268802978530708,0.458952985574305,0.33506708789963424,0.36495403629856954,0.42607089242134516,0.34138425416416285,0.3656609377150953,0.38223524391110597,0.4211105909074001,0.31352524089204586,0.3415894039228913,0.4548932955339976,0.4035951235702286,0.42989776460712464,0.4499292558435947,0.0,0.0,0.38917690978882746,0.4249611925357661,0.4797520003189009,0.3332518926947424,0.0,0.0,0.26677805111825403,0.0,0.0,0.0,0.45419125109620356,0.0,0.4593174909589057,0.3061790593072992,0.0,0.4545548177569192,0.4683952449531849,0.4576955469933921,0.4439188742985853,0.0,0.4535156680795009,0.41730550782365816,0.530300246823173,0.34952467129460735,0.4352689708341541,0.4523440399973079,0.4629312892480445,0.3395914967778416,0.36005803087402,0.418404610688684,0.0,0.44512589385652856
0.40146620915355496,0.3889831000824725,0.29721193369686283,0.0,0.3603783830008015,0.3891209819640015,0.4299331419516798,0.46903282135192254,0.4205279166654502,0.35248877404130863,0.2855095094396776,0.30358348412412484,0.4289086004778552,0.0,0.3291118554186252,0.43283149536523946,0.3784508766211752,0.4078194541036127,0.29619341683736505,0.3719418565522062,0.41030786707974387,0.4027232212746739,0.43592350961775617,0.35301961707977025,0.35717030985487,0.0,0.4338831679622428,0.4042777709128294,0.41728958716948533,0.3030844169018153,0.38437039274005697,0.4491449386473995,0.3754779637552119,0.38668029072886867,0.43882159284252636,0.5067292252498351,0.0,0.31804757564265257,0.4647543609973378,0.4280965750823578,0.4620502259926672,0.45831432153831553,0.0,0.3186679047617658,0.3616540782957388,0.45857816690205866,0.5042266565697996,0.0,0.0,0.0,0.4439304769529379,0.3039167811990549,0.4327562889995712,0.0,0.4474479137788068,0.0,0.441808449874653,0.36033578194521193,0.0,0.515761890313597,0.49255405830126064,0.46558624417718786,0.4575719966152344,0.0,0.4772248573589116,0.4684579993166545,0.5135843900868482,0.4811277872546504,0.43841008020662453,0.46812448935298545,0.4928885189815915,0.4852052610773496,0.3799165038260613,0.475591710360897,0.0,0.46475553549468
0.43308903558023054,0.4182842190411229,0.32817206065648863,0.38233897381768644,0.4078389068580691,0.3679297226568956,0.43067615173563495,0.44353853158179735,0.36129082921738714,0.37441142116481557,0.38066905485159924,0.30238769391562137,0.43427061904156866,0.44892403091009525,0.3676154218983569,0.42854442720184643,0.3076682246515613,0.4296266276791813,0.3623066367090859,0.356618611532434,0.4586356916096226,0.4162460103950502,0.3050714719059666,0.47720238561670447,0.4090407833418783,0.4338831679622428,0.0,0.42949850784767146,0.3753672978799827,0.4137188796491357,0.40982647436450287,0.4139995134081074,0.3751320503255877,0.4209551718182925,0.44086326249087965,0.4249854454799001,0.4183032944893629,0.31253306921364726,0.50888176312789,0.3865941933896454,0.5303794232486633,0.5237232850029819,0.5060908992074494,0.32270956949609997,0.0,0.0,0.39651225567626847,0.5515145114785903,0.0,0.42982318368997796,0.5261492926401279,0.4996523981633407,0.4869487013364205,0.5503608628954588,0.0,0.5136393920206049,0.31217416816469074,0.5438619721148296,0.0,0.49127031950412103,0.27940674968759394,0.0,0.3235377351174336,0.5381858510004394,0.4995689041494611,0.5061844012824814,0.4990643879688142,0.5265757811464868,0.0,0.2737281200859106,0.47536615591621967,0.5246842307519042,0.5255026420053751,0.5336703198127718,0.4824124154020406,0.5292692063335664
0.35835259746926296,0.45362927360938027,0.4632773390701367,0.22362746381098567,0.4232738575177825,0.3960491389160784,0.35052339774188535,0.45228254660221245,0.45580767006092887,0.39014849363205495,0.4431415730913471,0.3427969364827202,0.3441075380157137,0.24921923831073153,0.425953589124749,0.44117457272469096,0.3843970940136512,0.4162044788217231,0.45644231091864734,0.36814941034515464,0.45061342737749055,0.3576298689977345,0.4419017707901098,0.3988327761200626,0.4268802978530708,0.4042777709128294,0.42949850784767146,0.0,0.3633531054270246,0.31680756344151234,0.36613141131411187,0.38244163014562055,0.3279178894289304,0.3571559152552352,0.28786272489309717,0.2492739744529123,0.23303354405261467,0.30535581604794054,0.3601131216102676,0.26929091479309525,0.24195414319628744,0.2560587441076391,0.37052195388646236,0.2132381721081664,0.2572708793685076,0.0,0.28598871284105126,0.37762875221104786,0.0,0.32813804383811224,0.5436568434481588,0.3435875632714009,0.4798277414717345,0.3407509613482357,0.4227862180133073,0.3520845298386658,0.4123006800400738,0.4851479367885855,0.0,0.4440366173644098,0.29009767848866896,0.5001938503224653,0.2941223002049802,0.33178371036993315,0.49133382884051185,0.45800759320889917,0.3724270359484436,0.520775987310118,0.0,0.3113030888151126,0.3671099588811485,0.5223113223599064,0.5532236627140628,0.5478559139338182,0.3953006690301551,0.4968975516220079
0.42365492192223764,0.44591235070085655,0.40244703410304805,0.30949726286374835,0.44703908890157756,0.34947332803884323,0.45811984893843516,0.4261013075097397,0.44280995661837574,0.28449354934180554,0.33089307035248805,0.31532506491418977,0.43141472474393794,0.4455520181695194,0.4001641290179277,0.4285422610379987,0.32485418616470196,0.44849092104047583,0.3547323081735935,0.3306634887909539,0.446132781410959,0.3860772725447597,0.42580459957809375,0.35718398798363454,0.458952985574305,0.41728958716948533,0.3753672978799827,0.3633531054270246,0.0,0.378766540187631,0.34325070271732233,0.4174330395331507,0.298043943101958,0.393964245135649,0.438729773149776,0.43589403185848485,0.3877612586770842,0.0,0.5007282068320618,0.39442184478946685,0.5590277085181674,0.4878619049502784,0.41776447397034744,0.3230169305077013,0.0,0.0,0.41245244045110674,0.4080201040314466,0.0,0.3682020071807564,0.5449170404091916,0.3651670923773492,0.4890022473690451,0.3351935777179756,0.0,0.0,0.0,0.5575664407097825,0.0,0.4612015907265778,0.2933200292836644,0.0,0.2899859287968083,0.0,0.4763772114693967,0.4913853975473932,0.46019036312087297,0.5128622006929543,0.0,0.2689051926256845,0.4352858362317272,0.5162298879237456,0.5427688020213856,0.515672974120175,0.4613934527057197,0.5107114559503353
0.0,0.0,0.41664230483016507,0.0,0.0,0.4298977814807487,0.0,0.45175990740496297,0.0,0.27239624347544716,0.0,0.0,0.3688631875194339,0.0,0.43824603057741185,0.3919006299750426,0.27433730413007146,0.3626289250033256,0.0,0.3803902117668209,0.4515130498933867,0.3726693120072341,0.43738290870035806,0.0,0.33506708789963424,0.3030844169018153,0.4137188796491357,0.31680756344151234,0.378766540187631,0.0,0.3126177154656907,0.3800227261142498,0.3156466814742591,0.3607806793094706,0.38799371422195644,0.0,0.0,0.0,0.5025322018044132,0.0,0.0,0.0,0.0,0.0,0.0,0.0,0.0,0.0,0.0,0.0,0.0,0.0,0.0,0.0,0.0,0.0,0.0,0.0,0.0,0.4349247783661897,0.0,0.0,0.0,0.0,0.45255881178232127,0.0,0.0,0.5141443015939807,0.0,0.0,0.0,0.5240963159751361,0.391547890198538,0.46164243087138135,0.0,0.0
0.37943745266010037,0.3787926383575105,0.4738833870934385,0.0,0.4437507464358455,0.4456458019015683,0.4230040223120832,0.4432957917593785,0.4702904840713061,0.32037646707253903,0.46284804335344565,0.3537247300773452,0.3977908622808652,0.0,0.3889013001822133,0.35044507023361104,0.36496060219517906,0.3610538088282508,0.4709266955329581,0.3330193264778361,0.38785837012737123,0.3565633196459338,0.43099859899035303,0.3611082846836156,0.36495403629856954,0.38437039274005697,0.40982647436450287,0.36613141131411187,0.34325070271732233,0.3126177154656907,0.0,0.415424532194416,0.33640182408606417,0.26453069214078223,0.20899747923091294,0.40071809045076584,0.0,0.31671702975237065,0.41188246299102044,0.3498551802436523,0.37292668468960166,0.27713805007690123,0.0,0.0,0.0,0.4259470661888512,0.4575053181026073,0.378017142928838,0.0,0.0,0.5207285301149498,0.0,0.4853716141258229,0.33929349558253336,0.41735564775840367,0.0,0.43786180615169157,0.36459428006810124,0.0,0.47335204149535387,0.4469812994324462,0.4000303742300457,0.41370937813031156,0.0,0.45672706183908574,0.0,0.4608173258185648,0.5184892559216722,0.4158130686432654,0.4325484505298679,0.4609880575207583,0.5195564951858213,0.4992688225734975,0.507243037171089,0.0,0.3877002725072873
0.4529178528817419,0.4388736125261616,0.4558461386292711,0.26338367001126645,0.3713238293317319,0.4314239928461974,0.4052511117618168,0.32582985538621195,0.44797936564464885,0.3274435047332569,0.3671717061539015,0.24693596541219176,0.40852646980609914,0.2243184849952687,0.43589613286240275,0.46376850992807267,0.4440324346896955,0.4444982865070598,0.4196195580377516,0.42028013095609296,0.43097746263162107,0.43823695601424195,0.42999941743465525,0.4147724199317368,0.42607089242134516,0.4491449386473995,0.4139995134081074,0.38244163014562055,0.4174330395331507,0.3800227261142498,0.415424532194416,0.0,0.3592471384699587,0.3515664277842343,0.36945418940563196,0.28692459012951316,0.2609017852559244,0.25681734463953815,0.3278887952229207,0.317454313979708,0.37392070396050836,0.35605058375808063,0.29845164712023775,0.2826362644789441,0.2660251667516367,0.4789026068075708,0.5012892878902452,0.42998672091094436,0.0,0.38126702069165685,0.48974381321324706,0.3009755135939707,0.48100105771622376,0.35929433286880363,0.29002135564881915,0.34875390579416327,0.24248376712347075,0.44775503989214765,0.39016788900113203,0.4620882855898869,0.47247942013019073,0.3711744688189569,0.4469347900943559,0.35709074394515117,0.4354876684963939,0.4662501800391148,0.449551908136238,0.5150367270252878,0.31437817745073815,0.46035125408411043,0.48163598468300967,0.5107917624512042,0.34715328865327355,0.5027548726703501,0.5043286800399008,0.4982553278238957
0.3613181116239951,0.36705891026437165,0.31527815122600655,0.24708022059566986,0.3806172938034078,0.3929503323503387,0.3206000994909866,0.4401144525066012,0.3865381678606489,0.2982325600228887,0.3775817707299347,0.27139058286475765,0.3638314394519714,0.24903874146465074,0.4179086401891689,0.3961388821790363,0.36267074215481576,0.36082854964424377,0.3421588488329651,0.36017053538079663,0.38447154185944404,0.3871826848289689,0.40699689680935763,0.31634229611461784,0.34138425416416285,0.3754779637552119,0.3751320503255877,0.3279178894289304,0.298043943101958,0.3156466814742591,0.33640182408606417,0.3592471384699587,0.0,0.26346115347800225,0.3412584201055241,0.3445637685221365,0.24399161126382057,0.20599639367282352,0.31060951823958277,0.224704771907628,0.3485261579462185,0.39076094260769645,0.3076161493012161,0.391508289047731,0.22934610049645834,0.43628821016389874,0.4813847680298313,0.0,0.0,0.0,0.0,0.0,0.0,0.0,0.3652257676687843,0.0,0.36873593521519227,0.33384075419373915,0.0,0.49284975518335833,0.4670202426686595,0.4134228268006898,0.4532302972342172,0.0,0.4463909936330068,0.0,0.4961571669151733,0.4844165544808456,0.3791080519581667,0.4394823914286465,0.4673358416572047,0.4967432555880441,0.2864359130778476,0.4132025858160703,0.0,0.39580479349997566
0.3875119455609895,0.3781590560047583,0.47354678298439307,0.2060420104404434,0.4347605275399856,0.4480333991078926,0.3707207527836308,0.4572116539666418,0.4651832003956644,0.30118752974012836,0.44650896747086355,0.25185651705822815,0.39350157831922755,0.4807577041749308,0.4039543918173311,0.3837203937198657,0.3696390624144166,0.3736536356720438,0.45496515643620883,0.38743157216938795,0.39296088235898774,0.39608946619222724,0.4420157692699368,0.3045209810941168,0.3656609377150953,0.38668029072886867,0.4209551718182925,0.3571559152552352,0.393964245135649,0.3607806793094706,0.26453069214078223,0.3515664277842343,0.26346115347800225,0.0,0.255636048555699,0.31448913380520926,0.2505073736709077,0.21785792238006849,0.3221968996336623,0.2490743432256347,0.2725488518622906,0.343771493201222,0.27504463871413787,0.24366246125480623,0.22820414330002498,0.4203260453808322,0.4650859958337341,0.356695984236488,0.0,0.0,0.5253341729890302,0.23656825895879874,0.49343414284260484,0.32265868070009485,0.38678329720224797,0.0,0.3184467209512302,0.36258187889675514,0.0,0.4827291038074105,0.45070377759546365,0.40950706802711295,0.42068810472397533,0.0,0.4746445968694844,0.4564936917709119,0.4748435255776224,0.5245791316359123,0.3027146805588522,0.4357719550914014,0.47289040254169495,0.5247552322086954,0.2139483827088303,0.5169417393832988,0.4371035731658532,0.4440102623324587
