0.0,0.3994947037339,0.0,0.0,0.0,0.3917907635047071,0.29718821620386626,0.5218720373059547,0.0,0.35011707729024794,0.0,0.35506460783917826,0.36166466850579715,0.0,0.39329970681122456,0.3801222030916314,0.37862620567722094,0.3696634477133425,0.0,0.4348920537574328,0.4027710903012741,0.41048864207356023,0.475668040628757,0.35949223513998163,0.38308576877543377,0.36030659937364934,0.4256450690239154,0.3854057083072454,0.4296603459244611,0.0,0.3644825783346299,0.39585951738226605,0.3362952648668106,0.34519326814011,0.39663281966625386,0.0,0.0,0.3422476103930076,0.4330804619550113,0.4125973329339406,0.41574290852308615,0.46226820792020107,0.0,0.0,0.0,0.3604390532174483,0.4400469646333506,0.0,0.0,0.0,0.37877367025559205,0.0,0.0,0.0,0.38455890463367226,0.0,0.0,0.0,0.0,0.38288652369164083,0.44101385672326493,0.35146808830471105,0.4105165151327994,0.0,0.0,0.3441855821841455,0.45082405333549097,0.0,0.0,0.4263202447060021,0.4458287045066474,0.453770088991818,0.0,0.0,0.0,0.38257686010128655
0.3994947037339,0.0,0.3125035509723968,0.0,0.3983314918166278,0.4123347106016256,0.48679518150986717,0.4533698798605934,0.3952831960840062,0.27562681221023005,0.0,0.2590851782625225,0.46821646676941286,0.0,0.41331207285045596,0.3903351964312011,0.35819962578407455,0.39064832476537115,0.0,0.41548911949999034,0.4114556602511749,0.3960716014590255,0.43017296671868255,0.34016946380078195,0.3848951025464446,0.3868539629566756,0.40066381860514594,0.465319793042467,0.42816574395876994,0.0,0.37472647270303355,0.39812558985443236,0.35709849098366364,0.37421991193794624,0.4198620490832091,0.36983307559823736,0.4651805277840283,0.0,0.4367664065711892,0.4359436289490254,0.4392482377668864,0.46984208324013493,0.43721717852912445,0.0,0.0,0.4335234154816077,0.4467247674009261,0.0,0.0,0.0,0.4003315994644117,0.29605053325887576,0.0,0.0,0.3115927179007228,0.0,0.0,0.27200505577397543,0.0,0.4534006562680162,0.4437086446567641,0.32177228704048044,0.42451845281813066,0.0,0.44455525596336976,0.4389172085895531,0.4572267986112907,0.4258996582847849,0.0,0.4295876800070797,0.4666255451692347,0.42109224847428556,0.2988919486381,0.4411365776766071,0.0,0.4166439809967437
0.0,0.3125035509723968,0.0,0.354174812646069,0.37684947526719287,0.4124180459221695,0.41628064933583314,0.477364557788645,0.32011137519209487,0.38667382623178065,0.3066139479697114,0.3054608816434879,0.4577501283963982,0.4285575769298246,0.0,0.0,0.0,0.0,0.28401125202724453,0.0,0.0,0.0,0.34159278361209,0.0,0.25897045139878166,0.2754233376204206,0.3625938773872849,0.4676983294094313,0.3644823087186309,0.4101759192199509,0.47138134678605825,0.4433552332394887,0.0,0.4759701066370274,0.48474635309150305,0.40525243292931434,0.4572634539570874,0.0,0.532257413263395,0.0,0.37838853615540247,0.0,0.5110804748545004,0.0,0.0,0.0,0.0,0.31137282663328075,0.0,0.32577877095092256,0.562374120441945,0.36166395928174033,0.5739226035245258,0.4989301422707164,0.33239827209180506,0.28719480130373365,0.0,0.4005529581618374,0.4722553071589978,0.0,0.0,0.0,0.0,0.2520385492802995,0.0,0.0,0.0,0.5669115314644391,0.0,0.0,0.0,0.5859644021433021,0.37051571615635964,0.0,0.0,0.40346903562031733
0.0,0.0,0.354174812646069,0.0,0.24362726428012996,0.4238404013212581,0.253042989371973,0.3083683576104032,0.44075251137759136,0.2244190330818349,0.36714404567805453,0.0,0.3280373488295415,0.22606721349910786,0.0,0.38606461971769174,0.0,0.0,0.4000117984905038,0.43272130787620106,0.0,0.4886917396241685,0.3894428524912392,0.0,0.0,0.0,0.410082064312861,0.2687653471484509,0.3673823600510084,0.36360902858697697,0.34094443559288395,0.3081357441410079,0.0,0.38578153934563714,0.38331769068449734,0.2076708157730743,0.18846944423836298,0.0,0.0,0.0,0.0,0.0,0.0,0.0,0.0,0.0,0.0,0.0,0.0,0.0,0.0,0.0,0.0,0.0,0.0,0.0,0.0,0.0,0.0,0.0,0.0,0.0,0.0,0.0,0.0,0.0,0.0,0.0,0.0,0.0,0.0,0.0,0.0,0.0,0.0,0.0
0.0,0.3983314918166278,0.37684947526719287,0.24362726428012996,0.0,0.38191040664593,0.35243617560829515,0.39449904582127543,0.3371629002030279,0.4353226325651477,0.2993751117459596,0.4239713685335963,0.36932457071550145,0.27880507720093445,0.0,0.41790710037695955,0.3632875269466873,0.35840743573527045,0.3586652263455346,0.0,0.0,0.4593375460248731,0.3692787238251668,0.33677096537980483,0.3650217736718526,0.3510219902684089,0.37722440457188255,0.41904430464168585,0.4454304778313513,0.0,0.4541466836382378,0.4129227479858213,0.36196798272079467,0.4255996775802954,0.4532556150153304,0.23704573560294173,0.2643175347630748,0.4000350323144756,0.4178018947675334,0.0,0.0,0.0,0.0,0.0,0.0,0.0,0.0,0.508416381549692,0.0,0.0,0.47562808735979734,0.0,0.4809314751311202,0.4629917571881282,0.0,0.0,0.0,0.0,0.0,0.0,0.0,0.0,0.0,0.48339282967331465,0.0,0.0,0.0,0.5263614952789819,0.0,0.0,0.3094187224436975,0.5122342303829034,0.0,0.0,0.0,0.0
0.3917907635047071,0.4123347106016256,0.4124180459221695,0.4238404013212581,0.38191040664593,0.0,0.42005582675812125,0.41665541934731504,0.3403225299126101,0.4483874611021,0.40940541475634745,0.34916756407508054,0.39870389185202,0.4319662291721139,0.40513944881109343,0.42327431135398713,0.2869485567232017,0.41638848309098586,0.40538105586395634,0.3947005406631294,0.40720119164105195,0.4122041579936425,0.39318733774256115,0.3229960760951208,0.39559613909727137,0.41128408963608676,0.37147970540243164,0.4062963630076589,0.3209177713312424,0.42649627507902427,0.44446973417746355,0.42498050466101855,0.3773598218222452,0.4184035482201251,0.4519013289528925,0.4431585860561615,0.4643403197677026,0.39508730031250855,0.503939551055895,0.3166166509483284,0.45521772271059807,0.37237120574950355,0.49077441598246074,0.3132492386084586,0.0,0.0,0.297443517931488,0.5515526553357775,0.0,0.42345740484594985,0.5265298397401386,0.5263298469705076,0.5259918529780746,0.5415317650746613,0.0,0.5048057968006371,0.3739130478502854,0.5205645766791945,0.4588922401703233,0.40087134699309185,0.2498693820755655,0.0,0.0,0.5271329205566544,0.4198363309933184,0.38562371744571633,0.3731611553048157,0.5332807809775982,0.0,0.23935416893427594,0.3840053893192969,0.5308745100026142,0.5229058312980154,0.479242989408397,0.0,0.5123482720128787
0.29718821620386626,0.48679518150986717,0.41628064933583314,0.253042989371973,0.35243617560829515,0.42005582675812125,0.0,0.42446815745809874,0.40899354673860405,0.41024054525106757,0.41228776289898805,0.3976934193402604,0.3520180545470307,0.3423805258178194,0.0,0.48299817766910513,0.3979009581580587,0.4593239290518802,0.43841993056381456,0.4689971460816014,0.3867746598704655,0.4836215089825398,0.4177464287410541,0.39944703396745473,0.4542003163496683,0.4318236658747949,0.43108677062229694,0.3760465676321934,0.45641727680964883,0.0,0.43085494804335694,0.4150028830200438,0.41277348830152194,0.4302196490656546,0.42694830081276935,0.2996475103442062,0.3258454930630356,0.40023550551702414,0.3880437141718941,0.0,0.2675021996695631,0.2957612269295683,0.0,0.0,0.0,0.0,0.27734796423822095,0.4381768329187049,0.0,0.38659151918086554,0.47171265690685577,0.36150131476982345,0.4305898402673303,0.4048966527508045,0.0,0.0,0.0,0.31352243636012056,0.0,0.0,0.0,0.0,0.0,0.3955906704057096,0.30451436298675194,0.0,0.28999223228521337,0.5225257010858849,0.0,0.0,0.28453833127408046,0.5101932808636704,0.3409065960876912,0.35911768330899674,0.0,0.0
0.5218720373059547,0.4533698798605934,0.477364557788645,0.3083683576104032,0.39449904582127543,0.41665541934731504,0.42446815745809874,0.0,0.5023987319547215,0.3848971388373612,0.322691587500218,0.41874060040276345,0.43921494716435305,0.3446932598070516,0.4049366221547167,0.44356377379003886,0.0,0.4778532400004275,0.4354998181522652,0.3760942847760932,0.428709026367688,0.3983526384714448,0.3480617082970516,0.5310405543602198,0.5005428785518388,0.4995906282100239,0.43219503352117616,0.4238794858180504,0.38937332395003,0.3759647085787642,0.435275628045461,0.3888086942716718,0.35038311614439865,0.4377114386906486,0.4703223537015731,0.26862186068009164,0.4007589089528305,0.37369167231032957,0.4848721670890383,0.0,0.5248085442529784,0.5386290040199683,0.4469655116124762,0.0,0.0,0.0,0.0,0.5483485160796205,0.0,0.517768626585833,0.49408775323138887,0.48939039776313015,0.4232493435085986,0.5254418652022393,0.0,0.5081179297433496,0.0,0.4985038121882254,0.0,0.48930771888487085,0.0,0.0,0.0,0.5332093246010803,0.5164827285317315,0.47557028554853864,0.0,0.5055971053342232,0.0,0.0,0.0,0.5210699542747872,0.5130583028833627,0.5089398594646096,0.0,0.5020925224827886
0.0,0.3952831960840062,0.32011137519209487,0.44075251137759136,0.3371629002030279,0.3403225299126101,0.40899354673860405,0.5023987319547215,0.0,0.4931405816191381,0.32446615821821834,0.45428397402999815,0.39764262545616347,0.4573066850671917,0.0,0.42917405925647567,0.3103990103407432,0.3182981383485481,0.3008737954546463,0.0,0.0,0.45164077302858285,0.39481827406948156,0.36670587302929175,0.37921830560173175,0.3430516378420157,0.3634413052400654,0.471313725705396,0.47928228649233684,0.420382738834961,0.48834791751646117,0.4378315818013391,0.4098091804488462,0.475911871800039,0.48569694789598494,0.4532457653378188,0.47828676635859146,0.5044865644187986,0.538256903901883,0.30567986250979295,0.280433919124447,0.27822109837428166,0.5079703285271384,0.288389659679393,0.3630556204520675,0.0,0.0,0.5616361124071199,0.0,0.47755148167721234,0.5489580704283666,0.48398633541968167,0.552950393319481,0.5332515800187403,0.0,0.5394734530642051,0.0,0.4628178004574806,0.5081127868956938,0.0,0.0,0.0,0.0,0.5459232191585477,0.0,0.0,0.0,0.5574550361177351,0.0,0.0,0.0,0.5579954252377588,0.4158788684353464,0.3661734925621381,0.0,0.3867738735683904
0.35011707729024794,0.27562681221023005,0.38667382623178065,0.2244190330818349,0.4353226325651477,0.4483874611021,0.41024054525106757,0.3848971388373612,0.4931405816191381,0.0,0.4545357684283963,0.26782314568884147,0.4201068549734229,0.17087546549910942,0.31527856420316464,0.3556856838931326,0.30674209968282695,0.336037040592788,0.46345027488601015,0.30040037955714394,0.41671840932980464,0.3183910087944868,0.40509634204309736,0.29358958420143766,0.3410297966041398,0.3513244680235478,0.3999534609333686,0.4197608578621637,0.31565028976410786,0.3167756446815101,0.34245435635881427,0.3412483052051955,0.29245821182600584,0.28752470954587084,0.2615783338415319,0.2981331246795164,0.31973178444294037,0.2478025550704567,0.3930484192691446,0.34823992423711964,0.34190017473616524,0.0,0.0,0.0,0.2980609370172895,0.37898574835242455,0.35074706729568306,0.0,0.0,0.0,0.0,0.39004958387972155,0.0,0.31971805524448776,0.414922516963841,0.3099012356656405,0.4046257698938313,0.3718012412620315,0.0,0.0,0.3539861872337293,0.43632842999283616,0.4013670273066113,0.335468295716349,0.0,0.0,0.0,0.318586151362231,0.4133204617953682,0.4441892963310403,0.45088921023943346,0.0,0.3912727971494783,0.0,0.0,0.38933092987502727
0.0,0.0,0.3066139479697114,0.36714404567805453,0.2993751117459596,0.40940541475634745,0.41228776289898805,0.322691587500218,0.32446615821821834,0.4545357684283963,0.0,0.39782803601416705,0.4402733292110906,0.29590865253253573,0.0,0.0,0.3539200648718032,0.32884695575803247,0.2627836611310532,0.0,0.4329404665501246,0.0,0.2813308919241647,0.40564109745340304,0.3497500029054551,0.2894919859024451,0.3840429469544829,0.45302461147479567,0.34266395170121094,0.0,0.47944043943459214,0.38581566649735494,0.41520726976915046,0.4585992970324792,0.4366110018081482,0.31447631423786904,0.4562906180119052,0.43283062094683594,0.0,0.0,0.31570347944996163,0.0,0.36457805781251124,0.0,0.31693350390293495,0.0,0.0,0.3261612436582123,0.0,0.44084982404349565,0.4648890152941175,0.4415883948858055,0.4460823087552825,0.4209800219774551,0.0,0.25814697773680445,0.0,0.33413655116522945,0.0,0.0,0.0,0.0,0.0,0.2078718726354592,0.0,0.0,0.0,0.47593759463390894,0.0,0.0,0.0,0.45381650843453053,0.31553082543472766,0.0,0.0,0.0
0.35506460783917826,0.2590851782625225,0.3054608816434879,0.0,0.4239713685335963,0.34916756407508054,0.3976934193402604,0.41874060040276345,0.45428397402999815,0.26782314568884147,0.39782803601416705,0.0,0.4024390169012737,0.0,0.3374381228680809,0.29394388006651506,0.32299723651324086,0.3007212772629577,0.3480415223422003,0.3046540208430189,0.40233978904787043,0.30867174708696604,0.0,0.2839840776023711,0.3562311198208453,0.31114515654756963,0.3360508764046284,0.40096940001314635,0.3111723476638458,0.0,0.32897628410729046,0.24431346245853314,0.2576919975137678,0.24374417120073763,0.29635217988478996,0.35632168572543893,0.35423845564554557,0.1994999959899753,0.4379774673824557,0.3640350695436848,0.3522790996915757,0.0,0.0,0.0,0.2994534654399203,0.35069387965282744,0.34312821371142743,0.0,0.0,0.0,0.0,0.37063017286963457,0.0,0.0,0.4248067557333148,0.0,0.4231030549063654,0.3833380131449602,0.0,0.0,0.3450553750398142,0.4202823124840226,0.4122468527883102,0.0,0.0,0.0,0.0,0.0,0.40194183137058404,0.4318519484610541,0.45288252878519364,0.0,0.3873022896866907,0.0,0.0,0.3824433994672032
0.36166466850579715,0.46821646676941286,0.4577501283963982,0.3280373488295415,0.36932457071550145,0.39870389185202,0.3520180545470307,0.43921494716435305,0.39764262545616347,0.4201068549734229,0.4402733292110906,0.4024390169012737,0.0,0.3616025508347869,0.4484352455587098,0.48525847230908925,0.4338400960673908,0.48795319502125084,0.45808052820242845,0.4681552230874972,0.4433731015051213,0.48972802900254164,0.4305766335540502,0.4025634589534035,0.45536155241149473,0.4414392302982827,0.44923641673696846,0.372625329359261,0.4376306471384089,0.41220585886345784,0.43019690318698,0.4158835007538572,0.4383667188471771,0.43666619602939405,0.43299058920408434,0.3531914665807866,0.37452741728807554,0.4296637903550852,0.39168386904079644,0.38770406921477857,0.30549696793706094,0.29035431755841584,0.4448612537761278,0.0,0.3351089889169849,0.0,0.2654436937417914,0.438176845787964,0.0,0.3744415658629199,0.5222469397491172,0.31382753365406263,0.4792232499252799,0.3851354772082271,0.36496774230042467,0.0,0.34215831537127955,0.2323717377016969,0.0,0.328497333909828,0.280443496881537,0.0,0.0,0.41923204301807565,0.37054876055920294,0.3711758068054788,0.2840901838507211,0.5242259231519889,0.0,0.2971124471383096,0.32511033993205213,0.5340906301845935,0.20912509043856978,0.45766858214328376,0.0,0.388161070022697
0.0,0.0,0.4285575769298246,0.22606721349910786,0.27880507720093445,0.4319662291721139,0.3423805258178194,0.3446932598070516,0.4573066850671917,0.17087546549910942,0.29590865253253573,0.0,0.3616025508347869,0.0,0.0,0.0,0.0,0.0,0.3666687397881252,0.0,0.0,0.0,0.3792016273156664,0.4077845759503915,0.0,0.4458874996025526,0.44468812497605953,0.2577615172434934,0.36868213961276797,0.0,0.4713594154459457,0.2905961057701034,0.0,0.0,0.0,0.22817727062401333,0.17818512002655773,0.0,0.0,0.0,0.0,0.0,0.0,0.0,0.0,0.0,0.0,0.4667770956283786,0.0,0.0,0.0,0.0,0.4219005645333211,0.49226760677414416,0.0,0.4874356852904956,0.0,0.0,0.0,0.0,0.0,0.0,0.0,0.0,0.0,0.3753298786379868,0.0,0.4811497054916593,0.0,0.0,0.0,0.45074884562936524,0.0,0.0,0.0,0.0
0.39329970681122456,0.41331207285045596,0.0,0.0,0.0,0.40513944881109343,0.0,0.4049366221547167,0.0,0.31527856420316464,0.0,0.3374381228680809,0.4484352455587098,0.0,0.0,0.41786402266107725,0.3170081892632697,0.4070362108505948,0.0,0.34264435843665847,0.3625192449534142,0.3652192644950338,0.3403179560603224,0.4231590819931377,0.39685698283537113,0.35655185845173887,0.39261695249942236,0.41961080987611143,0.4054699731074646,0.4469464504707772,0.4161663026099203,0.42220426733675526,0.3793805271735943,0.4360587197824169,0.48308853257686024,0.5152696058442304,0.4598616263992742,0.0,0.488340105145742,0.4756865224458677,0.5134798444606825,0.5228403828302282,0.4933150698959464,0.0,0.0,0.0,0.4546040092363867,0.0,0.0,0.0,0.4685988678639886,0.3574008636235157,0.5169756729437865,0.0,0.0,0.0,0.0,0.3934466724914459,0.0,0.490338146745584,0.43440538950919694,0.33927341189836735,0.3058882144315369,0.0,0.48533064269122445,0.45337922646324097,0.5037510746653102,0.48520522828681695,0.0,0.3699318389427936,0.4987505584390158,0.48820726694434385,0.4550797281421879,0.4804495809715746,0.0,0.48738355241981324
0.3801222030916314,0.3903351964312011,0.0,0.38606461971769174,0.41790710037695955,0.42327431135398713,0.48299817766910513,0.44356377379003886,0.42917405925647567,0.3556856838931326,0.0,0.29394388006651506,0.48525847230908925,0.0,0.41786402266107725,0.0,0.37349785784111245,0.3605839699462394,0.0,0.42189198557539803,0.41419951725271215,0.3839418889450512,0.42440005668534303,0.35141605096586276,0.38787200806707767,0.39877277484831153,0.42065910828999786,0.48292029619624754,0.4528694011644599,0.427392662938908,0.379640790640287,0.41875548580159344,0.37445735241903794,0.38960192157659085,0.4452260943644987,0.394027549870342,0.3449353384090321,0.0,0.4340781024040243,0.4209053293113702,0.42579087004448735,0.46138044963185787,0.0,0.0,0.0,0.43189615307066076,0.44575719792812346,0.0,0.0,0.0,0.27949276753781216,0.0,0.0,0.0,0.29873373540277093,0.0,0.0,0.30413404478844486,0.0,0.4547081058310046,0.43825439416874745,0.31311670030389627,0.4121165410497385,0.0,0.4127931243525553,0.4288362441781668,0.45820239400366386,0.3439854887610948,0.0,0.4270873001026793,0.4574989879510879,0.3588095307802279,0.3269685220169939,0.39653002699900525,0.0,0.4023840612031901
0.37862620567722094,0.35819962578407455,0.0,0.0,0.3632875269466873,0.2869485567232017,0.3979009581580587,0.0,0.3103990103407432,0.30674209968282695,0.3539200648718032,0.32299723651324086,0.4338400960673908,0.0,0.3170081892632697,0.37349785784111245,0.0,0.3340755512137929,0.31816785711473194,0.3427257944929981,0.0,0.37004873307741837,0.30194325914452286,0.3341119208900873,0.3441590112784319,0.36277465433063627,0.29298868002254297,0.424803509484157,0.3364481412809668,0.2973075273824929,0.34556493994845155,0.3805117298639798,0.34419171440647645,0.34276267951790057,0.3680694349735523,0.0,0.0,0.274424462230539,0.43485843455543977,0.3660431114090826,0.34229653165198615,0.0,0.0,0.0,0.23654482898912266,0.3974484376522457,0.4009167112138826,0.0,0.0,0.0,0.0,0.0,0.0,0.0,0.4111399164117771,0.0,0.3765954166525609,0.2910888844186909,0.0,0.0,0.3585680480111998,0.39334544460339965,0.3938739588993044,0.0,0.0,0.0,0.34478060298962443,0.0,0.410429108228935,0.4212593165253935,0.44070838181360145,0.0,0.3203619692283917,0.0,0.0,0.34387764206402777
0.3696634477133425,0.39064832476537115,0.0,0.0,0.35840743573527045,0.41638848309098586,0.4593239290518802,0.4778532400004275,0.3182981383485481,0.336037040592788,0.32884695575803247,0.3007212772629577,0.48795319502125084,0.0,0.4070362108505948,0.3605839699462394,0.3340755512137929,0.0,0.0,0.4126582352101431,0.40807490597829615,0.40063782468256726,0.46619662373235415,0.351203127699528,0.36167573440886586,0.3717284488977753,0.4147596873293551,0.47048775441295215,0.44633286458925825,0.38564175248374455,0.36560053165094863,0.36875592931057016,0.35381464706262256,0.36012496151708223,0.3941249844189885,0.4950707992563761,0.33757547135482,0.0,0.42733613381517843,0.40605581546847747,0.40900955456260574,0.440831252196181,0.0,0.0,0.3044770280015346,0.4277601612758886,0.43045600834794506,0.0,0.0,0.0,0.2840273729479954,0.0,0.0,0.0,0.3908845912117966,0.0,0.3594202376222945,0.0,0.0,0.0,0.4211627310706727,0.40526792660793026,0.40415660183520313,0.0,0.2998647027765275,0.39864082321994054,0.4281081615740087,0.0,0.4254760040533125,0.41247085318738597,0.4350539708915575,0.30209376483961414,0.0,0.27361299158767216,0.0,0.39079228684458006
0.0,0.0,0.28401125202724453,0.4000117984905038,0.3586652263455346,0.40538105586395634,0.43841993056381456,0.4354998181522652,0.3008737954546463,0.46345027488601015,0.2627836611310532,0.3480415223422003,0.45808052820242845,0.3666687397881252,0.0,0.0,0.31816785711473194,0.0,0.0,0.0,0.294222032080991,0.0,0.31243092788185706,0.32898268209540293,0.0,0.293517941845332,0.37485958637442596,0.4644334619320882,0.0,0.0,0.5002692841541702,0.4070120131538667,0.3681980258058022,0.49002281757992305,0.4736728754817936,0.36902158172504085,0.4648837902949353,0.40034211374946704,0.4558115889673373,0.0,0.30270527556564397,0.34339332570053727,0.44847687993344254,0.0,0.0,0.0,0.0,0.525598855903238,0.0,0.4965706449434504,0.5283588515674575,0.4749738004548365,0.5612530018478824,0.5262202194517459,0.0,0.33645817409732176,0.0,0.4095488187399163,0.5371381151854768,0.0,0.0,0.0,0.0,0.38063679846031295,0.0,0.0,0.0,0.5432192287270767,0.0,0.0,0.0,0.5641024231951889,0.36827290533306095,0.0,0.0,0.0
0.4348920537574328,0.41548911949999034,0.0,0.43272130787620106,0.0,0.3947005406631294,0.4689971460816014,0.3760942847760932,0.0,0.30040037955714394,0.0,0.3046540208430189,0.4681552230874972,0.0,0.34264435843665847,0.42189198557539803,0.3427257944929981,0.4126582352101431,0.0,0.0,0.41219605426274886,0.3760933328536776,0.3034268671465369,0.36454875663111125,0.4057471771894404,0.4206317756444198,0.33636616518645296,0.41065433444553145,0.3309754648708867,0.3705625059856316,0.3730573400408736,0.433159842231685,0.38350830831936283,0.4312681442607095,0.4861659907273509,0.5009105239595125,0.4379071394096289,0.0,0.4749836331009795,0.4299089833652423,0.5064002188061324,0.4416819174883865,0.3885560288496964,0.0,0.0,0.0,0.4001146231970527,0.0,0.0,0.0,0.4542242015683866,0.32486945532436573,0.4732855932852498,0.3844391975985159,0.33428424122677614,0.0,0.0,0.3843504884886564,0.0,0.4628367750613151,0.3255685771853413,0.0,0.2907097050405069,0.0,0.46961385427773605,0.4436391275955921,0.4705969103669586,0.4846870998542228,0.0,0.28243535830541,0.4606048604507072,0.4927317866728824,0.47785673933423467,0.4773231668424046,0.0,0.46686525424213016
0.4027710903012741,0.4114556602511749,0.0,0.0,0.0,0.40720119164105195,0.3867746598704655,0.428709026367688,0.0,0.41671840932980464,0.4329404665501246,0.40233978904787043,0.4433731015051213,0.0,0.3625192449534142,0.41419951725271215,0.0,0.40807490597829615,0.294222032080991,0.41219605426274886,0.0,0.42187914811030564,0.4106352634988318,0.46862952147534576,0.41586494689947706,0.39358242481008043,0.41469589487043473,0.430586996563431,0.4011321101249923,0.0,0.40179451432754665,0.4185104584401664,0.372047720757609,0.40868913581266436,0.4747969484671592,0.4494173820394387,0.0,0.36172877289015487,0.4578399630319369,0.4438173175163194,0.47050220646008145,0.5099261647577169,0.0,0.0,0.0,0.3321034414206479,0.4512297480587173,0.0,0.0,0.0,0.4636392775115904,0.0,0.43695144641378714,0.0,0.0,0.0,0.0,0.42085079556726307,0.0,0.45934641428488193,0.4205706614409027,0.0,0.0,0.0,0.4626927393904977,0.36312729652974585,0.471612249398996,0.45659968588959826,0.0,0.36556303236767435,0.482801361251996,0.4746870125097819,0.4655626213326033,0.4675935468265533,0.42391380060819284,0.4244669604565664
0.41048864207356023,0.3960716014590255,0.0,0.4886917396241685,0.4593375460248731,0.4122041579936425,0.4836215089825398,0.3983526384714448,0.45164077302858285,0.3183910087944868,0.0,0.30867174708696604,0.48972802900254164,0.0,0.3652192644950338,0.3839418889450512,0.37004873307741837,0.40063782468256726,0.0,0.3760933328536776,0.42187914811030564,0.0,0.42072443912093704,0.3693970456273158,0.4041521095691943,0.4058696396298451,0.3988060513029827,0.46089100105247394,0.4085379467580477,0.42675605300976927,0.4065956850816743,0.4390988979912961,0.3885663806253347,0.43827013172879364,0.49643361522246976,0.5272933470271638,0.46051193276759117,0.0,0.4742438708465893,0.45731467027138084,0.48434805055564384,0.4855388301709324,0.4672874036696124,0.31773423571908815,0.0,0.4146897321912955,0.4524264295796345,0.0,0.0,0.0,0.4410124694721676,0.31125528087725596,0.5168328553723525,0.0,0.0,0.0,0.0,0.30448756151406886,0.0,0.490674333573731,0.4524676245751369,0.32147635245704376,0.38358856522455287,0.0,0.482278829348685,0.4614200470502935,0.4818787548542802,0.490658653724854,0.0,0.4056433176988967,0.49228403729800463,0.4700038620126021,0.34144014437793746,0.4926328476409939,0.0,0.4799975518132916
0.475668040628757,0.43017296671868255,0.34159278361209,0.3894428524912392,0.3692787238251668,0.39318733774256115,0.4177464287410541,0.3480617082970516,0.39481827406948156,0.40509634204309736,0.2813308919241647,0.0,0.4305766335540502,0.3792016273156664,0.3403179560603224,0.42440005668534303,0.30194325914452286,0.46619662373235415,0.31243092788185706,0.3034268671465369,0.4106352634988318,0.42072443912093704,0.0,0.5189589613821454,0.46425248857920076,0.44117106346003254,0.3477372491109782,0.4145136319395086,0.3908084765473692,0.38702059500208946,0.41091836275502525,0.3946819056446339,0.3494286839795489,0.4225769623129335,0.455845462348137,0.3568399274316325,0.450164128443217,0.41506456271737,0.5166219420139319,0.0,0.502892687988269,0.4780941283247482,0.49394117459014664,0.41323288587962276,0.0,0.0,0.39078897763416687,0.36829758420531733,0.0,0.5318052075321305,0.5240821484062506,0.5194931856081232,0.5027908648643008,0.5415666555127686,0.0,0.3684048104159723,0.32814232537416244,0.5224669282963785,0.5770659345862447,0.4881289498134465,0.3153076048675348,0.0,0.0,0.3361462456128867,0.4934370134204787,0.456552612644885,0.4667804746305551,0.5291830737731685,0.0,0.26058907444937485,0.3926542862309315,0.522393775573711,0.5210891126745201,0.5006707013328926,0.5147555312190973,0.5228045353247697
0.35949223513998163,0.34016946380078195,0.0,0.0,0.33677096537980483,0.3229960760951208,0.39944703396745473,0.5310405543602198,0.36670587302929175,0.29358958420143766,0.40564109745340304,0.2839840776023711,0.4025634589534035,0.4077845759503915,0.4231590819931377,0.35141605096586276,0.3341119208900873,0.351203127699528,0.32898268209540293,0.36454875663111125,0.46862952147534576,0.3693970456273158,0.5189589613821454,0.0,0.35793370447956663,0.33831797309658684,0.48397669746630045,0.3995613872060656,0.3792407733331959,0.0,0.3431701549389451,0.298461586923542,0.22792613873572073,0.25825993815455056,0.3092638148516683,0.0,0.0,0.2070793935086457,0.4596189262477274,0.38122308772174285,0.37291739860163053,0.5664968705867043,0.0,0.0,0.0,0.4356720523669272,0.4246682416616153,0.0,0.0,0.0,0.0,0.0,0.0,0.0,0.4023850804334112,0.0,0.3905668591719605,0.4185465189260837,0.0,0.0,0.4245525332619078,0.4299344861663021,0.4326922170855594,0.0,0.0,0.0,0.0,0.0,0.3933567945911395,0.4394645749921888,0.4585053598528657,0.0,0.41908837080249195,0.0,0.0,0.41832725439468366
0.38308576877543377,0.3848951025464446,0.25897045139878166,0.0,0.3650217736718526,0.39559613909727137,0.4542003163496683,0.5005428785518388,0.37921830560173175,0.3410297966041398,0.3497500029054551,0.3562311198208453,0.45536155241149473,0.0,0.39685698283537113,0.38787200806707767,0.3441590112784319,0.36167573440886586,0.0,0.4057471771894404,0.41586494689947706,0.4041521095691943,0.46425248857920076,0.35793370447956663,0.0,0.36458692868330017,0.41358682658883056,0.4468261496465513,0.42718962107284625,0.0,0.3739987176226398,0.38036547118829167,0.3279977310769248,0.35117495687221983,0.38498348228589824,0.4246539465743808,0.3513543027591505,0.3058146433678877,0.4320593857298007,0.41591894455750433,0.41505546956950135,0.4473409325660296,0.0,0.0,0.3563769574227055,0.43610600050209447,0.4418444089410377,0.0,0.0,0.0,0.26450376769325484,0.3122961839990601,0.0,0.0,0.42202913422213517,0.0,0.42332769464571757,0.30777820627597147,0.0,0.39326815238725354,0.4333300264233562,0.4306248260374218,0.4198130537673221,0.0,0.3974182108885028,0.4077715790511046,0.42930841099351136,0.3251811382407139,0.4393231481419068,0.42700106313810104,0.447494960399492,0.31441044470611224,0.3511635682683615,0.39710544456714497,0.0,0.4083152623870459
0.36030659937364934,0.3868539629566756,0.2754233376204206,0.0,0.3510219902684089,0.41128408963608676,0.4318236658747949,0.4995906282100239,0.3430516378420157,0.3513244680235478,0.2894919859024451,0.31114515654756963,0.4414392302982827,0.4458874996025526,0.35655185845173887,0.39877277484831153,0.36277465433063627,0.3717284488977753,0.293517941845332,0.4206317756444198,0.39358242481008043,0.4058696396298451,0.44117106346003254,0.33831797309658684,0.36458692868330017,0.0,0.4354368715131603,0.45198374223440174,0.41808082943220903,0.32102619244651676,0.3781823533250902,0.4025952687465224,0.34648099213103095,0.3779081327621712,0.4221885184121507,0.47251105592080656,0.0,0.3002691482494909,0.44537497608544774,0.42548625081436364,0.4315188140049728,0.4698279747433164,0.3095664911474458,0.0,0.35220423417318364,0.4289729502519271,0.4529813880805383,0.0,0.0,0.0,0.41542448614444205,0.29023795718833095,0.0,0.0,0.44451741258291616,0.0,0.44043440555939,0.3228096601065478,0.0,0.490863800604213,0.4382563105837983,0.4490562808528239,0.4321403359568846,0.0,0.4692483849020097,0.45665865392081934,0.4751496843963088,0.4521948959277832,0.4457881775964776,0.4363188044081124,0.46625783384317293,0.4536606485900228,0.35171291912111763,0.4415196848951404,0.0,0.42457642828146125
0.4256450690239154,0.40066381860514594,0.3625938773872849,0.410082064312861,0.37722440457188255,0.37147970540243164,0.43108677062229694,0.43219503352117616,0.3634413052400654,0.3999534609333686,0.3840429469544829,0.3360508764046284,0.44923641673696846,0.44468812497605953,0.39261695249942236,0.42065910828999786,0.29298868002254297,0.4147596873293551,0.37485958637442596,0.33636616518645296,0.41469589487043473,0.3988060513029827,0.3477372491109782,0.48397669746630045,0.41358682658883056,0.4354368715131603,0.0,0.42747915002056197,0.3429404011771496,0.3805575265359733,0.38763061681033306,0.409962561186824,0.3609611456639141,0.4118668275106159,0.4544850154946402,0.43929672045144,0.4675561315853542,0.3336811279311373,0.5220767126141646,0.3847241093396321,0.5202310500611411,0.44584271869874476,0.4920609990642425,0.3352878043959341,0.0,0.0,0.34828471061583277,0.569322548324438,0.3497529976575654,0.4857817874529598,0.5282890653656953,0.5094107833251411,0.539540854243805,0.5563599993239974,0.3502297233239798,0.5310618814766124,0.30723884382042044,0.5132686950041837,0.0,0.4678719208352539,0.26054874325467825,0.0,0.0,0.5503338896498056,0.47072108806819923,0.4178765545304346,0.45332993538942284,0.5347809924562358,0.0,0.0,0.45091371243784356,0.5211021847721561,0.5130282286873772,0.4798167995190096,0.0,0.5074639582956092
0.3854057083072454,0.465319793042467,0.4676983294094313,0.2687653471484509,0.41904430464168585,0.4062963630076589,0.3760465676321934,0.4238794858180504,0.471313725705396,0.4197608578621637,0.45302461147479567,0.40096940001314635,0.372625329359261,0.2577615172434934,0.41961080987611143,0.48292029619624754,0.424803509484157,0.47048775441295215,0.4644334619320882,0.41065433444553145,0.430586996563431,0.46089100105247394,0.4145136319395086,0.3995613872060656,0.4468261496465513,0.45198374223440174,0.42747915002056197,0.0,0.3755875294731442,0.3036067705222632,0.4004850588156639,0.3979759012707158,0.42495906932247446,0.4077634602733057,0.39610747744089786,0.2635761436199436,0.2996884131236968,0.4102814523147615,0.4242778206801966,0.36106864571004293,0.35676300154948365,0.31522712543221276,0.36980081643885754,0.0,0.0,0.0,0.2763101639950073,0.40445039377249936,0.0,0.33060042592154915,0.5203520297807226,0.35129768359329905,0.49448896896330224,0.3382022064396913,0.37565272091677315,0.0,0.35952134554004644,0.2624173880450388,0.0,0.0,0.28253426744059257,0.0,0.0,0.0,0.0,0.0,0.3550632641517825,0.5198878483622379,0.0,0.3110357605123684,0.3873147316873189,0.5133132402845736,0.4683183228129683,0.5124954027824957,0.0,0.4772914416375948
0.4296603459244611,0.42816574395876994,0.3644823087186309,0.3673823600510084,0.4454304778313513,0.3209177713312424,0.45641727680964883,0.38937332395003,0.47928228649233684,0.31565028976410786,0.34266395170121094,0.3111723476638458,0.4376306471384089,0.36868213961276797,0.4054699731074646,0.4528694011644599,0.3364481412809668,0.44633286458925825,0.0,0.3309754648708867,0.4011321101249923,0.4085379467580477,0.3908084765473692,0.3792407733331959,0.42718962107284625,0.41808082943220903,0.3429404011771496,0.3755875294731442,0.0,0.3520032131375527,0.36598940707668687,0.4162494560579481,0.3510396595503229,0.41216292177224556,0.4714362569371513,0.4691055009848279,0.43566066453455266,0.0,0.4925684391223907,0.30778515819355184,0.4958414175297092,0.46580360901024953,0.4033699793622487,0.3170803122438236,0.3061055765976556,0.0,0.3818662971653882,0.4344491371398619,0.3518918239416173,0.3721551830267862,0.5404641708138709,0.37926988832858544,0.46145508782358086,0.3533772529601993,0.34921676970266846,0.38889985632827884,0.28627438925119153,0.5203128192803037,0.0,0.4630370751099397,0.28070627425876254,0.0,0.2751921930226076,0.3928630167074101,0.46369305983908987,0.4400648161313137,0.4301205485748464,0.5054778847874803,0.0,0.262417181982106,0.45512792858454443,0.49157414193573046,0.5081894367941604,0.47546253882683714,0.4287701189816497,0.4839030020004875
0.0,0.0,0.4101759192199509,0.36360902858697697,0.0,0.42649627507902427,0.0,0.3759647085787642,0.420382738834961,0.3167756446815101,0.0,0.0,0.41220585886345784,0.0,0.4469464504707772,0.427392662938908,0.2973075273824929,0.38564175248374455,0.0,0.3705625059856316,0.0,0.42675605300976927,0.38702059500208946,0.0,0.0,0.32102619244651676,0.3805575265359733,0.3036067705222632,0.3520032131375527,0.0,0.33243580429028846,0.3600811672440352,0.3503667040579838,0.3734567420542971,0.40190228241224474,0.3474560782081674,0.3789231866208652,0.35350948637582896,0.48773548758353924,0.0,0.0,0.0,0.0,0.0,0.0,0.0,0.0,0.0,0.0,0.0,0.46319899772505513,0.0,0.0,0.0,0.3324556597752579,0.0,0.0,0.0,0.0,0.0,0.0,0.0,0.0,0.0,0.0,0.0,0.0,0.498270524075174,0.0,0.0,0.0,0.4928584224217664,0.4127558513246471,0.0,0.0,0.0
0.3644825783346299,0.37472647270303355,0.47138134678605825,0.34094443559288395,0.4541466836382378,0.44446973417746355,0.43085494804335694,0.435275628045461,0.48834791751646117,0.34245435635881427,0.47944043943459214,0.32897628410729046,0.43019690318698,0.4713594154459457,0.4161663026099203,0.379640790640287,0.34556493994845155,0.36560053165094863,0.5002692841541702,0.3730573400408736,0.40179451432754665,0.4065956850816743,0.41091836275502525,0.3431701549389451,0.3739987176226398,0.3781823533250902,0.38763061681033306,0.4004850588156639,0.36598940707668687,0.33243580429028846,0.0,0.38369488230063553,0.3308561982520779,0.31477018085445385,0.30577038317915495,0.42144071432249397,0.40704770117136435,0.28683210053753283,0.42601302426940024,0.3865593139025041,0.38906199615733916,0.41025529267815297,0.0,0.0,0.32955485253956507,0.4193569912767392,0.43472636834324213,0.38402837597184314,0.0,0.0,0.5113907060595884,0.3197578246690259,0.47487095018133574,0.3332587472194979,0.36768590021423836,0.0,0.3829759049650077,0.3328526605032757,0.0,0.4716999556323884,0.4312590398617353,0.40178141825429103,0.41436791068388634,0.38952245724537926,0.4608221841256551,0.42023167698473585,0.4527625071163662,0.5159659335221786,0.41759504079602094,0.4286459856766403,0.4539830464751776,0.4931602020434136,0.4640186605909921,0.4707725522941558,0.0,0.3677903458356733
0.39585951738226605,0.39812558985443236,0.4433552332394887,0.3081357441410079,0.4129227479858213,0.42498050466101855,0.4150028830200438,0.3888086942716718,0.4378315818013391,0.3412483052051955,0.38581566649735494,0.24431346245853314,0.4158835007538572,0.2905961057701034,0.42220426733675526,0.41875548580159344,0.3805117298639798,0.36875592931057016,0.4070120131538667,0.433159842231685,0.4185104584401664,0.4390988979912961,0.3946819056446339,0.298461586923542,0.38036547118829167,0.4025952687465224,0.409962561186824,0.3979759012707158,0.4162494560579481,0.3600811672440352,0.38369488230063553,0.0,0.3183388176418208,0.35634154757818953,0.3559179223681842,0.281062616847466,0.3330147528205113,0.2521940493344967,0.2930155509168296,0.33797356766225156,0.3491927202520417,0.3386885296133281,0.30932186068367473,0.25480289388385835,0.0,0.41121208166796125,0.43949180533827054,0.5245111331580469,0.23996365196073363,0.39736076786884234,0.5133815369544095,0.3292758709949958,0.48442372837536124,0.48877179239305,0.33492638227710875,0.3946003740402525,0.30001811359453945,0.43285779706028893,0.0,0.47233471575358427,0.41690653281375634,0.37128128793572346,0.38215470093181325,0.41971676554853443,0.4759258716867446,0.44640888158675557,0.46522197327052156,0.51579284188932,0.0,0.41482159770786886,0.46367531087169717,0.5134261515376372,0.34087110379007646,0.488612447421493,0.0,0.5033298269496417
0.3362952648668106,0.35709849098366364,0.0,0.0,0.36196798272079467,0.3773598218222452,0.41277348830152194,0.35038311614439865,0.4098091804488462,0.29245821182600584,0.41520726976915046,0.2576919975137678,0.4383667188471771,0.0,0.3793805271735943,0.37445735241903794,0.34419171440647645,0.35381464706262256,0.3681980258058022,0.38350830831936283,0.372047720757609,0.3885663806253347,0.3494286839795489,0.22792613873572073,0.3279977310769248,0.34648099213103095,0.3609611456639141,0.42495906932247446,0.3510396595503229,0.3503667040579838,0.3308561982520779,0.3183388176418208,0.0,0.27336857112661106,0.4136340153997535,0.4512069662871328,0.3631326815370777,0.1898326526658902,0.36059468467737515,0.3376531412583358,0.37245258715169355,0.3824596767082369,0.0,0.0,0.25148745310876697,0.4176095685922461,0.4291190338615244,0.0,0.0,0.0,0.45830636598375735,0.0,0.0,0.0,0.36788200806290516,0.0,0.34589490903422465,0.30289853432151487,0.0,0.46468380706072765,0.4286842163632613,0.4047097817070332,0.3932489914754083,0.0,0.45243245124628484,0.41181858591233195,0.4639724584595307,0.47033262427105815,0.36651176945870195,0.41232386771301016,0.44338412185154985,0.4824349037225021,0.3344091862515518,0.44934119419098467,0.0,0.3743311304402578
0.34519326814011,0.37421991193794624,0.4759701066370274,0.38578153934563714,0.4255996775802954,0.4184035482201251,0.4302196490656546,0.4377114386906486,0.475911871800039,0.28752470954587084,0.4585992970324792,0.24374417120073763,0.43666619602939405,0.0,0.4360587197824169,0.38960192157659085,0.34276267951790057,0.36012496151708223,0.49002281757992305,0.4312681442607095,0.40868913581266436,0.43827013172879364,0.4225769623129335,0.25825993815455056,0.35117495687221983,0.3779081327621712,0.4118668275106159,0.4077634602733057,0.41216292177224556,0.3734567420542971,0.31477018085445385,0.35634154757818953,0.27336857112661106,0.0,0.35412351177239837,0.4643265753689356,0.3587606141653278,0.2120410284991969,0.3793495343880102,0.3756990654317685,0.3817920092984124,0.3963016006122136,0.32498316932074245,0.0,0.32167571217833185,0.416920711373244,0.43444017876939905,0.37013570454483097,0.0,0.3844337366469458,0.46201543766596165,0.2505600208628714,0.5031960828282127,0.0,0.37317701499514977,0.0,0.361498880880631,0.28393130549698375,0.0,0.4824447257199699,0.43035084903749315,0.40055431337941416,0.40786926127848216,0.0,0.47536845471000705,0.43339356936598045,0.4659552890230411,0.5037911302641849,0.3651579248096075,0.417756707533884,0.455565493694421,0.4941640172080482,0.33084254367539034,0.4805552408817535,0.0,0.3986767591983984
0.39663281966625386,0.4198620490832091,0.48474635309150305,0.38331769068449734,0.4532556150153304,0.4519013289528925,0.42694830081276935,0.4703223537015731,0.48569694789598494,0.2615783338415319,0.4366110018081482,0.29635217988478996,0.43299058920408434,0.0,0.48308853257686024,0.4452260943644987,0.3680694349735523,0.3941249844189885,0.4736728754817936,0.4861659907273509,0.4747969484671592,0.49643361522246976,0.455845462348137,0.3092638148516683,0.38498348228589824,0.4221885184121507,0.4544850154946402,0.39610747744089786,0.4714362569371513,0.40190228241224474,0.30577038317915495,0.3559179223681842,0.4136340153997535,0.35412351177239837,0.0,0.49656623373059394,0.3716358861067911,0.26444565278795623,0.3259734033300329,0.34776670179628394,0.35992398850110885,0.3757116549120605,0.32933895432445537,0.30436507241127775,0.27964073309537335,0.513261837272776,0.4573000375274861,0.3115043517679317,0.0,0.3781288427324536,0.42905552758946985,0.295314394096974,0.49447373446139586,0.29178646316879614,0.3748240245669745,0.3135864247567543,0.26602887786420976,0.2845637032050553,0.0,0.50625201042036,0.4344431695656256,0.0,0.41520488597497085,0.0,0.47058733083500215,0.4993937324254477,0.49936252507243084,0.5372351227721917,0.0,0.42828982182421926,0.4826583793232793,0.49219162090630164,0.28134527052580555,0.4790225356153517,0.0,0.4140307836181879
