0.0,0.42552334826517074,0.0,0.0,0.0,0.41018503236568393,0.332205173957449,0.4804752953457587,0.0,0.0,0.0,0.3931484712706102,0.385983764039922,0.0,0.397122540939421,0.4221516581054301,0.0,0.43925436040119464,0.0,0.4117957368130639,0.38528242596491635,0.4090305580313128,0.4459709051110342,0.35101605256539825,0.44252889790375155,0.36459844775690436,0.4520517855808647,0.4597596655197748,0.4296471880475944,0.0,0.3803025476670277,0.43945191555432417,0.3547515227137047,0.37706259452492186,0.45162146835166245,0.0,0.0,0.34125341907746576,0.4407895931607896,0.41070771520652316,0.39878574353632795,0.5457916134461139,0.0,0.0,0.0,0.3406424009942864,0.4499415735431295,0.0,0.0,0.0,0.0,0.0,0.0,0.0,0.0,0.0,0.0,0.0,0.0,0.0,0.4596778537952225,0.0,0.46879971989911623,0.0,0.0,0.0,0.4629850962364641,0.0,0.0,0.4603660876230123,0.4799645794402524,0.0,0.0,0.0,0.0,0.3815319880468305
0.42552334826517074,0.0,0.3419079610360243,0.0,0.3794219344491844,0.41741577068344937,0.432182300921783,0.43536051811300086,0.3968454133041853,0.0,0.30329500004179283,0.0,0.4465112300045665,0.0,0.4275871384939251,0.4476598306223755,0.0,0.45149755903189537,0.32766644192316524,0.4436479212207812,0.42333710949747544,0.4076298788360524,0.44242320668691293,0.3609016896076016,0.4199632347595006,0.42225133452195157,0.42794622702136204,0.45520475794305604,0.43660002747181426,0.4464249228779381,0.38951220275227544,0.42537893881828986,0.38580498213556713,0.39043791807925876,0.4564791204065643,0.35287829485100697,0.0,0.0,0.4722934076336226,0.4701966965351201,0.4544167112404261,0.49945397619280907,0.0,0.0,0.0,0.4701319382445111,0.4826625519571529,0.0,0.0,0.0,0.43190789376581246,0.33134582500261067,0.0,0.0,0.0,0.0,0.0,0.2964141280009621,0.0,0.4961739341059573,0.48104541088026254,0.35352174869428377,0.49279276150732226,0.0,0.4787827942912142,0.48025047743382054,0.47459634128815503,0.484303009001655,0.0,0.4984859279902764,0.5138525780686161,0.4643295302987448,0.31467902171103695,0.4864740434723444,0.0,0.4541450930949162
0.0,0.3419079610360243,0.0,0.3800587302246294,0.3992384997591942,0.4127010752545556,0.4597399370460753,0.5030643230463965,0.33139576611455857,0.427205417358023,0.3226066386633526,0.33556385620172857,0.46853866252159565,0.44355309019363937,0.0,0.0,0.33329076681774233,0.33244660751339145,0.2768252392048547,0.0,0.0,0.39696400533934406,0.34884951963195276,0.3491572028877536,0.28200051432545015,0.3170063109400907,0.33101401901005256,0.4805520857010698,0.4010563198953767,0.42949406285919606,0.48011716459390963,0.486533447017516,0.0,0.5010026880120799,0.48714175845714003,0.4767674715832268,0.4711933384405458,0.3180859792305195,0.4445241322632563,0.0,0.41861338853669783,0.3218848348470101,0.4839536737614213,0.3081596214433644,0.0,0.0,0.0,0.3844376938253288,0.0,0.5249265965257852,0.5590789943398908,0.579004377366779,0.5655307285166231,0.46041490909011185,0.0,0.37500075745661027,0.0,0.5172242142300277,0.5650027359812442,0.0,0.0,0.0,0.0,0.28657732721579576,0.0,0.0,0.0,0.5346165013602102,0.0,0.0,0.0,0.5847741435109214,0.44264072622423145,0.0,0.0,0.45169680209598523
0.0,0.0,0.3800587302246294,0.0,0.25335190491400067,0.42836043307910404,0.3101465022799885,0.3096407491172853,0.44508957379091163,0.0,0.4025564369347809,0.0,0.3119678988170656,0.23815122373064895,0.0,0.0,0.0,0.0,0.4241173408743405,0.4675279992851463,0.0,0.493561751658717,0.4423286598862587,0.0,0.0,0.0,0.4364008043758698,0.2649546522712966,0.39004326625868624,0.0,0.2755376308370059,0.2743914678441267,0.0,0.3647478564473201,0.394173982358375,0.18916732297053498,0.20219358770194903,0.0,0.0,0.0,0.0,0.0,0.23483558972487031,0.2444404385084551,0.0,0.0,0.0,0.0,0.0,0.0,0.0,0.0,0.0,0.0,0.0,0.0,0.0,0.0,0.0,0.0,0.0,0.0,0.0,0.0,0.0,0.0,0.0,0.3214715175987003,0.0,0.0,0.0,0.0,0.0,0.0,0.0,0.0
0.0,0.3794219344491844,0.3992384997591942,0.25335190491400067,0.0,0.3769720704473096,0.34586615724102254,0.4202225091509529,0.3634642012062355,0.5576673461586932,0.3525847818746284,0.4507816307676878,0.37590566772433304,0.32345614799356265,0.0,0.4024388861510356,0.42149166706986274,0.4042498982642604,0.38990742217586516,0.41836445691365165,0.0,0.42268130359403167,0.38132707477699085,0.4298963785319522,0.35959936162729805,0.38578997794426584,0.3833726626863797,0.37632928407058774,0.4102694663508964,0.43258298710429555,0.4667627904480537,0.3822441974900514,0.4052659085142639,0.4483572514054817,0.4446288703483786,0.2521462257510361,0.26813457949362574,0.41964243360902986,0.2974704171225225,0.0,0.31695901800919457,0.32414728800192927,0.3782918179223316,0.3026778907261587,0.0,0.0,0.0,0.4833406334291944,0.0,0.3552503751301319,0.48680487094588876,0.3380498506594617,0.4219064900728028,0.42840443804414763,0.0,0.4388450869788474,0.0,0.30112689908615276,0.4112260578933804,0.0,0.0,0.0,0.0,0.4371588056762753,0.0,0.0,0.317131728885321,0.5055836654371595,0.0,0.0,0.31784005395452225,0.4538008099742452,0.2779479394296345,0.3139554108624413,0.0,0.3099478681693791
0.41018503236568393,0.41741577068344937,0.4127010752545556,0.42836043307910404,0.3769720704473096,0.0,0.42581133154751943,0.45943297958886975,0.364760233883784,0.5066074334263725,0.3820318183059251,0.4219224352070687,0.395598866981294,0.4526472438003482,0.4506554044425314,0.44527317724740245,0.3098282826996539,0.4943104650417523,0.4324161327611234,0.42061542182858475,0.4661271298238495,0.4288761992971189,0.4118560043145675,0.35158491650972923,0.41123608507187553,0.4421010771294068,0.38893672007727076,0.41720187318524077,0.3520255309286722,0.42468203901299895,0.45680891856769806,0.44227185937050095,0.4215902565219104,0.4750926236629314,0.47436729093068064,0.4596219668437877,0.4630768513811034,0.4091793010507291,0.4806042250089471,0.3530236173338501,0.4984658310321467,0.3781612640901855,0.42307531291147493,0.27907327791293046,0.0,0.0,0.3326434242614318,0.5591246022976822,0.0,0.44273201612072344,0.49956351731200704,0.5510725539280364,0.5054907366300406,0.5527490731396043,0.0,0.5122643433802759,0.38180263060327035,0.5458063792061985,0.44214803641011663,0.4415073041152421,0.2629821360960033,0.0,0.0,0.5443661668015252,0.45180825447163947,0.43905404232254547,0.42953738612043146,0.5222743210470759,0.0,0.2565389574982758,0.4278897963676034,0.5195461973746467,0.5207389798008205,0.477847363185891,0.47731262403985464,0.5081210348488243
0.332205173957449,0.432182300921783,0.4597399370460753,0.3101465022799885,0.34586615724102254,0.42581133154751943,0.0,0.46115494461389767,0.4045927917113598,0.5100493005280824,0.46216952762919017,0.42656234226514145,0.34190133500365316,0.3904581366402405,0.0,0.4576176338634012,0.43506356449007383,0.4582819834275584,0.4632250430772858,0.4522751448708036,0.0,0.4653699864270637,0.45305084352990277,0.42542495930743174,0.42934143017159226,0.44410916149924407,0.4422469000378613,0.3535544808081915,0.44408984069761737,0.46107858903428023,0.41366216084508184,0.4186292614267749,0.4138924143558723,0.4212453378370408,0.4093932001534174,0.33920443796715,0.34915357360458316,0.42194863180795805,0.36053318992594763,0.0,0.32652995194931955,0.30808839258012655,0.3298075094553018,0.0,0.0,0.0,0.28469705179076565,0.4250498513992265,0.0,0.33743978184545553,0.4634007069753316,0.35539762336505354,0.4532521420076311,0.3859557675589807,0.0,0.3405533808878742,0.0,0.3266730934547557,0.0,0.0,0.0,0.0,0.0,0.3632317449766924,0.0,0.0,0.28357760770279916,0.5267198967914287,0.0,0.0,0.29621688805428714,0.5057815010245164,0.3287159654933724,0.0,0.0,0.3377834553526087
0.4804752953457587,0.43536051811300086,0.5030643230463965,0.3096407491172853,0.4202225091509529,0.45943297958886975,0.46115494461389767,0.0,0.5036256608147256,0.4310111121017255,0.41502608981896394,0.41570008484180704,0.4693317872036146,0.4120699929500238,0.4772743835028075,0.44724082845849206,0.3298060417855019,0.47509601845026966,0.4862298739160454,0.3983225211021489,0.3975939558368799,0.42895535425190645,0.3919644226677588,0.49681643635150813,0.4886075920619578,0.48340632959127905,0.4613933374109665,0.4659400321401294,0.42473117399380966,0.4312410490438179,0.47014002662873505,0.380935596762949,0.4473240159229498,0.471387460263796,0.4898323968031514,0.25951578413131293,0.3805272223981512,0.359078265355699,0.47066997902750984,0.0,0.49103618794678566,0.0,0.42704351276007235,0.0,0.0,0.0,0.0,0.5506979026992928,0.0,0.4861468528407254,0.4503856495077952,0.5086666710856786,0.3967227466828931,0.5557127401095232,0.3637526014091479,0.49713574097426705,0.0,0.5148344539518815,0.0,0.48793881317368093,0.0,0.0,0.0,0.5360053565479602,0.4978925112231773,0.5179275236621234,0.5315533503727359,0.4846677714432993,0.0,0.0,0.4385580292211867,0.4956701265575181,0.5042324468066709,0.4454572161228348,0.4272955596278091,0.48448535402328646
0.0,0.3968454133041853,0.33139576611455857,0.44508957379091163,0.3634642012062355,0.364760233883784,0.4045927917113598,0.5036256608147256,0.0,0.5192820699715336,0.35342776140456894,0.4842279385818412,0.40500090944224976,0.45571223435631225,0.0,0.40428101915094106,0.3204064474646223,0.32973625070521995,0.3082685608211501,0.40326069213213084,0.3501146699928341,0.41630783517942344,0.41633974026424186,0.3873989074459116,0.3649082663398645,0.40891061357503666,0.3921574897355006,0.46967323023952157,0.4119471151519304,0.4379401531126841,0.4789544095273899,0.46800378762842604,0.43879729862446,0.48653261443116935,0.4908463597026111,0.49041054343515667,0.48750646634536526,0.5279967619698731,0.4432223548464499,0.0,0.3191101021285391,0.29019522374047446,0.4702131479915298,0.30476819431382873,0.0,0.0,0.32184592335912976,0.5596803662800768,0.0,0.45674060475930284,0.5425061501466985,0.5040966931993396,0.5488388913810228,0.5525717477148966,0.0,0.5352753497106087,0.3947880391948224,0.46243520272953836,0.5006564939343379,0.33536938961790086,0.0,0.0,0.0,0.5502524170582181,0.35050512151522917,0.0,0.31010439062045114,0.5611112314959876,0.0,0.0,0.3090249882943187,0.5566362753064059,0.4330206784138956,0.3530523870986782,0.0,0.37912386083355715
0.0,0.0,0.427205417358023,0.0,0.5576673461586932,0.5066074334263725,0.5100493005280824,0.4310111121017255,0.5192820699715336,0.0,0.514381197959781,0.33144757212661075,0.45937889851063035,0.45576559861219934,0.0,0.39337407552537035,0.34570699169343194,0.38919711246816435,0.49132999617819084,0.30099464494644135,0.0,0.3294785072766972,0.48167959335044075,0.3820940846870025,0.35755710446143546,0.3680196082756749,0.47021101341005633,0.42880966531222625,0.3628067521063405,0.0,0.36192086758927716,0.4047101010308068,0.3201039340475119,0.3322356376343272,0.3687536466342424,0.4695299257824035,0.391820484804305,0.30096538147916735,0.43583622385811094,0.39643997349038745,0.3765131560453921,0.0,0.5199544124684667,0.0,0.38141035431082865,0.0,0.0,0.0,0.0,0.0,0.0,0.0,0.0,0.0,0.4696875044490584,0.0,0.4723796809385566,0.4199373799049223,0.0,0.0,0.0,0.4770437434541166,0.4373055701449527,0.0,0.0,0.0,0.0,0.33151111781632603,0.4867763510183206,0.451625689063294,0.4747074218584698,0.0,0.43384259752861987,0.0,0.0,0.4403463366067862
0.0,0.30329500004179283,0.3226066386633526,0.4025564369347809,0.3525847818746284,0.3820318183059251,0.46216952762919017,0.41502608981896394,0.35342776140456894,0.514381197959781,0.0,0.4616924227710678,0.46567702781516257,0.38702158664944075,0.0,0.0,0.3821498044077226,0.3474158810764082,0.25096754771951735,0.0,0.43867835487050794,0.0,0.3381245580419262,0.4370825064536797,0.35953196819699984,0.30915073309165975,0.3919093574014785,0.4752899216589303,0.3518755705621258,0.0,0.4840875137644985,0.40754640308189694,0.43274426772573205,0.4847644672649391,0.4669786988672397,0.3278162756004399,0.47370561252949095,0.464756545902682,0.4025371888748843,0.0,0.3376789145307627,0.328616823887258,0.4262668583954477,0.30201131269283765,0.0,0.0,0.0,0.39396669916242305,0.0,0.5000641896202286,0.5261667037960558,0.47338899958174674,0.5130512405910553,0.4401596614161735,0.0,0.3754493451359351,0.33537302542710395,0.4339203669790943,0.481622884926603,0.0,0.0,0.0,0.0,0.29054370413416586,0.0,0.0,0.0,0.5655580526146047,0.0,0.0,0.0,0.5482412935646797,0.39319265557642646,0.0,0.0,0.0
0.3931484712706102,0.0,0.33556385620172857,0.0,0.4507816307676878,0.4219224352070687,0.42656234226514145,0.41570008484180704,0.4842279385818412,0.33144757212661075,0.4616924227710678,0.0,0.509282498897447,0.34166018110255564,0.28082638658884185,0.0,0.39061968743883213,0.39313491046496735,0.3721288804015932,0.34553647432090107,0.41377903194171095,0.3636344012089967,0.3793037995110922,0.339188977161016,0.3761760973055407,0.3276065846549846,0.3702317624168717,0.4132611946420124,0.3172997155965499,0.0,0.3584941972459289,0.28226241333651386,0.31618483380146645,0.23854914784466766,0.38068639846216457,0.40269068484069537,0.32803636480886805,0.22908712362609235,0.24140005851139154,0.4069230223318991,0.39939587159080336,0.29680999429918253,0.0,0.0,0.39583849007182775,0.0,0.0,0.0,0.0,0.0,0.0,0.0,0.0,0.0,0.4835761476957736,0.0,0.48039009243520525,0.4228522519453487,0.0,0.0,0.3635741534615037,0.5047397711665275,0.4411462713094681,0.0,0.0,0.0,0.0,0.40217744718917897,0.50325969462953,0.46319612382475917,0.48102155826907034,0.0,0.4395269553508657,0.0,0.0,0.44499444075592887
0.385983764039922,0.4465112300045665,0.46853866252159565,0.3119678988170656,0.37590566772433304,0.395598866981294,0.34190133500365316,0.4693317872036146,0.40500090944224976,0.45937889851063035,0.46567702781516257,0.509282498897447,0.0,0.39872822712378325,0.0,0.47512339950365945,0.473627363725648,0.49449959954680994,0.4650357213201971,0.4514541070578282,0.0,0.4735017918267003,0.45395561913263843,0.5393673964344107,0.4478782772261486,0.4538438088026388,0.44587885337372146,0.35767128744595833,0.4171780254782102,0.41865969967277383,0.43216610199250327,0.41744690120272665,0.46036656287733124,0.4347205790927571,0.4447539641628379,0.3523729808951372,0.3511410984373012,0.4716775334516409,0.45433877625293834,0.3876482155565699,0.3505675870365788,0.29250470896543224,0.3582859593039624,0.2669430684908487,0.0,0.0,0.27110047814076754,0.4627375183524269,0.0,0.336977934258317,0.4918875908196139,0.378715769146576,0.5063052947956385,0.37523587088295357,0.42669596034336277,0.37893764826863086,0.3566166117371905,0.3683111980733459,0.36195883771553633,0.34766303451933916,0.28485544191096573,0.0,0.35130032358511504,0.3830195941392542,0.3929393670375577,0.0,0.2896704677980867,0.5258035994128991,0.0,0.3295357672821391,0.339853825327623,0.5259372754942967,0.3895439331230376,0.46443510598754834,0.3762837708460091,0.38521422102129477
0.0,0.0,0.44355309019363937,0.23815122373064895,0.32345614799356265,0.4526472438003482,0.3904581366402405,0.4120699929500238,0.45571223435631225,0.45576559861219934,0.38702158664944075,0.34166018110255564,0.39872822712378325,0.0,0.0,0.0,0.0,0.0,0.3995466669211976,0.0,0.47797030999203577,0.0,0.42804713049864174,0.0,0.4184317928810934,0.42477058718744065,0.4467030215424206,0.26584159946070085,0.4622890193092498,0.0,0.49480626171111364,0.2605853990760092,0.0,0.44787502300737503,0.4494823129076026,0.22867365139020326,0.21939429054565118,0.3769181054766807,0.0,0.0,0.3939450132307731,0.2755667091415873,0.0,0.0,0.0,0.0,0.0,0.4215204209281717,0.0,0.4285994777165817,0.0,0.4031352751175856,0.0,0.4954028978466761,0.0,0.455142777357348,0.0,0.0,0.0,0.0,0.0,0.0,0.0,0.4460424521429187,0.0,0.0,0.0,0.4813922769221771,0.0,0.0,0.0,0.0,0.0,0.0,0.0,0.0
0.397122540939421,0.4275871384939251,0.0,0.0,0.0,0.4506554044425314,0.0,0.4772743835028075,0.0,0.0,0.0,0.28082638658884185,0.0,0.0,0.0,0.42343981580506995,0.346943249137762,0.4126748843215086,0.0,0.29799368602025983,0.37871546417509266,0.31402998011315003,0.33842347913429244,0.36543311974191633,0.4101086404898211,0.40853264532634664,0.3628675251511415,0.0,0.4344664508322324,0.0,0.40056433835373784,0.4443262715400892,0.3980535938481179,0.42931937362544137,0.501235528721841,0.5561940344193819,0.0,0.0,0.4681634814247832,0.4674290030613428,0.46489812306786366,0.5138705733967543,0.5181738287209353,0.0,0.0,0.0,0.5038685657626277,0.0,0.0,0.0,0.4786610145438768,0.0,0.5476610875335532,0.0,0.0,0.0,0.0,0.0,0.0,0.403406605671341,0.43612465791249777,0.0,0.2950626541996651,0.0,0.39246072814289507,0.4580689086618873,0.4704057654704622,0.4819743281513701,0.0,0.34717471671621003,0.46857413281676286,0.3721826561883097,0.513616217789359,0.46427399932085406,0.0,0.41969621326694273
0.4221516581054301,0.4476598306223755,0.0,0.0,0.4024388861510356,0.44527317724740245,0.4576176338634012,0.44724082845849206,0.40428101915094106,0.39337407552537035,0.0,0.0,0.47512339950365945,0.0,0.42343981580506995,0.0,0.39327927482994174,0.3419790338178415,0.0,0.42073456649765517,0.42109795121378424,0.4011115243261672,0.4370859127415612,0.3774158065086445,0.4501370914374723,0.4148699998046358,0.441353509769558,0.47413905550832364,0.4436572569494146,0.43150142845296896,0.3847316542884601,0.4573046728456227,0.3942185246656821,0.402553443687549,0.473683430458769,0.0,0.0,0.0,0.4487560248212041,0.43165323534572536,0.4408095643282629,0.4810062284386186,0.0,0.0,0.0,0.4517491335588646,0.4668662311956775,0.0,0.0,0.0,0.0,0.0,0.0,0.0,0.34976624772326453,0.0,0.0,0.32320787379552257,0.0,0.4696077934945273,0.46715963872721666,0.33848678483320416,0.4627686832580329,0.0,0.43453022299005745,0.0,0.4592240158191025,0.3681987177505809,0.0,0.4722067102824935,0.4951366754911783,0.3956218437017063,0.33442073275472545,0.40713971625277157,0.0,0.43601859116431835
0.0,0.0,0.33329076681774233,0.0,0.42149166706986274,0.3098282826996539,0.43506356449007383,0.3298060417855019,0.3204064474646223,0.34570699169343194,0.3821498044077226,0.39061968743883213,0.473627363725648,0.0,0.346943249137762,0.39327927482994174,0.0,0.3481288962339219,0.31066179141784545,0.35316996544474055,0.0,0.37433108461991177,0.3154697150221417,0.4033763706007066,0.34770220015089315,0.37036365883059846,0.33246656474273417,0.437940151409674,0.34332462648099565,0.0,0.36554149603975566,0.4243774834674511,0.35255402121302915,0.3554913607650417,0.40043408419183946,0.4774173042471616,0.0,0.324322765564034,0.4152085993661439,0.386213382062172,0.420823448719236,0.0,0.0,0.0,0.0,0.0,0.0,0.0,0.0,0.0,0.0,0.0,0.0,0.0,0.4814950283193006,0.0,0.4908693783366275,0.0,0.0,0.0,0.0,0.4922502330377743,0.4452034563764503,0.0,0.0,0.0,0.0,0.0,0.504497673390725,0.45941140599576846,0.47539856380189777,0.0,0.0,0.0,0.0,0.40940242011741856
0.43925436040119464,0.45149755903189537,0.33244660751339145,0.0,0.4042498982642604,0.4943104650417523,0.4582819834275584,0.47509601845026966,0.32973625070521995,0.38919711246816435,0.3474158810764082,0.39313491046496735,0.49449959954680994,0.0,0.4126748843215086,0.3419790338178415,0.3481288962339219,0.0,0.33464167772540115,0.4226653220815067,0.44582824421019085,0.40881357523612066,0.4605154228219938,0.3933485803971736,0.3857055966597216,0.4001660604254652,0.47659357192067975,0.4672142028887832,0.4410830783716523,0.341120795276181,0.3992433918145366,0.4675028842567592,0.38041258886707335,0.391622166811614,0.460412231037991,0.4930515157305869,0.0,0.28214924582101725,0.44552347010280263,0.4008534975795171,0.4358522202291377,0.47540224834257266,0.0,0.0,0.0,0.4831784957296874,0.4607444137456478,0.0,0.0,0.0,0.0,0.0,0.4122367364103846,0.0,0.46799160472699125,0.0,0.5126620730361983,0.0,0.0,0.392746957761177,0.45718386011480766,0.4899723938154225,0.4569127895569174,0.0,0.33182896055580935,0.4469262947275058,0.4490102427650413,0.33890827620893105,0.5118004642966281,0.4669828748454092,0.48486611466814267,0.0,0.3094235392123379,0.30698534130248273,0.0,0.44555438572790307
0.0,0.32766644192316524,0.2768252392048547,0.4241173408743405,0.38990742217586516,0.4324161327611234,0.4632250430772858,0.4862298739160454,0.3082685608211501,0.49132999617819084,0.25096754771951735,0.3721288804015932,0.4650357213201971,0.3995466669211976,0.0,0.0,0.31066179141784545,0.33464167772540115,0.0,0.0,0.0,0.0,0.3306610145566774,0.35824783497024293,0.30584913740072034,0.30765573003434604,0.37782654390211257,0.46950109904631687,0.0,0.41570712607615073,0.48684603785576097,0.46204005544213267,0.38653067524181106,0.4994279734445104,0.47926161284149504,0.4390885208545189,0.4676571661352839,0.4066859321279583,0.41481627806240423,0.0,0.34874154657641343,0.0,0.4554111643006926,0.0,0.0,0.0,0.0,0.5465333147255118,0.0,0.4781384239102332,0.5526781686419105,0.47641232847459564,0.5456167882370793,0.5679396734471673,0.0,0.5608693600723174,0.0,0.4223260283888421,0.5064141535693668,0.0,0.0,0.0,0.0,0.5675043353256871,0.0,0.0,0.0,0.5789717209269178,0.0,0.0,0.0,0.5799007394690083,0.35773694886507146,0.0,0.0,0.4234589623352346
0.4117957368130639,0.4436479212207812,0.0,0.4675279992851463,0.41836445691365165,0.42061542182858475,0.4522751448708036,0.3983225211021489,0.40326069213213084,0.30099464494644135,0.0,0.34553647432090107,0.4514541070578282,0.0,0.29799368602025983,0.42073456649765517,0.35316996544474055,0.4226653220815067,0.0,0.0,0.4108612867602315,0.3832822165941853,0.26238018637370975,0.3162162203591572,0.4456504797246743,0.4277234992455606,0.3613687371186681,0.41460493081395117,0.3441867025815655,0.3764787936390538,0.3747208856365969,0.4513070969891273,0.4082342370061023,0.4292539080544456,0.50182833496819,0.5334005363463933,0.47527716674689624,0.3681817159057814,0.4782620363219212,0.45616007910086076,0.472792741066532,0.5018412584601445,0.3870168331110674,0.29935949630901293,0.0,0.0,0.46637637572654966,0.0,0.0,0.0,0.4656060341070666,0.340733580366686,0.494959033130977,0.0,0.0,0.0,0.36889465856336806,0.410486203446237,0.0,0.4831975413493677,0.32875880953079206,0.3259196713184897,0.26971148418384333,0.0,0.4802663215845839,0.49413148998495815,0.47979964276242054,0.5025050291669844,0.0,0.296205310224383,0.49787772964213034,0.48595313065985624,0.5615894561777003,0.5043011577951644,0.3814187646920211,0.46355812225500515
0.38528242596491635,0.42333710949747544,0.0,0.0,0.0,0.4661271298238495,0.0,0.3975939558368799,0.3501146699928341,0.0,0.43867835487050794,0.41377903194171095,0.0,0.47797030999203577,0.37871546417509266,0.42109795121378424,0.0,0.44582824421019085,0.0,0.4108612867602315,0.0,0.4075960774482902,0.40011249252250214,0.43850493886140945,0.4450397376062837,0.4076397019438713,0.4525620697411826,0.4921699177086288,0.4262636693768586,0.45612648520789917,0.38837011547556777,0.4410843865797517,0.3727989537869885,0.41871962813548874,0.5072425145700349,0.48124247863639114,0.0,0.35137301723580183,0.47194432539198794,0.4414998583128592,0.4558502266136892,0.5239410397932143,0.0,0.0,0.0,0.3148682193322023,0.5009637519832189,0.0,0.0,0.0,0.48325976525981496,0.0,0.4519594147037024,0.0,0.0,0.0,0.0,0.4688442029143486,0.0,0.4544954265447128,0.4485000912443023,0.0,0.3286144068050663,0.0,0.4722921795472259,0.3607451308545248,0.4921886346507566,0.49549280494202386,0.0,0.4337386668491957,0.5155251349910589,0.4812476069243542,0.510878952510709,0.48424414989298487,0.41743079289419216,0.43024626131191607
0.4090305580313128,0.4076298788360524,0.39696400533934406,0.493561751658717,0.42268130359403167,0.4288761992971189,0.4653699864270637,0.42895535425190645,0.41630783517942344,0.3294785072766972,0.0,0.3636344012089967,0.4735017918267003,0.0,0.31402998011315003,0.4011115243261672,0.37433108461991177,0.40881357523612066,0.0,0.3832822165941853,0.4075960774482902,0.0,0.43117854843338155,0.34118603088066324,0.4419238738395491,0.41044861794724186,0.4281327474029578,0.462150340130259,0.4179541560083701,0.43928134926384416,0.38648511572331284,0.4355235594302049,0.389576098771639,0.41457320691598326,0.4902114325465648,0.5289257379920216,0.48343326120161256,0.0,0.4630380606413601,0.4771958463708264,0.4688262799330629,0.5121824288803589,0.4340856067348372,0.30824973585437504,0.0,0.4508556142184127,0.4857559785469864,0.0,0.0,0.0,0.4592351304538321,0.31529095717045375,0.5150504998232063,0.0,0.0,0.0,0.3984384340721172,0.3104806107090721,0.0,0.475134307758503,0.46608838403786784,0.0,0.3895767142940666,0.0,0.48026179276422415,0.4795179879384387,0.4893756912794411,0.5001594479293513,0.0,0.475218584283818,0.5123741591020864,0.4892214089077288,0.3970522383299876,0.48315784235550124,0.0,0.4579843549937554
0.4459709051110342,0.44242320668691293,0.34884951963195276,0.4423286598862587,0.38132707477699085,0.4118560043145675,0.45305084352990277,0.3919644226677588,0.41633974026424186,0.48167959335044075,0.3381245580419262,0.3793037995110922,0.45395561913263843,0.42804713049864174,0.33842347913429244,0.4370859127415612,0.3154697150221417,0.4605154228219938,0.3306610145566774,0.26238018637370975,0.40011249252250214,0.43117854843338155,0.0,0.43406697243795334,0.43602371850612964,0.4444647525452616,0.34990777537364187,0.4561099863226719,0.4167491326611368,0.4264787404669474,0.44732098519061075,0.4423041361319556,0.41911977635589215,0.46330270055769285,0.5039348016958822,0.41595568758365287,0.4787540166442765,0.3768576340347681,0.5154201010778846,0.5115284426190402,0.5237277947038224,0.516941275607542,0.49699115016581497,0.3893456689130137,0.0,0.0,0.48923217390545715,0.49272132681365266,0.0,0.5368126230961607,0.5021734164845534,0.5484926593469925,0.5059199829477137,0.5621798966396694,0.37932583666440256,0.37888191798185,0.40330891144240766,0.5375234159937019,0.5104930682643503,0.5044013190207772,0.33778279744025386,0.0,0.3154087324288309,0.3784605832674084,0.5056956407404205,0.521954416002005,0.5149946592635146,0.5277272018028868,0.0,0.29296143548085357,0.5701282026126587,0.5208348810248739,0.5256166813099,0.5077598090024822,0.5116774877050742,0.5215555792028526
0.35101605256539825,0.3609016896076016,0.3491572028877536,0.0,0.4298963785319522,0.35158491650972923,0.42542495930743174,0.49681643635150813,0.3873989074459116,0.3820940846870025,0.4370825064536797,0.339188977161016,0.5393673964344107,0.0,0.36543311974191633,0.3774158065086445,0.4033763706007066,0.3933485803971736,0.35824783497024293,0.3162162203591572,0.43850493886140945,0.34118603088066324,0.43406697243795334,0.0,0.3752318659127628,0.3518146543839417,0.320076753173008,0.42690438770637495,0.34750022528039975,0.0,0.363533977735367,0.3823153550019911,0.29374047630017763,0.29237101088308337,0.38780673955270933,0.4270366133727459,0.0,0.25123407784767526,0.47957069173509603,0.38348389107067427,0.44312381155529607,0.0,0.0,0.0,0.33578586668146077,0.47102504494527064,0.4575467478898239,0.0,0.0,0.0,0.0,0.0,0.0,0.0,0.44923797047259373,0.0,0.44120439856146143,0.4649705870556379,0.0,0.0,0.45745932666868017,0.47191272570803805,0.4660301823431897,0.0,0.0,0.0,0.0,0.5513751550667948,0.45242912218937126,0.4664953203050988,0.47794628933038746,0.0,0.0,0.0,0.0,0.46087246194704845
0.44252889790375155,0.4199632347595006,0.28200051432545015,0.0,0.35959936162729805,0.41123608507187553,0.42934143017159226,0.4886075920619578,0.3649082663398645,0.35755710446143546,0.35953196819699984,0.3761760973055407,0.4478782772261486,0.4184317928810934,0.4101086404898211,0.4501370914374723,0.34770220015089315,0.3857055966597216,0.30584913740072034,0.4456504797246743,0.4450397376062837,0.4419238738395491,0.43602371850612964,0.3752318659127628,0.0,0.385779123664421,0.42194066221940524,0.44222465351471907,0.44565630356663477,0.3482710624892184,0.38909829516189454,0.41861018603506356,0.3499575284918743,0.35275236428724693,0.39358933532700086,0.42986887324848266,0.0,0.298030148835958,0.4707962958390298,0.43025180056058726,0.4507122570827833,0.48893458959679126,0.0,0.0,0.34731944129090025,0.5009859385342652,0.47536827940281284,0.0,0.0,0.0,0.2693856063732315,0.0,0.39678326527478713,0.0,0.4750498620680978,0.0,0.4784687350830608,0.31630464730273733,0.0,0.44215573230888616,0.4824276541574146,0.4712900439401448,0.4757210416490888,0.0,0.44467199993621714,0.4610999541708815,0.47072792708561306,0.3598899807898641,0.4763708594459833,0.4849606258447767,0.4944603331210701,0.0,0.37920177467463445,0.46377662691625143,0.0,0.4575724176635917
0.36459844775690436,0.42225133452195157,0.3170063109400907,0.0,0.38578997794426584,0.4421010771294068,0.44410916149924407,0.48340632959127905,0.40891061357503666,0.3680196082756749,0.30915073309165975,0.3276065846549846,0.4538438088026388,0.42477058718744065,0.40853264532634664,0.4148699998046358,0.37036365883059846,0.4001660604254652,0.30765573003434604,0.4277234992455606,0.4076397019438713,0.41044861794724186,0.4444647525452616,0.3518146543839417,0.385779123664421,0.0,0.45712555003155003,0.44897340576597394,0.4354599723795769,0.0,0.384399814120192,0.42719750327248424,0.36275935000340664,0.37686146505285223,0.4415967641380547,0.44160232794215803,0.45485344027941144,0.3321323699828096,0.4642339552338055,0.4398481299280469,0.45523033125146634,0.49668871345948873,0.0,0.0,0.3701976290155626,0.4738644869570738,0.4893679795781806,0.0,0.0,0.0,0.45467254832527243,0.0,0.4757887709265125,0.0,0.5053430950882715,0.0,0.5051990813739125,0.3410440976199233,0.0,0.47633485753777216,0.4749009982026855,0.48685284145023916,0.47510022837449134,0.0,0.49244134398313216,0.4893721504610734,0.4992579167996992,0.5145054226595484,0.49718118928893873,0.47863811797473754,0.49939473197894974,0.48428180106351415,0.393654522953107,0.49364256592406097,0.0,0.4581577034810152
0.4520517855808647,0.42794622702136204,0.33101401901005256,0.4364008043758698,0.3833726626863797,0.38893672007727076,0.4422469000378613,0.4613933374109665,0.3921574897355006,0.47021101341005633,0.3919093574014785,0.3702317624168717,0.44587885337372146,0.4467030215424206,0.3628675251511415,0.441353509769558,0.33246656474273417,0.47659357192067975,0.37782654390211257,0.3613687371186681,0.4525620697411826,0.4281327474029578,0.34990777537364187,0.320076753173008,0.42194066221940524,0.45712555003155003,0.0,0.4487953639190721,0.37329560900390607,0.41790782440165375,0.40990237844464184,0.4392833973368121,0.3877792371984793,0.4451154806875416,0.4777271903957023,0.4731077975870794,0.4545387663484696,0.3773773684071793,0.5092352648103604,0.4465850427580639,0.5197831315900916,0.49262552322899567,0.48372487424565325,0.3032881748579519,0.0,0.0,0.42271220515791585,0.5728263707456652,0.0,0.4852519448806183,0.5030684759810501,0.537268456020717,0.5118426003759312,0.5615955529694753,0.3495959263036306,0.543494514213568,0.37493308361322314,0.5489570285823165,0.49496962312297044,0.49681809423558887,0.28878632805786436,0.0,0.31704893970427633,0.553498941071024,0.4912219330582526,0.5033746662013941,0.5214516365313978,0.521655746929143,0.0,0.29010166099347584,0.500856167229788,0.5120551022780482,0.5268563944126201,0.5059770677025471,0.4824502741599778,0.5078979995357518
0.4597596655197748,0.45520475794305604,0.4805520857010698,0.2649546522712966,0.37632928407058774,0.41720187318524077,0.3535544808081915,0.4659400321401294,0.46967323023952157,0.42880966531222625,0.4752899216589303,0.4132611946420124,0.35767128744595833,0.26584159946070085,0.0,0.47413905550832364,0.437940151409674,0.4672142028887832,0.46950109904631687,0.41460493081395117,0.4921699177086288,0.462150340130259,0.4561099863226719,0.42690438770637495,0.44222465351471907,0.44897340576597394,0.4487953639190721,0.0,0.389085768712446,0.3198233469349158,0.39213315061824305,0.3930161323210578,0.3836465062075372,0.4028475343545614,0.40570605297019324,0.2724187637179703,0.26360804158174245,0.3708107250924486,0.41568747651835325,0.0,0.43074705606330516,0.30380642494276394,0.2884671667847242,0.24315931605086732,0.0,0.0,0.28494233200889807,0.39457769792673747,0.0,0.3260584861631258,0.5139570934821894,0.37947500951142976,0.5521322927356017,0.35972959415029404,0.4172502851974561,0.33363822034373714,0.30423164152267124,0.5063415358235667,0.34962304358487306,0.45960960744456014,0.2902714373639481,0.0,0.0,0.31935621933478286,0.4782163178487134,0.48986136538417324,0.3766936200262152,0.5245044692652948,0.0,0.3449193490742303,0.4089348579881297,0.5154387873516877,0.579926618712405,0.5159206901895091,0.3939488099063615,0.4983301890946834
0.4296471880475944,0.43660002747181426,0.4010563198953767,0.39004326625868624,0.4102694663508964,0.3520255309286722,0.44408984069761737,0.42473117399380966,0.4119471151519304,0.3628067521063405,0.3518755705621258,0.3172997155965499,0.4171780254782102,0.4622890193092498,0.4344664508322324,0.4436572569494146,0.34332462648099565,0.4410830783716523,0.0,0.3441867025815655,0.4262636693768586,0.4179541560083701,0.4167491326611368,0.34750022528039975,0.44565630356663477,0.4354599723795769,0.37329560900390607,0.389085768712446,0.0,0.3527872303389771,0.36296848753848787,0.4339794386605353,0.34368376830756525,0.4275396647126944,0.4853998525389159,0.47062586366126624,0.4425287626670295,0.34300556071767974,0.4884863483488714,0.3998736666955773,0.4784217922074532,0.45440473746990484,0.4128793877098889,0.2937490517928602,0.0,0.0,0.4276049164019622,0.4039071394853909,0.0,0.36405426857344075,0.4966181856363429,0.380228139987799,0.5025141444622879,0.3380639885478186,0.0,0.0,0.3401347829310134,0.5550760954028908,0.0,0.4742210169707729,0.28965588270700404,0.32275359929929875,0.2706210100437375,0.35361108043411005,0.4714721233418259,0.4831510951013832,0.4828262252856307,0.4957833375799966,0.0,0.27744132855813447,0.4475298248687948,0.47998447908443836,0.526054872620061,0.473095078373561,0.44379355562311934,0.46864192919572517
0.0,0.4464249228779381,0.42949406285919606,0.0,0.43258298710429555,0.42468203901299895,0.46107858903428023,0.4312410490438179,0.4379401531126841,0.0,0.0,0.0,0.41865969967277383,0.0,0.0,0.43150142845296896,0.0,0.341120795276181,0.41570712607615073,0.3764787936390538,0.45612648520789917,0.43928134926384416,0.4264787404669474,0.0,0.3482710624892184,0.0,0.41790782440165375,0.3198233469349158,0.3527872303389771,0.0,0.3305388157210808,0.42070951817848806,0.34616882660088655,0.40671315730227026,0.4679660311726672,0.4251193402978276,0.0,0.0,0.5025400784560465,0.0,0.4408031446247162,0.0,0.0,0.0,0.0,0.0,0.0,0.0,0.0,0.0,0.43180730348714247,0.3704366455349124,0.0,0.3661908790666749,0.0,0.0,0.0,0.36223158695751184,0.0,0.0,0.0,0.0,0.0,0.0,0.0,0.0,0.0,0.49962368546727454,0.0,0.0,0.0,0.4920170939139738,0.4083904270947849,0.42985794967861246,0.0,0.4277290118263507
0.3803025476670277,0.38951220275227544,0.48011716459390963,0.2755376308370059,0.4667627904480537,0.45680891856769806,0.41366216084508184,0.47014002662873505,0.4789544095273899,0.36192086758927716,0.4840875137644985,0.3584941972459289,0.43216610199250327,0.49480626171111364,0.40056433835373784,0.3847316542884601,0.36554149603975566,0.3992433918145366,0.48684603785576097,0.3747208856365969,0.38837011547556777,0.38648511572331284,0.44732098519061075,0.363533977735367,0.38909829516189454,0.384399814120192,0.40990237844464184,0.39213315061824305,0.36296848753848787,0.3305388157210808,0.0,0.4208755191074077,0.32959702906170846,0.2791517756752225,0.26283834889691965,0.4524660862380046,0.327524672321792,0.2952603240855921,0.44930946514685227,0.3920432679414564,0.426959285754927,0.47174224231739137,0.0,0.0,0.0,0.39607275333362363,0.44530417920942755,0.40148770920051446,0.0,0.0,0.4986924683124665,0.33949331364422564,0.0,0.33989225316892235,0.422394919039974,0.0,0.4391984875967344,0.39499373859569387,0.0,0.4724813855235428,0.4382626350701342,0.45629952859675554,0.468032261111317,0.0,0.45221582400573795,0.39101047228242775,0.4501721925540959,0.5189212714351621,0.4875163304291873,0.4634193178428887,0.4728070196115389,0.5158846082461429,0.5006304385486853,0.4706428388396236,0.0,0.492706883988014
0.43945191555432417,0.42537893881828986,0.486533447017516,0.2743914678441267,0.3822441974900514,0.44227185937050095,0.4186292614267749,0.380935596762949,0.46800378762842604,0.4047101010308068,0.40754640308189694,0.28226241333651386,0.41744690120272665,0.2605853990760092,0.4443262715400892,0.4573046728456227,0.4243774834674511,0.4675028842567592,0.46204005544213267,0.4513070969891273,0.4410843865797517,0.4355235594302049,0.4423041361319556,0.3823153550019911,0.41861018603506356,0.42719750327248424,0.4392833973368121,0.3930161323210578,0.4339794386605353,0.42070951817848806,0.4208755191074077,0.0,0.3589437312544027,0.40468450061817207,0.4213141011269266,0.2894021456896022,0.35820634300201415,0.30364548797948876,0.3440850624683948,0.3196692057129252,0.35912039496318615,0.35222626442597155,0.3313056526127883,0.308692858708453,0.2623840487521777,0.4470666516982611,0.47368150467217673,0.5052680998680823,0.0,0.377686820193452,0.5009171613738108,0.5216662313144552,0.5042854642234692,0.5075070805151447,0.37019706762381455,0.425676530622349,0.26098192983886437,0.5607040281982717,0.4847477908576707,0.4942960554893108,0.4865816297623804,0.3918218699894076,0.46434027877384987,0.43674280142517824,0.5002793213176647,0.4520740046139086,0.4857636671137456,0.5158013668965953,0.35732263684405885,0.5023114230396813,0.4877542092127327,0.509806027784417,0.5054578933820325,0.49493745624416896,0.504141964676316,0.5066808232256174
0.3547515227137047,0.38580498213556713,0.0,0.0,0.4052659085142639,0.4215902565219104,0.4138924143558723,0.4473240159229498,0.43879729862446,0.3201039340475119,0.43274426772573205,0.31618483380146645,0.46036656287733124,0.0,0.3980535938481179,0.3942185246656821,0.35255402121302915,0.38041258886707335,0.38653067524181106,0.4082342370061023,0.3727989537869885,0.389576098771639,0.41911977635589215,0.29374047630017763,0.3499575284918743,0.36275935000340664,0.3877792371984793,0.3836465062075372,0.34368376830756525,0.34616882660088655,0.32959702906170846,0.3589437312544027,0.0,0.26125115435798574,0.4711020948748754,0.29362771060225,0.35196477666539777,0.20915832662025044,0.3350418262572817,0.2985250064374288,0.388886462092603,0.0,0.0,0.0,0.2788185207270638,0.4231867677384745,0.4487091026948145,0.0,0.0,0.0,0.0,0.0,0.0,0.0,0.4013443690972527,0.0,0.4019692487457563,0.35693358767705335,0.0,0.4864182931096438,0.43780701529986027,0.38417403861934596,0.3905853932220969,0.0,0.4742100495900568,0.0,0.47688481281000794,0.4749863144499994,0.41417083480519185,0.41463023308756264,0.4394277471347976,0.0,0.360745699176144,0.44893167416720503,0.0,0.38823309440501613
0.37706259452492186,0.39043791807925876,0.5010026880120799,0.3647478564473201,0.4483572514054817,0.4750926236629314,0.4212453378370408,0.471387460263796,0.48653261443116935,0.3322356376343272,0.4847644672649391,0.23854914784466766,0.4347205790927571,0.44787502300737503,0.42931937362544137,0.402553443687549,0.3554913607650417,0.391622166811614,0.4994279734445104,0.4292539080544456,0.41871962813548874,0.41457320691598326,0.46330270055769285,0.29237101088308337,0.35275236428724693,0.37686146505285223,0.4451154806875416,0.4028475343545614,0.4275396647126944,0.40671315730227026,0.2791517756752225,0.40468450061817207,0.26125115435798574,0.0,0.33034039553054256,0.4292952672212422,0.3319825565838134,0.20929866281956205,0.406690102515147,0.3801820856088748,0.36969418581700014,0.38827314876779784,0.34575811094865283,0.283635461987163,0.3486898357273251,0.42171653888618044,0.46194933167643104,0.37013040822167764,0.0,0.36008928880334334,0.5300436990167758,0.31056957351880915,0.5220271708210036,0.32486196454407845,0.40882091251104524,0.3548144003595619,0.37511338181829423,0.3387474426983838,0.0,0.4893525731442394,0.4514299881873889,0.44546821031873685,0.45394753754104666,0.3593930868531444,0.48310307343414227,0.43026326295429845,0.47586144976947903,0.5338883727600104,0.4124452609402197,0.45950959473126685,0.4837831279647117,0.5193255895343851,0.3762414139190567,0.5008302492744428,0.0,0.4505213357340826
