0.0,0.4185170843598192,0.4045651396786206,0.0,0.0,0.35049379646245526,0.0,0.49964896828901556,0.0,0.38131932461673335,0.0,0.39625660800730605,0.0,0.0,0.38007443499510807,0.4024141783604762,0.0,0.39437040066337087,0.0,0.4365305091816649,0.37585691600003124,0.40888533343153594,0.4756791130283399,0.3739096506648696,0.3928617585456515,0.3933458131291407,0.4765127666985126,0.40677289573159287,0.4299302232337732,0.0,0.36188745270980793,0.4110698871899504,0.35891593021663915,0.36759993344057396,0.4189495307391837,0.0,0.0,0.0,0.42753355899839807,0.434306247578581,0.0,0.0,0.0,0.0,0.0,0.41829229213964586,0.47250595933764156,0.0,0.0,0.0,0.0,0.0,0.0,0.0,0.4572444068294621,0.0,0.44439492094153327,0.0,0.0,0.0,0.45676256021961853,0.0,0.4720644174911039,0.0,0.516257268443319,0.2914397948011229,0.46606085697209326,0.0,0.5117636693487156,0.45918233262022784,0.47396968585947513,0.0,0.0,0.0,0.0,0.0
0.4185170843598192,0.0,0.3053930035575349,0.0,0.3661502796526882,0.39916358513326244,0.4347290703827771,0.4679073274156784,0.35602477936056587,0.2836820039589293,0.0,0.33501174378442106,0.44274231996648183,0.0,0.41555691144506834,0.42078174521082556,0.0,0.416223146165879,0.0,0.43582509229797767,0.4209862565660491,0.4133044883917446,0.4156565365236803,0.0,0.40954559112551314,0.41197952598451787,0.4025172187900308,0.43610435975891404,0.41272100262795386,0.0,0.3617222402943793,0.4191260872408548,0.37503073969720496,0.37798595917387057,0.44553540187713586,0.0,0.0,0.0,0.4457962466404013,0.4594563666485024,0.4638657534883614,0.4907474313502469,0.0,0.0,0.0,0.47027619396533027,0.4756465532593192,0.0,0.0,0.0,0.42410681970828695,0.0,0.0,0.0,0.0,0.0,0.0,0.28194985391083116,0.0,0.46160958665596463,0.45678314062476905,0.0,0.469250600143144,0.0,0.45693171755701467,0.43815208097308195,0.4802895631871382,0.4246292993718036,0.0,0.46705856627871867,0.4927834463340954,0.43212074613327184,0.2864608616587595,0.4598915067057983,0.0,0.4450037180467104
0.4045651396786206,0.3053930035575349,0.0,0.0,0.41972986920445066,0.4124066063878254,0.43832143860518336,0.47054086906453946,0.34929184686951187,0.3796693793377451,0.3543981617996954,0.0,0.4378059236694646,0.4314295641355823,0.0,0.32990705253292163,0.0,0.2767420790773093,0.3203033637271108,0.0,0.3892511286218594,0.3784498166693985,0.3705326552634452,0.36153055541936124,0.22454528048810593,0.33007044044305234,0.3544123494391059,0.4515589327380596,0.40304977262391983,0.4270112394257473,0.46066740558933444,0.4194513517196915,0.0,0.44892853474602934,0.4416814630975854,0.42154674371375955,0.4185924589343307,0.2939880185273497,0.4750986663193852,0.0,0.4281612988015218,0.4100310221178142,0.5264496418666972,0.281834167369026,0.0,0.0,0.0,0.5283830831119242,0.0,0.35337834267444057,0.5583278453211101,0.44596810568163553,0.564791615679984,0.5772068375015099,0.0,0.3970260457410782,0.0,0.45311963947433376,0.0,0.0,0.0,0.0,0.0,0.24400330410637447,0.0,0.0,0.0,0.5742949693893245,0.0,0.0,0.0,0.5803468454901336,0.3975357707498317,0.3662759639495978,0.0,0.44412550019731933
0.0,0.0,0.0,0.0,0.24005312662190684,0.41314850578565426,0.24947460700995,0.330223368803606,0.42380836580211645,0.0,0.40528605265923917,0.0,0.29050662736076605,0.30277467914371603,0.0,0.0,0.0,0.0,0.40659198835389654,0.0,0.0,0.0,0.40838065341834745,0.0,0.0,0.0,0.4085478419403592,0.25532099485828563,0.0,0.0,0.3179997550610788,0.29099916941790827,0.0,0.2589285981182079,0.27594393929275307,0.25922984844732044,0.196975290255951,0.0,0.0,0.0,0.0,0.0,0.0,0.0,0.0,0.0,0.0,0.0,0.0,0.0,0.0,0.0,0.0,0.0,0.0,0.0,0.0,0.0,0.0,0.0,0.0,0.0,0.0,0.0,0.0,0.0,0.0,0.0,0.0,0.0,0.0,0.0,0.0,0.0,0.0,0.0
0.0,0.3661502796526882,0.41972986920445066,0.24005312662190684,0.0,0.4005159192652366,0.36570052681603793,0.4220401679401359,0.3595826529172263,0.43916460955655656,0.36602223827783,0.39394396828988687,0.38568312559515006,0.3441165483082275,0.0,0.0,0.0,0.0,0.4211379775978378,0.0,0.3119743256464653,0.4720095511094525,0.41891956670664754,0.0,0.0,0.3391430411956814,0.4032137256293118,0.3875576893831026,0.425123461312758,0.0,0.4570987613514094,0.3692136993278479,0.0,0.4404960902740454,0.4336609885597229,0.2723934186304008,0.3478414300911512,0.3788487778173251,0.3957332066795388,0.0,0.0,0.274490833862225,0.0,0.2741751251465061,0.0,0.0,0.0,0.5044146937595679,0.0,0.0,0.4631968393727949,0.3685544384219556,0.4989001242533875,0.46405103293845595,0.0,0.440632810358486,0.0,0.32670859734307983,0.43123750281097883,0.0,0.0,0.0,0.0,0.4836506581986073,0.0,0.0,0.0,0.5352665467643375,0.0,0.0,0.0,0.5008412733621337,0.3125907538358229,0.0,0.0,0.0
0.35049379646245526,0.39916358513326244,0.4124066063878254,0.41314850578565426,0.4005159192652366,0.0,0.430137940715668,0.42857180156661423,0.37101194795360454,0.46675967169491545,0.4030464790540044,0.351998821588393,0.4113927796121635,0.4327064569725154,0.42006912053886586,0.4322650115306869,0.28671341956089574,0.38521232876302214,0.4197342017925138,0.42619409474434417,0.41896418568424043,0.4471777302039626,0.4269349525346143,0.3802364373328383,0.375150919357789,0.3926867703483388,0.4094190275755131,0.4245358408311497,0.3922853214296191,0.42656400794466126,0.4555257666076926,0.4195067853666875,0.3823190716071758,0.451981857525971,0.46170349015114054,0.42406191442814367,0.43799447251665996,0.3865746176884891,0.48572954371235183,0.3111724047405735,0.5284166615680607,0.4105694190597605,0.49300716686275725,0.25001559379529315,0.0,0.0,0.30726890723967115,0.5511574145536235,0.0,0.4264343619917349,0.5040755084892775,0.4746292009237004,0.48657284120711,0.5442603656478316,0.0,0.4975022352961918,0.0,0.47968711587415785,0.0,0.3874363365874606,0.23347899331413915,0.0,0.0,0.5217795395265213,0.39971881798653347,0.418168483434977,0.3426640496168173,0.5295469136765059,0.0,0.23917078910659273,0.3647843888445576,0.528348167652685,0.4963614369101538,0.47691450416760434,0.4405952007282436,0.5036225759057388
0.0,0.4347290703827771,0.43832143860518336,0.24947460700995,0.36570052681603793,0.430137940715668,0.0,0.4323025385667923,0.398930624998393,0.494563533175175,0.44835066369773596,0.4129663494891565,0.34123949353819855,0.45109283309418435,0.0,0.4577686203720206,0.4144787349403591,0.4354097976806023,0.4494055138865197,0.449739749382879,0.3803140804454143,0.47501243361614826,0.41896291061987107,0.0,0.418200864451878,0.4087292926990609,0.42706222233353475,0.40948899320943827,0.45666859313087427,0.0,0.4411278224580602,0.43420962216634296,0.4133056053273688,0.4366460662968082,0.435007257132904,0.3929830970724018,0.38552070961562324,0.41732925284278005,0.36846951086534674,0.0,0.3552876823178781,0.0,0.3884882529730762,0.2739794693352062,0.0,0.0,0.0,0.43562478080958983,0.0,0.0,0.43527676260702347,0.34465800799929663,0.42343384178041665,0.40334894137578037,0.0,0.3595733134677909,0.0,0.30512191561832347,0.0,0.0,0.0,0.0,0.0,0.0,0.28819813932966076,0.0,0.0,0.5145150100763232,0.0,0.0,0.29288789162104495,0.5060609961983205,0.31201489398736276,0.32907482692085827,0.0,0.32760102592833207
0.49964896828901556,0.4679073274156784,0.47054086906453946,0.330223368803606,0.4220401679401359,0.42857180156661423,0.4323025385667923,0.0,0.49683219768375175,0.3953877784524529,0.354175719163756,0.0,0.43204126587726793,0.3383794933418811,0.4158776401219746,0.4573630986184313,0.0,0.4799070335267308,0.44854237319229273,0.4074140541948757,0.46301225021188863,0.4240651019388677,0.40436269085938603,0.5256147857608487,0.4933533692681721,0.5050896612305147,0.4663662812007682,0.42955433356941325,0.39581236588672053,0.3997193982780899,0.4472610692058233,0.39327949260084616,0.4430499989073198,0.45029673239719464,0.45786045666732694,0.3047068560444135,0.37167271319634965,0.0,0.4657936561392675,0.0,0.4981312136562478,0.0,0.44439779251920625,0.0,0.0,0.0,0.0,0.5428313914333123,0.0,0.4609701476160962,0.45449183709614005,0.4611269635682358,0.39175989319732124,0.5470890123492264,0.0,0.47755730561359444,0.0,0.4559555559215684,0.0,0.455539438274362,0.0,0.0,0.0,0.5195678555618902,0.48701643774782416,0.47997869445008257,0.0,0.5026746517495286,0.0,0.0,0.0,0.519539303951907,0.4687002164712283,0.4529025595779713,0.4080661533536777,0.4835229881406753
0.0,0.35602477936056587,0.34929184686951187,0.42380836580211645,0.3595826529172263,0.37101194795360454,0.398930624998393,0.49683219768375175,0.0,0.44962066633976006,0.32489044737790335,0.40054671133414205,0.37851135066973335,0.4137862206169913,0.0,0.36989515015791746,0.0,0.2958647333634715,0.30805533089701753,0.0,0.3308664149667271,0.43132239928791505,0.44184095628849535,0.0,0.31781059824715985,0.2702124735932162,0.3811651489675067,0.4551217266969351,0.417931450766815,0.41466474136856324,0.46571112507694146,0.43002354851287466,0.40303156588598865,0.46129510400402174,0.45568516224795097,0.40883247491937824,0.44998347526936266,0.42747073119420514,0.4021162878999288,0.0,0.30620267821324426,0.27214026556153076,0.528601514533017,0.27678921236907317,0.0,0.0,0.0,0.5702716701140657,0.0,0.46584054956163606,0.5456007976253419,0.47150872073008127,0.5373095409164869,0.5574384419743001,0.0,0.5508451983268436,0.0,0.44267685365948356,0.0,0.0,0.0,0.0,0.0,0.5357222117928122,0.0,0.0,0.0,0.5635289164386538,0.0,0.0,0.0,0.5563307876308904,0.4034635690156936,0.3602350455566743,0.0,0.3878423371505116
0.38131932461673335,0.2836820039589293,0.3796693793377451,0.0,0.43916460955655656,0.46675967169491545,0.494563533175175,0.3953877784524529,0.44962066633976006,0.0,0.45041531380397043,0.3111037309369861,0.423237284720509,0.4627982935064257,0.0,0.36327143758123687,0.34314441081093583,0.37089062428741165,0.4387801050208433,0.33629989185822917,0.0,0.327608904283193,0.4100174597484686,0.31881694444324854,0.3730178131706519,0.36065051371218476,0.427710697377114,0.4110015812526339,0.3524181029865835,0.0,0.32633144689424315,0.3586628467871307,0.32564829560637193,0.31959284645078045,0.30782394050464557,0.34387549360626085,0.31027934226407144,0.2930876355861338,0.297380783269296,0.34197766761994763,0.38337996801769275,0.3634629722301539,0.0,0.2617953419879693,0.3353790764401455,0.405044857284639,0.36800706427595825,0.0,0.0,0.0,0.33400585832062946,0.0,0.3282271521449661,0.0,0.4509263177544819,0.0,0.44384100426688805,0.3738840453083599,0.0,0.0,0.36732433129190145,0.39775547903865854,0.3627033453645006,0.0,0.0,0.0,0.0,0.31401071726485674,0.4307309289801368,0.40965770758366327,0.46075710124959957,0.0,0.49182506260240627,0.0,0.0,0.40859882600534514
0.0,0.0,0.3543981617996954,0.40528605265923917,0.36602223827783,0.4030464790540044,0.44835066369773596,0.354175719163756,0.32489044737790335,0.45041531380397043,0.0,0.4006504897222709,0.4475524594248556,0.31640059294972867,0.0,0.0,0.0,0.3140216034598517,0.2906861084733739,0.0,0.4658810383491023,0.0,0.2875964089016773,0.39617669176855036,0.0,0.28994663066026477,0.4147758910883121,0.44974621384506813,0.0,0.0,0.47035145367612335,0.3939082619187585,0.34347256541057924,0.455150947609804,0.4456052290518032,0.3444054219457549,0.451682912829431,0.4161490418265867,0.4032231822739323,0.0,0.0,0.2911703082869036,0.421578128016341,0.28600893917929837,0.0,0.0,0.0,0.544673256470257,0.0,0.4194811926596027,0.4718377356942182,0.4518460213748048,0.4601532934235097,0.5367742944809025,0.0,0.46314921184784347,0.0,0.4155018354186577,0.4352864055360638,0.0,0.0,0.0,0.0,0.20031517033516547,0.0,0.0,0.0,0.49115618335933797,0.0,0.0,0.0,0.5103190824190438,0.38324932279936524,0.0,0.0,0.0
0.39625660800730605,0.33501174378442106,0.0,0.0,0.39394396828988687,0.351998821588393,0.4129663494891565,0.0,0.40054671133414205,0.3111037309369861,0.4006504897222709,0.0,0.394916731627775,0.0,0.298053509225968,0.0,0.3745183755668551,0.39153637087635107,0.3216274742019173,0.0,0.41665070487760814,0.0,0.3699626354467641,0.290435184204694,0.40882350420619806,0.3412029687617911,0.328190060088,0.3881504451793858,0.0,0.0,0.3333641128673041,0.26907391618201715,0.29840475355958757,0.2683538077643997,0.32686246712391337,0.3461539469781402,0.3593545385235362,0.23820790682425416,0.25372659745953746,0.36343740452602513,0.395250114100206,0.3567527302215471,0.29691183821237976,0.2753379728239043,0.3482121570266409,0.0,0.0,0.0,0.0,0.0,0.0,0.0,0.0,0.0,0.45339288685058016,0.0,0.3690891097760591,0.38724292436437324,0.0,0.0,0.35974056343567484,0.3789952196691895,0.3738875628979732,0.0,0.0,0.0,0.0,0.0,0.41878503241057136,0.42702328659980576,0.4743081897359607,0.0,0.40662811923144015,0.0,0.0,0.42092156471600867
0.0,0.44274231996648183,0.4378059236694646,0.29050662736076605,0.38568312559515006,0.4113927796121635,0.34123949353819855,0.43204126587726793,0.37851135066973335,0.423237284720509,0.4475524594248556,0.394916731627775,0.0,0.4008439667851812,0.0,0.461272593719201,0.41830414168498953,0.44005773673968274,0.44475645210992343,0.44652475941724684,0.4388119004620557,0.47514255929140575,0.42429592094489027,0.38660420315269445,0.43271465206813176,0.43376567033305163,0.4346677408182598,0.3767391716882729,0.44150793426216317,0.42505917599873816,0.4232068514760859,0.423113312092892,0.4282969782950792,0.4199925196672395,0.4159980113769969,0.35817442132237026,0.34997070039598166,0.4168178487211349,0.409046510087832,0.40153890309755447,0.39591020809127075,0.31722487201935523,0.3474644487795776,0.2548456596973618,0.0,0.0,0.27140510434305,0.44258563998744616,0.0,0.3428418549527632,0.47390815329177044,0.34349756291660005,0.4720882661073309,0.4037047682326055,0.0,0.3998102785219152,0.0,0.332296876583748,0.0,0.32163830791522285,0.0,0.0,0.0,0.43657914062929326,0.3760279373283445,0.0,0.3016579879668295,0.5192503825655841,0.0,0.0,0.3229848719369018,0.5242255755579297,0.37827267735160086,0.41076836519864585,0.0,0.36127215484489
0.0,0.0,0.4314295641355823,0.30277467914371603,0.3441165483082275,0.4327064569725154,0.45109283309418435,0.3383794933418811,0.4137862206169913,0.4627982935064257,0.31640059294972867,0.0,0.4008439667851812,0.0,0.0,0.0,0.0,0.0,0.3968684881863525,0.0,0.47590502720242445,0.0,0.3832468787759535,0.0,0.0,0.0,0.4561514223468836,0.33820772823071366,0.0,0.0,0.5028912042311948,0.25917688456557014,0.0,0.4400429096774048,0.4527740884441673,0.22942661399847608,0.1912286058478543,0.0,0.0,0.0,0.0,0.0,0.42464179456002277,0.0,0.0,0.0,0.0,0.48176313890818984,0.0,0.0,0.4200248135357287,0.41943063182539553,0.41669824864676136,0.5045897924178087,0.0,0.4122258998077711,0.0,0.3814571688785505,0.0,0.0,0.0,0.0,0.0,0.4875476418999134,0.0,0.0,0.0,0.4688175122027612,0.0,0.0,0.0,0.472635328369852,0.36814297602158813,0.0,0.0,0.0
0.38007443499510807,0.41555691144506834,0.0,0.0,0.0,0.42006912053886586,0.0,0.4158776401219746,0.0,0.0,0.0,0.298053509225968,0.0,0.0,0.0,0.42363130075702093,0.0,0.41431273430780774,0.0,0.3696765041798699,0.4162155332327634,0.416035027976669,0.4353947795264651,0.43480642764984107,0.386392152750059,0.41786430231214494,0.44898969156700996,0.426279149569442,0.4141447851495545,0.0,0.39815232066781087,0.4214113311659322,0.40017857753642,0.4311164423675468,0.4584387354472528,0.5073091515096773,0.0,0.0,0.4331930294459497,0.4714815999821227,0.4610463282388797,0.46775892382812717,0.47500417800614014,0.0,0.0,0.0,0.5028471592868521,0.0,0.0,0.0,0.4438848705355003,0.3507909045200072,0.0,0.0,0.0,0.0,0.0,0.37250000225679036,0.0,0.47865172561152675,0.42181470392072345,0.0,0.3073818319462498,0.0,0.4620778012816515,0.45719067322759704,0.49249040352092394,0.4807571282250198,0.0,0.3276674770764459,0.49862358279063673,0.4722603773227711,0.42754274070116366,0.44260964105845696,0.38647107742875386,0.41628954200523743
0.4024141783604762,0.42078174521082556,0.32990705253292163,0.0,0.0,0.4322650115306869,0.4577686203720206,0.4573630986184313,0.36989515015791746,0.36327143758123687,0.0,0.0,0.461272593719201,0.0,0.42363130075702093,0.0,0.36103237952607053,0.35665487206724067,0.0,0.42209645627429976,0.4173482996451986,0.4114930435257116,0.43370833038496487,0.36499094858396547,0.4196737051290283,0.4215124703014639,0.4243245285934749,0.4509590059377752,0.4453041763527674,0.41238936740626597,0.36949643509992247,0.4406047303276745,0.39168586833101465,0.39255846187554816,0.44861010873359924,0.374551806642436,0.0,0.0,0.42851793325715665,0.4401921137439341,0.45015130337902637,0.0,0.0,0.0,0.0,0.4670668749857325,0.46687778876359975,0.0,0.0,0.0,0.3021459334204678,0.0,0.0,0.0,0.3502490340269304,0.0,0.357772194226899,0.0,0.0,0.44253470901347336,0.44854680721099954,0.0,0.4537234020223977,0.0,0.39919242528478,0.4280575751074251,0.47088205776745656,0.3602978697559224,0.0,0.45047829614774537,0.4833046262455177,0.37541741466838824,0.3145900032851422,0.37390774493504697,0.0,0.4315396256458923
0.0,0.0,0.0,0.0,0.0,0.28671341956089574,0.4144787349403591,0.0,0.0,0.34314441081093583,0.0,0.3745183755668551,0.41830414168498953,0.0,0.0,0.36103237952607053,0.0,0.3533700159758265,0.0,0.0,0.0,0.0,0.0,0.38870433464958287,0.3706318605128552,0.3917258962084693,0.0,0.40231247640305323,0.0,0.0,0.3305674387307532,0.42075434170153464,0.3488971193147957,0.35828336958771884,0.38523207630493245,0.0,0.0,0.3108044596177402,0.39357912910981474,0.35039225605067675,0.0,0.0,0.0,0.0,0.0,0.0,0.0,0.0,0.0,0.0,0.0,0.0,0.0,0.0,0.47538115661103864,0.0,0.4984584307450881,0.0,0.0,0.0,0.35893101993299814,0.45099356685458813,0.4299142859020738,0.0,0.0,0.0,0.0,0.0,0.4843331678894821,0.446000358372583,0.4747749118842246,0.0,0.0,0.0,0.0,0.0
0.39437040066337087,0.416223146165879,0.2767420790773093,0.0,0.0,0.38521232876302214,0.4354097976806023,0.4799070335267308,0.2958647333634715,0.37089062428741165,0.3140216034598517,0.39153637087635107,0.44005773673968274,0.0,0.41431273430780774,0.35665487206724067,0.3533700159758265,0.0,0.3124944350357515,0.42222684933635846,0.4153838452971185,0.42654726604431414,0.42144016153746866,0.39680516278911365,0.3851409113737778,0.3986820993026044,0.40431517797504973,0.43537591491432553,0.4364689046686319,0.4552950868288574,0.3617739419461315,0.42330061272446295,0.3665409950045154,0.37713496902353444,0.4148622474256037,0.0,0.0,0.29151886765013896,0.4139543931947407,0.3992491379015512,0.40912258432598725,0.4243534546382647,0.0,0.0,0.0,0.45121875887706786,0.44747528401940867,0.0,0.0,0.0,0.0,0.0,0.0,0.0,0.46955515166723416,0.0,0.49975354622124796,0.0,0.0,0.0,0.43230337810678454,0.46454204169993946,0.43729680570552143,0.0,0.3137886261256554,0.0,0.4399415498388817,0.0,0.501639022797353,0.44158101095152685,0.4661223626023847,0.0,0.0,0.2802169703982695,0.0,0.41906459885092323
0.0,0.0,0.3203033637271108,0.40659198835389654,0.4211379775978378,0.4197342017925138,0.4494055138865197,0.44854237319229273,0.30805533089701753,0.4387801050208433,0.2906861084733739,0.3216274742019173,0.44475645210992343,0.3968684881863525,0.0,0.0,0.0,0.3124944350357515,0.0,0.0,0.33478600347858334,0.0,0.30629748064394086,0.0,0.2878528550628988,0.3054687980556686,0.36433736491688945,0.45085310324058386,0.3597177330244442,0.0,0.46262532364665865,0.4147642877873381,0.31551867821294766,0.4338570427262495,0.4447925188381553,0.3994647146749942,0.4329899443557374,0.38079440314527563,0.4556164705344744,0.0,0.374664680254165,0.2814193119347711,0.5141174606565037,0.29147442157276326,0.0,0.0,0.0,0.5780916453486498,0.0,0.48590086280536726,0.5616416891478422,0.4556055992679988,0.5597299561791977,0.5664951355711251,0.0,0.5481549915901175,0.0,0.4104910885567896,0.0,0.0,0.0,0.0,0.0,0.5546307364708228,0.0,0.0,0.0,0.5658687430104838,0.0,0.0,0.0,0.5529676200456691,0.34912554996839745,0.0,0.0,0.0
0.4365305091816649,0.43582509229797767,0.0,0.0,0.0,0.42619409474434417,0.449739749382879,0.4074140541948757,0.0,0.33629989185822917,0.0,0.0,0.44652475941724684,0.0,0.3696765041798699,0.42209645627429976,0.0,0.42222684933635846,0.0,0.0,0.4283449552317091,0.3937456680539345,0.3438215513578037,0.3760556714951141,0.3983210749720487,0.44385263363219024,0.3727809859419792,0.38775656772535944,0.35649287130518076,0.2897620009010072,0.3440850324925685,0.4263084795865112,0.3955279840954976,0.41586548071398255,0.4530814736798,0.4916950146751314,0.0,0.3521840747219165,0.41907079208317066,0.38371504150917796,0.3825129539498892,0.4237271165993233,0.36980606633134727,0.0,0.0,0.0,0.47348556873273284,0.0,0.0,0.0,0.425708001693817,0.3065282583744079,0.441043724335753,0.0,0.0,0.0,0.0,0.3468101900312083,0.0,0.43741579353347426,0.3035261567795173,0.0,0.27692728798412974,0.0,0.44299334368397575,0.3996917367876495,0.45368098295608134,0.4697872420453282,0.0,0.26333037006509863,0.4730221192600332,0.47607639220283454,0.37769677798215595,0.40932936737090275,0.3462638616573303,0.3909397134673387
0.37585691600003124,0.4209862565660491,0.3892511286218594,0.0,0.3119743256464653,0.41896418568424043,0.3803140804454143,0.46301225021188863,0.3308664149667271,0.0,0.4658810383491023,0.41665070487760814,0.4388119004620557,0.47590502720242445,0.4162155332327634,0.4173482996451986,0.0,0.4153838452971185,0.33478600347858334,0.4283449552317091,0.0,0.43246303979135126,0.4519438655291935,0.47438851449042196,0.4228448592136521,0.4174537741505093,0.4588822871841245,0.44882408225576975,0.41106210830933854,0.4219121772805969,0.3670674471480715,0.4033963041866646,0.3853823409511961,0.40550384743447243,0.43862476201353634,0.0,0.0,0.0,0.43646847141039974,0.4756385147942581,0.4499090988160462,0.0,0.0,0.0,0.0,0.0,0.49842144449399955,0.0,0.0,0.0,0.44399443072863665,0.3722428113489682,0.2529337943463863,0.0,0.0,0.0,0.0,0.3892135361964637,0.0,0.45114416380289957,0.43061675187967224,0.0,0.0,0.0,0.4392647909396232,0.38791543439292897,0.48889678693232524,0.46526024443052233,0.0,0.4002213161572361,0.49888328303609164,0.4746161285920398,0.4256993699855447,0.4431563328435714,0.38291510989601696,0.38731879529195895
0.40888533343153594,0.4133044883917446,0.3784498166693985,0.0,0.4720095511094525,0.4471777302039626,0.47501243361614826,0.4240651019388677,0.43132239928791505,0.327608904283193,0.0,0.0,0.47514255929140575,0.0,0.416035027976669,0.4114930435257116,0.0,0.42654726604431414,0.0,0.3937456680539345,0.43246303979135126,0.0,0.4367827954858479,0.32446110536233796,0.41564182057883825,0.41314523580296253,0.43336051039027984,0.43892649636266434,0.4285920581295818,0.34267079260170763,0.36213802902608266,0.41886928870394036,0.4074699967642936,0.40921226184183757,0.4479150235612302,0.4962912425139564,0.0,0.0,0.43929910452889004,0.47542862679104214,0.47765561945082186,0.4667597432497567,0.454109249382413,0.0,0.0,0.4589330416241996,0.4912105751027145,0.0,0.0,0.0,0.41959171222871416,0.2912444829775611,0.0,0.0,0.0,0.0,0.0,0.2842648863633429,0.0,0.4806358156230723,0.4866136621271013,0.0,0.430980773452174,0.0,0.4620152890366985,0.46655858721204024,0.48735630054982376,0.4762328563743085,0.0,0.4255775549880737,0.5030762036421367,0.45005296609966483,0.35576043135916974,0.4428540961668776,0.0,0.4473373057860174
0.4756791130283399,0.4156565365236803,0.3705326552634452,0.40838065341834745,0.41891956670664754,0.4269349525346143,0.41896291061987107,0.40436269085938603,0.44184095628849535,0.4100174597484686,0.2875964089016773,0.3699626354467641,0.42429592094489027,0.3832468787759535,0.4353947795264651,0.43370833038496487,0.0,0.42144016153746866,0.30629748064394086,0.3438215513578037,0.4519438655291935,0.4367827954858479,0.0,0.5137083624109451,0.40028887879544517,0.46096334371398046,0.382401819646818,0.43432857310019773,0.41352726555323466,0.42009859292578916,0.4352445613814252,0.42202836613464173,0.3749227878455074,0.4532722352270709,0.468729860039868,0.41173788422258506,0.4242688601597312,0.3396034990407508,0.49015172630083337,0.47255781752743653,0.5252307398959302,0.5262397157098131,0.49552330794768246,0.33358623850295566,0.0,0.0,0.395839211059254,0.4049332170775824,0.0,0.45705236331420396,0.5087384765195664,0.5166820749959471,0.5017995464632196,0.5443279016927516,0.0,0.44332570622860956,0.40704668836345914,0.5059666558468908,0.453298275853088,0.4907064962269636,0.3047106149186082,0.0,0.0,0.32204471518491207,0.4899695204998542,0.48615620397767756,0.46971047166295476,0.5369183757115524,0.0,0.2610985560691654,0.4437300833468377,0.5366336501906667,0.5063317951766266,0.4896462408542412,0.4966792531788586,0.5134509966436706
0.3739096506648696,0.0,0.36153055541936124,0.0,0.0,0.3802364373328383,0.0,0.5256147857608487,0.0,0.31881694444324854,0.39617669176855036,0.290435184204694,0.38660420315269445,0.0,0.43480642764984107,0.36499094858396547,0.38870433464958287,0.39680516278911365,0.0,0.3760556714951141,0.47438851449042196,0.32446110536233796,0.5137083624109451,0.0,0.4050912745871928,0.37304165221869456,0.5043353243158994,0.4094195597578915,0.37319254969147914,0.0,0.33853586397147595,0.34795631419175366,0.23885620745600147,0.25352825163695214,0.32384678649789633,0.3741401736930956,0.0,0.20849167570187366,0.22985497977195885,0.3330873178975151,0.348629351924601,0.0,0.0,0.0,0.31585834193084805,0.4801615531654017,0.4674996806126083,0.0,0.0,0.0,0.0,0.0,0.0,0.0,0.4462694241532538,0.0,0.40245000187701346,0.0,0.0,0.0,0.48622508392183494,0.48524992221486263,0.4661341722292116,0.0,0.0,0.0,0.0,0.0,0.423369680769776,0.4811682130604378,0.49888844777054897,0.0,0.0,0.0,0.0,0.4126679742072156
0.3928617585456515,0.40954559112551314,0.22454528048810593,0.0,0.0,0.375150919357789,0.418200864451878,0.4933533692681721,0.31781059824715985,0.3730178131706519,0.0,0.40882350420619806,0.43271465206813176,0.0,0.386392152750059,0.4196737051290283,0.3706318605128552,0.3851409113737778,0.2878528550628988,0.3983210749720487,0.4228448592136521,0.41564182057883825,0.40028887879544517,0.4050912745871928,0.0,0.38341249356357093,0.37446444172238286,0.4251007273048984,0.39932655142856804,0.0,0.37715418089681974,0.40635958669229316,0.34164117493982166,0.3669695999058021,0.40540588962378904,0.33574770483343047,0.0,0.2992079332113299,0.4277355091119828,0.43156318328075843,0.4343961112895167,0.463464604295533,0.0,0.0,0.3393341237642967,0.46845198585498704,0.46157721640737215,0.0,0.0,0.0,0.2761380846043892,0.0,0.0,0.0,0.48171519264115037,0.0,0.4860429123828588,0.0,0.0,0.4154190058297864,0.45111899343282813,0.46720290442356127,0.45532892214046533,0.0,0.4191482383939312,0.43236069061651083,0.46259749387677634,0.0,0.48863083803800383,0.45698431854308974,0.47735958151953717,0.30839438612843173,0.3779951242369899,0.4171488556198931,0.0,0.4333252046821166
0.3933458131291407,0.41197952598451787,0.33007044044305234,0.0,0.3391430411956814,0.3926867703483388,0.4087292926990609,0.5050896612305147,0.2702124735932162,0.36065051371218476,0.28994663066026477,0.3412029687617911,0.43376567033305163,0.0,0.41786430231214494,0.4215124703014639,0.3917258962084693,0.3986820993026044,0.3054687980556686,0.44385263363219024,0.4174537741505093,0.41314523580296253,0.46096334371398046,0.37304165221869456,0.38341249356357093,0.0,0.4400129679508764,0.4318203272750101,0.41621811885802246,0.0,0.38494781823001717,0.4204638152145138,0.37738618879831354,0.39236002916677964,0.430646806415914,0.33945038128990446,0.0,0.348249591373126,0.4405257513016044,0.45644991343197294,0.46576859280850924,0.4955951770434043,0.0,0.0,0.35298921155198676,0.48266848449214267,0.4903318704479476,0.0,0.0,0.0,0.4360891391393349,0.0,0.0,0.0,0.5090940141878809,0.0,0.5201221781925979,0.37529428202821447,0.0,0.4978741330574645,0.46918923244736105,0.49050340503468404,0.480314840279398,0.0,0.4611219048992148,0.46215207111451684,0.5017141105320446,0.43148248493943286,0.5089702037538008,0.4790703866169196,0.49736490304714787,0.4537562005219245,0.0,0.47463910989332303,0.0,0.4519602151191813
0.4765127666985126,0.4025172187900308,0.3544123494391059,0.4085478419403592,0.4032137256293118,0.4094190275755131,0.42706222233353475,0.4663662812007682,0.3811651489675067,0.427710697377114,0.4147758910883121,0.328190060088,0.4346677408182598,0.4561514223468836,0.44898969156700996,0.4243245285934749,0.0,0.40431517797504973,0.36433736491688945,0.3727809859419792,0.4588822871841245,0.43336051039027984,0.382401819646818,0.5043353243158994,0.37446444172238286,0.4400129679508764,0.0,0.44123678650629217,0.3818989722113364,0.41293364323166526,0.42243649571550024,0.4212290157950943,0.36824155964621674,0.43856214304056806,0.459206112291008,0.4253093588746792,0.44150735590778356,0.35175687812271117,0.4727554704921888,0.42613722938204185,0.502315925186725,0.47584226340104646,0.5109379925362811,0.27039861359585776,0.0,0.0,0.33661679509667186,0.5720188582009211,0.0,0.47990247383096535,0.5100528661075826,0.5189699981686287,0.5167319205474041,0.5669694870111196,0.0,0.5475689448315052,0.0,0.49226500598464884,0.0,0.4654639007363203,0.2681701261345662,0.0,0.326273396997762,0.5431783740234093,0.45131813046596825,0.4360529386355674,0.40690274670301485,0.5334380053911737,0.0,0.24397505628461963,0.43000099549524434,0.5343319751710146,0.48956566007290586,0.4502897968712071,0.4467320487611626,0.48767648709402545
0.40677289573159287,0.43610435975891404,0.4515589327380596,0.25532099485828563,0.3875576893831026,0.4245358408311497,0.40948899320943827,0.42955433356941325,0.4551217266969351,0.4110015812526339,0.44974621384506813,0.3881504451793858,0.3767391716882729,0.33820772823071366,0.426279149569442,0.4509590059377752,0.40231247640305323,0.43537591491432553,0.45085310324058386,0.38775656772535944,0.44882408225576975,0.43892649636266434,0.43432857310019773,0.4094195597578915,0.4251007273048984,0.4318203272750101,0.44123678650629217,0.0,0.3984504400632918,0.33176510068318105,0.4032963587593191,0.42467154310393096,0.386018741019844,0.41936426822548073,0.43229424498790325,0.32185880841934045,0.2945088298642853,0.39293385324614116,0.4845778972509864,0.0,0.34765747925089974,0.31180552262480965,0.34003391515585274,0.2566899696637699,0.0,0.0,0.280765115704357,0.4047687629390927,0.0,0.0,0.4792358198772047,0.31618896156628823,0.466625374286042,0.3426342887008971,0.0,0.3488614831571788,0.0,0.37075848973487247,0.0,0.4262031226494162,0.0,0.0,0.0,0.0,0.46125476848592106,0.4384513510977147,0.35799997141524686,0.5085873025982937,0.0,0.3197248035865149,0.38775940453105096,0.5085954041725028,0.4705854865363035,0.45593016655498053,0.35965315156926486,0.4523427699712644
0.4299302232337732,0.41272100262795386,0.40304977262391983,0.0,0.425123461312758,0.3922853214296191,0.45666859313087427,0.39581236588672053,0.417931450766815,0.3524181029865835,0.0,0.0,0.44150793426216317,0.0,0.4141447851495545,0.4453041763527674,0.0,0.4364689046686319,0.3597177330244442,0.35649287130518076,0.41106210830933854,0.4285920581295818,0.41352726555323466,0.37319254969147914,0.39932655142856804,0.41621811885802246,0.3818989722113364,0.3984504400632918,0.0,0.3491272878863381,0.35968186144950054,0.4225981605705418,0.3672082688663618,0.4229085981077763,0.45945956086920337,0.4753581000597914,0.42241581597365735,0.3549350784512003,0.43032402129928676,0.3513450813147747,0.37707670989644665,0.3852541735267533,0.39424286353585325,0.29334881564825377,0.0,0.0,0.4199217532321295,0.0,0.0,0.0,0.43277092230167,0.3263788609894959,0.4305479078778904,0.31486339279726183,0.0,0.0,0.0,0.3625187596319058,0.0,0.43712934738639536,0.2673057044583845,0.0,0.2795923467917644,0.0,0.3983472599082495,0.3959361325992259,0.37408271153693595,0.4850195704975779,0.0,0.24253974483877694,0.42166148765468214,0.4857803067223081,0.4322721041927407,0.4289250486616413,0.38545635982953996,0.41650729984338775
0.0,0.0,0.4270112394257473,0.0,0.0,0.42656400794466126,0.0,0.3997193982780899,0.41466474136856324,0.0,0.0,0.0,0.42505917599873816,0.0,0.0,0.41238936740626597,0.0,0.4552950868288574,0.0,0.2897620009010072,0.4219121772805969,0.34267079260170763,0.42009859292578916,0.0,0.0,0.0,0.41293364323166526,0.33176510068318105,0.3491272878863381,0.0,0.32773653235240713,0.4256949078960417,0.3059621229059659,0.39383946878287446,0.41572108958136755,0.4226511942154023,0.39634385699219393,0.0,0.47207279610519304,0.0,0.0,0.0,0.0,0.0,0.0,0.0,0.0,0.0,0.0,0.0,0.43376487350192944,0.0,0.0,0.0,0.0,0.0,0.0,0.3234752414456521,0.0,0.38270387353680946,0.0,0.0,0.0,0.0,0.43247182795594497,0.0,0.0,0.49211223881237465,0.0,0.0,0.0,0.49670053885300036,0.37748245622880505,0.3793965362138284,0.0,0.0
0.36188745270980793,0.3617222402943793,0.46066740558933444,0.3179997550610788,0.4570987613514094,0.4555257666076926,0.4411278224580602,0.4472610692058233,0.46571112507694146,0.32633144689424315,0.47035145367612335,0.3333641128673041,0.4232068514760859,0.5028912042311948,0.39815232066781087,0.36949643509992247,0.3305674387307532,0.3617739419461315,0.46262532364665865,0.3440850324925685,0.3670674471480715,0.36213802902608266,0.4352445613814252,0.33853586397147595,0.37715418089681974,0.38494781823001717,0.42243649571550024,0.4032963587593191,0.35968186144950054,0.32773653235240713,0.0,0.399222981704107,0.32623756285187,0.27184520085506625,0.2325122714678382,0.45069578196624444,0.3425581997278251,0.3100651077800587,0.377014765888921,0.368733492887936,0.0,0.3652621626661794,0.0,0.0,0.0,0.4066252247409139,0.4414558992131032,0.0,0.0,0.0,0.49033081181811333,0.31242036814685736,0.49173791173614745,0.0,0.45463045675899777,0.0,0.4456125736379784,0.3440627088108034,0.0,0.455089469958987,0.43291177664907754,0.4341101310152078,0.4316078395350494,0.0,0.42868884057002443,0.45329074460209484,0.4498425143719963,0.5169311602360318,0.0,0.4441301239684334,0.46190662252238224,0.5146849228348485,0.4504356919815632,0.44292883181789333,0.0,0.0
0.4110698871899504,0.4191260872408548,0.4194513517196915,0.29099916941790827,0.3692136993278479,0.4195067853666875,0.43420962216634296,0.39327949260084616,0.43002354851287466,0.3586628467871307,0.3939082619187585,0.26907391618201715,0.423113312092892,0.25917688456557014,0.4214113311659322,0.4406047303276745,0.42075434170153464,0.42330061272446295,0.4147642877873381,0.4263084795865112,0.4033963041866646,0.41886928870394036,0.42202836613464173,0.34795631419175366,0.40635958669229316,0.4204638152145138,0.4212290157950943,0.42467154310393096,0.4225981605705418,0.4256949078960417,0.399222981704107,0.0,0.35740129972802087,0.39346174761451363,0.3826386226482364,0.30019730678961715,0.3284401576762203,0.26958461793318045,0.33117425443816906,0.32152101326359583,0.35485283970568005,0.3416600132295317,0.33178874007014186,0.31242142221052877,0.24515097044129283,0.424623936541013,0.4543922974651029,0.46250124810227655,0.27472415376410725,0.0,0.48358822484351627,0.2796401470902503,0.46601252104437174,0.37515947678001277,0.32909768241659487,0.37303888315179495,0.2967530256506641,0.44701279013081124,0.0,0.4488614885829777,0.3990697505415759,0.36379313301559907,0.39213175185482707,0.392699747681336,0.44034150569295405,0.4135441417835119,0.4493465425021447,0.49937389100209034,0.22370437469306864,0.40704960880748475,0.4508840249674158,0.49524514245559165,0.4351055507431052,0.4593896730900962,0.4774522358965171,0.41126024568652286
0.35891593021663915,0.37503073969720496,0.0,0.0,0.0,0.3823190716071758,0.4133056053273688,0.4430499989073198,0.40303156588598865,0.32564829560637193,0.34347256541057924,0.29840475355958757,0.4282969782950792,0.0,0.40017857753642,0.39168586833101465,0.3488971193147957,0.3665409950045154,0.31551867821294766,0.3955279840954976,0.3853823409511961,0.4074699967642936,0.3749227878455074,0.23885620745600147,0.34164117493982166,0.37738618879831354,0.36824155964621674,0.386018741019844,0.3672082688663618,0.3059621229059659,0.32623756285187,0.35740129972802087,0.0,0.29823422059526483,0.4242225668865598,0.4894831735510193,0.0,0.2043250121503606,0.2843132416846371,0.22993440241746063,0.37643070760701225,0.41395637934635793,0.0,0.0,0.2324098440700835,0.4340598237213567,0.4535515290705345,0.0,0.0,0.0,0.0,0.0,0.0,0.0,0.35212262945867234,0.0,0.37452572691660213,0.0,0.0,0.47205883821389016,0.422684977988654,0.35672853636059554,0.40213138350276445,0.0,0.44582959710645037,0.0,0.47450096973901223,0.0,0.29672160650750473,0.40376705963630305,0.43180330964520086,0.0,0.0,0.40225489808847714,0.0,0.3522101836621126
0.36759993344057396,0.37798595917387057,0.44892853474602934,0.2589285981182079,0.4404960902740454,0.451981857525971,0.4366460662968082,0.45029673239719464,0.46129510400402174,0.31959284645078045,0.455150947609804,0.2683538077643997,0.4199925196672395,0.4400429096774048,0.4311164423675468,0.39255846187554816,0.35828336958771884,0.37713496902353444,0.4338570427262495,0.41586548071398255,0.40550384743447243,0.40921226184183757,0.4532722352270709,0.25352825163695214,0.3669695999058021,0.39236002916677964,0.43856214304056806,0.41936426822548073,0.4229085981077763,0.39383946878287446,0.27184520085506625,0.39346174761451363,0.29823422059526483,0.0,0.3440092810038496,0.4164433875019157,0.32371414043225394,0.24190269169708895,0.34566505586008306,0.30685440606529746,0.3593459218700612,0.37482001191215797,0.2592345566644548,0.28715080942922033,0.25626776333107737,0.424618865419241,0.459473661935841,0.0,0.0,0.0,0.4635533599126798,0.3477490255200933,0.48995541190925607,0.24024510209977273,0.4112985020482754,0.0,0.41321522203422767,0.28119669788650953,0.0,0.46870545394578067,0.4402621759384847,0.0,0.4445799005886625,0.0,0.4617306939511951,0.44669888383278594,0.47740862004748746,0.5066186799791871,0.3402018099265088,0.43054839583397664,0.4661176178889408,0.5090346936476744,0.35835385547243764,0.4495771298873639,0.0,0.0
0.4189495307391837,0.44553540187713586,0.4416814630975854,0.27594393929275307,0.4336609885597229,0.46170349015114054,0.435007257132904,0.45786045666732694,0.45568516224795097,0.30782394050464557,0.4456052290518032,0.32686246712391337,0.4159980113769969,0.4527740884441673,0.4584387354472528,0.44861010873359924,0.38523207630493245,0.4148622474256037,0.4447925188381553,0.4530814736798,0.43862476201353634,0.4479150235612302,0.468729860039868,0.32384678649789633,0.40540588962378904,0.430646806415914,0.459206112291008,0.43229424498790325,0.45945956086920337,0.41572108958136755,0.2325122714678382,0.3826386226482364,0.4242225668865598,0.3440092810038496,0.0,0.4400297733419725,0.3538428741419928,0.32980604503886096,0.3411367910454515,0.32315081728184936,0.3484646008888871,0.3713331300292254,0.3100629316574892,0.30598083494922795,0.2694918053793548,0.0,0.48267103873846545,0.31094455367512763,0.0,0.31681851948585993,0.3875096638592131,0.27250561280702656,0.4840728842668619,0.2871503854623266,0.33960268845859604,0.0,0.0,0.27631150167609625,0.0,0.4799027458713797,0.45605594592989984,0.0,0.0,0.2994671984418414,0.4397675994833918,0.0,0.48699532907079573,0.5247088543744081,0.0,0.4233168240629791,0.47058109937149756,0.4784224603446641,0.3295738286589112,0.45145503769390705,0.0,0.3025625738279697
0.0,0.0,0.42154674371375955,0.25922984844732044,0.2723934186304008,0.42406191442814367,0.3929830970724018,0.3047068560444135,0.40883247491937824,0.34387549360626085,0.3444054219457549,0.3461539469781402,0.35817442132237026,0.22942661399847608,0.5073091515096773,0.374551806642436,0.0,0.0,0.3994647146749942,0.4916950146751314,0.0,0.4962912425139564,0.41173788422258506,0.3741401736930956,0.33574770483343047,0.33945038128990446,0.4253093588746792,0.32185880841934045,0.4753581000597914,0.4226511942154023,0.45069578196624444,0.30019730678961715,0.4894831735510193,0.4164433875019157,0.4400297733419725,0.0,0.24560461098589187,0.35224638126815555,0.31131454703322015,0.0,0.32004302876367896,0.35770383847768894,0.3233982546382007,0.2901038249185536,0.0,0.0,0.0,0.5009004280532955,0.3235022006319785,0.41499591644891753,0.4461366345416736,0.38942069947411767,0.425745321992697,0.5088540615898967,0.0,0.41460443528241575,0.27036362946579484,0.3379112617374777,0.0,0.0,0.0,0.0,0.0,0.45054447732449776,0.37530119602898915,0.0,0.0,0.4853572436147475,0.0,0.0,0.0,0.4946803692531703,0.4167954769952943,0.3916603576103163,0.0,0.27659543679398785
