0.0,0.40687421125564904,0.0,0.0,0.0,0.44944801153495995,0.0,0.48515155395401444,0.0,0.4170293243803454,0.0,0.3838358556803657,0.3728618748742167,0.0,0.38996909211194075,0.40510301454018793,0.37558203772907883,0.41457855892864437,0.0,0.4287992164567436,0.3943341309854136,0.4037522607729816,0.45817818008644606,0.3775231066239593,0.4100078687999554,0.3892942182078791,0.4616698632622224,0.4190086274356287,0.4334592853064292,0.0,0.3670163650621913,0.4335212228423593,0.36003369109271544,0.34204845623493024,0.4174501518459662,0.0,0.0,0.38183798242151445,0.46180149028535245,0.4203052612170953,0.41876086702424226,0.4494547158824242,0.0,0.0,0.0,0.38166759103403514,0.47487668711480197,0.0,0.0,0.0,0.41315927167521743,0.0,0.0,0.0,0.4226211871969464,0.0,0.4760592989570155,0.3779404792309317,0.0,0.0,0.46189992831315413,0.0,0.4379272810556642,0.0,0.47815618886560074,0.3780527054187358,0.4668762704077441,0.0,0.0,0.4449081369910531,0.4702229428122883,0.423228395786948,0.0,0.4673762395517464,0.0,0.3797689678921639
0.40687421125564904,0.0,0.3419208884827717,0.0,0.37045484605975404,0.42789316345884526,0.4343966259127171,0.46621807529243364,0.37929909827227487,0.33057209856440384,0.0,0.26204927464767697,0.4498434192821983,0.0,0.42204375711813713,0.42427168963994855,0.0,0.42797241300028166,0.0,0.43467592902142216,0.4306671051823288,0.41426631932879937,0.44285348567495536,0.0,0.3988225360227056,0.4099743592965464,0.4336330793483548,0.45407694179366315,0.4487209377853564,0.0,0.3692286223723816,0.4075499001484833,0.3302666380642726,0.3565479663631427,0.4080006793626954,0.3616338415419534,0.0,0.0,0.46371701412269983,0.4406974309626712,0.44308216965898456,0.4787119041659001,0.0,0.0,0.0,0.4400730367881764,0.4671965391719774,0.0,0.0,0.0,0.40717427090128433,0.3411431866313644,0.0,0.0,0.34985872066127427,0.0,0.0,0.313691984631102,0.0,0.4866379305402583,0.45543435430913537,0.3698569588145839,0.45355578037359695,0.0,0.45860015404860033,0.49536244952809944,0.47904095394919405,0.4926662610011713,0.0,0.44233583649660557,0.4841243868744846,0.4632920869872495,0.342083139509032,0.46486196648231065,0.0,0.43339706478155565
0.0,0.3419208884827717,0.0,0.3703850531378699,0.4314347295508904,0.4016091398893787,0.4615016227607929,0.4719141407346102,0.28908322354737,0.3873710948304397,0.3565182469415778,0.0,0.45554083950695823,0.4191589250660787,0.0,0.282783867703901,0.3687944920994859,0.0,0.3186195133614939,0.3769325580766623,0.0,0.4055626507085208,0.31564844822014787,0.0,0.27792095126436733,0.33257568642227014,0.3580973795756009,0.4376390809349153,0.3961864517154937,0.4047031983219714,0.4575570526820617,0.40528514474213195,0.3570525125924872,0.4511990244659463,0.43935507528818746,0.40142777186523315,0.39673169873307024,0.0,0.5349793441631916,0.0,0.3485040476513135,0.3246483138641364,0.4931107097270906,0.3917609676066175,0.0,0.0,0.0,0.3658569705336003,0.0,0.5390942853849013,0.53711888959082,0.5299381227183328,0.5470324846979885,0.5608600900031093,0.0,0.4067080609352067,0.0,0.505870712390358,0.0,0.0,0.0,0.0,0.0,0.34880928553985213,0.0,0.0,0.0,0.5514872032262991,0.0,0.0,0.0,0.5391018081637776,0.44879984929409567,0.0,0.0,0.0
0.0,0.0,0.3703850531378699,0.0,0.28684184359611514,0.41109717195717527,0.3126942897325694,0.3470515297317838,0.41538117250769785,0.0,0.3642580062301805,0.0,0.3014217074494091,0.2686934065855837,0.5353552484383683,0.0,0.0,0.0,0.37984388847126266,0.48336422161836884,0.0,0.5233649734061052,0.3952426188053233,0.0,0.0,0.5412717220157162,0.38821066654755026,0.26420995621427634,0.3811226336355048,0.31012727998746004,0.30204124572034724,0.2875564729760932,0.3959513775140757,0.21781311559476038,0.37225047545436196,0.204654333049825,0.18562835543262302,0.0,0.0,0.0,0.0,0.0,0.0,0.0,0.0,0.0,0.0,0.0,0.0,0.0,0.32989077926494204,0.0,0.0,0.0,0.0,0.0,0.0,0.0,0.0,0.0,0.0,0.0,0.0,0.0,0.0,0.0,0.0,0.34240610827841994,0.0,0.0,0.0,0.35842227620100237,0.0,0.3775758173769921,0.0,0.0
0.0,0.37045484605975404,0.4314347295508904,0.28684184359611514,0.0,0.4198180784174442,0.36142516618492976,0.4349463791479714,0.37613118983188243,0.48612221716798537,0.38776586748332864,0.4081721639022564,0.40400846958778924,0.32511197404105563,0.0,0.4076981979551082,0.4084941809764082,0.36030699841522096,0.422628882194131,0.4272671439529728,0.0,0.45707278785421857,0.41132481197220205,0.0,0.35299002704187493,0.3597381106038934,0.418976102105515,0.387778763551541,0.43837932677124714,0.0,0.45993944811063997,0.41279821976189685,0.35089555810809403,0.4535226494824203,0.45689704751970744,0.2607782366494013,0.38421949250432613,0.4003490923479264,0.4439980423780052,0.0,0.0,0.0,0.5015144488027709,0.0,0.0,0.0,0.0,0.5509990436230656,0.0,0.0,0.0,0.42642159657158535,0.530903282115447,0.4977657813355387,0.0,0.5144921002990397,0.0,0.0,0.5198914195466333,0.0,0.0,0.0,0.0,0.5252058452208619,0.0,0.0,0.0,0.5310046383871408,0.0,0.0,0.3218173857417409,0.4623674859126283,0.0,0.0,0.0,0.0
0.44944801153495995,0.42789316345884526,0.4016091398893787,0.41109717195717527,0.4198180784174442,0.0,0.44436237655483796,0.43295627851494467,0.37853121638156445,0.4827376366753197,0.4033862468623087,0.37485978883121585,0.4318649158569133,0.44600607799731523,0.41228381324032515,0.46204998448115986,0.34872073035671863,0.4425993459633155,0.38669985803214174,0.4454600252907106,0.4324179298945427,0.45928345510211893,0.4309327505026157,0.37676130897447374,0.40006487170033067,0.4481220417263051,0.377723537117496,0.42331503011917754,0.34258137712276315,0.44024182671731826,0.45679109465001566,0.4412793817730204,0.40393003853580384,0.46181307364077046,0.4590707336515563,0.4440834038752622,0.43021184096873916,0.37135885128996254,0.496888745305862,0.0,0.49537602012679466,0.38817316938213914,0.47028708006869924,0.3032296116540735,0.0,0.0,0.35982450059211646,0.5445765790038245,0.0,0.46956466104078365,0.5060496952400683,0.5273155566719442,0.5001479097860453,0.5442014171174355,0.0,0.49918913702427764,0.0,0.5221976438949644,0.0,0.49511253578621905,0.29700158021427714,0.0,0.0,0.5241329072559922,0.49692743016625784,0.4738015668405513,0.46725973825089706,0.5225821837444357,0.0,0.3056061401011779,0.42783561928507113,0.5086598740146273,0.5245616113580133,0.5075873388653688,0.0,0.5319004528926184
0.0,0.4343966259127171,0.4615016227607929,0.3126942897325694,0.36142516618492976,0.44436237655483796,0.0,0.44527045584037905,0.42488070028808256,0.4732345312682748,0.4878068588548015,0.3936069230923803,0.34584826365149157,0.45116207428078525,0.0,0.4610549565315038,0.4046065016140206,0.4246423369337768,0.48091133340294795,0.4554183940208551,0.0,0.48158248290938477,0.44796681307830655,0.4111068830514206,0.406868886260659,0.4108153832981428,0.4440481531951903,0.3867441530715322,0.46628629120196535,0.0,0.433710944020411,0.41710354543140504,0.387713570206267,0.42238571857408985,0.4393861040996157,0.30845575242983025,0.34333587272905536,0.0,0.4211108553908675,0.0,0.0,0.0,0.4231787816454527,0.3083719695902911,0.0,0.0,0.34171726110459577,0.4813056480678164,0.0,0.0,0.47991898450593795,0.4182830537752095,0.0,0.4490448509288508,0.0,0.43197591491047604,0.0,0.0,0.0,0.0,0.0,0.0,0.0,0.0,0.0,0.0,0.3431207271800534,0.5275923474027001,0.0,0.0,0.3296805102554637,0.5015775377303225,0.0,0.0,0.0,0.0
0.48515155395401444,0.46621807529243364,0.4719141407346102,0.3470515297317838,0.4349463791479714,0.43295627851494467,0.44527045584037905,0.0,0.4825844986933428,0.0,0.3368533291535113,0.4293136289222719,0.4527026465818926,0.3838108282983398,0.43248621440265833,0.4321835343601705,0.0,0.44584974386070514,0.44201558794978324,0.4230689323404944,0.3811178815672136,0.4656291784365278,0.3896622765823099,0.5064903213503386,0.46849341374340875,0.48203389560826176,0.4391877246793591,0.44020563271120006,0.41653792990893973,0.4227865707174145,0.45030580127604886,0.38433032521757216,0.45893890310622104,0.4475904350535645,0.4582811465899622,0.29014796802267256,0.3870850372781379,0.3889665862538856,0.4957628200727656,0.0,0.534143240437646,0.0,0.4645849953592018,0.0,0.0,0.0,0.0,0.5510399981238179,0.0,0.5068968341777174,0.49368285166174203,0.5168290480962702,0.3580124922826062,0.5522789104272577,0.0,0.49917008269470653,0.0,0.514115669791624,0.0,0.528733617120128,0.0,0.0,0.0,0.5381861982435154,0.5135163107368573,0.3717235130266936,0.0,0.5057813844695426,0.0,0.0,0.0,0.4960024396711023,0.5086237508452651,0.512739895839229,0.0,0.5305955462685126
0.0,0.37929909827227487,0.28908322354737,0.41538117250769785,0.37613118983188243,0.37853121638156445,0.42488070028808256,0.4825844986933428,0.0,0.4934790911971031,0.34905989970552986,0.41117430551466105,0.4201441301785634,0.43794134515079874,0.0,0.3797648966337247,0.3685808911168955,0.32819043962413424,0.2805544357710546,0.42218748833473563,0.0,0.43189809070847784,0.4002764929738821,0.399784165598008,0.35395917643845576,0.3797792486792822,0.35943187963856243,0.4646083676676053,0.43779773977941433,0.41564341006198585,0.4796171590352389,0.450861059350963,0.4110705094591584,0.4698976863747076,0.45898606413326576,0.454655162271137,0.43751458214592237,0.4237393236926185,0.505436015590315,0.0,0.3278131771421123,0.3066218375734367,0.4934800565340634,0.29763589648144706,0.0,0.0,0.0,0.5524301379503345,0.0,0.48750221482593187,0.5273105637051277,0.4961563140623876,0.545889238162734,0.5323370392432479,0.0,0.5248923629945097,0.0,0.4678503423375509,0.5091782493907737,0.0,0.0,0.0,0.0,0.5380244897070092,0.0,0.0,0.0,0.54661279628147,0.0,0.0,0.31314980107702994,0.5346829396341586,0.45344419441913614,0.0,0.0,0.4284741475981228
0.4170293243803454,0.33057209856440384,0.3873710948304397,0.0,0.48612221716798537,0.4827376366753197,0.4732345312682748,0.0,0.4934790911971031,0.0,0.4706732299024342,0.3076942489003045,0.4091764249871715,0.0,0.3221843061817933,0.4033653344315067,0.3631588545219273,0.39625640385897876,0.4516356580821492,0.3451151713623035,0.0,0.3622037561218238,0.43127149315788804,0.35389713052264526,0.3776910042611023,0.35664973986079057,0.4273561763628189,0.40047323525694134,0.4058770683455356,0.44758152606284773,0.35840593985521507,0.34323152341664365,0.3259744078391433,0.3489796147941836,0.3139707128048891,0.3838711254318587,0.32865048512648776,0.3146025302497272,0.2274295281624193,0.3458743200421922,0.36719332289185186,0.0,0.0,0.0,0.33620942674506277,0.44681000948814736,0.0,0.0,0.0,0.0,0.0,0.4234615804284245,0.0,0.0,0.4561197866985742,0.0,0.4900920474560825,0.4008698583896747,0.0,0.0,0.37735510388164717,0.47965760245268085,0.43042728902396743,0.0,0.0,0.0,0.0,0.3663362160614033,0.4734755492909974,0.4625220625144072,0.4983436129911243,0.0,0.4229153781454619,0.0,0.0,0.4305044850671977
0.0,0.0,0.3565182469415778,0.3642580062301805,0.38776586748332864,0.4033862468623087,0.4878068588548015,0.3368533291535113,0.34905989970552986,0.4706732299024342,0.0,0.407309560755394,0.47885276795934706,0.32260851050370226,0.0,0.0,0.3834267990361204,0.3748550398711927,0.2970466099606812,0.0,0.0,0.0,0.3152565678983813,0.4293681305922239,0.39033314649148765,0.0,0.3847638591922067,0.4699015037871401,0.0,0.0,0.490562085973173,0.36338252961104667,0.37352910891006247,0.46601852219720663,0.43956374274172055,0.28678107893336147,0.45521385698040384,0.392928946081128,0.38750966673351217,0.0,0.0,0.3190820590099676,0.4060563561684768,0.32507750050410517,0.0,0.0,0.0,0.5246471516311401,0.0,0.0,0.5078609835919241,0.47918452106695647,0.48087010682499,0.5324777608102259,0.0,0.2952610600657217,0.0,0.44377320151173466,0.0,0.0,0.0,0.0,0.0,0.4263127754529842,0.0,0.0,0.0,0.4957416768657683,0.0,0.0,0.0,0.48632323970687935,0.4019194790922465,0.0,0.0,0.0
0.3838358556803657,0.26204927464767697,0.0,0.0,0.4081721639022564,0.37485978883121585,0.3936069230923803,0.4293136289222719,0.41117430551466105,0.3076942489003045,0.407309560755394,0.0,0.3653606930389519,0.0,0.0,0.3017636311353177,0.4167628028829441,0.38123442840347094,0.36014787599570974,0.0,0.4525584458579146,0.27977398911785945,0.384608657157662,0.2994258610296995,0.38212167101427597,0.3140450397741301,0.3431390160374118,0.2872249892506169,0.0,0.0,0.32980074519548586,0.2443039078065037,0.28328274587704416,0.21907737668801208,0.22954682421292616,0.29588105482187277,0.2286622829191096,0.204450180976687,0.2594196963345468,0.361152282315867,0.3853144763032482,0.0,0.0,0.0,0.3445172796832414,0.3886984741637529,0.0,0.0,0.0,0.0,0.0,0.0,0.0,0.0,0.46296067621675324,0.0,0.4866022292796949,0.4147031859504138,0.0,0.0,0.0,0.49488440236085085,0.450135608545695,0.0,0.0,0.0,0.0,0.0,0.4584531606951582,0.46535538018459494,0.49218978436231087,0.0,0.42875712129217053,0.0,0.0,0.435109236384201
0.3728618748742167,0.4498434192821983,0.45554083950695823,0.3014217074494091,0.40400846958778924,0.4318649158569133,0.34584826365149157,0.4527026465818926,0.4201441301785634,0.4091764249871715,0.47885276795934706,0.3653606930389519,0.0,0.3988881877092139,0.0,0.47930750413483453,0.40963419831695996,0.4485056341529123,0.4754855007339662,0.459312171838825,0.0,0.4910794646628821,0.4470279047215032,0.3591033776435042,0.4325693374630622,0.42285879238577934,0.453423024867784,0.3466018347967421,0.45081085562857126,0.46588175801672793,0.40767099540040697,0.41198471860461167,0.3603784660163595,0.40194010364663313,0.4246273806673054,0.33521275098937786,0.33714704650693084,0.34460062862953184,0.3716648863117642,0.0,0.4241690502943646,0.2855873836173072,0.4136966510584665,0.26189173695057166,0.0,0.3328924066717729,0.319892356391997,0.5053802261948505,0.0,0.3804711236221815,0.49931126115196767,0.42918655096251873,0.48861141080243564,0.44321562653757857,0.0,0.3916481145534567,0.0,0.41195042027512674,0.0,0.3996930620162737,0.31162388446685363,0.0,0.0,0.44944578677424696,0.4538256558612924,0.0,0.35554085992320095,0.5239570776916964,0.0,0.3461227889913683,0.3670354667558871,0.5134222631222529,0.41371954095828944,0.4812718391883466,0.0,0.39716196985943175
0.0,0.0,0.4191589250660787,0.2686934065855837,0.32511197404105563,0.44600607799731523,0.45116207428078525,0.3838108282983398,0.43794134515079874,0.0,0.32260851050370226,0.0,0.3988881877092139,0.0,0.0,0.0,0.0,0.0,0.3737366576383622,0.0,0.45146031956961774,0.0,0.4012621965979558,0.0,0.0,0.0,0.43421571343308835,0.3052471985708105,0.0,0.0,0.0,0.2689407463014047,0.0,0.0,0.0,0.24071434733047659,0.20353195444505162,0.0,0.0,0.0,0.0,0.0,0.41232438322050013,0.0,0.0,0.0,0.0,0.0,0.0,0.5251975418787196,0.37562308885947715,0.4412705907585936,0.0,0.5102120691431806,0.0,0.4429780455216405,0.0,0.0,0.5030245271135942,0.0,0.0,0.0,0.0,0.5173106449793923,0.0,0.0,0.0,0.0,0.0,0.0,0.0,0.0,0.0,0.0,0.0,0.0
0.38996909211194075,0.42204375711813713,0.0,0.5353552484383683,0.0,0.41228381324032515,0.0,0.43248621440265833,0.0,0.3221843061817933,0.0,0.0,0.0,0.0,0.0,0.43339749895595625,0.3628478204366061,0.4208637891731449,0.0,0.2961148429379549,0.40830595977567546,0.3400386977272776,0.3505920504620026,0.4996779299196148,0.40328712466970235,0.44988429249643247,0.39626820252842343,0.45539766681247484,0.4205083612602211,0.0,0.4367551680803692,0.4709283481834261,0.43000995316750407,0.4545192520982843,0.5130371277641944,0.5406432231003448,0.4920436565511797,0.0,0.5301583440116172,0.4999155967461969,0.548626430822627,0.5303820852558321,0.0,0.3754895384183736,0.0,0.0,0.5253748222489141,0.0,0.0,0.0,0.5149342573102388,0.0,0.0,0.0,0.0,0.0,0.0,0.0,0.0,0.5404772646235386,0.511443368447938,0.0,0.0,0.0,0.5025832567731371,0.5287461942552946,0.5325658188694062,0.5093061551924832,0.0,0.0,0.600254844335953,0.5235853731441887,0.4928746942717936,0.4942795879875759,0.4750151797762705,0.5362688690487377
0.40510301454018793,0.42427168963994855,0.282783867703901,0.0,0.4076981979551082,0.46204998448115986,0.4610549565315038,0.4321835343601705,0.3797648966337247,0.4033653344315067,0.0,0.3017636311353177,0.47930750413483453,0.0,0.43339749895595625,0.0,0.42954483365203655,0.39143349055580995,0.0,0.4428606721897216,0.41326586122098224,0.3939660172769878,0.43142482250618064,0.0,0.41313260190574014,0.41782597567887053,0.4448612948119262,0.46552603863633063,0.47564107386917226,0.4325901337603074,0.3978088549488501,0.45713095804133946,0.3829437095599926,0.39349111119112673,0.44579407109562563,0.40360837310133046,0.0,0.0,0.4544654491752882,0.43551500021238293,0.43841172679336515,0.45036630079106404,0.0,0.0,0.0,0.44253859271972096,0.4570733289355924,0.0,0.0,0.0,0.0,0.0,0.0,0.0,0.0,0.0,0.0,0.3305247470427366,0.0,0.48988356118106613,0.4485683475464925,0.0,0.43541541201750117,0.0,0.4318974904139028,0.4810083286785195,0.46795399781321456,0.43002106622993186,0.0,0.43297182604359113,0.4673017318771417,0.4288394672230032,0.0,0.40410821186456236,0.0,0.4243658374667835
0.37558203772907883,0.0,0.3687944920994859,0.0,0.4084941809764082,0.34872073035671863,0.4046065016140206,0.0,0.3685808911168955,0.3631588545219273,0.3834267990361204,0.4167628028829441,0.40963419831695996,0.0,0.3628478204366061,0.42954483365203655,0.0,0.38986791790685404,0.37431412961571053,0.39157367782829167,0.0,0.39234751940992996,0.34483097341658897,0.38237202210276516,0.38549892091506827,0.3883598755851113,0.33490705742303983,0.4125582100908218,0.3596788973421324,0.0,0.36866648775793964,0.43251913657337665,0.3640478751939504,0.38541487145757647,0.38822557532389,0.4331824535418786,0.0,0.35346499625991545,0.0,0.4032126490966492,0.0,0.0,0.0,0.0,0.0,0.0,0.0,0.0,0.0,0.0,0.0,0.0,0.0,0.0,0.4585488804445656,0.0,0.4986906111361855,0.0,0.0,0.0,0.39736446567221817,0.44626551622300353,0.42343940590713525,0.0,0.0,0.0,0.0,0.0,0.47134984932494306,0.44291942197636525,0.46836415378717766,0.0,0.0,0.0,0.0,0.0
0.41457855892864437,0.42797241300028166,0.0,0.0,0.36030699841522096,0.4425993459633155,0.4246423369337768,0.44584974386070514,0.32819043962413424,0.39625640385897876,0.3748550398711927,0.38123442840347094,0.4485056341529123,0.0,0.4208637891731449,0.39143349055580995,0.38986791790685404,0.0,0.3802484527867763,0.4178915958607125,0.4168779743705801,0.4168299848553337,0.4173313353605474,0.39232987201510805,0.38751244491281883,0.39449327773781023,0.3830965986817272,0.4506087089800084,0.42889148430472324,0.44401672366493616,0.4001438019733946,0.43943458728913737,0.37553297841119104,0.4026155686684068,0.42514915809702425,0.3591277370851964,0.0,0.32924098934702895,0.4396309900626251,0.4111042284487243,0.4270917569947525,0.4237639338234216,0.0,0.0,0.0,0.44673543881161,0.44472812073492385,0.0,0.0,0.0,0.0,0.0,0.0,0.0,0.4303849388207996,0.0,0.44704359532758803,0.0,0.0,0.40228682832991236,0.44151048819550454,0.4337358441576856,0.4248118884321706,0.0,0.32977670183849783,0.0,0.44249936034804543,0.0,0.4971435145457043,0.42527528136646625,0.44917838709435676,0.0,0.0,0.3417443705265035,0.0,0.4228022797866775
0.0,0.0,0.3186195133614939,0.37984388847126266,0.422628882194131,0.38669985803214174,0.48091133340294795,0.44201558794978324,0.2805544357710546,0.4516356580821492,0.2970466099606812,0.36014787599570974,0.4754855007339662,0.3737366576383622,0.0,0.0,0.37431412961571053,0.3802484527867763,0.0,0.0,0.0,0.0,0.322597966414392,0.36968195295088246,0.3326253148205696,0.0,0.3806419835424591,0.45953592426232515,0.0,0.0,0.4744845494116397,0.3962388477012233,0.37610935399969286,0.46643885408335917,0.45177158554235597,0.3612234862618441,0.4176634996201543,0.3604215493938843,0.4248696476055406,0.0,0.0,0.33592810341758134,0.4771880208255545,0.0,0.0,0.0,0.0,0.40945186449757953,0.0,0.481687372220891,0.49979246093156904,0.48073280465137136,0.549274597637365,0.5331490228882122,0.0,0.3953919481729041,0.0,0.4345509374938247,0.0,0.0,0.0,0.0,0.0,0.5006350737411241,0.0,0.0,0.0,0.5286286945310965,0.0,0.0,0.0,0.5105363495562539,0.4016994599228605,0.0,0.0,0.0
0.4287992164567436,0.43467592902142216,0.3769325580766623,0.48336422161836884,0.4272671439529728,0.4454600252907106,0.4554183940208551,0.4230689323404944,0.42218748833473563,0.3451151713623035,0.0,0.0,0.459312171838825,0.0,0.2961148429379549,0.4428606721897216,0.39157367782829167,0.4178915958607125,0.0,0.0,0.4574028740878464,0.38119862484704875,0.3165593568717634,0.0,0.4232398672696202,0.45715907267450684,0.3582474312576509,0.36682352764134213,0.3573353003337077,0.31240804956784335,0.42024633995655086,0.46869200665146077,0.39887778598762824,0.4406469433424362,0.4997070070037879,0.5139565184334667,0.47874683205447305,0.0,0.5046988676008087,0.44061086398016214,0.5015975583928256,0.46969662165057846,0.0,0.3377050739476124,0.0,0.3637589660173967,0.4357464854333002,0.0,0.0,0.0,0.49905971899401624,0.0,0.5327462270729888,0.0,0.0,0.0,0.0,0.4509119988952184,0.0,0.5227370504647508,0.3748407504304214,0.0,0.0,0.0,0.49568818433192685,0.5005925934656925,0.5035170267676737,0.5206800579501691,0.0,0.3186580679916983,0.5061120557054897,0.5169138421620519,0.5129433320993414,0.512923725176601,0.4273023242784918,0.4929191702233666
0.3943341309854136,0.4306671051823288,0.0,0.0,0.0,0.4324179298945427,0.0,0.3811178815672136,0.0,0.0,0.0,0.4525584458579146,0.0,0.45146031956961774,0.40830595977567546,0.41326586122098224,0.0,0.4168779743705801,0.0,0.4574028740878464,0.0,0.45226054998970733,0.40934926988484654,0.4849356106912394,0.41233294931890263,0.43735663258386565,0.44652852411004684,0.4693981617128703,0.44829778751716404,0.4696257416149384,0.41260745095641743,0.45797252854008286,0.40278079912770465,0.42050233548472093,0.5059828418214815,0.0,0.0,0.4483136259319298,0.5020024294358643,0.44462316924088663,0.5039758391222042,0.565090408440682,0.0,0.0,0.0,0.43008431564826277,0.5101052647141722,0.0,0.0,0.0,0.48523890938264674,0.0,0.3893135173329208,0.0,0.0,0.0,0.0,0.44671827826297494,0.0,0.5282127838174402,0.5122690966254784,0.0,0.0,0.0,0.49104100172130183,0.4447699515244148,0.5237156686543992,0.47764693832533894,0.0,0.0,0.5465571297370411,0.5044305931271056,0.49230113827112887,0.48117452469669864,0.4753680397161305,0.47927116627936
0.4037522607729816,0.41426631932879937,0.4055626507085208,0.5233649734061052,0.45707278785421857,0.45928345510211893,0.48158248290938477,0.4656291784365278,0.43189809070847784,0.3622037561218238,0.0,0.27977398911785945,0.4910794646628821,0.0,0.3400386977272776,0.3939660172769878,0.39234751940992996,0.4168299848553337,0.0,0.38119862484704875,0.45226054998970733,0.0,0.44304378571255776,0.0,0.41111935556502266,0.41174247205749515,0.448318968175505,0.45162869808280914,0.42860973834091776,0.42743584306974536,0.3989105358566643,0.4683536485043221,0.39106959004520153,0.425866816312464,0.4980122620708199,0.526877305197518,0.496156803509674,0.0,0.5008229810782858,0.47937311308519015,0.4874572500869152,0.4998900127548715,0.0,0.3369086764182,0.0,0.4573571411798036,0.4761449085888738,0.0,0.0,0.0,0.48815932273730517,0.32520649226142495,0.0,0.3549520018283428,0.0,0.0,0.0,0.33875354513020983,0.0,0.5303784417939905,0.4808096494003735,0.0,0.3970618472013492,0.0,0.5010957967378651,0.5134551902473439,0.4983030102044933,0.5080132187063974,0.0,0.4259300435769253,0.5154108390126475,0.5225254661739203,0.4185651203194675,0.4920979342287655,0.0,0.4755692883482386
0.45817818008644606,0.44285348567495536,0.31564844822014787,0.3952426188053233,0.41132481197220205,0.4309327505026157,0.44796681307830655,0.3896622765823099,0.4002764929738821,0.43127149315788804,0.3152565678983813,0.384608657157662,0.4470279047215032,0.4012621965979558,0.3505920504620026,0.43142482250618064,0.34483097341658897,0.4173313353605474,0.322597966414392,0.3165593568717634,0.40934926988484654,0.44304378571255776,0.0,0.49677952689716504,0.43313935809879256,0.45562032801105623,0.3633608551691229,0.4352666275203102,0.4216551126216716,0.42914740024026526,0.44061083238279714,0.4263926489229019,0.34782321404814465,0.4448752145837158,0.46926126672321844,0.4327740629978941,0.41825726774919025,0.34605820325580094,0.5355237657135358,0.0,0.5419122098439877,0.46762730756620974,0.4978282996778148,0.41165941360732283,0.0,0.5145555198911412,0.47278005812353757,0.4742396135715146,0.43372649418897297,0.5328849815472565,0.5174527772386877,0.5412700166539268,0.5138974566411716,0.5475927350899746,0.0,0.5227577975088905,0.0,0.5314439566072585,0.0,0.515975715454729,0.3635169036903015,0.0,0.0,0.4249850983057719,0.514947640990589,0.5244706414653865,0.5222836031325974,0.5280539863950747,0.0,0.33170767303386206,0.5291924911130795,0.5231159744772356,0.5310748346988935,0.5212351672054677,0.522920943024066,0.5421133425721941
0.3775231066239593,0.0,0.0,0.0,0.0,0.37676130897447374,0.4111068830514206,0.5064903213503386,0.399784165598008,0.35389713052264526,0.4293681305922239,0.2994258610296995,0.3591033776435042,0.0,0.4996779299196148,0.0,0.38237202210276516,0.39232987201510805,0.36968195295088246,0.0,0.4849356106912394,0.0,0.49677952689716504,0.0,0.40272698858652634,0.3406043714002214,0.4463100670800506,0.3601911189532492,0.0,0.0,0.34697091664549523,0.31473215469399407,0.22582090116033962,0.2438125469791878,0.2386559622583953,0.35938384412845714,0.23388733207248963,0.23829370087776963,0.45286075360835715,0.27068423352134263,0.3070372316378664,0.0,0.0,0.0,0.2617663118390594,0.45178005120988163,0.0,0.0,0.0,0.0,0.0,0.0,0.0,0.0,0.3962592893874565,0.0,0.42611130683586634,0.4233740871300601,0.0,0.0,0.43663464347370157,0.4707234069651212,0.4471424254036231,0.0,0.0,0.0,0.0,0.0,0.3648642882401417,0.45036238696650727,0.46943255406686507,0.0,0.4482921707872787,0.0,0.0,0.4330707631995885
0.4100078687999554,0.3988225360227056,0.27792095126436733,0.0,0.35299002704187493,0.40006487170033067,0.406868886260659,0.46849341374340875,0.35395917643845576,0.3776910042611023,0.39033314649148765,0.38212167101427597,0.4325693374630622,0.0,0.40328712466970235,0.41313260190574014,0.38549892091506827,0.38751244491281883,0.3326253148205696,0.4232398672696202,0.41233294931890263,0.41111935556502266,0.43313935809879256,0.40272698858652634,0.0,0.3695337083739596,0.4007317807163187,0.42940038072233094,0.44201040710389256,0.0,0.39173630101732965,0.41958739515883475,0.33736353775969263,0.38185749801048613,0.3953946579781609,0.3520386813893447,0.0,0.34960164117352294,0.4504488486724496,0.42272614668934294,0.4383378844468203,0.4394385479165918,0.0,0.0,0.0,0.4468221180502502,0.4520281333521487,0.0,0.0,0.0,0.3247176100820761,0.3296108166291392,0.40664898567148827,0.0,0.4651300105387777,0.0,0.48807640545472764,0.35746700308240303,0.0,0.0,0.45117713886750227,0.4632602992639414,0.4351268353495842,0.0,0.41486997895544137,0.42323958802452416,0.44494142056895913,0.3631633250949536,0.46680314835262243,0.44008056732303436,0.46116445211116047,0.3525721264854527,0.3802182895184366,0.434308807582781,0.0,0.43733975798555863
0.3892942182078791,0.4099743592965464,0.33257568642227014,0.5412717220157162,0.3597381106038934,0.4481220417263051,0.4108153832981428,0.48203389560826176,0.3797792486792822,0.35664973986079057,0.0,0.3140450397741301,0.42285879238577934,0.0,0.44988429249643247,0.41782597567887053,0.3883598755851113,0.39449327773781023,0.0,0.45715907267450684,0.43735663258386565,0.41174247205749515,0.45562032801105623,0.3406043714002214,0.3695337083739596,0.0,0.45591346865771426,0.4149578510984698,0.4162520881190046,0.0,0.3895363196328721,0.4499979742626442,0.36895396406823877,0.3948847626090827,0.4684911397017819,0.5071631446309839,0.49267205408405707,0.3382505009272217,0.48702677964367735,0.4393563323131854,0.47076767630097743,0.47551750185576996,0.4148716015689383,0.31062460955749743,0.0,0.4582738217609969,0.49373286843413705,0.0,0.0,0.0,0.485896333588246,0.35375362588875836,0.0,0.0,0.4863515344542531,0.0,0.502164697030821,0.3879168766863451,0.0,0.5716596868912,0.47392258919243313,0.4807521461461993,0.4538709213890732,0.0,0.5346290061308385,0.5321006780702093,0.5253211177609187,0.5231718418297854,0.45139125602789426,0.4563443129205632,0.49490432699242204,0.5219137523618902,0.4580279863255712,0.4908064387163742,0.0,0.4564203458036001
0.4616698632622224,0.4336330793483548,0.3580973795756009,0.38821066654755026,0.418976102105515,0.377723537117496,0.4440481531951903,0.4391877246793591,0.35943187963856243,0.4273561763628189,0.3847638591922067,0.3431390160374118,0.453423024867784,0.43421571343308835,0.39626820252842343,0.4448612948119262,0.33490705742303983,0.3830965986817272,0.3806419835424591,0.3582474312576509,0.44652852411004684,0.448318968175505,0.3633608551691229,0.4463100670800506,0.4007317807163187,0.45591346865771426,0.0,0.42578102566294873,0.3861877638817878,0.40148186064218977,0.4240143530604877,0.43148919221634907,0.3604358365948343,0.4364861218444172,0.4635408032066285,0.4374711811939724,0.40924495374026926,0.34548882146285864,0.5072543437629681,0.5319878234057303,0.4871565512535117,0.42916281163062686,0.48233320188888323,0.31923438856291625,0.0,0.30651475265237516,0.3994099977065351,0.5503107360097577,0.36674079838972967,0.49821354577087495,0.5062151675446244,0.5280794033816517,0.5012872839974415,0.5498819129504622,0.0,0.5266190726873805,0.0,0.5342490436211637,0.0,0.5103689057147491,0.3172689245769655,0.0,0.0,0.5346318296969941,0.5096599892073475,0.5154348388827016,0.5517212002610538,0.5213315152974588,0.0,0.2756444467912843,0.4869544666156484,0.5125866625485751,0.533166310622597,0.520360381748663,0.5083101027337964,0.5379491168724118
0.4190086274356287,0.45407694179366315,0.4376390809349153,0.26420995621427634,0.387778763551541,0.42331503011917754,0.3867441530715322,0.44020563271120006,0.4646083676676053,0.40047323525694134,0.4699015037871401,0.2872249892506169,0.3466018347967421,0.3052471985708105,0.45539766681247484,0.46552603863633063,0.4125582100908218,0.4506087089800084,0.45953592426232515,0.36682352764134213,0.4693981617128703,0.45162869808280914,0.4352666275203102,0.3601911189532492,0.42940038072233094,0.4149578510984698,0.42578102566294873,0.0,0.349023074935384,0.3292236913391187,0.38901432825588744,0.3860511083043823,0.255392153648581,0.37093430637783925,0.34759836548022327,0.25952680948771706,0.2596085055112155,0.2432895202005107,0.3617293096570965,0.0,0.38807562944327517,0.31330747964665395,0.41373833607912897,0.22761842013184383,0.0,0.0,0.31976815169466205,0.4286327256115923,0.0,0.36777698186770647,0.5081718433269152,0.39803795413831594,0.5070050057224341,0.39096218069835226,0.0,0.0,0.0,0.44196980710340295,0.0,0.49349212449401936,0.3071459170675106,0.0,0.0,0.3772663429864871,0.5133886014236644,0.4996078682897601,0.0,0.5185529076806877,0.0,0.35581720314461596,0.404652083706874,0.5162352986505366,0.5195150687801359,0.5271896549916801,0.0,0.5258381065859498
0.4334592853064292,0.4487209377853564,0.3961864517154937,0.3811226336355048,0.43837932677124714,0.34258137712276315,0.46628629120196535,0.41653792990893973,0.43779773977941433,0.4058770683455356,0.0,0.0,0.45081085562857126,0.0,0.4205083612602211,0.47564107386917226,0.3596788973421324,0.42889148430472324,0.0,0.3573353003337077,0.44829778751716404,0.42860973834091776,0.4216551126216716,0.0,0.44201040710389256,0.4162520881190046,0.3861877638817878,0.349023074935384,0.0,0.3835351745388755,0.39651624934724217,0.44063197024648443,0.3578247686488446,0.42743698306988276,0.47281649116727764,0.4642695654257091,0.4119437403583158,0.0,0.5214231606783233,0.4704478442916081,0.5504349980709844,0.4420622991251955,0.38019984951793123,0.3743325019257748,0.0,0.0,0.44337501578397115,0.44147890762838327,0.0,0.3988476322326347,0.5035897374505918,0.4129139471739627,0.4974892124165673,0.0,0.0,0.0,0.0,0.49004185158526437,0.0,0.4988793526524894,0.34574797608542984,0.0,0.0,0.0,0.5012291265994332,0.4967876030788341,0.5020497561238738,0.5151601561335813,0.0,0.32322884783499795,0.483169783980462,0.5147945226171806,0.5238498922788037,0.5028820821348438,0.48916231240556474,0.5396477999439496
0.0,0.0,0.4047031983219714,0.31012727998746004,0.0,0.44024182671731826,0.0,0.4227865707174145,0.41564341006198585,0.44758152606284773,0.0,0.0,0.46588175801672793,0.0,0.0,0.4325901337603074,0.0,0.44401672366493616,0.0,0.31240804956784335,0.4696257416149384,0.42743584306974536,0.42914740024026526,0.0,0.0,0.0,0.40148186064218977,0.3292236913391187,0.3835351745388755,0.0,0.3555679174181041,0.44278301166229056,0.33074832717106384,0.38404396304833205,0.38411910637038665,0.3898343417564237,0.31651960613889774,0.0,0.0,0.0,0.0,0.0,0.0,0.0,0.0,0.0,0.0,0.0,0.0,0.0,0.4560640230859527,0.0,0.0,0.0,0.0,0.0,0.0,0.0,0.0,0.0,0.0,0.0,0.0,0.0,0.0,0.0,0.0,0.5265608425303229,0.0,0.0,0.0,0.5189593281831001,0.45564351750861243,0.5002835892883717,0.0,0.0
0.3670163650621913,0.3692286223723816,0.4575570526820617,0.30204124572034724,0.45993944811063997,0.45679109465001566,0.433710944020411,0.45030580127604886,0.4796171590352389,0.35840593985521507,0.490562085973173,0.32980074519548586,0.40767099540040697,0.0,0.4367551680803692,0.3978088549488501,0.36866648775793964,0.4001438019733946,0.4744845494116397,0.42024633995655086,0.41260745095641743,0.3989105358566643,0.44061083238279714,0.34697091664549523,0.39173630101732965,0.3895363196328721,0.4240143530604877,0.38901432825588744,0.39651624934724217,0.3555679174181041,0.0,0.41517224681641096,0.329613537077217,0.3040377485633382,0.2980962135290202,0.4204980676026902,0.34278598136764926,0.310567941678843,0.3882532882243168,0.0,0.42260031498108447,0.0,0.4012231905870234,0.20315953141571366,0.23143207138280691,0.3844372505997261,0.4363723439089729,0.4489436574337454,0.0,0.0,0.5108779797442592,0.3841240971567125,0.0,0.4034871070452419,0.4326370089234393,0.0,0.4386366730803416,0.4050060413691149,0.0,0.5044362518852274,0.43226088059085394,0.4548991167170282,0.4400119157436518,0.0,0.5032751288556848,0.4618315661100111,0.48553050682844,0.5278404754006231,0.0,0.4297089794220168,0.4560298217261058,0.5227944423196051,0.505821503390659,0.5312825144659964,0.0,0.3764386383538676
0.4335212228423593,0.4075499001484833,0.40528514474213195,0.2875564729760932,0.41279821976189685,0.4412793817730204,0.41710354543140504,0.38433032521757216,0.450861059350963,0.34323152341664365,0.36338252961104667,0.2443039078065037,0.41198471860461167,0.2689407463014047,0.4709283481834261,0.45713095804133946,0.43251913657337665,0.43943458728913737,0.3962388477012233,0.46869200665146077,0.45797252854008286,0.4683536485043221,0.4263926489229019,0.31473215469399407,0.41958739515883475,0.4499979742626442,0.43148919221634907,0.3860511083043823,0.44063197024648443,0.44278301166229056,0.41517224681641096,0.0,0.36031790232059535,0.3171423018221617,0.36942290341140843,0.29088562698996745,0.31336014853645555,0.25956637204335936,0.3293530255059767,0.3454661458030409,0.3557567322030562,0.3617578609496871,0.3021651437869828,0.28374290946618497,0.270079137922603,0.44839805921145304,0.47881131461338006,0.48580675745507623,0.2497897395310245,0.43341230336238673,0.4885523241093867,0.32708214036161887,0.4810115148234677,0.4322387165105781,0.0,0.4169075912900421,0.2629400394743216,0.36483463830677965,0.0,0.5225864496106866,0.4781025955420484,0.0,0.4334982883534357,0.4503065596030903,0.4832663714848997,0.5077495780430205,0.5054546899343406,0.5161258654366386,0.0,0.44724000996090746,0.4803095000208049,0.508788572742083,0.3415109229990451,0.5102396630492894,0.5207165793024675,0.4001516286392886
0.36003369109271544,0.3302666380642726,0.3570525125924872,0.3959513775140757,0.35089555810809403,0.40393003853580384,0.387713570206267,0.45893890310622104,0.4110705094591584,0.3259744078391433,0.37352910891006247,0.28328274587704416,0.3603784660163595,0.0,0.43000995316750407,0.3829437095599926,0.3640478751939504,0.37553297841119104,0.37610935399969286,0.39887778598762824,0.40278079912770465,0.39106959004520153,0.34782321404814465,0.22582090116033962,0.33736353775969263,0.36895396406823877,0.3604358365948343,0.255392153648581,0.3578247686488446,0.33074832717106384,0.329613537077217,0.36031790232059535,0.0,0.22329298816193566,0.3630487092897793,0.40699646362721503,0.25265465369666457,0.1789396377278009,0.29844148068548065,0.22002477147582827,0.311174473743032,0.36270749708100186,0.26713093373392066,0.2869709514100185,0.20926638057949482,0.4092845793932265,0.45132000321585275,0.0,0.0,0.0,0.0,0.2513949046137769,0.0,0.0,0.3438180793165242,0.0,0.37712063669348983,0.3409282917112,0.0,0.5446757817596075,0.44331142298660653,0.407318289792813,0.4294659184879614,0.0,0.0,0.0,0.500399309977889,0.0,0.2949103510771656,0.4248250987728395,0.42696838691712,0.0,0.0,0.0,0.0,0.3606054876178483
0.34204845623493024,0.3565479663631427,0.4511990244659463,0.21781311559476038,0.4535226494824203,0.46181307364077046,0.42238571857408985,0.4475904350535645,0.4698976863747076,0.3489796147941836,0.46601852219720663,0.21907737668801208,0.40194010364663313,0.0,0.4545192520982843,0.39349111119112673,0.38541487145757647,0.4026155686684068,0.46643885408335917,0.4406469433424362,0.42050233548472093,0.425866816312464,0.4448752145837158,0.2438125469791878,0.38185749801048613,0.3948847626090827,0.4364861218444172,0.37093430637783925,0.42743698306988276,0.38404396304833205,0.3040377485633382,0.3171423018221617,0.22329298816193566,0.0,0.23423140116949925,0.2819164447825767,0.2502478320271149,0.20718810442327032,0.28780029825428016,0.2401994925206471,0.31352912518145387,0.3434378592034129,0.2499930640212567,0.2614551017182451,0.21859793332538893,0.3722168285012314,0.44487872635911574,0.41787493406406284,0.19805653843446372,0.0,0.46506279164830355,0.3624999843016296,0.5027429058528624,0.3595402864692535,0.4089610778892832,0.0,0.27796530502654326,0.3256274408525459,0.0,0.5239952432741887,0.4369036163301788,0.44932727866942074,0.4349003062584086,0.34044119348012725,0.4994745210419301,0.5031069846947004,0.4959720539513936,0.5252351727935977,0.2991009084992923,0.4250412041195119,0.46797674510079734,0.5145335437419688,0.30838444509943364,0.516030244589512,0.0,0.5168652959460279
0.4174501518459662,0.4080006793626954,0.43935507528818746,0.37225047545436196,0.45689704751970744,0.4590707336515563,0.4393861040996157,0.4582811465899622,0.45898606413326576,0.3139707128048891,0.43956374274172055,0.22954682421292616,0.4246273806673054,0.0,0.5130371277641944,0.44579407109562563,0.38822557532389,0.42514915809702425,0.45177158554235597,0.4997070070037879,0.5059828418214815,0.4980122620708199,0.46926126672321844,0.2386559622583953,0.3953946579781609,0.4684911397017819,0.4635408032066285,0.34759836548022327,0.47281649116727764,0.38411910637038665,0.2980962135290202,0.36942290341140843,0.3630487092897793,0.23423140116949925,0.0,0.4577636400827964,0.36792664620525606,0.26528536279563325,0.33980608886308084,0.34190429101873476,0.39767472589279396,0.3787069570916708,0.2913370425022249,0.2985219727677497,0.3511487034971692,0.0,0.4758774862644924,0.0,0.2688657558946065,0.0,0.4074318796561947,0.28211937882901095,0.0,0.34602765807886604,0.0,0.0,0.0,0.2849103646912976,0.0,0.5538081058992979,0.0,0.0,0.0,0.39302115312783187,0.46188307439997606,0.0,0.48819048890591693,0.49205885797034243,0.0,0.441894573787136,0.45914196527061485,0.47938871853645715,0.2660850843358946,0.5091294597182775,0.0,0.0
0.0,0.3616338415419534,0.40142777186523315,0.204654333049825,0.2607782366494013,0.4440834038752622,0.30845575242983025,0.29014796802267256,0.454655162271137,0.3838711254318587,0.28678107893336147,0.29588105482187277,0.33521275098937786,0.24071434733047659,0.5406432231003448,0.40360837310133046,0.4331824535418786,0.3591277370851964,0.3612234862618441,0.5139565184334667,0.0,0.526877305197518,0.4327740629978941,0.35938384412845714,0.3520386813893447,0.5071631446309839,0.4374711811939724,0.25952680948771706,0.4642695654257091,0.3898343417564237,0.4204980676026902,0.29088562698996745,0.40699646362721503,0.2819164447825767,0.4577636400827964,0.0,0.22865633985703462,0.2844324983946418,0.3107147529508798,0.0,0.29181462571238437,0.3328143215372118,0.31019144922792924,0.29702455125548866,0.0,0.0,0.0,0.5055617301604414,0.28891796837365985,0.4788820562594601,0.4369016633366876,0.4441039450739672,0.0,0.5024459542355653,0.0,0.43536057251561594,0.0,0.3805742544233556,0.0,0.0,0.0,0.0,0.0,0.490929596987462,0.0,0.0,0.0,0.48537547836487777,0.0,0.0,0.3711221931003944,0.45320835663628456,0.3336047470046133,0.411552949431641,0.0,0.0
