0.0,0.42654634202883907,0.0,0.0,0.0,0.4720895609824303,0.0,0.5061715262757275,0.0,0.41677070768356095,0.0,0.38792004453988127,0.0,0.0,0.38103124721179527,0.41721030058785596,0.0,0.40215899176538394,0.0,0.4546382435907686,0.3844336940894801,0.42785648708978663,0.47300147772240597,0.3898579254331322,0.38374727042488765,0.376907550280864,0.47914186250672636,0.4567597227033888,0.45887095328304184,0.0,0.39606091046088404,0.42155703704971476,0.3463982782306504,0.40484081675378414,0.4178916597828643,0.0,0.0,0.3853063353883861,0.4641558703819877,0.41668954771853806,0.42357418749233117,0.503019812954602,0.0,0.0,0.0,0.4186755826185738,0.490531956743316,0.0,0.0,0.0,0.0,0.0,0.0,0.0,0.0,0.0,0.4484987067888623,0.0,0.0,0.0,0.47159001211075513,0.0,0.47210914630291223,0.0,0.0,0.327670855275784,0.4850286230413131,0.49035785454999603,0.0,0.46778805743351237,0.47449655772617744,0.0,0.0,0.0,0.0,0.4278513570890663
0.42654634202883907,0.0,0.3251258202642747,0.0,0.3811461707046302,0.41770740254426664,0.3922441168761504,0.435876817870934,0.3766929757117168,0.26206848434979274,0.0,0.23795064028514673,0.43562567916405853,0.0,0.45212889395135103,0.41743543311868775,0.35994663035056385,0.4213657764228835,0.0,0.424463767983781,0.4375772112940399,0.417164572952632,0.43482262716650505,0.35715300876376477,0.39460938908068116,0.39277666834456815,0.4280780009973354,0.4342732457289047,0.44373323992160274,0.3940008173528343,0.3936596923451702,0.42804923238803616,0.38060383886533977,0.3909865668443769,0.4299440656773173,0.0,0.0,0.0,0.49265146572895524,0.4723903156504205,0.4631010941828494,0.5006968430233023,0.0,0.0,0.0,0.5206012716221824,0.49563038225676714,0.0,0.0,0.0,0.4208847821303201,0.0,0.47032458879073236,0.0,0.3376659237139616,0.0,0.0,0.27342651793021533,0.0,0.5613931879839746,0.4857287726488662,0.34615903878740806,0.4733112179390564,0.0,0.5132085788372911,0.526853386876225,0.4932221312601207,0.5184772321051881,0.0,0.48962507640560554,0.5157936757186647,0.5349739375857004,0.0,0.5009952603316717,0.0,0.4758993149486629
0.0,0.3251258202642747,0.0,0.3811288334624072,0.3739640498843078,0.40366088409648115,0.42972460919210087,0.4960315006675049,0.31420275475520226,0.40081190634967234,0.3400107933536442,0.31519438474639516,0.45524464959640376,0.4520024128086992,0.0,0.0,0.0,0.32813412294752536,0.28713164624192106,0.0,0.0,0.39567076533585244,0.3551344750005916,0.3055951706984758,0.25182501909747007,0.308536419801067,0.3276278333775528,0.4616298259538713,0.3915701548690876,0.4286234302059304,0.4717595087909688,0.4387105664866103,0.3127505220265869,0.478462676642315,0.437274768831861,0.4483157458241969,0.4184510081198154,0.31420883071351113,0.5344472960521184,0.0,0.4488726562568801,0.0,0.5317877287371928,0.3487067673614036,0.0,0.0,0.0,0.5578579811737583,0.0,0.58097828426226,0.5797921921243214,0.6509238096189899,0.5952909615317818,0.5923107799207609,0.0,0.5679673983039836,0.0,0.5480170223528948,0.5588959626331207,0.0,0.0,0.0,0.0,0.3171746788407108,0.0,0.0,0.0,0.5907746294662845,0.0,0.0,0.0,0.6000464277791386,0.4825592348156978,0.39873280231280495,0.0,0.47383833528263647
0.0,0.0,0.3811288334624072,0.0,0.3165140527836719,0.42428371028371514,0.32010920938574616,0.37926549333181914,0.401600851646899,0.26460379535562056,0.38625778263541566,0.27069145813637907,0.30164966274154414,0.28981221428303844,0.0,0.0,0.0,0.0,0.395329133068844,0.4136758327624107,0.0,0.0,0.4228282646899666,0.0,0.0,0.0,0.41768160466493987,0.2858065538755199,0.36038563096397624,0.0,0.3166778488049073,0.28197387566665477,0.31777298894887157,0.32872448333998505,0.2961358299682585,0.20782618183118287,0.20658830733840344,0.3136066044403222,0.0,0.0,0.0,0.0,0.0,0.0,0.0,0.0,0.0,0.3748348205243263,0.0,0.0,0.0,0.0,0.0,0.0,0.0,0.0,0.0,0.0,0.0,0.0,0.0,0.0,0.0,0.0,0.0,0.0,0.0,0.32870217943159674,0.0,0.0,0.0,0.0,0.0,0.0,0.0,0.0
0.0,0.3811461707046302,0.3739640498843078,0.3165140527836719,0.0,0.39028023939658296,0.3394641314050979,0.3895685693553336,0.33247672303200615,0.43455619545031265,0.330670468272834,0.37941954451491483,0.3789079791582461,0.32814716297966806,0.0,0.3970706425684206,0.0,0.34030714461141487,0.37170755683957407,0.0,0.36121367956477735,0.0,0.38844287079632417,0.4055949258778029,0.3490348564832787,0.3501552321736932,0.39557038241943715,0.3918049302521572,0.0,0.0,0.44955070045492906,0.3732956331679713,0.0,0.43879232900837234,0.4209305959161164,0.28163534489370734,0.37902786646331343,0.37957081281813687,0.3509877455606712,0.0,0.29833571082991206,0.0,0.40282818643264184,0.0,0.0,0.0,0.0,0.506791858085172,0.0,0.42940422244299525,0.48406613958599043,0.3781622672027457,0.44560549522680926,0.45083098142957945,0.0,0.40740646014666765,0.0,0.34660805730736877,0.0,0.0,0.0,0.0,0.0,0.4667828264120256,0.0,0.0,0.0,0.5310445124547742,0.0,0.0,0.0,0.5011760043589345,0.3268422763155723,0.0,0.0,0.0
0.4720895609824303,0.41770740254426664,0.40366088409648115,0.42428371028371514,0.39028023939658296,0.0,0.4212698415008452,0.4622506406537063,0.354181690943295,0.4393782662107149,0.41302282785543615,0.34180569571030106,0.3965403642866218,0.4485880904569017,0.4718673222234339,0.456737412869719,0.2924610280508416,0.45172323979382917,0.3613097244861363,0.4279471859188998,0.455783735513111,0.4517255177134193,0.40118797668884015,0.33957389627813644,0.4000820219558022,0.42923845786311554,0.38216204622917344,0.4143796903785378,0.3668893355014185,0.4052925621218158,0.41816774133294893,0.42196549372144593,0.3950016472133026,0.4392310957890118,0.4420479762795411,0.45033812814485885,0.4402982343104724,0.3639028659292567,0.5221764036323011,0.0,0.5689572844667021,0.4682804568179638,0.5053918513264108,0.3227596153818785,0.0,0.0,0.3614906029496403,0.5858075958739961,0.3849948531652875,0.4800280490526634,0.5530520771005428,0.6296618605763018,0.5220525997679661,0.566383505825605,0.0,0.529390634845337,0.0,0.6125200955981401,0.0,0.4798794171507553,0.27061063400580865,0.0,0.2823426321979575,0.5649507257063122,0.5242623468760697,0.48054768388432145,0.5185775482470742,0.5500291820578864,0.0,0.2693113311723807,0.43339726984090116,0.5447652643593259,0.5647697081649892,0.5333615276625239,0.49773821430741005,0.5682662846293838
0.0,0.3922441168761504,0.42972460919210087,0.32010920938574616,0.3394641314050979,0.4212698415008452,0.0,0.4503467928147965,0.37530306829624405,0.37737091389932814,0.4382738843934256,0.3622695912956075,0.3659310783643611,0.3720378583536946,0.0,0.42749602324211516,0.37862832542842223,0.4105574221497373,0.44213748735406583,0.44489080932095326,0.0,0.464046274621112,0.42590476011432,0.3735839549274329,0.37533466420643113,0.3927955163088046,0.42457334237427224,0.38142229678302286,0.4341210922970765,0.0,0.4207169021004234,0.3793792138272195,0.34796546148689,0.38919106474721354,0.37732431336553673,0.3265395039144171,0.3474849762524574,0.3730939592471937,0.3183038562831457,0.0,0.27972375784240044,0.2787464892614554,0.40425203121924347,0.0,0.2999878812581221,0.0,0.28986184753296707,0.4886131278929158,0.0,0.3819493714750142,0.4810197478784575,0.39014854339439897,0.45070617694071624,0.0,0.0,0.3657477113509864,0.0,0.35426611739721353,0.38962611527357843,0.0,0.31488836201511594,0.0,0.0,0.41097198384951295,0.3203066038040838,0.0,0.2963694917734072,0.5432205004034083,0.0,0.0,0.2874414023130003,0.5363670119713505,0.361905790524951,0.3621378737994525,0.0,0.3569686737784563
0.5061715262757275,0.435876817870934,0.4960315006675049,0.37926549333181914,0.3895685693553336,0.4622506406537063,0.4503467928147965,0.0,0.4657373167193707,0.4432813635047429,0.3525531810221345,0.4085035158306389,0.4710274403546061,0.3715194280591966,0.0,0.4739231043984714,0.0,0.0,0.4534563400550529,0.4126094427402248,0.4283027102478426,0.45198276817931893,0.39385279437405535,0.5126250534095922,0.4840067992092551,0.4827476297665721,0.47267021393752706,0.4685495060255873,0.44106462090456333,0.45188928110954957,0.465858209975734,0.3912999642495168,0.4671723285568234,0.47385269275644226,0.4562897218559631,0.2616971825691909,0.4359263326863174,0.3761526798292893,0.4818876391019196,0.0,0.5103338649396513,0.563750914394335,0.43726693356768115,0.0,0.0,0.0,0.0,0.5653879892786652,0.0,0.5099637187223313,0.5136409999837017,0.5321550475688767,0.3540621184456445,0.5456333375744234,0.0,0.4550747950167531,0.0,0.5148392839917011,0.44838207561205373,0.4994105680421569,0.0,0.0,0.0,0.5426448475925357,0.5148881010705965,0.44958156843906716,0.0,0.5170434851322065,0.0,0.34236247430837907,0.44086077707974863,0.5257070995719124,0.4816669524007407,0.48420723188863735,0.0,0.500787167552063
0.0,0.3766929757117168,0.31420275475520226,0.401600851646899,0.33247672303200615,0.354181690943295,0.37530306829624405,0.4657373167193707,0.0,0.45940097246070033,0.3218753275993471,0.3910547915056674,0.4122842884107091,0.4068708257957002,0.0,0.3763159214753377,0.31117838363693956,0.3058530279243802,0.2886115622415565,0.0,0.0,0.43062135756083836,0.40970011683485236,0.3292934791969932,0.3584778194926958,0.29353065927572225,0.3978333233725791,0.4527344887747875,0.4065191990041412,0.4154581828551613,0.4694075003168275,0.42971721300304916,0.38516842170012927,0.46671026271481575,0.4455122372851779,0.4153457065240261,0.4427767484101144,0.4363793404401616,0.5478669449251452,0.0,0.33541566482980056,0.29227904759979406,0.5235683598342296,0.2997946702813256,0.0,0.0,0.0,0.5576762997380248,0.0,0.4924351689660477,0.5666870099773168,0.5526890477293376,0.549428741699336,0.5623150422702887,0.0,0.5075874718356311,0.0,0.5116922639138856,0.5184098487605795,0.0,0.0,0.0,0.0,0.5878563685752597,0.0,0.0,0.0,0.5753308272681693,0.0,0.0,0.0,0.5649914622249583,0.4643326914298731,0.40412563300318527,0.0,0.4142132023103308
0.41677070768356095,0.26206848434979274,0.40081190634967234,0.26460379535562056,0.43455619545031265,0.4393782662107149,0.37737091389932814,0.4432813635047429,0.45940097246070033,0.0,0.46698303660355645,0.3106162889283631,0.42115167667950415,0.43936087700665577,0.0,0.4101731410136596,0.34299810458796726,0.36935423894915326,0.45643395229738437,0.3179377449719958,0.49270007153309126,0.35563497532697075,0.45971029567074634,0.3352374387400864,0.34267173969101694,0.31728330893296386,0.40645823193277963,0.40017653451322904,0.3319396182149883,0.0,0.33422733050253817,0.35929385857930557,0.32847328527199404,0.3160734925487374,0.2796975814680994,0.3787011837979805,0.3002888198423572,0.3040498779268556,0.4569917589681648,0.3874706919074986,0.3934937326361237,0.0,0.0,0.0,0.3697397168259532,0.0,0.0,0.0,0.0,0.0,0.0,0.4393458730914994,0.0,0.0,0.4558831796508724,0.0,0.4762818798296097,0.4094550535112801,0.0,0.0,0.0,0.47970701113586517,0.4728861652663472,0.0,0.0,0.0,0.0,0.0,0.4443271957064861,0.4774428017443496,0.4731443007799517,0.3573535360281655,0.42874546014733367,0.0,0.0,0.42577664357287814
0.0,0.0,0.3400107933536442,0.38625778263541566,0.330670468272834,0.41302282785543615,0.4382738843934256,0.3525531810221345,0.3218753275993471,0.46698303660355645,0.0,0.4095529257855876,0.460804021754106,0.2990224827642331,0.0,0.0,0.3534477287510541,0.337839235342987,0.2814929916179941,0.0,0.0,0.0,0.25441230991146724,0.3912657370362783,0.35405161844874544,0.3011188782066059,0.40821519724808286,0.4571001069181172,0.0,0.0,0.48320216879935374,0.4088810061222764,0.37522037960150956,0.467518617005713,0.444420089189049,0.3549756145290175,0.445151744621669,0.41880180836873404,0.41570927043911704,0.0,0.346723030237575,0.30526021345159066,0.43423842284842745,0.30119617190682557,0.31072076270085086,0.0,0.0,0.5051626616815462,0.0,0.45589174569535057,0.5106083633182719,0.4903106652066061,0.0,0.4559574810026747,0.0,0.3359793573443688,0.0,0.432537816780368,0.4689223432139144,0.0,0.0,0.0,0.0,0.377935677190456,0.0,0.0,0.0,0.5442687289127266,0.0,0.0,0.0,0.5319161153563098,0.39732424931250765,0.0,0.0,0.34235642422580037
0.38792004453988127,0.23795064028514673,0.31519438474639516,0.27069145813637907,0.37941954451491483,0.34180569571030106,0.3622695912956075,0.4085035158306389,0.3910547915056674,0.3106162889283631,0.4095529257855876,0.0,0.39679365399334987,0.0,0.0,0.0,0.3616648090006655,0.3262077802572045,0.33356434369421795,0.3484374849982619,0.4099746267261485,0.35895566632151954,0.39207297973579047,0.27722635953933766,0.3325937093921759,0.28281140704310426,0.3375352106632562,0.3722387091518406,0.3185859539616104,0.0,0.3404589922557359,0.27225996793254315,0.2831222865969091,0.25557956758729894,0.31510987101091187,0.29879385212762477,0.35484071748831,0.2266258860862784,0.27984965123193556,0.4171251177883129,0.41399862806344323,0.0,0.0,0.0,0.38585309628476855,0.0,0.0,0.0,0.0,0.0,0.0,0.0,0.0,0.0,0.46168238780404175,0.0,0.47887057396370175,0.4109150318250292,0.0,0.0,0.0,0.49361544785517425,0.4520056878475647,0.0,0.0,0.0,0.0,0.3927073677925087,0.45932107322491467,0.4745956356904725,0.46442921615989685,0.450514270082925,0.4262233515001945,0.0,0.0,0.44074572405546003
0.0,0.43562567916405853,0.45524464959640376,0.30164966274154414,0.3789079791582461,0.3965403642866218,0.3659310783643611,0.4710274403546061,0.4122842884107091,0.42115167667950415,0.460804021754106,0.39679365399334987,0.0,0.3744716205721069,0.47009147806562473,0.47087688816293227,0.4213470027335968,0.4621610504585101,0.459755925696726,0.4510124072219585,0.4616455004342527,0.4813809784839281,0.44558702914645815,0.42838881822753777,0.4283467881136218,0.43484175900425776,0.44884462612901205,0.388618636150894,0.4189618684832081,0.43491811184004237,0.43454097280745735,0.4011269757951255,0.3972934851003386,0.4307471236828525,0.40717034187694545,0.3424169182613713,0.3586899157187605,0.4114769534159197,0.42679571875393485,0.0,0.3268014519553454,0.3243190512937403,0.37274129503107517,0.0,0.33066858381017483,0.0,0.2783729336886985,0.49766727604725863,0.0,0.0,0.6217962817360894,0.42657123177256134,0.5117933067497382,0.4371943733175779,0.39183801173892563,0.3652433445409268,0.0,0.5146806105916916,0.0,0.3500460408792013,0.2906808167200924,0.0,0.3039264542219032,0.4345410064308301,0.4196780161778976,0.0,0.30300993932143416,0.5472897133666024,0.0,0.30685319096395186,0.3413124574754002,0.545573817340192,0.5256110748671377,0.48207621572324033,0.384978646063034,0.41499540886089914
0.0,0.0,0.4520024128086992,0.28981221428303844,0.32814716297966806,0.4485880904569017,0.3720378583536946,0.3715194280591966,0.4068708257957002,0.43936087700665577,0.2990224827642331,0.0,0.3744716205721069,0.0,0.0,0.36455901628294907,0.0,0.0,0.41515645223702685,0.0,0.47612276211628146,0.0,0.40739775416560586,0.41914662906353195,0.0,0.41987424451429217,0.46613036210780057,0.3435146911787187,0.0,0.0,0.0,0.31071885258660586,0.0,0.41683929774041445,0.0,0.22225805298904008,0.17964946245589722,0.0,0.4963204447599815,0.0,0.0,0.0,0.44349960727273186,0.0,0.0,0.0,0.0,0.4987290798535267,0.0,0.0,0.4422261022161322,0.478750270474548,0.4266046148395656,0.5132610770414587,0.0,0.43780513628685763,0.0,0.0,0.42345051001362755,0.0,0.0,0.0,0.0,0.0,0.0,0.0,0.0,0.5025161044749193,0.0,0.0,0.0,0.4835826443407698,0.3651866436294588,0.0,0.0,0.0
0.38103124721179527,0.45212889395135103,0.0,0.0,0.0,0.4718673222234339,0.0,0.0,0.0,0.0,0.0,0.0,0.47009147806562473,0.0,0.0,0.4433079756779414,0.0,0.41430228005713116,0.0,0.3559531258083979,0.37539130997170966,0.39183256874022543,0.3514146311713849,0.0,0.3946747273327005,0.3467832783603171,0.4184028369363529,0.41710294994910635,0.4307883887466013,0.0,0.42015176247881114,0.4435624821169703,0.4198048200165719,0.43989680338002574,0.47919273183658934,0.4909475250616696,0.0,0.0,0.5149184072453264,0.49653390635839806,0.5148970287334182,0.5450972246253126,0.0,0.0,0.0,0.6145077208329933,0.5398064401149891,0.0,0.0,0.0,0.4891549588178247,0.0,0.0,0.0,0.0,0.0,0.0,0.0,0.0,0.5056115426527417,0.5215566195293797,0.0,0.3299076469132529,0.0,0.4515702458291042,0.5210858467432224,0.5274172809002736,0.42587595027187436,0.0,0.3929071422695235,0.5916641170548697,0.5137405045729937,0.0,0.5060365570526387,0.0,0.5120121466288294
0.41721030058785596,0.41743543311868775,0.0,0.0,0.3970706425684206,0.456737412869719,0.42749602324211516,0.4739231043984714,0.3763159214753377,0.4101731410136596,0.0,0.0,0.47087688816293227,0.36455901628294907,0.4433079756779414,0.0,0.40471893831945244,0.3610862645528354,0.0,0.4298247643260638,0.42965920636720784,0.4083424989111643,0.44371351446074,0.3554992171394431,0.3973324031940418,0.4334204327619268,0.4430927147721772,0.4806650243495199,0.45483715161823834,0.4321622437715544,0.38422127770825776,0.4519498674364947,0.3958838149923051,0.40413292788446115,0.4500327764079206,0.3701291447794968,0.0,0.3220372348937205,0.4743574790444798,0.46514225829160016,0.4519657616543153,0.4832431774580905,0.0,0.0,0.0,0.49625789376909585,0.4841450985877189,0.0,0.0,0.0,0.27043648069774473,0.0,0.0,0.0,0.0,0.0,0.0,0.0,0.0,0.4999935542084038,0.46044851801836234,0.35084400242789604,0.4437194712642727,0.0,0.47886071619973525,0.4881235824231708,0.47413731860258296,0.372785879063725,0.0,0.45449730161093566,0.4935832810310894,0.4158037950361979,0.0,0.4333621678227619,0.0,0.45239931232542907
0.0,0.35994663035056385,0.0,0.0,0.0,0.2924610280508416,0.37862832542842223,0.0,0.31117838363693956,0.34299810458796726,0.3534477287510541,0.3616648090006655,0.4213470027335968,0.0,0.0,0.40471893831945244,0.0,0.34645898385433216,0.0,0.3673810948899785,0.0,0.3940811842618293,0.0,0.36877808126943745,0.35479278973009326,0.333300990084524,0.28435666297919715,0.42362015865278246,0.3427402760578356,0.32766992008032286,0.3605905137100577,0.4291482757636909,0.361181886186705,0.3753208208108824,0.36971595128636414,0.3992833555388676,0.0,0.35722568982427305,0.0,0.43319810349491356,0.4283882584303932,0.0,0.0,0.0,0.0,0.0,0.0,0.0,0.0,0.0,0.0,0.0,0.0,0.0,0.47426023104302484,0.0,0.497729915017452,0.0,0.0,0.0,0.38005553317068824,0.47098329209627876,0.46956041676340277,0.0,0.0,0.0,0.0,0.0,0.49393739881806775,0.4569376127669494,0.45931663515699706,0.0,0.0,0.0,0.0,0.4372443617225551
0.40215899176538394,0.4213657764228835,0.32813412294752536,0.0,0.34030714461141487,0.45172323979382917,0.4105574221497373,0.0,0.3058530279243802,0.36935423894915326,0.337839235342987,0.3262077802572045,0.4621610504585101,0.0,0.41430228005713116,0.3610862645528354,0.34645898385433216,0.0,0.3466767167485193,0.43903215717045146,0.4158994490452474,0.4301248992555805,0.439576315526664,0.3717276769946426,0.35872623296034456,0.39074914215175455,0.4387485774091385,0.46502550867655,0.4559469571278413,0.39692889438328904,0.3804890673884514,0.44034344467700137,0.3603730016645604,0.40369017905787424,0.4182761108052091,0.0,0.0,0.2996102026779013,0.4553189463380299,0.420599292037926,0.43529092496827104,0.44972609314366047,0.0,0.0,0.0,0.45573877668038654,0.4688730461502494,0.0,0.0,0.0,0.0,0.0,0.0,0.0,0.4539080366337609,0.0,0.4860493836155022,0.33035460077552603,0.0,0.38446362842016446,0.4396321428130455,0.472407317704292,0.4391245513369381,0.0,0.0,0.42677269718351685,0.45164114033694913,0.31098305911856655,0.5135575021032868,0.44877285174003156,0.4639590622689254,0.0,0.3291667789916837,0.30083071631836794,0.0,0.46126474380482374
0.0,0.0,0.28713164624192106,0.395329133068844,0.37170755683957407,0.3613097244861363,0.44213748735406583,0.4534563400550529,0.2886115622415565,0.45643395229738437,0.2814929916179941,0.33356434369421795,0.459755925696726,0.41515645223702685,0.0,0.0,0.0,0.3466767167485193,0.0,0.0,0.0,0.0,0.2971417914531272,0.2802735579270584,0.0,0.2984639392304184,0.3637200622251327,0.454579377088131,0.3846033287445825,0.43493819925976024,0.4698794670286962,0.41381522069492616,0.32782645875399163,0.46555980183623036,0.4345079618409475,0.4173984384226288,0.4146032590030703,0.37251558253029193,0.5091820083697048,0.0,0.40626207048197366,0.30050855684000327,0.5143933488604244,0.39114713049003347,0.0,0.0,0.0,0.4960612520125598,0.0,0.5158465522604969,0.5790223611368545,0.5135821240263302,0.570797330172487,0.5819036854320215,0.0,0.3209107262757124,0.0,0.45791366864608873,0.6121706209602003,0.0,0.0,0.0,0.0,0.5885370994767064,0.0,0.0,0.0,0.5938981663100197,0.0,0.0,0.0,0.5836587072901642,0.3840009578000958,0.4091288301993419,0.0,0.4282445082144942
0.4546382435907686,0.424463767983781,0.0,0.4136758327624107,0.0,0.4279471859188998,0.44489080932095326,0.4126094427402248,0.0,0.3179377449719958,0.0,0.3484374849982619,0.4510124072219585,0.0,0.3559531258083979,0.4298247643260638,0.3673810948899785,0.43903215717045146,0.0,0.0,0.4196317817514178,0.36261319817213983,0.3162036846378779,0.29915533621274426,0.40893419173248263,0.4415366622193796,0.3249345977197331,0.39831253660165894,0.3534654376305327,0.35103910285737194,0.3942828511331668,0.44276513876851686,0.3675270783888831,0.44759633744986954,0.48051403718067565,0.49830748204212,0.4472412303554546,0.36007010000315065,0.475806202954271,0.4819691363688531,0.530917708046735,0.5296099663026306,0.0,0.29513064024126445,0.0,0.0,0.485286461357342,0.0,0.0,0.0,0.42332608347891865,0.0,0.46422806918950066,0.0,0.0,0.0,0.0,0.0,0.0,0.5199183229389064,0.32213991685250226,0.0,0.2788195279532397,0.0,0.4971463080923948,0.48912912031031064,0.49110756448732823,0.5160240395301503,0.0,0.27441623517930047,0.5232012081359703,0.5083957855213772,0.45533468280231576,0.507064963655803,0.40647430444407073,0.4868099930049149
0.3844336940894801,0.4375772112940399,0.0,0.0,0.36121367956477735,0.455783735513111,0.0,0.4283027102478426,0.0,0.49270007153309126,0.0,0.4099746267261485,0.4616455004342527,0.47612276211628146,0.37539130997170966,0.42965920636720784,0.0,0.4158994490452474,0.0,0.4196317817514178,0.0,0.44561093501353566,0.3975486208289171,0.47893816936579575,0.439456796585119,0.39641589058393095,0.41308850171243444,0.47354426832099084,0.44042574733791834,0.0,0.42788747378634223,0.43190675665310746,0.40297066300531775,0.4283637260114258,0.4977753735758679,0.44887884387702115,0.0,0.0,0.48813675120649686,0.40178708982202094,0.4827854462435725,0.5429657972361986,0.0,0.0,0.0,0.4629988487437485,0.5156015079973945,0.0,0.0,0.0,0.4567566103694745,0.0,0.28178485958834376,0.0,0.4515812283659233,0.0,0.4088191784372375,0.0,0.0,0.5055279099731206,0.496520968375173,0.0,0.3682690584899149,0.0,0.48410134886047335,0.43451148052915195,0.5023631817428282,0.461319822939617,0.0,0.43109786885294066,0.5257550959741348,0.4908582194852344,0.0,0.4589813741760706,0.0,0.0
0.42785648708978663,0.417164572952632,0.39567076533585244,0.0,0.0,0.4517255177134193,0.464046274621112,0.45198276817931893,0.43062135756083836,0.35563497532697075,0.0,0.35895566632151954,0.4813809784839281,0.0,0.39183256874022543,0.4083424989111643,0.3940811842618293,0.4301248992555805,0.0,0.36261319817213983,0.44561093501353566,0.0,0.3827388753709338,0.24316473744959005,0.40917988859869175,0.4247661233148705,0.4416142275647932,0.4545463108454572,0.4318300732113454,0.43000041608443984,0.39117921755737245,0.44383071312475425,0.3914910634505587,0.4198619410312132,0.47097095499191405,0.3860581871440675,0.46488700471887706,0.0,0.49280754662940585,0.4963482247672141,0.48396596069633413,0.5332010421497013,0.0,0.31070267770972243,0.0,0.5261193914755156,0.49470428436962804,0.0,0.0,0.0,0.46906064644632645,0.0,0.0,0.0,0.0,0.0,0.0,0.2931899614740885,0.0,0.5353893281124955,0.48563417714698764,0.3384641128655314,0.40783031921000035,0.0,0.5100294753564977,0.5239989884622471,0.5062712199892557,0.5028422524815798,0.0,0.446954197656836,0.5328607178831486,0.5192070832618061,0.3141930395584219,0.4907119991756501,0.0,0.47205813041025896
0.47300147772240597,0.43482262716650505,0.3551344750005916,0.4228282646899666,0.38844287079632417,0.40118797668884015,0.42590476011432,0.39385279437405535,0.40970011683485236,0.45971029567074634,0.25441230991146724,0.39207297973579047,0.44558702914645815,0.40739775416560586,0.3514146311713849,0.44371351446074,0.0,0.439576315526664,0.2971417914531272,0.3162036846378779,0.3975486208289171,0.3827388753709338,0.0,0.514108329193005,0.4373460797764413,0.4634632761941913,0.3563648941517334,0.4523281608718473,0.42776877414553294,0.43581766071846095,0.4466678834257474,0.42960417060696987,0.39105156926647444,0.46475760346697415,0.481074533645747,0.4501114688619007,0.45631550777607055,0.39284518627777515,0.5251324450519821,0.5061163175587803,0.5350622417548101,0.5518303727618163,0.5071253715081543,0.4281540581962101,0.0,0.43843665985200075,0.49894267378407076,0.5709812751966432,0.3792538842558858,0.5542076574195711,0.5497765216093212,0.575632510774411,0.5098232948418909,0.576810285545575,0.0,0.5297954700685635,0.0,0.5518417260085381,0.5249217822748848,0.5154822176107203,0.3418081002188237,0.0,0.32505082855388506,0.5814001576965528,0.5177698845093076,0.44661959672935475,0.5274976161612097,0.5270289469492284,0.0,0.3016816222765583,0.5203399516521586,0.5467393852412986,0.5437382232746625,0.521822623583408,0.5394727901502131,0.5502129014373265
0.3898579254331322,0.35715300876376477,0.3055951706984758,0.0,0.4055949258778029,0.33957389627813644,0.3735839549274329,0.5126250534095922,0.3292934791969932,0.3352374387400864,0.3912657370362783,0.27722635953933766,0.42838881822753777,0.41914662906353195,0.0,0.3554992171394431,0.36877808126943745,0.3717276769946426,0.2802735579270584,0.29915533621274426,0.47893816936579575,0.24316473744959005,0.514108329193005,0.0,0.3422132961798985,0.3239510355856398,0.4110293411708423,0.3949029298263289,0.3926645243075274,0.0,0.3572135215820743,0.2931807932590254,0.25798556787306204,0.2799320437844759,0.297218773370805,0.291878437428223,0.3125057291027382,0.2511366847872615,0.37301840888624765,0.40242798492002135,0.4064721460841379,0.0,0.0,0.0,0.36138396796339506,0.36286011118618694,0.0,0.0,0.0,0.0,0.0,0.0,0.0,0.0,0.45336673160969243,0.0,0.4704483453122863,0.0,0.0,0.0,0.0,0.4790092568801948,0.46881562571877494,0.0,0.0,0.0,0.0,0.0,0.4243124108559865,0.46761992589555545,0.46554126274371704,0.0,0.0,0.0,0.0,0.47980117386353677
0.38374727042488765,0.39460938908068116,0.25182501909747007,0.0,0.3490348564832787,0.4000820219558022,0.37533466420643113,0.4840067992092551,0.3584778194926958,0.34267173969101694,0.35405161844874544,0.3325937093921759,0.4283467881136218,0.0,0.3946747273327005,0.3973324031940418,0.35479278973009326,0.35872623296034456,0.0,0.40893419173248263,0.439456796585119,0.40917988859869175,0.4373460797764413,0.3422132961798985,0.0,0.3548962476326889,0.41270854184335876,0.43610923501220306,0.4420476052392752,0.3507204521761872,0.3798438979348371,0.39947874204682016,0.3232704603289717,0.36379201552731766,0.37448084261421827,0.3761885806161492,0.0,0.33083334550435767,0.45870821465072564,0.4266948868831401,0.439129246251687,0.4618558517932623,0.0,0.0,0.3940257713774993,0.4478048103652224,0.47327499305529064,0.0,0.0,0.0,0.26428631951689047,0.31820743140197005,0.3796233675783046,0.0,0.4613955090154123,0.36884851098910687,0.4645284728676552,0.32473771942567553,0.0,0.0,0.45154344769712645,0.4567050911792932,0.4490771436903047,0.0,0.4190901093297258,0.41745734569447757,0.4584363910753485,0.3404188790004229,0.46819682648962696,0.4539087181422761,0.4630284994450082,0.34223976118246086,0.37495206966801053,0.42835664625681885,0.0,0.45918794470625085
0.376907550280864,0.39277666834456815,0.308536419801067,0.0,0.3501552321736932,0.42923845786311554,0.3927955163088046,0.4827476297665721,0.29353065927572225,0.31728330893296386,0.3011188782066059,0.28281140704310426,0.43484175900425776,0.41987424451429217,0.3467832783603171,0.4334204327619268,0.333300990084524,0.39074914215175455,0.2984639392304184,0.4415366622193796,0.39641589058393095,0.4247661233148705,0.4634632761941913,0.3239510355856398,0.3548962476326889,0.0,0.47099337924079615,0.4247498666346444,0.4243334799764829,0.3165053520275559,0.3918187303503019,0.4386330925673746,0.3677594949275945,0.39700878962266567,0.4333547534503395,0.4053020815499377,0.0,0.32538582027438023,0.49790633465052075,0.44575995545228253,0.4675854837674303,0.5074380054691319,0.0,0.0,0.40599094893345394,0.498210604254685,0.5117103604311027,0.0,0.0,0.0,0.45711087650548193,0.0,0.4761034912793383,0.0,0.4642762451188029,0.0,0.4656285249717399,0.34406793022076865,0.0,0.5796239018420235,0.5000893731982253,0.4656019684071175,0.46326070335471015,0.0,0.5247853518061226,0.539899444597009,0.525197923797577,0.5134575408783937,0.4611916421551303,0.46795419409476385,0.49677691862557166,0.5296661965035552,0.39033971372989684,0.527098014124375,0.0,0.4754117654016323
0.47914186250672636,0.4280780009973354,0.3276278333775528,0.41768160466493987,0.39557038241943715,0.38216204622917344,0.42457334237427224,0.47267021393752706,0.3978333233725791,0.40645823193277963,0.40821519724808286,0.3375352106632562,0.44884462612901205,0.46613036210780057,0.4184028369363529,0.4430927147721772,0.28435666297919715,0.4387485774091385,0.3637200622251327,0.3249345977197331,0.41308850171243444,0.4416142275647932,0.3563648941517334,0.4110293411708423,0.41270854184335876,0.47099337924079615,0.0,0.4444003820490795,0.3635125881875884,0.3991801447327662,0.40525085631029023,0.42379351165941986,0.3712888156459625,0.446560060509881,0.4562164813790798,0.477565717724766,0.457340289957432,0.3408036310399653,0.516287174628183,0.43748440895138396,0.5270422480061736,0.48865040123007947,0.5324175982317547,0.33353250618978114,0.31610370567245005,0.0,0.43302367980973017,0.5620328487305275,0.0,0.5457545059792154,0.562023339605885,0.6161505869179091,0.5365593074852988,0.5837989851919522,0.0,0.5486495894944159,0.0,0.6239506077851936,0.0,0.5033197378334334,0.28334556760182145,0.0,0.32915308229814855,0.5867698161665721,0.5128162986975915,0.49055304742667455,0.5090154885173124,0.5580686746189154,0.0,0.28921357996365615,0.518961425505207,0.5385006535308032,0.5639049886918122,0.5336589961143714,0.5072197958243749,0.5320293326717687
0.4567597227033888,0.4342732457289047,0.4616298259538713,0.2858065538755199,0.3918049302521572,0.4143796903785378,0.38142229678302286,0.4685495060255873,0.4527344887747875,0.40017653451322904,0.4571001069181172,0.3722387091518406,0.388618636150894,0.3435146911787187,0.41710294994910635,0.4806650243495199,0.42362015865278246,0.46502550867655,0.454579377088131,0.39831253660165894,0.47354426832099084,0.4545463108454572,0.4523281608718473,0.3949029298263289,0.43610923501220306,0.4247498666346444,0.4444003820490795,0.0,0.3631301057126087,0.3324872403807792,0.4032833612774818,0.393430651089872,0.3571938535858794,0.41241299058084147,0.37878152450008523,0.3000351541546908,0.299985427928706,0.3786320355485727,0.4531909384640646,0.4051829432637213,0.3892834931274091,0.39178945090359896,0.42055529915987183,0.300840789024729,0.35403677826887325,0.0,0.29612702621937925,0.40414512986717394,0.0,0.0,0.5646204948812018,0.4031956564804655,0.540873587968202,0.3770107638257054,0.0,0.32047548859181424,0.0,0.5416094143487463,0.0,0.4799450220105757,0.295363270488034,0.0,0.3087100348373962,0.3604978114947742,0.5097956606815757,0.4896540139065748,0.3968479952178362,0.5393669366247141,0.0,0.32092083947095495,0.392326550424507,0.5377702697528839,0.618466063521509,0.5458287995272746,0.40404930260562866,0.5283146637429121
0.45887095328304184,0.44373323992160274,0.3915701548690876,0.36038563096397624,0.0,0.3668893355014185,0.4341210922970765,0.44106462090456333,0.4065191990041412,0.3319396182149883,0.0,0.3185859539616104,0.4189618684832081,0.0,0.4307883887466013,0.45483715161823834,0.3427402760578356,0.4559469571278413,0.3846033287445825,0.3534654376305327,0.44042574733791834,0.4318300732113454,0.42776877414553294,0.3926645243075274,0.4420476052392752,0.4243334799764829,0.3635125881875884,0.3631301057126087,0.0,0.36792754422088186,0.3888696365962624,0.4231461223133353,0.34438898786630756,0.45630706536292265,0.4841967861355442,0.4878798687019666,0.44353943922811245,0.0,0.5062120614743533,0.3740870799964263,0.5682805850150529,0.5055972791449079,0.42800609266872647,0.3153313919846348,0.33397213725985125,0.0,0.46456336372866386,0.4489667409387651,0.0,0.0,0.6146125525930969,0.40084954639522313,0.5068074817324288,0.3669818375873678,0.0,0.0,0.0,0.5731566330910923,0.0,0.5024308293769346,0.301720121682338,0.3451766832070055,0.2923549205190019,0.0,0.5459757592898509,0.5000028323333903,0.5329582223625353,0.525863253105564,0.0,0.28464651037091104,0.4794643357233006,0.5257804900876037,0.5776866975526663,0.5108023426821509,0.4820436138399193,0.5360296360615431
0.0,0.3940008173528343,0.4286234302059304,0.0,0.0,0.4052925621218158,0.0,0.45188928110954957,0.4154581828551613,0.0,0.0,0.0,0.43491811184004237,0.0,0.0,0.4321622437715544,0.32766992008032286,0.39692889438328904,0.43493819925976024,0.35103910285737194,0.0,0.43000041608443984,0.43581766071846095,0.0,0.3507204521761872,0.3165053520275559,0.3991801447327662,0.3324872403807792,0.36792754422088186,0.0,0.3539358128801833,0.4091755349941242,0.0,0.4057230347912426,0.38286543560527947,0.4343550671724319,0.0,0.0,0.5020716903371808,0.0,0.0,0.0,0.0,0.0,0.0,0.0,0.0,0.0,0.0,0.0,0.5042062069135189,0.0,0.4153693527402256,0.0,0.0,0.0,0.0,0.0,0.0,0.4350625118861422,0.0,0.0,0.0,0.0,0.4803857855257296,0.0,0.0,0.5394820624877127,0.0,0.0,0.0,0.5340493902050757,0.4268026293349906,0.464264369184,0.0,0.0
0.39606091046088404,0.3936596923451702,0.4717595087909688,0.3166778488049073,0.44955070045492906,0.41816774133294893,0.4207169021004234,0.465858209975734,0.4694075003168275,0.33422733050253817,0.48320216879935374,0.3404589922557359,0.43454097280745735,0.0,0.42015176247881114,0.38422127770825776,0.3605905137100577,0.3804890673884514,0.4698794670286962,0.3942828511331668,0.42788747378634223,0.39117921755737245,0.4466678834257474,0.3572135215820743,0.3798438979348371,0.3918187303503019,0.40525085631029023,0.4032833612774818,0.3888696365962624,0.3539358128801833,0.0,0.38948884297268194,0.33402656875908715,0.31741133916024494,0.24259675279664572,0.41900496296630396,0.31202159498450116,0.31194802837895863,0.5108665290593989,0.35863795211306104,0.3868187596282978,0.0,0.0,0.0,0.3875616043166745,0.45919470078989477,0.45939018383463076,0.4304309133365086,0.0,0.0,0.5618658224723303,0.3625013422523737,0.5175991466022469,0.0,0.41138479021148067,0.0,0.4392798002719544,0.3962771039984927,0.0,0.5007673974973714,0.4469194738330832,0.43908440259323545,0.437730813003882,0.0,0.5154813983874027,0.44903434168055056,0.46763800908878433,0.5360475023247336,0.47088074598676366,0.44991656473334224,0.4683129377101688,0.5393060752122096,0.5330153323069099,0.5270504661048713,0.0,0.46120927635939263
0.42155703704971476,0.42804923238803616,0.4387105664866103,0.28197387566665477,0.3732956331679713,0.42196549372144593,0.3793792138272195,0.3912999642495168,0.42971721300304916,0.35929385857930557,0.4088810061222764,0.27225996793254315,0.4011269757951255,0.31071885258660586,0.4435624821169703,0.4519498674364947,0.4291482757636909,0.44034344467700137,0.41381522069492616,0.44276513876851686,0.43190675665310746,0.44383071312475425,0.42960417060696987,0.2931807932590254,0.39947874204682016,0.4386330925673746,0.42379351165941986,0.393430651089872,0.4231461223133353,0.4091755349941242,0.38948884297268194,0.0,0.3433136652776142,0.3709967358878603,0.38250136135279256,0.27816530948230184,0.3199161028176541,0.27901577080616985,0.32979221026969,0.2903591025379502,0.32558709838224803,0.3469569495586353,0.32609273414930623,0.2835490714931686,0.2954620611607725,0.4932179245403864,0.49130238822611183,0.5454349885750372,0.2179517382477412,0.39507388154986106,0.493747317567704,0.288654166636202,0.4876519761123123,0.500442110149888,0.0,0.43639139445700287,0.26304437048362533,0.3868899817863378,0.0,0.510254009291483,0.5122047115878192,0.42594130415911186,0.44830848941272944,0.436531369046973,0.48441337079536256,0.48157604116744,0.49105424171623646,0.5182291291247415,0.0,0.4795016425686474,0.499680562073959,0.5117300673539384,0.38448256885780735,0.49088056120523416,0.49821846598326336,0.4760061907837401
0.3463982782306504,0.38060383886533977,0.3127505220265869,0.31777298894887157,0.0,0.3950016472133026,0.34796546148689,0.4671723285568234,0.38516842170012927,0.32847328527199404,0.37522037960150956,0.2831222865969091,0.3972934851003386,0.0,0.4198048200165719,0.3958838149923051,0.361181886186705,0.3603730016645604,0.32782645875399163,0.3675270783888831,0.40297066300531775,0.3914910634505587,0.39105156926647444,0.25798556787306204,0.3232704603289717,0.3677594949275945,0.3712888156459625,0.3571938535858794,0.34438898786630756,0.0,0.33402656875908715,0.3433136652776142,0.0,0.25250378165392096,0.3275055992533077,0.34477546471928794,0.2906710331989686,0.19998124146172602,0.25443589417726453,0.33975673385339833,0.3083294250427095,0.0,0.0,0.0,0.3085966594479651,0.4083412691539956,0.48320776857264897,0.0,0.0,0.0,0.0,0.0,0.0,0.0,0.4123203893457076,0.0,0.4367612837240341,0.36329516911341025,0.0,0.5146235719501784,0.45808198031992825,0.4541508153060243,0.4661889548505385,0.0,0.4470099147914368,0.46938598167757806,0.4958472089905279,0.47696918623876644,0.403975654874309,0.4486113820524782,0.46370116558371943,0.5023870790324789,0.4353267463643612,0.0,0.0,0.42795357889613383
0.40484081675378414,0.3909865668443769,0.478462676642315,0.32872448333998505,0.43879232900837234,0.4392310957890118,0.38919106474721354,0.47385269275644226,0.46671026271481575,0.3160734925487374,0.467518617005713,0.25557956758729894,0.4307471236828525,0.41683929774041445,0.43989680338002574,0.40413292788446115,0.3753208208108824,0.40369017905787424,0.46555980183623036,0.44759633744986954,0.4283637260114258,0.4198619410312132,0.46475760346697415,0.2799320437844759,0.36379201552731766,0.39700878962266567,0.446560060509881,0.41241299058084147,0.45630706536292265,0.4057230347912426,0.31741133916024494,0.3709967358878603,0.25250378165392096,0.0,0.2653142589707631,0.4017140277811327,0.3109547982621318,0.22737206812613286,0.35721998487735535,0.29310936735536697,0.3227405861499447,0.3731408314702354,0.27228629858874,0.31039603206910554,0.2953481969811627,0.4344907346546681,0.4749364402623887,0.3832724424080465,0.0,0.284383689903634,0.5711982424260281,0.23453534193600917,0.5052536888708261,0.37124308640153814,0.3923442504131889,0.0,0.40739144278936745,0.3182105261157445,0.0,0.52386493172648,0.4584498575094721,0.4412481469147116,0.4502204743418221,0.0,0.5108203796673495,0.490102760330351,0.49035076801923055,0.5385359191487659,0.0,0.45363692987716736,0.48327911581213445,0.5340698466932495,0.4247489565613295,0.530652381150549,0.47229753999875984,0.4853478678553984
0.4178916597828643,0.4299440656773173,0.437274768831861,0.2961358299682585,0.4209305959161164,0.4420479762795411,0.37732431336553673,0.4562897218559631,0.4455122372851779,0.2796975814680994,0.444420089189049,0.31510987101091187,0.40717034187694545,0.0,0.47919273183658934,0.4500327764079206,0.36971595128636414,0.4182761108052091,0.4345079618409475,0.48051403718067565,0.4977753735758679,0.47097095499191405,0.481074533645747,0.297218773370805,0.37448084261421827,0.4333547534503395,0.4562164813790798,0.37878152450008523,0.4841967861355442,0.38286543560527947,0.24259675279664572,0.38250136135279256,0.3275055992533077,0.2653142589707631,0.0,0.43040384927280206,0.35650267239578665,0.2678427116154296,0.33703781040092273,0.0,0.3129572132240368,0.34602045542823473,0.3154546142960073,0.3016369869488074,0.0,0.5759100996494835,0.5019450900915834,0.0,0.0,0.0,0.0,0.2506530019563661,0.0,0.2967767905197547,0.0,0.31139506983235865,0.0,0.23631357800575617,0.0,0.5486004772372685,0.46599169477330676,0.0,0.0,0.30879014743877525,0.4986325192367353,0.5360064007494149,0.5216539829285202,0.4722135215625977,0.0,0.46279716593110204,0.5323628853361143,0.4901317055717295,0.2794875692927695,0.48340379873976125,0.0,0.0
