0,1,2,3,4,5,6,7,8,9,10,11,12,13,14,15,16,17,18,19,20,21,22,23,24,25,26,27,28,29,30,31,32,33,34,35,36,37,38,39,40,41,42,43,44,45,46,47,48,49,50,51,52,53,54,55,56,57,58,59,60,61,62,63,64,65,66,67,68,69,70,71,72,73,74,75
0.0,0.38114518286617444,0.32461286498589137,0.0,0.0,0.3801156805531037,0.29816268300428794,0.523002223129526,0.0,0.4033805479009928,0.0,0.40861323628065666,0.35746759467512773,0.0,0.3710854250807933,0.3917215204208978,0.3415206922710113,0.3498401358711159,0.0,0.4090485432344202,0.44332182580510504,0.3827316431366173,0.4603249067696114,0.4219189794193957,0.34775204177252717,0.3561838757822411,0.4148077343325058,0.3592258670691585,0.3964123289495852,0.0,0.3621967561654825,0.3989229962107383,0.31203449581437853,0.35525652536018343,0.3757429847952705,0.0,0.0,0.0,0.4378913552566986,0.3875312315629193,0.3888876246380716,0.0,0.0,0.0,0.0,0.37171152874569746,0.45766403251107174,0.0,0.0,0.0,0.0,0.0,0.0,0.0,0.0,0.0,0.0,0.0,0.0,0.0,0.42985516556312964,0.0,0.4193057341051579,0.0,0.0,0.0,0.4490608312043627,0.0,0.0,0.42561966818201236,0.42939624064531584,0.0,0.0,0.0,0.0,0.3719247653295107
0.38114518286617444,0.0,0.0,0.0,0.3767127659284931,0.3931152682710806,0.42333694467541566,0.46447260265776014,0.36548146787731917,0.0,0.0,0.0,0.4381537593685981,0.0,0.3949181248966518,0.3820150658738651,0.0,0.38390363473693295,0.0,0.428154445777953,0.38238574258824115,0.39370184051628704,0.3993399157924142,0.0,0.3340468021776005,0.39021600398258466,0.397905071979782,0.4457005234858462,0.4232065354168311,0.0,0.3680265490803111,0.4057152847052726,0.3307778217777899,0.373993310899225,0.401628831075517,0.0,0.0,0.0,0.4462311408340681,0.4315606712338176,0.43205839301109106,0.47050608499468544,0.0,0.0,0.0,0.4295385166469073,0.46086430668685474,0.0,0.0,0.0,0.3950024980024969,0.3278278787012269,0.0,0.0,0.0,0.0,0.0,0.30410553352364994,0.0,0.47597756993218593,0.444409981401653,0.0,0.42764800682773774,0.0,0.4320915529871674,0.4326169763330133,0.4595782992985532,0.40894225006494056,0.0,0.4462066465048832,0.46569156910718773,0.4245648349065933,0.3162130436796522,0.444672471902637,0.0,0.4242940293233217
0.32461286498589137,0.0,0.0,0.3307812529776775,0.38779224469606466,0.38030813478008785,0.4258020579814962,0.43511735871177093,0.3261188526097374,0.4206877497613618,0.3179768826937749,0.3625183433452148,0.44342870498700226,0.37004859890136277,0.0,0.0,0.0,0.0,0.3118158327671333,0.0,0.0,0.0,0.3350611449571354,0.0,0.0,0.3222072885506964,0.33451326586961766,0.46022336818060455,0.3727198574893034,0.43802299435389364,0.4717359674858912,0.4217895920647309,0.3447210998075758,0.4667420053006462,0.44627864067149126,0.37847844006204034,0.43310488963052396,0.3571397402527638,0.49484639822747095,0.0,0.4375732996200248,0.317669875560592,0.5011394565732366,0.0,0.0,0.0,0.0,0.4382792415991685,0.0,0.4773895761539391,0.5337597239771706,0.5035161282690731,0.5362267601059705,0.5600129222536048,0.0,0.413542839850988,0.0,0.4617497263131992,0.509858901137624,0.0,0.0,0.0,0.0,0.41866427316278715,0.0,0.0,0.0,0.5466672731416231,0.0,0.0,0.0,0.53907676172063,0.43773037157940714,0.0,0.0,0.4620035396370492
0.0,0.0,0.3307812529776775,0.0,0.21877147657443718,0.39053018457266475,0.2833623658237079,0.3226296830442988,0.3994278181005864,0.0,0.31226691461003686,0.2838647988123948,0.31674196062085913,0.24283834200300874,0.0,0.0,0.0,0.0,0.33844030713288936,0.42714236679945367,0.0,0.4714063675752441,0.3682242659358513,0.0,0.0,0.0,0.3968950868048543,0.22770084998107237,0.0,0.0,0.0,0.2654951394932077,0.0,0.2598314302322705,0.2718265120932262,0.19945857593271707,0.18195186674237385,0.0,0.0,0.0,0.0,0.0,0.0,0.0,0.0,0.0,0.0,0.0,0.0,0.0,0.0,0.0,0.0,0.0,0.0,0.0,0.25112414072164135,0.0,0.0,0.0,0.0,0.0,0.0,0.0,0.0,0.0,0.0,0.0,0.0,0.0,0.0,0.0,0.0,0.0,0.0,0.0
0.0,0.3767127659284931,0.38779224469606466,0.21877147657443718,0.0,0.3773302136110731,0.32670429786982225,0.37281356008458943,0.3527930073316289,0.4434732919208091,0.32632676955661083,0.4159158765227293,0.3974610412128577,0.2345763969968857,0.0,0.4116246055448561,0.0,0.3575126834447535,0.3777354837216592,0.41754930779589833,0.0,0.4329937222353861,0.3874637382807103,0.4081479494815677,0.3494480554126139,0.36105234694665905,0.38478164004360094,0.40105791569207094,0.4060376608686119,0.0,0.4502809417819586,0.3459816876921512,0.3638544553936677,0.4408266214994107,0.3946394928262832,0.23799759852263463,0.3099869887047512,0.38190609382390983,0.41920805239927555,0.5235298787449869,0.0,0.0,0.0,0.0,0.0,0.0,0.0,0.5255318615239563,0.0,0.0,0.45419942590135903,0.394927188231082,0.0,0.48296211075813933,0.0,0.425309943596408,0.0,0.3357375426216162,0.37963274360314325,0.0,0.0,0.0,0.0,0.48748418208355326,0.0,0.0,0.0,0.5080862421756948,0.0,0.0,0.0,0.47946417285410114,0.3580812546268079,0.35653726346525794,0.0,0.0
0.3801156805531037,0.3931152682710806,0.38030813478008785,0.39053018457266475,0.3773302136110731,0.0,0.3984287755801843,0.3750985719175626,0.33245597266638405,0.45133258075928134,0.3844746529524007,0.38041870563635977,0.3634421500967371,0.38568870039271463,0.41317082426233,0.4322056303439525,0.32139921377274056,0.4059320121145917,0.42512491708825695,0.40004663062242746,0.37247411396432384,0.419537927837761,0.3737078905337955,0.35737095736166347,0.36207890300085743,0.40205545542901727,0.3727506552331542,0.38088351534907244,0.3517347505249708,0.40912184482760433,0.4091882314655295,0.3963675476409476,0.36588702795144695,0.4237426430737504,0.41740265089212464,0.4287966568307018,0.42397587399628744,0.3707369934244318,0.46878985158200087,0.349451107227196,0.45891960227217365,0.3836026879328095,0.45534672544510185,0.33646789135624133,0.0,0.0,0.33397165940003365,0.5205813222445775,0.0,0.4340534397411282,0.48257007314458017,0.4659189470667866,0.43876325297931174,0.5281371074184997,0.3285452233502779,0.45236486752377825,0.0,0.44819952343765934,0.0,0.40038169086858366,0.2957406074935602,0.0,0.0,0.49928291671571773,0.4184462587956409,0.39171482531249924,0.3918766227792978,0.48965319868650703,0.0,0.3119413123317823,0.38344208343525227,0.4828277705218359,0.46229447771258597,0.46758400271505884,0.4618919786875644,0.4842693178584461
0.29816268300428794,0.42333694467541566,0.4258020579814962,0.2833623658237079,0.32670429786982225,0.3984287755801843,0.0,0.41786768947640895,0.39601102739038757,0.4336827549093522,0.4142280412803592,0.40040899353851944,0.3432980937439251,0.33552650493963154,0.4238252940372362,0.45889824547547575,0.3843767985464125,0.4240541840968024,0.43459467732042606,0.43497905466355063,0.3868156441854508,0.45433526083210685,0.40617773923534956,0.4339028717947757,0.3779236504870807,0.40568822980073205,0.40745192314792883,0.3998839646975024,0.4215387144994055,0.4395379519541588,0.4343259708693246,0.37613768306217976,0.3962335415751881,0.40912406753652314,0.3847444837283656,0.3089293677180408,0.3534910500448851,0.38944705021792936,0.37275980185619967,0.0,0.3870768452659582,0.0,0.0,0.0,0.0,0.0,0.3424563082190829,0.46350752549195173,0.0,0.3905790805165096,0.4299915541788893,0.3879305435972415,0.3968290671254534,0.4361444697100507,0.4094814249828079,0.0,0.4089625658227872,0.3518029497543198,0.0,0.0,0.0,0.0,0.0,0.4308179515411874,0.3743285991763,0.0,0.3443777912811885,0.49037148781605566,0.0,0.32833591146059904,0.3305732612936999,0.4623711378996641,0.35545465811063776,0.3739717455078812,0.0,0.3724585952242563
0.523002223129526,0.46447260265776014,0.43511735871177093,0.3226296830442988,0.37281356008458943,0.3750985719175626,0.41786768947640895,0.0,0.4700125974718448,0.44399916014136387,0.32509558149886314,0.4452330343161782,0.41473361636015427,0.338938159059756,0.0,0.45378094386777307,0.0,0.46495135081758776,0.40076904196234714,0.40193979502767807,0.4359559071193265,0.41344703647741443,0.3388619824244698,0.529004701098236,0.48846510765197665,0.4876066790596425,0.4117854360943232,0.4185390565803394,0.3882618560171276,0.4115125088662861,0.4400935014820062,0.37763183131129463,0.42090289057096536,0.4390964357854435,0.4215134861741709,0.30551084157009717,0.4020935852746804,0.3259334649413253,0.4512750820965926,0.0,0.4940755437516882,0.0,0.4256763069197293,0.0,0.0,0.0,0.0,0.5373028700551187,0.0,0.4894717896300754,0.4643745399329777,0.4495280426954476,0.41654425321740307,0.5389656676668746,0.0,0.4462066034040321,0.0,0.42699489841195726,0.4909860455051069,0.0,0.0,0.0,0.0,0.4946378050047453,0.0,0.43898579239754615,0.0,0.4748766801287573,0.0,0.0,0.0,0.49736506104130007,0.4440374801831779,0.4278528872871422,0.0,0.47399733129836263
0.0,0.36548146787731917,0.3261188526097374,0.3994278181005864,0.3527930073316289,0.33245597266638405,0.39601102739038757,0.4700125974718448,0.0,0.46617606962880204,0.3456942892445651,0.41340072355369295,0.4140521964633084,0.37774333776492836,0.0,0.4250317801579005,0.0,0.34810064915681993,0.2987899607270149,0.41231506981862265,0.3053649430840992,0.40801871710819654,0.39880931467714364,0.3949764991302811,0.2934324274017617,0.3755099554352801,0.3529199354109552,0.4491276217643415,0.37900060238127836,0.4317978647346144,0.4677200865118815,0.4235302096655908,0.4013936038745832,0.4632626536083453,0.4455467589942284,0.40504407488648864,0.43609693248992987,0.43485134465993314,0.4210959602018659,0.3437138671837618,0.3188064110873581,0.2811128867103191,0.5124386889694886,0.0,0.0,0.0,0.0,0.5560403978529335,0.0,0.4847723465513696,0.5321968648908227,0.48104352229341235,0.5498006483074658,0.5448099247796279,0.33715435312135983,0.5140325040186585,0.38403716906458957,0.41901043252491676,0.5219490253007687,0.0,0.0,0.0,0.0,0.5303722258760291,0.0,0.0,0.0,0.5478514695695849,0.0,0.0,0.3025371641223882,0.5419505368902392,0.40807155463159883,0.0,0.0,0.3905828713044109
0.4033805479009928,0.0,0.4206877497613618,0.0,0.4434732919208091,0.45133258075928134,0.4336827549093522,0.44399916014136387,0.46617606962880204,0.0,0.4442678261213445,0.2778319850027371,0.42797440166947576,0.36800547880645607,0.0,0.30052988391998037,0.31830432046567547,0.3109998672403535,0.43467303628554865,0.0,0.0,0.3407603256111239,0.44537507704755164,0.304763404840349,0.31807117418677605,0.3434643322873587,0.4210333973984655,0.4215858820593307,0.0,0.0,0.3308895067430175,0.36395898720455383,0.28910172013056445,0.3212119942859816,0.33704531042423297,0.38293346612446694,0.3138684624485099,0.27507546303023844,0.31545219016635345,0.31198454037266454,0.346881534065545,0.42513226686814903,0.0,0.0,0.3134295429672475,0.38058846693255105,0.3504264685629951,0.0,0.0,0.4771094454989348,0.3030308270964191,0.3829112781921836,0.0,0.3307747378910531,0.3821790427936392,0.34467395669228773,0.38307156062984077,0.38560971930163657,0.0,0.0,0.3425855211781999,0.3608446593170074,0.36443738037035167,0.3404945273696238,0.0,0.0,0.0,0.36841262086083976,0.3570722913935602,0.3761350719269503,0.39249456518078685,0.3575363964809162,0.3989816407387123,0.0,0.0,0.3759641409630315
0.0,0.0,0.3179768826937749,0.31226691461003686,0.32632676955661083,0.3844746529524007,0.4142280412803592,0.32509558149886314,0.3456942892445651,0.4442678261213445,0.0,0.39948606136423914,0.4347417366055671,0.2795054209823473,0.0,0.0,0.36978709091959994,0.0,0.2608760789181891,0.0,0.0,0.0,0.2839481658426189,0.4237264934614007,0.0,0.3283944560116922,0.3911215331473036,0.42914607595632337,0.0,0.0,0.4635305941270547,0.35985830350421505,0.37346286305016185,0.4446372384235418,0.41645634900390616,0.29963242963847125,0.3821092208298466,0.39229807737708716,0.0,0.0,0.0,0.0,0.0,0.0,0.0,0.0,0.0,0.4147796458506921,0.0,0.0,0.44393391170342844,0.35125322158121997,0.4372377732035046,0.5137814013308969,0.35407006084148546,0.28720979887154835,0.0,0.32261195174045965,0.4218637674225316,0.0,0.0,0.0,0.0,0.2434394035957127,0.0,0.0,0.0,0.40507012850248414,0.0,0.0,0.0,0.43869226058031346,0.29959959687000937,0.0,0.0,0.0
0.40861323628065666,0.0,0.3625183433452148,0.2838647988123948,0.4159158765227293,0.38041870563635977,0.40040899353851944,0.4452330343161782,0.41340072355369295,0.2778319850027371,0.39948606136423914,0.0,0.44490263350246007,0.0,0.0,0.276129637103262,0.3450389144128224,0.32345159784074984,0.38271620550669555,0.0,0.43398612852822216,0.0,0.42088236244882216,0.2898663793343986,0.3384722178645392,0.32313904617291384,0.3564554097402956,0.41605902368796777,0.0,0.0,0.3625540762373218,0.27807869990209705,0.27591530164788136,0.2848412284813009,0.31665048194083995,0.317788724539026,0.3357294514595867,0.23882342825548528,0.4211819844093114,0.32507644882648246,0.35883011509466256,0.38565539601960847,0.0,0.0,0.3042750095993738,0.0,0.0,0.0,0.0,0.0,0.0,0.0,0.0,0.4463481902754882,0.39666568809509695,0.399929272779281,0.39446324220054485,0.39244587277470533,0.0,0.0,0.34880194626804417,0.32930283447116077,0.36933534961764325,0.0,0.0,0.0,0.0,0.0,0.35543838547833434,0.381828478743643,0.3980640590721026,0.0,0.40298614941527333,0.0,0.0,0.3859754181035131
0.35746759467512773,0.4381537593685981,0.44342870498700226,0.31674196062085913,0.3974610412128577,0.3634421500967371,0.3432980937439251,0.41473361636015427,0.4140521964633084,0.42797440166947576,0.4347417366055671,0.44490263350246007,0.0,0.35288226022481584,0.4262276914129671,0.46029473690143596,0.410555392649705,0.4286168123938217,0.44797974971603327,0.4311428919225793,0.41004011352093306,0.4589257247294459,0.4088892827668741,0.465114301892791,0.4113678773004464,0.4244697156005348,0.41465704772673895,0.3363395416615909,0.3847313576104155,0.35624667453072506,0.41565057058963656,0.3793700275698905,0.38803137960570494,0.4087508049469281,0.39557273852919167,0.32078594231622465,0.3487721415160397,0.39729666069371933,0.44785608284740164,0.39099091201855296,0.36210035756325776,0.41824534224736626,0.42930733792371956,0.0,0.0,0.0,0.3168171297106846,0.4663401657575057,0.0,0.360863580464184,0.4232913625019863,0.38020316196517356,0.4551629073233041,0.41097992364034946,0.38498965974340926,0.4121960075512079,0.4037196704165186,0.355830423573625,0.0,0.3520069017577656,0.3053050471970391,0.0,0.0,0.42472726991394705,0.41553608169363937,0.37796128592985123,0.3344088814360753,0.4932195681054855,0.4846336893417956,0.33037799543601676,0.3607988054348439,0.4794349863006623,0.41236667733746446,0.4353455239780365,0.0,0.3889137942758658
0.0,0.0,0.37004859890136277,0.24283834200300874,0.2345763969968857,0.38568870039271463,0.33552650493963154,0.338938159059756,0.37774333776492836,0.36800547880645607,0.2795054209823473,0.0,0.35288226022481584,0.0,0.0,0.0,0.0,0.0,0.3422834295299131,0.0,0.44116102138940233,0.0,0.3437849147140283,0.0,0.0,0.0,0.393945013803653,0.2260387374705979,0.0,0.0,0.0,0.19190044714479954,0.39993521441543883,0.3826693965320837,0.0,0.16249257400127579,0.18387637952662267,0.0,0.0,0.0,0.0,0.0,0.4311193936823,0.0,0.0,0.0,0.0,0.4917184619700077,0.0,0.0,0.0,0.0,0.0,0.0,0.0,0.41166361079246705,0.0,0.0,0.0,0.0,0.0,0.0,0.0,0.371261766555418,0.0,0.0,0.0,0.48739681847679117,0.0,0.0,0.0,0.459270440547482,0.0,0.0,0.0,0.0
0.3710854250807933,0.3949181248966518,0.0,0.0,0.0,0.41317082426233,0.4238252940372362,0.0,0.0,0.0,0.0,0.0,0.4262276914129671,0.0,0.0,0.41049529345036156,0.0,0.387861202504288,0.0,0.393276338649293,0.39914513820886943,0.37744953117823465,0.39011204693908463,0.4530445036153044,0.36549601574861207,0.3876769595114638,0.43199661406593054,0.4182206515627111,0.3993751740069187,0.3830545332430925,0.3965677519897655,0.41053150461527876,0.37335159756172653,0.40853435623934825,0.4444409068685747,0.5026553361112472,0.45175531937995544,0.0,0.4709065681120534,0.46720760148454776,0.47976769842723294,0.517627420825476,0.5060837398017173,0.3487166879656543,0.0,0.0,0.49432218842679615,0.0,0.0,0.0,0.44776329696335054,0.3456298146991862,0.0,0.0,0.0,0.0,0.3281701336403953,0.396048670760286,0.0,0.46736957955650243,0.4309942123341908,0.0,0.3359804217638759,0.0,0.42159922973369723,0.4640491544271678,0.5040905174801917,0.469059937026386,0.0,0.37246481355225636,0.5002853603223646,0.45031442792691134,0.4627179966012386,0.46376379656639144,0.0,0.4426869301891272
0.3917215204208978,0.3820150658738651,0.0,0.0,0.4116246055448561,0.4322056303439525,0.45889824547547575,0.45378094386777307,0.4250317801579005,0.30052988391998037,0.0,0.276129637103262,0.46029473690143596,0.0,0.41049529345036156,0.0,0.33930468495301475,0.31994618513641393,0.0,0.393740711481049,0.39643273451595723,0.3921883021749968,0.4295989772025181,0.3366608854474907,0.34971051048161544,0.39900707879576564,0.42681409641778273,0.44552887215246767,0.43419462328885877,0.39113975739257106,0.3787500952604122,0.42549873185945347,0.3582359806577882,0.383378444504438,0.4211539703432706,0.0,0.0,0.0,0.4407852051397485,0.40492043292592333,0.41667254717269053,0.462648129283435,0.0,0.0,0.0,0.4160544778302945,0.4571838046857564,0.0,0.0,0.0,0.330519773111451,0.3452489510109886,0.0,0.0,0.0,0.0,0.0,0.3338550960331185,0.0,0.4419144012447917,0.42949620071241346,0.2897793157744854,0.40221555106052964,0.0,0.41082505579662126,0.41287447078865136,0.44996494008812127,0.39316806042313707,0.40379659599063733,0.416796736142457,0.44152414580744487,0.4083135647506676,0.322343693643669,0.3853394386686891,0.0,0.41318409707755593
0.3415206922710113,0.0,0.0,0.0,0.0,0.32139921377274056,0.3843767985464125,0.0,0.0,0.31830432046567547,0.36978709091959994,0.3450389144128224,0.410555392649705,0.0,0.0,0.33930468495301475,0.0,0.3236715422170914,0.0,0.31586977140829514,0.0,0.34439980236013146,0.3307418371767503,0.3484700003261993,0.32995362649374843,0.33029415619923413,0.0,0.39724628146587837,0.3386157569437829,0.28577725520029557,0.35995751812627386,0.41800576207199003,0.3356120365035488,0.3758179190065841,0.39382251799478263,0.0,0.0,0.3237680604122106,0.41393090179373276,0.37310903417214536,0.3623904877750821,0.0,0.0,0.0,0.0,0.0,0.3845098252279756,0.0,0.0,0.0,0.0,0.0,0.0,0.0,0.397991018554694,0.0,0.37905572805664745,0.0,0.0,0.0,0.355456226680557,0.3617593860271878,0.356011467614809,0.0,0.0,0.0,0.0,0.0,0.38161550344593687,0.3968146953720132,0.40253020272952,0.0,0.0,0.0,0.0,0.36598842918642627
0.3498401358711159,0.38390363473693295,0.0,0.0,0.3575126834447535,0.4059320121145917,0.4240541840968024,0.46495135081758776,0.34810064915681993,0.3109998672403535,0.0,0.32345159784074984,0.4286168123938217,0.0,0.387861202504288,0.31994618513641393,0.3236715422170914,0.0,0.0,0.39742305955003765,0.4086606086872003,0.4020174827295456,0.4259235460534707,0.33127276412006407,0.3177702991108219,0.3526024442354743,0.40950319175325783,0.4203081065048001,0.42860447712654354,0.3710090927762284,0.37006782223605966,0.4033631541024184,0.32868012694471227,0.37758652193454806,0.3912003096967248,0.0,0.0,0.0,0.4215351089039966,0.3809229300472914,0.39735402340782827,0.4224789380419414,0.0,0.0,0.0,0.3790574852001696,0.42776360743466263,0.0,0.0,0.0,0.30637354929882776,0.0,0.0,0.0,0.3644716146781895,0.0,0.37584200648158245,0.3045635838040247,0.0,0.3734506110964927,0.39675665108702185,0.390355876328587,0.38360962427928114,0.0,0.3133677297665468,0.0,0.3998265767340127,0.0,0.3133825122040955,0.39033129597266364,0.39499100344265825,0.0,0.30753066993991446,0.3135019741367919,0.0,0.39746443015832456
0.0,0.0,0.3118158327671333,0.33844030713288936,0.3777354837216592,0.42512491708825695,0.43459467732042606,0.40076904196234714,0.2987899607270149,0.43467303628554865,0.2608760789181891,0.38271620550669555,0.44797974971603327,0.3422834295299131,0.0,0.0,0.0,0.0,0.0,0.0,0.0,0.0,0.24843856397411307,0.36169938660175116,0.0,0.0,0.404752095806594,0.4489015560870795,0.0,0.0,0.4643927488884874,0.4029310577942554,0.3896884257360142,0.45666271674151515,0.4404731737154475,0.3464446097156068,0.4074077967549965,0.37981194387326295,0.0,0.0,0.0,0.0,0.4537208811065835,0.0,0.0,0.0,0.0,0.4065090459576929,0.0,0.44803174887725083,0.5146210336195588,0.4770148767167794,0.5069258149830997,0.5499053677425372,0.0,0.4927209389480922,0.3506511885270055,0.46619424822306954,0.4758905054276482,0.0,0.0,0.0,0.0,0.49899661941607487,0.0,0.0,0.0,0.5339355494438747,0.0,0.0,0.0,0.523383902256347,0.3990514081396948,0.0,0.0,0.4573475939848892
0.4090485432344202,0.428154445777953,0.0,0.42714236679945367,0.41754930779589833,0.40004663062242746,0.43497905466355063,0.40193979502767807,0.41231506981862265,0.0,0.0,0.0,0.4311428919225793,0.0,0.393276338649293,0.393740711481049,0.31586977140829514,0.39742305955003765,0.0,0.0,0.4210111271337876,0.3902384170027846,0.3280089635363943,0.0,0.37790790387448087,0.43505419953434615,0.36025303156119143,0.40374666824704175,0.32796201108381173,0.3665402409878786,0.36990775850147406,0.4267637668945441,0.36347423543367824,0.4116143607375926,0.45551832018949906,0.4864678480570384,0.476941974073112,0.3616405103322646,0.47468366083053043,0.4407509393487421,0.4561389528479422,0.47127086774799326,0.4272419389715397,0.3055153887497473,0.0,0.0,0.4598409324104337,0.0,0.0,0.0,0.4319569574590701,0.3454975395964217,0.4864149606627721,0.0,0.0,0.0,0.0,0.3880271279807728,0.0,0.4722963043042194,0.3327124552313663,0.0,0.0,0.0,0.4590845259358247,0.45119171112845785,0.4866800983624705,0.4738442213560713,0.0,0.2807930898533452,0.49529573200019017,0.48065726301857753,0.4619688531237853,0.4465935239617534,0.4081955765656241,0.4476181906192679
0.44332182580510504,0.38238574258824115,0.0,0.0,0.0,0.37247411396432384,0.3868156441854508,0.4359559071193265,0.3053649430840992,0.0,0.0,0.43398612852822216,0.41004011352093306,0.44116102138940233,0.39914513820886943,0.39643273451595723,0.0,0.4086606086872003,0.0,0.4210111271337876,0.0,0.405956154905073,0.3771344532777299,0.502040792533617,0.4118109571792948,0.415170611060617,0.4099944438160112,0.42151931474872445,0.3895078627227583,0.3929837460288574,0.38677133914664796,0.40512593002934216,0.3627600045228957,0.39947614669058906,0.4304952719418476,0.4811364797053498,0.415014570963219,0.0,0.4542602027763905,0.3860080583639655,0.4648322384452864,0.4974528440316802,0.0,0.0,0.0,0.4418074519928753,0.46849117296547244,0.0,0.0,0.0,0.4294417491283048,0.0,0.4133778865345257,0.0,0.0,0.0,0.0,0.39119794326825985,0.0,0.4429867659545556,0.44643227746263353,0.0,0.0,0.0,0.43205796252076806,0.35806314727874916,0.476617088638287,0.4366105508957125,0.0,0.0,0.46763076575210355,0.4575540563042829,0.4565381118926247,0.4445959843856159,0.445273744641408,0.43264360593116724
0.3827316431366173,0.39370184051628704,0.0,0.4714063675752441,0.4329937222353861,0.419537927837761,0.45433526083210685,0.41344703647741443,0.40801871710819654,0.3407603256111239,0.0,0.0,0.4589257247294459,0.0,0.37744953117823465,0.3921883021749968,0.34439980236013146,0.4020174827295456,0.0,0.3902384170027846,0.405956154905073,0.0,0.42635603991218457,0.3467639367740661,0.3789131773036743,0.400098820470159,0.4255962871146848,0.44530879741084306,0.39657880765445197,0.38643496456308474,0.36985030754109305,0.4140960590173581,0.38424557516150704,0.400709990522902,0.4415393118166985,0.4875207210239392,0.472118473371736,0.30391251760029914,0.47955245437379995,0.4641906738416812,0.4729749518471159,0.5117704747757907,0.5057399089662598,0.0,0.0,0.4204150509240531,0.47285080918113115,0.0,0.0,0.0,0.4175912481249632,0.30953517913311857,0.0,0.0,0.0,0.0,0.0,0.3239172386810284,0.0,0.5040995215567157,0.4393500340710782,0.0,0.3725937373354805,0.0,0.4679613811357457,0.46845108391794443,0.4934392507601196,0.47690426511256945,0.0,0.4014243997598149,0.4957867858013082,0.4460867205717361,0.3877185057065726,0.45068174215168966,0.0,0.44948947698710484
0.4603249067696114,0.3993399157924142,0.3350611449571354,0.3682242659358513,0.3874637382807103,0.3737078905337955,0.40617773923534956,0.3388619824244698,0.39880931467714364,0.44537507704755164,0.2839481658426189,0.42088236244882216,0.4088892827668741,0.3437849147140283,0.39011204693908463,0.4295989772025181,0.3307418371767503,0.4259235460534707,0.24843856397411307,0.3280089635363943,0.3771344532777299,0.42635603991218457,0.0,0.4994590068851845,0.430813606528075,0.4372439342930471,0.3221033878569085,0.4140888337489719,0.39043334073033603,0.399376055143129,0.4059884938567795,0.3953529025478724,0.35034619568207725,0.424076095511435,0.41981482136481324,0.3713530391754674,0.41416078802308465,0.3538929826557604,0.482409776642645,0.48642488812151585,0.5091489037436876,0.4945787836771652,0.47555178007534843,0.41931236305896247,0.0,0.0,0.43767211728644717,0.5466263896766325,0.0,0.48828191892749495,0.49359478331762136,0.5070525284549363,0.4389507386300586,0.5485777110543587,0.4037688987576167,0.4916164003839474,0.0,0.48219098298242863,0.4934376023303541,0.45961896908441546,0.3496324224677882,0.0,0.0,0.5284565197208525,0.47070685705944004,0.4699035846669181,0.4565261551918718,0.501459178590307,0.0,0.31941749962247107,0.4599556776773809,0.49747047456515037,0.4886763823194364,0.4795840052091914,0.49959104595620946,0.5058724659072806
0.4219189794193957,0.0,0.0,0.0,0.4081479494815677,0.35737095736166347,0.4339028717947757,0.529004701098236,0.3949764991302811,0.304763404840349,0.4237264934614007,0.2898663793343986,0.465114301892791,0.0,0.4530445036153044,0.3366608854474907,0.3484700003261993,0.33127276412006407,0.36169938660175116,0.0,0.502040792533617,0.3467639367740661,0.4994590068851845,0.0,0.3374718514442442,0.32837863807692375,0.3832488967258608,0.42706203334541226,0.0,0.0,0.35462295074334993,0.3084909991075825,0.2558698984740762,0.27578442675920845,0.32697989103745473,0.0,0.32942625764496036,0.2684095405241466,0.0,0.33046158356089894,0.361022478728099,0.0,0.0,0.0,0.3212893055418402,0.4055756539142578,0.0,0.0,0.0,0.0,0.0,0.0,0.0,0.0,0.3878571196979483,0.0,0.37614850006750267,0.4275079991517963,0.0,0.0,0.41798907615974273,0.3867095861932641,0.41154105413909164,0.0,0.0,0.0,0.0,0.0,0.392429169841645,0.4069217764007879,0.4129050929649177,0.0,0.4751993679464439,0.0,0.0,0.41262222067042714
0.34775204177252717,0.3340468021776005,0.0,0.0,0.3494480554126139,0.36207890300085743,0.3779236504870807,0.48846510765197665,0.2934324274017617,0.31807117418677605,0.0,0.3384722178645392,0.4113678773004464,0.0,0.36549601574861207,0.34971051048161544,0.32995362649374843,0.3177702991108219,0.0,0.37790790387448087,0.4118109571792948,0.3789131773036743,0.430813606528075,0.3374718514442442,0.0,0.3493600124547274,0.3682442649345721,0.4084191845169812,0.3915697704924382,0.0,0.36692144150541495,0.39244416342929267,0.3065030657848035,0.3555098689911899,0.3778487357842094,0.0,0.0,0.26478617755492456,0.42916541433443073,0.3889046594271593,0.40536985462745406,0.4370713894801662,0.0,0.0,0.0,0.38563237517098203,0.44183915610928753,0.0,0.0,0.0,0.30261520633544503,0.3011314702793483,0.0,0.0,0.3900999372645107,0.0,0.400020430354014,0.33762885884338134,0.0,0.41348846410604273,0.41466977898464674,0.38945982792625483,0.39657345498355545,0.0,0.3911160327908727,0.0,0.39342741638320267,0.3113837178618295,0.380556097942084,0.40614377482273556,0.412045426698896,0.32246112363752055,0.3599995512246287,0.3906493524920148,0.0,0.40530532545162445
0.3561838757822411,0.39021600398258466,0.3222072885506964,0.0,0.36105234694665905,0.40205545542901727,0.40568822980073205,0.4876066790596425,0.3755099554352801,0.3434643322873587,0.3283944560116922,0.32313904617291384,0.4244697156005348,0.0,0.3876769595114638,0.39900707879576564,0.33029415619923413,0.3526024442354743,0.0,0.43505419953434615,0.415170611060617,0.400098820470159,0.4372439342930471,0.32837863807692375,0.3493600124547274,0.0,0.4311358241778143,0.39755660680031196,0.40852750838280183,0.29748728391204216,0.3762985038140177,0.41001437314764794,0.33710537487008635,0.3752731791256528,0.4073409183398348,0.0,0.0,0.3261421958246287,0.45192851069942563,0.4015164711929931,0.4236007588645632,0.46764643247309234,0.0,0.0,0.0,0.4128224602887395,0.47214327314390103,0.0,0.0,0.0,0.4021750248733231,0.3282478878965525,0.0,0.0,0.3833197233379444,0.0,0.39294752937495975,0.3628886016235508,0.0,0.4798597883083965,0.4384086252706555,0.40618952183046125,0.40710137830022614,0.0,0.4329980080272294,0.4574206640358484,0.48238477103030847,0.4477427712227234,0.3993900777571855,0.4148258830351887,0.44421056195450576,0.44197152636990394,0.3951194954634094,0.42930557019366145,0.0,0.4258592763200543
0.4148077343325058,0.397905071979782,0.33451326586961766,0.3968950868048543,0.38478164004360094,0.3727506552331542,0.40745192314792883,0.4117854360943232,0.3529199354109552,0.4210333973984655,0.3911215331473036,0.3564554097402956,0.41465704772673895,0.393945013803653,0.43199661406593054,0.42681409641778273,0.0,0.40950319175325783,0.404752095806594,0.36025303156119143,0.4099944438160112,0.4255962871146848,0.3221033878569085,0.3832488967258608,0.3682442649345721,0.4311358241778143,0.0,0.41542891474819266,0.3584877874870985,0.3872616630136208,0.38915121876795333,0.4028902920181656,0.3616122737900579,0.41952845921918513,0.432849113646427,0.4288246379014,0.42119400222695386,0.3568552927536194,0.4789976450715243,0.45774273180171443,0.4959656337611425,0.4297881226840915,0.4831613152344989,0.354754230240786,0.0,0.0,0.38375709499795996,0.5381340642993477,0.0,0.4332269095968786,0.487004098405849,0.47566556012546124,0.4748864828897619,0.5414673246469753,0.33879277960705617,0.4990294114183858,0.0,0.43809873466593985,0.48987610538717125,0.4509024927673599,0.3312207483842181,0.0,0.0,0.5008082103899435,0.4547400759031647,0.45044935322951873,0.4100117689803799,0.49375765331161237,0.0,0.0,0.44767002506727077,0.4867440635844779,0.47373988457524646,0.4671071294495714,0.47642631357037596,0.4826853747590225
0.3592258670691585,0.4457005234858462,0.46022336818060455,0.22770084998107237,0.40105791569207094,0.38088351534907244,0.3998839646975024,0.4185390565803394,0.4491276217643415,0.4215858820593307,0.42914607595632337,0.41605902368796777,0.3363395416615909,0.2260387374705979,0.4182206515627111,0.44552887215246767,0.39724628146587837,0.4203081065048001,0.4489015560870795,0.40374666824704175,0.42151931474872445,0.44530879741084306,0.4140888337489719,0.42706203334541226,0.4084191845169812,0.39755660680031196,0.41542891474819266,0.0,0.33497228021867886,0.305838476475799,0.37528929652685866,0.39574464109054136,0.38439211226315895,0.3868965350005256,0.3509776031999224,0.2500355626177034,0.2995466673235159,0.39029112579388314,0.4790633624974574,0.40696373569817906,0.4929537423318907,0.0,0.4246127448841086,0.3748487518751221,0.0,0.0,0.3102619612091645,0.4080542717359119,0.0,0.3418595024086459,0.47665026128030363,0.3603446873308651,0.44225698748318387,0.3894445618246149,0.416044457595117,0.0,0.32200554931374875,0.3865832153044075,0.0,0.4508608276991728,0.29997638559004447,0.0,0.2839773552039855,0.35976792781962946,0.4691246069956325,0.4674083155547726,0.3952693444294356,0.4918926853970627,0.0,0.32449465167274116,0.37096269655534436,0.4885162655934048,0.469070117274302,0.4813175049561453,0.4268286823897809,0.45767330166204223
0.3964123289495852,0.4232065354168311,0.3727198574893034,0.0,0.4060376608686119,0.3517347505249708,0.4215387144994055,0.3882618560171276,0.37900060238127836,0.0,0.0,0.0,0.3847313576104155,0.0,0.3993751740069187,0.43419462328885877,0.3386157569437829,0.42860447712654354,0.0,0.32796201108381173,0.3895078627227583,0.39657880765445197,0.39043334073033603,0.0,0.3915697704924382,0.40852750838280183,0.3584877874870985,0.33497228021867886,0.0,0.3399341969904739,0.3547883752003908,0.4146727618871932,0.3521716881441353,0.3995156531474597,0.4401013039934828,0.4666553662838452,0.4275704129575889,0.0,0.4615544566419371,0.39351217453925363,0.46561666145457953,0.4596463321146758,0.43473525217422926,0.0,0.0,0.0,0.3981070399254126,0.41169214667553006,0.0,0.0,0.4497772343398718,0.3616448638629188,0.42870732746696233,0.371765041189847,0.0,0.0,0.0,0.40775770152926544,0.0,0.43730083937577274,0.32055995103103524,0.0,0.30399580121317765,0.0,0.44350498868155785,0.44488226460695623,0.44197568072926036,0.47048836064830846,0.0,0.290516575175469,0.4245214801064272,0.4680607403897905,0.46097240203360335,0.4512634521893075,0.4352191756481644,0.4558504678241521
0.0,0.0,0.43802299435389364,0.0,0.0,0.40912184482760433,0.4395379519541588,0.4115125088662861,0.4317978647346144,0.0,0.0,0.0,0.35624667453072506,0.0,0.3830545332430925,0.39113975739257106,0.28577725520029557,0.3710090927762284,0.0,0.3665402409878786,0.3929837460288574,0.38643496456308474,0.399376055143129,0.0,0.0,0.29748728391204216,0.3872616630136208,0.305838476475799,0.3399341969904739,0.0,0.35919801852185484,0.44400357592912587,0.0,0.3813453522400824,0.38908582590386376,0.4147030112221124,0.0,0.0,0.4666041827524196,0.0,0.50482879884383,0.0,0.0,0.0,0.0,0.0,0.0,0.0,0.0,0.0,0.44033614301780033,0.0,0.43395964962884476,0.0,0.0,0.0,0.0,0.0,0.0,0.0,0.0,0.0,0.0,0.0,0.5066388235832497,0.0,0.0,0.4896381474380748,0.0,0.0,0.0,0.48255467938593505,0.41129989970662684,0.4530559110656362,0.0,0.0
0.3621967561654825,0.3680265490803111,0.4717359674858912,0.0,0.4502809417819586,0.4091882314655295,0.4343259708693246,0.4400935014820062,0.4677200865118815,0.3308895067430175,0.4635305941270547,0.3625540762373218,0.41565057058963656,0.0,0.3965677519897655,0.3787500952604122,0.35995751812627386,0.37006782223605966,0.4643927488884874,0.36990775850147406,0.38677133914664796,0.36985030754109305,0.4059884938567795,0.35462295074334993,0.36692144150541495,0.3762985038140177,0.38915121876795333,0.37528929652685866,0.3547883752003908,0.35919801852185484,0.0,0.3964460174460764,0.342133489098811,0.31369588966123574,0.3268550681172613,0.42271455051562756,0.38974818661724614,0.3096646502090305,0.4486073480581798,0.3994983939122241,0.4113565084481658,0.44431000466795034,0.0,0.0,0.3632916669048821,0.3909843028597303,0.440785753689417,0.428884689923555,0.0,0.0,0.4674870073111121,0.35386890476774835,0.4320107492941411,0.3842066780164574,0.38536397685830487,0.0,0.39776099972184054,0.3246850880972423,0.0,0.4686994313067107,0.4230641429673942,0.390066774755345,0.4060235529479406,0.3632316768283822,0.4488718225501096,0.4296557170926998,0.4593218586262089,0.49568009019091935,0.41202516906631215,0.41373358334896365,0.4365133758348344,0.48621071745092237,0.43420752940710605,0.44755463338699547,0.0,0.38065591630362205
0.3989229962107383,0.4057152847052726,0.4217895920647309,0.2654951394932077,0.3459816876921512,0.3963675476409476,0.37613768306217976,0.37763183131129463,0.4235302096655908,0.36395898720455383,0.35985830350421505,0.27807869990209705,0.3793700275698905,0.19190044714479954,0.41053150461527876,0.42549873185945347,0.41800576207199003,0.4033631541024184,0.4029310577942554,0.4267637668945441,0.40512593002934216,0.4140960590173581,0.3953529025478724,0.3084909991075825,0.39244416342929267,0.41001437314764794,0.4028902920181656,0.39574464109054136,0.4146727618871932,0.44400357592912587,0.3964460174460764,0.0,0.35945647174580225,0.3646601830121025,0.3667518511340763,0.26792169347796285,0.3065651775004903,0.2741539049282799,0.31072653211970547,0.3157856553770822,0.33158984941382613,0.3235823905380113,0.0,0.0,0.28334621180378017,0.4161460129222185,0.4538769210631687,0.47176912065430815,0.0,0.40786632272547163,0.480299757524943,0.35183671963348984,0.4604746329816321,0.4613639464505766,0.3700939083398635,0.0,0.2545349119833347,0.3918188133920905,0.0,0.4702238441617274,0.41744664041363894,0.3990511134868274,0.4234152547540882,0.4596120654033222,0.4623812115200223,0.4532059570509046,0.4715901723299316,0.48781958917055884,0.44283942987035324,0.42313562445360975,0.45628252326852536,0.48463992411806334,0.44577644626244645,0.4708312687100819,0.0,0.466353354359532
0.31203449581437853,0.3307778217777899,0.3447210998075758,0.0,0.3638544553936677,0.36588702795144695,0.3962335415751881,0.42090289057096536,0.4013936038745832,0.28910172013056445,0.37346286305016185,0.27591530164788136,0.38803137960570494,0.39993521441543883,0.37335159756172653,0.3582359806577882,0.3356120365035488,0.32868012694471227,0.3896884257360142,0.36347423543367824,0.3627600045228957,0.38424557516150704,0.35034619568207725,0.2558698984740762,0.3065030657848035,0.33710537487008635,0.3616122737900579,0.38439211226315895,0.3521716881441353,0.0,0.342133489098811,0.35945647174580225,0.0,0.2851749522121489,0.4159800526285106,0.4605270923109265,0.3649548989295719,0.18400482904360688,0.35632082711165075,0.2744073689709563,0.3398710121602493,0.39686575788638523,0.0,0.0,0.22933355823355817,0.39378304308062434,0.44130948550897486,0.0,0.0,0.0,0.44792485133505644,0.0,0.0,0.33866423995283973,0.34824857619631255,0.0,0.3465409365583546,0.3317017241253323,0.0,0.4649516701555318,0.4051577198971964,0.3764325652409891,0.35398930483444396,0.0,0.4107492118016431,0.41170484236478766,0.4723840008252179,0.47390326526349463,0.3456048457841032,0.38571465348994965,0.40232097494760577,0.471503718996383,0.463676502547934,0.41246083776735576,0.0,0.376577297908429
0.35525652536018343,0.373993310899225,0.4667420053006462,0.2598314302322705,0.4408266214994107,0.4237426430737504,0.40912406753652314,0.4390964357854435,0.4632626536083453,0.3212119942859816,0.4446372384235418,0.2848412284813009,0.4087508049469281,0.3826693965320837,0.40853435623934825,0.383378444504438,0.3758179190065841,0.37758652193454806,0.45666271674151515,0.4116143607375926,0.39947614669058906,0.400709990522902,0.424076095511435,0.27578442675920845,0.3555098689911899,0.3752731791256528,0.41952845921918513,0.3868965350005256,0.3995156531474597,0.3813453522400824,0.31369588966123574,0.3646601830121025,0.2851749522121489,0.0,0.294464028458295,0.4165123837286038,0.3452797587330694,0.23241499291878992,0.37304013708923567,0.3159444689243632,0.35241208311626665,0.3568148764373695,0.36417847557378796,0.0,0.2926497048605502,0.389135259054673,0.44650790292806203,0.40199273964917737,0.0,0.360966671830388,0.47678669934889667,0.2930020134292215,0.0,0.3592591399126129,0.3734807102051242,0.0,0.3287975783198658,0.31163211641805993,0.0,0.4702928235406677,0.4224403519957489,0.37451075946223567,0.3928560467020995,0.37024030214390047,0.462289256982908,0.4265277159197174,0.47014734162036736,0.504493556855696,0.3465647776937377,0.4073062562109784,0.42982124457030846,0.49979726581435996,0.40720303856111406,0.47176342965293,0.0,0.3748663747327276
0.3757429847952705,0.401628831075517,0.44627864067149126,0.2718265120932262,0.3946394928262832,0.41740265089212464,0.3847444837283656,0.4215134861741709,0.4455467589942284,0.33704531042423297,0.41645634900390616,0.31665048194083995,0.39557273852919167,0.0,0.4444409068685747,0.4211539703432706,0.39382251799478263,0.3912003096967248,0.4404731737154475,0.45551832018949906,0.4304952719418476,0.4415393118166985,0.41981482136481324,0.32697989103745473,0.3778487357842094,0.4073409183398348,0.432849113646427,0.3509776031999224,0.4401013039934828,0.38908582590386376,0.3268550681172613,0.3667518511340763,0.4159800526285106,0.294464028458295,0.0,0.3860660336208146,0.3683579983095043,0.29559554249944864,0.33383367123213176,0.30512965806916675,0.343386319167413,0.3440857533012139,0.0,0.0,0.0,0.45261393489052193,0.4711559478835719,0.0,0.0,0.0,0.4056365414584934,0.0,0.0,0.0,0.34247878228860773,0.0,0.29913355156756605,0.28539990290960604,0.0,0.4954361966400226,0.41925703897937255,0.35855147299101126,0.4046836995855003,0.0,0.4557869373962818,0.48726819620099676,0.4929090208447828,0.4933084395126496,0.0,0.41030247734091846,0.4590134874808058,0.4490438673854216,0.3067145196057651,0.4586538675048126,0.0,0.0
0.0,0.0,0.37847844006204034,0.19945857593271707,0.23799759852263463,0.4287966568307018,0.3089293677180408,0.30551084157009717,0.40504407488648864,0.38293346612446694,0.29963242963847125,0.317788724539026,0.32078594231622465,0.16249257400127579,0.5026553361112472,0.0,0.0,0.0,0.3464446097156068,0.4864678480570384,0.4811364797053498,0.4875207210239392,0.3713530391754674,0.0,0.0,0.0,0.4288246379014,0.2500355626177034,0.4666553662838452,0.4147030112221124,0.42271455051562756,0.26792169347796285,0.4605270923109265,0.4165123837286038,0.3860660336208146,0.0,0.21180211621089928,0.34855682006581784,0.24959317434404085,0.0,0.0,0.0,0.35125773231123497,0.0,0.0,0.0,0.0,0.48437975712035247,0.0,0.0,0.4682072122032681,0.45114865067824994,0.42648033350011566,0.5086760222189713,0.4585805269139887,0.4099613145623416,0.2924705844175816,0.0,0.0,0.44277918595437116,0.0,0.0,0.0,0.42564296213946895,0.43722275779440645,0.0,0.47320677562902314,0.48515717325051405,0.0,0.0,0.0,0.4821383312539012,0.4404254452070962,0.43882946946328694,0.0,0.0
