0.0,0.40511974208943446,0.0,0.0,0.0,0.4253666361164819,0.27861276552607456,0.5177274023061903,0.0,0.3639846369445609,0.0,0.3629486329663849,0.3272042831653459,0.48484994950437543,0.4099271606522849,0.41882984575520776,0.384219831734336,0.3669435076412012,0.0,0.4571997821705319,0.40789873814453065,0.40804065920942856,0.48895701120055424,0.3347569544436358,0.3678713919362489,0.3661164563579228,0.4929560283072243,0.3893124992968306,0.41781032982777033,0.0,0.3759901431011114,0.41683016288345437,0.35831028528721154,0.3681821374412689,0.42267716320151016,0.40767919939752567,0.0,0.369263688393797,0.45912631677973326,0.43623094701036186,0.4402179034806007,0.0,0.0,0.0,0.0,0.37386580283723847,0.46691267274169507,0.0,0.0,0.0,0.0,0.0,0.0,0.0,0.4521222580504983,0.0,0.0,0.0,0.0,0.0,0.47986030085364645,0.3999442528621676,0.46157888991718715,0.0,0.0,0.40597693539339785,0.4675466593226192,0.4502933147083222,0.3796794483548789,0.4599871196786696,0.4644709149597662,0.0,0.0,0.0,0.0,0.4179130426219865
0.40511974208943446,0.0,0.0,0.0,0.3758713581318079,0.407541119979952,0.3889748986457476,0.41881399408877107,0.33796413976575956,0.2924280545787699,0.0,0.2476618025449936,0.424899598695743,0.0,0.4228900791850261,0.4254368732106221,0.38168419184736174,0.42032484322992714,0.0,0.412385890658486,0.39936514535970863,0.403100681886395,0.45556395786306175,0.0,0.38065629767200115,0.38178413694081326,0.42165202810257024,0.43128118804491866,0.41811202756498905,0.0,0.3773072961743212,0.4143314313337237,0.3549305212470891,0.378009440085659,0.43011928626386503,0.35077613984808503,0.0,0.0,0.45191111574448134,0.44902394801883483,0.4543511289703224,0.4801298571377656,0.0,0.0,0.0,0.4715476996164121,0.46870505534966417,0.0,0.0,0.0,0.3911661643721332,0.2939471021973425,0.45673618675425687,0.0,0.0,0.0,0.0,0.26387510487514665,0.0,0.47621108220692776,0.4702522839458428,0.30622859246477924,0.454996300127361,0.0,0.43928648913428514,0.4634953369982009,0.4702656825268562,0.44486452610633914,0.0,0.465997795382566,0.4877143326379653,0.4524550164546076,0.29158827163486156,0.4240178250975304,0.0,0.4313928579538752
0.0,0.0,0.0,0.3617206780687413,0.4419166619765831,0.3986570487418121,0.4435872342334496,0.5128185495460736,0.3064636867593279,0.3724846187642974,0.34693493596127484,0.2815520965833438,0.4532669731104047,0.4275030636728356,0.0,0.0,0.0,0.0,0.2572602651550648,0.0,0.0,0.0,0.3825361474564053,0.0,0.0,0.0,0.32787681539479985,0.46338832043767403,0.0,0.46397891882760245,0.46927326349690673,0.44569109416418745,0.0,0.47542146245831207,0.48431053722957285,0.41649195649919085,0.4346297258845203,0.305627312097411,0.46349241345651226,0.0,0.42951373467140697,0.0,0.5103088007202735,0.0,0.0,0.0,0.0,0.4542985227531506,0.0,0.5444184148390041,0.556654589335498,0.5372513199618525,0.6071579766381886,0.5484816373358357,0.0,0.3433549526048247,0.0,0.4403758572014097,0.5530913301776559,0.0,0.0,0.0,0.0,0.2682659176729393,0.0,0.0,0.0,0.5763125841705438,0.0,0.0,0.0,0.6049193049883527,0.39689915896928035,0.0,0.0,0.4461692131341969
0.0,0.0,0.3617206780687413,0.0,0.19334152492901702,0.4126068473887474,0.26271598363270315,0.35406012897755496,0.4139685252361189,0.2378028399383587,0.3502654803032691,0.0,0.3463920881928293,0.25136193684002817,0.0,0.0,0.0,0.0,0.40921650975229595,0.0,0.0,0.0,0.3900753670562782,0.0,0.0,0.0,0.4050272586859518,0.20688623219469168,0.3288930993832103,0.0,0.302483368196446,0.29736026245153874,0.0,0.26740340649193217,0.24839864690234476,0.15817981077029655,0.16961042467899698,0.0,0.0,0.0,0.0,0.0,0.0,0.0,0.0,0.0,0.0,0.0,0.0,0.0,0.0,0.0,0.0,0.0,0.0,0.0,0.0,0.0,0.0,0.0,0.0,0.0,0.0,0.0,0.0,0.0,0.0,0.31202010430309257,0.0,0.0,0.0,0.31628748508896204,0.0,0.0,0.0,0.0
0.0,0.3758713581318079,0.4419166619765831,0.19334152492901702,0.0,0.39899949286296654,0.35538008289250084,0.39301261540517335,0.35009693243708706,0.3868309969385253,0.30461092895101116,0.3750612360684564,0.3955965121121903,0.26891522592461375,0.0,0.39057049328008675,0.3947219333901252,0.0,0.3741495407756227,0.4669723951326672,0.0,0.0,0.4275870271177936,0.3624667634331957,0.3392224049526445,0.35693318430642856,0.4344949804786214,0.405563594534448,0.44479258540812455,0.0,0.4430425851834147,0.3950836575591934,0.3423978734277611,0.42987515549448113,0.0,0.25634164393117503,0.24299944341640192,0.3288479969034548,0.3959182983834721,0.0,0.3844641744250011,0.0,0.3887352003296069,0.0,0.0,0.0,0.0,0.5103659724151466,0.0,0.39731870391283086,0.46070998767262217,0.3782099758315468,0.4472748546759091,0.46502598536043693,0.0,0.4310460903017891,0.0,0.33245082498037826,0.426708907089114,0.0,0.0,0.0,0.0,0.4572503232818439,0.0,0.0,0.0,0.5344978428679243,0.0,0.0,0.0,0.5139358814948358,0.32378208806953657,0.32732294622954905,0.0,0.0
0.4253666361164819,0.407541119979952,0.3986570487418121,0.4126068473887474,0.39899949286296654,0.0,0.413888822900205,0.4467798760326215,0.3184144916699995,0.42508542543012684,0.4063959570766769,0.3342430465001266,0.4087305153468355,0.4362134675428009,0.47209744636013395,0.41704464880862757,0.276921634490394,0.4076834012901629,0.3816419466426455,0.41215795350135054,0.47239704255490456,0.4209490982925079,0.40979616072974984,0.32613249660238974,0.3920805903124713,0.4389285171618187,0.3835161615538101,0.4090755810567952,0.34483807105310715,0.4544081055358557,0.45610765955727084,0.4141873875263046,0.3706337931656211,0.44214430895507373,0.45280120490334774,0.3993386130408875,0.4427821734684201,0.34161719638203036,0.4803788324338308,0.32271012058159754,0.5216097599972723,0.4428492336236803,0.40947104975193666,0.0,0.0,0.0,0.3049275120205548,0.5667077710183409,0.0,0.4757170313813607,0.509674157227566,0.5614613880136835,0.4902636829285079,0.5541543043825552,0.0,0.5151294898921991,0.0,0.5377950102171012,0.4755218271644738,0.457288747906378,0.2602611293873602,0.0,0.28585783734040293,0.5471766798653865,0.45792145915509813,0.4394503736165198,0.5198241717416499,0.5383710936405962,0.0,0.26560679463634634,0.3912199533393713,0.5333431888835476,0.5168738071627874,0.4774209309844572,0.45725712063335944,0.5224547418145428
0.27861276552607456,0.3889748986457476,0.4435872342334496,0.26271598363270315,0.35538008289250084,0.413888822900205,0.0,0.4276099405217471,0.39698066530059495,0.32409569134020033,0.43694758574061665,0.371607532603947,0.342331835636367,0.32621844733555355,0.0,0.4185213987365164,0.386072891418892,0.40798108731285543,0.4530524975286555,0.43233507137954486,0.3706094692558439,0.4471681038327312,0.42349550145606707,0.3935363119197499,0.3761626355836365,0.37365569632091344,0.42589583249122276,0.3617257567947903,0.454476589414425,0.0,0.3904302379905954,0.39302042300439655,0.3609101017823257,0.3910890002705818,0.424543672644506,0.31828392731785166,0.2327093507619546,0.3394409077819369,0.35337203776327075,0.0,0.36266957117802284,0.0,0.37138989997154814,0.0,0.0,0.0,0.2644452378461948,0.44541597106194686,0.0,0.3703468031442254,0.4488844118880238,0.3696965372623663,0.4107537341733174,0.41093805644489667,0.0,0.3601259030740124,0.0,0.3327195553624169,0.0,0.0,0.0,0.0,0.0,0.3873620789083485,0.0,0.0,0.0,0.5249101175502046,0.0,0.284055289134057,0.2624746148028714,0.5070865651918661,0.3374528853637214,0.3229170823183478,0.0,0.3341976692006887
0.5177274023061903,0.41881399408877107,0.5128185495460736,0.35406012897755496,0.39301261540517335,0.4467798760326215,0.4276099405217471,0.0,0.47997580510811966,0.0,0.3626950476527523,0.0,0.42685139870974265,0.3505586943596432,0.4914466258675201,0.4641262623270662,0.0,0.47350363806517587,0.4595605239259551,0.4620978941350281,0.42537630146502475,0.38142436988208545,0.3844072257355915,0.5159859177909644,0.48524951499231067,0.49132576121157234,0.4797520461265961,0.4228291938549293,0.3910925251520783,0.41755205476115187,0.4554277485690792,0.38816276185695725,0.0,0.4508943592540837,0.44435277598166834,0.25653863293668605,0.21257394296211812,0.0,0.4563772689810094,0.0,0.4827801883038073,0.0,0.3970197949805275,0.0,0.0,0.0,0.0,0.5650220238816673,0.0,0.4483600174122501,0.4554812934067567,0.4802825652243811,0.39655061516795154,0.5568404219734898,0.0,0.46466846835494113,0.0,0.4749903469458909,0.4622964733448658,0.4478042001481424,0.0,0.0,0.0,0.5298217457547314,0.0,0.0,0.0,0.49625356533225207,0.0,0.0,0.0,0.524826522398005,0.4804965950136042,0.4296069955987114,0.4391723232526116,0.4847824150201058
0.0,0.33796413976575956,0.3064636867593279,0.4139685252361189,0.35009693243708706,0.3184144916699995,0.39698066530059495,0.47997580510811966,0.0,0.43935617608785177,0.31588584395321534,0.4098510072388885,0.4061200713177274,0.4124074508944605,0.0,0.37264865935938823,0.2921492921676949,0.2968575265257742,0.30355350295952044,0.0,0.0,0.0,0.4354516822097424,0.3432746707796446,0.29847022427342906,0.3812477796630301,0.35181271423213983,0.44842531340265024,0.43776714558958496,0.44612091930868303,0.4649991776879314,0.4306079125803519,0.39515179508163517,0.45205868332160715,0.4605721260757385,0.41584055843703177,0.4472583263031338,0.3790907857528675,0.3795826410435398,0.0,0.3599877019941239,0.0,0.4758582620264848,0.0,0.0,0.0,0.0,0.5749347197077586,0.0,0.4470606384258008,0.5399877630061287,0.4770128851788,0.5412958891734676,0.5524497619500927,0.0,0.509848236834846,0.0,0.4479932644664707,0.5011178858237744,0.0,0.0,0.0,0.0,0.547419974512245,0.0,0.0,0.0,0.5632856337813784,0.0,0.0,0.0,0.5589007582176233,0.39569020049230436,0.3680881219852415,0.0,0.3763709672186769
0.3639846369445609,0.2924280545787699,0.3724846187642974,0.2378028399383587,0.3868309969385253,0.42508542543012684,0.32409569134020033,0.0,0.43935617608785177,0.0,0.4142825235213505,0.3185614333261516,0.39721498638497926,0.3576987090830619,0.0,0.39917598370660884,0.33933104435190514,0.38296357493329514,0.4158937547355375,0.3078863946680363,0.4520157853072525,0.32665789816655133,0.4120258415518324,0.34040660194880873,0.36201196307473027,0.3279220350648479,0.4018997433727314,0.3764750956555763,0.3206666732503558,0.31669881892881296,0.3423522378586161,0.34747392943707495,0.33231358330993294,0.2988447087721104,0.33081224836671835,0.32797066996368485,0.27882916118089107,0.29307710563996386,0.37565072369722696,0.3812802561295743,0.4063598927748008,0.0,0.0,0.0,0.3814145458386448,0.0,0.3734957547351636,0.0,0.0,0.0,0.34540536683528894,0.0,0.0,0.0,0.4634675043595526,0.0,0.4696100198863967,0.0,0.0,0.0,0.3618349529682985,0.44476316483013945,0.4091378230842619,0.0,0.0,0.0,0.0,0.31004238763848746,0.46607504934187083,0.44854463569258135,0.4731385910272459,0.3385754770664358,0.0,0.0,0.0,0.42805938985031017
0.0,0.0,0.34693493596127484,0.3502654803032691,0.30461092895101116,0.4063959570766769,0.43694758574061665,0.3626950476527523,0.31588584395321534,0.4142825235213505,0.0,0.38059094653050357,0.43197038692878087,0.27280141576556444,0.0,0.0,0.32861939823230985,0.0,0.2815258632197259,0.0,0.0,0.0,0.2513273011200305,0.360879821987211,0.0,0.2673433619269618,0.3878996529039162,0.4261233300573675,0.0,0.0,0.45856468946846235,0.37824595506765674,0.3555911861404337,0.427018269704518,0.4128979338970305,0.26939239762849315,0.41966343992908106,0.34199291843979757,0.40518370481788135,0.0,0.31477465620450495,0.0,0.41625450832218813,0.0,0.0,0.0,0.0,0.5199265300092316,0.0,0.43074770990844613,0.47303375087931726,0.4356968986215719,0.4628957163798474,0.4631719672514702,0.0,0.32427986790972846,0.0,0.38340684669108077,0.46630564706155075,0.0,0.0,0.0,0.0,0.2819948585846342,0.0,0.0,0.0,0.5258953149067991,0.0,0.0,0.0,0.5362027945916794,0.3518190108765161,0.0,0.0,0.3350230110833531
0.3629486329663849,0.2476618025449936,0.2815520965833438,0.0,0.3750612360684564,0.3342430465001266,0.371607532603947,0.0,0.4098510072388885,0.3185614333261516,0.38059094653050357,0.0,0.40882860125594034,0.0,0.0,0.0,0.3831369297533152,0.38508222004914544,0.32569508084165255,0.0,0.0,0.0,0.0,0.30077638928571904,0.38695601958142867,0.3007998911549666,0.3214543083393466,0.3902552771012123,0.2782146892191172,0.0,0.366441860384502,0.2664368601503558,0.32221846177807834,0.2731977271284196,0.30423488340074234,0.39169938225483236,0.0,0.25813276369036897,0.1279910626595213,0.3924981822022825,0.39326022577681136,0.0,0.0,0.0,0.39557762066091606,0.0,0.0,0.0,0.0,0.0,0.0,0.0,0.0,0.0,0.4625955136352189,0.0,0.441720103365354,0.0,0.0,0.0,0.0,0.4629394797989121,0.4105609628230864,0.0,0.0,0.0,0.0,0.0,0.42282189536981507,0.4587311283408886,0.47843655341320374,0.0,0.0,0.0,0.0,0.4096725974661066
0.3272042831653459,0.424899598695743,0.4532669731104047,0.3463920881928293,0.3955965121121903,0.4087305153468355,0.342331835636367,0.42685139870974265,0.4061200713177274,0.39721498638497926,0.43197038692878087,0.40882860125594034,0.0,0.3553879668815929,0.4611983272416661,0.45363401863858743,0.40358241350853835,0.41883694859058834,0.44933416224357636,0.43338843671478183,0.42811468682815346,0.45295864041593176,0.42911943497100913,0.3713790713601739,0.4064339812458459,0.410732304662685,0.43461885500684344,0.3622527136921629,0.43054960920258245,0.41144033108044814,0.415693267192103,0.3978900829619253,0.3881352935737027,0.40350693267072135,0.41939590521041503,0.3508518671348797,0.35776428040611274,0.3551649722269872,0.4306595606973053,0.3623348400354973,0.44043334340965057,0.0,0.39074031805102355,0.0,0.0,0.0,0.25088417222286014,0.44652913623826945,0.0,0.34641685064374006,0.4540097703946102,0.3688745094528252,0.4454519317060865,0.3996623776029937,0.39721795049666786,0.3622400702010208,0.0,0.3939483105370905,0.0,0.33540317057655666,0.2653020196136989,0.0,0.2786510062354476,0.40364467851320096,0.39871004693939033,0.0,0.2780512434679581,0.5146886775083764,0.0,0.2852097820288788,0.293057315281628,0.5155581649199592,0.4226904561647052,0.4291394103822453,0.0,0.36185427209653515
0.48484994950437543,0.0,0.4275030636728356,0.25136193684002817,0.26891522592461375,0.4362134675428009,0.32621844733555355,0.3505586943596432,0.4124074508944605,0.3576987090830619,0.27280141576556444,0.0,0.3553879668815929,0.0,0.0,0.0,0.0,0.0,0.3650104401996101,0.0,0.4483005113220415,0.0,0.3806678030907678,0.4268670500915678,0.0,0.41435204507806744,0.45390485038597345,0.26487067513500395,0.0,0.0,0.42910908022832406,0.2098564836337504,0.0,0.4548244970515479,0.0,0.195139167241391,0.14923211042010687,0.26774544739155515,0.0,0.0,0.0,0.0,0.40382511178422736,0.0,0.0,0.0,0.0,0.48632396624968294,0.0,0.0,0.0,0.0,0.4426133049649537,0.5023092017041451,0.0,0.4201267325034938,0.0,0.0,0.4629086145071827,0.0,0.0,0.0,0.0,0.45270626245709955,0.0,0.0,0.0,0.4887414035557657,0.0,0.0,0.0,0.4912960906255442,0.0,0.0,0.0,0.0
0.4099271606522849,0.4228900791850261,0.0,0.0,0.0,0.47209744636013395,0.0,0.4914466258675201,0.0,0.0,0.0,0.0,0.4611983272416661,0.0,0.0,0.4212188975832192,0.0,0.42146591846339737,0.0,0.3739012444734704,0.3954484945070641,0.3812433470542034,0.3259689132344305,0.43974487714001176,0.41218192498254497,0.4009131187784431,0.43451181234184394,0.4419717379071299,0.40903470653311513,0.0,0.4063451440483146,0.4202275078673216,0.3918529418143652,0.4153973392720898,0.4610469042811441,0.0,0.0,0.0,0.4719001714415824,0.4841921096640006,0.47809550774087656,0.5072313982823463,0.0,0.3162467148250358,0.0,0.0,0.48397385868477877,0.0,0.0,0.0,0.4620949557188993,0.0,0.5243977515635765,0.0,0.0,0.0,0.0,0.39128384149371487,0.0,0.5027599221010189,0.44812468294244534,0.0,0.31270972927330243,0.0,0.47654388898737327,0.4859573091907202,0.5040980223064679,0.47590775686730497,0.0,0.35883898393985064,0.5216685583298,0.48962936663366924,0.4360638170142199,0.4636018287221924,0.0,0.4385314074722235
0.41882984575520776,0.4254368732106221,0.0,0.0,0.39057049328008675,0.41704464880862757,0.4185213987365164,0.4641262623270662,0.37264865935938823,0.39917598370660884,0.0,0.0,0.45363401863858743,0.0,0.4212188975832192,0.0,0.40727255705716714,0.33781755539321706,0.0,0.41089705312147645,0.41410906877359527,0.3705595893538054,0.44544313795562884,0.3691053820384342,0.3789871760391232,0.4283397446253834,0.4430128531610195,0.4634379564168166,0.44743542308252837,0.44659190934673565,0.390600502983776,0.4365098127512858,0.3897183756331598,0.394963858755706,0.4476332927548115,0.37950497755065055,0.0,0.0,0.43844702023152293,0.4424370498242215,0.4441265774689956,0.4751171929169282,0.0,0.0,0.0,0.47230158307109843,0.4699057805547641,0.0,0.0,0.0,0.2744722140446492,0.0,0.40517850003193023,0.0,0.3075028469965103,0.0,0.0,0.2819120611602911,0.0,0.4498752644230915,0.46586636573266477,0.31715161302619527,0.4444821707191572,0.0,0.40830682843787536,0.45444404398381844,0.4566928283713754,0.33511005555520124,0.0,0.4559293994018675,0.4820917228927397,0.3929924818260498,0.0,0.39938256370171565,0.0,0.42757490764560996
0.384219831734336,0.38168419184736174,0.0,0.0,0.3947219333901252,0.276921634490394,0.386072891418892,0.0,0.2921492921676949,0.33933104435190514,0.32861939823230985,0.3831369297533152,0.40358241350853835,0.0,0.0,0.40727255705716714,0.0,0.3233757774621979,0.2982031726636529,0.39082089232420447,0.0,0.43027965820796427,0.3151653758901468,0.38226615219591603,0.3523053673165678,0.3793804792187972,0.0,0.3961139107155255,0.35715203272649154,0.0,0.36917789432462655,0.4099853080726839,0.33405571289062586,0.3609264289178807,0.3904480939536799,0.4371048706450773,0.0,0.3024511117208273,0.3839150403632018,0.3994446477935892,0.42416381093644373,0.0,0.0,0.0,0.2987116424331933,0.0,0.43758940734020413,0.0,0.0,0.0,0.0,0.0,0.0,0.0,0.4734261961352159,0.0,0.49250683800765016,0.0,0.0,0.0,0.0,0.44582813902669766,0.40278720901525106,0.0,0.0,0.0,0.0,0.0,0.43196679307081187,0.4487188713665062,0.46541321880706593,0.0,0.0,0.0,0.0,0.40145158663821623
0.3669435076412012,0.42032484322992714,0.0,0.0,0.0,0.4076834012901629,0.40798108731285543,0.47350363806517587,0.2968575265257742,0.38296357493329514,0.0,0.38508222004914544,0.41883694859058834,0.0,0.42146591846339737,0.33781755539321706,0.3233757774621979,0.0,0.31739931742236294,0.433822214354457,0.4298690194103182,0.42307812081673485,0.4693560672818001,0.36492954449545983,0.36792095311402573,0.38195732450432224,0.4480425619852611,0.4276356626084451,0.4421319280236119,0.39514374432922533,0.3917603381502081,0.4471138161623297,0.3599553755341588,0.38786662509316994,0.44644365360153976,0.0,0.0,0.24865628194776832,0.42620084238294415,0.4248285751632532,0.4355269139032374,0.44953419281827456,0.0,0.0,0.3512994773877794,0.42338788809634137,0.4484407291884116,0.0,0.0,0.0,0.0,0.0,0.0,0.0,0.47309097171205283,0.0,0.4969292305832123,0.3198969958489213,0.0,0.0,0.4303874694624678,0.4807104216896112,0.445473745419909,0.0,0.0,0.4330740480721853,0.4383293220664291,0.0,0.40970474692620557,0.45645014347784735,0.46057663271947724,0.0,0.0,0.0,0.0,0.4440144519252707
0.0,0.0,0.2572602651550648,0.40921650975229595,0.3741495407756227,0.3816419466426455,0.4530524975286555,0.4595605239259551,0.30355350295952044,0.4158937547355375,0.2815258632197259,0.32569508084165255,0.44933416224357636,0.3650104401996101,0.0,0.0,0.2982031726636529,0.31739931742236294,0.0,0.0,0.0,0.0,0.33163018508742864,0.32444255852855086,0.0,0.2806714868377157,0.33616861549801447,0.44579556663101794,0.0,0.44042829636164804,0.4619522345499729,0.4243739955580367,0.3437415110397987,0.4442918400844552,0.4571979516911383,0.3967433523120772,0.4311651985713674,0.37907901975265196,0.46131503437694377,0.0,0.0,0.0,0.4614752383937949,0.0,0.0,0.0,0.0,0.5853266021758388,0.0,0.47351675894045864,0.5173341588949771,0.49035796739054105,0.5480464526087654,0.5687226367286605,0.0,0.5170870565354874,0.0,0.3986610978645221,0.48518611943058454,0.0,0.0,0.0,0.0,0.5577286790219368,0.0,0.0,0.0,0.5736598108566495,0.0,0.0,0.0,0.5716267937238904,0.3513451053406706,0.0,0.0,0.40312454913462825
0.4571997821705319,0.412385890658486,0.0,0.0,0.4669723951326672,0.41215795350135054,0.43233507137954486,0.4620978941350281,0.0,0.3078863946680363,0.0,0.0,0.43338843671478183,0.0,0.3739012444734704,0.41089705312147645,0.39082089232420447,0.433822214354457,0.0,0.0,0.4499528355197487,0.3754989420686225,0.3014163770304419,0.0,0.39829660888731794,0.4523067519008963,0.38592715151705165,0.4036009193093682,0.3415101558415677,0.35532577860549264,0.3826469458042061,0.4344929379994937,0.35424812749748513,0.4208730146548954,0.46341966950853,0.4921698488397441,0.419870041365108,0.0,0.44429902761521145,0.3945147058430492,0.4292805921475219,0.4460751865529383,0.0,0.28521421272684677,0.0,0.0,0.4148794241036269,0.0,0.0,0.0,0.4681921126697966,0.33117821629532546,0.5025179296976865,0.0,0.0,0.0,0.0,0.39868593132514707,0.0,0.46226845185036125,0.34907642394342914,0.0,0.29041107515274606,0.0,0.4688132681907696,0.4573002198574873,0.4639406844106804,0.48912641360386544,0.0,0.2707696912669316,0.4777605490319776,0.5015040614382787,0.4879199975977506,0.47500689693804043,0.3878170224144803,0.4382181921924348
0.40789873814453065,0.39936514535970863,0.0,0.0,0.0,0.47239704255490456,0.3706094692558439,0.42537630146502475,0.0,0.4520157853072525,0.0,0.0,0.42811468682815346,0.4483005113220415,0.3954484945070641,0.41410906877359527,0.0,0.4298690194103182,0.0,0.4499528355197487,0.0,0.43036864893741683,0.42056077026895594,0.4622318613002276,0.43463230001058983,0.39264003911820067,0.4514243160460517,0.45137885721964277,0.4274525040738064,0.0,0.39811993434329274,0.40961122887586693,0.3823922862792902,0.38817685604107227,0.45327991164493714,0.4140247211465312,0.0,0.40553380578193765,0.45124634536646263,0.4367874352078746,0.43010924753785995,0.4884820590056589,0.0,0.0,0.0,0.3484134483714023,0.4756388223639889,0.0,0.0,0.0,0.43073118428479373,0.0,0.4170071050280533,0.0,0.0,0.0,0.0,0.4122465344151122,0.0,0.451275258897822,0.47172398074939004,0.0,0.0,0.0,0.44007852138516096,0.4066846309947947,0.48236897945774104,0.44229681693254863,0.0,0.39816245770842285,0.4977696820426832,0.47619740880027783,0.435264485059141,0.44349043244173575,0.3842313153412751,0.3757536071645412
0.40804065920942856,0.403100681886395,0.0,0.0,0.0,0.4209490982925079,0.4471681038327312,0.38142436988208545,0.0,0.32665789816655133,0.0,0.0,0.45295864041593176,0.0,0.3812433470542034,0.3705595893538054,0.43027965820796427,0.42307812081673485,0.0,0.3754989420686225,0.43036864893741683,0.0,0.3187729754169838,0.37000047051739005,0.4062380017666697,0.4062282181874297,0.4350836330005357,0.43259029322452763,0.38815609262797446,0.37038016323156253,0.3737663430228749,0.42848389157792743,0.3795517094417808,0.41061379902996015,0.4695657502110745,0.5046112662829212,0.0,0.0,0.44981437580447503,0.46226842146006586,0.4719226948492394,0.49643027794666417,0.0,0.0,0.0,0.3899971755285213,0.4568731309616446,0.0,0.0,0.0,0.44389381613515183,0.28512533350549146,0.49904090107257115,0.0,0.0,0.0,0.0,0.27891924708324783,0.0,0.5027243660951832,0.4607366183074102,0.3085942999255324,0.3896223300821312,0.0,0.474256750332893,0.48180764643791835,0.49085724277258846,0.4726335294199326,0.0,0.4382893178188116,0.49535558589751477,0.48242434215294966,0.3511476738218109,0.4470901339136188,0.0,0.4400756196654083
0.48895701120055424,0.45556395786306175,0.3825361474564053,0.3900753670562782,0.4275870271177936,0.40979616072974984,0.42349550145606707,0.3844072257355915,0.4354516822097424,0.4120258415518324,0.2513273011200305,0.0,0.42911943497100913,0.3806678030907678,0.3259689132344305,0.44544313795562884,0.3151653758901468,0.4693560672818001,0.33163018508742864,0.3014163770304419,0.42056077026895594,0.3187729754169838,0.0,0.4982353679410154,0.45944082599483177,0.46122679129038585,0.36051904308591776,0.43189936455226674,0.40424762580860235,0.42908452457590085,0.4488510296911556,0.41761708431661587,0.3673361293041272,0.4464423470147806,0.4567371959656807,0.3496944028725374,0.4304679115327671,0.0,0.49440495930947576,0.49035964299367474,0.5106116187486376,0.501914035685078,0.495363921442314,0.4107134702993583,0.0,0.0,0.43390764375912916,0.5332110458500311,0.0,0.5421879813910903,0.5143085959456074,0.5430651370997642,0.48762107279911543,0.5620296298534865,0.0,0.46256436734564,0.0,0.5270535421390373,0.5221176305007842,0.475653254754562,0.3322743759337685,0.0,0.0,0.3781585925615694,0.4810119345088304,0.4729881766970165,0.4800833880766194,0.5303746839047465,0.0,0.2892216466357372,0.48137036346179435,0.5390036358769621,0.5165116355754505,0.48551084873374467,0.5059107131559457,0.5125312437333481
0.3347569544436358,0.0,0.0,0.0,0.3624667634331957,0.32613249660238974,0.3935363119197499,0.5159859177909644,0.3432746707796446,0.34040660194880873,0.360879821987211,0.30077638928571904,0.3713790713601739,0.4268670500915678,0.43974487714001176,0.3691053820384342,0.38226615219591603,0.36492954449545983,0.32444255852855086,0.0,0.4622318613002276,0.37000047051739005,0.4982353679410154,0.0,0.3559799139220253,0.3207697724371708,0.47510655125081475,0.368722021866032,0.32324920780043787,0.0,0.3545600802201069,0.39706986906257075,0.25299813029289775,0.25283976557375637,0.35000659187993166,0.4117927434937881,0.0,0.25364227033741665,0.4492941342592144,0.3676964607560762,0.42006557969609076,0.0,0.0,0.0,0.34802192088052036,0.33455191904121334,0.0,0.0,0.0,0.0,0.0,0.0,0.0,0.0,0.46362219671933663,0.0,0.4629204820038003,0.0,0.0,0.0,0.4435480765151642,0.46116227880136457,0.4582192685574058,0.0,0.0,0.0,0.0,0.0,0.37218149946166446,0.4588526861551814,0.4513250913948334,0.0,0.0,0.0,0.0,0.45156364846840136
0.3678713919362489,0.38065629767200115,0.0,0.0,0.3392224049526445,0.3920805903124713,0.3761626355836365,0.48524951499231067,0.29847022427342906,0.36201196307473027,0.0,0.38695601958142867,0.4064339812458459,0.0,0.41218192498254497,0.3789871760391232,0.3523053673165678,0.36792095311402573,0.0,0.39829660888731794,0.43463230001058983,0.4062380017666697,0.45944082599483177,0.3559799139220253,0.0,0.35917860687776176,0.41171663027709804,0.4101867420268566,0.40904450641544604,0.0,0.3743955451245546,0.39269622908091933,0.32674251171142504,0.35426386911751334,0.39767954800650157,0.41929363679499243,0.0,0.33148012992446513,0.4412593203950024,0.42898027842953956,0.43996537053424917,0.45734996065680933,0.0,0.0,0.3795877117374368,0.43374931106661785,0.4630287860629095,0.0,0.0,0.0,0.271748562411072,0.0,0.4024902938793826,0.0,0.48124059075460357,0.0,0.4846724827889772,0.2948137128266761,0.0,0.416340540983764,0.4513011435907393,0.46213656011477894,0.45281296178232977,0.0,0.0,0.4358084187355876,0.449397692551817,0.32435839145718837,0.41329537979878517,0.45989126215088205,0.46844274356188326,0.34735754993930434,0.36920409505956736,0.0,0.0,0.4459806033424421
0.3661164563579228,0.38178413694081326,0.0,0.0,0.35693318430642856,0.4389285171618187,0.37365569632091344,0.49132576121157234,0.3812477796630301,0.3279220350648479,0.2673433619269618,0.3007998911549666,0.410732304662685,0.41435204507806744,0.4009131187784431,0.4283397446253834,0.3793804792187972,0.38195732450432224,0.2806714868377157,0.4523067519008963,0.39264003911820067,0.4062282181874297,0.46122679129038585,0.3207697724371708,0.35917860687776176,0.0,0.4692365061251309,0.3925681251800751,0.4258857667181828,0.0,0.3840248769523373,0.4161272678091546,0.36247669457252296,0.3760495716781787,0.42187599381452356,0.40919673634572934,0.0,0.32871064652629994,0.44356790989725464,0.44472315841796295,0.45769070442500526,0.4874948055324478,0.0,0.0,0.36836084376999567,0.45235433530171265,0.4782182400432757,0.0,0.0,0.0,0.39575555725411593,0.2930347904265029,0.48011197577315856,0.0,0.4808041459837311,0.0,0.4898325755493589,0.33218519677206443,0.0,0.49872800652753857,0.47628485909951407,0.4718077664336625,0.46295733194919775,0.0,0.4605355446851237,0.480455567290385,0.49248996267281114,0.4626408564292426,0.42140609056224815,0.4712781540851626,0.4819773168283144,0.4789326814017138,0.39214394561157007,0.42615487603621854,0.0,0.4480697929281714
0.4929560283072243,0.42165202810257024,0.32787681539479985,0.4050272586859518,0.4344949804786214,0.3835161615538101,0.42589583249122276,0.4797520461265961,0.35181271423213983,0.4018997433727314,0.3878996529039162,0.3214543083393466,0.43461885500684344,0.45390485038597345,0.43451181234184394,0.4430128531610195,0.0,0.4480425619852611,0.33616861549801447,0.38592715151705165,0.4514243160460517,0.4350836330005357,0.36051904308591776,0.47510655125081475,0.41171663027709804,0.4692365061251309,0.0,0.4431810080980577,0.3943970817978383,0.43620087217146114,0.44293201793129555,0.4241186145234956,0.3823192634201617,0.44261662059566126,0.4633951178662168,0.40662402302275513,0.444484741293922,0.30815705448144276,0.49171348534287834,0.43841320548257345,0.5118309435249878,0.5062298803842644,0.5003551284999015,0.26794136229915616,0.0,0.0,0.4112919371630136,0.5947782304139494,0.0,0.5112311141340318,0.5127785233070231,0.5489096549872801,0.5329002662674753,0.5750220961841758,0.0,0.5629975408223639,0.0,0.5407974144700598,0.5362974658916013,0.4914628288130095,0.279458680456268,0.0,0.32290375910262104,0.5758591186971684,0.4928407525047127,0.4844852743317754,0.5089248743442109,0.5403655013582354,0.0,0.2823771101797852,0.48485972795440124,0.5347463754990857,0.5243785823473618,0.48192048254277986,0.4831924448217859,0.5087908786591043
0.3893124992968306,0.43128118804491866,0.46338832043767403,0.20688623219469168,0.405563594534448,0.4090755810567952,0.3617257567947903,0.4228291938549293,0.44842531340265024,0.3764750956555763,0.4261233300573675,0.3902552771012123,0.3622527136921629,0.26487067513500395,0.4419717379071299,0.4634379564168166,0.3961139107155255,0.4276356626084451,0.44579556663101794,0.4036009193093682,0.45137885721964277,0.43259029322452763,0.43189936455226674,0.368722021866032,0.4101867420268566,0.3925681251800751,0.4431810080980577,0.0,0.35991493907186994,0.3498485749633463,0.3863397918342137,0.40815336586767414,0.37535506958093856,0.39487801441300746,0.41565969977096373,0.2873262777702754,0.2756144461395416,0.3345332309608348,0.4754532375132534,0.4015146895163996,0.5258555049435709,0.44493975296917626,0.3246856206339216,0.268189327942306,0.0,0.0,0.27137186048502354,0.39459139440279956,0.0,0.32510610137235424,0.4867546959494861,0.3497151166139293,0.4600751329593149,0.3485671940173952,0.41865029036229373,0.32340774762756447,0.3980785433367982,0.45577444467992795,0.3212918894259804,0.4486797833390756,0.28156082842607166,0.0,0.2925012529342256,0.31788725872521933,0.4842852382178643,0.4636511153056917,0.3498540467840764,0.5136306679533238,0.0,0.3130700427568029,0.3807661826638891,0.5085562455177698,0.5136254676463305,0.4592135045165656,0.3661598004999236,0.45945208870317233
0.41781032982777033,0.41811202756498905,0.0,0.3288930993832103,0.44479258540812455,0.34483807105310715,0.454476589414425,0.3910925251520783,0.43776714558958496,0.3206666732503558,0.0,0.2782146892191172,0.43054960920258245,0.0,0.40903470653311513,0.44743542308252837,0.35715203272649154,0.4421319280236119,0.0,0.3415101558415677,0.4274525040738064,0.38815609262797446,0.40424762580860235,0.32324920780043787,0.40904450641544604,0.4258857667181828,0.3943970817978383,0.35991493907186994,0.0,0.3638549449560437,0.3737959655850144,0.41579654085052825,0.3373123703059078,0.4062733062810652,0.4463230526244556,0.4618430224656307,0.39599332058974523,0.0,0.45849438787240954,0.35892579592811646,0.4139252446102527,0.4280298608773248,0.38332108871826875,0.3010263957768341,0.0,0.0,0.38466857133000776,0.4149621520111224,0.0,0.3537033942745652,0.47971355939563265,0.36944193878703163,0.47004398170158157,0.3399342335776484,0.0,0.3579549295736463,0.0,0.4958553830919002,0.0,0.44810103126835266,0.2768554526843876,0.0,0.27649133483746835,0.37155738868182714,0.45014044742478704,0.4497547708804984,0.3942163238030032,0.493543916909743,0.0,0.2691129288680647,0.430605044248928,0.4939529954162111,0.47942045972241915,0.4483220227127798,0.42307394241161633,0.44650648071860843
0.0,0.0,0.46397891882760245,0.0,0.0,0.4544081055358557,0.0,0.41755205476115187,0.44612091930868303,0.31669881892881296,0.0,0.0,0.41144033108044814,0.0,0.0,0.44659190934673565,0.0,0.39514374432922533,0.44042829636164804,0.35532577860549264,0.0,0.37038016323156253,0.42908452457590085,0.0,0.0,0.0,0.43620087217146114,0.3498485749633463,0.3638549449560437,0.0,0.3105832165835164,0.4053724558256669,0.0,0.3773979602626568,0.39098129770087797,0.0,0.36343871495556573,0.3669689626652073,0.0,0.0,0.0,0.0,0.0,0.0,0.0,0.0,0.0,0.0,0.0,0.0,0.43750123073371877,0.360781236696648,0.0,0.0,0.0,0.0,0.0,0.3558596137704441,0.0,0.0,0.0,0.0,0.0,0.0,0.0,0.0,0.0,0.49780864959471793,0.0,0.0,0.0,0.5053848869596449,0.40090155257934823,0.4344842643087344,0.0,0.0
0.3759901431011114,0.3773072961743212,0.46927326349690673,0.302483368196446,0.4430425851834147,0.45610765955727084,0.3904302379905954,0.4554277485690792,0.4649991776879314,0.3423522378586161,0.45856468946846235,0.366441860384502,0.415693267192103,0.42910908022832406,0.4063451440483146,0.390600502983776,0.36917789432462655,0.3917603381502081,0.4619522345499729,0.3826469458042061,0.39811993434329274,0.3737663430228749,0.4488510296911556,0.3545600802201069,0.3743955451245546,0.3840248769523373,0.44293201793129555,0.3863397918342137,0.3737959655850144,0.3105832165835164,0.0,0.41881794294987024,0.3314197174961729,0.3046255342116012,0.3029564571869411,0.3831856480207332,0.35275659416449145,0.2907819742965461,0.4212168271920988,0.40851856047864477,0.4428738074148378,0.0,0.0,0.0,0.39853579503184844,0.40547873770404996,0.43976072619291223,0.3964559610208175,0.0,0.0,0.4961187438769427,0.33136635513856283,0.472219729805358,0.33127523295399947,0.4600246974756929,0.0,0.46263363536405555,0.38011057971662005,0.0,0.47286395148395827,0.43552971191328177,0.433814085498754,0.45142272898103086,0.3772667510896811,0.0,0.0,0.4596898355898789,0.518445015922437,0.4156699197297828,0.4557237950297664,0.46006425633671244,0.5167208028282404,0.4715253906414278,0.4935311672371156,0.0,0.4112293690441831
0.41683016288345437,0.4143314313337237,0.44569109416418745,0.29736026245153874,0.3950836575591934,0.4141873875263046,0.39302042300439655,0.38816276185695725,0.4306079125803519,0.34747392943707495,0.37824595506765674,0.2664368601503558,0.3978900829619253,0.2098564836337504,0.4202275078673216,0.4365098127512858,0.4099853080726839,0.4471138161623297,0.4243739955580367,0.4344929379994937,0.40961122887586693,0.42848389157792743,0.41761708431661587,0.39706986906257075,0.39269622908091933,0.4161272678091546,0.4241186145234956,0.40815336586767414,0.41579654085052825,0.4053724558256669,0.41881794294987024,0.0,0.3405360752581093,0.37519859972943115,0.36856421044564747,0.2640373933985812,0.32775870069255664,0.25764045905850574,0.28236061709516996,0.3145730484838694,0.35156120755570636,0.33248011142743195,0.28382766329329234,0.27154740790052423,0.23271804001373264,0.4247259917926728,0.45896409160332996,0.4376937088428884,0.0,0.3736322650685808,0.4864658464652913,0.4698339877042594,0.4580666995456145,0.3967056463673164,0.40721279960015505,0.39582978414557235,0.30507398242573736,0.4320576513040783,0.0,0.48400069682331975,0.42958297508614124,0.3880004423049603,0.4005925300523247,0.3958952314859142,0.4500667546272091,0.45345596620801687,0.4713938555862233,0.4990448790025555,0.42970714966362206,0.4495217428418306,0.46066977207774035,0.4997365530638811,0.3579239085195336,0.46772587969136653,0.4848040763098772,0.4307478883475206
0.35831028528721154,0.3549305212470891,0.0,0.0,0.3423978734277611,0.3706337931656211,0.3609101017823257,0.0,0.39515179508163517,0.33231358330993294,0.3555911861404337,0.32221846177807834,0.3881352935737027,0.0,0.3918529418143652,0.3897183756331598,0.33405571289062586,0.3599553755341588,0.3437415110397987,0.35424812749748513,0.3823922862792902,0.3795517094417808,0.3673361293041272,0.25299813029289775,0.32674251171142504,0.36247669457252296,0.3823192634201617,0.37535506958093856,0.3373123703059078,0.0,0.3314197174961729,0.3405360752581093,0.0,0.26606294212385495,0.41684752890940097,0.46175114353226654,0.0,0.1966718448683733,0.2900119110521791,0.3132666976063387,0.35340047663223945,0.33225042049332915,0.26103485980225505,0.2310555555201533,0.31481948994382875,0.4039170601678574,0.44721232209973605,0.0,0.0,0.0,0.0,0.0,0.0,0.0,0.4069390975695193,0.0,0.4128333942244332,0.0,0.0,0.48610493589227216,0.44712009064083913,0.3895354455412738,0.40940879680478925,0.0,0.42817454024417845,0.4290375556173944,0.4722924302523182,0.47553788794053675,0.37719370016230247,0.4306064303194369,0.4429774820218929,0.0,0.3217090829346395,0.40616845485008923,0.0,0.4014040438518599
0.3681821374412689,0.378009440085659,0.47542146245831207,0.26740340649193217,0.42987515549448113,0.44214430895507373,0.3910890002705818,0.4508943592540837,0.45205868332160715,0.2988447087721104,0.427018269704518,0.2731977271284196,0.40350693267072135,0.4548244970515479,0.4153973392720898,0.394963858755706,0.3609264289178807,0.38786662509316994,0.4442918400844552,0.4208730146548954,0.38817685604107227,0.41061379902996015,0.4464423470147806,0.25283976557375637,0.35426386911751334,0.3760495716781787,0.44261662059566126,0.39487801441300746,0.4062733062810652,0.3773979602626568,0.3046255342116012,0.37519859972943115,0.26606294212385495,0.0,0.31087834716173324,0.3906318061733626,0.2674524545562056,0.20550253351367642,0.34946081469065066,0.38636643178852703,0.4505507896767572,0.37967976354208044,0.0,0.259745188122937,0.34118828256396005,0.42153016258869114,0.4438762734376089,0.3666709263797553,0.0,0.0,0.4999090158297207,0.36498327528523045,0.0,0.3412124590586748,0.43025661082431144,0.0,0.4485922461827827,0.46119616209118586,0.0,0.4807688252289838,0.44533994048674214,0.4336388860029503,0.4491202949895792,0.0,0.4576919485942923,0.4396932463912152,0.4691859218530766,0.5130987816864193,0.3928953979984051,0.4548440152670024,0.4630559335285136,0.515936348816818,0.28341949730266836,0.4734712159969881,0.0,0.42998923205305073
0.42267716320151016,0.43011928626386503,0.48431053722957285,0.24839864690234476,0.0,0.45280120490334774,0.424543672644506,0.44435277598166834,0.4605721260757385,0.33081224836671835,0.4128979338970305,0.30423488340074234,0.41939590521041503,0.0,0.4610469042811441,0.4476332927548115,0.3904480939536799,0.44644365360153976,0.4571979516911383,0.46341966950853,0.45327991164493714,0.4695657502110745,0.4567371959656807,0.35000659187993166,0.39767954800650157,0.42187599381452356,0.4633951178662168,0.41565969977096373,0.4463230526244556,0.39098129770087797,0.3029564571869411,0.36856421044564747,0.41684752890940097,0.31087834716173324,0.0,0.41581787704927115,0.332318682317073,0.23819978546724596,0.32399030050229355,0.4729859949134181,0.3876265532067288,0.36073765900705107,0.2959602775844999,0.2833785511595284,0.0,0.0,0.4761378111069808,0.0,0.0,0.0,0.46394507132609636,0.4113377512311266,0.0,0.0,0.4871451615569082,0.0,0.4906999900357655,0.2883340851078264,0.0,0.5103872591632882,0.4648376567566656,0.4370255789312076,0.45756188541504705,0.0,0.47206001768732875,0.5066410711480385,0.5040217695956686,0.5217239432194479,0.4162851043933196,0.4851626015885148,0.492823767831862,0.5173709313502317,0.2645413632409807,0.4647697394470167,0.0,0.4272078301078345
0.40767919939752567,0.35077613984808503,0.41649195649919085,0.15817981077029655,0.25634164393117503,0.3993386130408875,0.31828392731785166,0.25653863293668605,0.41584055843703177,0.32797066996368485,0.26939239762849315,0.39169938225483236,0.3508518671348797,0.195139167241391,0.0,0.37950497755065055,0.4371048706450773,0.0,0.3967433523120772,0.4921698488397441,0.4140247211465312,0.5046112662829212,0.3496944028725374,0.4117927434937881,0.41929363679499243,0.40919673634572934,0.40662402302275513,0.2873262777702754,0.4618430224656307,0.0,0.3831856480207332,0.2640373933985812,0.46175114353226654,0.3906318061733626,0.41581787704927115,0.0,0.2033831928999931,0.33914207003844005,0.26266412337736983,0.0,0.0,0.0,0.3910410479582059,0.3224789622721693,0.0,0.0,0.0,0.4931203247402867,0.0,0.35493387953029054,0.4354488015722966,0.40303919127045457,0.3767529320212657,0.4741240868490101,0.0,0.404137300067246,0.0,0.394544374001242,0.4230775830880913,0.0,0.0,0.0,0.0,0.4870465982707695,0.0,0.0,0.0,0.48128625071958997,0.0,0.0,0.0,0.4827688667772435,0.40164996972088596,0.0,0.0,0.0
