0.0,0.41599293105205903,0.0,0.0,0.0,0.45047675940754117,0.3265514576645191,0.5378581353792274,0.3233595987967579,0.41945470176193483,0.0,0.4154400748506985,0.38209238656191946,0.0,0.3922298883596312,0.3994870866921807,0.0,0.3799359172277773,0.0,0.39944416093674506,0.39653368557625246,0.4135307082982573,0.5106632971777229,0.39498521104924095,0.3942561184711561,0.4189433018206954,0.48245073715394676,0.3822686754427699,0.4055373983733634,0.3173950992073513,0.37882122798824314,0.4094920552059736,0.34889374243107224,0.38469602904084776,0.36773899473790284,0.0,0.0,0.0,0.45342889313767615,0.4242069169180236,0.4590152987552773,0.0,0.0,0.0,0.0,0.4336334074608297,0.46696522335304524,0.0,0.0,0.0,0.0,0.0,0.0,0.0,0.0,0.0,0.0,0.0,0.0,0.0,0.4670485549264442,0.0,0.46322335315136376,0.0,0.0,0.44905615605851157,0.47164925810585234,0.0,0.0,0.46505587331102105,0.482467179782663,0.0,0.0,0.0,0.0,0.4056854142341664
0.41599293105205903,0.0,0.4060048665567945,0.0,0.442811585812359,0.44734776891115174,0.4819593214794904,0.515421158590838,0.46616650485183786,0.3393607077637414,0.0,0.29169074892297825,0.4683585558811627,0.0,0.43027873830843705,0.42576484526604597,0.0,0.4150381547679638,0.0,0.41620262431988336,0.4244876326012196,0.40060636850471437,0.4826969910850694,0.31695009262530816,0.4025210732001804,0.41925653559812237,0.42675410034288497,0.44343053887450407,0.4484274472739514,0.4276086546147959,0.35536639185521635,0.41881467469937184,0.35304173825896035,0.3745138300337325,0.39082495372289394,0.369873741208339,0.0,0.0,0.4638048087169871,0.45043389071615264,0.4590717603600758,0.48801530490111383,0.0,0.0,0.0,0.4641044089784907,0.4651071846478706,0.0,0.0,0.0,0.42580825407640976,0.0,0.43447002426514975,0.0,0.0,0.0,0.0,0.3198008852687907,0.0,0.4973559349468715,0.4630459417906448,0.0,0.4560548805392715,0.0,0.45339637805905686,0.49080804574632797,0.47260638361524,0.4623351506916376,0.0,0.4491558675646891,0.4913245985002434,0.464283182125673,0.3622775678740302,0.47077821215779514,0.0,0.4406019542794699
0.0,0.4060048665567945,0.0,0.373642282790657,0.4160923677042147,0.4241871680001587,0.4442037960771238,0.499439753094692,0.36127568086343353,0.42713472991787205,0.3016527615027703,0.3488114775475376,0.44078966564061767,0.43842715945512767,0.0,0.0,0.38906108509214815,0.0,0.2721708505628396,0.0,0.38024764044323617,0.0,0.40905197112559144,0.3591491699503587,0.33026808670600405,0.35622412733354014,0.3784220572892232,0.46164943387972207,0.4258913873455295,0.46999188157481586,0.4629198600785213,0.45377828230664247,0.3641489937607985,0.466287833381903,0.0,0.38921149939647526,0.3981013861987685,0.352227418777024,0.5721846605086472,0.0,0.428153723205,0.0,0.5683237386467102,0.0,0.0,0.0,0.0,0.30428138517183123,0.0,0.5883311949243363,0.5828876508923712,0.5702588107138111,0.6549693527792889,0.565296020657428,0.0,0.3100892989648959,0.3357859458487277,0.5341277912882282,0.0,0.0,0.0,0.0,0.0,0.18774837143928202,0.0,0.0,0.0,0.5960452702943345,0.0,0.0,0.0,0.5979936769131113,0.4990401711636109,0.0,0.0,0.0
0.0,0.0,0.373642282790657,0.0,0.35483411537897436,0.4227175607288227,0.33178972155233183,0.33755139585230376,0.4436193521413501,0.36809628960415264,0.42207740411640254,0.2978191785001886,0.3365805483598208,0.3194496233155288,0.0,0.4062992037358858,0.0,0.0,0.4139458885001586,0.46528510208519486,0.0,0.4542139267721718,0.4121980302030389,0.0,0.0,0.0,0.4190917521359006,0.2574658716216143,0.0,0.0,0.2696167902167146,0.3025156533720228,0.0,0.301662193116444,0.3269452073958984,0.21940732784029976,0.18263547038079433,0.3136547724764014,0.2639789928224475,0.0,0.0,0.0,0.0,0.0,0.0,0.0,0.0,0.0,0.0,0.0,0.0,0.0,0.0,0.0,0.0,0.0,0.1953590711649558,0.0,0.0,0.0,0.0,0.0,0.0,0.0,0.0,0.0,0.0,0.0,0.0,0.0,0.0,0.0,0.0,0.0,0.0,0.0
0.0,0.442811585812359,0.4160923677042147,0.35483411537897436,0.0,0.4278486046655662,0.37166400669916644,0.4585499223068406,0.3784782417515487,0.4924478544984969,0.32368705082566307,0.41492099702296426,0.4366760724251597,0.3556986450219133,0.4202677880603153,0.4561347214078699,0.4410095638282739,0.4130258873894399,0.35391271412425207,0.4838639289908501,0.3730681411315306,0.47486035292557893,0.43632264914164287,0.4263670251418713,0.4114443488453362,0.4112920804131762,0.4252720018161616,0.3961233491519654,0.46014097160593803,0.0,0.46276900058661347,0.4276374185641768,0.42144175659994976,0.46387022018434443,0.0,0.29763212783333404,0.31487190098159745,0.41823802736054816,0.0,0.0,0.0,0.0,0.541460936675896,0.0,0.0,0.0,0.0,0.5565329193041939,0.0,0.0,0.5183315738720828,0.0,0.5363059730086315,0.5426368424421963,0.0,0.28612502187531064,0.0,0.38865926057913813,0.0,0.0,0.0,0.0,0.0,0.32254206883669206,0.0,0.0,0.0,0.5571199871266895,0.0,0.0,0.0,0.5175837630190541,0.0,0.0,0.0,0.0
0.45047675940754117,0.44734776891115174,0.4241871680001587,0.4227175607288227,0.4278486046655662,0.0,0.4524482583625211,0.47111633975875916,0.3989475596106237,0.4704522063556345,0.4455858968763347,0.39297222971296,0.41210908334823554,0.43104071549025663,0.4442359729349761,0.4680997756812,0.36306891984624756,0.4852642069661518,0.4518897749996222,0.44786980516105357,0.4654348395698781,0.463880831357522,0.43572871560863236,0.3426284486241724,0.42060855702401123,0.4433830421613909,0.41384858026114507,0.44461289371492313,0.42967495385222465,0.47710926503177487,0.4652381236598592,0.4493452321306045,0.43477588590344124,0.47146305730828814,0.4498373382271429,0.45973236302958004,0.43767738080687074,0.38712105241429917,0.4812636020860857,0.33155787105814016,0.4581294247240394,0.41565012052438205,0.5263334837617545,0.291998543250399,0.3938015195482882,0.3637752389531814,0.3747772301926964,0.5738308899745138,0.0,0.5172969569983079,0.5571009833353777,0.5536147571255069,0.5570507096180131,0.5812865434273443,0.0,0.5918200654487272,0.3650979401586296,0.543002930508664,0.0,0.485867334254765,0.31178409388417916,0.0,0.0,0.6181017207604381,0.47882359523813306,0.46189670014064477,0.458922314635556,0.5560463008838162,0.28143552923059956,0.32333122977617373,0.43804076217009275,0.5456889172209121,0.5886915172041038,0.5147979922397721,0.5360883350497216,0.5333981511250457
0.3265514576645191,0.4819593214794904,0.4442037960771238,0.33178972155233183,0.37166400669916644,0.4524482583625211,0.0,0.46403160821005673,0.4353150564335747,0.45495094425745575,0.44197129942414076,0.3652358671835272,0.38566034967506346,0.37686418571591257,0.45430100962916126,0.4990211832603504,0.43118523216548155,0.47364245769326974,0.44888097780198044,0.4758666723912491,0.4254190107942608,0.4842034433591014,0.4582807017347304,0.38329425928309035,0.4466797143942347,0.44205493098396437,0.454239256527581,0.37518421908238353,0.46533090022026596,0.0,0.4296364557391632,0.42667187823474323,0.41003187632253074,0.4420573469102955,0.0,0.3142516728111092,0.30990869173750907,0.3730155331000921,0.27197179522529485,0.35577113995072995,0.21266137161718682,0.2852267232669894,0.0,0.23444201854395333,0.3107586384969536,0.0,0.36628866550834416,0.5079375191715423,0.0,0.0,0.519084350926072,0.0,0.4668606009482252,0.48235992311246967,0.0,0.33931152402423764,0.3162829018148907,0.37262546292525267,0.0,0.3912246102228128,0.0,0.0,0.0,0.0,0.0,0.0,0.37113620801403563,0.528807021267012,0.2182950004232945,0.3413151272012268,0.3639880553945508,0.5199371487981232,0.3993084318488837,0.3922786090569877,0.0,0.0
0.5378581353792274,0.515421158590838,0.499439753094692,0.33755139585230376,0.4585499223068406,0.47111633975875916,0.46403160821005673,0.0,0.5238517535953351,0.42975227887696554,0.36078266363224576,0.0,0.46774511500278176,0.3812731997662379,0.45470377517752075,0.48383853431548385,0.0,0.4867241075282591,0.47000693229237356,0.4308669967761875,0.44141855680778297,0.4914330298872937,0.4298482749029403,0.5500539312519211,0.4978776478208402,0.5231421693852523,0.4736035225871065,0.47013965936746166,0.46053297215429617,0.46287775177726553,0.46415220478719016,0.4231201448870089,0.4834359279090219,0.4635794043175204,0.4370086984595386,0.2989766212085421,0.4612364188193616,0.374797470759588,0.515083949416471,0.0,0.5427840797454256,0.0,0.5127064058607486,0.0,0.0,0.0,0.0,0.5803181761207724,0.0,0.563873937385347,0.5563762765253945,0.535638308894979,0.5147632979965993,0.5892565014028992,0.0,0.5597471060958408,0.0,0.5285388200648453,0.0,0.528055931295719,0.0,0.0,0.0,0.5898288895254348,0.0,0.0,0.0,0.5527745112118969,0.0,0.3635345322736184,0.4467128212001233,0.535323355053234,0.5643977883731099,0.5451430196175194,0.5115994787274425,0.513862701887413
0.3233595987967579,0.46616650485183786,0.36127568086343353,0.4436193521413501,0.3784782417515487,0.3989475596106237,0.4353150564335747,0.5238517535953351,0.0,0.49238922544745956,0.3135608242383294,0.409730831907389,0.4252485460485295,0.4397251847696055,0.31874051195893605,0.43773098267886756,0.37316526434422137,0.34010885216379866,0.30164527993356655,0.4580478698143466,0.3667026646430518,0.4725760922563358,0.44553645089127636,0.3874500883990928,0.38060097675823124,0.38683058752833854,0.39813607312473476,0.4610677970815382,0.44742094305498853,0.46490143167287623,0.46701641459320326,0.4459201761279245,0.41721454824357496,0.46447776911013816,0.43105639663332884,0.41569364228600464,0.42011273974111024,0.414524432276853,0.5808172516337522,0.308394154811334,0.30478986739856057,0.29167036519104106,0.5634555962193375,0.0,0.35503697184579824,0.0,0.33403380202757316,0.596295931028315,0.0,0.5516757717265979,0.5746128503650538,0.5294237183269115,0.5876940886787456,0.5983807560750025,0.2909744187795629,0.3121436642093774,0.37366639317052425,0.4969365699200642,0.5620757179267409,0.3752620637368835,0.0,0.0,0.0,0.5838997442839766,0.0,0.3359649568184275,0.3562393531592268,0.5809949744329501,0.3502722783499411,0.0,0.3548178420008252,0.5622304275398297,0.47981154911362345,0.41807734795992113,0.0,0.4264936551074025
0.41945470176193483,0.3393607077637414,0.42713472991787205,0.36809628960415264,0.4924478544984969,0.4704522063556345,0.45495094425745575,0.42975227887696554,0.49238922544745956,0.0,0.4554250695950009,0.3099412119855743,0.44871324727746975,0.4664501235612931,0.0,0.4322021158498334,0.35593681641258945,0.37782792238335977,0.44560875015923523,0.0,0.0,0.3708181755936917,0.4542773036532397,0.321313859049923,0.3564007265908232,0.3381463468337309,0.46647768711287574,0.4080396459927035,0.3893886720705373,0.0,0.329869044552371,0.2951813890539581,0.3504190172591563,0.3677166496965723,0.33756449329462446,0.3375789572772166,0.28438711803389544,0.30420667533940565,0.24163674135259583,0.36931577396330767,0.3311638195464274,0.0,0.0,0.21589388785880032,0.2960369494762213,0.4449567759478106,0.0,0.0,0.0,0.0,0.0,0.0,0.0,0.0,0.4876441706723653,0.3595504347309526,0.4856030206100361,0.43204462164193186,0.0,0.0,0.0,0.46781941437832136,0.45390785246415805,0.0,0.0,0.0,0.0,0.0,0.4749903776347873,0.45762976185943494,0.4944775982313249,0.0,0.40877110076359796,0.0,0.0,0.45078214313110576
0.0,0.0,0.3016527615027703,0.42207740411640254,0.32368705082566307,0.4455858968763347,0.44197129942414076,0.36078266363224576,0.3135608242383294,0.4554250695950009,0.0,0.39912763892203906,0.4339313868376034,0.3357761582110322,0.0,0.0,0.38470758154785845,0.3724084090181472,0.23906582103465027,0.0,0.0,0.0,0.33144007860187435,0.39750070661732606,0.3882704184595318,0.35099594233214304,0.4347701291360866,0.42182546516312047,0.0,0.0,0.4553331521006563,0.34206558837428713,0.388197303700617,0.4512775627085001,0.0,0.29092715658331136,0.3844932180602329,0.3912074093947988,0.0,0.0,0.30420213765277415,0.0,0.48829792660312543,0.0,0.0,0.0,0.0,0.28948307844587623,0.0,0.29223440003677376,0.540103842212323,0.4099537825327814,0.5928960260310963,0.26361424022886937,0.0,0.20187071116303984,0.31921977398181156,0.36024269252648755,0.0,0.0,0.0,0.0,0.0,0.19688150973811436,0.0,0.0,0.0,0.5976482438776103,0.0,0.0,0.0,0.5498769358441086,0.32925443786758185,0.0,0.0,0.0
0.4154400748506985,0.29169074892297825,0.3488114775475376,0.2978191785001886,0.41492099702296426,0.39297222971296,0.3652358671835272,0.0,0.409730831907389,0.3099412119855743,0.39912763892203906,0.0,0.38362615339017747,0.0,0.0,0.3160181170332308,0.4165127703889181,0.4136885191951972,0.36614118927727485,0.37176077884486475,0.4224007874752955,0.0,0.4154378615874651,0.29709269796149834,0.42147274266050505,0.3561677463750446,0.36886982145105035,0.3327950065448935,0.353973661130746,0.3356034474615144,0.32483219340593067,0.26419616779448907,0.3036680689612098,0.2768808797132413,0.31485214249957105,0.3030733008720157,0.26684468121187516,0.2215515450841658,0.25823810651576745,0.35338827524592775,0.2905685898499806,0.42784327657047366,0.0,0.23357257681527546,0.19972848621049094,0.3965546739538582,0.0,0.0,0.0,0.0,0.0,0.3540002108649588,0.35541938098740306,0.41779291634865323,0.47780867385126086,0.380212618766093,0.4506548186071628,0.37519953777462145,0.0,0.0,0.0,0.48391088228172363,0.44470723677729357,0.0,0.0,0.0,0.0,0.44058957041791347,0.3541210377618923,0.46481368630110337,0.49443172799067076,0.0,0.3521281315863461,0.0,0.0,0.3518805526467603
0.38209238656191946,0.4683585558811627,0.44078966564061767,0.3365805483598208,0.4366760724251597,0.41210908334823554,0.38566034967506346,0.46774511500278176,0.4252485460485295,0.44871324727746975,0.4339313868376034,0.38362615339017747,0.0,0.38128123212719384,0.45654461746903263,0.48077332068634776,0.4672243404422751,0.4840618452205483,0.4396271948136993,0.4578205096001813,0.4564542848265966,0.4783243490208988,0.4552145981561767,0.3745512699385436,0.4461262103938448,0.451669543746831,0.45468876732805086,0.37259365932202304,0.435949939955216,0.42985245086870766,0.4107951729441258,0.4264460424744093,0.4176898772125252,0.44247959594118264,0.3891253088235632,0.34208892337895286,0.3331287987907245,0.3746455388109516,0.3223976978908798,0.31495944032779427,0.2557833717456175,0.28413451513727134,0.259002540443927,0.24611991093016816,0.35315725595542447,0.0,0.33236843921429354,0.4935816258082483,0.0,0.0,0.5562173750204166,0.4183452205103106,0.524524781210892,0.460730939216516,0.38246142257536253,0.3566448559417302,0.3470204297820475,0.3309237419080183,0.0,0.39779359576729584,0.31817973249455167,0.0,0.0,0.0,0.43913622975496525,0.4224691795170257,0.3559900720808855,0.5298931944822429,0.3734436990846912,0.3550127913091486,0.38935780568207007,0.5325239042361175,0.4141483513528326,0.45471884578902416,0.0,0.3177272282670477
0.0,0.0,0.43842715945512767,0.3194496233155288,0.3556986450219133,0.43104071549025663,0.37686418571591257,0.3812731997662379,0.4397251847696055,0.4664501235612931,0.3357761582110322,0.0,0.38128123212719384,0.0,0.0,0.0,0.0,0.0,0.3947909712638698,0.0,0.0,0.0,0.3959069997780408,0.0,0.0,0.0,0.43417260207547037,0.3028879632087656,0.0,0.0,0.0,0.2921411187142932,0.0,0.0,0.0,0.2637782384781526,0.19531274725802128,0.0,0.5390969373518232,0.0,0.0,0.0,0.0,0.0,0.0,0.0,0.0,0.5781194676880663,0.0,0.0,0.0,0.0,0.5198135382206686,0.0,0.0,0.38161742493406664,0.0,0.0,0.0,0.0,0.0,0.0,0.0,0.0,0.0,0.0,0.0,0.5296939566788158,0.0,0.0,0.0,0.0,0.0,0.0,0.0,0.0
0.3922298883596312,0.43027873830843705,0.0,0.0,0.4202677880603153,0.4442359729349761,0.45430100962916126,0.45470377517752075,0.31874051195893605,0.0,0.0,0.0,0.45654461746903263,0.0,0.0,0.42891987626985306,0.0,0.0,0.0,0.3377805670873306,0.3836909613333961,0.40462335889971873,0.3744337701261772,0.4033798238339775,0.40016503176771756,0.3789236179675806,0.3958619823573491,0.4301020389280168,0.4176311296444301,0.42569234518996923,0.39883783167129905,0.43455609375401955,0.4148548740571375,0.41789033708423506,0.4460802859809733,0.5027661730862498,0.0,0.0,0.49484748670890044,0.4942410606625163,0.5090229787498476,0.5113085015698604,0.501913024460477,0.0,0.0,0.0,0.49865288381639505,0.0,0.0,0.0,0.48653813326240797,0.0,0.5309890335415107,0.0,0.0,0.0,0.0,0.4190373287006426,0.0,0.5161156097560345,0.4625975266692919,0.0,0.3578205556508412,0.0,0.4936168322281504,0.4830124319574037,0.5110629185144794,0.48955555146007473,0.0,0.41889405923821554,0.534698868540151,0.4847029094008481,0.4828174482089705,0.47857256431971795,0.4650039903812203,0.4759306583689498
0.3994870866921807,0.42576484526604597,0.0,0.4062992037358858,0.4561347214078699,0.4680997756812,0.4990211832603504,0.48383853431548385,0.43773098267886756,0.4322021158498334,0.0,0.3160181170332308,0.48077332068634776,0.0,0.42891987626985306,0.0,0.422337365446656,0.3926439357205328,0.0,0.4357074465947063,0.42607103782101663,0.4133934621901028,0.47113786279727016,0.34760400289553844,0.3995053329217643,0.42420228150906303,0.45089749676803104,0.48046107027901735,0.46090660434034053,0.4289290412209952,0.3739797977438605,0.4376716880797423,0.39443706133225975,0.40384129606455227,0.4190161715433849,0.0,0.0,0.0,0.44416566743328956,0.43546725192364216,0.44942171348876303,0.0,0.0,0.0,0.0,0.45523341322465644,0.4574200617762985,0.0,0.0,0.0,0.30938278613957304,0.0,0.0,0.0,0.0,0.0,0.0,0.0,0.0,0.4621932741758346,0.45304327870292876,0.0,0.44310773556028715,0.0,0.0,0.46464786142932485,0.4658669252666512,0.3716744763665126,0.0,0.44252342063539163,0.4797500624195362,0.0,0.0,0.0,0.0,0.4336037444845296
0.0,0.0,0.38906108509214815,0.0,0.4410095638282739,0.36306891984624756,0.43118523216548155,0.0,0.37316526434422137,0.35593681641258945,0.38470758154785845,0.4165127703889181,0.4672243404422751,0.0,0.0,0.422337365446656,0.0,0.3286640400738733,0.38853105669773186,0.38705687145444745,0.0,0.4034563834100691,0.0,0.3908065956063103,0.34939110407670126,0.42766850753314806,0.37372234894551015,0.4436086265312422,0.3818009780376608,0.30112539904222585,0.38136134616718437,0.43208530802267947,0.3730260165205482,0.3994707369771793,0.35464703770586187,0.49499625430667155,0.0,0.33284728234434824,0.0,0.36495030001176115,0.41723459406257457,0.0,0.0,0.0,0.0,0.42039781372666596,0.0,0.0,0.0,0.0,0.0,0.0,0.0,0.0,0.4809598432922149,0.0,0.5005270833828515,0.0,0.0,0.0,0.0,0.45039205906106833,0.44287146609098044,0.0,0.0,0.0,0.0,0.0,0.46304656339569883,0.44330955684853857,0.47326061421343235,0.0,0.0,0.0,0.0,0.40979998248935756
0.3799359172277773,0.4150381547679638,0.0,0.0,0.4130258873894399,0.4852642069661518,0.47364245769326974,0.4867241075282591,0.34010885216379866,0.37782792238335977,0.3724084090181472,0.4136885191951972,0.4840618452205483,0.0,0.0,0.3926439357205328,0.3286640400738733,0.0,0.0,0.4443408694487543,0.42399253458114516,0.4336520030075286,0.4706854069157141,0.3879050489653426,0.35100386661363986,0.4162485517760057,0.47794577548008677,0.456768838728746,0.4570143316849884,0.40761491898667795,0.3789930488889984,0.4165541677572337,0.3726043395478908,0.40086916097693426,0.391972233193476,0.0,0.0,0.0,0.4396642113145931,0.4095066081804433,0.43452671027816997,0.4499947052887425,0.0,0.0,0.0,0.4393718084828153,0.43428616141797416,0.0,0.0,0.0,0.3410929360837723,0.0,0.0,0.0,0.4555350290747009,0.0,0.4686197656056564,0.0,0.0,0.0,0.44117330142771455,0.44114862094367924,0.43569218454936165,0.0,0.0,0.3922229893417042,0.4326071005686336,0.0,0.46836680068105635,0.4383796718106518,0.46442462071217494,0.0,0.0,0.0,0.0,0.42706770175804953
0.0,0.0,0.2721708505628396,0.4139458885001586,0.35391271412425207,0.4518897749996222,0.44888097780198044,0.47000693229237356,0.30164527993356655,0.44560875015923523,0.23906582103465027,0.36614118927727485,0.4396271948136993,0.3947909712638698,0.0,0.0,0.38853105669773186,0.0,0.0,0.0,0.0,0.0,0.34049727751393577,0.35751320240477746,0.3193469842236681,0.3646801195206075,0.4187310217897645,0.4369251499703122,0.0,0.0,0.44355147050986177,0.4092863465965785,0.3680337727855418,0.4279639419605987,0.0,0.37387618341674766,0.3948375685518003,0.3791507289349826,0.5422761855881115,0.0,0.34939313030921243,0.0,0.5335036210538177,0.0,0.0,0.0,0.0,0.4212209019940668,0.0,0.27602131398447466,0.5759370526654927,0.5092986308470546,0.6098048769422774,0.5635971401816721,0.0,0.2230045952141871,0.0,0.44685082618141253,0.0,0.0,0.0,0.0,0.0,0.21643783672150346,0.0,0.0,0.0,0.6016884102439461,0.0,0.0,0.0,0.569262649624472,0.0,0.0,0.0,0.0
0.39944416093674506,0.41620262431988336,0.0,0.46528510208519486,0.4838639289908501,0.44786980516105357,0.4758666723912491,0.4308669967761875,0.4580478698143466,0.0,0.0,0.37176077884486475,0.4578205096001813,0.0,0.3377805670873306,0.4357074465947063,0.38705687145444745,0.4443408694487543,0.0,0.0,0.40872959488409105,0.34788811013894644,0.239259220614605,0.0,0.4183897856496563,0.42443605890494457,0.33565077628150375,0.4066539438989258,0.3605192053844092,0.3775905511397036,0.3619437426883575,0.43623292888964693,0.4044568317345589,0.4095068236650622,0.4386151119389676,0.47136671047453643,0.44561547580351735,0.0,0.45914778222614294,0.4955234056708828,0.4565461559031844,0.4495786331279341,0.4187628550670631,0.0,0.0,0.0,0.4501467163583297,0.3695402186771069,0.0,0.0,0.48374983145723816,0.3712056685108055,0.5031032074998365,0.37141023655042504,0.0,0.0,0.0,0.416539473670606,0.0,0.5141197803578164,0.37556977926595103,0.0,0.35263110041950707,0.0,0.4812559352898297,0.5013940157452208,0.4991272248960906,0.5015088880944587,0.0,0.33702832032844254,0.5008202433119111,0.4861044141938456,0.5091512805297606,0.4855377533475456,0.41369362869066584,0.47179580882001415
0.39653368557625246,0.4244876326012196,0.38024764044323617,0.0,0.3730681411315306,0.4654348395698781,0.4254190107942608,0.44141855680778297,0.3667026646430518,0.0,0.0,0.4224007874752955,0.4564542848265966,0.0,0.3836909613333961,0.42607103782101663,0.0,0.42399253458114516,0.0,0.40872959488409105,0.0,0.4374006271770972,0.44638474419363033,0.480820440693943,0.4240382521399067,0.42172032998739367,0.4208304650978544,0.45696711680538166,0.4528214199251047,0.430670701832499,0.3864969944037184,0.43226663088813705,0.40144401647534694,0.4117259172748613,0.44759399093552066,0.45472577560880006,0.0,0.0,0.47240548777157215,0.4340689879425682,0.46815686405411305,0.0,0.0,0.0,0.0,0.3811246980057395,0.4802994279136094,0.6001021865542869,0.0,0.0,0.5041840734357763,0.0,0.5463519122266154,0.0,0.0,0.0,0.0,0.4467228562159831,0.0,0.484473878126499,0.4727557690872081,0.0,0.0,0.0,0.466723990922668,0.4148940490154439,0.4863042607543445,0.5011704509217549,0.0,0.40648299083517037,0.5077045748191461,0.49779564095377443,0.5189918705095035,0.4770430425252002,0.4591345422867381,0.4546133415757283
0.4135307082982573,0.40060636850471437,0.0,0.4542139267721718,0.47486035292557893,0.463880831357522,0.4842034433591014,0.4914330298872937,0.4725760922563358,0.3708181755936917,0.0,0.0,0.4783243490208988,0.0,0.40462335889971873,0.4133934621901028,0.4034563834100691,0.4336520030075286,0.0,0.34788811013894644,0.4374006271770972,0.0,0.4324561133147198,0.0,0.42307906613181656,0.40645136604462445,0.41643461016995964,0.43021161051392165,0.43281694634327633,0.39970029665411083,0.37686371051606327,0.4388380950448766,0.4063194310889163,0.4079664932922088,0.43496357826995463,0.4889847420190159,0.45325549544355925,0.0,0.4701155217485313,0.48124629522061696,0.4914101334487241,0.4630992238462483,0.48714289223756363,0.0,0.0,0.4649570254617049,0.46956984272897306,0.4059679630595088,0.0,0.0,0.471593577554606,0.31996178555099053,0.0,0.0,0.0,0.0,0.0,0.34506452430375684,0.0,0.5201694721657815,0.47525552137638916,0.0,0.4342957009014151,0.0,0.49571885031306,0.5030269395196062,0.4945818357070993,0.4932751510542257,0.0,0.45445027554598416,0.5025295829048432,0.4894658053747723,0.42718315650536587,0.49173798981720307,0.4581461546473243,0.47063361083783717
0.5106632971777229,0.4826969910850694,0.40905197112559144,0.4121980302030389,0.43632264914164287,0.43572871560863236,0.4582807017347304,0.4298482749029403,0.44553645089127636,0.4542773036532397,0.33144007860187435,0.4154378615874651,0.4552145981561767,0.3959069997780408,0.3744337701261772,0.47113786279727016,0.0,0.4706854069157141,0.34049727751393577,0.239259220614605,0.44638474419363033,0.4324561133147198,0.0,0.529552745679983,0.45919049277189133,0.47891064947811474,0.3794541691332722,0.4599364891316214,0.44077521784095447,0.4522904680647243,0.4517209513281004,0.43483065729943493,0.4272117330763982,0.45245404284018403,0.4356030055525267,0.4225169200187375,0.4527025422571043,0.44285431992006613,0.5368762919718023,0.0,0.5324798220063166,0.5351372468345709,0.542304560940732,0.47120595434931667,0.0,0.0,0.4587373235518477,0.5866638287920297,0.0,0.5791873461182355,0.5611306480618645,0.5574512756280595,0.5599344474818584,0.5881803757375978,0.0,0.5888017502014912,0.0,0.5435771947597963,0.0,0.5077297194457525,0.36726591609620923,0.0,0.0,0.6052425452335525,0.510652085982809,0.542121229663379,0.49128006783357586,0.5589722251274469,0.0,0.3607982948680411,0.512823795597662,0.5510400181294227,0.5582169899735443,0.5185735360919611,0.540262130093737,0.5446628865620367
0.39498521104924095,0.31695009262530816,0.3591491699503587,0.0,0.4263670251418713,0.3426284486241724,0.38329425928309035,0.5500539312519211,0.3874500883990928,0.321313859049923,0.39750070661732606,0.29709269796149834,0.3745512699385436,0.0,0.4033798238339775,0.34760400289553844,0.3908065956063103,0.3879050489653426,0.35751320240477746,0.0,0.480820440693943,0.0,0.529552745679983,0.0,0.40241063417692446,0.4012350044408302,0.3652876651375384,0.32773802303770544,0.0,0.0,0.34051313388433563,0.25062168221285847,0.27967858734410656,0.2814330851555305,0.25139893434198796,0.2818120007504369,0.2692929870096482,0.27149815466161276,0.2500169754611092,0.23824173472571858,0.2541260074950413,0.28020801144451646,0.0,0.2412177780401241,0.2272236545104571,0.46911386149643464,0.45896114311824276,0.0,0.0,0.0,0.0,0.24222867920019633,0.0,0.0,0.39096229557536166,0.0,0.34269205526643726,0.34167964031360326,0.0,0.0,0.46425121271173264,0.47867644857045866,0.47701938711441116,0.0,0.0,0.39158029661717864,0.0,0.0,0.37429414476229345,0.4790010723139636,0.4963844465851666,0.0,0.32122214496860213,0.0,0.0,0.37429904636990774
0.3942561184711561,0.4025210732001804,0.33026808670600405,0.0,0.4114443488453362,0.42060855702401123,0.4466797143942347,0.4978776478208402,0.38060097675823124,0.3564007265908232,0.3882704184595318,0.42147274266050505,0.4461262103938448,0.0,0.40016503176771756,0.3995053329217643,0.34939110407670126,0.35100386661363986,0.3193469842236681,0.4183897856496563,0.4240382521399067,0.42307906613181656,0.45919049277189133,0.40241063417692446,0.0,0.3983259376220113,0.41616114914470803,0.4311891332008999,0.4309558889301341,0.3392225681788966,0.3944527044093467,0.4108433031821522,0.3630225004476592,0.39827424092964864,0.39649145760863624,0.37696089167709457,0.0,0.3374436203988776,0.4400484299463551,0.4160462004327827,0.43937107562950295,0.4561363205523539,0.0,0.0,0.0,0.44935457555786,0.45256685307291944,0.0,0.0,0.0,0.32480306909974654,0.0,0.388473914724764,0.0,0.473082948388331,0.0,0.4745368154075251,0.3599241412137575,0.0,0.4439979068730451,0.4518535931264598,0.4498611684855247,0.4461925568273355,0.0,0.42520848863380206,0.4438587775504432,0.4867025640459991,0.3628453425362332,0.45766551632335095,0.4483812261674306,0.4704912353375068,0.34488527776929334,0.39922385502500424,0.4292930290891501,0.0,0.43862201231120146
0.4189433018206954,0.41925653559812237,0.35622412733354014,0.0,0.4112920804131762,0.4433830421613909,0.44205493098396437,0.5231421693852523,0.38683058752833854,0.3381463468337309,0.35099594233214304,0.3561677463750446,0.451669543746831,0.0,0.3789236179675806,0.42420228150906303,0.42766850753314806,0.4162485517760057,0.3646801195206075,0.42443605890494457,0.42172032998739367,0.40645136604462445,0.47891064947811474,0.4012350044408302,0.3983259376220113,0.0,0.43749673490024643,0.4515361892225225,0.4285457590753752,0.33367034031256404,0.4020076530746523,0.4290595323293982,0.3957792828786283,0.4084786515890957,0.4181075225748464,0.4417874829978696,0.0,0.37122885844418985,0.46313261897820507,0.4460823439100112,0.4770270845490919,0.469228249918132,0.45137386115691913,0.0,0.3960162048065985,0.48463334029558547,0.4831911739445049,0.0,0.0,0.0,0.4541650429026787,0.35386845599026395,0.4823590442054265,0.0,0.5114898836813236,0.0,0.5051791992000488,0.37910675300589824,0.0,0.5175397694932438,0.47998332640341684,0.48066739372831396,0.4753630032649473,0.0,0.4910845652298616,0.4992509888481336,0.49268342180662145,0.49336155374469653,0.4881009424962177,0.4789667822907995,0.4996290793286398,0.4843185855045599,0.4458487752738922,0.46651420736965876,0.0,0.465290680363327
0.48245073715394676,0.42675410034288497,0.3784220572892232,0.4190917521359006,0.4252720018161616,0.41384858026114507,0.454239256527581,0.4736035225871065,0.39813607312473476,0.46647768711287574,0.4347701291360866,0.36886982145105035,0.45468876732805086,0.43417260207547037,0.3958619823573491,0.45089749676803104,0.37372234894551015,0.47794577548008677,0.4187310217897645,0.33565077628150375,0.4208304650978544,0.41643461016995964,0.3794541691332722,0.3652876651375384,0.41616114914470803,0.43749673490024643,0.0,0.4558657535555432,0.38939191954990093,0.4399575907014089,0.42095417791555595,0.4371777947890734,0.38730857735906704,0.4384349152902843,0.4435416091858794,0.46600146813087073,0.43105741752360466,0.3740389248993916,0.5088790215246599,0.39441588858998944,0.4961193074528951,0.4253583473614374,0.5624158531134716,0.33828316144753795,0.0,0.0,0.4013995393530983,0.5799164828964087,0.0,0.5454370897595564,0.5468133495086375,0.5524327682414187,0.5572301558649219,0.5876554993786351,0.0,0.5974893574336007,0.34129688507086886,0.5463523107003796,0.0,0.49440803846645975,0.33318595110747856,0.0,0.0,0.5867713676639789,0.47773198790908544,0.49519899894458896,0.4796460880092605,0.5466946154978904,0.0,0.3081633817051148,0.47869836960949064,0.5333151214528735,0.5630805668643685,0.4945921020231076,0.5062064387626968,0.5075243098296839
0.3822686754427699,0.44343053887450407,0.46164943387972207,0.2574658716216143,0.3961233491519654,0.44461289371492313,0.37518421908238353,0.47013965936746166,0.4610677970815382,0.4080396459927035,0.42182546516312047,0.3327950065448935,0.37259365932202304,0.3028879632087656,0.4301020389280168,0.48046107027901735,0.4436086265312422,0.456768838728746,0.4369251499703122,0.4066539438989258,0.45696711680538166,0.43021161051392165,0.4599364891316214,0.32773802303770544,0.4311891332008999,0.4515361892225225,0.4558657535555432,0.0,0.3894119126299286,0.3757599701564394,0.36669664993565315,0.4093429942441777,0.37935021901868377,0.39309340249210223,0.36773755813735465,0.25702330304938464,0.2662710639714285,0.3199865710700769,0.3751412517962813,0.2929650576351835,0.33221765532916925,0.3210975068589935,0.34472568546305876,0.23833442006006322,0.3461314647823315,0.0,0.31939932837950535,0.43528418236530253,0.0,0.0,0.5403075578974508,0.33525505017436436,0.5677462811141403,0.40442547471891044,0.2812910891721161,0.30921813089215977,0.30409119371467,0.3743088662059554,0.0,0.4797292040798955,0.30568390605125895,0.0,0.3143653337188015,0.0,0.4854941132174839,0.48576970520097706,0.4007084493408009,0.5292454593949508,0.567223932947075,0.35060047954241436,0.40874237175756556,0.5282962588212402,0.5414635598844098,0.5009154811564019,0.43366996215457,0.43577220469166617
0.4055373983733634,0.4484274472739514,0.4258913873455295,0.0,0.46014097160593803,0.42967495385222465,0.46533090022026596,0.46053297215429617,0.44742094305498853,0.3893886720705373,0.0,0.353973661130746,0.435949939955216,0.0,0.4176311296444301,0.46090660434034053,0.3818009780376608,0.4570143316849884,0.0,0.3605192053844092,0.4528214199251047,0.43281694634327633,0.44077521784095447,0.0,0.4309558889301341,0.4285457590753752,0.38939191954990093,0.3894119126299286,0.0,0.38746425657828054,0.3725668463985417,0.4461691925966805,0.4013038380863616,0.4107084841855226,0.44506449910360596,0.47207162203940106,0.4419311206184582,0.35529353282407017,0.4731238264327032,0.0,0.4816541688947289,0.0,0.46503792535646993,0.0,0.0,0.0,0.4366126420177745,0.4320287719539817,0.0,0.0,0.5059864051216164,0.3975307640795106,0.5475081646803691,0.3945267924642506,0.0,0.0,0.0,0.47356279375635324,0.0,0.48513377876430047,0.3379880529891505,0.0,0.33300043112563205,0.0,0.4683479986728123,0.4875572165251771,0.4764834287783565,0.5051280374649566,0.0,0.32161178375285704,0.4694069648704834,0.5015215561561016,0.5320407764624102,0.47757336002024475,0.4556548612803308,0.47067010518483793
0.3173950992073513,0.4276086546147959,0.46999188157481586,0.0,0.0,0.47710926503177487,0.0,0.46287775177726553,0.46490143167287623,0.0,0.0,0.3356034474615144,0.42985245086870766,0.0,0.42569234518996923,0.4289290412209952,0.30112539904222585,0.40761491898667795,0.0,0.3775905511397036,0.430670701832499,0.39970029665411083,0.4522904680647243,0.0,0.3392225681788966,0.33367034031256404,0.4399575907014089,0.3757599701564394,0.38746425657828054,0.0,0.32224867897397264,0.41325533312032076,0.3590334908709387,0.3548650724031553,0.31731995378767364,0.39195045403155476,0.2995018142358542,0.0,0.5040072222652101,0.0,0.0,0.0,0.0,0.0,0.0,0.0,0.0,0.0,0.0,0.0,0.4776114274774331,0.0,0.451554109014097,0.3450739129588379,0.0,0.0,0.0,0.37952199194338543,0.0,0.44505212470866984,0.0,0.0,0.0,0.0,0.4364238972157397,0.0,0.0,0.5239074129604726,0.0,0.3251955705036188,0.0,0.5267839046647362,0.4555317137625502,0.4762948453418538,0.0,0.0
0.37882122798824314,0.35536639185521635,0.4629198600785213,0.2696167902167146,0.46276900058661347,0.4652381236598592,0.4296364557391632,0.46415220478719016,0.46701641459320326,0.329869044552371,0.4553331521006563,0.32483219340593067,0.4107951729441258,0.0,0.39883783167129905,0.3739797977438605,0.38136134616718437,0.3789930488889984,0.44355147050986177,0.3619437426883575,0.3864969944037184,0.37686371051606327,0.4517209513281004,0.34051313388433563,0.3944527044093467,0.4020076530746523,0.42095417791555595,0.36669664993565315,0.3725668463985417,0.32224867897397264,0.0,0.3886731296132888,0.33355733470567595,0.26833189832665816,0.21735326351508039,0.3593780611365308,0.2550999250873828,0.30176356738514376,0.34272595096906205,0.2787022447081621,0.2568532625955449,0.0,0.0,0.19952008486079223,0.26577546296106147,0.41595844847857044,0.4348331527357967,0.0,0.0,0.0,0.542555268282781,0.0,0.5156213640678673,0.3735075725697348,0.3693917929395742,0.0,0.33063790838348317,0.40310073345378605,0.0,0.4783496332496436,0.43064325632970263,0.0,0.44086257526670575,0.0,0.4746205420732995,0.0,0.451687171707758,0.5254275041872244,0.2576403359481365,0.4397369377148351,0.4589191144372732,0.5267685266966181,0.5169326015718558,0.49662800806756513,0.0,0.3648620323851063
0.4094920552059736,0.41881467469937184,0.45377828230664247,0.3025156533720228,0.4276374185641768,0.4493452321306045,0.42667187823474323,0.4231201448870089,0.4459201761279245,0.2951813890539581,0.34206558837428713,0.26419616779448907,0.4264460424744093,0.2921411187142932,0.43455609375401955,0.4376716880797423,0.43208530802267947,0.4165541677572337,0.4092863465965785,0.43623292888964693,0.43226663088813705,0.4388380950448766,0.43483065729943493,0.25062168221285847,0.4108433031821522,0.4290595323293982,0.4371777947890734,0.4093429942441777,0.4461691925966805,0.41325533312032076,0.3886731296132888,0.0,0.3829660746953181,0.3954860677771927,0.38442796417991904,0.32958825714648843,0.32753072064346556,0.2614867277186046,0.2963664153213782,0.32089451409056247,0.3261372574410028,0.3506965653622267,0.310166987770357,0.2599332592930704,0.2703058705263258,0.4532467589889339,0.4713684642760074,0.5135900178284796,0.0,0.0,0.49775659211998335,0.29295901839918487,0.5059817272574632,0.5221014486543756,0.2935156583531123,0.34275989023939624,0.26955571971154185,0.36189663801853544,0.0,0.5006991891645223,0.4718913964277252,0.34143538592446454,0.4152345256852385,0.0,0.46433285256861134,0.49014618680673633,0.4805142344372179,0.5192139051441285,0.26606850231060747,0.3968357069139214,0.4690508156070198,0.5129152678364582,0.45090754728385446,0.4947808820933313,0.5036233760403119,0.4009043036107773
0.34889374243107224,0.35304173825896035,0.3641489937607985,0.0,0.42144175659994976,0.43477588590344124,0.41003187632253074,0.4834359279090219,0.41721454824357496,0.3504190172591563,0.388197303700617,0.3036680689612098,0.4176898772125252,0.0,0.4148548740571375,0.39443706133225975,0.3730260165205482,0.3726043395478908,0.3680337727855418,0.4044568317345589,0.40144401647534694,0.4063194310889163,0.4272117330763982,0.27967858734410656,0.3630225004476592,0.3957792828786283,0.38730857735906704,0.37935021901868377,0.4013038380863616,0.3590334908709387,0.33355733470567595,0.3829660746953181,0.0,0.27948685679230406,0.3379471361912445,0.44133914173030075,0.411934391520079,0.20141521688136302,0.3011640563912683,0.18160645012355267,0.23556857812460535,0.3666989397925385,0.23195109885399778,0.22945313991346938,0.18004893636846703,0.38404213509037827,0.451129415873421,0.0,0.0,0.27932390733037943,0.35875541503153013,0.2807054656443438,0.0,0.3093496631418785,0.3637757307826575,0.0,0.33185199070224275,0.29643037247609993,0.0,0.5179153531583528,0.4459417286096796,0.3736581189840739,0.3329365549640678,0.0,0.48308675333615403,0.48008030510078825,0.48023745035256654,0.4894925881778909,0.258836449618732,0.39315221424649527,0.4184232281503592,0.5059948705402023,0.2766202987910171,0.0,0.0,0.27138835361526714
0.38469602904084776,0.3745138300337325,0.466287833381903,0.301662193116444,0.46387022018434443,0.47146305730828814,0.4420573469102955,0.4635794043175204,0.46447776911013816,0.3677166496965723,0.4512775627085001,0.2768808797132413,0.44247959594118264,0.0,0.41789033708423506,0.40384129606455227,0.3994707369771793,0.40086916097693426,0.4279639419605987,0.4095068236650622,0.4117259172748613,0.4079664932922088,0.45245404284018403,0.2814330851555305,0.39827424092964864,0.4084786515890957,0.4384349152902843,0.39309340249210223,0.4107084841855226,0.3548650724031553,0.26833189832665816,0.3954860677771927,0.27948685679230406,0.0,0.27011959084706333,0.40964169739255674,0.28072001745953723,0.2264352628490589,0.3124885551944906,0.22844027857147392,0.2670584530766199,0.3132545594520684,0.26104096039431024,0.2500969513861069,0.224015378357762,0.4274386307907284,0.4513951891607914,0.3995264729416267,0.0,0.0,0.4426532113884039,0.2036368909921265,0.5289386385699792,0.30894539968663537,0.30018924019109305,0.3379705967942578,0.2686932203266882,0.2269783994351237,0.0,0.4884255879024139,0.44689930286860297,0.0,0.4528903398829146,0.0,0.44292826977930067,0.467083753976325,0.42823425697593154,0.5249438071746726,0.22645349869707698,0.44086322308906534,0.46468268497747134,0.5151101998509809,0.2714495643699816,0.4874180293438808,0.0,0.251623546236754
0.36773899473790284,0.39082495372289394,0.0,0.3269452073958984,0.0,0.4498373382271429,0.0,0.4370086984595386,0.43105639663332884,0.33756449329462446,0.0,0.31485214249957105,0.3891253088235632,0.0,0.4460802859809733,0.4190161715433849,0.35464703770586187,0.391972233193476,0.0,0.4386151119389676,0.44759399093552066,0.43496357826995463,0.4356030055525267,0.25139893434198796,0.39649145760863624,0.4181075225748464,0.4435416091858794,0.36773755813735465,0.44506449910360596,0.31731995378767364,0.21735326351508039,0.38442796417991904,0.3379471361912445,0.27011959084706333,0.0,0.3688256148646033,0.33092960625593176,0.2627503135635619,0.3227731606346849,0.30355297976874,0.31108930869950546,0.3603066124511385,0.30101626870314746,0.28404785177281133,0.2652430632217467,0.0,0.457179895134663,0.32759043106901625,0.0,0.0,0.3582775750770827,0.28724816233020356,0.5355953289770397,0.3108599222430469,0.2899317426843829,0.33879033262663005,0.2742644738274918,0.27914690988425106,0.0,0.5216809740362759,0.0,0.0,0.0,0.0,0.0,0.0,0.4375859997311796,0.43792774553283464,0.251798951834313,0.4203385624890915,0.4462474001124881,0.43640238632102557,0.2768361497647718,0.0,0.0,0.27276878728181747
