0.0,0.4309777079203983,0.42522742988279577,0.0,0.0,0.4938107110296302,0.3189778826087011,0.5414636829351925,0.0,0.4052823959017875,0.5027520017927807,0.4132636051931592,0.39383105127687756,0.5350482981169796,0.4219619356207328,0.41538785042710397,0.35588285273763615,0.3714906064200109,0.0,0.48007335849675137,0.4292118898332207,0.41133173353694213,0.48633281821954194,0.3894174383700048,0.3667131599312532,0.39025685110050823,0.559628537359736,0.43022143239302,0.4619342438273427,0.4114069689706338,0.4063490430013498,0.4666505481480117,0.3527555495609874,0.42448451917246943,0.46097777335487344,0.455030104279391,0.0,0.39060736880616387,0.47795565091139064,0.3960710080439686,0.4747742074724546,0.5592504831806507,0.0,0.0,0.0,0.4213345701001123,0.4865154550491272,0.0,0.0,0.0,0.0,0.0,0.0,0.0,0.0,0.0,0.0,0.0,0.0,0.0,0.4777018119977301,0.0,0.46392791104215514,0.0,0.0,0.2826077284518408,0.47261416131833806,0.0,0.280996337625263,0.46630558849442166,0.49219408115958135,0.0,0.0,0.0,0.0,0.41683714135217104
0.4309777079203983,0.0,0.3263798632496953,0.0,0.35749646571351157,0.42040197072253854,0.434841860422055,0.4875951501893642,0.3203011135784571,0.3046431291275817,0.0,0.0,0.44017410139057733,0.0,0.4627657875609091,0.43499368923079684,0.3784884634666469,0.41546952599438647,0.0,0.4347798432485982,0.43617626826296885,0.4122771118456335,0.4514684102935399,0.32773739462734985,0.39515986601996494,0.4258688777880252,0.4452448911403747,0.4621105889243841,0.44774589198669357,0.4651712685548862,0.3942323679530364,0.4510502028450315,0.3663573009257876,0.40276023267946254,0.46113911076487735,0.0,0.0,0.0,0.47816749483393983,0.45754003244442476,0.4661207783395301,0.4987687454307501,0.0,0.0,0.0,0.45926688291855233,0.4718600851002342,0.0,0.0,0.0,0.4237312457437386,0.0,0.0,0.0,0.0,0.0,0.0,0.2789733102314743,0.0,0.4987681097741789,0.4668552789107846,0.35373948517729115,0.47779124847946947,0.0,0.4690231030812656,0.521196709305098,0.46607192094722866,0.5185185318393962,0.0,0.4824132931322537,0.5049938513363901,0.4827665330276435,0.0,0.462780864774331,0.0,0.4521012341328571
0.42522742988279577,0.3263798632496953,0.0,0.36932153102723947,0.3960319146925789,0.4334258508351169,0.4403884149734852,0.48735253529292516,0.35353399289455434,0.3639256610504079,0.34805033841452726,0.30432860714415344,0.4299674327168932,0.42161938261124643,0.0,0.0,0.2995735573856625,0.0,0.2964879873922199,0.0,0.36444047133965213,0.0,0.36504537013304605,0.3083996386890859,0.24786464129061336,0.32146081912547764,0.35391441560255205,0.43687747186789133,0.40318439410872653,0.41528612704334744,0.4312853748843439,0.4023374132283898,0.0,0.43289260279169967,0.0,0.40382251817548526,0.41092250945611836,0.3127263878636568,0.5008805157951501,0.0,0.4601324287780897,0.41082319309945875,0.5175863839420086,0.38058333197842886,0.0,0.0,0.0,0.4381939442889915,0.0,0.5367439665869976,0.5733930582769121,0.5941568279095569,0.605646314654479,0.5831782771014044,0.0,0.3907780758870862,0.0,0.5397972520297083,0.0,0.0,0.0,0.0,0.0,0.33273163743953205,0.0,0.0,0.0,0.5843395944766647,0.0,0.0,0.0,0.5289275360737364,0.4330002660704345,0.0,0.0,0.45704441858776246
0.0,0.0,0.36932153102723947,0.0,0.2781275161562964,0.417466734506808,0.28838633038761635,0.42283590887848443,0.3819833527328407,0.3559554146923832,0.37278205818653154,0.23479790510008658,0.3434131971961883,0.2992987129233941,0.0,0.0,0.34565184572096086,0.0,0.37538688100332396,0.0,0.3699221647840792,0.0,0.4258348026600972,0.0,0.0,0.0,0.4260962478025608,0.2768912191758709,0.3575976194369264,0.0,0.3345734216085855,0.3034542835838069,0.0,0.2907118482791774,0.2640227815281192,0.2030048722395386,0.19257916362175082,0.0,0.0,0.0,0.0,0.0,0.0,0.0,0.0,0.0,0.0,0.0,0.0,0.0,0.0,0.0,0.0,0.0,0.0,0.0,0.0,0.0,0.0,0.0,0.0,0.0,0.0,0.0,0.0,0.0,0.0,0.31814785584894745,0.0,0.0,0.0,0.0,0.0,0.0,0.0,0.0
0.0,0.35749646571351157,0.3960319146925789,0.2781275161562964,0.0,0.38565410085542334,0.3375023793550832,0.43472379583125603,0.36251476351806977,0.48239013441690515,0.3276195107504157,0.4396729017764019,0.37229308808100386,0.306124987974541,0.0,0.3881723691950451,0.4032167260997741,0.31404593846632606,0.38660550741581284,0.0,0.0,0.4353295106543764,0.38211755916915796,0.0,0.3996646373842652,0.3195218960970546,0.3884508289848799,0.34412355924687354,0.4642251905674773,0.0,0.4259848497368521,0.3725533107220307,0.0,0.4166424050684992,0.0,0.2565278723023975,0.33894804864946454,0.33110819651266504,0.4110772285308698,0.0,0.0,0.0,0.33902278494367566,0.0,0.0,0.0,0.0,0.5390341976290611,0.0,0.4230395787606663,0.5348377868530991,0.40919979596983375,0.4862129924402284,0.48014994717054066,0.0,0.4766319853340233,0.0,0.37092972631358817,0.0,0.0,0.0,0.0,0.0,0.47164535768573734,0.0,0.0,0.0,0.5300571410364259,0.0,0.0,0.0,0.48834962113747454,0.0,0.33364406212755976,0.0,0.0
0.4938107110296302,0.42040197072253854,0.4334258508351169,0.417466734506808,0.38565410085542334,0.0,0.43469335480111354,0.4400803621278758,0.36444829314722343,0.4306837203862419,0.40555696088316406,0.3604414056650222,0.4099815295478782,0.45433496012531194,0.47443449672163057,0.434189437237497,0.256296699151772,0.3804572549213727,0.42259848851316595,0.4355291836878789,0.4437395929400571,0.4547488369550011,0.4481463631381005,0.342174924528112,0.38291693558043255,0.4356005867709461,0.4335775963922882,0.40519419403474843,0.3553915271773981,0.45253559495320567,0.4388539195110293,0.4288975592254802,0.4249023623681105,0.42736014483506085,0.4451452411383752,0.4519809018882101,0.42186532366529567,0.35189086335640024,0.515885330691828,0.0,0.5018689157982419,0.4848235774634998,0.5342945209280976,0.33220137930578864,0.0,0.0,0.303246755114431,0.5763699010337064,0.0,0.48825645762921493,0.5170765706279841,0.5609239548960491,0.503976019049807,0.5624214671601309,0.0,0.5070740430351499,0.0,0.5637873560594042,0.0,0.4649128712924411,0.25549455157745576,0.0,0.0,0.5542876396211004,0.4855866790313827,0.42073296918334535,0.46148192600071714,0.5368509808176704,0.0,0.2600567580604395,0.41134874524630083,0.5276407836058099,0.5276843078535474,0.504903360928219,0.46424292142296864,0.5362040477590668
0.3189778826087011,0.434841860422055,0.4403884149734852,0.28838633038761635,0.3375023793550832,0.43469335480111354,0.0,0.45097993524993335,0.40579745990594274,0.337332794549577,0.4432888257088887,0.3398822618644047,0.3700751190937973,0.3536007925664652,0.0,0.4811917662616015,0.38564313512707993,0.423638599637239,0.4545738348533008,0.46747968704915793,0.0,0.48049170174822875,0.4240272706566067,0.3508891977867594,0.38584181895691533,0.3820369700158496,0.4355700899675634,0.36200100607905084,0.48608897996267125,0.447727995820216,0.4094746296854347,0.3954063242352352,0.420394095671683,0.39516418538237447,0.0,0.308950687549327,0.24863683507005857,0.3261959590378865,0.4133591601928291,0.0,0.3677051235917342,0.3991541741054027,0.3720608418195468,0.3675257795046418,0.0,0.0,0.2728670168431779,0.49334921238298907,0.0,0.38386751098843264,0.4918632438787814,0.37691468637773173,0.44471556347660035,0.42469140711063025,0.0,0.3535048507314612,0.0,0.3461541587060525,0.0,0.0,0.0,0.0,0.0,0.3992978612173662,0.3213969509550213,0.0,0.0,0.5326719095161467,0.0,0.0,0.2853123332308971,0.5255441703287638,0.33924295382999214,0.35453667318253124,0.0,0.343392997671743
0.5414636829351925,0.4875951501893642,0.48735253529292516,0.42283590887848443,0.43472379583125603,0.4400803621278758,0.45097993524993335,0.0,0.5056849914377494,0.4550467776888849,0.3271144242332548,0.4740189111915572,0.45267455316211813,0.4115417535906103,0.0,0.4713958383806649,0.0,0.4807552759646246,0.3977982094485106,0.4254090241641858,0.4129979420836795,0.43693054003496884,0.3783540770747733,0.5595433309313359,0.49960321963648024,0.5253747637546672,0.47944351499603455,0.4533771520168383,0.420130307638274,0.43511783032119633,0.4507425179895245,0.41710192792941336,0.49165767883532496,0.4696475967794823,0.47071138880134944,0.3305069338477009,0.4246798638712272,0.418315373148058,0.4991352521926722,0.0,0.5160520581877338,0.0,0.4534224089646502,0.0,0.0,0.0,0.0,0.5756120112471774,0.0,0.5148494599916025,0.5044031999242097,0.5259548841009999,0.465199296094632,0.5607389399921618,0.0,0.4927576719859342,0.0,0.5337255314963243,0.0,0.0,0.0,0.0,0.0,0.55859102590536,0.0,0.0,0.0,0.5260448442408913,0.0,0.3579168023058914,0.44198560067743964,0.5394410603137525,0.5044804412582596,0.48894755204952633,0.0,0.5154725967678643
0.0,0.3203011135784571,0.35353399289455434,0.3819833527328407,0.36251476351806977,0.36444829314722343,0.40579745990594274,0.5056849914377494,0.0,0.40490243141319293,0.33058618027984465,0.36115861042759695,0.3603558639157125,0.4578060317428408,0.0,0.3265790618545863,0.27892798993084206,0.0,0.3247052718301353,0.0,0.0,0.4171195104943946,0.4276948059676559,0.2967930725322822,0.18695916500298115,0.25009426843166027,0.374236667143723,0.41948005359661017,0.4161113577212841,0.4046311112813007,0.4206625722669552,0.3951069553204293,0.40744019085197236,0.4092913219220567,0.3766467362975141,0.401901070262408,0.35729389663137867,0.315149199286379,0.5108802184228812,0.0,0.25060640651398086,0.37058495053312246,0.5073085182463689,0.3696392921188614,0.0,0.0,0.26295249380453195,0.585121388645555,0.0,0.49409669825244806,0.543079725764282,0.4857616756089669,0.5624752498611653,0.5595974862338029,0.0,0.5370966464237955,0.0,0.4653007014990616,0.0,0.0,0.0,0.0,0.0,0.5611878380983376,0.0,0.0,0.0,0.5602738404977432,0.0,0.0,0.0,0.5541946213155542,0.4153274836640941,0.36347655008137647,0.0,0.3938083253159652
0.4052823959017875,0.3046431291275817,0.3639256610504079,0.3559554146923832,0.48239013441690515,0.4306837203862419,0.337332794549577,0.4550467776888849,0.40490243141319293,0.0,0.4185684827646624,0.32298157028776603,0.4178041288786385,0.4207100919793696,0.0,0.4497070567901699,0.3418790531759328,0.37703133864199023,0.42746898294480135,0.3374026548935497,0.0,0.4172038857624657,0.49325919265188234,0.35666695820717076,0.35661247085217707,0.371955188498154,0.436853451762768,0.402294594365596,0.3557592538404351,0.3342572582561812,0.33814479620353927,0.3726097258203777,0.36788592089344374,0.35342242932098134,0.29173469324025864,0.2310968837483142,0.23676061947778526,0.3096060100063677,0.2739972846709776,0.38351207941338733,0.40434958792230746,0.0,0.0,0.0,0.0,0.4587358013629177,0.0,0.0,0.0,0.0,0.0,0.0,0.0,0.0,0.4955721658609081,0.0,0.4754302212847857,0.0,0.0,0.0,0.0,0.5007708003954602,0.4196082501821309,0.0,0.0,0.0,0.0,0.32348057596757,0.5159269174954788,0.4946742493617729,0.5017269741376874,0.35341090245607887,0.0,0.0,0.0,0.46663644484241334
0.5027520017927807,0.0,0.34805033841452726,0.37278205818653154,0.3276195107504157,0.40555696088316406,0.4432888257088887,0.3271144242332548,0.33058618027984465,0.4185684827646624,0.0,0.3773292443902309,0.4447155371032148,0.301809849669954,0.0,0.0,0.3299487122698945,0.3020578197313475,0.24392801941330033,0.0,0.43004105926225145,0.0,0.3084514805969363,0.3939638074907275,0.35118843027518254,0.3058722333205977,0.4025256875527252,0.4361659774906409,0.0,0.0,0.44770049177920307,0.3581335792417806,0.3588874242965685,0.42477023815621895,0.4111241342511355,0.2440333553737001,0.3969720197796303,0.3561546549446084,0.37071502250295224,0.0,0.2948364635986883,0.0,0.36294103166832126,0.29113303605539975,0.0,0.0,0.0,0.4776032909406354,0.0,0.28768893005304214,0.45329759614261583,0.3317363574775273,0.44263484938468284,0.4301076025303107,0.2987943669659549,0.18681007956889648,0.32181646242062406,0.3230028902570534,0.3652071158264894,0.0,0.0,0.0,0.0,0.32555510722327957,0.0,0.0,0.0,0.4920783955509267,0.0,0.0,0.0,0.5196760689023846,0.27915293219147036,0.0,0.0,0.3039669579112113
0.4132636051931592,0.0,0.30432860714415344,0.23479790510008658,0.4396729017764019,0.3604414056650222,0.3398822618644047,0.4740189111915572,0.36115861042759695,0.32298157028776603,0.3773292443902309,0.0,0.37755983824552947,0.0,0.0,0.0,0.3831408721717485,0.3730891106521174,0.334900297791231,0.28490674299257823,0.45780096081487603,0.0,0.450971162452798,0.3266525383184108,0.3852636895048842,0.3668220014324649,0.3374754640647897,0.38330719089596604,0.3119023820008192,0.4227570062421987,0.3677247930908523,0.273119710164339,0.31148787246287923,0.27463752151413956,0.3075338891762241,0.3166073780905287,0.32681253809756294,0.2534782391771888,0.33043385608724196,0.39035448914421284,0.4033038163152855,0.0,0.0,0.0,0.17843002327262075,0.40179122586777594,0.0,0.0,0.0,0.0,0.0,0.0,0.0,0.0,0.484052962095924,0.0,0.4662816507776446,0.0,0.0,0.0,0.0,0.5002050290600722,0.4307977517165728,0.0,0.0,0.0,0.0,0.0,0.4799002933407661,0.5032180557859749,0.5070337668259268,0.0,0.0,0.0,0.0,0.4637054943107781
0.39383105127687756,0.44017410139057733,0.4299674327168932,0.3434131971961883,0.37229308808100386,0.4099815295478782,0.3700751190937973,0.45267455316211813,0.3603558639157125,0.4178041288786385,0.4447155371032148,0.37755983824552947,0.0,0.3967633397450395,0.0,0.48447804417490914,0.435479235313404,0.45116729210791107,0.44172870069194786,0.47053108448417685,0.4369276031026321,0.489428307211977,0.4359130165366158,0.3286865562542426,0.414578702486361,0.4226578633527186,0.4392783635397052,0.37988720389837255,0.4842014911134707,0.4338502681620711,0.43940317409488056,0.414946566152156,0.4422584356468814,0.41687820162016376,0.4062139793283738,0.35096425290844224,0.35130679581505536,0.35843247375286236,0.5761656989705541,0.0,0.3047181442525826,0.4179764711059931,0.4163258928976886,0.36274156781711697,0.0,0.0,0.25967259900367,0.5036451461214241,0.0,0.36414240969989686,0.5357237853755453,0.3909045542952988,0.494514179965799,0.4267294275231469,0.0,0.3930719580280467,0.0,0.4648662712965351,0.0,0.0,0.2802934547726493,0.0,0.0,0.4035810184559867,0.425586600000764,0.0,0.2685032124411378,0.5369332987478627,0.0,0.2857258462881176,0.3282638416101773,0.5414674883518431,0.48658840565542705,0.48263684906152376,0.0,0.40188460495418765
0.5350482981169796,0.0,0.42161938261124643,0.2992987129233941,0.306124987974541,0.45433496012531194,0.3536007925664652,0.4115417535906103,0.4578060317428408,0.4207100919793696,0.301809849669954,0.0,0.3967633397450395,0.0,0.0,0.0,0.0,0.5091421130407771,0.35263598244133787,0.0,0.4845816238496915,0.0,0.42107345483946435,0.4496686412321932,0.424126528526831,0.4580030547801591,0.46926154948552184,0.33250273543359277,0.0,0.0,0.4403039649911696,0.2813890262854712,0.5591042766567563,0.4893246513996088,0.0,0.2027337792972258,0.19082214819631668,0.0,0.0,0.0,0.0,0.0,0.40163301329497686,0.0,0.0,0.0,0.0,0.5053534615672796,0.0,0.0,0.4345507441454484,0.0,0.44322047219671007,0.5049286069216183,0.0,0.4342490827946813,0.0,0.40077475781019234,0.0,0.0,0.0,0.0,0.0,0.4935933350026427,0.0,0.0,0.0,0.49272980592013016,0.0,0.0,0.0,0.4808292442954837,0.0,0.0,0.0,0.0
0.4219619356207328,0.4627657875609091,0.0,0.0,0.0,0.47443449672163057,0.0,0.0,0.0,0.0,0.0,0.0,0.0,0.0,0.0,0.44388211851268927,0.0,0.42280476645216586,0.0,0.40465361887180895,0.43723378161453297,0.4684449039084669,0.4077988331913536,0.4792185891143679,0.41976661338727744,0.43627667274622506,0.460048302797008,0.0,0.4344736028845119,0.0,0.4386255756000826,0.4712691226600911,0.4442221258812738,0.4688187735180223,0.516713035834671,0.5390274159951322,0.0,0.3582688518157877,0.5201531215996484,0.5122864345165331,0.5425392066943127,0.5547530521336321,0.0,0.0,0.0,0.0,0.5269858477016482,0.0,0.0,0.0,0.4802598694769499,0.0,0.0,0.0,0.0,0.0,0.0,0.0,0.0,0.526911050080485,0.5047193947485831,0.0,0.31789136560060427,0.0,0.4944247503654726,0.49949691583981637,0.5253435325159399,0.5099236640601454,0.0,0.3873914493917893,0.5990461463707952,0.5124210950611192,0.4650462291316477,0.4859206705913493,0.0,0.4923976137992729
0.41538785042710397,0.43499368923079684,0.0,0.0,0.3881723691950451,0.434189437237497,0.4811917662616015,0.4713958383806649,0.3265790618545863,0.4497070567901699,0.0,0.0,0.48447804417490914,0.0,0.44388211851268927,0.0,0.43586389521247204,0.33512445888162573,0.0,0.4192231167671091,0.42411831720625903,0.3955816756038024,0.4541867503640352,0.383359784037795,0.3918124372384776,0.4466049200893757,0.45530089716625893,0.47990162686564664,0.4583288245824783,0.4380449916691509,0.38802811752219074,0.46670438256039837,0.39916218335639625,0.4048452264746715,0.45405052638088056,0.0,0.3305102864806787,0.0,0.4659004105186182,0.4426166818160368,0.4613253752492633,0.49299445597745994,0.0,0.0,0.0,0.4465391104620472,0.4632904531537508,0.0,0.0,0.0,0.27543256676679195,0.0,0.0,0.0,0.0,0.0,0.0,0.0,0.0,0.48102771577019265,0.46042843565609526,0.0,0.4649598055882335,0.0,0.45360873122550843,0.0,0.45339174127226484,0.39412449204267164,0.0,0.4594302901803257,0.4857269189382696,0.4072433428819813,0.0,0.40477909991078787,0.0,0.43931035073182934
0.35588285273763615,0.3784884634666469,0.2995735573856625,0.34565184572096086,0.4032167260997741,0.256296699151772,0.38564313512707993,0.0,0.27892798993084206,0.3418790531759328,0.3299487122698945,0.3831408721717485,0.435479235313404,0.0,0.0,0.43586389521247204,0.0,0.3504225607182235,0.2871755922694885,0.3925101846145231,0.397969163759833,0.4201635769080013,0.3051987101064406,0.37923355036575057,0.324864464743404,0.3606947957352114,0.29906596168158006,0.42670761777693295,0.3587660163838657,0.31388247939129665,0.35584981128892884,0.45797117437993706,0.38238115786845117,0.3787104512348486,0.40445378205444776,0.0,0.0,0.3693386235946179,0.4468442849215877,0.4085044053436433,0.40508362927836894,0.0,0.0,0.0,0.0,0.3677641919300861,0.0,0.0,0.0,0.0,0.0,0.0,0.0,0.0,0.48895625689733546,0.0,0.4769225412508813,0.0,0.0,0.0,0.0,0.4500507804282017,0.39610748927722217,0.0,0.0,0.0,0.0,0.0,0.45568676721708146,0.4433468933079586,0.45328250233467055,0.0,0.0,0.0,0.0,0.3903119373001551
0.3714906064200109,0.41546952599438647,0.0,0.0,0.31404593846632606,0.3804572549213727,0.423638599637239,0.4807552759646246,0.0,0.37703133864199023,0.3020578197313475,0.3730891106521174,0.45116729210791107,0.5091421130407771,0.42280476645216586,0.33512445888162573,0.3504225607182235,0.0,0.0,0.4258127302382855,0.42688309624843934,0.41628608272136913,0.46524583723500446,0.34641961001871985,0.34225316927163524,0.38457173777669557,0.4457529146275184,0.4488371167150864,0.4471645142174338,0.3950355818299358,0.3712532694298768,0.4821368834570823,0.3593812952089219,0.3864105693904073,0.42890949749124085,0.0,0.0,0.2988700952441153,0.4448849758954274,0.3996756015737251,0.42711869103663885,0.4447284738243613,0.0,0.0,0.0,0.42363008559888865,0.44397729247998197,0.0,0.0,0.0,0.27632237727942366,0.0,0.0,0.0,0.44075940947933806,0.0,0.42049945870838046,0.0,0.0,0.40157477481470183,0.43786800815069676,0.407975671193892,0.4136045024120475,0.0,0.321503056164138,0.418669371361974,0.40699975151224227,0.32029166618412597,0.41175143462666675,0.42098817058008897,0.42825930431416254,0.0,0.0,0.3036212206064761,0.0,0.41787697953361586
0.0,0.0,0.2964879873922199,0.37538688100332396,0.38660550741581284,0.42259848851316595,0.4545738348533008,0.3977982094485106,0.3247052718301353,0.42746898294480135,0.24392801941330033,0.334900297791231,0.44172870069194786,0.35263598244133787,0.0,0.0,0.2871755922694885,0.0,0.0,0.0,0.0,0.0,0.25282437729856694,0.30735915708882044,0.0,0.0,0.4139349434711671,0.44017253715583965,0.0,0.0,0.4268664251039918,0.3878208398144101,0.0,0.40649131947747746,0.0,0.34769648842755174,0.4045251464294138,0.35718511676450615,0.4776231203519019,0.0,0.0,0.0,0.4186029096221865,0.0,0.0,0.0,0.0,0.41062456968896255,0.0,0.48797919122649747,0.5279068114658683,0.44951418103015806,0.5269913439777522,0.5410357649495956,0.0,0.30902157355808746,0.0,0.4112185347748714,0.0,0.0,0.0,0.0,0.0,0.283235173542318,0.0,0.0,0.0,0.5437387277826542,0.0,0.0,0.0,0.537690911121282,0.355527945164522,0.0,0.0,0.0
0.48007335849675137,0.4347798432485982,0.0,0.0,0.0,0.4355291836878789,0.46747968704915793,0.4254090241641858,0.0,0.3374026548935497,0.0,0.28490674299257823,0.47053108448417685,0.0,0.40465361887180895,0.4192231167671091,0.3925101846145231,0.4258127302382855,0.0,0.0,0.4631713177167744,0.3988495509208818,0.31218591819034136,0.4066415433692673,0.4135262585700655,0.47387246488996443,0.38029528742261265,0.4175424652790108,0.3702713240115598,0.3111649820608568,0.39295943224579116,0.4667011915970284,0.417556917283011,0.45167476317843896,0.4845624661865523,0.522699565632473,0.47019058715982126,0.3669319793095818,0.5092645792590662,0.4468192228451992,0.5522616281142688,0.5231114717030483,0.4301629688484538,0.3659767606994481,0.0,0.0,0.46523623147214577,0.0,0.0,0.0,0.490021218201918,0.33770601744719686,0.47630182262902676,0.0,0.0,0.0,0.0,0.40950657053807604,0.0,0.4942905873602311,0.36232409042918673,0.0,0.2994763616197141,0.0,0.4951339232618749,0.5102503423946626,0.4939118557519228,0.5437779888775418,0.0,0.3196856950187277,0.49705528197069754,0.5246102838142025,0.5557226621168063,0.5121892184338931,0.41306466433443567,0.4942226740756427
0.4292118898332207,0.43617626826296885,0.36444047133965213,0.3699221647840792,0.0,0.4437395929400571,0.0,0.4129979420836795,0.0,0.0,0.43004105926225145,0.45780096081487603,0.4369276031026321,0.4845816238496915,0.43723378161453297,0.42411831720625903,0.397969163759833,0.42688309624843934,0.0,0.4631713177167744,0.0,0.4654938389928698,0.40405507400299756,0.524969588742771,0.43934843484045794,0.4510450431560912,0.47825251275550235,0.47746283311327725,0.45296761485604237,0.0,0.4229858360523754,0.46975682099431604,0.3948326690658633,0.43478126487533597,0.5157130594212229,0.462511379797214,0.0,0.4055113435504334,0.5012349795456532,0.44419420786339997,0.4981274822030539,0.5532385544942822,0.0,0.0,0.0,0.0,0.5029047393767184,0.0,0.0,0.0,0.4573570386961775,0.0,0.25284924496071925,0.0,0.0,0.0,0.0,0.0,0.0,0.5063731340474046,0.4909478217340063,0.0,0.0,0.0,0.474331985385573,0.3708952901316296,0.5019710979740122,0.4948202919491079,0.0,0.4183328011883788,0.5476653321322079,0.5107484648032337,0.4492167598021147,0.47134757017036577,0.0,0.0
0.41133173353694213,0.4122771118456335,0.0,0.0,0.4353295106543764,0.4547488369550011,0.48049170174822875,0.43693054003496884,0.4171195104943946,0.4172038857624657,0.0,0.0,0.489428307211977,0.0,0.4684449039084669,0.3955816756038024,0.4201635769080013,0.41628608272136913,0.0,0.3988495509208818,0.4654938389928698,0.0,0.47833077889076187,0.0,0.4048605654873341,0.4311567681666604,0.4609597499898755,0.4648974002822066,0.43629634991460314,0.43781666154911897,0.3906466424657034,0.4768589111670151,0.4245190573986012,0.4451286049159414,0.5027617102317613,0.543132626662665,0.4987949759078037,0.3117580345149889,0.48504061782715385,0.48594627785152417,0.4812050762634563,0.5294383814229984,0.0,0.35138458276294937,0.0,0.413079333236169,0.4698812278312305,0.0,0.0,0.0,0.46122505324589447,0.0,0.0,0.0,0.0,0.0,0.0,0.31483687069510696,0.0,0.5216923000669274,0.46228777801160104,0.0,0.41583854081173466,0.0,0.49749412219110056,0.49951783623650725,0.4923510058793434,0.5228413190395759,0.0,0.4656748253050258,0.5166038765425706,0.5084635517516718,0.38709060803410333,0.49063659691490863,0.0,0.4493595562845343
0.48633281821954194,0.4514684102935399,0.36504537013304605,0.4258348026600972,0.38211755916915796,0.4481463631381005,0.4240272706566067,0.3783540770747733,0.4276948059676559,0.49325919265188234,0.3084514805969363,0.450971162452798,0.4359130165366158,0.42107345483946435,0.4077988331913536,0.4541867503640352,0.3051987101064406,0.46524583723500446,0.25282437729856694,0.31218591819034136,0.40405507400299756,0.47833077889076187,0.0,0.5646398109930849,0.45578169925046297,0.47803037568478013,0.38095166127069435,0.4492005398975544,0.435483840069796,0.44154970368786395,0.44877763343179616,0.4409679946590787,0.45316777659565227,0.4705744028760539,0.5161860526674787,0.46959061110956696,0.44628322582798685,0.4596487632164105,0.5372872527697886,0.0,0.5346784872231037,0.5614845552718852,0.5083351694956137,0.44403683897032153,0.0,0.4935509032789407,0.46650144640431507,0.4350652424197049,0.0,0.5055571316609051,0.5126505474428817,0.5581067037622197,0.49068288467317484,0.5801633078931595,0.0,0.3489677778306558,0.41833579557770695,0.5422114352494388,0.5401303614112598,0.5105953978831516,0.35937385441445946,0.0,0.0,0.24151566572160207,0.5179727202893241,0.44534223992243516,0.520616873787577,0.4366714765250367,0.0,0.3141718045753616,0.5362784707818298,0.5438746107987997,0.5304296682923361,0.5191899226914412,0.5220983427980197,0.5414562719086933
0.3894174383700048,0.32773739462734985,0.3083996386890859,0.0,0.0,0.342174924528112,0.3508891977867594,0.5595433309313359,0.2967930725322822,0.35666695820717076,0.3939638074907275,0.3266525383184108,0.3286865562542426,0.4496686412321932,0.4792185891143679,0.383359784037795,0.37923355036575057,0.34641961001871985,0.30735915708882044,0.4066415433692673,0.524969588742771,0.0,0.5646398109930849,0.0,0.3462348188002593,0.3832618047622858,0.6384289142050221,0.3880733889453699,0.3911643878951325,0.0,0.368577975364063,0.26728739253556494,0.23799861860464205,0.24893165524618252,0.3219690568546643,0.0,0.0,0.23800453910267036,0.0,0.37187656706310573,0.0,0.0,0.0,0.0,0.0,0.28942732802254556,0.0,0.0,0.0,0.0,0.0,0.0,0.0,0.0,0.49055399788583487,0.0,0.45666113491266613,0.0,0.0,0.0,0.0,0.398956667022515,0.4245849695759527,0.0,0.0,0.0,0.0,0.0,0.40689518652010126,0.45265382955207706,0.4432901946315602,0.0,0.0,0.0,0.0,0.0
0.3667131599312532,0.39515986601996494,0.24786464129061336,0.0,0.3996646373842652,0.38291693558043255,0.38584181895691533,0.49960321963648024,0.18695916500298115,0.35661247085217707,0.35118843027518254,0.3852636895048842,0.414578702486361,0.424126528526831,0.41976661338727744,0.3918124372384776,0.324864464743404,0.34225316927163524,0.0,0.4135262585700655,0.43934843484045794,0.4048605654873341,0.45578169925046297,0.3462348188002593,0.0,0.3667768219270156,0.4239271025328403,0.43050746639973186,0.41222565623746793,0.34064477252915815,0.36878544957457676,0.4346513877048386,0.33783525469648146,0.3670648446921481,0.40491491977828586,0.0,0.0,0.339423178797723,0.45202915689913714,0.40320764798195663,0.43615051372739655,0.45684206457412474,0.0,0.0,0.0,0.4234513796368617,0.44440667063763206,0.0,0.0,0.0,0.2635727172509307,0.0,0.0,0.0,0.48386735347985904,0.0,0.47589276444537887,0.29210816555408087,0.0,0.42002359838486125,0.44524685502593536,0.43588816994646556,0.4271142584166978,0.0,0.0,0.4218888307015408,0.4242246518080922,0.3350908349527809,0.44504624973241824,0.43678768297279935,0.4419878852134396,0.31948816194678453,0.0,0.41621785017388885,0.0,0.4267008438575286
0.39025685110050823,0.4258688777880252,0.32146081912547764,0.0,0.3195218960970546,0.4356005867709461,0.3820369700158496,0.5253747637546672,0.25009426843166027,0.371955188498154,0.3058722333205977,0.3668220014324649,0.4226578633527186,0.4580030547801591,0.43627667274622506,0.4466049200893757,0.3606947957352114,0.38457173777669557,0.0,0.47387246488996443,0.4510450431560912,0.4311567681666604,0.47803037568478013,0.3832618047622858,0.3667768219270156,0.0,0.4945369461081344,0.43526211452470576,0.3778531584828579,0.31281104055052056,0.3993925414934754,0.47424332453864315,0.38709266846829954,0.4148622417676078,0.46702514709522275,0.5251825474146835,0.0,0.381079984697529,0.4884785433357859,0.4422459518215389,0.48240940057281007,0.5002614310533936,0.0,0.0,0.42452760170001935,0.46725026140540554,0.4966478293653302,0.0,0.0,0.0,0.4710129137803327,0.0,0.0,0.0,0.525724429569915,0.0,0.5139070114372575,0.37203643562286554,0.0,0.5626825961099895,0.48361059192639283,0.46940139431203404,0.4473444248383704,0.0,0.49838538167294244,0.5363438467896956,0.5154128840740612,0.5362084371452529,0.4782881802442485,0.46650445523997336,0.4899242547920644,0.5049299609777689,0.46493446704332647,0.49703274272468523,0.0,0.46045115422031047
0.559628537359736,0.4452448911403747,0.35391441560255205,0.4260962478025608,0.3884508289848799,0.4335775963922882,0.4355700899675634,0.47944351499603455,0.374236667143723,0.436853451762768,0.4025256875527252,0.3374754640647897,0.4392783635397052,0.46926154948552184,0.460048302797008,0.45530089716625893,0.29906596168158006,0.4457529146275184,0.4139349434711671,0.38029528742261265,0.47825251275550235,0.4609597499898755,0.38095166127069435,0.6384289142050221,0.4239271025328403,0.4945369461081344,0.0,0.45498496787239334,0.4057072289749498,0.44588323862669516,0.4425795853754483,0.47238234338007107,0.44023008694789006,0.4786374942957683,0.48920786621929807,0.5586782498631612,0.4687182897750204,0.3388476297518336,0.5507640594431468,0.5237379095686646,0.5638157343760057,0.5803696497669364,0.540353927004848,0.36256213044593405,0.3890371089672542,0.0,0.42661401569189006,0.6075232143265947,0.3659441208326879,0.5362856639121866,0.5380676134868404,0.5773812860962689,0.5164014966022,0.5841509500801825,0.36354968581003194,0.5734967961952937,0.4269189261059879,0.6040219606939388,0.5276891935689378,0.514819119404706,0.3045924788909764,0.0,0.0,0.5774211708294474,0.5477021232466601,0.5225812133562717,0.5517065993686809,0.5609059280793907,0.0,0.2999237136771019,0.519194397274588,0.5504531208360942,0.5668042924704233,0.5747289790518311,0.5134297768833381,0.5581210004206016
0.43022143239302,0.4621105889243841,0.43687747186789133,0.2768912191758709,0.34412355924687354,0.40519419403474843,0.36200100607905084,0.4533771520168383,0.41948005359661017,0.402294594365596,0.4361659774906409,0.38330719089596604,0.37988720389837255,0.33250273543359277,0.0,0.47990162686564664,0.42670761777693295,0.4488371167150864,0.44017253715583965,0.4175424652790108,0.47746283311327725,0.4648974002822066,0.4492005398975544,0.3880733889453699,0.43050746639973186,0.43526211452470576,0.45498496787239334,0.0,0.4040842319472076,0.35284973075277004,0.39072544841244117,0.4078574518751384,0.3888688216982624,0.37787092037320885,0.2317308844399657,0.29633946354331087,0.2669864035603096,0.3478221194538704,0.45731825653354174,0.0,0.31822794011049893,0.39072615260568166,0.43466208898453296,0.4035514807072394,0.0,0.0,0.2884342539276253,0.41161621268372495,0.0,0.0,0.5256637791793456,0.3730319043426472,0.49974434263440537,0.36242088063018585,0.3991495830530386,0.35440369402067873,0.4181160588751696,0.5597252993171455,0.0,0.46277214245083725,0.0,0.0,0.0,0.3388689913943096,0.4998149114853655,0.4796240011477312,0.0,0.5344719489330639,0.0,0.3276049054739276,0.41645796671457047,0.526890348511322,0.5729158329026484,0.5246209218625801,0.40466681777249613,0.5137230895996927
0.4619342438273427,0.44774589198669357,0.40318439410872653,0.3575976194369264,0.4642251905674773,0.3553915271773981,0.48608897996267125,0.420130307638274,0.4161113577212841,0.3557592538404351,0.0,0.3119023820008192,0.4842014911134707,0.0,0.4344736028845119,0.4583288245824783,0.3587660163838657,0.4471645142174338,0.0,0.3702713240115598,0.45296761485604237,0.43629634991460314,0.435483840069796,0.3911643878951325,0.41222565623746793,0.3778531584828579,0.4057072289749498,0.4040842319472076,0.0,0.3359256173314077,0.3828202758008233,0.45571696956763835,0.3474271023580274,0.4421025576563801,0.46925940480372047,0.519965665065057,0.43465032347890087,0.3352491266970642,0.5105555351862842,0.3951007867923918,0.5271476548185057,0.49722940266449167,0.48909417790875903,0.33948759621448465,0.0,0.0,0.43211006316392114,0.42590766323073204,0.3785047431240663,0.0,0.5086922225742263,0.36847486947925545,0.44541217832724095,0.0,0.0,0.36117623397908005,0.0,0.5946907273707959,0.0,0.48466606572258497,0.30461657863083647,0.0,0.30490160454915355,0.0,0.521354682119988,0.491003786639263,0.5265864585471067,0.5229728981258798,0.0,0.282814365802704,0.4705024682318918,0.5168683417644674,0.5275198366152782,0.4887395903506038,0.4669995435826856,0.5076822702510903
0.4114069689706338,0.4651712685548862,0.41528612704334744,0.0,0.0,0.45253559495320567,0.447727995820216,0.43511783032119633,0.4046311112813007,0.3342572582561812,0.0,0.4227570062421987,0.4338502681620711,0.0,0.0,0.4380449916691509,0.31388247939129665,0.3950355818299358,0.0,0.3111649820608568,0.0,0.43781666154911897,0.44154970368786395,0.0,0.34064477252915815,0.31281104055052056,0.44588323862669516,0.35284973075277004,0.3359256173314077,0.0,0.3437217905033753,0.42654207680341827,0.0,0.4000845403852271,0.39826453017855934,0.4006695961554797,0.3537644691571099,0.3960996683924156,0.5210993479829744,0.0,0.0,0.0,0.0,0.0,0.0,0.0,0.0,0.4000759437883775,0.0,0.0,0.46607928601331655,0.37457835367332626,0.3385042115969089,0.4158720453256015,0.0,0.0,0.0,0.3709963357493255,0.0,0.0,0.0,0.0,0.0,0.0,0.4698376356520634,0.0,0.0,0.5319907760408498,0.0,0.0,0.0,0.5253657254843853,0.3960038186683007,0.4429136816366662,0.0,0.46340796756987335
0.4063490430013498,0.3942323679530364,0.4312853748843439,0.3345734216085855,0.4259848497368521,0.4388539195110293,0.4094746296854347,0.4507425179895245,0.4206625722669552,0.33814479620353927,0.44770049177920307,0.3677247930908523,0.43940317409488056,0.4403039649911696,0.4386255756000826,0.38802811752219074,0.35584981128892884,0.3712532694298768,0.4268664251039918,0.39295943224579116,0.4229858360523754,0.3906466424657034,0.44877763343179616,0.368577975364063,0.36878544957457676,0.3993925414934754,0.4425795853754483,0.39072544841244117,0.3828202758008233,0.3437217905033753,0.0,0.41755386596020644,0.35360416862642263,0.29085860288552307,0.24998276568538258,0.43167060640344407,0.3834144604497939,0.26227943804271536,0.5223152397178835,0.0,0.5253895842159876,0.0,0.0,0.4066113204146665,0.26918954226076064,0.0,0.44574920449160105,0.3989252710117006,0.0,0.0,0.5164444705390103,0.33001526446040574,0.4983694287285209,0.33656280176301745,0.4740708118119187,0.0,0.0,0.3880125054235891,0.0,0.4812478774306433,0.0,0.0,0.0,0.0,0.4793439589304888,0.0,0.48519023373883263,0.5316705504483011,0.0,0.4215885269124512,0.4570604843558243,0.528087296910679,0.5033863941606297,0.49833276792943043,0.0,0.5057586113357184
0.4666505481480117,0.4510502028450315,0.4023374132283898,0.3034542835838069,0.3725533107220307,0.4288975592254802,0.3954063242352352,0.41710192792941336,0.3951069553204293,0.3726097258203777,0.3581335792417806,0.273119710164339,0.414946566152156,0.2813890262854712,0.4712691226600911,0.46670438256039837,0.45797117437993706,0.4821368834570823,0.3878208398144101,0.4667011915970284,0.46975682099431604,0.4768589111670151,0.4409679946590787,0.26728739253556494,0.4346513877048386,0.47424332453864315,0.47238234338007107,0.4078574518751384,0.45571696956763835,0.42654207680341827,0.41755386596020644,0.0,0.39413403190706275,0.41337871933489195,0.4201573923481277,0.27455301650896247,0.3338289167604688,0.29646593099856344,0.3078724795098882,0.31597732356410374,0.3469685773040722,0.3529432616446086,0.3878818295140769,0.32543909210351213,0.2828750744527618,0.0,0.4861099464193771,0.500854140081884,0.0,0.42035035897239814,0.4778464140403778,0.23761960800750176,0.4779759163835523,0.5176784951205102,0.22801807773331706,0.33146823883588167,0.27027968150045323,0.4056987345157961,0.0,0.5185108008484742,0.5153412311493057,0.3760821255696091,0.5431028234892405,0.44377461409023267,0.4942115854584362,0.49579349453712923,0.4964422055956028,0.5276815506291089,0.25756858402962796,0.5031658232565521,0.5183468775303507,0.5100756148023433,0.3924655428739597,0.501066241152234,0.0,0.420178855174384
0.3527555495609874,0.3663573009257876,0.0,0.0,0.0,0.4249023623681105,0.420394095671683,0.49165767883532496,0.40744019085197236,0.36788592089344374,0.3588874242965685,0.31148787246287923,0.4422584356468814,0.5591042766567563,0.4442221258812738,0.39916218335639625,0.38238115786845117,0.3593812952089219,0.0,0.417556917283011,0.3948326690658633,0.4245190573986012,0.45316777659565227,0.23799861860464205,0.33783525469648146,0.38709266846829954,0.44023008694789006,0.3888688216982624,0.3474271023580274,0.0,0.35360416862642263,0.39413403190706275,0.0,0.267823002636723,0.48246305340817897,0.517449578434331,0.21983628962867996,0.18955464119232662,0.35463016124575686,0.30261127951076944,0.2807525396260173,0.3534175403930427,0.0,0.0,0.25265517757713796,0.4424305382586386,0.4659175974754014,0.0,0.0,0.0,0.0,0.0,0.0,0.3070992501474094,0.4165925570037024,0.0,0.3718820886258648,0.2697886219410796,0.0,0.5214357627362075,0.4562919010676566,0.0,0.4629788419339181,0.0,0.4721019672373739,0.0,0.4974946044118382,0.42689660603318424,0.37410368019373624,0.4388498176420911,0.45120769320788284,0.0,0.29471422551651366,0.4590466922618913,0.0,0.37611447472827125
0.42448451917246943,0.40276023267946254,0.43289260279169967,0.2907118482791774,0.4166424050684992,0.42736014483506085,0.39516418538237447,0.4696475967794823,0.4092913219220567,0.35342242932098134,0.42477023815621895,0.27463752151413956,0.41687820162016376,0.4893246513996088,0.4688187735180223,0.4048452264746715,0.3787104512348486,0.3864105693904073,0.40649131947747746,0.45167476317843896,0.43478126487533597,0.4451286049159414,0.4705744028760539,0.24893165524618252,0.3670648446921481,0.4148622417676078,0.4786374942957683,0.37787092037320885,0.4421025576563801,0.4000845403852271,0.29085860288552307,0.41337871933489195,0.267823002636723,0.0,0.33984762314332484,0.47098260690283733,0.3224271199422242,0.20985536240401553,0.34881592243018894,0.47066074701429994,0.2842002763929897,0.38960729624080864,0.0,0.2929671742842827,0.24099982429216424,0.44587422536695903,0.46474118160084776,0.3824731344220633,0.0,0.0,0.510048369142443,0.3046383033662282,0.4926029552513984,0.32949920039227243,0.33246454426109234,0.0,0.3722270097334647,0.32595623111603217,0.0,0.5152353173918593,0.45491986126522854,0.0,0.4404910118857761,0.0,0.4930314414801723,0.4722256839198533,0.4860149913913278,0.5426335346727855,0.0,0.44266377956659936,0.48794418765856906,0.5386860087783097,0.33370848437186823,0.5196094392634776,0.0,0.36492425231197234
0.46097777335487344,0.46113911076487735,0.0,0.2640227815281192,0.0,0.4451452411383752,0.0,0.47071138880134944,0.3766467362975141,0.29173469324025864,0.4111241342511355,0.3075338891762241,0.4062139793283738,0.0,0.516713035834671,0.45405052638088056,0.40445378205444776,0.42890949749124085,0.0,0.4845624661865523,0.5157130594212229,0.5027617102317613,0.5161860526674787,0.3219690568546643,0.40491491977828586,0.46702514709522275,0.48920786621929807,0.2317308844399657,0.46925940480372047,0.39826453017855934,0.24998276568538258,0.4201573923481277,0.48246305340817897,0.33984762314332484,0.0,0.4209044985206489,0.3577427108764619,0.26873271711857116,0.36615269842675074,0.0,0.0,0.4061062177104623,0.3199333187098499,0.34306613486993975,0.29667885097508895,0.0,0.4943842888559492,0.30949139367486855,0.0,0.0,0.368401094842156,0.27267548614276665,0.0,0.290403265105763,0.0,0.0,0.35846845389165827,0.25010859797879625,0.0,0.5425725908717463,0.48061376867263583,0.0,0.0,0.0,0.5019481156969703,0.5797844888727922,0.5185904928490841,0.5144055327355036,0.0,0.4739580512672187,0.5166931229287719,0.4782287104305698,0.3060662555985395,0.4819931737070311,0.0,0.0
0.455030104279391,0.0,0.40382251817548526,0.2030048722395386,0.2565278723023975,0.4519809018882101,0.308950687549327,0.3305069338477009,0.401901070262408,0.2310968837483142,0.2440333553737001,0.3166073780905287,0.35096425290844224,0.2027337792972258,0.5390274159951322,0.0,0.0,0.0,0.34769648842755174,0.522699565632473,0.462511379797214,0.543132626662665,0.46959061110956696,0.0,0.0,0.5251825474146835,0.5586782498631612,0.29633946354331087,0.519965665065057,0.4006695961554797,0.43167060640344407,0.27455301650896247,0.517449578434331,0.47098260690283733,0.4209044985206489,0.0,0.19420552185211667,0.0,0.3889770060516656,0.0,0.0,0.0,0.34309637001217175,0.0,0.0,0.0,0.0,0.47496759761052704,0.0,0.3463759516099716,0.45025757505532393,0.41270293159867366,0.36728816658454866,0.4700944809220278,0.0,0.3719946647326343,0.0,0.41265224325092786,0.0,0.48391734330223446,0.0,0.0,0.0,0.44332884064488887,0.0,0.0,0.0,0.5074695625963578,0.0,0.0,0.0,0.4976709403647751,0.49238318212211307,0.4754941205148388,0.0,0.0
