0.0,0.4305846489250065,0.39125589983472464,0.0,0.3540512355187358,0.5397279850712742,0.36470459723655735,0.4929108650442949,0.3773639799240895,0.4535860253362477,0.0,0.0,0.4051260335147142,0.0,0.3649505620350191,0.36359292121652864,0.3720135908644848,0.3653218985656239,0.0,0.39655610456054424,0.41655251017817985,0.3925622389084334,0.4738095572127054,0.4258615769889518,0.43236462912240103,0.4552485357815395,0.41105490643099996,0.0,0.420884323721449,0.0,0.43726067495889465,0.457756409096032,0.38002642348115445,0.43861446547120275,0.43666101516567196,0.3155857149992023,0.0,0.0,0.0,0.0,0.3644174666249108,0.0,0.0,0.0,0.0,0.3094011816207566,0.35966557328098536,0.0,0.0,0.0,0.0,0.0,0.0,0.0,0.0,0.0,0.0,0.0,0.0,0.0,0.3507410451506439,0.0,0.35887082699482903,0.0,0.42270864124800844,0.3823181510354064,0.39211728658789274,0.0,0.0,0.3455777033911942,0.39546411051949526,0.0,0.0,0.4106416479116711,0.0,0.32389938809756547
0.4305846489250065,0.0,0.40036274347025835,0.0,0.5452530863449069,0.5194321658818455,0.7042492985117412,0.40831090338409826,0.6911043461291053,0.4044401415937254,0.32883818118844843,0.0,0.5520718625803273,0.0,0.3734914579387429,0.4252678188792052,0.0,0.3894970264755424,0.4257323862966448,0.5136797007939468,0.43654843858099274,0.48730336919823636,0.43153384216916124,0.41400565300405884,0.5052694311863467,0.5307875817430655,0.4856724857375762,0.4954559208246234,0.5299567656398283,0.0,0.46297929821996775,0.4823433990823782,0.3991962055692963,0.4440662663809695,0.4524996025301431,0.3113036232519409,0.46482584053002063,0.0,0.45426821958935876,0.3901223257798026,0.407684172603004,0.44801644102824917,0.3903950272641182,0.0,0.0,0.4392950529365926,0.4297136721951107,0.0,0.0,0.0,0.3408206900297613,0.0,0.0,0.0,0.0,0.0,0.0,0.2602518765740806,0.0,0.4281443607334551,0.3972416353828885,0.0,0.382611898895415,0.0,0.372254083128513,0.4344114690949707,0.41722431147027317,0.4282784632287166,0.0,0.37948925964076147,0.4395245756485158,0.3937734367007723,0.27385560379175367,0.3750088187736746,0.0,0.3835466448048572
0.39125589983472464,0.40036274347025835,0.0,0.38164219275064926,0.4911132415116219,0.47739728547418275,0.4754338775215068,0.5246003416253271,0.4276973460893405,0.3915902595276161,0.38710284265374023,0.3089313780521789,0.4787543385488268,0.47327261233623735,0.3473978214804446,0.4028877240410583,0.0,0.0,0.40060077337651795,0.4044514136117933,0.37583706198799083,0.4256373967881469,0.47453491860821795,0.34613318929867415,0.3069894191756084,0.3184933857529917,0.4664588472871817,0.4674448268266678,0.4580296051756406,0.4116999975527242,0.456124172037576,0.4253153744700175,0.3085373277649214,0.4474496198325665,0.4408619029759831,0.44597409237421715,0.42945955631436494,0.30835635346942525,0.3666385782394652,0.0,0.32208502782217285,0.29442070081422506,0.5055784656215924,0.0,0.0,0.0,0.3097583596060809,0.4478502271543709,0.0,0.468704209205631,0.5338955735309205,0.4141920604070295,0.5652284174168942,0.5546617682511088,0.0,0.3482110337937296,0.0,0.48345995256685226,0.542248249655199,0.31877954588659213,0.0,0.0,0.0,0.3876579389803735,0.3097952039207777,0.32037354833581716,0.3041638841602582,0.5322974471522784,0.0,0.0,0.0,0.5433676971552964,0.3195889397601094,0.3321559545934596,0.0,0.0
0.0,0.0,0.38164219275064926,0.0,0.444396798816169,0.43510040100904396,0.4116869699431478,0.3703934259181493,0.4748497369231763,0.2824643414719261,0.4227772316627427,0.3138334294163975,0.4194482762141898,0.35700197031875364,0.0,0.0,0.0,0.0,0.46320289184352864,0.3563232391378024,0.0,0.38575196326021566,0.38513462241283625,0.36931175346096806,0.30725131902944985,0.40454842404941466,0.39624868408961933,0.4044174405745934,0.3615873004000978,0.3074176840442049,0.3640198961484422,0.3003340058429021,0.0,0.2746493083825093,0.358256973978805,0.30191476572450904,0.2928074498805122,0.25547028384123444,0.0,0.0,0.0,0.0,0.0,0.0,0.0,0.0,0.0,0.0,0.0,0.0,0.31191056168020453,0.0,0.0,0.0,0.0,0.0,0.0,0.32206711052085346,0.0,0.0,0.0,0.0,0.0,0.0,0.0,0.0,0.0,0.2871170359549042,0.0,0.0,0.0,0.2848854124199209,0.3267468353630737,0.3057532839451391,0.0,0.0
0.3540512355187358,0.5452530863449069,0.4911132415116219,0.444396798816169,0.0,0.4807266842278815,0.4666495199025529,0.427184041153519,0.5029206739835816,0.5192482926897681,0.4899224192893622,0.41397929837054215,0.450979316094067,0.46395764512362647,0.0,0.48395338539740806,0.0,0.4127373198498814,0.518279617668623,0.5273610683101171,0.3539378405692138,0.510906493226667,0.41512512670505913,0.4482489069335852,0.49568563320650416,0.43495081591845275,0.43133577024252984,0.445507698357297,0.49021686604911596,0.5021857154587827,0.4689542972811679,0.48232842735930936,0.4140199133209673,0.4761395568413799,0.4790522396108752,0.4105855212904318,0.38593335476967167,0.38237457489382004,0.30838220826680857,0.330044585734926,0.310680112893966,0.3175549721326966,0.40058212734967197,0.0,0.0,0.35810667446057276,0.3398476032898844,0.0,0.0,0.0,0.40485997983579664,0.30278403517444746,0.0,0.0,0.0,0.0,0.0,0.2929667542314516,0.0,0.3386205809093099,0.32798511041799566,0.0,0.3373062715042674,0.0,0.31156304618469594,0.355188580913955,0.319722338127427,0.45711142930549753,0.0,0.0,0.3335910521186202,0.38461571502974023,0.26493711620888205,0.30544545566074566,0.0,0.3052783479509999
0.5397279850712742,0.5194321658818455,0.47739728547418275,0.43510040100904396,0.4807266842278815,0.0,0.47352373204446524,0.46969667142372895,0.5256543045176425,0.47808668106963453,0.46746260230369596,0.37115891099795006,0.4771664077451636,0.43077402101544404,0.41004358437154853,0.49396872166023603,0.0,0.5264953168267806,0.5425125745734534,0.5167966476748458,0.4973954431122198,0.50816418119939,0.476590047830991,0.37125080771731894,0.4970608659759669,0.4267374846916769,0.4822684219494239,0.4815628859022905,0.5110632924697762,0.45761611421145104,0.4663566765060312,0.4534991093506357,0.4416604165097054,0.4843792877726257,0.4725234173450793,0.43514063864924685,0.4501689541837804,0.37270449571126113,0.4398566514034407,0.0,0.39217947959109817,0.3348216833014943,0.38716481027921723,0.24778304270549184,0.0,0.36529411584882615,0.346731834261766,0.0,0.3077181328688372,0.35800823867351944,0.48768159434619673,0.33002011956806193,0.5107082556720739,0.5340223397571473,0.0,0.5763750339646857,0.0,0.4242590438508381,0.4290093859410146,0.3916242522588128,0.2555341988510837,0.0,0.29902164953150606,0.0,0.40125808045081635,0.4371371487639494,0.3015178211954949,0.48038199348054,0.0,0.0,0.4173655512784203,0.4745376761181615,0.40245250578502473,0.43835426022058116,0.396769520363758,0.39090817436755076
0.36470459723655735,0.7042492985117412,0.4754338775215068,0.4116869699431478,0.4666495199025529,0.47352373204446524,0.0,0.0,0.4893085296845837,0.54327632739966,0.495374093054481,0.4480034515905051,0.4211732809487131,0.5438058444524421,0.0,0.5494564354810038,0.0,0.48413373716927327,0.4832561795616954,0.526243609537357,0.0,0.5422380656259435,0.3803321624214378,0.4413727607639143,0.5373706109552414,0.5763454933672147,0.44350711111144786,0.41124525573292003,0.4952953095498473,0.4812918389093116,0.45566803879509465,0.38395245710874865,0.49768583575936165,0.48507027926433816,0.47847351785362596,0.34265393238661124,0.459428178700005,0.3997703305445991,0.1165129190801601,0.0,0.20243074733325897,0.24810367922500237,0.0,0.0,0.0,0.0,0.30129306044194415,0.0,0.0,0.0,0.0,0.0,0.0,0.0,0.0,0.0,0.0,0.0,0.0,0.0,0.31639750908408043,0.0,0.0,0.0,0.0,0.0,0.29697328484684044,0.0,0.0,0.0,0.0,0.0,0.0,0.3358831488754374,0.0,0.0
0.4929108650442949,0.40831090338409826,0.5246003416253271,0.3703934259181493,0.427184041153519,0.46969667142372895,0.0,0.0,0.520499938276255,0.3388241629020841,0.47613000796906574,0.0,0.4074186261086641,0.3712814923925235,0.4410992971333646,0.0,0.0,0.0,0.560016728550377,0.4252013926365826,0.41029802879071914,0.4235421177844761,0.43437032711309037,0.5092451876748271,0.4963672226391654,0.4954457439415934,0.4706400844630248,0.417476175453917,0.44632827310192874,0.39273114854162405,0.4117806669384212,0.3949585912565017,0.35413541417249106,0.4194830380682966,0.43571670413883956,0.3215056482567066,0.3917808165518886,0.0,0.42998123004036126,0.0,0.39984065659893747,0.39534512327063154,0.39996699523933654,0.0,0.0,0.0,0.45589385583798125,0.0,0.0,0.38368635422651737,0.4241190386620401,0.407246848648617,0.41677519535376983,0.4802864696179217,0.0,0.4946888606167004,0.0,0.438133936292274,0.0,0.42000871284102803,0.3706714299348497,0.0,0.0,0.4215720506187581,0.4277867664323427,0.4833140045889015,0.4489377574373534,0.4454194958966699,0.0,0.0,0.0,0.45919882145720736,0.40977957211400406,0.41452560345973655,0.0,0.0
0.3773639799240895,0.6911043461291053,0.4276973460893405,0.4748497369231763,0.5029206739835816,0.5256543045176425,0.4893085296845837,0.520499938276255,0.0,0.5007890846795755,0.49247079712266806,0.4494970910405599,0.4871161479865284,0.4779701871281078,0.36092199696155136,0.4964874093812529,0.0,0.33586340526783687,0.4854922166325373,0.5101537093731627,0.38476501156702864,0.5301768516246972,0.4952795642726313,0.3926024911371511,0.5687191152783551,0.44711957091964183,0.4871613003871094,0.49161293528520345,0.5373653633338868,0.4764053800628485,0.4935302512481796,0.46521710390518445,0.42625241055988616,0.4979038899689646,0.5088838131048266,0.47932481722136205,0.48296504800289064,0.4814138382865455,0.37339995876506626,0.0,0.25517553339991955,0.27385948371183766,0.4793218051468303,0.2729192136161609,0.0,0.0,0.325408025050968,0.5167890025109896,0.0,0.4154885545460527,0.5229714675961463,0.3795272574011299,0.555589457107808,0.5101913646241147,0.0,0.5746055465188301,0.0,0.42408604549781875,0.5252708730261507,0.333013621111686,0.3313357202175145,0.0,0.0,0.0,0.3251499551404245,0.34429665685173894,0.31193293093492297,0.5186824043424003,0.0,0.0,0.3206305641848886,0.5283524187447924,0.30158755194717063,0.33363902111416055,0.0,0.2702521454637778
0.4535860253362477,0.4044401415937254,0.3915902595276161,0.2824643414719261,0.5192482926897681,0.47808668106963453,0.54327632739966,0.3388241629020841,0.5007890846795755,0.0,0.46841794363791334,0.40403435746963695,0.45230647684878705,0.0,0.0,0.35342043139430335,0.38797788071360195,0.3911607354396794,0.46261157595672786,0.3161687241788245,0.0,0.35695112822578745,0.3468138098992718,0.4275549950159099,0.48954528222019467,0.5293057441623867,0.35684319282641414,0.4398650093400528,0.3432080492727802,0.33611052147559306,0.4204803555247662,0.37834022779315196,0.3768712779673301,0.3706295849753183,0.35261293827961016,0.30929582109158,0.33413271139820633,0.34521176656611174,0.20893474405858262,0.35733577181509835,0.3382188144929175,0.3103080528590054,0.285989600703353,0.0,0.36597327978915545,0.0,0.0,0.0,0.0,0.0,0.3140065384408957,0.0,0.0,0.0,0.43453706632188316,0.0,0.4128276168002944,0.2714899051017755,0.0,0.0,0.3593950644832932,0.42001119123957154,0.4083966665571804,0.0,0.0,0.0,0.0,0.0,0.41665898954055197,0.39752007592087213,0.4754068011860749,0.0,0.3536812835445458,0.31804244195190073,0.0,0.41479928244097003
0.0,0.32883818118844843,0.38710284265374023,0.4227772316627427,0.4899224192893622,0.46746260230369596,0.495374093054481,0.47613000796906574,0.49247079712266806,0.46841794363791334,0.0,0.4178681654287466,0.47733227682676876,0.4453558079673201,0.0,0.35205007103466923,0.0,0.32644700400915494,0.42905710224200644,0.33487325976602816,0.38920048995725165,0.34187310202389365,0.34433717200779107,0.43403954796125566,0.3728524091289489,0.2528950446466809,0.5023357024708761,0.4790044103283318,0.39394960024366243,0.412986119258311,0.4835226035053769,0.42961464620120515,0.31337539030080386,0.4647239151295265,0.456469184911416,0.3850554678738797,0.4290701469639985,0.40540868178229883,0.3874707155039042,0.0,0.30748056727395434,0.29839989617888907,0.4600920668920257,0.0,0.0,0.0,0.32312327677373137,0.49202074011838154,0.0,0.4665417439542887,0.46664723566884514,0.43234337518618077,0.519204651984619,0.4851614980800665,0.0,0.3679861642191532,0.0,0.4322471772402951,0.48286872587092905,0.0,0.0,0.0,0.0,0.4939230931942684,0.2897493122662733,0.0,0.29930289707930924,0.47889997105333454,0.0,0.0,0.0,0.4887733379897202,0.3388304056570383,0.3412483458675589,0.0,0.0
0.0,0.0,0.3089313780521789,0.3138334294163975,0.41397929837054215,0.37115891099795006,0.4480034515905051,0.0,0.4494970910405599,0.40403435746963695,0.4178681654287466,0.0,0.4852624940094162,0.0,0.0,0.3117625509762296,0.44806428643904717,0.4334198086721276,0.0,0.3350752390166949,0.466223292307224,0.30953167524813296,0.0,0.4331634985656164,0.4541497609773896,0.5215915043290937,0.31736595545788227,0.43869429943963095,0.30359704379167485,0.0,0.3827216244640076,0.300571717366847,0.3368006043446942,0.3257351644509798,0.32967124251993807,0.3400597808504951,0.3538208556967678,0.34873896171942526,0.2319091988723929,0.3442533338323104,0.3029276581536827,0.28642126273226787,0.2990056032566484,0.0,0.2944007022064147,0.0,0.0,0.0,0.0,0.0,0.0,0.0,0.0,0.0,0.41583696498936196,0.0,0.3766625720721858,0.3011406317008316,0.0,0.0,0.3391562962295711,0.4057691337537986,0.4120142326182815,0.0,0.0,0.0,0.0,0.0,0.37961448113225876,0.411430871487973,0.47339269891782526,0.0,0.31907856196831763,0.0,0.0,0.3897054293992352
0.4051260335147142,0.5520718625803273,0.4787543385488268,0.4194482762141898,0.450979316094067,0.4771664077451636,0.4211732809487131,0.4074186261086641,0.4871161479865284,0.45230647684878705,0.47733227682676876,0.4852624940094162,0.0,0.5050786010993508,0.0,0.5211384764182964,0.4602620650399118,0.4769889767261696,0.4842932994217434,0.5169321262631473,0.5049050578418366,0.5043205299350386,0.41854441090526395,0.5535687775139102,0.48498160994486156,0.4886566141300635,0.4545423713906176,0.43352932702099567,0.49105061192043037,0.4462934435001941,0.4386534430447806,0.3921327088644563,0.40829117679870536,0.4731037813629738,0.4587432681362536,0.4247407394756879,0.42940293890904224,0.41203780670405854,0.2230207024909336,0.0,0.22097309924340675,0.25199142809283,0.22782296677789565,0.19797580411243781,0.0,0.0,0.2796879836364878,0.0,0.0,0.0,0.32084219191597274,0.0,0.0,0.0,0.0,0.0,0.0,0.02953059534129332,0.0,0.0,0.2766840537938757,0.0,0.0,0.0,0.0,0.0,0.28152125091572994,0.4576926681125298,0.0,0.0,0.0,0.4091905196468728,-0.23318454303997982,0.3232835934304784,0.0,0.0
0.0,0.0,0.47327261233623735,0.35700197031875364,0.46395764512362647,0.43077402101544404,0.5438058444524421,0.3712814923925235,0.4779701871281078,0.0,0.4453558079673201,0.0,0.5050786010993508,0.0,0.0,0.0,0.0,0.0,0.4805729064312331,0.0,0.0,0.0,0.4103755621536344,0.0,0.0,0.0,0.46042368588819016,0.3325024913370966,0.0,0.0,0.4092073000776722,0.2732656213054447,0.0,0.3011868496572202,0.34598313025521793,0.3066604818396844,0.28727159760523596,0.0,0.0,0.0,0.0,0.0,0.0,0.0,0.0,0.0,0.0,0.0,0.0,0.0,0.0,0.0,0.0,0.0,0.0,0.0,0.0,0.0,0.0,0.0,0.0,0.0,0.0,0.0,0.0,0.0,0.0,0.0,0.0,0.0,0.0,0.0,0.0,0.0,0.0,0.0
0.3649505620350191,0.3734914579387429,0.3473978214804446,0.0,0.0,0.41004358437154853,0.0,0.4410992971333646,0.36092199696155136,0.0,0.0,0.0,0.0,0.0,0.0,0.0,0.0,0.0,0.0,0.41743104201647113,0.3962673931269859,0.410336887578659,0.4348145000853404,0.4243835834961658,0.4179840353466012,0.403762708468214,0.4417225986997788,0.0,0.0,0.0,0.0,0.41331183671570826,0.34318702237983423,0.4212286621848731,0.4571215505265666,0.35983286084100863,0.0,0.0,0.41885941140370386,0.42934325477470114,0.32987936346934027,0.41506608801711575,0.0,0.0,0.0,0.512911090030967,0.40241120029450794,0.0,0.0,0.0,0.4032477801063293,0.0,0.5257736236035283,0.0,0.0,0.0,0.0,0.0,0.0,0.44313472959040057,0.26852129466920727,0.0,0.0,0.0,0.4211634372094273,0.4270582412729142,0.4270116861257892,0.4544160690785621,0.0,0.0,0.3725626939590464,0.4452541348001393,0.35002569434711495,0.39867151841635556,0.37745360107070935,0.2853301739421668
0.36359292121652864,0.4252678188792052,0.4028877240410583,0.0,0.48395338539740806,0.49396872166023603,0.5494564354810038,0.0,0.4964874093812529,0.35342043139430335,0.35205007103466923,0.3117625509762296,0.5211384764182964,0.0,0.0,0.0,0.30246231405538593,0.32808916207259403,0.0,0.3461459539774775,0.37956181226739416,0.37448770820480237,0.0,0.37711328403158173,0.4008683055447083,0.4212756843591886,0.4145677838759425,0.47785918474104366,0.440374375623825,0.41835264190522714,0.34076185546794924,0.45474772937260355,0.3509803291646682,0.373489281124952,0.3832936368690555,0.0,0.0,0.0,0.3943699619226377,0.3522453618197604,0.3591311699212001,0.3850252645473887,0.0,0.0,0.0,0.3769985689934122,0.37281019741736765,0.0,0.0,0.0,0.0,0.0,0.0,0.0,0.2551220571304722,0.0,0.0,0.0,0.0,0.3864768875033791,0.35775052433560195,0.0,0.35904214217385183,0.0,0.28653605420327677,0.37049454264472226,0.3644517720803935,0.3002109843679533,0.0,0.36153577712756724,0.399232639646539,0.0,0.0,0.30947946513714303,0.0,0.34109656984315295
0.3720135908644848,0.0,0.0,0.0,0.0,0.0,0.0,0.0,0.0,0.38797788071360195,0.0,0.44806428643904717,0.4602620650399118,0.0,0.0,0.30246231405538593,0.0,0.3217958453203832,0.0,0.4300534585407223,0.0,0.3925077325222398,0.0,0.3871018083861337,0.41025191701776703,0.4908010918186243,0.0,0.47205825426643605,0.0,0.0,0.38064660280530643,0.4536418158354988,0.3576308945781615,0.4298442766913726,0.42211345860505456,0.0,0.0,0.32210612367693897,0.0,0.0,0.0,0.0,0.0,0.0,0.0,0.0,0.0,0.0,0.0,0.0,0.0,0.0,0.0,0.0,0.41492755928194086,0.0,0.3940517196072986,0.0,0.0,0.0,0.0,0.35455418325896976,0.3784222243665958,0.0,0.0,0.0,0.0,0.0,0.3773010716313132,0.0,0.4492595462452768,0.0,0.0,0.0,0.0,0.35201590971077684
0.3653218985656239,0.3894970264755424,0.0,0.0,0.4127373198498814,0.5264953168267806,0.48413373716927327,0.0,0.33586340526783687,0.3911607354396794,0.32644700400915494,0.4334198086721276,0.4769889767261696,0.0,0.0,0.32808916207259403,0.3217958453203832,0.0,0.0,0.38105515837235016,0.0,0.37345424169581387,0.0,0.38024802188792445,0.4047003060559103,0.45475605138699776,0.3978357235568674,0.480597149509903,0.43571544573045723,0.0,0.3767786015292158,0.5260275581831937,0.3541672990077054,0.4169704890617531,0.41349201206886044,0.0,0.0,0.284386026116651,0.0,0.0,0.0,0.0,0.0,0.0,0.0,0.3704767194276875,0.34060557727148366,0.0,0.0,0.0,0.0,0.0,0.0,0.0,0.39544216214871547,0.0,0.37876324785160115,0.0,0.0,0.0,0.37137503112399,0.3756275963878299,0.39164883950440393,0.0,0.0,0.0,0.31410123699099135,0.0,0.336563404336927,0.3787573610020523,0.4337788397462682,0.0,0.0,0.0,0.0,0.36501208858315226
0.0,0.4257323862966448,0.40060077337651795,0.46320289184352864,0.518279617668623,0.5425125745734534,0.4832561795616954,0.560016728550377,0.4854922166325373,0.46261157595672786,0.42905710224200644,0.0,0.4842932994217434,0.4805729064312331,0.0,0.0,0.0,0.0,0.0,0.3628626897021654,0.3375943371110243,0.38364807049152916,0.4716945574471286,0.0,0.30053700684088913,0.0,0.4900943079649904,0.48616871896061514,0.4216054065454543,0.4477482090793966,0.49768840973210227,0.4667337157438417,0.3635989267963505,0.4969228702370355,0.48114497717276106,0.46041153610694063,0.46279975229526454,0.4012702892272896,0.4109040135769666,0.0,0.2888216470226425,0.3018647755143588,0.5134182892139582,0.0,0.0,0.0,0.0,0.3666687137433401,0.0,0.4645792903747194,0.5308852755670374,0.4403262458838923,0.5889642013031556,0.5662991134690364,0.0,0.3347725829261268,0.0,0.4177672520044091,0.5377291728482008,0.0,0.0,0.0,0.0,0.576886759651014,0.0,0.0,0.32328797461259695,0.538609222467632,0.0,0.0,0.0,0.5422657826270022,0.33785047134652474,0.3603637177792183,0.0,0.0
0.39655610456054424,0.5136797007939468,0.4044514136117933,0.3563232391378024,0.5273610683101171,0.5167966476748458,0.526243609537357,0.4252013926365826,0.5101537093731627,0.3161687241788245,0.33487325976602816,0.3350752390166949,0.5169321262631473,0.0,0.41743104201647113,0.3461459539774775,0.4300534585407223,0.38105515837235016,0.3628626897021654,0.0,0.42651299620241884,0.4247198263806546,0.44649581128029614,0.3333060785773805,0.41905364147051044,0.4478703388035082,0.44926493381952803,0.4487851774952498,0.41430334221105597,0.4471366849723128,0.38919616770811927,0.46353265572952557,0.380229211396386,0.4311552139807561,0.46340502954736956,0.3497421931408887,0.3831391240622219,0.0,0.4370352704331407,0.2293050229018883,0.10387360019957065,0.3929918442439362,0.329861294249322,0.0,0.0,0.33656805863422257,0.302751636472957,0.0,0.0,0.0,0.38667590549419,0.0,0.0,0.0,0.0,0.0,0.0,0.3129330051546097,0.0,0.4129303139827371,0.1794574636790434,0.0,0.22742475819960814,0.0,0.40878538822011556,0.41192887968249614,0.3936384618344824,0.44110087887814764,0.0,0.20307665110079615,0.39745236123250727,0.4505927375261569,0.23752347271645813,0.35279306296256663,0.30981576148803275,0.28294110922783644
0.41655251017817985,0.43654843858099274,0.37583706198799083,0.0,0.3539378405692138,0.4973954431122198,0.0,0.41029802879071914,0.38476501156702864,0.0,0.38920048995725165,0.466223292307224,0.5049050578418366,0.0,0.3962673931269859,0.37956181226739416,0.0,0.0,0.3375943371110243,0.42651299620241884,0.0,0.4150331214154992,0.36366263580605845,0.4842229038957822,0.42021325445730856,0.4233388018560667,0.4425757403105088,0.0,0.4184683552588501,0.0,0.0,0.43729192310946785,0.36685393275829975,0.4076871682583662,0.442456041749572,0.35100346691082795,0.0,0.0,0.4227398656327924,0.0,0.3515497117965164,0.4332318902156724,0.3106103008844174,0.0,0.0,0.43412437797995684,0.42669176793327035,0.0,0.0,0.0,0.4237666591169889,0.0,0.3768040723568141,0.0,0.0,0.0,0.0,0.3609768204191708,0.0,0.42249634830482447,0.324858087772149,0.0,0.0,0.0,0.3981490178146311,0.39345115169412914,0.4033478077321224,0.44009501149644015,0.0,0.0,0.43114252890855087,0.425233575065201,0.362068223265657,0.4124439672298766,0.0,0.3189669858662336
0.3925622389084334,0.48730336919823636,0.4256373967881469,0.38575196326021566,0.510906493226667,0.50816418119939,0.5422380656259435,0.4235421177844761,0.5301768516246972,0.35695112822578745,0.34187310202389365,0.30953167524813296,0.5043205299350386,0.0,0.410336887578659,0.37448770820480237,0.3925077325222398,0.37345424169581387,0.38364807049152916,0.4247198263806546,0.4150331214154992,0.0,0.4572593637004995,0.3500583684273461,0.4606871367924766,0.45828800180963897,0.4780316494503346,0.44866054336300126,0.46373673711639946,0.4459317761632031,0.3804751642741808,0.47662033124423553,0.3589806034405644,0.4428378886341982,0.5034647374854095,0.3603714258188799,0.4141355557208696,0.0,0.4214139119192661,0.3793558148903674,0.37204835049711094,0.40365987314076474,0.3788566779981005,0.0,0.0,0.3637353373331889,0.3985285284183744,0.0,0.0,0.0,0.39774232490316386,0.0,0.49262755100334843,0.0,0.0,0.0,0.0,0.27726732002976223,0.0,0.4360741378392168,0.32228299803465227,0.0,0.2970235504843124,0.0,0.3974546155142176,0.4194019720863341,0.39412305433538586,0.4635006532479455,0.0,0.30892943290691166,0.4256308232543883,0.42808493904387146,0.3060141011223316,0.38846279916325266,0.0,0.3144462533650483
0.4738095572127054,0.43153384216916124,0.47453491860821795,0.38513462241283625,0.41512512670505913,0.476590047830991,0.3803321624214378,0.43437032711309037,0.4952795642726313,0.3468138098992718,0.34433717200779107,0.0,0.41854441090526395,0.4103755621536344,0.4348145000853404,0.0,0.0,0.0,0.4716945574471286,0.44649581128029614,0.36366263580605845,0.4572593637004995,0.0,0.5048948608603863,0.44508750625401544,0.4644355297340041,0.43015257377130617,0.4104359225806782,0.44299878647743063,0.39860924488962873,0.412545574804517,0.39994409631724076,0.3858934793846131,0.4224486789336044,0.41245834445816354,0.373870106820114,0.4001427712881571,0.2962355847861449,0.4509286612609751,0.0,0.45167165090152384,0.41370123490100763,0.4569176933366295,0.3209397972286014,0.0,0.0,0.35014948270776364,0.3154907221585844,0.0,0.41127850498413326,0.48362892650069944,0.4679684238636017,0.5019368828524894,0.5259051829657175,0.0,0.44216975762179894,0.0,0.4952554236779197,0.47083576925498993,0.44505949812225765,0.24763464154061965,0.0,0.0,0.2541467565204557,0.44708837867852597,0.4705015536534585,0.38986197841095505,0.4905556377167039,0.0,0.0,0.3965557797549704,0.48507615767243967,0.4601920080605667,0.4520950380669676,0.4501545953429086,0.4487487303707554
0.4258615769889518,0.41400565300405884,0.34613318929867415,0.36931175346096806,0.4482489069335852,0.37125080771731894,0.4413727607639143,0.5092451876748271,0.3926024911371511,0.4275549950159099,0.43403954796125566,0.4331634985656164,0.5535687775139102,0.0,0.4243835834961658,0.37711328403158173,0.3871018083861337,0.38024802188792445,0.0,0.3333060785773805,0.4842229038957822,0.3500583684273461,0.5048948608603863,0.0,0.4497281215450808,0.5164866828316113,0.3851562367531574,0.4384094221603196,0.3549609401595326,0.0,0.3977180646098342,0.4419581939417197,0.2967839569783101,0.37693131645581274,0.3456062497181008,0.37994341846861646,0.3722319135322525,0.37092458377846493,0.0,0.2988336160726789,0.29848084005985925,0.0,0.0,0.0,0.0,0.39820414945829163,0.41908260159461497,0.0,0.0,0.0,0.0,0.0,0.0,0.0,0.4037894936097717,0.0,0.37156468859090525,0.0,0.0,0.0,0.395295396915881,0.38020238185334104,0.38557512378829034,0.0,0.0,0.0,0.3589117173669632,0.0,0.35920433887312186,0.38664223754423693,0.4614932262995557,0.0,0.0,0.30848734491064433,0.0,0.40230440313899357
0.43236462912240103,0.5052694311863467,0.3069894191756084,0.30725131902944985,0.49568563320650416,0.4970608659759669,0.5373706109552414,0.4963672226391654,0.5687191152783551,0.48954528222019467,0.3728524091289489,0.4541497609773896,0.48498160994486156,0.0,0.4179840353466012,0.4008683055447083,0.41025191701776703,0.4047003060559103,0.30053700684088913,0.41905364147051044,0.42021325445730856,0.4606871367924766,0.44508750625401544,0.4497281215450808,0.0,0.5154245472021795,0.44284217475219917,0.48267828876938423,0.47184327529303804,0.0,0.46639164760824625,0.5182429806681544,0.4063037324565729,0.4561962420223044,0.4543294468663968,0.4269992456512498,0.35418549494349816,0.3852581180570876,0.43818925391631536,0.3593051644593538,0.3999826689234529,0.437164140937302,0.0,0.0,0.0,0.4318280574568604,0.3900603560780058,0.0,0.0,0.0,0.0,0.0,0.0,0.0,0.432939880610395,0.0,0.43035107680669005,0.0,0.0,0.0,0.402162527381394,0.4274583799010418,0.4228248479600472,0.0,0.3501208439402495,0.3470392458352553,0.30807752229612345,0.0,0.435441214230022,0.4191604926961174,0.47881689728779736,0.0,0.0,0.3397754067202979,0.0,0.4012779620828462
0.4552485357815395,0.5307875817430655,0.3184933857529917,0.40454842404941466,0.43495081591845275,0.4267374846916769,0.5763454933672147,0.4954457439415934,0.44711957091964183,0.5293057441623867,0.2528950446466809,0.5215915043290937,0.4886566141300635,0.0,0.403762708468214,0.4212756843591886,0.4908010918186243,0.45475605138699776,0.0,0.4478703388035082,0.4233388018560667,0.45828800180963897,0.4644355297340041,0.5164866828316113,0.5154245472021795,0.0,0.4440440695632328,0.5657958414518797,0.46592725710291893,0.42454274855317087,0.4937293536536941,0.4525984590297393,0.400948714210538,0.47352233114775477,0.45878462476753196,0.0,0.42910064558212224,0.4633494350622954,0.42915526932273196,0.4034001391391538,0.40744311007961787,0.44239149103755704,0.0,0.0,0.0,0.4710931104045728,0.43571048066862905,0.0,0.0,0.0,0.324307800030622,0.0,0.4320361871396499,0.0,0.4811104824675641,0.0,0.47756005779838007,0.0,0.0,0.43275321447496845,0.42123834863455306,0.46529834325673947,0.45405248168024315,0.0,0.37213588061933967,0.46000305366531635,0.4197371002235066,0.4171298663859437,0.5133879528397681,0.4467390594867319,0.4977620212385236,0.407174298371452,0.33505483831949534,0.3243167455321161,0.0,0.43467736093280845
0.41105490643099996,0.4856724857375762,0.4664588472871817,0.39624868408961933,0.43133577024252984,0.4822684219494239,0.44350711111144786,0.4706400844630248,0.4871613003871094,0.35684319282641414,0.5023357024708761,0.31736595545788227,0.4545423713906176,0.46042368588819016,0.4417225986997788,0.4145677838759425,0.0,0.3978357235568674,0.4900943079649904,0.44926493381952803,0.4425757403105088,0.4780316494503346,0.43015257377130617,0.3851562367531574,0.44284217475219917,0.4440440695632328,0.0,0.4532857718362817,0.4267654689596795,0.40941895191001704,0.427110295100084,0.4468112335896309,0.3707960840420199,0.43791564225284835,0.45376422513607434,0.3753557847252504,0.42446010518862415,0.3229723441778496,0.43878100890099186,0.34855050893427486,0.4100666361311094,0.38120456632728983,0.45393679183943436,0.2563699128119316,0.0,0.31652006324228904,0.25657850831672946,0.0,0.3075515625351077,0.33257187875235616,0.4831629487920595,0.409825504114253,0.514773963649505,0.5301085456617749,0.0,0.5818549342761099,0.0,0.45445556727618774,0.4685769411186476,0.42608648258037046,0.21349801250594896,0.0,0.2708905411038709,0.0,0.3886886792211213,0.4438184455644731,0.22504879285187362,0.4767598468228346,0.0,0.0,0.3679160586985392,0.4704893675680993,0.3996844836797627,0.36377513435143916,0.38688197237564664,0.37531554835076897
0.0,0.4954559208246234,0.4674448268266678,0.4044174405745934,0.445507698357297,0.4815628859022905,0.41124525573292003,0.417476175453917,0.49161293528520345,0.4398650093400528,0.4790044103283318,0.43869429943963095,0.43352932702099567,0.3325024913370966,0.0,0.47785918474104366,0.47205825426643605,0.480597149509903,0.48616871896061514,0.4487851774952498,0.0,0.44866054336300126,0.4104359225806782,0.4384094221603196,0.48267828876938423,0.5657958414518797,0.4532857718362817,0.0,0.40945143591895505,0.4124951678095972,0.4380577818940508,0.3940747467788432,0.0,0.41067657867226665,0.3860461054304342,0.3529484505528054,0.37710414771271356,0.3838594945795766,0.3296621090794537,0.0,0.25177196319621425,0.296923816260879,0.30682589768512625,0.0,0.0,0.0,0.24861821955059235,0.0,0.0,0.0,0.4321122632392099,0.2683661305397873,0.44111848575613055,0.0,0.0,0.0,0.0,0.2501983797901218,0.0,0.0,0.270827895292859,0.0,0.0,0.0,0.0,0.0,0.2996069952594634,0.4555962013498822,0.0,0.0,0.0,0.4585714909772469,0.33140279723625454,0.3693311322639115,0.0,0.0
0.420884323721449,0.5299567656398283,0.4580296051756406,0.3615873004000978,0.49021686604911596,0.5110632924697762,0.4952953095498473,0.44632827310192874,0.5373653633338868,0.3432080492727802,0.39394960024366243,0.30359704379167485,0.49105061192043037,0.0,0.0,0.440374375623825,0.0,0.43571544573045723,0.4216054065454543,0.41430334221105597,0.4184683552588501,0.46373673711639946,0.44299878647743063,0.3549609401595326,0.47184327529303804,0.46592725710291893,0.4267654689596795,0.40945143591895505,0.0,0.46893668199501787,0.4427119271527272,0.4860899722281433,0.4226202518106245,0.4614304682768629,0.4696012462835656,0.4321737962474038,0.43545875736602924,0.0,0.44035747908034967,0.32292837004434843,0.06864031194129305,0.34854341023452073,0.3581387552000823,0.0,0.0,0.3659101133484337,0.34978367972344837,0.0,0.0,0.0,0.4262690180388746,0.2872047693005459,0.4572714085991887,0.0,0.0,0.0,0.0,0.32601886766965743,0.0,0.42666383732517893,0.23133062436385848,0.0,0.2563892945100902,0.0,0.2867011424138972,0.4374363636063773,0.28500593941399954,0.4710595781919801,0.0,0.2403385921887966,0.40604559935944434,0.462152516669529,0.3473764096868459,0.42569566504380113,0.0,0.3192341632919511
0.0,0.0,0.4116999975527242,0.3074176840442049,0.5021857154587827,0.45761611421145104,0.4812918389093116,0.39273114854162405,0.4764053800628485,0.33611052147559306,0.412986119258311,0.0,0.4462934435001941,0.0,0.0,0.41835264190522714,0.0,0.0,0.4477482090793966,0.4471366849723128,0.0,0.4459317761632031,0.39860924488962873,0.0,0.0,0.42454274855317087,0.40941895191001704,0.4124951678095972,0.46893668199501787,0.0,0.4143186639876484,0.3534274905572953,0.0,0.42295821578325615,0.3728541429245039,0.0,0.0,0.0,0.0,0.0,0.0,0.0,0.36777564121762973,0.0,0.0,0.0,0.0,0.0,0.0,0.0,0.4096842813670734,0.3145947135911915,0.0,0.0,0.0,0.0,0.0,0.32086110351924824,0.0,0.0,0.0,0.0,0.0,0.0,0.0,0.0,0.0,0.4360734433945586,0.0,0.0,0.0,0.4337671645512587,0.0,0.37412353714373187,0.0,0.0
0.43726067495889465,0.46297929821996775,0.456124172037576,0.3640198961484422,0.4689542972811679,0.4663566765060312,0.45566803879509465,0.4117806669384212,0.4935302512481796,0.4204803555247662,0.4835226035053769,0.3827216244640076,0.4386534430447806,0.4092073000776722,0.0,0.34076185546794924,0.38064660280530643,0.3767786015292158,0.49768840973210227,0.38919616770811927,0.0,0.3804751642741808,0.412545574804517,0.3977180646098342,0.46639164760824625,0.4937293536536941,0.427110295100084,0.4380577818940508,0.4427119271527272,0.4143186639876484,0.0,0.3882521079808979,0.39230770359977657,0.3829104465020106,0.31383420990720895,0.37637471389194055,0.38988423697779084,0.34799958321723734,0.43664668250115996,0.0,0.0,0.0,0.3412198253801506,0.0,0.0,0.4703196050342263,0.4088377988176402,0.0,0.0,0.0,0.4223957266836696,0.0,0.0,0.0,0.41857083625425817,0.0,0.0,0.30510072189471893,0.0,0.0,0.40841633904354846,0.39176450065001406,0.4097462241628924,0.0,0.0,0.0,0.3904559788483665,0.4741499418618086,0.0,0.41995056574699097,0.4657447442376093,0.4529372412911859,0.29493121602286676,0.3994477752984183,0.0,0.3808801386638817
0.457756409096032,0.4823433990823782,0.4253153744700175,0.3003340058429021,0.48232842735930936,0.4534991093506357,0.38395245710874865,0.3949585912565017,0.46521710390518445,0.37834022779315196,0.42961464620120515,0.300571717366847,0.3921327088644563,0.2732656213054447,0.41331183671570826,0.45474772937260355,0.4536418158354988,0.5260275581831937,0.4667337157438417,0.46353265572952557,0.43729192310946785,0.47662033124423553,0.39994409631724076,0.4419581939417197,0.5182429806681544,0.4525984590297393,0.4468112335896309,0.3940747467788432,0.4860899722281433,0.3534274905572953,0.3882521079808979,0.0,0.4488674981635832,0.4192245861405166,0.3873338418044427,0.29624164406701986,0.3350291782890092,0.31576433323073494,0.3209615661230457,0.3539042229506723,0.3346382909320064,0.3437488236195539,0.3287725913174126,0.27885981445949015,0.27108844749667615,0.44527573159871214,0.41955627313439003,0.0,0.28948086168222453,0.3163693151100047,0.4531856745756145,0.2038270909186012,0.43581117682053433,0.250277977728814,0.0,0.0,0.0,0.30211606012987735,0.0,0.42769269857648107,0.3945699864667957,0.0,0.48150602618273464,0.0,0.4266678222616731,0.4385767414341916,0.4195834720249782,0.46588174820053996,0.0,0.4467781705167763,0.4199236332449869,0.43436368616280724,0.39156350346016044,0.43935746724350916,0.4357588184525021,0.36090363096222283
0.38002642348115445,0.3991962055692963,0.3085373277649214,0.0,0.4140199133209673,0.4416604165097054,0.49768583575936165,0.35413541417249106,0.42625241055988616,0.3768712779673301,0.31337539030080386,0.3368006043446942,0.40829117679870536,0.0,0.34318702237983423,0.3509803291646682,0.3576308945781615,0.3541672990077054,0.3635989267963505,0.380229211396386,0.36685393275829975,0.3589806034405644,0.3858934793846131,0.2967839569783101,0.4063037324565729,0.400948714210538,0.3707960840420199,0.0,0.4226202518106245,0.0,0.39230770359977657,0.4488674981635832,0.0,0.29938615139083685,0.3656510487735846,0.26797501658408557,0.29570941248661076,0.3098856951900586,0.346163519853485,0.26755148357479563,0.2957083775116865,0.29837065713672034,0.2675467696054411,0.0,0.2572033107150215,0.39663184514105726,0.36834103450924366,0.0,0.0,0.0,0.41617948686454764,0.2657594967158836,0.0,0.0,0.3397520761903348,0.0,0.2900117024138239,0.27686044023611917,0.0,0.4154401222481269,0.3742629639519314,0.39394162924453685,0.38369016706608994,0.0,0.37544954699401717,0.4073583787843291,0.36715967772768204,0.44372742402735943,0.2873942752887665,0.3886920440152753,0.45560782291753904,0.4336688014671689,0.35680344970680766,0.3672352755082688,0.0,0.33940383517962747
0.43861446547120275,0.4440662663809695,0.4474496198325665,0.2746493083825093,0.4761395568413799,0.4843792877726257,0.48507027926433816,0.4194830380682966,0.4979038899689646,0.3706295849753183,0.4647239151295265,0.3257351644509798,0.4731037813629738,0.3011868496572202,0.4212286621848731,0.373489281124952,0.4298442766913726,0.4169704890617531,0.4969228702370355,0.4311552139807561,0.4076871682583662,0.4428378886341982,0.4224486789336044,0.37693131645581274,0.4561962420223044,0.47352233114775477,0.43791564225284835,0.41067657867226665,0.4614304682768629,0.42295821578325615,0.3829104465020106,0.4192245861405166,0.29938615139083685,0.0,0.32213335018161426,0.2811799012406945,0.2786958515418658,0.29255894574283003,0.3826969964818809,0.0,0.3105857678515416,0.35026509065003314,0.32378024350466494,0.25200830044823597,0.0,0.4099667629905636,0.3949878544229145,0.0,0.0,0.0,0.417276708906332,0.2195428724114748,0.0,0.0,0.4255540309804497,0.0,0.0,0.24827420654073332,0.0,0.4323153700525928,0.3983226094555602,0.3965902615312636,0.4138318343924802,0.0,0.4459240584478929,0.4311222698847116,0.4263387161787707,0.4703626145227946,0.0,0.40948532165563417,0.44977135821328607,0.4419234349425275,0.3344503692024762,0.39022730894486046,0.0,0.28051234282498283
0.43666101516567196,0.4524996025301431,0.4408619029759831,0.358256973978805,0.4790522396108752,0.4725234173450793,0.47847351785362596,0.43571670413883956,0.5088838131048266,0.35261293827961016,0.456469184911416,0.32967124251993807,0.4587432681362536,0.34598313025521793,0.4571215505265666,0.3832936368690555,0.42211345860505456,0.41349201206886044,0.48114497717276106,0.46340502954736956,0.442456041749572,0.5034647374854095,0.41245834445816354,0.3456062497181008,0.4543294468663968,0.45878462476753196,0.45376422513607434,0.3860461054304342,0.4696012462835656,0.3728541429245039,0.31383420990720895,0.3873338418044427,0.3656510487735846,0.32213335018161426,0.0,0.3494744904171442,0.35190234542981713,0.2869487579642735,0.3564849011753115,0.0,0.3107881142473311,0.3360351393342908,0.3336963265768814,0.26880439983131943,0.0,0.5010561264955842,0.4240564743542276,0.0,0.28250901767128733,0.0,0.355034751132072,0.2650148677001264,0.4102806227498096,0.0,0.42173684535288036,0.0,0.0,0.24484051599542858,0.0,0.42803566935210313,0.39168081908977953,0.0,0.40690276165735173,0.0,0.39954393411185474,0.43823468618416467,0.4206655840892725,0.46172210661473057,0.0,0.3932523305243953,0.41672565307599135,0.40785072551278306,0.3091490881322979,0.3860903241521159,0.0,0.30889415648322294
0.3155857149992023,0.3113036232519409,0.44597409237421715,0.30191476572450904,0.4105855212904318,0.43514063864924685,0.34265393238661124,0.3215056482567066,0.47932481722136205,0.30929582109158,0.3850554678738797,0.3400597808504951,0.4247407394756879,0.3066604818396844,0.35983286084100863,0.0,0.0,0.0,0.46041153610694063,0.3497421931408887,0.35100346691082795,0.3603714258188799,0.373870106820114,0.37994341846861646,0.4269992456512498,0.0,0.3753557847252504,0.3529484505528054,0.4321737962474038,0.0,0.37637471389194055,0.29624164406701986,0.26797501658408557,0.2811799012406945,0.3494744904171442,0.0,0.28277742932197003,0.26859528072779554,0.2429597036921846,0.0,0.3045660382473788,0.321083084480859,0.3508969135391676,0.2722577001972383,0.0,0.0,0.0,0.0,0.0,0.3519599668087846,0.39687457451365776,0.3493960046920434,0.4174889170163766,0.0,0.0,0.417079802060229,0.0,0.356021870771461,0.0,0.0,0.29222944128906964,0.0,0.0,0.0,0.0,0.0,0.34415026451154085,0.41513529860240933,0.0,0.0,0.0,0.41194810975934726,0.3087444703988297,0.332701928621144,0.0,0.0
0.0,0.46482584053002063,0.42945955631436494,0.2928074498805122,0.38593335476967167,0.4501689541837804,0.459428178700005,0.3917808165518886,0.48296504800289064,0.33413271139820633,0.4290701469639985,0.3538208556967678,0.42940293890904224,0.28727159760523596,0.0,0.0,0.0,0.0,0.46279975229526454,0.3831391240622219,0.0,0.4141355557208696,0.4001427712881571,0.3722319135322525,0.35418549494349816,0.42910064558212224,0.42446010518862415,0.37710414771271356,0.43545875736602924,0.0,0.38988423697779084,0.3350291782890092,0.29570941248661076,0.2786958515418658,0.35190234542981713,0.28277742932197003,0.0,0.26981186784836636,0.24966472647158927,0.0,0.2831693991846458,0.2768493414261236,0.2617705294830576,0.25215377932478766,0.0,0.0,0.0,0.0,0.0,0.3122482720151681,0.3060598143711966,0.28454845005164003,0.3378771129992423,0.0,0.0,0.0,0.0,0.261841849768537,0.0,0.0,0.0,0.0,0.0,0.0,0.0,0.0,0.0,0.35030060097435334,0.0,0.0,0.0,0.2868697733490254,0.0,0.3087789627523144,0.0,0.21703679908589452
