0.0,0.43720270680674594,0.0,0.0,0.0,0.4880606660035944,0.0,0.5125313099704399,0.0,0.4016387410329516,0.0,0.4181388920583977,0.3686497769945589,0.0,0.4119505934706954,0.4060367047373361,0.39522042047526856,0.38801653612450027,0.0,0.4679820255346937,0.4142300404106731,0.40529937299066454,0.47817533923646427,0.38560874765765674,0.39848353986666146,0.3915356697190965,0.4904596619666087,0.4380048401470737,0.4597310840962008,0.0,0.3843279863729505,0.4493362050336586,0.35604913409988503,0.3964510644521241,0.4650235227761857,0.0,0.0,0.3947669643810119,0.48975795050463783,0.4629545644971362,0.4801637793120497,0.5327414558745307,0.0,0.0,0.0,0.479463614810123,0.5074204099231989,0.0,0.0,0.0,0.38857980576481377,0.0,0.0,0.0,0.41934123547076574,0.0,0.4734690737793799,0.0,0.0,0.5333188556762596,0.48897109955912,0.30128611735344724,0.4667755687772824,0.0,0.5208032398281183,0.5120709638753149,0.49254022120195656,0.0,0.48574310383262587,0.4758545075082986,0.5195576030357199,0.4471341082665289,0.0,0.43907377819679955,0.0,0.3927726189951237
0.43720270680674594,0.0,0.0,0.0,0.34484700950827946,0.3830730339125668,0.3525190277077277,0.4948833638655006,0.28356942771094507,0.29651048495453736,0.0,0.0,0.40933724639477076,0.0,0.43607417281982813,0.41604990401357367,0.3656702626663524,0.41629119056786484,0.0,0.431180974481026,0.44793193744916315,0.42377981876500087,0.4472106615567403,0.3248508159449751,0.41304720599995665,0.42803175048697273,0.4183120852224219,0.4175525235657432,0.39755570013351504,0.0,0.3599545936744449,0.431934084104167,0.3720805800563921,0.38874495289857347,0.4492394499701912,0.0,0.0,0.0,0.4620370955479127,0.4674717188445533,0.4702608464141751,0.48881961174177674,0.0,0.0,0.0,0.5006109374665357,0.4839380585252133,0.0,0.0,0.0,0.4187491324736083,0.0,0.0,0.0,0.0,0.0,0.0,0.27023598636994556,0.0,0.510245245754316,0.47795422867586285,0.0,0.4224454047952689,0.0,0.4600968031091288,0.5123645176452053,0.4804111087802632,0.4965864312152753,0.4493400332103638,0.4349578627269667,0.5180855718862688,0.46192832452825433,0.304962310037881,0.4517627230168902,0.0,0.438704560558276
0.0,0.0,0.0,0.3389899483596644,0.40230516160636903,0.4063005490200314,0.4308093538415987,0.4776306983314485,0.316601835073264,0.38301941769735004,0.35976543740415473,0.2819239215310722,0.43734082224181375,0.4212082766780032,0.0,0.0,0.0,0.0,0.3143001175220759,0.0,0.0,0.0,0.29515397159724155,0.0,0.0,0.0,0.33296130298824017,0.443397384108669,0.0,0.0,0.46058832032497576,0.480013898566369,0.0,0.4587059604392294,0.4502290221913447,0.4039789486834636,0.4026419198573544,0.0,0.5521139514971237,0.0,0.0,0.0,0.5561296441277902,0.0,0.0,0.0,0.0,0.4471289266823768,0.0,0.5082584735604723,0.5606250891272749,0.5775274333674307,0.6040642660427593,0.5760147951489012,0.0,0.5105382216993168,0.0,0.0,0.5352595861758276,0.0,0.0,0.0,0.0,0.43908095707184625,0.0,0.0,0.0,0.5885684362143903,0.0,0.0,0.0,0.5457128956791027,0.4773737162389901,0.0,0.0,0.0
0.0,0.0,0.3389899483596644,0.0,0.23490026698542543,0.3795325252148586,0.20925872414140773,0.29079361475964505,0.3834979530265819,0.0,0.3751095141730392,0.22696198754654107,0.2893529717098358,0.23584799165937273,0.0,0.0,0.0,0.0,0.3829648009089267,0.0,0.0,0.0,0.38462207050251485,0.0,0.0,0.0,0.3900047855196933,0.24922767459789438,0.0,0.0,0.2688181427027695,0.27131358448931864,0.0,0.23550736859296273,0.2225295420637442,0.19681339527356084,0.1810560336318286,0.0,0.0,0.0,0.0,0.0,0.0,0.0,0.0,0.0,0.0,0.0,0.0,0.0,0.35682868526987743,0.0,0.0,0.0,0.0,0.0,0.0,0.0,0.0,0.0,0.0,0.0,0.0,0.0,0.0,0.0,0.0,0.3283993350690284,0.0,0.0,0.0,0.0,0.0,0.0,0.0,0.0
0.0,0.34484700950827946,0.40230516160636903,0.23490026698542543,0.0,0.3825479920143592,0.3434125723781292,0.40905362517446975,0.3446112428825446,0.43447245097120935,0.34368117614227506,0.36825091713864044,0.36327718800601283,0.28738947467418713,0.0,0.38341553194193534,0.4138088586532317,0.0,0.3673318404691215,0.0,0.0,0.4183302933960836,0.402166488109289,0.0,0.35563865866972927,0.36812983964328705,0.41617201003423016,0.33757485780838054,0.4210953465127777,0.0,0.45293760884077716,0.3832386660799723,0.41894868252932027,0.43480730519769006,0.4326126003901316,0.23008126146351568,0.26621108354806633,0.0,0.4023887891664111,0.0,0.0,0.0,0.508019261194235,0.0,0.0,0.0,0.0,0.5612820801794699,0.0,0.4351827003772326,0.4941768667636549,0.3824447735802091,0.5047658692798175,0.5062980919976735,0.0,0.5300180683450074,0.0,0.3255506081712482,0.4882429691331156,0.0,0.0,0.0,0.0,0.5148029227930677,0.0,0.0,0.0,0.556698283795301,0.0,0.0,0.0,0.5155891200886041,0.31549389913492354,0.0,0.0,0.0
0.4880606660035944,0.3830730339125668,0.4063005490200314,0.3795325252148586,0.3825479920143592,0.0,0.4029690804750292,0.43076613935019853,0.3433943709670941,0.450423065618304,0.4028754298462885,0.3228853686868137,0.3968075385292338,0.43194916994174193,0.3653316790803694,0.4232056576859246,0.30255792584516406,0.40527073675955577,0.3929104912309302,0.40143508478407514,0.43699085955362554,0.41769276695055024,0.42376565959612617,0.34978913324132466,0.38943675322870824,0.39623082174139934,0.4003932613177155,0.37346057939028154,0.33419720774175615,0.41736255877832235,0.44676660141340563,0.40096395311880983,0.3485187242988613,0.4488370869421402,0.4513323398354639,0.3937146941846381,0.41306247068895036,0.3294488910855548,0.5151867640422714,0.0,0.5635830637695007,0.5138589211585122,0.5577681058519823,0.32977055795895,0.0,0.0,0.3297726157857133,0.5672167952148356,0.0,0.4785385389630883,0.537037454506824,0.577897184411964,0.5217711984142943,0.5669329990453942,0.0,0.5630359935531537,0.0,0.5395438071701811,0.4596729109232297,0.499350018131252,0.0,0.0,0.0,0.5694523054533044,0.5044628255585532,0.44586057260542244,0.29234657868402014,0.5547168331583998,0.0,0.0,0.35286073994277056,0.537555283511111,0.5341009602976421,0.5036310597378173,0.453515659774275,0.5392861465258828
0.0,0.3525190277077277,0.4308093538415987,0.20925872414140773,0.3434125723781292,0.4029690804750292,0.0,0.4447672155691098,0.38816610036545707,0.3908981612862861,0.41727463368764856,0.3048551623476479,0.35248076642944437,0.36136416874550215,0.37839710480303057,0.40711674501619216,0.0,0.40063941607514925,0.4391223788169825,0.422403457103694,0.36918564358099376,0.43024714739363096,0.4285554005056939,0.3867664703136589,0.39670228070466196,0.4029402386914028,0.4319480065743332,0.3346571817852949,0.4284813303918094,0.0,0.4077610242607859,0.3686530122891201,0.37562277783030806,0.3715324992036983,0.3745873580699564,0.26055878867316495,0.23220240888831734,0.0,0.39413833397313414,0.0,0.3603890523505351,0.0,0.410563017922377,0.0,0.0,0.0,0.0,0.4800858616668404,0.0,0.38650398999837576,0.4931306092407543,0.37528502178364403,0.44119153070194683,0.4349717243241783,0.0,0.3948373094671761,0.0,0.32881452762000185,0.0,0.335567961742636,0.0,0.0,0.0,0.4075573741479882,0.3063763008697855,0.0,0.2749221738082446,0.538120862978643,0.0,0.0,0.0,0.5174835094267511,0.33174544523266775,0.3407415366846094,0.0,0.32567548182366834
0.5125313099704399,0.4948833638655006,0.4776306983314485,0.29079361475964505,0.40905362517446975,0.43076613935019853,0.4447672155691098,0.0,0.4811221717083098,0.4205229302782194,0.35727069002359946,0.3533344255799564,0.4427581940599342,0.2911482161467574,0.0,0.4649871275246463,0.0,0.4723878392639081,0.4790936580059065,0.3930993360439766,0.46273880781884874,0.4293080207020873,0.398337040638547,0.5253161252026979,0.48904477721190975,0.5072247902809865,0.4665161880345804,0.43871827555643295,0.4166598050040403,0.4310019092126623,0.4588143079640761,0.40649462884352006,0.49155780188154985,0.46149226890048545,0.46457254326220176,0.23973488749059607,0.421017472947709,0.0,0.4923613812919194,0.0,0.5322401597263072,0.540666888227279,0.5079803818289846,0.0,0.0,0.0,0.0,0.5451049896289936,0.0,0.0,0.5037155654559535,0.5062508631809954,0.42796423031470765,0.5570694230601301,0.0,0.5031458561745306,0.0,0.498041672394662,0.5211078562948253,0.0,0.0,0.0,0.0,0.570700408071841,0.4986804768315991,0.14950687069709956,0.0,0.5187130228834054,0.0,0.0,0.0,0.5137163578928009,0.5213768025077578,0.48979635222070556,0.0,0.5039995982088268
0.0,0.28356942771094507,0.316601835073264,0.3834979530265819,0.3446112428825446,0.3433943709670941,0.38816610036545707,0.4811221717083098,0.0,0.4557108958383571,0.34608396135234504,0.34915331178751313,0.38655043054638777,0.4436059231974897,0.0,0.3258397321283155,0.31109985082194375,0.2928753126473598,0.3128968112565656,0.3793635775382048,0.0,0.3633431322458463,0.39466281178236884,0.35878918658454584,0.3648373755084313,0.41276189510166317,0.3580535189232392,0.43566128411380517,0.39786224397684145,0.0,0.4624282898748066,0.4539910707694847,0.42959674421389105,0.46372463935017594,0.47253105514996147,0.4122463403506844,0.43544477871806436,0.3384053918577139,0.36997598519454294,0.0,0.3922679396730177,0.0,0.5536805254327568,0.0,0.0,0.0,0.0,0.5846053447496102,0.0,0.465881776145752,0.5518456961270002,0.5198776732040781,0.558172557867832,0.5740380346513924,0.0,0.5624687586489168,0.0,0.4420543961425477,0.5474299076562282,0.0,0.0,0.0,0.0,0.5674189974181107,0.0,0.0,0.0,0.5709246664166313,0.0,0.0,0.0,0.5542360379315726,0.37324350432067793,0.34160509401800915,0.0,0.4104688155781979
0.4016387410329516,0.29651048495453736,0.38301941769735004,0.0,0.43447245097120935,0.450423065618304,0.3908981612862861,0.4205229302782194,0.4557108958383571,0.0,0.46091540112591795,0.28111754924007554,0.4265627322643805,0.40925896803361983,0.0,0.3540678610744562,0.3402676522139416,0.38933714369334543,0.4480806686930886,0.0,0.45892994132129106,0.2980895554011115,0.4268302939634211,0.3326742273166317,0.3568141731599518,0.32200445436522557,0.42820943142811935,0.427429032492683,0.3423511234662082,0.0,0.33374047384882555,0.363448041968472,0.3384381166684851,0.3053053334782849,0.2857558005962241,0.3841109963901845,0.2824782455568729,0.24819309043195967,0.43970994025849053,0.37292993231702365,0.4099014225747432,0.0,0.0,0.0,0.3704659527576377,0.4531253354239783,0.3782357624753682,0.0,0.0,0.0,0.362772729751887,0.0,0.0,0.0,0.4718449580199603,0.0,0.4932357387734386,0.41250171542291675,0.0,0.0,0.40219004646755285,0.5186638352232857,0.5016548007136261,0.0,0.0,0.0,0.0,0.32970027557941617,0.5328600472025028,0.5018983748736298,0.5331314857372161,0.36412162983990204,0.0,0.0,0.0,0.43318256659049476
0.0,0.0,0.35976543740415473,0.3751095141730392,0.34368117614227506,0.4028754298462885,0.41727463368764856,0.35727069002359946,0.34608396135234504,0.46091540112591795,0.0,0.3806669603778982,0.4300248709299813,0.316612049070828,0.0,0.0,0.3647476931500282,0.3291641899890043,0.29070428949930255,0.0,0.0,0.0,0.30089698271910453,0.4036583464860166,0.35879707063610233,0.30113340780356534,0.43797827524664834,0.43366928184714454,0.33940559648478474,0.0,0.46456297937004337,0.4089935537963981,0.43264643231174826,0.4605631282866237,0.4543243643332101,0.3535639485926006,0.42384493067822737,0.36262634191603427,0.3940732542012688,0.0,0.0,0.0,0.5298899681992015,0.0,0.0,0.0,0.0,0.5885174625409172,0.0,0.47048632378784916,0.5329314914721452,0.5460414591077255,0.5426555987391126,0.588481357768426,0.0,0.40502471700598125,0.0,0.0,0.5072552874621377,0.0,0.0,0.0,0.0,0.3761842574292269,0.0,0.0,0.0,0.5826713637410107,0.0,0.0,0.0,0.5519802803113102,0.0,0.0,0.0,0.0
0.4181388920583977,0.0,0.2819239215310722,0.22696198754654107,0.36825091713864044,0.3228853686868137,0.3048551623476479,0.3533344255799564,0.34915331178751313,0.28111754924007554,0.3806669603778982,0.0,0.34101473071768507,0.0,0.0,0.2819855551727459,0.36599253946210464,0.42652020192528095,0.31648990059007703,0.0,0.4300957952331195,0.0,0.31893906576115144,0.31676355668057526,0.385275545636544,0.32372621305999494,0.32131272997031035,0.32785042768192596,0.0,0.0,0.3394860924115547,0.2305057509838087,0.3114879340433933,0.2225572747055855,0.21558159099494534,0.31175311302060926,0.2693445293289063,0.18138274912834396,0.0,0.40676656026407354,0.4263619809884978,0.0,0.0,0.0,0.4482862056233493,0.41415710442351994,0.0,0.0,0.0,0.0,0.0,0.0,0.0,0.0,0.4863492403090579,0.0,0.49434835055545795,0.0,0.0,0.0,0.0,0.4986039504564989,0.48878858900748684,0.0,0.0,0.0,0.0,0.0,0.5125217157092088,0.4897403939742216,0.5188565831813232,0.0,0.0,0.0,0.0,0.46614201524453924
0.3686497769945589,0.40933724639477076,0.43734082224181375,0.2893529717098358,0.36327718800601283,0.3968075385292338,0.35248076642944437,0.4427581940599342,0.38655043054638777,0.4265627322643805,0.4300248709299813,0.34101473071768507,0.0,0.3610652912327183,0.4116367742466803,0.44242996187890443,0.46672170349390574,0.41207083169654546,0.4458596319659472,0.4223802643088633,0.43188140651864926,0.4418554470040656,0.4322761735972636,0.4542617708083865,0.42334475198566673,0.43372097546433636,0.43421107089268285,0.34191308791853114,0.41198781367132953,0.42178523603538953,0.40923488494578925,0.39385761818475745,0.395981780085108,0.40287983299692925,0.3913869300229547,0.3026620146869852,0.3128898203081209,0.2918344107601861,0.3839268945174388,0.3462957456783585,0.4925936510449575,0.41394473123285025,0.4368166329318413,0.0,0.0,0.0,0.2619259603025514,0.48972823280106015,0.0,0.3621518921999156,0.5557976028860598,0.40095976716006754,0.4965283366640995,0.4391621530638319,0.390296741867603,0.43841280474437044,0.0,0.39177661253638135,0.3964974976141767,0.34257714887343715,0.0,0.0,0.0,0.4308668861783076,0.4038340003788651,0.0,0.2619323577834944,0.542550341759847,0.0,0.0,0.29615222945974806,0.5386653610033075,0.47368110830696064,0.45477075542380396,0.0,0.38439174920558017
0.0,0.0,0.4212082766780032,0.23584799165937273,0.28738947467418713,0.43194916994174193,0.36136416874550215,0.2911482161467574,0.4436059231974897,0.40925896803361983,0.316612049070828,0.0,0.3610652912327183,0.0,0.0,0.0,0.0,0.0,0.4074335141533709,0.0,0.0,0.0,0.3788917911405038,0.0,0.0,0.0,0.44782308341201715,0.2614470692154909,0.0,0.0,0.4682446994421353,0.311334209055689,0.0,0.3939392750484005,0.0,0.21654248540354362,0.16197398592736828,0.0,0.0,0.0,0.0,0.0,0.0,0.0,0.0,0.0,0.0,0.0,0.0,0.0,0.0,0.0,0.0,0.5448585645050512,0.0,0.0,0.0,0.0,0.0,0.0,0.0,0.0,0.0,0.0,0.0,0.0,0.0,0.0,0.0,0.0,0.0,0.0,0.0,0.0,0.0,0.0
0.4119505934706954,0.43607417281982813,0.0,0.0,0.0,0.3653316790803694,0.37839710480303057,0.0,0.0,0.0,0.0,0.0,0.4116367742466803,0.0,0.0,0.42576401301266215,0.0,0.40710375938800886,0.0,0.372389904653821,0.40522851257711645,0.40074576812504414,0.40164791642700653,0.4823662448477899,0.4002302164541211,0.42874391045067306,0.43541434902723825,0.4086754340474606,0.3949399187040588,0.4075694069591701,0.41065284293158094,0.4394383273638734,0.4101994697168665,0.45214957360126595,0.47415380451171474,0.0,0.0,0.0,0.48355236263677065,0.5000923671119292,0.5083668809529654,0.5132433216983617,0.0,0.0,0.0,0.0,0.467449775567641,0.0,0.0,0.0,0.48625378997138613,0.35578195728513196,0.5542658633938488,0.0,0.0,0.0,0.0,0.3964862462189733,0.0,0.5086283030835116,0.4419536458307232,0.0,0.0,0.0,0.498597977172518,0.48228726695351215,0.5063873188150123,0.5088895615922953,0.0,0.33439840308539703,0.4911751005598315,0.5118579827793337,0.46909735488608373,0.4892999245468746,0.42526351790430306,0.49980096067356616
0.4060367047373361,0.41604990401357367,0.0,0.0,0.38341553194193534,0.4232056576859246,0.40711674501619216,0.4649871275246463,0.3258397321283155,0.3540678610744562,0.0,0.2819855551727459,0.44242996187890443,0.0,0.42576401301266215,0.0,0.43215684419098055,0.3786198926391636,0.0,0.4042204101200472,0.41263335329101003,0.4051917867376297,0.4436267331228742,0.2955399294102038,0.42887562087838066,0.4289777010922752,0.4438536458014473,0.42631601031611754,0.43668663368897814,0.4012612924870348,0.3747602914201299,0.44741474664082287,0.37304260901822806,0.3865513589538397,0.4515835137293917,0.0,0.0,0.0,0.43431077652491457,0.4479074020520659,0.4391185733590025,0.5065743741532293,0.0,0.0,0.0,0.47658657283115324,0.46136331212347714,0.0,0.0,0.0,0.0,0.0,0.0,0.0,0.0,0.0,0.0,0.0,0.0,0.49097770188465145,0.4610237453716701,0.0,0.4183534158202921,0.0,0.44168311056945464,0.0,0.4550157958293095,0.386137138918579,0.0,0.44405979455271205,0.4919697467518696,0.4277586819343601,0.3228746501489053,0.4128496657893082,0.0,0.0
0.39522042047526856,0.3656702626663524,0.0,0.0,0.4138088586532317,0.30255792584516406,0.0,0.0,0.31109985082194375,0.3402676522139416,0.3647476931500282,0.36599253946210464,0.46672170349390574,0.0,0.0,0.43215684419098055,0.0,0.3673599573429326,0.3094787498867632,0.37328460208311653,0.0,0.38957234870237806,0.3004960282243908,0.4022589247493339,0.3912241199869916,0.4496052535822519,0.3181904532082957,0.46601352573257127,0.34950263084959965,0.0,0.3958235992347415,0.45618729164796834,0.4030860142168109,0.39618148548904875,0.3905341655971012,0.0,0.0,0.357323086581934,0.4297621342790998,0.46219626097364785,0.4748589619317789,0.0,0.0,0.0,0.0,0.47370106453442495,0.4197144207402241,0.0,0.0,0.0,0.0,0.0,0.0,0.0,0.5014321814490637,0.0,0.5397933977782293,0.0,0.0,0.0,0.4210442588719776,0.5166294907808126,0.49483326554958745,0.0,0.0,0.0,0.0,0.0,0.5592532506013992,0.47265815261137006,0.5123788420656188,0.0,0.0,0.0,0.0,0.44749893095518845
0.38801653612450027,0.41629119056786484,0.0,0.0,0.0,0.40527073675955577,0.40063941607514925,0.4723878392639081,0.2928753126473598,0.38933714369334543,0.3291641899890043,0.42652020192528095,0.41207083169654546,0.0,0.40710375938800886,0.3786198926391636,0.3673599573429326,0.0,0.0,0.4063996890452215,0.4247309651190491,0.4203143166783553,0.4626202357283449,0.3692609921855681,0.3837951059641366,0.4090391425287654,0.4421761069398964,0.4081979993169328,0.4200889769985176,0.37009521824375685,0.37409769284669375,0.47887910727501837,0.38756560907352194,0.3807867938230237,0.4371115719288201,0.0,0.0,0.0,0.43460665884624994,0.4421440531270275,0.43999540765067496,0.0,0.0,0.0,0.0,0.48488310580647703,0.4619306489818709,0.0,0.0,0.0,0.0,0.0,0.0,0.0,0.44881650867458195,0.0,0.5083381847708457,0.0,0.0,0.41993675829180155,0.463642225212249,0.44235909559185294,0.4485338815872541,0.0,0.3081782120828983,0.0,0.4491834846637115,0.0,0.5080226319782377,0.4551218914584897,0.48044376876725886,0.0,0.0,0.28018829821407465,0.0,0.43643970846051133
0.0,0.0,0.3143001175220759,0.3829648009089267,0.3673318404691215,0.3929104912309302,0.4391223788169825,0.4790936580059065,0.3128968112565656,0.4480806686930886,0.29070428949930255,0.31648990059007703,0.4458596319659472,0.4074335141533709,0.0,0.0,0.3094787498867632,0.0,0.0,0.0,0.0,0.0,0.3030866130336492,0.0,0.0,0.3084416275999113,0.3987246849308253,0.44779381472909474,0.358426064794737,0.0,0.46934839893536984,0.44702814700744015,0.39650990011890913,0.4679167159933511,0.46425590285195467,0.4136250657443847,0.4288771694468772,0.36515103526660003,0.0,0.0,0.0,0.0,0.5435582687053613,0.0,0.0,0.0,0.0,0.5713815924729275,0.0,0.0,0.5603950983585758,0.0,0.5776789604654725,0.5839892955909151,0.0,0.38964315797323934,0.0,0.0,0.5631647412086029,0.0,0.0,0.0,0.0,0.5761717979875326,0.0,0.0,0.0,0.5860342654697097,0.0,0.0,0.0,0.5722685228928932,0.0,0.0,0.0,0.0
0.4679820255346937,0.431180974481026,0.0,0.0,0.0,0.40143508478407514,0.422403457103694,0.3930993360439766,0.3793635775382048,0.0,0.0,0.0,0.4223802643088633,0.0,0.372389904653821,0.4042204101200472,0.37328460208311653,0.4063996890452215,0.0,0.0,0.44967399236309846,0.3767750462822063,0.31065517470556353,0.38185763097835934,0.3985455835745335,0.4657762838953534,0.3758344276938018,0.3994519942121308,0.3442772752715721,0.34274628641868443,0.3729051043689044,0.43378075480554285,0.3725499321621106,0.44065056791447443,0.4617544590425883,0.3115222241884056,0.0,0.0,0.46163452106707686,0.5020385531568189,0.5232022878416467,0.5107445318245332,0.0,0.0,0.0,0.0,0.4529641744642578,0.398806078192281,0.0,0.0,0.4926951061349995,0.3255235935437328,0.5200643693929481,0.0,0.0,0.0,0.0,0.3986813254258524,0.0,0.5012944309180131,0.336615542368472,0.0,0.0,0.0,0.5006728683591652,0.4937933064686711,0.47861913311378085,0.5339083004358153,0.0,0.2744093930671611,0.4667851251916243,0.5224455904154641,0.5583704224217103,0.5202040702864822,0.40092090722256046,0.49597145900538725
0.4142300404106731,0.44793193744916315,0.0,0.0,0.0,0.43699085955362554,0.36918564358099376,0.46273880781884874,0.0,0.45892994132129106,0.0,0.4300957952331195,0.43188140651864926,0.0,0.40522851257711645,0.41263335329101003,0.0,0.4247309651190491,0.0,0.44967399236309846,0.0,0.4534922550588642,0.43474110194909926,0.5009948634458565,0.43401802583330895,0.4426370459598549,0.4711166156356551,0.4555516537953651,0.4378470048606773,0.4084086034917895,0.3711801382162259,0.43124771500864784,0.3743862244046981,0.41426007541456217,0.4552673206137045,0.48102298094821927,0.0,0.0,0.4883640106539162,0.49932082931101435,0.48713862475458436,0.5216669102197509,0.0,0.0,0.0,0.0,0.5072153550203943,0.0,0.0,0.0,0.47798601965468873,0.37814108690813664,0.43824838445563574,0.0,0.0,0.0,0.0,0.42941507656219935,0.0,0.4937937439546975,0.495779410385659,0.0,0.0,0.0,0.48269902340132803,0.4572976858160292,0.5078313214021689,0.5165961855607893,0.0,0.4004793624842059,0.5302356633614429,0.5285360022278452,0.4844832064101062,0.47584529419118987,0.0,0.4524738249430959
0.40529937299066454,0.42377981876500087,0.0,0.0,0.4183302933960836,0.41769276695055024,0.43024714739363096,0.4293080207020873,0.3633431322458463,0.2980895554011115,0.0,0.0,0.4418554470040656,0.0,0.40074576812504414,0.4051917867376297,0.38957234870237806,0.4203143166783553,0.0,0.3767750462822063,0.4534922550588642,0.0,0.44259974142475544,0.2615357476622269,0.42908828815337685,0.44023319749915857,0.43742239272857225,0.36603274733732627,0.41360551678589463,0.2846519767820515,0.36647900446150733,0.43839440916247474,0.37403865020657584,0.42567003076450716,0.4609516179061743,0.3315876734340659,0.0,0.0,0.4391547129497007,0.466062657505701,0.47341599563282855,0.4740625906490323,0.0,0.0,0.0,0.0,0.47235192498470807,0.0,0.0,0.0,0.4706817822054947,0.0,0.4805850196328474,0.0,0.0,0.0,0.0,0.3023935103924057,0.0,0.49279506909523124,0.4628951121180572,0.0,0.0,0.0,0.48039785206423663,0.46894710547485424,0.4807946245775203,0.4994596802332483,0.0,0.3959205494011554,0.49963576449356234,0.4893173699757014,0.362014819906869,0.4649868625986095,0.37623035166671964,0.4608618174245089
0.47817533923646427,0.4472106615567403,0.29515397159724155,0.38462207050251485,0.402166488109289,0.42376565959612617,0.4285554005056939,0.398337040638547,0.39466281178236884,0.4268302939634211,0.30089698271910453,0.31893906576115144,0.4322761735972636,0.3788917911405038,0.40164791642700653,0.4436267331228742,0.3004960282243908,0.4626202357283449,0.3030866130336492,0.31065517470556353,0.43474110194909926,0.44259974142475544,0.0,0.5080448630815908,0.4699665262067874,0.47180200313215176,0.37050482786538036,0.43049229436579745,0.42355621968739166,0.4295687600370023,0.4444086498115925,0.425689922822402,0.36179230982584837,0.45809893416219527,0.4675888459942307,0.3993534246238805,0.4256352542632213,0.0,0.5349883348955886,0.5276298286846611,0.5546658491725018,0.5591235556829872,0.5375879680462669,0.44086720577091076,0.0,0.0,0.4907877970393385,0.5673388873448385,0.0,0.5643696869885688,0.5484852666514662,0.5520810504441526,0.5020284289517892,0.5760754927762562,0.0,0.5653381800795994,0.0,0.5410719338924118,0.52209212250826,0.5145375133029245,0.0,0.0,0.0,0.6000176630696642,0.5281684092221177,0.47806381195268766,0.49360329078581927,0.5373785579601682,0.0,0.0,0.5383137587856156,0.5547368010812758,0.5446888343448287,0.526967831823547,0.5459127644465269,0.55686651373776
0.38560874765765674,0.3248508159449751,0.0,0.0,0.0,0.34978913324132466,0.3867664703136589,0.5253161252026979,0.35878918658454584,0.3326742273166317,0.4036583464860166,0.31676355668057526,0.4542617708083865,0.0,0.4823662448477899,0.2955399294102038,0.4022589247493339,0.3692609921855681,0.0,0.38185763097835934,0.5009948634458565,0.2615357476622269,0.5080448630815908,0.0,0.4073156550693569,0.36816419597531425,0.5599025614515505,0.42598954412890905,0.38481157192607107,0.0,0.3615749150725542,0.3333145579395311,0.2615970413259915,0.25211131792186453,0.22271198642679568,0.0,0.0,0.25426455899043454,0.5180984813521968,0.2445837403402752,0.3275432919360939,0.39065157446737653,0.0,0.0,0.0,0.48869585403993937,0.49947114154788474,0.0,0.0,0.0,0.0,0.0,0.0,0.0,0.41268365069067303,0.0,0.4723851565141804,0.0,0.0,0.0,0.47497360483617107,0.4671080979306455,0.47916424226932736,0.0,0.0,0.0,0.0,0.0,0.4727163481763629,0.4813066579192148,0.5085094922990189,0.0,0.0,0.0,0.0,0.4377241944443986
0.39848353986666146,0.41304720599995665,0.0,0.0,0.35563865866972927,0.38943675322870824,0.39670228070466196,0.48904477721190975,0.3648373755084313,0.3568141731599518,0.35879707063610233,0.385275545636544,0.42334475198566673,0.0,0.4002302164541211,0.42887562087838066,0.3912241199869916,0.3837951059641366,0.0,0.3985455835745335,0.43401802583330895,0.42908828815337685,0.4699665262067874,0.4073156550693569,0.0,0.40037473243767296,0.4288262887639681,0.42034828501763916,0.40288475425829257,0.0,0.39233119850509,0.4426854158202798,0.3664830089458437,0.3779056731742765,0.42841083114992723,0.0,0.0,0.33317873494071765,0.45605983079672285,0.4630298068986569,0.4545969581413023,0.46614294581812254,0.0,0.0,0.0,0.4975707792765777,0.47202187639101145,0.0,0.0,0.0,0.2550547018190032,0.0,0.0,0.0,0.4962971678558568,0.0,0.5077152079073249,0.28768262492820323,0.0,0.47477111121112514,0.4744716066404545,0.47577676243233985,0.46397318658465614,0.0,0.4193453783151898,0.4782883859983742,0.4907559326429775,0.3311105677917903,0.5165544194777328,0.47033037256873134,0.4988270963113389,0.30653899877039226,0.0,0.4038158627517605,0.0,0.457846261414968
0.3915356697190965,0.42803175048697273,0.0,0.0,0.36812983964328705,0.39623082174139934,0.4029402386914028,0.5072247902809865,0.41276189510166317,0.32200445436522557,0.30113340780356534,0.32372621305999494,0.43372097546433636,0.0,0.42874391045067306,0.4289777010922752,0.4496052535822519,0.4090391425287654,0.3084416275999113,0.4657762838953534,0.4426370459598549,0.44023319749915857,0.47180200313215176,0.36816419597531425,0.40037473243767296,0.0,0.46659399185713846,0.4457794995077166,0.4151260382968317,0.0,0.4005033531176265,0.44912709478350654,0.39629328033888594,0.40751893497671904,0.46597169827294027,0.3666798518697721,0.0,0.3614260562591076,0.4771048420477066,0.48290341429444616,0.49062087307111335,0.4957394758185772,0.0,0.0,0.0,0.5095577299183237,0.5045516420698798,0.0,0.0,0.0,0.4141176664431093,0.0,0.0,0.0,0.5316412157233175,0.0,0.5314452293008063,0.35442334258713576,0.0,0.5250333047267595,0.4936416443314219,0.4998536724188964,0.4895475830382261,0.0,0.4791644540220122,0.5320172784220265,0.5077994837266862,0.5060175802321958,0.5273258877884859,0.4925173071062734,0.5177778336537601,0.47096095855144177,0.0,0.45558218104238596,0.0,0.4761248892419764
0.4904596619666087,0.4183120852224219,0.33296130298824017,0.3900047855196933,0.41617201003423016,0.4003932613177155,0.4319480065743332,0.4665161880345804,0.3580535189232392,0.42820943142811935,0.43797827524664834,0.32131272997031035,0.43421107089268285,0.44782308341201715,0.43541434902723825,0.4438536458014473,0.3181904532082957,0.4421761069398964,0.3987246849308253,0.3758344276938018,0.4711166156356551,0.43742239272857225,0.37050482786538036,0.5599025614515505,0.4288262887639681,0.46659399185713846,0.0,0.4324086658066652,0.3979060479790618,0.42983542571903627,0.4317386682657161,0.43580252342524733,0.3869608412209413,0.44408342719013394,0.45970038683453635,0.41333664797811737,0.4325096884349235,0.27265791465846423,0.530229584324184,0.485653487838956,0.5643610855203519,0.553671886007522,0.5474333296625159,0.3399595629270981,0.0,0.0,0.4461231373251482,0.5797512547015669,0.0,0.5135590184305854,0.537061935974827,0.5436539116508715,0.5501621313677542,0.5772695930662507,0.0,0.5666107042695191,0.0,0.5503952603512317,0.5206922532646424,0.5188062279617879,0.0,0.0,0.0,0.5878400110530471,0.5493613846466151,0.5101878467256551,0.5113985488064395,0.5660465037604353,0.0,0.0,0.5068833883651899,0.5445433688965094,0.5557548816863677,0.5555314846894307,0.513420537056887,0.5525085602244066
0.4380048401470737,0.4175525235657432,0.443397384108669,0.24922767459789438,0.33757485780838054,0.37346057939028154,0.3346571817852949,0.43871827555643295,0.43566128411380517,0.427429032492683,0.43366928184714454,0.32785042768192596,0.34191308791853114,0.2614470692154909,0.4086754340474606,0.42631601031611754,0.46601352573257127,0.4081979993169328,0.44779381472909474,0.3994519942121308,0.4555516537953651,0.36603274733732627,0.43049229436579745,0.42598954412890905,0.42034828501763916,0.4457794995077166,0.4324086658066652,0.0,0.3524789242007526,0.3179616991914048,0.3942577665590681,0.39530490201180946,0.3523012095341638,0.39722541976079495,0.38792299366888244,0.2506607504768586,0.27910661321332,0.2962047341969294,0.3844508960195652,0.0,0.5831816501940552,0.4647667849334122,0.39783044678769935,0.0,0.0,0.0,0.0,0.4201532557739396,0.0,0.0,0.5441566054432087,0.3579093578035943,0.5051865974056251,0.35968427446031603,0.40540939580275914,0.37384077434909013,0.0,0.47143577577399826,0.0,0.4858303019312311,0.0,0.0,0.0,0.35795082223294894,0.5170109750209859,0.4776955864883077,0.0,0.5443085131873168,0.0,0.317179427279941,0.3633703858131768,0.5333834580451089,0.5601738816951094,0.5411810544473292,0.0,0.5173788440557007
0.4597310840962008,0.39755570013351504,0.0,0.0,0.4210953465127777,0.33419720774175615,0.4284813303918094,0.4166598050040403,0.39786224397684145,0.3423511234662082,0.33940559648478474,0.0,0.41198781367132953,0.0,0.3949399187040588,0.43668663368897814,0.34950263084959965,0.4200889769985176,0.358426064794737,0.3442772752715721,0.4378470048606773,0.41360551678589463,0.42355621968739166,0.38481157192607107,0.40288475425829257,0.4151260382968317,0.3979060479790618,0.3524789242007526,0.0,0.3623314860966036,0.40051552149030434,0.4030713849290959,0.3411828670432484,0.4404937446084127,0.45686810033784087,0.3831195356448165,0.33879239570697867,0.0,0.49128320700367817,0.4228089074620851,0.5715747591622091,0.5182701898103007,0.34371077661510935,0.0,0.0,0.0,0.38223916801595387,0.4382299084540102,0.0,0.0,0.5613686917498347,0.36725526271664816,0.5110827228642469,0.34682538135775604,0.0,0.0,0.0,0.5343018067204799,0.0,0.49956658333465676,0.0,0.0,0.0,0.0,0.5399996020581177,0.5004275803094657,0.4541094729693593,0.538469612016265,0.0,0.26647097964928074,0.4186943261883181,0.5293889396113788,0.5487415337055801,0.5034862865216823,0.4519951052587608,0.5301787788140521
0.0,0.0,0.0,0.0,0.0,0.41736255877832235,0.0,0.4310019092126623,0.0,0.0,0.0,0.0,0.42178523603538953,0.0,0.4075694069591701,0.4012612924870348,0.0,0.37009521824375685,0.0,0.34274628641868443,0.4084086034917895,0.2846519767820515,0.4295687600370023,0.0,0.0,0.0,0.42983542571903627,0.3179616991914048,0.3623314860966036,0.0,0.3415870376139895,0.40897313407797997,0.3232688627968781,0.4146811156850669,0.4178002871722856,0.0,0.0,0.0,0.5246074874412673,0.0,0.0,0.0,0.0,0.0,0.0,0.0,0.0,0.3986580436895537,0.0,0.0,0.48058963708526126,0.0,0.0,0.0,0.0,0.0,0.0,0.0,0.0,0.4486476065513847,0.0,0.0,0.0,0.0,0.4847603613694655,0.49555084026047563,0.0,0.5505371799961385,0.0,0.0,0.0,0.537571963404027,0.4143776901143559,0.46442318708149055,0.0,0.0
0.3843279863729505,0.3599545936744449,0.46058832032497576,0.2688181427027695,0.45293760884077716,0.44676660141340563,0.4077610242607859,0.4588143079640761,0.4624282898748066,0.33374047384882555,0.46456297937004337,0.3394860924115547,0.40923488494578925,0.4682446994421353,0.41065284293158094,0.3747602914201299,0.3958235992347415,0.37409769284669375,0.46934839893536984,0.3729051043689044,0.3711801382162259,0.36647900446150733,0.4444086498115925,0.3615749150725542,0.39233119850509,0.4005033531176265,0.4317386682657161,0.3942577665590681,0.40051552149030434,0.3415870376139895,0.0,0.40609831960319126,0.336799142193174,0.2763971531244962,0.24717040789999492,0.41710000826305865,0.3347682834424517,0.26186597140042117,0.5282221226245436,0.3770679262782441,0.0,0.0,0.0,0.0,0.0,0.0,0.4540850927188876,0.4022972124986677,0.0,0.0,0.5470115455507311,0.33428274431680227,0.5141400557762441,0.3503083465574958,0.4005336390792062,0.0,0.43010810151553935,0.3832385234347379,0.0,0.48738919322638996,0.4581715157311967,0.4915784586369151,0.4716542635219043,0.0,0.4906932166922148,0.0,0.44198382214881543,0.5429628764806382,0.0,0.4624682681904868,0.4729926474119062,0.5422043264289996,0.5141887864984576,0.5193739091112557,0.0,0.0
0.4493362050336586,0.431934084104167,0.480013898566369,0.27131358448931864,0.3832386660799723,0.40096395311880983,0.3686530122891201,0.40649462884352006,0.4539910707694847,0.363448041968472,0.4089935537963981,0.2305057509838087,0.39385761818475745,0.311334209055689,0.4394383273638734,0.44741474664082287,0.45618729164796834,0.47887910727501837,0.44702814700744015,0.43378075480554285,0.43124771500864784,0.43839440916247474,0.425689922822402,0.3333145579395311,0.4426854158202798,0.44912709478350654,0.43580252342524733,0.39530490201180946,0.4030713849290959,0.40897313407797997,0.40609831960319126,0.0,0.35052897612352824,0.44061398122682377,0.367716598518644,0.2801307176390146,0.299717593080329,0.20629250483537928,0.2650930145008303,0.2912043965839362,0.3497313936165919,0.3272501841841823,0.32035388964084716,0.2592612054750553,0.21958432457566898,0.5110285278089204,0.47408247503825907,0.5793793107363541,0.0,0.3800126642291643,0.5160529998168237,0.5201382612510241,0.49696949752612213,0.5854569281319674,0.38376120902920846,0.45740157058100495,0.24049127908535417,0.3908208117443111,0.4436248892395022,0.46251122632395214,0.5165675610059762,0.3824809052784344,0.4553828547396242,0.4814744673106728,0.4507948741430459,0.4729862558377489,0.4300792721621014,0.5345141841164519,0.18401076186269077,0.48154500254143057,0.4717692795132232,0.5176053510228602,0.42656894407086443,0.4723912012563829,0.0,0.518716560527586
0.35604913409988503,0.3720805800563921,0.0,0.0,0.41894868252932027,0.3485187242988613,0.37562277783030806,0.49155780188154985,0.42959674421389105,0.3384381166684851,0.43264643231174826,0.3114879340433933,0.395981780085108,0.0,0.4101994697168665,0.37304260901822806,0.4030860142168109,0.38756560907352194,0.39650990011890913,0.3725499321621106,0.3743862244046981,0.37403865020657584,0.36179230982584837,0.2615970413259915,0.3664830089458437,0.39629328033888594,0.3869608412209413,0.3523012095341638,0.3411828670432484,0.3232688627968781,0.336799142193174,0.35052897612352824,0.0,0.23955765001009632,0.37026792522309426,0.26188943098965695,0.24619851144107338,0.17260131207725432,0.3080898701509859,0.3099587017749519,0.3643692719947968,0.3792846238844527,0.0,0.0,0.28212598345514395,0.48242631199301156,0.46459202026061447,0.0,0.0,0.0,0.0,0.0,0.0,0.0,0.40106443782272294,0.0,0.4268941122389537,0.3588430670517692,0.0,0.48458238919325913,0.4732759586474201,0.43611004103310713,0.5074783812268712,0.0,0.4682470627052404,0.0,0.46080982229657136,0.5048889624607803,0.41850512112943816,0.45800560857210126,0.47248041002475505,0.5177094936846335,0.43372022239692565,0.0,0.0,0.40766272497515044
0.3964510644521241,0.38874495289857347,0.4587059604392294,0.23550736859296273,0.43480730519769006,0.4488370869421402,0.3715324992036983,0.46149226890048545,0.46372463935017594,0.3053053334782849,0.4605631282866237,0.2225572747055855,0.40287983299692925,0.3939392750484005,0.45214957360126595,0.3865513589538397,0.39618148548904875,0.3807867938230237,0.4679167159933511,0.44065056791447443,0.41426007541456217,0.42567003076450716,0.45809893416219527,0.25211131792186453,0.3779056731742765,0.40751893497671904,0.44408342719013394,0.39722541976079495,0.4404937446084127,0.4146811156850669,0.2763971531244962,0.44061398122682377,0.23955765001009632,0.0,0.3585235742684057,0.41871328903289184,0.2742706219559993,0.18121825615652948,0.3666201201903679,0.32282350053382214,0.4242433811174827,0.42269774735250776,0.38968417498096325,0.26383905490868487,0.0,0.46289466976564553,0.46742708554374396,0.3835735138087371,0.0,0.0,0.56571099077739,0.3711659802795212,0.5153679031171542,0.3610540003405825,0.3788042936297852,0.0,0.40150382840999216,0.489836471423801,0.0,0.4948026606422753,0.4630529768551621,0.0,0.46515228023393856,0.0,0.5121365681560998,0.42950772884925614,0.46595348876071063,0.556494675123503,0.36816886826365774,0.4533934034912611,0.4804984055434758,0.543083358195219,0.5989128203391604,0.5233154589333024,0.0,0.0
0.4650235227761857,0.4492394499701912,0.4502290221913447,0.2225295420637442,0.4326126003901316,0.4513323398354639,0.3745873580699564,0.46457254326220176,0.47253105514996147,0.2857558005962241,0.4543243643332101,0.21558159099494534,0.3913869300229547,0.0,0.47415380451171474,0.4515835137293917,0.3905341655971012,0.4371115719288201,0.46425590285195467,0.4617544590425883,0.4552673206137045,0.4609516179061743,0.4675888459942307,0.22271198642679568,0.42841083114992723,0.46597169827294027,0.45970038683453635,0.38792299366888244,0.45686810033784087,0.4178002871722856,0.24717040789999492,0.367716598518644,0.37026792522309426,0.3585235742684057,0.0,0.29099721003008655,0.2541136180879624,0.1992729341805367,0.3116905442018632,0.2780371887020546,0.3201984439482003,0.32731717153404055,0.26450708949311097,0.0,0.2826759949700343,0.0,0.4882027097823437,0.3445729409552598,0.0,0.28170578994170625,0.4880654346784632,0.37336674499225697,0.5363344402567151,0.2940624642134779,0.0,0.34381297865809174,0.0,0.27027288810225975,0.0,0.5124276876909423,0.0,0.0,0.0,0.41191610703987014,0.4786493463384507,0.5325942763530378,0.47634206106516774,0.5708992426332853,0.3826885175905785,0.473919854684138,0.49881155204745137,0.5536994621439052,0.453803019558507,0.4757055668605674,0.0,0.0
0.0,0.0,0.4039789486834636,0.19681339527356084,0.23008126146351568,0.3937146941846381,0.26055878867316495,0.23973488749059607,0.4122463403506844,0.3841109963901845,0.3535639485926006,0.31175311302060926,0.3026620146869852,0.21654248540354362,0.0,0.0,0.0,0.0,0.4136250657443847,0.3115222241884056,0.48102298094821927,0.3315876734340659,0.3993534246238805,0.0,0.0,0.3666798518697721,0.41333664797811737,0.2506607504768586,0.3831195356448165,0.0,0.41710000826305865,0.2801307176390146,0.26188943098965695,0.41871328903289184,0.29099721003008655,0.0,0.16553007623770238,0.0,0.27561495083990406,0.0,0.0,0.0,0.4478718488413588,0.0,0.0,0.0,0.0,0.5408074199147374,0.0,0.4657204073197675,0.4539752118349115,0.43936712870965083,0.5483785601801298,0.5207295170318587,0.0,0.4908803771626638,0.0,0.0,0.5378266392146615,0.0,0.0,0.0,0.0,0.517163627061624,0.33721971724417954,0.0,0.0,0.4990595761769961,0.0,0.0,0.0,0.4476800392144113,0.3702397723168232,0.3248985388667904,0.0,0.0
0.0,0.0,0.4026419198573544,0.1810560336318286,0.26621108354806633,0.41306247068895036,0.23220240888831734,0.421017472947709,0.43544477871806436,0.2824782455568729,0.42384493067822737,0.2693445293289063,0.3128898203081209,0.16197398592736828,0.0,0.0,0.0,0.0,0.4288771694468772,0.0,0.0,0.0,0.4256352542632213,0.0,0.0,0.0,0.4325096884349235,0.27910661321332,0.33879239570697867,0.0,0.3347682834424517,0.299717593080329,0.24619851144107338,0.2742706219559993,0.2541136180879624,0.16553007623770238,0.0,0.23990937987194114,0.2590561216448431,0.0,0.0,0.0,0.0,0.0,0.0,0.0,0.0,0.40069885973017333,0.0,0.0,0.3653261314160787,0.0,0.0,0.0,0.0,0.0,0.0,0.0,0.0,0.0,0.0,0.0,0.0,0.0,0.0,0.0,0.0,0.43261397963684844,0.0,0.0,0.0,0.3672571937080717,0.0,0.0,0.0,0.0
0.3947669643810119,0.0,0.0,0.0,0.0,0.3294488910855548,0.0,0.0,0.3384053918577139,0.24819309043195967,0.36262634191603427,0.18138274912834396,0.2918344107601861,0.0,0.0,0.0,0.357323086581934,0.0,0.36515103526660003,0.0,0.0,0.0,0.0,0.25426455899043454,0.33317873494071765,0.3614260562591076,0.27265791465846423,0.2962047341969294,0.0,0.0,0.26186597140042117,0.20629250483537928,0.17260131207725432,0.18121825615652948,0.1992729341805367,0.0,0.23990937987194114,0.0,0.21023794238435342,0.2480246251089658,0.0,0.0,0.0,0.0,0.2739392786187772,0.0,0.0,0.0,0.0,0.0,0.0,0.0,0.0,0.0,0.3435309350646006,0.0,0.38059389165643026,0.0,0.0,0.0,0.0,0.0,0.0,0.0,0.0,0.0,0.0,0.0,0.29581425791913196,0.0,0.43172236051656265,0.0,0.0,0.0,0.0,0.0
