0,1,2,3,4,5,6,7,8,9,10,11,12,13,14,15,16,17,18,19,20,21,22,23,24,25,26,27,28,29,30,31,32,33,34,35,36,37,38,39,40,41,42,43,44,45,46,47,48,49,50,51,52,53,54,55,56,57,58,59,60,61,62,63,64,65,66,67,68,69,70,71,72,73,74,75
0.0,0.3925541510252017,0.38800250566612904,0.0,0.0,0.38322038887625254,0.0,0.4999977730008199,0.0,0.4085847322556192,0.0,0.404293076483122,0.34101119024451887,0.0,0.3813485140476423,0.38613257534066947,0.0,0.3801894142309677,0.0,0.4276363506408924,0.38160282813224916,0.3934467430081389,0.4665379820229872,0.3834302608304422,0.38118779431296196,0.3676774781357728,0.3929165693200253,0.46036435094453754,0.4100546287463305,0.0,0.3693144893766606,0.40685291068088986,0.323961646549723,0.35786834218294195,0.4263977353537371,0.0,0.0,0.3860464586345441,0.44885422037949363,0.45730675861115894,0.414736870691285,0.0,0.0,0.0,0.0,0.36244723961276293,0.4776031842985946,0.0,0.0,0.0,0.35136762818850936,0.0,0.3721013577325107,0.0,0.436302935307415,0.0,0.4721223234856635,0.0,0.0,0.0,0.4543161016668838,0.0,0.4450212623224426,0.0,0.0,0.30912204358232453,0.4823895608452223,0.0,0.4695689637697543,0.45203873174722803,0.46944036386440835,0.40184400264082637,0.0,0.0,0.0,0.4001644898564598
0.3925541510252017,0.0,0.332567394400602,0.0,0.3754381325521252,0.39646303374482345,0.39427354516198126,0.4587018919718288,0.35059270705393164,0.2867801056313669,0.27606654127425445,0.27272073862095564,0.42693046709001625,0.0,0.39608300939943547,0.3960880630790385,0.35603650953314897,0.39019681211693596,0.0,0.42012761619072597,0.4064964771602418,0.393439822011473,0.39536925519730326,0.0,0.37155865007737887,0.37861838497543937,0.4085983103393032,0.41565814434372317,0.4083808559351276,0.40816597696934837,0.3756568747232441,0.41437427134601945,0.35491906252333466,0.3650899430261234,0.4270600675378816,0.36265495665079633,0.0,0.0,0.4555616191905514,0.4360937004203094,0.4402738257769532,0.4651297961116693,0.0,0.0,0.0,0.47161709488236364,0.46860185063173515,0.0,0.0,0.0,0.391439555220737,0.0,0.0,0.0,0.0,0.0,0.0,0.3022786847704233,0.0,0.4835461061825824,0.44794957374638805,0.0,0.4360111050418868,0.0,0.45238571051306425,0.47972001655277247,0.47217220319568504,0.4251144806732036,0.0,0.45063057840686876,0.4855298910635526,0.44179584457898524,0.0,0.446430243375158,0.0,0.4295733639482944
0.38800250566612904,0.332567394400602,0.0,0.37838603662785963,0.370701344849662,0.3643342419242486,0.4465806328634999,0.4515115935984377,0.26458327603075016,0.41235014878958653,0.3438444802326399,0.35585100117874474,0.45179648069064354,0.44165695863655363,0.0,0.0,0.0,0.4047527293024936,0.24887025063426912,0.0,0.34454806414017225,0.4088320229434442,0.3192522239234912,0.41568761116641106,0.32222066086876083,0.36183189913065894,0.28500299779904825,0.4489886836455645,0.3476015119686285,0.43432870032105864,0.47407589273171613,0.4345478120727312,0.3236352784971077,0.49330753169008185,0.463594210466049,0.4431617705749131,0.4098171932013004,0.3400733996985539,0.46951493571006714,0.0,0.460515017738085,0.0,0.48741651125723245,0.0,0.0,0.0,0.0,0.4057295207729666,0.0,0.4888385300264247,0.5275806178164304,0.5272912377775403,0.5069916614821977,0.5255715147400473,0.0,0.4570594067782382,0.0,0.4783019924378336,0.5015222804582385,0.0,0.0,0.0,0.0,0.4514951683787702,0.0,0.0,0.0,0.5354442451861603,0.0,0.0,0.0,0.5250741302382227,0.43143082267332755,0.3929170978780625,0.0,0.44325315810739674
0.0,0.0,0.37838603662785963,0.0,0.24801350984947562,0.4107248586092396,0.27188673887921333,0.3196042720712985,0.41728035401817365,0.24755743356247853,0.38002707025842436,0.18749980027267166,0.33238417305906254,0.2993916486126542,0.5074759558869631,0.0,0.0,0.0,0.38261324714488254,0.48370040408885373,0.0,0.5083559613246338,0.4014986107922764,0.0,0.0,0.0,0.39469334837811054,0.2610971057340275,0.3349621037508485,0.0,0.3746891113918792,0.3061414099855934,0.0,0.2687887344753507,0.3834550592943317,0.2170578433469047,0.17742371528309023,0.0,0.0,0.0,0.0,0.0,0.0,0.0,0.0,0.0,0.0,0.0,0.0,0.0,0.0,0.0,0.0,0.0,0.0,0.0,0.0,0.0,0.0,0.0,0.0,0.0,0.0,0.0,0.0,0.0,0.0,0.0,0.0,0.0,0.0,0.0,0.0,0.0,0.0,0.0
0.0,0.3754381325521252,0.370701344849662,0.24801350984947562,0.0,0.3808585702276285,0.3187427045276027,0.3950914092802974,0.33388404882438505,0.45399409375405764,0.3344898098334079,0.403665024338211,0.38226607273548374,0.2984522156016781,0.0,0.4101583977376527,0.3496009113916634,0.3759217537178697,0.381474382932243,0.41426151269018396,0.0,0.44415717964404366,0.4050760817679488,0.0,0.38011005839121637,0.3616374352527165,0.38907497200631475,0.431562289489293,0.42088141866482426,0.4540189369889178,0.44479224315317106,0.3783523925904747,0.34969865144647533,0.451811829236312,0.44893530763176925,0.2514924183017398,0.2849933900754398,0.38725429418486906,0.41764428735783676,0.0,0.0,0.0,0.38273426107175623,0.0,0.0,0.0,0.0,0.5206203419955908,0.0,0.44517933356211287,0.450976858926677,0.3808321288770876,0.505307167416132,0.40025490713103956,0.0,0.4374120731409767,0.0,0.37121619941490436,0.41694460277543977,0.0,0.0,0.0,0.0,0.46176037233545375,0.0,0.0,0.0,0.5131449097699602,0.0,0.0,0.3290896834294679,0.4548746570961219,0.34761097247187334,0.3529789817291605,0.0,0.0
0.38322038887625254,0.39646303374482345,0.3643342419242486,0.4107248586092396,0.3808585702276285,0.0,0.3918067859118614,0.4003837451710877,0.3252250121367126,0.4256495221718637,0.3884535628651027,0.3794659138588998,0.3908229724719287,0.41593308796089845,0.3263971617549052,0.431107455297779,0.31086027812998923,0.42106921212606735,0.38287341812594894,0.39213568081600536,0.37748611367432733,0.426278015287412,0.38396931315869,0.34930951382770065,0.39369981976424356,0.4134911576689642,0.3623394463896012,0.37409992764112926,0.34220804586667625,0.40969119214517125,0.42519582072384476,0.40211879427092573,0.33791200477472955,0.4349447875452061,0.4364393814363115,0.44156441459450285,0.42312891648756357,0.3509969637519571,0.473015103066897,0.3370662889316975,0.4360934864872978,0.4398224814796363,0.42764472544634413,0.3009324735953607,0.0,0.0,0.33113498697768207,0.5318411179054464,0.0,0.4535329986200202,0.4849851454998349,0.4932048017925308,0.4515127328830672,0.5296290261941192,0.0,0.4770055755749916,0.0,0.49060764625169623,0.4150361392423974,0.42389505466655575,0.28070422679698875,0.0,0.3231146913525376,0.5249931985880792,0.432693247031777,0.42431518867610485,0.40568432269326665,0.4941603984633402,0.0,0.29997337913792416,0.3836477121048535,0.47808349322985993,0.4537727325197205,0.4448963959001918,0.43894011358080004,0.48874788009571
0.0,0.39427354516198126,0.4465806328634999,0.27188673887921333,0.3187427045276027,0.3918067859118614,0.0,0.431031730398638,0.3609189630898478,0.3789474324126284,0.4650040326317741,0.37543695964005463,0.36182513765347313,0.3555707394999541,0.4092184340064348,0.43750272072087204,0.39600310459509164,0.42100152888429127,0.4652565831610089,0.4246652093217428,0.40928816767214715,0.45036524183770343,0.4239506315151307,0.0,0.41447856383436726,0.3815697149348891,0.41011874010713456,0.4094307187732392,0.4378423002796362,0.42607778854289835,0.43694448565914334,0.39474655976371364,0.3974837370062356,0.4159726139996062,0.42357108476914945,0.28828348982225144,0.28656249618328616,0.39049532614640564,0.37268068961300627,0.42794212316116415,0.3868153221365364,0.0,0.0,0.0,0.0,0.0,0.0,0.4656890299561248,0.0,0.0,0.4318895482867279,0.0,0.40680261682639496,0.0,0.0,0.36779072005102914,0.0,0.3838235431043234,0.0,0.38216732103839635,0.0,0.0,0.0,0.487117493952543,0.36840852144872405,0.0,0.0,0.49811230497285086,0.0,0.0,0.3131673617554517,0.45277423021069707,0.35039861048619436,0.35991842862136214,0.0,0.0
0.4999977730008199,0.4587018919718288,0.4515115935984377,0.3196042720712985,0.3950914092802974,0.4003837451710877,0.431031730398638,0.0,0.4928311848059222,0.41975689829692286,0.28967122903124076,0.4345421938534061,0.4287658513288514,0.3277294962616014,0.3772592269845775,0.4277185246737738,0.0,0.0,0.4239084343754684,0.3791678950095215,0.3905447313141243,0.3861351335620457,0.3768965621490054,0.5109740780234171,0.4665471357293492,0.4834295817153276,0.41061260642762515,0.4263344344449476,0.3825921275698841,0.4300361258422783,0.46432990345548686,0.34458123191705725,0.40324918207427934,0.46155537332381036,0.4707722213066935,0.2642598936882549,0.3503757529503958,0.0,0.43415152379882493,0.0,0.49143257258374196,0.0,0.3684698697757248,0.0,0.0,0.0,0.0,0.520070969550693,0.0,0.4514264019246611,0.4562799642613665,0.469450267003906,0.3451891475682588,0.5226123134823968,0.0,0.4158051341305977,0.0,0.4816438608437943,0.4155604284620374,0.37056414264293114,0.0,0.0,0.0,0.4963120260119106,0.473808948810698,0.2689441098651638,0.0,0.4685713908787885,0.0,0.33944569498414706,0.4531464788311444,0.4702160354189654,0.4503464267655282,0.42612979041073984,0.0,0.4929783154280662
0.0,0.35059270705393164,0.26458327603075016,0.41728035401817365,0.33388404882438505,0.3252250121367126,0.3609189630898478,0.4928311848059222,0.0,0.4540424843329301,0.31520281129835265,0.4235883093549835,0.3617150857616316,0.4252326100242019,0.2637663782126587,0.3731440392583386,0.34769944963356153,0.3237053086281818,0.2793368921237031,0.3950475773291095,0.0,0.4037102629176711,0.38551317316212314,0.38108987106922915,0.3511008707006756,0.3473183311193912,0.3335085785679704,0.4438859025670607,0.40029558085110023,0.41196282465052775,0.4678650870264593,0.4339294961110384,0.4182199740550478,0.4667014505018714,0.4642116656149729,0.4523307296713758,0.4324079573442819,0.4023682771680075,0.48812810462092737,0.0,0.32188323256157825,0.2984760076987148,0.5022178655100177,0.0,0.0,0.0,0.0,0.5550706337639334,0.0,0.46065280152467714,0.5171139530810454,0.49343107078012394,0.5366854000961296,0.5275307056657276,0.0,0.49671567565086255,0.0,0.4511914175431898,0.5124737816546535,0.0,0.0,0.0,0.0,0.5436577429240533,0.0,0.0,0.0,0.5406738016592373,0.0,0.0,0.0,0.5201805292839382,0.0,0.3629893759564512,0.0,0.39769936574273895
0.4085847322556192,0.2867801056313669,0.41235014878958653,0.24755743356247853,0.45399409375405764,0.4256495221718637,0.3789474324126284,0.41975689829692286,0.4540424843329301,0.0,0.4655108259132689,0.3204709425898257,0.40455864893374477,0.38978303943472437,0.0,0.3543927142285211,0.31288183354578386,0.2976122101121919,0.43709018365216573,0.33858081582032684,0.44585193716219357,0.33851757128553467,0.4147066119571131,0.31798821751109757,0.3160511239817111,0.3400668693137344,0.39550929357939446,0.39151927368270506,0.36270022279248737,0.0,0.3388257548532159,0.3791824180772751,0.3103077012093515,0.29004805932111744,0.2954277948118373,0.2843099212883447,0.25795476350436813,0.283082151175824,0.0,0.42326046733378236,0.3691605517429268,0.0,0.0,0.0,0.3485775333898894,0.0,0.0,0.0,0.0,0.0,0.0,0.0,0.0,0.0,0.4576437038514059,0.0,0.4707176909849829,0.3853104516453724,0.0,0.0,0.0,0.444149995164546,0.4145144122015779,0.0,0.0,0.0,0.0,0.35088048572594915,0.4234267528854572,0.4304814437986035,0.45371107240745634,0.3439775112307062,0.41742843314160644,0.0,0.0,0.41083940022838444
0.0,0.27606654127425445,0.3438444802326399,0.38002707025842436,0.3344898098334079,0.3884535628651027,0.4650040326317741,0.28967122903124076,0.31520281129835265,0.4655108259132689,0.0,0.4237473894789434,0.4626391034524122,0.28787632135976315,0.0,0.0,0.37859110117908334,0.36375968910989964,0.2874477340649517,0.0,0.0,0.0,0.27672911240051773,0.4370537722786725,0.37467995987270997,0.3504770771216014,0.3662115695689767,0.45543633361883784,0.0,0.0,0.4734652864871324,0.39122257292430157,0.37282447471592906,0.4630155205877913,0.4415015975369179,0.36091656351786716,0.4147331398446287,0.4157981708526054,0.37320671242023346,0.0,0.3776149841122184,0.0,0.35501162484910015,0.0,0.0,0.0,0.0,0.31966353606388986,0.0,0.3914102492519303,0.43283591775632996,0.4135245974762892,0.4274202093597337,0.332998376988256,0.0,0.24791452498630273,0.0,0.3972485633455835,0.4060330538700029,0.0,0.0,0.0,0.0,0.2264260731562504,0.0,0.0,0.0,0.45490959986156476,0.0,0.0,0.0,0.3376832812396765,0.35568841099973136,0.0,0.0,0.0
0.404293076483122,0.27272073862095564,0.35585100117874474,0.18749980027267166,0.403665024338211,0.3794659138588998,0.37543695964005463,0.4345421938534061,0.4235883093549835,0.3204709425898257,0.4237473894789434,0.0,0.3964551943418147,0.0,0.0,0.268487737968451,0.3482380375390815,0.3434670820572494,0.3735902963559251,0.0,0.41652039622871073,0.0,0.42466262784926767,0.2896690934394205,0.3505785854597537,0.3183525528568616,0.3494729924902545,0.3899337607264425,0.3334505821656877,0.0,0.3565936895165846,0.2728620555880466,0.3174712462890318,0.2312689594782038,0.28607624171028073,0.27379780752348515,0.23523102483548347,0.23279840694332024,0.26340017340759847,0.4434623086539645,0.3232253797015751,0.2501851748131402,0.0,0.0,0.3470825646009816,0.0,0.0,0.0,0.0,0.0,0.0,0.0,0.0,0.0,0.45689423119961436,0.0,0.4697781418853674,0.3886282878740657,0.0,0.0,0.0,0.4586282210422265,0.4398231165300511,0.0,0.0,0.0,0.0,0.0,0.42647008805770914,0.4417275769977231,0.4550153064217656,0.0,0.42553766878740357,0.0,0.0,0.4168030442614048
0.34101119024451887,0.42693046709001625,0.45179648069064354,0.33238417305906254,0.38226607273548374,0.3908229724719287,0.36182513765347313,0.4287658513288514,0.3617150857616316,0.40455864893374477,0.4626391034524122,0.3964551943418147,0.0,0.3750594633039063,0.39662880880400797,0.45682755060207597,0.40039582903006693,0.4410539412530226,0.451809430198474,0.4353509808827271,0.4372946310455334,0.46135159744004667,0.4330040443049059,0.37001900406761185,0.4333762985258266,0.4212456142393123,0.4249360010583273,0.35217957835125474,0.4131065690722627,0.3964903221382136,0.4275250146937517,0.39508216302243815,0.3883929338181918,0.4059938653314137,0.3842265222017693,0.3311520711194353,0.34466297466834334,0.33832467992358634,0.4500811307971918,0.40263111451721756,0.3024501871045846,0.27313516737408344,0.38897140684353987,0.0,0.0,0.0,0.297363561616025,0.47580813424330803,0.0,0.0,0.4036422082589722,0.4153795679055447,0.45132247951674775,0.43888101801672863,0.0,0.0,0.0,0.38257617973148317,0.0,0.376114081829513,0.2950528528136725,0.0,0.0,0.0,0.4285855427614387,0.0,0.3340380695134582,0.4831678115706782,0.0,0.3296288965652322,0.3426165269297794,0.4633980321595069,0.3968316716503815,0.4225409893720245,0.0,0.37164984822188946
0.0,0.0,0.44165695863655363,0.2993916486126542,0.2984522156016781,0.41593308796089845,0.3555707394999541,0.3277294962616014,0.4252326100242019,0.38978303943472437,0.28787632135976315,0.0,0.3750594633039063,0.0,0.0,0.0,0.0,0.0,0.41211106654242113,0.0,0.0,0.0,0.3847202471298343,0.0,0.0,0.42876142931883365,0.4261611558391049,0.2846188863519056,0.0,0.0,0.0,0.2484839155447269,0.0,0.0,0.0,0.2547968433913826,0.1699873538890953,0.3197437307468958,0.0,0.0,0.0,0.0,0.39843512781485135,0.0,0.0,0.0,0.0,0.0,0.0,0.0,0.0,0.39063023488006415,0.3651846852649525,0.0,0.0,0.0,0.0,0.0,0.0,0.0,0.0,0.0,0.0,0.41402014393506154,0.0,0.0,0.0,0.0,0.0,0.0,0.0,0.0,0.0,0.0,0.0,0.0
0.3813485140476423,0.39608300939943547,0.0,0.5074759558869631,0.0,0.3263971617549052,0.4092184340064348,0.3772592269845775,0.2637663782126587,0.0,0.0,0.0,0.39662880880400797,0.0,0.0,0.4199612639023944,0.36651661810717906,0.402334193883107,0.0,0.2949170699543171,0.39334978546089744,0.3087221911000186,0.2939654949433125,0.41451344946522106,0.3655518185781244,0.40519099324117824,0.345997255229171,0.38944573650566205,0.3871372828123721,0.3749485832430075,0.41986718386139166,0.43704338486874733,0.4130815779792539,0.45157993398028606,0.4963420606865815,0.5408102579885372,0.4012247208436156,0.0,0.49382778860369136,0.4834798164751214,0.4910151618211168,0.5226479497965919,0.0,0.0,0.0,0.0,0.4944012998899398,0.0,0.0,0.0,0.4520053692055569,0.0,0.4501907823901093,0.0,0.0,0.0,0.0,0.4061276099441289,0.0,0.5075898713641565,0.44101810620700205,0.0,0.34924479192578184,0.0,0.48066629771173586,0.46613758308856557,0.5102006531315684,0.47123455044881163,0.0,0.3719892483042506,0.5287058419353361,0.47547776540420233,0.4443449132443833,0.46104926496391735,0.4429108108193424,0.46553897289555896
0.38613257534066947,0.3960880630790385,0.0,0.0,0.4101583977376527,0.431107455297779,0.43750272072087204,0.4277185246737738,0.3731440392583386,0.3543927142285211,0.0,0.268487737968451,0.45682755060207597,0.0,0.4199612639023944,0.0,0.35701262357818453,0.3155061073490142,0.0,0.40283903503482416,0.4085314465190744,0.36722992522316106,0.4248404544183489,0.0,0.3601608572683977,0.40318253893119343,0.42393158069862147,0.42559716324569996,0.41786941867707955,0.41698957358997046,0.36550914557625114,0.42305395003378277,0.359777001837044,0.3532262304502851,0.41839097784339363,0.37381814164077387,0.3364652532812574,0.0,0.43566752557788535,0.41091689785363666,0.41121325853951396,0.4410187164198018,0.0,0.0,0.0,0.44030109954052027,0.4505013227759984,0.0,0.0,0.0,0.0,0.0,0.0,0.0,0.0,0.0,0.0,0.0,0.0,0.4522299743150481,0.42702783878911205,0.0,0.42570156692070654,0.0,0.42789681782908207,0.0,0.4526238141668143,0.37685095305944616,0.0,0.4352817011428816,0.4652920220836455,0.39107231466838666,0.0,0.39079239123314635,0.0,0.4180336813307961
0.0,0.35603650953314897,0.0,0.0,0.3496009113916634,0.31086027812998923,0.39600310459509164,0.0,0.34769944963356153,0.31288183354578386,0.37859110117908334,0.3482380375390815,0.40039582903006693,0.0,0.36651661810717906,0.35701262357818453,0.0,0.31789412568145203,0.0,0.35975484940378644,0.3522632253140502,0.36519186560188743,0.0,0.33739557518063135,0.32799679336227733,0.3634555385825614,0.0,0.38782296533434074,0.3385599149722913,0.0,0.3424104869910665,0.39649560172618337,0.3271388507016347,0.33968962224271915,0.34430734397933765,0.0,0.0,0.3099226238993064,0.0,0.3858116540569762,0.35679807067203734,0.0,0.0,0.0,0.0,0.0,0.0,0.0,0.0,0.0,0.0,0.0,0.0,0.0,0.45223755664426274,0.0,0.4702045722704601,0.0,0.0,0.0,0.0,0.4180172514134143,0.409625108757169,0.0,0.0,0.0,0.0,0.0,0.45309501378436606,0.4288021193569443,0.4401500831129529,0.0,0.0,0.0,0.0,0.0
0.3801894142309677,0.39019681211693596,0.4047527293024936,0.0,0.3759217537178697,0.42106921212606735,0.42100152888429127,0.0,0.3237053086281818,0.2976122101121919,0.36375968910989964,0.3434670820572494,0.4410539412530226,0.0,0.402334193883107,0.3155061073490142,0.31789412568145203,0.0,0.0,0.39660511805039356,0.38567431646331735,0.38329752621471286,0.4165467075176389,0.35301663263882965,0.3324398772421276,0.37736196391305415,0.414724749922082,0.41483492887670176,0.41427709536340424,0.0,0.36345069575409095,0.41672913136216044,0.34241222250589204,0.3595829157197041,0.39507409988159264,0.0,0.0,0.2661237863684791,0.428928256581975,0.3878588067594658,0.41017564813880253,0.0,0.0,0.0,0.0,0.43677315535178907,0.4358190189244948,0.0,0.0,0.0,0.3108533563148801,0.0,0.0,0.0,0.45011663165519666,0.0,0.465059475444146,0.0,0.0,0.3893106479992853,0.4214304772042949,0.4395049599979542,0.4279975195031367,0.0,0.3581629618627624,0.0,0.44125727305871815,0.0,0.4773083901828066,0.4314623820765332,0.45499694045955236,0.0,0.0,0.3248075006234333,0.0,0.4204289109513257
0.0,0.0,0.24887025063426912,0.38261324714488254,0.381474382932243,0.38287341812594894,0.4652565831610089,0.4239084343754684,0.2793368921237031,0.43709018365216573,0.2874477340649517,0.3735902963559251,0.451809430198474,0.41211106654242113,0.0,0.0,0.0,0.0,0.0,0.0,0.0,0.0,0.3311766473467935,0.37464324299088286,0.3224586577846057,0.3488695225274774,0.33614116449601283,0.44189655516437104,0.0,0.0,0.4569077989075373,0.39834209719038877,0.31299453424695783,0.44807611045376966,0.4462945004329869,0.41669578243885297,0.40752614891111455,0.37640265266732076,0.43014347293534727,0.0,0.3579322129263928,0.0,0.4662095203474042,0.0,0.0,0.0,0.0,0.4983661831056582,0.0,0.44908084367836454,0.5066492422563876,0.4687056157591668,0.5234564566806367,0.5502790163456899,0.0,0.3604473356649425,0.0,0.4367581134621578,0.47397884266856904,0.0,0.0,0.0,0.0,0.5348000802098325,0.0,0.0,0.0,0.5387623998671821,0.0,0.0,0.0,0.5203925941084737,0.36483769098991925,0.4268293811884689,0.0,0.0
0.4276363506408924,0.42012761619072597,0.0,0.48370040408885373,0.41426151269018396,0.39213568081600536,0.4246652093217428,0.3791678950095215,0.3950475773291095,0.33858081582032684,0.0,0.0,0.4353509808827271,0.0,0.2949170699543171,0.40283903503482416,0.35975484940378644,0.39660511805039356,0.0,0.0,0.4165433948662409,0.33496173250019234,0.296363682151956,0.3928527163602904,0.39388836137637623,0.42375966204551696,0.3290717077264264,0.3870742609119964,0.32948784665304715,0.3746116231207928,0.3892838763363339,0.4255723707404163,0.3889552121834619,0.43763246674056505,0.478421394854645,0.5095047071404225,0.4485717044981443,0.0,0.46237205832729283,0.41077260664367615,0.4196507562463777,0.47977041074151644,0.0,0.0,0.0,0.0,0.42393394244820803,0.0,0.0,0.0,0.4312474596754729,0.0,0.0,0.0,0.0,0.0,0.3778692607770266,0.40132315780874406,0.0,0.47070487876045924,0.34127327086433756,0.0,0.32265588713408616,0.0,0.4587936901845535,0.4423024600397294,0.472632839103331,0.46646649857219513,0.0,0.3215935726033658,0.4883418334263375,0.46961628741293165,0.4577569583042876,0.42373238658357937,0.37558542495435887,0.44831717569743085
0.38160282813224916,0.4064964771602418,0.34454806414017225,0.0,0.0,0.37748611367432733,0.40928816767214715,0.3905447313141243,0.0,0.44585193716219357,0.0,0.41652039622871073,0.4372946310455334,0.0,0.39334978546089744,0.4085314465190744,0.3522632253140502,0.38567431646331735,0.0,0.4165433948662409,0.0,0.4133470003689564,0.4097816294873478,0.46355892244867775,0.4110991286828592,0.4279420232026596,0.39787214102594026,0.43003792796941565,0.4091187509622184,0.4329876999127646,0.40405550622693476,0.42424278269740556,0.40546586787502714,0.4082833324385719,0.47751856313396285,0.0,0.0,0.4314762887052548,0.45536632456184867,0.42785767391918683,0.4516648610927193,0.4943250484971822,0.0,0.0,0.0,0.36103733348996997,0.4821709451601579,0.0,0.0,0.0,0.43466453683629525,0.0,0.30838152326914253,0.0,0.4805940543573181,0.0,0.0,0.42522612957564093,0.0,0.4569750470050285,0.44896279898528413,0.0,0.3812644073274961,0.0,0.4547778507506312,0.34597476216149736,0.49097682571337226,0.4503917978844028,0.0,0.40602459947201475,0.4895561901006645,0.4561981480418485,0.45082921269190535,0.44616768462313916,0.42936238536500104,0.42775578911803086
0.3934467430081389,0.393439822011473,0.4088320229434442,0.5083559613246338,0.44415717964404366,0.426278015287412,0.45036524183770343,0.3861351335620457,0.4037102629176711,0.33851757128553467,0.0,0.0,0.46135159744004667,0.0,0.3087221911000186,0.36722992522316106,0.36519186560188743,0.38329752621471286,0.0,0.33496173250019234,0.4133470003689564,0.0,0.3731636248059645,0.41417670346516666,0.385371450965339,0.38523093016787957,0.40798376913799983,0.4248515437388905,0.3936552261558553,0.3950317049245532,0.3926851619121768,0.43296099363231244,0.36893385237967696,0.421922833723145,0.47232946639064677,0.5205551244930245,0.4584341282874432,0.0,0.469188330789405,0.44633358481692875,0.4587910957292897,0.491455991799954,0.0,0.3042909993444269,0.0,0.42442183583541604,0.46666031757791204,0.0,0.0,0.0,0.4252469956114073,0.3008990676240273,0.0,0.0,0.0,0.0,0.30808876180073486,0.3307505658431432,0.0,0.5053440849066262,0.4323045539858209,0.0,0.39468057727157535,0.0,0.47088946678174076,0.48798202606155744,0.4831431793359186,0.4767902463159882,0.0,0.41687062849242185,0.501156001999782,0.4702048449064442,0.39052694724349124,0.453741291037042,0.0,0.43258151506363474
0.4665379820229872,0.39536925519730326,0.3192522239234912,0.4014986107922764,0.4050760817679488,0.38396931315869,0.4239506315151307,0.3768965621490054,0.38551317316212314,0.4147066119571131,0.27672911240051773,0.42466262784926767,0.4330040443049059,0.3847202471298343,0.2939654949433125,0.4248404544183489,0.0,0.4165467075176389,0.3311766473467935,0.296363682151956,0.4097816294873478,0.3731636248059645,0.0,0.498857667600378,0.41076437010213906,0.447774968198825,0.3052447504299643,0.4169824775377898,0.37637778218912576,0.39887961495116725,0.4337158246562008,0.3941478959974801,0.3106710787563727,0.44554123969259585,0.446698094926015,0.4146595192217701,0.4168455608414758,0.3704202247048528,0.47738796079753376,0.44493938302900005,0.5060694118144905,0.4967576037726164,0.45697411108097835,0.375142025472226,0.0,0.0,0.4436105991914401,0.4836063080494034,0.0,0.47219647505576334,0.49563169939703616,0.5241627130966827,0.4699974221903313,0.5382486883025862,0.0,0.3984384755284755,0.0,0.5024760812113107,0.47466284085067145,0.47074248444676525,0.3317905801868216,0.0,0.0,0.41502380502170316,0.46863221276810024,0.4600007775446179,0.4717027029685694,0.5018414820135072,0.0,0.3352869834235368,0.4668818481960335,0.4877835994420974,0.4828996153669402,0.4606193354136131,0.4853991596968594,0.49944681721806655
0.3834302608304422,0.0,0.41568761116641106,0.0,0.0,0.34930951382770065,0.0,0.5109740780234171,0.38108987106922915,0.31798821751109757,0.4370537722786725,0.2896690934394205,0.37001900406761185,0.0,0.41451344946522106,0.0,0.33739557518063135,0.35301663263882965,0.37464324299088286,0.3928527163602904,0.46355892244867775,0.41417670346516666,0.498857667600378,0.0,0.3824885404794936,0.3520107621741839,0.3937773687807496,0.37456499982734326,0.0,0.0,0.35544717530568143,0.2970547778611643,0.26778229474222004,0.2334800395676324,0.2528842642163716,0.30361345756169267,0.0,0.23999321244377467,0.0,0.4239731551663431,0.34459055348289724,0.0,0.0,0.0,0.3441654739100879,0.42241588532220486,0.0,0.0,0.0,0.0,0.0,0.0,0.0,0.0,0.45382719161158624,0.0,0.46482972557187624,0.0,0.0,0.0,0.44911316121752265,0.46092270395445967,0.4636823446664121,0.0,0.0,0.0,0.0,0.0,0.43253531385922184,0.4605957368996959,0.4651201324538542,0.0,0.44654125404164846,0.0,0.0,0.43251466796122007
0.38118779431296196,0.37155865007737887,0.32222066086876083,0.0,0.38011005839121637,0.39369981976424356,0.41447856383436726,0.4665471357293492,0.3511008707006756,0.3160511239817111,0.37467995987270997,0.3505785854597537,0.4333762985258266,0.0,0.3655518185781244,0.3601608572683977,0.32799679336227733,0.3324398772421276,0.3224586577846057,0.39388836137637623,0.4110991286828592,0.385371450965339,0.41076437010213906,0.3824885404794936,0.0,0.3451010599689478,0.39290053514022,0.4129020244986857,0.3860338671016446,0.3569216740308435,0.36334822244118525,0.4019873419161733,0.31809684808673316,0.3408444178068134,0.38561067309484376,0.3086530829680595,0.0,0.31381417494065666,0.4466608108322106,0.4032203326503358,0.42285452975998283,0.4360946473952,0.0,0.0,0.0,0.43145382266282667,0.4458657944847606,0.0,0.0,0.0,0.3037217678595717,0.0,0.0,0.0,0.4564833383067005,0.0,0.4635253275402627,0.33854867227588326,0.0,0.0,0.42996114371214617,0.44972685582389643,0.44135782181356586,0.0,0.4053010347664837,0.43388642158530216,0.4177940393635601,0.3459326882673519,0.4504798683111824,0.4427998091894564,0.46303114285569075,0.3298672349575603,0.0,0.40871076072838597,0.0,0.4348667978292641
0.3676774781357728,0.37861838497543937,0.36183189913065894,0.0,0.3616374352527165,0.4134911576689642,0.3815697149348891,0.4834295817153276,0.3473183311193912,0.3400668693137344,0.3504770771216014,0.3183525528568616,0.4212456142393123,0.42876142931883365,0.40519099324117824,0.40318253893119343,0.3634555385825614,0.37736196391305415,0.3488695225274774,0.42375966204551696,0.4279420232026596,0.38523093016787957,0.447774968198825,0.3520107621741839,0.3451010599689478,0.0,0.43019087654108545,0.40970623017262353,0.40887464220048575,0.3422265845130469,0.38805860419959026,0.42461311667989293,0.3697220643288255,0.38225419683505724,0.45125983593611924,0.0,0.0,0.3240034949363311,0.46956345202444955,0.4450825809421366,0.4502320667354292,0.46587827154122036,0.0,0.0,0.3932557903551448,0.4505355124782385,0.48819414502703984,0.0,0.0,0.0,0.40743904022780875,0.340458512130153,0.0,0.0,0.4777559580733986,0.0,0.48018261269592255,0.3738179387462247,0.0,0.5193725036405701,0.4595680849906528,0.4681771033355983,0.46162936573869584,0.0,0.49101273963404296,0.5018998255925038,0.5090364557544808,0.4674967804195199,0.46461083482177173,0.46165272002507474,0.4846274199254216,0.47709280689824723,0.43446591103518095,0.4657692784994988,0.0,0.4547777505873863
0.3929165693200253,0.4085983103393032,0.28500299779904825,0.39469334837811054,0.38907497200631475,0.3623394463896012,0.41011874010713456,0.41061260642762515,0.3335085785679704,0.39550929357939446,0.3662115695689767,0.3494729924902545,0.4249360010583273,0.4261611558391049,0.345997255229171,0.42393158069862147,0.0,0.414724749922082,0.33614116449601283,0.3290717077264264,0.39787214102594026,0.40798376913799983,0.3052447504299643,0.3937773687807496,0.39290053514022,0.43019087654108545,0.0,0.40691939331166976,0.3555001961466056,0.3871843412647882,0.41056565047558247,0.3955957800203091,0.3453107139600275,0.43467807333418484,0.4511993194779211,0.43171381415217325,0.4090127479468955,0.3434054592348948,0.4620764552107642,0.4170654737548442,0.3980722949615626,0.4753766071206786,0.4623692223876607,0.30947025658614613,0.0,0.0,0.39394065191913546,0.5319275797509094,0.0,0.4773103207309928,0.47814651667378333,0.4932204204589844,0.45310170840455927,0.5288840033364178,0.0,0.4929501296759601,0.0,0.46435707198867937,0.4699665586505707,0.4623972260854635,0.3000472780829051,0.0,0.0,0.5203998675382111,0.45159475099174495,0.4290989814404112,0.45073654714479733,0.4865490948029149,0.0,0.3015870290227976,0.45242115090428037,0.4687297276697249,0.43316516758225154,0.431394468525676,0.43993314236667297,0.47721461491469847
0.46036435094453754,0.41565814434372317,0.4489886836455645,0.2610971057340275,0.431562289489293,0.37409992764112926,0.4094307187732392,0.4263344344449476,0.4438859025670607,0.39151927368270506,0.45543633361883784,0.3899337607264425,0.35217957835125474,0.2846188863519056,0.38944573650566205,0.42559716324569996,0.38782296533434074,0.41483492887670176,0.44189655516437104,0.3870742609119964,0.43003792796941565,0.4248515437388905,0.4169824775377898,0.37456499982734326,0.4129020244986857,0.40970623017262353,0.40691939331166976,0.0,0.31985636211485996,0.302157147942169,0.39941875635674706,0.38796123171985736,0.3338922759656425,0.3778538077301469,0.34750650844702474,0.30298895213458304,0.2919516487179677,0.3449571656959787,0.4313320253438357,0.0,0.48081088675110356,0.0,0.3687451736510573,0.0,0.0,0.0,0.29895218235724996,0.418869998652896,0.0,0.3486528368131604,0.459436288772528,0.37428893159178334,0.4347040315265446,0.3780165409837052,0.37722732252404223,0.0,0.4067273544961787,0.4009099194456964,0.0,0.4474425304714739,0.0,0.0,0.0,0.41233337681303894,0.4675149645999842,0.4510737781728115,0.40102226161608984,0.4875834933596098,0.0,0.3422266611406557,0.3801762152812599,0.4731654446295142,0.44365240378497606,0.4492026027247503,0.0,0.4616203927576108
0.4100546287463305,0.4083808559351276,0.3476015119686285,0.3349621037508485,0.42088141866482426,0.34220804586667625,0.4378423002796362,0.3825921275698841,0.40029558085110023,0.36270022279248737,0.0,0.3334505821656877,0.4131065690722627,0.0,0.3871372828123721,0.41786941867707955,0.3385599149722913,0.41427709536340424,0.0,0.32948784665304715,0.4091187509622184,0.3936552261558553,0.37637778218912576,0.0,0.3860338671016446,0.40887464220048575,0.3555001961466056,0.31985636211485996,0.0,0.3652044784533465,0.3791209726423188,0.39737872013724973,0.31706295906423343,0.42937536531513204,0.460386730217545,0.4777958013605671,0.39838730498798347,0.0,0.4591150182567937,0.382777226300891,0.46593631292342547,0.445740559642013,0.40166507850295113,0.3410079283334493,0.0,0.0,0.39491911114366546,0.44252484080717064,0.0,0.38873258853745546,0.43397325961401984,0.3819971615331875,0.40579146894141327,0.3896758843861372,0.0,0.0,0.0,0.42920670998845456,0.0,0.45665022884127615,0.30965316816305954,0.0,0.31927468666595726,0.0,0.45586987769155896,0.44878783096248825,0.4534540114300532,0.4692044415031054,0.0,0.29450169549485306,0.43069081089628247,0.4597752622743478,0.44419548066933146,0.4459071261040272,0.420876587990617,0.4529411348919578
0.0,0.40816597696934837,0.43432870032105864,0.0,0.4540189369889178,0.40969119214517125,0.42607778854289835,0.4300361258422783,0.41196282465052775,0.0,0.0,0.0,0.3964903221382136,0.0,0.3749485832430075,0.41698957358997046,0.0,0.0,0.0,0.3746116231207928,0.4329876999127646,0.3950317049245532,0.39887961495116725,0.0,0.3569216740308435,0.3422265845130469,0.3871843412647882,0.302157147942169,0.3652044784533465,0.0,0.36524003877076117,0.41645520335618763,0.360115344826598,0.4021521185801395,0.4082425172992851,0.4298997953711278,0.31725640534773214,0.0,0.0,0.0,0.0,0.0,0.0,0.0,0.0,0.0,0.0,0.0,0.0,0.0,0.4279238978958072,0.0,0.0,0.0,0.0,0.0,0.0,0.0,0.0,0.0,0.0,0.0,0.0,0.0,0.46600970036903555,0.0,0.0,0.49011181250592717,0.0,0.0,0.0,0.4835141569202802,0.0,0.4395649821571813,0.0,0.0
0.3693144893766606,0.3756568747232441,0.47407589273171613,0.3746891113918792,0.44479224315317106,0.42519582072384476,0.43694448565914334,0.46432990345548686,0.4678650870264593,0.3388257548532159,0.4734652864871324,0.3565936895165846,0.4275250146937517,0.0,0.41986718386139166,0.36550914557625114,0.3424104869910665,0.36345069575409095,0.4569077989075373,0.3892838763363339,0.40405550622693476,0.3926851619121768,0.4337158246562008,0.35544717530568143,0.36334822244118525,0.38805860419959026,0.41056565047558247,0.39941875635674706,0.3791209726423188,0.36524003877076117,0.0,0.39739991916580597,0.3383795271672444,0.29757206008349596,0.315867308734201,0.4171332336122693,0.29890432562554425,0.28651352209062253,0.4539018810514375,0.4013936229631588,0.0,0.0,0.0,0.0,0.0,0.0,0.4363010230402162,0.39289030182527496,0.0,0.0,0.49459275654213153,0.0,0.5076935249880209,0.0,0.4209533611219838,0.0,0.40131851260364193,0.40948532334894866,0.0,0.47698642116081336,0.4209482403942714,0.0,0.43300746243700955,0.0,0.4691181122170463,0.4225814866511183,0.469622844846513,0.5045132027932449,0.0,0.4342246462995945,0.4560562859753268,0.49083835502103607,0.43708066967312176,0.45503652902571523,0.0,0.0
0.40685291068088986,0.41437427134601945,0.4345478120727312,0.3061414099855934,0.3783523925904747,0.40211879427092573,0.39474655976371364,0.34458123191705725,0.4339294961110384,0.3791824180772751,0.39122257292430157,0.2728620555880466,0.39508216302243815,0.2484839155447269,0.43704338486874733,0.42305395003378277,0.39649560172618337,0.41672913136216044,0.39834209719038877,0.4255723707404163,0.42424278269740556,0.43296099363231244,0.3941478959974801,0.2970547778611643,0.4019873419161733,0.42461311667989293,0.3955957800203091,0.38796123171985736,0.39737872013724973,0.41645520335618763,0.39739991916580597,0.0,0.3551534412340969,0.331029434978275,0.3609189987128858,0.27176180608706807,0.31166845944538746,0.271568324693305,0.2677807755720334,0.2997972644809782,0.30882551662369656,0.3466982857390912,0.2712716416947879,0.2715232316416614,0.25864657267987373,0.4226719160005045,0.46028848357269253,0.49840664258121953,0.24928399820834912,0.4195354347623705,0.46100745961521494,0.3766088669916114,0.4571663533687566,0.38985339688478987,0.2591810548649447,0.42413114255294315,0.2534745156545352,0.3647716614595736,0.0,0.49024381794077365,0.4120996270410181,0.36405545795472116,0.4252100242746643,0.4765068692850173,0.4739697746003619,0.45505008273685416,0.48914925256330566,0.4871490961753558,0.0,0.44127933401622793,0.4650022402901917,0.4755897974095925,0.3470467067102863,0.46391657607873965,0.0,0.4937397699148541
0.323961646549723,0.35491906252333466,0.3236352784971077,0.0,0.34969865144647533,0.33791200477472955,0.3974837370062356,0.40324918207427934,0.4182199740550478,0.3103077012093515,0.37282447471592906,0.3174712462890318,0.3883929338181918,0.0,0.4130815779792539,0.359777001837044,0.3271388507016347,0.34241222250589204,0.31299453424695783,0.3889552121834619,0.40546586787502714,0.36893385237967696,0.3106710787563727,0.26778229474222004,0.31809684808673316,0.3697220643288255,0.3453107139600275,0.3338922759656425,0.31706295906423343,0.360115344826598,0.3383795271672444,0.3551534412340969,0.0,0.24018097705801678,0.39014715896872926,0.4497664091600965,0.3955388873416481,0.18533222296643376,0.3474763353590592,0.32549161632615126,0.2896853666015837,0.3734365919471455,0.0,0.2835370052288621,0.2690759549213699,0.0,0.4527669592816327,0.0,0.0,0.0,0.0,0.0,0.0,0.0,0.3685855953962371,0.0,0.3945659614126538,0.0,0.0,0.5173792221964904,0.4279723741694264,0.3919595937620602,0.43420312120508614,0.0,0.46270093048149646,0.438694980740017,0.5055471969907394,0.47602032380656806,0.34765771951449925,0.41773602726168524,0.4432228213801468,0.0,0.3639939582252325,0.0,0.0,0.3655141713481339
0.35786834218294195,0.3650899430261234,0.49330753169008185,0.2687887344753507,0.451811829236312,0.4349447875452061,0.4159726139996062,0.46155537332381036,0.4667014505018714,0.29004805932111744,0.4630155205877913,0.2312689594782038,0.4059938653314137,0.0,0.45157993398028606,0.3532262304502851,0.33968962224271915,0.3595829157197041,0.44807611045376966,0.43763246674056505,0.4082833324385719,0.421922833723145,0.44554123969259585,0.2334800395676324,0.3408444178068134,0.38225419683505724,0.43467807333418484,0.3778538077301469,0.42937536531513204,0.4021521185801395,0.29757206008349596,0.331029434978275,0.24018097705801678,0.0,0.2505667843770596,0.3413908197002557,0.2845447925320057,0.19198648081122385,0.31297623974968175,0.2809780021525448,0.2632348722015527,0.2651886275848262,0.0,0.28120855550504703,0.24279607448914967,0.3293636412819062,0.43942712800926914,0.4233599135682461,0.0,0.0,0.49371814447751566,0.4051567283226841,0.5015109882208137,0.0,0.34697715758587255,0.0,0.3537421167608846,0.2540140902381127,0.0,0.4929119338699148,0.4163342515594274,0.40677168209433906,0.4247942650959271,0.0,0.48649114651603165,0.41252878044599006,0.48289735131448863,0.5125750357395161,0.2370835848129429,0.4248854786440151,0.45904244209392,0.5033106652266637,0.3273711663513414,0.4762866969481541,0.0,0.36361703286785285
0.4263977353537371,0.4270600675378816,0.463594210466049,0.3834550592943317,0.44893530763176925,0.4364393814363115,0.42357108476914945,0.4707722213066935,0.4642116656149729,0.2954277948118373,0.4415015975369179,0.28607624171028073,0.3842265222017693,0.0,0.4963420606865815,0.41839097784339363,0.34430734397933765,0.39507409988159264,0.4462945004329869,0.478421394854645,0.47751856313396285,0.47232946639064677,0.446698094926015,0.2528842642163716,0.38561067309484376,0.45125983593611924,0.4511993194779211,0.34750650844702474,0.460386730217545,0.4082425172992851,0.315867308734201,0.3609189987128858,0.39014715896872926,0.2505667843770596,0.0,0.4514739239387462,0.34272992582310374,0.21381616298874856,0.3174208843912877,0.304112116397094,0.3087241146297398,0.3673024959698795,0.2951365649490904,0.29594120986666783,0.2724921610782577,0.0,0.47985978134009344,0.0,0.0,0.0,0.34462988196875327,0.24345542395911723,0.0,0.0,0.2709860582832594,0.0,0.3113070600693575,0.26088538881906387,0.0,0.5267201080382967,0.43884481972928224,0.0,0.4589256833291191,0.0,0.494740909188529,0.0,0.5199990956938194,0.4898995693916348,0.0,0.44884506538686625,0.4705091950593771,0.45018539765851334,0.2595841323358546,0.0,0.0,0.0
0.0,0.36265495665079633,0.4431617705749131,0.2170578433469047,0.2514924183017398,0.44156441459450285,0.28828348982225144,0.2642598936882549,0.4523307296713758,0.2843099212883447,0.36091656351786716,0.27379780752348515,0.3311520711194353,0.2547968433913826,0.5408102579885372,0.37381814164077387,0.0,0.0,0.41669578243885297,0.5095047071404225,0.0,0.5205551244930245,0.4146595192217701,0.30361345756169267,0.3086530829680595,0.0,0.43171381415217325,0.30298895213458304,0.4777958013605671,0.4298997953711278,0.4171332336122693,0.27176180608706807,0.4497664091600965,0.3413908197002557,0.4514739239387462,0.0,0.1887933050824527,0.3096008322391931,0.28972304178618274,0.3549371506305502,0.2979559959472701,0.3243474326194991,0.3672174854741391,0.0,0.31127046067030206,0.0,0.0,0.47321842864641334,0.0,0.0,0.0,0.0,0.3524897557791491,0.46304983159292223,0.3444046794401267,0.3349144816919258,0.31412261599319935,0.0,0.3812689549965462,0.4759568519245255,0.0,0.0,0.0,0.41836544429066636,0.4719283679435723,0.0,0.5171852269157251,0.42341010301819426,0.0,0.0,0.0,0.0,0.3731488943174353,0.34455673539977927,0.0,0.38927639312116424
