0.0,0.39156593112761434,0.3978021619267137,0.0,0.0,0.36372568868098415,0.0,0.5001303993101471,0.0,0.4101335325279869,0.0,0.4079249919795921,0.31755944381368656,0.0,0.3832040563331621,0.3849058824580369,0.0,0.378685477485817,0.0,0.4238388887507214,0.38327258323946684,0.3921503843305778,0.4681243428052183,0.38842985721607004,0.3801197243867643,0.3686469845035069,0.3891944149939873,0.46389820088574774,0.404818395114564,0.0,0.3693693396764266,0.4063470098249998,0.31988599110328264,0.3560855529503902,0.424762958109102,0.0,0.0,0.3763166608043177,0.4474980716528925,0.4516953756951798,0.41810407795968085,0.0,0.0,0.0,0.0,0.36243697288206483,0.47414058065017906,0.0,0.0,0.0,0.3434453589176204,0.0,0.4824904931656081,0.0,0.42867371631659473,0.0,0.4558734669919341,0.0,0.0,0.0,0.4503413604655163,0.0,0.44602641082841993,0.0,0.0,0.306850181354721,0.4798827854085813,0.0,0.47709512938526155,0.44749801308244536,0.46828438431869046,0.43465103034603386,0.0,0.0,0.0,0.40900184421366614
0.39156593112761434,0.0,0.3025296515879766,0.0,0.367762686141414,0.3970412004833002,0.3726899638189704,0.4567416497035018,0.33890568252264447,0.27123502589170884,0.27606654127425445,0.2628011746876975,0.42726137815080256,0.0,0.3958484767624691,0.39720619464939444,0.3560666759737121,0.3913757340383422,0.0,0.42130821762213794,0.4042903506451163,0.39544146710231354,0.3938991195219578,0.0,0.37325538084296234,0.3796103047725482,0.40891186191034107,0.41558553745397275,0.40856751082860654,0.4271488464632801,0.3781155016661172,0.4154491872885411,0.35606660427435527,0.3661488406682897,0.430193319560453,0.3559169269658157,0.0,0.0,0.45415295778765324,0.4338516904379531,0.4381323967622527,0.4627611337121239,0.0,0.0,0.0,0.47068763970966404,0.46684398536369887,0.0,0.0,0.0,0.3734152199340112,0.0,0.0,0.0,0.0,0.0,0.0,0.25863526570419343,0.0,0.4802173700551596,0.44602983668456325,0.0,0.43307048756296757,0.0,0.44863657775584953,0.4768161691196629,0.4712148736834315,0.4098481767768931,0.0,0.4462352263999864,0.4839520122773965,0.42338539303583006,0.0,0.4347149773577656,0.0,0.42441765452286895
0.3978021619267137,0.3025296515879766,0.0,0.3525758666854729,0.36996957834488337,0.3643865527645373,0.44417566524456775,0.4504936960954783,0.26384391442169486,0.3798630305866159,0.3458207635257653,0.3025417879023265,0.4484687207231154,0.4402943281356932,0.0,0.0,0.0,0.3272919775209154,0.25299173302109995,0.0,0.34400076570590976,0.38329839926405973,0.3198105893163557,0.3655572662439646,0.2850250034936608,0.32125529107081474,0.2861959271962182,0.44654866304610363,0.33355790627979415,0.424602926767791,0.4700539412133092,0.43031889918905514,0.2793263388966921,0.48732406916860277,0.4535271384716109,0.44017318389247256,0.4001351997222527,0.2822416285174494,0.436972733216114,0.0,0.411920542254956,0.0,0.48219225605654187,0.0,0.0,0.0,0.0,0.40739148276000386,0.0,0.45999245105335956,0.5231427762629963,0.5200008995785866,0.5044470617311029,0.5229740667198445,0.0,0.4500484190543657,0.0,0.4433142598374275,0.4942177339726584,0.0,0.0,0.0,0.0,0.44728836358521357,0.0,0.0,0.0,0.5338124862677626,0.0,0.0,0.0,0.5200754993612157,0.38380230530182874,0.3554405256483489,0.0,0.4116307903297189
0.0,0.0,0.3525758666854729,0.0,0.24873482591480717,0.40599499749602175,0.2713446294852824,0.3155487910125604,0.4129371895008991,0.23589598015649982,0.3778923558772952,0.17381998157528658,0.3321291207390376,0.2925859337112702,0.4960177660016616,0.0,0.0,0.0,0.37384242908145315,0.4595286035178483,0.0,0.4907127773866861,0.39853231719420995,0.0,0.0,0.0,0.38564364323441247,0.2601013801070087,0.30937218490111396,0.0,0.3697916817880855,0.3043275060890239,0.0,0.26543399148283464,0.3742130520504172,0.2093611271595602,0.1766708150124103,0.0,0.0,0.0,0.0,0.0,0.0,0.0,0.0,0.0,0.0,0.0,0.0,0.0,0.0,0.0,0.0,0.0,0.0,0.0,0.0,0.0,0.0,0.0,0.0,0.0,0.0,0.0,0.0,0.0,0.0,0.0,0.0,0.0,0.0,0.0,0.0,0.0,0.0,0.0
0.0,0.367762686141414,0.36996957834488337,0.24873482591480717,0.0,0.38146812663119395,0.3201945249785885,0.3916862890636214,0.33386153904532756,0.44492554511570676,0.3358776213982026,0.38823433528563905,0.3799383847561963,0.2967481073406062,0.0,0.3985264294725727,0.3413417231674477,0.3460266638689897,0.3811896944979664,0.41875583287213336,0.0,0.44299367435831966,0.4042529417036206,0.0,0.3583224246803607,0.3489888218969005,0.38921043639032504,0.43001517277673346,0.4202924525043249,0.4557264709793104,0.44210342937026575,0.37783583803314774,0.33598557126507633,0.44811982099374603,0.44548338306165536,0.24912213580549525,0.28619610988832694,0.3722207880102499,0.3826922337830737,0.0,0.0,0.0,0.35594310695872877,0.0,0.0,0.0,0.0,0.5056740539156374,0.0,0.3978091010881736,0.4351793666848796,0.3293496537237827,0.4883296517363389,0.36638487732752956,0.0,0.41350028364365665,0.0,0.32271261373351856,0.3973399229790535,0.0,0.0,0.0,0.0,0.4222065824759641,0.0,0.0,0.0,0.507588791235494,0.0,0.0,0.3055099979736176,0.42165269734431693,0.2877241627673909,0.30994694481784557,0.0,0.0
0.36372568868098415,0.3970412004833002,0.3643865527645373,0.40599499749602175,0.38146812663119395,0.0,0.3903281385132388,0.3970826639454281,0.32464022101444856,0.4226394356987543,0.38853005299459564,0.33870433124380583,0.3916461992017773,0.41371287817367824,0.32797294095577606,0.4301560641402472,0.26374796781499105,0.4185973609582192,0.3733188624944938,0.3937539197224808,0.3719861139548081,0.42639983959290606,0.3844149064661036,0.3165260457155495,0.39488637166438695,0.4130487408130047,0.36235784696374024,0.37207292772100914,0.3399817371062994,0.4087152372094247,0.42201464126561117,0.39957655073447823,0.33634519109011846,0.4320867153876709,0.4351269868937611,0.4398594505865762,0.4199870516010744,0.3281049773557685,0.4697224830227654,0.2974069919461172,0.41792019347561377,0.4231330976420226,0.3940248743441308,0.26621040898432136,0.0,0.0,0.27576904990933876,0.5266236487497947,0.0,0.41947822609141744,0.47848824601122475,0.4485080619933639,0.44492010104075275,0.5240045786187342,0.0,0.4350723333014104,0.0,0.46495809116682235,0.41479211916106534,0.39571662468618035,0.23667035272380182,0.0,0.29436830809396675,0.5161557986215557,0.4122505450472044,0.41322693299732477,0.33170015153960747,0.4887860063952822,0.0,0.2455223628892984,0.33783711042307296,0.47148819985897666,0.4432368970548025,0.42468637364616774,0.41461759226287465,0.47236535804063345
0.0,0.3726899638189704,0.44417566524456775,0.2713446294852824,0.3201945249785885,0.3903281385132388,0.0,0.4285756747276749,0.3592504122065724,0.37653312492492585,0.4634404949551285,0.37201231199261225,0.3631967481717397,0.3547184256925108,0.410859267340551,0.43582492746019624,0.38486788190077875,0.42151868206702814,0.46245111147418416,0.4235234675272625,0.3968737068448559,0.44949088517243707,0.42177665381728896,0.0,0.4168259183892556,0.37161194025680905,0.408443640586832,0.40681412993137356,0.4371573679836457,0.4288740532878038,0.43544831602165396,0.39437092416778435,0.3909846389098237,0.41489699175828226,0.42546846821601525,0.2890860612420963,0.2792218842057705,0.38653489111810313,0.34598176250740986,0.3192422374700714,0.34687219334556024,0.0,0.0,0.0,0.0,0.0,0.0,0.42198774307399406,0.0,0.0,0.4103524412640802,0.0,0.4074652829244276,0.0,0.0,0.3203516178165484,0.0,0.3212558099790695,0.0,0.34636944361952693,0.0,0.0,0.0,0.4216529667618817,0.30379791867629635,0.0,0.0,0.49384765330732,0.0,0.0,0.2614379398691491,0.4278658805780519,0.29383326628516465,0.31663255170986615,0.0,0.0
0.5001303993101471,0.4567416497035018,0.4504936960954783,0.3155487910125604,0.3916862890636214,0.3970826639454281,0.4285756747276749,0.0,0.49119942190541005,0.39697213235330264,0.28577394462890177,0.414680621986076,0.42574000830447645,0.3258705893929433,0.3817296702528383,0.42563473681339803,0.0,0.0,0.42398643493604726,0.3699366444546682,0.38895273317485124,0.37576615350636666,0.37725610364988954,0.5114670566442466,0.46570686193399224,0.4831169458747329,0.40954756774148265,0.42617441065764355,0.38022443700158715,0.43168977209778386,0.4629146821673203,0.3409835029576836,0.40296930271090003,0.4595827358543691,0.4695823961082663,0.259251945695252,0.3477560666222512,0.0,0.4315271937188348,0.0,0.48204574780542436,0.0,0.358770745342763,0.0,0.0,0.0,0.0,0.5166383668615924,0.0,0.425901213770501,0.45092123501181175,0.45857242282346594,0.33931426799041986,0.5180233079060717,0.0,0.4115304387412673,0.0,0.47504541731793287,0.3983001083475412,0.35049758444921947,0.0,0.0,0.0,0.49472672118055655,0.4592181212295794,0.2622324390839839,0.0,0.46479843580146674,0.0,0.31745946685982884,0.4430950098124061,0.46555529368638676,0.444387256944468,0.40890218515869936,0.0,0.4809895327629112
0.0,0.33890568252264447,0.26384391442169486,0.4129371895008991,0.33386153904532756,0.32464022101444856,0.3592504122065724,0.49119942190541005,0.0,0.4458465147225358,0.3152669893450445,0.41418909252641567,0.3585981398298181,0.42400997479472174,0.28198002677177386,0.35030710527684195,0.2946368432583759,0.28204899195356065,0.28063135814266854,0.3942841458262571,0.0,0.4019066272250703,0.385243364514298,0.34221908331392625,0.3272910265798959,0.31081056647100125,0.33201997795342747,0.44006226166811996,0.3978397054667819,0.4109881872151713,0.4636574076221275,0.42951748095808806,0.40311776990774306,0.46201621053295033,0.45922008404667863,0.4496462476325905,0.42535200409073237,0.38197028157925067,0.46964176512277783,0.0,0.26721352773954915,0.26515633491715374,0.4970444513646173,0.0,0.0,0.0,0.0,0.5517935159150695,0.0,0.4263843934629308,0.5119210387382239,0.4516240118661831,0.5340847477237489,0.5205560035314005,0.0,0.49355136619533685,0.0,0.41038031626452215,0.5002318047248064,0.0,0.0,0.0,0.0,0.5351030100671523,0.0,0.0,0.0,0.5379525630607374,0.0,0.0,0.0,0.5165383557804664,0.0,0.3220819464210473,0.0,0.3574325836906078
0.4101335325279869,0.27123502589170884,0.3798630305866159,0.23589598015649982,0.44492554511570676,0.4226394356987543,0.37653312492492585,0.39697213235330264,0.4458465147225358,0.0,0.4591062575289045,0.3218342536599697,0.404317616759881,0.3854683350946922,0.0,0.34708837441654045,0.3128761784132254,0.296437069317312,0.4289614689550259,0.30372781979381513,0.4535782800049913,0.31054057413258485,0.38705047243116325,0.3187964387518609,0.3169527960771206,0.3425125577561024,0.3557728759304364,0.3913127935498142,0.32050983289997237,0.0,0.3404822154724467,0.3813775030116428,0.30861142915066536,0.2884429971619678,0.29309534629637823,0.28260628693336,0.2567490341533331,0.2816884303939778,0.0,0.41042510121179643,0.37046668777339414,0.0,0.0,0.0,0.34431675718258536,0.0,0.0,0.0,0.0,0.0,0.0,0.0,0.0,0.0,0.45011114450619044,0.0,0.4667232807976046,0.3785551060569177,0.0,0.0,0.0,0.4315700056287442,0.40316584409671014,0.0,0.0,0.0,0.0,0.294657321280363,0.42347638017966915,0.42119220167308163,0.44829192654680045,0.3170210319587766,0.4160929632223683,0.0,0.0,0.4096326436232434
0.0,0.27606654127425445,0.3458207635257653,0.3778923558772952,0.3358776213982026,0.38853005299459564,0.4634404949551285,0.28577394462890177,0.3152669893450445,0.4591062575289045,0.0,0.40859438226023664,0.4579299751109348,0.28475525651278355,0.0,0.0,0.3560820921776262,0.3217313281566351,0.29174532583839446,0.0,0.0,0.0,0.27067550130503654,0.4123111163480079,0.34014476534748017,0.29550597339931844,0.36785301928706926,0.45173626833888747,0.0,0.0,0.4694070874558844,0.3875024348406313,0.3607969566360909,0.4581711583819066,0.4382573045538864,0.35233090364071884,0.4048181367598949,0.40581097684722994,0.34831099267201887,0.0,0.3318489133054454,0.0,0.34743293890524596,0.0,0.0,0.0,0.0,0.3266421546007381,0.0,0.36095853023612917,0.4251120366099703,0.38781529805380843,0.4262572489246443,0.3307920706326649,0.0,0.24897379541863826,0.0,0.36730936386779983,0.39840039163820734,0.0,0.0,0.0,0.0,0.2308042404161867,0.0,0.0,0.0,0.4478458569779037,0.0,0.0,0.0,0.33301647180092575,0.31499717778465125,0.0,0.0,0.0
0.4079249919795921,0.2628011746876975,0.3025417879023265,0.17381998157528658,0.38823433528563905,0.33870433124380583,0.37201231199261225,0.414680621986076,0.41418909252641567,0.3218342536599697,0.40859438226023664,0.0,0.3984546078305015,0.0,0.0,0.27450081957684425,0.3473811895215495,0.3179275908266433,0.3283265111384968,0.0,0.4149921729993471,0.0,0.399428538624522,0.2918033125263265,0.3522977596641128,0.319800463872825,0.305663109295155,0.3905743051232259,0.29014465778121756,0.0,0.35712359931301774,0.2710286626407944,0.3114832847145823,0.2296051167918518,0.28358115418936736,0.26047521961650305,0.23065466396411063,0.23176844417428827,0.2637318381330627,0.43086369222942106,0.3313479008783096,0.2541366493595485,0.0,0.0,0.3440974312428673,0.0,0.0,0.0,0.0,0.0,0.0,0.0,0.0,0.0,0.45182255632040436,0.0,0.46856157318119657,0.3717185080225087,0.0,0.0,0.0,0.4427257005418863,0.42932704007222156,0.0,0.0,0.0,0.0,0.0,0.4276757709057493,0.43365528831551015,0.452234073432339,0.0,0.42315571559579956,0.0,0.0,0.40659464937523343
0.31755944381368656,0.42726137815080256,0.4484687207231154,0.3321291207390376,0.3799383847561963,0.3916461992017773,0.3631967481717397,0.42574000830447645,0.3585981398298181,0.404317616759881,0.4579299751109348,0.3984546078305015,0.0,0.3682626361839707,0.4099894228286529,0.45659795782877943,0.40024357628987195,0.44158423551970133,0.4472180255345217,0.4361286214725769,0.43723245441024644,0.4614880872086712,0.43152502222962225,0.3699860053802696,0.43413071698308126,0.42226339469184354,0.4236358427086285,0.3544297673602358,0.4152245088205094,0.39779614015164755,0.42740285809723777,0.39376411126360306,0.38481820858141447,0.40461361293430154,0.38401005415937983,0.32938696255491223,0.3421065835764351,0.33603692007447244,0.44888315157209757,0.36562788935863705,0.2468043707953813,0.2398201340615905,0.359588581346827,0.0,0.0,0.0,0.24565605718925515,0.4259929887881802,0.0,0.0,0.38994569895967135,0.36069143568221873,0.4398429455012178,0.3971830889494524,0.0,0.0,0.0,0.32357931776041987,0.0,0.3344245167529274,0.2601982833578015,0.0,0.0,0.0,0.38494380143697127,0.0,0.2801019999024347,0.4782929122235677,0.0,0.2823392175486835,0.2851646746601398,0.45688325802455965,0.2763538302344711,0.3987688492156056,0.0,0.32149730121303394
0.0,0.0,0.4402943281356932,0.2925859337112702,0.2967481073406062,0.41371287817367824,0.3547184256925108,0.3258705893929433,0.42400997479472174,0.3854683350946922,0.28475525651278355,0.0,0.3682626361839707,0.0,0.0,0.0,0.0,0.0,0.41292085665962797,0.0,0.0,0.0,0.3840015670957226,0.0,0.0,0.40690565703998505,0.4257352756542623,0.2767031307400436,0.0,0.0,0.0,0.23845330397998576,0.0,0.0,0.0,0.24351283959373257,0.16619346982188873,0.31224688520016947,0.0,0.0,0.0,0.0,0.3910126974528582,0.0,0.0,0.0,0.0,0.0,0.0,0.0,0.0,0.38522524893935395,0.349352818995983,0.0,0.0,0.0,0.0,0.0,0.0,0.0,0.0,0.0,0.0,0.4093935761506,0.0,0.0,0.0,0.0,0.0,0.0,0.0,0.0,0.0,0.0,0.0,0.0
0.3832040563331621,0.3958484767624691,0.0,0.4960177660016616,0.0,0.32797294095577606,0.410859267340551,0.3817296702528383,0.28198002677177386,0.0,0.0,0.0,0.4099894228286529,0.0,0.0,0.419461258697362,0.3375015560977089,0.4011600355750333,0.0,0.3005849801966208,0.39212284500810923,0.3133392419762569,0.29406846442671836,0.41213443220108326,0.3644501135075187,0.41149411983498585,0.34958271011470865,0.38865777847499194,0.38706214642495435,0.3663763322312997,0.41987293184524976,0.43715991320460756,0.4096608247411746,0.45127694284596126,0.4956876806542405,0.536043247570592,0.40287143624242905,0.0,0.4937108075428465,0.4819669258756923,0.48689330381566787,0.5203211388950048,0.0,0.0,0.0,0.0,0.4909726953264258,0.0,0.0,0.0,0.443096008838381,0.0,0.44864371279364557,0.0,0.0,0.0,0.0,0.36953171210173164,0.0,0.5037492368195502,0.4183366785080433,0.0,0.3006985425489922,0.0,0.47925333761444977,0.4631912155126567,0.5087682124917502,0.46685005666692897,0.0,0.3291240725070686,0.5234493569148959,0.47160485904969596,0.417534276987606,0.45611542807469035,0.39542088649840296,0.4557892197637064
0.3849058824580369,0.39720619464939444,0.0,0.0,0.3985264294725727,0.4301560641402472,0.43582492746019624,0.42563473681339803,0.35030710527684195,0.34708837441654045,0.0,0.27450081957684425,0.45659795782877943,0.0,0.419461258697362,0.0,0.3572627639568041,0.3180487129682561,0.0,0.4044096762564004,0.40720961279581,0.36834687239115843,0.4232077885032051,0.0,0.3608402554319434,0.4037095620612851,0.42382702398036165,0.42743636250384553,0.41872522389885597,0.41653928405564394,0.36719955511323793,0.42404032545414944,0.3603169936019411,0.35373335889889,0.41936328951620955,0.3735676178736967,0.3364652532812574,0.0,0.43455763600075853,0.4088620560783325,0.40906339888137017,0.441892253239392,0.0,0.0,0.0,0.43980191289360837,0.44865611504341046,0.0,0.0,0.0,0.0,0.0,0.0,0.0,0.0,0.0,0.0,0.0,0.0,0.44978050976808237,0.42499349662897334,0.0,0.4207390749995055,0.0,0.4054320029070889,0.0,0.451374894551653,0.34044625848150006,0.0,0.4320148882347364,0.4642837769394268,0.3523856311215161,0.0,0.3578535302151443,0.0,0.4127053502557825
0.0,0.3560666759737121,0.0,0.0,0.3413417231674477,0.26374796781499105,0.38486788190077875,0.0,0.2946368432583759,0.3128761784132254,0.3560820921776262,0.3473811895215495,0.40024357628987195,0.0,0.3375015560977089,0.3572627639568041,0.0,0.3185716609497739,0.0,0.336776335685977,0.35914503932585773,0.35557561009799976,0.0,0.3347432464256846,0.3288355224948666,0.3626824952657521,0.0,0.38721670338499065,0.32058712314250115,0.0,0.3436047226165101,0.39632113316151685,0.326248143336009,0.33946876031997014,0.3446251165113452,0.0,0.0,0.29977043687665367,0.0,0.380964149837828,0.3656167605025371,0.0,0.0,0.0,0.0,0.0,0.0,0.0,0.0,0.0,0.0,0.0,0.0,0.0,0.444520149633458,0.0,0.4614327230842957,0.0,0.0,0.0,0.0,0.4004940994946662,0.39989535656581654,0.0,0.0,0.0,0.0,0.0,0.4501111304774116,0.42255552228948634,0.43552623179209565,0.0,0.0,0.0,0.0,0.0
0.378685477485817,0.3913757340383422,0.3272919775209154,0.0,0.3460266638689897,0.4185973609582192,0.42151868206702814,0.0,0.28204899195356065,0.296437069317312,0.3217313281566351,0.3179275908266433,0.44158423551970133,0.0,0.4011600355750333,0.3180487129682561,0.3185716609497739,0.0,0.0,0.397627906460304,0.3836314690299654,0.3841897130971614,0.4137844998348862,0.3505932499458092,0.33433718407090685,0.37764635679473096,0.41400919366184835,0.4151465235089065,0.4143496419035072,0.0,0.3642029495514963,0.4167338352389829,0.34147957123577766,0.3591295264081872,0.39495645668662677,0.0,0.0,0.2516971992527635,0.4265026439729957,0.38319850533206273,0.4056124439603099,0.0,0.0,0.0,0.0,0.43610187457423955,0.4323716194182446,0.0,0.0,0.0,0.2767754122661159,0.0,0.0,0.0,0.44358571703336475,0.0,0.47560263038345235,0.0,0.0,0.37484214600842536,0.41742793682087176,0.4383363956281266,0.4217108569043693,0.0,0.31974428901899404,0.0,0.43594226432571825,0.0,0.474691182510959,0.4257203767785127,0.45008704315082093,0.0,0.0,0.27024751377451345,0.0,0.4127447174252955
0.0,0.0,0.25299173302109995,0.37384242908145315,0.3811896944979664,0.3733188624944938,0.46245111147418416,0.42398643493604726,0.28063135814266854,0.4289614689550259,0.29174532583839446,0.3283265111384968,0.4472180255345217,0.41292085665962797,0.0,0.0,0.0,0.0,0.0,0.0,0.0,0.0,0.3305692646700697,0.32755387619625365,0.2910922744859661,0.291894573934454,0.33821907829201775,0.4381994455425665,0.0,0.0,0.4508684812434633,0.3946443171872623,0.28831599477112746,0.4392057957437361,0.4404796586038209,0.415640379826228,0.39351637784294446,0.3614715941930347,0.395732173418285,0.0,0.30995581224088586,0.0,0.45735920899863264,0.0,0.0,0.0,0.0,0.5029001672735602,0.0,0.40918320881539105,0.5018653523010584,0.4278883710942536,0.5219950380728623,0.5460207645234706,0.0,0.36458877636770726,0.0,0.39564769037794684,0.4594028753991356,0.0,0.0,0.0,0.0,0.536170400586259,0.0,0.0,0.0,0.5361751824757178,0.0,0.0,0.0,0.5162114729294103,0.3176217941338307,0.3511848631715535,0.0,0.0
0.4238388887507214,0.42130821762213794,0.0,0.4595286035178483,0.41875583287213336,0.3937539197224808,0.4235234675272625,0.3699366444546682,0.3942841458262571,0.30372781979381513,0.0,0.0,0.4361286214725769,0.0,0.3005849801966208,0.4044096762564004,0.336776335685977,0.397627906460304,0.0,0.0,0.41572382529339114,0.34052518679364646,0.30590020176725335,0.37359311759872343,0.3948148677637347,0.42611404108808204,0.32982587956392356,0.3898244711263636,0.33082718381180637,0.3766053188568022,0.38946969528937375,0.4280766041220472,0.391856678687157,0.4387315158013141,0.4796969540206899,0.5047042824163755,0.4304962157940381,0.0,0.4616367270773373,0.3765958840159673,0.4126342106027784,0.46958205019569454,0.0,0.0,0.0,0.0,0.4034642610716931,0.0,0.0,0.0,0.4081418060157934,0.0,0.0,0.0,0.0,0.0,0.3272434310894292,0.3549824371497116,0.0,0.46500228333211796,0.287608938560829,0.0,0.2686332215367338,0.0,0.4555691035657042,0.4370943343496492,0.4709832991834651,0.460275282194185,0.0,0.2709638194290021,0.4861806015912348,0.4663806030806298,0.3914367030350586,0.4167799791690619,0.34169284391735333,0.419241331440629
0.38327258323946684,0.4042903506451163,0.34400076570590976,0.0,0.0,0.3719861139548081,0.3968737068448559,0.38895273317485124,0.0,0.4535782800049913,0.0,0.4149921729993471,0.43723245441024644,0.0,0.39212284500810923,0.40720961279581,0.35914503932585773,0.3836314690299654,0.0,0.41572382529339114,0.0,0.4122729294268634,0.41248831705071054,0.4654970077860486,0.40945788321440785,0.4282773017951612,0.395499273487891,0.42876141942477003,0.4064813543307726,0.4359442765754414,0.40295177441106467,0.42260361516062506,0.4018604687148269,0.40679682510431786,0.47455595204306705,0.0,0.0,0.3960211040943298,0.45348498532156506,0.41771671087123496,0.4383309294617171,0.49910171940633313,0.0,0.0,0.0,0.36083136995852183,0.4794761457552377,0.0,0.0,0.0,0.43352450918706087,0.0,0.2989111451826549,0.0,0.43625507981804956,0.0,0.0,0.39855836498594543,0.0,0.45149222272369727,0.43525407202166577,0.0,0.34794259682581663,0.0,0.45002472265710114,0.34151043414683824,0.48796315081218394,0.44352759631301797,0.0,0.38815710556420235,0.48764245385608457,0.4496843370072954,0.4294966170653488,0.441004454370785,0.37802655291526355,0.3983852237847365
0.3921503843305778,0.39544146710231354,0.38329839926405973,0.4907127773866861,0.44299367435831966,0.42639983959290606,0.44949088517243707,0.37576615350636666,0.4019066272250703,0.31054057413258485,0.0,0.0,0.4614880872086712,0.0,0.3133392419762569,0.36834687239115843,0.35557561009799976,0.3841897130971614,0.0,0.34052518679364646,0.4122729294268634,0.0,0.37409311615463825,0.40577509887808133,0.3862958422885837,0.3864271784655004,0.40922526890925776,0.4277130970703706,0.394993183011041,0.397356045590852,0.3933332789169998,0.4345021841395629,0.3712218189590132,0.4227926258475205,0.47315757429205735,0.519739060353973,0.4510559849638273,0.0,0.46941271915569976,0.4452058442678076,0.4561334087680771,0.4903290717625673,0.0,0.2931971437533269,0.0,0.4156775531968999,0.4656112577582464,0.0,0.0,0.0,0.4244902447742293,0.2697442273998682,0.0,0.0,0.0,0.0,0.32143514082952207,0.284253787014351,0.0,0.5017282146121944,0.43028383376590434,0.0,0.3781280350886577,0.0,0.4678101296175471,0.48558186090382394,0.48160133682301304,0.4726456900065877,0.0,0.40700984694068165,0.49990973565882224,0.46564010881512446,0.3539605204298748,0.4486819734048536,0.0,0.4285952692229415
0.4681243428052183,0.3938991195219578,0.3198105893163557,0.39853231719420995,0.4042529417036206,0.3844149064661036,0.42177665381728896,0.37725610364988954,0.385243364514298,0.38705047243116325,0.27067550130503654,0.399428538624522,0.43152502222962225,0.3840015670957226,0.29406846442671836,0.4232077885032051,0.0,0.4137844998348862,0.3305692646700697,0.30590020176725335,0.41248831705071054,0.37409311615463825,0.0,0.5020862725788401,0.40963061010839547,0.4484922420417347,0.3061467358763762,0.41726506953936215,0.37564414050471256,0.40003449622117965,0.4329130848319339,0.39284775786261805,0.30761061069655954,0.44434517700037496,0.44606548805537927,0.41336443177823257,0.4146079398279875,0.33919828481711906,0.47233009959016076,0.4337088199747349,0.5016184692490736,0.5002032217447718,0.45273510477893253,0.32846477966618526,0.0,0.0,0.4285604348818033,0.48217065280478777,0.0,0.4679257274810294,0.4909055673246127,0.519935557497263,0.4665112319133713,0.5343649667255047,0.0,0.39660383765799356,0.0,0.4978867598354935,0.47006004989768635,0.466134399612073,0.2900674291149622,0.0,0.0,0.41391735108415806,0.463667151446477,0.45418504677406574,0.46785949497637075,0.49962337927291234,0.0,0.2799438100335592,0.45112504384009805,0.4822501461106071,0.47721241862319047,0.4538847185744167,0.4820993347093953,0.49420052425567534
0.38842985721607004,0.0,0.3655572662439646,0.0,0.0,0.3165260457155495,0.0,0.5114670566442466,0.34221908331392625,0.3187964387518609,0.4123111163480079,0.2918033125263265,0.3699860053802696,0.0,0.41213443220108326,0.0,0.3347432464256846,0.3505932499458092,0.32755387619625365,0.37359311759872343,0.4654970077860486,0.40577509887808133,0.5020862725788401,0.0,0.3827630373165854,0.3539308953734096,0.3375651473847946,0.3777945569165586,0.0,0.0,0.35483428598164485,0.2978489786690915,0.263107596463158,0.23173336271904726,0.2521445835911572,0.2878392438017525,0.0,0.23830948870050675,0.0,0.4164867755160684,0.3485297948499328,0.0,0.0,0.0,0.33795546945509247,0.42720200468985975,0.0,0.0,0.0,0.0,0.0,0.0,0.0,0.0,0.4473944236048786,0.0,0.46278515308801815,0.0,0.0,0.0,0.4432690244352643,0.45471935413606784,0.45895484407470744,0.0,0.0,0.0,0.0,0.0,0.4446982440576014,0.4559710894478821,0.46489044677028124,0.0,0.45943874068138213,0.0,0.0,0.43341009784314183
0.3801197243867643,0.37325538084296234,0.2850250034936608,0.0,0.3583224246803607,0.39488637166438695,0.4168259183892556,0.46570686193399224,0.3272910265798959,0.3169527960771206,0.34014476534748017,0.3522977596641128,0.43413071698308126,0.0,0.3644501135075187,0.3608402554319434,0.3288355224948666,0.33433718407090685,0.2910922744859661,0.3948148677637347,0.40945788321440785,0.3862958422885837,0.40963061010839547,0.3827630373165854,0.0,0.34662402084212224,0.39303613392456976,0.41293204652857873,0.3859075891512626,0.3557710328115897,0.3636708924082703,0.4024058892075284,0.31689583895857437,0.3396822620396712,0.3847016629108694,0.33604361330955274,0.0,0.310469648024625,0.44300211794784033,0.39655378116355583,0.418234410861445,0.4312646100350982,0.0,0.0,0.0,0.4304901368353614,0.442525498993026,0.0,0.0,0.0,0.25145078491673356,0.0,0.0,0.0,0.44965095111535436,0.0,0.45935144341178896,0.28633674338328163,0.0,0.0,0.42519389224152004,0.4422055730075041,0.4355741736081333,0.0,0.39561998942116394,0.4309259813100266,0.4082374761788948,0.3196690889983541,0.4501898957238314,0.43694565632164795,0.4587942370697461,0.30390130879365146,0.0,0.3822847649152879,0.0,0.43019189687445425
0.3686469845035069,0.3796103047725482,0.32125529107081474,0.0,0.3489888218969005,0.4130487408130047,0.37161194025680905,0.4831169458747329,0.31081056647100125,0.3425125577561024,0.29550597339931844,0.319800463872825,0.42226339469184354,0.40690565703998505,0.41149411983498585,0.4037095620612851,0.3626824952657521,0.37764635679473096,0.291894573934454,0.42611404108808204,0.4282773017951612,0.3864271784655004,0.4484922420417347,0.3539308953734096,0.34662402084212224,0.0,0.4311875034357743,0.41084004951014924,0.40977084175412315,0.33477202989568267,0.3888226634414927,0.42500285168404983,0.3677680077612176,0.3817889253640593,0.44994708402504674,0.0,0.0,0.32008519946011893,0.46807290762562914,0.44034147619793795,0.4457362430044182,0.4625725600764743,0.0,0.0,0.3701084598244733,0.45148749589303794,0.4859098545207623,0.0,0.0,0.0,0.38150516340462914,0.29178066571917005,0.0,0.0,0.47033878467100054,0.0,0.4766804048793429,0.3417849159577786,0.0,0.515811103438859,0.4558213053562438,0.4621706024710332,0.45617805306330134,0.0,0.48687286833564963,0.5001602583682461,0.5075877465880213,0.4524240724940854,0.46775053082358414,0.4566126366457064,0.4820560687402892,0.4725426403666461,0.41079379211027345,0.4671811487145113,0.0,0.451274884246866
0.3891944149939873,0.40891186191034107,0.2861959271962182,0.38564364323441247,0.38921043639032504,0.36235784696374024,0.408443640586832,0.40954756774148265,0.33201997795342747,0.3557728759304364,0.36785301928706926,0.305663109295155,0.4236358427086285,0.4257352756542623,0.34958271011470865,0.42382702398036165,0.0,0.41400919366184835,0.33821907829201775,0.32982587956392356,0.395499273487891,0.40922526890925776,0.3061467358763762,0.3375651473847946,0.39303613392456976,0.4311875034357743,0.0,0.40696039638969767,0.35568474980737,0.3885614524193836,0.41171571432767234,0.39604080923888235,0.34682675515864025,0.4348062355024855,0.4516279510902403,0.4285232875696319,0.40768630733408756,0.3064432902596912,0.45686615775910644,0.38589073427537945,0.39207374350394425,0.4686979574645975,0.4610552983946504,0.26141661587825515,0.0,0.0,0.36075218764884875,0.5291130207098177,0.0,0.43104893102001773,0.4734353589949211,0.47594668826977393,0.4492891475985566,0.5244219496802408,0.0,0.48916267833882465,0.0,0.4547351852229673,0.4693825456805518,0.45843953372778995,0.24609733439159928,0.0,0.0,0.5168468135670908,0.43448435340631364,0.423933656819372,0.4470058982779166,0.4824079172710768,0.0,0.26008370776076206,0.43628610634601894,0.4626830538004094,0.4237801482995247,0.3715359993753749,0.41654369595663937,0.45876115160913017
0.46389820088574774,0.41558553745397275,0.44654866304610363,0.2601013801070087,0.43001517277673346,0.37207292772100914,0.40681412993137356,0.42617441065764355,0.44006226166811996,0.3913127935498142,0.45173626833888747,0.3905743051232259,0.3544297673602358,0.2767031307400436,0.38865777847499194,0.42743636250384553,0.38721670338499065,0.4151465235089065,0.4381994455425665,0.3898244711263636,0.42876141942477003,0.4277130970703706,0.41726506953936215,0.3777945569165586,0.41293204652857873,0.41084004951014924,0.40696039638969767,0.0,0.32032559465068433,0.30545029047912664,0.4010632024438532,0.38706158867308815,0.33514444732042653,0.37570298876967373,0.34341169570643015,0.30161474647752207,0.29150915846340647,0.34430721514981344,0.4367745176270923,0.0,0.49412528973851616,0.0,0.34346894412372303,0.0,0.0,0.0,0.25560173578709744,0.3752123588119859,0.0,0.317331901969397,0.4525168598693443,0.31855226420532967,0.43111821270659617,0.32154618864289747,0.37100154036198374,0.0,0.39280663161469787,0.3387622754630505,0.0,0.4260422080097128,0.0,0.0,0.0,0.3565296803654384,0.4571934618957148,0.43686787719911097,0.356871636012073,0.48371972082041664,0.0,0.30057055752796186,0.35193160339534846,0.46841612271000227,0.38391353618157975,0.4087330129857487,0.0,0.4494359966797249
0.404818395114564,0.40856751082860654,0.33355790627979415,0.30937218490111396,0.4202924525043249,0.3399817371062994,0.4371573679836457,0.38022443700158715,0.3978397054667819,0.32050983289997237,0.0,0.29014465778121756,0.4152245088205094,0.0,0.38706214642495435,0.41872522389885597,0.32058712314250115,0.4143496419035072,0.0,0.33082718381180637,0.4064813543307726,0.394993183011041,0.37564414050471256,0.0,0.3859075891512626,0.40977084175412315,0.35568474980737,0.32032559465068433,0.0,0.36618930297297153,0.3784151773930578,0.3992897260324624,0.30984740546075434,0.42842374178709536,0.45946588264077926,0.4731247659379037,0.39097053587965996,0.0,0.4558693466970245,0.3343325925079321,0.4253147011464646,0.413419225809285,0.37302708711128285,0.2905326448731568,0.0,0.0,0.35511496718182006,0.4132051396889681,0.0,0.3609815454367715,0.38783951181081394,0.3357893578548175,0.3792628259039193,0.33516624382598714,0.0,0.0,0.0,0.363424247680926,0.0,0.45130487508686173,0.2561854624145927,0.0,0.27006335279322796,0.0,0.4364385249145928,0.4369349175655111,0.4282757888748785,0.4631728718753069,0.0,0.24770713772351607,0.41754968077402715,0.4543020266477051,0.3968461711905751,0.42970319204045565,0.391338335135462,0.43411935170736704
0.0,0.4271488464632801,0.424602926767791,0.0,0.4557264709793104,0.4087152372094247,0.4288740532878038,0.43168977209778386,0.4109881872151713,0.0,0.0,0.0,0.39779614015164755,0.0,0.3663763322312997,0.41653928405564394,0.0,0.0,0.0,0.3766053188568022,0.4359442765754414,0.397356045590852,0.40003449622117965,0.0,0.3557710328115897,0.33477202989568267,0.3885614524193836,0.30545029047912664,0.36618930297297153,0.0,0.36620650962723716,0.41478128677123377,0.3631237931210799,0.4015442413662996,0.40507167368302577,0.41613986823304855,0.3258383239377125,0.0,0.0,0.0,0.0,0.0,0.0,0.0,0.0,0.0,0.0,0.0,0.0,0.0,0.4396149115607619,0.0,0.0,0.0,0.0,0.0,0.0,0.0,0.0,0.0,0.0,0.0,0.0,0.0,0.44940569380016393,0.0,0.0,0.4754462062609951,0.0,0.0,0.0,0.47428174103674586,0.0,0.4090029558774111,0.0,0.0
0.3693693396764266,0.3781155016661172,0.4700539412133092,0.3697916817880855,0.44210342937026575,0.42201464126561117,0.43544831602165396,0.4629146821673203,0.4636574076221275,0.3404822154724467,0.4694070874558844,0.35712359931301774,0.42740285809723777,0.0,0.41987293184524976,0.36719955511323793,0.3436047226165101,0.3642029495514963,0.4508684812434633,0.38946969528937375,0.40295177441106467,0.3933332789169998,0.4329130848319339,0.35483428598164485,0.3636708924082703,0.3888226634414927,0.41171571432767234,0.4010632024438532,0.3784151773930578,0.36620650962723716,0.0,0.3973921818691079,0.3406076228868329,0.298003918917806,0.31656487349938645,0.41320344187062374,0.2982231036793972,0.28704554322687664,0.4548242022417915,0.40080883532372513,0.0,0.0,0.0,0.0,0.0,0.0,0.4350150441674496,0.34036003842075485,0.0,0.0,0.4860760691822784,0.0,0.5067465087208665,0.0,0.4144279640687049,0.0,0.40271259362186473,0.3803025736077454,0.0,0.4740612980302277,0.41918207747625896,0.0,0.425967833958394,0.0,0.4589473743048364,0.42678403832692224,0.4687107382152274,0.5006228395119621,0.0,0.42984796973539274,0.4544633635421401,0.48505495298212686,0.40712802955902494,0.44692085047151436,0.0,0.0
0.4063470098249998,0.4154491872885411,0.43031889918905514,0.3043275060890239,0.37783583803314774,0.39957655073447823,0.39437092416778435,0.3409835029576836,0.42951748095808806,0.3813775030116428,0.3875024348406313,0.2710286626407944,0.39376411126360306,0.23845330397998576,0.43715991320460756,0.42404032545414944,0.39632113316151685,0.4167338352389829,0.3946443171872623,0.4280766041220472,0.42260361516062506,0.4345021841395629,0.39284775786261805,0.2978489786690915,0.4024058892075284,0.42500285168404983,0.39604080923888235,0.38706158867308815,0.3992897260324624,0.41478128677123377,0.3973921818691079,0.0,0.35551439410725494,0.3268935699429425,0.3597555420255842,0.269093510573436,0.3116655775858769,0.27073514099249213,0.26903689664014846,0.3051243424832384,0.3117872585726781,0.34786260109732803,0.2658674033248106,0.2666754943494514,0.2517500955004043,0.4233882405209164,0.45825836033614864,0.484422974319404,0.23996984642986924,0.37884409675972575,0.4569905858733141,0.3386411587408888,0.4544997960070297,0.34069327768174185,0.2528106577603004,0.39584486233896493,0.24992169092099698,0.33949819462071873,0.0,0.48587345250010044,0.40756364787018207,0.3483639580615188,0.40290576088044194,0.4392589056571121,0.4704638298344835,0.45379018762775347,0.48831073477887305,0.48283162055649254,0.0,0.4345134080572535,0.46449862750594384,0.4711459644223695,0.3556401025789104,0.45925001378852104,0.0,0.4905171852265085
0.31988599110328264,0.35606660427435527,0.2793263388966921,0.0,0.33598557126507633,0.33634519109011846,0.3909846389098237,0.40296930271090003,0.40311776990774306,0.30861142915066536,0.3607969566360909,0.3114832847145823,0.38481820858141447,0.0,0.4096608247411746,0.3603169936019411,0.326248143336009,0.34147957123577766,0.28831599477112746,0.391856678687157,0.4018604687148269,0.3712218189590132,0.30761061069655954,0.263107596463158,0.31689583895857437,0.3677680077612176,0.34682675515864025,0.33514444732042653,0.30984740546075434,0.3631237931210799,0.3406076228868329,0.35551439410725494,0.0,0.2399147004007109,0.3880247762946592,0.439397336581467,0.39792960190965454,0.18543069156234485,0.3528522603600845,0.325554187333292,0.2958548350806663,0.3751017389851494,0.0,0.2807025370917202,0.2649750987390779,0.0,0.44838947737453033,0.0,0.0,0.0,0.0,0.0,0.0,0.0,0.3629330673060328,0.0,0.38994013761460206,0.0,0.0,0.509592921560935,0.4228787339709196,0.37898464949034527,0.42125146795473845,0.0,0.46054345862212304,0.44194227193933044,0.5019299547145016,0.47374547116725996,0.3469400459670737,0.41002053707410746,0.4392030224477404,0.0,0.36212063729432975,0.0,0.0,0.3694566993387331
0.3560855529503902,0.3661488406682897,0.48732406916860277,0.26543399148283464,0.44811982099374603,0.4320867153876709,0.41489699175828226,0.4595827358543691,0.46201621053295033,0.2884429971619678,0.4581711583819066,0.2296051167918518,0.40461361293430154,0.0,0.45127694284596126,0.35373335889889,0.33946876031997014,0.3591295264081872,0.4392057957437361,0.4387315158013141,0.40679682510431786,0.4227926258475205,0.44434517700037496,0.23173336271904726,0.3396822620396712,0.3817889253640593,0.4348062355024855,0.37570298876967373,0.42842374178709536,0.4015442413662996,0.298003918917806,0.3268935699429425,0.2399147004007109,0.0,0.24802440774065712,0.33519159338848414,0.2822968920060466,0.19105929353634407,0.32107212634644616,0.28637292426337774,0.2735547844754437,0.2769217928262194,0.0,0.2684919126990807,0.23685048456734997,0.3541245921702583,0.4364921248661154,0.3686439978587829,0.0,0.0,0.48763830316429024,0.36249124952478884,0.4954147887459389,0.0,0.345528796661085,0.0,0.3588291463588174,0.16039212243432038,0.0,0.48905464575813784,0.41292753562648066,0.4005823122811196,0.4174609024409941,0.0,0.4833797999252485,0.420263874844783,0.48133663725753933,0.5088402353437252,0.2585402858674693,0.4192182359033458,0.4564906538169162,0.5002571386293629,0.28177445900678066,0.4632914414295928,0.0,0.36548112330321497
0.424762958109102,0.430193319560453,0.4535271384716109,0.3742130520504172,0.44548338306165536,0.4351269868937611,0.42546846821601525,0.4695823961082663,0.45922008404667863,0.29309534629637823,0.4382573045538864,0.28358115418936736,0.38401005415937983,0.0,0.4956876806542405,0.41936328951620955,0.3446251165113452,0.39495645668662677,0.4404796586038209,0.4796969540206899,0.47455595204306705,0.47315757429205735,0.44606548805537927,0.2521445835911572,0.3847016629108694,0.44994708402504674,0.4516279510902403,0.34341169570643015,0.45946588264077926,0.40507167368302577,0.31656487349938645,0.3597555420255842,0.3880247762946592,0.24802440774065712,0.0,0.4445592566009451,0.33907149161233757,0.210418881019142,0.32052226408069184,0.3101050267422304,0.3092623231612254,0.36826019493312945,0.28630415201960463,0.28655383730914663,0.2552758816372786,0.0,0.4776208303245932,0.0,0.0,0.0,0.3179407525427691,0.22111972892121115,0.0,0.0,0.2859951897654276,0.0,0.3108401840731475,0.21946765172319443,0.0,0.5225990620136121,0.4359828395970928,0.0,0.4511930912248129,0.0,0.49515732483392105,0.0,0.5185366030269795,0.48225457825342455,0.0,0.4420447444295971,0.4691080265555109,0.4491427591308431,0.2430688717682617,0.0,0.0,0.0
0.0,0.3559169269658157,0.44017318389247256,0.2093611271595602,0.24912213580549525,0.4398594505865762,0.2890860612420963,0.259251945695252,0.4496462476325905,0.28260628693336,0.35233090364071884,0.26047521961650305,0.32938696255491223,0.24351283959373257,0.536043247570592,0.3735676178736967,0.0,0.0,0.415640379826228,0.5047042824163755,0.0,0.519739060353973,0.41336443177823257,0.2878392438017525,0.33604361330955274,0.0,0.4285232875696319,0.30161474647752207,0.4731247659379037,0.41613986823304855,0.41320344187062374,0.269093510573436,0.439397336581467,0.33519159338848414,0.4445592566009451,0.0,0.1871291640803481,0.30597549825637577,0.2888927082944327,0.35077872650400327,0.2919816896281186,0.322574687998901,0.36074958453852607,0.0,0.27338128442354753,0.0,0.0,0.45157821134478626,0.0,0.0,0.0,0.0,0.33349277043326264,0.45512740456082545,0.29700616184342915,0.33029316069380266,0.28889095354073735,0.0,0.3759609645305731,0.4710708589035302,0.0,0.0,0.0,0.40059760269356953,0.44338668701788253,0.0,0.5122431104688936,0.40833833469569897,0.0,0.0,0.0,0.0,0.3519922211300406,0.3166484371667836,0.0,0.3626846101375482
