0,1,2,3,4,5,6,7,8,9,10,11,12,13,14,15,16,17,18,19,20,21,22,23,24,25,26,27,28,29,30,31,32,33,34,35,36,37,38,39,40,41,42,43,44,45,46,47,48,49,50,51,52,53,54,55,56,57,58,59,60,61,62,63,64,65,66,67,68,69,70,71,72,73,74,75
0.0,0.3854900615593227,0.0,0.0,0.0,0.3221616662779264,0.31385100380114667,0.41559786386227604,0.25561891452230223,0.39908483436097847,0.0,0.3777547843101819,0.3746652748705648,0.41291180095222574,0.33206780760254956,0.40613605942924447,0.3624718000423217,0.3884300386317592,0.0,0.382852482495261,0.3190774140311574,0.38068149473402435,0.36346160887733947,0.3208234008586014,0.39570544112818157,0.357298736468193,0.3138457698941315,0.35660057643497667,0.37711843109867227,0.0,0.354174959418634,0.4035376235576323,0.3567328265904382,0.33969466477093363,0.41461282255235926,0.0,0.0,0.3354177558746805,0.42678132859664564,0.4633034048573124,0.4326592134692869,0.0,0.0,0.0,0.0,0.37344418649872896,0.4849879119014926,0.0,0.0,0.0,0.36126296751391257,0.0,0.0,0.0,0.0,0.0,0.0,0.0,0.0,0.0,0.478603940535511,0.3909831858488189,0.45427014539399263,0.0,0.0,0.3538872419930636,0.4598076526706399,0.0,0.0,0.4700633672743879,0.4584305446587009,0.0,0.0,0.45900333897280965,0.0,0.3881940854019188
0.3854900615593227,0.0,0.0,0.0,0.3908550494283198,0.4237451120029457,0.45007072188694563,0.3767431572972869,0.42724366001237385,0.33233616813328304,0.0,0.3001089147212894,0.45795368846188805,0.0,0.37884432579735466,0.407734484613601,0.37451172708811165,0.41442328513329313,0.0,0.4199861087049118,0.3555770425587581,0.40253172164111595,0.3755515217491,0.34468663283116097,0.3785571119865363,0.39285867691440324,0.4142253116233239,0.4342714501221913,0.42684474708471376,0.0,0.37008462090350713,0.4173653526578564,0.381163179617716,0.373878866050148,0.4485471451086328,0.0,0.0,0.0,0.47603880471163174,0.4704789866055554,0.4594784534353509,0.5007708581278489,0.0,0.0,0.0,0.4780522193567783,0.5015677155142425,0.0,0.0,0.0,0.4139095565780519,0.33195369774306593,0.0,0.3267879160215752,0.36207919548921885,0.0,0.4294086762851611,0.3011294087537963,0.0,0.4549597338030633,0.4914461804452267,0.34785076722776764,0.44555584802938064,0.0,0.4526738387109518,0.40067849272109457,0.47925801987051664,0.40137137297189557,0.5086346605584499,0.4968700038493327,0.501890170887222,0.43559024954074255,0.3052413944334993,0.4519782737757235,0.0,0.4519813156832131
0.0,0.0,0.0,0.3696153491044517,0.38725136131432647,0.37424407597959425,0.4032939373665869,0.42604149364270744,0.3230675887719747,0.4156154675529363,0.3054931872126375,0.0,0.4231988884217806,0.40526116442256344,0.0,0.0,0.0,0.0,0.28956934620563185,0.0,0.31079460748892074,0.0,0.3214764033585372,0.0,0.2767593690563883,0.0,0.3316026380051133,0.4306995405263543,0.0,0.0,0.45092757450604865,0.3982483371820963,0.0,0.44742722964353854,0.4608136243276148,0.37911434457672316,0.39749198240618894,0.35466586664762756,0.39288713130235675,0.0,0.0,0.33494718618646785,0.46647317560706214,0.0,0.0,0.0,0.0,0.3132530269024623,0.0,0.42023313398282447,0.5036683862603757,0.4540417567959734,0.5221778778076199,0.5051673334719594,0.0,0.3286355609814037,0.0,0.4329884567771118,0.2949263684317459,0.0,0.0,0.0,0.0,0.28995139764355315,0.0,0.0,0.0,0.5223505301187946,0.0,0.0,0.0,0.5019636936577514,0.3760761524197712,0.0,0.0,0.0
0.0,0.0,0.3696153491044517,0.0,0.25741381317156414,0.385672913979369,0.27839181268188684,0.3405363369126136,0.40042024721665775,0.2661299727438703,0.38415055302737194,0.0,0.33275064063862425,0.2296666899087643,0.0,0.0,0.0,0.0,0.3867026505235604,0.0,0.0,0.0,0.34701773300567196,0.0,0.0,0.0,0.3731353610558499,0.25821870222010535,0.36543218663145166,0.0,0.36648783931449974,0.3002964378341446,0.2652935543897012,0.3039828705766857,0.30142652024573824,0.19107300400888647,0.15897776914569656,0.2686206834696872,0.2937491189887933,0.0,0.0,0.0,0.0,0.0,0.0,0.0,0.0,0.0,0.0,0.0,0.0,0.0,0.0,0.0,0.0,0.3403993357872366,0.0,0.0,0.0,0.0,0.0,0.0,0.0,0.0,0.0,0.0,0.0,0.29500005878276,0.0,0.0,0.0,0.3077953190176915,0.0,0.0,0.0,0.0
0.0,0.3908550494283198,0.38725136131432647,0.25741381317156414,0.0,0.35762687232366214,0.3094455300986499,0.36350349651170516,0.31796205962080326,0.44675656994566487,0.3430723143252476,0.43585669666781796,0.316757380283284,0.2948685974252724,0.0,0.44379870635341045,0.0,0.0,0.3676811103960428,0.44305905217781283,0.0,0.4559277202074917,0.3543929771141409,0.0,0.3818128023984464,0.3516753275789194,0.3707959845566174,0.37182581634263634,0.4135916135983653,0.0,0.45702411758905287,0.36857350707369047,0.3780566131717572,0.4384544470190958,0.43010201844344814,0.22229934381139618,0.24071404914876443,0.38988312261586294,0.343101003727222,0.0,0.0,0.0,0.4328260456148805,0.0,0.0,0.0,0.0,0.45643351726359466,0.0,0.4242983944255516,0.39715231581396954,0.35869680215943817,0.0,0.4210108150409263,0.0,0.36583685110041286,0.0,0.3082226854809752,0.0,0.0,0.0,0.0,0.0,0.46853348130516936,0.0,0.0,0.0,0.45431048853175204,0.0,0.0,0.0,0.41018737594570676,0.3193700726664103,0.3409887098704426,0.0,0.0
0.3221616662779264,0.4237451120029457,0.37424407597959425,0.385672913979369,0.35762687232366214,0.0,0.3883053657027949,0.37045441635350534,0.32790529320727996,0.4504942590673168,0.36282794450701833,0.39058897226234945,0.35424920960818546,0.3909319689395831,0.4022528876545551,0.4496936320514275,0.34076937551391184,0.4382418019953374,0.39489520285502816,0.4149998227283399,0.3599907128136821,0.43612920167744196,0.36685677831213237,0.3205809695031517,0.402868809081579,0.40058629654684996,0.34446926145052414,0.3701056052050145,0.32507149235338356,0.4089042518298008,0.42661189944856415,0.3878688477754375,0.3621670436472063,0.4290695764914957,0.44784516346167264,0.38595746877319187,0.4190664056784768,0.3787628054779703,0.422150901563742,0.349017781316439,0.4351724698825743,0.3729574995330311,0.4091069746868543,0.28710033522862616,0.0,0.34292492186186585,0.37534387178822604,0.49542365261479415,0.30162661408592173,0.0,0.44458815516509353,0.4282159184799168,0.4358814238859452,0.491297781064735,0.3113725169125529,0.44085261601484305,0.0,0.402385843747234,0.0,0.39723177667253556,0.30743377472451805,0.0,0.2998477340672489,0.4831096741811025,0.3909337303524746,0.3879923247496172,0.4146589857809368,0.4590200362313554,0.0,0.30382877381150164,0.40591980573532177,0.4540104071487378,0.3760635600183865,0.4395834841930975,0.4033619154122389,0.42852693300784345
0.31385100380114667,0.45007072188694563,0.4032939373665869,0.27839181268188684,0.3094455300986499,0.3883053657027949,0.0,0.3981774746838844,0.37539032326900645,0.42981772256904693,0.43253526268534215,0.42323282165546844,0.309359102182857,0.2940540744883884,0.0,0.47826137076851305,0.4190909021498613,0.4508513352765494,0.44061950182415577,0.43809136620076283,0.369171445521789,0.4739876886970169,0.3867116180046165,0.4357533838475984,0.42869606706350616,0.4190166581482327,0.3954950605234992,0.38272827237802315,0.41686501221219147,0.43795203578971065,0.42032912349202034,0.3915602567056679,0.37075191627478815,0.3955975049621619,0.38760835968529994,0.27014023336423876,0.3016711245753159,0.3854387984708372,0.2801645930505708,0.4686568938310694,0.32631810107876136,0.0,0.3716125368561243,0.3286815099827484,0.0,0.0,0.3649517253477004,0.42066551853714984,0.0,0.3624748953612922,0.36194032055277414,0.3600957622269704,0.37278335361900394,0.3973104831042981,0.0,0.3509214207304544,0.0,0.318930761109959,0.0,0.339527389815893,0.3411385530954758,0.0,0.3347281507003928,0.39925743689013504,0.33784440850616015,0.0,0.3421537070192493,0.4584739871161389,0.0,0.34851074391042935,0.343787736097943,0.4111365803559,0.3056290271291407,0.33373519656865785,0.0,0.31432092119531285
0.41559786386227604,0.3767431572972869,0.42604149364270744,0.3405363369126136,0.36350349651170516,0.37045441635350534,0.3981774746838844,0.0,0.4485822704394507,0.4161498759793266,0.3492640042125925,0.40098664100480613,0.39805126332191054,0.34761211311173884,0.3341825956571074,0.36311509361290756,0.0,0.42353815835659164,0.42553846345382673,0.36869174806036903,0.3954570591292409,0.3836442207092231,0.33635971586025004,0.4606075718425581,0.46027612908279386,0.44539155803483893,0.3883829351999125,0.40211325380924684,0.3738748679205691,0.41065357045198336,0.41509206801974097,0.35466037507017095,0.0,0.4187388563052655,0.4219852050752806,0.2191481321623602,0.3537758070144447,0.0,0.41166017579225833,0.0,0.0,0.0,0.0,0.0,0.0,0.0,0.4714085811097628,0.5298314675606212,0.0,0.48017757656306415,0.44743300991336227,0.44410559510756337,0.3746581595730887,0.518869775590445,0.0,0.4336915154279364,0.0,0.41506769048883796,0.0,0.0,0.0,0.0,0.0,0.5185000952152016,0.0,0.40452519092516864,0.0,0.44750802179377885,0.0,0.0,0.36495844270943767,0.46433902560214635,0.38075399599994936,0.4494678240785847,0.0,0.40292807485970306
0.25561891452230223,0.42724366001237385,0.3230675887719747,0.40042024721665775,0.31796205962080326,0.32790529320727996,0.37539032326900645,0.4485822704394507,0.0,0.4876386650273044,0.3187445186573954,0.4726144874052539,0.3813700134579031,0.40402483091794084,0.0,0.42275300059259735,0.36463902378136454,0.3249887962957513,0.28409877726745664,0.42574641206512226,0.30377844587006303,0.45071951153077955,0.383410016253384,0.4137681929979754,0.34965370271305124,0.32694149371926834,0.3446353438150811,0.45237681406680597,0.4119211278860814,0.399383396648712,0.4709739832751036,0.4165559504353427,0.3957099947512845,0.4653060623187123,0.4671035387560841,0.408708266735091,0.4323287329094249,0.43135734558780037,0.379799016710529,0.38762659344423345,0.3548271470769634,0.30605374772370225,0.48343576063021165,0.3312788685556711,0.0,0.0,0.33956590298400335,0.5393479387023591,0.0,0.45596870547220236,0.4902364017961735,0.43794674477173207,0.49981374110526994,0.48980312221372047,0.0,0.42885652778616457,0.0,0.3804210719252526,0.5006176336993883,0.0,0.3220066854088273,0.0,0.0,0.5255880943333663,0.35492201039974647,0.0,0.32445484164801885,0.5102126315541431,0.0,0.3256314362142688,0.33040216319130494,0.5007030296737708,0.35112693677177637,0.3409274855195474,0.0,0.35239113511238335
0.39908483436097847,0.33233616813328304,0.4156154675529363,0.2661299727438703,0.44675656994566487,0.4504942590673168,0.42981772256904693,0.4161498759793266,0.4876386650273044,0.0,0.48467983776143264,0.2902003053615316,0.4414684228021425,0.0,0.0,0.37587549418735383,0.30880876036694815,0.35465608479921124,0.46586339725038295,0.35386469932423337,0.0,0.34542949716416665,0.40451252690506123,0.33689241211267634,0.34739149534296077,0.3809369153632667,0.41214396673425524,0.4224127601510754,0.3850027068312754,0.0,0.33694239399030573,0.3770254401166811,0.30970835888049236,0.33813430503482,0.3363820329775185,0.24576059162283273,0.2483397603315819,0.28461687044674455,0.34285576629186026,0.39813662610072664,0.3719118617311734,0.37116827175139155,0.0,0.0,0.34932991419420323,0.42577535844480424,0.0,0.0,0.0,0.0,0.0,0.4182234242960877,0.38166591710326186,0.32955482620121535,0.4815774662748492,0.36297713471496773,0.4839850881328187,0.40286103418293634,0.0,0.0,0.4051227052299815,0.4882974199590711,0.4648357638336887,0.0,0.0,0.0,0.0,0.33104080789016066,0.42139890848140776,0.4963053181955116,0.5039382894962364,0.0,0.4299186491491108,0.0,0.0,0.43140851766416616
0.0,0.0,0.3054931872126375,0.38415055302737194,0.3430723143252476,0.36282794450701833,0.43253526268534215,0.3492640042125925,0.3187445186573954,0.48467983776143264,0.0,0.4495992052385912,0.4577847694078489,0.3248220761385504,0.0,0.0,0.0,0.37190743903606494,0.26948445650900177,0.0,0.0,0.0,0.30019230664455654,0.4673542788089221,0.0,0.0,0.38826827794882657,0.4698771405530833,0.0,0.0,0.4892051008630392,0.36671858197798635,0.409505593310721,0.474497348223913,0.4484830912026528,0.30703419530083853,0.427767482694749,0.43296807090711187,0.0,0.0,0.0,0.0,0.333461413078676,0.2992915038663215,0.0,0.0,0.0,0.40548621518606426,0.0,0.3600731833404637,0.41144494840159784,0.3940190223175912,0.27021444217359136,0.4606082826080592,0.0,0.26222652316250544,0.0,0.3420950547090546,0.3231477555902937,0.0,0.0,0.0,0.0,0.2371360433941065,0.0,0.0,0.0,0.43462814879896194,0.0,0.0,0.0,0.4620034553397217,0.29746136642962234,0.0,0.0,0.0
0.3777547843101819,0.3001089147212894,0.0,0.0,0.43585669666781796,0.39058897226234945,0.42323282165546844,0.40098664100480613,0.4726144874052539,0.2902003053615316,0.4495992052385912,0.0,0.48576379128121205,0.0,0.0,0.30852486511689425,0.36622419422109376,0.3636020037275197,0.4139237693069573,0.0,0.3921697728148006,0.3163462835065767,0.36341924451429597,0.3055774016378028,0.37535260745120935,0.3299557169665469,0.37147130859004235,0.44039415068965104,0.3161842252278017,0.0,0.37147808020422735,0.4389325632053105,0.31431726832121565,0.31473466404081496,0.34120649494645855,0.0,0.0,0.23829359602505373,0.0,0.4211628788293675,0.39697362474896203,0.3702424190914126,0.0,0.0,0.3653919412762256,0.392395103045478,0.0,0.0,0.0,0.0,0.0,0.0,0.0,0.0,0.49407216209174354,0.0,0.47266156486494443,0.43308328474748836,0.0,0.0,0.40894341582093796,0.5341714016835617,0.46829174861582556,0.0,0.0,0.0,0.0,0.0,0.44332927692316104,0.502183687566775,0.498381461214299,0.0,0.43959953084203474,0.0,0.0,0.45856633198167984
0.3746652748705648,0.45795368846188805,0.4231988884217806,0.33275064063862425,0.316757380283284,0.35424920960818546,0.309359102182857,0.39805126332191054,0.3813700134579031,0.4414684228021425,0.4577847694078489,0.48576379128121205,0.0,0.34307478712702627,0.3776186989049101,0.47862751934801173,0.4490969847147638,0.46879863963136736,0.45455078734450305,0.43451129743998973,0.3948693202116127,0.47433997721650506,0.39828722078591994,0.4810216578380488,0.4401743028398669,0.43174616977352265,0.4034659414922971,0.3289887371442117,0.3920792353936129,0.402766052086177,0.4005606533796658,0.4064152433586499,0.40113919812581145,0.4090678212517279,0.4120405016350002,0.34735515534752903,0.38198061849945686,0.4166711942588757,0.3502555249461235,0.40944474573502976,0.36653124971592566,0.0,0.3534015830713608,0.0,0.0,0.3607538761825629,0.3425505534810881,0.4305530554038305,0.0,0.0,0.3283687884582688,0.3544510485981589,0.4447346776569075,0.3775519547270312,0.4136167296157782,0.38325866505640993,0.0,0.31007570739772533,0.0,0.34225108971809576,0.3285539972789277,0.0,0.3357699679179511,0.41940287365183926,0.38376954440790056,0.3748600549737445,0.33902513408296603,0.4606454288624976,0.5237111495830349,0.3579177777505541,0.3855365935333382,0.4366050674865927,0.3434135263927938,0.37641697123033874,0.0,0.3273428694349809
0.41291180095222574,0.0,0.40526116442256344,0.2296666899087643,0.2948685974252724,0.3909319689395831,0.2940540744883884,0.34761211311173884,0.40402483091794084,0.0,0.3248220761385504,0.0,0.34307478712702627,0.0,0.0,0.0,0.0,0.0,0.37826013198682823,0.0,0.0,0.0,0.35565285632360955,0.0,0.0,0.0,0.38300814584109427,0.17505061687812407,0.0,0.0,0.0,0.2437698699783657,0.0,0.0,0.0,0.2263095414687363,0.1530100213851543,0.0,0.0,0.0,0.0,0.0,0.0,0.0,0.0,0.0,0.0,0.0,0.0,0.0,0.0,0.0,0.0,0.0,0.0,0.36290125490983594,0.0,0.0,0.0,0.0,0.0,0.0,0.0,0.0,0.0,0.0,0.0,0.0,0.0,0.0,0.0,0.0,0.0,0.0,0.0,0.0
0.33206780760254956,0.37884432579735466,0.0,0.0,0.0,0.4022528876545551,0.0,0.3341825956571074,0.0,0.0,0.0,0.0,0.3776186989049101,0.0,0.0,0.4125500504029483,0.0,0.4047839993393906,0.0,0.34166458015703854,0.373413439860488,0.32119090293507474,0.38272039385098466,0.4016785112492401,0.38494656956691264,0.25685286228316756,0.4049359298036942,0.3833242491465326,0.394096611302355,0.0,0.39897839418888165,0.40214621879034973,0.3915354509139444,0.4105611952626718,0.45303071817628005,0.49201472229889814,0.0,0.0,0.4375591906839103,0.4994868897568744,0.48831137995946877,0.5236324677783751,0.0,0.0,0.0,0.0,0.4864470050549144,0.0,0.0,0.0,0.45334808583625996,0.0,0.0,0.0,0.0,0.0,0.0,0.35702225942217036,0.0,0.5001712532946262,0.4482824516043398,0.0,0.37358373450916305,0.0,0.474837450482135,0.4577597492880479,0.5030701109779765,0.4489082254824546,0.0,0.4079977002116102,0.49405243739760163,0.44260518843552565,0.3836439471019557,0.4471651049369621,0.0,0.461003827805972
0.40613605942924447,0.407734484613601,0.0,0.0,0.44379870635341045,0.4496936320514275,0.47826137076851305,0.36311509361290756,0.42275300059259735,0.37587549418735383,0.0,0.30852486511689425,0.47862751934801173,0.0,0.4125500504029483,0.0,0.385081282510658,0.3264478708576198,0.0,0.4132444249063368,0.387195075617469,0.3572681098883078,0.3932482503645277,0.38786683478256034,0.405115758616872,0.4105036816529859,0.41390606204113173,0.44291116099852035,0.45463636161404564,0.3837847276079811,0.38657556253413783,0.4418390756689896,0.3924570771737121,0.3857684712584768,0.4601600147384231,0.0,0.0,0.0,0.43266785665654206,0.4468849479687442,0.4541542329983602,0.47823494423401075,0.0,0.0,0.0,0.47114111642628254,0.49747053641204597,0.0,0.0,0.0,0.3302128893769324,0.0,0.0,0.0,0.3512261315854976,0.0,0.36945477689393746,0.3195147742724554,0.0,0.4771291522994232,0.4778791512810156,0.3346321044582009,0.44387406499640514,0.0,0.437131696273638,0.433032496374745,0.47040396666612316,0.35499620619609645,0.46890292405572365,0.47011308845684796,0.4891408194299017,0.3884607893825441,0.3117150483276255,0.40385354306166393,0.0,0.44413891378459486
0.3624718000423217,0.37451172708811165,0.0,0.0,0.0,0.34076937551391184,0.4190909021498613,0.0,0.36463902378136454,0.30880876036694815,0.0,0.36622419422109376,0.4490969847147638,0.0,0.0,0.385081282510658,0.0,0.32529165010027267,0.0,0.3786590313979933,0.0,0.39161681647745167,0.0,0.38675880048513717,0.32995114049884455,0.37806714389954016,0.0,0.4155565356387823,0.3814171515812056,0.0,0.36358636813280015,0.41731471282697047,0.33837605887396993,0.36218209098171816,0.37917954815237603,0.0,0.0,0.32641620376335917,0.3690744752168028,0.38272069839010053,0.3920747749947361,0.0,0.0,0.0,0.27541673355165486,0.4317290471895993,0.4289656036606398,0.0,0.0,0.0,0.0,0.0,0.0,0.0,0.4707774351028528,0.0,0.4923753340455884,0.0,0.0,0.0,0.41854349062343543,0.48175229909450906,0.4792145207556377,0.0,0.0,0.0,0.0,0.0,0.4839529397991392,0.4646056941314991,0.4880234863548185,0.0,0.0,0.0,0.0,0.40656736996236653
0.3884300386317592,0.41442328513329313,0.0,0.0,0.0,0.4382418019953374,0.4508513352765494,0.42353815835659164,0.3249887962957513,0.35465608479921124,0.37190743903606494,0.3636020037275197,0.46879863963136736,0.0,0.4047839993393906,0.3264478708576198,0.32529165010027267,0.0,0.0,0.4193079006791774,0.3960094554936824,0.4131177009450598,0.38529011579076256,0.3802543081045585,0.350093958438185,0.3844911234922629,0.39574227605514295,0.41932646527102646,0.44188472566065473,0.3671125501737119,0.379669312790227,0.43278225444866114,0.36301863138069296,0.3724442427017047,0.4132504424430815,0.0,0.0,0.29675980170662064,0.43142694605509807,0.41862024871834197,0.43571580466841126,0.4624695375496183,0.0,0.0,0.0,0.46622618206776767,0.48698061995561776,0.0,0.0,0.0,0.328205965740226,0.0,0.0,0.0,0.4455145496070815,0.0,0.4566755884311434,0.315485683214875,0.0,0.0,0.4709080178918286,0.4515948211833531,0.46417105595000135,0.0,0.36867434296334906,0.0,0.45806255915304966,0.0,0.5066661502597773,0.4659410146560469,0.481794106283843,0.3716753879061411,0.3243635975775932,0.34871253810603287,0.0,0.4478578192452302
0.0,0.0,0.28956934620563185,0.3867026505235604,0.3676811103960428,0.39489520285502816,0.44061950182415577,0.42553846345382673,0.28409877726745664,0.46586339725038295,0.26948445650900177,0.4139237693069573,0.45455078734450305,0.37826013198682823,0.0,0.0,0.0,0.0,0.0,0.0,0.2622165019531354,0.0,0.2892725540246704,0.3915963893393054,0.0,0.0,0.40183999899832773,0.4629667984301787,0.0,0.0,0.4818377558344488,0.411258796268131,0.39339620161421673,0.4658180834460008,0.4586086727646813,0.37822129991774767,0.41839878799885977,0.39025311808898455,0.41932367264389786,0.0,0.0,0.0,0.46962753414780684,0.0,0.0,0.0,0.0,0.5094668048727274,0.0,0.4711614600133555,0.46091100150566144,0.43877225610687026,0.5405193295491131,0.516854630433629,0.0,0.28979785828413773,0.0,0.376331715310236,0.0,0.0,0.0,0.0,0.0,0.512451776280781,0.0,0.0,0.0,0.5174987703612061,0.0,0.0,0.0,0.4873474660721175,0.0,0.0,0.0,0.0
0.382852482495261,0.4199861087049118,0.0,0.0,0.44305905217781283,0.4149998227283399,0.43809136620076283,0.36869174806036903,0.42574641206512226,0.35386469932423337,0.0,0.0,0.43451129743998973,0.0,0.34166458015703854,0.4132444249063368,0.3786590313979933,0.4193079006791774,0.0,0.0,0.395839915497355,0.35443647633121944,0.2824847169246623,0.3262584259922082,0.41785633100396535,0.425519039793586,0.3345277147835987,0.3863568725069599,0.32653908708624235,0.3447465391503558,0.3752643294168209,0.41258171564325025,0.38236101651240434,0.41226415528655225,0.45675858752215215,0.47485732368647626,0.4116768885111599,0.30599329483490023,0.4061725086784262,0.44904425625431044,0.4307813349602111,0.4397901035972474,0.3565245236915829,0.0,0.0,0.0,0.4689929666650625,0.0,0.0,0.0,0.4219841055916541,0.0,0.4243631847942503,0.0,0.0,0.0,0.0,0.3478639338924591,0.0,0.47858361837099783,0.36131555506981894,0.0,0.31097987597048826,0.0,0.4493412333694384,0.45663466976078115,0.4815981843095351,0.4144173385796113,0.0,0.3173037412002996,0.5038627613220626,0.4405666790094242,0.38832518529571575,0.39298157483016666,0.3564951647307942,0.43366612955918105
0.3190774140311574,0.3555770425587581,0.31079460748892074,0.0,0.0,0.3599907128136821,0.369171445521789,0.3954570591292409,0.30377844587006303,0.0,0.0,0.3921697728148006,0.3948693202116127,0.0,0.373413439860488,0.387195075617469,0.0,0.3960094554936824,0.2622165019531354,0.395839915497355,0.0,0.39280753762542664,0.3654254616018554,0.42498197567580215,0.39357816419851677,0.3564465277442959,0.39157701873793865,0.37498922200652074,0.3753785577385624,0.38611041242001326,0.3559338858674761,0.37258338958399084,0.33861138674117774,0.3565789401113952,0.43434176374180233,0.0,0.0,0.38158291027773383,0.4055720878664571,0.45641564638127297,0.43955401388146903,0.0,0.0,0.0,0.0,0.29365602961751464,0.48338167129115056,0.0,0.0,0.0,0.4196901021766146,0.0,0.40942158246918015,0.0,0.0,0.0,0.0,0.38176490759650994,0.0,0.4705373729559987,0.46412487076714776,0.0,0.0,0.0,0.4377574230153311,0.3235632568261729,0.48435935348216,0.41021784199493194,0.0,0.41267362426552107,0.47312637640747557,0.41782992540969277,0.37134630418063763,0.430285394589682,0.3899660310332452,0.3933249762597251
0.38068149473402435,0.40253172164111595,0.0,0.0,0.4559277202074917,0.43612920167744196,0.4739876886970169,0.3836442207092231,0.45071951153077955,0.34542949716416665,0.0,0.3163462835065767,0.47433997721650506,0.0,0.32119090293507474,0.3572681098883078,0.39161681647745167,0.4131177009450598,0.0,0.35443647633121944,0.39280753762542664,0.0,0.3925682131867423,0.33559631215212793,0.41069144904632665,0.38003946950160755,0.396593089599085,0.42619856165760045,0.40922303038951413,0.4026290141119617,0.38194316257799044,0.4134744613800346,0.3902865002588505,0.39489628440665375,0.44990924704106783,0.49175016152834533,0.4138301407354077,0.0,0.4202364786581746,0.4683347056617826,0.4776357774833349,0.4707998726328125,0.0,0.0,0.0,0.4477651020194336,0.47912818487702696,0.0,0.0,0.0,0.4278941836191595,0.30613161414579004,0.0,0.3223357343044833,0.3278179756539594,0.0,0.0,0.3146269719633053,0.0,0.49882253216132255,0.46983432958287275,0.0,0.3451361696132728,0.0,0.4722315645612633,0.4494020031080424,0.48692487875667745,0.4593563369802661,0.0,0.4492386136872143,0.49559433145464454,0.4487657557184979,0.3401020244715424,0.4580524968886619,0.0,0.45512610766635436
0.36346160887733947,0.3755515217491,0.3214764033585372,0.34701773300567196,0.3543929771141409,0.36685677831213237,0.3867116180046165,0.33635971586025004,0.383410016253384,0.40451252690506123,0.30019230664455654,0.36341924451429597,0.39828722078591994,0.35565285632360955,0.38272039385098466,0.3932482503645277,0.0,0.38529011579076256,0.2892725540246704,0.2824847169246623,0.3654254616018554,0.3925682131867423,0.0,0.3621217387799436,0.3936592975510474,0.4087246546616397,0.3327511273601161,0.39495612564248944,0.37472392469744137,0.3941581713190438,0.40975345002337454,0.3730467729011731,0.3493697892712221,0.41404819223257605,0.4085108759365877,0.3345787569116687,0.3695196665885365,0.3517768786295056,0.407132356851768,0.0,0.45527249317274215,0.4410441520521484,0.44759988997012995,0.3637178166624757,0.0,0.0,0.39221808356209853,0.5257435816017375,0.0,0.4383349580003648,0.4553734129740764,0.4691083574523323,0.4349666455551463,0.504440603904862,0.0,0.39912526929692405,0.0,0.4555356217550182,0.0,0.445582270129918,0.32381245206405185,0.0,0.0,0.5145928176638875,0.4358196462990199,0.40312816106538735,0.4416206569863951,0.4651537131405463,0.0,0.30223074355444934,0.3943500641376174,0.45994573619684126,0.43625151444375887,0.44599710950333754,0.43870452218012596,0.44316127088401125
0.3208234008586014,0.34468663283116097,0.0,0.0,0.0,0.3205809695031517,0.4357533838475984,0.4606075718425581,0.4137681929979754,0.33689241211267634,0.4673542788089221,0.3055774016378028,0.4810216578380488,0.0,0.4016785112492401,0.38786683478256034,0.38675880048513717,0.3802543081045585,0.3915963893393054,0.3262584259922082,0.42498197567580215,0.33559631215212793,0.3621217387799436,0.0,0.3938828984182505,0.3355060221877321,0.2792370364505529,0.4283201281624306,0.31361227398474784,0.0,0.3741837283596911,0.379673102666033,0.29730062114517586,0.28974505867559647,0.30978736260976447,0.0,0.0,0.2777915176322772,0.4468814404147393,0.3803943507941317,0.35843636561732706,0.0,0.0,0.0,0.31706916146417513,0.4453708407325124,0.4577541390951654,0.0,0.0,0.0,0.0,0.0,0.0,0.0,0.47440917806386784,0.0,0.46722394609672696,0.0,0.0,0.0,0.46278247419718743,0.49965580432629514,0.4656151168122583,0.0,0.0,0.4609706468159652,0.3807260642821012,0.0,0.43005421452241527,0.47524496126857924,0.4764552782730963,0.0,0.0,0.0,0.0,0.43497181114104866
0.39570544112818157,0.3785571119865363,0.2767593690563883,0.0,0.3818128023984464,0.402868809081579,0.42869606706350616,0.46027612908279386,0.34965370271305124,0.34739149534296077,0.0,0.37535260745120935,0.4401743028398669,0.0,0.38494656956691264,0.405115758616872,0.32995114049884455,0.350093958438185,0.0,0.41785633100396535,0.39357816419851677,0.41069144904632665,0.3936592975510474,0.3938828984182505,0.0,0.37043398128059457,0.39717055023056275,0.411317371477796,0.41584014328721436,0.0,0.37517174876078174,0.4083843800801371,0.336861222512815,0.35863869521587616,0.39955990014766374,0.0,0.0,0.32657144550987005,0.45817292990531594,0.43348602055452023,0.44540783942911366,0.4697070899718212,0.0,0.0,0.342539962410519,0.4628005387542888,0.49849258699029575,0.0,0.0,0.0,0.3250287812747885,0.3068300711583253,0.3929281875315635,0.28722111292591296,0.4770653887936513,0.0,0.4806530329152074,0.34692884909372346,0.0,0.45281435111929735,0.48389260918308213,0.4799068698947109,0.4720672638103009,0.0,0.44300392101075736,0.43802565970310625,0.504033799844537,0.3372325503836453,0.48966278481188297,0.47975787548239035,0.4885260020829796,0.3424347566249955,0.37205658644502676,0.445798730224072,0.0,0.4582752907102738
0.357298736468193,0.39285867691440324,0.0,0.0,0.3516753275789194,0.40058629654684996,0.4190166581482327,0.44539155803483893,0.32694149371926834,0.3809369153632667,0.0,0.3299557169665469,0.43174616977352265,0.0,0.25685286228316756,0.4105036816529859,0.37806714389954016,0.3844911234922629,0.0,0.425519039793586,0.3564465277442959,0.38003946950160755,0.4087246546616397,0.3355060221877321,0.37043398128059457,0.0,0.4233316475223819,0.3892839606036474,0.40465235056555654,0.0,0.3788126046762835,0.4043924545640449,0.36774371211705253,0.3733986088885377,0.41804739682198283,0.4173379724300247,0.0,0.3547856940494737,0.42646884531835366,0.44995301779881774,0.45697892012014085,0.4806583703304574,0.0,0.0,0.3989545673830899,0.447630348904466,0.49308629291102846,0.0,0.0,0.0,0.41125784269528026,0.3239372739374377,0.0,0.0,0.5144048095358453,0.0,0.5064212364127628,0.345172933174241,0.0,0.47489151823211434,0.4875926337178456,0.5050570726216157,0.4795013885774491,0.0,0.462151846246578,0.39806238748380124,0.4807469872654079,0.42945222561689783,0.48543068802617745,0.4851453480443404,0.4864448491661233,0.43578280607667685,0.40100234020184394,0.44651155340810855,0.0,0.46500861202371724
0.3138457698941315,0.4142253116233239,0.3316026380051133,0.3731353610558499,0.3707959845566174,0.34446926145052414,0.3954950605234992,0.3883829351999125,0.3446353438150811,0.41214396673425524,0.38826827794882657,0.37147130859004235,0.4034659414922971,0.38300814584109427,0.4049359298036942,0.41390606204113173,0.0,0.39574227605514295,0.40183999899832773,0.3345277147835987,0.39157701873793865,0.396593089599085,0.3327511273601161,0.2792370364505529,0.39717055023056275,0.4233316475223819,0.0,0.40319274979704767,0.3468081605273896,0.399509345220944,0.3837401490370146,0.3885730106184387,0.3596021759969918,0.41196817295123034,0.4345902640201094,0.35608279216684957,0.4103964328350727,0.3587138525184472,0.3954010657691682,0.37858781198164504,0.40768251674807,0.40283748415644516,0.44093701273251396,0.30463328881690993,0.0,0.31639361783274617,0.3845265775219129,0.5134616170581734,0.0,0.4810930776758068,0.45085674141783866,0.44417535096320165,0.43925795861225103,0.5078993320366075,0.0,0.4435205360207243,0.0,0.366181017150002,0.0,0.44099759748038525,0.3079755106749026,0.0,0.31541812156748894,0.4912028021908306,0.41973693750112945,0.41185325550343704,0.41318948886605816,0.45485594200089935,0.0,0.27643741502132674,0.45670907586898596,0.4514418095804136,0.3624917314007012,0.41673978673308026,0.4071471943908109,0.4150658010400756
0.35660057643497667,0.4342714501221913,0.4306995405263543,0.25821870222010535,0.37182581634263634,0.3701056052050145,0.38272827237802315,0.40211325380924684,0.45237681406680597,0.4224127601510754,0.4698771405530833,0.44039415068965104,0.3289887371442117,0.17505061687812407,0.3833242491465326,0.44291116099852035,0.4155565356387823,0.41932646527102646,0.4629667984301787,0.3863568725069599,0.37498922200652074,0.42619856165760045,0.39495612564248944,0.4283201281624306,0.411317371477796,0.3892839606036474,0.40319274979704767,0.0,0.3240746104591839,0.3254155879470603,0.3678315494898885,0.3873666077435838,0.3469355529860947,0.3757143028256706,0.3620446021132204,0.28460320790436466,0.2942767163143851,0.37417600269355045,0.35779685775922904,0.4420684952502104,0.4067682180508353,0.3728456442936918,0.0,0.0,0.0,0.0,0.33992052697010455,0.0,0.0,0.0,0.4084986751534326,0.33770566589662726,0.42243146877853194,0.33541836985009,0.41527509625431924,0.35656251970051317,0.3879227226730714,0.3418157922562501,0.0,0.4134257906088059,0.3122933347866811,0.0,0.3128723391774501,0.0,0.4311801625968601,0.42826877465031676,0.36971604938256647,0.45583289178555497,0.0,0.3523344044287041,0.39585465099667405,0.44999065985618525,0.368351305066809,0.40630275490632095,0.34217326748998217,0.36182066413592706
0.37711843109867227,0.42684474708471376,0.0,0.36543218663145166,0.4135916135983653,0.32507149235338356,0.41686501221219147,0.3738748679205691,0.4119211278860814,0.3850027068312754,0.0,0.3161842252278017,0.3920792353936129,0.0,0.394096611302355,0.45463636161404564,0.3814171515812056,0.44188472566065473,0.0,0.32653908708624235,0.3753785577385624,0.40922303038951413,0.37472392469744137,0.31361227398474784,0.41584014328721436,0.40465235056555654,0.3468081605273896,0.3240746104591839,0.0,0.35548271043144536,0.37288156152390783,0.40021386038912543,0.36113944566595524,0.41300986004503415,0.45381789157109265,0.43134394591467645,0.41739202500969474,0.3470793812545232,0.396593519997519,0.3963209918197543,0.3963032749776643,0.43050541554133404,0.3603446289986857,0.30046455492356655,0.0,0.0,0.4192793352495482,0.0,0.0,0.0,0.40469083380565984,0.3298776197857938,0.44174751098749365,0.31539563405941434,0.0,0.0,0.0,0.3565506589480736,0.0,0.449368937676517,0.3250654461415951,0.0,0.3190707306425182,0.0,0.42318221588298416,0.4288572781228918,0.4588331558160806,0.43905974600873515,0.0,0.3129599259222751,0.42626302105072444,0.4379006897368801,0.36601377327615237,0.42481048783238673,0.37875543957675634,0.39303143933683726
0.0,0.0,0.0,0.0,0.0,0.4089042518298008,0.43795203578971065,0.41065357045198336,0.399383396648712,0.0,0.0,0.0,0.402766052086177,0.0,0.0,0.3837847276079811,0.0,0.3671125501737119,0.0,0.3447465391503558,0.38611041242001326,0.4026290141119617,0.3941581713190438,0.0,0.0,0.0,0.399509345220944,0.3254155879470603,0.35548271043144536,0.0,0.3253453315045933,0.40956557536023763,0.3278460401025376,0.38512117945855917,0.41462305654411835,0.0,0.0,0.0,0.0,0.0,0.0,0.0,0.0,0.0,0.0,0.0,0.0,0.0,0.0,0.0,0.0,0.0,0.0,0.0,0.0,0.0,0.0,0.0,0.0,0.0,0.0,0.0,0.0,0.0,0.41592840451527247,0.0,0.0,0.453136640865391,0.0,0.0,0.0,0.0,0.0,0.39967198625747846,0.0,0.0
0.354174959418634,0.37008462090350713,0.45092757450604865,0.36648783931449974,0.45702411758905287,0.42661189944856415,0.42032912349202034,0.41509206801974097,0.4709739832751036,0.33694239399030573,0.4892051008630392,0.37147808020422735,0.4005606533796658,0.0,0.39897839418888165,0.38657556253413783,0.36358636813280015,0.379669312790227,0.4818377558344488,0.3752643294168209,0.3559338858674761,0.38194316257799044,0.40975345002337454,0.3741837283596911,0.37517174876078174,0.3788126046762835,0.3837401490370146,0.3678315494898885,0.37288156152390783,0.3253453315045933,0.0,0.40137010374512716,0.3138368175645591,0.2727994271686392,0.25671802735957816,0.4363561958355369,0.3537627994082315,0.30877392177899343,0.3999081127260022,0.3927482409508158,0.39809834598400484,0.0,0.0,0.0,0.3639917127337905,0.4235649697563719,0.4616819495956093,0.0,0.0,0.0,0.4067499200102547,0.0,0.0,0.35430995165707496,0.4486764916529139,0.3654907462899742,0.45012492206813415,0.3385790433404683,0.0,0.4736393993952857,0.4501865823973536,0.4583249715662949,0.45952957000341166,0.0,0.4581420264166763,0.3952005232175407,0.4629051258095158,0.4819836548429951,0.4304043782337841,0.4668734037160496,0.46866546142432647,0.46723007704282754,0.37520884816534844,0.4058473123114097,0.0,0.404294409024246
0.4035376235576323,0.4173653526578564,0.3982483371820963,0.3002964378341446,0.36857350707369047,0.3878688477754375,0.3915602567056679,0.35466037507017095,0.4165559504353427,0.3770254401166811,0.36671858197798635,0.4389325632053105,0.4064152433586499,0.2437698699783657,0.40214621879034973,0.4418390756689896,0.41731471282697047,0.43278225444866114,0.411258796268131,0.41258171564325025,0.37258338958399084,0.4134744613800346,0.3730467729011731,0.379673102666033,0.4083843800801371,0.4043924545640449,0.3885730106184387,0.3873666077435838,0.40021386038912543,0.40956557536023763,0.40137010374512716,0.0,0.3409536781538497,0.3707407808569924,0.35611010208449945,0.2632491659857957,0.29953308750471264,0.28351405071311964,0.2552495916439485,0.31651087805675265,0.35076057700603397,0.3205873662429944,0.26596831787535924,0.2953217703152263,0.25639865839201614,0.40011449205640554,0.441227694841792,0.42409465774556543,0.0,0.0,0.44310379993520876,0.36733334180119653,0.44932497151250234,0.3766855816946061,0.43994311223233573,0.37044561354644223,0.4418415087030164,0.4010848335860921,0.0,0.47495122621516855,0.4021875516641929,0.42122478491103865,0.4210427875156202,0.0,0.442183354918111,0.42007192446196384,0.43914488146773856,0.45592071908894033,0.0,0.43441425581944176,0.4381023023264244,0.4539407928843188,0.3320564276525013,0.4334288124795387,0.4698119459197989,0.405957892007614
0.3567328265904382,0.381163179617716,0.0,0.2652935543897012,0.3780566131717572,0.3621670436472063,0.37075191627478815,0.0,0.3957099947512845,0.30970835888049236,0.409505593310721,0.31431726832121565,0.40113919812581145,0.0,0.3915354509139444,0.3924570771737121,0.33837605887396993,0.36301863138069296,0.39339620161421673,0.38236101651240434,0.33861138674117774,0.3902865002588505,0.3493697892712221,0.29730062114517586,0.336861222512815,0.36774371211705253,0.3596021759969918,0.3469355529860947,0.36113944566595524,0.3278460401025376,0.3138368175645591,0.3409536781538497,0.0,0.2651076300259407,0.39327250757166976,0.3828512063605414,0.30801871107498635,0.20011608374942597,0.2936177464321649,0.30320399161110473,0.3427607814896027,0.4706402990401854,0.0,0.0,0.261226803411007,0.43814877952207243,0.47318601362621476,0.0,0.0,0.0,0.4364708656533872,0.0,0.0,0.0,0.39487124609544433,0.0,0.4020933378503794,0.3508094647918145,0.0,0.49418736245810535,0.4554395553228913,0.43965732977706395,0.4718488595738901,0.0,0.4656632714974404,0.38277448037798123,0.48214944551894323,0.4541714498995252,0.33204030286305025,0.45595404596376204,0.47007665277468513,0.44304346823892604,0.0,0.4121516879371395,0.0,0.39904081248166867
0.33969466477093363,0.373878866050148,0.44742722964353854,0.3039828705766857,0.4384544470190958,0.4290695764914957,0.3955975049621619,0.4187388563052655,0.4653060623187123,0.33813430503482,0.474497348223913,0.31473466404081496,0.4090678212517279,0.0,0.4105611952626718,0.3857684712584768,0.36218209098171816,0.3724442427017047,0.4658180834460008,0.41226415528655225,0.3565789401113952,0.39489628440665375,0.41404819223257605,0.28974505867559647,0.35863869521587616,0.3733986088885377,0.41196817295123034,0.3757143028256706,0.41300986004503415,0.38512117945855917,0.2727994271686392,0.3707407808569924,0.2651076300259407,0.0,0.2974316094295129,0.3568836788222919,0.3258341626704542,0.23365395609466677,0.3170267228824899,0.3042895785129437,0.36581536549139676,0.3506769233101135,0.0,0.33064546744712897,0.27783696133136154,0.425116180768682,0.475058255250117,0.0,0.0,0.0,0.42479423494632207,0.35298345998969255,0.0,0.334027106302969,0.3944261090657404,0.3814397391689891,0.4122829674371136,0.37370761261333274,0.0,0.4836038523640162,0.45685150034348476,0.4408161962480287,0.4488300616712991,0.0,0.4694227193657599,0.38246797984214764,0.47616340797076523,0.48378568973102615,0.3599724576609698,0.45995322324292054,0.47145606398768947,0.47362760619910466,0.43056338973673136,0.45366515217259773,0.0,0.3739891697877571
0.41461282255235926,0.4485471451086328,0.4608136243276148,0.30142652024573824,0.43010201844344814,0.44784516346167264,0.38760835968529994,0.4219852050752806,0.4671035387560841,0.3363820329775185,0.4484830912026528,0.34120649494645855,0.4120405016350002,0.0,0.45303071817628005,0.4601600147384231,0.37917954815237603,0.4132504424430815,0.4586086727646813,0.45675858752215215,0.43434176374180233,0.44990924704106783,0.4085108759365877,0.30978736260976447,0.39955990014766374,0.41804739682198283,0.4345902640201094,0.3620446021132204,0.45381789157109265,0.41462305654411835,0.25671802735957816,0.35611010208449945,0.39327250757166976,0.2974316094295129,0.0,0.43060903925394056,0.319375197701462,0.2731068729652218,0.3088141950620726,0.292455107152571,0.49141606895639695,0.3638701620612688,0.2858992771596613,0.3100174817336085,0.0,0.0,0.4934467780865522,0.0,0.0,0.0,0.42099355803649735,0.0,0.0,0.0,0.45121158530866423,0.3848029129261898,0.0,0.0,0.0,0.5123098295658552,0.475659035605039,0.0,0.46283826925145155,0.0,0.46699051412028714,0.4898836357957882,0.5048654022047688,0.47057856882804294,0.0,0.4728414958548706,0.49551364382066776,0.47002891766961524,0.27710710879694583,0.4403884581552997,0.0,0.0
0.0,0.0,0.37911434457672316,0.19107300400888647,0.22229934381139618,0.38595746877319187,0.27014023336423876,0.2191481321623602,0.408708266735091,0.24576059162283273,0.30703419530083853,0.0,0.34735515534752903,0.2263095414687363,0.49201472229889814,0.0,0.0,0.0,0.37822129991774767,0.47485732368647626,0.0,0.49175016152834533,0.3345787569116687,0.0,0.0,0.4173379724300247,0.35608279216684957,0.28460320790436466,0.43134394591467645,0.0,0.4363561958355369,0.2632491659857957,0.3828512063605414,0.3568836788222919,0.43060903925394056,0.0,0.19546033116988437,0.3197716556572443,0.24529299056159576,0.0,0.0,0.3430297740323516,0.0,0.2605058954035252,0.0,0.0,0.0,0.4581435240167987,0.0,0.0,0.42667594370503614,0.36582221405833293,0.0,0.0,0.0,0.3693799576558299,0.0,0.3539123655980209,0.0,0.2861268527074001,0.0,0.0,0.0,0.5331300102748753,0.0,0.0,0.5266169487920483,0.41361997654186566,0.0,0.0,0.317020228946586,0.3745949992528136,0.0,0.0,0.0,0.0
