0.0,0.39830826314943973,0.0,0.0,0.0,0.2971899649040455,0.0,0.48890852853583877,0.0,0.37547510998057954,0.0,0.0,0.32875001968124923,0.0,0.364088139564245,0.38249839127686075,0.0,0.3347002514588489,0.0,0.39424856844007417,0.4081470226838832,0.4180507000076961,0.44719383964700476,0.38207850453983705,0.3240167742315716,0.3104283170287987,0.4598556261152124,0.36790979882640873,0.3995663500988102,0.0,0.35934723899320725,0.48380062272852975,0.3621359535382552,0.37548301603795176,0.4496269138519707,0.0,0.0,0.39494085913941623,0.4832173751993972,0.3620951524956788,0.4192981517497214,0.0,0.0,0.0,0.0,0.3574251514970862,0.4667867284264177,0.0,0.0,0.0,0.0,0.0,0.0,0.0,0.36741507552545927,0.0,0.0,0.0,0.0,0.0,0.3965454628999681,0.0,0.34161502142719846,0.0,0.0,0.0,0.45888791166454584,0.0,0.0,0.36063138332404554,0.4044726517384575,0.0,0.0,0.37015299579512384,0.0,0.33303752704260026
0.39830826314943973,0.0,0.32377105621175784,0.0,0.0,0.38472266364733543,0.3554288555378047,0.38712209762610866,0.3372041920082627,0.0,0.0,0.0,0.4016759673327473,0.0,0.39535069289529423,0.3782954087869444,0.0,0.33359986566103417,0.0,0.40117295054846186,0.36713822601558577,0.34584522719971916,0.41342209101788424,0.0,0.338487350067169,0.3817435134330357,0.42308633351560193,0.4186255875313286,0.39023571499068405,0.0,0.35072262264455545,0.4689220456051601,0.3680344560903771,0.37445840153896665,0.4404558049919287,0.0,0.0,0.0,0.48578096906834434,0.4313296193904143,0.4510277220601662,0.5013555541039412,0.0,0.0,0.0,0.45936298937081577,0.47141959181867726,0.0,0.0,0.0,0.0,0.0,0.0,0.0,0.0,0.0,0.0,0.0,0.0,0.0,0.4472299744150225,0.0,0.33266349349655316,0.0,0.4411111911602314,0.4433874513573742,0.4678724917104988,0.3844476453099341,0.0,0.3686349939861293,0.46818229183823606,0.3974033899157512,0.0,0.4158982944350183,0.0,0.4233569053614097
0.0,0.32377105621175784,0.0,0.4151171066651956,0.33497500240315664,0.35218477936799636,0.3823506089409896,0.4123675349168982,0.2452393026846973,0.3597020973885014,0.23106167358705498,0.27583639031503937,0.40732897593321643,0.41300822940416015,0.0,0.0,0.0,0.0,0.2421308376045307,0.35792699712249204,0.0,0.38205074170837905,0.2957481169234488,0.0,0.0,0.0,0.3128765925412992,0.44906094297822025,0.0,0.4360698586848571,0.4598544399271023,0.4592992864204267,0.0,0.4565504125816509,0.4336125979828409,0.45145236293325636,0.42591724445887397,0.0,0.4864645069638313,0.0,0.0,0.0,0.0,0.0,0.0,0.0,0.0,0.29703311808373045,0.0,0.4244994540281009,0.5196925077058833,0.4467472878882091,0.5069938650323415,0.5319668317870906,0.0,0.3976664833566309,0.0,0.4324259157119886,0.47151978845393466,0.0,0.0,0.0,0.0,0.21860011962714468,0.0,0.0,0.0,0.5244672282033046,0.0,0.0,0.0,0.526486874576189,0.39579839407588363,0.0,0.0,0.0
0.0,0.0,0.4151171066651956,0.0,0.22012189525522985,0.40936511848563045,0.3212202721487623,0.4278912237569178,0.38503954715136546,0.1536829967340805,0.3693768737551822,0.0,0.27288037270116716,0.21189010542156866,0.0,0.0,0.0,0.0,0.3539293184244465,0.4645017932284832,0.0,0.5110430585111398,0.44958344660743343,0.0,0.0,0.0,0.48982576455313365,0.20886407833623424,0.0,0.0,0.0,0.2648693067954011,0.0,0.1933752555387544,0.24866355465856654,0.16360729607807817,0.17199593640545552,0.0,0.0,0.0,0.0,0.0,0.0,0.0,0.0,0.0,0.0,0.0,0.0,0.0,0.0,0.0,0.0,0.0,0.0,0.0,0.0,0.0,0.0,0.0,0.0,0.0,0.0,0.0,0.0,0.0,0.0,0.0,0.0,0.0,0.0,0.0,0.0,0.0,0.0,0.0
0.0,0.0,0.33497500240315664,0.22012189525522985,0.0,0.3403988289237948,0.2746616751604411,0.0,0.30452713609023085,0.3058931519604674,0.31049627491560317,0.27688421465794033,0.328410737877168,0.2735393316964949,0.0,0.0,0.0,0.0,0.3497178177743651,0.0,0.0,0.0,0.37005078922552026,0.38122706871140977,0.0,0.0,0.37232990138844824,0.3527062451098662,0.0,0.0,0.43133777730112566,0.3849883923966853,0.27431437674713094,0.3911037778167957,0.3706119475179867,0.2279378650788346,0.21598884713263466,0.29349482411608513,0.0,0.0,0.0,0.0,0.27221810455816303,0.0,0.0,0.0,0.0,0.0,0.0,0.0,0.0,0.0,0.0,0.43420148140612747,0.0,0.0,0.0,0.0,0.0,0.0,0.0,0.0,0.0,0.0,0.0,0.0,0.0,0.0,0.0,0.0,0.0,0.0,0.0,0.0,0.0,0.0
0.2971899649040455,0.38472266364733543,0.35218477936799636,0.40936511848563045,0.3403988289237948,0.0,0.33910388691392696,0.45641254062978537,0.31999670717931755,0.4461981789009217,0.3459445575559614,0.3603795649343212,0.34744641038342317,0.45098464457839854,0.38524473944245086,0.4168902378583336,0.2812839094734567,0.3747287404730953,0.29063720965416473,0.38175712507442067,0.40585004256017243,0.39892023513325364,0.3657792250827238,0.332625762560695,0.3890816475897352,0.3971883198523585,0.3637635803184926,0.3539465235629518,0.3142391664612487,0.4367463190849377,0.4435780404920945,0.47113989797362443,0.39710590689766284,0.4689329077006518,0.4719879968310325,0.47655466852787953,0.4549630081723711,0.3566971391879898,0.5174925547833257,0.0,0.5576889329925917,0.0,0.39934185437522346,0.3230753483698709,0.0,0.0,0.0,0.5621494534668804,0.0,0.5806921116741929,0.5290332657891631,0.5622385666861376,0.540512733383962,0.5348956633441588,0.0,0.4493155372527489,0.0,0.5543879818395332,0.44637205596748086,0.0,0.0,0.0,0.0,0.5156337629270323,0.0,0.0,0.31726008219646107,0.5527253806810919,0.0,0.0,0.0,0.5386206587513016,0.544505393620439,0.0,0.0,0.5408804391108791
0.0,0.3554288555378047,0.3823506089409896,0.3212202721487623,0.2746616751604411,0.33910388691392696,0.0,0.4423124090853161,0.32614737107937664,0.35387437991555276,0.4081008346469737,0.4132209274652924,0.26553713422497366,0.36804791195694436,0.0,0.40431131280493293,0.0,0.0,0.4064545854189263,0.4107212285703834,0.0,0.4180372230563796,0.4212587885692709,0.0,0.42823398497758686,0.40014816489703314,0.37272741455006153,0.3530463743486056,0.39140505966073347,0.0,0.4103357334987764,0.37915162949763953,0.0,0.3870923057016722,0.36988144908273174,0.3706287616008807,0.31315044139072573,0.3841944917503981,0.4061251898329128,0.0,0.3709292899167458,0.0,0.0,0.0,0.0,0.0,0.0,0.41316436087800607,0.0,0.3590583895535614,0.4607319659628346,0.36001303660170686,0.0,0.36938290649875105,0.0,0.0,0.0,0.32142239574906517,0.0,0.0,0.0,0.0,0.0,0.0,0.0,0.0,0.0,0.5058599225605639,0.0,0.0,0.0,0.4582911777594889,0.3314636554247447,0.0,0.0,0.3502656507060955
0.48890852853583877,0.38712209762610866,0.4123675349168982,0.4278912237569178,0.0,0.45641254062978537,0.4423124090853161,0.0,0.4640548209632964,0.4099558943080095,0.256456325732394,0.3956407158422981,0.46355726993384766,0.3446251813731641,0.0,0.42825677172798643,0.35027707347361514,0.4199506691781652,0.32231185789274996,0.40722083927357355,0.3276698080662711,0.40439992827588583,0.37138071276179396,0.5025187425047226,0.43673398619291476,0.45956364790210014,0.45250407339673115,0.46736035638284484,0.40220634609879147,0.46221045600571276,0.48625851718014684,0.43490440111681106,0.0,0.49946039202936776,0.5026271598495038,0.24039863513508683,0.46582272915864276,0.0,0.4876934117488341,0.0,0.5274340952073739,0.0,0.0,0.0,0.0,0.0,0.0,0.5414448994666469,0.0,0.0,0.4783934662343584,0.0,0.35866771676371334,0.49948568644118513,0.0,0.38776017313823324,0.0,0.48136869166116597,0.0,0.40937448992808345,0.0,0.0,0.0,0.45153408304822623,0.0,0.3344524995406766,0.4337108825823552,0.44432810723694105,0.0,0.0,0.0,0.45372677892707125,0.517189633994923,0.44562640523435737,0.0,0.5209303988212762
0.0,0.3372041920082627,0.2452393026846973,0.38503954715136546,0.30452713609023085,0.31999670717931755,0.32614737107937664,0.4640548209632964,0.0,0.4154420476744695,0.2608462283485173,0.337063773834735,0.3787450763916742,0.45233936146080317,0.0,0.0,0.2895365619075505,0.2921959448653487,0.2637757933791854,0.0,0.0,0.3754001400829023,0.3542911902727228,0.34009685779268617,0.42497086934713957,0.3587291712132532,0.3201082869427509,0.4336493551129128,0.0,0.4218116713125953,0.4478344314149612,0.42399600959059003,0.3713730349863249,0.4424363219115832,0.42795580413973117,0.44783510288003686,0.4242954849520102,0.3149525965619478,0.5002375430098351,0.0,0.3571432226204617,0.0,0.4342618366976561,0.0,0.0,0.0,0.0,0.5140921922175723,0.0,0.43680830819878413,0.5116602032275026,0.4183287600429038,0.5188943976985936,0.47813590195107314,0.0,0.4786890091699948,0.0,0.40563601205102306,0.47685303107558163,0.0,0.0,0.0,0.0,0.5023012468555165,0.0,0.0,0.0,0.5303505016848153,0.0,0.0,0.0,0.5328252527452592,0.4134473275165078,0.0,0.0,0.37595638091317357
0.37547510998057954,0.0,0.3597020973885014,0.1536829967340805,0.3058931519604674,0.4461981789009217,0.35387437991555276,0.4099558943080095,0.4154420476744695,0.0,0.3988855908023428,0.28293686240015437,0.38703283982432596,0.38306633723132577,0.0,0.32012409451325685,0.3267091269185008,0.35660840471863553,0.4091835530311528,0.27243927055984185,0.0,0.33221298662058174,0.450367640004313,0.33832702054179165,0.35512000654632225,0.319895319155406,0.4452567744080286,0.3867178581631532,0.0,0.0,0.327256420179395,0.3491411613858057,0.3231638529787034,0.33552461973024134,0.322407686029702,0.23582501434949832,0.23727690646706814,0.2721859915849284,0.3096713804241756,0.3191276287825613,0.3382474996221514,0.401506344542899,0.0,0.0,0.3310367342289156,0.0,0.0,0.0,0.0,0.0,0.0,0.0,0.0,0.0,0.356709366819749,0.0,0.3525667001000348,0.34330922353650783,0.0,0.0,0.0,0.37262643806258905,0.37526516402317767,0.0,0.0,0.0,0.0,0.31648688192197016,0.31178485461729766,0.3881916249195738,0.36756587370073146,0.33193170277889283,0.3739267501950666,0.0,0.0,0.3757697619791598
0.0,0.0,0.23106167358705498,0.3693768737551822,0.31049627491560317,0.3459445575559614,0.4081008346469737,0.256456325732394,0.2608462283485173,0.3988855908023428,0.0,0.3444209225433247,0.41405777175771924,0.3056327555364332,0.0,0.0,0.3274597600505704,0.30664570653713397,0.24489117268667893,0.0,0.0,0.0,0.2646284457159434,0.35577484823809813,0.33076279572043643,0.2615200057797427,0.33841754522579526,0.410301934956683,0.0,0.0,0.44960218903036603,0.41132910229268216,0.34034687216927517,0.4259618901865599,0.4107891127502531,0.26958490656858963,0.3766044225032341,0.3365232323134828,0.40775546729874185,0.0,0.3227530431118955,0.3036574870293051,0.31057342086424694,0.29512210666520755,0.0,0.0,0.0,0.3146897770055639,0.0,0.29269666440371955,0.0,0.38172871757712756,0.3574842693929961,0.3406210977554582,0.3074693783799363,0.27792935847071754,0.33651066282251585,0.36045257425879923,0.3832330942841209,0.0,0.0,0.0,0.0,0.21473085810720233,0.0,0.0,0.0,0.3602213559828382,0.0,0.0,0.3139893430249074,0.0,0.3080630987752667,0.0,0.0,0.3235394426549548
0.0,0.0,0.27583639031503937,0.0,0.27688421465794033,0.3603795649343212,0.4132209274652924,0.3956407158422981,0.337063773834735,0.28293686240015437,0.3444209225433247,0.0,0.29226645301851273,0.22700821693586815,0.0,0.0,0.3533084493895319,0.31167325744801466,0.30146438038299217,0.0,0.41092899482443485,0.0,0.35282419271961,0.28134525061598287,0.33894191582794475,0.26389873157867827,0.3380076151282093,0.3459079303370178,0.0,0.0,0.36728009465376454,0.2778811326086563,0.2376550684075055,0.24134475754421764,0.30548715549571726,0.24190778292866175,0.26899034298118535,0.22208857753948752,0.26744528563496217,0.31376819390593713,0.3364833981711085,0.0,0.0,0.0,0.30687590196263265,0.0,0.0,0.0,0.0,0.0,0.0,0.0,0.0,0.0,0.35137474463939655,0.0,0.3580024824604364,0.33180979193746396,0.0,0.0,0.0,0.3346736504069181,0.37601472231965477,0.0,0.0,0.0,0.0,0.0,0.30983564174573214,0.37950980973006704,0.35751726321691235,0.0,0.350177913816176,0.0,0.0,0.3391797528994964
0.32875001968124923,0.4016759673327473,0.40732897593321643,0.27288037270116716,0.328410737877168,0.34744641038342317,0.26553713422497366,0.46355726993384766,0.3787450763916742,0.38703283982432596,0.41405777175771924,0.29226645301851273,0.0,0.3560962745309571,0.4177683632516342,0.44125317245890433,0.3576232534757076,0.3832490590399104,0.41691848988029695,0.4189375274426445,0.42139479748428604,0.42555860997373957,0.4518593963509196,0.3551063372436461,0.4203602367276645,0.41279499921797463,0.4303641800041884,0.31166999141703583,0.38881573671000635,0.38399180578351655,0.3793991423795361,0.3733302883194247,0.293211016392339,0.3807358233566804,0.35046000813912337,0.3064462277500801,0.29587297534756507,0.30382044556068566,0.5688737634586871,0.0,0.4862414090998699,0.42051376106315885,0.3952312038521117,0.3663495328650931,0.0,0.0,0.0,0.43850013721982434,0.0,0.34800080169766506,0.5155280206155461,0.3755608879814253,0.4776681496098794,0.3565117280660584,0.34261213523693623,0.3698936948020085,0.0,0.4017259429943963,0.0,0.0,0.0,0.0,0.0,0.3869806908330446,0.0,0.0,0.25807253712916917,0.5147521057486252,0.0,0.0,0.0,0.4962207281415852,0.48443072388540503,0.4504953538107918,0.37115948183272807,0.3859789275627031
0.0,0.0,0.41300822940416015,0.21189010542156866,0.2735393316964949,0.45098464457839854,0.36804791195694436,0.3446251813731641,0.45233936146080317,0.38306633723132577,0.3056327555364332,0.22700821693586815,0.3560962745309571,0.0,0.0,0.0,0.0,0.0,0.3493817028884835,0.0,0.0,0.0,0.40390785140982405,0.0,0.0,0.0,0.4459035284096157,0.3385540401346972,0.0,0.0,0.42784673176386323,0.22790104769588748,0.0,0.3790710893225827,0.3923329566189283,0.19376218895570996,0.17575778274909523,0.0,0.0,0.0,0.0,0.0,0.0,0.0,0.0,0.0,0.0,0.0,0.0,0.0,0.0,0.0,0.0,0.0,0.0,0.0,0.0,0.0,0.0,0.0,0.0,0.0,0.0,0.0,0.0,0.0,0.0,0.0,0.0,0.0,0.0,0.0,0.0,0.0,0.0,0.0
0.364088139564245,0.39535069289529423,0.0,0.0,0.0,0.38524473944245086,0.0,0.0,0.0,0.0,0.0,0.0,0.4177683632516342,0.0,0.0,0.41363678473271703,0.0,0.39233641336993824,0.0,0.2913264266233751,0.337446951217254,0.31979107279887037,0.3582656764911678,0.44320312875761253,0.3694991370899628,0.36421424287051696,0.36710895140939404,0.4682109022452537,0.40773054862112895,0.0,0.4169875891749249,0.5000130667129317,0.3917253349476479,0.4454480389478782,0.48556231361416496,0.5571985447059957,0.0,0.0,0.49674700923919446,0.0,0.41655078313462524,0.0,0.0,0.0,0.0,0.0,0.0,0.0,0.0,0.0,0.0,0.0,0.0,0.0,0.0,0.0,0.0,0.0,0.0,0.456008047868437,0.0,0.0,0.0,0.0,0.47683370145590975,0.4064112095145028,0.4597578606879914,0.4609054780540629,0.0,0.0,0.3375207289313247,0.4718541368009852,0.0,0.45815108725640386,0.0,0.4866480822910073
0.38249839127686075,0.3782954087869444,0.0,0.0,0.0,0.4168902378583336,0.40431131280493293,0.42825677172798643,0.0,0.32012409451325685,0.0,0.0,0.44125317245890433,0.0,0.41363678473271703,0.0,0.3260348785682354,0.28650206046355664,0.0,0.41848464633640553,0.3943466126453384,0.37490529871294354,0.4198599944867518,0.3478755726379848,0.3171677209544166,0.3945450249747273,0.43460218882014945,0.4380816196221446,0.41752676189132804,0.4163607405106116,0.3003857513967495,0.46606705550396493,0.38238487464837767,0.35444314417094425,0.4320455409956646,0.0,0.0,0.0,0.46865481935458825,0.4143822312724225,0.43793581033860585,0.47407962908619455,0.0,0.0,0.0,0.4432504371730593,0.47981140496957686,0.0,0.0,0.0,0.27544946877228244,0.0,0.0,0.0,0.32434737236263844,0.0,0.31344899306600277,0.0,0.0,0.40469066740951276,0.4403906904822797,0.30591038688748295,0.35386118535029437,0.0,0.39763117388113756,0.4270081329615359,0.46006297715432015,0.3117385027750413,0.4226485013259376,0.38110179069435096,0.4403771780978426,0.33351108852817357,0.0,0.3333753520141078,0.0,0.39038113978502204
0.0,0.0,0.0,0.0,0.0,0.2812839094734567,0.0,0.35027707347361514,0.2895365619075505,0.3267091269185008,0.3274597600505704,0.3533084493895319,0.3576232534757076,0.0,0.0,0.3260348785682354,0.0,0.32321343288382076,0.2881426769805613,0.37607633041478483,0.0,0.0,0.0,0.3691556356390485,0.32013768358440536,0.3444261656211053,0.3335235891559096,0.3684783488949148,0.0,0.0,0.3376119565588808,0.4625605216053693,0.35739766754212565,0.3713188914955867,0.40968206396166507,0.0,0.0,0.3219706383057533,0.0,0.3785115966396611,0.344091387516532,0.0,0.0,0.0,0.0,0.0,0.0,0.0,0.0,0.0,0.0,0.0,0.0,0.0,0.3949907621762372,0.0,0.34480146726912614,0.0,0.0,0.0,0.0,0.3758455512338188,0.36925781070170166,0.0,0.0,0.0,0.0,0.0,0.40578752721758504,0.40285140983897194,0.41713898269842525,0.0,0.0,0.0,0.0,0.3453027088790842
0.3347002514588489,0.33359986566103417,0.0,0.0,0.0,0.3747287404730953,0.0,0.4199506691781652,0.2921959448653487,0.35660840471863553,0.30664570653713397,0.31167325744801466,0.3832490590399104,0.0,0.39233641336993824,0.28650206046355664,0.32321343288382076,0.0,0.0,0.4138556017549124,0.36340965730056385,0.38941138255279917,0.3877617694749187,0.3655309153706396,0.3151837364161743,0.32374926128883297,0.40072372394861105,0.41036361024602347,0.4038532010515794,0.3592007095653176,0.3439076846893651,0.4761974912251453,0.34699566703695756,0.3731791655462264,0.42823811202972467,0.0,0.0,0.29864937492591104,0.4339785508051324,0.37694608333626756,0.4005913550049076,0.42616779794642623,0.0,0.0,0.0,0.3866267101722463,0.43096192876587075,0.0,0.0,0.0,0.0,0.0,0.0,0.0,0.41877113543477135,0.0,0.3922121239716575,0.0,0.0,0.0,0.3836657599371317,0.39488045902797575,0.38478661434304096,0.0,0.0,0.0,0.41296652221925145,0.0,0.4311583527750394,0.38803295265422755,0.4165583803022335,0.0,0.0,0.0,0.0,0.3727152437235279
0.0,0.0,0.2421308376045307,0.3539293184244465,0.3497178177743651,0.29063720965416473,0.4064545854189263,0.32231185789274996,0.2637757933791854,0.4091835530311528,0.24489117268667893,0.30146438038299217,0.41691848988029695,0.3493817028884835,0.0,0.0,0.2881426769805613,0.0,0.0,0.0,0.0,0.0,0.2690058475982286,0.31095378304666765,0.2892962664152048,0.0,0.33060415728229287,0.4323559921854706,0.0,0.0,0.4493886042966107,0.42354871000212996,0.3075095435198213,0.42569318808345175,0.4137353657509728,0.40565271078254744,0.38265216240786243,0.33642423708861274,0.5250585338654015,0.0,0.41365376622126127,0.0,0.4134116143494132,0.0,0.0,0.0,0.0,0.4526916309011546,0.0,0.4704944377662793,0.5164292263220281,0.42811270887135827,0.5166380296078233,0.5237413774547658,0.0,0.30712181494074364,0.0,0.38528040248306616,0.49911317498942587,0.0,0.0,0.0,0.0,0.5235831478908154,0.0,0.0,0.0,0.5127308862004589,0.0,0.0,0.0,0.5260421070823779,0.3747487132239444,0.0,0.0,0.3849807744761533
0.39424856844007417,0.40117295054846186,0.35792699712249204,0.4645017932284832,0.0,0.38175712507442067,0.4107212285703834,0.40722083927357355,0.0,0.27243927055984185,0.0,0.0,0.4189375274426445,0.0,0.2913264266233751,0.41848464633640553,0.37607633041478483,0.4138556017549124,0.0,0.0,0.3976328796372911,0.3576836778929345,0.2885710285570934,0.0,0.3971182063712746,0.41342796533410886,0.38222924119123036,0.40390074385316854,0.3431954469911785,0.4225083731330502,0.3936258692087779,0.5188210176763268,0.41884679289993876,0.46009331955966715,0.49309264228761956,0.5465350229844386,0.0,0.0,0.4825123230495384,0.32534737648169715,0.33219279242184174,0.0,0.3899938830578744,0.0,0.0,0.0,0.3499642596644376,0.0,0.0,0.0,0.0,0.0,0.4052240863977771,0.0,0.0,0.0,0.0,0.0,0.0,0.44148185636168036,0.0,0.0,0.0,0.0,0.458807792053136,0.33916943030107044,0.440821673439262,0.42978509570954226,0.0,0.2419264992255067,0.4046776958558164,0.46580053731766957,0.422480070930584,0.43862816104584346,0.0,0.37107858874107796
0.4081470226838832,0.36713822601558577,0.0,0.0,0.0,0.40585004256017243,0.0,0.3276698080662711,0.0,0.0,0.0,0.41092899482443485,0.42139479748428604,0.0,0.337446951217254,0.3943466126453384,0.0,0.36340965730056385,0.0,0.3976328796372911,0.0,0.38546975976373765,0.3631424559491891,0.4761945952280989,0.3358512080462279,0.3411530961868928,0.4254933820542761,0.4375275166554203,0.39809692382189155,0.3985448523360569,0.3928959371110978,0.49139976033146876,0.40218795965597465,0.4197301180011781,0.4843244225187278,0.5552517457782182,0.0,0.0,0.5046741488490233,0.3918530656426104,0.4482676262730442,0.5538742852103877,0.0,0.0,0.0,0.0,0.46548088068131843,0.0,0.0,0.0,0.0,0.0,0.26540063908107603,0.0,0.0,0.0,0.0,0.0,0.0,0.41740150636275664,0.4754795737097208,0.0,0.0,0.0,0.44284535010404563,0.39062502670229776,0.4729701198899091,0.3988588207299256,0.0,0.0,0.49036768801357444,0.4375072565626097,0.0,0.0,0.0,0.3601477169530679
0.4180507000076961,0.34584522719971916,0.38205074170837905,0.5110430585111398,0.0,0.39892023513325364,0.4180372230563796,0.40439992827588583,0.3754001400829023,0.33221298662058174,0.0,0.0,0.42555860997373957,0.0,0.31979107279887037,0.37490529871294354,0.0,0.38941138255279917,0.0,0.3576836778929345,0.38546975976373765,0.0,0.46054756834686994,0.31087876070946613,0.363349363673619,0.36665011374111284,0.44015380290180744,0.4320644793856582,0.3870020768366331,0.3814622093703464,0.3629084074881828,0.5197831655862304,0.45794536473730574,0.43697683839062595,0.4939763883931552,0.5851062268191981,0.0,0.0,0.47668073697292884,0.4168119175613261,0.4417229418175366,0.4934209082828221,0.0,0.0,0.0,0.4653955371297379,0.46066730428433117,0.0,0.0,0.0,0.0,0.0,0.0,0.0,0.0,0.0,0.0,0.0,0.0,0.4310043739680297,0.43577997079348346,0.0,0.0,0.0,0.4478398824886353,0.42517001085071715,0.450141050743589,0.44468684772239775,0.0,0.3566048616698071,0.46370016946490833,0.4319132168417455,0.3863202141097635,0.4526723768531081,0.0,0.3862281032331899
0.44719383964700476,0.41342209101788424,0.2957481169234488,0.44958344660743343,0.37005078922552026,0.3657792250827238,0.4212587885692709,0.37138071276179396,0.3542911902727228,0.450367640004313,0.2646284457159434,0.35282419271961,0.4518593963509196,0.40390785140982405,0.3582656764911678,0.4198599944867518,0.0,0.3877617694749187,0.2690058475982286,0.2885710285570934,0.3631424559491891,0.46054756834686994,0.0,0.4755794224698769,0.3776088982683337,0.4311998028248958,0.31145212263628047,0.45625135862273086,0.4210470159042766,0.4588266475915731,0.4816413131392531,0.4962018361851861,0.5342528550355488,0.5084073067715017,0.5564036530077173,0.5275129996425938,0.500783915324553,0.36792510428952097,0.5053710298635555,0.0,0.5213863103715807,0.5291771674296972,0.4212636354566311,0.4212015345151418,0.0,0.0,0.0,0.561214123121435,0.0,0.48154457206853735,0.5203610829912799,0.5353693552970508,0.52898477268167,0.5312981386965652,0.0,0.4500462328826682,0.0,0.5162676326062628,0.4732889702064389,0.44948420459369365,0.0,0.0,0.0,0.5148606875037647,0.4668804059492627,0.32133507524226756,0.4546081868511933,0.5188825363976841,0.0,0.0,0.439901842749762,0.47900854060588327,0.5050150965390084,0.47371961055121226,0.496294194972064,0.5219066345799518
0.38207850453983705,0.0,0.0,0.0,0.38122706871140977,0.332625762560695,0.0,0.5025187425047226,0.34009685779268617,0.33832702054179165,0.35577484823809813,0.28134525061598287,0.3551063372436461,0.0,0.44320312875761253,0.3478755726379848,0.3691556356390485,0.3655309153706396,0.31095378304666765,0.0,0.4761945952280989,0.31087876070946613,0.4755794224698769,0.0,0.33946472386026466,0.31176974362238846,0.6418376050252613,0.3875663380357776,0.3581143232374224,0.0,0.3598115343986715,0.4301888168625353,0.2604927542699943,0.280379714946944,0.3687533524839586,0.25093939910545393,0.27177120262234106,0.2627252995353051,0.4595198296992039,0.30353663256816943,0.35439405704444416,0.0,0.0,0.0,0.3138547742737213,0.4184409723110662,0.0,0.0,0.0,0.0,0.0,0.0,0.0,0.0,0.36949331909084376,0.0,0.35776238343440736,0.0,0.0,0.0,0.0,0.4110481659880074,0.40574994191276853,0.0,0.0,0.0,0.0,0.0,0.36446983523568516,0.4082759912289522,0.42042574399350957,0.0,0.0,0.0,0.0,0.3883351177897635
0.3240167742315716,0.338487350067169,0.0,0.0,0.0,0.3890816475897352,0.42823398497758686,0.43673398619291476,0.42497086934713957,0.35512000654632225,0.33076279572043643,0.33894191582794475,0.4203602367276645,0.0,0.3694991370899628,0.3171677209544166,0.32013768358440536,0.3151837364161743,0.2892962664152048,0.3971182063712746,0.3358512080462279,0.363349363673619,0.3776088982683337,0.33946472386026466,0.0,0.32277909322394116,0.4066626186806872,0.4248867065173797,0.3983624799447359,0.0,0.33833042678378444,0.4473816361320437,0.32374779475232485,0.3588123211540655,0.40026148581473625,0.0,0.0,0.3135647041696795,0.43742880952917285,0.37601371157419666,0.3961605438115039,0.43467205951130333,0.0,0.0,0.0,0.38339943865378356,0.4402803732097532,0.0,0.0,0.0,0.0,0.0,0.0,0.0,0.4157361751537325,0.0,0.4054318081219535,0.0,0.0,0.0,0.3878780281113837,0.4104654340384029,0.38694950913359916,0.0,0.3471466238820441,0.0,0.3981873003730894,0.0,0.42666098706149375,0.38742703051623223,0.41661328685106197,0.0,0.0,0.2888674410483476,0.0,0.38290588624946553
0.3104283170287987,0.3817435134330357,0.0,0.0,0.0,0.3971883198523585,0.40014816489703314,0.45956364790210014,0.3587291712132532,0.319895319155406,0.2615200057797427,0.26389873157867827,0.41279499921797463,0.0,0.36421424287051696,0.3945450249747273,0.3444261656211053,0.32374926128883297,0.0,0.41342796533410886,0.3411530961868928,0.36665011374111284,0.4311998028248958,0.31176974362238846,0.32277909322394116,0.0,0.4485565035841421,0.3874041112624244,0.40916212682801384,0.0,0.35107089148362114,0.4608770923855095,0.32794676270314777,0.3711094795646694,0.4189290719736775,0.5144024438249026,0.4730175551272725,0.31802085525642065,0.4390744335482437,0.3858132722448294,0.3965191940618533,0.46281310043600526,0.0,0.0,0.0,0.37807250887060473,0.4308574443136236,0.0,0.0,0.0,0.0,0.0,0.0,0.0,0.41034589251108367,0.0,0.3878891523217441,0.0,0.0,0.0,0.3829177705179819,0.4242269685373897,0.40259295299328685,0.0,0.0,0.0,0.4167133307728056,0.0,0.44339523412862203,0.40287562883039474,0.4294001157818708,0.0,0.0,0.28382755385990344,0.0,0.39334543887941886
0.4598556261152124,0.42308633351560193,0.3128765925412992,0.48982576455313365,0.37232990138844824,0.3637635803184926,0.37272741455006153,0.45250407339673115,0.3201082869427509,0.4452567744080286,0.33841754522579526,0.3380076151282093,0.4303641800041884,0.4459035284096157,0.36710895140939404,0.43460218882014945,0.3335235891559096,0.40072372394861105,0.33060415728229287,0.38222924119123036,0.4254933820542761,0.44015380290180744,0.31145212263628047,0.6418376050252613,0.4066626186806872,0.4485565035841421,0.0,0.4528473032815268,0.39125827732133583,0.46069581634273576,0.4791124354616589,0.5047247826792334,0.46960677330880796,0.5060682818485017,0.5234819440929874,0.5856176586244162,0.4851032069280587,0.0,0.5222868238287012,0.0,0.5349872156900828,0.0,0.4579373684002163,0.0,0.0,0.0,0.0,0.39281540717643826,0.0,0.4535376287793127,0.5371627626052144,0.5473077685754362,0.5088243824101842,0.5349090332855916,0.0,0.49009757205342214,0.0,0.5330811213464353,0.4909956124723996,0.0,0.0,0.0,0.0,0.5025281661431594,0.4775389563410689,0.0,0.45321629781927825,0.5434996841496448,0.0,0.0,0.0,0.5008103162407357,0.5276385515693743,0.5023081129093536,0.0,0.5491632131125223
0.36790979882640873,0.4186255875313286,0.44906094297822025,0.20886407833623424,0.3527062451098662,0.3539465235629518,0.3530463743486056,0.46736035638284484,0.4336493551129128,0.3867178581631532,0.410301934956683,0.3459079303370178,0.31166999141703583,0.3385540401346972,0.4682109022452537,0.4380816196221446,0.3684783488949148,0.41036361024602347,0.4323559921854706,0.40390074385316854,0.4375275166554203,0.4320644793856582,0.45625135862273086,0.3875663380357776,0.4248867065173797,0.3874041112624244,0.4528473032815268,0.0,0.3132060273233458,0.30908340930798023,0.3794354252418102,0.36994796058937646,0.3034145709933028,0.3695583817528926,0.3101805781186557,0.2887926982361145,0.266573868336915,0.3007256988365915,0.5250849758190514,0.0,0.5712025722240492,0.4783563045024415,0.46088089749426153,0.37991292026394524,0.0,0.0,0.0,0.43241593742462936,0.0,0.3375392805384458,0.5274074658041646,0.37122170047369113,0.47418388275967405,0.0,0.0,0.3034748628068457,0.3609034431501061,0.5004032029901015,0.0,0.0,0.0,0.0,0.0,0.3239029160199075,0.47322099658757344,0.0,0.0,0.5080563678656996,0.0,0.0,0.0,0.4949124598656153,0.5635574393962891,0.5070000262098904,0.3904039598088115,0.5251401926029055
0.3995663500988102,0.39023571499068405,0.0,0.0,0.0,0.3142391664612487,0.39140505966073347,0.40220634609879147,0.0,0.0,0.0,0.0,0.38881573671000635,0.0,0.40773054862112895,0.41752676189132804,0.0,0.4038532010515794,0.0,0.3431954469911785,0.39809692382189155,0.3870020768366331,0.4210470159042766,0.3581143232374224,0.3983624799447359,0.40916212682801384,0.39125827732133583,0.3132060273233458,0.0,0.3767884791004317,0.356453583452881,0.5059242365115935,0.0,0.42715915654590986,0.43595351725350595,0.5190687771657907,0.0,0.0,0.4865084981591652,0.0,0.5425883432453973,0.46447898310717983,0.4254810310507035,0.3172561767075702,0.0,0.0,0.0,0.44505749470599576,0.0,0.0,0.46049181314320486,0.36439108891728245,0.3497851270735423,0.3460693784601133,0.0,0.0,0.0,0.4378950337595108,0.0,0.44405317717437703,0.0,0.0,0.0,0.0,0.4389421151650077,0.3922122491372554,0.3999642609178838,0.4536344455791803,0.0,0.0,0.0,0.459767111827306,0.47659014502419883,0.4492707242888307,0.4380468290993146,0.4953955669439809
0.0,0.0,0.4360698586848571,0.0,0.0,0.4367463190849377,0.0,0.46221045600571276,0.4218116713125953,0.0,0.0,0.0,0.38399180578351655,0.0,0.0,0.4163607405106116,0.0,0.3592007095653176,0.0,0.4225083731330502,0.3985448523360569,0.3814622093703464,0.4588266475915731,0.0,0.0,0.0,0.46069581634273576,0.30908340930798023,0.3767884791004317,0.0,0.36516292447251053,0.5260685480884314,0.0,0.41514826600604504,0.0,0.0,0.0,0.0,0.5094477807593462,0.0,0.47498101881595606,0.0,0.43548442222304684,0.0,0.0,0.0,0.0,0.42162558267556655,0.0,0.0,0.0,0.3581365040036921,0.4065556926657974,0.0,0.0,0.0,0.0,0.3560823191354404,0.0,0.0,0.0,0.0,0.0,0.39104191601181393,0.49218640834486715,0.0,0.0,0.48028877051804847,0.0,0.0,0.0,0.47521383927890687,0.40550834487136755,0.4411276362008178,0.0,0.4477049372316487
0.35934723899320725,0.35072262264455545,0.4598544399271023,0.0,0.43133777730112566,0.4435780404920945,0.4103357334987764,0.48625851718014684,0.4478344314149612,0.327256420179395,0.44960218903036603,0.36728009465376454,0.3793991423795361,0.42784673176386323,0.4169875891749249,0.3003857513967495,0.3376119565588808,0.3439076846893651,0.4493886042966107,0.3936258692087779,0.3928959371110978,0.3629084074881828,0.4816413131392531,0.3598115343986715,0.33833042678378444,0.35107089148362114,0.4791124354616589,0.3794354252418102,0.356453583452881,0.36516292447251053,0.0,0.4272021280534725,0.343611983843182,0.29084872534664913,0.36939315067737855,0.4431504990159126,0.3702469870697911,0.309615273146319,0.493892350793202,0.40277492324153635,0.44328941175898223,0.4518977381393082,0.44410904631818526,0.0,0.0,0.4106099838057735,0.4473645082078741,0.41481611743104974,0.0,0.0,0.5598959620946055,0.33484993979338123,0.4857353873901348,0.34048782407676115,0.3585024858786963,0.0,0.3636457796842508,0.37935266287572855,0.0,0.4567612030133844,0.4121720632165601,0.39762480635452996,0.34765491672023185,0.0,0.4878249270095203,0.42316262346296407,0.4245704128063033,0.5057580702734898,0.0,0.3619112086357462,0.4246017745360962,0.5035700227237947,0.5058867935584166,0.48872290669129004,0.4083954058839024,0.42853434799997814
0.48380062272852975,0.4689220456051601,0.4592992864204267,0.2648693067954011,0.3849883923966853,0.47113989797362443,0.37915162949763953,0.43490440111681106,0.42399600959059003,0.3491411613858057,0.41132910229268216,0.2778811326086563,0.3733302883194247,0.22790104769588748,0.5000130667129317,0.46606705550396493,0.4625605216053693,0.4761974912251453,0.42354871000212996,0.5188210176763268,0.49139976033146876,0.5197831655862304,0.4962018361851861,0.4301888168625353,0.4473816361320437,0.4608770923855095,0.5047247826792334,0.36994796058937646,0.5059242365115935,0.5260685480884314,0.4272021280534725,0.0,0.3790503249199253,0.32544911293611817,0.3979260686024582,0.22681470821676822,0.3015231891991437,0.24486274351945544,0.45348941541293314,0.40621073924304313,0.45487515655067223,0.37128111581596146,0.5626808186981296,0.5589142889393266,0.0,0.5341230834943752,0.509049345412493,0.5647264710147324,0.0,0.42726492994154797,0.49880938317483536,0.5108354976672762,0.0,0.48722870814501196,0.42499692600436834,0.4692412415897109,0.2431303576613117,0.5751078071625106,0.0,0.48946126883518787,0.5125856210043744,0.42565305734191855,0.4332185018385365,0.43885175591177916,0.5016631595164849,0.5022627878822251,0.49535944679901345,0.4991611387892737,0.24572243523476126,0.4325726354331891,0.4873630674643527,0.4987199472621211,0.5367565168896904,0.49795150126039384,0.5055856503324427,0.5116802251222639
0.3621359535382552,0.3680344560903771,0.0,0.0,0.27431437674713094,0.39710590689766284,0.0,0.0,0.3713730349863249,0.3231638529787034,0.34034687216927517,0.2376550684075055,0.293211016392339,0.0,0.3917253349476479,0.38238487464837767,0.35739766754212565,0.34699566703695756,0.3075095435198213,0.41884679289993876,0.40218795965597465,0.45794536473730574,0.5342528550355488,0.2604927542699943,0.32374779475232485,0.32794676270314777,0.46960677330880796,0.3034145709933028,0.0,0.0,0.343611983843182,0.3790503249199253,0.0,0.22431284816031904,0.3213495101982209,0.24516110757785126,0.27393683600808205,0.2095494062425542,0.4044978934150864,0.29144451022195567,0.3853901332981178,0.47150485612729287,0.0,0.0,0.2695305292777973,0.4230185978783639,0.4626418090687091,0.0,0.0,0.0,0.0,0.0,0.0,0.0,0.3367784059397379,0.0,0.3160679007864623,0.33275443864913223,0.0,0.4368450524688654,0.4162449038619172,0.3914366321420844,0.34168497542049653,0.0,0.4266870931331161,0.44425077019783166,0.4577135461731625,0.42990078404470655,0.3438682486890199,0.36422742141666914,0.4179067146229961,0.0,0.0,0.3903678757827875,0.0,0.3586737685254085
0.37548301603795176,0.37445840153896665,0.4565504125816509,0.1933752555387544,0.3911037778167957,0.4689329077006518,0.3870923057016722,0.49946039202936776,0.4424363219115832,0.33552461973024134,0.4259618901865599,0.24134475754421764,0.3807358233566804,0.3790710893225827,0.4454480389478782,0.35444314417094425,0.3713188914955867,0.3731791655462264,0.42569318808345175,0.46009331955966715,0.4197301180011781,0.43697683839062595,0.5084073067715017,0.280379714946944,0.3588123211540655,0.3711094795646694,0.5060682818485017,0.3695583817528926,0.42715915654590986,0.41514826600604504,0.29084872534664913,0.32544911293611817,0.22431284816031904,0.0,0.26196946440888713,0.3757840871520664,0.21941967116480143,0.20277676699133343,0.462573360203591,0.3958111511643547,0.43435742227332436,0.4823964732531846,0.5068229322606872,0.0,0.30972997480381215,0.43649079681906594,0.46722586353161555,0.37409631683933564,0.0,0.41406142705140675,0.5594540237904715,0.37689210765706493,0.492357153067425,0.3483229310082358,0.36608738692266046,0.0,0.3679395128763967,0.4809828463829492,0.407569582817742,0.47283358887307075,0.4371839865159317,0.4050743520575429,0.363883356347479,0.3753652550509965,0.5024272084159392,0.45035746936890325,0.44837653438017294,0.5189405121152288,0.35919905424170556,0.3723319901169915,0.4304849858918993,0.5144396806361715,0.6011619867788638,0.5152957773465661,0.0,0.43962592620089713
0.4496269138519707,0.4404558049919287,0.4336125979828409,0.24866355465856654,0.3706119475179867,0.4719879968310325,0.36988144908273174,0.5026271598495038,0.42795580413973117,0.322407686029702,0.4107891127502531,0.30548715549571726,0.35046000813912337,0.3923329566189283,0.48556231361416496,0.4320455409956646,0.40968206396166507,0.42823811202972467,0.4137353657509728,0.49309264228761956,0.4843244225187278,0.4939763883931552,0.5564036530077173,0.3687533524839586,0.40026148581473625,0.4189290719736775,0.5234819440929874,0.3101805781186557,0.43595351725350595,0.0,0.36939315067737855,0.3979260686024582,0.3213495101982209,0.26196946440888713,0.0,0.4564280400341598,0.3656728785866136,0.25263320997437716,0.39878638668734734,0.47908406315654994,0.48449756757374124,0.4420668368255496,0.5643287821310067,0.0,0.0,0.5351606658569993,0.49724776210190397,0.0,0.0,0.0,0.0,0.0,0.0,0.4232943957873209,0.4436783931628312,0.0,0.4658495633621008,0.4258489634673403,0.0,0.4925455947999847,0.45455854108656035,0.40560737735657537,0.39983263550888093,0.0,0.5151876525410868,0.5169063290441868,0.4852497926214388,0.5337786817620531,0.45316946445010386,0.3901015441361938,0.4621492355476452,0.5333041843359293,0.4965199420480093,0.48568420176087734,0.0,0.35011443712201396
0.0,0.0,0.45145236293325636,0.16360729607807817,0.2279378650788346,0.47655466852787953,0.3706287616008807,0.24039863513508683,0.44783510288003686,0.23582501434949832,0.26958490656858963,0.24190778292866175,0.3064462277500801,0.19376218895570996,0.5571985447059957,0.0,0.0,0.0,0.40565271078254744,0.5465350229844386,0.5552517457782182,0.5851062268191981,0.5275129996425938,0.25093939910545393,0.0,0.5144024438249026,0.5856176586244162,0.2887926982361145,0.5190687771657907,0.0,0.4431504990159126,0.22681470821676822,0.24516110757785126,0.3757840871520664,0.4564280400341598,0.0,0.19439034625169022,0.23288248878177556,0.5819426280734401,0.0,0.5125555110833235,0.0,0.0,0.0,0.0,0.0,0.5283393226738581,0.42984889537521076,0.0,0.0,0.0,0.0,0.0,0.0,0.0,0.32349616362491984,0.0,0.4570724328889276,0.0,0.46723864598177645,0.0,0.0,0.0,0.0,0.45176047124783547,0.0,0.5054514994515056,0.5367825251097038,0.0,0.0,0.0,0.5299347190324748,0.47751410445112896,0.46859369208605006,0.4173562768272443,0.44911616351193706
0.0,0.0,0.42591724445887397,0.17199593640545552,0.21598884713263466,0.4549630081723711,0.31315044139072573,0.46582272915864276,0.4242954849520102,0.23727690646706814,0.3766044225032341,0.26899034298118535,0.29587297534756507,0.17575778274909523,0.0,0.0,0.0,0.0,0.38265216240786243,0.0,0.0,0.0,0.500783915324553,0.27177120262234106,0.0,0.4730175551272725,0.4851032069280587,0.266573868336915,0.0,0.0,0.3702469870697911,0.3015231891991437,0.27393683600808205,0.21941967116480143,0.3656728785866136,0.19439034625169022,0.0,0.25000133016265425,0.4538558154273491,0.0,0.0,0.0,0.4299616347326845,0.0,0.0,0.0,0.0,0.0,0.0,0.0,0.0,0.0,0.0,0.0,0.0,0.0,0.0,0.0,0.0,0.0,0.0,0.0,0.0,0.0,0.0,0.0,0.0,0.4033051822494557,0.0,0.0,0.0,0.34278271740301447,0.4273063987830414,0.0,0.0,0.0
0.39494085913941623,0.0,0.0,0.0,0.29349482411608513,0.3566971391879898,0.3841944917503981,0.0,0.3149525965619478,0.2721859915849284,0.3365232323134828,0.22208857753948752,0.30382044556068566,0.0,0.0,0.0,0.3219706383057533,0.29864937492591104,0.33642423708861274,0.0,0.0,0.0,0.36792510428952097,0.2627252995353051,0.3135647041696795,0.31802085525642065,0.0,0.3007256988365915,0.0,0.0,0.309615273146319,0.24486274351945544,0.2095494062425542,0.20277676699133343,0.25263320997437716,0.23288248878177556,0.25000133016265425,0.0,0.2603811060057002,0.25973707201553137,0.30126866919610706,0.0,0.0,0.0,0.28671968407788795,0.0,0.0,0.0,0.0,0.0,0.0,0.0,0.0,0.0,0.3461735895483169,0.0,0.31062789507096683,0.0,0.0,0.0,0.0,0.0,0.0,0.0,0.0,0.0,0.0,0.0,0.3097819020677961,0.0,0.0,0.0,0.0,0.0,0.0,0.39759253143818307
0.4832173751993972,0.48578096906834434,0.4864645069638313,0.0,0.0,0.5174925547833257,0.4061251898329128,0.4876934117488341,0.5002375430098351,0.3096713804241756,0.40775546729874185,0.26744528563496217,0.5688737634586871,0.0,0.49674700923919446,0.46865481935458825,0.0,0.4339785508051324,0.5250585338654015,0.4825123230495384,0.5046741488490233,0.47668073697292884,0.5053710298635555,0.4595198296992039,0.43742880952917285,0.4390744335482437,0.5222868238287012,0.5250849758190514,0.4865084981591652,0.5094477807593462,0.493892350793202,0.45348941541293314,0.4044978934150864,0.462573360203591,0.39878638668734734,0.5819426280734401,0.4538558154273491,0.2603811060057002,0.0,0.3551627537346869,0.36633046322544716,0.4165069376678704,0.2996022693283492,0.3241104020049477,0.2758937951884753,0.458251719599944,0.48275539107939364,0.4776213775383087,0.276141913934552,0.40627791671137103,0.46059404862496256,0.3954676105843255,0.43965043010370974,0.4510579992781034,0.3751281535332379,0.4422859240042072,0.2756394831968554,0.41766009273577664,0.3418232729431489,0.4940337753557186,0.48480347212542924,0.4398131347711022,0.43699302698898734,0.44904668466642395,0.5079206113705723,0.48168012477220795,0.5256005141180903,0.4495145584947542,0.40490720739424146,0.42595403799269205,0.45855410321783846,0.4658261873624951,0.3993563774588841,0.4978598766211549,0.41832517488982573,0.4224050942408962
