0.0,0.38508315379908226,0.0,0.0,0.0,0.325975996737527,0.299854724336134,0.4753567114067715,0.30389911873905234,0.3469716831034998,0.0,0.3327040802285433,0.34642603040852166,0.4675690077276877,0.37669195456459914,0.4015513104219264,0.36450286479307215,0.383562174182336,0.0,0.40829814656674546,0.38731698241309154,0.39949477401966677,0.441008001946923,0.3365533270453245,0.36368103303890487,0.35864285846195726,0.3810780562213027,0.4045103429565253,0.3992326148366311,0.0,0.36050113291366814,0.41937127205909797,0.34124344637785575,0.35395817548905406,0.4159679495416072,0.0,0.0,0.3348163344984145,0.46812395383716054,0.4195886113451586,0.42286661955649707,0.5064309735764807,0.0,0.0,0.0,0.43057790147345365,0.46570038364623456,0.0,0.0,0.0,0.3276692813249216,0.0,0.0,0.0,0.378623784845188,0.0,0.0,0.0,0.0,0.0,0.458558534905973,0.3042747299392383,0.42878747625147146,0.0,0.0,0.0,0.43612639320249796,0.4660149619241533,0.40726857002778427,0.443911735460473,0.439174432796207,0.4215484494032725,0.0,0.4275885113317349,0.0,0.4065177559005249
0.38508315379908226,0.0,0.30240856349852085,0.0,0.0,0.39079194213540436,0.4409292072636097,0.4320117327892192,0.3342570743233778,0.24855986007307215,0.0,0.0,0.4316282039815027,0.0,0.3878969873337284,0.3880625204070854,0.3882734848291871,0.368193964424905,0.0,0.38688609781409966,0.3894534435312839,0.3616922530362361,0.3981220288262894,0.32905877469172096,0.3492228845014504,0.3595151993875449,0.39086811592909254,0.43030372594804067,0.3974305768332403,0.0,0.35836744805277493,0.41064254681214696,0.35447405402422727,0.36226735750393746,0.4264085954572117,0.0,0.0,0.0,0.4645134665421049,0.4373058478960858,0.43991776170121266,0.47490456255054503,0.0,0.0,0.0,0.4438773010129993,0.4640446280764823,0.0,0.0,0.0,0.3376938869029002,0.2592987411927038,0.0,0.0,0.0,0.0,0.0,0.24018357670304047,0.0,0.42881051997881703,0.4550079529362257,0.0,0.4285510456156293,0.0,0.40950122018580487,0.4457772035535432,0.4583706381635922,0.37075092079947325,0.0,0.4443556323899116,0.45303920747330606,0.36927857819255416,0.26917291887919415,0.4059219227581213,0.0,0.43968395377865277
0.0,0.30240856349852085,0.0,0.2853184268616796,0.28180020572010944,0.31338221443240416,0.3478301432851345,0.39293436483012834,0.26455856614717144,0.0,0.27295126966024497,0.0,0.352118246940682,0.3491361725077367,0.3138974742855154,0.3271112917355856,0.0,0.0,0.2483651363720745,0.3254769020912274,0.29448114348168775,0.3598627785318277,0.2998198895627674,0.0,0.24866646689112198,0.25256059589909696,0.2937962957845526,0.36611875370781044,0.3208447887448418,0.0,0.3798301436603818,0.3305522663836575,0.0,0.3437546752944369,0.3713698745934307,0.2640483615241569,0.31324345726323277,0.0,0.406105171472879,0.0,0.369617667866695,0.34653576773245365,0.42865253504660283,0.31161774972631495,0.0,0.0,0.0,0.3454378324155054,0.0,0.3573920477596879,0.49097235451822563,0.2905896263108361,0.4135458197228845,0.4994773467650609,0.0,0.3053158570135882,0.0,0.3801187934727763,0.4558563676306666,0.0,0.0,0.0,0.0,0.3300478778498447,0.0,0.0,0.0,0.5035704923293123,0.0,0.0,0.0,0.4542565515732915,0.33318651149118483,0.3180683258479243,0.0,0.37994394410545884
0.0,0.0,0.2853184268616796,0.0,0.31623647812818984,0.3757693833052074,0.29510632236126183,0.328503285942383,0.3367204289080589,0.42410357859148096,0.33023017758228707,0.255350611065441,0.30935845927977645,0.24270468811530777,0.0,0.0,0.0,0.0,0.3111132398721667,0.40907417666701495,0.0,0.0,0.3746696183706329,0.0,0.0,0.0,0.3550784687393257,0.31908811708784224,0.32298463151783696,0.0,0.32963719123459106,0.31359117596198155,0.0,0.276552412847318,0.26163392700933263,0.19197661109848418,0.19023937175752645,0.3046709667455416,0.0,0.0,0.0,0.0,0.0,0.0,0.0,0.0,0.0,0.0,0.0,0.0,0.0,0.0,0.0,0.0,0.0,0.0,0.0,0.0,0.0,0.0,0.0,0.0,0.0,0.0,0.0,0.0,0.0,0.30835399688001075,0.0,0.0,0.0,0.3096846254540466,0.0,0.31974235010943247,0.0,0.0
0.0,0.0,0.28180020572010944,0.31623647812818984,0.0,0.3584705575982668,0.3376614328343044,0.33234599982167223,0.3089491294059843,0.3774778053299311,0.2773271871226791,0.37656145696623483,0.3542000636122778,0.29073129866524244,0.0,0.4225996515091116,0.0,0.0,0.3248474772366845,0.4417725966650735,0.0,0.44346946342867266,0.3341325421531256,0.0,0.0,0.0,0.3276864617251717,0.37794512434156224,0.40793927108921074,0.0,0.417305106219842,0.385357165971466,0.0,0.3947506775756895,0.40010646856441373,0.2497855324140273,0.33483322859936365,0.3040429224155944,0.0,0.0,0.0,0.0,0.2997811065307401,0.0,0.0,0.0,0.0,0.2934758190986665,0.0,0.24118172727039955,0.3758658044633643,0.2895297956019107,0.29651146661976346,0.3040481356065335,0.0,0.29514863014126114,0.0,0.26175779737228994,0.32036714708742875,0.0,0.0,0.0,0.0,0.2864480816087714,0.0,0.0,0.0,0.4353872001426093,0.0,0.0,0.0,0.34324630135481715,0.27942570256428795,0.3234599750682522,0.0,0.0
0.325975996737527,0.39079194213540436,0.31338221443240416,0.3757693833052074,0.3584705575982668,0.0,0.39248814706881163,0.3206961231177393,0.28920158277938324,0.3928083681322624,0.3120132117851458,0.3018092530623539,0.33209567045189914,0.36517954626253646,0.34612091257668054,0.422298388697966,0.25576058337819596,0.3916593695517947,0.2340379856258051,0.3796153034052636,0.2950183091970329,0.40615404219408496,0.3128740027744964,0.0,0.3979663013160347,0.380283928591105,0.28412623988928376,0.3404417749645044,0.2828238927916248,0.36260381095472766,0.3782824484250571,0.3749865535436358,0.33756041898186456,0.3945162810163315,0.4126325909413944,0.3674829593577042,0.3870348647364659,0.30949577962273334,0.46408106471757277,0.0,0.47796814026057594,0.43994933344784415,0.3858075097322387,0.28334101138746026,0.0,0.31015968632121954,0.29172811127570586,0.46047930789437846,0.0,0.3197587748719159,0.45138398704111493,0.3074652482493717,0.41511108813678566,0.48209868081921686,0.0,0.29096032355988233,0.0,0.3522388621059997,0.37470619648503156,0.3424743305060279,0.2514936225844522,0.0,0.2809070294791144,0.44492890671824864,0.37892547273243077,0.34819644086779405,0.2074592217152716,0.4571550769466544,0.0,0.25193642811401473,0.3183120653061658,0.4567075855783548,0.41569964245717417,0.42397827316153264,0.4154976751269032,0.4445953878515244
0.299854724336134,0.4409292072636097,0.3478301432851345,0.29510632236126183,0.3376614328343044,0.39248814706881163,0.0,0.4031856408148167,0.34201279949953606,0.3763595247980429,0.3648844030106035,0.3714509880889936,0.3454989931654799,0.3395268263031027,0.0,0.4430843768836046,0.368336699535994,0.43884694021213827,0.37631796575556037,0.42239008084339835,0.3701959760970326,0.44557479939570155,0.367783959237508,0.3739889780494628,0.42139764161676363,0.3992381731882951,0.37109745521202053,0.364364941361097,0.4042227544941865,0.0,0.41247266601992794,0.3747909657315982,0.34896381653538383,0.37159185908816394,0.37404838320942924,0.32055612041859943,0.25274578687654814,0.3542837475366991,0.33401556268238425,0.0,0.3356546341751828,0.370309466574519,0.34953941238600295,0.0,0.0,0.0,0.0,0.30449239742859313,0.0,0.2941919378856558,0.37125971656199763,0.30252088223371126,0.3909322750559894,0.33540808741325273,0.0,0.0,0.0,0.2800155580240864,0.0,0.0,0.0,0.0,0.0,0.3267975164352937,0.27204469174643775,0.0,0.0,0.47073859172418697,0.0,0.0,0.0,0.4150794786140202,0.2859146192487454,0.31212728689946806,0.0,0.30974181975674997
0.4753567114067715,0.4320117327892192,0.39293436483012834,0.328503285942383,0.33234599982167223,0.3206961231177393,0.4031856408148167,0.0,0.3848128638840336,0.0,0.27208413765704603,0.0,0.3945744973359124,0.3604570522091237,0.0,0.42760666711694284,0.0,0.45031000098564133,0.3546786217552331,0.36914026464322464,0.39181085908607,0.38355501506879064,0.30669015985395354,0.46959991568113973,0.46610237295993795,0.46104094326833145,0.35956002588312475,0.40934936104382497,0.34613549227302703,0.3940681311901175,0.42410049937677397,0.3856996268144839,0.43866538570730024,0.42181814673411805,0.421276801639486,0.27127000835124854,0.0,0.0,0.45563612022905114,0.0,0.48635751483092116,0.5122297641943784,0.3783178370600345,0.0,0.0,0.0,0.0,0.47642862767905253,0.0,0.4024327570424336,0.4556799861076542,0.4571678967313231,0.3963995744138598,0.48186437179787783,0.0,0.4022183112090422,0.0,0.43234370831077634,0.4362266349546443,0.0,0.0,0.0,0.0,0.46710377661405283,0.0,0.44055664785581355,0.0,0.45413738815949567,0.0,0.0,0.0,0.45093832770857883,0.43448680371442144,0.41492827439728375,0.0,0.4546055993736844
0.30389911873905234,0.3342570743233778,0.26455856614717144,0.3367204289080589,0.3089491294059843,0.28920158277938324,0.34201279949953606,0.3848128638840336,0.0,0.3583555653479627,0.2829219222556646,0.269952562983742,0.3226681582506312,0.34176981636979087,0.0,0.36044465097810185,0.0,0.2563997419617952,0.2611993443593932,0.3819294590727909,0.2738093935565661,0.3892571580053887,0.31643689996620633,0.31774733264627325,0.2999938307142629,0.25949535269125656,0.2778924800765957,0.3579510227896641,0.3368639697844788,0.33686077080004223,0.4014953513068333,0.36144181377614015,0.3320904774220643,0.3847017046831517,0.35304937444400236,0.31741032292902277,0.334038904770591,0.22487940608898435,0.3937704271862092,0.0,0.2989286970608422,0.3017458054405523,0.4136984375787884,0.313521553441341,0.0,0.0,0.27880410923133025,0.46219535399875794,0.0,0.32388753675536164,0.474053742321422,0.27132507151467916,0.46524007325278766,0.4202847426378616,0.0,0.4292973510557825,0.0,0.30156619650519473,0.44361068230150974,0.0,0.0,0.0,0.0,0.434474836950383,0.0,0.0,0.0,0.4844831869014809,0.0,0.0,0.26749196324655694,0.4730334647533759,0.27032703301991373,0.3021925128313727,0.0,0.3012617482049857
0.3469716831034998,0.24855986007307215,0.0,0.42410357859148096,0.3774778053299311,0.3928083681322624,0.3763595247980429,0.0,0.3583555653479627,0.0,0.36884305029232395,0.23975612259239443,0.40604592474156537,0.0,0.0,0.3528623834683587,0.3141845976867287,0.3004652960680218,0.35582129844767574,0.0,0.4002257147480712,0.0,0.3782384895111178,0.31309768926387777,0.32380292952690065,0.30047522745716504,0.337467918838567,0.39648341461197995,0.0,0.0,0.34451491780603477,0.32524628438497,0.28833253883010107,0.3073466528837945,0.3069165495403378,0.37656992781680576,0.28698212046122407,0.26566864294196835,0.4529863763054508,0.3214771798936715,0.3506049768024149,0.38897202775316786,0.0,0.0,0.3151375706342796,0.37834216628232065,0.0,0.0,0.0,0.0,0.0,0.0,0.0,0.0,0.3853590039868205,0.0,0.3865480443818635,0.0,0.0,0.0,0.0,0.3720190854113133,0.3608467536913494,0.0,0.0,0.0,0.0,0.0,0.3513930218039786,0.3803367564289981,0.39773712230171937,0.0,0.0,0.0,0.0,0.3831695368247952
0.0,0.0,0.27295126966024497,0.33023017758228707,0.2773271871226791,0.3120132117851458,0.3648844030106035,0.27208413765704603,0.2829219222556646,0.36884305029232395,0.0,0.33346254871854997,0.37883943630057915,0.30084928890460155,0.0,0.0,0.0,0.0,0.2616212453477604,0.0,0.384962192480325,0.0,0.28646832230250385,0.3489233220924759,0.0,0.2729064509732454,0.2680408851478362,0.3851797344427291,0.2998377168100832,0.0,0.41740632962504176,0.38507355612416244,0.3219001160392519,0.39217327191579726,0.39463879288115206,0.25551070656259295,0.3316947347516933,0.311395752303113,0.3401938792936645,0.0,0.0,0.0,0.3090876440871249,0.0,0.0,0.0,0.0,0.3590174377386008,0.0,0.25252588540405996,0.3966175093158348,0.3133285304623923,0.34521442977145256,0.4346319988141396,0.0,0.29038943914105114,0.0,0.3071550714228952,0.3765884815719016,0.0,0.0,0.0,0.0,0.22155525306464302,0.0,0.0,0.0,0.3744699395759373,0.0,0.0,0.0,0.3921436921943381,0.25099228324520306,0.0,0.0,0.0
0.3327040802285433,0.0,0.0,0.255350611065441,0.37656145696623483,0.3018092530623539,0.3714509880889936,0.0,0.269952562983742,0.23975612259239443,0.33346254871854997,0.0,0.3783085951138314,0.0,0.0,0.0,0.32227819638981836,0.2683175949235498,0.28058596909183936,0.0,0.364504740328233,0.0,0.2884495814341916,0.26934957758472783,0.3065667133231931,0.264455964600077,0.28951275343171823,0.379126903723477,0.0,0.0,0.3515394348834792,0.2670398554481252,0.2719704557753335,0.25775668847809113,0.3113402528096608,0.302609508825053,0.3511689770052995,0.2099304162936782,0.2830155769685858,0.29829087890626965,0.3510892713788136,0.0,0.0,0.0,0.2954731845460269,0.31332301723925615,0.0,0.0,0.0,0.0,0.0,0.0,0.0,0.0,0.3841840707190473,0.0,0.3917980763300404,0.0,0.0,0.0,0.0,0.33314025757342214,0.3557428631840149,0.0,0.0,0.0,0.0,0.0,0.34085606306728145,0.37764448527368094,0.39014682755531693,0.0,0.0,0.0,0.0,0.35281692898654343
0.34642603040852166,0.4316282039815027,0.352118246940682,0.30935845927977645,0.3542000636122778,0.33209567045189914,0.3454989931654799,0.3945744973359124,0.3226681582506312,0.40604592474156537,0.37883943630057915,0.3783085951138314,0.0,0.34228812040302853,0.41524869219099514,0.4439355405865519,0.3975014206425117,0.43093261665656496,0.38043760996850773,0.4084563786278139,0.40709572514323283,0.4352101438154163,0.3744243344977998,0.3642239178100847,0.42187625404382295,0.4138977001010875,0.3729110127843087,0.3276909918960055,0.3795446225183957,0.3753192558878684,0.3969384429494956,0.39245216540792865,0.38921890224037614,0.384978001989221,0.3808216737331773,0.3464013605721714,0.32348896985056697,0.36448654766784727,0.47356661752601936,0.0,0.3335376714239043,0.3144809195562622,0.37793193785326934,0.321960305221307,0.0,0.3371384449722713,0.26116169869274136,0.30198621000508563,0.0,0.30289773194109476,0.3599312105474915,0.2785289728655651,0.4367120802297161,0.28049835049394856,0.3737701339607035,0.28633183808002627,0.0,0.21159061844506316,0.0,0.33547442250556353,0.28007783356725846,0.0,0.0,0.34323006342066104,0.3351145179700976,0.375123268075069,0.27225251347247564,0.4728884212932679,0.0,0.2867607793542238,0.2939431268253288,0.4590871281719524,0.26131949780059827,0.3872458388610434,0.0,0.32357726109395124
0.4675690077276877,0.0,0.3491361725077367,0.24270468811530777,0.29073129866524244,0.36517954626253646,0.3395268263031027,0.3604570522091237,0.34176981636979087,0.0,0.30084928890460155,0.0,0.34228812040302853,0.0,0.0,0.0,0.0,0.0,0.3237365514982319,0.0,0.4050792748799015,0.0,0.34269684379420967,0.0,0.4226448297647143,0.39474655988510043,0.3546029843973414,0.30749437813255354,0.0,0.0,0.0,0.37503976596547234,0.0,0.0,0.0,0.2063374599257766,0.15540081796246188,0.27078320350260826,0.0,0.0,0.0,0.0,0.3401327235755429,0.0,0.0,0.0,0.0,0.40260678881303275,0.0,0.0,0.3709994724758815,0.0,0.35772896225432815,0.0,0.0,0.3750337671763514,0.0,0.0,0.386098203305212,0.0,0.0,0.0,0.0,0.0,0.0,0.0,0.0,0.4017349450766686,0.0,0.0,0.0,0.394717451593195,0.0,0.0,0.0,0.0
0.37669195456459914,0.3878969873337284,0.3138974742855154,0.0,0.0,0.34612091257668054,0.0,0.0,0.0,0.0,0.0,0.0,0.41524869219099514,0.0,0.0,0.42211864644180347,0.3367492800501299,0.4073630039484278,0.0,0.36811965707625144,0.3503792018823163,0.341445551667182,0.36939623818680595,0.4203145434428899,0.39185962199975655,0.338427959497154,0.399851106538873,0.3990429261300918,0.3935733497253385,0.40435135756995255,0.4009987942337153,0.4182753360534486,0.3616477377474629,0.4151364600557904,0.4626820378125646,0.4901185143883515,0.46342997972004996,0.0,0.45832528381192833,0.46472536749513965,0.43420832114792496,0.48753562368158176,0.0,0.0,0.0,0.5998965408509689,0.4571292700532303,0.0,0.0,0.0,0.43243923390891886,0.0,0.0,0.0,0.0,0.0,0.0,0.3334570703138173,0.0,0.4649512748558476,0.4034044236348758,0.0,0.2845147953466742,0.0,0.4291394489955529,0.4524183232254986,0.4713219097059331,0.457017298634523,0.0,0.32196451136424464,0.43171404394466895,0.46366586171202495,0.3895805416376285,0.430207197804936,0.0,0.3963535311521299
0.4015513104219264,0.3880625204070854,0.3271112917355856,0.0,0.4225996515091116,0.422298388697966,0.4430843768836046,0.42760666711694284,0.36044465097810185,0.3528623834683587,0.0,0.0,0.4439355405865519,0.0,0.42211864644180347,0.0,0.3571992853166103,0.3626623048764299,0.0,0.40774977323681816,0.41090167372260766,0.3682054861176774,0.41648051236356465,0.3591292384295019,0.38387953367552696,0.3965215048041002,0.4178202987306683,0.42165700239417053,0.41986393599415883,0.3831555919987311,0.3894969980779832,0.4409149182512001,0.4050713108192822,0.38341549491848714,0.4483410447496991,0.0,0.0,0.0,0.46599691503185253,0.44703886655940583,0.44515056726551167,0.4879803920786989,0.0,0.0,0.0,0.4579256105664497,0.4631262204169235,0.0,0.0,0.0,0.264724007680416,0.0,0.0,0.0,0.0,0.0,0.0,0.0,0.0,0.4422369536218506,0.45741287436516587,0.32084087680319057,0.4525143204189769,0.0,0.3762220063908955,0.44994765834581923,0.4531634693866316,0.3242953560369332,0.0,0.4541606743505144,0.4594829326466353,0.3421363293437133,0.3048136389382815,0.35808209886119485,0.0,0.4396177909659616
0.36450286479307215,0.3882734848291871,0.0,0.0,0.0,0.25576058337819596,0.368336699535994,0.0,0.0,0.3141845976867287,0.0,0.32227819638981836,0.3975014206425117,0.0,0.3367492800501299,0.3571992853166103,0.0,0.2848083332231219,0.0,0.36579981350123136,0.0,0.3805232568208053,0.0,0.34967650618597,0.331380272652727,0.3352158891507459,0.2723389391801971,0.4115188521057017,0.3515268485904374,0.0,0.3376791263722211,0.41859579211294534,0.34369458266755565,0.35455348487279337,0.3443923174345511,0.0,0.0,0.30193789206936017,0.44280008386583436,0.3797392154507058,0.383123430049965,0.0,0.0,0.0,0.0,0.39530702920653993,0.0,0.0,0.0,0.0,0.0,0.0,0.0,0.0,0.40689141657967104,0.0,0.3879290399010709,0.0,0.0,0.0,0.0,0.37467299971003865,0.39170636882740056,0.0,0.0,0.0,0.0,0.0,0.39507342790648237,0.41071275420229975,0.42531813811100944,0.0,0.0,0.0,0.0,0.37280408805744486
0.383562174182336,0.368193964424905,0.0,0.0,0.0,0.3916593695517947,0.43884694021213827,0.45031000098564133,0.2563997419617952,0.3004652960680218,0.0,0.2683175949235498,0.43093261665656496,0.0,0.4073630039484278,0.3626623048764299,0.2848083332231219,0.0,0.0,0.4160808309601648,0.4018970807669506,0.3974744829199226,0.4149235403085289,0.34905746562268825,0.3344140280665169,0.3611367524077151,0.39171388788712,0.42797946103786594,0.42224205588051505,0.0,0.35103007895952676,0.423170944032581,0.3463634742861599,0.3595325539707544,0.3631991508487957,0.0,0.0,0.279104723712967,0.44681091423403135,0.4011095554200086,0.4184619256261311,0.4271405281799492,0.0,0.0,0.0,0.43355354765531406,0.4420569705604099,0.0,0.0,0.0,0.2698358640456739,0.0,0.0,0.0,0.40485921942681447,0.0,0.3757608818914827,0.0,0.0,0.37576670002381585,0.444091895704773,0.39799979946300473,0.41863703055788487,0.0,0.0,0.42327656386807844,0.435676044317912,0.0,0.3867815015828868,0.4192758011026816,0.4301538020777719,0.32407182376286275,0.0,0.2803915943634563,0.0,0.418365756132659
0.0,0.0,0.2483651363720745,0.3111132398721667,0.3248474772366845,0.2340379856258051,0.37631796575556037,0.3546786217552331,0.2611993443593932,0.35582129844767574,0.2616212453477604,0.28058596909183936,0.38043760996850773,0.3237365514982319,0.0,0.0,0.0,0.0,0.0,0.0,0.0,0.0,0.24110151458381995,0.0,0.0,0.0,0.3138070022844236,0.40011566872560334,0.0,0.0,0.39155262219503806,0.37666539598550147,0.0,0.3435505809591962,0.37652051653771107,0.2974085121265737,0.3435823461610001,0.2974724248472921,0.0,0.0,0.0,0.0,0.34347293382304017,0.0,0.0,0.0,0.0,0.3152456846902453,0.0,0.30990903138458165,0.44003661559328006,0.3374542234191342,0.42243113921676867,0.4677845994077228,0.0,0.3936689807545659,0.0,0.32583245667545685,0.39931338636264724,0.0,0.0,0.0,0.0,0.4390128147723557,0.0,0.0,0.0,0.4714891065853185,0.0,0.0,0.0,0.4311429701295634,0.0,0.0,0.0,0.0
0.40829814656674546,0.38688609781409966,0.3254769020912274,0.40907417666701495,0.4417725966650735,0.3796153034052636,0.42239008084339835,0.36914026464322464,0.3819294590727909,0.0,0.0,0.0,0.4084563786278139,0.0,0.36811965707625144,0.40774977323681816,0.36579981350123136,0.4160808309601648,0.0,0.0,0.40036213298907086,0.3503632447888052,0.3605812300244735,0.3353313873900863,0.405924013137765,0.4099388777531805,0.33366093855678136,0.37187960691932404,0.3347101236939986,0.28685363439790923,0.3829367729806191,0.43021921984209516,0.37378712962869076,0.42068537439493137,0.47409093219148196,0.46726122813057136,0.43461003475275817,0.0,0.4474382104351938,0.35617736526449834,0.33364692340819563,0.44526581676864013,0.0,0.0,0.0,0.0,0.39616050588922647,0.0,0.0,0.0,0.4097529108774336,0.0,0.4445098488752164,0.0,0.0,0.0,0.0,0.3044490223974819,0.0,0.4035868640241377,0.26548806381917006,0.0,0.25505749833688884,0.0,0.4166235094258179,0.3904457554629437,0.43622718128989635,0.4500365506044501,0.0,0.2624445513214145,0.43991047806990513,0.4629700820293176,0.33381621994094923,0.402264300457186,0.3157724023212776,0.377482319269885
0.38731698241309154,0.3894534435312839,0.29448114348168775,0.0,0.0,0.2950183091970329,0.3701959760970326,0.39181085908607,0.2738093935565661,0.4002257147480712,0.384962192480325,0.364504740328233,0.40709572514323283,0.4050792748799015,0.3503792018823163,0.41090167372260766,0.0,0.4018970807669506,0.0,0.40036213298907086,0.0,0.4038993163426497,0.3589596534896613,0.43799827457959645,0.4027799736783473,0.36892439991998416,0.3815802646651414,0.3984318411100522,0.38714015822377357,0.3856650956536529,0.3961752622332027,0.4108859974748358,0.3616798565946862,0.40284831308394786,0.45643581186827853,0.38869385466156403,0.0,0.0,0.46745444249747514,0.43761467757985645,0.43754397540138007,0.5145238537267833,0.0,0.0,0.0,0.4365847761400766,0.476688851359419,0.0,0.0,0.0,0.4420841281284282,0.0,0.4396482470259056,0.0,0.0,0.0,0.0,0.3555035073787346,0.0,0.4331221616030427,0.4317763722787392,0.0,0.0,0.0,0.40714890350874655,0.43508992871769003,0.4524064212723575,0.4581112806224509,0.0,0.3896011223838108,0.483735063937711,0.46036253426297336,0.4186127255136129,0.4487777545463726,0.0,0.39801319886133235
0.39949477401966677,0.3616922530362361,0.3598627785318277,0.0,0.44346946342867266,0.40615404219408496,0.44557479939570155,0.38355501506879064,0.3892571580053887,0.0,0.0,0.0,0.4352101438154163,0.0,0.341445551667182,0.3682054861176774,0.3805232568208053,0.3974744829199226,0.0,0.3503632447888052,0.4038993163426497,0.0,0.42020287633161746,0.30519903996880277,0.38633315092951415,0.37009857397802254,0.4042057573680975,0.403137295759025,0.387324103518925,0.2946891253111207,0.3801873241858933,0.42291497654186955,0.3902047413435401,0.40590507541545395,0.4632116778500985,0.4888122768563471,0.0,0.0,0.4593599449306891,0.46171843657634565,0.4538019155526079,0.48413960870476885,0.0,0.0,0.0,0.45944261686213644,0.4669327699156023,0.0,0.0,0.0,0.39247772032131584,0.2610056282027882,0.0,0.0,0.0,0.0,0.0,0.25925060140896294,0.0,0.46389429666946635,0.4628669501091088,0.0,0.3729672106208333,0.0,0.4289051733021996,0.46830809005361673,0.4628593686338088,0.4612128782911098,0.0,0.4364410918345139,0.47105427345402523,0.4361614691489575,0.32438868179189934,0.43778410186352174,0.0,0.43936517865889996
0.441008001946923,0.3981220288262894,0.2998198895627674,0.3746696183706329,0.3341325421531256,0.3128740027744964,0.367783959237508,0.30669015985395354,0.31643689996620633,0.3782384895111178,0.28646832230250385,0.2884495814341916,0.3744243344977998,0.34269684379420967,0.36939623818680595,0.41648051236356465,0.0,0.4149235403085289,0.24110151458381995,0.3605812300244735,0.3589596534896613,0.42020287633161746,0.0,0.43246407484836963,0.41487622273040276,0.40909782222360125,0.31078713725224555,0.3885541183931268,0.3804172110170668,0.3871243868100356,0.3996749272215295,0.38553376376245,0.36342055651240013,0.41372433002846365,0.41042053448475047,0.30713253251878314,0.3785924543540237,0.2945182934776179,0.46711383858697586,0.45211117247320426,0.49657042413466634,0.510236024777014,0.4242526433715448,0.35911197117413074,0.0,0.42816088036328126,0.38319566590552595,0.38885877228044274,0.0,0.4125953386074979,0.45697490148106384,0.4668796250152199,0.42456767110730426,0.4909009432829506,0.0,0.3702877324801789,0.0,0.45926415780806723,0.41432764854767107,0.4443679357100626,0.2850505199406316,0.0,0.0,0.3902377804470593,0.4421057565892179,0.4237603662503897,0.4298646947545522,0.4749281790369017,0.0,0.2644585653886755,0.39243491503166605,0.46823249384291976,0.4635442392885851,0.4588594260182676,0.4710808009627261,0.47368452057378585
0.3365533270453245,0.32905877469172096,0.0,0.0,0.0,0.0,0.3739889780494628,0.46959991568113973,0.31774733264627325,0.31309768926387777,0.3489233220924759,0.26934957758472783,0.3642239178100847,0.0,0.4203145434428899,0.3591292384295019,0.34967650618597,0.34905746562268825,0.0,0.3353313873900863,0.43799827457959645,0.30519903996880277,0.43246407484836963,0.0,0.3431009705561844,0.3186720867417983,0.4289758881382312,0.37515713004119144,0.3609864000176324,0.0,0.3536850514544901,0.37767853168563337,0.24825218816819863,0.28503122486447124,0.30838658117860623,0.0,0.28349912412636163,0.2606327069389522,0.45588342788766917,0.3394182446506636,0.3673415602891195,0.0,0.0,0.0,0.27925559976905745,0.44474557793304076,0.0,0.0,0.0,0.0,0.0,0.0,0.0,0.0,0.3828581599120816,0.0,0.38540324081001404,0.0,0.0,0.0,0.39561071603215814,0.395772217298628,0.42004390103278433,0.0,0.0,0.0,0.0,0.0,0.38540457387589133,0.4189984738494164,0.426841274860081,0.0,0.0,0.0,0.0,0.4023784852783353
0.36368103303890487,0.3492228845014504,0.24866646689112198,0.0,0.0,0.3979663013160347,0.42139764161676363,0.46610237295993795,0.2999938307142629,0.32380292952690065,0.0,0.3065667133231931,0.42187625404382295,0.4226448297647143,0.39185962199975655,0.38387953367552696,0.331380272652727,0.3344140280665169,0.0,0.405924013137765,0.4027799736783473,0.38633315092951415,0.41487622273040276,0.3431009705561844,0.0,0.3422769900654841,0.3978652149950451,0.4122908697692814,0.4088630486159738,0.0,0.3477224012859095,0.4121624869398662,0.3259490702625049,0.3515115999510086,0.3608007200535633,0.0,0.0,0.31357978463543335,0.4482808371724867,0.3960091015441792,0.4155387751497952,0.4378884442666672,0.0,0.0,0.0,0.42825365789142433,0.4484743557407755,0.0,0.0,0.0,0.2452908565639214,0.0,0.0,0.0,0.4163097492118349,0.0,0.4157113875199912,0.26577446899091073,0.0,0.3998760165750609,0.4365215623175496,0.414237910828675,0.42004835397061735,0.0,0.3736425921334048,0.4174822184552924,0.39307749400342323,0.3081109043898122,0.4093181733529388,0.4221566292081416,0.43186775309860403,0.29365659216224127,0.3339369822722892,0.3560787987491248,0.0,0.419181595818388
0.35864285846195726,0.3595151993875449,0.25256059589909696,0.0,0.0,0.380283928591105,0.3992381731882951,0.46104094326833145,0.25949535269125656,0.30047522745716504,0.2729064509732454,0.264455964600077,0.4138977001010875,0.39474655988510043,0.338427959497154,0.3965215048041002,0.3352158891507459,0.3611367524077151,0.0,0.4099388777531805,0.36892439991998416,0.37009857397802254,0.40909782222360125,0.3186720867417983,0.3422769900654841,0.0,0.4074045147941177,0.3824074755378383,0.39435023120528656,0.0,0.35729929258184034,0.41046869410129627,0.3390883299943865,0.360841424702251,0.4026273126862373,0.0,0.0,0.2857447974179044,0.44370888019857924,0.4123548977000249,0.4269669398868628,0.46070240012200786,0.0,0.0,0.0,0.4400754783782919,0.46783010343729936,0.0,0.0,0.0,0.3020768432272476,0.0,0.0,0.0,0.39651509772194027,0.0,0.3969611701403737,0.2822151176861709,0.0,0.44855412188955057,0.45156521890434154,0.4192737733381744,0.425310567049295,0.0,0.4051608973523965,0.46765811736028556,0.4595126238329701,0.4011990820506671,0.4225490606918421,0.4320079545114303,0.44522000585543187,0.4087982787957247,0.3553324438601716,0.3891568891462597,0.0,0.4308848386909787
0.3810780562213027,0.39086811592909254,0.2937962957845526,0.3550784687393257,0.3276864617251717,0.28412623988928376,0.37109745521202053,0.35956002588312475,0.2778924800765957,0.337467918838567,0.2680408851478362,0.28951275343171823,0.3729110127843087,0.3546029843973414,0.399851106538873,0.4178202987306683,0.2723389391801971,0.39171388788712,0.3138070022844236,0.33366093855678136,0.3815802646651414,0.4042057573680975,0.31078713725224555,0.4289758881382312,0.3978652149950451,0.4074045147941177,0.0,0.37975875747539867,0.3447498224027756,0.3884602054198236,0.40086330344825516,0.39516405189230075,0.3751373478712293,0.4161723745783484,0.4371907539607027,0.3469741089535579,0.39097360281909116,0.2940237542876398,0.45909925035943155,0.38901281499795837,0.47686467609533706,0.4652796711925836,0.4353536008201713,0.2806157548008807,0.0,0.33124616175908006,0.32871131510549056,0.46430302823523123,0.0,0.27926664270321755,0.4526900413513453,0.39634981325559826,0.4265388599733745,0.4750696262262854,0.0,0.4276965064472979,0.0,0.37284833930585437,0.45048698483815,0.4310651225492036,0.24932959403613328,0.0,0.0,0.4207243050915207,0.40436889297660844,0.40856748109720387,0.34382446400167316,0.4595682299976659,0.0,0.2545028617628543,0.40156746911912605,0.45855135280912596,0.42267607791974143,0.3947073467615462,0.4404506021418601,0.4427959629526213
0.4045103429565253,0.43030372594804067,0.36611875370781044,0.31908811708784224,0.37794512434156224,0.3404417749645044,0.364364941361097,0.40934936104382497,0.3579510227896641,0.39648341461197995,0.3851797344427291,0.379126903723477,0.3276909918960055,0.30749437813255354,0.3990429261300918,0.42165700239417053,0.4115188521057017,0.42797946103786594,0.40011566872560334,0.37187960691932404,0.3984318411100522,0.403137295759025,0.3885541183931268,0.37515713004119144,0.4122908697692814,0.3824074755378383,0.37975875747539867,0.0,0.3019193174146879,0.32131484442648,0.3661344733775021,0.38733449924816066,0.4049489682220267,0.36680056924891974,0.35168381507842594,0.28839871744663303,0.3046585620209356,0.35917273802404537,0.47379926291734076,0.0,0.42967699998710973,0.4300520983237407,0.42582729979887973,0.3451259015978241,0.0,0.3322865335740261,0.264419653539245,0.28653610112103634,0.0,0.0,0.43395517932221556,0.25431578318649073,0.45639108230180353,0.2679816013395895,0.3757889113790839,0.0,0.0,0.236403453023625,0.0,0.38686719292094557,0.2711744956967927,0.0,0.30728925649031924,0.0,0.42308162006616157,0.41758612488799307,0.31055366667833373,0.4823357431745408,0.0,0.31181264361562616,0.35740657261155373,0.4757145384911247,0.37842323500608055,0.40412202045070383,0.33787692662024216,0.40793728486701397
0.3992326148366311,0.3974305768332403,0.3208447887448418,0.32298463151783696,0.40793927108921074,0.2828238927916248,0.4042227544941865,0.34613549227302703,0.3368639697844788,0.0,0.2998377168100832,0.0,0.3795446225183957,0.0,0.3935733497253385,0.41986393599415883,0.3515268485904374,0.42224205588051505,0.0,0.3347101236939986,0.38714015822377357,0.387324103518925,0.3804172110170668,0.3609864000176324,0.4088630486159738,0.39435023120528656,0.3447498224027756,0.3019193174146879,0.0,0.3155232374044965,0.35026926987309204,0.3985098772591624,0.35670917145219316,0.39817814983100125,0.4329495112180944,0.41094163228149927,0.3982502991762747,0.0,0.4524391829244615,0.33802299012958203,0.3396326987659553,0.4127696896866237,0.40675005330263864,0.0,0.0,0.0,0.34851356702418024,0.37204855293876793,0.0,0.0,0.3860543214875217,0.2659984252807645,0.4230533182135632,0.29942545983093577,0.0,0.0,0.0,0.25358358516188506,0.0,0.4065059249188847,0.24509784894561332,0.0,0.2597875938936721,0.0,0.3672419658138463,0.397414069404306,0.2693863918562821,0.46969785116942636,0.0,0.2488410611173873,0.3845786751553635,0.4648151048992821,0.3803076541172314,0.4299299063196805,0.39366988561978566,0.40534902287402275
0.0,0.0,0.0,0.0,0.0,0.36260381095472766,0.0,0.3940681311901175,0.33686077080004223,0.0,0.0,0.0,0.3753192558878684,0.0,0.40435135756995255,0.3831555919987311,0.0,0.0,0.0,0.28685363439790923,0.3856650956536529,0.2946891253111207,0.3871243868100356,0.0,0.0,0.0,0.3884602054198236,0.32131484442648,0.3155232374044965,0.0,0.32468418971120744,0.39336282475029244,0.3966833794322547,0.3801516091016666,0.38817076910606624,0.0,0.0,0.0,0.4634909720868268,0.0,0.0,0.0,0.0,0.0,0.0,0.0,0.0,0.0,0.0,0.0,0.41159258273942895,0.0,0.41097600787488564,0.0,0.0,0.0,0.0,0.0,0.0,0.0,0.0,0.0,0.0,0.0,0.4015410643956163,0.4241860175488968,0.35432709336971335,0.48010123944002253,0.0,0.0,0.0,0.4683214899404968,0.3506822395245853,0.38486534655731774,0.0,0.0
0.36050113291366814,0.35836744805277493,0.3798301436603818,0.32963719123459106,0.417305106219842,0.3782824484250571,0.41247266601992794,0.42410049937677397,0.4014953513068333,0.34451491780603477,0.41740632962504176,0.3515394348834792,0.3969384429494956,0.0,0.4009987942337153,0.3894969980779832,0.3376791263722211,0.35103007895952676,0.39155262219503806,0.3829367729806191,0.3961752622332027,0.3801873241858933,0.3996749272215295,0.3536850514544901,0.3477224012859095,0.35729929258184034,0.40086330344825516,0.3661344733775021,0.35026926987309204,0.32468418971120744,0.0,0.4039658617295828,0.33285939293579825,0.3030201155143086,0.3126445708895614,0.39211271318207347,0.3925992334822591,0.3066486507187262,0.46354173302456003,0.39540890761975456,0.43506225248156594,0.47541468849019153,0.0,0.0,0.0,0.43738030468738004,0.4451087050066406,0.0,0.0,0.0,0.40406295695546085,0.2784984749722214,0.48301994917468194,0.27672098607897816,0.3771618128592114,0.0,0.3966582620630771,0.29105774584606037,0.0,0.4491555935973867,0.43553060478883854,0.38783424961292645,0.41702944307162115,0.0,0.4206279997310386,0.45218502614846773,0.4444702377362035,0.48826236916276045,0.41060499821362956,0.4249742052738751,0.4436334495751915,0.4784602949338076,0.36194647003078506,0.42768365868717845,0.0,0.4038807765930608
0.41937127205909797,0.41064254681214696,0.3305522663836575,0.31359117596198155,0.385357165971466,0.3749865535436358,0.3747909657315982,0.3856996268144839,0.36144181377614015,0.32524628438497,0.38507355612416244,0.2670398554481252,0.39245216540792865,0.37503976596547234,0.4182753360534486,0.4409149182512001,0.41859579211294534,0.423170944032581,0.37666539598550147,0.43021921984209516,0.4108859974748358,0.42291497654186955,0.38553376376245,0.37767853168563337,0.4121624869398662,0.41046869410129627,0.39516405189230075,0.38733449924816066,0.3985098772591624,0.39336282475029244,0.4039658617295828,0.0,0.350384245856145,0.36671538011895144,0.3768328594895645,0.303909080718349,0.3255872962706626,0.2786875657233794,0.33705673899752103,0.3288955070802354,0.37986965175056675,0.3797453130943875,0.38762757295757505,0.3317500522047032,0.2723276106441968,0.455168175960301,0.4626976981080992,0.36108379363870263,0.0,0.0,0.46375297013816047,0.33185076226425303,0.46777091407425325,0.34654370594764244,0.44417855966733244,0.0,0.3976031538112349,0.38990076607853835,0.0,0.4470565887539046,0.46517391088936616,0.4148782894400582,0.48505065535534486,0.0,0.4265586718079823,0.4562842799912289,0.4557926213020092,0.4763642836309003,0.43493327450544356,0.46282332280281013,0.4569306821059575,0.4740922512193312,0.4715187583849399,0.4540039379679583,0.4626567995660419,0.46417104910347096
0.34124344637785575,0.35447405402422727,0.0,0.0,0.0,0.33756041898186456,0.34896381653538383,0.43866538570730024,0.3320904774220643,0.28833253883010107,0.3219001160392519,0.2719704557753335,0.38921890224037614,0.0,0.3616477377474629,0.4050713108192822,0.34369458266755565,0.3463634742861599,0.0,0.37378712962869076,0.3616798565946862,0.3902047413435401,0.36342055651240013,0.24825218816819863,0.3259490702625049,0.3390883299943865,0.3751373478712293,0.4049489682220267,0.35670917145219316,0.3966833794322547,0.33285939293579825,0.350384245856145,0.0,0.23805615666635735,0.39087242566255426,0.27564985561258726,0.315197233037305,0.20763773552130999,0.3202875559648449,0.3123655121996495,0.3414229919386163,0.3612634197908317,0.0,0.0,0.25582146366597025,0.41505095325288793,0.45366769157752235,0.0,0.0,0.0,0.43585561363734315,0.0,0.0,0.0,0.3389417688970262,0.0,0.33981647122050856,0.0,0.0,0.45140840124230186,0.4397058834060271,0.36892977339771715,0.3862813181831121,0.0,0.3860435752796308,0.45534358225923327,0.45639503467880893,0.0,0.3376094191553704,0.40001231609396265,0.4179231198641025,0.4583977716980695,0.0,0.424147648820731,0.0,0.37936761242673517
0.35395817548905406,0.36226735750393746,0.3437546752944369,0.276552412847318,0.3947506775756895,0.3945162810163315,0.37159185908816394,0.42181814673411805,0.3847017046831517,0.3073466528837945,0.39217327191579726,0.25775668847809113,0.384978001989221,0.0,0.4151364600557904,0.38341549491848714,0.35455348487279337,0.3595325539707544,0.3435505809591962,0.42068537439493137,0.40284831308394786,0.40590507541545395,0.41372433002846365,0.28503122486447124,0.3515115999510086,0.360841424702251,0.4161723745783484,0.36680056924891974,0.39817814983100125,0.3801516091016666,0.3030201155143086,0.36671538011895144,0.23805615666635735,0.0,0.27298965345796566,0.3786293969747681,0.31540981023082054,0.21147839571637642,0.39387591675026395,0.38619878020664855,0.343446932696386,0.39736943841430417,0.3105088164025268,0.0,0.0,0.4261747916880814,0.44931210102887764,0.0,0.0,0.0,0.42310028839503777,0.2987181945419755,0.4839712109343617,0.30622732641885125,0.37831153662322925,0.0,0.3746875665117765,0.342942902357092,0.0,0.4550210709777678,0.440440982988765,0.37858279511216114,0.41614389186671263,0.0,0.44633002071679423,0.46014683670451956,0.45792317032361424,0.49862269156473854,0.3734407471265774,0.41813780150336977,0.4403547175920325,0.48413485896266634,0.3946046749351736,0.44555433161691055,0.40840296142639065,0.4169066372328579
0.4159679495416072,0.4264085954572117,0.3713698745934307,0.26163392700933263,0.40010646856441373,0.4126325909413944,0.37404838320942924,0.421276801639486,0.35304937444400236,0.3069165495403378,0.39463879288115206,0.3113402528096608,0.3808216737331773,0.0,0.4626820378125646,0.4483410447496991,0.3443923174345511,0.3631991508487957,0.37652051653771107,0.47409093219148196,0.45643581186827853,0.4632116778500985,0.41042053448475047,0.30838658117860623,0.3608007200535633,0.4026273126862373,0.4371907539607027,0.35168381507842594,0.4329495112180944,0.38817076910606624,0.3126445708895614,0.3768328594895645,0.39087242566255426,0.27298965345796566,0.0,0.3767417745081313,0.32460379029498254,0.2643924280621827,0.3636917844953891,0.35224504065001244,0.3315065616815611,0.38435574519058135,0.48033516975506685,0.0,0.33605775829648477,0.0,0.4763082028554774,0.0,0.0,0.0,0.39370018702658277,0.0,0.5113429220076994,0.0,0.40720097622332563,0.0,0.41398352085428025,0.36198256808067397,0.0,0.4824361111372518,0.4632529980046616,0.0,0.4141477056302587,0.0,0.44042619498076563,0.5204038053822013,0.49011545223251146,0.4937132794719344,0.0,0.4310900548568277,0.48272978669563227,0.4996492725410698,0.38458614730655494,0.43297092100010076,0.0,0.40955412317688034
0.0,0.0,0.2640483615241569,0.19197661109848418,0.2497855324140273,0.3674829593577042,0.32055612041859943,0.27127000835124854,0.31741032292902277,0.37656992781680576,0.25551070656259295,0.302609508825053,0.3464013605721714,0.2063374599257766,0.4901185143883515,0.0,0.0,0.0,0.2974085121265737,0.46726122813057136,0.38869385466156403,0.4888122768563471,0.30713253251878314,0.0,0.0,0.0,0.3469741089535579,0.28839871744663303,0.41094163228149927,0.0,0.39211271318207347,0.303909080718349,0.27564985561258726,0.3786293969747681,0.3767417745081313,0.0,0.2105030430684636,0.29358515619838454,0.35095010690536216,0.0,0.0,0.30073776540247227,0.3002339328964414,0.0,0.0,0.0,0.0,0.3099481166432885,0.0,0.0,0.3900010150108506,0.29545775351714826,0.29815448860072985,0.3869818511523361,0.0,0.33516877925289906,0.0,0.37157422292373476,0.3574734244981876,0.0,0.0,0.0,0.0,0.0,0.0,0.0,0.0,0.4213662872687516,0.0,0.0,0.0,0.42089924023263253,0.3919502428704953,0.3749754374785865,0.0,0.0
0.0,0.0,0.31324345726323277,0.19023937175752645,0.33483322859936365,0.3870348647364659,0.25274578687654814,0.0,0.334038904770591,0.28698212046122407,0.3316947347516933,0.3511689770052995,0.32348896985056697,0.15540081796246188,0.46342997972004996,0.0,0.0,0.0,0.3435823461610001,0.43461003475275817,0.0,0.0,0.3785924543540237,0.28349912412636163,0.0,0.0,0.39097360281909116,0.3046585620209356,0.3982502991762747,0.0,0.3925992334822591,0.3255872962706626,0.315197233037305,0.31540981023082054,0.32460379029498254,0.2105030430684636,0.0,0.3165077753571421,0.30895683955150616,0.0,0.0,0.3480044631938815,0.0,0.0,0.0,0.0,0.0,0.0,0.0,0.0,0.308122046910618,0.0,0.0,0.0,0.0,0.0,0.0,0.0,0.0,0.0,0.0,0.0,0.0,0.0,0.0,0.0,0.0,0.3894407534440129,0.0,0.0,0.0,0.32806516284027587,0.3755995532085993,0.3237666614018428,0.0,0.3886316708599693
