0.0,0.33532011507512105,0.3237955952791314,0.0,0.0,0.28162289103096116,0.0,0.42491076424252905,0.0,0.29470116308054906,0.0,0.30726331590218775,0.0,0.0,0.3109790654006692,0.3424808123129485,0.326021809721456,0.3286822893928564,0.0,0.4366424162668582,0.353640271539627,0.37126445587062423,0.3950752663733679,0.31316143950411557,0.32841082576092806,0.31048488086885784,0.34375943595770114,0.0,0.0,0.0,0.3164624998019964,0.3698505612470373,0.2759059912883282,0.27495437556396046,0.36562888825310685,0.0,0.0,0.3298599536475397,0.4103912801434649,0.3626731393647038,0.38295248271738513,0.4525863845701278,0.0,0.0,0.0,0.373366226103888,0.4117319645637324,0.0,0.0,0.0,0.30298688541509144,0.27431045105850177,0.0,0.0,0.37197231921087137,0.0,0.37855263654239557,0.2628712850530954,0.0,0.0,0.40177098166479225,0.29409669735889377,0.35557427219155346,0.0,0.0,0.0,0.41410023383345174,0.39494699654004545,0.0,0.40016612416554576,0.39341135074882155,0.3790184340002045,0.0,0.39327143883910654,0.0,0.35307721695499167
0.33532011507512105,0.0,0.2781347577630726,0.0,0.3309052398067735,0.37904383006690406,0.35178479911558014,0.3904874345854491,0.28213522871251645,0.24049154434440279,0.24873010409671134,0.20920838976738104,0.40512053340921783,0.0,0.3730455499560123,0.3747921833363753,0.0,0.3542047499240405,0.0,0.38992012421720296,0.362655058898173,0.3579230332576746,0.3667309025665618,0.30111839812878644,0.3561143813982693,0.3511575325764189,0.3912495519971788,0.3997401340025982,0.38804636132166614,0.0,0.3141793153964083,0.37514181676715175,0.29802566757408944,0.31494981095230495,0.383468472112396,0.0,0.0,0.0,0.4194831587445037,0.3912196467235596,0.40951083455729453,0.43834076028071084,0.0,0.0,0.0,0.391358358279295,0.43781437976304705,0.0,0.0,0.0,0.28935333176696465,0.2511333046415195,0.4188131018218283,0.2656341636205045,0.2843165811109409,0.0,0.303800152473664,0.2175366602189375,0.0,0.4436427763305955,0.41823593302621176,0.27931422830425345,0.3664689385072777,0.0,0.4062860450866921,0.46457459621694597,0.4404621328907498,0.30781124611238586,0.0,0.39671808988880636,0.43125852564081046,0.3318965808136024,0.23239931339206774,0.35753040508163936,0.0,0.38302457678092605
0.3237955952791314,0.2781347577630726,0.0,0.0,0.30293375907956455,0.3107037771137836,0.3610148930861008,0.40743642284358395,0.29792622271245106,0.3226758503585412,0.22388362549867064,0.0,0.3716360772580012,0.39307755310791054,0.3080168974103349,0.2956271073089385,0.0,0.0,0.24269602190812653,0.3448441447371465,0.28180046677133175,0.3418832119048111,0.260852222533326,0.0,0.21115003806372884,0.2535224382962996,0.24861220493505612,0.36965802350615573,0.3094003710444513,0.3382479535853231,0.37859780202825527,0.3467620225067095,0.0,0.3712044571723204,0.38217400626053044,0.34210630002672526,0.3326280606256792,0.23458626150267212,0.39488116774143667,0.0,0.3653717966594751,0.0,0.4416571184205675,0.0,0.0,0.0,0.0,0.3504464736336063,0.0,0.3830422230853683,0.4908067552994855,0.23650171081982535,0.4653431369539283,0.5186050347052843,0.0,0.2830891199611145,0.0,0.35099234521685563,0.4610974227999868,0.0,0.0,0.0,0.0,0.3013205033847304,0.0,0.35680482844108596,0.3105169793959022,0.4198019115763962,0.0,0.0,0.29649944428982283,0.4515804744581944,0.302268550628606,0.3054848345501792,0.0,0.3743393701147876
0.0,0.0,0.0,0.0,0.17828624198030638,0.0,0.19985511675435136,0.2987464572889798,0.3172378991492122,0.0,0.2988860762757365,0.0,0.22278700831877146,0.1965088395730969,0.0,0.0,0.0,0.0,0.0,0.39635805491929166,0.0,0.0,0.0,0.0,0.0,0.0,0.37559241112072317,0.2145420434661601,0.0,0.0,0.0,0.30838328661646264,0.0,0.24623345936730304,0.25475870158021074,0.1629913363317346,0.17411154662885073,0.0,0.0,0.0,0.0,0.0,0.0,0.0,0.0,0.0,0.0,0.0,0.0,0.0,0.0,0.0,0.0,0.0,0.0,0.0,0.18371334042480492,0.0,0.0,0.0,0.0,0.0,0.0,0.0,0.0,0.0,0.0,0.0,0.0,0.0,0.0,0.0,0.0,0.0,0.0,0.0
0.0,0.3309052398067735,0.30293375907956455,0.17828624198030638,0.0,0.33532849301676265,0.3153279817035022,0.35699677150326087,0.3110637603844171,0.2975897117263362,0.2781346360422662,0.29822167615467104,0.33991943640473765,0.23679014577199492,0.0,0.38221010842687064,0.0,0.30848585766870484,0.30938800726025584,0.4079554437692882,0.0,0.41059073595149775,0.3347522119435689,0.2956239455627417,0.3239879440188591,0.3061468587970643,0.32379117963378634,0.3160155191003279,0.3694645537397118,0.0,0.39563997083356817,0.3601708360212242,0.0,0.3832989121092557,0.38385294771802586,0.1724680722561562,0.18498827745785906,0.32717286998587797,0.3456986254934362,0.0,0.3343165948476468,0.0,0.33439084771515604,0.0,0.0,0.0,0.0,0.39545702869524213,0.0,0.3244675908616256,0.39316442617364017,0.31981373825556125,0.4155806212358584,0.3813587386675262,0.0,0.2847985309682577,0.0,0.2543256463657165,0.36508118132418865,0.0,0.0,0.0,0.0,0.3897085096450859,0.0,0.0,0.2846044522711616,0.44544657966555956,0.0,0.0,0.0,0.3530962927398588,0.26626053541605765,0.29101546031029185,0.0,0.0
0.28162289103096116,0.37904383006690406,0.3107037771137836,0.0,0.33532849301676265,0.0,0.3717619126612836,0.32735317811322,0.30022357149259116,0.3715120991252785,0.3238015375451919,0.2625662999879197,0.3464043621549118,0.37454557372870007,0.3580696417863108,0.4060673279645036,0.0,0.34397980405130124,0.29451402913010993,0.3624271439899539,0.28723641617937573,0.3876773055841657,0.31574839726734183,0.0,0.37788621811391815,0.3798751185280781,0.30155926653791576,0.3179593332134205,0.29868804636132157,0.3491762813702144,0.37691485062000163,0.367092206534335,0.2713726044387812,0.3877303296140272,0.4136378686941667,0.403645601999467,0.39525762650447005,0.0,0.45416846248297216,0.2929791446205531,0.46438117853425326,0.3903419545708188,0.3739351693562719,0.2728880383100925,0.0,0.0,0.2666312613816429,0.4758309674620919,0.0,0.3464345699196851,0.4488146813592214,0.2882005802651054,0.41234129272283726,0.4848551344769025,0.0,0.3138499572626307,0.0,0.32414166804333355,0.3868145728033495,0.32313813460486673,0.22800330656343867,0.0,0.23604781744218548,0.4512828827783478,0.34935721246654583,0.35450440011820084,0.1838640479200357,0.44156087096691143,0.0,0.22311552272913893,0.307271483635075,0.43669167423925637,0.38954827817160886,0.4065287892813615,0.3814343053482717,0.43800046646914575
0.0,0.35178479911558014,0.3610148930861008,0.19985511675435136,0.3153279817035022,0.3717619126612836,0.0,0.3993873456518862,0.3676053096237934,0.281573855519948,0.3672803844185524,0.31758548428639705,0.3217754077615808,0.28259503808045733,0.0,0.4140543235372871,0.3137301906534358,0.3823338181672987,0.37903303276472755,0.41148672239135603,0.3382665775736064,0.4341445451849948,0.3704656962908448,0.35705384458697464,0.37305570804305466,0.32139490254614544,0.3739117230395482,0.33326927359424796,0.381123621614076,0.4313417636795632,0.3940918913309944,0.3387511336067451,0.0,0.35285297590818093,0.36026187968831536,0.22251967048521365,0.21238817292363,0.3587047009133175,0.28448116560181264,0.0,0.3247752172268417,0.0,0.3023614607395303,0.0,0.0,0.0,0.0,0.3313388285445122,0.0,0.32191055435482463,0.3651954962326458,0.3015566593255905,0.3807156547565082,0.0,0.0,0.2507070325626017,0.0,0.2674551279514952,0.0,0.0,0.0,0.0,0.0,0.0,0.0,0.0,0.2741083754807075,0.45679046988847005,0.0,0.0,0.0,0.3801304026289038,0.2682661243148428,0.2923996440685723,0.0,0.295799242907232
0.42491076424252905,0.3904874345854491,0.40743642284358395,0.2987464572889798,0.35699677150326087,0.32735317811322,0.3993873456518862,0.0,0.4376267071736292,0.3422580732430658,0.3067369662865294,0.3481469227698311,0.390888832361097,0.31341932107740067,0.4055893801145173,0.3768544513709729,0.0,0.3698221292566766,0.42690796750721055,0.3831529143960316,0.3183354190423522,0.3725967586359339,0.30727988499599423,0.43893441185303944,0.39965266517387904,0.41168272237986153,0.36424110230805595,0.38304781500109064,0.3312832620995121,0.3591597796664624,0.4121289431608604,0.37188154605327234,0.38084254147054686,0.4232362111416453,0.4224467720995037,0.23423559545683661,0.39096955532052463,0.0,0.45087450149106995,0.4247342912125445,0.4834106422314978,0.48024130078215865,0.34969584178921526,0.0,0.0,0.0,0.0,0.48119441097097604,0.0,0.3879487846378724,0.4482543352892617,0.42374932865183956,0.3682042319471254,0.48267566479262236,0.0,0.38815344950953556,0.0,0.4251419209872322,0.39300679616531453,0.0,0.0,0.0,0.0,0.4669678020143973,0.5053488243617815,0.36856761700553986,0.0,0.4385421365166742,0.29663465218577545,0.0,0.3516025671533848,0.44806175402437404,0.4215449399823823,0.4081123093242705,0.38845526596900176,0.4660393747064334
0.0,0.28213522871251645,0.29792622271245106,0.3172378991492122,0.3110637603844171,0.30022357149259116,0.3676053096237934,0.4376267071736292,0.0,0.32816988151418763,0.29295904020599284,0.23816817685692718,0.35478730108524337,0.3486708262041832,0.28020481094450145,0.3257043572750931,0.0,0.20563052497132772,0.2874110094867118,0.36723179487809793,0.27223457590133004,0.345305589893456,0.3351120366572262,0.2771882650717932,0.197070543592872,0.21962935433743766,0.3064191539513113,0.39646591359938044,0.3335188070109915,0.37779235395624433,0.4131240524672587,0.3790484148894877,0.25819442814685245,0.3993316149790293,0.3651047961138404,0.30699487429384675,0.35723465210341177,0.22383843826675728,0.40034823742087045,0.24779808728763736,0.30655918652122355,0.0,0.438730456887064,0.33097484920116804,0.0,0.0,0.0,0.5018735397151117,0.0,0.36870399469097226,0.4826881912103558,0.28893170531829804,0.5016333138752681,0.4584182191582415,0.0,0.33777895298395627,0.0,0.3027447083716754,0.44472136281089725,0.28198109140322164,0.0,0.0,0.0,0.48281174932858656,0.2845847277663264,0.33393439887777804,0.2694424421284926,0.4971877368490005,0.0,0.0,0.26846781868633285,0.49212767519941003,0.28926821313004913,0.2880767049922533,0.0,0.3098093217074955
0.29470116308054906,0.24049154434440279,0.3226758503585412,0.0,0.2975897117263362,0.3715120991252785,0.281573855519948,0.3422580732430658,0.32816988151418763,0.0,0.3280043352975499,0.2754752155789454,0.36236895301894856,0.0,0.2430465407093427,0.27578179318305907,0.2887992106018418,0.2879167895343466,0.34462561131326064,0.0,0.3683207521438152,0.27845269247308035,0.3047826288855874,0.27464235993884156,0.3064967682529682,0.30116939456026903,0.32290455491665904,0.35283795435837584,0.0,0.0,0.28490518204487403,0.3506902251804612,0.28476581522686073,0.2762623340366291,0.32914131992867646,0.35700571619818133,0.0,0.24068435633148227,0.38221519504772816,0.32923268643302667,0.3277916807737897,0.43216953513188483,0.0,0.0,0.3048161752059165,0.341784224554884,0.3378189676687661,0.0,0.0,0.0,0.0,0.0,0.0,0.0,0.38397216934650685,0.0,0.3980195956206552,0.3432088836936073,0.0,0.0,0.34185653811276157,0.3627493673812563,0.35555899509506156,0.0,0.0,0.0,0.38412465790920236,0.0,0.34857529538831644,0.3818904671487469,0.3942134639220043,0.0,0.3781905651310291,0.27364774292162525,0.0,0.38001075101774706
0.0,0.24873010409671134,0.22388362549867064,0.2988860762757365,0.2781346360422662,0.3238015375451919,0.3672803844185524,0.3067369662865294,0.29295904020599284,0.3280043352975499,0.0,0.2892385738961597,0.3711970923876381,0.2727563746635365,0.0,0.0,0.0,0.0,0.2070461589834512,0.0,0.0,0.0,0.2860076877565725,0.32168517323624835,0.2735603186995488,0.22336229724362644,0.30488598537284817,0.3730034960328387,0.0,0.0,0.4051243671544223,0.36720429939253874,0.0,0.38514018450239274,0.3861316137018051,0.23196061195151646,0.3414350977124025,0.2840839424802628,0.3696897874620132,0.0,0.0,0.0,0.2965673849575538,0.0,0.0,0.0,0.0,0.43343893110640436,0.0,0.3117783519605738,0.4075371856468649,0.2889069450195549,0.41206588968699576,0.4656697949485425,0.0,0.24049196482237095,0.0,0.2966480324459165,0.342269517577445,0.0,0.0,0.0,0.0,0.27435768180790127,0.0,0.0,0.0,0.40581483906677185,0.0,0.0,0.0,0.42764112694649065,0.2386838693968197,0.0,0.0,0.3066226652784464
0.30726331590218775,0.20920838976738104,0.0,0.0,0.29822167615467104,0.2625662999879197,0.31758548428639705,0.3481469227698311,0.23816817685692718,0.2754752155789454,0.2892385738961597,0.0,0.26062636267572703,0.0,0.0,0.2582786637401898,0.30033773532689356,0.18072508909784563,0.0,0.0,0.34905565904994224,0.0,0.2777209249946534,0.26151311894834295,0.3003321134027315,0.28191131757470067,0.24362796779027593,0.3066811869051599,0.0,0.0,0.28043288042548087,0.2750296484618974,0.24972332504408262,0.2338680536676156,0.27543441661075374,0.30004011341537073,0.28175217212477993,0.20186868863894342,0.3806455298686963,0.335953607996758,0.3378412067426263,0.39161041945642694,0.0,0.0,0.3177955304383319,0.3395210185057408,0.32531238086901143,0.0,0.0,0.0,0.0,0.0,0.0,0.0,0.38823949053660406,0.0,0.2825502057773016,0.34001087598655155,0.0,0.0,0.3193947581375924,0.3315267733201468,0.3523602637107752,0.0,0.0,0.0,0.0,0.0,0.36472705167042174,0.3807734364169392,0.39093893275570035,0.0,0.37160322117572475,0.3036911025524502,0.0,0.35704140761477104
0.0,0.40512053340921783,0.3716360772580012,0.22278700831877146,0.33991943640473765,0.3464043621549118,0.3217754077615808,0.390888832361097,0.35478730108524337,0.36236895301894856,0.3711970923876381,0.26062636267572703,0.0,0.26661193983088943,0.4309736067543078,0.4402644025978982,0.322916347066419,0.3781087611569933,0.38511189247542926,0.40443618109921564,0.37995635251847454,0.4364492367798214,0.3779547329367574,0.23950593235309037,0.4009095429910994,0.38335838797731314,0.3826943779997617,0.2984084731988004,0.3505007848805284,0.3272220703204459,0.3702955952851824,0.35055312834354546,0.33356799322065894,0.36550649631322485,0.3627796790888567,0.2696480726631079,0.30218095396484773,0.33181887483866446,0.4549042403042579,0.0,0.348300236704315,0.0,0.347525027125125,0.0,0.0,0.0,0.0,0.31189899276402033,0.0,0.3088439339401,0.3492758972427465,0.28037864199199497,0.4153276212112307,0.26232182100304,0.3472934962853832,0.25982457510789064,0.0,0.1810446597718631,0.0,0.0,0.0,0.0,0.0,0.0,0.34163968972005054,0.0,0.2602607639215124,0.4562229885521708,0.0,0.0,0.29627196029029534,0.43150921735159287,0.19061526879620597,0.35096069410270225,0.0,0.3199898006672373
0.0,0.0,0.39307755310791054,0.1965088395730969,0.23679014577199492,0.37454557372870007,0.28259503808045733,0.31341932107740067,0.3486708262041832,0.0,0.2727563746635365,0.0,0.26661193983088943,0.0,0.0,0.0,0.0,0.0,0.34582695168646355,0.0,0.40117993062318835,0.0,0.3531169294469994,0.0,0.0,0.0,0.38814464748697747,0.20646762874917324,0.0,0.0,0.3253814496899385,0.23538336135779644,0.0,0.0,0.0,0.17008786045388175,0.1585574455595456,0.0,0.0,0.0,0.0,0.0,0.3186486604280782,0.0,0.0,0.0,0.0,0.376169632432889,0.0,0.2891204002609432,0.32538408724904344,0.34999544323966764,0.3504339957703994,0.42068890423070454,0.0,0.3087011640067363,0.0,0.3141646113705102,0.33178866522743533,0.0,0.0,0.0,0.0,0.3231394376078938,0.0,0.0,0.0,0.38882709998712306,0.0,0.0,0.0,0.3765442781691295,0.0,0.0,0.0,0.0
0.3109790654006692,0.3730455499560123,0.3080168974103349,0.0,0.0,0.3580696417863108,0.0,0.4055893801145173,0.28020481094450145,0.2430465407093427,0.0,0.0,0.4309736067543078,0.0,0.0,0.3884050300688484,0.27214343589828366,0.3666762595558746,0.0,0.3184390046071511,0.34297943268591874,0.3342922610525848,0.2952837855831817,0.0,0.3501333351134327,0.31073080923879287,0.37885831770710343,0.36763466793354754,0.35444439641914716,0.0,0.37847113444017894,0.3896523179894651,0.3166011350906145,0.3793561800735976,0.43511922374207196,0.4922897596041257,0.4385730905970769,0.0,0.44984710136858047,0.43863763174617637,0.42030211415160224,0.5025300233740663,0.0,0.0,0.0,0.0,0.42027068489674624,0.0,0.0,0.0,0.39627772241294223,0.0,0.0,0.0,0.0,0.0,0.0,0.0,0.0,0.41778706927460335,0.32685288716774186,0.0,0.0,0.0,0.4516059163472415,0.449196953540956,0.4652842039963892,0.3795138393965616,0.0,0.266807365534475,0.42342051086716537,0.42349695302894663,0.3610817156938587,0.41723529831856854,0.37000546291401726,0.4146692335575287
0.3424808123129485,0.3747921833363753,0.2956271073089385,0.0,0.38221010842687064,0.4060673279645036,0.4140543235372871,0.3768544513709729,0.3257043572750931,0.27578179318305907,0.0,0.2582786637401898,0.4402644025978982,0.0,0.3884050300688484,0.0,0.3286080487271298,0.3485195160091004,0.0,0.38907282432921036,0.3818921125751267,0.3582811013472762,0.38069339324285567,0.30583325314319876,0.3626642621611719,0.3621081528929404,0.40867435997982915,0.4170859675345483,0.40120101427471916,0.3817351009749897,0.33997808669666646,0.40991218873019436,0.33162771644288574,0.3393129688708327,0.43011790870437927,0.3648114470991022,0.3184116032179381,0.0,0.42334554614518966,0.3924379825837982,0.4023391726273504,0.4366284340054469,0.0,0.0,0.0,0.4167754731625446,0.43234101534286146,0.0,0.0,0.0,0.23357105601870742,0.28733918419926496,0.0,0.0,0.2805686066063118,0.0,0.2798110663292327,0.251708065557252,0.0,0.43256957946099933,0.4171945034587077,0.2747549735535866,0.36539996896325555,0.0,0.37369606003676126,0.4238801441769477,0.4334644374660958,0.27947032337857397,0.0,0.4090316088433473,0.42589753773851236,0.309585108122107,0.25339738984905014,0.3096388333557759,0.0,0.38588700650461166
0.326021809721456,0.0,0.0,0.0,0.0,0.0,0.3137301906534358,0.0,0.0,0.2887992106018418,0.0,0.30033773532689356,0.322916347066419,0.0,0.27214343589828366,0.3286080487271298,0.0,0.2877732346679057,0.0,0.30234041101095094,0.0,0.32900075404584045,0.0,0.3164200045973812,0.32341084708150936,0.2902092216120139,0.0,0.3238103969744632,0.2957932228220478,0.0,0.30598828868088296,0.3738004502676527,0.31017599852177946,0.3083563762160894,0.3559729781796914,0.0,0.0,0.2575016646061325,0.40215919908581144,0.3739223574582171,0.3519033664667477,0.0,0.0,0.0,0.0,0.0,0.38132501562015153,0.0,0.0,0.0,0.0,0.0,0.0,0.0,0.39821103215905995,0.0,0.3717186765273537,0.0,0.0,0.0,0.33555427033626617,0.34620784881402733,0.36954581101680817,0.0,0.0,0.0,0.30276928121656616,0.0,0.3569448859078048,0.40721829247383723,0.4095343495274487,0.0,0.0,0.0,0.0,0.350900058414357
0.3286822893928564,0.3542047499240405,0.0,0.0,0.30848585766870484,0.34397980405130124,0.3823338181672987,0.3698221292566766,0.20563052497132772,0.2879167895343466,0.0,0.18072508909784563,0.3781087611569933,0.0,0.3666762595558746,0.3485195160091004,0.2877732346679057,0.0,0.0,0.3908488975590647,0.3535364863534455,0.37499273395356014,0.33371876743458145,0.30867414221074774,0.33095830090128886,0.3292702962617828,0.3652635541431486,0.41056429231996094,0.38586762822157755,0.42211347750733746,0.3081830027867039,0.3244752686446425,0.3021950857683839,0.3109998060952379,0.32712762797649964,0.0,0.0,0.0,0.40990388108785386,0.3838227944565661,0.39277998413712295,0.3982742545871788,0.0,0.0,0.0,0.3846498007058205,0.41030482371341703,0.0,0.0,0.0,0.24644934243908478,0.0,0.0,0.0,0.3869277219249203,0.0,0.3577279695781433,0.27138426508350905,0.0,0.3474103066962777,0.40052945598538464,0.36264817092403034,0.38937532456560026,0.0,0.26983617717158576,0.0,0.3894196023163966,0.0,0.3697270573637834,0.40002179016615297,0.40369068252195905,0.27132974030942636,0.2775722891280446,0.24217327539685365,0.0,0.37835993059281564
0.0,0.0,0.24269602190812653,0.0,0.30938800726025584,0.29451402913010993,0.37903303276472755,0.42690796750721055,0.2874110094867118,0.34462561131326064,0.2070461589834512,0.0,0.38511189247542926,0.34582695168646355,0.0,0.0,0.0,0.0,0.0,0.0,0.30001901389337166,0.0,0.26504876821800494,0.0,0.0,0.0,0.32395529413238866,0.3993552604911896,0.0,0.0,0.3926528959963509,0.3753387225839436,0.0,0.347033405011397,0.3879902759707231,0.3075393389937196,0.3245334742339191,0.0,0.4173213899042658,0.0,0.34177041898423377,0.0,0.3907192333005427,0.0,0.0,0.0,0.0,0.5198900189447668,0.0,0.34779483886161555,0.46713259822575076,0.36484098110048385,0.5048272140034229,0.502858054046488,0.0,0.2584606369256379,0.0,0.3260629396618492,0.4268395497947694,0.0,0.0,0.0,0.0,0.5152523648365481,0.0,0.0,0.0,0.4974345394426723,0.0,0.0,0.0,0.48616659588731265,0.3067170904146442,0.0,0.0,0.0
0.4366424162668582,0.38992012421720296,0.3448441447371465,0.39635805491929166,0.4079554437692882,0.3624271439899539,0.41148672239135603,0.3831529143960316,0.36723179487809793,0.0,0.0,0.0,0.40443618109921564,0.0,0.3184390046071511,0.38907282432921036,0.30234041101095094,0.3908488975590647,0.0,0.0,0.37049337227313706,0.32876182156500655,0.3292656064881478,0.0,0.38862132722034903,0.3787772797731387,0.3355658801073721,0.3674962000663701,0.2991060963728957,0.3368056669926183,0.3673232570706222,0.4307101437403372,0.37601508516715076,0.40744891894549123,0.4708358776558472,0.49271880936359375,0.44058622764819877,0.0,0.43756039153309095,0.3263971164235052,0.34668135516705656,0.46198006404169895,0.0,0.0,0.0,0.0,0.4021250990186481,0.0,0.0,0.0,0.3605780963041942,0.2903784038124756,0.0,0.29172065472640246,0.0,0.0,0.0,0.3189767824654302,0.0,0.37996160754100716,0.26098821588988325,0.0,0.0,0.0,0.4251010582906084,0.3873049109794595,0.4363026195642644,0.3915865841152614,0.0,0.23706165687515432,0.4270687699219767,0.4434698822119735,0.31923916428682086,0.3746388188241786,0.3437924398577393,0.3834487066687919
0.353640271539627,0.362655058898173,0.28180046677133175,0.0,0.0,0.28723641617937573,0.3382665775736064,0.3183354190423522,0.27223457590133004,0.3683207521438152,0.0,0.34905565904994224,0.37995635251847454,0.40117993062318835,0.34297943268591874,0.3818921125751267,0.0,0.3535364863534455,0.30001901389337166,0.37049337227313706,0.0,0.383804558808051,0.32299123516806283,0.4242200017257296,0.3469038134483501,0.3512460574614223,0.3737784389095059,0.35991549804519374,0.3424533498666885,0.34530977003279717,0.34977285864717295,0.3829837106325271,0.30421339929159064,0.36202954054239883,0.44671633168598096,0.5042124635961833,0.0,0.0,0.4457593305827037,0.35842363577229136,0.40098694253336425,0.5058912841012859,0.0,0.0,0.0,0.34068687117831375,0.4348594300917392,0.0,0.0,0.0,0.40416390824674686,0.0,0.3654001829139874,0.0,0.3912030960810442,0.0,0.0,0.3740300629709643,0.0,0.40315119522675513,0.3539683497974134,0.0,0.3016860073530183,0.0,0.41933007178507287,0.39169901261489326,0.44720299825155063,0.39254645046885206,0.0,0.3279048905908778,0.4465886466221199,0.4187042499617711,0.40317912990921123,0.4295310147027636,0.0,0.38172499031660795
0.37126445587062423,0.3579230332576746,0.3418832119048111,0.0,0.41059073595149775,0.3876773055841657,0.4341445451849948,0.3725967586359339,0.345305589893456,0.27845269247308035,0.0,0.0,0.4364492367798214,0.0,0.3342922610525848,0.3582811013472762,0.32900075404584045,0.37499273395356014,0.0,0.32876182156500655,0.383804558808051,0.0,0.3385118143360315,0.0,0.3773899430908531,0.358786068334366,0.3882813114979202,0.41949737782116775,0.368565551882052,0.402971632821885,0.35147250272603436,0.4065910033973304,0.36997150883177204,0.3764010480718438,0.44371901362196864,0.49279772439811603,0.4415619652654504,0.0,0.450017319510267,0.4203501261610914,0.4337547652604599,0.4796665095855344,0.0,0.0,0.0,0.42124778057542667,0.44543704703395426,0.0,0.0,0.0,0.36306146789246235,0.2499409959547142,0.0,0.0,0.0,0.0,0.0,0.23763271724610643,0.0,0.4506702877943481,0.41120911000114097,0.0,0.29202066930203846,0.0,0.4475436273847173,0.4469917033588042,0.4504065368165221,0.41999947884245264,0.0,0.35111493126865,0.45977395027889956,0.42287317862607154,0.3098834093904031,0.4112730530195431,0.0,0.3934447922628196
0.3950752663733679,0.3667309025665618,0.260852222533326,0.0,0.3347522119435689,0.31574839726734183,0.3704656962908448,0.30727988499599423,0.3351120366572262,0.3047826288855874,0.2860076877565725,0.2777209249946534,0.3779547329367574,0.3531169294469994,0.2952837855831817,0.38069339324285567,0.0,0.33371876743458145,0.26504876821800494,0.3292656064881478,0.32299123516806283,0.3385118143360315,0.0,0.38304390651553116,0.3462407622910879,0.3817245430545855,0.26730564596066436,0.3707020567745976,0.3340562680508201,0.3633663282927852,0.3842548568854617,0.37373167806546004,0.3180117249988156,0.392713356792749,0.41024718871013766,0.39136008169566405,0.3827415058083503,0.0,0.45057691100904274,0.41778757199072464,0.48188654340953674,0.476901194179697,0.44605984929722775,0.35866499986914585,0.0,0.0,0.29054073972450783,0.504491977145654,0.0,0.4116596838329992,0.4663289567821539,0.46462595964702175,0.44367453161326376,0.49928497604134,0.0,0.4464887166050028,0.2952426225138548,0.45539181414653407,0.43739107713816766,0.40431724655247037,0.2333522143464666,0.0,0.24389160647623304,0.49752623897807224,0.42035668314001806,0.39853280996120505,0.3887930322139058,0.4651802344916656,0.0,0.21422161375627707,0.28280628989768086,0.4536842874194686,0.4513014926821572,0.432973931222001,0.4521144484562492,0.4663022095902274
0.31316143950411557,0.30111839812878644,0.0,0.0,0.2956239455627417,0.0,0.35705384458697464,0.43893441185303944,0.2771882650717932,0.27464235993884156,0.32168517323624835,0.26151311894834295,0.23950593235309037,0.0,0.0,0.30583325314319876,0.3164200045973812,0.30867414221074774,0.0,0.0,0.4242200017257296,0.0,0.38304390651553116,0.0,0.3124200459975443,0.3013791991708237,-0.05804014788137701,0.3439225698498708,0.0,0.0,0.3016227756274315,0.33754406872036946,0.21257119563804783,0.23765783059215048,0.3114336987673876,0.29126477187968497,0.0,0.21533564175353864,0.4118938813057449,0.33059542042065054,0.33566892579170615,0.0,0.0,0.0,0.28663864450349386,0.3610531866390609,0.41566114029342643,0.0,0.0,0.0,0.0,0.0,0.0,0.0,0.3726839018216099,0.0,0.3687023166674014,0.0,0.0,0.0,0.38326670425064224,0.38332217944308067,0.3734172330263158,0.0,0.0,0.0,0.3454160155198126,0.0,0.3867922851303793,0.3912033663461263,0.39370107265916743,0.0,0.0,0.2785003684451101,0.0,0.38603879656782364
0.32841082576092806,0.3561143813982693,0.21115003806372884,0.0,0.3239879440188591,0.37788621811391815,0.37305570804305466,0.39965266517387904,0.197070543592872,0.3064967682529682,0.2735603186995488,0.3003321134027315,0.4009095429910994,0.0,0.3501333351134327,0.3626642621611719,0.32341084708150936,0.33095830090128886,0.0,0.38862132722034903,0.3469038134483501,0.3773899430908531,0.3462407622910879,0.3124200459975443,0.0,0.3363876212508031,0.38038785729307545,0.4024728424425116,0.37521012795663766,0.0,0.313535163963544,0.35636001117336635,0.2842721455556373,0.306807376752246,0.33722665308124994,0.0,0.0,0.28100526647411705,0.4113689400793761,0.3809582336830157,0.3930301313040922,0.41242276570113606,0.0,0.0,0.0,0.39022069607683146,0.42210497528871177,0.0,0.0,0.0,0.22109570546779675,0.26964522665625296,0.0,0.0,0.39738022457854927,0.0,0.4013602286638156,0.24362737712094826,0.0,0.377592836586571,0.40983553243704796,0.39636333001145324,0.39362807743430406,0.0,0.3533637880859067,0.40283173472343375,0.3538066752578218,0.2653736073634565,0.41069654236693315,0.4080630727586657,0.4086865181667562,0.2594331446965007,0.3008102635559906,0.3073986889750447,0.0,0.3906298464455014
0.31048488086885784,0.3511575325764189,0.2535224382962996,0.0,0.3061468587970643,0.3798751185280781,0.32139490254614544,0.41168272237986153,0.21962935433743766,0.30116939456026903,0.22336229724362644,0.28191131757470067,0.38335838797731314,0.0,0.31073080923879287,0.3621081528929404,0.2902092216120139,0.3292702962617828,0.0,0.3787772797731387,0.3512460574614223,0.358786068334366,0.3817245430545855,0.3013791991708237,0.3363876212508031,0.0,0.3968968757089966,0.33107413135545677,0.37240140276703404,0.0,0.32649467491315376,0.3747063151746117,0.2963124858679497,0.3210215255622748,0.37546185854307157,0.0,0.0,0.26735523837332775,0.4134992665556336,0.3815889080410283,0.38623964836951113,0.4281635096908919,0.0,0.0,0.0,0.38318769565752786,0.43704377360627045,0.0,0.0,0.0,0.2222748222965887,0.2432063117242544,0.0,0.2742410233449448,0.3805862903154735,0.0,0.3835856874145745,0.24242747152939387,0.0,0.45965197588502915,0.4079737123717633,0.403295131017691,0.39354011366745967,0.0,0.42683205387077827,0.4515132127778314,0.44812741425656455,0.3293667225214162,0.4032114332302905,0.4059116190367949,0.41775785150504224,0.39084359236103394,0.30401475976618236,0.30370283075116783,0.0,0.39002040060544474
0.34375943595770114,0.3912495519971788,0.24861220493505612,0.37559241112072317,0.32379117963378634,0.30155926653791576,0.3739117230395482,0.36424110230805595,0.3064191539513113,0.32290455491665904,0.30488598537284817,0.24362796779027593,0.3826943779997617,0.38814464748697747,0.37885831770710343,0.40867435997982915,0.0,0.3652635541431486,0.32395529413238866,0.3355658801073721,0.3737784389095059,0.3882813114979202,0.26730564596066436,-0.05804014788137701,0.38038785729307545,0.3968968757089966,0.0,0.3715920913724544,0.32905839740642906,0.36308295558715165,0.3942412132444516,0.4061176418154271,0.35940342780818924,0.4142530462984097,0.4487650588828524,0.46389946416361566,0.40448311067838055,0.0,0.4475794160097127,0.38350452261631507,0.46231713701008914,0.45668396775594927,0.44571767579597343,0.28532033623476943,0.0,0.0,0.2849554250493572,0.4805009517121658,0.0,0.34577474578869105,0.4570190463522512,0.39843407841306067,0.43758723651384807,0.4824461882400191,0.0,0.44648457854711204,0.3031983625204994,0.3675264229947539,0.4872846576266807,0.4103666198148599,0.2362053843700422,0.0,0.0,0.43761668604733844,0.3920867957552716,0.4227341377524274,0.3454301841344083,0.4472883459098665,0.0,0.2369706673198357,0.39167780097043725,0.4433991622493556,0.4009552744506729,0.3551099801964635,0.40316181066728013,0.441310514050484
0.0,0.3997401340025982,0.36965802350615573,0.2145420434661601,0.3160155191003279,0.3179593332134205,0.33326927359424796,0.38304781500109064,0.39646591359938044,0.35283795435837584,0.3730034960328387,0.3066811869051599,0.2984084731988004,0.20646762874917324,0.36763466793354754,0.4170859675345483,0.3238103969744632,0.41056429231996094,0.3993552604911896,0.3674962000663701,0.35991549804519374,0.41949737782116775,0.3707020567745976,0.3439225698498708,0.4024728424425116,0.33107413135545677,0.3715920913724544,0.0,0.275509581814257,0.28712798508635384,0.3366044878195502,0.3531767457610238,0.300190573888272,0.3492686140622438,0.32328473248038014,0.21175770583237957,0.2566821933570291,0.3006627133900003,0.4385500138007607,0.0,0.46009439846880734,0.0,0.0,0.0,0.0,0.0,0.0,0.29513817783859586,0.0,0.29205284952769495,0.4157051795526808,0.26889818270952087,0.3836272773844225,0.26422289477551064,0.0,0.24254892047078094,0.24315157722208985,0.1835622812912371,0.0,0.3500864752037427,0.0,0.0,0.0,0.0,0.4162044496030024,0.0,0.31913091957924666,0.4506119469113848,0.0,0.0,0.0,0.44502047693834634,0.30174890374180435,0.3560496917208504,0.0,0.39940160521111984
0.0,0.38804636132166614,0.3094003710444513,0.0,0.3694645537397118,0.29868804636132157,0.381123621614076,0.3312832620995121,0.3335188070109915,0.0,0.0,0.0,0.3505007848805284,0.0,0.35444439641914716,0.40120101427471916,0.2957932228220478,0.38586762822157755,0.0,0.2991060963728957,0.3424533498666885,0.368565551882052,0.3340562680508201,0.0,0.37521012795663766,0.37240140276703404,0.32905839740642906,0.275509581814257,0.0,0.31463872882475163,0.3381477640458951,0.40156730744072533,0.31380625640492704,0.38759993567174283,0.4338157935588816,0.45441780089937817,0.39591575173404137,0.0,0.43005854670141774,0.3125081036162186,0.2942610096764692,0.3860015706942684,0.3034258137337275,0.0,0.0,0.0,0.34387462703622995,0.0,0.0,0.0,0.3035394391636306,0.2606187023129143,0.37079280885911486,0.2629807671644991,0.0,0.0,0.0,0.19760304154140523,0.0,0.3835103736675234,0.2520325369622577,0.0,0.0,0.0,0.3337870457760535,0.38393565983522027,0.25567514385133716,0.4215505478457543,0.0,0.23661194034201755,0.3940487772138474,0.42460169834820854,0.31394893810787894,0.39293122635954575,0.353141808886833,0.3829232605248283
0.0,0.0,0.3382479535853231,0.0,0.0,0.3491762813702144,0.4313417636795632,0.3591597796664624,0.37779235395624433,0.0,0.0,0.0,0.3272220703204459,0.0,0.0,0.3817351009749897,0.0,0.42211347750733746,0.0,0.3368056669926183,0.34530977003279717,0.402971632821885,0.3633663282927852,0.0,0.0,0.0,0.36308295558715165,0.28712798508635384,0.31463872882475163,0.0,0.2896892637111699,0.37680366788451364,0.0,0.3584254513931181,0.35388467130602064,0.3926738297283723,0.3494696808964709,0.0,0.4508218626514098,0.0,0.0,0.0,0.0,0.0,0.0,0.0,0.0,0.0,0.0,0.0,0.40235292515638843,0.0,0.32537326528344435,0.0,0.0,0.0,0.0,0.0,0.0,0.0,0.0,0.0,0.0,0.0,0.0,0.0,0.0,0.4356439898200886,0.0,0.0,0.0,0.4220948520576049,0.0,0.3570677980296083,0.0,0.0
0.3164624998019964,0.3141793153964083,0.37859780202825527,0.0,0.39563997083356817,0.37691485062000163,0.3940918913309944,0.4121289431608604,0.4131240524672587,0.28490518204487403,0.4051243671544223,0.28043288042548087,0.3702955952851824,0.3253814496899385,0.37847113444017894,0.33997808669666646,0.30598828868088296,0.3081830027867039,0.3926528959963509,0.3673232570706222,0.34977285864717295,0.35147250272603436,0.3842548568854617,0.3016227756274315,0.313535163963544,0.32649467491315376,0.3942412132444516,0.3366044878195502,0.3381477640458951,0.2896892637111699,0.0,0.3754308179317396,0.27913628835449106,0.25889603415865986,0.32400715418518583,0.4501127275066849,0.39620600350486035,0.2668062882319286,0.4209472891524118,0.37614641687658823,0.36416252923364195,0.41577592010493625,0.0,0.33362004081068547,0.3259505596897224,0.3719611920875503,0.4152068088700971,0.3348984764828901,0.0,0.0,0.36947507983549205,0.28729601897142154,0.4657354684191672,0.27529154347565266,0.32714746140045925,0.3094781693812827,0.3789475575486129,0.29156427442784427,0.0,0.4494941007899812,0.4044977012790851,0.3558174876545471,0.36451033475217864,0.0,0.4235227381879289,0.42359907868054,0.41867249497536996,0.4699554866049759,0.3662075655395909,0.3936867538369799,0.4144514092437499,0.45793323552580806,0.35571214502102183,0.3820700658439228,0.0,0.34283516550890725
0.3698505612470373,0.37514181676715175,0.3467620225067095,0.30838328661646264,0.3601708360212242,0.367092206534335,0.3387511336067451,0.37188154605327234,0.3790484148894877,0.3506902251804612,0.36720429939253874,0.2750296484618974,0.35055312834354546,0.23538336135779644,0.3896523179894651,0.40991218873019436,0.3738004502676527,0.3244752686446425,0.3753387225839436,0.4307101437403372,0.3829837106325271,0.4065910033973304,0.37373167806546004,0.33754406872036946,0.35636001117336635,0.3747063151746117,0.4061176418154271,0.3531767457610238,0.40156730744072533,0.37680366788451364,0.3754308179317396,0.0,0.31804941658117286,0.30621244738512465,0.3366421060740169,0.25374074912709005,0.30885821678169845,0.2293483278436148,0.31751850321756303,0.38765204744144066,0.4014936593489653,0.3582433637572958,0.4590280864648479,0.4732412486901824,0.0,0.3836112835324591,0.4300463254630816,0.3721278984426471,0.0,0.35058810582285305,0.4563811087993811,0.3770815442226437,0.4596788762823115,0.34990916655982657,0.39229259185608456,0.31597899370032406,0.25293996550206793,0.4424141022718776,0.0,0.4404283704018707,0.37724791509701305,0.3613459115449706,0.33841844666352217,0.0,0.44512780643858185,0.4470142581236409,0.44718621465423186,0.4603771510028172,0.0,0.3876867837094995,0.4369449777561523,0.45817697972613775,0.42531992258452184,0.4450961146713933,0.0,0.4359859263836636
0.2759059912883282,0.29802566757408944,0.0,0.0,0.0,0.2713726044387812,0.0,0.38084254147054686,0.25819442814685245,0.28476581522686073,0.0,0.24972332504408262,0.33356799322065894,0.0,0.3166011350906145,0.33162771644288574,0.31017599852177946,0.3021950857683839,0.0,0.37601508516715076,0.30421339929159064,0.36997150883177204,0.3180117249988156,0.21257119563804783,0.2842721455556373,0.2963124858679497,0.35940342780818924,0.300190573888272,0.31380625640492704,0.0,0.27913628835449106,0.31804941658117286,0.0,0.23154369616405857,0.3968188940064727,0.0,0.3062635140895406,0.18476203745844993,0.39091427216828006,0.3241514495142082,0.314612047780429,0.4132181680561196,0.0,0.0,0.25082712253389944,0.3699000888939015,0.4127531383421189,0.0,0.0,0.0,0.39741063312359576,0.0,0.0,0.0,0.3179528642163574,0.0,0.3271941986816451,0.31067682811412417,0.0,0.45302347636970663,0.39365304554969227,0.3472261382318941,0.3425852787815498,0.0,0.4414047256318079,0.4492157278251465,0.4354169299785402,0.4154297219919027,0.3138754448310821,0.37762601534547,0.3967179560338525,0.45453976429201015,0.3471415293751426,0.3765919700376859,0.0,0.35913192073520395
0.27495437556396046,0.31494981095230495,0.3712044571723204,0.24623345936730304,0.3832989121092557,0.3877303296140272,0.35285297590818093,0.4232362111416453,0.3993316149790293,0.2762623340366291,0.38514018450239274,0.2338680536676156,0.36550649631322485,0.0,0.3793561800735976,0.3393129688708327,0.3083563762160894,0.3109998060952379,0.347033405011397,0.40744891894549123,0.36202954054239883,0.3764010480718438,0.392713356792749,0.23765783059215048,0.306807376752246,0.3210215255622748,0.4142530462984097,0.3492686140622438,0.38759993567174283,0.3584254513931181,0.25889603415865986,0.30621244738512465,0.23154369616405857,0.0,0.19451277076222154,0.42565003957360964,0.28343324867709324,0.20461391977406432,0.37224985307469,0.36324623785746435,0.3687353775548045,0.37874707989730366,0.0,0.0,0.22324930112147054,0.3658786595259438,0.4088716005787936,0.31269410417869115,0.0,0.37637174993114103,0.4077751093280776,0.29396115102129705,0.4721913357025727,0.2989427957003505,0.34899877346259256,0.27904422349434316,0.35109020297046584,0.3331960370653764,0.0,0.44607221504708705,0.3911894218283613,0.3603424479793056,0.35940312939889224,0.0,0.4534983545375175,0.42939513203209895,0.4324738550059759,0.47841543477887255,0.33740741788061707,0.38454842943611733,0.4068019891064498,0.47465126665687024,0.4353068033815576,0.3928702718233311,0.0,0.3460513775918503
0.36562888825310685,0.383468472112396,0.38217400626053044,0.25475870158021074,0.38385294771802586,0.4136378686941667,0.36026187968831536,0.4224467720995037,0.3651047961138404,0.32914131992867646,0.3861316137018051,0.27543441661075374,0.3627796790888567,0.0,0.43511922374207196,0.43011790870437927,0.3559729781796914,0.32712762797649964,0.3879902759707231,0.4708358776558472,0.44671633168598096,0.44371901362196864,0.41024718871013766,0.3114336987673876,0.33722665308124994,0.37546185854307157,0.4487650588828524,0.32328473248038014,0.4338157935588816,0.35388467130602064,0.32400715418518583,0.3366421060740169,0.3968188940064727,0.19451277076222154,0.0,0.4329612771291389,0.3297322441753184,0.2625215546411858,0.3269931247148361,0.38091234281472663,0.37264964499062986,0.362085328444013,0.0,0.0,0.0,0.0,0.44812494939986264,0.0,0.0,0.0,0.377578020185956,0.36379942625284734,0.0,0.0,0.3955396482811525,0.0,0.2870700255087205,0.31144844594630305,0.0,0.47820060789317786,0.4116090402231895,0.36438675079105215,0.3788549271623177,0.0,0.47550063189696345,0.4924959400907489,0.4742145103961068,0.466248139604636,0.0,0.38256004202075505,0.44569505375131574,0.47650871747459467,0.29743325346971544,0.40052585203140856,0.0,0.33674365513882865
0.0,0.0,0.34210630002672526,0.1629913363317346,0.1724680722561562,0.403645601999467,0.22251967048521365,0.23423559545683661,0.30699487429384675,0.35700571619818133,0.23196061195151646,0.30004011341537073,0.2696480726631079,0.17008786045388175,0.4922897596041257,0.3648114470991022,0.0,0.0,0.3075393389937196,0.49271880936359375,0.5042124635961833,0.49279772439811603,0.39136008169566405,0.29126477187968497,0.0,0.0,0.46389946416361566,0.21175770583237957,0.45441780089937817,0.3926738297283723,0.4501127275066849,0.25374074912709005,0.0,0.42565003957360964,0.4329612771291389,0.0,0.2276731624948599,0.3213134768339644,0.0,0.0,0.0,0.0,0.29214305062200985,0.0,0.0,0.0,0.0,0.3785095438771253,0.0,0.2592984417106305,0.31818632378073136,0.26595861937547166,0.29182311151561957,0.0,0.0,0.28054613063528355,0.25680634215059545,0.3259757255658247,0.2869614361837187,0.0,0.0,0.0,0.0,0.2990094592568623,0.4225167440322121,0.0,0.0,0.39915608558289956,0.0,0.0,0.0,0.3881828432123001,0.308393435710302,0.3999907695597254,0.0,0.0
