0.0,0.4317639527862612,0.0,0.0,0.0,0.5332490178708676,0.0,0.5394582530509019,0.0,0.41368623156138506,0.0,0.3987660102938736,0.3960682606975882,0.5201076218303244,0.41116467117095457,0.4260931671426278,0.0,0.44302103273625554,0.0,0.44082265690969136,0.4022495284239281,0.4154786651850987,0.4996476015371159,0.3919478489610779,0.4188490655884182,0.37268486526602246,0.559600524105268,0.4482386876270853,0.48474030491874287,0.0,0.38755453252733424,0.44979860639662794,0.41060085377395844,0.40633463019310706,0.44111769627072417,0.0,0.0,0.0,0.46066873675308834,0.41919547807220237,0.45222394435773994,0.0,0.0,0.0,0.0,0.3351315661760089,0.46828311123581257,0.0,0.0,0.0,0.0,0.0,0.0,0.0,0.4985979466809999,0.0,0.0,0.0,0.0,0.0,0.46456674049942065,0.0,0.5346249010803458,0.0,0.0,0.26104984725672586,0.47277773098644515,0.5261101391200583,0.4149781930851908,0.49940723110125274,0.4885779939418184,0.5150434122668277,0.0,0.0,0.0,0.0
0.4317639527862612,0.0,0.0,0.36616331330809315,0.4149490271419205,0.4321195096650129,0.522149744828596,0.5358558249761673,0.45315954303647465,0.3192282338996729,0.0,0.2681397917159619,0.4819044460320947,0.0,0.415159601058005,0.44421154069709157,0.0,0.45366647028526474,0.0,0.44525763957566256,0.4068669741524757,0.3982227921216789,0.48007656141155347,0.0,0.41390530948776844,0.38808723999837014,0.45293513851143175,0.49382226485988834,0.45774544910084675,0.0,0.36283372998558033,0.4276126725296397,0.3765202478999633,0.3694826736482195,0.43819023399312496,0.38620558711023867,0.0,0.0,0.492275827517197,0.49080061323864893,0.4807868007658093,0.5048137316804792,0.0,0.0,0.0,0.470284101458238,0.4931464001728072,0.0,0.0,0.0,0.47722923809237017,0.3160220194995615,0.0,0.0,0.0,0.0,0.0,0.29804740773024707,0.0,0.5332466668273765,0.4883937155783931,0.0,0.4869512933830249,0.0,0.498067708219035,0.5209912323176665,0.48967296582622993,0.5783844756751273,0.0,0.5009578672415911,0.5208594717271734,0.531026518375308,0.0,0.5145181058157801,0.0,0.4671265503269787
0.0,0.0,0.0,0.410426479711816,0.4384879787117014,0.43670899719188033,0.501437708068506,0.5421365774326723,0.3117476460934135,0.48544575258989053,0.3325353046110592,0.3639434706843938,0.5283111324698402,0.4651223045185895,0.0,0.0,0.3619688793694954,0.0,0.24771352625486076,0.0,0.0,0.0,0.29608211270479556,0.0,0.3538427867910965,0.0,0.34028632675750137,0.5331627078552768,0.0,0.0,0.524847209740257,0.5270001041471215,0.39342632216275264,0.564926231345009,0.525035406092421,0.49957316012043146,0.5304359153691565,0.36100747667915223,0.5304521180713769,0.0,0.3852379846078332,0.3982314746077955,0.5398758945114095,0.0,0.0,0.0,0.0,0.4787638682886438,0.0,0.6241880468245853,0.6058104739937307,0.6747284617782491,0.6157105376092794,0.554277825047494,0.0,0.4474446523168545,0.0,0.5521201305151858,0.5104132730575981,0.0,0.0,0.0,0.0,0.39299518516628495,0.0,0.0,0.0,0.5988354450728524,0.0,0.0,0.0,0.5961060847664952,0.5006396488832012,0.4045265937869169,0.0,0.5149019580248427
0.0,0.36616331330809315,0.410426479711816,0.0,0.2862277129475979,0.4454260639414774,0.3273655359901768,0.33423497310181494,0.47409219575995704,0.3203186037230229,0.3832447092747169,0.28787106163999165,0.3696124572919355,0.28483907033402217,0.0,0.0,0.34460837645301806,0.0,0.45308740474234865,0.45445167701664463,0.0,0.0,0.43197823199486757,0.0,0.0,0.0,0.45776528711229797,0.23414506513764038,0.0,0.0,0.0,0.3185499696443269,0.6011156948834989,0.439451483199126,0.3803764159073094,0.20940362799441803,0.18972533345205655,0.0,0.0,0.0,0.0,0.0,0.0,0.2621491001643785,0.0,0.0,0.0,0.0,0.0,0.0,0.0,0.0,0.0,0.0,0.0,0.0,0.0,0.0,0.0,0.0,0.0,0.0,0.0,0.0,0.0,0.0,0.0,0.3392910507934711,0.0,0.0,0.0,0.0,0.0,0.0,0.0,0.0
0.0,0.4149490271419205,0.4384879787117014,0.2862277129475979,0.0,0.42150780677831445,0.3684025248551025,0.42257507265796745,0.3636370912599254,0.5824853250400224,0.35092833361359765,0.4640387151672266,0.4312521697291971,0.34336307138498645,0.0,0.4506743908397274,0.0,0.36182346580708863,0.40927588026882616,0.0,0.0,0.47015704776557693,0.4509766248833771,0.0,0.3789331549538639,0.0,0.4462809106069975,0.3903957194303463,0.47498446431507646,0.0,0.49423693266966445,0.3866136199149398,0.41375572905330427,0.4977520244216049,0.4890319320017633,0.2930571075081386,0.3194804204201072,0.46041779918104264,0.437704511410141,0.0,0.35368978670947715,0.0,0.44374784744673634,0.0,0.0,0.0,0.0,0.5629447238111356,0.0,0.44684858868589894,0.5272971186337172,0.40351195806149187,0.49958082023616623,0.5073905860288652,0.0,0.47051258388895034,0.0,0.3627814477611416,0.0,0.0,0.0,0.0,0.0,0.4871018702624417,0.0,0.0,0.0,0.5806703656926624,0.0,0.0,0.0,0.5736980788224962,0.35787860094485296,0.0,0.0,0.0
0.5332490178708676,0.4321195096650129,0.43670899719188033,0.4454260639414774,0.42150780677831445,0.0,0.45376424297616746,0.4875528040605586,0.37632979331935007,0.5470579707572406,0.43353616214648544,0.4266196244886268,0.4430549534902592,0.460842916264444,0.506042631807391,0.45730553991379036,0.3364681996233603,0.4901287544379209,0.4363641451782002,0.4422183450451595,0.5061508936083936,0.4553635244070877,0.45635475447611995,0.40952704092253067,0.41600892855758415,0.4565782701513113,0.4319347142587411,0.4592929385244733,0.4055341168208649,0.4502415122431538,0.47378545450544396,0.46477124976468515,0.43740187955730997,0.49128801595913035,0.4874268709625442,0.4837381598332769,0.5006946233503509,0.47500789834323776,0.5339907758533705,0.36556399763741365,0.563715156067599,0.5054885853156161,0.5986306021079119,0.3212362772624752,0.39339734389923553,0.328558094022032,0.3558189379793216,0.616265536900859,0.37924219485688926,0.49713513432243406,0.56925697337889,0.6285605425547743,0.5412068372168166,0.6000643126395417,0.4003485838240509,0.6270764309515701,0.0,0.6457937803559778,0.0,0.5518233534912659,0.27396953223314974,0.0,0.0,0.6089349078239489,0.5609456854618534,0.5197606297410946,0.6421420105511987,0.5854358151529798,0.0,0.2926416485174837,0.4722588818134683,0.5616075694391174,0.5887911888444498,0.5454944558293445,0.49327163641044447,0.5660573743686165
0.0,0.522149744828596,0.501437708068506,0.3273655359901768,0.3684025248551025,0.45376424297616746,0.0,0.4654946073285041,0.41884393889952937,0.4660192200709833,0.46015739043209847,0.42338912395566664,0.3793124352600519,0.3585180903346522,0.0,0.5077755668334878,0.4358113914634137,0.4602057185567208,0.4931958109664991,0.4641570422736295,0.0,0.508245911181136,0.48012890503256367,0.3494753991268596,0.4677378347878792,0.3960056529185527,0.4779762462825819,0.3685686626526309,0.48928429692835185,0.0,0.43067923962052834,0.4350427288238941,0.4068706316814651,0.44003270900960634,0.42204262452254254,0.34886389349483726,0.3435689760522793,0.4250601977499437,0.3791383301163655,0.30214249879682387,0.30119975537828136,0.3724428522887463,0.4398512032150384,0.3720247605918655,0.3655270259423577,0.0,0.2972846808044044,0.5414782113906801,0.0,0.4001256314941627,0.5805144891829337,0.38742474421596107,0.4870699986113372,0.465749826607157,0.41564214517243925,0.42838708218091526,0.0,0.3505750841744962,0.0,0.0,0.3192861664819415,0.0,0.0,0.4256992571714505,0.0,0.0,0.310472532662227,0.578020574801961,0.0,0.0,0.29943923460982635,0.5968123006643953,0.36369335550194304,0.4006781560431502,0.0,0.3432724239377495
0.5394582530509019,0.5358558249761673,0.5421365774326723,0.33423497310181494,0.42257507265796745,0.4875528040605586,0.4654946073285041,0.0,0.5288862479686437,0.47150483286576417,0.4112272551940278,0.45349685703059905,0.5020941108520425,0.3592755371268807,0.0,0.5209810510351452,0.0,0.5331379961027685,0.4992274105735347,0.0,0.4029341272105613,0.45994424903655107,0.4048486421267434,0.5586532532488305,0.5271396951082505,0.5404874300813427,0.512211284671478,0.46958164709259326,0.4521715861847733,0.43365855448240037,0.4733122271419613,0.4183187853067755,0.44557033187927986,0.48401803061170623,0.48337889096044095,0.275680648311829,0.31378434099597374,0.0,0.4764343817904696,0.0,0.5168170977555593,0.5223517904430035,0.47679344455478534,0.0,0.0,0.0,0.0,0.5819651530913653,0.0,0.47653446950203665,0.5054709407742893,0.5078484495480099,0.3610742097788393,0.5689045555882625,0.0,0.5267592424253231,0.0,0.5136373167054351,0.0,0.5135308033690218,0.0,0.0,0.0,0.5847750249401169,0.5367757728428513,0.4985039516872321,0.0,0.5271583777550881,0.0,0.0,0.4797879426267767,0.5064615674495927,0.5043558983901075,0.5082030283151079,0.0,0.4833084337404647
0.0,0.45315954303647465,0.3117476460934135,0.47409219575995704,0.3636370912599254,0.37632979331935007,0.41884393889952937,0.5288862479686437,0.0,0.5847616837459766,0.3326263029410814,0.5559565167598906,0.4417188954846968,0.46117602764097015,0.0,0.0,0.35165278666143274,0.36945076123219767,0.27738217317793695,0.0,0.0,0.4679135325114844,0.46465660013314813,0.4415323804876663,0.348056284408035,0.37872695998164935,0.3663428596872284,0.5075721569957414,0.50146541770498,0.0,0.5089885315876217,0.4825932747948437,0.4864339569334124,0.5221359991567877,0.5518452954678116,0.46811401172132333,0.5376612052099431,0.6673373146734514,0.6035787889167165,0.0,0.34821134902528317,0.3396417683191979,0.5346155140050841,0.0,0.3851350826825429,0.0,0.0,0.6134833995301143,0.0,0.5358965366848801,0.5974636314474142,0.583019728591084,0.5904216599312575,0.6149489279721931,0.0,0.5803907827416988,0.0,0.5519017491864809,0.5743036160563729,0.0,0.0,0.0,0.0,0.59321618842666,0.0,0.0,0.0,0.6091473306454224,0.0,0.0,0.0,0.5959717866346321,0.5439701653641463,0.4096765104332635,0.0,0.4429080484067858
0.41368623156138506,0.3192282338996729,0.48544575258989053,0.3203186037230229,0.5824853250400224,0.5470579707572406,0.4660192200709833,0.47150483286576417,0.5847616837459766,0.0,0.5532631760607719,0.29027546218273925,0.46358579179932324,0.45937713426494914,0.295750580177625,0.4505499763888834,0.37118311826296657,0.41855694441114,0.5386120356032904,0.31556804453522236,0.4777884007337533,0.3452965484673943,0.5515977487321807,0.34279895566375357,0.35941181416260265,0.3317035095161619,0.5578604408098858,0.434202987650302,0.3764069742938968,0.0,0.36989353938136205,0.3508702836169246,0.38543320631759254,0.3505822846021524,0.33631800716918325,0.3542708363510866,0.3158058088743787,0.28330579422814245,0.2597866361713751,0.45128054722185873,0.36296625316868364,0.0,0.0,0.3357484068816976,0.4155279398208356,0.5140756027048025,0.39837749187943233,0.0,0.0,0.0,0.40613628642752514,0.0,0.0,0.0,0.5460773879940366,0.0,0.5529067867221252,0.44543683704655185,0.0,0.0,0.39190465500337435,0.5650458266319893,0.5057061472097499,0.0,0.0,0.4754791558817191,0.0,0.36792534869896265,0.5292363497962816,0.5266762101769114,0.5584814801737369,0.38459101995120865,0.45084246054540544,0.0,0.0,0.4451078208879783
0.0,0.0,0.3325353046110592,0.3832447092747169,0.35092833361359765,0.43353616214648544,0.46015739043209847,0.4112272551940278,0.3326263029410814,0.5532631760607719,0.0,0.4893429404159815,0.4893865635325829,0.32135186308573194,0.0,0.0,0.41637176369894874,0.3853878588325547,0.29053433142780494,0.0,0.0,0.0,0.3717023800315847,0.4305670997123665,0.0,0.3416150418408178,0.4707101516312357,0.5038244465821764,0.0,0.0,0.5161748974352607,0.434341894191995,0.4587702666711099,0.5309196388759395,0.5070083982857738,0.3136010747281949,0.5072264689379452,0.5250070115302117,0.43583850026365867,0.3135651426833243,0.3561773774877583,0.3713890919461146,0.49318642817899755,0.0,0.35838895722515035,0.0,0.0,0.32289001992984184,0.0,0.3905054196621825,0.5573732772514275,0.44756567186150503,0.5018712603689679,0.3945907922928454,0.0,0.3036092841890799,0.0,0.4792326897464984,0.5117946635090938,0.0,0.0,0.0,0.0,0.34178794885858743,0.0,0.0,0.0,0.6256350071052288,0.0,0.0,0.0,0.5034565710210916,0.4292574187279943,0.0,0.0,0.3653432616208394
0.3987660102938736,0.2681397917159619,0.3639434706843938,0.28787106163999165,0.4640387151672266,0.4266196244886268,0.42338912395566664,0.45349685703059905,0.5559565167598906,0.29027546218273925,0.4893429404159815,0.0,0.5163807634862752,0.3382710567820598,0.3613957748114952,0.32369023005594993,0.3846255014555173,0.4533862483635569,0.41852939487291746,0.2897635570370302,0.4242657989788276,0.3012691131113434,0.4379445889645964,0.30207481482229603,0.3711206516136622,0.3355182901075426,0.4057813647424735,0.4333239725121846,0.32855369345046104,0.0,0.37782857879327614,0.2722495892900728,0.36028969088335694,0.266119217249556,0.3069206642764309,0.4107851948791325,0.30525976140382427,0.22506345552909177,0.2799013342333024,0.49408935945995514,0.3275390742095365,0.30832888307892037,0.0,0.0,0.4609119255777,0.43808555756821976,0.0,0.0,0.0,0.0,0.42771516944135113,0.3380321582027363,0.0,0.4323710682812202,0.5411167468131496,0.0,0.5401348657461923,0.43203058262682054,0.0,0.0,0.38551226868559213,0.6143014252792445,0.5120244432366196,0.39033608872847686,0.0,0.38242346682731565,0.0,0.438567307443529,0.5337601771646867,0.5445504754945036,0.5557318498577735,0.0,0.4303648777955682,0.0,0.0,0.46874102558983993
0.3960682606975882,0.4819044460320947,0.5283111324698402,0.3696124572919355,0.4312521697291971,0.4430549534902592,0.3793124352600519,0.5020941108520425,0.4417188954846968,0.46358579179932324,0.4893865635325829,0.5163807634862752,0.0,0.43553554947403306,0.0,0.499312657798057,0.48373974979572937,0.5021028816142242,0.5121145364808871,0.46686003539139853,0.4615487772736379,0.511012207224574,0.4896154684641988,0.5219048296500223,0.46304961495277147,0.43091251864437624,0.48420157423550036,0.3848318857553,0.4594328861828758,0.4696460896211987,0.4353256320860999,0.460506821436233,0.47160954294889684,0.45558941174604317,0.4550719663715554,0.41521515475967147,0.41671330277082386,0.5020560534030851,0.5769652015136666,0.3648799422397786,0.3831657771912048,0.37971471311623894,0.4929153911857975,0.2888477945264517,0.3657310818720098,0.0,0.28199224648587906,0.5822718472101824,0.0,0.38337936658044913,0.7067304724301982,0.4059552317690433,0.554688192992314,0.492780119785589,0.4009286323046688,0.46942463758024994,0.0,0.5613690409248882,0.0,0.3852372423628634,0.29303481765598194,0.0,0.0,0.4562598646783539,0.4414911164499777,0.0,0.3242785454946589,0.5928267363930027,0.0,0.3205181843112167,0.35081306938897383,0.5966706584894822,0.6333733524952059,0.5532746871414626,0.0,0.40019665626049883
0.5201076218303244,0.0,0.4651223045185895,0.28483907033402217,0.34336307138498645,0.460842916264444,0.3585180903346522,0.3592755371268807,0.46117602764097015,0.45937713426494914,0.32135186308573194,0.3382710567820598,0.43553554947403306,0.0,0.0,0.0,0.0,0.0,0.4180746042096231,0.0,0.0,0.0,0.42515447704008363,0.0,0.0,0.4609477584744703,0.48524245947664624,0.3021344462448731,0.0,0.0,0.0,0.3117385335163676,0.0,0.46688539949337127,0.0,0.23942584372796977,0.21437809907680738,0.0,0.0,0.0,0.0,0.0,0.0,0.0,0.0,0.0,0.0,0.5229196995200438,0.0,0.0,0.0,0.0,0.0,0.5339365484987827,0.0,0.4678100125051674,0.0,0.0,0.0,0.0,0.0,0.0,0.0,0.5293656509997073,0.0,0.0,0.0,0.5359641859358921,0.0,0.0,0.0,0.509221243560978,0.0,0.0,0.0,0.0
0.41116467117095457,0.415159601058005,0.0,0.0,0.0,0.506042631807391,0.0,0.0,0.0,0.295750580177625,0.0,0.3613957748114952,0.0,0.0,0.0,0.4438007530091654,0.32662178995305335,0.43037346144886135,0.0,0.3411759704163492,0.3999923613084024,0.3453379616963993,0.40857531174966816,0.4814868081022856,0.4196833608404197,0.3958690837736569,0.46438992199107476,0.4498963271003073,0.44478653603766266,0.4387597859063392,0.4074588542712726,0.4415202603727576,0.41596261249330274,0.42801468956600375,0.47632144584306524,0.0,0.0,0.0,0.5023873634278456,0.5029398368381192,0.5391823649432204,0.5545100172074189,0.0,0.0,0.0,0.0,0.5224193755933142,0.0,0.0,0.0,0.5108546930711293,0.36550384310795864,0.5138276284282998,0.0,0.0,0.0,0.0,0.0,0.0,0.5062292011700716,0.4988853394348983,0.0,0.3306349225557756,0.0,0.5013076496146103,0.5187261015081982,0.5289496713272837,0.4932484092980316,0.0,0.40314858742026405,0.5895407632865094,0.5192178196509145,0.49745901134028303,0.5029610001066864,0.0,0.4918583408066483
0.4260931671426278,0.44421154069709157,0.0,0.0,0.4506743908397274,0.45730553991379036,0.5077755668334878,0.5209810510351452,0.0,0.4505499763888834,0.0,0.32369023005594993,0.499312657798057,0.0,0.4438007530091654,0.0,0.41746864859382593,0.42044274746735855,0.0,0.42030719239238834,0.448195549044657,0.4096240905814028,0.47194191826080834,0.0,0.4078190872854854,0.4209854669862503,0.4743877299429471,0.5048194414488827,0.46463513806072965,0.4438946677266059,0.3730365933257837,0.4619922824950998,0.4092468199535519,0.42937814893017834,0.4662803385807612,0.43154101314404125,0.0,0.0,0.4674476676978014,0.4771870576335139,0.472929263431561,0.4899111424276348,0.0,0.0,0.0,0.46400005280145395,0.4843916297019035,0.0,0.0,0.0,0.3013598383507397,0.0,0.0,0.0,0.0,0.0,0.0,0.30861230726653793,0.0,0.5216708547234331,0.46713398312022747,0.0,0.4730128611768875,0.0,0.46693232123652595,0.5063705953383387,0.48809434727057277,0.3956711261863015,0.0,0.469770163877554,0.5062618726946221,0.42519645093402214,0.0,0.4350347620643141,0.0,0.41537867718594584
0.0,0.0,0.3619688793694954,0.34460837645301806,0.0,0.3364681996233603,0.4358113914634137,0.0,0.35165278666143274,0.37118311826296657,0.41637176369894874,0.3846255014555173,0.48373974979572937,0.0,0.32662178995305335,0.41746864859382593,0.0,0.3702454684534442,0.3462807722742076,0.3736980771209879,0.0,0.38714193515632633,0.31515820877342765,0.3854642720314884,0.3706672599771413,0.3603589868117565,0.3219994615723314,0.44769453977257456,0.3643954705890706,0.30995283538513885,0.38595911159757623,0.45887685524676103,0.4255161423932052,0.41489288311200356,0.43308531141876394,0.0,0.0,0.35896657918089725,0.4263731146192151,0.0,0.0,0.0,0.0,0.0,0.0,0.0,0.0,0.0,0.0,0.0,0.0,0.0,0.0,0.0,0.5144634388017614,0.0,0.5879077240254014,0.0,0.0,0.34226540408934797,0.0,0.5262356777804389,0.5111055120237753,0.0,0.0,0.38376254379443253,0.0,0.0,0.0,0.4716862763789426,0.5030540993258495,0.0,0.0,0.0,0.0,0.0
0.44302103273625554,0.45366647028526474,0.0,0.0,0.36182346580708863,0.4901287544379209,0.4602057185567208,0.5331379961027685,0.36945076123219767,0.41855694441114,0.3853878588325547,0.4533862483635569,0.5021028816142242,0.0,0.43037346144886135,0.42044274746735855,0.3702454684534442,0.0,0.3792325793260214,0.4414846654105473,0.46645633331030156,0.4436127371975265,0.4883786885713316,0.42027884367295554,0.38886488403290126,0.41557466029031687,0.4830418253434677,0.5005342666537056,0.4754031544321305,0.4036362753260736,0.4166037989407515,0.5021054809486166,0.4178760361629494,0.4418451758676878,0.46287370031169467,0.5227704953386494,0.0,0.0,0.4637568022695682,0.465705790533094,0.47337034727681504,0.0,0.0,0.0,0.0,0.48787041569876954,0.48141850264942615,0.0,0.0,0.0,0.0,0.0,0.0,0.0,0.49473258661203234,0.0,0.5525671609048128,0.0,0.0,0.42157966407040354,0.4722757158124187,0.5327472082905883,0.48512212019732365,0.0,0.33630919776593937,0.0,0.47361955188212307,0.34726125420907106,0.5703257719615666,0.4859310041934346,0.5117902967028194,0.0,0.0,0.32891847651783396,0.0,0.47067207606089256
0.0,0.0,0.24771352625486076,0.45308740474234865,0.40927588026882616,0.4363641451782002,0.4931958109664991,0.4992274105735347,0.27738217317793695,0.5386120356032904,0.29053433142780494,0.41852939487291746,0.5121145364808871,0.4180746042096231,0.0,0.0,0.3462807722742076,0.3792325793260214,0.0,0.0,0.0,0.0,0.2819229037189804,0.0,0.34465699411856654,0.0,0.4049395987342625,0.5043140724940933,0.0,0.0,0.5405319310451535,0.4850229461221244,0.0,0.5867738141180556,0.5241807006133097,0.468453538047987,0.5421357998686122,0.46689395681346135,0.46890359903105666,0.0,0.3465283028900008,0.0,0.5124556112772883,0.0,0.0,0.0,0.0,0.5856203028195601,0.0,0.5263714730157808,0.5817274986649695,0.0,0.6046874308007587,0.5957420582506774,0.0,0.566206389487845,0.0,0.48579735418555225,0.5668150199865332,0.0,0.0,0.0,0.0,0.5797773639324201,0.0,0.0,0.0,0.6129704848633337,0.0,0.0,0.0,0.6137427086490436,0.41438090447016995,0.0,0.0,0.46128688742142065
0.44082265690969136,0.44525763957566256,0.0,0.45445167701664463,0.0,0.4422183450451595,0.4641570422736295,0.0,0.0,0.31556804453522236,0.0,0.2897635570370302,0.46686003539139853,0.0,0.3411759704163492,0.42030719239238834,0.3736980771209879,0.4414846654105473,0.0,0.0,0.4215869583983562,0.3797865466852275,0.3158135668896725,0.403648978917899,0.4337487528593195,0.43857410848591233,0.40605563656782667,0.42078287071662057,0.3851417556560848,0.3376368540541758,0.39062878114899846,0.4481797242022362,0.4067864212870579,0.4346070086520156,0.4762279951053945,0.49944618909252675,0.4415846588093306,0.21642660106649547,0.4880424583600579,0.53567411797718,0.6047882300872277,0.5143424623755771,0.434411083472252,0.0,0.0,0.0,0.4959781869115575,0.0,0.0,0.0,0.5319657930737534,0.0,0.502231641210541,0.0,0.0,0.0,0.0,0.4322484076644855,0.0,0.5514489167203633,0.3704229109317284,0.0,0.31128480536016256,0.0,0.5138036458172778,0.6157672256309864,0.5150224909142295,0.5627008318668326,0.0,0.3264810191853299,0.5120488772473666,0.533813782181879,0.6462762611117322,0.569007195971913,0.40779385005031116,0.5051239348810612
0.4022495284239281,0.4068669741524757,0.0,0.0,0.0,0.5061508936083936,0.0,0.4029341272105613,0.0,0.4777884007337533,0.0,0.4242657989788276,0.4615487772736379,0.0,0.3999923613084024,0.448195549044657,0.0,0.46645633331030156,0.0,0.4215869583983562,0.0,0.41579437754383614,0.43202935903729456,0.4960358316697611,0.4659242404845757,0.43285531379707726,0.48245266393666963,0.4709592240515609,0.47101821769681185,0.0,0.3879324306803451,0.45200865123109973,0.4134032144265206,0.40361487413478264,0.4576130340662242,0.0,0.0,0.0,0.47652197273054425,0.43884403874523703,0.5123616099259001,0.5338422088105578,0.0,0.0,0.0,0.2782557181156837,0.48223989155680885,0.0,0.0,0.0,0.4977615008777832,0.0,0.4896237412113778,0.0,0.0,0.0,0.0,0.4329536648494846,0.0,0.5337586900288129,0.420435504840885,0.0,0.0,0.0,0.5023071371465655,0.4902405889554726,0.5267874231501678,0.5187794872522257,0.0,0.4661329028436768,0.5348630108112873,0.521071152472427,0.492154591799148,0.4887222528956491,0.0,0.45147514336498284
0.4154786651850987,0.3982227921216789,0.0,0.0,0.47015704776557693,0.4553635244070877,0.508245911181136,0.45994424903655107,0.4679135325114844,0.3452965484673943,0.0,0.3012691131113434,0.511012207224574,0.0,0.3453379616963993,0.4096240905814028,0.38714193515632633,0.4436127371975265,0.0,0.3797865466852275,0.41579437754383614,0.0,0.43389159235537667,0.3368706906561063,0.4278918678726298,0.3863140435605411,0.46258727019429363,0.473671639635719,0.4441659026222913,0.4216928788673141,0.3827323296439273,0.4428144082575214,0.4050891808691565,0.42083154809274553,0.4699714642469039,0.49990148748509067,0.0,0.0,0.4714409228881518,0.5158394110500444,0.5159856412098709,0.5486522757441891,0.5018023718872393,0.0,0.0,0.4689719907165671,0.49801956613546067,0.0,0.0,0.36461057242720224,0.5188967839488388,0.31420506488434474,0.0,0.3450760234406612,0.0,0.0,0.0,0.31754902007060826,0.0,0.5421985727375075,0.5053501137743963,0.0,0.4684137739270373,0.0,0.5132845948534394,0.528665684080392,0.5139974737386496,0.5270339999445095,0.0,0.4999913845142657,0.5384245478314081,0.5443978116283443,0.4130908449551711,0.5148025809017259,0.0,0.5167932549526197
0.4996476015371159,0.48007656141155347,0.29608211270479556,0.43197823199486757,0.4509766248833771,0.45635475447611995,0.48012890503256367,0.4048486421267434,0.46465660013314813,0.5515977487321807,0.3717023800315847,0.4379445889645964,0.4896154684641988,0.42515447704008363,0.40857531174966816,0.47194191826080834,0.31515820877342765,0.4883786885713316,0.2819229037189804,0.3158135668896725,0.43202935903729456,0.43389159235537667,0.0,0.5616107566487446,0.49342801659539354,0.4870328271369401,0.38351862873064757,0.481305856600241,0.4633500376396845,0.4607678609873182,0.465518900509891,0.4725774481623916,0.46357152910564203,0.49053808276744704,0.5203781057496422,0.46160542578550984,0.5197976505193378,0.4377646208461364,0.5512162980236354,0.5184091966070441,0.5600104488596658,0.5739770419167738,0.5372014590885358,0.4525535667555166,0.0,0.0,0.5394252700861574,0.5319280223789535,0.0,0.5751628872473857,0.5751521150148111,0.5614569098162995,0.5516210370212389,0.6043471306066822,0.40335809256483346,0.4650514149709834,0.0,0.5645695827797114,0.5391145905396599,0.540883699889635,0.3710846227503572,0.0,0.3580831604206423,0.5706702843646234,0.5439182884417044,0.6252077369808682,0.5570720082729269,0.5786553467780398,0.0,0.33384268713372567,0.596996717334001,0.5708047985500448,0.5602484545903869,0.5505020404193278,0.5490889978032828,0.5511308953498064
0.3919478489610779,0.0,0.0,0.0,0.0,0.40952704092253067,0.3494753991268596,0.5586532532488305,0.4415323804876663,0.34279895566375357,0.4305670997123665,0.30207481482229603,0.5219048296500223,0.0,0.4814868081022856,0.0,0.3854642720314884,0.42027884367295554,0.0,0.403648978917899,0.4960358316697611,0.3368706906561063,0.5616107566487446,0.0,0.4019182050171251,0.3518487909528698,0.6139050439136671,0.4090573613230024,0.39454894165010435,0.0,0.3920335682456431,0.31071141427662274,0.30409936254930214,0.24156527568519195,0.26957407630593894,0.47068096517955227,0.0,0.26590309596366307,0.5053225760271998,0.3931074706667784,0.2939788322208253,0.2524398077522542,0.0,0.0,0.365448186470744,0.43172662168252846,0.45442788345710755,0.0,0.0,0.0,0.0,0.0,0.0,0.0,0.48469923479621346,0.0,0.4825465473734625,0.4267120438311752,0.0,0.0,0.4697860056328107,0.5547732920746666,0.5223839619211473,0.0,0.0,0.0,0.0,0.0,0.4533311687434046,0.5151536378751976,0.5287069809343229,0.0,0.4942881224509028,0.0,0.0,0.4000670575026607
0.4188490655884182,0.41390530948776844,0.3538427867910965,0.0,0.3789331549538639,0.41600892855758415,0.4677378347878792,0.5271396951082505,0.348056284408035,0.35941181416260265,0.0,0.3711206516136622,0.46304961495277147,0.0,0.4196833608404197,0.4078190872854854,0.3706672599771413,0.38886488403290126,0.34465699411856654,0.4337487528593195,0.4659242404845757,0.4278918678726298,0.49342801659539354,0.4019182050171251,0.0,0.37436552822139646,0.45469782785172014,0.46942428479946996,0.45808095693761114,0.3670039354231563,0.410780636333437,0.4375978655194474,0.38311649089511385,0.4054568267748613,0.4107536291981917,0.4570062516416674,0.0,0.36698289752352586,0.473228365457839,0.47325653163015424,0.4670898530918643,0.48531001093554665,0.0,0.0,0.4628688902204219,0.47457278728154845,0.4855502456499253,0.0,0.0,0.0,0.2905401047380263,0.0,0.0,0.0,0.5229554577542841,0.0,0.5280419984709509,0.3366558873719208,0.0,0.47013556066241696,0.47360728444418715,0.5084393022538028,0.48515189921212615,0.0,0.4519192353467478,0.4739097466994605,0.4680264433714296,0.3914504685308833,0.5275029404879896,0.4873911555761156,0.5057834695978661,0.37099833846218244,0.0,0.47152206086992215,0.0,0.46082946547511316
0.37268486526602246,0.38808723999837014,0.0,0.0,0.0,0.4565782701513113,0.3960056529185527,0.5404874300813427,0.37872695998164935,0.3317035095161619,0.3416150418408178,0.3355182901075426,0.43091251864437624,0.4609477584744703,0.3958690837736569,0.4209854669862503,0.3603589868117565,0.41557466029031687,0.0,0.43857410848591233,0.43285531379707726,0.3863140435605411,0.4870328271369401,0.3518487909528698,0.37436552822139646,0.0,0.4722999979487056,0.4722839729351329,0.43977949554205725,0.35663863779733945,0.3942852124166813,0.4427049990927751,0.3997602052183665,0.39345136544396847,0.4248408069831631,0.4736020572621493,0.0,0.3148285670305426,0.48947951221954716,0.48908759623987,0.4955098005517821,0.489261600549762,0.0,0.0,0.43036805124315236,0.4732086722150638,0.5073981535562039,0.0,0.0,0.0,0.5433538434981295,0.3191754550917594,0.5492899143795942,0.0,0.572222134811029,0.0,0.5645303204185798,0.3824161155460326,0.0,0.5613175755533929,0.49412873272458535,0.5309457163997825,0.5049443903917759,0.0,0.5204945203923081,0.5305358055805588,0.5192186951111976,0.575873046081576,0.5253531762539319,0.5039966643135046,0.5159490108205973,0.5379856979810297,0.4578762717004913,0.5465487168232583,0.0,0.47094534175523856
0.559600524105268,0.45293513851143175,0.34028632675750137,0.45776528711229797,0.4462809106069975,0.4319347142587411,0.4779762462825819,0.512211284671478,0.3663428596872284,0.5578604408098858,0.4707101516312357,0.4057813647424735,0.48420157423550036,0.48524245947664624,0.46438992199107476,0.4743877299429471,0.3219994615723314,0.4830418253434677,0.4049395987342625,0.40605563656782667,0.48245266393666963,0.46258727019429363,0.38351862873064757,0.6139050439136671,0.45469782785172014,0.4722999979487056,0.0,0.4699697173750339,0.41807741729279957,0.432443398755066,0.4250056438129302,0.46051502324789123,0.41936425185103915,0.45616308448916243,0.48008805900284157,0.4963284820417445,0.48236257883886463,0.4050570210821125,0.5491816854486365,0.4899297691282486,0.5853450422938014,0.5919398836219782,0.5504088608863714,0.35161662721676196,0.0,0.0,0.4789461926087294,0.6271662442970973,0.3793182291438978,0.539119141168607,0.5719576921214193,0.5813968670528269,0.569370112710223,0.6160998125907158,0.3817549441837931,0.5856852512670832,0.0,0.6191078726806742,0.548107325834027,0.5443321870196506,0.30445962025056855,0.0,0.36162140261094805,0.6104086097065926,0.5570769154209856,0.6048571719012101,0.5898200301364694,0.5865062671740271,0.0,0.31021909484470056,0.551796993707367,0.5606949001589688,0.5945846064993787,0.605370753900264,0.533228435453741,0.5579408248125075
0.4482386876270853,0.49382226485988834,0.5331627078552768,0.23414506513764038,0.3903957194303463,0.4592929385244733,0.3685686626526309,0.46958164709259326,0.5075721569957414,0.434202987650302,0.5038244465821764,0.4333239725121846,0.3848318857553,0.3021344462448731,0.4498963271003073,0.5048194414488827,0.44769453977257456,0.5005342666537056,0.5043140724940933,0.42078287071662057,0.4709592240515609,0.473671639635719,0.481305856600241,0.4090573613230024,0.46942428479946996,0.4722839729351329,0.4699697173750339,0.0,0.3926799932891248,0.33454225118186376,0.3766178708708047,0.42619303978467726,0.4149095701466294,0.4130818632726955,0.4243140636437572,0.2849674086808262,0.2955237404046805,0.41978617684177566,0.4743823052875863,0.3564070265210748,0.40681087845348896,0.39712832581087154,0.4319034618012174,0.2773209380222923,0.37413704667872894,0.0,0.29834458044530365,0.4703768539922857,0.0,0.35339514708374814,0.5844998516824276,0.3444274648984953,0.5313286713496368,0.3906312030627576,0.34984811959358086,0.0,0.0,0.42267268504587385,0.0,0.49380145949735293,0.30917627322333296,0.0,0.0,0.0,0.509727369784892,0.0,0.4048894038907361,0.5575212953857439,0.0,0.3524731570981562,0.43311849549574805,0.5452432837949055,0.5356153188213659,0.5853657437775497,0.3950921727566934,0.5283269730908271
0.48474030491874287,0.45774544910084675,0.0,0.0,0.47498446431507646,0.4055341168208649,0.48928429692835185,0.4521715861847733,0.50146541770498,0.3764069742938968,0.0,0.32855369345046104,0.4594328861828758,0.0,0.44478653603766266,0.46463513806072965,0.3643954705890706,0.4754031544321305,0.0,0.3851417556560848,0.47101821769681185,0.4441659026222913,0.4633500376396845,0.39454894165010435,0.45808095693761114,0.43977949554205725,0.41807741729279957,0.3926799932891248,0.0,0.3778705546863648,0.38911876615460084,0.433078816707448,0.3772102247386725,0.43604803143791565,0.47107984211019965,0.46409036545777654,0.43662943646727304,0.3265165099998978,0.5272640682142028,0.4247064540113899,0.6649655228653515,0.5433861228645389,0.45931447382342705,0.3478273055903738,0.0,0.46898806476986993,0.45821280023232314,0.4291524609944171,0.0,0.3883864611000294,0.6279765754216893,0.4138479696539237,0.5351914454100859,0.3785240001482684,0.38657235484227376,0.0,0.0,0.6397000948152892,0.46557817360858483,0.5243355604925052,0.3130568423138246,0.0,0.31797477841888716,0.0,0.5573240021888938,0.5740519947650778,0.5839165531211944,0.5475716023563544,0.0,0.2924969025931748,0.5195517888497316,0.5321521283907729,0.6189027862729273,0.5286125893810553,0.4979122591756092,0.5430038317341443
0.0,0.0,0.0,0.0,0.0,0.4502415122431538,0.0,0.43365855448240037,0.0,0.0,0.0,0.0,0.4696460896211987,0.0,0.4387597859063392,0.4438946677266059,0.30995283538513885,0.4036362753260736,0.0,0.3376368540541758,0.0,0.4216928788673141,0.4607678609873182,0.0,0.3670039354231563,0.35663863779733945,0.432443398755066,0.33454225118186376,0.3778705546863648,0.0,0.3339897599745023,0.4286363964702228,0.3650476343702091,0.3866362495587837,0.4107382644545259,0.0,0.42078668587091184,0.0,0.5120422286281561,0.0,0.0,0.0,0.0,0.0,0.0,0.0,0.0,0.0,0.0,0.0,0.4848725048059275,0.0,0.43273283747617797,0.0,0.0,0.0,0.0,0.3582298454334395,0.0,0.0,0.0,0.0,0.0,0.0,0.4854519422460886,0.0,0.0,0.5409948186695592,0.0,0.0,0.0,0.5280830288344139,0.41716582500178956,0.4705403872333471,0.0,0.0
0.38755453252733424,0.36283372998558033,0.524847209740257,0.0,0.49423693266966445,0.47378545450544396,0.43067923962052834,0.4733122271419613,0.5089885315876217,0.36989353938136205,0.5161748974352607,0.37782857879327614,0.4353256320860999,0.0,0.4074588542712726,0.3730365933257837,0.38595911159757623,0.4166037989407515,0.5405319310451535,0.39062878114899846,0.3879324306803451,0.3827323296439273,0.465518900509891,0.3920335682456431,0.410780636333437,0.3942852124166813,0.4250056438129302,0.3766178708708047,0.38911876615460084,0.3339897599745023,0.0,0.4139096547352726,0.33501758095648804,0.2788420351739546,0.22170035662731577,0.46291821614243656,0.0,0.29037476388429156,0.4719625418019497,0.0,0.4671200209722862,0.40241828727061657,0.405775366788256,0.0,0.0,0.0,0.4570895491582808,0.0,0.0,0.0,0.5857896355841277,0.0,0.0,0.37988888333224274,0.5400556503948772,0.0,0.0,0.0,0.0,0.49669240960915095,0.44568713664234605,0.0,0.48761692828088166,0.0,0.4774905921427094,0.0,0.4875995914647363,0.5492616457130701,0.0,0.4780216943407498,0.4866690682141608,0.5454705748334886,0.4795258584141548,0.5323124675933477,0.0,0.0
0.44979860639662794,0.4276126725296397,0.5270001041471215,0.3185499696443269,0.3866136199149398,0.46477124976468515,0.4350427288238941,0.4183187853067755,0.4825932747948437,0.3508702836169246,0.434341894191995,0.2722495892900728,0.460506821436233,0.3117385335163676,0.4415202603727576,0.4619922824950998,0.45887685524676103,0.5021054809486166,0.4850229461221244,0.4481797242022362,0.45200865123109973,0.4428144082575214,0.4725774481623916,0.31071141427662274,0.4375978655194474,0.4427049990927751,0.46051502324789123,0.42619303978467726,0.433078816707448,0.4286363964702228,0.4139096547352726,0.0,0.35884788871243106,0.4181491599325768,0.4186468029387827,0.3166836618247503,0.33021321579272744,0.27899014305811765,0.34413836733332254,0.30509015758453856,0.4026576294464864,0.38601390754990295,0.3905075054077964,0.30764326965566696,0.29834805854339297,0.48022625604036545,0.4992665175593559,0.5820653315974136,0.0,0.423985647048998,0.540422685375119,0.3185988664804305,0.4982938857671518,0.57612170022959,0.27082105224434894,0.4605611522720364,0.31729166018217114,0.4802988150774253,0.0,0.5288933698872575,0.5178395507007627,0.0,0.5171549174447195,0.47178007341459965,0.5143229174567242,0.4936300505025544,0.49159949118171514,0.5465672656527697,0.31902875071877723,0.49316918218437805,0.49505816601248526,0.5334889939674479,0.4524461774935255,0.518067398852014,0.5069420172855333,0.5186134878779048
0.41060085377395844,0.3765202478999633,0.39342632216275264,0.6011156948834989,0.41375572905330427,0.43740187955730997,0.4068706316814651,0.44557033187927986,0.4864339569334124,0.38543320631759254,0.4587702666711099,0.36028969088335694,0.47160954294889684,0.0,0.41596261249330274,0.4092468199535519,0.4255161423932052,0.4178760361629494,0.0,0.4067864212870579,0.4134032144265206,0.4050891808691565,0.46357152910564203,0.30409936254930214,0.38311649089511385,0.3997602052183665,0.41936425185103915,0.4149095701466294,0.3772102247386725,0.3650476343702091,0.33501758095648804,0.35884788871243106,0.0,0.26697097524089225,0.4067175652152855,0.44925786081605146,0.2792189910716248,0.18874220263298358,0.3039390700404023,0.351311190091952,0.2998724526431163,0.3947831190745095,0.0,0.0,0.3087129687905184,0.4681466213374224,0.48651122015684706,0.0,0.0,0.0,0.4919258087339048,0.3526231717558955,0.0,0.36130660465198605,0.46837749913032445,0.3603928417272111,0.48252484475213064,0.3749054572122851,0.0,0.5310681684785814,0.4745689638417351,0.43284316302470144,0.4884211568437947,0.0,0.5034592337162784,0.4662658519987099,0.4986448946938242,0.5249130902911731,0.40744159399335717,0.44037156897403384,0.49188635276324466,0.5240083902279267,0.41744296999205144,0.5010498487395056,0.0,0.0
0.40633463019310706,0.3694826736482195,0.564926231345009,0.439451483199126,0.4977520244216049,0.49128801595913035,0.44003270900960634,0.48401803061170623,0.5221359991567877,0.3505822846021524,0.5309196388759395,0.266119217249556,0.45558941174604317,0.46688539949337127,0.42801468956600375,0.42937814893017834,0.41489288311200356,0.4418451758676878,0.5867738141180556,0.4346070086520156,0.40361487413478264,0.42083154809274553,0.49053808276744704,0.24156527568519195,0.4054568267748613,0.39345136544396847,0.45616308448916243,0.4130818632726955,0.43604803143791565,0.3866362495587837,0.2788420351739546,0.4181491599325768,0.26697097524089225,0.0,0.33434093845862556,0.46489616271145556,0.3808918809417081,0.229535588213456,0.4050305093304425,0.28008860598271945,0.3586984607490455,0.4051019906243642,0.3876362817104052,0.34836266537470706,0.29392506238874655,0.4633815087110412,0.47525096268548034,0.35823994433756345,0.0,0.3648556559699535,0.5352582889676666,0.2848299646315481,0.5258446710630956,0.3155393950107872,0.38230509855782846,0.3607099909069315,0.3906539475951229,0.34978719842022543,0.0,0.5309275429496076,0.46994929428069854,0.0,0.4882059070874308,0.342710288261558,0.5057245793414756,0.45751115202534964,0.5052001076960699,0.5616245900477843,0.2881033795002542,0.4768697233142126,0.4985317311239081,0.5522702447108047,0.46236506511241643,0.5471249589949613,0.0,0.37174534911698937
0.44111769627072417,0.43819023399312496,0.525035406092421,0.3803764159073094,0.4890319320017633,0.4874268709625442,0.42204262452254254,0.48337889096044095,0.5518452954678116,0.33631800716918325,0.5070083982857738,0.3069206642764309,0.4550719663715554,0.0,0.47632144584306524,0.4662803385807612,0.43308531141876394,0.46287370031169467,0.5241807006133097,0.4762279951053945,0.4576130340662242,0.4699714642469039,0.5203781057496422,0.26957407630593894,0.4107536291981917,0.4248408069831631,0.48008805900284157,0.4243140636437572,0.47107984211019965,0.4107382644545259,0.22170035662731577,0.4186468029387827,0.4067175652152855,0.33434093845862556,0.0,0.43178144132051427,0.38725365543807266,0.27146342297140863,0.3829947376033762,0.30968479527013404,0.3839070654940764,0.3897762036762364,0.3573082708924413,0.32784810102087375,0.29851383452394004,0.0,0.4907961332950319,0.3484132626491364,0.0,0.37834251618995834,0.4279059134161317,0.3308715986172179,0.5131235443975946,0.33732910210611455,0.3541110997045987,0.3681911224176754,0.27511710089341723,0.3481277642946735,0.0,0.5522353868229534,0.48183421380666136,0.0,0.0,0.35849292727914917,0.5075431296138302,0.519211778507973,0.5329762101681579,0.555573279041435,0.27838590809486236,0.4914282391511261,0.5221078280965735,0.5238343246318685,0.3590985965971776,0.5156681463236028,0.0,0.3188131505170616
