0,1,2,3,4,5,6,7,8,9,10,11,12,13,14,15,16,17,18,19,20,21,22,23,24,25,26,27,28,29,30,31,32,33,34,35,36,37,38,39,40,41,42,43,44,45,46,47,48,49,50,51,52,53,54,55,56,57,58,59,60,61,62,63,64,65,66,67,68,69,70,71,72,73,74,75
0.0,0.3290022804397291,0.0,0.0,0.0,0.33360724726858193,0.3039481215753772,0.475448207008496,0.0,0.38419147068803194,0.0,0.3785174265610476,0.34651965733783435,0.0,0.35321093381289814,0.3439352750792007,0.0,0.33184146812235144,0.0,0.4022323572109689,0.39289402404058316,0.3525712033918843,0.44964770033574164,0.37198796114042304,0.28739029426048385,0.33854531932210097,0.4002728424564842,0.38750604003264977,0.4045053295919081,0.0,0.34220294348806135,0.3938074105913781,0.32417344125155256,0.32173816858309634,0.3510982230640335,0.0,0.0,0.0,0.4186693166164719,0.36207999998672435,0.3798589287424641,0.42258050382287965,0.0,0.0,0.0,0.3647666956208415,0.4399393450232101,0.0,0.0,0.0,0.0,0.0,0.0,0.0,0.0,0.0,0.0,0.0,0.0,0.0,0.41673161448793755,0.0,0.39353724676968116,0.0,0.0,0.35082024456549243,0.4409017753162614,0.0,0.41882259705959135,0.383486423536309,0.39178492083213,0.0,0.0,0.0,0.0,0.39677989612866404
0.3290022804397291,0.0,0.30069429860845587,0.0,0.34955522720545285,0.35096017695436593,0.3884069557042521,0.40249422158653975,0.2819005313460818,0.20706706814011205,0.0,0.22828022502836595,0.4121949631548571,0.0,0.3735961862603891,0.34618876215319244,0.2596748501477226,0.2991230721659934,0.0,0.42437573684694174,0.39161657572602904,0.3904138961632495,0.3812797203941473,0.29909116685169146,0.3045264039451192,0.3818133127494701,0.3824970452424417,0.4029218736986224,0.39976020197056994,0.0,0.3089891980421623,0.3779504404098226,0.3157395703002786,0.3157355517042489,0.32424659003881706,0.0,0.0,0.0,0.4200368716030562,0.40028160009223096,0.4175079316316069,0.43491574110583087,0.0,0.0,0.0,0.38310376999774864,0.43940121633445245,0.0,0.0,0.0,0.3544115041923271,0.0,0.0,0.0,0.29540478634130607,0.0,0.0,0.26843556718922656,0.0,0.4370122898783229,0.39986702116980183,0.0,0.34989608602431643,0.0,0.41689950762293987,0.41283536573933566,0.4466968929609273,0.3832595392856931,0.0,0.3577172549891103,0.43894187325505046,0.41054754012532957,0.31581504807391914,0.41193695476053477,0.0,0.3959893808349918
0.0,0.30069429860845587,0.0,0.39833143642706415,0.40348508830783136,0.36040806644867357,0.46990194092247833,0.45009604288367666,0.3363661394080941,0.42892428261966475,0.3715691467714337,0.3536244517978973,0.4829281260220553,0.42445543414145537,0.0,0.0,0.0,0.0,0.2917944497298599,0.0,0.3073087077424912,0.0,0.3447011186391818,0.0,0.2228170580106038,0.0,0.3718152797253026,0.4578743697492809,0.3439885945873318,0.39264490950816433,0.47590107454375835,0.423019298172644,0.3917904131526332,0.4736290530666218,0.473590422511886,0.4204414498128061,0.4491895203725613,0.367338174101998,0.4855152879836785,0.0,0.42866744379579197,0.0,0.4980972980148352,0.0,0.0,0.0,0.0,0.3814182899460839,0.0,0.47909004124179266,0.5325901144598078,0.48613787623410704,0.5148664748145833,0.4839224607115029,0.0,0.422318360035283,0.0,0.49281341859455463,0.0,0.0,0.0,0.0,0.0,0.3538755919923553,0.0,0.0,0.0,0.5522170138619775,0.0,0.0,0.0,0.45682198824389675,0.41680901430765477,0.37397147073007014,0.0,0.4496795010502634
0.0,0.0,0.39833143642706415,0.0,0.2559530928140516,0.41611015010494457,0.27128993002589863,0.23354379148755525,0.4219156603470076,0.0,0.36882537477171345,0.0,0.30700080371705596,0.34598963135894184,0.0,0.0,0.0,0.0,0.42219676335211564,0.47088888300132936,0.0,0.4689218064600646,0.395390879362544,0.0,0.0,0.0,0.42350023105870177,0.3164490117826801,0.42320391241839117,0.0,0.33970584269233417,0.345518877785997,0.0,0.38770026516932277,0.3595735191403861,0.23462998465708962,0.20800352464441202,0.0,0.25509957428867863,0.0,0.0,0.0,0.0,0.0,0.0,0.0,0.0,0.0,0.0,0.0,0.0,0.0,0.0,0.0,0.0,0.0,0.0,0.0,0.0,0.0,0.0,0.0,0.0,0.0,0.0,0.0,0.0,0.30693515628132195,0.0,0.0,0.0,0.0,0.0,0.0,0.0,0.0
0.0,0.34955522720545285,0.40348508830783136,0.2559530928140516,0.0,0.3986707188861379,0.3495279253873114,0.41277282772563506,0.35996546751951414,0.44184868756529433,0.3521052898816037,0.40271471946657567,0.43971276346006016,0.3116715292938767,0.0,0.3874283220350974,0.0,0.0,0.3794488822225031,0.409697352152421,0.0,0.4322000182824932,0.38288862598871276,0.0,0.31098486280254456,0.0,0.4120977103977304,0.40290770268637116,0.3932583010131306,0.0,0.46877477398038725,0.36566408788007604,0.3957023531069885,0.44536385273148216,0.42092176568858325,0.257667701536794,0.30288351610764175,0.3706164065694012,0.0,0.0,0.311939623000685,0.0,0.3547680953392564,0.0,0.0,0.0,0.0,0.4895299055252999,0.0,0.0,0.42042697392301986,0.0,0.0,0.0,0.0,0.4163690981075967,0.0,0.0,0.0,0.0,0.0,0.0,0.0,0.0,0.0,0.0,0.0,0.49070854382292994,0.0,0.0,0.0,0.522638127098091,0.2837971370334191,0.0,0.0,0.0
0.33360724726858193,0.35096017695436593,0.36040806644867357,0.41611015010494457,0.3986707188861379,0.0,0.40782786577960084,0.363591869092161,0.3395687784835366,0.4246312027764607,0.3999239025435877,0.35511029621000756,0.38504778447752086,0.39841461216111573,0.2858493456689813,0.4013055660497672,0.0,0.2987334505959731,0.38320477712311013,0.40426662852386486,0.3063018509108233,0.4037776353748275,0.34645962974019406,0.35199443308842676,0.30816583066251213,0.33830905327727684,0.3684713343922661,0.390656622177781,0.37525325863733644,0.3873192522078914,0.4053477209404925,0.39407530960036957,0.32460165375121264,0.41543071792257624,0.43287278875013757,0.4044785208040324,0.43541469495539564,0.37695479987327574,0.4743982992291156,0.32202786661929683,0.45102929475595044,0.4021123503954779,0.44856269063959386,0.3206329565568026,0.0,0.0,0.2949897275967573,0.5125258305274957,0.0,0.4180793613915599,0.4742928836139159,0.4710190254528794,0.4647881489818694,0.5060332117504664,0.0,0.5076300461973372,0.0,0.46030985143218406,0.0,0.37174259869018433,0.254116472616049,0.0,0.24445114985761773,0.4964062065377712,0.41183943684228036,0.38073677409342893,0.34053873091727765,0.4899441255186826,0.0,0.2394882315058502,0.3201687909536735,0.489857543589838,0.447439569327469,0.4505626241404087,0.4434974739803904,0.47804536443050966
0.3039481215753772,0.3884069557042521,0.46990194092247833,0.27128993002589863,0.3495279253873114,0.40782786577960084,0.0,0.4158450371207735,0.3855870102700912,0.36916190482868566,0.46262128340528874,0.36855824331112425,0.3461972866974781,0.356726709035569,0.0,0.434658379688459,0.0,0.36839974693618927,0.46618613694900185,0.43786909478101066,0.3712669632195186,0.45628902742923794,0.39638685323615275,0.0,0.32557143048110704,0.3527248451765232,0.4209423614273546,0.40072878715281807,0.42547875839084853,0.3944429425314714,0.41803796503625196,0.41462480260210854,0.38048657687772286,0.41242443809910234,0.4179352516156799,0.33970541226981593,0.3203729723407617,0.378003224810213,0.2716117702744839,0.0,0.25818062100160144,0.0,0.3479666397197108,0.0,0.0,0.0,0.3326515580733248,0.42612394192137343,0.0,0.0,0.4056909790226867,0.0,0.4148810934146779,0.3886079115741947,0.0,0.3864465270205613,0.0,0.3522749747032256,0.0,0.0,0.0,0.0,0.0,0.0,0.0,0.0,0.32851827764522235,0.489511776010883,0.0,0.29994402382812657,0.3082221378998632,0.46148115626181363,0.34625043309656367,0.3506338423732789,0.0,0.2894376516333445
0.475448207008496,0.40249422158653975,0.45009604288367666,0.23354379148755525,0.41277282772563506,0.363591869092161,0.4158450371207735,0.0,0.4606194553503006,0.4215532309801091,0.2920602200667286,0.4103006931398349,0.4050001117291163,0.2788592751114057,0.0,0.4224659968070873,0.0,0.4123534863735834,0.3893336751176986,0.3502478090737024,0.3956673373810207,0.4090258151021055,0.34212076071113007,0.4835035562106097,0.4290620924124106,0.4451178079926392,0.4177182414395648,0.4207782171773938,0.38669008470906363,0.3965034181075912,0.4337404711650089,0.3369570907111263,0.0,0.44238472985021193,0.46138314978825623,0.28936821425913456,0.34415857094911806,0.0,0.4566205815200228,0.0,0.4737796798707551,0.46118656716750683,0.43462885892901,0.3603511150565028,0.0,0.0,0.0,0.5105660778746496,0.0,0.4788666323410469,0.43679598426492433,0.45163432465861586,0.3651604701347232,0.49673185729284086,0.0,0.46933534279362366,0.0,0.4452012836885842,0.0,0.0,0.0,0.0,0.0,0.49035653652541283,0.4925560361385048,0.4859886269914487,0.0,0.47809054576642745,0.0,0.0,0.0,0.5000437313115484,0.44219334209843353,0.443612482558417,0.0,0.4548747034133681
0.0,0.2819005313460818,0.3363661394080941,0.4219156603470076,0.35996546751951414,0.3395687784835366,0.3855870102700912,0.4606194553503006,0.0,0.48978653355233576,0.3451209462562199,0.4190075737366887,0.4323696890983784,0.40358941852683006,0.24806182705556992,0.35699921625716524,0.0,0.3016727276960306,0.2911693696856808,0.395070306061669,0.29245428117903094,0.3935530263545152,0.38474845219358605,0.39339701664220716,0.19810558954686533,0.23764051164865424,0.3895856703507656,0.468811877922251,0.41549480266707584,0.436900966923719,0.4815507921599418,0.44580361277314945,0.4064318849560865,0.4833942325556558,0.516763460685546,0.4185207073495007,0.47827692813206424,0.45014787807101564,0.42191424291833457,0.0,0.3208546379140219,0.3093107576576597,0.4914630780840054,0.32010931829327527,0.0,0.0,0.0,0.5338491569839392,0.0,0.0,0.5160526790465401,0.4597701612738673,0.5303006368766692,0.4743545877478024,0.0,0.5122097067803986,0.0,0.43557328365209136,0.0,0.0,0.0,0.0,0.0,0.5090276945350904,0.0,0.0,0.294943441248648,0.5322100521699262,0.0,0.0,0.28685458763344,0.5363708208246122,0.4099220865067366,0.37027858043680995,0.0,0.3658862693696757
0.38419147068803194,0.20706706814011205,0.42892428261966475,0.0,0.44184868756529433,0.4246312027764607,0.36916190482868566,0.4215532309801091,0.48978653355233576,0.0,0.4634010054902304,0.28077742513401893,0.3890571548855945,0.0,0.0,0.3434468696378968,0.30214594056219946,0.3229511738441171,0.4435582170661058,0.3125776559225543,0.44162394445312736,0.27418370376235496,0.41093450328850817,0.27452081618833396,0.3267876728702112,0.3289411548832896,0.4138054809547082,0.38028053775767207,0.34970613418203644,0.0,0.3275000763418162,0.3016184445181481,0.30159770649462575,0.31243952344800574,0.3096998254019288,0.37286907659690915,0.2964462788282539,0.2652070985072848,0.3647905291687909,0.3442224978461822,0.338916017727957,0.3197798170692217,0.381017111293494,0.0,0.33924804756248494,0.0,0.29996536841308713,0.0,0.0,0.0,0.0,0.0,0.0,0.0,0.4272992953144963,0.0,0.4178701027660707,0.3571073837943876,0.0,0.0,0.33398200940541517,0.3958718634898482,0.3722963433156367,0.0,0.0,0.0,0.0,0.3594170872989246,0.3880071915760598,0.4301894878747266,0.44286438667752615,0.0,0.3771343424632988,0.0,0.0,0.3786692780557428
0.0,0.0,0.3715691467714337,0.36882537477171345,0.3521052898816037,0.3999239025435877,0.46262128340528874,0.2920602200667286,0.3451209462562199,0.4634010054902304,0.0,0.41133658727119704,0.47920262435765804,0.31804163978038374,0.0,0.0,0.3630089058478385,0.0,0.28164253983950643,0.0,0.0,0.0,0.3560827957463881,0.3988518414900203,0.37219644852143186,0.0,0.40245632105649115,0.4631565932635673,0.3917370380253638,0.0,0.4814446374909446,0.3802266943688676,0.39820309522217145,0.473816325166039,0.4650921443847121,0.3366440035862235,0.43675047899065844,0.421689134375988,0.3905772629256466,0.0,0.3352083188717473,0.0,0.41422260192023524,0.0,0.0,0.0,0.0,0.4677009970406366,0.0,0.3882711860923293,0.47032798670162956,0.4056939668117376,0.3997318123162014,0.4816732298107554,0.0,0.24508280370258878,0.0,0.39751892460276816,0.38385571567239696,0.0,0.0,0.0,0.0,0.24145863044451804,0.0,0.0,0.0,0.497848528668139,0.0,0.0,0.0,0.5165842241219314,0.3580776339137919,0.0,0.0,0.3426140697863793
0.3785174265610476,0.22828022502836595,0.3536244517978973,0.0,0.40271471946657567,0.35511029621000756,0.36855824331112425,0.4103006931398349,0.4190075737366887,0.28077742513401893,0.41133658727119704,0.0,0.32871584031462275,0.0,0.0,0.27108806977423416,0.3264717324595807,0.3288879270179165,0.37943694234102215,0.0,0.400218358076852,0.2504224931929039,0.3564572964697278,0.27752550496604467,0.3449856100827989,0.3135031245799013,0.353447926144821,0.35025448356834965,0.34631749131871437,0.0,0.3231276224819921,0.27373416880739887,0.2984184564764327,0.24356623474985664,0.30371655309276485,0.33723925702661706,0.28607372517744867,0.21820934265329966,0.37616413810608973,0.3666230572529164,0.336544922482588,0.0,0.0,0.0,0.35894913636958103,0.3823804375642443,0.3023461018860986,0.0,0.0,0.0,0.0,0.0,0.0,0.0,0.4531983161597283,0.0,0.4440231872893035,0.3559200508685564,0.0,0.0,0.3430125942087175,0.42117004018245296,0.40832832968514854,0.0,0.0,0.0,0.0,0.0,0.4224352606369566,0.45730713319543637,0.4640833814370718,0.0,0.4007327166427153,0.0,0.0,0.4026813459108646
0.34651965733783435,0.4121949631548571,0.4829281260220553,0.30700080371705596,0.43971276346006016,0.38504778447752086,0.3461972866974781,0.4050001117291163,0.4323696890983784,0.3890571548855945,0.47920262435765804,0.32871584031462275,0.0,0.4128935308345026,0.0,0.45286413183244056,0.35891206562795747,0.3742809407437291,0.4752886230301961,0.42850562799107295,0.40382369823208186,0.45610256630149004,0.39191680867222206,0.28480485556504853,0.3767044665039105,0.39567150165979953,0.43213673153478943,0.3641880210913891,0.40645140683583114,0.4132535799598804,0.4088101595810259,0.4209100018262386,0.40136330401277637,0.41111426267462714,0.42700926549464063,0.39395678586304395,0.3621935218669141,0.3689969182987971,0.39969997852199457,0.0,0.29999804294537935,0.3016367473048928,0.40845396965948216,0.0,0.0,0.0,0.30380548201344515,0.43352510822224355,0.0,0.3481443180428716,0.40332919419940316,0.3614650558721431,0.4804670379620064,0.35405553846479093,0.4014757261326333,0.4205658452709504,0.3870696011867833,0.3637831543140176,0.0,0.35027937819009225,0.2757934911153951,0.0,0.0,0.41028536150634065,0.4031679422180468,0.38215840786840505,0.3111244543815026,0.4952569701697759,0.0,0.2908327352364407,0.34334887092373945,0.4798847672303449,0.3992099275460853,0.40378718724484686,0.0,0.32690220277608
0.0,0.0,0.42445543414145537,0.34598963135894184,0.3116715292938767,0.39841461216111573,0.356726709035569,0.2788592751114057,0.40358941852683006,0.0,0.31804163978038374,0.0,0.4128935308345026,0.0,0.0,0.0,0.0,0.0,0.3946830433167197,0.0,0.0,0.0,0.3416596186763841,0.0,0.0,0.0,0.4248527962235384,0.3153169820593464,0.0,0.0,0.0,0.3005341170446686,0.0,0.0,0.0,0.25731223719034046,0.22505566616865336,0.0,0.0,0.0,0.0,0.0,0.0,0.0,0.0,0.0,0.0,0.0,0.0,0.0,0.0,0.0,0.0,0.0,0.0,0.4060584446172597,0.0,0.0,0.0,0.0,0.0,0.0,0.0,0.0,0.0,0.0,0.0,0.0,0.0,0.0,0.0,0.0,0.0,0.0,0.0,0.0
0.35321093381289814,0.3735961862603891,0.0,0.0,0.0,0.2858493456689813,0.0,0.0,0.24806182705556992,0.0,0.0,0.0,0.0,0.0,0.0,0.37787735859491905,0.0,0.3537084624965714,0.0,0.34801033620526645,0.3440288850812755,0.35300290645106364,0.37346504494143734,0.37696503709124657,0.341292644449673,0.38869656336021957,0.34486603052938203,0.0,0.36939937572995357,0.0,0.37748743548743585,0.3746745117006366,0.3053928434554188,0.3821156054362347,0.41465647726239435,0.48269395359960765,0.3927505173048319,0.0,0.4435367995134196,0.43897174353888746,0.42321690322491323,0.465679315562478,0.0,0.0,0.0,0.0,0.4413189802877847,0.0,0.0,0.0,0.40126143724940455,0.0,0.0,0.0,0.0,0.0,0.0,0.0,0.0,0.44953234564657696,0.38376097976736295,0.0,0.0,0.0,0.4446464713598524,0.4021400712921225,0.4668163380617954,0.45021108364446105,0.0,0.33007625147478786,0.42908848994805115,0.4441566214801739,0.417818223523365,0.42663088164725965,0.0,0.3957721398408622
0.3439352750792007,0.34618876215319244,0.0,0.0,0.3874283220350974,0.4013055660497672,0.434658379688459,0.4224659968070873,0.35699921625716524,0.3434468696378968,0.0,0.27108806977423416,0.45286413183244056,0.0,0.37787735859491905,0.0,0.3454043433867407,0.33349082553513265,0.0,0.42114019391737206,0.37976412975247137,0.4007939647535621,0.40511096709719907,0.3339406804347776,0.3128453918745649,0.3487583797145094,0.4035157952074588,0.4542927390324775,0.443021650460485,0.4226785387853829,0.35764169057376965,0.4180017106035923,0.38746736134806736,0.38064500603874224,0.4152358768339174,0.0,0.0,0.1560004517855616,0.41644225377817135,0.38287093070286227,0.3950966690197705,0.41264572627576224,0.0,0.0,0.0,0.40468959580750247,0.42052682428987825,0.0,0.0,0.0,0.2903144368228592,0.0,0.0,0.0,0.28420350117210325,0.0,0.3022241256862461,0.29487580576975775,0.0,0.4308538051211145,0.4014999140240867,0.0,0.3929501991398704,0.0,0.4101489637318832,0.38205680831517747,0.4161431261651378,0.3422558525356994,0.0,0.3863295507208728,0.411615080416197,0.36744303398832,0.0,0.37446093800112046,0.0,0.3801996537566276
0.0,0.2596748501477226,0.0,0.0,0.0,0.0,0.0,0.0,0.0,0.30214594056219946,0.3630089058478385,0.3264717324595807,0.35891206562795747,0.0,0.0,0.3454043433867407,0.0,0.28923314283489504,0.0,0.3345515180392002,0.0,0.3493087187370749,0.0,0.3315173789453271,0.27283808729133263,0.3209382677195117,0.0,0.3666933309070963,0.0,0.0,0.3371261944743165,0.3896139588426957,0.3325124178609874,0.3517844239413249,0.3710386150834106,0.0,0.0,0.3036490813929189,0.0,0.35968009514089955,0.35448163087588724,0.0,0.0,0.0,0.2482355051970863,0.0,0.0,0.0,0.0,0.0,0.0,0.0,0.0,0.0,0.40586371472385174,0.0,0.3639386320455974,0.0,0.0,0.0,0.36583114614650725,0.38480765267588385,0.38470246147218984,0.0,0.0,0.0,0.0,0.0,0.39677024549302425,0.4242754589108606,0.43968954695905693,0.0,0.0,0.0,0.0,0.3417406954754434
0.33184146812235144,0.2991230721659934,0.0,0.0,0.0,0.2987334505959731,0.36839974693618927,0.4123534863735834,0.3016727276960306,0.3229511738441171,0.0,0.3288879270179165,0.3742809407437291,0.0,0.3537084624965714,0.33349082553513265,0.28923314283489504,0.0,0.0,0.36401627499274314,0.36566702826698994,0.3548914249060378,0.3830922215292726,0.3192283539435882,0.3123009351184474,0.32063548387734364,0.31995616511786945,0.38430339265585245,0.3952796166746618,0.35976664210134957,0.3503189372123344,0.3817446914212197,0.3315284206266785,0.36483747113270193,0.3843384254036984,0.0,0.0,0.25309509216386883,0.405290684409667,0.3686823561981427,0.38459225137858805,0.39399090239565365,0.0,0.0,0.23649505296518225,0.3726637522784049,0.38653701604250557,0.0,0.0,0.0,0.28174360759561884,0.0,0.0,0.0,0.3553622079295181,0.0,0.3569996027761695,0.0,0.0,0.0,0.3832339424985858,0.38235445414664626,0.37476300073042995,0.0,0.28751822780276093,0.31004014350985876,0.36508278410970507,0.27788389222429627,0.3628492087226116,0.379610431416343,0.38398307778597135,0.0,0.0,0.29369706033949095,0.0,0.3794607266689873
0.0,0.0,0.2917944497298599,0.42219676335211564,0.3794488822225031,0.38320477712311013,0.46618613694900185,0.3893336751176986,0.2911693696856808,0.4435582170661058,0.28164253983950643,0.37943694234102215,0.4752886230301961,0.3946830433167197,0.0,0.0,0.0,0.0,0.0,0.0,0.0,0.0,0.34369838578731543,0.33622261486769,0.0,0.0,0.37947221459916103,0.4603981552208462,0.0,0.0,0.4784858294556687,0.413405688578172,0.39254479388758196,0.47696919368884616,0.47313222912822145,0.3997211199839971,0.44542243838337686,0.3966063973409248,0.44609669094774657,0.0,0.3382393170000603,0.0,0.44613679423389413,0.36771967949403306,0.0,0.0,0.0,0.5411806394019509,0.0,0.47272913972163055,0.4957868898671391,0.44894465044791826,0.5255137599861135,0.5025569914684497,0.0,0.2190246824280664,0.0,0.39781846760965933,0.48506323093499143,0.0,0.0,0.0,0.0,0.4907537291842182,0.0,0.0,0.0,0.5165423439827458,0.0,0.0,0.0,0.5257313141459651,0.36168581368078706,0.40931520354281004,0.0,0.4112178396685654
0.4022323572109689,0.42437573684694174,0.0,0.47088888300132936,0.409697352152421,0.40426662852386486,0.43786909478101066,0.3502478090737024,0.395070306061669,0.3125776559225543,0.0,0.0,0.42850562799107295,0.0,0.34801033620526645,0.42114019391737206,0.3345515180392002,0.36401627499274314,0.0,0.0,0.37141658918720377,0.38073334405729164,0.30322979959802665,0.34959545755799976,0.3488221141157934,0.37857946388494024,0.3569466305643555,0.3981615850249594,0.3379640016487565,0.33646059266103634,0.35963061029980115,0.41997161553898593,0.38118543341757855,0.40387350800317745,0.45355244395423894,0.4965750887446201,0.454323496290105,0.0,0.4511177883354743,0.41255977969899743,0.3935465336293913,0.4733741242870352,0.4171398338230588,0.0,0.0,0.0,0.40256037424491414,0.0,0.0,0.0,0.3922123933232777,0.0,0.4514217163254145,0.0,0.0,0.0,0.0,0.35102878341082927,0.0,0.4362157832695258,0.31516592050699155,0.0,0.280112249232445,0.0,0.4418022110440971,0.3733913909992209,0.4591511228893313,0.4260010605941278,0.0,0.26558186803176875,0.4251200686584639,0.4427027975032439,0.41632858185613447,0.3689111697396783,0.35768025182621066,0.4234496731011986
0.39289402404058316,0.39161657572602904,0.3073087077424912,0.0,0.0,0.3063018509108233,0.3712669632195186,0.3956673373810207,0.29245428117903094,0.44162394445312736,0.0,0.400218358076852,0.40382369823208186,0.0,0.3440288850812755,0.37976412975247137,0.0,0.36566702826698994,0.0,0.37141658918720377,0.0,0.37712597664617875,0.37843524044647064,0.47160514781257384,0.3473560190777137,0.3948308705123469,0.37263738207402897,0.4184625777524584,0.36832634494574445,0.3841511520140649,0.3621336806875708,0.3881118663780972,0.3274825369005071,0.3724981583727506,0.4134954791938562,0.45283532680010496,0.0,0.0,0.4461051128641184,0.40611029178919156,0.43726152770675436,0.48313211377310666,0.48658876503901705,0.0,0.0,0.3927343419723749,0.45233493651583184,0.0,0.0,0.0,0.42101392398638043,0.0,0.45348186310238614,0.0,0.0,0.0,0.0,0.41128243680489623,0.0,0.43756412187321525,0.4012551758967326,0.0,0.0,0.0,0.4401599273831348,0.363343530351066,0.4603987346750295,0.47839831977714725,0.0,0.3578916030124116,0.44987081182747757,0.4640840281639766,0.454016056999782,0.442632637023033,0.43654040548650297,0.42580977296209044
0.3525712033918843,0.3904138961632495,0.0,0.4689218064600646,0.4322000182824932,0.4037776353748275,0.45628902742923794,0.4090258151021055,0.3935530263545152,0.27418370376235496,0.0,0.2504224931929039,0.45610256630149004,0.0,0.35300290645106364,0.4007939647535621,0.3493087187370749,0.3548914249060378,0.0,0.38073334405729164,0.37712597664617875,0.0,0.4014859592755515,0.3169101174552413,0.3259982370275516,0.39597245096513967,0.4050254508659477,0.44767014924820886,0.4126069632930687,0.402958838688652,0.36923716797042094,0.4056790096647786,0.36494732643145167,0.39510150670376615,0.43114102379489655,0.4725752126350079,0.4339485991165948,0.0,0.44321490684618237,0.4353328022007584,0.446543592052103,0.4659717186817259,0.4643840511415124,0.3514119846785095,0.0,0.399938508524447,0.44798180180217506,0.0,0.0,0.0,0.3558941936514278,0.0,0.0,0.0,0.0,0.0,0.0,0.28886649310737966,0.0,0.4492488329184907,0.4014213096530751,0.0,0.323476649097434,0.0,0.4376748930633476,0.4197470919750656,0.4628967612532272,0.4544158437038628,0.0,0.3545278464325896,0.46632926504592964,0.43337381675407655,0.3733523898489003,0.4170504440620611,0.0,0.40043857138196437
0.44964770033574164,0.3812797203941473,0.3447011186391818,0.395390879362544,0.38288862598871276,0.34645962974019406,0.39638685323615275,0.34212076071113007,0.38474845219358605,0.41093450328850817,0.3560827957463881,0.3564572964697278,0.39191680867222206,0.3416596186763841,0.37346504494143734,0.40511096709719907,0.0,0.3830922215292726,0.34369838578731543,0.30322979959802665,0.37843524044647064,0.4014859592755515,0.0,0.4516970989514015,0.37567934817079474,0.40521173659207343,0.3365973585713515,0.39196830090968754,0.3829723328918486,0.3716092956690455,0.3967505100561818,0.37940460655899766,0.3318545320669877,0.4177070563734983,0.44641569306419676,0.3523975869681009,0.3979407264704612,0.3322418095706176,0.48524985941130505,0.0,0.5034252464543882,0.5021200120017495,0.4693641158203502,0.41766047843654264,0.0,0.5257216398271644,0.3853210295031045,0.5189889068484762,0.0,0.44155218596521817,0.4760751671126685,0.49073486613564876,0.47573173066732427,0.5053023060912091,0.0,0.5005014567741913,0.39588163959644607,0.48806094817428863,0.45018747432178874,0.45319670478687135,0.3165369457983916,0.0,0.0,0.4884009081505723,0.4633156917588085,0.4492580600434553,0.4260547663564804,0.5026655557052991,0.0,0.29073805938177333,0.3942730467729114,0.4979670227021663,0.48799801696268125,0.4711394922848683,0.48762307501231866,0.4913405525883742
0.37198796114042304,0.29909116685169146,0.0,0.0,0.0,0.35199443308842676,0.0,0.4835035562106097,0.39339701664220716,0.27452081618833396,0.3988518414900203,0.27752550496604467,0.28480485556504853,0.0,0.37696503709124657,0.3339406804347776,0.3315173789453271,0.3192283539435882,0.33622261486769,0.34959545755799976,0.47160514781257384,0.3169101174552413,0.4516970989514015,0.0,0.31376101433761805,0.3045096470081405,0.39555789725791135,0.3823475941041274,0.35059712282995614,0.0,0.3370403654676691,0.3231937836077275,0.21315781687579152,0.25835514247283403,0.3475622359089836,0.3427305357306895,0.37387239760194246,0.19402964941312084,0.0,0.38558828509984283,0.40654840645895496,0.0,0.0,0.0,0.3326147066600852,0.40947248074593395,0.4379425227581982,0.0,0.0,0.0,0.0,0.0,0.0,0.0,0.45437772099649065,0.0,0.4341032680600153,0.0,0.0,0.0,0.40145311314160514,0.45223462951672594,0.417663812522153,0.0,0.0,0.0,0.36692021120837875,0.0,0.42978146260909456,0.4386854286857624,0.4416116356825897,0.0,0.0,0.0,0.0,0.43261092530032114
0.28739029426048385,0.3045264039451192,0.2228170580106038,0.0,0.31098486280254456,0.30816583066251213,0.32557143048110704,0.4290620924124106,0.19810558954686533,0.3267876728702112,0.37219644852143186,0.3449856100827989,0.3767044665039105,0.0,0.341292644449673,0.3128453918745649,0.27283808729133263,0.3123009351184474,0.0,0.3488221141157934,0.3473560190777137,0.3259982370275516,0.37567934817079474,0.31376101433761805,0.0,0.31232238363285064,0.34051451201323957,0.37808700885991264,0.34623838959383446,0.2924274914058055,0.32095319496288044,0.3544543235974716,0.2918579532706643,0.3179618844140517,0.33749619762804334,0.34765434337826645,0.0,0.28819010696647335,0.3942181408197409,0.36555400362612916,0.38320383121841584,0.4014243777484973,0.0,0.0,0.30142993158881604,0.3517082782800125,0.3931708350264562,0.0,0.0,0.0,0.26122272702730764,0.0,0.33558032160940066,0.0,0.39840866793100627,0.0,0.39975073499874825,0.30107405793816916,0.0,0.37605487082823424,0.3699142696636575,0.4030647954603531,0.3896302839282533,0.0,0.35582850664601406,0.3080452075018584,0.3257964759098153,0.26924396484952345,0.4180367153142409,0.38993424571882795,0.3908964593428001,0.28008882814483044,0.32073785447362413,0.3590543700536341,0.0,0.39318091896497126
0.33854531932210097,0.3818133127494701,0.0,0.0,0.0,0.33830905327727684,0.3527248451765232,0.4451178079926392,0.23764051164865424,0.3289411548832896,0.0,0.3135031245799013,0.39567150165979953,0.0,0.38869656336021957,0.3487583797145094,0.3209382677195117,0.32063548387734364,0.0,0.37857946388494024,0.3948308705123469,0.39597245096513967,0.40521173659207343,0.3045096470081405,0.31232238363285064,0.0,0.3792111464427387,0.36673609500548426,0.3758183180493796,0.0,0.3498516296139606,0.39586475220220296,0.33335693673195604,0.3571393431327998,0.3951448707870059,0.4430011826709893,0.0,0.31921751759101585,0.4248399449766521,0.39149882325253904,0.4174734513850225,0.4504788284622328,0.0,0.0,0.35914255680430957,0.39937756518826945,0.4599063761245034,0.0,0.0,0.0,0.34741844327173266,0.0,0.0,0.0,0.41087498498381314,0.0,0.39381815972047574,0.3107495437568927,0.0,0.44895487713505755,0.41561875142585025,0.41872636773713,0.4014809942480815,0.0,0.4150781924893682,0.44668893566584317,0.46907482768659703,0.4402496261537737,0.42117994842223033,0.4056121089133427,0.4277753459328399,0.42741186836950434,0.3623752263425665,0.3828434175012779,0.0,0.4099182253883073
0.4002728424564842,0.3824970452424417,0.3718152797253026,0.42350023105870177,0.4120977103977304,0.3684713343922661,0.4209423614273546,0.4177182414395648,0.3895856703507656,0.4138054809547082,0.40245632105649115,0.353447926144821,0.43213673153478943,0.4248527962235384,0.34486603052938203,0.4035157952074588,0.0,0.31995616511786945,0.37947221459916103,0.3569466305643555,0.37263738207402897,0.4050254508659477,0.3365973585713515,0.39555789725791135,0.34051451201323957,0.3792111464427387,0.0,0.4237912173828094,0.39185423351988163,0.37590519935709926,0.3829841133425036,0.39768323094799973,0.33497174040839645,0.4172329455401057,0.44148660921117394,0.4090057397383677,0.43381039708177815,0.3604808519810197,0.4744285482190509,0.4419250251796478,0.4752734480293639,0.47103653428676395,0.5079143025378989,0.3509630395840483,0.0,0.0,0.34972421392900765,0.5449239999744678,0.0,0.4518919025242946,0.49414918454439516,0.5016377878172833,0.48577302453094706,0.530491001086769,0.0,0.5277128572175457,0.0,0.4585959204843334,0.5139841781117173,0.4291643395705961,0.30837600536720317,0.0,0.0,0.5222256363269611,0.4306116078635225,0.4178194130897122,0.3424057484749289,0.5026642334660213,0.0,0.2612136498091732,0.3954081399542182,0.4958351463589822,0.4549488509940437,0.4365898496731977,0.45877469495248313,0.46951098089029364
0.38750604003264977,0.4029218736986224,0.4578743697492809,0.3164490117826801,0.40290770268637116,0.390656622177781,0.40072878715281807,0.4207782171773938,0.468811877922251,0.38028053775767207,0.4631565932635673,0.35025448356834965,0.3641880210913891,0.3153169820593464,0.0,0.4542927390324775,0.3666933309070963,0.38430339265585245,0.4603981552208462,0.3981615850249594,0.4184625777524584,0.44767014924820886,0.39196830090968754,0.3823475941041274,0.37808700885991264,0.36673609500548426,0.4237912173828094,0.0,0.384064426417437,0.3650124592933421,0.3890420297737231,0.4231303941265216,0.38064268348522706,0.4161388544612491,0.4517022394774383,0.30221645668981534,0.29123048642192195,0.35038428068204286,0.4191531483888101,0.0,0.3486447274256286,0.32807160788778367,0.4347547954077894,0.36914746359845774,0.0,0.0,0.30147085554343817,0.38203065483213644,0.0,0.3248491357350508,0.4590387951231851,0.36126126377643675,0.49674038677446897,0.33372746320679897,0.4268782471670582,0.0,0.39162155271161714,0.388963128014971,0.0,0.43467046316103064,0.2869058708841482,0.0,0.0,0.3629755217752289,0.4645928270512345,0.46174415299543015,0.3754890116960267,0.5014755875644362,0.0,0.31295495215371205,0.35954007053464776,0.49271806951837627,0.45693713223243104,0.4537761527034853,0.39801430786081715,0.38910792600317673
0.4045053295919081,0.39976020197056994,0.3439885945873318,0.42320391241839117,0.3932583010131306,0.37525325863733644,0.42547875839084853,0.38669008470906363,0.41549480266707584,0.34970613418203644,0.3917370380253638,0.34631749131871437,0.40645140683583114,0.0,0.36939937572995357,0.443021650460485,0.0,0.3952796166746618,0.0,0.3379640016487565,0.36832634494574445,0.4126069632930687,0.3829723328918486,0.35059712282995614,0.34623838959383446,0.3758183180493796,0.39185423351988163,0.384064426417437,0.0,0.3663659747495831,0.3694732041339482,0.4083098690033818,0.3401109320793388,0.41321599704632017,0.4589459864581092,0.5064011804330483,0.46217403849457306,0.0,0.45906937639227907,0.3822166426777652,0.4403542428974875,0.45367565699707646,0.42802313051013285,0.35183803146292536,0.0,0.0,0.38868565428643,0.40143482208677117,0.0,0.0,0.42958279740759897,0.35893423181995826,0.4688808005902204,0.0,0.0,0.0,0.0,0.41930959309883165,0.0,0.42529946900757376,0.3005334597643458,0.0,0.2812602279167116,0.0,0.4162643762005099,0.42157273982096505,0.4237345033232457,0.478804164760704,0.0,0.2627560631832122,0.379288149407246,0.46502196771169557,0.44759062764019814,0.43206808693949056,0.4206982324650135,0.42734769036908116
0.0,0.0,0.39264490950816433,0.0,0.0,0.3873192522078914,0.3944429425314714,0.3965034181075912,0.436900966923719,0.0,0.0,0.0,0.4132535799598804,0.0,0.0,0.4226785387853829,0.0,0.35976664210134957,0.0,0.33646059266103634,0.3841511520140649,0.402958838688652,0.3716092956690455,0.0,0.2924274914058055,0.0,0.37590519935709926,0.3650124592933421,0.3663659747495831,0.0,0.35636721600126,0.4149548029706682,0.0,0.40723176038592945,0.469721219472656,0.4808164817052182,0.37549338206594474,0.0,0.0,0.0,0.0,0.0,0.0,0.0,0.0,0.0,0.0,0.0,0.0,0.0,0.3887871088582151,0.0,0.0,0.0,0.0,0.0,0.0,0.35035429447869454,0.0,0.0,0.0,0.0,0.0,0.0,0.0,0.0,0.0,0.4955194657616871,0.0,0.0,0.0,0.4828390683554732,0.4078954322006375,0.4330990636613748,0.0,0.0
0.34220294348806135,0.3089891980421623,0.47590107454375835,0.33970584269233417,0.46877477398038725,0.4053477209404925,0.41803796503625196,0.4337404711650089,0.4815507921599418,0.3275000763418162,0.4814446374909446,0.3231276224819921,0.4088101595810259,0.0,0.37748743548743585,0.35764169057376965,0.3371261944743165,0.3503189372123344,0.4784858294556687,0.35963061029980115,0.3621336806875708,0.36923716797042094,0.3967505100561818,0.3370403654676691,0.32095319496288044,0.3498516296139606,0.3829841133425036,0.3890420297737231,0.3694732041339482,0.35636721600126,0.0,0.38692314186264204,0.3305857404851174,0.3255951646604178,0.32280108471256785,0.444169747888583,0.0,0.2927938836839027,0.44965140883770766,0.37897974036498333,0.3287664019200265,0.0,0.0,0.0,0.0,0.0,0.41435213111117414,0.41731864876361546,0.0,0.0,0.4766816752846485,0.3419240984361775,0.5104482594763786,0.3589541791803109,0.4152950221899196,0.0,0.41272865708610945,0.34998636921576326,0.0,0.453822963687864,0.40011180127395624,0.0,0.40009647970929213,0.0,0.4429510092881954,0.3700432003639727,0.42489367641100145,0.5098887270779344,0.41422969224951023,0.4097917372272925,0.4260800230217395,0.5056496477650859,0.36653088921832866,0.4395614296288354,0.0,0.44239365799486596
0.3938074105913781,0.3779504404098226,0.423019298172644,0.345518877785997,0.36566408788007604,0.39407530960036957,0.41462480260210854,0.3369570907111263,0.44580361277314945,0.3016184445181481,0.3802266943688676,0.27373416880739887,0.4209100018262386,0.3005341170446686,0.3746745117006366,0.4180017106035923,0.3896139588426957,0.3817446914212197,0.413405688578172,0.41997161553898593,0.3881118663780972,0.4056790096647786,0.37940460655899766,0.3231937836077275,0.3544543235974716,0.39586475220220296,0.39768323094799973,0.4231303941265216,0.4083098690033818,0.4149548029706682,0.38692314186264204,0.0,0.37015906888117234,0.37406332750987625,0.37964467136071156,0.30233373089131277,0.3420900017557887,0.2799738342074341,0.3142236658404241,0.31185485832737925,0.3390453025923793,0.3377511918921034,0.30131158284530324,0.28442468394582116,0.2684765589553651,0.3941220832712393,0.4400788159916521,0.4463924098124847,0.0,0.0,0.47714497831212005,0.37897440556175754,0.4714610709004944,0.3710138896268605,0.32553842033555364,0.3680755807706516,0.2921658848086205,0.3734302759791697,0.0,0.46524985430427807,0.3757105215044442,0.0,0.40548965971495665,0.4424173768713033,0.45721349623862984,0.4356957974981064,0.46046367232274177,0.4941181912628386,0.0,0.38321193514832297,0.43939279670609355,0.49199584391852713,0.34873463341382205,0.46575118687804273,0.48305481652713333,0.431537449091834
0.32417344125155256,0.3157395703002786,0.3917904131526332,0.0,0.3957023531069885,0.32460165375121264,0.38048657687772286,0.0,0.4064318849560865,0.30159770649462575,0.39820309522217145,0.2984184564764327,0.40136330401277637,0.0,0.3053928434554188,0.38746736134806736,0.3325124178609874,0.3315284206266785,0.39254479388758196,0.38118543341757855,0.3274825369005071,0.36494732643145167,0.3318545320669877,0.21315781687579152,0.2918579532706643,0.33335693673195604,0.33497174040839645,0.38064268348522706,0.3401109320793388,0.0,0.3305857404851174,0.37015906888117234,0.0,0.25156778237833005,0.37889018321223333,0.4527996549984874,0.30062447695959627,0.16939193401661876,0.36688553247525146,0.3013336040592472,0.35855286752014714,0.39080685440503526,0.0,0.35015211534861884,0.24868710127675034,0.3873588925889617,0.41222910222155285,0.0,0.0,0.0,0.0,0.0,0.0,0.0,0.3748977239170888,0.0,0.3756186838299946,0.3361281704249157,0.0,0.45564011872830534,0.3892671534132381,0.4151760526416522,0.36564490406463096,0.0,0.40676056735031396,0.37962346981820005,0.45405725241826445,0.4613562158835281,0.3471776496682054,0.39597124942781037,0.41480787897417243,0.0,0.3390588323001228,0.4011012581643111,0.0,0.35088774710280557
0.32173816858309634,0.3157355517042489,0.4736290530666218,0.38770026516932277,0.44536385273148216,0.41543071792257624,0.41242443809910234,0.44238472985021193,0.4833942325556558,0.31243952344800574,0.473816325166039,0.24356623474985664,0.41111426267462714,0.0,0.3821156054362347,0.38064500603874224,0.3517844239413249,0.36483747113270193,0.47696919368884616,0.40387350800317745,0.3724981583727506,0.39510150670376615,0.4177070563734983,0.25835514247283403,0.3179618844140517,0.3571393431327998,0.4172329455401057,0.4161388544612491,0.41321599704632017,0.40723176038592945,0.3255951646604178,0.37406332750987625,0.25156778237833005,0.0,0.3089455581048928,0.4455132958907962,0.30611572366812756,0.21870547907140625,0.3728466481985804,0.34258345693587483,0.3093375240470849,0.34323883827574925,0.3155321118867047,0.30646318026550523,0.35164369039957255,0.3468740598419619,0.4233881493139158,0.3965413163903965,0.0,0.0,0.4872480799747107,0.2851034812378846,0.5062356214479589,0.3355653983472053,0.4002730196014631,0.3001539970325319,0.39478564946186256,0.2658853541583198,0.25932603623087835,0.4574636658937226,0.39594179198005913,0.0,0.40273073298072826,0.26749420728591716,0.4617772639223543,0.37369958085298133,0.4489318553814075,0.5090280380629025,0.40692204715387403,0.4063526851348332,0.4238190276462941,0.5080968182214788,0.3577817281097323,0.46470139791240694,0.0,0.3175785518980387
0.3510982230640335,0.32424659003881706,0.473590422511886,0.3595735191403861,0.42092176568858325,0.43287278875013757,0.4179352516156799,0.46138314978825623,0.516763460685546,0.3096998254019288,0.4650921443847121,0.30371655309276485,0.42700926549464063,0.0,0.41465647726239435,0.4152358768339174,0.3710386150834106,0.3843384254036984,0.47313222912822145,0.45355244395423894,0.4134954791938562,0.43114102379489655,0.44641569306419676,0.3475622359089836,0.33749619762804334,0.3951448707870059,0.44148660921117394,0.4517022394774383,0.4589459864581092,0.469721219472656,0.32280108471256785,0.37964467136071156,0.37889018321223333,0.3089455581048928,0.0,0.4273713624014242,0.337552158386217,0.26700412682365965,0.3421099177247073,0.31561599750209146,0.3205549135385345,0.3548182190514849,0.31195250147253006,0.29839678290880645,0.0,0.0,0.4491318110806904,0.33896344724849814,0.0,0.3039430626363925,0.3938302720079036,0.2827099360204415,0.0,0.2900451458820098,0.30010731282084946,0.34042288965433676,0.33160685724124433,0.29112331524542107,0.0,0.47883640234978136,0.39522319384097343,0.0,0.39429946238278535,0.0,0.43909425774464256,0.0,0.47683922543972257,0.46620099829498585,0.0,0.39821324018901433,0.4525057881059612,0.5109385291405751,0.30189940328310544,0.4355131085365233,0.38079182117660115,0.26580998314866616
0.0,0.0,0.4204414498128061,0.23462998465708962,0.257667701536794,0.4044785208040324,0.33970541226981593,0.28936821425913456,0.4185207073495007,0.37286907659690915,0.3366440035862235,0.33723925702661706,0.39395678586304395,0.25731223719034046,0.48269395359960765,0.0,0.0,0.0,0.3997211199839971,0.4965750887446201,0.45283532680010496,0.4725752126350079,0.3523975869681009,0.3427305357306895,0.34765434337826645,0.4430011826709893,0.4090057397383677,0.30221645668981534,0.5064011804330483,0.4808164817052182,0.444169747888583,0.30233373089131277,0.4527996549984874,0.4455132958907962,0.4273713624014242,0.0,0.2667581308426356,0.36980389942458514,0.27369118402557635,0.2900934883646487,0.3192968684796821,0.3585609266349808,0.32404500893199967,0.2900317274632548,0.0,0.0,0.0,0.4652803153549509,0.0,0.0,0.43760358941306565,0.42979717646948384,0.4555204468824041,0.43914741294853005,0.0,0.3959869477361101,0.0,0.3693508216872632,0.48998387578037783,0.0,0.0,0.0,0.0,0.40015254496685027,0.0,0.0,0.0,0.47826390873914276,0.0,0.0,0.0,0.4643486929328927,0.32396019521522834,0.413118240563907,0.0,0.4119437872367656
