0,1,2,3,4,5,6,7,8,9,10,11,12,13,14,15,16,17,18,19,20,21,22,23,24,25,26,27,28,29,30,31,32,33,34,35,36,37,38,39,40,41,42,43,44,45,46,47,48,49,50,51,52,53,54,55,56,57,58,59,60,61,62,63,64,65,66,67,68,69,70,71,72,73,74,75
0.0,0.4015509682963574,0.0,0.0,0.0,0.37958710299727055,0.31143001018912053,0.5536726120056785,0.0,0.3971436085994115,0.0,0.380089557671772,0.35996403635423047,0.5277291098985406,0.38048203147735143,0.3804560629051838,0.38187924601954426,0.3743211730832869,0.0,0.4214069716772561,0.42988741921851825,0.3984273030601315,0.4793758513376386,0.3818131082229451,0.38999642213297414,0.3843696925638482,0.43121936543323813,0.41338278251904603,0.4683413941628173,0.4049981429037604,0.3741380325195138,0.4254584800246692,0.29696949579017295,0.37615825570570294,0.42179173682520726,0.4801068531222271,0.0,0.36754359264308295,0.4514433905338286,0.4292118629857963,0.4248268158845085,0.47341118219816863,0.0,0.0,0.5078316995759211,0.4074920519629059,0.4574201218701465,0.0,0.0,0.0,0.0,0.0,0.0,0.0,0.4228557233767341,0.0,0.44700212160987896,0.0,0.0,0.0,0.45396768138425114,0.0,0.43734436407520844,0.0,0.0,0.47640295074861483,0.45305895956408726,0.0,0.0,0.4500411021229622,0.47001223176767915,0.0,0.0,0.0,0.0,0.3994528375639748
0.4015509682963574,0.0,0.32990505763009903,0.0,0.37920931405368086,0.38941481695030034,0.4017157404288929,0.5188269656563724,0.3536501544285979,0.30132566077060646,0.0,0.27659712587240026,0.413887422547916,0.0,0.4049407338804768,0.39639073353319726,0.3658730840633252,0.3893956279687656,0.0,0.41444618152296087,0.39121961096145774,0.4060738001959224,0.4147666215040816,0.0,0.38742071187522237,0.3973210314819603,0.4005479910456718,0.3978398060211609,0.3996126064741155,0.0,0.3724724565870297,0.42432061965669055,0.331314261664431,0.38078519566901925,0.417477729543894,0.0,0.0,0.0,0.4550096675181,0.4437073419291338,0.44280607299549934,0.47467593525494434,0.0,0.0,0.0,0.4353106560515254,0.4598453583368751,0.0,0.0,0.0,0.3738401664975781,0.0,0.0,0.0,0.34967385720866595,0.0,0.0,0.0,0.0,0.4339926620158689,0.45283960011236757,0.0,0.42783358655554315,0.0,0.43930895859602787,0.4630383336827781,0.45551119752777225,0.41390422442639097,0.0,0.44279486547477154,0.47063553062812136,0.4455803811179065,0.0,0.41859514660722724,0.0,0.4371054276503235
0.0,0.32990505763009903,0.0,0.39431100885007775,0.37278815000884913,0.42072160681131576,0.3834483062557169,0.4316784720936827,0.3416742837609156,0.35553824993897754,0.3485518866063915,0.3058542578125867,0.3777923413865064,0.4169815257040449,0.0,0.0,0.0,0.0,0.29013942438141876,0.0,0.0,0.0,0.316260661423352,0.0,0.27471729897627967,0.28376625682692735,0.369021818952935,0.38944803884743984,0.3349231285216527,0.40782236531884586,0.3942287293432336,0.4059180389294833,0.0,0.3765630770133032,0.42446401698016134,0.381321819230145,0.35130063925855154,0.32142656328600105,0.34469437600745567,0.0,0.3501974218163991,0.0,0.4873440545649605,0.0,0.0,0.0,0.0,0.46942457598887216,0.0,0.33700350486657477,0.5089875363311251,0.254988340163208,0.4545362559727548,0.5160787575526894,0.0,0.3075976536581564,0.0,0.3867414429241752,0.4503844873080848,0.0,0.0,0.0,0.0,0.23697858249226003,0.0,0.0,0.0,0.5370183945979875,0.0,0.0,0.0,0.5521097619006483,0.3462898363528916,0.0,0.0,0.43321958597242005
0.0,0.0,0.39431100885007775,0.0,0.21584760912152498,0.0,0.22798420485650334,0.38138854065336547,0.34125366441335775,0.15867128719862067,0.33611199457828117,0.2745529463623787,0.29011698122114765,0.2695739930699662,0.0,0.0,0.0,0.0,0.3460650039773834,0.0,0.0,0.0,0.3957137667150603,0.0,0.0,0.0,0.0,0.2632006760581506,0.0,0.0,0.0,0.2944354471997666,0.0,0.2504822177572622,0.2406391686060881,0.20701035096461096,0.15732151878404604,0.2821179961296241,0.0,0.0,0.0,0.0,0.0,0.0,0.0,0.0,0.0,0.0,0.0,0.0,0.0,0.0,0.0,0.0,0.0,0.35205989816706573,0.0,0.0,0.0,0.0,0.0,0.0,0.0,0.0,0.0,0.0,0.0,0.0,0.0,0.0,0.0,0.0,0.0,0.0,0.0,0.0
0.0,0.37920931405368086,0.37278815000884913,0.21584760912152498,0.0,0.3832835457483093,0.32726181925008135,0.3850732761999576,0.34424993182047076,0.3193842575895013,0.31942441239783537,0.35096957464978096,0.3483102264309323,0.25173695937850527,0.0,0.39629602226247856,0.3577516869191839,0.3633036480360634,0.361785469032563,0.4182883825433338,0.3342385779388795,0.4296303670138551,0.3698244415573486,0.0,0.37617026863926417,0.35895922766017474,0.40146298725632934,0.34318339628435357,0.37800286924540283,0.0,0.39558040509260667,0.3748805283744434,0.0,0.39998739591710303,0.41968688148283023,0.17779073183493127,0.16073199206358485,0.3352350605012639,0.3895320553045135,0.0,0.0,0.0,0.44085768810452597,0.0,0.0,0.0,0.0,0.43951910704448,0.0,0.0,0.4142562627893879,0.3656886617226961,0.0,0.0,0.0,0.0,0.0,0.0,0.3704341807926591,0.0,0.0,0.0,0.0,0.0,0.0,0.0,0.0,0.4836787843612217,0.0,0.0,0.0,0.46473086174158024,0.35081146567490734,0.33370743366896194,0.0,0.0
0.37958710299727055,0.38941481695030034,0.42072160681131576,0.0,0.3832835457483093,0.0,0.3984260250782571,0.35781091000890425,0.351581993318456,0.34557683422037233,0.38018602284845027,0.3451199654463621,0.3655959042748311,0.4042541717068152,0.3818227784551554,0.38531295866294857,0.28888392010288877,0.35405623986804174,0.384682483362885,0.3835192826581056,0.35710787595292925,0.4031244572710917,0.3912167494500757,0.362468941417175,0.37417159964634994,0.38625398815339407,0.38923602962524856,0.35063025575764256,0.32723086312778116,0.38053392963967336,0.3833750127490461,0.4105733178232259,0.31998571627635575,0.3971841041150532,0.4405373261434785,0.42378832006558304,0.39520401706516944,0.33561237158856005,0.47370773672958305,0.0,0.4763617169419606,0.42835420252544587,0.4481370038744444,0.0,0.0,0.0,0.32227703515653844,0.5126401704676689,0.0,0.38316723127611657,0.45639825687239266,0.43342830652446107,0.4682332644983504,0.5081130386611816,0.0,0.4392096451540274,0.0,0.4389862582943961,0.0,0.40033125608748193,0.2857521011264133,0.0,0.0,0.46735094340429867,0.399387232370655,0.37105055361813255,0.389295582980773,0.4820715388001633,0.0,0.29196257049522106,0.3844248984195946,0.47635284287881874,0.44946387795852427,0.44692118490182886,0.44558101215552837,0.4627194249719361
0.31143001018912053,0.4017157404288929,0.3834483062557169,0.22798420485650334,0.32726181925008135,0.3984260250782571,0.0,0.40344810224765526,0.36173908539280025,0.36650071809639106,0.38373269380091424,0.34602079469807545,0.3398434345765111,0.38470615129342123,0.0,0.39958902710957694,0.38062257772587754,0.3791755328433294,0.3869389137739156,0.40934127287589095,0.36742197393907866,0.4301605017757621,0.380148939223345,0.0,0.39029581483063897,0.40004152803792564,0.4005255345525364,0.3548411566662491,0.389613809050867,0.0,0.39863015257490403,0.3822795908550455,0.3849712723224443,0.3938341592044361,0.41001827011879144,0.2493094569202825,0.22728860874324036,0.3555151390815735,0.3593101331370392,0.0,0.0,0.0,0.40523722460195655,0.0,0.0,0.0,0.0,0.45879668136720386,0.0,0.0,0.3795920704692182,0.35403433869305356,0.0,0.4265830098799155,0.0,0.3878512813298106,0.0,0.3359160150144819,0.0,0.0,0.0,0.0,0.0,0.40710782799741085,0.0,0.0,0.0,0.4857639003223064,0.0,0.0,0.3270224196485194,0.46331905178445165,0.3391333280869002,0.3402584387808118,0.0,0.0
0.5536726120056785,0.5188269656563724,0.4316784720936827,0.38138854065336547,0.3850732761999576,0.35781091000890425,0.40344810224765526,0.0,0.44500841882125486,0.4349492042006926,0.3370790803606676,0.465851853720733,0.39148066562716355,0.37078624113825465,0.0,0.48242700747673783,0.0,0.5069198842371535,0.4125113229476246,0.3728788778772236,0.41001849809416535,0.0,0.35258818525880414,0.5590836570839015,0.5016779242886917,0.5184869156802215,0.4221421825450762,0.39536113814654084,0.35698625663027217,0.4043724793508785,0.41571037825409146,0.4088631118939278,0.47958973104800273,0.43890597115843194,0.4586287949139183,0.27364987591244977,0.4063213340594642,0.0,0.46591022968449375,0.0,0.48078897679091726,0.0,0.4190971640317183,0.0,0.0,0.0,0.0,0.5471449098559502,0.0,0.0,0.42939698209999383,0.0,0.44034422751106367,0.5336790883667776,0.0,0.4384947107728172,0.0,0.42453733606813765,0.4884088682338177,0.4120234669616507,0.0,0.0,0.0,0.508074079422337,0.44030086205610874,0.2970697284429417,0.0,0.5056278338945459,0.0,0.0,0.0,0.5173297142092633,0.4361842796175042,0.42864526137560444,0.0,0.45545655508773236
0.0,0.3536501544285979,0.3416742837609156,0.34125366441335775,0.34424993182047076,0.351581993318456,0.36173908539280025,0.44500841882125486,0.0,0.3204899996384796,0.31833039699516225,0.31190162075607086,0.33481818858871937,0.43302484037706046,0.0,0.3603383545336618,0.3167940075642236,0.2837851297302558,0.3148152746725981,0.39374421111091606,0.30261194336148056,0.3898139856486578,0.39191235530615914,0.3175184430227588,0.3079665783098948,0.31326937120895715,0.4015062838961179,0.3884873205806516,0.3369585610572304,0.3680581537047981,0.39976901065638204,0.3939061122057002,0.34340275141893123,0.3918967591954664,0.3838814552422959,0.37741497065860036,0.34703936137108815,0.27636352698475297,0.4414682904096803,0.0,0.0,0.0,0.49045291120941387,0.0,0.0,0.0,0.0,0.5513683951754373,0.0,0.41405386558053914,0.4997448942973264,0.42602254501288805,0.5224281029785461,0.5070206703410933,0.0,0.4991941638967954,0.0,0.4360341967483121,0.5020144285257375,0.0,0.0,0.0,0.0,0.5138579766109344,0.0,0.0,0.0,0.5339054253265487,0.0,0.0,0.0,0.5474341778835552,0.38286789873742094,0.36274617853507884,0.0,0.0
0.3971436085994115,0.30132566077060646,0.35553824993897754,0.15867128719862067,0.3193842575895013,0.34557683422037233,0.36650071809639106,0.4349492042006926,0.3204899996384796,0.0,0.35630919738675526,0.2795923029362106,0.40004010000214557,0.0,0.2887547439377376,0.320800294622812,0.3020612589332188,0.338802110932817,0.3605698956073807,0.32400641384134954,0.4801780443429958,0.3358610390320887,0.44407794570956993,0.3289214786494079,0.3187596911315717,0.34942031395633993,0.36598541389044714,0.4027741151085417,0.3276278370027791,0.0,0.31895300272200633,0.3689188968252175,0.3322704521171178,0.33092520991576774,0.3276353341962791,0.27977732649231457,0.2790497988486422,0.2676769718253565,0.41926530329960465,0.3917287101786853,0.376427821788104,0.0,0.0,0.0,0.3518188821190329,0.4583947519926004,0.0,0.0,0.0,0.0,0.0,0.0,0.0,0.0,0.4397013721617712,0.0,0.453910989392095,0.0,0.0,0.0,0.35998870437214675,0.44137685386628006,0.4336973594886657,0.0,0.0,0.4369617576784892,0.0,0.0,0.43248229594471255,0.4266933239363074,0.44633777631411325,0.0,0.43130418985952046,0.0,0.0,0.42796977383620793
0.0,0.0,0.3485518866063915,0.33611199457828117,0.31942441239783537,0.38018602284845027,0.38373269380091424,0.3370790803606676,0.31833039699516225,0.35630919738675526,0.0,0.34235958504346425,0.38204954195272317,0.27392551478233695,0.0,0.0,0.32390319064562856,0.3257494821705885,0.2695975740007493,0.0,0.4243832871250939,0.0,0.27064407956442166,0.3454445014483059,0.33666082285853294,0.0,0.3843897056717938,0.38243182079176363,0.3092546932060263,0.0,0.40878106184869417,0.3733813434008086,0.3187182739056621,0.396423563567478,0.3923995439633905,0.30119442860774376,0.3357436801388702,0.33038370628729397,0.0,0.0,0.0,0.0,0.41657953479825044,0.0,0.0,0.0,0.0,0.4441644046379687,0.0,0.3594940110586862,0.37167380281166845,0.3480151061141075,0.4348833474585518,0.4400749804689369,0.0,0.24901591285481744,0.0,0.33154619481882047,0.4461052299182504,0.0,0.0,0.0,0.0,0.23823210392970873,0.0,0.0,0.0,0.4564022881658787,0.0,0.0,0.0,0.5175580347776895,0.2897988750077818,0.0,0.0,0.0
0.380089557671772,0.27659712587240026,0.3058542578125867,0.2745529463623787,0.35096957464978096,0.3451199654463621,0.34602079469807545,0.465851853720733,0.31190162075607086,0.2795923029362106,0.34235958504346425,0.0,0.3226631708931703,0.0,0.0,0.2895889333136219,0.3167347684815535,0.3362500568017647,0.31400264426677615,0.35030142784899765,0.4335703616015733,0.0,0.4361447131592332,0.2715506261913465,0.34773602167189627,0.29319002278382866,0.36036939501928156,0.3587752537508499,0.35313650153936715,0.0,0.3398628895291527,0.27013049298659336,0.2932732154822118,0.2538389436474928,0.2887764926899584,0.3108756352782328,0.3102285569131939,0.21332566227510824,0.30353587638244545,0.3778573539783615,0.37289309610472904,0.3359873314277473,0.0,0.0,0.3462008362773368,0.42077030026017737,0.0,0.0,0.0,0.0,0.0,0.0,0.0,0.0,0.4309894167431813,0.0,0.4482683318712608,0.0,0.0,0.0,0.0,0.4062042243266205,0.41401409240746284,0.0,0.0,0.35927021975506346,0.0,0.4591711794784186,0.3979678991123218,0.42353369096920324,0.4402276611171956,0.0,0.0,0.0,0.0,0.4215950939106984
0.35996403635423047,0.413887422547916,0.3777923413865064,0.29011698122114765,0.3483102264309323,0.3655959042748311,0.3398434345765111,0.39148066562716355,0.33481818858871937,0.40004010000214557,0.38204954195272317,0.3226631708931703,0.0,0.39713494852078157,0.40413922418571513,0.424405679669448,0.381773747679345,0.38042172670888386,0.38831270675548485,0.4014647286015779,0.39415265129031407,0.425759161581551,0.38551199058930374,0.2735389688064925,0.4099259334720501,0.4148026730241942,0.3961959851258863,0.3256556467858258,0.3666247798541722,0.34153536250084815,0.38129574950625944,0.37957357038368805,0.36549115654739334,0.3925306912113408,0.3928289990555398,0.32410584779107393,0.291376581526825,0.343300347319252,0.36013072080816877,0.0,0.42195462196163025,0.0,0.26367195527663695,0.0,0.0,0.0,0.30500818963652276,0.45499078466448173,0.0,0.0,0.32707293195448717,0.3479538088406363,0.42302370381910803,0.3804118529982826,0.0,0.36014988334682224,0.0,0.3355677418085666,0.0,0.3265043917672693,0.0,0.0,0.0,0.0,0.3924479992938571,0.0,0.32435669994524563,0.47633240305626773,0.0,0.332071220812874,0.3480533458603181,0.4595922864056984,0.38476281640780735,0.38020190926597985,0.0,0.3497370251812806
0.5277291098985406,0.0,0.4169815257040449,0.2695739930699662,0.25173695937850527,0.4042541717068152,0.38470615129342123,0.37078624113825465,0.43302484037706046,0.0,0.27392551478233695,0.0,0.39713494852078157,0.0,0.0,0.0,0.0,0.0,0.3884278751649553,0.0,0.4534434475010551,0.0,0.37291182764319497,0.46203645369224633,0.0,0.46803876602801864,0.42998053032853945,0.38686488569636107,0.3630964235506513,0.0,0.0,0.34145337042149493,0.0,0.4068104169016795,0.0,0.202737366847946,0.15463835388761066,0.0,0.0,0.0,0.0,0.0,0.0,0.0,0.0,0.0,0.0,0.47967284395057375,0.0,0.0,0.3608801691206255,0.0,0.0,0.48204953797694416,0.0,0.4095396621431924,0.0,0.0,0.0,0.0,0.0,0.0,0.0,0.40033865668560437,0.0,0.0,0.0,0.4764466496272681,0.0,0.0,0.0,0.5044422780846811,0.0,0.0,0.0,0.0
0.38048203147735143,0.4049407338804768,0.0,0.0,0.0,0.3818227784551554,0.0,0.0,0.0,0.2887547439377376,0.0,0.0,0.40413922418571513,0.0,0.0,0.42192160068812307,0.3233245629113253,0.405038648726358,0.0,0.34843788631813266,0.37694232373635284,0.3852247526957904,0.3490182916216509,0.3722245912991201,0.387695914649601,0.4315664106319001,0.4084301169069322,0.3962470468767012,0.3777390018434019,0.0,0.40120457297080186,0.4438441454109244,0.36327656404258457,0.4120752722084143,0.46783715713585916,0.0,0.0,0.0,0.4888403999002016,0.4677010974855596,0.46591748736539507,0.503825801449893,0.49992935569225994,0.0,0.0,0.0,0.4809268686416927,0.0,0.0,0.0,0.438554149180145,0.0,0.0,0.0,0.0,0.0,0.0,0.36941310389886794,0.0,0.44332162166041217,0.44625482132455907,0.0,0.334500398619608,0.0,0.46339023783107774,0.4904662301036876,0.49376124429120893,0.477570003186144,0.0,0.3684637183551849,0.5471925632494359,0.4811869446688967,0.0,0.430711610479735,0.0,0.44822434876635076
0.3804560629051838,0.39639073353319726,0.0,0.0,0.39629602226247856,0.38531295866294857,0.39958902710957694,0.48242700747673783,0.3603383545336618,0.320800294622812,0.0,0.2895889333136219,0.424405679669448,0.0,0.42192160068812307,0.0,0.30158912354180645,0.32370155293537806,0.0,0.4150810918985366,0.40847271231318544,0.39375558304307107,0.4130705854290034,0.34314390828992203,0.38373704008256765,0.40184910492783366,0.40940950738270104,0.38608540109690576,0.42115534416857814,0.34739577205964783,0.3426550828938229,0.43003382800563117,0.37455026150505644,0.3779848023472903,0.4219925596754956,0.0,0.0,0.0,0.446118012871045,0.4237500410391342,0.4284909238824406,0.46090844590051566,0.0,0.0,0.0,0.4277760978685132,0.44745281653955077,0.0,0.0,0.0,0.3199000356679525,0.0,0.0,0.0,0.3124518584774575,0.0,0.34347155261578416,0.0,0.0,0.4555169616362634,0.4443254155700202,0.0,0.4168221188031431,0.0,0.4200530786997762,0.4452264029010811,0.4467692596813264,0.3628784837569238,0.40368939904452394,0.43038730414206394,0.45542885832257396,0.3904781400939354,0.0,0.3655277258944053,0.0,0.4246362430612511
0.38187924601954426,0.3658730840633252,0.0,0.0,0.3577516869191839,0.28888392010288877,0.38062257772587754,0.0,0.3167940075642236,0.3020612589332188,0.32390319064562856,0.3167347684815535,0.381773747679345,0.0,0.3233245629113253,0.30158912354180645,0.0,0.2924303751192289,0.0,0.3649675265650695,0.0,0.3661809756181372,0.389466107238189,0.3325362613200308,0.33051229734850796,0.3492678123643215,0.314476170779734,0.3887283227195433,0.3407445869443155,0.0,0.3195883300160904,0.4248574065122193,0.3355680918043189,0.3625155240026574,0.3953914863684146,0.0,0.0,0.29868893077661185,0.4230537728202678,0.4017244738583572,0.4031550482585332,0.0,0.0,0.0,0.0,0.0,0.0,0.0,0.0,0.0,0.0,0.0,0.0,0.0,0.43577506253634035,0.0,0.44276511462468565,0.0,0.0,0.0,0.3809139894873597,0.4313345910761975,0.4117543467473869,0.0,0.0,0.0,0.0,0.0,0.3794209221856159,0.42464770590551315,0.44053218950216877,0.0,0.0,0.0,0.0,0.3921792431180939
0.3743211730832869,0.3893956279687656,0.0,0.0,0.3633036480360634,0.35405623986804174,0.3791755328433294,0.5069198842371535,0.2837851297302558,0.338802110932817,0.3257494821705885,0.3362500568017647,0.38042172670888386,0.0,0.405038648726358,0.32370155293537806,0.2924303751192289,0.0,0.340433857316292,0.40621940576422094,0.4351748400062307,0.39569695172176467,0.4509947335867683,0.33033650882396903,0.3528236121435521,0.3713786137615745,0.38792920248734036,0.3841403618328878,0.4078196569334478,0.0,0.3475862909198534,0.4257240973485778,0.34526030617431486,0.3783272730876478,0.39744485067788277,0.0,0.0,0.0,0.43380773265358974,0.39923452666888276,0.41754290859022686,0.4360016942762049,0.0,0.0,0.0,0.41889141311715616,0.43364004154856106,0.0,0.0,0.0,0.309031419208718,0.0,0.0,0.0,0.40012213319461204,0.0,0.41415969193024427,0.0,0.0,0.38108861968043245,0.422658759905807,0.4068925815671477,0.40596332480133324,0.0,0.33601568000005777,0.3821455977167601,0.40976731835072927,0.0,0.3546005049312373,0.4116668397204433,0.42998756147814243,0.34695669753670266,0.3116788727645681,0.3154550367898478,0.0,0.4130530563947747
0.0,0.0,0.29013942438141876,0.3460650039773834,0.361785469032563,0.384682483362885,0.3869389137739156,0.4125113229476246,0.3148152746725981,0.3605698956073807,0.2695975740007493,0.31400264426677615,0.38831270675548485,0.3884278751649553,0.0,0.0,0.0,0.340433857316292,0.0,0.0,0.0,0.0,0.2902632019012825,0.0,0.29410141624305564,0.0,0.3760120317684598,0.40041243223292655,0.27464100651952916,0.0,0.37955316233233993,0.39459598655460265,0.0,0.34962005998260215,0.40061154035004776,0.36005549746499665,0.35140394258217444,0.3317806412131242,0.0,0.0,0.0,0.0,0.5180145941426716,0.0,0.0,0.0,0.0,0.557933686747008,0.0,0.4239198985315896,0.481490878543572,0.0,0.5433662496420045,0.5388692478944452,0.0,0.20961633235152105,0.0,0.41001833971528123,0.48858781744960217,0.0,0.0,0.0,0.0,0.48897621552394815,0.0,0.0,0.0,0.5291972404324594,0.0,0.0,0.0,0.5275838067182119,0.35031716046462646,0.0,0.0,0.0
0.4214069716772561,0.41444618152296087,0.0,0.0,0.4182883825433338,0.3835192826581056,0.40934127287589095,0.3728788778772236,0.39374421111091606,0.32400641384134954,0.0,0.35030142784899765,0.4014647286015779,0.0,0.34843788631813266,0.4150810918985366,0.3649675265650695,0.40621940576422094,0.0,0.0,0.41298515391506024,0.389379196960256,0.259261669955291,0.37449032245973346,0.4044143786934899,0.42732228581849135,0.3421402710942939,0.3686779658601927,0.343818596216677,0.31902877083747355,0.3681438045461235,0.45568935711593045,0.37253776730746707,0.40598295737860635,0.46533626933108463,0.48053978747196524,0.0,0.0,0.47833669337154733,0.42422971518108316,0.4494127005389309,0.4937615380909274,0.0,0.0,0.0,0.0,0.42673568216294727,0.0,0.0,0.0,0.4129117716297155,0.0,0.0,0.0,0.0,0.0,0.0,0.34704829424482153,0.0,0.4698849705640832,0.3398654458147198,0.0,0.310864313554126,0.0,0.4505196162133958,0.4395501839673449,0.4713408105623169,0.44412774447359066,0.0,0.3133950401867084,0.477127398834947,0.4599802553303313,0.4190110829816569,0.39053619848591026,0.0,0.4476574890217363
0.42988741921851825,0.39121961096145774,0.0,0.0,0.3342385779388795,0.35710787595292925,0.36742197393907866,0.41001849809416535,0.30261194336148056,0.4801780443429958,0.4243832871250939,0.4335703616015733,0.39415265129031407,0.4534434475010551,0.37694232373635284,0.40847271231318544,0.0,0.4351748400062307,0.0,0.41298515391506024,0.0,0.42655774895056014,0.382602061085476,0.5142282886934032,0.44562019342447673,0.4293084813484738,0.40963839204840374,0.40363444219317185,0.3974828379944076,0.42137620450366065,0.39965098490004586,0.4504479009264391,0.3857437239645816,0.4075235182401827,0.46992637584109004,0.0,0.0,0.4382195844891965,0.48883192679364235,0.4767969655618108,0.4677707379323377,0.0,0.0,0.0,0.0,0.0,0.48024019371165527,0.0,0.0,0.0,0.40211114333085773,0.0,0.3958020959204016,0.0,0.0,0.0,0.47671200245444295,0.3841965854358167,0.0,0.4693952434732611,0.45742143588287965,0.0,0.37776595734918816,0.0,0.448203821436985,0.40664702816366083,0.48870140423161945,0.49153095837715816,0.0,0.40503012987795395,0.5195283553588455,0.46820165330029684,0.4509109312295126,0.4392067947194604,0.0,0.4435309536976621
0.3984273030601315,0.4060738001959224,0.0,0.0,0.4296303670138551,0.4031244572710917,0.4301605017757621,0.0,0.3898139856486578,0.3358610390320887,0.0,0.0,0.425759161581551,0.0,0.3852247526957904,0.39375558304307107,0.3661809756181372,0.39569695172176467,0.0,0.389379196960256,0.42655774895056014,0.0,0.41628538081140204,0.4079886433071734,0.4023151307999306,0.4228277074090011,0.42509895281792137,0.40593026705063684,0.40085218648274046,0.35331168468776686,0.38110218117706013,0.4573208863620929,0.3828738322348209,0.40609760582294274,0.47133619634191326,0.0,0.0,0.0,0.4744633343106972,0.4510387002781835,0.45883205778334435,0.4897736480645582,0.4709618865664345,0.0,0.0,0.45515436199700343,0.4631754804354649,0.0,0.0,0.0,0.37710931558865773,0.0,0.0,0.0,0.0,0.0,0.0,0.0,0.0,0.4836964967920847,0.45678121554896,0.0,0.38258095386905056,0.0,0.46102561313556684,0.47367603895936816,0.46818647331188157,0.47013996957001225,0.0,0.41337650319816427,0.4970870925262992,0.4577270626551627,0.0,0.4264185801706698,0.0,0.4431542521675699
0.4793758513376386,0.4147666215040816,0.316260661423352,0.3957137667150603,0.3698244415573486,0.3912167494500757,0.380148939223345,0.35258818525880414,0.39191235530615914,0.44407794570956993,0.27064407956442166,0.4361447131592332,0.38551199058930374,0.37291182764319497,0.3490182916216509,0.4130705854290034,0.389466107238189,0.4509947335867683,0.2902632019012825,0.259261669955291,0.382602061085476,0.41628538081140204,0.0,0.5312055809366654,0.4145767199213033,0.45289443023808884,0.37494971206032823,0.392926234588746,0.36605243667958,0.4044344179285727,0.3967692981464681,0.418319224180252,0.37814250128358545,0.4218343722050028,0.4481814943027841,0.3261312129177575,0.3847781492273779,0.40767350019916926,0.48928622002892014,0.0,0.49320828744441314,0.4999411597413697,0.4700050988418375,0.0,0.0,0.0,0.3994625143000674,0.5080173423644418,0.0,0.42807024699209456,0.48061214298324684,0.48787644616485254,0.4992490272219015,0.5423099125635183,0.0,0.30420719056673445,0.0,0.4840707295461136,0.5013769256507694,0.45891785733769735,0.358252805286458,0.0,0.33873787736074656,0.3580064350941511,0.45881450724078593,0.4342867923870951,0.44081473758171996,0.5140449075142769,0.0,0.33721845819575547,0.44730701891916824,0.5054070628717089,0.4868043604702941,0.46563495596690463,0.4937369849558656,0.4864721889440463
0.3818131082229451,0.0,0.0,0.0,0.0,0.362468941417175,0.0,0.5590836570839015,0.3175184430227588,0.3289214786494079,0.3454445014483059,0.2715506261913465,0.2735389688064925,0.46203645369224633,0.3722245912991201,0.34314390828992203,0.3325362613200308,0.33033650882396903,0.0,0.37449032245973346,0.5142282886934032,0.4079886433071734,0.5312055809366654,0.0,0.34578355715892245,0.32933438215038296,0.4298590887100143,0.37527532294608246,0.4007979483688683,0.0,0.36359507891755416,0.2809311066837915,0.24830987008831737,0.2628393696190109,0.3012030583336187,0.5046865884180383,0.3318542396764964,0.2552425048517799,0.0,0.3436959087954352,0.2999759416034878,0.32095579068485663,0.4142470129412533,0.0,0.30868343563548106,0.47358149383398157,0.450057095755345,0.0,0.0,0.0,0.0,0.0,0.0,0.0,0.4141990999286932,0.0,0.43479657555465356,0.3723453815307797,0.0,0.0,0.425940952728576,0.4302611719793698,0.4343782172708732,0.0,0.0,0.0,0.0,0.0,0.38455150285197753,0.43798158836667095,0.4580944379955579,0.0,0.0,0.0,0.0,0.0
0.38999642213297414,0.38742071187522237,0.27471729897627967,0.0,0.37617026863926417,0.37417159964634994,0.39029581483063897,0.5016779242886917,0.3079665783098948,0.3187596911315717,0.33666082285853294,0.34773602167189627,0.4099259334720501,0.0,0.387695914649601,0.38373704008256765,0.33051229734850796,0.3528236121435521,0.29410141624305564,0.4044143786934899,0.44562019342447673,0.4023151307999306,0.4145767199213033,0.34578355715892245,0.0,0.36551603794811177,0.3818298898828071,0.40208564007979575,0.3924976250044969,0.0,0.3597252497727041,0.41018775027572835,0.32307157469109476,0.36110403836582045,0.3867021392085332,0.0,0.0,0.2906272562562161,0.4424453679491874,0.4120980086035905,0.4256185259711996,0.45608601969310136,0.0,0.0,0.0,0.43205277920521307,0.44846949920679047,0.0,0.0,0.0,0.3019215848854354,0.0,0.0,0.0,0.43047333838610796,0.0,0.44424330828478137,0.3248858273066447,0.0,0.40582287323296007,0.43779608986801277,0.4315024662012075,0.4181455126199787,0.0,0.4026619999939801,0.41486952936778315,0.40359844990224597,0.3602747423107735,0.4034103858744737,0.42617425874238785,0.44339424995484816,0.3229901872194951,0.3404415771406889,0.4006315802340896,0.0,0.42559108493501346
0.3843696925638482,0.3973210314819603,0.28376625682692735,0.0,0.35895922766017474,0.38625398815339407,0.40004152803792564,0.5184869156802215,0.31326937120895715,0.34942031395633993,0.0,0.29319002278382866,0.4148026730241942,0.46803876602801864,0.4315664106319001,0.40184910492783366,0.3492678123643215,0.3713786137615745,0.0,0.42732228581849135,0.4293084813484738,0.4228277074090011,0.45289443023808884,0.32933438215038296,0.36551603794811177,0.0,0.42833840901552245,0.39583871202101206,0.4174638478494235,0.382021023549063,0.3862824095211019,0.4345053587075957,0.352073981635306,0.3924645109119391,0.4334340777652459,0.4887571810008331,0.0,0.3134292168542032,0.46438295170648924,0.42642064971771687,0.4476505290325557,0.4648396098141237,0.0,0.0,0.3793044646918202,0.4499989269376397,0.47135496908684965,0.0,0.0,0.0,0.3851795408376572,0.0,0.5031473699176046,0.0,0.4353572288074806,0.0,0.4481272810924411,0.3364068288659962,0.0,0.5037747566754485,0.4566628408995004,0.44364720713931194,0.43477462359252195,0.0,0.44625503353338114,0.504626947154764,0.4796662237605418,0.466260195981785,0.41906651595995387,0.44025592890117915,0.4666103029704429,0.4662755160889039,0.37789817447087154,0.42604846045299166,0.0,0.44482033154755773
0.43121936543323813,0.4005479910456718,0.369021818952935,0.0,0.40146298725632934,0.38923602962524856,0.4005255345525364,0.4221421825450762,0.4015062838961179,0.36598541389044714,0.3843897056717938,0.36036939501928156,0.3961959851258863,0.42998053032853945,0.4084301169069322,0.40940950738270104,0.314476170779734,0.38792920248734036,0.3760120317684598,0.3421402710942939,0.40963839204840374,0.42509895281792137,0.37494971206032823,0.4298590887100143,0.3818298898828071,0.42833840901552245,0.0,0.3940100833056074,0.3675224526831481,0.38521910602605186,0.38217472140855285,0.4277764905248193,0.3613508600126063,0.4074882668244228,0.44390841403292136,0.4224333128515388,0.41875463131000024,0.33857150734386493,0.47362340733908065,0.0,0.4615633400330247,0.4736407662247808,0.0,0.0,0.0,0.0,0.3675422637405649,0.5545598031175135,0.0,0.4427417937743049,0.49100217216588893,0.47094479973921843,0.4996251013907996,0.5401794431411201,0.0,0.5026587582047067,0.0,0.43810409717881127,0.0,0.4483327622190144,0.3054852315650761,0.0,0.0,0.5059632353019848,0.42796161274974004,0.4035038620422852,0.41120752460654997,0.5122249831901988,0.0,0.2954070411563463,0.4538183647054998,0.506404848852832,0.4486116217030791,0.43490036346260597,0.4514328998120392,0.45472107979620674
0.41338278251904603,0.3978398060211609,0.38944803884743984,0.2632006760581506,0.34318339628435357,0.35063025575764256,0.3548411566662491,0.39536113814654084,0.3884873205806516,0.4027741151085417,0.38243182079176363,0.3587752537508499,0.3256556467858258,0.38686488569636107,0.3962470468767012,0.38608540109690576,0.3887283227195433,0.3841403618328878,0.40041243223292655,0.3686779658601927,0.40363444219317185,0.40593026705063684,0.392926234588746,0.37527532294608246,0.40208564007979575,0.39583871202101206,0.3940100833056074,0.0,0.30938154262326767,0.29824811360221576,0.3696334900912458,0.3936134992968036,0.3855613327098262,0.387749966688631,0.38513966246334574,0.2643862880091811,0.2615952789538556,0.35977286642152234,0.47003951030606866,0.0,0.46650604733392903,0.41415444859475486,0.34765673311989936,0.0,0.0,0.0,0.2995894220098501,0.3974520843764608,0.0,0.0,0.43001333893295957,0.3295861757154953,0.46283780178349976,0.350096377490408,0.0,0.29742266225140906,0.0,0.35419983349021517,0.0,0.4167772696495124,0.0,0.0,0.0,0.3780865771437396,0.44139549438366515,0.0,0.3789548346448247,0.4830168649860742,0.0,0.33230950162606826,0.37710651417084595,0.4721407393436317,0.440705016184095,0.4387315612388103,0.37594598165217114,0.42142707465343443
0.4683413941628173,0.3996126064741155,0.3349231285216527,0.0,0.37800286924540283,0.32723086312778116,0.389613809050867,0.35698625663027217,0.3369585610572304,0.3276278370027791,0.3092546932060263,0.35313650153936715,0.3666247798541722,0.3630964235506513,0.3777390018434019,0.42115534416857814,0.3407445869443155,0.4078196569334478,0.27464100651952916,0.343818596216677,0.3974828379944076,0.40085218648274046,0.36605243667958,0.4007979483688683,0.3924976250044969,0.4174638478494235,0.3675224526831481,0.30938154262326767,0.0,0.3167499153446888,0.34760910077368967,0.4594399209164895,0.37656243800123584,0.386001283322159,0.4451230625389337,0.0,0.0,0.30254303413001554,0.46547281866206497,0.38124592043176625,0.44711400305757454,0.4484366826222326,0.0,0.0,0.0,0.0,0.39756956876003835,0.4198431713772425,0.0,0.0,0.4160259479901448,0.3372844132101242,0.4510869381777593,0.3630747780165538,0.0,0.0,0.0,0.3952896784753313,0.0,0.43900800984374044,0.3191042836308656,0.0,0.30938173060918817,0.4218254027078953,0.4281140174905781,0.42539621929688953,0.4498151339880777,0.4764395033828838,0.0,0.29650919818307175,0.42564734530189646,0.4669021487180073,0.43878003701801777,0.434219568904754,0.42798051044035634,0.4289516350926305
0.4049981429037604,0.0,0.40782236531884586,0.0,0.0,0.38053392963967336,0.0,0.4043724793508785,0.3680581537047981,0.0,0.0,0.0,0.34153536250084815,0.0,0.0,0.34739577205964783,0.0,0.0,0.0,0.31902877083747355,0.42137620450366065,0.35331168468776686,0.4044344179285727,0.0,0.0,0.382021023549063,0.38521910602605186,0.29824811360221576,0.3167499153446888,0.0,0.3036140690499587,0.43677978316603455,0.0,0.33557543310733917,0.38909068948782255,0.4389645618900497,0.0,0.0,0.4775146638458602,0.0,0.0,0.0,0.0,0.0,0.0,0.0,0.0,0.0,0.0,0.0,0.4053605916350616,0.0,0.0,0.0,0.0,0.0,0.0,0.33484178292373173,0.0,0.4174285631221343,0.0,0.0,0.0,0.0,0.0,0.0,0.0,0.4894718493788727,0.0,0.0,0.0,0.47495745674163364,0.3963735315667711,0.42711029006549567,0.0,0.0
0.3741380325195138,0.3724724565870297,0.3942287293432336,0.0,0.39558040509260667,0.3833750127490461,0.39863015257490403,0.41571037825409146,0.39976901065638204,0.31895300272200633,0.40878106184869417,0.3398628895291527,0.38129574950625944,0.0,0.40120457297080186,0.3426550828938229,0.3195883300160904,0.3475862909198534,0.37955316233233993,0.3681438045461235,0.39965098490004586,0.38110218117706013,0.3967692981464681,0.36359507891755416,0.3597252497727041,0.3862824095211019,0.38217472140855285,0.3696334900912458,0.34760910077368967,0.3036140690499587,0.0,0.41351444507905755,0.3600733222195675,0.3208247376877072,0.3382119199771846,0.4062384138670649,0.32005212231902624,0.33110447253107506,0.4600635304244961,0.4180973513528552,0.4414887041213345,0.46813876427606277,0.0,0.0,0.3825453224227007,0.41372270117750903,0.4371387889737064,0.42022706115527014,0.0,0.0,0.4332714457420601,0.32555357381965405,0.4777838909634115,0.37060449980471427,0.4334021802821215,0.0,0.44115932609845465,0.3387041469866171,0.0,0.47126355041165074,0.43466823940912613,0.43505797127655965,0.41990793047816405,0.0,0.4534740102257213,0.44936870694422404,0.44778869182108405,0.4926721858060162,0.4234289962562684,0.42809428831106755,0.45304787879376723,0.47363206500288074,0.41092473114230893,0.4186799721744653,0.40072825466300405,0.4094606118173898
0.4254584800246692,0.42432061965669055,0.4059180389294833,0.2944354471997666,0.3748805283744434,0.4105733178232259,0.3822795908550455,0.4088631118939278,0.3939061122057002,0.3689188968252175,0.3733813434008086,0.27013049298659336,0.37957357038368805,0.34145337042149493,0.4438441454109244,0.43003382800563117,0.4248574065122193,0.4257240973485778,0.39459598655460265,0.45568935711593045,0.4504479009264391,0.4573208863620929,0.418319224180252,0.2809311066837915,0.41018775027572835,0.4345053587075957,0.4277764905248193,0.3936134992968036,0.4594399209164895,0.43677978316603455,0.41351444507905755,0.0,0.3603998056430001,0.37042301413273987,0.38871480847642986,0.23714657446919768,0.3254525007605805,0.260761829944445,0.37475284302578543,0.4009418867886205,0.41197574128300385,0.3737567491520716,0.3196865239110505,0.3045680560814776,0.31345355415547005,0.45085866711736744,0.463849829012504,0.4671132291920895,0.3167370422670796,0.38958041494230167,0.4741388364056763,0.3815751188517126,0.47522004561984726,0.39334977888543243,0.38239796535209947,0.39235333411842577,0.35243590614101017,0.4431279461331188,0.0,0.49770572796056856,0.4677319053911288,0.4247791114703342,0.4417590946494246,0.3831587854935006,0.4768346368465226,0.49305929114655683,0.48317456791021435,0.498326702154902,0.4454409473702724,0.45353483252568516,0.4780999634465046,0.49058207418109095,0.47980592265975835,0.46986059258246954,0.4854126526073754,0.4832547938370052
0.29696949579017295,0.331314261664431,0.0,0.0,0.0,0.31998571627635575,0.3849712723224443,0.47958973104800273,0.34340275141893123,0.3322704521171178,0.3187182739056621,0.2932732154822118,0.36549115654739334,0.0,0.36327656404258457,0.37455026150505644,0.3355680918043189,0.34526030617431486,0.0,0.37253776730746707,0.3857437239645816,0.3828738322348209,0.37814250128358545,0.24830987008831737,0.32307157469109476,0.352073981635306,0.3613508600126063,0.3855613327098262,0.37656243800123584,0.0,0.3600733222195675,0.3603998056430001,0.0,0.2734340704480905,0.38889210448613737,0.2701570934919803,0.30755627256762513,0.2057696146348134,0.4167301435304606,0.34776449696217165,0.3967290463893562,0.44255672123133893,0.0,0.0,0.2868926873455023,0.4464413794875236,0.44221492262543804,0.0,0.0,0.0,0.4176957270665491,0.0,0.0,0.0,0.40132629759381705,0.0,0.41193454760787446,0.0,0.0,0.47365830167498835,0.4345496662308404,0.40854946355841226,0.4121651746889247,0.0,0.4129078594485135,0.4696691336124759,0.4591461262981729,0.5270031415563463,0.38322457541079435,0.4161201862542028,0.4379397786172823,0.4682204555913641,0.0,0.3805268662096113,0.0,0.41827566329868654
0.37615825570570294,0.38078519566901925,0.3765630770133032,0.2504822177572622,0.39998739591710303,0.3971841041150532,0.3938341592044361,0.43890597115843194,0.3918967591954664,0.33092520991576774,0.396423563567478,0.2538389436474928,0.3925306912113408,0.4068104169016795,0.4120752722084143,0.3779848023472903,0.3625155240026574,0.3783272730876478,0.34962005998260215,0.40598295737860635,0.4075235182401827,0.40609760582294274,0.4218343722050028,0.2628393696190109,0.36110403836582045,0.3924645109119391,0.4074882668244228,0.387749966688631,0.386001283322159,0.33557543310733917,0.3208247376877072,0.37042301413273987,0.2734340704480905,0.0,0.2802295518774263,0.4300643166339491,0.2985642902784733,0.23414019845091982,0.39195716126458646,0.37462353414845917,0.43133313294276426,0.4346744085542915,0.2769323157043341,0.0,0.2888360290742491,0.43278938933978134,0.44399394144546933,0.41149191434201116,0.0,0.0,0.44160868327727404,0.3517884957012405,0.5007131180485962,0.36277275887975874,0.39370865498332575,0.0,0.4021746913530397,0.398924462335686,0.0,0.4798776583331564,0.44151286727822403,0.4006352885450239,0.421234237933636,0.0,0.4669559651894438,0.45882027694665,0.45680882025478037,0.5031332280579366,0.3711093084235837,0.4274320911822886,0.456338717628421,0.49492888421307485,0.4759758042774583,0.4617460398946613,0.0,0.42881622178397816
0.42179173682520726,0.417477729543894,0.42446401698016134,0.2406391686060881,0.41968688148283023,0.4405373261434785,0.41001827011879144,0.4586287949139183,0.3838814552422959,0.3276353341962791,0.3923995439633905,0.2887764926899584,0.3928289990555398,0.0,0.46783715713585916,0.4219925596754956,0.3953914863684146,0.39744485067788277,0.40061154035004776,0.46533626933108463,0.46992637584109004,0.47133619634191326,0.4481814943027841,0.3012030583336187,0.3867021392085332,0.4334340777652459,0.44390841403292136,0.38513966246334574,0.4451230625389337,0.38909068948782255,0.3382119199771846,0.38871480847642986,0.38889210448613737,0.2802295518774263,0.0,0.38566081620455656,0.29888062921077974,0.2734758649060722,0.35661637962723697,0.40931397115512663,0.42486143925717823,0.3762288757333529,0.30192877797292783,0.2864217974261834,0.0,0.4887124596607161,0.47303328147288454,0.0,0.0,0.0,0.3908457913726766,0.0,0.0,0.2907599763642206,0.422426989550754,0.0,0.44689733958156463,0.30599991696638656,0.0,0.5152879013227488,0.444854736232253,0.37557593192756433,0.42264479837033514,0.0,0.4768103128445971,0.5127304798162142,0.49669716644730055,0.5204108777585273,0.0,0.43548710425041715,0.4814200140235058,0.498460722655899,0.323072829186276,0.44938218479075237,0.0,0.4234202760335546
0.4801068531222271,0.0,0.381321819230145,0.20701035096461096,0.17779073183493127,0.42378832006558304,0.2493094569202825,0.27364987591244977,0.37741497065860036,0.27977732649231457,0.30119442860774376,0.3108756352782328,0.32410584779107393,0.202737366847946,0.0,0.0,0.0,0.0,0.36005549746499665,0.48053978747196524,0.0,0.0,0.3261312129177575,0.5046865884180383,0.0,0.4887571810008331,0.4224333128515388,0.2643862880091811,0.0,0.4389645618900497,0.4062384138670649,0.23714657446919768,0.2701570934919803,0.4300643166339491,0.38566081620455656,0.0,0.17821748176832106,0.30783112321762063,0.0,0.0,0.0,0.0,0.3538155377746171,0.26549682675799857,0.0,0.0,0.0,0.4739537653003263,0.0,0.0,0.33560602623693586,0.0,0.38678857859952304,0.0,0.0,0.3966912164906689,0.0,0.32057788994755565,0.0,0.0,0.0,0.0,0.0,0.3908777117076204,0.0,0.0,0.0,0.45142351163023786,0.0,0.0,0.0,0.49967884395225276,0.0,0.0,0.0,0.0
0.0,0.0,0.35130063925855154,0.15732151878404604,0.16073199206358485,0.39520401706516944,0.22728860874324036,0.4063213340594642,0.34703936137108815,0.2790497988486422,0.3357436801388702,0.3102285569131939,0.291376581526825,0.15463835388761066,0.0,0.0,0.0,0.0,0.35140394258217444,0.0,0.0,0.0,0.3847781492273779,0.3318542396764964,0.0,0.0,0.41875463131000024,0.2615952789538556,0.0,0.0,0.32005212231902624,0.3254525007605805,0.30755627256762513,0.2985642902784733,0.29888062921077974,0.17821748176832106,0.0,0.314356492871161,0.33576937241678784,0.0,0.0,0.0,0.27589073529791425,0.0,0.0,0.0,0.0,0.0,0.0,0.0,0.0,0.3793906287832166,0.0,0.0,0.0,0.0,0.0,0.0,0.0,0.0,0.0,0.0,0.0,0.0,0.0,0.0,0.0,0.0,0.0,0.0,0.0,0.0,0.0,0.0,0.0,0.0
