0,1,2,3,4,5,6,7,8,9,10,11,12,13,14,15,16,17,18,19,20,21,22,23,24,25,26,27,28,29,30,31,32,33,34,35,36,37,38,39,40,41,42,43,44,45,46,47,48,49,50,51,52,53,54,55,56,57,58,59,60,61,62,63,64,65,66,67,68,69,70,71,72,73,74,75
0.0,0.36543255127023905,0.33738259785611563,0.0,0.2647733839420607,0.37262844542010376,0.300453517361426,0.49516163763569293,0.30759581860975693,0.35886613268631545,0.44673210045912387,0.35735622265212397,0.36568507820552687,0.0,0.3665468860196761,0.41005838802304495,0.3772416003682999,0.37741156722589264,0.0,0.4008184340252483,0.3858206123588772,0.40693045138170764,0.45116096349089335,0.3489216987481933,0.3664970029258402,0.40029161952887765,0.3747693062273205,0.3651931769453298,0.3793695743795716,0.0,0.3639831399697988,0.28082467425082636,0.4302815743513244,0.4868994198227262,0.4558599263996484,0.33810835128874883,0.2716897197132286,0.4209618340645702,0.0,0.0,0.0,0.0,0.25905585544999876,0.0,0.0,0.2883753422550903,0.3864946100696245,0.0,0.0,0.0,0.0,0.0,0.0,0.0,0.3734176316788494,0.0,0.3451063526489309,0.0,0.0,0.0,0.37840225435775804,0.0,0.39166864373887444,0.0,0.0,0.29833243066285153,0.41585366374860816,0.0,0.0,0.3769707162535867,0.3994785479583938,0.0,0.0,0.0,0.0,0.27295010761551797
0.36543255127023905,0.0,0.0,0.0,0.3305653706279472,0.405552128327207,0.4158840777133634,0.4476679528664258,0.4435501701132964,0.29379124973612714,0.0,0.2374406200401975,0.4425088594310487,0.0,0.44070326339842136,0.4157089948174064,0.3691300305015778,0.404934448835372,0.0,0.41670145900371025,0.39604409069309116,0.41100608085995666,0.4111563945173608,0.22728013090303495,0.3727762018292542,0.4038013008276711,0.4101820978922152,0.4171557580378926,0.414495252086198,0.0,0.38045449951418386,0.0,0.4526986290176281,0.4662237641573278,0.47947093563226034,0.30246024534500476,0.0,0.33407322169424725,0.4351068778386613,0.4382612445835216,0.0,0.0,0.30110044331619273,0.0,0.3464203163583698,0.38262358524364215,0.43559542314392685,0.0,0.0,0.0,0.37669447409339446,0.0,0.0,0.0,0.2988279248751711,0.0,0.34523130824091786,0.303006733668111,0.0,0.43416030152178964,0.42050866712215657,0.31169111997661764,0.3820770970703562,0.0,0.41133692286946305,0.4209462893079289,0.45245580705684263,0.34015815406565075,0.0,0.3795679572227577,0.4293764143873589,0.388406178519278,0.31382160968775896,0.4190966116866959,0.0,0.3844011761188676
0.33738259785611563,0.0,0.0,0.4277742596286278,0.42327692131976974,0.4154686007455009,0.46368005727397255,0.5079828909699308,0.28129638463188134,0.38696782340491187,0.3494195252091414,0.3178813876009764,0.4796212445945629,0.45952630272142914,0.3435408392759347,0.3283064066373957,0.3753389781085592,0.36817310509747536,0.28479604393085733,0.40424681571444165,0.35964190043615185,0.4017493387651637,0.39484966217716366,0.3412327945714144,0.3187892003329249,0.3251622318966635,0.3678639163752971,0.45655402712237786,0.3789992889296663,0.4136064956225023,0.4653063978169682,0.49888177925819327,0.38486602724360175,0.3495505885670507,0.48207849443759115,0.43864480579375037,0.44192329984404205,0.0,0.43000650773637566,0.311612751505389,0.0,0.0,0.4981830190251358,0.0,0.0,0.0,0.35173163169959193,0.31263942822922103,0.5440666498479962,0.5230263193719789,0.5522986579421502,0.5184913302490405,0.5728283516682583,0.5851345069743645,0.2834505356463796,0.5286020754508162,0.2990835415805828,0.5113048733487521,0.5468068468543107,0.31183442646347886,0.0,0.0,0.0,0.3547732893291467,0.0,0.0,0.3445955719987522,0.5167846032411275,0.0,0.31018204098186375,0.28044216422465656,0.5847216501773207,0.45635067899575915,0.38817069626224565,0.0,0.4464841331047461
0.0,0.0,0.4277742596286278,0.0,0.285237277471087,0.42568135016951697,0.275620279347816,0.4892752716493143,0.45390421723098573,0.3092395986809452,0.41636485595247447,0.27923099718440286,0.38031627745882746,0.34305758986461693,0.4781004656224843,0.0,0.0,0.2762893865248098,0.4030258818716045,0.46551380213157467,0.3332142039871156,0.4949103018380359,0.4448421762476757,0.32524477623960873,0.2517700833036501,0.4416303167593768,0.4185432148658509,0.2656520938008694,0.40277802938867807,0.0,0.3738985095199222,0.0,0.3206370903427628,0.0,0.0,0.2387175081032286,0.22311839526002628,0.0,0.0,0.0,0.0,0.0,0.0,0.0,0.0,0.0,0.0,0.0,0.0,0.0,0.0,0.0,0.0,0.0,0.0,0.3807757014440061,0.0,0.0,0.0,0.0,0.0,0.0,0.0,0.0,0.3764204164444098,0.0,0.514729586361548,0.0,0.0,0.0,0.0,0.34584744292829017,0.0,0.0,0.0,0.0
0.2647733839420607,0.3305653706279472,0.42327692131976974,0.285237277471087,0.0,0.4292664899519185,0.36157927878513807,0.4235607640189146,0.3791579751685626,0.35876131194814753,0.3460706459018186,0.3453832671360268,0.4129069078488218,0.3141115416734158,0.3962300522449933,0.0,0.41915124983204244,0.36263364879614113,0.4182762019536536,0.429336535681533,0.33331269319267026,0.4194611800871543,0.4178144942838931,0.356922317445481,0.37836773518368705,0.3571450697521149,0.4288617722285757,0.42457935972883687,0.4166571144219706,0.44391086287641485,0.4554962362597489,0.0,0.38637861112080274,0.0,0.0,0.2520150703222286,0.2659914153747937,0.0,0.0,0.0,0.0,0.0,0.40682743727896115,0.37642858613866725,0.0,0.0,0.0,0.5219265549498484,0.0,0.4116215534827504,0.464199226398913,0.3896421467500539,0.44734140899783803,0.47677170660063284,0.24485787388292662,0.43399789020664203,0.0,0.36177360045377516,0.4039059198629048,0.3468670141326803,0.0,0.0,0.0,0.4863144175356311,0.38164305695388184,0.0,0.33193142133099124,0.5244108338810364,0.0,0.0,0.3129744649466087,0.47719141699252904,0.3629760281730394,0.3548248701423406,0.0,0.3120876236048715
0.37262844542010376,0.405552128327207,0.4154686007455009,0.42568135016951697,0.4292664899519185,0.0,0.4460181474593262,0.41031134087396987,0.40225001828606766,0.41126976803446225,0.41184698427069294,0.33973497035316025,0.4091745403039747,0.4437497664067901,0.450511297564921,0.42287538894039733,0.35657022261612553,0.44205794457394976,0.39083073087978615,0.39659132211171005,0.3845346990420551,0.41606442631514573,0.4165725805009187,0.3230749187852116,0.4115244059806613,0.41486049801424235,0.38051442437877,0.41744972192756025,0.356627051691532,0.41109834222434527,0.43598294631943874,0.4135536680595903,0.4362385408233576,0.4469467943811526,0.4192992108583867,0.4530289036395026,0.458301739641179,0.3926817497725267,0.0,0.3797738132819136,0.0,0.0,0.42371065344614767,0.3290482393212809,0.0,0.0,0.32817810204932996,0.5282674279339726,0.3501446037942119,0.4179109862098854,0.4922213033150862,0.4749920735434762,0.46774375840714,0.5229093128094964,0.28262911613029973,0.40724317376347996,0.34175373488035665,0.4900413101274283,0.38742258547122543,0.40597235923823527,0.29398419007590343,0.0,0.3057150879783435,0.48930183885256684,0.39124334597095717,0.38165322872355156,0.3894746392400671,0.5068041852295398,0.0,0.27947807869497127,0.36167121772768274,0.49383065227709666,0.4764174829489162,0.4480031271406062,0.4354476884293004,0.44005943735769043
0.300453517361426,0.4158840777133634,0.46368005727397255,0.275620279347816,0.36157927878513807,0.4460181474593262,0.0,0.435750193858644,0.4537534877368459,0.3581872664742202,0.48075490423083234,0.3453905872284081,0.3851897005114727,0.34363412592187453,0.4212445090600946,0.49158374700124874,0.4316120687250684,0.4243533601063616,0.4785365762502529,0.4433614712242704,0.38602870968685155,0.44494445645813435,0.43184976102410166,0.3632640860567981,0.4085274823602688,0.4031454478097765,0.4512717227021791,0.42379985136872805,0.45925575188298123,0.4460528910552931,0.44608994833779164,0.35456525556914775,0.4064114569604499,0.4497868157060389,0.0,0.2988668000327184,0.3210412664093147,0.3852288326588185,0.0,0.0,0.0,0.0,0.37630086674137936,0.3374811321097728,0.0,0.0,0.324024269220793,0.4992563752188377,0.0,0.37501742679395467,0.44576054295566475,0.39347268318384476,0.4108379276883056,0.4424575875790629,0.3189505095383892,0.38578645838055914,0.32780507178362434,0.3703456500564021,0.39683736095143773,0.34933959992344926,0.0,0.0,0.0,0.4290758196534921,0.33754859613574817,0.31652338820622966,0.3418103537893855,0.5110761352855526,0.0,0.27614080016349174,0.3105839106758955,0.46220796541175146,0.35654747914307416,0.3421921948016875,0.0,0.2874866339424622
0.49516163763569293,0.4476679528664258,0.5079828909699308,0.4892752716493143,0.4235607640189146,0.41031134087396987,0.435750193858644,0.0,0.5028958024788563,0.36900543141109127,0.3510660681965701,0.0,0.4492819431167105,0.44528819846392,0.447811167400226,0.43473513780556755,0.0,0.4113522828405237,0.4591917896503168,0.45124368330448117,0.43793260604710804,0.46147032041737523,0.39372369535497415,0.48925525019935745,0.45094791161406633,0.4700215763649755,0.44764048721876987,0.43887405065827406,0.3933320389840864,0.4187846222751516,0.44756956841687495,0.0,0.41340457168685235,0.0,0.0,0.34689000981416396,0.4250254963536131,0.0,0.0,0.0,0.0,0.0,0.4134678446300605,0.0,0.0,0.0,0.0,0.5575326816827003,0.0,0.4686223491226924,0.4673096347138303,0.47415905514729395,0.4367086434009181,0.5484902144947053,0.2962522902081743,0.475420251708346,0.0,0.48192626237227487,0.4928928575981121,0.0,0.0,0.0,0.0,0.5344882285191683,0.0,0.0,0.0,0.5084518159265209,0.0,0.0,0.40788825325592204,0.49228292437463944,0.4746335514225995,0.43352206221382605,0.0,0.4863725875955784
0.30759581860975693,0.4435501701132964,0.28129638463188134,0.45390421723098573,0.3791579751685626,0.40225001828606766,0.4537534877368459,0.5028958024788563,0.0,0.4570688334284966,0.3730359751907853,0.3783309916353735,0.44744504640540167,0.44779975452040127,0.32394900569995944,0.42223760390663007,0.3725296158369884,0.33743757957369563,0.3210414803500164,0.4464981523211966,0.34747162604895787,0.4268830461483415,0.4318274310789336,0.38106766428994765,0.4283483498630366,0.39082349987094245,0.4069327608738826,0.4752199445289857,0.446307345428998,0.4335522489695998,0.4846263209807135,0.44853527280008476,0.45345895362797134,0.4832067206261485,0.44581773372328193,0.4560544786952288,0.48958784361184227,0.49517078979457196,0.42793046326375467,0.34596938927160464,0.0,0.0,0.4930958331896307,0.31147993556062725,0.0,0.0,0.3220262644336437,0.5820593027911924,0.3544417157541896,0.4720640945234865,0.5380464956371113,0.4809818931314091,0.5538327554146849,0.5500553900958368,0.2990771519559277,0.5256338386864376,0.36648093718856256,0.45983521305174196,0.5258176099459304,0.35115512440945906,0.0,0.0,0.0,0.5489510345863742,0.34033591161619514,0.2826707201942289,0.3211416885088362,0.5704142867296156,0.0,0.29153661558748306,0.3134650636576877,0.5526474422262933,0.4409589214936287,0.3574574591217846,0.0,0.2712590950391717
0.35886613268631545,0.29379124973612714,0.38696782340491187,0.3092395986809452,0.35876131194814753,0.41126976803446225,0.3581872664742202,0.36900543141109127,0.4570688334284966,0.0,0.4579415810769239,0.27274418894672575,0.41414385312971386,0.3509462068935044,0.28990962419032884,0.3739562023010423,0.34988650708538505,0.36969266689037694,0.4390917076208375,0.31559282062182975,0.34085585885966563,0.3364340916026448,0.3746666697803693,0.29568442328686384,0.32953175183936306,0.37348762594663776,0.36418002166922225,0.3928649347330311,0.3019096886791633,0.3047871638611782,0.35707853482139557,0.3179066256580415,0.35774188007785435,0.38989906298838384,0.35141198207925584,0.29531825711098747,0.3127929322656961,0.3919398470180306,0.3252371983309988,0.3065582528432148,0.0,0.0,0.3009024424142297,0.2720883865611774,0.0,0.39789281931769693,0.32457924902830526,0.0,0.0,0.0,0.3139603225430392,0.3236131299615865,0.34564535127346374,0.30307453001463225,0.40523199348744404,0.3418050223113571,0.3957900964530357,0.32924710361469,0.0,0.3693916160985977,0.3339856397690514,0.3841339623084442,0.3408659894312789,0.0,0.2785682266302386,0.30388253512197727,0.3497273253233235,0.28823286061908815,0.3782477765126344,0.39365959307899073,0.42202636386462594,0.31765232368795104,0.35202006240950384,0.3213446425924858,0.0,0.26721378397082596
0.44673210045912387,0.0,0.3494195252091414,0.41636485595247447,0.3460706459018186,0.41184698427069294,0.48075490423083234,0.3510660681965701,0.3730359751907853,0.4579415810769239,0.0,0.40463570411440297,0.4829415031832949,0.3182680573233593,0.3392285379872253,0.0,0.38855361104093145,0.3664273807276959,0.3161092197085477,0.3438798360490234,0.45849031230660486,0.3484604233184921,0.35371872715787095,0.4019272548969535,0.39447130088971016,0.351564746418883,0.37663096364712423,0.46920060994062057,0.4022023613695537,0.3557843131881228,0.4883594874212763,0.0,0.4245881756041495,0.4776729883524778,0.0,0.32193004026240657,0.486222130115534,0.49820321456202576,0.0,0.0,0.0,0.0,0.40906434167107814,0.3415095024299913,0.0,0.0,0.0,0.396179553308044,0.44723984982763526,0.43668440775364786,0.46082088921063746,0.42906377229001474,0.4627495778083478,0.5284271781149841,0.32521870917130824,0.26663565103566966,0.3564313585363768,0.4062237531754146,0.46480375909167504,0.0,0.0,0.0,0.0,0.4294976194144896,0.0,0.0,0.0,0.5461874174667978,0.0,0.0,0.0,0.5214001158920883,0.3806487182015477,0.0,0.0,0.3406159137321835
0.35735622265212397,0.2374406200401975,0.3178813876009764,0.27923099718440286,0.3453832671360268,0.33973497035316025,0.3453905872284081,0.0,0.3783309916353735,0.27274418894672575,0.40463570411440297,0.0,0.3451701178184131,0.3119535608147394,0.2744310025755672,0.28819867738376204,0.3141272605616394,0.341058911562058,0.34686165899244714,0.2853703176754767,0.32355539954214035,0.29423974448549717,0.30831792984029194,0.2650924745345254,0.32047027733564826,0.31942763344033953,0.30198081748399674,0.3384063478716725,0.2693221855584641,0.3318663730935225,0.26907952237033894,0.24539738041147977,0.259770603037413,0.3287932419720306,0.365551869371307,0.28171902227477374,0.30324774185144343,0.30612959073071316,0.2638584967115068,0.22732139084932887,0.0,0.0,0.27942252476248586,0.25564555318502086,0.0,0.3384071284510516,0.3223968511556413,0.0,0.24407899057942695,0.0,0.4707512559352706,0.29542887127285716,0.0,0.0,0.4167750026538888,0.0,0.4156193373798195,0.3172101950024656,0.0,0.3611236200394163,0.3033866095586301,0.2845604541363197,0.33666020127013296,0.0,0.3192477020522958,0.20829311091383626,0.38476687123527886,0.3341009571405786,0.38099886629669477,0.3947585154010811,0.4194469291667201,0.3994540229363413,0.33833488146886725,0.3485555399228278,0.0,0.2333257647903676
0.36568507820552687,0.4425088594310487,0.4796212445945629,0.38031627745882746,0.4129069078488218,0.4091745403039747,0.3851897005114727,0.4492819431167105,0.44744504640540167,0.41414385312971386,0.4829415031832949,0.3451701178184131,0.0,0.404777428271881,0.44175252984679214,0.49264710645711585,0.46454679403549815,0.47758540364912067,0.4810267775936159,0.4407497861399186,0.43108249951594585,0.45791113717639037,0.4474848501143725,0.29613475428725733,0.4406975300972208,0.43665831301403685,0.4577810633993925,0.37381536633309914,0.4411623199041228,0.43403531233915865,0.4518024930048444,0.42328696218766404,0.44280099992370414,0.4763371676118239,0.0,0.38775936715843107,0.41430126487974034,0.5058068143612355,0.0,0.0,0.0,0.0,0.35025118174399444,0.31953418125505306,0.0,0.0,0.3073367060859779,0.47420811812634034,0.0,0.34463928133540966,0.41573108153846494,0.39205729657507044,0.46680284218959234,0.4075423021740584,0.3292386539124684,0.3904290477968797,0.34112069134967204,0.3761551366972162,0.36571781060072106,0.3512515069378853,0.3155381522778453,0.34651377866738386,0.0,0.4252603602867406,0.3864591730284774,0.3842381097524297,0.3265903634395395,0.4994436424782459,0.0,0.29719042329266127,0.33462082473427224,0.48009031502536564,0.3923393682542321,0.39058770126558096,0.40101799179524533,0.2900843992483892
0.0,0.0,0.45952630272142914,0.34305758986461693,0.3141115416734158,0.4437497664067901,0.34363412592187453,0.44528819846392,0.44779975452040127,0.3509462068935044,0.3182680573233593,0.3119535608147394,0.404777428271881,0.0,0.0,0.0,0.0,0.0,0.3765363312974476,0.0,0.4914744164729542,0.0,0.430823654829212,0.29888457451427114,0.0,0.0,0.4718856853701488,0.30323644009757084,0.0,0.0,0.43630604354685654,0.0,0.0,0.0,0.0,0.19918403071202276,0.1543622151422001,0.0,0.0,0.0,0.0,0.0,0.4067662821138156,0.0,0.0,0.0,0.0,0.49769427066766964,0.0,0.4405189312432529,0.35702855332107375,0.38534254888177627,0.4600511274782264,0.486453101909624,0.0,0.43026034486858655,0.0,0.0,0.4672634542368717,0.0,0.0,0.0,0.0,0.4422747677488834,0.0,0.0,0.0,0.5037119361169965,0.0,0.0,0.0,0.45357721814574986,0.0,0.0,0.0,0.0
0.3665468860196761,0.44070326339842136,0.3435408392759347,0.4781004656224843,0.3962300522449933,0.450511297564921,0.4212445090600946,0.447811167400226,0.32394900569995944,0.28990962419032884,0.3392285379872253,0.2744310025755672,0.44175252984679214,0.0,0.0,0.4440071174453308,0.35143667210720325,0.4110743615552015,0.33679211236453493,0.41640929712750796,0.40617675663790065,0.42038784640682747,0.43385117310623456,0.34407059046855987,0.3941579074435365,0.41245268831511894,0.4550234146210468,0.43597448221347634,0.40400245411537566,0.4085386254998651,0.4245651774111635,0.4259482506259177,0.4443255025128471,0.4782037016872396,0.4541366027332559,0.5150352581630295,0.474349248387686,0.33611076921104327,0.42662389813324086,0.46209564056620595,0.5308368107697541,0.0,0.4601880210874738,0.0,0.3865077460939466,0.46782961578799465,0.4571700152292215,0.0,0.0,0.0,0.4554644323475203,0.32987718253575854,0.48731453858193363,0.0,0.26816439815155235,0.0,0.28915261693952693,0.40222489194460864,0.0,0.5063801843733864,0.40398892588842494,0.278655549684033,0.3004250195539449,0.0,0.46342722077707843,0.46720695025225933,0.4978269331545201,0.45749569733891937,0.3680506246216204,0.29863592040977,0.44823566137591314,0.46266064071984214,0.4269698237441445,0.4394611003041619,0.42523128554474415,0.37377293604781214
0.41005838802304495,0.4157089948174064,0.3283064066373957,0.0,0.0,0.42287538894039733,0.49158374700124874,0.43473513780556755,0.42223760390663007,0.3739562023010423,0.0,0.28819867738376204,0.49264710645711585,0.0,0.4440071174453308,0.0,0.4129660135211858,0.37693262193058863,0.0,0.4736532186187126,0.4195850815580478,0.448168413222717,0.4235975653657206,0.0,0.3983560725088548,0.4320600278797912,0.43227728415221967,0.48834162982440493,0.48366844615387083,0.0,0.40389811406186865,0.0,0.47201373249601786,0.5021721759417257,0.0,0.31992493873353656,0.0,0.3620563876045321,0.0,0.43330054416682323,0.4653586773625974,0.0,0.27389179568429534,0.0,0.0,0.421113348413772,0.43200038449311906,0.0,0.0,0.0,0.3030115990857212,0.0,0.0,0.0,0.2990315471501849,0.0,0.0,0.0,0.0,0.453592779907832,0.424742858113712,0.0,0.40728728699291894,0.0,0.40347720082866123,0.4253775185151613,0.455049660999192,0.2998602395623876,0.0,0.4052293376625421,0.43354153378900473,0.348951243291889,0.0,0.37717697703732866,0.0,0.39099217109080875
0.3772416003682999,0.3691300305015778,0.3753389781085592,0.0,0.41915124983204244,0.35657022261612553,0.4316120687250684,0.0,0.3725296158369884,0.34988650708538505,0.38855361104093145,0.3141272605616394,0.46454679403549815,0.0,0.35143667210720325,0.4129660135211858,0.0,0.3591509813855144,0.38162971033635645,0.39403147274102507,0.3446948419482654,0.40462434772480155,0.3320500864912968,0.3371214523893938,0.38505793124764104,0.38917802411026636,0.32983580823231395,0.4348653330348398,0.3632335722867561,0.0,0.37316956836447707,0.0,0.44725570419843086,0.4474253847581532,0.0,0.37953746490872303,0.0,0.456329955519334,0.0,0.0,0.0,0.0,0.25943038784714867,0.0,0.0,0.37846250591623354,0.37197356694376044,0.0,0.0,0.0,0.0,0.0,0.0,0.0,0.41293221477879455,0.0,0.404768290745687,0.0,0.0,0.0,0.3698910262327212,0.0,0.40036557174135673,0.0,0.0,0.0,0.3129547810980501,0.0,0.4096365284267263,0.41097462330193296,0.42061978759307916,0.0,0.0,0.0,0.0,0.0
0.37741156722589264,0.404934448835372,0.36817310509747536,0.2762893865248098,0.36263364879614113,0.44205794457394976,0.4243533601063616,0.4113522828405237,0.33743757957369563,0.36969266689037694,0.3664273807276959,0.341058911562058,0.47758540364912067,0.0,0.4110743615552015,0.37693262193058863,0.3591509813855144,0.0,0.37230511825232226,0.42806186438646476,0.3910348348574968,0.43112241602547563,0.40800248226870456,0.3384917005326382,0.39423130376350196,0.4052662677913588,0.4050497909663682,0.427042194082331,0.44689903361574024,0.3760988198495743,0.38711474401088675,0.4369873263321189,0.44540478433372943,0.44807236092830477,0.4683367993809164,0.36488272371171987,0.28621240599550607,0.4077176195676526,0.0,0.40564668093419176,0.0,0.0,0.26298906359613494,0.0,0.0,0.38466476652107784,0.4016394795748809,0.0,0.0,0.0,0.0,0.0,0.0,0.0,0.39877204534583244,0.0,0.40765203435576164,0.0,0.0,0.3644071627751664,0.3943201315602656,0.3964537995426135,0.39671543201048626,0.0,0.3122526246627697,0.33280603294490385,0.4114669411709107,0.28060368813239545,0.4219205818249041,0.3930552673185729,0.41151593853651164,0.32968985534132267,0.0,0.3098977407220117,0.0,0.3805463796677242
0.0,0.0,0.28479604393085733,0.4030258818716045,0.4182762019536536,0.39083073087978615,0.4785365762502529,0.4591917896503168,0.3210414803500164,0.4390917076208375,0.3161092197085477,0.34686165899244714,0.4810267775936159,0.3765363312974476,0.33679211236453493,0.0,0.38162971033635645,0.37230511825232226,0.0,0.3332467356597866,0.0,0.3905916517090644,0.3582691721121047,0.3416699639105469,0.3177106861391254,0.3431858027909459,0.3632998753219152,0.46903920664237864,0.0,0.4004984111400497,0.48615616041834936,0.0,0.39445341221251307,0.5463279586346304,0.0,0.39567638802287913,0.45239910887523466,0.0,0.0,0.0,0.0,0.0,0.44732066638401935,0.33028777493260486,0.0,0.0,0.0,0.39884586028954466,0.363980260292693,0.4548381800064729,0.5138492138655745,0.4612913427499985,0.517770307181825,0.553533839589273,0.30704779897010975,0.44274852712484436,0.3528172401506967,0.44216424273096483,0.48990333651971607,0.38601449789279346,0.0,0.0,0.0,0.536501886589232,0.0,0.0,0.0,0.5675677872361122,0.0,0.0,0.0,0.5574215644837155,0.39032713584676576,0.0,0.0,0.3636572154822272
0.4008184340252483,0.41670145900371025,0.40424681571444165,0.46551380213157467,0.429336535681533,0.39659132211171005,0.4433614712242704,0.45124368330448117,0.4464981523211966,0.31559282062182975,0.3438798360490234,0.2853703176754767,0.4407497861399186,0.0,0.41640929712750796,0.4736532186187126,0.39403147274102507,0.42806186438646476,0.3332467356597866,0.0,0.41303967632433636,0.3994773086256868,0.35553642467451496,0.28587029692129623,0.39479489922360284,0.4150377009334124,0.3593926323715655,0.4065818183999854,0.35410035710934806,0.3345928635222654,0.4052669474755498,0.41705271192009047,0.43761620244011096,0.47889126828769285,0.4577168646651665,0.5040120876796412,0.4811317510829608,0.37032310681450725,0.4171232441371524,0.4106882440711582,0.470845931056654,0.0,0.3127759451582746,0.3205880636214325,0.0,0.3392200181967,0.40784247737803303,0.0,0.0,0.0,0.4152797170976472,0.35213341247797375,0.467220663248594,0.0,0.272508665197921,0.0,0.33858986738766206,0.38636471220448393,0.0,0.45976783749362776,0.3240885740842493,0.2846899747631512,0.286136139889964,0.0,0.4334083098599607,0.41231784313201053,0.46216382619035273,0.4526591390420636,0.0,0.27355028885972743,0.4460979639318201,0.46826598234446304,0.4348713430971152,0.3732968722738415,0.3768215962379435,0.4227032666971862
0.3858206123588772,0.39604409069309116,0.35964190043615185,0.3332142039871156,0.33331269319267026,0.3845346990420551,0.38602870968685155,0.43793260604710804,0.34747162604895787,0.34085585885966563,0.45849031230660486,0.32355539954214035,0.43108249951594585,0.4914744164729542,0.40617675663790065,0.4195850815580478,0.3446948419482654,0.3910348348574968,0.0,0.41303967632433636,0.0,0.43653865281333487,0.39898800263565465,0.440586562890549,0.3757092820766609,0.40718672660242267,0.404585367624463,0.4122653611305309,0.38175160055179974,0.3730850395032095,0.3940210664921218,0.4064155517418341,0.4227547794543418,0.4705078718936164,0.43597672098328677,0.4600038386045233,0.41510000707177774,0.39314971858723513,0.0,0.44834037512186126,0.5013983140916991,0.0,0.31812584734376687,0.0,0.0,0.35366667618139597,0.42424482669601205,0.0,0.0,0.0,0.40734003400275826,0.37342787832571317,0.2611756793458533,0.0,0.3420674578526993,0.0,0.29487391249020184,0.4125816598686278,0.0,0.4617823952518849,0.3931495665618149,0.0,0.3153761417259815,0.0,0.4152626293022961,0.3155291632553048,0.4555989888788977,0.4304058168911348,0.0,0.30683781338603217,0.4123220505389375,0.4307288270936162,0.4254945365185645,0.41355883632978796,0.4400784723492087,0.3646643718304331
0.40693045138170764,0.41100608085995666,0.4017493387651637,0.4949103018380359,0.4194611800871543,0.41606442631514573,0.44494445645813435,0.46147032041737523,0.4268830461483415,0.3364340916026448,0.3484604233184921,0.29423974448549717,0.45791113717639037,0.0,0.42038784640682747,0.448168413222717,0.40462434772480155,0.43112241602547563,0.3905916517090644,0.3994773086256868,0.43653865281333487,0.0,0.4330169622782981,0.30815045968117505,0.3956032127142256,0.4183897450484221,0.42432905786206215,0.4472939481205449,0.4287350784504969,0.3741108945271189,0.41561920829288673,0.4239043936015761,0.4470288854673959,0.48300929730696773,0.46092430359086883,0.49463959637934035,0.4753919387013484,0.3544530592126721,0.43034506204631545,0.4684085036104659,0.5016472760953227,0.4834039053886971,0.4176336488750594,0.31356259995828395,0.36788989747782536,0.4231059690560686,0.4563702779741058,0.0,0.2819102282993596,0.0,0.4024430849807432,0.2728243620505577,0.47522803725416746,0.0,0.2730530217563684,0.0,0.2879062370002602,0.3085136555267716,0.0,0.4997508318007752,0.44756269986502645,0.28464595115776914,0.34386988331498564,0.0,0.4551276868391617,0.46324673746479417,0.47470059902875866,0.4343435507141119,0.6010310126087105,0.35499277376597793,0.47289191592962243,0.42386874013505854,0.3451763737291741,0.43537176432009045,0.0,0.4012885722645495
0.45116096349089335,0.4111563945173608,0.39484966217716366,0.4448421762476757,0.4178144942838931,0.4165725805009187,0.43184976102410166,0.39372369535497415,0.4318274310789336,0.3746666697803693,0.35371872715787095,0.30831792984029194,0.4474848501143725,0.430823654829212,0.43385117310623456,0.4235975653657206,0.3320500864912968,0.40800248226870456,0.3582691721121047,0.35553642467451496,0.39898800263565465,0.4330169622782981,0.0,0.37765897730964215,0.4031099978440811,0.4185352671485454,0.41508791566323633,0.4333056251148382,0.3900158200917279,0.41608442141953167,0.435956699795111,0.4110461960816403,0.42488447816902114,0.4531570765392172,0.37959684572410385,0.43423438183536645,0.44323592630423975,0.39316096443195436,0.3849663935424234,0.4557950349710469,0.0,0.0,0.47775176241657286,0.3431070971612403,0.0,0.42948527189441654,0.36538048756001756,0.491422356872211,0.41394330707052457,0.5223991182372888,0.518576588708014,0.521398728673459,0.5168218618289893,0.5712603501827183,0.30919422133820873,0.5181521116730344,0.3170668060866279,0.5177148374980955,0.5211424037808468,0.46615130354937495,0.31150451661898626,0.29835954729672926,0.3019724642647705,0.35204557493846156,0.4692921576541445,0.4242790768807032,0.4206314476887576,0.5319196211449736,0.0,0.28187284462762763,0.3699231953520026,0.5231779912606496,0.5050324309086919,0.46578814131177265,0.48558478384623843,0.4416403501749548
0.3489216987481933,0.22728013090303495,0.3412327945714144,0.32524477623960873,0.356922317445481,0.3230749187852116,0.3632640860567981,0.48925525019935745,0.38106766428994765,0.29568442328686384,0.4019272548969535,0.2650924745345254,0.29613475428725733,0.29888457451427114,0.34407059046855987,0.0,0.3371214523893938,0.3384917005326382,0.3416699639105469,0.28587029692129623,0.440586562890549,0.30815045968117505,0.37765897730964215,0.0,0.3398088228944149,0.34382303044883394,0.2781488271920206,0.3248205247263199,0.26228302367239303,0.3214282095025109,0.2828799888490368,0.2529964782541941,0.2733091893399939,0.3136083823481666,0.0,0.28546670728196777,0.3129677555283513,0.29117743016997755,0.0,0.25343131654850715,0.0,0.0,0.3179596005213055,0.25031176860262977,0.0,0.3727480116984429,0.3886000062755426,0.0,0.1785014513651874,0.22739343679507687,0.38678014480180595,0.23102803353429824,0.0,0.30998845387632146,0.27721707558081293,0.27523435633740967,0.2945887519717323,0.34422887384537143,0.0,0.3449732572652221,0.3515847571709527,0.0,0.39074584450377386,0.2983940144132724,0.4510730708066944,0.3154493398310577,0.3474587877103956,0.0,0.32244443134808914,0.38865067673954334,0.40372911073217516,0.6018843580288212,0.3366715468394924,0.30050461487376634,0.0,0.24395875571032397
0.3664970029258402,0.3727762018292542,0.3187892003329249,0.2517700833036501,0.37836773518368705,0.4115244059806613,0.4085274823602688,0.45094791161406633,0.4283483498630366,0.32953175183936306,0.39447130088971016,0.32047027733564826,0.4406975300972208,0.0,0.3941579074435365,0.3983560725088548,0.38505793124764104,0.39423130376350196,0.3177106861391254,0.39479489922360284,0.3757092820766609,0.3956032127142256,0.4031099978440811,0.3398088228944149,0.0,0.3945648338233624,0.3989298978284475,0.4131330775005123,0.3981613208354558,0.33605905322242047,0.3737726312718032,0.3792152248716055,0.41388630079215444,0.4290810833762754,0.40686318431974655,0.3192080365145675,0.29716648643737636,0.4657451152379567,0.0,0.39890863777526314,0.0,0.0,0.3045405653668452,0.2664707683449503,0.0,0.38041050785347647,0.40703668312693725,0.0,0.0,0.0,0.0,0.0,0.0,0.0,0.41029510532152996,0.0,0.4257696180555037,0.0,0.0,0.39980992421234635,0.391140278122189,0.3878009924450836,0.3976715312130406,0.0,0.3516713695034992,0.33268368013123495,0.3695796109743897,0.29320044277909296,0.4193970348527333,0.39574909159196187,0.41606710068540165,0.2938135079014784,0.0,0.3608849799389413,0.0,0.3776864497526813
0.40029161952887765,0.4038013008276711,0.3251622318966635,0.4416303167593768,0.3571450697521149,0.41486049801424235,0.4031454478097765,0.4700215763649755,0.39082349987094245,0.37348762594663776,0.351564746418883,0.31942763344033953,0.43665831301403685,0.0,0.41245268831511894,0.4320600278797912,0.38917802411026636,0.4052662677913588,0.3431858027909459,0.4150377009334124,0.40718672660242267,0.4183897450484221,0.4185352671485454,0.34382303044883394,0.3945648338233624,0.0,0.4105028670181234,0.4037069362353834,0.3936479812669134,0.3106954017768837,0.38876168125982524,0.43587441729594634,0.4330497179849136,0.45572866120872213,0.470525903524725,0.361184942655081,0.39969368934638033,0.48381452313966944,0.4117469420434258,0.4193215337803942,0.48508903793187247,0.0,0.3102986040172187,0.0,0.49479311894188427,0.4078261853238331,0.4489070005476093,0.30347994657928357,0.0,0.0,0.3931812442283073,0.2850476365511082,0.3814950457832633,0.0,0.4187351294429476,0.0,0.42101937011181284,0.3375469031368409,0.0,0.4749715256501354,0.4292941689175506,0.4117724253700933,0.41832626603892253,0.0,0.39380112002911444,0.45642064984838776,0.46848684131519325,0.3931453011970582,0.42970745987844056,0.4165597693348901,0.4347169015962016,0.4054108278694465,0.3578332165207529,0.38049643145388745,0.0,0.3835958519268857
0.3747693062273205,0.4101820978922152,0.3678639163752971,0.4185432148658509,0.4288617722285757,0.38051442437877,0.4512717227021791,0.44764048721876987,0.4069327608738826,0.36418002166922225,0.37663096364712423,0.30198081748399674,0.4577810633993925,0.4718856853701488,0.4550234146210468,0.43227728415221967,0.32983580823231395,0.4050497909663682,0.3632998753219152,0.3593926323715655,0.404585367624463,0.42432905786206215,0.41508791566323633,0.2781488271920206,0.3989298978284475,0.4105028670181234,0.0,0.4271102786790934,0.34833301885980156,0.3875655675043471,0.4153731861112778,0.3961528876833971,0.4206825232617642,0.4510029335339654,0.4120499945654739,0.45531572130844644,0.45084661663070397,0.3798747981131916,0.3943127603873344,0.41992082284658994,0.4689392565590986,0.0,0.4599133716697071,0.3222505355518643,0.0,0.31601008101064365,0.3374521061442777,0.5417283560828282,0.352374242943517,0.4873009247339062,0.49059401107328493,0.48561679126166174,0.4943016404180336,0.5668873170249006,0.2771607903436699,0.5308595803190471,0.3174370812466225,0.4689702680967832,0.539867243801999,0.4418466110006894,0.28866935474019056,0.3030023565782854,0.3006938768451465,0.5420745272964776,0.4175997226190087,0.3916940928782143,0.38626218860860173,0.5201929315579198,0.0,0.2644749970958434,0.38363239009552147,0.484167488939482,0.4615806623814028,0.419793407891476,0.44289013687473644,0.44133151657803593
0.3651931769453298,0.4171557580378926,0.45655402712237786,0.2656520938008694,0.42457935972883687,0.41744972192756025,0.42379985136872805,0.43887405065827406,0.4752199445289857,0.3928649347330311,0.46920060994062057,0.3384063478716725,0.37381536633309914,0.30323644009757084,0.43597448221347634,0.48834162982440493,0.4348653330348398,0.427042194082331,0.46903920664237864,0.4065818183999854,0.4122653611305309,0.4472939481205449,0.4333056251148382,0.3248205247263199,0.4131330775005123,0.4037069362353834,0.4271102786790934,0.0,0.366028047241847,0.29791680990882696,0.3890346171414995,0.38841019160833207,0.39925380141776917,0.44256337791727995,0.4205526179463601,0.2999347434524409,0.30596799214926945,0.4025617642487474,0.3844995853761348,0.3568155058330456,0.0,0.0,0.0,0.21896950359409267,0.0,0.0,0.29512849529282104,0.39847610970756575,0.0,0.3384516735325448,0.4525017967293469,0.31606333362904027,0.4515700034807319,0.36218672532500873,0.32887315017230534,0.344741040991395,0.32646078904697123,0.39371320411275434,0.0,0.4252039004307747,0.3110189836381707,0.0,0.2606258599148239,0.3269030680811996,0.43277209932779703,0.4319307683531027,0.38685733513117704,0.4866489188674449,0.7372095713108046,0.2943064199192994,0.32254637268849073,0.4783245959164601,0.41416114198495735,0.4254182219024593,0.3739631344746493,0.2794405486402185
0.3793695743795716,0.414495252086198,0.3789992889296663,0.40277802938867807,0.4166571144219706,0.356627051691532,0.45925575188298123,0.3933320389840864,0.446307345428998,0.3019096886791633,0.4022023613695537,0.2693221855584641,0.4411623199041228,0.0,0.40400245411537566,0.48366844615387083,0.3632335722867561,0.44689903361574024,0.0,0.35410035710934806,0.38175160055179974,0.4287350784504969,0.3900158200917279,0.26228302367239303,0.3981613208354558,0.3936479812669134,0.34833301885980156,0.366028047241847,0.0,0.335170609105675,0.3773553445884382,0.4111853577615643,0.4210700461465237,0.46285965308875077,0.43278570950300965,0.475989719632931,0.4393518309955756,0.38750038326888564,0.0,0.4123606907364432,0.4517046021053555,0.0,0.3642434734539547,0.3072459631290354,0.0,0.35864611834367666,0.3806701883519479,0.0,0.33041689608048586,0.0,0.39998962816588035,0.35255932103386395,0.43374551649511817,0.35981502474737104,0.26507814422273684,0.0,0.35768381506228175,0.39970259665123437,0.0,0.43403869896062297,0.3035160301458872,0.0,0.29224766662492657,0.0,0.39873475727787255,0.4036643194194927,0.4414758940358941,0.4633585488097193,0.0,0.25938038987308665,0.3930874403368676,0.4535115076885282,0.42513675735094947,0.4071612738759976,0.38979470173339276,0.40974673355737423
0.0,0.0,0.4136064956225023,0.0,0.44391086287641485,0.41109834222434527,0.4460528910552931,0.4187846222751516,0.4335522489695998,0.3047871638611782,0.3557843131881228,0.3318663730935225,0.43403531233915865,0.0,0.4085386254998651,0.0,0.0,0.3760988198495743,0.4004984111400497,0.3345928635222654,0.3730850395032095,0.3741108945271189,0.41608442141953167,0.3214282095025109,0.33605905322242047,0.3106954017768837,0.3875655675043471,0.29791680990882696,0.335170609105675,0.0,0.31381362395315643,0.0,0.0,0.0,0.0,0.0,0.0,0.0,0.0,0.0,0.0,0.0,0.0,0.0,0.0,0.0,0.0,0.0,0.0,0.0,0.4412636860102781,0.0,0.0,0.3746980679982716,0.2773295266904002,0.0,0.0,0.0,0.0,0.372278241479187,0.0,0.0,0.0,0.0,0.0,0.4714245711558122,0.0,0.4765828323685386,0.0,0.0,0.3218229734444606,0.4625561953067415,0.3906346512959449,0.38976218995357426,0.0,0.0
0.3639831399697988,0.38045449951418386,0.4653063978169682,0.3738985095199222,0.4554962362597489,0.43598294631943874,0.44608994833779164,0.44756956841687495,0.4846263209807135,0.35707853482139557,0.4883594874212763,0.26907952237033894,0.4518024930048444,0.43630604354685654,0.4245651774111635,0.40389811406186865,0.37316956836447707,0.38711474401088675,0.48615616041834936,0.4052669474755498,0.3940210664921218,0.41561920829288673,0.435956699795111,0.2828799888490368,0.3737726312718032,0.38876168125982524,0.4153731861112778,0.3890346171414995,0.3773553445884382,0.31381362395315643,0.0,0.0,0.36375455177579286,0.3975647285467143,0.41924564429671846,0.33756202037659333,0.3922472573836956,0.35997540712994536,0.0,0.43469891861860305,0.0,0.0,0.0,0.24021221816125699,0.40258888276633886,0.36762086099459773,0.4188294443900243,0.0,0.0,0.0,0.442834843595239,0.3392697275438018,0.483261859919208,0.3727277984765703,0.2538276956589855,0.3578160803454725,0.330821432450044,0.31839192983476666,0.0,0.475568927068239,0.41168404562583444,0.0,0.38517460170595447,0.0,0.44495612799355433,0.42632167011401695,0.450288019802476,0.4955124388098693,0.3379857909493475,0.38923943006616407,0.426252040641676,0.4859046152263121,0.34782891553609846,0.4029784119446706,0.0,0.30112472354006437
0.28082467425082636,0.0,0.49888177925819327,0.0,0.0,0.4135536680595903,0.35456525556914775,0.0,0.44853527280008476,0.3179066256580415,0.0,0.24539738041147977,0.42328696218766404,0.0,0.4259482506259177,0.0,0.0,0.4369873263321189,0.0,0.41705271192009047,0.4064155517418341,0.4239043936015761,0.4110461960816403,0.2529964782541941,0.3792152248716055,0.43587441729594634,0.3961528876833971,0.38841019160833207,0.4111853577615643,0.0,0.0,0.0,0.3309205927280501,0.37334556878083003,0.0,0.32412908000095214,0.34582308530782174,0.3495749347103655,0.22727333500008035,0.3125022529407647,0.0,0.0,0.0,0.0,0.32093188143915785,0.0,0.4453269372953344,0.0,0.0,0.0,0.0,0.21688160907064624,0.0,0.0,0.31659617488022435,0.0,0.0,0.0,0.0,0.46937183617317746,0.2832599110892464,0.0,0.39850897288316306,0.0,0.4549631674287185,0.0,0.4407487933518981,0.0,0.0,0.3428757861009961,0.4066076603896736,0.0,0.0,0.0,0.0,0.3330616587447828
0.4302815743513244,0.4526986290176281,0.38486602724360175,0.3206370903427628,0.38637861112080274,0.4362385408233576,0.4064114569604499,0.41340457168685235,0.45345895362797134,0.35774188007785435,0.4245881756041495,0.259770603037413,0.44280099992370414,0.0,0.4443255025128471,0.47201373249601786,0.44725570419843086,0.44540478433372943,0.39445341221251307,0.43761620244011096,0.4227547794543418,0.4470288854673959,0.42488447816902114,0.2733091893399939,0.41388630079215444,0.4330497179849136,0.4206825232617642,0.39925380141776917,0.4210700461465237,0.0,0.36375455177579286,0.3309205927280501,0.0,0.3505807352472446,0.3565584105294202,0.3170378112182565,0.3402011467067379,0.2996544668081146,0.2975264355184652,0.2530422311565743,0.0,0.0,0.23927163635653398,0.24186979201110642,0.22225156821889502,0.0,0.4509628875326528,0.3253389585636649,0.20102524371891192,0.0,0.4151369811916081,0.25493643647056696,0.0,0.3134224569259739,0.2980899404699161,0.0,0.27185299396349033,0.2869318066209061,0.0,0.43206801711445725,0.43657586029870366,0.3583472625023754,0.3674358634599493,0.0,0.387921378181083,0.4079125381764199,0.44351629323713754,0.41975747363707466,0.0,0.37261891327594654,0.4112907236075079,0.44556790765104537,0.28749434495584447,0.406216997845382,0.0,0.27257149006351583
0.4868994198227262,0.4662237641573278,0.3495505885670507,0.0,0.0,0.4469467943811526,0.4497868157060389,0.0,0.4832067206261485,0.38989906298838384,0.4776729883524778,0.3287932419720306,0.4763371676118239,0.0,0.4782037016872396,0.5021721759417257,0.4474253847581532,0.44807236092830477,0.5463279586346304,0.47889126828769285,0.4705078718936164,0.48300929730696773,0.4531570765392172,0.3136083823481666,0.4290810833762754,0.45572866120872213,0.4510029335339654,0.44256337791727995,0.46285965308875077,0.0,0.3975647285467143,0.37334556878083003,0.3505807352472446,0.0,0.41154812190633855,0.3369158386263503,0.3529945533247364,0.34089719854741796,0.0,0.0,0.0,0.0,0.0,0.0,0.0,0.0,0.4618414458256233,0.0,0.0,0.0,0.0,0.0,0.0,0.0,0.0,0.0,0.0,0.0,0.0,0.5087932644210412,0.4543046739998768,0.0,0.0,0.0,0.0,0.0,0.4894992786573598,0.0,0.0,0.4214635384769954,0.4768106781984957,0.0,0.0,0.0,0.0,0.0
