0.0,0.4359620028645729,0.0,0.0,0.0,0.5051657166403768,0.0,0.5289315005953305,0.0,0.0,0.0,0.35489774782966904,0.35103945692135824,0.5003395393069457,0.3496243564215383,0.4081404839583409,0.34537519369160113,0.39519831867531974,0.0,0.3894015785619354,0.42195028484817215,0.3979770229601332,0.47907503737510493,0.3770202211903343,0.4096421315744652,0.3600889090456039,0.440432703563435,0.44973376316309127,0.47599603040005506,0.0,0.36760728883307686,0.44944495283506036,0.374043827235002,0.3834721359788072,0.4193536656239991,0.0,0.0,0.0,0.4835205892385446,0.44259517667474907,0.4689812926761898,0.0,0.0,0.0,0.0,0.4075385662650007,0.4878944376182413,0.0,0.0,0.0,0.0,0.0,0.0,0.0,0.0,0.0,0.42659895122534675,0.0,0.0,0.4703109212776765,0.48908751683888824,0.0,0.46260835164084607,0.0,0.0,0.40296663718131515,0.48385301503591605,0.0,0.0,0.4800997811093481,0.49062407706728395,0.0,0.0,0.0,0.0,0.435930388622529
0.4359620028645729,0.0,0.3684051815403235,0.0,0.42477179371149726,0.43290526729806733,0.4673556752534851,0.5106251792325847,0.4569708668776157,0.3257860253237156,0.0,0.277514907851846,0.4691077409552431,0.0,0.4355194679568643,0.4165716800694351,0.34050054814265135,0.39648808508964595,0.0,0.44989052552035624,0.44070765740101653,0.4033683443521971,0.4542846865491854,0.35830579844652577,0.3855361914336585,0.40899667842814136,0.4302847769546691,0.43825078174091664,0.43400534873582797,0.0,0.3817679124322141,0.4451172879527683,0.3876278370565324,0.3935531479824297,0.48528594855547846,0.0,0.0,0.0,0.48401931001372595,0.48727683745554684,0.48701728413502027,0.522371368202926,0.0,0.0,0.0,0.48206294987399045,0.48659763574129555,0.0,0.0,0.0,0.4582057369876159,0.0,0.0,0.0,0.3338950957679925,0.0,0.0,0.331040745102502,0.0,0.51362970535568,0.4887295670405505,0.32513254666989344,0.45688360247960796,0.0,0.48629999697886894,0.4888642129168668,0.4876679945288624,0.4949260633178131,0.0,0.4742544405683251,0.5151265321900764,0.4899398432014715,0.34706673547443234,0.4817671177492726,0.0,0.47629506897128726
0.0,0.3684051815403235,0.0,0.3878549305673339,0.4012400093855402,0.38272056503862356,0.43872019501278775,0.48624655711490816,0.28922449110328596,0.4200717598090706,0.3070583141170966,0.3592871031642627,0.44511553158769274,0.4126571678713859,0.0,0.0,0.0,0.39096758196216685,0.24584883283032316,0.0,0.0,0.40893851122369423,0.28177878593585937,0.0,0.35005164398000765,0.36241402225485114,0.3311764548115042,0.4475451348799029,0.0,0.44068814489682406,0.4727095777191084,0.45838139966282077,0.3554787429668598,0.4766517629879297,0.46802821165772285,0.43114566116951103,0.4354894116127512,0.35770993932651723,0.5342883504033308,0.0,0.4404749142504949,0.39199822851237925,0.5099486111327752,0.0,0.0,0.0,0.0,0.40311417958555307,0.0,0.5810216198779502,0.5894806668142382,0.6003939030534211,0.5783251507319868,0.6000657621884264,0.0,0.29939959633465074,0.0,0.5512866966548289,0.5356186127192925,0.0,0.0,0.0,0.0,0.2535330357932769,0.0,0.0,0.0,0.5608746010450374,0.0,0.0,0.0,0.5910660812029056,0.5020760476790431,0.43842677697398896,0.454718017574232,0.496798293698476
0.0,0.0,0.3878549305673339,0.0,0.23942774637473715,0.4124503623876664,0.28739725616147255,0.29370071358044775,0.4137155387638315,0.36969225873775047,0.406964630560471,0.37259969526953973,0.314684888339336,0.23799368582386274,0.0,0.0,0.0,0.0,0.39816754726609344,0.0,0.0,0.0,0.3975458697274594,0.0,0.0,0.0,0.4030102372804615,0.2921938003385255,0.37848984042732864,0.0,0.0,0.30780275550081704,0.28321616986310394,0.2392171426339107,0.2914212093331488,0.20863467530453864,0.20065655366600854,0.3069704436686903,0.0,0.0,0.35339941512473905,0.3935199886316146,0.0,0.0,0.0,0.0,0.0,0.0,0.0,0.0,0.0,0.0,0.0,0.0,0.0,0.0,0.0,0.0,0.0,0.0,0.0,0.0,0.0,0.0,0.0,0.0,0.0,0.3407099714932181,0.0,0.0,0.0,0.3624977255051484,0.0,0.0,0.0,0.0
0.0,0.42477179371149726,0.4012400093855402,0.23942774637473715,0.0,0.3851638339776606,0.3226142920205944,0.39613855432653444,0.3399366167235805,0.3953125904961765,0.36134396357829485,0.367529790186759,0.33969158439068337,0.30832534350022234,0.0,0.4550929183083809,0.39050032521728284,0.39808783619538085,0.40295155723690673,0.44674505831015865,0.0,0.460493100075508,0.4302327220017005,0.3609818426606909,0.4008725453267179,0.3819603187549188,0.4156624243484801,0.39740931968380183,0.44144550391637705,0.0,0.44374295946677167,0.36611577746143475,0.38542922401415525,0.4215003395063321,0.3971930295553168,0.2619391370363458,0.3091487537639067,0.3361963141779614,0.4486513586530377,0.0,0.35529334453484473,0.3335259143218904,0.35395340244526596,0.2335596564173391,0.0,0.0,0.32380213685929804,0.5125104508174907,0.0,0.46034768462764447,0.5121706510185061,0.4419557973782766,0.47768182440864804,0.49563975390470916,0.0,0.4672321872290313,0.0,0.3881737326044329,0.0,0.3823074813274125,0.33221671852561785,0.0,0.0,0.46494086990579453,0.0,0.0,0.36737536541601695,0.5583192323871071,0.0,0.33352294042477443,0.349942087347951,0.5479441954692292,0.40404682246608237,0.4081733548594213,0.0,0.413262796214769
0.5051657166403768,0.43290526729806733,0.38272056503862356,0.4124503623876664,0.3851638339776606,0.0,0.38750875158212117,0.43676620159327145,0.3356161842151917,0.45735683741917244,0.36218834757299495,0.39041922286724884,0.3792658468708648,0.42883435258872277,0.4173638070128969,0.4586852947412688,0.34347884678733687,0.4732867423829518,0.4232339980761078,0.4231224811317715,0.4295931718554647,0.4500931279172189,0.4361785926385958,0.3896454736755291,0.41171728187596623,0.40552933339882336,0.42150080109438715,0.4157948019406049,0.34295831666737864,0.44613247487222984,0.4577834411169976,0.4377628427594696,0.41288986774550934,0.4706251308787827,0.47000395056234606,0.44646241626742533,0.4416679540038182,0.3867062231017906,0.5293086883647823,0.0,0.549537690323578,0.46625064339700734,0.44545449131324377,0.3312403638321862,0.0,0.0,0.38210192309395286,0.5857188750970591,0.0,0.5249770015954862,0.555005559139407,0.5716833966352651,0.48756548354833773,0.5811945694834573,0.384290677278263,0.47757667687204436,0.0,0.559576757701812,0.4441723283538494,0.4809564960034943,0.3250706397379007,0.0,0.2974749433617973,0.5363893938675128,0.4834191051451329,0.40941101591397877,0.44723900129380534,0.5604383296260562,0.0,0.32438047285141924,0.4334399118162159,0.5588721353970102,0.5645116860198727,0.528765230668248,0.4988608209025859,0.5569534166376946
0.0,0.4673556752534851,0.43872019501278775,0.28739725616147255,0.3226142920205944,0.38750875158212117,0.0,0.4425909033914265,0.36547420273425946,0.3761240686154985,0.4417389867386213,0.37532864160776097,0.3067110891179254,0.3646619167330986,0.0,0.4943429385076624,0.40433260048662695,0.4363170007613489,0.44885423947561087,0.443580461996121,0.0,0.47787252700076305,0.43907131013969986,0.3606131101190191,0.4319676260408828,0.4057781677446895,0.4374876716107986,0.3586949073726242,0.4381675975225723,0.0,0.40571678419760887,0.3819237585566114,0.4118925155832295,0.3857704471664239,0.3743892754581679,0.3174369670355742,0.3300445731603734,0.3563845118303744,0.43720371738609487,0.0,0.29905149738618564,0.3647892883336957,0.42037978198033965,0.0,0.0,0.0,0.3552179638801449,0.4863107118153704,0.0,0.4242133459653246,0.5227018155000238,0.4380266363974915,0.4192234791749481,0.47099829172844,0.0,0.3833730901672028,0.0,0.40810780325808815,0.0,0.0,0.34161159225377413,0.0,0.0,0.0,0.3723986768190263,0.0,0.0,0.5464930781424393,0.0,0.3434510360949794,0.3467482370008825,0.5437830839711842,0.4036840039159768,0.41243267982275833,0.43166625108351464,0.39388950375971044
0.5289315005953305,0.5106251792325847,0.48624655711490816,0.29370071358044775,0.39613855432653444,0.43676620159327145,0.4425909033914265,0.0,0.5110413861482013,0.0,0.440554459760072,0.0,0.43148172610284624,0.32577476041024184,0.0,0.0,0.0,0.4970230587859703,0.4756560021924067,0.37705022915289543,0.3956461150467232,0.0,0.3806955183581827,0.5504741909103379,0.5165816737896479,0.5094713474909948,0.4348821445732634,0.41912849782319517,0.37114420831117867,0.4181067851515815,0.4510101686626859,0.3561181968313,0.5049642104455198,0.4499573958373601,0.0,0.2531874145762544,0.2929152805016779,0.0,0.49089039109471144,0.0,0.5140109913815775,0.0,0.44288568661183003,0.0,0.0,0.0,0.0,0.5605029229581431,0.0,0.5306064715133785,0.5386481687986409,0.5325494619171373,0.4554418471733375,0.5575782381385682,0.0,0.5015222992247678,0.0,0.4897149998893729,0.5107759781114207,0.4761700715115435,0.0,0.0,0.0,0.5167673966055152,0.0,0.43647214514419985,0.0,0.5268650430716476,0.0,0.0,0.49223984155218636,0.5623466702640634,0.4848475534391841,0.484059149041796,0.0,0.5022650100733143
0.0,0.4569708668776157,0.28922449110328596,0.4137155387638315,0.3399366167235805,0.3356161842151917,0.36547420273425946,0.5110413861482013,0.0,0.46078717284368564,0.3313393916110696,0.4124768984324576,0.3867238196849265,0.4318863829696645,0.0,0.46092490743032144,0.356692246323836,0.3497360567680485,0.2768562538346601,0.4315510568011654,0.0,0.4685987714189682,0.4502953047323738,0.3765024837023689,0.4155515174207465,0.419469880403726,0.3616640298214429,0.4393470137450531,0.42164439149716254,0.4328225271261407,0.4655399924574418,0.4429353775742168,0.39344413593141203,0.46090315159936257,0.4639935410032972,0.4481875856720705,0.43849218177604454,0.42010175882288725,0.5584633357022983,0.32185908718942124,0.3498266346974652,0.3130367816466494,0.5159213230827967,0.3069911331607851,0.36868614051444876,0.0,0.0,0.6022302286084196,0.0,0.5499648510785069,0.5877048810829377,0.5703012375480216,0.5639258810215576,0.6123878861231976,0.0,0.5528240191347717,0.0,0.5189075911592033,0.5619166238782309,0.0,0.32879516230221756,0.0,0.0,0.5658127666795268,0.0,0.0,0.0,0.5948212864036544,0.0,0.0,0.35716059084935836,0.5909480822854354,0.48891209787450496,0.4483912774698344,0.5053387467916441,0.45588939540982787
0.0,0.3257860253237156,0.4200717598090706,0.36969225873775047,0.3953125904961765,0.45735683741917244,0.3761240686154985,0.0,0.46078717284368564,0.0,0.4584922085264761,0.2971524200007083,0.4111927985490827,0.40670645769001357,0.0,0.3465933983549754,0.26570015245914896,0.29577038177803483,0.4396410001529233,0.3367452986510723,0.0,0.33332905854795614,0.4276276669364045,0.35109309543192,0.31310854851714187,0.3269041994824238,0.42292875405965275,0.3785979775054375,0.3502603304860759,0.33991163109263206,0.3201247657437648,0.37348639445225407,0.33495438916403536,0.33725333486436,0.3387787112979595,0.3378144498733834,0.18216198904521308,0.3066274711811937,0.4937081148859783,0.410382199322062,0.38814226112604777,0.0,0.0,0.0,0.36217801505793096,0.0,0.0,0.0,0.0,0.0,0.0,0.0,0.0,0.0,0.499055338485322,0.0,0.4950453454936398,0.4357558394022094,0.0,0.0,0.0,0.4577486088689278,0.4825453869851093,0.0,0.0,0.0,0.0,0.37776179515278063,0.44895006158799344,0.49842849257685207,0.48396279185082697,0.0,0.47296176356263797,0.0,0.0,0.488663089087909
0.0,0.0,0.3070583141170966,0.406964630560471,0.36134396357829485,0.36218834757299495,0.4417389867386213,0.440554459760072,0.3313393916110696,0.4584922085264761,0.0,0.42238179959200695,0.4500004564909035,0.32077117680803463,0.0,0.33672823447071665,0.3780612285282098,0.37622580543121165,0.2454725963711169,0.0,0.0,0.0,0.32616517087528885,0.3995760989104169,0.38564634155605615,0.34649034275912927,0.3959966248571367,0.4497939332146347,0.0,0.0,0.473840874844163,0.4243223283232897,0.3696399716688641,0.46344508360167047,0.43775808872765,0.3798527121798903,0.4308239717023616,0.4076872758890824,0.4896327908868801,0.0,0.335267410996715,0.3381673583335449,0.4843014874449837,0.0,0.0,0.0,0.0,0.46696597619529906,0.0,0.5406217224287779,0.5576454750496435,0.5279406374287567,0.5303588772825504,0.5804762708117363,0.0,0.34509871806004705,0.0,0.4928204976608952,0.4957910791891518,0.0,0.0,0.0,0.0,0.31539956646762063,0.0,0.0,0.0,0.596838216183802,0.0,0.0,0.0,0.5794655835323288,0.42819142059473625,0.0,0.0,0.0
0.35489774782966904,0.277514907851846,0.3592871031642627,0.37259969526953973,0.367529790186759,0.39041922286724884,0.37532864160776097,0.0,0.4124768984324576,0.2971524200007083,0.42238179959200695,0.0,0.3858817449449812,0.32671751563920903,0.0,0.30943032690693034,0.33402203528981683,0.35673524848330845,0.3684889405064518,0.0,0.4878801560929946,0.2903963224974584,0.37178484647880405,0.2997980107629713,0.35971840035392677,0.33019915244981635,0.3587329294484896,0.3203808805194108,0.0,0.0,0.33458614753616167,0.24991344784967706,0.2836165947216078,0.25651244387914135,0.311947113312992,0.3130451052023477,0.24986501061300384,0.2062242267813788,0.2542888675421018,0.4111412606737596,0.30947748245814216,0.0,0.0,0.0,0.33832847803212174,0.0,0.0,0.0,0.0,0.0,0.0,0.333169630772515,0.0,0.0,0.4845364882639845,0.0,0.47723853702083613,0.3957945208266292,0.0,0.0,0.0,0.4612779971185238,0.47417330192973395,0.0,0.0,0.0,0.0,0.0,0.39435245084831283,0.49208101601633364,0.47403443600174683,0.0,0.447573710210076,0.0,0.0,0.44760113597496226
0.35103945692135824,0.4691077409552431,0.44511553158769274,0.314684888339336,0.33969158439068337,0.3792658468708648,0.3067110891179254,0.43148172610284624,0.3867238196849265,0.4111927985490827,0.4500004564909035,0.3858817449449812,0.0,0.37560900437121625,0.0,0.47540889401899056,0.4277299524938933,0.45061213423164936,0.45409975176136214,0.42259237071523664,0.3990782137760016,0.47928585164950843,0.4289171585799526,0.295564774255348,0.4368994835981084,0.4215711662469527,0.4277097603052367,0.35426776816908156,0.3932223561186707,0.0,0.39041784944894736,0.38806123486873817,0.37794738904904607,0.40613231936468797,0.38011836721229636,0.3272415339330543,0.343018295937523,0.36450213874783116,0.5245023269895095,0.0,0.34645880157341935,0.33844025021515084,0.36567735049421757,0.0,0.0,0.0,0.3292326449405595,0.49031486383298145,0.0,0.3809092692528533,0.5409470635369837,0.4271882413571843,0.4438710450335679,0.4173814848919111,0.0,0.0,0.0,0.4083741739553852,0.0,0.3734553343184328,0.3289683994894795,0.0,0.33771788747359227,0.0,0.4334861338866519,0.3776817925899434,0.0,0.5224494358425784,0.0,0.3582379754643339,0.3853234156337677,0.5149799866063434,0.44401632440410643,0.4688364005530688,0.41865751937560514,0.40164077868515274
0.5003395393069457,0.0,0.4126571678713859,0.23799368582386274,0.30832534350022234,0.42883435258872277,0.3646619167330986,0.32577476041024184,0.4318863829696645,0.40670645769001357,0.32077117680803463,0.32671751563920903,0.37560900437121625,0.0,0.0,0.0,0.0,0.0,0.3914440417064816,0.0,0.4560125320387489,0.0,0.3890204019689179,0.3153873929934897,0.0,0.4461619650829169,0.4320837180529701,0.30596547384487116,0.0,0.0,0.4512585839892568,0.28164049620668186,0.0,0.3990184447164947,0.0,0.22120032561898972,0.1649699402075207,0.308451983209436,0.0,0.0,0.32078815343538186,0.0,0.0,0.32913323620216284,0.0,0.0,0.0,0.4864612280160936,0.0,0.0,0.45928685163780536,0.0,0.0,0.0,0.0,0.4787316607180741,0.0,0.0,0.0,0.0,0.0,0.0,0.0,0.46673358150026556,0.0,0.0,0.0,0.0,0.0,0.0,0.0,0.5382441305922501,0.0,0.0,0.0,0.0
0.3496243564215383,0.4355194679568643,0.0,0.0,0.0,0.4173638070128969,0.0,0.0,0.0,0.0,0.0,0.0,0.0,0.0,0.0,0.0,0.0,0.0,0.0,0.29446617773637934,0.3862159370195895,0.35118665029983703,0.35518269366666816,0.43465526165566815,0.3707899447206522,0.3404368065488581,0.3898382020810281,0.0,0.3883613862816781,0.0,0.4014967230051331,0.4252474600700937,0.3950991125742755,0.4231124795919812,0.4798266550121044,0.0,0.47359197849420953,0.0,0.492729936560257,0.4827890248318518,0.4996944459315694,0.5262985650593884,0.0,0.0,0.0,0.0,0.5045262352114948,0.0,0.0,0.0,0.46998069564740963,0.0,0.0,0.0,0.0,0.0,0.0,0.4232984561265563,0.0,0.496762627196493,0.45743389757729847,0.0,0.0,0.0,0.4791075432948635,0.45209682559711967,0.4998882899121005,0.49202659595114584,0.0,0.4141343362481582,0.5180330065091591,0.5004313484323573,0.5057516738686807,0.48042525401631003,0.0,0.45746520672820107
0.4081404839583409,0.4165716800694351,0.0,0.0,0.4550929183083809,0.4586852947412688,0.4943429385076624,0.0,0.46092490743032144,0.3465933983549754,0.33672823447071665,0.30943032690693034,0.47540889401899056,0.0,0.0,0.0,0.331663484280586,0.3412633240213127,0.47534747052606996,0.37535995796010346,0.0,0.35142770831973225,0.4411353852494716,0.0,0.4009324644630711,0.4053471505277256,0.4304889518596438,0.4244271152210593,0.41819652364727644,0.402002339652069,0.3540072770795793,0.4495928488201405,0.37005142402689867,0.3789877468825224,0.4271703358437891,0.3460646378404293,0.0,0.28137046490349077,0.4716133010201343,0.4300558522571811,0.4675718419913761,0.5014478229088858,0.0,0.0,0.0,0.4683289330352534,0.46590006281195967,0.0,0.0,0.0,0.3442709600701246,0.0,0.0,0.0,0.3384095546131415,0.0,0.3575662599560705,0.3463412435690346,0.0,0.416769517440167,0.46960192504802784,0.3342553325252558,0.433212086894034,0.0,0.44276770113017805,0.0,0.4435546349604278,0.4039801537749144,0.4557384811966987,0.44915851844402466,0.4805127130895354,0.4149969617871663,0.34220886902777836,0.402892602769937,0.0,0.4554104407477942
0.34537519369160113,0.34050054814265135,0.0,0.0,0.39050032521728284,0.34347884678733687,0.40433260048662695,0.0,0.356692246323836,0.26570015245914896,0.3780612285282098,0.33402203528981683,0.4277299524938933,0.0,0.0,0.331663484280586,0.0,0.2884653839680037,0.0,0.37591276562347775,0.0,0.41783315979215313,0.34688745072393234,0.4114277156747657,0.3070026309704314,0.36837863725637865,0.3411869743653383,0.40422504618579463,0.36338119019000376,0.3013564121386445,0.3371622346827355,0.44460416900622945,0.3521670493384052,0.3706550112712845,0.3919989426875216,0.44073120588792264,0.0,0.3182722575788383,0.0,0.41515493006625653,0.44414834825098015,0.0,0.0,0.0,0.0,0.0,0.0,0.0,0.0,0.0,0.0,0.0,0.0,0.0,0.5084186260992023,0.0,0.5135437254942198,0.36358513246002044,0.0,0.0,0.0,0.5044416798513509,0.5144406595785624,0.0,0.0,0.0,0.0,0.0,0.48197467986995257,0.48748673951391397,0.49017556353754493,0.0,0.0,0.0,0.0,0.0
0.39519831867531974,0.39648808508964595,0.39096758196216685,0.0,0.39808783619538085,0.4732867423829518,0.4363170007613489,0.4970230587859703,0.3497360567680485,0.29577038177803483,0.37622580543121165,0.35673524848330845,0.45061213423164936,0.0,0.0,0.3412633240213127,0.2884653839680037,0.0,0.37613363345446277,0.40461346988998215,0.4746621340553504,0.4053324541335839,0.46389502770001484,0.3944146730523429,0.3460359152833311,0.3518890009602693,0.43842816514011035,0.4223262643178463,0.4103567672453775,0.39520210395523203,0.3748056552479696,0.4544855978350413,0.3476141979730836,0.38275714184834975,0.41887392588725214,0.41343455246625294,0.0,0.281865507078198,0.4616442570441742,0.43581718067394076,0.45497180996132225,0.5048481192216727,0.0,0.0,0.0,0.4647073118762688,0.4251978931968118,0.0,0.0,0.0,0.34825759132354467,0.0,0.0,0.0,0.4568046329122825,0.0,0.4734504224511961,0.34646747142679696,0.0,0.0,0.4672636397639087,0.46214833492717566,0.4642369842554041,0.0,0.0,0.0,0.0,0.0,0.4903625148827949,0.4766353799113315,0.4862557788785942,0.0,0.34835163568741373,0.35464129085399365,0.0,0.4666206608116309
0.0,0.0,0.24584883283032316,0.39816754726609344,0.40295155723690673,0.4232339980761078,0.44885423947561087,0.4756560021924067,0.2768562538346601,0.4396410001529233,0.2454725963711169,0.3684889405064518,0.45409975176136214,0.3914440417064816,0.0,0.47534747052606996,0.0,0.37613363345446277,0.0,0.0,0.0,0.0,0.24661013032534893,0.0,0.32940749563610333,0.35523022475481913,0.3585717943500117,0.452230122191033,0.0,0.0,0.47354261167323186,0.4383532050085152,0.37304385878817015,0.4581885841599236,0.45816290757300054,0.4151893640636778,0.4238175753491663,0.3805873025414874,0.49278856309679153,0.0,0.3639528966239013,0.3423690813522493,0.4850615446251261,0.0,0.0,0.0,0.0,0.3658427312670659,0.0,0.5294664364358889,0.5849047982895861,0.5418722820289047,0.556817765948907,0.5803143786198501,0.0,0.5470856804175724,0.0,0.47212598434663866,0.5245277948869307,0.0,0.0,0.0,0.0,0.42846586327320574,0.0,0.0,0.0,0.5987090301187774,0.0,0.0,0.0,0.5945847811543103,0.417164200751385,0.4974540394022826,0.0,0.0
0.3894015785619354,0.44989052552035624,0.0,0.0,0.44674505831015865,0.4231224811317715,0.443580461996121,0.37705022915289543,0.4315510568011654,0.3367452986510723,0.0,0.0,0.42259237071523664,0.0,0.29446617773637934,0.37535995796010346,0.37591276562347775,0.40461346988998215,0.0,0.0,0.4071799555681667,0.3552902010593677,0.19726503462060205,0.41778853937892324,0.4046824492365998,0.3974205066582571,0.33594271790444635,0.35570393124941047,0.3131285459499535,0.3559172242649235,0.35744356610329026,0.4388647060045636,0.40547735723575146,0.41384282108871956,0.4784654190316915,0.5000032464775814,0.4341903192297002,0.0,0.4770918739168358,0.45048494332083155,0.5367966405233346,0.5157269746583424,0.3441625361102591,0.32778638465933135,0.0,0.0,0.4647219928429203,0.0,0.0,0.0,0.46959031985899197,0.3882079923795306,0.0,0.0,0.0,0.0,0.0,0.427629256296711,0.0,0.5104572771482456,0.37943740751711175,0.0,0.34996235416551563,0.0,0.48233611683291283,0.43829570195095463,0.4870787660286159,0.4993074188853408,0.0,0.3436117134501803,0.4970246339935144,0.49592114242147695,0.4876595300914087,0.5073329690841714,0.4335345652031494,0.4767506416579349
0.42195028484817215,0.44070765740101653,0.0,0.0,0.0,0.4295931718554647,0.0,0.3956461150467232,0.0,0.0,0.0,0.4878801560929946,0.3990782137760016,0.4560125320387489,0.3862159370195895,0.0,0.0,0.4746621340553504,0.0,0.4071799555681667,0.0,0.42352246706492014,0.3657930838124775,0.5300083014555104,0.467454642513962,0.4061850045128543,0.40396554019918285,0.40257918024412165,0.407613484680831,0.0,0.4169414042470059,0.4443491146990052,0.4102252742551248,0.4211233284318265,0.4826910406383223,0.38240744707685315,0.0,0.0,0.47357682935771855,0.40058844911490327,0.4740313398516082,0.514306071385152,0.0,0.0,0.0,0.4552026700537086,0.5056715446331491,0.0,0.0,0.0,0.4657933942933701,0.0,0.2639261427064786,0.0,0.0,0.0,0.0,0.4268836428615941,0.0,0.4646566600669933,0.5051499118851404,0.0,0.0,0.0,0.4430607325897184,0.29019832248805233,0.47028218774709757,0.475742118921737,0.0,0.4388535548890127,0.5099352207796451,0.47170479998681564,0.4718307339299198,0.47152351578732526,0.4750975376609865,0.4334249622755727
0.3979770229601332,0.4033683443521971,0.40893851122369423,0.0,0.460493100075508,0.4500931279172189,0.47787252700076305,0.0,0.4685987714189682,0.33332905854795614,0.0,0.2903963224974584,0.47928585164950843,0.0,0.35118665029983703,0.35142770831973225,0.41783315979215313,0.4053324541335839,0.0,0.3552902010593677,0.42352246706492014,0.0,0.41636239596032065,0.2601934126710113,0.406967785062646,0.38407423955757963,0.4231081550308772,0.4150444705744546,0.3801423745815903,0.37612195159303563,0.3727704108152781,0.44217926155008236,0.38032347829202234,0.41007912142949876,0.48896433703686015,0.5341620626605196,0.0,0.0,0.4755082158793646,0.4843008666774586,0.4938242761965764,0.5229149294888884,0.40727584559958463,0.3286824564048122,0.0,0.4839301940793271,0.48554795722617194,0.0,0.3000540468235822,0.0,0.47187463520359074,0.3416887240408075,0.0,0.0,0.0,0.0,0.0,0.34085158630520174,0.0,0.519673342233858,0.4812052818220405,0.0,0.40024867254296814,0.0,0.48203741450482096,0.5112338352596716,0.49313468663659554,0.5040077061475144,0.0,0.4582611268772799,0.515725648841178,0.5143068318522963,0.40380615709012335,0.4790919855984512,0.0,0.47390000756866957
0.47907503737510493,0.4542846865491854,0.28177878593585937,0.3975458697274594,0.4302327220017005,0.4361785926385958,0.43907131013969986,0.3806955183581827,0.4502953047323738,0.4276276669364045,0.32616517087528885,0.37178484647880405,0.4289171585799526,0.3890204019689179,0.35518269366666816,0.4411353852494716,0.34688745072393234,0.46389502770001484,0.24661013032534893,0.19726503462060205,0.3657930838124775,0.41636239596032065,0.0,0.5573611826157137,0.4563714775343767,0.4490404670359875,0.3401713794061834,0.42024560041454484,0.40636758054107236,0.408435059162163,0.42535493470011276,0.41325427454472113,0.3790999379077193,0.4429072188548467,0.43497262724425356,0.3928917450505004,0.4284367258039701,0.3639830748222339,0.5372658783396725,0.49490487132499816,0.5537501060592777,0.5468437369123645,0.4557602624489037,0.4850170920008704,0.0,0.0,0.4711054525575864,0.4998381754069743,0.0,0.5999963269146028,0.5561410622642472,0.5708471021054521,0.49200815765316064,0.5915684248620203,0.45900352376059894,0.5573952401253345,0.0,0.5455314729843482,0.4984176703737422,0.4943249237822886,0.3667511562984746,0.0,0.0,0.5589471712347343,0.4981900547926995,0.42789579342226414,0.483854775250246,0.5508503639404226,0.0,0.3529421248206145,0.49372267213469184,0.5561729575492523,0.5343656380265698,0.5246571009391781,0.5326547103749616,0.5422857364605722
0.3770202211903343,0.35830579844652577,0.0,0.0,0.3609818426606909,0.3896454736755291,0.3606131101190191,0.5504741909103379,0.3765024837023689,0.35109309543192,0.3995760989104169,0.2997980107629713,0.295564774255348,0.3153873929934897,0.43465526165566815,0.0,0.4114277156747657,0.3944146730523429,0.0,0.41778853937892324,0.5300083014555104,0.2601934126710113,0.5573611826157137,0.0,0.41869226427276324,0.346912164053804,0.4677962176338566,0.2621275919364404,0.40841433918867004,0.0,0.3620673736858604,0.2851436520769937,0.251079348608217,0.24926346645189093,0.3910084048579078,0.34027992097664717,0.3153636240406117,0.25715320498108046,0.3470766945356942,0.37557037409083915,0.30096882705362904,0.0,0.0,0.0,0.3117678730139233,0.445190335482993,0.0,0.0,0.0,0.0,0.0,0.0,0.0,0.0,0.475099286041416,0.0,0.4565725425197227,0.4861790002225163,0.0,0.0,0.48154507718895123,0.5065040610434304,0.4898217799374473,0.0,0.0,0.0,0.0,0.0,0.3636421377686031,0.4985653431454424,0.4793218161249427,0.0,0.0,0.0,0.0,0.4764498908125228
0.4096421315744652,0.3855361914336585,0.35005164398000765,0.0,0.4008725453267179,0.41171728187596623,0.4319676260408828,0.5165816737896479,0.4155515174207465,0.31310854851714187,0.38564634155605615,0.35971840035392677,0.4368994835981084,0.0,0.3707899447206522,0.4009324644630711,0.3070026309704314,0.3460359152833311,0.32940749563610333,0.4046824492365998,0.467454642513962,0.406967785062646,0.4563714775343767,0.41869226427276324,0.0,0.3634225280167191,0.4096659810291055,0.41415585522977694,0.37529578580074385,0.3346778017771639,0.37873926299444877,0.439533401582963,0.3458339990874724,0.37334959753510105,0.4124020708069585,0.37772563619522126,0.0,0.3237384653184624,0.47712953413373915,0.4503707488877409,0.4575388021903537,0.49696215785008885,0.3737392355622466,0.0,0.3386927975145563,0.4673267775835841,0.45856948356607036,0.0,0.0,0.0,0.3432284301147532,0.34787861289657096,0.0,0.0,0.4956708476255171,0.0,0.4948377784128487,0.3866321332796083,0.0,0.0,0.4842146419580427,0.47997501961572014,0.46686845264042376,0.0,0.42622212691769956,0.46793863332558444,0.3936225333734779,0.3287754479341232,0.47594955327048094,0.47982441549590304,0.49245854553314417,0.0,0.4114509147175059,0.4451078015083129,0.0,0.4750060431547906
0.3600889090456039,0.40899667842814136,0.36241402225485114,0.0,0.3819603187549188,0.40552933339882336,0.4057781677446895,0.5094713474909948,0.419469880403726,0.3269041994824238,0.34649034275912927,0.33019915244981635,0.4215711662469527,0.4461619650829169,0.3404368065488581,0.4053471505277256,0.36837863725637865,0.3518890009602693,0.35523022475481913,0.3974205066582571,0.4061850045128543,0.38407423955757963,0.4490404670359875,0.346912164053804,0.3634225280167191,0.0,0.4280873483729975,0.3988522958769059,0.38902735140368105,0.3164170114177274,0.3817098258975165,0.4396178343777458,0.37809865857801267,0.38511996364928536,0.44246742882800216,0.41080999955108055,0.0,0.3288885925398504,0.47857032690321644,0.46761897833475474,0.4902705367965838,0.517409800804711,0.3798268935782085,0.0,0.3671870322383655,0.45442273355186946,0.5042699207115645,0.0,0.0,0.0,0.4847751626850545,0.0,0.0,0.3805001359050223,0.5196101914986816,0.0,0.5016344035951941,0.3954498891891936,0.0,0.5252313186859603,0.49944014933547975,0.4929627146826374,0.4790308615698191,0.0,0.49082344010816675,0.4891177564545114,0.5143242967184192,0.4723029894167925,0.4550208866763485,0.4879324535898778,0.5042248720092496,0.5158629771211048,0.4254673205134916,0.4710178173763218,0.0,0.48180923818610993
0.440432703563435,0.4302847769546691,0.3311764548115042,0.4030102372804615,0.4156624243484801,0.42150080109438715,0.4374876716107986,0.4348821445732634,0.3616640298214429,0.42292875405965275,0.3959966248571367,0.3587329294484896,0.4277097603052367,0.4320837180529701,0.3898382020810281,0.4304889518596438,0.3411869743653383,0.43842816514011035,0.3585717943500117,0.33594271790444635,0.40396554019918285,0.4231081550308772,0.3401713794061834,0.4677962176338566,0.4096659810291055,0.4280873483729975,0.0,0.4189485951803483,0.382753450878288,0.38722163926143616,0.40076333325830044,0.42369341183559184,0.3745611741014954,0.4349922915774355,0.4457118038038794,0.4354482403687387,0.43215290558766783,0.3744220675937699,0.525785297774617,0.4485435201075153,0.5592053236975864,0.5440786500197766,0.4677808193361853,0.3565193304345514,0.0,0.0,0.43173227398687464,0.5986545330101886,0.0,0.5648308207623727,0.5622922220603782,0.592105556171969,0.5021490688717306,0.5958847512828448,0.0,0.5460138164996919,0.0,0.5728192573266536,0.5122344110227434,0.49603663557706806,0.3486380878728106,0.0,0.0,0.5739567375784058,0.4944343310925045,0.4546593335720866,0.4869344769356783,0.5510955626565989,0.0,0.32385376568016416,0.4975886636017468,0.5534887231939805,0.5416441183101983,0.5168970729307799,0.5110012106236673,0.5190389196083598
0.44973376316309127,0.43825078174091664,0.4475451348799029,0.2921938003385255,0.39740931968380183,0.4157948019406049,0.3586949073726242,0.41912849782319517,0.4393470137450531,0.3785979775054375,0.4497939332146347,0.3203808805194108,0.35426776816908156,0.30596547384487116,0.0,0.4244271152210593,0.40422504618579463,0.4223262643178463,0.452230122191033,0.35570393124941047,0.40257918024412165,0.4150444705744546,0.42024560041454484,0.2621275919364404,0.41415585522977694,0.3988522958769059,0.4189485951803483,0.0,0.3403629076451301,0.3158368631754552,0.37159815714051186,0.37583086085634737,0.3307818351128017,0.345932246746159,0.3467420923960146,0.2945109994276682,0.27728057537731365,0.25284072318387985,0.3846311152540872,0.0,0.37957191369124366,0.3875264889105595,0.27192894266839984,0.0,0.23871613023461566,0.0,0.0,0.4387849450487713,0.17816789176702727,0.3703746916033157,0.5356656376420499,0.36599112025381597,0.4263366439077473,0.3946049961559819,0.0,0.0,0.0,0.43512823169468323,0.0,0.4537533012739245,0.0,0.0,0.30777956042247023,0.0,0.47821132816983547,0.4323180228913724,0.4224764650579125,0.5158680740570365,0.0,0.34591962979659835,0.4012599474728138,0.5075898342747982,0.4917435384414287,0.4989306840972346,0.41566222992855917,0.45793883908587313
0.47599603040005506,0.43400534873582797,0.0,0.37848984042732864,0.44144550391637705,0.34295831666737864,0.4381675975225723,0.37114420831117867,0.42164439149716254,0.3502603304860759,0.0,0.0,0.3932223561186707,0.0,0.3883613862816781,0.41819652364727644,0.36338119019000376,0.4103567672453775,0.0,0.3131285459499535,0.407613484680831,0.3801423745815903,0.40636758054107236,0.40841433918867004,0.37529578580074385,0.38902735140368105,0.382753450878288,0.3403629076451301,0.0,0.3346076519654854,0.3504394464436846,0.3989183658892997,0.3286317106822587,0.4048906267238419,0.44461449881924486,0.4768036341513599,0.4080892084769079,0.0,0.5134321766778612,0.42744915746565826,0.5399149911219316,0.5081105057931596,0.4271157717871535,0.3913551837658889,0.0,0.0,0.4321890274899953,0.4319522182556414,0.0,0.4035278152066231,0.5309945930892424,0.42441095405690754,0.42273211736892563,0.39234909099548176,0.36617796199487446,0.0,0.0,0.4938722783777347,0.0,0.4844031934515611,0.34465140812034356,0.0,0.34195106469819087,0.0,0.48305209965608814,0.44484086734439554,0.4722813840172222,0.5214696415980965,0.0,0.31931313221527763,0.44789594111548264,0.5116525071573762,0.5161394345510592,0.5037418210610582,0.48759350220005904,0.502688438705845
0.0,0.0,0.44068814489682406,0.0,0.0,0.44613247487222984,0.0,0.4181067851515815,0.4328225271261407,0.33991163109263206,0.0,0.0,0.0,0.0,0.0,0.402002339652069,0.3013564121386445,0.39520210395523203,0.0,0.3559172242649235,0.0,0.37612195159303563,0.408435059162163,0.0,0.3346778017771639,0.3164170114177274,0.38722163926143616,0.3158368631754552,0.3346076519654854,0.0,0.33138367979203526,0.42970819777688285,0.3362274007698616,0.3816098402690818,0.3913645702093024,0.44525442451891845,0.0,0.0,0.0,0.0,0.0,0.0,0.0,0.0,0.0,0.0,0.0,0.0,0.0,0.0,0.4558034507313826,0.0,0.0,0.0,0.0,0.0,0.0,0.0,0.0,0.4350984537122379,0.0,0.0,0.0,0.0,0.4626896763470656,0.0,0.0,0.5134612159698371,0.0,0.0,0.0,0.508758907677186,0.43375103419494987,0.4771622808968563,0.0,0.0
0.36760728883307686,0.3817679124322141,0.4727095777191084,0.0,0.44374295946677167,0.4577834411169976,0.40571678419760887,0.4510101686626859,0.4655399924574418,0.3201247657437648,0.473840874844163,0.33458614753616167,0.39041784944894736,0.4512585839892568,0.4014967230051331,0.3540072770795793,0.3371622346827355,0.3748056552479696,0.47354261167323186,0.35744356610329026,0.4169414042470059,0.3727704108152781,0.42535493470011276,0.3620673736858604,0.37873926299444877,0.3817098258975165,0.40076333325830044,0.37159815714051186,0.3504394464436846,0.33138367979203526,0.0,0.4074777956282237,0.3283307670262168,0.30134379756991864,0.32149117304994124,0.39631083353184665,0.3003875863467369,0.2769155973010359,0.5235063454038221,0.0,0.5353069389053443,0.0,0.0,0.0,0.0,0.0,0.44381142061103623,0.44348363825044435,0.0,0.0,0.5497964885096713,0.38757676765074744,0.47298465945257906,0.41129140093568806,0.5074699114554164,0.0,0.5143189123564282,0.40450801384455,0.0,0.47916852008082417,0.4451696857856349,0.4005216148640773,0.4384970590438553,0.0,0.4759231722239733,0.45262108269459184,0.4495214028190793,0.5300035324826055,0.0,0.4572676867581564,0.47186877628046486,0.5237209995548598,0.48976671915217357,0.5047171435099127,0.0,0.48092951400432715
0.44944495283506036,0.4451172879527683,0.45838139966282077,0.30780275550081704,0.36611577746143475,0.4377628427594696,0.3819237585566114,0.3561181968313,0.4429353775742168,0.37348639445225407,0.4243223283232897,0.24991344784967706,0.38806123486873817,0.28164049620668186,0.4252474600700937,0.4495928488201405,0.44460416900622945,0.4544855978350413,0.4383532050085152,0.4388647060045636,0.4443491146990052,0.44217926155008236,0.41325427454472113,0.2851436520769937,0.439533401582963,0.4396178343777458,0.42369341183559184,0.37583086085634737,0.3989183658892997,0.42970819777688285,0.4074777956282237,0.0,0.34033898813683605,0.4086841377428211,0.40385452267517097,0.30620242969239775,0.32626657402019743,0.2584880642183941,0.3020499302911018,0.2891040312332644,0.33736419593712874,0.3483291347463634,0.2678699578725028,0.25806265126423195,0.2647532393462928,0.4787080643850779,0.49299790086148015,0.4718857684316834,0.21362957638156244,0.34775894139930696,0.46862712400935735,0.2977523052362003,0.45062066311924315,0.3769153941221094,0.2795759805659661,0.4082412539973129,0.29654217661011545,0.39074986163605196,0.3908979262217169,0.5032335692722565,0.522096272033894,0.4379007153489872,0.4610565264387937,0.3955666875475746,0.4878627823591248,0.4644790015988212,0.47892888909861325,0.5176348453654742,0.0,0.48568728691295204,0.502235259294413,0.504719618464467,0.3582291895701676,0.4941929492354699,0.4993313856161783,0.42190704541748986
0.374043827235002,0.3876278370565324,0.3554787429668598,0.28321616986310394,0.38542922401415525,0.41288986774550934,0.4118925155832295,0.5049642104455198,0.39344413593141203,0.33495438916403536,0.3696399716688641,0.2836165947216078,0.37794738904904607,0.0,0.3950991125742755,0.37005142402689867,0.3521670493384052,0.3476141979730836,0.37304385878817015,0.40547735723575146,0.4102252742551248,0.38032347829202234,0.3790999379077193,0.251079348608217,0.3458339990874724,0.37809865857801267,0.3745611741014954,0.3307818351128017,0.3286317106822587,0.3362274007698616,0.3283307670262168,0.34033898813683605,0.0,0.23636740161032516,0.3617591420846782,0.3178234100982841,0.24812019858245735,0.1926678298988705,0.28133101566052643,0.2352372168374807,0.2724237153910135,0.3101413128990392,0.238157972292863,0.2409181917367123,0.20924909585626894,0.4473246828924748,0.46905784820612856,0.0,0.0,0.0,0.4288876271278414,0.30347280257418574,0.0,0.3288906418004495,0.3793376566566893,0.0,0.39229995976728804,0.3136993480004181,0.0,0.5047615732035448,0.45442199651806425,0.39170364254618817,0.40256715102303114,0.0,0.462890594862502,0.0,0.4623014629426102,0.49809118566322563,0.3854940434725447,0.41795230262850114,0.4455598062002498,0.0,0.24787376535737102,0.3937907094570804,0.0,0.42997846679338
0.3834721359788072,0.3935531479824297,0.4766517629879297,0.2392171426339107,0.4215003395063321,0.4706251308787827,0.3857704471664239,0.4499573958373601,0.46090315159936257,0.33725333486436,0.46344508360167047,0.25651244387914135,0.40613231936468797,0.3990184447164947,0.4231124795919812,0.3789877468825224,0.3706550112712845,0.38275714184834975,0.4581885841599236,0.41384282108871956,0.4211233284318265,0.41007912142949876,0.4429072188548467,0.24926346645189093,0.37334959753510105,0.38511996364928536,0.4349922915774355,0.345932246746159,0.4048906267238419,0.3816098402690818,0.30134379756991864,0.4086841377428211,0.23636740161032516,0.0,0.3590568091997199,0.37682432586234166,0.25539097284707346,0.2108295747677378,0.3347158301158887,0.276954062204589,0.3214878466583194,0.3478826599212341,0.2955801903145978,0.2642904637405758,0.2743862551834277,0.44882757553379793,0.47337907518594785,0.32449186298066124,0.20112976149832756,0.30792864066392545,0.48213960438029896,0.2654833628938499,0.47679752436038586,0.31941421599139264,0.332973223126258,0.35964705522112494,0.3221778671189802,0.33105927530020124,0.3197989130375226,0.5011987277913051,0.46309499021252465,0.0,0.45533400788127343,0.3265082807957107,0.49398131731572076,0.4672238973010446,0.4815035207105222,0.5325657470681743,0.44017378018746345,0.45110933805860726,0.486214487551734,0.5268156080873722,0.34212409992922943,0.510488965901845,0.4847912609541101,0.30973639488296184
0.4193536656239991,0.48528594855547846,0.46802821165772285,0.2914212093331488,0.3971930295553168,0.47000395056234606,0.3743892754581679,0.0,0.4639935410032972,0.3387787112979595,0.43775808872765,0.311947113312992,0.38011836721229636,0.0,0.4798266550121044,0.4271703358437891,0.3919989426875216,0.41887392588725214,0.45816290757300054,0.4784654190316915,0.4826910406383223,0.48896433703686015,0.43497262724425356,0.3910084048579078,0.4124020708069585,0.44246742882800216,0.4457118038038794,0.3467420923960146,0.44461449881924486,0.3913645702093024,0.32149117304994124,0.40385452267517097,0.3617591420846782,0.3590568091997199,0.0,0.4530211096813013,0.3409010827266567,0.29160117500848526,0.32798893684150454,0.29074725023148973,0.3402266269047108,0.3703474820274976,0.2853989389331338,0.286661632132839,0.3152379268526709,0.0,0.5117881794054757,0.3556704554242748,0.2590063511477234,0.37862717528198253,0.38021807158223064,0.3283283895360335,0.0,0.35011906840830165,0.30028845673189836,0.3863203737682724,0.0,0.3314152282637883,0.31898165657293315,0.5368697140545784,0.48537092611690386,0.0,0.0,0.3831848392256231,0.4972882881936298,0.0,0.4896288588464077,0.48860147689076094,0.0,0.4587439463008726,0.5125270503521571,0.4643207138983883,0.2891106108466191,0.4936994020994804,0.4632454799685302,0.0
