0,1,2,3,4,5,6,7,8,9,10,11,12,13,14,15,16,17,18,19,20,21,22,23,24,25,26,27,28,29,30,31,32,33,34,35,36,37,38,39,40,41,42,43,44,45,46,47,48,49,50,51,52,53,54,55,56,57,58,59,60,61,62,63,64,65,66,67,68,69,70,71,72,73,74,75
0.0,0.43471726477090117,0.0,0.0,0.0,0.37993488876721215,0.3185899493744926,0.5237666014150373,0.0,0.42751403853700465,0.0,0.4295074842196178,0.36072933546529734,0.0,0.3944046768993827,0.42408331477624134,0.4016973173473277,0.4171432096959107,0.0,0.43542135785210856,0.42640173333377285,0.43008997755826855,0.47334303706461905,0.40575853127017864,0.40871485459233703,0.40658258199115743,0.41525138172629505,0.42567801709330055,0.455812881203537,0.0,0.39015757465511486,0.42575485892257825,0.37872567538575275,0.38730772320854745,0.40681744359760386,0.0,0.0,0.3935291451525871,0.46526399026123094,0.456951693649321,0.4602833348984137,0.0,0.0,0.0,0.0,0.40816619162263784,0.4981778512903353,0.0,0.0,0.0,0.0,0.0,0.0,0.0,0.4741280324271221,0.0,0.5016281810338081,0.0,0.0,0.513996712090106,0.4771604205625892,0.4204357176481761,0.4610529721978031,0.0,0.0,0.0,0.48683542916974787,0.0,0.0,0.4895398787787519,0.49576607500027026,0.0,0.0,0.0,0.0,0.4304568212342038
0.43471726477090117,0.0,0.0,0.0,0.3737307759296912,0.3961177598595451,0.3997737105955791,0.46568768729300714,0.35415436598138267,0.3431370006979119,0.0,0.0,0.41452185563100397,0.0,0.43125159101627475,0.4285797487425922,0.40486672891770664,0.428224873927092,0.0,0.42583360593495395,0.4437900034690382,0.4263684395283108,0.44292545713983905,0.0,0.4124806604616649,0.40060016527318415,0.42342866852758065,0.432560823476565,0.4147149291041766,0.0,0.38684411753900716,0.42454819874746325,0.3819171117625606,0.39461404858062327,0.45552352609847485,0.324259633599314,0.0,0.0,0.46988216506483044,0.4505784758490205,0.4626906550279924,0.5075202747484557,0.0,0.0,0.0,0.47578823681090854,0.4832156518406384,0.0,0.0,0.0,0.44258049263144833,0.36013783822866086,0.0,0.0,0.0,0.0,0.0,0.342746210608482,0.0,0.5085496424384932,0.474695734454216,0.39429089033551024,0.47301863508666947,0.0,0.47025869556679334,0.5045368958452913,0.49219720844231807,0.4768391444387231,0.0,0.47855430624649165,0.506664751294203,0.4801400533213904,0.35686139997485716,0.4543113816153054,0.0,0.4559614678499009
0.0,0.0,0.0,0.36683003851821455,0.4351303789101953,0.46003528734002896,0.46173402735108016,0.5282927230257136,0.3414167050064795,0.0,0.42293549401075337,0.0,0.4690205726930987,0.45749647214769595,0.0,0.0,0.0,0.0,0.3681255146531459,0.0,0.0,0.0,0.3880856683549795,0.0,0.0,0.0,0.3966626919236738,0.48450635800274444,0.0,0.0,0.4867007659974876,0.4780299546627011,0.0,0.49584076112225395,0.4930550290335531,0.4494493404249633,0.45756099554250557,0.37179032798861256,0.5693911879418463,0.0,0.0,0.0,0.550467921546144,0.0,0.0,0.0,0.0,0.48716199399468896,0.0,0.5643399465404803,0.5943730409576033,0.5736367800881412,0.5887705828752365,0.6017800152329671,0.0,0.5955439069391644,0.0,0.5341324154275414,0.5763458899376213,0.0,0.0,0.0,0.0,0.5358139915904083,0.0,0.0,0.0,0.5960953665815407,0.0,0.0,0.0,0.6321379900697002,0.48897385196811793,0.4141274086188377,0.0,0.5291998222761575
0.0,0.0,0.36683003851821455,0.0,0.2442634788264349,0.40896119279315996,0.26081970518252484,0.3017576105735566,0.42311938850802416,0.0,0.37353481486562745,0.26817715808108894,0.316792662167607,0.2674883021382238,0.0,0.0,0.0,0.0,0.4295378361334747,0.0,0.0,0.0,0.3940693669327939,0.0,0.0,0.0,0.41745517854754594,0.2591568127040532,0.0,0.0,0.0,0.2775406786900222,0.0,0.2861719555099671,0.2864945682574023,0.20754609151866432,0.19989620322482107,0.0,0.24916543330130686,0.0,0.0,0.0,0.0,0.2594414104141988,0.0,0.0,0.0,0.0,0.0,0.0,0.0,0.0,0.0,0.0,0.0,0.0,0.0,0.0,0.0,0.0,0.0,0.0,0.0,0.0,0.0,0.0,0.0,0.32425125548293315,0.0,0.0,0.0,0.0,0.0,0.0,0.0,0.0
0.0,0.3737307759296912,0.4351303789101953,0.2442634788264349,0.0,0.4098960775300875,0.35403117176141996,0.43338475781594626,0.3681327386656967,0.4772390998732385,0.36997316636823957,0.4142044245401299,0.39483709060540384,0.29106040107516795,0.0,0.42714754299043656,0.4305202130420443,0.4129432955981285,0.40257544943203355,0.4437014356791288,0.0,0.45276321335515246,0.4272805751850531,0.40509177513881356,0.3801555412851173,0.3336872407113361,0.4269709996847569,0.3781696861416598,0.446360361841164,0.0,0.45864547773614517,0.3790460001669437,0.38272742692661865,0.4429806084422822,0.42099190756241706,0.2167734170291679,0.2214799323664291,0.38743715320462085,0.4454462441004532,0.0,0.393825006411171,0.32001480358111417,0.4695117435086922,0.0,0.0,0.0,0.0,0.5825830059036511,0.0,0.4720087703659323,0.510972815121387,0.43414296466661956,0.4992320130622214,0.5163826492656174,0.0,0.4965806678235942,0.0,0.38648817256377765,0.0,0.0,0.0,0.0,0.0,0.5479299582160455,0.0,0.0,0.0,0.5493885730238864,0.0,0.0,0.0,0.5640399477026454,0.39814254189797027,0.3873764282985543,0.0,0.40880379296891656
0.37993488876721215,0.3961177598595451,0.46003528734002896,0.40896119279315996,0.4098960775300875,0.0,0.4382816731635123,0.46685168881859235,0.38267810817868747,0.5059990472038278,0.4073545637932364,0.40171811999308127,0.4095861096833904,0.45784493147482846,0.42746172234321583,0.42120158206407454,0.3712681516078936,0.4560247035884821,0.4342990652678304,0.4115498939096037,0.3987416117370708,0.4288215345708668,0.44406786035436996,0.0,0.38490723764653345,0.4179181941676525,0.43290095276179164,0.39667678968997444,0.35379938789966775,0.42954006258884714,0.4584879216977974,0.4121015962359506,0.37590545976888967,0.46195544229141067,0.45794049480340776,0.4475392241657899,0.44316698700306206,0.40950866916954903,0.4783351084733186,0.3637285087186928,0.5122875155256491,0.39084924194503656,0.4637591432630399,0.29465883318219976,0.0,0.0,0.36458867084077096,0.5891227718769216,0.0,0.49288508549964216,0.5482291745813009,0.5411430369584149,0.5189699710676241,0.5689582186002557,0.0,0.5402069675606513,0.0,0.5279461156549511,0.0,0.46152834947476135,0.31715688749623505,0.0,0.0,0.5823458356218582,0.4507746581764915,0.4134840763948169,0.44733089612167276,0.5453401934597532,0.0,0.0,0.42054907410510095,0.5657312517089684,0.5398698823121552,0.4904009836217567,0.0,0.5297901829754195
0.3185899493744926,0.3997737105955791,0.46173402735108016,0.26081970518252484,0.35403117176141996,0.4382816731635123,0.0,0.45860925840293687,0.42150661400035433,0.5247310050916962,0.4337042707819829,0.41584799803857586,0.36677243544565513,0.2924003669490006,0.0,0.49062338119093024,0.4424949242198811,0.47288916809834514,0.45476696624527335,0.45346592695643495,0.3978248425708145,0.470839446298912,0.447112680047224,0.4190592067638671,0.3805449620402213,0.3938173092307056,0.45528313461553993,0.3501465708477379,0.4587579612914648,0.0,0.40161325499138295,0.3942225468772405,0.3965638772185609,0.4054390420450603,0.4059421396877805,0.26349748224137626,0.3029806307271477,0.4025292536555345,0.4155003839742736,0.44160988559345427,0.3854420287521504,0.4001280639480572,0.43560337867568144,0.3990314518703427,0.0,0.0,0.3367465398426578,0.5254518288741342,0.0,0.4174933188017863,0.5170723625029252,0.4319609275568391,0.4585669088124781,0.4725923383435775,0.0,0.4080365821866985,0.0,0.4028557274587199,0.0,0.370870942386384,0.0,0.0,0.0,0.4816018159083474,0.39047334198005085,0.0,0.3466940281547908,0.5325041231202784,0.0,0.0,0.3378359168005216,0.5641709250545874,0.4055729743156158,0.39822924201378024,0.0,0.3926651569345796
0.5237666014150373,0.46568768729300714,0.5282927230257136,0.3017576105735566,0.43338475781594626,0.46685168881859235,0.45860925840293687,0.0,0.5202511661616067,0.4778475481090191,0.36868131456424347,0.458473436685212,0.45835762864115004,0.3504638923612624,0.0,0.47684368892758966,0.3619807131571117,0.48334566395747397,0.5283528688687369,0.40704888666266403,0.3994183762846728,0.41956754628867365,0.4043837159081832,0.5366180516645862,0.4949429926619518,0.5089011552403241,0.4902258653177827,0.445760582499466,0.39262036709975356,0.39492923694329723,0.44592228648378845,0.3876145155702713,0.4809711416602038,0.45133558351486447,0.45320454985933545,0.27663042149098316,0.42958360643660837,0.3999316767403953,0.4857162497205452,0.0,0.5228772433582141,0.5171742879373765,0.45254067968014267,0.0,0.0,0.0,0.0,0.5717683018997882,0.0,0.48212051561253033,0.5145366928341422,0.4943370999354175,0.404943689084169,0.5484676849748882,0.0,0.47362817615458574,0.0,0.5040569031346811,0.0,0.4910541201876452,0.0,0.0,0.0,0.57688822533207,0.5066970455581368,0.47527743632401387,0.5368076875825527,0.5155463735212631,0.0,0.0,0.4358029327419886,0.5620477474446602,0.5039685033238036,0.5070209565144054,0.0,0.48503256763822794
0.0,0.35415436598138267,0.3414167050064795,0.42311938850802416,0.3681327386656967,0.38267810817868747,0.42150661400035433,0.5202511661616067,0.0,0.5046515929036933,0.3792860900050789,0.425550475472185,0.4247819594174953,0.4393174088556449,0.0,0.0,0.3818950817475302,0.3717679713654403,0.3367158484377192,0.41254622772223337,0.0,0.4477017413859346,0.4469427595097762,0.4478583666052346,0.40765270249292634,0.4317358973779529,0.398640880285721,0.46287103623877773,0.4552270350033283,0.451152346363055,0.4803211238842497,0.44051112912451734,0.41316298518060757,0.4768762291666876,0.4594857826985108,0.43702544641321606,0.45845881279317785,0.4388712575756776,0.5486165325719891,0.0,0.39796868536363716,0.30862222863790667,0.5069239082356979,0.3181978040438118,0.0,0.0,0.0,0.5983138018912261,0.0,0.5049380941354081,0.5602170420188175,0.5178747262941421,0.5434126011606041,0.5778884499675152,0.0,0.5312817773719442,0.0,0.4864982540227224,0.0,0.0,0.0,0.0,0.0,0.5890311179739506,0.0,0.0,0.0,0.5734879242529626,0.0,0.0,0.0,0.5795279657518023,0.4652463791784509,0.4041096808911483,0.0,0.43228481963960386
0.42751403853700465,0.3431370006979119,0.0,0.0,0.4772390998732385,0.5059990472038278,0.5247310050916962,0.4778475481090191,0.5046515929036933,0.0,0.468528183473674,0.3486792833253815,0.45266758574060056,0.0,0.0,0.4018343306450761,0.3888793348450159,0.42769407837696816,0.4737343060091984,0.327540240201719,0.4719266126830235,0.36044672866461924,0.47769207667259933,0.3754219622735511,0.3910848965441091,0.40244629670326226,0.4345807969587079,0.44893724237497556,0.35658330478944733,0.0,0.38020436157186355,0.41935285403679634,0.3521598486924359,0.3461641146840333,0.3887750105266543,0.4440805288006956,0.0,0.29626478672594836,0.46649488860989485,0.41708485251155264,0.43072596147701114,0.0,0.0,0.0,0.39059606878608555,0.4728048499851134,0.3788963141749939,0.0,0.0,0.0,0.0,0.0,0.0,0.0,0.5147623985893782,0.0,0.5227800267890902,0.45669554708338755,0.0,0.0,0.3947218634272107,0.521977975586378,0.4654882744201614,0.0,0.0,0.0,0.0,0.0,0.5127877463860702,0.49416946237649595,0.524404337044999,0.0,0.46924108257951724,0.0,0.0,0.46315181236626357
0.0,0.0,0.42293549401075337,0.37353481486562745,0.36997316636823957,0.4073545637932364,0.4337042707819829,0.36868131456424347,0.3792860900050789,0.468528183473674,0.0,0.42483610863405996,0.44262286492696273,0.32647298981329587,0.0,0.0,0.40091430278810136,0.38715485281143885,0.3519491550253259,0.0,0.0,0.0,0.3919024337740631,0.4301077569565347,0.3925919768741932,0.36153895411781634,0.446345962406971,0.4410623862192382,0.0,0.0,0.47850275996782365,0.3842872483223598,0.4055915086085113,0.46679132896539033,0.4353346153583569,0.332639024835663,0.43897923576240877,0.42242878431635755,0.4624166846827983,0.0,0.3600495727980083,0.32456684831316135,0.45639219962507194,0.0,0.0,0.0,0.0,0.5813484988390105,0.0,0.5297711608497468,0.5427294446817742,0.5077575487593838,0.5008930331058615,0.5769626503796054,0.0,0.3471614062441159,0.0,0.4439409329294544,0.0,0.0,0.0,0.0,0.0,0.6220802934624542,0.0,0.0,0.0,0.5536053226086226,0.0,0.0,0.0,0.5711171137393705,0.4432446677851014,0.0,0.0,0.4574089579460301
0.4295074842196178,0.0,0.0,0.26817715808108894,0.4142044245401299,0.40171811999308127,0.41584799803857586,0.458473436685212,0.425550475472185,0.3486792833253815,0.42483610863405996,0.0,0.49086292596232506,0.0,0.36364543668590216,0.0,0.41663861182568035,0.421978171497906,0.394099676244172,0.3402551353688567,0.4503292726932061,0.0,0.4470374528792247,0.3356613148239909,0.41005024809381896,0.35121831578153545,0.0,0.4473361433656662,0.37121794012461823,0.0,0.3810145143681618,0.24932278709510897,0.3366829784263717,0.2845588739957253,0.3586753903932802,0.31922276132816496,0.30820745233709224,0.2541070591424225,0.25660890608701414,0.43743693582048565,0.3614569521513815,0.35282491666705795,0.32014836970529437,0.2979461480454579,0.4168289979489348,0.45121820970094256,0.0,0.0,0.21924140080557103,0.0,0.43478417367295996,0.0,0.0,0.0,0.5129377952193461,0.3733968858205551,0.517606250000819,0.3945167992903854,0.0,0.0,0.0,0.5327435797726553,0.4426993606474401,0.3179741456942768,0.3740502555926676,0.3717462680951229,0.4145869970722509,0.0,0.514047866914709,0.503783396583064,0.527783105083453,0.0,0.29891042454486677,0.0,0.0,0.47945338016321654
0.36072933546529734,0.41452185563100397,0.4690205726930987,0.316792662167607,0.39483709060540384,0.4095861096833904,0.36677243544565513,0.45835762864115004,0.4247819594174953,0.45266758574060056,0.44262286492696273,0.49086292596232506,0.0,0.3459409060417942,0.40317632804778414,0.48287007846698743,0.49155911750933456,0.4967489223489872,0.46747711541551823,0.4481723209669182,0.44281559603373777,0.4729907534429332,0.44570603938981146,0.49198739961147775,0.43191101912637064,0.44248027610154084,0.44762665151593306,0.35855576845278947,0.41858571706128583,0.36064401688211517,0.4075548105956785,0.3860120752662813,0.42299217955651336,0.41114614526926657,0.38239747298557186,0.3344768101615622,0.3472862750335669,0.41776677213580593,0.4357228360851019,0.37707569004706354,0.35292561710105436,0.29891939195588657,0.417790234537759,0.2630419718459276,0.0,0.0,0.3072567615051761,0.5288440506895575,0.0,0.3873873050208784,0.5591772470164172,0.43710339702591305,0.5050261101517989,0.46501252426722967,0.4282790422863968,0.46519624141980187,0.41445678320273427,0.42927697904949774,0.0,0.38138539296326857,0.0,0.0,0.0,0.48527294684539934,0.463537202035678,0.0,0.337442170401708,0.5239509150491395,0.5314981151170487,0.3837544901827694,0.38399246564827527,0.5426936437863261,0.4271659395566263,0.48149953842655163,0.0,0.4160909542719978
0.0,0.0,0.45749647214769595,0.2674883021382238,0.29106040107516795,0.45784493147482846,0.2924003669490006,0.3504638923612624,0.4393174088556449,0.0,0.32647298981329587,0.0,0.3459409060417942,0.0,0.0,0.0,0.0,0.0,0.4199708632109752,0.0,0.0,0.0,0.3901517383615937,0.4555112690232227,0.0,0.0,0.4791971370414482,0.25742305258347226,0.0,0.0,0.0,0.28597912439366807,0.0,0.0,0.0,0.2186993738113006,0.1769594760538031,0.0,0.0,0.0,0.0,0.0,0.0,0.0,0.0,0.0,0.0,0.5931941791884989,0.0,0.0,0.0,0.0,0.0,0.5376313520798794,0.0,0.46478612138809,0.0,0.0,0.0,0.0,0.0,0.0,0.0,0.0,0.0,0.0,0.0,0.5187192062658336,0.0,0.0,0.0,0.527076844629279,0.0,0.0,0.0,0.0
0.3944046768993827,0.43125159101627475,0.0,0.0,0.0,0.42746172234321583,0.0,0.0,0.0,0.0,0.0,0.36364543668590216,0.40317632804778414,0.0,0.0,0.42348638768161656,0.37224792903941284,0.4202507762745284,0.0,0.35712051673715095,0.3682521899781198,0.37236411094464866,0.3419927936801496,0.4815873297410982,0.4119966643996801,0.3963996665363905,0.3984541296822557,0.41539434928094376,0.40179217229228464,0.0,0.40318436915285166,0.42220112620572936,0.3793257631259661,0.41868317657898485,0.4677404643668104,0.549618560903048,0.0,0.0,0.48174862723019274,0.4874958617556097,0.4773848940319775,0.5050270315116534,0.0,0.0,0.0,0.0,0.5153502747122256,0.0,0.0,0.0,0.4751269800427696,0.0,0.5074519283173196,0.0,0.0,0.0,0.0,0.4160802433954827,0.0,0.4975563905815899,0.4671320781552426,0.0,0.3602908983569586,0.0,0.4855803961947092,0.466506152791369,0.4990516326894531,0.4964111129376748,0.0,0.0,0.5589897963883738,0.49872779276501855,0.4721435791827005,0.48191164041797385,0.4669100578685761,0.4515108734583684
0.42408331477624134,0.4285797487425922,0.0,0.0,0.42714754299043656,0.42120158206407454,0.49062338119093024,0.47684368892758966,0.0,0.4018343306450761,0.0,0.0,0.48287007846698743,0.0,0.42348638768161656,0.0,0.4351357646176665,0.361380486897388,0.0,0.4357198095729682,0.4310729883576347,0.422564004434353,0.4519155701961365,0.0,0.42728182451226815,0.44378583619335105,0.4400962886731268,0.4741182951842273,0.4471399705678317,0.4143910688476414,0.3998602306860801,0.441387275658524,0.3999256282226499,0.40140991355552486,0.4539473815121301,0.0,0.0,0.0,0.46286146121809857,0.4400637683358299,0.45015830099371873,0.4886357868662125,0.0,0.0,0.0,0.46121196842182893,0.4784951248325352,0.0,0.0,0.0,0.34112042819837096,0.0,0.0,0.0,0.0,0.0,0.0,0.3655721997613754,0.0,0.4866591466258507,0.46581497646249165,0.0,0.4486983105163015,0.0,0.4729742163098526,0.0,0.480501773396991,0.39294001766208775,0.0,0.4675907181456691,0.4922796428457614,0.0,0.0,0.4403406564676006,0.0,0.44254310242821515
0.4016973173473277,0.40486672891770664,0.0,0.0,0.4305202130420443,0.3712681516078936,0.4424949242198811,0.3619807131571117,0.3818950817475302,0.3888793348450159,0.40091430278810136,0.41663861182568035,0.49155911750933456,0.0,0.37224792903941284,0.4351357646176665,0.0,0.40719865637573205,0.4010174725812331,0.37040050307298206,0.0,0.40326700389501957,0.3809651126509382,0.4379477479989886,0.40269987479704117,0.4467392697705786,0.35852938913897164,0.462547274722731,0.3615059218924648,0.0,0.3983585085781513,0.4409548583838394,0.386489522682555,0.4090343577197154,0.42857121433820833,0.4789990916605914,0.0,0.3788941198346536,0.3976717653126124,0.4178270574473289,0.45179231742970105,0.0,0.0,0.0,0.0,0.44127027220837944,0.4126568467812965,0.0,0.0,0.0,0.0,0.0,0.0,0.0,0.5120883272339376,0.0,0.5528973257236631,0.0,0.0,0.0,0.0,0.4906986496605051,0.467688399189913,0.0,0.0,0.0,0.0,0.0,0.5121785796286635,0.4756983911277032,0.5010240594638908,0.0,0.0,0.0,0.0,0.44315690483555725
0.4171432096959107,0.428224873927092,0.0,0.0,0.4129432955981285,0.4560247035884821,0.47288916809834514,0.48334566395747397,0.3717679713654403,0.42769407837696816,0.38715485281143885,0.421978171497906,0.4967489223489872,0.0,0.4202507762745284,0.361380486897388,0.40719865637573205,0.0,0.3978432378731473,0.4353553010132688,0.43817626701284906,0.43938646353971517,0.4739151710943242,0.43966944303955746,0.39221435716614317,0.4336691416566994,0.4483597660985377,0.4836406360646104,0.4608941868831519,0.4212291725728353,0.4260993203976956,0.4544218974934417,0.3945067119973382,0.41454135136109344,0.48467293888152074,0.0,0.0,0.0,0.4532617767603206,0.4234171558601155,0.4424341987295509,0.4758189753488118,0.0,0.0,0.0,0.4573928733559309,0.46091304399598887,0.0,0.0,0.0,0.0,0.0,0.0,0.0,0.4619283205189078,0.0,0.47099304023735206,0.3481094959709816,0.0,0.4255669573033346,0.4444664354595182,0.45288528987920235,0.44784073793221413,0.0,0.0,0.41297427166359707,0.4749407758366237,0.352423409084472,0.5172392552244233,0.46326370716805676,0.4806647048467243,0.0,0.0,0.0,0.0,0.44668588844397905
0.0,0.0,0.3681255146531459,0.4295378361334747,0.40257544943203355,0.4342990652678304,0.45476696624527335,0.5283528688687369,0.3367158484377192,0.4737343060091984,0.3519491550253259,0.394099676244172,0.46747711541551823,0.4199708632109752,0.0,0.0,0.4010174725812331,0.3978432378731473,0.0,0.0,0.0,0.0,0.4090851895240713,0.0,0.3488011287958847,0.37730095390008955,0.42034439173182103,0.4647256026325268,0.0,0.0,0.49654280532080525,0.4345805291774135,0.42309904090567274,0.5028082713706132,0.4535162288290139,0.41686496664518846,0.452189392321634,0.4042422542720712,0.5281388473757664,0.0,0.4374811940341822,0.31801148282080854,0.5488779315534685,0.3428599656213559,0.0,0.0,0.0,0.63350788532219,0.0,0.5470044773493323,0.5917559171180671,0.5363914268466646,0.5870165697145144,0.5999841514771189,0.0,0.45247941477300174,0.0,0.47771515471491477,0.0,0.0,0.0,0.0,0.0,0.6307437092352554,0.0,0.0,0.0,0.6044731144179674,0.0,0.0,0.0,0.6250665870403942,0.42655236582563627,0.45844970889875614,0.0,0.46756165518254633
0.43542135785210856,0.42583360593495395,0.0,0.0,0.4437014356791288,0.4115498939096037,0.45346592695643495,0.40704888666266403,0.41254622772223337,0.327540240201719,0.0,0.3402551353688567,0.4481723209669182,0.0,0.35712051673715095,0.4357198095729682,0.37040050307298206,0.4353553010132688,0.0,0.0,0.4178606928841229,0.38415240510148624,0.32154743979553696,0.41111973332837926,0.40934804181709883,0.4375695178744755,0.35524430369905247,0.4204884609818697,0.3572794297905974,0.356976183098613,0.38333061178285605,0.4387514834398503,0.38521748694622093,0.41800169145640453,0.4745852191513227,0.4986794825869242,0.4540328406678996,0.0,0.48259694537738795,0.4547298264302804,0.4938202366368124,0.5093351231879146,0.0,0.3129732390346146,0.0,0.0,0.4533746299865831,0.0,0.0,0.0,0.4772185525309537,0.4009761367864493,0.48416906256527337,0.0,0.0,0.0,0.0,0.4251190969752146,0.0,0.49310675090993417,0.37886272789383085,0.0,0.292105204967923,0.0,0.4909151161647431,0.48257731546266736,0.47449662613813814,0.5052408902986257,0.0,0.0,0.49651417831407035,0.4980345117117815,0.4950564369903889,0.5006311026521727,0.41280147232505077,0.4699577717682957
0.42640173333377285,0.4437900034690382,0.0,0.0,0.0,0.3987416117370708,0.3978248425708145,0.3994183762846728,0.0,0.4719266126830235,0.0,0.4503292726932061,0.44281559603373777,0.0,0.3682521899781198,0.4310729883576347,0.0,0.43817626701284906,0.0,0.4178606928841229,0.0,0.43726467046561274,0.40299670581506203,0.4914855020977122,0.43858034176294136,0.4205405169562988,0.41260208152629596,0.4488143956095944,0.4160616698732012,0.0,0.40546200670036125,0.4253945495969753,0.41296299826322075,0.41604221791199025,0.46282732372754126,0.4070971585893108,0.0,0.41468277331865033,0.4649582614940636,0.508694288876451,0.4876200876976095,0.0,0.0,0.0,0.0,0.0,0.51731655110691,0.0,0.0,0.0,0.0,0.0,0.41860766713185643,0.0,0.0,0.0,0.0,0.45407694532770937,0.0,0.5068311392541706,0.4942822319092672,0.0,0.0,0.0,0.44882706568805014,0.37526395544021074,0.5159281734088474,0.4810516926489412,0.0,0.4397068674443727,0.5284181875350952,0.48702921748215017,0.48893434881441533,0.46996560990304836,0.0,0.4187060294112627
0.43008997755826855,0.4263684395283108,0.0,0.0,0.45276321335515246,0.4288215345708668,0.470839446298912,0.41956754628867365,0.4477017413859346,0.36044672866461924,0.0,0.0,0.4729907534429332,0.0,0.37236411094464866,0.422564004434353,0.40326700389501957,0.43938646353971517,0.0,0.38415240510148624,0.43726467046561274,0.0,0.4236753368653221,0.0,0.43012257432501594,0.4324665688925952,0.4324428495701285,0.47121081343748106,0.40927085342384234,0.4261684432131427,0.3929978904655218,0.43255419884825363,0.3939018289737724,0.41599393080458924,0.4714324279588489,0.0,0.4608869186902698,0.3682622454712913,0.46930495397957994,0.47189839704962483,0.47592289546984856,0.5073100834597611,0.0,0.31624258741403155,0.0,0.0,0.49237396583064824,0.0,0.0,0.0,0.4645651534600603,0.33075312333050916,0.0,0.0,0.0,0.0,0.0,0.34592929877818995,0.0,0.5135886120076238,0.48584473758143437,0.32667027580026486,0.35286166145066294,0.0,0.4866637604565298,0.4955352770380267,0.4922946647347987,0.4997317520361459,0.0,0.0,0.5187962694338134,0.5095010821065233,0.4013733104485108,0.48654816029857134,0.0,0.45921451862273205
0.47334303706461905,0.44292545713983905,0.3880856683549795,0.3940693669327939,0.4272805751850531,0.44406786035436996,0.447112680047224,0.4043837159081832,0.4469427595097762,0.47769207667259933,0.3919024337740631,0.4470374528792247,0.44570603938981146,0.3901517383615937,0.3419927936801496,0.4519155701961365,0.3809651126509382,0.4739151710943242,0.4090851895240713,0.32154743979553696,0.40299670581506203,0.4236753368653221,0.0,0.5263279049652747,0.4596231312038685,0.46121256097393826,0.39607578675799004,0.44563970643274176,0.40068140710635397,0.4235131145408814,0.445185163031439,0.41281755989689184,0.40158927287224355,0.45059976029470755,0.4597008632709054,0.40717650889185936,0.44479163873461397,0.4193767740737312,0.49927833514536685,0.4721610294922711,0.5195189840746675,0.5023898435874053,0.4847952116085114,0.43968116297615084,0.0,0.4564359383837929,0.44888455080251954,0.5975073327220284,0.0,0.5290816544783161,0.5369572327353337,0.5360905309840472,0.505524232640619,0.5684266371051433,0.4450755260622028,0.5651431313137015,0.0,0.5233173598601172,0.5161441962632514,0.48601792585387465,0.3691058170288657,0.0,0.0,0.6024411455407832,0.4935716594772654,0.4695519436398636,0.4846687162169485,0.5187046506937186,0.0,0.3651182080306043,0.45947015236692196,0.5437704286058751,0.5172112180960292,0.5010985866259394,0.5039552338232334,0.5110496378003216
0.40575853127017864,0.0,0.0,0.0,0.40509177513881356,0.0,0.4190592067638671,0.5366180516645862,0.4478583666052346,0.3754219622735511,0.4301077569565347,0.3356613148239909,0.49198739961147775,0.4555112690232227,0.4815873297410982,0.0,0.4379477479989886,0.43966944303955746,0.0,0.41111973332837926,0.4914855020977122,0.0,0.5263279049652747,0.0,0.42544910700269567,0.37331562860653517,0.4667795246955809,0.4266319728504162,0.4115463833595078,0.0,0.38477112311180606,0.4219735933626411,0.2636068834966546,0.2765970882184124,0.0,0.0,0.0,0.24759109012949845,0.0,0.39952457068786756,0.4443028087945482,0.0,0.0,0.0,0.37903445233485134,0.434523407592032,0.0,0.0,0.0,0.0,0.0,0.0,0.0,0.0,0.4932213892559672,0.0,0.5116675612391504,0.5039625906363849,0.0,0.0,0.0,0.49233711598661123,0.47391299540062093,0.0,0.0,0.0,0.0,0.0,0.49039270714536665,0.4859961100158865,0.506172580296462,0.0,0.5398728443398331,0.0,0.0,0.539311481775806
0.40871485459233703,0.4124806604616649,0.0,0.0,0.3801555412851173,0.38490723764653345,0.3805449620402213,0.4949429926619518,0.40765270249292634,0.3910848965441091,0.3925919768741932,0.41005024809381896,0.43191101912637064,0.0,0.4119966643996801,0.42728182451226815,0.40269987479704117,0.39221435716614317,0.3488011287958847,0.40934804181709883,0.43858034176294136,0.43012257432501594,0.4596231312038685,0.42544910700269567,0.0,0.40863870873301167,0.43063423625015534,0.4508783012906206,0.40842313517718765,0.0,0.41026531011943507,0.4162552481543458,0.35149738036589445,0.3771326786154992,0.4193363752545826,0.42626741728823925,0.0,0.354262347830823,0.4700896744849173,0.4314602940516093,0.4517021111983595,0.47662129518210067,0.0,0.0,0.39875139737857457,0.45853934114231487,0.47211437034966075,0.0,0.0,0.0,0.0,0.0,0.40322364418786766,0.0,0.49340813042649917,0.0,0.5009604938437104,0.38589783758590185,0.0,0.4671603693140889,0.462693797350459,0.48266370113542917,0.45555436795930915,0.0,0.0,0.45606779172769746,0.5131655738699232,0.3710876310205338,0.48914016198806337,0.47284504240802955,0.48754693204675764,0.0,0.41799974762035186,0.0,0.0,0.4539880471314116
0.40658258199115743,0.40060016527318415,0.0,0.0,0.3336872407113361,0.4179181941676525,0.3938173092307056,0.5089011552403241,0.4317358973779529,0.40244629670326226,0.36153895411781634,0.35121831578153545,0.44248027610154084,0.0,0.3963996665363905,0.44378583619335105,0.4467392697705786,0.4336691416566994,0.37730095390008955,0.4375695178744755,0.4205405169562988,0.4324665688925952,0.46121256097393826,0.37331562860653517,0.40863870873301167,0.0,0.44008989787356156,0.48580850853688906,0.43240236699190654,0.3585983142601326,0.4150854905428728,0.43361903765850085,0.38663731003053886,0.39953803839012025,0.45025098942487085,0.4277928111909185,0.0,0.358511689023824,0.48628313028602294,0.4608140438086178,0.47445623549761745,0.5029321375200839,0.0,0.0,0.41726970884499226,0.46945137961387023,0.4996418146764613,0.0,0.0,0.0,0.46405914532420967,0.36245994428832995,0.0,0.0,0.524529255658191,0.0,0.5363411576074192,0.40831872259800617,0.0,0.5290068018515397,0.48912611578223786,0.49681399284629285,0.4766891086945458,0.0,0.5031480741064602,0.49523280065097863,0.5141775697310155,0.5000140108849138,0.5030704586234149,0.48969779447560435,0.5085169612561327,0.5049433232731355,0.4459671657705391,0.4774773784363206,0.0,0.472391002204369
0.41525138172629505,0.42342866852758065,0.3966626919236738,0.41745517854754594,0.4269709996847569,0.43290095276179164,0.45528313461553993,0.4902258653177827,0.398640880285721,0.4345807969587079,0.446345962406971,0.0,0.44762665151593306,0.4791971370414482,0.3984541296822557,0.4400962886731268,0.35852938913897164,0.4483597660985377,0.42034439173182103,0.35524430369905247,0.41260208152629596,0.4324428495701285,0.39607578675799004,0.4667795246955809,0.43063423625015534,0.44008989787356156,0.0,0.44729684754677207,0.411905371655962,0.41439624885249937,0.4182109845576154,0.4246243342426262,0.3758499250747657,0.44333844685640234,0.4619145886845679,0.4433153237278383,0.4470130625073093,0.38361866773809317,0.48961396847539107,0.45326822370448694,0.5136606145883779,0.48530368254117917,0.47931487256434974,0.3430354097114506,0.0,0.3386169204899293,0.4168456901414035,0.6060338688257809,0.0,0.5212851851665015,0.5474353931461312,0.5393819112406738,0.5293721845535396,0.5831961307205353,0.0,0.5693561391951059,0.0,0.5302179445088383,0.542437588293313,0.48529131603948,0.3481554707263309,0.0,0.31675247675648877,0.6163926799154658,0.4876502046154638,0.47413111119539275,0.47554638075262956,0.5307154949356878,0.0,0.2933232030437447,0.4856069542638681,0.5473244653174618,0.5177459451724004,0.49763627817374617,0.48786155177573076,0.4926181385381591
0.42567801709330055,0.432560823476565,0.48450635800274444,0.2591568127040532,0.3781696861416598,0.39667678968997444,0.3501465708477379,0.445760582499466,0.46287103623877773,0.44893724237497556,0.4410623862192382,0.4473361433656662,0.35855576845278947,0.25742305258347226,0.41539434928094376,0.4741182951842273,0.462547274722731,0.4836406360646104,0.4647256026325268,0.4204884609818697,0.4488143956095944,0.47121081343748106,0.44563970643274176,0.4266319728504162,0.4508783012906206,0.48580850853688906,0.44729684754677207,0.0,0.37517713722846024,0.321752769241245,0.3964030611307757,0.38865827630145205,0.3937663559859401,0.37606571587371396,0.36513378443846717,0.2559600113209575,0.2768776950967212,0.3920803250918935,0.4404882849058103,0.38923597053862075,0.4076160181528813,0.342122695304766,0.3915458249915315,0.23981049681064964,0.0,0.0,0.33082717609272316,0.46669964439008527,0.0,0.36486965700547086,0.5307825018330189,0.4075528091527591,0.5136995742396556,0.41267137612181576,0.4530743301241551,0.3948557385360499,0.4468071635277141,0.43406060730115936,0.0,0.46275889981924856,0.0,0.0,0.0,0.4174870292317479,0.4872132027276995,0.47300291578336073,0.0,0.5145364683919286,0.0,0.3909467318463767,0.4318902824069659,0.5134888915663915,0.45029763953578,0.5080997245675711,0.0,0.47084284138398
0.455812881203537,0.4147149291041766,0.0,0.0,0.446360361841164,0.35379938789966775,0.4587579612914648,0.39262036709975356,0.4552270350033283,0.35658330478944733,0.0,0.37121794012461823,0.41858571706128583,0.0,0.40179217229228464,0.4471399705678317,0.3615059218924648,0.4608941868831519,0.0,0.3572794297905974,0.4160616698732012,0.40927085342384234,0.40068140710635397,0.4115463833595078,0.40842313517718765,0.43240236699190654,0.411905371655962,0.37517713722846024,0.0,0.34745841971301794,0.36250688671729764,0.4059982133785,0.33813062006349054,0.4084181339753115,0.4568637025181228,0.365048388187718,0.4254361427569002,0.0,0.47169649241740014,0.4352387276455611,0.4919003352310477,0.4747132674565113,0.3674432626432714,0.36981676923391504,0.0,0.0,0.42975421374051215,0.4428674504916569,0.0,0.3881758590518143,0.5072354413832654,0.40431037039903905,0.46802921392730923,0.4246320635662675,0.0,0.0,0.0,0.48066655917810264,0.0,0.47997200247118627,0.37190790683780695,0.0,0.0,0.0,0.4885258514484774,0.475364024351825,0.46979757203575384,0.5032089729073851,0.0,0.27235579770894536,0.41908357340049013,0.4976189332959423,0.506806359760928,0.4915238209016923,0.4615752261452146,0.476287876736589
0.0,0.0,0.0,0.0,0.0,0.42954006258884714,0.0,0.39492923694329723,0.451152346363055,0.0,0.0,0.0,0.36064401688211517,0.0,0.0,0.4143910688476414,0.0,0.4212291725728353,0.0,0.356976183098613,0.0,0.4261684432131427,0.4235131145408814,0.0,0.0,0.3585983142601326,0.41439624885249937,0.321752769241245,0.34745841971301794,0.0,0.33452054904345707,0.4101036904547421,0.3402465188915238,0.3848805546269212,0.4302334018830368,0.0,0.0,0.0,0.0,0.0,0.0,0.0,0.0,0.0,0.0,0.0,0.0,0.0,0.0,0.0,0.4960821862891541,0.0,0.0,0.0,0.0,0.0,0.0,0.3499164278093554,0.0,0.0,0.0,0.0,0.0,0.0,0.49435006372577517,0.0,0.0,0.49782237890002323,0.0,0.0,0.0,0.49491714262744746,0.42320813474335384,0.47235349268951543,0.0,0.4294596954532467
0.39015757465511486,0.38684411753900716,0.4867007659974876,0.0,0.45864547773614517,0.4584879216977974,0.40161325499138295,0.44592228648378845,0.4803211238842497,0.38020436157186355,0.47850275996782365,0.3810145143681618,0.4075548105956785,0.0,0.40318436915285166,0.3998602306860801,0.3983585085781513,0.4260993203976956,0.49654280532080525,0.38333061178285605,0.40546200670036125,0.3929978904655218,0.445185163031439,0.38477112311180606,0.41026531011943507,0.4150854905428728,0.4182109845576154,0.3964030611307757,0.36250688671729764,0.33452054904345707,0.0,0.4000385414220525,0.3426549976186219,0.27994598068378324,0.2422311408783114,0.4529131505714935,0.39503200022879686,0.33134619967228646,0.47838428632191066,0.4124585883402956,0.43639523143206266,0.0,0.43416009934733013,0.0,0.0,0.42660974728637824,0.44923835575284593,0.0,0.0,0.38983852096937094,0.5236209342554413,0.38354764509125117,0.49388625859328716,0.3781791881002653,0.46842481385741774,0.0,0.4797535466598233,0.4038611929114114,0.0,0.4819288587512918,0.43915380274553567,0.47196561230532486,0.44832267818509586,0.0,0.4807064925700837,0.0,0.45994020226434906,0.519887871185845,0.495941912706866,0.46964298565352386,0.47407053083873835,0.5096120278572883,0.48405796307461185,0.5086411372571333,0.0,0.4193262113264265
0.42575485892257825,0.42454819874746325,0.4780299546627011,0.2775406786900222,0.3790460001669437,0.4121015962359506,0.3942225468772405,0.3876145155702713,0.44051112912451734,0.41935285403679634,0.3842872483223598,0.24932278709510897,0.3860120752662813,0.28597912439366807,0.42220112620572936,0.441387275658524,0.4409548583838394,0.4544218974934417,0.4345805291774135,0.4387514834398503,0.4253945495969753,0.43255419884825363,0.41281755989689184,0.4219735933626411,0.4162552481543458,0.43361903765850085,0.4246243342426262,0.38865827630145205,0.4059982133785,0.4101036904547421,0.4000385414220525,0.0,0.33760234077392537,0.3952040845217636,0.3886282420467397,0.28360420818005777,0.32019541652210043,0.25182558023832774,0.3263707901281957,0.3038991844287585,0.3445189053206459,0.3380114872505345,0.3140673657966078,0.2768005802112092,0.2823221928630163,0.43290932857720565,0.47788047670163186,0.5701703153951603,0.0,0.4278030292053674,0.5018542020051997,0.45668806570608705,0.4809868709863561,0.5364684827628313,0.0,0.441705551590734,0.2803236039378076,0.5276819347682428,0.47011362449236777,0.5021129791812037,0.43968649177548985,0.0,0.42753213629941156,0.4907568518611089,0.4933501314262401,0.4978335447899202,0.4792233099514045,0.5078552205325897,0.0,0.47752448638522277,0.4742362940748581,0.5124406347505734,0.39237300694667054,0.49216075318797153,0.0,0.4888347556861437
0.37872567538575275,0.3819171117625606,0.0,0.0,0.38272742692661865,0.37590545976888967,0.3965638772185609,0.4809711416602038,0.41316298518060757,0.3521598486924359,0.4055915086085113,0.3366829784263717,0.42299217955651336,0.0,0.3793257631259661,0.3999256282226499,0.386489522682555,0.3945067119973382,0.42309904090567274,0.38521748694622093,0.41296299826322075,0.3939018289737724,0.40158927287224355,0.2636068834966546,0.35149738036589445,0.38663731003053886,0.3758499250747657,0.3937663559859401,0.33813062006349054,0.3402465188915238,0.3426549976186219,0.33760234077392537,0.0,0.278959958284599,0.4010442623758865,0.29594999395838045,0.3041882327796082,0.20884381412773922,0.2724862609051404,0.2762017497695037,0.30169747620182397,0.3334570671591266,0.0,0.3024760257756462,0.2827806960098675,0.4363261754312179,0.47512695959763324,0.0,0.0,0.0,0.0,0.0,0.0,0.0,0.40531905137467683,0.0,0.4221169511731803,0.3847873238716379,0.0,0.500279005779024,0.4670991711550825,0.4243534607855666,0.4480219074747004,0.0,0.4679491176999653,0.0,0.47654507902788634,0.47428333247242044,0.4010577262383997,0.44552874566402545,0.45726606770070727,0.49343658851772504,0.42491175363983347,0.44615868515551105,0.0,0.4183147633558013
0.38730772320854745,0.39461404858062327,0.49584076112225395,0.2861719555099671,0.4429806084422822,0.46195544229141067,0.4054390420450603,0.45133558351486447,0.4768762291666876,0.3461641146840333,0.46679132896539033,0.2845588739957253,0.41114614526926657,0.0,0.41868317657898485,0.40140991355552486,0.4090343577197154,0.41454135136109344,0.5028082713706132,0.41800169145640453,0.41604221791199025,0.41599393080458924,0.45059976029470755,0.2765970882184124,0.3771326786154992,0.39953803839012025,0.44333844685640234,0.37606571587371396,0.4084181339753115,0.3848805546269212,0.27994598068378324,0.3952040845217636,0.278959958284599,0.0,0.33448171813563154,0.44507676333522955,0.3627262293802051,0.23320927314069792,0.3793772887066291,0.33684783664318585,0.33388342720886394,0.3415024597216998,0.37144673516523136,0.3155168676731466,0.3206096468704066,0.411182327543423,0.46119182646741674,0.46007513921970145,0.0,0.40600329178066397,0.5346438445553666,0.36030838467778176,0.5054275686873619,0.42224637826669387,0.41664339868936706,0.38937561348921057,0.3970204995627625,0.41012856685067445,0.0,0.4963922669893828,0.4428407271434279,0.4557084921605833,0.4518076421360895,0.0,0.48933074519815695,0.0,0.47549884923303426,0.5219927964188927,0.4294830638592939,0.46195255804420937,0.4787336050665098,0.5182656357086549,0.4183730018197512,0.505610126596484,0.0,0.4809191018046002
0.40681744359760386,0.45552352609847485,0.4930550290335531,0.2864945682574023,0.42099190756241706,0.45794049480340776,0.4059421396877805,0.45320454985933545,0.4594857826985108,0.3887750105266543,0.4353346153583569,0.3586753903932802,0.38239747298557186,0.0,0.4677404643668104,0.4539473815121301,0.42857121433820833,0.48467293888152074,0.4535162288290139,0.4745852191513227,0.46282732372754126,0.4714324279588489,0.4597008632709054,0.0,0.4193363752545826,0.45025098942487085,0.4619145886845679,0.36513378443846717,0.4568637025181228,0.4302334018830368,0.2422311408783114,0.3886282420467397,0.4010442623758865,0.33448171813563154,0.0,0.5041483905189263,0.4011789611534716,0.27806101952295903,0.3337540261726215,0.3007921508498492,0.3245667265882484,0.3511854057737928,0.32163117642589256,0.3283445505059114,0.0,0.0,0.48521421531222714,0.0,0.28820823874016577,0.31105608038017146,0.479431056305505,0.32571233451261017,0.4961704070096398,0.3283407744180749,0.0,0.339452377945061,0.295482603505518,0.32744006261894393,0.0,0.5211327807577713,0.46149647815355793,0.0,0.4629393385703987,0.0,0.5059924426866003,0.0,0.5056792151676993,0.5302873396557475,0.0,0.4758409436595848,0.4952798050333379,0.520589285375059,0.3232781216947252,0.4898917034159351,0.0,0.43588638867974816
0.0,0.324259633599314,0.4494493404249633,0.20754609151866432,0.2167734170291679,0.4475392241657899,0.26349748224137626,0.27663042149098316,0.43702544641321606,0.4440805288006956,0.332639024835663,0.31922276132816496,0.3344768101615622,0.2186993738113006,0.549618560903048,0.0,0.4789990916605914,0.0,0.41686496664518846,0.4986794825869242,0.4070971585893108,0.0,0.40717650889185936,0.0,0.42626741728823925,0.4277928111909185,0.4433153237278383,0.2559600113209575,0.365048388187718,0.0,0.4529131505714935,0.28360420818005777,0.29594999395838045,0.44507676333522955,0.5041483905189263,0.0,0.22577011785648743,0.4296131931388024,0.31242281991026666,0.0,0.40090864779607405,0.3470532588411074,0.37664556140320626,0.2984401148537935,0.0,0.0,0.0,0.5331689352376507,0.0,0.4687182922478196,0.49074432704950527,0.47403590841001786,0.484871217335471,0.5204116317923554,0.0,0.44052152823691376,0.0,0.4628541697480187,0.5154108122641599,0.39129892570740565,0.0,0.0,0.0,0.5151857005823823,0.3474261747808193,0.0,0.0,0.5017744849365314,0.0,0.0,0.0,0.5005824117897754,0.37955169571263575,0.42197334578931234,0.0,0.4309343468363617
