0.0,0.4262130094769852,0.0,0.0,0.0,0.3692249406340936,0.32512528987392736,0.5270982606980068,0.0,0.4058952396902986,0.0,0.4023366921783107,0.3926795620278584,0.5058534033541603,0.4178264787005749,0.4318357103018203,0.0,0.4232961576507079,0.0,0.44002672528111997,0.42581159787221384,0.41700475595881215,0.49344386974235227,0.4014880130538189,0.40810803283907426,0.38469466197279706,0.5204428114531042,0.40737092277250336,0.4426248382155784,0.2956734245417144,0.39673810419696026,0.4628507891427335,0.38796560954258374,0.3891546824356209,0.43661158161645314,0.0,0.0,0.40120873854174033,0.47069433285642837,0.4327384226696656,0.44626746121668454,0.0,0.0,0.0,0.0,0.42850309135178016,0.47496852625302016,0.0,0.0,0.0,0.37633325782658433,0.0,0.0,0.0,0.453584070523603,0.0,0.0,0.3414621473749687,0.0,0.0,0.47573727431437435,0.0,0.46296497741322495,0.0,0.0,0.30274517874677803,0.48338464342932097,0.5014212963895293,0.0,0.45300995091647195,0.4821138194275569,0.0,0.0,0.4802236305462884,0.0,0.4208434123023117
0.4262130094769852,0.0,0.30693235624748116,0.0,0.4034167795967583,0.4102287410528853,0.4581831206829828,0.4609014303973181,0.39676366593584905,0.34433095206656456,0.0,0.0,0.45432452360271736,0.3196592344902875,0.4471801652697618,0.41071824169142546,0.0,0.4173629142587126,0.0,0.4383114992255941,0.4288864337078814,0.3976255277693842,0.4339264370034773,0.0,0.37350256569780693,0.3960374778230514,0.4202771390557659,0.42555716975032254,0.4349506021294871,0.0,0.3900279734897379,0.43073250924115064,0.3676346729123444,0.38649954434612627,0.43337715697563445,0.0,0.0,0.0,0.4848843186974269,0.47732933949021894,0.47070165399384734,0.5106524537413856,0.0,0.0,0.0,0.47677810599812387,0.4699119337180599,0.0,0.0,0.0,0.41720155949647414,0.29247292617165144,0.0,0.0,0.0,0.0,0.0,0.2735655295053002,0.0,0.5213173416216689,0.4665533643591121,0.0,0.45177907842104986,0.0,0.48620190497446525,0.5016021914676658,0.4816815136514683,0.48428247115914647,0.0,0.45552971638183015,0.4965643895638599,0.475230508781901,0.3129804329270096,0.4676477052177056,0.0,0.4614008983327623
0.0,0.30693235624748116,0.0,0.38964146280888134,0.39551452838358636,0.4008226898675668,0.46405171746998763,0.5020036632291827,0.31217682006751934,0.42328045280723403,0.31241385436029945,0.316871559720763,0.46202745209627005,0.44599242558444224,0.0,0.0,0.3378227276348349,0.30689317146984957,0.2622835380900738,0.0,0.0,0.39001412490344867,0.3190137801582989,0.0,0.25251638095888246,0.2841104768099336,0.3302649289045547,0.4538277301194532,0.41618245109146973,0.4120249612847935,0.47514599637899363,0.46608213986679015,0.3325524392705549,0.4994198786787841,0.463860355262535,0.44795918372074733,0.4531567368748821,0.31281188332505516,0.5038289607425761,0.0,0.43788580550591727,0.0,0.5119668234337442,0.3133215756484604,0.0,0.0,0.0,0.2710638405596941,0.0,0.29409879971682984,0.5647276743550245,0.41139967481816947,0.4466955256016999,0.583433771410612,0.0,0.28773167947197664,0.0,0.44033675912851095,0.5652334151519671,0.0,0.0,0.0,0.0,0.33039239625929034,0.0,0.0,0.0,0.5578853572860177,0.0,0.0,0.0,0.57255923373147,0.4209274373150559,0.39470736060527234,0.0,0.4496720000043768
0.0,0.0,0.38964146280888134,0.0,0.2854879807293633,0.40910953327823596,0.24567798657403805,0.3469996800935826,0.41806012588819524,0.3832901717059215,0.4115713697785973,0.2407066918807826,0.3281852156329927,0.2926797301963819,0.3848413080492765,0.0,0.35383367791444204,0.0,0.40608410744247436,0.41973789899324065,0.0,0.46974261135431133,0.4155237136230341,0.0,0.0,0.0,0.413106096034095,0.23928554992349327,0.3378059553563171,0.0,0.3085681146968616,0.2960220257281331,0.2830646688361061,0.3148398329311377,0.396113641379102,0.20971685651136923,0.18986108604101323,0.27991940194233245,0.24370840913319147,0.0,0.0,0.0,0.0,0.0,0.0,0.0,0.0,0.0,0.0,0.0,0.0,0.0,0.0,0.0,0.0,0.0,0.0,0.0,0.0,0.0,0.0,0.0,0.0,0.0,0.0,0.0,0.0,0.0,0.0,0.0,0.0,0.32142661749998325,0.0,0.0,0.0,0.0
0.0,0.4034167795967583,0.39551452838358636,0.2854879807293633,0.0,0.39112116315881146,0.3481982018193094,0.4376769050312487,0.36493727681854143,0.5145063809680716,0.3706641771594877,0.3817574506989255,0.4165208399970371,0.3183470389228073,0.0,0.439965498030334,0.39216456468681393,0.3487440537286375,0.42607403195390064,0.45798326483578855,0.0,0.44963560864432706,0.411176088475822,0.0,0.346821939329855,0.3636552165620855,0.39441430167196173,0.40551164237227444,0.43073536783918787,0.0,0.4478730013858405,0.3885069724535204,0.382898815843493,0.4484014873869872,0.445099296208259,0.24993501562645723,0.2874110208554646,0.38552581542056674,0.3774538651856575,0.3187055997231805,0.3840419592187687,0.0,0.45596303030768065,0.0,0.0,0.0,0.0,0.542178181658407,0.0,0.46673447869252693,0.5048963031189896,0.3881206989300743,0.0,0.4925959220650426,0.0,0.3783165897142899,0.0,0.0,0.0,0.0,0.0,0.0,0.0,0.4852133160497044,0.3161059480383596,0.0,0.33437842715932564,0.5669276133327328,0.0,0.0,0.3368962520069618,0.5321519472308911,0.3350863312838761,0.35365373318741017,0.0,0.0
0.3692249406340936,0.4102287410528853,0.4008226898675668,0.40910953327823596,0.39112116315881146,0.0,0.4246158821898239,0.43994552546035814,0.34372687002456315,0.48939124829985026,0.39998394536046783,0.3417716660344684,0.3973156503664686,0.42668638462218356,0.42930868946164874,0.45101395152062695,0.3049672511318919,0.4102338880542948,0.4225069898505652,0.37949810870288336,0.43966032366300506,0.4297722941612284,0.420263664199516,0.3011523015706359,0.3763659304191598,0.39382577679685365,0.4074277062291767,0.4018663341491541,0.36083365318689087,0.4325739399157338,0.44431710760688964,0.4329249256788672,0.3981460944584142,0.46672960480321257,0.44608095628183375,0.44014121715773386,0.4372112806154131,0.3653146381287749,0.5121187297593097,0.32733898280005735,0.5624520641358441,0.4119852297526429,0.5003544278514207,0.2574981429500107,0.31078334150393605,0.0,0.32759525188708516,0.5591272772518038,0.0,0.44935497213258335,0.5372364171074827,0.5600798070187023,0.5005968620614467,0.5562394180101692,0.0,0.535023479901515,0.0,0.5656230326245446,0.0,0.44237047918986555,0.2543680722967863,0.0,0.0,0.548941125380464,0.45016092050506124,0.4415900604514193,0.46419944210379976,0.532638488750491,0.0,0.2435777446653561,0.40773754098333537,0.5292924837283804,0.5593148003232701,0.5097645151966917,0.4912697769244588,0.5522408090634535
0.32512528987392736,0.4581831206829828,0.46405171746998763,0.24567798657403805,0.3481982018193094,0.4246158821898239,0.0,0.43876627234421933,0.3943439025500161,0.4096650271580122,0.4626596822125894,0.3283207378691193,0.3645071356524914,0.3363531809071594,0.0,0.4933739637580621,0.4044854073145331,0.43053864653919705,0.46797821449336074,0.4488034416320265,0.41781951102829545,0.46419743829226023,0.4385977337266129,0.358082012257547,0.399962598515607,0.4442054751905336,0.43880715733516973,0.3341939258617793,0.44378112129354225,0.0,0.4192849863067522,0.3824372764133213,0.3668477247374046,0.3774241613017528,0.3839027091253117,0.27170694389624844,0.2522311506137021,0.33353301628812765,0.27478408794175946,0.24643259195245115,0.2683302178322698,0.25872081691189597,0.3738580221107113,0.24185531062677754,0.0,0.0,0.2971601901551573,0.5043064478183034,0.0,0.0,0.4892230373763941,0.37064953555153,0.43081084935573066,0.4201355270060828,0.0,0.31599438959996573,0.0,0.32854079569333045,0.0,0.3332860411842061,0.0,0.0,0.0,0.40310626927793314,0.30024779316792083,0.0,0.3120220877312886,0.5157958138970783,0.0,0.0,0.3067868253995748,0.5051901163575722,0.3133249552004716,0.35273999428541336,0.0,0.3388951641052741
0.5270982606980068,0.4609014303973181,0.5020036632291827,0.3469996800935826,0.4376769050312487,0.43994552546035814,0.43876627234421933,0.0,0.5220752210448766,0.44130874680536114,0.3860616464977506,0.43072121808327585,0.4484529481670113,0.366865728020361,0.535873112222368,0.4760535793442911,0.0,0.49333879149361337,0.4997973608557569,0.44582873772585996,0.4304010969121117,0.41476939598681506,0.3976488885407078,0.5382314808278165,0.49926949690394845,0.5022325422341115,0.4656464534630997,0.4300651516457986,0.40635566683662533,0.4046642115921536,0.4375793762127464,0.40927833076891296,0.41276859044168207,0.45638394734426685,0.45884729560665216,0.3425895889629219,0.41667307112177493,0.386056109302278,0.49058202271706636,0.0,0.5362606386903357,0.0,0.3836251281032887,0.30768845830861674,0.0,0.0,0.4925584621489401,0.5498410573158271,0.0,0.4584585515553662,0.5186505052432132,0.4903105462032796,0.39550523457928716,0.5368621669915324,0.0,0.44150641144512637,0.0,0.5160631844096072,0.0,0.0,0.0,0.0,0.0,0.49479981767627423,0.0,0.40732425723529825,0.5180229316594149,0.48901896528706484,0.0,0.3626045330546982,0.4556282645510225,0.5115683323233613,0.5140905218136004,0.49686518492829107,0.0,0.503973076901023
0.0,0.39676366593584905,0.31217682006751934,0.41806012588819524,0.36493727681854143,0.34372687002456315,0.3943439025500161,0.5220752210448766,0.0,0.5130489129816387,0.34937902643919627,0.4250775023246123,0.42214986768404145,0.44618105475433334,0.0,0.4163115887558259,0.3280199315838719,0.30512202895021856,0.32794080039923945,0.41903082983454176,0.0,0.4313264655151266,0.4075209972967608,0.36240265626752627,0.3486568528802898,0.4420968143331857,0.36070802261110035,0.44754048648757916,0.40501619823395146,0.4101204240469246,0.47278826917013816,0.4582258360540986,0.4247837833155894,0.4816515220378753,0.4567904140676453,0.4702912856126578,0.46520907065623357,0.48418824383013326,0.48232288831928805,0.2879246633397711,0.3349482661031478,0.2825928676556444,0.5068171716243715,0.0,0.33156071797328945,0.0,0.0,0.572550761431087,0.0,0.4555435201008695,0.5521786611282207,0.49588490225148585,0.5693290928129097,0.5540693517601378,0.30371448757321895,0.5392759339490889,0.0,0.46100528269712643,0.5294449153951615,0.0,0.0,0.0,0.0,0.5504029140054976,0.0,0.0,0.0,0.563250963193757,0.0,0.0,0.0,0.5545590233247083,0.439468509489228,0.3726072665825342,0.0,0.40193178412355424
0.4058952396902986,0.34433095206656456,0.42328045280723403,0.3832901717059215,0.5145063809680716,0.48939124829985026,0.4096650271580122,0.44130874680536114,0.5130489129816387,0.0,0.5207046951729042,0.3088745816670256,0.4276645394454072,0.0,0.0,0.41035438734858176,0.3590249574515548,0.36208477927584537,0.49710390267690363,0.0,0.0,0.34660031669393815,0.47359428215534155,0.35043972898651093,0.35064217105649725,0.36627421123367415,0.45420886932567106,0.41803011792049216,0.35493127435709515,0.0,0.3617216314238799,0.3273007726720723,0.319309839149323,0.342001396305836,0.32354955722055506,0.42738280643137916,0.3217684705484163,0.30547614716973104,0.2976464144894434,0.4083655792962143,0.34740397135884404,0.32805091761052235,0.31490068130768123,0.2081407230724917,0.365640429490524,0.43964970009767085,0.0,0.0,0.0,0.0,0.0,0.3505618241524334,0.0,0.30149968552628753,0.46799922181530873,0.329373081236244,0.4645179828910992,0.3719674604729247,0.0,0.0,0.0,0.5094737106544028,0.4873864274606724,0.0,0.0,0.0,0.0,0.31534120548510836,0.44464854025036893,0.49649787011895496,0.49386216026567087,0.3518193310853646,0.3529982194006228,0.0,0.0,0.4413494633499164
0.0,0.0,0.31241385436029945,0.4115713697785973,0.3706641771594877,0.39998394536046783,0.4626596822125894,0.3860616464977506,0.34937902643919627,0.5207046951729042,0.0,0.42634241985075516,0.4827292819585331,0.32854191305095254,0.0,0.0,0.3968794767647722,0.36336828076116573,0.2627111671669073,0.0,0.0,0.0,0.3047199917846183,0.40284206640658915,0.3864084491552324,0.3223871452959353,0.36891267589818466,0.4809271292255535,0.3686260431458407,0.0,0.503802285844771,0.41240290482892406,0.41628071696667035,0.5037836315102024,0.4707587695055026,0.36876612238310547,0.47126464884522973,0.4491764737317147,0.42841648977601726,0.3281877597505799,0.33246292016142265,0.3179612097724911,0.4453753481062622,0.3011039673839019,0.30256608819177433,0.0,0.0,0.34742336970476223,0.0,0.361404103715124,0.5102761683001211,0.4273663567091522,0.4323389819575795,0.45317504489062155,0.29820263364448857,0.24871839473269716,0.3255339581918569,0.42048329780083843,0.48431698208551155,0.0,0.0,0.0,0.0,0.3031774867643165,0.0,0.0,0.0,0.5577505624493304,0.0,0.0,0.0,0.5255613727679788,0.38464156076733197,0.3433170627664862,0.0,0.0
0.4023366921783107,0.0,0.316871559720763,0.2407066918807826,0.3817574506989255,0.3417716660344684,0.3283207378691193,0.43072121808327585,0.4250775023246123,0.3088745816670256,0.42634241985075516,0.0,0.34621191151335984,0.0,0.0,0.0,0.4046710367235013,0.39595295058608115,0.3495683794502193,0.0,0.43133217872957147,0.0,0.4068441889902797,0.31142358151378446,0.37654854794898784,0.3166531515608869,0.3315329725693277,0.2945481401297069,0.2856907405828353,0.0,0.3487521226883905,0.2617619136274334,0.26639480208173044,0.24110436948137476,0.3178389512008644,0.4287616114897975,0.2909372510124016,0.21360530060487876,0.29914468081544954,0.42623585656406104,0.29856990387232235,0.30948626633151083,0.2955655296704031,0.21334339224494558,0.27918941584449736,0.4031443601862971,0.0,0.0,0.0,0.0,0.37739395535105014,0.3397740170959968,0.0,0.0,0.4695390993237917,0.0,0.47135814291699624,0.30881752898522336,0.0,0.0,0.0,0.5367353731691127,0.48819589258790097,0.0,0.0,0.0,0.0,0.42247378832604854,0.4372645015707098,0.4937549709398235,0.4993809504467681,0.38805457166827284,0.291236877974648,0.0,0.0,0.4551012657488992
0.3926795620278584,0.45432452360271736,0.46202745209627005,0.3281852156329927,0.4165208399970371,0.3973156503664686,0.3645071356524914,0.4484529481670113,0.42214986768404145,0.4276645394454072,0.4827292819585331,0.34621191151335984,0.0,0.3887922842245491,0.4444849667793711,0.4827806532797454,0.446928151252059,0.4617173588246344,0.47458303710994293,0.43060197625696184,0.4609474238412568,0.464967710819882,0.4411657831102382,0.3973141260617931,0.4260051838668804,0.4398117291523922,0.4415401202577462,0.33690356583123193,0.4223650391396305,0.3804152790058542,0.3904716750857494,0.400160364531832,0.413137422685476,0.4085663609481689,0.4071003327985073,0.3438131655909223,0.31983279052107344,0.3605308438295065,0.43575309349652563,0.3091115087630722,0.34320408510602646,0.2817345127186329,0.39529949520104946,0.23702349590604435,0.2975780592091662,0.0,0.2811502565303673,0.4751608911793833,0.0,0.0,0.5341662491002188,0.3807491058353409,0.4719031023163853,0.4090234411705252,0.39915025759928885,0.338570075721436,0.29796652060452866,0.39831038639380734,0.0,0.3473718760234336,0.0,0.0,0.3071376333254632,0.0,0.40666474218205695,0.39266922768504253,0.30370148962158483,0.5200332489946966,0.38787509169580603,0.3206316860034826,0.34445235427097387,0.5262397222549405,0.5024442502722646,0.47893405230382025,0.35620410523155677,0.39224709761187804
0.5058534033541603,0.3196592344902875,0.44599242558444224,0.2926797301963819,0.3183470389228073,0.42668638462218356,0.3363531809071594,0.366865728020361,0.44618105475433334,0.0,0.32854191305095254,0.0,0.3887922842245491,0.0,0.0,0.0,0.0,0.0,0.40724592923895664,0.0,0.4816130820823582,0.0,0.40520692900104405,0.0,0.0,0.4318940191739461,0.4647671101620172,0.28222886517276774,0.0,0.0,0.0,0.2838840261456775,0.0,0.41939651154082386,0.4187908674786212,0.22024542851846107,0.18918056965513766,0.0,0.0,0.0,0.0,0.28183462538699344,0.42891367334104713,0.0,0.0,0.0,0.0,0.0,0.0,0.0,0.0,0.0,0.0,0.0,0.0,0.32928358763816395,0.0,0.0,0.40536222825223944,0.0,0.0,0.0,0.0,0.0,0.0,0.0,0.0,0.48360219574732466,0.0,0.0,0.0,0.4821512325797038,0.0,0.0,0.0,0.0
0.4178264787005749,0.4471801652697618,0.0,0.3848413080492765,0.0,0.42930868946164874,0.0,0.535873112222368,0.0,0.0,0.0,0.0,0.4444849667793711,0.0,0.0,0.4391274689104546,0.0,0.41394065683734327,0.0,0.3351368032735832,0.42551002883063715,0.34020896748090385,0.39253986922051337,0.0,0.42396665168476677,0.43251221386788685,0.42551608723185125,0.412325501975765,0.41139864802340925,0.0,0.4160582033392985,0.4461270814947948,0.4181178664299402,0.4341545520442393,0.48218075377424224,0.5201699262966293,0.4293526033248078,0.0,0.4769532540082693,0.46804578388243134,0.48877909754960314,0.5133208777651912,0.4779777396560323,0.0,0.0,0.0,0.498737995944594,0.0,0.0,0.0,0.48385900495189715,0.0,0.0,0.0,0.0,0.0,0.0,0.40127351832536884,0.0,0.4725639000741037,0.46908923952726267,0.0,0.31926882650120225,0.0,0.4284704379365594,0.4831583582566399,0.481727060423499,0.5009764916367995,0.0,0.34591247002919157,0.5209112392841108,0.5033167689829986,0.4566183298909976,0.47492883796169016,0.42741660072412946,0.45423451221029704
0.4318357103018203,0.41071824169142546,0.0,0.0,0.439965498030334,0.45101395152062695,0.4933739637580621,0.4760535793442911,0.4163115887558259,0.41035438734858176,0.0,0.0,0.4827806532797454,0.0,0.4391274689104546,0.0,0.41607572409632615,0.36617529498433493,0.0,0.4215621014465573,0.43098026517067045,0.40418281353972313,0.4500326954064646,0.40112279374274357,0.4085370261442773,0.42611378929154037,0.43495762836379964,0.4610827269214698,0.4462463532016713,0.4340653617027028,0.38508957783235626,0.45110324336563506,0.38720651904981823,0.3970507909726303,0.4624164324906085,0.0,0.0,0.0,0.47156377261033045,0.46075720886421356,0.46151839078175527,0.5044875409947996,0.0,0.0,0.0,0.467812340720416,0.46241838763503795,0.0,0.0,0.0,0.28349995977364895,0.31985489329623146,0.0,0.0,0.0,0.0,0.0,0.29233915987859377,0.0,0.48072067764773463,0.462483873217988,0.0,0.44691495342868004,0.0,0.42278927469292543,0.4542822730303806,0.47768988231309506,0.3562103465562593,0.0,0.4471705446462678,0.4831913411660752,0.38719202664419833,0.3088163355016105,0.38892927635348684,0.0,0.4459165327056006
0.0,0.0,0.3378227276348349,0.35383367791444204,0.39216456468681393,0.3049672511318919,0.4044854073145331,0.0,0.3280199315838719,0.3590249574515548,0.3968794767647722,0.4046710367235013,0.446928151252059,0.0,0.0,0.41607572409632615,0.0,0.35352723531244434,0.3244489518275009,0.3715901642858879,0.0,0.4023303193239633,0.31254692818704827,0.4188237587497242,0.3432760303066491,0.3918471148281173,0.3249679782354917,0.4408698063805527,0.33882882439452033,0.0,0.3879568059517484,0.45540951362853926,0.3843184569588954,0.3870938310546039,0.3717422476340658,0.0,0.0,0.37019441880618975,0.49463022451670235,0.4179945655292837,0.4375075105419902,0.0,0.0,0.0,0.0,0.45997381036111706,0.0,0.0,0.0,0.0,0.0,0.0,0.0,0.0,0.48444002697258337,0.0,0.4949486095025709,0.0,0.0,0.0,0.0,0.5106715594006114,0.4813342538116828,0.0,0.0,0.0,0.0,0.0,0.4848559362534707,0.4716602369824491,0.4848000934659759,0.0,0.0,0.0,0.0,0.43894874582527954
0.4232961576507079,0.4173629142587126,0.30689317146984957,0.0,0.3487440537286375,0.4102338880542948,0.43053864653919705,0.49333879149361337,0.30512202895021856,0.36208477927584537,0.36336828076116573,0.39595295058608115,0.4617173588246344,0.0,0.41394065683734327,0.36617529498433493,0.35352723531244434,0.0,0.33267421047640444,0.4241991950052877,0.4460567734471681,0.4225638349851451,0.4590157354222395,0.4009730511019682,0.3551943157909585,0.3978490097751132,0.37887529848559437,0.4429266563153942,0.4299766050959654,0.3929577232909527,0.3955614179755813,0.48847557033845423,0.38470358729553755,0.39127935998172153,0.37838154855160483,0.0,0.0,0.3052856400647883,0.46917886790764596,0.4265652426194638,0.43307205685654343,0.4801872121089,0.0,0.0,0.0,0.46631680790037444,0.44929946742290594,0.0,0.0,0.0,0.28995007599655853,0.0,0.0,0.0,0.4636653334426584,0.0,0.48768446894529166,0.314303641978661,0.0,0.4034823305183417,0.4512327601657321,0.49908270667189686,0.45110995253407427,0.0,0.3155238806117428,0.4563866557099273,0.45894544259553666,0.0,0.4767193214675269,0.45286319692594346,0.46940590224561307,0.0,0.0,0.2915354014711936,0.0,0.44481913634090126
0.0,0.0,0.2622835380900738,0.40608410744247436,0.42607403195390064,0.4225069898505652,0.46797821449336074,0.4997973608557569,0.32794080039923945,0.49710390267690363,0.2627111671669073,0.3495683794502193,0.47458303710994293,0.40724592923895664,0.0,0.0,0.3244489518275009,0.33267421047640444,0.0,0.0,0.0,0.0,0.3160595722536652,0.34426740477842616,0.318840085688861,0.3143798807924764,0.3599289666183211,0.4678509527912439,0.0,0.0,0.49292015857243365,0.43937257367341326,0.3719846903847579,0.5225170260775855,0.460687945911498,0.4215958297029673,0.44985749020823373,0.38899186156473836,0.4743233735072284,0.0,0.37457191925379324,0.30628092691367587,0.4909405793516906,0.2965433210312347,0.0,0.0,0.0,0.3863196442716587,0.0,0.40934347523330133,0.5481643734917391,0.4565428450844628,0.5329829498482673,0.5632085775016993,0.0,0.26111594853130604,0.0,0.4066098030107339,0.4647377918157386,0.0,0.0,0.0,0.0,0.2954664465252903,0.0,0.0,0.0,0.5682945973473039,0.0,0.0,0.0,0.5598367053379556,0.36124885951985003,0.3638951588043753,0.0,0.4206763291675991
0.44002672528111997,0.4383114992255941,0.0,0.41973789899324065,0.45798326483578855,0.37949810870288336,0.4488034416320265,0.44582873772585996,0.41903082983454176,0.0,0.0,0.0,0.43060197625696184,0.0,0.3351368032735832,0.4215621014465573,0.3715901642858879,0.4241991950052877,0.0,0.0,0.4376248284784275,0.3286372140374309,0.2671617027926758,0.0,0.4072632557578045,0.43369211650886824,0.36049922690070596,0.39455010383755473,0.3415865364082353,0.38197078315570904,0.3845440977071041,0.43815379050104875,0.38652851178940784,0.42997111799604015,0.47117315388579395,0.4929421787489245,0.42175005964735485,0.0,0.4583875157181987,0.4603664147811187,0.5428320739019622,0.4828360461906256,0.3917983461605732,0.0,0.0,0.0,0.4640159567394689,0.0,0.0,0.0,0.4805213271063354,0.32890970055491325,0.4832814454147284,0.0,0.0,0.0,0.0,0.4029692083101158,0.0,0.49092667691541814,0.33050191391134576,0.0,0.2903177742887345,0.0,0.48210435277259034,0.48144672503392566,0.48112218403043133,0.5159574722173006,0.0,0.30068085651786736,0.47775701939615917,0.5051859343084212,0.5406121721993199,0.4978068428713326,0.38687546243318477,0.4729597362296683
0.42581159787221384,0.4288864337078814,0.0,0.0,0.0,0.43966032366300506,0.41781951102829545,0.4304010969121117,0.0,0.0,0.0,0.43133217872957147,0.4609474238412568,0.4816130820823582,0.42551002883063715,0.43098026517067045,0.0,0.4460567734471681,0.0,0.4376248284784275,0.0,0.4462739777270867,0.4243844170553361,0.4997653679207194,0.44284819153330723,0.42983064348804834,0.44645675672388013,0.4420922950412475,0.415166667853661,0.4346248400952142,0.4029073835500727,0.4512115827153535,0.4173941749834144,0.410640983507583,0.48986312404805665,0.0,0.0,0.38894251332019936,0.4762630663527099,0.47654403003815027,0.4959820569214955,0.5294218470924478,0.3995915100208636,0.0,0.0,0.427547916295639,0.4884386278431169,0.0,0.0,0.0,0.473826925975274,0.0,0.349520500224715,0.0,0.0,0.0,0.0,0.4299704038976858,0.0,0.4975346464403676,0.4781857010395202,0.0,0.0,0.0,0.4760915473954147,0.4127794130933172,0.5128249141703354,0.4817690541302549,0.0,0.4212880918103165,0.5345219591226592,0.5029797781683056,0.492790707512133,0.4741914099770514,0.4249981255506402,0.4431006651771384
0.41700475595881215,0.3976255277693842,0.39001412490344867,0.46974261135431133,0.44963560864432706,0.4297722941612284,0.46419743829226023,0.41476939598681506,0.4313264655151266,0.34660031669393815,0.0,0.0,0.464967710819882,0.0,0.34020896748090385,0.40418281353972313,0.4023303193239633,0.4225638349851451,0.0,0.3286372140374309,0.4462739777270867,0.0,0.44244514564875675,0.0,0.4072926303691331,0.4140928791268477,0.4274063232124619,0.42391293065725544,0.40900584391650957,0.4089283196613587,0.390616852564093,0.45528326947830333,0.38472311577327745,0.42838724755912233,0.47466702230074304,0.5192138851306465,0.45291651222119245,0.0,0.4642116931568976,0.48678097326511194,0.48634215833259475,0.5167514394724224,0.4750632538296229,0.0,0.0,0.48129855274240074,0.47102529449343195,0.0,0.0,0.0,0.46551565281141793,0.30431034044860605,0.0,0.0,0.0,0.0,0.0,0.3047841955240991,0.0,0.5114201401686304,0.47363941054700087,0.0,0.0,0.0,0.4877335531892985,0.4927851104221704,0.49685864494092924,0.5033527559763148,0.0,0.44003271800042504,0.5000384481715636,0.5005067359756208,0.384919490636608,0.4851979833235095,0.0,0.4757502432624968
0.49344386974235227,0.4339264370034773,0.3190137801582989,0.4155237136230341,0.411176088475822,0.420263664199516,0.4385977337266129,0.3976488885407078,0.4075209972967608,0.47359428215534155,0.3047199917846183,0.4068441889902797,0.4411657831102382,0.40520692900104405,0.39253986922051337,0.4500326954064646,0.31254692818704827,0.4590157354222395,0.3160595722536652,0.2671617027926758,0.4243844170553361,0.44244514564875675,0.0,0.54140483094367,0.4368099505691155,0.4637004491193342,0.3632449098971987,0.4316477218581618,0.41100092882510025,0.4120211237911622,0.43558902082299344,0.43264672295343265,0.3998233737238382,0.4585961426206962,0.4705223780720369,0.42388523661618466,0.43735138624797076,0.3739940366361175,0.5341144853515596,0.5079510593982604,0.5487170935885993,0.5650893716773775,0.5130247159638082,0.3609299932841573,0.0,0.48270819222959427,0.4783417114769348,0.38009583517763956,0.36001081598372797,0.4727462896216657,0.5459076105845261,0.5416868264728778,0.4979356114599653,0.565683776529208,0.3941628027213723,0.3305116379630461,0.0,0.5427090604884517,0.49688645439662305,0.5140035530372176,0.3270501654406236,0.0,0.33759936965159376,0.27559738797928246,0.5217070768370771,0.5058703492538995,0.529265283588142,0.47544466813788866,0.0,0.30299130955606113,0.5652372132021803,0.5399647373188621,0.5442501652166092,0.5245251427839028,0.5322620162725239,0.5503629574840417
0.4014880130538189,0.0,0.0,0.0,0.0,0.3011523015706359,0.358082012257547,0.5382314808278165,0.36240265626752627,0.35043972898651093,0.40284206640658915,0.31142358151378446,0.3973141260617931,0.0,0.0,0.40112279374274357,0.4188237587497242,0.4009730511019682,0.34426740477842616,0.0,0.4997653679207194,0.0,0.54140483094367,0.0,0.3853101223411711,0.36201563743380727,0.4683542032786408,0.3288606472380809,0.0,0.3466405074933583,0.37612992777297183,0.2911844274953398,0.2950997122420618,0.293446410021455,0.292923541100012,0.314057072095005,0.28490244242011264,0.2786791110033636,0.348046405709655,0.37280732421616153,0.33337025701636513,0.35943477491989906,0.0,0.20972353962939763,0.3197576013219486,0.47880921091506734,0.0,0.0,0.0,0.0,0.0,0.0,0.0,0.0,0.44442356808120204,0.0,0.43049206544789675,0.3322718968400718,0.0,0.0,0.4623302565544092,0.4830050318445869,0.472802944997932,0.0,0.0,0.0,0.0,0.0,0.43355055343383003,0.46766682827348866,0.47879616189445845,0.0,0.35711974175075567,0.0,0.0,0.45406065675518875
0.40810803283907426,0.37350256569780693,0.25251638095888246,0.0,0.346821939329855,0.3763659304191598,0.399962598515607,0.49926949690394845,0.3486568528802898,0.35064217105649725,0.3864084491552324,0.37654854794898784,0.4260051838668804,0.0,0.42396665168476677,0.4085370261442773,0.3432760303066491,0.3551943157909585,0.318840085688861,0.4072632557578045,0.44284819153330723,0.4072926303691331,0.4368099505691155,0.3853101223411711,0.0,0.3655951866566312,0.384672917611844,0.42552024084855566,0.4064197384731625,0.32030052878612336,0.3929981718336505,0.4413014799038994,0.3528553898053543,0.3716843048565369,0.378560022263483,0.0,0.0,0.35012708393885805,0.46960606890138284,0.4341347738570645,0.4384125473188556,0.4728998407575608,0.0,0.0,0.0,0.4578622536926969,0.45407289447778665,0.0,0.0,0.0,0.26915187236940724,0.30995668161470036,0.4205139112133871,0.0,0.47597871009143533,0.0,0.47649517516286505,0.3104736047546724,0.0,0.4566822989006928,0.4578481380152277,0.47795299667921504,0.4558280538691219,0.0,0.41923864458481513,0.45807727231398104,0.48059043292891834,0.34929151527788327,0.4597405129566589,0.4576691057629474,0.4714430900849281,0.3260050558925166,0.3598359504628665,0.4176886352801175,0.0,0.44836206651663896
0.38469466197279706,0.3960374778230514,0.2841104768099336,0.0,0.3636552165620855,0.39382577679685365,0.4442054751905336,0.5022325422341115,0.4420968143331857,0.36627421123367415,0.3223871452959353,0.3166531515608869,0.4398117291523922,0.4318940191739461,0.43251221386788685,0.42611378929154037,0.3918471148281173,0.3978490097751132,0.3143798807924764,0.43369211650886824,0.42983064348804834,0.4140928791268477,0.4637004491193342,0.36201563743380727,0.3655951866566312,0.0,0.45151245046080646,0.42798974662347544,0.4047188296196067,0.3167394761055262,0.39713979710042957,0.451814564583903,0.37419968840021545,0.38820433768175644,0.443833149104744,0.4854154426002777,0.4577930530217422,0.35230233332287103,0.475093128212776,0.4457837771735519,0.4714802783882606,0.4992844123365848,0.0,0.0,0.4293993187997144,0.47334827884134445,0.48532232345868015,0.0,0.0,0.0,0.43306478976888607,0.2851459003211659,0.5165186186930759,0.0,0.49064338414825026,0.0,0.48086858528218995,0.3312305754111971,0.0,0.5337376279849961,0.4724374672600669,0.48842196894591305,0.4694269551315796,0.0,0.517395782740907,0.5239352519865859,0.5106684514378681,0.5063372095478882,0.458944796180871,0.46828878785709194,0.49191573135081273,0.4944997767930314,0.391770601769176,0.47300704812375227,0.0,0.4610086374396931
0.5204428114531042,0.4202771390557659,0.3302649289045547,0.413106096034095,0.39441430167196173,0.4074277062291767,0.43880715733516973,0.4656464534630997,0.36070802261110035,0.45420886932567106,0.36891267589818466,0.3315329725693277,0.4415401202577462,0.4647671101620172,0.42551608723185125,0.43495762836379964,0.3249679782354917,0.37887529848559437,0.3599289666183211,0.36049922690070596,0.44645675672388013,0.4274063232124619,0.3632449098971987,0.4683542032786408,0.384672917611844,0.45151245046080646,0.0,0.4350828159041708,0.3940021423961434,0.41294980932954983,0.41083766780982495,0.4257133880883517,0.3789583747606507,0.4469493978647518,0.45351567894490646,0.4426246770196781,0.43934511986152164,0.3395293900802971,0.5149532467088748,0.42409883343731836,0.5557322203188211,0.5600382948233413,0.5227324440236657,0.2771885659546758,0.3314925888616254,0.0,0.42961626780023654,0.5763161963683909,0.0,0.45606615307898596,0.5412912043629714,0.5383062066123365,0.5161921259488941,0.57284463995038,0.35833163921498934,0.4744985063681832,0.0,0.566939895659996,0.5489508740912118,0.4911873125344285,0.3032467985156495,0.0,0.34476885014519953,0.5556256544936493,0.5043421463464965,0.48811932917340956,0.5003530509591361,0.5357569329689482,0.0,0.2932082217761352,0.4945008781815637,0.5358329249812616,0.5545810327831926,0.5381574118153916,0.5044144863917398,0.540950224974639
0.40737092277250336,0.42555716975032254,0.4538277301194532,0.23928554992349327,0.40551164237227444,0.4018663341491541,0.3341939258617793,0.4300651516457986,0.44754048648757916,0.41803011792049216,0.4809271292255535,0.2945481401297069,0.33690356583123193,0.28222886517276774,0.412325501975765,0.4610827269214698,0.4408698063805527,0.4429266563153942,0.4678509527912439,0.39455010383755473,0.4420922950412475,0.42391293065725544,0.4316477218581618,0.3288606472380809,0.42552024084855566,0.42798974662347544,0.4350828159041708,0.0,0.3624297840488775,0.34941892330604646,0.3789699264562104,0.38401690698737806,0.3637636233308582,0.3793124089962305,0.3045315656672728,0.254422890001297,0.25238204309423523,0.28974100364747213,0.40775523948845,0.25554488973545003,0.33795604449950933,0.2942391470806145,0.3449458693473177,0.1990300664478853,0.29112884847053466,0.0,0.0,0.40250835170985966,0.0,0.35189204107792105,0.5312510623143901,0.3343900026789493,0.4726795548574448,0.35493212666516766,0.42525877619708774,0.30661795495005173,0.2546568410956267,0.38713453605649417,0.0,0.44700198868042684,0.0,0.0,0.0,0.3160958651322433,0.4862217894290084,0.45739718220769954,0.34876410022111837,0.5123555463365589,0.4225468234660293,0.3144445737874668,0.38544294306192517,0.5179967821710708,0.40160781949339225,0.5221452272973978,0.3768285193744992,0.49743867543133835
0.4426248382155784,0.4349506021294871,0.41618245109146973,0.3378059553563171,0.43073536783918787,0.36083365318689087,0.44378112129354225,0.40635566683662533,0.40501619823395146,0.35493127435709515,0.3686260431458407,0.2856907405828353,0.4223650391396305,0.0,0.41139864802340925,0.4462463532016713,0.33882882439452033,0.4299766050959654,0.0,0.3415865364082353,0.415166667853661,0.40900584391650957,0.41100092882510025,0.0,0.4064197384731625,0.4047188296196067,0.3940021423961434,0.3624297840488775,0.0,0.35523386407328744,0.38059695058657933,0.40635893442081283,0.3472404637455809,0.4229477099538511,0.4534095921986056,0.4430456802012688,0.4000013691230295,0.30943450982918175,0.4889905567780765,0.3946381307661322,0.5564771559611921,0.4895462695685216,0.4220110639306808,0.26605925160658084,0.33997952295416217,0.0,0.41628554459094236,0.0,0.0,0.38151039502794165,0.531567094091438,0.36824042080061836,0.4592336445792141,0.33275335737849576,0.24233964550784123,0.0,0.32323533467011495,0.5500088922706039,0.0,0.4695393494592959,0.28969444374996417,0.0,0.2981416548983568,0.0,0.481666722423041,0.4626439388409704,0.46990543829719794,0.5027442706565908,0.0,0.2785984595431163,0.4637516875032552,0.5066680066113207,0.5390545524629043,0.48433042924005193,0.45073265503364884,0.4970098283678792
0.2956734245417144,0.0,0.4120249612847935,0.0,0.0,0.4325739399157338,0.0,0.4046642115921536,0.4101204240469246,0.0,0.0,0.0,0.3804152790058542,0.0,0.0,0.4340653617027028,0.0,0.3929577232909527,0.0,0.38197078315570904,0.4346248400952142,0.4089283196613587,0.4120211237911622,0.3466405074933583,0.32030052878612336,0.3167394761055262,0.41294980932954983,0.34941892330604646,0.35523386407328744,0.0,0.3544369714816274,0.3829191516985957,0.3677109919391953,0.38390956595414666,0.0,0.4341381780322803,0.0,0.0,0.5218625955262579,0.0,0.0,0.0,0.0,0.0,0.0,0.0,0.0,0.0,0.0,0.0,0.48082644895265225,0.0,0.0,0.0,0.0,0.0,0.0,0.36204595918182036,0.0,0.0,0.0,0.0,0.0,0.0,0.0,0.0,0.0,0.5085269270557988,0.0,0.0,0.0,0.5017672025155583,0.41231689170767594,0.45685786679989976,0.0,0.0
0.39673810419696026,0.3900279734897379,0.47514599637899363,0.3085681146968616,0.4478730013858405,0.44431710760688964,0.4192849863067522,0.4375793762127464,0.47278826917013816,0.3617216314238799,0.503802285844771,0.3487521226883905,0.3904716750857494,0.0,0.4160582033392985,0.38508957783235626,0.3879568059517484,0.3955614179755813,0.49292015857243365,0.3845440977071041,0.4029073835500727,0.390616852564093,0.43558902082299344,0.37612992777297183,0.3929981718336505,0.39713979710042957,0.41083766780982495,0.3789699264562104,0.38059695058657933,0.3544369714816274,0.0,0.42144563245735167,0.3677922855146916,0.32595228770935064,0.33449885995666956,0.4555133469721928,0.3197934742088296,0.3326835719774269,0.47026988894505994,0.39039774429369695,0.46723998499049235,0.31673948508550487,0.42116178154346307,0.1868492123605189,0.35534463885203155,0.44390063040814665,0.4520761492133205,0.0,0.0,0.0,0.531775066601865,0.33247822312163017,0.49532399282349165,0.3541211591598639,0.4358729154785203,0.0,0.4254169475853168,0.392501250750074,0.0,0.48532357290078804,0.44121252698728025,0.4635677872885396,0.45748649614741976,0.0,0.47322140497039183,0.4547396335598312,0.47202671094190496,0.5197555795405001,0.46470908632230257,0.45578670319993925,0.47087869276444355,0.524992952829059,0.5266382698019222,0.510924604191825,0.0,0.4290765924844179
0.4628507891427335,0.43073250924115064,0.46608213986679015,0.2960220257281331,0.3885069724535204,0.4329249256788672,0.3824372764133213,0.40927833076891296,0.4582258360540986,0.3273007726720723,0.41240290482892406,0.2617619136274334,0.400160364531832,0.2838840261456775,0.4461270814947948,0.45110324336563506,0.45540951362853926,0.48847557033845423,0.43937257367341326,0.43815379050104875,0.4512115827153535,0.45528326947830333,0.43264672295343265,0.2911844274953398,0.4413014799038994,0.451814564583903,0.4257133880883517,0.38401690698737806,0.40635893442081283,0.3829191516985957,0.42144563245735167,0.0,0.3786222302149225,0.4002316740696562,0.4179165018242885,0.3014927515399403,0.3293940922496469,0.2778743094920258,0.3256493130306214,0.3081149706846633,0.3536065746156587,0.3619446923971801,0.2986277536055529,0.27016111334281184,0.28594251481804106,0.49500406626309706,0.48977852516342574,0.45693746887009895,0.23568965356178453,0.327292703477646,0.5145781921893391,0.2765459897862973,0.4821123741083432,0.4978133974836911,0.2789062315303782,0.3729221981260377,0.2791206159099651,0.4261482802795887,0.4220510058764796,0.5163342875657811,0.523998894232518,0.0,0.5704437716137412,0.4648557776170005,0.4915737723665385,0.4813373936809041,0.5059467050755654,0.5151303422614307,0.2594873346479428,0.50397854416674,0.501941759170637,0.5171312623240227,0.3839024726747327,0.5043552955812632,0.5093545892986381,0.4480585185904742
0.38796560954258374,0.3676346729123444,0.3325524392705549,0.2830646688361061,0.382898815843493,0.3981460944584142,0.3668477247374046,0.41276859044168207,0.4247837833155894,0.319309839149323,0.41628071696667035,0.26639480208173044,0.413137422685476,0.0,0.4181178664299402,0.38720651904981823,0.3843184569588954,0.38470358729553755,0.3719846903847579,0.38652851178940784,0.4173941749834144,0.38472311577327745,0.3998233737238382,0.2950997122420618,0.3528553898053543,0.37419968840021545,0.3789583747606507,0.3637636233308582,0.3472404637455809,0.3677109919391953,0.3677922855146916,0.3786222302149225,0.0,0.2693384417390725,0.37630469715785325,0.4594726533248355,0.2790348280355463,0.21218752678017738,0.3088448382363559,0.278913139727181,0.30281952642205107,0.332785720158943,0.25245840515536894,0.2053649930635788,0.2252598366976329,0.46106322643828423,0.4490125982985963,0.0,0.0,0.0,0.4646401060796757,0.2713650796173276,0.0,0.3020677829060821,0.3847472405601618,0.3296007821892041,0.36023567622710795,0.299398803151111,0.2910742171435652,0.5113940352791115,0.45114997715210853,0.42684286580552255,0.48323693719627203,0.3170546635219264,0.4781547720813731,0.46369271397028167,0.4873867205579387,0.4860418550720159,0.3253153342225815,0.44599088781888785,0.46147154417879876,0.5004271193705154,0.2828312264339533,0.4574326773975137,0.0,0.4039977778324877
0.3891546824356209,0.38649954434612627,0.4994198786787841,0.3148398329311377,0.4484014873869872,0.46672960480321257,0.3774241613017528,0.45638394734426685,0.4816515220378753,0.342001396305836,0.5037836315102024,0.24110436948137476,0.4085663609481689,0.41939651154082386,0.4341545520442393,0.3970507909726303,0.3870938310546039,0.39127935998172153,0.5225170260775855,0.42997111799604015,0.410640983507583,0.42838724755912233,0.4585961426206962,0.293446410021455,0.3716843048565369,0.38820433768175644,0.4469493978647518,0.3793124089962305,0.4229477099538511,0.38390956595414666,0.32595228770935064,0.4002316740696562,0.2693384417390725,0.0,0.257123384528955,0.3938034175128131,0.33554415181486286,0.22073194987090783,0.3289514892144173,0.3016637330617958,0.30374372141893824,0.347665897265582,0.27048419957695796,0.24688386715193544,0.26334608265560505,0.431436303061568,0.45522512258300096,0.3513237107171998,0.0,0.0,0.571014422044525,0.2308926930084903,0.49676235988037126,0.28901306022696865,0.32164857001872665,0.3040239484228488,0.30810284162090495,0.2767758160561301,0.0,0.49971665489190026,0.45298689808374826,0.4548273118779038,0.4524877809351401,0.2965704379624153,0.4904882514470407,0.4581534810471157,0.4885737539040305,0.5375772759348583,0.3097452474247228,0.44399739259495197,0.4721433409100477,0.5332071070799014,0.2513983729023148,0.5288592656677578,0.0,0.413044001675941
