0.0,0.39859842645559246,0.0,0.0,0.0,0.47551838166070826,0.0,0.5177726821256052,0.0,0.3897402671531531,0.0,0.3478485092141184,0.4443798095616907,0.0,0.4062744257415926,0.3889836878185707,0.4373037604753225,0.3710978925086561,0.0,0.4994380078650288,0.4540754453169386,0.40371165841411566,0.5002544924418061,0.3773151306221864,0.3700338782353281,0.3635751046813321,0.5305250633508448,0.49201864090023684,0.4834886166138713,0.0,0.38387291090713965,0.43436216037770975,0.34829865514137914,0.38234096086042213,0.38410188723433436,0.41456376664602645,0.0,0.3987053574579699,0.4795195201290694,0.4619435683425847,0.4827873773169512,0.0,0.0,0.0,0.0,0.45092584841596267,0.505205022553563,0.0,0.0,0.0,0.3949898975339633,0.0,0.0,0.0,0.46472188120878055,0.0,0.3995004857987891,0.0,0.0,0.5138613601984149,0.4855353319201047,0.0,0.48155745272489536,0.0,0.0,0.4436922141249249,0.48001783847580365,0.5075533397730332,0.44601102797030956,0.48550504359043734,0.4871368433580884,0.0,0.0,0.0,0.0,0.0
0.39859842645559246,0.0,0.3699003337233889,0.0,0.45321977942023983,0.4536193936792916,0.5446977363079606,0.41230464613717305,0.4931370338332437,0.322563435117991,0.0,0.26414908210430044,0.485317830413605,0.0,0.4664601761764414,0.3961205761067285,0.38939244170297094,0.403513198901776,0.3939220333738744,0.4575035488773984,0.43555504804688727,0.3905973289130144,0.471107608943753,0.32854842668636197,0.3617893989083747,0.38756893057095293,0.46075353882925385,0.4829431168272102,0.4577777782216647,0.0,0.3921725367100669,0.43669052092761196,0.365289195077213,0.39782436242391406,0.4410054261574882,0.27452684913834446,0.0,0.0,0.4759478695030467,0.44882072886207497,0.4533323564914833,0.457978334186585,0.0,0.0,0.0,0.475020113455438,0.48057156644513593,0.3694242771042827,0.0,0.0,0.41799319915795696,0.0,0.0,0.33076308904833746,0.3328963265630572,0.0,0.34106072974927076,0.28090692029592174,0.0,0.5248224171604473,0.4531954589482701,0.33314020352425544,0.4437937179645959,0.0,0.47582400435152,0.5134479614374303,0.4761275038562387,0.5381020741603706,0.471329051103564,0.4621108002599594,0.5029840838123659,0.5034649453006685,0.3089465732624175,0.457178006426977,0.0,0.4477962449288997
0.0,0.3699003337233889,0.0,0.4103488297053324,0.4376454594232992,0.4337421920915131,0.5084970132445767,0.4875377345098442,0.33284010462245595,0.41901580772145003,0.3510607136571984,0.3047852117519838,0.5020586569510571,0.4276664182418611,0.0,0.3601658710949084,0.0,0.29605730536228936,0.2938099202856188,0.0,0.0,0.44582668152308996,0.3810252617242657,0.0,0.2812334495164242,0.3393968010487668,0.3438271560419504,0.4937757798844995,0.39353608415080654,0.44350912508249696,0.49089737138139194,0.46092300924580815,0.3158064368504878,0.5091840126565575,0.4617690048782037,0.429353983029109,0.45155249590404617,0.3067663599535497,0.516931471617327,0.0,0.43831644677364356,0.42365090904518926,0.550353310607759,0.0,0.0,0.0,0.3548277111429611,0.6145242818634093,0.0,0.6041725670091986,0.5883063729813457,0.6498280916119216,0.6339831618048698,0.614931942174167,0.0,0.6050751278169544,0.0,0.5395012535524825,0.0,0.0,0.0,0.0,0.0,0.5695176298640643,0.34999543619457235,0.0,0.0,0.596067861290809,0.0,0.0,0.0,0.6127032483753713,0.4794203220312293,0.3850006960437403,0.0,0.4564618878878829
0.0,0.0,0.4103488297053324,0.0,0.2796291320159424,0.4139935367327133,0.23512388403953943,0.37489101674663794,0.4536841632225167,0.20584887398545393,0.39618867103284094,0.20178581286695457,0.3350488434593705,0.2803982467928372,0.0,0.0,0.0,0.0,0.4203328888666977,0.0,0.0,0.0,0.40615112732447123,0.0,0.0,0.0,0.4098658409767561,0.2562548402664962,0.3571902079345792,0.0,0.0,0.29318328235784163,0.23283681232630402,0.23983563372242964,0.25837913890281533,0.21356795003634996,0.17739904981341667,0.21771486878339324,0.2290379276442983,0.0,0.0,0.0,0.0,0.0,0.0,0.0,0.0,0.0,0.0,0.0,0.0,0.0,0.0,0.0,0.0,0.0,0.0,0.0,0.0,0.0,0.0,0.0,0.0,0.0,0.0,0.0,0.0,0.0,0.0,0.0,0.0,0.0,0.0,0.0,0.0,0.0
0.0,0.45321977942023983,0.4376454594232992,0.2796291320159424,0.0,0.40691557454984295,0.392479245272214,0.46770588509922495,0.376999124542245,0.5616171879497075,0.34327884383579116,0.40494917078172815,0.4464043578736143,0.2977411250437757,0.0,0.44956715891933696,0.4380599449727227,0.3768723514892184,0.4326248368078735,0.4815862391518012,0.0,0.49288876052780994,0.4627614597564813,0.43653593360906395,0.4012901007300388,0.3789515824794273,0.42638832032355173,0.44143295753385103,0.43755933466472047,0.4976369092306975,0.4839448207931444,0.4107924935186249,0.3860707437763229,0.4694150927921614,0.4436168276790959,0.25097251701611756,0.2266036351587879,0.37560365702231535,0.33836178975326864,0.0,0.3984728732350186,0.0,0.44628040637382616,0.0,0.0,0.0,0.0,0.58727829087251,0.0,0.4523322304799027,0.5048291519348064,0.38673002451771366,0.5131997412375073,0.497061596512596,0.0,0.501259765204024,0.0,0.34764318344348955,0.0,0.0,0.0,0.0,0.0,0.5051931263888201,0.0,0.0,0.0,0.559618191177529,0.0,0.0,0.0,0.562258420837235,0.3473006438737066,0.3535800691665888,0.0,0.3823615343128995
0.47551838166070826,0.4536193936792916,0.4337421920915131,0.4139935367327133,0.40691557454984295,0.0,0.44043079869964175,0.44674895562825534,0.3713757031007807,0.42066544507018677,0.38522871130542297,0.3534462631976678,0.39423919734276747,0.4445410749216122,0.47126057854985676,0.45426967830023646,0.2856949314769005,0.4355971079387275,0.41631728478296715,0.4337550219444787,0.5063236897654071,0.46690084547620136,0.42771132614099094,0.3088309994499752,0.4244649167233635,0.45653494484858875,0.3969381100684843,0.4169996670596445,0.35239225308394956,0.44640672337715526,0.467280103771537,0.4405583660982987,0.4528209557718917,0.4654864646902511,0.4647986392332819,0.4582680214065406,0.45022013870216343,0.378478478969874,0.4953230098186791,0.0,0.5487122690178177,0.5126912352498967,0.4815461118782821,0.0,0.0,0.34481339713561543,0.3776814489614661,0.5918251335201503,0.0,0.513232055305002,0.5401214087581115,0.590080121397339,0.537584096524862,0.5747951373492384,0.0,0.5463537576203488,0.0,0.5783646862059995,0.0,0.5246746648850481,0.27164519962955735,0.0,0.2976833303034837,0.5789368588295587,0.49008389219663084,0.48065911744545564,0.540904137477231,0.5564187201277485,0.0,0.27638575172094315,0.49196428052484276,0.5474341617231391,0.5666708312161969,0.5192749038419664,0.5189403861463859,0.5459217056681063
0.0,0.5446977363079606,0.5084970132445767,0.23512388403953943,0.392479245272214,0.44043079869964175,0.0,0.47423521773115584,0.44014074700889727,0.46431389813492185,0.5051494853204168,0.3666818289452537,0.3758294201389015,0.34850989518347,0.0,0.5241695021800822,0.42736826816500445,0.4837519889824986,0.5176942829888724,0.4807345859672028,0.44103174906520054,0.5077933730090507,0.47343374486903683,0.41848129367548065,0.4796491327904147,0.45725118386170205,0.4705822541035459,0.40789649975512154,0.46167897241651634,0.49068456840599683,0.4551985820653245,0.417228280266656,0.37446633577413535,0.42897931782758386,0.38684086416840846,0.2973782340510332,0.27745883329380666,0.35643904087365197,0.3282808118646333,0.0,0.39177934732014963,0.0,0.40688907809846253,0.0,0.0,0.0,0.30555706654742937,0.5342090838310276,0.0,0.0,0.5246372943053326,0.39252040855896464,0.4999696245204057,0.44352305938375136,0.0,0.40293094790086953,0.0,0.3556195299954907,0.0,0.0,0.0,0.0,0.0,0.4260886927180397,0.3281896722807337,0.0,0.0,0.5572454288985929,0.0,0.0,0.32051537042405875,0.5755950259744689,0.3645700185416954,0.39450133360938416,0.3962882322453728,0.3626161661947832
0.5177726821256052,0.41230464613717305,0.4875377345098442,0.37489101674663794,0.46770588509922495,0.44674895562825534,0.47423521773115584,0.0,0.5119006475279294,0.41132406495731166,0.3736819620492167,0.3753073347471754,0.4711002633797086,0.3806712642947264,0.0,0.45076298894821715,0.0,0.46392082139731405,0.48721758388935343,0.41891141110900076,0.4161644485220119,0.4417585796567071,0.3870628257414664,0.5148307033666514,0.4759647585914601,0.47113392345549965,0.4731092387825143,0.4636606652114922,0.416603210048793,0.451704752014206,0.46466959976010846,0.3818631641652414,0.3975714982784583,0.47513862379854166,0.4573688726912306,0.29385884455803885,0.3367505336767641,0.0,0.48172631326477805,0.0,0.521668966631009,0.49901962337577566,0.4354903583765662,0.0,0.0,0.0,0.0,0.5871423748346812,0.0,0.5330893237831265,0.5295024991665795,0.5283765924687988,0.4811718987653962,0.578770025792183,0.0,0.5121936857519688,0.0,0.5375243974049664,0.0,0.5077137047118068,0.0,0.0,0.0,0.5768809953409267,0.5199437674831268,0.51184748198956,0.5451020731739025,0.5445414848507426,0.0,0.0,0.0,0.5577102524945022,0.5430934592858445,0.5309776466215935,0.4786931944617834,0.5181103494235085
0.0,0.4931370338332437,0.33284010462245595,0.4536841632225167,0.376999124542245,0.3713757031007807,0.44014074700889727,0.5119006475279294,0.0,0.5413390821360468,0.3453809533353899,0.4531116435950025,0.45042611340728755,0.43538199491578644,0.0,0.4111722299327105,0.32387044188368613,0.27339886906274147,0.3015438231692292,0.4494274395756385,0.0,0.4801720802834021,0.4617725699657755,0.3707865411579978,0.37078746957899245,0.364382488706821,0.3747663767437058,0.48349822592446695,0.4187317484709651,0.4514712681285651,0.4891611783987695,0.4527774909797161,0.42291659755412614,0.4887697564013176,0.47109244984251347,0.4495638965235737,0.45288968504780225,0.46515674686054304,0.5122968878131827,0.24507721482484174,0.34318620404795,0.0,0.5218889664247147,0.0,0.0,0.0,0.33022597427184863,0.601863764719344,0.0,0.0,0.559450554708003,0.5304316549603234,0.5671524362648059,0.5860841525115782,0.0,0.5568735246737186,0.0,0.4664879901320148,0.0,0.3580999188906877,0.0,0.0,0.0,0.5895699052459922,0.0,0.0,0.328137814309414,0.5712009075337443,0.0,0.0,0.3308175194563241,0.5628765928258693,0.44429340609686363,0.38572494881241726,0.4015954472274642,0.38903696742087646
0.3897402671531531,0.322563435117991,0.41901580772145003,0.20584887398545393,0.5616171879497075,0.42066544507018677,0.46431389813492185,0.41132406495731166,0.5413390821360468,0.0,0.5078177990998746,0.3014430472172704,0.4432139182144402,0.3039505540971075,0.3212986921740716,0.39800350155802244,0.3714562668483016,0.3819982717822539,0.5144504085289506,0.36412743164565264,0.4476388661413808,0.3677517687469763,0.4419619012896094,0.358694462765571,0.3726163263682318,0.3700237924319752,0.4469597220975883,0.4164402878472819,0.3464900894418139,0.3133187954873436,0.3582386585608405,0.36315746517060116,0.3650020212857519,0.347237678544502,0.2892644003935395,0.2892404585212805,0.24362924801442504,0.27715307488593766,0.2434667273106842,0.45700679327451427,0.4068887955620876,0.0,0.35144784945077073,0.0,0.3760485035646238,0.4515298483808199,0.39948287014573736,0.0,0.0,0.0,0.0,0.0,0.0,0.0,0.5228769146477474,0.0,0.49587275796966346,0.0,0.0,0.36759088367480286,0.4137807477199541,0.5382571485613108,0.49473197839030575,0.0,0.0,0.0,0.0,0.32693816726713054,0.47286944823330895,0.49428090433567473,0.5120647647197663,0.0,0.29879106255931753,0.0,0.0,0.4760208046169609
0.0,0.0,0.3510607136571984,0.39618867103284094,0.34327884383579116,0.38522871130542297,0.5051494853204168,0.3736819620492167,0.3453809533353899,0.5078177990998746,0.0,0.42672084782637193,0.497470758389693,0.3187878052226966,0.0,0.0,0.38644868150171025,0.35282358005488196,0.29910058645459403,0.0,0.0,0.0,0.3446480016631565,0.4402210881092805,0.0,0.3153795763707486,0.38507445478122404,0.49048787034387986,0.0,0.0,0.5015012149193012,0.40876540112593746,0.4069221666772247,0.4924729324852539,0.4631124485618497,0.31020323227363034,0.4535185884042723,0.4318580875746338,0.4088713452586529,0.0,0.0,0.0,0.44935339560629867,0.0,0.0,0.0,0.0,0.5896611899734521,0.0,0.41127377254348685,0.5056123161542613,0.473221194292869,0.49262734715775813,0.5242197002028672,0.0,0.22246701170216243,0.0,0.4357223920708811,0.0,0.0,0.0,0.0,0.0,0.2555094889732763,0.0,0.0,0.0,0.5555591603339888,0.0,0.0,0.0,0.5491032592165588,0.37364230955646716,0.0,0.0,0.3473281418312365
0.3478485092141184,0.26414908210430044,0.3047852117519838,0.20178581286695457,0.40494917078172815,0.3534462631976678,0.3666818289452537,0.3753073347471754,0.4531116435950025,0.3014430472172704,0.42672084782637193,0.0,0.3750934760016923,0.30257656528240606,0.3029745253723284,0.3365714809492827,0.42021243017990795,0.38801504891731414,0.35282719880437957,0.33234075332866236,0.3853534935673494,0.35736710474997274,0.34052789879546963,0.28841497861675697,0.37526751061886554,0.3132452277030963,0.3210286702609765,0.3572987674161352,0.30424496551493674,0.0,0.34649875802448904,0.256052204960946,0.29039999490866764,0.25746921040955995,0.2340579239634457,0.2614321763873833,0.23555329955847737,0.2109256531526105,0.23832596949255463,0.4501046834010082,0.27342508507288593,0.27602291293685755,0.30479656574150016,0.0,0.2842866368122241,0.0,0.35988869381292543,0.0,0.0,0.0,0.0,0.0,0.0,0.0,0.5101918814060247,0.0,0.4816529296811503,0.0,0.0,0.0,0.0,0.5615537615158055,0.48619017320686786,0.0,0.0,0.0,0.0,0.0,0.4413333864597993,0.5122031928847119,0.5015313591218882,0.0,0.22832431429885702,0.0,0.0,0.4957923136777746
0.4443798095616907,0.485317830413605,0.5020586569510571,0.3350488434593705,0.4464043578736143,0.39423919734276747,0.3758294201389015,0.4711002633797086,0.45042611340728755,0.4432139182144402,0.497470758389693,0.3750934760016923,0.0,0.40510937947222664,0.0,0.49788944233981924,0.46626051132520396,0.5139983337483587,0.5061767292890735,0.4585367296650844,0.472671127052788,0.49888744126913687,0.46718831363471586,0.46058937238098635,0.46371361113143106,0.45069969072713617,0.47058593693386946,0.3677915378829426,0.4211060358767389,0.4267583821760545,0.4274949222276079,0.40818971600844156,0.39618102171122593,0.42407674106671334,0.38423182236674774,0.3468730815247995,0.3612096829241983,0.3433359570883348,0.4064802261505154,0.0,0.4959689350333999,0.3794986105071224,0.0,0.0,0.2957531022564811,0.0,0.2857978925193879,0.5123374831245274,0.0,0.0,0.5671022508181102,0.41046446581539076,0.5218901362987908,0.4268815522167142,0.0,0.4421429653588862,0.3990883345795137,0.498434850320044,0.0,0.37370576024772983,0.2935204296350006,0.0,0.0,0.4250355296558267,0.4219078653446264,0.4379165467794801,0.32379324703841283,0.544364254477258,0.0,0.3134310649580233,0.3605396953629697,0.5515929126454664,0.5247240020550585,0.49192805463558686,0.36581380610474523,0.39923988473764305
0.0,0.0,0.4276664182418611,0.2803982467928372,0.2977411250437757,0.4445410749216122,0.34850989518347,0.3806712642947264,0.43538199491578644,0.3039505540971075,0.3187878052226966,0.30257656528240606,0.40510937947222664,0.0,0.0,0.0,0.0,0.0,0.39542130699590167,0.0,0.0,0.0,0.37876205586640566,0.40791902260457047,0.0,0.0,0.43823716852209665,0.2728395408861303,0.0,0.0,0.0,0.2878402282472949,0.0,0.4283946451782785,0.35123477081453036,0.2159283372072254,0.18081064276738487,0.0,0.0,0.0,0.0,0.0,0.0,0.0,0.0,0.0,0.0,0.5118216217312366,0.0,0.0,0.0,0.0,0.0,0.5067278308836695,0.0,0.0,0.0,0.0,0.0,0.0,0.0,0.0,0.0,0.0,0.0,0.0,0.0,0.4939836053691037,0.0,0.0,0.0,0.0,0.0,0.0,0.0,0.0
0.4062744257415926,0.4664601761764414,0.0,0.0,0.0,0.47126057854985676,0.0,0.0,0.0,0.3212986921740716,0.0,0.3029745253723284,0.0,0.0,0.0,0.45452909466908575,0.0,0.44540211159294557,0.0,0.30657821414131287,0.44438551865795045,0.3972574866259706,0.37016145358233893,0.42096966093870947,0.4392756107480502,0.46541587458647005,0.4120826153283508,0.44575702199705125,0.42842991794892804,0.0,0.4499792484427416,0.47928089388906925,0.47014004560550665,0.4820559963288636,0.5238253177667921,0.38991329768533156,0.0,0.0,0.5296772700366646,0.5180575107728637,0.5431215285048459,0.5512107419534321,0.40780157992755617,0.0,0.0,0.0,0.5395060243974847,0.44192801560135164,0.0,0.0,0.5128674905523828,0.0,0.5371725616195582,0.369133304277148,0.0,0.0,0.0,0.0,0.0,0.5429999308593407,0.49386855613277525,0.0,0.3170309359446922,0.0,0.5250014905358679,0.5438264960526629,0.5378950191382542,0.5250041830295413,0.0,0.4018084189117647,0.6282513594444348,0.5331757962078317,0.485896841185327,0.5059790824422569,0.44650378946922015,0.5401521716815245
0.3889836878185707,0.3961205761067285,0.3601658710949084,0.0,0.44956715891933696,0.45426967830023646,0.5241695021800822,0.45076298894821715,0.4111722299327105,0.39800350155802244,0.0,0.3365714809492827,0.49788944233981924,0.0,0.45452909466908575,0.0,0.39912997413932055,0.338002618330975,0.32029987559010165,0.4166859885527921,0.42791403617819146,0.37865929026434164,0.46341662702901176,0.3649174119142712,0.3668291630800303,0.43285098060668076,0.459244971735478,0.48929542455477293,0.45402679759686326,0.4389143593434205,0.39290909871935953,0.460071561608781,0.3744707821797365,0.41758738615512697,0.4519693758288128,0.0,0.0,0.0,0.45923522917058035,0.43717508626720863,0.43475378693734296,0.48596225020244266,0.0,0.0,0.0,0.4646786284930155,0.46972835216952163,0.0,0.0,0.0,0.28594293212710964,0.0,0.0,0.0,0.32452897873030007,0.0,0.0,0.0,0.0,0.5056437085994778,0.43986833111521906,0.3307869220903507,0.4406665779826838,0.0,0.4633778306599715,0.49331067838625897,0.46951629390795174,0.38213380065472635,0.0,0.44320528171702134,0.48634414692059075,0.39882931688011947,0.0,0.39318532612901236,0.0,0.4379008145180102
0.4373037604753225,0.38939244170297094,0.0,0.0,0.4380599449727227,0.2856949314769005,0.42736826816500445,0.0,0.32387044188368613,0.3714562668483016,0.38644868150171025,0.42021243017990795,0.46626051132520396,0.0,0.0,0.39912997413932055,0.0,0.3495630474925817,0.33987688735959326,0.3920888347139025,0.4391297796406544,0.4155865021223596,0.3103880231850261,0.39483422031998483,0.3589014006407035,0.39074856838081806,0.295068981593834,0.44625730096623323,0.35128482107096537,0.0,0.38962185651085746,0.4591320174052118,0.39622511199089144,0.40010052782371486,0.37838548271032485,0.0,0.0,0.3737377696720708,0.0,0.4058459885818655,0.4395556465511199,0.0,0.0,0.0,0.0,0.0,0.43689714524006457,0.0,0.0,0.0,0.0,0.0,0.0,0.0,0.4988997499489432,0.0,0.5175126453742054,0.0,0.0,0.0,0.3771286580777382,0.5045735904804121,0.4695593357747796,0.0,0.0,0.0,0.0,0.0,0.5006249893920579,0.4703434019489012,0.48498576494672957,0.0,0.0,0.0,0.0,0.42747959948819275
0.3710978925086561,0.403513198901776,0.29605730536228936,0.0,0.3768723514892184,0.4355971079387275,0.4837519889824986,0.46392082139731405,0.27339886906274147,0.3819982717822539,0.35282358005488196,0.38801504891731414,0.5139983337483587,0.0,0.44540211159294557,0.338002618330975,0.3495630474925817,0.0,0.33049645350549867,0.43518331769091356,0.44081924071587086,0.4224364648134052,0.4625500461284293,0.3756557884314304,0.317257361646175,0.39800796511246833,0.4408604649674323,0.4881387145934756,0.44421719988649816,0.4040128348630739,0.39382875822022134,0.4832778808466062,0.38087035325588214,0.40807643093444484,0.40529238544177243,0.0,0.0,0.0,0.45928015596182575,0.4147005307542975,0.4389080428866155,0.0,0.0,0.0,0.0,0.46735869261916646,0.45393410631147657,0.0,0.0,0.0,0.0,0.0,0.0,0.0,0.4725303361942992,0.0,0.46142526714355675,0.0,0.0,0.0,0.4283945663294569,0.49381446246471605,0.439032500889674,0.0,0.0,0.0,0.4554794893309402,0.0,0.49785985025180274,0.4471845124822995,0.472358582222903,0.0,0.0,0.2872398295865708,0.0,0.4535628106059458
0.0,0.3939220333738744,0.2938099202856188,0.4203328888666977,0.4326248368078735,0.41631728478296715,0.5176942829888724,0.48721758388935343,0.3015438231692292,0.5144504085289506,0.29910058645459403,0.35282719880437957,0.5061767292890735,0.39542130699590167,0.0,0.32029987559010165,0.33987688735959326,0.33049645350549867,0.0,0.0,0.0,0.3808594271636795,0.4136886416029244,0.3483610960552923,0.0,0.31130726183492635,0.36758024399435285,0.48410835140490704,0.0,0.4372803021807011,0.5009622380994787,0.4453521094986769,0.383442370694974,0.49989760197908845,0.4581581130142846,0.4077134821002382,0.4436919178985388,0.3949541013252781,0.5028837573395593,0.0,0.3954118017232596,0.0,0.4984156744103934,0.0,0.0,0.0,0.0,0.6297889136942829,0.0,0.5277081976413868,0.5650047851079216,0.5184955690610846,0.5748336658703019,0.5819288132652612,0.0,0.5058278012058,0.0,0.45447517645016977,0.0,0.0,0.0,0.0,0.0,0.6034475027346141,0.0,0.0,0.0,0.5814483005437304,0.0,0.0,0.0,0.5842430491071213,0.37625417859972154,0.3831383743597542,0.0,0.0
0.4994380078650288,0.4575035488773984,0.0,0.0,0.4815862391518012,0.4337550219444787,0.4807345859672028,0.41891141110900076,0.4494274395756385,0.36412743164565264,0.0,0.33234075332866236,0.4585367296650844,0.0,0.30657821414131287,0.4166859885527921,0.3920888347139025,0.43518331769091356,0.0,0.0,0.44310446784736995,0.33848045485135697,0.25729926722983365,0.35717320531678165,0.43438858663245977,0.46811107119580225,0.3709166340942951,0.40958096568732705,0.35875446291576407,0.34409731666226406,0.40605386482512146,0.46815879794626614,0.42043962291823833,0.473236878854143,0.49929874776794325,0.5129367463369416,0.45802600489774276,0.0,0.5053676168049495,0.3678364709841163,0.5771021811764141,0.5174835742512129,0.3197952026765156,0.0,0.2923088092114039,0.0,0.4608196488532627,0.39001469660061977,0.0,0.0,0.48127452159728934,0.0,0.4981689428060511,0.0,0.0,0.0,0.32131017284827473,0.4131451472372286,0.0,0.5377709943021572,0.346329561523874,0.0,0.28480899593662556,0.0,0.5033719282302094,0.5343695622425765,0.5057113760871987,0.5299768688825821,0.0,0.2859514996099471,0.5250570311132883,0.5147858927553016,0.5665068306192411,0.5270626705407708,0.40966966081719175,0.5200835025456515
0.4540754453169386,0.43555504804688727,0.0,0.0,0.0,0.5063236897654071,0.44103174906520054,0.4161644485220119,0.0,0.4476388661413808,0.0,0.3853534935673494,0.472671127052788,0.0,0.44438551865795045,0.42791403617819146,0.4391297796406544,0.44081924071587086,0.0,0.44310446784736995,0.0,0.4900139213626267,0.4241564323199677,0.49154955357394,0.441705624595473,0.434618563084991,0.45838363204393745,0.471348167537394,0.44464408756097357,0.4732462371493258,0.4419119450005785,0.4524065336501474,0.3826761429512317,0.42999607642404897,0.46473707342853826,0.42802170775503234,0.0,0.38281824725818764,0.499109614300618,0.4521238643269915,0.5104615574949768,0.5672282077990618,0.0,0.0,0.0,0.38902968192148457,0.5295518081123909,0.5300614638596359,0.0,0.0,0.48994321342209146,0.0,0.46687154750332127,0.0,0.0,0.0,0.0,0.45347312796672645,0.0,0.5167114910306552,0.5002653746969677,0.0,0.0,0.0,0.48831548172353734,0.456250849927431,0.5258996258425762,0.5121407431765077,0.5419811464036478,0.4353027976322273,0.5534598327778799,0.5208572404092743,0.502676850948306,0.500085385960322,0.44303419671577343,0.5003124332173506
0.40371165841411566,0.3905973289130144,0.44582668152308996,0.0,0.49288876052780994,0.46690084547620136,0.5077933730090507,0.4417585796567071,0.4801720802834021,0.3677517687469763,0.0,0.35736710474997274,0.49888744126913687,0.0,0.3972574866259706,0.37865929026434164,0.4155865021223596,0.4224364648134052,0.3808594271636795,0.33848045485135697,0.4900139213626267,0.0,0.4456538407755743,0.2724258960086842,0.40780766547962083,0.4255619762820475,0.46644558810833575,0.40274644701551576,0.4331541185856483,0.3289256163473485,0.4029984899819119,0.48802080324844543,0.4237669846878211,0.4617849176814198,0.5165302528772641,0.546942091416865,0.5070357259278471,0.36238001522463364,0.5150251341105799,0.49396322927766956,0.49499533893633585,0.5313846123191237,0.39218228247074527,0.0,0.0,0.49629903090104954,0.4758263512261546,0.36923465413512796,0.0,0.0,0.50761948010768,0.0,0.5514270364007237,0.3406052563557201,0.0,0.0,0.0,0.295300427125951,0.0,0.5535987327671787,0.44575424211252873,0.0,0.3846941682234062,0.0,0.5360457591616031,0.5459386759739165,0.5185012286992152,0.5344561606130859,0.0,0.43698203033077077,0.5320594946800185,0.570853466981435,0.42035426300383594,0.5017303381018394,0.0,0.5006969083932454
0.5002544924418061,0.471107608943753,0.3810252617242657,0.40615112732447123,0.4627614597564813,0.42771132614099094,0.47343374486903683,0.3870628257414664,0.4617725699657755,0.4419619012896094,0.3446480016631565,0.34052789879546963,0.46718831363471586,0.37876205586640566,0.37016145358233893,0.46341662702901176,0.3103880231850261,0.4625500461284293,0.4136886416029244,0.25729926722983365,0.4241564323199677,0.4456538407755743,0.0,0.48745341940122267,0.4548012485445552,0.4812548423419151,0.36874108789565563,0.4553085218055846,0.421915857780819,0.44717416556990697,0.46146028919901705,0.4393063755203124,0.46184795255456124,0.4752369461741066,0.48484661951643687,0.36836762391981304,0.45298270588435163,0.3428866386423524,0.5277371176136566,0.5231807957408399,0.5465817085473395,0.5420204881860932,0.5015693251474939,0.46794783138441687,0.0,0.0,0.5436762323629218,0.6083988888500598,0.0,0.6055065809433489,0.5588085502815588,0.5601071286841997,0.5461245471541241,0.5858261853064071,0.384942154326463,0.5791362768246,0.0,0.5545244700096293,0.0,0.5323105624612053,0.3564034166174963,0.0,0.0,0.5980446688674648,0.5165924103198409,0.5336766332419779,0.5475144065461921,0.5649468418394331,0.0,0.3226893600548215,0.6398959956115606,0.5615654036636205,0.5475553221180727,0.5308285735385395,0.5369656264808439,0.553715877986843
0.3773151306221864,0.32854842668636197,0.0,0.0,0.43653593360906395,0.3088309994499752,0.41848129367548065,0.5148307033666514,0.3707865411579978,0.358694462765571,0.4402210881092805,0.28841497861675697,0.46058937238098635,0.40791902260457047,0.42096966093870947,0.3649174119142712,0.39483422031998483,0.3756557884314304,0.3483610960552923,0.35717320531678165,0.49154955357394,0.2724258960086842,0.48745341940122267,0.0,0.35136753336220544,0.34326447830893536,0.41560022997373847,0.3981112036717967,0.38848035041251977,0.0,0.37922348673700274,0.300183708938469,0.3104290243574347,0.30207934861537666,0.3012174748986062,0.2623855608195928,0.2559320407298555,0.2666099906970541,0.2926524434932719,0.43750500115562785,0.40485079183317885,0.0,0.3268518012880969,0.0,0.33622010175933903,0.4339874630036852,0.45356475197572793,0.0,0.0,0.0,0.0,0.0,0.0,0.0,0.5175672947220477,0.0,0.48003865666027973,0.0,0.0,0.0,0.4591260403404578,0.5153363758904245,0.4771223016112387,0.0,0.0,0.3531965506973693,0.0,0.0,0.4546530612933605,0.4862642265215422,0.48366232993321573,0.0,0.0,0.0,0.0,0.4803824010195676
0.3700338782353281,0.3617893989083747,0.2812334495164242,0.0,0.4012901007300388,0.4244649167233635,0.4796491327904147,0.4759647585914601,0.37078746957899245,0.3726163263682318,0.0,0.37526751061886554,0.46371361113143106,0.0,0.4392756107480502,0.3668291630800303,0.3589014006407035,0.317257361646175,0.0,0.43438858663245977,0.441705624595473,0.40780766547962083,0.4548012485445552,0.35136753336220544,0.0,0.34813360316937236,0.4298784248977692,0.45537323789672757,0.43922321708532663,0.0,0.39388517122978356,0.42861640385803984,0.35235889286503697,0.3837644305648243,0.38750488752283796,0.0,0.0,0.36473632702803593,0.46653150246390684,0.4266848910738676,0.4408132905173381,0.4610381943657662,0.0,0.0,0.0,0.4673478749751286,0.45904806005700544,0.0,0.0,0.0,0.2735335994317606,0.0,0.0,0.0,0.4942348497478464,0.0,0.47726123146972965,0.3170289682377198,0.0,0.4856942806049642,0.4344127662308779,0.4793241273128874,0.4431443230314696,0.0,0.0,0.4295398772266819,0.4613200097253795,0.36284673503108034,0.4678150549085444,0.4551321726222106,0.4740998038746188,0.3453520115637989,0.38331327687651184,0.421890313167276,0.0,0.44987620877666945
0.3635751046813321,0.38756893057095293,0.3393968010487668,0.0,0.3789515824794273,0.45653494484858875,0.45725118386170205,0.47113392345549965,0.364382488706821,0.3700237924319752,0.3153795763707486,0.3132452277030963,0.45069969072713617,0.0,0.46541587458647005,0.43285098060668076,0.39074856838081806,0.39800796511246833,0.31130726183492635,0.46811107119580225,0.434618563084991,0.4255619762820475,0.4812548423419151,0.34326447830893536,0.34813360316937236,0.0,0.4811230718483618,0.45202470892501195,0.44688897887379864,0.3784774535900031,0.3994480774389613,0.46350045645266086,0.38531897555104067,0.4080778779392262,0.4590264832714998,0.43268140796751986,0.0,0.35173519005614107,0.5135604471810207,0.42693398042856684,0.48093966906491264,0.5068338942710968,0.0,0.0,0.3967239767207853,0.4750564584243032,0.5112720484973559,0.3736907162671681,0.0,0.0,0.4930359140450542,0.3250964800672288,0.0,0.34345100016243013,0.5075626766451402,0.0,0.48166809020917833,0.37351719515796894,0.0,0.577485448103057,0.4789046668948802,0.48490162458298136,0.4616372905095539,0.0,0.5257416159625907,0.5551169799343556,0.5355029551040289,0.5934022307197167,0.46667015583142835,0.4744169682168349,0.50320105306642,0.5409932811103875,0.406310828933101,0.4983485305870516,0.0,0.4702857115713365
0.5305250633508448,0.46075353882925385,0.3438271560419504,0.4098658409767561,0.42638832032355173,0.3969381100684843,0.4705822541035459,0.4731092387825143,0.3747663767437058,0.4469597220975883,0.38507445478122404,0.3210286702609765,0.47058593693386946,0.43823716852209665,0.4120826153283508,0.459244971735478,0.295068981593834,0.4408604649674323,0.36758024399435285,0.3709166340942951,0.45838363204393745,0.46644558810833575,0.36874108789565563,0.41560022997373847,0.4298784248977692,0.4811230718483618,0.0,0.4517351322171176,0.405845403083729,0.428059334650328,0.4331011965473088,0.4458383468006224,0.420190249956221,0.4720558038831876,0.4836504156523669,0.4767137024914104,0.45054040014984315,0.318424514318687,0.5180827906334728,0.47930696691379737,0.536921938067595,0.5080736519005954,0.4817341278670232,0.31381310867847767,0.30356727909831205,0.0,0.4588991565535228,0.5986839150453662,0.0,0.5386102707070453,0.5400741315576525,0.5569189669920579,0.5623735389025404,0.58442048204585,0.0,0.5751370066694348,0.0,0.5790500977061339,0.0,0.5169824218693405,0.2841502819603444,0.0,0.0,0.6130587096856505,0.506792630996116,0.537484973144282,0.5452715136634043,0.5549788138922627,0.0,0.2878327942992083,0.5476028403201175,0.5452648682087718,0.5523542517150926,0.5436458860116867,0.5145953033102001,0.5407149568248911
0.49201864090023684,0.4829431168272102,0.4937757798844995,0.2562548402664962,0.44143295753385103,0.4169996670596445,0.40789649975512154,0.4636606652114922,0.48349822592446695,0.4164402878472819,0.49048787034387986,0.3572987674161352,0.3677915378829426,0.2728395408861303,0.44575702199705125,0.48929542455477293,0.44625730096623323,0.4881387145934756,0.48410835140490704,0.40958096568732705,0.471348167537394,0.40274644701551576,0.4553085218055846,0.3981112036717967,0.45537323789672757,0.45202470892501195,0.4517351322171176,0.0,0.3636464075684992,0.3568162489655582,0.3982661052623059,0.39343483672699453,0.35400658537432317,0.3970083897280552,0.333817803881904,0.27696317593266495,0.26723212360501347,0.31742129654069634,0.41176318157609393,0.29089735148323165,0.5251020256235279,0.4747369986970425,0.4045673062677563,0.0,0.2675068825801695,0.0,0.0,0.41763862218326697,0.0,0.0,0.5539508211539418,0.376626408572434,0.5457949139926221,0.34364867022716733,0.45398995451009194,0.3212312469276114,0.3607385243111395,0.5575798352419832,0.0,0.48539894688092955,0.0,0.0,0.0,0.35740273883504936,0.5070132108437532,0.49809215637670634,0.38863766004276695,0.5400067616933932,0.0,0.3328147436547799,0.42403959490445337,0.5346713504109776,0.6203356843536972,0.5499895526465745,0.4019382335387538,0.5144373974029552
0.4834886166138713,0.4577777782216647,0.39353608415080654,0.3571902079345792,0.43755933466472047,0.35239225308394956,0.46167897241651634,0.416603210048793,0.4187317484709651,0.3464900894418139,0.0,0.30424496551493674,0.4211060358767389,0.0,0.42842991794892804,0.45402679759686326,0.35128482107096537,0.44421719988649816,0.0,0.35875446291576407,0.44464408756097357,0.4331541185856483,0.421915857780819,0.38848035041251977,0.43922321708532663,0.44688897887379864,0.405845403083729,0.3636464075684992,0.0,0.37780220551980487,0.41239804842854844,0.41773888672054205,0.36078658826804416,0.46641167458255994,0.48106774211285813,0.48770707929366897,0.42129438906972033,0.30651932460253806,0.5024570457151017,0.33508796039455796,0.5773458186807713,0.47585868940421416,0.33173333212171785,0.0,0.0,0.0,0.429109252704831,0.4270636894772426,0.0,0.0,0.5402687238749176,0.3767201266836782,0.5129959626961719,0.34458782191616083,0.0,0.3470538919402588,0.29677549775117307,0.5887178915197255,0.0,0.5106050475341206,0.3034386164554879,0.0,0.0,0.38056736346597336,0.5156767697404301,0.5162842563590043,0.5643302882957598,0.5228123343295537,0.0,0.2624434412607009,0.48085437165575884,0.5159179890729624,0.5550093298355171,0.5008064237870534,0.47986683952232867,0.5166983542903959
0.0,0.0,0.44350912508249696,0.0,0.4976369092306975,0.44640672337715526,0.49068456840599683,0.451704752014206,0.4514712681285651,0.3133187954873436,0.0,0.0,0.4267583821760545,0.0,0.0,0.4389143593434205,0.0,0.4040128348630739,0.4372803021807011,0.34409731666226406,0.4732462371493258,0.3289256163473485,0.44717416556990697,0.0,0.0,0.3784774535900031,0.428059334650328,0.3568162489655582,0.37780220551980487,0.0,0.3506543606737814,0.3838541131031469,0.0,0.39719097904104494,0.35439413947869886,0.0,0.0,0.0,0.527648602047323,0.0,0.4673858614890781,0.5244939376500262,0.0,0.0,0.0,0.0,0.0,0.42549494982002145,0.0,0.0,0.4943456102523238,0.3789998749065433,0.4250105171272379,0.0,0.0,0.0,0.0,0.37049226280494796,0.0,0.4521563728842103,0.0,0.0,0.0,0.0,0.4797280869326036,0.0,0.0,0.549454864827523,0.0,0.0,0.0,0.5347103450201709,0.43041598300611383,0.473659287386544,0.0,0.4721601219403825
0.38387291090713965,0.3921725367100669,0.49089737138139194,0.0,0.4839448207931444,0.467280103771537,0.4551985820653245,0.46466959976010846,0.4891611783987695,0.3582386585608405,0.5015012149193012,0.34649875802448904,0.4274949222276079,0.0,0.4499792484427416,0.39290909871935953,0.38962185651085746,0.39382875822022134,0.5009622380994787,0.40605386482512146,0.4419119450005785,0.4029984899819119,0.46146028919901705,0.37922348673700274,0.39388517122978356,0.3994480774389613,0.4331011965473088,0.3982661052623059,0.41239804842854844,0.3506543606737814,0.0,0.4125062764419735,0.3736979659155645,0.3372495156866712,0.3218636969268127,0.40489695754629335,0.36299659111037913,0.3097681122614936,0.4502245135114486,0.40795337881823623,0.5152680698046608,0.0,0.3657787911657753,0.0,0.0,0.0,0.4498460636787464,0.40754358500830434,0.0,0.0,0.5257817536914178,0.33490988923079257,0.5262448087849556,0.3378961853212562,0.5261233582113778,0.0,0.41802080229856364,0.40029117336795833,0.0,0.5077821760065623,0.4330966018893277,0.4780114933667229,0.43276485687419275,0.36798360598653057,0.5042329299813038,0.0,0.4562583578039632,0.5378568388204021,0.5428773181577606,0.4588671721948735,0.4664697501625505,0.5358210033404448,0.5331745874598788,0.5360959816024402,0.43289530294185835,0.5164415684128567
0.43436216037770975,0.43669052092761196,0.46092300924580815,0.29318328235784163,0.4107924935186249,0.4405583660982987,0.417228280266656,0.3818631641652414,0.4527774909797161,0.36315746517060116,0.40876540112593746,0.256052204960946,0.40818971600844156,0.2878402282472949,0.47928089388906925,0.460071561608781,0.4591320174052118,0.4832778808466062,0.4453521094986769,0.46815879794626614,0.4524065336501474,0.48802080324844543,0.4393063755203124,0.300183708938469,0.42861640385803984,0.46350045645266086,0.4458383468006224,0.39343483672699453,0.41773888672054205,0.3838541131031469,0.4125062764419735,0.0,0.3707101503336568,0.3700473487282973,0.3777977082470638,0.30607875686043967,0.3003130460371081,0.2848496586297007,0.29762515843859216,0.27701841685009126,0.27983650000327054,0.32374318189327445,0.26430093318952774,0.21247624261792505,0.23545646701340595,0.4777469777359595,0.49503672669576987,0.5137085473655091,0.0,0.0,0.4924849070859373,0.21297404601113207,0.4748130729239827,0.3902602752047455,0.2629158440165994,0.39343241652873784,0.23074037651210763,0.4273667278080779,0.0,0.5200825591572154,0.49076832560053335,0.4721416658206027,0.5411758122156314,0.4421369789775312,0.4984725957227883,0.5089397702554945,0.49767386559779253,0.5191747655567648,0.2752048153954467,0.501971084651983,0.514304573961945,0.5173855965984432,0.2813700894321477,0.49787635001911873,0.511878389440875,0.5184196023210158
0.34829865514137914,0.365289195077213,0.3158064368504878,0.23283681232630402,0.3860707437763229,0.4528209557718917,0.37446633577413535,0.3975714982784583,0.42291659755412614,0.3650020212857519,0.4069221666772247,0.29039999490866764,0.39618102171122593,0.0,0.47014004560550665,0.3744707821797365,0.39622511199089144,0.38087035325588214,0.383442370694974,0.42043962291823833,0.3826761429512317,0.4237669846878211,0.46184795255456124,0.3104290243574347,0.35235889286503697,0.38531897555104067,0.420190249956221,0.35400658537432317,0.36078658826804416,0.0,0.3736979659155645,0.3707101503336568,0.0,0.25038877235677587,0.30872696617842554,0.26610437013913635,0.25134970437297194,0.20857045964519608,0.2799069062474957,0.32958962167018574,0.24818538777386873,0.0,0.29986133041851576,0.2345691649990644,0.24332027226057468,0.44041195675300787,0.4734096937758136,0.0,0.0,0.0,0.0,0.0,0.0,0.0,0.4172002193439928,0.0,0.38695843435857585,0.0,0.0,0.5506230823568543,0.4377441449780629,0.47679538049887293,0.45802642202932936,0.0,0.0,0.5490517805840878,0.48962736878125834,0.0,0.34260991375160676,0.45140414811312146,0.46931396122532837,0.5031291585247903,0.18610785356874088,0.0,0.0,0.0
0.38234096086042213,0.39782436242391406,0.5091840126565575,0.23983563372242964,0.4694150927921614,0.4654864646902511,0.42897931782758386,0.47513862379854166,0.4887697564013176,0.347237678544502,0.4924729324852539,0.25746921040955995,0.42407674106671334,0.4283946451782785,0.4820559963288636,0.41758738615512697,0.40010052782371486,0.40807643093444484,0.49989760197908845,0.473236878854143,0.42999607642404897,0.4617849176814198,0.4752369461741066,0.30207934861537666,0.3837644305648243,0.4080778779392262,0.4720558038831876,0.3970083897280552,0.46641167458255994,0.39719097904104494,0.3372495156866712,0.3700473487282973,0.25038877235677587,0.0,0.264190406758031,0.27173220216984695,0.2705008785273578,0.21907865724687525,0.26567414348076995,0.2734431335645213,0.3435101969432458,0.0,0.2681168914357638,0.17920831579409735,0.2287350464981275,0.4333574265379422,0.46680141650123924,0.37423991817843905,0.0,0.0,0.5418403485930667,0.3896606672644945,0.5252358630047775,0.3515146128095234,0.42458322050464137,0.34403424804277816,0.3395662407524026,0.5070657974076105,0.0,0.5260580318962825,0.4406827827862998,0.45370227609533764,0.4416546418490763,0.0,0.5076858264721125,0.48162008378880283,0.499808259938308,0.5440235699824546,0.33090902221408924,0.4496076274700643,0.47706881172806676,0.5361596123691472,0.43589085735577393,0.5267836228174723,0.4585022943618082,0.5426921591842887
0.38410188723433436,0.4410054261574882,0.4617690048782037,0.25837913890281533,0.4436168276790959,0.4647986392332819,0.38684086416840846,0.4573688726912306,0.47109244984251347,0.2892644003935395,0.4631124485618497,0.2340579239634457,0.38423182236674774,0.35123477081453036,0.5238253177667921,0.4519693758288128,0.37838548271032485,0.40529238544177243,0.4581581130142846,0.49929874776794325,0.46473707342853826,0.5165302528772641,0.48484661951643687,0.3012174748986062,0.38750488752283796,0.4590264832714998,0.4836504156523669,0.333817803881904,0.48106774211285813,0.35439413947869886,0.3218636969268127,0.3777977082470638,0.30872696617842554,0.264190406758031,0.0,0.30115725368356744,0.30918973804129496,0.25326269746189745,0.291880426407096,0.2426859141708761,0.2691004820450079,0.30817143496609906,0.21364175124642895,0.20547224890033333,0.23097080778813256,0.0,0.48804973662352136,0.0,0.0,0.0,0.46135771345528204,0.0,0.0,0.0,0.0,0.0,0.25017973369605356,0.0,0.0,0.5532065198302001,0.4526065416978859,0.0,0.0,0.0,0.4936131773606558,0.548550176671454,0.5308414660613047,0.5385059159799027,0.0,0.460454510695162,0.5073097573850404,0.53254969555823,0.2426376640455533,0.5006950988362808,0.0,0.47444609998743703
