0.0,0.4472102641483439,0.0,0.0,0.0,0.46283615887532387,0.3376075875772139,0.5394773637982138,0.0,0.4191727769356726,0.0,0.38381148745106985,0.42697617746980265,0.5209138169542477,0.45745155760138295,0.4610066472209664,0.0,0.4382551412384022,0.0,0.5006211053723808,0.45110248059919605,0.4489917130224319,0.5220038046911533,0.3928742937562602,0.411678840072235,0.3995743028467428,0.5517522180876377,0.4951148011343278,0.48195465764777645,0.0,0.40182190551131497,0.44921415985080415,0.38329970063827257,0.41809137222967235,0.4789928560404708,0.4561662307997322,0.0,0.3969099447756258,0.4947225145012734,0.4620075594383507,0.4627006683382785,0.0,0.0,0.0,0.0,0.41351265599472686,0.5225858437353798,0.0,0.0,0.0,0.4004762028574753,0.0,0.0,0.0,0.0,0.0,0.0,0.0,0.0,0.0,0.49732232751799677,0.0,0.4921923828048522,0.0,0.5740272847707928,0.38553964973467153,0.49113664090764425,0.0,0.4665265600222013,0.4919999840277054,0.5124532594507036,0.5136152938206214,0.0,0.5014914168309001,0.0,0.4415755510251843
0.4472102641483439,0.0,0.0,0.0,0.4561583712821977,0.44175359119756574,0.5393140751648654,0.47479656322122443,0.44674573139806806,0.0,0.0,0.0,0.4774390341261379,0.0,0.46395055505403066,0.4386023477783644,0.36859470700748076,0.42009089390892296,0.0,0.4667961679541655,0.44276356933432237,0.43261227861096474,0.4809531623698785,0.0,0.3931180926305567,0.40887000616348523,0.46871501703162144,0.4528306980532146,0.44650685442457166,0.0,0.38829840935999677,0.42955853298987196,0.37714810870691495,0.3887878348067364,0.4518231106056363,0.0,0.0,0.0,0.49659019201683546,0.48632013227458154,0.47450216346145613,0.5211256708200992,0.0,0.0,0.0,0.4864933414241845,0.5025794727599403,0.0,0.0,0.0,0.4410907350443505,0.3203470850913507,0.0,0.0,0.0,0.0,0.0,0.0,0.0,0.5287735727790219,0.48733095977592844,0.0,0.4731366931635271,0.0,0.5210532713518432,0.505589368515913,0.5003814054976707,0.554669765004331,0.0,0.4955822740611109,0.5272594789425297,0.5221609822137127,0.32242032836776674,0.4998894733891598,0.0,0.4709340381022793
0.0,0.0,0.0,0.4135628259507078,0.4514865252249988,0.45552074707043017,0.5319628001399287,0.5134741124984655,0.33806816116652605,0.4706950847465421,0.41316061944475896,0.3489385033833478,0.5524516023978553,0.4638084524170964,0.0,0.0,0.0,0.3501262998137454,0.3266856885902076,0.4836686426903326,0.0,0.0,0.41075243620845836,0.36549739233848694,0.0,0.3562929410592507,0.38215854910541924,0.5549873100476964,0.4593721377485086,0.0,0.546364205394891,0.5429105860714926,0.36864385949066014,0.565203316319034,0.5043414292756401,0.5047576599167775,0.5237063416906553,0.343897331562386,0.5430156127003245,0.0,0.33269334001785034,0.0,0.5344402232771215,0.0,0.0,0.0,0.0,0.6144858246556795,0.0,0.5537214229459198,0.6071053167917231,0.7047812941854685,0.645100947993456,0.6256656321618088,0.0,0.595327224528692,0.0,0.5733559099601999,0.5637519422555463,0.0,0.0,0.0,0.0,0.6485661572264607,0.0,0.0,0.0,0.6070719634635614,0.0,0.0,0.0,0.657828229225564,0.49761130768472617,0.0,0.0,0.0
0.0,0.0,0.4135628259507078,0.0,0.2839090376054494,0.46699685938839425,0.33061940782212085,0.4039410550040866,0.4663167405584336,0.27467533033026725,0.39146071980669433,0.25295292256597396,0.3424661096015857,0.29170260441304346,0.0,0.0,0.0,0.0,0.40067696609508985,0.43452252035221184,0.0,0.47363835126650555,0.4387927849646049,0.3270655067469941,0.0,0.0,0.4652212201958813,0.2912094056765667,0.35177736113861563,0.0,0.39889380008406716,0.3163896892241452,0.278107875821959,0.31031375086020097,0.30253742959193175,0.2490290898800323,0.19309229418673957,0.2849535249314792,0.2693073057517313,0.0,0.0,0.30621714310363535,0.0,0.0,0.0,0.0,0.0,0.0,0.0,0.0,0.0,0.0,0.0,0.0,0.0,0.0,0.23741935888993326,0.0,0.0,0.0,0.0,0.0,0.0,0.0,0.0,0.0,0.0,0.0,0.0,0.0,0.0,0.36530780378926836,0.0,0.0,0.0,0.0
0.0,0.4561583712821977,0.4514865252249988,0.2839090376054494,0.0,0.4548058489251963,0.3532170480480454,0.43638547606563555,0.39831320788177055,0.5275775249497828,0.37976536157309276,0.33685477507625844,0.4472827842102891,0.3374138477744956,0.0,0.4693586903116618,0.0,0.4036633806535856,0.4213488601002977,0.4913015968686595,0.0,0.49277428431759596,0.47170814186848287,0.0,0.4225934950099166,0.41710133362604146,0.4636547679048233,0.3576974934998534,0.47891365462161517,0.0,0.5096842070266102,0.42327761085369264,0.4070456076102984,0.4895643930941435,0.46101247759302927,0.2749379293190768,0.19517046625877477,0.42368514373033705,0.42223541195036574,0.26353368880432565,0.29297623943774687,0.0,0.4627360392420745,0.0,0.0,0.0,0.0,0.6013962342389458,0.0,0.40112737291406275,0.5470732678137344,0.403426409541059,0.5312862105244651,0.5338415694760824,0.0,0.52186129573934,0.0,0.36362726968943937,0.48327409853508774,0.0,0.0,0.0,0.0,0.5120196738826719,0.34061219188462744,0.0,0.0,0.5851790924308821,0.0,0.0,0.0,0.6067660292975412,0.3457718492785756,0.0,0.0,0.0
0.46283615887532387,0.44175359119756574,0.45552074707043017,0.46699685938839425,0.4548058489251963,0.0,0.470063003016815,0.47877764907670073,0.3862810128958871,0.5348027236829376,0.4733327481171108,0.4230797896643215,0.42110954279964125,0.46018178821383915,0.5014493468949192,0.4649745373745931,0.30588017985125365,0.4544577652493894,0.5489579940656546,0.45900421206127406,0.48778658550886334,0.45882221004158147,0.4622416943907188,0.3485683957627832,0.42562364823091986,0.44320080236659937,0.43716918172926084,0.44092026348192964,0.38823588995746244,0.46543570898089465,0.4615524249157087,0.4759400236022262,0.44985897301141614,0.48232067889287034,0.4665074901428673,0.47373676854073593,0.47768372746405063,0.431342904359712,0.5260590296612525,0.0,0.5658260300332699,0.0,0.5747231698510593,0.3669213317116925,0.0,0.0,0.37546873298635886,0.6192663134829631,0.0,0.5207591356891006,0.5942344165041563,0.7222695642675505,0.5699287206905082,0.6033557625569442,0.0,0.645944447461494,0.3549360251298354,0.6844657229139783,0.0,0.5502959253870346,0.2738244124720036,0.0,0.30526394719434785,0.6162620916024172,0.5609778842612695,0.0,0.663065420473568,0.5816948041986622,0.0,0.2769131141585338,0.45537743517018114,0.590103559241754,0.6250198379996844,0.5576897666283541,0.0,0.6199352167170804
0.3376075875772139,0.5393140751648654,0.5319628001399287,0.33061940782212085,0.3532170480480454,0.470063003016815,0.0,0.48236389385960354,0.4728044138484926,0.4248006946860689,0.5047414842619747,0.36421631382610714,0.3919518153861568,0.3880810546396979,0.0,0.5469555200507004,0.42633990117208376,0.5023730687845204,0.5154991687683315,0.4875918237337866,0.4382539747534684,0.4995702906036758,0.491813174567071,0.3584469689896958,0.48463791371296716,0.5183748837411684,0.4950052695361845,0.4060880114141636,0.48914312173842706,0.5069921050816538,0.4566656863229078,0.4342979876212798,0.36506936831769,0.41043522539890714,0.39552537605274596,0.34678549308935736,0.28142553754595007,0.3714840187587588,0.35775901636179314,0.27845236513336497,0.28630837893506145,0.28621428590275355,0.43220365700111274,0.0,0.0,0.0,0.31528807817214344,0.5705782172744307,0.0,0.3964365515439355,0.6032196791269173,0.42675011856598855,0.5101697343601632,0.4871175791011144,0.0,0.43001393689573497,0.2797860633060198,0.3838942036117419,0.4123767487803503,0.4010698236849649,0.0,0.0,0.0,0.4316645851736432,0.3545921121719552,0.0,0.329265116618795,0.5778338355664688,0.0,0.33314720561969596,0.3108327795873923,0.630933940353299,0.4044936038605168,0.3965945679043975,0.0,0.3774833408846934
0.5394773637982138,0.47479656322122443,0.5134741124984655,0.4039410550040866,0.43638547606563555,0.47877764907670073,0.48236389385960354,0.0,0.5263609149236671,0.4713201571369038,0.36213916674210256,0.4365024951005926,0.5059182557815076,0.34954109119899096,0.48019874496242965,0.4995302830350789,0.0,0.4954293497877833,0.4532236492089273,0.4606903150101562,0.42721057293556175,0.4486178427258579,0.3883836965740123,0.5340433789540884,0.49324645725801614,0.5093810779057093,0.5272936690570619,0.49105894424641905,0.43460115565595536,0.4999452399006067,0.49477068505498734,0.40102134135014494,0.0,0.49127273786889275,0.472980804984847,0.31903584563364773,0.32025607067195294,0.3965567578355923,0.5165183856707364,0.0,0.5527867122916006,0.0,0.4111781343511087,0.0,0.0,0.0,0.0,0.5816672337038211,0.0,0.45978869712002524,0.5493391346694465,0.5413296201020139,0.4314161325355412,0.5930857284482948,0.0,0.5178859839298254,0.0,0.5575008878321586,0.5102657214563585,0.5347995587270107,0.0,0.0,0.0,0.5539797596488931,0.5698861176961677,0.43612129039280934,0.0,0.519341466529571,0.0,0.0,0.0,0.5678556022593831,0.5749376929253833,0.5529960053638572,0.0,0.5670151940253931
0.0,0.44674573139806806,0.33806816116652605,0.4663167405584336,0.39831320788177055,0.3862810128958871,0.4728044138484926,0.5263609149236671,0.0,0.5889222666269863,0.3651949614865361,0.5317440961263928,0.46321209956058046,0.4483631321800251,0.0,0.42916286612964044,0.3483605159739281,0.34873349228769046,0.2873449459525899,0.47074858950104603,0.0,0.4548878366255458,0.48764525048759644,0.4006418684017997,0.49185611380138283,0.48953734432583373,0.4101828992494877,0.5282758997208884,0.43923464098254944,0.490220108781924,0.5372232420559593,0.508073506357515,0.4603915723304991,0.5317019439820447,0.5396039749143371,0.4731168105416371,0.5238603587814713,0.6276992911597707,0.5641177604244066,0.0,0.3252929577980429,0.30445139387177117,0.5338362680691863,0.3392504324427744,0.0,0.0,0.0,0.6280342569425011,0.0,0.5006278617909354,0.6097344149191989,0.6117397319858564,0.6098770540943423,0.6382190569992152,0.0,0.5977080345795325,0.3926168988980375,0.5658879884955914,0.5321669022025817,0.0,0.0,0.0,0.0,0.6129707162919289,0.3750839095164162,0.0,0.0,0.603509240349467,0.0,0.0,0.0,0.6066415416744707,0.5347195135273883,0.37838910809367354,0.0,0.43977314071121926
0.4191727769356726,0.0,0.4706950847465421,0.27467533033026725,0.5275775249497828,0.5348027236829376,0.4248006946860689,0.4713201571369038,0.5889222666269863,0.0,0.532769971883374,0.31839252825645314,0.4339056746487808,0.0,0.0,0.49892419195185456,0.37631258619180896,0.389863720954807,0.5268205839938098,0.3394113244451722,0.0,0.38013137456300605,0.5268791512759511,0.3822265244812937,0.3657650127257568,0.3581556589381781,0.5265748175307398,0.4241754838609217,0.0,0.0,0.3803764491533001,0.4175206591029397,0.3511494735182976,0.3822866814077215,0.3828373239105452,0.3336905617286993,0.22109854375075427,0.34794503546271566,0.40182517775841653,0.41594538077165133,0.4367806890593836,0.0,0.0,0.0,0.43129372685086015,0.0,0.0,0.0,0.0,0.0,0.0,0.0,0.0,0.0,0.5010467582435016,0.0,0.4967838766568031,0.0,0.0,0.0,0.0,0.5268566040079112,0.5397371814839836,0.0,0.0,0.0,0.0,0.0,0.49364080500004515,0.5126468615792994,0.5299779588077081,0.0,0.4626907927974152,0.0,0.0,0.46748011899513653
0.0,0.0,0.41316061944475896,0.39146071980669433,0.37976536157309276,0.4733327481171108,0.5047414842619747,0.36213916674210256,0.3651949614865361,0.532769971883374,0.0,0.47168437501598054,0.5232824019244873,0.33651445903380944,0.0,0.0,0.0,0.37016120550026466,0.33152851745446577,0.0,0.0,0.0,0.3860001527874319,0.44066426802502606,0.37585470646385555,0.3299736452525843,0.4658139216709677,0.5201080210365936,0.0,0.0,0.5241910712482766,0.4343526221172751,0.42569822791658873,0.5206872465803716,0.4890056065882643,0.3723787475394305,0.49893314487315904,0.4945751194807121,0.5154033733756754,0.0,0.34665192207498785,0.0,0.5146614064235882,0.0,0.0,0.0,0.0,0.6038650258399908,0.0,0.49539458487060384,0.590354775098898,0.5467044167683166,0.5518457958658685,0.5918241979052132,0.0,0.40660417327913956,0.0,0.5088601967335241,0.5506278710577075,0.0,0.0,0.0,0.0,0.42677124773942454,0.36234689354815647,0.0,0.0,0.6340665070538289,0.0,0.0,0.0,0.6246480022946199,0.4608160713857025,0.3560942746707768,0.0,0.4210449624454137
0.38381148745106985,0.0,0.3489385033833478,0.25295292256597396,0.33685477507625844,0.4230797896643215,0.36421631382610714,0.4365024951005926,0.5317440961263928,0.31839252825645314,0.47168437501598054,0.0,0.3943591221626365,0.30479618489663923,0.0,0.0,0.4061048895578092,0.46572788096049067,0.39152663737035887,0.3372980114098781,0.4877881340184264,0.3390110699310204,0.4131778479117346,0.3186041802775104,0.3577654713669527,0.33790383680799596,0.37884396369444134,0.3772424625060305,0.0,0.0,0.39125019864799704,0.32850761441294457,0.329880678819581,0.2896638302488991,0.3540872495846364,0.3317054983902591,0.2704998470354333,0.2880173762896906,0.28797275602030054,0.433123026647645,0.3706439024038481,0.0,0.0,0.0,0.4297420757287306,0.4126688060916888,0.0,0.0,0.0,0.0,0.0,0.3570989753040767,0.0,0.0,0.5039010178744131,0.0,0.48958717630484105,0.4548654367255227,0.0,0.0,0.4184476554822713,0.5566214933156025,0.5152988939178992,0.0,0.0,0.0,0.0,0.4340836430149283,0.4992832963276851,0.5043969029678027,0.5309038293434948,0.47260735618004945,0.37653444851547274,0.0,0.0,0.4988765776114991
0.42697617746980265,0.4774390341261379,0.5524516023978553,0.3424661096015857,0.4472827842102891,0.42110954279964125,0.3919518153861568,0.5059182557815076,0.46321209956058046,0.4339056746487808,0.5232824019244873,0.3943591221626365,0.0,0.39902160700237255,0.4902550091865754,0.509983565803215,0.471212262053296,0.5273581849013569,0.5251248297916139,0.4728207147589711,0.502088411479179,0.4946484457509293,0.5027439265885255,0.3941691207846113,0.46118227147716767,0.47124037921556505,0.5147687187040761,0.3688410072201767,0.43863778784913265,0.4488907473302215,0.4593897602608418,0.4447466487405406,0.4014010315066935,0.4245762858833497,0.40212303415552597,0.36894247491132937,0.33239946817560617,0.38907062682857213,0.48017151278252734,0.3083107394697584,0.36937933950211876,0.2810885357809598,0.4906793706569628,0.27626069370595097,0.3367559096182315,0.0,0.2949478209932039,0.6087408181797853,0.0,0.3884034620783917,0.7335117826761091,0.48415540886261144,0.5754658864982238,0.5349339553717676,0.0,0.46908066827150907,0.33517810989525565,0.604093386200729,0.0,0.4215263904272607,0.29537411867157043,0.0,0.0,0.4632210234510391,0.5124044964196013,0.44671729394969206,0.33240142907019776,0.5841695238444157,0.33286125294736246,0.3264423237521601,0.3573524960422242,0.6206806765091314,0.6871897065455592,0.5679590938444362,0.4105506192378859,0.46114667409693955
0.5209138169542477,0.0,0.4638084524170964,0.29170260441304346,0.3374138477744956,0.46018178821383915,0.3880810546396979,0.34954109119899096,0.4483631321800251,0.0,0.33651445903380944,0.30479618489663923,0.39902160700237255,0.0,0.0,0.0,0.0,0.0,0.4104790656499102,0.0,0.48624690997109565,0.0,0.4244512688658965,0.0,0.0,0.44736996786018984,0.48588103493356527,0.3101247314635411,0.0,0.0,0.5391323527644921,0.286694933770426,0.0,0.47148734189261865,0.0,0.2786163079033416,0.2290493121533638,0.0,0.5136526085303165,0.0,0.0,0.2686929190121117,0.46437685821591335,0.0,0.0,0.0,0.0,0.5454635783419428,0.0,0.49891415430238795,0.48246931621156436,0.46292479286157784,0.473079595604892,0.55972078595338,0.0,0.48365692983668673,0.0,0.0,0.4871714736193329,0.0,0.0,0.0,0.0,0.5369000102949675,0.0,0.0,0.0,0.5277417896985089,0.0,0.0,0.0,0.5442232448364304,0.0,0.0,0.0,0.3726682085082732
0.45745155760138295,0.46395055505403066,0.0,0.0,0.0,0.5014493468949192,0.0,0.48019874496242965,0.0,0.0,0.0,0.0,0.4902550091865754,0.0,0.0,0.46733129660392747,0.0,0.4473399542538968,0.0,0.424468256957329,0.4458966269804694,0.37373058150650146,0.39327187770508676,0.5082163957603236,0.4382483275131343,0.43490181321878063,0.462074824963312,0.4788973334799951,0.44868224636687465,0.4989246261309138,0.45647584593454993,0.4792584128484991,0.4595501156494202,0.479701344698361,0.5123887010107766,0.5341956078917698,0.0,0.0,0.5159509327561931,0.48705866552624233,0.5326914000955565,0.5636502944870316,0.5153441800729527,0.0,0.0,0.0,0.5535353826950264,0.0,0.0,0.0,0.562770908018609,0.0,0.5892727200445587,0.0,0.0,0.0,0.33491727334458415,0.45172251510737327,0.41914597503035705,0.4775752977773312,0.5265309479451555,0.0,0.3435391674585832,0.0,0.5074697246286053,0.521309461567886,0.526151025542169,0.5551909395147124,0.0,0.4135875936905361,0.5520857376882881,0.5728288270570687,0.5672054957942733,0.5474911014997624,0.48841989379311057,0.534278368530417
0.4610066472209664,0.4386023477783644,0.0,0.0,0.4693586903116618,0.4649745373745931,0.5469555200507004,0.4995302830350789,0.42916286612964044,0.49892419195185456,0.0,0.0,0.509983565803215,0.0,0.46733129660392747,0.0,0.45990975646660615,0.4140542359418767,0.0,0.48232744234573477,0.45816790267397484,0.4354315593166575,0.48831258692668017,0.40451318202422326,0.4249184730711926,0.46983432313941265,0.48724874101591065,0.527165942379576,0.48694573530230334,0.4472634230726688,0.38549833141340606,0.4620897159337303,0.4407551676608072,0.4328180033386603,0.49044945803867984,0.0,0.0,0.0,0.49499327504197055,0.49247848902873115,0.48134462837834685,0.5230119181873938,0.0,0.0,0.0,0.49157922551052624,0.5172164269985958,0.0,0.0,0.0,0.31063013291900854,0.0,0.0,0.0,0.0,0.0,0.0,0.0,0.0,0.5340368682057961,0.4930664464897129,0.0,0.49997634094718035,0.0,0.5000663138765176,0.0,0.506265366415716,0.4254581182253523,0.46418902331383055,0.4907969139180958,0.5241329704780407,0.443890945270883,0.36021734768715075,0.43061633712263425,0.0,0.47133567705498386
0.0,0.36859470700748076,0.0,0.0,0.0,0.30588017985125365,0.42633990117208376,0.0,0.3483605159739281,0.37631258619180896,0.0,0.4061048895578092,0.471212262053296,0.0,0.0,0.45990975646660615,0.0,0.37398910116766293,0.3371558135280264,0.34325184427335237,0.0,0.4082461555715952,0.3219624587237463,0.40993746967158246,0.36987486686958454,0.43126962729859986,0.0,0.4389944974745475,0.0,0.0,0.4012116256357169,0.452936982660106,0.37275155930171444,0.41448744871136534,0.42867192135209714,0.0,0.0,0.39507422966370004,0.44358240949165373,0.4301743452967052,0.42764576805504273,0.0,0.0,0.0,0.32881435072655885,0.0,0.0,0.0,0.0,0.0,0.0,0.0,0.0,0.0,0.4919023883544435,0.0,0.5142868691139965,0.0,0.0,0.0,0.435634090793405,0.5166708495767997,0.5135611855637566,0.0,0.0,0.0,0.0,0.0,0.5402513391445689,0.4788525711036332,0.5081336447624155,0.0,0.0,0.0,0.0,0.43191813057862277
0.4382551412384022,0.42009089390892296,0.3501262998137454,0.0,0.4036633806535856,0.4544577652493894,0.5023730687845204,0.4954293497877833,0.34873349228769046,0.389863720954807,0.37016120550026466,0.46572788096049067,0.5273581849013569,0.0,0.4473399542538968,0.4140542359418767,0.37398910116766293,0.0,0.34224332026895193,0.4457720818597985,0.4346471529984839,0.44160936411635743,0.48422408411253737,0.4006416272469854,0.3904847481937891,0.420201751887428,0.4876776539726264,0.48187493747230126,0.466555113092928,0.4542640939408926,0.40291013158464084,0.4877491099299048,0.3960271000699223,0.42174319852516523,0.4790952914804222,0.0,0.0,0.3195619602555332,0.46809657374341423,0.43258875194971197,0.45648727994286303,0.4953653845988148,0.0,0.0,0.0,0.47536942340012356,0.4916422232831246,0.0,0.0,0.0,0.0,0.0,0.0,0.0,0.47392658606364796,0.0,0.5045073682848039,0.0,0.0,0.4270389326906433,0.4745873599061217,0.5091352959722848,0.4797809379681294,0.0,0.3625113101881004,0.0,0.4938723848932468,0.0,0.5201750613372077,0.4806715307906327,0.5010264850227679,0.3303271656472198,0.0,0.3099467436523238,0.0,0.47700636920830086
0.0,0.0,0.3266856885902076,0.40067696609508985,0.4213488601002977,0.5489579940656546,0.5154991687683315,0.4532236492089273,0.2873449459525899,0.5268205839938098,0.33152851745446577,0.39152663737035887,0.5251248297916139,0.4104790656499102,0.0,0.0,0.3371558135280264,0.34224332026895193,0.0,0.0,0.0,0.0,0.4247865592707586,0.0,0.0,0.3301553788237429,0.40934273850603337,0.5094652486348228,0.0,0.0,0.5465504374224215,0.4993121446783583,0.39101377872242016,0.5529589251903808,0.49281045866296463,0.44451803051250294,0.5603287649782689,0.41552865775034376,0.509380129674567,0.0,0.3338375704893628,0.0,0.5337520204067736,0.0,0.0,0.0,0.0,0.6175343402841951,0.0,0.45512345589068004,0.5943291464435756,0.5109876088650328,0.5886012088512487,0.611302250209682,0.0,0.4076468204565392,0.35249790676062,0.4888560772332836,0.5506759039087478,0.0,0.0,0.0,0.0,0.5884307344541848,0.0,0.0,0.0,0.6059770994379903,0.0,0.0,0.0,0.6359245017558454,0.3752956602502632,0.40356569376345175,0.0,0.0
0.5006211053723808,0.4667961679541655,0.4836686426903326,0.43452252035221184,0.4913015968686595,0.45900421206127406,0.4875918237337866,0.4606903150101562,0.47074858950104603,0.3394113244451722,0.0,0.3372980114098781,0.4728207147589711,0.0,0.424468256957329,0.48232744234573477,0.34325184427335237,0.4457720818597985,0.0,0.0,0.49219973428034813,0.41090164627139597,0.3833936554841244,0.4064150188078402,0.437368977690298,0.48130582902946084,0.45701989627283834,0.40618015645023464,0.3763307654226826,0.38167215348413275,0.44869650275826123,0.48328734425969505,0.43183555794461626,0.4879804108889656,0.5066270542457139,0.5247615328089132,0.45542585188915874,0.0,0.5570324677633576,0.5901777634479225,0.7116690185462569,0.5673138425502083,0.43081483538424425,0.39286083411953654,0.35032131751471524,0.0,0.5626792072261857,0.0,0.0,0.4056053469963118,0.5650906789114142,0.3637622555409139,0.5581153151207632,0.0,0.0,0.0,0.3638947663494075,0.4772621127020027,0.421125816070496,0.5894473862548594,0.39070877764228423,0.0,0.3099621481476817,0.0,0.5660341362125181,0.6078914552485227,0.530793064066009,0.6197356300861038,0.0,0.323042187040014,0.5346322101513009,0.5784633698099082,0.7904924624480397,0.6303553737840095,0.4549050941665438,0.5953260288717046
0.45110248059919605,0.44276356933432237,0.0,0.0,0.0,0.48778658550886334,0.4382539747534684,0.42721057293556175,0.0,0.0,0.0,0.4877881340184264,0.502088411479179,0.48624690997109565,0.4458966269804694,0.45816790267397484,0.0,0.4346471529984839,0.0,0.49219973428034813,0.0,0.4761151226050648,0.4573272547367574,0.4909607199501117,0.4309866762392092,0.4437899764890049,0.4782861257219534,0.49098052769341183,0.44920954968054,0.4755232750880049,0.41691778723793826,0.4569930671775805,0.40444870759675117,0.4367732508690097,0.4986543258536723,0.46746483984736853,0.5220798337945094,0.40675042106430614,0.5111862148091973,0.5152346017208747,0.5394233390708417,0.5590842719400704,0.0,0.0,0.0,0.39192527419913376,0.5344686040809586,0.0,0.0,0.0,0.0,0.0,0.5019872313295592,0.0,0.0,0.0,0.0,0.45021482714749383,0.0,0.5074014653398993,0.5326826026868459,0.0,0.3848509850525781,0.0,0.5352006960156852,0.4206032003264227,0.5428796173831314,0.5142525881721359,0.0,0.4367418577745832,0.5486741801161844,0.5563142548745981,0.5376872783988172,0.5007485566545091,0.46971649409557126,0.5028829437735076
0.4489917130224319,0.43261227861096474,0.0,0.47363835126650555,0.49277428431759596,0.45882221004158147,0.4995702906036758,0.4486178427258579,0.4548878366255458,0.38013137456300605,0.0,0.3390110699310204,0.4946484457509293,0.0,0.37373058150650146,0.4354315593166575,0.4082461555715952,0.44160936411635743,0.0,0.41090164627139597,0.4761151226050648,0.0,0.4475448949701867,0.3142691386139133,0.4271920796185445,0.4475720088776041,0.4851539002736888,0.4575826114877025,0.431509530814046,0.41830493223192194,0.435941639781712,0.47882197509401064,0.43753170360330773,0.4691364985144322,0.5106374605929286,0.5376449344559195,0.4824960161741624,0.0,0.5284305186220674,0.5191324293445059,0.5101848252472523,0.5448041713725238,0.508983852345025,0.0,0.0,0.49697825060731937,0.5149386950329942,0.0,0.0,0.0,0.48291312452576773,0.0,0.5727530069510464,0.0,0.0,0.0,0.35904107078864345,0.3387585211440301,0.0,0.5529022259067747,0.5168098022043636,0.0,0.4399486938008651,0.0,0.5320116229730889,0.5230142517446352,0.5338566025996896,0.5489081049474025,0.0,0.49782313632722996,0.5458254563706127,0.5913900835513007,0.43743956584451826,0.5448468781406601,0.423887365895512,0.5061966003491496
0.5220038046911533,0.4809531623698785,0.41075243620845836,0.4387927849646049,0.47170814186848287,0.4622416943907188,0.491813174567071,0.3883836965740123,0.48764525048759644,0.5268791512759511,0.3860001527874319,0.4131778479117346,0.5027439265885255,0.4244512688658965,0.39327187770508676,0.48831258692668017,0.3219624587237463,0.48422408411253737,0.4247865592707586,0.3833936554841244,0.4573272547367574,0.4475448949701867,0.0,0.5449912737138277,0.46681131340558435,0.502527525452609,0.4285472389604419,0.494535443175689,0.45684291152730844,0.4907667938032687,0.4935834387733034,0.47422421495196254,0.4803136741365923,0.5092952841270157,0.5201715225846169,0.4668785297372779,0.49772713096880944,0.4426254301705582,0.5675362522805977,0.4832735155701877,0.5748179518032208,0.5004249949321564,0.5406599737300877,0.46460277873987565,0.3872986845940576,0.0,0.5995885821047608,0.6198999215565106,0.3710273434697816,0.5658141317331374,0.5895618145686243,0.5870430568174734,0.5529247500210609,0.5998434234268053,0.0,0.5913795395135362,0.37837644071189314,0.5827138317273145,0.5580058213190772,0.5635101962588779,0.3792718842336464,0.0,0.0,0.6002066604609534,0.5837767678620237,0.54757911662187,0.584597446921567,0.5694916715647181,0.0,0.3303100726380765,0.6428175858943577,0.5900072756362832,0.5816046456547244,0.5650344460091692,0.5770134189600226,0.5965583000531028
0.3928742937562602,0.0,0.36549739233848694,0.3270655067469941,0.0,0.3485683957627832,0.3584469689896958,0.5340433789540884,0.4006418684017997,0.3822265244812937,0.44066426802502606,0.3186041802775104,0.3941691207846113,0.0,0.5082163957603236,0.40451318202422326,0.40993746967158246,0.4006416272469854,0.0,0.4064150188078402,0.4909607199501117,0.3142691386139133,0.5449912737138277,0.0,0.37549467248537677,0.3547917769710651,0.4041546475377155,0.37842776532036776,0.39635916933352466,0.0,0.387601794386379,0.37255427524779666,0.29441000065419626,0.32859201748136935,0.34378228103640746,0.2984473996471875,0.3178181951225534,0.2906091646200075,0.3725870009471449,0.42711042235960456,0.4340241718554964,0.5931519993693717,0.0,0.0,0.4048685870478387,0.4254001623165449,0.4924025383253764,0.0,0.0,0.0,0.0,0.0,0.0,0.0,0.4860123061121461,0.0,0.4817788431006757,0.0,0.0,0.0,0.48504324953640987,0.5051170211724778,0.49546434480875623,0.0,0.0,0.0,0.0,0.0,0.4466435211065401,0.4878548926296815,0.5115552923199607,0.0,0.0,0.0,0.0,0.4722845128813564
0.411678840072235,0.3931180926305567,0.0,0.0,0.4225934950099166,0.42562364823091986,0.48463791371296716,0.49324645725801614,0.49185611380138283,0.3657650127257568,0.37585470646385555,0.3577654713669527,0.46118227147716767,0.0,0.4382483275131343,0.4249184730711926,0.36987486686958454,0.3904847481937891,0.0,0.437368977690298,0.4309866762392092,0.4271920796185445,0.46681131340558435,0.37549467248537677,0.0,0.3760492677435759,0.4389720405310838,0.44202870559370194,0.43009411012159393,0.0,0.40061676550290093,0.43178712304551653,0.35848505715311585,0.39306608452059133,0.42253529526423356,0.0,0.0,0.39283563319654635,0.47621485432355787,0.4466177305809179,0.4596108160925632,0.48735349480199347,0.0,0.0,0.39159338929373566,0.46819085859796034,0.4813476831238203,0.0,0.0,0.0,0.290094894827407,0.0,0.0,0.0,0.47685242661503735,0.0,0.4814049680676175,0.3346368832850955,0.0,0.4838480641594447,0.4763523554817085,0.48057820463199485,0.47398368684985764,0.0,0.47140029546824813,0.4466948484203564,0.5452321859005616,0.3476984589919624,0.4838298941008034,0.4769557089330691,0.4963189508716946,0.3368311317208926,0.3840809522209606,0.4656607400019084,0.0,0.4604340401550311
0.3995743028467428,0.40887000616348523,0.3562929410592507,0.0,0.41710133362604146,0.44320080236659937,0.5183748837411684,0.5093810779057093,0.48953734432583373,0.3581556589381781,0.3299736452525843,0.33790383680799596,0.47124037921556505,0.44736996786018984,0.43490181321878063,0.46983432313941265,0.43126962729859986,0.420201751887428,0.3301553788237429,0.48130582902946084,0.4437899764890049,0.4475720088776041,0.502527525452609,0.3547917769710651,0.3760492677435759,0.0,0.507845469547502,0.47210859648342535,0.4320152465018878,0.3808571284822435,0.41477182624357445,0.4596229359807804,0.395213676907892,0.42060491058712424,0.48191429768198824,0.4763122382193025,0.0,0.36614774901148617,0.5066577166124511,0.4624597393088743,0.4871241664622675,0.5053166710070347,0.4845689570299387,0.0,0.408385387525605,0.4860268816780406,0.5224751906108803,0.0,0.0,0.0,0.493238247868578,0.3197788678019581,0.0,0.0,0.5049402794247568,0.0,0.5087508545688345,0.0,0.0,0.5587718813638273,0.5022245503858981,0.4956997765482604,0.49023226346662974,0.0,0.5483626090358967,0.5328232701941108,0.5381246815342677,0.5539463101042168,0.4941299056540096,0.49058475105367094,0.5171289460476184,0.5328639892343683,0.40751475149681937,0.508438281381877,0.0,0.47884357239211267
0.5517522180876377,0.46871501703162144,0.38215854910541924,0.4652212201958813,0.4636547679048233,0.43716918172926084,0.4950052695361845,0.5272936690570619,0.4101828992494877,0.5265748175307398,0.4658139216709677,0.37884396369444134,0.5147687187040761,0.48588103493356527,0.462074824963312,0.48724874101591065,0.0,0.4876776539726264,0.40934273850603337,0.45701989627283834,0.4782861257219534,0.4851539002736888,0.4285472389604419,0.4041546475377155,0.4389720405310838,0.507845469547502,0.0,0.50422561579108,0.4447344256857205,0.4782438431340799,0.48102576068377506,0.4854169080822359,0.455922973479435,0.5070121338691901,0.49829136174021427,0.5111906471626463,0.4761145072848558,0.3848741128872457,0.5633944567935414,0.40858116291662144,0.5730348020309505,0.4686438671271774,0.5473848628599209,0.3349985265981865,0.37044127146780487,0.0,0.5113247788603289,0.6315028120236702,0.0,0.5742061420034883,0.6092099301228106,0.6431238185435566,0.5985968211028717,0.6246345055319796,0.31475653345800125,0.6071140987320397,0.37046218032501993,0.6757946959290444,0.564896873331978,0.5700498374085514,0.31794287043579483,0.0,0.0,0.6291021332424291,0.6188926646371089,0.5522530243758268,0.6603859099026941,0.5962539148402433,0.0,0.2931631151713756,0.5660688024022239,0.6042576242688734,0.6369292558070413,0.6494422820285768,0.5763181616879733,0.6315874546413149
0.4951148011343278,0.4528306980532146,0.5549873100476964,0.2912094056765667,0.3576974934998534,0.44092026348192964,0.4060880114141636,0.49105894424641905,0.5282758997208884,0.4241754838609217,0.5201080210365936,0.3772424625060305,0.3688410072201767,0.3101247314635411,0.4788973334799951,0.527165942379576,0.4389944974745475,0.48187493747230126,0.5094652486348228,0.40618015645023464,0.49098052769341183,0.4575826114877025,0.494535443175689,0.37842776532036776,0.44202870559370194,0.47210859648342535,0.50422561579108,0.0,0.35930179380364374,0.3767323136991618,0.4134794785895245,0.42944211422096684,0.36034594795791874,0.4072375692464882,0.3645795252237661,0.29351063838739294,0.25366015678091747,0.3565455413624944,0.4621571350594631,0.3274625310884208,0.40598258400944637,0.30826546993425946,0.422212535759657,0.3009265123954248,0.3553671841994084,0.0,0.3234705670542066,0.48258662191890844,0.0,0.3578521987179365,0.6215867159254367,0.42967070981349575,0.6173854074813667,0.4125696778094341,0.0,0.3982463637904642,0.33197653688990136,0.6464245485191782,0.0,0.5450735354221841,0.0,0.0,0.3301910189681874,0.3695938156584113,0.5773400924399021,0.5091887730665055,0.4237288832788658,0.5788544697614477,0.0,0.33572974995984417,0.40976485000739854,0.5844494014581494,0.7345336214158171,0.635633435584507,0.4272531659189128,0.585206519810096
0.48195465764777645,0.44650685442457166,0.4593721377485086,0.35177736113861563,0.47891365462161517,0.38823588995746244,0.48914312173842706,0.43460115565595536,0.43923464098254944,0.0,0.0,0.0,0.43863778784913265,0.0,0.44868224636687465,0.48694573530230334,0.0,0.466555113092928,0.0,0.3763307654226826,0.44920954968054,0.431509530814046,0.45684291152730844,0.39635916933352466,0.43009411012159393,0.4320152465018878,0.4447344256857205,0.35930179380364374,0.0,0.4164317130127894,0.4159538133090516,0.4336275044782434,0.368105636017087,0.4665077895328582,0.4706055428795989,0.45622918784909233,0.4152956861612291,0.0,0.5475786741535638,0.35806424469120146,0.4905617042394254,0.43008333388524866,0.46239376715682795,0.30551708614335865,0.348270295291444,0.0,0.5225490880806537,0.46705020578736667,0.0,0.38255779888265823,0.66809553365253,0.44476536638860126,0.5896180283781207,0.39268913273680944,0.0,0.40572437198866973,0.328222677028468,0.7174007780311845,0.0,0.5542598132721827,0.3163596733304411,0.0,0.29372322131963235,0.4169795233096893,0.661861788059238,0.5277382665983751,0.6248164410221477,0.5685883769545858,0.46094998247520724,0.2921293219136119,0.48106369154372874,0.5724802175422427,0.6761168278063525,0.5531785126973503,0.5282736868806848,0.5894390298102394
0.0,0.0,0.0,0.0,0.0,0.46543570898089465,0.5069921050816538,0.4999452399006067,0.490220108781924,0.0,0.0,0.0,0.4488907473302215,0.0,0.4989246261309138,0.4472634230726688,0.0,0.4542640939408926,0.0,0.38167215348413275,0.4755232750880049,0.41830493223192194,0.4907667938032687,0.0,0.0,0.3808571284822435,0.4782438431340799,0.3767323136991618,0.4164317130127894,0.0,0.4029251062277351,0.46862693091307744,0.0,0.41808591742538653,0.42361737459527904,0.4127223815214851,0.0,0.0,0.5484940394160523,0.0,0.0,0.0,0.4057078334335711,0.44366479819147714,0.0,0.0,0.0,0.0,0.0,0.0,0.0,0.0,0.45258924525118416,0.0,0.0,0.0,0.0,0.0,0.0,0.49116401022153133,0.0,0.0,0.0,0.0,0.5501741946494607,0.5548389696884961,0.0,0.576537100865682,0.0,0.0,0.0,0.6015819921767998,0.4632402125105473,0.5217927418131667,0.0,0.4994349176525068
0.40182190551131497,0.38829840935999677,0.546364205394891,0.39889380008406716,0.5096842070266102,0.4615524249157087,0.4566656863229078,0.49477068505498734,0.5372232420559593,0.3803764491533001,0.5241910712482766,0.39125019864799704,0.4593897602608418,0.5391323527644921,0.45647584593454993,0.38549833141340606,0.4012116256357169,0.40291013158464084,0.5465504374224215,0.44869650275826123,0.41691778723793826,0.435941639781712,0.4935834387733034,0.387601794386379,0.40061676550290093,0.41477182624357445,0.48102576068377506,0.4134794785895245,0.4159538133090516,0.4029251062277351,0.0,0.4188618499845522,0.36941802320699957,0.32493362668419545,0.3784769820163094,0.4646171375942808,0.3415109054201871,0.32457561478490266,0.47897476083304974,0.45203248678899655,0.4151997915903236,0.0,0.4079412855771577,0.0,0.0,0.44907650987398107,0.4716606258586048,0.4705084185786127,0.0,0.0,0.6359127323544336,0.38097808472678774,0.0,0.3839108579267274,0.49313348065673535,0.0,0.47606803517875435,0.0,0.0,0.5187117222702434,0.4624507786935056,0.46494591024692666,0.4748479556553338,0.0,0.5493839696773306,0.43737617508836407,0.4966003877749329,0.5704271739699409,0.4365019116731975,0.4740055059891723,0.48305566599453875,0.5882550690444115,0.6363145822624724,0.5766631985220403,0.0,0.5048787157512411
0.44921415985080415,0.42955853298987196,0.5429105860714926,0.3163896892241452,0.42327761085369264,0.4759400236022262,0.4342979876212798,0.40102134135014494,0.508073506357515,0.4175206591029397,0.4343526221172751,0.32850761441294457,0.4447466487405406,0.286694933770426,0.4792584128484991,0.4620897159337303,0.452936982660106,0.4877491099299048,0.4993121446783583,0.48328734425969505,0.4569930671775805,0.47882197509401064,0.47422421495196254,0.37255427524779666,0.43178712304551653,0.4596229359807804,0.4854169080822359,0.42944211422096684,0.4336275044782434,0.46862693091307744,0.4188618499845522,0.0,0.3674271789921511,0.3988925805928046,0.4018589770930589,0.3334982309350046,0.3390471331282344,0.2712499259923866,0.29203794585646703,0.2966966640841129,0.3356852831796519,0.35081445685531293,0.31078378385288713,0.25404889158463656,0.2779049636253593,0.47746979303074727,0.5070186405822092,0.5811789544030939,0.0,0.3645336834913683,0.5120686619089619,0.3554139105544963,0.5241874730456305,0.4973942402814298,0.2411340633138226,0.4678399791592666,0.23496310965210163,0.47280410793608607,0.4748827867623152,0.5397207972632156,0.5261279787578472,0.4461397054797037,0.5556196789033149,0.4745190688869828,0.5492391998225187,0.48942442264198577,0.5231199576843503,0.5549663159456711,0.26544344230116956,0.5222555594003212,0.508735557708802,0.5499999321064315,0.44891253087258837,0.5171828207180966,0.5409240285912651,0.5300188827006197
0.38329970063827257,0.37714810870691495,0.36864385949066014,0.278107875821959,0.4070456076102984,0.44985897301141614,0.36506936831769,0.0,0.4603915723304991,0.3511494735182976,0.42569822791658873,0.329880678819581,0.4014010315066935,0.0,0.4595501156494202,0.4407551676608072,0.37275155930171444,0.3960271000699223,0.39101377872242016,0.43183555794461626,0.40444870759675117,0.43753170360330773,0.4803136741365923,0.29441000065419626,0.35848505715311585,0.395213676907892,0.455922973479435,0.36034594795791874,0.368105636017087,0.0,0.36941802320699957,0.3674271789921511,0.0,0.284922840904317,0.41373527724025044,0.3872990255916252,0.26820159891565853,0.21955681843826125,0.30160134832975866,0.2870643039662668,0.28548426175485203,0.31678682356665705,0.0,0.25335500370624564,0.3162737215957866,0.4582802488227028,0.49911749287083074,0.0,0.0,0.0,0.0,0.0,0.0,0.0,0.4236639556513649,0.0,0.42693423126402275,0.3041933613501028,0.0,0.539761116152583,0.4874719226613479,0.46372444885757297,0.5152548920751058,0.0,0.5192608524246499,0.0,0.5220290120747143,0.5350478871908527,0.3838687713956531,0.4787857586183021,0.4866439969564545,0.0,0.37375697393618534,0.0,0.0,0.47951676370245505
0.41809137222967235,0.3887878348067364,0.565203316319034,0.31031375086020097,0.4895643930941435,0.48232067889287034,0.41043522539890714,0.49127273786889275,0.5317019439820447,0.3822866814077215,0.5206872465803716,0.2896638302488991,0.4245762858833497,0.47148734189261865,0.479701344698361,0.4328180033386603,0.41448744871136534,0.42174319852516523,0.5529589251903808,0.4879804108889656,0.4367732508690097,0.4691364985144322,0.5092952841270157,0.32859201748136935,0.39306608452059133,0.42060491058712424,0.5070121338691901,0.4072375692464882,0.4665077895328582,0.41808591742538653,0.32493362668419545,0.3988925805928046,0.284922840904317,0.0,0.30310391232644956,0.33891479190444973,0.2956733426672938,0.22900507749063173,0.3474606894772273,0.28144790588055724,0.31336898020561355,0.3411176183640707,0.29155731263329177,0.2353965527235465,0.2553432141731796,0.4442056331605412,0.49829814708031317,0.41744289975977505,0.0,0.0,0.5501204841026066,0.275870498022717,0.5698650266713978,0.3353843106959121,0.4673326966758997,0.340390428441953,0.3287521175225852,0.2738860593560445,0.0,0.5389343296622545,0.47776548053600515,0.4704457100243794,0.48099830308559827,0.0,0.5395788537289952,0.4692620424248038,0.5190586512720324,0.5698350292436537,0.455574385540814,0.4731194724793604,0.5050026533969746,0.5508796326224246,0.4606027740216209,0.580624386623158,0.0,0.42035108307928504
0.4789928560404708,0.4518231106056363,0.5043414292756401,0.30253742959193175,0.46101247759302927,0.4665074901428673,0.39552537605274596,0.472980804984847,0.5396039749143371,0.3828373239105452,0.4890056065882643,0.3540872495846364,0.40212303415552597,0.0,0.5123887010107766,0.49044945803867984,0.42867192135209714,0.4790952914804222,0.49281045866296463,0.5066270542457139,0.4986543258536723,0.5106374605929286,0.5201715225846169,0.34378228103640746,0.42253529526423356,0.48191429768198824,0.49829136174021427,0.3645795252237661,0.4706055428795989,0.42361737459527904,0.3784769820163094,0.4018589770930589,0.41373527724025044,0.30310391232644956,0.0,0.4370786103951994,0.3635751692451623,0.2703848000225517,0.34458333832956234,0.3158485392236752,0.3398039610803496,0.3824440347430101,0.3010942734903349,0.2997244860127559,0.29124563997809727,0.0,0.517748850852669,0.3271601734357261,0.25288717701721164,0.30905277680325344,0.3813346785667053,0.2743992217069567,0.0,0.3151083122632585,0.0,0.33844236971359015,0.3070866194925429,0.26455858360265305,0.0,0.564931951566137,0.49785241749233666,0.0,0.49469089691822926,0.32795886588572665,0.5106196166895189,0.5258183265785753,0.5465340725277519,0.4975855860850996,0.0,0.4983045286533653,0.5329370564252804,0.47861773559309057,0.30780195205474015,0.0,0.0,0.0
