0,1,2,3,4,5,6,7,8,9,10,11,12,13,14,15,16,17,18,19,20,21,22,23,24,25,26,27,28,29,30,31,32,33,34,35,36,37,38,39,40,41,42,43,44,45,46,47,48,49,50,51,52,53,54,55,56,57,58,59,60,61,62,63,64,65,66,67,68,69,70,71,72,73,74,75
0.0,0.46618290272662655,0.0,0.0,0.0,0.48516494050876025,0.0,0.5557822522771582,0.0,0.4685526081154259,0.0,0.4728557117142632,0.0,0.5420244120360476,0.4356852361538229,0.4484515908171136,0.3983514597564026,0.4156449206399362,0.0,0.49309632455894997,0.4700996815877127,0.4410374515220801,0.5317773512432177,0.45775457221575316,0.4265775714575226,0.4292959276444576,0.6213166059298847,0.5275074099971582,0.5021644597127803,0.0,0.4091916935563841,0.45565546872741247,0.3500988161662011,0.3846304494693925,0.42834077017998673,0.0,0.0,0.44811738989713257,0.460630865240342,0.4134769506045432,0.4182773998245972,0.0,0.0,0.0,0.0,0.49728232027361724,0.5013914770963553,0.0,0.0,0.0,0.4113703782179022,0.0,0.0,0.0,0.47573217198504913,0.0,0.0,0.0,0.0,0.0,0.4662996174482587,0.0,0.4380577930665202,0.0,0.4668174592256211,0.0,0.4712165112129381,0.0,0.509996261713169,0.43157954868777165,0.5091065174622381,0.0,0.0,0.5048939996225192,0.0,0.40612681495630554
0.46618290272662655,0.0,0.0,0.0,0.432484239569215,0.44222725042492944,0.48350584254576917,0.48481644967342774,0.4099344709881286,0.3235957895578786,0.0,0.0,0.4807092025709948,0.0,0.4402019234713685,0.4445712410497257,0.3838546888212695,0.4408334785123047,0.0,0.46619441848531373,0.41481843164491067,0.44616858423958977,0.46502710001438147,0.0,0.4034246290670858,0.4468374368443818,0.45216797404793263,0.4758740499425512,0.4662239624140734,0.0,0.41963423863663085,0.4467688591369305,0.36448056976994286,0.39552095163960044,0.44158653578389306,0.0,0.0,0.0,0.46921338711950283,0.44379438544755284,0.44164779017903844,0.465141987432704,0.0,0.0,0.0,0.5062138673647012,0.47937032667362167,0.0,0.0,0.0,0.4046459656365281,0.0,0.0,0.0,0.0,0.0,0.0,0.0,0.0,0.4623341332998163,0.4686644458193775,0.0,0.4446365053388431,0.0,0.4572600472889491,0.49625642675644577,0.4723514762812039,0.5244378575233366,0.0,0.4604308069658023,0.5127360885317456,0.4827903112178192,0.0,0.4609950594366048,0.0,0.4452958723362324
0.0,0.0,0.0,0.46151365473268713,0.4888503435022249,0.43753805282703995,0.5128045515661889,0.5356669864402207,0.3870603646568941,0.5034019367282835,0.44168945653623154,0.0,0.5269252539567232,0.4835366459579756,0.0,0.0,0.0,0.0,0.3629403310699791,0.0,0.0,0.0,0.3656754191663156,0.0,0.0,0.0,0.3826953275416437,0.54837142281708,0.4826028579344864,0.0,0.5458627057234863,0.5192333005137447,0.0,0.551487413739409,0.5105421529139798,0.49851249825882266,0.5063667065636233,0.0,0.5028337755573341,0.0,0.0,0.0,0.5204459128915238,0.0,0.0,0.0,0.0,0.5939026030851835,0.0,0.5679289469716529,0.592805907289953,0.0,0.6715311356059318,0.6249172992059691,0.0,0.6148052461002018,0.0,0.0,0.567461684519734,0.0,0.0,0.0,0.0,0.6456800575842514,0.0,0.0,0.0,0.616947568193476,0.0,0.0,0.0,0.6618666987875039,0.0,0.0,0.0,0.0
0.0,0.0,0.46151365473268713,0.0,0.2978278970320775,0.4493098024885622,0.31307511166533253,0.2802750694198351,0.4675759503422263,0.3996868448930843,0.4307892991607793,0.0,0.3395938678146648,0.22045846458117446,0.0,0.0,0.0,0.0,0.4533935279213551,0.0,0.0,0.0,0.4441502225245121,0.0,0.0,0.0,0.44818502915747366,0.278002225730493,0.41172924412961165,0.0,0.3476122159286436,0.29798409397336206,0.2990411264981494,0.24610844365055062,0.2519781546841287,0.16731387804459733,0.17961979103301567,0.27229358628967615,0.0,0.0,0.0,0.0,0.0,0.0,0.0,0.0,0.0,0.0,0.0,0.0,0.0,0.0,0.0,0.0,0.0,0.0,0.0,0.0,0.0,0.0,0.0,0.0,0.0,0.0,0.0,0.0,0.0,0.0,0.0,0.0,0.0,0.0,0.0,0.0,0.0,0.0
0.0,0.432484239569215,0.4888503435022249,0.2978278970320775,0.0,0.44993693867530693,0.37888742034987793,0.42676312814069217,0.3805592930772961,0.542612865823141,0.40176311826861544,0.44480937110877194,0.4158999073753889,0.30415207472659844,0.0,0.4555680818450517,0.42707162186950826,0.4243372141679807,0.4659341959314519,0.4689986818001951,0.0,0.45513427397857964,0.46733728975120237,0.41675523949614324,0.4191834623612409,0.4394338743963222,0.46028339255605666,0.3825587203215804,0.4595775957759193,0.0,0.4881085518605055,0.40273209892382555,0.44822241937841956,0.4479497226528814,0.4138107472278008,0.2588644247497022,0.33144217423359645,0.40174261711399245,0.365063571614162,0.0,0.0,0.0,0.425911292556323,0.0,0.0,0.0,0.0,0.524738857966744,0.0,0.0,0.5266498960452461,0.0,0.5070336155800151,0.4977632531831657,0.0,0.48607470806088604,0.0,0.0,0.43808015474527184,0.0,0.0,0.0,0.0,0.0,0.0,0.0,0.0,0.550558060525285,0.0,0.0,0.0,0.5302165758544802,0.0,0.0,0.0,0.0
0.48516494050876025,0.44222725042492944,0.43753805282703995,0.4493098024885622,0.44993693867530693,0.0,0.47312215605290964,0.5098883844793982,0.40866869887857243,0.5548693936126087,0.46198230514823135,0.0,0.4544285242737664,0.4883059239415161,0.46008201659534126,0.4832233383603671,0.0,0.4889326993235267,0.47882504508513885,0.45910849712941676,0.47198862939480957,0.46511666683573333,0.4829197449925968,0.0,0.4343680987711416,0.4405898410199794,0.4480021440248829,0.4496586631059311,0.378391836624075,0.47370360593585015,0.49438849883754105,0.4667446918179195,0.42788447132812457,0.4883333546597587,0.47201930853733354,0.479782581186422,0.47696104885901836,0.40880287246137176,0.5263075991726224,0.0,0.5506681536730725,0.5350986684805356,0.5109995605403118,0.0,0.0,0.0,0.0,0.6009519998744035,0.0,0.5253963132213019,0.5523978636554411,0.5640360856926123,0.5860054515673565,0.5916107958161725,0.0,0.6079546953556432,0.0,0.5581189302245336,0.4736075650893149,0.39853851654310557,0.0,0.0,0.0,0.5829911607157524,0.4844468545423413,0.4101296174602012,0.0,0.5752596020899864,0.0,0.0,0.0,0.5683046699047104,0.5774346004512392,0.555354841688612,0.0,0.5489404746390321
0.0,0.48350584254576917,0.5128045515661889,0.31307511166533253,0.37888742034987793,0.47312215605290964,0.0,0.4688834178517069,0.45889612529098317,0.4806242868996418,0.4853126021400246,0.40932748976599265,0.3841045255896356,0.3679160808280498,0.0,0.5150579384040165,0.43481193106048865,0.4729009671521981,0.507535148602817,0.4778487555798447,0.0,0.48293815830209796,0.4915743414184146,0.41988797277554335,0.45959745041169636,0.48032453750805437,0.4901113873628772,0.3752818595604075,0.473212672996065,0.0,0.43094650116628946,0.42453527553183623,0.3937680842295296,0.3909074355597675,0.376194475925723,0.33715101616587206,0.3323527452430037,0.38497719603246755,0.4736973324622909,0.0,0.0,0.0,0.4108583157805634,0.0,0.0,0.0,0.0,0.5453432066781294,0.0,0.0,0.5398312038917347,0.0,0.0,0.47545552860065043,0.4231883235239594,0.0,0.0,0.0,0.0,0.0,0.0,0.0,0.0,0.0,0.0,0.0,0.0,0.5595641409761641,0.0,0.0,0.0,0.5651869444096063,0.0,0.0,0.0,0.0
0.5557822522771582,0.48481644967342774,0.5356669864402207,0.2802750694198351,0.42676312814069217,0.5098883844793982,0.4688834178517069,0.0,0.530858878188766,0.0,0.3998737530982639,0.0,0.4926533261421882,0.39579277815143166,0.0,0.48990605944510573,0.0,0.47676901187451803,0.4737296587867099,0.0,0.49196209886963216,0.0,0.4663073048220567,0.5744856724810452,0.4911066851293537,0.5294490002099896,0.5438701103689185,0.49704913188589783,0.4513510579725017,0.48605439281595186,0.49235076550518825,0.32155695827682373,0.0,0.4818229100612857,0.4874372248359774,0.24795775124449632,0.36925146558327254,0.0,0.4772216612140082,0.0,0.5028077987250381,0.0,0.4553160077450488,0.0,0.0,0.0,0.0,0.5463194894872333,0.0,0.5074457125983765,0.49653895376611834,0.4880016192765914,0.39416275001333706,0.5368658065198281,0.0,0.5315697774794841,0.0,0.49563557657875373,0.0,0.0,0.0,0.0,0.0,0.5870428693717671,0.0,0.36258179155563725,0.0,0.496293276833894,0.0,0.0,0.0,0.5261467514343763,0.4924970071937929,0.4830330475512956,0.0,0.4979783468557492
0.0,0.4099344709881286,0.3870603646568941,0.4675759503422263,0.3805592930772961,0.40866869887857243,0.45889612529098317,0.530858878188766,0.0,0.6327480975332325,0.36398695233584216,0.4681464060240076,0.4518195274378729,0.48319641351451253,0.0,0.0,0.0,0.0,0.3727311908492625,0.4345138242108336,0.0,0.43769158982588513,0.49796522397815723,0.43282592948128656,0.3686970797359942,0.0,0.4190564587815874,0.5078008877906459,0.4360772065743064,0.45695516092389654,0.5259868589455501,0.4841704002847382,0.47691878025156953,0.5169135225193097,0.5033078782023667,0.5144863638866884,0.5274175353657458,0.5112080210817597,0.5182076008739704,0.0,0.0,0.0,0.5146693251034997,0.0,0.0,0.0,0.0,0.6088926371845764,0.0,0.510319746070776,0.5628477553839181,0.5249527790495694,0.6001921101045201,0.5967637752165015,0.0,0.5723287473443753,0.0,0.5028923642297468,0.5653633458156762,0.0,0.0,0.0,0.0,0.5875896208117374,0.0,0.0,0.0,0.5871743817656636,0.0,0.0,0.0,0.5810614065283313,0.0,0.0,0.0,0.0
0.4685526081154259,0.3235957895578786,0.5034019367282835,0.3996868448930843,0.542612865823141,0.5548693936126087,0.4806242868996418,0.0,0.6327480975332325,0.0,0.5839178133123233,0.3275807500495911,0.4590921553042488,0.45067470911153606,0.0,0.4118521738052743,0.3617711276696463,0.39566654378562705,0.5530728789357416,0.34457685097620605,0.5089902327004592,0.0,0.5061759053317059,0.3867930873027066,0.3772566154405435,0.4231277432751845,0.5251142386073424,0.4253956073023332,0.0,0.0,0.38074772085951164,0.44420060472735673,0.30022358487917994,0.25962996027007684,0.2563233391700136,0.42975758528924507,0.33212233124607704,0.2558575926547647,0.4803278697586744,0.33493518009748424,0.3789620468250506,0.0,0.0,0.0,0.3496168883076498,0.0,0.0,0.0,0.0,0.0,0.0,0.0,0.0,0.0,0.4833735471609006,0.0,0.5027223223761613,0.0,0.0,0.0,0.0,0.4160913921800031,0.3951684354446002,0.0,0.0,0.0,0.0,0.0,0.5213886912690385,0.44054890245446454,0.5105035556779876,0.0,0.0,0.0,0.0,0.4327433189489212
0.0,0.0,0.44168945653623154,0.4307892991607793,0.40176311826861544,0.46198230514823135,0.4853126021400246,0.3998737530982639,0.36398695233584216,0.5839178133123233,0.0,0.47554564238291613,0.5013268934698547,0.3214541571657168,0.0,0.0,0.4190495018424352,0.4052562877970538,0.35563620147299424,0.0,0.0,0.0,0.4190470935397824,0.4799563579238237,0.4163133787041776,0.0,0.4949048376337589,0.5086907563278982,0.0,0.0,0.5318951529536378,0.381607406927336,0.47979936297161446,0.5170031183567625,0.4804181959930447,0.3336163707716564,0.5165505376600912,0.4920941085183761,0.43726812405783116,0.0,0.0,0.0,0.44342680447554494,0.0,0.0,0.0,0.0,0.48906847868847825,0.0,0.47732490288772184,0.5304539763883682,0.4048647664905308,0.5333792153295367,0.506963515837141,0.0,0.4982133047621675,0.0,0.4396702618827635,0.49038815180867124,0.0,0.0,0.0,0.0,0.29521954278593865,0.0,0.0,0.0,0.5865766459576286,0.0,0.0,0.0,0.5745779364031424,0.0,0.0,0.0,0.0
0.4728557117142632,0.0,0.0,0.0,0.44480937110877194,0.0,0.40932748976599265,0.0,0.4681464060240076,0.3275807500495911,0.47554564238291613,0.0,0.5125349455652527,0.0,0.0,0.0,0.4026886874266773,0.38794144888680104,0.0,0.0,0.4946246103788363,0.0,0.0,0.3492815861059898,0.3830950498664918,0.3340835885986786,0.0,0.36456426841709205,0.0,0.0,0.3779839650617599,0.25425019051480174,0.21502317093024081,0.1930551625162861,0.22588404868511092,0.3421019642819303,0.3239730343550504,0.18893201083054817,0.0,0.33587609607981433,0.46036076335956133,0.0,0.0,0.0,0.30139268916192213,0.0,0.0,0.0,0.0,0.0,0.0,0.0,0.0,0.0,0.5216904042425798,0.0,0.5284713964295864,0.0,0.0,0.0,0.0,0.4669817446560429,0.4206870378961532,0.0,0.0,0.0,0.0,0.0,0.5928941753974162,0.46607757546193773,0.5186864001396903,0.0,0.0,0.0,0.0,0.0
0.0,0.4807092025709948,0.5269252539567232,0.3395938678146648,0.4158999073753889,0.4544285242737664,0.3841045255896356,0.4926533261421882,0.4518195274378729,0.4590921553042488,0.5013268934698547,0.5125349455652527,0.0,0.4051980973124575,0.4676519805751009,0.5058944492287087,0.5127896359028528,0.527402447199016,0.5125084323141129,0.490355324806892,0.4901610646103498,0.49727111691173226,0.4996538724632194,0.5631066608285156,0.462288189907888,0.4746372859910706,0.4959409800902701,0.39997423574828145,0.46443510076976247,0.42431096833957305,0.44871370649384035,0.44083466043276426,0.4296312680605521,0.44642336431958585,0.41441206523325186,0.3632718809242183,0.38241430179591235,0.43838830962374614,0.5777369088765913,0.0,0.0,0.0,0.407878834462575,0.0,0.0,0.0,0.0,0.5644911284314357,0.0,0.0,0.6492629498484327,0.0,0.0,0.48974793297726005,0.4216119760030667,0.0,0.0,0.0,0.0,0.0,0.0,0.0,0.0,0.0,0.5093287439327672,0.0,0.0,0.5610995838621557,0.0,0.0,0.0,0.5764696141308846,0.4800493290506829,0.6136052431577466,0.0,0.0
0.5420244120360476,0.0,0.4835366459579756,0.22045846458117446,0.30415207472659844,0.4883059239415161,0.3679160808280498,0.39579277815143166,0.48319641351451253,0.45067470911153606,0.3214541571657168,0.0,0.4051980973124575,0.0,0.0,0.0,0.3223283833449953,0.3495111412269083,0.43985178929097213,0.0,0.5276419351798243,0.0,0.45897153415035596,0.4869799802956385,0.0,0.4813495548465946,0.5139976719416707,0.26857007228561475,0.0,0.0,0.4641687633396334,0.21633401982256714,0.0,0.42827345742364353,0.2898561212195722,0.18374975494091825,0.17039975811610103,0.0,0.0,0.0,0.0,0.0,0.0,0.0,0.0,0.0,0.0,0.0,0.0,0.0,0.0,0.0,0.0,0.0,0.0,0.0,0.0,0.0,0.0,0.0,0.0,0.0,0.0,0.0,0.0,0.0,0.0,0.42447716264930135,0.0,0.0,0.0,0.0,0.0,0.0,0.0,0.0
0.4356852361538229,0.4402019234713685,0.0,0.0,0.0,0.46008201659534126,0.0,0.0,0.0,0.0,0.0,0.0,0.4676519805751009,0.0,0.0,0.44290534039894686,0.0,0.43069435246129073,0.0,0.3921544524808594,0.4267985932575736,0.40784469486301667,0.44587079320368284,0.47689794460178586,0.4085081580536408,0.457303348799115,0.4709083510264535,0.469444442772059,0.44023678189762594,0.0,0.4397005600697294,0.46835714572776627,0.4216635451548686,0.4621045551406569,0.4983173068109535,0.5401139005837293,0.4529659629290695,0.0,0.5044452119002182,0.4775919801677863,0.515111739970231,0.5318342963338464,0.518373628820128,0.0,0.0,0.5834835331617002,0.5271477322204718,0.0,0.0,0.0,0.4525068978862332,0.0,0.507072710948573,0.0,0.0,0.0,0.0,0.40333209635859657,0.0,0.46156844217570153,0.5177221545210587,0.0,0.0,0.0,0.48125023749534407,0.4917677577345773,0.5123053577805448,0.48978556482929214,0.0,0.0,0.580213628479283,0.4871848878069153,0.5084498585862163,0.47215983124295635,0.4642035040089004,0.499722610879343
0.4484515908171136,0.4445712410497257,0.0,0.0,0.4555680818450517,0.4832233383603671,0.5150579384040165,0.48990605944510573,0.0,0.4118521738052743,0.0,0.0,0.5058944492287087,0.0,0.44290534039894686,0.0,0.42004514177678887,0.37157849845717716,0.0,0.4747325576023318,0.428865925875684,0.4533789944649911,0.4618878177732612,0.4239295286794301,0.4483602263656216,0.4536371935222623,0.4725328774676061,0.5357363685655179,0.4918023524771203,0.49112158414237017,0.41864020293230875,0.47259229235465416,0.38337235126965524,0.41924629980298506,0.46776623671752865,0.0,0.0,0.0,0.457902151872386,0.4348508763091173,0.43008511268104804,0.4440088019327499,0.0,0.0,0.0,0.49646045027602387,0.4762185713441168,0.0,0.0,0.0,0.0,0.0,0.0,0.0,0.0,0.0,0.0,0.0,0.0,0.5370111312494297,0.45804489894574807,0.0,0.42595980888194246,0.0,0.41821657913506854,0.481717546493737,0.4646762659880988,0.0,0.0,0.4460106886832524,0.5066480814279336,0.0,0.0,0.3762579998270377,0.0,0.43888543256746637
0.3983514597564026,0.3838546888212695,0.0,0.0,0.42707162186950826,0.0,0.43481193106048865,0.0,0.0,0.3617711276696463,0.4190495018424352,0.4026886874266773,0.5127896359028528,0.3223283833449953,0.0,0.42004514177678887,0.0,0.3630300055726823,0.0,0.4129239609490427,0.0,0.4080449315343344,0.0,0.4208888680123356,0.34737528506614757,0.41673089083726617,0.0,0.45811260545639587,0.3885908707067535,0.3275600140795777,0.40028397237542257,0.4556748710980967,0.362499802067626,0.3752218611071043,0.37654370648392554,0.488160771345962,0.0,0.307889214913862,0.0,0.3598387859835665,0.352410992278999,0.0,0.0,0.0,0.0,0.0,0.0,0.0,0.0,0.0,0.0,0.0,0.0,0.0,0.4638603963847518,0.0,0.4819849011626762,0.0,0.0,0.0,0.0,0.40510999080911364,0.37915684093624885,0.0,0.0,0.0,0.0,0.0,0.5147026147507978,0.4201168830372671,0.4688611061122475,0.0,0.0,0.0,0.0,0.41535193625158373
0.4156449206399362,0.4408334785123047,0.0,0.0,0.4243372141679807,0.4889326993235267,0.4729009671521981,0.47676901187451803,0.0,0.39566654378562705,0.4052562877970538,0.38794144888680104,0.527402447199016,0.3495111412269083,0.43069435246129073,0.37157849845717716,0.3630300055726823,0.0,0.0,0.46686546838697085,0.41672606296662384,0.4530710545869255,0.45318878754976827,0.3973504160831326,0.40272153740282746,0.4179364773922995,0.4733578156994108,0.51993009552901,0.479005467969094,0.44625309486263565,0.4162917758543164,0.4688241200601543,0.3459240989812658,0.3848289090081194,0.3941226717945554,0.43504115875321325,0.0,0.2693015600509832,0.42987648137816714,0.38248039042153487,0.3998476389841071,0.0,0.0,0.0,0.0,0.49453830973344803,0.4406917368671644,0.0,0.0,0.0,0.0,0.0,0.0,0.0,0.43304028240899617,0.0,0.45879243399332553,0.0,0.0,0.0,0.42046039547508934,0.4146690764488234,0.403710825712771,0.0,0.0,0.0,0.43541296328522694,0.0,0.5031195185952086,0.4112878840355678,0.46444981070305646,0.0,0.0,0.0,0.0,0.41532929258054696
0.0,0.0,0.3629403310699791,0.4533935279213551,0.4659341959314519,0.47882504508513885,0.507535148602817,0.4737296587867099,0.3727311908492625,0.5530728789357416,0.35563620147299424,0.0,0.5125084323141129,0.43985178929097213,0.0,0.0,0.0,0.0,0.0,0.0,0.0,0.0,0.33920488076841404,0.0,0.0,0.0,0.4578031637234588,0.5062233559903873,0.37100774959806965,0.0,0.5632214419291657,0.4761337369352313,0.0,0.5626187815939983,0.5004839592221416,0.47720332722101355,0.5083634072675166,0.45325717547048067,0.5522981240378192,0.0,0.0,0.0,0.4735978107574197,0.0,0.0,0.0,0.0,0.5601970637536641,0.0,0.5337392301449361,0.5541479101122153,0.0,0.5826832387783466,0.5784060861071643,0.0,0.5370842983480942,0.0,0.0,0.5188390926230466,0.0,0.0,0.0,0.0,0.4556742468424147,0.0,0.0,0.0,0.5767885691995805,0.0,0.0,0.0,0.5766122546392481,0.0,0.0,0.0,0.0
0.49309632455894997,0.46619441848531373,0.0,0.0,0.4689986818001951,0.45910849712941676,0.4778487555798447,0.0,0.4345138242108336,0.34457685097620605,0.0,0.0,0.490355324806892,0.0,0.3921544524808594,0.4747325576023318,0.4129239609490427,0.46686546838697085,0.0,0.0,0.4665444647098073,0.437556423033186,0.442696399352729,0.0,0.4567432519078507,0.4977267125896767,0.39831931746217175,0.4589403333532059,0.3818187387985307,0.44130174490394874,0.4270438318740875,0.4835916891585109,0.4540503301414818,0.47011308087004633,0.4926419166064938,0.5277202955103557,0.0,0.0,0.5328150509167495,0.4587677700005591,0.6272904630752951,0.5371579263506893,0.47287561978319576,0.0,0.0,0.0,0.48103803079895746,0.0,0.0,0.0,0.5130107641206522,0.0,0.5558998599366618,0.0,0.0,0.0,0.0,0.477539387170585,0.0,0.4947310112915444,0.0,0.0,0.0,0.0,0.530060441797253,0.5101407067061948,0.49606191001959987,0.5735587817275869,0.0,0.0,0.5283721292990201,0.5391848799090248,0.5586107338535283,0.5785705202711664,0.46458939699017,0.5635858207849407
0.4700996815877127,0.41481843164491067,0.0,0.0,0.0,0.47198862939480957,0.0,0.49196209886963216,0.0,0.5089902327004592,0.0,0.4946246103788363,0.4901610646103498,0.5276419351798243,0.4267985932575736,0.428865925875684,0.0,0.41672606296662384,0.0,0.4665444647098073,0.0,0.4519018628989746,0.47476253708774696,0.560979012547724,0.4135933482017353,0.45603528527199877,0.5053292415536076,0.5004741642663196,0.46975454539109307,0.4744197589623457,0.4248437030789511,0.45886723268973495,0.38540418174287716,0.42735412223150415,0.4991598481651637,0.0,0.4392333187139523,0.0,0.48001345043527954,0.4239895173831108,0.47737138487303565,0.4960094014987375,0.0,0.0,0.0,0.5503623638662178,0.5258208196582238,0.0,0.0,0.0,0.4278271624902392,0.0,0.46221460084978017,0.0,0.0,0.0,0.0,0.4273715545532768,0.0,0.43092896547229953,0.5307783472741394,0.0,0.0,0.0,0.46020336851806204,0.4226393914436518,0.4835079776304716,0.4690633872729837,0.0,0.44637492552047764,0.5535644014487222,0.48127628952407586,0.49479249958119736,0.46208893636709525,0.0,0.5230147639521604
0.4410374515220801,0.44616858423958977,0.0,0.0,0.45513427397857964,0.46511666683573333,0.48293815830209796,0.0,0.43769158982588513,0.0,0.0,0.0,0.49727111691173226,0.0,0.40784469486301667,0.4533789944649911,0.4080449315343344,0.4530710545869255,0.0,0.437556423033186,0.4519018628989746,0.0,0.48647946859685076,0.0,0.45822257398199917,0.44572920979608155,0.47289565865904226,0.4775790862091169,0.45260818090270316,0.4493280084304982,0.42054377874451393,0.4706681424592842,0.42854233750803106,0.4462628610349666,0.49683517215977524,0.539140738846163,0.46629714000222255,0.0,0.499616034752142,0.4751864200663317,0.47886770900174974,0.512645469622639,0.5027741051058863,0.0,0.0,0.5215953778351614,0.48544490041515725,0.0,0.0,0.0,0.4532080676585351,0.0,0.4789960433911766,0.0,0.0,0.0,0.0,0.3430396620303564,0.0,0.49561470542137176,0.4891554382641861,0.0,0.4501897173097568,0.0,0.4918712926547062,0.5051053563218354,0.5052072230546134,0.49435070289081884,0.0,0.4604841006518716,0.5292553950510965,0.4896285441378804,0.47648334509063645,0.4816751160814289,0.0,0.45730890607260444
0.5317773512432177,0.46502710001438147,0.3656754191663156,0.4441502225245121,0.46733728975120237,0.4829197449925968,0.4915743414184146,0.4663073048220567,0.49796522397815723,0.5061759053317059,0.4190470935397824,0.0,0.4996538724632194,0.45897153415035596,0.44587079320368284,0.4618878177732612,0.0,0.45318878754976827,0.33920488076841404,0.442696399352729,0.47476253708774696,0.48647946859685076,0.0,0.6037633582133021,0.4334349788455484,0.5072682533495201,0.4411398760172803,0.5079431577063287,0.4848040264629419,0.5123301213636031,0.4983689960881708,0.4882400021731672,0.45678351855411276,0.5054151161651125,0.5411918735230263,0.47297740775938524,0.5115220064788829,0.0,0.5652849027378941,0.5622453432676451,0.5705206628111539,0.5700087254687856,0.5272819621800996,0.4750230109583621,0.0,0.5214824230105287,0.5388020452058833,0.6084155643025887,0.0,0.6015487293461259,0.5627031114977028,0.5710189427899841,0.5818653539269251,0.5902557571030855,0.0,0.6080734896796309,0.0,0.5674266809414755,0.5502643154327888,0.5180843849434439,0.0,0.0,0.0,0.5795933295546845,0.5610827727841194,0.539380052763202,0.5427770105748028,0.5733705626180403,0.0,0.0,0.583348716287909,0.5847554360651802,0.5715335587108509,0.5675671725732205,0.5797825434325349,0.5807885132948758
0.45775457221575316,0.0,0.0,0.0,0.41675523949614324,0.0,0.41988797277554335,0.5744856724810452,0.43282592948128656,0.3867930873027066,0.4799563579238237,0.3492815861059898,0.5631066608285156,0.4869799802956385,0.47689794460178586,0.4239295286794301,0.4208888680123356,0.3973504160831326,0.0,0.0,0.560979012547724,0.0,0.6037633582133021,0.0,0.4209817084545263,0.41785436651096663,0.5708945898579358,0.40418423908283885,0.0,0.0,0.3836409944438954,0.32256495119856743,0.2145260774316292,0.26439064978533416,0.26841790084927464,0.4339423907471609,0.29369835001162714,0.1772221283227996,0.4377927381392024,0.3147425205558303,0.3814114773453891,0.0,0.0,0.0,0.23676106657663404,0.515765909412524,0.0,0.0,0.0,0.0,0.0,0.0,0.0,0.0,0.4656030502904669,0.0,0.4656708043586649,0.0,0.0,0.0,0.453401847400798,0.45938723635809076,0.45648596966894533,0.0,0.0,0.0,0.0,0.0,0.5497929701698049,0.457887253282627,0.526017673003018,0.0,0.43358675740908703,0.0,0.0,0.4482237442421458
0.4265775714575226,0.4034246290670858,0.0,0.0,0.4191834623612409,0.4343680987711416,0.45959745041169636,0.4911066851293537,0.3686970797359942,0.3772566154405435,0.4163133787041776,0.3830950498664918,0.462288189907888,0.0,0.4085081580536408,0.4483602263656216,0.34737528506614757,0.40272153740282746,0.0,0.4567432519078507,0.4135933482017353,0.45822257398199917,0.4334349788455484,0.4209817084545263,0.0,0.4013683396574741,0.43583568618715146,0.4566379031032549,0.4577342494104982,0.0,0.4198495813344034,0.44713966661568777,0.3344767494444548,0.37059481603875954,0.393949333539252,0.4275786656935363,0.0,0.26033322583579555,0.4300011308928191,0.38022035002732946,0.4054298073599609,0.42701031221418717,0.0,0.0,0.0,0.47950185837027937,0.45270964842299904,0.0,0.0,0.0,0.0,0.0,0.0,0.0,0.46361413914447364,0.0,0.48124765597276475,0.0,0.0,0.4502994251365333,0.42837443692718924,0.42660580940766873,0.4015647160810844,0.0,0.4064546041632255,0.42543002404997166,0.4363489309322791,0.41318441434810604,0.4932080428030817,0.4160593453231722,0.4710478723720185,0.38195204985305026,0.0,0.41030498135864224,0.0,0.4224009090966566
0.4292959276444576,0.4468374368443818,0.0,0.0,0.4394338743963222,0.4405898410199794,0.48032453750805437,0.5294490002099896,0.0,0.4231277432751845,0.0,0.3340835885986786,0.4746372859910706,0.4813495548465946,0.457303348799115,0.4536371935222623,0.41673089083726617,0.4179364773922995,0.0,0.4977267125896767,0.45603528527199877,0.44572920979608155,0.5072682533495201,0.41785436651096663,0.4013683396574741,0.0,0.5187255011256425,0.49631313777102515,0.46303072639065246,0.0,0.4263391942007212,0.45672154784056157,0.36834656018014894,0.39582804107595837,0.438187098843763,0.4729235953062854,0.0,0.3232751625024709,0.4815350206486548,0.4382251451054024,0.4477954500924086,0.48043385611433825,0.0,0.0,0.0,0.5175498797494531,0.5034160101416962,0.0,0.0,0.0,0.47717858870722735,0.0,0.0,0.0,0.5181596124558994,0.0,0.5504237276812002,0.0,0.0,0.5158419380918567,0.4693779031435819,0.4815103174318848,0.44987631349015744,0.0,0.4872076017909112,0.5500045488223129,0.519916992116077,0.5047410405803858,0.5476250459728413,0.45906917786318635,0.5123650196732766,0.5188901976335866,0.0,0.48435668956365463,0.0,0.46113322224111014
0.6213166059298847,0.45216797404793263,0.3826953275416437,0.44818502915747366,0.46028339255605666,0.4480021440248829,0.4901113873628772,0.5438701103689185,0.4190564587815874,0.5251142386073424,0.4949048376337589,0.0,0.4959409800902701,0.5139976719416707,0.4709083510264535,0.4725328774676061,0.0,0.4733578156994108,0.4578031637234588,0.39831931746217175,0.5053292415536076,0.47289565865904226,0.4411398760172803,0.5708945898579358,0.43583568618715146,0.5187255011256425,0.0,0.49762985063294407,0.4198194055369676,0.4796020833308895,0.4710368816535787,0.4781803083514295,0.439025312315037,0.4857674500803617,0.48009913549659805,0.5104758995857493,0.48244962887862863,0.0,0.5588838085876658,0.0,0.5756415516628943,0.5671056915540845,0.5182715848061024,0.0,0.0,0.0,0.4522107397793882,0.6175018402804614,0.0,0.5491041881853771,0.566541037794273,0.5842692680936786,0.6066382448981099,0.6024248428717549,0.0,0.5904752949638761,0.0,0.6255205232602711,0.5410303290714276,0.5137321774166462,0.0,0.0,0.0,0.5648841532666982,0.5539158727863865,0.5326173985484511,0.5732488546287606,0.587391952798824,0.0,0.0,0.5454918771680889,0.5792037010130135,0.6155508856800943,0.5747892031769717,0.560629581996224,0.5778431509974518
0.5275074099971582,0.4758740499425512,0.54837142281708,0.278002225730493,0.3825587203215804,0.4496586631059311,0.3752818595604075,0.49704913188589783,0.5078008877906459,0.4253956073023332,0.5086907563278982,0.36456426841709205,0.39997423574828145,0.26857007228561475,0.469444442772059,0.5357363685655179,0.45811260545639587,0.51993009552901,0.5062233559903873,0.4589403333532059,0.5004741642663196,0.4775790862091169,0.5079431577063287,0.40418423908283885,0.4566379031032549,0.49631313777102515,0.49762985063294407,0.0,0.400189683000165,0.39476915058147766,0.4306210814659953,0.42900862020603614,0.44311403862799187,0.3602066207886212,0.2882815939179406,0.27300268768743247,0.2892249206912346,0.3286888055403837,0.5475325770749134,0.0,0.5729328458394166,0.0,0.40608000703844993,0.0,0.0,0.0,0.0,0.4924218409648463,0.0,0.0,0.6046091389827256,0.0,0.5772751132718829,0.0,0.4278178341732749,0.0,0.0,0.0,0.0,0.46482132003125115,0.0,0.0,0.0,0.0,0.5357369324067953,0.49199049282585494,0.0,0.5621154733089917,0.0,0.0,0.38286467117930745,0.5616453166324007,0.5979893093369784,0.5927708493838914,0.0,0.5984256737700511
0.5021644597127803,0.4662239624140734,0.4826028579344864,0.41172924412961165,0.4595775957759193,0.378391836624075,0.473212672996065,0.4513510579725017,0.4360772065743064,0.0,0.0,0.0,0.46443510076976247,0.0,0.44023678189762594,0.4918023524771203,0.3885908707067535,0.479005467969094,0.37100774959806965,0.3818187387985307,0.46975454539109307,0.45260818090270316,0.4848040264629419,0.0,0.4577342494104982,0.46303072639065246,0.4198194055369676,0.400189683000165,0.0,0.41697578193316454,0.4209127069185299,0.4533887543166745,0.4199147415871517,0.455765165543012,0.4676267269656404,0.4420204067442631,0.4750261760520419,0.0,0.5405197167912567,0.0,0.5646349974338116,0.5369950254197866,0.4883215367442292,0.0,0.0,0.0,0.46742069009309406,0.4963518271514783,0.0,0.0,0.5429785014256504,0.44379764870424254,0.5318359685777121,0.0,0.0,0.0,0.0,0.5281007778828982,0.0,0.4932304054193737,0.0,0.0,0.0,0.0,0.551288009323099,0.4864057357450278,0.4587734907552629,0.544140598988238,0.0,0.0,0.5143237442123575,0.5446535627689589,0.5831014708349935,0.5451782767903844,0.5310981944076503,0.577222494419729
0.0,0.0,0.0,0.0,0.0,0.47370360593585015,0.0,0.48605439281595186,0.45695516092389654,0.0,0.0,0.0,0.42431096833957305,0.0,0.0,0.49112158414237017,0.3275600140795777,0.44625309486263565,0.0,0.44130174490394874,0.4744197589623457,0.4493280084304982,0.5123301213636031,0.0,0.0,0.0,0.4796020833308895,0.39476915058147766,0.41697578193316454,0.0,0.4185555553631076,0.42193501745105105,0.4198516559334601,0.4315214038149707,0.448231353023662,0.4825178276125546,0.0,0.0,0.5590447914298535,0.0,0.0,0.0,0.0,0.0,0.0,0.0,0.0,0.0,0.0,0.0,0.5240500604658853,0.0,0.38508365842978765,0.0,0.0,0.0,0.0,0.0,0.0,0.0,0.0,0.0,0.0,0.0,0.0,0.0,0.0,0.5555036772399987,0.0,0.0,0.0,0.5674509194107262,0.0,0.0,0.0,0.5226702014383714
0.4091916935563841,0.41963423863663085,0.5458627057234863,0.3476122159286436,0.4881085518605055,0.49438849883754105,0.43094650116628946,0.49235076550518825,0.5259868589455501,0.38074772085951164,0.5318951529536378,0.3779839650617599,0.44871370649384035,0.4641687633396334,0.4397005600697294,0.41864020293230875,0.40028397237542257,0.4162917758543164,0.5632214419291657,0.4270438318740875,0.4248437030789511,0.42054377874451393,0.4983689960881708,0.3836409944438954,0.4198495813344034,0.4263391942007212,0.4710368816535787,0.4306210814659953,0.4209127069185299,0.4185555553631076,0.0,0.43202008044798845,0.3807455961568854,0.2874017088785513,0.2700712958541218,0.4205205112854652,0.3649104775719039,0.28175679289337224,0.499909328290533,0.41644202848271594,0.42589199648758685,0.0,0.40398646577257397,0.0,0.0,0.49457913161217854,0.4532348795508701,0.0,0.0,0.0,0.5865345672924378,0.0,0.0,0.0,0.4426760168506608,0.3381257085225228,0.470686769101219,0.0,0.0,0.48758347717165657,0.4358138320577246,0.3851487836623796,0.4048849021732571,0.0,0.4994213309755473,0.47991216520825164,0.4906568843449305,0.5568832899242705,0.0,0.41775720299046754,0.4828132135694159,0.5583846780729549,0.5807834628083597,0.6132561644618038,0.0,0.37746636492336555
0.45565546872741247,0.4467688591369305,0.5192333005137447,0.29798409397336206,0.40273209892382555,0.4667446918179195,0.42453527553183623,0.32155695827682373,0.4841704002847382,0.44420060472735673,0.381607406927336,0.25425019051480174,0.44083466043276426,0.21633401982256714,0.46835714572776627,0.47259229235465416,0.4556748710980967,0.4688241200601543,0.4761337369352313,0.4835916891585109,0.45886723268973495,0.4706681424592842,0.4882400021731672,0.32256495119856743,0.44713966661568777,0.45672154784056157,0.4781803083514295,0.42900862020603614,0.4533887543166745,0.42193501745105105,0.43202008044798845,0.0,0.3780427431735229,0.3673082654950414,0.3726657659031374,0.2848148351180588,0.3441001524669176,0.2976272051963515,0.39470803670128285,0.3698931981454652,0.4013957863226558,0.34226775967021145,0.397304339698812,0.0,0.0,0.5266560905918318,0.48589153195553964,0.5112221467047016,0.0,0.0,0.502756618567082,0.4894082444329376,0.5076486076884271,0.0,0.4491698459962279,0.0,0.0,0.5734821477436067,0.36616169863849723,0.47669396982811174,0.4822117443821782,0.0,0.43733966724433637,0.0,0.4957062726755243,0.48291304084267067,0.5011536382572765,0.5292231494403944,0.0,0.44983683693180276,0.5174879717711978,0.5201036040379493,0.553764848345639,0.5083565426856289,0.539452038927325,0.5111625673638052
0.3500988161662011,0.36448056976994286,0.0,0.2990411264981494,0.44822241937841956,0.42788447132812457,0.3937680842295296,0.0,0.47691878025156953,0.30022358487917994,0.47979936297161446,0.21502317093024081,0.4296312680605521,0.0,0.4216635451548686,0.38337235126965524,0.362499802067626,0.3459240989812658,0.0,0.4540503301414818,0.38540418174287716,0.42854233750803106,0.45678351855411276,0.2145260774316292,0.3344767494444548,0.36834656018014894,0.439025312315037,0.44311403862799187,0.4199147415871517,0.4198516559334601,0.3807455961568854,0.3780427431735229,0.0,0.25254106828880735,0.3572123527610569,0.4135622904099357,0.3324577005747678,0.1857967358358219,0.37505618184588635,0.21503066171803115,0.3131639181614646,0.29327040037174534,0.0,0.0,0.24961192689795467,0.4816887694064633,0.4543435748141504,0.0,0.0,0.0,0.4284249914004026,0.0,0.0,0.0,0.3749885043909998,0.0,0.3887528404618633,0.0,0.0,0.4622671449516273,0.4197894252270796,0.31992063302351087,0.34305233888680464,0.0,0.4440567958894909,0.4726226378966809,0.4908856344240877,0.4488551958047263,0.3811700700846819,0.3602401922492715,0.4545147613936341,0.4821593897304835,0.0,0.43516435891882943,0.0,0.3829248637405399
0.3846304494693925,0.39552095163960044,0.551487413739409,0.24610844365055062,0.4479497226528814,0.4883333546597587,0.3909074355597675,0.4818229100612857,0.5169135225193097,0.25962996027007684,0.5170031183567625,0.1930551625162861,0.44642336431958585,0.42827345742364353,0.4621045551406569,0.41924629980298506,0.3752218611071043,0.3848289090081194,0.5626187815939983,0.47011308087004633,0.42735412223150415,0.4462628610349666,0.5054151161651125,0.26439064978533416,0.37059481603875954,0.39582804107595837,0.4857674500803617,0.3602066207886212,0.455765165543012,0.4315214038149707,0.2874017088785513,0.3673082654950414,0.25254106828880735,0.0,0.2433073601517129,0.338539334778702,0.239603053270721,0.18254858704638602,0.3853020978555514,0.28360546276334114,0.3293526628280612,0.3317583780997647,0.28256056197819407,0.0,0.31251241494037557,0.4817439257020574,0.4559078296076448,0.43968854684241937,0.0,0.0,0.5592203040979193,0.0,0.5202639510800039,0.0,0.40489987358252133,0.0,0.4184428613145435,0.49694568157697083,0.0,0.4890814352099797,0.4258053687296845,0.34455913175315594,0.39349996051237535,0.0,0.4879276366241247,0.46884808910975184,0.49810262097737873,0.5574143160112256,0.3956757429892822,0.39111394380682873,0.4730200038237377,0.5477604419603618,0.5913671451263243,0.5375721229684925,0.0,0.40564748826328817
0.42834077017998673,0.44158653578389306,0.5105421529139798,0.2519781546841287,0.4138107472278008,0.47201930853733354,0.376194475925723,0.4874372248359774,0.5033078782023667,0.2563233391700136,0.4804181959930447,0.22588404868511092,0.41441206523325186,0.2898561212195722,0.4983173068109535,0.46776623671752865,0.37654370648392554,0.3941226717945554,0.5004839592221416,0.4926419166064938,0.4991598481651637,0.49683517215977524,0.5411918735230263,0.26841790084927464,0.393949333539252,0.438187098843763,0.48009913549659805,0.2882815939179406,0.4676267269656404,0.448231353023662,0.2700712958541218,0.3726657659031374,0.3572123527610569,0.2433073601517129,0.0,0.3817072307181152,0.27539248848009024,0.2435964235603993,0.3482743277735163,0.39135142971975445,0.32557717612333203,0.340287893955751,0.3028388228418516,0.0,0.0,0.0,0.48639774261402147,0.0,0.0,0.0,0.46324020243001685,0.0,0.0,0.0,0.3743725650273664,0.0,0.39379832497382194,0.0,0.0,0.5072301244881573,0.4392949898402286,0.0,0.3827317864294053,0.0,0.4994100291877517,0.5109418830321467,0.52380493819807,0.5552266179757024,0.0,0.3977301809344966,0.5058701509633408,0.539871561125505,0.5124620225971758,0.5110991197387815,0.0,0.0
0.0,0.0,0.49851249825882266,0.16731387804459733,0.2588644247497022,0.479782581186422,0.33715101616587206,0.24795775124449632,0.5144863638866884,0.42975758528924507,0.3336163707716564,0.3421019642819303,0.3632718809242183,0.18374975494091825,0.5401139005837293,0.0,0.488160771345962,0.43504115875321325,0.47720332722101355,0.5277202955103557,0.0,0.539140738846163,0.47297740775938524,0.4339423907471609,0.4275786656935363,0.4729235953062854,0.5104758995857493,0.27300268768743247,0.4420204067442631,0.4825178276125546,0.4205205112854652,0.2848148351180588,0.4135622904099357,0.338539334778702,0.3817072307181152,0.0,0.226230754758326,0.29995081365568943,0.372653923972859,0.0,0.0,0.4033910027621599,0.34921276914582877,0.0,0.0,0.0,0.0,0.5032653599674498,0.0,0.0,0.5010260493898275,0.0,0.5963219856255746,0.4977007513082911,0.0,0.3863524273605941,0.0,0.0,0.46068367200014626,0.0,0.0,0.0,0.0,0.0,0.0,0.0,0.0,0.5267378855290892,0.0,0.0,0.0,0.5326272160947922,0.0,0.0,0.0,0.0
0.0,0.0,0.5063667065636233,0.17961979103301567,0.33144217423359645,0.47696104885901836,0.3323527452430037,0.36925146558327254,0.5274175353657458,0.33212233124607704,0.5165505376600912,0.3239730343550504,0.38241430179591235,0.17039975811610103,0.4529659629290695,0.0,0.0,0.0,0.5083634072675166,0.0,0.4392333187139523,0.46629714000222255,0.5115220064788829,0.29369835001162714,0.0,0.0,0.48244962887862863,0.2892249206912346,0.4750261760520419,0.0,0.3649104775719039,0.3441001524669176,0.3324577005747678,0.239603053270721,0.27539248848009024,0.226230754758326,0.0,0.2778054686092141,0.0,0.0,0.0,0.0,0.0,0.0,0.0,0.0,0.0,0.0,0.0,0.0,0.0,0.0,0.0,0.0,0.0,0.0,0.0,0.0,0.0,0.0,0.0,0.0,0.0,0.0,0.0,0.0,0.0,0.4667187412614876,0.0,0.0,0.0,0.0,0.0,0.0,0.0,0.0
0.44811738989713257,0.0,0.0,0.27229358628967615,0.40174261711399245,0.40880287246137176,0.38497719603246755,0.0,0.5112080210817597,0.2558575926547647,0.4920941085183761,0.18893201083054817,0.43838830962374614,0.0,0.0,0.0,0.307889214913862,0.2693015600509832,0.45325717547048067,0.0,0.0,0.0,0.0,0.1772221283227996,0.26033322583579555,0.3232751625024709,0.0,0.3286888055403837,0.0,0.0,0.28175679289337224,0.2976272051963515,0.1857967358358219,0.18254858704638602,0.2435964235603993,0.29995081365568943,0.2778054686092141,0.0,0.0,0.18307731500177332,0.2900143110453726,0.30598667628423515,0.0,0.0,0.20847913481060412,0.0,0.0,0.0,0.0,0.0,0.0,0.0,0.0,0.0,0.3520316914519784,0.0,0.36098224109757,0.0,0.0,0.0,0.0,0.3090366164158911,0.0,0.0,0.0,0.0,0.0,0.0,0.31322544520216217,0.2854610745158159,0.3651520557964939,0.0,0.0,0.0,0.0,0.0
0.460630865240342,0.46921338711950283,0.5028337755573341,0.0,0.365063571614162,0.5263075991726224,0.4736973324622909,0.4772216612140082,0.5182076008739704,0.4803278697586744,0.43726812405783116,0.0,0.5777369088765913,0.0,0.5044452119002182,0.457902151872386,0.0,0.42987648137816714,0.5522981240378192,0.5328150509167495,0.48001345043527954,0.499616034752142,0.5652849027378941,0.4377927381392024,0.4300011308928191,0.4815350206486548,0.5588838085876658,0.5475325770749134,0.5405197167912567,0.5590447914298535,0.499909328290533,0.39470803670128285,0.37505618184588635,0.3853020978555514,0.3482743277735163,0.372653923972859,0.0,0.0,0.0,0.34349498314487925,0.3642620672733086,0.3667717741515277,0.2772800774138304,0.34617518207108466,0.29348045568148295,0.4131622719644747,0.43222840897552905,0.4595122568831436,0.28100557900068474,0.4274488259105157,0.45108375763689557,0.4354967534816001,0.3481562556694642,0.47179512417826897,0.3455219230810041,0.375340089621038,0.2815985369456875,0.46633973967979686,0.27535073037209307,0.44617982541745227,0.44286224444209427,0.41489990196234783,0.4045197714672669,0.4497048675583536,0.47740680445825406,0.4375876442965162,0.46887685816281255,0.46302185508193755,0.3761156785028174,0.3892229169985597,0.44224469226949675,0.4707631321847842,0.42377751216580195,0.4802625717160277,0.41811489564867454,0.42173233074705124
