0.0,0.38454292002883567,0.0,0.0,0.0,0.0,0.0,0.5389547232364161,0.0,0.4077117608010208,0.0,0.4063672770462177,0.0,0.0,0.4678725480856932,0.43482147700271945,0.38223394335798244,0.40640231197366855,0.0,0.49982372024683747,0.4387735837550728,0.4058335571922006,0.551285234169452,0.43218518513370097,0.3865395413480085,0.40656536632296925,0.639478266390288,0.3956261954353444,0.5119438789035691,0.0,0.38388940255635373,0.4301897839727598,0.3405454218542026,0.3579392776919662,0.4021396340965375,0.0,0.0,0.0,0.46979823108323093,0.4362986372330986,0.45465439535968927,0.0,0.0,0.0,0.0,0.5199417117037992,0.4948620896744326,0.0,0.0,0.0,0.0,0.0,0.0,0.0,0.0,0.0,0.0,0.0,0.0,0.0,0.47362450792114763,0.0,0.45236175754590907,0.0,0.0,0.3471477425742585,0.47609208435782124,0.0,0.0,0.47840824995038855,0.509060624971082,0.0,0.0,0.0,0.0,0.4343711568851202
0.38454292002883567,0.0,0.0,0.0,0.0,0.4179607817510834,0.4256369573969504,0.48038975117298843,0.36968892181256696,0.29891328814645945,0.0,0.0,0.4361439215212321,0.0,0.4398944287297055,0.44489857560915874,0.0,0.4345187495897691,0.0,0.45365490808931574,0.4021666971441878,0.42404902955898954,0.4714846180411242,0.31029125704324734,0.40048909462166454,0.41460343286745627,0.46191158621813916,0.4440510073690041,0.44103265153127935,0.4484915964504073,0.3896966443061186,0.42450320026543614,0.3862700331961949,0.3828511071945574,0.4500764231084613,0.0,0.0,0.0,0.4843490352629216,0.4506832090416373,0.46042510172515366,0.5080609333334721,0.0,0.0,0.0,0.4869664697548712,0.48955473064571203,0.0,0.0,0.0,0.46440960010622223,0.0,0.0,0.0,0.0,0.0,0.0,0.0,0.0,0.5411213747518913,0.4701871474908751,0.0,0.42448170335495305,0.0,0.4934865806970565,0.4787352530194071,0.49757071333609093,0.5583537689032927,0.0,0.46246337444114993,0.5161406957556821,0.5115450499245686,0.0,0.49490684940373986,0.0,0.4554093200308044
0.0,0.0,0.0,0.0,0.4962237504041359,0.40627973607628587,0.5024113567684553,0.5737767604259899,0.34429594606929703,0.4579868887744358,0.3846227635186989,0.0,0.5007301606782042,0.45256952888595176,0.0,0.0,0.0,0.0,0.34654035766504176,0.0,0.0,0.0,0.39757656251692336,0.0,0.0,0.0,0.37315347195556214,0.49747813364006654,0.0,0.0,0.4918278848749149,0.4788337675367261,0.0,0.49578105753959,0.4804089027561848,0.47706144822636487,0.47637835333790435,0.0,0.5167083204506863,0.0,0.5493737990976805,0.0,0.5251409702151447,0.0,0.0,0.0,0.0,0.3930539376950336,0.0,0.4669390111896771,0.6276696984031795,0.6616337542539157,0.6853764794797668,0.5764975016320547,0.0,0.3439538407199265,0.0,0.6567319021319216,0.5008310419089858,0.0,0.0,0.0,0.0,0.32774262138496757,0.0,0.0,0.0,0.6265214847589613,0.0,0.0,0.0,0.6690799909258804,0.4688314008317382,0.0,0.0,0.0
0.0,0.0,0.0,0.0,0.27541655060257264,0.4286714504834284,0.27733141679089834,0.36656411951046414,0.4457054144056903,0.22582353218389856,0.37694941539324334,0.0,0.2930200966711084,0.23018903685085648,0.0,0.0,0.0,0.0,0.44096669882870704,0.0,0.0,0.0,0.4653066748429493,0.0,0.0,0.0,0.43700412785124465,0.22618965587439918,0.0,0.0,0.20626854856739293,0.2976107321906747,0.0,0.26656243896383564,0.29101828151961706,0.1466798612048,0.14255842812312208,0.0,0.31070243169626555,0.0,0.0,0.0,0.0,0.0,0.0,0.0,0.0,0.0,0.0,0.0,0.0,0.0,0.0,0.0,0.0,0.0,0.0,0.0,0.0,0.0,0.0,0.0,0.0,0.0,0.0,0.0,0.0,0.0,0.0,0.0,0.0,0.0,0.0,0.0,0.0,0.0
0.0,0.0,0.4962237504041359,0.27541655060257264,0.0,0.45818100941462203,0.35162389976402775,0.4501556903256509,0.39597240388554844,0.06404775459701806,0.3771781736244699,0.0,0.39387827192665537,0.3371174831355715,0.0,0.0,0.0,0.0,0.4675076279807391,0.4719138218762088,0.0,0.0,0.4763543751722521,0.0,0.0,0.0,0.48363390844974785,0.3367590832323674,0.43685863252575313,0.0,0.4828863855131009,0.3940205522696942,0.0,0.46337365636597894,0.4482115130965021,0.24816824067159945,0.2041383706153901,0.0,0.3691197377449344,0.0,0.0,0.0,0.0,0.0,0.0,0.0,0.0,0.5536981448964153,0.0,0.0,0.5649733132922987,0.0,0.5163088194967174,0.5351770083637636,0.0,0.45315945911050753,0.0,0.0,0.0,0.0,0.0,0.0,0.0,0.5040207283574761,0.0,0.0,0.0,0.5948751628120121,0.0,0.0,0.0,0.5675958079656245,0.0,0.0,0.0,0.0
0.0,0.4179607817510834,0.40627973607628587,0.4286714504834284,0.45818100941462203,0.0,0.4696277058657724,0.4973295889883442,0.39296592859511287,0.48313724587058815,0.4567499698748707,0.0,0.4450007286725215,0.47441329193320486,0.46690787259548133,0.43984432865244655,0.0,0.4282148309794445,0.46876341267523297,0.4653265190754248,0.4805653293409663,0.4383720516750501,0.45022291274866194,0.0,0.41518562851967483,0.44930741699031157,0.440532336713711,0.42708932619031087,0.4207893217891641,0.44182473775626835,0.4416807928490145,0.44379824789193545,0.37696482738573805,0.46257170532023706,0.45691000241556945,0.45298157692761587,0.45808299649021095,0.419584380502658,0.5214002533615935,0.0,0.5887028762908044,0.5457572335376832,0.5533082251581375,0.0,0.0,0.0,0.0,0.6249356606850437,0.0,0.5731074869881367,0.5858234348481928,0.6065974241367555,0.5698811945328244,0.6125390932909413,0.0,0.5894944932541316,0.0,0.6260896973724223,0.0,0.49112380441093356,0.0,0.0,0.0,0.6180990203581072,0.5150821481392529,0.4893904102529205,0.47068045389073665,0.5943348046944914,0.0,0.0,0.0,0.5797944329831768,0.5957390215188234,0.5335638970938448,0.0,0.5881884461318323
0.0,0.4256369573969504,0.5024113567684553,0.27733141679089834,0.35162389976402775,0.4696277058657724,0.0,0.4896745326701536,0.44853860544143365,0.39404200641069353,0.4823936091761136,0.38695099031676017,0.36468949608533774,0.3681581435783613,0.0,0.4829915332348196,0.43136585306534475,0.4674846014818092,0.491084726739125,0.45488741062379784,0.0,0.46223005874232553,0.47816447166604864,0.4288329550712586,0.4557141567861495,0.43540346994159806,0.48239374856316414,0.3596298240118472,0.4601780670778689,0.48230396358663197,0.4114663706008368,0.4385835753893449,0.42993993824013665,0.4208308682969223,0.4102290300379402,0.28469740283706324,0.30103583224536273,0.43047589371362716,0.2919727653232582,0.0,0.26055924440859357,0.0,0.0,0.0,0.0,0.0,0.0,0.0,0.0,0.0,0.6071080856008451,0.0,0.5120502939921499,0.0,0.0,0.0,0.0,0.0,0.0,0.0,0.0,0.0,0.0,0.0,0.0,0.0,0.0,0.5816429954547002,0.0,0.0,0.0,0.6018651729656277,0.0,0.0,0.0,0.0
0.5389547232364161,0.48038975117298843,0.5737767604259899,0.36656411951046414,0.4501556903256509,0.4973295889883442,0.4896745326701536,0.0,0.5284926353076249,0.0,0.3801024408536635,0.44894750556222496,0.5039309632943573,0.410155539700627,0.5385987463191603,0.5010618485918217,0.0,0.48068962761102313,0.5212055018475843,0.0,0.4917065277800062,0.0,0.4497686952474567,0.5278760911174492,0.49496671311290996,0.5107391617676048,0.5381148783231765,0.4876063478167915,0.4508040643227377,0.4638822304340621,0.49453596390807714,0.33868291601223,0.5177854435421416,0.48886144377766805,0.4883001674862644,0.32567252032033395,0.27979949241142776,0.0,0.5093296447381062,0.0,0.5621054532414272,0.540045923090246,0.46995021800287046,0.0,0.0,0.0,0.0,0.6137275330508566,0.0,0.0,0.5442760025172313,0.5523116374722316,0.48052176397548685,0.5859606524538569,0.0,0.5145629947968994,0.0,0.5565014189635045,0.0,0.5605219923428061,0.0,0.0,0.0,0.6179322553158739,0.5989186769826873,0.5738928375396686,0.0,0.5496260807993002,0.0,0.0,0.0,0.5816944705841377,0.5761021248903601,0.544939114127872,0.0,0.569798253404247
0.0,0.36968892181256696,0.34429594606929703,0.4457054144056903,0.39597240388554844,0.39296592859511287,0.44853860544143365,0.5284926353076249,0.0,0.5234090027841178,0.3992865975328962,0.0,0.42733154266992746,0.4198770161661621,0.0,0.0,0.0,0.3319432052590194,0.32934460252339537,0.4068769659104754,0.0,0.3976918292973004,0.4572380989046928,0.0,0.3274775570581236,0.0,0.418889552710223,0.45940792963542454,0.4053818154196876,0.4121949657165278,0.4819907735193273,0.448503924084843,0.4761493632375944,0.47943497992875933,0.48366477290016363,0.4478359449033031,0.4883677487395437,0.5850670478901061,0.5188171328050875,0.0,0.0,0.0,0.5121738144468254,0.0,0.0,0.0,0.0,0.6244770426135082,0.0,0.0,0.5997844607886563,0.0,0.584068986481446,0.6485846565247729,0.0,0.5129266725625394,0.0,0.0,0.47094407727821824,0.0,0.0,0.0,0.0,0.6124743252559851,0.0,0.0,0.0,0.5986094195459676,0.0,0.0,0.0,0.6025831760619078,0.0,0.0,0.0,0.0
0.4077117608010208,0.29891328814645945,0.4579868887744358,0.22582353218389856,0.06404775459701806,0.48313724587058815,0.39404200641069353,0.0,0.5234090027841178,0.0,0.49506130047780345,0.30821897654905667,0.43311512841513394,0.19195733213158486,0.0,0.43323851819353604,0.37528403883757344,0.43040315603058976,0.49046619458268836,0.0,0.44402603879041663,0.3663992161365105,0.4744874860102164,0.37219816979084674,0.40783094105031675,0.4009759553819239,0.4735732406786604,0.36436907726652196,0.0,0.0,0.38042519246506223,0.3869481085797645,0.3443017944749078,0.32605553441943674,0.3580885221139895,0.23899259548259436,0.2873832900720488,0.3012046258447732,0.3478577559202631,0.3332211082960904,0.3562848975910327,0.4115499971006735,0.4134394283351801,0.32294628593580416,0.32255361574502694,0.4711612842869262,0.0,0.0,0.0,0.0,0.0,0.0,0.0,0.0,0.4504365418581498,0.0,0.45940954295368747,0.0,0.0,0.0,0.37338999671575324,0.4752104620623451,0.41755295389055846,0.0,0.0,0.0,0.36180672045824025,0.0,0.5034575304189436,0.4449063670111996,0.4973918211682618,0.0,0.3906492542924897,0.0,0.0,0.3832439188337576
0.0,0.0,0.3846227635186989,0.37694941539324334,0.3771781736244699,0.4567499698748707,0.4823936091761136,0.3801024408536635,0.3992865975328962,0.49506130047780345,0.0,0.45691088548395375,0.4910900739913264,0.31598285884674804,0.0,0.0,0.0,0.0,0.34218136105210745,0.0,0.0,0.0,0.43747923787965604,0.0,0.0,0.0,0.47947361699704205,0.48362512006823577,0.0,0.0,0.49337853610366494,0.3943761174659264,0.4651264313213742,0.49273689052560715,0.47863371901811813,0.3703218397981419,0.32712894075657345,0.475332472742954,0.46872636128382994,0.0,0.0,0.0,0.43761998062580054,0.0,0.0,0.0,0.0,0.6221751140492385,0.0,0.0,0.6172954040753397,0.6172538628344693,0.533750351633776,0.6421816225382329,0.0,0.5346808808126927,0.0,0.0,0.4756304279136273,0.0,0.0,0.0,0.0,0.6063766150154675,0.0,0.0,0.0,0.6500529152504023,0.0,0.0,0.0,0.6235710418474938,0.47823864667033744,0.0,0.0,0.0
0.4063672770462177,0.0,0.0,0.0,0.0,0.0,0.38695099031676017,0.44894750556222496,0.0,0.30821897654905667,0.45691088548395375,0.0,0.4320416850227375,0.0,0.0,0.0,0.3538761923447806,0.41067986748991236,0.0,0.0,0.42634319929900594,0.0,0.45697319341164244,0.33602010298574797,0.4450234527145471,0.3447457827721191,0.0,0.36989746184055244,0.0,0.0,0.34358505781868437,0.2764197644029378,0.25684050541497006,0.28119962960873557,0.36961231312593396,0.317139197205914,0.38610620438343807,0.2329604072488661,0.3089946471550608,0.3246305314720849,0.3524572221983009,0.36799998725404753,0.0,0.0,0.30491141516709996,0.4319929041921185,0.0,0.0,0.0,0.0,0.0,0.0,0.0,0.0,0.4531723826993832,0.0,0.4697237219246889,0.0,0.0,0.0,0.3705466465024131,0.4599748535277835,0.4175152106002137,0.0,0.0,0.0,0.0,0.0,0.47546603936313064,0.45683861683446514,0.5127792032791542,0.0,0.3851192029241789,0.0,0.0,0.3850803316745835
0.0,0.4361439215212321,0.5007301606782042,0.2930200966711084,0.39387827192665537,0.4450007286725215,0.36468949608533774,0.5039309632943573,0.42733154266992746,0.43311512841513394,0.4910900739913264,0.4320416850227375,0.0,0.36607401795913785,0.44960077837610946,0.4812700438989141,0.47823885082812856,0.48491161899390944,0.4879872043902278,0.4586607084651439,0.4635963924677336,0.4725361421978381,0.4831404289716925,0.4621274051888117,0.45327236441257507,0.4490660296583925,0.4800336850022922,0.404627669965076,0.4590075436736893,0.4413253316351702,0.4396725753530014,0.43545324214753645,0.4654399182713278,0.43095333057367385,0.4131900571942684,0.3157366468890279,0.33015895530403105,0.4625895773870958,0.4137595553929711,0.0,0.0,0.3192886330318292,0.41899084803920855,0.0,0.0,0.0,0.0,0.0,0.0,0.0,0.7264198797151153,0.0,0.5623620359516165,0.0,0.0,0.0,0.0,0.0,0.0,0.0,0.0,0.0,0.0,0.0,0.0,0.4392502028057138,0.0,0.5815999062425166,0.0,0.3913490383580114,0.0,0.6001997494704481,0.0,0.5897270719472121,0.0,0.0
0.0,0.0,0.45256952888595176,0.23018903685085648,0.3371174831355715,0.47441329193320486,0.3681581435783613,0.410155539700627,0.4198770161661621,0.19195733213158486,0.31598285884674804,0.0,0.36607401795913785,0.0,0.0,0.0,0.0,0.0,0.43561011295694085,0.0,0.0,0.0,0.47691822132203643,0.0,0.0,0.0,0.5190916207027122,0.2803700775413345,0.0,0.0,0.0,0.3228304316591068,0.0,0.4542144085435845,0.5205795037253538,0.23535876261353172,0.18423845594642352,0.0,0.4844715018222793,0.0,0.0,0.0,0.4271511829257688,0.0,0.0,0.0,0.0,0.5564254391413604,0.0,0.0,0.485914121580739,0.0,0.5135519487363587,0.5452702045270177,0.0,0.47441928038432685,0.0,0.0,0.47474103706725074,0.0,0.0,0.0,0.0,0.5229573632034108,0.0,0.0,0.0,0.5417215321451239,0.0,0.0,0.0,0.539606024471698,0.0,0.0,0.0,0.0
0.4678725480856932,0.4398944287297055,0.0,0.0,0.0,0.46690787259548133,0.0,0.5385987463191603,0.0,0.0,0.0,0.0,0.44960077837610946,0.0,0.0,0.45272739464886586,0.0,0.43389559561115776,0.0,0.43323312768242894,0.46950280450273807,0.43383018477458923,0.4708715832974355,0.5447224085943003,0.41428347440765856,0.44250198940349,0.5203889714807686,0.46060480419934324,0.44911668738765764,0.0,0.4352062676896484,0.4636939757062056,0.4412860034690717,0.4571933231855818,0.503994919062204,0.5404698471218068,0.0,0.0,0.5342667765567433,0.5352107081855608,0.5520789546474059,0.55405030253442,0.4249151462243992,0.0,0.0,0.0,0.5248507307128378,0.0,0.0,0.0,0.522478334026759,0.0,0.5894962592599261,0.0,0.0,0.0,0.0,0.47326116676303687,0.0,0.535807853673604,0.0,0.0,0.0,0.0,0.548062371715653,0.5525207172870048,0.5602488982012129,0.5743016282429666,0.0,0.44613963969234005,0.5784272201563079,0.5621913190213984,0.529934224244237,0.5361213815823558,0.0,0.5870352902259772
0.43482147700271945,0.44489857560915874,0.0,0.0,0.0,0.43984432865244655,0.4829915332348196,0.5010618485918217,0.0,0.43323851819353604,0.0,0.0,0.4812700438989141,0.0,0.45272739464886586,0.0,0.4338185247227998,0.3573363675420418,0.0,0.4704700066230369,0.44202083566095784,0.44970377570878833,0.4784613171472685,0.3925503881911483,0.4325438801076348,0.45480352852891853,0.47782559072150843,0.5029793646945575,0.4776271216909011,0.4740291912148634,0.42006563959361737,0.46845852219159234,0.44316822514065024,0.4111397920937908,0.4761632054162423,0.0,0.0,0.0,0.4739062188228112,0.43986870483494145,0.46113062569125357,0.5072762569055836,0.0,0.0,0.0,0.498815096301902,0.48862118087334255,0.0,0.0,0.0,0.0,0.0,0.0,0.0,0.0,0.0,0.0,0.0,0.0,0.5337369509883433,0.46100254676680413,0.0,0.42690758350256086,0.0,0.46526569559349434,0.49088607783955374,0.5005333753933748,0.45100308129610106,0.0,0.4471015517564295,0.5198334809286235,0.45733578933445596,0.0,0.4390136097000802,0.0,0.4333092521282482
0.38223394335798244,0.0,0.0,0.0,0.0,0.0,0.43136585306534475,0.0,0.0,0.37528403883757344,0.0,0.3538761923447806,0.47823885082812856,0.0,0.0,0.4338185247227998,0.0,0.36002206851350116,0.0,0.3848123885795679,0.369065828116182,0.40290382813609193,0.0,0.3972457179341604,0.4057026337844294,0.4071418795195459,0.0,0.442826007916223,0.3411616265995009,0.0,0.40668801735118437,0.446969610083633,0.3876679175920508,0.3856121951716372,0.38691310382772215,0.0,0.0,0.2871049850348525,0.4372855711040303,0.3359071332151435,0.3458555523004666,0.0,0.0,0.0,0.2118651216304442,0.0,0.0,0.0,0.0,0.0,0.0,0.0,0.0,0.0,0.43182138362279887,0.0,0.44849579122518646,0.0,0.0,0.0,0.0,0.44887543370150235,0.41648312803248105,0.0,0.0,0.0,0.0,0.0,0.5271861092696698,0.4392927404284641,0.47662150413784626,0.0,0.0,0.0,0.0,0.29344751138102243
0.40640231197366855,0.4345187495897691,0.0,0.0,0.0,0.4282148309794445,0.4674846014818092,0.48068962761102313,0.3319432052590194,0.43040315603058976,0.0,0.41067986748991236,0.48491161899390944,0.0,0.43389559561115776,0.3573363675420418,0.36002206851350116,0.0,0.0,0.45744847737526106,0.4185488001183572,0.4522727136074616,0.4914412327486931,0.3929244975174436,0.4190705646680634,0.41696209711262056,0.47990971538015914,0.4708212874267744,0.46229219164579743,0.4200838294195657,0.4119203870303246,0.4600070903612716,0.3877386955386336,0.39342522005092434,0.3968388455269036,0.0,0.0,0.30912089066763193,0.4332921518509888,0.36054175853366116,0.4022662713633653,0.3984527546804319,0.0,0.0,0.0,0.48205382514081674,0.4641526737144264,0.0,0.0,0.0,0.0,0.0,0.0,0.0,0.4047894513064912,0.0,0.40348609756202747,0.0,0.0,0.4601251646446976,0.43957628176636176,0.4026386361691547,0.401761103907152,0.0,0.341497963082115,0.426544435852352,0.4691443432945161,0.0,0.5363432045323505,0.41961822939735965,0.45230030677434935,0.0,0.0,0.0,0.0,0.3978134401377407
0.0,0.0,0.34654035766504176,0.44096669882870704,0.4675076279807391,0.46876341267523297,0.491084726739125,0.5212055018475843,0.32934460252339537,0.49046619458268836,0.34218136105210745,0.0,0.4879872043902278,0.43561011295694085,0.0,0.0,0.0,0.0,0.0,0.0,0.0,0.0,0.42088509532111307,0.0,0.0,0.0,0.421283479839731,0.4756663359390143,0.0,0.0,0.49953491248809406,0.4485548189122458,0.43600751701431556,0.5044123703786626,0.4806184201924051,0.45269192430037547,0.461251369494974,0.5021636364441715,0.5073222890689347,0.0,0.0,0.0,0.4881005259132105,0.0,0.0,0.0,0.0,0.6436211306066904,0.0,0.0,0.6050386999830232,0.6065341101906927,0.6009507879805103,0.6174810662282192,0.0,0.5695984484792022,0.0,0.0,0.48629181176605796,0.0,0.0,0.0,0.0,0.617969035382203,0.0,0.0,0.0,0.6316116329380157,0.0,0.0,0.0,0.6256263515705661,0.4452225962805574,0.0,0.0,0.0
0.49982372024683747,0.45365490808931574,0.0,0.0,0.4719138218762088,0.4653265190754248,0.45488741062379784,0.0,0.4068769659104754,0.0,0.0,0.0,0.4586607084651439,0.0,0.43323312768242894,0.4704700066230369,0.3848123885795679,0.45744847737526106,0.0,0.0,0.5150611063924289,0.42268655755300394,0.4438621884815805,0.0,0.4453732696785252,0.4864602691401594,0.4661159963274208,0.4414867237482954,0.41378856157516397,0.41656205183966233,0.4070978837817788,0.4711921841187205,0.4184738960860432,0.46945865496250444,0.5090219466179098,0.5244778840569402,0.0,0.0,0.5468462212183511,0.5034925834132866,0.7054862796374985,0.5622035286398602,0.42368060117065387,0.0,0.0,0.0,0.4980985407358683,0.4405578425207207,0.0,0.0,0.5267154714311413,0.0,0.5713898136123635,0.42838624865474584,0.0,0.3345450233511372,0.0,0.0,0.0,0.5969181444565612,0.0,0.0,0.0,0.3893258354002913,0.5435344991004561,0.6714881512224414,0.5350200910491862,0.6252820400192596,0.0,0.0,0.5296795777023352,0.5588321761839165,0.5876879460138273,0.5922210080629501,0.49009767520365277,0.5630430139512287
0.4387735837550728,0.4021666971441878,0.0,0.0,0.0,0.4805653293409663,0.0,0.4917065277800062,0.0,0.44402603879041663,0.0,0.42634319929900594,0.4635963924677336,0.0,0.46950280450273807,0.44202083566095784,0.369065828116182,0.4185488001183572,0.0,0.5150611063924289,0.0,0.44935868261825407,0.5025781071006172,0.4991735963240922,0.40426603206626016,0.43313535328712205,0.5475319158733346,0.4849169399944253,0.4548635673336033,0.4747558833854484,0.3986693554388893,0.4260235436259175,0.40085886622074085,0.4033087181538441,0.44748807066037116,0.49243797143624435,0.3672667359798751,0.0,0.4994741690280742,0.49853271911866803,0.47920353149337974,0.0,0.0,0.0,0.0,0.0,0.5177225611883582,0.0,0.0,0.0,0.4689945368709393,0.0,0.4795829327299179,0.0,0.0,0.0,0.0,0.0,0.0,0.5397557801018167,0.42987371467130764,0.0,0.0,0.0,0.549871219313433,0.3994949665894516,0.5502956159629431,0.5553889321770724,0.0,0.3719314844995638,0.5307537906986258,0.5515856104594355,0.5391356508226112,0.5079907718656582,0.0,0.0
0.4058335571922006,0.42404902955898954,0.0,0.0,0.0,0.4383720516750501,0.46223005874232553,0.0,0.3976918292973004,0.3663992161365105,0.0,0.0,0.4725361421978381,0.0,0.43383018477458923,0.44970377570878833,0.40290382813609193,0.4522727136074616,0.0,0.42268655755300394,0.44935868261825407,0.0,0.4891240859292828,0.0,0.44214892080942947,0.420763439554898,0.4887651728122878,0.46350150265174556,0.4472692236016811,0.4461480860882129,0.41535715108480076,0.4582787037204346,0.42108509102306,0.4458665995618139,0.5042132726967532,0.5216508375672056,0.0,0.0,0.5027605607117052,0.4859709933571345,0.4777313355447775,0.5094717976274485,0.0,0.0,0.0,0.0,0.4945987180189447,0.0,0.0,0.0,0.499204248158684,0.0,0.0,0.0,0.0,0.0,0.0,0.0,0.0,0.5472499825994637,0.4579893190854409,0.0,0.3392138631793183,0.0,0.523909288240283,0.533042026407508,0.5194358444206757,0.5659834189342714,0.0,0.3973886204209615,0.5149052078567368,0.5729012829724993,0.4147751613617673,0.5099955338283352,0.0,0.4671025203794078
0.551285234169452,0.4714846180411242,0.39757656251692336,0.4653066748429493,0.4763543751722521,0.45022291274866194,0.47816447166604864,0.4497686952474567,0.4572380989046928,0.4744874860102164,0.43747923787965604,0.45697319341164244,0.4831404289716925,0.47691822132203643,0.4708715832974355,0.4784613171472685,0.0,0.4914412327486931,0.42088509532111307,0.4438621884815805,0.5025781071006172,0.4891240859292828,0.0,0.5575805416309777,0.46980232340206446,0.5006335391715966,0.40920120335418636,0.48300267814773606,0.463229541134151,0.5007992439094908,0.48510080877225614,0.4719225177580011,0.5106831722931984,0.4954380470827018,0.5301675726155219,0.47020006450403984,0.5094887528364898,0.0,0.5768142378243455,0.0,0.583273488836117,0.5942065298811379,0.5442108112565759,0.5101130569663896,0.0,0.0,0.5629724154016112,0.642603320275086,0.0,0.6123422036765617,0.5958780510042503,0.5955780113519538,0.5915038939043721,0.6149311551289979,0.0,0.5934522205996445,0.0,0.5838331321799652,0.5306979078902578,0.585251533124376,0.0,0.0,0.0,0.6178022199467208,0.5821710311089684,0.6283086136437321,0.6207798681084493,0.6031272851889615,0.0,0.0,0.6123172674789532,0.6031218274505142,0.5840475305440368,0.5732647395840018,0.5760673251929198,0.5924744844263431
0.43218518513370097,0.31029125704324734,0.0,0.0,0.0,0.0,0.4288329550712586,0.5278760911174492,0.0,0.37219816979084674,0.0,0.33602010298574797,0.4621274051888117,0.0,0.5447224085943003,0.3925503881911483,0.3972457179341604,0.3929244975174436,0.0,0.0,0.4991735963240922,0.0,0.5575805416309777,0.0,0.4054846241199282,0.41289907710867874,0.602611263973058,0.3974849303743997,0.0,0.0,0.35734018220250696,0.3254222449046981,0.2503718741372921,0.2768579132273578,0.3260452026560897,0.0,0.0,0.22490496102899724,0.4331031073398432,0.2905796508904083,0.31623416207443555,0.5147141564115042,0.0,0.0,0.28926364539109795,0.5620607541982324,0.0,0.0,0.0,0.0,0.0,0.0,0.0,0.0,0.39171282330895546,0.0,0.39664933339222763,0.0,0.0,0.0,0.4006059538765042,0.45441884941351024,0.43915706004262844,0.0,0.0,0.0,0.0,0.0,0.5048279958308497,0.457486001241309,0.505222449077039,0.0,0.0,0.0,0.0,0.39262183928273575
0.3865395413480085,0.40048909462166454,0.0,0.0,0.0,0.41518562851967483,0.4557141567861495,0.49496671311290996,0.3274775570581236,0.40783094105031675,0.0,0.4450234527145471,0.45327236441257507,0.0,0.41428347440765856,0.4325438801076348,0.4057026337844294,0.4190705646680634,0.0,0.4453732696785252,0.40426603206626016,0.44214892080942947,0.46980232340206446,0.4054846241199282,0.0,0.40404293077362496,0.4413029083498556,0.4484519755527274,0.4492173797918794,0.0,0.40969454649773085,0.4326533556272973,0.3563548421489448,0.3760777580631506,0.3881909523227734,0.4053143050093847,0.0,0.3419800826821561,0.44560056717234925,0.362121139884152,0.4049681046780865,0.42788283091878215,0.0,0.0,0.25862715165238787,0.48756717150891804,0.47187166716585865,0.0,0.0,0.0,0.0,0.0,0.0,0.0,0.41417388208841777,0.0,0.4259216252972611,0.0,0.0,0.49731678049131567,0.4514761781314676,0.412788350980391,0.41368406474362956,0.0,0.4343845650044828,0.4393636609185194,0.5060897728459621,0.0,0.49496995843845487,0.4329258069528986,0.46347727200141753,0.36977046721800994,0.0,0.4414177265238877,0.0,0.4030542257896418
0.40656536632296925,0.41460343286745627,0.0,0.0,0.0,0.44930741699031157,0.43540346994159806,0.5107391617676048,0.0,0.4009759553819239,0.0,0.3447457827721191,0.4490660296583925,0.0,0.44250198940349,0.45480352852891853,0.4071418795195459,0.41696209711262056,0.0,0.4864602691401594,0.43313535328712205,0.420763439554898,0.5006335391715966,0.41289907710867874,0.40404293077362496,0.0,0.5296179898933461,0.4519366382460001,0.4451542372075328,0.0,0.3992202357251252,0.4355845940154933,0.37088240928803784,0.38459472839667713,0.4180127827819634,0.5085403618678899,0.0,0.3408028475759756,0.4758457899977784,0.3868134309796268,0.420864494558388,0.4745148194809784,0.0,0.0,0.32776994623039146,0.5077784717023068,0.5050987479469782,0.0,0.0,0.0,0.4811952629653902,0.0,0.0,0.0,0.4447603560502661,0.0,0.4576884560675078,0.0,0.0,0.5451280163139238,0.4723120425476201,0.4445853153244375,0.43407705797162316,0.0,0.5101607589855294,0.48904573695349374,0.5269334507715994,0.0,0.5283004774519744,0.4542542384544144,0.48988846029036365,0.5405352187680847,0.28128696532440767,0.5089021457264805,0.0,0.42572779230154684
0.639478266390288,0.46191158621813916,0.37315347195556214,0.43700412785124465,0.48363390844974785,0.440532336713711,0.48239374856316414,0.5381148783231765,0.418889552710223,0.4735732406786604,0.47947361699704205,0.0,0.4800336850022922,0.5190916207027122,0.5203889714807686,0.47782559072150843,0.0,0.47990971538015914,0.421283479839731,0.4661159963274208,0.5475319158733346,0.4887651728122878,0.40920120335418636,0.602611263973058,0.4413029083498556,0.5296179898933461,0.0,0.4741930555596106,0.46589537981693574,0.47578923438031123,0.464846624063882,0.46963063343120504,0.4281131595040436,0.48685851439412764,0.49744529433607454,0.48249907848253976,0.4667214801623476,0.0,0.5740085391826903,0.0,0.6058027375597148,0.5885909217887995,0.5413365044148019,0.3705348595677158,0.0,0.0,0.5105731530661064,0.6558870521638047,0.0,0.0,0.6054274744009315,0.6332517241436679,0.6074758812765206,0.645808073867303,0.0,0.5936414525761756,0.0,0.6732740780222966,0.5718587320477749,0.5724047271128705,0.0,0.0,0.0,0.6457518304947221,0.5759760011082873,0.6220942289475431,0.6807929840861268,0.6162152305622247,0.0,0.0,0.5682281899323389,0.5992296606463356,0.6369566696464615,0.5759285385817396,0.5630487848157526,0.5892008809346975
0.3956261954353444,0.4440510073690041,0.49747813364006654,0.22618965587439918,0.3367590832323674,0.42708932619031087,0.3596298240118472,0.4876063478167915,0.45940792963542454,0.36436907726652196,0.48362512006823577,0.36989746184055244,0.404627669965076,0.2803700775413345,0.46060480419934324,0.5029793646945575,0.442826007916223,0.4708212874267744,0.4756663359390143,0.4414867237482954,0.4849169399944253,0.46350150265174556,0.48300267814773606,0.3974849303743997,0.4484519755527274,0.4519366382460001,0.4741930555596106,0.0,0.39535756836674485,0.40897355434729304,0.40662044807199305,0.4270566448923948,0.40645144826506724,0.4010241984231766,0.3844109029035008,0.2554973346312966,0.24664151355379565,0.3977397738329558,0.44439406729542485,0.3742657747696294,0.5003477944271781,0.3438232645785752,0.4749421362147179,0.2580623841965781,0.0,0.0,0.0,0.0,0.0,0.0,0.6140811731377275,0.0,0.5863581692252913,0.0,0.3580524753465716,0.0,0.0,0.49981141569681264,0.0,0.5196151160080822,0.0,0.0,0.0,0.0,0.5453683454288477,0.5171812851825051,0.0,0.569266620969059,0.0,0.3219501889773733,0.3959042963586348,0.5671152457381482,0.5862556231874876,0.5643171905775578,0.0,0.5643496701174975
0.5119438789035691,0.44103265153127935,0.0,0.0,0.43685863252575313,0.4207893217891641,0.4601780670778689,0.4508040643227377,0.4053818154196876,0.0,0.0,0.0,0.4590075436736893,0.0,0.44911668738765764,0.4776271216909011,0.3411616265995009,0.46229219164579743,0.0,0.41378856157516397,0.4548635673336033,0.4472692236016811,0.463229541134151,0.0,0.4492173797918794,0.4451542372075328,0.46589537981693574,0.39535756836674485,0.0,0.4127159029947088,0.39342250593144057,0.44645790787079576,0.39872840304469026,0.44531568256248266,0.48001543907770755,0.4726070565170359,0.0,0.0,0.5319751144676294,0.0,0.5512068061047364,0.5230066202103866,0.42053375608877247,0.0,0.0,0.0,0.4700328450688116,0.45461348166114407,0.0,0.0,0.5579545006101255,0.0,0.5294751763351728,0.4096132476052671,0.0,0.4090046279663558,0.0,0.5271191885393552,0.0,0.5246373611985472,0.0,0.0,0.0,0.0,0.527665411827971,0.513284306062436,0.5229065184552336,0.5498936549058232,0.0,0.0,0.5003726953817371,0.5410583500257493,0.5715319679929056,0.5106877263137257,0.5091122056888784,0.5493755028400044
0.0,0.4484915964504073,0.0,0.0,0.0,0.44182473775626835,0.48230396358663197,0.4638822304340621,0.4121949657165278,0.0,0.0,0.0,0.4413253316351702,0.0,0.0,0.4740291912148634,0.0,0.4200838294195657,0.0,0.41656205183966233,0.4747558833854484,0.4461480860882129,0.5007992439094908,0.0,0.0,0.0,0.47578923438031123,0.40897355434729304,0.4127159029947088,0.0,0.38107301203952637,0.4383723388846588,0.4268367898162996,0.4089939323187072,0.42897073270293773,0.0,0.0,0.0,0.555028087330114,0.0,0.0,0.0,0.45634052330229335,0.0,0.0,0.0,0.0,0.0,0.0,0.0,0.5147874677271145,0.0,0.4255498383056667,0.0,0.0,0.0,0.0,0.0,0.0,0.0,0.0,0.0,0.0,0.0,0.5291782837679923,0.0,0.0,0.5669345128680355,0.0,0.0,0.0,0.5669537303962087,0.49654724880555723,0.5275169333129759,0.0,0.0
0.38388940255635373,0.3896966443061186,0.4918278848749149,0.20626854856739293,0.4828863855131009,0.4416807928490145,0.4114663706008368,0.49453596390807714,0.4819907735193273,0.38042519246506223,0.49337853610366494,0.34358505781868437,0.4396725753530014,0.0,0.4352062676896484,0.42006563959361737,0.40668801735118437,0.4119203870303246,0.49953491248809406,0.4070978837817788,0.3986693554388893,0.41535715108480076,0.48510080877225614,0.35734018220250696,0.40969454649773085,0.3992202357251252,0.464846624063882,0.40662044807199305,0.39342250593144057,0.38107301203952637,0.0,0.40921227003141725,0.36794029098257164,0.2983871058680498,0.30850339837384666,0.39857131856066536,0.3283125359645258,0.3163345848347803,0.4776487838385718,0.35796710540058335,0.4261875834637489,0.0,0.0,0.0,0.0,0.49106172901160866,0.4559918838607899,0.5065171895555741,0.0,0.0,0.5967070259393941,0.0,0.5241398437133639,0.0,0.3751228206320451,0.0,0.4096423868597942,0.0,0.0,0.5064987798749803,0.4356153338754112,0.4329521983665596,0.41316430360417095,0.0,0.5017652431349848,0.4874703721729493,0.4934030895237273,0.5539750750725058,0.4459602769530294,0.4263313299660311,0.47077907786522316,0.5571035385699945,0.5706411388288427,0.5195193765224456,0.0,0.5871739234662481
0.4301897839727598,0.42450320026543614,0.4788337675367261,0.2976107321906747,0.3940205522696942,0.44379824789193545,0.4385835753893449,0.33868291601223,0.448503924084843,0.3869481085797645,0.3943761174659264,0.2764197644029378,0.43545324214753645,0.3228304316591068,0.4636939757062056,0.46845852219159234,0.446969610083633,0.4600070903612716,0.4485548189122458,0.4711921841187205,0.4260235436259175,0.4582787037204346,0.4719225177580011,0.3254222449046981,0.4326533556272973,0.4355845940154933,0.46963063343120504,0.4270566448923948,0.44645790787079576,0.4383723388846588,0.40921227003141725,0.0,0.36621977958389396,0.37374331274804057,0.3840087939488419,0.29898043737477575,0.3606626412348506,0.3056984974036138,0.2670401545950092,0.31191864419866394,0.37571582820621224,0.35397647214205824,0.3589237903200716,0.34703414010458156,0.2712505288419482,0.5033419926871998,0.48660636159104614,0.5186130478878309,0.0,0.0,0.5396165050415853,0.0,0.5122084831878524,0.5034379707254216,0.32370358294491886,0.4360625937296725,0.2634594718786809,0.5979902697487218,0.4516271770818228,0.535123761701585,0.4781799538387132,0.375106547861765,0.41143106468484697,0.6059178287472391,0.5250303248418884,0.49602281924258196,0.5105823836324541,0.5508044655078363,0.2652876317364311,0.4239700606035607,0.4987320968687914,0.5441158741089072,0.5253192214196635,0.5171761990194481,0.5339509477320494,0.5221938275967242
0.3405454218542026,0.3862700331961949,0.0,0.0,0.0,0.37696482738573805,0.42993993824013665,0.5177854435421416,0.4761493632375944,0.3443017944749078,0.4651264313213742,0.25684050541497006,0.4654399182713278,0.0,0.4412860034690717,0.44316822514065024,0.3876679175920508,0.3877386955386336,0.43600751701431556,0.4184738960860432,0.40085886622074085,0.42108509102306,0.5106831722931984,0.2503718741372921,0.3563548421489448,0.37088240928803784,0.4281131595040436,0.40645144826506724,0.39872840304469026,0.4268367898162996,0.36794029098257164,0.36621977958389396,0.0,0.30815842783769326,0.41256767097852315,0.2827189206588983,0.35843196452581993,0.2053300227733156,0.339822340366888,0.2942895983202554,0.3307308122195209,0.3445476850632156,0.0,0.0,0.20277827592695183,0.4755559636750253,0.4257126266349165,0.33073982562869275,0.0,0.0,0.41572462416635125,0.0,0.0,0.0,0.36310350512460615,0.0,0.3718182945779415,0.0,0.0,0.5254064205811917,0.4092835744523242,0.41359707242482013,0.39091107654120605,0.0,0.45562194044791926,0.476353846894929,0.46860160792447664,0.5361583145890142,0.35979562233437906,0.40269859662605956,0.44725391917772067,0.4738958272732413,0.3503696971203096,0.41588296001184577,0.0,0.35746525255079736
0.3579392776919662,0.3828511071945574,0.49578105753959,0.26656243896383564,0.46337365636597894,0.46257170532023706,0.4208308682969223,0.48886144377766805,0.47943497992875933,0.32605553441943674,0.49273689052560715,0.28119962960873557,0.43095333057367385,0.4542144085435845,0.4571933231855818,0.4111397920937908,0.3856121951716372,0.39342522005092434,0.5044123703786626,0.46945865496250444,0.4033087181538441,0.4458665995618139,0.4954380470827018,0.2768579132273578,0.3760777580631506,0.38459472839667713,0.48685851439412764,0.4010241984231766,0.44531568256248266,0.4089939323187072,0.2983871058680498,0.37374331274804057,0.30815842783769326,0.0,0.30341413655306376,0.3606701492012953,0.28416633028138255,0.25595166211369436,0.37770093450763526,0.34951103361554864,0.43769514415771693,0.3734746098375511,0.35362688896820554,0.35119285832690605,0.0,0.47482157719527124,0.4607425558670023,0.0,0.0,0.0,0.6043646013929473,0.0,0.5492217694156781,0.0,0.3825590930995132,0.4357269999139165,0.3986053073847075,0.0,0.0,0.530079451368749,0.4305905315428935,0.41538726570653095,0.37956251721980405,0.0,0.5107737669192933,0.5131234597645753,0.5041043066325533,0.566847952381377,0.3636954519830563,0.4092522002908618,0.4709686677087164,0.5567269912066828,0.5834311398328635,0.5272889691741436,0.0,0.5493767813802074
0.4021396340965375,0.4500764231084613,0.4804089027561848,0.29101828151961706,0.4482115130965021,0.45691000241556945,0.4102290300379402,0.4883001674862644,0.48366477290016363,0.3580885221139895,0.47863371901811813,0.36961231312593396,0.4131900571942684,0.5205795037253538,0.503994919062204,0.4761632054162423,0.38691310382772215,0.3968388455269036,0.4806184201924051,0.5090219466179098,0.44748807066037116,0.5042132726967532,0.5301675726155219,0.3260452026560897,0.3881909523227734,0.4180127827819634,0.49744529433607454,0.3844109029035008,0.48001543907770755,0.42897073270293773,0.30850339837384666,0.3840087939488419,0.41256767097852315,0.30341413655306376,0.0,0.4027508938532612,0.3629439788137644,0.328495909404815,0.35512305479959333,0.3647461932160533,0.3787849991470445,0.390884032912037,0.3618975732681191,0.33909634683516643,0.0,0.5722795171536967,0.48398530019351715,0.0,0.0,0.0,0.5318235522949952,0.0,0.5236639837700916,0.0,0.3393189974558659,0.0,0.0,0.0,0.0,0.5546865438637589,0.45834511816549506,0.0,0.0,0.0,0.5476122571036401,0.0,0.5330168021242178,0.5803718519675097,0.0,0.41370466886467244,0.4831910427490243,0.5729839976704915,0.5231914586916919,0.5013716556321112,0.0,0.0
0.0,0.0,0.47706144822636487,0.1466798612048,0.24816824067159945,0.45298157692761587,0.28469740283706324,0.32567252032033395,0.4478359449033031,0.23899259548259436,0.3703218397981419,0.317139197205914,0.3157366468890279,0.23535876261353172,0.5404698471218068,0.0,0.0,0.0,0.45269192430037547,0.5244778840569402,0.49243797143624435,0.5216508375672056,0.47020006450403984,0.0,0.4053143050093847,0.5085403618678899,0.48249907848253976,0.2554973346312966,0.4726070565170359,0.0,0.39857131856066536,0.29898043737477575,0.2827189206588983,0.3606701492012953,0.4027508938532612,0.0,0.22276761035298967,0.0,0.34045929694960214,0.3426394583876611,0.36758111956095013,0.38227731463213654,0.3604240615994069,0.34456726277174843,0.0,0.0,0.0,0.5361915525938376,0.0,0.3841127367395983,0.5294968821050521,0.4921884939172265,0.48208921371655944,0.5041639852830314,0.35571583602387613,0.41089242204321264,0.0,0.0,0.4232698601415882,0.0,0.0,0.0,0.0,0.5207078334766798,0.4229259325420301,0.0,0.4164696414746113,0.5370705984726927,0.0,0.0,0.0,0.5394488002477625,0.47981229253706426,0.49765993936425656,0.0,0.0
0.0,0.0,0.47637835333790435,0.14255842812312208,0.2041383706153901,0.45808299649021095,0.30103583224536273,0.27979949241142776,0.4883677487395437,0.2873832900720488,0.32712894075657345,0.38610620438343807,0.33015895530403105,0.18423845594642352,0.0,0.0,0.0,0.0,0.461251369494974,0.0,0.3672667359798751,0.0,0.5094887528364898,0.0,0.0,0.0,0.4667214801623476,0.24664151355379565,0.0,0.0,0.3283125359645258,0.3606626412348506,0.35843196452581993,0.28416633028138255,0.3629439788137644,0.22276761035298967,0.0,0.30324681801351305,0.31356540200637917,0.3824449378365975,0.35178361184889323,0.366549717159631,0.33949591591477357,0.3404749319512599,0.0,0.0,0.0,0.0,0.0,0.0,0.32736671312694643,0.0,0.0,0.3814624514514521,0.3273203969951873,0.0,0.296509957602477,0.0,0.0,0.0,0.0,0.0,0.0,0.0,0.0,0.0,0.0,0.5388982845926835,0.0,0.0,0.0,0.0,0.31505676590711074,0.0,0.0,0.0
0.0,0.0,0.0,0.0,0.0,0.419584380502658,0.43047589371362716,0.0,0.5850670478901061,0.3012046258447732,0.475332472742954,0.2329604072488661,0.4625895773870958,0.0,0.0,0.0,0.2871049850348525,0.30912089066763193,0.5021636364441715,0.0,0.0,0.0,0.0,0.22490496102899724,0.3419800826821561,0.3408028475759756,0.0,0.3977397738329558,0.0,0.0,0.3163345848347803,0.3056984974036138,0.2053300227733156,0.25595166211369436,0.328495909404815,0.0,0.30324681801351305,0.0,0.30534625763965106,0.20320299812374204,0.22574955115546874,0.0,0.0,0.0,0.2136161630512794,0.0,0.0,0.0,0.0,0.0,0.0,0.0,0.0,0.0,0.3130228665174426,0.0,0.31251312741001297,0.0,0.0,0.0,0.0,0.0,0.0,0.0,0.0,0.0,0.0,0.0,0.20524667735272295,0.0,0.4036300497427109,0.0,0.0,0.0,0.0,0.0
0.46979823108323093,0.4843490352629216,0.5167083204506863,0.31070243169626555,0.3691197377449344,0.5214002533615935,0.2919727653232582,0.5093296447381062,0.5188171328050875,0.3478577559202631,0.46872636128382994,0.3089946471550608,0.4137595553929711,0.4844715018222793,0.5342667765567433,0.4739062188228112,0.4372855711040303,0.4332921518509888,0.5073222890689347,0.5468462212183511,0.4994741690280742,0.5027605607117052,0.5768142378243455,0.4331031073398432,0.44560056717234925,0.4758457899977784,0.5740085391826903,0.44439406729542485,0.5319751144676294,0.555028087330114,0.4776487838385718,0.2670401545950092,0.339822340366888,0.37770093450763526,0.35512305479959333,0.34045929694960214,0.31356540200637917,0.30534625763965106,0.0,0.36453436690391167,0.38518070976488916,0.4069445741522161,0.29998254634626276,0.3789272123171897,0.30815627082665853,0.41048768030297206,0.4346146139758807,0.47712435751809595,0.31515846091482735,0.3994439507110475,0.44770350045095814,0.4493308703541667,0.3140150142994857,0.47941324618601794,0.3894118434855617,0.3804423358482441,0.3016447457609246,0.4559770927649277,0.32065266278679055,0.4429743497669029,0.44879699444701904,0.4224564161783707,0.43332310225904563,0.4581716215740625,0.47569672774701566,0.42890349998875443,0.45584617219612505,0.4627137860700259,0.3829595194492583,0.4246693758786596,0.41895754593173196,0.47373889295579075,0.42982119728732915,0.47106227449973204,0.4399386708267264,0.4152797489996633
