0.0,0.403860361207757,0.3496814377599273,0.0,0.0,0.4555734239171061,0.0,0.518401011070466,0.3152831857102571,0.42957547473386376,0.0,0.4114541144329025,0.4145925260542852,0.4866589477445552,0.4336277986949684,0.41922435656498475,0.3867329702603113,0.40510130640694003,0.0,0.0,0.44069439895687024,0.41242283293663984,0.4936504809044431,0.40429325103669733,0.383994297259414,0.39310381820117235,0.5328706445667202,0.51846311006333,0.463706429257303,0.0,0.37729623549775937,0.4409993402120397,0.35791318300237823,0.3809322359055436,0.44682866196124604,0.0,0.0,0.4241820432585329,0.45488963740688404,0.37955944767855765,0.40486681340160957,0.5064695347741804,0.0,0.0,0.0,0.3741622669233497,0.4440135374419071,0.0,0.0,0.0,0.33687901989277597,0.0,0.5643983030883893,0.0,0.4792688959438428,0.0,0.4945703774438126,0.334629027813618,0.0,0.45807312030587843,0.438682543907899,0.0,0.4197906688595225,0.0,0.0,0.4263501996928522,0.4471437460512182,0.47577701401756656,0.4543446163683569,0.42408310572834185,0.43700827740674925,0.4382374601713476,0.291941458147939,0.0,0.0,0.3617836533809943
0.403860361207757,0.0,0.0,0.0,0.40945830273713907,0.4289463973423049,0.46953068918521706,0.465813372479225,0.4327211632797892,0.0,0.0,0.0,0.480342661514082,0.0,0.42070228590453373,0.4299765747499767,0.0,0.4523028666548373,0.0,0.46176449167325445,0.4057839587973959,0.39240403357286546,0.4448007492146163,0.0,0.3927904715565833,0.377740325617322,0.44722162106400193,0.47358334143380726,0.45050817533629967,0.0,0.3731239676079462,0.4270251894839937,0.3689130435345127,0.3713874191691761,0.4492193047995381,0.0,0.0,0.0,0.46481730308191477,0.44931459593384787,0.44547940989848434,0.4793122081613791,0.0,0.0,0.0,0.4398423102240965,0.46606991465015235,0.0,0.0,0.0,0.0,0.0,0.4142980946316113,0.0,0.0,0.0,0.0,0.0,0.0,0.4698861512944998,0.4613469851960296,0.0,0.4400583900277081,0.0,0.45701964461025796,0.4589430731650087,0.47518695908158914,0.44361111622737426,0.48799685765883194,0.44136405128487455,0.4839621244506667,0.0,0.0,0.0,0.0,0.42660116666715786
0.3496814377599273,0.0,0.0,0.3932107457595016,0.4396608363515245,0.4492766968710354,0.5197756085165635,0.49539415793960156,0.3395515967977907,0.0,0.39782174820307226,0.0,0.5200467665084263,0.47996555854224593,0.0,0.0,0.0,0.0,0.34714640861401147,0.0,0.0,0.0,0.3689971317327467,0.0,0.0,0.0,0.3443121507120551,0.5383480179112802,0.0,0.0,0.5292342278390731,0.49000691959288717,0.0,0.5149967716691345,0.4977495872380519,0.49227484830319634,0.4802316521030282,0.0,0.0,0.0,0.0,0.0,0.5517251630305527,0.0,0.0,0.0,0.0,0.47829448115191925,0.0,0.0,0.5536873384607672,0.5930609969662084,0.6098389124822848,0.5849341706805072,0.0,0.4268211657963241,0.0,0.556612190339363,0.0,0.0,0.0,0.0,0.0,0.3050323440805207,0.0,0.0,0.0,0.5884385061679893,0.0,0.0,0.0,0.6066976498594916,0.49787611477152827,0.0,0.0,0.0
0.0,0.0,0.3932107457595016,0.0,0.2419180014883584,0.41363531780997354,0.22413518840598282,0.285586317961386,0.4393012283531063,0.0,0.45818409518345893,0.0,0.31851313662942915,0.21338646433468816,0.0,0.0,0.0,0.0,0.0,0.44337260270302337,0.0,0.4743609669228066,0.4184872771792864,0.0,0.0,0.0,0.4154355499408508,0.2561731709894764,0.0,0.0,0.0,0.267213719587886,0.0,0.24237042535870781,0.3300864657635925,0.1462205203302518,0.17378374551757778,0.0,0.0,0.0,0.0,0.0,0.0,0.0,0.0,0.0,0.0,0.0,0.0,0.0,0.0,0.0,0.0,0.0,0.0,0.0,0.0,0.0,0.0,0.0,0.0,0.0,0.0,0.0,0.0,0.0,0.0,0.0,0.0,0.0,0.0,0.0,0.0,0.0,0.0,0.0
0.0,0.40945830273713907,0.4396608363515245,0.2419180014883584,0.0,0.43467679552534283,0.3807548066592996,0.39393298261970516,0.38637045784297047,0.5321713816111442,0.4022718767403566,0.0,0.41604131435168407,0.2742930357398821,0.0,0.44506466458779365,0.0,0.3609956493807088,0.4108748639114473,0.4562881300895966,0.0,0.4643107940392044,0.43254250382304454,0.0,0.37618176162858324,0.3634051167476735,0.4436313459986247,0.38545838182814285,0.43411420799464606,0.0,0.4742547022853091,0.36125865030353,0.0,0.4505144155485876,0.4659531672938007,0.2907537238032932,0.2475179225248209,0.0,0.0,0.0,0.0,0.0,0.0,0.0,0.0,0.0,0.0,0.0,0.0,0.0,0.5290647544282779,0.0,0.0,0.0,0.0,0.0,0.0,0.0,0.0,0.0,0.0,0.0,0.0,0.0,0.0,0.0,0.0,0.5030767543892738,0.0,0.0,0.0,0.4555689087016835,0.0,0.0,0.0,0.0
0.4555734239171061,0.4289463973423049,0.4492766968710354,0.41363531780997354,0.43467679552534283,0.0,0.4484384016210656,0.41074105886476275,0.36737657847362687,0.48308742234292057,0.44897123453444615,0.0,0.4197498641680557,0.42560911249576006,0.4435872765374502,0.44496787508914126,0.0,0.35103639448819846,0.0,0.4532896998703745,0.4178294528478256,0.4524637433956294,0.410239725845839,0.41305094696782385,0.39136225706427585,0.419297239092906,0.4125435508635689,0.4104250557612817,0.3780365151589769,0.4266766927858921,0.45368166857503983,0.4050729260449786,0.3903271565283036,0.44508255994401374,0.4499151511778988,0.4413390179990688,0.44689318786533444,0.3624522605434842,0.4633737075010999,0.0,0.49169535934602715,0.4283737672763903,0.4827715246783073,0.27772402665563495,0.0,0.0,0.0,0.5437083080587024,0.0,0.0,0.4813480519423018,0.4891061401445474,0.4247735819260624,0.5443762602935149,0.0,0.52474657466643,0.38506032960691583,0.48513237512068796,0.0,0.39200323545428895,0.0,0.0,0.0,0.5624590779711672,0.3988418366169819,0.3850854474449655,0.44176198349115614,0.4968700836467345,0.0,0.0,0.44995809071986914,0.4836502529970944,0.4623063377823077,0.44693393425800826,0.4341231707886381,0.48888750569195993
0.0,0.46953068918521706,0.5197756085165635,0.22413518840598282,0.3807548066592996,0.4484384016210656,0.0,0.44275696854164803,0.43072099728151797,0.2892064532581148,0.5268222561954637,0.0,0.36964557618501814,0.3108734858931915,0.0,0.5011442149375009,0.0,0.4535410695911009,0.5216332646163594,0.4635754391000441,0.4124692935195544,0.48804597575216263,0.45162770610803016,0.0,0.44056948835830984,0.42975913626508344,0.46757102688059904,0.3579999233424099,0.4572743562350966,0.4790457639141038,0.4632428259882283,0.43649983694780903,0.41843876011702774,0.4512978841213823,0.4566947099680301,0.33694844970491816,0.2630019133948508,0.0,0.3402321147356536,0.0,0.0,0.0,0.0,0.0,0.0,0.0,0.0,0.0,0.0,0.0,0.3959833063221582,0.0,0.3797564611773678,0.0,0.0,0.0,0.0,0.0,0.0,0.3260401472318675,0.0,0.0,0.0,0.0,0.0,0.0,0.0,0.48456264270494465,0.0,0.0,0.0,0.4437574969359085,0.33386750652753205,0.3520065925295591,0.0,0.0
0.518401011070466,0.465813372479225,0.49539415793960156,0.285586317961386,0.39393298261970516,0.41074105886476275,0.44275696854164803,0.0,0.5335362175409639,0.0,0.38001185341274485,0.44045449209649856,0.44404050046611787,0.3248771999666527,0.4105328086419564,0.4635647185821614,0.0,0.45064557258106247,0.4280736805538326,0.0,0.3676724734096789,0.0,0.368420587032689,0.5267462446960446,0.4646993676471696,0.4914348475096045,0.4896737153895574,0.46620175965474775,0.3901978939515958,0.0,0.4604514311428073,0.35353145911483325,0.4367918429076601,0.4514906311657788,0.4494841039308993,0.2657565075461943,0.24472781547496042,0.0,0.422324952167383,0.0,0.43846535377532536,0.4310951027299529,0.39951055184749956,0.0,0.0,0.4778137046592072,0.0,0.5501030829463393,0.0,0.0,0.412494739102515,0.44373239162178885,0.3229859724717904,0.5502624634535827,0.0,0.5167067379253598,0.0,0.41654808505266466,0.37862428328835374,0.4071441657137612,0.0,0.0,0.0,0.5230310223626855,0.4327687943512886,0.31130990468123343,0.47445792337557663,0.4471658583967204,0.0,0.0,0.381621936259796,0.43756677863540716,0.431909680699147,0.3964735145037943,0.37597576222910045,0.4226091416606739
0.3152831857102571,0.4327211632797892,0.3395515967977907,0.4393012283531063,0.38637045784297047,0.36737657847362687,0.43072099728151797,0.5335362175409639,0.0,0.48244886432188167,0.3933802691900967,0.4512511383950665,0.4307086139899238,0.4767564096389803,0.0,0.4523172324096685,0.0,0.26363989440885105,0.31125436661257916,0.44327355340469393,0.3470965787352539,0.4517281175185368,0.47536793674959377,0.40958110138956144,0.344088474095692,0.3686058824228328,0.4038595913532411,0.49803443154801597,0.39157665153799676,0.4833127003460354,0.49905843923138615,0.4531846536839921,0.43031370853220585,0.4819494634585817,0.49923149001777584,0.4859950269899779,0.4805234688624279,0.43116077196621155,0.49473960342046797,0.0,0.0,0.0,0.5615055851030558,0.3060179649327015,0.0,0.0,0.0,0.5943610339449894,0.0,0.0,0.5613143066186906,0.0,0.585838316043299,0.5950476632513723,0.0,0.5967873967939319,0.4063060106543543,0.48923495774219516,0.0,0.0,0.0,0.0,0.0,0.0,0.0,0.0,0.0,0.5788903096986685,0.0,0.0,0.0,0.5519600870507401,0.4246188331756584,0.0,0.0,0.40651670686652697
0.42957547473386376,0.0,0.0,0.0,0.5321713816111442,0.48308742234292057,0.2892064532581148,0.0,0.48244886432188167,0.0,0.49947769145339926,0.3130406739507306,0.43409186121676446,0.0,0.0,0.40278137479112713,0.3892692231784476,0.40935670023218035,0.5004227234980725,0.0,0.0,0.0,0.0,0.37749731524549174,0.37138603893173483,0.4016442685867725,0.0,0.42793477887856557,0.0,0.0,0.385536185780193,0.40151075418770477,0.34184244778467027,0.3498719370118314,0.3788548573393291,0.4548048364821798,0.0,0.3183969097038084,0.3843469039447251,0.35038402721824263,0.38823931621195396,0.0,0.44390445910942256,0.0,0.39084617389062515,0.0,0.0,0.0,0.0,0.0,0.0,0.454137181625731,0.0,0.0,0.4473981625372246,0.0,0.4598666675133671,0.4152781941157413,0.0,0.0,0.0,0.37841418445739705,0.3883756156671706,0.0,0.0,0.0,0.0,0.0,0.48100723826196695,0.4177898232588928,0.4565541783409435,0.0,0.4234514770889302,0.0,0.0,0.4287000432504029
0.0,0.0,0.39782174820307226,0.45818409518345893,0.4022718767403566,0.44897123453444615,0.5268222561954637,0.38001185341274485,0.3933802691900967,0.49947769145339926,0.0,0.4601022935840252,0.5087145693005485,0.33458378875636796,0.0,0.0,0.417788595916211,0.39636115966222446,0.33967423921842516,0.0,0.0,0.0,0.3644638369134337,0.45617621520350027,0.0,0.33894621642300626,0.47804392398123885,0.49604679528846335,0.0,0.0,0.5084849177345797,0.399510334991775,0.44283522578256496,0.4901908377238706,0.4680102677124418,0.4183416056672624,0.48940714035224364,0.40186199160272845,0.0,0.0,0.0,0.0,0.493331217105674,0.0,0.0,0.0,0.0,0.6147788058930928,0.0,0.0,0.4564767349889757,0.0,0.5777402940978057,0.6322499175944407,0.0,0.33478348894015003,0.32406646889800733,0.491467601965988,0.0,0.0,0.0,0.0,0.0,0.3200903128567037,0.0,0.0,0.0,0.6304034378978072,0.0,0.0,0.0,0.6079265141940104,0.3742659244113462,0.0,0.0,0.0
0.4114541144329025,0.0,0.0,0.0,0.0,0.0,0.0,0.44045449209649856,0.4512511383950665,0.3130406739507306,0.4601022935840252,0.0,0.46873837722714357,0.0,0.0,0.32749309884917654,0.4174793884924271,0.3588998812190739,0.0,0.0,0.4372849993932672,0.0,0.0,0.33191728967016965,0.3870985698373436,0.3655463282492383,0.0,0.42555085439512796,0.0,0.0,0.38801192346725455,0.26287751794625513,0.29041944070478243,0.3260260705026679,0.35002070654420514,0.381891473761649,0.30664099323853955,0.2482984459484937,0.41768752687326677,0.3705943314939832,0.40986930912586866,0.3974869099770239,0.4841368709152132,0.0,0.3812599603178814,0.35582376880843436,0.0,0.0,0.0,0.0,0.0,0.0,0.0,0.0,0.45783547688088705,0.0,0.4668192466205973,0.4108058168700421,0.0,0.0,0.0,0.3950135644241619,0.425564258902816,0.0,0.0,0.0,0.0,0.0,0.47512458290841103,0.44971777519390377,0.4772180553204247,0.0,0.43252821452571766,0.0,0.0,0.4347602617960193
0.4145925260542852,0.480342661514082,0.5200467665084263,0.31851313662942915,0.41604131435168407,0.4197498641680557,0.36964557618501814,0.44404050046611787,0.4307086139899238,0.43409186121676446,0.5087145693005485,0.46873837722714357,0.0,0.33395278342589274,0.4615772781715605,0.49965334213005896,0.4460073394750158,0.5206145142044443,0.5078227551776405,0.46157020628841194,0.45192206752563385,0.49776172685486275,0.46066511660612697,0.45634258385132864,0.46188513476451987,0.4481117124922941,0.48047467835393254,0.3659243041517709,0.422294438098528,0.3826196201881336,0.42017225635100247,0.4254993474047658,0.4375987303943468,0.41589990922541364,0.42280062505757093,0.35841091336207653,0.3201566659130946,0.4183015171001833,0.4650519456425519,0.0,0.4229423057770266,0.0,0.0,0.0,0.0,0.3548490893881158,0.0,0.0,0.0,0.0,0.41394977209199835,0.0,0.4360102997638422,0.0,0.42964212989762074,0.0,0.4399343952520459,0.37142602205031855,0.0,0.3532482961775054,0.0,0.0,0.0,0.0,0.0,0.3541834854635949,0.0,0.4895320698441289,0.0,0.0,0.0,0.46910804401973855,0.40297844700340146,0.4191928157433994,0.0,0.0
0.4866589477445552,0.0,0.47996555854224593,0.21338646433468816,0.2742930357398821,0.42560911249576006,0.3108734858931915,0.3248771999666527,0.4767564096389803,0.0,0.33458378875636796,0.0,0.33395278342589274,0.0,0.0,0.0,0.0,0.0,0.44998779384260856,0.0,0.44716762681149014,0.0,0.4021663919928606,0.43826276725190727,0.3972114522328086,0.4345322801450339,0.4757377009073883,0.22185705897930602,0.0,0.0,0.4315672755740717,0.22181998177199308,0.0,0.0,0.0,0.19370111084924113,0.163056306098534,0.0,0.49000342165442945,0.0,0.0,0.0,0.4652955786203872,0.0,0.0,0.0,0.0,0.0,0.0,0.0,0.0,0.0,0.37856743266023696,0.0,0.0,0.0,0.3560357294978471,0.0,0.0,0.3113944272872649,0.0,0.0,0.0,0.0,0.0,0.0,0.0,0.0,0.0,0.0,0.0,0.4170233219342035,0.3430064408804268,0.0,0.0,0.0
0.4336277986949684,0.42070228590453373,0.0,0.0,0.0,0.4435872765374502,0.0,0.4105328086419564,0.0,0.0,0.0,0.0,0.4615772781715605,0.0,0.0,0.4278497489788398,0.0,0.4052527109187256,0.0,0.4040346183117313,0.389215351740314,0.40867180610577125,0.4259056680154787,0.48123073254308846,0.38491313814202466,0.44694777263575847,0.44517310842368635,0.4386181369634317,0.42191116633304615,0.0,0.42999204037531974,0.4436380989645926,0.4114839367653146,0.44523944551116446,0.4784281656595006,0.5269927579129425,0.4592046037806938,0.0,0.4675517535629506,0.46510817547253885,0.4653569967087659,0.49011809713262905,0.0,0.0,0.0,0.5490000444756934,0.48431716463178737,0.0,0.0,0.0,0.4286966931196343,0.0,0.4804940693967926,0.0,0.0,0.0,0.0,0.36649921712198147,0.0,0.4790426432483898,0.45587541963169986,0.0,0.0,0.0,0.4591724235525827,0.4729869515854479,0.5091558974177506,0.4654609241127241,0.0,0.0,0.5493141181950253,0.47135597104231136,0.4520995057668819,0.45094347622687186,0.4168322120031008,0.43084818970673877
0.41922435656498475,0.4299765747499767,0.0,0.0,0.44506466458779365,0.44496787508914126,0.5011442149375009,0.4635647185821614,0.4523172324096685,0.40278137479112713,0.0,0.32749309884917654,0.49965334213005896,0.0,0.4278497489788398,0.0,0.41277282093721224,0.3868707740850169,0.0,0.42960816489651954,0.4118543571205317,0.4164561444869384,0.4279564479722377,0.3737832198872695,0.4311971125814434,0.4177324002407165,0.44420695387570935,0.5119300841005935,0.4550570411467624,0.42346049696646315,0.3800367612666653,0.445623981231252,0.39908385760977333,0.4055985407806939,0.46677563093692065,0.0,0.0,0.0,0.46416216226039225,0.4340488302996857,0.4438615850055238,0.4771907974118043,0.0,0.0,0.0,0.4596559653786535,0.4673438697480191,0.0,0.0,0.0,0.0,0.0,0.0,0.0,0.0,0.0,0.0,0.0,0.0,0.45555783355037827,0.46084066303263277,0.0,0.43334389576183774,0.0,0.0,0.434280562887993,0.4681565679629,0.0,0.46701595653367367,0.4467408965394423,0.4729591044034864,0.0,0.0,0.0,0.0,0.43266391707028423
0.3867329702603113,0.0,0.0,0.0,0.0,0.0,0.0,0.0,0.0,0.3892692231784476,0.417788595916211,0.4174793884924271,0.4460073394750158,0.0,0.0,0.41277282093721224,0.0,0.369184098450443,0.0,0.0,0.0,0.0,0.0,0.3979666083221991,0.3414697557435435,0.37834293197143226,0.0,0.45675963050898294,0.0,0.0,0.3998489838763713,0.4642091090727497,0.37133861010151276,0.40060662363317795,0.43390702976924134,0.48910067820368713,0.0,0.3776595883675615,0.0,0.39349250674796493,0.391515822071796,0.0,0.0,0.0,0.0,0.0,0.0,0.0,0.0,0.0,0.0,0.0,0.0,0.0,0.43214028391866804,0.0,0.43575411930481206,0.0,0.0,0.0,0.0,0.3695436383675837,0.40646747385638027,0.0,0.0,0.0,0.0,0.0,0.47417093078811673,0.42661724288833097,0.4545325280918228,0.0,0.0,0.0,0.0,0.38686916232930113
0.40510130640694003,0.4523028666548373,0.0,0.0,0.3609956493807088,0.35103639448819846,0.4535410695911009,0.45064557258106247,0.26363989440885105,0.40935670023218035,0.39636115966222446,0.3588998812190739,0.5206145142044443,0.0,0.4052527109187256,0.3868707740850169,0.369184098450443,0.0,0.0,0.4374444110939368,0.41678428853948296,0.4581796542004995,0.40818908420104594,0.35322748521922487,0.35957363223312067,0.3925140348373822,0.4081836054006949,0.5121204086406739,0.4394242270804976,0.41568171608703225,0.39592555349122655,0.4673383095923449,0.36976339633994504,0.4002364303745799,0.44691935556073514,0.4215742414232837,0.0,0.0,0.450236642111579,0.3997468687931305,0.41941787096112193,0.4570426937059896,0.0,0.0,0.0,0.43355619302992227,0.4584133923685657,0.0,0.0,0.0,0.0,0.0,0.0,0.0,0.41767296083807826,0.0,0.43295173914750157,0.0,0.0,0.35394809793409965,0.4495983058588049,0.4059798654280555,0.41780694436788823,0.0,0.0,0.3922309707662719,0.4548116309027266,0.0,0.4468558685202021,0.42705694383955706,0.44877377495662535,0.0,0.0,0.0,0.0,0.4203784793879575
0.0,0.0,0.34714640861401147,0.0,0.4108748639114473,0.0,0.5216332646163594,0.4280736805538326,0.31125436661257916,0.5004227234980725,0.33967423921842516,0.0,0.5078227551776405,0.44998779384260856,0.0,0.0,0.0,0.0,0.0,0.0,0.0,0.0,0.3607573922570281,0.0,0.0,0.0,0.42616347692763945,0.4953482989768068,0.0,0.0,0.5182374030858212,0.45848676070614486,0.0,0.5153818773667713,0.47066674799481895,0.48252804229633267,0.48857121545528853,0.37953094866848647,0.0,0.0,0.0,0.0,0.0,0.0,0.0,0.0,0.0,0.6405965321048106,0.0,0.0,0.5489346862687173,0.0,0.5791869158898489,0.5239305969263308,0.0,0.3079402570186279,0.0,0.4693620135571239,0.0,0.0,0.0,0.0,0.0,0.6601028792904415,0.0,0.0,0.0,0.5917810484882613,0.0,0.0,0.0,0.5635399456980659,0.0,0.0,0.0,0.0
0.0,0.46176449167325445,0.0,0.44337260270302337,0.4562881300895966,0.4532896998703745,0.4635754391000441,0.0,0.44327355340469393,0.0,0.0,0.0,0.46157020628841194,0.0,0.4040346183117313,0.42960816489651954,0.0,0.4374444110939368,0.0,0.0,0.44845136009055014,0.40831783873099065,0.35645563738216357,0.0,0.4580378445802345,0.4634054567425706,0.41518020709719144,0.4225987635709586,0.38053264244711554,0.3688383769836328,0.41953281142436855,0.45037640676717816,0.4210630396902706,0.44620469316009786,0.4692518186738109,0.5046393744995337,0.46410473491340454,0.0,0.4577532860459664,0.0,0.33711249314256997,0.43005229919667215,0.0,0.0,0.0,0.0,0.48525956918223145,0.0,0.0,0.0,0.0,0.0,0.43229273683184716,0.0,0.0,0.0,0.0,0.0,0.0,0.4208031711879663,0.0,0.0,0.0,0.0,0.46622648340831513,0.39000556380613316,0.44732827225150906,0.4607082579633798,0.0,0.0,0.46984468936571827,0.48336862784868473,0.47274920752729194,0.48014389549885916,0.0,0.4502266643900009
0.44069439895687024,0.4057839587973959,0.0,0.0,0.0,0.4178294528478256,0.4124692935195544,0.3676724734096789,0.3470965787352539,0.0,0.0,0.4372849993932672,0.45192206752563385,0.44716762681149014,0.389215351740314,0.4118543571205317,0.0,0.41678428853948296,0.0,0.44845136009055014,0.0,0.42143450958031947,0.4124319069690745,0.5152990588588461,0.4000858725075792,0.4240488958782857,0.451239736045069,0.4683054645249308,0.4133764495470125,0.0,0.0,0.4222903635974196,0.376688417320042,0.39313738733688597,0.4595354921254914,0.4122382671247221,0.0,0.0,0.4234340664953492,0.4466355011822726,0.3888806976214475,0.47348161523989296,0.0,0.0,0.0,0.3452651508367786,0.4797484142316439,0.0,0.0,0.0,0.40246686332278364,0.0,0.23173115738015057,0.0,0.0,0.0,0.0,0.37497567248666885,0.3259746629000979,0.4070118504389595,0.45290579875124065,0.0,0.0,0.0,0.40277421438213173,0.29984636681957055,0.4638618780239526,0.3998434875613587,0.0,0.39605065442569953,0.4915241624193517,0.42423646669101744,0.4206539548440338,0.4130758627596541,0.0,0.40196610120282195
0.41242283293663984,0.39240403357286546,0.0,0.4743609669228066,0.4643107940392044,0.4524637433956294,0.48804597575216263,0.0,0.4517281175185368,0.0,0.0,0.0,0.49776172685486275,0.0,0.40867180610577125,0.4164561444869384,0.0,0.4581796542004995,0.0,0.40831783873099065,0.42143450958031947,0.0,0.46705432131538327,0.0,0.4338347145743192,0.41521966141315203,0.46021647591112147,0.47608191939840877,0.43907529366503656,0.4118730828654192,0.39756183083484525,0.43935257790075755,0.38962329080753305,0.42839227778015937,0.4692347025230485,0.5070236960283763,0.4659909778603462,0.0,0.48206470209625346,0.469687065662383,0.4683893386819347,0.48598788458824826,0.0,0.0,0.0,0.45491330704707666,0.4868379971239595,0.0,0.0,0.0,0.42474312003590436,0.0,0.4876629862784826,0.0,0.0,0.0,0.346730276726381,0.0,0.0,0.48835020065249846,0.4780435388479895,0.0,0.4191805272722995,0.0,0.46002336533846183,0.47218964453014095,0.48884052644557685,0.4652621185062453,0.0,0.44037179178197394,0.5118740821378824,0.46781708382430826,0.0,0.4379645617593383,0.0,0.432105152136817
0.4936504809044431,0.4448007492146163,0.3689971317327467,0.4184872771792864,0.43254250382304454,0.410239725845839,0.45162770610803016,0.368420587032689,0.47536793674959377,0.0,0.3644638369134337,0.0,0.46066511660612697,0.4021663919928606,0.4259056680154787,0.4279564479722377,0.0,0.40818908420104594,0.3607573922570281,0.35645563738216357,0.4124319069690745,0.46705432131538327,0.0,0.5243375281135771,0.3938634568111076,0.4672764533771386,0.3896450669549085,0.464114173727867,0.42715311411352136,0.4259106363343065,0.4521079417063037,0.4281210883445864,0.4155014226107708,0.4582965756924864,0.4648650122114655,0.44159072530568805,0.44354140896970423,0.0,0.46395448913648774,0.4674016509535585,0.48605104934699167,0.48542101037321617,0.5158882296758242,0.0,0.0,0.4976398830943469,0.468434563349532,0.5760602782895755,0.0,0.6317998587892091,0.4903519358792054,0.5148505998168278,0.42777067166972293,0.5802982978844284,0.0,0.5205255639460524,0.0,0.4929149274488147,0.45388308793516663,0.46661288701937825,0.35616457270025126,0.0,0.0,0.3834461135742773,0.4703021207308852,0.3896853392861215,0.4767174666468615,0.5080235996189306,0.0,0.0,0.508906803542878,0.4803152569519928,0.4821945314513325,0.4683264552040735,0.47550506927789654,0.4905576611466212
0.40429325103669733,0.0,0.0,0.0,0.0,0.41305094696782385,0.0,0.5267462446960446,0.40958110138956144,0.37749731524549174,0.45617621520350027,0.33191728967016965,0.45634258385132864,0.43826276725190727,0.48123073254308846,0.3737832198872695,0.3979666083221991,0.35322748521922487,0.0,0.0,0.5152990588588461,0.0,0.5243375281135771,0.0,0.3501576797374934,0.3678885965243271,0.4912501522196085,0.4290133714396521,0.0,0.0,0.39143662381043937,0.36802068990645787,0.28262047612356495,0.3464511614588747,0.38764394894655324,0.41946696162510694,0.31459922229470294,0.2808261317816651,0.4656891194260006,0.30953368103094814,0.37144939285025,0.0,0.4260538670583886,0.0,0.2668938911135969,0.41823410542680495,0.0,0.0,0.0,0.0,0.0,0.0,0.0,0.0,0.43876417440353094,0.0,0.42189505983479236,0.41164078471615123,0.0,0.0,0.43417459038787276,0.4336098948664213,0.43744146732034506,0.0,0.0,0.0,0.0,0.0,0.46853472015329023,0.44949430107054167,0.4747895609149701,0.0,0.45855479425872203,0.0,0.0,0.4300960056333292
0.383994297259414,0.3927904715565833,0.0,0.0,0.37618176162858324,0.39136225706427585,0.44056948835830984,0.4646993676471696,0.344088474095692,0.37138603893173483,0.0,0.3870985698373436,0.46188513476451987,0.3972114522328086,0.38491313814202466,0.4311971125814434,0.3414697557435435,0.35957363223312067,0.0,0.4580378445802345,0.4000858725075792,0.4338347145743192,0.3938634568111076,0.3501576797374934,0.0,0.3658129570223562,0.3965968518400361,0.45843935637054667,0.40856697899900934,0.42778521962992966,0.3884456425226082,0.4306932160315948,0.3405274492698301,0.3772600912844734,0.40949618330975235,0.4020605167762644,0.0,0.3720692349636699,0.44941268693876135,0.398284418777255,0.41671227482050627,0.44777702195660757,0.0,0.0,0.0,0.4270184852460038,0.4469922997163241,0.0,0.0,0.0,0.0,0.0,0.4330899683875145,0.0,0.4268362328079948,0.0,0.44451325598657837,0.0,0.0,0.4091528006772157,0.44239992233968045,0.4070346665060799,0.414642824880756,0.0,0.0,0.41801795343295495,0.4421086181517062,0.3789388505777736,0.46010196599086517,0.4246647457287603,0.44590248362257134,0.0,0.0,0.0,0.0,0.4127756281317205
0.39310381820117235,0.377740325617322,0.0,0.0,0.3634051167476735,0.419297239092906,0.42975913626508344,0.4914348475096045,0.3686058824228328,0.4016442685867725,0.33894621642300626,0.3655463282492383,0.4481117124922941,0.4345322801450339,0.44694777263575847,0.4177324002407165,0.37834293197143226,0.3925140348373822,0.0,0.4634054567425706,0.4240488958782857,0.41521966141315203,0.4672764533771386,0.3678885965243271,0.3658129570223562,0.0,0.46028471903440027,0.454889177274378,0.41136534238282796,0.0,0.3834569006496433,0.4398811272100334,0.3700108563001645,0.3841125649582979,0.4492801585153544,0.42164825223847613,0.0,0.3673848056013282,0.47700488239238986,0.42661097862522845,0.4480392183387047,0.4809569327036577,0.0,0.0,0.0,0.45269257572413235,0.48422464323064773,0.0,0.0,0.0,0.42074886725184407,0.0,0.48485223621099505,0.0,0.46299147169846366,0.0,0.4728142872582507,0.34674781033915275,0.0,0.5225497809454855,0.4690766421733436,0.4446113630858977,0.4376400172878369,0.0,0.47677883052526304,0.480581990005254,0.5067172326671484,0.4934472044317404,0.47715444615314484,0.4455699710884098,0.4804487888699585,0.4905834903559235,0.3902900624541339,0.46606457810445057,0.0,0.437114283658743
0.5328706445667202,0.44722162106400193,0.3443121507120551,0.4154355499408508,0.4436313459986247,0.4125435508635689,0.46757102688059904,0.4896737153895574,0.4038595913532411,0.0,0.47804392398123885,0.0,0.48047467835393254,0.4757377009073883,0.44517310842368635,0.44420695387570935,0.0,0.4081836054006949,0.42616347692763945,0.41518020709719144,0.451239736045069,0.46021647591112147,0.3896450669549085,0.4912501522196085,0.3965968518400361,0.46028471903440027,0.0,0.47561808908903447,0.42957783241111064,0.41343937064617414,0.43951152307339286,0.4204946371439903,0.396696102215686,0.449968917489147,0.4501719812353637,0.4587062488167452,0.4555009037660303,0.39781073697562036,0.4624990506509382,0.0,0.4749255472818156,0.47228552741387364,0.5565150201081934,0.0,0.0,0.0,0.0,0.5934563103473723,0.0,0.0,0.5224764711783032,0.5378510763822966,0.4942096429758047,0.5774520990458207,0.0,0.5935032302304003,0.36895943695281,0.5219335418775988,0.0,0.45944767087366956,0.0,0.0,0.0,0.5867969103582344,0.45899589701873417,0.4165422323931933,0.5046159268187457,0.5411034431497421,0.0,0.0,0.5207758246604904,0.485761870464909,0.45731763097433076,0.4607476301999363,0.4607304053082317,0.48863677212934253
0.51846311006333,0.47358334143380726,0.5383480179112802,0.2561731709894764,0.38545838182814285,0.4104250557612817,0.3579999233424099,0.46620175965474775,0.49803443154801597,0.42793477887856557,0.49604679528846335,0.42555085439512796,0.3659243041517709,0.22185705897930602,0.4386181369634317,0.5119300841005935,0.45675963050898294,0.5121204086406739,0.4953482989768068,0.4225987635709586,0.4683054645249308,0.47608191939840877,0.464114173727867,0.4290133714396521,0.45843935637054667,0.454889177274378,0.47561808908903447,0.0,0.389675870488263,0.3776566401458359,0.40613137410023964,0.41747189920978167,0.4313569440424276,0.3985863453056874,0.3540439136411989,0.27824224264820835,0.25858488628438786,0.3539453935156149,0.4724167005281807,0.0,0.0,0.0,0.2873247464364294,0.0,0.0,0.0,0.0,0.0,0.0,0.0,0.5210602634315865,0.0,0.4432153575504885,0.0,0.42722893464902073,0.0,0.42695183440137285,0.41198671849480484,0.0,0.44338975612304143,0.0,0.0,0.0,0.0,0.4617170455433642,0.398062478197023,0.0,0.5003353719572813,0.0,0.0,0.4120331765390736,0.48126196687278106,0.4454430880698682,0.45720296948692307,0.0,0.4095644720020616
0.463706429257303,0.45050817533629967,0.0,0.0,0.43411420799464606,0.3780365151589769,0.4572743562350966,0.3901978939515958,0.39157665153799676,0.0,0.0,0.0,0.422294438098528,0.0,0.42191116633304615,0.4550570411467624,0.0,0.4394242270804976,0.0,0.38053264244711554,0.4133764495470125,0.43907529366503656,0.42715311411352136,0.0,0.40856697899900934,0.41136534238282796,0.42957783241111064,0.389675870488263,0.0,0.3539687701306969,0.4104687435343938,0.40910869335880246,0.38067868108648717,0.4390817743564805,0.4502391501606425,0.48008969067502066,0.4252226995177402,0.0,0.4499583378560096,0.0,0.4254854733370197,0.43893733946669966,0.0,0.0,0.0,0.0,0.0,0.0,0.0,0.0,0.4218588255633162,0.36933693811882773,0.3930850220487429,0.0,0.0,0.0,0.0,0.41248899559043234,0.0,0.43760938477326844,0.0,0.0,0.0,0.0,0.44129269791785086,0.4021018027426192,0.4141975553218315,0.45954724942426467,0.0,0.0,0.43084816206746723,0.4690932335090874,0.44168838834258095,0.4440849401048855,0.41295800090827744,0.4344729717100022
0.0,0.0,0.0,0.0,0.0,0.4266766927858921,0.4790457639141038,0.0,0.4833127003460354,0.0,0.0,0.0,0.3826196201881336,0.0,0.0,0.42346049696646315,0.0,0.41568171608703225,0.0,0.3688383769836328,0.0,0.4118730828654192,0.4259106363343065,0.0,0.42778521962992966,0.0,0.41343937064617414,0.3776566401458359,0.3539687701306969,0.0,0.2841257805420536,0.3926533866758105,0.3249299185844505,0.4005936269571746,0.4171700223308564,0.0,0.0,0.0,0.0,0.0,0.0,0.0,0.0,0.0,0.0,0.0,0.0,0.0,0.0,0.0,0.0,0.0,0.0,0.0,0.0,0.0,0.0,0.0,0.0,0.0,0.0,0.0,0.0,0.0,0.0,0.0,0.0,0.0,0.0,0.0,0.0,0.0,0.0,0.0,0.0,0.0
0.37729623549775937,0.3731239676079462,0.5292342278390731,0.0,0.4742547022853091,0.45368166857503983,0.4632428259882283,0.4604514311428073,0.49905843923138615,0.385536185780193,0.5084849177345797,0.38801192346725455,0.42017225635100247,0.4315672755740717,0.42999204037531974,0.3800367612666653,0.3998489838763713,0.39592555349122655,0.5182374030858212,0.41953281142436855,0.0,0.39756183083484525,0.4521079417063037,0.39143662381043937,0.3884456425226082,0.3834569006496433,0.43951152307339286,0.40613137410023964,0.4104687435343938,0.2841257805420536,0.0,0.4165904857396648,0.38098211128840526,0.3047319161351029,0.3664287570816255,0.4166817042077636,0.31648990012305883,0.31833792933117216,0.4550605528234738,0.40419276827886774,0.38036736478645766,0.0,0.0,0.0,0.4307414776556926,0.40930484489273394,0.44515540346551785,0.0,0.0,0.0,0.48365942324145594,0.0,0.4655646140625558,0.0,0.4555482241128212,0.0,0.4486030926985869,0.0,0.0,0.4552732903962213,0.4349974899391398,0.4083370325744891,0.4194631972745082,0.0,0.0,0.0,0.4622242318509042,0.5117063743847887,0.48334433800939736,0.43229607860984537,0.4619658491521873,0.48935437322694497,0.4656962289816945,0.43835124238265133,0.0,0.3703297992229798
0.4409993402120397,0.4270251894839937,0.49000691959288717,0.267213719587886,0.36125865030353,0.4050729260449786,0.43649983694780903,0.35353145911483325,0.4531846536839921,0.40151075418770477,0.399510334991775,0.26287751794625513,0.4254993474047658,0.22181998177199308,0.4436380989645926,0.445623981231252,0.4642091090727497,0.4673383095923449,0.45848676070614486,0.45037640676717816,0.4222903635974196,0.43935257790075755,0.4281210883445864,0.36802068990645787,0.4306932160315948,0.4398811272100334,0.4204946371439903,0.41747189920978167,0.40910869335880246,0.3926533866758105,0.4165904857396648,0.0,0.3635343468465625,0.38832950625000845,0.42088906618391164,0.2810394768936532,0.3470113688391677,0.29766494867342863,0.3329948949214627,0.32873630956720407,0.300304369476997,0.33596588597463267,0.33516787921431046,0.3213161867864237,0.2887261598819566,0.4654557976803643,0.48092810470582525,0.5431643860093219,0.0,0.0,0.47308042502988473,0.0,0.4280187712837859,0.545274580412614,0.31983023473064554,0.32824718632406064,0.31587072286960494,0.4789206567357534,0.0,0.45595998004625027,0.49507615236723623,0.404200257524233,0.44634760586904565,0.0,0.45038038102021294,0.46003379656393795,0.48497754286919526,0.4887610888010296,0.4893044050424375,0.46671334129314157,0.49596044622113933,0.4747658106944242,0.41612917533409266,0.4508869224030939,0.0,0.4750179125256593
0.35791318300237823,0.3689130435345127,0.0,0.0,0.0,0.3903271565283036,0.41843876011702774,0.4367918429076601,0.43031370853220585,0.34184244778467027,0.44283522578256496,0.29041944070478243,0.4375987303943468,0.0,0.4114839367653146,0.39908385760977333,0.37133861010151276,0.36976339633994504,0.0,0.4210630396902706,0.376688417320042,0.38962329080753305,0.4155014226107708,0.28262047612356495,0.3405274492698301,0.3700108563001645,0.396696102215686,0.4313569440424276,0.38067868108648717,0.3249299185844505,0.38098211128840526,0.3635343468465625,0.0,0.30331060056670417,0.3920044268864188,0.3630415556901867,0.3279286409435195,0.22467333832527842,0.3787205997811924,0.27349332400818344,0.36517263823953067,0.4157908763907355,0.35813637410365934,0.0,0.2280055510741461,0.41190965424017484,0.4612395855529177,0.0,0.0,0.0,0.0,0.3179055248717493,0.0,0.0,0.3651265303836491,0.0,0.3705443147492259,0.3235881482848745,0.0,0.45371162144289706,0.44333425136235227,0.35662811983446124,0.38150632187480726,0.0,0.3105998697942053,0.453634005766277,0.4887500871942066,0.0,0.3813400279718087,0.40211108958517866,0.43821082973204634,0.4738100889186494,0.3226803146208809,0.0,0.0,0.3749566474610883
0.3809322359055436,0.3713874191691761,0.5149967716691345,0.24237042535870781,0.4505144155485876,0.44508255994401374,0.4512978841213823,0.4514906311657788,0.4819494634585817,0.3498719370118314,0.4901908377238706,0.3260260705026679,0.41589990922541364,0.0,0.44523944551116446,0.4055985407806939,0.40060662363317795,0.4002364303745799,0.5153818773667713,0.44620469316009786,0.39313738733688597,0.42839227778015937,0.4582965756924864,0.3464511614588747,0.3772600912844734,0.3841125649582979,0.449968917489147,0.3985863453056874,0.4390817743564805,0.4005936269571746,0.3047319161351029,0.38832950625000845,0.30331060056670417,0.0,0.262895729246796,0.360405545668153,0.2959624317735469,0.22930219898864754,0.3775679217410996,0.3911962055493385,0.4226216221450022,0.5010028950131477,0.2973295745242309,0.3047623203193328,0.0,0.4128205536852796,0.4600422938940355,0.0,0.0,0.0,0.4735394220270078,0.0,0.0,0.0,0.43341277100429965,0.0,0.37310553205787667,0.0,0.0,0.46495729574392597,0.4406433964218208,0.3849089200213457,0.414228783310838,0.0,0.4570499193189784,0.46101783458510653,0.4742252741461146,0.5025893818862162,0.4519982337971786,0.42462869759885297,0.4741473586436358,0.49444684379468934,0.0,0.0,0.0,0.4103472413896866
0.44682866196124604,0.4492193047995381,0.4977495872380519,0.3300864657635925,0.4659531672938007,0.4499151511778988,0.4566947099680301,0.4494841039308993,0.49923149001777584,0.3788548573393291,0.4680102677124418,0.35002070654420514,0.42280062505757093,0.0,0.4784281656595006,0.46677563093692065,0.43390702976924134,0.44691935556073514,0.47066674799481895,0.4692518186738109,0.4595354921254914,0.4692347025230485,0.4648650122114655,0.38764394894655324,0.40949618330975235,0.4492801585153544,0.4501719812353637,0.3540439136411989,0.4502391501606425,0.4171700223308564,0.3664287570816255,0.42088906618391164,0.3920044268864188,0.262895729246796,0.0,0.3975515702335986,0.35088708821199505,0.3186702421583106,0.34597947601353213,0.31329188335433433,0.0,0.36947126710509104,0.34281260450869355,0.33882767409474807,0.0,0.0,0.48704365183946136,0.0,0.0,0.0,0.0,0.0,0.0,0.0,0.41324326935798633,0.0,0.3496288076098253,0.0,0.0,0.4792481761925833,0.4721466460918239,0.3716781402401692,0.42205555903584924,0.0,0.0,0.0,0.49715740815074105,0.49088911551945175,0.0,0.4337747544198865,0.5133234591510165,0.5081602530702836,0.2872367793585336,0.0,0.0,0.0
0.0,0.0,0.49227484830319634,0.1462205203302518,0.2907537238032932,0.4413390179990688,0.33694844970491816,0.2657565075461943,0.4859950269899779,0.4548048364821798,0.4183416056672624,0.381891473761649,0.35841091336207653,0.19370111084924113,0.5269927579129425,0.0,0.48910067820368713,0.4215742414232837,0.48252804229633267,0.5046393744995337,0.4122382671247221,0.5070236960283763,0.44159072530568805,0.41946696162510694,0.4020605167762644,0.42164825223847613,0.4587062488167452,0.27824224264820835,0.48008969067502066,0.0,0.4166817042077636,0.2810394768936532,0.3630415556901867,0.360405545668153,0.3975515702335986,0.0,0.22671261793062059,0.3116349969228034,0.31610174398934404,0.3279060010855234,0.29886592997851447,0.3594533544374171,0.3602902811263721,0.32178335845919914,0.0,0.0,0.0,0.5166697168480232,0.0,0.0,0.4334538338360335,0.0,0.0,0.47897563116801106,0.0,0.34804004420055323,0.3379196857373406,0.0,0.0,0.0,0.0,0.0,0.0,0.0,0.0,0.0,0.0,0.4890913852591809,0.0,0.0,0.0,0.46970323134057773,0.2735671870174682,0.0,0.0,0.0
0.0,0.0,0.4802316521030282,0.17378374551757778,0.2475179225248209,0.44689318786533444,0.2630019133948508,0.24472781547496042,0.4805234688624279,0.0,0.48940714035224364,0.30664099323853955,0.3201566659130946,0.163056306098534,0.4592046037806938,0.0,0.0,0.0,0.48857121545528853,0.46410473491340454,0.0,0.4659909778603462,0.44354140896970423,0.31459922229470294,0.0,0.0,0.4555009037660303,0.25858488628438786,0.4252226995177402,0.0,0.31648990012305883,0.3470113688391677,0.3279286409435195,0.2959624317735469,0.35088708821199505,0.22671261793062059,0.0,0.31962158027811405,0.31714784459390394,0.3430710700322086,0.3088098404280217,0.3499730916094287,0.3239579066472653,0.3299349322266855,0.34007652370733144,0.0,0.0,0.0,0.0,0.0,0.0,0.0,0.0,0.0,0.0,0.0,0.3275146376344018,0.0,0.0,0.0,0.0,0.0,0.0,0.0,0.0,0.0,0.0,0.0,0.0,0.0,0.0,0.0,0.2653226773769135,0.0,0.0,0.0
0.4241820432585329,0.0,0.0,0.0,0.0,0.3624522605434842,0.0,0.0,0.43116077196621155,0.3183969097038084,0.40186199160272845,0.2482984459484937,0.4183015171001833,0.0,0.0,0.0,0.3776595883675615,0.0,0.37953094866848647,0.0,0.0,0.0,0.0,0.2808261317816651,0.3720692349636699,0.3673848056013282,0.39781073697562036,0.3539453935156149,0.0,0.0,0.31833792933117216,0.29766494867342863,0.22467333832527842,0.22930219898864754,0.3186702421583106,0.3116349969228034,0.31962158027811405,0.0,0.3435355488261177,0.2537741466934539,0.38522298441762676,0.0,0.0,0.0,0.0,0.0,0.0,0.0,0.0,0.0,0.0,0.0,0.0,0.0,0.40101164503015735,0.0,0.39267276854805444,0.3671027916904426,0.0,0.0,0.0,0.0,0.0,0.0,0.0,0.0,0.0,0.0,0.0,0.0,0.3921370387015313,0.0,0.0,0.0,0.0,0.0
0.45488963740688404,0.46481730308191477,0.0,0.0,0.0,0.4633737075010999,0.3402321147356536,0.422324952167383,0.49473960342046797,0.3843469039447251,0.0,0.41768752687326677,0.4650519456425519,0.49000342165442945,0.4675517535629506,0.46416216226039225,0.0,0.450236642111579,0.0,0.4577532860459664,0.4234340664953492,0.48206470209625346,0.46395448913648774,0.4656891194260006,0.44941268693876135,0.47700488239238986,0.4624990506509382,0.4724167005281807,0.4499583378560096,0.0,0.4550605528234738,0.3329948949214627,0.3787205997811924,0.3775679217410996,0.34597947601353213,0.31610174398934404,0.31714784459390394,0.3435355488261177,0.0,0.34666423110197747,0.3789045853487766,0.4031371418754815,0.2919464206052449,0.33984429706859465,0.287107630318893,0.4214290659364298,0.4233095782345966,0.46861198924858055,0.26390946375334196,0.4425655378282148,0.41556168849989944,0.4268996612964914,0.3591818730920111,0.4695049881549856,0.37260368363287866,0.37331637836332415,0.28222671920767306,0.4021247922448089,0.21043960830981653,0.4269370668681579,0.4492520018222416,0.429236006939206,0.4450236191983006,0.4697491716531037,0.4418690971243548,0.40307673768218005,0.44291635257696893,0.4161506055842593,0.3643098263649129,0.4168193422771139,0.43186503273671706,0.4222957648302317,0.37716462057873573,0.4075913490474286,0.4162861558829787,0.4148183715058455
