0.0,0.442087153569393,0.0,0.0,0.0,0.5178008897804964,0.0,0.5499339967438467,0.0,0.48567344539399665,0.0,0.448749234899884,0.0,0.0,0.4566773470758235,0.43402807430369883,0.0,0.43890550982768806,0.0,0.48804265347028625,0.44262711873291527,0.43694724141013785,0.5258138834632606,0.4239417357737062,0.45054171702474366,0.41927905172388535,0.5066215679017246,0.5301152349980486,0.5214968622522074,0.0,0.44445383366206803,0.4665836489954675,0.3812498049157238,0.4074769167387431,0.4465277698927779,0.0,0.0,0.0,0.4658880329314768,0.45262260911475505,0.44355288924834413,0.0,0.0,0.0,0.0,0.42745278681553095,0.5012416075101939,0.0,0.0,0.0,0.0,0.0,0.0,0.0,0.0,0.0,0.0,0.0,0.0,0.0,0.4834081425883445,0.0,0.471659731066447,0.0,0.0,0.375228475143235,0.4740724092394689,0.0,0.4246797577415374,0.49318993752283086,0.49312330564585005,0.0,0.0,0.0,0.0,0.0
0.442087153569393,0.0,0.0,0.0,0.47771462965593525,0.4840181718322585,0.4890783162630062,0.5168249520373519,0.4449934948059747,0.0,0.0,0.0,0.5242710439297121,0.0,0.474754066099939,0.45069869936496576,0.0,0.45156320113373866,0.0,0.47470932019396517,0.44542760309624835,0.4402239388528136,0.48042093564449717,0.0,0.42177310184329125,0.42042767427462224,0.4665625848434178,0.5060271242531769,0.4883501359246098,0.0,0.3842596998829552,0.44470535729996974,0.38030124532518006,0.3908721100911614,0.445285898834229,0.8025117189577193,0.0,0.0,0.46302867485123717,0.4567772430797511,0.45366223311859,0.4954683610325202,0.0,0.0,0.0,0.47286468839533086,0.4887121842016068,0.0,0.0,0.0,0.49830406169783453,0.0,0.0,0.0,0.0,0.0,0.0,0.0,0.0,0.49844993489752665,0.447781952901622,0.0,0.45826363896662514,0.0,0.46165959039655663,0.4873239459444769,0.46022082905151,0.0,0.460070081699292,0.4708893996638998,0.5002880687559431,0.4879867682304821,0.0,0.4698341607405154,0.0,0.4521497381531515
0.0,0.0,0.0,0.0,0.4281824816256442,0.46105511579083225,0.4673586931000847,0.5160015414269463,0.37037656094238397,0.0,0.37375786322795235,0.0,0.47167328271755954,0.45805952911545533,0.0,0.0,0.0,0.0,0.3245577645434869,0.0,0.0,0.0,0.40037585767332307,0.0,0.0,0.0,0.4312534710577293,0.4726571183589781,0.0,0.0,0.4792039606697966,0.44217019257112444,0.0,0.48791765240435975,0.0,0.42615214324673695,0.0,0.0,0.5615756394613289,0.0,0.0,0.0,0.543763564810142,0.0,0.0,0.0,0.0,0.45112099008068757,0.0,0.0,0.6408345288509384,0.0,0.5881977861709375,0.5971406489606371,0.0,0.5186494778843149,0.0,0.0,0.5236904660111908,0.0,0.0,0.0,0.0,0.5301849150585347,0.0,0.0,0.0,0.6044502394205982,0.0,0.0,0.0,0.6010007399630556,0.0,0.0,0.0,0.0
0.0,0.0,0.0,0.0,0.3369377365123174,0.45506956885976085,0.32539853916014644,0.433616612990374,0.45025307104601675,0.4258549178035177,0.4046995939753804,0.4104255149698744,0.4004774865846327,0.31723155240823586,0.5032455742464598,0.0,0.0,0.0,0.466300453352025,0.5065150615507356,0.0,0.4784436365226013,0.4416191958917136,0.0,0.0,0.4808748981562357,0.44360037359556714,0.34162568250377584,0.4990509145094346,0.0,0.4305557487702534,0.3574809731071308,0.0,0.3600627022757045,0.3268407328938453,0.24338575116714972,0.24585668801939162,0.3707697084714227,0.0,0.0,0.0,0.0,0.0,0.0,0.0,0.0,0.0,0.0,0.0,0.0,0.0,0.0,0.0,0.0,0.0,0.0,0.0,0.0,0.0,0.0,0.0,0.0,0.0,0.0,0.0,0.0,0.0,0.0,0.0,0.0,0.0,0.0,0.0,0.0,0.0,0.0
0.0,0.47771462965593525,0.4281824816256442,0.3369377365123174,0.0,0.424814041739968,0.3624731773886175,0.4190049948873955,0.3946526181912142,0.4644971700370331,0.3643441613730994,0.44444608769953353,0.42992505002231124,0.3100061439520537,0.0,0.5327517938873569,0.0,0.0,0.4111266179443487,0.4405263894285093,0.0,0.5041407415705406,0.4319555336398025,0.48428774405641023,0.0,0.0,0.4322033210622949,0.4404699664414092,0.46954171364308994,0.0,0.48817043157985573,0.42152927004522034,0.49712673682890607,0.47812950827446143,0.45541789384384546,0.31924852287404604,0.3454689265044583,0.43003558568362815,0.0,0.0,0.0,0.704532424313677,0.488235544671198,0.0,0.0,0.0,0.0,0.0,0.0,0.0,0.0,0.0,0.5667226806405599,0.0,0.0,0.5088095127301933,0.0,0.0,0.0,0.0,0.0,0.0,0.0,0.0,0.0,0.0,0.0,0.5421159446275502,0.0,0.0,0.0,0.6033628856118343,0.0,0.0,0.0,0.0
0.5178008897804964,0.4840181718322585,0.46105511579083225,0.45506956885976085,0.424814041739968,0.0,0.4590185412056519,0.46505283959939464,0.385288325648488,0.4775790141290009,0.40070819464935636,0.5089665272581188,0.44608626881008,0.4363241339217645,0.4708125971780359,0.504777580886335,0.0,0.4762103320158221,0.4368612836329656,0.4580620604130971,0.4712575597979739,0.5117380033715708,0.45790253097484124,0.5731942736396536,0.4598633277314462,0.476327979809856,0.4340875519758077,0.44682962699352374,0.40873375629013053,0.44755965988826596,0.4685771143181555,0.4507889050136148,0.422558098735436,0.4790594057815999,0.4987396832831899,0.4584080274392191,0.46111610978405826,0.49849215752947607,0.5214167077959913,0.0,0.5302317915152022,0.5891591003582964,0.49292600157412353,0.0,0.0,0.0,0.0,0.5927647455709621,0.0,0.0,0.5347687384373991,0.5620654341721902,0.5367873020079078,0.6040939740151003,0.0,0.543497493012222,0.0,0.541346282662041,0.0,0.5209311003216156,0.0,0.0,0.0,0.5413287443369587,0.5122355101945627,0.563710777767934,0.52414200636914,0.5502586349970218,0.0,0.0,0.5626643908783618,0.5440713366783781,0.5273323135445889,0.5108587759929567,0.5753581266368515,0.5258394648790687
0.0,0.4890783162630062,0.4673586931000847,0.32539853916014644,0.3624731773886175,0.4590185412056519,0.0,0.4955937268836006,0.4420271971697777,0.43383987232342325,0.47861272713821507,0.41535614346532923,0.39157967946873895,0.3914518789586915,0.0,0.5043372451062917,0.0,0.508135691585685,0.49112519879802785,0.4888159499192803,0.5746186876860464,0.5366814692305999,0.46943450564565675,0.420125814751756,0.0,0.0,0.4621465373947879,0.41310846733647516,0.4884385090609398,0.4545604955876277,0.4729043540669574,0.4283473735014271,0.45689659758976686,0.4602079149136737,0.4777997618003503,0.3398510866444341,0.3334132152430658,0.4017222650810233,0.0,0.0,0.0,0.0,0.0,0.0,0.0,0.0,0.0,0.0,0.0,0.0,0.0,0.0,0.0,0.0,0.0,0.0,0.0,0.0,0.0,0.0,0.0,0.0,0.0,0.0,0.0,0.0,0.0,0.5532600466530113,0.0,0.0,0.0,0.559510981882981,0.0,0.0,0.0,0.0
0.5499339967438467,0.5168249520373519,0.5160015414269463,0.433616612990374,0.4190049948873955,0.46505283959939464,0.4955937268836006,0.0,0.5079839988351685,0.0,0.33764618101959354,0.0,0.4849782095584859,0.3450282590091739,0.0,0.0,0.0,0.5537576995103799,0.4487065484297359,0.4760353159244146,0.44250977000394937,0.0,0.4179195796178304,0.5806503086546249,0.5647694152299843,0.5473227688582665,0.5014929651925021,0.48697497859658284,0.48048217271705596,0.0,0.5108009759816725,0.41651070003778096,0.5114554943275827,0.5582408355769237,0.0,0.2566024909180963,0.0,0.0,0.506698148282386,0.49830113744701965,0.5482049705302094,0.49057778425942145,0.44785204463716444,0.0,0.0,0.0,0.0,0.5975167211922092,0.0,0.0,0.5137597109777426,0.5373776128961933,0.4371589597922955,0.6064736789286128,0.0,0.45166993183830184,0.0,0.5110946102401484,0.43136341897109265,0.5399548847504317,0.0,0.0,0.0,0.5570925162364531,0.49961133757657067,0.46420263581471377,0.0,0.5051212686218787,0.0,0.0,0.0,0.5467205394235115,0.5131650562168365,0.5036948896628948,0.0,0.0
0.0,0.4449934948059747,0.37037656094238397,0.45025307104601675,0.3946526181912142,0.385288325648488,0.4420271971697777,0.5079839988351685,0.0,0.4922808592426577,0.3760421775583915,0.4864791277157933,0.43970589276790806,0.4369662692276171,0.0,0.0,0.0,0.0,0.3529660012926255,0.4169250989030836,0.6429000362607447,0.46280645219898153,0.4501778660531665,0.5675880264361066,0.0,0.0,0.41099106395097684,0.48127736429724477,0.44306399982620465,0.46174009931260834,0.5111654517628123,0.4439394508939102,0.4773575415000577,0.4953999525972159,0.47568683313511645,0.4437069113515255,0.45357635049390516,0.4688203886737593,0.5449432940017502,0.0,0.0,0.0,0.5204321208002417,0.0,0.0,0.0,0.0,0.5741644426514476,0.0,0.0,0.5380507619058027,0.0,0.590554710592729,0.0,0.0,0.5199985238180449,0.0,0.0,0.51895702043785,0.0,0.0,0.0,0.0,0.5659820782363822,1.2916694419015957,0.0,0.0,0.5792705826939379,0.0,0.0,0.0,0.5636790869546863,0.0,0.0,0.0,0.0
0.48567344539399665,0.0,0.0,0.4258549178035177,0.4644971700370331,0.4775790141290009,0.43383987232342325,0.0,0.4922808592426577,0.0,0.48342826134317307,0.3105882330265789,0.44439541303454877,0.4521656155692686,0.0,0.4308798414389299,0.35395867862391983,0.391919604893609,0.49105553639379856,0.5199832314089399,0.0,0.0,0.4838482237653466,0.37021561387789115,0.3779577333064862,0.38973391829176485,0.48859917476889164,0.42134685403356,0.5342800839253466,0.0,0.3567783869013771,0.32280004053195965,0.34064196057487867,0.32737484932018796,0.312805329218025,0.3773284337115509,0.32203873494259405,0.2993624922466,0.31572984906665374,0.39591880004902485,0.36490319502406937,0.2552990959344612,0.42912453338713025,0.0,0.3472219107756979,0.0,0.0,0.0,0.0,0.0,0.0,0.0,0.0,0.0,0.5120381862450137,0.0,0.49537943759962444,0.0,0.0,0.0,0.0,0.48584288380288126,0.4600294917366702,0.0,0.0,0.0,0.0,0.0,0.4640088362264153,0.47462541966521854,0.5001265978379196,0.0,0.44946052907740386,0.0,0.0,0.43306942583601676
0.0,0.0,0.37375786322795235,0.4046995939753804,0.3643441613730994,0.40070819464935636,0.47861272713821507,0.33764618101959354,0.3760421775583915,0.48342826134317307,0.0,0.47990802013755596,0.47831758934166546,0.3221335874348882,0.0,0.0,0.0,0.0,0.32455006525726904,0.0,0.4878905276866929,0.0,0.33850057516419696,0.5152827769486354,0.0,0.0,0.43099348079926636,0.47999739766030397,0.0,0.0,0.5032645111611986,0.3597070975705534,0.5277077873378434,0.48456201278078936,0.49085809421097604,0.32675379036769037,0.45738854552771463,0.46819199771257675,0.369999711514285,0.0,0.0,0.0,0.4211536823796241,0.0,0.0,0.0,0.0,0.5155676181965945,0.0,0.0,0.0,0.0,0.49486611424394333,0.5434068299422108,0.0,0.2238685279116811,0.0,0.0,0.4383226842272318,0.0,0.0,0.0,0.0,0.15327148655660408,0.0,0.0,0.0,0.5224322277412902,0.0,0.0,0.0,0.544475712000053,0.0,0.0,0.0,0.0
0.448749234899884,0.0,0.0,0.4104255149698744,0.44444608769953353,0.5089665272581188,0.41535614346532923,0.0,0.4864791277157933,0.3105882330265789,0.47990802013755596,0.0,0.40850619464705745,0.0,0.0,0.0,0.33077633666738826,0.3587664444870847,0.5620208038291161,0.6587715124765613,0.0,0.6595382653022244,0.54358855583878,0.30412846711396,0.3753538162034814,0.34230003852998536,0.5390323689218472,0.3675501311854801,0.0,0.0,0.3251846542620259,0.29120361221956725,0.30191562675195016,0.23678658587735907,0.2846925913620058,0.33358152998218504,0.32826907585406234,0.22875315536027868,0.28577807123383636,0.3829388024182338,0.28827211263917374,0.2612782432509172,0.0,0.0,0.3056988365604835,0.0,0.0,0.0,0.0,0.0,0.0,0.0,0.0,0.0,0.4976490154174977,0.0,0.48892721232114444,0.0,0.0,0.0,0.0,0.4842828662127455,0.46589056086853675,0.0,0.0,0.0,0.0,0.0,0.442105810375746,0.47062049124748717,0.5009747238566188,0.0,0.0,0.0,0.0,0.4309685609226355
0.0,0.5242710439297121,0.47167328271755954,0.4004774865846327,0.42992505002231124,0.44608626881008,0.39157967946873895,0.4849782095584859,0.43970589276790806,0.44439541303454877,0.47831758934166546,0.40850619464705745,0.0,0.41230615068071347,0.4738285036812284,0.526649862528688,0.45451306242283535,0.4747203394051417,0.48776887710471245,0.48130712413176485,0.5153300001441792,0.5393745954756293,0.4770912483030634,0.41692077626587876,0.4683254902825288,0.4487354075915573,0.4699538063262645,0.3988780781115471,0.4613538485794514,0.44635778816496413,0.45196618711364644,0.4444796840482181,0.4190762251702555,0.45349817094836686,0.47316601440435535,0.40503009497368203,0.39464489298579364,0.4055103792348534,0.47326821529084634,0.46678311345532253,0.45325190488872374,0.5271601752758363,0.0,0.0,0.41673467889227167,0.0,0.0,0.0,0.0,0.0,0.5497718036848777,0.0,0.5632700304592295,0.0,0.0,0.0,0.0,0.0,0.0,0.0,0.0,0.0,0.0,0.0,0.570503776101809,0.0,0.0,0.5508712046497627,0.0,0.0,0.0,0.5451221634699289,0.0,0.5561994842604778,0.0,0.0
0.0,0.0,0.45805952911545533,0.31723155240823586,0.3100061439520537,0.4363241339217645,0.3914518789586915,0.3450282590091739,0.4369662692276171,0.4521656155692686,0.3221335874348882,0.0,0.41230615068071347,0.0,0.0,0.0,0.0,0.0,0.39225373215415976,0.0,0.47648615131972505,0.0,0.4123007206972225,0.0,0.0,0.6094380333775308,0.47208275552472634,0.31563634291538123,0.0,0.0,0.4105277578339067,0.24970972729614363,0.0,0.0,0.0,0.23449086615916337,0.22700991298015544,0.0,0.0,0.0,0.0,0.0,0.0,0.0,0.0,0.0,0.0,0.5680978634202101,0.0,0.0,0.0,0.0,0.550152479959366,0.0,0.0,0.45276098798019104,0.0,0.0,0.0,0.0,0.0,0.0,0.0,0.0,0.0,0.0,0.0,0.5324084943274368,0.0,0.0,0.0,0.5837991931461626,0.0,0.0,0.0,0.0
0.4566773470758235,0.474754066099939,0.0,0.5032455742464598,0.0,0.4708125971780359,0.0,0.0,0.0,0.0,0.0,0.0,0.4738285036812284,0.0,0.0,0.5019826566228052,0.0,0.45074243891382937,0.0,0.3841258082007394,0.44422800633575915,0.4188476335047385,0.4133483309802589,0.5316564928651575,0.43335086383082844,0.4457841584219435,0.444929687654121,0.45681154171775107,0.44427661571471705,0.0,0.4860363699213861,0.4829567811741044,0.4607968099631274,0.4924608612001692,0.5228487644985714,0.5336758547787477,0.516143439031467,0.0,0.503412245980881,0.5096992690050504,0.5048057775592223,0.5279882684910506,0.0,0.0,0.0,0.40112238315809046,0.5213661177568214,0.0,0.0,0.0,0.5087881006221083,0.0,0.0,0.0,0.0,0.0,0.0,0.0,0.0,0.49814504550209027,0.0,0.0,0.0,0.0,0.48391582524831783,0.5081111320372659,0.5238520583103459,0.49511695896691515,0.0,0.5584048198411213,0.5365117947203046,0.5100508641096467,0.5458100410603289,0.4980254616399508,0.0,0.519845071891429
0.43402807430369883,0.45069869936496576,0.0,0.0,0.5327517938873569,0.504777580886335,0.5043372451062917,0.0,0.0,0.4308798414389299,0.0,0.0,0.526649862528688,0.0,0.5019826566228052,0.0,0.4073712969704185,0.38261155766677674,0.0,0.4574664152369376,0.451281744974862,0.43005357218859785,0.48230092053548446,0.4135807027107959,0.4444209061188372,0.4596334192305585,0.47346498397055203,0.4877814357578708,0.4897408291798191,0.0,0.40368734463133704,0.48245470231899085,0.425341882564997,0.42670889131248046,0.4804336415339417,0.0,0.0,0.0,0.45935117424041283,0.46397549586255543,0.43867986259486597,0.4586669536301829,0.0,0.0,0.0,0.47959024863289856,0.47711849370659165,0.0,0.0,0.0,0.0,0.0,0.0,0.0,0.0,0.0,0.0,0.0,0.0,0.4882199877325504,0.4532573549445534,0.0,0.4441031468889676,0.0,0.0,0.0,0.4554713666627589,0.0,0.0,0.46373656393154633,0.49000778626610353,0.0,0.0,0.0,0.0,0.0
0.0,0.0,0.0,0.0,0.0,0.0,0.0,0.0,0.0,0.35395867862391983,0.0,0.33077633666738826,0.45451306242283535,0.0,0.0,0.4073712969704185,0.0,0.3592884116396091,0.0,0.4542344227894135,0.0,0.44507969098310174,0.0,0.4266675094859074,0.3629031044339129,0.410418330807731,0.0,0.4368922401857905,0.5777143193135312,0.0,0.3751697566974104,0.4202595237724707,0.3709481996905332,0.3684170522262218,0.3816257992799912,0.40317356732702986,0.0,0.34559041898614096,0.0,0.38694609659938317,0.0,0.0,0.0,0.0,0.0,0.0,0.0,0.0,0.0,0.0,0.0,0.0,0.0,0.0,0.4781698791645529,0.0,0.4727024829974733,0.0,0.0,0.0,0.0,0.4730956935497671,0.4458325656736657,0.0,0.0,0.0,0.0,0.0,0.48608139602850614,0.46815815403745964,0.4957703815498653,0.0,0.0,0.0,0.0,0.0
0.43890550982768806,0.45156320113373866,0.0,0.0,0.0,0.4762103320158221,0.508135691585685,0.5537576995103799,0.0,0.391919604893609,0.0,0.3587664444870847,0.4747203394051417,0.0,0.45074243891382937,0.38261155766677674,0.3592884116396091,0.0,0.0,0.4563505672635307,0.4698387405824017,0.46304129990735476,0.4612196954067708,0.4278785606596167,0.40708137789745286,0.4426458507640496,0.45788940168704817,0.4583593019633877,0.4948520715374796,0.0,0.42211022274610754,0.4572254485023308,0.40330325541964,0.426642962795215,0.4348494399693088,0.0,0.0,0.4073188371082018,0.48602048888001714,0.44790493586073316,0.4837419341205036,0.46282223366993147,0.0,0.0,0.0,0.46629326635272955,0.4799659633077582,0.0,0.0,0.0,0.0,0.0,0.0,0.0,0.4658840574224386,0.0,0.4663638693899659,0.0,0.0,0.0,0.4530256003845493,0.4408733620578504,0.4477599342607181,0.0,0.0,0.47588416619226626,0.43676439975720244,0.0,0.4780203682997999,0.4648318482864871,0.48687219846629337,0.0,0.0,0.0,0.0,0.4235806147386133
0.0,0.0,0.3245577645434869,0.466300453352025,0.4111266179443487,0.4368612836329656,0.49112519879802785,0.4487065484297359,0.3529660012926255,0.49105553639379856,0.32455006525726904,0.5620208038291161,0.48776887710471245,0.39225373215415976,0.0,0.0,0.0,0.0,0.0,0.0,0.0,0.0,0.3235474133723755,0.0,0.0,0.0,0.4339614147649731,0.49259668956024516,0.0,0.0,0.4945797980547351,0.446774689075358,0.0,0.4965106135212935,0.49388421639967983,0.42544774110387773,0.4668018288157131,0.0,0.0,0.0,0.0,0.0,0.4751952646294556,0.0,0.0,0.0,0.0,0.5193895558073482,0.0,0.0,0.0,0.0,0.5647485662548619,0.6016973879118528,0.0,0.4610660333468287,0.0,0.0,0.5268482071584095,0.0,0.0,0.0,0.0,0.0,0.0,0.0,0.0,0.5631480114328284,0.0,0.0,0.0,0.5949549052791109,0.0,0.0,0.0,0.0
0.48804265347028625,0.47470932019396517,0.0,0.5065150615507356,0.4405263894285093,0.4580620604130971,0.4888159499192803,0.4760353159244146,0.4169250989030836,0.5199832314089399,0.0,0.6587715124765613,0.48130712413176485,0.0,0.3841258082007394,0.4574664152369376,0.4542344227894135,0.4563505672635307,0.0,0.0,0.4655888715429384,0.403213588763069,0.2957395657714331,0.0,0.451898396906199,0.48191813097349795,0.374208900947012,0.42689927829247765,0.3782375548354846,0.4056076142944274,0.4085473520805805,0.4749408151723352,0.4546391759446599,0.45869516005719907,0.5018195439157802,0.5260923048393882,0.5033858904498045,0.0,0.48840560503458913,0.0,0.0,0.0,0.0,0.0,0.0,0.0,0.0,0.0,0.0,0.0,0.5360304144572077,0.0,0.0,0.0,0.0,0.0,0.0,0.0,0.0,0.4739413002284809,0.0,0.0,0.0,0.0,0.46983482521533115,0.48089911954033365,0.48071669740941686,0.5127033835543046,0.0,0.0,0.5006922452945699,0.5275039832928033,0.5362067006798087,0.4906304773075761,0.0,0.0
0.44262711873291527,0.44542760309624835,0.0,0.0,0.0,0.4712575597979739,0.5746186876860464,0.44250977000394937,0.6429000362607447,0.0,0.4878905276866929,0.0,0.5153300001441792,0.47648615131972505,0.44422800633575915,0.451281744974862,0.0,0.4698387405824017,0.0,0.4655888715429384,0.0,0.4811330638501948,0.4563511688893349,0.5520050264252454,0.49980283724624686,0.4557283721728751,0.49569468403864825,0.5082998541189633,0.4611209075080269,0.0,0.43980950365881033,0.4622234671387256,0.41878219833496233,0.4293027513470555,0.48062361075871507,0.0,0.0,0.0,0.5163030751001738,0.5076508180845585,0.5165317552477845,0.5278749305468405,0.0,0.0,0.0,0.4912115985887641,0.5185093780785951,0.0,0.0,0.0,0.5162199107486931,0.0,0.5112569159889518,0.0,0.0,0.0,0.0,0.5827303052641069,0.0,0.48742908482787417,0.48097683126089447,0.0,0.0,0.0,0.48020376035857526,0.5083259978660248,0.5127465826466711,0.5132816272580693,0.0,0.5533617168000384,0.553232313241904,0.5248103779425013,0.5218817063332486,0.536223420339039,0.0,0.5202149162780346
0.43694724141013785,0.4402239388528136,0.0,0.4784436365226013,0.5041407415705406,0.5117380033715708,0.5366814692305999,0.0,0.46280645219898153,0.0,0.0,0.6595382653022244,0.5393745954756293,0.0,0.4188476335047385,0.43005357218859785,0.44507969098310174,0.46304129990735476,0.0,0.403213588763069,0.4811330638501948,0.0,0.44043151606233816,0.0,0.44477526896376046,0.45179188845593743,0.4742756162120159,0.5013566645931578,0.47995021342246214,0.0,0.41566206305276243,0.4939645716782345,0.4523770644196859,0.46375248823107496,0.5098656311751468,0.5488493888542352,0.5108328333457288,0.0,0.49192704320138503,0.48947987273035864,0.4828340857803274,0.5125155641447887,0.0,0.0,0.0,0.4906703491830237,0.4966537853103788,0.0,0.0,0.0,0.4966596463013372,0.0,0.0,0.0,0.0,0.0,0.0,0.0,0.0,0.5044662050020484,0.45411748789853074,0.0,0.4793384174125838,0.0,0.4877650659388406,0.498055812329675,0.5067665280955189,0.4887465322235958,0.40550505733002223,0.4596725065119679,0.528128645453642,0.49351356817585373,0.0,0.4900348817890508,0.0,0.47629237161119564
0.5258138834632606,0.48042093564449717,0.40037585767332307,0.4416191958917136,0.4319555336398025,0.45790253097484124,0.46943450564565675,0.4179195796178304,0.4501778660531665,0.4838482237653466,0.33850057516419696,0.54358855583878,0.4770912483030634,0.4123007206972225,0.4133483309802589,0.48230092053548446,0.0,0.4612196954067708,0.3235474133723755,0.2957395657714331,0.4563511688893349,0.44043151606233816,0.0,0.5520516325607068,0.4947069442517386,0.5219398392670549,0.4273733124779086,0.4751946025581424,0.4533220285993771,0.45062665989734363,0.45690958524217895,0.45565860605066133,0.42137230735976017,0.4771740135411288,0.4850428977683632,0.4205169279645732,0.45841009870415605,0.546983101132662,0.5357316339663553,0.4850922628127652,0.5656588648392968,0.5600202576102573,0.5221796310515137,0.0,0.0,0.0,0.5081664397786188,0.6078929258965318,0.0,0.0,0.5557221247659864,0.5646784246390185,0.5533320443258755,0.6216551301145155,0.0,0.5256518497554119,0.0,0.5502954942088207,0.5036144483614893,0.5076007115304255,0.0,0.0,0.0,0.5858463357846051,0.5177529977764304,0.5354698057783162,0.5074959741193956,0.568364326235075,0.0,0.0,0.5233926095779963,0.5679476059216247,0.5486827994184429,0.5337982851469676,0.5560862892766812,0.5606629526702469
0.4239417357737062,0.0,0.0,0.0,0.48428774405641023,0.5731942736396536,0.420125814751756,0.5806503086546249,0.5675880264361066,0.37021561387789115,0.5152827769486354,0.30412846711396,0.41692077626587876,0.0,0.5316564928651575,0.4135807027107959,0.4266675094859074,0.4278785606596167,0.0,0.0,0.5520050264252454,0.0,0.5520516325607068,0.0,0.4509399323222212,0.39747424822152866,0.5751415948867653,0.37374244137290824,0.6035775263617549,0.0,0.3158372412606846,0.2986188690054267,0.2470637373925278,0.23826667066823087,0.24702880577508685,0.35690367780127574,0.2653422594142314,0.24793859229008774,0.23106472680528248,0.38271248233408295,0.32366104134100493,0.19319975569971037,0.0,0.0,0.3000605895279302,0.44586114376638725,0.5090269173986786,0.0,0.0,0.0,0.0,0.0,0.0,0.0,0.5242596850877506,0.0,0.4886624373759756,0.0,0.0,0.0,0.0,0.5087398118416282,0.49010312814786955,0.0,0.0,0.0,0.0,0.0,0.4647496538790512,0.5014964584748367,0.5038160561011304,0.0,0.0,0.0,0.0,0.48868397081670767
0.45054171702474366,0.42177310184329125,0.0,0.0,0.0,0.4598633277314462,0.0,0.5647694152299843,0.0,0.3779577333064862,0.0,0.3753538162034814,0.4683254902825288,0.0,0.43335086383082844,0.4444209061188372,0.3629031044339129,0.40708137789745286,0.0,0.451898396906199,0.49980283724624686,0.44477526896376046,0.4947069442517386,0.4509399323222212,0.0,0.41269994500923285,0.4519151398094651,0.43345722194114344,0.4719869265795327,0.0,0.42680717867633716,0.45112235539669665,0.37314280418680223,0.4142730628583837,0.44062034677993256,0.45437555531970764,0.0,0.34512670309939986,0.4781163893137047,0.44303601794599246,0.4601344079035079,0.5035549382086444,0.0,0.0,0.4025602679452488,0.47037614540592615,0.5073897451225765,0.0,0.0,0.0,0.0,0.0,0.0,0.0,0.4977403656617163,0.0,0.5048874306857832,0.0,0.0,0.0,0.4637674388057421,0.4907580614410425,0.46799840319148733,0.0,0.0,0.4916234190127088,0.43322291924686857,0.0,0.49741352067790356,0.4816008994677197,0.49947476708104765,0.0,0.0,0.48373939623511464,0.0,0.4607150389376389
0.41927905172388535,0.42042767427462224,0.0,0.4808748981562357,0.0,0.476327979809856,0.0,0.5473227688582665,0.0,0.38973391829176485,0.0,0.34230003852998536,0.4487354075915573,0.6094380333775308,0.4457841584219435,0.4596334192305585,0.410418330807731,0.4426458507640496,0.0,0.48191813097349795,0.4557283721728751,0.45179188845593743,0.5219398392670549,0.39747424822152866,0.41269994500923285,0.0,0.49700374591354224,0.43991101018551454,0.4591085058654588,0.0,0.4282350683628157,0.46802962234074547,0.41391879624063166,0.43591945683449784,0.4701498345925467,0.512355375403316,0.5025589263485216,0.3687372342264271,0.49712173332584975,0.457120727316036,0.48571102666606225,0.534371831291554,0.0,0.0,0.44950543923303554,0.49287592230262245,0.5226458923444083,0.0,0.0,0.0,0.5143055912817671,0.0,0.5460409577208069,0.0,0.5077033924888871,0.0,0.5006404820414027,0.0,0.0,0.5342704939356661,0.4842008688729392,0.505205388061906,0.48485768049834105,0.0,0.49614558555172966,0.5154277180765382,0.5142011854182797,0.5227356887008672,0.5079228159958866,0.49678322124059476,0.5194541177828913,0.5091595922735647,0.0,0.4930727550331949,0.0,0.47004389039745015
0.5066215679017246,0.4665625848434178,0.4312534710577293,0.44360037359556714,0.4322033210622949,0.4340875519758077,0.4621465373947879,0.5014929651925021,0.41099106395097684,0.48859917476889164,0.43099348079926636,0.5390323689218472,0.4699538063262645,0.47208275552472634,0.444929687654121,0.47346498397055203,0.0,0.45788940168704817,0.4339614147649731,0.374208900947012,0.49569468403864825,0.4742756162120159,0.4273733124779086,0.5751415948867653,0.4519151398094651,0.49700374591354224,0.0,0.4652313534787344,0.3997221124526419,0.43413519061595246,0.4365386676381384,0.45534971096323745,0.41568911420253485,0.4655087168442856,0.4774876537958332,0.4585324200743408,0.45631536696042974,0.5473260454866467,0.5254598180924885,0.5449433066214997,0.5474897902459619,0.544571437384662,0.5334969897089346,0.0,0.0,0.0,0.0,0.5923548530074915,0.0,0.0,0.5476990137727755,0.56648516469064,0.5598718543864915,0.6074662426324641,0.0,0.558715631062153,0.0,0.5463831291434675,0.5411597418852648,0.5058441168987116,0.0,0.0,0.0,0.5889713821893203,0.5086715616712114,0.5322586905206435,0.5081278663524504,0.5672295681771818,0.0,0.0,0.5203620642881814,0.5558998222698753,0.5315871667061611,0.5207032716631359,0.5270133901409216,0.5463490996374528
0.5301152349980486,0.5060271242531769,0.4726571183589781,0.34162568250377584,0.4404699664414092,0.44682962699352374,0.41310846733647516,0.48697497859658284,0.48127736429724477,0.42134685403356,0.47999739766030397,0.3675501311854801,0.3988780781115471,0.31563634291538123,0.45681154171775107,0.4877814357578708,0.4368922401857905,0.4583593019633877,0.49259668956024516,0.42689927829247765,0.5082998541189633,0.5013566645931578,0.4751946025581424,0.37374244137290824,0.43345722194114344,0.43991101018551454,0.4652313534787344,0.0,0.40726052772547905,0.38186910450872724,0.4247155931136998,0.41348004753193535,0.36994284635095925,0.4145253748756975,0.38907052314627416,0.331910423845668,0.33916613783585947,0.35308439397826225,0.4077962378734744,0.3585830273674351,0.3722173558962152,0.40232784438772534,0.0,0.0,0.31970788157753516,0.0,0.0,0.0,0.0,0.0,0.5376708145804453,0.0,0.5372153793057085,0.0,0.45380926951291023,0.0,0.0,0.0,0.0,0.5386834193525627,0.0,0.0,0.0,0.0,0.5128227679389079,0.5687670524386854,0.5875145611226391,0.5433575159636082,0.0,0.0,0.0,0.5470900887717637,0.5381403529353456,0.5197766134180444,0.0,0.0
0.5214968622522074,0.4883501359246098,0.0,0.4990509145094346,0.46954171364308994,0.40873375629013053,0.4884385090609398,0.48048217271705596,0.44306399982620465,0.5342800839253466,0.0,0.0,0.4613538485794514,0.0,0.44427661571471705,0.4897408291798191,0.5777143193135312,0.4948520715374796,0.0,0.3782375548354846,0.4611209075080269,0.47995021342246214,0.4533220285993771,0.6035775263617549,0.4719869265795327,0.4591085058654588,0.3997221124526419,0.40726052772547905,0.0,0.3848457462868525,0.39987422781309023,0.46002091335007733,0.4086102383943895,0.4474420164193006,0.47327281252661063,0.492204639277132,0.48673158279624906,0.7471224482832828,0.4927887362835367,0.0,0.0,0.0,0.0,0.0,0.0,0.0,0.0,0.0,0.0,0.0,0.5128663955363536,0.0,0.0,0.0,0.0,0.0,0.0,0.0,0.0,0.46705042880298275,0.0,0.0,0.0,0.0,0.4748755095351931,0.48302668124004317,0.4803376039231615,0.5153782891451696,0.0,0.0,0.49703639223117035,0.523742522132098,0.5220286140034766,0.493594515006125,0.0,0.0
0.0,0.0,0.0,0.0,0.0,0.44755965988826596,0.4545604955876277,0.0,0.46174009931260834,0.0,0.0,0.0,0.44635778816496413,0.0,0.0,0.0,0.0,0.0,0.0,0.4056076142944274,0.0,0.0,0.45062665989734363,0.0,0.0,0.0,0.43413519061595246,0.38186910450872724,0.3848457462868525,0.0,0.3580731239599018,0.4372275295926148,0.0,0.42142346913024115,0.4434694100819582,0.5017389073380856,0.48563085863556593,0.0,0.0,0.0,0.0,0.0,0.0,0.0,0.0,0.0,0.0,0.0,0.0,0.0,0.0,0.0,0.0,0.0,0.0,0.0,0.0,0.0,0.0,0.0,0.0,0.0,0.0,0.0,0.0,0.0,0.0,0.0,0.0,0.0,0.0,0.0,0.0,0.0,0.0,0.0
0.44445383366206803,0.3842596998829552,0.4792039606697966,0.4305557487702534,0.48817043157985573,0.4685771143181555,0.4729043540669574,0.5108009759816725,0.5111654517628123,0.3567783869013771,0.5032645111611986,0.3251846542620259,0.45196618711364644,0.4105277578339067,0.4860363699213861,0.40368734463133704,0.3751697566974104,0.42211022274610754,0.4945797980547351,0.4085473520805805,0.43980950365881033,0.41566206305276243,0.45690958524217895,0.3158372412606846,0.42680717867633716,0.4282350683628157,0.4365386676381384,0.4247155931136998,0.39987422781309023,0.3580731239599018,0.0,0.421541888034991,0.3354760478581453,0.316557049482531,0.30977510353466003,0.48528043259041687,0.4168972636951351,0.2936045746794148,0.43212353204032883,0.204598483587821,0.0,0.3081417917124652,0.0,0.0,0.2852564782506378,0.0,0.45244251737237995,0.0,0.0,0.0,0.0,0.0,0.0,0.0,0.41520030099221256,0.0,0.39699784242771397,0.0,0.0,0.4677949161175799,0.4458375153636472,0.44640740870164275,0.45420194618683135,0.0,0.4626871783706438,0.0,0.4511927670904101,0.555991797435175,0.3522118330639951,0.47206314260784776,0.48824928801254813,0.5411395565392286,0.0,0.0,0.0,0.0
0.4665836489954675,0.44470535729996974,0.44217019257112444,0.3574809731071308,0.42152927004522034,0.4507889050136148,0.4283473735014271,0.41651070003778096,0.4439394508939102,0.32280004053195965,0.3597070975705534,0.29120361221956725,0.4444796840482181,0.24970972729614363,0.4829567811741044,0.48245470231899085,0.4202595237724707,0.4572254485023308,0.446774689075358,0.4749408151723352,0.4622234671387256,0.4939645716782345,0.45565860605066133,0.2986188690054267,0.45112235539669665,0.46802962234074547,0.45534971096323745,0.41348004753193535,0.46002091335007733,0.4372275295926148,0.421541888034991,0.0,0.3643197968182098,0.3553129832984037,0.3194525974390583,0.2849615425471516,0.33025314099588005,0.2928534092688517,0.25879205507342473,0.3401053669125449,0.33320763402267695,0.3642530810472518,0.4387865255304697,0.0,0.3096371463258071,0.0,0.48128522880183316,0.6052552406417174,0.0,0.0,0.5389141826254763,0.0,0.5655044080569471,0.0,0.3699181738193755,0.5410078011901828,0.2770129867157355,0.0,0.0,0.49582773255612467,0.45566142449751557,0.0,0.47059350801932603,0.0,0.49399277112830664,0.5485049536317408,0.48099416579964094,0.5485022918482493,0.0,0.4744197683810342,0.5067000354847101,0.5532469031966073,0.5005361744180259,0.5183654455193049,0.0,0.5253128659668238
0.3812498049157238,0.38030124532518006,0.0,0.0,0.49712673682890607,0.422558098735436,0.45689659758976686,0.5114554943275827,0.4773575415000577,0.34064196057487867,0.5277077873378434,0.30191562675195016,0.4190762251702555,0.0,0.4607968099631274,0.425341882564997,0.3709481996905332,0.40330325541964,0.0,0.4546391759446599,0.41878219833496233,0.4523770644196859,0.42137230735976017,0.2470637373925278,0.37314280418680223,0.41391879624063166,0.41568911420253485,0.36994284635095925,0.4086102383943895,0.0,0.3354760478581453,0.3643197968182098,0.0,0.27825058647205214,0.41950614929636265,0.5275214503398862,0.3834861520485114,0.21576775328581566,0.3368698211496976,0.2702580356243973,0.29079598318900773,0.34975408773812156,0.0,0.0,0.26262558337784075,0.43893568038495234,0.4842473917707214,0.0,0.0,0.0,0.4321360803321006,0.0,0.0,0.0,0.4081826408078715,0.0,0.3799938898662042,0.0,0.0,0.4890511976655742,0.4634864207214927,0.3708930780341623,0.4286217797392512,0.0,0.49358672392828923,0.4835025107652068,0.4815113114228651,0.0,0.33592571700202173,0.4640686786836363,0.4898589826611755,0.43879490392424425,0.0,0.0,0.0,0.0
0.4074769167387431,0.3908721100911614,0.48791765240435975,0.3600627022757045,0.47812950827446143,0.4790594057815999,0.4602079149136737,0.5582408355769237,0.4953999525972159,0.32737484932018796,0.48456201278078936,0.23678658587735907,0.45349817094836686,0.0,0.4924608612001692,0.42670889131248046,0.3684170522262218,0.426642962795215,0.4965106135212935,0.45869516005719907,0.4293027513470555,0.46375248823107496,0.4771740135411288,0.23826667066823087,0.4142730628583837,0.43591945683449784,0.4655087168442856,0.4145253748756975,0.4474420164193006,0.42142346913024115,0.316557049482531,0.3553129832984037,0.27825058647205214,0.0,0.2836022668176922,0.44084480113701185,0.3536865798438668,0.21993412950614516,0.3123807735029365,0.2465125025122174,0.19982970869705574,0.2363868869627952,0.0,0.0,0.26182749785987597,0.42085176419975096,0.46065039529066065,0.0,0.0,0.0,0.0,0.0,0.0,0.0,0.36469182084160484,0.0,0.3340848734060107,0.0,0.0,0.48633443009428373,0.4352621888790944,0.42656522079037806,0.44924362096692827,0.0,0.5405450984181128,0.0,0.4663547381481315,0.576232396466787,0.2556387913563551,0.46906308015357595,0.49362151494749323,0.5820211534842701,0.0,0.0,0.0,0.0
0.4465277698927779,0.445285898834229,0.0,0.3268407328938453,0.45541789384384546,0.4987396832831899,0.4777997618003503,0.0,0.47568683313511645,0.312805329218025,0.49085809421097604,0.2846925913620058,0.47316601440435535,0.0,0.5228487644985714,0.4804336415339417,0.3816257992799912,0.4348494399693088,0.49388421639967983,0.5018195439157802,0.48062361075871507,0.5098656311751468,0.4850428977683632,0.24702880577508685,0.44062034677993256,0.4701498345925467,0.4774876537958332,0.38907052314627416,0.47327281252661063,0.4434694100819582,0.30977510353466003,0.3194525974390583,0.41950614929636265,0.2836022668176922,0.0,0.39017990812368303,0.3550146076922565,0.2532779322777974,0.3349829551268338,0.3059651963313808,0.29640060650640426,0.35981160661461037,0.0,0.0,0.3025829533107744,0.0,0.49398301198344413,0.0,0.0,0.0,0.0,0.0,0.0,0.0,0.3477652403799773,0.0,0.0,0.0,0.0,0.5062276568998109,0.4572010625703605,0.0,0.4724018268935488,0.0,0.0,0.0,0.48026400033707417,0.5605261564687305,0.0,0.4876490987165456,0.5215066634983205,0.548776165041707,0.0,0.0,0.0,0.0
0.0,0.8025117189577193,0.42615214324673695,0.24338575116714972,0.31924852287404604,0.4584080274392191,0.3398510866444341,0.2566024909180963,0.4437069113515255,0.3773284337115509,0.32675379036769037,0.33358152998218504,0.40503009497368203,0.23449086615916337,0.5336758547787477,0.0,0.40317356732702986,0.0,0.42544774110387773,0.5260923048393882,0.0,0.5488493888542352,0.4205169279645732,0.35690367780127574,0.45437555531970764,0.512355375403316,0.4585324200743408,0.331910423845668,0.492204639277132,0.5017389073380856,0.48528043259041687,0.2849615425471516,0.5275214503398862,0.44084480113701185,0.39017990812368303,0.0,0.22446607638841393,0.3277611751138187,0.31919432327324065,0.2375036413061907,0.29390021299315794,0.3088452230114206,0.3030401603744357,0.0,0.0,0.0,0.0,0.5206954883941883,0.0,0.0,0.605532088901687,0.0,0.4373443418094083,0.0,0.0,0.39381193383682034,0.0,0.0,0.0,0.0,0.0,0.0,0.0,0.5405806139450051,0.0,0.0,0.0,0.4460905472778079,0.0,0.0,0.0,0.5186080501410639,0.0,0.0,0.0,0.0
0.0,0.0,0.0,0.24585668801939162,0.3454689265044583,0.46111610978405826,0.3334132152430658,0.0,0.45357635049390516,0.32203873494259405,0.45738854552771463,0.32826907585406234,0.39464489298579364,0.22700991298015544,0.516143439031467,0.0,0.0,0.0,0.4668018288157131,0.5033858904498045,0.0,0.5108328333457288,0.45841009870415605,0.2653422594142314,0.0,0.5025589263485216,0.45631536696042974,0.33916613783585947,0.48673158279624906,0.48563085863556593,0.4168972636951351,0.33025314099588005,0.3834861520485114,0.3536865798438668,0.3550146076922565,0.22446607638841393,0.0,0.3096261459191279,0.3284555780607613,0.0,0.0,0.31328700329520054,0.0,0.0,0.0,0.0,0.0,0.0,0.0,0.0,0.0,0.0,0.0,0.0,0.0,0.0,0.0,0.0,0.0,0.0,0.0,0.0,0.0,0.0,0.0,0.0,0.0,0.0,0.0,0.0,0.0,0.0,0.0,0.0,0.0,0.0
0.0,0.0,0.0,0.3707697084714227,0.43003558568362815,0.49849215752947607,0.4017222650810233,0.0,0.4688203886737593,0.2993624922466,0.46819199771257675,0.22875315536027868,0.4055103792348534,0.0,0.0,0.0,0.34559041898614096,0.4073188371082018,0.0,0.0,0.0,0.0,0.546983101132662,0.24793859229008774,0.34512670309939986,0.3687372342264271,0.5473260454866467,0.35308439397826225,0.7471224482832828,0.0,0.2936045746794148,0.2928534092688517,0.21576775328581566,0.21993412950614516,0.2532779322777974,0.3277611751138187,0.3096261459191279,0.0,0.306633446374323,0.26074092472168225,0.23554007159335572,0.2799118065819032,0.0,0.0,0.2530016957265581,0.0,0.0,0.0,0.0,0.0,0.0,0.0,0.0,0.0,0.36914323668993365,0.0,0.32430951637008176,0.0,0.0,0.0,0.0,0.0,0.26105956979717415,0.0,0.0,0.0,0.0,0.0,0.3114077706276243,0.0,0.3765141150489059,0.0,0.0,0.0,0.0,0.0
0.4658880329314768,0.46302867485123717,0.5615756394613289,0.0,0.0,0.5214167077959913,0.0,0.506698148282386,0.5449432940017502,0.31572984906665374,0.369999711514285,0.28577807123383636,0.47326821529084634,0.0,0.503412245980881,0.45935117424041283,0.0,0.48602048888001714,0.0,0.48840560503458913,0.5163030751001738,0.49192704320138503,0.5357316339663553,0.23106472680528248,0.4781163893137047,0.49712173332584975,0.5254598180924885,0.4077962378734744,0.4927887362835367,0.0,0.43212353204032883,0.25879205507342473,0.3368698211496976,0.3123807735029365,0.3349829551268338,0.31919432327324065,0.3284555780607613,0.306633446374323,0.0,0.34869425565859963,0.36738950144021976,0.355500186650928,0.2892165545085117,0.3352513334198861,0.26723247046000353,0.41317024913774353,0.4291113808444477,0.4937346992245845,0.25767235816308415,0.4583504975232121,0.4815782450567415,0.4538394207882523,0.40628079396293554,0.4822588044479755,0.32717564690619255,0.40930138284894074,0.24748861334201452,0.43195185077664655,0.3319962455848734,0.46080381679989196,0.44660758382208204,0.43337590272156845,0.44618019016254756,0.4464728641762796,0.4653216969192548,0.43757726624418797,0.47282533036258684,0.4341760667485192,0.23529947057376083,0.4182270504463873,0.45264667009315473,0.45174821535685883,0.41326259661502196,0.45766653140096475,0.47666462248457486,0.459577216269106
0.45262260911475505,0.4567772430797511,0.0,0.0,0.0,0.0,0.0,0.49830113744701965,0.0,0.39591880004902485,0.0,0.3829388024182338,0.46678311345532253,0.0,0.5096992690050504,0.46397549586255543,0.38694609659938317,0.44790493586073316,0.0,0.0,0.5076508180845585,0.48947987273035864,0.4850922628127652,0.38271248233408295,0.44303601794599246,0.457120727316036,0.5449433066214997,0.3585830273674351,0.0,0.0,0.204598483587821,0.3401053669125449,0.2702580356243973,0.2465125025122174,0.3059651963313808,0.2375036413061907,0.0,0.26074092472168225,0.34869425565859963,0.0,0.2592676544146378,0.4025031726997479,0.5252269993335464,0.34649236877330586,0.19936718651949875,0.3605007045111379,0.38394929077550305,0.0,0.0,0.0,0.40695250961772367,0.4358280184831797,0.0,0.0,0.34020683637592347,0.4862354546090705,0.34260773958284363,0.3953888093196382,0.0,0.4215924428519209,0.39182035538174537,0.35168727832892077,0.3794478011904826,0.0,0.40178915026468337,0.37646152763830104,0.4138269840817517,0.38162323516354657,0.2951104335688627,0.3423811777592494,0.40090830598351695,0.3926733385562767,0.37365346224301427,0.45404444446283543,0.0,0.33664641645494153
