0,1,2,3,4,5,6,7,8,9,10,11,12,13,14,15,16,17,18,19,20,21,22,23,24,25,26,27,28,29,30,31,32,33,34,35,36,37,38,39,40,41,42,43,44,45,46,47,48,49,50,51,52,53,54,55,56,57,58,59,60,61,62,63,64,65,66,67,68,69,70,71,72,73,74,75
0.0,0.4026187289552392,0.0,0.0,0.0,0.4582613676878995,0.6645445038472162,0.5087537922354387,0.0,0.4389936582590783,0.0,0.3962060695780536,0.5029416024727953,0.0,0.38055071597217605,0.4091046680675976,0.0,0.40748481080512106,0.0,0.4169738632061414,0.3959694281869224,0.37693618254675665,0.4656096936925767,0.34737586115302477,0.4052155860698871,0.37011882793990325,0.44790181259188616,0.4691793882744738,0.455696114158619,0.0,0.3564739559493517,0.407789560585183,0.3605657745904576,0.37563811679918135,0.42454476350232856,0.0,0.0,0.450956022575839,0.4667086594016387,0.4674494439320317,0.0,0.0,0.0,0.0,0.34407816797954593,0.33288687523077487,0.4988060748798039,0.0,0.0,0.0,0.0,0.0,0.0,0.0,0.49643479951459896,0.0,0.4775941605721048,0.0,0.0,0.0,0.47226471028134787,0.0,0.4674067248979775,0.0,0.0,0.30853029467871657,0.47316956636363117,0.0,0.0,0.4756172546460946,0.46546907984246133,0.0,0.0,0.0,0.0,0.0
0.4026187289552392,0.0,0.0,0.0,0.43988757967313924,0.4090191982167133,0.4465306127898696,0.4801936894490044,0.4315606995454289,0.419299114046389,0.0,0.6001417971703207,0.4416875192437505,0.0,0.41515988123257214,0.4024713564344116,0.4224428438597234,0.40203637055394165,0.0,0.3958340745499669,0.41785069998341806,0.3635842400102898,0.4499933834930736,0.0,0.37723093463496443,0.38115306997191045,0.42142697320432704,0.44059747449226905,0.4201814678850206,0.0,0.36076415280570007,0.40933350660943724,0.36048255497543724,0.3718918699485244,0.4274635477541559,0.0,0.0,0.0,0.4870486320409798,0.45436868680573683,0.4797677027312022,0.4835682995559271,0.0,0.0,0.0,0.4496584346458559,0.5065226461800653,0.0,0.0,0.0,0.49582958237016345,0.0,0.0,0.0,0.5962538014224569,0.0,0.4845936380377743,0.7026330032937699,0.0,0.5030231987055708,0.47069031061813255,0.0,0.46471496271090607,0.0,0.46697171379763075,0.5024291581769819,0.46845695733007087,0.5133013104377578,0.0,0.48131830005663856,0.5055837722599688,0.5004630730226172,0.0,0.4730305675153243,0.0,0.45107151924352973
0.0,0.0,0.0,0.45092381024514017,0.39261070641143503,0.36103729245909344,0.44940605235688885,0.41961954101988413,0.29814015076477707,0.5114777586534633,0.2910445299673905,0.5607203814998,0.4532884733226035,0.39781503640576427,0.0,0.0,0.6397608962160268,0.5926157374039706,0.23222894341356368,0.0,0.507487145597035,0.0,0.2799326253176876,0.5679014022064673,0.6622032071783728,0.6091398606492487,0.328373316131777,0.45644138691496405,0.0,0.0,0.47445022787308866,0.4299190247924454,0.0,0.4711035227067606,0.45363980077516763,0.41236826976642427,0.4496058870120807,0.5455115132989494,0.5232830847007456,0.0,0.0,0.0,0.5139622575835409,0.0,0.0,0.0,0.0,0.27033698046571597,0.0,0.5733712757374907,0.5800393125861298,0.6026000629824613,0.5392871700254239,0.5750538813849672,0.0,0.3290811523317964,0.0,0.6001456320878382,0.5108289868966512,0.0,0.0,0.0,0.0,0.18104499684684913,0.0,0.0,0.0,0.5786249020676141,0.0,0.0,0.0,0.5740788315008052,0.6081576524960601,0.6814323495663412,0.0,0.0
0.0,0.0,0.45092381024514017,0.0,0.26946419668278915,0.42060821743894095,0.2594553855696895,0.3501184730409936,0.42468975318874475,0.16656214377404116,0.365306733278693,0.0,0.32973045284848124,0.32117806253478365,0.4852492203058839,0.0,0.0,0.0,0.43223804709639374,0.4503663250794317,0.0,0.43585917120516676,0.4135526360442219,0.0,0.0,0.0,0.4298102973511795,0.2537712044099302,0.4702551532599957,0.0,0.0,0.2992287124629752,0.0,0.2466746814114403,0.29176664486575477,0.22286446246420202,0.17690363402922324,0.2873284710181486,0.26612465703899946,0.0,0.22231174396746448,0.0,0.0,0.0,0.0,0.0,0.0,0.0,0.0,0.0,0.0,0.0,0.0,0.0,0.0,0.4854011034330882,0.0,0.0,0.0,0.0,0.0,0.0,0.0,0.0,0.0,0.0,0.0,0.88962779688099,0.0,0.0,0.0,0.0,0.0,0.0,0.0,0.0
0.0,0.43988757967313924,0.39261070641143503,0.26946419668278915,0.0,0.3773962820205758,0.3208509977326129,0.4490114263734163,0.3317618654682377,0.4609437529830484,0.31825969918101726,0.4486618807820486,0.38833132607460585,0.30862590776185655,0.0,0.47046823508668234,0.0,0.5006350294466941,0.3822150718569638,0.41560304772542656,0.0,0.43191066544515005,0.4185147833873855,0.0,0.4376041394180993,0.4651139752783884,0.39570706707830555,0.3569234454858736,0.42908051891004184,0.41673673530693894,0.45249577113150674,0.4047061584368712,0.0,0.4697725866862277,0.44524105615048126,0.24514195868957803,0.2583555592936637,0.42178381850013835,0.5636618430792883,0.0,0.0,0.0,0.5146399660316553,0.0,0.0,0.0,0.0,0.5541712341527856,0.0,0.6635316860996078,0.5889347676156823,0.6999780556821616,0.5510681504613338,0.6211060797382656,0.0,0.5408272585857192,0.0,0.7732961943650457,0.0,0.0,0.0,0.0,0.0,0.5672458748597531,0.0,0.0,0.0,0.5601617416618694,0.0,0.0,0.0,0.5781713679063237,0.7063685369763227,0.6970431267699595,0.0,0.0
0.4582613676878995,0.4090191982167133,0.36103729245909344,0.42060821743894095,0.3773962820205758,0.0,0.4300024994134222,0.4212302915197226,0.3384237899370209,0.46729963814054304,0.3805199574972724,0.4927058516347471,0.39241242351959155,0.43301277325503496,0.4397696172215822,0.4542139405413065,0.625173023935295,0.4369641516543507,0.43644550382304675,0.40359226655064817,0.42660555090547353,0.415597687388778,0.386087134173622,0.5576257243703866,0.4050064016663738,0.4376404523733093,0.3688380809511973,0.39928200652557627,0.3694351972150508,0.4142184068620615,0.43732251704924396,0.42694553850376515,0.4054290994670512,0.4568502656747483,0.4638569333248838,0.43785377521155155,0.44550169936470974,0.47796127864134963,0.5383624402060709,0.5200260258899537,0.5188295260776183,0.5825917330855224,0.498474576731356,0.8116984422852247,0.5097500578243017,0.0,0.5427039634121076,0.5709137247610321,0.0,0.6165925944143189,0.5448853802645824,0.5670119193411307,0.5030857422793706,0.5861740815633039,0.0,0.5636460348214135,0.0,0.5466225229879715,0.0,0.526682587526133,0.624273082152341,0.0,0.0,0.5745486229650665,0.5116761051759982,0.0,0.5160841623333343,0.5404223024872592,0.0,0.6306706056176399,0.5247333621491322,0.5438845712111412,0.5280771671995094,0.5163201942158546,0.5763035551070771,0.5372751369307025
0.6645445038472162,0.4465306127898696,0.44940605235688885,0.2594553855696895,0.3208509977326129,0.4300024994134222,0.0,0.4555010996508869,0.4078053011825621,0.42522543836790694,0.45234699423158603,0.39888145295835575,0.3488909208256502,0.3335830303531956,0.4614154304117929,0.47315429911462087,0.4598110360847528,0.4658016586870218,0.4740541834617737,0.4678902097515666,0.5074625579516069,0.4646244093888358,0.44210393528019887,0.37360885015529977,0.4420633933610747,0.44351384356023765,0.4388916354036082,0.33458296647551106,0.4534797405619082,0.0,0.446146395922467,0.39603954560217713,0.4097305634638823,0.4198463276858575,0.32755042858240924,0.3035831040781032,0.28666616565973574,0.34882943221402696,0.5122916270213939,0.4294706356924756,0.4787852194984158,0.46807638545040753,0.5530895028717491,0.0,0.0,0.0,0.675184881237774,0.57954416220893,0.0,0.8171770712932358,0.5700273112179395,0.6901005435033452,0.0,0.6531926732700846,0.0,0.6657248032893901,0.0,0.7286530704044158,0.0,0.0,0.0,0.0,0.0,0.6701928476327721,0.7154803130363975,0.0,0.6886536586021917,0.5503614080099117,0.0,0.0,0.6980792683668966,0.5527379944725552,0.6590576154947403,0.6228917731741588,0.0,0.0
0.5087537922354387,0.4801936894490044,0.41961954101988413,0.3501184730409936,0.4490114263734163,0.4212302915197226,0.4555010996508869,0.0,0.47297706857596417,0.5139594286488902,0.32607181384821593,0.5617386669118145,0.460983531996933,0.3627593538861005,0.0,0.49202778244739676,0.0,0.5073184953012317,0.39488809281153364,0.0,0.41156496042039736,0.0,0.37799105477163847,0.5065460917178713,0.4998510867548084,0.49560086012482885,0.4416936637194303,0.4433067438420357,0.4210012522310606,0.4154207391348483,0.47234898967193206,0.40941796917114004,0.4748927064459793,0.4956481994290688,0.48956986309905093,0.25433147578311877,0.3676414823012457,0.0,0.4707430856055824,0.4479528979218384,0.5367584639598278,0.0,0.48708528682671615,0.0,0.0,0.0,0.4852646424015763,0.5528758743748114,0.0,0.5593436485292309,0.5051874142022854,0.5534530973508327,0.4001315667660942,0.5666877224182615,0.0,0.5103908540707773,0.0,0.5158056467794722,0.4488901163528931,0.5402212704166178,0.0,0.0,0.0,0.5143580196538912,0.5184975787381506,0.5105242774859768,0.4927216067052501,0.5137201009628293,0.0,1.1312997529886957,0.6127932815211083,0.5344532757133247,0.497745718482316,0.5001871537804197,0.0,0.5185496647404026
0.0,0.4315606995454289,0.29814015076477707,0.42468975318874475,0.3317618654682377,0.3384237899370209,0.4078053011825621,0.47297706857596417,0.0,0.4795595478712422,0.3180761149496608,0.485531217833813,0.3903932285424355,0.4118523399948658,0.0,0.47756657326082974,0.6277578707742892,0.5861266023542888,0.3021198057655259,0.41965662715858404,0.5199908422337085,0.4357763782073414,0.37741508196543383,0.5192059941961474,0.48157703770023014,0.48952379546617963,0.352437431821975,0.4573761921990651,0.4224458199541756,0.4577151130961591,0.4846512821557803,0.44021749914228164,0.4682521105062113,0.4782303719444136,0.45776023548662587,0.4276293662881786,0.45022331263290905,0.4612851280364636,0.5389407306236487,0.0,0.5602623111579167,0.0,0.5300741572020138,0.0,0.0,0.0,0.0,0.5587769313964092,0.0,0.637251941864747,0.5754788568687542,0.6231792858166816,0.5448548743061251,0.5952391713533673,0.0,0.5400816203851572,0.0,0.6260772369815516,0.5446247166347667,0.0,0.0,0.0,0.0,0.564436859559814,0.0,0.0,0.0,0.5849677889957194,0.0,0.0,0.0,0.5949390645615162,0.6148678478323982,0.6148830065121489,0.0,0.0
0.4389936582590783,0.419299114046389,0.5114777586534633,0.16656214377404116,0.4609437529830484,0.46729963814054304,0.42522543836790694,0.5139594286488902,0.4795595478712422,0.0,0.48511474809340294,0.3071679147504477,0.43367028963707793,0.0,0.0,0.43310080264546597,0.31410436208896986,0.3660141372141588,0.4903875950955209,0.5140954754072955,0.4890849368281813,0.4680474290267246,0.4772212716386536,0.3501466824311793,0.34417907540372733,0.34686549621475504,0.47810812122770385,0.4099849525250849,0.5002047350860583,0.516219677166782,0.34610439038757385,0.35898200928627017,0.3529303285314387,0.36022114823097207,0.3169293875235659,0.3071470832389701,0.24962798943477368,0.30518023639865943,0.3217200641616249,0.44240143731266934,0.28992979672562186,0.2300620037628856,0.0,0.0,0.4211439120479131,0.4830941838141003,0.0,0.7534174661216109,0.0,0.0,0.0,0.0,0.0,0.0,0.5107269385180433,0.0,0.48266973918254635,0.4711766195816188,0.0,0.0,0.0,0.5011229340459252,0.46938830582749874,0.0,0.0,0.0,0.0,0.8202228159912994,0.4550524985546835,0.5044329408923499,0.4970156567089641,0.0,0.23299126404384646,0.0,0.0,0.0
0.0,0.0,0.2910445299673905,0.365306733278693,0.31825969918101726,0.3805199574972724,0.45234699423158603,0.32607181384821593,0.3180761149496608,0.48511474809340294,0.0,0.49078998116258066,0.47403855598542993,0.3248237319532541,0.0,0.0,0.5890682009421871,0.6281466048304972,0.25137766535033235,0.0,0.0,0.0,0.3298676696418497,0.4890312278267641,0.5876420993491019,0.6519961996162756,0.3936638069735673,0.45437406634975275,0.6483151763168132,0.0,0.49624364075961114,0.4331563938161508,0.48138927254618147,0.4832604175710533,0.4535237028698018,0.3502915137601185,0.43782488391938584,0.4651335213491381,0.49495616496252587,0.0,0.5460632163764301,0.0,0.47545204632746846,0.0,0.0,0.0,0.0,0.287013297558235,0.0,0.5028420883955121,0.5727483424598064,0.5643465630983385,0.5110189028662014,0.5429152689242929,0.0,0.29680059702722345,0.0,0.5363190575057549,0.4791083800311098,0.0,0.0,0.0,0.0,0.2064914189504603,0.0,0.0,0.0,0.5492069197348226,0.0,0.0,0.0,0.5621630893296363,0.5552510919835864,0.48925680960526724,0.0,0.0
0.3962060695780536,0.6001417971703207,0.5607203814998,0.0,0.4486618807820486,0.4927058516347471,0.39888145295835575,0.5617386669118145,0.485531217833813,0.3071679147504477,0.49078998116258066,0.0,0.4225883748273201,0.0,0.0,0.0,0.38063666404338614,0.3917459793071768,0.5334887744561918,0.0,0.503850262965457,0.0,0.5273442036756115,0.2979040409811876,0.37117540415090483,0.3251833084310847,0.513272019777443,0.38415684494673774,0.6050974560473047,0.0,0.3599532457708683,0.2998560819954785,0.3546981263949978,0.29114902774225426,0.2828871109985914,0.31817847095010854,0.304729895393315,0.2597078441460166,0.2512430428884862,0.4366012343672303,0.27870470021214727,0.28064818263024693,0.39407832026394896,0.2979120933096379,0.41340311589842776,0.0,0.0,0.0,0.0,0.0,0.0,0.0,0.0,0.0,0.5002806696597315,0.0,0.47413620187610706,0.39203878698223404,0.0,0.0,0.0,0.5012359385520516,0.4829797866834288,0.0,0.0,0.0,0.0,0.0,0.4388704066625848,0.49688989931912114,0.4814838346777961,0.0,0.2762705857726426,0.0,0.0,0.48853649019625045
0.5029416024727953,0.4416875192437505,0.4532884733226035,0.32973045284848124,0.38833132607460585,0.39241242351959155,0.3488909208256502,0.460983531996933,0.3903932285424355,0.43367028963707793,0.47403855598542993,0.4225883748273201,0.0,0.37666457826720584,0.4534405293292513,0.4688257597811701,0.44172879679906635,0.4515687593346567,0.47370279397902887,0.4400456554589082,0.4628263365026381,0.45552916512547914,0.44478213664096483,0.42387453193926466,0.4384555854719821,0.4379955963805508,0.4387081891235872,0.31642254448189855,0.39000056859074894,0.34267052018030764,0.4085752866396973,0.417764440566317,0.40657854973175733,0.41501308345465904,0.3985237285923385,0.36607787671715697,0.3379581886557956,0.38643191151376083,0.4365919106354406,0.4625205668892133,0.44098084436947427,0.4728148607196672,0.5704421960543873,0.0,0.29354330636617726,0.0,0.665008418259759,0.5725714917840315,0.0,0.0,0.5510190374257418,0.6562754441191967,0.5135347300926764,0.6566300925242006,0.0,0.6369343209983112,0.0,0.6028762504575539,0.0,0.6427430738898503,0.0,0.0,0.0,0.6860199897670917,0.5491123823809138,0.0,0.6165789558534538,0.53600823455709,0.0,0.5964726973996947,0.5932140829265573,0.5316808964970337,0.5897372485475422,0.5506263903101782,0.673450717169013,0.0
0.0,0.0,0.39781503640576427,0.32117806253478365,0.30862590776185655,0.43301277325503496,0.3335830303531956,0.3627593538861005,0.4118523399948658,0.0,0.3248237319532541,0.0,0.37666457826720584,0.0,0.0,0.0,0.0,0.0,0.3850750180343173,0.0,0.0,0.0,0.4157797680559511,0.0,0.0,0.5386903734020789,0.4436049874997324,0.3213020918678249,0.0,0.0,0.0,0.33166845666986355,0.0,0.4214115937917208,0.0,0.28879400468895877,0.20176109030849682,0.0,0.411620465254513,0.0,0.0,0.0,0.0,0.0,0.0,0.0,0.0,0.5429987048615601,0.0,0.4439911448708741,0.0,0.0,0.48151695071657397,0.5532904672429081,0.0,0.5218818480344551,0.0,0.0,0.41902070675721315,0.0,0.0,0.0,0.0,0.5290416197349168,0.0,0.0,0.0,0.5154544071332485,0.0,0.0,0.0,0.5580855542131418,0.0,0.0,0.0,0.0
0.38055071597217605,0.41515988123257214,0.0,0.4852492203058839,0.0,0.4397696172215822,0.4614154304117929,0.0,0.0,0.0,0.0,0.0,0.4534405293292513,0.0,0.0,0.4367080260606391,0.0,0.43108404237593795,0.0,0.2880860602091924,0.4107991092174279,0.3470730396950643,0.34042215516449187,0.489647771775858,0.3986740814969175,0.3796590199500167,0.39724859066710205,0.4058472895035962,0.42399934618883495,0.40846732435862576,0.42411397197049927,0.4657855207856304,0.42628558426472657,0.45410599516024897,0.5118494114493717,0.5093754356030648,0.49708956831252,0.0,0.4988311798746508,0.4952925342110316,0.5102496796433642,0.5277710688525978,0.45052575632560377,0.0,0.0,0.0,0.5292177970117823,0.0,0.0,0.0,0.5137506628634735,0.0,0.5053783466040636,0.0,0.0,0.0,0.0,0.5942066701468924,0.0,0.5310136786842714,0.5153669205647218,0.0,0.7324310007560635,0.0,0.5138735359987652,0.5010754306961,0.5461986401209882,0.5232758862134523,0.0,0.5403833280402865,0.5477593165224808,0.5296462183929662,0.5228350700781781,0.5017976934016778,0.5502408431024743,0.5099620985543292
0.4091046680675976,0.4024713564344116,0.0,0.0,0.47046823508668234,0.4542139405413065,0.47315429911462087,0.49202778244739676,0.47756657326082974,0.43310080264546597,0.0,0.0,0.4688257597811701,0.0,0.4367080260606391,0.0,0.3750149601131656,0.3177090985220647,0.0,0.402441727646561,0.4214878419446749,0.36600335786579336,0.4707299326741909,0.0,0.386155996391461,0.42562472378585303,0.4375092265724843,0.4327585255801161,0.42273295006094586,0.40189864003722936,0.3543232261775455,0.42570838811480266,0.3770586700611122,0.37299634279319827,0.3848258225461475,0.6673559509307022,0.0,0.0,0.4974588048602496,0.44396463663540553,0.4684039261780581,0.4747215386551407,0.0,0.0,0.0,0.4270150825345404,0.4839652873730278,0.0,0.0,0.0,0.6130115250974397,0.0,0.0,0.0,0.5692805859927353,0.0,0.0,0.0,0.0,0.5078891749689656,0.4663574026032883,0.0,0.46476276906976377,0.0,0.5107438898594261,0.4909199369280113,0.4579769208296176,0.6193782962313032,0.0,0.471645163981971,0.49184634366216107,0.5725424750992311,0.0,0.5341795637620357,0.0,0.47981824375062376
0.0,0.4224428438597234,0.6397608962160268,0.0,0.0,0.625173023935295,0.4598110360847528,0.0,0.6277578707742892,0.31410436208896986,0.5890682009421871,0.38063666404338614,0.44172879679906635,0.0,0.0,0.3750149601131656,0.0,0.3422581481470249,0.6458211701270233,0.4328799622487324,0.0,0.40293663886783004,0.6669354107120251,0.3775472884797411,0.317704912824776,0.3792986069381661,0.6123099418511622,0.4207523187836073,0.47749878466968165,0.0,0.3525813708698381,0.4168666234960547,0.3787859206732672,0.3714782968202173,0.3802828177759762,0.0,0.0,0.35386005319798297,0.0,0.44417729377725157,0.0,0.0,0.0,0.0,0.0,0.0,0.0,0.0,0.0,0.0,0.0,0.0,0.0,0.0,0.5148897380616777,0.0,0.4891589047004464,0.0,0.0,0.0,0.0,0.5029577410872065,0.46600553448304965,0.0,0.0,0.0,0.0,0.0,0.4709289977500358,0.5359206783083399,0.5096696008064551,0.0,0.0,0.0,0.0,0.0
0.40748481080512106,0.40203637055394165,0.5926157374039706,0.0,0.5006350294466941,0.4369641516543507,0.4658016586870218,0.5073184953012317,0.5861266023542888,0.3660141372141588,0.6281466048304972,0.3917459793071768,0.4515687593346567,0.0,0.43108404237593795,0.3177090985220647,0.3422581481470249,0.0,0.6759413184801337,0.41374109457223834,0.41666191636120026,0.40656707446979623,0.4619939123393121,0.3986364739875705,0.3489692847829043,0.39207863512123986,0.436355529550672,0.42519278267731636,0.44410121041415274,0.4032697582938486,0.3717261602646484,0.42715833204489123,0.38056058955945526,0.393279068442994,0.4100799926260961,0.0,0.0,0.0,0.4785279114534643,0.4398893394242039,0.5150866678889288,0.0,0.0,0.0,0.0,0.44491295162309147,0.48401738811285017,0.0,0.0,0.0,0.0,0.0,0.0,0.0,0.48756391623483786,0.0,0.48297560443508786,0.0,0.0,0.0,0.45442151893049587,0.5195810967320266,0.4646073924673802,0.0,0.0,0.0,0.4614156674501021,0.0,0.4520703748857816,0.4782616444194729,0.4932793637846742,0.0,0.0,0.6191038013172703,0.0,0.46320234734169513
0.0,0.0,0.23222894341356368,0.43223804709639374,0.3822150718569638,0.43644550382304675,0.4740541834617737,0.39488809281153364,0.3021198057655259,0.4903875950955209,0.25137766535033235,0.5334887744561918,0.47370279397902887,0.3850750180343173,0.0,0.0,0.6458211701270233,0.6759413184801337,0.0,0.0,0.0,0.0,0.3143611295270721,0.6021078976665142,0.9041245143729147,0.7422601673662516,0.37610973977977913,0.47640032074036515,0.0,0.0,0.4911258124476934,0.4298507008317526,0.0,0.4807904439125465,0.4567411904733112,0.41236481838009426,0.4532969480807268,0.5025400686729279,0.5100268061651496,0.0,0.0,0.0,0.501310301015536,0.0,0.0,0.0,0.0,0.3105336774377899,0.0,0.6108848972911272,0.5793373331061729,0.62622963841128,0.5263439860385399,0.5744334413327538,0.0,0.31553587362193947,0.0,0.6671076484617438,0.5078481539409209,0.0,0.0,0.0,0.0,0.47879002352765754,0.0,0.0,0.0,0.5739252209868664,0.0,0.0,0.0,0.5832348705054193,0.0,0.5820713620932502,0.0,0.0
0.4169738632061414,0.3958340745499669,0.0,0.4503663250794317,0.41560304772542656,0.40359226655064817,0.4678902097515666,0.0,0.41965662715858404,0.5140954754072955,0.0,0.0,0.4400456554589082,0.0,0.2880860602091924,0.402441727646561,0.4328799622487324,0.41374109457223834,0.0,0.0,0.4481278912825741,0.3430617724784437,0.2429353178276631,0.0,0.4050389750203747,0.42221783638753596,0.33603373267428566,0.3690879556609968,0.33189135736631176,0.3270155816115189,0.38545315158284743,0.45015330298151734,0.37305162035693684,0.4374047286456637,0.4836414468268552,0.5184017559970112,0.4676784503570115,0.6072679331889125,0.5018632788247664,0.4795133675967297,0.510317820990863,0.5370578374768289,0.5394854706362133,0.0,0.0,0.0,0.48179512061962837,0.0,0.0,0.0,0.5199573079789555,0.7683413071335562,0.5380520367286242,0.0,0.0,0.0,0.0,0.5768459099453587,0.0,0.5029967185385212,0.5788466756245552,0.0,0.7107444725663379,0.0,0.5010382714170541,0.4848766941189844,0.5050949062134825,0.5241480676236904,0.0,0.5777368870761396,0.5039390446060213,0.5333711774704943,0.5179517469481221,0.501890302193896,0.0,0.506546147442563
0.3959694281869224,0.41785069998341806,0.507487145597035,0.0,0.0,0.42660555090547353,0.5074625579516069,0.41156496042039736,0.5199908422337085,0.4890849368281813,0.0,0.503850262965457,0.4628263365026381,0.0,0.4107991092174279,0.4214878419446749,0.0,0.41666191636120026,0.0,0.4481278912825741,0.0,0.4155895772750419,0.40511553335597167,0.4523921990039685,0.43418393000896915,0.43412059080576226,0.451435002325271,0.4391398613945491,0.4492907677258658,0.0,0.40244344254734,0.44562366761028505,0.340397277967725,0.42161476809184883,0.48027286434362154,0.0,0.0,0.0,0.5382874647302407,0.4762675856277166,0.5351910868151665,0.0,0.538210902127794,0.0,0.0,0.42224096055526417,0.5195042568151145,0.0,0.0,0.0,0.49858073413761983,0.7617853604089737,0.514034163678816,0.0,0.0,0.0,0.0,0.5532611975113642,0.0,0.5066869866266804,0.49137361458379014,0.0,0.0,0.0,0.5148817678618806,0.428234270565087,0.5364435206063398,0.5253074221271921,0.0,0.5198079291284622,0.5314205147064093,0.5346954888076341,0.5086445087489158,0.5319391790951062,0.524191754178084,0.5372683673034191
0.37693618254675665,0.3635842400102898,0.0,0.43585917120516676,0.43191066544515005,0.415597687388778,0.4646244093888358,0.0,0.4357763782073414,0.4680474290267246,0.0,0.0,0.45552916512547914,0.0,0.3470730396950643,0.36600335786579336,0.40293663886783004,0.40656707446979623,0.0,0.3430617724784437,0.4155895772750419,0.0,0.4040013073911496,0.0,0.38102513956008804,0.3903039640933646,0.418932797127216,0.3786611641490474,0.383506582041114,0.3333786392894852,0.3669473964740124,0.45716218925479174,0.3766147388714899,0.42630121613804645,0.49720070491218415,0.5291572095509249,0.4813230031425222,0.0,0.4580315277630448,0.4285020846729447,0.4824398688373918,0.49672076423810835,0.46609344897588817,0.0,0.0,0.4623044804645768,0.4752227291336189,0.0,0.0,0.0,0.0,0.0,0.0,0.0,0.0,0.0,0.0,0.6688978141558621,0.0,0.5313426317262917,0.44204634486444244,0.0,0.4859927023952466,0.0,0.5030740928034376,0.49450168390948335,0.5100451370404148,0.5101813607481344,0.0,0.4637472379895757,0.5210232095405091,0.5080818583774772,0.5770871494136008,0.4917415179679335,0.0,0.4616058165238186
0.4656096936925767,0.4499933834930736,0.2799326253176876,0.4135526360442219,0.4185147833873855,0.386087134173622,0.44210393528019887,0.37799105477163847,0.37741508196543383,0.4772212716386536,0.3298676696418497,0.5273442036756115,0.44478213664096483,0.4157797680559511,0.34042215516449187,0.4707299326741909,0.6669354107120251,0.4619939123393121,0.3143611295270721,0.2429353178276631,0.40511553335597167,0.4040013073911496,0.0,0.49216127664111853,0.4795499865935324,0.46865431598618545,0.31677335982588245,0.4304881810438686,0.41600026379130867,0.409896260150612,0.4482553611297101,0.4309769472277523,0.4078536181527029,0.46916111287178275,0.47377152485338636,0.4290834322092599,0.43829079163970996,0.5097844962626545,0.532866823376801,0.47138920826945097,0.5693760787786657,0.5401434511622395,0.5025411407174709,0.5930843856376226,0.0,0.48916062084748746,0.5271017460661137,0.5526470216976146,0.642274062479112,0.5924503935603396,0.5476947480415593,0.5653112567074076,0.5230035581495649,0.6014239135863448,0.0,0.5551268665174891,0.0,0.5399149364004752,0.5291865856774666,0.5247945771232473,0.6135615267231075,0.0,0.8318329550758614,0.5687860453821771,0.5303480215382887,0.5019474842763648,0.5224400695289252,0.5517111682901772,0.0,0.6283269484773888,0.5201915027292184,0.5532526484138629,0.5297364849933794,0.5296116688496768,0.5358883433141226,0.5359621877491495
0.34737586115302477,0.0,0.5679014022064673,0.0,0.0,0.5576257243703866,0.37360885015529977,0.5065460917178713,0.5192059941961474,0.3501466824311793,0.4890312278267641,0.2979040409811876,0.42387453193926466,0.0,0.489647771775858,0.0,0.3775472884797411,0.3986364739875705,0.6021078976665142,0.0,0.4523921990039685,0.0,0.49216127664111853,0.0,0.39153080463546736,0.341986398527723,0.5095228465722518,0.39006921711924286,0.5263328945230097,0.0,0.3525404436791614,0.33579580831079675,0.3161012435575297,0.2546747032887638,0.25034378922596556,0.32402814349507747,0.0,0.29427444671631015,0.0,0.3664220432799651,0.2085179495801643,0.0,0.0,0.0,0.3575274563414664,0.37013907159821235,0.49544834504587576,0.0,0.0,0.0,0.0,0.0,0.0,0.0,0.48315350750940533,0.0,0.43334263826138075,0.0,0.0,0.0,0.5234468665596032,0.5083643281425587,0.4905424680573123,0.0,0.0,0.0,0.0,0.0,0.3576031205573686,0.49323242998396494,0.46374509909906275,0.0,0.0,0.0,0.0,0.0
0.4052155860698871,0.37723093463496443,0.6622032071783728,0.0,0.4376041394180993,0.4050064016663738,0.4420633933610747,0.4998510867548084,0.48157703770023014,0.34417907540372733,0.5876420993491019,0.37117540415090483,0.4384555854719821,0.0,0.3986740814969175,0.386155996391461,0.317704912824776,0.3489692847829043,0.9041245143729147,0.4050389750203747,0.43418393000896915,0.38102513956008804,0.4795499865935324,0.39153080463546736,0.0,0.3613346108259273,0.4329157108020172,0.4292567285996257,0.4232833301312048,0.0,0.3773235058795277,0.4084484633523254,0.3600040953281136,0.38399450984704936,0.4016378787535208,0.0,0.0,0.3523518639369379,0.5275383032143537,0.4504720665806396,0.4980646333112972,0.5093241112586004,0.0,0.0,0.0,0.432493443827936,0.5104152649260368,0.0,0.0,0.0,0.6156747537229165,0.0,0.0,0.0,0.5196144891520614,0.0,0.5002974140395683,0.6299638583678089,0.0,0.4866463048427988,0.4739899595219392,0.5201242914318861,0.47784611408359534,0.0,0.478518382154075,0.49453566651871905,0.4582993337069632,0.5877278431998577,0.4630309244757118,0.49415183832796167,0.4988207630006308,0.0,0.0,0.478051607054864,0.0,0.47320929150892843
0.37011882793990325,0.38115306997191045,0.6091398606492487,0.0,0.4651139752783884,0.4376404523733093,0.44351384356023765,0.49560086012482885,0.48952379546617963,0.34686549621475504,0.6519961996162756,0.3251833084310847,0.4379955963805508,0.5386903734020789,0.3796590199500167,0.42562472378585303,0.3792986069381661,0.39207863512123986,0.7422601673662516,0.42221783638753596,0.43412059080576226,0.3903039640933646,0.46865431598618545,0.341986398527723,0.3613346108259273,0.0,0.4612668588779104,0.42568322449480667,0.4260089179203289,0.5281442972949446,0.38562231414339077,0.43072822579045766,0.39399910306856945,0.40210045622730717,0.4459788080913369,0.4882847720844372,0.4760640802308845,0.35452908850246406,0.49088722899935416,0.47386412845733294,0.48740461668229756,0.5184404549142516,0.0,0.0,0.42520615142829865,0.44437158236843405,0.5321605785943976,0.0,0.0,0.0,0.5168267614778167,0.0,0.0,0.0,0.514010666476962,0.0,0.4914336291562671,0.5799599244073714,0.0,0.5481132977729144,0.48381187237475154,0.5296473244423356,0.4900716508224939,0.0,0.5070000631303156,0.5250341450313236,0.5207445366714661,0.5084426139491214,0.4488632805593875,0.4984062987687824,0.5108356881115247,0.5245544088227155,0.0,0.49115791621997895,0.0,0.4711996200933865
0.44790181259188616,0.42142697320432704,0.328373316131777,0.4298102973511795,0.39570706707830555,0.3688380809511973,0.4388916354036082,0.4416936637194303,0.352437431821975,0.47810812122770385,0.3936638069735673,0.513272019777443,0.4387081891235872,0.4436049874997324,0.39724859066710205,0.4375092265724843,0.6123099418511622,0.436355529550672,0.37610973977977913,0.33603373267428566,0.451435002325271,0.418932797127216,0.31677335982588245,0.5095228465722518,0.4329157108020172,0.4612668588779104,0.0,0.418668024692394,0.38483359163621517,0.3880460455529523,0.4129998843684724,0.4348232380273389,0.3928818818266975,0.4516733337521324,0.47152659594879953,0.466261507102909,0.44338202898715473,0.49157057992148123,0.5235972035956892,0.5051283180075933,0.5286590826481194,0.5356756159937244,0.481776102240798,0.7035533258443353,0.0,0.0,0.5423978983257631,0.5582936963950347,0.0,0.603815115499373,0.5396211111811975,0.558962172394632,0.5247412091669741,0.5899690993478174,0.0,0.5632124707474002,0.0,0.5279222916144146,0.0,0.5214946185339877,0.7130126980980244,0.0,0.0,0.5693752860396287,0.5209151212831965,0.5195954194908928,0.5159892289082504,0.5447686695495093,0.0,0.0,0.5354789670046229,0.543311636678524,0.5219644436060527,0.5186112848688914,0.542291056927491,0.5272733644490014
0.4691793882744738,0.44059747449226905,0.45644138691496405,0.2537712044099302,0.3569234454858736,0.39928200652557627,0.33458296647551106,0.4433067438420357,0.4573761921990651,0.4099849525250849,0.45437406634975275,0.38415684494673774,0.31642254448189855,0.3213020918678249,0.4058472895035962,0.4327585255801161,0.4207523187836073,0.42519278267731636,0.47640032074036515,0.3690879556609968,0.4391398613945491,0.3786611641490474,0.4304881810438686,0.39006921711924286,0.4292567285996257,0.42568322449480667,0.418668024692394,0.0,0.3360679234855447,0.265762590763803,0.3591025064236235,0.3886911066966285,0.35152545070911567,0.3721079942087757,0.32657583561555786,0.2505970931116926,0.2570655099918977,0.33952749732602344,0.37712071256238233,0.37910831505957604,0.36215627914450427,0.3981757438856738,0.49614766048415193,0.0,0.23031131871633012,0.0,0.6812980094415657,0.6058830969617071,0.0,0.0,0.5204443667174461,0.6551409355068223,0.4876342334995321,0.6710892692108346,0.0,0.0,0.0,0.5886014137821652,0.0,0.5310648919383506,0.0,0.0,0.0,0.0,0.5180547770373178,0.48601675674517325,0.5388655140977257,0.5319608924731252,0.0,0.0,0.5356475802594688,0.530776546396601,0.5063243529450495,0.5113248362800741,0.0,0.5416838486423746
0.455696114158619,0.4201814678850206,0.0,0.4702551532599957,0.42908051891004184,0.3694351972150508,0.4534797405619082,0.4210012522310606,0.4224458199541756,0.5002047350860583,0.6483151763168132,0.6050974560473047,0.39000056859074894,0.0,0.42399934618883495,0.42273295006094586,0.47749878466968165,0.44410121041415274,0.0,0.33189135736631176,0.4492907677258658,0.383506582041114,0.41600026379130867,0.5263328945230097,0.4232833301312048,0.4260089179203289,0.38483359163621517,0.3360679234855447,0.0,0.32442967282586405,0.3596477724010013,0.419618919130363,0.3651642741536357,0.42846451017383635,0.4695787300959087,0.4973554845929321,0.46352681225029735,0.0,0.5120185082953862,0.49823873586129164,0.5270618583508155,0.566353783611298,0.49077863160968893,0.7555558128153035,0.0,0.0,0.4984424801682534,0.5880493869284218,0.0,0.0,0.5187188704600986,0.6019701376814569,0.5079366213315469,0.647714137064753,0.0,0.0,0.0,0.5408941627753121,0.0,0.5006240520613949,0.6340052774519261,0.0,0.7127190545479367,0.6201805498347945,0.4992137004056241,0.4961632192750321,0.4968482863141667,0.5319153953253043,0.0,0.6291249450318839,0.5005492116393038,0.5313176313109584,0.5131482407570706,0.5056830607563162,0.535660663425331,0.5171032044797192
0.0,0.0,0.0,0.0,0.41673673530693894,0.4142184068620615,0.0,0.4154207391348483,0.4577151130961591,0.516219677166782,0.0,0.0,0.34267052018030764,0.0,0.40846732435862576,0.40189864003722936,0.0,0.4032697582938486,0.0,0.3270155816115189,0.0,0.3333786392894852,0.409896260150612,0.0,0.0,0.5281442972949446,0.3880460455529523,0.265762590763803,0.32442967282586405,0.0,0.31529258051796816,0.3774499989493172,0.0,0.388958905454645,0.46637888281787826,0.49047443267401325,0.0,0.0,0.0,0.0,0.0,0.0,0.0,0.0,0.0,0.0,0.0,0.0,0.0,0.0,0.5721956651156914,0.0,0.0,0.0,0.0,0.0,0.0,0.0,0.0,0.0,0.0,0.0,0.0,0.0,0.0,0.0,0.0,0.5298467657885045,0.0,0.0,0.0,0.5330749172075089,0.5669051482024718,0.5397446969466447,0.0,0.0
0.3564739559493517,0.36076415280570007,0.47445022787308866,0.0,0.45249577113150674,0.43732251704924396,0.446146395922467,0.47234898967193206,0.4846512821557803,0.34610439038757385,0.49624364075961114,0.3599532457708683,0.4085752866396973,0.0,0.42411397197049927,0.3543232261775455,0.3525813708698381,0.3717261602646484,0.4911258124476934,0.38545315158284743,0.40244344254734,0.3669473964740124,0.4482553611297101,0.3525404436791614,0.3773235058795277,0.38562231414339077,0.4129998843684724,0.3591025064236235,0.3596477724010013,0.31529258051796816,0.0,0.39334505618712073,0.2982855752789449,0.2885681773642199,0.22456150144615183,0.410228028879539,0.30868845606344664,0.26102456787182865,0.5002085927531751,0.36533258980416994,0.0,0.0,0.5498582765598188,0.0,0.0,0.0,0.4513580068964921,0.6980046913110682,0.0,0.0,0.5392297626339025,0.0,0.5084367886832363,0.0,0.0,0.0,0.0,0.0,0.0,0.5467758984285745,0.44371792261694726,0.0,0.4457240970291849,0.0,0.4904430127329099,0.0,0.4676755256358421,0.565756078566532,0.0,0.45824314805166216,0.4870110924291955,0.5403019950351634,0.5470579834445929,0.524703818470778,0.0,0.0
0.407789560585183,0.40933350660943724,0.4299190247924454,0.2992287124629752,0.4047061584368712,0.42694553850376515,0.39603954560217713,0.40941796917114004,0.44021749914228164,0.35898200928627017,0.4331563938161508,0.2998560819954785,0.417764440566317,0.33166845666986355,0.4657855207856304,0.42570838811480266,0.4168666234960547,0.42715833204489123,0.4298507008317526,0.45015330298151734,0.44562366761028505,0.45716218925479174,0.4309769472277523,0.33579580831079675,0.4084484633523254,0.43072822579045766,0.4348232380273389,0.3886911066966285,0.419618919130363,0.3774499989493172,0.39334505618712073,0.0,0.3565772334224817,0.3685277774410612,0.3825812410969307,0.30542409021875183,0.3203539657522936,0.27619281302670784,0.30574433557871095,0.28635824424021267,0.322426672888233,0.32497962819062387,0.3652400500469087,0.3134582594755766,0.24802626248514242,0.4350435648064699,0.49488069480527624,0.5628021860355185,0.0,0.6624267787486404,0.544074897367867,0.5910888384696442,0.4955865709858388,0.5726022950943083,0.0,0.5226997136276481,0.2559863007438813,0.4949577035541005,0.0,0.5207958151296528,0.46702380689831535,0.4727060343947167,0.440928443397789,0.5578924577838005,0.5335202329509675,0.46646543135074425,0.49363679929979953,0.5470072096469327,0.0,0.47313765695527765,0.5033562515478679,0.5550966098008486,0.40317439101644864,0.5409844559556001,0.0,0.5665216732976597
0.3605657745904576,0.36048255497543724,0.0,0.0,0.0,0.4054290994670512,0.4097305634638823,0.4748927064459793,0.4682521105062113,0.3529303285314387,0.48138927254618147,0.3546981263949978,0.40657854973175733,0.0,0.42628558426472657,0.3770586700611122,0.3787859206732672,0.38056058955945526,0.0,0.37305162035693684,0.340397277967725,0.3766147388714899,0.4078536181527029,0.3161012435575297,0.3600040953281136,0.39399910306856945,0.3928818818266975,0.35152545070911567,0.3651642741536357,0.0,0.2982855752789449,0.3565772334224817,0.0,0.21706821700611786,0.3941969003440445,0.4680843517804181,0.31052766570175383,0.22126753082777917,0.28357538816805633,0.3155467006431869,0.22101352764733906,0.2800249889832096,0.0,0.0,0.3195176364064965,0.0,0.5010725254719869,0.0,0.0,0.0,0.0,0.0,0.0,0.0,0.44014701673872947,0.0,0.44467626048220954,0.0,0.0,0.5553526316928723,0.4818952415092158,0.4495425221178303,0.4659090995801365,0.0,0.0,0.0,0.5016239359907396,0.0,0.33721881715674207,0.47656502160004943,0.49107231269587365,0.0,0.0,0.0,0.0,0.0
0.37563811679918135,0.3718918699485244,0.4711035227067606,0.2466746814114403,0.4697725866862277,0.4568502656747483,0.4198463276858575,0.4956481994290688,0.4782303719444136,0.36022114823097207,0.4832604175710533,0.29114902774225426,0.41501308345465904,0.4214115937917208,0.45410599516024897,0.37299634279319827,0.3714782968202173,0.393279068442994,0.4807904439125465,0.4374047286456637,0.42161476809184883,0.42630121613804645,0.46916111287178275,0.2546747032887638,0.38399450984704936,0.40210045622730717,0.4516733337521324,0.3721079942087757,0.42846451017383635,0.388958905454645,0.2885681773642199,0.3685277774410612,0.21706821700611786,0.0,0.26510600600266465,0.49947779294347194,0.28454400735667584,0.2081132659915027,0.2830124035558368,0.2639641719996849,0.21671213941801676,0.26113893373995034,0.4054697722565404,0.3334821753218916,0.24016265219906024,0.0,0.47288245940417084,0.709347830948514,0.0,0.0,0.5374446702484618,0.7203466740380066,0.5171473523596738,0.7410139391913997,0.4170875580257858,0.0,0.32199196207624786,0.4802396840092207,0.0,0.5239932305624646,0.43813736804682335,0.0,0.4523490381729822,1.0063103109131153,0.5348334303432758,0.0,0.484901523185539,0.5742240094650759,0.0,0.46507282055762994,0.49583135088676616,0.5793939510141963,0.41611505735357546,0.5372316418721402,0.6002044350230376,0.0
0.42454476350232856,0.4274635477541559,0.45363980077516763,0.29176664486575477,0.44524105615048126,0.4638569333248838,0.32755042858240924,0.48956986309905093,0.45776023548662587,0.3169293875235659,0.4535237028698018,0.2828871109985914,0.3985237285923385,0.0,0.5118494114493717,0.3848258225461475,0.3802828177759762,0.4100799926260961,0.4567411904733112,0.4836414468268552,0.48027286434362154,0.49720070491218415,0.47377152485338636,0.25034378922596556,0.4016378787535208,0.4459788080913369,0.47152659594879953,0.32657583561555786,0.4695787300959087,0.46637888281787826,0.22456150144615183,0.3825812410969307,0.3941969003440445,0.26510600600266465,0.0,0.4353626165681974,0.33979163558163666,0.22096438761872994,0.2994928423913974,0.26839612504454513,0.26885439242256765,0.32189818919679697,0.36843181946622794,0.3567859693990816,0.26036169562965594,0.0,0.5082666646766669,0.0,0.0,0.0,0.6010551998198751,0.0,0.0,0.0,0.0,0.0,0.0,0.48504989711649227,0.0,0.5570030433880406,0.47443041218010135,0.0,0.0,0.0,0.0,0.0,0.5379866243144058,0.5552013346850673,0.0,0.47017675851014284,0.5179342578099156,0.5584266065508738,0.38821191912937125,0.0,0.0,0.41507267917280194
0.0,0.0,0.41236826976642427,0.22286446246420202,0.24514195868957803,0.43785377521155155,0.3035831040781032,0.25433147578311877,0.4276293662881786,0.3071470832389701,0.3502915137601185,0.31817847095010854,0.36607787671715697,0.28879400468895877,0.5093754356030648,0.6673559509307022,0.0,0.0,0.41236481838009426,0.5184017559970112,0.0,0.5291572095509249,0.4290834322092599,0.32402814349507747,0.0,0.4882847720844372,0.466261507102909,0.2505970931116926,0.4973554845929321,0.49047443267401325,0.410228028879539,0.30542409021875183,0.4680843517804181,0.49947779294347194,0.4353626165681974,0.0,0.20848319846844435,0.31282630659964067,0.33092168252464976,0.0,0.29669631388016177,0.30734950362978536,0.38728819025313643,0.29464638863912573,0.0,0.0,0.0,0.5175440385360239,0.0,0.5258903972098066,0.48849405177991595,0.5337488707918501,0.40251253141304427,0.5270134369161974,0.0,0.4961516782593407,0.0,0.5244607042955928,0.42120522752576045,0.0,0.0,0.0,0.0,0.5015661685074433,0.5288495753754769,0.0,0.4020910828371611,0.4875270610257649,0.0,0.0,0.0,0.4966154905976382,0.4731585054292531,0.4829991230573656,0.0,0.0
0.0,0.0,0.4496058870120807,0.17690363402922324,0.2583555592936637,0.44550169936470974,0.28666616565973574,0.3676414823012457,0.45022331263290905,0.24962798943477368,0.43782488391938584,0.304729895393315,0.3379581886557956,0.20176109030849682,0.49708956831252,0.0,0.0,0.0,0.4532969480807268,0.4676784503570115,0.0,0.4813230031425222,0.43829079163970996,0.0,0.0,0.4760640802308845,0.44338202898715473,0.2570655099918977,0.46352681225029735,0.0,0.30868845606344664,0.3203539657522936,0.31052766570175383,0.28454400735667584,0.33979163558163666,0.20848319846844435,0.0,0.28807877030978274,0.2638811545827208,0.2389745256608848,0.2519128837178739,0.33107760894912935,0.35248818902303036,0.29564294580437556,0.0,0.0,0.0,0.0,0.0,0.0,0.8340876322011511,0.0,0.0,0.0,0.0,0.0,0.0,0.0,0.0,0.0,0.0,0.0,0.0,0.0,0.0,0.0,0.0,0.5926804061082107,0.0,0.0,0.0,0.6031614746222657,0.382681319030311,0.0,0.0,0.0
