0.0,0.42540912793596813,0.0,0.0,0.0,0.43495031645670623,0.0,0.48704832289805683,0.0,0.414639612869261,0.0,0.3970112834922028,0.502505436847111,0.4834523185949513,0.3786448923112552,0.4160047259688215,0.3986600764335585,0.3947257052914345,0.0,0.4355236778033908,0.3838657389361386,0.3995346554250484,0.4444487415383979,0.3548673494645006,0.39510536401624774,0.3741588588220277,0.44265815836829747,0.0,0.0,0.0,0.3932838888059544,0.4274916704647637,0.3850139280102425,0.3771205116771133,0.4493538553800486,0.0,0.0,0.4662309872503847,0.4402307216690448,0.39676345296757703,0.4219620798752139,0.0,0.0,0.0,0.0,0.4569801921496968,0.4715171606160556,0.0,0.0,0.0,0.0,0.0,0.0,0.0,0.4944223437449882,0.0,0.0,0.0,0.0,0.0,0.45482892619227483,0.0,0.42099740320980145,0.0,0.0,0.41986370744502516,0.482229920901607,0.0,0.0,0.4425324795558917,0.4738895602745248,0.0,0.0,0.0,0.0,0.0
0.42540912793596813,0.0,0.0,0.0,0.37489543847384643,0.38569041028017964,0.40471589761804216,0.4731759872393865,0.37645844082799795,0.0,0.0,0.0,0.4237775562454707,0.0,0.4026535200365091,0.40656963161962795,0.0,0.4114289524102451,0.0,0.4109943807202017,0.4232716433822326,0.36350770195622956,0.4155425396347553,0.0,0.38849611840705744,0.3926769826449456,0.40413108615084314,0.4191338472825858,0.41950631589405213,0.41957507285085854,0.3768730608664745,0.4006254563974663,0.3910622347251481,0.38801981357531773,0.444464320157545,0.0,0.0,0.0,0.4692595270493687,0.4745914114903252,0.4778811469297289,0.4824150398678553,0.0,0.0,0.0,0.4822246814905965,0.46830122883977865,0.0,0.0,0.0,0.0,0.0,0.0,0.0,0.0,0.0,0.0,0.0,0.0,0.4604723058658744,0.46934007428216534,0.0,0.45445577811033155,0.0,0.4515480263707875,0.4809194119055235,0.43834633442575077,0.0,0.0,0.47037710767284735,0.4874289490450142,0.0,0.0,0.44362901509230135,0.0,0.4535217759408974
0.0,0.0,0.0,0.0,0.3764531140578697,0.39865810925044787,0.41350704129744303,0.4200867035744986,0.35200486104077083,0.48419780804824875,0.3186382644189864,0.0,0.4263915213962736,0.41324887892086004,0.0,0.0,0.0,0.0,0.27530505997539684,0.0,0.0,0.0,0.2710926520206711,0.0,0.0,0.0,0.31934787375127244,0.4281244311287424,0.0,0.44335813215296027,0.44293877937756243,0.4133200399963556,0.0,0.44293447626529603,0.4218289225037182,0.40346538039074553,0.4379019789700636,0.0,0.5040303059675372,0.0,0.6108754336362286,0.0,0.46882128347115776,0.0,0.0,0.0,0.0,0.27007749011392246,0.0,0.5028876794497168,0.5589472618258164,0.5900298299136358,0.5342935856315396,0.5739140878715364,0.0,0.22944333886371907,0.0,0.5941240325195551,0.49640825861255927,0.0,0.0,0.0,0.0,0.27826909799203614,0.0,0.0,0.0,0.4659805355956522,0.0,0.0,0.0,0.5365470616598078,0.6016528696340985,0.0,0.0,0.0
0.0,0.0,0.0,0.0,0.2307576667084736,0.3902189732161396,0.26517694174335454,0.0,0.4014384624302002,0.32492708272844867,0.37131518194666524,0.28815250151107086,0.2645881489785106,0.22021103085560004,0.0,0.0,0.0,0.0,0.41508994800825383,0.42793144111416637,0.0,0.44070067933313983,0.3914194129111815,0.0,0.0,0.0,0.3900657626503566,0.1918936851870214,0.0,0.0,0.3230226654180218,0.2691742846998456,0.0,0.298479893538885,0.2852612889408038,0.1843496649481934,0.17269139446910553,0.0,0.2604828631557917,0.0,0.0,0.28381141004995,0.0,0.3271464161230655,0.0,0.0,0.0,0.0,0.0,0.0,0.0,0.0,0.0,0.0,0.0,0.0,0.0,0.0,0.0,0.0,0.0,0.0,0.0,0.0,0.0,0.0,0.0,0.0,0.0,0.0,0.0,0.0,0.0,0.0,0.0,0.0
0.0,0.37489543847384643,0.3764531140578697,0.2307576667084736,0.0,0.36514045390833844,0.324140473653854,0.3174351779616241,0.3311614066038115,0.4261975971770445,0.28792887976507275,0.4292592800183661,0.35238865583057394,0.24725762254747363,0.0,0.4117925761346262,0.0,0.0,0.33921951643621717,0.36315731054669353,0.0,0.38261559968800746,0.3871902382881144,0.46500692106417724,0.3829876320564295,0.42115448171643066,0.37756642367534665,0.3001478210868056,0.39800178538221986,0.0,0.4149363956042302,0.30167327124200694,0.0,0.3926692837260488,0.24375278802006722,0.22559142767913598,0.21682275520615008,0.0,0.4028771412611116,0.0,0.0,0.0,0.34773785248372174,0.0,0.0,0.0,0.0,0.5124346299482738,0.0,0.0,0.5390175264332272,0.0,0.3253305736589929,0.622102847332037,0.0,0.3921786055739598,0.0,0.0,0.3985224914730628,0.0,0.0,0.0,0.0,0.46774297515927526,0.0,0.0,0.0,0.4991363996263201,0.0,0.0,0.0,0.5044630869138149,0.0,0.0,0.0,0.0
0.43495031645670623,0.38569041028017964,0.39865810925044787,0.3902189732161396,0.36514045390833844,0.0,0.3976469082790484,0.397876405053239,0.3468792961465894,0.4402484153332442,0.37941329167666504,0.460288663063104,0.3898849667246308,0.3655789883054307,0.39910479048149017,0.4050227696382782,0.0,0.4194216003282884,0.4018978714597806,0.41514168771436377,0.4103274453684317,0.41716551730633517,0.40489285593148644,0.0,0.3725410483805686,0.41695540947272314,0.3646661045553584,0.3654249048555433,0.3087593812689167,0.40606383084958675,0.4106476533523691,0.38315133501401233,0.3714700348177202,0.41675839144880034,0.4070206371557347,0.4005285833928989,0.40721687682123703,0.0,0.48188127544061615,0.0,0.5025730871403487,0.0,0.4890837365748649,0.0,0.0,0.0,0.0,0.5328963288946514,0.0,0.5738470016394767,0.5089698880137812,0.5428076443659162,0.47338082524687225,0.5659694727251324,0.0,0.5414522323026723,0.0,0.5278569996407001,0.0,0.0,0.0,0.0,0.0,0.5635393202804226,0.46592278735272363,0.0,0.0,0.5034838878904984,0.0,0.0,0.0,0.4977727837959877,0.49576375370284503,0.47331855982958526,0.4481237499060263,0.5087711236799404
0.0,0.40471589761804216,0.41350704129744303,0.26517694174335454,0.324140473653854,0.3976469082790484,0.0,0.4217721256736482,0.3845346469130231,0.4233489919960166,0.39465449918241524,0.4304741177075633,0.3295692282181071,0.3212718738738099,0.0,0.4492869474971764,0.4734011820444199,0.453383643087801,0.4111290455017727,0.40707257265363606,0.0,0.4352833937894097,0.4150695057390841,0.4330251686815867,0.4286850631685918,0.4351996829130187,0.4066447721553181,0.3257833218726864,0.42228413035568724,0.0,0.4202620464025249,0.3741340142709958,0.37732375418174635,0.39848620648504485,0.32370575316824085,0.31984050738541187,0.3207752740673072,0.43628994194254006,0.0,0.0,0.0,0.0,0.0,0.0,0.0,0.0,0.0,0.5866251291990908,0.0,0.0,0.5560823429698835,0.0,0.6094120051996776,0.6373689725633336,0.0,0.0,0.0,0.0,0.0,0.0,0.0,0.0,0.0,0.0,0.0,0.0,0.0,0.5023088479830203,0.0,0.0,0.0,0.5186837685110365,0.0,0.0,0.0,0.0
0.48704832289805683,0.4731759872393865,0.4200867035744986,0.0,0.3174351779616241,0.397876405053239,0.4217721256736482,0.0,0.47815179177929756,0.4697885414979597,0.27617701998984323,0.545823792307219,0.431349623261773,0.3371915986059215,0.3925155601752956,0.47393669506551084,0.0,0.48508216364063445,0.3928962514299426,0.4009132261713499,0.3647921837991116,0.4463637510310765,0.33607868177210126,0.49731592412899084,0.4871778224396666,0.4760533763546992,0.4236735331649293,0.4147917538415157,0.39221182980109265,0.4012971404591635,0.4320965531875786,0.35002288787938274,0.4868344789135053,0.41333029154251116,0.41902996758870004,0.274331821172316,0.0,0.0,0.38773012848277427,0.0,0.47729406891321086,0.5201433201080236,0.39853608572064303,0.0,0.0,0.0,0.0,0.4511791495849984,0.0,0.4543637941944259,0.4695863919346077,0.49396502898543126,0.36854129712022426,0.5118437108344911,0.0,0.4026643460051195,0.0,0.4953126409192419,0.33953395431171723,0.0,0.0,0.0,0.0,0.47758732201669213,0.0,0.0,0.0,0.43544347114351967,0.0,0.0,0.0,0.46181475945584216,0.47438932657154165,0.4560579532690285,0.0,0.483603339839922
0.0,0.37645844082799795,0.35200486104077083,0.4014384624302002,0.3311614066038115,0.3468792961465894,0.3845346469130231,0.47815179177929756,0.0,0.4524608257853496,0.33305093939222835,0.4587306268940053,0.38479535607837717,0.45458289272801644,0.0,0.4080339889018748,0.0,0.0,0.30597854170322586,0.3840972069103855,0.0,0.4052815343222995,0.3882632731178409,0.515930263938099,0.40649255227679965,0.4419734193413818,0.34416319007215646,0.4282200869890582,0.4200749590258442,0.4606719882998681,0.44141736257113356,0.4138609969338509,0.4137598621695579,0.4424012669671499,0.43329203006456185,0.4138715686474753,0.4261609761105135,0.4398620789816181,0.4979270818372207,0.0,0.0,0.0,0.47181661442329065,0.6883263540661321,0.0,0.0,0.0,0.5646200083750867,0.0,0.5688024745565552,0.5496524834321117,0.5990381240935603,0.5508787441396005,0.5914238154442575,0.0,0.5199514667955432,0.44521017520272765,0.6094821511532068,0.49439412679398226,0.0,0.0,0.0,0.0,0.5647961599242155,0.0,0.0,0.0,0.5516113740080286,0.0,0.0,0.0,0.5409650360415509,0.588983010573508,0.5360509016427677,0.0,0.6580671343681992
0.414639612869261,0.0,0.48419780804824875,0.32492708272844867,0.4261975971770445,0.4402484153332442,0.4233489919960166,0.4697885414979597,0.4524608257853496,0.0,0.44658943732252215,0.27226130069997495,0.4427640551503064,0.43335936301308187,0.0,0.4330127217422049,0.3274028478540338,0.35499879092908054,0.4632299656182729,0.0,0.4706422733952217,0.3548559779065492,0.4579355512012948,0.31205262659857247,0.3265069619272925,0.34373123588284316,0.4506525991437192,0.42096133830900884,0.0,0.0,0.3156619854167282,0.37765194756733195,0.3095445084474314,0.31923998318705615,0.3526232166175393,0.3440408073416753,0.300571857133147,0.3114615714992404,0.43595095671549916,0.35090455624607464,0.382839543119922,0.3088579612666252,0.0,0.35964943885418094,0.32110038128310076,0.0,0.0,0.0,0.0,0.0,0.0,0.0,0.0,0.0,0.435977303099663,0.0,0.4533904819376953,0.47673382817428245,0.0,0.0,0.0,0.4277563698051579,0.410862122297472,0.0,0.0,0.0,0.0,0.0,0.4357141190035147,0.4303040863886384,0.45505132765239087,0.0,0.43356198528039064,0.0,0.0,0.4357070963924446
0.0,0.0,0.3186382644189864,0.37131518194666524,0.28792887976507275,0.37941329167666504,0.39465449918241524,0.27617701998984323,0.33305093939222835,0.44658943732252215,0.0,0.4709345657953191,0.4177838503927167,0.2962580009847306,0.0,0.0,0.0,0.0,0.252586301200486,0.0,0.0,0.0,0.30627021794078246,0.4775034248436988,0.5276198725564747,0.0,0.38925871997432165,0.4064405614771284,0.0,0.0,0.43778930070571836,0.286867714785173,0.0,0.43383698434141,0.40344100728086135,0.2785888757639551,0.41042045136910993,0.0,0.4087880241749195,0.0,0.0,0.0,0.4008775684229049,0.0,0.0,0.0,0.0,0.40430932667096653,0.0,0.4010335016657347,0.5075604310232573,0.46835241245463627,0.407599255564765,0.5262801390684356,0.0,0.17937478256305966,0.0,0.5098976338377293,0.42407342074029863,0.0,0.0,0.0,0.0,0.20074975111963722,0.0,0.0,0.0,0.5109633898314787,0.0,0.0,0.0,0.5121828821958396,0.0,0.0,0.0,0.0
0.3970112834922028,0.0,0.0,0.28815250151107086,0.4292592800183661,0.460288663063104,0.4304741177075633,0.545823792307219,0.4587306268940053,0.27226130069997495,0.4709345657953191,0.0,0.43018075267773237,0.0,0.0,0.5396255274402577,0.3592262295086023,0.37233968656937566,0.0,0.0,0.5549732514099239,0.0,0.5354458998436044,0.2888845543265089,0.34528518897414084,0.30698798828319357,0.0,0.40955665742315744,0.0,0.0,0.3283559839277008,0.28452436803491327,0.2792693839177815,0.30195022269242694,0.3449252306934053,0.3234592118098209,0.31139913456889545,0.2670702540355159,0.2543489761819479,0.36009846147142,0.3520490070043627,0.325482985212721,0.2760069826232125,0.2813958720729634,0.34357800888824386,0.0,0.0,0.0,0.0,0.0,0.0,0.0,0.0,0.41594504235259055,0.4421348131498211,0.0,0.45425465899708595,0.4819428242938826,0.0,0.0,0.0,0.43351857282437495,0.4156855141328318,0.0,0.0,0.0,0.0,0.0,0.43421395116021916,0.43002740023101,0.45234494626359395,0.0,0.40593717808550006,0.0,0.0,0.43620239495444696
0.502505436847111,0.4237775562454707,0.4263915213962736,0.2645881489785106,0.35238865583057394,0.3898849667246308,0.3295692282181071,0.431349623261773,0.38479535607837717,0.4427640551503064,0.4177838503927167,0.43018075267773237,0.0,0.31847644740080605,0.0,0.4678749656694086,0.4555270282077014,0.45891205761075937,0.42545447141900267,0.42916517408023436,0.4401247484317928,0.46007170360000815,0.42248946479352734,0.44524099717923393,0.44656660421280864,0.44196401179228373,0.41239336618097644,0.32798119226023076,0.4169510473238264,0.38901867602643936,0.42390663623165725,0.3874917779221116,0.3884757757976992,0.42096165711409833,0.3803865266495393,0.32985877917716677,0.3573743631003802,0.42026731853559296,0.4945341763013852,0.4732812623093514,0.6083613217855575,0.0,0.0,0.0,0.0,0.0,0.0,0.5670451001371065,0.0,0.0,0.5279341717269234,0.6526558763421282,0.4929743723345834,0.638172325971706,0.5197016367954634,0.0,0.4913659475572093,0.5993331618335458,0.0,0.0,0.0,0.0,0.0,0.6627892439715144,0.0,0.0,0.0,0.5054437545247139,0.0,0.0,0.0,0.506099347128232,0.5646068527669003,0.5166856456159556,0.0,0.607893953191051
0.4834523185949513,0.0,0.41324887892086004,0.22021103085560004,0.24725762254747363,0.3655789883054307,0.3212718738738099,0.3371915986059215,0.45458289272801644,0.43335936301308187,0.2962580009847306,0.0,0.31847644740080605,0.0,0.0,0.0,0.0,0.0,0.40297238295398746,0.0,0.41133872899486207,0.0,0.33706066932309675,0.0,0.0,0.0,0.43776159124947994,0.22056266900671898,0.0,0.0,0.0,0.2227065172739784,0.0,0.0,0.0,0.19430658003541038,0.16881071334407416,0.0,0.21295087210671637,0.0,0.0,0.0,0.2697485372584979,0.0,0.0,0.0,0.0,0.0,0.0,0.0,0.0,0.0,0.0,0.0,0.0,0.0,0.0,0.0,0.0,0.0,0.0,0.0,0.0,0.0,0.0,0.0,0.0,0.0,0.0,0.0,0.0,0.0,0.0,0.0,0.0,0.0
0.3786448923112552,0.4026535200365091,0.0,0.0,0.0,0.39910479048149017,0.0,0.3925155601752956,0.0,0.0,0.0,0.0,0.0,0.0,0.0,0.4125100872671853,0.0,0.4110062022686604,0.0,0.29772286537239406,0.3515281738316541,0.3243064498944518,0.3296196730205094,0.45564585358642296,0.38391615147673475,0.3742556380674154,0.3553614754501955,0.3992921489605558,0.3570799392330565,0.0,0.39071815837923707,0.40356860201090944,0.3856606419461218,0.41653751623732804,0.4690637623526153,0.42370615540947587,0.0,0.0,0.4556744149622251,0.4414128337179089,0.4875097634156047,0.5131228503461536,0.0,0.0,0.0,0.3964158863978783,0.4878631124807277,0.0,0.0,0.0,0.0,0.0,0.42310657945818597,0.0,0.0,0.0,0.0,0.0,0.0,0.4054490498168466,0.5030174003969464,0.0,0.0,0.0,0.36756588793944406,0.4504122019715572,0.487396978507852,0.4306877542112904,0.0,0.0,0.5096220645784934,0.4369221506299812,0.4791140947052406,0.4514287594861987,0.0,0.4851803866604072
0.4160047259688215,0.40656963161962795,0.0,0.0,0.4117925761346262,0.4050227696382782,0.4492869474971764,0.47393669506551084,0.4080339889018748,0.4330127217422049,0.0,0.5396255274402577,0.4678749656694086,0.0,0.4125100872671853,0.0,0.3865542045653043,0.34884451727414084,0.0,0.4129166032662594,0.4503791947418373,0.3856255377531547,0.4344591885932448,0.3792926459668707,0.40310892919096697,0.41647544795242564,0.4247463809689719,0.4484041710774419,0.43286898395498297,0.4409027630819641,0.37638770316860415,0.429402115618037,0.40638849171009606,0.39810749091110426,0.487058127837618,0.0,0.0,0.0,0.45214386120580097,0.4178070974860917,0.44698110790384804,0.45337934764113014,0.0,0.0,0.0,0.4952254927542267,0.4559218270327112,0.0,0.0,0.0,0.0,0.0,0.0,0.0,0.0,0.0,0.0,0.0,0.0,0.48556295211427136,0.4487400250348759,0.0,0.4090750088535237,0.0,0.0,0.4982308323472455,0.44653543792632444,0.0,0.0,0.447255884542522,0.4779865882571665,0.0,0.0,0.0,0.0,0.4252625779522855
0.3986600764335585,0.0,0.0,0.0,0.0,0.0,0.4734011820444199,0.0,0.0,0.3274028478540338,0.0,0.3592262295086023,0.4555270282077014,0.0,0.0,0.3865542045653043,0.0,0.3148026733007701,0.0,0.0,0.0,0.37666898697076207,0.0,0.37851361571962483,0.36384281041017363,0.37854320413475595,0.0,0.4400079314726476,0.0,0.0,0.3633329277069702,0.42684168456401966,0.357774387376206,0.36468749645183257,0.4312651592436769,0.418332975397965,0.0,0.34453995594460773,0.43054665719835145,0.3743743107588325,0.0,0.0,0.0,0.0,0.5112750332298812,0.0,0.4491904062374405,0.0,0.0,0.0,0.0,0.0,0.0,0.0,0.4469604066644531,0.0,0.4652147517478038,0.0,0.0,0.0,0.0,0.4549336486583853,0.4184959782790641,0.0,0.0,0.0,0.0,0.0,0.49056202084068334,0.4263682410235611,0.4578890541032633,0.0,0.0,0.0,0.0,0.0
0.3947257052914345,0.4114289524102451,0.0,0.0,0.0,0.4194216003282884,0.453383643087801,0.48508216364063445,0.0,0.35499879092908054,0.0,0.37233968656937566,0.45891205761075937,0.0,0.4110062022686604,0.34884451727414084,0.3148026733007701,0.0,0.0,0.4315364034416507,0.45363953599801604,0.40860605331006583,0.447546694787931,0.37533584774994355,0.3724084189463749,0.39272222542337504,0.4356935078656806,0.4391027706962401,0.44696916563836775,0.4533980145200581,0.38722434114386894,0.43219660064844595,0.3809474703737951,0.3963753351631067,0.4418618403851358,0.44715551709159007,0.0,0.0,0.38453422132338455,0.3912682571612288,0.410925448667954,0.439014291105873,0.0,0.0,0.0,0.4636138141720241,0.43604035585803436,0.0,0.0,0.0,0.0,0.0,0.0,0.0,0.42125188030990895,0.0,0.43946607574960406,0.0,0.0,0.0,0.43080546842851797,0.4252851554716983,0.42558660437270524,0.0,0.0,0.0,0.41619404297523066,0.0,0.45305187842148986,0.43508859365761593,0.44799105867552846,0.0,0.0,0.0,0.0,0.4064733636602378
0.0,0.0,0.27530505997539684,0.41508994800825383,0.33921951643621717,0.4018978714597806,0.4111290455017727,0.3928962514299426,0.30597854170322586,0.4632299656182729,0.252586301200486,0.0,0.42545447141900267,0.40297238295398746,0.0,0.0,0.0,0.0,0.0,0.0,0.0,0.0,0.2371388757363509,0.0,0.0,0.0,0.37203905174619906,0.4113983472015547,0.0,0.0,0.44773660918619973,0.4018513464323212,0.0,0.4438692769693521,0.4103803440293219,0.3814864990762827,0.4268615519473936,0.0,0.47474316496990365,0.0,0.0,0.0,0.4483997899786405,0.0,0.0,0.0,0.0,0.5212693571491003,0.0,0.5238213754237908,0.5413228629792912,0.6065149291996438,0.518666059748954,0.5594675397976371,0.0,0.453935280518237,0.0,0.6623567125042606,0.4714582524720176,0.0,0.0,0.0,0.0,0.536060316144592,0.0,0.0,0.0,0.5427624071492807,0.0,0.0,0.0,0.5466477038957644,0.0,0.0,0.0,0.0
0.4355236778033908,0.4109943807202017,0.0,0.42793144111416637,0.36315731054669353,0.41514168771436377,0.40707257265363606,0.4009132261713499,0.3840972069103855,0.0,0.0,0.0,0.42916517408023436,0.0,0.29772286537239406,0.4129166032662594,0.0,0.4315364034416507,0.0,0.0,0.382975392835334,0.35013455086372436,0.2513817830943502,0.0,0.40011380551239584,0.41578898024781463,0.31383980941424855,0.35131994664610666,0.3078320917188567,0.3050621736685982,0.36576519480172826,0.41214171024336366,0.3888082156894509,0.42215124871728843,0.48043085603368396,0.4816697447923912,0.4146178789426925,0.0,0.44551219657993996,0.0,0.4798666629889029,0.5112070199582474,0.0,0.0,0.0,0.0,0.4602101801166227,0.0,0.0,0.0,0.47732682578935504,0.0,0.0,0.0,0.0,0.0,0.0,0.0,0.0,0.4607618580742888,0.0,0.0,0.0,0.0,0.45569937942149136,0.45452664131392684,0.4707119388976275,0.4711207572009684,0.0,0.0,0.4757214152746269,0.4568854371006727,0.48726903665352556,0.4637308810959564,0.5507589873113456,0.4667112505101718
0.3838657389361386,0.4232716433822326,0.0,0.0,0.0,0.4103274453684317,0.0,0.3647921837991116,0.0,0.4706422733952217,0.0,0.5549732514099239,0.4401247484317928,0.41133872899486207,0.3515281738316541,0.4503791947418373,0.0,0.45363953599801604,0.0,0.382975392835334,0.0,0.4140425323138359,0.3728379837924351,0.4701292782741492,0.4367128565133805,0.4025639099169309,0.394725141283766,0.42231832023794924,0.4023543991185683,0.4190928820305946,0.4030986559197115,0.40998654079775615,0.41985882691324766,0.42525064897004267,0.4749630550797972,0.4074140838837469,0.0,0.0,0.4733846833010833,0.4962083402108625,0.5105914729830889,0.570663094068347,0.0,0.0,0.0,0.4811841067777536,0.49417551787061426,0.0,0.0,0.0,0.4845541366239941,0.0,0.4608025499229166,0.7826601501594413,0.0,0.0,0.0,0.5452861913228466,0.0,0.45832021190150296,0.5002362061518554,0.0,0.0,0.0,0.4701105716896554,0.44716981217129764,0.4939360697407354,0.47501499556704935,0.0,0.0,0.5115057630845217,0.4815982350126261,0.49623213942369976,0.47315719980352733,0.5143102711113262,0.0
0.3995346554250484,0.36350770195622956,0.0,0.44070067933313983,0.38261559968800746,0.41716551730633517,0.4352833937894097,0.4463637510310765,0.4052815343222995,0.3548559779065492,0.0,0.0,0.46007170360000815,0.0,0.3243064498944518,0.3856255377531547,0.37666898697076207,0.40860605331006583,0.0,0.35013455086372436,0.4140425323138359,0.0,0.4114144952296816,0.3885434257997515,0.4046221003837355,0.3930894976488022,0.4137572553233155,0.4207813455145621,0.3919584737305555,0.38444586515087403,0.3809989707614214,0.4162674191401792,0.39499276250330667,0.4126699035255819,0.48165043126109863,0.4911924546744107,0.4575968907377358,0.0,0.476480764203679,0.4870882170143811,0.4898540976162015,0.509546654571518,0.0,0.0,0.0,0.478366226986607,0.47238678971069525,0.0,0.0,0.0,0.0,0.0,0.45087810786882104,0.0,0.0,0.0,0.0,0.0,0.0,0.4842660368706489,0.46688484414753323,0.0,0.0,0.0,0.46573925563226115,0.4781916176298111,0.4912457744316451,0.46197323607740354,0.0,0.4607080352657252,0.5012948734097102,0.46848226387764447,0.5511941727237074,0.45493532443714213,0.0,0.4763432962443279
0.4444487415383979,0.4155425396347553,0.2710926520206711,0.3914194129111815,0.3871902382881144,0.40489285593148644,0.4150695057390841,0.33607868177210126,0.3882632731178409,0.4579355512012948,0.30627021794078246,0.5354458998436044,0.42248946479352734,0.33706066932309675,0.3296196730205094,0.4344591885932448,0.0,0.447546694787931,0.2371388757363509,0.2513817830943502,0.3728379837924351,0.4114144952296816,0.0,0.4825352141508414,0.4358452978613511,0.4317438896230703,0.31611332689742283,0.41339850816495255,0.3842302577492387,0.4038191025995024,0.4162026500113816,0.38181662078579703,0.3587448726335547,0.42390640447936245,0.42797974270281225,0.37902156482806804,0.42580742362123314,0.0,0.48108955965589373,0.42992430418335464,0.5045703998424554,0.5039701056988325,0.46855621429348826,0.5293263173138755,0.0,0.0,0.49066398302012737,0.48003881655376374,0.0,0.5282940814455473,0.5121871907799076,0.5323915589598636,0.4654092344830608,0.5585668171046344,0.0,0.44390049375734314,0.0,0.5242974602945665,0.4356637292924748,0.46133184053054355,0.0,0.0,0.0,0.4887914345598597,0.4713464684503574,0.4734712110435869,0.47797786600331155,0.49678320050743097,0.0,0.0,0.4886611523311039,0.5008247155985708,0.4965996456024862,0.47728047673825785,0.4909635142154773,0.506448694151241
0.3548673494645006,0.0,0.0,0.0,0.46500692106417724,0.0,0.4330251686815867,0.49731592412899084,0.515930263938099,0.31205262659857247,0.4775034248436988,0.2888845543265089,0.44524099717923393,0.0,0.45564585358642296,0.3792926459668707,0.37851361571962483,0.37533584774994355,0.0,0.0,0.4701292782741492,0.3885434257997515,0.4825352141508414,0.0,0.38484566996482417,0.3344532902291983,0.0,0.4329100131269895,0.0,0.0,0.3643492114120659,0.3605521542444233,0.2502218174541843,0.31497289993700156,0.4408947022523442,0.41704952949451846,0.2735550587520714,0.2749773725894699,0.28457357273129136,0.388355068188303,0.38657024217579483,0.0,0.0,0.0,0.37183857532884657,0.45541565851399635,0.0,0.0,0.0,0.0,0.0,0.0,0.0,0.0,0.4324584821116323,0.0,0.44738644262802035,0.447244810402007,0.0,0.0,0.46650737468104897,0.4108997965156271,0.4475673084597785,0.0,0.0,0.0,0.0,0.0,0.4034523807955998,0.43549971262386017,0.47127002012820063,0.0,0.3591954742632506,0.0,0.0,0.44446428186953724
0.39510536401624774,0.38849611840705744,0.0,0.0,0.3829876320564295,0.3725410483805686,0.4286850631685918,0.4871778224396666,0.40649255227679965,0.3265069619272925,0.5276198725564747,0.34528518897414084,0.44656660421280864,0.0,0.38391615147673475,0.40310892919096697,0.36384281041017363,0.3724084189463749,0.0,0.40011380551239584,0.4367128565133805,0.4046221003837355,0.4358452978613511,0.38484566996482417,0.0,0.3863857128821443,0.39923425182430444,0.4319354391493984,0.43707904863152175,0.4950351364044653,0.3893552184127538,0.4112333427317877,0.3525639165346297,0.37277465484094136,0.432318372335464,0.46025038370595717,0.7027868810281718,0.3349179128666901,0.4524865719840604,0.43504785064657037,0.45217913260550235,0.46560696406192736,0.0,0.0,0.0,0.47232247087350926,0.45451436754158864,0.0,0.0,0.0,0.0,0.0,0.0,0.0,0.4339057582531956,0.0,0.4572066951182242,0.0,0.0,0.45320673709792664,0.4504792746007295,0.44569842542681654,0.4472089901702897,0.0,0.0,0.0,0.4187515659760062,0.0,0.4858337515412763,0.4518818800622815,0.4628744683973308,0.0,0.0,0.45375105127206966,0.0,0.43788401150979145
0.3741588588220277,0.3926769826449456,0.0,0.0,0.42115448171643066,0.41695540947272314,0.4351996829130187,0.4760533763546992,0.4419734193413818,0.34373123588284316,0.0,0.30698798828319357,0.44196401179228373,0.0,0.3742556380674154,0.41647544795242564,0.37854320413475595,0.39272222542337504,0.0,0.41578898024781463,0.4025639099169309,0.3930894976488022,0.4317438896230703,0.3344532902291983,0.3863857128821443,0.0,0.41934419965450354,0.4249864068587278,0.4100036935747885,0.0,0.39279478732676537,0.4181734141848047,0.38038436519832275,0.38867583256580046,0.45126768541435935,0.394051375169238,0.0,0.3321923068519518,0.46674600548030204,0.43736947012252103,0.478218236027656,0.4890197520173758,0.0,0.0,0.31553388234665086,0.4713251459204563,0.48365842290003924,0.0,0.0,0.0,0.0,0.0,0.0,0.0,0.4545855027283628,0.0,0.46573800391815606,0.0,0.0,0.5050200477776393,0.4663201389575225,0.45819382044207696,0.4478824503425602,0.0,0.4817714229134285,0.49793754597283446,0.5010273438405061,0.48483175027053643,0.4892506879833451,0.45882790016361846,0.4825156148593442,0.49448554826322594,0.0,0.4992017474512849,0.0,0.4804371240801471
0.44265815836829747,0.40413108615084314,0.31934787375127244,0.3900657626503566,0.37756642367534665,0.3646661045553584,0.4066447721553181,0.4236735331649293,0.34416319007215646,0.4506525991437192,0.38925871997432165,0.0,0.41239336618097644,0.43776159124947994,0.3553614754501955,0.4247463809689719,0.0,0.4356935078656806,0.37203905174619906,0.31383980941424855,0.394725141283766,0.4137572553233155,0.31611332689742283,0.0,0.39923425182430444,0.41934419965450354,0.0,0.4036820492436049,0.3774291227093663,0.3862584898539628,0.3888275894453862,0.37987227158558573,0.35257773772142853,0.41005515147910343,0.42137559832062604,0.41438837477089274,0.4012339880061514,0.0,0.4760998232438304,0.46805881553110457,0.49566444173198937,0.49840361532875266,0.485707515730753,0.0,0.0,0.0,0.0,0.5380602698788767,0.0,0.562802174710689,0.5111000459558037,0.5444272035101294,0.4853794352360115,0.5738067830879682,0.0,0.5220544650331281,0.0,0.5223999893596909,0.5292733261572048,0.45966365660622205,0.0,0.0,0.0,0.5670241650769612,0.4680556538557646,0.4773145802828244,0.48131327555262265,0.49851406991048264,0.0,0.0,0.5045964623878412,0.49257734938385167,0.49458276001806456,0.4770600107160443,0.48939207565043746,0.5043942091596281
0.0,0.4191338472825858,0.4281244311287424,0.1918936851870214,0.3001478210868056,0.3654249048555433,0.3257833218726864,0.4147917538415157,0.4282200869890582,0.42096133830900884,0.4064405614771284,0.40955665742315744,0.32798119226023076,0.22056266900671898,0.3992921489605558,0.4484041710774419,0.4400079314726476,0.4391027706962401,0.4113983472015547,0.35131994664610666,0.42231832023794924,0.4207813455145621,0.41339850816495255,0.4329100131269895,0.4319354391493984,0.4249864068587278,0.4036820492436049,0.0,0.33263723308404625,0.3463181123308991,0.39290357423439054,0.38183425536668236,0.35913843326804984,0.38480034116518896,0.32966565721248003,0.23924964976062219,0.2387928553569227,0.3755133188907728,0.46566667898072145,0.0,0.5024974417073077,0.3517973288666999,0.0,0.45210006838897826,0.0,0.0,0.0,0.5914739215030165,0.0,0.0,0.494474217915755,0.0,0.46502705892398255,0.0,0.4807392484025945,0.0,0.5075911124781695,0.0,0.0,0.0,0.0,0.0,0.0,0.0,0.47045925881062567,0.46148568981011373,0.0,0.4860300994967405,0.0,0.0,0.0,0.4824213666541113,0.497686101735109,0.4754642835475147,0.0,0.5143015050264215
0.0,0.41950631589405213,0.0,0.0,0.39800178538221986,0.3087593812689167,0.42228413035568724,0.39221182980109265,0.4200749590258442,0.0,0.0,0.0,0.4169510473238264,0.0,0.3570799392330565,0.43286898395498297,0.0,0.44696916563836775,0.0,0.3078320917188567,0.4023543991185683,0.3919584737305555,0.3842302577492387,0.0,0.43707904863152175,0.4100036935747885,0.3774291227093663,0.33263723308404625,0.0,0.33784730740298274,0.3514434086311937,0.37093156786802084,0.3422443671233355,0.3963084345976564,0.4204618410949489,0.4311902233242029,0.4158018115093507,0.0,0.4497959633991226,0.480957355358113,0.48111506682839056,0.0,0.514416203898538,0.0,0.0,0.0,0.0,0.5382253997861894,0.0,0.0,0.470078783799826,0.0,0.45694865149962105,0.0,0.0,0.0,0.0,0.5155517951278629,0.0,0.43969826665669737,0.0,0.0,0.0,0.0,0.45155114393305573,0.4515080533273431,0.44823232145783887,0.4693839408405606,0.0,0.0,0.0,0.46391408883193,0.4750110351490925,0.454948132975757,0.4870824557772252,0.47645507825129585
0.0,0.41957507285085854,0.44335813215296027,0.0,0.0,0.40606383084958675,0.0,0.4012971404591635,0.4606719882998681,0.0,0.0,0.0,0.38901867602643936,0.0,0.0,0.4409027630819641,0.0,0.4533980145200581,0.0,0.3050621736685982,0.4190928820305946,0.38444586515087403,0.4038191025995024,0.0,0.4950351364044653,0.0,0.3862584898539628,0.3463181123308991,0.33784730740298274,0.0,0.3260559168625868,0.37372818101700556,0.3556335822710747,0.37275553064219785,0.4371772819322021,0.0,0.0,0.0,0.0,0.0,0.0,0.0,0.0,0.0,0.0,0.0,0.0,0.0,0.0,0.0,0.5306559103235392,0.0,0.5636198598947512,0.0,0.0,0.0,0.0,0.0,0.0,0.0,0.0,0.0,0.0,0.0,0.4643638319659158,0.0,0.0,0.48110560697095883,0.0,0.0,0.0,0.4820275939349923,0.0,0.49432290069790863,0.0,0.5608257373380143
0.3932838888059544,0.3768730608664745,0.44293877937756243,0.3230226654180218,0.4149363956042302,0.4106476533523691,0.4202620464025249,0.4320965531875786,0.44141736257113356,0.3156619854167282,0.43778930070571836,0.3283559839277008,0.42390663623165725,0.0,0.39071815837923707,0.37638770316860415,0.3633329277069702,0.38722434114386894,0.44773660918619973,0.36576519480172826,0.4030986559197115,0.3809989707614214,0.4162026500113816,0.3643492114120659,0.3893552184127538,0.39279478732676537,0.3888275894453862,0.39290357423439054,0.3514434086311937,0.3260559168625868,0.0,0.38535378974204426,0.3454405409439914,0.3138953346706543,0.4595778995344152,0.45118171344213787,0.39452517702904744,0.33715654816786705,0.4374379302583357,0.39487981176888753,0.43195117528038507,0.0,0.0,0.0,0.3440979063803324,0.4560750960510751,0.45037249400793766,0.6843122927506764,0.0,0.0,0.5175801711861026,0.0,0.0,0.0,0.4344603661712902,0.0,0.4451204605917591,0.0,0.0,0.4434635370937935,0.4512140027075578,0.0,0.43727389547048207,0.0,0.440044827634863,0.4389175589410064,0.4725744355811753,0.4882804821794517,0.3728313687701024,0.44393436375992934,0.46377776731321374,0.4872678296692246,0.5228322982587551,0.4716733262128237,0.0,0.0
0.4274916704647637,0.4006254563974663,0.4133200399963556,0.2691742846998456,0.30167327124200694,0.38315133501401233,0.3741340142709958,0.35002288787938274,0.4138609969338509,0.37765194756733195,0.286867714785173,0.28452436803491327,0.3874917779221116,0.2227065172739784,0.40356860201090944,0.429402115618037,0.42684168456401966,0.43219660064844595,0.4018513464323212,0.41214171024336366,0.40998654079775615,0.4162674191401792,0.38181662078579703,0.3605521542444233,0.4112333427317877,0.4181734141848047,0.37987227158558573,0.38183425536668236,0.37093156786802084,0.37372818101700556,0.38535378974204426,0.0,0.33289427377394304,0.3722180968797142,0.38402475488180526,0.24681727648942542,0.3064451530207893,0.2822950764659553,0.30409232536991704,0.31244059072643243,0.3368190431580222,0.32911372996781985,0.31200094066328177,0.2939321892093981,0.29416556465562277,0.4809080479564247,0.47031674109122124,0.5091184242351909,0.0,0.0,0.4771684688291208,0.0,0.26544537638499444,0.5121920047261063,0.31632079124903045,0.3834420125673909,0.25669346890280836,0.4875373786787786,0.0,0.4667373190393149,0.4618452204773743,0.0,0.43347137320908247,0.4935967222305281,0.45227396119150387,0.4615524501657201,0.4719440212693793,0.46112962693267,0.0,0.44354882142600455,0.48107973298892115,0.4629947521772725,0.4706205144968668,0.4428695026563204,0.45432732782474305,0.4529638783668852
0.3850139280102425,0.3910622347251481,0.0,0.0,0.0,0.3714700348177202,0.37732375418174635,0.4868344789135053,0.4137598621695579,0.3095445084474314,0.0,0.2792693839177815,0.3884757757976992,0.0,0.3856606419461218,0.40638849171009606,0.357774387376206,0.3809474703737951,0.0,0.3888082156894509,0.41985882691324766,0.39499276250330667,0.3587448726335547,0.2502218174541843,0.3525639165346297,0.38038436519832275,0.35257773772142853,0.35913843326804984,0.3422443671233355,0.3556335822710747,0.3454405409439914,0.33289427377394304,0.0,0.299125506663552,0.46098003093897866,0.3398413576839087,0.2865165035680007,0.21993820717410514,0.3093480800622254,0.28649417321605664,0.289120112736741,0.3377903243880823,0.35644193303864696,0.33866400118447343,0.2630691082279475,0.4725698425958104,0.4614758341929,0.0,0.0,0.0,0.0,0.0,0.0,0.0,0.3808057541830818,0.0,0.39712260646112163,0.4960651967624811,0.0,0.48386026283367306,0.4376491351877796,0.35753504351039556,0.4171138034260645,0.0,0.46748264925563077,0.0,0.4887179036519947,0.44340310178382797,0.31244843019222623,0.42053822480546443,0.44469335147449174,0.38840586790555615,0.43740426609264865,0.0,0.0,0.4060370222049953
0.3771205116771133,0.38801981357531773,0.44293447626529603,0.298479893538885,0.3926692837260488,0.41675839144880034,0.39848620648504485,0.41333029154251116,0.4424012669671499,0.31923998318705615,0.43383698434141,0.30195022269242694,0.42096165711409833,0.0,0.41653751623732804,0.39810749091110426,0.36468749645183257,0.3963753351631067,0.4438692769693521,0.42215124871728843,0.42525064897004267,0.4126699035255819,0.42390640447936245,0.31497289993700156,0.37277465484094136,0.38867583256580046,0.41005515147910343,0.38480034116518896,0.3963084345976564,0.37275553064219785,0.3138953346706543,0.3722180968797142,0.299125506663552,0.0,0.3230836214691525,0.3369249664696947,0.2828304741565331,0.2471424943033934,0.3391696150498178,0.34816003122954187,0.3675498457616469,0.3047604630921874,0.36457237503930645,0.3328374094990263,0.2851374385135074,0.45753280245672956,0.4528700361998707,0.6691107754443011,0.0,0.0,0.5079987127201373,0.0,0.475303370071518,0.0,0.40311480879742284,0.0,0.3916578893082251,0.0,0.0,0.48099611802160913,0.43832987043141414,0.0,0.4319145865794585,0.0,0.4466139381687722,0.4776226263034593,0.49381689151250013,0.49309093683486266,0.36176646183033995,0.4335499341230103,0.4688615984628667,0.4801506636258715,0.0,0.47566736735330056,0.0,0.504140599519907
0.4493538553800486,0.444464320157545,0.4218289225037182,0.2852612889408038,0.24375278802006722,0.4070206371557347,0.32370575316824085,0.41902996758870004,0.43329203006456185,0.3526232166175393,0.40344100728086135,0.3449252306934053,0.3803865266495393,0.0,0.4690637623526153,0.487058127837618,0.4312651592436769,0.4418618403851358,0.4103803440293219,0.48043085603368396,0.4749630550797972,0.48165043126109863,0.42797974270281225,0.4408947022523442,0.432318372335464,0.45126768541435935,0.42137559832062604,0.32966565721248003,0.4204618410949489,0.4371772819322021,0.4595778995344152,0.38402475488180526,0.46098003093897866,0.3230836214691525,0.0,0.3946594851976021,0.39372478498756225,0.34096063192325915,0.33334752010533775,0.3678559038483667,0.37878428141018133,0.3949620620773278,0.3640433642876785,0.3525601803497083,0.33996877531357383,0.47962407079261055,0.4918509634461234,0.0,0.0,0.0,0.0,0.0,0.44624795803668155,0.0,0.0,0.0,0.3247636360859853,0.0,0.0,0.5132720726203153,0.47561204259234097,0.0,0.47401940130582776,0.0,0.4940511942550325,0.5167064898266743,0.5237266572946363,0.4819572066340555,0.0,0.4713810778539038,0.5026600751276017,0.4764031110501162,0.412693495329437,0.5020342744462556,0.0,0.0
0.0,0.0,0.40346538039074553,0.1843496649481934,0.22559142767913598,0.4005285833928989,0.31984050738541187,0.274331821172316,0.4138715686474753,0.3440408073416753,0.2785888757639551,0.3234592118098209,0.32985877917716677,0.19430658003541038,0.42370615540947587,0.0,0.418332975397965,0.44715551709159007,0.3814864990762827,0.4816697447923912,0.4074140838837469,0.4911924546744107,0.37902156482806804,0.41704952949451846,0.46025038370595717,0.394051375169238,0.41438837477089274,0.23924964976062219,0.4311902233242029,0.0,0.45118171344213787,0.24681727648942542,0.3398413576839087,0.3369249664696947,0.3946594851976021,0.0,0.21227957720611154,0.3180852807166562,0.28690559615056754,0.0,0.29764174790104025,0.33783734356752304,0.26927214405876765,0.31290698521363514,0.0,0.0,0.0,0.4329290544248437,0.0,0.0,0.4430162199019668,0.0,0.2623781765257955,0.5214251682724313,0.0,0.3763265469976673,0.2991002321161536,0.4566824390105595,0.283106734385011,0.0,0.0,0.0,0.0,0.42768718071834677,0.0,0.0,0.0,0.4624391164082233,0.0,0.0,0.0,0.4551263876083047,0.45898571842737557,0.46882508286947533,0.0,0.4431508343680405
0.0,0.0,0.4379019789700636,0.17269139446910553,0.21682275520615008,0.40721687682123703,0.3207752740673072,0.0,0.4261609761105135,0.300571857133147,0.41042045136910993,0.31139913456889545,0.3573743631003802,0.16881071334407416,0.0,0.0,0.0,0.0,0.4268615519473936,0.4146178789426925,0.0,0.4575968907377358,0.42580742362123314,0.2735550587520714,0.7027868810281718,0.0,0.4012339880061514,0.2387928553569227,0.4158018115093507,0.0,0.39452517702904744,0.3064451530207893,0.2865165035680007,0.2828304741565331,0.39372478498756225,0.21227957720611154,0.0,0.3054959542188568,0.25833374173458945,0.0,0.29798453426828136,0.32501883262804754,0.31986424573679784,0.2799709305278298,0.0,0.0,0.0,0.0,0.0,0.0,0.0,0.0,0.0,0.0,0.0,0.0,0.2610680003040048,0.0,0.0,0.0,0.0,0.0,0.0,0.0,0.0,0.0,0.0,0.5713984846782594,0.0,0.0,0.0,0.610969575009615,0.41353229771379774,0.0,0.0,0.0
0.4662309872503847,0.0,0.0,0.0,0.0,0.0,0.43628994194254006,0.0,0.4398620789816181,0.3114615714992404,0.0,0.2670702540355159,0.42026731853559296,0.0,0.0,0.0,0.34453995594460773,0.0,0.0,0.0,0.0,0.0,0.0,0.2749773725894699,0.3349179128666901,0.3321923068519518,0.0,0.3755133188907728,0.0,0.0,0.33715654816786705,0.2822950764659553,0.21993820717410514,0.2471424943033934,0.34096063192325915,0.3180852807166562,0.3054959542188568,0.0,0.23995824388664425,0.2726682858198113,0.27984763659037554,0.2431411533128787,0.2654206222671483,0.0,0.2566043617486856,0.0,0.0,0.0,0.0,0.0,0.0,0.0,0.0,0.0,0.3705773758318754,0.0,0.3758371339748856,0.0,0.0,0.0,0.0,0.0,0.0,0.0,0.0,0.0,0.0,0.0,0.300593943111626,0.0,0.4531294790250682,0.0,0.41623791862683623,0.0,0.0,0.38311363099665274
0.4402307216690448,0.4692595270493687,0.5040303059675372,0.2604828631557917,0.4028771412611116,0.48188127544061615,0.0,0.38773012848277427,0.4979270818372207,0.43595095671549916,0.4087880241749195,0.2543489761819479,0.4945341763013852,0.21295087210671637,0.4556744149622251,0.45214386120580097,0.43054665719835145,0.38453422132338455,0.47474316496990365,0.44551219657993996,0.4733846833010833,0.476480764203679,0.48108955965589373,0.28457357273129136,0.4524865719840604,0.46674600548030204,0.4760998232438304,0.46566667898072145,0.4497959633991226,0.0,0.4374379302583357,0.30409232536991704,0.3093480800622254,0.3391696150498178,0.33334752010533775,0.28690559615056754,0.25833374173458945,0.23995824388664425,0.0,0.33712017339107336,0.38812548779409706,0.3563173914819117,0.2779714034417313,0.3313530205558741,0.2776163986660185,0.42837232958576177,0.40789183410562324,0.39488580505626186,0.3037127278758969,0.3377029975606351,0.38493884975460907,0.37732951773389156,0.3826509652524773,0.4203993000569369,0.33961487419187075,0.34986273668722273,0.2574730187536616,0.40453520103381235,0.23904549732360353,0.39909624813063466,0.42016377305247715,0.41940601202704036,0.42719350211759993,0.3913097790914976,0.4099907901902394,0.3998944861791453,0.4161844501453454,0.386279382967147,0.31882972706539303,0.40965815125312444,0.4156278927632546,0.39257663591537306,0.38730933768826403,0.3889097015252815,0.3527907240838192,0.395520234895244
