0.0,0.382875315848146,0.0,0.0,0.0,0.45178084747253555,0.0,0.4720253543080573,0.0,0.3774274818205583,0.0,0.3458896181516782,0.501778961936119,0.47133648920134913,0.3614532056427625,0.40704047907483365,0.3787762451577745,0.3679833071333552,0.0,0.0,0.37523947628749693,0.4469556844501333,0.4414243522767606,0.324583425073955,0.3572350041133864,0.375383487911523,0.4434545830106818,0.464331532264259,0.0,0.0,0.3662906746024539,0.4115460269202836,0.3440081909091316,0.3634680391510476,0.4133248767338219,0.4900044770320331,0.0,0.4203822181971843,0.4563041678954467,0.47093499190010546,0.4518453546609108,0.0,0.0,0.0,0.0,0.37987905624610374,0.4763928642078646,0.0,0.0,0.0,0.0,0.0,0.0,0.0,0.4493124498451727,0.0,0.4367158993351731,0.0,0.0,0.0,0.4726997675095662,0.0,0.46546060294095865,0.0,0.0,0.4698564122295741,0.5035399570201462,0.0,0.0,0.4583867349247974,0.45473209720209473,0.0,0.0,0.0,0.0,0.0
0.382875315848146,0.0,0.46246783053748586,0.0,0.4212005567798747,0.3885218132522034,0.4344945962549252,0.45238029625337467,0.3956073776063703,0.0,0.0,0.0,0.4348097259454029,0.4036385578871939,0.45048932752039145,0.41881544768295914,0.47906955530093354,0.4068893272110289,0.0,0.43047169355833437,0.4165853591972707,0.39150310005894307,0.4366026931750295,0.0,0.3548004272126821,0.36637443136929226,0.4238245619271111,0.43884339555419194,0.4349102361442951,0.41883796985392296,0.34310131890071577,0.4043045888893222,0.35637998958875367,0.356549418962853,0.4133700001119883,0.0,0.0,0.0,0.47902884582049554,0.4596054480067958,0.48287286969252463,0.4817651105838429,0.0,0.0,0.0,0.45956937615701965,0.49911267141037363,0.0,0.0,0.0,0.49864398563331735,0.7365203318092104,0.5782639677179269,0.6876971287136984,0.0,0.0,0.0,0.6957164109831309,0.0,0.5253595267820262,0.4661869833289688,0.6676332511881191,0.463153532456605,0.0,0.47359061348979503,0.5092681473654285,0.5101824850911065,0.5019685292392987,0.0,0.46927453027444704,0.4927448875443402,0.49188866121334585,0.6849736121438234,0.4809646176949477,0.0,0.44550060083737475
0.0,0.46246783053748586,0.0,0.43321472498473257,0.3746342356748885,0.32487552188058766,0.41745742226770866,0.41811240718617604,0.2990913325446394,0.47375228180336304,0.27922562582462157,0.5246239775581788,0.44090385978324853,0.3598585981078665,0.0,0.0,0.0,0.0,0.21458676745326455,0.0,0.0,0.0,0.25347778392766135,0.568277692528091,0.0,0.0,0.2859286331937746,0.44239471262909186,0.0,0.0,0.4535603403254427,0.4170265932710858,0.452241630797229,0.4574577581480886,0.4425873234562395,0.4071987296576528,0.4406845046655101,0.5499860554749317,0.5022056367660562,0.0,0.6190368102424744,0.0,0.4736207330340686,0.0,0.0,0.0,0.0,0.36113992072967926,0.0,0.560373757735722,0.5668825584896657,0.5559075363376528,0.5399780824857229,0.48712213900130785,0.0,0.3239457658763076,0.0,0.5492595999424099,0.47992932142330663,0.0,0.0,0.0,0.0,0.20500211030409213,0.0,0.0,0.0,0.5448421652669538,0.0,0.0,0.0,0.5520468841439041,0.5680730961999236,0.0,0.0,0.0
0.0,0.0,0.43321472498473257,0.0,0.26818581135227226,0.4185609808457436,0.2687284199710506,0.3543405488404484,0.41777068665155553,0.27160546654331286,0.38119477066781143,0.29481430513860474,0.29202769247832017,0.3007949674238259,0.0,0.0,0.0,0.0,0.4225052253918437,0.48914677026567516,0.0,0.47160548100292937,0.3928102050354799,0.0,0.0,0.0,0.4345985708967339,0.2657638691033417,0.5115855897971316,0.0,0.415921043863529,0.3603838040759269,0.26792505538508216,0.30742926342290355,0.38056875086980346,0.24489178175645188,0.20435188290653514,0.0,0.0,0.0,0.0,0.0,0.389033656769799,0.0,0.0,0.0,0.0,0.0,0.0,0.0,0.0,0.0,0.0,0.0,0.0,0.0,0.0,0.0,0.0,0.0,0.0,0.0,0.0,0.0,0.0,0.0,0.0,0.0,0.0,0.0,0.0,0.0,0.0,0.0,0.0,0.0
0.0,0.4212005567798747,0.3746342356748885,0.26818581135227226,0.0,0.37310163214350933,0.32423606748901584,0.38596338960637117,0.31868161066774836,0.42641737561000803,0.2955748772171365,0.39080514675683126,0.37634187059223445,0.3206431831686282,0.0,0.48198301384465225,0.5161824080750808,0.506649461485629,0.348545478332463,0.0,0.0,0.0,0.3900117562509273,0.43957931326478106,0.4201471297350784,0.4792769560573249,0.3975615045042348,0.39250669132672084,0.42040623744535055,0.0,0.4489697361237495,0.3549507109402559,0.3855583587248357,0.4268240946768252,0.32478983941111134,0.27390738624774646,0.29977801195347625,0.4062519616757412,0.52238810217689,0.0,0.0,0.0,0.43199132880394786,0.0,0.0,0.0,0.0,0.5507694356402307,0.0,0.5591044960005274,0.5681426164143055,0.6164634742110982,0.4912822359984484,0.5705980841704338,0.0,0.4170504552972422,0.0,0.6880087233551941,0.4516049980954551,0.0,0.0,0.0,0.0,0.49160777961166663,0.0,0.0,0.0,0.5269963514940147,0.0,0.0,0.0,0.5487091963776686,0.6652538577366505,0.6686717947172688,0.0,0.0
0.45178084747253555,0.3885218132522034,0.32487552188058766,0.4185609808457436,0.37310163214350933,0.0,0.4018629723684606,0.45509605191499514,0.33643383164441426,0.44736101574474985,0.3718337853610818,0.4626780303559353,0.36492498183111566,0.4398848431558065,0.44581052054623166,0.4444790647969327,0.0,0.44032346621651947,0.3573277115477362,0.3967495371751561,0.4358920816812706,0.4174223475941288,0.3907378134476228,0.5179441315604869,0.38657503793829584,0.42645030058154426,0.3644619002068128,0.36903961919364353,0.38090122605338117,0.4186804284603092,0.44345102796406566,0.41802731143675304,0.3929993948089188,0.4498228620157973,0.453789075304513,0.43480434749155983,0.43171747792127635,0.4477049701599135,0.4449183254521475,0.5460895255469269,0.5196638127809025,0.4723496459340825,0.521164782057743,0.0,0.0,0.0,0.53136383160216,0.5632060752471467,0.0,0.5852119651266305,0.5447164803936514,0.5444569280770832,0.5041349025748145,0.5663715409681103,0.0,0.5460764254175756,0.0,0.5271325615151247,0.5938819581203814,0.5083922590290327,0.6202062265901536,0.0,0.0,0.5132365312442914,0.4918126298990693,0.5049848670545577,0.49062429867028545,0.5370950818317745,0.0,0.600163860659292,0.5208049312027934,0.536234188332785,0.5104164175023047,0.5158167853895235,0.0,0.5202212273407192
0.0,0.4344945962549252,0.41745742226770866,0.2687284199710506,0.32423606748901584,0.4018629723684606,0.0,0.4461685853287933,0.37924038997790194,0.3898932204061323,0.4119438686415538,0.376836793445354,0.30336163244064557,0.33764973258611847,0.0,0.4767606784740925,0.45852357452247705,0.4673667526646418,0.42714488317644156,0.45181288585981516,0.48165208103750246,0.4721320522388949,0.4330105822912689,0.3524682439700743,0.4315036036176042,0.43801978448862927,0.43177782001440146,0.3971975510808712,0.44648740880588517,0.0,0.41372763058352674,0.39154746542737684,0.38358829530018473,0.409128300390011,0.3119090323401442,0.29465892909610786,0.28741594317802205,0.3518057509119975,0.5649535994433688,0.4278727628144635,0.6813161000560304,0.7030739107685702,0.5001693127579601,0.8485728138952549,0.0,0.0,0.6792399875863582,0.5903934807486415,0.0,0.7022481940279086,0.5590916288013461,0.6325168303386617,0.5340713387735635,0.6192817268965249,0.0,0.5555052496830495,0.3276877191118895,0.6606025113787145,0.5591197438928488,0.7725490692231216,0.9864949748982187,0.0,0.0,0.6019039341101358,0.6574108460802338,0.0,0.6811231314784678,0.5221217662737926,0.0,0.8320331455409283,0.6839078010726702,0.5322656208664122,0.6374566207112999,0.6184261625405798,0.0,0.7252092563354751
0.4720253543080573,0.45238029625337467,0.41811240718617604,0.3543405488404484,0.38596338960637117,0.45509605191499514,0.4461685853287933,0.0,0.44390017083746997,0.0,0.28420788329127394,0.0,0.4454822791995399,0.3236786084622134,0.38808066032596533,0.48073348568549484,0.0,0.4648519539818371,0.3290050467469248,0.4253627605448941,0.3892291654096934,0.4185367230132024,0.3789079803080236,0.4783534425960728,0.44001073649014344,0.46917656486564197,0.45251151130860623,0.4286580232568217,0.41175809863108465,0.4148749567269016,0.44222746877874464,0.3447110038193637,0.3405422872054722,0.44705063701200565,0.4578748498542059,0.26181622612174826,0.0,0.0,0.4312525205629187,0.0,0.4670713755416017,0.0,0.4556310780027002,0.0,0.0,0.0,0.0,0.5127056489378116,0.0,0.0,0.500460080166279,0.49230532521132137,0.39716692223447475,0.5220332377013047,0.0,0.46890307481311666,0.0,0.4870666570702028,0.4081022684863569,0.5124820069995442,0.0,0.0,0.0,0.45939056925541066,0.48204267023072633,0.4721872026422762,0.0,0.48306442655020326,0.0,0.0,0.0,0.5066786729116649,0.48456843550332057,0.5012228298567442,0.0,0.4697278619262121
0.0,0.3956073776063703,0.2990913325446394,0.41777068665155553,0.31868161066774836,0.33643383164441426,0.37924038997790194,0.44390017083746997,0.0,0.4565331897682001,0.30334709690568085,0.4605684893189579,0.4002309442551987,0.3773352102501015,0.0,0.4752685389449158,0.5943200080052894,0.5796200072779369,0.2644764212087524,0.3559005793886344,0.0,0.40136712964122306,0.38191643412099274,0.48519089956093675,0.4638810288693028,0.46242397634774046,0.3651652442876429,0.446611732250576,0.4019410950241337,0.46931212954468826,0.4587724910065934,0.42608988618544774,0.41197655950984946,0.45343130934430725,0.44909080147260383,0.4260402034054883,0.43317598017360626,0.4372618366136174,0.5093960949434689,0.0,0.677747426551152,0.7136513312415824,0.47050151955329145,0.0,0.0,0.0,0.0,0.4973024239467631,0.0,0.5605329589558546,0.558923617147395,0.5712698558437553,0.5278034120294001,0.5642738161359746,0.0,0.4554468828183611,0.44447480178375387,0.5742338026158886,0.475309258309649,0.0,0.0,0.0,0.0,0.36967495235928216,0.6017154811155607,0.0,0.8070741894156513,0.5506537080885294,0.4362060579266714,0.0,0.7876610925553703,0.5565185772438792,0.5946830656303672,0.6101259864837769,0.0,0.6633382356472194
0.3774274818205583,0.0,0.47375228180336304,0.27160546654331286,0.42641737561000803,0.44736101574474985,0.3898932204061323,0.0,0.4565331897682001,0.0,0.45109069252501316,0.27894632187768464,0.4045079559114845,0.3992870178709238,0.0,0.4046886390341999,0.3189087712969328,0.35522101429696434,0.4654380597479731,0.46407597744577783,0.0,0.4802618476029241,0.453004598776073,0.28840958732150124,0.3412638537759358,0.3349894432797147,0.4567236679693007,0.37305932875954406,0.48929011400045286,0.48553752952676277,0.30801352644776603,0.30715217775719894,0.30736986054011617,0.32359995717560297,0.2945493112976617,0.28122151214085567,0.21682967461698163,0.27886013218141076,0.28524453082427303,0.3557319368323929,0.2675794406096952,0.24327756833012298,0.23937070317362105,0.27362079863014416,0.3448585468035927,0.0,0.0,0.0,0.0,0.0,0.0,0.0,0.0,0.0,0.43775961905430993,0.0,0.43456982926255155,0.45054455702643503,0.0,0.0,0.0,0.4462169758582064,0.4353125919292966,0.0,0.0,0.0,0.0,0.0,0.4110254115226197,0.4635734887992374,0.4594111096495415,0.0,0.41688010520825436,0.0,0.0,0.4192014458137387
0.0,0.0,0.27922562582462157,0.38119477066781143,0.2955748772171365,0.3718337853610818,0.4119438686415538,0.28420788329127394,0.30334709690568085,0.45109069252501316,0.0,0.4428297875687823,0.4369705470171413,0.28307684291384155,0.0,0.0,0.5383932704698202,0.587169109576901,0.22084324634627997,0.0,0.0,0.0,0.25349379296863045,0.4271337535410406,0.0,0.5939110385937931,0.3571354464199644,0.425340287409517,0.0,0.0,0.43754799179716275,0.3918305798068351,0.4231708170332303,0.43536177429716744,0.4081129071018505,0.370605178621332,0.41121853225156546,0.4352853929937546,0.4434720332627164,0.0,0.0,0.0,0.43682103568444647,0.0,0.0,0.0,0.0,0.35715693925928005,0.0,0.4296710820146909,0.538768519134099,0.0,0.4456925641378593,0.4663110924291753,0.0,0.23897385292202522,0.0,0.49881735145917505,0.4376363561956301,0.0,0.0,0.0,0.0,0.19494264814728496,0.0,0.0,0.0,0.504213337414943,0.0,0.0,0.0,0.5246603150112568,0.5331106155968686,0.4675983269061478,0.0,0.0
0.3458896181516782,0.0,0.5246239775581788,0.29481430513860474,0.39080514675683126,0.4626780303559353,0.376836793445354,0.0,0.4605684893189579,0.27894632187768464,0.4428297875687823,0.0,0.3957586789299987,0.0,0.0,0.0,0.36415680529256395,0.3816011022419116,0.4842808970072824,0.0,0.0,0.0,0.5064458714901567,0.25009595409155494,0.36370545584760505,0.32607049280452716,0.4910684585024018,0.38042861378272125,0.0,0.0,0.33401874595858844,0.26200112261609054,0.2992623362497177,0.2714734445916616,0.2920636109097338,0.285648198602327,0.2603228660651262,0.23066256709869723,0.23840608088388746,0.367368816807313,0.2667025560893405,0.22292507099826672,0.28111790904890127,0.0,0.3719614214675222,0.0,0.0,0.0,0.0,0.0,0.0,0.0,0.0,0.0,0.4357596878038136,0.0,0.41478803306876083,0.44873951952354685,0.0,0.0,0.0,0.4527725189362863,0.4432444295227296,0.0,0.0,0.0,0.0,0.0,0.4072146657876719,0.4679102862629014,0.45262153417066553,0.0,0.42636709173168974,0.0,0.0,0.41035018150088154
0.501778961936119,0.4348097259454029,0.44090385978324853,0.29202769247832017,0.37634187059223445,0.36492498183111566,0.30336163244064557,0.4454822791995399,0.4002309442551987,0.4045079559114845,0.4369705470171413,0.3957586789299987,0.0,0.36632880174014637,0.0,0.47918970790690524,0.4369860819677798,0.4445315270091927,0.4501566326100616,0.4375174876876222,0.47150761400522523,0.4697693365545303,0.43885320735268785,0.411201556415369,0.43459815354271586,0.4285221960395778,0.44063714694102313,0.3476789207604101,0.41063805356397665,0.40534599862846626,0.41153900682208544,0.4063494619382224,0.3907239658150794,0.41001096644917817,0.3715223632146255,0.33074664972070794,0.32262312266970594,0.3781645809301245,0.4295171072604924,0.4952685645819096,0.5206465261852761,0.48982067044728184,0.5054450350906705,0.0,0.0,0.0,0.6717015575091831,0.5790076434770919,0.0,0.8295536012087432,0.5343224760595355,0.607983533612358,0.49014828388719955,0.6254104278592083,0.4733147427929786,0.5333737166808528,0.36178757507780124,0.6056055754192491,0.0,0.5991220375315105,0.7873830057069727,0.0,0.0,0.5908490473358459,0.5340608384932414,0.0,0.5987469271123995,0.5162226918252808,0.0,0.6084246080781119,0.5914440391100366,0.5161612477714367,0.568052585557392,0.5360638203898151,0.0,0.6080152844284772
0.47133648920134913,0.4036385578871939,0.3598585981078665,0.3007949674238259,0.3206431831686282,0.4398848431558065,0.33764973258611847,0.3236786084622134,0.3773352102501015,0.3992870178709238,0.28307684291384155,0.0,0.36632880174014637,0.0,0.0,0.0,0.0,0.0,0.3222086714568591,0.0,0.41691246802772464,0.0,0.3734849101174808,0.0,0.5246939908702344,0.5076859863488539,0.4256965905409246,0.36242731910506026,0.0,0.0,0.0,0.31202046658941257,0.0,0.39385599392325327,0.3065030967193046,0.27236040633263675,0.2132045746544246,0.0,0.3485190322085423,0.0,0.0,0.0,0.4048854945510725,0.0,0.0,0.0,0.0,0.5029716109581491,0.0,0.4289709949814869,0.5715980334493734,0.0,0.45593915182307565,0.4972093534482776,0.0,0.43695178818536956,0.0,0.0,0.0,0.0,0.0,0.0,0.0,0.0,0.0,0.0,0.0,0.5021248454732785,0.0,0.0,0.0,0.5358760388011892,0.0,0.0,0.0,0.0
0.3614532056427625,0.45048932752039145,0.0,0.0,0.0,0.44581052054623166,0.0,0.38808066032596533,0.0,0.0,0.0,0.0,0.0,0.0,0.0,0.4580644415797585,0.5079793021164255,0.4140010847271735,0.0,0.3164578854473296,0.401914328969136,0.36635320030461566,0.36634874512618265,0.0,0.39083135692050014,0.3538539968550963,0.4032495434666803,0.4502644477924746,0.43385475060906686,0.0,0.4344290265044367,0.4565755179804512,0.4459670730927293,0.4663586773151049,0.5056983184514834,0.5378113610211409,0.0,0.0,0.49667089327919256,0.5512796853925969,0.5230339251624969,0.5589180164692911,0.0,0.0,0.0,0.0,0.5218382194665807,0.0,0.0,0.0,0.506313953052985,0.0,0.439836774572194,0.4843734032529793,0.0,0.0,0.0,0.580227761115429,0.0,0.5284646794403303,0.5188343133976513,0.0,0.0,0.0,0.4701876175576399,0.5245053846387099,0.5375801640343937,0.4953676130566234,0.0,0.5312109540722055,0.5547621907592107,0.493930520169471,0.5116942392859851,0.48409989805464226,0.0,0.5135141653770298
0.40704047907483365,0.41881544768295914,0.0,0.0,0.48198301384465225,0.4444790647969327,0.4767606784740925,0.48073348568549484,0.4752685389449158,0.4046886390341999,0.0,0.0,0.47918970790690524,0.0,0.4580644415797585,0.0,0.39292025259449337,0.3607458840887676,0.0,0.40431682536969865,0.41803437064165844,0.3913811884365885,0.45736194118216256,0.4106496583359737,0.38855065178302367,0.42345324595677425,0.44744194056912273,0.4497698127032889,0.4345043999818053,0.4386308609546629,0.38232284474471906,0.44251271151350424,0.3839096233888103,0.39819063220317125,0.4364255761034451,0.0,0.0,0.0,0.47613560426488943,0.4451232406234279,0.44875976221331676,0.4482821651292396,0.0,0.0,0.0,0.48263105632863507,0.4800730991882257,0.0,0.0,0.0,0.6187724961878887,0.0,0.0,0.0,0.0,0.0,0.599321362018198,0.7243889311606964,0.0,0.5097475272442356,0.45636760453462066,0.6484237258506572,0.4743273565598564,0.0,0.49489430268254087,0.5069566023098699,0.47790460914572314,0.6116351829159306,0.0,0.462158134965564,0.46892486840371866,0.5691226453061151,0.0,0.519673887247226,0.0,0.4421091115400277
0.3787762451577745,0.47906955530093354,0.0,0.0,0.5161824080750808,0.0,0.45852357452247705,0.0,0.5943200080052894,0.3189087712969328,0.5383932704698202,0.36415680529256395,0.4369860819677798,0.0,0.5079793021164255,0.39292025259449337,0.0,0.3041061177403933,0.6212404115426631,0.4125647186820568,0.0,0.4096344961871658,0.5988108859398907,0.37170610215798755,0.3202566007010811,0.3710862944330084,0.0,0.4167729901993429,0.4796397383147972,0.0,0.32611825454736476,0.4158153992189121,0.36101240669371204,0.3619020297455798,0.3501874497659021,0.4106600480618471,0.0,0.32799222727014776,0.0,0.3854083190708603,0.0,0.0,0.0,0.0,0.0,0.43428126233506026,0.0,0.0,0.0,0.0,0.0,0.0,0.0,0.0,0.4608251698172665,0.0,0.457689742302596,0.0,0.0,0.0,0.49192813259169443,0.4613478485394163,0.44260453343112194,0.0,0.0,0.0,0.0,0.0,0.45733495432680127,0.48228071249690574,0.4707669257395669,0.0,0.0,0.0,0.0,0.0
0.3679833071333552,0.4068893272110289,0.0,0.0,0.506649461485629,0.44032346621651947,0.4673667526646418,0.4648519539818371,0.5796200072779369,0.35522101429696434,0.587169109576901,0.3816011022419116,0.4445315270091927,0.0,0.4140010847271735,0.3607458840887676,0.3041061177403933,0.0,0.0,0.40545429198781596,0.40260811426840987,0.41898834635129123,0.43893032752831007,0.36444709751898396,0.33737725524558027,0.38473813418363045,0.42575441801942754,0.4266484395366536,0.43028081144604907,0.4316753323063788,0.373832964650062,0.422093670166118,0.36694913301915477,0.37877777293359005,0.39196625730292994,0.0,0.0,0.3829687746737199,0.44149267077058174,0.45164110114566364,0.469664715471019,0.0,0.0,0.0,0.0,0.3966305007839116,0.46966173857429183,0.0,0.0,0.0,0.8198668346958656,0.0,0.0,0.0,0.4533067852850322,0.0,0.4474358682618074,0.0,0.0,0.0,0.44830064895647964,0.4544258448344407,0.44354592651958846,0.0,0.0,0.0,0.45948720196090276,0.0,0.42393329343611214,0.4510868023443075,0.45839186769509543,0.0,0.0,0.621220884158932,0.0,0.4378909807365917
0.0,0.0,0.21458676745326455,0.4225052253918437,0.348545478332463,0.3573277115477362,0.42714488317644156,0.3290050467469248,0.2644764212087524,0.4654380597479731,0.22084324634627997,0.4842808970072824,0.4501566326100616,0.3222086714568591,0.0,0.0,0.6212404115426631,0.0,0.0,0.0,0.0,0.0,0.2147592462929997,0.5525506920101821,0.0,0.0,0.3200743689853832,0.4368658563085685,0.0,0.0,0.45104563428168665,0.4024043903412827,0.44670919302481293,0.447779714145228,0.4269390525667396,0.4104850011065778,0.4327311554893006,0.0,0.4622851688072609,0.0,0.0,0.0,0.45064888456021,0.0,0.0,0.0,0.0,0.28307897945761007,0.0,0.49295452439871257,0.5382262446460483,0.5398242066604668,0.46790905715289094,0.4229061891835571,0.0,0.19738898034010327,0.0,0.5761647626016602,0.4443472167976007,0.0,0.0,0.0,0.0,0.20178685551034609,0.0,0.0,0.38751945485070405,0.5237187550842418,0.0,0.0,0.0,0.5371418008858022,0.654827324864646,0.5255267105834703,0.0,0.0
0.0,0.43047169355833437,0.0,0.48914677026567516,0.0,0.3967495371751561,0.45181288585981516,0.4253627605448941,0.3559005793886344,0.46407597744577783,0.0,0.0,0.4375174876876222,0.0,0.3164578854473296,0.40431682536969865,0.4125647186820568,0.40545429198781596,0.0,0.0,0.3925795839706053,0.3510261418437616,0.229843225089283,0.0,0.42319138651841254,0.4458365907463583,0.34528679608298796,0.3865736006713185,0.31966130086012984,0.3629967076716182,0.3757942860261145,0.4299057118305286,0.3824903032038948,0.4222313507644763,0.4714384571904173,0.5113469838190053,0.47357789793118216,0.0,0.4767000477975778,0.4716959602966479,0.4664571072727521,0.45970411455209975,0.602616640741913,0.0,0.0,0.0,0.4912314673256562,0.0,0.0,0.0,0.5086519202130606,0.7299706678881899,0.4910642877273106,0.0,0.0,0.0,0.0,0.5610310694258198,0.0,0.4864300999625739,0.5667130467341808,0.0,0.0,0.0,0.46971537917360395,0.47168557736158284,0.48534283395782635,0.4971904698740177,0.0,0.5763229328255054,0.5097337857344861,0.49582128652066665,0.5016904375015625,0.48514382580021703,0.5862427082506496,0.49356928511633347
0.37523947628749693,0.4165853591972707,0.0,0.0,0.0,0.4358920816812706,0.48165208103750246,0.3892291654096934,0.0,0.0,0.0,0.0,0.47150761400522523,0.41691246802772464,0.401914328969136,0.41803437064165844,0.0,0.40260811426840987,0.0,0.3925795839706053,0.0,0.43351744790869573,0.38726187522038347,0.4330251255604884,0.383779102973233,0.41481780521119227,0.414520216858189,0.44756684175512756,0.40505639002525823,0.0,0.3742506695087346,0.4319107029939169,0.41236543088853866,0.4205387442501638,0.4847683588014608,0.439514105707844,0.0,0.0,0.4473723017245069,0.5107488710700581,0.4856557758323024,0.0,0.0,0.0,0.0,0.38765022455887027,0.5001790915291683,0.0,0.0,0.0,0.48692106144795755,0.0,0.42364310389339577,0.0,0.0,0.0,0.0,0.5253121293961711,0.0,0.5046691686987489,0.4856452269081923,0.0,0.0,0.0,0.477923356578057,0.441282279175456,0.5117837964642662,0.48150140173715045,0.0,0.49494916730509786,0.5274500239705442,0.4853474967186878,0.4852015778766925,0.4814308371245525,0.0,0.47465975792361925
0.4469556844501333,0.39150310005894307,0.0,0.47160548100292937,0.0,0.4174223475941288,0.4721320522388949,0.4185367230132024,0.40136712964122306,0.4802618476029241,0.0,0.0,0.4697693365545303,0.0,0.36635320030461566,0.3913811884365885,0.4096344961871658,0.41898834635129123,0.0,0.3510261418437616,0.43351744790869573,0.0,0.44514389719680386,0.0,0.42193644542499714,0.4299637195222606,0.44119252658183156,0.44500456670295346,0.399041334598551,0.3886616466299428,0.3898883357530321,0.4529540975536034,0.4120811527926546,0.4357827901626049,0.4954591486754134,0.5367877609212232,0.487205992555899,0.0,0.4843951945824554,0.4770470656238479,0.4774507878126233,0.4697192855284698,0.45644611977623384,0.0,0.0,0.494353780065298,0.4965678698906684,0.693149065544781,0.0,0.0,0.494031662373468,0.8617518311424341,0.4516673284688488,0.8634983902109407,0.0,0.0,0.0,0.6582633852822383,0.0,0.5354472022446496,0.4695744992390925,0.0,0.5059056704548651,0.0,0.5131105793118562,0.5353600062219396,0.5156739807999071,0.5018928872842252,0.0,0.47092347225579145,0.5284480395634217,0.49857532584058606,0.5585967469155138,0.4873857427517302,0.0,0.47595041554859324
0.4414243522767606,0.4366026931750295,0.25347778392766135,0.3928102050354799,0.3900117562509273,0.3907378134476228,0.4330105822912689,0.3789079803080236,0.38191643412099274,0.453004598776073,0.25349379296863045,0.5064458714901567,0.43885320735268785,0.3734849101174808,0.36634874512618265,0.45736194118216256,0.5988108859398907,0.43893032752831007,0.2147592462929997,0.229843225089283,0.38726187522038347,0.44514389719680386,0.0,0.47109193512990966,0.4273725277727648,0.45086296818390226,0.33382980320522915,0.4329019339215136,0.413454715670788,0.42796323555065996,0.4362075174461839,0.4160175414639321,0.3959533843303099,0.4500957640051065,0.45736165037478843,0.4135188619566294,0.4257613080639892,0.5247984292791841,0.4994513257746073,0.4477967701594693,0.533235196478323,0.517398019175345,0.4930668968806059,0.5544453252937347,0.0,0.0,0.5089017600015524,0.5289956391376135,0.0,0.5447774228292392,0.5411303191294125,0.5272047686429686,0.4820450887528367,0.5533951531726321,0.0,0.5015843485354113,0.0,0.5150588166963679,0.47538355646038954,0.4900937547772816,0.6030126401264442,0.0,0.0,0.5023018485626977,0.4936239605212919,0.47111728167757544,0.4958010964078984,0.505034893797842,0.0,0.6071569261406518,0.5138372646756081,0.5339451796531622,0.5095286331701938,0.520329655112167,0.5085239543072505,0.5128548052711477
0.324583425073955,0.0,0.568277692528091,0.0,0.43957931326478106,0.5179441315604869,0.3524682439700743,0.4783534425960728,0.48519089956093675,0.28840958732150124,0.4271337535410406,0.25009595409155494,0.411201556415369,0.0,0.0,0.4106496583359737,0.37170610215798755,0.36444709751898396,0.5525506920101821,0.0,0.4330251255604884,0.0,0.47109193512990966,0.0,0.3672107275048956,0.32910221307038323,0.5031684791773674,0.38753698947722065,0.0,0.0,0.3379030847475216,0.2872954230474308,0.27406668652950417,0.2593895139207696,0.2303269578020869,0.27230297038898277,0.21190375338078626,0.26303294190564375,0.1982347717641805,0.32866402900786235,0.2675201915664476,0.0,0.0,0.0,0.3273827634594198,0.25015542179703343,0.0,0.0,0.0,0.0,0.0,0.0,0.0,0.0,0.4218982918003922,0.0,0.3683441735396515,0.0,0.0,0.0,0.0,0.46008216090757914,0.4443407450016068,0.0,0.0,0.0,0.0,0.0,0.32787234757112915,0.4613011426195641,0.44037369829164774,0.0,0.0,0.0,0.0,0.0
0.3572350041133864,0.3548004272126821,0.0,0.0,0.4201471297350784,0.38657503793829584,0.4315036036176042,0.44001073649014344,0.4638810288693028,0.3412638537759358,0.0,0.36370545584760505,0.43459815354271586,0.5246939908702344,0.39083135692050014,0.38855065178302367,0.3202566007010811,0.33737725524558027,0.0,0.42319138651841254,0.383779102973233,0.42193644542499714,0.4273725277727648,0.3672107275048956,0.0,0.3518649750302523,0.4406611869349971,0.4261711364170945,0.4315052204122318,0.48118011438495933,0.37581687260264124,0.3993311102706081,0.34120532992741076,0.36648469537504846,0.3882666624153227,0.0,0.0,0.34350915687609124,0.4717626778385995,0.4384180551670954,0.4560593066615026,0.4656497224604214,0.0,0.0,0.45859602030856705,0.39586630410805607,0.49146991817725866,0.0,0.0,0.0,0.630131490296922,0.0,0.0,0.0,0.47430866233584,0.0,0.4675190919484916,0.5556542607706695,0.0,0.4516970708836256,0.45737333084263443,0.4601808242214461,0.4507378260772804,0.0,0.45719057374958677,0.4594837423715812,0.45904743228812955,0.5614008929910095,0.4271430743586146,0.45869045161811106,0.45937221185240795,0.6113775655316953,0.5113522675888129,0.48332241400150966,0.0,0.4395812762428159
0.375383487911523,0.36637443136929226,0.0,0.0,0.4792769560573249,0.42645030058154426,0.43801978448862927,0.46917656486564197,0.46242397634774046,0.3349894432797147,0.5939110385937931,0.32607049280452716,0.4285221960395778,0.5076859863488539,0.3538539968550963,0.42345324595677425,0.3710862944330084,0.38473813418363045,0.0,0.4458365907463583,0.41481780521119227,0.4299637195222606,0.45086296818390226,0.32910221307038323,0.3518649750302523,0.0,0.4711620717461563,0.4200499681843527,0.4313411968015921,0.0,0.38307849378392056,0.4357879912643072,0.3684966385758582,0.39358184471838814,0.45580753357446824,0.41726026406755984,0.0,0.34496667873260795,0.4681390975967995,0.473361188922741,0.47716323275073974,0.5300490395409913,0.43806024980193015,0.0,0.40783198159940903,0.43383339632187956,0.5181029910132355,0.0,0.0,0.0,0.5218892269411127,0.7611334694356189,0.0,0.0,0.46788745348917393,0.0,0.46307861400941935,0.5733725770241498,0.0,0.558865573757959,0.4827199463988258,0.4712085418491581,0.46301634255824814,0.0,0.5080648599424854,0.5435592095733207,0.5300511966948566,0.5126529030376831,0.4170764961174007,0.46988162154049073,0.4846016912502283,0.5062034983463372,0.5250502552741969,0.49790462360109056,0.0,0.46122819197857606
0.4434545830106818,0.4238245619271111,0.2859286331937746,0.4345985708967339,0.3975615045042348,0.3644619002068128,0.43177782001440146,0.45251151130860623,0.3651652442876429,0.4567236679693007,0.3571354464199644,0.4910684585024018,0.44063714694102313,0.4256965905409246,0.4032495434666803,0.44744194056912273,0.0,0.42575441801942754,0.3200743689853832,0.34528679608298796,0.414520216858189,0.44119252658183156,0.33382980320522915,0.5031684791773674,0.4406611869349971,0.4711620717461563,0.0,0.4318132361454531,0.38217291890625377,0.4015235132611122,0.4104167204270812,0.4137895807912132,0.36693827138174395,0.4388632661685137,0.45397562683291925,0.4502291492233853,0.43333528384077297,0.46391434391429265,0.4967376562758978,0.0,0.5143948197116172,0.5171861186139882,0.5157093271353262,0.6531411774147685,0.0,0.0,0.5355475366551234,0.5407855289012881,0.0,0.5678090919588074,0.5407277463743216,0.5339911442259087,0.5035907201045385,0.5577465186207272,0.0,0.5291002931034143,0.0,0.5189647636444017,0.532819893669638,0.49748417174585274,0.6834453456769409,0.0,0.0,0.49526330679759256,0.48626397142162936,0.4860607822592925,0.49704068328291157,0.5304938082313659,0.27944014675630485,0.7626805153142889,0.5134024948632843,0.5289300241760605,0.5094191342059782,0.5080468628837892,0.5197188683069872,0.5175131764021742
0.464331532264259,0.43884339555419194,0.44239471262909186,0.2657638691033417,0.39250669132672084,0.36903961919364353,0.3971975510808712,0.4286580232568217,0.446611732250576,0.37305932875954406,0.425340287409517,0.38042861378272125,0.3476789207604101,0.36242731910506026,0.4502644477924746,0.4497698127032889,0.4167729901993429,0.4266484395366536,0.4368658563085685,0.3865736006713185,0.44756684175512756,0.44500456670295346,0.4329019339215136,0.38753698947722065,0.4261711364170945,0.4200499681843527,0.4318132361454531,0.0,0.35062887483989175,0.3012220046649337,0.3681219996774832,0.4012524271910778,0.38228712809293297,0.3907147504448411,0.36538109225778276,0.2911144114124084,0.28394001712995803,0.35781583050107135,0.3835286436131158,0.4364707752366383,0.5232001682506197,0.4199905197111385,0.5034010855720101,0.0,0.0,0.0,0.6909334494526405,0.6050000334417239,0.0,0.9534782820745507,0.5141916917527176,0.6262340034608483,0.47941375386100427,0.642473341817976,0.0,0.6081945697684119,0.35628406786427863,0.5663193451470012,0.0,0.5125811807503111,0.8648003956364955,0.0,0.0,0.8150994652300481,0.49149563211264985,0.49015712151849916,0.5299383465341914,0.5118829687617094,0.0,0.5683117505962181,0.5273121656077819,0.5146615896550252,0.5096840571890705,0.5056715339006044,0.6126127962128323,0.5331580051255519
0.0,0.4349102361442951,0.0,0.5115855897971316,0.42040623744535055,0.38090122605338117,0.44648740880588517,0.41175809863108465,0.4019410950241337,0.48929011400045286,0.0,0.0,0.41063805356397665,0.0,0.43385475060906686,0.4345043999818053,0.4796397383147972,0.43028081144604907,0.0,0.31966130086012984,0.40505639002525823,0.399041334598551,0.413454715670788,0.0,0.4315052204122318,0.4313411968015921,0.38217291890625377,0.35062887483989175,0.0,0.3683027456796806,0.3681642615259363,0.41541332959097343,0.37747260138927513,0.4193032826819398,0.4543868153645493,0.4900878069642009,0.4472624106466589,0.42507899539651506,0.47394513545961253,0.49607723184630526,0.5147535180739344,0.5298826433321171,0.5321678690059206,0.0,0.0,0.0,0.498845814466654,0.5773971649616005,0.0,0.0,0.5142720877107378,0.5908543452625683,0.48396723762790644,0.6419186796288191,0.0,0.5433131663438024,0.0,0.5261791685157639,0.0,0.47579545021588815,0.6193894048574788,0.0,0.0,0.0,0.4705294336021237,0.4664241214546825,0.47511080429877917,0.510930911196353,0.0,0.6233288501602577,0.4957071909632288,0.5069459490956378,0.4989589173899932,0.4911523188023911,0.5172708728682172,0.508270248692211
0.0,0.41883796985392296,0.0,0.0,0.0,0.4186804284603092,0.0,0.4148749567269016,0.46931212954468826,0.48553752952676277,0.0,0.0,0.40534599862846626,0.0,0.0,0.4386308609546629,0.0,0.4316753323063788,0.0,0.3629967076716182,0.0,0.3886616466299428,0.42796323555065996,0.0,0.48118011438495933,0.0,0.4015235132611122,0.3012220046649337,0.3683027456796806,0.0,0.34522279700446895,0.40978667954553066,0.0,0.3701268414720183,0.4279306953571148,0.49789777758784004,0.41021217033147783,0.0,0.0,0.0,0.0,0.0,0.0,0.0,0.0,0.0,0.0,0.0,0.0,0.0,0.0,0.0,0.0,0.0,0.0,0.0,0.0,0.0,0.0,0.0,0.0,0.0,0.0,0.0,0.49557000693091346,0.0,0.0,0.5247144209401576,0.0,0.0,0.0,0.5233947648109678,0.0,0.5222988907678444,0.0,0.0
0.3662906746024539,0.34310131890071577,0.4535603403254427,0.415921043863529,0.4489697361237495,0.44345102796406566,0.41372763058352674,0.44222746877874464,0.4587724910065934,0.30801352644776603,0.43754799179716275,0.33401874595858844,0.41153900682208544,0.0,0.4344290265044367,0.38232284474471906,0.32611825454736476,0.373832964650062,0.45104563428168665,0.3757942860261145,0.3742506695087346,0.3898883357530321,0.4362075174461839,0.3379030847475216,0.37581687260264124,0.38307849378392056,0.4104167204270812,0.3681219996774832,0.3681642615259363,0.34522279700446895,0.0,0.35711219455035925,0.32202151683534597,0.2990675321404233,0.30486555665823645,0.40585745310840154,0.28238489208961803,0.28341967789210454,0.3125900296164241,0.3983677770280942,0.0,0.40849589855018575,0.0,0.7692576720757682,0.0,0.0,0.45658845688475463,0.6698061308773858,0.0,0.0,0.5293291186276435,0.0,0.46462845265390146,0.7424999349157763,0.4362842455414399,0.0,0.4409487293611532,0.6242830895166558,0.0,0.5346402209945101,0.4309246935934152,0.4619295491993766,0.4370673766532886,0.0,0.4655468112458779,0.4666973505221699,0.47394251513478114,0.5154975212571098,0.0,0.4412017635360562,0.46165513066082786,0.5219383657229576,0.5346755222629543,0.514603284964735,0.0,0.0
0.4115460269202836,0.4043045888893222,0.4170265932710858,0.3603838040759269,0.3549507109402559,0.41802731143675304,0.39154746542737684,0.3447110038193637,0.42608988618544774,0.30715217775719894,0.3918305798068351,0.26200112261609054,0.4063494619382224,0.31202046658941257,0.4565755179804512,0.44251271151350424,0.4158153992189121,0.422093670166118,0.4024043903412827,0.4299057118305286,0.4319107029939169,0.4529540975536034,0.4160175414639321,0.2872954230474308,0.3993311102706081,0.4357879912643072,0.4137895807912132,0.4012524271910778,0.41541332959097343,0.40978667954553066,0.35711219455035925,0.0,0.36655120046746076,0.3630184920624785,0.35393421483934656,0.2962559429615765,0.29833207821065255,0.25440403296687314,0.2669971870451806,0.26830268264193213,0.26487173071532943,0.28767789884890077,0.3011394420868446,0.25723899925972826,0.2593445491259622,0.4568119889256751,0.4960207431077489,0.5067299513993601,0.0,0.0,0.5260066742893016,0.47273400710542124,0.44815824891877354,0.5062614637007595,0.0,0.462366579018972,0.2651023689458563,0.4473771697768905,0.39647327117960923,0.5178846548697849,0.46553734436238453,0.0,0.44553763314163164,0.5489547193891106,0.44646453741942843,0.5156002514722885,0.4967514663379819,0.5112559446868506,0.0,0.46155970631191723,0.5002653855152681,0.5130778210424478,0.33070511349993603,0.5138469774111667,0.0,0.49745711028486356
0.3440081909091316,0.35637998958875367,0.452241630797229,0.26792505538508216,0.3855583587248357,0.3929993948089188,0.38358829530018473,0.3405422872054722,0.41197655950984946,0.30736986054011617,0.4231708170332303,0.2992623362497177,0.3907239658150794,0.0,0.4459670730927293,0.3839096233888103,0.36101240669371204,0.36694913301915477,0.44670919302481293,0.3824903032038948,0.41236543088853866,0.4120811527926546,0.3959533843303099,0.27406668652950417,0.34120532992741076,0.3684966385758582,0.36693827138174395,0.38228712809293297,0.37747260138927513,0.0,0.32202151683534597,0.36655120046746076,0.0,0.24659762791550985,0.4051205319574983,0.39951242978974066,0.26933320951673057,0.1938500660505269,0.2577526629936023,0.2702158074494077,0.21053781005457867,0.33721512959791994,0.0,0.0,0.30311964944598146,0.40371460488560906,0.4755446161852187,0.0,0.0,0.0,0.46927610844222756,0.0,0.0,0.0,0.3911158793495045,0.0,0.3520739776647759,0.0,0.0,0.5467301918461576,0.4464407393844338,0.40079112717463805,0.42771692026062336,0.0,0.0,0.5125722410817259,0.5009098145401951,0.46469398953251206,0.3588963083561309,0.44995757595270247,0.4524948563202217,0.47119593553698286,0.0,0.0,0.0,0.0
0.3634680391510476,0.356549418962853,0.4574577581480886,0.30742926342290355,0.4268240946768252,0.4498228620157973,0.409128300390011,0.44705063701200565,0.45343130934430725,0.32359995717560297,0.43536177429716744,0.2714734445916616,0.41001096644917817,0.39385599392325327,0.4663586773151049,0.39819063220317125,0.3619020297455798,0.37877777293359005,0.447779714145228,0.4222313507644763,0.4205387442501638,0.4357827901626049,0.4500957640051065,0.2593895139207696,0.36648469537504846,0.39358184471838814,0.4388632661685137,0.3907147504448411,0.4193032826819398,0.3701268414720183,0.2990675321404233,0.3630184920624785,0.24659762791550985,0.0,0.267241164485224,0.3557800433585398,0.2263309665895032,0.20177083036458135,0.246493776643342,0.24052774547560513,0.20018877340671784,0.2610056700820721,0.33708033507033164,0.26723615765344844,0.24949042371675234,0.0,0.48150646041604206,0.6954464604368378,0.0,0.0,0.5226766622273514,0.6742997768854613,0.485157680975121,0.7122591803182985,0.36192141950734363,0.0,0.24423428976703615,0.5773323445450635,0.0,0.5315118799741504,0.4478352987689313,0.4224979333870272,0.4422133288686051,0.0,0.4843756806182182,0.5020555827824033,0.49537774302608795,0.5135184597914981,0.0,0.4471955644827282,0.48322781296081746,0.5201474161549022,0.342158288544291,0.5019468622735814,0.0,0.0
0.4133248767338219,0.4133700001119883,0.4425873234562395,0.38056875086980346,0.32478983941111134,0.453789075304513,0.3119090323401442,0.4578748498542059,0.44909080147260383,0.2945493112976617,0.4081129071018505,0.2920636109097338,0.3715223632146255,0.3065030967193046,0.5056983184514834,0.4364255761034451,0.3501874497659021,0.39196625730292994,0.4269390525667396,0.4714384571904173,0.4847683588014608,0.4954591486754134,0.45736165037478843,0.2303269578020869,0.3882666624153227,0.45580753357446824,0.45397562683291925,0.36538109225778276,0.4543868153645493,0.4279306953571148,0.30486555665823645,0.35393421483934656,0.4051205319574983,0.267241164485224,0.0,0.4135916215552996,0.328035449542561,0.2234789367930941,0.2799065802295495,0.3120938812999783,0.28064680428158156,0.33214665659329207,0.323646593138512,0.31827397060563434,0.2651923743448363,0.0,0.510855751760779,0.8636177948709212,0.0,0.0,0.5683609415801986,0.43933686767486213,0.0,0.0,0.0,0.5332152363018486,0.2732225055694923,0.4523868102724311,0.0,0.5525593837957242,0.0,0.0,0.4553490505402862,0.0,0.0,0.0,0.5257004839129636,0.508338079826514,0.3200544943045187,0.46952618178473915,0.5095039962401557,0.51797462408858,0.37755475703201125,0.5357764323600772,0.4585229673911564,0.0
0.4900044770320331,0.0,0.4071987296576528,0.24489178175645188,0.27390738624774646,0.43480434749155983,0.29465892909610786,0.26181622612174826,0.4260402034054883,0.28122151214085567,0.370605178621332,0.285648198602327,0.33074664972070794,0.27236040633263675,0.5378113610211409,0.0,0.4106600480618471,0.0,0.4104850011065778,0.5113469838190053,0.439514105707844,0.5367877609212232,0.4135188619566294,0.27230297038898277,0.0,0.41726026406755984,0.4502291492233853,0.2911144114124084,0.4900878069642009,0.49789777758784004,0.40585745310840154,0.2962559429615765,0.39951242978974066,0.3557800433585398,0.4135916215552996,0.0,0.1964751754426178,0.25206351220306383,0.3038641261307155,0.0,0.24267351312545177,0.2643548242418072,0.3855056995821401,0.0,0.0,0.0,0.0,0.48792809254353764,0.0,0.48925950853636996,0.5096441631936276,0.47798316199524027,0.44288477612572225,0.4722706838794076,0.32848648562787974,0.4336961876398159,0.23473448943861192,0.4956668287984255,0.36414126016489823,0.4897431029956696,0.0,0.0,0.0,0.437444690966894,0.4605647831744509,0.0,0.0,0.49536163297017427,0.0,0.0,0.47204108170772224,0.5001547890633645,0.3959035571158651,0.5069491861965092,0.0,0.0
