0.0,0.37692901365621356,0.0,0.0,0.0,0.0,0.0,0.418059790439697,0.0,0.3477126480041056,0.0,0.3031887841654206,0.0,0.0,0.36794263211719663,0.38332632955951473,0.32262735973214296,0.35919557097834076,0.0,0.0,0.36188153565917885,0.37700966990896845,0.3855319918279372,0.3136803165564144,0.34765998265564074,0.33729770172465423,0.4059252756955104,0.41378225383142286,0.0,0.0,0.3154327569885922,0.4030789113390715,0.2957579676741419,0.3355625839982387,0.3899659719174373,0.48865537332419046,0.0,0.3964998112671804,0.40723283224250173,0.36288017176384113,0.37844474334534206,0.36266491352985775,0.0,0.0,0.0,0.3724300866613027,0.41129942665396985,0.0,0.0,0.0,0.0,0.0,0.29015059951276606,0.0,0.45889178880351894,0.0,0.0,0.0,0.0,0.0,0.4012775819966154,0.0,0.40388204452867027,0.0,0.0,0.38985180776308076,0.3629824828742855,0.377657712725856,0.33584709611767993,0.3983397453263636,0.419888235617787,0.0,0.0,0.41907489852249635,0.0,0.3873244980564976
0.37692901365621356,0.0,0.0,0.0,0.4188305396456045,0.3967360097600036,0.4208080780585565,0.3890857332759445,0.4037936769101486,0.0,0.0,0.0,0.42073526325762256,0.0,0.392872690662136,0.3728923014342636,0.44493193214795146,0.3852381588498811,0.0,0.40183461096859197,0.3666303851343929,0.3798823929750887,0.3697119114798859,0.0,0.3620933392506407,0.3727212138555927,0.39697005793534135,0.4229665922044168,0.4084739133838822,0.0,0.3426126350051892,0.411071310088664,0.33833743880424777,0.3489427967660642,0.3950409750535514,0.0,0.0,0.0,0.41687268548033,0.39836278873723346,0.3721758550567386,0.4186695680449335,0.0,0.0,0.0,0.40972625419825187,0.380413627131558,0.0,0.0,0.0,0.47888212108092676,0.0,0.0,0.0,0.0,0.0,0.0,0.0,0.0,0.4342914829323186,0.4043210341261629,0.0,0.41063731884511,0.0,0.42320957395877057,0.42134197015326047,0.3831935687273074,0.4282797453320611,0.0,0.41010560195709567,0.43970989220959456,0.0,0.0,0.44583213515872955,0.0,0.39915740409530126
0.0,0.0,0.0,0.0,0.36565800755357186,0.3493615977583261,0.37606725788928225,0.3970170530815996,0.3002246299059915,0.0,0.30011250623994645,0.0,0.3905693653186886,0.3513456518376842,0.0,0.0,0.0,0.0,0.2821379484796405,0.0,0.0,0.0,0.2921798891109771,0.0,0.0,0.0,0.3180798807080747,0.40793632217096243,0.4042471366913365,0.44464320146747793,0.3943046814487213,0.38460376228921,0.0,0.4147814037157455,0.42724859977007684,0.38755664410128826,0.41501231975292996,0.0,0.0,0.0,0.0,0.0,0.41318319188074903,0.0,0.0,0.0,0.0,0.43680148523428003,0.0,0.0,0.43803032160709904,0.473936253686476,0.4977097335576389,0.4604457205691572,0.0,0.4168877730430158,0.0,0.0,0.43099630513741277,0.0,0.0,0.0,0.0,0.40864255164332364,0.0,0.0,0.0,0.44027228521289263,0.0,0.0,0.0,0.4683511284981043,0.0,0.0,0.0,0.0
0.0,0.0,0.0,0.0,0.3123292239790115,0.36730292961911903,0.2873447272030615,0.36645419180403965,0.3643117299601987,0.26010596549855935,0.33946865663934644,0.0,0.2931938644709156,0.25133098958118866,0.0,0.0,0.0,0.0,0.38784378355348464,0.0,0.0,0.0,0.3463138635069583,0.0,0.0,0.0,0.0,0.22890045688356217,0.0,0.0,0.0,0.28808583892205886,0.0,0.23409592058736536,0.24271612670201761,0.17590957718654585,0.18362863965302373,0.2741713734972536,0.0,0.0,0.0,0.0,0.0,0.0,0.0,0.0,0.0,0.0,0.0,0.0,0.0,0.0,0.0,0.0,0.0,0.0,0.0,0.0,0.0,0.0,0.0,0.0,0.0,0.0,0.0,0.0,0.0,0.0,0.0,0.0,0.0,0.0,0.0,0.0,0.0,0.0
0.0,0.4188305396456045,0.36565800755357186,0.3123292239790115,0.0,0.3579949647676258,0.3225502521362216,0.3195129296626764,0.3305457484642477,0.4095121786693532,0.32017065927392424,0.41162714192629823,0.3524078027569369,0.3029200118789906,0.0,0.0,0.0,0.0,0.35752998003661995,0.3541682979696417,0.0,0.3874866956022595,0.32360735933855805,0.0,0.0,0.0,0.35274375590126084,0.3450906228797001,0.3657963008080433,0.3409492303648825,0.35619990458298234,0.34637022687591285,0.0,0.3549202096089567,0.280659234006475,0.24596850216171898,0.33814058134106045,0.3705699448197717,0.0,0.0,0.0,0.0,0.0,0.0,0.0,0.0,0.0,0.0,0.0,0.0,0.0,0.0,0.0,0.0,0.0,0.0,0.0,0.0,0.0,0.0,0.0,0.0,0.0,0.0,0.0,0.0,0.0,0.44405184394697045,0.0,0.0,0.0,0.0,0.0,0.0,0.0,0.0
0.0,0.3967360097600036,0.3493615977583261,0.36730292961911903,0.3579949647676258,0.0,0.37412039735821834,0.33177852594087565,0.3188177269441126,0.40016411890702774,0.35119409880013897,0.0,0.362864579189366,0.3225413198153231,0.4024679383101508,0.3937622027692823,0.0,0.398732928435254,0.368259814179291,0.39428952220689617,0.3629970472582162,0.4014473579946952,0.35743784716815225,0.0,0.3818378408285743,0.3737158056591986,0.3592222860301567,0.36495595538165504,0.3290548271329433,0.37899858255408614,0.3867052486909944,0.3697932550993214,0.34047483814797613,0.4010032052793086,0.39501111405738837,0.3409104671046192,0.3798322339853508,0.4324274902281907,0.3424231657712328,0.0,0.4281662190809857,0.0,0.4003514073157246,0.0,0.0,0.0,0.0,0.4395361821948336,0.0,0.0,0.4107133305750569,0.0,0.403811520443343,0.40977656206636637,0.0,0.4581649737073671,0.4597450057615721,0.4436608573862716,0.0,0.0,0.0,0.0,0.0,0.4399111632042619,0.0,0.0,0.0,0.4188102655753975,0.0,0.0,0.0,0.41241282052612155,0.43233941795550546,0.3942926990298289,0.0,0.43170383516331484
0.0,0.4208080780585565,0.37606725788928225,0.2873447272030615,0.3225502521362216,0.37412039735821834,0.0,0.2894717200900241,0.3533618397223989,0.38442292777283116,0.36687829529977106,0.3767575427110206,0.31162686808630813,0.33691137421973205,0.0,0.4250497432295026,0.0,0.41423568913337383,0.3638458323728019,0.3968925792630364,0.0,0.41940301565612853,0.3371413286543038,0.0,0.40912188758598556,0.4074243826789449,0.3686100355175012,0.3579738874230043,0.39074396908360226,0.3542621644512791,0.36665817537157436,0.36232511942844237,0.0,0.35363732232460243,0.2164107978133138,0.29651884333609957,0.3030451124769831,0.31367679895825995,0.0,0.0,0.0,0.0,0.0,0.0,0.0,0.0,0.0,0.0,0.0,0.0,0.45726993211618366,0.0,0.4626676596783696,0.0,0.0,0.0,0.0,0.0,0.0,0.0,0.0,0.0,0.0,0.0,0.0,0.8966207599312567,0.0,0.4087825257736096,0.0,0.0,0.0,0.4376597327102752,0.0,0.0,0.0,0.0
0.418059790439697,0.3890857332759445,0.3970170530815996,0.36645419180403965,0.3195129296626764,0.33177852594087565,0.2894717200900241,0.0,0.39739233977646093,0.0,0.29891458163319895,0.0,0.3540503323664559,0.35205673356168615,0.2944601947254594,0.4089410175359974,0.0,0.40800587029624646,0.38749085605515243,0.360592910332187,0.33970722398475767,0.39770836697187784,0.3128104316610747,0.4326641784770977,0.3464530667294821,0.39983868997420474,0.38691175580544546,0.35636266385627846,0.3286395681766273,0.36312420550781654,0.3243629581091963,0.31362354256595165,0.3139631117306687,0.31433755638707295,0.3844486274085277,0.3038627171914835,0.36641772737236783,0.6624813807860358,0.31567566754933296,0.0,0.41891661199622654,0.4084403624506149,0.3577483927218246,0.0,0.0,0.0,0.0,0.435994720585981,0.0,0.0,0.41090570931895204,0.43157090061843745,0.3399406144144055,0.4451493437491234,0.0,0.41658121417940436,0.0,0.43069762953732377,0.360730952346337,0.0,0.0,0.0,0.0,0.4055101146829362,0.0,0.2972117481211791,0.0,0.40356282624814893,0.0,0.0,0.0,0.4216524873663928,0.432366470683533,0.3941582479785941,0.48615057686156127,0.4461390075375033
0.0,0.4037936769101486,0.3002246299059915,0.3643117299601987,0.3305457484642477,0.3188177269441126,0.3533618397223989,0.39739233977646093,0.0,0.3948221662765465,0.3104221008713699,0.0,0.3502828525291602,0.36852059520229236,0.0,0.0,0.0,0.0,0.29530400821424063,0.3694247608323633,0.0,0.3990084231886431,0.3432437644894599,0.0,0.0,0.42565047709034287,0.3363536425187384,0.37119965404748606,0.3729116310226271,0.411925204830411,0.3347936701857761,0.3512007112106097,0.0,0.3688382084988315,0.37824776834987206,0.35351650670309687,0.37379413641900155,0.38363160222150744,0.0,0.0,0.0,0.0,0.3996942356823223,0.0,0.0,0.0,0.0,0.44383171323337856,0.0,0.0,0.4110205030530987,0.0,0.4245722988345037,0.4962547078638424,0.0,0.4325731072825779,0.4314292677352241,0.0,0.0,0.0,0.0,0.0,0.0,0.4599461322449087,0.0,0.0,0.0,0.4267521423864892,0.0,0.0,0.0,0.41939150305575146,0.0,0.0,0.0,0.0
0.3477126480041056,0.0,0.0,0.26010596549855935,0.4095121786693532,0.40016411890702774,0.38442292777283116,0.0,0.3948221662765465,0.0,0.3964002370145675,0.25408758424636685,0.3955460059336152,0.0,0.0,0.0,0.2967130503562297,0.3594659530452497,0.41519484783445165,0.0,0.0,0.0,0.3989101462829467,0.29132877080370895,0.32259274363804313,0.3042206882635777,0.4287687926681177,0.3916577777936405,0.0,0.0,0.3342103868055389,0.34687505406817254,0.3091005635731563,0.3285012382062627,0.30474593975340464,0.30153201090925336,0.2848874879844637,0.27763611765057394,0.34725907164507974,0.27209945315681794,0.3043807857035641,0.3076705920181071,0.0,0.0,0.29117974737059266,0.0,0.41699864139898196,0.0,0.0,0.0,0.0,0.0,0.0,0.0,0.3901032194389422,0.0,0.3875832254333785,0.4109818860852875,0.0,0.0,0.0,0.4307091214237785,0.4129355177699947,0.0,0.0,0.0,0.0,0.0,0.43687311772723403,0.42452672653296347,0.4302504402687234,0.0,0.37358951953806446,0.0,0.0,0.3600854664481326
0.0,0.0,0.30011250623994645,0.33946865663934644,0.32017065927392424,0.35119409880013897,0.36687829529977106,0.29891458163319895,0.3104221008713699,0.3964002370145675,0.0,0.0,0.3718160247341151,0.2903226491145166,0.0,0.0,0.0,0.0,0.2618042793216653,0.0,0.0,0.0,0.18003128545912478,0.0,0.0,0.0,0.3662642404961344,0.36565028772817143,0.0,0.0,0.32589620344588943,0.351560519612318,0.0,0.3686168982735156,0.3063380002295064,0.29732183173111326,0.36368113233979094,0.38696414393322703,0.0,0.0,0.0,0.0,0.354578184745167,0.0,0.0,0.0,0.0,0.32439063738354884,0.0,0.0,0.43643302944123635,0.0,0.38586588264892696,0.4207339628035547,0.0,0.2660817321064084,0.0,0.0,0.0,0.0,0.0,0.0,0.0,0.22111311074172732,0.0,0.0,0.0,0.43382187521999516,0.0,0.0,0.0,0.45002789378636215,0.0,0.0,0.0,0.0
0.3031887841654206,0.0,0.0,0.0,0.41162714192629823,0.0,0.3767575427110206,0.0,0.0,0.25408758424636685,0.0,0.0,0.38170561698221733,0.0,0.0,0.0,0.3386063453835197,0.35331761629762987,0.0,0.0,0.0,0.0,0.0,0.24623635096637425,0.33109730248444624,0.2691047691504964,0.0,0.36525754081010525,0.0,0.0,0.3292674116432449,0.2829086343172047,0.28318928532374255,0.2619614991637671,0.28527457128227485,0.3142082866288857,0.2883432085317306,0.24577247500724506,0.0,0.3009490444281841,0.31293457761859794,0.0,0.0,0.0,0.29215596835417484,0.0,0.0,0.0,0.0,0.0,0.0,0.0,0.0,0.0,0.3897457035892439,0.0,0.39104761902159196,0.0,0.0,0.0,0.0,0.42972222039230085,0.4099065805994131,0.0,0.0,0.0,0.0,0.0,0.42094628444621457,0.4111115649984113,0.4274413785125953,0.0,0.41385897447513464,0.0,0.0,0.37966385406635683
0.0,0.42073526325762256,0.3905693653186886,0.2931938644709156,0.3524078027569369,0.362864579189366,0.31162686808630813,0.3540503323664559,0.3502828525291602,0.3955460059336152,0.3718160247341151,0.38170561698221733,0.0,0.35164076913363956,0.40290562806447494,0.42671973871073127,0.41717533761864073,0.4242443102204072,0.36495362326066416,0.40546186465586853,0.37914321557232805,0.4306125119623043,0.35835997600872527,0.3937274831186706,0.40292033628001034,0.39877922937386,0.3839206920522096,0.34123498173463135,0.38807587716980557,0.3854269505859345,0.3860269283373091,0.3819731801978317,0.3906654042510243,0.3754525282513128,0.33872345835774664,0.34504615146017314,0.3431767788569662,0.3451323808072014,0.4030638398440523,0.0,0.0,0.0,0.0,0.0,0.0,0.0,0.0,0.0,0.0,0.0,0.4470134635404869,0.0,0.42100797929263856,0.0,0.0,0.0,0.37915395823725745,0.0,0.0,0.0,0.0,0.0,0.0,0.0,0.0,0.0,0.0,0.4063177278574509,0.0,0.0,0.0,0.41802653967042713,0.0,0.0,0.0,0.0
0.0,0.0,0.3513456518376842,0.25133098958118866,0.3029200118789906,0.3225413198153231,0.33691137421973205,0.35205673356168615,0.36852059520229236,0.0,0.2903226491145166,0.0,0.35164076913363956,0.0,0.0,0.0,0.0,0.0,0.34443606743807936,0.0,0.0,0.0,0.3268744315157943,0.0,0.0,0.0,0.4116075600227279,0.24687459987905183,0.0,0.0,0.0,0.0,0.0,0.3373165959704467,0.0,0.21962236671011148,0.1511555230265621,0.0,0.0,0.0,0.0,0.0,0.0,0.0,0.0,0.0,0.0,0.0,0.0,0.0,0.0,0.0,0.0,0.39753615990018887,0.0,0.35451147895143764,0.0,0.0,0.0,0.0,0.0,0.0,0.0,0.0,0.0,0.0,0.0,0.0,0.0,0.0,0.0,0.0,0.0,0.0,0.0,0.0
0.36794263211719663,0.392872690662136,0.0,0.0,0.0,0.4024679383101508,0.0,0.2944601947254594,0.0,0.0,0.0,0.0,0.40290562806447494,0.0,0.0,0.36788455660297975,0.0,0.36350906517254006,0.0,0.3591833281123698,0.35572314685749884,0.3611316716765263,0.33673109842903326,0.0,0.34033193415840673,0.39704759309956306,0.3817485266091798,0.35224888117072506,0.3609139953246198,0.0,0.3342968550127498,0.3980373913230346,0.32688980926684746,0.38274581497362303,0.4217866415776517,0.0,0.0,0.0,0.4114398734903532,0.36766347345539974,0.426946575861193,0.4245869715043194,0.0,0.0,0.0,0.304396671883685,0.4327099190687032,0.0,0.0,0.0,0.0,0.0,0.0,0.0,0.0,0.0,0.0,0.0,0.0,0.4223472910970091,0.4643429550653096,0.0,0.0,0.0,0.37798606266657575,0.4125600033613334,0.40963103556177705,0.381766306487629,0.0,0.0,0.45988244884391893,0.3918816363209988,0.44811867803796906,0.41244655151067516,0.0,0.41858956651022233
0.38332632955951473,0.3728923014342636,0.0,0.0,0.0,0.3937622027692823,0.4250497432295026,0.4089410175359974,0.0,0.0,0.0,0.0,0.42671973871073127,0.0,0.36788455660297975,0.0,0.3790883296030193,0.3561201905164172,0.0,0.3959415802347306,0.35042561965489605,0.3843986861886617,0.3483036217335092,0.0,0.3813726960620718,0.39220666026335466,0.4023851544518389,0.428992564826943,0.41990286690518924,0.42263410008780056,0.35151296655681386,0.43745201173800236,0.3849002587401476,0.36759485319701807,0.4064086921178234,0.0,0.0,0.0,0.3891257314204212,0.41391747048813365,0.40237118115881704,0.4194949157926987,0.0,0.0,0.0,0.37905711470547077,0.41130718740400396,0.0,0.0,0.0,0.0,0.0,0.0,0.0,0.0,0.0,0.0,0.0,0.0,0.43089308034276136,0.4059606990815043,0.0,0.40734807699504644,0.0,0.0,0.4091547760726754,0.415344632789042,0.49577043393366016,0.0,0.3996763240564916,0.4352783013658427,0.0,0.0,0.0,0.0,0.41889719239805007
0.32262735973214296,0.44493193214795146,0.0,0.0,0.0,0.0,0.0,0.0,0.0,0.2967130503562297,0.0,0.3386063453835197,0.41717533761864073,0.0,0.0,0.3790883296030193,0.0,0.3231698167805227,0.0,0.0,0.0,0.0,0.0,0.35268415729206126,0.32583469470053267,0.3422195387131604,0.0,0.4031211779570996,0.0,0.0,0.3466509238037356,0.42553653030547345,0.33790340883393305,0.3623081252984866,0.37806360033887776,0.0,0.0,0.32813397943471195,0.0,0.40138016101979296,0.4524619563537625,0.0,0.0,0.0,0.0,0.0,0.4001623543546832,0.0,0.0,0.0,0.0,0.0,0.0,0.0,0.45278042077267705,0.0,0.4605676887484755,0.0,0.0,0.0,0.0,0.45932722666746817,0.42899730131840474,0.0,0.0,0.0,0.0,0.0,0.4535690524414752,0.4254409295652606,0.446738388936283,0.0,0.0,0.0,0.0,0.4873811884466922
0.35919557097834076,0.3852381588498811,0.0,0.0,0.0,0.398732928435254,0.41423568913337383,0.40800587029624646,0.0,0.3594659530452497,0.0,0.35331761629762987,0.4242443102204072,0.0,0.36350906517254006,0.3561201905164172,0.3231698167805227,0.0,0.0,0.40113049043062954,0.36175070226164835,0.40724611467794225,0.38211997873204495,0.3474888542491302,0.34158944546409986,0.3608344752274591,0.4040082258933487,0.41539928329572284,0.41802123606466507,0.0,0.3794253960889948,0.4351761859748069,0.35195912697594445,0.37279107717201304,0.40390495905890716,0.0,0.0,0.0,0.35432218381688374,0.3469039935859376,0.3561509131851982,0.3986621706252696,0.0,0.0,0.0,0.37689208788372297,0.40244769655520446,0.0,0.0,0.0,0.0,0.0,0.0,0.0,0.41850171502103634,0.0,0.43418323419286664,0.0,0.0,0.0,0.3953964650120339,0.41916490941049084,0.3904953029271067,0.0,0.0,0.41600773252884204,0.4036178375373445,0.0,0.437289365159734,0.38741659733358724,0.40082553786497144,0.0,0.0,0.0,0.0,0.38710727766982844
0.0,0.0,0.2821379484796405,0.38784378355348464,0.35752998003661995,0.368259814179291,0.3638458323728019,0.38749085605515243,0.29530400821424063,0.41519484783445165,0.2618042793216653,0.0,0.36495362326066416,0.34443606743807936,0.0,0.0,0.0,0.0,0.0,0.0,0.0,0.0,0.27039957173800816,0.0,0.0,0.0,0.3602921688968199,0.34153855108507164,0.0,0.4691590006078514,0.3750961502947979,0.35251992090636713,0.0,0.38687694485821794,0.3540470051260155,0.34378757837994467,0.3869907704839728,0.0,0.0,0.0,0.0,0.0,0.3990996222576309,0.0,0.0,0.0,0.0,0.43386876121292073,0.0,0.0,0.4805411577247094,0.0,0.45755228799000314,0.4755238840589332,0.0,0.39360042721772304,0.0,0.0,0.39352956787697235,0.0,0.0,0.0,0.0,0.4329305350594694,0.0,0.0,0.0,0.4633562605016752,0.0,0.0,0.0,0.4875073786763966,0.0,0.0,0.0,0.0
0.0,0.40183461096859197,0.0,0.0,0.3541682979696417,0.39428952220689617,0.3968925792630364,0.360592910332187,0.3694247608323633,0.0,0.0,0.0,0.40546186465586853,0.0,0.3591833281123698,0.3959415802347306,0.0,0.40113049043062954,0.0,0.0,0.3689785871140792,0.36217564574140804,0.3085693390700338,0.0,0.38877872308950595,0.4215098209774029,0.3563090625417792,0.3645246822153013,0.33170299728998337,0.3417439174657367,0.34486597214721676,0.4150920198891505,0.37599102396600625,0.38630693953193485,0.4267496189307216,0.0,0.0,0.0,0.3849240956373471,0.0,0.43639980004660894,0.0,0.0,0.0,0.0,0.0,0.0,0.0,0.0,0.0,0.4197900951671064,0.0,0.37645240993293166,0.0,0.0,0.0,0.0,0.0,0.0,0.42272135806549654,0.0,0.0,0.0,0.0,0.38592449570643156,0.4113541470643577,0.4315309214767916,0.3974463202681981,0.0,0.0,0.4381549885039208,0.37420760582148177,0.43712223887764456,0.4097215987953765,0.0,0.0
0.36188153565917885,0.3666303851343929,0.0,0.0,0.0,0.3629970472582162,0.0,0.33970722398475767,0.0,0.0,0.0,0.0,0.37914321557232805,0.0,0.35572314685749884,0.35042561965489605,0.0,0.36175070226164835,0.0,0.3689785871140792,0.0,0.38227929431132607,0.33710344790414976,0.41027814568054416,0.35301016628835596,0.3714858011114926,0.3758311900147016,0.35584772032271206,0.3332430297522641,0.34913938668253,0.3270775228119182,0.3677387797998566,0.3040273705074573,0.3557662977819246,0.41791702995746866,0.35459229672527603,0.40317358648688845,0.0,0.3618066827089532,0.38444254799795746,0.4296534631936225,0.42212237795385205,0.0,0.0,0.0,0.3698898397508679,0.4149494506184571,0.0,0.0,0.0,0.3979943189894759,0.0,0.34146655966501266,0.0,0.0,0.0,0.0,0.47688714975949786,0.0,0.4141184661314943,0.4353074731183024,0.0,0.0,0.0,0.39443184938774534,0.3691895922019201,0.42421783602999275,0.38426551821389504,0.0,0.4350404655323585,0.4423316968675278,0.393032417028286,0.4323678382317424,0.31831185366939485,0.0,0.43044223273623844
0.37700966990896845,0.3798823929750887,0.0,0.0,0.3874866956022595,0.4014473579946952,0.41940301565612853,0.39770836697187784,0.3990084231886431,0.0,0.0,0.0,0.4306125119623043,0.0,0.3611316716765263,0.3843986861886617,0.0,0.40724611467794225,0.0,0.36217564574140804,0.38227929431132607,0.0,0.38673688161935804,0.0,0.3962242433293179,0.39119349507326057,0.40852301778956385,0.4065889023512165,0.38870390042151237,0.38970839954563485,0.3652882574988619,0.42514061610635184,0.3800013290011939,0.39597004610592046,0.44341158266849157,0.0,0.0,0.0,0.40659300182814323,0.388842173845775,0.40126150322369536,0.4240439320847838,0.0,0.0,0.0,0.4172983378209354,0.4171374340660369,0.0,0.0,0.0,0.0,0.0,0.0,0.0,0.0,0.0,0.541268043843329,0.0,0.0,0.4270462296248888,0.4216595325244651,0.0,0.0,0.0,0.4022471421745063,0.4130426603734107,0.4180017825110744,0.399956753113259,0.0,0.0,0.4275370589237448,0.4212437377201622,0.0,0.4242856882965088,0.0,0.4064630907753994
0.3855319918279372,0.3697119114798859,0.2921798891109771,0.3463138635069583,0.32360735933855805,0.35743784716815225,0.3371413286543038,0.3128104316610747,0.3432437644894599,0.3989101462829467,0.18003128545912478,0.0,0.35835997600872527,0.3268744315157943,0.33673109842903326,0.3483036217335092,0.0,0.38211997873204495,0.27039957173800816,0.3085693390700338,0.33710344790414976,0.38673688161935804,0.0,0.42904522332844724,0.35998740940278356,0.3790328875547844,0.31264110448496274,0.3667964032926815,0.3556661480003629,0.37165802131180004,0.37066218606724466,0.353739030878298,0.33413209031542,0.39006941799950073,0.4191930894307794,0.32939833039727695,0.3795994149211055,0.4459554401011071,0.3896474412072653,0.0,0.37924307458776385,0.3758755669908235,0.3603346920331073,0.0,0.0,0.0,0.4428198245294325,0.4294753686365811,0.0,0.4691871053815162,0.4165810527053809,0.42532059097642516,0.3992609219024192,0.42178556433839054,0.0,0.4069065928887771,0.503985224951208,0.4180276639680316,0.40498113585343154,0.4046783732999344,0.0,0.0,0.0,0.415936744029186,0.3789517143286316,0.39844387634478123,0.4227255468170074,0.4046422383431554,0.0,0.0,0.4343291288997125,0.41693231554907667,0.4151195655148946,0.38710390477737205,0.413194933174168,0.41783244466937786
0.3136803165564144,0.0,0.0,0.0,0.0,0.0,0.0,0.4326641784770977,0.0,0.29132877080370895,0.0,0.24623635096637425,0.3937274831186706,0.0,0.0,0.0,0.35268415729206126,0.3474888542491302,0.0,0.0,0.41027814568054416,0.0,0.42904522332844724,0.0,0.3385895703576227,0.3068617711339243,0.0,0.3627761498636926,0.0,0.0,0.3007087550234296,0.3034298332212639,0.24665470851114715,0.2399081705527639,0.24714758699991707,0.0,0.2370983434963797,0.24511104856559812,0.4015685455960422,0.3089762875043201,0.3661263577999176,0.0,0.0,0.0,0.28135219814786067,0.3404596130244377,0.3883286299798514,0.0,0.0,0.0,0.0,0.0,0.0,0.0,0.38597241383260567,0.0,0.38139588195566837,0.0,0.0,0.0,0.39693021439212534,0.4495112190293762,0.4116528783575073,0.0,0.0,0.0,0.0,0.0,0.4327759838541096,0.3946760873180521,0.4046872708379888,0.0,0.0,0.0,0.0,0.35378408394297056
0.34765998265564074,0.3620933392506407,0.0,0.0,0.0,0.3818378408285743,0.40912188758598556,0.3464530667294821,0.0,0.32259274363804313,0.0,0.33109730248444624,0.40292033628001034,0.0,0.34033193415840673,0.3813726960620718,0.32583469470053267,0.34158944546409986,0.0,0.38877872308950595,0.35301016628835596,0.3962242433293179,0.35998740940278356,0.3385895703576227,0.0,0.3440754835186964,0.38528897854350874,0.4028097962859534,0.4006839420400169,0.0,0.3670130396803042,0.4066822106544006,0.3044626554192436,0.3448730181937422,0.36930621361060467,0.0,0.0,0.3280874045978389,0.3712406771094506,0.34901601444669944,0.355267065573381,0.3913897591454035,0.0,0.0,0.0,0.3684261535136249,0.3824786654568313,0.0,0.0,0.0,0.0,0.0,0.0,0.0,0.414978653089304,0.0,0.42593517101122647,0.0,0.0,0.44443393429699357,0.39132429824427734,0.42680487311816906,0.39234434390866724,0.0,0.0,0.4353367206367215,0.3999422309169323,0.5367626029079697,0.43058183328342814,0.3851321638501671,0.39265482851020267,0.0,0.0,0.0,0.0,0.3774485628393607
0.33729770172465423,0.3727212138555927,0.0,0.0,0.0,0.3737158056591986,0.4074243826789449,0.39983868997420474,0.42565047709034287,0.3042206882635777,0.0,0.2691047691504964,0.39877922937386,0.0,0.39704759309956306,0.39220666026335466,0.3422195387131604,0.3608344752274591,0.0,0.4215098209774029,0.3714858011114926,0.39119349507326057,0.3790328875547844,0.3068617711339243,0.3440754835186964,0.0,0.40647584142291443,0.4039790089562678,0.39529781204334596,0.0,0.34793372111250065,0.4121053010799885,0.31264835757459797,0.3481044020352463,0.39543458078411714,0.386660367384089,0.0,0.30375595160899393,0.4109325755291114,0.37263619447955515,0.4028097175320313,0.39119746916566706,0.0,0.0,0.0,0.3894480020267005,0.3789648123536236,0.0,0.0,0.0,0.0,0.0,0.0,0.0,0.4233560676287149,0.0,0.43302550977459636,0.0,0.0,0.4535655031877484,0.40215497369711417,0.42894602425936373,0.4027575762572375,0.0,0.4376844327367466,0.42077652332524607,0.43063028639784334,0.43417472594980205,0.4258576456838214,0.3935205306410535,0.41006743266469475,0.4391089610872435,0.0,0.4625970320050145,0.0,0.39781202113102015
0.4059252756955104,0.39697005793534135,0.3180798807080747,0.0,0.35274375590126084,0.3592222860301567,0.3686100355175012,0.38691175580544546,0.3363536425187384,0.4287687926681177,0.3662642404961344,0.0,0.3839206920522096,0.4116075600227279,0.3817485266091798,0.4023851544518389,0.0,0.4040082258933487,0.3602921688968199,0.3563090625417792,0.3758311900147016,0.40852301778956385,0.31264110448496274,0.0,0.38528897854350874,0.40647584142291443,0.0,0.3864208922815753,0.3580215203990109,0.3772951094948414,0.38480961490358023,0.38965318161937124,0.3522229378041639,0.4054266462925668,0.42596295023145003,0.37682309448295337,0.3806074152991189,0.4708169953953669,0.3920186677611894,0.0,0.428511418257009,0.4266430123096361,0.3876560584641737,0.0,0.0,0.0,0.0,0.4613248741314081,0.0,0.0,0.42189289818487274,0.4629081239481263,0.4385880958806282,0.44975055789793644,0.0,0.4361522789327389,0.5135196964114652,0.44054656725929214,0.46074378003112015,0.4099978724385314,0.0,0.0,0.0,0.48264887569461096,0.4107814282654075,0.3962959427842465,0.43496256737462674,0.43108959442983497,0.0,0.0,0.0,0.4229362200245291,0.4315214817359915,0.4184210566284548,0.45240514312971286,0.43380742603974143
0.41378225383142286,0.4229665922044168,0.40793632217096243,0.22890045688356217,0.3450906228797001,0.36495595538165504,0.3579738874230043,0.35636266385627846,0.37119965404748606,0.3916577777936405,0.36565028772817143,0.36525754081010525,0.34123498173463135,0.24687459987905183,0.35224888117072506,0.428992564826943,0.4031211779570996,0.41539928329572284,0.34153855108507164,0.3645246822153013,0.35584772032271206,0.4065889023512165,0.3667964032926815,0.3627761498636926,0.4028097962859534,0.4039790089562678,0.3864208922815753,0.0,0.3429513887932067,0.3185243178355979,0.3656218951878221,0.37919294644864227,0.3580349381499652,0.370875490084257,0.3462893476754174,0.2680904548120783,0.27266474570413773,0.33606611270752185,0.35743027127687504,0.0,0.0,0.0,0.0,0.0,0.0,0.0,0.0,0.0,0.0,0.0,0.41956653808160643,0.0,0.4148649934210591,0.0,0.4158410447110594,0.0,0.3870611069076586,0.4942534414470804,0.0,0.0,0.0,0.0,0.0,0.0,0.0,0.0,0.0,0.40066360751807856,0.0,0.0,0.0,0.4009094570029581,0.4385633250589121,0.4102447204450569,0.0,0.45201084965882643
0.0,0.4084739133838822,0.4042471366913365,0.0,0.3657963008080433,0.3290548271329433,0.39074396908360226,0.3286395681766273,0.3729116310226271,0.0,0.0,0.0,0.38807587716980557,0.0,0.3609139953246198,0.41990286690518924,0.0,0.41802123606466507,0.0,0.33170299728998337,0.3332430297522641,0.38870390042151237,0.3556661480003629,0.0,0.4006839420400169,0.39529781204334596,0.3580215203990109,0.3429513887932067,0.0,0.32249741268307835,0.34072496822582515,0.4044551365168989,0.344751785920125,0.38419127157589655,0.4267696407246805,0.36981338671770914,0.4324604653597632,0.0,0.37403934388189025,0.0,0.43655731629774547,0.0,0.0,0.0,0.0,0.0,0.0,0.0,0.0,0.0,0.4207560260604937,0.0,0.4037211553294822,0.0,0.0,0.0,0.0,0.45070977703651915,0.0,0.4050902952091543,0.0,0.0,0.0,0.0,0.4029936587205446,0.39432485654755584,0.42054341789807526,0.3851276518500396,0.0,0.0,0.4663868760801055,0.3868296068548026,0.42613408549479653,0.3925996602519704,0.0,0.42499754149631946
0.0,0.0,0.44464320146747793,0.0,0.3409492303648825,0.37899858255408614,0.3542621644512791,0.36312420550781654,0.411925204830411,0.0,0.0,0.0,0.3854269505859345,0.0,0.0,0.42263410008780056,0.0,0.0,0.4691590006078514,0.3417439174657367,0.34913938668253,0.38970839954563485,0.37165802131180004,0.0,0.0,0.0,0.3772951094948414,0.3185243178355979,0.32249741268307835,0.0,0.3263259385013341,0.40739503655906945,0.0,0.3619772266134247,0.41327942990115385,0.0,0.4216038577349912,0.0,0.37374058966692936,0.0,0.0,0.0,0.0,0.0,0.0,0.0,0.0,0.0,0.0,0.0,0.44434625151931695,0.0,0.47645154479925433,0.0,0.0,0.0,0.0,0.0,0.0,0.0,0.0,0.0,0.0,0.0,0.0,0.0,0.0,0.42042538514363437,0.0,0.0,0.0,0.41758232716923593,0.0,0.4409186049546381,0.0,0.0
0.3154327569885922,0.3426126350051892,0.3943046814487213,0.0,0.35619990458298234,0.3867052486909944,0.36665817537157436,0.3243629581091963,0.3347936701857761,0.3342103868055389,0.32589620344588943,0.3292674116432449,0.3860269283373091,0.0,0.3342968550127498,0.35151296655681386,0.3466509238037356,0.3794253960889948,0.3750961502947979,0.34486597214721676,0.3270775228119182,0.3652882574988619,0.37066218606724466,0.3007087550234296,0.3670130396803042,0.34793372111250065,0.38480961490358023,0.3656218951878221,0.34072496822582515,0.3263259385013341,0.0,0.3702355944440083,0.3332495760827849,0.28253251324204576,0.32769477507779293,0.38415944525400314,0.3387036511439449,0.2754792964882253,0.3783225772333645,0.2882730899859193,0.3688458002071537,0.0,0.0,0.0,0.25526349505847856,0.3277139451946878,0.35873772270306326,0.0,0.0,0.0,0.4366376675318858,0.0,0.3868151924332532,0.0,0.40836540226764084,0.0,0.3899630289446609,0.5586443003988966,0.0,0.2998285797642598,0.34316644952891673,0.4257449996842267,0.3729170200191819,0.0,0.39433511858247594,0.35867762244430335,0.3992336336400805,0.35564324355033583,0.39511625068089606,0.3802840774653855,0.373299627441971,0.3986937777158933,0.46029540957274845,0.41625100609110693,0.0,0.0
0.4030789113390715,0.411071310088664,0.38460376228921,0.28808583892205886,0.34637022687591285,0.3697932550993214,0.36232511942844237,0.31362354256595165,0.3512007112106097,0.34687505406817254,0.351560519612318,0.2829086343172047,0.3819731801978317,0.0,0.3980373913230346,0.43745201173800236,0.42553653030547345,0.4351761859748069,0.35251992090636713,0.4150920198891505,0.3677387797998566,0.42514061610635184,0.353739030878298,0.3034298332212639,0.4066822106544006,0.4121053010799885,0.38965318161937124,0.37919294644864227,0.4044551365168989,0.40739503655906945,0.3702355944440083,0.0,0.37975631299268503,0.32541623446436874,0.38724273483404353,0.27909916176365807,0.31359789091313306,0.24912108762411203,0.3062979540998024,0.32251879850955184,0.3599617135936078,0.3327789162471489,0.30456590685247187,0.2954348194835796,0.2625744182922944,0.4355365301172516,0.43276483075318495,0.0,0.0,0.0,0.3481721785020189,0.0,0.2587212018073821,0.5062655306806576,0.0,0.0,0.261449232507919,0.41405584864066775,0.0,0.4145678032321117,0.43542675907145145,0.0,0.0,0.0,0.38280966874553796,0.35422854987254293,0.4224436088111907,0.3267882901148438,0.0,0.4208124499920938,0.4357501414933517,0.3212092860905348,0.37934976699705425,0.3265426366844494,0.3948816247755087,0.32162782244165355
0.2957579676741419,0.33833743880424777,0.0,0.0,0.0,0.34047483814797613,0.0,0.3139631117306687,0.0,0.3091005635731563,0.0,0.28318928532374255,0.3906654042510243,0.0,0.32688980926684746,0.3849002587401476,0.33790340883393305,0.35195912697594445,0.0,0.37599102396600625,0.3040273705074573,0.3800013290011939,0.33413209031542,0.24665470851114715,0.3044626554192436,0.31264835757459797,0.3522229378041639,0.3580349381499652,0.344751785920125,0.0,0.3332495760827849,0.37975631299268503,0.0,0.2874783279475446,0.4503323236873064,0.3125946501722808,0.2517107680691392,0.217653141471134,0.3544674782473716,0.25454590512180364,0.35440060638333454,0.4103220938232837,0.0,0.0,0.2636735982173801,0.31790445403379636,0.4101309901357874,0.0,0.0,0.0,0.3862698857331607,0.0,0.0,0.0,0.34103095198504674,0.0,0.3382697570742249,0.0,0.0,0.40868708838036416,0.39056059053337666,0.3716526454293154,0.3619028964115488,0.0,0.3912846674095238,0.35361773097992194,0.40609443068082307,0.32513077415770886,0.3528870001855839,0.34259869721923525,0.4056800467953246,0.30924196325502407,0.3885434258564171,0.418176239180953,0.0,0.339222464189464
0.3355625839982387,0.3489427967660642,0.4147814037157455,0.23409592058736536,0.3549202096089567,0.4010032052793086,0.35363732232460243,0.31433755638707295,0.3688382084988315,0.3285012382062627,0.3686168982735156,0.2619614991637671,0.3754525282513128,0.3373165959704467,0.38274581497362303,0.36759485319701807,0.3623081252984866,0.37279107717201304,0.38687694485821794,0.38630693953193485,0.3557662977819246,0.39597004610592046,0.39006941799950073,0.2399081705527639,0.3448730181937422,0.3481044020352463,0.4054266462925668,0.370875490084257,0.38419127157589655,0.3619772266134247,0.28253251324204576,0.32541623446436874,0.2874783279475446,0.0,0.2617463647811554,0.3471155260455186,0.2664903940925952,0.21118294008414892,0.3292387116820362,0.24824252073689734,0.3571172180015107,0.3301528231118579,0.0,0.0,0.2959753456746874,0.3656355017137501,0.3907087239198574,0.0,0.0,0.0,0.43165818456436944,0.0,0.41202207037972627,0.0,0.3421344449294679,0.0,0.30524424300931363,0.502502300323096,0.0,0.4111518566200656,0.388766315397847,0.40169907046774356,0.37020558890507665,0.0,0.33969389985798215,0.3993173298856929,0.4079032867055121,0.3613603850220112,0.3884729070804966,0.3676846017145089,0.4168580607322094,0.3580949104595269,0.42686974104726966,0.4148947867726928,0.0,0.0
0.3899659719174373,0.3950409750535514,0.42724859977007684,0.24271612670201761,0.280659234006475,0.39501111405738837,0.2164107978133138,0.3844486274085277,0.37824776834987206,0.30474593975340464,0.3063380002295064,0.28527457128227485,0.33872345835774664,0.0,0.4217866415776517,0.4064086921178234,0.37806360033887776,0.40390495905890716,0.3540470051260155,0.4267496189307216,0.41791702995746866,0.44341158266849157,0.4191930894307794,0.24714758699991707,0.36930621361060467,0.39543458078411714,0.42596295023145003,0.3462893476754174,0.4267696407246805,0.41327942990115385,0.32769477507779293,0.38724273483404353,0.4503323236873064,0.2617463647811554,0.0,0.3271605303400345,0.30817125245183974,0.21927137956442533,0.3036037910491988,0.3273721701236727,0.3534586648299116,0.36092242372409006,0.3334517852617347,0.33332239662788443,0.2919506182153646,0.0,0.37853908328587627,0.0,0.0,0.0,0.46695421635975265,0.0,0.3701957774244449,0.0,0.3444764736274965,0.0,0.29411858912599975,0.0,0.0,0.43946268757677165,0.42338452047514596,0.0,0.0,0.0,0.42504541042422256,0.4164657254782387,0.43547945012505485,0.408341668131101,0.0,0.0,0.43100278968150596,0.40755650726725534,0.4272022471249839,0.4334300191363739,0.480086253658173,0.0
0.48865537332419046,0.0,0.38755664410128826,0.17590957718654585,0.24596850216171898,0.3409104671046192,0.29651884333609957,0.3038627171914835,0.35351650670309687,0.30153201090925336,0.29732183173111326,0.3142082866288857,0.34504615146017314,0.21962236671011148,0.0,0.0,0.0,0.0,0.34378757837994467,0.0,0.35459229672527603,0.0,0.32939833039727695,0.0,0.0,0.386660367384089,0.37682309448295337,0.2680904548120783,0.36981338671770914,0.0,0.38415944525400314,0.27909916176365807,0.3125946501722808,0.3471155260455186,0.3271605303400345,0.0,0.22248292706063158,0.2987709329940613,0.27699491704174345,0.19824570307812814,0.2799602656806459,0.2830440436264518,0.27131428171190836,0.3214545851492596,0.0,0.0,0.0,0.0,0.0,0.0,0.406264230068182,0.0,0.0,0.4067021748238318,0.0,0.3320419214886044,0.26277185444786116,0.0,0.2945547932602782,0.0,0.0,0.0,0.0,0.41074876511327607,0.0,0.0,0.0,0.38294628255853147,0.0,0.0,0.0,0.40877368377668816,0.0,0.0,0.0,0.0
0.0,0.0,0.41501231975292996,0.18362863965302373,0.33814058134106045,0.3798322339853508,0.3030451124769831,0.36641772737236783,0.37379413641900155,0.2848874879844637,0.36368113233979094,0.2883432085317306,0.3431767788569662,0.1511555230265621,0.0,0.0,0.0,0.0,0.3869907704839728,0.0,0.40317358648688845,0.0,0.3795994149211055,0.2370983434963797,0.0,0.0,0.3806074152991189,0.27266474570413773,0.4324604653597632,0.4216038577349912,0.3387036511439449,0.31359789091313306,0.2517107680691392,0.2664903940925952,0.30817125245183974,0.22248292706063158,0.0,0.2811222998444131,0.25608532777675547,0.0,0.0,0.3140927605818785,0.28871852414031574,0.0,0.0,0.0,0.0,0.0,0.0,0.0,0.0,0.0,0.0,0.0,0.0,0.0,0.2592505777237971,0.0,0.0,0.0,0.0,0.0,0.0,0.0,0.0,0.0,0.0,0.4938953107383711,0.0,0.0,0.0,0.0,0.0,0.0,0.0,0.0
0.3964998112671804,0.0,0.0,0.2741713734972536,0.3705699448197717,0.4324274902281907,0.31367679895825995,0.6624813807860358,0.38363160222150744,0.27763611765057394,0.38696414393322703,0.24577247500724506,0.3451323808072014,0.0,0.0,0.0,0.32813397943471195,0.0,0.0,0.0,0.0,0.0,0.4459554401011071,0.24511104856559812,0.3280874045978389,0.30375595160899393,0.4708169953953669,0.33606611270752185,0.0,0.0,0.2754792964882253,0.24912108762411203,0.217653141471134,0.21118294008414892,0.21927137956442533,0.2987709329940613,0.2811222998444131,0.0,0.24229337530452721,0.222984119731989,0.24205733870384527,0.0,0.0,0.0,0.24420946470314225,0.0,0.0,0.0,0.0,0.0,0.0,0.0,0.0,0.0,0.28957888012152094,0.0,0.25166602078172534,0.0,0.0,0.0,0.0,0.3365136519240861,0.26905843866815055,0.0,0.0,0.0,0.0,0.0,0.3145408402642703,0.3670094450912913,0.3056268326835877,0.0,0.3930989028252956,0.0,0.0,0.3226328341826822
0.40723283224250173,0.41687268548033,0.0,0.0,0.0,0.3424231657712328,0.0,0.31567566754933296,0.0,0.34725907164507974,0.0,0.0,0.4030638398440523,0.0,0.4114398734903532,0.3891257314204212,0.0,0.35432218381688374,0.0,0.3849240956373471,0.3618066827089532,0.40659300182814323,0.3896474412072653,0.4015685455960422,0.3712406771094506,0.4109325755291114,0.3920186677611894,0.35743027127687504,0.37403934388189025,0.37374058966692936,0.3783225772333645,0.3062979540998024,0.3544674782473716,0.3292387116820362,0.3036037910491988,0.27699491704174345,0.25608532777675547,0.24229337530452721,0.0,0.3397277731008823,0.4021315826222742,0.3780165502747197,0.30943669739719215,0.3105148094558394,0.26087989744519463,0.410948853690821,0.4012289592171165,0.39840146773217705,0.28533365679080724,0.38511397316204826,0.38229774624796903,0.3806804638580902,0.35551594104964157,0.40862379334095944,0.3200355067025294,0.4120164539200427,0.2651726052950821,0.39293406962093946,0.3234818132554171,0.40672245862398276,0.42026004380729703,0.4142571760521929,0.424066156916117,0.3930330224494096,0.422093622944898,0.3749837369898878,0.4278423842044403,0.37019642362801,0.3522185787931606,0.40348726441947463,0.4073111106436755,0.3851319450056596,0.38489591693309244,0.40106809014455796,0.4105389442031195,0.3886140058782131
0.36288017176384113,0.39836278873723346,0.0,0.0,0.0,0.0,0.0,0.0,0.0,0.27209945315681794,0.0,0.3009490444281841,0.0,0.0,0.36766347345539974,0.41391747048813365,0.40138016101979296,0.3469039935859376,0.0,0.0,0.38444254799795746,0.388842173845775,0.0,0.3089762875043201,0.34901601444669944,0.37263619447955515,0.0,0.0,0.0,0.0,0.2882730899859193,0.32251879850955184,0.25454590512180364,0.24824252073689734,0.3273721701236727,0.19824570307812814,0.0,0.222984119731989,0.3397277731008823,0.0,0.2806871744225455,0.35152967304109234,0.2983927585715227,0.2430912943618145,0.18457070392030503,0.2931002441935777,0.3185938104944383,0.0,0.20095303177288365,0.0,0.374622960383851,0.3953179540553025,0.3722177651174717,0.4117993079844687,0.27642325125177963,0.402332495392711,0.2357663643615983,0.3662538752408826,0.0,0.3457594240398231,0.3398188010696304,0.2963539441747728,0.3044204811213955,0.0,0.3613759903940977,0.3161296874358585,0.36624446814243694,0.3227765125532534,0.21863174603851676,0.29155699287461456,0.3048403928152474,0.34724800381741766,0.3414403711256842,0.3348396298921378,0.38983001382855353,0.3182682322230976
0.37844474334534206,0.3721758550567386,0.0,0.0,0.0,0.4281662190809857,0.0,0.41891661199622654,0.0,0.3043807857035641,0.0,0.31293457761859794,0.0,0.0,0.426946575861193,0.40237118115881704,0.4524619563537625,0.3561509131851982,0.0,0.43639980004660894,0.4296534631936225,0.40126150322369536,0.37924307458776385,0.3661263577999176,0.355267065573381,0.4028097175320313,0.428511418257009,0.0,0.43655731629774547,0.0,0.3688458002071537,0.3599617135936078,0.35440060638333454,0.3571172180015107,0.3534586648299116,0.2799602656806459,0.0,0.24205733870384527,0.4021315826222742,0.2806871744225455,0.0,0.3725912105522588,0.28076667772949854,0.28929059537595236,0.22761469374805793,0.3423100684145778,0.3602601286464143,0.38740045055575656,0.2031617631454235,0.39633375184430136,0.41239607490894103,0.3818629605466762,0.36172512827415415,0.4176935482424308,0.3073815546452033,0.39365738752108037,0.26325836262132,0.38699639545665876,0.32506337351983944,0.41518391351362405,0.3685451156283948,0.3543407495183656,0.36164138006922725,0.37498663755670525,0.41663692559449333,0.39982618207288734,0.4101480368422902,0.40059057321987107,0.2630689905085063,0.34211020227543015,0.3649865622082618,0.41298431823920384,0.35678172313131495,0.39055971016402546,0.3797228404023052,0.2520368387492046
