0,1,2,3,4,5,6,7,8,9,10,11,12,13,14,15,16,17,18,19,20,21,22,23,24,25,26,27,28,29,30,31,32,33,34,35,36,37,38,39,40,41,42,43,44,45,46,47,48,49,50,51,52,53,54,55,56,57,58,59,60,61,62,63,64,65,66,67,68,69,70,71,72,73,74,75
0.0,0.41108872708088623,0.0,0.0,0.0,0.0,0.0,0.5381842060950093,0.0,0.4435025550771662,0.0,0.4278508318854528,0.0,0.5126082200749268,0.4041469540808298,0.3937811921394434,0.0,0.3899884131363146,0.0,0.47366777664135135,0.4290243165898434,0.3889038795682688,0.49594638658144835,0.3956523611088622,0.38950743070460125,0.3868907170922712,0.47504058218836037,0.48336109434142877,0.483564607501102,0.0,0.36884787008714853,0.4305483595126547,0.3625773760108941,0.3727621543096547,0.42632124501660085,0.0,0.0,0.4738726442273298,0.5002859799436923,0.46809331948014055,0.46920423716284076,0.0,0.0,0.0,0.0,0.5004653850310041,0.4972978613556033,0.0,0.0,0.0,0.0,0.0,0.0,0.0,0.4988822469956167,0.0,0.490403062928943,0.0,0.0,0.0,0.47717378340664396,0.0,0.48568480478114534,0.0,0.0,0.515649795472656,0.4811303043777312,0.4724118876422235,0.45507059646882503,0.4693886758605043,0.4950666499775739,0.5471521786900848,0.0,0.0,0.0,0.0
0.41108872708088623,0.0,0.47630675000172595,0.0,0.4588222918478414,0.4270551983649979,0.4814065978983877,0.47163043030888296,0.4390770014515575,0.4071696771561248,0.0,0.0,0.49939723075885656,0.0,0.42348981289269316,0.40258148067958544,0.0,0.39656400339060954,0.0,0.4367183913923122,0.4189006944156878,0.39518211148975674,0.39753164104923483,0.4012758954102229,0.39735083379672465,0.38409458947793135,0.4292214303077534,0.4959672156504486,0.44599900416592914,0.0,0.3764134084676489,0.42880837478227507,0.36876979475628846,0.376348026540341,0.4355349226294163,0.0,0.0,0.0,0.4679611731575725,0.4654484377050465,0.45588096346770174,0.46296724090279423,0.0,0.0,0.0,0.4886344076404836,0.4715764359862568,0.0,0.0,0.0,0.0,0.0,0.0,0.0,0.0,0.0,0.0,0.0,0.0,0.4999475944177725,0.46191315220561935,0.0,0.44216992458751403,0.0,0.4506900519589154,0.4916432023035995,0.45478562575123865,0.0,0.0,0.4571097458997481,0.48731375604450267,0.4710646613854067,0.0,0.0,0.0,0.42540640038630906
0.0,0.47630675000172595,0.0,0.0,0.4148965124351616,0.4062536261818352,0.4519667565940922,0.5109146333425124,0.32707664436219763,0.5265118421120056,0.39331103792378497,0.0,0.4641309711843232,0.482148578403983,0.0,0.6467486224785794,0.0,0.0,0.3207638613426397,0.43034376705197114,0.0,0.4602969998514511,0.36712458171070167,0.0,0.5690236695736421,0.5298740116909543,0.3412857023580252,0.4643085431804116,0.4284362247794462,0.4830133602074407,0.48168286767795343,0.4464409494606692,0.47605225618713115,0.48239917393354675,0.4755456636484995,0.4406574013762082,0.44612157366436417,0.0,0.5309710336119153,0.0,0.0,0.0,0.5056946552059783,0.0,0.0,0.0,0.0,0.362651107761926,0.0,0.5570966153980252,0.0,0.0,0.576295820451778,0.555729109737423,0.0,0.5246416370302112,0.0,0.0,0.5397749347201926,0.0,0.0,0.0,0.0,0.434631563391098,0.0,0.0,0.0,0.587122770810872,0.0,0.0,0.0,0.5698473555439183,0.0,0.0,0.0,0.0
0.0,0.0,0.0,0.0,0.2566767204639862,0.0,0.30881636985000804,0.35208547902654336,0.4028474724966335,0.0,0.34051299154808623,0.0,0.2921631983705599,0.24691339045142774,0.0,0.0,0.0,0.0,0.3474936197921985,0.0,0.0,0.4573347380063434,0.3901009658732345,0.0,0.0,0.0,0.0,0.24065478648942135,0.0,0.0,0.17164811720958956,0.2848380022045691,0.0,0.21440583424305804,0.33619621287523216,0.19025049836465874,0.16592375246824514,0.0,0.2672499185983316,0.18871728979440466,0.0,0.25758381365155764,0.0,0.0,0.0,0.0,0.0,0.0,0.0,0.0,0.0,0.0,0.0,0.0,0.0,0.0,0.2524683627454317,0.0,0.0,0.0,0.0,0.0,0.0,0.0,0.0,0.0,0.0,0.0,0.0,0.0,0.0,0.0,0.0,0.0,0.0,0.0
0.0,0.4588222918478414,0.4148965124351616,0.2566767204639862,0.0,0.39680200401887,0.37289324461408657,0.3768018886283556,0.3865739219657536,0.4554895472974983,0.3419441603696222,0.0,0.40066701665697985,0.30606732544102794,0.0,0.0,0.0,0.0,0.3947869386634201,0.0,0.0,0.45173111214741923,0.36639717533442245,0.0,0.0,0.0,0.4087446917223873,0.400664946017076,0.41507692117479983,0.41524755237751343,0.47390478534893427,0.3839129306437891,0.0,0.4458392077647605,0.39152887877652415,0.2453894866539744,0.20161054836383924,0.38026931658101965,0.0,0.0,0.0,0.0,0.4375797739513456,0.0,0.0,0.0,0.0,0.0,0.0,0.0,0.0,0.0,0.0,0.0,0.0,0.45146952283109376,0.0,0.0,0.0,0.0,0.0,0.0,0.0,0.0,0.0,0.0,0.0,0.5322571286299645,0.0,0.0,0.0,0.0,0.0,0.0,0.0,0.0
0.0,0.4270551983649979,0.4062536261818352,0.0,0.39680200401887,0.0,0.4284719250911262,0.43867366987171963,0.35214088325765686,0.4711135170029832,0.3966816077331845,0.0,0.39888478725898063,0.4026355189102585,0.43827076996357794,0.44133823359233587,0.0,0.4411737094921767,0.39375406321838075,0.4220585889964255,0.4185988449302182,0.4429045782873665,0.4180107993961091,0.0,0.42353967075144916,0.4214095721185678,0.3982174570329362,0.40314259625663035,0.3672766240604643,0.4338272609712692,0.4460264271320292,0.43635860960555933,0.37978824021969754,0.45158363433762977,0.4726997400789102,0.4414748214303125,0.4310802977006058,0.0,0.5167803915135465,0.0,0.5257895767259003,0.0,0.0,0.0,0.0,0.0,0.0,0.5503245390861068,0.0,0.0,0.49968124949067266,0.5441982610409076,0.48799479846931554,0.5303856176673534,0.0,0.0,0.0,0.540047443646547,0.0,0.0,0.0,0.0,0.0,0.0,0.0,0.0,0.0,0.5098815348623743,0.0,0.0,0.0,0.5059541001270621,0.5184293272385905,0.5021294618995449,0.0,0.5261321895529253
0.0,0.4814065978983877,0.4519667565940922,0.30881636985000804,0.37289324461408657,0.4284719250911262,0.0,0.47797368017828856,0.4228481639538156,0.4214993491454802,0.4688214670278327,0.0,0.38506615230470026,0.3740411123444028,0.0,0.4821244376299621,0.0,0.4783184816560625,0.47358864050095895,0.4722746046573,0.0,0.48859577027417833,0.4396030867900831,0.0,0.46673197200087996,0.46070160700503837,0.44100198889984993,0.414804587243886,0.43590230369357,0.43250758949105383,0.46343958184654327,0.399588419163942,0.0,0.4566913038468237,0.4928664683379725,0.31988055748588556,0.2602839526720146,0.37257054698601655,0.0,0.0,0.0,0.0,0.0,0.0,0.0,0.0,0.0,0.0,0.0,0.0,0.0,0.0,0.0,0.0,0.0,0.0,0.0,0.0,0.0,0.0,0.0,0.0,0.0,0.0,0.0,0.0,0.0,0.5750528542014067,0.0,0.0,0.0,0.0,0.0,0.0,0.0,0.0
0.5381842060950093,0.47163043030888296,0.5109146333425124,0.35208547902654336,0.3768018886283556,0.43867366987171963,0.47797368017828856,0.0,0.5028885243788644,0.5293645636268399,0.38402124603718063,0.0,0.4635175632041774,0.3797341131690291,0.49527513499450626,0.47310337968309707,0.0,0.5003742347453334,0.46376162232164486,0.44106430592171075,0.44939943973842383,0.46510134361257716,0.38951022567556426,0.5452490046635048,0.5173619597732384,0.5059113500743199,0.46201685304965223,0.4574828357399925,0.40230567446200877,0.43496531277638284,0.5013507382976691,0.4249571039809321,0.4578050340993609,0.5126645497990108,0.47026553350627437,0.3272075492647789,0.4062516764927543,0.0,0.47035423789276737,0.0,0.5108213055458641,0.5165821754766812,0.34791334287263415,0.0,0.0,0.4301904855570672,0.47142149748638357,0.5344390114450501,0.0,0.48276988775411567,0.4449700583603139,0.47809013269527734,0.4173374862584581,0.5294178117657128,0.0,0.4977997754564111,0.0,0.47908873046915734,0.4263216730936933,0.5095026044215342,0.0,0.0,0.0,0.4882262358845178,0.507297982902923,0.5080957061945903,0.43926224752768556,0.4941279795305103,0.0,0.0,0.6105734785604613,0.5215554536188263,0.4974278276804154,0.48969566455761265,0.5786995052032746,0.528936616914087
0.0,0.4390770014515575,0.32707664436219763,0.4028474724966335,0.3865739219657536,0.35214088325765686,0.4228481639538156,0.5028885243788644,0.0,0.47624897552048195,0.3641679183732042,0.44431618366782333,0.4150504377085303,0.4373094392009028,0.0,0.47165422795230144,0.0,0.0,0.27854604105458947,0.4375699026836166,0.0,0.456882066396747,0.4210681348317962,0.0,0.4718442350568206,0.46751749525417674,0.35191707724843757,0.4579197909530397,0.4078223583438254,0.4752318474356993,0.4791867854466108,0.4480661822546858,0.4272358043715059,0.4775479431940161,0.4604922188688896,0.4270068949489597,0.4350830034819121,0.4545441788854475,0.4946267337051615,0.0,0.0,0.0,0.4716318748276,0.0,0.0,0.0,0.0,0.5499087628030122,0.0,0.5731311289948269,0.0,0.0,0.5469617400922765,0.5924802679862714,0.0,0.5322360458884672,0.43528935464560514,0.0,0.49419681998699805,0.0,0.0,0.0,0.0,0.5423325408591433,0.0,0.0,0.0,0.5469303347832565,0.0,0.0,0.0,0.5303816896952354,0.0,0.0,0.0,0.0
0.4435025550771662,0.4071696771561248,0.5265118421120056,0.0,0.4554895472974983,0.4711135170029832,0.4214993491454802,0.5293645636268399,0.47624897552048195,0.0,0.4841279248775782,0.32365485040722186,0.4264105408055524,0.17439766244459123,0.0,0.3850526699165543,0.3206141147657144,0.3177160890105646,0.4934325248825934,0.48678617291836446,0.0,0.42449346242132113,0.4774610131125405,0.3586392928439266,0.3295555043590902,0.3624064756424654,0.48394227732304496,0.43185573443861835,0.0,0.5489827785316169,0.3732114460467254,0.3697863997949631,0.3430249429509083,0.33928737141579157,0.3104187239333649,0.2442987100621432,0.15886022284395707,0.30561419574562165,0.3446719265097934,0.3834402046431219,0.383578765457567,0.2960760216902746,0.0,0.0,0.3858901762024054,0.0,0.0,0.0,0.0,0.0,0.0,0.0,0.0,0.0,0.43057016789575253,0.0,0.43394645560380085,0.0,0.0,0.0,0.42588154102780534,0.41589732988137845,0.4058283714210348,0.0,0.0,0.0,0.0,0.0,0.4204109126989338,0.42763877187622423,0.44093605313179646,0.0,0.4552114941325982,0.0,0.0,0.4403407673185364
0.0,0.0,0.39331103792378497,0.34051299154808623,0.3419441603696222,0.3966816077331845,0.4688214670278327,0.38402124603718063,0.3641679183732042,0.4841279248775782,0.0,0.4930259305450932,0.46673849918030264,0.3108739686490025,0.0,0.0,0.0,0.0,0.3153321088261549,0.0,0.47473794250281476,0.0,0.3321737096423204,0.0,0.0,0.0,0.40425475889116436,0.4642618890098132,0.0,0.0,0.49634152203099124,0.4333180805440466,0.0,0.48018789759152547,0.45285648016418095,0.3406855341962164,0.44581919726401203,0.45685275004688786,0.40914816074239585,0.0,0.0,0.0,0.3952550968846785,0.0,0.0,0.0,0.0,0.49187843017374955,0.0,0.4717034094350245,0.0,0.4933196115248888,0.0,0.48837283884606036,0.0,0.2705278987801908,0.0,0.5203156201887232,0.4557333761443013,0.0,0.0,0.0,0.0,0.24032077763798876,0.0,0.0,0.0,0.5240235293138543,0.0,0.0,0.0,0.5371281832440279,0.0,0.0,0.0,0.0
0.4278508318854528,0.0,0.0,0.0,0.0,0.0,0.0,0.0,0.44431618366782333,0.32365485040722186,0.4930259305450932,0.0,0.4364346580932311,0.0,0.0,0.5220300588079019,0.370524911532136,0.36960963576873,0.0,0.0,0.0,0.0,0.0,0.31323215972885854,0.3608167336863902,0.32868800750680977,0.0,0.41531824699423286,0.0,0.43343047144063546,0.4074354186438762,0.28200714516429576,0.3097561115543574,0.3194983579665786,0.30145965815807224,0.32170180439393803,0.0,0.24794679602500116,0.3193129654922968,0.38249111255556656,0.38539313869047875,0.32067361052322296,0.0,0.0,0.35978958234827996,0.0,0.0,0.0,0.0,0.0,0.0,0.0,0.0,0.0,0.4331989954574313,0.0,0.4254157186125279,0.4874342662451121,0.0,0.0,0.5103950936324777,0.4336302841416544,0.4171820820785427,0.0,0.0,0.0,0.0,0.0,0.4158654471032497,0.43406323068860053,0.45010007651628103,0.0,0.46358494377810255,0.0,0.0,0.4442967148563201
0.0,0.49939723075885656,0.4641309711843232,0.2921631983705599,0.40066701665697985,0.39888478725898063,0.38506615230470026,0.4635175632041774,0.4150504377085303,0.4264105408055524,0.46673849918030264,0.4364346580932311,0.0,0.37814833863920566,0.0,0.489528880840581,0.0,0.4683463323345992,0.46468192741580605,0.4603100885589869,0.0,0.48693354573304315,0.44082821574799763,0.0,0.4677924496833906,0.4627539054668612,0.4521214525047191,0.3746706244382911,0.41060027285431805,0.42752010074644736,0.4345430605237043,0.3915471985803503,0.40563946325766603,0.4335910514366743,0.4145498554980231,0.3386751404016992,0.350810366218921,0.3815525824638201,0.0,0.0,0.45252555371922565,0.0,0.0,0.0,0.0,0.0,0.0,0.6055876859021467,0.0,0.0,0.0,0.0,0.517959773344054,0.0,0.0,0.0,0.37659321222285885,0.0,0.0,0.0,0.0,0.0,0.0,0.0,0.0,0.0,0.0,0.5241422284339476,0.0,0.0,0.0,0.5190006147399605,0.0,0.0,0.0,0.0
0.5126082200749268,0.0,0.482148578403983,0.24691339045142774,0.30606732544102794,0.4026355189102585,0.3740411123444028,0.3797341131690291,0.4373094392009028,0.17439766244459123,0.3108739686490025,0.0,0.37814833863920566,0.0,0.38467712947359756,0.0,0.0,0.0,0.39021194558165817,0.0,0.4803492612301334,0.0,0.4048686439384822,0.0,0.0,0.5311741094093746,0.45796200907343304,0.30931429683611517,0.47015549609473367,0.3795874035757705,0.415657957246191,0.2854495126491622,0.0,0.45565535508975674,0.0,0.23403292773465273,0.17120787398376078,0.0,0.0,0.0,0.0,0.0,0.33245641614772575,0.0,0.0,0.0,0.0,0.4943716142229676,0.0,0.38085782726385564,0.0,0.0,0.0,0.46153996069405884,0.0,0.44673557366127103,0.0,0.0,0.0,0.0,0.0,0.0,0.0,0.0,0.0,0.0,0.0,0.5148580542289176,0.0,0.0,0.0,0.0,0.0,0.0,0.0,0.0
0.4041469540808298,0.42348981289269316,0.0,0.0,0.0,0.43827076996357794,0.0,0.49527513499450626,0.0,0.0,0.0,0.0,0.0,0.38467712947359756,0.0,0.44475288637177085,0.0,0.4293467388729093,0.0,0.3728523394702338,0.4290823474802089,0.39540931872505186,0.4059324112556875,0.0,0.3930343426414723,0.4075102051365042,0.4405256927763892,0.48032536656114866,0.4263481832769605,0.0,0.44088134384578503,0.45074413057768614,0.4258052971704988,0.4592835911350948,0.508034141285514,0.5043318990679588,0.0,0.0,0.5078323650835478,0.5088831359420037,0.517743162303531,0.5518336562075481,0.617756648798105,0.0,0.0,0.43131826186170474,0.5185833274761851,0.0,0.0,0.0,0.0,0.0,0.5020647075017671,0.0,0.0,0.0,0.0,0.0,0.0,0.49008205317711456,0.0,0.0,0.0,0.0,0.48661480242840277,0.5018937681717741,0.5226820863040266,0.49875961822931997,0.0,0.0,0.5393742597212285,0.49908402323804885,0.0,0.4809052685490279,0.0,0.0
0.3937811921394434,0.40258148067958544,0.6467486224785794,0.0,0.0,0.44133823359233587,0.4821244376299621,0.47310337968309707,0.47165422795230144,0.3850526699165543,0.0,0.5220300588079019,0.489528880840581,0.0,0.44475288637177085,0.0,0.36849248685502645,0.35439459655703914,0.0,0.4375176640114607,0.4224489843101279,0.3862012625614468,0.40293882768286776,0.4029791566888282,0.37480093174973717,0.40723263529721015,0.4393770518563635,0.4812232843953368,0.46440162160497445,0.47651152030356536,0.37629810210973014,0.4263067301076455,0.38536610422598794,0.3614292668064937,0.4069406864488208,0.0,0.0,0.0,0.45213126850021224,0.4286368661261754,0.42956845328658283,0.4543885339369396,0.0,0.0,0.0,0.4755066380590275,0.4459911310628033,0.0,0.0,0.0,0.0,0.0,0.0,0.0,0.0,0.0,0.0,0.0,0.0,0.4998005084350252,0.438681114522144,0.0,0.45045649920710723,0.0,0.0,0.0,0.43552508021306036,0.0,0.48081511067663885,0.44541282183221975,0.4639200803485291,0.0,0.0,0.0,0.0,0.4127897811986601
0.0,0.0,0.0,0.0,0.0,0.0,0.0,0.0,0.0,0.3206141147657144,0.0,0.370524911532136,0.0,0.0,0.0,0.36849248685502645,0.0,0.308096820053246,0.0,0.4421939118238699,0.0,0.40438678339635936,0.0,0.3722486229640811,0.3351912500820432,0.36199784234318644,0.0,0.0,0.0,0.0,0.3355384357156151,0.43477530271280085,0.344429494859965,0.35488874137678106,0.3778739385165343,0.0,0.0,0.33747163992375295,0.0,0.37694262684967267,0.44569110111370275,0.0,0.0,0.0,0.0,0.0,0.38488998301821087,0.0,0.0,0.0,0.0,0.0,0.0,0.0,0.4400877852728897,0.0,0.45305817427755335,0.0,0.0,0.0,0.3989910268807164,0.0,0.38822255169842057,0.0,0.0,0.0,0.0,0.0,0.4558910976979109,0.40334972182678674,0.43568956696727174,0.0,0.0,0.0,0.0,0.0
0.3899884131363146,0.39656400339060954,0.0,0.0,0.0,0.4411737094921767,0.4783184816560625,0.5003742347453334,0.0,0.3177160890105646,0.0,0.36960963576873,0.4683463323345992,0.0,0.4293467388729093,0.35439459655703914,0.308096820053246,0.0,0.0,0.4385900737086238,0.4275744827978689,0.4106402379185309,0.48487095352180976,0.37086036261606936,0.36105015189104095,0.3832804959460872,0.43850614449091635,0.46806821952461564,0.45895622022904575,0.47718624262187737,0.34534666430261973,0.437243881067789,0.3724350143900758,0.364111821769679,0.40150352778155374,0.0,0.0,0.35509623468212215,0.48039527381486485,0.40992434391237015,0.4259388454797328,0.45590239608118616,0.0,0.0,0.0,0.462019204746476,0.42348694974891976,0.0,0.0,0.0,0.0,0.0,0.0,0.0,0.4599790326223531,0.0,0.46311101549139727,0.0,0.0,0.0,0.425082319544483,0.47614078634578494,0.426174463404422,0.0,0.0,0.0,0.4000215498328004,0.0,0.4564411391481232,0.4337599760107725,0.460490970539716,0.0,0.0,0.0,0.0,0.4408668705382233
0.0,0.0,0.3207638613426397,0.3474936197921985,0.3947869386634201,0.39375406321838075,0.47358864050095895,0.46376162232164486,0.27854604105458947,0.4934325248825934,0.3153321088261549,0.0,0.46468192741580605,0.39021194558165817,0.0,0.0,0.0,0.0,0.0,0.0,0.0,0.0,0.346951874694636,0.0,0.0,0.0,0.37549820235524767,0.46932860373616764,0.0,0.0,0.4814027281949296,0.431177833268815,0.0,0.4713835385472235,0.4689245627810713,0.4037677721967049,0.46042208507100213,0.0,0.4182556154777476,0.0,0.0,0.0,0.44306836081060125,0.0,0.0,0.0,0.0,0.5319222584426192,0.0,0.5173913741223024,0.0,0.0,0.5704125500614914,0.538229672806374,0.0,0.4796712919196464,0.0,0.0,0.5623948467099694,0.0,0.0,0.0,0.0,0.5313810561565419,0.0,0.0,0.0,0.548221144491448,0.0,0.0,0.0,0.56179362064872,0.0,0.0,0.0,0.0
0.47366777664135135,0.4367183913923122,0.43034376705197114,0.0,0.0,0.4220585889964255,0.4722746046573,0.44106430592171075,0.4375699026836166,0.48678617291836446,0.0,0.0,0.4603100885589869,0.0,0.3728523394702338,0.4375176640114607,0.4421939118238699,0.4385900737086238,0.0,0.0,0.4513595097799083,0.39301959815690823,0.3410789199270919,0.0,0.41625270127044023,0.4536002897854227,0.3825269851815237,0.3989102314383745,0.3284517071727362,0.3388569886451796,0.40696420451615334,0.4750254216307951,0.4319209624975639,0.46145095318270335,0.5138396457541782,0.5314629283944775,0.5049103436207503,0.0,0.5002766525189278,0.4891177453876683,0.5137618646012344,0.5087277934497847,0.0,0.0,0.0,0.0,0.0,0.0,0.0,0.0,0.0,0.0,0.5092945965072517,0.0,0.0,0.0,0.46887259221738775,0.0,0.0,0.4800104541339589,0.0,0.0,0.0,0.0,0.4853080613241923,0.47751162524950563,0.4951860892158908,0.5047520344957426,0.0,0.0,0.49498026992274136,0.5020505595594686,0.5288469010509806,0.4836226202939217,0.0,0.5017756008889134
0.4290243165898434,0.4189006944156878,0.0,0.0,0.0,0.4185988449302182,0.0,0.44939943973842383,0.0,0.0,0.47473794250281476,0.0,0.0,0.4803492612301334,0.4290823474802089,0.4224489843101279,0.0,0.4275744827978689,0.0,0.4513595097799083,0.0,0.45019337703302054,0.42400093889554713,0.4971440043810296,0.4388028994322584,0.43114993868147367,0.4500663988079915,0.0,0.4436631680914242,0.0,0.3558517763552447,0.4358258473951826,0.3613280678276178,0.4208790644489726,0.4704385886887131,0.4906603126897726,0.0,0.0,0.5101060229623915,0.46732488164426644,0.520580917720181,0.5646480460779418,0.0,0.0,0.0,0.509281438364416,0.5085454923053541,0.0,0.0,0.0,0.4664390002534867,0.0,0.3826667157535997,0.0,0.0,0.0,0.0,0.0,0.0,0.49298550780006484,0.4850029079497129,0.0,0.0,0.0,0.47283372220865805,0.4429399389243185,0.5030227460205644,0.4930907307378015,0.0,0.0,0.5218907245198807,0.49839399628350645,0.514135092154469,0.5037892134205643,0.0,0.0
0.3889038795682688,0.39518211148975674,0.4602969998514511,0.4573347380063434,0.45173111214741923,0.4429045782873665,0.48859577027417833,0.46510134361257716,0.456882066396747,0.42449346242132113,0.0,0.0,0.48693354573304315,0.0,0.39540931872505186,0.3862012625614468,0.40438678339635936,0.4106402379185309,0.0,0.39301959815690823,0.45019337703302054,0.0,0.459567041574966,0.466370137525565,0.4113719892050251,0.4006949084703486,0.45097939261107833,0.47501113645920595,0.41113280006415875,0.4473021062217784,0.3889791685412227,0.45934569829667693,0.41477584262710043,0.43799689865785596,0.5090541260980879,0.5384804808509158,0.4947273438512466,0.0,0.5013240006813583,0.49079742853150504,0.5056625864008103,0.5351034614950718,0.6101315731960106,0.0,0.0,0.4732062561806631,0.47383957275236005,0.0,0.0,0.0,0.0,0.0,0.0,0.0,0.0,0.0,0.0,0.0,0.0,0.5186178470548979,0.44701576072233584,0.0,0.0,0.0,0.48328284572367886,0.5027007502590838,0.4975173720217106,0.5018759276695838,0.0,0.44631691204343193,0.5103615866619015,0.4986604470194336,0.0,0.48783009805572675,0.0,0.0
0.49594638658144835,0.39753164104923483,0.36712458171070167,0.3901009658732345,0.36639717533442245,0.4180107993961091,0.4396030867900831,0.38951022567556426,0.4210681348317962,0.4774610131125405,0.3321737096423204,0.0,0.44082821574799763,0.4048686439384822,0.4059324112556875,0.40293882768286776,0.0,0.48487095352180976,0.346951874694636,0.3410789199270919,0.42400093889554713,0.459567041574966,0.0,0.5180606590220205,0.4251165869415683,0.46268634935275765,0.34749448508973974,0.4353415461137448,0.3990361834608547,0.4185481712125212,0.45653641538837486,0.4253405602272489,0.41552107285195045,0.4625385060238408,0.46011594934399774,0.4259479900516388,0.42633082211970685,0.0,0.5088200168713478,0.46376791140412177,0.5369728588249499,0.5263436388892437,0.491602874330485,0.0,0.0,0.46147333403086677,0.5155675997484181,0.5354794790801894,0.0,0.5334681085430729,0.4912015864777746,0.5111433608045289,0.48016575241450254,0.5385198424653638,0.0,0.5208716159051747,0.5039984972560896,0.5145428286230642,0.5428069592034384,0.5003222507683043,0.0,0.0,0.0,0.5413602342488312,0.5136816560713687,0.4867725811834814,0.5046859473892205,0.5053547382358851,0.0,0.0,0.5074033995787195,0.5102691894579838,0.5151331568739966,0.5014479564279549,0.5196082913890276,0.5251997086253972
0.3956523611088622,0.4012758954102229,0.0,0.0,0.0,0.0,0.0,0.5452490046635048,0.0,0.3586392928439266,0.0,0.31323215972885854,0.0,0.0,0.0,0.4029791566888282,0.3722486229640811,0.37086036261606936,0.0,0.0,0.4971440043810296,0.466370137525565,0.5180606590220205,0.0,0.36991649694498885,0.3527279965667951,0.0,0.43019090463856213,0.0,0.0,0.40199564820976663,0.3674875179670183,0.28430704203747,0.28880153762690397,0.3850722422216389,0.2995107458215066,0.0,0.26391098634005233,0.3882077910642143,0.36576742837426945,0.3675141874031898,0.3984025155368699,0.0,0.0,0.3041445663486348,0.5207144232636167,0.3744043400685338,0.0,0.0,0.0,0.0,0.0,0.0,0.0,0.43744226226436966,0.0,0.4251942060899443,0.4402936523187565,0.0,0.0,0.41470765217585476,0.42811083882207374,0.43477700509136175,0.0,0.0,0.0,0.0,0.0,0.4215793495775313,0.4349780563847162,0.46520074958591473,0.0,0.3739630749066177,0.0,0.0,0.4367012173286969
0.38950743070460125,0.39735083379672465,0.5690236695736421,0.0,0.0,0.42353967075144916,0.46673197200087996,0.5173619597732384,0.4718442350568206,0.3295555043590902,0.0,0.3608167336863902,0.4677924496833906,0.0,0.3930343426414723,0.37480093174973717,0.3351912500820432,0.36105015189104095,0.0,0.41625270127044023,0.4388028994322584,0.4113719892050251,0.4251165869415683,0.36991649694498885,0.0,0.3787633415375053,0.41193986660459947,0.45998547934573214,0.4441016248899763,0.0,0.36362216401475883,0.4255316600965773,0.35730794973402247,0.3610887395156262,0.383298624460436,0.0,0.0,0.3472100184991182,0.48391461559074916,0.43702467725110844,0.43243753159584886,0.4784509324175178,0.0,0.0,0.0,0.4796035302036991,0.4540165536101172,0.0,0.0,0.0,0.0,0.0,0.0,0.0,0.4629202231869317,0.0,0.4589464855831051,0.0,0.0,0.0,0.4422660564168554,0.4376722998965616,0.4471895878339409,0.0,0.0,0.0,0.41970466697363,0.0,0.46409192997838045,0.4514946489300181,0.4715894310007808,0.0,0.0,0.0,0.0,0.4435548298019892
0.3868907170922712,0.38409458947793135,0.5298740116909543,0.0,0.0,0.4214095721185678,0.46070160700503837,0.5059113500743199,0.46751749525417674,0.3624064756424654,0.0,0.32868800750680977,0.4627539054668612,0.5311741094093746,0.4075102051365042,0.40723263529721015,0.36199784234318644,0.3832804959460872,0.0,0.4536002897854227,0.43114993868147367,0.4006949084703486,0.46268634935275765,0.3527279965667951,0.3787633415375053,0.0,0.4622643041411468,0.4480866942259517,0.4342044602983239,0.5508120599215507,0.39025293166431535,0.43784658942442933,0.37624878390333655,0.38747437413562863,0.4351303240004447,0.47275087593633913,0.0,0.35403951706048203,0.48832812478768156,0.44697341735446533,0.4400983017949452,0.49097316252818973,0.0,0.0,0.38187093205362277,0.4933741141263697,0.5012599511353485,0.0,0.0,0.0,0.0,0.0,0.0,0.0,0.4610311796520016,0.0,0.4598970052185069,0.0,0.0,0.5347635939915115,0.46127566626018124,0.43128324326754797,0.4370760773495256,0.0,0.4845516764128265,0.5177487469678006,0.48957019575569677,0.500682036431334,0.4672186981858549,0.453141470172949,0.48958501427200746,0.49505968573171294,0.5171088927630749,0.0,0.0,0.45408255530838615
0.47504058218836037,0.4292214303077534,0.3412857023580252,0.0,0.4087446917223873,0.3982174570329362,0.44100198889984993,0.46201685304965223,0.35191707724843757,0.48394227732304496,0.40425475889116436,0.0,0.4521214525047191,0.45796200907343304,0.4405256927763892,0.4393770518563635,0.0,0.43850614449091635,0.37549820235524767,0.3825269851815237,0.4500663988079915,0.45097939261107833,0.34749448508973974,0.0,0.41193986660459947,0.4622643041411468,0.0,0.44814779740056193,0.3869040896321941,0.42827934688291097,0.44550115688047803,0.44522143200179626,0.4089820001495784,0.4626075357289352,0.4812507619270029,0.4605630895728969,0.43263586513692387,0.0,0.5052923588851631,0.4847279410698946,0.5284676803374063,0.5264948465977336,0.5043608308454539,0.0,0.0,0.0,0.0,0.56871793982927,0.0,0.0,0.4875817005969257,0.0,0.49476807643368537,0.0,0.0,0.5581575262841794,0.0,0.5150059193418614,0.0,0.4930606501600536,0.0,0.0,0.0,0.0,0.5034097107643163,0.497779614818706,0.5035371079516541,0.5134528490842251,0.0,0.0,0.5275371515044198,0.5120160623442302,0.5171328871382885,0.4981119321841513,0.5348492319458685,0.5207676681741769
0.48336109434142877,0.4959672156504486,0.4643085431804116,0.24065478648942135,0.400664946017076,0.40314259625663035,0.414804587243886,0.4574828357399925,0.4579197909530397,0.43185573443861835,0.4642618890098132,0.41531824699423286,0.3746706244382911,0.30931429683611517,0.48032536656114866,0.4812232843953368,0.0,0.46806821952461564,0.46932860373616764,0.3989102314383745,0.0,0.47501113645920595,0.4353415461137448,0.43019090463856213,0.45998547934573214,0.4480866942259517,0.44814779740056193,0.0,0.37444544909685884,0.36261666953230737,0.4137352066200523,0.37859861162797837,0.395065725984615,0.4223470225018873,0.3856875680956487,0.2620063695837886,0.26743795939593096,0.3500549906225091,0.5208507072176773,0.0,0.41968244345447003,0.0,0.0,0.0,0.0,0.0,0.0,0.0,0.0,0.0,0.503336474084276,0.0,0.49881560997386754,0.0,0.0,0.0,0.0,0.0,0.0,0.0,0.0,0.0,0.0,0.0,0.0,0.0,0.0,0.5196966337395862,0.0,0.0,0.0,0.5140510458473934,0.5273698772023592,0.0,0.0,0.5557924782218038
0.483564607501102,0.44599900416592914,0.4284362247794462,0.0,0.41507692117479983,0.3672766240604643,0.43590230369357,0.40230567446200877,0.4078223583438254,0.0,0.0,0.0,0.41060027285431805,0.47015549609473367,0.4263481832769605,0.46440162160497445,0.0,0.45895622022904575,0.0,0.3284517071727362,0.4436631680914242,0.41113280006415875,0.3990361834608547,0.0,0.4441016248899763,0.4342044602983239,0.3869040896321941,0.37444544909685884,0.0,0.3897998096167636,0.4089397584865193,0.4448850416900307,0.41242097520413123,0.4538291709996325,0.47387378975270705,0.49153384001974343,0.45983860740375593,0.0,0.49358465877011065,0.5086955801539286,0.5203735136189123,0.5331724503215504,0.0,0.0,0.0,0.0,0.0,0.0,0.0,0.0,0.48825316607878505,0.0,0.47035874400572963,0.0,0.0,0.0,0.0,0.0,0.0,0.4800918102192697,0.0,0.0,0.0,0.0,0.48895650629689447,0.477121812436201,0.49154102659793536,0.49484258924114666,0.0,0.0,0.0,0.49144174144468294,0.5153861725967195,0.47868700670168407,0.0,0.5220856747734626
0.0,0.0,0.4830133602074407,0.0,0.41524755237751343,0.4338272609712692,0.43250758949105383,0.43496531277638284,0.4752318474356993,0.5489827785316169,0.0,0.43343047144063546,0.42752010074644736,0.3795874035757705,0.0,0.47651152030356536,0.0,0.47718624262187737,0.0,0.3388569886451796,0.0,0.4473021062217784,0.4185481712125212,0.0,0.0,0.5508120599215507,0.42827934688291097,0.36261666953230737,0.3897998096167636,0.0,0.38445475853589506,0.42342617381272324,0.0,0.4354284707150031,0.4308360906357207,0.0,0.3987226759466868,0.4561100606992632,0.4962805422945744,0.0,0.0,0.0,0.0,0.0,0.0,0.0,0.0,0.0,0.0,0.0,0.5679869771278,0.0,0.6695106793196997,0.0,0.0,0.0,0.0,0.0,0.0,0.0,0.0,0.0,0.0,0.0,0.0,0.0,0.0,0.5122586975875281,0.0,0.0,0.0,0.5043207307841755,0.0,0.0,0.0,0.0
0.36884787008714853,0.3764134084676489,0.48168286767795343,0.17164811720958956,0.47390478534893427,0.4460264271320292,0.46343958184654327,0.5013507382976691,0.4791867854466108,0.3732114460467254,0.49634152203099124,0.4074354186438762,0.4345430605237043,0.415657957246191,0.44088134384578503,0.37629810210973014,0.3355384357156151,0.34534666430261973,0.4814027281949296,0.40696420451615334,0.3558517763552447,0.3889791685412227,0.45653641538837486,0.40199564820976663,0.36362216401475883,0.39025293166431535,0.44550115688047803,0.4137352066200523,0.4089397584865193,0.38445475853589506,0.0,0.3739109326693369,0.34767984399229507,0.3249453040205516,0.35608542126371245,0.3310941024060928,0.24814273419062588,0.3459433313719263,0.5031545303664702,0.40944700333057454,0.3897691243062445,0.3114470693448365,0.0,0.0,0.0,0.4529834286549768,0.43267627454801866,0.6353110363719668,0.0,0.0,0.5114086373033606,0.0,0.5333039404484188,0.0,0.43358335192805186,0.0,0.42867826241730456,0.0,0.0,0.5269929402862358,0.4241958913528883,0.0,0.4370860159332833,0.0,0.5092069383255855,0.44497688126829943,0.4526187133470983,0.5398789482607811,0.40805079039409775,0.4399617530627239,0.4682426678669959,0.5176038219543487,0.5456421333972538,0.5037754837643554,0.0,0.0
0.4305483595126547,0.42880837478227507,0.4464409494606692,0.2848380022045691,0.3839129306437891,0.43635860960555933,0.399588419163942,0.4249571039809321,0.4480661822546858,0.3697863997949631,0.4333180805440466,0.28200714516429576,0.3915471985803503,0.2854495126491622,0.45074413057768614,0.4263067301076455,0.43477530271280085,0.437243881067789,0.431177833268815,0.4750254216307951,0.4358258473951826,0.45934569829667693,0.4253405602272489,0.3674875179670183,0.4255316600965773,0.43784658942442933,0.44522143200179626,0.37859861162797837,0.4448850416900307,0.42342617381272324,0.3739109326693369,0.0,0.36943135101628655,0.3436684063695446,0.3673920611243774,0.2636261502353132,0.2881310611736388,0.26543120591166897,0.28338881132706195,0.31514661608637934,0.32899879824196643,0.34351125844547453,0.282952444276713,0.27299967862969887,0.18529561194441185,0.4911412438181027,0.4636444807836527,0.0,0.33831407780235334,0.0,0.4965563537415856,0.3989077054230531,0.4845000178308351,0.0,0.30794371823038885,0.4472455156881501,0.25960281000993296,0.39668193762232934,0.0,0.5032167986168932,0.4604856583834088,0.0,0.45522657772506286,0.0,0.48724105269681506,0.5010184701299548,0.4843790527731502,0.508428265073595,0.0,0.45646198082825495,0.4881300078040109,0.5073466572045148,0.38469906259674735,0.4876544727114161,0.5332698683643676,0.5289197254031058
0.3625773760108941,0.36876979475628846,0.47605225618713115,0.0,0.0,0.37978824021969754,0.0,0.4578050340993609,0.4272358043715059,0.3430249429509083,0.0,0.3097561115543574,0.40563946325766603,0.0,0.4258052971704988,0.38536610422598794,0.344429494859965,0.3724350143900758,0.0,0.4319209624975639,0.3613280678276178,0.41477584262710043,0.41552107285195045,0.28430704203747,0.35730794973402247,0.37624878390333655,0.4089820001495784,0.395065725984615,0.41242097520413123,0.0,0.34767984399229507,0.36943135101628655,0.0,0.25660316053004306,0.4151554763255511,0.2726293270812544,0.0,0.19412120490665294,0.3528697612801772,0.33078838399394384,0.3135072950558819,0.3638648395223941,0.0,0.0,0.25130401273200753,0.4663568799578316,0.4484628803711772,0.0,0.0,0.0,0.0,0.0,0.0,0.0,0.3285883694834819,0.0,0.3086202782793131,0.0,0.0,0.5051659707428127,0.4287575318367459,0.2941562983343637,0.41576588802480113,0.0,0.46891773946028503,0.48080188798569357,0.4758338283636448,0.4924862833476846,0.35673148282992295,0.420370057174272,0.4534742413378018,0.4370981733416908,0.41541107878769074,0.5017467844931202,0.0,0.39275578468032535
0.3727621543096547,0.376348026540341,0.48239917393354675,0.21440583424305804,0.4458392077647605,0.45158363433762977,0.4566913038468237,0.5126645497990108,0.4775479431940161,0.33928737141579157,0.48018789759152547,0.3194983579665786,0.4335910514366743,0.45565535508975674,0.4592835911350948,0.3614292668064937,0.35488874137678106,0.364111821769679,0.4713835385472235,0.46145095318270335,0.4208790644489726,0.43799689865785596,0.4625385060238408,0.28880153762690397,0.3610887395156262,0.38747437413562863,0.4626075357289352,0.4223470225018873,0.4538291709996325,0.4354284707150031,0.3249453040205516,0.3436684063695446,0.25660316053004306,0.0,0.291867563256618,0.3496607887523521,0.2675661919609585,0.2214608613799869,0.35797527610225915,0.3402303539630283,0.3329595882650951,0.33486055486782634,0.388641799709827,0.36432130138466223,0.2978211001933681,0.44869260339623446,0.446954245316263,0.0,0.0,0.0,0.0,0.0,0.5254152646362054,0.0,0.36370538051307116,0.0,0.37194664147731277,0.46703319794871,0.0,0.5181509862813771,0.435424859904336,0.0,0.42998838573140247,0.0,0.5158026003081654,0.48679347535842843,0.4802910941810222,0.5376795370853406,0.40150954579015036,0.43126928227040107,0.46441783963395994,0.5267918096795292,0.4215001210466171,0.5093440020208455,0.0,0.5448124205250331
0.42632124501660085,0.4355349226294163,0.4755456636484995,0.33619621287523216,0.39152887877652415,0.4726997400789102,0.4928664683379725,0.47026553350627437,0.4604922188688896,0.3104187239333649,0.45285648016418095,0.30145965815807224,0.4145498554980231,0.0,0.508034141285514,0.4069406864488208,0.3778739385165343,0.40150352778155374,0.4689245627810713,0.5138396457541782,0.4704385886887131,0.5090541260980879,0.46011594934399774,0.3850722422216389,0.383298624460436,0.4351303240004447,0.4812507619270029,0.3856875680956487,0.47387378975270705,0.4308360906357207,0.35608542126371245,0.3673920611243774,0.4151554763255511,0.291867563256618,0.0,0.401286754460285,0.3419157849723889,0.24824944416585543,0.3382919364979953,0.3509635085133639,0.3261265053137181,0.3528985269514257,0.32894215931384857,0.0,0.0,0.4416570974618742,0.48033054392374425,0.0,0.0,0.0,0.0,0.0,0.0,0.0,0.0,0.0,0.3008576787018193,0.0,0.0,0.5519376358550956,0.476198317146026,0.0,0.4740922830446349,0.0,0.5169909452017899,0.5231535595477115,0.5242357138867637,0.5206511698573573,0.0,0.4688801445499792,0.49672771293743306,0.5215319389185981,0.41201658526921014,0.0,0.0,0.0
0.0,0.0,0.4406574013762082,0.19025049836465874,0.2453894866539744,0.4414748214303125,0.31988055748588556,0.3272075492647789,0.4270068949489597,0.2442987100621432,0.3406855341962164,0.32170180439393803,0.3386751404016992,0.23403292773465273,0.5043318990679588,0.0,0.0,0.0,0.4037677721967049,0.5314629283944775,0.4906603126897726,0.5384804808509158,0.4259479900516388,0.2995107458215066,0.0,0.47275087593633913,0.4605630895728969,0.2620063695837886,0.49153384001974343,0.0,0.3310941024060928,0.2636261502353132,0.2726293270812544,0.3496607887523521,0.401286754460285,0.0,0.17206867952418597,0.3168793591763636,0.28693423495632564,0.27930343913883515,0.33686525019144553,0.29495075620344435,0.2567877488118172,0.0,0.0,0.0,0.0,0.47482925872489296,0.0,0.4056155794546939,0.0,0.4418895285531815,0.0,0.485589120620624,0.0,0.4227106117657912,0.23828782686798655,0.4384072386957574,0.35819412286678265,0.0,0.0,0.0,0.0,0.0,0.0,0.0,0.0,0.5061380276211396,0.0,0.0,0.0,0.0,0.3454018614265008,0.0,0.0,0.0
0.0,0.0,0.44612157366436417,0.16592375246824514,0.20161054836383924,0.4310802977006058,0.2602839526720146,0.4062516764927543,0.4350830034819121,0.15886022284395707,0.44581919726401203,0.0,0.350810366218921,0.17120787398376078,0.0,0.0,0.0,0.0,0.46042208507100213,0.5049103436207503,0.0,0.4947273438512466,0.42633082211970685,0.0,0.0,0.0,0.43263586513692387,0.26743795939593096,0.45983860740375593,0.3987226759466868,0.24814273419062588,0.2881310611736388,0.0,0.2675661919609585,0.3419157849723889,0.17206867952418597,0.0,0.2898142706744689,0.2626561693187879,0.2388837327599975,0.250843012558846,0.31783988245102324,0.0,0.0,0.0,0.0,0.0,0.0,0.0,0.0,0.0,0.0,0.0,0.0,0.0,0.0,0.25667650530605324,0.0,0.0,0.0,0.0,0.0,0.0,0.0,0.0,0.0,0.0,0.0,0.0,0.0,0.0,0.0,0.0,0.0,0.0,0.0
0.4738726442273298,0.0,0.0,0.0,0.38026931658101965,0.0,0.37257054698601655,0.0,0.4545441788854475,0.30561419574562165,0.45685275004688786,0.24794679602500116,0.3815525824638201,0.0,0.0,0.0,0.33747163992375295,0.35509623468212215,0.0,0.0,0.0,0.0,0.0,0.26391098634005233,0.3472100184991182,0.35403951706048203,0.0,0.3500549906225091,0.0,0.4561100606992632,0.3459433313719263,0.26543120591166897,0.19412120490665294,0.2214608613799869,0.24824944416585543,0.3168793591763636,0.2898142706744689,0.0,0.27321013367468183,0.280385299276512,0.3154079406694631,0.3021325190963259,0.33576954525977415,0.0,0.25699428557442744,0.0,0.0,0.0,0.0,0.0,0.0,0.0,0.0,0.0,0.32227803785522513,0.0,0.29704942594998124,0.40948456066272654,0.0,0.0,0.0,0.0,0.23440530371427892,0.0,0.0,0.0,0.0,0.0,0.30771763599911545,0.2800798147079685,0.270592420955331,0.0,0.37021869883465514,0.0,0.0,0.3704571530575137
0.5002859799436923,0.4679611731575725,0.5309710336119153,0.2672499185983316,0.0,0.5167803915135465,0.0,0.47035423789276737,0.4946267337051615,0.3446719265097934,0.40914816074239585,0.3193129654922968,0.0,0.0,0.5078323650835478,0.45213126850021224,0.0,0.48039527381486485,0.4182556154777476,0.5002766525189278,0.5101060229623915,0.5013240006813583,0.5088200168713478,0.3882077910642143,0.48391461559074916,0.48832812478768156,0.5052923588851631,0.5208507072176773,0.49358465877011065,0.4962805422945744,0.5031545303664702,0.28338881132706195,0.3528697612801772,0.35797527610225915,0.3382919364979953,0.28693423495632564,0.2626561693187879,0.27321013367468183,0.0,0.3463668036336277,0.375615002231654,0.3955573943399017,0.27529320800231294,0.3154570846233469,0.27295047302836345,0.4363905484336456,0.41811759860921066,0.46015872109568134,0.27876011268475365,0.33829978948606826,0.45881359773426805,0.3813868464285937,0.3280112159667368,0.45855586695207173,0.34326819723309016,0.39469861568953296,0.28039528496181204,0.389516309655385,0.30259716400140557,0.46297813854213643,0.4453854272246798,0.3815227970611106,0.43175158759591264,0.44237410885998424,0.4717891065743294,0.4493655105661144,0.45115705510958487,0.4417503837183874,0.3074377452725666,0.4207698840036674,0.4246764662078234,0.4624125724983673,0.3726560943731261,0.4642082328842035,0.4259466908637951,0.39714108427004424
0.46809331948014055,0.4654484377050465,0.0,0.18871728979440466,0.0,0.0,0.0,0.0,0.0,0.3834402046431219,0.0,0.38249111255556656,0.0,0.0,0.5088831359420037,0.4286368661261754,0.37694262684967267,0.40992434391237015,0.0,0.4891177453876683,0.46732488164426644,0.49079742853150504,0.46376791140412177,0.36576742837426945,0.43702467725110844,0.44697341735446533,0.4847279410698946,0.0,0.5086955801539286,0.0,0.40944700333057454,0.31514661608637934,0.33078838399394384,0.3402303539630283,0.3509635085133639,0.27930343913883515,0.2388837327599975,0.280385299276512,0.3463668036336277,0.0,0.25071570557175654,0.3941649455188618,0.5847323261056396,0.329570413095222,0.2296990459383666,0.36215467912764904,0.3697136587187942,0.5027842765583352,0.0,0.39203620797184024,0.40256292988460923,0.40838259165725843,0.493029974729966,0.0,0.29397732700601925,0.0,0.26211150658847265,0.4091789550192003,0.0,0.41963763998848297,0.36493857900126975,0.2889574468239968,0.32183541245734,0.0,0.3644115975053245,0.381331369763681,0.3633152041045926,0.4127656646809459,0.28617047586459987,0.3097871326699944,0.34573156883855355,0.42059588378526896,0.373584294851948,0.4200166375331742,0.0,0.30761012775860014
