0.0,0.3535872164941128,0.0,0.0,0.0,0.40857312974908117,0.0,0.47389610310280667,0.0,0.3388498529924112,0.0,0.3393606074408167,0.45244242271561785,0.0,0.3720621916386477,0.3463823469027289,0.26054240053790245,0.31752384404368816,0.0,0.39887471185020074,0.37314187102761154,0.35161426051839595,0.4193185369739803,0.3196562427208915,0.3139805125507365,0.3393918860439032,0.41761568084346734,0.4403354514171519,0.417130005343174,0.0,0.2854930116749036,0.3772556190501407,0.2679781116273098,0.32973378533705866,0.3829354377266739,0.0,0.0,0.0,0.3786498424635226,0.3073550603983316,0.3075246805217529,0.37604863080099893,0.0,0.0,0.0,0.29398495175782585,0.39554204425281425,0.0,0.0,0.0,0.0,0.0,0.0,0.0,0.0,0.0,0.0,0.0,0.0,0.0,0.36853640256555115,0.0,0.35510209136860255,0.0,0.3062118535982784,0.3588649824217169,0.30967265477683614,0.3594159034066069,0.0,0.338397994271537,0.36353011997712775,0.35195718565446704,0.0,0.3262131194292147,0.0,0.3550785991217161
0.3535872164941128,0.0,0.0,0.0,0.0,0.3569593988078294,0.0,0.4284515766780808,0.0,0.36970936563467305,0.0,0.0,0.37256215906422513,0.0,0.40519397061604234,0.3422765179378081,0.0,0.3352186957239498,0.0,0.38212702728786196,0.3619972097326515,0.3662587365180801,0.38936524929359895,0.31579241140832803,0.31399970059396964,0.3396748625409313,0.37454157979995045,0.37845486870925865,0.3714089348509067,0.0,0.3395047612254716,0.39300968847480217,0.30285044912971504,0.3506572210016103,0.39922405225332724,0.0,0.0,0.0,0.4410557491226032,0.40047212574171176,0.37151846481279227,0.43198525130939974,0.0,0.0,0.0,0.3945893976224164,0.39349335630682114,0.0,0.0,0.0,0.0,0.0,0.0,0.0,0.0,0.0,0.0,0.0,0.0,0.476470999941516,0.3978389043222972,0.0,0.3758298949147506,0.0,0.4302245798069151,0.4355604678472325,0.43022129322268055,0.4689118956756413,0.0,0.3894544334100278,0.41782846894762987,0.46683793898504766,0.0,0.40550079568563,0.0,0.4089815012133466
0.0,0.0,0.0,0.0,0.3472032017760258,0.3397515535834106,0.37196461190024327,0.37330627119236554,0.30391072593696,0.0,0.30783768829141334,0.0,0.3798043526039676,0.31980273461885433,0.0,0.0,0.0,0.0,0.24710230536988703,0.0,0.0,0.0,0.29171574186328075,0.0,0.0,0.0,0.3106310175044938,0.38237820969188036,0.0,0.0,0.390129487219357,0.3729521514345111,0.0,0.39192181705633183,0.3690342548491033,0.33224227518169336,0.0,0.0,0.0,0.0,0.0,0.0,0.40098808524079227,0.0,0.0,0.0,0.0,0.43806272482896147,0.0,0.4949385194799599,0.4590197107748321,0.0,0.48365938099349587,0.44169663291649514,0.0,0.39350848873442595,0.0,0.0,0.4174423299799612,0.0,0.0,0.0,0.0,0.3598408663703751,0.0,0.0,0.0,0.42960520976128613,0.0,0.0,0.0,0.4877970676059982,0.0,0.0,0.0,0.0
0.0,0.0,0.0,0.0,0.206538146448153,0.0,0.0,0.34123050088493206,0.0,0.0,0.3023284361792548,0.0,0.0,0.2730243883381077,0.0,0.0,0.0,0.0,0.0,0.0,0.0,0.0,0.36190987332163466,0.0,0.0,0.0,0.0,0.2348269925826481,0.0,0.0,0.0,0.2774322318159864,0.0,0.2577723823467836,0.28485265671496635,0.18340028267225075,0.17806706509295564,0.0,0.0,0.0,0.0,0.0,0.0,0.0,0.0,0.0,0.0,0.0,0.0,0.0,0.0,0.0,0.0,0.0,0.0,0.0,0.0,0.0,0.0,0.0,0.0,0.0,0.0,0.0,0.0,0.0,0.0,0.0,0.0,0.0,0.0,0.0,0.0,0.0,0.0,0.0
0.0,0.0,0.3472032017760258,0.206538146448153,0.0,0.3188923147423641,0.3115782806922805,0.36347115838427546,0.2994044128498523,0.4077172128715414,0.26276949343381767,0.41186588586888867,0.3412326292391492,0.25959603462792624,0.0,0.0,0.0,0.0,0.2945244765723037,0.33505758174978917,0.0,0.3741730160016137,0.33028854945214825,0.4095682157768763,0.4096816365116462,0.420738117405827,0.34280163725226503,0.3419696258767796,0.0,0.0,0.3633680776639966,0.31420780780013813,0.0,0.2957123772675039,0.20551893726753775,0.1564643973509398,0.18676455996646987,0.36765758917694535,0.0,0.0,0.0,0.0,0.4257355208518557,0.0,0.0,0.0,0.0,0.5113605427143311,0.0,0.0,0.4853651728549361,0.0,0.4469958695739751,0.5286955851369102,0.0,0.0,0.0,0.0,0.0,0.0,0.0,0.0,0.0,0.0,0.0,0.0,0.0,0.46452322755177855,0.0,0.0,0.0,0.49650280512485023,0.0,0.0,0.0,0.0
0.40857312974908117,0.3569593988078294,0.3397515535834106,0.0,0.3188923147423641,0.0,0.33667080745501654,0.34324336409489126,0.279313885814013,0.3886379093342355,0.34320322530521447,0.0,0.30963001936249135,0.30403128213902453,0.39324290954638164,0.374029666339279,0.0,0.37769279647655496,0.366651232358889,0.362731985678735,0.3755854365482468,0.3793156976287059,0.32861637627338763,0.0,0.3409076132039503,0.3664969406298513,0.3193300513394543,0.3039362770914872,0.278719732007511,0.3635234631867672,0.36625300974243125,0.3682283635393836,0.3873580102533374,0.3731196571192031,0.35678102776214127,0.35212662987671584,0.3406518434708671,0.0,0.4007854276692766,0.0,0.0,0.0,0.4511493655484914,0.0,0.0,0.0,0.0,0.4675346498459193,0.0,0.5251543027981949,0.4271496871657394,0.4748997004732248,0.43022568828301655,0.42895858703742223,0.0,0.4775918200428602,0.0,0.45375729525005193,0.464899199308123,0.0,0.0,0.0,0.0,0.46668421959313416,0.43726143207706863,0.0,0.0,0.4515093862034051,0.0,0.0,0.0,0.4533806622845341,0.4464240579041274,0.43429487493585567,0.0,0.0
0.0,0.0,0.37196461190024327,0.0,0.3115782806922805,0.33667080745501654,0.0,0.3467266689828935,0.3231878437969194,0.3993734857581562,0.3418017334239525,0.0,0.2946579037275659,0.3520216140636409,0.0,0.4117640877134575,0.0,0.396835954974194,0.3468527162104076,0.38137856039240314,0.4417667406880226,0.39863781410393795,0.3538064952219752,0.0,0.3987698600915817,0.0,0.3599092726857823,0.35889294821176787,0.3546180227672402,0.0,0.36154790465477743,0.3621450124170554,0.0,0.37202599927169633,0.39258849020617603,0.33230893379445353,0.0,0.0,0.0,0.0,0.0,0.0,0.0,0.0,0.0,0.0,0.0,0.5467217913788947,0.0,0.0,0.4837010040808394,0.0,0.4907562533141966,0.569240283914516,0.0,0.0,0.0,0.0,0.0,0.0,0.0,0.0,0.0,0.0,0.0,0.0,0.0,0.44697502416576956,0.0,0.0,0.0,0.48103978752687065,0.0,0.0,0.0,0.0
0.47389610310280667,0.4284515766780808,0.37330627119236554,0.34123050088493206,0.36347115838427546,0.34324336409489126,0.3467266689828935,0.0,0.38644455993036136,0.0,0.24100031677560652,0.0,0.38439951700060365,0.3120159058796578,0.34445525636035584,0.44092072211979894,0.0,0.4465639155496547,0.36641106598795314,0.4090447773185457,0.37152013420419683,0.4170783269290162,0.3147768343760947,0.45885145776635494,0.40917749760666544,0.4221875276119952,0.3820515062817357,0.40281477427655765,0.37339278203188647,0.41062281944950335,0.3903445938850573,0.412600794194869,0.4202085890744154,0.3828725043278389,0.41222577656108367,0.21618098764172705,0.397953598049628,0.0,0.4001420994213842,0.0,0.0,0.0,0.32195656474132106,0.0,0.0,0.0,0.0,0.4233016070685221,0.0,0.0,0.40050950634633026,0.4284564451575471,0.36118598012027314,0.41844444308265594,0.0,0.35830624497387387,0.0,0.4194774265029119,0.3109211801083992,0.0,0.0,0.0,0.0,0.37687033830696226,0.4755515063250957,0.4337349039548189,0.0,0.4330891876997856,0.0,0.0,0.0,0.44702178299845546,0.43273152799265807,0.4187522986523072,0.0,0.0
0.0,0.0,0.30391072593696,0.0,0.2994044128498523,0.279313885814013,0.3231878437969194,0.38644455993036136,0.0,0.4134193912096328,0.2742997111184351,0.0,0.30374328396040584,0.36443866387427476,0.0,0.40483336829407446,0.0,0.0,0.25682421651640897,0.3403094619383392,0.0,0.38284686945841073,0.33851419411052397,0.0,0.0,0.0,0.302587329815797,0.3595447933565822,0.3266766779014648,0.0,0.3497778603838419,0.34313590799471794,0.0,0.36303046055244403,0.36867568397845124,0.35232269617735323,0.36285238366888634,0.0,0.0,0.0,0.0,0.0,0.39904838073882587,0.0,0.0,0.0,0.0,0.47537603789461436,0.0,0.5263710770693509,0.43192068078175816,0.5318460215910499,0.40565787209645643,0.4989756450483754,0.0,0.4541601495105008,0.0,0.5356901526910751,0.0,0.0,0.0,0.0,0.0,0.45284791072132646,0.0,0.0,0.0,0.4347787093231953,0.0,0.0,0.0,0.4489362648987463,0.0,0.0,0.0,0.0
0.3388498529924112,0.36970936563467305,0.0,0.0,0.4077172128715414,0.3886379093342355,0.3993734857581562,0.0,0.4134193912096328,0.0,0.4025129183064193,0.24983306792156051,0.38493308231559475,0.0,0.0,0.3504740412883692,0.28074397190219386,0.3143365389607863,0.0,0.0,0.4036153518216739,0.38556578072046477,0.0,0.28317857922473944,0.30629339323567384,0.3078936895620403,0.0,0.39062729590423834,0.0,0.0,0.30748709312858863,0.33398304022481906,0.2577542539236777,0.31000683091201586,0.30504117838901923,0.3702148723480201,0.29103537893472836,0.2679607604087496,0.3688584433939853,0.30749218070508916,0.3076418224004109,0.31932022874321664,0.0,0.0,0.0,0.37760303696310754,0.0,0.0,0.0,0.0,0.0,0.0,0.0,0.0,0.3730176034385204,0.0,0.374467097437578,0.0,0.0,0.0,0.42385051590485173,0.3897741445444818,0.39041676157098565,0.0,0.0,0.0,0.0,0.0,0.41675233380867815,0.39405927729574114,0.4102675184967031,0.0,0.0,0.0,0.0,0.31195121172688944
0.0,0.0,0.30783768829141334,0.3023284361792548,0.26276949343381767,0.34320322530521447,0.3418017334239525,0.24100031677560652,0.2742997111184351,0.4025129183064193,0.0,0.0,0.3433725422125381,0.2560602598488637,0.0,0.0,0.0,0.0,0.23847829158189143,0.0,0.0,0.0,0.25310367775845477,0.0,0.0,0.0,0.3789090940019587,0.3430017830892874,0.0,0.0,0.31291968203205434,0.30710670570126103,0.0,0.34728584344591656,0.29142970096284215,0.1931062531304995,0.2943700112392678,0.0,0.0,0.0,0.0,0.0,0.36685938379942945,0.0,0.0,0.0,0.0,0.3799762321154288,0.0,0.0,0.458153633956618,0.0,0.4853179350573993,0.4008915969103249,0.0,0.2977943712672928,0.0,0.0,0.3669153828420934,0.0,0.0,0.0,0.0,0.30969315932412644,0.0,0.0,0.0,0.44346495539300546,0.0,0.0,0.0,0.4613396368332027,0.0,0.0,0.0,0.0
0.3393606074408167,0.0,0.0,0.0,0.41186588586888867,0.0,0.0,0.0,0.0,0.24983306792156051,0.0,0.0,0.39141506540343474,0.0,0.0,0.0,0.3185409371607424,0.3397433674496027,0.0,0.0,0.0,0.0,0.0,0.25107501835002866,0.3254446617795066,0.2943451643022143,0.0,0.38104668798283164,0.0,0.0,0.3290241489172724,0.3074790508496221,0.25089357066474655,0.28985545338957047,0.2783813002633067,0.0,0.0,0.22356647336232205,0.38831422751125494,0.3277180157518316,0.32042958857826964,0.32536057124704626,0.0,0.0,0.0,0.0,0.0,0.0,0.0,0.0,0.0,0.0,0.0,0.0,0.37595433893742,0.0,0.3015296374831861,0.0,0.0,0.0,0.0,0.4037012254762731,0.39895920459481937,0.0,0.0,0.0,0.0,0.0,0.4075737782338502,0.4015095362258479,0.4139693364858965,0.0,0.0,0.0,0.0,0.3635727622530908
0.45244242271561785,0.37256215906422513,0.3798043526039676,0.0,0.3412326292391492,0.30963001936249135,0.2946579037275659,0.38439951700060365,0.30374328396040584,0.38493308231559475,0.3433725422125381,0.39141506540343474,0.0,0.0,0.3730396055486904,0.3982399803439969,0.39235562636576915,0.3974209283812916,0.3473588672812626,0.38171585275305675,0.40008793865794473,0.40516763400281897,0.3681714658115334,0.388801680817309,0.35906227052172984,0.3868586569714841,0.3649665733641616,0.30169535722918295,0.3257920170519403,0.3409275400071961,0.3664169843404258,0.36562328922089693,0.0,0.36490704733225654,0.3441678022408571,0.34341927426692986,0.32587102393870415,0.3453247538637514,0.47256135384742587,0.0,0.0,0.0,0.0,0.0,0.0,0.0,0.0,0.0,0.0,0.0,0.4661468285700315,0.0,0.46166984344969836,0.0,0.0,0.0,0.0,0.0,0.0,0.0,0.0,0.0,0.0,0.0,0.0,0.0,0.0,0.4505435623562546,0.0,0.0,0.0,0.4663931521061597,0.0,0.5076779677686128,0.0,0.0
0.0,0.0,0.31980273461885433,0.2730243883381077,0.25959603462792624,0.30403128213902453,0.3520216140636409,0.3120159058796578,0.36443866387427476,0.0,0.2560602598488637,0.0,0.0,0.0,0.0,0.0,0.0,0.0,0.28075930157880685,0.0,0.0,0.0,0.2752983464287478,0.0,0.0,0.0,0.3519680566349149,0.16105290839036335,0.0,0.0,0.0,0.32372001763213176,0.0,0.0,0.0,0.1715679205581439,0.13388922711092555,0.0,0.0,0.0,0.0,0.0,0.2730970158968602,0.0,0.0,0.0,0.0,0.4511875725420838,0.0,0.0,0.0,0.0,0.0,0.39852249484289876,0.0,0.3539921809615194,0.0,0.0,0.0,0.0,0.0,0.0,0.0,0.32381366869739553,0.0,0.0,0.0,0.0,0.0,0.0,0.0,0.47332617022176954,0.0,0.0,0.0,0.0
0.3720621916386477,0.40519397061604234,0.0,0.0,0.0,0.39324290954638164,0.0,0.34445525636035584,0.0,0.0,0.0,0.0,0.3730396055486904,0.0,0.0,0.3643817577524843,0.0,0.36350040466356576,0.0,0.338976729673487,0.37904517753031475,0.36927724249043087,0.38394253387034305,0.0,0.34503905132234153,0.39146804250866934,0.4021325101412424,0.3867672418267481,0.3596748089574761,0.3619533103622047,0.39467869941445427,0.44060116387962467,0.3949383711504478,0.4368879531746361,0.4756930275167725,0.4752650271508818,0.4416882437986078,0.0,0.49020410402207076,0.4515217776123216,0.47632946867426207,0.49159637250195365,0.0,0.0,0.0,0.0,0.4676714301287533,0.0,0.0,0.0,0.4328077695796665,0.0,0.4787468156320789,0.0,0.0,0.0,0.0,0.0,0.0,0.4152879368112732,0.0,0.0,0.0,0.0,0.4408040173844351,0.4593498995361625,0.4926378945737512,0.44409683218780566,0.0,0.0,0.5060464514904737,0.44525934054526073,0.0,0.43312356394178564,0.0,0.0
0.3463823469027289,0.3422765179378081,0.0,0.0,0.0,0.374029666339279,0.4117640877134575,0.44092072211979894,0.40483336829407446,0.3504740412883692,0.0,0.0,0.3982399803439969,0.0,0.3643817577524843,0.0,0.3307353206615143,0.3033743164142288,0.0,0.379561586624162,0.35183728782825674,0.358397673402882,0.37203077154580005,0.3206040123649183,0.3314397233278115,0.3788702856172844,0.38755643710254434,0.4119026442921336,0.3869987694359665,0.3322912758682265,0.3167252195799319,0.3470073612215445,0.31510314660697114,0.3413456017612224,0.3544304945650937,0.0,0.0,0.0,0.4070373538353961,0.3822728625025857,0.38539086499284325,0.4090003777183218,0.0,0.0,0.0,0.3458938468139712,0.4178774317317622,0.0,0.0,0.0,0.0,0.0,0.0,0.0,0.0,0.0,0.0,0.0,0.0,0.4617991962506011,0.3896274593753901,0.0,0.37294099081112253,0.0,0.45425763626963866,0.4289264805468127,0.4271171485869206,0.0,0.0,0.3694140089891613,0.40749517713044064,0.0,0.0,0.45689381025372694,0.0,0.38959402803863635
0.26054240053790245,0.0,0.0,0.0,0.0,0.0,0.0,0.0,0.0,0.28074397190219386,0.0,0.3185409371607424,0.39235562636576915,0.0,0.0,0.3307353206615143,0.0,0.29909775772122055,0.0,0.0,0.0,0.3456484590867196,0.0,0.2881494979489234,0.2801774097678134,0.31263426106045267,0.0,0.387033373877489,0.0,0.0,0.29993570780300677,0.354721733437902,0.26557014854038097,0.30341414510247255,0.32243409133494205,0.0,0.0,0.0,0.3476831204495792,0.30808480947276695,0.35638875261849223,0.0,0.0,0.0,0.0,0.34987187887167215,0.0,0.0,0.0,0.0,0.0,0.0,0.0,0.0,0.34156377691963435,0.0,0.3756999024052503,0.0,0.0,0.0,0.0,0.3965153969477782,0.36898032190997404,0.0,0.0,0.0,0.0,0.0,0.4247196295365619,0.3243651706987758,0.3754848116426597,0.0,0.0,0.0,0.0,0.4097572857047469
0.31752384404368816,0.3352186957239498,0.0,0.0,0.0,0.37769279647655496,0.396835954974194,0.4465639155496547,0.0,0.3143365389607863,0.0,0.3397433674496027,0.3974209283812916,0.0,0.36350040466356576,0.3033743164142288,0.29909775772122055,0.0,0.0,0.37431326789991354,0.36522243875780036,0.36321957178664177,0.4022879521318109,0.29099962115424416,0.30042929087265113,0.3333988255862746,0.3835431519844917,0.38775185540111234,0.3752903178277801,0.0,0.3132381184625825,0.3858263348377817,0.28624817402660424,0.31597840088077217,0.3578914905392322,0.0,0.0,0.0,0.28243345703580225,0.29868918750700313,0.24871431685112602,0.3765896416225152,0.0,0.0,0.0,0.3530477307943825,0.40151315648794705,0.0,0.0,0.0,0.0,0.0,0.0,0.0,0.32264329493492794,0.0,0.3598689323862406,0.0,0.0,0.0,0.3672801499526249,0.3588216221107977,0.3430661461097179,0.0,0.0,0.3954288223294057,0.40041836908272677,0.0,0.40034406806085016,0.34629969178866266,0.3635230880285975,0.0,0.0,0.0,0.0,0.3536683273014727
0.0,0.0,0.24710230536988703,0.0,0.2945244765723037,0.366651232358889,0.3468527162104076,0.36641106598795314,0.25682421651640897,0.0,0.23847829158189143,0.0,0.3473588672812626,0.28075930157880685,0.0,0.0,0.0,0.0,0.0,0.0,0.0,0.0,0.28247815041240065,0.0,0.0,0.0,0.35413296474744016,0.3308455602231345,0.0,0.0,0.3677811445041871,0.3366472276204713,0.0,0.3776369268494885,0.0,0.29438676165785505,0.0,0.0,0.0,0.0,0.0,0.0,0.41501000522853115,0.0,0.0,0.0,0.0,0.4452207812433024,0.0,0.0,0.4854832925869699,0.0,0.46024279419620706,0.4572438053074578,0.0,0.35892427870244564,0.0,0.0,0.4088986539285279,0.0,0.0,0.0,0.0,0.44377115922048305,0.0,0.0,0.0,0.46675561344302446,0.0,0.0,0.0,0.49609507577933537,0.0,0.0,0.0,0.0
0.39887471185020074,0.38212702728786196,0.0,0.0,0.33505758174978917,0.362731985678735,0.38137856039240314,0.4090447773185457,0.3403094619383392,0.0,0.0,0.0,0.38171585275305675,0.0,0.338976729673487,0.379561586624162,0.0,0.37431326789991354,0.0,0.0,0.3962620074641199,0.34688671451497116,0.3392183253723413,0.0,0.3520391864395035,0.408516192004886,0.2917076624048696,0.3268365865380756,0.2802755298528333,0.28378170237316613,0.34167045746344366,0.4422714884585952,0.3795471796632573,0.39035449134791755,0.4468682061122406,0.48574629912471096,0.4523570045272181,0.0,0.45707766967436403,0.4584454774981588,0.46798768109750194,0.48311520505611705,0.0,0.0,0.0,0.0,0.4518354743015865,0.0,0.0,0.0,0.466268745015571,0.0,0.46686043243827147,0.0,0.0,0.0,0.0,0.0,0.0,0.4469069016207451,0.0,0.0,0.0,0.0,0.43821876792884956,0.4465657384430533,0.4619075626599628,0.46029039273156763,0.0,0.0,0.468440857730272,0.450108045701131,0.0,0.44328063287333086,0.0,0.0
0.37314187102761154,0.3619972097326515,0.0,0.0,0.0,0.3755854365482468,0.4417667406880226,0.37152013420419683,0.0,0.4036153518216739,0.0,0.0,0.40008793865794473,0.0,0.37904517753031475,0.35183728782825674,0.0,0.36522243875780036,0.0,0.3962620074641199,0.0,0.4042825178329576,0.35208154263261965,0.4151757031311994,0.35887759720509443,0.3867229072695291,0.3920332783575059,0.4042360407156575,0.3742220852188249,0.4009337304868448,0.36009651656192343,0.41971589069412235,0.35177612313944656,0.3870507928855005,0.4524303376777779,0.47312681730632083,0.0,0.0,0.4555204896999324,0.408626020835568,0.44797985201193113,0.4736689542157292,0.0,0.0,0.0,0.34951948252019605,0.41883700277101293,0.0,0.0,0.0,0.3696564207559208,0.0,0.36951533328655245,0.0,0.0,0.0,0.0,0.0,0.0,0.4464757171746204,0.0,0.0,0.0,0.0,0.4328587815889305,0.35233542154607006,0.4630655025253761,0.4274070115382647,0.0,0.0,0.4723076179939505,0.4407196149527694,0.42744262280575085,0.3535910483086394,0.0,0.4711581510968463
0.35161426051839595,0.3662587365180801,0.0,0.0,0.3741730160016137,0.3793156976287059,0.39863781410393795,0.4170783269290162,0.38284686945841073,0.38556578072046477,0.0,0.0,0.40516763400281897,0.0,0.36927724249043087,0.358397673402882,0.3456484590867196,0.36321957178664177,0.0,0.34688671451497116,0.4042825178329576,0.0,0.39806115940275394,0.37315886729754877,0.3454376051104298,0.3976063622626498,0.3794734765992928,0.3541447799654313,0.3583150606393248,0.2569521693404227,0.34506534250288,0.4553895868956311,0.3974029783351348,0.4012252582896506,0.46916463613676496,0.5003092306964323,0.4808409504499983,0.0,0.48204599516173596,0.45063556504157437,0.4567154528541735,0.494474637535979,0.0,0.0,0.0,0.407760786008252,0.4432883570416498,0.0,0.0,0.0,0.4633538688308477,0.0,0.4415443936392242,0.0,0.0,0.0,0.0,0.0,0.0,0.4825567480257208,0.4276464230155308,0.0,0.0,0.0,0.4581614406413139,0.4549075407661781,0.48051112972042964,0.44874032168251105,0.0,0.40192297999646404,0.48395205460857305,0.4640484834230475,0.0,0.4453577910104883,0.0,0.4580548743653353
0.4193185369739803,0.38936524929359895,0.29171574186328075,0.36190987332163466,0.33028854945214825,0.32861637627338763,0.3538064952219752,0.3147768343760947,0.33851419411052397,0.0,0.25310367775845477,0.0,0.3681714658115334,0.2752983464287478,0.38394253387034305,0.37203077154580005,0.0,0.4022879521318109,0.28247815041240065,0.3392183253723413,0.35208154263261965,0.39806115940275394,0.0,0.45400624951206003,0.3916351932307494,0.40555417627542545,0.29896290814841975,0.39007073518505947,0.36839646518716973,0.39147317608460724,0.39666616998089843,0.3984532732660871,0.3786671478101229,0.4040404823864772,0.43392785899442843,0.30851712763672334,0.38454576333493123,0.0,0.45334313026992873,0.0,0.4295280973965041,0.458198482053767,0.31991603536586455,0.0,0.0,0.0,0.0,0.45096581871357905,0.0,0.4828836735485042,0.4440723724608064,0.4496227176470725,0.44157753900371205,0.4274182379308841,0.0,0.37003702975492503,0.0,0.44005359768782576,0.37963836097642556,0.44901570875647273,0.0,0.0,0.0,0.40454220969985977,0.4571887150557167,0.44036752053129713,0.46572237548671847,0.45408752756446336,0.0,0.0,0.0,0.47115117341805535,0.4420423181631421,0.4344385300924049,0.479671839267805,0.44055525944945617
0.3196562427208915,0.31579241140832803,0.0,0.0,0.4095682157768763,0.0,0.0,0.45885145776635494,0.0,0.28317857922473944,0.0,0.25107501835002866,0.388801680817309,0.0,0.0,0.3206040123649183,0.2881494979489234,0.29099962115424416,0.0,0.0,0.4151757031311994,0.37315886729754877,0.45400624951206003,0.0,0.2916991024427546,0.31771990736997036,0.0,0.3864321813459074,0.0,0.0,0.3023468398726521,0.3559905757388028,0.24417030643205456,0.28891228781882666,0.27870909305780533,0.0,0.0,0.2548672635425445,0.3478187640894314,0.3056519232094735,0.3081255491629597,0.28844534345411565,0.0,0.0,0.0,0.3227729964764654,0.0,0.0,0.0,0.0,0.0,0.0,0.0,0.0,0.38475145636350266,0.0,0.3778794508588744,0.0,0.0,0.0,0.3529767135692423,0.38818016338121536,0.3662207969897525,0.0,0.0,0.0,0.0,0.0,0.43538470350961206,0.3725240314545252,0.3977103365045108,0.0,0.0,0.0,0.0,0.28726835602438183
0.3139805125507365,0.31399970059396964,0.0,0.0,0.4096816365116462,0.3409076132039503,0.3987698600915817,0.40917749760666544,0.0,0.30629339323567384,0.0,0.3254446617795066,0.35906227052172984,0.0,0.34503905132234153,0.3314397233278115,0.2801774097678134,0.30042929087265113,0.0,0.3520391864395035,0.35887759720509443,0.3454376051104298,0.3916351932307494,0.2916991024427546,0.0,0.30617510173433454,0.35313904735951507,0.3634977500260441,0.35577028109165626,0.0,0.30028201681213057,0.3466371856665603,0.2603165718624095,0.2898539173982867,0.3196769592808304,0.0,0.0,0.2680659757087931,0.3380810529599252,0.3360895535484335,0.2949770991978181,0.35560621409890925,0.0,0.0,0.0,0.35393692862742177,0.3807696587770505,0.0,0.0,0.0,0.0,0.0,0.0,0.0,0.33418522482930707,0.0,0.335249331503307,0.0,0.0,0.0,0.3727596846349447,0.3423474287669649,0.3491287527133244,0.0,0.4160759531625373,0.4060871799564785,0.40483825657690997,0.0,0.412503798713527,0.35381941367380015,0.37297825347885777,0.0,0.0,0.4168060420306527,0.0,0.34622179358053157
0.3393918860439032,0.3396748625409313,0.0,0.0,0.420738117405827,0.3664969406298513,0.0,0.4221875276119952,0.0,0.3078936895620403,0.0,0.2943451643022143,0.3868586569714841,0.0,0.39146804250866934,0.3788702856172844,0.31263426106045267,0.3333988255862746,0.0,0.408516192004886,0.3867229072695291,0.3976063622626498,0.40555417627542545,0.31771990736997036,0.30617510173433454,0.0,0.40108056401593795,0.38687454528662674,0.38045808791513785,0.0,0.3376350054620474,0.4171906802928521,0.31056631516053457,0.35983086872098685,0.4294339845285107,0.5058695920956416,0.0,0.27242148159245305,0.4367188316484899,0.3640518660462164,0.3793138676592884,0.4028427367713827,0.0,0.0,0.0,0.3825701422752198,0.42088231527055703,0.0,0.0,0.0,0.0,0.0,0.0,0.0,0.37316482484204994,0.0,0.3691972449906679,0.0,0.0,0.5080387856282697,0.386139071435888,0.36491378576591826,0.38076179506766294,0.0,0.4794493468938018,0.4887967244850075,0.4888709681733175,0.0,0.4417562003679791,0.38467452306665484,0.4027194549447555,0.48392511211841405,0.0,0.0,0.0,0.37160343805305196
0.41761568084346734,0.37454157979995045,0.3106310175044938,0.0,0.34280163725226503,0.3193300513394543,0.3599092726857823,0.3820515062817357,0.302587329815797,0.0,0.3789090940019587,0.0,0.3649665733641616,0.3519680566349149,0.4021325101412424,0.38755643710254434,0.0,0.3835431519844917,0.35413296474744016,0.2917076624048696,0.3920332783575059,0.3794734765992928,0.29896290814841975,0.0,0.35313904735951507,0.40108056401593795,0.0,0.38329718728143125,0.34061704823697664,0.3883356528321121,0.383721153317539,0.40110565811339155,0.37339861256245127,0.3973414142009949,0.4337990436706281,0.3956730353260812,0.3860013228128055,0.0,0.44878845728934796,0.0,0.4508945588653418,0.0,0.39888012408437556,0.0,0.0,0.0,0.0,0.4792604160126408,0.0,0.5241568116799831,0.4424164340952016,0.48613458866187625,0.466506036637659,0.46896602281597627,0.0,0.43163024550934526,0.0,0.45681768010028007,0.4359314975518421,0.45045009946236425,0.0,0.0,0.0,0.4680455119223862,0.4657588013937708,0.43633489562437405,0.47832879982863746,0.46881566425018734,0.0,0.0,0.0,0.46654024905014096,0.456912324849765,0.44668008689769434,0.0,0.0
0.4403354514171519,0.37845486870925865,0.38237820969188036,0.2348269925826481,0.3419696258767796,0.3039362770914872,0.35889294821176787,0.40281477427655765,0.3595447933565822,0.39062729590423834,0.3430017830892874,0.38104668798283164,0.30169535722918295,0.16105290839036335,0.3867672418267481,0.4119026442921336,0.387033373877489,0.38775185540111234,0.3308455602231345,0.3268365865380756,0.4042360407156575,0.3541447799654313,0.39007073518505947,0.3864321813459074,0.3634977500260441,0.38687454528662674,0.38329718728143125,0.0,0.28362716808142974,0.27164208341045337,0.3376325725754928,0.3646387205114577,0.354007285888934,0.34696522060755164,0.33506140683295754,0.26043966893914633,0.2678263057876386,0.29598298848163773,0.44725672147780265,0.0,0.39537349971048363,0.0,0.0,0.0,0.0,0.0,0.0,0.0,0.0,0.0,0.454935252027299,0.0,0.4621888995380027,0.0,0.0,0.0,0.0,0.0,0.0,0.0,0.0,0.0,0.0,0.0,0.477366608903679,0.5127273518335786,0.0,0.4595765866179081,0.0,0.0,0.0,0.471154759325518,0.48059491141513405,0.4582364869878905,0.0,0.5044136197739191
0.417130005343174,0.3714089348509067,0.0,0.0,0.0,0.278719732007511,0.3546180227672402,0.37339278203188647,0.3266766779014648,0.0,0.0,0.0,0.3257920170519403,0.0,0.3596748089574761,0.3869987694359665,0.0,0.3752903178277801,0.0,0.2802755298528333,0.3742220852188249,0.3583150606393248,0.36839646518716973,0.0,0.35577028109165626,0.38045808791513785,0.34061704823697664,0.28362716808142974,0.0,0.29571420535313764,0.31094140248873625,0.3996394386098194,0.3617292641052146,0.34884168018272665,0.39525364686844255,0.39464982229786744,0.0,0.0,0.4468652423709804,0.0,0.4758629357254684,0.0,0.0,0.0,0.0,0.0,0.0,0.0,0.0,0.0,0.4541519026277046,0.0,0.4618232727667411,0.0,0.0,0.0,0.0,0.5015411077991953,0.0,0.44887918657546233,0.0,0.0,0.0,0.0,0.4563887998765743,0.4354114595467609,0.0,0.4503343577885055,0.0,0.0,0.0,0.4576781001309709,0.4560899128410017,0.4374467258986868,0.0,0.45980591085527034
0.0,0.0,0.0,0.0,0.0,0.3635234631867672,0.0,0.41062281944950335,0.0,0.0,0.0,0.0,0.3409275400071961,0.0,0.3619533103622047,0.3322912758682265,0.0,0.0,0.0,0.28378170237316613,0.4009337304868448,0.2569521693404227,0.39147317608460724,0.0,0.0,0.0,0.3883356528321121,0.27164208341045337,0.29571420535313764,0.0,0.28656084377171104,0.3709534985468332,0.0,0.30308385679453875,0.0,0.0,0.0,0.0,0.0,0.0,0.0,0.0,0.0,0.0,0.0,0.0,0.0,0.0,0.0,0.0,0.5001330118395646,0.0,0.0,0.0,0.0,0.0,0.0,0.0,0.0,0.0,0.0,0.0,0.0,0.0,0.0,0.0,0.0,0.47688890956822394,0.0,0.0,0.0,0.4753581812364175,0.0,0.0,0.0,0.0
0.2854930116749036,0.3395047612254716,0.390129487219357,0.0,0.3633680776639966,0.36625300974243125,0.36154790465477743,0.3903445938850573,0.3497778603838419,0.30748709312858863,0.31291968203205434,0.3290241489172724,0.3664169843404258,0.0,0.39467869941445427,0.3167252195799319,0.29993570780300677,0.3132381184625825,0.3677811445041871,0.34167045746344366,0.36009651656192343,0.34506534250288,0.39666616998089843,0.3023468398726521,0.30028201681213057,0.3376350054620474,0.383721153317539,0.3376325725754928,0.31094140248873625,0.28656084377171104,0.0,0.35071010000527125,0.2896992146155171,0.270015482131606,0.26933358448806605,0.3379451008236388,0.2875466010555831,0.3119764938657765,0.4297959535403139,0.2877954900695067,0.36167746391501066,0.4295776498491539,0.0,0.0,0.0,0.3337568584002739,0.38413985857126076,0.0,0.0,0.0,0.46692606038585127,0.0,0.4694691746649594,0.0,0.36805690709753086,0.0,0.34758828318298474,0.0,0.0,0.423186363789745,0.31618547959571586,0.37751493479909976,0.3601834753898618,0.0,0.4567507247181135,0.4178656765039359,0.4412825591280829,0.44709571482516136,0.38263973415874797,0.35090345396988737,0.3437530323486262,0.4733725489986597,0.48862813194155985,0.453559575795125,0.0,0.4831791843460128
0.3772556190501407,0.39300968847480217,0.3729521514345111,0.2774322318159864,0.31420780780013813,0.3682283635393836,0.3621450124170554,0.412600794194869,0.34313590799471794,0.33398304022481906,0.30710670570126103,0.3074790508496221,0.36562328922089693,0.32372001763213176,0.44060116387962467,0.3470073612215445,0.354721733437902,0.3858263348377817,0.3366472276204713,0.4422714884585952,0.41971589069412235,0.4553895868956311,0.3984532732660871,0.3559905757388028,0.3466371856665603,0.4171906802928521,0.40110565811339155,0.3646387205114577,0.3996394386098194,0.3709534985468332,0.35071010000527125,0.0,0.33750190813500747,0.3478880203463195,0.3701831436899865,0.2691806281849481,0.2954411181845455,0.24159015567245415,0.3885296438555725,0.40968857885535226,0.44508431066273785,0.40989433318631563,0.0,0.0,0.0,0.4142591560080673,0.4389100773131102,0.0,0.0,0.0,0.42735252157842313,0.0,0.43572564423763294,0.0,0.0,0.0,0.0,0.4586923812637681,0.0,0.47365179944510594,0.4202660897795825,0.0,0.39156540687697877,0.0,0.45699862639590405,0.4495057181330897,0.47543945179950364,0.44744479410249466,0.0,0.3952827850535449,0.4695873027471465,0.4542787235549258,0.439492638395146,0.4303512014483248,0.0,0.437095361780975
0.2679781116273098,0.30285044912971504,0.0,0.0,0.0,0.3873580102533374,0.0,0.4202085890744154,0.0,0.2577542539236777,0.0,0.25089357066474655,0.0,0.0,0.3949383711504478,0.31510314660697114,0.26557014854038097,0.28624817402660424,0.0,0.3795471796632573,0.35177612313944656,0.3974029783351348,0.3786671478101229,0.24417030643205456,0.2603165718624095,0.31056631516053457,0.37339861256245127,0.354007285888934,0.3617292641052146,0.0,0.2896992146155171,0.33750190813500747,0.0,0.23544927360174608,0.36332291696280133,0.3340888076623647,0.26773765484765233,0.1955995872529199,0.36529667627300166,0.30560972338011827,0.30565531572751997,0.4164266988166694,0.0,0.0,0.20789511753044526,0.2976896463592278,0.4053866703266491,0.0,0.0,0.0,0.0,0.0,0.0,0.0,0.2996080670329353,0.0,0.2900913124165358,0.0,0.0,0.4813960017235947,0.36680412386825556,0.34593308359788827,0.3522340952959054,0.0,0.45219233610506343,0.42636936891570065,0.4617384442365383,0.42081968693945876,0.31454906452180625,0.3441194415423219,0.36666303395726557,0.40612410747204514,0.0,0.0,0.0,0.29476657071802986
0.32973378533705866,0.3506572210016103,0.39192181705633183,0.2577723823467836,0.2957123772675039,0.3731196571192031,0.37202599927169633,0.3828725043278389,0.36303046055244403,0.31000683091201586,0.34728584344591656,0.28985545338957047,0.36490704733225654,0.0,0.4368879531746361,0.3413456017612224,0.30341414510247255,0.31597840088077217,0.3776369268494885,0.39035449134791755,0.3870507928855005,0.4012252582896506,0.4040404823864772,0.28891228781882666,0.2898539173982867,0.35983086872098685,0.3973414142009949,0.34696522060755164,0.34884168018272665,0.30308385679453875,0.270015482131606,0.3478880203463195,0.23544927360174608,0.0,0.3090271681822326,0.34320123736360536,0.2800368906493547,0.23847403049782048,0.4420406573142475,0.3415269699967652,0.3498520148210578,0.40162016447692517,0.0,0.0,0.0,0.35502018828840737,0.42136360346998325,0.0,0.0,0.0,0.4646133229285411,0.0,0.46985058925990414,0.0,0.32444513368975164,0.0,0.31372371957549594,0.0,0.0,0.4772782713256675,0.38579203493947567,0.3600271446150656,0.3608521429849055,0.0,0.44465988210194934,0.4475717845859842,0.4669350390395311,0.44342152812240915,0.3507955332599906,0.35446761089708423,0.4205824840985247,0.45956795583430066,0.4635160418111097,0.4663305983024672,0.0,0.3836150712184852
0.3829354377266739,0.39922405225332724,0.3690342548491033,0.28485265671496635,0.20551893726753775,0.35678102776214127,0.39258849020617603,0.41222577656108367,0.36867568397845124,0.30504117838901923,0.29142970096284215,0.2783813002633067,0.3441678022408571,0.0,0.4756930275167725,0.3544304945650937,0.32243409133494205,0.3578914905392322,0.0,0.4468682061122406,0.4524303376777779,0.46916463613676496,0.43392785899442843,0.27870909305780533,0.3196769592808304,0.4294339845285107,0.4337990436706281,0.33506140683295754,0.39525364686844255,0.0,0.26933358448806605,0.3701831436899865,0.36332291696280133,0.3090271681822326,0.0,0.3860718432751718,0.2780897401035932,0.24448378564939405,0.3973272656193022,0.4221798990242547,0.4328107577197049,0.39438459975778384,0.0,0.0,0.0,0.3530274842679655,0.4265851770778396,0.0,0.0,0.0,0.0,0.0,0.0,0.0,0.31800723477844917,0.0,0.0,0.0,0.0,0.5000575426977634,0.4253469578594824,0.0,0.3690450912818264,0.0,0.48300883537466444,0.4743844091295394,0.5006823948775275,0.47589886981559215,0.0,0.38958856337969033,0.4530311317782723,0.4674549460416982,0.0,0.0,0.0,0.0
0.0,0.0,0.33224227518169336,0.18340028267225075,0.1564643973509398,0.35212662987671584,0.33230893379445353,0.21618098764172705,0.35232269617735323,0.3702148723480201,0.1931062531304995,0.0,0.34341927426692986,0.1715679205581439,0.4752650271508818,0.0,0.0,0.0,0.29438676165785505,0.48574629912471096,0.47312681730632083,0.5003092306964323,0.30851712763672334,0.0,0.0,0.5058695920956416,0.3956730353260812,0.26043966893914633,0.39464982229786744,0.0,0.3379451008236388,0.2691806281849481,0.3340888076623647,0.34320123736360536,0.3860718432751718,0.0,0.1583824020889445,0.26572541209191114,0.2948903604812565,0.0,0.0,0.0,0.2503401094803852,0.0,0.0,0.0,0.0,0.0,0.0,0.0,0.4471440500764407,0.0,0.0,0.5364163112070772,0.0,0.30360900418167325,0.0,0.0,0.25182176586968597,0.0,0.0,0.0,0.0,0.3442009682241337,0.0,0.0,0.0,0.43666334433006454,0.0,0.0,0.0,0.45116853792305095,0.0,0.0,0.0,0.0
0.0,0.0,0.0,0.17806706509295564,0.18676455996646987,0.3406518434708671,0.0,0.397953598049628,0.36285238366888634,0.29103537893472836,0.2943700112392678,0.0,0.32587102393870415,0.13388922711092555,0.4416882437986078,0.0,0.0,0.0,0.0,0.4523570045272181,0.0,0.4808409504499983,0.38454576333493123,0.0,0.0,0.0,0.3860013228128055,0.2678263057876386,0.0,0.0,0.2875466010555831,0.2954411181845455,0.26773765484765233,0.2800368906493547,0.2780897401035932,0.1583824020889445,0.0,0.25496393297075765,0.2831012083080517,0.0,0.0,0.0,0.0,0.0,0.0,0.0,0.0,0.0,0.0,0.0,0.0,0.0,0.0,0.0,0.0,0.0,0.0,0.0,0.0,0.0,0.0,0.0,0.0,0.0,0.0,0.0,0.0,0.0,0.0,0.0,0.0,0.0,0.0,0.0,0.0,0.0
0.0,0.0,0.0,0.0,0.36765758917694535,0.0,0.0,0.0,0.0,0.2679607604087496,0.0,0.22356647336232205,0.3453247538637514,0.0,0.0,0.0,0.0,0.0,0.0,0.0,0.0,0.0,0.0,0.2548672635425445,0.2680659757087931,0.27242148159245305,0.0,0.29598298848163773,0.0,0.0,0.3119764938657765,0.24159015567245415,0.1955995872529199,0.23847403049782048,0.24448378564939405,0.26572541209191114,0.25496393297075765,0.0,0.0,0.23584039487076805,0.24961530168259527,0.0,0.0,0.0,0.0,0.0,0.0,0.0,0.0,0.0,0.0,0.0,0.0,0.0,0.30990619296154615,0.0,0.268810095861886,0.0,0.0,0.0,0.0,0.0,0.0,0.0,0.0,0.0,0.0,0.0,0.0,0.0,0.0,0.0,0.0,0.0,0.0,0.0
0.3786498424635226,0.4410557491226032,0.0,0.0,0.0,0.4007854276692766,0.0,0.4001420994213842,0.0,0.3688584433939853,0.0,0.38831422751125494,0.47256135384742587,0.0,0.49020410402207076,0.4070373538353961,0.3476831204495792,0.28243345703580225,0.0,0.45707766967436403,0.4555204896999324,0.48204599516173596,0.45334313026992873,0.3478187640894314,0.3380810529599252,0.4367188316484899,0.44878845728934796,0.44725672147780265,0.4468652423709804,0.0,0.4297959535403139,0.3885296438555725,0.36529667627300166,0.4420406573142475,0.3973272656193022,0.2948903604812565,0.2831012083080517,0.0,0.0,0.3146284639827973,0.3550907034928971,0.4735559515686232,0.28580932832005196,0.2902392717174746,0.2858228228382292,0.3710267767840696,0.40090298273609165,0.32970348290718754,0.2880046492227445,0.3435970654691863,0.33057848720768435,0.3395337143176841,0.35736867266122163,0.33257359885051185,0.3348142121974681,0.3490748352964551,0.322883855236096,0.3551169645685682,0.0,0.4333331271222975,0.38483193025230805,0.31193251291032753,0.3584796015810234,0.3283058971910945,0.44201151456917226,0.41184407755584085,0.4488325502360566,0.3877037548082025,0.33385636387712847,0.3582942400258338,0.3939635447734823,0.41757457150076105,0.3492852234830099,0.3950545197642829,0.33357688852186995,0.3666515403592407
0.3073550603983316,0.40047212574171176,0.0,0.0,0.0,0.0,0.0,0.0,0.0,0.30749218070508916,0.0,0.3277180157518316,0.0,0.0,0.4515217776123216,0.3822728625025857,0.30808480947276695,0.29868918750700313,0.0,0.4584454774981588,0.408626020835568,0.45063556504157437,0.0,0.3056519232094735,0.3360895535484335,0.3640518660462164,0.0,0.0,0.0,0.0,0.2877954900695067,0.40968857885535226,0.30560972338011827,0.3415269699967652,0.4221798990242547,0.0,0.0,0.23584039487076805,0.3146284639827973,0.0,0.23446068064035333,0.3455745833102594,0.0,0.27656958680724203,0.21785848601429203,0.2526223530262779,0.29098431994681484,0.0,0.0,0.0,0.31937410577927394,0.0,0.410192150108174,0.0,0.2624824223450994,0.0,0.2562537972912471,0.36755524736980205,0.0,0.34216143371082397,0.2989959768057878,0.24890260047058738,0.25929203396837,0.0,0.33397602219841754,0.3084156682156134,0.33226013061673837,0.3470858669927879,0.2474006482582701,0.2557139550782897,0.28547073935242295,0.3610680889645102,0.0,0.2672065604468168,0.0,0.28538735091258527
0.3075246805217529,0.37151846481279227,0.0,0.0,0.0,0.0,0.0,0.0,0.0,0.3076418224004109,0.0,0.32042958857826964,0.0,0.0,0.47632946867426207,0.38539086499284325,0.35638875261849223,0.24871431685112602,0.0,0.46798768109750194,0.44797985201193113,0.4567154528541735,0.4295280973965041,0.3081255491629597,0.2949770991978181,0.3793138676592884,0.4508945588653418,0.39537349971048363,0.4758629357254684,0.0,0.36167746391501066,0.44508431066273785,0.30565531572751997,0.3498520148210578,0.4328107577197049,0.0,0.0,0.24961530168259527,0.3550907034928971,0.23446068064035333,0.0,0.26970935817539843,0.3192328385227775,0.2556560878452589,0.23659474107416545,0.26338992015316043,0.3166849017247866,0.3480235193919091,0.2931422909056775,0.3617923219122828,0.3439623893781492,0.3232057499562244,0.33624330005681147,0.3716284946310645,0.30319555695516837,0.36343003314573175,0.2726158967972905,0.34362017801768147,0.0,0.38638860541058484,0.3076177021279226,0.29647992863850214,0.30708095773918737,0.33668213485386866,0.35708965389294195,0.3788955431636194,0.344914438275512,0.3728401592828946,0.27495559174525663,0.2995507523062594,0.3188118542408799,0.3879236750871537,0.3414657512286319,0.32823796003293454,0.29246848770672623,0.2561986618834327
0.37604863080099893,0.43198525130939974,0.0,0.0,0.0,0.0,0.0,0.0,0.0,0.31932022874321664,0.0,0.32536057124704626,0.0,0.0,0.49159637250195365,0.4090003777183218,0.0,0.3765896416225152,0.0,0.48311520505611705,0.4736689542157292,0.494474637535979,0.458198482053767,0.28844534345411565,0.35560621409890925,0.4028427367713827,0.0,0.0,0.0,0.0,0.4295776498491539,0.40989433318631563,0.4164266988166694,0.40162016447692517,0.39438459975778384,0.0,0.0,0.0,0.4735559515686232,0.3455745833102594,0.26970935817539843,0.0,0.24684405179523705,0.24602546775386352,0.28250033026328003,0.36458150606319634,0.3777036341074623,0.3755980881382823,0.15983350360633147,0.0,0.337059961526658,0.2679745144724068,0.36436270259373493,0.35773090820502595,0.2992582080738156,0.0,0.25615954127130164,0.2877848466972872,0.0,0.43849987370984345,0.36846164612338317,0.2352365404019694,0.34850905778890434,0.0,0.42960273124302106,0.4430043171407084,0.4486164249795706,0.3666147476166575,0.26909856283003963,0.357070951640402,0.3954749726717704,0.3964921572845511,0.285322206924746,0.3759549210089614,0.28159642481524266,0.2587796957266293
