0,1,2,3,4,5,6,7,8,9,10,11,12,13,14,15,16,17,18,19,20,21,22,23,24,25,26,27,28,29,30,31,32,33,34,35,36,37,38,39,40,41,42,43,44,45,46,47,48,49,50,51,52,53,54,55,56,57,58,59,60,61,62,63,64,65,66,67,68,69,70,71,72,73,74,75
0.0,0.3604570268937498,0.0,0.0,0.0,0.45238974670257515,0.0,0.48675537849220174,0.0,0.4014503270443929,0.0,0.4144553722785226,0.5094601323496022,0.46642518717488124,0.3349544858703993,0.36602590858612666,0.3495987965096719,0.36780033317845795,0.0,0.43260809612471607,0.37143290904386955,0.3791582128153178,0.4377658635189976,0.37448089741745183,0.3614415766253986,0.3570214954717255,0.4394766762009881,0.4761679517779796,0.4507467924912776,0.6143200488459801,0.34869378298891324,0.39326819546707564,0.3032124411238244,0.3639912619000212,0.40292072309299687,0.4563754566370838,0.0,0.4325385176065162,0.4346137118423922,0.3660759792763702,0.3652376878617524,0.0,0.0,0.0,0.0,0.35375839094824096,0.4200919464257693,0.0,0.0,0.0,0.0,0.0,0.0,0.0,0.500157477451397,0.0,0.0,0.0,0.0,0.0,0.4189928486694636,0.0,0.40948246866711585,0.0,0.0,0.0,0.41298580010159613,0.0,0.37412364164241885,0.41149481110774555,0.4245090294033508,0.0,0.0,0.0,0.0,0.0
0.3604570268937498,0.0,0.0,0.0,0.41986092100474515,0.41296250978412585,0.42733456131958586,0.46347503701623016,0.41427576421562007,0.35932255649459843,0.0,0.0,0.43649200241761127,0.0,0.39797285418659445,0.37122994872168563,0.3432145670062573,0.3831124258278956,0.0,0.39430782242313056,0.36031664800265195,0.3761651757881999,0.41780238281532406,0.3689215314947617,0.3695313649588665,0.36573388114213734,0.3933427481041317,0.4344487458225375,0.4056645001154971,0.0,0.34610585953012246,0.3637635201461712,0.3270318600987291,0.3561683820422803,0.398482816114491,0.0,0.0,0.0,0.4252256468919723,0.4108581327437228,0.36818936687032744,0.44345551819646345,0.0,0.0,0.0,0.39362601431950556,0.4022548027057988,0.0,0.0,0.0,0.0,0.0,0.0,0.0,0.0,0.0,0.0,0.0,0.0,0.4356491996091222,0.41932211188821134,0.0,0.41617419688962914,0.0,0.42643304685623873,0.4415238124658279,0.3780669208048261,0.0,0.3750763556614164,0.41885536121911693,0.43132675721723157,0.0,0.0,0.4350532762698725,0.0,0.40105468419068085
0.0,0.0,0.0,0.0,0.37237697996294916,0.38513140584191075,0.4133336282515621,0.419244758757312,0.3054135525555158,0.4890211079336083,0.29837290939462097,0.0,0.4254505804011151,0.35060381185328454,0.0,0.0,0.0,0.0,0.27955465419831094,0.0,0.0,0.0,0.32581416934565366,0.0,0.0,0.0,0.3340821342616324,0.4378811561725014,0.0,0.45422246490206286,0.4539357701099461,0.4287271197261501,0.0,0.448859481947607,0.44503002732104974,0.37636625881981683,0.4317967241329067,0.46883084202240094,0.0,0.0,0.0,0.0,0.447236837699717,0.0,0.0,0.0,0.0,0.4655654835404485,0.0,0.0,0.5156116314230049,0.0,0.5224549310499184,0.48053198964309857,0.0,0.42909350639438676,0.0,0.0,0.4628194043212507,0.0,0.0,0.0,0.0,0.4267990607882055,0.0,0.0,0.0,0.4720749636565901,0.0,0.0,0.0,0.5131214533053692,0.0,0.0,0.0,0.0
0.0,0.0,0.0,0.0,0.27415742970501367,0.0,0.26409657011905807,0.34872003640422305,0.40563324351676405,0.20804569793869235,0.3360913348981899,0.2786623835927934,0.29216829057363286,0.23416665674970627,0.0,0.0,0.0,0.0,0.3910978683838996,0.40444836373449955,0.0,0.4115966932705616,0.3898490586247103,0.0,0.0,0.0,0.41551265173978336,0.2516070222623219,0.0,0.0,0.3841002495814726,0.2973736093369741,0.0,0.33025027806950485,0.26648622118859033,0.17760344585246887,0.18795341499760873,0.0,0.0,0.0,0.0,0.0,0.0,0.0,0.0,0.0,0.0,0.0,0.0,0.0,0.0,0.0,0.0,0.0,0.0,0.0,0.28540048811064045,0.0,0.0,0.0,0.0,0.0,0.0,0.0,0.0,0.0,0.0,0.0,0.0,0.0,0.0,0.0,0.0,0.0,0.0,0.0
0.0,0.41986092100474515,0.37237697996294916,0.27415742970501367,0.0,0.37207804416277657,0.32853671375552423,0.3653899014282497,0.3134430733444209,0.428317897473619,0.29223149273902616,0.4231884194650931,0.3516415546533545,0.2842842213098257,0.0,0.0,0.0,0.0,0.3364224485854992,0.37484974749951866,0.48796942692540546,0.4035411789842371,0.3804285577120258,0.0,0.0,0.0,0.38622440715879613,0.3555744644692851,0.3934805749373199,0.36763218900679456,0.4333699710245305,0.38960167150188457,0.44712538434528915,0.4196140107703715,0.39932963219871986,0.24872666035284274,0.2746115739926993,0.0,0.0,0.0,0.0,0.0,0.41754712708337816,0.0,0.0,0.0,0.0,0.5197480779392121,0.0,0.0,0.0,0.0,0.0,0.0,0.0,0.499815494472586,0.0,0.0,0.0,0.0,0.0,0.0,0.0,0.0,0.0,0.0,0.0,0.494522198720075,0.0,0.0,0.0,0.5142536084447805,0.0,0.0,0.0,0.0
0.45238974670257515,0.41296250978412585,0.38513140584191075,0.0,0.37207804416277657,0.0,0.3970182155006783,0.37530972794026524,0.3304518465398639,0.43140137565990644,0.3365631501219339,0.0,0.3876406291456164,0.345366852945995,0.4180576377216914,0.4395596506159323,0.0,0.42762964606560844,0.3684091147709876,0.4028095627173708,0.40168870729669254,0.4212537245698455,0.4073004323165734,0.56754941005691,0.4100837809222706,0.4140049645798615,0.3818515223488838,0.35915338062696434,0.3541230633189023,0.40591924374606747,0.4121727927125038,0.41578308206194514,0.3791486188734079,0.4197810362519338,0.42150718888903216,0.43047725124926206,0.42863776002579057,0.0,0.4490631617953245,0.5222761065322538,0.4773492711728304,0.5337653078130475,0.46086388740371953,0.0,0.0,0.0,0.522038633935892,0.5208781362430418,0.0,0.0,0.4762049150120898,0.497225637262844,0.4765990771009354,0.5304824647339935,0.0,0.4701717031464247,0.0,0.5120834341816639,0.0,0.46408988376389626,0.0,0.0,0.0,0.5042427904295776,0.0,0.46228401316152024,0.4763685216660883,0.48079022512577557,0.0,0.0,0.48597382492835867,0.47556680162839854,0.49054046080937463,0.4391840617240739,0.0,0.47963610784097505
0.0,0.42733456131958586,0.4133336282515621,0.26409657011905807,0.32853671375552423,0.3970182155006783,0.0,0.3751323966771965,0.37563239037258855,0.40075999957469566,0.40168124372586644,0.4079951885403219,0.3294477829813492,0.33401854037026,0.426890587065277,0.4531085888327211,0.0,0.4511101836210106,0.40782278505240693,0.41205565615700357,0.4534572512078456,0.4350338333061934,0.3969900066556659,0.36681815782219857,0.4295025145253828,0.4275631429222698,0.4062998549785024,0.3443531752796028,0.4067199665998708,0.4045352211156701,0.4145176931318946,0.38553370439842205,0.4187781852677076,0.40315315103913807,0.39006241919562995,0.2773779913784824,0.2772898548014471,0.3330659564979148,0.0,0.0,0.0,0.0,0.4766221790809514,0.0,0.0,0.0,0.0,0.4999395312301014,0.0,0.0,0.5152058577597359,0.0,0.0,0.0,0.0,0.0,0.0,0.0,0.0,0.0,0.0,0.0,0.0,0.0,0.0,0.0,0.0,0.4859678974017111,0.0,0.0,0.0,0.4994072082817975,0.0,0.0,0.0,0.0
0.48675537849220174,0.46347503701623016,0.419244758757312,0.34872003640422305,0.3653899014282497,0.37530972794026524,0.3751323966771965,0.0,0.44353155647106396,0.46831215444561786,0.296227828253188,0.5659700453490283,0.40720686445762694,0.3137024121814942,0.0,0.0,0.0,0.47903350703924263,0.39274001259694225,0.425428050966516,0.3706933471408953,0.0,0.35505038258663185,0.5082681794097234,0.4745901967852966,0.4857242364322882,0.4446000086185267,0.41502643710766085,0.37180559940987573,0.41333658558740427,0.42343700305478915,0.40829771543944127,0.4494866649555381,0.41706210027428947,0.4256431872805931,0.28482623414399943,0.42943821542220606,0.0,0.4174239538250114,0.33743430398596835,0.46238512235999074,0.4625119919918971,0.38858627347908076,0.0,0.0,0.0,0.0,0.47282827398804184,0.0,0.4597290566905893,0.47094480884601053,0.48237460040741004,0.36305770858084574,0.46015647522550673,0.0,0.43627362608904774,0.0,0.4770045765906715,0.4122805975637765,0.441269557078912,0.0,0.0,0.0,0.4280001323897272,0.42804716152435707,0.42329427082391613,0.4069993787507278,0.4623022073853617,0.0,0.0,0.5295978355008883,0.48849388667479354,0.4627972732872948,0.4483748572449145,0.0,0.4855770281382747
0.0,0.41427576421562007,0.3054135525555158,0.40563324351676405,0.3134430733444209,0.3304518465398639,0.37563239037258855,0.44353155647106396,0.0,0.43478194823195926,0.28293003355422514,0.0,0.39811781895539994,0.3966874495739008,0.8147437043126172,0.4575523388360537,0.0,0.0,0.2939611116512793,0.3854527743067666,0.4868352163946279,0.41517050884271006,0.4066388250970882,0.0,0.0,0.0,0.35345824349133176,0.42041184281798266,0.389982818624387,0.45946438662004474,0.42923188570274035,0.4129947377077141,0.4335180937672084,0.43163761608192297,0.4347252685104183,0.4085519066555587,0.42303217902707624,0.0,0.0,0.0,0.0,0.0,0.4538148547813108,0.0,0.0,0.0,0.0,0.5010738439061487,0.0,0.0,0.48283645465814906,0.0,0.4848384707181006,0.0,0.0,0.46680652947820467,0.0,0.0,0.0,0.0,0.0,0.0,0.0,0.4728814993941146,0.0,0.0,0.0,0.4800810002527288,0.0,0.0,0.0,0.4787722813470488,0.0,0.0,0.0,0.0
0.4014503270443929,0.35932255649459843,0.4890211079336083,0.20804569793869235,0.428317897473619,0.43140137565990644,0.40075999957469566,0.46831215444561786,0.43478194823195926,0.0,0.42980162259655597,0.29839758020689616,0.39677481911147144,0.18295578607028773,0.0,0.0,0.31174127399415763,0.35205433130462,0.4462188240327549,0.498926914870791,0.4280815699410082,0.36672244471084214,0.42795174907068023,0.3110243577561568,0.32842930952922106,0.3406672515214173,0.4442379673505936,0.3773223626394871,0.0,0.0,0.31743207439630994,0.33559727668625333,0.2974031652244319,0.3170192155978145,0.27308378692630547,0.2973802823472181,0.36147914707057494,0.26572441780194667,0.43617705050784406,0.31537660389248945,0.33566456050408383,0.0,0.0,0.0,0.2573318987673834,0.4203700467463194,0.44234786171958235,0.0,0.0,0.0,0.0,0.38054927510955205,0.0,0.0,0.41572082916614056,0.0,0.41582106724429924,0.0,0.0,0.0,0.4045210690763521,0.42423469830706706,0.41041508090287443,0.0,0.0,0.0,0.0,0.0,0.4029916851270959,0.42645584655844054,0.4385574439824048,0.0,0.35493804521929395,0.0,0.0,0.38463250554948825
0.0,0.0,0.29837290939462097,0.3360913348981899,0.29223149273902616,0.3365631501219339,0.40168124372586644,0.296227828253188,0.28293003355422514,0.42980162259655597,0.0,0.4262833886059895,0.4058577147876352,0.2495867075674918,0.0,0.0,0.5633896123277548,0.0,0.2591414590013639,0.0,0.3878164754994936,0.0,0.293865417852824,0.4115078917919712,0.516323082497271,0.0,0.3788011805729242,0.3984241744313583,0.0,0.0,0.4186093077057732,0.3556531489160373,0.4553145276324771,0.42439180096276913,0.3855921869310378,0.23007756875454605,0.3688108044882299,0.4073697108509584,0.0,0.0,0.0,0.0,0.0,0.0,0.0,0.0,0.0,0.3883857323954444,0.0,0.0,0.0,0.0,0.0,0.42304125486472366,0.0,0.33577970679737307,0.47744505821635896,0.0,0.0,0.0,0.0,0.0,0.0,0.419154319180225,0.0,0.0,0.0,0.4305514128993339,0.0,0.0,0.0,0.45778138952950415,0.0,0.0,0.0,0.0
0.4144553722785226,0.0,0.0,0.2786623835927934,0.4231884194650931,0.0,0.4079951885403219,0.5659700453490283,0.0,0.29839758020689616,0.4262833886059895,0.0,0.3961160259301307,0.0,0.0,0.0,0.3671815862561878,0.37158959502830846,0.0,0.0,0.5153866764978444,0.0,0.517098114497926,0.28471488605115675,0.36017590904130103,0.30805301906404037,0.0,0.36083477324679003,0.0,0.0,0.3303029541771212,0.2878888103851347,0.28316566551080735,0.26367920733919314,0.28941941943684346,0.2916126468157064,0.30531354157534796,0.22124981213091824,0.0,0.36203393384664234,0.37397375207041555,0.0,0.0,0.0,0.3325053555783309,0.0,0.0,0.0,0.0,0.0,0.0,0.0,0.0,0.0,0.44170111286624986,0.0,0.43516964636181554,0.0,0.0,0.0,0.0,0.43827504616870216,0.4235048218472591,0.0,0.0,0.0,0.0,0.0,0.4246482941168353,0.4365885582849022,0.44810527104408426,0.0,0.0,0.0,0.0,0.41132098084888236
0.5094601323496022,0.43649200241761127,0.4254505804011151,0.29216829057363286,0.3516415546533545,0.3876406291456164,0.3294477829813492,0.40720686445762694,0.39811781895539994,0.39677481911147144,0.4058577147876352,0.3961160259301307,0.0,0.3354949502659105,0.42908165814503485,0.4667784718600146,0.4326802095907971,0.45244654161081493,0.4102173993124412,0.42824416416046,0.4389595356683242,0.4578869972963783,0.4077950284183946,0.4146294000925826,0.42840866386052484,0.43019180162734655,0.41778612620600764,0.35143358793529955,0.3963998039267002,0.37830472983412283,0.3966910771399658,0.3853584216142411,0.41088467838047976,0.40433341790279304,0.3732960879336992,0.2988321628226396,0.3158077548369304,0.35304294535135966,0.48229633804764166,0.0,0.5510942352501309,0.0,0.4765216741169404,0.0,0.0,0.0,0.0,0.0,0.0,0.0,0.0,0.0,0.489491834771047,0.0,0.4673413936467169,0.0,0.38166214072415117,0.0,0.0,0.0,0.0,0.0,0.0,0.0,0.0,0.5523340465024639,0.0,0.4873201315319171,0.0,0.0,0.5553894844540906,0.486010811427289,0.0,0.0,0.0,0.528915286518468
0.46642518717488124,0.0,0.35060381185328454,0.23416665674970627,0.2842842213098257,0.345366852945995,0.33401854037026,0.3137024121814942,0.3966874495739008,0.18295578607028773,0.2495867075674918,0.0,0.3354949502659105,0.0,0.0,0.0,0.0,0.0,0.328611929606607,0.0,0.3825373451955368,0.0,0.33424760495911143,0.0,0.0,0.4861115635040287,0.41273274956920414,0.23985164470841394,0.0,0.0,0.33892405158860317,0.23825144024914682,0.0,0.3709462847665582,0.0,0.18761896618132645,0.16652179963408392,0.0,0.0,0.0,0.0,0.0,0.3169861470489702,0.0,0.0,0.0,0.0,0.4447742210777443,0.0,0.0,0.5731512221958315,0.44793404151229954,0.0,0.43824781581521255,0.0,0.4467294192235789,0.0,0.0,0.0,0.0,0.0,0.0,0.0,0.4302279420734287,0.0,0.0,0.0,0.4352108268628241,0.0,0.0,0.0,0.5241886013821727,0.0,0.0,0.0,0.0
0.3349544858703993,0.39797285418659445,0.0,0.0,0.0,0.4180576377216914,0.426890587065277,0.0,0.8147437043126172,0.0,0.0,0.0,0.42908165814503485,0.0,0.0,0.39660377097666993,0.0,0.3843514059693999,0.0,0.34015643313293675,0.3373127074849363,0.35677113123497683,0.35303757077664544,0.4701648026679082,0.363487729992098,0.3674818901102073,0.41286533038222045,0.41573898810032245,0.38584428582265123,0.0,0.3951844039281876,0.42484817492518734,0.37245829267706665,0.42059460699702444,0.4617873287546296,0.4463041480537667,0.0,0.0,0.4472273666759001,0.42805783728631386,0.4608686584186934,0.47837838147770756,0.0,0.0,0.0,0.0,0.45761314885918686,0.0,0.0,0.0,0.44721665246395287,0.0,0.36544503274173473,0.0,0.0,0.0,0.0,0.0,0.0,0.46078226223634894,0.4750619314955353,0.0,0.0,0.0,0.4195634388501791,0.43547697577824096,0.47146680259222273,0.43166034067575076,0.0,0.0,0.4864019539489355,0.4336272042761845,0.444640976467647,0.4281592293678485,0.0,0.4393021923835989
0.36602590858612666,0.37122994872168563,0.0,0.0,0.0,0.4395596506159323,0.4531085888327211,0.0,0.4575523388360537,0.0,0.0,0.0,0.4667784718600146,0.0,0.39660377097666993,0.0,0.3618521484976993,0.35914697442432814,0.0,0.39230822254261527,0.3491967351246552,0.37779861076220017,0.38811217476641097,0.37425145449762653,0.38239381761499525,0.3792717272229258,0.4116166411132689,0.4532457418967757,0.43128187632664744,0.43109384755603475,0.35550254096606476,0.3939353762769491,0.34989927333784715,0.3926546523627757,0.4108081261279428,0.0,0.0,0.0,0.4209689055425796,0.4241092005762588,0.4230219142107789,0.44944434912286774,0.0,0.0,0.0,0.38197035071374985,0.4357317745710095,0.0,0.0,0.0,0.0,0.0,0.0,0.0,0.0,0.0,0.0,0.0,0.0,0.46418940499898,0.4308731151684209,0.0,0.39859355920199424,0.0,0.0,0.44226183670950825,0.4275241016383191,0.0,0.4397381475283182,0.4079266060391034,0.43923489100359797,0.0,0.0,0.4798606552412126,0.0,0.41561938994970066
0.3495987965096719,0.3432145670062573,0.0,0.0,0.0,0.0,0.0,0.0,0.0,0.31174127399415763,0.5633896123277548,0.3671815862561878,0.4326802095907971,0.0,0.0,0.3618521484976993,0.0,0.3163433517332315,0.0,0.0,0.5120746588414531,0.3805193363627579,0.0,0.3516311788570458,0.3346618922434462,0.3624440623242079,0.0,0.4166234806023947,0.0,0.0,0.3298235966289482,0.39277976940563464,0.3093135355178539,0.36545408151392306,0.36686839191082843,0.0,0.0,0.29943279546001467,0.0,0.3325175756246417,0.4524441091911118,0.0,0.0,0.0,0.0,0.0,0.0,0.0,0.0,0.0,0.0,0.0,0.0,0.0,0.411045296084991,0.0,0.42127839027648123,0.0,0.0,0.0,0.0,0.44232522464264595,0.4097662601448803,0.0,0.0,0.0,0.0,0.0,0.43685506259775075,0.40176790668723483,0.4226173285377238,0.0,0.0,0.0,0.0,0.46303169258721033
0.36780033317845795,0.3831124258278956,0.0,0.0,0.0,0.42762964606560844,0.4511101836210106,0.47903350703924263,0.0,0.35205433130462,0.0,0.37158959502830846,0.45244654161081493,0.0,0.3843514059693999,0.35914697442432814,0.3163433517332315,0.0,0.0,0.4031329185340585,0.3832517209064342,0.4069199670130731,0.4149556432194469,0.35309642642142836,0.3579139429418044,0.3730486830986134,0.40703103101395044,0.44042197309870673,0.43500629031261845,0.0,0.3629074002551733,0.4168062601754843,0.3318937919203321,0.3907894217294914,0.3994359124848691,0.0,0.0,0.0,0.39954001419110574,0.37586893457135284,0.3709646786458391,0.4304357878310669,0.0,0.0,0.0,0.4094080961791534,0.4127682112795737,0.0,0.0,0.0,0.0,0.0,0.0,0.0,0.3858309958924032,0.0,0.41253607353353344,0.0,0.0,0.0,0.4066938581649883,0.43212998714365525,0.4119049181860303,0.0,0.0,0.0,0.4119439516956239,0.0,0.43100729152565803,0.4112588572689964,0.4263038803998592,0.0,0.0,0.5622886134609586,0.0,0.3839375478939918
0.0,0.0,0.27955465419831094,0.3910978683838996,0.3364224485854992,0.3684091147709876,0.40782278505240693,0.39274001259694225,0.2939611116512793,0.4462188240327549,0.2591414590013639,0.0,0.4102173993124412,0.328611929606607,0.0,0.0,0.0,0.0,0.0,0.0,0.0,0.0,0.2944821634421157,0.0,0.0,0.0,0.36455493525197263,0.40684480279715196,0.0,0.5475545147826769,0.4434135139952634,0.4157044667259364,0.4977200047381498,0.4418798988287899,0.41460161293886544,0.3185007185107202,0.4175832262691609,0.0,0.0,0.0,0.0,0.0,0.4459399636864006,0.0,0.0,0.0,0.0,0.459777756040866,0.0,0.0,0.0,0.0,0.5030042050006673,0.4881033038139078,0.0,0.42459007953755734,0.0,0.0,0.0,0.0,0.0,0.0,0.0,0.46496933684150976,0.0,0.0,0.0,0.4831720693916383,0.0,0.0,0.0,0.5114547428015054,0.0,0.0,0.0,0.0
0.43260809612471607,0.39430782242313056,0.0,0.40444836373449955,0.37484974749951866,0.4028095627173708,0.41205565615700357,0.425428050966516,0.3854527743067666,0.498926914870791,0.0,0.0,0.42824416416046,0.0,0.34015643313293675,0.39230822254261527,0.0,0.4031329185340585,0.0,0.0,0.39944579141307796,0.3763850020768391,0.3550283937019471,0.5890544391414874,0.38556901293614637,0.41763542081733795,0.3426145950062566,0.3939883964251401,0.32094039050758977,0.3655354139108248,0.37008559781583167,0.44348556068758227,0.37160247108501426,0.4107351400973947,0.44388825759416023,0.4792666378230429,0.44735073736768177,0.0,0.43090721866176923,0.43568080526312836,0.4621298503536979,0.45835632749973976,0.0,0.0,0.0,0.0,0.45202127682664295,0.0,0.0,0.0,0.44064243607407627,0.0,0.4137923527107867,0.0,0.0,0.0,0.0,0.5307376122576763,0.0,0.4428493612955689,0.0,0.0,0.0,0.0,0.4274174595492166,0.42920376745128125,0.4459559754963731,0.4637978548791983,0.0,0.0,0.45174027639998954,0.44669830073330136,0.46429694589357606,0.4448959114834498,0.0,0.4516518476618888
0.37143290904386955,0.36031664800265195,0.0,0.0,0.48796942692540546,0.40168870729669254,0.4534572512078456,0.3706933471408953,0.4868352163946279,0.4280815699410082,0.3878164754994936,0.5153866764978444,0.4389595356683242,0.3825373451955368,0.3373127074849363,0.3491967351246552,0.5120746588414531,0.3832517209064342,0.0,0.39944579141307796,0.0,0.4034605411526368,0.3770955317911281,0.477043513015561,0.38847754077714997,0.35579060709113636,0.4170978504388484,0.43245135899804676,0.39839837388937677,0.4362203331282424,0.3297954516256924,0.411073103251952,0.3367271341137855,0.3679343019482633,0.4382168087714239,0.4014955309370356,0.0,0.0,0.399912897073287,0.41888472569675106,0.4631625337748633,0.48544268971082605,0.0,0.0,0.0,0.3547083471625349,0.44371788248541066,0.0,0.0,0.0,0.4187791539863831,0.0,0.35489164800262585,0.0,0.0,0.0,0.0,0.48012066722285396,0.0,0.43422536570933806,0.4493563857794589,0.0,0.5259267912499701,0.0,0.4248048544985967,0.3273338807239714,0.45437025716084245,0.4378053723156385,0.32996544387177223,0.468023456746087,0.45533944272428345,0.4452588748159378,0.45815830852257117,0.3861453794635964,0.0,0.44514116849827323
0.3791582128153178,0.3761651757881999,0.0,0.4115966932705616,0.4035411789842371,0.4212537245698455,0.4350338333061934,0.0,0.41517050884271006,0.36672244471084214,0.0,0.0,0.4578869972963783,0.0,0.35677113123497683,0.37779861076220017,0.3805193363627579,0.4069199670130731,0.0,0.3763850020768391,0.4034605411526368,0.0,0.4184788168937456,0.0,0.3844077051851653,0.3898925433666844,0.42347121406751337,0.4360849308760187,0.3863421615552217,0.39627465968578646,0.39108997653795713,0.45817100868094623,0.4114522994927643,0.44306077924417875,0.4780821569772072,0.5195286178944359,0.47632107163151416,0.0,0.45639003659036137,0.4616329948357536,0.4687640972618365,0.4868969311904019,0.0,0.0,0.0,0.4023623340343119,0.4447220843971898,0.0,0.0,0.0,0.45956869409245515,0.0,0.0,0.0,0.0,0.0,0.661083126964483,0.0,0.0,0.4804404399777834,0.4409281798582376,0.0,0.0,0.0,0.44348788688189983,0.46594317565244836,0.4804045882297104,0.44592833798909604,0.0,0.40356083934815257,0.45987312914385947,0.45750887072597624,0.0,0.4388387983894115,0.0,0.4554011937209685
0.4377658635189976,0.41780238281532406,0.32581416934565366,0.3898490586247103,0.3804285577120258,0.4073004323165734,0.3969900066556659,0.35505038258663185,0.4066388250970882,0.42795174907068023,0.293865417852824,0.517098114497926,0.4077950284183946,0.33424760495911143,0.35303757077664544,0.38811217476641097,0.0,0.4149556432194469,0.2944821634421157,0.3550283937019471,0.3770955317911281,0.4184788168937456,0.0,0.48552038161942096,0.42267959376039177,0.4231739011737666,0.37372985124797664,0.41431461639877887,0.3772116354050814,0.402012429027043,0.41918793794045867,0.4045675979600362,0.3792492669731794,0.4267346861236315,0.43461200334286715,0.3633081971791851,0.4155319141839054,0.45477001378832027,0.464738644717864,0.37989017469129915,0.46707407560310743,0.48047676912848425,0.47226320480899325,0.0,0.0,0.0,0.0,0.5069905263995297,0.0,0.5213465478555632,0.5012103551335604,0.496158503730764,0.49377441350321016,0.49137769481996113,0.0,0.47711783910427014,0.5066560034265521,0.4960719535591569,0.46969300477310677,0.44530364243364606,0.0,0.0,0.0,0.4819856701187129,0.4484913421257675,0.44246246481100043,0.46697296232811897,0.4939268968255269,0.0,0.0,0.462769695326945,0.4977261100128893,0.4898695287474789,0.45864061278007995,0.4859625449973014,0.47892980079961955
0.37448089741745183,0.3689215314947617,0.0,0.0,0.0,0.56754941005691,0.36681815782219857,0.5082681794097234,0.0,0.3110243577561568,0.4115078917919712,0.28471488605115675,0.4146294000925826,0.0,0.4701648026679082,0.37425145449762653,0.3516311788570458,0.35309642642142836,0.0,0.5890544391414874,0.477043513015561,0.0,0.48552038161942096,0.0,0.3656706838786561,0.34267761343095143,0.5307582339969262,0.39586221028710117,0.0,0.0,0.34246384775978694,0.3238138950957815,0.2506597452614164,0.2819419237142009,0.29490782079965927,0.27854337230574266,0.26987119798905307,0.21404087267180735,0.4352403016417014,0.30010344256252586,0.30489310557709265,0.0,0.0,0.0,0.20649467575311747,0.38856556936435577,0.4102679283722314,0.0,0.0,0.0,0.0,0.0,0.0,0.0,0.3752082228608298,0.0,0.36435766068507547,0.0,0.0,0.0,0.4434878461671449,0.42656563706525286,0.40278089828753216,0.0,0.0,0.0,0.0,0.0,0.38811433584227484,0.4151414346595231,0.4250544691601828,0.0,0.0,0.0,0.0,0.39914168593884597
0.3614415766253986,0.3695313649588665,0.0,0.0,0.0,0.4100837809222706,0.4295025145253828,0.4745901967852966,0.0,0.32842930952922106,0.516323082497271,0.36017590904130103,0.42840866386052484,0.0,0.363487729992098,0.38239381761499525,0.3346618922434462,0.3579139429418044,0.0,0.38556901293614637,0.38847754077714997,0.3844077051851653,0.42267959376039177,0.3656706838786561,0.0,0.35474356961431414,0.3864719686117917,0.4317256905158491,0.41914788247401047,0.0,0.35814851285556243,0.3855000979397912,0.3107550217748383,0.3591330235449442,0.37383766592945017,0.0,0.0,0.30460404316515427,0.39325655554462335,0.3768255045356025,0.36086058445400027,0.41751239394189144,0.0,0.0,0.28829873847143866,0.39767952163331083,0.3845982593770075,0.0,0.0,0.0,0.0,0.0,0.0,0.0,0.42077818160306424,0.0,0.42324821695179626,0.0,0.0,0.38054661585654437,0.40137203621581125,0.43586487502012866,0.4077819457934682,0.0,0.4197448341108867,0.4371398402699819,0.4012686745718854,0.0,0.428869786308767,0.40373536090321915,0.4204278038433673,0.0,0.0,0.4352507530703332,0.0,0.38303546317522824
0.3570214954717255,0.36573388114213734,0.0,0.0,0.0,0.4140049645798615,0.4275631429222698,0.4857242364322882,0.0,0.3406672515214173,0.0,0.30805301906404037,0.43019180162734655,0.4861115635040287,0.3674818901102073,0.3792717272229258,0.3624440623242079,0.3730486830986134,0.0,0.41763542081733795,0.35579060709113636,0.3898925433666844,0.4231739011737666,0.34267761343095143,0.35474356961431414,0.0,0.4323165795369294,0.419782074794259,0.40877825296198556,0.5134543036655619,0.36453634783741723,0.4054290350910941,0.3442653391038712,0.38176920002521286,0.41236996497967005,0.4987280565309621,0.5180487024739211,0.33566797233111956,0.4424416824468296,0.4021022963173424,0.4200393895393397,0.45130548184095637,0.0,0.0,0.3081829523653991,0.4142498190170518,0.4306799906453551,0.0,0.0,0.0,0.0,0.0,0.4528577013017606,0.0,0.4427168502712571,0.0,0.43827875259933013,0.0,0.0,0.49220025571705844,0.43665705397223875,0.4425413592196072,0.4245902750971848,0.0,0.4581944731190848,0.4525663457249668,0.46773489867025064,0.4619315298471069,0.42844834764492995,0.4241986056796045,0.4415926338991163,0.46737065477213063,0.0,0.4643642401439961,0.0,0.41081364746594845
0.4394766762009881,0.3933427481041317,0.3340821342616324,0.41551265173978336,0.38622440715879613,0.3818515223488838,0.4062998549785024,0.4446000086185267,0.35345824349133176,0.4442379673505936,0.3788011805729242,0.0,0.41778612620600764,0.41273274956920414,0.41286533038222045,0.4116166411132689,0.0,0.40703103101395044,0.36455493525197263,0.3426145950062566,0.4170978504388484,0.42347121406751337,0.37372985124797664,0.5307582339969262,0.3864719686117917,0.4323165795369294,0.0,0.419140985281201,0.3586039380253917,0.39328057656930254,0.4018913509044763,0.42531007039551066,0.3767074969999567,0.4243034982946274,0.4313406638531773,0.4345197848514795,0.4344176263007476,0.0,0.46373809736747557,0.0,0.4852568780502751,0.48228095673614046,0.46631023434490465,0.0,0.0,0.0,0.4859022795772554,0.5108423416550081,0.0,0.0,0.4893434764155425,0.5355720502535423,0.5075130305582276,0.5081449827894396,0.0,0.5049099111606838,0.0,0.5012846084818734,0.5141432455128956,0.44710957808977936,0.0,0.0,0.0,0.5110301512053643,0.4635467588247248,0.4482533308648004,0.46351366267530797,0.49729456919667014,0.0,0.0,0.45279041969623574,0.4893747863409021,0.4945894231356455,0.469404509559438,0.0,0.47884224199768793
0.4761679517779796,0.4344487458225375,0.4378811561725014,0.2516070222623219,0.3555744644692851,0.35915338062696434,0.3443531752796028,0.41502643710766085,0.42041184281798266,0.3773223626394871,0.3984241744313583,0.36083477324679003,0.35143358793529955,0.23985164470841394,0.41573898810032245,0.4532457418967757,0.4166234806023947,0.44042197309870673,0.40684480279715196,0.3939883964251401,0.43245135899804676,0.4360849308760187,0.41431461639877887,0.39586221028710117,0.4317256905158491,0.419782074794259,0.419140985281201,0.0,0.3293606707692314,0.3163242549031927,0.3841584701371701,0.3824287486914507,0.3847003363799691,0.3855336849229523,0.35054643618434667,0.27014826872229475,0.2788526251073968,0.31764111963173863,0.46669598989803607,0.0,0.5002123421385645,0.0,0.4610665747760464,0.0,0.0,0.0,0.0,0.0,0.0,0.0,0.48533622890697636,0.0,0.48023230442328063,0.0,0.3876702902774324,0.0,0.32813298585249845,0.0,0.0,0.4778174717873383,0.0,0.0,0.0,0.0,0.0,0.4695607822016391,0.0,0.4875818201441128,0.0,0.0,0.49618734205385184,0.4815903355772888,0.4975501065447736,0.46932742371801917,0.0,0.5034547862829022
0.4507467924912776,0.4056645001154971,0.0,0.0,0.3934805749373199,0.3541230633189023,0.4067199665998708,0.37180559940987573,0.389982818624387,0.0,0.0,0.0,0.3963998039267002,0.0,0.38584428582265123,0.43128187632664744,0.0,0.43500629031261845,0.0,0.32094039050758977,0.39839837388937677,0.3863421615552217,0.3772116354050814,0.0,0.41914788247401047,0.40877825296198556,0.3586039380253917,0.3293606707692314,0.0,0.326980609911224,0.36163788615627646,0.44302784269411777,0.3523086370104006,0.39976214778373786,0.43208911138799644,0.4710171896889178,0.4768658510565583,0.0,0.4536567687440734,0.0,0.4803728931149904,0.0,0.0,0.0,0.0,0.0,0.46803556950629016,0.0,0.0,0.0,0.0,0.0,0.0,0.0,0.0,0.0,0.0,0.0,0.0,0.43794872294572224,0.0,0.0,0.0,0.0,0.0,0.42162803222267714,0.44832878202072607,0.4698818893485681,0.0,0.0,0.45814737426351254,0.46518615199516167,0.0,0.0,0.0,0.0
0.6143200488459801,0.0,0.45422246490206286,0.0,0.36763218900679456,0.40591924374606747,0.4045352211156701,0.41333658558740427,0.45946438662004474,0.0,0.0,0.0,0.37830472983412283,0.0,0.0,0.43109384755603475,0.0,0.0,0.5475545147826769,0.3655354139108248,0.4362203331282424,0.39627465968578646,0.402012429027043,0.0,0.0,0.5134543036655619,0.39328057656930254,0.3163242549031927,0.326980609911224,0.0,0.3349479879792439,0.42680059569814166,0.0,0.37576910313540407,0.3749914679642579,0.0,0.0,0.0,0.4597177240450612,0.0,0.0,0.0,0.0,0.0,0.0,0.0,0.0,0.0,0.0,0.0,0.5088960172027743,0.0,0.5110214110812812,0.0,0.0,0.0,0.0,0.0,0.0,0.0,0.0,0.0,0.0,0.0,0.0,0.0,0.0,0.48268760252342763,0.0,0.0,0.0,0.49116984395982605,0.0,0.0,0.0,0.0
0.34869378298891324,0.34610585953012246,0.4539357701099461,0.3841002495814726,0.4333699710245305,0.4121727927125038,0.4145176931318946,0.42343700305478915,0.42923188570274035,0.31743207439630994,0.4186093077057732,0.3303029541771212,0.3966910771399658,0.33892405158860317,0.3951844039281876,0.35550254096606476,0.3298235966289482,0.3629074002551733,0.4434135139952634,0.37008559781583167,0.3297954516256924,0.39108997653795713,0.41918793794045867,0.34246384775978694,0.35814851285556243,0.36453634783741723,0.4018913509044763,0.3841584701371701,0.36163788615627646,0.3349479879792439,0.0,0.3818684325483698,0.33366075994788463,0.3464100338016769,0.32393748131537875,0.40149348176624766,0.37031950255058754,0.2717451931264587,0.4422075057221321,0.33269906420385575,0.41613104702849235,0.0,0.0,0.0,0.31475046640419874,0.397060846923622,0.41138574436567593,0.0,0.0,0.0,0.49073473905350645,0.0,0.47077184230298164,0.0,0.42484568669003137,0.0,0.40007156743069494,0.0,0.0,0.42335393250997366,0.4038630019133538,0.435593554842606,0.4088575559839073,0.0,0.0,0.4006112234496035,0.43461116575411984,0.4872217616860895,0.4013116357547514,0.41014110291489136,0.40998788227939376,0.48805637311446226,0.5228566498029747,0.49945179571975595,0.0,0.41860341142940183
0.39326819546707564,0.3637635201461712,0.4287271197261501,0.2973736093369741,0.38960167150188457,0.41578308206194514,0.38553370439842205,0.40829771543944127,0.4129947377077141,0.33559727668625333,0.3556531489160373,0.2878888103851347,0.3853584216142411,0.23825144024914682,0.42484817492518734,0.3939353762769491,0.39277976940563464,0.4168062601754843,0.4157044667259364,0.44348556068758227,0.411073103251952,0.45817100868094623,0.4045675979600362,0.3238138950957815,0.3855000979397912,0.4054290350910941,0.42531007039551066,0.3824287486914507,0.44302784269411777,0.42680059569814166,0.3818684325483698,0.0,0.35068950855731496,0.37123631252561873,0.3294520538690762,0.2589446376956339,0.31249640645606,0.2679803218508899,0.31703722890236063,0.2656790412746769,0.34816917259409236,0.3486560363408291,0.360608867882242,0.301851580981088,0.259639752111798,0.4277901162417168,0.44163100574345593,0.46874889638147965,0.0,0.0,0.4518237461032923,0.525187167387702,0.4352087318313304,0.46470927951552,0.4193919963013285,0.0,0.2910278750558948,0.4764687207184563,0.0,0.4650927648775431,0.44247190434620537,0.46298606410522153,0.41162346676993294,0.0,0.45711963675477635,0.43941101569930135,0.4664834537082086,0.46971335533825354,0.3065065577533714,0.42014512429288176,0.4411022227629414,0.46647017586965867,0.39039829572469,0.4371511352135945,0.4676519798087991,0.41486644891369645
0.3032124411238244,0.3270318600987291,0.0,0.0,0.44712538434528915,0.3791486188734079,0.4187781852677076,0.4494866649555381,0.4335180937672084,0.2974031652244319,0.4553145276324771,0.28316566551080735,0.41088467838047976,0.0,0.37245829267706665,0.34989927333784715,0.3093135355178539,0.3318937919203321,0.4977200047381498,0.37160247108501426,0.3367271341137855,0.4114522994927643,0.3792492669731794,0.2506597452614164,0.3107550217748383,0.3442653391038712,0.3767074969999567,0.3847003363799691,0.3523086370104006,0.0,0.33366075994788463,0.35068950855731496,0.0,0.29773265282761546,0.3586828512191836,0.38707978945048005,0.46911275618296866,0.19320499994498275,0.40446810550693524,0.29627411890569405,0.3528162832733364,0.45545986514996745,0.0,0.0,0.22599676419415102,0.3789670294627032,0.4211759142991141,0.0,0.0,0.0,0.43245823099441505,0.0,0.0,0.0,0.3984552988209142,0.0,0.40299120538367267,0.0,0.0,0.4727581908571377,0.4061345256509905,0.39533324980531714,0.3886819991503589,0.0,0.4540649739894146,0.43276686454261004,0.4549269802402454,0.4388362260959048,0.3770322551075663,0.3864091019872026,0.41477558448248397,0.4050504741835169,0.0,0.44070723486087193,0.0,0.3696094500507279
0.3639912619000212,0.3561683820422803,0.448859481947607,0.33025027806950485,0.4196140107703715,0.4197810362519338,0.40315315103913807,0.41706210027428947,0.43163761608192297,0.3170192155978145,0.42439180096276913,0.26367920733919314,0.40433341790279304,0.3709462847665582,0.42059460699702444,0.3926546523627757,0.36545408151392306,0.3907894217294914,0.4418798988287899,0.4107351400973947,0.3679343019482633,0.44306077924417875,0.4267346861236315,0.2819419237142009,0.3591330235449442,0.38176920002521286,0.4243034982946274,0.3855336849229523,0.39976214778373786,0.37576910313540407,0.3464100338016769,0.37123631252561873,0.29773265282761546,0.0,0.29721158079219345,0.3519978285011853,0.3220612090647844,0.213262508500174,0.4375002353188908,0.32881493915407384,0.40502445859494846,0.47443771352959635,0.3572952136748172,0.0,0.24625503507403826,0.4070787460495298,0.4323181529781628,0.0,0.0,0.0,0.4777457055637085,0.0,0.48537636578187565,0.0,0.3815929940446068,0.0,0.37593381326553116,0.0,0.0,0.47853514726107754,0.42230128847884413,0.43898795017983566,0.41122954403384665,0.0,0.4337524750756902,0.4546306180650066,0.4598808829564018,0.4859783562426499,0.38461227614927684,0.4055981730062875,0.43289426255726193,0.4678741935480892,0.5104784145935728,0.4568947115811609,0.0,0.41254323354211214
0.40292072309299687,0.398482816114491,0.44503002732104974,0.26648622118859033,0.39932963219871986,0.42150718888903216,0.39006241919562995,0.4256431872805931,0.4347252685104183,0.27308378692630547,0.3855921869310378,0.28941941943684346,0.3732960879336992,0.0,0.4617873287546296,0.4108081261279428,0.36686839191082843,0.3994359124848691,0.41460161293886544,0.44388825759416023,0.4382168087714239,0.4780821569772072,0.43461200334286715,0.29490782079965927,0.37383766592945017,0.41236996497967005,0.4313406638531773,0.35054643618434667,0.43208911138799644,0.3749914679642579,0.32393748131537875,0.3294520538690762,0.3586828512191836,0.29721158079219345,0.0,0.3410754232229731,0.3039555305438464,0.24366153850114972,0.31287680300092097,0.26482712333494207,0.2979227466468594,0.3261372780252935,0.3144456008812182,0.32362753058972005,0.0,0.34257110054697815,0.41752113300610744,0.0,0.0,0.0,0.0,0.0,0.0,0.0,0.4037213369125243,0.0,0.2998740583970858,0.0,0.0,0.4903893873370542,0.4547653768747446,0.5346483226584634,0.4207525469498367,0.0,0.4769435603188429,0.4883623643855206,0.4954755835485772,0.48270521760256613,0.3722155461273492,0.4201628074827063,0.4433284585871111,0.4798820769418107,0.3970956167069577,0.0,0.0,0.0
0.4563754566370838,0.0,0.37636625881981683,0.17760344585246887,0.24872666035284274,0.43047725124926206,0.2773779913784824,0.28482623414399943,0.4085519066555587,0.2973802823472181,0.23007756875454605,0.2916126468157064,0.2988321628226396,0.18761896618132645,0.4463041480537667,0.0,0.0,0.0,0.3185007185107202,0.4792666378230429,0.4014955309370356,0.5195286178944359,0.3633081971791851,0.27854337230574266,0.0,0.4987280565309621,0.4345197848514795,0.27014826872229475,0.4710171896889178,0.0,0.40149348176624766,0.2589446376956339,0.38707978945048005,0.3519978285011853,0.3410754232229731,0.0,0.19169988117938705,0.28701390501588314,0.2978046746113334,0.0,0.0,0.2737473547979829,0.2678150296052978,0.2692117546732886,0.0,0.0,0.0,0.41572809323842674,0.0,0.3441539163763623,0.4310514584266448,0.4267628857884874,0.3350553184396662,0.40227116825614406,0.0,0.0,0.25176787432965464,0.4552555538104973,0.0,0.0,0.0,0.0,0.0,0.3802627725748749,0.0,0.0,0.5482901814391887,0.3999148909922108,0.0,0.0,0.0,0.42878927452988236,0.0,0.0,0.0,0.0
0.0,0.0,0.4317967241329067,0.18795341499760873,0.2746115739926993,0.42863776002579057,0.2772898548014471,0.42943821542220606,0.42303217902707624,0.36147914707057494,0.3688108044882299,0.30531354157534796,0.3158077548369304,0.16652179963408392,0.0,0.0,0.0,0.0,0.4175832262691609,0.44735073736768177,0.0,0.47632107163151416,0.4155319141839054,0.26987119798905307,0.0,0.5180487024739211,0.4344176263007476,0.2788526251073968,0.4768658510565583,0.0,0.37031950255058754,0.31249640645606,0.46911275618296866,0.3220612090647844,0.3039555305438464,0.19169988117938705,0.0,0.2978291928282748,0.26566418396770886,0.0,0.0,0.3089943568442667,0.26647646141745457,0.0,0.0,0.0,0.0,0.0,0.0,0.0,0.0,0.0,0.0,0.0,0.0,0.0,0.2796708851994947,0.0,0.0,0.0,0.0,0.0,0.0,0.0,0.0,0.0,0.0,0.0,0.0,0.0,0.0,0.0,0.0,0.0,0.0,0.0
0.4325385176065162,0.0,0.46883084202240094,0.0,0.0,0.0,0.3330659564979148,0.0,0.0,0.26572441780194667,0.4073697108509584,0.22124981213091824,0.35304294535135966,0.0,0.0,0.0,0.29943279546001467,0.0,0.0,0.0,0.0,0.0,0.45477001378832027,0.21404087267180735,0.30460404316515427,0.33566797233111956,0.0,0.31764111963173863,0.0,0.0,0.2717451931264587,0.2679803218508899,0.19320499994498275,0.213262508500174,0.24366153850114972,0.28701390501588314,0.2978291928282748,0.0,0.0,0.25546824086226316,0.24363222360893824,0.0,0.0,0.0,0.21450823664556054,0.0,0.0,0.0,0.0,0.0,0.0,0.0,0.0,0.0,0.3222423172815746,0.0,0.2796936091828853,0.0,0.0,0.0,0.0,0.0,0.0,0.0,0.0,0.0,0.0,0.0,0.26937757374236004,0.0,0.3169783399545894,0.0,0.0,0.0,0.0,0.2714766736500984
0.4346137118423922,0.4252256468919723,0.0,0.0,0.0,0.4490631617953245,0.0,0.4174239538250114,0.0,0.43617705050784406,0.0,0.0,0.48229633804764166,0.0,0.4472273666759001,0.4209689055425796,0.0,0.39954001419110574,0.0,0.43090721866176923,0.399912897073287,0.45639003659036137,0.464738644717864,0.4352403016417014,0.39325655554462335,0.4424416824468296,0.46373809736747557,0.46669598989803607,0.4536567687440734,0.4597177240450612,0.4422075057221321,0.31703722890236063,0.40446810550693524,0.4375002353188908,0.31287680300092097,0.2978046746113334,0.26566418396770886,0.0,0.0,0.3602125322759418,0.37462765469066905,0.39178377301179995,0.23156405581939207,0.27585295911658747,0.2801533638522027,0.401365269388287,0.40120503395015167,0.3922807149482497,0.27668884978228053,0.33066247464246346,0.3894857863058953,0.34164592179455916,0.39681407926266593,0.37049471226721187,0.3545981951270301,0.3365749701451108,0.2785358213346385,0.3790886890219995,0.23923493040966676,0.4062785695656737,0.42040204275775894,0.4150867421258961,0.4270683596986476,0.3428392079025133,0.44014002342673886,0.3968694608589721,0.4233559581872244,0.3982941338908763,0.3079550546632602,0.40261426510130033,0.3945910162710978,0.40661473888106214,0.34593348288916387,0.41689171103842404,0.3708305459609838,0.3812509863408098
