0.0,0.41843561070853774,0.0,0.0,0.0,0.4616063769775608,0.0,0.5239527865684811,0.0,0.37217769328415695,0.0,0.3721540240237495,0.0,0.0,0.44073463135229585,0.4030338776404727,0.3482312670545273,0.36563215926055137,0.0,0.0,0.466191782865127,0.4563573976760734,0.49536098982498633,0.3951050710441253,0.361762171505308,0.36449166597607646,0.0,0.0,0.0,0.0,0.3580281677463687,0.49425004819293583,0.3746391897949383,0.4013195638171417,0.47486392123145205,0.0,0.0,0.0,0.42098450254616365,0.35595992337659554,0.40561226891426244,0.454989413165653,0.0,0.0,0.0,0.34722038474689404,0.4156782753174278,0.0,0.0,0.0,0.0,0.0,0.0,0.0,0.0,0.0,0.0,0.0,0.0,0.0,0.37869762992222733,0.0,0.3595981479082907,0.0,0.0,0.0,0.38884682805489557,0.0,0.2941816224923431,0.3815731165943535,0.4009366329908284,0.0,0.0,0.0,0.0,0.4108008726800463
0.41843561070853774,0.0,0.0,0.0,0.0,0.43236392567293014,0.43453216567123654,0.43188120276026576,0.0,0.4401018518557581,0.0,0.0,0.44125250851008974,0.0,0.4012789035904095,0.43116202883169624,0.4251712804806659,0.40769253840476277,0.0,0.45202705063590837,0.4120932502091519,0.4002419626879985,0.4027533252913833,0.0,0.41536116988137406,0.3918728343019025,0.4371368409957107,0.4427112731154298,0.43765012567855244,0.0,0.39439762947920787,0.5237991454930595,0.4480262284060726,0.43408686046650957,0.489819403299675,0.0,0.0,0.0,0.4599892093914293,0.42418354920171003,0.4523482694912661,0.4921382731395592,0.0,0.0,0.0,0.4374118290347748,0.4501801681096336,0.0,0.0,0.0,0.0,0.0,0.0,0.0,0.0,0.0,0.0,0.0,0.0,0.49152392986445004,0.44721610969154296,0.0,0.4355977768817151,0.0,0.0,0.4520557210585972,0.4626251602255597,0.0,0.0,0.0,0.4683831403943562,0.0,0.0,0.0,0.0,0.0
0.0,0.0,0.0,0.0,0.3413314461914544,0.3540904679640836,0.35790027903376076,0.3479969252296643,0.27504149872642025,0.0,0.27229462362757695,0.0,0.37047900140330414,0.2701422934245252,0.0,0.0,0.0,0.0,0.25672156029850796,0.0,0.0,0.0,0.2937527354737834,0.0,0.0,0.0,0.3149338001771475,0.3789806679572384,0.0,0.0,0.3738521039128145,0.3587132204970231,0.0,0.38112550924625577,0.37891544204929284,0.3401854767752436,0.0,0.0,0.0,0.0,0.0,0.0,0.0,0.0,0.0,0.0,0.0,0.23501748182446347,0.0,0.0,0.40605617115771553,0.0,0.4239624724517555,0.44763270433816305,0.0,0.0,0.0,0.0,0.0,0.0,0.0,0.0,0.0,0.1740844439702109,0.0,0.0,0.0,0.34759125262185797,0.0,0.0,0.0,0.4410807314928106,0.0,0.0,0.0,0.0
0.0,0.0,0.0,0.0,0.14222073348534608,0.0,0.0,0.2774413510950033,0.33878366288577494,0.0,0.25924985569354436,0.0,0.2509612359201089,0.2329737553378255,0.0,0.0,0.0,0.0,0.0,0.0,0.0,0.0,0.34090336304370794,0.0,0.0,0.0,0.0,0.17824686123989775,0.0,0.0,0.24326169202591932,0.23533881424534503,0.2712237753986991,0.23397424002047418,0.21729754070374063,0.1429914465578531,0.14453415549505358,0.0,0.2544905523312988,0.0,0.0,0.0,0.0,0.0,0.0,0.0,0.0,0.0,0.0,0.0,0.0,0.0,0.0,0.0,0.0,0.0,0.0,0.0,0.0,0.0,0.0,0.0,0.0,0.0,0.0,0.0,0.0,0.0,0.0,0.0,0.0,0.0,0.0,0.0,0.0,0.0
0.0,0.0,0.3413314461914544,0.14222073348534608,0.0,0.3112707849528398,0.26357944234064534,0.3227801987180258,0.2952450344099222,0.0,0.2558562655082878,0.0,0.3132398533387376,0.15585043857077494,0.0,0.0,0.0,0.0,0.2846830356669879,0.0,0.0,0.0,0.3225306666352569,0.0,0.0,0.0,0.3318055717316531,0.3335655641471761,0.0,0.0,0.2993335257748967,0.281434835947656,0.0,0.30225120056416366,0.28243472452442886,0.11097838545671318,0.14859914497804982,0.0,0.0,0.0,0.0,0.0,0.0,0.0,0.0,0.0,0.0,0.0,0.0,0.0,0.0,0.0,0.0,0.0,0.0,0.0,0.0,0.0,0.0,0.0,0.0,0.0,0.0,0.0,0.0,0.0,0.0,0.0,0.0,0.0,0.0,0.0,0.0,0.0,0.0,0.0
0.4616063769775608,0.43236392567293014,0.3540904679640836,0.0,0.3112707849528398,0.0,0.36312351550131733,0.3567008358219234,0.2916156917535935,0.0,0.3071615451399888,0.0,0.3586705127947235,0.2873057605513487,0.4215970276601386,0.43466854743082245,0.0,0.4132569329117456,0.32867643473738695,0.4504139773441586,0.40002131963607634,0.4492850219756592,0.3749957516892008,0.0,0.41754666381306355,0.4094777021287996,0.3550510806480534,0.33848989477055325,0.339074003381941,0.40386005329283936,0.38704753453056323,0.37551923334042764,0.387536688323918,0.41124272721927174,0.40418357841439034,0.32764240880363293,0.32884300790870075,0.0,0.37822673743293356,0.0,0.0,0.0,0.0,0.0,0.0,0.0,0.0,0.4348231370586974,0.0,0.0,0.43106980196918804,0.0,0.39616787227427974,0.42100378810834926,0.0,0.0,0.0,0.0,0.0,0.0,0.0,0.0,0.0,0.0,0.0,0.0,0.0,0.4289207546095707,0.0,0.0,0.0,0.43716748313227694,0.45685507346601606,0.43463852804722675,0.0,0.0
0.0,0.43453216567123654,0.35790027903376076,0.0,0.26357944234064534,0.36312351550131733,0.0,0.3089881518989308,0.32341714229832086,0.0,0.30012525548689706,0.0,0.2920085606921229,0.0,0.0,0.4549643020957569,0.0,0.0,0.3076711425436225,0.43841919833547,0.0,0.47339060477294737,0.35002527857313864,0.0,0.0,0.0,0.37371796949670394,0.3634171682298743,0.4078854387722669,0.36809384969349657,0.3148020101118024,0.33205988609356657,0.0,0.3463016851459608,0.21141577718224885,0.0,0.0,0.0,0.0,0.0,0.0,0.0,0.0,0.0,0.0,0.0,0.0,0.0,0.0,0.0,0.0,0.0,0.0,0.0,0.0,0.0,0.0,0.0,0.0,0.0,0.0,0.0,0.0,0.0,0.0,0.0,0.0,0.43069554126546,0.0,0.0,0.0,0.0,0.0,0.0,0.0,0.0
0.5239527865684811,0.43188120276026576,0.3479969252296643,0.2774413510950033,0.3227801987180258,0.3567008358219234,0.3089881518989308,0.0,0.35517849733019324,0.0,0.22169716772989106,0.0,0.38543881047222023,0.2264955273984379,0.0,0.0,0.0,0.4731137268955019,0.2903336071317463,0.0,0.35925887720912725,0.0,0.2804200626600625,0.5438735161276667,0.5265817963112458,0.5095599782916687,0.3649722226585567,0.4023905483761997,0.3739516298448524,0.4311501454249892,0.3803214305553631,0.38985645635042854,0.48716254297644823,0.38929454881145376,0.42016447776447013,0.18570535855264675,0.0,0.0,0.29276634065087753,0.0,0.0,0.0,0.0,0.0,0.0,0.0,0.0,0.0,0.0,0.0,0.0,0.0,0.2808122745689027,0.0,0.0,0.0,0.0,0.0,0.0,0.0,0.0,0.0,0.0,0.0,0.0,0.0,0.0,0.372228881497293,0.0,0.0,0.0,0.0,0.0,0.0,0.0,0.0
0.0,0.0,0.27504149872642025,0.33878366288577494,0.2952450344099222,0.2916156917535935,0.32341714229832086,0.35517849733019324,0.0,0.0,0.27282184970187034,0.0,0.30218047049976865,0.3295084755793065,0.0,0.0,0.0,0.0,0.24797224444042712,0.4177152237002458,0.0,0.430369158310978,0.34649410381561596,0.0,0.0,0.0,0.30570373439049836,0.3474001468001093,0.37651651445626594,0.0,0.31334324779638,0.32406333101173773,0.0,0.3393265394418707,0.3599417347214938,0.3548250168174774,0.350268434387023,0.0,0.0,0.0,0.0,0.0,0.0,0.0,0.0,0.0,0.0,0.0,0.0,0.0,0.42327956864097027,0.0,0.29352632611977103,0.0,0.0,0.0,0.0,0.0,0.0,0.0,0.0,0.0,0.0,0.0,0.0,0.0,0.0,0.383032590056935,0.0,0.0,0.0,0.4055572366642646,0.0,0.0,0.0,0.0
0.37217769328415695,0.4401018518557581,0.0,0.0,0.0,0.0,0.0,0.0,0.0,0.0,0.0,0.22491453315664717,0.34263049150181235,0.0,0.0,0.36737014766154136,0.2505486078112806,0.3388228225295408,0.0,0.0,0.48947620594397245,0.0,0.0,0.2692281135517227,0.32597570212987825,0.3156272945364002,0.0,0.2727162653516998,0.0,0.0,0.23876007452055617,0.35833414764510146,0.29696235102820656,0.2968094907946907,0.28497430798586176,0.0,0.13687735618016889,0.218581432215388,0.3981209997761828,0.33877315304493283,0.36449675400912357,0.3647239559306312,0.0,0.0,0.1893803143672267,0.0,0.0,0.0,0.0,0.0,0.0,0.0,0.0,0.0,0.39154971401876265,0.0,0.40052158413630196,0.0,0.0,0.0,0.0,0.4048013882305175,0.3926639877081999,0.0,0.0,0.0,0.0,0.0,0.3901671082352622,0.39826917027557623,0.4150420526171709,0.0,0.0,0.0,0.0,0.395389379255791
0.0,0.0,0.27229462362757695,0.25924985569354436,0.2558562655082878,0.3071615451399888,0.30012525548689706,0.22169716772989106,0.27282184970187034,0.0,0.0,0.0,0.3161267966253615,0.19257408426472133,0.0,0.0,0.0,0.0,0.24089743485212778,0.0,0.0,0.0,0.24191289877781702,0.0,0.0,0.0,0.35762172800546566,0.311782956177075,0.0,0.0,0.24641977202255724,0.26917477618718816,0.0,0.31014080187245635,0.24391700779410794,0.17407637699788148,0.3046726045362267,0.0,0.0,0.0,0.0,0.0,0.0,0.0,0.0,0.0,0.0,0.0,0.0,0.0,0.0,0.0,0.0,0.0,0.0,0.2026687465144613,0.0,0.0,0.0,0.0,0.0,0.0,0.0,0.17438831087831638,0.0,0.0,0.0,0.3629386611761627,0.0,0.0,0.0,0.0,0.0,0.0,0.0,0.0
0.3721540240237495,0.0,0.0,0.0,0.0,0.0,0.0,0.0,0.0,0.22491453315664717,0.0,0.0,0.0,0.0,0.0,0.0,0.3261745716182719,0.3392168648508298,0.0,0.0,0.5316566311698911,0.0,0.0,0.2749123652233004,0.3311625041731264,0.261901302996812,0.0,0.2886946069789732,0.0,0.0,0.2748510421911077,0.2700842169232931,0.2795385272213618,0.2682475744718504,0.2891787419029512,0.0,0.0,0.19821702785847523,0.32068379463964947,0.3468145676771471,0.3869089733060399,0.3861250850522804,0.0,0.0,0.29333339745905945,0.0,0.0,0.0,0.0,0.0,0.0,0.0,0.0,0.0,0.4070817573004398,0.0,0.39433421348397923,0.0,0.0,0.0,0.0,0.4196484989201517,0.41476996565845226,0.0,0.0,0.0,0.0,0.0,0.3931843253550088,0.4066069114770747,0.4230678846574254,0.0,0.0,0.0,0.0,0.3991736004895897
0.0,0.44125250851008974,0.37047900140330414,0.2509612359201089,0.3132398533387376,0.3586705127947235,0.2920085606921229,0.38543881047222023,0.30218047049976865,0.34263049150181235,0.3161267966253615,0.0,0.0,0.0,0.0,0.4727511378055447,0.0,0.0,0.32483196557123717,0.4566637303501074,0.4329349704199431,0.4827932446905163,0.3751857386239609,0.0,0.4591106959285523,0.4232225481292254,0.4062046343062095,0.3309949116844742,0.39633238371216706,0.4319199135863385,0.3554083848424725,0.3407469789278041,0.0,0.3801591797857511,0.3481524604792644,0.34039047289519997,0.30688960727281955,0.3230649161299587,0.0,0.0,0.0,0.0,0.0,0.0,0.0,0.0,0.0,0.0,0.0,0.0,0.0,0.0,0.0,0.0,0.0,0.0,0.0,0.0,0.0,0.0,0.0,0.0,0.0,0.0,0.0,0.0,0.0,0.4324330228359392,0.0,0.0,0.0,0.0,0.0,0.0,0.0,0.0
0.0,0.0,0.2701422934245252,0.2329737553378255,0.15585043857077494,0.2873057605513487,0.0,0.2264955273984379,0.3295084755793065,0.0,0.19257408426472133,0.0,0.0,0.0,0.0,0.0,0.0,0.0,0.24413558723651785,0.0,0.0,0.0,0.2303828459628432,0.0,0.0,0.0,0.32393303849079225,0.34461856964457993,0.0,0.0,0.0,0.0,0.0,0.0,0.0,0.16356014251599874,0.1416189053492769,0.0,0.0,0.0,0.0,0.0,0.0,0.0,0.0,0.0,0.0,0.0,0.0,0.0,0.0,0.0,0.0,0.0,0.0,0.0,0.0,0.0,0.0,0.0,0.0,0.0,0.0,0.0,0.0,0.0,0.0,0.0,0.0,0.0,0.0,0.0,0.0,0.0,0.0,0.0
0.44073463135229585,0.4012789035904095,0.0,0.0,0.0,0.4215970276601386,0.0,0.0,0.0,0.0,0.0,0.0,0.0,0.0,0.0,0.40076125341288676,0.0,0.4019776049149636,0.0,0.37603932389949846,0.3763339142552853,0.3714842019711435,0.3884759239772683,0.5606501744376451,0.4092175410863795,0.4025204771787158,0.4175890525328486,0.39058421260630377,0.42489007766414616,0.0,0.3810923463842087,0.45854430070104885,0.41120550865250816,0.45664033958735833,0.4876529447788232,0.0,0.0,0.0,0.466916819075539,0.42712355403174157,0.48254713127890414,0.5223628611644155,0.0,0.0,0.0,0.0,0.48837290451070925,0.0,0.0,0.0,0.0,0.0,0.3405843107129043,0.0,0.0,0.0,0.0,0.0,0.0,0.34299432038331157,0.0,0.0,0.0,0.0,0.4283279484177903,0.47693237875969385,0.4853169616769277,0.3875259832969927,0.0,0.0,0.5071777653357121,0.42831180652614886,0.0,0.0,0.0,0.0
0.4030338776404727,0.43116202883169624,0.0,0.0,0.0,0.43466854743082245,0.4549643020957569,0.0,0.0,0.36737014766154136,0.0,0.0,0.4727511378055447,0.0,0.40076125341288676,0.0,0.3600630677122313,0.3712796375183063,0.0,0.4566010419558838,0.4129201887487368,0.41215919701843867,0.40333900282352325,0.3571519810275936,0.3973645178399221,0.4172126311238513,0.4439505725846605,0.46118055122288465,0.44566072117669975,0.0,0.3250902319899086,0.5002271764971916,0.4352123414733973,0.40150019202286896,0.5036782630939429,0.0,0.0,0.0,0.46704177266464963,0.4295630722409985,0.44048534561718716,0.45926490701027683,0.0,0.0,0.0,0.43094500800584895,0.4493029084635635,0.0,0.0,0.0,0.0,0.0,0.0,0.0,0.0,0.0,0.0,0.0,0.0,0.4622904346745622,0.4326538658425665,0.0,0.4142474953869126,0.0,0.0,0.0,0.4536908457935662,0.0,0.0,0.4250934278652395,0.45366788461215835,0.0,0.0,0.0,0.0,0.4297732989742511
0.3482312670545273,0.4251712804806659,0.0,0.0,0.0,0.0,0.0,0.0,0.0,0.2505486078112806,0.0,0.3261745716182719,0.0,0.0,0.0,0.3600630677122313,0.0,0.2707258276570827,0.0,0.0,0.544127696091932,0.0,0.0,0.31886342854585914,0.29639222848066543,0.3391566364715646,0.0,0.0,0.0,0.0,0.3210132516352634,0.46025883467672096,0.33931427831078836,0.36520875230786687,0.4040456978231647,0.0,0.0,0.0,0.42486480438410545,0.35996421196002765,0.42345592704771673,0.0,0.0,0.0,0.0,0.4498791709850983,0.0,0.0,0.0,0.0,0.0,0.0,0.0,0.0,0.379241696896596,0.0,0.3967637184116934,0.0,0.0,0.0,0.4290256451618417,0.429151206462735,0.406590681575497,0.0,0.0,0.0,0.0,0.0,0.42067906063710864,0.38675656595193664,0.4083587541554544,0.0,0.0,0.0,0.0,0.4454972762871939
0.36563215926055137,0.40769253840476277,0.0,0.0,0.0,0.4132569329117456,0.0,0.4731137268955019,0.0,0.3388228225295408,0.0,0.3392168648508298,0.0,0.0,0.4019776049149636,0.3712796375183063,0.2707258276570827,0.0,0.0,0.44694483023126114,0.41409821449933615,0.4325732392129482,0.43440000680338825,0.3273073364802343,0.33479765344892887,0.377187698501006,0.4345342560107554,0.4429830030696986,0.4354590177443378,0.0,0.342885609644191,0.4498181896499377,0.36395842602817097,0.38134987762548705,0.4409538293885549,0.0,0.0,0.0,0.4354136806546471,0.38865603270974314,0.40304504279530856,0.4394051412747304,0.0,0.0,0.0,0.40873437523613515,0.3933895767301917,0.0,0.0,0.0,0.0,0.0,0.0,0.0,0.3918056598300148,0.0,0.3920220317067313,0.0,0.0,0.0,0.40871368930922963,0.3812170919465841,0.404421278999481,0.0,0.0,0.0,0.0,0.0,0.4310118543774522,0.40766614040357924,0.41546179265414024,0.0,0.0,0.0,0.0,0.4049334832008686
0.0,0.0,0.25672156029850796,0.0,0.2846830356669879,0.32867643473738695,0.3076711425436225,0.2903336071317463,0.24797224444042712,0.0,0.24089743485212778,0.0,0.32483196557123717,0.24413558723651785,0.0,0.0,0.0,0.0,0.0,0.0,0.0,0.0,0.2495670159188747,0.0,0.0,0.0,0.3659745061255122,0.28398704540908204,0.0,0.0,0.3517204506993845,0.3166006520212881,0.0,0.35444656216501036,0.0,0.2669882298402142,0.0,0.0,0.0,0.0,0.0,0.0,0.0,0.0,0.0,0.0,0.0,0.0,0.0,0.0,0.0,0.0,0.0,0.0,0.0,0.0,0.0,0.0,0.0,0.0,0.0,0.0,0.0,0.0,0.0,0.0,0.0,0.0,0.0,0.0,0.0,0.0,0.0,0.0,0.0,0.0
0.0,0.45202705063590837,0.0,0.0,0.0,0.4504139773441586,0.43841919833547,0.0,0.4177152237002458,0.0,0.0,0.0,0.4566637303501074,0.0,0.37603932389949846,0.4566010419558838,0.0,0.44694483023126114,0.0,0.0,0.43578638212525855,0.4138376550015409,0.33934513935016364,0.0,0.4480541675954592,0.4662164609631639,0.3505519059346086,0.40816862227929696,0.36128206613828123,0.32990280440160974,0.3644647510250456,0.5087793435961807,0.47575874842158117,0.4812192890833811,0.5203642137298257,0.5191594604041916,0.0,0.6327142562125694,0.43166021994735365,0.0,0.0,0.0,0.0,0.0,0.0,0.0,0.0,0.0,0.0,0.0,0.0,0.0,0.0,0.0,0.0,0.0,0.0,0.0,0.0,0.0,0.0,0.0,0.0,0.0,0.0,0.0,0.4832435022248932,0.0,0.0,0.0,0.0,0.0,0.0,0.0,0.0,0.0
0.466191782865127,0.4120932502091519,0.0,0.0,0.0,0.40002131963607634,0.0,0.35925887720912725,0.0,0.48947620594397245,0.0,0.5316566311698911,0.4329349704199431,0.0,0.3763339142552853,0.4129201887487368,0.544127696091932,0.41409821449933615,0.0,0.43578638212525855,0.0,0.43102397878593146,0.3584085478981942,0.527309877145237,0.4291392808829725,0.40243806537770993,0.40399355396310366,0.43752653408707926,0.4067922909456804,0.4518031543669174,0.38293111490485265,0.46028274354771925,0.4050190199414221,0.43828207408760045,0.504147166554805,0.0,0.0,0.0,0.4177664088689495,0.4097610199646324,0.46143661955098625,0.0,0.0,0.0,0.0,0.4511485586387416,0.4311575270846989,0.0,0.0,0.0,0.0,0.0,0.2882739679729291,0.0,0.0,0.0,0.0,0.0,0.0,0.42850079350558357,0.0,0.0,0.0,0.0,0.35883024335855296,0.3571941064367742,0.45401357751203486,0.3763571015691289,0.0,0.0,0.4921360128703189,0.4100095035001977,0.0,0.30383952586741936,0.0,0.0
0.4563573976760734,0.4002419626879985,0.0,0.0,0.0,0.4492850219756592,0.47339060477294737,0.0,0.430369158310978,0.0,0.0,0.0,0.4827932446905163,0.0,0.3714842019711435,0.41215919701843867,0.0,0.4325732392129482,0.0,0.4138376550015409,0.43102397878593146,0.0,0.4226098326311738,0.0,0.4376667174851569,0.40060802738259454,0.44857419085238265,0.4653487238395441,0.4426608448841933,0.0,0.3645008873420961,0.4975563108851157,0.45365237404007486,0.4598477504878297,0.509526052860086,0.42591147508575156,0.0,0.0,0.48463614505651886,0.4507937801470962,0.4763882166422094,0.5166676300759726,0.0,0.0,0.0,0.4862497227107774,0.46246551153766713,0.0,0.0,0.0,0.0,0.0,0.4028548934134518,0.0,0.0,0.0,0.0,0.0,0.0,0.4736509459453684,0.0,0.0,0.0,0.0,0.4916160224417319,0.46538309596440075,0.49175807839931257,0.43112162303598245,0.0,0.0,0.4965198970352318,0.0,0.0,0.0,0.0,0.0
0.49536098982498633,0.4027533252913833,0.2937527354737834,0.34090336304370794,0.3225306666352569,0.3749957516892008,0.35002527857313864,0.2804200626600625,0.34649410381561596,0.0,0.24191289877781702,0.0,0.3751857386239609,0.2303828459628432,0.3884759239772683,0.40333900282352325,0.0,0.43440000680338825,0.2495670159188747,0.33934513935016364,0.3584085478981942,0.4226098326311738,0.0,0.5185725058922039,0.4163496561400888,0.418273855842377,0.33095395715666776,0.40311932219213276,0.3922160727152544,0.39838336982458245,0.39457795959011377,0.39710615454928766,0.40405059444245434,0.43449088290651233,0.4470319446656218,0.30867165809903935,0.38194987235788885,0.39840574801340767,0.40918156648942006,0.0,0.4114922049348494,0.4298583275314586,0.27836590437034203,0.0,0.0,0.0,0.0,0.43405734421400066,0.0,0.4559471658483376,0.4385155806391416,0.43571136167501423,0.37794540763171447,0.3510312030115503,0.0,0.0,0.0,0.44226268479070396,0.29488492293110036,0.4115242544113746,0.0,0.0,0.0,0.39614207549396363,0.41383730688751724,0.0,0.47599309230275727,0.3925299181444639,0.0,0.0,0.0,0.4419571306510958,0.4319086799901838,0.4073943963381293,0.0,0.4318994904128602
0.3951050710441253,0.0,0.0,0.0,0.0,0.0,0.0,0.5438735161276667,0.0,0.2692281135517227,0.0,0.2749123652233004,0.0,0.0,0.5606501744376451,0.3571519810275936,0.31886342854585914,0.3273073364802343,0.0,0.0,0.527309877145237,0.0,0.5185725058922039,0.0,0.3120402867445248,0.31211171832069523,0.0,0.3262523487002574,0.0,0.0,0.27032293968812426,0.30384550364523455,0.28372464554650917,0.2965851828412993,0.3139477417409413,0.0,0.0,0.25474937153699023,0.3784288921718363,0.35365569896721344,0.41204297366372594,0.3922598476805962,0.0,0.0,0.0,0.3875821092558229,0.0,0.0,0.0,0.0,0.0,0.0,0.0,0.0,0.41503646708279374,0.0,0.3934584993848529,0.0,0.0,0.0,0.0,0.44646175725172654,0.40767559445589574,0.0,0.0,0.0,0.0,0.0,0.44895148663606294,0.426361762178172,0.42994750880926147,0.0,0.0,0.0,0.0,0.391305211412487
0.361762171505308,0.41536116988137406,0.0,0.0,0.0,0.41754666381306355,0.0,0.5265817963112458,0.0,0.32597570212987825,0.0,0.3311625041731264,0.4591106959285523,0.0,0.4092175410863795,0.3973645178399221,0.29639222848066543,0.33479765344892887,0.0,0.4480541675954592,0.4291392808829725,0.4376667174851569,0.4163496561400888,0.3120402867445248,0.0,0.34774039124672973,0.4472724540019595,0.45877755978296464,0.44120613283427645,0.0,0.3497953762382483,0.44569648383489907,0.3248809337240082,0.3693192052362917,0.42021473682210475,0.0,0.0,0.0,0.4228260735704016,0.37923731945191436,0.3916965545703211,0.41960955312687687,0.0,0.0,0.0,0.4067934693027493,0.3939381091020945,0.0,0.0,0.0,0.0,0.0,0.0,0.0,0.3937279099672095,0.0,0.3973280185067216,0.0,0.0,0.0,0.41513147493642005,0.3990956863371302,0.3953183627847264,0.0,0.0,0.0,0.0,0.0,0.4110136135850256,0.40383363086878005,0.4109068958938452,0.0,0.0,0.0,0.0,0.3949827390284543
0.36449166597607646,0.3918728343019025,0.0,0.0,0.0,0.4094777021287996,0.0,0.5095599782916687,0.0,0.3156272945364002,0.0,0.261901302996812,0.4232225481292254,0.0,0.4025204771787158,0.4172126311238513,0.3391566364715646,0.377187698501006,0.0,0.4662164609631639,0.40243806537770993,0.40060802738259454,0.418273855842377,0.31211171832069523,0.34774039124672973,0.0,0.42289091229272524,0.0,0.41096174679813324,0.0,0.3793657653752581,0.47047608632546994,0.38298790794343723,0.41861698725926355,0.48358471661305213,0.0,0.0,0.27959641561724513,0.45516741977770975,0.4124668326375165,0.4236440794544386,0.45097804066883945,0.0,0.0,0.0,0.4413357047886685,0.4430014455907986,0.0,0.0,0.0,0.0,0.0,0.0,0.0,0.40547681343191555,0.0,0.41464784393554105,0.0,0.0,0.4852381148467721,0.4434883854351262,0.394496762736231,0.40467126435525064,0.0,0.0,0.4573751103302197,0.48294331693109804,0.0,0.41512214214990595,0.41269269851671797,0.42362795138585757,0.0,0.0,0.0,0.0,0.396561569457994
0.0,0.4371368409957107,0.3149338001771475,0.0,0.3318055717316531,0.3550510806480534,0.37371796949670394,0.3649722226585567,0.30570373439049836,0.0,0.35762172800546566,0.0,0.4062046343062095,0.32393303849079225,0.4175890525328486,0.4439505725846605,0.0,0.4345342560107554,0.3659745061255122,0.3505519059346086,0.40399355396310366,0.44857419085238265,0.33095395715666776,0.0,0.4472724540019595,0.42289091229272524,0.0,0.41064049754401855,0.3922538027820693,0.41094412890760335,0.41267935740138684,0.4307795169638695,0.42989936282020363,0.4634591314528429,0.47272160610002323,0.0,0.0,0.0,0.4177488843387467,0.0,0.0,0.4475105192995875,0.31434910215329726,0.0,0.0,0.0,0.0,0.44664334608335415,0.0,0.0,0.44154760791933884,0.0,0.38517455179435267,0.42956556191512263,0.0,0.0,0.0,0.0,0.0,0.0,0.0,0.0,0.0,0.0,0.0,0.0,0.0,0.4368711949719785,0.0,0.0,0.0,0.4437851360177132,0.4556040250464866,0.4279825810420271,0.0,0.0
0.0,0.4427112731154298,0.3789806679572384,0.17824686123989775,0.3335655641471761,0.33848989477055325,0.3634171682298743,0.4023905483761997,0.3474001468001093,0.2727162653516998,0.311782956177075,0.2886946069789732,0.3309949116844742,0.34461856964457993,0.39058421260630377,0.46118055122288465,0.0,0.4429830030696986,0.28398704540908204,0.40816862227929696,0.43752653408707926,0.4653487238395441,0.40311932219213276,0.3262523487002574,0.45877755978296464,0.0,0.41064049754401855,0.0,0.3235861242746195,0.3135010251897471,0.34739932352516334,0.3422455932421761,0.2819462301671578,0.3541328143583554,0.33106620559435235,0.1696496842241289,0.2120249511370555,0.2986148793475363,0.35040423232282997,0.0,0.33435849192989114,0.36444472819978957,0.0,0.0,0.0,0.0,0.0,0.0,0.0,0.0,0.46251357258810416,0.0,0.0,0.0,0.0,0.0,0.0,0.0,0.0,0.0,0.0,0.0,0.0,0.0,0.0,0.0,0.0,0.4428852392814861,0.0,0.0,0.0,0.4441880871903493,0.0,0.4501471734104404,0.0,0.0
0.0,0.43765012567855244,0.0,0.0,0.0,0.339074003381941,0.4078854387722669,0.3739516298448524,0.37651651445626594,0.0,0.0,0.0,0.39633238371216706,0.0,0.42489007766414616,0.44566072117669975,0.0,0.4354590177443378,0.0,0.36128206613828123,0.4067922909456804,0.4426608448841933,0.3922160727152544,0.0,0.44120613283427645,0.41096174679813324,0.3922538027820693,0.3235861242746195,0.0,0.3322544641758104,0.33998851967329763,0.4460595384239697,0.0,0.4373227055824074,0.46139450857322933,0.0,0.0,0.0,0.0,0.0,0.0,0.0,0.0,0.0,0.0,0.0,0.0,0.0,0.0,0.0,0.0,0.0,0.0,0.0,0.0,0.0,0.0,0.0,0.0,0.0,0.0,0.0,0.0,0.0,0.0,0.0,0.0,0.4344575084259243,0.0,0.0,0.0,0.44545100901079565,0.0,0.0,0.0,0.0
0.0,0.0,0.0,0.0,0.0,0.40386005329283936,0.36809384969349657,0.4311501454249892,0.0,0.0,0.0,0.0,0.4319199135863385,0.0,0.0,0.0,0.0,0.0,0.0,0.32990280440160974,0.4518031543669174,0.0,0.39838336982458245,0.0,0.0,0.0,0.41094412890760335,0.3135010251897471,0.3322544641758104,0.0,0.31654698592163283,0.35893271849181274,0.0,0.3445739740915952,0.3886868047676857,0.0,0.0,0.0,0.0,0.0,0.0,0.0,0.0,0.0,0.0,0.0,0.0,0.0,0.0,0.0,0.0,0.0,0.0,0.0,0.0,0.0,0.0,0.0,0.0,0.0,0.0,0.0,0.0,0.0,0.0,0.0,0.0,0.0,0.0,0.0,0.0,0.0,0.0,0.0,0.0,0.0
0.3580281677463687,0.39439762947920787,0.3738521039128145,0.24326169202591932,0.2993335257748967,0.38704753453056323,0.3148020101118024,0.3803214305553631,0.31334324779638,0.23876007452055617,0.24641977202255724,0.2748510421911077,0.3554083848424725,0.0,0.3810923463842087,0.3250902319899086,0.3210132516352634,0.342885609644191,0.3517204506993845,0.3644647510250456,0.38293111490485265,0.3645008873420961,0.39457795959011377,0.27032293968812426,0.3497953762382483,0.3793657653752581,0.41267935740138684,0.34739932352516334,0.33998851967329763,0.31654698592163283,0.0,0.30295771513720815,0.3334323530783878,0.2998123241283405,0.34003804876308524,0.2465201761005107,0.28232036747928646,0.24755596236136446,0.41047891258191005,0.3492998809550863,0.4027374235005296,0.0,0.0,0.0,0.0,0.42391093086859233,0.4244748135472094,0.0,0.0,0.0,0.0,0.0,0.38698084611642475,0.0,0.39142011058677934,0.0,0.3440264823586807,0.0,0.0,0.40004658145728433,0.40173390492556577,0.38036672592014553,0.4038446083556825,0.0,0.40209180273315487,0.0,0.44849275611756756,0.39728847834802394,0.32979572917625316,0.39749208954892523,0.39286013686752075,0.4400994070806511,0.0,0.44608947062074794,0.0,0.4294787747507987
0.49425004819293583,0.5237991454930595,0.3587132204970231,0.23533881424534503,0.281434835947656,0.37551923334042764,0.33205988609356657,0.38985645635042854,0.32406333101173773,0.35833414764510146,0.26917477618718816,0.2700842169232931,0.3407469789278041,0.0,0.45854430070104885,0.5002271764971916,0.46025883467672096,0.4498181896499377,0.3166006520212881,0.5087793435961807,0.46028274354771925,0.4975563108851157,0.39710615454928766,0.30384550364523455,0.44569648383489907,0.47047608632546994,0.4307795169638695,0.3422455932421761,0.4460595384239697,0.35893271849181274,0.30295771513720815,0.0,0.3975626915030849,0.39237740471084276,0.38665866623760875,0.2457910398577229,0.2819176987426031,0.26953861717089467,0.3538593481777089,0.3552190717315283,0.3570569645314674,0.39434135152003913,0.2632831713032365,0.26621196304116007,0.23544169435446044,0.4904859143608412,0.4794928882438282,0.0,0.0,0.0,0.3791523777301174,0.0,0.3512210028304492,0.0,0.44406424654989973,0.0,0.28773788893206276,0.0,0.0,0.44516291562924565,0.0,0.0,0.4515913166198166,0.0,0.43226322345089024,0.44294260042447137,0.5069738891331791,0.38464783435283406,0.0,0.4604682490630761,0.4933054762553488,0.40417153326823557,0.43096974930257886,0.38764698806222475,0.4310674877681397,0.394130271588643
0.3746391897949383,0.4480262284060726,0.0,0.2712237753986991,0.0,0.387536688323918,0.0,0.48716254297644823,0.0,0.29696235102820656,0.0,0.2795385272213618,0.0,0.0,0.41120550865250816,0.4352123414733973,0.33931427831078836,0.36395842602817097,0.0,0.47575874842158117,0.4050190199414221,0.45365237404007486,0.40405059444245434,0.28372464554650917,0.3248809337240082,0.38298790794343723,0.42989936282020363,0.2819462301671578,0.0,0.0,0.3334323530783878,0.3975626915030849,0.0,0.31709327584200675,0.5511325902831397,0.22833250143075248,0.24712365492096205,0.19400291743093112,0.3949891828670773,0.3671671270043701,0.3907214159101295,0.42025994731225036,0.0,0.0,0.19083550055447943,0.4283586224632817,0.450116515561902,0.0,0.0,0.0,0.0,0.0,0.36199582287623266,0.0,0.34148517846803245,0.0,0.3335391810159135,0.0,0.0,0.4679272516790272,0.4240141977670146,0.3740267826059575,0.40585363730213664,0.0,0.0,0.4722163927311203,0.49743749670154447,0.39273971693132015,0.317146433562264,0.3995089549246487,0.43750499486344185,0.3953439764082328,0.0,0.0,0.0,0.41376339274582913
0.4013195638171417,0.43408686046650957,0.38112550924625577,0.23397424002047418,0.30225120056416366,0.41124272721927174,0.3463016851459608,0.38929454881145376,0.3393265394418707,0.2968094907946907,0.31014080187245635,0.2682475744718504,0.3801591797857511,0.0,0.45664033958735833,0.40150019202286896,0.36520875230786687,0.38134987762548705,0.35444656216501036,0.4812192890833811,0.43828207408760045,0.4598477504878297,0.43449088290651233,0.2965851828412993,0.3693192052362917,0.41861698725926355,0.4634591314528429,0.3541328143583554,0.4373227055824074,0.3445739740915952,0.2998123241283405,0.39237740471084276,0.31709327584200675,0.0,0.36893047259221234,0.2796607245279622,0.2732134830700692,0.24545980323600247,0.41416888013586883,0.38068835855879746,0.4121234060296225,0.4656916650202082,0.0,0.0,0.23030575416072727,0.44674895804110226,0.4574868735663251,0.0,0.0,0.0,0.0,0.0,0.4323647287527466,0.0,0.3710961947818357,0.0,0.3341731548966395,0.0,0.0,0.473901072161316,0.43923810978798183,0.4182558780671267,0.4201491925130061,0.0,0.436000256997074,0.4842087659317763,0.4964427529268906,0.41578885430562945,0.34493336463486984,0.42119171591252225,0.46019253495011286,0.43893216816062575,0.0,0.4565092547454795,0.0,0.4368579498627831
0.47486392123145205,0.489819403299675,0.37891544204929284,0.21729754070374063,0.28243472452442886,0.40418357841439034,0.21141577718224885,0.42016447776447013,0.3599417347214938,0.28497430798586176,0.24391700779410794,0.2891787419029512,0.3481524604792644,0.0,0.4876529447788232,0.5036782630939429,0.4040456978231647,0.4409538293885549,0.0,0.5203642137298257,0.504147166554805,0.509526052860086,0.4470319446656218,0.3139477417409413,0.42021473682210475,0.48358471661305213,0.47272160610002323,0.33106620559435235,0.46139450857322933,0.3886868047676857,0.34003804876308524,0.38665866623760875,0.5511325902831397,0.36893047259221234,0.0,0.2682947601852201,0.2597194617912531,0.32419897759760286,0.37718667903284553,0.3942318984341757,0.3985199154408708,0.416982746358662,0.0,0.0,0.2316198238813314,0.4776342205139491,0.5172188241266849,0.0,0.0,0.0,0.0,0.0,0.0,0.0,0.45170414884232457,0.0,0.2903568151343602,0.0,0.0,0.5017783067194285,0.0,0.0,0.4536663724239483,0.0,0.0,0.0,0.5279301210140023,0.4303316839098396,0.0,0.4647488820234307,0.5090970067554955,0.4658778800998472,0.0,0.48195719079868476,0.0,0.0
0.0,0.0,0.3401854767752436,0.1429914465578531,0.11097838545671318,0.32764240880363293,0.0,0.18570535855264675,0.3548250168174774,0.0,0.17407637699788148,0.0,0.34039047289519997,0.16356014251599874,0.0,0.0,0.0,0.0,0.2669882298402142,0.5191594604041916,0.0,0.42591147508575156,0.30867165809903935,0.0,0.0,0.0,0.0,0.1696496842241289,0.0,0.0,0.2465201761005107,0.2457910398577229,0.22833250143075248,0.2796607245279622,0.2682947601852201,0.0,0.14028927581918352,0.24159399982954716,0.26577364817401594,0.0,0.2553374084825657,0.2758614759453732,0.0,0.0,0.0,0.0,0.0,0.0,0.0,0.0,0.0,0.0,0.0,0.0,0.0,0.0,0.0,0.0,0.0,0.0,0.0,0.0,0.0,0.0,0.0,0.0,0.0,0.0,0.0,0.0,0.0,0.0,0.0,0.0,0.0,0.0
0.0,0.0,0.0,0.14453415549505358,0.14859914497804982,0.32884300790870075,0.0,0.0,0.350268434387023,0.13687735618016889,0.3046726045362267,0.0,0.30688960727281955,0.1416189053492769,0.0,0.0,0.0,0.0,0.0,0.0,0.0,0.0,0.38194987235788885,0.0,0.0,0.0,0.0,0.2120249511370555,0.0,0.0,0.28232036747928646,0.2819176987426031,0.24712365492096205,0.2732134830700692,0.2597194617912531,0.14028927581918352,0.0,0.27253175655000395,0.2396014452385352,0.0,0.24956008132736235,0.2778926097570394,0.2326735409202798,0.0,0.0,0.0,0.0,0.0,0.0,0.0,0.0,0.0,0.0,0.0,0.0,0.0,0.0,0.0,0.0,0.0,0.0,0.0,0.0,0.0,0.0,0.0,0.0,0.0,0.0,0.0,0.0,0.0,0.0,0.0,0.0,0.0
0.0,0.0,0.0,0.0,0.0,0.0,0.0,0.0,0.0,0.218581432215388,0.0,0.19821702785847523,0.3230649161299587,0.0,0.0,0.0,0.0,0.0,0.0,0.6327142562125694,0.0,0.0,0.39840574801340767,0.25474937153699023,0.0,0.27959641561724513,0.0,0.2986148793475363,0.0,0.0,0.24755596236136446,0.26953861717089467,0.19400291743093112,0.24545980323600247,0.32419897759760286,0.24159399982954716,0.27253175655000395,0.0,0.27788572506439735,0.21019598341250254,0.2200988995910517,0.24832150227382604,0.0,0.0,0.16552640497545562,0.0,0.0,0.0,0.0,0.0,0.0,0.0,0.0,0.0,0.3845091352195791,0.0,0.29425516055703727,0.0,0.0,0.0,0.0,0.0,0.0,0.0,0.0,0.0,0.0,0.0,0.0,0.0,0.0,0.0,0.0,0.0,0.0,0.0
0.42098450254616365,0.4599892093914293,0.0,0.2544905523312988,0.0,0.37822673743293356,0.0,0.29276634065087753,0.0,0.3981209997761828,0.0,0.32068379463964947,0.0,0.0,0.466916819075539,0.46704177266464963,0.42486480438410545,0.4354136806546471,0.0,0.43166021994735365,0.4177664088689495,0.48463614505651886,0.40918156648942006,0.3784288921718363,0.4228260735704016,0.45516741977770975,0.4177488843387467,0.35040423232282997,0.0,0.0,0.41047891258191005,0.3538593481777089,0.3949891828670773,0.41416888013586883,0.37718667903284553,0.26577364817401594,0.2396014452385352,0.27788572506439735,0.0,0.33785815979079076,0.4197778194748035,0.4591399122439568,0.26070633902255824,0.27408906856590853,0.27524806458617473,0.42768621807731516,0.4364836490165885,0.329898531764268,0.23289338643814816,0.29973914041287575,0.3560000656920701,0.36209673803433046,0.3419608745242231,0.3265038124808479,0.3699447295977864,0.3272292440552294,0.32324157016076493,0.35907294490280567,0.2711884208132591,0.4383896199278386,0.42285389993105255,0.39201203762852627,0.412617722041118,0.2987849952063246,0.4775023816350812,0.41577898298459465,0.48962659126416924,0.38567720948958417,0.3305894312906157,0.3934164188105693,0.43383810943151563,0.44779307944006597,0.3420230711461967,0.4448086258591562,0.29962239469164986,0.3511856552539444
0.35595992337659554,0.42418354920171003,0.0,0.0,0.0,0.0,0.0,0.0,0.0,0.33877315304493283,0.0,0.3468145676771471,0.0,0.0,0.42712355403174157,0.4295630722409985,0.35996421196002765,0.38865603270974314,0.0,0.0,0.4097610199646324,0.4507937801470962,0.0,0.35365569896721344,0.37923731945191436,0.4124668326375165,0.0,0.0,0.0,0.0,0.3492998809550863,0.3552190717315283,0.3671671270043701,0.38068835855879746,0.3942318984341757,0.0,0.0,0.21019598341250254,0.33785815979079076,0.0,0.23594031513768599,0.40136447219915283,0.27600702406954236,0.0,0.23399456681566883,0.3327991573293914,0.3563600773018109,0.0,0.0,0.0,0.35432448010953405,0.0,0.0,0.0,0.28456842110071073,0.0,0.2787266199846601,0.0,0.0,0.3648151554610446,0.32448000246847236,0.2969622022681008,0.30130157680571146,0.0,0.42508983472264505,0.3274807327581354,0.4227721339709298,0.3763923139120991,0.28566571411949443,0.2889932586413069,0.3297011887046494,0.4237680393686489,0.0,0.33398888290374484,0.0,0.3243427654685344
0.40561226891426244,0.4523482694912661,0.0,0.0,0.0,0.0,0.0,0.0,0.0,0.36449675400912357,0.0,0.3869089733060399,0.0,0.0,0.48254713127890414,0.44048534561718716,0.42345592704771673,0.40304504279530856,0.0,0.0,0.46143661955098625,0.4763882166422094,0.4114922049348494,0.41204297366372594,0.3916965545703211,0.4236440794544386,0.0,0.33435849192989114,0.0,0.0,0.4027374235005296,0.3570569645314674,0.3907214159101295,0.4121234060296225,0.3985199154408708,0.2553374084825657,0.24956008132736235,0.2200988995910517,0.4197778194748035,0.23594031513768599,0.0,0.4322891961103413,0.2556724475658107,0.26538980211019014,0.22402701593988045,0.3774650880154167,0.3843395205196425,0.37978179018985336,0.21298698445163228,0.33806859446073206,0.4065122868582197,0.3824734865422758,0.3810326471469687,0.3776356526867021,0.3390338293089818,0.34734654691443695,0.26816970855001704,0.42124928221468627,0.2663532779179406,0.44797894797814863,0.3704106956005676,0.36130497069478595,0.3770979280476255,0.33404105121945865,0.44657723769968133,0.4086313929021083,0.46362836724995005,0.4108263235262604,0.289436710795355,0.3566212258261357,0.38655178121991646,0.45744504301372063,0.34974004744762205,0.4114298556441831,0.3653279046958296,0.29107110659052676
0.454989413165653,0.4921382731395592,0.0,0.0,0.0,0.0,0.0,0.0,0.0,0.3647239559306312,0.0,0.3861250850522804,0.0,0.0,0.5223628611644155,0.45926490701027683,0.0,0.4394051412747304,0.0,0.0,0.0,0.5166676300759726,0.4298583275314586,0.3922598476805962,0.41960955312687687,0.45097804066883945,0.4475105192995875,0.36444472819978957,0.0,0.0,0.0,0.39434135152003913,0.42025994731225036,0.4656916650202082,0.416982746358662,0.2758614759453732,0.2778926097570394,0.24832150227382604,0.4591399122439568,0.40136447219915283,0.4322891961103413,0.0,0.22645767746248466,0.2733064014968117,0.2956001451322682,0.4536156173453618,0.4679635264846666,0.3959354925424658,0.21329126046951097,0.22651195392621837,0.4048262851492891,0.4182881171981637,0.41329264555838874,0.3522697521339093,0.3520797680380267,0.3318686684011195,0.25838652460605865,0.3998752784669724,0.291076686003275,0.49708300000674127,0.0,0.45226911903189193,0.42008622535036333,0.37271046930827545,0.5095401555236111,0.4832764086807509,0.5282282231875357,0.4094846411835086,0.3079926080056484,0.3931598020260806,0.4611366961063116,0.5079397105731641,0.3418252700119862,0.4613847876281111,0.0,0.32030149901622945
0.0,0.0,0.0,0.0,0.0,0.0,0.0,0.0,0.0,0.0,0.0,0.0,0.0,0.0,0.0,0.0,0.0,0.0,0.0,0.0,0.0,0.0,0.27836590437034203,0.0,0.0,0.0,0.31434910215329726,0.0,0.0,0.0,0.0,0.2632831713032365,0.0,0.0,0.0,0.0,0.2326735409202798,0.0,0.26070633902255824,0.27600702406954236,0.2556724475658107,0.22645767746248466,0.0,0.16605349477098952,0.2803348054254365,0.0,0.0,0.31716308296123596,0.1745868364948479,0.1829231001112921,0.35692535340341663,0.309945892088806,0.2689007446978936,0.34246464474082344,0.3559055855895936,0.23354109502689624,0.24186463006037365,0.3244058163351362,0.18654104309416575,0.0,0.0,0.0,0.0,0.263441697179003,0.0,0.0,0.0,0.2920490104882224,0.0,0.0,0.2777660746428487,0.3628475107342771,0.21272602067735363,0.439959695623518,0.0,0.27969954766936256
0.0,0.0,0.0,0.0,0.0,0.0,0.0,0.0,0.0,0.0,0.0,0.0,0.0,0.0,0.0,0.0,0.0,0.0,0.0,0.0,0.0,0.0,0.0,0.0,0.0,0.0,0.0,0.0,0.0,0.0,0.0,0.26621196304116007,0.0,0.0,0.0,0.0,0.0,0.0,0.27408906856590853,0.0,0.26538980211019014,0.2733064014968117,0.16605349477098952,0.0,0.24204299601780885,0.0,0.0,0.0,0.17123265258718995,0.0,0.30838711248361617,0.0,0.0,0.36081340926503797,0.0,0.3058092500235772,0.2208347571519983,0.3273087693773294,0.15704112897392303,0.0,0.0,0.0,0.0,0.0,0.0,0.0,0.0,0.3584346691590482,0.0,0.0,0.0,0.3602519564714744,0.21427843168411667,0.0,0.0,0.2845542944024053
0.0,0.0,0.0,0.0,0.0,0.0,0.0,0.0,0.0,0.1893803143672267,0.0,0.29333339745905945,0.0,0.0,0.0,0.0,0.0,0.0,0.0,0.0,0.0,0.0,0.0,0.0,0.0,0.0,0.0,0.0,0.0,0.0,0.0,0.23544169435446044,0.19083550055447943,0.23030575416072727,0.2316198238813314,0.0,0.0,0.16552640497545562,0.27524806458617473,0.23399456681566883,0.22402701593988045,0.2956001451322682,0.2803348054254365,0.24204299601780885,0.0,0.0,0.0,0.0,0.0,0.0,0.0,0.0,0.0,0.0,0.2230473560893491,0.0,0.23776376437488456,0.0,0.0,0.0,0.0,0.0,0.0,0.0,0.0,0.0,0.0,0.0,0.27032613799623323,0.0,0.0,0.0,0.0,0.0,0.0,0.0
0.34722038474689404,0.4374118290347748,0.0,0.0,0.0,0.0,0.0,0.0,0.0,0.0,0.0,0.0,0.0,0.0,0.0,0.43094500800584895,0.4498791709850983,0.40873437523613515,0.0,0.0,0.4511485586387416,0.4862497227107774,0.0,0.3875821092558229,0.4067934693027493,0.4413357047886685,0.0,0.0,0.0,0.0,0.42391093086859233,0.4904859143608412,0.4283586224632817,0.44674895804110226,0.4776342205139491,0.0,0.0,0.0,0.42768621807731516,0.3327991573293914,0.3774650880154167,0.4536156173453618,0.0,0.0,0.0,0.0,0.38431042018319417,0.5101493244552029,0.0,0.0,0.4097980235975324,0.0,0.5008398910823928,0.0,0.0,0.0,0.32256248016893346,0.0,0.0,0.40415511631460416,0.3668462459869414,0.0,0.3465048537225729,0.0,0.44925988017813534,0.4558026945753899,0.3992503304382329,0.4658267244796076,0.4029843887182136,0.3516599787698952,0.3533359481025392,0.48249206208500484,0.470966994357885,0.43203467755827724,0.0,0.3446257409045968
0.4156782753174278,0.4501801681096336,0.0,0.0,0.0,0.0,0.0,0.0,0.0,0.0,0.0,0.0,0.0,0.0,0.48837290451070925,0.4493029084635635,0.0,0.3933895767301917,0.0,0.0,0.4311575270846989,0.46246551153766713,0.0,0.0,0.3939381091020945,0.4430014455907986,0.0,0.0,0.0,0.0,0.4244748135472094,0.4794928882438282,0.450116515561902,0.4574868735663251,0.5172188241266849,0.0,0.0,0.0,0.4364836490165885,0.3563600773018109,0.3843395205196425,0.4679635264846666,0.0,0.0,0.0,0.38431042018319417,0.0,0.0,0.0,0.0,0.4062145792336506,0.4242637345282204,0.0,0.3921866293801378,0.3439060734035979,0.0,0.32862749945187053,0.42278626955324744,0.0,0.39137421101617026,0.3814965764474714,0.3703033574997848,0.39278536549637116,0.0,0.4134378128921729,0.3717874263226542,0.40581440510098177,0.38254223501149853,0.30104403538808994,0.37536634224668897,0.3977090579389571,0.4148680867241442,0.4164022239115297,0.42482069865492,0.0,0.34771735374395896
