0.0,0.3821735612329095,0.0,0.0,0.0,0.0,0.0,0.5046865773667513,0.0,0.0,0.0,0.0,0.0,0.0,0.3793632799335149,0.4139403555681286,0.40123263446341617,0.37345399677218133,0.0,0.4080448803646331,0.4456169924676984,0.38281297091248534,0.4673383598188215,0.4200773929210661,0.3596124688302759,0.3770372660207481,0.0,0.44669722997929745,0.45854316389863226,0.0,0.38797416116480504,0.4691966085192913,0.37691531228709674,0.38084710540618355,0.441193358025931,0.0,0.0,0.0,0.46212574166006043,0.37820076571895067,0.42551243381294,0.5071719675786208,0.0,0.0,0.0,0.380639148372258,0.46311272738698683,0.0,0.0,0.0,0.0,0.0,0.0,0.0,0.0,0.0,0.0,0.0,0.0,0.0,0.43889877155934753,0.0,0.39077411204058243,0.0,0.0,0.0,0.44858930118341184,0.0,0.3452948303426725,0.401804168074351,0.4320842427223988,0.0,0.0,0.0,0.0,0.42148308429788006
0.3821735612329095,0.0,0.0,0.0,0.0,0.3857976207455912,0.4079371757313426,0.47232451602746844,0.0,0.0,0.0,0.0,0.4009425990944083,0.0,0.40307610697380347,0.4044251510895633,0.0,0.3866910109821645,0.0,0.4124865517355902,0.3937724427430672,0.36216803911322604,0.43317089049032137,0.0,0.3499167574378779,0.3908053588093097,0.4232707601078363,0.4174646866912196,0.3996819776338914,0.0,0.37003069212812323,0.4550387828300537,0.39882924337453063,0.3551473037276547,0.4206249365245,0.0,0.0,0.0,0.4806198283087724,0.44520516184956815,0.462429438364834,0.5059531783200376,0.0,0.0,0.0,0.45764075770629675,0.4805657065944728,0.0,0.0,0.0,0.0,0.0,0.0,0.0,0.0,0.0,0.0,0.0,0.0,0.0,0.46340103767688184,0.0,0.0,0.0,0.46758371952632005,0.4587789122948218,0.46317146872669746,0.47638185011479994,0.0,0.0,0.4738574657904957,0.48269102935784103,0.0,0.0,0.0,0.45538271922586604
0.0,0.0,0.0,0.0,0.3858954439699596,0.3802440263016992,0.41907187492250714,0.4600405293173627,0.24230194362585478,0.0,0.27872981254964657,0.0,0.43653119601393775,0.5095769995906342,0.0,0.0,0.0,0.0,0.2442597171929764,0.0,0.0,0.0,0.2998637450736657,0.0,0.0,0.0,0.33390161907105126,0.45208682359971336,0.0,0.0,0.4686135163333491,0.45528740030552095,0.0,0.4652674663611502,0.0,0.45087590038313724,0.46587173939498705,0.0,0.0,0.0,0.0,0.0,0.4423024875171485,0.0,0.0,0.0,0.0,0.3117519772898687,0.0,0.0,0.5280196426571222,0.0,0.5371640643367532,0.529146871532826,0.0,0.46661032493672844,0.0,0.0,0.5139152775491524,0.0,0.0,0.0,0.0,0.19624385855343032,0.0,0.0,0.0,0.5556582538143265,0.0,0.0,0.0,0.5462005990426718,0.0,0.0,0.0,0.0
0.0,0.0,0.0,0.0,0.22441513999284265,0.42487641763015277,0.24278259794853416,0.0,0.0,0.1386168699136407,0.3483283885168574,0.0,0.2593456963090011,0.2045060162777893,0.506105762326565,0.0,0.0,0.0,0.40789670364953007,0.0,0.0,0.4937995119618425,0.43882791117930714,0.0,0.0,0.0,0.0,0.21367556155255799,0.0,0.0,0.0,0.28701742433439814,0.0,0.17985446971154273,0.37778426201772713,0.1639767753260507,0.16861308997251503,0.0,0.0,0.0,0.0,0.0,0.0,0.0,0.0,0.0,0.0,0.0,0.0,0.0,0.0,0.0,0.0,0.0,0.0,0.0,0.0,0.0,0.0,0.0,0.0,0.0,0.0,0.0,0.0,0.0,0.0,0.0,0.0,0.0,0.0,0.0,0.0,0.0,0.0,0.0
0.0,0.0,0.3858954439699596,0.22441513999284265,0.0,0.3785674317000777,0.31634964689841355,0.34359071691574583,0.32398527665425114,0.4338464593964003,0.33103203122420244,0.3672726012655304,0.3550775989000183,0.2761218974639844,0.0,0.0,0.0,0.0,0.4135925981905248,0.0,0.0,0.0,0.4008762773682728,0.0,0.0,0.0,0.3920091344904337,0.37346534808926035,0.0,0.0,0.41543289292763974,0.390950647278327,0.3428783976020185,0.3668969127726436,0.2814961549811587,0.22600074393675398,0.23491666587931787,0.36659969211176424,0.0,0.0,0.0,0.0,0.0,0.0,0.0,0.0,0.0,0.5315130068378346,0.0,0.0,0.0,0.0,0.0,0.0,0.0,0.34108673890787666,0.0,0.0,0.0,0.0,0.0,0.0,0.0,0.0,0.0,0.0,0.0,0.5232251781884943,0.0,0.0,0.0,0.0,0.0,0.0,0.0,0.0
0.0,0.3857976207455912,0.3802440263016992,0.42487641763015277,0.3785674317000777,0.0,0.375356489757715,0.4634670202525493,0.34691658980866547,0.4442245685334347,0.3927004794358595,0.0,0.3619144430155533,0.49421947216612266,0.4027114325514559,0.4252640540181228,0.0,0.41209122576354873,0.3796279701129247,0.3937860335890958,0.41168099596413493,0.4120208598412479,0.386729059070712,0.0,0.3888999290539481,0.39610136492178727,0.36255699589610696,0.3592672949796612,0.31570820025097673,0.4388755395276897,0.4372544456712998,0.4556656828531856,0.0,0.4576833797103443,0.44064283666810644,0.4649708038557336,0.45081207436008525,0.0,0.4764927088802979,0.0,0.0,0.0,0.48318691624266313,0.0,0.0,0.0,0.0,0.5549498160330525,0.0,0.0,0.5275907383431725,0.5658356280680243,0.5210286788843062,0.5418373585297191,0.0,0.5199837316103221,0.0,0.5545906531666601,0.0,0.0,0.0,0.0,0.0,0.5431572625929333,0.0,0.0,0.0,0.555764952270893,0.0,0.0,0.0,0.529597814928425,0.0,0.0,0.0,0.5649456469801099
0.0,0.4079371757313426,0.41907187492250714,0.24278259794853416,0.31634964689841355,0.375356489757715,0.0,0.4059662589805495,0.3560326327332799,0.4116395908664416,0.42305317696939476,0.35193690581503984,0.3130627865139354,0.36356584329423497,0.0,0.4398302457549263,0.0,0.0,0.4273266525503539,0.41565933837841124,0.0,0.4259433232217812,0.4324653048911445,0.0,0.0,0.0,0.4077207526162121,0.365508344356125,0.3953386922178631,0.0,0.387247143664654,0.3788097867384003,0.0,0.3717439554338895,0.2346397467510632,0.28203166020877635,0.2688212154620077,0.31201479442745506,0.0,0.0,0.0,0.0,0.0,0.0,0.0,0.0,0.0,0.0,0.0,0.0,0.5566617028595262,0.0,0.0,0.0,0.0,0.0,0.0,0.0,0.0,0.0,0.0,0.0,0.0,0.0,0.0,0.0,0.0,0.5105430071183994,0.0,0.0,0.0,0.5165459128669833,0.0,0.0,0.0,0.0
0.5046865773667513,0.47232451602746844,0.4600405293173627,0.0,0.34359071691574583,0.4634670202525493,0.4059662589805495,0.0,0.4790559434226496,0.0,0.2983719569773443,0.0,0.4448748869750798,0.3599008202072777,0.4408351120439059,0.4978740913189666,0.0,0.47955088996110956,0.36365668355574815,0.3880842344972649,0.39111296250036703,0.4645879834682965,0.35407243951193207,0.5212077921158754,0.5060233143643712,0.49574706294269993,0.4533364439615299,0.4556342903964613,0.3962913147425131,0.45022401997387146,0.46251843081233873,0.4156369732173501,0.49437208962028295,0.492043492460264,0.0,0.25794123102942695,0.4481819590223387,0.0,0.48511407657772354,0.0,0.0,0.0,0.2879380630978716,0.0,0.0,0.0,0.0,0.5041625923708096,0.0,0.0,0.0,0.0,0.39934559284158616,0.49139007152481984,0.0,0.41107708526347275,0.0,0.0,0.4036169209692647,0.0,0.0,0.0,0.0,0.49628424167765417,0.4543978544863128,0.0,0.0,0.4962554351174946,0.0,0.0,0.0,0.472007589108029,0.0,0.0,0.0,0.0
0.0,0.0,0.24230194362585478,0.0,0.32398527665425114,0.34691658980866547,0.3560326327332799,0.4790559434226496,0.0,0.45594357155196397,0.30241129910242326,0.0,0.3946453712706708,0.4740790462430654,0.0,0.0,0.0,0.0,0.262378656922023,0.0,0.0,0.0,0.39072662919538015,0.0,0.0,0.0,0.33326943945888726,0.4426777761234511,0.0,0.0,0.448848090147817,0.43694374670095976,0.0,0.45306497515228755,0.43209620532493087,0.4311123167001768,0.43151883376168326,0.0,0.0,0.0,0.0,0.0,0.438629240299467,0.0,0.0,0.0,0.0,0.5414780467131801,0.0,0.5288728109250396,0.5146402209364049,0.0,0.5314443457385181,0.5577725900171454,0.0,0.48506998951611646,0.0,0.6029799186544991,0.4744161011440189,0.0,0.0,0.0,0.0,0.51926031215791,0.0,0.0,0.0,0.5261016529393576,0.0,0.0,0.0,0.5105684065653353,0.0,0.6555216712804894,0.0,0.0
0.0,0.0,0.0,0.1386168699136407,0.4338464593964003,0.4442245685334347,0.4116395908664416,0.0,0.45594357155196397,0.0,0.4468532670551313,0.32904035411076504,0.4083881843707895,0.12741878503901766,0.0,0.39238804148943596,0.3394217623412735,0.37132883806591455,0.459023286510752,0.0,0.5133402052988929,0.0,0.47290047921394773,0.35062338633636875,0.3641314817323446,0.3380421589771847,0.4533564348178052,0.4032888928980656,0.0,0.0,0.35972520835965466,0.4011863798678843,0.3395926895994908,0.3423269212230758,0.3490266940313763,0.243449965624232,0.2189036949661914,0.33224401696607325,0.3291671818946849,0.33618011180418017,0.35647764110124036,0.35060214431814085,0.0,0.0,0.3132135388834625,0.0,0.0,0.0,0.0,0.0,0.0,0.0,0.0,0.0,0.3888575363990447,0.0,0.38103747574901226,0.0,0.0,0.0,0.0,0.40662392615152815,0.3930798913646728,0.0,0.0,0.0,0.0,0.0,0.403781237640825,0.40695593831699617,0.4231139451020167,0.0,0.4125291086740777,0.0,0.0,0.3854273543580119
0.0,0.0,0.27872981254964657,0.3483283885168574,0.33103203122420244,0.3927004794358595,0.42305317696939476,0.2983719569773443,0.30241129910242326,0.4468532670551313,0.0,0.4108900308669456,0.43203195511437,0.31641587580219654,0.0,0.0,0.0,0.0,0.2899414498952953,0.0,0.0,0.0,0.2688628022822183,0.45559696392853216,0.0,0.0,0.3943715197445131,0.41812215084527016,0.0,0.0,0.428671068252845,0.3973478373609797,0.41534590890131334,0.4286555639496748,0.36307955036098793,0.28528701388305044,0.39801342279830565,0.3990631380005492,0.0,0.0,0.0,0.0,0.33851154827585417,0.0,0.0,0.0,0.0,0.4647510210295076,0.0,0.4299198676459902,0.0,0.5059345603888157,0.39695388487551403,0.4446900570742516,0.0,0.28332886223811404,0.0,0.5215401682567568,0.3732266319454616,0.0,0.0,0.0,0.0,0.2634955031449304,0.0,0.0,0.0,0.478714069937326,0.0,0.0,0.0,0.4862025697437639,0.5550040012851774,0.0,0.0,0.0
0.0,0.0,0.0,0.0,0.3672726012655304,0.0,0.35193690581503984,0.0,0.0,0.32904035411076504,0.4108900308669456,0.0,0.3871940331533057,0.0,0.0,0.0,0.3862265685073148,0.0,0.48846647123248976,0.0,0.0,0.0,0.5291968108131145,0.3062892182121397,0.36346509809123684,0.2805913659676344,0.0,0.37075691279702827,0.0,0.0,0.3627208715090329,0.3096597517372812,0.2900453868295044,0.279323239163377,0.2838017269690713,0.3054886672478538,0.3302397151633105,0.25905488294632123,0.2562957668112782,0.3476441121371824,0.3722920779192336,0.0,0.0,0.0,0.2927334995982104,0.0,0.0,0.0,0.0,0.0,0.0,0.0,0.0,0.0,0.39226154708168853,0.0,0.3868921203616361,0.0,0.0,0.0,0.0,0.41374814717558517,0.38717142094543205,0.0,0.0,0.0,0.0,0.0,0.40088798725493546,0.41267688255893303,0.42699116456528147,0.0,0.0,0.0,0.0,0.3782742619604233
0.0,0.4009425990944083,0.43653119601393775,0.2593456963090011,0.3550775989000183,0.3619144430155533,0.3130627865139354,0.4448748869750798,0.3946453712706708,0.4083881843707895,0.43203195511437,0.3871940331533057,0.0,0.3809949955232898,0.4497498986069829,0.44286845334595315,0.0,0.42737210366193096,0.435345354579569,0.420036507128435,0.452645343235458,0.43430139997492134,0.459728525085905,0.41138492814524663,0.4102495758985009,0.4053224547899507,0.4394664775657274,0.33885050369008196,0.387245005348457,0.3742109523340807,0.39851993545182957,0.39326590706490594,0.36389251059238487,0.38803164256460204,0.36135644113058923,0.33816000619215625,0.3024701722344094,0.36460201188298696,0.4993610789954165,0.0,0.0,0.0,0.0,0.0,0.0,0.0,0.0,0.5786624080516072,0.0,0.0,0.5259225147748723,0.0,0.5054627631806309,0.0,0.0,0.4970365319387924,0.0,0.6195990157098368,0.0,0.0,0.0,0.0,0.0,0.0,0.0,0.0,0.0,0.5155251488475744,0.0,0.0,0.0,0.510370337374087,0.5928134442866597,0.0,0.0,0.6338495085658931
0.0,0.0,0.5095769995906342,0.2045060162777893,0.2761218974639844,0.49421947216612266,0.36356584329423497,0.3599008202072777,0.4740790462430654,0.12741878503901766,0.31641587580219654,0.0,0.3809949955232898,0.0,0.0,0.0,0.0,0.0,0.3787734036081117,0.0,0.0,0.0,0.4469958875062905,0.0,0.0,0.0,0.4751295964287775,0.25905511911519963,0.0,0.0,0.34693333310617436,0.19128794962328466,0.0,0.36586378906220124,0.0,0.2014982379734634,0.1586875582017908,0.0,0.0,0.0,0.0,0.0,0.2502648413483581,0.0,0.0,0.0,0.0,0.0,0.0,0.0,0.0,0.0,0.0,0.0,0.0,0.0,0.0,0.0,0.0,0.0,0.0,0.0,0.0,0.0,0.0,0.0,0.0,0.0,0.0,0.0,0.0,0.0,0.0,0.0,0.0,0.0
0.3793632799335149,0.40307610697380347,0.0,0.506105762326565,0.0,0.4027114325514559,0.0,0.4408351120439059,0.0,0.0,0.0,0.0,0.4497498986069829,0.0,0.0,0.41346463668096495,0.0,0.38909631033215497,0.0,0.3224316268913906,0.3896655743878923,0.3639779625104017,0.3648186861194953,0.0,0.37356985785278735,0.4036851853279749,0.3649995132951293,0.412469164963897,0.42611190494346946,0.0,0.4259564589556212,0.4863680608846265,0.4138129086740291,0.4414826862066364,0.4660196703381609,0.5232500334396644,0.0,0.0,0.49365617817875046,0.44268104916490825,0.0,0.0,0.0,0.0,0.0,0.0,0.0,0.0,0.0,0.0,0.0,0.0,0.0,0.0,0.0,0.0,0.0,0.0,0.0,0.45719406080197006,0.0,0.0,0.0,0.0,0.47828982521493885,0.5021966862210878,0.45403863461813726,0.450709596850822,0.0,0.0,0.0,0.47501819126084893,0.0,0.0,0.0,0.0
0.4139403555681286,0.4044251510895633,0.0,0.0,0.0,0.4252640540181228,0.4398302457549263,0.4978740913189666,0.0,0.39238804148943596,0.0,0.0,0.44286845334595315,0.0,0.41346463668096495,0.0,0.3660348192983909,0.31278465375710435,0.0,0.436946813771158,0.415660157503902,0.3934113454779985,0.4510860277818962,0.3967194638901159,0.36277186047196214,0.42717374571577194,0.45098285495687224,0.4482493958913421,0.4363716106301919,0.0,0.364972828464672,0.4491191658755845,0.37588772183153984,0.3511599179437908,0.38915192556165656,0.0,0.0,0.0,0.4938210407365951,0.43598222061225866,0.460208505476303,0.49872346651814736,0.0,0.0,0.0,0.46943540829886743,0.48841902853780333,0.0,0.0,0.0,0.0,0.0,0.0,0.0,0.0,0.0,0.0,0.0,0.0,0.4735067616329667,0.4648858111981574,0.0,0.401868677618742,0.0,0.485817668459239,0.47279547926058985,0.4702009178395194,0.0,0.0,0.42130123784038753,0.4706916288115295,0.0,0.0,0.0,0.0,0.4517719783435079
0.40123263446341617,0.0,0.0,0.0,0.0,0.0,0.0,0.0,0.0,0.3394217623412735,0.0,0.3862265685073148,0.0,0.0,0.0,0.3660348192983909,0.0,0.32804809294036996,0.0,0.0,0.0,0.0,0.0,0.3877264452281224,0.3551893175842586,0.3638871814688785,0.0,0.0,0.0,0.0,0.37227595838044414,0.4715584067557791,0.3861299933069439,0.38945344010592403,0.4221034260577816,0.0,0.0,0.36775541948049556,0.46699021553829345,0.38069251109709756,0.43642297652535755,0.0,0.0,0.0,0.0,0.0,0.0,0.0,0.0,0.0,0.0,0.0,0.0,0.0,0.4007449030729529,0.0,0.419756984944309,0.0,0.0,0.0,0.0,0.41853089691883966,0.42898455421404325,0.0,0.0,0.0,0.0,0.0,0.4512252440262814,0.40557475722334557,0.4486045339267619,0.0,0.0,0.0,0.0,0.0
0.37345399677218133,0.3866910109821645,0.0,0.0,0.0,0.41209122576354873,0.0,0.47955088996110956,0.0,0.37132883806591455,0.0,0.0,0.42737210366193096,0.0,0.38909631033215497,0.31278465375710435,0.32804809294036996,0.0,0.0,0.41428557550218603,0.39485687107567913,0.39639729038861815,0.426048167341094,0.3700515715190191,0.34522991152937704,0.35647430019240534,0.4252635141566567,0.42664739103918037,0.4131723868224445,0.0,0.37593219805491157,0.44384964906931756,0.37007031540452134,0.38976513225041737,0.4194449927615112,0.0,0.0,0.0,0.4387838190329808,0.39375862833424863,0.4234562340667584,0.4555216908896103,0.0,0.0,0.0,0.40550120002200657,0.44526853031550945,0.0,0.0,0.0,0.0,0.0,0.0,0.0,0.4186256774800757,0.0,0.4387952964388663,0.0,0.0,0.0,0.415199924711136,0.4002160930468215,0.4033150829331694,0.0,0.0,0.0,0.44523488812070855,0.0,0.43809883740504796,0.40589754057472266,0.4322594459770417,0.0,0.0,0.0,0.0,0.40005591828344417
0.0,0.0,0.2442597171929764,0.40789670364953007,0.4135925981905248,0.3796279701129247,0.4273266525503539,0.36365668355574815,0.262378656922023,0.459023286510752,0.2899414498952953,0.48846647123248976,0.435345354579569,0.3787734036081117,0.0,0.0,0.0,0.0,0.0,0.0,0.0,0.0,0.27665506904246817,0.0,0.0,0.0,0.36085589832913084,0.43337076255679785,0.0,0.0,0.45683297040798626,0.43085453524639655,0.0,0.4521587683548256,0.4210764381989185,0.41774729730010607,0.4322913249394665,0.4731486616267029,0.5444056548938421,0.0,0.0,0.0,0.3487885467898243,0.0,0.0,0.0,0.0,0.5330731185624819,0.0,0.5212668788373691,0.5340341383749525,0.593379054361431,0.5287154733236898,0.5064282512287958,0.0,0.36893450828026586,0.0,0.6322251162197208,0.40535436861370067,0.0,0.0,0.0,0.0,0.4855791424473094,0.0,0.0,0.0,0.5471490729446885,0.0,0.0,0.0,0.5204144582442395,0.7519767963748685,0.5442974471107697,0.0,0.0
0.4080448803646331,0.4124865517355902,0.0,0.0,0.0,0.3937860335890958,0.41565933837841124,0.3880842344972649,0.0,0.0,0.0,0.0,0.420036507128435,0.0,0.3224316268913906,0.436946813771158,0.0,0.41428557550218603,0.0,0.0,0.40004593353829665,0.3477787593165727,0.2920777298207181,0.0,0.39530480371084203,0.4252238109827297,0.3538503381005453,0.404779452785842,0.33880408860567285,0.0,0.3818343944576866,0.5035651483589777,0.4442644184572697,0.436835638013522,0.4786197420216905,0.5402417447035813,0.0,0.0,0.4699310230886415,0.42937917430653594,0.0,0.0,0.0,0.0,0.0,0.0,0.0,0.0,0.0,0.0,0.0,0.0,0.0,0.0,0.0,0.0,0.0,0.0,0.0,0.4559205561895576,0.0,0.0,0.0,0.0,0.465789057388886,0.45094667260292354,0.4387098396491129,0.4681696052143107,0.0,0.0,0.0,0.4700613368661815,0.0,0.4662197579535208,0.0,0.0
0.4456169924676984,0.3937724427430672,0.0,0.0,0.0,0.41168099596413493,0.0,0.39111296250036703,0.0,0.5133402052988929,0.0,0.0,0.452645343235458,0.0,0.3896655743878923,0.415660157503902,0.0,0.39485687107567913,0.0,0.40004593353829665,0.0,0.39376962287506945,0.392803356031085,0.5085366395818312,0.4059655168241604,0.37438373185530355,0.435787243094072,0.44788420968060577,0.40327191149510266,0.47585994512147967,0.3876638844380025,0.4669217116944757,0.4090350994763978,0.4175688022723489,0.45957377458555915,0.5437503128154071,0.0,0.0,0.49609734610359396,0.422062341834222,0.47573811156446394,0.5334696119936825,0.0,0.0,0.0,0.0,0.4694791054473085,0.0,0.0,0.0,0.0,0.0,0.3858666987347503,0.0,0.0,0.0,0.0,0.0,0.0,0.43131499139968554,0.47321725026351585,0.0,0.0,0.0,0.4492740333141627,0.35283413598883523,0.463519945295187,0.4217603122408231,0.0,0.0,0.5104370366003833,0.4451219924913536,0.0,0.46295698961250903,0.0,0.0
0.38281297091248534,0.36216803911322604,0.0,0.4937995119618425,0.0,0.4120208598412479,0.4259433232217812,0.4645879834682965,0.0,0.0,0.0,0.0,0.43430139997492134,0.0,0.3639779625104017,0.3934113454779985,0.0,0.39639729038861815,0.0,0.3477787593165727,0.39376962287506945,0.0,0.4399977629983849,0.0,0.372281996891607,0.37660420462884586,0.4343556014707149,0.43191466725385724,0.3993595464206167,0.3980433923931947,0.3771483802172875,0.49188183180937795,0.43485653259772317,0.4106516972581781,0.4756452147350609,0.5556768395268938,0.0,0.0,0.4618260906703562,0.431135948245205,0.455600282297395,0.48414561324056365,0.0,0.0,0.0,0.47580163105332335,0.4610151694477566,0.0,0.0,0.0,0.0,0.0,0.49718845234363956,0.0,0.0,0.0,0.0,0.0,0.0,0.4428546456223866,0.45994379589661655,0.0,0.0,0.0,0.45543192904213814,0.434735155053658,0.45235947854602887,0.4568407998799393,0.0,0.0,0.4698854314089481,0.47416302737323723,0.0,0.0,0.0,0.46476872720398005
0.4673383598188215,0.43317089049032137,0.2998637450736657,0.43882791117930714,0.4008762773682728,0.386729059070712,0.4324653048911445,0.35407243951193207,0.39072662919538015,0.47290047921394773,0.2688628022822183,0.5291968108131145,0.459728525085905,0.4469958875062905,0.3648186861194953,0.4510860277818962,0.0,0.426048167341094,0.27665506904246817,0.2920777298207181,0.392803356031085,0.4399977629983849,0.0,0.49979201928002354,0.42317008434919007,0.44366795386537583,0.33257209534875465,0.4646919765938986,0.42804235931976303,0.46475184653812895,0.47258244785732334,0.4710668645007751,0.0,0.48708191509231347,0.46916859011559175,0.4872021411656745,0.4564665106164371,0.0,0.5040969242115839,0.0,0.5191615664241208,0.5377374032089377,0.39681250322290434,0.0,0.0,0.0,0.0,0.5424101663802957,0.0,0.5078431597618007,0.5249141095097793,0.5367292464600462,0.5069594823889423,0.5347134363528586,0.0,0.4701457246483914,0.0,0.5252026486449662,0.4612359598150365,0.4694731450556767,0.0,0.0,0.0,0.5073614323410254,0.479821858014178,0.45166309856797454,0.0,0.5590733324158095,0.0,0.0,0.0,0.5146384749157484,0.5232413238672384,0.4958093744797307,0.0,0.5309229694660387
0.4200773929210661,0.0,0.0,0.0,0.0,0.0,0.0,0.5212077921158754,0.0,0.35062338633636875,0.45559696392853216,0.3062892182121397,0.41138492814524663,0.0,0.0,0.3967194638901159,0.3877264452281224,0.3700515715190191,0.0,0.0,0.5085366395818312,0.0,0.49979201928002354,0.0,0.36842187086407235,0.3453735303352824,0.0,0.419031745479504,0.0,0.0,0.39201292941918714,0.3577858564494194,0.28621309018501956,0.3029783885602355,0.3055216653406054,0.27787823914418486,0.2938038796079505,0.30287346668120874,0.4658385685763299,0.35800390444183694,0.38876212159194345,0.40419604514902197,0.0,0.0,0.3275787714480464,0.4134895942103548,0.0,0.0,0.0,0.0,0.0,0.0,0.0,0.0,0.4066869528939522,0.0,0.4032778259820254,0.0,0.0,0.0,0.4169465890222803,0.42670744812244443,0.43973888624054525,0.0,0.0,0.0,0.0,0.0,0.4289573365323282,0.431841854665787,0.4554306414538227,0.0,0.0,0.0,0.0,0.3805521896465673
0.3596124688302759,0.3499167574378779,0.0,0.0,0.0,0.3888999290539481,0.0,0.5060233143643712,0.0,0.3641314817323446,0.0,0.36346509809123684,0.4102495758985009,0.0,0.37356985785278735,0.36277186047196214,0.3551893175842586,0.34522991152937704,0.0,0.39530480371084203,0.4059655168241604,0.372281996891607,0.42317008434919007,0.36842187086407235,0.0,0.31517834370119924,0.4117385255858939,0.4221621620767479,0.40418299045146544,0.0,0.37745725909831357,0.44297683351143297,0.3421988917664049,0.38600750956484536,0.41491775064216263,0.0,0.0,0.37114474148920873,0.4411762262925585,0.4015051027742,0.42095360487585737,0.45139268679237227,0.0,0.0,0.0,0.4045743661069801,0.42814694988122914,0.0,0.0,0.0,0.0,0.0,0.0,0.0,0.43303550218339076,0.0,0.4412831112209283,0.0,0.0,0.0,0.4097551865448976,0.41710316686864984,0.4114539674882909,0.0,0.0,0.0,0.4323686059618414,0.0,0.4380839148662801,0.4186349298909214,0.44178698266463373,0.0,0.0,0.0,0.0,0.4035840782743072
0.3770372660207481,0.3908053588093097,0.0,0.0,0.0,0.39610136492178727,0.0,0.49574706294269993,0.0,0.3380421589771847,0.0,0.2805913659676344,0.4053224547899507,0.0,0.4036851853279749,0.42717374571577194,0.3638871814688785,0.35647430019240534,0.0,0.4252238109827297,0.37438373185530355,0.37660420462884586,0.44366795386537583,0.3453735303352824,0.31517834370119924,0.0,0.4358183686284927,0.41485032835472546,0.40750658853486105,0.0,0.38260098573020923,0.4506011720388995,0.3345094939868341,0.38368351427346203,0.4303534220935488,0.48800571825543293,0.0,0.36507579945371826,0.45297580450930935,0.4219428499033339,0.4477534282358765,0.4468601190699449,0.0,0.0,0.0,0.4099889601497555,0.40036364661079227,0.0,0.0,0.0,0.0,0.0,0.0,0.0,0.4430496771148125,0.0,0.45014248001817886,0.0,0.0,0.0,0.41380641323196815,0.43834002126545346,0.434461377170347,0.0,0.0,0.0,0.5058442021954916,0.0,0.46112545266659616,0.4377570848656106,0.45944664680134134,0.0,0.0,0.0,0.0,0.4182285684949334
0.0,0.4232707601078363,0.33390161907105126,0.0,0.3920091344904337,0.36255699589610696,0.4077207526162121,0.4533364439615299,0.33326943945888726,0.4533564348178052,0.3943715197445131,0.0,0.4394664775657274,0.4751295964287775,0.3649995132951293,0.45098285495687224,0.0,0.4252635141566567,0.36085589832913084,0.3538503381005453,0.435787243094072,0.4343556014707149,0.33257209534875465,0.0,0.4117385255858939,0.4358183686284927,0.0,0.4527263508185167,0.38562558901351845,0.452358271157218,0.4551137808671817,0.482781225083651,0.43550946091154014,0.4758955421571298,0.47489429807529693,0.5138561386800706,0.45938445214451973,0.0,0.5077383334392662,0.0,0.0,0.0,0.45975011772908153,0.0,0.0,0.0,0.0,0.5640881723137636,0.0,0.5181194773078759,0.5165059764805027,0.0,0.5094549261470068,0.5504433546576369,0.0,0.5074348906558037,0.0,0.5287094266821152,0.5370890826301954,0.0,0.0,0.0,0.0,0.5520893013650884,0.4890745515611071,0.0,0.0,0.5491965488562593,0.0,0.0,0.0,0.5119262463704162,0.5181786194408939,0.0,0.0,0.0
0.44669722997929745,0.4174646866912196,0.45208682359971336,0.21367556155255799,0.37346534808926035,0.3592672949796612,0.365508344356125,0.4556342903964613,0.4426777761234511,0.4032888928980656,0.41812215084527016,0.37075691279702827,0.33885050369008196,0.25905511911519963,0.412469164963897,0.4482493958913421,0.0,0.42664739103918037,0.43337076255679785,0.404779452785842,0.44788420968060577,0.43191466725385724,0.4646919765938986,0.419031745479504,0.4221621620767479,0.41485032835472546,0.4527263508185167,0.0,0.328192225323542,0.3259026996680378,0.38572222457272304,0.39556413092190135,0.360724014328821,0.38092956332831224,0.36471266146210835,0.2971433667578588,0.2587860628552606,0.35537129594557015,0.48150296940137993,0.0,0.5401228786465628,0.0,0.0,0.0,0.0,0.0,0.0,0.6308904222972633,0.0,0.0,0.5146098935980334,0.0,0.4884966059192698,0.0,0.0,0.0,0.0,0.5873898018619106,0.0,0.0,0.0,0.0,0.0,0.0,0.4936508384187973,0.48947048251201375,0.0,0.5144033721231182,0.0,0.0,0.0,0.5122990049509376,0.5374905404396525,0.49581292670175364,0.0,0.5503467540835946
0.45854316389863226,0.3996819776338914,0.0,0.0,0.0,0.31570820025097673,0.3953386922178631,0.3962913147425131,0.0,0.0,0.0,0.0,0.387245005348457,0.0,0.42611190494346946,0.4363716106301919,0.0,0.4131723868224445,0.0,0.33880408860567285,0.40327191149510266,0.3993595464206167,0.42804235931976303,0.0,0.40418299045146544,0.40750658853486105,0.38562558901351845,0.328192225323542,0.0,0.39445504655795355,0.3672065304711727,0.46647116035440733,0.0,0.4098284375826589,0.44051609007323406,0.5086182041306009,0.0,0.0,0.4853717384025022,0.0,0.5115240051682383,0.0,0.0,0.0,0.0,0.0,0.0,0.6325264748836981,0.0,0.0,0.4922391383113166,0.0,0.4631798226852235,0.0,0.0,0.0,0.0,0.5518408762447916,0.0,0.4632405438103248,0.0,0.0,0.0,0.0,0.47348551998288224,0.4429966527938846,0.0,0.47649863506324264,0.0,0.0,0.0,0.48310892414045153,0.497987579999282,0.4784551245655711,0.0,0.5086547196533318
0.0,0.0,0.0,0.0,0.0,0.4388755395276897,0.0,0.45022401997387146,0.0,0.0,0.0,0.0,0.3742109523340807,0.0,0.0,0.0,0.0,0.0,0.0,0.0,0.47585994512147967,0.3980433923931947,0.46475184653812895,0.0,0.0,0.0,0.452358271157218,0.3259026996680378,0.39445504655795355,0.0,0.3649399081283069,0.427685548785011,0.0,0.39068961394794166,0.0,0.0,0.0,0.0,0.5119453968043645,0.3227853060057463,0.6387826765382827,0.0,0.0,0.0,0.0,0.0,0.0,0.0,0.0,0.0,0.5697958189373311,0.0,0.5832124822113738,0.0,0.0,0.0,0.0,1.0033450064039136,0.0,0.0,0.0,0.0,0.0,0.0,0.482417377787396,0.0,0.0,0.5069089693053926,0.0,0.0,0.0,0.5065669011986735,0.0,0.0,0.0,0.0
0.38797416116480504,0.37003069212812323,0.4686135163333491,0.0,0.41543289292763974,0.4372544456712998,0.387247143664654,0.46251843081233873,0.448848090147817,0.35972520835965466,0.428671068252845,0.3627208715090329,0.39851993545182957,0.34693333310617436,0.4259564589556212,0.364972828464672,0.37227595838044414,0.37593219805491157,0.45683297040798626,0.3818343944576866,0.3876638844380025,0.3771483802172875,0.47258244785732334,0.39201292941918714,0.37745725909831357,0.38260098573020923,0.4551137808671817,0.38572222457272304,0.3672065304711727,0.3649399081283069,0.0,0.40253290283101945,0.34613351898701794,0.26738614296158336,0.305909710298245,0.358761953242935,0.30735591628792125,0.32837377935011447,0.46782762265677874,0.4056508790362668,0.4286618870595744,0.4840641998010838,0.0,0.0,0.33678125945885046,0.4509334946550253,0.4779414608626504,0.0,0.0,0.0,0.5225321949302244,0.0,0.47745857182514595,0.0,0.4060227151422329,0.0,0.38700053090347614,0.0,0.0,0.44699731494818207,0.4713345899316372,0.4164497622070682,0.4071076111737732,0.0,0.48866139400916475,0.45571721886138045,0.44595007982900403,0.5048806736659222,0.4192460374519468,0.4135430674216758,0.43928007810763936,0.5046110037787318,0.5264573887529124,0.5048504309757783,0.0,0.45234249931173076
0.4691966085192913,0.4550387828300537,0.45528740030552095,0.28701742433439814,0.390950647278327,0.4556656828531856,0.3788097867384003,0.4156369732173501,0.43694374670095976,0.4011863798678843,0.3973478373609797,0.3096597517372812,0.39326590706490594,0.19128794962328466,0.4863680608846265,0.4491191658755845,0.4715584067557791,0.44384964906931756,0.43085453524639655,0.5035651483589777,0.4669217116944757,0.49188183180937795,0.4710668645007751,0.3577858564494194,0.44297683351143297,0.4506011720388995,0.482781225083651,0.39556413092190135,0.46647116035440733,0.427685548785011,0.40253290283101945,0.0,0.3689529595628606,0.34839937790556547,0.4014063251260217,0.2868135536643242,0.3317236719550255,0.2728061233907096,0.36458001495216785,0.440365755378116,0.43243026397385154,0.3741102765134871,0.5012616485769172,0.0,0.2710417587816587,0.4941030470029797,0.4994297358686018,0.5462328616171768,0.0,0.0,0.5194330080657721,0.0,0.5139014789917642,0.0,0.46716035999192984,0.0,0.2619008825395344,0.5268044294489347,0.0,0.4872063668058701,0.47745962953436405,0.4948806781181849,0.4383460287893292,0.0,0.4942891095940848,0.49591606105512653,0.4849000918626166,0.5011108049945805,0.4989162060829339,0.4511867967129681,0.48451755812840985,0.5085566485438433,0.5095430955032592,0.5139653413599282,0.5160102706699512,0.47392924226820937
0.37691531228709674,0.39882924337453063,0.0,0.0,0.3428783976020185,0.0,0.0,0.49437208962028295,0.0,0.3395926895994908,0.41534590890131334,0.2900453868295044,0.36389251059238487,0.0,0.4138129086740291,0.37588772183153984,0.3861299933069439,0.37007031540452134,0.0,0.4442644184572697,0.4090350994763978,0.43485653259772317,0.0,0.28621309018501956,0.3421988917664049,0.3345094939868341,0.43550946091154014,0.360724014328821,0.0,0.0,0.34613351898701794,0.3689529595628606,0.0,0.25376347005756283,0.35518522862293483,0.2857639234452529,0.27510982923245103,0.23544413582435492,0.37282851358069713,0.35699750146279063,0.4237108299651841,0.48645246940260156,0.0,0.0,0.24666053723464665,0.4200713349172942,0.4739494987870051,0.0,0.0,0.0,0.0,0.0,0.0,0.0,0.3418446706516689,0.0,0.3219988217720954,0.0,0.0,0.4603512309267041,0.44614205282500063,0.3915084517662254,0.3995848384689724,0.0,0.45981456438059104,0.4511061759554997,0.46469148747600325,0.0,0.32616790608675855,0.40455157119904606,0.43389834935407084,0.4197969279844108,0.0,0.46737357675494107,0.0,0.3918125017125081
0.38084710540618355,0.3551473037276547,0.4652674663611502,0.17985446971154273,0.3668969127726436,0.4576833797103443,0.3717439554338895,0.492043492460264,0.45306497515228755,0.3423269212230758,0.4286555639496748,0.279323239163377,0.38803164256460204,0.36586378906220124,0.4414826862066364,0.3511599179437908,0.38945344010592403,0.38976513225041737,0.4521587683548256,0.436835638013522,0.4175688022723489,0.4106516972581781,0.48708191509231347,0.3029783885602355,0.38600750956484536,0.38368351427346203,0.4758955421571298,0.38092956332831224,0.4098284375826589,0.39068961394794166,0.26738614296158336,0.34839937790556547,0.25376347005756283,0.0,0.18992193663583246,0.3520326102360773,0.22047813791446325,0.25015052501160645,0.3270373900016186,0.4044391343429605,0.4317947957404174,0.3956093080793977,0.0,0.0,0.28668252330463206,0.4279758915458216,0.45785489416952724,0.0,0.0,0.0,0.5230373684677089,0.0,0.5035676282976965,0.0,0.36162209500066167,0.0,0.3740981043136061,0.0,0.0,0.47367144251651044,0.44678042826809283,0.4180112567733677,0.4188154283732631,0.0,0.50820822460885,0.4782993929279872,0.44573332460845366,0.5181272481390383,0.36674283236336663,0.4172416168329316,0.43751640486132076,0.5203670350718794,0.5247758950411874,0.5106133161338822,0.0,0.4237476100739122
0.441193358025931,0.4206249365245,0.0,0.37778426201772713,0.2814961549811587,0.44064283666810644,0.2346397467510632,0.0,0.43209620532493087,0.3490266940313763,0.36307955036098793,0.2838017269690713,0.36135644113058923,0.0,0.4660196703381609,0.38915192556165656,0.4221034260577816,0.4194449927615112,0.4210764381989185,0.4786197420216905,0.45957377458555915,0.4756452147350609,0.46916859011559175,0.3055216653406054,0.41491775064216263,0.4303534220935488,0.47489429807529693,0.36471266146210835,0.44051609007323406,0.0,0.305909710298245,0.4014063251260217,0.35518522862293483,0.18992193663583246,0.0,0.4523944542406416,0.31200707382417503,0.25054159776524076,0.3836316001222628,0.4352685450278804,0.4100889782001619,0.42303592795802697,0.0,0.0,0.0,0.4321860017613798,0.5043192454898449,0.0,0.0,0.0,0.0,0.0,0.0,0.0,0.0,0.0,0.0,0.0,0.0,0.4806324080582511,0.47580611344084894,0.0,0.4488759691922164,0.0,0.49823989194094975,0.4667179757012915,0.47908610395842693,0.47230360003643745,0.0,0.44490621665844204,0.48196357120096206,0.0,0.0,0.0,0.0,0.0
0.0,0.0,0.45087590038313724,0.1639767753260507,0.22600074393675398,0.4649708038557336,0.28203166020877635,0.25794123102942695,0.4311123167001768,0.243449965624232,0.28528701388305044,0.3054886672478538,0.33816000619215625,0.2014982379734634,0.5232500334396644,0.0,0.0,0.0,0.41774729730010607,0.5402417447035813,0.5437503128154071,0.5556768395268938,0.4872021411656745,0.27787823914418486,0.0,0.48800571825543293,0.5138561386800706,0.2971433667578588,0.5086182041306009,0.0,0.358761953242935,0.2868135536643242,0.2857639234452529,0.3520326102360773,0.4523944542406416,0.0,0.2156880504495282,0.2604649122415659,0.4364824350761174,0.0,0.0,0.0,0.21598995981974162,0.0,0.0,0.0,0.0,0.0,0.0,0.0,0.5322787699662528,0.0,0.5251852273862418,0.0,0.0,0.0,0.0,0.0,0.0,0.6028803959053369,0.4949795978164847,0.0,0.0,0.0,0.6042961704039682,0.0,0.5416334640838271,0.5233469771439322,0.0,0.0,0.0,0.5353647947798984,0.0,0.0,0.0,0.0
0.0,0.0,0.46587173939498705,0.16861308997251503,0.23491666587931787,0.45081207436008525,0.2688212154620077,0.4481819590223387,0.43151883376168326,0.2189036949661914,0.39801342279830565,0.3302397151633105,0.3024701722344094,0.1586875582017908,0.0,0.0,0.0,0.0,0.4322913249394665,0.0,0.0,0.0,0.4564665106164371,0.2938038796079505,0.0,0.0,0.45938445214451973,0.2587860628552606,0.0,0.0,0.30735591628792125,0.3317236719550255,0.27510982923245103,0.22047813791446325,0.31200707382417503,0.2156880504495282,0.0,0.29573863180181637,0.29974705894476833,0.0,0.0,0.0,0.0,0.0,0.0,0.0,0.0,0.0,0.0,0.0,0.8037917854368597,0.0,0.0,0.0,0.0,0.0,0.0,0.0,0.0,0.0,0.0,0.0,0.0,0.0,0.0,0.0,0.0,0.5930301398561156,0.0,0.0,0.0,0.6260423368907164,0.0,0.0,0.0,0.0
0.0,0.0,0.0,0.0,0.36659969211176424,0.0,0.31201479442745506,0.0,0.0,0.33224401696607325,0.3990631380005492,0.25905488294632123,0.36460201188298696,0.0,0.0,0.0,0.36775541948049556,0.0,0.4731486616267029,0.0,0.0,0.0,0.0,0.30287346668120874,0.37114474148920873,0.36507579945371826,0.0,0.35537129594557015,0.0,0.0,0.32837377935011447,0.2728061233907096,0.23544413582435492,0.25015052501160645,0.25054159776524076,0.2604649122415659,0.29573863180181637,0.0,0.2466730625599816,0.2604906918652431,0.32235029878290844,0.0,0.0,0.0,0.22749047545963208,0.0,0.0,0.0,0.0,0.0,0.0,0.0,0.0,0.0,0.3377471442506216,0.0,0.29258702116781143,0.0,0.0,0.0,0.0,0.0,0.0,0.0,0.0,0.0,0.0,0.0,0.3296301979431688,0.0,0.0,0.0,0.0,0.0,0.0,0.34273599035761737
0.46212574166006043,0.4806198283087724,0.0,0.0,0.0,0.4764927088802979,0.0,0.48511407657772354,0.0,0.3291671818946849,0.0,0.2562957668112782,0.4993610789954165,0.0,0.49365617817875046,0.4938210407365951,0.46699021553829345,0.4387838190329808,0.5444056548938421,0.4699310230886415,0.49609734610359396,0.4618260906703562,0.5040969242115839,0.4658385685763299,0.4411762262925585,0.45297580450930935,0.5077383334392662,0.48150296940137993,0.4853717384025022,0.5119453968043645,0.46782762265677874,0.36458001495216785,0.37282851358069713,0.3270373900016186,0.3836316001222628,0.4364824350761174,0.29974705894476833,0.2466730625599816,0.0,0.33963998562561293,0.3472753448603073,0.3604698429763369,0.2675265356617052,0.32369478091077125,0.2575542088793107,0.4338850577314207,0.45989018824300504,0.4730487662782555,0.23826909277740432,0.367813684264271,0.47330947261387524,0.3963167050162451,0.4533126726266084,0.44931713175946564,0.3662293274632089,0.43650230738739365,0.2872850752984302,0.3970520374044422,0.21328092833762533,0.47537229414260473,0.4444469931136059,0.4554379790319291,0.4409822037857954,0.4640724815079045,0.4877198586234814,0.4488835381450313,0.5017934330299018,0.4339213187743322,0.3733243728378993,0.42658978048334895,0.4434602996642104,0.45867979714404444,0.3955412372269754,0.4788761211834317,0.46127106583133853,0.4323089009458648
0.37820076571895067,0.44520516184956815,0.0,0.0,0.0,0.0,0.0,0.0,0.0,0.33618011180418017,0.0,0.3476441121371824,0.0,0.0,0.44268104916490825,0.43598222061225866,0.38069251109709756,0.39375862833424863,0.0,0.42937917430653594,0.422062341834222,0.431135948245205,0.0,0.35800390444183694,0.4015051027742,0.4219428499033339,0.0,0.0,0.0,0.3227853060057463,0.4056508790362668,0.440365755378116,0.35699750146279063,0.4044391343429605,0.4352685450278804,0.0,0.0,0.2604906918652431,0.33963998562561293,0.0,0.2333372305203215,0.29877431474357646,0.31141099488354235,0.30244420148518963,0.21455540017378877,0.30400101427720105,0.37361290501660593,0.0,0.0,0.4144470154112123,0.41190032268769056,0.41965667532434753,0.0,0.0,0.2997034613536144,0.4545465054846419,0.25300371156515594,0.38106764980143754,0.0,0.395515947022312,0.3820018541531004,0.34277218167282253,0.332798735237913,0.0,0.40444863480598936,0.3662818475854823,0.43129972131418404,0.3773403515438201,0.2427063965724658,0.31610987872075447,0.335372992437204,0.3949875448093453,0.3676167245470284,0.4271832290108307,0.0,0.32375375733235323
0.42551243381294,0.462429438364834,0.0,0.0,0.0,0.0,0.0,0.0,0.0,0.35647764110124036,0.0,0.3722920779192336,0.0,0.0,0.0,0.460208505476303,0.43642297652535755,0.4234562340667584,0.0,0.0,0.47573811156446394,0.455600282297395,0.5191615664241208,0.38876212159194345,0.42095360487585737,0.4477534282358765,0.0,0.5401228786465628,0.5115240051682383,0.6387826765382827,0.4286618870595744,0.43243026397385154,0.4237108299651841,0.4317947957404174,0.4100889782001619,0.0,0.0,0.32235029878290844,0.3472753448603073,0.2333372305203215,0.0,0.3357622992658108,0.39864813882033073,0.2717176394793886,0.23835217141783713,0.3765570241895968,0.4076690450658964,0.48099188577931096,0.16503538313317684,0.40730825037829554,0.4410711125892976,0.4057737460274579,0.4515504273144519,0.4572628053870271,0.3085118617390824,0.44278608298215677,0.27942762463086446,0.39287648014349336,0.3455323778520816,0.44490451422467264,0.36826659231376857,0.37933920452708475,0.37660591560108747,0.4517270567353368,0.40725151085855843,0.4262321256188306,0.4105013471868493,0.4504381252823967,0.2921524369209686,0.36582922598241446,0.39387190753682694,0.4471869519094187,0.36670663941312787,0.4069890218960759,0.32474782744344866,0.266861919616326
0.5071719675786208,0.5059531783200376,0.0,0.0,0.0,0.0,0.0,0.0,0.0,0.35060214431814085,0.0,0.0,0.0,0.0,0.0,0.49872346651814736,0.0,0.4555216908896103,0.0,0.0,0.5334696119936825,0.48414561324056365,0.5377374032089377,0.40419604514902197,0.45139268679237227,0.4468601190699449,0.0,0.0,0.0,0.0,0.4840641998010838,0.3741102765134871,0.48645246940260156,0.3956093080793977,0.42303592795802697,0.0,0.0,0.0,0.3604698429763369,0.29877431474357646,0.3357622992658108,0.0,0.43135731419847584,0.306980534630754,0.26714818855410816,0.47522525551518047,0.5076552302512932,0.4730010620708046,0.22084759493974854,0.317100790445589,0.4751976839960241,0.37397161701913423,0.46642970953317114,0.46041609668078975,0.34614477056824844,0.4130761957280007,0.2789542572308984,0.39363445358911914,0.0,0.4961360960298769,0.445692010116212,0.43534156936146473,0.4283626329820084,0.4392002110537201,0.48236569582302613,0.5043442958541199,0.4965303326128331,0.47352161265530485,0.3036685544589863,0.41670649785828107,0.462279629559107,0.48068120091545036,0.35659610900549843,0.4487140147528908,0.37269323766213686,0.2535608651578278
0.0,0.0,0.4423024875171485,0.0,0.0,0.48318691624266313,0.0,0.2879380630978716,0.438629240299467,0.0,0.33851154827585417,0.0,0.0,0.2502648413483581,0.0,0.0,0.0,0.0,0.3487885467898243,0.0,0.0,0.0,0.39681250322290434,0.0,0.0,0.0,0.45975011772908153,0.0,0.0,0.0,0.0,0.5012616485769172,0.0,0.0,0.0,0.21598995981974162,0.0,0.0,0.2675265356617052,0.31141099488354235,0.39864813882033073,0.43135731419847584,0.0,0.19883477501494246,0.2919933867088048,0.0,0.0,0.447573879266625,0.18297195319543919,0.25115497173744256,0.4678810742322908,0.3108774509789646,0.3297358428027141,0.43486842531573916,0.3741900719321863,0.3254974622598852,0.3408460897027674,0.3194842817092157,0.2208535465422069,0.5503930620757758,0.0,0.0,0.0,0.42802182116966014,0.5500304621164981,0.0,0.5572476713383965,0.4154527421055793,0.3862806448571617,0.345718508561586,0.5417521318076078,0.46686363087202337,0.25671384189111524,0.40533929307823874,0.3592232584207943,0.3637077654623644
