0.0,0.38906199290948573,0.0,0.0,0.0,0.4326307208008473,0.7543190259817159,0.48067290879940294,0.0,0.3954063861695071,0.0,0.37733113155233167,0.5026343092933772,0.4658507918867604,0.382883793753555,0.3715240133080901,0.3607162260355501,0.3735573342362897,0.0,0.4110222694709206,0.409303784190741,0.34201014524529216,0.44101880895690093,0.3671087557504655,0.3673708979231497,0.3516070833606819,0.4323542722764389,0.45461314843485645,0.4378958883038013,0.5933752786020401,0.36680584850993947,0.42379955119963914,0.3486705349514357,0.3674309731631592,0.40931047038102925,0.0,0.0,0.4277403497201116,0.4493980686593109,0.4180578075835059,0.4299943705513362,0.4474646218859265,0.0,0.0,0.0,0.4006157970802959,0.449067820744482,0.0,0.0,0.0,0.5257190292310243,0.0,0.3132072823290876,0.0,0.4591058147720233,0.0,0.4691589526734707,0.0,0.0,0.0,0.4542653895029838,0.6560089686882473,0.4253799989369103,0.0,0.3769971570663033,0.4251400737598371,0.43669967799789433,0.4108711491847396,0.0,0.43864294614760807,0.46882500279801886,0.4135484885660928,0.0,0.4273003552095126,0.0,0.4426213959059345
0.38906199290948573,0.0,0.0,0.0,0.44408183647233623,0.39569520050374074,0.44279760710917676,0.4450619152700895,0.4018367424249266,0.41427691819722445,0.0,0.6269340864723557,0.43507452986159884,0.0,0.4161221229845321,0.38111380099052816,0.3898249441936562,0.3838862293579335,0.0,0.40023077223085635,0.40406738880495185,0.37926409024330765,0.40730468088058586,0.38818875907551686,0.36008001270104945,0.3591973859304136,0.40519967919551036,0.4352792665380823,0.4156608032861003,0.0,0.3684444059272845,0.4240561462652776,0.36380177620823373,0.36053788816168497,0.3941154881042729,0.0,0.0,0.0,0.4675691485675024,0.43250433870551663,0.45423364666787386,0.47277140856657346,0.0,0.0,0.0,0.4406726339046456,0.44524693167553214,0.0,0.0,0.0,0.0,0.0,0.0,0.0,0.0,0.0,0.0,0.0,0.0,0.4974143004456141,0.4543817175923068,0.0,0.42182184863933136,0.0,0.47223884470668,0.4868878908983285,0.4855170631880771,0.49217408374211113,0.0,0.44378754711952173,0.4814520088047053,0.0,0.0,0.0,0.0,0.43372532303063166
0.0,0.0,0.0,0.0,0.3727244246676246,0.3472583653992315,0.4191178314447954,0.39157461818298056,0.28054249733219677,0.0,0.2923678591781266,0.0,0.415957852802023,0.3248659862278601,0.0,0.0,0.0,0.0,0.25473250141405823,0.0,0.48493789417427297,0.0,0.242318592089485,0.0,0.0,0.0,0.31364690617663127,0.4241865495237346,0.0,0.0,0.43018892212097887,0.42808570121330786,0.0,0.43589136790816235,0.0,0.3701598083430991,0.3862963130372838,0.0,0.0,0.0,0.0,0.0,0.4001822843027993,0.0,0.0,0.0,0.0,0.3474956657642272,0.0,0.5161556188575134,0.45625354214035674,0.5301827668684046,0.48347250074745585,0.451284257917525,0.0,0.24673511926543426,0.0,0.49586955750534556,0.0,0.0,0.0,0.0,0.0,0.28391243922444326,0.0,0.0,0.0,0.4922420665708713,0.0,0.0,0.0,0.4934829499144003,0.5803756171309555,0.0,0.0,0.0
0.0,0.0,0.0,0.0,0.2889537446696739,0.3950144280833959,0.33597462140900314,0.3175127192359802,0.3979308865526263,0.0,0.36221117256946395,0.34387881469201353,0.301482142213132,0.20081550242264856,0.5067637521570333,0.0,0.0,0.0,0.4353079382909851,0.5009833643050328,0.0,0.4956433468757326,0.40206471253742554,0.0,0.0,0.0,0.425620521244372,0.26711249980763896,0.0,0.0,0.28160485073817154,0.30384888131488325,0.332533214962042,0.25440826718427084,0.2730910315860323,0.18289515159355077,0.20595612023884352,0.22091463324774618,0.29971075206549075,0.0,0.0,0.0,0.0,0.0,0.0,0.0,0.0,0.0,0.0,0.0,0.0,0.0,0.0,0.0,0.0,0.0,0.0,0.0,0.0,0.0,0.0,0.0,0.0,0.0,0.0,0.0,0.0,0.0,0.0,0.0,0.0,0.0,0.0,0.0,0.0,0.0
0.0,0.44408183647233623,0.3727244246676246,0.2889537446696739,0.0,0.3659654501305636,0.3545760208789712,0.35519814970328906,0.340214303904352,0.4376284078762952,0.33383095424508036,0.4317898499899736,0.37384135872036417,0.2678308590125447,0.0,0.47815784455042304,0.0,0.0,0.3831313294241867,0.3978176181428602,0.0,0.45639509106260323,0.38653923117796263,0.4623393056139453,0.0,0.4688042064834367,0.38220666300150063,0.3737967696361561,0.43472076239642377,0.0,0.42041331963924783,0.3658331234221678,0.3762802886947908,0.39536662813864865,0.3316508196433905,0.2599395302352257,0.3305149722641538,0.39742454811422856,0.0,0.0,0.0,0.0,0.35725731207555816,0.0,0.0,0.0,0.0,0.48982055881407677,0.0,0.6134105249544147,0.5190442367985849,0.6784572016001418,0.4728050303874908,0.5483841755469572,0.0,0.423231198094989,0.0,0.0,0.41911019986960524,0.0,0.0,0.0,0.0,0.49842816610046825,0.0,0.0,0.0,0.48468774262430003,0.0,0.0,0.0,0.5248593997047535,0.0,0.0,0.0,0.0
0.4326307208008473,0.39569520050374074,0.3472583653992315,0.3950144280833959,0.3659654501305636,0.0,0.39136086912006274,0.36508346664761626,0.30130371616724616,0.4368404545208598,0.3485336147916959,0.0,0.35078278024231113,0.36484365302081107,0.4046419256680112,0.41886360898044833,0.0,0.41617401112292124,0.37174705127412605,0.39363284772303586,0.4012098386733904,0.41267222185563485,0.3701854901734469,0.0,0.38655748242115506,0.39882612508606446,0.3384008846645657,0.34032067586253345,0.32653388394793736,0.39928165631905943,0.40439704936990833,0.41923000866579213,0.40236886587688764,0.42032273098334755,0.4438995873674777,0.44988422295857644,0.42233418293300623,0.0,0.41307045398961895,0.0,0.4554354821599513,0.0,0.39687983352718614,0.0,0.0,0.0,0.0,0.49275337524904733,0.0,0.5546094770837092,0.45088418145709747,0.5141549767151484,0.4218773385242455,0.46197687866378523,0.0,0.0,0.0,0.4879299639532363,0.0,0.0,0.0,0.0,0.0,0.5440794393436453,0.0,0.0,0.0,0.4566671058068356,0.0,0.0,0.0,0.4461647123835322,0.46076492416378717,0.4388495535153252,0.0,0.4582023539065025
0.7543190259817159,0.44279760710917676,0.4191178314447954,0.33597462140900314,0.3545760208789712,0.39136086912006274,0.0,0.4208745428195933,0.3649344767230453,0.4109120009205132,0.42555730122391855,0.39385686321353375,0.3533370750256183,0.3352981986506449,0.42460380208377624,0.4689459481335988,0.0,0.45766355036214873,0.4368179061884865,0.4419956536684874,0.4946442374190758,0.47286522494725336,0.41709042849570016,0.4215116623430353,0.43261899261765424,0.43778248697697486,0.4120252122973259,0.3747545257757964,0.45405859784417796,0.39642169313116493,0.400645995351001,0.3656591123731071,0.37429775602178583,0.39385701093493497,0.43396486214282254,0.30909258672512213,0.3314196482495006,0.36010616984034305,0.0,0.0,0.0,0.0,0.486421741855246,0.0,0.0,0.0,0.0,0.5765588466559333,0.0,0.8248725497812732,0.5200918072196312,0.6832360844980794,0.5295153848534706,0.6180589426461514,0.0,0.5822742099343816,0.0,0.0,0.7040581389083999,0.0,0.0,0.0,0.0,0.6928458407379203,0.0,0.0,0.0,0.49590178872251817,0.0,0.0,0.0,0.4939878247272965,0.0,0.0,0.0,0.0
0.48067290879940294,0.4450619152700895,0.39157461818298056,0.3175127192359802,0.35519814970328906,0.36508346664761626,0.4208745428195933,0.0,0.4174019657088726,0.48735103670071445,0.32197884320880565,0.0,0.4284641211123786,0.30410442052319414,0.3405398942381965,0.45549541557906137,0.0,0.4570426613666434,0.3950381110762184,0.4047322186686575,0.36038838733483747,0.4405081333143802,0.34440481555576175,0.4784173092689648,0.4354616054026304,0.4454951681006947,0.402133953997858,0.4304764837540123,0.39687357970581766,0.4296894218824287,0.4237359131698244,0.4165660660132736,0.43228094941504647,0.4441791697901874,0.4526838019786148,0.23937044705763516,0.4421025013366766,0.0,0.35900524304973214,0.0,0.4307157809021658,0.0,0.0,0.0,0.0,0.0,0.0,0.48147818199927855,0.0,0.5435717466928122,0.4153064881302602,0.5035535498201135,0.2775517827196971,0.4799468510529458,0.0,0.4627626774902344,0.0,0.45629094788202385,0.4487850518459862,0.37082759814897986,0.0,0.0,0.0,0.49369301059350224,0.0,0.235441991735852,0.0,0.41583750266482633,0.0,0.0,0.0,0.4205788944791301,0.4359495264566773,0.4068631342092676,0.45575013776894946,0.4496157334321539
0.0,0.4018367424249266,0.28054249733219677,0.3979308865526263,0.340214303904352,0.30130371616724616,0.3649344767230453,0.4174019657088726,0.0,0.44217126871997503,0.324160697738327,0.4361637401905669,0.33390415193803946,0.38472490010650606,0.5894065917534449,0.4594200341712019,0.0,0.0,0.29367842612807704,0.3718879256632667,0.0,0.40990373382449186,0.36360160158584925,0.0,0.0,0.4451447824816177,0.3236322278181038,0.4064704845742707,0.38952757152372475,0.0,0.4062141249879927,0.41101003419294113,0.0,0.4256215352985117,0.42743095839559314,0.4195938858513053,0.40488823279785346,0.4169626533847662,0.0,0.0,0.0,0.0,0.0,0.0,0.0,0.0,0.0,0.5067964825414599,0.0,0.5800140815027233,0.4770968214405866,0.5738501986532389,0.45210688092222595,0.5285170660698456,0.0,0.46454777538827,0.0,0.5719384441944335,0.0,0.0,0.0,0.0,0.0,0.5535203492288423,0.0,0.0,0.0,0.4940513886340755,0.0,0.0,0.0,0.4956207687983815,0.5505999602090941,0.0,0.0,0.0
0.3954063861695071,0.41427691819722445,0.0,0.0,0.4376284078762952,0.4368404545208598,0.4109120009205132,0.48735103670071445,0.44217126871997503,0.0,0.4431751900949072,0.32550008039475614,0.4117833021066141,0.40933582414699166,0.0,0.38526778678507595,0.3265416386275559,0.3517080626842355,0.47607982019545925,0.0,0.0,0.41470967485429255,0.4563751346169241,0.3261302135950378,0.33474572972016137,0.350234109982792,0.45699918208905393,0.38405111859663166,0.0,0.0,0.3282416727551849,0.36122449948111635,0.3111550015418053,0.3394470186460357,0.2764972840514682,0.3321655762042684,0.27784919739990394,0.29531704151322774,0.3581634310714077,0.3351689710196127,0.3483296584306594,0.0,0.0,0.0,0.33911469853152404,0.0,0.0,0.0,0.0,0.0,0.0,0.39236285568270957,0.0,0.0,0.418602810864144,0.0,0.42718977669096786,0.4210642388087834,0.0,0.0,0.0,0.41311427504720655,0.4122023039858911,0.0,0.0,0.0,0.0,0.0,0.41240336164960595,0.43144328066881465,0.4415822305259437,0.0,0.37702142420894214,0.0,0.0,0.37205984891767585
0.0,0.0,0.2923678591781266,0.36221117256946395,0.33383095424508036,0.3485336147916959,0.42555730122391855,0.32197884320880565,0.324160697738327,0.4431751900949072,0.0,0.4499363738578997,0.4231422743614673,0.27237969144043245,0.0,0.0,0.0,0.0,0.2628390179859697,0.0,0.440572961918981,0.0,0.275111632075299,0.4911021192610153,0.0,0.0,0.3519996087739904,0.41098313500799466,0.0,0.0,0.43492895250588975,0.41447826570123786,0.45782224885045386,0.4312797402760876,0.39284827877627343,0.28871612126959606,0.4030338460194085,0.4339537537315962,0.0,0.0,0.0,0.0,0.3561906727154336,0.0,0.0,0.0,0.0,0.3019531486364023,0.0,0.4283791481660551,0.46502260388182454,0.49477081553534363,0.445259094360809,0.42909738134349223,0.0,0.27985341624632487,0.0,0.49469014836583736,0.37818925264136244,0.0,0.0,0.0,0.0,0.2442716529950276,0.0,0.0,0.0,0.4764934802113145,0.0,0.0,0.0,0.47829934484922776,0.49370016563857066,0.0,0.0,0.0
0.37733113155233167,0.6269340864723557,0.0,0.34387881469201353,0.4317898499899736,0.0,0.39385686321353375,0.0,0.4361637401905669,0.32550008039475614,0.4499363738578997,0.0,0.3971886728434361,0.0,0.0,0.5218428596416069,0.3732103376214303,0.38144032851833004,0.5176998621769006,0.0,0.0,0.0,0.0,0.3082640449036381,0.36383783181421386,0.33250239583423247,0.0,0.37719390671654063,0.0,0.0,0.3673141907100587,0.26062321495583596,0.28810624865639334,0.30428304870206707,0.2520650482896353,0.30419194488056933,0.30117637983012663,0.24553608196434407,0.33656076124337664,0.3449930098969459,0.34638961508223715,0.3081026711698539,0.0,0.0,0.326273506169268,0.0,0.0,0.0,0.0,0.0,0.0,0.5153721585783478,0.0,0.0,0.4350543646596194,0.0,0.4302563652079189,0.44794496860640154,0.0,0.0,0.0,0.4381215832141084,0.4322082568901654,0.0,0.0,0.0,0.0,0.0,0.40512048298475967,0.4428173974597855,0.4495604703114381,0.0,0.41023308801950403,0.0,0.0,0.40811840543963734
0.5026343092933772,0.43507452986159884,0.415957852802023,0.301482142213132,0.37384135872036417,0.35078278024231113,0.3533370750256183,0.4284641211123786,0.33390415193803946,0.4117833021066141,0.4231422743614673,0.3971886728434361,0.0,0.36608948732476126,0.38539361714958353,0.46649055637711667,0.4282845884662921,0.440126745040472,0.4240578774660269,0.43358472664160647,0.437407900897598,0.4647283345593606,0.41215078759960283,0.4208930414226744,0.41909999284716015,0.4308622849236975,0.40454686426092,0.32652072038620145,0.4197303831508552,0.3663610100083479,0.38979403498081483,0.3808225477480518,0.3760170277835969,0.3998070598125147,0.38493681326709317,0.3231379321637733,0.3234128233487708,0.3695957096445376,0.3856901571144799,0.0,0.4193632213653341,0.0,0.4724202886305973,0.0,0.0,0.0,0.0,0.5720684311002427,0.0,1.1092515103758391,0.5008000907146182,0.6132140002852631,0.4782642649808734,0.6066722346096691,0.5039988582723092,0.5323821314766437,0.0,0.5871770526435756,0.0,0.0,0.0,0.0,0.0,0.6782363014058039,0.0,0.0,0.0,0.48612407337598795,0.0,0.0,0.0,0.4801888248295214,0.0,0.49667619441105987,0.0,0.5849118483077835
0.4658507918867604,0.0,0.3248659862278601,0.20081550242264856,0.2678308590125447,0.36484365302081107,0.3352981986506449,0.30410442052319414,0.38472490010650606,0.40933582414699166,0.27237969144043245,0.0,0.36608948732476126,0.0,0.0,0.0,0.0,0.0,0.33657530147461306,0.0,0.41633663964011863,0.0,0.3681184825055036,0.0,0.0,0.0,0.3969429959686699,0.2762973534402993,0.0,0.0,0.35264945291186794,0.18857754356875792,0.0,0.31127263160455665,0.0,0.15983194811878776,0.1553078910328308,0.0,0.0,0.0,0.0,0.0,0.319649176813835,0.0,0.0,0.0,0.0,0.4856136011527127,0.0,0.4189242211615918,0.0,0.474342554895705,0.4483124397000267,0.46957864792060244,0.0,0.4307323950922562,0.0,0.0,0.37316696997599363,0.0,0.0,0.0,0.0,0.4699034002281001,0.0,0.0,0.0,0.49563525816422677,0.0,0.0,0.0,0.519067041070021,0.0,0.0,0.0,0.0
0.382883793753555,0.4161221229845321,0.0,0.5067637521570333,0.0,0.4046419256680112,0.42460380208377624,0.3405398942381965,0.5894065917534449,0.0,0.0,0.0,0.38539361714958353,0.0,0.0,0.3961089215999976,0.0,0.3842882735190584,0.0,0.3263626460148751,0.3602332074366822,0.35188617517922066,0.32563835811181335,0.4451611144749498,0.4005925897133548,0.3854295937698977,0.3588594887495905,0.40781709106667696,0.39585395850751576,0.0,0.4411038588547224,0.46005423184265093,0.3958578153728339,0.4644586385633187,0.5160716315339728,0.5227258829602534,0.5044311492909039,0.0,0.47100232218639254,0.4698625271655477,0.48703259523581444,0.5096292321331968,0.5432391487855572,0.0,0.0,0.0,0.49894604450043045,0.0,0.0,0.0,0.45813633914273283,0.0,0.33298420924179306,0.0,0.0,0.0,0.0,0.0,0.0,0.47019961325972376,0.0,0.0,0.0,0.0,0.4472658156120074,0.4605847227421317,0.4938694951776128,0.4259946775907436,0.0,0.0,0.5232586616646435,0.4374207582175018,0.0,0.42120636320706867,0.0,0.4710605193351991
0.3715240133080901,0.38111380099052816,0.0,0.0,0.47815784455042304,0.41886360898044833,0.4689459481335988,0.45549541557906137,0.4594200341712019,0.38526778678507595,0.0,0.5218428596416069,0.46649055637711667,0.0,0.3961089215999976,0.0,0.3695106299980696,0.333281459706483,0.0,0.36116989910401737,0.35672256983929107,0.3224038927436669,0.39077822892147707,0.381569873815745,0.35181017656656494,0.3793091156646347,0.41256323862809274,0.43823272870730673,0.4014337725539031,0.41794490998113476,0.360346979240515,0.44348578562880714,0.35877486338362996,0.38495969695912946,0.4095432072486361,0.0,0.0,0.0,0.43665802104190155,0.41576683961684996,0.43261965712130157,0.4549103215696954,0.0,0.0,0.0,0.4157387296866497,0.43757088806385425,0.0,0.0,0.0,0.0,0.0,0.0,0.0,0.5348041538914482,0.0,0.0,0.0,0.0,0.4878752351060699,0.4381172811541201,0.6548614540788427,0.41107686898551066,0.0,0.0,0.46770599596770235,0.4448784984887096,0.0,0.0,0.43244374745751424,0.4575670340169429,0.0,0.0,0.0,0.0,0.4258063987311347
0.3607162260355501,0.3898249441936562,0.0,0.0,0.0,0.0,0.0,0.0,0.0,0.3265416386275559,0.0,0.3732103376214303,0.4282845884662921,0.0,0.0,0.3695106299980696,0.0,0.3044239720279767,0.0,0.0,0.0,0.38992645474942783,0.0,0.36044589126302795,0.32608185958423924,0.3634124223097399,0.0,0.36000793007158927,0.0,0.0,0.321357612986515,0.4195854271760427,0.3373178929114131,0.3730941713701855,0.3866124666480876,0.0,0.0,0.34341750848440833,0.37773924015970284,0.3841248377946889,0.40435652855669413,0.0,0.0,0.0,0.0,0.0,0.0,0.0,0.0,0.0,0.0,0.0,0.0,0.0,0.42403421680018955,0.0,0.4368635462712885,0.0,0.0,0.0,0.0,0.4201369680122441,0.4148620615214548,0.0,0.0,0.0,0.0,0.0,0.4303497759633461,0.41122805396172146,0.43437401168658707,0.0,0.0,0.0,0.0,0.4420584307278893
0.3735573342362897,0.3838862293579335,0.0,0.0,0.0,0.41617401112292124,0.45766355036214873,0.4570426613666434,0.0,0.3517080626842355,0.0,0.38144032851833004,0.440126745040472,0.0,0.3842882735190584,0.333281459706483,0.3044239720279767,0.0,0.0,0.39705496765517634,0.37541858008222917,0.38945037519443626,0.4101881221239425,0.3465619933889014,0.33913060559287844,0.3588913139712079,0.4083564884312187,0.4135564858602693,0.40781693236415395,0.0,0.3646216199087756,0.43037376106693986,0.34947251094289006,0.3908569552486466,0.4014070501975175,0.0,0.0,0.40729217847354343,0.394544923330325,0.3835049924841622,0.3783075885655004,0.4136706760071461,0.0,0.0,0.0,0.41928896388961845,0.4338901419879085,0.0,0.0,0.0,0.0,0.0,0.0,0.0,0.3996731119689312,0.0,0.42924516551824154,0.0,0.0,0.0,0.4237359256501278,0.4010408469689728,0.4055369075835037,0.0,0.0,0.0,0.4316948011440485,0.0,0.4242282980278252,0.42050317106810375,0.4264194822972362,0.0,0.0,0.0,0.0,0.39806246735444245
0.0,0.0,0.25473250141405823,0.4353079382909851,0.3831313294241867,0.37174705127412605,0.4368179061884865,0.3950381110762184,0.29367842612807704,0.47607982019545925,0.2628390179859697,0.5176998621769006,0.4240578774660269,0.33657530147461306,0.0,0.0,0.0,0.0,0.0,0.0,0.0,0.0,0.26506686366503346,0.0,0.0,0.0,0.3425379083349886,0.4102975052124387,0.0,0.0,0.437900192258334,0.4136873123838252,0.0,0.4438802828429633,0.4416522281524476,0.3754858859884582,0.4297247372839716,0.47534301304292564,0.0,0.0,0.0,0.0,0.39153533227451376,0.0,0.0,0.0,0.0,0.4471144479810417,0.0,0.5478774408995398,0.4948615335728693,0.5712469188255834,0.4494140562742145,0.46331650811565667,0.0,0.3939747048857308,0.0,0.5521669022664057,0.4325102075738888,0.0,0.0,0.0,0.0,0.447674561427471,0.0,0.0,0.0,0.46915099521805914,0.0,0.0,0.0,0.5055978703944966,0.0,0.0,0.0,0.0
0.4110222694709206,0.40023077223085635,0.0,0.5009833643050328,0.3978176181428602,0.39363284772303586,0.4419956536684874,0.4047322186686575,0.3718879256632667,0.0,0.0,0.0,0.43358472664160647,0.0,0.3263626460148751,0.36116989910401737,0.0,0.39705496765517634,0.0,0.0,0.39644727831407267,0.3517368609131829,0.3123512260156361,0.0,0.38676557171764614,0.4065030847179417,0.3204013277394056,0.3886318277627716,0.31187032007384496,0.370157361944085,0.37403878964899373,0.48723651848959426,0.40255175928317855,0.45093136629858444,0.5039344540032202,0.5429475400369975,0.5124280507924844,0.0,0.44771783354308947,0.4851278589503587,0.48141074382598337,0.47769072941785157,0.0,0.0,0.0,0.0,0.0,0.0,0.0,0.0,0.0,0.0,0.4124210456370061,0.0,0.0,0.0,0.0,0.0,0.0,0.4684799966659719,0.0,0.0,0.0,0.0,0.4277161878515639,0.4565228181001376,0.47695066241743217,0.4445642460474866,0.0,0.0,0.5034793698370046,0.42717665083092293,0.0,0.44845249246404817,0.0,0.5051948461021869
0.409303784190741,0.40406738880495185,0.48493789417427297,0.0,0.0,0.4012098386733904,0.4946442374190758,0.36038838733483747,0.0,0.0,0.440572961918981,0.0,0.437407900897598,0.41633663964011863,0.3602332074366822,0.35672256983929107,0.0,0.37541858008222917,0.0,0.39644727831407267,0.0,0.4291013110556593,0.35249277022190495,0.4387263149966369,0.3891802989899119,0.3766785582496322,0.39098614422856276,0.43444358070470174,0.41355104379404495,0.43460012680146887,0.3930608566558118,0.44754110906421557,0.3800632690265875,0.4053918637105847,0.47103445300112357,0.5254332997543947,0.0,0.0,0.4622440007174625,0.46256756867576587,0.47942561024510943,0.5242780348246517,0.0,0.0,0.0,0.48802760272899703,0.48457994246266406,0.0,0.0,0.0,0.45887603089052864,0.0,0.2359236148318246,0.0,0.0,0.0,0.0,0.5513768726899744,0.0,0.46061781362081483,0.4716782498426769,0.0,0.0,0.0,0.4373411542775747,0.3876400842594649,0.4842410062847247,0.40565260892842026,0.0,0.46870154883742965,0.5291544664642465,0.41012391642903046,0.44293422911785013,0.36558649998752724,0.0,0.4754176540268199
0.34201014524529216,0.37926409024330765,0.0,0.4956433468757326,0.45639509106260323,0.41267222185563485,0.47286522494725336,0.4405081333143802,0.40990373382449186,0.41470967485429255,0.0,0.0,0.4647283345593606,0.0,0.35188617517922066,0.3224038927436669,0.38992645474942783,0.38945037519443626,0.0,0.3517368609131829,0.4291013110556593,0.0,0.3647167771214478,0.4400500570726706,0.37757485759016896,0.38347557993954395,0.41289262722492165,0.4281628856195998,0.3856631048062788,0.40169015682466624,0.37586822683930093,0.4904007960910149,0.41770356201912057,0.4404451543731888,0.5061147967955274,0.5582405217379963,0.5320908821637413,0.7432883708533476,0.48335381785619097,0.46376007056325086,0.48246242472974926,0.4924523950475663,0.6105296505913933,0.0,0.0,0.4329337944154507,0.4590150014926358,0.0,0.0,0.0,0.49402737398065155,0.0,0.399114869843899,0.0,0.0,0.0,0.0,0.0,0.0,0.4968623403470196,0.44539904865785396,0.0,0.4580768818396025,0.0,0.48043639487845696,0.49637620487322665,0.4945292248014799,0.46566554895029044,0.0,0.43612473988051975,0.5035246496488651,0.47449058048048615,0.0,0.4621115336960382,0.0,0.4707853791521563
0.44101880895690093,0.40730468088058586,0.242318592089485,0.40206471253742554,0.38653923117796263,0.3701854901734469,0.41709042849570016,0.34440481555576175,0.36360160158584925,0.4563751346169241,0.275111632075299,0.0,0.41215078759960283,0.3681184825055036,0.32563835811181335,0.39077822892147707,0.0,0.4101881221239425,0.26506686366503346,0.3123512260156361,0.35249277022190495,0.3647167771214478,0.0,0.46462459574979587,0.40874051111798065,0.42493912415951407,0.313370140036912,0.4236125929975176,0.3905611576086069,0.41372085499164485,0.4199142826058076,0.4145684852948137,0.35040455191470254,0.4371255347769201,0.4587273166858367,0.43496455750851426,0.4272572174995196,0.4919569840756778,0.4475956882451092,0.42152068580244306,0.43724880672850086,0.4417674166500882,0.41099222405015323,0.0,0.0,0.0,0.0,0.36122556100037373,0.0,0.5297107741934868,0.43986571590734824,0.5059325781754362,0.43671571915061563,0.5071585633498398,0.0,0.48985842991728534,0.0,0.4843113594988564,0.0,0.4427888598483907,0.0,0.0,0.0,0.4856938301280358,0.43744427164512495,0.4253977251865697,0.46574711139860536,0.3710846663912506,0.0,0.0,0.48017200172444335,0.44931399417875983,0.4494790491916112,0.4358134731535705,0.45083588613392617,0.4580488594794117
0.3671087557504655,0.38818875907551686,0.0,0.0,0.4623393056139453,0.0,0.4215116623430353,0.4784173092689648,0.0,0.3261302135950378,0.4911021192610153,0.3082640449036381,0.4208930414226744,0.0,0.4451611144749498,0.381569873815745,0.36044589126302795,0.3465619933889014,0.0,0.0,0.4387263149966369,0.4400500570726706,0.46462459574979587,0.0,0.3296406064409322,0.34611489698520087,0.0,0.40672271926062925,0.0,0.0,0.36301528018520957,0.3895623900862864,0.27843121972988033,0.33702819962392266,0.325647117837739,0.0,0.0,0.27811538313868556,0.4157463720310925,0.3316772721935744,0.36401687318790427,0.3505612018304106,0.0,0.0,0.28164620824603354,0.4188888674991181,0.41214409099101046,0.0,0.0,0.0,0.0,0.0,0.0,0.0,0.42578977000369295,0.0,0.4217507060907607,0.0,0.0,0.0,0.4344486978631827,0.43812360893581703,0.44564433542183407,0.0,0.0,0.0,0.0,0.0,0.3945525169939581,0.44939819423554395,0.45159865022897133,0.0,0.32037853056214605,0.0,0.0,0.40884915640426506
0.3673708979231497,0.36008001270104945,0.0,0.0,0.0,0.38655748242115506,0.43261899261765424,0.4354616054026304,0.0,0.33474572972016137,0.0,0.36383783181421386,0.41909999284716015,0.0,0.4005925897133548,0.35181017656656494,0.32608185958423924,0.33913060559287844,0.0,0.38676557171764614,0.3891802989899119,0.37757485759016896,0.40874051111798065,0.3296406064409322,0.0,0.345288724037765,0.3915168019964499,0.40558218923817313,0.4016076760481093,0.5076872431908139,0.3628038905154366,0.41623786056950285,0.32823300185648546,0.3631352071732306,0.38101164001742194,0.0,0.0,0.336128053977052,0.4245045044767834,0.40004278654489556,0.3969855770068941,0.42179956281955033,0.0,0.0,0.0,0.43190131913952007,0.4460038855960805,0.0,0.0,0.0,0.0,0.0,0.0,0.0,0.4095334149908836,0.0,0.4274045196033621,0.0,0.0,0.0,0.4303515178259594,0.405003216097891,0.41144088399979495,0.0,0.45707075769403227,0.44665739453227427,0.4185713658891267,0.0,0.4201550749361775,0.4255393331485438,0.43235650646361495,0.0,0.4939725329954573,0.0,0.0,0.4085308671597526
0.3516070833606819,0.3591973859304136,0.0,0.0,0.4688042064834367,0.39882612508606446,0.43778248697697486,0.4454951681006947,0.4451447824816177,0.350234109982792,0.0,0.33250239583423247,0.4308622849236975,0.0,0.3854295937698977,0.3793091156646347,0.3634124223097399,0.3588913139712079,0.0,0.4065030847179417,0.3766785582496322,0.38347557993954395,0.42493912415951407,0.34611489698520087,0.345288724037765,0.0,0.4348762454670003,0.41471529783079525,0.4009505176099341,0.4908004640965078,0.3693050749203115,0.4323436098702774,0.354295533067373,0.37893919985058505,0.4252561788973468,0.5061855680708695,0.0,0.33734570797154084,0.44901933388397947,0.42237838152808577,0.4324867047429804,0.4301626963272481,0.0,0.0,0.0,0.44652026846488047,0.45139582221545715,0.0,0.0,0.0,0.0,0.0,0.0,0.0,0.44141601378804396,0.0,0.4486113234926068,0.5435382292207298,0.0,0.5233001678824023,0.451951923008806,0.425460772888529,0.4306314359104811,0.0,0.4747488767302935,0.5095508231828856,0.4970710019611464,0.4864596044844268,0.4455559844872804,0.4376693850642191,0.45593091381756184,0.0,0.4698185743262552,0.4935894205744471,0.0,0.4286748194686014
0.4323542722764389,0.40519967919551036,0.31364690617663127,0.425620521244372,0.38220666300150063,0.3384008846645657,0.4120252122973259,0.402133953997858,0.3236322278181038,0.45699918208905393,0.3519996087739904,0.0,0.40454686426092,0.3969429959686699,0.3588594887495905,0.41256323862809274,0.0,0.4083564884312187,0.3425379083349886,0.3204013277394056,0.39098614422856276,0.41289262722492165,0.313370140036912,0.0,0.3915168019964499,0.4348762454670003,0.0,0.41848106285094533,0.34801602124589204,0.4014425513672783,0.412205297752804,0.43591074210132236,0.39341113427728575,0.4423511324518327,0.470027211799495,0.4889675975426859,0.4439072627421038,0.0,0.4532186536709004,0.0,0.47075330967352264,0.4724254079706756,0.419011873332538,0.0,0.0,0.0,0.0,0.5327475201190245,0.0,0.5655412522942105,0.4692019807220522,0.5180125172128709,0.452323494956841,0.5093446707900904,0.0,0.47826317416301856,0.0,0.4926045142746246,0.0,0.4548421480095762,0.0,0.0,0.0,0.5253022022822834,0.0,0.4413947009829321,0.4855647576986456,0.46789408775117314,0.0,0.0,0.4960740373384603,0.45662478560944164,0.4655350934916535,0.4586494813744813,0.0,0.47026476706583414
0.45461314843485645,0.4352792665380823,0.4241865495237346,0.26711249980763896,0.3737967696361561,0.34032067586253345,0.3747545257757964,0.4304764837540123,0.4064704845742707,0.38405111859663166,0.41098313500799466,0.37719390671654063,0.32652072038620145,0.2762973534402993,0.40781709106667696,0.43823272870730673,0.36000793007158927,0.4135564858602693,0.4102975052124387,0.3886318277627716,0.43444358070470174,0.4281628856195998,0.4236125929975176,0.40672271926062925,0.40558218923817313,0.41471529783079525,0.41848106285094533,0.0,0.32886313430066605,0.31739652014237824,0.3686733557626138,0.3801870204778648,0.34448230416902004,0.3692191092542003,0.3407558279639921,0.2546527478819137,0.27219341282402365,0.34411132221959256,0.39798856507959124,0.0,0.49114103144341636,0.42837371364492405,0.444604124633767,0.5138190609865971,0.0,0.0,0.0,0.6129252510382683,0.0,0.0,0.47422676948987924,0.626136873173555,0.4641836155968553,0.6599125612688694,0.446519146800326,0.710060297331948,0.0,0.5449371256106762,0.0,0.0,0.0,0.0,0.0,0.0,0.0,0.0,0.0,0.47542757598434254,0.0,0.0,0.505276848058289,0.45951324774191654,0.49268722783275504,0.4713113677836014,0.0,0.5098435941408449
0.4378958883038013,0.4156608032861003,0.0,0.0,0.43472076239642377,0.32653388394793736,0.45405859784417796,0.39687357970581766,0.38952757152372475,0.0,0.0,0.0,0.4197303831508552,0.0,0.39585395850751576,0.4014337725539031,0.0,0.40781693236415395,0.0,0.31187032007384496,0.41355104379404495,0.3856631048062788,0.3905611576086069,0.0,0.4016076760481093,0.4009505176099341,0.34801602124589204,0.32886313430066605,0.0,0.36095357089383845,0.3609268337795856,0.4468542302733823,0.0,0.4108415308038031,0.46052650545744345,0.49720436438209176,0.45428733530690957,0.0,0.4586100035076931,0.0,0.4897012692833457,0.0,0.0,0.0,0.0,0.0,0.0,0.5877192161130886,0.0,0.0,0.45801727140714116,0.0,0.43875116749752646,0.0,0.0,0.0,0.0,0.0,0.0,0.4176667507664503,0.0,0.0,0.0,0.0,0.0,0.41316500553071267,0.0,0.44637384156381105,0.0,0.0,0.0,0.4439465197776499,0.4703393627899233,0.4574654185926761,0.503859762612015,0.47923656125787145
0.5933752786020401,0.0,0.0,0.0,0.0,0.39928165631905943,0.39642169313116493,0.4296894218824287,0.0,0.0,0.0,0.0,0.3663610100083479,0.0,0.0,0.41794490998113476,0.0,0.0,0.0,0.370157361944085,0.43460012680146887,0.40169015682466624,0.41372085499164485,0.0,0.5076872431908139,0.4908004640965078,0.4014425513672783,0.31739652014237824,0.36095357089383845,0.0,0.3333561695550352,0.41645508638832796,0.0,0.3523964555177019,0.42127677482790904,0.5146609795904755,0.40149009013118603,0.43711687566291535,0.0,0.0,0.0,0.0,0.49229027461771413,0.0,0.0,0.0,0.0,0.0,0.0,0.0,0.497119040289495,0.0,0.0,0.0,0.0,0.0,0.0,0.0,0.0,0.0,0.0,0.0,0.0,0.0,0.0,0.0,0.0,0.47549646442674637,0.0,0.0,0.0,0.46039137302946737,0.5728614024454879,0.5072130722176424,0.0,0.0
0.36680584850993947,0.3684444059272845,0.43018892212097887,0.28160485073817154,0.42041331963924783,0.40439704936990833,0.400645995351001,0.4237359131698244,0.4062141249879927,0.3282416727551849,0.43492895250588975,0.3673141907100587,0.38979403498081483,0.35264945291186794,0.4411038588547224,0.360346979240515,0.321357612986515,0.3646216199087756,0.437900192258334,0.37403878964899373,0.3930608566558118,0.37586822683930093,0.4199142826058076,0.36301528018520957,0.3628038905154366,0.3693050749203115,0.412205297752804,0.3686733557626138,0.3609268337795856,0.3333561695550352,0.0,0.42889465493384327,0.3426087729682874,0.33339473192436225,0.35117681896089575,0.43386486464927954,0.3643560953397444,0.31612629345158105,0.44853160234802636,0.3882458511570665,0.42829475959726954,0.42522010490157913,0.0,0.0,0.0,0.42696378708585064,0.4285325839563754,0.0,0.0,0.0,0.4734224991479051,0.0,0.41818632212731066,0.0,0.4155025147355711,0.0,0.41255547157564465,0.5811223935932541,0.0,0.44620554930850753,0.43338637023390925,0.4325154164110345,0.42741237193591025,0.0,0.0,0.44191608240044394,0.46346083185355685,0.4566350759074889,0.396698839749836,0.4255207349642657,0.43123624644202685,0.4547025074738133,0.504412215532966,0.471515601449544,0.0,0.45091739560771665
0.42379955119963914,0.4240561462652776,0.42808570121330786,0.30384888131488325,0.3658331234221678,0.41923000866579213,0.3656591123731071,0.4165660660132736,0.41101003419294113,0.36122449948111635,0.41447826570123786,0.26062321495583596,0.3808225477480518,0.18857754356875792,0.46005423184265093,0.44348578562880714,0.4195854271760427,0.43037376106693986,0.4136873123838252,0.48723651848959426,0.44754110906421557,0.4904007960910149,0.4145684852948137,0.3895623900862864,0.41623786056950285,0.4323436098702774,0.43591074210132236,0.3801870204778648,0.4468542302733823,0.41645508638832796,0.42889465493384327,0.0,0.3477129983504175,0.3312238094914949,0.3533485893645246,0.25885002987946015,0.32122407083834115,0.24848886729960917,0.328533057883765,0.34794426634565573,0.4014778895832174,0.3366306936407111,0.30991505181847684,0.3219273386973331,0.2684640840157928,0.4583189337028458,0.467357694629311,0.517004348737583,0.0,0.6178663164243676,0.4407002211527919,0.5518219314091896,0.423108187782433,0.5543674880900913,0.3474299618907971,0.45590565687450246,0.2973080818694511,0.43592075343800046,0.0,0.485658377248783,0.45981486877463834,0.4618613877435426,0.4389839940494171,0.0,0.46530250789114963,0.4829569242380023,0.49517944107523576,0.44872832866022,0.0,0.4512100891528906,0.4828936574454109,0.43189588202478374,0.40322178295844874,0.4433901601427734,0.46745198603873295,0.41892364206340416
0.3486705349514357,0.36380177620823373,0.0,0.332533214962042,0.3762802886947908,0.40236886587688764,0.37429775602178583,0.43228094941504647,0.0,0.3111550015418053,0.45782224885045386,0.28810624865639334,0.3760170277835969,0.0,0.3958578153728339,0.35877486338362996,0.3373178929114131,0.34947251094289006,0.0,0.40255175928317855,0.3800632690265875,0.41770356201912057,0.35040455191470254,0.27843121972988033,0.32823300185648546,0.354295533067373,0.39341113427728575,0.34448230416902004,0.0,0.0,0.3426087729682874,0.3477129983504175,0.0,0.22717417843773496,0.2963806460720642,0.3288327040905282,0.2713394096769831,0.18877104911287484,0.35734305261767507,0.31225357678255034,0.3350631240042084,0.33553526582098686,0.317910336224682,0.3360866421253216,0.21441024536966352,0.4054629953844015,0.4351312114984201,0.0,0.0,0.0,0.41880561278395534,0.5774782475586507,0.0,0.0,0.36601332374553686,0.0,0.3596122819654718,0.44580977729496074,0.0,0.48543426986527843,0.4341872067325011,0.4024572329177159,0.4076293717338802,0.0,0.4623344890332909,0.46868348419786743,0.4784031657268194,0.432536795224266,0.34069343965289406,0.4197262588494859,0.4437862785774353,0.41207469296793287,0.33938509704890996,0.45977894930423896,0.0,0.39098611805672634
0.3674309731631592,0.36053788816168497,0.43589136790816235,0.25440826718427084,0.39536662813864865,0.42032273098334755,0.39385701093493497,0.4441791697901874,0.4256215352985117,0.3394470186460357,0.4312797402760876,0.30428304870206707,0.3998070598125147,0.31127263160455665,0.4644586385633187,0.38495969695912946,0.3730941713701855,0.3908569552486466,0.4438802828429633,0.45093136629858444,0.4053918637105847,0.4404451543731888,0.4371255347769201,0.33702819962392266,0.3631352071732306,0.37893919985058505,0.4423511324518327,0.3692191092542003,0.4108415308038031,0.3523964555177019,0.33339473192436225,0.3312238094914949,0.22717417843773496,0.0,0.2547804018898243,0.31295844922324745,0.24967745080524179,0.22098866347540766,0.3627628035529827,0.31410069155613557,0.2629105178561324,0.27316504178323664,0.35011632030357603,0.3177769138537567,0.2188737539058426,0.41879601186816223,0.43359179338211334,0.7679438521435931,0.0,0.5855116409692903,0.4795222392475935,0.5037628124193395,0.4459648985680258,0.0,0.34995737933702414,0.0,0.34962183873849517,0.0,0.0,0.4912210667693148,0.43479402129261685,0.4261882068904045,0.42451956194671403,0.0,0.46728216962599106,0.4763371682434018,0.47909351899994335,0.4637671633445384,0.38273114333045033,0.43140692081403736,0.4566416172161245,0.44836510645240024,0.39212023172225724,0.47720663018713483,0.5276887208534354,0.4330877980738893
0.40931047038102925,0.3941154881042729,0.0,0.2730910315860323,0.3316508196433905,0.4438995873674777,0.43396486214282254,0.4526838019786148,0.42743095839559314,0.2764972840514682,0.39284827877627343,0.2520650482896353,0.38493681326709317,0.0,0.5160716315339728,0.4095432072486361,0.3866124666480876,0.4014070501975175,0.4416522281524476,0.5039344540032202,0.47103445300112357,0.5061147967955274,0.4587273166858367,0.325647117837739,0.38101164001742194,0.4252561788973468,0.470027211799495,0.3407558279639921,0.46052650545744345,0.42127677482790904,0.35117681896089575,0.3533485893645246,0.2963806460720642,0.2547804018898243,0.0,0.33652964421784454,0.27886131428718813,0.21057984014313072,0.32800897473511986,0.33602818494543557,0.35202669466280057,0.35708418758500754,0.35853958133506847,0.36552088418529016,0.26313207835772656,0.3876605630007337,0.4593084049345944,0.0,0.0,0.0,0.0,0.0,0.0,0.0,0.38787196312628064,0.0,0.0,0.0,0.0,0.5332476079167496,0.4648441015164639,0.4835709326023302,0.4365333635630289,0.0,0.49998115832084494,0.5443473222751127,0.5227605870112059,0.46472070538844396,0.0,0.44890000694287546,0.4773399649430426,0.44279707332495316,0.401165101804917,0.0,0.0,0.4882641135837761
0.0,0.0,0.3701598083430991,0.18289515159355077,0.2599395302352257,0.44988422295857644,0.30909258672512213,0.23937044705763516,0.4195938858513053,0.3321655762042684,0.28871612126959606,0.30419194488056933,0.3231379321637733,0.15983194811878776,0.5227258829602534,0.0,0.0,0.0,0.3754858859884582,0.5429475400369975,0.5254332997543947,0.5582405217379963,0.43496455750851426,0.0,0.0,0.5061855680708695,0.4889675975426859,0.2546527478819137,0.49720436438209176,0.5146609795904755,0.43386486464927954,0.25885002987946015,0.3288327040905282,0.31295844922324745,0.33652964421784454,0.0,0.19133120615530627,0.27653588916402827,0.2933856451454798,0.23977763982214229,0.3011114175958489,0.3043992935057823,0.27628636016829494,0.30305092599209693,0.0,0.0,0.0,0.4401241804568297,0.0,0.425118897326595,0.0,0.4426415292147619,0.0,0.4599652968363557,0.0,0.3832781140718391,0.0,0.0,0.30885152352588674,0.63586441364703,0.0,0.0,0.0,0.4216666880838126,0.0,0.0,0.6046172251949044,0.47777207965384194,0.0,0.0,0.0,0.4987056918544873,0.3921013205253461,0.0,0.0,0.4394859323987791
0.0,0.0,0.3862963130372838,0.20595612023884352,0.3305149722641538,0.42233418293300623,0.3314196482495006,0.4421025013366766,0.40488823279785346,0.27784919739990394,0.4030338460194085,0.30117637983012663,0.3234128233487708,0.1553078910328308,0.5044311492909039,0.0,0.0,0.0,0.4297247372839716,0.5124280507924844,0.0,0.5320908821637413,0.4272572174995196,0.0,0.0,0.0,0.4439072627421038,0.27219341282402365,0.45428733530690957,0.40149009013118603,0.3643560953397444,0.32122407083834115,0.2713394096769831,0.24967745080524179,0.27886131428718813,0.19133120615530627,0.0,0.2773301683232158,0.2712431251460835,0.22211812927521044,0.2921537636661216,0.3175322404229827,0.30461382437143336,0.2795241087342535,0.0,0.0,0.0,0.0,0.0,0.0,0.0,0.0,0.0,0.0,0.0,0.0,0.0,0.0,0.0,0.0,0.0,0.0,0.0,0.0,0.0,0.0,0.0,0.49870301739428763,0.0,0.0,0.0,0.0,0.0,0.0,0.0,0.0
0.4277403497201116,0.0,0.0,0.22091463324774618,0.39742454811422856,0.0,0.36010616984034305,0.0,0.4169626533847662,0.29531704151322774,0.4339537537315962,0.24553608196434407,0.3695957096445376,0.0,0.0,0.0,0.34341750848440833,0.40729217847354343,0.47534301304292564,0.0,0.0,0.7432883708533476,0.4919569840756778,0.27811538313868556,0.336128053977052,0.33734570797154084,0.0,0.34411132221959256,0.0,0.43711687566291535,0.31612629345158105,0.24848886729960917,0.18877104911287484,0.22098866347540766,0.21057984014313072,0.27653588916402827,0.2773301683232158,0.0,0.2888986005280737,0.1947356101958902,0.19767068523994683,0.2384184058364225,0.30007238288689936,0.26135428054541704,0.18794008036733484,0.0,0.0,0.0,0.0,0.0,0.0,0.0,0.0,0.0,0.27703657354111216,0.0,0.2142610183511107,0.0,0.0,0.0,0.0,0.0,0.0,0.0,0.0,0.0,0.0,0.0,0.2609662295114662,0.0,0.3202249929696308,0.0,0.3074182917914489,0.0,0.0,0.0
0.4493980686593109,0.4675691485675024,0.0,0.29971075206549075,0.0,0.41307045398961895,0.0,0.35900524304973214,0.0,0.3581634310714077,0.0,0.33656076124337664,0.3856901571144799,0.0,0.47100232218639254,0.43665802104190155,0.37773924015970284,0.394544923330325,0.0,0.44771783354308947,0.4622440007174625,0.48335381785619097,0.4475956882451092,0.4157463720310925,0.4245045044767834,0.44901933388397947,0.4532186536709004,0.39798856507959124,0.4586100035076931,0.0,0.44853160234802636,0.328533057883765,0.35734305261767507,0.3627628035529827,0.32800897473511986,0.2933856451454798,0.2712431251460835,0.2888986005280737,0.0,0.32094383527211146,0.3655549002701171,0.34427883121763203,0.275710869733399,0.29973349536302757,0.2601093276573172,0.40736730129954324,0.41582861905649543,0.36001734721674566,0.2903596004976166,0.3460590243905363,0.4079828104175043,0.37849484711521447,0.3981285654359887,0.3562976994535098,0.3463349260178269,0.3434369616778295,0.26163700330361517,0.37685802028859533,0.30060464331520886,0.4565871308375298,0.43364795567878417,0.3922396012609094,0.39419603833098366,0.35969036045074276,0.4774173659133919,0.43114335138189863,0.467629265904379,0.40868791603295007,0.3739880010951003,0.395407289263078,0.42232231465223863,0.4523329450409725,0.3619755416223156,0.44417661801345126,0.3784513768260046,0.39782245023042223
