0.0,0.405189297850383,0.0,0.0,0.0,0.0,0.0,0.4837501208316568,0.0,0.40402453921761317,0.0,0.38413359262306,0.5074779814625268,0.4913370723764612,0.39409917109408443,0.40238075726539096,0.3955430688048371,0.41101412871161425,0.0,0.4214407479241504,0.38785205382122384,0.40875882217468257,0.44684660847561103,0.3665175981409154,0.39956062253420993,0.3750320982200078,0.45605472234678796,0.4795237067977334,0.44374996374110387,0.0,0.37558737586181506,0.394028939163993,0.32571705736869305,0.35774454817422136,0.4112812184287278,0.0,0.0,0.0,0.4390058822809623,0.41740275637667273,0.4151036278453785,0.45945265927940787,0.0,0.0,0.0,0.3579611664466918,0.46840342145913944,0.0,0.0,0.0,0.48931930358623815,0.0,0.0,0.0,0.43158332102964764,0.0,0.0,0.0,0.0,0.0,0.43465321123246703,0.0,0.4206893051963059,0.0,0.0,0.2878036804354953,0.4597364731921624,0.4617503431435753,0.35212725831924263,0.44484085854314015,0.4568658544895809,0.4689303484528135,0.0,0.4492565627841662,0.0,0.45591786283844604
0.405189297850383,0.0,0.0,0.0,0.4128655250324902,0.410566079258242,0.4280569875341404,0.44892558596076226,0.3822938334890084,0.0,0.0,0.0,0.4309168816767443,0.0,0.42963647134613375,0.40852084830262797,0.0,0.4368771920877436,0.0,0.42472466378415885,0.4100444611293937,0.40878037242779997,0.4072896205636114,0.0,0.3959667903650221,0.40123059930772187,0.41744090362937836,0.4276450600419771,0.4192256899000124,0.0,0.36063423816158346,0.40073662547917116,0.34683113345281297,0.37983391802278604,0.43330807057626813,0.0,0.0,0.0,0.4591311007157835,0.44767291664774334,0.44688111809294273,0.4769703425172801,0.0,0.0,0.0,0.4428424549769466,0.4716668165203262,0.0,0.0,0.0,0.48230382604537375,0.0,0.0,0.0,0.0,0.0,0.0,0.0,0.0,0.49581201161783217,0.4461492454232972,0.0,0.4416283732217157,0.0,0.4529918093536085,0.4632413999545683,0.5095944713660667,0.4719902309660684,0.0,0.4564620664468638,0.4794803258674108,0.4556130293806875,0.0,0.4568359581934051,0.0,0.43903670979406295
0.0,0.0,0.0,0.0,0.3992573495157338,0.3884470923250171,0.42048147492355814,0.4628518488539144,0.32219857112222017,0.45074194997479555,0.30860893248001114,0.0,0.4319244961167997,0.41891814892815127,0.0,0.0,0.0,0.0,0.2655607152668135,0.0,0.0,0.0,0.3323436078636665,0.0,0.0,0.0,0.33824421889378653,0.4370508098699611,0.4081746988073778,0.4526646491666603,0.44306647073087496,0.3980460012944912,0.0,0.44083100409297127,0.42451071313746086,0.402041677150058,0.4250751748663583,0.0,0.49175407111335373,0.0,0.0,0.0,0.47516091934264326,0.0,0.0,0.0,0.0,0.509668853394557,0.0,0.5535685144999498,0.5638995802108191,0.5607385774960136,0.5415524567805025,0.5403470577099783,0.0,0.4633868590818159,0.0,0.549255331267257,0.48827623250841073,0.0,0.0,0.0,0.0,0.4731680181300082,0.0,0.0,0.0,0.5671462703871948,0.0,0.0,0.0,0.5559486382849017,0.0,0.0,0.0,0.0
0.0,0.0,0.0,0.0,0.2392241894401157,0.38672575685952876,0.27859221437284026,0.34620319469780325,0.40431625639622715,0.0,0.31053661381156505,0.27079406719113175,0.28544619764142826,0.22845952961555677,0.0,0.0,0.0,0.0,0.4494736412375676,0.0,0.0,0.0,0.34964288386045794,0.0,0.0,0.0,0.37944953285041416,0.2543660739461676,0.0,0.0,0.0,0.2858736798008551,0.2752837801476494,0.2893125595831793,0.25677814546416455,0.18199345065767591,0.180888569563005,0.2602012610663099,0.29148707119356687,0.0,0.29932718797989366,0.2617047195482376,0.0,0.3477785226207732,0.0,0.0,0.0,0.0,0.0,0.0,0.0,0.0,0.0,0.0,0.0,0.0,0.0,0.0,0.0,0.0,0.0,0.0,0.0,0.0,0.0,0.0,0.0,0.0,0.0,0.0,0.0,0.0,0.0,0.0,0.0,0.0
0.0,0.4128655250324902,0.3992573495157338,0.2392241894401157,0.0,0.3884812654474274,0.3867248086769737,0.4073540189833198,0.3398006671663077,0.4692013776985893,0.35074997654926243,0.44659415274030434,0.4190771250648919,0.3084039466850965,0.0,0.42718249836458055,0.0,0.0,0.4161141158343349,0.3756257875401029,0.0,0.41532002255598544,0.3869413166764596,0.4817176257875155,0.407446832600803,0.4867335881107774,0.4066586983060348,0.4247681723125007,0.3817012202051861,0.3872000135290329,0.4831762923463877,0.37557318951856244,0.4711313397752144,0.4597746074508056,0.42390486656509635,0.24709434239984454,0.3134122821029653,0.4498717435227208,0.5351148087617332,0.0,0.0,0.0,0.41397546133709645,0.0,0.0,0.0,0.0,0.5404563850642659,0.0,0.5708669180944408,0.5569365822737125,0.6221195327590514,0.5088230005214722,0.5586327411141608,0.0,0.45812395324697686,0.0,0.6813514631394155,0.0,0.0,0.0,0.0,0.0,0.5112690803189017,0.0,0.0,0.0,0.5419672742503702,0.0,0.0,0.0,0.5376692351274054,0.6650792202174451,0.6307883856984255,0.0,0.0
0.0,0.410566079258242,0.3884470923250171,0.38672575685952876,0.3884812654474274,0.0,0.4078039314753183,0.405427516291032,0.3358109866339675,0.45454481904307514,0.3993643010240965,0.4671841023059006,0.3745354001076076,0.39708160124953895,0.42014579978619804,0.4214411666501819,0.0,0.4188574554217145,0.3852627617118127,0.4109346107657003,0.40373143012452706,0.43421961450869717,0.39978136985549156,0.0,0.3901986111620374,0.3990779727651488,0.40069670421926584,0.3805580390794436,0.3367220629087197,0.39714309820643384,0.41038695562659183,0.3882060684788593,0.36872882983112115,0.4127228263417069,0.40762962404849545,0.41557852984915544,0.4095702627076473,0.0,0.4550749714142085,0.0,0.48892565243403274,0.5354169556525714,0.47545384025529164,0.0,0.0,0.0,0.0,0.5498120631036745,0.0,0.5683895395153942,0.5229922618066243,0.5248885822211583,0.4925383460674616,0.5327692108752162,0.0,0.5172574477218777,0.0,0.5093116334619276,0.0,0.0,0.0,0.0,0.0,0.5319061284662575,0.426872306017285,0.4682609748255638,0.4830257028294979,0.5411669641621296,0.0,0.0,0.0,0.5300609548192486,0.5025495055366915,0.46110229668522484,0.5476414502944351,0.4883872178668609
0.0,0.4280569875341404,0.42048147492355814,0.27859221437284026,0.3867248086769737,0.4078039314753183,0.0,0.420109587965676,0.3816162411953529,0.44545552103296726,0.45140342544983914,0.41610155541946064,0.34614259603015823,0.3446863258424562,0.0,0.4578166079941816,0.4880073741155688,0.46568733126680173,0.4571607648911145,0.43488888296533085,0.4739180376262,0.459447409642189,0.40838545751109756,0.4409920166707304,0.4385905907395736,0.44491369039852,0.42026772997741724,0.4009330122979085,0.42740438240215267,0.0,0.4625553902974978,0.40800495282478794,0.43759239960829555,0.4333988681678028,0.3826032773714679,0.30769469945547423,0.3242567003837319,0.3940803996312307,0.5740759387903378,0.0,0.6546343569461861,0.0,0.5181060668987238,0.0,0.0,0.0,0.0,0.5896326468324529,0.0,0.7043599992219549,0.5495819588640374,0.6277899982139659,0.5406843273968129,0.6044310090174869,0.48428540660994257,0.5590619085303594,0.0,0.6442895549562774,0.0,0.0,0.0,0.0,0.0,0.6274794010461664,0.0,0.0,0.0,0.5350772852760358,0.0,0.0,0.0,0.5305015450326751,0.6328423338668983,0.5774740869554369,0.0,0.6826940461354312
0.4837501208316568,0.44892558596076226,0.4628518488539144,0.34620319469780325,0.4073540189833198,0.405427516291032,0.420109587965676,0.0,0.46456480350012924,0.5139286963523899,0.3245018080504721,0.0,0.43080690999689636,0.3783179570290539,0.3843258160857654,0.46256972141118724,0.0,0.4888863076498667,0.4568446195011893,0.3906602690660702,0.41381181778642406,0.4431076494632347,0.38461040565225496,0.5081645525716556,0.48359218591483966,0.481101847341689,0.4365993173754556,0.4209078283822383,0.3809250086160798,0.3979873859699452,0.4208168816032116,0.3983518943645513,0.3702290043503367,0.4228651675627414,0.42653710422010144,0.2846232704930578,0.0,0.0,0.4342813120286381,0.0,0.48199026112595994,0.4262164069124422,0.361487658289127,0.0,0.0,0.0,0.0,0.526400973252711,0.0,0.5179411456336805,0.4982127139325244,0.48973469527130575,0.4033349727238124,0.5259757710473931,0.0,0.4629848933995663,0.0,0.48077605197649737,0.4118463911808596,0.0,0.0,0.0,0.0,0.5005357579756422,0.0,0.45911127474161306,0.0,0.520862139389819,0.0,0.0,0.0,0.5141923721286151,0.4812571285666111,0.49131128007142894,0.0,0.5036741745178911
0.0,0.3822938334890084,0.32219857112222017,0.40431625639622715,0.3398006671663077,0.3358109866339675,0.3816162411953529,0.46456480350012924,0.0,0.46537240030826305,0.3373331997989493,0.45856193096207093,0.3917177790343007,0.4111583979824488,0.0,0.45027845103899444,0.0,0.0,0.31548494777656527,0.0,0.0,0.4241123233112872,0.4003369793853298,0.0,0.0,0.0,0.38776001461017107,0.45062697206836455,0.3921553061358785,0.4522171490455792,0.4556470680689252,0.406453280687722,0.4238740075704451,0.45246068752965124,0.43873818327263625,0.41211673023485906,0.42981152789910515,0.44237011780233804,0.4818254285301231,0.0,0.6286967921932309,0.0,0.4641631638305639,0.0,0.0,0.0,0.0,0.5574375506275251,0.0,0.5778892878732791,0.5448762012902711,0.5678171398888137,0.5346337484703643,0.5662003349742959,0.0,0.4966738844141138,0.0,0.5675315832935239,0.4828897407759369,0.0,0.0,0.0,0.0,0.5313576482188186,0.0,0.0,0.0,0.5703662168367648,0.0,0.0,0.0,0.5629413213806994,0.5761997965056654,0.5625701901760397,0.0,0.0
0.40402453921761317,0.0,0.45074194997479555,0.0,0.4692013776985893,0.45454481904307514,0.44545552103296726,0.5139286963523899,0.46537240030826305,0.0,0.47606519559365107,0.2905185836347456,0.4556802018461284,0.0,0.0,0.38683161891514545,0.320976309520522,0.36293140179981875,0.49352270944072457,0.0,0.47396048530891943,0.47597268196835146,0.4483536092984564,0.3927327295238626,0.37644710653712177,0.36643783351270715,0.4521725916192847,0.4457835812772595,0.0,0.0,0.36479869288264755,0.38431257739873914,0.3159456647271924,0.3196132136954229,0.3348007533442112,0.35520124218419796,0.30714985678368834,0.2946498018544466,0.35561082111712367,0.36018208221955683,0.3360047562511661,0.32188353934387004,0.0,0.0,0.36453134601054654,0.39048894132191886,0.47802315721417715,0.0,0.0,0.0,0.0,0.0,0.0,0.0,0.4447629246113326,0.0,0.4545975220506641,0.4817385130036395,0.0,0.0,0.4274402123393277,0.4051349111742522,0.3943891792750872,0.0,0.0,0.0,0.0,0.0,0.4227230668353344,0.399035461705637,0.4259487689985432,0.0,0.43468837282033757,0.0,0.0,0.42068198597999884
0.0,0.0,0.30860893248001114,0.31053661381156505,0.35074997654926243,0.3993643010240965,0.45140342544983914,0.3245018080504721,0.3373331997989493,0.47606519559365107,0.0,0.45739464609937563,0.4613035121556533,0.3021719767915986,0.0,0.0,0.0,0.0,0.31498465788112945,0.0,0.0,0.0,0.23539316608990377,0.4934532733275757,0.0,0.0,0.4052456157824895,0.45986481988643885,0.0,0.0,0.4722687679144435,0.40825711417024635,0.4703956193322596,0.45323050143429977,0.4253027415904324,0.31365499720878864,0.4262977790607296,0.46010886055228495,0.46982158527108464,0.0,0.0,0.0,0.4021553878163792,0.0,0.0,0.0,0.0,0.5022035648819954,0.0,0.5033083370084603,0.5228514208245577,0.5095259888375409,0.5594704808456149,0.5009444214655148,0.0,0.38610800971275994,0.0,0.5060337127364489,0.0,0.0,0.0,0.0,0.0,0.44112768868606655,0.0,0.0,0.0,0.5233816025912923,0.0,0.0,0.0,0.5317590658766955,0.0,0.0,0.0,0.0
0.38413359262306,0.0,0.0,0.27079406719113175,0.44659415274030434,0.4671841023059006,0.41610155541946064,0.0,0.45856193096207093,0.2905185836347456,0.45739464609937563,0.0,0.4121252764541381,0.0,0.0,0.0,0.0,0.0,0.5042686872095268,0.0,0.49798965929454164,0.0,0.0,0.30363749184842775,0.35430917528259137,0.34751840368826437,0.0,0.36086188708439504,0.0,0.0,0.3440614772356057,0.27349051117315737,0.2572447588475533,0.2374995577038819,0.3041527935974408,0.2741281659761192,0.2919502459564379,0.2079666950036175,0.27890695387659054,0.3381056439696172,0.33155582031492487,0.2930640347350366,0.0,0.0,0.28740567758260493,0.0,0.0,0.0,0.0,0.0,0.0,0.0,0.0,0.0,0.441514650207872,0.0,0.4274728491425066,0.0,0.0,0.0,0.0,0.3897458710093355,0.42767956080018027,0.0,0.0,0.0,0.0,0.0,0.4168260866307696,0.41035372294991057,0.4335288446226108,0.0,0.0,0.0,0.0,0.4309446094417964
0.5074779814625268,0.4309168816767443,0.4319244961167997,0.28544619764142826,0.4190771250648919,0.3745354001076076,0.34614259603015823,0.43080690999689636,0.3917177790343007,0.4556802018461284,0.4613035121556533,0.4121252764541381,0.0,0.4212595647186788,0.433615416950478,0.467655536362417,0.4627785085911773,0.46912506945105087,0.460014110647817,0.4368510721899074,0.4420669491670122,0.46553023887478356,0.41746656218665973,0.4370057285686306,0.4486363183791389,0.4386437767097739,0.42762590222363006,0.37954596963192905,0.42289774206300557,0.3982817933524932,0.4368015020269993,0.41789795363827253,0.40785078986876394,0.43963453815954023,0.4172318310733604,0.33944742281376256,0.3726682438620663,0.3989546018187068,0.476349848053431,0.0,0.5240001983882983,0.5765683327515292,0.5150289103951665,0.0,0.0,0.0,0.0,0.5753888652089457,0.0,0.81263082058689,0.5261924975857992,0.5977358555264553,0.4971675035659637,0.613469896756425,0.4915133435516167,0.580972301706738,0.513050786129426,0.5908772056815204,0.0,0.0,0.0,0.0,0.0,0.5944281119416177,0.0,0.5623663603162402,0.0,0.5261617140228484,0.0,0.0,0.5265736545256354,0.5115457978182955,0.5522369946789063,0.522076736057694,0.0,0.5960450370606521
0.4913370723764612,0.0,0.41891814892815127,0.22845952961555677,0.3084039466850965,0.39708160124953895,0.3446863258424562,0.3783179570290539,0.4111583979824488,0.0,0.3021719767915986,0.0,0.4212595647186788,0.0,0.0,0.0,0.0,0.0,0.4233815928654845,0.0,0.43724378384704776,0.0,0.40528817508941417,0.0,0.0,0.5280813038888164,0.42820430316395985,0.29028189965365825,0.4350818059957242,0.0,0.0,0.25354182700426586,0.2774149836045723,0.4062973714152572,0.19821202179098613,0.20113532902859121,0.1831569588059347,0.362011887812726,0.0,0.0,0.0,0.0,0.34845594633203925,0.0,0.0,0.0,0.0,0.4967241372881034,0.0,0.0,0.527489182198517,0.0,0.0,0.5081979720403752,0.0,0.40774763241808365,0.0,0.0,0.0,0.0,0.0,0.0,0.0,0.48963511688415867,0.0,0.0,0.0,0.47629562241708706,0.0,0.0,0.0,0.5022157022402493,0.0,0.0,0.0,0.0
0.39409917109408443,0.42963647134613375,0.0,0.0,0.0,0.42014579978619804,0.0,0.3843258160857654,0.0,0.0,0.0,0.0,0.433615416950478,0.0,0.0,0.4196007157477959,0.0,0.4205103850452461,0.0,0.3456375305375513,0.3853185762914489,0.3862346519704266,0.4020155053997203,0.0,0.4131501693927084,0.41359637410916966,0.45032077030950995,0.40083709985700194,0.36508040779277345,0.3977114152623844,0.3776561965952677,0.40677402200561996,0.37139284712556275,0.4133015563175916,0.44426589931165433,0.41853947760315324,0.0,0.0,0.4661479621404316,0.4712367353869514,0.4795569926295962,0.4930188817067601,0.0,0.0,0.0,0.36606935860552625,0.49172430293653907,0.0,0.0,0.0,0.4562536054028992,0.0,0.0,0.0,0.0,0.0,0.0,0.0,0.0,0.48518092358280795,0.49380506126559975,0.0,0.0,0.0,0.4249562414085509,0.4636568879619619,0.49927876712095093,0.4537126982955465,0.0,0.0,0.5221132529104197,0.4499554805178244,0.48148566527625414,0.43884861912892437,0.0,0.4838154852472102
0.40238075726539096,0.40852084830262797,0.0,0.0,0.42718249836458055,0.4214411666501819,0.4578166079941816,0.46256972141118724,0.45027845103899444,0.38683161891514545,0.0,0.0,0.467655536362417,0.0,0.4196007157477959,0.0,0.38559841583048066,0.36669455622408664,0.0,0.4195154880910935,0.4092515503057476,0.40307789830945584,0.40172124262156833,0.35499003562136405,0.3905452347959811,0.42535970731866096,0.41816919570957833,0.4661668997880678,0.4593619630803492,0.4513161001027066,0.40393005613890043,0.44826888467431314,0.3909875450272059,0.40814878425913675,0.4540869352569372,0.0,0.0,0.0,0.4575993731218455,0.4395357852737232,0.4405048232532305,0.46387485606367523,0.0,0.0,0.0,0.4484449814568166,0.46511604469078954,0.0,0.0,0.0,0.6139289259604319,0.0,0.0,0.0,0.0,0.0,0.0,0.0,0.0,0.4851793764501454,0.44500644209508866,0.0,0.43341630291161604,0.0,0.46302535428988495,0.470967142790674,0.4793787145469481,0.5231671199034059,0.0,0.4422212463219305,0.4750327161647624,0.5079615231365688,0.0,0.5122679617150205,0.0,0.4381583318861596
0.3955430688048371,0.0,0.0,0.0,0.0,0.0,0.4880073741155688,0.0,0.0,0.320976309520522,0.0,0.0,0.4627785085911773,0.0,0.0,0.38559841583048066,0.0,0.32687973775359996,0.0,0.0,0.0,0.4347602822903324,0.0,0.41246486694068063,0.35240017259815765,0.38159732491223103,0.0,0.45550879338749894,0.0,0.0,0.35764295562382487,0.41390876214757405,0.35078288078992276,0.36540241397388734,0.38890248487383855,0.0,0.40198177834813875,0.31921641698424497,0.4231199672657045,0.3989603466031112,0.4290501436300755,0.45172132819908944,0.0,0.0,0.0,0.4841800227615227,0.5223982972687258,0.0,0.0,0.0,0.0,0.0,0.0,0.0,0.43574371750276053,0.0,0.43868419894724264,0.0,0.0,0.0,0.46618070522525445,0.4098512208658076,0.4118849023805668,0.0,0.0,0.0,0.0,0.0,0.4760458206446269,0.3965367643398187,0.4196205979356488,0.0,0.0,0.0,0.0,0.0
0.41101412871161425,0.4368771920877436,0.0,0.0,0.0,0.4188574554217145,0.46568733126680173,0.4888863076498667,0.0,0.36293140179981875,0.0,0.0,0.46912506945105087,0.0,0.4205103850452461,0.36669455622408664,0.32687973775359996,0.0,0.0,0.4333983156086135,0.4276058657426972,0.44268684337336595,0.4327686702573513,0.3848939242724286,0.35507716234425774,0.41246835718924474,0.4195188318584842,0.4660407891758571,0.469462887739137,0.0,0.40614401695240027,0.43777478618698584,0.3679554368815478,0.3994851086793998,0.42227168926884184,0.0,0.0,0.34155562577827325,0.4473483738949874,0.4025976969083475,0.4129501112055901,0.433830327067655,0.0,0.0,0.0,0.4647476045761109,0.46849471120167724,0.0,0.0,0.0,0.0,0.0,0.0,0.0,0.4125385812025521,0.0,0.4250667492333364,0.0,0.0,0.5481548406021185,0.4413569695346503,0.3845834499313941,0.4146069857662949,0.0,0.5681208942491559,0.5329239524975133,0.46989067830763914,0.0,0.4273493769083393,0.4234560487485911,0.4405403676628747,0.0,0.0,0.6027067487711236,0.0,0.4367689344796279
0.0,0.0,0.2655607152668135,0.4494736412375676,0.4161141158343349,0.3852627617118127,0.4571607648911145,0.4568446195011893,0.31548494777656527,0.49352270944072457,0.31498465788112945,0.5042686872095268,0.460014110647817,0.4233815928654845,0.0,0.0,0.0,0.0,0.0,0.0,0.0,0.0,0.3095567714212369,0.0,0.0,0.0,0.3477801018161577,0.4679897790054879,0.0,0.0,0.4754949839709554,0.4120058335828023,0.5299041623052111,0.46271492303836764,0.43219869341851,0.4127880192909739,0.44724412504596933,0.4727974736341686,0.48349062659585684,0.0,0.0,0.0,0.4573384198489142,0.0,0.0,0.0,0.0,0.5302100313896493,0.0,0.5469065151803759,0.559015616882625,0.568999893764641,0.5430479133994023,0.5327653440786132,0.0,0.4662640144980539,0.0,0.5910640521478865,0.4857862030443597,0.0,0.0,0.0,0.0,0.5266804092973821,0.0,0.0,0.0,0.5644096693026444,0.0,0.0,0.0,0.5520593145499811,0.0,0.5107394515163355,0.0,0.0
0.4214407479241504,0.42472466378415885,0.0,0.0,0.3756257875401029,0.4109346107657003,0.43488888296533085,0.3906602690660702,0.0,0.0,0.0,0.0,0.4368510721899074,0.0,0.3456375305375513,0.4195154880910935,0.0,0.4333983156086135,0.0,0.0,0.3908377099944947,0.3901069534836365,0.32006575174620244,0.0,0.4043723915916721,0.4396014460692587,0.37132590422655853,0.41102955784428674,0.33099676654584936,0.3127369230766519,0.37166150598834724,0.41964441551063336,0.36689306671728594,0.42202882584443824,0.449143479811216,0.4898831949404391,0.4363358047827848,0.0,0.4258093648161728,0.43641958795701585,0.45769411255821,0.46158407601485396,0.0,0.0,0.0,0.0,0.4664295060917119,0.0,0.0,0.0,0.4486225446223708,0.0,0.0,0.0,0.0,0.0,0.0,0.5159227401879182,0.0,0.442243024873011,0.0,0.0,0.0,0.0,0.41358909935049193,0.4329298149352619,0.44902107676256187,0.45182696982840986,0.0,0.0,0.45553484021886165,0.4367626951776872,0.4640919463369129,0.4444398104252824,0.0,0.4408922642732587
0.38785205382122384,0.4100444611293937,0.0,0.0,0.0,0.40373143012452706,0.4739180376262,0.41381181778642406,0.0,0.47396048530891943,0.0,0.49798965929454164,0.4420669491670122,0.43724378384704776,0.3853185762914489,0.4092515503057476,0.0,0.4276058657426972,0.0,0.3908377099944947,0.0,0.4257661758834349,0.3969184789838829,0.4819682217134868,0.4201014222190772,0.416003297646159,0.4387255293739162,0.4232466722646971,0.3898352947343382,0.4231350557076653,0.3630976042366931,0.4080512766793425,0.3585330551386482,0.3938346272811148,0.452150564532427,0.462532016787628,0.0,0.0,0.44023025869691784,0.47347317095004315,0.47694665407222814,0.514043405889375,0.0,0.0,0.0,0.4192627574802685,0.4760411937418269,0.0,0.0,0.0,0.4473217815998758,0.0,0.44135874806775094,0.0,0.0,0.0,0.0,0.5000471894777805,0.0,0.4803583469566228,0.4703464351785099,0.0,0.0,0.0,0.42350655555646893,0.3678850814295922,0.48914117505001403,0.4739986759568619,0.0,0.496211036159944,0.5054253255058668,0.4669701910686737,0.491617067753372,0.45061951242467213,0.0,0.4863445383543167
0.40875882217468257,0.40878037242779997,0.0,0.0,0.41532002255598544,0.43421961450869717,0.459447409642189,0.4431076494632347,0.4241123233112872,0.47597268196835146,0.0,0.0,0.46553023887478356,0.0,0.3862346519704266,0.40307789830945584,0.4347602822903324,0.44268684337336595,0.0,0.3901069534836365,0.4257661758834349,0.0,0.4388759407520336,0.0,0.42592338047719874,0.42472834722231617,0.4382016864550156,0.46153013490975653,0.42872307256210457,0.4154775432202606,0.3956427279389282,0.43180951087527614,0.3977340972808386,0.4245579413377951,0.4617323704375223,0.4881781036806658,0.0,0.0,0.47397182275880995,0.47768426058905644,0.4844309273038802,0.50857144297424,0.0,0.0,0.0,0.45694979236847166,0.48472675339518456,0.0,0.0,0.0,0.4736819089833363,0.0,0.0,0.0,0.0,0.0,0.0,0.0,0.0,0.49911449940676833,0.46157450571670083,0.0,0.49341303826519606,0.0,0.45824393598770435,0.47460789836352424,0.5004972583614464,0.46832547811865455,0.0,0.4449748862296905,0.5021880643496363,0.4708303352156131,0.0,0.4575341994075745,0.0,0.4735881116947695
0.44684660847561103,0.4072896205636114,0.3323436078636665,0.34964288386045794,0.3869413166764596,0.39978136985549156,0.40838545751109756,0.38461040565225496,0.4003369793853298,0.4483536092984564,0.23539316608990377,0.0,0.41746656218665973,0.40528817508941417,0.4020155053997203,0.40172124262156833,0.0,0.4327686702573513,0.3095567714212369,0.32006575174620244,0.3969184789838829,0.4388759407520336,0.0,0.5017386474580524,0.41399962032814436,0.4447163552765486,0.3892203491525237,0.4095104761876957,0.3897067031990778,0.3918780720207617,0.40757971459444226,0.3923820123474808,0.35571525580514984,0.41722670457253486,0.4352557851528719,0.38093199907436553,0.4043837179513418,0.0,0.4777176880282698,0.4214940988464283,0.48855492342627616,0.49485058736141113,0.4070954968062906,0.0,0.0,0.42686076692386243,0.48105728015620125,0.5422203740100278,0.0,0.5460003436093332,0.5208619254217385,0.5132549354412312,0.5134413088771699,0.5377068336288013,0.0,0.47316524409055805,0.0,0.5026955786542749,0.47362599332384636,0.4758884800840263,0.5533041130888474,0.0,0.0,0.5126371506286611,0.44183192611595046,0.48013604206209193,0.4857810943049227,0.5414339971776446,0.0,0.0,0.46903432102088727,0.5160202110298727,0.49806338232885633,0.4860302955162711,0.4980804544951103,0.4909561219819119
0.3665175981409154,0.0,0.0,0.0,0.4817176257875155,0.0,0.4409920166707304,0.5081645525716556,0.0,0.3927327295238626,0.4934532733275757,0.30363749184842775,0.4370057285686306,0.0,0.0,0.35499003562136405,0.41246486694068063,0.3848939242724286,0.0,0.0,0.4819682217134868,0.0,0.5017386474580524,0.0,0.38302256684382524,0.37749616744873576,0.5348150301103446,0.441214884341294,0.0,0.0,0.3983729803423697,0.3508459000748658,0.2543915306189467,0.28502841720651423,0.3394954080022114,0.0,0.0,0.2432872233735138,0.45633759198439783,0.3757595878691253,0.3559028039810774,0.41462229800584505,0.0,0.0,0.28943228815421124,0.4191723201718512,0.42347765217368627,0.0,0.0,0.0,0.0,0.0,0.0,0.0,0.4243318200884017,0.0,0.427206976518448,0.0,0.0,0.0,0.4435890878585891,0.43579615148868023,0.4249120330471372,0.0,0.0,0.0,0.0,0.0,0.35264286402726414,0.4281160036845321,0.44647526495771744,0.0,0.3767957399856475,0.0,0.0,0.46226880502095397
0.39956062253420993,0.3959667903650221,0.0,0.0,0.407446832600803,0.3901986111620374,0.4385905907395736,0.48359218591483966,0.0,0.37644710653712177,0.0,0.35430917528259137,0.4486363183791389,0.0,0.4131501693927084,0.3905452347959811,0.35240017259815765,0.35507716234425774,0.0,0.4043723915916721,0.4201014222190772,0.42592338047719874,0.41399962032814436,0.38302256684382524,0.0,0.39096811223363337,0.39409060110358957,0.45605974076673783,0.4457899471543967,0.0,0.4097668293577989,0.4196643893200451,0.33505904077280074,0.3695422192415159,0.3930246592338162,0.0,0.0,0.313699869607124,0.440056294335242,0.40681832022748815,0.411144228774595,0.43602525036820255,0.0,0.0,0.0,0.4506795597029029,0.47994464056520514,0.0,0.0,0.0,0.0,0.0,0.0,0.0,0.42821426046274697,0.0,0.4315963031332523,0.0,0.0,0.47419795331457515,0.44536372329440943,0.4134195381234885,0.41533642105063484,0.0,0.45451339542867947,0.46942470250533674,0.459750188428621,0.5100230813660039,0.43172476543262756,0.42287288572888704,0.4405479418536726,0.0,0.0,0.4738557588323057,0.0,0.4392875011594523
0.3750320982200078,0.40123059930772187,0.0,0.0,0.4867335881107774,0.3990779727651488,0.44491369039852,0.481101847341689,0.0,0.36643783351270715,0.0,0.34751840368826437,0.4386437767097739,0.5280813038888164,0.41359637410916966,0.42535970731866096,0.38159732491223103,0.41246835718924474,0.0,0.4396014460692587,0.416003297646159,0.42472834722231617,0.4447163552765486,0.37749616744873576,0.39096811223363337,0.0,0.4471303040590799,0.44267000739174883,0.41824786371900863,0.0,0.39608166765630565,0.41378263028716233,0.3410393139010696,0.374069239958395,0.40843876162283016,0.4354819756115959,0.0,0.3273147048249314,0.45833658755292733,0.4251633574724705,0.4349267311314784,0.451216644357441,0.0,0.0,0.39632372218261885,0.44819944735077194,0.4797244966871127,0.0,0.0,0.0,0.4947901496460968,0.0,0.0,0.0,0.45611686486811787,0.0,0.4678398553602046,0.5587999620604256,0.0,0.5163138443430656,0.4505388531313175,0.4404004568998702,0.4291651423262446,0.0,0.4708384473130531,0.4998048210903078,0.5097964947824806,0.4684372963795937,0.4883858584851202,0.4321614904096769,0.4589342207006161,0.46639137903115974,0.0,0.48110237400120887,0.0,0.4488051635934732
0.45605472234678796,0.41744090362937836,0.33824421889378653,0.37944953285041416,0.4066586983060348,0.40069670421926584,0.42026772997741724,0.4365993173754556,0.38776001461017107,0.4521725916192847,0.4052456157824895,0.0,0.42762590222363006,0.42820430316395985,0.45032077030950995,0.41816919570957833,0.0,0.4195188318584842,0.3477801018161577,0.37132590422655853,0.4387255293739162,0.4382016864550156,0.3892203491525237,0.5348150301103446,0.39409060110358957,0.4471303040590799,0.0,0.4204451736390358,0.369899614076526,0.4045109836684746,0.4145104773548254,0.40417289861741545,0.36582322822582597,0.4259928715083269,0.43778552652606484,0.42972518431504814,0.41513980512653686,0.0,0.47482722307778996,0.45000427755976824,0.49482951505349665,0.5011977646834365,0.47383958111991054,0.0,0.0,0.0,0.5327623017260318,0.562212512601437,0.0,0.5680849183989496,0.5263234024048093,0.523614914676814,0.5093693976318427,0.5567328922056815,0.0,0.5218351584118867,0.0,0.5083375256660746,0.523493186318813,0.4747354600136004,0.0,0.0,0.0,0.5526541407913524,0.4474214137546835,0.4924863430067848,0.5010120412848336,0.536296893668055,0.0,0.0,0.4919681177429312,0.5174691600682552,0.4985169747451983,0.484250069831277,0.5056588234571704,0.4952412130795735
0.4795237067977334,0.4276450600419771,0.4370508098699611,0.2543660739461676,0.4247681723125007,0.3805580390794436,0.4009330122979085,0.4209078283822383,0.45062697206836455,0.4457835812772595,0.45986481988643885,0.36086188708439504,0.37954596963192905,0.29028189965365825,0.40083709985700194,0.4661668997880678,0.45550879338749894,0.4660407891758571,0.4679897790054879,0.41102955784428674,0.4232466722646971,0.46153013490975653,0.4095104761876957,0.441214884341294,0.45605974076673783,0.44267000739174883,0.4204451736390358,0.0,0.33289210689996906,0.3054292021639469,0.41285667731058284,0.4125421981518537,0.38542706411353495,0.4274745566034089,0.3789544279081011,0.2984549212685526,0.30624691893000033,0.3634350434249036,0.40429151010950964,0.0,0.4492267738222415,0.441340266591183,0.5095746690853156,0.43650937605703793,0.0,0.0,0.0,0.6030608824143147,0.0,0.0,0.49530804584784816,0.6103268312704692,0.4753738376891903,0.6271754641758188,0.4674081605120983,0.0,0.4917368904795931,0.5490906635288975,0.0,0.0,0.0,0.0,0.0,0.0,0.4392819004166327,0.4831624624609989,0.5726769399066979,0.5006404879924714,0.0,0.0,0.4981567562882871,0.48921119406605285,0.5044318498919268,0.4802347492014766,0.5949503550636759,0.5071852636350707
0.44374996374110387,0.4192256899000124,0.4081746988073778,0.0,0.3817012202051861,0.3367220629087197,0.42740438240215267,0.3809250086160798,0.3921553061358785,0.0,0.0,0.0,0.42289774206300557,0.4350818059957242,0.36508040779277345,0.4593619630803492,0.0,0.469462887739137,0.0,0.33099676654584936,0.3898352947343382,0.42872307256210457,0.3897067031990778,0.0,0.4457899471543967,0.41824786371900863,0.369899614076526,0.33289210689996906,0.0,0.36450161419776794,0.3942037000605109,0.4123690820713104,0.3358257296970997,0.4294461887874267,0.44762942308001824,0.48149966171522096,0.0,0.0,0.44629086527761136,0.4590288266492135,0.4813309079651373,0.49871799674356876,0.4944601439150204,0.0,0.0,0.0,0.49537182256170853,0.0,0.0,0.0,0.4729197025876343,0.5672025115984491,0.471801078343835,0.6044200270388411,0.0,0.0,0.0,0.5029812290770874,0.0,0.4287475568105799,0.5918359789066172,0.0,0.0,0.0,0.42957484537007273,0.44643636865589814,0.45002352444847493,0.4763503404444655,0.0,0.0,0.49403788894561196,0.46330429703459153,0.48266462221820333,0.4512558675372238,0.5017043374395237,0.47435673539049605
0.0,0.0,0.4526646491666603,0.0,0.3872000135290329,0.39714309820643384,0.0,0.3979873859699452,0.4522171490455792,0.0,0.0,0.0,0.3982817933524932,0.0,0.3977114152623844,0.4513161001027066,0.0,0.0,0.0,0.3127369230766519,0.4231350557076653,0.4154775432202606,0.3918780720207617,0.0,0.0,0.0,0.4045109836684746,0.3054292021639469,0.36450161419776794,0.0,0.3400835865926042,0.41804223499031834,0.3405219853520758,0.4008032846545123,0.41594010876588056,0.5621455776175407,0.41511670423875074,0.0,0.450377073601048,0.0,0.0,0.5043335758755959,0.5897243385847308,0.0,0.0,0.0,0.0,0.0,0.0,0.0,0.5414682731191722,0.0,0.5335840352905621,0.0,0.0,0.0,0.0,0.0,0.0,0.0,0.0,0.0,0.0,0.0,0.0,0.4415370472450091,0.0,0.48704033987239576,0.0,0.0,0.0,0.48122760848691465,0.0,0.49802280720200154,0.0,0.5101697070891217
0.37558737586181506,0.36063423816158346,0.44306647073087496,0.0,0.4831762923463877,0.41038695562659183,0.4625553902974978,0.4208168816032116,0.4556470680689252,0.36479869288264755,0.4722687679144435,0.3440614772356057,0.4368015020269993,0.0,0.3776561965952677,0.40393005613890043,0.35764295562382487,0.40614401695240027,0.4754949839709554,0.37166150598834724,0.3630976042366931,0.3956427279389282,0.40757971459444226,0.3983729803423697,0.4097668293577989,0.39608166765630565,0.4145104773548254,0.41285667731058284,0.3942037000605109,0.3400835865926042,0.0,0.4297600105841445,0.35901441823792446,0.3447378763069661,0.37041733439048935,0.44737767621703284,0.37345863453159656,0.323354261554439,0.4263796424772473,0.38575143640092874,0.40612456860076795,0.449977480394276,0.5154752553315891,0.0,0.0,0.43675720092218506,0.4439607049964269,0.0,0.0,0.0,0.49636769318394214,0.0,0.4853921097615217,0.0,0.42256524166490594,0.0,0.43327100371137556,0.6008412783273838,0.0,0.4503342609225805,0.41392028452109364,0.40336355313166894,0.4177220616568785,0.0,0.4198150980852776,0.43604005879486096,0.46782277155163554,0.48838540657349494,0.3656132855794952,0.4206212102690609,0.4341084717462103,0.47429435558584204,0.5022121368876841,0.4706914782230928,0.0,0.45504439115719086
0.394028939163993,0.40073662547917116,0.3980460012944912,0.2858736798008551,0.37557318951856244,0.3882060684788593,0.40800495282478794,0.3983518943645513,0.406453280687722,0.38431257739873914,0.40825711417024635,0.27349051117315737,0.41789795363827253,0.25354182700426586,0.40677402200561996,0.44826888467431314,0.41390876214757405,0.43777478618698584,0.4120058335828023,0.41964441551063336,0.4080512766793425,0.43180951087527614,0.3923820123474808,0.3508459000748658,0.4196643893200451,0.41378263028716233,0.40417289861741545,0.4125421981518537,0.4123690820713104,0.41804223499031834,0.4297600105841445,0.0,0.34706255204503,0.4295358382736763,0.4001731466885057,0.300241188002091,0.3198470048375225,0.27211260076487237,0.3452889253965718,0.3321455345783953,0.3917366412298164,0.3683876786807437,0.3901914345710053,0.3102089697610683,0.26849414032125174,0.44550936688023257,0.4628152841953602,0.515517877981354,0.0,0.0,0.4674071450864797,0.5316694836014733,0.4265596478096963,0.5124375286183207,0.38545766629191647,0.0,0.2466490662062463,0.4758064818249014,0.0,0.4697295133898872,0.4466133082152107,0.0,0.42153777809164755,0.5460163245704965,0.4319398727734039,0.44190034814168355,0.48281422398709833,0.4805140046528785,0.0,0.43026929650680695,0.46441685894074003,0.4511005962726019,0.43984860618713073,0.43985788296274614,0.4746209275573245,0.42648977158097945
0.32571705736869305,0.34683113345281297,0.0,0.2752837801476494,0.4711313397752144,0.36872882983112115,0.43759239960829555,0.3702290043503367,0.4238740075704451,0.3159456647271924,0.4703956193322596,0.2572447588475533,0.40785078986876394,0.2774149836045723,0.37139284712556275,0.3909875450272059,0.35078288078992276,0.3679554368815478,0.5299041623052111,0.36689306671728594,0.3585330551386482,0.3977340972808386,0.35571525580514984,0.2543915306189467,0.33505904077280074,0.3410393139010696,0.36582322822582597,0.38542706411353495,0.3358257296970997,0.3405219853520758,0.35901441823792446,0.34706255204503,0.0,0.3100891730011918,0.4176692127307788,0.35688097638987926,0.26984361942583973,0.23650154408300816,0.33952016992558054,0.30194140825677696,0.27074818344933615,0.33093068925819624,0.0,0.0,0.24051607754133905,0.4132184057165515,0.45640855163362465,0.0,0.0,0.0,0.46686606314215917,0.0,0.0,0.0,0.3174862241713922,0.0,0.32319943259241124,0.5491745975827351,0.0,0.47310411761923005,0.4239463727492252,0.3369554013745531,0.3929551982811312,0.0,0.4436052684001367,0.41906663650133125,0.48721266737654917,0.42925521791031307,0.27198070152756937,0.3887974057494258,0.41953453411318575,0.41314309615631745,0.0,0.4446019005032147,0.0,0.3881769498800977
0.35774454817422136,0.37983391802278604,0.44083100409297127,0.2893125595831793,0.4597746074508056,0.4127228263417069,0.4333988681678028,0.4228651675627414,0.45246068752965124,0.3196132136954229,0.45323050143429977,0.2374995577038819,0.43963453815954023,0.4062973714152572,0.4133015563175916,0.40814878425913675,0.36540241397388734,0.3994851086793998,0.46271492303836764,0.42202882584443824,0.3938346272811148,0.4245579413377951,0.41722670457253486,0.28502841720651423,0.3695422192415159,0.374069239958395,0.4259928715083269,0.4274745566034089,0.4294461887874267,0.4008032846545123,0.3447378763069661,0.4295358382736763,0.3100891730011918,0.0,0.3599091102772657,0.4431927285538678,0.37050843304976183,0.21709656812910866,0.36870574507228404,0.3301039963450645,0.34874634137661503,0.3614385191238055,0.0,0.3129913744710996,0.2843725133851237,0.4216264592182853,0.447878448939695,0.0,0.0,0.0,0.48433637476750807,0.0,0.4871508453915057,0.0,0.3645775425234715,0.0,0.34441967355196473,0.5473096544241093,0.0,0.4821997988731047,0.42416428253396465,0.35965386544481104,0.39830706485436607,0.0,0.4137529557635955,0.4619540571067223,0.485096250693986,0.4785362586383069,0.31713618134644767,0.37835863994509883,0.4284858665680373,0.4516476800540502,0.47004043699411246,0.46450056185751226,0.0,0.4326795592560887
0.4112812184287278,0.43330807057626813,0.42451071313746086,0.25677814546416455,0.42390486656509635,0.40762962404849545,0.3826032773714679,0.42653710422010144,0.43873818327263625,0.3348007533442112,0.4253027415904324,0.3041527935974408,0.4172318310733604,0.19821202179098613,0.44426589931165433,0.4540869352569372,0.38890248487383855,0.42227168926884184,0.43219869341851,0.449143479811216,0.452150564532427,0.4617323704375223,0.4352557851528719,0.3394954080022114,0.3930246592338162,0.40843876162283016,0.43778552652606484,0.3789544279081011,0.44762942308001824,0.41594010876588056,0.37041733439048935,0.4001731466885057,0.4176692127307788,0.3599091102772657,0.0,0.37984163588020886,0.3183998568791017,0.28976563767168606,0.368176014605695,0.36092717452377543,0.3634248782076697,0.3817925060616724,0.3263404371041658,0.3338355605586681,0.290745530109899,0.41334731667240654,0.45251975882001266,0.0,0.0,0.0,0.5353315943380749,0.6710690840033955,0.0,0.0,0.40142148258922317,0.0,0.28188527585132467,0.5898461210040153,0.0,0.4809571627373144,0.4510768664832374,0.0,0.41619915865878276,0.0,0.4601304914900341,0.48113707903386227,0.47340701436591154,0.49378336887989194,0.0,0.4118224840871958,0.44298278968306665,0.47479466917962376,0.0,0.5003895221277483,0.0,0.0
0.0,0.0,0.402041677150058,0.18199345065767591,0.24709434239984454,0.41557852984915544,0.30769469945547423,0.2846232704930578,0.41211673023485906,0.35520124218419796,0.31365499720878864,0.2741281659761192,0.33944742281376256,0.20113532902859121,0.41853947760315324,0.0,0.0,0.0,0.4127880192909739,0.4898831949404391,0.462532016787628,0.4881781036806658,0.38093199907436553,0.0,0.0,0.4354819756115959,0.42972518431504814,0.2984549212685526,0.48149966171522096,0.5621455776175407,0.44737767621703284,0.300241188002091,0.35688097638987926,0.4431927285538678,0.37984163588020886,0.0,0.21722159147925177,0.2836944615986855,0.3038753115717545,0.26717172331935607,0.32259090472087093,0.3105019745273066,0.29106149689409744,0.29284003142455883,0.0,0.0,0.0,0.4453943356504736,0.0,0.0,0.480465419162985,0.4576003121583595,0.0,0.43358879933158745,0.0,0.36676901240737064,0.22919232389349795,0.4210817446401653,0.0,0.0,0.0,0.0,0.0,0.4200527442737794,0.0,0.0,0.0,0.47898733064305477,0.0,0.0,0.0,0.4837486189372967,0.4102859456851398,0.49538948443468844,0.0,0.3680211314508608
0.0,0.0,0.4250751748663583,0.180888569563005,0.3134122821029653,0.4095702627076473,0.3242567003837319,0.0,0.42981152789910515,0.30714985678368834,0.4262977790607296,0.2919502459564379,0.3726682438620663,0.1831569588059347,0.0,0.0,0.40198177834813875,0.0,0.44724412504596933,0.4363358047827848,0.0,0.0,0.4043837179513418,0.0,0.0,0.0,0.41513980512653686,0.30624691893000033,0.0,0.41511670423875074,0.37345863453159656,0.3198470048375225,0.26984361942583973,0.37050843304976183,0.3183998568791017,0.21722159147925177,0.0,0.2776923665541092,0.2910638058907057,0.2358584145148684,0.2990109828581946,0.3303152794888479,0.2885650640022331,0.2872602755847219,0.0,0.0,0.0,0.0,0.0,0.0,0.0,0.0,0.0,0.0,0.0,0.0,0.23873549461043897,0.0,0.0,0.0,0.0,0.0,0.0,0.0,0.0,0.0,0.0,0.0,0.0,0.0,0.0,0.0,0.4030166470030815,0.0,0.0,0.0
0.0,0.0,0.0,0.2602012610663099,0.4498717435227208,0.0,0.3940803996312307,0.0,0.44237011780233804,0.2946498018544466,0.46010886055228495,0.2079666950036175,0.3989546018187068,0.362011887812726,0.0,0.0,0.31921641698424497,0.34155562577827325,0.4727974736341686,0.0,0.0,0.0,0.0,0.2432872233735138,0.313699869607124,0.3273147048249314,0.0,0.3634350434249036,0.0,0.0,0.323354261554439,0.27211260076487237,0.23650154408300816,0.21709656812910866,0.28976563767168606,0.2836944615986855,0.2776923665541092,0.0,0.28968446393269864,0.2370811143053831,0.2674541166545653,0.27796353118610695,0.0,0.0,0.26158956964055363,0.0,0.0,0.0,0.0,0.0,0.0,0.0,0.0,0.0,0.3195077180032649,0.0,0.3026264544207123,0.0,0.0,0.0,0.0,0.0,0.2452747820211133,0.0,0.0,0.0,0.0,0.0,0.19377648507473397,0.29353644708849636,0.28668681439243365,0.0,0.0,0.0,0.0,0.0
