0,1,2,3,4,5,6,7,8,9,10,11,12,13,14,15,16,17,18,19,20,21,22,23,24,25,26,27,28,29,30,31,32,33,34,35,36,37,38,39,40,41,42,43,44,45,46,47,48,49,50,51,52,53,54,55,56,57,58,59,60,61,62,63,64,65,66,67,68,69,70,71,72,73,74,75
0.0,0.4292223064456068,0.0,0.0,0.0,0.0,0.0,0.5109910626960016,0.0,0.4452238012564595,0.0,0.0,0.0,0.5105514085213416,0.38964460877955903,0.41460708153788206,0.38912399743011983,0.3926368650524005,0.0,0.4202953381788488,0.41311994060714846,0.4280856495557502,0.4683923363701446,0.4023893974378176,0.395111022871972,0.37016782916945995,0.4408983271541223,0.0,0.5018039968336584,0.0,0.3761621515074759,0.4302034983704767,0.3389061668353504,0.3795077850467985,0.44184124446402684,0.0,0.0,0.0,0.4567645339316806,0.44560959680516465,0.45333423920058297,0.46652684794344007,0.0,0.0,0.0,0.3870226262941536,0.4791362545038239,0.0,0.0,0.0,0.0,0.0,0.3991061131966984,0.0,0.0,0.0,0.0,0.0,0.0,0.0,0.46844943758656343,0.0,0.45153256380196494,0.0,0.454998552510705,0.3242607671351529,0.5126878262582134,0.5060504159681549,0.3777701374028313,0.44823846057393363,0.47937621915324324,0.0,0.0,0.4592029730261168,0.0,0.458638988451174
0.4292223064456068,0.0,0.0,0.0,0.4707357772739028,0.46436548701339364,0.47154127130107154,0.49764591318569695,0.4456594411139816,0.0,0.0,0.0,0.499393168587765,0.0,0.4451875928243203,0.4132410032265576,0.0,0.39560715058586265,0.0,0.4432788218106291,0.45199035012967875,0.39610451848965744,0.46209471210211295,0.0,0.3705961267490053,0.40307329906730316,0.45032618042415923,0.48861289703614985,0.4660985616871273,0.0,0.405633257274032,0.4528322273124347,0.3725059667282466,0.4240931826409902,0.46358645740808435,0.0,0.0,0.0,0.47109152986167724,0.46767758782125657,0.4775738792570066,0.49877935514244864,0.0,0.0,0.0,0.47816506898756156,0.4967946376082319,0.0,0.0,0.0,0.0,0.0,0.0,0.0,0.0,0.0,0.0,0.0,0.0,0.49502172408494505,0.48227827347916197,0.0,0.47004271092311556,0.0,0.48055917408789883,0.4859920212455806,0.4971833259845901,0.5115099940350942,0.4214920172877798,0.4747514987323249,0.5049552342740897,0.49892510278919144,0.0,0.4850426313492964,0.0,0.44794925831245647
0.0,0.0,0.0,0.4393006570043313,0.3980791152657966,0.42407621949405405,0.4308168832449897,0.45410547740727003,0.31781848843971494,0.493706603517312,0.3263395716248791,0.0,0.4400487020569359,0.4315486962404051,0.0,0.0,0.0,0.0,0.2767257712646174,0.0,0.0,0.0,0.34916064433743477,0.0,0.0,0.0,0.3519803840731229,0.4373736953599027,0.4402283897437137,0.0,0.4639026271335082,0.4276565930002715,0.0,0.45266914828782534,0.4331603987905947,0.42663641614034353,0.44823007070109117,0.0,0.5367559133790909,0.0,0.0,0.0,0.5045623849267119,0.0,0.0,0.0,0.0,0.35657291261535184,0.0,0.5480628435781294,0.5319834777758494,0.5510756798861177,0.5451565794916222,0.5612960736033614,0.0,0.5010490087369828,0.0,0.5899434046551635,0.5191044254955687,0.0,0.0,0.0,0.0,0.5351086653315418,0.0,0.0,0.0,0.5601596720666778,0.0,0.0,0.0,0.5396481022361935,0.0,0.0,0.0,0.0
0.0,0.0,0.4393006570043313,0.0,0.24426518443256517,0.4293520538566334,0.28527176073095883,0.25246604505671555,0.42112160454328484,0.20636865255423897,0.40828232735509734,0.0,0.3409908237403589,0.20488690234122175,0.5084711671297094,0.0,0.0,0.0,0.43474101693231254,0.48909423815607583,0.0,0.4700776459218445,0.43884912020896844,0.0,0.0,0.0,0.45995206782878467,0.2733483883303799,0.4961559684497958,0.0,0.3335633973462113,0.32404246503074735,0.48564111780228025,0.3725858146873709,0.3798522991146977,0.18683820093378892,0.18268263010270874,0.0,0.0,0.0,0.0,0.0,0.0,0.0,0.0,0.0,0.0,0.0,0.0,0.0,0.0,0.0,0.0,0.0,0.0,0.0,0.0,0.0,0.0,0.0,0.0,0.0,0.0,0.0,0.0,0.0,0.0,0.0,0.0,0.0,0.0,0.0,0.0,0.0,0.0,0.0
0.0,0.4707357772739028,0.3980791152657966,0.24426518443256517,0.0,0.4098586357733189,0.3561427688211945,0.3997870582871984,0.361697543431344,0.44995544064574555,0.3626320658834556,0.4201948346682126,0.4156806073124322,0.29515996333641126,0.0,0.4996176185076294,0.0,0.0,0.3813471437418632,0.41770868096044717,0.0,0.45696615373486293,0.407067451157194,0.49558598878578025,0.47672824420693183,0.0,0.397592286529692,0.3853482644673917,0.4294444402578759,0.0,0.4718903640057869,0.3962327428985644,0.0,0.4578712703735074,0.4029573376191834,0.23132993599591412,0.2922700132350814,0.42298757825938926,0.5141236055403566,0.0,0.0,0.0,0.4229881362981686,0.0,0.0,0.0,0.0,0.5410477096560191,0.0,0.5824872780791234,0.0,0.0,0.4962242112126909,0.5636390859543138,0.0,0.47808301503546513,0.0,0.0,0.48792199574539286,0.0,0.0,0.0,0.0,0.542966667457591,0.0,0.0,0.0,0.5119482823516363,0.0,0.0,0.0,0.5289505844215218,0.0,0.0,0.0,0.0
0.0,0.46436548701339364,0.42407621949405405,0.4293520538566334,0.4098586357733189,0.0,0.4224508191224493,0.4184919752714203,0.35480244846159364,0.45691176972412906,0.4133148000081666,0.0,0.4222405590679854,0.4018704929459369,0.45367381260246087,0.48425639266824805,0.0,0.46016356678257025,0.3924982631006,0.44243044681127397,0.4120872388463407,0.456060521539976,0.4126384848892682,0.0,0.4604968201694573,0.4610947407288542,0.4053317496722629,0.4250712950516818,0.36474643766976744,0.4442578949551346,0.4542532883850349,0.4321555004323938,0.41433669716081745,0.45527766708341666,0.46739587595013454,0.4576531821638461,0.4573419907588817,0.0,0.5410714154125286,0.0,0.5478919082066405,0.5859401773122002,0.4966702778634169,0.0,0.0,0.0,0.0,0.5536290830113813,0.0,0.5527956284567148,0.5149914914741942,0.5470170834920405,0.4879127041467472,0.5617913883259942,0.0,0.523043906480769,0.0,0.5432118744955864,0.5696460176654513,0.5200893711939887,0.0,0.0,0.0,0.5571129708010073,0.509390396358506,0.0,0.5010831829082459,0.5285684830155981,0.0,0.0,0.5440758258082217,0.5193941603747028,0.5343210516208391,0.5198328267399422,0.5465230432912435,0.5485110394993882
0.0,0.47154127130107154,0.4308168832449897,0.28527176073095883,0.3561427688211945,0.4224508191224493,0.0,0.4656214312862822,0.4141431507514165,0.41271710841503806,0.46644920694677605,0.4133437161966831,0.38801883436008056,0.34617394589094236,0.0,0.49396575241176044,0.4892092764385926,0.4744832058726457,0.4586201445551622,0.465948861341002,0.0,0.498499842275666,0.4381039613678572,0.42467999409052265,0.46094641217185583,0.4844459906344118,0.4270702331475432,0.3789830529879198,0.4567726659162842,0.0,0.4495861995439302,0.4273679398835895,0.43280371021865516,0.42742538585075823,0.35600690694870174,0.29722328186203667,0.3095549895267417,0.40371828214752653,0.0,0.0,0.5494097825311066,0.5952938678267021,0.4621479964054591,0.0,0.0,0.0,0.0,0.606926264552391,0.0,0.0,0.5935979483410332,0.0,0.5574321435183736,0.0,0.0,0.0,0.0,0.0,0.0,0.0,0.0,0.0,0.0,0.0,0.0,0.0,0.0,0.526648901793534,0.0,0.0,0.0,0.5308261672660802,0.0,0.0,0.0,0.0
0.5109910626960016,0.49764591318569695,0.45410547740727003,0.25246604505671555,0.3997870582871984,0.4184919752714203,0.4656214312862822,0.0,0.46714999030245385,0.4855345818016541,0.38017863029708576,0.0,0.4676122982575687,0.3318002497396242,0.3448953210350053,0.5061998509082317,0.0,0.0,0.4775529591605479,0.43175228413070493,0.3864420826779852,0.45722684471224484,0.38764003422982585,0.5257685493533102,0.4835140487671381,0.4933314058577036,0.448539902703226,0.4588903048363239,0.4272678780154054,0.4545622600602154,0.4754960779240536,0.334500762377759,0.3330988826967012,0.4829603676122944,0.4822831700570368,0.24799983812134074,0.3663090301719322,0.0,0.5008958079977713,0.0,0.5458823231819916,0.5228199910351019,0.33890664392479514,0.0,0.0,0.0,0.0,0.5694766611585098,0.0,0.4959785529291662,0.5033220673002217,0.4966392636931686,0.3834470824333384,0.5603502897057769,0.0,0.479187919715912,0.0,0.5172123213575073,0.43923285890745883,0.5103502245163374,0.0,0.0,0.0,0.5665912503743051,0.48196806082680066,0.44619775647368454,0.4588744822559007,0.5008685104920436,0.0,0.0,0.5818453138259365,0.5051894116740586,0.5208363565285556,0.4893594798440168,0.0,0.550427104610704
0.0,0.4456594411139816,0.31781848843971494,0.42112160454328484,0.361697543431344,0.35480244846159364,0.4141431507514165,0.46714999030245385,0.0,0.47657412972629665,0.3445154207637999,0.4948278287200105,0.3996477247760612,0.42229792465444244,0.0,0.4862908943495141,0.0,0.0,0.2989842424406085,0.40376723172696605,0.0,0.4363007114338902,0.4075615553771706,0.0,0.0,0.0,0.3872507339304827,0.4408179895196853,0.4007140983452163,0.4364401040896086,0.472805645008053,0.4359968123161486,0.47695410708665814,0.46003235665494935,0.4526851092404613,0.4424661017025829,0.4443569358852331,0.4762078986422854,0.5156745925717454,0.0,0.0,0.0,0.4906483221208306,0.0,0.0,0.0,0.0,0.541642240029937,0.0,0.5744030542916319,0.541702260545988,0.5802684727439364,0.5017113779593607,0.5847505810703668,0.0,0.5388998956323692,0.0,0.0,0.5131753870575926,0.0,0.0,0.0,0.0,0.5810976064231582,0.0,0.0,0.0,0.5339533507989433,0.0,0.0,0.0,0.5081108882682724,0.0,0.0,0.0,0.0
0.4452238012564595,0.0,0.493706603517312,0.20636865255423897,0.44995544064574555,0.45691176972412906,0.41271710841503806,0.4855345818016541,0.47657412972629665,0.0,0.4734533093838132,0.3349088802049658,0.42975012991881734,0.22706385554653127,0.0,0.40654008838373334,0.34963166936693335,0.381479597955354,0.48550421456990234,0.0,0.5071854813349008,0.42488379149906746,0.4679561684729252,0.369306749239174,0.35366713507336006,0.37552122913689,0.46938032503725724,0.40308500101620204,0.505023009380497,0.4889181474479941,0.3381563398770784,0.3529823892735593,0.32950357078068865,0.30048055724405387,0.29881034775613746,0.35076724781204827,0.2928849298813107,0.30579538132120165,0.33816591416009345,0.3540057957766106,0.3800177941851633,0.2921355795562761,0.2531037154657517,0.34161290178799375,0.3735200621540055,0.4901793144702429,0.0,0.0,0.0,0.0,0.0,0.45471524765661386,0.0,0.0,0.4833480164054766,0.0,0.4900536191806406,0.4729489584188129,0.0,0.0,0.0,0.4549860778535526,0.42658009688481174,0.0,0.0,0.0,0.0,0.0,0.46594814918152416,0.4482443521796459,0.480353064931914,0.0,0.44329772924579514,0.0,0.0,0.4443422050675977
0.0,0.0,0.3263395716248791,0.40828232735509734,0.3626320658834556,0.4133148000081666,0.46644920694677605,0.38017863029708576,0.3445154207637999,0.4734533093838132,0.0,0.47556911867794205,0.4762863625916733,0.30447321126298554,0.0,0.0,0.0,0.0,0.2833080681395299,0.0,0.0,0.0,0.30905777900534454,0.4755634930346625,0.0,0.0,0.4140272597481698,0.46749724372407825,0.0,0.0,0.5081281637083548,0.4231672101189429,0.0,0.4721309574467625,0.4613002800472913,0.34158948917760046,0.4513867302249931,0.45811886566923893,0.4787981133458139,0.0,0.0,0.0,0.453712513975155,0.0,0.0,0.0,0.0,0.5150764980496948,0.0,0.480454648510983,0.0,0.5188732907260767,0.514378052220136,0.5402482952206861,0.0,0.37504416435393273,0.0,0.5559802383158958,0.4802318298771756,0.0,0.0,0.0,0.0,0.3285227578446646,0.0,0.0,0.0,0.5465387144806325,0.0,0.0,0.0,0.0,0.0,0.0,0.0,0.0
0.0,0.0,0.0,0.0,0.4201948346682126,0.0,0.4133437161966831,0.0,0.4948278287200105,0.3349088802049658,0.47556911867794205,0.0,0.41928329338654236,0.0,0.0,0.0,0.3833182364733377,0.3876735755254927,0.0,0.0,0.0,0.0,0.0,0.3204267100642313,0.3686062838353775,0.3429006492952136,0.0,0.39519215442531574,0.0,0.4217660664198398,0.33756763923620414,0.28236347324402516,0.2521961434644954,0.24287836687363312,0.294526587978348,0.37445431526887224,0.3104336962239331,0.20206074011508365,0.25626822837685137,0.3397230573878504,0.3795792450600887,0.0,0.0,0.0,0.3389561251440225,0.0,0.0,0.0,0.0,0.0,0.0,0.0,0.0,0.0,0.47573477802115793,0.0,0.48771982331116553,0.4746767723266925,0.0,0.0,0.0,0.45030701097053816,0.4195667695168788,0.0,0.0,0.0,0.0,0.0,0.46005693341259263,0.4429676484682946,0.4757611634735737,0.0,0.4436951534567508,0.0,0.0,0.4249516106040523
0.0,0.499393168587765,0.4400487020569359,0.3409908237403589,0.4156806073124322,0.4222405590679854,0.38801883436008056,0.4676122982575687,0.3996477247760612,0.42975012991881734,0.4762863625916733,0.41928329338654236,0.0,0.41783522656574446,0.49961591839229913,0.5232012331659809,0.44422038502971284,0.484080307047669,0.4703934331873497,0.4812713124488034,0.4675690693968157,0.5189662976735534,0.4543941465952695,0.4338049033367116,0.4842784374052743,0.4754997374094396,0.4428920622281283,0.37973221947452435,0.4543191496850127,0.44830943474396856,0.438397295051573,0.43601952624775675,0.4230835489737404,0.43744621621516183,0.4258152071341838,0.37832146504125136,0.36493920434483,0.4073488977671829,0.53509233092321,0.4425396155462027,0.5032038937294188,0.5399448331516641,0.48924592820716073,0.0,0.0,0.0,0.0,0.5904723423212901,0.0,0.0,0.5384257523907334,0.0,0.5110189846913545,0.6583922028525763,0.0,0.5570142445594581,0.0,0.0,0.0,0.6443416162334152,0.0,0.0,0.0,0.6559926278452102,0.5646883536777665,0.0,0.0,0.5388761614892619,0.0,0.0,0.0,0.5241679533842485,0.6102399878936252,0.5593705753122297,0.0,0.6426296238829614
0.5105514085213416,0.0,0.4315486962404051,0.20488690234122175,0.29515996333641126,0.4018704929459369,0.34617394589094236,0.3318002497396242,0.42229792465444244,0.22706385554653127,0.30447321126298554,0.0,0.41783522656574446,0.0,0.4126011987899921,0.0,0.0,0.0,0.4229054878674926,0.4848385748582727,0.0,0.529918659326815,0.3892724315017843,0.0,0.0,0.5346959181229017,0.436702446280061,0.2962100292391063,0.0,0.0,0.42367361016318117,0.33526950268616307,0.5351927760430903,0.4088203654855386,0.5281738884931558,0.22346101542227687,0.1766291976778938,0.0,0.3594928523995327,0.0,0.0,0.0,0.38605661830908733,0.0,0.0,0.0,0.0,0.54235999924364,0.0,0.4172551377450415,0.0,0.5212450801615449,0.0,0.4877409616703669,0.0,0.4696664745557172,0.0,0.0,0.43167461732103024,0.0,0.0,0.0,0.0,0.0,0.0,0.0,0.0,0.502618593160282,0.0,0.0,0.0,0.0,0.0,0.0,0.0,0.0
0.38964460877955903,0.4451875928243203,0.0,0.5084711671297094,0.0,0.45367381260246087,0.0,0.3448953210350053,0.0,0.0,0.0,0.0,0.49961591839229913,0.4126011987899921,0.0,0.4939150394307471,0.0,0.43103132497919233,0.0,0.325864382929396,0.3788106381745445,0.39290059178411185,0.3940384342855903,0.4610099874609697,0.4175471109827,0.39614517408993233,0.4101178456845496,0.0,0.4522711946793066,0.0,0.45176883141965885,0.46303667262148107,0.42490787249041495,0.4682553561261585,0.502994458646585,0.5136449412905223,0.4837595881307618,0.0,0.5025251042266852,0.4882838691232222,0.4999116210557147,0.5275144897284729,0.5752463383426524,0.0,0.0,0.387834304466627,0.5148580832428524,0.0,0.0,0.0,0.5008460804118473,0.0,0.43173981325767363,0.0,0.0,0.0,0.0,0.0,0.0,0.512706053132686,0.5278709916586073,0.0,0.0,0.0,0.48889237031744887,0.4786823335189314,0.5187043616484399,0.4879640763131778,0.0,0.5532789889011716,0.5283907281489754,0.49308647460025956,0.5356526529447924,0.49250698837313495,0.0,0.4962800251223293
0.41460708153788206,0.4132410032265576,0.0,0.0,0.4996176185076294,0.48425639266824805,0.49396575241176044,0.5061998509082317,0.4862908943495141,0.40654008838373334,0.0,0.0,0.5232012331659809,0.0,0.4939150394307471,0.0,0.3964490834158528,0.38124012685837555,0.0,0.4501124393558097,0.4653726896938181,0.4049210494453787,0.48348747133003833,0.404852244701455,0.40151873993153403,0.4396965140980029,0.47073020400744714,0.48841569121395767,0.47637109846974196,0.4684861721164083,0.3780187629890445,0.4705985368920463,0.39079400986630486,0.41089040626254825,0.4829532790237932,0.0,0.0,0.0,0.46190779141152305,0.4500773250530403,0.45654984861560394,0.4763526231130864,0.0,0.0,0.0,0.48650480808743246,0.47740689581301665,0.0,0.0,0.0,0.0,0.0,0.0,0.0,0.0,0.0,0.0,0.0,0.0,0.5148052631774213,0.4649172055958255,0.0,0.46208801178857356,0.0,0.5028823754590392,0.5112235997091753,0.482763886994319,0.0,0.45047793568458105,0.4584652019753438,0.4956809469834079,0.0,0.0,0.5185962335688178,0.0,0.4418989485243364
0.38912399743011983,0.0,0.0,0.0,0.0,0.0,0.4892092764385926,0.0,0.0,0.34963166936693335,0.0,0.3833182364733377,0.44422038502971284,0.0,0.0,0.3964490834158528,0.0,0.3318433535326989,0.0,0.429977467138593,0.0,0.40495799575140934,0.0,0.39665498029639645,0.3024982338281808,0.3848515413711767,0.0,0.42400197482576135,0.0,0.0,0.35476395913216485,0.4289048238201851,0.35382216401827277,0.366973296516475,0.38984384760862717,0.38997970663616477,0.0,0.3429997282158083,0.4201934554478157,0.39807417804683787,0.4816913159340649,0.0,0.0,0.0,0.40127141749167305,0.0,0.0,0.0,0.0,0.0,0.0,0.0,0.0,0.0,0.4849711130626775,0.0,0.48078519068316444,0.0,0.0,0.0,0.4391073183302414,0.4723561365437953,0.44442964280672814,0.0,0.0,0.0,0.0,0.0,0.4697274706149265,0.4569579917677847,0.48021961843687694,0.0,0.0,0.0,0.0,0.49693777972689557
0.3926368650524005,0.39560715058586265,0.0,0.0,0.0,0.46016356678257025,0.4744832058726457,0.0,0.0,0.381479597955354,0.0,0.3876735755254927,0.484080307047669,0.0,0.43103132497919233,0.38124012685837555,0.3318433535326989,0.0,0.0,0.43723259083226673,0.44907999774356844,0.4176144943333759,0.46033683463748704,0.38604943172034845,0.3630455979246305,0.3996939555084117,0.44816696468737616,0.4518066014586353,0.4695787682974366,0.46880428185213613,0.3727070882228001,0.4337777997188771,0.35974673390953904,0.3966071777288065,0.42460159653421686,0.46495236581226124,0.0,0.3542831088325448,0.4653302400950592,0.44274010645226236,0.45283960427951353,0.4625796709370856,0.0,0.0,0.0,0.44781316140275185,0.4479143187447723,0.0,0.0,0.0,0.0,0.0,0.0,0.0,0.4511245368433448,0.0,0.4776388207301935,0.0,0.0,0.0,0.4409163647903131,0.4827602663178102,0.4522612232806595,0.0,0.0,0.0,0.4574060201189489,0.0,0.46446683298455366,0.44359045562841254,0.46555972254433625,0.0,0.0,0.0,0.0,0.4318218753750843
0.0,0.0,0.2767257712646174,0.43474101693231254,0.3813471437418632,0.3924982631006,0.4586201445551622,0.4775529591605479,0.2989842424406085,0.48550421456990234,0.2833080681395299,0.0,0.4703934331873497,0.4229054878674926,0.0,0.0,0.0,0.0,0.0,0.0,0.0,0.0,0.32770176793107036,0.0,0.0,0.0,0.38915849853423934,0.4650453675971217,0.6270667337213477,0.0,0.4782225539179276,0.4435280122877003,0.0,0.4663543013921718,0.4485706252381878,0.43030818962528233,0.4716536593084258,0.0,0.5143190641518949,0.0,0.0,0.0,0.4823750551698467,0.0,0.0,0.0,0.0,0.36143017394627647,0.0,0.5259942883179245,0.5710632011239025,0.5367518457049995,0.5529860158802012,0.5668853844223063,0.0,0.47576888672283785,0.0,0.0,0.513556568665484,0.0,0.0,0.0,0.0,0.5590377531117457,0.0,0.0,0.0,0.5614587699618022,0.0,0.0,0.0,0.542908822700253,0.0,0.0,0.0,0.0
0.4202953381788488,0.4432788218106291,0.0,0.48909423815607583,0.41770868096044717,0.44243044681127397,0.465948861341002,0.43175228413070493,0.40376723172696605,0.0,0.0,0.0,0.4812713124488034,0.4848385748582727,0.325864382929396,0.4501124393558097,0.429977467138593,0.43723259083226673,0.0,0.0,0.4129314820896611,0.39517047545799533,0.2834229666533199,0.6180113840755067,0.4313270300359727,0.4378138026260371,0.37887823680842053,0.43133898601433424,0.37503103976638086,0.3947550691653781,0.4067936776455579,0.46999781439594474,0.41215753797416343,0.4590065960133066,0.4952970554851734,0.5343058375177446,0.49500634133048516,0.0,0.5067301526408857,0.4991603776070017,0.5130741879228459,0.5272856885773016,0.6812604045090334,0.0,0.0,0.0,0.5036062891466497,0.0,0.0,0.0,0.5214310588595862,0.0,0.49414467518104344,0.0,0.0,0.0,0.0,0.5935329269430913,0.0,0.49895066799969684,0.0,0.0,0.0,0.0,0.49010990150648653,0.47453916040273453,0.5027606426076718,0.5004919724292832,0.0,0.0,0.5061966880606961,0.5055069923832101,0.5233234521952184,0.49883614378181146,0.0,0.5140191423243667
0.41311994060714846,0.45199035012967875,0.0,0.0,0.0,0.4120872388463407,0.0,0.3864420826779852,0.0,0.5071854813349008,0.0,0.0,0.4675690693968157,0.0,0.3788106381745445,0.4653726896938181,0.0,0.44907999774356844,0.0,0.4129314820896611,0.0,0.4460399380729817,0.38825318063494263,0.4992680585440463,0.4517595234686995,0.4173486756645227,0.42233615447592443,0.46066366790656715,0.43315518229554656,0.0,0.481922537592144,0.4422451603571405,0.40227452397616287,0.45240949432720623,0.0,0.0,0.0,0.0,0.48712454682651607,0.4352274745616337,0.4801331030805087,0.5104455522212534,0.0,0.0,0.0,0.2774382445440109,0.5004000473370386,0.0,0.0,0.0,0.49215663342405586,0.0,0.29067763448233636,0.0,0.0,0.0,0.0,0.5449505921171297,0.0,0.477736174848526,0.4771035165182582,0.0,0.0,0.0,0.4641612869527505,0.3364459190378297,0.4883199282966969,0.45689645778841387,0.0,0.0,0.49665393357773124,0.47805377947550953,0.4950454209350671,0.4768900038250897,0.0,0.5435860080941439
0.4280856495557502,0.39610451848965744,0.0,0.4700776459218445,0.45696615373486293,0.456060521539976,0.498499842275666,0.45722684471224484,0.4363007114338902,0.42488379149906746,0.0,0.0,0.5189662976735534,0.529918659326815,0.39290059178411185,0.4049210494453787,0.40495799575140934,0.4176144943333759,0.0,0.39517047545799533,0.4460399380729817,0.0,0.4653293254966441,0.4390769501615792,0.41886154893882127,0.4223200383121239,0.4439404336162522,0.47332020461624813,0.43642998664872096,0.44820026990906614,0.4090806524060965,0.4669057681617154,0.4112377943135813,0.45947549814734895,0.5044819004528113,0.5518609201997513,0.5087094133320705,0.0,0.49360415887748654,0.4965894585048066,0.5004282653894254,0.5240893737958597,0.6195929857744684,0.0,0.0,0.4872528419900539,0.5115197114876598,0.0,0.0,0.0,0.507803538421819,0.0,0.0,0.0,0.0,0.0,0.0,0.0,0.0,0.5272190340835844,0.4789288511906352,0.0,0.46707924093286635,0.0,0.49635888076961815,0.5106413023889174,0.5113971696099838,0.4979903381875483,0.0,0.46279309506603644,0.527430028103851,0.4979905914594284,0.5932198637591002,0.4899925664664524,0.0,0.4831911215432342
0.4683923363701446,0.46209471210211295,0.34916064433743477,0.43884912020896844,0.407067451157194,0.4126384848892682,0.4381039613678572,0.38764003422982585,0.4075615553771706,0.4679561684729252,0.30905777900534454,0.0,0.4543941465952695,0.3892724315017843,0.3940384342855903,0.48348747133003833,0.0,0.46033683463748704,0.32770176793107036,0.2834229666533199,0.38825318063494263,0.4653293254966441,0.0,0.5052001709771342,0.448519934290028,0.4521133466476507,0.3566410265230878,0.44978394620394646,0.42801204460816766,0.4388063395051066,0.4502571056575143,0.43668105486852826,0.4027571484006594,0.461577188888879,0.4731526665684227,0.43027878424265315,0.4543923348463157,0.5339699037246777,0.5278301494434327,0.4577848845438547,0.5683266233676607,0.5567727637235041,0.5364179112177131,0.5978998036749203,0.0,0.0,0.5165284834222578,0.5596213574746687,0.0,0.5509256157059529,0.5272801794530084,0.5431189052921906,0.4936700385886995,0.5774366409905347,0.0,0.5323810785107276,0.0,0.5449405934189545,0.5268510291089857,0.5034274454214309,0.0,0.0,0.0,0.5624530424545263,0.5024974868945319,0.4708691399768741,0.4978347420111369,0.5339342070934732,0.0,0.0,0.5158426313083315,0.5287354685799502,0.5434381504329875,0.5148130567212076,0.5415795912530054,0.5522927689556435
0.4023893974378176,0.0,0.0,0.0,0.49558598878578025,0.0,0.42467999409052265,0.5257685493533102,0.0,0.369306749239174,0.4755634930346625,0.3204267100642313,0.4338049033367116,0.0,0.4610099874609697,0.404852244701455,0.39665498029639645,0.38604943172034845,0.0,0.6180113840755067,0.4992680585440463,0.4390769501615792,0.5052001709771342,0.0,0.3774222422787403,0.37246133842762874,0.5283988080592844,0.4208082651732893,0.0,0.4187756124188514,0.3563026105400671,0.3924593740937994,0.2645939488780751,0.30078315237933706,0.3723290492875549,0.4010653128249612,0.0,0.23998119772033835,0.4720941756100969,0.2747230259390564,0.3919577202484363,0.4399875748130153,0.0,0.0,0.21667466208370556,0.4430378151806806,0.45909055431662993,0.0,0.0,0.0,0.0,0.0,0.0,0.0,0.4604872543379608,0.0,0.4539308006531979,0.4014733957645231,0.0,0.0,0.47845251791383536,0.4530000262756148,0.4660163367938085,0.0,0.0,0.0,0.0,0.0,0.45567716688466464,0.4703905381424108,0.47649395605648553,0.0,0.35556779849048414,0.0,0.0,0.43745546764491966
0.395111022871972,0.3705961267490053,0.0,0.0,0.47672824420693183,0.4604968201694573,0.46094641217185583,0.4835140487671381,0.0,0.35366713507336006,0.0,0.3686062838353775,0.4842784374052743,0.0,0.4175471109827,0.40151873993153403,0.3024982338281808,0.3630455979246305,0.0,0.4313270300359727,0.4517595234686995,0.41886154893882127,0.448519934290028,0.3774222422787403,0.0,0.38296696370875144,0.4472400677528266,0.42030514070189295,0.4591974463909681,0.0,0.37366536370879494,0.4220030165981584,0.330300652244804,0.36809012416896364,0.40394586654675024,0.4745991946126621,0.0,0.32377803757528795,0.45982260514863,0.43659641022085205,0.45764866310373103,0.46945645252436113,0.0,0.0,0.40055412654258565,0.4567430460848573,0.4539572853741698,0.0,0.0,0.0,0.0,0.0,0.0,0.0,0.4821385201077555,0.0,0.4878821611115316,0.5811381721900671,0.0,0.5016127878513785,0.44594614679856637,0.47750282858065163,0.4549713064785512,0.0,0.4709222814477242,0.47565435133440437,0.452666884561299,0.0,0.46530050561294894,0.44788575649436635,0.4705701238553108,0.0,0.5311215070442996,0.4740506518002727,0.0,0.4357762566588128
0.37016782916945995,0.40307329906730316,0.0,0.0,0.0,0.4610947407288542,0.4844459906344118,0.4933314058577036,0.0,0.37552122913689,0.0,0.3429006492952136,0.4754997374094396,0.5346959181229017,0.39614517408993233,0.4396965140980029,0.3848515413711767,0.3996939555084117,0.0,0.4378138026260371,0.4173486756645227,0.4223200383121239,0.4521133466476507,0.37246133842762874,0.38296696370875144,0.0,0.45282696061208816,0.4258052226006883,0.450615064098575,0.0,0.3990499203573393,0.4469952720244894,0.38391138005986775,0.4136142725063655,0.4569853004329961,0.4542090925509751,0.0,0.33238510113613634,0.4752269190852308,0.4635740851272708,0.47720114854063655,0.5106509896473315,0.0,0.0,0.40331454209637385,0.47347065619530826,0.5137708594053961,0.0,0.0,0.0,0.0,0.0,0.0,0.0,0.4918865570656908,0.0,0.4953286442503424,0.5684097773533043,0.0,0.5217056870140737,0.4841499507930779,0.4920804673680945,0.47451953508487243,0.0,0.4937163635894591,0.5012609344261588,0.5179101206770595,0.49577684126283095,0.4783492756371978,0.47158405791274527,0.49721985799213586,0.5061658230674947,0.5234115051136383,0.5023223298122059,0.4559862148363483,0.4610518129826623
0.4408983271541223,0.45032618042415923,0.3519803840731229,0.45995206782878467,0.397592286529692,0.4053317496722629,0.4270702331475432,0.448539902703226,0.3872507339304827,0.46938032503725724,0.4140272597481698,0.0,0.4428920622281283,0.436702446280061,0.4101178456845496,0.47073020400744714,0.0,0.44816696468737616,0.38915849853423934,0.37887823680842053,0.42233615447592443,0.4439404336162522,0.3566410265230878,0.5283988080592844,0.4472400677528266,0.45282696061208816,0.0,0.4422769801193296,0.3983782127162135,0.42428517312694575,0.43461849033526695,0.4431920384677259,0.4086456951639731,0.45490220341844967,0.4723607002408484,0.4687617032459445,0.46039003952299135,0.0,0.5220611928527367,0.4878263309226417,0.5402770882962429,0.5489304663224918,0.5103148357316494,0.0,0.0,0.0,0.0,0.5421852652246685,0.0,0.566839630152838,0.5188099459231732,0.5488278171060982,0.5037323243006004,0.5573346934069996,0.0,0.5388485184790367,0.0,0.5380466411312085,0.5410264046964139,0.508757837020945,0.0,0.0,0.0,0.584041989918967,0.5045968638385863,0.4906310935512473,0.5053898960793458,0.5303916428911674,0.0,0.0,0.5108371083366765,0.5213904081058715,0.5298246174995437,0.5142565105807443,0.5571425938473225,0.5419682675933815
0.0,0.48861289703614985,0.4373736953599027,0.2733483883303799,0.3853482644673917,0.4250712950516818,0.3789830529879198,0.4588903048363239,0.4408179895196853,0.40308500101620204,0.46749724372407825,0.39519215442531574,0.37973221947452435,0.2962100292391063,0.0,0.48841569121395767,0.42400197482576135,0.4518066014586353,0.4650453675971217,0.43133898601433424,0.46066366790656715,0.47332020461624813,0.44978394620394646,0.4208082651732893,0.42030514070189295,0.4258052226006883,0.4422769801193296,0.0,0.3919634308509774,0.34704470636223944,0.3963967540378603,0.42608905128660424,0.4016855115097725,0.40952244612121735,0.39280807324692807,0.3052224898428483,0.31654409744993445,0.3744722029186016,0.5335403207824898,0.3688561764665465,0.4848462927174227,0.0,0.0,0.0,0.0,0.0,0.0,0.6429123356548713,0.0,0.0,0.5243935957145028,0.0,0.4976235302456108,0.0,0.5111379504280797,0.0,0.0,0.0,0.0,0.5366038202540732,0.0,0.0,0.0,0.0,0.5117062962725557,0.5111776527429002,0.5733980524157827,0.535151443993279,0.0,0.0,0.5380139190011273,0.5275403022025518,0.5484617214644655,0.516623372347448,0.0,0.5648813220338347
0.5018039968336584,0.4660985616871273,0.4402283897437137,0.4961559684497958,0.4294444402578759,0.36474643766976744,0.4567726659162842,0.4272678780154054,0.4007140983452163,0.505023009380497,0.0,0.0,0.4543191496850127,0.0,0.4522711946793066,0.47637109846974196,0.0,0.4695787682974366,0.6270667337213477,0.37503103976638086,0.43315518229554656,0.43642998664872096,0.42801204460816766,0.0,0.4591974463909681,0.450615064098575,0.3983782127162135,0.3919634308509774,0.0,0.39303505836678243,0.3954873866154084,0.44858762784471995,0.3900806765733235,0.4470592992211846,0.47841630107118305,0.509559299344833,0.4970862860043537,0.0,0.5207112674382257,0.5292181755441188,0.5381263979672009,0.5672434321655107,0.612405847547009,0.0,0.0,0.0,0.5286225195660186,0.0,0.0,0.0,0.5176758702318336,0.0,0.4910796529105187,0.0,0.0,0.0,0.0,0.5543672789398332,0.0,0.5033359504505829,0.0,0.0,0.0,0.0,0.49962226184115643,0.47890723327144213,0.4977722291981101,0.520363530928483,0.0,0.0,0.5173577171419625,0.5159878402657023,0.5301042051091713,0.5116453475375677,0.5754825024442715,0.5358580242344141
0.0,0.0,0.0,0.0,0.0,0.4442578949551346,0.0,0.4545622600602154,0.4364401040896086,0.4889181474479941,0.0,0.4217660664198398,0.44830943474396856,0.0,0.0,0.4684861721164083,0.0,0.46880428185213613,0.0,0.3947550691653781,0.0,0.44820026990906614,0.4388063395051066,0.4187756124188514,0.0,0.0,0.42428517312694575,0.34704470636223944,0.39303505836678243,0.0,0.36918430177502454,0.4239041476834793,0.0,0.42075208520669805,0.4498960090651466,0.5238543553737437,0.49026448590279437,0.4913590255257043,0.531784697523966,0.0,0.0,0.0,0.0,0.0,0.0,0.0,0.0,0.0,0.0,0.0,0.0,0.0,0.0,0.0,0.0,0.0,0.0,0.0,0.0,0.0,0.0,0.0,0.0,0.0,0.0,0.0,0.0,0.5315473341230398,0.0,0.0,0.0,0.5268449446792355,0.6101426218466455,0.0,0.0,0.6722812524492584
0.3761621515074759,0.405633257274032,0.4639026271335082,0.3335633973462113,0.4718903640057869,0.4542532883850349,0.4495861995439302,0.4754960779240536,0.472805645008053,0.3381563398770784,0.5081281637083548,0.33756763923620414,0.438397295051573,0.42367361016318117,0.45176883141965885,0.3780187629890445,0.35476395913216485,0.3727070882228001,0.4782225539179276,0.4067936776455579,0.481922537592144,0.4090806524060965,0.4502571056575143,0.3563026105400671,0.37366536370879494,0.3990499203573393,0.43461849033526695,0.3963967540378603,0.3954873866154084,0.36918430177502454,0.0,0.43873924460769187,0.3366616622552422,0.2873886149664682,0.25544997076394693,0.44981323020894387,0.35298963901360736,0.30688211287165074,0.4947147594773465,0.39199941133707955,0.44176349643570145,0.0,0.0,0.0,0.44079701707009783,0.0,0.4696952344658909,0.0,0.0,0.0,0.5268156046384643,0.0,0.5150481229739372,0.0,0.46915047292763656,0.0,0.4764192288096055,0.0,0.0,0.5388024751684318,0.4523354169230087,0.49559677520016376,0.4583400537719238,0.0,0.49280244897698244,0.0,0.47539162479268465,0.5559821134991683,0.45555771535707523,0.45024620393836895,0.49635020637334165,0.5289848860180142,0.5406071312147862,0.5199914562471815,0.0,0.396260463639704
0.4302034983704767,0.4528322273124347,0.4276565930002715,0.32404246503074735,0.3962327428985644,0.4321555004323938,0.4273679398835895,0.334500762377759,0.4359968123161486,0.3529823892735593,0.4231672101189429,0.28236347324402516,0.43601952624775675,0.33526950268616307,0.46303667262148107,0.4705985368920463,0.4289048238201851,0.4337777997188771,0.4435280122877003,0.46999781439594474,0.4422451603571405,0.4669057681617154,0.43668105486852826,0.3924593740937994,0.4220030165981584,0.4469952720244894,0.4431920384677259,0.42608905128660424,0.44858762784471995,0.4239041476834793,0.43873924460769187,0.0,0.3529017345225719,0.37884153712231117,0.38119586420869156,0.3149501857710697,0.33395697904176297,0.2694656720502747,0.30292064459689827,0.3295035012127716,0.39951633912657725,0.3654479198118674,0.3388516766279538,0.3030801741623252,0.267567698588844,0.4634850300627532,0.48409084929028223,0.5486651554980381,0.0,0.43874680611166156,0.5302477517069366,0.0,0.5263415850297988,0.5259747677487155,0.3060753861545732,0.45623095129441016,0.2841348188807061,0.5346736000687239,0.4136683838453455,0.5167740763258933,0.4678992527835276,0.5040003243986886,0.4591211753888076,0.5504493850388343,0.5043029108518795,0.4827636314783953,0.4996202059948643,0.5366534606576842,0.484946544051787,0.45987268308750956,0.49836524274017385,0.5239440779563991,0.4538102471203081,0.5371898660075135,0.5300608917982417,0.5157676629107001
0.3389061668353504,0.3725059667282466,0.0,0.48564111780228025,0.0,0.41433669716081745,0.43280371021865516,0.3330988826967012,0.47695410708665814,0.32950357078068865,0.0,0.2521961434644954,0.4230835489737404,0.5351927760430903,0.42490787249041495,0.39079400986630486,0.35382216401827277,0.35974673390953904,0.0,0.41215753797416343,0.40227452397616287,0.4112377943135813,0.4027571484006594,0.2645939488780751,0.330300652244804,0.38391138005986775,0.4086456951639731,0.4016855115097725,0.3900806765733235,0.0,0.3366616622552422,0.3529017345225719,0.0,0.2717583177615643,0.3831858948365272,0.3324330700325981,0.2820157291463185,0.16545845700141698,0.28298186913509765,0.24183984885766785,0.3181861612702561,0.34333936634232454,0.38799361774086255,0.0,0.2468356491997663,0.44726837466332153,0.4705042637529051,0.0,0.0,0.0,0.0,0.0,0.0,0.0,0.40682401250088024,0.0,0.41236917562347086,0.4635805346333235,0.0,0.5160489967798447,0.4545558032775918,0.4284114471314112,0.43704245554152843,0.0,0.49349749945380694,0.48822671419530306,0.49616605702945454,0.46272305274970327,0.38575948978168406,0.4437523392280421,0.4630405143637218,0.4724387722565625,0.41721948968173456,0.0,0.0,0.39913918737970244
0.3795077850467985,0.4240931826409902,0.45266914828782534,0.3725858146873709,0.4578712703735074,0.45527766708341666,0.42742538585075823,0.4829603676122944,0.46003235665494935,0.30048055724405387,0.4721309574467625,0.24287836687363312,0.43744621621516183,0.4088203654855386,0.4682553561261585,0.41089040626254825,0.366973296516475,0.3966071777288065,0.4663543013921718,0.4590065960133066,0.45240949432720623,0.45947549814734895,0.461577188888879,0.30078315237933706,0.36809012416896364,0.4136142725063655,0.45490220341844967,0.40952244612121735,0.4470592992211846,0.42075208520669805,0.2873886149664682,0.37884153712231117,0.2717583177615643,0.0,0.3014052159638744,0.43292488550655295,0.34021814034875403,0.19427269654313184,0.3611759815825355,0.3343593908629868,0.3362022900395197,0.35057393123207,0.3770999347438698,0.3163364006111361,0.29826354698307656,0.44419965294656405,0.47176771663557027,0.0,0.0,0.0,0.530539998170901,0.5777625810056097,0.5063375153624248,0.0,0.449904133378643,0.0,0.44234521639411306,0.48897778483120724,0.0,0.5219023936849102,0.4573014369048802,0.4819157182585639,0.4563727845339578,0.0,0.508060497704374,0.48272593981166717,0.4914162150594126,0.5472999761391393,0.45538968969727234,0.45494879086070605,0.49118661640892425,0.5461889193732343,0.4492262607937153,0.5217020595158873,0.0,0.4798280274171425
0.44184124446402684,0.46358645740808435,0.4331603987905947,0.3798522991146977,0.4029573376191834,0.46739587595013454,0.35600690694870174,0.4822831700570368,0.4526851092404613,0.29881034775613746,0.4613002800472913,0.294526587978348,0.4258152071341838,0.5281738884931558,0.502994458646585,0.4829532790237932,0.38984384760862717,0.42460159653421686,0.4485706252381878,0.4952970554851734,0.0,0.5044819004528113,0.4731526665684227,0.3723290492875549,0.40394586654675024,0.4569853004329961,0.4723607002408484,0.39280807324692807,0.47841630107118305,0.4498960090651466,0.25544997076394693,0.38119586420869156,0.3831858948365272,0.3014052159638744,0.0,0.4703897929299079,0.3806341956376592,0.2406254712709522,0.32007007625642636,0.33287066889100436,0.3316554470477266,0.3601199389220826,0.34441821203856904,0.3491109908013742,0.3012017249735174,0.45521137180527904,0.5134977002289762,0.0,0.0,0.0,0.0,0.5648719253200291,0.0,0.0,0.4741420077409991,0.0,0.32781805027620736,0.5099676604845831,0.0,0.5445578424991102,0.4926310547344178,0.5251410302493102,0.4868712698755979,0.0,0.5197999942581338,0.0,0.5211646204284707,0.5090530288867035,0.0,0.47282930076954416,0.5044105608283421,0.48830727796135,0.42941661696027617,0.0,0.0,0.0
0.0,0.0,0.42663641614034353,0.18683820093378892,0.23132993599591412,0.4576531821638461,0.29722328186203667,0.24799983812134074,0.4424661017025829,0.35076724781204827,0.34158948917760046,0.37445431526887224,0.37832146504125136,0.22346101542227687,0.5136449412905223,0.0,0.38997970663616477,0.46495236581226124,0.43030818962528233,0.5343058375177446,0.0,0.5518609201997513,0.43027878424265315,0.4010653128249612,0.4745991946126621,0.4542090925509751,0.4687617032459445,0.3052224898428483,0.509559299344833,0.5238543553737437,0.44981323020894387,0.3149501857710697,0.3324330700325981,0.43292488550655295,0.4703897929299079,0.0,0.2594641547226068,0.36068456837021445,0.37904402329017256,0.0,0.39852380747107297,0.3172452409211323,0.3292083781240916,0.0,0.26478762014739166,0.0,0.0,0.511806600837158,0.0,0.4225565949321135,0.4502453858418865,0.46620522719561486,0.0,0.4998290846792896,0.0,0.43706456422975387,0.0,0.4934981759399307,0.37836711564212977,0.0,0.0,0.0,0.0,0.4909206806222504,0.0,0.0,0.0,0.5161689167438016,0.0,0.0,0.0,0.49845542106225954,0.5206781081543898,0.0,0.47990184189286483,0.0
0.0,0.0,0.44823007070109117,0.18268263010270874,0.2922700132350814,0.4573419907588817,0.3095549895267417,0.3663090301719322,0.4443569358852331,0.2928849298813107,0.4513867302249931,0.3104336962239331,0.36493920434483,0.1766291976778938,0.4837595881307618,0.0,0.0,0.0,0.4716536593084258,0.49500634133048516,0.0,0.5087094133320705,0.4543923348463157,0.0,0.0,0.0,0.46039003952299135,0.31654409744993445,0.4970862860043537,0.49026448590279437,0.35298963901360736,0.33395697904176297,0.2820157291463185,0.34021814034875403,0.3806341956376592,0.2594641547226068,0.0,0.29268002853823216,0.2688915764764852,0.2534900088643497,0.31724328165002447,0.29874105015120145,0.0,0.3099700260323183,0.0,0.0,0.0,0.0,0.0,0.0,0.0,0.0,0.0,0.0,0.0,0.0,0.0,0.0,0.0,0.0,0.0,0.0,0.0,0.0,0.0,0.0,0.0,0.6086198536946877,0.0,0.0,0.0,0.0,0.0,0.0,0.0,0.0
0.0,0.0,0.0,0.0,0.42298757825938926,0.0,0.40371828214752653,0.0,0.4762078986422854,0.30579538132120165,0.45811886566923893,0.20206074011508365,0.4073488977671829,0.0,0.0,0.0,0.3429997282158083,0.3542831088325448,0.0,0.0,0.0,0.0,0.5339699037246777,0.23998119772033835,0.32377803757528795,0.33238510113613634,0.0,0.3744722029186016,0.0,0.4913590255257043,0.30688211287165074,0.2694656720502747,0.16545845700141698,0.19427269654313184,0.2406254712709522,0.36068456837021445,0.29268002853823216,0.0,0.2602077418984098,0.22227896757231538,0.2925188680750527,0.25314044454294454,0.0,0.0,0.22178657868076276,0.0,0.0,0.0,0.0,0.0,0.0,0.0,0.0,0.0,0.3831041804829528,0.0,0.41011589325253267,0.0,0.0,0.0,0.0,0.3672025190687819,0.279036290021843,0.0,0.0,0.0,0.0,0.0,0.28171312028799383,0.0,0.42442194131218464,0.0,0.4097080849851694,0.0,0.0,0.3455281707752975
