0.0,0.421524495191014,0.0,0.0,0.0,0.47025242714341414,0.0,0.5007998093942845,0.0,0.43210623496955064,0.0,0.4234932184020665,0.0,0.0,0.3777905735346918,0.40468181188501895,0.0,0.39035983089796605,0.0,0.43845166826570176,0.39173908191740836,0.413027459722041,0.4731511501437759,0.3955423898891906,0.38816973317405473,0.3756752095568037,0.46292354729415436,0.0,0.477445340168723,0.0,0.38772847232989377,0.41991439215948395,0.3553964478303022,0.3889582382595764,0.4196805032623147,0.0,0.0,0.46071655283749435,0.4743421771303352,0.4655808508218793,0.46590723346110824,0.4837494036397778,0.0,0.0,0.0,0.43347130673130024,0.4749754465176625,0.0,0.0,0.0,0.0,0.0,0.0,0.0,0.0,0.0,0.4475714590945974,0.0,0.0,0.0,0.466698772558303,0.0,0.45033483401347885,0.0,0.0,0.4572650415387828,0.47715746065547104,0.0,0.4492963047682879,0.45145167632117306,0.47765222539933666,0.0,0.0,0.0,0.0,0.0
0.421524495191014,0.0,0.0,0.0,0.0,0.41679490399337804,0.44809566809774215,0.0,0.0,0.4490757110296848,0.0,0.0,0.4599786814869825,0.0,0.40326809380739437,0.42261558855229064,0.45461899563300134,0.4131413301601022,0.0,0.41591891750745924,0.3926533103504915,0.3897818032186212,0.4422559020440439,0.0,0.40906059916747034,0.3827041743837284,0.4349616856109643,0.46181275560979856,0.4368709870091635,0.0,0.38648938776994823,0.4187179603863668,0.33997138552844236,0.3898481231184616,0.4265038582704492,0.0,0.0,0.0,0.44776819438027443,0.45162709169576193,0.45836674629024615,0.4728901128501286,0.0,0.0,0.0,0.4849554795780128,0.47176824041363885,0.0,0.0,0.0,0.5142803737621287,0.0,0.0,0.0,0.6223730401828236,0.0,0.7320839404165762,0.0,0.0,0.4879784177231255,0.4617739247039747,0.0,0.4259630887740076,0.0,0.4543431693286677,0.480218582270991,0.4522771897704338,0.0,0.0,0.41523835823834426,0.48747705629035687,0.48400383830355687,0.0,0.4832948181174578,0.0,0.43580676855514344
0.0,0.0,0.0,0.48371028885427525,0.4035092672269097,0.40880134302495785,0.4521047455239993,0.4900008565854993,0.30839318211764244,0.5319760358266423,0.36302240033599387,0.0,0.4642799708157105,0.4582514928445625,0.0,0.0,0.0,0.0,0.2703187064816889,0.0,0.6204656606551949,0.0,0.34139162509343274,0.0,0.0,0.0,0.35066953155773906,0.47260646737270867,0.0,0.0,0.4880810946322662,0.4563080048053312,0.0,0.48265503000726145,0.49894298091690903,0.43464798680478944,0.4726898053283748,0.0,0.5422732269797387,0.0,0.0,0.0,0.5036791635545227,0.0,0.0,0.0,0.0,0.4889505152599293,0.0,0.5376612722777505,0.5787920649093046,0.0,0.5616520633096677,0.5227736915450927,0.0,0.5025385926405275,0.0,0.0,0.5045078766857222,0.0,0.0,0.0,0.0,0.46662465636319894,0.0,0.0,0.0,0.5716770977765357,0.0,0.0,0.0,0.5668402114925399,0.0,0.0,0.0,0.721927420687083
0.0,0.0,0.48371028885427525,0.0,0.27617168131126946,0.44290176384284885,0.3030667778633026,0.3797811994889173,0.4420059340534596,0.1912166426110791,0.3925288107424878,0.0,0.3073532681958338,0.28409133499154315,0.0,0.0,0.0,0.0,0.45148020877638506,0.0,0.0,0.0,0.41452418325856233,0.0,0.0,0.0,0.4508281108208565,0.289248359779786,0.0,0.0,0.0,0.31266073462423316,0.0,0.21208820755890845,0.19638434016135592,0.22059059864044764,0.18158306368421942,0.0,0.0,0.0,0.0,0.0,0.0,0.0,0.0,0.0,0.0,0.0,0.0,0.0,0.0,0.0,0.0,0.0,0.0,0.0,0.0,0.0,0.0,0.0,0.0,0.0,0.0,0.0,0.0,0.0,0.0,0.0,0.0,0.0,0.0,0.0,0.0,0.0,0.0,0.0
0.0,0.0,0.4035092672269097,0.27617168131126946,0.0,0.40328732095063496,0.35699867759825415,0.37369725589847863,0.3469044161765617,0.4167218156954741,0.34364171317127634,0.3975940903926726,0.3926194325719399,0.29781605997491756,0.0,0.49494794508196416,0.0,0.0,0.3796432370328794,0.4117604546630854,0.7016393585266796,0.47869524372799527,0.40880585517071044,0.0,0.0,0.0,0.39910072431610905,0.38057487993303696,0.4565060002557223,0.0,0.45378341841826775,0.3872655071682914,0.0,0.43930256302070764,0.4728121087294477,0.260831470755375,0.3332669479401058,0.0,0.0,0.0,0.0,0.0,0.38147162198050544,0.0,0.0,0.0,0.0,0.5315384923510449,0.0,0.5335827130159979,0.4779474704128034,0.0,0.4402978619879434,0.5449142596619342,0.0,0.4188416177704528,0.0,0.0,0.0,0.0,0.0,0.0,0.0,0.5112206785691702,0.0,0.0,0.0,0.5055571035466888,0.0,0.0,0.0,0.5220753953872601,0.0,0.0,0.0,0.0
0.47025242714341414,0.41679490399337804,0.40880134302495785,0.44290176384284885,0.40328732095063496,0.0,0.4378518530687273,0.44264996484845,0.36307991782096993,0.455856484086137,0.39436901288972487,0.504197074986999,0.4276060077672199,0.4347014261222569,0.44114952114720274,0.4544073387541218,0.0,0.44433926755354364,0.40633622549624254,0.41880833899450504,0.42686939092819903,0.4506367469010197,0.4114347215068117,0.0,0.4197306823977272,0.4155694324554903,0.40888441887553967,0.43064319913283783,0.3808276187001322,0.43158933222657225,0.45668211049831414,0.4338886397092355,0.394813025585324,0.4592248548779659,0.47904188748207155,0.45764082186998717,0.45857292322794857,0.49691417545999983,0.4880832387235158,0.0,0.5180379296309703,0.5125256255077851,0.5264608959173772,0.0,0.0,0.0,0.0,0.5466112080649845,0.0,0.0,0.5270961102299458,0.0,0.5177150981055811,0.5551584363176063,0.0,0.5180973537114489,0.0,0.5222195371286976,0.0,0.512658509930554,0.0,0.0,0.0,0.5501190618053277,0.4978811681739047,0.5071876776604805,0.5143596836487548,0.5340704233982507,0.0,0.0,0.49449648404219565,0.5245839653357484,0.5116862208606419,0.48896616753919786,0.0,0.5204230674770662
0.0,0.44809566809774215,0.4521047455239993,0.3030667778633026,0.35699867759825415,0.4378518530687273,0.0,0.4618406353288418,0.4053221186650851,0.3807917746720219,0.4391785251172473,0.0,0.38355688290194484,0.3529298044339047,0.0,0.48515392787665657,0.0,0.48205485827611627,0.4548852570578157,0.45386727831873175,0.4981172543712566,0.4974934037818793,0.4513020225494411,0.39390786195608646,0.46905143841960095,0.0,0.4613822451217239,0.4099928879180632,0.46676150253524923,0.0,0.4842783475565075,0.4261444825286759,0.0,0.42938048790833067,0.5508367432456304,0.30729332706558166,0.2751171613259838,0.3802759087155446,0.0,0.0,0.0,0.0,0.0,0.0,0.0,0.0,0.0,0.0,0.0,0.0,0.0,0.0,0.0,0.0,0.0,0.0,0.0,0.0,0.0,0.0,0.0,0.0,0.0,0.0,0.0,0.0,0.0,0.5400622139796485,0.0,0.0,0.0,0.5196205680226925,0.0,0.0,0.0,0.0
0.5007998093942845,0.0,0.4900008565854993,0.3797811994889173,0.37369725589847863,0.44264996484845,0.4618406353288418,0.0,0.48776844522853396,0.510759769866622,0.32927796740848725,0.0,0.456508645611485,0.3779879427060815,0.0,0.0,0.0,0.0,0.45122673761425125,0.0,0.42002482455610063,0.0,0.3817702340546558,0.5211432338499369,0.44853700421851406,0.48076409060757486,0.4677614620348269,0.44730412057678737,0.39931621970756737,0.42388378461327714,0.46775606436743467,0.41653664991123523,0.0,0.45353666327061104,0.4566079782280187,0.27237000300081843,0.2739459201258713,0.0,0.48895053724131227,0.0,0.5134603923052931,0.0,0.4924067410538741,0.0,0.0,0.0,0.0,0.5481407851484436,0.0,0.58635689998345,0.4993123303585593,0.0,0.40851216519797007,0.5498345151533481,0.0,0.48789732659996754,0.0,0.49895768619692743,0.0,0.5111343134326841,0.0,0.0,0.0,0.5331797509360442,0.4952559657260407,0.379336869225838,0.5008335583436335,0.5107489881166636,0.0,0.0,0.5911876733440052,0.5280595811452754,0.48810172691039666,0.47851148102405433,0.0,0.5241181021172988
0.0,0.0,0.30839318211764244,0.4420059340534596,0.3469044161765617,0.36307991782096993,0.4053221186650851,0.48776844522853396,0.0,0.46292165773294314,0.3213802440712615,0.470444405440186,0.41734922379662415,0.42982350067080216,0.0,0.0,0.0,0.0,0.26894985291844614,0.37057729015310614,0.0,0.0,0.4071482018191081,0.0,0.0,0.0,0.3761608498545733,0.46589641238331947,0.3986925134324903,0.0,0.4937219752050314,0.4506200199305976,0.0,0.4735226409202614,0.4673750806306691,0.43918899358820623,0.45393085403773736,0.0,0.0,0.0,0.0,0.0,0.4789228332632525,0.0,0.0,0.0,0.0,0.5697607148750532,0.0,0.0,0.5533373884580278,0.0,0.5535728703980576,0.5844174516844103,0.0,0.5239232890484956,0.0,0.0,0.480269219771293,0.0,0.0,0.0,0.0,0.5542957828914855,0.0,0.0,0.0,0.5608532215126826,0.0,0.0,0.0,0.5690551808359783,0.0,0.0,0.0,0.0
0.43210623496955064,0.4490757110296848,0.5319760358266423,0.1912166426110791,0.4167218156954741,0.455856484086137,0.3807917746720219,0.510759769866622,0.46292165773294314,0.0,0.44182842007507056,0.2997864248246953,0.409158440588686,0.0,0.0,0.3954217759232802,0.32008602927818064,0.3474496341635369,0.4928267878609108,0.0,0.0,0.4349186274995006,0.46815157133672153,0.3310904171858359,0.3413214752354521,0.3533506454733783,0.4792445769877431,0.3799112687836824,0.0,0.0,0.3558063449660156,0.35388830940798416,0.317546101475712,0.3273881698275029,0.3431282075448697,0.29541780470729995,0.2684948594390074,0.2953908248635512,0.41146009652939475,0.3565458796989252,0.4450613211000831,0.0,0.0,0.0,0.33804716664871814,0.0,0.0,0.0,0.0,0.0,0.0,0.0,0.0,0.0,0.41751078732218505,0.0,0.43697169080122694,0.0,0.0,0.0,0.0,0.4437106979772914,0.46846451030247843,0.0,0.0,0.0,0.0,0.0,0.4622871420104702,0.46309232006286766,0.4742005045609088,0.0,0.0,0.0,0.0,0.47524317205461564
0.0,0.0,0.36302240033599387,0.3925288107424878,0.34364171317127634,0.39436901288972487,0.4391785251172473,0.32927796740848725,0.3213802440712615,0.44182842007507056,0.0,0.0,0.4393432138566619,0.3195936472844851,0.0,0.0,0.0,0.0,0.2821586406269148,0.0,0.0,0.0,0.3051700100967286,0.0,0.0,0.0,0.4110877937346204,0.42847101910255986,0.0,0.0,0.459746605559462,0.39403493688742536,0.0,0.4445429063110377,0.4420950536323421,0.30111659525000006,0.41757080008369746,0.0,0.0,0.0,0.0,0.0,0.380465445818415,0.0,0.0,0.0,0.0,0.472396844685866,0.0,0.413780317387353,0.5345804983727577,0.0,0.4423053274079295,0.49697139157805004,0.0,0.3696121422641312,0.0,0.0,0.39014856699379413,0.0,0.0,0.0,0.0,0.43199787892242114,0.0,0.0,0.0,0.5113465984380373,0.0,0.0,0.0,0.5292087410164233,0.0,0.0,0.0,0.0
0.4234932184020665,0.0,0.0,0.0,0.3975940903926726,0.504197074986999,0.0,0.0,0.470444405440186,0.2997864248246953,0.0,0.0,0.39434601682246073,0.0,0.0,0.0,0.37753873040314323,0.3698005428468969,0.0,0.0,0.0,0.0,0.0,0.2954662818996836,0.3599655007770654,0.32292846322172575,0.5538548520205866,0.3615231864469779,0.0,0.0,0.3576200916622883,0.26038312952622844,0.2673288743668945,0.2562653642801136,0.28029544740787293,0.3276821063108879,0.30753087826862646,0.22493990367171873,0.25804303477533824,0.37681969566441587,0.4163226762673292,0.27674341301694627,0.0,0.0,0.365445199782749,0.0,0.0,0.0,0.0,0.0,0.0,0.0,0.0,0.0,0.430645310297291,0.0,0.44364911312582306,0.0,0.0,0.0,0.0,0.0,0.0,0.0,0.0,0.0,0.0,0.0,0.4579070861369332,0.46663003333425085,0.47824841623776126,0.0,0.0,0.0,0.0,0.45140290552413653
0.0,0.4599786814869825,0.4642799708157105,0.3073532681958338,0.3926194325719399,0.4276060077672199,0.38355688290194484,0.456508645611485,0.41734922379662415,0.409158440588686,0.4393432138566619,0.39434601682246073,0.0,0.37026889747885133,0.44951827413244133,0.4920743602053019,0.45222248642753166,0.47267057269458707,0.4644512005519894,0.45713060557136587,0.4614864963242803,0.49781216979929427,0.4565648685381349,0.4036715388318257,0.44855249098821726,0.43559569656822916,0.46456939991532875,0.38521924333324575,0.43462411019879565,0.4219788315945024,0.4418012710239359,0.42491792506907033,0.3920541469821151,0.43232365073968465,0.46985964394888957,0.3645516684282053,0.3526554479137728,0.38400169144497753,0.3985580672607555,0.0,0.0,0.0,0.0,0.0,0.0,0.0,0.0,0.0,0.0,0.0,0.5241836846109545,0.0,0.5096494085567349,0.0,0.0,0.0,0.0,0.0,0.0,0.0,0.0,0.0,0.0,0.0,0.5541657023819153,0.0,0.0,0.5287609846226086,0.0,0.0,0.0,0.51870228048528,0.0,0.5389910918663268,0.0,0.0
0.0,0.0,0.4582514928445625,0.28409133499154315,0.29781605997491756,0.4347014261222569,0.3529298044339047,0.3779879427060815,0.42982350067080216,0.0,0.3195936472844851,0.0,0.37026889747885133,0.0,0.0,0.0,0.0,0.0,0.3974588687527373,0.0,0.4455471714187579,0.0,0.38834035320134286,0.0,0.0,0.0,0.4612999270432849,0.3216773584861289,0.0,0.0,0.0,0.27042353626621696,0.0,0.3545263195047932,0.33627636457519494,0.2546049860689725,0.18743817593179032,0.0,0.0,0.0,0.0,0.0,0.0,0.0,0.0,0.0,0.0,0.0,0.0,0.0,0.0,0.0,0.0,0.0,0.0,0.0,0.0,0.0,0.0,0.0,0.0,0.0,0.0,0.0,0.0,0.0,0.0,0.0,0.0,0.0,0.0,0.0,0.0,0.0,0.0,0.0
0.3777905735346918,0.40326809380739437,0.0,0.0,0.0,0.44114952114720274,0.0,0.0,0.0,0.0,0.0,0.0,0.44951827413244133,0.0,0.0,0.3877136384793501,0.0,0.3843405013046196,0.0,0.3625785179418042,0.363488401674378,0.3603407040383221,0.37603402707703676,0.4529675867721634,0.3684857265015464,0.35772459837776593,0.41710415294708975,0.4416391923106577,0.44323919524159067,0.0,0.40417767337268534,0.4171302351942911,0.36078720417814314,0.40933502753552076,0.45958718593780573,0.48471728051172436,0.0,0.0,0.4655594932907657,0.44126688495597977,0.4794103734981513,0.4947715494026849,0.5580600454200855,0.0,0.0,0.3288150691455381,0.4528020100212605,0.0,0.0,0.0,0.47685470531191476,0.0,0.4633929276076936,0.0,0.0,0.0,0.0,0.0,0.0,0.4896373386759646,0.4922252588352312,0.0,0.0,0.0,0.46767357550672584,0.4588111512664082,0.47315322655860104,0.5009221176856797,0.0,0.4843345912820152,0.4987885921049964,0.4871274496298375,0.0,0.476142011446862,0.0,0.48200272749970374
0.40468181188501895,0.42261558855229064,0.0,0.0,0.49494794508196416,0.4544073387541218,0.48515392787665657,0.0,0.0,0.3954217759232802,0.0,0.0,0.4920743602053019,0.0,0.3877136384793501,0.0,0.3834510173440988,0.3590648611894742,0.0,0.41296929382825903,0.38173674616518577,0.37876034491022287,0.4419895229129358,0.0,0.3708739533728631,0.41238663551010446,0.45113306936706205,0.44974816314735505,0.45350617785417524,0.0,0.364327908451625,0.38375028982112913,0.36197494962985904,0.3701347492789813,0.39253175880016594,0.0,0.0,0.0,0.43370205303023707,0.4263786630946654,0.4483546714331887,0.4577092171460488,0.0,0.0,0.0,0.4683890844407696,0.45665152634285194,0.0,0.0,0.0,0.0,0.0,0.0,0.0,0.5507083137674903,0.0,0.714916551799474,0.0,0.0,0.47640019101941206,0.45146887613885667,0.6422484108577968,0.41389278441779037,0.0,0.46711292018027906,0.4640433702996979,0.44391730202814117,0.0,0.42094260674120215,0.41559202013593927,0.45723736112503277,0.0,0.0,0.0,0.0,0.4405539764743745
0.0,0.45461899563300134,0.0,0.0,0.0,0.0,0.0,0.0,0.0,0.32008602927818064,0.0,0.37753873040314323,0.45222248642753166,0.0,0.0,0.3834510173440988,0.0,0.3412433376863396,0.0,0.4544101580932993,0.0,0.4113232363265606,0.0,0.3790200259890851,0.34949022911424826,0.3729717598570738,0.8543189833428444,0.4244134301006726,0.5107275890410821,0.0,0.3698256722111032,0.4158216469009349,0.3431757890264037,0.3809237197737486,0.40111888866559997,0.0,0.0,0.362876207232884,0.39044319036800335,0.40126598827935206,0.0,0.0,0.0,0.0,0.0,0.477351471531942,0.4634866231456853,0.0,0.0,0.0,0.0,0.0,0.0,0.0,0.398387318008008,0.0,0.41999630963542256,0.0,0.0,0.0,0.0,0.0,0.44634854498210674,0.0,0.0,0.0,0.0,0.0,0.47668566233130966,0.45379946622036565,0.4665539450733166,0.0,0.0,0.0,0.0,0.0
0.39035983089796605,0.4131413301601022,0.0,0.0,0.0,0.44433926755354364,0.48205485827611627,0.0,0.0,0.3474496341635369,0.0,0.3698005428468969,0.47267057269458707,0.0,0.3843405013046196,0.3590648611894742,0.3412433376863396,0.0,0.0,0.42461537419860734,0.38540124873369247,0.4056773384102056,0.43733364932854846,0.38236152174813326,0.35743866675581826,0.38696834954472464,0.4410366892502892,0.4563711710364663,0.4574452872423956,0.0,0.3783965952698098,0.41364981815047175,0.3280523726212222,0.37933298624992795,0.39881276657939047,0.0,0.0,0.0,0.4667271769555971,0.45416354575757867,0.44830294873358345,0.0,0.0,0.0,0.0,0.445872164899538,0.44936026702334486,0.0,0.0,0.0,0.0,0.0,0.0,0.0,0.3921390031010567,0.0,0.41201408910406684,0.0,0.0,0.0,0.4483123011430433,0.4191801569809219,0.425529566262154,0.0,0.0,0.4533385997726539,0.4426696991126334,0.0,0.4592677654354075,0.43546220693381804,0.4535285384837955,0.0,0.0,0.0,0.0,0.4433314628738816
0.0,0.0,0.2703187064816889,0.45148020877638506,0.3796432370328794,0.40633622549624254,0.4548852570578157,0.45122673761425125,0.26894985291844614,0.4928267878609108,0.2821586406269148,0.0,0.4644512005519894,0.3974588687527373,0.0,0.0,0.0,0.0,0.0,0.0,0.0,0.0,0.28682683227411393,0.0,0.0,0.0,0.408235065631634,0.4604628556760212,0.0,0.0,0.4832326336422163,0.4365629543922254,0.0,0.4688264324360676,0.4456260385722014,0.40299696410805674,0.4628898660378897,0.0,0.0,0.0,0.0,0.0,0.44194145333034934,0.0,0.0,0.0,0.0,0.5265322303881763,0.0,0.0,0.5609076946727876,0.0,0.5072645070795336,0.5548757894540622,0.0,0.42931346035851065,0.0,0.0,0.0,0.0,0.0,0.0,0.0,0.5133677083012256,0.0,0.0,0.0,0.5579645490814067,0.0,0.0,0.0,0.572597498097353,0.0,0.0,0.0,0.0
0.43845166826570176,0.41591891750745924,0.0,0.0,0.4117604546630854,0.41880833899450504,0.45386727831873175,0.0,0.37057729015310614,0.0,0.0,0.0,0.45713060557136587,0.0,0.3625785179418042,0.41296929382825903,0.4544101580932993,0.42461537419860734,0.0,0.0,0.4168279791098128,0.35666889911373767,0.3578641259499956,0.0,0.41698962987426574,0.41229474013732553,0.40183895774814815,0.38189014488986195,0.34708020303834347,0.3479675302462326,0.39496877503199995,0.4512805253394253,0.3833349727313927,0.4368042736750022,0.4863127878462711,0.5341109874587094,0.0,0.0,0.48732190080432575,0.46925225715294605,0.48471632689992306,0.4950556943173363,0.0,0.0,0.0,0.5344408628979979,0.4658846772284807,0.0,0.0,0.0,0.5019535682469463,0.0,0.49731140034874255,0.0,0.0,0.0,0.0,0.0,0.0,0.49039470524011947,0.557235985023627,0.0,0.0,0.0,0.4791420359318113,0.4725370449144558,0.46944245246595384,0.509238720894588,0.0,0.0,0.4763851053982268,0.517885883973623,0.5113394734130569,0.48132394462227135,0.0,0.5045705589690541
0.39173908191740836,0.3926533103504915,0.6204656606551949,0.0,0.7016393585266796,0.42686939092819903,0.4981172543712566,0.42002482455610063,0.0,0.0,0.0,0.0,0.4614864963242803,0.4455471714187579,0.363488401674378,0.38173674616518577,0.0,0.38540124873369247,0.0,0.4168279791098128,0.0,0.38276893173894755,0.4147033277788703,0.4966407144500211,0.38498515352426876,0.3945655639068335,0.45378929581206046,0.44277055282292316,0.423467669839908,0.4345667036127828,0.38051214424072205,0.3852993270527188,0.32211025406238136,0.3724659905295169,0.43734620633713217,0.4353058904291787,0.0,0.0,0.4633530645034288,0.45373189987057744,0.4911634870807885,0.5053835527573561,0.0,0.0,0.0,0.42070482314752966,0.4622961791087955,0.0,0.0,0.0,0.4649340664829808,0.0,0.4664072044650294,0.0,0.0,0.0,0.0,0.5570114587767904,0.0,0.48823906559343033,0.4765401756255146,0.0,0.0,0.0,0.4772598511538087,0.37209288828256976,0.4782130743210779,0.4997985266172567,0.0,0.48310919371235417,0.4966268703832027,0.5171956544857756,0.5150525420747037,0.49880331575324144,0.0,0.4916120630412422
0.413027459722041,0.3897818032186212,0.0,0.0,0.47869524372799527,0.4506367469010197,0.4974934037818793,0.0,0.0,0.4349186274995006,0.0,0.0,0.49781216979929427,0.0,0.3603407040383221,0.37876034491022287,0.4113232363265606,0.4056773384102056,0.0,0.35666889911373767,0.38276893173894755,0.0,0.42637190466295755,0.0,0.4055904301775932,0.3811816254416137,0.44488127254266724,0.39755049145991983,0.4357653781130267,0.3363876072894114,0.383975456594531,0.4234745741826734,0.3520901753102023,0.40848632268496793,0.4588286083947593,0.5388496193785843,0.0,0.0,0.4337213301698891,0.4268663361526723,0.4454898995818794,0.4638368309700059,0.0,0.0,0.0,0.4729917412231464,0.44621691817483267,0.0,0.0,0.0,0.4770420061546702,0.0,0.0,0.0,0.0,0.0,0.0,0.0,0.0,0.49079884209697416,0.44811237102852575,0.0,0.45088085370168457,0.0,0.4660771464165431,0.45504378455717553,0.4498336140376423,0.509677583311933,0.0,0.41317181698476435,0.47235555654172756,0.4861144149594918,0.6057089371037434,0.4681303086483877,0.0,0.4480890342487465
0.4731511501437759,0.4422559020440439,0.34139162509343274,0.41452418325856233,0.40880585517071044,0.4114347215068117,0.4513020225494411,0.3817702340546558,0.4071482018191081,0.46815157133672153,0.3051700100967286,0.0,0.4565648685381349,0.38834035320134286,0.37603402707703676,0.4419895229129358,0.0,0.43733364932854846,0.28682683227411393,0.3578641259499956,0.4147033277788703,0.42637190466295755,0.0,0.5090524372501809,0.43700198128186085,0.44415234069368437,0.4047843172643121,0.44842096264150094,0.43040735357115995,0.43433171216903305,0.453828550921078,0.4278963064340928,0.39307010440702833,0.45409753406211373,0.4701718020921013,0.3944575136825939,0.43818155962879274,0.4948148806060524,0.5134855399643096,0.4404238925968308,0.5336308622907773,0.532405007939909,0.5156840190767997,0.0,0.0,0.47499769086420274,0.4944130122126175,0.5593392178245116,0.0,0.5673020486810021,0.5315683172091838,0.5427376783632223,0.5150028792471845,0.5732591789481319,0.0,0.5046512164724599,0.0,0.533819623028571,0.4366325914822357,0.508358974533546,0.0,0.0,0.0,0.5334172654354323,0.5080823547090892,0.49569763263239985,0.4918742005834419,0.5405760050128028,0.0,0.6754086050704687,0.494973799486211,0.5432738696910462,0.5257257956566728,0.5100015051093316,0.5307674428825163,0.5348489944385525
0.3955423898891906,0.0,0.0,0.0,0.0,0.0,0.39390786195608646,0.5211432338499369,0.0,0.3310904171858359,0.0,0.2954662818996836,0.4036715388318257,0.0,0.4529675867721634,0.0,0.3790200259890851,0.38236152174813326,0.0,0.0,0.4966407144500211,0.0,0.5090524372501809,0.0,0.37688370604966565,0.34508814887733835,0.5536356772037232,0.3908768182462498,0.0,0.0,0.3828166908881064,0.30914572681125563,0.23106041327575483,0.2554246536627244,0.2703143300894686,0.3409686730298797,0.2741416697667015,0.24794342250344434,0.2081034973296743,0.3769811351698394,0.48287275518378714,0.23990245101178476,0.0,0.0,0.27540723566627706,0.44231053578079943,0.0,0.0,0.0,0.0,0.0,0.0,0.0,0.0,0.400486919972132,0.0,0.4203851621820823,0.0,0.0,0.0,0.4625874221325543,0.0,0.46157660494764235,0.0,0.0,0.0,0.0,0.0,0.44874330342495966,0.4656094567337242,0.4673053772148687,0.0,0.0,0.0,0.0,0.5050906422046197
0.38816973317405473,0.40906059916747034,0.0,0.0,0.0,0.4197306823977272,0.46905143841960095,0.44853700421851406,0.0,0.3413214752354521,0.0,0.3599655007770654,0.44855249098821726,0.0,0.3684857265015464,0.3708739533728631,0.34949022911424826,0.35743866675581826,0.0,0.41698962987426574,0.38498515352426876,0.4055904301775932,0.43700198128186085,0.37688370604966565,0.0,0.36470535197833603,0.4282856182337272,0.42778880857485224,0.44788605732846887,0.0,0.38780403324862395,0.3962784980336629,0.31692459220580266,0.3737543233193169,0.39184817721581,0.0,0.0,0.3287039750051059,0.44317011303815823,0.43073420629946435,0.4547110272918301,0.4265311347703348,0.0,0.0,0.0,0.45460728597487765,0.4553390553807107,0.0,0.0,0.0,0.0,0.0,0.0,0.0,0.4036606275785364,0.0,0.4119816283482177,0.0,0.0,0.4877346004202572,0.45624333519085913,0.43949017802899504,0.4412159552026365,0.0,0.0,0.47781441906972477,0.43303957769121726,0.0,0.4699323641831484,0.4494255141050842,0.46269846143346166,0.0,0.0,0.0,0.0,0.4344723805806409
0.3756752095568037,0.3827041743837284,0.0,0.0,0.0,0.4155694324554903,0.0,0.48076409060757486,0.0,0.3533506454733783,0.0,0.32292846322172575,0.43559569656822916,0.0,0.35772459837776593,0.41238663551010446,0.3729717598570738,0.38696834954472464,0.0,0.41229474013732553,0.3945655639068335,0.3811816254416137,0.44415234069368437,0.34508814887733835,0.36470535197833603,0.0,0.43827660179350586,0.41922827283631203,0.42876579708918,0.0,0.3910743222032934,0.40931964249622904,0.3481160364601069,0.38583679841154195,0.41267058394322964,0.41943222303852834,0.0,0.3395241619835865,0.4504887212015157,0.44714871259178696,0.4683222851299953,0.4535682857010087,0.0,0.0,0.3785252939081232,0.4666521778955065,0.4782063758321022,0.0,0.0,0.0,0.0,0.0,0.0,0.0,0.42903096259443635,0.0,0.4416267913845468,0.0,0.0,0.48394531727314444,0.4736289869202711,0.4435549995796612,0.45170494519121085,0.0,0.46334858582888044,0.4701251684268286,0.4696396431730013,0.5049368865489063,0.4692037512693812,0.4605026312603445,0.4766904590530072,0.4974260149183379,0.0,0.4787626201439745,0.0,0.45182226604342607
0.46292354729415436,0.4349616856109643,0.35066953155773906,0.4508281108208565,0.39910072431610905,0.40888441887553967,0.4613822451217239,0.4677614620348269,0.3761608498545733,0.4792445769877431,0.4110877937346204,0.5538548520205866,0.46456939991532875,0.4612999270432849,0.41710415294708975,0.45113306936706205,0.8543189833428444,0.4410366892502892,0.408235065631634,0.40183895774814815,0.45378929581206046,0.44488127254266724,0.4047843172643121,0.5536356772037232,0.4282856182337272,0.43827660179350586,0.0,0.4484915018099789,0.3943383424856998,0.4209522805648319,0.44165951254111535,0.44374017310361424,0.39660968093761917,0.4539157146489906,0.4760514735324242,0.46694612309361866,0.4579926628027963,0.0,0.5081972754193755,0.4921858962516029,0.5267423338309553,0.509096964803004,0.5113244255817856,0.0,0.0,0.0,0.5093495002573762,0.5739703460112218,0.0,0.0,0.5380790013219702,0.5632035360068706,0.5411559017313715,0.5718399672123418,0.0,0.5317006582744663,0.0,0.5287384985983624,0.5081955300749018,0.5042246373378515,0.0,0.0,0.0,0.5697071435612857,0.5056489494206033,0.5022200618182462,0.49082520644251854,0.5441989107658677,0.0,0.0,0.5020078501135138,0.541189947628489,0.5173025201561358,0.5066237015734912,0.5429631487176474,0.5285361768637793
0.0,0.46181275560979856,0.47260646737270867,0.289248359779786,0.38057487993303696,0.43064319913283783,0.4099928879180632,0.44730412057678737,0.46589641238331947,0.3799112687836824,0.42847101910255986,0.3615231864469779,0.38521924333324575,0.3216773584861289,0.4416391923106577,0.44974816314735505,0.4244134301006726,0.4563711710364663,0.4604628556760212,0.38189014488986195,0.44277055282292316,0.39755049145991983,0.44842096264150094,0.3908768182462498,0.42778880857485224,0.41922827283631203,0.4484915018099789,0.0,0.3871936661231231,0.3278091958253516,0.3819637896880252,0.3970277122808163,0.3463839384107997,0.37510480618764125,0.40008109007205916,0.3018907400086071,0.27035436396279605,0.3446262973909169,0.4790818408147383,0.0,0.0,0.42457045088395484,0.0,0.0,0.0,0.0,0.0,0.0,0.0,0.0,0.5065456938164223,0.0,0.49907131460642096,0.0,0.0,0.0,0.0,0.0,0.0,0.5443290893005439,0.0,0.0,0.0,0.0,0.5091275350349935,0.5114242264604425,0.5871666152205047,0.5263806836136983,0.0,0.0,0.0,0.5183867163097723,0.0,0.50184649562431,0.0,0.0
0.477445340168723,0.4368709870091635,0.0,0.0,0.4565060002557223,0.3808276187001322,0.46676150253524923,0.39931621970756737,0.3986925134324903,0.0,0.0,0.0,0.43462411019879565,0.0,0.44323919524159067,0.45350617785417524,0.5107275890410821,0.4574452872423956,0.0,0.34708020303834347,0.423467669839908,0.4357653781130267,0.43040735357115995,0.0,0.44788605732846887,0.42876579708918,0.3943383424856998,0.3871936661231231,0.0,0.36234535608257923,0.3949323990268041,0.43410807665015627,0.4063063892978092,0.425596730670389,0.46455934917530467,0.50464267429991,0.0,0.0,0.48439572475716264,0.0,0.0,0.0,0.0,0.0,0.0,0.0,0.5075719682760826,0.0,0.0,0.0,0.493385425794728,0.0,0.0,0.0,0.0,0.0,0.0,0.0,0.0,0.4816102844242816,0.0,0.0,0.0,0.0,0.4754715283250035,0.4809764518179009,0.47732090177990105,0.5077038059290164,0.0,0.0,0.49054840145692313,0.5005619086088688,0.5040133748077624,0.47611082499339463,0.0,0.0
0.0,0.0,0.0,0.0,0.0,0.43158933222657225,0.0,0.42388378461327714,0.0,0.0,0.0,0.0,0.4219788315945024,0.0,0.0,0.0,0.0,0.0,0.0,0.3479675302462326,0.4345667036127828,0.3363876072894114,0.43433171216903305,0.0,0.0,0.0,0.4209522805648319,0.3278091958253516,0.36234535608257923,0.0,0.3039006456049946,0.3961105447495011,0.38596468931782807,0.36019208503418193,0.42677577706357045,0.0,0.443314420301698,0.0,0.3676916908028517,0.0,0.0,0.0,0.0,0.0,0.0,0.0,0.0,0.0,0.0,0.0,0.0,0.0,0.0,0.0,0.0,0.0,0.0,0.0,0.0,0.0,0.0,0.0,0.0,0.0,0.5522144387927068,0.0,0.0,0.5325239385015688,0.0,0.0,0.0,0.5234444951884712,0.0,0.0,0.0,0.0
0.38772847232989377,0.38648938776994823,0.4880810946322662,0.0,0.45378341841826775,0.45668211049831414,0.4842783475565075,0.46775606436743467,0.4937219752050314,0.3558063449660156,0.459746605559462,0.3576200916622883,0.4418012710239359,0.0,0.40417767337268534,0.364327908451625,0.3698256722111032,0.3783965952698098,0.4832326336422163,0.39496877503199995,0.38051214424072205,0.383975456594531,0.453828550921078,0.3828166908881064,0.38780403324862395,0.3910743222032934,0.44165951254111535,0.3819637896880252,0.3949323990268041,0.3039006456049946,0.0,0.3689851690851792,0.333262445390021,0.27417920129075796,0.22691188288009417,0.3749309025851119,0.30226173653998273,0.3075073698905267,0.4583356171760138,0.39932394487459644,0.4253369221599217,0.37857197296751893,0.0,0.0,0.0,0.4297780692346051,0.43532188689759466,0.0,0.0,0.0,0.5090881285402842,0.0,0.5241699963935087,0.0,0.44883549474217593,0.0,0.4303614879683158,0.0,0.0,0.48865464961701754,0.43639366292703957,0.0,0.40339830393663983,0.0,0.4883747418338532,0.5055571461143941,0.43616380605184174,0.5409565655999538,0.0,0.4138640597660482,0.4457344235976874,0.5294240443604706,0.0,0.49697520271887546,0.0,0.0
0.41991439215948395,0.4187179603863668,0.4563080048053312,0.31266073462423316,0.3872655071682914,0.4338886397092355,0.4261444825286759,0.41653664991123523,0.4506200199305976,0.35388830940798416,0.39403493688742536,0.26038312952622844,0.42491792506907033,0.27042353626621696,0.4171302351942911,0.38375028982112913,0.4158216469009349,0.41364981815047175,0.4365629543922254,0.4512805253394253,0.3852993270527188,0.4234745741826734,0.4278963064340928,0.30914572681125563,0.3962784980336629,0.40931964249622904,0.44374017310361424,0.3970277122808163,0.43410807665015627,0.3961105447495011,0.3689851690851792,0.0,0.3281369975572462,0.3610686211898084,0.33504559478545687,0.278716760666694,0.32060009155209046,0.256875668955957,0.3050827571051386,0.2852353016084873,0.3420869907526284,0.34135619467272804,0.30894696469243,0.34923566159416325,0.2705874968794118,0.4511378039131196,0.4405025470301995,0.5404014333844717,0.0,0.0,0.4718202539596493,0.0,0.49183092086485025,0.5217762875292236,0.3215934564799795,0.0,0.2876304199885271,0.4154946431458511,0.0,0.48762571104875996,0.4368620812438184,0.423717556613161,0.41236186448011103,0.0,0.47600914799728,0.44759122432947474,0.43670974337958096,0.5137110384327553,0.35486539168053,0.4288919997472215,0.4327213107223642,0.5099172970596629,0.42620560852879924,0.475534084971252,0.0,0.4342847175075908
0.3553964478303022,0.33997138552844236,0.0,0.0,0.0,0.394813025585324,0.0,0.0,0.0,0.317546101475712,0.0,0.2673288743668945,0.3920541469821151,0.0,0.36078720417814314,0.36197494962985904,0.3431757890264037,0.3280523726212222,0.0,0.3833349727313927,0.32211025406238136,0.3520901753102023,0.39307010440702833,0.23106041327575483,0.31692459220580266,0.3481160364601069,0.39660968093761917,0.3463839384107997,0.4063063892978092,0.38596468931782807,0.333262445390021,0.3281369975572462,0.0,0.2693450923925108,0.39439270821023503,0.4577326402048021,0.29135714479992825,0.19912908689707431,0.2861961337165607,0.21821528186203878,0.33448961491282964,0.346867812844354,0.4402792695519135,0.0,0.23605106376106721,0.4271585255986581,0.4350834245090382,0.0,0.0,0.0,0.43067126083223356,0.0,0.0,0.0,0.34535276432204565,0.0,0.3615882399375087,0.0,0.0,0.47642466233098046,0.4347638457475888,0.3861929253318848,0.40359219140778085,0.0,0.44881726352462037,0.4151589910765741,0.446300587497119,0.4695403511101798,0.374974782568037,0.4109792870529631,0.4406536000395021,0.4273978942128919,0.0,0.4503852869274212,0.0,0.41122008178409347
0.3889582382595764,0.3898481231184616,0.48265503000726145,0.21208820755890845,0.43930256302070764,0.4592248548779659,0.42938048790833067,0.45353666327061104,0.4735226409202614,0.3273881698275029,0.4445429063110377,0.2562653642801136,0.43232365073968465,0.3545263195047932,0.40933502753552076,0.3701347492789813,0.3809237197737486,0.37933298624992795,0.4688264324360676,0.4368042736750022,0.3724659905295169,0.40848632268496793,0.45409753406211373,0.2554246536627244,0.3737543233193169,0.38583679841154195,0.4539157146489906,0.37510480618764125,0.425596730670389,0.36019208503418193,0.27417920129075796,0.3610686211898084,0.2693450923925108,0.0,0.3116927418590039,0.39818056468033597,0.28232372345199674,0.24899856138334756,0.31485971471251134,0.28348965633589435,0.31455522640915823,0.33875827093320604,0.0,0.0,0.24408476452040084,0.4398837016747785,0.4426325625314005,0.0,0.0,0.0,0.5031288924742209,0.0,0.5200809812989755,0.0,0.38700337712260485,0.0,0.3428805842238477,0.0,0.0,0.4890659096146176,0.4400980266566042,0.0,0.40324692285144176,0.0,0.45949854556172043,0.4512048151338159,0.4476805322329734,0.531646882929887,0.4515115400123315,0.4185297139156739,0.4540615675746384,0.5147781701335318,0.0,0.4979825502324048,0.0,0.4290156619974017
0.4196805032623147,0.4265038582704492,0.49894298091690903,0.19638434016135592,0.4728121087294477,0.47904188748207155,0.5508367432456304,0.4566079782280187,0.4673750806306691,0.3431282075448697,0.4420950536323421,0.28029544740787293,0.46985964394888957,0.33627636457519494,0.45958718593780573,0.39253175880016594,0.40111888866559997,0.39881276657939047,0.4456260385722014,0.4863127878462711,0.43734620633713217,0.4588286083947593,0.4701718020921013,0.2703143300894686,0.39184817721581,0.41267058394322964,0.4760514735324242,0.40008109007205916,0.46455934917530467,0.42677577706357045,0.22691188288009417,0.33504559478545687,0.39439270821023503,0.3116927418590039,0.0,0.46874686046976216,0.33895443642589496,0.2941347665179747,0.29366888098519567,0.3213526882015272,0.35498407111368746,0.3708488497839812,0.411179107642272,0.0,0.2815091205881875,0.41790604857490155,0.4495452031344076,0.0,0.0,0.0,0.0,0.0,0.5005045127147687,0.0,0.0,0.0,0.29772139038051804,0.0,0.0,0.5152337131432553,0.46335476587907287,0.0,0.0,0.0,0.5001351533552034,0.48357964399140085,0.47063956393383566,0.5267568150942379,0.0,0.4410985371073108,0.46913678013685906,0.5185334821774814,0.3835348719548739,0.5378173958656938,0.0,0.30498883199391064
0.0,0.0,0.43464798680478944,0.22059059864044764,0.260831470755375,0.45764082186998717,0.30729332706558166,0.27237000300081843,0.43918899358820623,0.29541780470729995,0.30111659525000006,0.3276821063108879,0.3645516684282053,0.2546049860689725,0.48471728051172436,0.0,0.0,0.0,0.40299696410805674,0.5341109874587094,0.4353058904291787,0.5388496193785843,0.3944575136825939,0.3409686730298797,0.0,0.41943222303852834,0.46694612309361866,0.3018907400086071,0.50464267429991,0.0,0.3749309025851119,0.278716760666694,0.4577326402048021,0.39818056468033597,0.46874686046976216,0.0,0.23996975768855927,0.33885856793069075,0.2988117275277204,0.0,0.0,0.3383236806528339,0.2833129827811971,0.0,0.0,0.0,0.0,0.50357171506157,0.0,0.0,0.0,0.0,0.0,0.5074314042147879,0.0,0.37964202573717293,0.0,0.0,0.0,0.6177432075786011,0.0,0.0,0.0,0.506229502012719,0.6464352340378381,0.0,0.0,0.5188544826480915,0.0,0.0,0.0,0.5196161360153249,0.0,0.0,0.0,0.0
0.0,0.0,0.4726898053283748,0.18158306368421942,0.3332669479401058,0.45857292322794857,0.2751171613259838,0.2739459201258713,0.45393085403773736,0.2684948594390074,0.41757080008369746,0.30753087826862646,0.3526554479137728,0.18743817593179032,0.0,0.0,0.0,0.0,0.4628898660378897,0.0,0.0,0.0,0.43818155962879274,0.2741416697667015,0.0,0.0,0.4579926628027963,0.27035436396279605,0.0,0.443314420301698,0.30226173653998273,0.32060009155209046,0.29135714479992825,0.28232372345199674,0.33895443642589496,0.23996975768855927,0.0,0.305197538282162,0.3156213833141438,0.0,0.0,0.35676615545608703,0.0,0.0,0.0,0.0,0.0,0.0,0.0,0.0,0.0,0.0,0.0,0.0,0.0,0.0,0.0,0.0,0.0,0.0,0.0,0.0,0.0,0.0,0.0,0.0,0.0,0.6296193039262872,0.0,0.0,0.0,0.0,0.0,0.0,0.0,0.0
0.46071655283749435,0.0,0.0,0.0,0.0,0.49691417545999983,0.3802759087155446,0.0,0.0,0.2953908248635512,0.0,0.22493990367171873,0.38400169144497753,0.0,0.0,0.0,0.362876207232884,0.0,0.0,0.0,0.0,0.0,0.4948148806060524,0.24794342250344434,0.3287039750051059,0.3395241619835865,0.0,0.3446262973909169,0.0,0.0,0.3075073698905267,0.256875668955957,0.19912908689707431,0.24899856138334756,0.2941347665179747,0.33885856793069075,0.305197538282162,0.0,0.2538190422940795,0.2119915236033822,0.23952180815193713,0.2760246517838347,0.0,0.0,0.21933989222280806,0.0,0.0,0.0,0.0,0.0,0.0,0.0,0.0,0.0,0.4765831364042608,0.0,0.26691571350630033,0.0,0.0,0.0,0.0,0.0,0.0,0.0,0.0,0.0,0.0,0.0,0.3776771231237862,0.0,0.42499687166312355,0.0,0.2977715578577437,0.0,0.0,0.0
0.4743421771303352,0.44776819438027443,0.5422732269797387,0.0,0.0,0.4880832387235158,0.0,0.48895053724131227,0.0,0.41146009652939475,0.0,0.25804303477533824,0.3985580672607555,0.0,0.4655594932907657,0.43370205303023707,0.39044319036800335,0.4667271769555971,0.0,0.48732190080432575,0.4633530645034288,0.4337213301698891,0.5134855399643096,0.2081034973296743,0.44317011303815823,0.4504887212015157,0.5081972754193755,0.4790818408147383,0.48439572475716264,0.3676916908028517,0.4583356171760138,0.3050827571051386,0.2861961337165607,0.31485971471251134,0.29366888098519567,0.2988117275277204,0.3156213833141438,0.2538190422940795,0.0,0.33511586941232785,0.3695799223025538,0.34111979750427845,0.2630737717411835,0.2987001532675972,0.26148566728849243,0.4025050593137395,0.39393379387177574,0.46005766776404344,0.26437259510301847,0.4476535176475092,0.44630918229555666,0.4206636502582114,0.44158423726030327,0.46222819500411516,0.35305979535181214,0.43003623814625486,0.25685954438718966,0.42452260950073617,0.2929917160787842,0.4399337003570103,0.422416540017099,0.40594772074435576,0.4208117979083674,0.46224768513089654,0.45157045669190315,0.3992270031974148,0.4278510954756726,0.4354182373378021,0.3932700149348094,0.40830214749478466,0.4190652647728728,0.44039140972386276,0.3869661956126222,0.4277481133358242,0.4170391723526033,0.41186143733928776
0.4655808508218793,0.45162709169576193,0.0,0.0,0.0,0.0,0.0,0.0,0.0,0.3565458796989252,0.0,0.37681969566441587,0.0,0.0,0.44126688495597977,0.4263786630946654,0.40126598827935206,0.45416354575757867,0.0,0.46925225715294605,0.45373189987057744,0.4268663361526723,0.4404238925968308,0.3769811351698394,0.43073420629946435,0.44714871259178696,0.4921858962516029,0.0,0.0,0.0,0.39932394487459644,0.2852353016084873,0.21821528186203878,0.28348965633589435,0.3213526882015272,0.0,0.0,0.2119915236033822,0.33511586941232785,0.0,0.2829207327605175,0.3589307082598842,0.4221021314473306,0.0,0.19897382338572092,0.33067186890141737,0.32882014859390957,0.0,0.0,0.0,0.3966644781711264,0.40157676294152356,0.0,0.4463191062349426,0.3284154932905451,0.0,0.27467948057857255,0.3982291557703786,0.0,0.39522676466643664,0.3636299584233942,0.33277968388874724,0.32429809623876343,0.0,0.3850659603927026,0.3489931592659747,0.36509308099707477,0.3962494249383055,0.23056650439829263,0.31856926017490206,0.35583871739672224,0.3958375039134565,0.32099273695462877,0.3208478578152598,0.0,0.3379088289569976
0.46590723346110824,0.45836674629024615,0.0,0.0,0.0,0.5180379296309703,0.0,0.5134603923052931,0.0,0.4450613211000831,0.0,0.4163226762673292,0.0,0.0,0.4794103734981513,0.4483546714331887,0.0,0.44830294873358345,0.0,0.48471632689992306,0.4911634870807885,0.4454898995818794,0.5336308622907773,0.48287275518378714,0.4547110272918301,0.4683222851299953,0.5267423338309553,0.0,0.0,0.0,0.4253369221599217,0.3420869907526284,0.33448961491282964,0.31455522640915823,0.35498407111368746,0.0,0.0,0.23952180815193713,0.3695799223025538,0.2829207327605175,0.0,0.3559161849904644,0.4443277745096465,0.394949682886524,0.24649678779262266,0.365603972691238,0.3654908891453952,0.4738217715170398,0.43897403633410426,0.44366938291717223,0.45395831056689245,0.41155216829082125,0.45436247121396245,0.4748738469704443,0.30951817303520696,0.4425036457050064,0.262476831660193,0.4292969199477444,0.32955351084144036,0.4524778850380149,0.38066573292624123,0.355483790544534,0.36427068958027686,0.4578049779495392,0.4413615823488439,0.41607611185377397,0.4215672417025534,0.462567788923756,0.3054238041104543,0.35582451434394036,0.39046302015406287,0.4539684165564372,0.3740631612905468,0.4196994982202946,0.40834041214173594,0.26108769339614973
