0,1,2,3,4,5,6,7,8,9,10,11,12,13,14,15,16,17,18,19,20,21,22,23,24,25,26,27,28,29,30,31,32,33,34,35,36,37,38,39,40,41,42,43,44,45,46,47,48,49,50,51,52,53,54,55,56,57,58,59,60,61,62,63,64,65,66,67,68,69,70,71,72,73,74,75
0.0,0.45036693939075406,0.0,0.0,0.0,0.0,0.0,0.5507830826676623,0.0,0.4730643365291432,0.0,0.4339734263893036,0.0,0.0,0.41077182969370096,0.43154617648132665,0.0,0.4152237259151576,0.0,0.4552026326848099,0.4522831125467183,0.4516251567769812,0.4888009262458481,0.4278651312503284,0.41215408850052093,0.39745176733989585,0.47758699977305485,0.0,0.0,0.0,0.40863863088283625,0.4464340866951934,0.35723842129853633,0.38556438986863834,0.44627872476443103,0.0,0.0,0.0,0.4522294266941723,0.39954505394169587,0.43726528439082535,0.47555183488023944,0.0,0.0,0.38653817599951185,0.38631450838230175,0.4825429232485207,0.0,0.0,0.0,0.0,0.0,0.41500611359574086,0.0,0.5407833403242119,0.0,0.5526936118568723,0.0,0.0,0.5247392184179456,0.47373229075599804,0.0,0.45088769012688695,0.0,0.0,0.36237931538164686,0.47819210422838127,0.4781354883115889,0.35572551892119697,0.45536969616775186,0.476323511498995,0.0,0.0,0.47310643171959577,0.0,0.46271111586074226
0.45036693939075406,0.0,0.0,0.0,0.42870325514278274,0.41912796384606416,0.44510753842289164,0.5205037135544366,0.4098572659933335,0.42391326305193455,0.0,0.0,0.4689463897958863,0.0,0.44477828989044743,0.4403197705145852,0.0,0.4341444841891198,0.0,0.43970956658710775,0.45638895229792886,0.4251530692430427,0.46421020430540966,0.0,0.41741661205595904,0.4180429546293346,0.4450469648595523,0.4904970263340587,0.45799262757500947,0.4708673274628997,0.39828242998390795,0.47742315887223585,0.3850708793244185,0.3998363064313694,0.45114144941067225,0.0,0.0,0.0,0.4845194632524354,0.48399577630112384,0.49878631349723795,0.5157488823304458,0.0,0.0,0.0,0.49064461549894667,0.5186890383656204,0.0,0.0,0.0,0.5117374593584664,0.0,0.0,0.0,0.0,0.0,0.0,0.0,0.0,0.5245462150862379,0.500623488544186,0.0,0.4685186540237524,0.0,0.48247770182332345,0.5082230886749347,0.5338590295892777,0.5209897993748986,0.449402707463499,0.4759239956730628,0.5187922542326142,0.49308780667596175,0.0,0.49593909689119436,0.0,0.46968263403389643
0.0,0.0,0.0,0.4735018388365788,0.41837600605280967,0.39348641680232405,0.44648007285143926,0.48416321286373354,0.2703584461816619,0.5123834542181308,0.36596329539359335,0.5940120167218089,0.456828647363794,0.49144185832259146,0.0,0.0,0.0,0.0,0.2866730856076163,0.0,0.0,0.0,0.34196293079888784,0.0,0.0,0.0,0.3133269237809392,0.4670468302884967,0.0,0.0,0.4824339238842706,0.4505047481319891,0.0,0.47703040100668637,0.4741607158630047,0.4423804569254754,0.47349008324349773,0.5946709213882857,0.5310745825943985,0.0,0.0,0.0,0.5147104660192222,0.0,0.0,0.0,0.0,0.40604692969200645,0.0,0.574484228399446,0.5779080954293991,0.6021959779392647,0.569547925917455,0.5803891117555541,0.0,0.5272802404104773,0.0,0.0,0.5488436419433937,0.0,0.0,0.0,0.0,0.5199028325432562,0.0,0.0,0.0,0.610321089675338,0.0,0.0,0.0,0.5905342954153057,0.6148171213998278,0.0,0.0,0.6725873402270592
0.0,0.0,0.4735018388365788,0.0,0.28402901394876656,0.4363148443675527,0.31134436781533925,0.4041621458390663,0.44123254380366156,0.2469233901300356,0.39703587629675197,0.0,0.31880596011860035,0.2921306948536229,0.0,0.0,0.0,0.0,0.44776359531976895,0.47588212107071787,0.0,0.0,0.4332861803805583,0.0,0.0,0.0,0.45472116340299584,0.2843054874944975,0.4847025361248575,0.0,0.3051426176643906,0.33756923075138123,0.0,0.2763680689683045,0.3430678419574904,0.19899394228060543,0.21758232459256233,0.0,0.38758057631323245,0.0,0.0,0.0,0.0,0.0,0.0,0.0,0.0,0.0,0.0,0.0,0.0,0.0,0.0,0.0,0.0,0.0,0.0,0.0,0.0,0.0,0.0,0.0,0.0,0.0,0.0,0.0,0.0,0.0,0.0,0.0,0.0,0.0,0.0,0.0,0.0,0.0
0.0,0.42870325514278274,0.41837600605280967,0.28402901394876656,0.0,0.40700644170549055,0.35087400484036574,0.421018471779375,0.36662598966302967,0.44149743389345963,0.37240206562289946,0.453497202514455,0.39836128679796545,0.3199468399826339,0.0,0.4599401673894835,0.5273053865501505,0.48406921854563967,0.4144296533606247,0.4009123508764697,0.0,0.4272020951910951,0.4258276070307371,0.5002728421252809,0.44873687091516323,0.4540267310108873,0.4254730922715821,0.39058899214769704,0.43783958073640694,0.0,0.4202263875788485,0.418645106293558,0.45222134518200036,0.4590122161557807,0.42782857433036886,0.2521929658305818,0.28044552395365546,0.47553928119681826,0.48402103980783895,0.0,0.0,0.0,0.40846491411682456,0.0,0.0,0.0,0.0,0.5144374164516221,0.0,0.0,0.5105619468777164,0.0,0.4916874131818129,0.0,0.0,0.49575862977956053,0.0,0.0,0.5114709834016419,0.0,0.0,0.0,0.0,0.5461744432550995,0.0,0.0,0.0,0.5425861778837162,0.0,0.0,0.0,0.5610891592832683,0.0,0.0,0.0,0.0
0.0,0.41912796384606416,0.39348641680232405,0.4363148443675527,0.40700644170549055,0.0,0.42895725423217357,0.4689529729803445,0.3843267435114698,0.46849641678051823,0.42474710688509393,0.49928173906173745,0.43786779338247767,0.5148014312858609,0.4278057178512982,0.445094129920618,0.0,0.4326046445998292,0.41441995075730276,0.43287638214321017,0.0,0.4365800843600354,0.4170170411831539,0.5719067676009413,0.42811470847427135,0.4236340603251338,0.4192379153668612,0.44472290799862374,0.38319652302026386,0.44665917592041443,0.4570121150659743,0.4512555846261518,0.40990722515828454,0.4715764609353037,0.4644799538510479,0.45737785152288596,0.46160972438753195,0.496363221780499,0.5175714092944808,0.0,0.5390965079921056,0.5839466278498451,0.5016354062280524,0.8025546121133557,0.0,0.0,0.5530393351876405,0.5955131625134675,0.0,0.611980323372975,0.5443888263917439,0.5637825428750447,0.5337046084566001,0.5828876018429393,0.0,0.5592739835690252,0.5351540552958927,0.5451891537962337,0.6456458454488172,0.5135445469981993,0.0,0.0,0.0,0.5730953854153976,0.511716395880946,0.540297991106415,0.5015712644655491,0.5603947415191073,0.0,0.0,0.5260844407695222,0.5436460879301687,0.5254357429478567,0.5189130631095487,0.5816074912188584,0.5543069428440501
0.0,0.44510753842289164,0.44648007285143926,0.31134436781533925,0.35087400484036574,0.42895725423217357,0.0,0.4504117905350484,0.3910651389187788,0.42391638316728686,0.45214894244872794,0.41479864725746046,0.36394866878466486,0.33228508895531994,0.0,0.47705883452477693,0.0,0.47413030380354804,0.46277184458910414,0.4412689548993403,0.0,0.47570155880159815,0.441252146893281,0.43474221608599445,0.4584979507269913,0.43907125956038306,0.4452933392990601,0.3742988142346978,0.45652188749543765,0.0,0.4340328668971209,0.415765991970515,0.40802948322782523,0.4213521037751911,0.40659833402154727,0.3200751001921817,0.3281773217890583,0.43159203067123675,0.0,0.0,0.0,0.0,0.0,0.0,0.0,0.0,0.0,0.0,0.0,0.0,0.0,0.0,0.5281537053829962,0.0,0.0,0.0,0.0,0.0,0.0,0.0,0.0,0.0,0.0,0.0,0.0,0.0,0.0,0.5272714692762053,0.0,0.0,0.0,0.5250796335090571,0.0,0.6783481007987646,0.0,0.0
0.5507830826676623,0.5205037135544366,0.48416321286373354,0.4041621458390663,0.421018471779375,0.4689529729803445,0.4504117905350484,0.0,0.47847614756688517,0.538526605994492,0.38937433660974585,0.0,0.4538555026164776,0.42403048110086855,0.45594562956881046,0.0,0.0,0.0,0.4273180413564627,0.0,0.4519910089540325,0.0,0.4072691087532235,0.5596392861605637,0.5580436624635313,0.5266330792835363,0.4758965040540274,0.46194557338692344,0.4412470435741756,0.4221416769577351,0.4832219695613444,0.3925034086700373,0.0,0.4836088717526887,0.4770648514651528,0.30395660430190835,0.38143373682970305,0.0,0.5208617015960606,0.0,0.5289221662369961,0.0,0.47300615513738586,0.0,0.0,0.0,0.0,0.5867198318617799,0.0,0.527380699889339,0.5117629293713183,0.5354940928246638,0.47747363727059905,0.5584429726387401,0.0,0.5076201966706447,0.0,0.524439406853435,0.4910710982617842,0.5101323806261211,0.0,0.0,0.0,0.5441487752567344,0.49792193040737065,0.43835443619380304,0.0,0.5313912579848665,0.0,0.0,0.0,0.5270991402004037,0.4994102763615087,0.5082857931056843,0.0,0.5496936803498261
0.0,0.4098572659933335,0.2703584461816619,0.44123254380366156,0.36662598966302967,0.3843267435114698,0.3910651389187788,0.47847614756688517,0.0,0.47868251748865137,0.353816273766936,0.4945136477172802,0.4349751634913623,0.4581924822695728,0.0,0.0,0.0,0.0,0.27720001703967584,0.4041402738206181,0.0,0.42219691429734846,0.42726283239909735,0.5307397217599426,0.0,0.44853063991093983,0.35846118593572407,0.47033795745576573,0.45117283441002054,0.4674034131258411,0.4957223467613242,0.45863129894231536,0.4724513011350306,0.48363690771835743,0.4632907077395496,0.44179165972354484,0.4574598597480434,0.4767397933785195,0.49661269494882493,0.0,0.0,0.0,0.47011515026013406,0.0,0.0,0.0,0.0,0.5635920976800902,0.0,0.561086680690063,0.5703916928044744,0.0,0.554991866012763,0.5929862237610646,0.0,0.5309413727799611,0.46192938343659085,0.0,0.5188298752535413,0.0,0.0,0.0,0.0,0.5836772285642144,0.0,0.0,0.0,0.5774104405811926,0.0,0.0,0.0,0.5749414367142558,0.0,0.0,0.0,0.6780272130559315
0.4730643365291432,0.42391326305193455,0.5123834542181308,0.2469233901300356,0.44149743389345963,0.46849641678051823,0.42391638316728686,0.538526605994492,0.47868251748865137,0.0,0.4856108008129406,0.32873423309148875,0.41410754148456236,0.1592048520487174,0.0,0.42235815228436413,0.36677788778527826,0.38719160454719936,0.4975453939221085,0.0,0.5405816208414203,0.46416397072885834,0.4763368143747479,0.36279741150122413,0.36277529165374306,0.38419756758555146,0.47888648900887054,0.41230963395089565,0.5181067208107808,0.5252960547911736,0.3462106865948773,0.40739371739512203,0.34940342302725613,0.33228416455152526,0.3905759090747718,0.33481182495325873,0.27096640148025963,0.3209216820958868,0.4237020745294714,0.3742828516315637,0.4041153837214116,0.3817094436249968,0.0,0.0,0.3988494266572928,0.510192138745215,0.0,0.0,0.0,0.0,0.0,0.479027577305415,0.0,0.0,0.47454289167911295,0.0,0.4867609467702581,0.4798929961922548,0.0,0.0,0.4421314404225003,0.43932789363411734,0.39608458783888734,0.0,0.0,0.6800772982502113,0.0,0.0,0.4736680719127067,0.4337983903060655,0.46638680962377554,0.0,0.4459674139995654,0.0,0.0,0.42763247870395743
0.0,0.0,0.36596329539359335,0.39703587629675197,0.37240206562289946,0.42474710688509393,0.45214894244872794,0.38937433660974585,0.353816273766936,0.4856108008129406,0.0,0.48220235616296897,0.4605083627087928,0.36517142004054765,0.0,0.0,0.0,0.0,0.2878541712269338,0.0,0.0,0.0,0.3449463153838401,0.48886432232469645,0.0,0.0,0.4022501212158019,0.4717169356531017,0.0,0.0,0.5191731179454868,0.43577407845860294,0.49232836912573,0.4888597628013804,0.46944100236815045,0.3407822569878455,0.45829898256962887,0.47347814587404946,0.4693482259502516,0.0,0.0,0.0,0.4552867622074216,0.0,0.0,0.0,0.0,0.5270733223476265,0.0,0.4970009628808585,0.5665608159860618,0.5249047460025034,0.5023330273875948,0.5258673401105358,0.0,0.3459120414237417,0.0,0.5496899363799643,0.4971402124476896,0.0,0.0,0.0,0.0,0.2618558899018323,0.0,0.0,0.0,0.5456935109625926,0.0,0.0,0.0,0.5613759104488075,0.5974380670152764,0.0,0.0,0.6841598944913736
0.4339734263893036,0.0,0.5940120167218089,0.0,0.453497202514455,0.49928173906173745,0.41479864725746046,0.0,0.4945136477172802,0.32873423309148875,0.48220235616296897,0.0,0.41086032739274847,0.0,0.0,0.0,0.39032051789031175,0.3968417507313783,0.5370267234940272,0.0,0.5441454630361426,0.0,0.517736650327036,0.3245446851231723,0.3778318391627277,0.32442777517469845,0.5149119002052339,0.4010937760906887,0.0,0.0,0.3581932828668223,0.298287198735199,0.21947975763703956,0.25275962068529345,0.3132028338748767,0.37060839855015226,0.34954001103275245,0.19941439086759669,0.35786101620742133,0.37353307181164014,0.382901665857004,0.3926624106624467,0.0,0.0,0.37299077901750327,0.5627163680058764,0.0,0.0,0.0,0.0,0.0,0.0,0.0,0.0,0.4759425092824066,0.0,0.483412111641246,0.47070303674903113,0.0,0.0,0.0,0.45463855079112925,0.41964021121464995,0.0,0.0,0.0,0.0,0.0,0.46211428083033834,0.45580845286385646,0.4749752691370006,0.0,0.47327008243224367,0.0,0.0,0.4364847252494912
0.0,0.4689463897958863,0.456828647363794,0.31880596011860035,0.39836128679796545,0.43786779338247767,0.36394866878466486,0.4538555026164776,0.4349751634913623,0.41410754148456236,0.4605083627087928,0.41086032739274847,0.0,0.36942689295567244,0.4769057070576567,0.502037543272741,0.4427746306117877,0.4689346842593901,0.4678002713822569,0.4601574354578831,0.0,0.4979685991874343,0.45484498793537237,0.42539516684685413,0.47831801062721396,0.44772879193081566,0.4592538986890505,0.3970101336710251,0.45903602575033176,0.40860620595862973,0.43019263469381747,0.4201290846705549,0.3989625347900407,0.41275719717614817,0.43026693383109876,0.36698542122159206,0.342953891260958,0.3970661971728806,0.45224028850242176,0.41937681846320335,0.4679092629238154,0.517002749607502,0.4799314460388422,0.0,0.3557003696853138,0.0,0.0,0.598566379273561,0.0,0.0,0.0,0.0,0.5110989395746349,0.0,0.46060913333413434,0.5497686695896242,0.4276228513143598,0.0,0.0,0.0,0.0,0.0,0.0,0.6875723127781257,0.5636413192754053,0.0,0.0,0.5424066148274578,0.0,0.0,0.0,0.5330769440644033,0.0,0.5555306846425458,0.0,0.0
0.0,0.0,0.49144185832259146,0.2921306948536229,0.3199468399826339,0.5148014312858609,0.33228508895531994,0.42403048110086855,0.4581924822695728,0.1592048520487174,0.36517142004054765,0.0,0.36942689295567244,0.0,0.0,0.0,0.0,0.0,0.4285845591897865,0.0,0.0,0.0,0.46886106787662296,0.0,0.0,0.0,0.4908215144798176,0.24461884941427514,0.0,0.0,0.3978393441408118,0.2745921581952113,0.22052264814953002,0.2427783557988846,0.347657834140536,0.2138187052120742,0.19201808600892528,0.3614951322149652,0.36336889187111854,0.0,0.0,0.0,0.42219225482952005,0.0,0.0,0.0,0.0,0.5560636277185721,0.0,0.4569571881229088,0.0,0.0,0.49482422141950144,0.5230433198080537,0.0,0.5072056218227261,0.0,0.0,0.45638612158655456,0.0,0.0,0.0,0.0,0.5194239329972389,0.0,0.0,0.0,0.528459894249979,0.0,0.0,0.0,0.6295125114761007,0.0,0.0,0.0,0.0
0.41077182969370096,0.44477828989044743,0.0,0.0,0.0,0.4278057178512982,0.0,0.45594562956881046,0.0,0.0,0.0,0.0,0.4769057070576567,0.0,0.0,0.4689248891991188,0.0,0.4463016846846085,0.0,0.3683790707847508,0.3993778235857073,0.37355266507399143,0.4163080250172652,0.5034167255374852,0.4382078807805538,0.38326986290968096,0.4501887390278563,0.4469212538089298,0.4472336232567125,0.4256744242890709,0.4316932904095247,0.4634830469905664,0.4171723815585011,0.448072708966657,0.5055517165937463,0.5097128879426233,0.0,0.0,0.5166818759586242,0.5274572401069842,0.5147866648166004,0.5501597011990782,0.0,0.0,0.0,0.42000034052195034,0.5100442101049738,0.0,0.0,0.0,0.49952339594923484,0.0,0.4567922746684606,0.0,0.0,0.0,0.0,0.5838044627059176,0.0,0.5293521929948493,0.5302822564573987,0.0,0.0,0.0,0.5138075590656466,0.481629507619464,0.528768665873865,0.5156366347241961,0.0,0.0,0.5337813489311749,0.516285318713817,0.5435810487980571,0.5074400344710719,0.0,0.5219561675704999
0.43154617648132665,0.4403197705145852,0.0,0.0,0.4599401673894835,0.445094129920618,0.47705883452477693,0.0,0.0,0.42235815228436413,0.0,0.0,0.502037543272741,0.0,0.4689248891991188,0.0,0.40997427286268706,0.3933525225191798,0.0,0.4382077662792294,0.45263032135623493,0.43264449591494025,0.4843269633142471,0.4151261684844139,0.4278526617129728,0.442009940778038,0.45577209354113857,0.4764992216155482,0.4670876381849197,0.45779862988436326,0.3962068112055963,0.47602531398264025,0.3998610350632991,0.4121534134430535,0.4988928129353582,0.0,0.0,0.0,0.4811148619074369,0.4636700338527149,0.4738610963235291,0.4881217080802352,0.0,0.0,0.0,0.5052250015823978,0.4852802138920053,0.0,0.0,0.0,0.0,0.0,0.0,0.0,0.0,0.0,0.0,0.0,0.0,0.5201912400411114,0.4876367883617241,0.0,0.48321459509857867,0.0,0.5184525179554291,0.5189709967100564,0.4913516867763525,0.0,0.5000787446570291,0.4773551665011405,0.5069849712479204,0.5828241897446622,0.0,0.5434388084223102,0.0,0.4648323161205257
0.0,0.0,0.0,0.0,0.5273053865501505,0.0,0.0,0.0,0.0,0.36677788778527826,0.0,0.39032051789031175,0.4427746306117877,0.0,0.0,0.40997427286268706,0.0,0.3926301278764857,0.0,0.0,0.0,0.41109465260586275,0.0,0.39513577219311913,0.36839283758999614,0.39899377158253624,0.0,0.4276835162599383,0.0,0.0,0.368873248524502,0.4282435891585994,0.35540080351892733,0.3902916024220593,0.39977883023705174,0.4251439695938813,0.0,0.34645664313491176,0.4101856333620235,0.40625771782906733,0.44475173291238385,0.0,0.0,0.0,0.0,0.0,0.0,0.0,0.0,0.0,0.0,0.0,0.0,0.0,0.4973513312887705,0.0,0.48771981851425056,0.0,0.0,0.0,0.0,0.46335658152618014,0.4106202627038311,0.0,0.0,0.0,0.0,0.0,0.48527585549538144,0.44401180981111443,0.47267463607984783,0.0,0.0,0.0,0.0,0.4779547827333578
0.4152237259151576,0.4341444841891198,0.0,0.0,0.48406921854563967,0.4326046445998292,0.47413030380354804,0.0,0.0,0.38719160454719936,0.0,0.3968417507313783,0.4689346842593901,0.0,0.4463016846846085,0.3933525225191798,0.3926301278764857,0.0,0.0,0.43663588318238034,0.4817499562005803,0.4474002883989701,0.4456754918950602,0.3988930681950156,0.3788348836657952,0.4078202880385065,0.4464140504109705,0.4494118974235467,0.4755169177159971,0.4778773724763015,0.39590470055931626,0.43843579538305066,0.3644088837318683,0.3963477431212308,0.4177572455803077,0.0,0.0,0.0,0.47976155259453984,0.4556422697336469,0.4708132563258159,0.48296215366070505,0.0,0.0,0.0,0.4637514655841511,0.47424207206441527,0.0,0.0,0.0,0.0,0.0,0.0,0.0,0.4812401290200605,0.0,0.4798325199900247,0.0,0.0,0.0,0.4669559480875645,0.4651352642629685,0.45275993489364585,0.0,0.0,0.0,0.47711182528090457,0.0,0.4636114475253061,0.46716429758212114,0.4865078242316189,0.0,0.0,0.0,0.0,0.4660278219805627
0.0,0.0,0.2866730856076163,0.44776359531976895,0.4144296533606247,0.41441995075730276,0.46277184458910414,0.4273180413564627,0.27720001703967584,0.4975453939221085,0.2878541712269338,0.5370267234940272,0.4678002713822569,0.4285845591897865,0.0,0.0,0.0,0.0,0.0,0.0,0.0,0.0,0.35503202120326255,0.6410136286303934,0.0,0.0,0.3617662384058745,0.4845302018260149,0.0,0.0,0.49429188241463573,0.45361626712014835,0.5324826906176978,0.4840027212432153,0.4683009944591081,0.4247090846856263,0.4708784727039729,0.5108240162987405,0.4728373455353083,0.0,0.0,0.0,0.4675478310034033,0.0,0.0,0.0,0.0,0.5556298776426596,0.0,0.546836509807171,0.5701589005061476,0.0,0.5216578775602618,0.5674136947957162,0.0,0.48124200703787423,0.0,0.0,0.4984043151502128,0.0,0.0,0.0,0.0,0.5466185954932985,0.0,0.0,0.0,0.5748231318354292,0.0,0.0,0.0,0.5776925035279202,0.0,0.0,0.0,0.7790845886226432
0.4552026326848099,0.43970956658710775,0.0,0.47588212107071787,0.4009123508764697,0.43287638214321017,0.4412689548993403,0.0,0.4041402738206181,0.0,0.0,0.0,0.4601574354578831,0.0,0.3683790707847508,0.4382077662792294,0.0,0.43663588318238034,0.0,0.0,0.43749507907097634,0.3760826599346692,0.341536211237026,0.6430450231172319,0.4387371242414843,0.4408027989812716,0.4028619651505688,0.37857947927609154,0.3814141312093167,0.36876714181806386,0.3885263529781467,0.4613534918484799,0.40354059052215663,0.42378404181810164,0.4775613785852471,0.5139579057827445,0.4824939685359348,0.0,0.5060794122233748,0.5077849237564177,0.505451587709252,0.5224360449272368,0.6892418030874827,0.0,0.0,0.0,0.4842728942207104,0.0,0.0,0.0,0.5204268884981915,0.0,0.524027883534094,0.0,0.0,0.0,0.0,0.5864175832928995,0.0,0.5101444613472534,0.6054412721730944,0.0,0.0,0.0,0.5018473906013883,0.49347517483758574,0.4988211265157748,0.5245245239642631,0.0,0.0,0.5056843964489429,0.5191243097962206,0.5237519972357239,0.5032104782581477,0.0,0.5192081290622342
0.4522831125467183,0.45638895229792886,0.0,0.0,0.0,0.0,0.0,0.4519910089540325,0.0,0.5405816208414203,0.0,0.5441454630361426,0.0,0.0,0.3993778235857073,0.45263032135623493,0.0,0.4817499562005803,0.0,0.43749507907097634,0.0,0.45683689995363486,0.4159873285846852,0.5370899463896187,0.4836715926733736,0.4115332434741999,0.46729393270349956,0.4820660039515327,0.4525261418965065,0.0,0.4247408858553001,0.4578499332240205,0.39373030902496525,0.41790229570665577,0.5102171257059395,0.0,0.0,0.0,0.48724480430318046,0.46268184327145934,0.4783344722221449,0.5297844491570141,0.0,0.0,0.0,0.39157287143641595,0.5100099878515397,0.0,0.0,0.0,0.4601932001376245,0.0,0.44824982462156804,0.0,0.5609415610012687,0.0,0.0,0.5430034353042649,0.0,0.49079576478087705,0.49547196947498884,0.0,0.0,0.0,0.4907378444434277,0.419222127848908,0.49378074900709557,0.49420426175361665,0.0,0.0,0.5143769063136331,0.49073800129313877,0.5055178518422437,0.5083846907031933,0.0,0.47956969760198476
0.4516251567769812,0.4251530692430427,0.0,0.0,0.4272020951910951,0.4365800843600354,0.47570155880159815,0.0,0.42219691429734846,0.46416397072885834,0.0,0.0,0.4979685991874343,0.0,0.37355266507399143,0.43264449591494025,0.41109465260586275,0.4474002883989701,0.0,0.3760826599346692,0.45683689995363486,0.0,0.46248266835445295,0.0,0.4290020946932211,0.4161771913646679,0.4503598311534794,0.45352462205458627,0.4397584650723287,0.4414653241245613,0.3975206037235154,0.4603279576610782,0.40798079087610106,0.4320130426834201,0.4989601958140515,0.532608008329093,0.4925663569846791,0.0,0.49689091187638934,0.4996065689651857,0.505033727225662,0.5336693363376527,0.6211672792569289,0.0,0.0,0.4915633389914229,0.5101152711978117,0.0,0.0,0.0,0.506161815855147,0.0,0.0,0.0,0.0,0.0,0.0,0.0,0.0,0.5342890555324485,0.48625339034509396,0.0,0.5103397431956821,0.0,0.5019430524300819,0.5060279450691906,0.509202186756457,0.517603948747485,0.0,0.4469574086758467,0.5358256651549568,0.5066520439986167,0.0,0.4964194792492488,0.0,0.49116901552086834
0.4888009262458481,0.46421020430540966,0.34196293079888784,0.4332861803805583,0.4258276070307371,0.4170170411831539,0.441252146893281,0.4072691087532235,0.42726283239909735,0.4763368143747479,0.3449463153838401,0.517736650327036,0.45484498793537237,0.46886106787662296,0.4163080250172652,0.4843269633142471,0.0,0.4456754918950602,0.35503202120326255,0.341536211237026,0.4159873285846852,0.46248266835445295,0.0,0.526259730872187,0.507909843242593,0.462179152188469,0.3715166067746943,0.4614323747522464,0.4495391480491926,0.43402998053482233,0.4546247754537347,0.4552400461357443,0.4211136732901882,0.4713259226849943,0.4760435351752812,0.44689400138457547,0.4535965363714753,0.0,0.5335641587449351,0.5124955425052429,0.5578565725309295,0.5525816339706915,0.5250158341293456,0.5999991031331965,0.0,0.0,0.0,0.5913429351991513,0.0,0.5687745669176731,0.5444872104895279,0.547073296859065,0.5339337975329321,0.5862279941028151,0.0,0.5365668014450174,0.0,0.5501704148912503,0.5452944601369347,0.5243630205751654,0.0,0.0,0.0,0.5664379461101248,0.5307773660954904,0.504230422743614,0.5131747749382833,0.5631217835486009,0.0,0.0,0.5061146337541945,0.546571428490331,0.5415641777927767,0.5357377476139353,0.5449972595228348,0.5590115279534138
0.4278651312503284,0.0,0.0,0.0,0.5002728421252809,0.5719067676009413,0.43474221608599445,0.5596392861605637,0.5307397217599426,0.36279741150122413,0.48886432232469645,0.3245446851231723,0.42539516684685413,0.0,0.5034167255374852,0.4151261684844139,0.39513577219311913,0.3988930681950156,0.6410136286303934,0.6430450231172319,0.5370899463896187,0.0,0.526259730872187,0.0,0.38503265693505634,0.38750649230090545,0.5728271133847568,0.4191505334484048,0.0,0.0,0.3846610121829751,0.41076149400563766,0.25285299601467004,0.31931989056079507,0.43371036954330666,0.45138852200346063,0.25760924020043197,0.24682731863767537,0.41436667995137294,0.3699075582466943,0.41658341617708194,0.43952601686207915,0.0,0.0,0.33233957262515323,0.45227570816658763,0.4965114555871334,0.0,0.0,0.0,0.0,0.0,0.0,0.0,0.4663354578468009,0.0,0.4675258217357571,0.0,0.0,0.0,0.48562040319967237,0.45681887105080754,0.4645262592248595,0.0,0.0,0.0,0.0,0.0,0.4467207425116477,0.4683944898940592,0.4821659438428984,0.0,0.35799816386708183,0.0,0.0,0.43677194279555775
0.41215408850052093,0.41741661205595904,0.0,0.0,0.44873687091516323,0.42811470847427135,0.4584979507269913,0.5580436624635313,0.0,0.36277529165374306,0.0,0.3778318391627277,0.47831801062721396,0.0,0.4382078807805538,0.4278526617129728,0.36839283758999614,0.3788348836657952,0.0,0.4387371242414843,0.4836715926733736,0.4290020946932211,0.507909843242593,0.38503265693505634,0.0,0.3966164099615486,0.44291438743189765,0.44345842242913736,0.477070014926799,0.54157449889448,0.39605620449556117,0.42280681820273647,0.3295300904376792,0.3767591676124065,0.4025125191410287,0.0,0.0,0.33137787625442666,0.4525874109279033,0.42492974596506605,0.44744830412229536,0.47326654035518056,0.0,0.0,0.0,0.4565175882936968,0.4836901575741613,0.0,0.0,0.0,0.0,0.0,0.0,0.0,0.4892395171143144,0.0,0.4921184133394483,0.0,0.0,0.532020275990707,0.47359167841855543,0.45174455884526343,0.44059397373618175,0.0,0.47320876157504466,0.48129681903459454,0.46256390086896704,0.0,0.46589881698663427,0.4553786577126125,0.48188179964769007,0.0,0.0,0.5020639256553006,0.0,0.4511348548865691
0.39745176733989585,0.4180429546293346,0.0,0.0,0.4540267310108873,0.4236340603251338,0.43907125956038306,0.5266330792835363,0.44853063991093983,0.38419756758555146,0.0,0.32442777517469845,0.44772879193081566,0.0,0.38326986290968096,0.442009940778038,0.39899377158253624,0.4078202880385065,0.0,0.4408027989812716,0.4115332434741999,0.4161771913646679,0.462179152188469,0.38750649230090545,0.3966164099615486,0.0,0.4589712629027562,0.43474818620465766,0.43962923906805396,0.5336401949334987,0.41144311359016766,0.4511561587911908,0.38219804746278363,0.40613738634552665,0.45503999794685485,0.4186836082497022,0.0,0.35101766505194393,0.4795391762343298,0.4688150752390226,0.47779063176469194,0.5248562249566218,0.0,0.0,0.4177707172297812,0.4835476325894908,0.5208337238211103,0.0,0.0,0.0,0.5170552124747585,0.0,0.5104318593126753,0.0,0.502864621911747,0.0,0.5005173063598976,0.0,0.0,0.5294671911721658,0.5039519052796881,0.4836903794769369,0.47541622652550397,0.0,0.49446430305996375,0.5011905499417096,0.5120776474110175,0.500004422945087,0.4919195278232611,0.485138062173039,0.5071578725394328,0.5022674873657992,0.5145627151588612,0.5072069225333048,0.0,0.47857161827994604
0.47758699977305485,0.4450469648595523,0.3133269237809392,0.45472116340299584,0.4254730922715821,0.4192379153668612,0.4452933392990601,0.4758965040540274,0.35846118593572407,0.47888648900887054,0.4022501212158019,0.5149119002052339,0.4592538986890505,0.4908215144798176,0.4501887390278563,0.45577209354113857,0.0,0.4464140504109705,0.3617662384058745,0.4028619651505688,0.46729393270349956,0.4503598311534794,0.3715166067746943,0.5728271133847568,0.44291438743189765,0.4589712629027562,0.0,0.4591173741748036,0.4343738265833898,0.4268489912271654,0.4271193469422277,0.45953546181515237,0.42304163393504524,0.4555214431161638,0.46960009831892663,0.47793635778871185,0.4614645574358225,0.5170563445872969,0.5239152528526198,0.5111891576885801,0.5506861648584969,0.559123446916715,0.5236074791324274,0.6912162434053892,0.0,0.0,0.0,0.598031995472354,0.0,0.5945709069950288,0.5396545097749154,0.5522313712501992,0.5454936657093908,0.5814903584603085,0.0,0.5659500915031457,0.5267471183464691,0.5432390498558802,0.5730438802064839,0.5242572490072157,0.0,0.0,0.0,0.5790105206854218,0.520610758482574,0.5263680185592101,0.5100146825672992,0.55715603405027,0.0,0.0,0.5140003312904406,0.5371005529211156,0.531254841021048,0.5257469443538687,0.5516847186530559,0.5561151496162404
0.0,0.4904970263340587,0.4670468302884967,0.2843054874944975,0.39058899214769704,0.44472290799862374,0.3742988142346978,0.46194557338692344,0.47033795745576573,0.41230963395089565,0.4717169356531017,0.4010937760906887,0.3970101336710251,0.24461884941427514,0.4469212538089298,0.4764992216155482,0.4276835162599383,0.4494118974235467,0.4845302018260149,0.37857947927609154,0.4820660039515327,0.45352462205458627,0.4614323747522464,0.4191505334484048,0.44345842242913736,0.43474818620465766,0.4591173741748036,0.0,0.4007551976018591,0.34975502220863147,0.39630182860471913,0.4294695413010086,0.39148978289871256,0.4031054916268543,0.40372197926462416,0.2852784601393131,0.27388157523083434,0.3901936427184656,0.4292825105137694,0.3760841025024147,0.4160927937552321,0.46117434224022424,0.0,0.0,0.0,0.0,0.0,0.0,0.0,0.0,0.5160505449064425,0.0,0.5058829487346257,0.0,0.4690243747108238,0.0,0.34481728384788746,0.0,0.0,0.5450133293629009,0.0,0.0,0.0,0.0,0.5225800995331695,0.5002514542401482,0.5533252056726863,0.533724356340772,0.0,0.5839042087496531,0.549007331120783,0.5246312343584545,0.5459166563400556,0.5217030660139574,0.0,0.0
0.0,0.45799262757500947,0.0,0.4847025361248575,0.43783958073640694,0.38319652302026386,0.45652188749543765,0.4412470435741756,0.45117283441002054,0.5181067208107808,0.0,0.0,0.45903602575033176,0.0,0.4472336232567125,0.4670876381849197,0.0,0.4755169177159971,0.0,0.3814141312093167,0.4525261418965065,0.4397584650723287,0.4495391480491926,0.0,0.477070014926799,0.43962923906805396,0.4343738265833898,0.4007551976018591,0.0,0.37715061971392394,0.39060563085325406,0.46037715677850477,0.40804049224062766,0.4373174414299025,0.4721175857728717,0.5170018624648596,0.480977460854335,0.0,0.5030050554933309,0.5305847859770698,0.5187252920692627,0.5541024461356938,0.5605915630686706,0.0,0.0,0.0,0.5051406591371489,0.0,0.0,0.0,0.5086437086314692,0.6121815980737764,0.518317997149238,0.0,0.0,0.0,0.0,0.5466513985564199,0.0,0.5101651058120311,0.0,0.0,0.0,0.0,0.5040822497309988,0.5017384090096089,0.48808905000162583,0.5270551930054689,0.0,0.0,0.5084826942026242,0.5101058108170972,0.5151245844505655,0.5015784061296061,0.5474047642842119,0.53121377375062
0.0,0.4708673274628997,0.0,0.0,0.0,0.44665917592041443,0.0,0.4221416769577351,0.4674034131258411,0.5252960547911736,0.0,0.0,0.40860620595862973,0.0,0.4256744242890709,0.45779862988436326,0.0,0.4778773724763015,0.0,0.36876714181806386,0.0,0.4414653241245613,0.43402998053482233,0.0,0.54157449889448,0.5336401949334987,0.4268489912271654,0.34975502220863147,0.37715061971392394,0.0,0.33139046748167883,0.41868578190690003,0.4291486434492271,0.3784139547516148,0.4122044256595106,0.4612270814262519,0.4525849278590056,0.0,0.0,0.0,0.0,0.0,0.0,0.0,0.0,0.0,0.0,0.0,0.0,0.0,0.0,0.0,0.0,0.0,0.0,0.0,0.0,0.0,0.0,0.0,0.0,0.0,0.0,0.0,0.0,0.0,0.0,0.5197193858793044,0.0,0.0,0.0,0.5165255604116537,0.0,0.0,0.0,0.0
0.40863863088283625,0.39828242998390795,0.4824339238842706,0.3051426176643906,0.4202263875788485,0.4570121150659743,0.4340328668971209,0.4832219695613444,0.4957223467613242,0.3462106865948773,0.5191731179454868,0.3581932828668223,0.43019263469381747,0.3978393441408118,0.4316932904095247,0.3962068112055963,0.368873248524502,0.39590470055931626,0.49429188241463573,0.3885263529781467,0.4247408858553001,0.3975206037235154,0.4546247754537347,0.3846610121829751,0.39605620449556117,0.41144311359016766,0.4271193469422277,0.39630182860471913,0.39060563085325406,0.33139046748167883,0.0,0.44747995407567126,0.3347003728288631,0.27216856181558785,0.25158413758519405,0.38868608957691997,0.3409669731182953,0.3432343290360766,0.44424558128014674,0.4029251641157418,0.414845187456136,0.517230345625246,0.0,0.0,0.33787185179142787,0.47658085722359156,0.46976471970900235,0.0,0.0,0.0,0.0,0.0,0.0,0.0,0.43998270250376004,0.0,0.438700155878388,0.0,0.0,0.5465693036873369,0.49463611831223886,0.0,0.46746374730585477,0.0,0.4859528560042105,0.4603189716529049,0.4780099491121976,0.5420779634151286,0.44375051377835284,0.4559174888321563,0.5077267987548568,0.5250114681960047,0.0,0.5063076792464895,0.0,0.4776807381825442
0.4464340866951934,0.47742315887223585,0.4505047481319891,0.33756923075138123,0.418645106293558,0.4512555846261518,0.415765991970515,0.3925034086700373,0.45863129894231536,0.40739371739512203,0.43577407845860294,0.298287198735199,0.4201290846705549,0.2745921581952113,0.4634830469905664,0.47602531398264025,0.4282435891585994,0.43843579538305066,0.45361626712014835,0.4613534918484799,0.4578499332240205,0.4603279576610782,0.4552400461357443,0.41076149400563766,0.42280681820273647,0.4511561587911908,0.45953546181515237,0.4294695413010086,0.46037715677850477,0.41868578190690003,0.44747995407567126,0.0,0.34630501074584613,0.3842642501486972,0.37879670757524686,0.2885872886953145,0.3562897665468375,0.28237268427184214,0.3368397355440537,0.29163425497217466,0.35947980073266306,0.3391013294151476,0.3852414403147814,0.38248434336188075,0.26231632124576987,0.45891771736790976,0.4896768100429987,0.0,0.0,0.6768178351151111,0.5228972100076242,0.5965018522442589,0.5333112618593956,0.5041918672396551,0.37136818830670726,0.49404504474505423,0.2678217027854657,0.5159919170159122,0.0,0.5316083267988901,0.47393578442700635,0.45960152419988853,0.4383831858340553,0.0,0.5132863234793653,0.5241947995956547,0.5057919976673971,0.5429395947303675,0.42936115044946194,0.4504406273551065,0.4908127609118465,0.5248591838822113,0.5038347532658889,0.5432079380735702,0.0,0.5173743725572625
0.35723842129853633,0.3850708793244185,0.0,0.0,0.45222134518200036,0.40990722515828454,0.40802948322782523,0.0,0.4724513011350306,0.34940342302725613,0.49232836912573,0.21947975763703956,0.3989625347900407,0.22052264814953002,0.4171723815585011,0.3998610350632991,0.35540080351892733,0.3644088837318683,0.5324826906176978,0.40354059052215663,0.39373030902496525,0.40798079087610106,0.4211136732901882,0.25285299601467004,0.3295300904376792,0.38219804746278363,0.42304163393504524,0.39148978289871256,0.40804049224062766,0.4291486434492271,0.3347003728288631,0.34630501074584613,0.0,0.23068129228536957,0.3697926348438849,0.26457494641610874,0.2897661731489073,0.15999016519102444,0.3127503732984939,0.29055737215340083,0.3490079633803559,0.38663722549743973,0.0,0.0,0.2399583036898279,0.42170175082811745,0.46376008816598335,0.0,0.0,0.0,0.5009691212288858,0.0,0.0,0.0,0.3866988746607098,0.0,0.4068038519528379,0.0,0.0,0.5271186531667978,0.4442084698598694,0.40032176867137614,0.4180587243104791,0.0,0.5043533833619095,0.46915030114601347,0.49899771182176184,0.5031852957705751,0.38799197464411905,0.42198138130715196,0.4545062572138945,0.4796806679480127,0.37759268671807494,0.5021981742731119,0.0,0.4096694630007911
0.38556438986863834,0.3998363064313694,0.47703040100668637,0.2763680689683045,0.4590122161557807,0.4715764609353037,0.4213521037751911,0.4836088717526887,0.48363690771835743,0.33228416455152526,0.4888597628013804,0.25275962068529345,0.41275719717614817,0.2427783557988846,0.448072708966657,0.4121534134430535,0.3902916024220593,0.3963477431212308,0.4840027212432153,0.42378404181810164,0.41790229570665577,0.4320130426834201,0.4713259226849943,0.31931989056079507,0.3767591676124065,0.40613738634552665,0.4555214431161638,0.4031054916268543,0.4373174414299025,0.3784139547516148,0.27216856181558785,0.3842642501486972,0.23068129228536957,0.0,0.20378365740821988,0.3515156652071835,0.2639476964022794,0.22286005026941444,0.362242944676196,0.3352836484725215,0.327907606133954,0.37442189838211454,0.38749830603613944,0.3703789458779948,0.29253886909388926,0.4536983966476965,0.4715851380979094,0.0,0.0,0.0,0.5265693105665563,0.533475552821691,0.5267271325017394,0.0,0.3996655010567294,0.0,0.3586276895174517,0.47643785494559177,0.0,0.5292682168597592,0.457709293280961,0.4415346947424906,0.43582995855640233,0.0,0.520422729767649,0.48837098710127164,0.49467587747867925,0.5509442271463999,0.41855526221455097,0.45042842868145655,0.4832828458727634,0.5470651996360465,0.428938186415594,0.5179698152961355,0.0,0.46102589816468
0.44627872476443103,0.45114144941067225,0.4741607158630047,0.3430678419574904,0.42782857433036886,0.4644799538510479,0.40659833402154727,0.4770648514651528,0.4632907077395496,0.3905759090747718,0.46944100236815045,0.3132028338748767,0.43026693383109876,0.347657834140536,0.5055517165937463,0.4988928129353582,0.39977883023705174,0.4177572455803077,0.4683009944591081,0.4775613785852471,0.5102171257059395,0.4989601958140515,0.4760435351752812,0.43371036954330666,0.4025125191410287,0.45503999794685485,0.46960009831892663,0.40372197926462416,0.4721175857728717,0.4122044256595106,0.25158413758519405,0.37879670757524686,0.3697926348438849,0.20378365740821988,0.0,0.4137626842803931,0.33442747306027415,0.29989424665931497,0.33085888509947803,0.3523001504773189,0.3659030337788675,0.38736481561150155,0.387097671799447,0.4092626755905001,0.3367291778087874,0.0,0.5266925928171893,0.0,0.0,0.0,0.0,0.0,0.0,0.0,0.4159888480096771,0.0,0.3540345646542019,0.5119117511547018,0.0,0.5615581259900049,0.4844945419159478,0.0,0.4433950520067374,0.0,0.5317494507519895,0.5483282102012226,0.5360206047881104,0.5340980715591486,0.0,0.46379132537825285,0.5089996536006944,0.5292326732433201,0.0,0.5412604781303562,0.0,0.0
0.0,0.0,0.4423804569254754,0.19899394228060543,0.2521929658305818,0.45737785152288596,0.3200751001921817,0.30395660430190835,0.44179165972354484,0.33481182495325873,0.3407822569878455,0.37060839855015226,0.36698542122159206,0.2138187052120742,0.5097128879426233,0.0,0.4251439695938813,0.0,0.4247090846856263,0.5139579057827445,0.0,0.532608008329093,0.44689400138457547,0.45138852200346063,0.0,0.4186836082497022,0.47793635778871185,0.2852784601393131,0.5170018624648596,0.4612270814262519,0.38868608957691997,0.2885872886953145,0.26457494641610874,0.3515156652071835,0.4137626842803931,0.0,0.25839440509778694,0.307606157936192,0.3208501228658522,0.0,0.3637099427425112,0.35477975873696665,0.3532768981626101,0.0,0.0,0.0,0.0,0.5162528485186617,0.0,0.45260166616229824,0.517792920165673,0.48960047301939147,0.4239986826983306,0.4418630406247378,0.0,0.4561949875444586,0.29869364868717835,0.5051855989621652,0.3942575032604002,0.0,0.0,0.0,0.0,0.46725376619361236,0.0,0.0,0.5793592543252948,0.5078708849244078,0.0,0.0,0.0,0.5131335596507649,0.5001106128239843,0.0,0.4182323027300729,0.0
0.0,0.0,0.47349008324349773,0.21758232459256233,0.28044552395365546,0.46160972438753195,0.3281773217890583,0.38143373682970305,0.4574598597480434,0.27096640148025963,0.45829898256962887,0.34954001103275245,0.342953891260958,0.19201808600892528,0.0,0.0,0.0,0.0,0.4708784727039729,0.4824939685359348,0.0,0.4925663569846791,0.4535965363714753,0.25760924020043197,0.0,0.0,0.4614645574358225,0.27388157523083434,0.480977460854335,0.4525849278590056,0.3409669731182953,0.3562897665468375,0.2897661731489073,0.2639476964022794,0.33442747306027415,0.25839440509778694,0.0,0.3433474988508732,0.2793215084020434,0.0,0.34032665844740606,0.3560409530468869,0.34903400295722964,0.34364412888147233,0.0,0.0,0.0,0.0,0.0,0.0,0.0,0.0,0.0,0.0,0.350895923872968,0.0,0.2779168573089209,0.0,0.0,0.0,0.0,0.0,0.0,0.0,0.0,0.0,0.0,0.5880722495908864,0.0,0.0,0.0,0.0,0.0,0.0,0.0,0.0
0.0,0.0,0.5946709213882857,0.0,0.47553928119681826,0.496363221780499,0.43159203067123675,0.0,0.4767397933785195,0.3209216820958868,0.47347814587404946,0.19941439086759669,0.3970661971728806,0.3614951322149652,0.0,0.0,0.34645664313491176,0.0,0.5108240162987405,0.0,0.0,0.0,0.0,0.24682731863767537,0.33137787625442666,0.35101766505194393,0.5170563445872969,0.3901936427184656,0.0,0.0,0.3432343290360766,0.28237268427184214,0.15999016519102444,0.22286005026941444,0.29989424665931497,0.307606157936192,0.3433474988508732,0.0,0.27753008987949856,0.24702709677697607,0.3047527553894631,0.324629048321583,0.0,0.0,0.25297687497400245,0.0,0.0,0.0,0.0,0.0,0.0,0.0,0.0,0.0,0.36205239254904936,0.0,0.36585935009431036,0.40873001631358663,0.0,0.0,0.0,0.27954556983145906,0.0,0.0,0.0,0.0,0.0,0.0,0.32206805281070655,0.31957620953549987,0.33939594324626116,0.0,0.412422842092782,0.0,0.0,0.33511715775502615
