0.0,0.3717520286389593,0.0,0.0,0.0,0.44319270940343736,0.0,0.48121831937507725,0.0,0.38345573897003477,0.0,0.3706602325066133,0.0,0.4725365868529767,0.42207018572110466,0.36036786713568136,0.3507087707057842,0.34065296438631065,0.0,0.4319439652645834,0.39957969334753535,0.3820564132530307,0.449813276964346,0.36577170082063665,0.33295115772638945,0.371766293221192,0.46162401159167354,0.4555496490458467,0.41582661715240815,0.0,0.31605991759990154,0.36839900783944396,0.2908726310397514,0.32632335760865855,0.38694124537674746,0.0,0.0,0.0,0.46151681865495614,0.4295328033287536,0.40527072807605447,0.0,0.0,0.0,0.0,0.3442710011878608,0.4507089198588895,0.0,0.0,0.0,0.0,0.0,0.0,0.0,0.0,0.0,0.0,0.0,0.0,0.4671101531363268,0.44193164304777716,0.0,0.0,0.0,0.0,0.42535360078422985,0.44740812010521597,0.40052825791622754,0.3289931732475696,0.43820925673010663,0.42930863115462276,0.4215064164623494,0.0,0.0,0.0,0.0
0.3717520286389593,0.0,0.0,0.0,0.0,0.4131027653611944,0.4223212044897622,0.4613508887565735,0.41086623752785534,0.0,0.0,0.0,0.424492438610942,0.0,0.4427118443925556,0.4087523938507193,0.45189445423013586,0.3820450505480126,0.0,0.4436544460365653,0.42431176586434155,0.40995808910834125,0.43041553900090734,0.0,0.34942123020646293,0.3899413401110418,0.4403843985839835,0.41329665162898416,0.4300899029816887,0.38138421250335997,0.3585800781891333,0.41497056607580074,0.3738902509771485,0.36525047442529635,0.44635442871622544,0.0,0.0,0.0,0.47497653600240086,0.4747892600130582,0.46656593202044205,0.4687613037589895,0.0,0.0,0.0,0.4397617861240101,0.47678934307925147,0.0,0.0,0.0,0.47876768649656454,0.0,0.5688415904601427,0.0,0.0,0.0,0.0,0.0,0.0,0.5222792056659084,0.45081040660159044,0.0,0.44466409924310607,0.0,0.46944766329790977,0.5003989405666897,0.511796904730165,0.5062551446766058,0.0,0.4310442490293859,0.49734511048831614,0.5029243128339939,0.0,0.4444013724290251,0.0,0.4546808021660521
0.0,0.0,0.0,0.0,0.34890129715916746,0.3430388786314055,0.3755134989176355,0.3906236371912734,0.2671667577501973,0.0,0.2703651891151293,0.0,0.38805978101244404,0.300576595297685,0.0,0.0,0.0,0.0,0.23061642963678058,0.0,0.0,0.0,0.25511622882092333,0.0,0.0,0.0,0.26945968452973884,0.39109406852068296,0.0,0.0,0.3911986672686073,0.3629451274815143,0.0,0.39291402381348306,0.0,0.330211813216239,0.3800005008079375,0.0,0.42950842826617314,0.0,0.0,0.0,0.38485995860744343,0.0,0.0,0.0,0.0,0.3052530504146951,0.0,0.5315065766469115,0.5167405539093876,0.552295419515813,0.506987751633563,0.4844404938579862,0.0,0.28886292103535527,0.0,0.5622094998741132,0.43128153568424654,0.0,0.0,0.0,0.0,0.2182227555522282,0.0,0.0,0.0,0.5094289353856664,0.0,0.0,0.0,0.5214935992248382,0.0,0.0,0.0,0.0
0.0,0.0,0.0,0.0,0.25641769664684366,0.35286696398253037,0.31223737261529977,0.3826451696938664,0.35981756459575825,0.22775473337501217,0.3202753254313565,0.2882381170012782,0.3176561905586489,0.28165842473893726,0.0,0.0,0.0,0.0,0.3717308674133706,0.0,0.0,0.0,0.0,0.0,0.0,0.0,0.3749413433011997,0.25262355813239556,0.0,0.0,0.28134876303006967,0.25764940153151217,0.0,0.23975870825391862,0.2525232648157153,0.21361179445047,0.195350398641651,0.25367472459694473,0.27225399614732354,0.0,0.2626150545646948,0.0,0.2835277406674393,0.0,0.0,0.0,0.0,0.0,0.0,0.0,0.0,0.0,0.0,0.0,0.0,0.0,0.0,0.0,0.0,0.0,0.0,0.0,0.0,0.0,0.0,0.0,0.0,0.0,0.0,0.0,0.0,0.0,0.0,0.0,0.0,0.0
0.0,0.0,0.34890129715916746,0.25641769664684366,0.0,0.35731659529147747,0.33172748326937923,0.3850745418301123,0.31149068154761084,0.43898754703006637,0.3125874803363134,0.0,0.383972896368772,0.28022512915123043,0.0,0.0,0.5271898037809244,0.0,0.3243464575859502,0.3587771226776469,0.0,0.38860062779445015,0.36986042307045935,0.0,0.0,0.48335590679798524,0.3628179369599205,0.3916124262434204,0.35227309015466507,0.29199780960451527,0.4037620130627908,0.3290816263597647,0.505135831821515,0.3993866002055209,0.32195130731077853,0.23038795671631662,0.22355261916251437,0.4203971227713059,0.5468426548777563,0.0,0.0,0.0,0.3687804842790534,0.0,0.0,0.0,0.0,0.4876234301453044,0.0,0.5674788320834278,0.5353347905910754,0.6509962686398907,0.48819090644633945,0.5005786593952656,0.0,0.41185362786366253,0.0,0.8032175652149031,0.39568380800681113,0.0,0.0,0.0,0.0,0.4746098084614503,0.0,0.0,0.0,0.5049960168008901,0.0,0.0,0.0,0.5260890356812891,0.0,0.0,0.0,0.0
0.44319270940343736,0.4131027653611944,0.3430388786314055,0.35286696398253037,0.35731659529147747,0.0,0.3762041670089125,0.39457382338232017,0.3145189338136969,0.4279880851965816,0.3488196825283444,0.0,0.3597226134304757,0.31549281938574614,0.4146276111171816,0.428127165352715,0.0,0.40161227120868515,0.3382555014352466,0.4002462418567275,0.3998163628755915,0.4152726675761828,0.39657345250574905,0.0,0.417667937867556,0.39286621672637223,0.37356773376627345,0.34219675322665916,0.32490870048428006,0.3668896999158154,0.3859853068813893,0.3774565344452608,0.354068980856627,0.3908615551943465,0.3891968389872735,0.37474273708365075,0.3744304182265052,0.4509261412898822,0.4565373072150186,0.0,0.4815357274678023,0.0,0.0,0.0,0.0,0.0,0.0,0.5030012374124401,0.0,0.0,0.4944424328209672,0.5261055258810766,0.46551900495742,0.46981183212147104,0.0,0.0,0.0,0.4964472065170793,0.0,0.5024967621195093,0.0,0.0,0.0,0.4995648220473815,0.4816644960564348,0.48043717045634016,0.507211503960005,0.5085369704133107,0.0,0.0,0.5192267749301824,0.4957244080639055,0.47542518948298473,0.46811828355518637,0.5228778456751315,0.4816702438649664
0.0,0.4223212044897622,0.3755134989176355,0.31223737261529977,0.33172748326937923,0.3762041670089125,0.0,0.38692392096818345,0.35812354095323845,0.41035201022775664,0.3835626943971412,0.41962445266955767,0.3492741954245009,0.32638021395419164,0.0,0.43810658354028914,0.47730867986571,0.4564495947568357,0.3751163863149375,0.4048160320506837,0.45448645096697915,0.4223986009798745,0.3950410313071997,0.0,0.4325929230348523,0.42760635747068004,0.39115557662924644,0.39042078190731316,0.3787697603969429,0.3773519054947052,0.4058038098589164,0.3932527299444141,0.41504905695752214,0.4011509451474954,0.35431763033472574,0.32410918434873065,0.31420672217785034,0.40386844750127154,0.5511206231037826,0.0,0.0,0.0,0.0,0.0,0.0,0.0,0.0,0.0,0.0,0.0,0.52278457343707,0.0,0.5251850093336711,0.0,0.0,0.0,0.0,0.0,0.0,1.1515771614442853,0.0,0.0,0.0,0.0,0.0,0.0,0.0,0.4988356045472711,0.0,0.0,0.0,0.5053684029996498,0.0,0.5897896022532121,0.0,0.909004650452249
0.48121831937507725,0.4613508887565735,0.3906236371912734,0.3826451696938664,0.3850745418301123,0.39457382338232017,0.38692392096818345,0.0,0.4087012034745097,0.0,0.3087391646223273,0.0,0.41533906561984557,0.3579240518723055,0.39565744835945743,0.44974392655403317,0.0,0.43163689115154796,0.3450800667039532,0.43566187363065173,0.4380088020007379,0.4427846477093428,0.3759779767089553,0.4822301519327978,0.401611167081686,0.4575406138263815,0.4285398058774689,0.41377354061350025,0.3680610782900107,0.42339203711037293,0.4071540555657868,0.3401060598126322,0.3641193754657356,0.3913940211068482,0.439497466940144,0.2637783715266372,0.0,0.0,0.49752674791729773,0.0,0.4103670426486388,0.0,0.393819471745484,0.0,0.0,0.0,0.0,0.4751212118312705,0.0,0.0,0.4802621026474672,0.0,0.38259337136830995,0.4540367856073942,0.0,0.4535437819687319,0.0,0.4748588953293849,0.0,0.49539188376357385,0.0,0.0,0.0,0.45091114949259326,0.49994944815117637,0.4283017691860312,0.0,0.4971821037942651,0.0,0.0,0.0,0.4949294924797956,0.4673646121271516,0.4769237637131704,0.0,0.0
0.0,0.41086623752785534,0.2671667577501973,0.35981756459575825,0.31149068154761084,0.3145189338136969,0.35812354095323845,0.4087012034745097,0.0,0.42614583133373435,0.2959709461096251,0.42475763444296566,0.36052159965144753,0.3570088775747402,0.0,0.0,0.0,0.0,0.259197685294463,0.36849510739071883,0.48499771450402795,0.3990521330390155,0.3558429438570979,0.0,0.0,0.0,0.3096406867583521,0.38306685684445985,0.3472020609192573,0.38624960458335694,0.3625332076065542,0.3608421924276696,0.39240889058153694,0.3812373197662567,0.38887996800470054,0.3562400059203581,0.3764682638013463,0.3962978952527943,0.4478970163530347,0.0,0.0,0.0,0.4155870866471892,0.0,0.0,0.0,0.0,0.5012151697127994,0.0,0.0,0.5016390774651694,0.5599192419454684,0.46410713334798503,0.5168280896184704,0.0,0.4397083100517565,0.0,0.5725841615199468,0.0,0.0,0.0,0.0,0.0,0.4888247850912244,0.0,0.0,0.0,0.5044658726019713,0.0,0.0,0.0,0.49502637517091613,0.5597501489413765,0.6116873895481691,0.0,0.6446792388074698
0.38345573897003477,0.0,0.0,0.22775473337501217,0.43898754703006637,0.4279880851965816,0.41035201022775664,0.0,0.42614583133373435,0.0,0.4306431495566092,0.30094917873056476,0.4229595382956724,0.24677191719865185,0.0,0.4053341809978688,0.32020690793123313,0.35579561690541067,0.44044924115792156,0.0,0.0,0.0,0.0,0.31059199669861637,0.35175755144665916,0.3390027854737106,0.0,0.3960256225908624,0.0,0.0,0.33838366973880946,0.328379377808414,0.31767918076803264,0.3039206600103344,0.2978569480266318,0.28982721573808323,0.21135529592671587,0.27392489993775143,0.35240230878113177,0.34986859096921585,0.3626846878948013,0.3343893155307561,0.34533596343334416,0.0,0.3395461637164729,0.4685366661961111,0.4589694498607672,0.0,0.0,0.0,0.0,0.0,0.0,0.0,0.4164832425572011,0.0,0.43711652701551884,0.4179210005348728,0.0,0.0,0.48895028203914515,0.43948362963543497,0.4280030664782511,0.0,0.0,0.0,0.4077534651712733,0.0,0.3964794073491751,0.42549449970964914,0.4438101451357517,0.0,0.4018253711585592,0.0,0.0,0.39709844554595686
0.0,0.0,0.2703651891151293,0.3202753254313565,0.3125874803363134,0.3488196825283444,0.3835626943971412,0.3087391646223273,0.2959709461096251,0.4306431495566092,0.0,0.0,0.3953527449662271,0.2670337229103149,0.0,0.0,0.0,0.0,0.25169704993749836,0.0,0.0,0.0,0.2455557685883624,0.0,0.0,0.0,0.3310131961259184,0.3954585006548958,0.0,0.0,0.35788652370430063,0.2983738582176353,0.0,0.3905469245237312,0.35969494649205974,0.2800996235775754,0.2853371299605557,0.0,0.36184618433711424,0.0,0.0,0.0,0.3769150649391779,0.0,0.0,0.0,0.0,0.41138644891717313,0.0,0.44202210191464886,0.5010762072048447,0.4913482461199816,0.46709456378556014,0.4462489820917691,0.0,0.15334186336089187,0.0,0.5118532700681848,0.37412014349638517,0.0,0.0,0.0,0.0,0.15828145228223606,0.0,0.0,0.0,0.49990589756205794,0.0,0.0,0.0,0.5007680277257235,0.5190101547014907,0.0,0.0,0.0
0.3706602325066133,0.0,0.0,0.2882381170012782,0.0,0.0,0.41962445266955767,0.0,0.42475763444296566,0.30094917873056476,0.0,0.0,0.4095726368713878,0.0,0.0,0.0,0.3816614797460878,0.0,0.0,0.0,0.48285217363769284,0.0,0.0,0.28259948774695764,0.3537750319416967,0.304337000918359,0.0,0.361664332164898,0.0,0.31110919638524,0.3522594169011136,0.25130334158185424,0.25146633009626146,0.265042981619304,0.2892521120529798,0.25678023623547636,0.27563294804026667,0.19072791895812866,0.25631941050797374,0.3331290358701613,0.3626332782974398,0.39260116869981365,0.0,0.0,0.366920011835766,0.0,0.0,0.0,0.0,0.0,0.0,0.0,0.0,0.0,0.4149452233393702,0.0,0.432383119345813,0.0,0.0,0.0,0.0,0.4457233161544409,0.43446898421641483,0.0,0.0,0.0,0.0,0.0,0.36069833035130694,0.438569673418575,0.45031395854363504,0.0,0.0,0.0,0.0,0.39870533375601896
0.0,0.424492438610942,0.38805978101244404,0.3176561905586489,0.383972896368772,0.3597226134304757,0.3492741954245009,0.41533906561984557,0.36052159965144753,0.4229595382956724,0.3953527449662271,0.4095726368713878,0.0,0.3745685133558282,0.0,0.4373559658222105,0.44491589646688146,0.4269920543657486,0.3828379149759363,0.40373753317790456,0.4206479475078126,0.4279767755305353,0.407325662772305,0.40705796967357927,0.4303482707295931,0.415681688312131,0.4058743633104169,0.35393259599165977,0.3586244826998103,0.3757395115764247,0.40055317741099505,0.39888880482268624,0.41370335757170373,0.40290079228937625,0.3857033825100023,0.3655499010551664,0.3565517001850326,0.3791010296495946,0.46569272094370057,0.0,0.5351887951945776,0.0,0.0,0.0,0.0,0.0,0.0,0.0,0.0,0.0,0.5041324717027705,0.0,0.4749939307163683,0.0,0.0,0.0,0.0,0.5699805409961408,0.0,0.6243441090586097,0.0,0.0,0.0,0.0,0.5447414125823236,0.5792827811156082,0.0,0.49998701768424064,0.0,0.0,0.0,0.49490588739761554,0.0,0.5060336964825258,0.0,0.592608890219371
0.4725365868529767,0.0,0.300576595297685,0.28165842473893726,0.28022512915123043,0.31549281938574614,0.32638021395419164,0.3579240518723055,0.3570088775747402,0.24677191719865185,0.2670337229103149,0.0,0.3745685133558282,0.0,0.0,0.0,0.0,0.0,0.2901785360693801,0.0,0.444010139462821,0.0,0.3640582660849438,0.0,0.0,0.0,0.3952744808840756,0.2651650346405933,0.0,0.0,0.3536334108672926,0.24248378037154975,0.0,0.34276576293752703,0.0,0.19296342049888318,0.17891007525344588,0.0,0.2852297338432583,0.0,0.0,0.0,0.3404742907529095,0.0,0.0,0.0,0.0,0.49340411968526676,0.0,0.47195492175381504,0.5795450604561123,0.5095260678235212,0.4581677975975567,0.44845016425765405,0.0,0.4168555276482066,0.0,0.7720385173216873,0.3706864347470309,0.0,0.0,0.0,0.0,0.4445057586748352,0.0,0.0,0.0,0.49351674003916934,0.0,0.0,0.0,0.5313786916373806,0.7214967743903673,0.0,0.0,0.0
0.42207018572110466,0.4427118443925556,0.0,0.0,0.0,0.4146276111171816,0.0,0.39565744835945743,0.0,0.0,0.0,0.0,0.0,0.0,0.0,0.4203051188683572,0.0,0.37317426882550064,0.0,0.3674924658289016,0.416766380278303,0.3596077901424478,0.35119967055828666,0.45330988074166606,0.41650699389953866,0.39882254921086013,0.41518897022834195,0.37357537480352965,0.4118464453639022,0.0,0.38937974373051143,0.4317279863492887,0.40041929073929916,0.4274765808856766,0.4728545134932939,0.0,0.0,0.0,0.5029459833946484,0.5519227418686382,0.5033962648974438,0.531426437456243,0.0,0.0,0.0,0.0,0.5114445404169964,0.0,0.0,0.0,0.47880295340048223,0.0,0.453738973644475,0.0,0.0,0.0,0.0,0.0,0.0,0.5219153993945989,0.4905452645288279,0.0,0.0,0.0,0.5042290731877347,0.500603863634913,0.528076366196613,0.5027264548659212,0.0,0.0,0.5351759784446514,0.5154323602662543,0.0,0.4823864168905549,0.0,0.4979624256833187
0.36036786713568136,0.4087523938507193,0.0,0.0,0.0,0.428127165352715,0.43810658354028914,0.44974392655403317,0.0,0.4053341809978688,0.0,0.0,0.4373559658222105,0.0,0.4203051188683572,0.0,0.4030998377722026,0.36017581344544464,0.0,0.4248061186729707,0.39239211530445656,0.4036444476133492,0.39733319737031864,0.3931144017627881,0.3816113208513741,0.413053637751683,0.4385082615356121,0.4280864666683634,0.44402992482699943,0.0,0.3649310839704303,0.4183209485313204,0.366376420380644,0.38763827372364484,0.4529748312684965,0.0,0.0,0.0,0.46293326049258804,0.4304139904507502,0.43704081160813935,0.4351137362519552,0.0,0.0,0.0,0.42363097042518816,0.4564576598943076,0.0,0.0,0.0,0.0,0.0,0.0,0.0,0.0,0.0,0.0,0.0,0.0,0.5016468598951092,0.4400022013737524,0.0,0.0,0.0,0.4495747808326893,0.4937268099990392,0.4739900933260613,0.5986529406847556,0.0,0.41953029831430033,0.4755596825359827,0.566107078237517,0.0,0.0,0.0,0.0
0.3507087707057842,0.45189445423013586,0.0,0.0,0.5271898037809244,0.0,0.47730867986571,0.0,0.0,0.32020690793123313,0.0,0.3816614797460878,0.44491589646688146,0.0,0.0,0.4030998377722026,0.0,0.324874878586019,0.0,0.426377620051776,0.0,0.40575865651308163,0.0,0.3694716562514077,0.32825032646458924,0.3669998122768566,0.0,0.4262537750346601,0.47484667192484764,0.0,0.3721732269584991,0.4163977770608825,0.3543035664344903,0.3847133752669399,0.40702244674452426,0.0,0.0,0.337785251285905,0.4006620002706873,0.35194548440864476,0.36855865633843243,0.0,0.0,0.0,0.0,0.0,0.4427193102136982,0.0,0.0,0.0,0.0,0.0,0.0,0.0,0.3845866535434082,0.0,0.41954761606475716,0.0,0.0,0.0,0.0,0.43538002430798906,0.391705590024232,0.0,0.0,0.0,0.0,0.0,0.3633385795810771,0.3822776373033534,0.42488869632000265,0.0,0.0,0.0,0.0,0.0
0.34065296438631065,0.3820450505480126,0.0,0.0,0.0,0.40161227120868515,0.4564495947568357,0.43163689115154796,0.0,0.35579561690541067,0.0,0.0,0.4269920543657486,0.0,0.37317426882550064,0.36017581344544464,0.324874878586019,0.0,0.0,0.39396419097380136,0.3584071619042914,0.406137854326636,0.3978799762301415,0.3428694614284924,0.33347326842259045,0.3619083625002922,0.41200827906175524,0.4084610337093661,0.40464463434858816,0.0,0.36229419653104716,0.4059170152669749,0.334938041657633,0.36634031002605677,0.40357489297627647,0.0,0.0,0.0,0.4130446009313234,0.38672306815187635,0.3967012993633243,0.43555462265916,0.0,0.0,0.0,0.39019609195021454,0.42188096268873365,0.0,0.0,0.0,0.0,0.0,0.0,0.0,0.38209695572559577,0.0,0.0,0.0,0.0,0.5418958671331517,0.4108887458336351,0.0,0.37811735356237774,0.0,0.0,0.4547237246990258,0.4300340701448025,0.0,0.4310291415188934,0.41109060740816905,0.4270473083460068,0.0,0.0,0.0,0.0,0.0
0.0,0.0,0.23061642963678058,0.3717308674133706,0.3243464575859502,0.3382555014352466,0.3751163863149375,0.3450800667039532,0.259197685294463,0.44044924115792156,0.25169704993749836,0.0,0.3828379149759363,0.2901785360693801,0.0,0.0,0.0,0.0,0.0,0.0,0.0,0.0,0.1885368041696756,0.0,0.0,0.0,0.2840073923378035,0.3632298193935165,0.0,0.0,0.38574994782481775,0.3336699530002398,0.0,0.40101529054027385,0.34543847492188334,0.3193286080498513,0.0,0.0,0.0,0.0,0.0,0.0,0.36598354120258714,0.0,0.0,0.0,0.0,0.42570230214137134,0.0,0.0,0.5035548048599204,0.0,0.4478850769516343,0.45510031036262777,0.0,0.20341916577710709,0.0,0.555232979028919,0.0,0.0,0.0,0.0,0.0,0.42500645068431003,0.0,0.0,0.0,0.498424829854941,0.0,0.0,0.0,0.49598406125968186,0.0,0.0,0.0,0.0
0.4319439652645834,0.4436544460365653,0.0,0.0,0.3587771226776469,0.4002462418567275,0.4048160320506837,0.43566187363065173,0.36849510739071883,0.0,0.0,0.0,0.40373753317790456,0.0,0.3674924658289016,0.4248061186729707,0.426377620051776,0.39396419097380136,0.0,0.0,0.4371527123995996,0.3704369549255684,0.3021899756061708,0.6104069019288484,0.4395819040942435,0.440743207797897,0.36383200097438734,0.3465715602292262,0.33507821160273105,0.27013328935696496,0.3777759586158343,0.43798200737257964,0.38605465400669126,0.42358138654250194,0.4751754469175633,0.49626638603445744,0.4590185016252952,0.0,0.48605914828147495,0.4828131928551836,0.49094638631601556,0.5027271070958488,0.0,0.0,0.0,0.0,0.46713636090882726,0.0,0.0,0.0,0.4853061084462978,0.0,0.4997563253873628,0.0,0.0,0.0,0.0,0.5340428688408059,0.0,0.4966730607093988,0.0,0.0,0.0,0.0,0.4885792590187171,0.48029500557053656,0.4997745187702439,0.503966745663014,0.0,0.0,0.4923031150093602,0.5047008985392544,0.49644359290551104,0.47850996768711457,0.0,0.4953294383631195
0.39957969334753535,0.42431176586434155,0.0,0.0,0.0,0.3998163628755915,0.45448645096697915,0.4380088020007379,0.48499771450402795,0.0,0.0,0.48285217363769284,0.4206479475078126,0.444010139462821,0.416766380278303,0.39239211530445656,0.0,0.3584071619042914,0.0,0.4371527123995996,0.0,0.45701363128018696,0.40162358363696354,0.448369403655845,0.36247811479413744,0.41475473297434007,0.4398607183797261,0.42253743920692477,0.39319808071736695,0.43263622730130297,0.37713180301688465,0.4144813366261861,0.3630066543662085,0.400519809660631,0.4687126195116563,0.4029202083418264,0.0,0.0,0.43160861416910096,0.0,0.0,0.0,0.0,0.0,0.0,0.3994084267879856,0.4750240466337146,0.0,0.0,0.0,0.4393922265620879,0.0,0.3779135107075069,0.0,0.0,0.0,0.0,0.0,0.0,0.48337277398124107,0.0,0.0,0.0,0.0,0.46628181165630783,0.41728306469613696,0.5052297987477475,0.45380870154874653,0.0,0.0,0.4997315745527378,0.4724613939232077,0.0,0.38069827759648234,0.0,0.0
0.3820564132530307,0.40995808910834125,0.0,0.0,0.38860062779445015,0.4152726675761828,0.4223986009798745,0.4427846477093428,0.3990521330390155,0.0,0.0,0.0,0.4279767755305353,0.0,0.3596077901424478,0.4036444476133492,0.40575865651308163,0.406137854326636,0.0,0.3704369549255684,0.45701363128018696,0.0,0.4085030791511439,0.5529333378006949,0.3910948683329261,0.4096209224426036,0.4366353014952954,0.40590829178904986,0.4044896762838207,0.301245005579529,0.3638417280278294,0.4307362105415754,0.39530318456437674,0.4089486938839734,0.47745857039410117,0.5061629563704618,0.44895642678125736,0.6666954852590016,0.4875667690525229,0.4881385793092222,0.4832432139102494,0.4901503839136213,0.0,0.0,0.0,0.46057506307251717,0.48280295452981825,0.0,0.0,0.0,0.4759030047765703,0.0,0.49836721285563723,0.0,0.0,0.0,0.0,0.7484814034064592,0.0,0.5246279119021606,0.46250504656057323,0.0,0.49742098515821265,0.0,0.49824225995159527,0.509925855455983,0.5069252521188229,0.5027301796734648,0.0,0.4591870351679137,0.520341183117859,0.5020047435181694,0.0,0.4685699943792618,0.0,0.4709461191983918
0.449813276964346,0.43041553900090734,0.25511622882092333,0.0,0.36986042307045935,0.39657345250574905,0.3950410313071997,0.3759779767089553,0.3558429438570979,0.0,0.2455557685883624,0.0,0.407325662772305,0.3640582660849438,0.35119967055828666,0.39733319737031864,0.0,0.3978799762301415,0.1885368041696756,0.3021899756061708,0.40162358363696354,0.4085030791511439,0.0,0.4698969403981733,0.39506624297745896,0.45679720468261836,0.3500842519595102,0.4076180610087164,0.3870599202787451,0.410338022005126,0.41185697102941377,0.4065037375377726,0.37211731057847897,0.4206477689181041,0.44679337412180964,0.37670521275903335,0.40856895638317225,0.0,0.4929273485118668,0.4656229776095723,0.48793875574109163,0.49627064839968693,0.4577654437569526,0.0,0.0,0.4144430566920423,0.4983839837307462,0.46517891010777296,0.0,0.5399289248787609,0.5174666047016427,0.49919522977742625,0.4913201215510563,0.46427595854517995,0.0,0.393470282297351,0.0,0.49281152470126316,0.49571602015941885,0.5028038881200301,0.0,0.0,0.0,0.4621162112395877,0.5000636657273089,0.47564692037036055,0.5032868190285423,0.5316020176037674,0.0,0.0,0.4954432367476713,0.5246127116067544,0.4908024505642505,0.49111164449745587,0.4948675476167081,0.5006976218854988
0.36577170082063665,0.0,0.0,0.0,0.0,0.0,0.0,0.4822301519327978,0.0,0.31059199669861637,0.0,0.28259948774695764,0.40705796967357927,0.0,0.45330988074166606,0.3931144017627881,0.3694716562514077,0.3428694614284924,0.0,0.6104069019288484,0.448369403655845,0.5529333378006949,0.4698969403981733,0.0,0.3616336595662354,0.319783811724568,0.5177465236479584,0.3949305666949426,0.0,0.0,0.34915242508862604,0.33543752778951713,0.2591106453121856,0.28097694125108014,0.36910925697780994,0.0,0.0,0.2508522375289609,0.41814649983700597,0.3535396202725915,0.3747146399490485,0.33533259434563867,0.0,0.0,0.0,0.3844045482418949,0.4358182994574793,0.0,0.0,0.0,0.0,0.0,0.0,0.0,0.4213294889592899,0.0,0.4143262224304301,0.0,0.0,0.0,0.4353654090929664,0.4531727035462574,0.44633693626182636,0.0,0.0,0.46277696396408236,0.0,0.0,0.40048444090028096,0.43418496146655755,0.44483948272932994,0.0,0.0,0.0,0.0,0.36906094875444706
0.33295115772638945,0.34942123020646293,0.0,0.0,0.0,0.417667937867556,0.4325929230348523,0.401611167081686,0.0,0.35175755144665916,0.0,0.3537750319416967,0.4303482707295931,0.0,0.41650699389953866,0.3816113208513741,0.32825032646458924,0.33347326842259045,0.0,0.4395819040942435,0.36247811479413744,0.3910948683329261,0.39506624297745896,0.3616336595662354,0.0,0.341239673332842,0.44912990488859894,0.40925772367196,0.4255530157105442,0.0,0.36248524291667544,0.37780755334348065,0.31253743352907226,0.34455977258509973,0.3853725006951717,0.0,0.0,0.3270953308039692,0.4096898940143843,0.39098430779682636,0.395285610603739,0.4033004876990287,0.0,0.0,0.44910056746458826,0.3867733725055621,0.4150810881498175,0.0,0.0,0.0,0.0,0.0,0.0,0.0,0.40317886327629293,0.0,0.4296131727917509,0.0,0.0,0.5096495469917318,0.4123681548246141,0.42341027482617427,0.41080619261772405,0.0,0.43649297100286716,0.4825440093441417,0.46777583674820666,0.5649166141019637,0.42043900446068055,0.4102714787527313,0.4339525493423734,0.6995291973817204,0.0,0.0,0.0,0.4034848910733886
0.371766293221192,0.3899413401110418,0.0,0.0,0.48335590679798524,0.39286621672637223,0.42760635747068004,0.4575406138263815,0.0,0.3390027854737106,0.0,0.304337000918359,0.415681688312131,0.0,0.39882254921086013,0.413053637751683,0.3669998122768566,0.3619083625002922,0.0,0.440743207797897,0.41475473297434007,0.4096209224426036,0.45679720468261836,0.319783811724568,0.341239673332842,0.0,0.47380392280511774,0.40296709119546237,0.3993577277144953,0.4581926521423678,0.36503025262323924,0.4039977138721924,0.33689168319348534,0.3587959106898228,0.4083232346620919,0.0,0.0,0.3163820497003709,0.47040780621386086,0.40903946902319666,0.44742842388783893,0.4517533175061075,0.0,0.0,0.0,0.44191730031200244,0.47438777447450586,0.0,0.0,0.0,0.49891463071607856,0.0,0.5205151506084573,0.0,0.4228676301525345,0.0,0.4405917454105781,0.0,0.0,0.5362367776136525,0.445499520954455,0.4490346662771322,0.42648044983242117,0.0,0.4931708995325011,0.5220703514012905,0.5133631818268334,0.5072743293001737,0.43077661427728386,0.4291320904204849,0.4718588614556761,0.5109690903134573,0.0,0.47874213506672164,0.0,0.42315661525858694
0.46162401159167354,0.4403843985839835,0.26945968452973884,0.3749413433011997,0.3628179369599205,0.37356773376627345,0.39115557662924644,0.4285398058774689,0.3096406867583521,0.0,0.3310131961259184,0.0,0.4058743633104169,0.3952744808840756,0.41518897022834195,0.4385082615356121,0.0,0.41200827906175524,0.2840073923378035,0.36383200097438734,0.4398607183797261,0.4366353014952954,0.3500842519595102,0.5177465236479584,0.44912990488859894,0.47380392280511774,0.0,0.40483349460528767,0.37303833326012603,0.4159987689920601,0.41553298801767113,0.4223969765228398,0.3898508905374836,0.43140295806937057,0.46194286387819167,0.41699651178745173,0.4112384343233647,0.0,0.49248590356366073,0.5085160556439774,0.49959980530803616,0.5109528911892846,0.4756551662813935,0.0,0.0,0.0,0.5308054450666203,0.5151977103545937,0.0,0.5620481177850022,0.5090843236467187,0.5171678127605677,0.5035456662638452,0.49827123429168485,0.0,0.48843848882312196,0.0,0.49475836364020487,0.4540355032475999,0.5020049639178441,0.0,0.0,0.0,0.5170159759143962,0.5012915128372004,0.48940862865082363,0.5044815389635168,0.5265364296019308,0.0,0.0,0.5127038695232036,0.5169155671685226,0.4933060786109463,0.49635213414478846,0.5221964056187065,0.5005814664437949
0.4555496490458467,0.41329665162898416,0.39109406852068296,0.25262355813239556,0.3916124262434204,0.34219675322665916,0.39042078190731316,0.41377354061350025,0.38306685684445985,0.3960256225908624,0.3954585006548958,0.361664332164898,0.35393259599165977,0.2651650346405933,0.37357537480352965,0.4280864666683634,0.4262537750346601,0.4084610337093661,0.3632298193935165,0.3465715602292262,0.42253743920692477,0.40590829178904986,0.4076180610087164,0.3949305666949426,0.40925772367196,0.40296709119546237,0.40483349460528767,0.0,0.29220077591724913,0.31432067945743447,0.367571564082014,0.3835974486203836,0.3588959773968068,0.34657557427418045,0.33765481229845695,0.2852458626330841,0.26638285214441954,0.32811171211065204,0.4223584420821301,0.0,0.5008771479710237,0.0,0.0,0.0,0.0,0.0,0.0,0.0,0.0,0.0,0.478629827971073,0.0,0.47172265663229074,0.0,0.0,0.0,0.0,0.5396001918415976,0.0,0.5151020860184117,0.0,0.0,0.0,0.0,0.48930357469916913,0.4877355171960729,0.5811823437895445,0.49794236152367277,0.0,0.0,0.0,0.4930632856724478,0.5006177964246113,0.479205938189289,0.6213274709523187,0.5153491769873663
0.41582661715240815,0.4300899029816887,0.0,0.0,0.35227309015466507,0.32490870048428006,0.3787697603969429,0.3680610782900107,0.3472020609192573,0.0,0.0,0.0,0.3586244826998103,0.0,0.4118464453639022,0.44402992482699943,0.47484667192484764,0.40464463434858816,0.0,0.33507821160273105,0.39319808071736695,0.4044896762838207,0.3870599202787451,0.0,0.4255530157105442,0.3993577277144953,0.37303833326012603,0.29220077591724913,0.0,0.34472237965550556,0.3571582739022099,0.40504303019861027,0.36647326251344736,0.38681456843614564,0.42959437278719365,0.45706296176406114,0.4260368396715468,0.0,0.4811700714425019,0.0,0.4949629698252594,0.0,0.0,0.0,0.0,0.0,0.49055001476766524,0.0,0.0,0.0,0.4737713091165031,0.0,0.46069343718179545,0.0,0.0,0.0,0.0,0.5190680383844702,0.0,0.47932465703953514,0.0,0.0,0.0,0.0,0.4728462311900981,0.45394094393545525,0.48434778171380666,0.4838496569481117,0.0,0.0,0.49262533840650774,0.4824759681712514,0.48429326933070516,0.4720370895127099,0.0,0.48440155054956496
0.0,0.38138421250335997,0.0,0.0,0.29199780960451527,0.3668896999158154,0.3773519054947052,0.42339203711037293,0.38624960458335694,0.0,0.0,0.31110919638524,0.3757395115764247,0.0,0.0,0.0,0.0,0.0,0.0,0.27013328935696496,0.43263622730130297,0.301245005579529,0.410338022005126,0.0,0.0,0.4581926521423678,0.4159987689920601,0.31432067945743447,0.34472237965550556,0.0,0.3312410815177924,0.3833045852652058,0.0,0.3369784184194409,0.3932886443900775,0.40671478298979574,0.35847792234563997,0.0,0.0,0.0,0.0,0.0,0.0,0.0,0.0,0.0,0.0,0.0,0.0,0.0,0.5176410446219392,0.0,0.0,0.0,0.0,0.0,0.0,0.0,0.0,0.5656251162447541,0.0,0.0,0.0,0.0,0.5409903723474954,0.0,0.0,0.5063763450799132,0.0,0.0,0.0,0.5083800446009714,0.0,0.0,0.0,0.0
0.31605991759990154,0.3585800781891333,0.3911986672686073,0.28134876303006967,0.4037620130627908,0.3859853068813893,0.4058038098589164,0.4071540555657868,0.3625332076065542,0.33838366973880946,0.35788652370430063,0.3522594169011136,0.40055317741099505,0.3536334108672926,0.38937974373051143,0.3649310839704303,0.3721732269584991,0.36229419653104716,0.38574994782481775,0.3777759586158343,0.37713180301688465,0.3638417280278294,0.41185697102941377,0.34915242508862604,0.36248524291667544,0.36503025262323924,0.41553298801767113,0.367571564082014,0.3571582739022099,0.3312410815177924,0.0,0.3658225343476994,0.30948304010334843,0.2847433865532127,0.3025938073225952,0.335432079110225,0.3271710628730879,0.283060868169854,0.45360428264403563,0.24904201403344206,0.42307532028089573,0.4510308476154371,0.0,0.0,0.0,0.3678937775148269,0.4222885130730817,0.0,0.0,0.0,0.4949431931617546,0.0,0.46118038789115007,0.0,0.38213581967635646,0.0,0.3880910370876522,0.0,0.0,0.4946819005101268,0.39483742718948195,0.0,0.0,0.0,0.4791471782601861,0.4362541228939074,0.4585281707204737,0.4958777720707298,0.31744875775889353,0.41550930877987935,0.45264327078201155,0.48843288406487373,0.0,0.4823066994856815,0.0,0.5182590673407189
0.36839900783944396,0.41497056607580074,0.3629451274815143,0.25764940153151217,0.3290816263597647,0.3774565344452608,0.3932527299444141,0.3401060598126322,0.3608421924276696,0.328379377808414,0.2983738582176353,0.25130334158185424,0.39888880482268624,0.24248378037154975,0.4317279863492887,0.4183209485313204,0.4163977770608825,0.4059170152669749,0.3336699530002398,0.43798200737257964,0.4144813366261861,0.4307362105415754,0.4065037375377726,0.33543752778951713,0.37780755334348065,0.4039977138721924,0.4223969765228398,0.3835974486203836,0.40504303019861027,0.3833045852652058,0.3658225343476994,0.0,0.32438691942081965,0.35955933894551084,0.3214236430015592,0.2671534403292467,0.2858051034912519,0.237214438514867,0.24159225037668877,0.2579473594752414,0.2457870066047448,0.2921665210494615,0.2706534414111284,0.24808312017289694,0.20608185893865352,0.43842002820817993,0.45644358602095764,0.4841262570547661,0.33416355766414596,0.0,0.42386710675981265,0.4583461700209973,0.42539572158635447,0.47803897789657873,0.0,0.41460850333567784,0.23096907922594986,0.4443834257651757,0.34521597323554765,0.5002191282034096,0.4400868460380638,0.0,0.0,0.5019778955375743,0.47825265097683206,0.47359698779705567,0.49204340774986477,0.4788701487204231,0.21941960600709326,0.43119428404717614,0.47827180108391937,0.4737774075558985,0.37803014275773844,0.4500061680801899,0.4523076250769977,0.43131914987627357
0.2908726310397514,0.3738902509771485,0.0,0.0,0.505135831821515,0.354068980856627,0.41504905695752214,0.3641193754657356,0.39240889058153694,0.31767918076803264,0.0,0.25146633009626146,0.41370335757170373,0.0,0.40041929073929916,0.366376420380644,0.3543035664344903,0.334938041657633,0.0,0.38605465400669126,0.3630066543662085,0.39530318456437674,0.37211731057847897,0.2591106453121856,0.31253743352907226,0.33689168319348534,0.3898508905374836,0.3588959773968068,0.36647326251344736,0.0,0.30948304010334843,0.32438691942081965,0.0,0.23626410988114968,0.377431618980153,0.2653070122398117,0.2472409760171794,0.18770104066953433,0.24645784885179128,0.20721714826505291,0.2241571182863865,0.2552323401952409,0.0,0.0,0.20326288615238616,0.3697410092900285,0.43364559557083393,0.0,0.0,0.0,0.40628291678230566,0.0,0.0,0.0,0.2951783343425519,0.0,0.2643033576184783,0.0,0.0,0.4949070935973976,0.4114397846801382,0.0,0.38452049783184533,0.0,0.4703524673615931,0.4594166301200554,0.47176452312639805,0.45202185630739766,0.2221457890698356,0.4023789383505653,0.43746045256495614,0.44505574251577695,0.0,0.0,0.0,0.31924064461184093
0.32632335760865855,0.36525047442529635,0.39291402381348306,0.23975870825391862,0.3993866002055209,0.3908615551943465,0.4011509451474954,0.3913940211068482,0.3812373197662567,0.3039206600103344,0.3905469245237312,0.265042981619304,0.40290079228937625,0.34276576293752703,0.4274765808856766,0.38763827372364484,0.3847133752669399,0.36634031002605677,0.40101529054027385,0.42358138654250194,0.400519809660631,0.4089486938839734,0.4206477689181041,0.28097694125108014,0.34455977258509973,0.3587959106898228,0.43140295806937057,0.34657557427418045,0.38681456843614564,0.3369784184194409,0.2847433865532127,0.35955933894551084,0.23626410988114968,0.0,0.2846226744585858,0.3134928463235897,0.2547018722448844,0.17420782878447633,0.32617722304869146,0.23250216053501727,0.2560654311048879,0.2275130853200982,0.0,0.0,0.2125073680037876,0.377278518047864,0.43782104161417534,0.0,0.0,0.0,0.47513239799601975,0.0,0.46601863533355414,0.0,0.34063838366438126,0.0,0.3511628225881813,0.0,0.0,0.5099871078491185,0.4243661585775719,0.0,0.396477413553175,0.0,0.4768977706397748,0.4764221277839438,0.4829212363323987,0.4842639655088678,0.33760705331335333,0.4088276221646799,0.46686823842082764,0.4826567063559265,0.0,0.4790803832372672,0.0,0.0
0.38694124537674746,0.44635442871622544,0.0,0.2525232648157153,0.32195130731077853,0.3891968389872735,0.35431763033472574,0.439497466940144,0.38887996800470054,0.2978569480266318,0.35969494649205974,0.2892521120529798,0.3857033825100023,0.0,0.4728545134932939,0.4529748312684965,0.40702244674452426,0.40357489297627647,0.34543847492188334,0.4751754469175633,0.4687126195116563,0.47745857039410117,0.44679337412180964,0.36910925697780994,0.3853725006951717,0.4083232346620919,0.46194286387819167,0.33765481229845695,0.42959437278719365,0.3932886443900775,0.3025938073225952,0.3214236430015592,0.377431618980153,0.2846226744585858,0.0,0.3524312442259936,0.27573897770988676,0.19697075877713385,0.3124036509952869,0.2867337328221906,0.3176645031419057,0.3403295214356065,0.3173846395643081,0.3116973324515993,0.29953983112011,0.0,0.4653743445388574,0.0,0.0,0.0,0.5393848875853656,0.0,0.0,0.0,0.0,0.0,0.2561420789240886,0.0,0.0,0.5300690347776242,0.0,0.0,0.0,0.0,0.5004342986299567,0.5146338278335838,0.5235354469687918,0.5057922804616984,0.24749172663718344,0.43929024939708056,0.513139017713944,0.5063502056428014,0.3625511653261805,0.0,0.0,0.0
0.0,0.0,0.330211813216239,0.21361179445047,0.23038795671631662,0.37474273708365075,0.32410918434873065,0.2637783715266372,0.3562400059203581,0.28982721573808323,0.2800996235775754,0.25678023623547636,0.3655499010551664,0.19296342049888318,0.0,0.0,0.0,0.0,0.3193286080498513,0.49626638603445744,0.4029202083418264,0.5061629563704618,0.37670521275903335,0.0,0.0,0.0,0.41699651178745173,0.2852458626330841,0.45706296176406114,0.40671478298979574,0.335432079110225,0.2671534403292467,0.2653070122398117,0.3134928463235897,0.3524312442259936,0.0,0.18356643441123607,0.26364453183165804,0.26311884561891763,0.21145688273211774,0.2628211801191682,0.2607606619830379,0.2898951271498942,0.0,0.25534652320274864,0.0,0.0,0.45109514914525956,0.0,0.4423153727709394,0.4367598357523442,0.0,0.42280996515354863,0.41632053953918974,0.0,0.3725299806734723,0.0,0.5225246628714106,0.3041094676140518,0.0,0.0,0.0,0.0,0.4119964644784144,0.48912749131425126,0.0,0.3817215403414461,0.44331125258220383,0.22752247334380343,0.0,0.0,0.44709629479421464,0.42824992189502004,0.4473768907273317,0.0,0.5142547150006351
0.0,0.0,0.3800005008079375,0.195350398641651,0.22355261916251437,0.3744304182265052,0.31420672217785034,0.0,0.3764682638013463,0.21135529592671587,0.2853371299605557,0.27563294804026667,0.3565517001850326,0.17891007525344588,0.0,0.0,0.0,0.0,0.0,0.4590185016252952,0.0,0.44895642678125736,0.40856895638317225,0.0,0.0,0.0,0.4112384343233647,0.26638285214441954,0.4260368396715468,0.35847792234563997,0.3271710628730879,0.2858051034912519,0.2472409760171794,0.2547018722448844,0.27573897770988676,0.18356643441123607,0.0,0.24305050322286814,0.26319490504435783,0.17437822830087962,0.2280351368278944,0.30376628111976556,0.2651229150166807,0.2495385342704594,0.0,0.0,0.0,0.0,0.0,0.0,0.0,0.0,0.0,0.0,0.0,0.0,0.0,0.0,0.0,0.0,0.0,0.0,0.0,0.0,0.0,0.0,0.0,0.5743750845463731,0.0,0.0,0.0,0.0,0.0,0.0,0.0,0.0
0.0,0.0,0.0,0.25367472459694473,0.4203971227713059,0.4509261412898822,0.40386844750127154,0.0,0.3962978952527943,0.27392489993775143,0.0,0.19072791895812866,0.3791010296495946,0.0,0.0,0.0,0.337785251285905,0.0,0.0,0.0,0.0,0.6666954852590016,0.0,0.2508522375289609,0.3270953308039692,0.3163820497003709,0.0,0.32811171211065204,0.0,0.0,0.283060868169854,0.237214438514867,0.18770104066953433,0.17420782878447633,0.19697075877713385,0.26364453183165804,0.24305050322286814,0.0,0.24256670883144038,0.22807691803152202,0.20738845143714207,0.23971011150671223,0.0,0.0,0.20833115223717835,0.0,0.0,0.0,0.0,0.0,0.0,0.0,0.0,0.0,0.3201802631117361,0.0,0.2593945996730167,0.0,0.0,0.0,0.0,0.0,0.0,0.0,0.0,0.0,0.0,0.0,0.24464225803437414,0.0,0.31194973459481024,0.0,0.0,0.0,0.0,0.3345868020392323
0.46151681865495614,0.47497653600240086,0.42950842826617314,0.27225399614732354,0.5468426548777563,0.4565373072150186,0.5511206231037826,0.49752674791729773,0.4478970163530347,0.35240230878113177,0.36184618433711424,0.25631941050797374,0.46569272094370057,0.2852297338432583,0.5029459833946484,0.46293326049258804,0.4006620002706873,0.4130446009313234,0.0,0.48605914828147495,0.43160861416910096,0.4875667690525229,0.4929273485118668,0.41814649983700597,0.4096898940143843,0.47040780621386086,0.49248590356366073,0.4223584420821301,0.4811700714425019,0.0,0.45360428264403563,0.24159225037668877,0.24645784885179128,0.32617722304869146,0.3124036509952869,0.26311884561891763,0.26319490504435783,0.24256670883144038,0.0,0.31886658363452136,0.36243602532665864,0.34203452318915106,0.2365074014003219,0.25875294664685616,0.2298914758984902,0.40873769687940376,0.4025963949268251,0.3405694057545343,0.2316747034743546,0.2980636602232147,0.3234354852288275,0.335309524127163,0.35444200731770814,0.314475235190222,0.3201208677733815,0.27967799025670737,0.24406133397598065,0.3591386031216643,0.24774862241349666,0.41097980889959407,0.4327449170012543,0.40002220887945633,0.40954356392930813,0.31381686401329667,0.4234734955348547,0.37557142893350126,0.4216766239923493,0.38143935656406275,0.24514420149181865,0.3857769313325071,0.4034461372459768,0.3986737769990197,0.34486592840452335,0.3733046787308282,0.3571302459128005,0.36758846090383257
0.4295328033287536,0.4747892600130582,0.0,0.0,0.0,0.0,0.0,0.0,0.0,0.34986859096921585,0.0,0.3331290358701613,0.0,0.0,0.5519227418686382,0.4304139904507502,0.35194548440864476,0.38672306815187635,0.0,0.4828131928551836,0.0,0.4881385793092222,0.4656229776095723,0.3535396202725915,0.39098430779682636,0.40903946902319666,0.5085160556439774,0.0,0.0,0.0,0.24904201403344206,0.2579473594752414,0.20721714826505291,0.23250216053501727,0.2867337328221906,0.21145688273211774,0.17437822830087962,0.22807691803152202,0.31886658363452136,0.0,0.24375405714850115,0.34755905158916817,0.3293160822125991,0.2174922223050515,0.18947431362279307,0.325464939464483,0.3420295086876635,0.0,0.17814615704954317,0.3520713682219546,0.3125384831583033,0.34832094684962245,0.3954385033107313,0.37856050397499486,0.2782394475281233,0.0,0.23410972678436595,0.3490183537918504,0.0,0.38254847062484887,0.3465377151351039,0.3188338868026581,0.307646745266393,0.0,0.345389114007566,0.35202504728773815,0.3624912214875935,0.3639832339680539,0.270060745069316,0.28383203231276616,0.32001549810551944,0.37105895024674984,0.32018005710414055,0.2855461895389011,0.3177857752932707,0.30592752133438583
