0.0,0.3621883033669489,0.0,0.0,0.0,0.4568764570876343,0.0,0.4869899412707708,0.0,0.4002524702628612,0.0,0.4114591157637005,0.521438116870772,0.46653822508548903,0.3354355927306535,0.36741466720873006,0.3358467943946477,0.3693727961344745,0.0,0.435862246125473,0.3694249577626021,0.38157037689308654,0.43749389896376994,0.37108236005971007,0.36309615579438226,0.35629180121868503,0.4384355569321499,0.4723980674310416,0.454111356479587,0.58971437146074,0.34919944578564255,0.39426224151224704,0.30877551826644395,0.36528034227154765,0.39924255917251306,0.5349317915091646,0.0,0.4431881874031682,0.43696151847036846,0.3727797550218121,0.34296398225724045,0.0,0.0,0.0,0.0,0.3538322982070024,0.4243095140412593,0.0,0.0,0.0,0.0,0.0,0.0,0.0,0.5084718792443482,0.0,0.0,0.0,0.0,0.0,0.4238950902221833,0.0,0.4246973912203466,0.0,0.0,0.0,0.42160793459880563,0.0,0.36785512806337084,0.41697880079952504,0.4283380136935383,0.0,0.0,0.0,0.0,0.0
0.3621883033669489,0.0,0.0,0.0,0.4256057140598034,0.4122547341704102,0.429642177866863,0.46534587821878226,0.41628521843440724,0.3728659809262087,0.0,0.0,0.4357652081462914,0.0,0.3983910557357919,0.3704851032730097,0.34317267070499935,0.3819503338081291,0.0,0.39315223035328584,0.363586746059418,0.37374541417398277,0.4195548815936162,0.3639181488587602,0.36735307179623905,0.364960161981887,0.3931700013094448,0.4340612061033056,0.40547062418031377,0.0,0.3436716492135987,0.36041009766946724,0.3260987438516576,0.3545630561943436,0.36628096770207835,0.0,0.0,0.0,0.4266992171530028,0.4137758855184858,0.3729801200127862,0.44700443426614117,0.0,0.0,0.0,0.3951984750007133,0.4071052239300627,0.0,0.0,0.0,0.0,0.0,0.0,0.0,0.0,0.0,0.0,0.0,0.0,0.4382161847283206,0.42254116357120586,0.0,0.41842143736883103,0.0,0.42912830480774666,0.4438551152993261,0.3821817350431107,0.0,0.40677561609751783,0.422228740057849,0.4333230265261214,0.0,0.0,0.44520226142860975,0.0,0.4094132759617798
0.0,0.0,0.0,0.0,0.37252273072512626,0.38485336538606574,0.41545990149775797,0.4220834483168825,0.30464063278950426,0.5101168995335493,0.29726372188185934,0.0,0.42804336951915983,0.35770770375157096,0.0,0.0,0.0,0.0,0.27583728537129426,0.0,0.0,0.0,0.3250608369079283,0.0,0.0,0.0,0.332698513922419,0.43980764312654724,0.0,0.46556015354221925,0.45762447918358434,0.4311639985801382,0.0,0.4525291765177182,0.4581871997516333,0.38029814515789434,0.43756201409484463,0.6512203828859464,0.0,0.0,0.0,0.0,0.45503004155020343,0.0,0.0,0.0,0.0,0.46591936820347013,0.0,0.0,0.5218848457325155,0.0,0.5236655728584058,0.48368535907191706,0.0,0.43697017388842346,0.0,0.0,0.4728362947189753,0.0,0.0,0.0,0.0,0.4306287291582346,0.0,0.0,0.0,0.4777839246470661,0.0,0.0,0.0,0.5166426878123168,0.0,0.0,0.0,0.0
0.0,0.0,0.0,0.0,0.2726315046187842,0.0,0.2650727848198411,0.3527912040609433,0.4109167110562924,0.22342299492765,0.3384666782993152,0.2961907568345693,0.299850131205081,0.24263199380347414,0.0,0.0,0.0,0.0,0.3982431661126932,0.43554716319327036,0.0,0.43337047839050524,0.3944951041574953,0.0,0.0,0.0,0.4224386398364269,0.25272835921874043,0.0,0.0,0.3910182409675823,0.30111195253641154,0.0,0.33745812404325826,0.27440630480751044,0.1840886020870367,0.18880441425449687,0.0,0.0,0.0,0.0,0.0,0.0,0.0,0.0,0.0,0.0,0.0,0.0,0.0,0.0,0.0,0.0,0.0,0.0,0.0,0.30903371884117875,0.0,0.0,0.0,0.0,0.0,0.0,0.0,0.0,0.0,0.0,0.0,0.0,0.0,0.0,0.0,0.0,0.0,0.0,0.0
0.0,0.4256057140598034,0.37252273072512626,0.2726315046187842,0.0,0.37181881940468076,0.3267348846291973,0.3696658557819561,0.3137046456568551,0.4320029937230192,0.2922144257844979,0.43632178318848575,0.3529770662439232,0.28616264992827645,0.0,0.0,0.0,0.0,0.3381700689128091,0.36685327647487004,0.5689875396433857,0.4050942415044843,0.38239170280765294,0.0,0.0,0.0,0.3861307013383862,0.35651658023729915,0.3942756296460292,0.3652775476509518,0.43812222839779624,0.39026208593798295,0.4604248606504917,0.42650431635250174,0.40829941375462386,0.2517146256003421,0.2735112606433658,0.0,0.0,0.0,0.0,0.0,0.44879690841693626,0.0,0.0,0.0,0.0,0.5337576846413942,0.0,0.0,0.0,0.0,0.0,0.0,0.0,0.5200116006439344,0.0,0.0,0.0,0.0,0.0,0.0,0.0,0.0,0.0,0.0,0.0,0.4990903172450372,0.0,0.0,0.0,0.5267056266815671,0.0,0.0,0.0,0.0
0.4568764570876343,0.4122547341704102,0.38485336538606574,0.0,0.37181881940468076,0.0,0.3979632948702266,0.37977108186371095,0.3308968239629376,0.43308826509525383,0.33754794956801404,0.0,0.38708728468741604,0.3512752664256215,0.41926209663596425,0.4408307848623243,0.0,0.42899109153316023,0.37595423718588206,0.4007588306364915,0.40461653920776797,0.4211607805749191,0.4056533152886978,0.5903309169362845,0.4084257068676995,0.41459292248922186,0.38072375311479595,0.3621790598933996,0.35575841043051887,0.40695908828856975,0.41603221508289945,0.4178361704865221,0.38031049865554867,0.42319895023903215,0.424720040766033,0.4331179113952979,0.4319421044555345,0.0,0.4562132137204373,0.6403939963969503,0.4858078841996878,0.5429669499718532,0.472203875811859,0.0,0.0,0.0,0.53008871770351,0.526596156949102,0.0,0.0,0.48289729862376646,0.5123273580958113,0.48075797625586264,0.5391859103533133,0.0,0.49209780421814625,0.0,0.5195860106244377,0.0,0.4759306013567721,0.0,0.0,0.0,0.5132726865450017,0.0,0.47203630612762376,0.4876243895150306,0.4861722888874798,0.0,0.0,0.4991598158599898,0.4819625396328736,0.49531050607942945,0.45363713816043766,0.0,0.49105417643919086
0.0,0.429642177866863,0.41545990149775797,0.2650727848198411,0.3267348846291973,0.3979632948702266,0.0,0.3819853776312949,0.37734901392492726,0.40145923167851943,0.40550237460694716,0.4099070244191573,0.32874338815457815,0.33475186911919985,0.42457558295579595,0.453872215403398,0.0,0.45079002384795985,0.4122456100820084,0.41365161328250133,0.467077079839008,0.436563351176206,0.4003112302278189,0.38927456265419896,0.42824462390572343,0.42880808583192065,0.4080576281888681,0.3443074780229555,0.4091970741826714,0.4008613637186328,0.41769811405126905,0.38617019852486306,0.42481772994501393,0.40477057673994427,0.3837259747467255,0.27674905806293093,0.2820386239702403,0.34440890661233114,0.0,0.0,0.0,0.0,0.5247994621699573,0.0,0.0,0.0,0.0,0.5252583544582736,0.0,0.0,0.5232382883731836,0.0,0.0,0.0,0.0,0.0,0.0,0.0,0.0,0.0,0.0,0.0,0.0,0.0,0.0,0.0,0.0,0.49062095773150133,0.0,0.0,0.0,0.50745504491197,0.0,0.0,0.0,0.0
0.4869899412707708,0.46534587821878226,0.4220834483168825,0.3527912040609433,0.3696658557819561,0.37977108186371095,0.3819853776312949,0.0,0.4475487325563813,0.49010857943277064,0.30007820974768046,0.5899584649802653,0.41102665087552087,0.31613699951119933,0.0,0.0,0.0,0.48079675508589503,0.3929521928376084,0.43375813902001253,0.3728565601328048,0.0,0.35604785281854356,0.507843315254951,0.4760377166443411,0.48597515655369117,0.4438411329573796,0.4156397727690447,0.3742043800395446,0.41517402244362894,0.4273558648904308,0.41145909344473564,0.44981259921920386,0.42320103403592724,0.42718979658441036,0.2937776058281426,0.4322514887333797,0.0,0.42721223299203537,0.37893815368471745,0.474417165384502,0.44786003765419813,0.402919165247407,0.0,0.0,0.0,0.0,0.4787814317608283,0.0,0.4882251297050329,0.4770071092630599,0.4923805406240244,0.37143963765834154,0.4676337672317579,0.0,0.44125797602628763,0.0,0.4820679116021956,0.43838945637861026,0.4644592706211535,0.0,0.0,0.0,0.43094112875303625,0.4477139253871978,0.43445769672721546,0.44496817489821605,0.4667771732961768,0.0,0.0,0.5457146052896913,0.4934076672433089,0.46674915208277895,0.45829229214287537,0.0,0.4976833942892797
0.0,0.41628521843440724,0.30464063278950426,0.4109167110562924,0.3137046456568551,0.3308968239629376,0.37734901392492726,0.4475487325563813,0.0,0.4383107616705272,0.283916245507466,0.0,0.40149655579224247,0.39878882506951335,0.6145570193352496,0.4746826224787192,0.0,0.0,0.29169120987626773,0.3864951182947057,0.4999061181828388,0.41657347873299577,0.40565760012610336,0.0,0.0,0.0,0.3536675805221662,0.4254506693686471,0.39235348239321316,0.4604893637725488,0.43796487279945195,0.4185397451153849,0.44698086564337924,0.43837325722020043,0.4389673538697905,0.4119514175599333,0.42728792537675025,0.0,0.0,0.0,0.0,0.0,0.46380117116461483,0.0,0.0,0.0,0.0,0.505036656051815,0.0,0.0,0.4895821315157553,0.0,0.4915089106076229,0.0,0.0,0.4697536214123138,0.0,0.0,0.0,0.0,0.0,0.0,0.0,0.4920045960692763,0.0,0.0,0.0,0.48711600080786255,0.0,0.0,0.0,0.48624584665121817,0.0,0.0,0.0,0.0
0.4002524702628612,0.3728659809262087,0.5101168995335493,0.22342299492765,0.4320029937230192,0.43308826509525383,0.40145923167851943,0.49010857943277064,0.4383107616705272,0.0,0.4332689995148743,0.2969906888417582,0.3969788227210415,0.18705110796618363,0.0,0.0,0.31165577076014495,0.3506229889753006,0.4519990407783743,0.5445630604890171,0.4191499689059075,0.3888712042142244,0.4424828501182928,0.3102060381682157,0.32711170374741194,0.3381261260637365,0.4587263292097732,0.3774397180831957,0.0,0.0,0.3162024036992528,0.333311532681331,0.29937927188775565,0.3203164793538357,0.2759745327421266,0.29738243145818977,0.3518514969591845,0.2668935191932501,0.42741855532404505,0.32145780118986383,0.3288505417022101,0.0,0.0,0.0,0.27277311373177354,0.4256878898170925,0.4465025635776459,0.0,0.0,0.0,0.0,0.37300806605621273,0.0,0.0,0.42159305264323954,0.0,0.41907372517911584,0.0,0.0,0.0,0.4158150507472197,0.43077219237761805,0.4167473146997046,0.0,0.0,0.0,0.0,0.0,0.4029008965244941,0.4329529484630551,0.4418642682252614,0.0,0.3591685534778504,0.0,0.0,0.3725022377254374
0.0,0.0,0.29726372188185934,0.3384666782993152,0.2922144257844979,0.33754794956801404,0.40550237460694716,0.30007820974768046,0.283916245507466,0.4332689995148743,0.0,0.4400775860094565,0.41149620936668474,0.2529611206742762,0.0,0.0,0.5976297888593014,0.0,0.25579721713017645,0.0,0.40555998772918905,0.0,0.29849629907201053,0.43877397073482377,0.5753963261487779,0.0,0.3770435166674722,0.4037669398187201,0.0,0.0,0.4286891897229096,0.3619102674087732,0.46412710221205555,0.4308183216405323,0.3924162583298588,0.23788296822728414,0.37630559281332665,0.41608589644705407,0.0,0.0,0.0,0.0,0.0,0.0,0.0,0.0,0.0,0.38020873418793144,0.0,0.0,0.0,0.0,0.0,0.42441096055638783,0.0,0.32876122810962727,0.606342949769454,0.0,0.0,0.0,0.0,0.0,0.0,0.41058682735948954,0.0,0.0,0.0,0.4345695010498941,0.0,0.0,0.0,0.4618883448119229,0.0,0.0,0.0,0.0
0.4114591157637005,0.0,0.0,0.2961907568345693,0.43632178318848575,0.0,0.4099070244191573,0.5899584649802653,0.0,0.2969906888417582,0.4400775860094565,0.0,0.39548006210167125,0.0,0.0,0.0,0.3673893409697568,0.3757220329110348,0.0,0.0,0.5158222241990158,0.0,0.5330989776538329,0.2829245216453219,0.3588533697693483,0.3063811388103441,0.0,0.3600386044942371,0.0,0.0,0.32979323056212756,0.289373791957351,0.28911156218165757,0.26315143180900535,0.2909109537005252,0.3017511496414052,0.30382243711894324,0.22249981373590416,0.0,0.37050190852013165,0.36433192605205056,0.0,0.0,0.0,0.3364024689034275,0.0,0.0,0.0,0.0,0.0,0.0,0.0,0.0,0.0,0.44684843243425154,0.0,0.4379018675897989,0.0,0.0,0.0,0.0,0.44343301239058275,0.42930206575079927,0.0,0.0,0.0,0.0,0.0,0.42398799871382475,0.4418948104705397,0.4497552116886037,0.0,0.0,0.0,0.0,0.42018865831947744
0.521438116870772,0.4357652081462914,0.42804336951915983,0.299850131205081,0.3529770662439232,0.38708728468741604,0.32874338815457815,0.41102665087552087,0.40149655579224247,0.3969788227210415,0.41149620936668474,0.39548006210167125,0.0,0.34672955177654785,0.41326728900672405,0.4667122142969356,0.4326943427663333,0.4522063756346506,0.416404016850835,0.42758093183477414,0.438105533753839,0.4578460447731964,0.41009052955298264,0.4146126112703268,0.4276543397026942,0.4286456310282127,0.4192697654284402,0.3482841570350161,0.3956399666346225,0.37651233395034467,0.39718547002849885,0.3867221865306387,0.41091703493766635,0.40574729562764056,0.37415081394600413,0.3007401533541335,0.31870217559630293,0.35362103011850615,0.48311344202799084,0.0,0.5569653972588827,0.0,0.4949527655197766,0.0,0.0,0.0,0.0,0.0,0.0,0.0,0.0,0.0,0.4959422467376659,0.0,0.4830862942282388,0.0,0.41879206651443723,0.0,0.0,0.0,0.0,0.0,0.0,0.0,0.0,0.5927791066579495,0.0,0.49195443048232373,0.0,0.0,0.5857782303084988,0.4898090306042108,0.0,0.0,0.0,0.551654052508784
0.46653822508548903,0.0,0.35770770375157096,0.24263199380347414,0.28616264992827645,0.3512752664256215,0.33475186911919985,0.31613699951119933,0.39878882506951335,0.18705110796618363,0.2529611206742762,0.0,0.34672955177654785,0.0,0.0,0.0,0.0,0.0,0.3310839681278912,0.0,0.39460393649635417,0.0,0.3380990561392342,0.0,0.0,0.5157339678807387,0.41346278540985654,0.2516119557532128,0.0,0.0,0.34080790851385434,0.25056181572513603,0.0,0.3879779916568752,0.0,0.19244836442489763,0.17167025758320698,0.0,0.0,0.0,0.0,0.0,0.32612578261039504,0.0,0.0,0.0,0.0,0.4698348500514882,0.0,0.0,0.6075424840632704,0.4597385227505437,0.0,0.45241509670210234,0.0,0.46299692217160215,0.0,0.0,0.0,0.0,0.0,0.0,0.0,0.43585968699395156,0.0,0.0,0.0,0.45500285988929096,0.0,0.0,0.0,0.5500479588850757,0.0,0.0,0.0,0.0
0.3354355927306535,0.3983910557357919,0.0,0.0,0.0,0.41926209663596425,0.42457558295579595,0.0,0.6145570193352496,0.0,0.0,0.0,0.41326728900672405,0.0,0.0,0.3978117045605603,0.0,0.386531572256303,0.0,0.3348809936237676,0.3392572786365367,0.35155534477335726,0.34948229762437827,0.4711140629801029,0.3658999837651269,0.3644454617718035,0.40839211951590393,0.41698439149476446,0.38596207156666623,0.0,0.39489430517874613,0.42438218328138716,0.3743928930273927,0.4202421345662546,0.46201270789909576,0.4616618671076315,0.0,0.0,0.4489299457649021,0.43262944669815717,0.4631332414986413,0.4808549799365266,0.0,0.0,0.0,0.0,0.46071028421924903,0.0,0.0,0.0,0.4556720325162705,0.0,0.3656805730029338,0.0,0.0,0.0,0.0,0.0,0.0,0.46476736261898766,0.48641873621451887,0.0,0.0,0.0,0.4219672964511234,0.4377002564326074,0.4737998307791022,0.43745533038548035,0.0,0.0,0.48848375674180666,0.4386502354907983,0.4641313202143631,0.4332501864439591,0.0,0.4465273229090114
0.36741466720873006,0.3704851032730097,0.0,0.0,0.0,0.4408307848623243,0.453872215403398,0.0,0.4746826224787192,0.0,0.0,0.0,0.4667122142969356,0.0,0.3978117045605603,0.0,0.3614104262701823,0.3572812970957241,0.0,0.39067701411205696,0.35272928877081,0.37586557242244956,0.3917353030920856,0.3786515144168757,0.3809685300004417,0.37883817149414645,0.41183666292926685,0.4516451910820989,0.4300090986466109,0.43206134078057706,0.35437968741662224,0.3916965172815516,0.3496803598269523,0.39153585195932605,0.40843021472216273,0.0,0.0,0.0,0.4233091382255893,0.42751202763824264,0.4260429438589634,0.4488793036450517,0.0,0.0,0.0,0.3854355345903037,0.4378912104001724,0.0,0.0,0.0,0.0,0.0,0.0,0.0,0.0,0.0,0.0,0.0,0.0,0.4661371033488406,0.4332752243350886,0.0,0.41450582632301375,0.0,0.0,0.438755054313539,0.42927429711302073,0.0,0.4885934286027421,0.41154714386647046,0.4406727469879021,0.0,0.0,0.5016986276265161,0.0,0.42123190147343637
0.3358467943946477,0.34317267070499935,0.0,0.0,0.0,0.0,0.0,0.0,0.0,0.31165577076014495,0.5976297888593014,0.3673893409697568,0.4326943427663333,0.0,0.0,0.3614104262701823,0.0,0.3156422420206521,0.0,0.0,0.4983221056705292,0.38684345816005433,0.0,0.35381572631689845,0.3335195369039804,0.3629959255954693,0.0,0.41683989350435846,0.0,0.0,0.32915446151941186,0.392979450080257,0.31079912651569697,0.3652381877519012,0.36634112615032866,0.0,0.0,0.30763611245565964,0.0,0.3385176824807483,0.44847504044893005,0.0,0.0,0.0,0.0,0.0,0.0,0.0,0.0,0.0,0.0,0.0,0.0,0.0,0.41923281766987097,0.0,0.4259822352177998,0.0,0.0,0.0,0.0,0.45091124819213363,0.4168811380252809,0.0,0.0,0.0,0.0,0.0,0.4388483152729651,0.4117755273286001,0.4273425156908517,0.0,0.0,0.0,0.0,0.4631109499727427
0.3693727961344745,0.3819503338081291,0.0,0.0,0.0,0.42899109153316023,0.45079002384795985,0.48079675508589503,0.0,0.3506229889753006,0.0,0.3757220329110348,0.4522063756346506,0.0,0.386531572256303,0.3572812970957241,0.3156422420206521,0.0,0.0,0.4019591600160455,0.38621734641609257,0.4053144731887189,0.41742373508618075,0.355463330183654,0.3556385758122408,0.3727989815593854,0.40746524439340503,0.43959401714404833,0.43419994537095735,0.0,0.3621458392304437,0.4167497318033744,0.3332065737522706,0.3904434127974971,0.39949985137702737,0.0,0.0,0.0,0.4087185637577121,0.38589585753514377,0.3828776796926689,0.43241562385936566,0.0,0.0,0.0,0.4115103262416722,0.41611876042736556,0.0,0.0,0.0,0.0,0.0,0.0,0.0,0.39475720435265105,0.0,0.42237115361739247,0.0,0.0,0.0,0.4112714442614909,0.43843816285180603,0.4195038037211097,0.0,0.0,0.0,0.41614221636564297,0.0,0.4321781803186658,0.41782992908611627,0.4313782767192913,0.0,0.0,0.8211483572747551,0.0,0.3996787795717965
0.0,0.0,0.27583728537129426,0.3982431661126932,0.3381700689128091,0.37595423718588206,0.4122456100820084,0.3929521928376084,0.29169120987626773,0.4519990407783743,0.25579721713017645,0.0,0.416404016850835,0.3310839681278912,0.0,0.0,0.0,0.0,0.0,0.0,0.0,0.0,0.29520264402474844,0.0,0.0,0.0,0.36129126078960927,0.4143846374835551,0.0,0.5213098118422792,0.44896039683753586,0.4197270220312605,0.5368767754468253,0.4464936851384123,0.42341323414587145,0.3257085614766028,0.4266543662285067,0.0,0.0,0.0,0.0,0.0,0.4572774752565709,0.0,0.0,0.0,0.0,0.45308462449925774,0.0,0.0,0.0,0.0,0.5049620801532861,0.49270756899668455,0.0,0.4199820733310268,0.0,0.0,0.0,0.0,0.0,0.0,0.0,0.46090838450563176,0.0,0.0,0.0,0.4864409894143865,0.0,0.0,0.0,0.5149666270439718,0.0,0.0,0.0,0.0
0.435862246125473,0.39315223035328584,0.0,0.43554716319327036,0.36685327647487004,0.4007588306364915,0.41365161328250133,0.43375813902001253,0.3864951182947057,0.5445630604890171,0.0,0.0,0.42758093183477414,0.0,0.3348809936237676,0.39067701411205696,0.0,0.4019591600160455,0.0,0.0,0.40070798940531305,0.371521212345041,0.342998180739166,0.6136278494285716,0.3848311278247705,0.4149411547171696,0.3410632976189337,0.3905553865331159,0.31978680745722726,0.36419104396752966,0.3697611670433404,0.44039439272309816,0.3685448741187843,0.40857620418300794,0.4423186013736491,0.4883339832328885,0.46769718948488215,0.0,0.43201431640544496,0.4465394229381768,0.4640651145929994,0.4694098946436498,0.0,0.0,0.0,0.0,0.45878674883241105,0.0,0.0,0.0,0.4557987937159264,0.0,0.42586961954080493,0.0,0.0,0.0,0.0,0.5585948369492745,0.0,0.44603391578716894,0.0,0.0,0.0,0.0,0.43086461420761085,0.43161961144326416,0.4483396907522745,0.4675244285865014,0.0,0.0,0.4531241130253013,0.4513042043257734,0.4813711043445972,0.4481017272369334,0.0,0.46781403230363183
0.3694249577626021,0.363586746059418,0.0,0.0,0.5689875396433857,0.40461653920776797,0.467077079839008,0.3728565601328048,0.4999061181828388,0.4191499689059075,0.40555998772918905,0.5158222241990158,0.438105533753839,0.39460393649635417,0.3392572786365367,0.35272928877081,0.4983221056705292,0.38621734641609257,0.0,0.40070798940531305,0.0,0.40455717929911444,0.3775940018809305,0.4745782279404793,0.39108792282488053,0.35610836269303897,0.4175823523626935,0.4335184897016391,0.40169335237303505,0.432205508019779,0.3640099827930669,0.4132783136687477,0.33958524450927524,0.3706183784561118,0.44069937827525346,0.3908736445197021,0.0,0.0,0.40578275909555755,0.4275486066456941,0.47140395820062586,0.47848942891876833,0.0,0.0,0.0,0.3554910800095661,0.4475838205395049,0.0,0.0,0.0,0.4192593966889304,0.0,0.36837261368571156,0.0,0.0,0.0,0.0,0.5086372159060208,0.0,0.43950267902369533,0.4580354383346645,0.0,0.6302552032245157,0.0,0.42915439985173276,0.331988355016231,0.4570200475797236,0.44444055844215413,0.35844905561277657,0.48030262623219555,0.4574375694202175,0.4518006924196994,0.4744136882087736,0.4012401144774103,0.0,0.4674311485171594
0.38157037689308654,0.37374541417398277,0.0,0.43337047839050524,0.4050942415044843,0.4211607805749191,0.436563351176206,0.0,0.41657347873299577,0.3888712042142244,0.0,0.0,0.4578460447731964,0.0,0.35155534477335726,0.37586557242244956,0.38684345816005433,0.4053144731887189,0.0,0.371521212345041,0.40455717929911444,0.0,0.41588338280900705,0.0,0.38331416641081106,0.38847673715588316,0.42188239498450075,0.4322977001746029,0.38485512872988503,0.3937404087771465,0.3903400999924144,0.4563695858481315,0.40920687688844026,0.4426779434007822,0.4772323319618092,0.5208550490605871,0.48496607970932004,0.0,0.45627663783174444,0.46326949399468154,0.4716337918453087,0.4881661659063258,0.0,0.0,0.0,0.4105419668101737,0.44633592492179724,0.0,0.0,0.0,0.45994637557257834,0.0,0.0,0.0,0.0,0.0,0.5851775605061076,0.0,0.0,0.4842275989836369,0.44216489370112994,0.0,0.0,0.0,0.4467043667607812,0.4683538125908386,0.4822683674666193,0.45081839033678806,0.0,0.41006063061292874,0.46179539092491173,0.4599332659711364,0.0,0.4423801948181109,0.0,0.4575302889644428
0.43749389896376994,0.4195548815936162,0.3250608369079283,0.3944951041574953,0.38239170280765294,0.4056533152886978,0.4003112302278189,0.35604785281854356,0.40565760012610336,0.4424828501182928,0.29849629907201053,0.5330989776538329,0.41009052955298264,0.3380990561392342,0.34948229762437827,0.3917353030920856,0.0,0.41742373508618075,0.29520264402474844,0.342998180739166,0.3775940018809305,0.41588338280900705,0.0,0.4842203906593136,0.4243319526354332,0.4227164208470976,0.3702690271292184,0.4140496924651129,0.37774460022891765,0.4005719033913027,0.42027690081771885,0.405369998920046,0.38024892959747436,0.4281954224286409,0.43498915184451103,0.3668205764619299,0.416749419973823,0.4848130183965523,0.4706833095859773,0.40013602746206245,0.4774963908272575,0.4705910661131911,0.47921173769459785,0.0,0.0,0.0,0.0,0.509697401207768,0.0,0.5236436844176822,0.5059070936344559,0.5013975874447943,0.49592297055691587,0.500004616767951,0.0,0.4817208974990813,0.5929134309720091,0.5009420224268106,0.47619993387957177,0.4500577075790638,0.0,0.0,0.0,0.48554606878606715,0.45387822731720656,0.44583013365136503,0.4692200029431279,0.49722516471933215,0.0,0.0,0.4683760189275456,0.502356930266587,0.49477632374122515,0.46511402213850145,0.48990101510560463,0.485031174846009
0.37108236005971007,0.3639181488587602,0.0,0.0,0.0,0.5903309169362845,0.38927456265419896,0.507843315254951,0.0,0.3102060381682157,0.43877397073482377,0.2829245216453219,0.4146126112703268,0.0,0.4711140629801029,0.3786515144168757,0.35381572631689845,0.355463330183654,0.0,0.6136278494285716,0.4745782279404793,0.0,0.4842203906593136,0.0,0.3659075691501699,0.34095151879979624,0.5323952840141158,0.3937665927279156,0.0,0.0,0.34354907782000876,0.32283313179973766,0.255680333328966,0.28020520624364154,0.29656466936549225,0.3006775301015316,0.2887664561917535,0.21584814198087193,0.4130819996791979,0.3037333659491284,0.29442119158007496,0.0,0.0,0.0,0.22488124198912285,0.3829025376650259,0.42289120963869475,0.0,0.0,0.0,0.0,0.0,0.0,0.0,0.3771023264750752,0.0,0.36324822826412106,0.0,0.0,0.0,0.449332763794073,0.4312506393491757,0.40676246211079065,0.0,0.0,0.0,0.0,0.0,0.3812329713056817,0.419695917783154,0.4261536618685091,0.0,0.0,0.0,0.0,0.3908013531153316
0.36309615579438226,0.36735307179623905,0.0,0.0,0.0,0.4084257068676995,0.42824462390572343,0.4760377166443411,0.0,0.32711170374741194,0.5753963261487779,0.3588533697693483,0.4276543397026942,0.0,0.3658999837651269,0.3809685300004417,0.3335195369039804,0.3556385758122408,0.0,0.3848311278247705,0.39108792282488053,0.38331416641081106,0.4243319526354332,0.3659075691501699,0.0,0.3526747471944124,0.3863117878574769,0.4310459422299736,0.41856966110827465,0.0,0.35796549659179333,0.3855748551984479,0.31243613918869,0.36019567917718615,0.37529429617024374,0.0,0.0,0.3070494335831156,0.40051773354589754,0.38608238819499613,0.37033379525961124,0.4280434915754747,0.0,0.0,0.29102442787749405,0.4010643742317543,0.3903357169893046,0.0,0.0,0.0,0.0,0.0,0.0,0.0,0.42909777734782667,0.0,0.429214354924641,0.0,0.0,0.405965146482121,0.4073322151200211,0.44461894935986723,0.41502070487907916,0.0,0.42811764847359346,0.43970220274268657,0.4052886732442377,0.0,0.4290799602709585,0.4108442705509973,0.42571725528878196,0.0,0.0,0.451752919278405,0.0,0.38978588550808063
0.35629180121868503,0.364960161981887,0.0,0.0,0.0,0.41459292248922186,0.42880808583192065,0.48597515655369117,0.0,0.3381261260637365,0.0,0.3063811388103441,0.4286456310282127,0.5157339678807387,0.3644454617718035,0.37883817149414645,0.3629959255954693,0.3727989815593854,0.0,0.4149411547171696,0.35610836269303897,0.38847673715588316,0.4227164208470976,0.34095151879979624,0.3526747471944124,0.0,0.4311141694674767,0.41924820232578874,0.40785439740404605,0.5297821333141097,0.3642428794033835,0.4044543847927161,0.3466398470379455,0.3824387938515945,0.4132555333676391,0.5011001061390481,0.5319130431062621,0.3385148392138324,0.44375165781512493,0.4082793456526574,0.42576328506829675,0.45823105853420976,0.0,0.0,0.3402234269695063,0.415689474752374,0.4355139282147922,0.0,0.0,0.0,0.0,0.0,0.46362402737497693,0.0,0.44786553225722997,0.0,0.44109207579205073,0.0,0.0,0.49499189985652037,0.4413946568621648,0.44866024111616165,0.4300803828221937,0.0,0.4604420067080157,0.45433066172644687,0.46927166090749317,0.4717131114013934,0.4259426150544948,0.42951955184990986,0.4454293055183526,0.4721499450959424,0.0,0.46722784522711874,0.0,0.41561350477128867
0.4384355569321499,0.3931700013094448,0.332698513922419,0.4224386398364269,0.3861307013383862,0.38072375311479595,0.4080576281888681,0.4438411329573796,0.3536675805221662,0.4587263292097732,0.3770435166674722,0.0,0.4192697654284402,0.41346278540985654,0.40839211951590393,0.41183666292926685,0.0,0.40746524439340503,0.36129126078960927,0.3410632976189337,0.4175823523626935,0.42188239498450075,0.3702690271292184,0.5323952840141158,0.3863117878574769,0.4311141694674767,0.0,0.41870039013687776,0.3581552081599095,0.39157362021643977,0.4006404640804395,0.424652909706258,0.3749505841211959,0.4240856619617802,0.43068002960325724,0.43654354262388595,0.435621265351632,0.0,0.4682198200868327,0.0,0.4889043709233941,0.48739851056093647,0.4683978219962741,0.0,0.0,0.0,0.4973030023214108,0.5140552394969276,0.0,0.0,0.4933988032679579,0.5416321523124811,0.508855497359026,0.5137358126270277,0.0,0.509182183883491,0.0,0.5045258871026911,0.515532416593709,0.45073266555690755,0.0,0.0,0.0,0.5136699361847468,0.47122410433256545,0.4518657173729462,0.46456733595591015,0.5001587436335829,0.0,0.0,0.46185040291188756,0.49368273025793025,0.4979178343886359,0.47819799836611276,0.0,0.4883345013836271
0.4723980674310416,0.4340612061033056,0.43980764312654724,0.25272835921874043,0.35651658023729915,0.3621790598933996,0.3443074780229555,0.4156397727690447,0.4254506693686471,0.3774397180831957,0.4037669398187201,0.3600386044942371,0.3482841570350161,0.2516119557532128,0.41698439149476446,0.4516451910820989,0.41683989350435846,0.43959401714404833,0.4143846374835551,0.3905553865331159,0.4335184897016391,0.4322977001746029,0.4140496924651129,0.3937665927279156,0.4310459422299736,0.41924820232578874,0.41870039013687776,0.0,0.3283069664742365,0.31219951286830755,0.382711190807699,0.38331543288247844,0.38289137390995076,0.38743379562853947,0.3536839620595169,0.27132173580468394,0.27932979205464026,0.31831882805416745,0.46051899542328256,0.0,0.5026296760965825,0.0,0.48082345317684716,0.0,0.0,0.0,0.0,0.0,0.0,0.0,0.4883162413147122,0.0,0.4815775779407245,0.0,0.3954694479853387,0.0,0.3466122509991256,0.0,0.0,0.4934190563003541,0.0,0.0,0.0,0.0,0.0,0.4848415413796371,0.0,0.49125188333042574,0.0,0.0,0.5128283616290041,0.4856497206247029,0.5044726663972984,0.47685728998750915,0.0,0.5090562266755797
0.454111356479587,0.40547062418031377,0.0,0.0,0.3942756296460292,0.35575841043051887,0.4091970741826714,0.3742043800395446,0.39235348239321316,0.0,0.0,0.0,0.3956399666346225,0.0,0.38596207156666623,0.4300090986466109,0.0,0.43419994537095735,0.0,0.31978680745722726,0.40169335237303505,0.38485512872988503,0.37774460022891765,0.0,0.41856966110827465,0.40785439740404605,0.3581552081599095,0.3283069664742365,0.0,0.3270348440845434,0.36334249289353693,0.4410236700286546,0.35269083876907875,0.4016177571436489,0.43405751973380824,0.47474697997893445,0.4828183365666543,0.0,0.45730212539084086,0.0,0.49042607690658385,0.0,0.0,0.0,0.0,0.0,0.4807371661145477,0.0,0.0,0.0,0.0,0.0,0.0,0.0,0.0,0.0,0.0,0.0,0.0,0.44235652089473065,0.0,0.0,0.0,0.0,0.0,0.43301723520894647,0.4585681127532298,0.4755887767051886,0.0,0.0,0.46442458886946225,0.4704222336602311,0.0,0.0,0.0,0.0
0.58971437146074,0.0,0.46556015354221925,0.0,0.3652775476509518,0.40695908828856975,0.4008613637186328,0.41517402244362894,0.4604893637725488,0.0,0.0,0.0,0.37651233395034467,0.0,0.0,0.43206134078057706,0.0,0.0,0.5213098118422792,0.36419104396752966,0.432205508019779,0.3937404087771465,0.4005719033913027,0.0,0.0,0.5297821333141097,0.39157362021643977,0.31219951286830755,0.3270348440845434,0.0,0.33571689436867824,0.42663947869224395,0.0,0.3770575732919315,0.37957934703637913,0.0,0.0,0.0,0.4610796755474072,0.0,0.0,0.0,0.0,0.0,0.0,0.0,0.0,0.0,0.0,0.0,0.49985327294685744,0.0,0.5052235634721035,0.0,0.0,0.0,0.0,0.0,0.0,0.0,0.0,0.0,0.0,0.0,0.0,0.0,0.0,0.4957585663282226,0.0,0.0,0.0,0.49837407214322926,0.0,0.0,0.0,0.0
0.34919944578564255,0.3436716492135987,0.45762447918358434,0.3910182409675823,0.43812222839779624,0.41603221508289945,0.41769811405126905,0.4273558648904308,0.43796487279945195,0.3162024036992528,0.4286891897229096,0.32979323056212756,0.39718547002849885,0.34080790851385434,0.39489430517874613,0.35437968741662224,0.32915446151941186,0.3621458392304437,0.44896039683753586,0.3697611670433404,0.3640099827930669,0.3903400999924144,0.42027690081771885,0.34354907782000876,0.35796549659179333,0.3642428794033835,0.4006404640804395,0.382711190807699,0.36334249289353693,0.33571689436867824,0.0,0.38210971521416137,0.3314863993679245,0.3449202766943463,0.3229474330727687,0.4090734893113402,0.3716982984119304,0.2706918132142425,0.44082783505072165,0.3228543665591343,0.4127068655517195,0.0,0.0,0.0,0.313186689101028,0.3743717328795841,0.4148480880833857,0.0,0.0,0.0,0.4951065118715461,0.0,0.4706065516613807,0.0,0.4281965962127068,0.0,0.39807133714959203,0.0,0.0,0.4346100054630422,0.4091825863975225,0.4516754489644509,0.4186670299318142,0.0,0.0,0.39466351585446124,0.4363681078503817,0.49503815485995356,0.39531721679652376,0.4155361840631913,0.4149739001330303,0.49414550027397075,0.5299362734217603,0.5040936509319867,0.0,0.41767586568085024
0.39426224151224704,0.36041009766946724,0.4311639985801382,0.30111195253641154,0.39026208593798295,0.4178361704865221,0.38617019852486306,0.41145909344473564,0.4185397451153849,0.333311532681331,0.3619102674087732,0.289373791957351,0.3867221865306387,0.25056181572513603,0.42438218328138716,0.3916965172815516,0.392979450080257,0.4167497318033744,0.4197270220312605,0.44039439272309816,0.4132783136687477,0.4563695858481315,0.405369998920046,0.32283313179973766,0.3855748551984479,0.4044543847927161,0.424652909706258,0.38331543288247844,0.4410236700286546,0.42663947869224395,0.38210971521416137,0.0,0.3504488927357233,0.3761758781980997,0.33299556706980393,0.261287122621612,0.3122910718410459,0.2689240528538555,0.31300566307478517,0.25805788744998687,0.3423786687015263,0.3465329559385109,0.36002060976950545,0.30404754725734734,0.267088574576683,0.42718959195298806,0.44351696574364186,0.4836596944736084,0.0,0.0,0.45967688549754987,0.5304586256491265,0.4441452012825363,0.47976825447601223,0.4183046464429041,0.0,0.29242591378892596,0.47819876238185177,0.0,0.4696313098037606,0.4445894266481102,0.48391587200706954,0.42363518386253307,0.0,0.46096836297779903,0.44264397698887253,0.4675394634028438,0.4785421128768364,0.30926150404756236,0.4236753077390974,0.44105499115866353,0.4758798958174718,0.3830278696618904,0.4478285228989514,0.4819031067828357,0.42219434902694963
0.30877551826644395,0.3260987438516576,0.0,0.0,0.4604248606504917,0.38031049865554867,0.42481772994501393,0.44981259921920386,0.44698086564337924,0.29937927188775565,0.46412710221205555,0.28911156218165757,0.41091703493766635,0.0,0.3743928930273927,0.3496803598269523,0.31079912651569697,0.3332065737522706,0.5368767754468253,0.3685448741187843,0.33958524450927524,0.40920687688844026,0.38024892959747436,0.255680333328966,0.31243613918869,0.3466398470379455,0.3749505841211959,0.38289137390995076,0.35269083876907875,0.0,0.3314863993679245,0.3504488927357233,0.0,0.29472018232174313,0.36305480861919653,0.400763850544549,0.46625516231059994,0.1930990351401083,0.3969187709249475,0.29737074505622685,0.34443816497094043,0.4590407604004729,0.0,0.0,0.23098864344715597,0.3708792548149289,0.4260622160308503,0.0,0.0,0.0,0.4056439974954934,0.0,0.0,0.0,0.4110247814565958,0.0,0.41118179351792133,0.0,0.0,0.4792941514878268,0.4120714357055053,0.40599855382903394,0.3953913971726921,0.0,0.4486139387996206,0.4277299326644793,0.4584017960847346,0.4410465039461576,0.377134227383957,0.3938945700464579,0.4182075307688194,0.39747583986495383,0.0,0.439994772665659,0.0,0.36430310671302096
0.36528034227154765,0.3545630561943436,0.4525291765177182,0.33745812404325826,0.42650431635250174,0.42319895023903215,0.40477057673994427,0.42320103403592724,0.43837325722020043,0.3203164793538357,0.4308183216405323,0.26315143180900535,0.40574729562764056,0.3879779916568752,0.4202421345662546,0.39153585195932605,0.3652381877519012,0.3904434127974971,0.4464936851384123,0.40857620418300794,0.3706183784561118,0.4426779434007822,0.4281954224286409,0.28020520624364154,0.36019567917718615,0.3824387938515945,0.4240856619617802,0.38743379562853947,0.4016177571436489,0.3770575732919315,0.3449202766943463,0.3761758781980997,0.29472018232174313,0.0,0.30225184476508893,0.3598640814543693,0.3267521498157484,0.2134810116817246,0.43298999910762137,0.3204832404644672,0.39416571093812963,0.48468427745793113,0.3699614284085928,0.0,0.2522147604164953,0.39547111187441575,0.4359737547954569,0.0,0.0,0.0,0.4809911102853172,0.0,0.49375635315347083,0.0,0.38457450098816465,0.0,0.3683821608040475,0.0,0.0,0.4831546814228492,0.4262870689294181,0.4473165114277916,0.4179237984784654,0.0,0.4419863575209519,0.451160340886526,0.4622371224311744,0.4941495079419536,0.3733630810421481,0.4127358142066602,0.43521625777798995,0.47526441714465856,0.5071325727144664,0.46772852398098824,0.0,0.41082148239580346
0.39924255917251306,0.36628096770207835,0.4581871997516333,0.27440630480751044,0.40829941375462386,0.424720040766033,0.3837259747467255,0.42718979658441036,0.4389673538697905,0.2759745327421266,0.3924162583298588,0.2909109537005252,0.37415081394600413,0.0,0.46201270789909576,0.40843021472216273,0.36634112615032866,0.39949985137702737,0.42341323414587145,0.4423186013736491,0.44069937827525346,0.4772323319618092,0.43498915184451103,0.29656466936549225,0.37529429617024374,0.4132555333676391,0.43068002960325724,0.3536839620595169,0.43405751973380824,0.37957934703637913,0.3229474330727687,0.33299556706980393,0.36305480861919653,0.30225184476508893,0.0,0.3490151092779818,0.31097304879051446,0.2463715712766741,0.30672666502444423,0.25709998892304525,0.2987031393813568,0.3244162172392465,0.3222740393231159,0.33234704100158585,0.0,0.3199820431852707,0.4235135840074713,0.0,0.0,0.0,0.0,0.0,0.0,0.0,0.38743546783651,0.0,0.30096659492913047,0.0,0.0,0.49489236809777026,0.4577277077953996,0.5138567083285337,0.43041600513562484,0.0,0.4739574318051877,0.4766586404175408,0.4972088452963762,0.49085232292891057,0.38186778921731507,0.4288628926853154,0.44471767388830125,0.4810611358904106,0.39845682321032344,0.0,0.0,0.0
0.5349317915091646,0.0,0.38029814515789434,0.1840886020870367,0.2517146256003421,0.4331179113952979,0.27674905806293093,0.2937776058281426,0.4119514175599333,0.29738243145818977,0.23788296822728414,0.3017511496414052,0.3007401533541335,0.19244836442489763,0.4616618671076315,0.0,0.0,0.0,0.3257085614766028,0.4883339832328885,0.3908736445197021,0.5208550490605871,0.3668205764619299,0.3006775301015316,0.0,0.5011001061390481,0.43654354262388595,0.27132173580468394,0.47474697997893445,0.0,0.4090734893113402,0.261287122621612,0.400763850544549,0.3598640814543693,0.3490151092779818,0.0,0.19390007303834486,0.29337035286861873,0.29858127997659145,0.0,0.0,0.27784031365425854,0.2825514177154419,0.2803332941770941,0.0,0.0,0.0,0.4436168162569194,0.0,0.38455529719256293,0.44028661090360405,0.46017845361657117,0.35795822257253007,0.41263343372197436,0.0,0.0,0.2802929234041246,0.49701583860026927,0.0,0.0,0.0,0.0,0.0,0.4015729189223729,0.0,0.0,0.5549770107675085,0.41708387074451625,0.0,0.0,0.0,0.43216425751953513,0.0,0.0,0.0,0.0
0.0,0.0,0.43756201409484463,0.18880441425449687,0.2735112606433658,0.4319421044555345,0.2820386239702403,0.4322514887333797,0.42728792537675025,0.3518514969591845,0.37630559281332665,0.30382243711894324,0.31870217559630293,0.17167025758320698,0.0,0.0,0.0,0.0,0.4266543662285067,0.46769718948488215,0.0,0.48496607970932004,0.416749419973823,0.2887664561917535,0.0,0.5319130431062621,0.435621265351632,0.27932979205464026,0.4828183365666543,0.0,0.3716982984119304,0.3122910718410459,0.46625516231059994,0.3267521498157484,0.31097304879051446,0.19390007303834486,0.0,0.2965468947893584,0.2671175456681205,0.0,0.0,0.31173986800874337,0.27742468916628915,0.0,0.0,0.0,0.0,0.0,0.0,0.0,0.0,0.0,0.0,0.0,0.0,0.0,0.2895568438122826,0.0,0.0,0.0,0.0,0.0,0.0,0.0,0.0,0.0,0.0,0.0,0.0,0.0,0.0,0.0,0.0,0.0,0.0,0.0
0.4431881874031682,0.0,0.6512203828859464,0.0,0.0,0.0,0.34440890661233114,0.0,0.0,0.2668935191932501,0.41608589644705407,0.22249981373590416,0.35362103011850615,0.0,0.0,0.0,0.30763611245565964,0.0,0.0,0.0,0.0,0.0,0.4848130183965523,0.21584814198087193,0.3070494335831156,0.3385148392138324,0.0,0.31831882805416745,0.0,0.0,0.2706918132142425,0.2689240528538555,0.1930990351401083,0.2134810116817246,0.2463715712766741,0.29337035286861873,0.2965468947893584,0.0,0.0,0.26342023140496085,0.2409097139789664,0.0,0.0,0.0,0.22635334492989972,0.0,0.0,0.0,0.0,0.0,0.0,0.0,0.0,0.0,0.32940240896054046,0.0,0.28477657976719445,0.0,0.0,0.0,0.0,0.0,0.0,0.0,0.0,0.0,0.0,0.0,0.2850748311987181,0.0,0.3292750800285005,0.0,0.0,0.0,0.0,0.27126348845064807
0.43696151847036846,0.4266992171530028,0.0,0.0,0.0,0.4562132137204373,0.0,0.42721223299203537,0.0,0.42741855532404505,0.0,0.0,0.48311344202799084,0.0,0.4489299457649021,0.4233091382255893,0.0,0.4087185637577121,0.0,0.43201431640544496,0.40578275909555755,0.45627663783174444,0.4706833095859773,0.4130819996791979,0.40051773354589754,0.44375165781512493,0.4682198200868327,0.46051899542328256,0.45730212539084086,0.4610796755474072,0.44082783505072165,0.31300566307478517,0.3969187709249475,0.43298999910762137,0.30672666502444423,0.29858127997659145,0.2671175456681205,0.0,0.0,0.3594560006543932,0.3783748676615444,0.3912201115108751,0.23608913237817894,0.276534439546435,0.27713200534446697,0.4033846940638405,0.4000156833970822,0.3982853035818513,0.2794237095732572,0.33145060895928596,0.3940147429460877,0.3430438564669957,0.4035283658548684,0.3787571772672831,0.35879696559400415,0.3452942302913408,0.27629758144039773,0.3804489343867738,0.25795412072538615,0.40634878263116186,0.42105729718476687,0.4187726927306342,0.4289623369760744,0.348949069682139,0.437398125967057,0.3973839230572921,0.4212823196366062,0.40065845059458993,0.29856611118385373,0.4039613877565254,0.3948926026223577,0.4065120825971794,0.34658410986987426,0.41380272311970423,0.381627758744542,0.3828835952269973
