0.0,0.3760192846305196,0.0,0.0,0.0,0.4283476690537037,0.0,0.44941514482244405,0.0,0.4292123526475934,0.0,0.39839622952855874,0.0,0.0,0.344030347306686,0.3781419065083427,0.0,0.37627266177263086,0.0,0.42315677297814486,0.33004754019472454,0.35052914093160376,0.4139307611403642,0.35563107234663033,0.3457135263334335,0.3520026764265665,0.43473404970406143,0.42008424072367956,0.42321665630225924,0.0,0.293453188056657,0.38618426851578713,0.3285519005548172,0.3218015129661816,0.3779456956660028,0.0,0.0,0.44535698694613524,0.37501627613259925,0.35864636688057755,0.3572839844105153,0.0,0.0,0.0,0.0,0.37073931462322396,0.42099870445457965,0.0,0.0,0.0,0.0,0.0,0.2900111290935405,0.0,0.0,0.0,0.0,0.0,0.0,0.3580615197803332,0.3959578976671817,0.0,0.4088976857719364,0.0,0.3174595340898666,0.38131286919898816,0.34216724976016855,0.0,0.39118670287629664,0.40707195653729655,0.4222539198260116,0.36123587935185125,0.0,0.3688793614793454,0.0,0.384611064800098
0.3760192846305196,0.0,0.0,0.0,0.0,0.3551126834929209,0.4097119744874446,0.4515335943185356,0.0,0.0,0.0,0.0,0.39240204027398395,0.0,0.39922311195778704,0.39006082772148876,0.0,0.38300137630846487,0.0,0.4189787758732727,0.39049668068699894,0.3909448524535832,0.43479743372648366,0.0,0.38371646813435545,0.36850538087623763,0.42469020499783217,0.3962757408324545,0.3619767576884116,0.0,0.32710886485754487,0.35664713913275414,0.34199982155517106,0.33563265545545656,0.37352155663595904,0.0,0.0,0.0,0.40067920817143027,0.3963480106087138,0.3692050596203681,0.3978291649661515,0.0,0.0,0.0,0.4259610893150543,0.39509409225239905,0.0,0.0,0.0,0.4281741297456728,0.0,0.4098650151957247,0.0,0.0,0.0,0.0,0.0,0.0,0.4380696057481401,0.40764015180573193,0.0,0.4090240762116147,0.0,0.4207857724049632,0.4404492534267621,0.3874143774684559,0.42421657912796634,0.0,0.4149732472129276,0.42755905776921865,0.43475314150224664,0.0,0.41309205295498075,0.0,0.3934852097831462
0.0,0.0,0.0,0.4015934647694012,0.37379960423256603,0.36415912961452634,0.4054849065112775,0.4464175090114656,0.32011705492122533,0.0,0.3105361649074609,0.0,0.4183101877920541,0.34459467437427554,0.0,0.0,0.0,0.0,0.24919754486919485,0.0,0.0,0.0,0.2714622085798025,0.0,0.0,0.0,0.3243432915286587,0.41962338524130105,0.0,0.4614270903188473,0.4264582099485792,0.4113085378353225,0.0,0.4273069900055194,0.4361393370977364,0.38130120129450473,0.4318479958177695,0.0,0.4612842092031809,0.0,0.0,0.0,0.45922454142288666,0.0,0.0,0.0,0.0,0.42227721226927395,0.0,0.5548887737841268,0.5000650527590516,0.0,0.5167228519229873,0.5094380020865743,0.0,0.42659857061693446,0.0,0.5239204995510858,0.45757353421663965,0.0,0.0,0.0,0.0,0.41524672723614653,0.0,0.0,0.0,0.5027944150024988,0.0,0.0,0.0,0.514712874952038,0.0,0.0,0.0,0.6309170033417989
0.0,0.0,0.4015934647694012,0.0,0.1806490654744709,0.3682052719994606,0.19941910263085716,0.3021552375948281,0.0,0.16428504528218096,0.27200872310285473,0.2998441689468238,0.23050500890106296,0.21725259273872122,0.0,0.0,0.0,0.0,0.0,0.407652088725175,0.0,0.4093872703871416,0.32219257213852237,0.0,0.0,0.0,0.3949912840479694,0.17030112900458827,0.0,0.0,0.33858130022857713,0.2632989024078347,0.23900059711512195,0.2796044663880351,0.2762609503408248,0.17069065096432406,0.150007384292734,0.2825044250989283,0.3211909990806747,0.0,0.0,0.3306132373632851,0.0,0.0,0.0,0.0,0.0,0.0,0.0,0.0,0.0,0.0,0.0,0.0,0.0,0.0,0.0,0.0,0.0,0.0,0.0,0.0,0.0,0.0,0.0,0.0,0.0,0.0,0.0,0.0,0.0,0.0,0.0,0.0,0.0,0.0
0.0,0.0,0.37379960423256603,0.1806490654744709,0.0,0.3618508805776118,0.2737968749339328,0.29089546811211664,0.31380350096147613,0.3602517329527189,0.27920756191650675,0.371937714086378,0.2676578801187136,0.24560543432371812,0.0,0.0,0.0,0.0,0.3136681245978151,0.32208116290483746,0.0,0.37357282934894837,0.39510012685977625,0.3836570784689908,0.0,0.0,0.3875342538694012,0.2713872640097608,0.36699519648972967,0.0,0.3334100717832748,0.3261344009064506,0.0,0.31387205019248976,0.22363422496328883,0.18420812873941705,0.20959801035667983,0.36716184628627313,0.0,0.0,0.0,0.0,0.0,0.0,0.0,0.0,0.0,0.0,0.0,0.0,0.0,0.0,0.0,0.0,0.0,0.0,0.0,0.0,0.0,0.0,0.0,0.0,0.0,0.0,0.0,0.0,0.0,0.0,0.0,0.0,0.0,0.0,0.0,0.0,0.0,0.0
0.4283476690537037,0.3551126834929209,0.36415912961452634,0.3682052719994606,0.3618508805776118,0.0,0.3657943404162292,0.38374853360847816,0.34448762701799784,0.39317837239710784,0.35924793654268716,0.4675337763945737,0.3596925222866515,0.365353774081175,0.36738132246480915,0.3784363566115256,0.0,0.3959226838592499,0.0,0.35355891573243314,0.3718266835089133,0.37597471049753534,0.3662240066356276,0.0,0.3805515584393853,0.3681280231888703,0.3390730018584571,0.36119052487317327,0.3243107787812879,0.3729050391527684,0.3873819367057091,0.3739144602012696,0.3361171345019211,0.38577198018252185,0.36182812096819833,0.38409949717023123,0.39364849430563525,0.4296666251643858,0.41528873450076353,0.0,0.4634514014508209,0.5132551964031888,0.4498806446917889,0.0,0.0,0.0,0.0,0.5173716059061239,0.0,0.0,0.47249997899149093,0.4975409483433819,0.4357028987008651,0.49871332267888097,0.0,0.0,0.0,0.486971411602146,0.0,0.0,0.0,0.0,0.0,0.523501399996332,0.0,0.0,0.0,0.4790206079747368,0.0,0.0,0.0,0.47736081765613525,0.4753677616246715,0.4335789788171101,0.0,0.4760174408325797
0.0,0.4097119744874446,0.4054849065112775,0.19941910263085716,0.2737968749339328,0.3657943404162292,0.0,0.3653432867552342,0.341694151642886,0.3433285752537471,0.3618167983829189,0.0,0.29822399222287255,0.2913172359132791,0.0,0.417081309192738,0.0,0.3940955772471455,0.38565676248885605,0.39280611686665856,0.44065413462224057,0.4129287746714372,0.40141005443928385,0.0,0.4163752823229068,0.0,0.39663942513097955,0.2878142745258672,0.39538597396250674,0.0,0.332308702059707,0.3730750663167477,0.0,0.3499677350469457,0.22743804782612634,0.2366129421043133,0.2266852736694111,0.3236137488561603,0.0,0.0,0.0,0.0,0.0,0.0,0.0,0.0,0.0,0.0,0.0,0.0,0.0,0.0,0.0,0.0,0.0,0.0,0.0,0.0,0.0,0.0,0.0,0.0,0.0,0.0,0.0,0.0,0.0,0.4643236593611178,0.0,0.0,0.0,0.0,0.0,0.0,0.0,0.0
0.44941514482244405,0.4515335943185356,0.4464175090114656,0.3021552375948281,0.29089546811211664,0.38374853360847816,0.3653432867552342,0.0,0.4498032738760209,0.0,0.2539153949500732,0.5529991025653185,0.3892044313598998,0.28641864635488457,0.3414397189932533,0.4320102951543509,0.0,0.46003898944621074,0.3069614164773864,0.0,0.34947714255321394,0.40002360104117335,0.3192386080207388,0.47236576290844523,0.41666693268608307,0.44352547310361623,0.4256505068153842,0.38188959439710796,0.34702730440279567,0.37737061275301687,0.36219860212705157,0.3242025971138906,0.4252377205445261,0.33946084437944896,0.39167229117305186,0.23818402558838148,0.2912755846785904,0.0,0.35863261610619435,0.0,0.0,0.0,0.37649650444838756,0.0,0.0,0.0,0.0,0.5013788356726459,0.0,0.0,0.4642423841490945,0.4735409183016506,0.35370612264981616,0.47671852376970736,0.0,0.499162947775659,0.0,0.4529145553016977,0.0,0.0,0.0,0.0,0.0,0.48903947202333053,0.3939726410371366,0.17724081664204436,0.0,0.4417630269796056,0.0,0.0,0.0,0.46139994550465036,0.45900220875995745,0.4606846457095775,0.0,0.0
0.0,0.0,0.32011705492122533,0.0,0.31380350096147613,0.34448762701799784,0.341694151642886,0.4498032738760209,0.0,0.40574946878759155,0.30318674463821005,0.0,0.33713928074997207,0.3787895510102548,0.0,0.0,0.0,0.0,0.26520958754943663,0.0,0.0,0.0,0.39311719656728794,0.0,0.0,0.0,0.3712009202769171,0.4027833067854975,0.0,0.45488206156316724,0.40503464912897846,0.40610533986618985,0.0,0.4094747973265019,0.41234407682848295,0.3874381251336758,0.40665003104650976,0.0,0.0,0.0,0.0,0.0,0.4679812094355627,0.0,0.0,0.0,0.0,0.5569612835832968,0.0,0.0,0.0,0.0,0.49583357437340975,0.0,0.0,0.0,0.0,0.0,0.0,0.0,0.0,0.0,0.0,0.0,0.0,0.0,0.0,0.5006180099745939,0.0,0.0,0.0,0.428018282229167,0.0,0.0,0.0,0.0
0.4292123526475934,0.0,0.0,0.16428504528218096,0.3602517329527189,0.39317837239710784,0.3433285752537471,0.0,0.40574946878759155,0.0,0.3896894566673999,0.27857643551802375,0.31953876470714204,0.16114436967252582,0.0,0.0,0.3017647058461288,0.33767336781376805,0.0,0.0,0.4503313318788665,0.0,0.4226015115771561,0.2935824274705691,0.3522387833630319,0.33526436492969414,0.4349459515250101,0.32961009343265263,0.0,0.0,0.294491081723493,0.3116991829456463,0.28611892124761873,0.28486608437556127,0.28441724248903705,0.25162283695372134,0.23335080123200577,0.2849839801299943,0.34416802957343556,0.36251889538125576,0.32996527970821565,0.0,0.0,0.0,0.3096229470440182,0.5126130297866807,0.0,0.0,0.0,0.0,0.0,0.0,0.0,0.0,0.41907356473129864,0.0,0.42583111673514795,0.0,0.0,0.0,0.45165526612771983,0.45109335138476503,0.439459866717842,0.0,0.0,0.0,0.0,0.0,0.4128442394098066,0.45023769975414674,0.4555573353727594,0.0,0.0,0.0,0.0,0.37478436279519556
0.0,0.0,0.3105361649074609,0.27200872310285473,0.27920756191650675,0.35924793654268716,0.3618167983829189,0.2539153949500732,0.30318674463821005,0.3896894566673999,0.0,0.0,0.37581915973104657,0.22640135210378354,0.0,0.0,0.0,0.0,0.2279727319049261,0.0,0.0,0.0,0.2664120426153609,0.0,0.0,0.0,0.3704891918035278,0.3766580141558156,0.0,0.0,0.37215721674919977,0.27048688528584985,0.0,0.38540470525136694,0.3420663181289656,0.2253911974423753,0.2876825284030129,0.0,0.0,0.0,0.0,0.0,0.36006023961433586,0.0,0.0,0.0,0.0,0.33222444955452546,0.0,0.0,0.0,0.0,0.0,0.46168009934371795,0.0,0.20661434418661956,0.0,0.0,0.0,0.0,0.0,0.0,0.0,0.28498882935368125,0.0,0.0,0.0,0.0,0.0,0.0,0.0,0.460036489809958,0.5017830449055339,0.0,0.0,0.0
0.39839622952855874,0.0,0.0,0.2998441689468238,0.371937714086378,0.4675337763945737,0.0,0.5529991025653185,0.0,0.27857643551802375,0.0,0.0,0.3403885942002809,0.0,0.0,0.0,0.342709267574155,0.37850385893022015,0.0,0.640543730180604,0.4769566597181956,0.0,0.0,0.2806302395930333,0.36377487293592164,0.2947706456711078,0.44400236097374146,0.33635049128040584,0.0,0.0,0.3145794990402291,0.2541214035080712,0.26789158885734216,0.2901785785351522,0.3189480261945029,0.33670275556968693,0.2826366770103609,0.2401352813280902,0.33401191024024357,0.38867659849051556,0.3543848020522228,0.0,0.0,0.0,0.35529069686265113,0.536283605469488,0.0,0.0,0.0,0.0,0.0,0.0,0.0,0.0,0.4345843007133861,0.0,0.43611936191557993,0.0,0.0,0.0,0.5384618127139184,0.46016227884423067,0.4531010853447816,0.0,0.0,0.0,0.0,0.0,0.42097034864136973,0.45403841730285577,0.45771060222875404,0.0,0.0,0.0,0.0,0.40584893153620655
0.0,0.39240204027398395,0.4183101877920541,0.23050500890106296,0.2676578801187136,0.3596925222866515,0.29822399222287255,0.3892044313598998,0.33713928074997207,0.31953876470714204,0.37581915973104657,0.3403885942002809,0.0,0.30542439677399047,0.35922799368496683,0.4186196739706159,0.38146535936064335,0.39588155405656394,0.3892326011260835,0.39697138919538105,0.39518591447699086,0.4229330504761265,0.40492072042878335,0.3585010127686639,0.3873041780100141,0.36951334374290956,0.4064117848834452,0.28974066174467966,0.3864180477717346,0.35597906384558387,0.3465062165382814,0.36965943964588593,0.35662477330041015,0.33146398191986726,0.28826993956668356,0.2600897044043268,0.24057815208048963,0.3231360900493157,0.45930054377279206,0.0,0.0,0.0,0.0,0.0,0.0,0.0,0.0,0.0,0.0,0.0,0.48828871269726354,0.0,0.4570249395368518,0.0,0.0,0.0,0.0,0.0,0.0,0.0,0.0,0.0,0.0,0.0,0.0,0.0,0.0,0.4558889900242507,0.0,0.0,0.0,0.46134079826574415,0.0,0.5000880810854629,0.0,0.0
0.0,0.0,0.34459467437427554,0.21725259273872122,0.24560543432371812,0.365353774081175,0.2913172359132791,0.28641864635488457,0.3787895510102548,0.16114436967252582,0.22640135210378354,0.0,0.30542439677399047,0.0,0.0,0.0,0.0,0.0,0.3168088136196814,0.0,0.0,0.0,0.3005321979527477,0.0,0.0,0.0,0.38175853072189725,0.20892934502730687,0.0,0.0,0.0,0.22833567916770148,0.0,0.0,0.0,0.19735015796410738,0.16469192906992688,0.0,0.0,0.0,0.0,0.0,0.0,0.0,0.0,0.0,0.0,0.0,0.0,0.0,0.0,0.0,0.0,0.0,0.0,0.0,0.0,0.0,0.0,0.0,0.0,0.0,0.0,0.0,0.0,0.0,0.0,0.0,0.0,0.0,0.0,0.0,0.0,0.0,0.0,0.0
0.344030347306686,0.39922311195778704,0.0,0.0,0.0,0.36738132246480915,0.0,0.3414397189932533,0.0,0.0,0.0,0.0,0.35922799368496683,0.0,0.0,0.3605858120779752,0.0,0.37654971165294127,0.0,0.34161222159707877,0.33691359984709307,0.36599028515495746,0.3648864561224006,0.4448254861817268,0.3795436282074647,0.3635125685066912,0.3989426922877507,0.0,0.351367043618348,0.0,0.32798223655428665,0.39364306078369593,0.3561619377158358,0.3703192010363294,0.4149795160407101,0.4269608036752496,0.0,0.0,0.4156846651315239,0.3690533651651391,0.43798672225778396,0.4369577982670497,0.480777067750551,0.0,0.0,0.3080034767174896,0.4391081335733627,0.0,0.0,0.0,0.41639372504592176,0.0,0.3432539898441324,0.0,0.0,0.0,0.0,0.5403488427331261,0.0,0.4211113483570781,0.4673479114757007,0.0,0.0,0.0,0.39465463472450407,0.4273702619512598,0.43836997930998267,0.40737815249655557,0.0,0.0,0.4678223072562066,0.41594243153695165,0.4660651218618807,0.40660851720411634,0.0,0.44602213863758844
0.3781419065083427,0.39006082772148876,0.0,0.0,0.0,0.3784363566115256,0.417081309192738,0.4320102951543509,0.0,0.0,0.0,0.0,0.4186196739706159,0.0,0.3605858120779752,0.0,0.3111740095751903,0.3537383046957314,0.0,0.40645808284252705,0.3678354165902729,0.3697267909718106,0.39099797421106,0.3699116903202767,0.37237758876150423,0.39007355384722353,0.4085842828148449,0.4165151885155968,0.4017274044795739,0.0,0.3446891007407234,0.3923723286355646,0.365968658753528,0.34907297351176114,0.38578721840463076,0.6031344140582583,0.0,0.0,0.3631022543000641,0.38436129934441454,0.3940807808357688,0.38838949607248807,0.0,0.0,0.0,0.40725088422663425,0.4155129164798987,0.0,0.0,0.0,0.0,0.0,0.48714957184162416,0.0,0.0,0.0,0.0,0.0,0.0,0.432619298070437,0.39997270612172076,0.0,0.39987915252549494,0.0,0.44552363427699954,0.4323706109952467,0.40899457732365957,0.5366502559584685,0.0,0.39992749979811376,0.4183275027128126,0.48064256212963863,0.0,0.44996174645116715,0.0,0.3844446570625352
0.0,0.0,0.0,0.0,0.0,0.0,0.0,0.0,0.0,0.3017647058461288,0.0,0.342709267574155,0.38146535936064335,0.0,0.0,0.3111740095751903,0.0,0.3215282314326615,0.0,0.0,0.0,0.0,0.0,0.3324436242679958,0.31547299932633716,0.3582995856375065,0.0,0.38396006248684933,0.0,0.0,0.3180101426253765,0.3692129600540748,0.29939676766442075,0.29479303546172425,0.30317173902755956,0.34693189067083263,0.0,0.3098267331151814,0.0,0.3583971352579447,0.0,0.0,0.0,0.0,0.0,0.0,0.0,0.0,0.0,0.0,0.0,0.0,0.0,0.0,0.40438261949357923,0.0,0.41903783235301845,0.0,0.0,0.0,0.0,0.4386666111759368,0.4136102981143672,0.0,0.0,0.0,0.0,0.0,0.44520938085193656,0.40847488420226735,0.43371562114142137,0.0,0.0,0.0,0.0,0.4207471121765462
0.37627266177263086,0.38300137630846487,0.0,0.0,0.0,0.3959226838592499,0.3940955772471455,0.46003898944621074,0.0,0.33767336781376805,0.0,0.37850385893022015,0.39588155405656394,0.0,0.37654971165294127,0.3537383046957314,0.3215282314326615,0.0,0.0,0.40229008991784576,0.3876556689565068,0.3920166944516179,0.4179928321076738,0.3671792855240154,0.3481827983894573,0.36626928553759264,0.4143966003326757,0.3943335461717766,0.4089261555708232,0.0,0.3565802324645429,0.41482572970251796,0.34791624015990086,0.3515650776465199,0.3828186162238279,0.3460517875237976,0.0,0.37946977701917206,0.32523063451702905,0.35357383981717283,0.3484863962457028,0.33284786983991527,0.0,0.0,0.0,0.4173756317480305,0.4094438429223075,0.0,0.0,0.0,0.0,0.0,0.4993709723715579,0.0,0.39357320020511793,0.0,0.42116709238538025,0.0,0.0,0.5009517026432213,0.39097583717175655,0.4275577128697607,0.3990933711071929,0.0,0.6328117088441759,0.450819212354274,0.4032212309114433,0.0,0.4519387340650641,0.4098469851806773,0.42182505936657616,0.0,0.0,0.0,0.0,0.390840333321889
0.0,0.0,0.24919754486919485,0.0,0.3136681245978151,0.0,0.38565676248885605,0.3069614164773864,0.26520958754943663,0.0,0.2279727319049261,0.0,0.3892326011260835,0.3168088136196814,0.0,0.0,0.0,0.0,0.0,0.0,0.0,0.0,0.23229404025292016,0.0,0.0,0.0,0.3476646973150601,0.3764518402989177,0.0,0.0,0.4121208352786265,0.3901876993732945,0.0,0.41199296400380797,0.0,0.32916404368316005,0.0,0.0,0.0,0.0,0.0,0.0,0.40096432467642795,0.0,0.0,0.0,0.0,0.16983945339063206,0.0,0.0,0.0,0.0,0.0,0.0,0.0,0.0,0.0,0.0,0.0,0.0,0.0,0.0,0.0,0.0,0.0,0.0,0.0,0.5040136674113301,0.0,0.0,0.0,0.0,0.0,0.0,0.0,0.0
0.42315677297814486,0.4189787758732727,0.0,0.407652088725175,0.32208116290483746,0.35355891573243314,0.39280611686665856,0.0,0.0,0.0,0.0,0.640543730180604,0.39697138919538105,0.0,0.34161222159707877,0.40645808284252705,0.0,0.40229008991784576,0.0,0.0,0.4049426739212977,0.3524963168038756,0.278786423633569,0.0,0.4238346700725016,0.42120315838859446,0.3392945049376302,0.34407706291000173,0.31226091980759774,0.3246327879247898,0.3333369221287074,0.4073678691287943,0.35910530598131807,0.3664935164463755,0.4214835821492793,0.49370278286348906,0.44488451832636344,0.5300270140279886,0.42085227257300806,0.0,0.45072675775473925,0.453032800301167,0.0,0.0,0.0,0.0,0.0,0.0,0.0,0.0,0.45756469213936307,0.0,0.4330354735827737,0.0,0.0,0.0,0.0,0.0,0.0,0.43106065526222304,0.0,0.0,0.0,0.0,0.4362717196852884,0.4336841127403886,0.4275088520679736,0.4495366050573545,0.0,0.0,0.43116024223309013,0.4362803119585866,0.49096842738603996,0.4379214110955941,0.0,0.0
0.33004754019472454,0.39049668068699894,0.0,0.0,0.0,0.3718266835089133,0.44065413462224057,0.34947714255321394,0.0,0.4503313318788665,0.0,0.4769566597181956,0.39518591447699086,0.0,0.33691359984709307,0.3678354165902729,0.0,0.3876556689565068,0.0,0.4049426739212977,0.0,0.39237873572242127,0.36441642347739306,0.43380926829674504,0.3703327103643601,0.37691194549446816,0.41726982361919124,0.39418755229056046,0.36278902411460495,0.39287986265690167,0.33243776828663957,0.3807655931223352,0.3240819920525309,0.3473163763395687,0.42068353385572105,0.0,0.0,0.0,0.38224024152535413,0.3919722007129644,0.43177176363707565,0.41006757843964936,0.0,0.0,0.0,0.395968592000948,0.42512835888194395,0.0,0.0,0.0,0.3983173041090723,0.0,0.34103099151121063,0.0,0.0,0.0,0.0,0.5124239780366434,0.0,0.423076542200487,0.4341662856664966,0.0,0.0,0.0,0.4038084049259863,0.3873621169309982,0.44014130977668187,0.3968420666659374,0.0,0.0,0.44289354611514814,0.4275194806160628,0.4719669028799088,0.34333030683471116,0.0,0.49323878390139037
0.35052914093160376,0.3909448524535832,0.0,0.4093872703871416,0.37357282934894837,0.37597471049753534,0.4129287746714372,0.40002360104117335,0.0,0.0,0.0,0.0,0.4229330504761265,0.0,0.36599028515495746,0.3697267909718106,0.0,0.3920166944516179,0.0,0.3524963168038756,0.39237873572242127,0.0,0.40827281191589254,0.0,0.4144356462919529,0.3905410276407357,0.41239282874998917,0.39594405340967304,0.38570939667816206,0.38303770900171097,0.3486118241474956,0.4040045721009165,0.37162512244811874,0.36734028095909343,0.4230927625523489,0.4820276483799938,0.4586787890426849,0.0,0.3992080085998907,0.40229314326577825,0.41303595483406413,0.4300117533244707,0.5154555930646069,0.0,0.0,0.4322346344824421,0.4057710531442373,0.0,0.0,0.0,0.4189169636249023,0.0,0.3864216256735584,0.0,0.0,0.0,0.0,0.0,0.0,0.43482809328446004,0.4136904736154486,0.0,0.0,0.0,0.40839245336193314,0.4367509417554769,0.436755890258563,0.41545295556487566,0.0,0.0,0.4332437642566248,0.42870460236596364,0.0,0.4124257840931158,0.0,0.40713123071758417
0.4139307611403642,0.43479743372648366,0.2714622085798025,0.32219257213852237,0.39510012685977625,0.3662240066356276,0.40141005443928385,0.3192386080207388,0.39311719656728794,0.4226015115771561,0.2664120426153609,0.0,0.40492072042878335,0.3005321979527477,0.3648864561224006,0.39099797421106,0.0,0.4179928321076738,0.23229404025292016,0.278786423633569,0.36441642347739306,0.40827281191589254,0.0,0.4502514510373019,0.407420796680574,0.4186291689849937,0.3422338443898442,0.3950528493097564,0.36890982073484324,0.3918064632667108,0.3995842566417777,0.38763514912395813,0.36758632455519125,0.4037303887082513,0.432421212588811,0.3393697071975135,0.38718248290260454,0.0,0.4551940425141245,0.41220191275370616,0.4526362162313966,0.4608935423154742,0.45199160252922066,0.0,0.0,0.0,0.0,0.5008177054769734,0.0,0.5138530664082314,0.47672091982019904,0.4754737621795578,0.4563890846282377,0.49420157099218986,0.0,0.4638930852331838,0.0,0.47328438692751207,0.46563444746357036,0.43976513260589334,0.0,0.0,0.0,0.4889716852221938,0.4534811161302489,0.43606351830306606,0.45688370722492677,0.47768676528556175,0.0,0.0,0.464507321217439,0.4807481800827057,0.4707667786701378,0.4524925899356701,0.4695672606355455,0.47531876293595515
0.35563107234663033,0.0,0.0,0.0,0.3836570784689908,0.0,0.0,0.47236576290844523,0.0,0.2935824274705691,0.0,0.2806302395930333,0.3585010127686639,0.0,0.4448254861817268,0.3699116903202767,0.3324436242679958,0.3671792855240154,0.0,0.0,0.43380926829674504,0.0,0.4502514510373019,0.0,0.35142493451207274,0.31449895146348394,0.508234512968019,0.3505269602161143,0.0,0.0,0.2938206025407015,0.28906563376225725,0.24333668392337246,0.26596474298528894,0.266676599469856,0.3548709863542807,0.26142865590153863,0.24114116596294932,0.3722594638649369,0.3454487275699182,0.34714843028690634,0.0,0.0,0.0,0.2895509726368102,0.42181746653448304,0.3452752420757922,0.0,0.0,0.0,0.0,0.0,0.0,0.0,0.4112018411471741,0.0,0.4239964012999492,0.0,0.0,0.0,0.40528774124884664,0.4498860354931974,0.4303960631718147,0.0,0.0,0.0,0.47613538316146325,0.0,0.39598867608413835,0.4442073272683617,0.452460876126847,0.0,0.0,0.0,0.0,0.35534368699296853
0.3457135263334335,0.38371646813435545,0.0,0.0,0.0,0.3805515584393853,0.4163752823229068,0.41666693268608307,0.0,0.3522387833630319,0.0,0.36377487293592164,0.3873041780100141,0.0,0.3795436282074647,0.37237758876150423,0.31547299932633716,0.3481827983894573,0.0,0.4238346700725016,0.3703327103643601,0.4144356462919529,0.407420796680574,0.35142493451207274,0.0,0.3483857529598948,0.4059894700307318,0.3831489682235111,0.3875148695704147,0.0,0.34642627584709773,0.3881373164389426,0.31433128665187327,0.3239448810515046,0.35867396374655397,0.38923807163389257,0.0,0.32585713858029663,0.34515333926905345,0.36162548068310535,0.35074196756387777,0.34010116978329363,0.0,0.0,0.0,0.4049525276357793,0.40010756532056263,0.0,0.0,0.0,0.0,0.0,0.45694536793772567,0.0,0.41065166648946305,0.0,0.4304648286947991,0.0,0.0,0.42714899934945627,0.3854819167446771,0.44098259205380236,0.39762583553522024,0.0,0.41724981866845623,0.454074287151671,0.41034813539582016,0.49877211709191516,0.43882868076278125,0.40622935456924025,0.4170230607805613,0.5540187834959691,0.0,0.4188275896064594,0.0,0.3690429940985483
0.3520026764265665,0.36850538087623763,0.0,0.0,0.0,0.3681280231888703,0.0,0.44352547310361623,0.0,0.33526436492969414,0.0,0.2947706456711078,0.36951334374290956,0.0,0.3635125685066912,0.39007355384722353,0.3582995856375065,0.36626928553759264,0.0,0.42120315838859446,0.37691194549446816,0.3905410276407357,0.4186291689849937,0.31449895146348394,0.3483857529598948,0.0,0.4375212358415099,0.3811573866985894,0.36933230983942433,0.0,0.3387429446273874,0.3920792865689918,0.3240963222924476,0.33848744508526984,0.391496020392779,0.46141308583310514,0.0,0.30316480168403265,0.39329279087298485,0.37555001908710706,0.3983678352954428,0.3721429745292121,0.0,0.0,0.0,0.415209692383434,0.3953063300930768,0.0,0.0,0.0,0.45798323085561327,0.0,0.0,0.0,0.43289077230252343,0.0,0.44791910718562317,0.0,0.0,0.45541380691023103,0.39686282712715976,0.4598366397962615,0.4176696720855838,0.0,0.43218378467291974,0.4586351201162967,0.4331803827720176,0.4348353445767866,0.4540633573532201,0.4244119397154398,0.4359493188114011,0.4331869511964635,0.0,0.42589288461508323,0.0,0.3921161218022532
0.43473404970406143,0.42469020499783217,0.3243432915286587,0.3949912840479694,0.3875342538694012,0.3390730018584571,0.39663942513097955,0.4256505068153842,0.3712009202769171,0.4349459515250101,0.3704891918035278,0.44400236097374146,0.4064117848834452,0.38175853072189725,0.3989426922877507,0.4085842828148449,0.0,0.4143966003326757,0.3476646973150601,0.3392945049376302,0.41726982361919124,0.41239282874998917,0.3422338443898442,0.508234512968019,0.4059894700307318,0.4375212358415099,0.0,0.3986650413883464,0.3398704665480402,0.38091397218715534,0.3825982540724118,0.39628166122327774,0.3551637723728075,0.394560264068709,0.4159236355734888,0.4236703613557231,0.4094872703351002,0.44374538738649705,0.454238900607329,0.4757079261712801,0.4719634017381374,0.47342322063097086,0.4652112858993104,0.0,0.0,0.0,0.0,0.5215606932155177,0.0,0.0,0.4710872026802211,0.5125009357154431,0.477769004605641,0.5091442071168358,0.0,0.4765078242469761,0.0,0.4851493019089721,0.44120164510138227,0.4385610467515956,0.0,0.0,0.0,0.5286203363289154,0.4609535381842003,0.4474828161968196,0.45817340919207244,0.47582647509151227,0.0,0.0,0.45693741798801557,0.46540126332653453,0.47860019898588196,0.45829697348948295,0.5008965319372156,0.4794365707158199
0.42008424072367956,0.3962757408324545,0.41962338524130105,0.17030112900458827,0.2713872640097608,0.36119052487317327,0.2878142745258672,0.38188959439710796,0.4027833067854975,0.32961009343265263,0.3766580141558156,0.33635049128040584,0.28974066174467966,0.20892934502730687,0.0,0.4165151885155968,0.38396006248684933,0.3943335461717766,0.3764518402989177,0.34407706291000173,0.39418755229056046,0.39594405340967304,0.3950528493097564,0.3505269602161143,0.3831489682235111,0.3811573866985894,0.3986650413883464,0.0,0.3279893124544332,0.2838757638362867,0.3390098322073617,0.36606406981230444,0.3278192383889613,0.3259500663860759,0.3170099993126101,0.24950906920479637,0.2352327864989663,0.3201160159006338,0.4075353909028479,0.0,0.0,0.0,0.0,0.0,0.0,0.0,0.0,0.0,0.0,0.0,0.4568639076779772,0.0,0.43700439907327404,0.0,0.0,0.0,0.0,0.5293220492057106,0.0,0.48529478405633725,0.0,0.0,0.0,0.0,0.441885355070151,0.3907704694916672,0.0,0.4485333285845069,0.0,0.0,0.0,0.4472372612813525,0.477199280382082,0.46167808007169003,0.0,0.0
0.42321665630225924,0.3619767576884116,0.0,0.0,0.36699519648972967,0.3243107787812879,0.39538597396250674,0.34702730440279567,0.0,0.0,0.0,0.0,0.3864180477717346,0.0,0.351367043618348,0.4017274044795739,0.0,0.4089261555708232,0.0,0.31226091980759774,0.36278902411460495,0.38570939667816206,0.36890982073484324,0.0,0.3875148695704147,0.36933230983942433,0.3398704665480402,0.3279893124544332,0.0,0.3282670168733719,0.32709588946136214,0.3651845870670737,0.30053036674268274,0.3562459002355739,0.39870286544158207,0.4494982335868521,0.4123295499231815,0.5005697635113766,0.42472743785507405,0.0,0.46585457222368487,0.4946375168324063,0.49042573938371864,0.0,0.0,0.0,0.0,0.5742510547288824,0.0,0.0,0.4605158052309546,0.0,0.43185616623249073,0.7963205967254862,0.0,0.0,0.0,0.4949097937939987,0.0,0.41192682722914664,0.0,0.0,0.0,0.0,0.4328883457500802,0.3996643874540257,0.0,0.4347390463891052,0.0,0.0,0.0,0.4342426557689145,0.4664867440749459,0.4293799262790216,0.48610214205965074,0.4678600948194031
0.0,0.0,0.4614270903188473,0.0,0.0,0.3729050391527684,0.0,0.37737061275301687,0.45488206156316724,0.0,0.0,0.0,0.35597906384558387,0.0,0.0,0.0,0.0,0.0,0.0,0.3246327879247898,0.39287986265690167,0.38303770900171097,0.3918064632667108,0.0,0.0,0.0,0.38091397218715534,0.2838757638362867,0.3282670168733719,0.0,0.32741006216519913,0.3846230390148882,0.3324195876071285,0.3483909492367768,0.42419805889010803,0.0,0.0,0.0,0.0,0.0,0.0,0.0,0.0,0.0,0.0,0.0,0.0,0.0,0.0,0.0,0.48904954050444094,0.0,0.49022897552303846,0.0,0.0,0.0,0.0,0.0,0.0,0.0,0.0,0.0,0.0,0.0,0.0,0.42398652909583273,0.0,0.4544749121800794,0.0,0.0,0.0,0.45570115083649937,0.0,0.0,0.0,0.0
0.293453188056657,0.32710886485754487,0.4264582099485792,0.33858130022857713,0.3334100717832748,0.3873819367057091,0.332308702059707,0.36219860212705157,0.40503464912897846,0.294491081723493,0.37215721674919977,0.3145794990402291,0.3465062165382814,0.0,0.32798223655428665,0.3446891007407234,0.3180101426253765,0.3565802324645429,0.4121208352786265,0.3333369221287074,0.33243776828663957,0.3486118241474956,0.3995842566417777,0.2938206025407015,0.34642627584709773,0.3387429446273874,0.3825982540724118,0.3390098322073617,0.32709588946136214,0.32741006216519913,0.0,0.32343974926220775,0.284071545463895,0.24235449640005027,0.22338370304651228,0.32991830826792323,0.2957671700255585,0.28994449831195285,0.37764147855905167,0.238809747001856,0.3428208358459235,0.0,0.0,0.0,0.2859669707283702,0.34873231088818585,0.34696916558084184,0.7448009532854325,0.0,0.0,0.4691638678456807,0.0,0.41468086927208764,0.0,0.3703348934082524,0.0,0.3641548556094483,0.0,0.0,0.31931573392825174,0.3024262346842624,0.3701813199212684,0.38280870021566454,0.0,0.4023098272436717,0.3662726321839494,0.39828243492232784,0.42259515672687176,0.3149649827432674,0.37792682501912644,0.36001327925790727,0.4414984891067054,0.0,0.4316487655810958,0.0,0.3613171054787943
0.38618426851578713,0.35664713913275414,0.4113085378353225,0.2632989024078347,0.3261344009064506,0.3739144602012696,0.3730750663167477,0.3242025971138906,0.40610533986618985,0.3116991829456463,0.27048688528584985,0.2541214035080712,0.36965943964588593,0.22833567916770148,0.39364306078369593,0.3923723286355646,0.3692129600540748,0.41482572970251796,0.3901876993732945,0.4073678691287943,0.3807655931223352,0.4040045721009165,0.38763514912395813,0.28906563376225725,0.3881373164389426,0.3920792865689918,0.39628166122327774,0.36606406981230444,0.3651845870670737,0.3846230390148882,0.32343974926220775,0.0,0.32784819904610324,0.32902443217775346,0.34732641945332515,0.2822959441663048,0.3038862709229575,0.2432725861912853,0.2740306779007726,0.2546316424645324,0.29544800789076725,0.31827484006105156,0.29066307325638585,0.2960253877437798,0.22494117296849314,0.4336598913559259,0.41157773653574403,0.5157132227014875,0.0,0.0,0.4220679502747429,0.0,0.35446250287691905,0.0,0.0,0.0,0.2522760082956229,0.4603264957680645,0.0,0.42002052439003273,0.41860015398036854,0.0,0.4080234148796348,0.0,0.40432390589982387,0.38690235942738493,0.41541982283163315,0.41523384138013886,0.2512488916365827,0.4104582905811548,0.4156358252713543,0.4075076353077517,0.32157540330841305,0.38466188258149403,0.0,0.40417465258274926
0.3285519005548172,0.34199982155517106,0.0,0.23900059711512195,0.0,0.3361171345019211,0.0,0.4252377205445261,0.0,0.28611892124761873,0.0,0.26789158885734216,0.35662477330041015,0.0,0.3561619377158358,0.365968658753528,0.29939676766442075,0.34791624015990086,0.0,0.35910530598131807,0.3240819920525309,0.37162512244811874,0.36758632455519125,0.24333668392337246,0.31433128665187327,0.3240963222924476,0.3551637723728075,0.3278192383889613,0.30053036674268274,0.3324195876071285,0.284071545463895,0.32784819904610324,0.0,0.23033946947284337,0.33219041111237896,0.38473668650277904,0.2373695718062556,0.18970450689316157,0.24482602431465392,0.23650784890443977,0.24919213207519178,0.2970023395118911,0.0,0.0,0.23197108501803537,0.376756428863818,0.38601931299037345,0.0,0.0,0.0,0.0,0.0,0.2518652311928792,0.0,0.3033895295728374,0.0,0.3417965662467528,0.0,0.0,0.4370414123467789,0.37029206800581255,0.346047982164594,0.3779739498349845,0.0,0.39710009785995537,0.3993173050900001,0.3974232909758603,0.37276283883175504,0.256519922430789,0.3582800773528247,0.38039519352350265,0.29431260525563463,0.3686896576210342,0.0,0.0,0.28428836180004985
0.3218015129661816,0.33563265545545656,0.4273069900055194,0.2796044663880351,0.31387205019248976,0.38577198018252185,0.3499677350469457,0.33946084437944896,0.4094747973265019,0.28486608437556127,0.38540470525136694,0.2901785785351522,0.33146398191986726,0.0,0.3703192010363294,0.34907297351176114,0.29479303546172425,0.3515650776465199,0.41199296400380797,0.3664935164463755,0.3473163763395687,0.36734028095909343,0.4037303887082513,0.26596474298528894,0.3239448810515046,0.33848744508526984,0.394560264068709,0.3259500663860759,0.3562459002355739,0.3483909492367768,0.24235449640005027,0.32902443217775346,0.23033946947284337,0.0,0.24358207566537163,0.37985118986049765,0.29513367324996753,0.23647890528628876,0.2885042097867539,0.25629253741091906,0.29211307655190516,0.2521179805541079,0.0,0.0,0.27004134356542153,0.36327568330659626,0.38722180890261293,0.0,0.0,0.0,0.4612960207237183,0.0,0.41846186051734324,0.0,0.32598415313289963,0.0,0.31749027278234926,0.0,0.0,0.41630891382972074,0.36887193641399774,0.0,0.37181597080584694,0.0,0.35191110664899,0.399796185686303,0.4057929743422418,0.40985402248081715,0.29978016796308804,0.3744715640712456,0.399664878252279,0.38601960308299643,0.0,0.41251926633660174,0.0,0.0
0.3779456956660028,0.37352155663595904,0.4361393370977364,0.2762609503408248,0.22363422496328883,0.36182812096819833,0.22743804782612634,0.39167229117305186,0.41234407682848295,0.28441724248903705,0.3420663181289656,0.3189480261945029,0.28826993956668356,0.0,0.4149795160407101,0.38578721840463076,0.30317173902755956,0.3828186162238279,0.0,0.4214835821492793,0.42068353385572105,0.4230927625523489,0.432421212588811,0.266676599469856,0.35867396374655397,0.391496020392779,0.4159236355734888,0.3170099993126101,0.39870286544158207,0.42419805889010803,0.22338370304651228,0.34732641945332515,0.33219041111237896,0.24358207566537163,0.0,0.3693142247087671,0.3313881460575274,0.28013989140242496,0.32040826324482463,0.23686484803778737,0.2973077655537789,0.37093758226367507,0.0,0.0,0.24278144729821985,0.0,0.3648209608244691,0.0,0.0,0.0,0.5245386176842166,0.0,0.0,0.0,0.0,0.0,0.0,0.0,0.0,0.43419184498454877,0.41391366997573653,0.0,0.0,0.0,0.4377502398072764,0.0,0.4276218590699905,0.44983243093072517,0.0,0.0,0.41897465820263446,0.438494702055704,0.0,0.5072207588060428,0.0,0.0
0.0,0.0,0.38130120129450473,0.17069065096432406,0.18420812873941705,0.38409949717023123,0.2366129421043133,0.23818402558838148,0.3874381251336758,0.25162283695372134,0.2253911974423753,0.33670275556968693,0.2600897044043268,0.19735015796410738,0.4269608036752496,0.6031344140582583,0.34693189067083263,0.3460517875237976,0.32916404368316005,0.49370278286348906,0.0,0.4820276483799938,0.3393697071975135,0.3548709863542807,0.38923807163389257,0.46141308583310514,0.4236703613557231,0.24950906920479637,0.4494982335868521,0.0,0.32991830826792323,0.2822959441663048,0.38473668650277904,0.37985118986049765,0.3693142247087671,0.0,0.19201686291693817,0.2512807395015438,0.2952651615568087,0.0,0.29280304013436453,0.2916942290687194,0.27294219233711997,0.26025134820292106,0.0,0.0,0.0,0.46118314239128677,0.0,0.0,0.44592825607779746,0.0,0.4432685050816427,0.45649264394601186,0.0,0.0,0.0,0.0,0.0,0.0,0.0,0.0,0.0,0.0,0.0,0.0,0.0,0.43396472578608636,0.0,0.0,0.0,0.4381559024590071,0.0,0.0,0.0,0.0
0.0,0.0,0.4318479958177695,0.150007384292734,0.20959801035667983,0.39364849430563525,0.2266852736694111,0.2912755846785904,0.40665003104650976,0.23335080123200577,0.2876825284030129,0.2826366770103609,0.24057815208048963,0.16469192906992688,0.0,0.0,0.0,0.0,0.0,0.44488451832636344,0.0,0.4586787890426849,0.38718248290260454,0.26142865590153863,0.0,0.0,0.4094872703351002,0.2352327864989663,0.4123295499231815,0.0,0.2957671700255585,0.3038862709229575,0.2373695718062556,0.29513367324996753,0.3313881460575274,0.19201686291693817,0.0,0.2732809390091475,0.27801696890672034,0.20669032078110022,0.2508940839022944,0.30863163962385975,0.352293601674649,0.0,0.0,0.0,0.0,0.0,0.0,0.0,0.0,0.0,0.0,0.0,0.0,0.0,0.0,0.0,0.0,0.0,0.0,0.0,0.0,0.0,0.0,0.0,0.0,0.0,0.0,0.0,0.0,0.0,0.0,0.0,0.0,0.0
0.44535698694613524,0.0,0.0,0.2825044250989283,0.36716184628627313,0.4296666251643858,0.3236137488561603,0.0,0.0,0.2849839801299943,0.0,0.2401352813280902,0.3231360900493157,0.0,0.0,0.0,0.3098267331151814,0.37946977701917206,0.0,0.5300270140279886,0.0,0.0,0.0,0.24114116596294932,0.32585713858029663,0.30316480168403265,0.44374538738649705,0.3201160159006338,0.5005697635113766,0.0,0.28994449831195285,0.2432725861912853,0.18970450689316157,0.23647890528628876,0.28013989140242496,0.2512807395015438,0.2732809390091475,0.0,0.24097434159431722,0.2301369807387451,0.23766271033035863,0.0,0.0,0.0,0.2213839594028553,0.0,0.0,0.0,0.0,0.0,0.0,0.0,0.0,0.0,0.2790934219902694,0.0,0.30697795757898705,0.0,0.0,0.0,0.0,0.0,0.0,0.0,0.0,0.0,0.0,0.0,0.27614248770000144,0.0,0.3129076708429902,0.4944686741356719,0.0,0.0,0.0,0.2762474842490497
0.37501627613259925,0.40067920817143027,0.4612842092031809,0.3211909990806747,0.0,0.41528873450076353,0.0,0.35863261610619435,0.0,0.34416802957343556,0.0,0.33401191024024357,0.45930054377279206,0.0,0.4156846651315239,0.3631022543000641,0.0,0.32523063451702905,0.0,0.42085227257300806,0.38224024152535413,0.3992080085998907,0.4551940425141245,0.3722594638649369,0.34515333926905345,0.39329279087298485,0.454238900607329,0.4075353909028479,0.42472743785507405,0.0,0.37764147855905167,0.2740306779007726,0.24482602431465392,0.2885042097867539,0.32040826324482463,0.2952651615568087,0.27801696890672034,0.24097434159431722,0.0,0.30320694681873583,0.33541292464502853,0.29605359173069506,0.2667257887238739,0.30689247458829155,0.22819342220491956,0.36176022896524945,0.36817973453043706,0.37623399839109084,0.2971167084048072,0.36215169264947605,0.3530329191572416,0.376751496007393,0.3398266177796717,0.38132571299922796,0.2692250722516377,0.2749161963494756,0.2475463315170587,0.38953743487032483,0.22224464115694348,0.38938644859963967,0.3929346157553062,0.34805440172953567,0.39716471353104116,0.3702268024023447,0.40772040258697756,0.36447921683648493,0.39002165432149877,0.35707611223575786,0.25419663146155397,0.3842434411860231,0.37804641154382107,0.37591755882042266,0.3635838020148282,0.3844285800120846,0.3483903976194037,0.3537303456199404
0.35864636688057755,0.3963480106087138,0.0,0.0,0.0,0.0,0.0,0.0,0.0,0.36251889538125576,0.0,0.38867659849051556,0.0,0.0,0.3690533651651391,0.38436129934441454,0.3583971352579447,0.35357383981717283,0.0,0.0,0.3919722007129644,0.40229314326577825,0.41220191275370616,0.3454487275699182,0.36162548068310535,0.37555001908710706,0.4757079261712801,0.0,0.0,0.0,0.238809747001856,0.2546316424645324,0.23650784890443977,0.25629253741091906,0.23686484803778737,0.0,0.20669032078110022,0.2301369807387451,0.30320694681873583,0.0,0.24837544286943217,0.32479806217683455,0.3742694159282788,0.2687845434391386,0.18277313997266578,0.29916967927528415,0.3193545171178446,0.0,0.0,0.0,0.33020134839745496,0.32098412972326457,0.0,0.0,0.2501590800442163,0.0,0.24010263860459682,0.34889689982531646,0.0,0.3474541516792377,0.33442456712911156,0.28899773518227134,0.32564198542924405,0.0,0.3507034642706895,0.30929360511427667,0.34321906386852885,0.302816643727266,0.23121367009807844,0.305378341052001,0.31996669704368474,0.3348804374736052,0.31533534450791806,0.2934517769655046,0.0,0.27271907503617665
0.3572839844105153,0.3692050596203681,0.0,0.0,0.0,0.4634514014508209,0.0,0.0,0.0,0.32996527970821565,0.0,0.3543848020522228,0.0,0.0,0.43798672225778396,0.3940807808357688,0.0,0.3484863962457028,0.0,0.45072675775473925,0.43177176363707565,0.41303595483406413,0.4526362162313966,0.34714843028690634,0.35074196756387777,0.3983678352954428,0.4719634017381374,0.0,0.46585457222368487,0.0,0.3428208358459235,0.29544800789076725,0.24919213207519178,0.29211307655190516,0.2973077655537789,0.29280304013436453,0.2508940839022944,0.23766271033035863,0.33541292464502853,0.24837544286943217,0.0,0.3073146026011597,0.393880616082965,0.32515471041131105,0.21282503335746936,0.29377737484234434,0.3361671211012584,0.3907165118054813,0.3289053750976593,0.3510603269035106,0.386562516988956,0.3271674388386554,0.3812049008299606,0.41044825136351193,0.30163551843067044,0.41905124189190185,0.25990227642721914,0.3421817635568615,0.21326086341925593,0.3945742106371466,0.33464097151086536,0.30841275431040627,0.3458699925493715,0.3842004388393334,0.39802760705169765,0.369740305321072,0.3738747913373265,0.3822430482175397,0.2308158468724855,0.3242277074757936,0.34061911390342237,0.3884957275404667,0.3300251061830584,0.36829055514156966,0.28588044660479145,0.24381749609354866
