0.0,0.3651297884984313,0.0,0.0,0.0,0.453996953436938,0.0,0.4914340142720962,0.0,0.0,0.0,0.0,0.0,0.4909498969254533,0.38622662110302025,0.3185091077843984,0.0,0.28089987062681565,0.0,0.4252943037186944,0.39306145913840007,0.3447138922638139,0.44721601567689656,0.2559090434986547,0.2812613050768703,0.24467055255041478,0.4404974175756226,0.4880201830458799,0.45437427135593134,0.0,0.30836168925712715,0.37210938295888196,0.25724969150053784,0.3356061494582312,0.38256656953347407,0.0,0.0,0.0,0.3610121794178963,0.33341905957020507,0.34570456734080474,0.0,0.0,0.0,0.0,0.22333451356759282,0.3843373753523471,0.0,0.0,0.0,0.0,0.0,0.0,0.0,0.0,0.0,0.0,0.0,0.0,0.0,0.3800035561192633,0.0,0.3026366839668449,0.0,0.0,0.22928064691772254,0.35332862022564837,0.0,0.0,0.32569153986334765,0.42876232990384155,0.0,0.0,0.0,0.0,0.3573786480985516
0.3651297884984313,0.0,0.0,0.0,0.41970171907681586,0.39295458470452305,0.4153509793097519,0.4642297938553557,0.39270884208785356,0.0,0.0,0.0,0.4075888187716304,0.0,0.39167962704268355,0.35006440505651043,0.0,0.3312138003182716,0.0,0.416108665153503,0.3899157665137908,0.37663916306348794,0.4145610669720284,0.41544798875861394,0.34285909219695276,0.35662146903860514,0.42819217796205106,0.41177009020286576,0.40654179771585536,0.0,0.3192167443259841,0.376150265176448,0.30169700280330164,0.35276855620271974,0.4199136996922227,0.0,0.0,0.0,0.4167990215143232,0.4065468261580767,0.3669305345186534,0.4244605801030816,0.0,0.0,0.0,0.4015516317855478,0.3772085226332015,0.0,0.0,0.0,0.0,0.0,0.0,0.0,0.0,0.0,0.0,0.0,0.0,0.45824693381960446,0.40373962272036773,0.0,0.4114986476118709,0.0,0.4305234892615276,0.43901953727823073,0.39792489309775697,0.4751472749172879,0.0,0.41829357289633495,0.43898298666123403,0.0,0.0,0.4306194463350963,0.0,0.39457896441701207
0.0,0.0,0.0,0.46632472085823207,0.39311558926559326,0.39180103894693286,0.4295121280021868,0.47641984360809364,0.31224430245461754,0.0,0.33381103925786404,0.0,0.4338738056012312,0.48822348225582224,0.0,0.0,0.0,0.0,0.31039758579203325,0.0,0.0,0.4360208166611856,0.3556316610001369,0.0,0.4936601614199793,0.5205913323825967,0.3377096505902303,0.4477680799602005,0.3972426735100336,0.46909852890863313,0.4671920252178976,0.43211199880120643,0.0,0.4666310803786619,0.0,0.42661165100978576,0.45337569265395006,0.0,0.5393083532566373,0.0,0.6179519510452673,0.0,0.47761081039050723,0.0,0.0,0.0,0.0,0.3882604018245186,0.0,0.5581996272844366,0.5442899468327255,0.5830779537483737,0.5458679996615599,0.5060045984629657,0.0,0.41654968956147015,0.0,0.5707748954264174,0.506583708226116,0.0,0.0,0.0,0.0,0.42167551265870373,0.0,0.0,0.0,0.5889162691686294,0.0,0.0,0.0,0.5773624836993523,0.6057322929997275,0.0,0.0,0.0
0.0,0.0,0.46632472085823207,0.0,0.282153552323992,0.4239125120876567,0.24820486728740643,0.3984702909583401,0.0,0.32014916715306685,0.4074222978142403,0.0,0.29669212088737784,0.24978691883913168,0.0,0.0,0.0,0.0,0.4231522446227266,0.4397781314795406,0.0,0.3966997518570366,0.4109756817731792,0.26531246899255584,0.0,0.0,0.4192205652168607,0.2004358883238909,0.4553195247716916,0.0,0.3391311408539177,0.31787744915659866,0.0,0.36462249017482573,0.21608007669111617,0.18660238844074806,0.17795119392424852,0.2919060227721657,0.0,0.0,0.0,0.0,0.0,0.0,0.0,0.0,0.0,0.0,0.0,0.0,0.0,0.0,0.0,0.0,0.0,0.0,0.0,0.0,0.0,0.0,0.0,0.0,0.0,0.0,0.0,0.0,0.0,0.0,0.0,0.0,0.0,0.0,0.0,0.0,0.0,0.0
0.0,0.41970171907681586,0.39311558926559326,0.282153552323992,0.0,0.38743108752510885,0.32708193136690744,0.4339248553152035,0.3448044910365266,0.41975165679939763,0.35351079441425853,0.41404360017516456,0.377489705118349,0.2813296595647105,0.0,0.0,0.0,0.0,0.39116204083499634,0.4052185904391425,0.0,0.4060182721729344,0.40373927281603456,0.4134791028615321,0.4180963554246552,0.4352604536652178,0.388695286421283,0.4083795319427943,0.4288440074282518,0.0,0.46956556536407107,0.3811677239133335,0.43518318824397223,0.4587360110602429,0.0,0.18807887078435537,0.2614530934705938,0.4121980057612721,0.0,0.0,0.0,0.0,0.3661034482627628,0.0,0.0,0.0,0.0,0.5544415618127356,0.0,0.0,0.5608480361876487,0.0,0.5205327176900045,0.5976075449989764,0.0,0.4995255596247091,0.0,0.0,0.5076081009060505,0.0,0.0,0.0,0.0,0.5552770537684603,0.0,0.0,0.0,0.5329315218347916,0.0,0.0,0.0,0.5572375432686413,0.0,0.0,0.0,0.0
0.453996953436938,0.39295458470452305,0.39180103894693286,0.4239125120876567,0.38743108752510885,0.0,0.41768976749259196,0.4354520215186396,0.3354549167868221,0.4448793025096894,0.39045914423956674,0.0,0.3963630863820061,0.49178153220462767,0.42197782762064784,0.3970330104770176,0.0,0.3860230765183634,0.39786264690771245,0.38879700828674163,0.4137403467618395,0.4056778167544625,0.4004663923747922,0.541885410139721,0.37386232974571,0.39844745435011186,0.3861525088074978,0.3931655808495143,0.32899074572111997,0.44558718721905416,0.439204955630762,0.42842204798318034,0.3873499732295059,0.44825994923272705,0.40873379194238263,0.44034049471967274,0.43910908697669615,0.466677671098334,0.49448113846955155,0.0,0.5047004852539532,0.0,0.49192175586828774,0.0,0.0,0.0,0.0,0.5438389931146127,0.0,0.5752329317455008,0.5091954972311963,0.5384477588014176,0.4932175414785035,0.5441675329345089,0.0,0.5378763485290499,0.0,0.5242156836395472,0.0,0.4733905798024901,0.0,0.0,0.0,0.5431317750881933,0.48552824888711765,0.46940478156429144,0.0,0.5123860392601145,0.0,0.0,0.4828999151445504,0.5024721906331132,0.5063392851935745,0.47908110546708954,0.5227430525457047,0.510775872265827
0.0,0.4153509793097519,0.4295121280021868,0.24820486728740643,0.32708193136690744,0.41768976749259196,0.0,0.4528984324394738,0.37146137578907096,0.37447651850310343,0.44144248033038597,0.0,0.3361743936636635,0.33414485886788625,0.0,0.44080930229072957,0.0,0.0,0.4371604987733952,0.41776727133259983,0.47899449700590496,0.4383527277437048,0.41924891421610333,0.0,0.412840679444692,0.4121088094339855,0.4148582780198464,0.38213434602737206,0.43141438644152336,0.0,0.40999239775622554,0.3770091991344587,0.4273556938453483,0.41409836726188837,0.5180824071554732,0.2892228862100489,0.21959820501195337,0.3529552727763705,0.0,0.0,0.0,0.0,0.0,0.0,0.0,0.0,0.0,0.5847416440033268,0.0,0.7704523584151408,0.5459673710236951,0.6452369049215883,0.0,0.6209010643843248,0.0,0.6180872372997888,0.0,0.0,0.0,0.0,0.0,0.0,0.0,0.6417065542069404,0.0,0.0,0.0,0.5287611651991738,0.0,0.0,0.0,0.5303104248859029,0.0,0.5677104590352167,0.0,0.0
0.4914340142720962,0.4642297938553557,0.47641984360809364,0.3984702909583401,0.4339248553152035,0.4354520215186396,0.4528984324394738,0.0,0.4959331206648858,0.43639925916410405,0.39103709437310646,0.0,0.4526356728778712,0.3832597020408058,0.0,0.4568159397269989,0.0,0.0,0.48302940967092134,0.40779612386871955,0.4234902697751769,0.437251028937912,0.3834129916617525,0.46011709752391833,0.36791408462526376,0.4375014350700456,0.43841081473889915,0.4517323418600937,0.4048052492407105,0.4525085784501084,0.48331932986852943,0.45032273601173395,0.43898491827959063,0.5179991776734288,0.5240847710296394,0.28268560099237783,0.46183831826141475,0.0,0.5065395973765036,0.0,0.4995678661001924,0.0,0.295732853502712,0.0,0.0,0.0,0.0,0.5279321648966591,0.0,0.4695861427376811,0.4702212015065568,0.5003581882566441,0.3766809538341546,0.5133065915183557,0.0,0.4420862641079303,0.0,0.4801766146596397,0.3504478791328592,0.0,0.0,0.0,0.0,0.5169337847915669,0.0,0.48875872424654865,0.0,0.4885946976713932,0.0,0.0,0.0,0.4875559687284796,0.480880208524324,0.45464957088360175,0.0,0.5159699851583814
0.0,0.39270884208785356,0.31224430245461754,0.0,0.3448044910365266,0.3354549167868221,0.37146137578907096,0.4959331206648858,0.0,0.45332212858910004,0.3248576883620132,0.0,0.38614562627626986,0.4984178483633755,0.0,0.0,0.0,0.0,0.27789490862545574,0.0,0.0,0.3971976540078421,0.3959389908923048,0.5088799648043795,0.39340840285411116,0.42715868928204204,0.37849181686404676,0.43691749818071807,0.39790588637582813,0.4652111766531698,0.4648642987653384,0.427909210886515,0.44504017453128875,0.45587302896428944,0.0,0.4258355204872328,0.42969286759971786,0.45301769338781206,0.0,0.0,0.0,0.0,0.46413280107951116,0.0,0.0,0.0,0.0,0.5614051594413636,0.0,0.5940386934008666,0.5356241933547038,0.5921060649034422,0.5190296273850943,0.5710447065258394,0.0,0.5356494814796499,0.0,0.0,0.0,0.0,0.0,0.0,0.0,0.5682506003438145,0.0,0.0,0.0,0.5767720702222211,0.0,0.0,0.0,0.5633084867055522,0.0,0.5162862506861772,0.0,0.0
0.0,0.0,0.0,0.32014916715306685,0.41975165679939763,0.4448793025096894,0.37447651850310343,0.43639925916410405,0.45332212858910004,0.0,0.4432001983565893,0.19425098014553988,0.3673300971167787,0.37418543455351605,0.0,0.0,0.2148651097803844,0.0,0.45759102883478364,0.0,0.0,0.0,0.0,0.23690140989469444,0.14800945297645687,0.16556482762462926,0.0,0.33841756998616046,0.0,0.0,0.22539023093084387,0.3645686106917431,0.1982809448651346,0.2324996441413274,0.2387017088760082,0.33565466447795345,0.19533847565349627,0.18054362142693453,0.0,0.3160124387824461,0.3085293668368287,0.0,0.0,0.0,0.3038178926674868,0.0,0.0,0.0,0.0,0.0,0.0,0.0,0.0,0.0,0.3603969198629139,0.0,0.3590140608407081,0.0,0.0,0.0,0.0,0.0,0.0,0.0,0.0,0.0,0.0,0.0,0.0,0.0,0.0,0.0,0.0,0.0,0.0,0.26963021168071377
0.0,0.0,0.33381103925786404,0.4074222978142403,0.35351079441425853,0.39045914423956674,0.44144248033038597,0.39103709437310646,0.3248576883620132,0.4432001983565893,0.0,0.4367275404726631,0.44237863698002367,0.33549390816145186,0.0,0.0,0.0,0.0,0.2965991428771262,0.0,0.0,0.0,0.3299409535617583,0.4311777386720525,0.5070077881415295,0.0,0.3930535774889565,0.44282500536140224,0.0,0.7968099971957344,0.4955261078911878,0.42765342976352505,0.47881954167003704,0.4603213885599507,0.3727573061539135,0.3133533744757882,0.4238856361266916,0.436416039270207,0.4476058654479592,0.0,0.0,0.0,0.41811439229489517,0.0,0.0,0.0,0.0,0.510383249687908,0.0,0.4682403363906803,0.5413487104086027,0.529891930974045,0.4601397941019513,0.515548867074101,0.0,0.406069142372681,0.0,0.0,0.43415932516077876,0.0,0.0,0.0,0.0,0.43491059811272564,0.0,0.0,0.0,0.5386010976273571,0.0,0.0,0.0,0.556539343551576,0.0,0.0,0.0,0.0
0.0,0.0,0.0,0.0,0.41404360017516456,0.0,0.0,0.0,0.0,0.19425098014553988,0.4367275404726631,0.0,0.37286351252060745,0.0,0.0,0.0,0.2503131202059222,0.24076433810439513,0.4986141698310994,0.0,0.0,0.0,0.0,0.2176382406579217,0.0,0.15027606272405847,0.0,0.3314994399446639,0.0,0.0,0.2588642569392569,0.0,0.1837626411358595,0.20348176537930154,0.0,0.28213400491935764,0.26131480552168296,0.17425538567864307,0.25774780996989394,0.0,0.0,0.30861926869902984,0.28272351240570787,0.298397333248099,0.0,0.0,0.0,0.0,0.0,0.0,0.0,0.0,0.0,0.0,0.3452827349296481,0.0,0.3248219593499395,0.0,0.0,0.0,0.0,0.0,0.0,0.0,0.0,0.0,0.0,0.0,0.0,0.0,0.0,0.0,0.306234563329829,0.0,0.0,0.0
0.0,0.4075888187716304,0.4338738056012312,0.29669212088737784,0.377489705118349,0.3963630863820061,0.3361743936636635,0.4526356728778712,0.38614562627626986,0.3673300971167787,0.44237863698002367,0.37286351252060745,0.0,0.3350515897503453,0.4020356264768743,0.43238579430568796,0.0,0.4038131459612728,0.4372186659414405,0.41458382580103,0.44610905159746334,0.43790558107961997,0.4245886346409597,0.36567200379317266,0.390002039041139,0.4048640935107382,0.4226378582572116,0.35168946330472844,0.4058165285205529,0.38156323664770586,0.4089202151881168,0.3995108072415263,0.4126648087494709,0.41867008246473686,0.46463932256417606,0.35805107401131714,0.3615216175253413,0.3635954420855321,0.48689126501336655,0.0,0.0,0.0,0.0,0.0,0.0,0.0,0.0,0.5723816284174484,0.0,0.0,0.5230920601084773,0.6102903327046332,0.0,0.6058858057118303,0.0,0.0,0.0,0.0,0.0,0.0,0.0,0.0,0.0,0.6144851414503707,0.5526473842499637,0.0,0.0,0.5068998111416927,0.0,0.0,0.0,0.5018768692141429,0.5426757783522146,0.5013018535605461,0.0,0.0
0.4909498969254533,0.0,0.48822348225582224,0.24978691883913168,0.2813296595647105,0.49178153220462767,0.33414485886788625,0.3832597020408058,0.4984178483633755,0.37418543455351605,0.33549390816145186,0.0,0.3350515897503453,0.0,0.0,0.0,0.0,0.0,0.4330387676504185,0.0,0.46740296547822485,0.0,0.4423634072429443,0.0,0.0,0.0,0.49831583737549057,0.36129929311757886,0.0,0.0,0.3907862626437339,0.26178026283985933,0.0,0.3812330489129775,0.0,0.1942389827755636,0.16182538920605063,0.435497794172273,0.0,0.0,0.0,0.0,0.3392670657877778,0.0,0.0,0.0,0.0,0.5332318473261526,0.0,0.0,0.0,0.0,0.39855170399024564,0.5105879675057097,0.0,0.44143188159582036,0.0,0.0,0.0,0.0,0.0,0.0,0.0,0.0,0.0,0.0,0.0,0.4975711945718534,0.0,0.0,0.0,0.0,0.0,0.0,0.0,0.0
0.38622662110302025,0.39167962704268355,0.0,0.0,0.0,0.42197782762064784,0.0,0.0,0.0,0.0,0.0,0.0,0.4020356264768743,0.0,0.0,0.3788444093037097,0.0,0.0,0.0,0.28221917712589023,0.38208567835400953,0.2845408992247185,0.30371879121421164,0.43225879117535015,0.37155287856331276,0.3689540897297944,0.3445051514428894,0.38991883543172356,0.36013769635974546,0.0,0.3980957310763938,0.4367261457647106,0.386585242504381,0.444643967816561,0.47912036561645366,0.4699086946752027,0.44658262676157756,0.0,0.4650548664552846,0.4364247882575042,0.47536931485904493,0.4980435338878947,0.53522768152637,0.0,0.0,0.0,0.46121898938941486,0.0,0.0,0.0,0.0,0.0,0.0,0.0,0.0,0.0,0.0,0.0,0.0,0.4637745681429029,0.4758827861592117,0.0,0.0,0.0,0.4343693185150624,0.453357304331645,0.4587980083595058,0.4605586954175654,0.0,0.0,0.4970966103693318,0.46506163949296636,0.5079727971605382,0.4509487535395114,0.0,0.47150554495028885
0.3185091077843984,0.35006440505651043,0.0,0.0,0.0,0.3970330104770176,0.44080930229072957,0.4568159397269989,0.0,0.0,0.0,0.0,0.43238579430568796,0.0,0.3788444093037097,0.0,0.0,0.2846627135199626,0.0,0.36925462997915715,0.35170715423645615,0.3526639704926498,0.38893605987862656,0.2979009738681119,0.3299339370238163,0.34850908842131667,0.4088388496654486,0.42727280596346817,0.40663422982219344,0.4052721793980802,0.31933067999594833,0.366886306360179,0.3435908769924103,0.3809856903957857,0.4024159803281878,0.0,0.0,0.0,0.38190165683847205,0.39169892380739535,0.37853411347413946,0.41158276482546113,0.0,0.0,0.0,0.34708192803518806,0.4054836577432937,0.0,0.0,0.0,0.0,0.0,0.0,0.0,0.0,0.0,0.0,0.0,0.0,0.0,0.3902736114889054,0.0,0.3547107439016489,0.0,0.0,0.0,0.40767451882150213,0.0,0.0,0.39149241218537123,0.415285851828588,0.0,0.0,0.0,0.0,0.3795400077915365
0.0,0.0,0.0,0.0,0.0,0.0,0.0,0.0,0.0,0.2148651097803844,0.0,0.2503131202059222,0.0,0.0,0.0,0.0,0.0,0.18704943858689607,0.0,0.0,0.0,0.0,0.0,0.2524630698233674,0.236215254813877,0.0,0.0,0.3565903736006454,0.0,0.0,0.26294583868414423,0.0,0.21391835297410186,0.25656214529705984,0.0,0.0,0.0,0.0,0.0,0.0,0.0,0.0,0.0,0.0,0.0,0.0,0.0,0.0,0.0,0.0,0.0,0.0,0.0,0.0,0.3575473488564155,0.0,0.0,0.0,0.0,0.0,0.0,0.0,0.0,0.0,0.0,0.0,0.0,0.0,0.0,0.2930549319570475,0.34464581675657835,0.0,0.0,0.0,0.0,0.0
0.28089987062681565,0.3312138003182716,0.0,0.0,0.0,0.3860230765183634,0.0,0.0,0.0,0.0,0.0,0.24076433810439513,0.4038131459612728,0.0,0.0,0.2846627135199626,0.18704943858689607,0.0,0.0,0.3559504657612638,0.3895335038589704,0.3544921286078781,0.0,0.24582819898136432,0.26789487618290725,0.27376717425770397,0.3875595801527967,0.3900270547400677,0.3773599241667418,0.0,0.29255577706517255,0.0,0.26907950472830033,0.2803472416102338,0.0,0.0,0.0,0.0,0.32724016819739277,0.33053439264671186,0.30614199051613467,0.3687875656786881,0.0,0.0,0.0,0.3083633665034404,0.3774772666305148,0.0,0.0,0.0,0.0,0.0,0.0,0.0,0.299565908430689,0.0,0.3541936800475295,0.0,0.0,0.0,0.36515842070327054,0.21995985356828127,0.35040418385053695,0.0,0.0,0.0,0.38977575191589536,0.0,0.3525977964163002,0.34498854265928475,0.32805823758855407,0.0,0.0,0.0,0.0,0.3405630036804753
0.0,0.0,0.31039758579203325,0.4231522446227266,0.39116204083499634,0.39786264690771245,0.4371604987733952,0.48302940967092134,0.27789490862545574,0.45759102883478364,0.2965991428771262,0.4986141698310994,0.4372186659414405,0.4330387676504185,0.0,0.0,0.0,0.0,0.0,0.0,0.0,0.0,0.35532324567566503,0.5583761939173473,0.0,0.0,0.3757452908667233,0.44752540866260293,0.0,0.0,0.47621899694350595,0.42694842281405077,0.507818689156123,0.463201749970929,0.39445356288214956,0.3853834041333977,0.44125356220700607,0.46864504440866217,0.0,0.0,0.0,0.0,0.43965882318581734,0.0,0.0,0.0,0.0,0.46415100243653734,0.0,0.5562180070783597,0.5551594178370406,0.5955663152473882,0.5257883753845066,0.5645414527415537,0.0,0.44982003307517154,0.0,0.614632943919603,0.44782679516815266,0.0,0.0,0.0,0.0,0.5029233988299634,0.0,0.0,0.0,0.5748766403468839,0.0,0.0,0.0,0.5709942333529809,0.0,0.0,0.0,0.0
0.4252943037186944,0.416108665153503,0.0,0.4397781314795406,0.4052185904391425,0.38879700828674163,0.41776727133259983,0.40779612386871955,0.0,0.0,0.0,0.0,0.41458382580103,0.0,0.28221917712589023,0.36925462997915715,0.0,0.3559504657612638,0.0,0.0,0.3961385260912286,0.3396667232882945,0.2660093205824598,0.5368698364384692,0.38545087873630907,0.4059159627896571,0.3094028695110671,0.3803179141652416,0.3345788867628025,0.35627141946705587,0.37340813098818865,0.43055008082988455,0.3681546505431272,0.42008716393571155,0.461577854024152,0.49210971385271157,0.44560615709557005,0.0,0.4535914441066558,0.450649947164271,0.47930895210056107,0.48675892805319043,0.6085700242286429,0.0,0.0,0.0,0.4297961236839088,0.0,0.0,0.0,0.0,0.0,0.0,0.0,0.0,0.0,0.0,0.0,0.0,0.45658446276912784,0.4828387586232954,0.0,0.0,0.0,0.4366417424084489,0.4458281236019649,0.4405860013239845,0.47033009668444575,0.0,0.5196636487394839,0.45699939233591347,0.4652933922911825,0.501810916654435,0.4657783618267621,0.0,0.4702513520386843
0.39306145913840007,0.3899157665137908,0.0,0.0,0.0,0.4137403467618395,0.47899449700590496,0.4234902697751769,0.0,0.0,0.0,0.0,0.44610905159746334,0.46740296547822485,0.38208567835400953,0.35170715423645615,0.0,0.3895335038589704,0.0,0.3961385260912286,0.0,0.40151045516350387,0.39431418546368113,0.4158827158070636,0.40891448610682446,0.3700473651470522,0.40560550130665834,0.438647999218314,0.4059806955036104,0.4498699349617762,0.4131981185121095,0.44016803617408834,0.295209494555106,0.44452239556521234,0.44953432144354055,0.5168726115774795,0.0,0.0,0.4380141763854348,0.4112523100711142,0.4743127765928278,0.4963694237647168,0.0,0.0,0.0,0.24740192564019814,0.4415649464494503,0.0,0.0,0.0,0.0,0.0,0.31684474381183186,0.0,0.0,0.0,0.0,0.0,0.0,0.44641338046074475,0.44179299655303195,0.0,0.0,0.0,0.43307761535783446,0.341976738123174,0.44603915476258876,0.4454308176111395,0.0,0.0,0.47605181919043144,0.45743395232572215,0.46305436254641524,0.4127644965930266,0.500286694547672,0.47415614209803436
0.3447138922638139,0.37663916306348794,0.4360208166611856,0.3966997518570366,0.4060182721729344,0.4056778167544625,0.4383527277437048,0.437251028937912,0.3971976540078421,0.0,0.0,0.0,0.43790558107961997,0.0,0.2845408992247185,0.3526639704926498,0.0,0.3544921286078781,0.0,0.3396667232882945,0.40151045516350387,0.0,0.3526702530348612,0.3841926440102117,0.3739566982207823,0.36345655593188214,0.42141703421293086,0.4116592662522213,0.38322923432129663,0.38840372884171454,0.37929776994792297,0.4326681994077081,0.36267886958561885,0.4196100250210166,0.4538971775478789,0.5065987279409696,0.45675340099049266,0.0,0.44495975744481153,0.4275487502648285,0.4547132971529017,0.4761682244458256,0.5564499844235691,0.0,0.0,0.410758629318492,0.40870206076414817,0.0,0.0,0.0,0.0,0.0,0.0,0.0,0.0,0.0,0.0,0.0,0.0,0.47476155210618587,0.41428615438952326,0.0,0.4293310514846931,0.0,0.4408500536223172,0.45528607940496224,0.4462076766597885,0.4654516897949502,0.0,0.4088627442200774,0.4560626985740969,0.4576030405544011,0.0,0.44891174779368326,0.0,0.4486368232623947
0.44721601567689656,0.4145610669720284,0.3556316610001369,0.4109756817731792,0.40373927281603456,0.4004663923747922,0.41924891421610333,0.3834129916617525,0.3959389908923048,0.0,0.3299409535617583,0.0,0.4245886346409597,0.4423634072429443,0.30371879121421164,0.38893605987862656,0.0,0.0,0.35532324567566503,0.2660093205824598,0.39431418546368113,0.3526702530348612,0.0,0.4561681752984079,0.373666071074067,0.41346166456525474,0.33272580426746734,0.42685874221247394,0.38994416395680964,0.4258567279852121,0.43587681354161784,0.42919245842305903,0.39797504761124297,0.46445149946208975,0.0,0.4506090929291644,0.45314329192723984,0.0,0.5000333772226501,0.411028746351792,0.5221800348696958,0.5223134923556586,0.4647291998924403,0.0,0.0,0.0,0.0,0.3469533542686594,0.0,0.5527269420756816,0.5109127198230975,0.5267683834272959,0.48637036810827716,0.5456255484767117,0.0,0.49024066936474064,0.0,0.5139901459092092,0.40677267215295654,0.460590093087445,0.0,0.0,0.0,0.3654755848350514,0.47099768219802435,0.45796522746545787,0.4600350017069356,0.5187831956107856,0.0,0.0,0.47351298026418726,0.5133438374563158,0.5095503090403968,0.4861038902576778,0.505768208631779,0.5081366350082247
0.2559090434986547,0.41544798875861394,0.0,0.26531246899255584,0.4134791028615321,0.541885410139721,0.0,0.46011709752391833,0.5088799648043795,0.23690140989469444,0.4311777386720525,0.2176382406579217,0.36567200379317266,0.0,0.43225879117535015,0.2979009738681119,0.2524630698233674,0.24582819898136432,0.5583761939173473,0.5368698364384692,0.4158827158070636,0.3841926440102117,0.4561681752984079,0.0,0.20566344170214054,0.22372568538152562,0.4914115560810296,0.31245916919691114,0.5415032800976027,0.0,0.22510366479918542,0.3706609256540722,0.19857006831035956,0.26151671745037025,0.34546848077494374,0.0,0.0,0.19969975265211112,0.0,0.18948185260167474,0.0,0.0,0.0,0.0,0.17867391687252177,0.0,0.0,0.0,0.0,0.0,0.0,0.0,0.0,0.0,0.3314269503860456,0.0,0.3186374277507237,0.0,0.0,0.0,0.0,0.0,0.34583854354272237,0.0,0.0,0.0,0.0,0.0,0.28184278085612474,0.34398459851536556,0.3331528922458738,0.0,0.0,0.0,0.0,0.0
0.2812613050768703,0.34285909219695276,0.4936601614199793,0.0,0.4180963554246552,0.37386232974571,0.412840679444692,0.36791408462526376,0.39340840285411116,0.14800945297645687,0.5070077881415295,0.0,0.390002039041139,0.0,0.37155287856331276,0.3299339370238163,0.236215254813877,0.26789487618290725,0.0,0.38545087873630907,0.40891448610682446,0.3739566982207823,0.373666071074067,0.20566344170214054,0.0,0.28845299523060747,0.41194625981225963,0.38024413900448883,0.3872063001918312,0.0,0.26030351726087614,0.3376111099459642,0.21574896503619326,0.2560990692566313,0.3190215882283868,0.0,0.0,0.2436957284160982,0.3821288748114514,0.3585239879286768,0.3448492745994339,0.3870235306467167,0.0,0.0,0.0,0.3757664309918657,0.3671869786770843,0.0,0.0,0.0,0.0,0.0,0.0,0.0,0.3311935203092692,0.0,0.36148732151882157,0.0,0.0,0.0,0.37993368492041774,0.3270786826521357,0.3640854662407475,0.0,0.4480971779538462,0.0,0.39748984838515494,0.0,0.3649035903030316,0.3645371160665077,0.3652171702749246,0.0,0.4404590770326373,0.0,0.0,0.36165302112123127
0.24467055255041478,0.35662146903860514,0.5205913323825967,0.0,0.4352604536652178,0.39844745435011186,0.4121088094339855,0.4375014350700456,0.42715868928204204,0.16556482762462926,0.0,0.15027606272405847,0.4048640935107382,0.0,0.3689540897297944,0.34850908842131667,0.0,0.27376717425770397,0.0,0.4059159627896571,0.3700473651470522,0.36345655593188214,0.41346166456525474,0.22372568538152562,0.28845299523060747,0.0,0.4248987673326632,0.40755151553441277,0.401528796307641,0.0,0.3313743135117536,0.3909149961120631,0.3207432821213306,0.3673063578814267,0.419110868900377,0.5013414429785875,0.0,0.0,0.42632741560278176,0.4211593872167889,0.43574519711081977,0.4549943062249534,0.0,0.0,0.0,0.396220749804602,0.4137858845391217,0.0,0.0,0.0,0.0,0.0,0.0,0.0,0.0,0.0,0.0,0.0,0.0,0.4945686811877801,0.42100383405338726,0.3668573688928606,0.3588912891419943,0.0,0.46644309968214814,0.47180354532764274,0.46311180672065205,0.48192577107303536,0.38443588776063614,0.36762097387982867,0.4704516839709389,0.4789450118404257,0.0,0.4724953129152935,0.0,0.4034578583001469
0.4404974175756226,0.42819217796205106,0.3377096505902303,0.4192205652168607,0.388695286421283,0.3861525088074978,0.4148582780198464,0.43841081473889915,0.37849181686404676,0.0,0.3930535774889565,0.0,0.4226378582572116,0.49831583737549057,0.3445051514428894,0.4088388496654486,0.0,0.3875595801527967,0.3757452908667233,0.3094028695110671,0.40560550130665834,0.42141703421293086,0.33272580426746734,0.4914115560810296,0.41194625981225963,0.4248987673326632,0.0,0.4146030762900068,0.3812997540138445,0.40484077151536735,0.40408804704673223,0.4268108283904507,0.3934422352326292,0.4446312766792088,0.48463104254188977,0.4694682472034814,0.44521757725906363,0.0,0.49140897398997285,0.4474816500058426,0.517057581151339,0.5184032314643219,0.5431504427624685,0.0,0.0,0.0,0.4896896774272649,0.5734396866024803,0.0,0.5778410637525748,0.5109915272024138,0.5501087814277392,0.49259375500866087,0.5704047886644847,0.0,0.5466554982177091,0.0,0.5199432255782869,0.0,0.4591085588413003,0.0,0.0,0.0,0.5835822939629526,0.47524850571683547,0.4599433249965322,0.46282543563053313,0.5163122760494837,0.0,0.0,0.47027756119679753,0.502411307692939,0.5088986567194687,0.4877389546097069,0.5176062177930097,0.506995058422088
0.4880201830458799,0.41177009020286576,0.4477680799602005,0.2004358883238909,0.4083795319427943,0.3931655808495143,0.38213434602737206,0.4517323418600937,0.43691749818071807,0.33841756998616046,0.44282500536140224,0.3314994399446639,0.35168946330472844,0.36129929311757886,0.38991883543172356,0.42727280596346817,0.3565903736006454,0.3900270547400677,0.44752540866260293,0.3803179141652416,0.438647999218314,0.4116592662522213,0.42685874221247394,0.31245916919691114,0.38024413900448883,0.40755151553441277,0.4146030762900068,0.0,0.348899507242443,0.32827766652764157,0.38633085131864076,0.39689651893329275,0.4059145163342047,0.39204448980170065,0.0,0.25189864995460415,0.2364734919524658,0.3002295059389322,0.4997179663304082,0.0,0.5257523183861952,0.0,0.0,0.4312094381640868,0.0,0.0,0.0,0.0,0.0,0.0,0.5106454634030452,0.0,0.4867010783462186,0.0,0.0,0.0,0.0,0.591109996825816,0.0,0.0,0.0,0.0,0.0,0.0,0.49463309717004533,0.0,0.0,0.5117533929657684,0.0,0.0,0.0,0.49873865751909796,0.5177986946898712,0.4919042115122263,0.5946087246835754,0.5282811565903237
0.45437427135593134,0.40654179771585536,0.3972426735100336,0.4553195247716916,0.4288440074282518,0.32899074572111997,0.43141438644152336,0.4048052492407105,0.39790588637582813,0.0,0.0,0.0,0.4058165285205529,0.0,0.36013769635974546,0.40663422982219344,0.0,0.3773599241667418,0.0,0.3345788867628025,0.4059806955036104,0.38322923432129663,0.38994416395680964,0.5415032800976027,0.3872063001918312,0.401528796307641,0.3812997540138445,0.348899507242443,0.0,0.3760796491738068,0.36038144472756434,0.42825992202869617,0.38054834490419204,0.42892904302286927,0.43602247752593287,0.49854717076281224,0.46045222688858284,0.0,0.4816945767438542,0.47277507171399,0.5061773224765116,0.5268131088449198,0.5528478898944369,0.7301353233954261,0.0,0.0,0.45192364788090256,0.0,0.0,0.0,0.48430470518245905,0.0,0.4705104546215634,0.0,0.0,0.0,0.0,0.5338917423113154,0.0,0.4531701517714629,0.0,0.0,0.0,0.0,0.4611124289000819,0.45236020820874995,0.45083451022066745,0.48377546685731293,0.0,0.0,0.4553637697256776,0.48698860084817425,0.49987655608272363,0.4735550018684437,0.5221131412619577,0.4918265976388354
0.0,0.0,0.46909852890863313,0.0,0.0,0.44558718721905416,0.0,0.4525085784501084,0.4652111766531698,0.0,0.7968099971957344,0.0,0.38156323664770586,0.0,0.0,0.4052721793980802,0.0,0.0,0.0,0.35627141946705587,0.4498699349617762,0.38840372884171454,0.4258567279852121,0.0,0.0,0.0,0.40484077151536735,0.32827766652764157,0.3760796491738068,0.0,0.34008149023403167,0.3847405383255102,0.0,0.41449629387556064,0.0,0.0,0.0,0.0,0.4989916465779821,0.0,0.5848301428483323,0.0,0.0,0.0,0.0,0.0,0.0,0.0,0.0,0.0,0.5509843959882932,0.0,0.5951656450536611,0.0,0.0,0.0,0.0,0.0,0.0,0.0,0.0,0.0,0.0,0.0,0.0,0.0,0.0,0.5160467619613818,0.0,0.0,0.0,0.50864057257354,0.5954237332301551,0.5191291674879259,0.0,0.5980736517228405
0.30836168925712715,0.3192167443259841,0.4671920252178976,0.3391311408539177,0.46956556536407107,0.439204955630762,0.40999239775622554,0.48331932986852943,0.4648642987653384,0.22539023093084387,0.4955261078911878,0.2588642569392569,0.4089202151881168,0.3907862626437339,0.3980957310763938,0.31933067999594833,0.26294583868414423,0.29255577706517255,0.47621899694350595,0.37340813098818865,0.4131981185121095,0.37929776994792297,0.43587681354161784,0.22510366479918542,0.26030351726087614,0.3313743135117536,0.40408804704673223,0.38633085131864076,0.36038144472756434,0.34008149023403167,0.0,0.39842396915970946,0.296905101890985,0.2971654115973976,0.3836096467463854,0.41419679726435066,0.3795150991824249,0.25534462449362283,0.47905256449072464,0.3217685981406071,0.5032447975814883,0.42768245649676984,0.0,0.0,0.0,0.34970658161854035,0.3414379254960569,0.619551731934072,0.0,0.0,0.5217168482772799,0.0,0.0,0.0,0.0,0.0,0.0,0.6279292613154921,0.0,0.42787986901191544,0.30986805808903317,0.0,0.36028141727628105,0.0,0.4676206321426252,0.44160769578451675,0.42542222688870224,0.5152383185813629,0.0,0.37020390607238746,0.39546481361965263,0.5124271037881559,0.5418904148731543,0.4963309263661419,0.6357975205747871,0.5467695735447612
0.37210938295888196,0.376150265176448,0.43211199880120643,0.31787744915659866,0.3811677239133335,0.42842204798318034,0.3770091991344587,0.45032273601173395,0.427909210886515,0.3645686106917431,0.42765342976352505,0.0,0.3995108072415263,0.26178026283985933,0.4367261457647106,0.366886306360179,0.0,0.0,0.42694842281405077,0.43055008082988455,0.44016803617408834,0.4326681994077081,0.42919245842305903,0.3706609256540722,0.3376111099459642,0.3909149961120631,0.4268108283904507,0.39689651893329275,0.42825992202869617,0.3847405383255102,0.39842396915970946,0.0,0.3535808923125078,0.4131886263816623,0.43641492729354436,0.27940115666878806,0.31272623904150654,0.26090552588019533,0.31016736294728225,0.31928046851966285,0.44834834234321574,0.30004055628415605,0.344132816601896,0.3047414892250479,0.21540085928918343,0.0,0.41555432658166147,0.0,0.0,0.0,0.5105221489943756,0.0,0.4923463287767583,0.0,0.0,0.0,0.0,0.5142049934127272,0.0,0.47437858056120236,0.41508526591712724,0.0,0.38829371886306896,0.0,0.4622769013159,0.48045845272860466,0.4481783297815342,0.5035574168406087,0.0,0.41518250960146313,0.4507745372459407,0.5044364103626026,0.45315570315129183,0.4920530336818156,0.5094748830415785,0.48789418969727943
0.25724969150053784,0.30169700280330164,0.0,0.0,0.43518318824397223,0.3873499732295059,0.4273556938453483,0.43898491827959063,0.44504017453128875,0.1982809448651346,0.47881954167003704,0.1837626411358595,0.4126648087494709,0.0,0.386585242504381,0.3435908769924103,0.21391835297410186,0.26907950472830033,0.507818689156123,0.3681546505431272,0.295209494555106,0.36267886958561885,0.39797504761124297,0.19857006831035956,0.21574896503619326,0.3207432821213306,0.3934422352326292,0.4059145163342047,0.38054834490419204,0.0,0.296905101890985,0.3535808923125078,0.0,0.2520761677501417,0.4857563197422948,0.2673451733387848,0.0,0.16976742378515422,0.28284453411786176,0.3997200425656426,0.4808613917484096,0.0,0.0,0.3466005686546251,0.31245217880869414,0.0,0.40345027782712417,0.0,0.0,0.0,0.0,0.0,0.0,0.0,0.31359989695658635,0.0,0.3326781345053755,0.0,0.0,0.4611759830190684,0.38349157093059116,0.2300938671724886,0.37327755785276384,0.0,0.45888484743771646,0.4392378138764199,0.4403236161746931,0.451652198970097,0.3429287733148023,0.3723407708403877,0.4396171469816915,0.0,0.0,0.479443320000764,0.0,0.0
0.3356061494582312,0.35276855620271974,0.4666310803786619,0.36462249017482573,0.4587360110602429,0.44825994923272705,0.41409836726188837,0.5179991776734288,0.45587302896428944,0.2324996441413274,0.4603213885599507,0.20348176537930154,0.41867008246473686,0.3812330489129775,0.444643967816561,0.3809856903957857,0.25656214529705984,0.2803472416102338,0.463201749970929,0.42008716393571155,0.44452239556521234,0.4196100250210166,0.46445149946208975,0.26151671745037025,0.2560990692566313,0.3673063578814267,0.4446312766792088,0.39204448980170065,0.42892904302286927,0.41449629387556064,0.2971654115973976,0.4131886263816623,0.2520761677501417,0.0,0.3854306611350551,0.5086707489052742,0.32495336714131623,0.18018278856772144,0.45354450520992423,0.4131242794320694,0.5079557366978662,0.4644982317274915,0.0,0.3251725435598683,0.0,0.38378047814090505,0.4023635896080388,0.0,0.0,0.0,0.5283071222331792,0.0,0.5403347494192339,0.0,0.0,0.0,0.0,0.605975431342007,0.0,0.4775237397688419,0.38822570598636397,0.0,0.38260920404206006,0.0,0.47845110743209596,0.48982441978103214,0.44646335972493567,0.5373757216329458,0.0,0.3877148515201311,0.4383501778281473,0.5372133976727241,0.5336684489776885,0.5135087566248897,0.5880328841257723,0.5399684597509173
0.38256656953347407,0.4199136996922227,0.0,0.21608007669111617,0.0,0.40873379194238263,0.5180824071554732,0.5240847710296394,0.0,0.2387017088760082,0.3727573061539135,0.0,0.46463932256417606,0.0,0.47912036561645366,0.4024159803281878,0.0,0.0,0.39445356288214956,0.461577854024152,0.44953432144354055,0.4538971775478789,0.0,0.34546848077494374,0.3190215882283868,0.419110868900377,0.48463104254188977,0.0,0.43602247752593287,0.0,0.3836096467463854,0.43641492729354436,0.4857563197422948,0.3854306611350551,0.0,0.5072613821101613,0.24846501913051833,0.18897919825054804,0.3460600948109427,0.0,0.0,0.0,0.0,0.0,0.0,0.0,0.398182365346066,0.0,0.0,0.0,0.0,0.0,0.0,0.0,0.0,0.0,0.0,0.0,0.0,0.4984548068467464,0.42553361378828963,0.0,0.4048452756990873,0.0,0.0,0.0,0.47164967783976963,0.46279683066865834,0.0,0.424784661039541,0.48213996355075,0.0,0.0,0.0,0.0,0.0
0.0,0.0,0.42661165100978576,0.18660238844074806,0.18807887078435537,0.44034049471967274,0.2892228862100489,0.28268560099237783,0.4258355204872328,0.33565466447795345,0.3133533744757882,0.28213400491935764,0.35805107401131714,0.1942389827755636,0.4699086946752027,0.0,0.0,0.0,0.3853834041333977,0.49210971385271157,0.5168726115774795,0.5065987279409696,0.4506090929291644,0.0,0.0,0.5013414429785875,0.4694682472034814,0.25189864995460415,0.49854717076281224,0.0,0.41419679726435066,0.27940115666878806,0.2673451733387848,0.5086707489052742,0.5072613821101613,0.0,0.18693301515015592,0.21836678295214754,0.31578607368148126,0.0,0.30151343425053767,0.28653876029868874,0.26623573193840583,0.30270727877706094,0.0,0.0,0.0,0.5032477577247224,0.0,0.3997750813040841,0.5606293362789639,0.42832069440083664,0.3206578341946807,0.42787767726589643,0.0,0.3759617861768643,0.0,0.0,0.33220137238488034,0.0,0.0,0.0,0.0,0.5089157283647556,0.0,0.0,0.0,0.465380348381397,0.0,0.0,0.0,0.49910648620376497,0.0,0.5792816582345065,0.0,0.0
0.0,0.0,0.45337569265395006,0.17795119392424852,0.2614530934705938,0.43910908697669615,0.21959820501195337,0.46183831826141475,0.42969286759971786,0.19533847565349627,0.4238856361266916,0.26131480552168296,0.3615216175253413,0.16182538920605063,0.44658262676157756,0.0,0.0,0.0,0.44125356220700607,0.44560615709557005,0.0,0.45675340099049266,0.45314329192723984,0.0,0.0,0.0,0.44521757725906363,0.2364734919524658,0.46045222688858284,0.0,0.3795150991824249,0.31272623904150654,0.0,0.32495336714131623,0.24846501913051833,0.18693301515015592,0.0,0.2485929102959104,0.25730333408645006,0.0,0.0,0.2982816702466018,0.0,0.2858854537329069,0.0,0.0,0.0,0.0,0.0,0.0,0.0,0.0,0.0,0.0,0.0,0.0,0.0,0.0,0.0,0.0,0.0,0.0,0.0,0.0,0.0,0.0,0.0,0.0,0.0,0.0,0.0,0.0,0.0,0.0,0.0,0.0
0.0,0.0,0.0,0.2919060227721657,0.4121980057612721,0.466677671098334,0.3529552727763705,0.0,0.45301769338781206,0.18054362142693453,0.436416039270207,0.17425538567864307,0.3635954420855321,0.435497794172273,0.0,0.0,0.0,0.0,0.46864504440866217,0.0,0.0,0.0,0.0,0.19969975265211112,0.2436957284160982,0.0,0.0,0.3002295059389322,0.0,0.0,0.25534462449362283,0.26090552588019533,0.16976742378515422,0.18018278856772144,0.18897919825054804,0.21836678295214754,0.2485929102959104,0.0,0.23652448418415364,0.21095531549090818,0.20452429213392007,0.0,0.0,0.0,0.24869617597883928,0.0,0.0,0.0,0.0,0.0,0.0,0.0,0.0,0.0,0.2672172394095997,0.0,0.15934471487078491,0.0,0.0,0.0,0.0,0.0,0.0,0.0,0.0,0.0,0.0,0.0,0.0,0.0,0.0,0.0,0.27598953396618475,0.0,0.0,0.0
0.3610121794178963,0.4167990215143232,0.5393083532566373,0.0,0.0,0.49448113846955155,0.0,0.5065395973765036,0.0,0.0,0.4476058654479592,0.25774780996989394,0.48689126501336655,0.0,0.4650548664552846,0.38190165683847205,0.0,0.32724016819739277,0.0,0.4535914441066558,0.4380141763854348,0.44495975744481153,0.5000333772226501,0.0,0.3821288748114514,0.42632741560278176,0.49140897398997285,0.4997179663304082,0.4816945767438542,0.4989916465779821,0.47905256449072464,0.31016736294728225,0.28284453411786176,0.45354450520992423,0.3460600948109427,0.31578607368148126,0.25730333408645006,0.23652448418415364,0.0,0.3280008108545192,0.3901597527689546,0.37864637501726794,0.2892357613638357,0.31780359716502504,0.2709824125777027,0.358573023216095,0.37006233212859935,0.4294212004552721,0.2624861124608076,0.36031933749937983,0.41914815750974094,0.36553240770485285,0.40595791834177797,0.41693768825611593,0.3346980121362598,0.3604274804564495,0.2503970884335394,0.3802961350073864,0.26652038166099323,0.42496405596066755,0.4008037663466659,0.2891128141171031,0.3693852658600163,0.40062125938259774,0.4280013071977469,0.4141896890980632,0.4082763143415486,0.42144572025060706,0.32694094840614984,0.3593514813000698,0.37979462088518023,0.4217439311960953,0.3675311553235798,0.3984565759071025,0.34686340381859665,0.388576782737541
0.33341905957020507,0.4065468261580767,0.0,0.0,0.0,0.0,0.0,0.0,0.0,0.3160124387824461,0.0,0.0,0.0,0.0,0.4364247882575042,0.39169892380739535,0.0,0.33053439264671186,0.0,0.450649947164271,0.4112523100711142,0.4275487502648285,0.411028746351792,0.18948185260167474,0.3585239879286768,0.4211593872167889,0.4474816500058426,0.0,0.47277507171399,0.0,0.3217685981406071,0.31928046851966285,0.3997200425656426,0.4131242794320694,0.0,0.0,0.0,0.21095531549090818,0.3280008108545192,0.0,0.27267588635810275,0.46491353579519656,0.5738622070440755,0.3641513342822881,0.20578896873153943,0.2701799810116542,0.3049707237240441,0.0,0.2727910884258464,0.0,0.368767579133327,0.3763118077999864,0.43041414549384555,0.0,0.21503657068138834,0.43299765894993014,0.19288778838920456,0.3900458516001316,0.0,0.3651434654323653,0.32785345898826523,0.22386701262223724,0.2462715120268001,0.0,0.36106188166106784,0.3359440486723237,0.3428430564634507,0.3782861273270674,0.20517110587127452,0.24227842625582413,0.3021877755973412,0.38590711434883757,0.35679532971919176,0.356424564414371,0.0,0.29609495258548146
0.34570456734080474,0.3669305345186534,0.6179519510452673,0.0,0.0,0.5047004852539532,0.0,0.4995678661001924,0.0,0.3085293668368287,0.0,0.0,0.0,0.0,0.47536931485904493,0.37853411347413946,0.0,0.30614199051613467,0.0,0.47930895210056107,0.4743127765928278,0.4547132971529017,0.5221800348696958,0.0,0.3448492745994339,0.43574519711081977,0.517057581151339,0.5257523183861952,0.5061773224765116,0.5848301428483323,0.5032447975814883,0.44834834234321574,0.4808613917484096,0.5079557366978662,0.0,0.30151343425053767,0.0,0.20452429213392007,0.3901597527689546,0.27267588635810275,0.0,0.35422205155670233,0.48758791258787026,0.37190223027663794,0.14910876916618215,0.290258584604379,0.3397199740116965,0.4342102836010847,0.3129254747085314,0.4131820415557088,0.43532608275785545,0.37028747036528376,0.45517966452883435,0.43599605079435577,0.23523267429950143,0.4258172538944452,0.21075287070883011,0.38876555572621635,0.3602269386501922,0.4308020080452643,0.335154828976655,0.27227434421281477,0.3116858638046247,0.41722004816586117,0.42396241529678264,0.42757730233346564,0.39770980366388536,0.43821950987412767,0.21744805166051068,0.29499459771159137,0.35083580952225096,0.43194763034367056,0.33970204965581896,0.3962961945807114,0.40302260997087064,0.31846319191394135
