0.0,0.41905875954917016,0.0,0.0,0.0,0.4655654351008589,0.0,0.5231168976779194,0.0,0.37110464892573014,0.0,0.3694981767143695,0.0,0.0,0.43551065955269225,0.404057889024592,0.33442302754923803,0.36723166566537,0.0,0.0,0.46429987467662004,0.45941010237136054,0.49260897306276963,0.39098918085745854,0.3634094642323698,0.3635664007252145,0.0,0.0,0.0,0.0,0.3582338493904871,0.4934459798197807,0.3786507722168062,0.40246771960331096,0.4807178178185148,0.0,0.0,0.0,0.4232950825963611,0.36251249703327004,0.3967610048531405,0.431415956308868,0.0,0.0,0.0,0.34782011397232754,0.4199128195959106,0.0,0.0,0.0,0.0,0.0,0.0,0.0,0.0,0.0,0.0,0.0,0.0,0.0,0.3843325870168651,0.0,0.39501178846170676,0.0,0.0,0.0,0.3983072566026883,0.0,0.2891272132776575,0.3875985381813029,0.40607771882332944,0.0,0.0,0.0,0.0,0.4010235272179898
0.41905875954917016,0.0,0.0,0.0,0.0,0.4317477334403766,0.436163409939668,0.4336934059472448,0.0,0.45149006193805796,0.0,0.0,0.4403741641425358,0.0,0.40180815354643795,0.42909269356181756,0.4251440606603901,0.4060016642509192,0.0,0.4503047402684713,0.41490579402246625,0.39796042260635506,0.4044552593610392,0.0,0.413525575403125,0.39014864771804797,0.43636228437374924,0.44214069843379444,0.436944710671759,0.0,0.39124133469923333,0.5219862080841761,0.4452591653164222,0.4330448752866469,0.5378761117050468,0.0,0.0,0.0,0.46205692636175083,0.42729641884101177,0.45857405650319794,0.49600450925840933,0.0,0.0,0.0,0.43870413772225314,0.45471924025746624,0.0,0.0,0.0,0.0,0.0,0.0,0.0,0.0,0.0,0.0,0.0,0.0,0.49435094977464444,0.44977881177402046,0.0,0.43786156902244755,0.0,0.0,0.4544536458906521,0.46524383255294044,0.0,0.0,0.0,0.4702841406359929,0.0,0.0,0.0,0.0,0.0
0.0,0.0,0.0,0.0,0.34199733026871804,0.354108420422188,0.36047635783690585,0.35470572818082313,0.2753686888358119,0.0,0.2714797672578197,0.0,0.373319505583846,0.2817134284741369,0.0,0.0,0.0,0.0,0.2528187212169915,0.0,0.0,0.0,0.29370246774396697,0.0,0.0,0.0,0.31350241706406967,0.38149815452484614,0.0,0.0,0.37787894004195305,0.36149334250729936,0.0,0.38493447460225166,0.40000542768430747,0.3447912315276144,0.0,0.0,0.0,0.0,0.0,0.0,0.0,0.0,0.0,0.0,0.0,0.2261603529625201,0.0,0.0,0.41299677512922994,0.0,0.42544680471912866,0.4507385782430183,0.0,0.0,0.0,0.0,0.0,0.0,0.0,0.0,0.0,0.17389348690610262,0.0,0.0,0.0,0.3585425686129933,0.0,0.0,0.0,0.44520805718652623,0.0,0.0,0.0,0.0
0.0,0.0,0.0,0.0,0.14453338481963696,0.0,0.0,0.28089393741849156,0.3483381631623807,0.0,0.26217194368044205,0.0,0.2653169390493165,0.24145797578801761,0.0,0.0,0.0,0.0,0.0,0.0,0.0,0.0,0.3510540998658643,0.0,0.0,0.0,0.0,0.17955463895185914,0.0,0.0,0.2479210265135229,0.2370770506630074,0.26368441595172964,0.23858597473555812,0.22126871871709586,0.14726965985596047,0.14578267290757593,0.0,0.25898511411939756,0.0,0.0,0.0,0.0,0.0,0.0,0.0,0.0,0.0,0.0,0.0,0.0,0.0,0.0,0.0,0.0,0.0,0.0,0.0,0.0,0.0,0.0,0.0,0.0,0.0,0.0,0.0,0.0,0.0,0.0,0.0,0.0,0.0,0.0,0.0,0.0,0.0
0.0,0.0,0.34199733026871804,0.14453338481963696,0.0,0.31398915319867554,0.2620141434675296,0.32587871143823255,0.2957125972840695,0.0,0.2569179106564755,0.0,0.31288590711573827,0.15760704531722147,0.0,0.0,0.0,0.0,0.2880827589915633,0.0,0.0,0.0,0.3268131026392498,0.0,0.0,0.0,0.33413436176860833,0.33435866467264064,0.0,0.0,0.30550641394589717,0.28443828129583504,0.0,0.3120578045302429,0.293327388080993,0.1162119993460751,0.15133773822635538,0.0,0.0,0.0,0.0,0.0,0.0,0.0,0.0,0.0,0.0,0.0,0.0,0.0,0.0,0.0,0.0,0.0,0.0,0.0,0.0,0.0,0.0,0.0,0.0,0.0,0.0,0.0,0.0,0.0,0.0,0.0,0.0,0.0,0.0,0.0,0.0,0.0,0.0,0.0
0.4655654351008589,0.4317477334403766,0.354108420422188,0.0,0.31398915319867554,0.0,0.3662641947498039,0.36228373065141734,0.2935833556651915,0.0,0.30873732722085795,0.0,0.36029989769562587,0.2943386987264095,0.42284495090289154,0.4359171530095658,0.0,0.41461593182481543,0.34108818807962243,0.44725897975868373,0.40294559362887405,0.44893865391204446,0.3747864806666349,0.0,0.41585074474336936,0.4099879567041232,0.35510101358649,0.34276266695153756,0.34143931108823644,0.4049665346560081,0.39198765123963086,0.37878484136867574,0.38870439930112183,0.4149346408345983,0.40802518279573785,0.3364190270227769,0.33365370077057005,0.0,0.3893970155214569,0.0,0.0,0.0,0.0,0.0,0.0,0.0,0.0,0.4410887673358218,0.0,0.0,0.43925801564062494,0.0,0.4040649818485291,0.4339901674842973,0.0,0.0,0.0,0.0,0.0,0.0,0.0,0.0,0.0,0.0,0.0,0.0,0.0,0.43653458612486057,0.0,0.0,0.0,0.44511773051640463,0.46172166933718856,0.449779759793812,0.0,0.0
0.0,0.436163409939668,0.36047635783690585,0.0,0.2620141434675296,0.3662641947498039,0.0,0.31788022019395534,0.3254431075354221,0.0,0.3070656051489702,0.0,0.29248786149012646,0.0,0.0,0.4557243185996995,0.0,0.0,0.31427648048919654,0.43962850062964454,0.0,0.473736693687784,0.3549682666418972,0.0,0.0,0.0,0.37666707687437073,0.364179304730554,0.4102998415141475,0.3642494300338316,0.3196752178340093,0.33413078380281874,0.0,0.3496360443862613,0.2170631529141187,0.0,0.0,0.0,0.0,0.0,0.0,0.0,0.0,0.0,0.0,0.0,0.0,0.0,0.0,0.0,0.0,0.0,0.0,0.0,0.0,0.0,0.0,0.0,0.0,0.0,0.0,0.0,0.0,0.0,0.0,0.0,0.0,0.43533558363870223,0.0,0.0,0.0,0.0,0.0,0.0,0.0,0.0
0.5231168976779194,0.4336934059472448,0.35470572818082313,0.28089393741849156,0.32587871143823255,0.36228373065141734,0.31788022019395534,0.0,0.3628883446963051,0.0,0.2266264235765574,0.0,0.38976366402637486,0.23019690762556103,0.0,0.0,0.0,0.47486296770608233,0.29156821008960687,0.0,0.3621599535268078,0.0,0.28531228307813783,0.542229905251914,0.5254482327147982,0.5084408226378396,0.36786590694096155,0.4035419397492535,0.3762743485034051,0.43038896425286427,0.38603633105936125,0.39365073516165855,0.48745728650246706,0.39651178366719975,0.42171090857571275,0.18617900008083343,0.0,0.0,0.30978969867700656,0.0,0.0,0.0,0.0,0.0,0.0,0.0,0.0,0.0,0.0,0.0,0.0,0.0,0.2896836164310575,0.0,0.0,0.0,0.0,0.0,0.0,0.0,0.0,0.0,0.0,0.0,0.0,0.0,0.0,0.38007295648938955,0.0,0.0,0.0,0.0,0.0,0.0,0.0,0.0
0.0,0.0,0.2753686888358119,0.3483381631623807,0.2957125972840695,0.2935833556651915,0.3254431075354221,0.3628883446963051,0.0,0.0,0.2741549067577266,0.0,0.306672961668786,0.3330960485205599,0.0,0.0,0.0,0.0,0.2471991153744164,0.41882857938403173,0.0,0.4318025323060052,0.34822409826794976,0.0,0.0,0.0,0.3092078100526068,0.3545123538078604,0.37902747729130437,0.0,0.3279248938516116,0.3322964216122426,0.0,0.34976622251450684,0.36521440894884566,0.35926731580903054,0.3550883777247077,0.0,0.0,0.0,0.0,0.0,0.0,0.0,0.0,0.0,0.0,0.0,0.0,0.0,0.4299926753401128,0.0,0.3048446458908315,0.0,0.0,0.0,0.0,0.0,0.0,0.0,0.0,0.0,0.0,0.0,0.0,0.0,0.0,0.3937155306912634,0.0,0.0,0.0,0.4148197699612159,0.0,0.0,0.0,0.0
0.37110464892573014,0.45149006193805796,0.0,0.0,0.0,0.0,0.0,0.0,0.0,0.0,0.0,0.22382990256152802,0.34283382894356373,0.0,0.0,0.37021887436491685,0.252070661891741,0.33763665174633206,0.0,0.0,0.48022077601746227,0.0,0.0,0.2682030318191087,0.3247133335394736,0.31373486786318366,0.0,0.2723474839732153,0.0,0.0,0.23843527332728887,0.3562222815210988,0.29893597454549203,0.29922324391056865,0.2876833554232312,0.0,0.15248072522242165,0.21803534268302857,0.3896515947917347,0.347537746939348,0.3616998360316835,0.3590470364101092,0.0,0.0,0.21153150912111052,0.0,0.0,0.0,0.0,0.0,0.0,0.0,0.0,0.0,0.39577721182407866,0.0,0.4034466469984593,0.0,0.0,0.0,0.0,0.41084913179810995,0.3984830279437549,0.0,0.0,0.0,0.0,0.0,0.390042882910986,0.40381540938189825,0.41787486849953626,0.0,0.0,0.0,0.0,0.389648321790472
0.0,0.0,0.2714797672578197,0.26217194368044205,0.2569179106564755,0.30873732722085795,0.3070656051489702,0.2266264235765574,0.2741549067577266,0.0,0.0,0.0,0.3224987009157746,0.19632258609483422,0.0,0.0,0.0,0.0,0.23766554722326005,0.0,0.0,0.0,0.2514977708565747,0.0,0.0,0.0,0.35632208919214253,0.31933685061016537,0.0,0.0,0.26488612404504175,0.2758070897813725,0.0,0.31996520703707765,0.25251888288167745,0.18141305312666584,0.31317503847917993,0.0,0.0,0.0,0.0,0.0,0.0,0.0,0.0,0.0,0.0,0.0,0.0,0.0,0.0,0.0,0.0,0.0,0.0,0.20256114915482548,0.0,0.0,0.0,0.0,0.0,0.0,0.0,0.1706305280311991,0.0,0.0,0.0,0.3673231011962306,0.0,0.0,0.0,0.0,0.0,0.0,0.0,0.0
0.3694981767143695,0.0,0.0,0.0,0.0,0.0,0.0,0.0,0.0,0.22382990256152802,0.0,0.0,0.0,0.0,0.0,0.0,0.32681440511476145,0.34732234087173,0.0,0.0,0.5318343399672567,0.0,0.0,0.2733713939875401,0.33025800078312406,0.260139952755114,0.0,0.287394539394467,0.0,0.0,0.27426792078018736,0.27159802269232375,0.2853596142221249,0.2674289511879471,0.29067413451815105,0.0,0.0,0.19892055555353533,0.3144127069839215,0.35478509668708635,0.37759837817966213,0.3763862833938156,0.0,0.0,0.29874834105402076,0.0,0.0,0.0,0.0,0.0,0.0,0.0,0.0,0.0,0.41120229642700074,0.0,0.3984773247053335,0.0,0.0,0.0,0.0,0.4245839459893955,0.4204318774737021,0.0,0.0,0.0,0.0,0.0,0.39289275119232825,0.4111536864860659,0.42444859746686336,0.0,0.0,0.0,0.0,0.4091737780900953
0.0,0.4403741641425358,0.373319505583846,0.2653169390493165,0.31288590711573827,0.36029989769562587,0.29248786149012646,0.38976366402637486,0.306672961668786,0.34283382894356373,0.3224987009157746,0.0,0.0,0.0,0.0,0.4724964278727879,0.0,0.0,0.3323801511725,0.45501719915439304,0.43165595696549397,0.48194800443251556,0.37832287234539885,0.0,0.45756265044807026,0.42192366347645505,0.4079674405018213,0.32818010184357593,0.3955775194097013,0.43048852459008125,0.3563157112635901,0.3422928912714242,0.0,0.38208939473605363,0.34965914583539326,0.34278162818849456,0.3097938543898133,0.3238304104126575,0.0,0.0,0.0,0.0,0.0,0.0,0.0,0.0,0.0,0.0,0.0,0.0,0.0,0.0,0.0,0.0,0.0,0.0,0.0,0.0,0.0,0.0,0.0,0.0,0.0,0.0,0.0,0.0,0.0,0.43886313767331137,0.0,0.0,0.0,0.0,0.0,0.0,0.0,0.0
0.0,0.0,0.2817134284741369,0.24145797578801761,0.15760704531722147,0.2943386987264095,0.0,0.23019690762556103,0.3330960485205599,0.0,0.19632258609483422,0.0,0.0,0.0,0.0,0.0,0.0,0.0,0.2505096247580656,0.0,0.0,0.0,0.2396615171361817,0.0,0.0,0.0,0.3255191478153486,0.3518030390747985,0.0,0.0,0.0,0.0,0.0,0.0,0.0,0.1633660880872658,0.14502700720732933,0.0,0.0,0.0,0.0,0.0,0.0,0.0,0.0,0.0,0.0,0.0,0.0,0.0,0.0,0.0,0.0,0.0,0.0,0.0,0.0,0.0,0.0,0.0,0.0,0.0,0.0,0.0,0.0,0.0,0.0,0.0,0.0,0.0,0.0,0.0,0.0,0.0,0.0,0.0
0.43551065955269225,0.40180815354643795,0.0,0.0,0.0,0.42284495090289154,0.0,0.0,0.0,0.0,0.0,0.0,0.0,0.0,0.0,0.40202420189663446,0.0,0.40424696482318995,0.0,0.3712609011998193,0.3776906740065417,0.36648657456687805,0.3831818628764967,0.5593042929973058,0.4119478037973394,0.3986530925099102,0.4130883736977237,0.39174382570076816,0.42532562445230165,0.0,0.3806004748532514,0.4589832020131175,0.4151900692557252,0.45722496306636057,0.48828161750116045,0.0,0.0,0.0,0.46799560883932884,0.43172493281754476,0.48483282470170125,0.5249081101561688,0.0,0.0,0.0,0.0,0.491612988913918,0.0,0.0,0.0,0.0,0.0,0.3402045361478476,0.0,0.0,0.0,0.0,0.0,0.0,0.3451347285563993,0.0,0.0,0.0,0.0,0.4306953445709744,0.4799701041660028,0.48754057212066065,0.3939240755272433,0.0,0.0,0.5093706394199682,0.43335583437400765,0.0,0.0,0.0,0.0
0.404057889024592,0.42909269356181756,0.0,0.0,0.0,0.4359171530095658,0.4557243185996995,0.0,0.0,0.37021887436491685,0.0,0.0,0.4724964278727879,0.0,0.40202420189663446,0.0,0.359639675712315,0.3695851096738979,0.0,0.4541799088718126,0.4156027122762726,0.40839559161677724,0.4069250978936221,0.36191944215770844,0.3955671058904288,0.4165268746223598,0.44391632774281364,0.45949089890584993,0.4440802392667395,0.0,0.325277837993872,0.4960295164812433,0.43025142079485573,0.40027696970467336,0.502263365252304,0.0,0.0,0.0,0.47072493297620377,0.4332575749038684,0.4437384703842324,0.45944237423842577,0.0,0.0,0.0,0.43229148537312506,0.451607089155639,0.0,0.0,0.0,0.0,0.0,0.0,0.0,0.0,0.0,0.0,0.0,0.0,0.46423368272395027,0.43505170030200313,0.0,0.4230672834152188,0.0,0.0,0.0,0.4552082555070089,0.0,0.0,0.42864964798471583,0.45489467371023184,0.0,0.0,0.0,0.0,0.434138418766883
0.33442302754923803,0.4251440606603901,0.0,0.0,0.0,0.0,0.0,0.0,0.0,0.252070661891741,0.0,0.32681440511476145,0.0,0.0,0.0,0.359639675712315,0.0,0.2704053404989503,0.0,0.0,0.5297554010749096,0.0,0.0,0.3215816138027157,0.29638445013220494,0.3398375202994501,0.0,0.0,0.0,0.0,0.32077504099750087,0.4599325542568834,0.34031273456551353,0.3649979383004639,0.4032923891829478,0.0,0.0,0.0,0.414855018453264,0.36639988853685107,0.41721146070584236,0.0,0.0,0.0,0.0,0.44224951958400527,0.0,0.0,0.0,0.0,0.0,0.0,0.0,0.0,0.38721508161460855,0.0,0.4014012059368882,0.0,0.0,0.0,0.46795608324400606,0.4383974314570623,0.4136610346978566,0.0,0.0,0.0,0.0,0.0,0.4226881478989169,0.3947530667740313,0.41258361256158305,0.0,0.0,0.0,0.0,0.44495320116045745
0.36723166566537,0.4060016642509192,0.0,0.0,0.0,0.41461593182481543,0.0,0.47486296770608233,0.0,0.33763665174633206,0.0,0.34732234087173,0.0,0.0,0.40424696482318995,0.3695851096738979,0.2704053404989503,0.0,0.0,0.4451481764886483,0.4170349041853721,0.4303741668710635,0.43690401783053073,0.3297881098208931,0.33289796562472174,0.37690720718425835,0.43498350023106697,0.44212006771910234,0.43463894020024824,0.0,0.34272579415470716,0.4495879535429075,0.3648080741673121,0.38126243844531227,0.4409987212377954,0.0,0.0,0.0,0.44624293174693175,0.3993661067856602,0.41782535759613093,0.4418306470502954,0.0,0.0,0.0,0.41086933972612644,0.39608360044491175,0.0,0.0,0.0,0.0,0.0,0.0,0.0,0.40058364187674395,0.0,0.40507986474646956,0.0,0.0,0.0,0.41331287394201316,0.4128829103928735,0.4119312403995636,0.0,0.0,0.0,0.0,0.0,0.4321827515244799,0.4141718648933585,0.4205364819769784,0.0,0.0,0.0,0.0,0.4158584711655697
0.0,0.0,0.2528187212169915,0.0,0.2880827589915633,0.34108818807962243,0.31427648048919654,0.29156821008960687,0.2471991153744164,0.0,0.23766554722326005,0.0,0.3323801511725,0.2505096247580656,0.0,0.0,0.0,0.0,0.0,0.0,0.0,0.0,0.2504144892665952,0.0,0.0,0.0,0.3626800097823523,0.29619399937702895,0.0,0.0,0.35775454365581794,0.3209537159245778,0.0,0.3591976603762094,0.0,0.2772484249310212,0.0,0.0,0.0,0.0,0.0,0.0,0.0,0.0,0.0,0.0,0.0,0.0,0.0,0.0,0.0,0.0,0.0,0.0,0.0,0.0,0.0,0.0,0.0,0.0,0.0,0.0,0.0,0.0,0.0,0.0,0.0,0.0,0.0,0.0,0.0,0.0,0.0,0.0,0.0,0.0
0.0,0.4503047402684713,0.0,0.0,0.0,0.44725897975868373,0.43962850062964454,0.0,0.41882857938403173,0.0,0.0,0.0,0.45501719915439304,0.0,0.3712609011998193,0.4541799088718126,0.0,0.4451481764886483,0.0,0.0,0.4360878262592313,0.4102417362846581,0.3271920562018673,0.0,0.44443953216979315,0.4626013502620894,0.34871846929525757,0.40440781138597615,0.35790263042176035,0.3298176626287795,0.36410910692716697,0.505419002833688,0.4707461216857617,0.4808179963706618,0.5188750764938912,0.5240737196653973,0.0,0.6851839325597213,0.43276305593478565,0.0,0.0,0.0,0.0,0.0,0.0,0.0,0.0,0.0,0.0,0.0,0.0,0.0,0.0,0.0,0.0,0.0,0.0,0.0,0.0,0.0,0.0,0.0,0.0,0.0,0.0,0.0,0.4848711086575405,0.0,0.0,0.0,0.0,0.0,0.0,0.0,0.0,0.0
0.46429987467662004,0.41490579402246625,0.0,0.0,0.0,0.40294559362887405,0.0,0.3621599535268078,0.0,0.48022077601746227,0.0,0.5318343399672567,0.43165595696549397,0.0,0.3776906740065417,0.4156027122762726,0.5297554010749096,0.4170349041853721,0.0,0.4360878262592313,0.0,0.43202224446906784,0.3601228105726328,0.523289384834979,0.43107758152827874,0.4023249809111374,0.40508361504053886,0.43855403660490777,0.409682318811008,0.4482711635209006,0.39135400030786666,0.46083095685322273,0.40919148509670156,0.4396708223560746,0.5067181617630153,0.0,0.0,0.0,0.42308751983051085,0.4188519084492916,0.4697693264574798,0.0,0.0,0.0,0.0,0.44394036429360123,0.43525470757110374,0.0,0.0,0.0,0.0,0.0,0.3003810487648035,0.0,0.0,0.0,0.0,0.0,0.0,0.4338736305802701,0.0,0.0,0.0,0.0,0.36251733852988216,0.3619730852060827,0.4566589695355894,0.38368504234307205,0.0,0.0,0.4941379887957593,0.4167171613834843,0.0,0.3220183511406587,0.0,0.0
0.45941010237136054,0.39796042260635506,0.0,0.0,0.0,0.44893865391204446,0.473736693687784,0.0,0.4318025323060052,0.0,0.0,0.0,0.48194800443251556,0.0,0.36648657456687805,0.40839559161677724,0.0,0.4303741668710635,0.0,0.4102417362846581,0.43202224446906784,0.0,0.4198877432384747,0.0,0.43502559476433167,0.399257489336482,0.4467206251298713,0.46160355717817403,0.44057992532786555,0.0,0.3634914259493412,0.49603225729331224,0.45191953470148843,0.46011988494181943,0.5096737566195403,0.4336454817286921,0.0,0.0,0.4841731219282765,0.45234243234794275,0.479023048108362,0.5174596514012563,0.0,0.0,0.0,0.48926248734501565,0.4638855336837824,0.0,0.0,0.0,0.0,0.0,0.4026511786605551,0.0,0.0,0.0,0.0,0.0,0.0,0.47732306167444033,0.0,0.0,0.0,0.0,0.49545755296296123,0.4677933745710858,0.49350677801759607,0.43642028305716035,0.0,0.0,0.49811249114068934,0.0,0.0,0.0,0.0,0.0
0.49260897306276963,0.4044552593610392,0.29370246774396697,0.3510540998658643,0.3268131026392498,0.3747864806666349,0.3549682666418972,0.28531228307813783,0.34822409826794976,0.0,0.2514977708565747,0.0,0.37832287234539885,0.2396615171361817,0.3831818628764967,0.4069250978936221,0.0,0.43690401783053073,0.2504144892665952,0.3271920562018673,0.3601228105726328,0.4198877432384747,0.0,0.516781022361132,0.41796353903741884,0.41790176895291625,0.32887230039293563,0.4032153393466079,0.39226061507281157,0.3970929009053596,0.3959722863359068,0.3981646321769843,0.4047440191657866,0.43588311051781686,0.4473496451067355,0.3143461292479021,0.38347890217966907,0.4299269055889708,0.4187014492249759,0.0,0.4254532914473737,0.4069724031031845,0.2970495457160529,0.0,0.0,0.0,0.0,0.4348079259540383,0.0,0.45820182902731493,0.446216122043099,0.4424988802852445,0.38533815830686013,0.36532033299557143,0.0,0.0,0.0,0.4489478752798221,0.29968768869558765,0.41680360672515787,0.0,0.0,0.0,0.39706248139558437,0.4205915099963171,0.0,0.47824636800110365,0.4046904313391866,0.0,0.0,0.0,0.4497400621227592,0.43961458151218713,0.4167791897581756,0.0,0.44011035095738715
0.39098918085745854,0.0,0.0,0.0,0.0,0.0,0.0,0.542229905251914,0.0,0.2682030318191087,0.0,0.2733713939875401,0.0,0.0,0.5593042929973058,0.36191944215770844,0.3215816138027157,0.3297881098208931,0.0,0.0,0.523289384834979,0.0,0.516781022361132,0.0,0.31344917382868875,0.31152383741083545,0.0,0.3240375362713055,0.0,0.0,0.27143464057313715,0.302855130843187,0.2924248902208039,0.293779916437554,0.31551503487237265,0.0,0.0,0.25649569034958264,0.3544523118504509,0.3596685869141633,0.41098591628348047,0.373118047930217,0.0,0.0,0.0,0.38192995286439224,0.0,0.0,0.0,0.0,0.0,0.0,0.0,0.0,0.4193691836953493,0.0,0.3932024051115849,0.0,0.0,0.0,0.0,0.45144288467887306,0.41177892474957345,0.0,0.0,0.0,0.0,0.0,0.43948707810782095,0.4310743182415968,0.43094894054868355,0.0,0.0,0.0,0.0,0.3805309765439504
0.3634094642323698,0.413525575403125,0.0,0.0,0.0,0.41585074474336936,0.0,0.5254482327147982,0.0,0.3247133335394736,0.0,0.33025800078312406,0.45756265044807026,0.0,0.4119478037973394,0.3955671058904288,0.29638445013220494,0.33289796562472174,0.0,0.44443953216979315,0.43107758152827874,0.43502559476433167,0.41796353903741884,0.31344917382868875,0.0,0.3457489971050414,0.44690695783257417,0.4572310722130473,0.4402248151179434,0.0,0.34995132493800923,0.4434241057474505,0.32634502463381665,0.3700821186453566,0.4206019205077181,0.0,0.0,0.0,0.43168500825619743,0.3883948367156663,0.4024707214354067,0.43022808075289765,0.0,0.0,0.0,0.4095353606281597,0.3998608653588001,0.0,0.0,0.0,0.0,0.0,0.0,0.0,0.4025856510656609,0.0,0.40416709201422113,0.0,0.0,0.0,0.42092147359685794,0.4064765717061536,0.4025356246667757,0.0,0.0,0.0,0.0,0.0,0.4111431936379703,0.41094255224188875,0.41631976971854345,0.0,0.0,0.0,0.0,0.401486783843439
0.3635664007252145,0.39014864771804797,0.0,0.0,0.0,0.4099879567041232,0.0,0.5084408226378396,0.0,0.31373486786318366,0.0,0.260139952755114,0.42192366347645505,0.0,0.3986530925099102,0.4165268746223598,0.3398375202994501,0.37690720718425835,0.0,0.4626013502620894,0.4023249809111374,0.399257489336482,0.41790176895291625,0.31152383741083545,0.3457489971050414,0.0,0.4219724736554065,0.0,0.41003301528224084,0.0,0.37868579348162024,0.470919695554731,0.38577362022314543,0.419484244673878,0.4856508681699857,0.0,0.0,0.28281934926230556,0.45679349989693385,0.4184837197121962,0.42934445223179524,0.4579018429374986,0.0,0.0,0.0,0.4410174451748949,0.4477947436399482,0.0,0.0,0.0,0.0,0.0,0.0,0.0,0.41060972985297256,0.0,0.4176550537227826,0.0,0.0,0.48796619839763433,0.44807895215180304,0.3991125293939101,0.40959438486461924,0.0,0.0,0.45916240999409136,0.4845651980598878,0.0,0.4130070582180096,0.41785182452617897,0.4278412092117602,0.0,0.0,0.0,0.0,0.401569858289241
0.0,0.43636228437374924,0.31350241706406967,0.0,0.33413436176860833,0.35510101358649,0.37666707687437073,0.36786590694096155,0.3092078100526068,0.0,0.35632208919214253,0.0,0.4079674405018213,0.3255191478153486,0.4130883736977237,0.44391632774281364,0.0,0.43498350023106697,0.3626800097823523,0.34871846929525757,0.40508361504053886,0.4467206251298713,0.32887230039293563,0.0,0.44690695783257417,0.4219724736554065,0.0,0.4104002856976484,0.39087052408246115,0.4086410020820743,0.4114019767529391,0.4300967255576807,0.4284744746869521,0.4635453257432397,0.4724574139717133,0.0,0.0,0.0,0.42484012198250865,0.0,0.0,0.45435985337487544,0.3171389136610896,0.0,0.0,0.0,0.0,0.4500823123206384,0.0,0.0,0.447273422842435,0.0,0.3905909900047661,0.435187463323462,0.0,0.0,0.0,0.0,0.0,0.0,0.0,0.0,0.0,0.0,0.0,0.0,0.0,0.44250756981653105,0.0,0.0,0.0,0.44997274323002084,0.4591263212219945,0.44161311590533675,0.0,0.0
0.0,0.44214069843379444,0.38149815452484614,0.17955463895185914,0.33435866467264064,0.34276266695153756,0.364179304730554,0.4035419397492535,0.3545123538078604,0.2723474839732153,0.31933685061016537,0.287394539394467,0.32818010184357593,0.3518030390747985,0.39174382570076816,0.45949089890584993,0.0,0.44212006771910234,0.29619399937702895,0.40440781138597615,0.43855403660490777,0.46160355717817403,0.4032153393466079,0.3240375362713055,0.4572310722130473,0.0,0.4104002856976484,0.0,0.3227216452937015,0.309475858211744,0.34660541894357766,0.34343639494152767,0.28131566396332414,0.35677673743962673,0.3346859622578995,0.17024963324267603,0.21253332155329213,0.2994200771485711,0.34326526332332036,0.0,0.35733908741984777,0.39248008580138266,0.0,0.0,0.0,0.0,0.0,0.0,0.0,0.0,0.46559279348950106,0.0,0.0,0.0,0.0,0.0,0.0,0.0,0.0,0.0,0.0,0.0,0.0,0.0,0.0,0.0,0.0,0.4481828517970338,0.0,0.0,0.0,0.4494750366911666,0.0,0.45951123993901877,0.0,0.0
0.0,0.436944710671759,0.0,0.0,0.0,0.34143931108823644,0.4102998415141475,0.3762743485034051,0.37902747729130437,0.0,0.0,0.0,0.3955775194097013,0.0,0.42532562445230165,0.4440802392667395,0.0,0.43463894020024824,0.0,0.35790263042176035,0.409682318811008,0.44057992532786555,0.39226061507281157,0.0,0.4402248151179434,0.41003301528224084,0.39087052408246115,0.3227216452937015,0.0,0.3321783812885402,0.34284817597100253,0.4440677892362915,0.0,0.43829008635567684,0.4623812128220428,0.0,0.0,0.0,0.0,0.0,0.0,0.0,0.0,0.0,0.0,0.0,0.0,0.0,0.0,0.0,0.0,0.0,0.0,0.0,0.0,0.0,0.0,0.0,0.0,0.0,0.0,0.0,0.0,0.0,0.0,0.0,0.0,0.4414812334005015,0.0,0.0,0.0,0.4512328210079876,0.0,0.0,0.0,0.0
0.0,0.0,0.0,0.0,0.0,0.4049665346560081,0.3642494300338316,0.43038896425286427,0.0,0.0,0.0,0.0,0.43048852459008125,0.0,0.0,0.0,0.0,0.0,0.0,0.3298176626287795,0.4482711635209006,0.0,0.3970929009053596,0.0,0.0,0.0,0.4086410020820743,0.309475858211744,0.3321783812885402,0.0,0.3180001868431437,0.3732654832523361,0.0,0.34590252017810547,0.39282013424251455,0.0,0.0,0.0,0.0,0.0,0.0,0.0,0.0,0.0,0.0,0.0,0.0,0.0,0.0,0.0,0.0,0.0,0.0,0.0,0.0,0.0,0.0,0.0,0.0,0.0,0.0,0.0,0.0,0.0,0.0,0.0,0.0,0.0,0.0,0.0,0.0,0.0,0.0,0.0,0.0,0.0
0.3582338493904871,0.39124133469923333,0.37787894004195305,0.2479210265135229,0.30550641394589717,0.39198765123963086,0.3196752178340093,0.38603633105936125,0.3279248938516116,0.23843527332728887,0.26488612404504175,0.27426792078018736,0.3563157112635901,0.0,0.3806004748532514,0.325277837993872,0.32077504099750087,0.34272579415470716,0.35775454365581794,0.36410910692716697,0.39135400030786666,0.3634914259493412,0.3959722863359068,0.27143464057313715,0.34995132493800923,0.37868579348162024,0.4114019767529391,0.34660541894357766,0.34284817597100253,0.3180001868431437,0.0,0.3042307668403088,0.3312733075829917,0.2992653106827294,0.3393853466204654,0.2507280679382794,0.2832780458673383,0.24597685040057335,0.40844849964511537,0.34416564931581095,0.39714623021159356,0.0,0.0,0.0,0.0,0.4043651629133641,0.4276863897979115,0.0,0.0,0.0,0.0,0.0,0.3837424515942415,0.0,0.3919494374252987,0.0,0.33821153208457416,0.0,0.0,0.41190818251980643,0.4070942174795932,0.3955724487075447,0.41420699589794546,0.0,0.4224058840565532,0.0,0.4499639213232734,0.40901995533806024,0.3205473137508266,0.4030873174690998,0.3985460181370367,0.4476913433095261,0.0,0.45061391651972793,0.0,0.42882316881828664
0.4934459798197807,0.5219862080841761,0.36149334250729936,0.2370770506630074,0.28443828129583504,0.37878484136867574,0.33413078380281874,0.39365073516165855,0.3322964216122426,0.3562222815210988,0.2758070897813725,0.27159802269232375,0.3422928912714242,0.0,0.4589832020131175,0.4960295164812433,0.4599325542568834,0.4495879535429075,0.3209537159245778,0.505419002833688,0.46083095685322273,0.49603225729331224,0.3981646321769843,0.302855130843187,0.4434241057474505,0.470919695554731,0.4300967255576807,0.34343639494152767,0.4440677892362915,0.3732654832523361,0.3042307668403088,0.0,0.3948400824142642,0.39599221592602246,0.3892289213353135,0.24729020903013843,0.2836086113507109,0.27043100578440143,0.3480188705790127,0.34806304495716683,0.35092608807488523,0.39259077289513733,0.26841365715298604,0.2715575092555543,0.24687441297896282,0.4896613393577226,0.4831608363481996,0.0,0.0,0.0,0.3902182274980988,0.0,0.36582905050246184,0.0,0.441786542558754,0.0,0.28943273783023427,0.0,0.0,0.4496059901147763,0.0,0.0,0.4530211547859711,0.0,0.43575406912349607,0.44611854014249175,0.5081211867879641,0.3986012475727091,0.0,0.4643536022832916,0.4948679209853557,0.41783140431466403,0.42391968024673427,0.4008841983718904,0.4459278556046082,0.40152624492402084
0.3786507722168062,0.4452591653164222,0.0,0.26368441595172964,0.0,0.38870439930112183,0.0,0.48745728650246706,0.0,0.29893597454549203,0.0,0.2853596142221249,0.0,0.0,0.4151900692557252,0.43025142079485573,0.34031273456551353,0.3648080741673121,0.0,0.4707461216857617,0.40919148509670156,0.45191953470148843,0.4047440191657866,0.2924248902208039,0.32634502463381665,0.38577362022314543,0.4284744746869521,0.28131566396332414,0.0,0.0,0.3312733075829917,0.3948400824142642,0.0,0.3128470877841468,0.5503950098784303,0.23856637808301956,0.2446057104010131,0.1939022114641847,0.387481678611419,0.36544231447347975,0.38464782239154344,0.4213198938401924,0.0,0.0,0.19472627221015593,0.42747206619933764,0.4563576983725521,0.0,0.0,0.0,0.0,0.0,0.33828123185155745,0.0,0.34800827144218555,0.0,0.3400288040739924,0.0,0.0,0.4741695793712319,0.4305581525160859,0.390750019295204,0.41263549599802885,0.0,0.0,0.4700606165006901,0.5019518733252956,0.3928987313314603,0.3193782192569657,0.40713722230181226,0.44138685049949744,0.3867673539456138,0.0,0.0,0.0,0.419192629795763
0.40246771960331096,0.4330448752866469,0.38493447460225166,0.23858597473555812,0.3120578045302429,0.4149346408345983,0.3496360443862613,0.39651178366719975,0.34976622251450684,0.29922324391056865,0.31996520703707765,0.2674289511879471,0.38208939473605363,0.0,0.45722496306636057,0.40027696970467336,0.3649979383004639,0.38126243844531227,0.3591976603762094,0.4808179963706618,0.4396708223560746,0.46011988494181943,0.43588311051781686,0.293779916437554,0.3700821186453566,0.419484244673878,0.4635453257432397,0.35677673743962673,0.43829008635567684,0.34590252017810547,0.2992653106827294,0.39599221592602246,0.3128470877841468,0.0,0.37392102385338866,0.28887635882241464,0.27647232105866193,0.2429680032791574,0.40808482962314757,0.3721195571553688,0.4018300054725986,0.4740982224508297,0.0,0.0,0.23753005235962651,0.4434928764756075,0.4614368791384544,0.0,0.0,0.0,0.0,0.0,0.4427795450475772,0.0,0.37377991630716756,0.0,0.3255090603570535,0.0,0.0,0.4785612352109656,0.44313182726086775,0.4261770384596567,0.4268815384576473,0.0,0.44415763013917203,0.4831943097456087,0.49804247162092335,0.42783567637019887,0.3295111854513352,0.4281095838734343,0.46320723570313316,0.4476472642824618,0.0,0.4673863702805572,0.0,0.4351119123421415
0.4807178178185148,0.5378761117050468,0.40000542768430747,0.22126871871709586,0.293327388080993,0.40802518279573785,0.2170631529141187,0.42171090857571275,0.36521440894884566,0.2876833554232312,0.25251888288167745,0.29067413451815105,0.34965914583539326,0.0,0.48828161750116045,0.502263365252304,0.4032923891829478,0.4409987212377954,0.0,0.5188750764938912,0.5067181617630153,0.5096737566195403,0.4473496451067355,0.31551503487237265,0.4206019205077181,0.4856508681699857,0.4724574139717133,0.3346859622578995,0.4623812128220428,0.39282013424251455,0.3393853466204654,0.3892289213353135,0.5503950098784303,0.37392102385338866,0.0,0.2751791526275964,0.2680568976231355,0.3189096155820139,0.3735815637380095,0.3846551796133363,0.38797122713571647,0.4158611498156946,0.0,0.0,0.25306261902887917,0.4526383217392266,0.522504881399052,0.0,0.0,0.0,0.0,0.0,0.0,0.0,0.43688060256710115,0.0,0.2918582197702679,0.0,0.0,0.5063030530240903,0.0,0.0,0.4631618516395032,0.0,0.0,0.0,0.5297671984367405,0.446353545179912,0.0,0.4699950464421035,0.5114074773258166,0.4670411333294437,0.0,0.49145368921518917,0.0,0.0
0.0,0.0,0.3447912315276144,0.14726965985596047,0.1162119993460751,0.3364190270227769,0.0,0.18617900008083343,0.35926731580903054,0.0,0.18141305312666584,0.0,0.34278162818849456,0.1633660880872658,0.0,0.0,0.0,0.0,0.2772484249310212,0.5240737196653973,0.0,0.4336454817286921,0.3143461292479021,0.0,0.0,0.0,0.0,0.17024963324267603,0.0,0.0,0.2507280679382794,0.24729020903013843,0.23856637808301956,0.28887635882241464,0.2751791526275964,0.0,0.14520478134074863,0.2526529061103617,0.2666544657120977,0.0,0.2652754863312787,0.2798812354115216,0.0,0.0,0.0,0.0,0.0,0.0,0.0,0.0,0.0,0.0,0.0,0.0,0.0,0.0,0.0,0.0,0.0,0.0,0.0,0.0,0.0,0.0,0.0,0.0,0.0,0.0,0.0,0.0,0.0,0.0,0.0,0.0,0.0,0.0
0.0,0.0,0.0,0.14578267290757593,0.15133773822635538,0.33365370077057005,0.0,0.0,0.3550883777247077,0.15248072522242165,0.31317503847917993,0.0,0.3097938543898133,0.14502700720732933,0.0,0.0,0.0,0.0,0.0,0.0,0.0,0.0,0.38347890217966907,0.0,0.0,0.0,0.0,0.21253332155329213,0.0,0.0,0.2832780458673383,0.2836086113507109,0.2446057104010131,0.27647232105866193,0.2680568976231355,0.14520478134074863,0.0,0.27123192781589683,0.2443432289632624,0.0,0.2547517647346356,0.28144534872109195,0.2430885516855238,0.0,0.0,0.0,0.0,0.0,0.0,0.0,0.0,0.0,0.0,0.0,0.0,0.0,0.0,0.0,0.0,0.0,0.0,0.0,0.0,0.0,0.0,0.0,0.0,0.0,0.0,0.0,0.0,0.0,0.0,0.0,0.0,0.0
0.0,0.0,0.0,0.0,0.0,0.0,0.0,0.0,0.0,0.21803534268302857,0.0,0.19892055555353533,0.3238304104126575,0.0,0.0,0.0,0.0,0.0,0.0,0.6851839325597213,0.0,0.0,0.4299269055889708,0.25649569034958264,0.0,0.28281934926230556,0.0,0.2994200771485711,0.0,0.0,0.24597685040057335,0.27043100578440143,0.1939022114641847,0.2429680032791574,0.3189096155820139,0.2526529061103617,0.27123192781589683,0.0,0.27938467294381447,0.21665161481599948,0.217857220361886,0.26217759084677483,0.0,0.0,0.18074241313189615,0.0,0.0,0.0,0.0,0.0,0.0,0.0,0.0,0.0,0.3937962261378877,0.0,0.29998412929347745,0.0,0.0,0.0,0.0,0.0,0.0,0.0,0.0,0.0,0.0,0.0,0.0,0.0,0.0,0.0,0.0,0.0,0.0,0.0
0.4232950825963611,0.46205692636175083,0.0,0.25898511411939756,0.0,0.3893970155214569,0.0,0.30978969867700656,0.0,0.3896515947917347,0.0,0.3144127069839215,0.0,0.0,0.46799560883932884,0.47072493297620377,0.414855018453264,0.44624293174693175,0.0,0.43276305593478565,0.42308751983051085,0.4841731219282765,0.4187014492249759,0.3544523118504509,0.43168500825619743,0.45679349989693385,0.42484012198250865,0.34326526332332036,0.0,0.0,0.40844849964511537,0.3480188705790127,0.387481678611419,0.40808482962314757,0.3735815637380095,0.2666544657120977,0.2443432289632624,0.27938467294381447,0.0,0.33725996771194355,0.4246064729452845,0.4554167320545329,0.2649286405889112,0.27484132799926714,0.2724621017436474,0.4304087816910132,0.43614172428166764,0.3383181555136549,0.2367745196530861,0.3011513767141055,0.3622759109519411,0.36238433905599093,0.34923931319367707,0.3366890334389935,0.3752290747195012,0.33548413903283514,0.31736037139237205,0.36130216969104667,0.28507871654323863,0.4393211215238511,0.4234779470160729,0.39555594653080955,0.41469487152217555,0.3048732068998698,0.47487450523142133,0.4157313362811704,0.4873231828433844,0.38814368297431445,0.3214109175363776,0.39473362848620863,0.4352039459107169,0.44768996269944794,0.34280848290980354,0.4411695917552538,0.32633528015954105,0.3527939989547766
0.36251249703327004,0.42729641884101177,0.0,0.0,0.0,0.0,0.0,0.0,0.0,0.347537746939348,0.0,0.35478509668708635,0.0,0.0,0.43172493281754476,0.4332575749038684,0.36639988853685107,0.3993661067856602,0.0,0.0,0.4188519084492916,0.45234243234794275,0.0,0.3596685869141633,0.3883948367156663,0.4184837197121962,0.0,0.0,0.0,0.0,0.34416564931581095,0.34806304495716683,0.36544231447347975,0.3721195571553688,0.3846551796133363,0.0,0.0,0.21665161481599948,0.33725996771194355,0.0,0.2395430514787597,0.40845072635875795,0.2904689951787829,0.0,0.23464193287856316,0.3398027189687282,0.3599384781537928,0.0,0.0,0.0,0.3589592682067448,0.0,0.0,0.0,0.2887057504849536,0.0,0.2898679936732115,0.0,0.0,0.37025246714366405,0.3289392031475386,0.30194760970072,0.3066249063039176,0.0,0.42629461158043574,0.33184918559396814,0.42330543250828806,0.38170925842862186,0.29111743868074585,0.2935378835918951,0.333631659694941,0.42678603098138335,0.0,0.3341682432589942,0.0,0.3248228901494431
0.3967610048531405,0.45857405650319794,0.0,0.0,0.0,0.0,0.0,0.0,0.0,0.3616998360316835,0.0,0.37759837817966213,0.0,0.0,0.48483282470170125,0.4437384703842324,0.41721146070584236,0.41782535759613093,0.0,0.0,0.4697693264574798,0.479023048108362,0.4254532914473737,0.41098591628348047,0.4024707214354067,0.42934445223179524,0.0,0.35733908741984777,0.0,0.0,0.39714623021159356,0.35092608807488523,0.38464782239154344,0.4018300054725986,0.38797122713571647,0.2652754863312787,0.2547517647346356,0.217857220361886,0.4246064729452845,0.2395430514787597,0.0,0.4404807749278161,0.2791659649725425,0.27959322687274096,0.22496758351627075,0.38220370409897647,0.3851234424359283,0.3907585352163212,0.2188379447773617,0.3430483999781108,0.41250271634540264,0.3847067333275908,0.3922512857461325,0.3868781646023972,0.345535064498704,0.3534741790085243,0.26878815224635233,0.4219403830970652,0.2758476055123629,0.4514947199329869,0.3727965044325461,0.3636938277925226,0.37866126089523405,0.34280485090250723,0.4478026704861042,0.4121336898333483,0.46493383638381947,0.4156572755459152,0.2859697378695929,0.3597583027726923,0.38913166272777083,0.4599867388691839,0.3529265142755852,0.4134349999856734,0.369341593387071,0.292900199138367
0.431415956308868,0.49600450925840933,0.0,0.0,0.0,0.0,0.0,0.0,0.0,0.3590470364101092,0.0,0.3763862833938156,0.0,0.0,0.5249081101561688,0.45944237423842577,0.0,0.4418306470502954,0.0,0.0,0.0,0.5174596514012563,0.4069724031031845,0.373118047930217,0.43022808075289765,0.4579018429374986,0.45435985337487544,0.39248008580138266,0.0,0.0,0.0,0.39259077289513733,0.4213198938401924,0.4740982224508297,0.4158611498156946,0.2798812354115216,0.28144534872109195,0.26217759084677483,0.4554167320545329,0.40845072635875795,0.4404807749278161,0.0,0.2549623771580819,0.2847536462738092,0.29866043371037954,0.45927199042434425,0.47022432792558794,0.408214066868428,0.17294377550007217,0.2394993278955337,0.4120560681627834,0.4181301592586726,0.42397245402032063,0.37961134687886394,0.35690453086891405,0.34567935615121215,0.26323513354645056,0.400094583296656,0.29513626644139124,0.49980235837399617,0.0,0.4574783389828538,0.4221890923119673,0.3848740712361808,0.5102168382432084,0.4858922465871492,0.5292005595226795,0.41546351073138166,0.3090587666896354,0.3974072683695037,0.4641981456953876,0.5102107246123667,0.3495664352045808,0.4618283507690493,0.0,0.3212725269905122
0.0,0.0,0.0,0.0,0.0,0.0,0.0,0.0,0.0,0.0,0.0,0.0,0.0,0.0,0.0,0.0,0.0,0.0,0.0,0.0,0.0,0.0,0.2970495457160529,0.0,0.0,0.0,0.3171389136610896,0.0,0.0,0.0,0.0,0.26841365715298604,0.0,0.0,0.0,0.0,0.2430885516855238,0.0,0.2649286405889112,0.2904689951787829,0.2791659649725425,0.2549623771580819,0.0,0.1674151668351561,0.28658489506679063,0.0,0.0,0.321204659940563,0.18289123707569474,0.18772296613959144,0.3647168235932186,0.3102693416006836,0.2731178333469385,0.3478779702613516,0.36045740366712653,0.23699675923889757,0.24195011047034765,0.32862475958147747,0.1930073496882847,0.0,0.0,0.0,0.0,0.27012178969888523,0.0,0.0,0.0,0.30001462319320704,0.0,0.0,0.3184000193515615,0.3738005132165597,0.21341555005978824,0.4296968392045783,0.0,0.28486456550847383
0.0,0.0,0.0,0.0,0.0,0.0,0.0,0.0,0.0,0.0,0.0,0.0,0.0,0.0,0.0,0.0,0.0,0.0,0.0,0.0,0.0,0.0,0.0,0.0,0.0,0.0,0.0,0.0,0.0,0.0,0.0,0.2715575092555543,0.0,0.0,0.0,0.0,0.0,0.0,0.27484132799926714,0.0,0.27959322687274096,0.2847536462738092,0.1674151668351561,0.0,0.2539983779853059,0.0,0.0,0.0,0.17274685762950195,0.0,0.3218688450825791,0.0,0.0,0.3666174850706454,0.0,0.3240862707638309,0.21606602768661684,0.3306977191354296,0.15970382282896495,0.0,0.0,0.0,0.0,0.0,0.0,0.0,0.0,0.365233853473215,0.0,0.0,0.0,0.3688899275916266,0.2136808243570953,0.0,0.0,0.25668576053332876
0.0,0.0,0.0,0.0,0.0,0.0,0.0,0.0,0.0,0.21153150912111052,0.0,0.29874834105402076,0.0,0.0,0.0,0.0,0.0,0.0,0.0,0.0,0.0,0.0,0.0,0.0,0.0,0.0,0.0,0.0,0.0,0.0,0.0,0.24687441297896282,0.19472627221015593,0.23753005235962651,0.25306261902887917,0.0,0.0,0.18074241313189615,0.2724621017436474,0.23464193287856316,0.22496758351627075,0.29866043371037954,0.28658489506679063,0.2539983779853059,0.0,0.0,0.0,0.0,0.0,0.0,0.0,0.0,0.0,0.0,0.22512576733603096,0.0,0.23956794449686514,0.0,0.0,0.0,0.0,0.0,0.0,0.0,0.0,0.0,0.0,0.0,0.27128885185393337,0.0,0.0,0.0,0.0,0.0,0.0,0.0
0.34782011397232754,0.43870413772225314,0.0,0.0,0.0,0.0,0.0,0.0,0.0,0.0,0.0,0.0,0.0,0.0,0.0,0.43229148537312506,0.44224951958400527,0.41086933972612644,0.0,0.0,0.44394036429360123,0.48926248734501565,0.0,0.38192995286439224,0.4095353606281597,0.4410174451748949,0.0,0.0,0.0,0.0,0.4043651629133641,0.4896613393577226,0.42747206619933764,0.4434928764756075,0.4526383217392266,0.0,0.0,0.0,0.4304087816910132,0.3398027189687282,0.38220370409897647,0.45927199042434425,0.0,0.0,0.0,0.0,0.3871784460252282,0.5114436804856431,0.0,0.0,0.4099859387606079,0.0,0.5008710324052796,0.0,0.0,0.0,0.3290276823878251,0.0,0.0,0.40173170074038766,0.3717601849090514,0.0,0.3521959718542163,0.0,0.45150115541957914,0.4524751868109963,0.3966786716112702,0.4644369662540627,0.39659196089477605,0.35681069710097113,0.35529523010986874,0.48178030863549415,0.4744646177858881,0.43384528231452535,0.0,0.33972186348902356
0.4199128195959106,0.45471924025746624,0.0,0.0,0.0,0.0,0.0,0.0,0.0,0.0,0.0,0.0,0.0,0.0,0.491612988913918,0.451607089155639,0.0,0.39608360044491175,0.0,0.0,0.43525470757110374,0.4638855336837824,0.0,0.0,0.3998608653588001,0.4477947436399482,0.0,0.0,0.0,0.0,0.4276863897979115,0.4831608363481996,0.4563576983725521,0.4614368791384544,0.522504881399052,0.0,0.0,0.0,0.43614172428166764,0.3599384781537928,0.3851234424359283,0.47022432792558794,0.0,0.0,0.0,0.3871784460252282,0.0,0.0,0.0,0.0,0.40726329416611706,0.42743843642952645,0.0,0.40047455480909633,0.33677033838584725,0.0,0.3352437246540856,0.42666098103180783,0.0,0.3933575708713751,0.3821956311391454,0.37220313063312416,0.3941218169662321,0.0,0.4140990579425972,0.37507152693616813,0.4048742132790426,0.38483483825558396,0.25357714649911345,0.3749653064720328,0.39609457429902395,0.4156933353944511,0.4237589331765344,0.42563472849961087,0.0,0.3479254411407584
