0.0,0.44224935968695184,0.0,0.0,0.0,0.47336564251054464,0.0,0.531193755420036,0.0,0.4472956542877906,0.0,0.4252673057953396,0.5459737726427953,0.0,0.39500208512307194,0.42787678251385153,0.4074327923937926,0.41289452092147505,0.0,0.4551978443870669,0.46574920534215075,0.4485353311141043,0.48794595393799584,0.3818629891995423,0.4215501116092527,0.39519053440143553,0.46343468347921896,0.0,0.49493423224612687,0.0,0.40120193019098416,0.42113176053553575,0.3396446786971005,0.3838855487498665,0.44346052158886673,0.0,0.0,0.46640517636759804,0.4605806031674659,0.4241446708029995,0.4369754848953817,0.4880166992073053,0.0,0.0,0.0,0.43956854497050774,0.4750313499776977,0.0,0.0,0.0,0.5909641958133622,0.0,0.0,0.0,0.46903460979428635,0.0,0.0,0.0,0.0,0.0,0.47226662239731093,0.0,0.4507374123526495,0.0,0.4204388642797062,0.4675096144173517,0.4840612636650172,0.0,0.0,0.4584869144956025,0.4793861705614687,0.0,0.0,0.0,0.0,0.4511618008569438
0.44224935968695184,0.0,0.5465116859638672,0.0,0.4673425548035695,0.45683835752652435,0.46085558645699626,0.47504436925435944,0.4413646930454811,0.45199456600686183,0.0,0.0,0.47004241700773175,0.0,0.4351878639086616,0.4363846294081749,0.43686252584917146,0.43136928155608817,0.0,0.464105039522318,0.45858960927778253,0.4407257821543917,0.44821751390344644,0.0,0.40669983515260394,0.4316161133214786,0.45867820257075054,0.4862954164197611,0.4599737461840479,0.0,0.3975493444391011,0.44372103046780387,0.37383846764051454,0.40448961642702796,0.4729340011962946,0.0,0.0,0.0,0.4639207637454083,0.44276410274153005,0.4480203529949653,0.47191018919988226,0.0,0.0,0.0,0.480490287233885,0.4691998305892688,0.0,0.0,0.0,0.5223687002739328,0.0,0.0,0.0,0.0,0.0,0.0,0.0,0.0,0.48871007863129295,0.4667757636481328,0.0,0.4514734601823961,0.0,0.4798119226287384,0.4876774967329862,0.4913700956968169,0.493603650736254,0.0,0.4517814014276942,0.4838183731037155,0.508864487509741,0.0,0.47508610685808905,0.0,0.4430182893168674
0.0,0.5465116859638672,0.0,0.39734651840514273,0.40774857219537497,0.40293719423371055,0.4297768520664124,0.48370889971018055,0.3515680359786949,0.4900422592408721,0.3391065527529334,0.0,0.44127340874118076,0.4628382967718171,0.0,0.0,0.0,0.0,0.32539486744785995,0.0,0.0,0.0,0.3543405647892722,0.0,0.0,0.0,0.3722722291320749,0.4423218674897036,0.0,0.47906705028530944,0.4531581198358472,0.41840191223850814,0.0,0.4457580895474682,0.4591198132608075,0.42493273448251956,0.4301751156406842,0.0,0.0,0.0,0.0,0.0,0.4756019145918458,0.0,0.0,0.0,0.0,0.5617362685619511,0.0,0.0,0.5644785795161507,0.5760803301141401,0.5646632825122301,0.5644143156394229,0.0,0.4869432400163954,0.0,0.5868883318724549,0.0,0.0,0.0,0.0,0.0,0.5478457706095355,0.0,0.0,0.0,0.5734848186253051,0.0,0.0,0.0,0.5523078601936715,0.6706270041407956,0.0,0.0,0.6460331603849436
0.0,0.0,0.39734651840514273,0.0,0.24023824544873557,0.3953656751088345,0.2920710023624186,0.0,0.3955161101762863,0.18190178736613385,0.3676964421322991,0.0,0.29923879076848553,0.24105427780502542,0.0,0.0,0.0,0.0,0.41925223472707573,0.42538066354921555,0.0,0.0,0.3659007620601279,0.0,0.0,0.0,0.40893898615218144,0.24838276248713503,0.0,0.0,0.32063706931374697,0.2994935858092306,0.0,0.23943058273560458,0.24387539431506775,0.17512280227610852,0.17212490954234233,0.0,0.0,0.0,0.0,0.0,0.0,0.0,0.0,0.0,0.0,0.0,0.0,0.0,0.0,0.0,0.0,0.0,0.0,0.0,0.0,0.0,0.0,0.0,0.0,0.0,0.0,0.0,0.0,0.0,0.0,0.0,0.0,0.0,0.0,0.0,0.0,0.0,0.0,0.0
0.0,0.4673425548035695,0.40774857219537497,0.24023824544873557,0.0,0.41676049395574954,0.3569134502924713,0.4686342432629905,0.3969049343882465,0.42863933922707925,0.36002034032520147,0.0,0.391518679130549,0.28787272590949076,0.0,0.5274668117988904,0.0,0.0,0.42005432094119327,0.4513426230547929,0.0,0.5049583889650381,0.40700782268423596,0.0,0.0,0.5153080404512151,0.42329518085185636,0.37858603882081715,0.45708760480521277,0.0,0.43502627268665617,0.3685572183698113,0.0,0.4163431716367311,0.3772463591507152,0.253919145789943,0.31736440029686436,0.39087904374724136,0.0,0.0,0.0,0.0,0.0,0.0,0.0,0.0,0.0,0.5705323363279279,0.0,0.0,0.5653068645292586,0.0,0.5434389936540438,0.0,0.0,0.4982747469659476,0.0,0.0,0.0,0.0,0.0,0.0,0.0,0.6131316508504919,0.0,0.0,0.0,0.5483554675477025,0.0,0.0,0.0,0.5609266566456098,0.0,0.0,0.0,0.0
0.47336564251054464,0.45683835752652435,0.40293719423371055,0.3953656751088345,0.41676049395574954,0.0,0.4366138316180766,0.4332750437265149,0.37672087930362064,0.44382365215046843,0.4147798030330449,0.0,0.4133995079540238,0.4442109389591868,0.4356880729903178,0.4769390412687721,0.0,0.4559535785303522,0.3730672916967986,0.4415319222316794,0.4380861831501136,0.4715391368464415,0.42160863946701954,0.0,0.4378021742749328,0.43566994778711327,0.409669758394442,0.4148683473333407,0.38662658184256327,0.4317819697276749,0.45234945196846604,0.4196066518207461,0.4067460125414335,0.45088424351495315,0.473892368247832,0.4122825365242836,0.41626035683672036,0.0,0.48125419605853764,0.0,0.5000256182700817,0.5088042949909763,0.4758957936743935,0.0,0.0,0.7548656161886702,0.5471748378444083,0.5528627872961991,0.0,0.0,0.5145661798417291,0.5428436895871652,0.4988495110133684,0.5355804074810651,0.0,0.5072630710727117,0.0,0.5247493450846513,0.0,0.5028660545463783,0.0,0.0,0.0,0.5627816809508841,0.49381788524506603,0.5213854482809608,0.510404002725575,0.5172470437951303,0.0,0.0,0.5249192603595715,0.5115498754153354,0.515627005093184,0.48577479552884256,0.5576292243043703,0.5112938644774199
0.0,0.46085558645699626,0.4297768520664124,0.2920710023624186,0.3569134502924713,0.4366138316180766,0.0,0.43292001056415547,0.41563751480343225,0.414783435629842,0.4466570337968974,0.0,0.38275175263878075,0.3541673186394551,0.0,0.49667158695868413,0.0,0.48519465047796473,0.45391326543400734,0.4807890365958143,0.5153280639108269,0.5027893698815032,0.41616513659277865,0.0,0.458988879848309,0.4493593482099382,0.4327953751033657,0.38887984545844034,0.4625127784788604,0.40760225420605256,0.44889702898025263,0.379014545413816,0.0,0.41313004362324124,0.3592112846232103,0.30929889107413466,0.2967437235295211,0.3823265859245901,0.0,0.0,0.0,0.0,0.0,0.0,0.0,0.0,0.0,0.5951843491070711,0.0,0.0,0.5434487137726995,0.0,0.5475474956064232,0.0,0.0,0.0,0.0,0.0,0.0,0.0,0.0,0.0,0.0,0.0,0.0,0.0,0.0,0.5064576659871846,0.0,0.0,0.0,0.5211105961791648,0.6667130341643879,0.0,0.0,0.0
0.531193755420036,0.47504436925435944,0.48370889971018055,0.0,0.4686342432629905,0.4332750437265149,0.43292001056415547,0.0,0.4943442200631553,0.4880208629733649,0.333642841681304,0.0,0.4341795726808718,0.3351701227198939,0.39428343740976596,0.49695158579038495,0.0,0.49772320447836194,0.4505612262502654,0.44212563870177446,0.42973971256476234,0.4747071464805654,0.40277688273834467,0.5235482465614252,0.5049023960330039,0.4928337678348883,0.4535251430579951,0.43534489150059347,0.4178553957780323,0.42775400407165476,0.4403564743941512,0.4020584941608358,0.42924073436426713,0.43221912259307427,0.46162669431671555,0.26754299486345584,0.4336745077960476,0.0,0.46390317996741814,0.0,0.5031193345051767,0.0,0.30791242099534466,0.0,0.0,0.0,0.0,0.5584625971957404,0.0,0.5995881656290829,0.5107147818689428,0.5422414738981101,0.48595847513151935,0.553074362755505,0.0,0.4247836509359339,0.0,0.4977900263118331,0.0,0.4933248722380958,0.0,0.0,0.0,0.6060065379677226,0.48506478600794356,0.49079943081700494,0.0,0.5178684212846422,0.0,0.0,0.0,0.5283461554856325,0.4992196975460356,0.481545563710305,0.6055463029461227,0.5195169444673404
0.0,0.4413646930454811,0.3515680359786949,0.3955161101762863,0.3969049343882465,0.37672087930362064,0.41563751480343225,0.4943442200631553,0.0,0.4444555591002345,0.37332384998961543,0.0,0.40680042420582474,0.45200677692258073,0.0,0.48685262928217665,0.0,0.0,0.33442239833732346,0.4310285847463392,0.0,0.4557406568193151,0.42435448105028745,0.0,0.4614397567376334,0.45962008399103293,0.3847203023723941,0.4278074343045671,0.4185051937422173,0.45211861488982785,0.42852590497826093,0.3967167287012251,0.0,0.4258017982790508,0.42868592160702823,0.40987319015369594,0.41091998970314436,0.0,0.5059227863189417,0.0,0.0,0.0,0.0,0.0,0.0,0.0,0.0,0.5674829764916962,0.0,0.0,0.5464754031292747,0.6130931757550897,0.5541485619876955,0.5816321959468083,0.0,0.5038142847353211,0.0,0.6009889436632196,0.0,0.0,0.0,0.0,0.0,0.5815344841945267,0.0,0.0,0.0,0.5562104606645573,0.0,0.0,0.0,0.5250371288732515,0.5955474779419696,0.0,0.0,0.650462817129719
0.4472956542877906,0.45199456600686183,0.4900422592408721,0.18190178736613385,0.42863933922707925,0.44382365215046843,0.414783435629842,0.4880208629733649,0.4444555591002345,0.0,0.45444473140083513,0.3044563536245875,0.42245872759459435,0.2923723597278544,0.0,0.3878844894982425,0.34009842847274585,0.36414924517684005,0.0,0.0,0.5085855191377606,0.45725844593260156,0.439968225274569,0.34962554096920445,0.36434674246860294,0.37444999997174117,0.4623704352585642,0.40169708444887675,0.0,0.0,0.36473392495680057,0.33060361226858104,0.3381744897529114,0.34637554901773165,0.3653898015960101,0.29320786216107475,0.2624497043397524,0.2752387875173525,0.3627095537211695,0.35102122189991175,0.3534660502719184,0.3285126576538124,0.0,0.0,0.35192395925260844,0.0,0.0,0.0,0.0,0.0,0.0,0.0,0.0,0.0,0.4384944995620542,0.0,0.43648475560570815,0.44799450023173176,0.0,0.0,0.0,0.4353929996056705,0.429283996295108,0.0,0.0,0.0,0.0,0.0,0.4100924506960367,0.4395496320318507,0.44684764297869617,0.0,0.3998671987699565,0.0,0.0,0.41091191082283246
0.0,0.0,0.3391065527529334,0.3676964421322991,0.36002034032520147,0.4147798030330449,0.4466570337968974,0.333642841681304,0.37332384998961543,0.45444473140083513,0.0,0.0,0.4335930286336754,0.2949347416535889,0.0,0.0,0.0,0.0,0.32926698420433437,0.0,0.0,0.0,0.3271085205118269,0.0,0.0,0.0,0.4019804356593977,0.43500437744256787,0.0,0.0,0.4598290564835334,0.3832429625520805,0.0,0.43582139638673734,0.42169816535796634,0.27084536376993595,0.40820506347105495,0.0,0.0,0.0,0.0,0.0,0.0,0.0,0.0,0.0,0.0,0.45687322086162824,0.0,0.0,0.0,0.0,0.0,0.4235719304469311,0.0,0.36105765530863265,0.0,0.0,0.0,0.0,0.0,0.0,0.0,0.4589855485887423,0.0,0.0,0.0,0.49627413288884414,0.0,0.0,0.0,0.0,0.0,0.0,0.0,0.0
0.4252673057953396,0.0,0.0,0.0,0.0,0.0,0.0,0.0,0.0,0.3044563536245875,0.0,0.0,0.4246787532649124,0.0,0.0,0.5023425110214117,0.39174236537798834,0.4009617015001243,0.0,0.0,0.5243357412660192,0.0,0.0,0.33269921115478707,0.39541429693715846,0.3508761661783826,0.0,0.4049962030662509,0.0,0.0,0.3815166774917341,0.27364802889446493,0.28991939583879534,0.29194386617074186,0.33190358804960707,0.0,0.0,0.2375953199129105,0.3301296245887039,0.35458926512567307,0.3528641389300655,0.0,0.0,0.0,0.34364600175762533,0.0,0.0,0.0,0.0,0.0,0.0,0.0,0.0,0.0,0.42799214368701344,0.0,0.4236827022326626,0.44836569839633217,0.0,0.0,0.0,0.4427030743942414,0.44757266289608716,0.0,0.0,0.0,0.0,0.0,0.39931173789725083,0.4430438963917933,0.4429376656098392,0.0,0.40440748272687826,0.0,0.0,0.4092325167061726
0.5459737726427953,0.47004241700773175,0.44127340874118076,0.29923879076848553,0.391518679130549,0.4133995079540238,0.38275175263878075,0.4341795726808718,0.40680042420582474,0.42245872759459435,0.4335930286336754,0.4246787532649124,0.0,0.36827283258718607,0.0,0.5094683367681233,0.44667758458666224,0.4798299620497088,0.44231754942757207,0.4709960412091906,0.4508024818088863,0.5017590735833825,0.41588775569908853,0.43336492025972695,0.4630113005584253,0.44790539214226865,0.43252531283449114,0.3834708366998618,0.4355352824376577,0.39660504829542886,0.42542904974014367,0.3863146816334452,0.4043397870604751,0.41292621627383547,0.3806154465226109,0.33478498289363523,0.3452155861000877,0.37207788664713404,0.4908541293420637,0.0,0.0,0.0,0.0,0.0,0.0,0.0,0.0,0.5979848318388217,0.0,0.0,0.5240143786719091,0.0,0.5046743016504117,0.0,0.0,0.5875589098848655,0.0,0.5986269862718772,0.0,0.0,0.0,0.0,0.0,0.7087229676258974,0.0,0.0,0.0,0.5065325017738249,0.0,0.0,0.0,0.5051325645004219,0.575281312755962,0.5209145189448804,0.0,0.6167274083632663
0.0,0.0,0.4628382967718171,0.24105427780502542,0.28787272590949076,0.4442109389591868,0.3541673186394551,0.3351701227198939,0.45200677692258073,0.2923723597278544,0.2949347416535889,0.0,0.36827283258718607,0.0,0.0,0.0,0.0,0.0,0.39596668728804363,0.0,0.0,0.0,0.3880821399002594,0.0,0.5814791598355583,0.0,0.47012945478205304,0.29059636977575143,0.0,0.0,0.37459856060287516,0.20982552846100325,0.0,0.3787392853941407,0.0,0.19920525872436795,0.16973761654249853,0.0,0.0,0.0,0.0,0.0,0.0,0.0,0.0,0.0,0.0,0.0,0.0,0.0,0.0,0.0,0.0,0.0,0.0,0.0,0.0,0.0,0.0,0.0,0.0,0.0,0.0,0.0,0.0,0.0,0.0,0.0,0.0,0.0,0.0,0.0,0.0,0.0,0.0,0.0
0.39500208512307194,0.4351878639086616,0.0,0.0,0.0,0.4356880729903178,0.0,0.39428343740976596,0.0,0.0,0.0,0.0,0.0,0.0,0.0,0.45823904727678005,0.0,0.43728835713165026,0.0,0.32440846139856583,0.39690703245989245,0.3585701817055921,0.39703451044717986,0.4975619264564707,0.4138776321947849,0.39542652211453544,0.4174933020937427,0.0,0.414004873200602,0.0,0.41280824396787796,0.4255612416581533,0.3876501887246961,0.4328149889413919,0.4765499379445185,0.4636501644474655,0.0,0.0,0.4729863271374453,0.4509465603284142,0.48405525930762205,0.5095831186032168,0.0,0.0,0.0,0.0,0.4686476423620063,0.0,0.0,0.0,0.49797311522881116,0.0,0.0,0.0,0.0,0.0,0.0,0.0,0.0,0.4747047068362833,0.5016309362864018,0.0,0.0,0.0,0.4577903668959055,0.4665330086145582,0.4828109193074766,0.47475176498106836,0.0,0.5377866056428802,0.5060906169634076,0.48370429837842,0.0,0.47038338083849157,0.0,0.48638511460653305
0.42787678251385153,0.4363846294081749,0.0,0.0,0.5274668117988904,0.4769390412687721,0.49667158695868413,0.49695158579038495,0.48685262928217665,0.3878844894982425,0.0,0.5023425110214117,0.5094683367681233,0.0,0.45823904727678005,0.0,0.39710563165801493,0.3876742156041525,0.0,0.446482750684087,0.4657714840227638,0.4031133703754306,0.44220624551434473,0.3837676145261725,0.4001609198331997,0.43328032690360246,0.4619599212407611,0.4916723620553596,0.47082304532997565,0.47716745200580685,0.39769329856378416,0.44389359452282084,0.37499871035180676,0.40535733802432306,0.45859187029220844,0.0,0.0,0.0,0.45275103702494185,0.40898676467950235,0.42293539616369297,0.4595172506248905,0.0,0.0,0.0,0.467195024676121,0.46216852737164565,0.0,0.0,0.0,0.0,0.0,0.0,0.0,0.5762149631922727,0.0,0.0,0.0,0.0,0.48217193578529843,0.45443564292286015,0.6629834269441912,0.4321501189256066,0.0,0.5306694126216792,0.5125489568948448,0.4507721997197304,0.0,0.4250334252821357,0.4390988939499569,0.4617968964445871,0.0,0.0,0.5571306747573027,0.0,0.4292056563690532
0.4074327923937926,0.43686252584917146,0.0,0.0,0.0,0.0,0.0,0.0,0.0,0.34009842847274585,0.0,0.39174236537798834,0.44667758458666224,0.0,0.0,0.39710563165801493,0.0,0.3335313481996104,0.0,0.0,0.0,0.4193752210220537,0.0,0.39142575746185854,0.35927432680513494,0.3962098778768084,0.0,0.4437179804173002,0.0,0.0,0.37600127711177445,0.3947110007677279,0.3229725743168623,0.38090793041472953,0.38741977232223823,0.0,0.0,0.320829595663228,0.0,0.40968837861125673,0.4154180471523987,0.0,0.0,0.0,0.0,0.0,0.0,0.0,0.0,0.0,0.0,0.0,0.0,0.0,0.43769478404183254,0.0,0.4492694293728508,0.0,0.0,0.0,0.0,0.43960441991831345,0.4370066571529541,0.0,0.0,0.0,0.0,0.0,0.43652229212103216,0.445204926591442,0.4535723403811748,0.0,0.5884939772003563,0.0,0.0,0.4715215323202133
0.41289452092147505,0.43136928155608817,0.0,0.0,0.0,0.4559535785303522,0.48519465047796473,0.49772320447836194,0.0,0.36414924517684005,0.0,0.4009617015001243,0.4798299620497088,0.0,0.43728835713165026,0.3876742156041525,0.3335313481996104,0.0,0.0,0.44675849732578626,0.4370182783505481,0.44070829617833945,0.44254156682520523,0.38567513869020076,0.3857617909969653,0.40936884978332533,0.4490307862860665,0.4738464786559051,0.4675486179029325,0.5122581874916113,0.3934731206411385,0.41326486016134645,0.34228813669964,0.3859648276600873,0.4124823778805204,0.0,0.0,0.35910879157228337,0.41498639960234945,0.4100389925987587,0.40166022956302777,0.42372617760536563,0.0,0.0,0.0,0.45322936161798394,0.44710467992338987,0.0,0.0,0.0,0.0,0.0,0.0,0.0,0.4327777763177963,0.0,0.44655964996456227,1.3670125746474704,0.0,0.0,0.4515198760802933,0.425600097848482,0.4377484180773608,0.0,0.0,0.0,0.4432333389390734,0.0,0.4359365232072878,0.4392656504493205,0.45741552456831747,0.0,1.0704798774468545,0.0,0.0,0.4313190548821551
0.0,0.0,0.32539486744785995,0.41925223472707573,0.42005432094119327,0.3730672916967986,0.45391326543400734,0.4505612262502654,0.33442239833732346,0.0,0.32926698420433437,0.0,0.44231754942757207,0.39596668728804363,0.0,0.0,0.0,0.0,0.0,0.0,0.0,0.0,0.3404034780174736,0.0,0.0,0.0,0.410697956080141,0.4386630708922616,0.0,0.0,0.4558278954616777,0.4132835680255319,0.0,0.4462299924103651,0.0,0.3825444159546333,0.4396244614942094,0.0,0.0,0.0,0.0,0.0,0.0,0.0,0.0,0.0,0.0,0.5362875571702341,0.0,0.0,0.0,0.0,0.6088554707695678,0.5867993765872394,0.0,0.4634652693288689,0.0,0.0,0.0,0.0,0.0,0.0,0.0,0.5722416804607791,0.0,0.0,0.0,0.5611594882716948,0.0,0.0,0.0,0.0,0.0,0.0,0.0,0.0
0.4551978443870669,0.464105039522318,0.0,0.42538066354921555,0.4513426230547929,0.4415319222316794,0.4807890365958143,0.44212563870177446,0.4310285847463392,0.0,0.0,0.0,0.4709960412091906,0.0,0.32440846139856583,0.446482750684087,0.0,0.44675849732578626,0.0,0.0,0.42812867142465555,0.39550685385131107,0.2934831000561025,0.6239397163353705,0.44378854710789656,0.4405748829302771,0.395788838208806,0.4399158048193292,0.3595681077529631,0.3593261220152529,0.3932445134454635,0.45195190601071944,0.41219285690525875,0.45524382792994456,0.49757477817401147,0.5196658547682308,0.4761975333725158,0.0,0.46701698694097055,0.48018313863350787,0.49161274995135096,0.489765995586953,0.0,0.0,0.0,0.0,0.474158517118068,0.0,0.0,0.0,0.5062953284734862,0.0,0.5060642263787338,0.0,0.0,0.0,0.0,0.0,0.0,0.4691682573432932,0.57937556218182,0.0,0.0,0.0,0.47516264707570616,0.46365843639694654,0.47512371599779385,0.48900794377756857,0.0,0.6041982261872985,0.48059092385690694,0.49470886337027953,0.5190955795189508,0.47743638650067427,0.0,0.4915963742885575
0.46574920534215075,0.45858960927778253,0.0,0.0,0.0,0.4380861831501136,0.5153280639108269,0.42973971256476234,0.0,0.5085855191377606,0.0,0.5243357412660192,0.4508024818088863,0.0,0.39690703245989245,0.4657714840227638,0.0,0.4370182783505481,0.0,0.42812867142465555,0.0,0.44432837588776636,0.42954040606501853,0.5061711592878642,0.4430136756067806,0.4388935176579891,0.4453399467391774,0.44881414118846075,0.43037902898273955,0.0,0.42678751450846414,0.42543372020583875,0.3796902247134783,0.4308271253576057,0.4815998869213151,0.4910170547174677,0.0,0.0,0.47459264168144216,0.45224368149639665,0.4953079426520588,0.524177641311844,0.0,0.0,0.0,0.45253029029318403,0.47761215543575003,0.0,0.0,0.0,0.4915240577018877,0.0,0.4491760502407528,0.0,0.0,0.0,0.0,0.0,0.0,0.4641699489800827,0.48011575724886757,0.0,0.6513799709837721,0.0,0.46822778208483923,0.43426162027830195,0.48826493679583327,0.4855377255092606,0.0,0.49246475282106617,0.5090014025986207,0.5021774645053765,0.5071667751794049,0.4586209511549437,0.6013396911638629,0.506190521171879
0.4485353311141043,0.4407257821543917,0.0,0.0,0.5049583889650381,0.4715391368464415,0.5027893698815032,0.4747071464805654,0.4557406568193151,0.45725844593260156,0.0,0.0,0.5017590735833825,0.0,0.3585701817055921,0.4031133703754306,0.4193752210220537,0.44070829617833945,0.0,0.39550685385131107,0.44432837588776636,0.0,0.4425455785850074,0.5204658485201479,0.43775548362306194,0.4266273390683031,0.4536833722548727,0.4925530800800665,0.4368305587610071,0.4557487724999171,0.40385572638805717,0.4462294593297729,0.3950505024136025,0.43748215327154516,0.48775963088031565,0.48267585779704125,0.0,0.0,0.465494930068858,0.46430650574670534,0.47172419664486653,0.5001789749324034,0.0,0.0,0.0,0.4788999525372869,0.45775088603471303,0.0,0.0,0.0,0.49358342742284067,0.0,0.0,0.0,0.0,0.0,0.0,0.0,0.0,0.4864833988583646,0.462132013338283,0.0,0.4921501089377547,0.0,0.4796488575111708,0.48093007898906165,0.48051062618986573,0.48318066986058505,0.0,0.44496257136313305,0.4915209157915684,0.48589267837442096,0.0,0.47020159511328025,0.0,0.46254873428295573
0.48794595393799584,0.44821751390344644,0.3543405647892722,0.3659007620601279,0.40700782268423596,0.42160863946701954,0.41616513659277865,0.40277688273834467,0.42435448105028745,0.439968225274569,0.3271085205118269,0.0,0.41588775569908853,0.3880821399002594,0.39703451044717986,0.44220624551434473,0.0,0.44254156682520523,0.3404034780174736,0.2934831000561025,0.42954040606501853,0.4425455785850074,0.0,0.5044877535276864,0.41223805383995643,0.45749464891331193,0.3623316419793739,0.4232677171562693,0.41676310893292645,0.4117702250626528,0.43749711625101145,0.415671128660662,0.4053547085640471,0.4420926232999885,0.4753254904281894,0.3973974371420984,0.40484112832508146,0.0,0.4966257478733314,0.45278128833667086,0.4961812804969666,0.49773251874249547,0.4798591050380765,0.0,0.0,0.4566107481886911,0.5097461861107656,0.5499264630508269,0.0,0.5786657457608184,0.5159126212157641,0.5321116384885589,0.505988928342926,0.5653785263712628,0.0,0.4985826538358363,0.0,0.5190127224075781,0.0,0.4797538401003914,0.0,0.0,0.0,0.6027160754891019,0.4953064606790461,0.5079480426622877,0.4822759917596441,0.5175205203088107,0.0,0.0,0.4905971598858886,0.5159602628191635,0.5165790670204925,0.49195832661129857,0.5107163905420347,0.5041449768307942
0.3818629891995423,0.0,0.0,0.0,0.0,0.0,0.0,0.5235482465614252,0.0,0.34962554096920445,0.0,0.33269921115478707,0.43336492025972695,0.0,0.4975619264564707,0.3837676145261725,0.39142575746185854,0.38567513869020076,0.0,0.6239397163353705,0.5061711592878642,0.5204658485201479,0.5044877535276864,0.0,0.3880935594427181,0.3831106131609779,0.538888358343247,0.42329038628077403,0.0,0.0,0.3840870888670726,0.3252593338639716,0.25055243692516604,0.2869112719563755,0.3221402690021902,0.0,0.0,0.2601011090059905,0.4041672392572337,0.3711825562652348,0.3660143168736376,0.0,0.0,0.0,0.284015673514766,0.41122750890426263,0.4181240170298839,0.0,0.0,0.0,0.0,0.0,0.0,0.0,0.43369249274490645,0.0,0.41774760622623264,0.3715753862813857,0.0,0.0,0.0,0.4610403586479914,0.4553197255280895,0.0,0.0,0.0,0.0,0.0,0.41312902309690447,0.4636047818190063,0.4674735626542619,0.0,0.29372958420518225,0.0,0.0,0.3896841863341266
0.4215501116092527,0.40669983515260394,0.0,0.0,0.0,0.4378021742749328,0.458988879848309,0.5049023960330039,0.4614397567376334,0.36434674246860294,0.0,0.39541429693715846,0.4630113005584253,0.5814791598355583,0.4138776321947849,0.4001609198331997,0.35927432680513494,0.3857617909969653,0.0,0.44378854710789656,0.4430136756067806,0.43775548362306194,0.41223805383995643,0.3880935594427181,0.0,0.40480894170716036,0.43104775977630655,0.466421554185991,0.4654482307826012,0.0,0.39580432391334,0.40163025823477594,0.33568238218505064,0.3750599334164883,0.395187659950444,0.4398022032649517,0.0,0.3190570004807698,0.43243100120637035,0.41746065810620475,0.41647040811380504,0.4375923525206278,0.0,0.0,0.0,0.45827072916676576,0.4412068662844308,0.0,0.0,0.0,0.0,0.0,0.0,0.0,0.4606765799138697,0.0,0.4612249506516597,0.6023160437633255,0.0,0.0,0.45109787080799324,0.43520171999971685,0.44250785927388403,0.0,0.0,0.0,0.4240873836530231,0.0,0.44177504590118466,0.44927280730302055,0.4647087860708019,0.0,0.5249974872614985,0.48077206277380446,0.0,0.43510519399579894
0.39519053440143553,0.4316161133214786,0.0,0.0,0.5153080404512151,0.43566994778711327,0.4493593482099382,0.4928337678348883,0.45962008399103293,0.37444999997174117,0.0,0.3508761661783826,0.44790539214226865,0.0,0.39542652211453544,0.43328032690360246,0.3962098778768084,0.40936884978332533,0.0,0.4405748829302771,0.4388935176579891,0.4266273390683031,0.45749464891331193,0.3831106131609779,0.40480894170716036,0.0,0.45284983470491647,0.4449201964010105,0.4314213159669552,0.0,0.4106015776375642,0.4242627837454874,0.36241931280119516,0.39812359825822663,0.4404123774572518,0.0,0.0,0.3339003318950417,0.46751396396979483,0.4396419918719451,0.45371145060449514,0.48817556626450015,0.0,0.0,0.4970029789127658,0.46574899544934417,0.47653042928779943,0.0,0.0,0.0,0.528568447083014,0.0,0.0,0.0,0.4640020457905567,0.0,0.4602469499429445,0.5744842826340308,0.0,0.5013493906304398,0.4696992131076291,0.45924041609793187,0.46075407111952443,0.0,0.48970383413329754,0.5047603379615968,0.4964530892980403,0.5001782749738797,0.45637988494050064,0.4609632795412177,0.4832198248526162,0.5050951047176845,0.5069370433978462,0.48870442475205844,0.0,0.44934121255635395
0.46343468347921896,0.45867820257075054,0.3722722291320749,0.40893898615218144,0.42329518085185636,0.409669758394442,0.4327953751033657,0.4535251430579951,0.3847203023723941,0.4623704352585642,0.4019804356593977,0.0,0.43252531283449114,0.47012945478205304,0.4174933020937427,0.4619599212407611,0.0,0.4490307862860665,0.410697956080141,0.395788838208806,0.4453399467391774,0.4536833722548727,0.3623316419793739,0.538888358343247,0.43104775977630655,0.45284983470491647,0.0,0.43664374798286654,0.4093634755224836,0.4240194006714847,0.4455164226569074,0.43437262297191004,0.40455702150160666,0.4640578068535941,0.480591553889377,0.4501875430298489,0.42278832018686247,0.0,0.48980433615301233,0.49204924800880023,0.5067442538975722,0.48628256149918836,0.4635394033082482,0.0,0.0,0.6896642943770173,0.5320294281453498,0.5639526799209718,0.0,0.0,0.5163234935857751,0.5340969618527451,0.5031393065503239,0.562676044792821,0.0,0.5340369096954901,0.0,0.5169409963165563,0.0,0.4804735024317456,0.0,0.0,0.0,0.5926477473295717,0.49810013919289287,0.507003387747426,0.48718520093886486,0.5185524597190317,0.0,0.0,0.4985903292472681,0.5092681023616382,0.5085966474241114,0.4932138477483721,0.5347451867462155,0.5072670321899384
0.0,0.4862954164197611,0.4423218674897036,0.24838276248713503,0.37858603882081715,0.4148683473333407,0.38887984545844034,0.43534489150059347,0.4278074343045671,0.40169708444887675,0.43500437744256787,0.4049962030662509,0.3834708366998618,0.29059636977575143,0.0,0.4916723620553596,0.4437179804173002,0.4738464786559051,0.4386630708922616,0.4399158048193292,0.44881414118846075,0.4925530800800665,0.4232677171562693,0.42329038628077403,0.466421554185991,0.4449201964010105,0.43664374798286654,0.0,0.39452335149483886,0.3267984591405908,0.4081097418787291,0.39821071924417506,0.36525232396859747,0.40249788529075786,0.36672611160509894,0.2635448112389876,0.2693599472154507,0.3373457472841842,0.4480806591281625,0.0,0.5109565285524655,0.0,0.0,0.0,0.0,0.0,0.0,0.0,0.0,0.0,0.5044753356104986,0.0,0.49412045112713443,0.0,0.0,0.0,0.0,0.573453320948206,0.0,0.0,0.0,0.0,0.0,0.0,0.5069721971970492,0.5207166471477533,0.0,0.5025692594327902,0.0,0.0,0.0,0.5054444132491046,0.5267644144562456,0.495788148415774,0.0,0.5397792095900906
0.49493423224612687,0.4599737461840479,0.0,0.0,0.45708760480521277,0.38662658184256327,0.4625127784788604,0.4178553957780323,0.4185051937422173,0.0,0.0,0.0,0.4355352824376577,0.0,0.414004873200602,0.47082304532997565,0.0,0.4675486179029325,0.0,0.3595681077529631,0.43037902898273955,0.4368305587610071,0.41676310893292645,0.0,0.4654482307826012,0.4314213159669552,0.4093634755224836,0.39452335149483886,0.0,0.36607272822216863,0.4034158222404852,0.43587929761612854,0.38601010545066017,0.4487995866506289,0.47009695596683715,0.4783294159313914,0.4689867886618716,0.0,0.47147598031585897,0.5261963669652177,0.5112255787333041,0.512506011939611,0.0,0.0,0.0,0.0,0.5044331081672435,0.0,0.0,0.0,0.5001360656475343,0.0,0.5012265131036802,0.0,0.0,0.0,0.0,0.5351543912581552,0.0,0.4652678925491876,0.0,0.0,0.0,0.0,0.48165913026406576,0.4818312725710767,0.4754120434837893,0.4963021805552538,0.0,0.0,0.48528758829034374,0.49735357461262,0.5074215910470156,0.4781315785384422,0.5426443594728103,0.4977405211595549
0.0,0.0,0.47906705028530944,0.0,0.0,0.4317819697276749,0.40760225420605256,0.42775400407165476,0.45211861488982785,0.0,0.0,0.0,0.39660504829542886,0.0,0.0,0.47716745200580685,0.0,0.5122581874916113,0.0,0.3593261220152529,0.0,0.4557487724999171,0.4117702250626528,0.0,0.0,0.0,0.4240194006714847,0.3267984591405908,0.36607272822216863,0.0,0.34795948383148817,0.3941564130701908,0.0,0.4353072433344703,0.4203135919398061,0.0,0.0,0.0,0.49697732350417667,0.0,0.0,0.0,0.0,0.0,0.0,0.0,0.0,0.0,0.0,0.0,0.0,0.0,0.0,0.0,0.0,0.0,0.0,0.9616722063005165,0.0,0.0,0.0,0.0,0.0,0.0,0.0,0.0,0.0,0.5109360541423429,0.0,0.0,0.0,0.5158483899549217,0.0,0.0,0.0,0.0
0.40120193019098416,0.3975493444391011,0.4531581198358472,0.32063706931374697,0.43502627268665617,0.45234945196846604,0.44889702898025263,0.4403564743941512,0.42852590497826093,0.36473392495680057,0.4598290564835334,0.3815166774917341,0.42542904974014367,0.37459856060287516,0.41280824396787796,0.39769329856378416,0.37600127711177445,0.3934731206411385,0.4558278954616777,0.3932445134454635,0.42678751450846414,0.40385572638805717,0.43749711625101145,0.3840870888670726,0.39580432391334,0.4106015776375642,0.4455164226569074,0.4081097418787291,0.4034158222404852,0.34795948383148817,0.0,0.38270855189217273,0.3291926698177488,0.3278712156681903,0.3225618038275479,0.4013421410503989,0.38556313650870316,0.3129505719853744,0.4475560772332852,0.39848111471322467,0.40580987728175344,0.0,0.0,0.0,0.0,0.4167240719256282,0.4333360307758795,0.0,0.0,0.0,0.5208559025311518,0.0,0.5173098116028693,0.0,0.43769087250166855,0.0,0.450804578488336,0.6370785019179568,0.0,0.4821005878914999,0.4396820991445139,0.4757558516552556,0.438933489641636,0.0,0.5042129020597889,0.0,0.4514968503772127,0.5089501022826924,0.41623544039942806,0.4374282917532376,0.4512189271033701,0.5141633820469843,0.5462889718940428,0.5134445994878678,0.0,0.44418802084164205
0.42113176053553575,0.44372103046780387,0.41840191223850814,0.2994935858092306,0.3685572183698113,0.4196066518207461,0.379014545413816,0.4020584941608358,0.3967167287012251,0.33060361226858104,0.3832429625520805,0.27364802889446493,0.3863146816334452,0.20982552846100325,0.4255612416581533,0.44389359452282084,0.3947110007677279,0.41326486016134645,0.4132835680255319,0.45195190601071944,0.42543372020583875,0.4462294593297729,0.415671128660662,0.3252593338639716,0.40163025823477594,0.4242627837454874,0.43437262297191004,0.39821071924417506,0.43587929761612854,0.3941564130701908,0.38270855189217273,0.0,0.329247722524949,0.38047171403364055,0.3765383219313081,0.2591550868209005,0.31828041762711234,0.2531964262290756,0.3150479879511356,0.28882869838323066,0.34885984940052156,0.3404182094080635,0.30904006464826733,0.0,0.25608189789377295,0.4646705555846329,0.4494632213036542,0.0,0.35429676057039106,0.0,0.490611844689233,0.0,0.48422036967743126,0.0,0.30210091987280185,0.0,0.26443250628483383,0.4523290416722621,0.0,0.468573244364493,0.4499792006917599,0.0,0.4368362201495165,0.0,0.47413085613265465,0.45303356704978864,0.47103522298215444,0.4823984383133366,0.2799225934916749,0.44301181042522864,0.46181686178166426,0.4914817479846707,0.39194135833217014,0.4725136569571437,0.5042889241066246,0.43643195692975034
0.3396446786971005,0.37383846764051454,0.0,0.0,0.0,0.4067460125414335,0.0,0.42924073436426713,0.0,0.3381744897529114,0.0,0.28991939583879534,0.4043397870604751,0.0,0.3876501887246961,0.37499871035180676,0.3229725743168623,0.34228813669964,0.0,0.41219285690525875,0.3796902247134783,0.3950505024136025,0.4053547085640471,0.25055243692516604,0.33568238218505064,0.36241931280119516,0.40455702150160666,0.36525232396859747,0.38601010545066017,0.0,0.3291926698177488,0.329247722524949,0.0,0.23527929103702278,0.3847236603836529,0.32278399051391293,0.0,0.19258215259521713,0.32780653277414323,0.32132055557889444,0.31121412233559204,0.2747133996760277,0.0,0.328508893397706,0.21511332134535463,0.4250299013371639,0.44096916265644753,0.0,0.0,0.0,0.4758195428040173,0.0,0.0,0.0,0.3781809865752297,0.0,0.349465883896546,0.4728349346329188,0.0,0.4631003946540694,0.4345473335614435,0.3709598395454901,0.4081301132839542,0.0,0.464955804883707,0.491369660460353,0.4553207079530288,0.4560722024868554,0.3217104315163632,0.4145224752475352,0.4397583496805214,0.45519036502340876,0.3735293726993597,0.4772911683470643,0.0,0.38961358646756894
0.3838855487498665,0.40448961642702796,0.4457580895474682,0.23943058273560458,0.4163431716367311,0.45088424351495315,0.41313004362324124,0.43221912259307427,0.4258017982790508,0.34637554901773165,0.43582139638673734,0.29194386617074186,0.41292621627383547,0.3787392853941407,0.4328149889413919,0.40535733802432306,0.38090793041472953,0.3859648276600873,0.4462299924103651,0.45524382792994456,0.4308271253576057,0.43748215327154516,0.4420926232999885,0.2869112719563755,0.3750599334164883,0.39812359825822663,0.4640578068535941,0.40249788529075786,0.4487995866506289,0.4353072433344703,0.3278712156681903,0.38047171403364055,0.23527929103702278,0.0,0.3606518406575726,0.3027583087837966,0.2952408532700822,0.21157225545519112,0.36450567164950326,0.33870223867004956,0.38693285402720334,0.38424504971543305,0.3632248927708945,0.3245861414049511,0.0,0.4309512337149422,0.43698791569348683,0.0,0.0,0.0,0.5000286353603746,0.0,0.5010746427629591,0.0,0.404102745655648,0.0,0.40156799643920843,0.0,0.0,0.48253353766878415,0.4328285474248944,0.4280333066833323,0.42687757666401865,0.0,0.4876302283709809,0.48720846672012813,0.4741704837349713,0.5037348185483345,0.3823068150910375,0.42698406021924346,0.4490417372327976,0.5064036316202641,0.5067277999145109,0.506306906213499,0.0,0.41824732189258124
0.44346052158886673,0.4729340011962946,0.4591198132608075,0.24387539431506775,0.3772463591507152,0.473892368247832,0.3592112846232103,0.46162669431671555,0.42868592160702823,0.3653898015960101,0.42169816535796634,0.33190358804960707,0.3806154465226109,0.0,0.4765499379445185,0.45859187029220844,0.38741977232223823,0.4124823778805204,0.0,0.49757477817401147,0.4815998869213151,0.48775963088031565,0.4753254904281894,0.3221402690021902,0.395187659950444,0.4404123774572518,0.480591553889377,0.36672611160509894,0.47009695596683715,0.4203135919398061,0.3225618038275479,0.3765383219313081,0.3847236603836529,0.3606518406575726,0.0,0.29166841123959875,0.3231968189709769,0.31734861482147414,0.3227491079595567,0.2678446260751431,0.3154232066656881,0.3675530719667788,0.340178905581433,0.0,0.31956321689733047,0.4130861085297366,0.4713566390339976,0.0,0.0,0.0,0.0,0.0,0.0,0.0,0.317278762167707,0.0,0.2818352867032961,0.0,0.0,0.5088661971974818,0.46732522671724464,0.0,0.44827004602040815,0.0,0.5041693355964831,0.503885240243956,0.5008378928179609,0.5119385677043833,0.0,0.44593592364340795,0.4756386950338589,0.4993731657427138,0.0,0.5239063700303377,0.0,0.0
0.0,0.0,0.42493273448251956,0.17512280227610852,0.253919145789943,0.4122825365242836,0.30929889107413466,0.26754299486345584,0.40987319015369594,0.29320786216107475,0.27084536376993595,0.0,0.33478498289363523,0.19920525872436795,0.4636501644474655,0.0,0.0,0.0,0.3825444159546333,0.5196658547682308,0.4910170547174677,0.48267585779704125,0.3973974371420984,0.0,0.4398022032649517,0.0,0.4501875430298489,0.2635448112389876,0.4783294159313914,0.0,0.4013421410503989,0.2591550868209005,0.32278399051391293,0.3027583087837966,0.29166841123959875,0.0,0.1962939898261229,0.33814996015222404,0.32471825824689626,0.0,0.0,0.29210503190244946,0.3914797014040783,0.32338207635683436,0.0,0.0,0.0,0.5031138487683924,0.0,0.0,0.0,0.0,0.0,0.0,0.0,0.0,0.0,0.0,0.0,0.0,0.0,0.0,0.0,0.0,0.0,0.0,0.0,0.0,0.0,0.0,0.0,0.0,0.0,0.0,0.0,0.0
0.0,0.0,0.4301751156406842,0.17212490954234233,0.31736440029686436,0.41626035683672036,0.2967437235295211,0.4336745077960476,0.41091998970314436,0.2624497043397524,0.40820506347105495,0.0,0.3452155861000877,0.16973761654249853,0.0,0.0,0.0,0.0,0.4396244614942094,0.4761975333725158,0.0,0.0,0.40484112832508146,0.0,0.0,0.0,0.42278832018686247,0.2693599472154507,0.4689867886618716,0.0,0.38556313650870316,0.31828041762711234,0.0,0.2952408532700822,0.3231968189709769,0.1962939898261229,0.0,0.3523196781405299,0.3012709868852047,0.0,0.0,0.3209183697408212,0.2966533588750874,0.0,0.0,0.0,0.0,0.0,0.0,0.0,0.0,0.0,0.0,0.0,0.0,0.0,0.0,0.0,0.0,0.0,0.0,0.0,0.0,0.0,0.0,0.0,0.0,0.0,0.0,0.0,0.0,0.0,0.0,0.0,0.0,0.0
0.46640517636759804,0.0,0.0,0.0,0.39087904374724136,0.0,0.3823265859245901,0.0,0.0,0.2752387875173525,0.0,0.2375953199129105,0.37207788664713404,0.0,0.0,0.0,0.320829595663228,0.35910879157228337,0.0,0.0,0.0,0.0,0.0,0.2601011090059905,0.3190570004807698,0.3339003318950417,0.0,0.3373457472841842,0.0,0.0,0.3129505719853744,0.2531964262290756,0.19258215259521713,0.21157225545519112,0.31734861482147414,0.33814996015222404,0.3523196781405299,0.0,0.0,0.0,0.21669838754045545,0.0,0.0,0.0,0.21904303245641826,0.0,0.0,0.0,0.0,0.0,0.0,0.0,0.0,0.0,0.378475500404639,0.0,0.3780661193835295,0.0,0.0,0.0,0.0,0.0,0.0,0.0,0.0,0.0,0.0,0.0,0.4077715360160077,0.0,0.35122240424482465,0.0,0.0,0.0,0.0,0.0
0.4605806031674659,0.4639207637454083,0.0,0.0,0.0,0.48125419605853764,0.0,0.46390317996741814,0.5059227863189417,0.3627095537211695,0.0,0.3301296245887039,0.4908541293420637,0.0,0.4729863271374453,0.45275103702494185,0.0,0.41498639960234945,0.0,0.46701698694097055,0.47459264168144216,0.465494930068858,0.4966257478733314,0.4041672392572337,0.43243100120637035,0.46751396396979483,0.48980433615301233,0.4480806591281625,0.47147598031585897,0.49697732350417667,0.4475560772332852,0.3150479879511356,0.32780653277414323,0.36450567164950326,0.3227491079595567,0.32471825824689626,0.3012709868852047,0.0,0.0,0.3302007434857233,0.34830994051971453,0.3232625364450235,0.24537256075756436,0.2947618079409387,0.25500443078437934,0.40760892199867516,0.4154564547043114,0.41934505900185226,0.2527792503883351,0.3941546833443615,0.4387263063935842,0.37540710706953895,0.38277994723711467,0.4191740200344757,0.31567644254560373,0.3649620235563738,0.2731363931007697,0.3906230203853786,0.27188004406676003,0.4289190740109871,0.43728006124340735,0.42375665493087933,0.43578552998620507,0.4111797685245995,0.4764865821715437,0.4178629314580906,0.4444555541055273,0.4148784485388777,0.3158006748827642,0.41423681273270024,0.42643460206099504,0.45106402306982507,0.3645046716519112,0.45040283878357007,0.367647216933338,0.3713595224310759
0.4241446708029995,0.44276410274153005,0.0,0.0,0.0,0.0,0.0,0.0,0.0,0.35102122189991175,0.0,0.35458926512567307,0.0,0.0,0.4509465603284142,0.40898676467950235,0.40968837861125673,0.4100389925987587,0.0,0.48018313863350787,0.45224368149639665,0.46430650574670534,0.45278128833667086,0.3711825562652348,0.41746065810620475,0.4396419918719451,0.49204924800880023,0.0,0.5261963669652177,0.0,0.39848111471322467,0.28882869838323066,0.32132055557889444,0.33870223867004956,0.2678446260751431,0.0,0.0,0.0,0.3302007434857233,0.0,0.2550170051709012,0.36769564994085635,0.0,0.27259117629723445,0.1795696888421729,0.3061889131360624,0.3290336275277509,0.0,0.0,0.0,0.4262983078534244,0.34209468778963203,0.44057146908314626,0.0,0.3340924268908331,0.4548214703651017,0.23268939373032005,0.38787970055106963,0.0,0.3903064408725729,0.3846079040197912,0.35111594051110806,0.36837133240950115,0.0,0.4300548602320463,0.3624144454468939,0.3971534378703138,0.40897308611368377,0.25409852996160653,0.33856287543302716,0.36658449714760694,0.4240815582010434,0.34110937067628233,0.33805798398539155,0.0,0.3298726963517329
