0,1,2,3,4,5,6,7,8,9,10,11,12,13,14,15,16,17,18,19,20,21,22,23,24,25,26,27,28,29,30,31,32,33,34,35,36,37,38,39,40,41,42,43,44,45,46,47,48,49,50,51,52,53,54,55,56,57,58,59,60,61,62,63,64,65,66,67,68,69,70,71,72,73,74,75
0.0,0.4420780824603986,0.0,0.0,0.0,0.4698802646147326,0.0,0.5322689638301814,0.0,0.448694952327,0.0,0.42837558160962824,0.5350349818290719,0.0,0.3979167444149891,0.42708986479108146,0.41835721798533354,0.41187175708610546,0.0,0.4536939625779235,0.4676393408301555,0.4455721145645384,0.49048814551063097,0.3856500122371232,0.42125496392217426,0.39696598575158004,0.46485282431710695,0.0,0.4928239826114186,0.0,0.40242297409154915,0.42062483536717044,0.33476701358140853,0.3826669743187039,0.4419654795536087,0.0,0.0,0.45618778153947437,0.4581684595242176,0.4166844630516468,0.4357931730908024,0.5113756528535218,0.0,0.0,0.0,0.4469930775679728,0.4710096312040537,0.0,0.0,0.0,0.5745235607690145,0.0,0.0,0.0,0.4603077154953974,0.0,0.0,0.0,0.0,0.0,0.4682602436070452,0.0,0.453240676216138,0.0,0.43433170014878725,0.46825449403452013,0.47768602748570393,0.0,0.0,0.45376785386369667,0.47856614755185783,0.0,0.0,0.0,0.0,0.4584162337029756
0.4420780824603986,0.0,0.4944136952256639,0.0,0.4632083024520124,0.45733666722302213,0.46178537720682944,0.4731555610423586,0.44027404402743203,0.4406201852042735,0.0,0.0,0.4718963025999104,0.0,0.4335738444020938,0.43861875723747756,0.43688764754921794,0.4336178771568588,0.0,0.4659641922106087,0.45616654492353026,0.4427632135645761,0.4463690314224385,0.0,0.40858609121558487,0.4349050416531432,0.4597636929503839,0.48786628379503505,0.46105344533247117,0.0,0.400801391708964,0.44628015700785834,0.3755063254622795,0.40573657058937673,0.4552520455056229,0.0,0.0,0.0,0.4618217270750006,0.43942801661273406,0.44197150517526684,0.4681999857162261,0.0,0.0,0.0,0.4794670578423799,0.4647554473329379,0.0,0.0,0.0,0.5172592629919683,0.0,0.0,0.0,0.0,0.0,0.0,0.0,0.0,0.4859091891012219,0.46462263960592926,0.0,0.44919807864405636,0.0,0.476834862039453,0.48507072791790995,0.4892220182428708,0.4894147186025626,0.0,0.4483922288069153,0.48195225800378083,0.5022252686068059,0.0,0.4681464946104821,0.0,0.43916961068059096
0.0,0.4944136952256639,0.0,0.3734512294538326,0.4082030472591226,0.4033893343733333,0.42776770193552666,0.48440991859159427,0.3541046001325585,0.46708976611659847,0.34069338802828225,0.0,0.43874050720703534,0.4619143956682308,0.0,0.0,0.0,0.0,0.3287129299889363,0.0,0.0,0.0,0.35575035812976064,0.0,0.0,0.0,0.37355738412052036,0.44042086362018934,0.0,0.467822714495155,0.44945047306423475,0.4159021590118122,0.0,0.44207444396378764,0.44608979833157414,0.4218479462685991,0.42418097709347014,0.0,0.0,0.0,0.0,0.0,0.46790310214539615,0.0,0.0,0.0,0.0,0.5577013095325069,0.0,0.0,0.5584664279423084,0.5656111127859208,0.5635668824335159,0.5611445687074094,0.0,0.47896483030507364,0.0,0.5704149194580215,0.0,0.0,0.0,0.0,0.0,0.5421804141818825,0.0,0.0,0.0,0.5719832742292112,0.0,0.0,0.0,0.5490892288704393,0.6589235147829204,0.0,0.0,0.6113207037854324
0.0,0.0,0.3734512294538326,0.0,0.24079347712409435,0.38907977531753224,0.29373741127425623,0.0,0.38918154009854183,0.1657142057208319,0.3655305655469236,0.0,0.29143880287759044,0.2325635641077552,0.0,0.0,0.0,0.0,0.41311648562483905,0.3942851788060001,0.0,0.0,0.3576313420580974,0.0,0.0,0.0,0.4010436001508546,0.24725035329966188,0.0,0.0,0.3148299794884214,0.29580579170367366,0.0,0.2347966709327013,0.2382242072053241,0.1691750598661493,0.1711197927220436,0.0,0.0,0.0,0.0,0.0,0.0,0.0,0.0,0.0,0.0,0.0,0.0,0.0,0.0,0.0,0.0,0.0,0.0,0.0,0.0,0.0,0.0,0.0,0.0,0.0,0.0,0.0,0.0,0.0,0.0,0.0,0.0,0.0,0.0,0.0,0.0,0.0,0.0,0.0
0.0,0.4632083024520124,0.4082030472591226,0.24079347712409435,0.0,0.41933372162113414,0.35882557085937455,0.46169701694083226,0.39759592033129093,0.4249403451155611,0.3621096532333455,0.0,0.38855900823766054,0.2859926767887062,0.0,0.5179694724791122,0.0,0.0,0.4210076086566121,0.4557643540243318,0.0,0.50303748065852,0.40607190646547897,0.0,0.0,0.506485969677504,0.42512037004989317,0.37749550269646737,0.4562970193419231,0.0,0.4302408502640345,0.36741623932136686,0.0,0.40919394221811306,0.36775722204363676,0.25096771546362256,0.3198426562954111,0.37550932612068305,0.0,0.0,0.0,0.0,0.0,0.0,0.0,0.0,0.0,0.5597622930743162,0.0,0.0,0.5558500172636037,0.0,0.5242905325804038,0.0,0.0,0.47645158249982406,0.0,0.0,0.0,0.0,0.0,0.0,0.0,0.5793966012979875,0.0,0.0,0.0,0.5434719415984699,0.0,0.0,0.0,0.5511666760740748,0.0,0.0,0.0,0.0
0.4698802646147326,0.45733666722302213,0.4033893343733333,0.38907977531753224,0.41933372162113414,0.0,0.43834583498848295,0.43224513468779213,0.3781458880571165,0.4421345683590764,0.41537923469799154,0.0,0.41609686378014504,0.44013804987230026,0.43428434724053294,0.4755023531240969,0.0,0.45458754423076353,0.36511920712924084,0.44455091612277287,0.4350870848498539,0.47209169442896015,0.423998991083544,0.0,0.43960997858972695,0.4347263400828029,0.41212797760894987,0.41522684128773674,0.38656483571114597,0.4315722749346456,0.4501223250538861,0.4176085357460014,0.40556576815806994,0.44838422353372553,0.47253141736356485,0.4083197826697668,0.41271567707693796,0.0,0.4756108208834747,0.0,0.4928658216560077,0.4973749939758122,0.46496608920863963,0.0,0.0,0.6387509797817427,0.5417462062876031,0.5473129843107678,0.0,0.0,0.5089593150847758,0.5317975490462633,0.49557243899603914,0.5267301676138032,0.0,0.48815264358671906,0.0,0.5176159222285571,0.0,0.4930830067766102,0.0,0.0,0.0,0.5570251638484034,0.4862779534473042,0.5127502307943581,0.5019105120085287,0.5132621364708448,0.0,0.0,0.5145866656887197,0.5064024486952906,0.5109153592910071,0.47705506891563737,0.5381741944276283,0.5022871124244802
0.0,0.46178537720682944,0.42776770193552666,0.29373741127425623,0.35882557085937455,0.43834583498848295,0.0,0.42768718264266814,0.41414907779464233,0.41408146961385817,0.4441399927043935,0.0,0.38521945007408526,0.3533797004594093,0.0,0.4959913837025446,0.0,0.4855694057902602,0.45041869399165324,0.48019239123310703,0.5016590636471694,0.5033681851025347,0.413410953647039,0.0,0.4603180864986118,0.449164893172211,0.43197644883538155,0.3871135772834146,0.4630672739015255,0.41124470813930236,0.44625539148283927,0.37818081435620154,0.0,0.41177293842306345,0.3637850105785885,0.3101332180059016,0.294185964415351,0.37572941010472655,0.0,0.0,0.0,0.0,0.0,0.0,0.0,0.0,0.0,0.57667577322707,0.0,0.0,0.5358327626283618,0.0,0.5460064858416617,0.0,0.0,0.0,0.0,0.0,0.0,0.0,0.0,0.0,0.0,0.0,0.0,0.0,0.0,0.5018008766136224,0.0,0.0,0.0,0.5136660945373565,0.6333517634868582,0.0,0.0,0.0
0.5322689638301814,0.4731555610423586,0.48440991859159427,0.0,0.46169701694083226,0.43224513468779213,0.42768718264266814,0.0,0.49236814439274096,0.4661281717266129,0.3302854641343122,0.0,0.4309097456828496,0.3330160915865742,0.3995896555596395,0.4949004178825089,0.0,0.495920000033321,0.45093001336637706,0.43419000868452895,0.4315003600624264,0.46752737069835676,0.40435234573715845,0.5245297327463169,0.5049626958112189,0.49300112229893067,0.45474958399931414,0.43560794846798057,0.4170605923858248,0.42806515032963244,0.43700271083566694,0.3985630232106172,0.42889775515519457,0.42644453832134693,0.4600789631190891,0.26065865695693835,0.4308600024699405,0.0,0.4563756414353216,0.0,0.492029796432372,0.0,0.2802922323255393,0.0,0.0,0.0,0.0,0.5530073596624471,0.0,0.5757505315411402,0.5045096362273371,0.5333541272236637,0.4782620855690624,0.5457357979463008,0.0,0.41986166915822504,0.0,0.49264096077926534,0.0,0.4705384845174664,0.0,0.0,0.0,0.6044458057119835,0.4666943911079088,0.4788799586514937,0.0,0.515378733528816,0.0,0.0,0.0,0.5237589833704935,0.49517400012619306,0.4733291185927893,0.5869716653554764,0.5085927444773573
0.0,0.44027404402743203,0.3541046001325585,0.38918154009854183,0.39759592033129093,0.3781458880571165,0.41414907779464233,0.49236814439274096,0.0,0.4409182768290151,0.3755145167971929,0.0,0.40348398416839715,0.45110937526185885,0.0,0.4704449171497025,0.0,0.0,0.33812983362087823,0.42988843505285146,0.0,0.4542594914601347,0.4262183153882288,0.0,0.455795012129919,0.44815078087064264,0.3868121603591138,0.42283749112562435,0.4164098608511792,0.4511060346004741,0.419291233818771,0.3904915285405732,0.0,0.41854063215002346,0.4243001683622822,0.4064325444342699,0.4065363375658675,0.0,0.4895065853496115,0.0,0.0,0.0,0.0,0.0,0.0,0.0,0.0,0.5639261051513074,0.0,0.0,0.5396986297826099,0.597212887431748,0.5490378291791065,0.5772590323726147,0.0,0.500560175095963,0.0,0.5851886414542694,0.0,0.0,0.0,0.0,0.0,0.5772654563591327,0.0,0.0,0.0,0.5518740808877437,0.0,0.0,0.0,0.5185351465750392,0.5813074070608975,0.0,0.0,0.6122754536587509
0.448694952327,0.4406201852042735,0.46708976611659847,0.1657142057208319,0.4249403451155611,0.4421345683590764,0.41408146961385817,0.4661281717266129,0.4409182768290151,0.0,0.4509246272194544,0.3058961299681947,0.42225441049542045,0.2871474846304934,0.0,0.385847256475168,0.34095129125878904,0.3658359522858928,0.0,0.0,0.517991353549723,0.4395641562021641,0.4250464741208554,0.3502498158529801,0.3665219135061803,0.37795717862181616,0.44834194471057964,0.4014675190107794,0.0,0.0,0.36652829044648333,0.33290990765165174,0.33598107027860696,0.3419867758352779,0.36388660855146715,0.2930408658287712,0.2607632670234771,0.2737767212733383,0.3709727287121463,0.3418982091289834,0.3572698680394123,0.3327653656313556,0.0,0.0,0.3451549627439977,0.0,0.0,0.0,0.0,0.0,0.0,0.0,0.0,0.0,0.43154548591444025,0.0,0.43286710507843545,0.4411567629386376,0.0,0.0,0.0,0.42874191642791476,0.42259950432578597,0.0,0.0,0.0,0.0,0.0,0.4101645379655657,0.4328372565936613,0.4434423518578186,0.0,0.39731953324831204,0.0,0.0,0.4087294364313105
0.0,0.0,0.34069338802828225,0.3655305655469236,0.3621096532333455,0.41537923469799154,0.4441399927043935,0.3302854641343122,0.3755145167971929,0.4509246272194544,0.0,0.0,0.42813662928541085,0.29183755779368065,0.0,0.0,0.0,0.0,0.33306648695636765,0.0,0.0,0.0,0.32549357806491713,0.0,0.0,0.0,0.4042893036086968,0.4304796854019441,0.0,0.0,0.4513434886965842,0.37707880140353345,0.0,0.42954823062486924,0.415246205888775,0.2627663629603454,0.40121943211692457,0.0,0.0,0.0,0.0,0.0,0.0,0.0,0.0,0.0,0.0,0.46386357510526194,0.0,0.0,0.0,0.0,0.0,0.4221995584673968,0.0,0.3698447285768478,0.0,0.0,0.0,0.0,0.0,0.0,0.0,0.46852314940207196,0.0,0.0,0.0,0.49259220559270406,0.0,0.0,0.0,0.0,0.0,0.0,0.0,0.0
0.42837558160962824,0.0,0.0,0.0,0.0,0.0,0.0,0.0,0.0,0.3058961299681947,0.0,0.0,0.42532714066764027,0.0,0.0,0.5222673165191225,0.391793943795206,0.4003602232405002,0.0,0.0,0.5240372844989792,0.0,0.0,0.33578898953800473,0.39727132063702264,0.3524619550078666,0.0,0.40548052140987156,0.0,0.0,0.3819580289172294,0.2721375473012469,0.2839466263399315,0.29442936862540325,0.3310799219517868,0.0,0.0,0.2359954642022926,0.33821343990720554,0.3466249342914227,0.3627922875704093,0.0,0.0,0.0,0.3400408737752999,0.0,0.0,0.0,0.0,0.0,0.0,0.0,0.0,0.0,0.4233879760746651,0.0,0.42044161833567484,0.4298804797015803,0.0,0.0,0.0,0.43755372531980813,0.4414966652627793,0.0,0.0,0.0,0.0,0.0,0.3996794271234267,0.4377092553765334,0.4413602543505339,0.0,0.39939450408761534,0.0,0.0,0.3992383783443108
0.5350349818290719,0.4718963025999104,0.43874050720703534,0.29143880287759044,0.38855900823766054,0.41609686378014504,0.38521945007408526,0.4309097456828496,0.40348398416839715,0.42225441049542045,0.42813662928541085,0.42532714066764027,0.0,0.3599929488891828,0.0,0.5109276086956037,0.4466821686246811,0.48023168919377374,0.4365508487552705,0.4732152442320821,0.4508197854991611,0.503265413609075,0.4137458426747605,0.4333853713460885,0.4647039449702571,0.45016008568757193,0.43136908510227906,0.3872059307369393,0.4394721863056334,0.39826305884779345,0.42522001995370895,0.3849492460633005,0.4034173491968443,0.41166901956583746,0.37993280669053975,0.33248572963837136,0.3423504110591091,0.3716159119366028,0.4904689357817836,0.0,0.0,0.0,0.0,0.0,0.0,0.0,0.0,0.5785607300711523,0.0,0.0,0.5203160564268344,0.0,0.4986425497301149,0.0,0.0,0.543536369082118,0.0,0.6003000510930807,0.0,0.0,0.0,0.0,0.0,0.632721449292021,0.0,0.0,0.0,0.5023913068832642,0.0,0.0,0.0,0.5013953344799312,0.5641586947057105,0.5143828804602046,0.0,0.5998615531649374
0.0,0.0,0.4619143956682308,0.2325635641077552,0.2859926767887062,0.44013804987230026,0.3533797004594093,0.3330160915865742,0.45110937526185885,0.2871474846304934,0.29183755779368065,0.0,0.3599929488891828,0.0,0.0,0.0,0.0,0.0,0.39663674455940234,0.0,0.0,0.0,0.3869864381451807,0.0,0.5278204496319912,0.0,0.46995103170609387,0.2806165216033999,0.0,0.0,0.3718555087963356,0.19541214152319628,0.0,0.3617103865988876,0.0,0.19320872561380467,0.1647154000826682,0.0,0.0,0.0,0.0,0.0,0.0,0.0,0.0,0.0,0.0,0.0,0.0,0.0,0.0,0.0,0.0,0.0,0.0,0.0,0.0,0.0,0.0,0.0,0.0,0.0,0.0,0.0,0.0,0.0,0.0,0.0,0.0,0.0,0.0,0.0,0.0,0.0,0.0,0.0
0.3979167444149891,0.4335738444020938,0.0,0.0,0.0,0.43428434724053294,0.0,0.3995896555596395,0.0,0.0,0.0,0.0,0.0,0.0,0.0,0.4562419371206668,0.0,0.4348526401177361,0.0,0.3298269750632416,0.3958441732205016,0.36368347492092234,0.4030433231024769,0.49730096909708715,0.4111340419760595,0.39921552839122,0.4220197449593269,0.0,0.4136607128213066,0.0,0.4128454682130698,0.42599639832486896,0.38504944106338473,0.43284888188846793,0.47610137589653007,0.4485692685977878,0.0,0.0,0.4720708234228924,0.4469778040260842,0.48177032233585454,0.5070617514294428,0.0,0.0,0.0,0.0,0.46551379054741915,0.0,0.0,0.0,0.49124696240535537,0.0,0.0,0.0,0.0,0.0,0.0,0.0,0.0,0.47056637617826935,0.4915196901366485,0.0,0.0,0.0,0.45553616028149296,0.46375418577213473,0.4805496465627207,0.4694734976535512,0.0,0.5161689473495241,0.5039151852297232,0.4788599433943713,0.0,0.46496718509675156,0.0,0.48098060722371716
0.42708986479108146,0.43861875723747756,0.0,0.0,0.5179694724791122,0.4755023531240969,0.4959913837025446,0.4949004178825089,0.4704449171497025,0.385847256475168,0.0,0.5222673165191225,0.5109276086956037,0.0,0.4562419371206668,0.0,0.39791685891610173,0.3891171189110565,0.0,0.4488081373452987,0.4637672274738813,0.4065797284818976,0.4387061671267566,0.3794798934341738,0.40207543018812464,0.4340781921607747,0.4621371814239744,0.4937274902197125,0.4729883323220424,0.47824635988908243,0.4007665688958773,0.44711242810875296,0.3767077345577771,0.4066412507259465,0.46045497052048023,0.0,0.0,0.0,0.44957694002430526,0.4065243819225178,0.4199551252152097,0.4593345200911681,0.0,0.0,0.0,0.4674267962757873,0.45975289090236554,0.0,0.0,0.0,0.0,0.0,0.0,0.0,0.5213999052915034,0.0,0.0,0.0,0.0,0.4801867471290719,0.4520844517511627,0.5920988810334648,0.4308547301048409,0.0,0.5164398885701555,0.5148217279531039,0.4492149715332363,0.0,0.38044924977561967,0.43558197050569397,0.46067254288067533,0.0,0.0,0.5392604615128026,0.0,0.424363793944257
0.41835721798533354,0.43688764754921794,0.0,0.0,0.0,0.0,0.0,0.0,0.0,0.34095129125878904,0.0,0.391793943795206,0.4466821686246811,0.0,0.0,0.39791685891610173,0.0,0.3343829765609382,0.0,0.0,0.0,0.4155541234516017,0.0,0.389863846476226,0.3612035603929165,0.39584305682051163,0.0,0.4435827606211322,0.0,0.0,0.37907958111439066,0.3945249225736164,0.3216879112895158,0.38145514001198777,0.3880759830088432,0.0,0.0,0.31375054755103626,0.0,0.4025764587165976,0.4217930400983374,0.0,0.0,0.0,0.0,0.0,0.0,0.0,0.0,0.0,0.0,0.0,0.0,0.0,0.42938378752954737,0.0,0.44450271977215433,0.0,0.0,0.0,0.0,0.4304218729802413,0.4296135012862612,0.0,0.0,0.0,0.0,0.0,0.4345267602853261,0.43124778718407386,0.44795795873937977,0.0,0.5884939772003563,0.0,0.0,0.4711535502982465
0.41187175708610546,0.4336178771568588,0.0,0.0,0.0,0.45458754423076353,0.4855694057902602,0.495920000033321,0.0,0.3658359522858928,0.0,0.4003602232405002,0.48023168919377374,0.0,0.4348526401177361,0.3891171189110565,0.3343829765609382,0.0,0.0,0.44857837598161665,0.4341003518447275,0.44315214873310066,0.44002716087570415,0.38344222427060737,0.38853479950300845,0.4098926302581699,0.44857386924948317,0.4751487443591099,0.4693981734494633,0.5055802928788186,0.3952053823849837,0.4133029542478173,0.3411084491109794,0.3861847032860663,0.4124243976744738,0.0,0.0,0.3395591555278503,0.40553212717228493,0.39878763723864163,0.3882061972715156,0.42215766539830124,0.0,0.0,0.0,0.4532576736255833,0.44273876357942515,0.0,0.0,0.0,0.0,0.0,0.0,0.0,0.42481882323427217,0.0,0.4412328253776201,0.9596855020245375,0.0,0.0,0.44651645742968266,0.40655312934904725,0.4299352871829376,0.0,0.0,0.0,0.4387914383343565,0.0,0.4347587659264949,0.432311652847717,0.4523418319148823,0.0,0.8783832648889894,0.0,0.0,0.42499625223689314
0.0,0.0,0.3287129299889363,0.41311648562483905,0.4210076086566121,0.36511920712924084,0.45041869399165324,0.45093001336637706,0.33812983362087823,0.0,0.33306648695636765,0.0,0.4365508487552705,0.39663674455940234,0.0,0.0,0.0,0.0,0.0,0.0,0.0,0.0,0.3398111603146024,0.0,0.0,0.0,0.4150581622273168,0.4320819444969951,0.0,0.0,0.45031769792711246,0.40923945206750284,0.0,0.4416157913264157,0.0,0.37891648533639183,0.4314874844949037,0.0,0.0,0.0,0.0,0.0,0.0,0.0,0.0,0.0,0.0,0.5406957744972709,0.0,0.0,0.0,0.0,0.6071041115798452,0.5816276701219991,0.0,0.46734380680464416,0.0,0.0,0.0,0.0,0.0,0.0,0.0,0.5729438494803273,0.0,0.0,0.0,0.5584186173373863,0.0,0.0,0.0,0.0,0.0,0.0,0.0,0.0
0.4536939625779235,0.4659641922106087,0.0,0.3942851788060001,0.4557643540243318,0.44455091612277287,0.48019239123310703,0.43419000868452895,0.42988843505285146,0.0,0.0,0.0,0.4732152442320821,0.0,0.3298269750632416,0.4488081373452987,0.0,0.44857837598161665,0.0,0.0,0.42761109320427076,0.3995852539099898,0.3058982224971667,0.5993495967685518,0.4473717654623965,0.4437644193489209,0.3993571018696117,0.44451686974218796,0.36304480247820414,0.3604922712967793,0.39343925817120945,0.45509091691012254,0.41608540557473644,0.45626734030163024,0.499086318196767,0.5142393857238313,0.4565862900739845,0.0,0.4661091211649636,0.47288978230218925,0.48967038054114764,0.4807304823651396,0.0,0.0,0.0,0.0,0.4687171450287352,0.0,0.0,0.0,0.49524310488162465,0.0,0.4937494010081517,0.0,0.0,0.0,0.0,0.0,0.0,0.46591775133561364,0.5650357251404647,0.0,0.0,0.0,0.47168702928110134,0.46129327197495934,0.47329436295862637,0.48544149499376993,0.0,0.5592332293983517,0.479132807550261,0.4901947272243644,0.5084861092123028,0.47416848691037405,0.0,0.4790119090549219
0.4676393408301555,0.45616654492353026,0.0,0.0,0.0,0.4350870848498539,0.5016590636471694,0.4315003600624264,0.0,0.517991353549723,0.0,0.5240372844989792,0.4508197854991611,0.0,0.3958441732205016,0.4637672274738813,0.0,0.4341003518447275,0.0,0.42761109320427076,0.0,0.4433741874516479,0.43265680412536517,0.5096451158572053,0.44127597749492553,0.43934750095021124,0.4462002898923246,0.447867382498106,0.428538091215177,0.0,0.4517865154816423,0.4236520713866688,0.3760748234317431,0.4292724815781895,0.47906253518589187,0.5006870006294075,0.0,0.0,0.47090480902291854,0.4447923277408988,0.488401384632282,0.5289435181197941,0.0,0.0,0.0,0.46051453923056257,0.47430942295998413,0.0,0.0,0.0,0.4865819440424593,0.0,0.4340623140695916,0.0,0.0,0.0,0.0,0.0,0.0,0.45931123401444685,0.4739062310411915,0.0,0.5439591663827691,0.0,0.4634898016979444,0.42918248052042324,0.4852345434105243,0.47937114298139455,0.0,0.4806990420704801,0.5070383670644245,0.49587377851828796,0.49395076985236236,0.4457600427062193,0.5159690796932171,0.4872349530463842
0.4455721145645384,0.4427632135645761,0.0,0.0,0.50303748065852,0.47209169442896015,0.5033681851025347,0.46752737069835676,0.4542594914601347,0.4395641562021641,0.0,0.0,0.503265413609075,0.0,0.36368347492092234,0.4065797284818976,0.4155541234516017,0.44315214873310066,0.0,0.3995852539099898,0.4433741874516479,0.0,0.4459843205278657,0.5102690725696317,0.44047830457400644,0.4278121762588655,0.4556111527621024,0.4962538234723753,0.4388715194625769,0.4596716294245079,0.4044749278839769,0.4481017941585193,0.39746581190932717,0.43806009859848727,0.48828575606737773,0.47854427511886694,0.0,0.0,0.4657238609354378,0.4626616696413177,0.4688573755242016,0.4991054381073106,0.0,0.0,0.0,0.4752070367734481,0.4562631126654173,0.0,0.0,0.0,0.4931957361198612,0.0,0.0,0.0,0.0,0.0,0.0,0.0,0.0,0.48265865375546646,0.4609141327001816,0.0,0.4857466689367468,0.0,0.47601000574832764,0.47851140106339923,0.4786288479490182,0.47920903515544166,0.0,0.4405378355103686,0.4898684868063727,0.48328483262104016,0.0,0.4664541481501589,0.0,0.4604161952229134
0.49048814551063097,0.4463690314224385,0.35575035812976064,0.3576313420580974,0.40607190646547897,0.423998991083544,0.413410953647039,0.40435234573715845,0.4262183153882288,0.4250464741208554,0.32549357806491713,0.0,0.4137458426747605,0.3869864381451807,0.4030433231024769,0.4387061671267566,0.0,0.44002716087570415,0.3398111603146024,0.3058982224971667,0.43265680412536517,0.4459843205278657,0.0,0.5060936740033533,0.4106587625465562,0.4585689614637553,0.365528025323559,0.4238397350000327,0.4175430055560293,0.4136937579360419,0.4366245086508784,0.41523482689746655,0.40466891868683125,0.44075573164980975,0.47514234042214065,0.3951449088016299,0.4035121208431865,0.0,0.4924653567546732,0.4369416282068918,0.48702948051647943,0.5020719735822274,0.4729522763387618,0.0,0.0,0.4484440459340421,0.503860524243674,0.5461687084686665,0.0,0.5763328985196741,0.5117193865445793,0.527680020858818,0.5043177228399532,0.5594999627761171,0.0,0.49354033434887784,0.0,0.5147735037423011,0.0,0.4754688598787269,0.0,0.0,0.0,0.5956597971995541,0.49162132231996003,0.5049459901106602,0.48001993254436787,0.5161659811440267,0.0,0.0,0.4864834165694016,0.5121443754691781,0.5127786221632868,0.48710184807354373,0.5067567580069607,0.49894118888645284
0.3856500122371232,0.0,0.0,0.0,0.0,0.0,0.0,0.5245297327463169,0.0,0.3502498158529801,0.0,0.33578898953800473,0.4333853713460885,0.0,0.49730096909708715,0.3794798934341738,0.389863846476226,0.38344222427060737,0.0,0.5993495967685518,0.5096451158572053,0.5102690725696317,0.5060936740033533,0.0,0.3883523435617557,0.386467351370369,0.5378245798059048,0.425335535858513,0.0,0.0,0.3830167389699467,0.32623893014619093,0.2460453643134291,0.28917586510610993,0.32060428533126994,0.0,0.0,0.258360196474119,0.4266020140537257,0.36467914766887727,0.3707037009406051,0.0,0.0,0.0,0.27015510962408334,0.4172072664903849,0.40557566512963783,0.0,0.0,0.0,0.0,0.0,0.0,0.0,0.4285333837785255,0.0,0.41730445389491455,0.3740898962132373,0.0,0.0,0.0,0.45591848147720393,0.45015951312209684,0.0,0.0,0.0,0.0,0.0,0.4214246897223868,0.45844030054611823,0.467216755509999,0.0,0.30349089574283133,0.0,0.0,0.3982892684094827
0.42125496392217426,0.40858609121558487,0.0,0.0,0.0,0.43960997858972695,0.4603180864986118,0.5049626958112189,0.455795012129919,0.3665219135061803,0.0,0.39727132063702264,0.4647039449702571,0.5278204496319912,0.4111340419760595,0.40207543018812464,0.3612035603929165,0.38853479950300845,0.0,0.4473717654623965,0.44127597749492553,0.44047830457400644,0.4106587625465562,0.3883523435617557,0.0,0.4074606123189656,0.4313595200153702,0.46827225073903644,0.46689906567713035,0.0,0.3975877596935803,0.40220692175694006,0.33436398620344765,0.374447939989371,0.3942005950350627,0.47974450136569036,0.0,0.3166344257039682,0.42353382399748507,0.40955210525490404,0.40512951071838244,0.42667909752361466,0.0,0.0,0.0,0.45922792943836405,0.4344797805174605,0.0,0.0,0.0,0.0,0.0,0.0,0.0,0.4529979733411981,0.0,0.45637443104380426,0.5310231405765925,0.0,0.0,0.445685775521923,0.4267866815640705,0.43522177194181366,0.0,0.0,0.0,0.4200729683396771,0.0,0.4415078300763153,0.44215931300380906,0.45993143198005304,0.0,0.49612046167786705,0.4674327298439855,0.0,0.4293090282009204
0.39696598575158004,0.4349050416531432,0.0,0.0,0.506485969677504,0.4347263400828029,0.449164893172211,0.49300112229893067,0.44815078087064264,0.37795717862181616,0.0,0.3524619550078666,0.45016008568757193,0.0,0.39921552839122,0.4340781921607747,0.39584305682051163,0.4098926302581699,0.0,0.4437644193489209,0.43934750095021124,0.4278121762588655,0.4585689614637553,0.386467351370369,0.4074606123189656,0.0,0.4547274267223083,0.4455637875145483,0.4323979165726349,0.0,0.4121356403971749,0.42481475565389093,0.3598789996210251,0.39737031494633657,0.43908395024223373,0.0,0.0,0.33102230696292995,0.465628044051535,0.43395719343694766,0.4481711314699317,0.48108859299250173,0.0,0.0,0.4668210329807353,0.46778377522281167,0.4718322230089788,0.0,0.0,0.0,0.5245265308296977,0.0,0.0,0.0,0.4588465353044522,0.0,0.4575920885764157,0.5516329180760908,0.0,0.4985002311157556,0.46558423286609235,0.4528005663566015,0.4544150133381335,0.0,0.4872590034849954,0.5027561380529052,0.49476504400363314,0.4933179991308564,0.45980481094493814,0.45520623909724817,0.48019230210748004,0.5018422212046187,0.4853774155757409,0.48665195008513684,0.0,0.44504193162253985
0.46485282431710695,0.4597636929503839,0.37355738412052036,0.4010436001508546,0.42512037004989317,0.41212797760894987,0.43197644883538155,0.45474958399931414,0.3868121603591138,0.44834194471057964,0.4042893036086968,0.0,0.43136908510227906,0.46995103170609387,0.4220197449593269,0.4621371814239744,0.0,0.44857386924948317,0.4150581622273168,0.3993571018696117,0.4462002898923246,0.4556111527621024,0.365528025323559,0.5378245798059048,0.4313595200153702,0.4547274267223083,0.0,0.4375175363776913,0.4112750256362738,0.42685970110853055,0.4468777898383977,0.4350755462707388,0.40613027677004127,0.46396766397528627,0.4807785579472708,0.4484335525489137,0.42149464149826327,0.0,0.48662103456778333,0.46080122110560157,0.5031634238087018,0.48110651321032233,0.46142926030761194,0.0,0.0,0.6896642943770173,0.5238859983627079,0.5609161103289443,0.0,0.0,0.5130984129307173,0.5276371206181456,0.5015999286183035,0.5571045743676177,0.0,0.5297269995710839,0.0,0.5137141886258038,0.0,0.47672939983669016,0.0,0.0,0.0,0.5899114586291828,0.4929830101014527,0.5033903593136162,0.4861368480569978,0.5165727610673285,0.0,0.0,0.4926232232246419,0.5056303771721495,0.5053216102385121,0.48640566954422165,0.5220971225221385,0.4996187122302159
0.0,0.48786628379503505,0.44042086362018934,0.24725035329966188,0.37749550269646737,0.41522684128773674,0.3871135772834146,0.43560794846798057,0.42283749112562435,0.4014675190107794,0.4304796854019441,0.40548052140987156,0.3872059307369393,0.2806165216033999,0.0,0.4937274902197125,0.4435827606211322,0.4751487443591099,0.4320819444969951,0.44451686974218796,0.447867382498106,0.4962538234723753,0.4238397350000327,0.425335535858513,0.46827225073903644,0.4455637875145483,0.4375175363776913,0.0,0.39782040328007773,0.33145692923162945,0.4100166366947529,0.39743762649386355,0.3668566529627498,0.400963264850092,0.36391963774188624,0.26241547311608876,0.26887812293014773,0.3367963928530609,0.4543597003559869,0.0,0.5097177103286578,0.0,0.0,0.0,0.0,0.0,0.0,0.0,0.0,0.0,0.5015658723296534,0.0,0.49280320939506306,0.0,0.0,0.0,0.0,0.5694330359159889,0.0,0.0,0.0,0.0,0.0,0.0,0.5002857960941642,0.5067013479873355,0.0,0.4993268721711105,0.0,0.0,0.0,0.5020567482663745,0.5217663167705006,0.49026006268633915,0.0,0.5350223646497432
0.4928239826114186,0.46105344533247117,0.0,0.0,0.4562970193419231,0.38656483571114597,0.4630672739015255,0.4170605923858248,0.4164098608511792,0.0,0.0,0.0,0.4394721863056334,0.0,0.4136607128213066,0.4729883323220424,0.0,0.4693981734494633,0.0,0.36304480247820414,0.428538091215177,0.4388715194625769,0.4175430055560293,0.0,0.46689906567713035,0.4323979165726349,0.4112750256362738,0.39782040328007773,0.0,0.3670075609323354,0.4039697285155244,0.4379044651875152,0.39185206941779693,0.44808675307394796,0.4693776807087643,0.4746093846292488,0.4626309138614272,0.0,0.4680058025860496,0.48836957249674856,0.5033381628866401,0.4943417435647103,0.0,0.0,0.0,0.0,0.4943577933555967,0.0,0.0,0.0,0.493801013075391,0.0,0.49535114114345563,0.0,0.0,0.0,0.0,0.5268487949499352,0.0,0.46068105105673446,0.0,0.0,0.0,0.0,0.4768706485029259,0.4761979931534527,0.4675682508659022,0.4913950045452417,0.0,0.0,0.4803411428856612,0.4928833970379362,0.5018966908070799,0.4712971994646343,0.5310540255332727,0.4913106922814876
0.0,0.0,0.467822714495155,0.0,0.0,0.4315722749346456,0.41124470813930236,0.42806515032963244,0.4511060346004741,0.0,0.0,0.0,0.39826305884779345,0.0,0.0,0.47824635988908243,0.0,0.5055802928788186,0.0,0.3604922712967793,0.0,0.4596716294245079,0.4136937579360419,0.0,0.0,0.0,0.42685970110853055,0.33145692923162945,0.3670075609323354,0.0,0.3476634382721931,0.3854966481343009,0.0,0.4340937019443814,0.41712409910625226,0.0,0.0,0.0,0.49556508723923354,0.0,0.0,0.0,0.0,0.0,0.0,0.0,0.0,0.0,0.0,0.0,0.0,0.0,0.0,0.0,0.0,0.0,0.0,0.8032145988211181,0.0,0.0,0.0,0.0,0.0,0.0,0.0,0.0,0.0,0.5013722696286733,0.0,0.0,0.0,0.5097805294410415,0.0,0.0,0.0,0.0
0.40242297409154915,0.400801391708964,0.44945047306423475,0.3148299794884214,0.4302408502640345,0.4501223250538861,0.44625539148283927,0.43700271083566694,0.419291233818771,0.36652829044648333,0.4513434886965842,0.3819580289172294,0.42522001995370895,0.3718555087963356,0.4128454682130698,0.4007665688958773,0.37907958111439066,0.3952053823849837,0.45031769792711246,0.39343925817120945,0.4517865154816423,0.4044749278839769,0.4366245086508784,0.3830167389699467,0.3975877596935803,0.4121356403971749,0.4468777898383977,0.4100166366947529,0.4039697285155244,0.3476634382721931,0.0,0.38247520283560005,0.3312021781391435,0.3290089213860491,0.32355976612333387,0.39392677988840635,0.3841183068438043,0.31310503151537206,0.4488005273541473,0.3916099144765447,0.4101945500702677,0.0,0.0,0.0,0.0,0.43497461195054293,0.43023480760684274,0.0,0.0,0.0,0.5164246890523184,0.0,0.5158228204703991,0.0,0.4336009013125975,0.0,0.4494442473741537,0.6223404740118523,0.0,0.4721112362350716,0.4349573263696895,0.4592978892578643,0.43163646313200776,0.0,0.49830862356636124,0.0,0.45005790653872046,0.501766905810328,0.42131949538858215,0.4323851811759593,0.4477770260379043,0.508721840727878,0.5400937835738331,0.5087822152199067,0.0,0.44446879934000344
0.42062483536717044,0.44628015700785834,0.4159021590118122,0.29580579170367366,0.36741623932136686,0.4176085357460014,0.37818081435620154,0.3985630232106172,0.3904915285405732,0.33290990765165174,0.37707880140353345,0.2721375473012469,0.3849492460633005,0.19541214152319628,0.42599639832486896,0.44711242810875296,0.3945249225736164,0.4133029542478173,0.40923945206750284,0.45509091691012254,0.4236520713866688,0.4481017941585193,0.41523482689746655,0.32623893014619093,0.40220692175694006,0.42481475565389093,0.4350755462707388,0.39743762649386355,0.4379044651875152,0.3854966481343009,0.38247520283560005,0.0,0.3283029418275112,0.37581933198454665,0.37374842443696005,0.2569410573123363,0.31888171828273076,0.25171684973613795,0.3191850678339097,0.2962908353590867,0.35490844477029354,0.34259074404207457,0.3064457620896891,0.0,0.2464638310229196,0.4654055028249606,0.44730997769793723,0.0,0.3283732974077516,0.0,0.48418955736105806,0.0,0.47818610430545694,0.0,0.2972976216558786,0.0,0.2602585773205574,0.44937451490267144,0.0,0.4640397437509422,0.4478503656704534,0.0,0.4295781920895648,0.0,0.47009530729535065,0.44997111086455704,0.46997134963032206,0.4738168927605371,0.27702090219589026,0.4393127963688329,0.4612430550610459,0.48321435279693586,0.3992419538222683,0.46318232260800696,0.4904169009388414,0.42915095032160355
0.33476701358140853,0.3755063254622795,0.0,0.0,0.0,0.40556576815806994,0.0,0.42889775515519457,0.0,0.33598107027860696,0.0,0.2839466263399315,0.4034173491968443,0.0,0.38504944106338473,0.3767077345577771,0.3216879112895158,0.3411084491109794,0.0,0.41608540557473644,0.3760748234317431,0.39746581190932717,0.40466891868683125,0.2460453643134291,0.33436398620344765,0.3598789996210251,0.40613027677004127,0.3668566529627498,0.39185206941779693,0.0,0.3312021781391435,0.3283029418275112,0.0,0.2342462132811775,0.3809427016936403,0.310758678448226,0.0,0.19269150171503382,0.3350495243238535,0.3212166040853423,0.321496400846831,0.283451410827346,0.0,0.32489491504753004,0.21060349655211136,0.4262272137213928,0.4354161892507107,0.0,0.0,0.0,0.5021192337907124,0.0,0.0,0.0,0.3687628428786712,0.0,0.34275066043397756,0.4522358421790615,0.0,0.45749232035145043,0.4278723868566873,0.34637436690848644,0.4013671864597364,0.0,0.4678842439902766,0.49207507806702383,0.4519194391280197,0.4532217773451465,0.31956464859653294,0.40681457056940706,0.43590810315780465,0.45736467754258947,0.37105790186831167,0.47731116107283067,0.0,0.389969573620816
0.3826669743187039,0.40573657058937673,0.44207444396378764,0.2347966709327013,0.40919394221811306,0.44838422353372553,0.41177293842306345,0.42644453832134693,0.41854063215002346,0.3419867758352779,0.42954823062486924,0.29442936862540325,0.41166901956583746,0.3617103865988876,0.43284888188846793,0.4066412507259465,0.38145514001198777,0.3861847032860663,0.4416157913264157,0.45626734030163024,0.4292724815781895,0.43806009859848727,0.44075573164980975,0.28917586510610993,0.374447939989371,0.39737031494633657,0.46396766397528627,0.400963264850092,0.44808675307394796,0.4340937019443814,0.3290089213860491,0.37581933198454665,0.2342462132811775,0.0,0.3556520853412173,0.2938065517284469,0.29144743774831045,0.21117830853689606,0.37334358826648484,0.3471175950291898,0.3983251243271609,0.39145624805524526,0.3502668200373147,0.31010797982811655,0.0,0.43638845523221936,0.4333205881832901,0.0,0.0,0.0,0.49674830955114346,0.0,0.49298677778818145,0.0,0.40058252169078945,0.0,0.4082585653874252,0.0,0.0,0.47790850950996194,0.4288785186293413,0.42007637220772254,0.42014524756633465,0.0,0.48100470257477523,0.48791518548519036,0.47206638077093505,0.4961238743257895,0.3927049167786735,0.42005010251684755,0.4463775965489654,0.5005072437540821,0.5100345754666251,0.5003555922389429,0.0,0.41997649763854306
0.4419654795536087,0.4552520455056229,0.44608979833157414,0.2382242072053241,0.36775722204363676,0.47253141736356485,0.3637850105785885,0.4600789631190891,0.4243001683622822,0.36388660855146715,0.415246205888775,0.3310799219517868,0.37993280669053975,0.0,0.47610137589653007,0.46045497052048023,0.3880759830088432,0.4124243976744738,0.0,0.499086318196767,0.47906253518589187,0.48828575606737773,0.47514234042214065,0.32060428533126994,0.3942005950350627,0.43908395024223373,0.4807785579472708,0.36391963774188624,0.4693776807087643,0.41712409910625226,0.32355976612333387,0.37374842443696005,0.3809427016936403,0.3556520853412173,0.0,0.2845483475866132,0.3165552517073288,0.32246583184098043,0.3282893058797353,0.2757275606018665,0.31676477041102324,0.36899135052269555,0.3334439229113143,0.0,0.30168927626932013,0.4373643940428277,0.4657055921250874,0.0,0.0,0.0,0.0,0.0,0.0,0.0,0.33563949160939427,0.0,0.27988396014753286,0.0,0.0,0.5043365617711323,0.4643142007727382,0.0,0.438698175126522,0.0,0.5056027724290958,0.5149886904079848,0.49909305947696064,0.5075230037770674,0.0,0.4386694831952073,0.4738223356688248,0.49817346237575727,0.0,0.5154318867179353,0.0,0.0
0.0,0.0,0.4218479462685991,0.1691750598661493,0.25096771546362256,0.4083197826697668,0.3101332180059016,0.26065865695693835,0.4064325444342699,0.2930408658287712,0.2627663629603454,0.0,0.33248572963837136,0.19320872561380467,0.4485692685977878,0.0,0.0,0.0,0.37891648533639183,0.5142393857238313,0.5006870006294075,0.47854427511886694,0.3951449088016299,0.0,0.47974450136569036,0.0,0.4484335525489137,0.26241547311608876,0.4746093846292488,0.0,0.39392677988840635,0.2569410573123363,0.310758678448226,0.2938065517284469,0.2845483475866132,0.0,0.1942272859232773,0.33696510969671845,0.3240269664764751,0.0,0.0,0.2885236892668292,0.3801583455445744,0.31329386383329383,0.0,0.0,0.0,0.4851589445851073,0.0,0.0,0.0,0.0,0.0,0.0,0.0,0.0,0.0,0.0,0.0,0.0,0.0,0.0,0.0,0.0,0.0,0.0,0.0,0.0,0.0,0.0,0.0,0.0,0.0,0.0,0.0,0.0
0.0,0.0,0.42418097709347014,0.1711197927220436,0.3198426562954111,0.41271567707693796,0.294185964415351,0.4308600024699405,0.4065363375658675,0.2607632670234771,0.40121943211692457,0.0,0.3423504110591091,0.1647154000826682,0.0,0.0,0.0,0.0,0.4314874844949037,0.4565862900739845,0.0,0.0,0.4035121208431865,0.0,0.0,0.0,0.42149464149826327,0.26887812293014773,0.4626309138614272,0.0,0.3841183068438043,0.31888171828273076,0.0,0.29144743774831045,0.3165552517073288,0.1942272859232773,0.0,0.35356335334948596,0.3047490982015212,0.0,0.0,0.31841742894520364,0.2854065228956,0.0,0.0,0.0,0.0,0.0,0.0,0.0,0.0,0.0,0.0,0.0,0.0,0.0,0.0,0.0,0.0,0.0,0.0,0.0,0.0,0.0,0.0,0.0,0.0,0.0,0.0,0.0,0.0,0.0,0.0,0.0,0.0,0.0
0.45618778153947437,0.0,0.0,0.0,0.37550932612068305,0.0,0.37572941010472655,0.0,0.0,0.2737767212733383,0.0,0.2359954642022926,0.3716159119366028,0.0,0.0,0.0,0.31375054755103626,0.3395591555278503,0.0,0.0,0.0,0.0,0.0,0.258360196474119,0.3166344257039682,0.33102230696292995,0.0,0.3367963928530609,0.0,0.0,0.31310503151537206,0.25171684973613795,0.19269150171503382,0.21117830853689606,0.32246583184098043,0.33696510969671845,0.35356335334948596,0.0,0.0,0.0,0.21891589575978368,0.0,0.0,0.0,0.2066576516889162,0.0,0.0,0.0,0.0,0.0,0.0,0.0,0.0,0.0,0.3696944700587461,0.0,0.3690203229605702,0.0,0.0,0.0,0.0,0.0,0.0,0.0,0.0,0.0,0.0,0.0,0.3961769641238781,0.0,0.3393815519723408,0.0,0.0,0.0,0.0,0.0
0.4581684595242176,0.4618217270750006,0.0,0.0,0.0,0.4756108208834747,0.0,0.4563756414353216,0.4895065853496115,0.3709727287121463,0.0,0.33821343990720554,0.4904689357817836,0.0,0.4720708234228924,0.44957694002430526,0.0,0.40553212717228493,0.0,0.4661091211649636,0.47090480902291854,0.4657238609354378,0.4924653567546732,0.4266020140537257,0.42353382399748507,0.465628044051535,0.48662103456778333,0.4543597003559869,0.4680058025860496,0.49556508723923354,0.4488005273541473,0.3191850678339097,0.3350495243238535,0.37334358826648484,0.3282893058797353,0.3240269664764751,0.3047490982015212,0.0,0.0,0.33074857727132484,0.3452660003344006,0.32048157907618063,0.24094494737106154,0.29484230623231034,0.2569104054259246,0.40547958726119626,0.4162836037003468,0.41418860222890386,0.24932827299895474,0.39465812423767876,0.4366582506891563,0.37586714083336825,0.37585005062983345,0.4127588370431941,0.31432639627848746,0.3553117793963034,0.27509418251592266,0.3897245277775775,0.25564003597650736,0.42825928999758095,0.43683395286446264,0.4200402120913637,0.43397915196062176,0.4050393389942425,0.47910955386672555,0.4179758837503323,0.4466098171485692,0.41263020823866814,0.3250308661080874,0.4128563809535,0.42530028293032934,0.4511671775396516,0.3644937845222821,0.4542274517482625,0.352825772769472,0.3697362069152584
0.4166844630516468,0.43942801661273406,0.0,0.0,0.0,0.0,0.0,0.0,0.0,0.3418982091289834,0.0,0.3466249342914227,0.0,0.0,0.4469778040260842,0.4065243819225178,0.4025764587165976,0.39878763723864163,0.0,0.47288978230218925,0.4447923277408988,0.4626616696413177,0.4369416282068918,0.36467914766887727,0.40955210525490404,0.43395719343694766,0.46080122110560157,0.0,0.48836957249674856,0.0,0.3916099144765447,0.2962908353590867,0.3212166040853423,0.3471175950291898,0.2757275606018665,0.0,0.0,0.0,0.33074857727132484,0.0,0.2522804175226495,0.3589877907819151,0.0,0.2723153877999803,0.18022337478207218,0.2983916840861688,0.3257244849895662,0.0,0.0,0.0,0.4221409472040867,0.3402529736990497,0.4296598322755705,0.0,0.3280346647795589,0.43228485834941477,0.23100744459576883,0.38802762947200065,0.0,0.3842102519782454,0.3833244866255081,0.34742305144034347,0.36492187158868516,0.0,0.4288229025876028,0.358754949307256,0.396474131547719,0.40431572190414405,0.2515103362031693,0.33448295029530556,0.3618261343399494,0.4211107917642163,0.338982410040224,0.3379781849336202,0.0,0.32937190303060543
