0,1,2,3,4,5,6,7,8,9,10,11,12,13,14,15,16,17,18,19,20,21,22,23,24,25,26,27,28,29,30,31,32,33,34,35,36,37,38,39,40,41,42,43,44,45,46,47,48,49,50,51,52,53,54,55,56,57,58,59,60,61,62,63,64,65,66,67,68,69,70,71,72,73,74,75
0.0,0.3720469922562403,0.0,0.0,0.0,0.4414706988943266,0.0,0.4899386861108659,0.0,0.3627720222011412,0.0,0.3576167934747014,0.4766723626057806,0.0,0.3995859194529508,0.3677399543605854,0.3495985385717664,0.34047503482354236,0.0,0.43727589380709997,0.39977736754995025,0.39907018319784704,0.44789397173573187,0.3561159389215143,0.33496909069309877,0.34177809658536085,0.4410749200003718,0.4422503248148056,0.41199786056894017,0.0,0.3440631023114486,0.38668856434339804,0.31377819455538136,0.3516741206237295,0.3873165996339068,0.0,0.0,0.4701466037948256,0.4034446201716447,0.38043058238079286,0.3923470403340042,0.4499044730413674,0.0,0.0,0.0,0.3595329694873237,0.41598902844422186,0.0,0.0,0.0,0.0,0.0,0.0,0.0,0.0,0.0,0.0,0.0,0.0,0.0,0.4067444449867669,0.0,0.3753282859721796,0.0,0.0,0.44632340364838696,0.38878529912466603,0.0,0.37492281051778154,0.3983451026863748,0.4208858513664607,0.0,0.0,0.0,0.0,0.4171833138044171
0.3720469922562403,0.0,0.0,0.0,0.39404927294891035,0.36747109070289274,0.4025742601574893,0.4498537756400799,0.3862741043630693,0.400606295421873,0.0,0.5013430113841121,0.3998173478331337,0.0,0.39841753481158765,0.3703770322395988,0.4209772168285777,0.3693381570939215,0.0,0.3940579036845845,0.3955330003742823,0.35513852635818355,0.39313502889037755,0.38667317206069296,0.3586882320567631,0.3480935003575548,0.3945695150798926,0.4049663208960627,0.3629989769214158,0.402522650725211,0.36453444222669346,0.37160050273281503,0.32877003679384553,0.357764463332987,0.412358293891198,0.0,0.0,0.0,0.4229557612140128,0.41205537814635984,0.3855449122010223,0.44342113521819027,0.0,0.0,0.0,0.4106519782970139,0.39642918168108826,0.0,0.0,0.0,0.47762982155279,0.0,0.0,0.0,0.0,0.0,0.0,0.0,0.0,0.45583804281799234,0.41712279133818664,0.0,0.41353604472042815,0.0,0.4206714683965906,0.4471194183758277,0.41336964453842323,0.4601847762744237,0.0,0.42067123487167224,0.4366912888498973,0.44191020637205175,0.0,0.44096761780698585,0.0,0.4003791782116249
0.0,0.0,0.0,0.0,0.38671092080971514,0.3610215213242564,0.40337558735524853,0.41529627912248196,0.2641382595281869,0.0,0.30185084387386285,0.0,0.4173894897316325,0.35722578044560627,0.0,0.0,0.0,0.0,0.25821943863232877,0.0,0.5057058707079407,0.43439716376795245,0.3305122471579802,0.0,0.0,0.0,0.2719610072334151,0.4257033676908855,0.37444940721815256,0.448999272450725,0.4271422897574281,0.3976929026312397,0.0,0.43189931485857075,0.42744304528605004,0.3900530431703603,0.4293085780868063,0.0,0.5108798784746144,0.0,0.0,0.0,0.4794962364068534,0.0,0.0,0.0,0.0,0.3901258181618405,0.0,0.5444788258176184,0.49702147904427546,0.5277365825616124,0.5219219880182596,0.4997800109745151,0.0,0.42335600279654906,0.0,0.5301483660143429,0.4628457024559882,0.0,0.0,0.0,0.0,0.30172110341053016,0.0,0.0,0.0,0.49039979869387523,0.0,0.0,0.0,0.5048374800955621,0.5596177797473263,0.0,0.0,0.0
0.0,0.0,0.0,0.0,0.28190475376196955,0.36736362982722437,0.3038381180875049,0.3451697769387884,0.364104169007366,0.0,0.33499138435801123,0.2711881062559509,0.28098308888874596,0.2962929747162284,0.0,0.0,0.0,0.0,0.36381299936055395,0.42704530430201926,0.0,0.4106381242204456,0.3775546814846642,0.0,0.0,0.0,0.41885283678507346,0.23252692811785033,0.0,0.4267466642883445,0.27177818898987016,0.27334413986069866,0.0,0.22940858976446815,0.2945608879963213,0.18115955517141694,0.1655129843228418,0.0,0.0,0.0,0.0,0.0,0.0,0.0,0.0,0.0,0.0,0.0,0.0,0.0,0.0,0.0,0.0,0.0,0.0,0.0,0.0,0.0,0.0,0.0,0.0,0.0,0.0,0.0,0.0,0.0,0.0,0.0,0.0,0.0,0.0,0.0,0.0,0.0,0.0,0.0
0.0,0.39404927294891035,0.38671092080971514,0.28190475376196955,0.0,0.35745169087241724,0.3119726388601729,0.3492649013593326,0.30237644426642396,0.39279665761265187,0.2895326773583044,0.36044147978859437,0.3446672122609846,0.2994063347711272,0.4245674222600047,0.4268446108296369,0.47198300787988495,0.4599249814163351,0.3339407932076875,0.3731124473109135,0.0,0.3913187832363526,0.363468689120952,0.0,0.41923685124219906,0.43197788727404896,0.377478526347717,0.33235666733946384,0.3739219788396192,0.3549502510355486,0.37823288857975645,0.3382765088101259,0.43549333464702705,0.36323534289940196,0.31564340025261634,0.2496193829697182,0.23648015958179996,0.0,0.0,0.0,0.0,0.0,0.3614680046424831,0.0,0.0,0.0,0.0,0.49402522933944454,0.0,0.0,0.5012810899776924,0.0,0.4797137583261123,0.0,0.0,0.39653508406948085,0.0,0.0,0.0,0.0,0.0,0.0,0.0,0.4726743702615467,0.0,0.0,0.0,0.4627293212053613,0.0,0.0,0.0,0.48711180246638974,0.6164622940031235,0.0,0.0,0.0
0.4414706988943266,0.36747109070289274,0.3610215213242564,0.36736362982722437,0.35745169087241724,0.0,0.38573980343445946,0.36372441119949417,0.2971619421460003,0.4155342107832407,0.3419366540569653,0.4358448092605103,0.36672672252421024,0.32587653829791996,0.4190464102464422,0.3911022063564024,0.0,0.3946350701598983,0.3643813428911778,0.4009521891719544,0.3964514891326231,0.4035370239115366,0.36646215228696316,0.5278771683127479,0.34607105736468874,0.40107258627706804,0.35909853382863594,0.3639046072792671,0.3239809788630249,0.39085020923865466,0.4049863608706735,0.37613044541656804,0.3801574694330545,0.40923047364794096,0.40160806292151746,0.3884986412793362,0.39782166027054816,0.0,0.42942785851065207,0.0,0.46357471213792,0.5078883714700065,0.4419524905259275,0.0,0.0,0.0,0.0,0.47970908019784836,0.0,0.0,0.4552430419854003,0.4816797078734903,0.4331839707062689,0.4575161516745061,0.0,0.0,0.0,0.4705610211573032,0.0,0.4693369452521845,0.0,0.0,0.0,0.49180821148722964,0.46619073856778764,0.4603178114738112,0.0,0.46924304491643265,0.0,0.0,0.0,0.46207639193301103,0.4679523813201614,0.43365100727864914,0.49943163764755705,0.46723961256261487
0.0,0.4025742601574893,0.40337558735524853,0.3038381180875049,0.3119726388601729,0.38573980343445946,0.0,0.34314561454167736,0.35356568367337177,0.3857296001751768,0.4090039154131181,0.3490112958075595,0.30888610826097507,0.3644985409089146,0.0,0.42957656217269147,0.0,0.4275817655080968,0.3839702938602027,0.3999665519784748,0.4257817588418429,0.41709016288875994,0.373288925606085,0.0,0.4063703616256593,0.4037097719643744,0.3944021589245872,0.35164805934460164,0.38938971565751085,0.3846491318299094,0.35932335834075224,0.36410989456746745,0.3877733027016689,0.38427346503928766,0.38971912747133375,0.29924185946629267,0.3057336493863121,0.0,0.535965813736599,0.0,0.0,0.0,0.0,0.0,0.0,0.0,0.0,0.5317308424457166,0.0,0.0,0.0,0.0,0.49086999786387897,0.0,0.0,0.0,0.0,0.0,0.0,0.0,0.0,0.0,0.0,0.0,0.0,0.0,0.0,0.46242616081394505,0.0,0.0,0.0,0.46935142838751176,0.0,0.0,0.0,0.0
0.4899386861108659,0.4498537756400799,0.41529627912248196,0.3451697769387884,0.3492649013593326,0.36372441119949417,0.34314561454167736,0.0,0.41668749979733294,0.0,0.29239388466177707,0.5162568617587798,0.3767235825822932,0.3190552743388454,0.3933121875059338,0.4440163454725555,0.0,0.4572195209127473,0.3867414368210707,0.3994995466075364,0.37588189112493314,0.426712104485783,0.3442180681101713,0.49543882394820266,0.4163613709902925,0.4441063904422331,0.4095708151701314,0.3748321099337769,0.34341044438477175,0.3658858059614614,0.3737976646905424,0.3556762839233659,0.4388937926330604,0.36645783521620795,0.4152496064019369,0.235689470789552,0.3457306870199321,0.0,0.37928513409231135,0.0,0.46812631230352053,0.5346486657812162,0.3588200926073912,0.0,0.0,0.0,0.0,0.473563032646873,0.0,0.49668576404471326,0.43013249121432395,0.45081607621800146,0.3728559475534195,0.4564128144512382,0.0,0.3975720887358784,0.0,0.4252267508925188,0.34618872416892627,0.4661143850106164,0.642457406108732,0.0,0.0,0.47481378165563615,0.4066149477717114,0.45028772801716693,0.0,0.44998698271661886,0.0,0.0,0.0,0.4717154351769513,0.44445623241876014,0.42400946990715876,0.0,0.45798513958407355
0.0,0.3862741043630693,0.2641382595281869,0.364104169007366,0.30237644426642396,0.2971619421460003,0.35356568367337177,0.41668749979733294,0.0,0.41885850086354415,0.2612328489246138,0.0,0.3274187151252712,0.35936707596052697,0.0,0.0,0.0,0.0,0.22892939962655962,0.3828070865604617,0.5256514109998038,0.4054880658269838,0.3803092119541332,0.0,0.4146805053159932,0.44741670065915906,0.33679357293430534,0.39158765539329327,0.36949433537729576,0.42736276071349744,0.38165955091012777,0.3628010287376256,0.0,0.3933270855122766,0.4011254263540359,0.3776378926547162,0.3878266652521755,0.0,0.4753929274282036,0.0,0.6264970563681753,0.0,0.42184116919658965,0.0,0.0,0.0,0.0,0.5036186241298153,0.0,0.528196414968779,0.4892137875007565,0.5312065767989818,0.4484422220873661,0.512989502126167,0.0,0.48828875954541007,0.0,0.5344056102726296,0.0,0.0,0.0,0.0,0.0,0.501701517640597,0.0,0.0,0.0,0.4672648046527791,0.0,0.0,0.0,0.45346596109977194,0.548272804333204,0.5461073013100134,0.5382626716770821,0.6007515281950002
0.3627720222011412,0.400606295421873,0.0,0.0,0.39279665761265187,0.4155342107832407,0.3857296001751768,0.0,0.41885850086354415,0.0,0.0,0.2734105336552542,0.3856733986340889,0.0,0.0,0.35870623687090036,0.292162071627485,0.32999922005583093,0.0,0.413658119931681,0.45668524389956217,0.3897497949330006,0.0,0.27592965793943997,0.29580213408269246,0.31267847432221113,0.0,0.3829873791723466,0.40500801993734237,0.0,0.29664282793207253,0.3352594988210475,0.2719066580036367,0.25327330631486855,0.25613758363095834,0.3582676536932968,0.13800281501003614,0.25327642415882196,0.37820294128349324,0.3059778986238362,0.31045348357217983,0.33101611757453403,0.3468880103505799,0.0,0.2531892720517094,0.42403501857748427,0.0,0.0,0.0,0.0,0.0,0.0,0.0,0.0,0.38381912729444245,0.0,0.3958051554204445,0.3902284452307868,0.0,0.0,0.0,0.4031910203061971,0.37952873079866845,0.0,0.0,0.0,0.0,0.0,0.3707332173995406,0.40084946871572846,0.41531496996371464,0.0,0.3613729631910125,0.0,0.0,0.36035585023191824
0.0,0.0,0.30185084387386285,0.33499138435801123,0.2895326773583044,0.3419366540569653,0.4090039154131181,0.29239388466177707,0.2612328489246138,0.0,0.0,0.0,0.40516200623312487,0.2860808795154367,0.0,0.0,0.0,0.0,0.22992799804029612,0.0,0.0,0.0,0.2727771367921994,0.0,0.0,0.0,0.37152500084457,0.4057386735462488,0.0,0.0,0.383447118629172,0.3468851407307396,0.0,0.41179786767656673,0.35522995260030404,0.3008168795782403,0.0,0.0,0.0,0.0,0.47566283075889504,0.0,0.38737896659551735,0.0,0.0,0.0,0.0,0.45654696740030964,0.0,0.36659359997637325,0.4885922516324879,0.4115729803731982,0.452605978473331,0.4168527564832043,0.0,0.23939926198238912,0.0,0.4085477102407882,0.32370069909758076,0.0,0.0,0.0,0.0,0.23804922120880204,0.0,0.0,0.0,0.47483422799430025,0.0,0.0,0.0,0.5118777765857887,0.4579044070811926,0.0,0.0,0.46085649044169247
0.3576167934747014,0.5013430113841121,0.0,0.2711881062559509,0.36044147978859437,0.4358448092605103,0.3490112958075595,0.5162568617587798,0.0,0.2734105336552542,0.0,0.0,0.38281818183521993,0.0,0.0,0.4932330396946636,0.3370091926475335,0.3583711760246301,0.0,0.0,0.48830622069648283,0.0,0.520048936788688,0.26960700351412364,0.3159183933659564,0.29238508911876315,0.4918438977929084,0.3664997487463994,0.0,0.0,0.3233007822348582,0.2818300591642044,0.2830008142130192,0.2530979827734601,0.3008034966478357,0.2769615509998043,0.31121173570157074,0.22954107992780667,0.2750475824208739,0.34823249534515544,0.3598907520540459,0.40021137106872195,0.3645856717887736,0.0,0.3284019916931689,0.4948589913452806,0.0,0.0,0.0,0.0,0.0,0.0,0.0,0.0,0.41792178700599136,0.0,0.41971541508203625,0.4121009584373799,0.0,0.0,0.0,0.4288701757626438,0.40872517580968953,0.0,0.0,0.0,0.0,0.0,0.4017143151448114,0.4210598641218452,0.4339744767701002,0.0,0.39540195091211805,0.0,0.0,0.3849716433383051
0.4766723626057806,0.3998173478331337,0.4173894897316325,0.28098308888874596,0.3446672122609846,0.36672672252421024,0.30888610826097507,0.3767235825822932,0.3274187151252712,0.3856733986340889,0.40516200623312487,0.38281818183521993,0.0,0.3464919897089577,0.4184875013714383,0.4276624450896437,0.41830978344328296,0.4222734067122296,0.38691719778025985,0.3997278917854139,0.4051124433675048,0.42432094514279617,0.3762165866057768,0.3751717580051223,0.4051569429156857,0.3949280310302646,0.39431964542277176,0.31652960074182407,0.3641988552486482,0.3375944493653858,0.3789688017807964,0.37059692798230415,0.40663467464500563,0.3902490341166911,0.37898465767166173,0.3135995649847504,0.29966352670814694,0.37856178430965404,0.4574039689330951,0.0,0.0,0.0,0.0,0.0,0.0,0.0,0.0,0.0,0.0,0.0,0.4748618611944929,0.0,0.44202796835390024,0.0,0.0,0.0,0.0,0.0,0.0,0.0,0.0,0.0,0.0,0.0,0.5006653315809007,0.5235168255317011,0.0,0.4566148880988276,0.0,0.0,0.0,0.4633935648951202,0.5223026858750532,0.47627648015254376,0.0,0.0
0.0,0.0,0.35722578044560627,0.2962929747162284,0.2994063347711272,0.32587653829791996,0.3644985409089146,0.3190552743388454,0.35936707596052697,0.0,0.2860808795154367,0.0,0.3464919897089577,0.0,0.0,0.0,0.0,0.0,0.3323856916366949,0.0,0.3852242132832133,0.0,0.31263255094281683,0.0,0.5301076974608316,0.0,0.3878155853805567,0.1905625364975479,0.0,0.0,0.0,0.24061961165147766,0.0,0.0,0.0,0.21386602049838133,0.16445734506904502,0.0,0.0,0.0,0.0,0.0,0.3736263804074602,0.0,0.0,0.0,0.0,0.4876284729955541,0.0,0.335948769601517,0.0,0.5074597185333969,0.0,0.4724685119246941,0.0,0.40716869373818965,0.0,0.0,0.42178967639429155,0.0,0.0,0.0,0.0,0.48383786074406954,0.0,0.0,0.0,0.4483379072591717,0.0,0.0,0.0,0.48901163970991623,0.0,0.0,0.0,0.0
0.3995859194529508,0.39841753481158765,0.0,0.0,0.4245674222600047,0.4190464102464422,0.0,0.3933121875059338,0.0,0.0,0.0,0.0,0.4184875013714383,0.0,0.0,0.40192106747270373,0.0,0.38493822096029723,0.0,0.27198093001902085,0.3921860888446913,0.32796953135362067,0.34745268589791545,0.4696360420532758,0.3596998348788602,0.3775719299867686,0.3893526504340457,0.3923570075284247,0.3455074456964482,0.3642397110749699,0.37962843743370756,0.41190086975470813,0.3784387940026014,0.40577581583820954,0.44602534448835646,0.43843763254827683,0.4772906084066558,0.0,0.46512727110544644,0.447813799892184,0.471997349016754,0.5019839288929433,0.0,0.0,0.0,0.0,0.47424286950162664,0.0,0.0,0.0,0.44320040986417036,0.0,0.3851489965742156,0.0,0.0,0.0,0.0,0.0,0.0,0.4769443037960473,0.47695153059548134,0.0,0.0,0.0,0.4331340368120607,0.4708075987613043,0.4716372462531847,0.4567151170038602,0.0,0.4967463452212947,0.5032092830554703,0.45192502599283485,0.0,0.43208226192072974,0.0,0.46314485658202154
0.3677399543605854,0.3703770322395988,0.0,0.0,0.4268446108296369,0.3911022063564024,0.42957656217269147,0.4440163454725555,0.0,0.35870623687090036,0.0,0.4932330396946636,0.4276624450896437,0.0,0.40192106747270373,0.0,0.3535826501196967,0.32581862455993976,0.0,0.37669564023251684,0.399682459288679,0.36045013625530964,0.3936939144240861,0.0,0.3603820634309002,0.38336297836355043,0.41211646682606273,0.423465676167697,0.385172929231015,0.41039404423180026,0.3374294069979326,0.3672218619134213,0.35332394794380967,0.371397213909491,0.40560888744691126,0.6624551048013305,0.0,0.0,0.4106196460105404,0.39220378910948334,0.41876951212243974,0.4511713694710902,0.0,0.0,0.0,0.38733382305633157,0.4268977039945512,0.0,0.0,0.0,0.0,0.0,0.0,0.0,0.0,0.0,0.0,0.0,0.0,0.4731038541321159,0.41567724737094447,0.0,0.37686425757888453,0.0,0.45527301236784845,0.4645078622768579,0.44571681790759043,0.5555809808456202,0.0,0.41514561982308124,0.43891465640826954,0.5134354784414192,0.0,0.48307285910220255,0.0,0.40270170977527453
0.3495985385717664,0.4209772168285777,0.0,0.0,0.47198300787988495,0.0,0.0,0.0,0.0,0.292162071627485,0.0,0.3370091926475335,0.41830978344328296,0.0,0.0,0.3535826501196967,0.0,0.2949781459833359,0.0,0.4069431837723498,0.0,0.3534372220606931,0.0,0.34392257283029437,0.28860331755695534,0.3456506612237172,0.0,0.4076648145423221,0.433750267019687,0.0,0.31875545456101084,0.4040167569442652,0.3349862344848042,0.3522781564682733,0.3732572209918384,0.3884333657265226,0.0,0.3142343717387828,0.3578397964715,0.33739050461034437,0.0,0.0,0.0,0.0,0.0,0.0,0.0,0.0,0.0,0.0,0.0,0.0,0.0,0.0,0.39943383479801486,0.0,0.4278956030720735,0.0,0.0,0.0,0.0,0.40076883242441885,0.39523306758532956,0.0,0.0,0.0,0.0,0.0,0.4309537015974062,0.3959850649894424,0.4156077147751004,0.0,0.0,0.0,0.0,0.4398056721433365
0.34047503482354236,0.3693381570939215,0.0,0.0,0.4599249814163351,0.3946350701598983,0.4275817655080968,0.4572195209127473,0.0,0.32999922005583093,0.0,0.3583711760246301,0.4222734067122296,0.0,0.38493822096029723,0.32581862455993976,0.2949781459833359,0.0,0.0,0.39070718056965237,0.38253432493532485,0.3822617495436103,0.4081862345610679,0.3191006304703626,0.32920077756772603,0.34667611713370194,0.4063309196879153,0.41638613143121195,0.3950968461208932,0.41638946001520905,0.3370994365928214,0.39415406582471857,0.31072373669553227,0.35280608383967516,0.37898716073786,0.4239299806300353,0.0,0.0,0.36606220084835045,0.3563865693178053,0.35952500430069595,0.41405063502357276,0.0,0.0,0.0,0.38159549718582647,0.4097017492462325,0.0,0.0,0.0,0.0,0.0,0.0,0.0,0.40062630709184643,0.0,0.38866204188800646,0.0,0.0,0.5226016358204888,0.3980103315607443,0.36703609295557277,0.3793731698536022,0.0,0.0,0.5145417567988455,0.42181487191569644,0.0,0.41664511849482533,0.3947217105789751,0.4080725934403083,0.0,0.0,0.0,0.0,0.3868911635050322
0.0,0.0,0.25821943863232877,0.36381299936055395,0.3339407932076875,0.3643813428911778,0.3839702938602027,0.3867414368210707,0.22892939962655962,0.0,0.22992799804029612,0.0,0.38691719778025985,0.3323856916366949,0.0,0.0,0.0,0.0,0.0,0.0,0.0,0.0,0.2837099588221783,0.0,0.0,0.0,0.3356460221673728,0.37230548895784693,0.0,0.0,0.4088918245585324,0.3648909836903435,0.0,0.4105234765341579,0.0,0.3540720605779103,0.0,0.0,0.48291078467141973,0.0,0.6958299927837759,0.0,0.42750295948221884,0.0,0.0,0.0,0.0,0.5018132693608067,0.0,0.528617391206436,0.5114753764431721,0.532046177599119,0.5191840549298637,0.5020619945272834,0.0,0.39641170484709376,0.0,0.5633119983586132,0.0,0.0,0.0,0.0,0.0,0.5058280446031348,0.0,0.0,0.0,0.5141481195110705,0.0,0.0,0.0,0.5143851549110547,0.6443784838326981,0.0,0.0,0.6615464325754705
0.43727589380709997,0.3940579036845845,0.0,0.42704530430201926,0.3731124473109135,0.4009521891719544,0.3999665519784748,0.3994995466075364,0.3828070865604617,0.413658119931681,0.0,0.0,0.3997278917854139,0.0,0.27198093001902085,0.37669564023251684,0.4069431837723498,0.39070718056965237,0.0,0.0,0.40059841363750964,0.3412234830318297,0.3364088985217253,0.5799800880332501,0.3718888990808604,0.40930078572917544,0.32926722587833035,0.35948202668084783,0.3088285307018902,0.31089073375553744,0.34325670621348836,0.4405798771275078,0.3683206810100321,0.42080544646122625,0.45247042238779067,0.4957349370535475,0.46315535864744245,0.0,0.4590476030727928,0.431723132561056,0.46858766132213003,0.48049216951351603,0.0,0.0,0.0,0.0,0.0,0.0,0.0,0.0,0.4639703605715462,0.0,0.0,0.0,0.0,0.0,0.0,0.0,0.0,0.4510226577130399,0.0,0.0,0.0,0.0,0.440841366437028,0.439669479467394,0.44268159695103493,0.4696057337198748,0.0,0.0,0.4606002532875439,0.46383640321860153,0.48600696549684147,0.4489132325617864,0.569544092916955,0.4558428185754105
0.39977736754995025,0.3955330003742823,0.5057058707079407,0.0,0.0,0.3964514891326231,0.4257817588418429,0.37588189112493314,0.5256514109998038,0.45668524389956217,0.0,0.48830622069648283,0.4051124433675048,0.3852242132832133,0.3921860888446913,0.399682459288679,0.0,0.38253432493532485,0.0,0.40059841363750964,0.0,0.42979382118290127,0.3711319188997094,0.4687280131654276,0.3846156348164952,0.3878589493658712,0.4027222778591394,0.3936414358217942,0.37030282567179323,0.0,0.3738826243501737,0.4072624131650773,0.3626559633296088,0.4019935690032516,0.4563356281169113,0.42084334165976167,0.0,0.5326119787370165,0.42669639886735633,0.38353972719572216,0.44323864400812824,0.49756339482235123,0.0,0.0,0.0,0.33922445307976,0.4439546168186514,0.0,0.0,0.0,0.4068952289849664,0.0,0.3610282996559202,0.0,0.4675911584797007,0.0,0.0,0.0,0.0,0.4645537669039547,0.43715295174584534,0.0,0.5161456267652633,0.0,0.4297484995636488,0.42266024277348957,0.46502184408584196,0.4574614369076077,0.0,0.451343938914788,0.46274051749295375,0.45922907141273417,0.4530504098375477,0.37198720512688777,0.0,0.4339890230617084
0.39907018319784704,0.35513852635818355,0.43439716376795245,0.4106381242204456,0.3913187832363526,0.4035370239115366,0.41709016288875994,0.426712104485783,0.4054880658269838,0.3897497949330006,0.0,0.0,0.42432094514279617,0.0,0.32796953135362067,0.36045013625530964,0.3534372220606931,0.3822617495436103,0.0,0.3412234830318297,0.42979382118290127,0.0,0.36110271707847624,0.5687701336092563,0.36412627179011076,0.3880291519645176,0.4167752886363748,0.4062561105470168,0.3594152200573856,0.37218798870341646,0.35964001607315405,0.42081983687069713,0.37113917658429874,0.4098275477540741,0.4521954173303986,0.49555939006079874,0.4686974913303932,0.0,0.4548231300872429,0.4377157651338027,0.4495021651059318,0.4894079212198528,0.5482199786353341,0.0,0.0,0.4272478666479118,0.4484699872096808,0.0,0.0,0.0,0.4480604090609988,0.0,0.45276241870826067,0.0,0.0,0.0,0.0,0.0,0.0,0.4742018602478111,0.44356843357287884,0.0,0.4675812332075127,0.0,0.44486481151351526,0.4707794898582356,0.46021871540129694,0.45659273269921613,0.0,0.4353019954223261,0.46924196806900464,0.4583688543818064,0.0,0.4336957558519398,0.0,0.4498468864067086
0.44789397173573187,0.39313502889037755,0.3305122471579802,0.3775546814846642,0.363468689120952,0.36646215228696316,0.373288925606085,0.3442180681101713,0.3803092119541332,0.0,0.2727771367921994,0.520048936788688,0.3762165866057768,0.31263255094281683,0.34745268589791545,0.3936939144240861,0.0,0.4081862345610679,0.2837099588221783,0.3364088985217253,0.3711319188997094,0.36110271707847624,0.0,0.47975829555896465,0.3875335998103204,0.4075673266110822,0.3277739450682502,0.37971460952662445,0.35409676195868756,0.38143290921181866,0.3933856184985556,0.3815183692612809,0.37700793712566977,0.4136309966141668,0.4385088366123079,0.3663206386693034,0.40411718049146783,0.0,0.4661032977064973,0.0,0.4612425248445295,0.4936613974579802,0.4624696782327622,0.51248910671083,0.0,0.0,0.47253025375785945,0.4861707053239434,0.0,0.5441885473933201,0.4648900800346028,0.4598761047821661,0.45654284469575845,0.4582294398244055,0.0,0.4465757185441714,0.0,0.46190568689706885,0.48838448329681894,0.4656186561104666,0.5539001158533563,0.0,0.0,0.48672643367873414,0.46237043255982574,0.46394981246231554,0.46851947735014954,0.48255959128951953,0.0,0.0,0.4653741809430513,0.48421714141404115,0.4736550679843461,0.4576094115743364,0.48496789933460077,0.47475273518854766
0.3561159389215143,0.38667317206069296,0.0,0.0,0.0,0.5278771683127479,0.0,0.49543882394820266,0.0,0.27592965793943997,0.0,0.26960700351412364,0.3751717580051223,0.0,0.4696360420532758,0.0,0.34392257283029437,0.3191006304703626,0.0,0.5799800880332501,0.4687280131654276,0.5687701336092563,0.47975829555896465,0.0,0.309487249340946,0.32681701927962187,0.5081925772821981,0.37536462171821383,0.0,0.0,0.2845108769899115,0.3068426109052299,0.1952861358723884,0.21864730288808543,0.24058988157990768,0.0,0.0,0.20862456936071638,0.42269199613049036,0.3293649719519126,0.3391821658452129,0.0,0.0,0.0,0.2656330324622791,0.394936026200361,0.0,0.0,0.0,0.0,0.0,0.0,0.0,0.0,0.40531935697145854,0.0,0.4113848280304307,0.0,0.0,0.0,0.40947638148816196,0.443781826516584,0.4088353979399973,0.0,0.0,0.0,0.0,0.0,0.37915569298772916,0.4212046970426837,0.4399591302864256,0.0,0.3138699563854342,0.0,0.0,0.37027439396748824
0.33496909069309877,0.3586882320567631,0.0,0.0,0.41923685124219906,0.34607105736468874,0.4063703616256593,0.4163613709902925,0.4146805053159932,0.29580213408269246,0.0,0.3159183933659564,0.4051569429156857,0.5301076974608316,0.3596998348788602,0.3603820634309002,0.28860331755695534,0.32920077756772603,0.0,0.3718888990808604,0.3846156348164952,0.36412627179011076,0.3875335998103204,0.309487249340946,0.0,0.33143420014245223,0.37972344267802255,0.40257351010815995,0.35993550681188324,0.48324658612291566,0.34037056913535996,0.37594878690497424,0.2918503671727072,0.32603692903857223,0.3520189665950266,0.4424355160505167,0.0,0.2987507121125592,0.39526310030148204,0.36895257436344914,0.35887560152025116,0.3992801023152416,0.501753780198823,0.0,0.29375834146018515,0.38927335899331816,0.3852095857179889,0.0,0.0,0.0,0.0,0.0,0.0,0.0,0.393071300195454,0.0,0.40217253785381596,0.5148568571058003,0.0,0.4233003370999686,0.40088936589177976,0.39775387623272973,0.3829791965381497,0.0,0.4381126144743285,0.42971431426308765,0.41394102868702554,0.0,0.40411613065809104,0.398468198117145,0.409877634416796,0.0,0.4515787533974335,0.4253345829199246,0.0,0.38904997440739014
0.34177809658536085,0.3480935003575548,0.0,0.0,0.43197788727404896,0.40107258627706804,0.4037097719643744,0.4441063904422331,0.44741670065915906,0.31267847432221113,0.0,0.29238508911876315,0.3949280310302646,0.0,0.3775719299867686,0.38336297836355043,0.3456506612237172,0.34667611713370194,0.0,0.40930078572917544,0.3878589493658712,0.3880291519645176,0.4075673266110822,0.32681701927962187,0.33143420014245223,0.0,0.4177030238135867,0.4052571165073751,0.368266411272993,0.0,0.35543451328763104,0.38461106721076377,0.316877030788136,0.34464449452974716,0.3882822152985851,0.4122155958234193,0.0,0.30891059980181135,0.421343725832497,0.3804172862295595,0.4043758187270201,0.4288491914360148,0.5095710960613152,0.0,0.297489632760609,0.4077310037870339,0.4108676441649547,0.0,0.0,0.0,0.46886650558255977,0.0,0.0,0.0,0.42823733897917915,0.0,0.43363763369333336,0.5202636369588336,0.0,0.4894673750687598,0.41575744336701925,0.42194296138249165,0.3959932429746239,0.0,0.4419530391570884,0.46005197172514045,0.45616422374352655,0.46081398454270595,0.418573368634153,0.4112549649148064,0.42760354006780776,0.46245703364514107,0.45800989689582916,0.44841713585318455,0.0,0.4010763182746291
0.4410749200003718,0.3945695150798926,0.2719610072334151,0.41885283678507346,0.377478526347717,0.35909853382863594,0.3944021589245872,0.4095708151701314,0.33679357293430534,0.0,0.37152500084457,0.4918438977929084,0.39431964542277176,0.3878155853805567,0.3893526504340457,0.41211646682606273,0.0,0.4063309196879153,0.3356460221673728,0.32926722587833035,0.4027222778591394,0.4167752886363748,0.3277739450682502,0.5081925772821981,0.37972344267802255,0.4177030238135867,0.0,0.39290616565439046,0.35932277106268734,0.3843723777466968,0.4025671162221987,0.4076148179969864,0.37956595867784954,0.4317623606238399,0.45035839759914015,0.45206645981606286,0.4354807799903465,0.0,0.46273315416862904,0.0,0.4886657875877241,0.495588872098695,0.4661658901695449,0.0,0.0,0.0,0.0,0.5196496408082139,0.0,0.5092326433237261,0.47424816569325073,0.4922503435539298,0.48317566097672093,0.49581819442656855,0.0,0.4963714758318166,0.0,0.47843718495301946,0.0,0.4669787403742574,0.0,0.0,0.0,0.5304027545768143,0.4633900041220408,0.4644736170046828,0.47600830631006974,0.4914687396847578,0.0,0.0,0.48590623322172133,0.4816235472775696,0.4865377369947028,0.4582072178580952,0.490845339996678,0.4843816716997324
0.4422503248148056,0.4049663208960627,0.4257033676908855,0.23252692811785033,0.33235666733946384,0.3639046072792671,0.35164805934460164,0.3748321099337769,0.39158765539329327,0.3829873791723466,0.4057386735462488,0.3664997487463994,0.31652960074182407,0.1905625364975479,0.3923570075284247,0.423465676167697,0.4076648145423221,0.41638613143121195,0.37230548895784693,0.35948202668084783,0.3936414358217942,0.4062561105470168,0.37971460952662445,0.37536462171821383,0.40257351010815995,0.4052571165073751,0.39290616565439046,0.0,0.31361111430983507,0.2785074938493598,0.3483210057026921,0.36144591261760944,0.3731242268000317,0.3812129495448498,0.3562983217200483,0.2759988419074437,0.2432353439936327,0.33292169689644296,0.4533995017798844,0.0,0.4872156552268293,0.5599706784456885,0.0,0.0,0.0,0.0,0.0,0.0,0.0,0.0,0.4613977835471563,0.0,0.44538666583367115,0.0,0.0,0.0,0.0,0.5213391908605451,0.0,0.4759015237334321,0.0,0.0,0.0,0.0,0.45373110569556013,0.4477398821461184,0.0,0.46777099371017916,0.0,0.5458945366939101,0.5014093861853275,0.4650270853267064,0.4805797114664248,0.4541079132652374,0.0,0.5017099485307056
0.41199786056894017,0.3629989769214158,0.37444940721815256,0.0,0.3739219788396192,0.3239809788630249,0.38938971565751085,0.34341044438477175,0.36949433537729576,0.40500801993734237,0.0,0.0,0.3641988552486482,0.0,0.3455074456964482,0.385172929231015,0.433750267019687,0.3950968461208932,0.0,0.3088285307018902,0.37030282567179323,0.3594152200573856,0.35409676195868756,0.0,0.35993550681188324,0.368266411272993,0.35932277106268734,0.31361111430983507,0.0,0.31742342664621975,0.33733214581796384,0.37797120355621955,0.3287126746950827,0.3884021925067377,0.41511008496294594,0.44281700985307965,0.4306394298482651,0.0,0.434811687365041,0.0,0.4693597962551114,0.4971965319246167,0.0,0.0,0.0,0.0,0.0,0.0,0.0,0.0,0.45070926839780157,0.0,0.4407193687173913,0.0,0.0,0.0,0.0,0.4770604417106553,0.0,0.42961375764969884,0.0,0.0,0.0,0.0,0.4401212636293396,0.4197915943520754,0.4370451879805726,0.45632921443717306,0.0,0.0,0.4460629861502796,0.45477880588522,0.4652055971403706,0.427102307260639,0.0,0.4708489669587485
0.0,0.402522650725211,0.448999272450725,0.4267466642883445,0.3549502510355486,0.39085020923865466,0.3846491318299094,0.3658858059614614,0.42736276071349744,0.0,0.0,0.0,0.3375944493653858,0.0,0.3642397110749699,0.41039404423180026,0.0,0.41638946001520905,0.0,0.31089073375553744,0.0,0.37218798870341646,0.38143290921181866,0.0,0.48324658612291566,0.0,0.3843723777466968,0.2785074938493598,0.31742342664621975,0.0,0.2971354127454065,0.37481367194103554,0.0,0.35665391491160386,0.41203443523215766,0.0,0.0,0.0,0.4532053694455218,0.0,0.0,0.0,0.0,0.0,0.0,0.0,0.0,0.0,0.0,0.0,0.5246420552648904,0.0,0.0,0.0,0.0,0.0,0.0,0.0,0.0,0.4956032791619559,0.0,0.0,0.0,0.0,0.0,0.0,0.0,0.47012706014803474,0.0,0.0,0.0,0.4741329758129292,0.5562362983268786,0.47850584921722505,0.0,0.0
0.3440631023114486,0.36453444222669346,0.4271422897574281,0.27177818898987016,0.37823288857975645,0.4049863608706735,0.35932335834075224,0.3737976646905424,0.38165955091012777,0.29664282793207253,0.383447118629172,0.3233007822348582,0.3789688017807964,0.0,0.37962843743370756,0.3374294069979326,0.31875545456101084,0.3370994365928214,0.4088918245585324,0.34325670621348836,0.3738826243501737,0.35964001607315405,0.3933856184985556,0.2845108769899115,0.34037056913535996,0.35543451328763104,0.4025671162221987,0.3483210057026921,0.33733214581796384,0.2971354127454065,0.0,0.3519209319379361,0.335953665119035,0.3222279054778249,0.3380177799260877,0.3674409320571917,0.29282428293682505,0.2747703579015004,0.43059982913682415,0.300462172723593,0.4148147494989414,0.4633111680030938,0.0,0.0,0.2627435440080814,0.39315562710054475,0.40425074251658005,0.0,0.0,0.0,0.47710860112333914,0.0,0.45331155370560633,0.0,0.3592682948129382,0.0,0.35890109155222427,0.5835003688816909,0.0,0.4117676837124384,0.3875004650032605,0.0,0.38923678161327757,0.0,0.42453949880211583,0.4324898166067571,0.43903145172210567,0.45412736448112,0.28556744295829056,0.4029164679798332,0.4107376627806694,0.47311439312821674,0.504686552834452,0.4605931839212718,0.0,0.419520043518924
0.38668856434339804,0.37160050273281503,0.3976929026312397,0.27334413986069866,0.3382765088101259,0.37613044541656804,0.36410989456746745,0.3556762839233659,0.3628010287376256,0.3352594988210475,0.3468851407307396,0.2818300591642044,0.37059692798230415,0.24061961165147766,0.41190086975470813,0.3672218619134213,0.4040167569442652,0.39415406582471857,0.3648909836903435,0.4405798771275078,0.4072624131650773,0.42081983687069713,0.3815183692612809,0.3068426109052299,0.37594878690497424,0.38461106721076377,0.4076148179969864,0.36144591261760944,0.37797120355621955,0.37481367194103554,0.3519209319379361,0.0,0.3390558897262084,0.3460422290041038,0.3561859629763951,0.28916066883475583,0.302369604581417,0.2755998230759864,0.31155511328228014,0.2669828059590192,0.3466794238310966,0.3377382921578116,0.29253472721548673,0.2824932113022672,0.2704139548675666,0.4312286179888868,0.43559605612090974,0.48474068653212204,0.2941073550642695,0.0,0.426231876894859,0.0,0.388251849225286,0.48719751882023715,0.294864278344133,0.0,0.28740147718248726,0.4627778518223394,0.0,0.46265422434526304,0.4322107994108688,0.0,0.4076732425040397,0.0,0.437935491302209,0.44879332500970065,0.450910325079772,0.447948578865184,0.0,0.42726394802288853,0.43867098418114375,0.4476430223957148,0.42205923331216266,0.4177791310278996,0.4643819889873536,0.4088951160122446
0.31377819455538136,0.32877003679384553,0.0,0.0,0.43549333464702705,0.3801574694330545,0.3877733027016689,0.4388937926330604,0.0,0.2719066580036367,0.0,0.2830008142130192,0.40663467464500563,0.0,0.3784387940026014,0.35332394794380967,0.3349862344848042,0.31072373669553227,0.0,0.3683206810100321,0.3626559633296088,0.37113917658429874,0.37700793712566977,0.1952861358723884,0.2918503671727072,0.316877030788136,0.37956595867784954,0.3731242268000317,0.3287126746950827,0.0,0.335953665119035,0.3390558897262084,0.0,0.2654444559464595,0.3866729553676703,0.37498503660877186,0.35160413532785784,0.17919031123182744,0.3284083155228864,0.24435687301968945,0.34349121768251467,0.3928481073919259,0.0,0.0,0.18039757106657012,0.37807499742614536,0.4098176406286967,0.0,0.0,0.0,0.4217056013999614,0.0,0.0,0.0,0.30596768885335646,0.0,0.30330624367538517,0.0,0.0,0.45335352889842007,0.3963029473475341,0.3984213138048135,0.3904712905191319,0.0,0.43505487105348944,0.42806239754616,0.44371707256532805,0.427634688940931,0.384534312745269,0.3994158877954204,0.4235472759819808,0.39367574261664906,0.0,0.42746035743305344,0.0,0.3890655397131456
0.3516741206237295,0.357764463332987,0.43189931485857075,0.22940858976446815,0.36323534289940196,0.40923047364794096,0.38427346503928766,0.36645783521620795,0.3933270855122766,0.25327330631486855,0.41179786767656673,0.2530979827734601,0.3902490341166911,0.0,0.40577581583820954,0.371397213909491,0.3522781564682733,0.35280608383967516,0.4105234765341579,0.42080544646122625,0.4019935690032516,0.4098275477540741,0.4136309966141668,0.21864730288808543,0.32603692903857223,0.34464449452974716,0.4317623606238399,0.3812129495448498,0.3884021925067377,0.35665391491160386,0.3222279054778249,0.3460422290041038,0.2654444559464595,0.0,0.23634963388303176,0.3569697639553841,0.30016584439102173,0.18651380010151458,0.39031543904973875,0.2813910900896475,0.4317961510867528,0.48431769105658695,0.0,0.0,0.0,0.3983557668377721,0.42448800780060314,0.0,0.0,0.0,0.47112722038421545,0.0,0.4611006352852837,0.0,0.2952994506349921,0.0,0.29164261922683,0.0,0.0,0.4653485736082422,0.4097423701782436,0.0,0.3980925490749844,0.0,0.4114653785386969,0.4609260281075809,0.4497432699156784,0.47193195516026465,0.0,0.40348660879761683,0.4329616602876736,0.4625818559336209,0.48793283608463933,0.4533185915889755,0.0,0.42857922311042834
0.3873165996339068,0.412358293891198,0.42744304528605004,0.2945608879963213,0.31564340025261634,0.40160806292151746,0.38971912747133375,0.4152496064019369,0.4011254263540359,0.25613758363095834,0.35522995260030404,0.3008034966478357,0.37898465767166173,0.0,0.44602534448835646,0.40560888744691126,0.3732572209918384,0.37898716073786,0.0,0.45247042238779067,0.4563356281169113,0.4521954173303986,0.4385088366123079,0.24058988157990768,0.3520189665950266,0.3882822152985851,0.45035839759914015,0.3562983217200483,0.41511008496294594,0.41203443523215766,0.3380177799260877,0.3561859629763951,0.3866729553676703,0.23634963388303176,0.0,0.3595932395073737,0.35876504779645235,0.24966841616583718,0.3297190953813036,0.37898845351684396,0.4261778482596518,0.37327888864411524,0.3407672404604408,0.34099198618800086,0.0,0.3781509083964537,0.4189485771657485,0.0,0.39646091582547754,0.0,0.51175354615109,0.0,0.0,0.0,0.0,0.0,0.0,0.0,0.0,0.48035835165716245,0.4366974352112424,0.0,0.4101388842565824,0.0,0.4708072861269588,0.48220427243601527,0.46727038359146494,0.47314617865196973,0.0,0.42826324011574624,0.448420221361728,0.48862404643969726,0.0,0.4829332881307641,0.0,0.49231177496715317
0.0,0.0,0.3900530431703603,0.18115955517141694,0.2496193829697182,0.3884986412793362,0.29924185946629267,0.235689470789552,0.3776378926547162,0.3582676536932968,0.3008168795782403,0.2769615509998043,0.3135995649847504,0.21386602049838133,0.43843763254827683,0.6624551048013305,0.3884333657265226,0.4239299806300353,0.3540720605779103,0.4957349370535475,0.42084334165976167,0.49555939006079874,0.3663206386693034,0.0,0.4424355160505167,0.4122155958234193,0.45206645981606286,0.2759988419074437,0.44281700985307965,0.0,0.3674409320571917,0.28916066883475583,0.37498503660877186,0.3569697639553841,0.3595932395073737,0.0,0.20538311907777232,0.28833364566149916,0.0,0.0,0.0,0.0,0.3282596590948643,0.0,0.0,0.0,0.0,0.45108727717585684,0.0,0.0,0.44252198890667477,0.44340323156813455,0.41112559837272944,0.43630100322707344,0.0,0.36544094656383935,0.0,0.4384376403713437,0.3216394041329984,0.5902772328288085,0.0,0.0,0.0,0.43924569890078025,0.5531229915341127,0.0,0.5164051528512497,0.42946101183500984,0.0,0.0,0.0,0.48067472091287194,0.4433119968495778,0.5133437571226975,0.0,0.0
0.0,0.0,0.4293085780868063,0.1655129843228418,0.23648015958179996,0.39782166027054816,0.3057336493863121,0.3457306870199321,0.3878266652521755,0.13800281501003614,0.0,0.31121173570157074,0.29966352670814694,0.16445734506904502,0.4772906084066558,0.0,0.0,0.0,0.0,0.46315535864744245,0.0,0.4686974913303932,0.40411718049146783,0.0,0.0,0.0,0.4354807799903465,0.2432353439936327,0.4306394298482651,0.0,0.29282428293682505,0.302369604581417,0.35160413532785784,0.30016584439102173,0.35876504779645235,0.20538311907777232,0.0,0.2858985106021953,0.25710072150061775,0.0,0.0,0.0,0.0,0.0,0.0,0.0,0.0,0.0,0.0,0.0,0.0,0.0,0.0,0.0,0.0,0.0,0.0,0.0,0.0,0.0,0.0,0.0,0.0,0.0,0.0,0.0,0.0,0.5394218606974753,0.0,0.0,0.0,0.0,0.0,0.0,0.0,0.0
0.4701466037948256,0.0,0.0,0.0,0.0,0.0,0.0,0.0,0.0,0.25327642415882196,0.0,0.22954107992780667,0.37856178430965404,0.0,0.0,0.0,0.3142343717387828,0.0,0.0,0.0,0.5326119787370165,0.0,0.0,0.20862456936071638,0.2987507121125592,0.30891059980181135,0.0,0.33292169689644296,0.0,0.0,0.2747703579015004,0.2755998230759864,0.17919031123182744,0.18651380010151458,0.24966841616583718,0.28833364566149916,0.2858985106021953,0.0,0.28186871829813287,0.20710501928838698,0.23391537979278332,0.0,0.0,0.0,0.1895282579539478,0.0,0.0,0.0,0.0,0.0,0.0,0.0,0.0,0.0,0.2955509837075557,0.0,0.26782625685595673,0.0,0.0,0.0,0.0,0.0,0.0,0.0,0.0,0.0,0.0,0.0,0.24770717481224722,0.0,0.3187074690664481,0.0,0.0,0.0,0.0,0.0
0.4034446201716447,0.4229557612140128,0.5108798784746144,0.0,0.0,0.42942785851065207,0.535965813736599,0.37928513409231135,0.4753929274282036,0.37820294128349324,0.0,0.2750475824208739,0.4574039689330951,0.0,0.46512727110544644,0.4106196460105404,0.3578397964715,0.36606220084835045,0.48291078467141973,0.4590476030727928,0.42669639886735633,0.4548231300872429,0.4661032977064973,0.42269199613049036,0.39526310030148204,0.421343725832497,0.46273315416862904,0.4533995017798844,0.434811687365041,0.4532053694455218,0.43059982913682415,0.31155511328228014,0.3284083155228864,0.39031543904973875,0.3297190953813036,0.0,0.25710072150061775,0.28186871829813287,0.0,0.2997623986472077,0.351281072692887,0.36531948926464786,0.2947865468030658,0.28940337167889835,0.2702774578234307,0.38261273491713693,0.3926138715190232,0.33794516161491955,0.272038417361302,0.3290785355400307,0.333598488487551,0.3448659821574228,0.34158004050739343,0.3148385138675704,0.31663131964117647,0.3140233143436959,0.2856914002056217,0.34021781552712527,0.21219662385429683,0.40642894439089977,0.40390274516773705,0.3405308358317797,0.38039806249404184,0.30100027000873236,0.41951087690863204,0.39492241738635564,0.410561219539493,0.37281695949886,0.26805390218557534,0.3710594300883651,0.38750317494591763,0.3845209115227879,0.34141277227613065,0.3643400136502368,0.38536902440078136,0.35660332054228633
