0.0,0.3943397850715541,0.0,0.0,0.0,0.44701849910491687,0.0,0.506365948832021,0.0,0.4316244483412511,0.0,0.40891280286151815,0.5128877345055236,0.4910907539236318,0.3882659546204688,0.4038974627147672,0.38807653353545063,0.3807861850096205,0.0,0.43545738666824646,0.4258535288399223,0.4133681720153752,0.450766321659747,0.40047837924756907,0.3689878597334248,0.3757549226938685,0.4361375922437056,0.46329860836349535,0.4412892097593118,0.0,0.3764490504830387,0.43593620010891393,0.3245131587814224,0.37768607754118355,0.4408386912797444,0.0,0.0,0.0,0.45101357364459366,0.40089407702814867,0.4314560766294103,0.4693825555684471,0.0,0.0,0.0,0.41886434368506525,0.4514983569693086,0.0,0.0,0.0,0.0,0.0,0.0,0.0,0.0,0.0,0.0,0.0,0.0,0.0,0.4604991854018523,0.0,0.4293289864606384,0.0,0.0,0.4666373507546762,0.46055777464313596,0.0,0.0,0.4246417589990817,0.4545326193539054,0.0,0.0,0.0,0.0,0.4454271785957343
0.3943397850715541,0.0,0.47143220434342503,0.0,0.42977914434792985,0.40184640123612847,0.44216417155061716,0.4564714035253517,0.410361451220814,0.0,0.0,0.0,0.45436525763699526,0.0,0.4265163197100258,0.4116176466349373,0.0,0.3947307738873094,0.0,0.398026458551165,0.3974404261462827,0.38872707422127517,0.41112125503844804,0.0,0.3735614743171799,0.3975699415078882,0.3938445332931765,0.4398647712968791,0.4132582967865916,0.0,0.3699998295721593,0.4431018001202741,0.34535629542878676,0.38404810598686034,0.4634342748887904,0.0,0.0,0.0,0.4661788637587791,0.4320899112801378,0.44467353157243505,0.47728056855580536,0.0,0.0,0.0,0.46096067515211236,0.45471909936828225,0.0,0.0,0.0,0.5139328873016472,0.0,0.0,0.0,0.0,0.0,0.0,0.0,0.0,0.482015692239338,0.46778978289296563,0.0,0.4401575092331354,0.0,0.4631035168516059,0.48129264714630904,0.5012356211296033,0.48695484070989636,0.0,0.4337193411740344,0.47896311377643436,0.4985051488301484,0.0,0.48290718350667106,0.0,0.4450168125021581
0.0,0.47143220434342503,0.0,0.4111679223651644,0.3805487193415671,0.3733027502440095,0.40135105318054665,0.4370938454918204,0.25871573059022746,0.42605958149045453,0.28606206956488944,0.0,0.4122458277390978,0.41093156358153166,0.0,0.0,0.0,0.0,0.2824967726703082,0.4428258757726005,0.0,0.43561372893603717,0.333244677911207,0.0,0.0,0.0,0.3008577265289176,0.4133442872528416,0.3981628128867589,0.0,0.4216180793733141,0.40569757406086854,0.0,0.4275894346175395,0.429644659855999,0.41543431582599116,0.40939748915869323,0.0,0.0,0.0,0.0,0.0,0.49088848128259616,0.0,0.0,0.0,0.0,0.32019044700510085,0.0,0.5355912143094733,0.4782331562886952,0.5601061324527217,0.5212823790980645,0.4911381465393271,0.0,0.3831712743030441,0.0,0.5764782122516744,0.4975264515185791,0.0,0.0,0.0,0.0,0.2584562200560112,0.0,0.0,0.0,0.4892257427836686,0.0,0.0,0.0,0.5151076746908035,0.0,0.0,0.0,0.0
0.0,0.0,0.4111679223651644,0.0,0.2679819204629889,0.39345153006508155,0.3161310766492557,0.0,0.3831119471355342,0.2847286206715581,0.3549753595256606,0.0,0.3068577946358171,0.2910391813494595,0.0,0.0,0.0,0.0,0.0,0.0,0.0,0.0,0.39456951124567563,0.0,0.0,0.0,0.4081895341562342,0.26012540237773135,0.0,0.42574579336054935,0.31018407586838564,0.2687806901447455,0.0,0.25916089350214855,0.2421622303962413,0.19796073472489603,0.17852512325007366,0.0,0.0,0.0,0.0,0.0,0.0,0.0,0.0,0.0,0.0,0.0,0.0,0.0,0.0,0.0,0.0,0.0,0.0,0.0,0.0,0.0,0.0,0.0,0.0,0.0,0.0,0.0,0.0,0.0,0.0,0.0,0.0,0.0,0.0,0.0,0.0,0.0,0.0,0.0
0.0,0.42977914434792985,0.3805487193415671,0.2679819204629889,0.0,0.36761267023613914,0.3278565549919937,0.36844792443427504,0.3381193432011474,0.4364511075645867,0.3286845210111857,0.4253346293863215,0.3477420925017603,0.2651345268739505,0.0,0.48140415648931933,0.5103335050630594,0.5238317537124514,0.34504152187118864,0.37263386611218374,0.6216040483094354,0.41523950623400413,0.38072016698361405,0.43828454718677246,0.46258927504332314,0.47932278381722315,0.37979070240151963,0.3540828838521521,0.39865434043934345,0.0,0.4120542918327034,0.367385262924055,0.3992146816299193,0.4102124393961866,0.36955638172286776,0.2172749183390002,0.38222521456211883,0.4193509805207753,0.0,0.0,0.0,0.0,0.43671453791571446,0.0,0.0,0.0,0.0,0.5463082886748915,0.0,0.5981337919964609,0.5289961106600174,0.0,0.4854294994827865,0.5501547408023754,0.0,0.47783861151002865,0.0,0.0,0.46667533166823816,0.0,0.0,0.0,0.0,0.5406400845488112,0.0,0.0,0.0,0.5166094565263666,0.0,0.0,0.0,0.5239471954549512,0.0,0.0,0.0,0.0
0.44701849910491687,0.40184640123612847,0.3733027502440095,0.39345153006508155,0.36761267023613914,0.0,0.39523480146101175,0.4158015390594006,0.30022473521286225,0.4306065845013893,0.3820207869321029,0.0,0.3867298500036749,0.4067032419361641,0.4173782763295724,0.44217112962298855,0.0,0.4282265325752166,0.3695572087726129,0.3881992590665478,0.4155634513629543,0.4125268040747742,0.38212764357435913,0.0,0.4063117044455809,0.41178292554418694,0.35386485390742606,0.3681990349987672,0.31684534847302337,0.404891635609123,0.4250528649582134,0.42929915109651234,0.3800977449679029,0.4342995310477991,0.4661839911542727,0.4092196132184933,0.40848238015371796,0.0,0.4833374434683197,0.0,0.5040026032450053,0.5572880108025904,0.4827124785321723,0.0,0.0,0.0,0.0,0.5304013175973668,0.0,0.5729743025000947,0.500156284909044,0.5297299279662828,0.4858744170368591,0.5151930653356582,0.0,0.5143142557063165,0.0,0.5200075179806355,0.46398371641057407,0.0,0.0,0.0,0.0,0.5183322684391175,0.5129418727049696,0.513495658697359,0.0,0.5144508507581463,0.0,0.0,0.0,0.5032767620500108,0.5021327420463497,0.48497258110061264,0.556201293715871,0.516163263165762
0.0,0.44216417155061716,0.40135105318054665,0.3161310766492557,0.3278565549919937,0.39523480146101175,0.0,0.40461342073527473,0.3600917143824904,0.42046970719246957,0.38683075385507865,0.40597684998056727,0.33085852661362414,0.33104877029227353,0.44175535238739383,0.4694053963831601,0.4555031372934274,0.4575798315278486,0.3832025003626151,0.43266018475655754,0.4889143752073393,0.45528806679489625,0.41213199993819,0.3815446711903413,0.42997682430834316,0.4403279853560584,0.4075814660021836,0.38519585779618454,0.42870612182114903,0.417836048224416,0.4054426907263758,0.36484814041871044,0.0,0.41448208050153723,0.35770389230167965,0.3107000424333547,0.3456434435907798,0.4327116891530816,0.0,0.0,0.0,0.0,0.47956660504531745,0.0,0.0,0.0,0.0,0.6019518700702582,0.0,0.7028241835819946,0.5328163922932052,0.0,0.5265019545610017,0.0,0.0,0.5858832938319527,0.0,0.0,0.7220280169343518,0.0,0.0,0.0,0.0,0.0,0.0,0.0,0.0,0.502550946400778,0.0,0.0,0.0,0.511962421636558,0.0,0.0,0.0,0.0
0.506365948832021,0.4564714035253517,0.4370938454918204,0.0,0.36844792443427504,0.4158015390594006,0.40461342073527473,0.0,0.4222039046187218,0.46530066731630326,0.30561704696399156,0.0,0.44801426604272404,0.3333649591100633,0.3742791268899068,0.47637457946027434,0.0,0.46673057060047346,0.4171729049349666,0.4136170203249968,0.39493107921407555,0.44937053532267657,0.3608035934393278,0.5204480978001785,0.45371912263530917,0.47597215655154457,0.41816287067704305,0.4458104209672418,0.40509810827605774,0.4265543343791997,0.44882759710046755,0.46510859878796884,0.45437384519572666,0.4425531802788747,0.49019029191665375,0.25986457441844574,0.44635621791607205,0.0,0.5106433611041943,0.0,0.5255802184534686,0.0,0.4391706655867371,0.0,0.0,0.0,0.0,0.5190096039499028,0.0,0.48766585826206094,0.4742823181102859,0.49811201515953624,0.44430474077015547,0.4949578599959208,0.0,0.47158289082128685,0.0,0.4751811276698187,0.4691960264983416,0.0,0.0,0.0,0.0,0.5272669420668403,0.5186760275743125,0.0,0.0,0.48793533819439794,0.0,0.0,0.0,0.48683821235564806,0.4893700178793089,0.4932397277181765,0.0,0.0
0.0,0.410361451220814,0.25871573059022746,0.3831119471355342,0.3381193432011474,0.30022473521286225,0.3600917143824904,0.4222039046187218,0.0,0.42718729953313683,0.3213624266709072,0.4571374842995992,0.3620487415552603,0.38440818033407037,0.0,0.47308562500401335,0.0,0.0,0.26491687863117525,0.3618187487814299,0.5009642689960716,0.3994107079173107,0.368458762149266,0.0,0.43047720473357454,0.0,0.33260991923164945,0.3959446330515832,0.38008643042510765,0.0,0.39738086978519516,0.3895351008444272,0.0,0.4185410764950881,0.4172397652365603,0.3909241847528527,0.3972120264924135,0.4339942774819037,0.0,0.0,0.0,0.0,0.4528800219209227,0.0,0.0,0.0,0.0,0.5350862316794256,0.0,0.5757455465334801,0.48234373166745426,0.5588281227693107,0.4496790209836725,0.5494913528405526,0.0,0.49497538463620094,0.0,0.0,0.4744206241785206,0.0,0.0,0.0,0.0,0.5106534319705764,0.0,0.0,0.0,0.5156727760452723,0.0,0.0,0.0,0.5178132815082234,0.0,0.0,0.0,0.0
0.4316244483412511,0.0,0.42605958149045453,0.2847286206715581,0.4364511075645867,0.4306065845013893,0.42046970719246957,0.46530066731630326,0.42718729953313683,0.0,0.4303620371409372,0.2989661132161408,0.41257762081739513,0.4071867545410276,0.0,0.40490671377164716,0.32691356705338936,0.34224797950946934,0.0,0.0,0.4956868343469494,0.0,0.4480493898625853,0.31430700030775893,0.31916029130982526,0.3354138872196113,0.4623404921260932,0.38769710274141606,0.5176404177860388,0.0,0.32314762617706794,0.37136354724038817,0.3351918469465619,0.34901846776315126,0.3187464552343994,0.28915848077469475,0.296094777366707,0.29026915491683986,0.37275319693238956,0.35944199305683916,0.35426876201568597,0.3526383078435634,0.0,0.0,0.30690408883136266,0.4555886124621946,0.0,0.0,0.0,0.0,0.0,0.0,0.0,0.0,0.41623112297984133,0.0,0.4193431599191468,0.0,0.0,0.0,0.0,0.4325876237335508,0.42269753022969475,0.0,0.0,0.0,0.0,0.0,0.4131245844154049,0.4460908494835024,0.44709554843899946,0.0,0.0,0.0,0.0,0.3989053348201591
0.0,0.0,0.28606206956488944,0.3549753595256606,0.3286845210111857,0.3820207869321029,0.38683075385507865,0.30561704696399156,0.3213624266709072,0.4303620371409372,0.0,0.4317240355201376,0.392423682491566,0.2925833388481721,0.0,0.0,0.5633439574033954,0.0,0.2506116939904493,0.0,0.4630890947440917,0.0,0.3495411417622058,0.4438654956874025,0.5770304939848965,0.8016088947237048,0.3636308656813212,0.38570916680194306,0.0,0.0,0.3937002615177946,0.3909944811878951,0.0,0.4213330157100068,0.37877315099050546,0.2931329659543942,0.39445197931340614,0.42764114157053407,0.0,0.0,0.0,0.0,0.429734080450399,0.0,0.0,0.0,0.0,0.45615137820048335,0.0,0.4548480434802527,0.4574698768496589,0.4875912580454036,0.4308007320951426,0.4678341773032188,0.0,0.30397390931028373,0.0,0.0,0.4251833312061933,0.0,0.0,0.0,0.0,0.3144009519771153,0.0,0.0,0.0,0.5070527268926889,0.0,0.0,0.0,0.47574574586376983,0.0,0.0,0.0,0.0
0.40891280286151815,0.0,0.0,0.0,0.4253346293863215,0.0,0.40597684998056727,0.0,0.4571374842995992,0.2989661132161408,0.4317240355201376,0.0,0.39070739130060317,0.0,0.0,0.0,0.3672049330492775,0.37189532385256724,0.0,0.0,0.5159531243563912,0.0,0.0,0.2909027109876226,0.34966832646698864,0.3265077971985554,0.0,0.3792550632811562,0.0,0.0,0.3455712192015982,0.29984247817800647,0.2815548844062952,0.28106665826031624,0.3146049852199104,0.31388734869536633,0.3198827339575121,0.22842414186759633,0.43493866407491494,0.396991999828279,0.4104619585582495,0.0,0.0,0.0,0.34811074710345635,0.48304563627295527,0.0,0.0,0.0,0.0,0.0,0.0,0.0,0.0,0.4327143297821432,0.0,0.4249951725344254,0.0,0.0,0.0,0.0,0.439584993816458,0.4384776076371042,0.0,0.0,0.0,0.0,0.0,0.4147510837680179,0.44601691496255513,0.45059969019389234,0.0,0.0,0.0,0.0,0.43954972611033605
0.5128877345055236,0.45436525763699526,0.4122458277390978,0.3068577946358171,0.3477420925017603,0.3867298500036749,0.33085852661362414,0.44801426604272404,0.3620487415552603,0.41257762081739513,0.392423682491566,0.39070739130060317,0.0,0.3593481457178673,0.43738393691903044,0.4751447796587458,0.4316399228499198,0.45589282964029587,0.3886285735491274,0.4391659845651357,0.44749066159210077,0.466635430232488,0.4268657456572041,0.4093195423231062,0.4369439565315204,0.4408883939411607,0.42071710271231066,0.3232811420546592,0.4161950982570781,0.328390459948729,0.3866301751440716,0.3682940644873992,0.37384952866247256,0.4008054074512101,0.37334838273841053,0.3075934897027837,0.3272309153349124,0.36800030970229236,0.5071604356899275,0.0,0.0,0.0,0.48744164082810904,0.0,0.0,0.0,0.0,0.598191177186203,0.0,0.0,0.520190504177166,0.0,0.510149177705879,0.0,0.0,0.5774240661704869,0.0,0.0,0.0,0.0,0.0,0.0,0.0,0.0,0.5876493001842111,0.0,0.0,0.5185019960641984,0.0,0.0,0.0,0.5119883139097839,0.5774969623910124,0.0,0.0,0.0
0.4910907539236318,0.0,0.41093156358153166,0.2910391813494595,0.2651345268739505,0.4067032419361641,0.33104877029227353,0.3333649591100633,0.38440818033407037,0.4071867545410276,0.2925833388481721,0.0,0.3593481457178673,0.0,0.36428738919208936,0.0,0.0,0.0,0.4028604789476809,0.0,0.4409440184926442,0.0,0.3744187137544221,0.0,0.0,0.0,0.41404855350539843,0.37916154939394775,0.0,0.0,0.3663045541139001,0.2934357387279264,0.0,0.3885905588745977,0.3248678301212474,0.2389592982121158,0.18290043350522572,0.0,0.0,0.0,0.0,0.0,0.3642006226503972,0.0,0.0,0.0,0.0,0.5066028908146795,0.0,0.440901528598882,0.0,0.48174473834661946,0.3944868881449578,0.4650325513446353,0.0,0.4422981776481979,0.0,0.0,0.39483258179406644,0.0,0.0,0.0,0.0,0.4772746260144076,0.0,0.0,0.0,0.49415298774813754,0.0,0.0,0.0,0.0,0.0,0.0,0.0,0.0
0.3882659546204688,0.4265163197100258,0.0,0.0,0.0,0.4173782763295724,0.44175535238739383,0.3742791268899068,0.0,0.0,0.0,0.0,0.43738393691903044,0.36428738919208936,0.0,0.4782689234650983,0.0,0.43805207031168164,0.0,0.3374198392399142,0.38087777960556485,0.3579484985464054,0.32878978996581754,0.0,0.41784528560940626,0.37250258775591377,0.39075036581833966,0.42776623608903896,0.40557382791433266,0.0,0.44741326140731325,0.463054165259154,0.39319637697597465,0.46727781380974515,0.5306443433583751,0.5189286941279192,0.4970023256005348,0.0,0.48814300319117143,0.4461587178481459,0.4931852524843067,0.5207718499874139,0.0,0.0,0.0,0.4179561487622694,0.48976699445784194,0.0,0.0,0.0,0.500683204755924,0.0,0.0,0.0,0.0,0.0,0.0,0.0,0.0,0.37975061142643807,0.5167193988166838,0.0,0.0,0.0,0.4797804502790235,0.5081161113659038,0.5150501089242007,0.48410762896545095,0.0,0.0,0.523863139770866,0.4883635668220112,0.5052797022243919,0.5019315983419201,0.0,0.5044071065513616
0.4038974627147672,0.4116176466349373,0.0,0.0,0.48140415648931933,0.44217112962298855,0.4694053963831601,0.47637457946027434,0.47308562500401335,0.40490671377164716,0.0,0.0,0.4751447796587458,0.0,0.4782689234650983,0.0,0.3948048949457067,0.34996444028284096,0.0,0.4396919103671674,0.42377789347774697,0.4195797111240373,0.4317514710340753,0.3791645273048718,0.4102052281666055,0.42105275307885204,0.44366104056707295,0.4599154015751096,0.4489797126581815,0.4531525937833372,0.3840474657769221,0.4872819568500463,0.3899379301211161,0.4120654614928975,0.49671679776314903,0.0,0.0,0.0,0.47631520974668395,0.4341806955011623,0.44866046829863754,0.4786745428550224,0.0,0.0,0.0,0.46315529374172326,0.46622049137736477,0.0,0.0,0.0,0.0,0.0,0.0,0.0,0.0,0.0,0.0,0.0,0.0,0.485879625547173,0.4702355099697901,0.0,0.4297948152470376,0.0,0.0,0.49834907013871527,0.4750876232748123,0.0,0.0,0.432475822631635,0.4738060733337414,0.0,0.0,0.0,0.0,0.44694796579568297
0.38807653353545063,0.0,0.0,0.0,0.5103335050630594,0.0,0.4555031372934274,0.0,0.0,0.32691356705338936,0.5633439574033954,0.3672049330492775,0.4316399228499198,0.0,0.0,0.3948048949457067,0.0,0.3223063923986684,0.0,0.46544900258819266,0.0,0.4347272713956374,0.0,0.3368444274476692,0.32648145152202024,0.3557424078087151,0.7721546768656102,0.4116156412601346,0.0,0.0,0.35854927618680904,0.45107681516212506,0.3592869965123671,0.3976735682290172,0.40615234484250284,0.0,0.28860047733191824,0.38479637069102907,0.45424133790563975,0.42914607433569957,0.45114033413129506,0.0,0.0,0.0,0.0,0.4611284436414367,0.0,0.0,0.0,0.0,0.0,0.0,0.0,0.0,0.4527972646765685,0.0,0.445676918205996,0.0,0.0,0.0,0.0,0.4418749210851344,0.4364996367782295,0.0,0.0,0.0,0.0,0.0,0.44093338440593516,0.4523451801510591,0.4566324322769129,0.0,0.0,0.0,0.0,0.0
0.3807861850096205,0.3947307738873094,0.0,0.0,0.5238317537124514,0.4282265325752166,0.4575798315278486,0.46673057060047346,0.0,0.34224797950946934,0.0,0.37189532385256724,0.45589282964029587,0.0,0.43805207031168164,0.34996444028284096,0.3223063923986684,0.0,0.0,0.4327911849376871,0.4120198749868761,0.4239120661529631,0.4294721992728656,0.33620535737680446,0.34590563308598393,0.3842922634857891,0.427488157873352,0.44447978468302396,0.4338005467756668,0.47461305724737946,0.37735563808318406,0.436675986899749,0.34912880755693937,0.39165391267899263,0.42074516018313823,0.0,0.0,0.0,0.4495269486236661,0.41108142888825805,0.43176767234688784,0.43758292434519264,0.0,0.0,0.0,0.4294052781117632,0.4480162450157093,0.0,0.0,0.0,0.0,0.0,0.0,0.0,0.4265402786373398,0.0,0.43688183374105793,0.0,0.0,0.0,0.4452698221794377,0.41467963651140466,0.42376997822387713,0.0,0.0,0.4858251963161091,0.45648413718403447,0.0,0.41854801942367814,0.4239917670864241,0.44343681897138626,0.0,0.0,0.0,0.0,0.4369735679726785
0.0,0.0,0.2824967726703082,0.0,0.34504152187118864,0.3695572087726129,0.3832025003626151,0.4171729049349666,0.26491687863117525,0.0,0.2506116939904493,0.0,0.3886285735491274,0.4028604789476809,0.0,0.0,0.0,0.0,0.0,0.0,0.0,0.6768991954611747,0.3252576211310288,0.0,0.0,0.0,0.3415318861247257,0.3845802377631436,0.5013688656943693,0.0,0.42173791692950935,0.3871817147613386,0.0,0.4275477905487648,0.4059489867552819,0.4178845846257933,0.0,0.0,0.0,0.0,0.0,0.0,0.47265884286821763,0.0,0.0,0.0,0.0,0.3854619973780017,0.0,0.5148689759079619,0.47348495002056845,0.0,0.5033301434272004,0.5160896489130335,0.0,0.4230845618091766,0.0,0.0,0.5132734855363663,0.0,0.0,0.0,0.0,0.417701332830725,0.0,0.0,0.0,0.5269527795088971,0.0,0.0,0.0,0.5144557189176532,0.0,0.0,0.0,0.0
0.43545738666824646,0.398026458551165,0.4428258757726005,0.0,0.37263386611218374,0.3881992590665478,0.43266018475655754,0.4136170203249968,0.3618187487814299,0.0,0.0,0.0,0.4391659845651357,0.0,0.3374198392399142,0.4396919103671674,0.46544900258819266,0.4327911849376871,0.0,0.0,0.39720505605100015,0.3438382983955311,0.26582297834003626,0.0,0.4098058137061994,0.4218379468732564,0.34443411732617624,0.4099490665307638,0.35422181376141193,0.3806952755456359,0.3862657687152621,0.4813004873344263,0.37156030322738354,0.43306830983450023,0.5097596853503024,0.5266410464400847,0.5027602139348115,0.0,0.4899781688611297,0.4606681876442948,0.49147318159704645,0.5132359588952046,0.0,0.0,0.0,0.5499953150125965,0.47791876560319485,0.0,0.0,0.0,0.48938088115151956,0.0,0.4520484882468512,0.0,0.0,0.0,0.0,0.0,0.0,0.4681792379020532,0.0,0.0,0.0,0.0,0.4796555980886912,0.4618662714290082,0.48004913165945895,0.49383488328457104,0.0,0.0,0.48232067038604776,0.48658202365969977,0.5028532452139635,0.4839364243027596,0.0,0.4996223203467288
0.4258535288399223,0.3974404261462827,0.0,0.0,0.6216040483094354,0.4155634513629543,0.4889143752073393,0.39493107921407555,0.5009642689960716,0.4956868343469494,0.4630890947440917,0.5159531243563912,0.44749066159210077,0.4409440184926442,0.38087777960556485,0.42377789347774697,0.0,0.4120198749868761,0.0,0.39720505605100015,0.0,0.42491518913554027,0.3591914734371,0.508928585113149,0.3907072115435307,0.394291715602262,0.40610580476803226,0.4425145426741362,0.4109255189989377,0.4576459897301761,0.41232570375163785,0.45763156289447154,0.3715016387448349,0.4436135449323539,0.5217259093420822,0.40885157116522464,0.5034482821122837,0.0,0.47579892229746995,0.4175976072309692,0.4851724899233412,0.5264815813775674,0.0,0.0,0.0,0.46113909641622763,0.47829961361086964,0.0,0.0,0.0,0.4401369043450891,0.7102081375831917,0.4806799488012803,0.0,0.0,0.0,0.0,0.5310750213417287,0.0,0.4738010588788554,0.4901606681685585,0.0,0.0,0.0,0.4560844367061788,0.48463446691451584,0.4896141541028591,0.4652028608030168,0.0,0.47491635802081045,0.5029502282791474,0.4578858240317636,0.4813967704330331,0.44934321213049266,0.0,0.5007383683278179
0.4133681720153752,0.38872707422127517,0.43561372893603717,0.0,0.41523950623400413,0.4125268040747742,0.45528806679489625,0.44937053532267657,0.3994107079173107,0.0,0.0,0.0,0.466635430232488,0.0,0.3579484985464054,0.4195797111240373,0.4347272713956374,0.4239120661529631,0.6768991954611747,0.3438382983955311,0.42491518913554027,0.0,0.39352453248274194,0.0,0.41154785901293955,0.39426913834834615,0.4019831937241565,0.44154469388932194,0.40364231223325175,0.41417351215457343,0.40403843994042493,0.4828812744718608,0.42218086769227675,0.45015208657274414,0.5349405152609732,0.0,0.0,0.0,0.4803089272120631,0.4621235415234081,0.4773378452625899,0.5101416018583308,0.0,0.0,0.0,0.4844922731267194,0.4726747796306795,0.0,0.0,0.0,0.4930069415237285,0.0,0.0,0.0,0.0,0.0,0.0,0.0,0.0,0.513221726820246,0.47262009037218855,0.0,0.4733742087867012,0.0,0.48598000513199546,0.5009082696384787,0.5010706463047193,0.4823016627242591,0.0,0.4344809594241725,0.5115494993973938,0.48437137799364477,0.0,0.4853089370806548,0.0,0.4822067716874223
0.450766321659747,0.41112125503844804,0.333244677911207,0.39456951124567563,0.38072016698361405,0.38212764357435913,0.41213199993819,0.3608035934393278,0.368458762149266,0.4480493898625853,0.3495411417622058,0.0,0.4268657456572041,0.3744187137544221,0.32878978996581754,0.4317514710340753,0.0,0.4294721992728656,0.3252576211310288,0.26582297834003626,0.3591914734371,0.39352453248274194,0.0,0.4846060503010929,0.40500999852310526,0.4187770042948768,0.3353499219593646,0.42268168792576155,0.38172827779289104,0.40694691747153694,0.4286667525508998,0.43105457271245523,0.3888420333467761,0.44390884064248376,0.4696298437299247,0.3990088403690732,0.42664168497003807,0.0,0.49855525360693564,0.3772349853383236,0.5031167550533985,0.5101358678293,0.4687280744256062,0.0,0.0,0.0,0.0,0.5479435814332629,0.0,0.536875175030934,0.5115898114853991,0.5107452041286156,0.49026474710435197,0.5308521979512012,0.0,0.5126706386280941,0.0,0.5075752106735528,0.5070417562001095,0.48337412518847517,0.0,0.0,0.0,0.5233910227212434,0.48484769213421175,0.4726717583573585,0.4689204501791947,0.5114298064078492,0.0,0.0,0.0,0.5051181594751425,0.49614721499165904,0.4922318557824413,0.0,0.5067983810545822
0.40047837924756907,0.0,0.0,0.0,0.43828454718677246,0.0,0.3815446711903413,0.5204480978001785,0.0,0.31430700030775893,0.4438654956874025,0.2909027109876226,0.4093195423231062,0.0,0.0,0.3791645273048718,0.3368444274476692,0.33620535737680446,0.0,0.0,0.508928585113149,0.0,0.4846060503010929,0.0,0.31633403174948943,0.34230987505313754,0.0,0.38595977753176186,0.0,0.0,0.3368897335754279,0.35963878138048666,0.24327036388415457,0.285352638160262,0.2988295648476385,0.0,0.0,0.2319191173055947,0.4345942865279167,0.3752703903533055,0.36693280466929623,0.3932980611635778,0.0,0.0,0.3634178414474784,0.42368675254361293,0.0,0.0,0.0,0.0,0.0,0.0,0.0,0.0,0.40536067115824104,0.0,0.3891571919813867,0.0,0.0,0.0,0.45246818512107634,0.4232663773931483,0.4322332164833471,0.0,0.0,0.0,0.0,0.0,0.3824244870607121,0.4317485867558484,0.43505027783410066,0.0,0.0,0.0,0.0,0.4526811429419766
0.3689878597334248,0.3735614743171799,0.0,0.0,0.46258927504332314,0.4063117044455809,0.42997682430834316,0.45371912263530917,0.43047720473357454,0.31916029130982526,0.5770304939848965,0.34966832646698864,0.4369439565315204,0.0,0.41784528560940626,0.4102052281666055,0.32648145152202024,0.34590563308598393,0.0,0.4098058137061994,0.3907072115435307,0.41154785901293955,0.40500999852310526,0.31633403174948943,0.0,0.3681199643623865,0.4023349130031381,0.4139006954242488,0.4148451091363601,0.0,0.3808681389652993,0.4347755312386176,0.3262858995358041,0.3779510343615415,0.4093206318408992,0.0,0.0,0.35533971097866635,0.44102446788656635,0.40271268444649705,0.4209669002283119,0.42725561203488494,0.0,0.0,0.0,0.43107936106174505,0.43387707937897935,0.0,0.0,0.0,0.0,0.0,0.0,0.0,0.43352694249423657,0.0,0.4410040305786395,0.0,0.0,0.4063311351160196,0.4474193868025225,0.41322965159072417,0.42114205959072143,0.0,0.4578794912480917,0.45953518640035657,0.4388624393551862,0.0,0.3829668198630934,0.42383596280776054,0.44138821589946836,0.0,0.0,0.4804051543302016,0.0,0.43586004516211485
0.3757549226938685,0.3975699415078882,0.0,0.0,0.47932278381722315,0.41178292554418694,0.4403279853560584,0.47597215655154457,0.0,0.3354138872196113,0.8016088947237048,0.3265077971985554,0.4408883939411607,0.0,0.37250258775591377,0.42105275307885204,0.3557424078087151,0.3842922634857891,0.0,0.4218379468732564,0.394291715602262,0.39426913834834615,0.4187770042948768,0.34230987505313754,0.3681199643623865,0.0,0.4370443570868784,0.4216916528348569,0.41836723307323564,0.0,0.39578575801951377,0.44645700285800577,0.3548212913581578,0.40243412934850037,0.4516869881240404,0.0,0.0,0.3468677704972511,0.4555007197734326,0.42052314090172205,0.4418893260928573,0.45484342514986575,0.0,0.0,0.0,0.45350826734499516,0.45936105055254556,0.0,0.0,0.0,0.5132410295176077,0.0,0.0,0.0,0.4533636559139227,0.0,0.4554792303891347,0.0,0.0,0.5030476269800012,0.4651051141674178,0.43790811898425114,0.43864097969939864,0.0,0.476860882813623,0.4967263456058523,0.49356130118978764,0.0,0.4108431129912532,0.44150838821373767,0.46015497631561536,0.0,0.5350333779930289,0.4929570818125395,0.0,0.4453302725481218
0.4361375922437056,0.3938445332931765,0.3008577265289176,0.4081895341562342,0.37979070240151963,0.35386485390742606,0.4075814660021836,0.41816287067704305,0.33260991923164945,0.4623404921260932,0.3636308656813212,0.0,0.42071710271231066,0.41404855350539843,0.39075036581833966,0.44366104056707295,0.7721546768656102,0.427488157873352,0.3415318861247257,0.34443411732617624,0.40610580476803226,0.4019831937241565,0.3353499219593646,0.0,0.4023349130031381,0.4370443570868784,0.0,0.4227086554139158,0.3499178490546023,0.40539214423095515,0.4204221124405127,0.44930653666436576,0.40513650838684456,0.4403604321438067,0.47703713798353387,0.4300008982450155,0.44001006393628617,0.0,0.4997810811112364,0.4747814432242012,0.5148011815112976,0.524603968846107,0.4879665499396972,0.0,0.0,0.6861875115091245,0.5055830906544887,0.5364808114934169,0.0,0.5546513311748666,0.49998330716309464,0.5228455320182775,0.4857979146416518,0.5254947981477717,0.0,0.5052578220463642,0.0,0.5122186905652677,0.5144269607856264,0.48593053672070663,0.0,0.0,0.0,0.5293045818223051,0.4892509093391959,0.4846082130840561,0.4843231674380064,0.5102438790001197,0.0,0.0,0.4856562324393634,0.5027255348456628,0.4983372327522016,0.49683016942589586,0.5387775158602071,0.5124498021603674
0.46329860836349535,0.4398647712968791,0.4133442872528416,0.26012540237773135,0.3540828838521521,0.3681990349987672,0.38519585779618454,0.4458104209672418,0.3959446330515832,0.38769710274141606,0.38570916680194306,0.3792550632811562,0.3232811420546592,0.37916154939394775,0.42776623608903896,0.4599154015751096,0.4116156412601346,0.44447978468302396,0.3845802377631436,0.4099490665307638,0.4425145426741362,0.44154469388932194,0.42268168792576155,0.38595977753176186,0.4139006954242488,0.4216916528348569,0.4227086554139158,0.0,0.33885038514770455,0.29502825981375685,0.35598764797183835,0.3604309249458431,0.3780089924344738,0.3784940177687859,0.36789766614616265,0.2461488565411623,0.2692899420516629,0.3482094169217373,0.5040129357208605,0.0,0.5322484874421031,0.0,0.5152820846529842,0.0,0.0,0.0,0.0,0.0,0.0,0.0,0.5044779842563911,0.0,0.4951757019991819,0.0,0.0,0.8275934374056596,0.0,0.0,0.0,0.0,0.0,0.0,0.0,0.0,0.5108199549491808,0.5152275706615788,0.0,0.5086343233601467,0.0,0.0,0.0,0.5063287251362424,0.5246256239491287,0.5080498216146434,0.0,0.5545466746693598
0.4412892097593118,0.4132582967865916,0.3981628128867589,0.0,0.39865434043934345,0.31684534847302337,0.42870612182114903,0.40509810827605774,0.38008643042510765,0.5176404177860388,0.0,0.0,0.4161950982570781,0.0,0.40557382791433266,0.4489797126581815,0.0,0.4338005467756668,0.5013688656943693,0.35422181376141193,0.4109255189989377,0.40364231223325175,0.38172827779289104,0.0,0.4148451091363601,0.41836723307323564,0.3499178490546023,0.33885038514770455,0.0,0.36152977345582654,0.3842892669144097,0.46026513523854334,0.3550714685562349,0.41502116890351065,0.4736020900933199,0.0,0.45826370051197585,0.0,0.4930764861957533,0.0,0.5210728804690438,0.0,0.0,0.0,0.0,0.6069855418602581,0.49933351073497273,0.5946195323202176,0.0,0.0,0.49469517487791004,0.0,0.48173366667251893,0.0,0.0,0.0,0.0,0.5026036222766551,0.0,0.0,0.0,0.0,0.0,0.0,0.45499653707587906,0.4724058522277105,0.4784688946858864,0.48984951526668896,0.0,0.0,0.4952288759122009,0.4875570872521133,0.507005280458057,0.4875912245195768,0.0,0.5204719176682017
0.0,0.0,0.0,0.42574579336054935,0.0,0.404891635609123,0.417836048224416,0.4265543343791997,0.0,0.0,0.0,0.0,0.328390459948729,0.0,0.0,0.4531525937833372,0.0,0.47461305724737946,0.0,0.3806952755456359,0.4576459897301761,0.41417351215457343,0.40694691747153694,0.0,0.0,0.0,0.40539214423095515,0.29502825981375685,0.36152977345582654,0.0,0.3341455339508329,0.4725461610414871,0.0,0.3299124973450765,0.3874464461421118,0.0,0.0,0.0,0.5089308160245318,0.0,0.6559867065303766,0.0,0.0,0.0,0.0,0.0,0.0,0.0,0.0,0.0,0.0,0.0,0.0,0.0,0.0,0.0,0.0,0.0,0.0,0.0,0.0,0.0,0.0,0.0,0.5551846953080266,0.0,0.0,0.5079056545862827,0.0,0.0,0.0,0.5084758878756819,0.0,0.0,0.0,0.0
0.3764490504830387,0.3699998295721593,0.4216180793733141,0.31018407586838564,0.4120542918327034,0.4250528649582134,0.4054426907263758,0.44882759710046755,0.39738086978519516,0.32314762617706794,0.3937002615177946,0.3455712192015982,0.3866301751440716,0.3663045541139001,0.44741326140731325,0.3840474657769221,0.35854927618680904,0.37735563808318406,0.42173791692950935,0.3862657687152621,0.41232570375163785,0.40403843994042493,0.4286667525508998,0.3368897335754279,0.3808681389652993,0.39578575801951377,0.4204221124405127,0.35598764797183835,0.3842892669144097,0.3341455339508329,0.0,0.4296777685601195,0.35347990939525015,0.26615155904020005,0.235213184995878,0.2911837306939057,0.3080651687215164,0.29966142367188653,0.4879064440284757,0.4380917120278511,0.47197204634801726,0.5087859985601961,0.47817589180437803,0.0,0.29273771825991846,0.4239499445747599,0.45319961757959326,0.0,0.0,0.0,0.5223717389529969,0.0,0.5238717119486584,0.0,0.42000790303069435,0.0,0.4077525629208614,0.0,0.0,0.5054099580192402,0.47569660533863495,0.47141941176635166,0.4376924030384593,0.0,0.484555998257974,0.4691367164208827,0.48136585851605923,0.5138300918040698,0.35440049732675927,0.4351241330438678,0.47913698218725975,0.5139045251362947,0.5386957269945611,0.5111179103783531,0.0,0.4695706432721445
0.43593620010891393,0.4431018001202741,0.40569757406086854,0.2687806901447455,0.367385262924055,0.42929915109651234,0.36484814041871044,0.46510859878796884,0.3895351008444272,0.37136354724038817,0.3909944811878951,0.29984247817800647,0.3682940644873992,0.2934357387279264,0.463054165259154,0.4872819568500463,0.45107681516212506,0.436675986899749,0.3871817147613386,0.4813004873344263,0.45763156289447154,0.4828812744718608,0.43105457271245523,0.35963878138048666,0.4347755312386176,0.44645700285800577,0.44930653666436576,0.3604309249458431,0.46026513523854334,0.4725461610414871,0.4296777685601195,0.0,0.33916114398923103,0.35986638910794255,0.3670431530285556,0.24160669856743477,0.29720422694225684,0.24988782824113331,0.3796583189959199,0.39369395553733044,0.3696132658766253,0.3552044285721775,0.32315180794061704,0.0,0.2689704540539788,0.4746228933497369,0.47523141216594533,0.5201099822949279,0.0,0.0,0.49595762626867834,0.0,0.5229788215159772,0.0,0.4454010180349129,0.0,0.4681125663344706,0.0,0.4726102251877625,0.5036986580347486,0.47468325375225484,0.4892877526227894,0.4463028770079934,0.0,0.48708019643486605,0.5272087882340707,0.5018304876008427,0.5132619515338388,0.4391749186641658,0.450833221806981,0.48707907963309915,0.5083601296966599,0.4883573305290332,0.5153337242535183,0.5323815712478912,0.4685330770124869
0.3245131587814224,0.34535629542878676,0.0,0.0,0.3992146816299193,0.3800977449679029,0.0,0.45437384519572666,0.0,0.3351918469465619,0.0,0.2815548844062952,0.37384952866247256,0.0,0.39319637697597465,0.3899379301211161,0.3592869965123671,0.34912880755693937,0.0,0.37156030322738354,0.3715016387448349,0.42218086769227675,0.3888420333467761,0.24327036388415457,0.3262858995358041,0.3548212913581578,0.40513650838684456,0.3780089924344738,0.3550714685562349,0.0,0.35347990939525015,0.33916114398923103,0.0,0.2741137077915874,0.36999061331541466,0.3527555166772739,0.2969414486741774,0.22422652448786773,0.3956740897365269,0.3569422039750816,0.38620278586163925,0.4355830806191977,0.0,0.0,0.2558579204865559,0.407247772860026,0.4469991681308594,0.0,0.0,0.0,0.4536443486918298,0.0,0.0,0.0,0.3871036605057575,0.0,0.38946330574728333,0.0,0.0,0.4782836269252008,0.45152161787302375,0.39533249504913165,0.41218668367953165,0.0,0.4575263050847042,0.4617475872987576,0.47555517306505773,0.4400820901197803,0.34347735066394225,0.4153512550869516,0.43493445318294577,0.42832165333948835,0.0,0.47707087262313125,0.0,0.4253128748109149
0.37768607754118355,0.38404810598686034,0.4275894346175395,0.25916089350214855,0.4102124393961866,0.4342995310477991,0.41448208050153723,0.4425531802788747,0.4185410764950881,0.34901846776315126,0.4213330157100068,0.28106665826031624,0.4008054074512101,0.3885905588745977,0.46727781380974515,0.4120654614928975,0.3976735682290172,0.39165391267899263,0.4275477905487648,0.43306830983450023,0.4436135449323539,0.45015208657274414,0.44390884064248376,0.285352638160262,0.3779510343615415,0.40243412934850037,0.4403604321438067,0.3784940177687859,0.41502116890351065,0.3299124973450765,0.26615155904020005,0.35986638910794255,0.2741137077915874,0.0,0.2869327192066189,0.24894068815745832,0.2740160083751092,0.228662603337923,0.4008012046854342,0.4048068640627273,0.42243538781777024,0.3752717754677451,0.3539448143040729,0.0,0.2648613575550697,0.4451899290170092,0.4604584675062333,0.0,0.0,0.0,0.5131796240577925,0.0,0.5254741552798736,0.0,0.4069425924282185,0.0,0.3829713564225632,0.0,0.0,0.5105393338826284,0.46279703836432334,0.43647652489272126,0.4332026424845809,0.0,0.48993858603938,0.49900191294162205,0.4983472416161073,0.523066718325659,0.3687610939109013,0.44094941623313294,0.46874394710554,0.5131929992487034,0.5187729696117358,0.508020063340039,0.0,0.46064558361073304
0.4408386912797444,0.4634342748887904,0.429644659855999,0.2421622303962413,0.36955638172286776,0.4661839911542727,0.35770389230167965,0.49019029191665375,0.4172397652365603,0.3187464552343994,0.37877315099050546,0.3146049852199104,0.37334838273841053,0.3248678301212474,0.5306443433583751,0.49671679776314903,0.40615234484250284,0.42074516018313823,0.4059489867552819,0.5097596853503024,0.5217259093420822,0.5349405152609732,0.4696298437299247,0.2988295648476385,0.4093206318408992,0.4516869881240404,0.47703713798353387,0.36789766614616265,0.4736020900933199,0.3874464461421118,0.235213184995878,0.3670431530285556,0.36999061331541466,0.2869327192066189,0.0,0.36119139676192585,0.3043924280294933,0.29189342621654163,0.3513140005435029,0.35328167155225454,0.3484762171206542,0.3658146765739823,0.342404117290861,0.0,0.0,0.4340614613958197,0.5137838123442325,0.0,0.0,0.0,0.5780810358101458,0.0,0.0,0.0,0.40727302771523477,0.0,0.391067446622072,0.0,0.0,0.5498800145362723,0.4991593078836195,0.0,0.4579692687394311,0.0,0.5076053229076504,0.5494925233071402,0.5353863337540701,0.5332513882818752,0.31696062219400795,0.4610137183313744,0.4928170049796321,0.5240528251279644,0.0,0.5577559508652861,0.0,0.5960402528896612
0.0,0.0,0.41543431582599116,0.19796073472489603,0.2172749183390002,0.4092196132184933,0.3107000424333547,0.25986457441844574,0.3909241847528527,0.28915848077469475,0.2931329659543942,0.31388734869536633,0.3075934897027837,0.2389592982121158,0.5189286941279192,0.0,0.0,0.0,0.4178845846257933,0.5266410464400847,0.40885157116522464,0.0,0.3990088403690732,0.0,0.0,0.0,0.4300008982450155,0.2461488565411623,0.0,0.0,0.2911837306939057,0.24160669856743477,0.3527555166772739,0.24894068815745832,0.36119139676192585,0.0,0.17799972271033157,0.32298646304192546,0.32855028051874346,0.0,0.0,0.36060326127358705,0.31105064436978824,0.0,0.0,0.0,0.0,0.4649282732865233,0.0,0.4257244507168094,0.0,0.0,0.37119339717015143,0.0,0.0,0.3850892022440972,0.0,0.0,0.3430663004910455,0.0,0.0,0.0,0.0,0.43758365868182164,0.0,0.0,0.0,0.4731646343586707,0.0,0.0,0.0,0.48095668493369964,0.0,0.0,0.0,0.0
0.0,0.0,0.40939748915869323,0.17852512325007366,0.38222521456211883,0.40848238015371796,0.3456434435907798,0.44635621791607205,0.3972120264924135,0.296094777366707,0.39445197931340614,0.3198827339575121,0.3272309153349124,0.18290043350522572,0.4970023256005348,0.0,0.28860047733191824,0.0,0.0,0.5027602139348115,0.5034482821122837,0.0,0.42664168497003807,0.0,0.0,0.0,0.44001006393628617,0.2692899420516629,0.45826370051197585,0.0,0.3080651687215164,0.29720422694225684,0.2969414486741774,0.2740160083751092,0.3043924280294933,0.17799972271033157,0.0,0.3108137508896719,0.2598143798561337,0.0,0.2518516568608702,0.0,0.26834501374786845,0.26165516881571593,0.0,0.0,0.0,0.0,0.0,0.0,0.0,0.0,0.0,0.0,0.0,0.0,0.0,0.0,0.0,0.0,0.0,0.0,0.0,0.0,0.0,0.0,0.0,0.0,0.0,0.0,0.0,0.0,0.0,0.0,0.0,0.0
0.0,0.0,0.0,0.0,0.4193509805207753,0.0,0.4327116891530816,0.0,0.4339942774819037,0.29026915491683986,0.42764114157053407,0.22842414186759633,0.36800030970229236,0.0,0.0,0.0,0.38479637069102907,0.0,0.0,0.0,0.0,0.0,0.0,0.2319191173055947,0.35533971097866635,0.3468677704972511,0.0,0.3482094169217373,0.0,0.0,0.29966142367188653,0.24988782824113331,0.22422652448786773,0.228662603337923,0.29189342621654163,0.32298646304192546,0.3108137508896719,0.0,0.2706748679655094,0.2940291800361432,0.30631326584696894,0.2672030547013657,0.0,0.0,0.28522116091036,0.0,0.0,0.0,0.0,0.0,0.0,0.0,0.0,0.0,0.3402030329899758,0.0,0.35390260500553883,0.0,0.0,0.0,0.0,0.0,0.0,0.0,0.0,0.0,0.0,0.0,0.3380261393379723,0.0,0.3693160105607332,0.0,0.0,0.0,0.0,0.38100893349941334
0.45101357364459366,0.4661788637587791,0.0,0.0,0.0,0.4833374434683197,0.0,0.5106433611041943,0.0,0.37275319693238956,0.0,0.43493866407491494,0.5071604356899275,0.0,0.48814300319117143,0.47631520974668395,0.45424133790563975,0.4495269486236661,0.0,0.4899781688611297,0.47579892229746995,0.4803089272120631,0.49855525360693564,0.4345942865279167,0.44102446788656635,0.4555007197734326,0.4997810811112364,0.5040129357208605,0.4930764861957533,0.5089308160245318,0.4879064440284757,0.3796583189959199,0.3956740897365269,0.4008012046854342,0.3513140005435029,0.32855028051874346,0.2598143798561337,0.2706748679655094,0.0,0.31168571447914206,0.34975036323809394,0.3355840655085931,0.2890497966207285,0.32688751239461167,0.24541612319619394,0.4224893774830743,0.42083854360921746,0.446683433401328,0.2865649393880652,0.38542848685573944,0.4534442575522918,0.40254467819191053,0.4829331180996774,0.4436330849114512,0.37898928726871167,0.4649291935682876,0.28225874797191003,0.4123368024145358,0.2453590323295854,0.453486273630722,0.43715287118041835,0.40499342339847344,0.4153450604372815,0.4250350862106258,0.46097772640795354,0.44963968165679086,0.4364308623120858,0.438722517660437,0.3839910447637068,0.39856986891721013,0.4287553772640211,0.45629678211848784,0.3842699742080605,0.4485768758535472,0.39584725755441175,0.4035959766925849
