0,1,2,3,4,5,6,7,8,9,10,11,12,13,14,15,16,17,18,19,20,21,22,23,24,25,26,27,28,29,30,31,32,33,34,35,36,37,38,39,40,41,42,43,44,45,46,47,48,49,50,51,52,53,54,55,56,57,58,59,60,61,62,63,64,65,66,67,68,69,70,71,72,73,74,75
0.0,0.446883963858414,0.0,0.0,0.0,0.4545479518699182,0.0,0.5144759513715134,0.0,0.39957707151148836,0.0,0.4445745808552879,0.0,0.0,0.4552020635741813,0.44087025896010973,0.4058159904248355,0.4257631937000039,0.0,0.4745705829281275,0.45152424651096423,0.4342470065242948,0.48066732775190596,0.4402316443763186,0.4142608666845715,0.4116337674621082,0.4868510968641066,0.4918962421525836,0.4734312817624672,0.0,0.3971775650764659,0.45179435780508603,0.3851081119835165,0.38235990564865024,0.43995236720557257,0.0,0.0,0.0,0.47708947534410057,0.4524897614216092,0.4379488348834986,0.5325633293203159,0.0,0.0,0.0,0.49328517876666533,0.49151326763657677,0.0,0.0,0.0,0.5291240115798722,0.0,0.0,0.0,0.0,0.0,0.5069755598462656,0.0,0.0,0.0,0.47805438019580143,0.0,0.4695806250494362,0.0,0.0,0.0,0.4920441727349984,0.48207007685012493,0.393619497907323,0.4693110505065494,0.4976240337164764,0.48581370806773455,0.0,0.4713938498221906,0.0,0.4612419553221456
0.446883963858414,0.0,0.5224905491910203,0.0,0.46380720494279376,0.4628104717329271,0.46734440829661705,0.4663999823722954,0.4514317988759211,0.0,0.0,0.0,0.48055658254702716,0.0,0.47086031897639663,0.4383334429717371,0.4931610574944836,0.45021798567443677,0.0,0.4580319899974615,0.4283534805319309,0.40054622202763385,0.4780740857570721,0.0,0.4004391528018443,0.4087854204013533,0.4695129043185208,0.4790045392372534,0.46647093662997036,0.0,0.39270131944197817,0.4529906165071472,0.37824850609768546,0.4107345897599602,0.46144508030673503,0.0,0.0,0.0,0.4801573224821467,0.48221701347686674,0.46714931437886376,0.5014703269127053,0.0,0.0,0.0,0.49971488837870137,0.49736736279169674,0.0,0.0,0.0,0.49669312524881304,0.0,0.0,0.0,0.0,0.0,0.0,0.0,0.0,0.5013518756839266,0.48165914072023064,0.0,0.4756456523067066,0.0,0.4787989023792868,0.4914953625735593,0.4953773301524115,0.0,0.0,0.47695036310876143,0.5084428074270503,0.49883386017651565,0.0,0.4831480008663457,0.0,0.45025280015148067
0.0,0.5224905491910203,0.0,0.0,0.4182423358567396,0.4453695004244505,0.45115395635819205,0.4875987640797346,0.31051398557212123,0.5109264170073399,0.3596424493883884,0.0,0.4653479406010102,0.4308804666165154,0.0,0.0,0.0,0.0,0.3018822278042937,0.0,0.579488718368178,0.0,0.3657384070284603,0.0,0.0,0.0,0.3457666654453506,0.4839363851356086,0.481838645657361,0.5232961087309216,0.48720547569430883,0.4514673302056607,0.0,0.47565219799147834,0.48658472649389944,0.4162401497118049,0.0,0.0,0.5306262540370836,0.0,0.6556710151728051,0.0,0.4965047119881028,0.0,0.0,0.0,0.0,0.5718777120313964,0.0,0.5665886753793467,0.5630943771917749,0.6046821930186752,0.5740559323663776,0.5929826639987523,0.0,0.5189145569934619,0.0,0.6078581430104038,0.4985280635933052,0.0,0.0,0.0,0.0,0.4810331837296624,0.0,0.0,0.0,0.589027828293385,0.0,0.0,0.0,0.5798685074590306,0.6301314664550206,0.0,0.0,0.6637532474661412
0.0,0.0,0.0,0.0,0.29238800659100794,0.4372763748942924,0.3359375786950793,0.2741279186114188,0.417169593316716,0.22122448397089295,0.360918588524074,0.283326687841126,0.34997006529051294,0.2688225710390525,0.0,0.0,0.0,0.0,0.42744652283972856,0.0,0.0,0.0,0.44430744406896844,0.2143859901365519,0.0,0.0,0.4472357131310813,0.3200617055464337,0.0,0.0,0.33182223458736393,0.2980598324186885,0.24453542801459371,0.2886756360258128,0.3398853785430136,0.2067243781031237,0.21150864227881422,0.26947769789482756,0.0,0.0,0.0,0.0,0.0,0.0,0.0,0.0,0.0,0.0,0.0,0.0,0.0,0.0,0.0,0.0,0.0,0.0,0.0,0.0,0.0,0.0,0.0,0.0,0.0,0.0,0.0,0.0,0.0,0.0,0.0,0.0,0.0,0.0,0.0,0.0,0.0,0.0
0.0,0.46380720494279376,0.4182423358567396,0.29238800659100794,0.0,0.4174600873117911,0.37143724428919955,0.44093211712501573,0.36927773327568203,0.43391937359789184,0.34081486791691223,0.40481391621104806,0.40697893854137884,0.2709706845813073,0.0,0.47356903170612163,0.0,0.5120832313427736,0.3987825477032488,0.45438331581711977,0.0,0.471048352156069,0.44464508858751095,0.0,0.446337661622252,0.0,0.43019429233407863,0.4105828151662025,0.4524825612063187,0.4432909293696355,0.47691145685880143,0.40979281363218756,0.42819734916217195,0.4543047822697732,0.4496150223435155,0.22537874687043533,0.31441063744729175,0.43199732398557594,0.5645345659698106,0.0,0.6921690743946803,0.0,0.3774359276292961,0.0,0.0,0.0,0.0,0.5597353793147412,0.0,0.5571901398688963,0.546067329723523,0.662192503813797,0.5266226535369378,0.5729116252623804,0.0,0.4622510378068437,0.0,0.0,0.48585928162037606,0.0,0.0,0.0,0.0,0.5044545140269721,0.0,0.0,0.0,0.5424573920265752,0.0,0.0,0.0,0.5612831980749202,0.7113318964381445,0.0,0.0,0.0
0.4545479518699182,0.4628104717329271,0.4453695004244505,0.4372763748942924,0.4174600873117911,0.0,0.4414558835047156,0.44832732829261035,0.35620761411882956,0.4619228807481165,0.41508593292271484,0.0,0.41993816420082175,0.4180064375869021,0.46719878130168957,0.4697677744966041,0.0,0.4478315623582614,0.43187142622445557,0.47303139030493924,0.4495699196755618,0.4760478591573915,0.44598526331964916,0.0,0.4319132321470652,0.4681514360753096,0.4260187032694395,0.4217625735982172,0.3751812473248705,0.4591926681325486,0.4662536764517634,0.4465262072494544,0.4163356308788382,0.46638755820948297,0.49302565836142714,0.43440368991805256,0.439538084410819,0.47496646152124156,0.518034698427947,0.6429582634218898,0.5282079578865969,0.5847084547991795,0.4963766253127261,0.0,0.0,0.0,0.0,0.5619961057615422,0.0,0.0,0.5238944850817592,0.5562951090442214,0.5052409369934171,0.5536940900377755,0.0,0.5214001582215837,0.0,0.5408139231331975,0.5594395664960246,0.5265290553188241,0.0,0.0,0.0,0.5439578201192631,0.5122197592853779,0.5261572698001408,0.5315397049116737,0.5387918522608319,0.0,0.0,0.5461612624634811,0.5329775249579211,0.5321811860592424,0.5094803209834187,0.5872692677562884,0.5360202169057234
0.0,0.46734440829661705,0.45115395635819205,0.3359375786950793,0.37143724428919955,0.4414558835047156,0.0,0.4525887927989224,0.4158868922812774,0.4467345147152307,0.4569226272208541,0.41726980055693214,0.3538807333946636,0.37816504715308913,0.0,0.491337158856238,0.49537859867159395,0.4877803726345305,0.467088272263332,0.480115773951719,0.5385525011585932,0.49037479794921945,0.44493528762687606,0.4402353056762227,0.4513175620990355,0.4588830606456715,0.4633119499555595,0.4268663883408843,0.46886202382171704,0.4513869190957903,0.4849394607390466,0.42860511781791066,0.42440006953179243,0.44284669903815543,0.49952861685771444,0.3459984770329545,0.3471769578954846,0.39215642411950863,0.5913785811687264,0.0,0.0,0.0,0.0,0.0,0.0,0.0,0.0,0.5867601143765242,0.0,0.0,0.5354255602282052,0.6472625259271589,0.5372734798363501,0.6264184168818256,0.5722898002712122,0.5583892082405293,0.0,0.0,0.0,0.0,0.0,0.0,0.0,0.0,0.0,0.0,0.0,0.5192142379717867,0.0,0.0,0.0,0.5221898361479301,0.0,0.5978804903477457,0.0,0.0
0.5144759513715134,0.4663999823722954,0.4875987640797346,0.2741279186114188,0.44093211712501573,0.44832732829261035,0.4525887927989224,0.0,0.49134480244778495,0.5136337415907037,0.3892690967500242,0.5486799813664742,0.44929420233161527,0.34970969442760436,0.4686711455320073,0.488268260646348,0.0,0.48630399577116235,0.4615634513783661,0.4104731716856131,0.4305101287689832,0.4942925640458794,0.39962178509216256,0.5393537176920689,0.47812154490339637,0.4951148297045866,0.49304048341445333,0.46279222595962466,0.43574297454026534,0.4755118324033955,0.4801121408449911,0.38289198541980163,0.47203134354177906,0.4769127731733773,0.4559811350068966,0.2463669866651984,0.28819008709739385,0.0,0.45582565069040965,0.0,0.5077232409950782,0.0,0.40740978499659986,0.0,0.0,0.4496521842970093,0.46043534609070513,0.6009385674490926,0.0,0.5345201991902682,0.49612556154311893,0.5536412991622568,0.4566193316840107,0.5947167143240698,0.0,0.5182798884786297,0.0,0.5010241908753129,0.4499161727357258,0.0,0.0,0.0,0.0,0.5452120612091597,0.0,0.0,0.0,0.48825073506480887,0.0,0.0,0.6018140652246263,0.5180354013183185,0.5082847167979504,0.4877252118799486,0.0,0.5149419729144389
0.0,0.4514317988759211,0.31051398557212123,0.417169593316716,0.36927773327568203,0.35620761411882956,0.4158868922812774,0.49134480244778495,0.0,0.4612146135785974,0.3076037554589472,0.46599053347761693,0.40722061202911597,0.43003246713358434,0.0,0.4713031183957491,0.0,0.0,0.31298392407101994,0.4623363885747632,0.0,0.46650354964532276,0.45044948586688704,0.0,0.4662689724693603,0.4879326551670689,0.36343300896184,0.4666230000810835,0.4376335676046438,0.49461418247929556,0.4574794248522501,0.4354653217075232,0.44233410009433877,0.45156769851594053,0.45238153751443094,0.4161922259318209,0.43611104213111873,0.44719126834404355,0.5557968613999931,0.0,0.6732340959846979,0.0,0.48001363712414885,0.0,0.0,0.0,0.0,0.5895225353080126,0.0,0.5937754549660461,0.5492737812601275,0.6106120246666588,0.5722247268243468,0.6003592749518152,0.0,0.5443871311752272,0.0,0.6234295606191362,0.47945086336238185,0.0,0.0,0.0,0.0,0.556564017713876,0.0,0.0,0.0,0.5777446007886958,0.0,0.0,0.0,0.583809651422516,0.6194550295399843,0.6173067535677367,0.0,0.6907732404607887
0.39957707151148836,0.0,0.5109264170073399,0.22122448397089295,0.43391937359789184,0.4619228807481165,0.4467345147152307,0.5136337415907037,0.4612146135785974,0.0,0.4693905436565005,0.2997263816619251,0.4570457014013179,0.3991837046269563,0.0,0.42007986927408175,0.35738811657720027,0.38126509749680004,0.49110213777293493,0.0,0.4801660958224351,0.4669990199547107,0.4749670131104318,0.34727353882192447,0.38642700681197806,0.3858708176637253,0.4933233381725389,0.42952477356147634,0.5201759260848067,0.0,0.35665617373549313,0.33027389942584284,0.3467221999338176,0.290958112190164,0.29126563856592036,0.2861126658866483,0.2271047641141711,0.28235548157132945,0.40694675242366574,0.374365957985553,0.3734737865206332,0.3436645480959789,0.42841410332275237,0.0,0.3311186954725756,0.47797186338266684,0.4418650264827016,0.0,0.0,0.0,0.0,0.45534101966176554,0.0,0.0,0.4549725429356441,0.0,0.44821877250311104,0.47327525348595656,0.0,0.0,0.4326933748992373,0.4625999015025333,0.4218519234302416,0.0,0.0,0.0,0.3962918541425754,0.0,0.4645522339052092,0.4432991955094391,0.46387702986571117,0.0,0.4596882054277267,0.0,0.0,0.4265761876885659
0.0,0.0,0.3596424493883884,0.360918588524074,0.34081486791691223,0.41508593292271484,0.4569226272208541,0.3892690967500242,0.3076037554589472,0.4693905436565005,0.0,0.45349082755516756,0.4538717487752538,0.3091495004591398,0.0,0.0,0.0,0.0,0.2781514430752936,0.0,0.0,0.0,0.3537755089715035,0.0,0.0,0.0,0.4160940642969366,0.45723167136838383,0.0,0.0,0.4715050177198967,0.30893126582616925,0.47203892059819597,0.44479126327886026,0.4303641100623944,0.270878109767027,0.42885788259219054,0.44727193969548973,0.0,0.0,0.0,0.0,0.4438205351683278,0.0,0.0,0.0,0.0,0.4370874977729892,0.0,0.4746482622088795,0.5342162019648264,0.5497745293283147,0.5114315257051045,0.5148676471189462,0.0,0.26955709923061144,0.0,0.5219043138706257,0.4735689206513153,0.0,0.0,0.0,0.0,0.28875787680179454,0.0,0.0,0.0,0.5463268435842241,0.0,0.0,0.0,0.5462345354304993,0.0,0.0,0.0,0.0
0.4445745808552879,0.0,0.0,0.283326687841126,0.40481391621104806,0.0,0.41726980055693214,0.5486799813664742,0.46599053347761693,0.2997263816619251,0.45349082755516756,0.0,0.4187354595122505,0.0,0.0,0.0,0.3965131723334776,0.3886611182403011,0.0,0.0,0.0,0.0,0.0,0.32263464840678135,0.3791594915759192,0.33014395091602855,0.0,0.3766989024588355,0.0,0.0,0.3361677075687896,0.28572051305447005,0.23420667388919122,0.20790463409765736,0.29206804365751904,0.28542739499449116,0.27612478205651075,0.1961523933707585,0.30065646820274705,0.359055834998149,0.3579848955226975,0.38339640874774505,0.0,0.0,0.2912974904513957,0.5511783612277242,0.4784441208415712,0.0,0.0,0.0,0.0,0.45865587613825853,0.0,0.0,0.4629871101334567,0.0,0.45299902124168423,0.4617787015903759,0.0,0.0,0.0,0.485829158812313,0.44702453100504086,0.0,0.0,0.0,0.0,0.0,0.46519041759885543,0.465238467782645,0.48249243530486907,0.0,0.4311357447229452,0.0,0.0,0.4186777629837141
0.0,0.48055658254702716,0.4653479406010102,0.34997006529051294,0.40697893854137884,0.41993816420082175,0.3538807333946636,0.44929420233161527,0.40722061202911597,0.4570457014013179,0.4538717487752538,0.4187354595122505,0.0,0.38741669122068667,0.48481881135426297,0.5083662568237439,0.4650209108656874,0.4835350083030148,0.4570536636538331,0.47565841296176986,0.47133294210918675,0.4957392841093077,0.46857654070195026,0.4572727764758273,0.45837777496801624,0.4430908662476203,0.4787657849320312,0.377768991548694,0.4489247873951443,0.43528099901873135,0.45475141609377856,0.4383028643145858,0.4144890444490345,0.43872459060306174,0.45413527977074775,0.36279275859503557,0.3678835680522993,0.4013095421074279,0.5039730351744753,0.462789050686514,0.5691163839966871,0.0,0.0,0.0,0.39153501176930655,0.0,0.0,0.0,0.0,0.0,0.5291376740194832,0.6276050168984653,0.5028244901350681,0.0,0.5230598386009939,0.5291189459067205,0.499434246375963,0.0,0.0,0.0,0.0,0.7176305549804163,0.0,0.0,0.5636906181086916,0.0,0.0,0.5252327292022929,0.41885857290878664,0.6333002347640269,0.5934543937143183,0.517163348622769,0.5907351129940084,0.537851077949627,0.0,0.0
0.0,0.0,0.4308804666165154,0.2688225710390525,0.2709706845813073,0.4180064375869021,0.37816504715308913,0.34970969442760436,0.43003246713358434,0.3991837046269563,0.3091495004591398,0.0,0.38741669122068667,0.0,0.0,0.0,0.0,0.0,0.4073826863324802,0.0,0.452239696389901,0.0,0.401241849899108,0.0,0.0,0.5277409971867604,0.45910756781182754,0.2996471275576115,0.0,0.0,0.44841026569379,0.2048177807794829,0.0,0.4136942465396433,0.3706331983820533,0.20265925865173734,0.19471938756125642,0.0,0.0,0.0,0.0,0.0,0.322049169480334,0.0,0.0,0.0,0.0,0.5154150243270238,0.0,0.0,0.5092982000817571,0.0,0.0,0.5210850901102377,0.0,0.4374790745525775,0.0,0.0,0.0,0.0,0.0,0.0,0.0,0.44539870791608005,0.0,0.0,0.0,0.4012345056674646,0.0,0.0,0.0,0.0,0.0,0.0,0.0,0.0
0.4552020635741813,0.47086031897639663,0.0,0.0,0.0,0.46719878130168957,0.0,0.4686711455320073,0.0,0.0,0.0,0.0,0.48481881135426297,0.0,0.0,0.5319039782913443,0.0,0.4959488292745357,0.0,0.39526258472602,0.44118969306719485,0.4278803882075414,0.4152646129169515,0.5411090253896258,0.5107052823984806,0.41592257266212024,0.4583874284094357,0.4757707710612362,0.45181798417783436,0.0,0.47975448118431496,0.4800632583508152,0.44719028446728515,0.4826681196616862,0.5174482539675825,0.5084182622246026,0.0,0.0,0.5120431513715893,0.5269473940315715,0.5128667032981509,0.5443791938250442,0.0,0.0,0.0,0.4273713024549066,0.5234751219324573,0.0,0.0,0.0,0.5113538220387142,0.0,0.0,0.0,0.0,0.0,0.0,0.0,0.0,0.5226841946194751,0.5255940464839367,0.0,0.0,0.0,0.5139573059236895,0.5152362699074629,0.5270676549544895,0.5300819148080921,0.5198244425658688,0.0,0.543855349483627,0.5324830980304031,0.5361497448554398,0.4966987392523409,0.0,0.5031917863564913
0.44087025896010973,0.4383334429717371,0.0,0.0,0.47356903170612163,0.4697677744966041,0.491337158856238,0.488268260646348,0.4713031183957491,0.42007986927408175,0.0,0.0,0.5083662568237439,0.0,0.5319039782913443,0.0,0.41779916092862784,0.40516051989929913,0.0,0.46024564455753725,0.4656353231693463,0.4252360049655271,0.5061778293338784,0.0,0.4302553461679947,0.4535457775128928,0.4786633015680791,0.4849109676500763,0.4761411783425757,0.4702236665891567,0.4118511509969244,0.529996721090175,0.45543379676625306,0.44660632530014255,0.5351974349092723,0.4999069632744577,0.0,0.0,0.492841587503378,0.4617088177949117,0.4552031050186382,0.4929463071510063,0.0,0.0,0.0,0.5223907159638728,0.48322627762143633,0.0,0.0,0.0,0.5851732540319047,0.0,0.0,0.0,0.0,0.0,0.0,0.0,0.0,0.5152847680776215,0.476217957603481,0.0,0.47466866787822126,0.0,0.5121226563131331,0.5180786029468458,0.488435605085881,0.0,0.0,0.4583342563715599,0.5064198389080464,0.5872487548424309,0.0,0.5188799315624052,0.0,0.4468144279468926
0.4058159904248355,0.4931610574944836,0.0,0.0,0.0,0.0,0.49537859867159395,0.0,0.0,0.35738811657720027,0.0,0.3965131723334776,0.4650209108656874,0.0,0.0,0.41779916092862784,0.0,0.3333491502515879,0.0,0.0,0.0,0.434609617923732,0.0,0.41951864500651737,0.3877634571922713,0.38846238272988837,0.0,0.4588322855989714,0.0,0.0,0.3999596191148712,0.4496186733513718,0.390284158174826,0.3941983341416526,0.39544081234023853,0.0,0.0,0.3552803553568298,0.42083340748139164,0.3682477708349396,0.3958428588609283,0.0,0.0,0.0,0.0,0.0,0.3998692856133832,0.0,0.0,0.0,0.0,0.0,0.0,0.0,0.44822088091819756,0.0,0.4561980555408077,0.0,0.0,0.0,0.4029201539632964,0.47100643238576323,0.44715595075515435,0.0,0.0,0.0,0.0,0.0,0.48177263381286023,0.4376445433282727,0.467654781585609,0.0,0.0,0.0,0.0,0.43320145562170853
0.4257631937000039,0.45021798567443677,0.0,0.0,0.5120832313427736,0.4478315623582614,0.4877803726345305,0.48630399577116235,0.0,0.38126509749680004,0.0,0.3886611182403011,0.4835350083030148,0.0,0.4959488292745357,0.40516051989929913,0.3333491502515879,0.0,0.0,0.4724786254760595,0.4594973832382109,0.4586316372440491,0.476200110222294,0.41263602825571666,0.4078502322526111,0.4306903426069926,0.4611459329908126,0.4793608368817932,0.4765961525274856,0.5127193266209231,0.4112038106894482,0.46048073034640824,0.42117337245095066,0.41412514530502903,0.43060618960851227,0.3918764303081984,0.0,0.36137844174167794,0.4624888759251639,0.4055241329066632,0.3859711794680483,0.4565110350417445,0.0,0.0,0.0,0.49142718949575787,0.4554849784237423,0.0,0.0,0.0,0.0,0.0,0.0,0.0,0.4656563822376613,0.0,0.4772339653764765,0.0,0.0,0.0,0.4482477058330749,0.5142951559112792,0.4577933048948686,0.0,0.619039931770226,0.0,0.4651554837743853,0.0,0.4819225768883668,0.44147539961215787,0.47286643658089517,0.0,0.0,0.0,0.0,0.43041135903708233
0.0,0.0,0.3018822278042937,0.42744652283972856,0.3987825477032488,0.43187142622445557,0.467088272263332,0.4615634513783661,0.31298392407101994,0.49110213777293493,0.2781514430752936,0.0,0.4570536636538331,0.4073826863324802,0.0,0.0,0.0,0.0,0.0,0.0,0.0,0.0,0.3298032021057867,0.0,0.0,0.0,0.40386455972016827,0.46599169727565276,0.0,0.0,0.450819543184692,0.41777177436628055,0.4840524161527463,0.4536835595212453,0.4537040926172642,0.39625351443011775,0.45455075994034777,0.0,0.4838011059924072,0.0,0.0,0.0,0.46024326749343075,0.0,0.0,0.0,0.0,0.5523180939998633,0.0,0.5530076052261884,0.5489079353844474,0.6031182577310901,0.5327363134813878,0.5679810799085341,0.0,0.48208594230376745,0.0,0.0,0.47724132953161097,0.0,0.0,0.0,0.0,0.5330829660338084,0.0,0.0,0.0,0.5629308787454674,0.0,0.0,0.0,0.5644067768794342,0.0,0.0,0.0,0.0
0.4745705829281275,0.4580319899974615,0.0,0.0,0.45438331581711977,0.47303139030493924,0.480115773951719,0.4104731716856131,0.4623363885747632,0.0,0.0,0.0,0.47565841296176986,0.0,0.39526258472602,0.46024564455753725,0.0,0.4724786254760595,0.0,0.0,0.43273598583406647,0.42109921665503014,0.4059967573626378,0.0,0.42915495130510833,0.47369574599593184,0.3877216809172946,0.41830805178465125,0.38613592356012383,0.38661828760144523,0.4080216936345863,0.4778441868910133,0.4191396004776388,0.46933179382747675,0.5045256097209485,0.5270731647669088,0.0,0.0,0.49843508559964145,0.49141614789192023,0.4983226621804391,0.5131366066275697,0.0,0.0,0.0,0.0,0.47955891027554864,0.0,0.0,0.0,0.5018714859050523,0.0,0.0,0.0,0.0,0.0,0.0,0.0,0.0,0.49586710567776954,0.0,0.0,0.0,0.0,0.49137284164407247,0.49089452679447215,0.4977434121803294,0.5179392041256333,0.0,0.0,0.5037758688917907,0.520963473054584,0.5182353007624259,0.4814100141448777,0.0,0.4944829656571003
0.45152424651096423,0.4283534805319309,0.579488718368178,0.0,0.0,0.4495699196755618,0.5385525011585932,0.4305101287689832,0.0,0.4801660958224351,0.0,0.0,0.47133294210918675,0.452239696389901,0.44118969306719485,0.4656353231693463,0.0,0.4594973832382109,0.0,0.43273598583406647,0.0,0.4449156249304496,0.4409215210566893,0.5202398565489078,0.43572057399659797,0.4475834522703841,0.48016669717781796,0.4780480117354084,0.4301306438237717,0.5187344428031462,0.44495479958129414,0.45168967027688534,0.40678647654582817,0.44354446155031757,0.48993071642844466,0.45621073780168897,0.0,0.0,0.5095889073019437,0.4771386580712951,0.5056880267247773,0.5662316923292119,0.0,0.0,0.0,0.4904208236894445,0.5113136496990482,0.0,0.0,0.0,0.48313970937377654,0.0,0.35967447184491713,0.0,0.0,0.0,0.0,0.0,0.0,0.4990352383012275,0.49976522790919226,0.0,0.0,0.0,0.5022939655127742,0.43645334639720124,0.5101425430433296,0.4900310329931041,0.3413517394524672,0.5219866529577266,0.5315682347430946,0.5138589054446918,0.5047060254570355,0.48653536372089834,0.524800212030277,0.0
0.4342470065242948,0.40054622202763385,0.0,0.0,0.471048352156069,0.4760478591573915,0.49037479794921945,0.4942925640458794,0.46650354964532276,0.4669990199547107,0.0,0.0,0.4957392841093077,0.0,0.4278803882075414,0.4252360049655271,0.434609617923732,0.4586316372440491,0.0,0.42109921665503014,0.4449156249304496,0.0,0.4993030560724849,0.0,0.4246643558529564,0.42526564999076166,0.47794923361048147,0.4751992022308,0.456707643743029,0.4230012664389868,0.4262546771233034,0.490281284297193,0.42380719341612305,0.4709839552400657,0.5202700312072974,0.5469007224341883,0.0,0.0,0.48630368801726936,0.49487028184904713,0.48795367636606846,0.5251475522053071,0.0,0.0,0.0,0.48752758452259415,0.4954272309965099,0.0,0.0,0.0,0.4908009552005667,0.0,0.4772442132474604,0.0,0.0,0.0,0.0,0.0,0.0,0.5173793938837659,0.4793665420829088,0.0,0.0,0.0,0.5007817493787864,0.5017380664582844,0.5007172935938086,0.5106041434635927,0.36149764521751104,0.4501152919855053,0.5294360433160042,0.5082699425430447,0.0,0.47794042528555336,0.0,0.4685752889472945
0.48066732775190596,0.4780740857570721,0.3657384070284603,0.44430744406896844,0.44464508858751095,0.44598526331964916,0.44493528762687606,0.39962178509216256,0.45044948586688704,0.4749670131104318,0.3537755089715035,0.0,0.46857654070195026,0.401241849899108,0.4152646129169515,0.5061778293338784,0.0,0.476200110222294,0.3298032021057867,0.4059967573626378,0.4409215210566893,0.4993030560724849,0.0,0.5141971370478176,0.47254978169267947,0.4968476419952187,0.38398421726328563,0.4780978084984697,0.4465536196823851,0.4687012186695943,0.4724708675580166,0.46047345618954855,0.42887826661358136,0.4855766563262472,0.491427293594636,0.4408495118544758,0.45452791371286316,0.49740733626178557,0.5235064110960124,0.4723802029931559,0.5494904549262676,0.5512399990650985,0.4902098291053188,0.0,0.0,0.4975838091636413,0.5159155066420065,0.5797538563463461,0.0,0.5722914096516641,0.5369648648456214,0.5604603728110352,0.5131760693990766,0.5953652710613219,0.0,0.5673814684683579,0.0,0.5407704980784112,0.5213278178381796,0.5250269379294117,0.0,0.0,0.0,0.5576413006707215,0.5312373894555967,0.5219665259933772,0.5146290077967858,0.5360703721046194,0.0,0.0,0.5200161103274733,0.5430893923608746,0.5420050275282373,0.5223659220954279,0.5430542776108792,0.5435103388638939
0.4402316443763186,0.0,0.0,0.2143859901365519,0.0,0.0,0.4402353056762227,0.5393537176920689,0.0,0.34727353882192447,0.0,0.32263464840678135,0.4572727764758273,0.0,0.5411090253896258,0.0,0.41951864500651737,0.41263602825571666,0.0,0.0,0.5202398565489078,0.0,0.5141971370478176,0.0,0.39384992977737365,0.3774861109758469,0.0,0.4342171280287573,0.0,0.0,0.3997786462208378,0.30553049024067436,0.2071208227479135,0.2500039955624471,0.34023090681220075,0.30330674791468226,0.25110569657030424,0.20740336870080872,0.47738451570419727,0.3017719702074534,0.305397226778954,0.3005840065942361,0.0,0.0,0.2523318832092982,0.5422604853086697,0.0,0.0,0.0,0.0,0.0,0.0,0.0,0.0,0.4166004149362891,0.0,0.40453999829626275,0.0,0.0,0.0,0.0,0.49492205418303603,0.4775620743893416,0.0,0.0,0.0,0.0,0.0,0.44676893963233194,0.47038368238088,0.4853358665151969,0.0,0.34780504431443393,0.0,0.0,0.4493220343785329
0.4142608666845715,0.4004391528018443,0.0,0.0,0.446337661622252,0.4319132321470652,0.4513175620990355,0.47812154490339637,0.4662689724693603,0.38642700681197806,0.0,0.3791594915759192,0.45837777496801624,0.0,0.5107052823984806,0.4302553461679947,0.3877634571922713,0.4078502322526111,0.0,0.42915495130510833,0.43572057399659797,0.4246643558529564,0.47254978169267947,0.39384992977737365,0.0,0.3989531406995724,0.45251761565369136,0.4487645033819771,0.44162302298177175,0.0,0.4020894559286024,0.4343878103031848,0.3650979389361709,0.3802463659533142,0.4083133275202013,0.0,0.0,0.3296657374686899,0.45045176603344317,0.41305022138844816,0.3999247580196502,0.4550410067656685,0.0,0.0,0.33851752024903425,0.48907441067748775,0.45703377782569227,0.0,0.0,0.0,0.6229493349828462,0.0,0.0,0.0,0.46703083184722555,0.0,0.4827555939631597,0.0,0.0,0.0,0.45096059424700474,0.47910791045452,0.4588171143818863,0.0,0.4666089509981539,0.0,0.44705229946886915,0.0,0.4896058479520514,0.4482755588074423,0.4745178093913376,0.6169798758994365,0.48426812933583085,0.484392239028221,0.0,0.42541163321811865
0.4116337674621082,0.4087854204013533,0.0,0.0,0.0,0.4681514360753096,0.4588830606456715,0.4951148297045866,0.4879326551670689,0.3858708176637253,0.0,0.33014395091602855,0.4430908662476203,0.5277409971867604,0.41592257266212024,0.4535457775128928,0.38846238272988837,0.4306903426069926,0.0,0.47369574599593184,0.4475834522703841,0.42526564999076166,0.4968476419952187,0.3774861109758469,0.3989531406995724,0.0,0.49809361462680685,0.42783156214082363,0.4543592191885264,0.0,0.4086243223256832,0.4613607089860493,0.39463751922565965,0.4169165607906482,0.46902382467122605,0.4600633397895185,0.0,0.3212075374109184,0.48001811602885414,0.4331646707921458,0.444876921796629,0.49414409277883486,0.0,0.0,0.0,0.5062823690380879,0.52581692998569,0.0,0.0,0.0,0.5160989109927541,0.0,0.5429902400235677,0.0,0.4811580783023581,0.0,0.4885275176067325,0.0,0.0,0.5348534111805061,0.48639419177291904,0.4894701313171195,0.4618912221583254,0.0,0.5062267058722184,0.5417207580551733,0.5222343047243075,0.5116054659339082,0.5000380836166605,0.4567343716557772,0.509051990284355,0.5263874073206194,0.47920484262199403,0.5085203405232641,0.0,0.4438482812611445
0.4868510968641066,0.4695129043185208,0.3457666654453506,0.4472357131310813,0.43019429233407863,0.4260187032694395,0.4633119499555595,0.49304048341445333,0.36343300896184,0.4933233381725389,0.4160940642969366,0.0,0.4787657849320312,0.45910756781182754,0.4583874284094357,0.4786633015680791,0.0,0.4611459329908126,0.40386455972016827,0.3877216809172946,0.48016669717781796,0.47794923361048147,0.38398421726328563,0.0,0.45251761565369136,0.49809361462680685,0.0,0.47719158077648505,0.4290472777389972,0.45978776685962996,0.45847322738317325,0.4715407143202017,0.4412040781762173,0.48004843229970534,0.5002820954916091,0.4882503671262505,0.46999884955628946,0.0,0.5214501426663606,0.5036877752672703,0.5345651848959154,0.5411347214705307,0.5341364751655295,0.0,0.0,0.0,0.5631602036455601,0.6038083254536506,0.0,0.6073242640185721,0.5409289382224207,0.5812609525852018,0.5456033539338015,0.6090188438737104,0.0,0.577821423899678,0.0,0.5437099488881193,0.5607844343357622,0.5252676617406585,0.0,0.0,0.0,0.5958591251911165,0.5287216531564161,0.5316574270671865,0.5130766355659695,0.5493422677933797,0.0,0.0,0.5393751970128993,0.5462801751362617,0.5329943756800666,0.5225728741657378,0.5473053644957846,0.5422869421375747
0.4918962421525836,0.4790045392372534,0.4839363851356086,0.3200617055464337,0.4105828151662025,0.4217625735982172,0.4268663883408843,0.46279222595962466,0.4666230000810835,0.42952477356147634,0.45723167136838383,0.3766989024588355,0.377768991548694,0.2996471275576115,0.4757707710612362,0.4849109676500763,0.4588322855989714,0.4793608368817932,0.46599169727565276,0.41830805178465125,0.4780480117354084,0.4751992022308,0.4780978084984697,0.4342171280287573,0.4487645033819771,0.42783156214082363,0.47719158077648505,0.0,0.37874350424265496,0.35669256292275087,0.42179282869890894,0.42337276535268686,0.3793309996972821,0.41151251992843435,0.38589038527803204,0.31844617509794315,0.31594060890796777,0.36503613638927407,0.5078622444598179,0.3645544824305509,0.5505496911489968,0.0,0.5124646107949618,0.0,0.0,0.0,0.0,0.0,0.0,0.0,0.5266034698637962,0.0,0.5192652258310813,0.0,0.48891586027506884,0.0,0.0,0.0,0.0,0.5452642430009593,0.0,0.45562351887891744,0.0,0.0,0.5203353169918549,0.5358924244019461,0.0,0.5337074020015984,0.0,0.0,0.5566673998447189,0.5347990421590244,0.5395986162794775,0.5159693416155104,0.0,0.5562743392301035
0.4734312817624672,0.46647093662997036,0.481838645657361,0.0,0.4524825612063187,0.3751812473248705,0.46886202382171704,0.43574297454026534,0.4376335676046438,0.5201759260848067,0.0,0.0,0.4489247873951443,0.0,0.45181798417783436,0.4761411783425757,0.0,0.4765961525274856,0.0,0.38613592356012383,0.4301306438237717,0.456707643743029,0.4465536196823851,0.0,0.44162302298177175,0.4543592191885264,0.4290472777389972,0.37874350424265496,0.0,0.40317379723178437,0.3909217262124827,0.45090559811158015,0.38428862988988566,0.4434641405460584,0.4758134048281975,0.5045150853354992,0.5138681408444761,0.0,0.49172790202269706,0.5027083037302412,0.5131230775874679,0.5338295509743128,0.0,0.0,0.0,0.0,0.504412101618335,0.0,0.0,0.0,0.5042249894405778,0.0,0.5004395567508305,0.0,0.0,0.0,0.0,0.0,0.0,0.4928109824343414,0.635862836295974,0.0,0.0,0.0,0.49123034496627405,0.49413406430278073,0.4889801813179533,0.5106876252820717,0.0,0.0,0.5035535604114653,0.5139967617033361,0.5148794233022764,0.48740938516057225,0.5347336795779405,0.5147324030977903
0.0,0.0,0.5232961087309216,0.0,0.4432909293696355,0.4591926681325486,0.4513869190957903,0.4755118324033955,0.49461418247929556,0.0,0.0,0.0,0.43528099901873135,0.0,0.0,0.4702236665891567,0.0,0.5127193266209231,0.0,0.38661828760144523,0.5187344428031462,0.4230012664389868,0.4687012186695943,0.0,0.0,0.0,0.45978776685962996,0.35669256292275087,0.40317379723178437,0.0,0.37257628571735724,0.43490192872127076,0.0,0.43942011242363493,0.4656474011289838,0.0,0.0,0.0,0.531448476200338,0.0,0.0,0.0,0.5614547612875226,0.0,0.0,0.0,0.0,0.0,0.0,0.0,0.6045109794288855,0.0,0.6106950537806664,0.0,0.0,0.0,0.0,0.0,0.0,0.0,0.0,0.0,0.0,0.0,0.5311504290183378,0.0,0.0,0.5315147579312328,0.0,0.0,0.0,0.5325719028412204,0.5905054668787946,0.5564398781242056,0.0,0.0
0.3971775650764659,0.39270131944197817,0.48720547569430883,0.33182223458736393,0.47691145685880143,0.4662536764517634,0.4849394607390466,0.4801121408449911,0.4574794248522501,0.35665617373549313,0.4715050177198967,0.3361677075687896,0.45475141609377856,0.44841026569379,0.47975448118431496,0.4118511509969244,0.3999596191148712,0.4112038106894482,0.450819543184692,0.4080216936345863,0.44495479958129414,0.4262546771233034,0.4724708675580166,0.3997786462208378,0.4020894559286024,0.4086243223256832,0.45847322738317325,0.42179282869890894,0.3909217262124827,0.37257628571735724,0.0,0.439591734761367,0.3535870137383281,0.2969407635227309,0.321948521898888,0.4646752830289716,0.0,0.2803311979800946,0.4852427247317377,0.3693807177143636,0.46689804312266486,0.5294467995298352,0.5190702220496601,0.0,0.32315316628179536,0.4603647453863621,0.4593615742844813,0.0,0.0,0.0,0.5410343738692066,0.0,0.5394077361078052,0.0,0.4567313584641704,0.0,0.4468808446358231,0.0,0.0,0.5157041753188424,0.454063310794006,0.4999073220934209,0.4461630149046279,0.0,0.488085693682805,0.4684324963828184,0.4790031047380688,0.5444797009897591,0.47874329748311134,0.43651462850461425,0.49568785552346784,0.5411238472684338,0.5624571310129642,0.5123086604382321,0.7331479285550383,0.44552584624130903
0.45179435780508603,0.4529906165071472,0.4514673302056607,0.2980598324186885,0.40979281363218756,0.4465262072494544,0.42860511781791066,0.38289198541980163,0.4354653217075232,0.33027389942584284,0.30893126582616925,0.28572051305447005,0.4383028643145858,0.2048177807794829,0.4800632583508152,0.529996721090175,0.4496186733513718,0.46048073034640824,0.41777177436628055,0.4778441868910133,0.45168967027688534,0.490281284297193,0.46047345618954855,0.30553049024067436,0.4343878103031848,0.4613607089860493,0.4715407143202017,0.42337276535268686,0.45090559811158015,0.43490192872127076,0.439591734761367,0.0,0.3671312508826625,0.3707567788741746,0.40968519765617745,0.2654529146433617,0.31492446072347174,0.28272166036026253,0.25579853651247797,0.3450063446375053,0.3834812748479662,0.3381148563207816,0.0,0.0,0.0,0.49434158692542285,0.48687310865976213,0.5287294261183267,0.0,0.0,0.5099189440198826,0.5606479749198311,0.49519995117680077,0.5347780106322336,0.4959082030588021,0.41751591783140224,0.27824064478144167,0.52672816493255,0.0,0.5117002660137834,0.4701047696695897,0.0,0.45418585357791214,0.0,0.5013494466673077,0.5322609529360903,0.4932237333670617,0.5256002121979767,0.0,0.4560199284452694,0.5117733420830727,0.5306948620244692,0.5112949158630982,0.5060641037134389,0.529384595435985,0.4874733466372644
0.3851081119835165,0.37824850609768546,0.0,0.24453542801459371,0.42819734916217195,0.4163356308788382,0.42440006953179243,0.47203134354177906,0.44233410009433877,0.3467221999338176,0.47203892059819597,0.23420667388919122,0.4144890444490345,0.0,0.44719028446728515,0.45543379676625306,0.390284158174826,0.42117337245095066,0.4840524161527463,0.4191396004776388,0.40678647654582817,0.42380719341612305,0.42887826661358136,0.2071208227479135,0.3650979389361709,0.39463751922565965,0.4412040781762173,0.3793309996972821,0.38428862988988566,0.0,0.3535870137383281,0.3671312508826625,0.0,0.2249840332405309,0.41210493436555184,0.292751061836167,0.2577832835388515,0.1572755436923246,0.3224275580924366,0.31368402554243974,0.35704888062666595,0.3360971466682163,0.0,0.0,0.24574367006459702,0.473797145024237,0.462430569891331,0.0,0.0,0.0,0.4735551443339283,0.0,0.0,0.0,0.40133043707694244,0.0,0.41449608574394603,0.0,0.0,0.5100689623947965,0.4506319265131272,0.4384226825082437,0.4190087455775051,0.0,0.48796959212935986,0.4885094764319188,0.5006089684622693,0.49575624595054124,0.44282551200429837,0.4219162137834038,0.47607667375438467,0.4838257869645379,0.43955748860574184,0.5051916778534885,0.0,0.3888318786416983
0.38235990564865024,0.4107345897599602,0.47565219799147834,0.2886756360258128,0.4543047822697732,0.46638755820948297,0.44284669903815543,0.4769127731733773,0.45156769851594053,0.290958112190164,0.44479126327886026,0.20790463409765736,0.43872459060306174,0.4136942465396433,0.4826681196616862,0.44660632530014255,0.3941983341416526,0.41412514530502903,0.4536835595212453,0.46933179382747675,0.44354446155031757,0.4709839552400657,0.4855766563262472,0.2500039955624471,0.3802463659533142,0.4169165607906482,0.48004843229970534,0.41151251992843435,0.4434641405460584,0.43942011242363493,0.2969407635227309,0.3707567788741746,0.2249840332405309,0.0,0.32129848641877784,0.407659212159976,0.30017628657664547,0.19204746062823919,0.405875792317443,0.28658296869804945,0.3566156605349219,0.3318190332628971,0.0,0.0,0.22719200331489217,0.4524314013188736,0.4668729452530343,0.0,0.0,0.0,0.5309799456012739,0.0,0.5280302047800045,0.0,0.3932032780987626,0.0,0.4138044473971824,0.0,0.0,0.5158013316762065,0.44946804048100486,0.4691386921270606,0.4245395956155618,0.0,0.522644613158174,0.5119956837620044,0.4987770235531881,0.5465560118861413,0.42537992100484945,0.4287564281642884,0.48694778347730283,0.5489701055939047,0.5477815183594769,0.5174807702366547,0.0,0.45550251606839043
0.43995236720557257,0.46144508030673503,0.48658472649389944,0.3398853785430136,0.4496150223435155,0.49302565836142714,0.49952861685771444,0.4559811350068966,0.45238153751443094,0.29126563856592036,0.4303641100623944,0.29206804365751904,0.45413527977074775,0.3706331983820533,0.5174482539675825,0.5351974349092723,0.39544081234023853,0.43060618960851227,0.4537040926172642,0.5045256097209485,0.48993071642844466,0.5202700312072974,0.491427293594636,0.34023090681220075,0.4083133275202013,0.46902382467122605,0.5002820954916091,0.38589038527803204,0.4758134048281975,0.4656474011289838,0.321948521898888,0.40968519765617745,0.41210493436555184,0.32129848641877784,0.0,0.45854022688580987,0.3235812471273659,0.2239522561657776,0.36180369113504773,0.0,0.24576214151160486,0.31732331985206896,0.0,0.0,0.20866223044189022,0.0,0.5121157392743696,0.0,0.0,0.0,0.5781548953391364,0.0,0.529887543247545,0.0,0.4348969878568761,0.0,0.4289102835463028,0.0,0.0,0.5347352061202824,0.49530677971533366,0.5455053803491703,0.46204180080458107,0.0,0.5239047216135945,0.5379186879497467,0.5247946332929638,0.535195997528894,0.0,0.44609656640944856,0.5389311276873755,0.5373948284764205,0.3483446147025123,0.5436114800736186,0.0,0.5913567931458196
0.0,0.0,0.4162401497118049,0.2067243781031237,0.22537874687043533,0.43440368991805256,0.3459984770329545,0.2463669866651984,0.4161922259318209,0.2861126658866483,0.270878109767027,0.28542739499449116,0.36279275859503557,0.20265925865173734,0.5084182622246026,0.4999069632744577,0.0,0.3918764303081984,0.39625351443011775,0.5270731647669088,0.45621073780168897,0.5469007224341883,0.4408495118544758,0.30330674791468226,0.0,0.4600633397895185,0.4882503671262505,0.31844617509794315,0.5045150853354992,0.0,0.4646752830289716,0.2654529146433617,0.292751061836167,0.407659212159976,0.45854022688580987,0.0,0.20874787682068907,0.3000646605002816,0.31381267141744884,0.0,0.2944662604029992,0.2543435913632799,0.35932652057008013,0.0,0.0,0.0,0.0,0.520991649564243,0.0,0.4866003265892956,0.4392696702244706,0.4926432425896977,0.0,0.49684654696534114,0.0,0.42522206745526153,0.0,0.5012311107011477,0.33592824787791037,0.0,0.0,0.0,0.0,0.45160225566832324,0.0,0.0,0.0,0.44095987341237347,0.0,0.0,0.0,0.4574041431734192,0.5002606256155478,0.4684714602634868,0.0,0.0
0.0,0.0,0.0,0.21150864227881422,0.31441063744729175,0.439538084410819,0.3471769578954846,0.28819008709739385,0.43611104213111873,0.2271047641141711,0.42885788259219054,0.27612478205651075,0.3678835680522993,0.19471938756125642,0.0,0.0,0.0,0.0,0.45455075994034777,0.0,0.0,0.0,0.45452791371286316,0.25110569657030424,0.0,0.0,0.46999884955628946,0.31594060890796777,0.5138681408444761,0.0,0.0,0.31492446072347174,0.2577832835388515,0.30017628657664547,0.3235812471273659,0.20874787682068907,0.0,0.28105486299650495,0.3825214274302107,0.0,0.0,0.0,0.0,0.0,0.0,0.0,0.0,0.0,0.0,0.0,0.0,0.0,0.0,0.0,0.0,0.0,0.0,0.0,0.0,0.0,0.0,0.0,0.0,0.0,0.0,0.0,0.0,0.0,0.0,0.0,0.0,0.0,0.0,0.0,0.0,0.0
0.0,0.0,0.0,0.26947769789482756,0.43199732398557594,0.47496646152124156,0.39215642411950863,0.0,0.44719126834404355,0.28235548157132945,0.44727193969548973,0.1961523933707585,0.4013095421074279,0.0,0.0,0.0,0.3552803553568298,0.36137844174167794,0.0,0.0,0.0,0.0,0.49740733626178557,0.20740336870080872,0.3296657374686899,0.3212075374109184,0.0,0.36503613638927407,0.0,0.0,0.2803311979800946,0.28272166036026253,0.1572755436923246,0.19204746062823919,0.2239522561657776,0.3000646605002816,0.28105486299650495,0.0,0.24582864118009487,0.22141176617180963,0.21929515395596305,0.0,0.0,0.0,0.1701189773991012,0.0,0.0,0.0,0.0,0.0,0.0,0.0,0.0,0.0,0.30330681666728376,0.0,0.2562969890794786,0.0,0.0,0.0,0.0,0.28819342232411305,0.0,0.0,0.0,0.0,0.0,0.0,0.3029243806100079,0.3684468758672089,0.3675910112049095,0.0,0.3520616941463957,0.0,0.0,0.29836874074046627
