0,1,2,3,4,5,6,7,8,9,10,11,12,13,14,15,16,17,18,19,20,21,22,23,24,25,26,27,28,29,30,31,32,33,34,35,36,37,38,39,40,41,42,43,44,45,46,47,48,49,50,51,52,53,54,55,56,57,58,59,60,61,62,63,64,65,66,67,68,69,70,71,72,73,74,75
0.0,0.37910697592661435,0.0,0.0,0.0,0.45380668324204393,0.0,0.4903063375478069,0.0,0.42339997051558276,0.0,0.39811469575122027,0.0,0.0,0.355540791653088,0.35649709430180654,0.0,0.3457110321771956,0.0,0.4136930866872716,0.3898938514963902,0.3529525430051388,0.4512913559760681,0.3928890317987673,0.3502659714660159,0.3522217580950747,0.4492339270035933,0.48159465246063354,0.44563320036290754,0.0,0.3037647488884202,0.3673924092942202,0.27328214511476157,0.34421142424151635,0.3911864379483697,0.0,0.0,0.4455413334149291,0.40308948671569206,0.40534704599199356,0.4003486405500918,0.4079226682100573,0.0,0.0,0.0,0.36793037302717013,0.4535981028841952,0.0,0.0,0.0,0.0,0.0,0.35388966268468175,0.0,0.49329995943218935,0.0,0.48983144206167906,0.0,0.0,0.0,0.43391772334228484,0.0,0.3950826672808184,0.0,0.0,0.4055755758784655,0.4109691390432914,0.0,0.34786995745851446,0.4268329706618273,0.4379318450292222,0.0,0.0,0.0,0.0,0.0
0.37910697592661435,0.0,0.0,0.0,0.41361966320954,0.3849164314641914,0.4203687668180679,0.4460153464541061,0.4043162073688541,0.0,0.0,0.0,0.42865153430836783,0.0,0.4084904500001335,0.3932066008857927,0.0,0.39149637541239896,0.0,0.41253065670334627,0.3654755654977017,0.38970835127371517,0.402500934975792,0.49305814546762095,0.3915217620082941,0.39338922326060716,0.39379769470422693,0.4315920926391819,0.39787370129836686,0.0,0.32719561934842595,0.3468641176632241,0.3210254292240109,0.3347855889305723,0.37793383369710776,0.0,0.0,0.0,0.43434283577907673,0.42914867483586877,0.40850333018788176,0.438587564433236,0.0,0.0,0.0,0.42671684254210007,0.46076929707327785,0.0,0.0,0.0,0.4728247782734326,0.0,0.0,0.0,0.5466797927654199,0.0,0.0,0.0,0.0,0.4669417102994738,0.44996933521841526,0.5727297434320189,0.4293646305142648,0.0,0.4515571708817708,0.44617904260795216,0.41964927393356655,0.4840001321168663,0.36170541104142706,0.45385441828460676,0.4664442020131919,0.4687874772494396,0.0,0.45279769303881273,0.0,0.4055306867868716
0.0,0.0,0.0,0.0,0.3815857904745249,0.4152404628256467,0.43015969179351926,0.4483750141843611,0.3124416492691582,0.48316715033826524,0.32641277269359753,0.0,0.4533338784990438,0.3720018595367055,0.0,0.0,0.0,0.0,0.26762153226777224,0.0,0.0,0.0,0.3354874763723775,0.0,0.0,0.0,0.4014010089408293,0.45933441502223676,0.0,0.48459022293644416,0.4713473156977622,0.4410411467395557,0.0,0.46171480590124436,0.4574875741357649,0.40029282945256617,0.44494777119031,0.0,0.506697930950538,0.0,0.0,0.0,0.47827100727965655,0.0,0.0,0.0,0.0,0.5197239320481254,0.0,0.5413776720247392,0.5279775743050731,0.0,0.5345503610336068,0.5452800046628227,0.0,0.469328669920099,0.0,0.0,0.4918506749819405,0.0,0.0,0.0,0.0,0.48038738062005504,0.0,0.0,0.0,0.5421146430566801,0.0,0.0,0.0,0.5498904022981137,0.0,0.0,0.0,0.0
0.0,0.0,0.0,0.0,0.2628081747217259,0.4103659889783018,0.2781283007660587,0.28562869483862036,0.4182766987382293,0.24444507413376482,0.356612675061698,0.2719419652817453,0.3165620453074744,0.20858001567761258,0.4216869793454662,0.0,0.0,0.0,0.4162438845387559,0.42632626740786495,0.0,0.3983054244104583,0.4056515293218451,0.0,0.0,0.0,0.415793134248473,0.28051441341678757,0.0,0.0,0.3579725527756762,0.27809589391447415,0.4349263774792981,0.37007738127374845,0.31364045180873745,0.1673317930906684,0.18638112938873413,0.0,0.0,0.0,0.0,0.0,0.0,0.0,0.0,0.0,0.0,0.0,0.0,0.0,0.0,0.0,0.0,0.0,0.0,0.0,0.0,0.0,0.0,0.0,0.0,0.0,0.0,0.0,0.0,0.0,0.44657554580588665,0.0,0.0,0.0,0.0,0.0,0.0,0.0,0.0,0.0
0.0,0.41361966320954,0.3815857904745249,0.2628081747217259,0.0,0.3899810878772505,0.32558262349417977,0.3503720208284826,0.3430265321601992,0.3855657217231261,0.3211407736242086,0.37551087906140523,0.3765363175835339,0.30758422583968525,0.0,0.449722391423151,0.0,0.4494494194074528,0.36683284977779007,0.39651965720221594,0.0,0.44087557619089973,0.4043284628995664,0.0,0.4112560345399332,0.0,0.4123031657083897,0.35599071984768565,0.3957014973264035,0.38185423144408753,0.429536501187169,0.3766009136577731,0.3568016584191967,0.4021191778919017,0.33875032409643013,0.24526389471939583,0.267243219937196,0.3566193002342989,0.42855796285862463,0.0,0.0,0.0,0.35610554324272026,0.0,0.0,0.0,0.0,0.5622909964101783,0.0,0.0,0.0,0.0,0.0,0.5441827464109511,0.0,0.40564810451809474,0.0,0.0,0.3969233755822188,0.0,0.0,0.0,0.0,0.5156869667236104,0.0,0.0,0.0,0.49078324594196726,0.0,0.0,0.0,0.5132011099990599,0.0,0.0,0.0,0.0
0.45380668324204393,0.3849164314641914,0.4152404628256467,0.4103659889783018,0.3899810878772505,0.0,0.4098343742410312,0.4071062623258007,0.3524692600803029,0.44098927521566716,0.3626510886521635,0.44235047162486474,0.4005513468974473,0.38831539160075906,0.40923553191560863,0.42557465942982803,0.5130473307364343,0.40622370107332756,0.37176525182687065,0.40137177713814753,0.4029510790754241,0.4292013386500258,0.4244140792794061,0.0,0.37213649782787767,0.3800070361462329,0.4130760748828875,0.39404211790235233,0.3563601250530085,0.4052664867044843,0.4222444459721338,0.41652953267263704,0.3703500410592966,0.4216109006726977,0.42169698670333194,0.4462119019015629,0.42894589106315983,0.452131123890187,0.47978243414682553,0.5239252872955127,0.5023967722164351,0.0,0.47800707092440875,0.0,0.0,0.0,0.0,0.5298381707507686,0.0,0.0,0.497276014939187,0.0,0.47531907477620056,0.5423071177750645,0.0,0.5147300210289089,0.0,0.0,0.0,0.4670683907123224,0.0,0.0,0.0,0.5407095625789134,0.468176407823546,0.46617399417338484,0.47115643180084416,0.5066379216661293,0.0,0.0,0.4957309525744007,0.4996523000087947,0.5039755057339094,0.4755312692046185,0.543311560387679,0.5168707490425464
0.0,0.4203687668180679,0.43015969179351926,0.2781283007660587,0.32558262349417977,0.4098343742410312,0.0,0.3861737239659156,0.39878193268580087,0.38128437307445606,0.4002310134255839,0.35038210587769214,0.3326978746391239,0.34387939423893205,0.0,0.45127322845821405,0.0,0.4359094338382342,0.42128430483895546,0.4237666076171663,0.0,0.45346324546715033,0.41998743522590437,0.0,0.4160535148996346,0.0,0.42634568538624373,0.34578226417244584,0.4077761043935614,0.40223936440817076,0.39831454044370646,0.39324657935076635,0.3840738063249404,0.3967526857908646,0.3422915493025431,0.2840855353971112,0.27521418312309914,0.31952679942740064,0.0,0.0,0.0,0.0,0.431291467502947,0.0,0.0,0.0,0.0,0.0,0.0,0.0,0.0,0.0,0.5068757781612798,0.0,0.0,0.0,0.0,0.0,0.0,0.0,0.0,0.0,0.0,0.0,0.0,0.0,0.0,0.49857569216958947,0.0,0.0,0.0,0.509032136018399,0.0,0.0,0.0,0.0
0.4903063375478069,0.4460153464541061,0.4483750141843611,0.28562869483862036,0.3503720208284826,0.4071062623258007,0.3861737239659156,0.0,0.47551901358877324,0.46163068968996634,0.33139090959794,0.4760774018527033,0.4303448937971096,0.3227011377582368,0.3765194797692959,0.4321193441299357,0.0,0.0,0.4394155489991493,0.4030959442699972,0.4097668400730196,0.4344217528225425,0.3782578279170158,0.5031865609598956,0.39754874696678544,0.45425982122426,0.4683568889475402,0.42122063888918637,0.3861496198391806,0.4098549647546452,0.4259964352329042,0.3649009879409316,0.3753044916242545,0.4195439269752061,0.44256402189045924,0.26619232534238285,0.4362286419685092,0.6043851247727778,0.4485061156499444,0.3373938651159894,0.49777575596843066,0.46321450561115374,0.4215445629720052,0.0,0.0,0.3441490757133446,0.4285646701899608,0.5501172132125927,0.0,0.4585983430369438,0.4869928326111659,0.0,0.43584279661047537,0.5479246672012925,0.0,0.4869950467724848,0.0,0.4945539371135283,0.4475626592608834,0.43705563932754143,0.6540884744235377,0.0,0.0,0.5263550594960936,0.45454577778754524,0.30679192470119576,0.41324884253073796,0.5080070837300982,0.0,0.0,0.5302773374593432,0.51600374276671,0.4928404886557578,0.4668730453689097,0.5342288557156731,0.5181429234522301
0.0,0.4043162073688541,0.3124416492691582,0.4182766987382293,0.3430265321601992,0.3524692600803029,0.39878193268580087,0.47551901358877324,0.0,0.4512302983569757,0.3240726411371981,0.453877172980751,0.4287501612567586,0.3968912309321719,0.0,0.4493761559958078,0.0,0.5402517603478082,0.2811964955920006,0.40256921079214036,0.0,0.4395785805647063,0.4217313127266296,0.0,0.4299268332308654,0.0,0.38848932230908995,0.4469657441138613,0.397094501870018,0.4374759920748744,0.4656035772307811,0.43769054676848185,0.4320758593836169,0.45511988630571915,0.45522742110095954,0.4356155526427482,0.43767843183273886,0.4418097126240701,0.498734849096994,0.0,0.0,0.0,0.4677067663313971,0.0,0.0,0.0,0.0,0.5427417083126183,0.0,0.0,0.5232825506424973,0.0,0.5144277581455349,0.5676726060408792,0.0,0.0,0.0,0.0,0.4761423578444272,0.0,0.0,0.0,0.0,0.5291962129088688,0.0,0.0,0.0,0.534274044519335,0.0,0.0,0.0,0.5352229884024169,0.0,0.0,0.0,0.0
0.42339997051558276,0.0,0.48316715033826524,0.24444507413376482,0.3855657217231261,0.44098927521566716,0.38128437307445606,0.46163068968996634,0.4512302983569757,0.0,0.4374323352936325,0.2763897432584832,0.377737229708227,0.3703021660549568,0.5915877604017143,0.3771835185616678,0.31887395445767225,0.34780501249107865,0.4558651501778445,0.4472408563936972,0.470908440575558,0.39754264056730326,0.4415043343452969,0.30633167306264714,0.3092493994612535,0.3208586452385372,0.4502050818263257,0.3716218576922855,0.45125218461711664,0.0,0.33853643993635557,0.32727665982896803,0.2969339637809709,0.3105804880387824,0.28685646504870826,0.3211903810696858,0.2718739452413357,0.2737127518449253,0.3091374256301617,0.3374284402435011,0.3520885972861529,0.36466946560705926,0.0,0.0,0.30251008375457106,0.45574522054084965,0.0,0.0,0.0,0.0,0.0,0.0,0.0,0.0,0.4255119410084774,0.0,0.4312395380913004,0.43529850813923066,0.0,0.0,0.0,0.43104941739403435,0.39505001479276985,0.0,0.0,0.4861993215040591,0.0,0.0,0.4180191360711117,0.4124090301821021,0.4376583177953027,0.0,0.4040815902251389,0.0,0.0,0.3982761210139144
0.0,0.0,0.32641277269359753,0.356612675061698,0.3211407736242086,0.3626510886521635,0.4002310134255839,0.33139090959794,0.3240726411371981,0.4374323352936325,0.0,0.4292397762470454,0.43100293342231594,0.2822735661087221,0.0,0.0,0.0,0.0,0.2738805786560855,0.0,0.0,0.0,0.30516314415673124,0.0,0.0,0.0,0.4000835182945054,0.4181369411292901,0.0,0.0,0.4456947526315888,0.384103887239335,0.0,0.43093937212717315,0.4089785802906544,0.3230229922616443,0.41471588572970436,0.4241114155699946,0.4141549728412031,0.0,0.0,0.0,0.39386630447518695,0.0,0.0,0.0,0.0,0.4682867795044556,0.0,0.40812576253891425,0.49361285370648866,0.0,0.4431872290340353,0.49066487528366015,0.0,0.38285487574948585,0.0,0.0,0.4115413065794057,0.0,0.0,0.0,0.0,0.4122273234566906,0.0,0.0,0.0,0.4995852825215212,0.0,0.0,0.0,0.499575572416072,0.0,0.0,0.0,0.0
0.39811469575122027,0.0,0.0,0.2719419652817453,0.37551087906140523,0.44235047162486474,0.35038210587769214,0.4760774018527033,0.453877172980751,0.2763897432584832,0.4292397762470454,0.0,0.3608090285711505,0.4512487466089305,0.7803480275597556,0.0,0.3387186744995764,0.3440299996870658,0.4828512117542335,0.511590449247016,0.49326960878636195,0.4953154522554408,0.46343836023820767,0.27676375098715494,0.32355103062935114,0.30909631730876586,0.46519639207687574,0.34346482806108747,0.5193960875670279,0.0,0.30485702112125446,0.25626710093131266,0.2503010774105844,0.22971658632057618,0.27281175089407084,0.27121604294787166,0.2691766465295869,0.1839615056170561,0.27055884807217273,0.29439173717893674,0.29487745340587307,0.26791428146128515,0.26557802430841726,0.28140378779868586,0.26197158180256214,0.5122773507774226,0.0,0.0,0.0,0.0,0.0,0.0,0.0,0.45522332324839776,0.43921271268551154,0.0,0.4369362779718862,0.4480569750456972,0.0,0.0,0.0,0.44046358073754527,0.42112200803277594,0.0,0.0,0.0,0.0,0.0,0.3997211437843903,0.42691974165011476,0.44399961920988573,0.0,0.3986377988068077,0.0,0.0,0.4141845656119811
0.0,0.42865153430836783,0.4533338784990438,0.3165620453074744,0.3765363175835339,0.4005513468974473,0.3326978746391239,0.4303448937971096,0.4287501612567586,0.377737229708227,0.43100293342231594,0.3608090285711505,0.0,0.3744527668731914,0.0,0.4556346585821675,0.4168613157181882,0.4418359576396232,0.43950724491454973,0.42303132107631924,0.44412005789518666,0.4620819075691455,0.4371636933149599,0.3839829411587241,0.4238315371729775,0.40406084973221074,0.4391179794893886,0.32552213957773235,0.3880202136277185,0.40585154203220997,0.3881226592642956,0.39032519606978305,0.35947058659173214,0.3856434339733975,0.33142953486979004,0.31317303582375594,0.3161213648559553,0.3406055158449439,0.41634793799044695,0.0,0.3808294278156255,0.45319132832778247,0.4407053541544703,0.0,0.0,0.0,0.0,0.0,0.0,0.0,0.5210651760142774,0.0,0.48907179781573157,0.0,0.0,0.0,0.0,0.0,0.0,0.0,0.0,0.0,0.0,0.0,0.540551211936984,0.0,0.0,0.5070451862195342,0.0,0.0,0.0,0.5074361609169983,0.0,0.5220995147031463,0.0,0.0
0.0,0.0,0.3720018595367055,0.20858001567761258,0.30758422583968525,0.38831539160075906,0.34387939423893205,0.3227011377582368,0.3968912309321719,0.3703021660549568,0.2822735661087221,0.4512487466089305,0.3744527668731914,0.0,0.0,0.0,0.0,0.0,0.3723201799597852,0.3757645730915537,0.0,0.0,0.3571124526737421,0.0,0.0,0.0,0.4622068129002833,0.29774463418446806,0.0,0.0,0.3751931418765813,0.22557354982371336,0.0,0.367234217511736,0.28197688702420104,0.1675000451719066,0.15351139472142927,0.0,0.0,0.0,0.0,0.0,0.3246975134976572,0.0,0.0,0.0,0.0,0.4973979153922423,0.0,0.41439073726263803,0.0,0.0,0.0,0.0,0.0,0.40137391126784855,0.0,0.0,0.44977859809940707,0.0,0.0,0.0,0.0,0.5128915198919124,0.0,0.0,0.0,0.4250142374132021,0.0,0.0,0.0,0.4559394423579787,0.0,0.0,0.0,0.0
0.355540791653088,0.4084904500001335,0.0,0.4216869793454662,0.0,0.40923553191560863,0.0,0.3765194797692959,0.0,0.5915877604017143,0.0,0.7803480275597556,0.0,0.0,0.0,0.3533051046876984,0.44595116169632454,0.3487021789090513,0.0,0.3651825458984549,0.3790101311346064,0.33865700796184167,0.37082696454204406,0.456417144603842,0.3463147405109783,0.39198263823552626,0.41038141681628754,0.38460552151742294,0.3785901115421201,0.364338054540288,0.3628481655340571,0.4039963303620457,0.3597525306317506,0.3926730631201145,0.4310206081303485,0.428617754868278,0.0,0.0,0.46541452985082926,0.4446155488136673,0.47218373399523317,0.4950840033013725,0.0,0.0,0.0,0.37838702082840225,0.48834942724617064,0.0,0.0,0.0,0.45996702434873626,0.0,0.4403507795841203,0.0,0.0,0.0,0.0,0.0,0.0,0.426369759685189,0.4772566222341668,0.0,0.0,0.0,0.42493757175474034,0.4585217339795887,0.47467271923581966,0.4725182744666817,0.0,0.4891672347768694,0.5017155167368742,0.47798712616786704,0.5056364938920033,0.45768456249985373,0.0,0.46831024307373986
0.35649709430180654,0.3932066008857927,0.0,0.0,0.449722391423151,0.42557465942982803,0.45127322845821405,0.4321193441299357,0.4493761559958078,0.3771835185616678,0.0,0.0,0.4556346585821675,0.0,0.3533051046876984,0.0,0.36124086666724914,0.35279921951135895,0.0,0.4098688606063724,0.3586859278721751,0.38367296475235696,0.3836146976358806,0.35851653384820925,0.3533722819067974,0.3762627104223385,0.4212790449856438,0.4373343474484785,0.43234128700344115,0.41316673327358266,0.34940267285496707,0.38879275303610367,0.34655970129500296,0.3813734693113098,0.37453889115016437,0.0,0.0,0.0,0.4047923252026464,0.401685455842013,0.40746344841022875,0.42654646845262806,0.0,0.0,0.0,0.39288867018222084,0.44754466711169,0.0,0.0,0.0,0.0,0.0,0.0,0.0,0.5281614432141661,0.0,0.5707934014677235,0.0,0.0,0.46266609864911507,0.4306029610601453,0.5949112433908794,0.39795516360839106,0.0,0.4649836838798578,0.41754936944942644,0.43224061522264756,0.0,0.40580840936028206,0.42177750074997056,0.4423714099265744,0.5408794924636458,0.0,0.0,0.0,0.3929097248227435
0.0,0.0,0.0,0.0,0.0,0.5130473307364343,0.0,0.0,0.0,0.31887395445767225,0.0,0.3387186744995764,0.4168613157181882,0.0,0.44595116169632454,0.36124086666724914,0.0,0.3194610220238511,0.0,0.404454487794091,0.0,0.3706945130167427,0.0,0.33512877017802956,0.3302015812547837,0.33636943152394694,0.5196033150007281,0.4012938079325672,0.46440982518690826,0.0,0.3337651091786208,0.38373049130890097,0.2993799364808451,0.3522458795239366,0.3609698932655748,0.0,0.0,0.3065660376283605,0.0,0.3171132743418158,0.3874741595509713,0.0,0.0,0.0,0.0,0.0,0.0,0.0,0.0,0.0,0.0,0.0,0.0,0.0,0.39613441615324746,0.0,0.41615663837171724,0.0,0.0,0.0,0.0,0.4265713540888473,0.40610230049453855,0.0,0.0,0.0,0.0,0.0,0.38673231104839834,0.3937635595274101,0.41509983693732155,0.0,0.0,0.0,0.0,0.36429807645093415
0.3457110321771956,0.39149637541239896,0.0,0.0,0.4494494194074528,0.40622370107332756,0.4359094338382342,0.0,0.5402517603478082,0.34780501249107865,0.0,0.3440299996870658,0.4418359576396232,0.0,0.3487021789090513,0.35279921951135895,0.3194610220238511,0.0,0.0,0.4040754962853824,0.3609216448988608,0.3863318934209321,0.4000890828546599,0.33649589682672043,0.355713134539207,0.35874291993174223,0.4038139939898597,0.4261909950676274,0.42552785490298806,0.4197618373937969,0.35116509075429786,0.4025740343571435,0.31629437753993683,0.3631672715562779,0.38663094215390437,0.0,0.0,0.0,0.3813123976620518,0.3837735309255288,0.38721720203140114,0.4254672255310718,0.0,0.0,0.0,0.40934264349485733,0.43278472094236375,0.0,0.0,0.0,0.0,0.0,0.0,0.0,0.40613234176307644,0.0,0.420582205244278,0.0,0.0,0.5047291343547047,0.42147813580515103,0.39890599391939885,0.40809795348822253,0.0,0.0,0.0,0.4266518612922847,0.0,0.41947747676345754,0.4182795954909484,0.4340171975324915,0.0,0.0,0.0,0.0,0.4057972840371485
0.0,0.0,0.26762153226777224,0.4162438845387559,0.36683284977779007,0.37176525182687065,0.42128430483895546,0.4394155489991493,0.2811964955920006,0.4558651501778445,0.2738805786560855,0.4828512117542335,0.43950724491454973,0.3723201799597852,0.0,0.0,0.0,0.0,0.0,0.0,0.0,0.0,0.30949170463705616,0.0,0.0,0.0,0.40547516593551536,0.4441269610412236,0.0,0.0,0.4607806873327756,0.43316434342612414,0.0,0.4539390525047305,0.4434297982446456,0.4031564471912157,0.4425235522841705,0.467985784060702,0.5099748981936739,0.0,0.0,0.0,0.48522149519484115,0.0,0.0,0.0,0.0,0.5200790651246132,0.0,0.0,0.536833911929681,0.0,0.5339646328792564,0.5485753041996401,0.0,0.44593261425613795,0.0,0.0,0.4802527300984689,0.0,0.0,0.0,0.0,0.5299392613431054,0.0,0.0,0.0,0.5281400791845309,0.0,0.0,0.0,0.5415457565077115,0.0,0.0,0.0,0.0
0.4136930866872716,0.41253065670334627,0.0,0.42632626740786495,0.39651965720221594,0.40137177713814753,0.4237666076171663,0.4030959442699972,0.40256921079214036,0.4472408563936972,0.0,0.511590449247016,0.42303132107631924,0.3757645730915537,0.3651825458984549,0.4098688606063724,0.404454487794091,0.4040754962853824,0.0,0.0,0.3958282170124186,0.38762165934311693,0.3373424704312796,0.5588006569701987,0.3808679658391196,0.43318062325784024,0.3636389102966804,0.36915478991854034,0.33722350491615805,0.3448261880049583,0.38239824030702324,0.43367050703796467,0.3745387725332883,0.42162272164469156,0.4512106743884667,0.49003211079036707,0.4487283789320302,0.0,0.4624769870663333,0.4671922944926979,0.4768880129015158,0.4805050080018956,0.0,0.0,0.0,0.0,0.45909793122558573,0.0,0.0,0.0,0.4710576379319287,0.0,0.48216692834418884,0.0,0.0,0.0,0.0,0.0,0.0,0.46617161387690725,0.0,0.0,0.0,0.0,0.4585161780583234,0.44896970909683603,0.462480356692796,0.4824727021705674,0.0,0.0,0.47176654406462587,0.47370079351685546,0.4888474291791431,0.470380943311575,0.0,0.4672337331920007
0.3898938514963902,0.3654755654977017,0.0,0.0,0.0,0.4029510790754241,0.0,0.4097668400730196,0.0,0.470908440575558,0.0,0.49326960878636195,0.44412005789518666,0.0,0.3790101311346064,0.3586859278721751,0.0,0.3609216448988608,0.0,0.3958282170124186,0.0,0.391963134949166,0.4045304040014867,0.4806005886346479,0.3756661900872536,0.3919970414392903,0.41555199366987605,0.41784667202398507,0.3816038575827365,0.4128337370573972,0.3297162264793599,0.3987854800523233,0.35010627516854353,0.3769960233918751,0.431987455539394,0.4781543082593918,0.0,0.5304653668869282,0.4193318837633336,0.408452320842759,0.44748071293333425,0.4813318037887037,0.0,0.0,0.0,0.4086840105896276,0.46118276245282097,0.0,0.0,0.0,0.4293404416345843,0.0,0.3913487583744003,0.0,0.5085990518919359,0.0,0.0,0.0,0.0,0.45372019683913667,0.45048498954157035,0.0,0.0,0.0,0.4495372224589358,0.3741221574179947,0.46151477839220606,0.4629825651948006,0.0,0.4779328519057551,0.47192394695729734,0.47654711686691076,0.4789916587330436,0.4479197536257631,0.0,0.0
0.3529525430051388,0.38970835127371517,0.0,0.3983054244104583,0.44087557619089973,0.4292013386500258,0.45346324546715033,0.4344217528225425,0.4395785805647063,0.39754264056730326,0.0,0.4953154522554408,0.4620819075691455,0.0,0.33865700796184167,0.38367296475235696,0.3706945130167427,0.3863318934209321,0.0,0.38762165934311693,0.391963134949166,0.0,0.40604429705761586,0.4969056223279534,0.3694639139639141,0.3776294689011521,0.41595437722832207,0.41827254693571086,0.4039035789932126,0.3906908884329856,0.3695433998122346,0.4108998563335893,0.36251168090239183,0.3955397003223523,0.4313108061628667,0.47664038210243576,0.4301976803975488,0.0,0.45172945168871886,0.4448761532297786,0.4493301778679805,0.47179169806125787,0.0,0.0,0.0,0.42493815023932774,0.4576112026909864,0.0,0.0,0.0,0.46995876955639565,0.0,0.4545238118370061,0.0,0.0,0.0,0.0,0.0,0.0,0.482033975271806,0.4455255374499509,0.0,0.46769428995577544,0.0,0.4675519682691351,0.4611918010948392,0.46836468195956343,0.47745959577330066,0.35241942493149214,0.43474907303831345,0.47422922011685936,0.4802702058187945,0.0,0.459126635806592,0.0,0.43965612549948063
0.4512913559760681,0.402500934975792,0.3354874763723775,0.4056515293218451,0.4043284628995664,0.4244140792794061,0.41998743522590437,0.3782578279170158,0.4217313127266296,0.4415043343452969,0.30516314415673124,0.46343836023820767,0.4371636933149599,0.3571124526737421,0.37082696454204406,0.3836146976358806,0.0,0.4000890828546599,0.30949170463705616,0.3373424704312796,0.4045304040014867,0.40604429705761586,0.0,0.48789779044170284,0.37279084803816315,0.42699418526931443,0.39861050214326266,0.42965379800236664,0.40368108588118273,0.4238831071437196,0.43225988719657843,0.41917463506751634,0.3651215085958158,0.4365444874719133,0.44865093260164807,0.42439821790156684,0.4274699156123669,0.46693091427381256,0.4929131449562589,0.4219499388688504,0.5177769792873478,0.4989485532773831,0.473329938696056,0.571815513482737,0.0,0.4398557809981436,0.4822130719241304,0.5302308596334541,0.0,0.5435868944715273,0.5228321910423488,0.52455736138232,0.5020308807550017,0.5501454591045297,0.6466781602556941,0.4732136043053658,0.0,0.5161751204677371,0.5080804930829294,0.47250428304444353,0.5639299637815615,0.0,0.0,0.5141706293356174,0.47619467141007,0.4556575879957271,0.47598795705385544,0.5278514818056577,0.0,0.0,0.4692070308003188,0.5188983958973209,0.5157220447748431,0.48972118661873726,0.502743443296074,0.5113249496732606
0.3928890317987673,0.49305814546762095,0.0,0.0,0.0,0.0,0.0,0.5031865609598956,0.0,0.30633167306264714,0.0,0.27676375098715494,0.3839829411587241,0.0,0.456417144603842,0.35851653384820925,0.33512877017802956,0.33649589682672043,0.0,0.5588006569701987,0.4806005886346479,0.4969056223279534,0.48789779044170284,0.0,0.3450984932720984,0.3354722623446631,0.0,0.36174137251902366,0.5696862570382875,0.0,0.3113347541177454,0.26531929638505747,0.21645243326489302,0.26265235987701224,0.22832227098178767,0.3068872474938219,0.19985675576830828,0.2072433899380799,0.4131182201686418,0.3539298548721815,0.3390265234679535,0.0,0.0,0.0,0.284643771561803,0.3769886739554977,0.0,0.0,0.0,0.0,0.0,0.0,0.2715749516057265,0.0,0.4149924787357497,0.0,0.43247823645504774,0.0,0.0,0.0,0.43434753451622926,0.4509581250374399,0.42776759848748563,0.0,0.0,0.41009932267057625,0.0,0.0,0.415912957690513,0.42922773935143116,0.44221776147220676,0.0,0.3332690909507313,0.0,0.0,0.37906642456719886
0.3502659714660159,0.3915217620082941,0.0,0.0,0.4112560345399332,0.37213649782787767,0.4160535148996346,0.39754874696678544,0.4299268332308654,0.3092493994612535,0.0,0.32355103062935114,0.4238315371729775,0.0,0.3463147405109783,0.3533722819067974,0.3302015812547837,0.355713134539207,0.0,0.3808679658391196,0.3756661900872536,0.3694639139639141,0.37279084803816315,0.3450984932720984,0.0,0.35605509996750245,0.3670596688905831,0.39590617478473705,0.39182557235233895,0.0,0.3436169699468874,0.35893027776459363,0.2935183906980257,0.3363676957732291,0.347282520934918,0.0,0.0,0.315557512354108,0.41793810763328765,0.3931108735606546,0.4027545104078095,0.4216656965518754,0.0,0.0,0.31898870142368096,0.41247561650002773,0.4516625448798432,0.0,0.0,0.0,0.0,0.0,0.0,0.0,0.4196810552139307,0.0,0.4262488233250632,0.0,0.0,0.44072961981642755,0.4367118162309428,0.4242733974739544,0.41977483503123314,0.0,0.446947427064944,0.45002102392135723,0.43381803404035896,0.0,0.41074979628901664,0.42945626705311213,0.4418751222544132,0.0,0.0,0.4706750934054832,0.0,0.40972944745369144
0.3522217580950747,0.39338922326060716,0.0,0.0,0.0,0.3800070361462329,0.0,0.45425982122426,0.0,0.3208586452385372,0.0,0.30909631730876586,0.40406084973221074,0.0,0.39198263823552626,0.3762627104223385,0.33636943152394694,0.35874291993174223,0.0,0.43318062325784024,0.3919970414392903,0.3776294689011521,0.42699418526931443,0.3354722623446631,0.35605509996750245,0.0,0.426394044431138,0.39294998661878633,0.3902395246091068,0.0,0.34752831244503213,0.3833058643238148,0.32500535384565665,0.3503839614429045,0.38152763148742946,0.44466453765532465,0.41595333338381646,0.3137840005006049,0.4377328912354521,0.4041995368396338,0.4262162866410354,0.428543006355844,0.0,0.0,0.3281034313161181,0.4215545337155893,0.473432112853518,0.0,0.0,0.0,0.4932916923137487,0.0,0.43669079096992414,0.0,0.4383452688799915,0.0,0.43972037881311943,0.0,0.0,0.48445673438525727,0.45264949277470795,0.43632556275977374,0.4321601180983098,0.0,0.46712450044167736,0.4297379452546583,0.46735369016004585,0.47292646285217926,0.415736361215807,0.4392779593129232,0.45440511750130974,0.48543287783790184,0.47199027138722527,0.47355258617949475,0.0,0.4170954336936154
0.4492339270035933,0.39379769470422693,0.4014010089408293,0.415793134248473,0.4123031657083897,0.4130760748828875,0.42634568538624373,0.4683568889475402,0.38848932230908995,0.4502050818263257,0.4000835182945054,0.46519639207687574,0.4391179794893886,0.4622068129002833,0.41038141681628754,0.4212790449856438,0.5196033150007281,0.4038139939898597,0.40547516593551536,0.3636389102966804,0.41555199366987605,0.41595437722832207,0.39861050214326266,0.0,0.3670596688905831,0.426394044431138,0.0,0.42306007156266623,0.37374475672103763,0.3924224855744994,0.4003632402758801,0.41979080052265544,0.36954320458400425,0.42050015033099075,0.435008825214089,0.453561447754784,0.43127388826593926,0.46306484121081054,0.48863178099388793,0.4628260674600354,0.5117199552275773,0.4931753884307782,0.49299962290166816,0.0,0.0,0.0,0.0,0.5547787087902347,0.0,0.5068278469476456,0.5253537227868827,0.5343116606640836,0.5137180404818917,0.5491832992937548,0.0,0.5250392460309006,0.0,0.5035740273072369,0.542126472752686,0.4655449720176013,0.0,0.0,0.0,0.5533269478849975,0.47581087899298946,0.4646929390421579,0.47128568764632756,0.5287738855774102,0.0,0.0,0.47185792919601743,0.5172368647287467,0.5100292075754311,0.4815416944922649,0.4933740433231154,0.5102684162606925
0.48159465246063354,0.4315920926391819,0.45933441502223676,0.28051441341678757,0.35599071984768565,0.39404211790235233,0.34578226417244584,0.42122063888918637,0.4469657441138613,0.3716218576922855,0.4181369411292901,0.34346482806108747,0.32552213957773235,0.29774463418446806,0.38460552151742294,0.4373343474484785,0.4012938079325672,0.4261909950676274,0.4441269610412236,0.36915478991854034,0.41784667202398507,0.41827254693571086,0.42965379800236664,0.36174137251902366,0.39590617478473705,0.39294998661878633,0.42306007156266623,0.0,0.32376403918232105,0.31199746774755455,0.3509269277337768,0.3693931669138234,0.3439577176539909,0.3443387402920202,0.303040480964081,0.2787216692689854,0.2718256334913412,0.3253781134448741,0.4299445806833756,0.46288011167321824,0.4423173337552868,0.3813762200649229,0.43109027977451964,0.0,0.0,0.0,0.0,0.0,0.0,0.0,0.503331575920498,0.0,0.47667311402781803,0.0,0.0,0.0,0.0,0.0,0.0,0.0,0.0,0.0,0.0,0.0,0.4786634188201195,0.464448794238253,0.0,0.5006255001440484,0.0,0.0,0.0,0.49256569603636763,0.5073349282630586,0.4782840248631135,0.0,0.5140313480825105
0.44563320036290754,0.39787370129836686,0.0,0.0,0.3957014973264035,0.3563601250530085,0.4077761043935614,0.3861496198391806,0.397094501870018,0.45125218461711664,0.0,0.5193960875670279,0.3880202136277185,0.0,0.3785901115421201,0.43234128700344115,0.46440982518690826,0.42552785490298806,0.0,0.33722350491615805,0.3816038575827365,0.4039035789932126,0.40368108588118273,0.5696862570382875,0.39182557235233895,0.3902395246091068,0.37374475672103763,0.32376403918232105,0.0,0.31571676984399805,0.3463028241702784,0.41118874793293964,0.32770301785718653,0.3998218272518097,0.4297336125350225,0.4776981206257126,0.0,0.0,0.4650329543394148,0.48440284636313,0.4911377322561034,0.5108979804046164,0.5214341573955323,0.0,0.0,0.5713410290532204,0.0,0.5591719457370153,0.0,0.0,0.48068517329506344,0.0,0.47453345556545323,0.0,0.0,0.0,0.0,0.505117051678989,0.0,0.45644807335927245,0.0,0.0,0.0,0.0,0.4630840227257004,0.441612928468401,0.4560472608227079,0.4860403807532173,0.0,0.0,0.4657416990940806,0.4810119002835173,0.4839766160855217,0.46330141869322206,0.5004697406724158,0.48153029334626823
0.0,0.0,0.48459022293644416,0.0,0.38185423144408753,0.4052664867044843,0.40223936440817076,0.4098549647546452,0.4374759920748744,0.0,0.0,0.0,0.40585154203220997,0.0,0.364338054540288,0.41316673327358266,0.0,0.4197618373937969,0.0,0.3448261880049583,0.4128337370573972,0.3906908884329856,0.4238831071437196,0.0,0.0,0.0,0.3924224855744994,0.31199746774755455,0.31571676984399805,0.0,0.3183484903980606,0.3888368659940792,0.0,0.35935617939580605,0.3984140064385027,0.4742460880303505,0.0,0.0,0.4678830661884707,0.0,0.0,0.0,0.0,0.0,0.0,0.0,0.0,0.0,0.0,0.0,0.5425646991248639,0.0,0.0,0.0,0.0,0.0,0.0,0.0,0.0,0.0,0.0,0.0,0.0,0.0,0.4766987179790724,0.451295331536347,0.0,0.49309808776387276,0.0,0.0,0.0,0.4891448963471636,0.0,0.4981450388717429,0.0,0.0
0.3037647488884202,0.32719561934842595,0.4713473156977622,0.3579725527756762,0.429536501187169,0.4222444459721338,0.39831454044370646,0.4259964352329042,0.4656035772307811,0.33853643993635557,0.4456947526315888,0.30485702112125446,0.3881226592642956,0.3751931418765813,0.3628481655340571,0.34940267285496707,0.3337651091786208,0.35116509075429786,0.4607806873327756,0.38239824030702324,0.3297162264793599,0.3695433998122346,0.43225988719657843,0.3113347541177454,0.3436169699468874,0.34752831244503213,0.4003632402758801,0.3509269277337768,0.3463028241702784,0.3183484903980606,0.0,0.3157428060589165,0.2926131116725582,0.29090337086476303,0.22770110795608361,0.3628109236877605,0.2862871777576863,0.28327247388834664,0.42387879112342397,0.37717334823053783,0.4313923389981039,0.0,0.0,0.0,0.0,0.0,0.41312134730745625,0.0,0.0,0.0,0.4944351110260157,0.0,0.4729521838994512,0.0,0.441904056788812,0.0,0.4217248942333223,0.0,0.0,0.41840441380229315,0.4024444491156845,0.399560117811392,0.4094838027531223,0.0,0.44429512393031506,0.42263406542626997,0.43258117272525354,0.48786055716600857,0.0,0.4131472495826596,0.42380490591298176,0.4844712770765893,0.0,0.4727094103125089,0.0,0.0
0.3673924092942202,0.3468641176632241,0.4410411467395557,0.27809589391447415,0.3766009136577731,0.41652953267263704,0.39324657935076635,0.3649009879409316,0.43769054676848185,0.32727665982896803,0.384103887239335,0.25626710093131266,0.39032519606978305,0.22557354982371336,0.4039963303620457,0.38879275303610367,0.38373049130890097,0.4025740343571435,0.43316434342612414,0.43367050703796467,0.3987854800523233,0.4108998563335893,0.41917463506751634,0.26531929638505747,0.35893027776459363,0.3833058643238148,0.41979080052265544,0.3693931669138234,0.41118874793293964,0.3888368659940792,0.3157428060589165,0.0,0.32648754988108736,0.36982508853043344,0.3304997389772629,0.2809078949524972,0.31670294555862394,0.2505930907792011,0.2512899067600691,0.30617539448222164,0.32268047968787933,0.3310346360213104,0.31888242935517497,0.3189714936624569,0.0,0.42458538838457355,0.4478583298942506,0.5017853111718705,0.3222791210558901,0.0,0.4901457913656386,0.0,0.4733904515919601,0.5201332698138811,0.31695149692664487,0.4135848889219003,0.3000061664198113,0.3737725193907555,0.4107134139118793,0.47285927049534987,0.4416795246959761,0.4524797710548539,0.4183288967987561,0.0,0.46334915170156904,0.4321757921852693,0.4598468669573393,0.49752251198694253,0.38294388232674514,0.43784966674899384,0.450155160339693,0.4839571797342434,0.41326812586489714,0.46385669838019716,0.4752324770274656,0.4705252207074224
0.27328214511476157,0.3210254292240109,0.0,0.4349263774792981,0.3568016584191967,0.3703500410592966,0.3840738063249404,0.3753044916242545,0.4320758593836169,0.2969339637809709,0.0,0.2503010774105844,0.35947058659173214,0.0,0.3597525306317506,0.34655970129500296,0.2993799364808451,0.31629437753993683,0.0,0.3745387725332883,0.35010627516854353,0.36251168090239183,0.3651215085958158,0.21645243326489302,0.2935183906980257,0.32500535384565665,0.36954320458400425,0.3439577176539909,0.32770301785718653,0.0,0.2926131116725582,0.32648754988108736,0.0,0.26388878245627084,0.3972178264138472,0.4534476036197054,0.3439617927477285,0.17579629743888925,0.33072759042613403,0.31268919863073114,0.30987757522777526,0.29431852369867656,0.0,0.0,0.22841573787290234,0.3825145954740081,0.453688519242432,0.0,0.0,0.0,0.4781401366992605,0.0,0.0,0.0,0.38593860786482437,0.0,0.39129465128337354,0.0,0.0,0.4668949809731579,0.43401459766937217,0.4131578629558487,0.4068677990950297,0.0,0.4600945930785462,0.40580135766572545,0.460436676690879,0.4436695819656047,0.35066837294314585,0.4161358364603198,0.4327502263072006,0.4350845525519471,0.0,0.4553262897732564,0.0,0.3831603477848142
0.34421142424151635,0.3347855889305723,0.46171480590124436,0.37007738127374845,0.4021191778919017,0.4216109006726977,0.3967526857908646,0.4195439269752061,0.45511988630571915,0.3105804880387824,0.43093937212717315,0.22971658632057618,0.3856434339733975,0.367234217511736,0.3926730631201145,0.3813734693113098,0.3522458795239366,0.3631672715562779,0.4539390525047305,0.42162272164469156,0.3769960233918751,0.3955397003223523,0.4365444874719133,0.26265235987701224,0.3363676957732291,0.3503839614429045,0.42050015033099075,0.3443387402920202,0.3998218272518097,0.35935617939580605,0.29090337086476303,0.36982508853043344,0.26388878245627084,0.0,0.31698359063101694,0.4466520768772803,0.3508127033206949,0.18598725984723846,0.34987750716655447,0.33410128341525,0.40392894641885785,0.3070565433607194,0.0,0.0,0.0,0.4003145357956921,0.437591053217319,0.0,0.0,0.0,0.5047055673385467,0.0,0.48549932327239526,0.0,0.41782389809232745,0.0,0.42851725411202113,0.0,0.0,0.4710475258686547,0.42337789040977314,0.4440467400449177,0.41933519370547057,0.0,0.4576106228171548,0.4472145980569854,0.45409462468036244,0.5103283208202791,0.40892738256629313,0.4288503848178746,0.44468854070135116,0.48557598006332925,0.5024988645754359,0.47382131404716143,0.0,0.4484590313534728
0.3911864379483697,0.37793383369710776,0.4574875741357649,0.31364045180873745,0.33875032409643013,0.42169698670333194,0.3422915493025431,0.44256402189045924,0.45522742110095954,0.28685646504870826,0.4089785802906544,0.27281175089407084,0.33142953486979004,0.28197688702420104,0.4310206081303485,0.37453889115016437,0.3609698932655748,0.38663094215390437,0.4434297982446456,0.4512106743884667,0.431987455539394,0.4313108061628667,0.44865093260164807,0.22832227098178767,0.347282520934918,0.38152763148742946,0.435008825214089,0.303040480964081,0.4297336125350225,0.3984140064385027,0.22770110795608361,0.3304997389772629,0.3972178264138472,0.31698359063101694,0.0,0.4095935568064811,0.3252275440375831,0.20837954882532916,0.33437031542222617,0.2828559170709084,0.3398496785331985,0.3678997994886822,0.34504506907614296,0.35025130453842857,0.0,0.0,0.44132038348101266,0.0,0.0,0.0,0.0,0.0,0.0,0.0,0.0,0.0,0.41628402747011906,0.0,0.0,0.4912509346286353,0.4494708985178209,0.5128964829869916,0.44954251150889196,0.0,0.47950437194404766,0.480036301101457,0.4866920066588583,0.5030821776677509,0.0,0.43681222960051497,0.45344967131332437,0.4996521614023635,0.0,0.5048474230313824,0.0,0.0
0.0,0.0,0.40029282945256617,0.1673317930906684,0.24526389471939583,0.4462119019015629,0.2840855353971112,0.26619232534238285,0.4356155526427482,0.3211903810696858,0.3230229922616443,0.27121604294787166,0.31317303582375594,0.1675000451719066,0.428617754868278,0.0,0.0,0.0,0.4031564471912157,0.49003211079036707,0.4781543082593918,0.47664038210243576,0.42439821790156684,0.3068872474938219,0.0,0.44466453765532465,0.453561447754784,0.2787216692689854,0.4776981206257126,0.4742460880303505,0.3628109236877605,0.2809078949524972,0.4534476036197054,0.4466520768772803,0.4095935568064811,0.0,0.22190466814066404,0.29375931826584434,0.3027196949924309,0.24114506356390103,0.30889078229962824,0.30931252478112675,0.26957306003852505,0.32510850212592246,0.0,0.0,0.0,0.48852800370930105,0.0,0.30225434376645455,0.47129504669068106,0.0,0.0,0.4505283864198512,0.30976762267881336,0.37676324527463745,0.0,0.0,0.35378592925371954,0.5959090465729587,0.0,0.0,0.0,0.4201824613830825,0.5670849400309738,0.361468118560975,0.5383296146747595,0.49097198181724894,0.2477949307443571,0.0,0.0,0.4840070075211943,0.40813986503094785,0.5333317874264765,0.0,0.48876474082370436
0.0,0.0,0.44494777119031,0.18638112938873413,0.267243219937196,0.42894589106315983,0.27521418312309914,0.4362286419685092,0.43767843183273886,0.2718739452413357,0.41471588572970436,0.2691766465295869,0.3161213648559553,0.15351139472142927,0.0,0.0,0.0,0.0,0.4425235522841705,0.4487283789320302,0.0,0.4301976803975488,0.4274699156123669,0.19985675576830828,0.0,0.41595333338381646,0.43127388826593926,0.2718256334913412,0.0,0.0,0.2862871777576863,0.31670294555862394,0.3439617927477285,0.3508127033206949,0.3252275440375831,0.22190466814066404,0.0,0.2529400493195866,0.28231917030110676,0.21455772780389917,0.2770896549542773,0.3252058555736447,0.3305300560313596,0.3145501930765831,0.21306713980903455,0.0,0.0,0.0,0.0,0.0,0.6623713416542243,0.0,0.0,0.0,0.3070201593459894,0.0,0.2531163065232367,0.0,0.0,0.0,0.0,0.0,0.0,0.0,0.0,0.0,0.0,0.0,0.0,0.0,0.0,0.5285865762971278,0.42942111841860575,0.0,0.0,0.0
0.4455413334149291,0.0,0.0,0.0,0.3566193002342989,0.452131123890187,0.31952679942740064,0.6043851247727778,0.4418097126240701,0.2737127518449253,0.4241114155699946,0.1839615056170561,0.3406055158449439,0.0,0.0,0.0,0.3065660376283605,0.0,0.467985784060702,0.0,0.5304653668869282,0.0,0.46693091427381256,0.2072433899380799,0.315557512354108,0.3137840005006049,0.46306484121081054,0.3253781134448741,0.0,0.0,0.28327247388834664,0.2505930907792011,0.17579629743888925,0.18598725984723846,0.20837954882532916,0.29375931826584434,0.2529400493195866,0.0,0.26701251230749556,0.2260602450251464,0.20713720747820702,0.3047451766573758,0.2603012125479784,0.0,0.2257357664289695,0.0,0.0,0.0,0.0,0.0,0.0,0.0,0.0,0.0,0.34795055854599344,0.0,0.3699756604629997,0.0,0.0,0.0,0.0,0.0,0.0,0.0,0.0,0.0,0.0,0.0,0.2676380694904723,0.0,0.40341282252929356,0.0,0.0,0.0,0.0,0.0
