0.0,0.4433377508403564,0.0,0.0,0.0,0.4783791153412636,0.0,0.4951570046196601,0.0,0.4334951002848916,0.0,0.4381861699855336,0.0,0.0,0.39758762784438656,0.442872199117823,0.0,0.41756543112037664,0.0,0.4516329244248012,0.3888920923243213,0.41681346329174174,0.47680966379878437,0.389743391283767,0.4292902354046902,0.40010305517845224,0.47153621455240524,0.0,0.4884306143874323,0.0,0.41899962126408963,0.4189242989193556,0.37646224678417983,0.0,0.0,0.0,0.0,0.43823032465442857,0.43641291333923626,0.4292142128438414,0.4129774967889376,0.0,0.0,0.0,0.0,0.3782357579027887,0.48245085335736276,0.0,0.0,0.0,0.0,0.0,0.0,0.0,0.516256957591473,0.0,0.5103838420425939,0.0,0.0,0.0,0.4639981917952673,0.0,0.45466391652451077,0.0,0.0,0.28473638407826807,0.49317044662915,0.0,0.36049814119356594,0.4714221151325485,0.48931966973109736,0.5215694234513539,0.0,0.0,0.0,0.4813564982150818
0.4433377508403564,0.0,0.0,0.0,0.0,0.4457165181316246,0.4485235765710809,0.5123027599710153,0.4298359269116159,0.0,0.0,0.0,0.4528378802011048,0.0,0.45723610055517716,0.47229971120588665,0.0,0.4539889102020936,0.0,0.46519859547838216,0.44489990376594785,0.4403283432906592,0.47458884688619196,0.0,0.4525911662728378,0.44926286446353103,0.46634425048065903,0.43167918266820215,0.4525995769175102,0.420889657720015,0.3857549061417372,0.4160842320753279,0.3869659767131352,0.38298741163076344,0.42736715503030775,0.0,0.0,0.0,0.4782155309447043,0.47954148075306147,0.4670720048016125,0.4768454198627602,0.0,0.0,0.0,0.48236794779243686,0.5244197881916502,0.0,0.0,0.0,0.49651049334748276,0.0,0.0,0.0,0.0,0.0,0.0,0.0,0.0,0.5041947817897673,0.47933358362032874,0.0,0.4702483695535713,0.0,0.47286908357981366,0.4900246375944767,0.49676223292842137,0.5107452151695038,0.0,0.4900158702031122,0.5197646178595465,0.49689694172882815,0.6257163193421732,0.4780280292564279,0.0,0.4527595810848198
0.0,0.0,0.0,0.4874905041768195,0.43441924799718806,0.45495959018379273,0.48483531191271645,0.5278220370552977,0.35420312995221637,0.0,0.39835714942279243,0.0,0.49791382911698334,0.5018498081294458,0.0,0.0,0.0,0.0,0.3509642249866875,0.0,0.0,0.0,0.4212155450075201,0.6541829229496013,0.0,0.0,0.3788078072631453,0.49281975715647364,0.0,0.0,0.5095678080004125,0.46277838769048735,0.486991199733708,0.49805181843502006,0.5100337782571235,0.46627068513760417,0.48531268336922834,0.0,0.5668899184777221,0.0,0.0,0.0,0.5365257963597431,0.0,0.0,0.0,0.0,0.4547737426034837,0.0,0.5813754869569399,0.6217573410485289,0.6293896097503647,0.5884243287704695,0.5470668729068758,0.0,0.5276612583092697,0.0,0.6421950375814022,0.559774198665715,0.0,0.0,0.0,0.0,0.2981227649425172,0.0,0.0,0.0,0.6406000071540431,0.0,0.0,0.0,0.6087833632328933,0.0,0.0,0.0,0.608525674418102
0.0,0.0,0.4874905041768195,0.0,0.2289527009448363,0.44504966652089695,0.2920538783630041,0.40021710821745304,0.4470768453246785,0.43768968569210565,0.3957313294672998,0.2991462418726713,0.3380680472056025,0.28277499337020057,0.0,0.0,0.0,0.0,0.4771114515501713,0.4528417185435843,0.0,0.4331143304737627,0.44728951367342007,0.0,0.0,0.0,0.44509121293189097,0.2621463143576985,0.47044948166336675,0.0,0.25000702563660215,0.28228075946653935,0.33114017830688386,0.3083039478192681,0.3031329804477775,0.21430216038675737,0.19653118101564532,0.3525308013157241,0.0,0.0,0.0,0.0,0.0,0.0,0.0,0.0,0.0,0.0,0.0,0.0,0.0,0.0,0.0,0.0,0.0,0.0,0.0,0.0,0.0,0.0,0.0,0.0,0.0,0.0,0.0,0.0,0.0,0.0,0.0,0.0,0.0,0.0,0.0,0.0,0.0,0.0
0.0,0.0,0.43441924799718806,0.2289527009448363,0.0,0.43412299722302433,0.3717166615288652,0.407686430080742,0.38325828905688164,0.48109632430897786,0.3600979229392292,0.4609371757218398,0.4092520703245822,0.2563832795897161,0.0,0.0,0.0,0.5546631425340877,0.42863385506217794,0.0,0.0,0.44983753220298883,0.44473022658293226,0.5319679570689219,0.5067395040653007,0.0,0.46129527373371904,0.37161212065585336,0.0,0.0,0.5248672133622381,0.33995657472138113,0.36201347805991213,0.503966111019667,0.4667417284786509,0.21455101602087615,0.2241238686329118,0.4496941674689552,0.5255149125127476,0.0,0.5931252253704974,0.0,0.44654923136695507,0.0,0.0,0.0,0.0,0.557148408604833,0.0,0.5264523871369463,0.598467321946395,0.0,0.4961171020655461,0.5840485404555441,0.0,0.4845656914527229,0.0,0.0,0.5287022421460135,0.0,0.0,0.0,0.0,0.5246340748923015,0.0,0.0,0.0,0.5472351740719915,0.0,0.0,0.0,0.5619800637352917,0.0,0.0,0.0,0.0
0.4783791153412636,0.4457165181316246,0.45495959018379273,0.44504966652089695,0.43412299722302433,0.0,0.44864847360695503,0.48975747990826834,0.39214478489470733,0.49295973751608924,0.4622690860958486,0.5064161174495401,0.4329167353704515,0.524225293385873,0.44673097731431965,0.4867127793333043,0.640337934791386,0.43498643666608183,0.46081854928122234,0.48706169850585673,0.45934136944036685,0.47888791409139336,0.48387023487903846,0.5545620283270088,0.4239518239565785,0.4421668166499908,0.45605397727876107,0.4658401350565251,0.4075130259315496,0.46301882702095265,0.4719919920133836,0.4467675523283595,0.4171045920404671,0.48149674647170826,0.5128191074295672,0.49837610787073,0.46854342848070857,0.5058498342509525,0.5294057652383359,0.5582105026968525,0.5452173503406662,0.5913268325095147,0.5120710000657643,0.0,0.0,0.0,0.5567624706424565,0.6177423250226929,0.0,0.5841623255094957,0.5660790300506069,0.5867450720225759,0.5428272178112445,0.6314955183853443,0.0,0.5716947280995152,0.0,0.5657692615458115,0.0,0.5229312809486595,0.0,0.0,0.0,0.5955548246656861,0.509025571686747,0.5322250153221888,0.514528477873699,0.5786113715212944,0.0,0.0,0.5381739754528794,0.5710182878604815,0.5420593977554407,0.5088846250815078,0.5690339355318383,0.562581252116141
0.0,0.4485235765710809,0.48483531191271645,0.2920538783630041,0.3717166615288652,0.44864847360695503,0.0,0.5075546546043703,0.442484485225079,0.4594746221726633,0.48947397088234607,0.4428199890765998,0.3884287120341386,0.3724470130851939,0.4942019568303869,0.47417406142748164,0.50570739149358,0.45035901318164584,0.49110527226136147,0.48416247238539506,0.0,0.4922980174239979,0.4876970571376061,0.4557054049233401,0.4358801835560689,0.4436057771161312,0.48662378753881524,0.4103478393479077,0.4802731799633658,0.42906765774010036,0.4730665137946076,0.4097147551677442,0.42053696180802225,0.44132116859795617,0.47568988850133026,0.3057244351209011,0.30989332666315184,0.4181513447883304,0.6190097366436069,0.0,0.6668382241388375,0.0,0.5548704853090058,0.0,0.4510928186233023,0.0,0.0,0.0,0.0,0.0,0.5720165173722691,0.0,0.585116446592498,0.6645967456952158,0.0,0.0,0.0,0.0,0.0,0.0,0.0,0.0,0.0,0.7167816734658417,0.0,0.0,0.0,0.5766849384725967,0.0,0.0,0.0,0.5749524032689484,0.0,0.0,0.0,0.0
0.4951570046196601,0.5123027599710153,0.5278220370552977,0.40021710821745304,0.407686430080742,0.48975747990826834,0.5075546546043703,0.0,0.5379129616791014,0.0,0.3888357561511704,0.0,0.48255189727634523,0.4184836952209277,0.4278426130282465,0.0,0.0,0.0,0.5016122841628646,0.0,0.42736247282378315,0.0,0.410197924616363,0.5083845858217323,0.4992970154599523,0.49728162585275787,0.5036640010293619,0.4701800475022172,0.4507579054651016,0.44983400226075915,0.48801443597047967,0.36040121750322834,0.4099052751456738,0.49639543064684455,0.4912785648859751,0.3124993907977623,0.37434451942175984,0.0,0.4577116625902824,0.0,0.5325595660291951,0.0,0.49199182917454876,0.0,0.0,0.0,0.0,0.5571222406271892,0.0,0.4904472027616874,0.5549378074226896,0.5447285520259284,0.42331410163874206,0.571509830418524,0.0,0.5008439122500198,0.0,0.5405220929044238,0.4517056408205775,0.0,0.0,0.0,0.0,0.5322606484983748,0.0,0.531316023750841,0.0,0.54486953639551,0.0,0.0,0.0,0.5698660623613779,0.5284742733366223,0.5003134127546972,0.0,0.5535588487274522
0.0,0.4298359269116159,0.35420312995221637,0.4470768453246785,0.38325828905688164,0.39214478489470733,0.442484485225079,0.5379129616791014,0.0,0.5100159213004926,0.40371840533094905,0.4966296720495269,0.46613971691632905,0.4521571501318539,0.0,0.4357221848495614,0.6812593494657286,0.0,0.36792166620801586,0.4776413443099793,0.5659244203591305,0.4594845311349453,0.5014049068535165,0.5399688714344744,0.4449205450646458,0.48720034936001366,0.42678086341316,0.5028978172123149,0.4607488557161657,0.5126568045396283,0.5382720409130103,0.46679216828599945,0.43761054347909817,0.511260685953877,0.5013697443432521,0.4697430649334302,0.46772004221498814,0.4835387867604099,0.5660574522257278,0.0,0.7331728061329168,0.0,0.532309039696164,0.0,0.5569311913665408,0.0,0.0,0.6229838685745868,0.0,0.6272021551933128,0.6045374870774028,0.642352286120475,0.6060623696108204,0.6273897654571183,0.0,0.5749721830899067,0.0,0.6556414933394572,0.5620039009733863,0.0,0.0,0.0,0.0,0.6034329993358791,0.0,0.0,0.0,0.6376536905162626,0.0,0.0,0.0,0.6373298580851372,0.6458359542637934,0.0,0.0,0.7153317375125716
0.4334951002848916,0.0,0.0,0.43768968569210565,0.48109632430897786,0.49295973751608924,0.4594746221726633,0.0,0.5100159213004926,0.0,0.5022365551976979,0.3254210609146876,0.4701540052243239,0.0,0.0,0.43017820653125033,0.3908430091766781,0.4185080688413071,0.5214597102438322,0.0,0.45310795027444917,0.438584600920672,0.0,0.35269000682686863,0.3799365294017292,0.38217605451944636,0.5057142876433953,0.45411367782684764,0.0,0.0,0.39623775585734083,0.42076278430523517,0.33727285799970597,0.3481421798720592,0.35175264681791396,0.453615106148416,0.3964795381367223,0.2985468295917225,0.0,0.360788398000932,0.357576740518871,0.0,0.0,0.0,0.3462210876362131,0.0,0.0,0.0,0.0,0.0,0.0,0.0,0.0,0.0,0.4867741073340479,0.0,0.4955760532761636,0.0,0.0,0.0,0.0,0.4717603929287768,0.4727491282746622,0.0,0.0,0.0,0.0,0.0,0.464619248014441,0.47531064674548784,0.49867409132483664,0.0,0.0,0.0,0.0,0.4261771097976309
0.0,0.0,0.39835714942279243,0.3957313294672998,0.3600979229392292,0.4622690860958486,0.48947397088234607,0.3888357561511704,0.40371840533094905,0.5022365551976979,0.0,0.5048659435098805,0.4970618203640608,0.3663263582078565,0.0,0.0,0.6177392490655155,0.0,0.33880571576453616,0.0,0.0,0.0,0.40619961080838485,0.5282029185506835,0.0,0.0,0.4501076057292542,0.4954074124878235,0.0,0.0,0.5597779793298755,0.425223466441021,0.5346088283883839,0.5123173631234894,0.5131837796829537,0.3349402995227879,0.44830894587127723,0.48814060478953863,0.48822930195215847,0.0,0.6575767902025265,0.0,0.46437715322829043,0.0,0.0,0.0,0.0,0.4393957571277752,0.0,0.501407131977613,0.5866367239761662,0.5328651795798001,0.5406175394955076,0.5428521338268144,0.0,0.2899477464954341,0.0,0.5704662693331282,0.487054610241081,0.0,0.0,0.0,0.0,0.31961808028118954,0.0,0.0,0.0,0.5779427870092915,0.0,0.0,0.0,0.5871908563009253,0.5729111212835544,0.0,0.0,0.6560502935288075
0.4381861699855336,0.0,0.0,0.2991462418726713,0.4609371757218398,0.5064161174495401,0.4428199890765998,0.0,0.4966296720495269,0.3254210609146876,0.5048659435098805,0.0,0.4459225024097038,0.0,0.0,0.0,0.41102285130381555,0.0,0.0,0.0,0.5121101235579922,0.5004283143598292,0.5538174219352606,0.3119020264562397,0.3760687209587908,0.3591405872358129,0.5311631549336038,0.39924057108105004,0.6071659278378048,0.0,0.39632801694318087,0.2784491347836714,0.2965288640842884,0.2567159566085736,0.31030496520360473,0.3454506891585006,0.31055995860703245,0.2176763487160706,0.2542644112549912,0.38090552227467006,0.34681154067808306,0.44011858915789137,0.3472370678104427,0.0,0.3262223221803905,0.5389051077567357,0.0,0.0,0.0,0.0,0.4564229029478943,0.0,0.0,0.0,0.5031828456336195,0.0,0.5077542943590819,0.4162702412356139,0.3083096398777623,0.0,0.0,0.4916424931064992,0.4897460960061707,0.0,0.0,0.0,0.0,0.0,0.4835343630654744,0.4969359116346404,0.5049322622918144,0.4492290759804839,0.45914547683379814,0.0,0.0,0.4532268887566312
0.0,0.4528378802011048,0.49791382911698334,0.3380680472056025,0.4092520703245822,0.4329167353704515,0.3884287120341386,0.48255189727634523,0.46613971691632905,0.4701540052243239,0.4970618203640608,0.4459225024097038,0.0,0.4184763041416779,0.4608257791070959,0.48581714273123905,0.46888557862530134,0.4507046842938531,0.5044230406639625,0.47600991492059563,0.4890356414887024,0.4980134888736093,0.48180726862090556,0.46059688731871734,0.44147098744466917,0.4413965597730621,0.4886123979109183,0.38496002441881655,0.45810848035104457,0.4102417858635468,0.44405853013315155,0.42727963295764276,0.42882377979646735,0.44631559709815,0.47272989144165,0.36459042704822436,0.3530347753053293,0.41741987719790913,0.49853410477925847,0.4551961794941506,0.4896886122391929,0.5816842802956745,0.5268396055416016,0.0,0.37940845451735866,0.0,0.0,0.63747842266414,0.0,0.0,0.5538347432895319,0.0,0.5275455495381721,0.0,0.5475232806584011,0.0,0.4858024200298328,0.0,0.0,0.6207169645951475,0.0,0.0,0.0,0.0,0.5541238400264995,0.6226222179020156,0.0,0.5535667662292326,0.0,0.0,0.6005952264535286,0.540510451002891,0.0,0.532611383219868,0.0,0.0
0.0,0.0,0.5018498081294458,0.28277499337020057,0.2563832795897161,0.524225293385873,0.3724470130851939,0.4184836952209277,0.4521571501318539,0.0,0.3663263582078565,0.0,0.4184763041416779,0.0,0.3889732028832684,0.0,0.0,0.0,0.45543638702084116,0.0,0.0,0.0,0.4822196665591583,0.0,0.0,0.0,0.5067790287076008,0.26297465490777394,0.0,0.0,0.0,0.27999820380356405,0.24585634040382187,0.44596447686001717,0.0,0.22337874133802169,0.1824484097925615,0.0,0.38885619054142295,0.0,0.0,0.0,0.4165534544059831,0.0,0.0,0.0,0.0,0.564232496801204,0.0,0.0,0.0,0.0,0.0,0.5308741033703791,0.0,0.0,0.0,0.0,0.0,0.0,0.0,0.0,0.0,0.5323446162607235,0.0,0.0,0.0,0.5821867036001681,0.0,0.0,0.0,0.0,0.0,0.0,0.0,0.0
0.39758762784438656,0.45723610055517716,0.0,0.0,0.0,0.44673097731431965,0.4942019568303869,0.4278426130282465,0.0,0.0,0.0,0.0,0.4608257791070959,0.3889732028832684,0.0,0.4753485928370088,0.5162683624048292,0.4112126317037398,0.0,0.39596105626290073,0.4255735691562688,0.43219068628411994,0.4070971884500324,0.47232451184978264,0.4408618905691073,0.4176939994702535,0.45525941186650243,0.44082361680748344,0.44644429970390914,0.39690342535133066,0.43110534187636607,0.445695149460553,0.42083289408651486,0.4412254442219322,0.48373762762311195,0.481856317752554,0.0,0.0,0.48888540896304994,0.5194035999388389,0.4932095251756277,0.518719351843204,0.4433545644090753,0.0,0.0,0.400058348660997,0.5156995830469919,0.0,0.0,0.0,0.5105430016552545,0.0,0.49252239290692357,0.0,0.0,0.0,0.0,0.0,0.0,0.5244106656110065,0.5310920041813415,0.0,0.0,0.0,0.4972836491536629,0.500635087197285,0.5307850894368038,0.5214713569851456,0.0,0.0,0.5418436621707755,0.5169308773634087,0.5342799557414006,0.4865515144814083,0.5581817636092119,0.5060158167971621
0.442872199117823,0.47229971120588665,0.0,0.0,0.0,0.4867127793333043,0.47417406142748164,0.0,0.4357221848495614,0.43017820653125033,0.0,0.0,0.48581714273123905,0.0,0.4753485928370088,0.0,0.4205241277417165,0.406026295136256,0.0,0.46838621763045596,0.4716463132269981,0.4384901517970679,0.46797834982498515,0.0,0.4220826033853371,0.4448546500856907,0.473118437572114,0.4733046582895026,0.49558490705615266,0.44224803908178967,0.4160107058884696,0.4653067233410605,0.4121546124970915,0.41442361965613717,0.4527403061974684,0.48862780804343664,0.0,0.0,0.45481383886759263,0.42526000709534156,0.44397932258519457,0.45432406339165676,0.0,0.0,0.0,0.5191498102726126,0.4934009588753544,0.0,0.0,0.0,0.0,0.0,0.0,0.0,0.0,0.0,0.0,0.0,0.0,0.5000311718607943,0.46457488914210787,0.0,0.41341309448745694,0.0,0.4878984465784314,0.4860426417046717,0.48433609633585917,0.0,0.0,0.44581852628496266,0.5016985706538164,0.5022812815976712,0.0,0.5239413180677635,0.0,0.42858423894911435
0.0,0.0,0.0,0.0,0.0,0.640337934791386,0.50570739149358,0.0,0.6812593494657286,0.3908430091766781,0.6177392490655155,0.41102285130381555,0.46888557862530134,0.0,0.5162683624048292,0.4205241277417165,0.0,0.379183045076404,0.0,0.44737347498939994,0.0,0.42675643222031795,0.0,0.40695838022571507,0.409967972173717,0.4156108550345714,0.6019474892134472,0.4525488405588618,0.49331477610312846,0.8081268816414855,0.40342881715451173,0.44038583389922137,0.39015406647434675,0.39490424343420943,0.3886660893454188,0.4629104884546987,0.0,0.35823605602689396,0.43123889213836875,0.36722725549617596,0.0,0.0,0.0,0.0,0.0,0.0,0.0,0.0,0.0,0.0,0.0,0.0,0.0,0.0,0.47197760243727443,0.0,0.473399220151792,0.0,0.0,0.0,0.0,0.4840634550926709,0.46727031043316514,0.0,0.0,0.0,0.0,0.0,0.478736600696205,0.49064838552190426,0.4864949194288895,0.0,0.0,0.0,0.0,0.0
0.41756543112037664,0.4539889102020936,0.0,0.0,0.5546631425340877,0.43498643666608183,0.45035901318164584,0.0,0.0,0.4185080688413071,0.0,0.0,0.4507046842938531,0.0,0.4112126317037398,0.406026295136256,0.379183045076404,0.0,0.0,0.4470589619593086,0.0,0.4503389670829301,0.45056010318935147,0.4016406651191749,0.40085128236329454,0.4217275179089001,0.4296323344786052,0.44789185426019135,0.46471137595485984,0.0,0.4168086638718357,0.4366229006021854,0.4038329361320671,0.40547599461861994,0.40042538617479756,0.0,0.0,0.0,0.4453042101867557,0.3569794275789945,0.363407777435883,0.0,0.0,0.0,0.0,0.46711367226589,0.45751674184911617,0.0,0.0,0.0,0.0,0.0,0.0,0.0,0.426526805595289,0.0,0.44812036980356135,0.0,0.0,0.0,0.433005488089584,0.41825762949616396,0.40533974873075296,0.0,0.0,0.0,0.43944956391636886,0.0,0.44837418774990884,0.4374875520414106,0.4517088188877756,0.0,0.0,0.0,0.0,0.41540994917899643
0.0,0.0,0.3509642249866875,0.4771114515501713,0.42863385506217794,0.46081854928122234,0.49110527226136147,0.5016122841628646,0.36792166620801586,0.5214597102438322,0.33880571576453616,0.0,0.5044230406639625,0.45543638702084116,0.0,0.0,0.0,0.0,0.0,0.0,0.0,0.0,0.4425724984867995,0.6260472203437231,0.0,0.0,0.44665414442596235,0.5113407984100081,0.0,0.0,0.5145205918131549,0.44933851328841096,0.4951482713559092,0.49828674500677284,0.5000989507774886,0.4503274178581365,0.4769147873534818,0.46085752184348283,0.531512168558995,0.0,0.0,0.0,0.512810067744787,0.0,0.0,0.0,0.0,0.580846056729547,0.0,0.5596031373675754,0.5960221665418935,0.0,0.5756217321048058,0.6126828581331183,0.0,0.5288982720741153,0.0,0.0,0.5351485373199847,0.0,0.0,0.0,0.0,0.5697936956558103,0.0,0.0,0.0,0.6137067621273489,0.0,0.0,0.0,0.6073375233214531,0.0,0.0,0.0,0.0
0.4516329244248012,0.46519859547838216,0.0,0.4528417185435843,0.0,0.48706169850585673,0.48416247238539506,0.0,0.4776413443099793,0.0,0.0,0.0,0.47600991492059563,0.0,0.39596105626290073,0.46838621763045596,0.44737347498939994,0.4470589619593086,0.0,0.0,0.4624386142919981,0.4255946232450975,0.3578114055697642,0.5482382267721738,0.4467674157663866,0.44512156755344534,0.43515865269784876,0.4327304552204252,0.37174583482682516,0.3754321522534398,0.40848958419836834,0.4403966744532896,0.39946383598712104,0.43299850100718945,0.47637235091736946,0.5153588522857211,0.47091567089305486,0.0,0.4647816176835931,0.4749645290532706,0.49275579749516263,0.4965592962044034,0.5365909516842524,0.0,0.0,0.0,0.47941929298044433,0.0,0.0,0.0,0.5010315045363974,0.0,0.5306215085437462,0.0,0.0,0.0,0.0,0.0,0.0,0.49776499536350677,0.5286238271674016,0.0,0.0,0.0,0.48628340438929596,0.4888778800590067,0.485064480232134,0.5150035378607284,0.0,0.5646419026329184,0.49593141496905613,0.5149690811066091,0.5156581106224378,0.48653177691401367,0.0,0.4976693999769273
0.3888920923243213,0.44489990376594785,0.0,0.0,0.0,0.45934136944036685,0.0,0.42736247282378315,0.5659244203591305,0.45310795027444917,0.0,0.5121101235579922,0.4890356414887024,0.0,0.4255735691562688,0.4716463132269981,0.0,0.0,0.0,0.4624386142919981,0.0,0.4648848517276698,0.4402087686251446,0.47358824527624294,0.45565659893627825,0.43995561654778537,0.4761284189008108,0.47728287127302194,0.47035625964352507,0.0,0.4057729787357572,0.4149296250520176,0.4096756613739657,0.42879164381005025,0.514643484797992,0.0,0.0,0.0,0.4660376578725415,0.4392478258433846,0.4804014548445976,0.5139920047837412,0.0,0.0,0.0,0.36307275101094844,0.5054433043763588,0.0,0.0,0.0,0.4905314356805984,0.0,0.4210502879590235,0.0,0.0,0.0,0.0,0.0,0.0,0.5013531829980626,0.4794971611609363,0.0,0.0,0.0,0.4799038801021626,0.40609636450426995,0.5106811535980407,0.5027774863688507,0.0,0.0,0.5246692655530143,0.5115831204019451,0.5074292588251306,0.46430449005227425,0.0,0.4946678330569293
0.41681346329174174,0.4403283432906592,0.0,0.4331143304737627,0.44983753220298883,0.47888791409139336,0.4922980174239979,0.0,0.4594845311349453,0.438584600920672,0.0,0.5004283143598292,0.4980134888736093,0.0,0.43219068628411994,0.4384901517970679,0.42675643222031795,0.4503389670829301,0.0,0.4255946232450975,0.4648848517276698,0.0,0.4611898894539533,0.5071511942198025,0.4390770552677199,0.42837833636143885,0.4867691274456058,0.46652232658728,0.4527342908677501,0.4037229317516289,0.41008989182459177,0.44250803683909024,0.40374533490722614,0.43362927270505547,0.48244690862408385,0.5245992880312272,0.47897575399423953,0.0,0.4517111411666235,0.471455587997841,0.4765389303996649,0.5019904007721883,0.545798560434547,0.0,0.0,0.45913542105304284,0.48111316246458835,0.0,0.0,0.0,0.496544237415146,0.0,0.5019895372039553,0.0,0.0,0.0,0.0,0.0,0.0,0.518491253981145,0.46450579413215615,0.0,0.4742825577037619,0.0,0.48653592031436005,0.49880618857480646,0.49560391896330197,0.5092077843559301,0.0,0.4573316282658,0.5186211503032421,0.4969797402014688,0.5463999728163231,0.47287163176351116,0.0,0.4787926007545822
0.47680966379878437,0.47458884688619196,0.4212155450075201,0.44728951367342007,0.44473022658293226,0.48387023487903846,0.4876970571376061,0.410197924616363,0.5014049068535165,0.0,0.40619961080838485,0.5538174219352606,0.48180726862090556,0.4822196665591583,0.4070971884500324,0.46797834982498515,0.0,0.45056010318935147,0.4425724984867995,0.3578114055697642,0.4402087686251446,0.4611898894539533,0.0,0.4986832341353965,0.44836712865796136,0.47367584427473414,0.40160237451517583,0.47421367981398066,0.46418959990719616,0.4597930146555117,0.4708284429012755,0.43975474600960074,0.4004489417034798,0.46972849864230737,0.48681333957858125,0.4522125564634716,0.45996390488857086,0.5177690259106768,0.5358503509541125,0.4954128482250173,0.5813246966979744,0.5584263137487283,0.5333711864994464,0.0,0.0,0.0,0.0,0.5747720892428498,0.0,0.5734421098594286,0.5739597696456579,0.5802895454752768,0.5416960738812522,0.6225581192651508,0.0,0.5410858634723795,0.0,0.5706616505241342,0.5455498390857746,0.5185706856313951,0.0,0.0,0.0,0.5114871288667519,0.5204453271165738,0.5134968025168851,0.5110385984332424,0.5886652347562326,0.0,0.0,0.5187935158533518,0.5815307328769033,0.5642385830830541,0.5259268468529283,0.5632480342645583,0.5749332661038143
0.389743391283767,0.0,0.6541829229496013,0.0,0.5319679570689219,0.5545620283270088,0.4557054049233401,0.5083845858217323,0.5399688714344744,0.35269000682686863,0.5282029185506835,0.3119020264562397,0.46059688731871734,0.0,0.47232451184978264,0.0,0.40695838022571507,0.4016406651191749,0.6260472203437231,0.5482382267721738,0.47358824527624294,0.5071511942198025,0.4986832341353965,0.0,0.39739699509923715,0.39067718646417876,0.516888195615855,0.4267010384460489,0.5457858846762971,0.0,0.4116157052037014,0.3151845604023528,0.2544276193511616,0.2552549330660932,0.27995397455992627,0.37261570336741856,0.27340059491715835,0.23289651244388218,0.30310127590217445,0.34415356138311165,0.2682456549071587,0.0,0.32854129616352024,0.0,0.2889864128389753,0.4281346950045211,0.0,0.0,0.0,0.0,0.5687411156846112,0.0,0.0,0.0,0.4723593339128147,0.0,0.47447112726705154,0.0,0.0,0.0,0.0,0.5024088409904058,0.492159960733437,0.0,0.41317011299741596,0.0,0.0,0.43371858114928824,0.4468271808671901,0.49086926242697493,0.5008180419738592,0.36724684682275677,0.39658867758990535,0.0,0.0,0.45515135064620993
0.4292902354046902,0.4525911662728378,0.0,0.0,0.5067395040653007,0.4239518239565785,0.4358801835560689,0.4992970154599523,0.4449205450646458,0.3799365294017292,0.0,0.3760687209587908,0.44147098744466917,0.0,0.4408618905691073,0.4220826033853371,0.409967972173717,0.40085128236329454,0.0,0.4467674157663866,0.45565659893627825,0.4390770552677199,0.44836712865796136,0.39739699509923715,0.0,0.4108607659581848,0.4369865932833827,0.43772563135739145,0.4445780745900139,0.0,0.40021710600368515,0.411672874456762,0.3652268682907849,0.37508164723820536,0.38213928034597955,0.5195266982878292,0.0,0.3450129661957324,0.4738023191761887,0.4011380675068425,0.41596622835979913,0.4108575550064921,0.0,0.0,0.35353945683928334,0.47447905898947745,0.4899338111030597,0.0,0.0,0.0,0.0,0.0,0.0,0.0,0.46719422136585986,0.0,0.4828484532861345,0.5414787829930428,0.0,0.42784589015186464,0.4546510116857273,0.4652938275149438,0.44591715152639266,0.0,0.445382322034903,0.49747340849999827,0.4232186957879378,0.0,0.48278128297313394,0.47418800380050297,0.4921585257735463,0.0,0.0,0.47615724928154796,0.0,0.44485966471486016
0.40010305517845224,0.44926286446353103,0.0,0.0,0.0,0.4421668166499908,0.4436057771161312,0.49728162585275787,0.48720034936001366,0.38217605451944636,0.0,0.3591405872358129,0.4413965597730621,0.0,0.4176939994702535,0.4448546500856907,0.4156108550345714,0.4217275179089001,0.0,0.44512156755344534,0.43995561654778537,0.42837833636143885,0.47367584427473414,0.39067718646417876,0.4108607659581848,0.0,0.4823043721369213,0.4233201236753316,0.44154492743615154,0.0,0.3978394936372943,0.42143109256047484,0.39028002333507583,0.38954029050278544,0.4260173656885312,0.45052349143030546,0.4680835973316724,0.34676746137345643,0.4643001511182616,0.43764923827795266,0.4627046400491847,0.49601418265442476,0.0,0.0,0.41289274453369795,0.4755127827864057,0.5244900022357489,0.0,0.0,0.0,0.517150001302007,0.0,0.0,0.0,0.49225034665748035,0.0,0.4998462342541611,0.5562378888689348,0.0,0.5451377943833787,0.4891973998266674,0.49735328982680815,0.4730099379103379,0.0,0.49864759181899,0.5171926985602333,0.5190504146564812,0.5177957570004782,0.4892679460962055,0.4901595018311624,0.5143388848488594,0.5277670356822162,0.5161455085021117,0.4961224944969552,0.0,0.46886628354946086
0.47153621455240524,0.46634425048065903,0.3788078072631453,0.44509121293189097,0.46129527373371904,0.45605397727876107,0.48662378753881524,0.5036640010293619,0.42678086341316,0.5057142876433953,0.4501076057292542,0.5311631549336038,0.4886123979109183,0.5067790287076008,0.45525941186650243,0.473118437572114,0.6019474892134472,0.4296323344786052,0.44665414442596235,0.43515865269784876,0.4761284189008108,0.4867691274456058,0.40160237451517583,0.516888195615855,0.4369865932833827,0.4823043721369213,0.0,0.4735292703856283,0.4271886393716109,0.4431738083948275,0.4503248245656055,0.44537071257590904,0.4044482871317831,0.4635076028071443,0.48629616025811395,0.4846506550637114,0.4637602635992668,0.5280677796915633,0.5336042791848877,0.506663425310048,0.5515203580191521,0.5463488240319178,0.5290178266517753,0.0,0.0,0.0,0.5059104767712846,0.6095320648138856,0.0,0.5950029932292829,0.5751516662488362,0.5831799979479547,0.5615260173211933,0.6203117332932349,0.0,0.5808088060137884,0.0,0.5629281574370003,0.4568115898850992,0.5157409912773245,0.0,0.0,0.0,0.5954061424905782,0.5187433743189178,0.5200612430453602,0.5099776628239551,0.5837113365730096,0.0,0.0,0.5179805651230089,0.5744058848918182,0.5461381922832271,0.5187136490231614,0.574922979516125,0.565720645445248
0.0,0.43167918266820215,0.49281975715647364,0.2621463143576985,0.37161212065585336,0.4658401350565251,0.4103478393479077,0.4701800475022172,0.5028978172123149,0.45411367782684764,0.4954074124878235,0.39924057108105004,0.38496002441881655,0.26297465490777394,0.44082361680748344,0.4733046582895026,0.4525488405588618,0.44789185426019135,0.5113407984100081,0.4327304552204252,0.47728287127302194,0.46652232658728,0.47421367981398066,0.4267010384460489,0.43772563135739145,0.4233201236753316,0.4735292703856283,0.0,0.3905092281477121,0.32980587514362014,0.4083959976971458,0.40119207035130827,0.3919967449321324,0.39547768366758335,0.35135772930560366,0.29046872224302783,0.2623600026632656,0.3736523756527088,0.35863348009757257,0.3561349910245703,0.441998006266359,0.4664837861543131,0.5212765360766918,0.0,0.2868933372413536,0.0,0.6737609437421153,0.6801860377196742,0.0,0.0,0.5309665092489885,0.0,0.5072498150714999,0.7228216020758416,0.0,0.0,0.3971213393465993,0.0,0.0,0.5168731990097184,0.0,0.0,0.0,0.0,0.49264467179126337,0.529166808663282,0.5148185162338325,0.554293264959039,0.0,0.0,0.5367860615566395,0.5439736735156251,0.5321654586266135,0.5038607902382881,0.0,0.5251008138959042
0.4884306143874323,0.4525995769175102,0.0,0.47044948166336675,0.0,0.4075130259315496,0.4802731799633658,0.4507579054651016,0.4607488557161657,0.0,0.0,0.6071659278378048,0.45810848035104457,0.0,0.44644429970390914,0.49558490705615266,0.49331477610312846,0.46471137595485984,0.0,0.37174583482682516,0.47035625964352507,0.4527342908677501,0.46418959990719616,0.5457858846762971,0.4445780745900139,0.44154492743615154,0.4271886393716109,0.3905092281477121,0.0,0.368027851475424,0.39860806931641923,0.4247886944102192,0.37231542941368656,0.42389631296151375,0.47129290067033347,0.5141558534455761,0.490371914041012,0.5503621326674935,0.4983733235669896,0.4998940611682927,0.5266863153062907,0.5366004166846107,0.530228923111576,0.0,0.0,0.0,0.48689728403837473,0.6141942411166671,0.0,0.0,0.515434401104765,0.6349498472965514,0.5129584638811712,0.6731207460671268,0.0,0.0,0.0,0.5625179332349242,0.0,0.48144012472701436,0.0,0.0,0.0,0.6013134115409121,0.4970692448636389,0.5010217148812275,0.44722047261750286,0.5489712919337121,0.0,0.0,0.49647608011065036,0.5366537559738175,0.5298900536722561,0.5017443716345388,0.5580486876659976,0.5250764355801985
0.0,0.420889657720015,0.0,0.0,0.0,0.46301882702095265,0.42906765774010036,0.44983400226075915,0.5126568045396283,0.0,0.0,0.0,0.4102417858635468,0.0,0.39690342535133066,0.44224803908178967,0.8081268816414855,0.0,0.0,0.3754321522534398,0.0,0.4037229317516289,0.4597930146555117,0.0,0.0,0.0,0.4431738083948275,0.32980587514362014,0.368027851475424,0.0,0.36190172889541816,0.4040315174946701,0.0,0.3734707389816234,0.4297942903377335,0.0,0.0,0.0,0.0,0.0,0.0,0.0,0.0,0.0,0.0,0.0,0.0,0.0,0.0,0.0,0.0,0.0,0.0,0.0,0.0,0.0,0.0,0.0,0.0,0.0,0.0,0.0,0.0,0.0,0.0,0.0,0.0,0.5486331480660704,0.0,0.0,0.0,0.5444104332962554,0.0,0.0,0.0,0.0
0.41899962126408963,0.3857549061417372,0.5095678080004125,0.25000702563660215,0.5248672133622381,0.4719919920133836,0.4730665137946076,0.48801443597047967,0.5382720409130103,0.39623775585734083,0.5597779793298755,0.39632801694318087,0.44405853013315155,0.0,0.43110534187636607,0.4160107058884696,0.40342881715451173,0.4168086638718357,0.5145205918131549,0.40848958419836834,0.4057729787357572,0.41008989182459177,0.4708284429012755,0.4116157052037014,0.40021710600368515,0.3978394936372943,0.4503248245656055,0.4083959976971458,0.39860806931641923,0.36190172889541816,0.0,0.4076426014551456,0.34022882812044186,0.2940854261089373,0.24015019266234328,0.5015683065483142,0.3150474888194782,0.2996391563779473,0.42367569005374867,0.3653136917773997,0.42905195985759953,0.0,0.558134840586183,0.0,0.0,0.4340642068307883,0.476893204507483,0.0,0.0,0.0,0.5783060752570641,0.0,0.5351257811672326,0.8121458861985356,0.47449670876925826,0.0,0.4841926804605526,0.0,0.0,0.49775940648390554,0.45215000244770454,0.0,0.4474058997152617,0.0,0.46981001654343807,0.43082897394078884,0.46046430845056074,0.583007347145519,0.44702666906028465,0.4643023811449799,0.49858893407442406,0.5505637099414491,0.0,0.0,0.0,0.4776032963776471
0.4189242989193556,0.4160842320753279,0.46277838769048735,0.28228075946653935,0.33995657472138113,0.4467675523283595,0.4097147551677442,0.36040121750322834,0.46679216828599945,0.42076278430523517,0.425223466441021,0.2784491347836714,0.42727963295764276,0.27999820380356405,0.445695149460553,0.4653067233410605,0.44038583389922137,0.4366229006021854,0.44933851328841096,0.4403966744532896,0.4149296250520176,0.44250803683909024,0.43975474600960074,0.3151845604023528,0.411672874456762,0.42143109256047484,0.44537071257590904,0.40119207035130827,0.4247886944102192,0.4040315174946701,0.4076426014551456,0.0,0.34943263412081316,0.37153214386874317,0.37827375726754775,0.2985288581121709,0.3329565555617808,0.2463330801927126,0.26900422594060147,0.28543423632218196,0.2974319654650105,0.31059074884159177,0.37565745711682136,0.2789333888679816,0.29228882997087735,0.44360855400174304,0.4771721495377409,0.5654508293850916,0.0,0.0,0.5228685290904186,0.5178567561507239,0.5302421931598722,0.5798008639679957,0.43123866158601004,0.4934708538143918,0.28003758392752676,0.46545457149808694,0.0,0.4815462727372514,0.4561926302588954,0.43669881994140963,0.4152508823994599,0.5710211031944443,0.45431514474915624,0.43041385574837754,0.4660235571114291,0.5505638421410562,0.24629896862615502,0.4442584205678471,0.48279174630412847,0.5395727625675781,0.419943419870435,0.46184346163915413,0.0,0.42750649973929833
0.37646224678417983,0.3869659767131352,0.486991199733708,0.33114017830688386,0.36201347805991213,0.4171045920404671,0.42053696180802225,0.4099052751456738,0.43761054347909817,0.33727285799970597,0.5346088283883839,0.2965288640842884,0.42882377979646735,0.24585634040382187,0.42083289408651486,0.4121546124970915,0.39015406647434675,0.4038329361320671,0.4951482713559092,0.39946383598712104,0.4096756613739657,0.40374533490722614,0.4004489417034798,0.2544276193511616,0.3652268682907849,0.39028002333507583,0.4044482871317831,0.3919967449321324,0.37231542941368656,0.0,0.34022882812044186,0.34943263412081316,0.0,0.2525969676031263,0.38265031742886096,0.4288354265230069,0.2747417873780547,0.19616743243750123,0.2673883545665607,0.22955283959440573,0.2513825844644739,0.3496422273045065,0.0,0.0,0.24019659251044245,0.4410697577008728,0.4723047606892233,0.0,0.0,0.0,0.0,0.0,0.0,0.0,0.40192388351535924,0.0,0.42488748278003013,0.47285646195129644,0.0,0.501781376658287,0.44774161182647226,0.4452257784481872,0.4297674883722531,0.0,0.0,0.0,0.4698402433560723,0.49152428468618153,0.39479551196656865,0.44521002303120316,0.46581226265293163,0.4663137601913458,0.38594617085602917,0.0,0.0,0.35856627004491803
0.0,0.38298741163076344,0.49805181843502006,0.3083039478192681,0.503966111019667,0.48149674647170826,0.44132116859795617,0.49639543064684455,0.511260685953877,0.3481421798720592,0.5123173631234894,0.2567159566085736,0.44631559709815,0.44596447686001717,0.4412254442219322,0.41442361965613717,0.39490424343420943,0.40547599461861994,0.49828674500677284,0.43299850100718945,0.42879164381005025,0.43362927270505547,0.46972849864230737,0.2552549330660932,0.37508164723820536,0.38954029050278544,0.4635076028071443,0.39547768366758335,0.42389631296151375,0.3734707389816234,0.2940854261089373,0.37153214386874317,0.2525969676031263,0.0,0.2829207839936769,0.440075759198147,0.2943760289050905,0.24589580166819577,0.33100019447253765,0.29285946486606335,0.37131260819176337,0.41099071322458325,0.44709050246479876,0.4218944787245942,0.33304031355388514,0.426143574036448,0.465440350889698,0.7579898399289958,0.0,0.7784018331337277,0.5382974788736173,0.5869913385083964,0.5202059877105659,0.7548502968946942,0.42522070537827406,0.6338472050662406,0.38575668680379493,0.5055689396624607,0.0,0.48416560370538136,0.45137791393557325,0.4643127212788086,0.43456417651653273,0.0,0.4630910046154741,0.4563247469072313,0.47182226357133106,0.5793137622245007,0.3923696733556785,0.45548040126883177,0.48835036515004815,0.5709466594613746,0.42255534182809124,0.49017233416839523,0.0,0.0
0.0,0.42736715503030775,0.5100337782571235,0.3031329804477775,0.4667417284786509,0.5128191074295672,0.47568988850133026,0.4912785648859751,0.5013697443432521,0.35175264681791396,0.5131837796829537,0.31030496520360473,0.47272989144165,0.0,0.48373762762311195,0.4527403061974684,0.3886660893454188,0.40042538617479756,0.5000989507774886,0.47637235091736946,0.514643484797992,0.48244690862408385,0.48681333957858125,0.27995397455992627,0.38213928034597955,0.4260173656885312,0.48629616025811395,0.35135772930560366,0.47129290067033347,0.4297942903377335,0.24015019266234328,0.37827375726754775,0.38265031742886096,0.2829207839936769,0.0,0.43351677001282807,0.35149054560993215,0.2817857972561827,0.3217081044267073,0.2833372783094495,0.3709065383792958,0.36855649248416344,0.38939304559036503,0.35444827758069725,0.33123805188138006,0.380853730023684,0.48852784094113333,0.0,0.0,0.5784055932816325,0.6268243875815189,0.5789866094314724,0.5420228020762687,0.0,0.420155941361843,0.6265450337701902,0.3409831998946131,0.5228837809095428,0.0,0.5134979373568537,0.5149327731715505,0.0,0.0,0.0,0.49759534085456075,0.491563103528614,0.48718302715880973,0.5798128074921626,0.2623670747253626,0.4561598396847502,0.4933577742329498,0.5633698972362124,0.44053551206734265,0.5518075306949473,0.0,0.5166964036460414
0.0,0.0,0.46627068513760417,0.21430216038675737,0.21455101602087615,0.49837610787073,0.3057244351209011,0.3124993907977623,0.4697430649334302,0.453615106148416,0.3349402995227879,0.3454506891585006,0.36459042704822436,0.22337874133802169,0.481856317752554,0.48862780804343664,0.4629104884546987,0.0,0.4503274178581365,0.5153588522857211,0.0,0.5245992880312272,0.4522125564634716,0.37261570336741856,0.5195266982878292,0.45052349143030546,0.4846506550637114,0.29046872224302783,0.5141558534455761,0.0,0.5015683065483142,0.2985288581121709,0.4288354265230069,0.440075759198147,0.43351677001282807,0.0,0.2429037085646904,0.33517098991615285,0.31881569752371414,0.2622285173700152,0.39907067267374174,0.3130291472006443,0.40845868334285174,0.3868232835498177,0.30963271860008673,0.0,0.0,0.5230728883378436,0.0,0.440668822157704,0.48468233743217914,0.5210737324249697,0.4860955046023524,0.526931759795825,0.0,0.45490150188123035,0.3059798664873351,0.5357235283240958,0.0,0.49950482794265705,0.0,0.0,0.0,0.4781438793913708,0.4897150856464587,0.0,0.4375441613832193,0.53409578454595,0.0,0.0,0.0,0.516776560846534,0.5083581157401451,0.5119971460461199,0.0,0.5679946300274492
0.0,0.0,0.48531268336922834,0.19653118101564532,0.2241238686329118,0.46854342848070857,0.30989332666315184,0.37434451942175984,0.46772004221498814,0.3964795381367223,0.44830894587127723,0.31055995860703245,0.3530347753053293,0.1824484097925615,0.0,0.0,0.0,0.0,0.4769147873534818,0.47091567089305486,0.0,0.47897575399423953,0.45996390488857086,0.27340059491715835,0.0,0.4680835973316724,0.4637602635992668,0.2623600026632656,0.490371914041012,0.0,0.3150474888194782,0.3329565555617808,0.2747417873780547,0.2943760289050905,0.35149054560993215,0.2429037085646904,0.0,0.29280939487140795,0.22573633184343952,0.24501406128047937,0.33139008041976653,0.3823443572070101,0.0,0.0,0.2756714025697269,0.0,0.0,0.0,0.0,0.0,0.0,0.0,0.0,0.0,0.0,0.0,0.3167162653968155,0.6111117562175862,0.0,0.0,0.0,0.0,0.0,0.0,0.0,0.0,0.0,0.0,0.0,0.0,0.0,0.5687365562329301,0.0,0.0,0.0,0.0
0.43823032465442857,0.0,0.0,0.3525308013157241,0.4496941674689552,0.5058498342509525,0.4181513447883304,0.0,0.4835387867604099,0.2985468295917225,0.48814060478953863,0.2176763487160706,0.41741987719790913,0.0,0.0,0.0,0.35823605602689396,0.0,0.46085752184348283,0.0,0.0,0.0,0.5177690259106768,0.23289651244388218,0.3450129661957324,0.34676746137345643,0.5280677796915633,0.3736523756527088,0.5503621326674935,0.0,0.2996391563779473,0.2463330801927126,0.19616743243750123,0.24589580166819577,0.2817857972561827,0.33517098991615285,0.29280939487140795,0.0,0.24423252653300884,0.23042572812998133,0.2954604759065438,0.31875828633262526,0.4232627002555182,0.0,0.25492473239867947,0.0,0.0,0.0,0.0,0.5099880163755299,0.0,0.41698080863017306,0.0,0.5309435509223791,0.3810658735460922,0.0,0.33059795904163397,0.41677036837009995,0.0,0.0,0.0,0.0,0.0,0.0,0.0,0.0,0.0,0.0,0.32772458620317013,0.0,0.4227323355526047,0.0,0.35628230211917866,0.0,0.0,0.3250478914172251
