0.0,0.4743597352996347,0.6637621196871248,0.0,0.0,0.48545618115679656,0.0,0.5202180720546834,0.0,0.0,0.0,0.39568248204133166,0.0,0.49965701487451686,0.39979330074732256,0.44021185165148574,0.0,0.4133792895288637,0.0,0.44291769881917087,0.4151014993670688,0.5012039775731595,0.4819378548223851,0.4121920368944171,0.420629501676864,0.39206751084894265,0.4671817191505136,0.0,0.0,0.0,0.41543529687934905,0.4416434113241518,0.41085556186020117,0.39030622665117515,0.0,0.0,0.0,0.0,0.4772320718750258,0.4763865472008262,0.4412563541516524,0.38363306681931403,0.0,0.0,0.0,0.42080185530354114,0.5081108070021361,0.0,0.0,0.0,0.0,0.0,0.0,0.0,0.5387039235533851,0.0,0.0,0.0,0.0,0.4282712133107676,0.505767881457859,0.0,0.4831526460205861,0.0,0.0,0.32864802445451086,0.5199504374892143,0.40788169842922717,0.39344380492266434,0.4896420386120785,0.49861859394930585,0.0,0.0,0.0,0.0,0.0
0.4743597352996347,0.0,0.5569624385640841,0.0,0.44247055965526044,0.43931003596003715,0.4515131130109238,0.0,0.43522613983617836,0.0,0.0,0.0,0.4625193330553226,0.0,0.43305749894989853,0.4299484358339247,0.47131721232809143,0.42415661654231873,0.6950994444446117,0.44078825950214945,0.4783767332930239,0.4190378964536013,0.4668345622876765,0.0,0.41187532724370524,0.4199561198605515,0.4460873802859487,0.4735689718025074,0.4473709086458327,0.46706204695297016,0.3980345823705863,0.432702834916809,0.38840069957104406,0.381823127327678,0.44148168318158254,0.0,0.0,0.0,0.4890421533478109,0.47235671560477877,0.5166079656652381,0.5021985569979647,0.0,0.0,0.0,0.5068565906935428,0.5304683569996054,0.0,0.0,0.0,0.0,0.0,0.0,0.0,0.0,0.0,0.0,0.0,0.0,0.5040755384052733,0.505065963765376,0.0,0.4946164662016059,0.0,0.4836809408420535,0.5097459256180943,0.5113866436102457,0.5254150819824469,0.0,0.500295946979052,0.5296023381904033,0.5066302400148546,0.0,0.500340271996492,0.0,0.47479475691141765
0.6637621196871248,0.5569624385640841,0.0,0.49036390468089636,0.4023766970753383,0.4329372265555383,0.4557796041973865,0.46579214177658057,0.3531440668411411,0.5314675434259264,0.34661788666696924,0.0,0.46777669057399834,0.4370747650891135,0.7632960181497497,0.0,0.0,0.0,0.26766196930789604,0.0,0.567639840345839,0.49856930101472796,0.34421771731814327,1.1204084602891933,0.0,0.7272629896889458,0.3699868212244442,0.4780009575535432,0.4943979838200825,0.5131283652233881,0.4916237830622868,0.4605259848622422,0.569031690900991,0.4854916883041019,0.49013422224775877,0.4300249125473477,0.46770718764427943,0.0,0.5762921474353903,0.0,0.0,0.0,0.5348347295654233,0.0,0.0,0.0,0.0,0.44665652851133736,0.0,0.0,0.5643128594147604,0.0,0.5775225516034719,0.5804266678295056,0.0,0.4438198799618183,0.0,0.0,0.0,0.0,0.0,0.0,0.0,0.22903952810298236,0.0,0.0,0.0,0.5796587634900354,0.0,0.0,0.0,0.5698378714632841,0.0,0.0,0.0,0.0
0.0,0.0,0.49036390468089636,0.0,0.3139233636285498,0.4226534828099783,0.34164897160280894,0.4127094090740024,0.44075751442949435,0.4884219428922979,0.4153956208844921,0.0,0.3758825958884282,0.2820898465272598,0.0,0.0,0.0,0.0,0.4487841999833087,0.0,0.0,0.0,0.4219717670581491,0.0,0.0,0.0,0.4338451007695063,0.28046071007888035,0.48433209429493984,0.37904263928606863,0.0,0.2989459153804092,0.0,0.2918189157431578,0.30395218292738646,0.2098350926592086,0.18931767525322404,0.0,0.0,0.0,0.0,0.0,0.0,0.0,0.0,0.0,0.0,0.0,0.0,0.0,0.0,0.0,0.0,0.0,0.0,0.0,0.0,0.0,0.0,0.0,0.0,0.0,0.0,0.0,0.0,0.0,0.0,0.0,0.0,0.0,0.0,0.0,0.0,0.0,0.0,0.0
0.0,0.44247055965526044,0.4023766970753383,0.3139233636285498,0.0,0.4055907605533507,0.3652721041966431,0.4283248187558398,0.3797603139828755,0.4762364955487748,0.3574857132381181,0.5043316546057071,0.41587853375783745,0.31489275817220264,0.0,0.49087984826784326,0.0,0.0,0.4080673729428297,0.4282899184952734,0.0,0.4459655290353708,0.4067213001235384,0.0,0.0,0.0,0.4068948090610991,0.4116199310470074,0.4383935489103869,0.4048487333201841,0.4933484451288428,0.44640512535428806,0.43933753915327906,0.46271846298849806,0.4486351404434039,0.26467400760037135,0.28448447315612896,0.0,0.0,0.0,0.0,0.0,0.0,0.0,0.0,0.0,0.0,0.0,0.0,0.0,0.0,0.0,0.0,0.0,0.0,0.0,0.0,0.0,0.0,0.0,0.0,0.0,0.0,0.0,0.0,0.0,0.0,0.5374579655975756,0.0,0.0,0.0,0.0,0.0,0.0,0.0,0.0
0.48545618115679656,0.43931003596003715,0.4329372265555383,0.4226534828099783,0.4055907605533507,0.0,0.43060402758545935,0.4527620436343089,0.3592436252056649,0.4707847144512705,0.3955801093419733,0.49710543382304456,0.4187306300138284,0.43165328485048854,0.45058999939530675,0.45253304478934897,0.0,0.43501925789672524,0.410691931098233,0.4560334486095488,0.45768038760832,0.4587720003227597,0.4363491586081605,0.0,0.41248765749948196,0.4507714158105068,0.40254326213935887,0.40960764473576056,0.381558765860748,0.44299437738556013,0.46137837945337323,0.43070193358131525,0.39762479221238556,0.4573775141483874,0.4803378417678765,0.4491705518575,0.4480022450148575,0.0,0.5200302649123868,0.0,0.5339520993330638,0.5875352661621844,0.4995526984488932,0.0,0.0,0.0,0.0,0.5623605911900369,0.0,0.0,0.5323947365786195,0.5594897849290975,0.517768101942855,0.57616727727367,0.0,0.5471918933444759,0.0,0.5415398102169038,0.5812438448314279,0.5320483549262145,0.0,0.0,0.0,0.5721662010420335,0.5178215932149122,0.5383204360666914,0.0,0.5413410165845782,0.0,0.0,0.0,0.5331018484114203,0.5264023568151717,0.5080957574369556,0.563381255565341,0.5364075210440881
0.0,0.4515131130109238,0.4557796041973865,0.34164897160280894,0.3652721041966431,0.43060402758545935,0.0,0.474914804587291,0.4392844368139361,0.4574415678061362,0.47922660185843297,0.4640511995734393,0.37509514492324963,0.3976323482565704,0.0,0.47528568293751483,0.0,0.4761318428552671,0.47597564235774015,0.46133336576368045,0.0,0.47866866545315406,0.45602854033895174,0.0,0.43679918048649236,0.44864197050122534,0.45069457763901943,0.4083806799545191,0.4512982276034107,0.4361449509571206,0.4679530459776081,0.420005744886479,0.42865453268813425,0.4352227702651336,0.4449984419757841,0.35284629085643066,0.3574072879987804,0.0,0.0,0.0,0.0,0.0,0.5463304857987475,0.0,0.0,0.0,0.0,0.0,0.0,0.0,0.5763725285747283,0.0,0.0,0.0,0.0,0.0,0.0,0.0,0.0,0.0,0.0,0.0,0.0,0.0,0.0,0.0,0.0,0.5481769940775365,0.0,0.0,0.0,0.5433351597620006,0.0,0.0,0.0,0.0
0.5202180720546834,0.0,0.46579214177658057,0.4127094090740024,0.4283248187558398,0.4527620436343089,0.474914804587291,0.0,0.5052198751554365,0.0,0.32930081974032493,0.6033277343774673,0.47305696122304147,0.3670081593096106,0.3832196421187083,0.0,0.0,0.0,0.44621497254555126,0.0,0.42780768409770525,0.0,0.38912558816595,0.5532295902041999,0.5337971989858177,0.5201218119614495,0.4732588085697368,0.4582633330919237,0.4563862004914079,0.4463263450559413,0.4903771672029467,0.21365955558643962,0.0,0.4921928352014584,0.0,0.2828022117087278,0.3430176945283993,0.0,0.5075999812138771,0.0,0.5407436337723913,0.0,0.4758532897458961,0.0,0.0,0.0,0.0,0.5694218525868754,0.0,0.5348027062558892,0.5235200290592996,0.5375217772385563,0.464762831714438,0.5776094363978532,0.0,0.5104815548884265,0.0,0.5258848746678918,0.4560597906172248,0.0,0.0,0.0,0.0,0.5461744050481788,0.5060503492785504,0.0,0.0,0.5266495184959127,0.0,0.0,0.0,0.5407859527886492,0.5145755616688662,0.4889094817697398,0.0,0.5340879892239244
0.0,0.43522613983617836,0.3531440668411411,0.44075751442949435,0.3797603139828755,0.3592436252056649,0.4392844368139361,0.5052198751554365,0.0,0.49482339218152804,0.35478248307957,0.49353608080375677,0.408382526857766,0.45426732644145046,0.0,0.4576799761295865,0.0,0.0,0.30959495113625035,0.4440303469906775,0.0,0.44898118063144093,0.4305985449112969,0.0,0.45385794012272407,0.48772077231839917,0.38109459125987666,0.4795942420452816,0.4376712662798209,0.4797542458442067,0.5168268135267612,0.4636017856660011,0.4476211039211185,0.4924247188802223,0.4755318274847863,0.4514025563152039,0.47004123975570705,0.48161777028739206,0.5515503170476639,0.0,0.0,0.0,0.5305800245103466,0.0,0.0,0.0,0.0,0.5738607298810137,0.0,0.0,0.5619906666489289,0.0,0.5881807069899885,0.0,0.0,0.5456229005276264,0.0,0.0,0.0,0.0,0.0,0.0,0.0,0.5730816695200956,0.0,0.0,0.0,0.5823054876702134,0.0,0.0,0.0,0.5648624223562144,0.0,0.0,0.0,0.0
0.0,0.0,0.5314675434259264,0.4884219428922979,0.4762364955487748,0.4707847144512705,0.4574415678061362,0.0,0.49482339218152804,0.0,0.5124340363427228,0.32577627238213797,0.46766318092961456,0.0,0.0,0.420769446106783,0.3697082353171113,0.377557072344633,0.5107145795200272,0.5274774771255536,0.0,0.4623150761865264,0.4955596420259263,0.3324162458393766,0.36447601189042544,0.3758937905247453,0.4967685527910177,0.4235466794467431,0.5411114469763909,0.0,0.3776835440682637,0.35312747441239045,0.3341066046025013,0.33095356905615003,0.31521057533930535,0.4016742004929299,0.34338792590406864,0.2758294344957446,0.29050632143580474,0.39045761469481766,0.40373453753115396,0.0,0.0,0.0,0.3815848330324839,0.5185919069360905,0.0,0.0,0.0,0.0,0.0,0.0,0.0,0.0,0.4869201049046935,0.0,0.50244616496001,0.4999912646427491,0.0,0.0,0.0,0.46639928515311707,0.45360452218719716,0.0,0.0,0.0,0.0,0.0,0.4556794572137155,0.475556534594322,0.49584244767338587,0.0,0.46353942274155313,0.0,0.0,0.4828545248576166
0.0,0.0,0.34661788666696924,0.4153956208844921,0.3574857132381181,0.3955801093419733,0.47922660185843297,0.32930081974032493,0.35478248307957,0.5124340363427228,0.0,0.4918952738672379,0.48579531857838715,0.3449062145539169,0.0,0.0,0.0,0.0,0.27486889156126504,0.0,0.0,0.0,0.3303310590364867,0.0,0.0,0.0,0.4046003757947917,0.48787288270832513,0.0,0.0,0.5395890241892041,0.42080284050089267,0.5201776754574965,0.4933070008567868,0.48093603723504075,0.3356341542419528,0.46096452404539096,0.48301054469846083,0.4623518120635594,0.0,0.79284231089782,0.0,0.4554145883777704,0.0,0.0,0.0,0.0,0.3937540425732006,0.0,0.47231011801208167,0.49630985127609545,0.5314922187797142,0.48571248154569,0.416282486856557,0.0,0.23379818518658085,0.0,0.5536120220965489,0.38969720287432524,0.0,0.0,0.0,0.0,0.15467546180265915,0.0,0.0,0.0,0.5152914165729089,0.0,0.0,0.0,0.5008155129527593,0.5713271084411837,0.0,0.0,0.8852883612640878
0.39568248204133166,0.0,0.0,0.0,0.5043316546057071,0.49710543382304456,0.4640511995734393,0.6033277343774673,0.49353608080375677,0.32577627238213797,0.4918952738672379,0.0,0.4361322273933987,0.0,0.0,0.0,0.3833598370834089,0.39337165927474327,0.0,0.0,0.5242488066229669,0.6317152483614475,0.5807418590916117,0.3347469149228294,0.38085918533643304,0.35740126244726994,0.0,0.37819007931864823,0.0,0.0,0.38539519681532597,0.28415479202326294,0.31278699380044406,0.27278973898311076,0.3055790533933953,0.32688110372527795,0.31697238684342993,0.2557208875961791,0.26234140251110044,0.3393399156170406,0.2983195231557244,0.27814633315935255,0.301994421566563,0.31761304619247066,0.283844967768451,0.602676724664506,0.0,0.0,0.0,0.0,0.0,0.5746958641182464,0.0,0.0,0.5034064168122988,0.6367565766724184,0.4904060944224439,0.4728181754570452,0.0,0.0,0.0,0.47618240395841505,0.4754065226928854,0.0,0.0,0.0,0.0,0.0,0.4309023122631325,0.49200427934588004,0.4989252234371033,0.0,0.4129723558946678,0.0,0.0,0.4412068916326079
0.0,0.4625193330553226,0.46777669057399834,0.3758825958884282,0.41587853375783745,0.4187306300138284,0.37509514492324963,0.47305696122304147,0.408382526857766,0.46766318092961456,0.48579531857838715,0.4361322273933987,0.0,0.4088231674291022,0.43079917148429947,0.48845115331506905,0.4718906371770838,0.4637502583735337,0.48600112023451303,0.46434419545298644,0.47481466942390016,0.4851885583631287,0.4634000312662226,0.47946203921288105,0.4419823501443099,0.4568539637966666,0.4612562297996675,0.3880990728905212,0.43273090869795183,0.4470390928634563,0.4534291018493236,0.4293324710536642,0.42039555512792215,0.44501799385407165,0.4538224340126496,0.3979296846518403,0.40018595311562244,0.4189145992534238,0.5115972636654577,0.0,0.0,0.0,0.5254696901345041,0.0,0.0,0.0,0.0,0.6049365963261595,0.0,0.0,0.5360313929148106,0.0,0.5287098441178405,0.0,0.0,0.0,0.0,0.0,0.0,0.0,0.0,0.0,0.0,0.0,0.0,0.0,0.0,0.5462415264009183,0.0,0.0,0.0,0.5292624760002744,0.0,0.5395936621999426,0.0,0.0
0.49965701487451686,0.0,0.4370747650891135,0.2820898465272598,0.31489275817220264,0.43165328485048854,0.3976323482565704,0.3670081593096106,0.45426732644145046,0.0,0.3449062145539169,0.0,0.4088231674291022,0.0,0.0,0.0,0.0,0.0,0.3731488582965848,0.0,0.4644228886286762,0.0,0.3919452303946565,0.0,0.0,0.0,0.4533163339534743,0.24906073690871264,0.0,0.0,0.3928938420998988,0.2988961604308599,0.0,0.28963659732630553,0.0,0.2535911283560364,0.19862499974480358,0.0,0.0,0.0,0.0,0.0,0.4553079147812221,0.0,0.0,0.0,0.0,0.0,0.0,0.0,0.0,0.0,0.0,0.0,0.0,0.0,0.0,0.0,0.0,0.0,0.0,0.0,0.0,0.0,0.0,0.0,0.0,0.5391140924121015,0.0,0.0,0.0,0.5357082018485679,0.0,0.0,0.0,0.0
0.39979330074732256,0.43305749894989853,0.7632960181497497,0.0,0.0,0.45058999939530675,0.0,0.3832196421187083,0.0,0.0,0.0,0.0,0.43079917148429947,0.0,0.0,0.47546740303955776,0.6032202360051312,0.4414673363528775,0.0,0.3580112690850166,0.4000187074780658,0.3817522266225533,0.41796235195373965,0.5354508256544099,0.41430515813023855,0.4027727797241887,0.4510945951125746,0.4181931402981047,0.43157282291416094,0.0,0.4471915854077389,0.4355123285853528,0.4286285657629104,0.4504157024180043,0.4781723663390028,0.48579506113958143,0.0,0.0,0.48830332315148556,0.5221600664010151,0.5075370779990543,0.5263970027685038,0.4317890698200551,0.0,0.0,0.0,0.511235784576496,0.0,0.0,0.0,0.5244454124817269,0.0,0.47635089287177934,0.0,0.0,0.0,0.0,0.0,0.0,0.5155857359192096,0.5202913363858037,0.0,0.0,0.0,0.49228325351271957,0.494188979461734,0.5240215571040037,0.5132472002357873,0.0,0.5698829035611332,0.5422891012659709,0.5108058602534853,0.527773233085513,0.49063033233523595,0.0,0.5069958054519834
0.44021185165148574,0.4299484358339247,0.0,0.0,0.49087984826784326,0.45253304478934897,0.47528568293751483,0.0,0.4576799761295865,0.420769446106783,0.0,0.0,0.48845115331506905,0.0,0.47546740303955776,0.0,0.40115653358265685,0.3730614475534606,0.0,0.43197991437498456,0.4818140339412774,0.416287491153075,0.4901902608897526,0.0,0.41745760153050476,0.44205444507806285,0.4541278713395086,0.47062201747491567,0.4600285277761718,0.4640016204881525,0.41236151348985856,0.4444178285222365,0.40618875388837533,0.4047401023981574,0.45770359214431,0.0,0.0,0.0,0.4252634885786269,0.4150534367713132,0.4249769944821433,0.0,0.0,0.0,0.0,0.4914169834285309,0.47570804630181274,0.0,0.0,0.0,0.0,0.0,0.0,0.0,0.0,0.0,0.0,0.0,0.0,0.0,0.4642155838761303,0.0,0.4501752246991516,0.0,0.0,0.0,0.4583546724889563,0.0,0.0,0.46766696959619286,0.49183082776386977,0.0,0.0,0.0,0.0,0.0
0.0,0.47131721232809143,0.0,0.0,0.0,0.0,0.0,0.0,0.0,0.3697082353171113,0.0,0.3833598370834089,0.4718906371770838,0.0,0.6032202360051312,0.40115653358265685,0.0,0.36642136882816284,0.0,0.4548243688943843,0.0,0.42560112312230247,0.0,0.39103640256426386,0.37443269307467114,0.3867740088998255,0.0,0.44014113858488596,0.507959721092532,0.0,0.38173930583017995,0.4249380626095542,0.38584363313312986,0.38780931570232147,0.38385773784090976,0.0,0.0,0.35300090638062287,0.0,0.3872897516321688,0.0,0.0,0.0,0.0,0.0,0.0,0.0,0.0,0.0,0.0,0.0,0.0,0.0,0.0,0.4982536690163075,0.0,0.4989652319566107,0.0,0.0,0.0,0.0,0.45466698478014556,0.4594017344376674,0.0,0.0,0.0,0.0,0.0,0.0,0.4925398158020248,0.49199222219557065,0.0,0.0,0.0,0.0,0.0
0.4133792895288637,0.42415661654231873,0.0,0.0,0.0,0.43501925789672524,0.4761318428552671,0.0,0.0,0.377557072344633,0.0,0.39337165927474327,0.4637502583735337,0.0,0.4414673363528775,0.3730614475534606,0.36642136882816284,0.0,0.0,0.43107353136901905,0.4584109972895781,0.4295570215088436,0.46747167447869165,0.3821147163190707,0.3693785095472494,0.40039983085511127,0.43504156702961455,0.45188054343755185,0.4411921962255045,0.5020084913547519,0.39712065109619343,0.43154971520518987,0.3891907984127631,0.39263250697805996,0.4042986639075356,0.0,0.0,0.0,0.4400452903269027,0.37563140038357373,0.4486669069133782,0.0,0.0,0.0,0.0,0.4675368316409259,0.43675539347165726,0.0,0.0,0.0,0.0,0.0,0.0,0.0,0.45117492114481494,0.0,0.47600360394873076,0.0,0.0,0.0,0.44661811060668366,0.45458778387517246,0.4565461307213456,0.0,0.0,0.0,0.0,0.0,0.4857374608665194,0.4575067218404448,0.4824973645175489,0.0,0.0,0.0,0.0,0.42941677133866196
0.0,0.6950994444446117,0.26766196930789604,0.4487841999833087,0.4080673729428297,0.410691931098233,0.47597564235774015,0.44621497254555126,0.30959495113625035,0.5107145795200272,0.27486889156126504,0.0,0.48600112023451303,0.3731488582965848,0.0,0.0,0.0,0.0,0.0,0.0,0.0,0.0,0.28499651847778107,0.0,0.0,0.0,0.3824185934948151,0.4984756014864858,0.0,0.0,0.5102809320435677,0.4283713958528605,0.0,0.4863431362840281,0.4782835698015764,0.3838974707344028,0.4744727956917918,0.0,0.5358632348611178,0.0,0.0,0.0,0.5075906826325857,0.0,0.0,0.0,0.0,0.537558810117669,0.0,0.0,0.5411339062222583,0.0,0.561350264733202,0.560515895453722,0.0,0.48132251171245216,0.0,0.0,0.5048098235837503,0.0,0.0,0.0,0.0,0.5453795962474606,0.0,0.0,0.0,0.5652350868893015,0.0,0.0,0.0,0.5477688594409248,0.0,0.0,0.0,0.0
0.44291769881917087,0.44078825950214945,0.0,0.0,0.4282899184952734,0.4560334486095488,0.46133336576368045,0.0,0.4440303469906775,0.5274774771255536,0.0,0.0,0.46434419545298644,0.0,0.3580112690850166,0.43197991437498456,0.4548243688943843,0.43107353136901905,0.0,0.0,0.45408748426232887,0.3689269486356907,0.333945318490321,0.0,0.41181810986184875,0.43846155764976064,0.3980133971961928,0.42102861293933713,0.370995555682442,0.34899909277043767,0.4023167178705089,0.4341727501562729,0.4191334981041912,0.43564890666264383,0.46864066635448703,0.5164018221398019,0.45181915886836244,0.0,0.44999001413353673,0.0,0.5010319492536253,0.518548116588614,0.0,0.0,0.0,0.0,0.4949088624635004,0.0,0.0,0.0,0.0,0.0,0.5781883092401147,0.0,0.0,0.0,0.0,0.0,0.0,0.4990418560006349,0.0,0.0,0.0,0.0,0.4885094936894744,0.48315736557018496,0.49441539279070684,0.5206711108622001,0.0,0.0,0.49895649547510895,0.5118946184354324,0.5237697507217045,0.487891217262265,0.0,0.5212043325419902
0.4151014993670688,0.4783767332930239,0.567639840345839,0.0,0.0,0.45768038760832,0.0,0.42780768409770525,0.0,0.0,0.0,0.5242488066229669,0.47481466942390016,0.4644228886286762,0.4000187074780658,0.4818140339412774,0.0,0.4584109972895781,0.0,0.45408748426232887,0.0,0.44954508983778385,0.4368119240736163,0.5214614346293757,0.46986225708936097,0.4353731600772084,0.4673727044862296,0.47350222056144986,0.4489212634647458,0.46772511228511515,0.4347621944408872,0.442424417288954,0.4389412187926672,0.4339634868234571,0.0,0.0,0.0,0.0,0.48612230200150996,0.4891323493893657,0.5214462903019773,0.0,0.0,0.0,0.0,0.0,0.5284813451398424,0.5327711949656353,0.0,0.0,0.4804087049530017,0.0,0.4273660342174488,0.0,0.0,0.0,0.0,0.0,0.0,0.49396906787444633,0.48495213094564305,0.0,0.0,0.0,0.4969804984014323,0.43879319467389344,0.5175244459969986,0.5002251067736305,0.0,0.0,0.5336706391513507,0.5083856791538679,0.5095826675595562,0.5027596577529583,0.5389036278972661,0.535707141010785
0.5012039775731595,0.4190378964536013,0.49856930101472796,0.0,0.4459655290353708,0.4587720003227597,0.47866866545315406,0.0,0.44898118063144093,0.4623150761865264,0.0,0.6317152483614475,0.4851885583631287,0.0,0.3817522266225533,0.416287491153075,0.42560112312230247,0.4295570215088436,0.0,0.3689269486356907,0.44954508983778385,0.0,0.4588192980156516,0.0,0.42142403452210103,0.42622706669494437,0.4577304568403161,0.46981903669098085,0.42730923114894004,0.4455232959628006,0.40808288813546584,0.433689347863699,0.4090627783922355,0.4289800176940214,0.4675649631982514,0.502323520201778,0.4526624759007972,0.0,0.47350933254087724,0.45946134561323926,0.485243258361949,0.49323446469383253,0.45237482221746106,0.0,0.0,0.51273064003599,0.49549598686465024,0.0,0.0,0.0,0.0,0.0,0.0,0.0,0.0,0.0,0.0,0.0,0.0,0.5171406988296133,0.47417814752165816,0.0,0.5259520329743078,0.0,0.48960319530143276,0.5163728837197518,0.4967283106174766,0.5075296423722202,0.0,0.4824070839471675,0.5279411831701005,0.49826397592459815,0.0,0.47499433478893305,0.0,0.4736243219687539
0.4819378548223851,0.4668345622876765,0.34421771731814327,0.4219717670581491,0.4067213001235384,0.4363491586081605,0.45602854033895174,0.38912558816595,0.4305985449112969,0.4955596420259263,0.3303310590364867,0.5807418590916117,0.4634000312662226,0.3919452303946565,0.41796235195373965,0.4901902608897526,0.0,0.46747167447869165,0.28499651847778107,0.333945318490321,0.4368119240736163,0.4588192980156516,0.0,0.5256965181905141,0.4705319502254158,0.4700626225341899,0.3921117975457711,0.4598142208085824,0.44784660908706714,0.45092982230925327,0.46437732354329025,0.4429459131128294,0.4256202409228452,0.4702865268466745,0.48267926418641893,0.420220363502757,0.4384836257185727,0.0,0.5290341934676498,0.49101945506041933,0.5673359989209852,0.5503250769888471,0.5196561216298803,0.0,0.0,0.0,0.5214490577418622,0.5558823950644004,0.0,0.591743635916823,0.5412324208236295,0.5417071645433142,0.5198493664750037,0.5881883881843327,0.0,0.5525915765356253,0.0,0.5456378922637614,0.5330053589343038,0.5216077290251806,0.0,0.0,0.0,0.5658346286486536,0.5219626507185208,0.5049571298933846,0.5055411402940801,0.5469403793157507,0.0,0.0,0.5185431810179592,0.5450134111397492,0.5374971540153898,0.5257384572624357,0.5368182034243946,0.545898875297772
0.4121920368944171,0.0,1.1204084602891933,0.0,0.0,0.0,0.0,0.5532295902041999,0.0,0.3324162458393766,0.0,0.3347469149228294,0.47946203921288105,0.0,0.5354508256544099,0.0,0.39103640256426386,0.3821147163190707,0.0,0.0,0.5214614346293757,0.0,0.5256965181905141,0.0,0.39338044748776646,0.36188430315395737,0.533331256874545,0.40977467324888206,0.0,0.0,0.382392691293816,0.3077606343468829,0.3049974441029546,0.2690482828181658,0.23022571119662572,0.0,0.33703804747635846,0.26886666959778754,0.0,0.41222334980612757,0.4009852812636414,0.0,0.0,0.0,0.4055046803415835,0.44171024493961475,0.0,0.0,0.0,0.0,0.0,0.0,0.0,0.0,0.48910098676321373,0.0,0.4863286073967768,0.0,0.0,0.0,0.0,0.49281298031122167,0.49589722491168325,0.0,0.0,0.0,0.0,0.0,0.46685764838770594,0.49640837717336667,0.5007748988023932,0.0,0.32371527188672283,0.0,0.0,0.4906954791229909
0.420629501676864,0.41187532724370524,0.0,0.0,0.0,0.41248765749948196,0.43679918048649236,0.5337971989858177,0.45385794012272407,0.36447601189042544,0.0,0.38085918533643304,0.4419823501443099,0.0,0.41430515813023855,0.41745760153050476,0.37443269307467114,0.3693785095472494,0.0,0.41181810986184875,0.46986225708936097,0.42142403452210103,0.4705319502254158,0.39338044748776646,0.0,0.37993772964714473,0.4222992581869147,0.4471547571341275,0.41519604096916124,0.0,0.3978107018650157,0.415246857349365,0.36409954404158673,0.37513542440799635,0.39407316785795593,0.0,0.0,0.3421874488483049,0.47567860152627967,0.41064987193901514,0.4831523784969469,0.5144846139462882,0.0,0.0,0.3951696973017742,0.47843068346064516,0.4888256830802477,0.0,0.0,0.0,0.0,0.0,0.0,0.0,0.5004811596660058,0.0,0.5044903425285127,0.0,0.0,0.0,0.4805070394494558,0.47227236888617596,0.4739729224411803,0.0,0.0,0.4755892914264083,0.4522171664218841,0.0,0.49501167093966336,0.4782690145075941,0.4976472630295084,0.0,0.0,0.0,0.0,0.46022513889450256
0.39206751084894265,0.4199561198605515,0.7272629896889458,0.0,0.0,0.4507714158105068,0.44864197050122534,0.5201218119614495,0.48772077231839917,0.3758937905247453,0.0,0.35740126244726994,0.4568539637966666,0.0,0.4027727797241887,0.44205444507806285,0.3867740088998255,0.40039983085511127,0.0,0.43846155764976064,0.4353731600772084,0.42622706669494437,0.4700626225341899,0.36188430315395737,0.37993772964714473,0.0,0.4643107950773204,0.4424627911145598,0.435398428359367,0.0,0.41717222277471977,0.43653207514391595,0.39879058346085683,0.40582005924208076,0.44382545627296416,0.509647848924134,0.0,0.34615219114067686,0.4773890091966527,0.45259638271380187,0.5044470732868128,0.5367156570982681,0.0,0.0,0.44423179790379874,0.4881326872774033,0.5394511103958948,0.0,0.0,0.0,0.0,0.0,0.0,0.0,0.507632447785726,0.0,0.508195715298938,0.0,0.0,0.5332121472121009,0.5147883214802522,0.48757654247755255,0.4939110424725339,0.0,0.4987919739907137,0.5136273694390211,0.5203192135356943,0.5182792046084407,0.49283407928277556,0.4990527053826669,0.5162299200203637,0.5230997761248789,0.5640623881944524,0.5199326370401656,0.0,0.48443018293216267
0.4671817191505136,0.4460873802859487,0.3699868212244442,0.4338451007695063,0.4068948090610991,0.40254326213935887,0.45069457763901943,0.4732588085697368,0.38109459125987666,0.4967685527910177,0.4046003757947917,0.0,0.4612562297996675,0.4533163339534743,0.4510945951125746,0.4541278713395086,0.0,0.43504156702961455,0.3824185934948151,0.3980133971961928,0.4673727044862296,0.4577304568403161,0.3921117975457711,0.533331256874545,0.4222992581869147,0.4643107950773204,0.0,0.45937994891223627,0.397967890723387,0.4424172181374384,0.4411543371230002,0.4483738872148317,0.4291502602047732,0.46173703901715574,0.48283610110840897,0.4631230581129071,0.45258477452017226,0.0,0.5229980936792985,0.5558173623978464,0.5416818142125779,0.5474321918799039,0.5145184202376388,0.0,0.0,0.0,0.0,0.5605678196909636,0.0,0.598531481028707,0.5333849711299083,0.5527207495700114,0.5350396332942344,0.5731469995470093,0.0,0.5526964201391411,0.0,0.5400540790892441,0.5449170680063513,0.5236653344786252,0.0,0.0,0.0,0.6009628528345351,0.5198068559814683,0.5241816096534091,0.5080689287763906,0.548468787925238,0.0,0.0,0.5330739972835201,0.5392691385512777,0.5338596236576032,0.5212147186670757,0.5556795666768731,0.5428565841947474
0.0,0.4735689718025074,0.4780009575535432,0.28046071007888035,0.4116199310470074,0.40960764473576056,0.4083806799545191,0.4582633330919237,0.4795942420452816,0.4235466794467431,0.48787288270832513,0.37819007931864823,0.3880990728905212,0.24906073690871264,0.4181931402981047,0.47062201747491567,0.44014113858488596,0.45188054343755185,0.4984756014864858,0.42102861293933713,0.47350222056144986,0.46981903669098085,0.4598142208085824,0.40977467324888206,0.4471547571341275,0.4424627911145598,0.45937994891223627,0.0,0.3811949244007681,0.35199363064552563,0.4127705559865462,0.4010667763964639,0.37667682034411953,0.3846020516503348,0.3799077058759544,0.28662281390787797,0.2985601577130696,0.3525201126735133,0.32050549862778954,0.0,0.0,0.37951077316405263,0.5206472542416267,0.5406144614437187,0.0,0.0,0.0,0.6488764713790043,0.0,0.0,0.5405073041212567,0.0,0.5109497890846695,0.0,0.0,0.0,0.33828133767896895,0.0,0.0,0.5388546624650724,0.0,0.0,0.0,0.0,0.5057852991132372,0.0,0.0,0.5355893606988631,0.0,0.0,0.0,0.5236611772316038,0.5423738315063001,0.5099633722043109,0.0,0.0
0.0,0.4473709086458327,0.4943979838200825,0.48433209429493984,0.4383935489103869,0.381558765860748,0.4512982276034107,0.4563862004914079,0.4376712662798209,0.5411114469763909,0.0,0.0,0.43273090869795183,0.0,0.43157282291416094,0.4600285277761718,0.507959721092532,0.4411921962255045,0.0,0.370995555682442,0.4489212634647458,0.42730923114894004,0.44784660908706714,0.0,0.41519604096916124,0.435398428359367,0.397967890723387,0.3811949244007681,0.0,0.4038147538894295,0.3989197447551516,0.42442835929953,0.37696477564809244,0.43477296241713154,0.4712544498839336,0.49376162060626155,0.46076642129177425,0.0,0.4911343766250946,0.0,0.5204278420437775,0.0,0.493931751266553,0.0,0.0,0.0,0.4657107286893821,0.6398360410860955,0.0,0.0,0.5086921739531939,0.0,0.5061290330480888,0.0,0.0,0.0,0.0,0.5423524857495252,0.0,0.4909766212424411,0.0,0.0,0.0,0.0,0.4871179010104294,0.48352255662411925,0.48105162543365565,0.5236848228708004,0.0,0.0,0.4891772548063942,0.5093248447964617,0.5148030136174478,0.49137320942773344,0.5418921210422135,0.5179126200514392
0.0,0.46706204695297016,0.5131283652233881,0.37904263928606863,0.4048487333201841,0.44299437738556013,0.4361449509571206,0.4463263450559413,0.4797542458442067,0.0,0.0,0.0,0.4470390928634563,0.0,0.0,0.4640016204881525,0.0,0.5020084913547519,0.0,0.34899909277043767,0.46772511228511515,0.4455232959628006,0.45092982230925327,0.0,0.0,0.0,0.4424172181374384,0.35199363064552563,0.4038147538894295,0.0,0.3857912194249713,0.4318584179477073,0.40562784078487657,0.4431412595383802,0.45471572493148943,0.5444715987439464,0.44968545012614874,0.0,0.0,0.0,0.0,0.0,0.0,0.0,0.0,0.0,0.0,0.0,0.0,0.0,0.0,0.0,0.0,0.0,0.0,0.0,0.0,0.0,0.0,0.0,0.0,0.0,0.0,0.0,0.5412418814532173,0.0,0.0,0.5430966586453823,0.0,0.0,0.0,0.525980533471522,0.0,0.5683553164097273,0.0,0.0
0.41543529687934905,0.3980345823705863,0.4916237830622868,0.0,0.4933484451288428,0.46137837945337323,0.4679530459776081,0.4903771672029467,0.5168268135267612,0.3776835440682637,0.5395890241892041,0.38539519681532597,0.4534291018493236,0.3928938420998988,0.4471915854077389,0.41236151348985856,0.38173930583017995,0.39712065109619343,0.5102809320435677,0.4023167178705089,0.4347621944408872,0.40808288813546584,0.46437732354329025,0.382392691293816,0.3978107018650157,0.41717222277471977,0.4411543371230002,0.4127705559865462,0.3989197447551516,0.3857912194249713,0.0,0.41887710032399617,0.3575986318675599,0.3121197077937411,0.31769692631413293,0.46034230466499704,0.36082037163532515,0.33402941982442397,0.0,0.3627303291748079,0.0,0.0,0.0,0.0,0.0,0.0,0.45840484681953186,0.0,0.0,0.0,0.5406256110304289,0.0,0.0,0.0,0.4394515265870141,0.0,0.43509928263994263,0.0,0.0,0.5136701580059989,0.4729464144088284,0.3931340680861801,0.0,0.0,0.49063281086320165,0.0,0.4777009387622663,0.5569669396970732,0.5000016852365445,0.4704178935940166,0.5088624619808867,0.5266659918756923,0.0,0.49752384958789153,0.0,0.0
0.4416434113241518,0.432702834916809,0.4605259848622422,0.2989459153804092,0.44640512535428806,0.43070193358131525,0.420005744886479,0.21365955558643962,0.4636017856660011,0.35312747441239045,0.42080284050089267,0.28415479202326294,0.4293324710536642,0.2988961604308599,0.4355123285853528,0.4444178285222365,0.4249380626095542,0.43154971520518987,0.4283713958528605,0.4341727501562729,0.442424417288954,0.433689347863699,0.4429459131128294,0.3077606343468829,0.415246857349365,0.43653207514391595,0.4483738872148317,0.4010667763964639,0.42442835929953,0.4318584179477073,0.41887710032399617,0.0,0.3494795611615372,0.34589628920265997,0.34514367771644944,0.2905275604300166,0.3221515103110858,0.26366899382880565,0.26552542827712317,0.2794735458179947,0.30874032773812266,0.28925829777300627,0.3278375172868118,0.29053069844990487,0.24801652774416746,0.0,0.4370960149262752,0.5616492803198057,0.0,0.48527704846321557,0.5178193253259123,0.4124542504911538,0.5071049555415926,0.5363001987771266,0.3991539002544395,0.0,0.24725258317688423,0.5210617993540083,0.31249315471137606,0.4967938268762976,0.43983079480373566,0.4647384263100446,0.4351633904136716,0.6316646905483906,0.48143732068846856,0.4850652439146857,0.45878092913546015,0.5366822731728946,0.2683567596531816,0.43985189278894427,0.4564531187731569,0.5191374046012793,0.4302139790062429,0.48826272807890786,0.5309376054917654,0.512400848890352
0.41085556186020117,0.38840069957104406,0.569031690900991,0.0,0.43933753915327906,0.39762479221238556,0.42865453268813425,0.0,0.4476211039211185,0.3341066046025013,0.5201776754574965,0.31278699380044406,0.42039555512792215,0.0,0.4286285657629104,0.40618875388837533,0.38584363313312986,0.3891907984127631,0.0,0.4191334981041912,0.4389412187926672,0.4090627783922355,0.4256202409228452,0.3049974441029546,0.36409954404158673,0.39879058346085683,0.4291502602047732,0.37667682034411953,0.37696477564809244,0.40562784078487657,0.3575986318675599,0.3494795611615372,0.0,0.23605471106953402,0.36552363250024916,0.4281923807283675,0.31643179983550046,0.18242651607419827,0.28955430032731405,0.26237886056514775,0.33946913694798664,0.31725684303400736,0.0,0.27800171240108684,0.29451676239748303,0.45931451814659546,0.4202010745875898,0.0,0.0,0.0,0.0,0.0,0.0,0.0,0.4253408209493621,0.0,0.42853653883654796,0.0,0.0,0.5162933431441598,0.41666604351851777,0.4067807571014183,0.4109402099568101,0.0,0.48221181237253036,0.0,0.4520031384755365,0.4939267644250349,0.4384809984815736,0.40997485010025236,0.4445190638917644,0.4650510454275259,0.0,0.4839865102569443,0.0,0.3423122832142653
0.39030622665117515,0.381823127327678,0.4854916883041019,0.2918189157431578,0.46271846298849806,0.4573775141483874,0.4352227702651336,0.4921928352014584,0.4924247188802223,0.33095356905615003,0.4933070008567868,0.27278973898311076,0.44501799385407165,0.28963659732630553,0.4504157024180043,0.4047401023981574,0.38780931570232147,0.39263250697805996,0.4863431362840281,0.43564890666264383,0.4339634868234571,0.4289800176940214,0.4702865268466745,0.2690482828181658,0.37513542440799635,0.40582005924208076,0.46173703901715574,0.3846020516503348,0.43477296241713154,0.4431412595383802,0.3121197077937411,0.34589628920265997,0.23605471106953402,0.0,0.27937697211741197,0.37092167940101445,0.29368888253556386,0.20864184483268206,0.28633545913917074,0.2890972265160236,0.2306500044512585,0.24610365684410818,0.0,0.3280268227397715,0.3210898876776021,0.0,0.4501176302431406,0.0,0.0,0.0,0.5302967279752029,0.0,0.0,0.0,0.38118657132447525,0.0,0.2718006547991738,0.0,0.0,0.5139570338338144,0.45461136109839506,0.0,0.4844069563648685,0.0,0.4967751842718357,0.5028953911053533,0.4887752456287903,0.5470619243731573,0.43195591194900007,0.4629081565046598,0.4846204714214745,0.5234789155216685,0.5097734140205108,0.5052675197522171,0.0,0.0
0.0,0.44148168318158254,0.49013422224775877,0.30395218292738646,0.4486351404434039,0.4803378417678765,0.4449984419757841,0.0,0.4755318274847863,0.31521057533930535,0.48093603723504075,0.3055790533933953,0.4538224340126496,0.0,0.4781723663390028,0.45770359214431,0.38385773784090976,0.4042986639075356,0.4782835698015764,0.46864066635448703,0.0,0.4675649631982514,0.48267926418641893,0.23022571119662572,0.39407316785795593,0.44382545627296416,0.48283610110840897,0.3799077058759544,0.4712544498839336,0.45471572493148943,0.31769692631413293,0.34514367771644944,0.36552363250024916,0.27937697211741197,0.0,0.44101530155929325,0.35079251999739336,0.21280659572993146,0.2867678235297194,0.28838035066832884,0.28157314248565946,0.3212090428832288,0.3479908797969976,0.3366000472700125,0.0,0.0,0.43298555801918814,0.0,0.0,0.0,0.0,0.0,0.0,0.0,0.0,0.0,0.2762602154100658,0.0,0.0,0.5288338561513555,0.0,0.0,0.0,0.0,0.5047954513897019,0.0,0.5025039503466556,0.5370896313520391,0.0,0.0,0.5188634441270761,0.5234965013417706,0.0,0.5373059709971796,0.0,0.0
0.0,0.0,0.4300249125473477,0.2098350926592086,0.26467400760037135,0.4491705518575,0.35284629085643066,0.2828022117087278,0.4514025563152039,0.4016742004929299,0.3356341542419528,0.32688110372527795,0.3979296846518403,0.2535911283560364,0.48579506113958143,0.0,0.0,0.0,0.3838974707344028,0.5164018221398019,0.0,0.502323520201778,0.420220363502757,0.0,0.0,0.509647848924134,0.4631230581129071,0.28662281390787797,0.49376162060626155,0.5444715987439464,0.46034230466499704,0.2905275604300166,0.4281923807283675,0.37092167940101445,0.44101530155929325,0.0,0.21480691820174178,0.317931399349327,0.2989609063810741,0.0,0.3178910898577475,0.2950706092748668,0.32165795351926163,0.33660723312778007,0.0,0.0,0.0,0.5115542570811357,0.0,0.3898003859076715,0.4986057956292872,0.0,0.0,0.504951859757717,0.0,0.4201446867629421,0.29197652689072695,0.0,0.0,0.5257956278579319,0.0,0.0,0.0,0.5097245679333421,0.5105040280505865,0.0,0.0,0.5079413985009142,0.0,0.0,0.0,0.48887918457056245,0.47292896533324635,0.5927662516267287,0.0,0.0
0.0,0.0,0.46770718764427943,0.18931767525322404,0.28448447315612896,0.4480022450148575,0.3574072879987804,0.3430176945283993,0.47004123975570705,0.34338792590406864,0.46096452404539096,0.31697238684342993,0.40018595311562244,0.19862499974480358,0.0,0.0,0.0,0.0,0.4744727956917918,0.45181915886836244,0.0,0.4526624759007972,0.4384836257185727,0.33703804747635846,0.0,0.0,0.45258477452017226,0.2985601577130696,0.46076642129177425,0.44968545012614874,0.36082037163532515,0.3221515103110858,0.31643179983550046,0.29368888253556386,0.35079251999739336,0.21480691820174178,0.0,0.3084368621636278,0.26748558331405303,0.24085783262905916,0.2925411095938079,0.3150432965434579,0.32375872027135477,0.3135182317031825,0.3138364934062997,0.0,0.0,0.0,0.0,0.0,0.0,0.0,0.0,0.0,0.0,0.0,0.2772617152559064,0.0,0.0,0.0,0.0,0.0,0.0,0.0,0.0,0.0,0.0,0.0,0.0,0.0,0.0,0.0,0.0,0.0,0.0,0.0
0.0,0.0,0.0,0.0,0.0,0.0,0.0,0.0,0.48161777028739206,0.2758294344957446,0.48301054469846083,0.2557208875961791,0.4189145992534238,0.0,0.0,0.0,0.35300090638062287,0.0,0.0,0.0,0.0,0.0,0.0,0.26886666959778754,0.3421874488483049,0.34615219114067686,0.0,0.3525201126735133,0.0,0.0,0.33402941982442397,0.26366899382880565,0.18242651607419827,0.20864184483268206,0.21280659572993146,0.317931399349327,0.3084368621636278,0.0,0.2595499326599075,0.2675927756351183,0.3533997448909919,0.0,0.0,0.0,0.3047228436220414,0.0,0.0,0.0,0.0,0.0,0.0,0.0,0.0,0.0,0.38137463218222806,0.0,0.41349150156925674,0.0,0.0,0.0,0.0,0.0,0.0,0.0,0.0,0.0,0.0,0.0,0.3816791590584171,0.4496950971388091,0.4174632934856249,0.0,0.0,0.0,0.0,0.3870906359321741
0.4772320718750258,0.4890421533478109,0.5762921474353903,0.0,0.0,0.5200302649123868,0.0,0.5075999812138771,0.5515503170476639,0.29050632143580474,0.4623518120635594,0.26234140251110044,0.5115972636654577,0.0,0.48830332315148556,0.4252634885786269,0.0,0.4400452903269027,0.5358632348611178,0.44999001413353673,0.48612230200150996,0.47350933254087724,0.5290341934676498,0.0,0.47567860152627967,0.4773890091966527,0.5229980936792985,0.32050549862778954,0.4911343766250946,0.0,0.0,0.26552542827712317,0.28955430032731405,0.28633545913917074,0.2867678235297194,0.2989609063810741,0.26748558331405303,0.2595499326599075,0.0,0.33356407742949523,0.3703554377921238,0.34907651179116994,0.3165426943456819,0.32525338725102604,0.26451050441768054,0.42517439721362044,0.4092417822036775,0.4728639813183477,0.31253030990090164,0.4043063064985708,0.43863560260811113,0.4116000320305689,0.3521916851165188,0.4794453631887257,0.3594917711665758,0.43074027197020986,0.2686984798070014,0.41753905786847806,0.3216773087623778,0.4403317168459046,0.4394769168741281,0.4524868367884657,0.443531372028248,0.46131642713855375,0.4336626940301597,0.42899204383068734,0.42641278106248603,0.4261115559127978,0.28461907116863155,0.4152856619984601,0.4282878195907078,0.43320743253616617,0.3897325150395529,0.4273591429308219,0.39168500104032594,0.40800958356907807
0.4763865472008262,0.47235671560477877,0.0,0.0,0.0,0.0,0.0,0.0,0.0,0.39045761469481766,0.0,0.3393399156170406,0.0,0.0,0.5221600664010151,0.4150534367713132,0.3872897516321688,0.37563140038357373,0.0,0.0,0.4891323493893657,0.45946134561323926,0.49101945506041933,0.41222334980612757,0.41064987193901514,0.45259638271380187,0.5558173623978464,0.0,0.0,0.0,0.3627303291748079,0.2794735458179947,0.26237886056514775,0.2890972265160236,0.28838035066832884,0.0,0.24085783262905916,0.2675927756351183,0.33356407742949523,0.0,0.2682441174298551,0.3794983944273893,0.4213692912961715,0.3161291782078711,0.2050385157056927,0.39800332523326076,0.3593641567131444,0.0,0.0,0.461640471184194,0.4153913326061812,0.4096869916883476,0.37024102885779564,0.47685929841913066,0.3404747039781756,0.4918499441224806,0.28174759262425925,0.39712597471382455,0.0,0.42799082599838006,0.3933863737649327,0.3989572820794118,0.4007347333759124,0.5993813126481957,0.405384990851023,0.39242834651285025,0.38729275281754694,0.4346680145495501,0.27849535683525867,0.36669839133383336,0.39210019162971277,0.4152052918204817,0.3717099839098942,0.4173042939860177,0.32712049507443147,0.3384384570007624
