0.0,0.0672082470114766,0.0,0.0,0.0,0.0,0.0,0.09716154602635,0.0,0.3086379523405692,0.0,0.0,0.0,0.0,0.2531016835248244,0.6106166724220433,0.1230710285244007,0.3034145469827377,0.0,0.3177636016273309,0.3824389344026833,0.3041876929122017,0.1717184243307801,0.1863145692719196,0.4989667347058392,0.2762329126460109,0.1612019977569724,0.2621331008572644,0.4125290898506978,0.0,0.3982554365127324,0.0821660750238567,0.2873974993497973,0.1631969484718408,0.0011526996934284,0.0,0.0,0.0,0.0310948591908504,0.1764159340755063,0.0091735900801556,0.0,0.0,0.0,0.0,0.6790701296399013,0.175347381404297,0.0,0.0,0.0,0.0,0.0,0.0,0.0,0.1955546093180576,0.0,0.0,0.0,0.0,0.0,0.2497181186896076,0.0,0.378084351825676,0.0,0.0,0.3986293750914817,0.272289784182256,0.0,0.0973654412168682,0.380489641804063,0.1086310567084319,0.0,0.0,0.0,0.0,0.3046520853663158
0.0672082470114766,0.0,0.0,0.0,0.1279591820004517,0.6649170524211896,0.0,0.3510931951961554,0.0,0.0,0.0,0.0,0.6413706367054006,0.0,0.4442376091944551,0.1921967345852413,0.2640100297578821,0.5098221930486304,0.0,0.4105005203552501,0.1648662664039733,0.5548491874327284,0.3988775841962684,0.0,0.4099296560974399,0.3216865621181082,0.5173401080013543,0.4530343210186909,0.1790803523929751,0.0,0.0,0.0,0.0,0.0,0.0,0.0,0.0,0.0,0.0,0.0,0.193337326878606,0.0,0.0,0.0,0.0,0.0,0.6467879358804818,0.0,0.0,0.0,0.6258574755242413,0.0,0.0,0.0,0.0,0.0,0.0,0.0,0.0,0.5183929523337976,0.1381181810159085,0.0,0.0,0.0,0.5870604441335462,0.1955564981131574,0.4627261967895223,0.42667864506617,0.0,0.0,0.2205294423005979,0.5030612200043465,0.0,0.2561540229132148,0.0,0.0
0.0,0.0,0.0,0.3164385664181516,0.3679246347164551,0.3873701465903743,0.2221828089889319,0.4266817262313584,0.3466225324449853,0.147961559790243,0.4981162398175412,0.107860932076858,0.1900881939399705,0.131091845677058,0.0,0.0,0.0,0.0,0.6923736637416809,0.0,0.0,0.0,0.3979984805354582,0.0,0.0,0.0,0.2741287797749949,0.3033497483712175,0.0,0.0,0.1487440574401426,0.0251268227870102,0.0,0.2453351053118617,0.0,0.2707324972941469,0.0778651255957154,0.0,0.0141663595767027,0.0,0.0728378059681132,0.0,0.0,0.0,0.0,0.0,0.0,0.7450172348028411,0.0,0.1065938616501463,0.3277913359035683,0.1805436722284535,0.3970520985672754,0.4280706883001262,0.0,0.3505672999591593,0.0,0.1972663431815728,0.0,0.0,0.0,0.0,0.0,0.5888816076463219,0.0,0.0,0.0,0.369825777114711,0.0,0.0,0.0,0.2499229259420797,0.0694247704430226,0.0,0.0,0.0
0.0,0.0,0.3164385664181516,0.0,0.363746448057204,0.4395009282146617,0.1764415624786549,0.5941265391911307,0.0,0.0,0.1528136565336458,0.0,0.0,0.0813586995577344,0.0,0.0,0.0,0.0,0.3969508876884852,0.6313020822095686,0.0,0.0,0.6762444460832169,0.0,0.0,0.0,0.5794072044895602,0.4882860851589427,0.5589394341460504,0.0,0.0,0.0,0.0,0.3187165182766133,0.0,0.4354612483579223,0.2620069213816431,0.0,0.0,0.0,0.0,0.0,0.0,0.0,0.0,0.0,0.0,0.0,0.0,0.0,0.0,0.0,0.0,0.0,0.0,0.0,0.0,0.0,0.0,0.0,0.0,0.0,0.0,0.0,0.0,0.0,0.0,0.0,0.0,0.0,0.0,0.0,0.0,0.0,0.0,0.0
0.0,0.1279591820004517,0.3679246347164551,0.363746448057204,0.0,0.2760437729499765,0.6228065706735072,0.287080983545126,0.5927175149367777,0.2920628522090909,0.5462464518148079,0.0212069800947061,0.2646301974024222,0.4102484365835283,0.0,0.255653921931914,0.0,0.0,0.3937926669778176,0.5285212092059577,0.0,0.454899110051391,0.3157843927688518,0.0,0.2678229084298624,0.0,0.4011431347881741,0.5084531778557164,0.5562344554173635,0.0,0.2944204396612471,0.025511192403044,0.0,0.3436842339652536,0.0083437894188982,0.2554404946011498,0.3217476624170099,0.0,0.0277793530731152,0.0,0.0,0.0,0.1507895814212284,0.0,0.0,0.0,0.0,0.3797721459402235,0.0,0.4090736721110651,0.1985747399621456,0.0,0.2501040671495618,0.5915470088884437,0.0,0.4723560044402789,0.0,0.0,0.0,0.0,0.0,0.0,0.0,0.4181226797939831,0.0,0.0,0.0,0.3094095664154033,0.0,0.0,0.0,0.3606846032662608,0.0,0.0,0.0,0.0
0.0,0.6649170524211896,0.3873701465903743,0.4395009282146617,0.2760437729499765,0.0,0.0,0.5851624867959803,0.0,0.0,0.2184257655063115,0.2383334358947742,0.4872855013142649,0.0,0.5378675108171951,0.0,0.0607443876777677,0.2739810938886221,0.2417193621681508,0.4207850900624074,0.3578679111950439,0.3539233146996639,0.6600485244193426,0.0,0.2956587134726751,0.0784151538688649,0.6317523165560913,0.355778879288854,0.2370584300296398,0.1152344209844023,0.0,0.0,0.0,0.0,0.0,0.364422336195386,0.2992428719826053,0.0,0.0,0.0,0.2376518961835055,0.0,0.0,0.0,0.0,0.0,0.4928925043773043,0.5299687194008084,0.0,0.0,0.7967711023724812,0.0,0.6160537499088878,0.3032180370464825,0.0,0.271572466227361,0.0,0.1215622759957835,0.0,0.6080115204517623,0.0,0.0,0.0,0.3392149055052362,0.4184578196003347,0.3870528107655848,0.2214836897665146,0.6881146874282366,0.0,0.0,0.0,0.62351033544373,0.003191698641894,0.1543721072294226,0.2596370541875188,0.0
0.0,0.0,0.2221828089889319,0.1764415624786549,0.6228065706735072,0.0,0.0,0.1754753936680901,0.4826976755740331,0.4405157922723313,0.2840615125968561,0.0,0.3708064901192748,0.5859136653982949,0.0,0.0514071502441979,0.2282614774775611,0.0,0.309113567370729,0.3741579786155797,0.0,0.2615861182637268,0.1188392919531237,0.0,0.0,0.0,0.0,0.1165468279677002,0.4529731216383307,0.0,0.3754266326968505,0.0559742750136414,0.1598464421692761,0.6332592545461001,0.2886116935939251,0.2070513190591413,0.2553103699029778,0.0,0.0,0.0,0.2837487197289021,0.0,0.1142263388483443,0.0,0.0,0.0,0.0,0.1646758265612372,0.0,0.0,0.0,0.0,0.1532344694095251,0.2516591517858965,0.0,0.1720877717190395,0.0,0.0,0.0,0.0,0.0,0.0,0.0,0.3565933494571528,0.0,0.0,0.0,0.069381129817602,0.0,0.0,0.0,0.0,0.0,0.0,0.0,0.0
0.09716154602635,0.3510931951961554,0.4266817262313584,0.5941265391911307,0.287080983545126,0.5851624867959803,0.1754753936680901,0.0,0.0209225253027936,0.068581698236705,0.2435768590904111,0.067844234699716,0.216126157926128,0.2624316470482107,0.5305902908743779,0.0,0.0,0.0330264745429232,0.4559795249861682,0.5571205752674158,0.7031129246960724,0.4556541647467097,0.834591002503228,0.0,0.1119753574115809,0.0,0.5496527086628975,0.3390572431784233,0.3903535376842173,0.2624529067811847,0.0,0.0,0.0,0.2958538436458172,0.0,0.329236746821509,0.2673557131429964,0.0,0.0,0.0,0.4165939108113563,0.0,0.0,0.0,0.0,0.0,0.0,0.5690315807843307,0.0,0.0,0.5360261356460371,0.078721371960398,0.8365072626393435,0.3105060997512972,0.0,0.210865015825511,0.0,0.0,0.0,0.5579910045037577,0.0,0.0,0.0,0.546678797420092,0.3431284927946292,0.6696043217933109,0.0,0.7493673925772616,0.0,0.0,0.0,0.5356341808272498,0.0,0.167211645586865,0.0,0.0
0.0,0.0,0.3466225324449853,0.0,0.5927175149367777,0.0,0.4826976755740331,0.0209225253027936,0.0,0.39504133746708,0.7286551191083508,0.1101144942940181,0.197276637682161,0.2060082357560672,0.0,0.2642858703277732,0.0,0.0,0.3034240251456955,0.1739936437378006,0.0,0.1343926163133627,0.0,0.1236822585904328,0.1071165532300467,0.0726206572604725,0.1660942388486875,0.0807422664333473,0.1772871772111695,0.1498122499900201,0.4242680226677834,0.3247322615639696,0.2707874667074376,0.2725384886138908,0.2915113345700653,0.0,0.0,0.3351142510071163,0.3605294004581992,0.0,0.0,0.0,0.2068106262159823,0.0,0.0,0.0,0.0,0.1669726337508037,0.0,0.6682731336994201,0.0,0.5839324445431272,0.0,0.8549399937687044,0.0,0.7119544493101612,0.0,0.3790473089010823,0.4643309259667299,0.0,0.0,0.0,0.0,0.1484818674111845,0.0,0.0,0.0,0.0,0.0,0.0,0.0,0.0627789742714493,0.2743965757714733,0.0,0.0,0.0
0.3086379523405692,0.0,0.147961559790243,0.0,0.2920628522090909,0.0,0.4405157922723313,0.068581698236705,0.39504133746708,0.0,0.2291258821415382,0.377459329699443,0.2863008897198412,0.0,0.0,0.3888555471208034,0.7160466367342798,0.3237675396588353,0.1885949401340622,0.1022774980865143,0.0,0.1590410092234356,0.0,0.4205568278732204,0.3616788505670824,0.4287525858572934,0.0,0.1800148853694928,0.152987727201665,0.0,0.565555344282134,0.4768604443925761,0.4683819327190958,0.2678321039118196,0.4018382059216641,0.0,0.1888921565019641,0.422928608471759,0.42509795597546,0.4140012419661139,0.0,0.2720968169196264,0.0,0.0,0.326382899917322,0.130702405504182,0.0,0.0,0.0,0.0,0.0,0.0,0.0,0.0,0.640626088141097,0.0,0.3439931704312789,0.4838494517060025,0.0,0.0,0.0,0.5513265170421566,0.2799796323628161,0.0,0.0,0.0,0.0,0.0,0.2797979406000759,0.5477066258635426,0.4644441402469028,0.0,0.3342011269754464,0.0,0.0,0.3626938453554502
0.0,0.0,0.4981162398175412,0.1528136565336458,0.5462464518148079,0.2184257655063115,0.2840615125968561,0.2435768590904111,0.7286551191083508,0.2291258821415382,0.0,0.1836602905808401,0.2317907623852324,0.1896002076564298,0.0,0.0,0.1116781458030237,0.0,0.4524699748619413,0.0,0.0,0.0,0.1858081210975878,0.1152537473284961,0.0,0.0296211522256759,0.3327350398638601,0.2734829195619105,0.0,0.0,0.233600904825991,0.1606744915437804,0.0553190874494392,0.2235880493322878,0.028799014178327,0.0582300105724635,0.0116059766495858,0.1204098876129042,0.1766640604403732,0.0,0.0,0.0,0.1704078139234439,0.0,0.0,0.0,0.0,0.3142806689359189,0.0,0.4275473133289402,0.1115302429720996,0.3592580283801623,0.202515093001916,0.7413857760227007,0.0,0.7577369466876048,0.0,0.247956596805538,0.1975890548644788,0.0,0.0,0.0,0.0,0.3567440746752111,0.0,0.0,0.0,0.1475003001397291,0.0,0.0,0.0,0.2402702588437007,0.2505703968476211,0.0,0.0,0.0
0.0,0.0,0.107860932076858,0.0,0.0212069800947061,0.2383334358947742,0.0,0.067844234699716,0.1101144942940181,0.377459329699443,0.1836602905808401,0.0,0.3988457426219469,0.0,0.0,0.0,0.2608885215991628,0.1566305948604446,0.0390726028012027,0.0,0.0,0.0,0.0,0.5080188811570916,0.0589543903888212,0.4458867485160429,0.0,0.0641966376644297,0.0,0.0,0.0158138031090812,0.2866377359993617,0.2017521139920122,0.0,0.1771547292467786,0.0327547624731309,0.0734079976335147,0.3701927734468908,0.3978085144327937,0.2459922014699298,0.0,0.2843301413141877,0.4307825255772354,0.0,0.1978293861710377,0.0,0.0,0.0,0.0,0.0,0.0,0.0,0.0,0.0,0.1964027953232222,0.0,0.6297408746209985,0.4736097009759167,0.0,0.0,0.0,0.4783074964827126,0.0034612878915193,0.0,0.0,0.0,0.0,0.0,0.4418791675323968,0.0432787354069791,0.4085793545694351,0.0,0.3883768317411835,0.0,0.0,0.2816656374958678
0.0,0.6413706367054006,0.1900881939399705,0.0,0.2646301974024222,0.4872855013142649,0.3708064901192748,0.216126157926128,0.197276637682161,0.2863008897198412,0.2317907623852324,0.3988457426219469,0.0,0.2284073720012671,0.0706012541290843,0.0,0.3322423947432572,0.1889102941908088,0.184378865313718,0.2002926338624835,0.0343675355327646,0.3131527745462134,0.1048033369791764,0.0,0.0,0.2099599837900268,0.135649611933832,0.2488930406738328,0.0,0.0,0.0,0.0758828211530296,0.0,0.0,0.0,0.3120915368624725,0.3339740062847648,0.0286491134664738,0.0620980068953552,0.0,0.3011934995123003,0.0,0.3487756815303489,0.0,0.0,0.0,0.0,0.1348922084348085,0.0,0.0,0.2652038150577545,0.1364245717902378,0.2899003499365778,0.0,0.0,0.1635960424398089,0.2406279461241339,0.0,0.0,0.221500771825629,0.0,0.0,0.0,0.0,0.2892971328947216,0.0,0.2930633645314819,0.1258367241290493,0.0,0.0,0.2310987361408201,0.1464994336424389,0.0,0.0,0.0,0.0
0.0,0.0,0.131091845677058,0.0813586995577344,0.4102484365835283,0.0,0.5859136653982949,0.2624316470482107,0.2060082357560672,0.0,0.1896002076564298,0.0,0.2284073720012671,0.0,0.0,0.0,0.0,0.0,0.1983535377358117,0.0,0.1509310601065679,0.0,0.1470489734937869,0.0,0.0,0.0,0.0,0.156692941435872,0.0,0.0,0.3281034233108264,0.1630077598647756,0.0,0.5056080802096432,0.0,0.2784156588463571,0.387865428841806,0.0,0.0489786830300143,0.0,0.0,0.0,0.185161191301817,0.0,0.0,0.0,0.0,0.1554877990635827,0.0,0.0,0.0,0.0,0.0,0.1110408781551325,0.0,0.0733584927937028,0.0,0.0,0.0,0.0,0.0,0.0,0.0,0.0,0.0,0.0,0.0,0.1236276522831302,0.0,0.0,0.0,0.0,0.0,0.0,0.0,0.0
0.2531016835248244,0.4442376091944551,0.0,0.0,0.0,0.5378675108171951,0.0,0.5305902908743779,0.0,0.0,0.0,0.0,0.0706012541290843,0.0,0.0,0.143542303260043,0.0,0.2233006137877728,0.0,0.6250296425362937,0.503270211793452,0.6373703304308319,0.6727104269064088,0.0,0.382255677085119,0.0,0.620613518873961,0.5099037924125608,0.5340242683278705,0.0,0.0,0.0,0.0,0.064728083080779,0.0,0.292432737912942,0.0,0.0,0.0,0.0,0.2777141274308368,0.0,0.0,0.0,0.0,0.0,0.395116395798568,0.0,0.0,0.0,0.5573014329126224,0.0,0.388861318485103,0.0,0.0,0.0,0.0,0.0,0.0,0.7288809068232064,0.0,0.0,0.0,0.0,0.4006082175113841,0.5991344239095029,0.3890567918396357,0.6670160525380127,0.0,0.0,0.0,0.6428003560228696,0.0,0.4291863067847875,0.0,0.0
0.6106166724220433,0.1921967345852413,0.0,0.0,0.255653921931914,0.0,0.0514071502441979,0.0,0.2642858703277732,0.3888555471208034,0.0,0.0,0.0,0.0,0.143542303260043,0.0,0.3896221994994323,0.5772614182052863,0.0,0.2119980466643125,0.1167887820836689,0.3009095175123997,0.0,0.3435466996159337,0.6301783021713427,0.3256914733986991,0.0962006454030337,0.307593247445176,0.369165074682041,0.1299663237302707,0.6116507247184386,0.2533633126131289,0.3585090682400211,0.136379627282131,0.1165877309612959,0.0,0.0,0.0,0.2869019453466071,0.2773740402290067,0.0,0.0807749350845994,0.0,0.0,0.0,0.5525185170681495,0.2278113214581899,0.0,0.0,0.0,0.0,0.0,0.0,0.0,0.0,0.0,0.0,0.0,0.0,0.035990920575575,0.4296681158769632,0.0,0.6934661119586448,0.0,0.1769928460409945,0.1406271887648189,0.2621056331802754,0.0,0.0,0.5605563476775876,0.2379413500498607,0.0837821798696,0.0,0.4309956183624019,0.0,0.4660937396696031
0.1230710285244007,0.2640100297578821,0.0,0.0,0.0,0.0607443876777677,0.2282614774775611,0.0,0.0,0.7160466367342798,0.1116781458030237,0.2608885215991628,0.3322423947432572,0.0,0.0,0.3896221994994323,0.0,0.5185699517464898,0.0,0.0867628297945433,0.0,0.1417008989579683,0.0,0.3665692501537101,0.2186248541633438,0.3663207238932615,0.0,0.3815035880128244,0.0480565512281434,0.0,0.5234503653393289,0.4874582854367972,0.3274490908484476,0.2567446878123153,0.3769853776881574,0.0,0.0,0.393595653365004,0.0,0.249712137677892,0.0,0.0,0.0,0.0,0.0,0.0,0.0,0.0,0.0,0.0,0.0,0.0,0.0,0.0,0.4937301479764618,0.0,0.2695382082751698,0.0,0.0,0.0,0.0,0.4715579748987029,0.2254091528176103,0.0,0.0,0.0,0.0,0.0,0.1463125555411845,0.3509107488828916,0.3931878691307607,0.0,0.0,0.0,0.0,0.0
0.3034145469827377,0.5098221930486304,0.0,0.0,0.0,0.2739810938886221,0.0,0.0330264745429232,0.0,0.3237675396588353,0.0,0.1566305948604446,0.1889102941908088,0.0,0.2233006137877728,0.5772614182052863,0.5185699517464898,0.0,0.0,0.1493611050306436,0.0697416808784452,0.2171031632019084,0.0529457636150284,0.4481800834930286,0.6914731193891182,0.4826006114247403,0.3262387969652578,0.5584048440438107,0.1579220853311128,0.0,0.1911193464246788,0.2456331564839627,0.1253738299544497,0.0,0.0,0.0,0.0,0.0,0.2508283964823176,0.0913375940170612,0.0,0.0,0.0,0.0,0.0,0.3827979360217923,0.4116321246979998,0.0,0.0,0.0,0.0,0.0,0.0,0.0,0.1337302187994015,0.0,0.0389280056510542,0.0,0.0,0.0,0.2015075431788132,0.5488468107389314,0.4968438615613049,0.0,0.0,0.0,0.2806460245100025,0.0,0.2950316225215534,0.283923078032726,0.2693737216235903,0.0,0.0,0.0,0.0,0.3222428778964243
0.0,0.0,0.6923736637416809,0.3969508876884852,0.3937926669778176,0.2417193621681508,0.309113567370729,0.4559795249861682,0.3034240251456955,0.1885949401340622,0.4524699748619413,0.0390726028012027,0.184378865313718,0.1983535377358117,0.0,0.0,0.0,0.0,0.0,0.0,0.0,0.0,0.3313655219963511,0.0,0.0,0.0,0.2198309993964134,0.3837292204672166,0.0,0.0,0.0598354410922661,0.0200648185238799,0.0,0.340160469314978,0.0,0.217213267715269,0.1555160897287207,0.0,0.0,0.0,0.0,0.0,0.0,0.0,0.0,0.0,0.0,0.6266604669773328,0.0,0.003161064404118,0.1906654149825057,0.1606691566032987,0.4240023851751492,0.3580976839129566,0.0,0.2559809311477919,0.0,0.0521136106547918,0.0,0.0,0.0,0.0,0.0,0.7829510024426032,0.0,0.0,0.0,0.3392500897818005,0.0,0.0,0.0,0.213262357586092,0.0,0.0,0.0,0.0
0.3177636016273309,0.4105005203552501,0.0,0.6313020822095686,0.5285212092059577,0.4207850900624074,0.3741579786155797,0.5571205752674158,0.1739936437378006,0.1022774980865143,0.0,0.0,0.2002926338624835,0.0,0.6250296425362937,0.2119980466643125,0.0867628297945433,0.1493611050306436,0.0,0.0,0.5580763614122434,0.8144000458926292,0.698104368417434,0.0,0.2538023321118589,0.0,0.6872248651390447,0.5568527363857301,0.8048536343738063,0.5414183655250615,0.0612337563991342,0.0,0.0,0.3185232006860302,0.0,0.3846604469178483,0.4067113235343621,0.0,0.0,0.0,0.3355791986981433,0.0,0.0,0.0,0.0,0.0,0.5112497045626243,0.0,0.0,0.0,0.5196508863555702,0.0,0.5224659403704316,0.0,0.0,0.0,0.0,0.0,0.0,0.6366106675561496,0.2131400792886082,0.0,0.0,0.0,0.6352146277093037,0.7294433285994281,0.6816229012407026,0.7399438593146143,0.0,0.0,0.0,0.6890972262680313,0.0,0.5491503832377795,0.1885621754166493,0.0
0.3824389344026833,0.1648662664039733,0.0,0.0,0.0,0.3578679111950439,0.0,0.7031129246960724,0.0,0.0,0.0,0.0,0.0343675355327646,0.1509310601065679,0.503270211793452,0.1167887820836689,0.0,0.0697416808784452,0.0,0.5580763614122434,0.0,0.4233450028904572,0.7014126144299355,0.0,0.2580223424226948,0.0,0.4211113818178855,0.352064086751686,0.6295185498933262,0.0,0.0327180808165717,0.0,0.1237803723782904,0.438513417124188,0.0,0.0,0.0,0.0,0.0,0.0,0.3405917153611988,0.0,0.0,0.0,0.0,0.3024337378195888,0.2619846902860872,0.0,0.0,0.0,0.297735784266674,0.0,0.5672751326649311,0.0,0.0,0.0,0.0,0.0,0.0,0.4264582315255044,0.0308429916908888,0.0,0.0,0.0,0.144055428157488,0.8185743742127843,0.2761983422131043,0.627901046762281,0.0,0.0,0.0,0.4148690984362445,0.0,0.3354697710352488,0.0,0.0
0.3041876929122017,0.5548491874327284,0.0,0.0,0.454899110051391,0.3539233146996639,0.2615861182637268,0.4556541647467097,0.1343926163133627,0.1590410092234356,0.0,0.0,0.3131527745462134,0.0,0.6373703304308319,0.3009095175123997,0.1417008989579683,0.2171031632019084,0.0,0.8144000458926292,0.4233450028904572,0.0,0.554716266770087,0.0,0.3966833072851182,0.0,0.6443557043325537,0.5568326245708075,0.7067796114069693,0.4404358617550651,0.0857658048925574,0.0,0.0,0.1428525143572972,0.0,0.3479009368156726,0.3304012411844221,0.0,0.0,0.0,0.398684909842267,0.0,0.0882419663506289,0.0,0.0,0.2784112337249071,0.5683497639727672,0.0,0.0,0.0,0.4918812694133732,0.0,0.0,0.0,0.0,0.0,0.0,0.0,0.0,0.630738866324423,0.4637324937379803,0.0,0.0,0.0,0.6815958429885698,0.5352739834121327,0.7677382060933358,0.5915012867989635,0.0,0.1410064609073773,0.0,0.6475037877690771,0.1396934154050856,0.5851365877043371,0.0,0.0
0.1717184243307801,0.3988775841962684,0.3979984805354582,0.6762444460832169,0.3157843927688518,0.6600485244193426,0.1188392919531237,0.834591002503228,0.0,0.0,0.1858081210975878,0.0,0.1048033369791764,0.1470489734937869,0.6727104269064088,0.0,0.0,0.0529457636150284,0.3313655219963511,0.698104368417434,0.7014126144299355,0.554716266770087,0.0,0.0,0.2526410423543895,0.0,0.678712265649715,0.4261398921129677,0.6204496029365159,0.3688392569774891,0.0,0.0,0.0,0.2071107546675023,0.0,0.4106674539184876,0.3471042913268515,0.0,0.0,0.0,0.3930527854867905,0.0,0.0,0.0,0.0,0.0,0.4523481149906969,0.6373493479648535,0.0,0.0,0.6964386360652228,0.0291619214350865,0.7771577293077219,0.2297966770646492,0.0,0.1127679939369478,0.0,0.0,0.0,0.6567392533230167,0.0,0.0,0.0,0.5019030546830507,0.4600646442399576,0.7712729585286644,0.3567782160301846,0.963067421005065,0.0,0.0,0.0,0.7303355491105435,0.0,0.4081052947832587,0.0766005866450015,0.0
0.1863145692719196,0.0,0.0,0.0,0.0,0.0,0.0,0.0,0.1236822585904328,0.4205568278732204,0.1152537473284961,0.5080188811570916,0.0,0.0,0.0,0.3435466996159337,0.3665692501537101,0.4481800834930286,0.0,0.0,0.0,0.0,0.0,0.0,0.4312012406930264,0.7406015041320992,0.0,0.0,0.0,0.0,0.4006160351373968,0.677097013644834,0.4922551475859129,0.0,0.471384114453077,0.0,0.0,0.6971629153059291,0.7773117164403006,0.5854468260663022,0.0,0.0,0.0,0.0,0.612454570441526,0.2165721693287377,0.0,0.0,0.0,0.0,0.0,0.0,0.0,0.0,0.0,0.0,0.5748838241382754,0.0,0.0,0.0,0.0,0.6332340023739681,0.5208954301517092,0.0,0.0,0.0,0.0,0.0,0.8512676850487089,0.508323513281414,0.6607701684321107,0.0,0.6002040056557003,0.0,0.0,0.6950490111737081
0.4989667347058392,0.4099296560974399,0.0,0.0,0.2678229084298624,0.2956587134726751,0.0,0.1119753574115809,0.1071165532300467,0.3616788505670824,0.0,0.0589543903888212,0.0,0.0,0.382255677085119,0.6301783021713427,0.2186248541633438,0.6914731193891182,0.0,0.2538023321118589,0.2580223424226948,0.3966833072851182,0.2526410423543895,0.4312012406930264,0.0,0.4530281753025473,0.4727436568269492,0.4013882269610084,0.4411552760793076,0.0,0.3111516790521041,0.1486944137897206,0.1290046359250674,0.0,0.0,0.0,0.0,0.1375407692112672,0.1763806891825152,0.1511661046393075,0.0,0.0,0.0,0.0,0.0,0.4935108588025555,0.4609516871233466,0.0,0.0,0.0,0.0,0.0,0.0,0.0,0.1501722320773283,0.0,0.0,0.2871299337896331,0.0,0.3067407776961211,0.2952077740746237,0.400592535273818,0.5828537665190301,0.0,0.4139589378548468,0.2893109234391574,0.3073626627814571,0.2307338574735422,0.3246378560559923,0.5037254794530797,0.2006227025985106,0.0,0.0,0.6491703384768014,0.0,0.342631200293627
0.2762329126460109,0.3216865621181082,0.0,0.0,0.0,0.0784151538688649,0.0,0.0,0.0726206572604725,0.4287525858572934,0.0296211522256759,0.4458867485160429,0.2099599837900268,0.0,0.0,0.3256914733986991,0.3663207238932615,0.4826006114247403,0.0,0.0,0.0,0.0,0.0,0.7406015041320992,0.4530281753025473,0.0,0.0,0.0,0.0,0.0,0.2230069768191259,0.5270061620039936,0.4223021745530936,0.0,0.329729964443467,0.0,0.0,0.5704553202133035,0.6482705067491675,0.5891438627122508,0.0,0.4922838513142943,0.0,0.0,0.5291313879204104,0.2072132469543251,0.1953443964941162,0.0,0.0,0.0,0.0,0.0,0.0,0.0,0.0826900631648549,0.0,0.447372902536567,0.492296773328001,0.0,0.0,0.1203509607582256,0.6096822683837415,0.3572706280123253,0.0,0.0733511303998467,0.0,0.0,0.0,0.6215766022369397,0.4457865791913027,0.7946904506762028,0.0,0.5583874271414592,0.0311032706438622,0.0,0.5631845489774998
0.1612019977569724,0.5173401080013543,0.2741287797749949,0.5794072044895602,0.4011431347881741,0.6317523165560913,0.0,0.5496527086628975,0.1660942388486875,0.0,0.3327350398638601,0.0,0.135649611933832,0.0,0.620613518873961,0.0962006454030337,0.0,0.3262387969652578,0.2198309993964134,0.6872248651390447,0.4211113818178855,0.6443557043325537,0.678712265649715,0.0,0.4727436568269492,0.0,0.0,0.5625366750090413,0.5613376265198843,0.3207821727616922,0.0,0.0,0.0,0.0,0.0,0.2972631741755102,0.2610956967909864,0.0,0.0,0.0,0.1310921458058365,0.0,0.0,0.0528334261886977,0.0,0.0,0.4955793821719669,0.468025789285356,0.0,0.0,0.7168802029850255,0.0,0.4794760606553046,0.5481807485869238,0.0,0.4809516494508969,0.0,0.0482167041671002,0.0,0.5379864325488066,0.0,0.0,0.0,0.316419953674834,0.6722841953670843,0.5334256041321689,0.4899807933419566,0.7294128736722475,0.0,0.0,0.0,0.9649180481714148,0.129846427926679,0.6572133887906636,0.4599789010881643,0.0
0.2621331008572644,0.4530343210186909,0.3033497483712175,0.4882860851589427,0.5084531778557164,0.355778879288854,0.1165468279677002,0.3390572431784233,0.0807422664333473,0.1800148853694928,0.2734829195619105,0.0641966376644297,0.2488930406738328,0.156692941435872,0.5099037924125608,0.307593247445176,0.3815035880128244,0.5584048440438107,0.3837292204672166,0.5568527363857301,0.352064086751686,0.5568326245708075,0.4261398921129677,0.0,0.4013882269610084,0.0,0.5625366750090413,0.0,0.4770979035882197,0.2686973566657016,0.1488485453878242,0.0,0.0,0.0687262200328453,0.0,0.5187943240807058,0.5794557201417416,0.0,0.0,0.0,0.1233346673450985,0.0,0.2724361084702242,0.0,0.0,0.0,0.0,0.5681186396302835,0.0,0.0,0.5985169613701546,0.0,0.3552267955422645,0.2903546390756077,0.3000547320485098,0.0,0.0,0.2455525718414469,0.0,0.5401682495880834,0.0,0.0,0.0,0.0,0.5279018298951135,0.4540917351214342,0.4967500180021072,0.5246070201774531,0.0,0.0577261465565514,0.0,0.6534733835421564,0.3106017897013158,0.5610842850100304,0.0,0.0
0.4125290898506978,0.1790803523929751,0.0,0.5589394341460504,0.5562344554173635,0.2370584300296398,0.4529731216383307,0.3903535376842173,0.1772871772111695,0.152987727201665,0.0,0.0,0.0,0.0,0.5340242683278705,0.369165074682041,0.0480565512281434,0.1579220853311128,0.0,0.8048536343738063,0.6295185498933262,0.7067796114069693,0.6204496029365159,0.0,0.4411552760793076,0.0,0.5613376265198843,0.4770979035882197,0.0,0.4967916363621834,0.1870556647627713,0.0,0.0,0.4572314448788651,0.0,0.2616884042964548,0.3106965325254463,0.0,0.0,0.0,0.3369461975786336,0.0,0.0,0.0,0.0,0.0,0.3708758078058678,0.4617914957777181,0.0,0.0,0.2321215351509979,0.2587389142098921,0.2779114513707556,0.2793614618710472,0.0,0.0,0.0,0.0,0.0,0.4852315325426979,0.0,0.0,0.0,0.0,0.3101685271681763,0.7107168278237374,0.4627408288143462,0.6117682338699707,0.0,0.0,0.0,0.519910270875678,0.0,0.5889530453442515,0.0213491851511188,0.0
0.0,0.0,0.0,0.0,0.0,0.1152344209844023,0.0,0.2624529067811847,0.1498122499900201,0.0,0.0,0.0,0.0,0.0,0.0,0.1299663237302707,0.0,0.0,0.0,0.5414183655250615,0.0,0.4404358617550651,0.3688392569774891,0.0,0.0,0.0,0.3207821727616922,0.2686973566657016,0.4967916363621834,0.0,0.1367619949290501,0.0,0.0,0.339214875771442,0.0,0.0,0.0,0.0,0.0,0.0,0.0,0.0,0.0,0.0,0.0,0.0,0.0,0.0,0.0,0.0,0.0,0.0,0.0,0.0,0.0,0.0,0.0,0.0,0.0,0.0,0.0,0.0,0.0,0.0,0.2262339229565444,0.0,0.0,0.439454090836367,0.0,0.0,0.0,0.3327497022879324,0.0,0.3261280004131667,0.0,0.0
0.3982554365127324,0.0,0.1487440574401426,0.0,0.2944204396612471,0.0,0.3754266326968505,0.0,0.4242680226677834,0.565555344282134,0.233600904825991,0.0158138031090812,0.0,0.3281034233108264,0.0,0.6116507247184386,0.5234503653393289,0.1911193464246788,0.0598354410922661,0.0612337563991342,0.0327180808165717,0.0857658048925574,0.0,0.4006160351373968,0.3111516790521041,0.2230069768191259,0.0,0.1488485453878242,0.1870556647627713,0.1367619949290501,0.0,0.5452922548106582,0.4690292631870403,0.4046582615982177,0.5402596795959441,0.0181180911710574,0.1689324948901898,0.4937117511376871,0.5381675737149453,0.4572733352367964,0.0,0.0,0.368223862685719,0.0,0.0,0.0,0.0631342644953173,0.0,0.0,0.0,0.0,0.0,0.0,0.0,0.4065816510640543,0.0,0.2702578656556437,0.0,0.0,0.0,0.4060516989392959,0.3799961211810388,0.5486648869928907,0.0,0.0,0.0,0.1773871921387659,0.0,0.2370613287658558,0.696123250616462,0.3915612526012995,0.0,0.3054432161673068,0.1180095629296103,0.0,0.4945061292679636
0.0821660750238567,0.0,0.0251268227870102,0.0,0.025511192403044,0.0,0.0559742750136414,0.0,0.3247322615639696,0.4768604443925761,0.1606744915437804,0.2866377359993617,0.0758828211530296,0.1630077598647756,0.0,0.2533633126131289,0.4874582854367972,0.2456331564839627,0.0200648185238799,0.0,0.0,0.0,0.0,0.677097013644834,0.1486944137897206,0.5270061620039936,0.0,0.0,0.0,0.0,0.5452922548106582,0.0,0.5335662868687364,0.0,0.6270955031896378,0.0,0.0350607005928227,0.6809735399648644,0.8901476547800363,0.6158786095945934,0.0,0.5861148585717917,0.512625058301432,0.2599229825752411,0.5294632433219235,0.0272161006270859,0.0,0.0,0.0,0.534183533254184,0.0,0.312214033801076,0.0,0.1972586103713462,0.1630250448000754,0.3112339745968989,0.5905105573698403,0.5735414739489129,0.0,0.0,0.2262444469584418,0.4490141518227904,0.3521208139261544,0.0,0.0,0.0,0.0620963493315061,0.0,0.5618769410286728,0.4804479346416354,0.6181765040581735,0.0,0.514541098847741,0.0,0.0,0.6833817185793583
0.2873974993497973,0.0,0.0,0.0,0.0,0.0,0.1598464421692761,0.0,0.2707874667074376,0.4683819327190958,0.0553190874494392,0.2017521139920122,0.0,0.0,0.0,0.3585090682400211,0.3274490908484476,0.1253738299544497,0.0,0.0,0.1237803723782904,0.0,0.0,0.4922551475859129,0.1290046359250674,0.4223021745530936,0.0,0.0,0.0,0.0,0.4690292631870403,0.5335662868687364,0.0,0.2590911247008487,0.5218330559343172,0.0,0.0,0.4868715006588113,0.5263533978909819,0.6978781144594497,0.0,0.4497652100207884,0.0,0.0,0.4135625437482618,0.163813402036806,0.0,0.0,0.0,0.0,0.0,0.0,0.0,0.0,0.0701290035194797,0.0,0.3798812509465469,0.0,0.0,0.0,0.0071635344222378,0.2636907563895452,0.4039745625172155,0.0,0.0,0.0,0.0,0.0,0.4535037195715587,0.4207576731401767,0.5096069857679237,0.0,0.1256766770684076,0.0,0.0,0.4526574928047088
0.1631969484718408,0.0,0.2453351053118617,0.3187165182766133,0.3436842339652536,0.0,0.6332592545461001,0.2958538436458172,0.2725384886138908,0.2678321039118196,0.2235880493322878,0.0,0.0,0.5056080802096432,0.064728083080779,0.136379627282131,0.2567446878123153,0.0,0.340160469314978,0.3185232006860302,0.438513417124188,0.1428525143572972,0.2071107546675023,0.0,0.0,0.0,0.0,0.0687262200328453,0.4572314448788651,0.339214875771442,0.4046582615982177,0.0,0.2590911247008487,0.0,0.2929281807168932,0.1194433257118081,0.1454672501058381,0.0,0.0,0.0,0.3630493095487314,0.0,0.0,0.0,0.0057593860808026,0.0,0.0,0.2702819355800991,0.0,0.0,0.0,0.4247714054418557,0.2616302717695188,0.0976832853763659,0.3047014893240243,0.0,0.0,0.0,0.0,0.129246547053878,0.0,0.0,0.0,0.0,0.0,0.4020472701246364,0.1062291087530683,0.1331460664888387,0.0,0.1678661745939011,0.0,0.0,0.0,0.0,0.0,0.0
0.0011526996934284,0.0,0.0,0.0,0.0083437894188982,0.0,0.2886116935939251,0.0,0.2915113345700653,0.4018382059216641,0.028799014178327,0.1771547292467786,0.0,0.0,0.0,0.1165877309612959,0.3769853776881574,0.0,0.0,0.0,0.0,0.0,0.0,0.471384114453077,0.0,0.329729964443467,0.0,0.0,0.0,0.0,0.5402596795959441,0.6270955031896378,0.5218330559343172,0.2929281807168932,0.0,0.0,0.0,0.6114010682459847,0.6551006656576707,0.5467121717410262,0.0,0.6434004947954908,0.2199063228856995,0.0,0.4835357740517421,0.0,0.0,0.0,0.0,0.0,0.0,0.0,0.0,0.0,0.0,0.0,0.503399386532968,0.2444922889746028,0.0,0.0,0.0124023991127777,0.0,0.0,0.0,0.0,0.0,0.0,0.0,0.0,0.429946747132099,0.4976763201780299,0.0,0.0852096501336068,0.0,0.0,0.0
0.0,0.0,0.2707324972941469,0.4354612483579223,0.2554404946011498,0.364422336195386,0.2070513190591413,0.329236746821509,0.0,0.0,0.0582300105724635,0.0327547624731309,0.3120915368624725,0.2784156588463571,0.292432737912942,0.0,0.0,0.0,0.217213267715269,0.3846604469178483,0.0,0.3479009368156726,0.4106674539184876,0.0,0.0,0.0,0.2972631741755102,0.5187943240807058,0.2616884042964548,0.0,0.0181180911710574,0.0,0.0,0.1194433257118081,0.0,0.0,0.534265835934373,0.0,0.0,0.0,0.364618257224538,0.0,0.1772685601540668,0.2403394764674954,0.0,0.0,0.0,0.4732148987504083,0.0,0.0,0.5146260942523458,0.0315261846918742,0.3962967233656113,0.0,0.0,0.0528078767026058,0.0,0.0893866416736438,0.0,0.0,0.0,0.0,0.0,0.3640347809724588,0.3329929186824305,0.0,0.3040149876454236,0.48230534594797,0.0,0.0,0.0,0.3669826771773893,0.0,0.1730230167778959,0.0,0.0
0.0,0.0,0.0778651255957154,0.2620069213816431,0.3217476624170099,0.2992428719826053,0.2553103699029778,0.2673557131429964,0.0,0.1888921565019641,0.0116059766495858,0.0734079976335147,0.3339740062847648,0.387865428841806,0.0,0.0,0.0,0.0,0.1555160897287207,0.4067113235343621,0.0,0.3304012411844221,0.3471042913268515,0.0,0.0,0.0,0.2610956967909864,0.5794557201417416,0.3106965325254463,0.0,0.1689324948901898,0.0350607005928227,0.0,0.1454672501058381,0.0,0.534265835934373,0.0,0.0,0.0,0.0,0.2190545962607465,0.0,0.2539478888676191,0.0,0.0,0.0,0.0,0.0,0.0,0.0,0.0,0.0,0.0,0.0,0.0,0.0,0.0,0.0,0.0,0.0,0.0,0.0,0.0,0.0,0.0,0.0,0.0,0.3862123409917344,0.0,0.0,0.0,0.0,0.0,0.0,0.0,0.0
0.0,0.0,0.0,0.0,0.0,0.0,0.0,0.0,0.3351142510071163,0.422928608471759,0.1204098876129042,0.3701927734468908,0.0286491134664738,0.0,0.0,0.0,0.393595653365004,0.0,0.0,0.0,0.0,0.0,0.0,0.6971629153059291,0.1375407692112672,0.5704553202133035,0.0,0.0,0.0,0.0,0.4937117511376871,0.6809735399648644,0.4868715006588113,0.0,0.6114010682459847,0.0,0.0,0.0,0.7679247528276744,0.6514722176179878,0.0,0.6083270965471245,0.0,0.0,0.6410732607162992,0.0,0.0,0.0,0.0,0.0,0.0,0.0,0.0,0.0,0.0841865787644245,0.0,0.555188408678957,0.0,0.0,0.0,0.0,0.0,0.0,0.0,0.0,0.0,0.0,0.0,0.5849934410033751,0.531613049853092,0.6303154533470183,0.0,0.4051025846808215,0.0,0.0,0.0
0.0310948591908504,0.0,0.0141663595767027,0.0,0.0277793530731152,0.0,0.0,0.0,0.3605294004581992,0.42509795597546,0.1766640604403732,0.3978085144327937,0.0620980068953552,0.0489786830300143,0.0,0.2869019453466071,0.0,0.2508283964823176,0.0,0.0,0.0,0.0,0.0,0.7773117164403006,0.1763806891825152,0.6482705067491675,0.0,0.0,0.0,0.0,0.5381675737149453,0.8901476547800363,0.5263533978909819,0.0,0.6551006656576707,0.0,0.0,0.7679247528276744,0.0,0.7043831183355787,0.0,0.7233357789408723,0.5911486547259258,0.2649700379815217,0.5508575668052385,0.0675832546908532,0.0,0.0,0.0,0.6604743638020693,0.0,0.3164427928931617,0.0,0.1878125599831992,0.1195238103830784,0.3445325584295475,0.7117517889058749,0.6759537890120932,0.6677515312187654,0.0,0.2242382454024122,0.5697232709127289,0.4879521813961638,0.0,0.0,0.0,0.0,0.0,0.6962908327884426,0.5921810896030921,0.7317711337364972,0.0,0.6306660468285312,0.0,0.1459173591888792,0.7504432488302716
0.1764159340755063,0.0,0.0,0.0,0.0,0.0,0.0,0.0,0.0,0.4140012419661139,0.0,0.2459922014699298,0.0,0.0,0.0,0.2773740402290067,0.249712137677892,0.0913375940170612,0.0,0.0,0.0,0.0,0.0,0.5854468260663022,0.1511661046393075,0.5891438627122508,0.0,0.0,0.0,0.0,0.4572733352367964,0.6158786095945934,0.6978781144594497,0.0,0.5467121717410262,0.0,0.0,0.6514722176179878,0.7043831183355787,0.0,0.0,0.5478319835718041,0.2058236743385983,0.0263819357294174,0.5044197835476318,0.0800250384816662,0.0,0.0,0.0,0.4943588782526409,0.0,0.2987613727265256,0.0,0.1580496581447693,0.0525584499449561,0.188200265030345,0.4730074888141173,0.3187334056865901,0.0,0.0,0.1362857020465655,0.365864388241018,0.3810652136231581,0.0,0.0,0.0,0.0,0.0,0.5581358709003404,0.5201844182827989,0.6643253545256722,0.0,0.3161152310187127,0.0,0.0,0.6415715760274663
0.0091735900801556,0.193337326878606,0.0728378059681132,0.0,0.0,0.2376518961835055,0.2837487197289021,0.4165939108113563,0.0,0.0,0.0,0.0,0.3011934995123003,0.0,0.2777141274308368,0.0,0.0,0.0,0.0,0.3355791986981433,0.3405917153611988,0.398684909842267,0.3930527854867905,0.0,0.0,0.0,0.1310921458058365,0.1233346673450985,0.3369461975786336,0.0,0.0,0.0,0.0,0.3630493095487314,0.0,0.364618257224538,0.2190545962607465,0.0,0.0,0.0,0.0,0.0,0.0,0.0103168902809668,0.0,0.0,0.2252142601983866,0.1948317507384527,0.4053370557517133,0.0,0.1783130441125254,0.0804814403941403,0.5547144241569566,0.0,0.2773252927947905,0.0,0.0,0.0,0.0,0.3778923043554902,0.0837443198283685,0.0,0.0,0.2797490335768257,0.0943668131458902,0.4232289460638074,0.2558536453493008,0.417382268712375,0.0,0.0,0.0,0.1745746119974499,0.0,0.0349636426553151,0.0,0.0
0.0,0.0,0.0,0.0,0.0,0.0,0.0,0.0,0.0,0.2720968169196264,0.0,0.2843301413141877,0.0,0.0,0.0,0.0807749350845994,0.0,0.0,0.0,0.0,0.0,0.0,0.0,0.0,0.0,0.4922838513142943,0.0,0.0,0.0,0.0,0.0,0.5861148585717917,0.4497652100207884,0.0,0.6434004947954908,0.0,0.0,0.6083270965471245,0.7233357789408723,0.5478319835718041,0.0,0.0,0.2967159068850036,0.06596899250965,0.4006888931709506,0.0,0.0,0.0,0.0,0.5867383594628476,0.0,0.1330461592243684,0.0,0.0,0.0,0.0,0.5484513032093081,0.3249628344479941,0.0,0.0,0.0244414908125607,0.3999347386406862,0.3963669605652573,0.0,0.0,0.0,0.0,0.0,0.4857411347906114,0.4200003941480753,0.5853605958024433,0.0,0.3991166547031853,0.0,0.0,0.59392663782107
0.0,0.0,0.0,0.0,0.1507895814212284,0.0,0.1142263388483443,0.0,0.2068106262159823,0.0,0.1704078139234439,0.4307825255772354,0.3487756815303489,0.185161191301817,0.0,0.0,0.0,0.0,0.0,0.0,0.0,0.0882419663506289,0.0,0.0,0.0,0.0,0.0,0.2724361084702242,0.0,0.0,0.368223862685719,0.512625058301432,0.0,0.0,0.2199063228856995,0.1772685601540668,0.2539478888676191,0.0,0.5911486547259258,0.2058236743385983,0.0,0.2967159068850036,0.0,0.6564993359067577,0.1094897041758087,0.0,0.0,0.0,0.0,0.3770933184734831,0.1321426824433,0.2193529936281293,0.0,0.1761483929878823,0.3221661268320772,0.3690681939246101,0.5670829736555608,0.7430078802385179,0.4963403279114768,0.0,0.0,0.5014901982230245,0.0,0.0,0.3602163128427776,0.0,0.2473714028128791,0.0,0.4331626522676212,0.3228896075288834,0.4621606975004868,0.0590324280486272,0.717543019456233,0.1438361068265103,0.0,0.4741217719982219
0.0,0.0,0.0,0.0,0.0,0.0,0.0,0.0,0.0,0.0,0.0,0.0,0.0,0.0,0.0,0.0,0.0,0.0,0.0,0.0,0.0,0.0,0.0,0.0,0.0,0.0,0.0528334261886977,0.0,0.0,0.0,0.0,0.2599229825752411,0.0,0.0,0.0,0.2403394764674954,0.0,0.0,0.2649700379815217,0.0263819357294174,0.0103168902809668,0.06596899250965,0.6564993359067577,0.0,0.0,0.0,0.0,0.0,0.0476992720449932,0.1208993109323933,0.1273522625138917,0.1553274068582381,0.0,0.1540215910707429,0.2679536909839393,0.30163590431194,0.2423797853451356,0.4967885273161327,0.259430311068151,0.0,0.0,0.0,0.0,0.0,0.0,0.0,0.0,0.0,0.0,0.0,0.0,0.1370468585965887,0.5349985642996716,0.1824824266931266,0.0,0.306110921479399
0.0,0.0,0.0,0.0,0.0,0.0,0.0,0.0,0.0,0.326382899917322,0.0,0.1978293861710377,0.0,0.0,0.0,0.0,0.0,0.0,0.0,0.0,0.0,0.0,0.0,0.612454570441526,0.0,0.5291313879204104,0.0,0.0,0.0,0.0,0.0,0.5294632433219235,0.4135625437482618,0.0057593860808026,0.4835357740517421,0.0,0.0,0.6410732607162992,0.5508575668052385,0.5044197835476318,0.0,0.4006888931709506,0.1094897041758087,0.0,0.0,0.1584186780882001,0.0,0.0,0.0,0.279613639958322,0.0,0.0332706521589014,0.0,0.1492382450639176,0.0,0.2746197476851422,0.3091152043970013,0.1729995369038616,0.0,0.0,0.0,0.3536335097007267,0.3361920120421963,0.0,0.0,0.0,0.0,0.0,0.4774333691888757,0.4153938605525161,0.404928414359349,0.0,0.2567267828565322,0.0,0.0,0.410627764031464
0.6790701296399013,0.0,0.0,0.0,0.0,0.0,0.0,0.0,0.0,0.130702405504182,0.0,0.0,0.0,0.0,0.0,0.5525185170681495,0.0,0.3827979360217923,0.0,0.0,0.3024337378195888,0.2784112337249071,0.0,0.2165721693287377,0.4935108588025555,0.2072132469543251,0.0,0.0,0.0,0.0,0.0,0.0272161006270859,0.163813402036806,0.0,0.0,0.0,0.0,0.0,0.0675832546908532,0.0800250384816662,0.0,0.0,0.0,0.0,0.1584186780882001,0.0,0.2435167117637954,0.0,0.0,0.0,0.0905126997821272,0.0,0.0112515938682397,0.0,0.0,0.0,0.0,0.0789541499637541,0.0,0.1626762902068763,0.2011940533627496,0.0,0.3933897184811629,0.0,0.2591907650048545,0.4221966943983271,0.280607156711463,0.1500717634914194,0.2658058126625303,0.3400730880260457,0.1432575672488466,0.3282794831527564,0.2941604650113877,0.5502241876547579,0.0,0.3394085477938006
0.175347381404297,0.6467879358804818,0.0,0.0,0.0,0.4928925043773043,0.0,0.0,0.0,0.0,0.0,0.0,0.0,0.0,0.395116395798568,0.2278113214581899,0.0,0.4116321246979998,0.0,0.5112497045626243,0.2619846902860872,0.5683497639727672,0.4523481149906969,0.0,0.4609516871233466,0.1953443964941162,0.4955793821719669,0.0,0.3708758078058678,0.0,0.0631342644953173,0.0,0.0,0.0,0.0,0.0,0.0,0.0,0.0,0.0,0.2252142601983866,0.0,0.0,0.0,0.0,0.2435167117637954,0.0,0.0,0.0,0.0,0.7358677191454197,0.2593280604090084,0.3927287911707094,0.2434008200235359,0.4039050017479721,0.0,0.0,0.429877952794863,0.0,0.528835447520974,0.3861510045568603,0.2033766641200995,0.1152918577450822,0.0,0.5608764802784246,0.3954003026682361,0.5620062766012842,0.5800629938985534,0.0,0.3117113239558978,0.2546955986272878,0.6079405305097318,0.2772727345690693,0.5586253443092646,0.0,0.0
0.0,0.0,0.7450172348028411,0.0,0.3797721459402235,0.5299687194008084,0.1646758265612372,0.5690315807843307,0.1669726337508037,0.0,0.3142806689359189,0.0,0.1348922084348085,0.1554877990635827,0.0,0.0,0.0,0.0,0.6266604669773328,0.0,0.0,0.0,0.6373493479648535,0.0,0.0,0.0,0.468025789285356,0.5681186396302835,0.4617914957777181,0.0,0.0,0.0,0.0,0.2702819355800991,0.0,0.4732148987504083,0.0,0.0,0.0,0.0,0.1948317507384527,0.0,0.0,0.0,0.0,0.0,0.0,0.0,0.3976797731279929,0.0,0.5961058083582403,0.0,0.5898487352767927,0.3111234924938187,0.2565029899774965,0.2628347995977361,0.0,0.0260066979804789,0.0,0.0,0.0,0.0,0.0,0.7367054718729089,0.0,0.5874676797471405,0.0,0.6776707215633999,0.0,0.0,0.0,0.539290134413106,0.0,0.2890320073263903,0.1750738572325622,0.0
0.0,0.0,0.0,0.0,0.0,0.0,0.0,0.0,0.0,0.0,0.0,0.0,0.0,0.0,0.0,0.0,0.0,0.0,0.0,0.0,0.0,0.0,0.0,0.0,0.0,0.0,0.0,0.0,0.0,0.0,0.0,0.0,0.0,0.0,0.0,0.0,0.0,0.0,0.0,0.0,0.4053370557517133,0.0,0.0,0.0476992720449932,0.0,0.0,0.0,0.3976797731279929,0.0,0.0,0.327618741933391,0.1098645943184457,0.417945638998508,0.0254171257331666,0.0,0.0781657945670023,0.0,0.0,0.0,0.0,0.0,0.0,0.0,0.4090031523828258,0.0,0.0,0.0,0.4642637446059255,0.0,0.0,0.0,0.245186791416951,0.0,0.0,0.0,0.0
