0.0,0.0438857468600587,0.0,0.0,0.0,0.0,0.0,0.0634446991708652,0.0,0.2015348956432703,0.0,0.0,0.0,0.0,0.1652707354668598,0.3987214353302384,0.0803631138111162,0.1981241081956803,0.0,0.2074937764702633,0.2497255770078445,0.1986289582409516,0.112128966852861,0.1216599805379849,0.3258160833617821,0.1803750018465656,0.1052619340851158,0.1711680845640819,0.2693738940476549,0.0,0.2600534614368889,0.0536529329260114,0.1876652712356166,0.1065646001412035,0.0007526916591475,0.0,0.0,0.0,0.0203043700703249,0.1151963541557095,0.0059901852816799,0.0,0.0,0.0,0.0,0.4434202815097225,0.1144986089515038,0.0,0.0,0.0,0.0,0.0,0.0,0.0,0.1276935564229856,0.0,0.0,0.0,0.0,0.0,0.1630613299780131,0.0,0.246882114826438,0.0,0.0,0.2602976364382902,0.1778002116192965,0.0,0.063577838973121,0.2484527248603301,0.070934078298945,0.0,0.0,0.0,0.0,0.0
0.0438857468600587,0.0,0.0,0.0,0.0835549879575503,0.4341785828829873,0.0,0.2292573869102187,0.0,0.0,0.0,0.0,0.4188032073076004,0.0,0.2900789728899848,0.125500926097618,0.0,0.332904497627375,0.0,0.2680492755473382,0.1076546339905615,0.3623062952530798,0.260459712409996,0.0,0.2676765117062365,0.2100553973828109,0.3378135575597722,0.2958230636152402,0.1169361702200948,0.0,0.0,0.0,0.0,0.0,0.0,0.0,0.0,0.0,0.0,0.0,0.1262457118476255,0.0,0.0,0.0,0.0,0.0,0.4223406038449959,0.0,0.0,0.0,0.0,0.0,0.0,0.0,0.0,0.0,0.0,0.0,0.0,0.3385010455082194,0.0901886271159678,0.0,0.0,0.0,0.3833396523256882,0.1276947897713812,0.3021516799025421,0.2786132928711742,0.0,0.0,0.1440016621522847,0.32848970681311,0.0,0.1672638568423811,0.0,0.0
0.0,0.0,0.0,0.0,0.2402480067660248,0.2529455676995417,0.1450812801333739,0.2786153048152661,0.2263381265140794,0.0966161720728292,0.3252607258716924,0.0,0.1241240879100858,0.0856005596131504,0.0,0.0,0.0,0.0,0.4521072441355319,0.0,0.0,0.0,0.2598856739186264,0.0,0.0,0.0,0.1790010418544002,0.198081795896394,0.0,0.1801922478826407,0.0971271286192219,0.0164073522709197,0.0,0.1601993030076153,0.0,0.1767833319773029,0.0508444922025227,0.0,0.0092503717617509,0.0,0.0,0.0,0.0,0.0,0.0,0.0,0.0,0.4864825259815986,0.0,0.0696038274650374,0.2140417021727703,0.0,0.2592677039322718,0.2795222714519313,0.0,0.2289139870110697,0.0,0.0,0.0,0.0,0.0,0.0,0.0,0.3845288385411657,0.0,0.0,0.0,0.2414894177199593,0.0,0.0,0.0,0.1631950653399183,0.0,0.0,0.0,0.0
0.0,0.0,0.0,0.0,0.2375197278684863,0.2869860074924411,0.115213089030714,0.3879536821921912,0.0,0.0,0.0997845018372572,0.0,0.0,0.053125731624046,0.0,0.0,0.0,0.0,0.2592016150934227,0.0,0.0,0.0,0.441575162215745,0.0,0.0,0.0,0.3783422278635091,0.3188418160187273,0.0,0.0,0.0,0.0,0.0,0.2081160134829621,0.0,0.2843481709846942,0.1710856916915955,0.0,0.0,0.0,0.0,0.0,0.0,0.0,0.0,0.0,0.0,0.0,0.0,0.0,0.0,0.0,0.0,0.0,0.0,0.0,0.0,0.0,0.0,0.0,0.0,0.0,0.0,0.0,0.0,0.0,0.0,0.0,0.0,0.0,0.0,0.0,0.0,0.0,0.0,0.0
0.0,0.0835549879575503,0.2402480067660248,0.2375197278684863,0.0,0.18025149711031,0.4066812142666279,0.1874585922475657,0.3870336153180224,0.1907116606848288,0.3566888674161716,0.0138477672233237,0.1727986425943666,0.2678846694895218,0.0,0.0,0.0,0.0,0.2571393551655171,0.345114610613546,0.0,0.2970407364913459,0.2062013895563245,0.0,0.1748834240635758,0.0,0.261939075199477,0.3320105559330836,0.3632108497208768,0.0,0.1922511218481011,0.0166583385474562,0.0,0.2244194717504939,0.0054483407405177,0.1667979360027047,0.2100952947521057,0.0,0.0,0.0,0.0,0.0,0.0984628180862419,0.0,0.0,0.0,0.0,0.2479842132824545,0.0,0.0,0.0,0.0,0.1633133472105365,0.3862692964372371,0.0,0.3084397668511571,0.0,0.0,0.0,0.0,0.0,0.0,0.0,0.0,0.0,0.0,0.0,0.2020387454156955,0.0,0.0,0.0,0.2355203996402529,0.0,0.0,0.0,0.0
0.0,0.4341785828829873,0.2529455676995417,0.2869860074924411,0.18025149711031,0.0,0.0,0.3821003211576935,-0.0049313592834575,0.0,0.1426279999698197,0.0,0.3181884532057931,0.0,0.3512175733424872,0.0,0.0,0.1789046056919892,0.1578382893616442,0.2747649100535598,0.2336811516206007,0.2311054027957316,0.4309995238095722,0.0,0.1930596918294382,0.0512036505295832,0.4125226214857517,0.232317052280203,0.1547947865616429,0.0752459534917395,0.0,0.0,0.0,0.0,0.0,0.2379610703682082,0.1954000812915568,0.0,0.0,0.0,0.1551823090243865,0.0,0.0,0.0,0.0,0.0,0.0,0.3460598080976839,0.0,0.0,0.5202768478421641,0.0,0.4022717467407627,0.1979957908283711,0.0,0.1773318162126833,0.0,0.079377926211534,0.0,0.3970203190984727,0.0,0.0,0.0,0.2215010826218906,0.2732452453261644,0.252738353253464,0.1446247681637228,0.4493262110825066,0.0,0.0,0.0,0.4071407596933931,0.0020841204001026,0.1008021414242125,0.0,0.0
0.0,0.0,0.1450812801333739,0.115213089030714,0.4066812142666279,0.0,0.0,0.1145821986008938,0.3151926875367452,0.2876486950213192,0.1854869333577802,0.0,0.2421298052404567,0.3825908269431256,0.0,0.0335679218359709,0.149050538645542,0.0,0.2018454634938626,0.2443182654710608,0.0,0.1708109150096855,0.0775998678077827,0.0,0.0,0.0,0.0,0.0761029310682645,0.2957831015475788,0.0,0.2451466732087917,0.0365501701525484,0.104376781265013,0.413506624225059,0.188458117703218,0.1352006960353997,0.1667129669725908,0.0,0.0,0.0,0.0,0.0,0.0,0.0,0.0,0.0,0.0,0.0,0.0,0.0,0.0,0.0,0.0,0.0,0.0,0.0,0.0,0.0,0.0,0.0,0.0,0.0,0.0,0.0,0.0,0.0,0.0,0.0453045992930035,0.0,0.0,0.0,0.0,0.0,0.0,0.0,0.0
0.0634446991708652,0.2292573869102187,0.2786153048152661,0.3879536821921912,0.1874585922475657,0.3821003211576935,0.1145821986008938,0.0,0.0136620234858198,0.0447825852017091,0.1590512006240036,0.0,0.1411263985945573,0.1713630297254944,0.3464656828163007,0.0,0.0,0.0215656793015803,0.297746227535077,0.363789469654535,0.4591197836476554,0.2975337732940853,0.5449725457247057,0.0,0.073117845033067,0.0,0.3589130903712812,0.2213981320277069,0.2548936671092257,0.1713769119393758,0.0,0.0,0.0,0.1931871082368593,0.0,0.2149855288677692,0.1745783541502046,0.0,0.0,0.0,0.2720281472329888,0.0,0.0,0.0,0.0,0.0,0.0,0.3715671367743876,0.0,0.0,0.3500151892865241,0.0514036053007097,0.5462238282828897,0.2027547614783438,0.0,0.1376909697492989,0.0,0.0,0.0,0.3643578439065696,0.0,0.0,0.0,0.3569711811296406,0.2240565830066532,0.437239283411223,0.0,0.4893230988484514,0.0,0.0,0.0,0.3497592500123612,0.0,0.1091861233789644,0.0,0.0
0.0,0.0,0.2263381265140794,0.0,0.3870336153180224,-0.0049313592834575,0.3151926875367452,0.0136620234858198,0.0,0.2579547139859017,0.4757983659358713,0.0719027357072035,0.1288180092131317,0.1345195818592653,0.0,0.1725738033594952,0.0,0.0,0.1981302972614388,0.1136146432004459,0.0,0.0877559020157465,0.0,0.0,0.0,0.0,0.1084564773692566,0.0527232121527617,0.1157652598690032,0.0978246386708339,0.2770392008652823,0.2120441829982142,0.1768192259912669,0.1779626110303068,0.1903515298292955,0.0,0.0,0.2188234307968948,0.2354190550664925,0.0,0.0,0.0,0.1350435280440355,0.0,0.0,0.0,0.0,0.1090300530542593,0.0,0.0,0.0,0.0,0.0,0.5582600620526014,0.0,0.4648931362989248,0.0,0.0,0.3031995384851035,0.0,0.0,0.0,0.0,0.096955923361657,0.0,0.0,0.0,0.0,0.0,0.0,0.0,0.0409935133785069,0.0,0.0,0.0,0.0
0.2015348956432703,0.0,0.0966161720728292,0.0,0.1907116606848288,0.0,0.2876486950213192,0.0447825852017091,0.2579547139859017,0.0,0.1496149789628363,0.2464739868952168,0.1869492053543515,0.1795794437751495,0.0,0.2539155068746117,0.4675652592806195,0.2114142373709782,0.1231490206908393,0.0,0.0,0.103850848392997,0.0,0.2746158590501811,0.2361696248068118,0.2799675379915157,0.0,0.117546403033232,0.0,0.0,0.369297218394653,0.3113810831372239,0.3058447712469752,0.1748894285438497,0.2623929438416523,0.0,0.1233430975023083,0.2761645880765056,0.277581132022112,0.2703351822518483,0.0,0.0,0.0,0.0,0.2131220194268351,0.0,0.0,0.0,0.0,0.0,0.0,0.0,0.0,0.0,0.4183170308148187,0.0,0.2246212015700727,0.0,0.0,0.0,0.0,0.3600060563998679,0.1828215407812774,0.0,0.0,0.0,0.0,0.0,0.1827028994082207,0.3576423341635404,0.3032734653238703,0.0,0.2182271776302431,0.0,0.0,0.2368323977004268
0.0,0.0,0.3252607258716924,0.0997845018372572,0.3566888674161716,0.1426279999698197,0.1854869333577802,0.1590512006240036,0.4757983659358713,0.1496149789628363,0.0,0.1199267854627902,0.1513550966565349,0.1238054418589993,0.0,0.0,0.0,0.0,0.2954545559740227,0.0,0.0,0.0,0.1213292792124069,0.0,0.0,0.0,0.2172698497617914,0.1785793070364461,0.0,0.0,0.1525370863150692,0.1049174822481962,0.0361223447461883,0.1459988761833874,0.0188052255824122,0.0380231239062863,0.0075784888902175,0.0786254378324385,0.1153583760997723,0.0,0.0,0.0,0.1112731624073337,0.0,0.0,0.0,0.0,0.2052194856023609,0.0,0.2791805172399156,0.0728271935061569,0.2345888725269577,0.1322386240085338,0.4841112503146293,0.0,0.4947882634577197,0.0,0.1619110886470715,0.1290220118763107,0.0,0.0,0.0,0.0,0.2329473070819528,0.0,0.0,0.0,0.0963149780206208,0.0,0.0,0.0,0.1568920515932342,0.0,0.0,0.0,0.0
0.0,0.0,0.0,0.0,0.0138477672233237,0.0,0.0,0.0,0.0719027357072035,0.2464739868952168,0.1199267854627902,0.0,0.260438920448705,0.0,0.0,0.0,0.1703553972422566,0.1022768922303848,0.0,0.0,0.0,0.0,0.0,0.3317269681916156,0.0384961305783065,0.291155830478486,0.0,0.041919221451007,0.0,0.0,0.0103261220311465,0.1871691597678517,0.1317404127743908,0.0,0.1156787737888589,0.0213882563268122,0.0479340697741765,0.2417290595622746,0.2597616295540694,0.1606283746906004,0.0,0.0,0.0,0.0,0.1291789437909371,0.0,0.0,0.0,0.0,0.0,0.0,0.0,0.0,0.0,0.1282474062549347,0.0,0.4112091869667393,0.0,0.0,0.0,0.0,0.3123259814874249,0.0022601572124186,0.0,0.0,0.0,0.0,0.0,0.2885389539433869,0.0282602167286079,0.2667947896902962,0.0,0.0,0.0,0.0,0.1839224710653425
0.0,0.4188032073076004,0.1241240879100858,0.0,0.1727986425943666,0.3181884532057931,0.2421298052404567,0.1411263985945573,0.1288180092131317,0.1869492053543515,0.1513550966565349,0.260438920448705,0.0,0.1491458050811409,0.0461013179853147,0.0,0.2169481615759512,0.1233549410789028,0.1203960015222676,0.1307873991434767,0.0224413674163742,0.20448299134946,0.0684346478486809,0.0,0.0,0.1371000005070463,0.0885766969934029,0.1625225692373274,0.0,0.0,0.0,0.0495500839291388,0.0,0.0,0.0,0.2037900226972787,0.2180788720043542,0.0187073431797748,0.0405488542300228,0.0,0.0,0.0,0.2277440931909978,0.0,0.0,0.0,0.0,0.0880821264651255,0.0,0.0,0.1731732043533137,0.0,0.1892995865490519,0.0,0.0,0.0,0.0,0.0,0.0,0.0,0.0,0.0,0.0,0.0,0.0,0.0,0.0,0.0821690620778053,0.0,0.0,0.0,0.0956614306407391,0.0,0.0,0.0,0.0
0.0,0.0,0.0856005596131504,0.053125731624046,0.2678846694895218,0.0,0.3825908269431256,0.1713630297254944,0.1345195818592653,0.1795794437751495,0.1238054418589993,0.0,0.1491458050811409,0.0,0.0,0.0,0.0,0.0,0.1295212051042555,0.0,0.0985552010607576,0.0,0.0960202700373634,0.0,0.0,0.0,0.0,0.1023176033952859,0.0,0.0,0.214245489498912,0.1064410634669461,0.0,0.3301527595964764,0.0,0.1818002948941851,0.2532689778832191,0.0,0.0,0.0,0.0,0.0,0.1209068459766677,0.0,0.0,0.0,0.0,0.1015306676331973,0.0,0.0,0.0,0.0,0.0,0.0725076472981451,0.0,0.0479017440259992,0.0,0.0,0.0,0.0,0.0,0.0,0.0,0.0,0.0,0.0,0.0,0.0807265788687263,0.0,0.0,0.0,0.0,0.0,0.0,0.0,0.0
0.1652707354668598,0.2900789728899848,0.0,0.0,0.0,0.3512175733424872,0.0,0.3464656828163007,0.0,0.0,0.0,0.0,0.0461013179853147,0.0,0.0,0.0937304789917272,0.0,0.14581118606936,0.0,0.4081328392287446,0.3286261746003289,0.4161910810234787,0.4392675128142436,0.0,0.249605913356336,0.0,0.4052491918526309,0.3329577805083998,0.3487080068159341,0.0,0.0,0.0,0.0,0.0422662455150011,0.0,0.1909531892336034,0.0,0.0,0.0,0.0,0.1813422078068869,0.0,0.0,0.0,0.0,0.0,0.2580037256932723,0.0,0.0,0.0,0.3639075663642125,0.0,0.2539192754691511,0.0,0.0,0.0,0.0,0.0,0.0,0.4759458011531084,0.0,0.0,0.0,0.0,0.2615897840745907,0.3912237386335876,0.2540469159676965,0.4355491912812454,0.0,0.0,0.0,0.4197367876766386,0.0,0.2802507497650449,0.0,0.0
0.3987214353302384,0.125500926097618,0.0,0.0,0.0,0.0,0.0335679218359709,0.0,0.1725738033594952,0.2539155068746117,0.0,0.0,0.0,0.0,0.0937304789917272,0.0,0.2544161167508434,0.3769410689600288,0.0,0.1384308180088108,0.0762609226475321,0.196488370111432,0.0,0.2243296643547173,0.4114948190966882,0.2126705306510093,0.0628172487702421,0.2008527225972323,0.2410579912061116,0.0848656145217584,0.3993966524254249,0.1654415744405143,0.2340998153564456,0.0890533835639355,0.0761296399693678,0.0,0.0,0.0,0.1873416836030486,0.1811201371308386,0.0,0.0527445441800479,0.0,0.0,0.0,0.3607844104519975,0.1487565950598645,0.0,0.0,0.0,0.0,0.0,0.0,0.0,0.0,0.0,0.0,0.0,0.0,0.0235014079354047,0.2805653622239964,0.0,0.4528205926907949,0.0,0.1155730670384846,0.0918269629428166,0.1711501486771517,0.0,0.0,0.3660329657278045,0.1553713170653842,0.0,0.0,0.0,0.0,0.3043506233499197
0.0803631138111162,0.0,0.0,0.0,0.0,0.0,0.149050538645542,0.0,0.0,0.4675652592806195,0.0,0.1703553972422566,0.2169481615759512,0.0,0.0,0.2544161167508434,0.0,0.3386166228631601,0.0,0.0566545290874121,0.0,0.0925280759138122,0.0,0.2393629656220637,0.1427580011942786,0.2392006825535548,0.0,0.2491148130507842,0.0,0.0,0.3418034430084788,0.3183012780539341,0.2138182224582857,0.1676495501373813,0.246164504965305,0.0,0.0,0.2570107089066963,0.0,0.1630574244875743,0.0337248913717577,0.0,0.0,0.0,0.0,0.0,0.0,0.0,0.0,0.0,0.0,0.0,0.0,0.0,0.3223966887214643,0.0,0.1760034832549337,0.0,0.0,0.0,0.0,0.3079186682657042,0.147188023202044,0.0,0.0,0.0,0.0,0.0,0.0955394026842007,0.2291382528295741,0.2567444333159275,0.0,0.0,0.0,0.0,0.0
0.1981241081956803,0.332904497627375,0.0,0.0,0.0,0.1789046056919892,0.0,0.0215656793015803,0.0,0.2114142373709782,0.0,0.1022768922303848,0.1233549410789028,0.0,0.14581118606936,0.3769410689600288,0.3386166228631601,0.0,0.0,0.0975300493255559,0.0455400324919023,0.141764365036481,0.0345726080152762,0.2926533359594447,0.4515192052675329,0.3151293064358467,0.2130279228545053,0.3646280735004518,0.1031202117095887,0.0,0.1247974114816751,0.1603939249308434,0.0818668007114881,0.0,0.0,0.0,0.0,0.0,0.1637863209176949,0.059641765826076,0.0,0.0,0.0,0.0,0.0,0.2499599984498423,0.2687881923312141,0.0,0.0,0.0,0.0,0.0,0.0,0.0,0.0873233686450506,0.0,0.0254192703683726,0.0,0.0,0.0,0.1315807125400494,0.3583868538771172,0.3244298863163341,0.0,0.0,0.0,0.1832566825738606,0.0,0.1926502129936867,0.1853965381383206,0.1758960765024284,0.0,0.0,0.0,0.0,0.2104186613348861
0.0,0.0,0.4521072441355319,0.2592016150934227,0.2571393551655171,0.1578382893616442,0.2018454634938626,0.297746227535077,0.1981302972614388,0.1231490206908393,0.2954545559740227,0.0,0.1203960015222676,0.1295212051042555,0.0,0.0,0.0,0.0,0.0,0.0,0.0,0.0,0.2163755798302522,0.0,0.0,0.0,0.1435455918059772,0.2505681100320357,0.0,0.0,0.0390714404526387,0.0131019567640507,0.0,0.2221185183658593,0.0,0.1418362612548226,0.1015491409162236,0.0,0.0,0.0,0.0,0.0,0.0,0.0,0.0,0.0,0.0,0.4091977375377337,0.0,0.0,0.1245010026144772,0.0,0.2768657444774628,0.2338311889714029,0.0,0.1671508311091015,0.0,0.0,0.0,0.0,0.0,0.0,0.0,0.5112525772493041,0.0,0.0,0.0,0.2215240573061506,0.0,0.0,0.0,0.1392563897434247,0.0,0.0,0.0,0.0
0.2074937764702633,0.2680492755473382,0.0,0.0,0.345114610613546,0.2747649100535598,0.2443182654710608,0.363789469654535,0.1136146432004459,0.0,0.0,0.0,0.1307873991434767,0.0,0.4081328392287446,0.1384308180088108,0.0566545290874121,0.0975300493255559,0.0,0.0,0.364413580394949,0.5317882231143591,0.4558492886897799,0.0,0.1657282460834245,0.0,0.4487451735243146,0.3636145758002297,0.5255545923031661,0.3535362160355434,0.0399845145814324,0.0,0.0,0.2079897806585517,0.0,0.2511761837446983,0.265574999846381,0.0,0.0,0.0,0.2191270330715992,0.0,0.0,0.0,0.0,0.0,0.3338366363414269,0.0,0.0,0.0,0.3393224532446352,0.0,0.3411606316436716,0.0,0.0,0.0,0.0,0.0,0.0,0.4156950351645293,0.0,0.0,0.0,0.0,0.4147834468692004,0.4763130522093015,0.4450871943254247,0.4831697052742779,0.0,0.0,0.0,0.4499677908397653,0.0,0.3585850811249705,0.0,0.0
0.2497255770078445,0.1076546339905615,0.0,0.0,0.0,0.2336811516206007,0.0,0.4591197836476554,0.0,0.0,0.0,0.0,0.0224413674163742,0.0985552010607576,0.3286261746003289,0.0762609226475321,0.0,0.0455400324919023,0.0,0.364413580394949,0.0,0.2764364859590648,0.4580095123752846,0.0,0.1684838350547684,0.0,0.2749779725573473,0.229891361205476,0.4110640130163208,0.259736901955072,0.0213643038810076,0.0,0.0808263022767108,0.2863411809471121,0.0,0.1709348532675224,0.0,0.0,0.0,0.0,0.2224001140875215,0.0,0.0,0.0,0.0,0.1974836578853988,0.1710711751958472,0.0,0.0,0.0,0.1944159807839811,0.0,0.3704202085182819,0.0,0.0,0.0,0.0,0.0,0.0,0.2784693668906539,0.0201399052339826,0.0,0.0,0.0,0.0940655400944668,0.5345139825875652,0.1803524279909029,0.4100078132772875,0.0,0.0,0.0,0.2709018765349549,0.0,0.2190555788241397,0.0,0.0
0.1986289582409516,0.3623062952530798,0.0,0.0,0.2970407364913459,0.2311054027957316,0.1708109150096855,0.2975337732940853,0.0877559020157465,0.103850848392997,0.0,0.0,0.20448299134946,0.0,0.4161910810234787,0.196488370111432,0.0925280759138122,0.141764365036481,0.0,0.5317882231143591,0.2764364859590648,0.0,0.3622195005096883,0.0,0.2590268900206966,0.0,0.4207524014626426,0.3636014431556834,0.4615140625042678,0.2875965018664145,0.0560034901984756,0.0,0.0,0.0932800595488928,0.0,0.2271729010111318,0.2157459222287512,0.0,0.0,0.0,0.2603338996072207,0.0,0.0,0.0,0.0,0.1817974053714194,0.3711219229601945,0.0,0.0,0.0,0.3211894050888345,0.0,0.0,0.0,0.0,0.0,0.0,0.0,0.0,0.4118608571592001,0.3028087732669701,0.0,0.0,0.0,0.4450695257853813,0.349524047737605,0.5013189015576354,0.386239440755322,0.0,0.0920746206631042,0.0,0.4228080419373305,0.0,0.38208340952809,0.0,0.0
0.112128966852861,0.260459712409996,0.2598856739186264,0.441575162215745,0.2062013895563245,0.4309995238095722,0.0775998678077827,0.5449725457247057,0.0,0.0,0.1213292792124069,0.0,0.0684346478486809,0.0960202700373634,0.4392675128142436,0.0,0.0,0.0345726080152762,0.2163755798302522,0.4558492886897799,0.4580095123752846,0.3622195005096883,0.0,0.0,0.1649699452707463,0.0,0.4431866029184484,0.2782614971202702,0.4051421577659388,0.2408452382488436,0.0,0.0,0.0,0.1352395063924466,0.0,0.2681582800880672,0.226652706186624,0.0,0.0,0.0,0.2566562261855853,0.0,0.0,0.0,0.0,0.0,0.2953749837235976,0.4161773798598362,0.0,0.0,0.4547615961580395,0.0190421973338269,0.5074696766441869,0.150052995686969,0.0,0.0736354220783118,0.0,0.0,0.0,0.4288386307632192,0.0,0.0,0.0,0.3277334461996796,0.3004137351317911,0.503627029763439,0.2329696007576318,0.6288652795866048,0.0,0.0,0.0,0.4768956557622178,0.0,0.2664852373853668,0.0500187715692165,0.0
0.1216599805379849,0.0,0.0,0.0,0.0,0.0,0.0,0.0,0.0,0.2746158590501811,0.0,0.3317269681916156,0.0,0.0,0.0,0.2243296643547173,0.2393629656220637,0.2926533359594447,0.0,0.0,0.0,0.0,0.0,0.0,0.2815664644781757,0.4835991352217522,0.0,0.0,0.0,0.0,0.2615948888403225,0.4421318731233191,0.321433540646094,0.0,0.3078051405984164,0.0,0.0,0.4552345371560126,0.5075702274042581,0.3822859894617276,0.0,0.0,0.0,0.0,0.3999215488702307,0.141417635821862,0.0,0.0,0.0,0.0,0.0,0.0,0.0,0.0,0.0,0.0,0.3753885438459159,0.0,0.0,0.0,0.0,0.4134901350219755,0.3401351174104524,0.0,0.0,0.0,0.0,0.0,0.5558621121276437,0.331925887355378,0.4314707440522606,0.0,0.0,0.0,0.0,0.4538541967103342
0.3258160833617821,0.2676765117062365,0.0,0.0,0.1748834240635758,0.1930596918294382,0.0,0.073117845033067,0.0,0.2361696248068118,0.0,0.0384961305783065,0.0,0.0,0.249605913356336,0.4114948190966882,0.1427580011942786,0.4515192052675329,0.0,0.1657282460834245,0.1684838350547684,0.2590268900206966,0.1649699452707463,0.2815664644781757,0.0,0.2958190505758448,0.3086928967164281,0.2620991158720533,0.288066266163582,0.0,0.2031763128657571,0.097094712230274,0.0842376501058683,0.0,0.0,0.0,0.0,0.0898115878474362,0.1151733398900398,0.0987086808094986,0.0,0.0,0.0,0.0,0.0,0.3222534969317192,0.3009929577892096,0.0,0.0,0.0,0.0,0.0,0.0,0.0,0.0980597003404986,0.0,0.0,0.0,0.0,0.0,0.1927652367119177,0.2615795438624348,0.3805927693593611,0.0,0.2703075584467238,0.1889147019075288,0.2007021550607803,0.0,0.2119825379411042,0.3289234559929023,0.1310029279459648,0.0,0.0,0.0,0.0,0.223731860167049
0.1803750018465656,0.2100553973828109,0.0,0.0,0.0,0.0512036505295832,0.0,0.0,0.0,0.2799675379915157,0.0,0.291155830478486,0.1371000005070463,0.0,0.0,0.2126705306510093,0.2392006825535548,0.3151293064358467,0.0,0.0,0.0,0.0,0.0,0.4835991352217522,0.2958190505758448,0.0,0.0,0.0,0.0,0.0,0.1456194465396473,0.3441253127082594,0.275755538270841,0.0,0.2153075908864448,0.0,0.0,0.3724968123864284,0.4233086953030893,0.3847000862666741,0.0,0.3214522836518068,0.0,0.0,0.3455130460703924,0.1353064319671286,0.1275562913225188,0.0,0.0,0.0,0.0,0.0,0.0,0.0,0.0539950875266156,0.0,0.2921262616687035,0.0,0.0,0.0,0.0785869596821716,0.3981112867113802,0.2332911367083522,0.0,0.0478969365184771,0.0,0.0,0.0,0.4058780675420325,0.291090421755239,0.5189182206244175,0.0,0.0,0.0203098625941447,0.0,0.3677491327470921
0.1052619340851158,0.3378135575597722,0.1790010418544002,0.3783422278635091,0.261939075199477,0.4125226214857517,0.0,0.3589130903712812,0.1084564773692566,0.0,0.2172698497617914,0.0,0.0885766969934029,0.0,0.4052491918526309,0.0628172487702421,0.0,0.2130279228545053,0.1435455918059772,0.4487451735243146,0.2749779725573473,0.4207524014626426,0.4431866029184484,0.0,0.3086928967164281,0.0,0.0,0.3673260829839858,0.3665431264152913,0.2094648477981472,0.0,0.0,0.0,0.0,0.0,0.1941073751031815,0.1704906788249246,0.0,0.0,0.0,0.0856007555917123,0.0,0.0,0.0,0.0,0.0,0.3236042045755088,0.3056122161473562,0.0,0.0,0.4681095626823296,0.0,0.3130890323591334,0.357951927565305,0.0,0.3140525646521546,0.0,0.0314846193375994,0.0,0.3512952270418729,0.0,0.0,0.0,0.2066163991165251,0.438989191473183,0.3483170901276554,0.3199484292340477,0.4762931657030419,0.0,0.0,0.0,0.6300737050249428,0.0847873247713189,0.4291482324867543,0.300357746433649,0.0
0.1711680845640819,0.2958230636152402,0.198081795896394,0.3188418160187273,0.3320105559330836,0.232317052280203,0.0761029310682645,0.2213981320277069,0.0527232121527617,0.117546403033232,0.1785793070364461,0.041919221451007,0.1625225692373274,0.1023176033952859,0.3329577805083998,0.2008527225972323,0.2491148130507842,0.3646280735004518,0.2505681100320357,0.3636145758002297,0.229891361205476,0.3636014431556834,0.2782614971202702,0.0,0.2620991158720533,0.0,0.3673260829839858,0.0,0.3115361396163466,0.1754544226482243,0.0971953573236709,0.0,0.0,0.0448769552715027,0.0,0.3387631338629207,0.3783739076903913,0.0,0.0,0.0,0.0805352651029904,0.0,0.1778957586830393,0.0,0.0,0.0,0.0,0.0,0.0,0.0,0.3908205469733026,0.0,0.2319565517668622,0.0,0.0,0.0,0.0,0.0,0.0,0.3527199133644356,0.0,0.0,0.0,0.0,0.3447101673367941,0.2965135355394867,0.0,0.3425587173042317,0.0,0.0,0.0,0.4267060779761145,0.2028172452524385,0.3663776990776508,0.0,0.0
0.2693738940476549,0.1169361702200948,0.0,0.0,0.3632108497208768,0.1547947865616429,0.2957831015475788,0.2548936671092257,0.1157652598690032,0.0,0.0,0.0,0.0,0.0,0.3487080068159341,0.2410579912061116,0.0,0.1031202117095887,0.0,0.5255545923031661,0.4110640130163208,0.4615140625042678,0.4051421577659388,0.0,0.288066266163582,0.0,0.3665431264152913,0.3115361396163466,0.0,0.3243957842236553,0.1221439022374319,0.0,0.0,0.2985637081560279,0.0,0.1708777059042442,0.2028791105707809,0.0,0.0,0.0,0.2200196581510323,0.0,0.0,0.0,0.0,0.0,0.2421750684124931,0.0,0.0,0.0,0.1515710851774691,0.0,0.1814710567035889,0.0,0.0,0.0,0.0,0.0,0.0,0.3168472494462001,0.0,0.0,0.0,0.0,0.202534332801976,0.464084992273795,0.3021612343451296,0.399473383736048,0.0,0.0,0.0,0.3394918265566177,0.0,0.3845754860415397,0.0,0.0
0.0,0.0,0.1801922478826407,0.0,0.0,0.0752459534917395,0.0,0.1713769119393758,0.0978246386708339,0.0,0.0,0.0,0.0,0.0,0.0,0.0848656145217584,0.0,0.0,0.0,0.3535362160355434,0.259736901955072,0.2875965018664145,0.2408452382488436,0.0,0.0,0.0,0.2094648477981472,0.1754544226482243,0.3243957842236553,0.0,0.0893030625915302,0.0,0.0,0.2215010632062709,0.0,0.0,0.0,0.0,0.0,0.0,0.0,0.0,0.0,0.0,0.0,0.0,0.0,0.0,0.0,0.0,0.0,0.0,0.0,0.0,0.0,0.0,0.0,0.0,0.0,0.0,0.0,0.0,0.0,0.0,0.147726582904826,0.0,0.0,0.2869554235474815,0.0,0.0,0.0,0.2172794240545279,0.0,0.0,0.0,0.0
0.2600534614368889,0.0,0.0971271286192219,0.0,0.1922511218481011,0.0,0.2451466732087917,0.0,0.2770392008652823,0.369297218394653,0.1525370863150692,0.0103261220311465,0.0,0.214245489498912,0.0,0.3993966524254249,0.3418034430084788,0.1247974114816751,0.0390714404526387,0.0399845145814324,0.0213643038810076,0.0560034901984756,0.0,0.2615948888403225,0.2031763128657571,0.1456194465396473,0.0,0.0971953573236709,0.1221439022374319,0.0893030625915302,0.0,0.3560657943553374,0.3062674661142608,0.2642343882336087,0.3527796154747986,0.0118307796747728,0.1103098062641485,0.3223846759247408,0.3514135088854946,0.2985910617878484,0.0,0.0,0.0,0.0,0.0,0.1948809956127217,0.0412255113478016,0.0,0.0,0.0,0.0,0.0,0.0,0.0,0.2654903261127292,0.0,0.1764734062633415,0.0,0.0,0.0,0.2651442771406272,0.0,0.35826806102324,0.0,0.0,0.0,0.1158305677737603,0.0,0.1547966793829773,0.4545556552715691,0.2556822826956601,0.0,0.1994487917911563,0.0770580700447472,0.0,0.3229033902058993
0.0536529329260114,0.0,0.0164073522709197,0.0,0.0166583385474562,0.0,0.0365501701525484,0.0,0.2120441829982142,0.3113810831372239,0.1049174822481962,0.1871691597678517,0.0495500839291388,0.1064410634669461,0.0,0.1654415744405143,0.3183012780539341,0.1603939249308434,0.0131019567640507,0.0,0.0,0.0,0.0,0.4421318731233191,0.097094712230274,0.3441253127082594,0.0,0.0,0.0,0.0,0.3560657943553374,0.0,0.3484089533622898,-0.0053319939249928,0.4094818081680079,0.0,0.0228939914277214,0.4446631733780061,0.581250015925587,0.4021573833428183,0.0,0.3827222023780561,0.3347347169893873,0.1697249180515094,0.3457297415325202,0.017771612201613,0.0,0.0,0.0,0.0,0.0,0.0,0.0,0.1288062377113568,0.1064523502111894,0.2032300503400578,0.3855925126941588,0.3745120139075907,0.0,0.0,0.1477334548841404,0.0,0.2299284030050989,0.0,0.0,0.0,0.0405477718713731,0.0,0.3668952888516454,0.3137236481636002,0.403657866084506,0.0,0.335985856159474,0.0,0.0,0.4462356696380474
0.1876652712356166,0.0,0.0,0.0,0.0,0.0,0.104376781265013,0.0,0.1768192259912669,0.3058447712469752,0.0361223447461883,0.1317404127743908,0.0,0.0,0.0,0.2340998153564456,0.2138182224582857,0.0818668007114881,0.0,0.0,0.0808263022767108,0.0,0.0,0.321433540646094,0.0842376501058683,0.275755538270841,0.0,0.0,0.0,0.0,0.3062674661142608,0.3484089533622898,0.0,0.169181730188078,0.3407473697689757,0.0,0.0,0.3179181184065232,0.34369906977087,0.4557015490243711,0.0,0.2936883943731324,0.0,0.0,0.2700487203994312,0.1069671329598087,0.0,0.0,0.0,0.0,0.0,0.0,0.0,0.0,0.0457929470393492,0.0,0.2480554568411186,0.0,0.0,0.0,0.0046776559761179,0.1721852049239265,0.2637879453321565,0.0,0.0,0.0,0.0,0.0,0.2961295722207111,0.2747470073085515,0.3327639712386728,0.0,0.0,0.0,0.0,0.2955770017352789
0.1065646001412035,0.0,0.1601993030076153,0.2081160134829621,0.2244194717504939,0.0,0.413506624225059,0.1931871082368593,0.1779626110303068,0.1748894285438497,0.1459988761833874,0.0,0.0,0.3301527595964764,0.0422662455150011,0.0890533835639355,0.1676495501373813,0.0,0.2221185183658593,0.2079897806585517,0.2863411809471121,0.0932800595488928,0.1352395063924466,0.0,0.0,0.0,0.0,0.0448769552715027,0.2985637081560279,0.2215010632062709,0.2642343882336087,-0.0053319939249928,0.169181730188078,0.0,0.1912767042551174,0.0779942907217449,0.094987433811263,0.0,0.0,0.0,0.2370645092685427,0.0,0.0,0.0,0.0037607729832365,0.0,0.0,0.0,0.0,0.0,0.0,0.0,0.1708397464353562,0.0,0.1989644578302059,0.0,0.0,0.0,0.0,0.0843956136153138,0.0,0.0,0.0,0.0,0.0,0.2625294589137918,0.069365650544504,0.0869419279503588,0.0,0.1096135187596303,0.0,0.0,0.0,0.0,0.0,0.0
0.0007526916591475,0.0,0.0,0.0,0.0054483407405177,0.0,0.188458117703218,0.0,0.1903515298292955,0.2623929438416523,0.0188052255824122,0.1156787737888589,0.0,0.0,0.0,0.0761296399693678,0.246164504965305,0.0,0.0,0.0,0.0,0.0,0.0,0.3078051405984164,0.0,0.2153075908864448,0.0,0.0,0.0,0.0,0.3527796154747986,0.4094818081680079,0.3407473697689757,0.1912767042551174,0.0,0.0,0.0,0.3992336313493028,0.4277686632118098,0.356992973946226,0.0,0.4201286672364739,0.1435947766565039,0.0,0.3157399503991475,0.0,0.0,0.0,0.0,0.0,0.0,0.0,0.0,0.0,0.0,0.0,0.3287105233249451,0.0,0.0,0.0,0.0080985380830991,0.0,0.1804843492028981,0.0,0.0,0.0,0.0,0.0,0.0,0.2807473032992948,0.3249734664534388,0.0,0.0,0.0,0.0,0.0
0.0,0.0,0.1767833319773029,0.2843481709846942,0.1667979360027047,0.2379610703682082,0.1352006960353997,0.2149855288677692,0.0,0.0,0.0380231239062863,0.0213882563268122,0.2037900226972787,0.1818002948941851,0.1909531892336034,0.0,0.0,0.0,0.1418362612548226,0.2511761837446983,0.1709348532675224,0.2271729010111318,0.2681582800880672,0.0,0.0,0.0,0.1941073751031815,0.3387631338629207,0.1708777059042442,0.0,0.0118307796747728,0.0,0.0,0.0779942907217449,0.0,0.0,0.3488657460116424,0.0,0.0,0.0,0.2380890031900308,0.0,0.1157531032737694,0.1569372494261072,0.0,0.0,0.0,0.3090006090089276,0.0,0.0,0.3360413565924807,0.0205860176745093,0.2587744578447948,0.0,0.0,0.0344825704022901,0.0,0.0583678298957929,0.0,0.0,0.0,0.0,0.0,0.2377080039490711,0.0,0.0,0.0,0.3149365035203378,0.0,0.0,0.0,0.2396329258503553,0.0,0.1129808416812565,0.0,0.0
0.0,0.0,0.0508444922025227,0.1710856916915955,0.2100952947521057,0.1954000812915568,0.1667129669725908,0.1745783541502046,0.0,0.1233430975023083,0.0075784888902175,0.0479340697741765,0.2180788720043542,0.2532689778832191,0.0,0.0,0.0,0.0,0.1015491409162236,0.265574999846381,0.0,0.2157459222287512,0.226652706186624,0.0,0.0,0.0,0.1704906788249246,0.3783739076903913,0.2028791105707809,0.0,0.1103098062641485,0.0228939914277214,0.0,0.094987433811263,0.0,0.3488657460116424,0.0,0.0,0.0,0.0,0.1430386148650756,0.0,0.0,0.0,0.0,0.0,0.0,0.0,0.0,0.0,0.0,0.0,0.0,0.0,0.0,0.0,0.0,0.0,0.0,0.0,0.0,0.0,0.0,0.0,0.0,0.0,0.0,0.0,0.0,0.0,0.0,0.0,0.0,0.0,0.0,0.0
0.0,0.0,0.0,0.0,0.0,0.0,0.0,0.0,0.2188234307968948,0.2761645880765056,0.0786254378324385,0.2417290595622746,0.0187073431797748,0.0,0.0,0.0,0.2570107089066963,0.0,0.0,0.0,0.0,0.0,0.0,0.4552345371560126,0.0898115878474362,0.3724968123864284,0.0,0.0,0.0,0.0,0.3223846759247408,0.4446631733780061,0.3179181184065232,0.0,0.3992336313493028,0.0,0.0,0.0,0.5014407131376838,0.4253993535028806,0.0,0.3972263844736607,0.0,0.0,0.4186090262664295,0.0,0.0,0.0,0.0,0.0,0.0,0.0,0.0,0.0,0.0549722846370183,0.0,0.3625278004760772,0.0,0.0,0.0,0.0,0.0,0.0,0.0,0.0,0.0,0.0,0.0,0.3819899373701093,0.0,0.4115843762871359,0.0,0.0,0.0,0.0,0.0
0.0203043700703249,0.0,0.0092503717617509,0.0,0.0,0.0,0.0,0.0,0.2354190550664925,0.277581132022112,0.1153583760997723,0.2597616295540694,0.0405488542300228,0.0,0.0,0.1873416836030486,0.0,0.1637863209176949,0.0,0.0,0.0,0.0,0.0,0.5075702274042581,0.1151733398900398,0.4233086953030893,0.0,0.0,0.0,0.0,0.3514135088854946,0.581250015925587,0.34369906977087,0.0,0.4277686632118098,0.0,0.0,0.5014407131376838,0.0,0.4599491966885446,0.0,0.4723249348253613,0.386009178509538,0.1730205522303163,0.359699840536451,0.0441306199644693,0.0,0.0,0.0,0.4312775890796006,0.0,0.2066313127052374,0.0,0.1226381408691524,0.0780468457290028,0.2249734119937031,0.4647608027893252,0.4413853685042049,0.4360294453071981,0.0,0.1464234422360924,0.3720187976825392,0.3186237830144379,0.0,0.0,0.0,0.0,0.0,0.4546650833418555,0.386683339459772,0.477833066069617,0.0,0.4118133073702191,0.0,0.095281346748382,0.4900256131569906
0.1151963541557095,0.0,0.0,0.0,0.0,0.0,0.0,0.0,0.0,0.2703351822518483,0.0,0.1606283746906004,0.0,0.0,0.0,0.1811201371308386,0.1630574244875743,0.059641765826076,0.0,0.0,0.0,0.0,0.0,0.3822859894617276,0.0987086808094986,0.3847000862666741,0.0,0.0,0.0,0.0,0.2985910617878484,0.4021573833428183,0.4557015490243711,0.0,0.356992973946226,0.0,0.0,0.4253993535028806,0.4599491966885446,0.0,0.0,0.3577241904370836,0.1343990666545496,0.0172269178944936,0.3293768237727852,0.0522548755165887,0.0,0.0,0.0,0.3228072380062707,0.0,0.1950856711498667,0.0,0.1032035144061372,0.0343196993257023,0.1228913051207435,0.3088651741424479,0.2081270406504946,0.0,0.0,0.0889920521158605,0.238902703781483,0.2488285626522052,0.0,0.0,0.0,0.0,0.0,0.3644524389941021,0.3396708397617857,0.4337922150603617,0.0,0.2064174208371663,0.0,0.0,0.4189344169822242
0.0059901852816799,0.1262457118476255,0.0,0.0,0.0,0.1551823090243865,0.0,0.2720281472329888,0.0,0.0,0.0,0.0,0.0,0.0,0.1813422078068869,0.0,0.0337248913717577,0.0,0.0,0.2191270330715992,0.2224001140875215,0.2603338996072207,0.2566562261855853,0.0,0.0,0.0,0.0856007555917123,0.0805352651029904,0.2200196581510323,0.0,0.0,0.0,0.0,0.2370645092685427,0.0,0.2380890031900308,0.1430386148650756,0.0,0.0,0.0,0.0,0.0,0.0,0.0067367392453517,0.0,0.0,0.1470607619129542,0.1272215430905333,0.2646776283077815,0.0,0.1164351320520603,0.0525528975553701,0.3622182973172678,0.0,0.1810883059545587,0.0,0.0,0.0,0.0,0.2467567113672427,0.0546834977012269,0.0,0.0,0.1826709640232423,0.0616197900981379,0.2763607029898279,0.1670677158281671,0.272542930415376,0.0,0.0,0.0,0.1139940047685633,0.0,0.022830614383004,0.0,0.0
0.0,0.0,0.0,0.0,0.0,0.0,0.0,0.0,0.0,0.0,0.0,0.0,0.0,0.0,0.0,0.0527445441800479,0.0,0.0,0.0,0.0,0.0,0.0,0.0,0.0,0.0,0.3214522836518068,0.0,0.0,0.0,0.0,0.0,0.3827222023780561,0.2936883943731324,0.0,0.4201286672364739,0.0,0.0,0.3972263844736607,0.4723249348253613,0.3577241904370836,0.0,0.0,0.1937500196469105,0.0430765365059623,0.2616424637936868,0.0,0.0,0.0,0.0,0.3831293369707382,0.0,0.086876690347639,0.0,0.0,0.0,0.0,0.3581285947482438,0.2121947428427428,0.0,0.0,0.0159598431201356,0.2611500147821406,0.2588203214419111,0.0,0.0,0.0,0.0,0.0,0.3171800103237071,0.2742525180809999,0.3822296826883826,0.0,0.2606158210456887,0.0,0.0,0.3878231502811006
0.0,0.0,0.0,0.0,0.0984628180862419,0.0,0.0,0.0,0.1350435280440355,0.0,0.1112731624073337,0.0,0.2277440931909978,0.1209068459766677,0.0,0.0,0.0,0.0,0.0,0.0,0.0,0.0,0.0,0.0,0.0,0.0,0.0,0.1778957586830393,0.0,0.0,0.0,0.3347347169893873,0.0,0.0,0.1435947766565039,0.1157531032737694,0.0,0.0,0.386009178509538,0.1343990666545496,0.0,0.1937500196469105,0.0,0.428681969111332,0.0714947592729465,0.0,0.0,0.0,0.0,0.2462349883091106,0.0862867366578614,0.1432334628474435,0.0,0.1150216547554391,0.2103685443041502,0.2409947298567195,0.3702947322260545,0.4851704544772351,0.3241010881215515,0.0,0.0,0.3274638585389397,0.0,0.0,0.2352146146228508,0.0,0.1615289677531659,0.0,0.2828472300936864,0.2108409638676713,0.3017824192871906,0.0385470877321691,0.4685423696243871,0.0939223273067467,0.0,0.3095927805289035
0.0,0.0,0.0,0.0,0.0,0.0,0.0,0.0,0.0,0.0,0.0,0.0,0.0,0.0,0.0,0.0,0.0,0.0,0.0,0.0,0.0,0.0,0.0,0.0,0.0,0.0,0.0,0.0,0.0,0.0,0.0,0.1697249180515094,0.0,0.0,0.0,0.1569372494261072,0.0,0.0,0.1730205522303163,0.0172269178944936,0.0067367392453517,0.0430765365059623,0.428681969111332,0.0,0.0,0.0,0.0,0.0,0.0311467456965242,0.0789450222415191,0.0831586807164604,0.1014259344786355,0.0,0.1005732608315145,0.1749688226614732,0.196962687306488,0.1582695335266754,0.3243937540738743,0.1694032126357793,0.0,0.0,0.0,0.0,0.0,0.0,0.0,0.0,0.0,0.0,0.0,0.0,0.0894890733172837,0.3493442041322833,0.1191576620484721,0.0,0.1998847910562256
0.0,0.0,0.0,0.0,0.0,0.0,0.0,0.0,0.0,0.2131220194268351,0.0,0.1291789437909371,0.0,0.0,0.0,0.0,0.0,0.0,0.0,0.0,0.0,0.0,0.0,0.3999215488702307,0.0,0.3455130460703924,0.0,0.0,0.0,0.0,0.0,0.3457297415325202,0.2700487203994312,0.0037607729832365,0.3157399503991475,0.0,0.0,0.4186090262664295,0.359699840536451,0.3293768237727852,0.0,0.2616424637936868,0.0714947592729465,0.0,0.0,0.1034444776293106,0.0,0.0,0.0,0.0,0.0,0.0217251227853819,0.0,0.0974498240312099,0.0,0.1793216348527187,0.2018465324418531,0.112965509756173,0.0,0.0,0.0,0.2309161654716282,0.0,0.0,0.0,0.0,0.0,0.0,0.3117551924719899,0.2712445365271507,0.2644107930085544,0.0,0.1676378585311875,0.0,0.0,0.2681323633232017
0.4434202815097225,0.0,0.0,0.0,0.0,0.0,0.0,0.0,0.0,0.0,0.0,0.0,0.0,0.0,0.0,0.3607844104519975,0.0,0.2499599984498423,0.0,0.0,0.1974836578853988,0.1817974053714194,0.0,0.141417635821862,0.3222534969317192,0.1353064319671286,0.0,0.0,0.0,0.0,0.1948809956127217,0.017771612201613,0.1069671329598087,0.0,0.0,0.0,0.0,0.0,0.0441306199644693,0.0522548755165887,0.0,0.0,0.0,0.0,0.1034444776293106,0.0,0.1590119255280513,0.0,0.0,0.0,0.0591031250908927,0.0,0.0073470834641683,0.0,0.0699452860301186,0.0,0.0,0.0515556050475285,0.0,0.1062246198882901,0.1313760094667997,0.0,0.2568762372222859,0.0,0.1692467934705337,0.2756866616734488,0.1832313026176267,0.0979940962052229,0.1735662976962935,0.2220614599943512,0.0935445516232128,0.2143604533314584,0.1920813631922651,0.3592862556223901,0.0,0.2216275274680996
0.1144986089515038,0.4223406038449959,0.0,0.0,0.0,0.0,0.0,0.0,0.0,0.0,0.0,0.0,0.0,0.0,0.2580037256932723,0.1487565950598645,0.0,0.2687881923312141,0.0,0.3338366363414269,0.1710711751958472,0.3711219229601945,0.2953749837235976,0.0,0.3009929577892096,0.1275562913225188,0.3236042045755088,0.0,0.2421750684124931,0.0,0.0412255113478016,0.0,0.0,0.0,0.0,0.0,0.0,0.0,0.0,0.0,0.1470607619129542,0.0,0.0,0.0,0.0,0.1590119255280513,0.0,0.0,0.0,0.0,0.4805080608543476,0.16933644483952,0.2564446638673894,0.1589362503571853,0.2637425234316287,0.0,0.0,0.2807023818647449,0.0,0.3453198024428193,0.2521494904166435,0.1328012140726384,0.0752834586380831,0.0,0.3662420064171054,0.2581891116476473,0.3669797425973093,0.3787704462634275,0.0,0.2035417506754238,0.1663115326578829,0.3969739639744502,0.1810539864016469,0.3647720561106607,0.0,0.0
0.0,0.0,0.4864825259815986,0.0,0.2479842132824545,0.3460598080976839,0.0,0.3715671367743876,0.1090300530542593,0.0,0.2052194856023609,0.0,0.0880821264651255,0.1015306676331973,0.0,0.0,0.0,0.0,0.4091977375377337,0.0,0.0,0.0,0.4161773798598362,0.0,0.0,0.0,0.3056122161473562,0.0,0.0,0.0,0.0,0.0,0.0,0.0,0.0,0.3090006090089276,0.0,0.0,0.0,0.0,0.1272215430905333,0.0,0.0,0.0,0.0,0.0,0.0,0.0,0.2596775638543353,0.0,0.3892461084865545,0.0,0.3851603550627164,0.2031579075625872,0.0,0.17162628091149,0.0,0.0169818945588984,0.0,0.0,0.0,0.0,0.0,0.4810550979482275,0.0,0.0,0.0,0.4425064938224946,0.0,0.0,0.0,0.3521465203361,0.0,0.1887325748254462,0.1143200027075586,0.0
0.0,0.0,0.0,0.0,0.0,0.0,0.0,0.0,0.0,0.0,0.0,0.0,0.0,0.0,0.0,0.0,0.0,0.0,0.0,0.0,0.0,0.0,0.0,0.0,0.0,0.0,0.0,0.0,0.0,0.0,0.0,0.0,0.0,0.0,0.0,0.0,0.0,0.0,0.0,0.0,0.2646776283077815,0.0,0.0,0.0311467456965242,0.0,0.0,0.0,0.2596775638543353,0.0,0.0,0.2139290014906132,0.0717395556280321,0.2729108008310631,0.0165969147453817,0.0,0.0510408235003814,0.0,0.0,0.0,0.0,0.0,0.0,0.0,0.267071521853168,0.0,0.0,0.0,0.3031556702944413,0.0,0.0,0.0,0.1601024567672013,0.0,0.0,0.0,0.0
0.0,0.0,0.0696038274650374,0.0,0.0,0.0,0.0,0.0,0.0,0.0,0.2791805172399156,0.0,0.0,0.0,0.0,0.0,0.0,0.0,0.0,0.0,0.0,0.0,0.0,0.0,0.0,0.0,0.0,0.0,0.0,0.0,0.0,0.0,0.0,0.0,0.0,0.0,0.0,0.0,0.4312775890796006,0.3228072380062707,0.0,0.3831293369707382,0.2462349883091106,0.0789450222415191,0.0,0.0,0.0,0.0,0.0,0.0,0.0,0.4586188170007549,0.0,0.3357596954347833,0.2028385541329277,0.3173330194988829,0.2711370022849467,0.2904662724657878,0.4713620784401492,0.0,0.0,0.0,0.0,0.0,0.0,0.0,0.0,0.0,0.0,0.0,0.0,0.0,0.1824443730807591,0.0,0.0,0.3041526296464851
0.0,0.0,0.2140417021727703,0.0,0.0,0.5202768478421641,0.0,0.3500151892865241,0.0,0.0,0.0728271935061569,0.0,0.1731732043533137,0.0,0.3639075663642125,0.0,0.0,0.0,0.1245010026144772,0.3393224532446352,0.1944159807839811,0.3211894050888345,0.4547615961580395,0.0,0.0,0.0,0.4681095626823296,0.3908205469733026,0.1515710851774691,0.0,0.0,0.0,0.0,0.0,0.0,0.3360413565924807,0.0,0.0,0.0,0.0,0.1164351320520603,0.0,0.0862867366578614,0.0831586807164604,0.0,0.0591031250908927,0.4805080608543476,0.3892461084865545,0.2139290014906132,0.0,0.0,0.0,0.4224680893681717,0.1573758800256016,0.126651005083883,0.1881918264078971,0.0,0.1780631896189466,0.0,0.4540233035398056,0.0635556605801759,0.0323509910844895,0.0,0.2263881806500005,0.4628441833588523,0.2655200956350296,0.2671213406667267,0.5428693822585123,0.0,0.0,0.0,0.5481572932219262,0.1575674391173795,0.3273921945993827,0.324503764916684,0.0
