0.0,0.0633944082757852,0.0,0.0,0.0,0.0,0.0,0.1012230274428129,0.0,0.3080319839813057,0.0,0.0,0.0,0.0,0.2472774893107148,0.6018093512582027,0.1219896100065774,0.2895501365115637,0.0,0.3028462781319219,0.3697098238423946,0.297609443768633,0.1763238237330276,0.1863377483269268,0.4919456157614633,0.2708577000101774,0.1638416116909619,0.2517308096139103,0.4160360495377284,0.0,0.4031605469769674,0.0946019321419869,0.2969879825744114,0.1647730918766153,0.0023228151712516,0.0,0.0,0.0,0.0334037147708489,0.172753811446871,0.0001912574117247,0.0,0.0,0.0,0.0,0.6715332666494599,0.1733982321521231,0.0,0.0,0.0,0.0,0.0,0.0,0.0,0.2029175459392757,0.0,0.0,0.0,0.0,0.0,0.2514875102098403,0.0,0.3810156839505277,0.0,0.0,0.3965115116683119,0.2664203827151632,0.0,0.0981841346119974,0.3840525310282955,0.1142736984147473,0.0,0.0,0.0,0.0,0.3027414715192224
0.0633944082757852,0.0,0.0,0.0,0.1335757151896444,0.659400258923713,0.0,0.3505405157540465,0.0,0.0,0.0,0.0,0.6355400759991844,0.0,0.4312701026996474,0.1985376138925977,0.2558468334544636,0.4937184031462778,0.0,0.3992394960535018,0.1565381859362804,0.5479863170545513,0.3942565396401171,0.0,0.41065022417485,0.3057734315317068,0.5044915522578274,0.4366404579446795,0.1727000727967467,0.0,0.0,0.0,0.0,0.0,0.0,0.0,0.0,0.0,0.0,0.0,0.1778366205970337,0.0,0.0,0.0,0.0,0.0,0.640362049302475,0.0,0.0,0.0,0.6267662784985532,0.0,0.0,0.0,0.0,0.0,0.0,0.0,0.0,0.5221487356194473,0.137490066463561,0.0,0.0,0.0,0.5795874868366958,0.1955636668828153,0.4570317623574174,0.4215300117053366,0.0,0.0,0.225217886534976,0.4993020690219759,0.0,0.2535326327742104,0.0,0.0
0.0,0.0,0.0,0.3140381438554673,0.3745958895029916,0.4018199848932564,0.2279728557025884,0.4119583768801078,0.3488034923486955,0.1396889611033416,0.4974486852081476,0.107809649277751,0.2020891087336094,0.1387163462467691,0.0,0.0,0.0,0.0,0.6915079229785458,0.0,0.0,0.0,0.3932447719421281,0.0,0.0,0.0,0.2904213609564243,0.3080414939492713,0.0,0.0,0.1505842963765957,0.0308857559845728,0.0,0.2422990286271797,0.0,0.2955005332667715,0.0902789896705094,0.0,0.0148912907312437,0.0,0.065893390137625,0.0,0.0,0.0,0.0,0.0,0.0,0.7454734140061324,0.0,0.132918454646188,0.329781957945457,0.1917255393310404,0.3900469812057004,0.4258385991641292,0.0,0.3538174480204428,0.0,0.2068118434237193,0.0,0.0,0.0,0.0,0.0,0.5941249208964694,0.0,0.0,0.0,0.3619678742485956,0.0,0.0,0.0,0.2635822369568787,0.0848019284526485,0.0,0.0,0.0
0.0,0.0,0.3140381438554673,0.0,0.3502531108616876,0.4395044159698713,0.1746492258306698,0.5748781094931529,0.0,0.0,0.1433507689943138,0.0,0.0,0.0722331623700871,0.0,0.0,0.0,0.0,0.3858518630482255,0.6203194256354977,0.0,0.0,0.6573351945918682,0.0,0.0,0.0,0.5768543641122812,0.4795645792454689,0.5763880280397993,0.0,0.0,0.0,0.0,0.3099105462586788,0.0,0.4266938431638375,0.2563949144753271,0.0,0.0,0.0,0.0,0.0,0.0,0.0,0.0,0.0,0.0,0.0,0.0,0.0,0.0,0.0,0.0,0.0,0.0,0.0,0.0,0.0,0.0,0.0,0.0,0.0,0.0,0.0,0.0,0.0,0.0,0.0,0.0,0.0,0.0,0.0,0.0,0.0,0.0,0.0
0.0,0.1335757151896444,0.3745958895029916,0.3502531108616876,0.0,0.2884250991922085,0.6210180837840715,0.2898956051157369,0.594922974238112,0.2773775810542309,0.544247534434307,0.017696618381794,0.261002671518195,0.4090045256166374,0.0,0.2487372681721648,0.0,0.0,0.4022994873390733,0.5319919681081808,0.0,0.4575575559670867,0.3205049205420474,0.0,0.258935280627231,0.0,0.4087216657108176,0.5067978347905351,0.5624761931214507,0.0,0.2893209554281341,0.0239690461137395,0.0,0.33232532244492,0.0124237160133245,0.2660284670372777,0.3222696963145898,0.0,0.0197476593463778,0.0,0.0,0.0,0.1385114095189523,0.0,0.0,0.0,0.0,0.3879705410967831,0.0,0.4146850072691737,0.2004033206059176,0.0,0.2532841526618846,0.5999814907366812,0.0,0.4658036117945437,0.0,0.0,0.0,0.0,0.0,0.0,0.0,0.4415475766768701,0.0,0.0,0.0,0.3093555134476021,0.0,0.0,0.0,0.3679948087809739,0.0,0.0,0.0,0.0
0.0,0.659400258923713,0.4018199848932564,0.4395044159698713,0.2884250991922085,0.0,0.0,0.5854301039499757,0.0113263342894923,0.0,0.2271449862779339,0.2246514552521346,0.4850605063505551,0.0,0.531232423199008,0.0,0.0452290345813847,0.2563191297598334,0.2573825002897572,0.4205806514694744,0.3634651416865034,0.3573464203385476,0.6619067515297503,0.0,0.288522488972585,0.0701520811712921,0.6353732450068375,0.3511327468472461,0.2496256355807849,0.1250895825872726,0.0,0.0,0.0,0.0,0.0,0.3921450558091581,0.3014133975960014,0.0,0.0,0.0,0.2245918431667862,0.0,0.0,0.0,0.0,0.0,0.4861105428567769,0.5439855180292356,0.0,0.0,0.7942585314936144,0.0,0.6224959870216409,0.3190837718188566,0.0,0.2826709632318639,0.0,0.1444174976961828,0.0,0.6008355113427551,0.0,0.0,0.0,0.3584724705117014,0.4174216084891389,0.3905110512434704,0.2265154664686887,0.6881716057291197,0.0,0.0,0.0,0.6207104975744647,0.0270671262048233,0.1581192528039627,0.2791177663638722,0.0
0.0,0.0,0.2279728557025884,0.1746492258306698,0.6210180837840715,0.0,0.0,0.1850661202147833,0.4856894357310205,0.4244596878136281,0.2928617993612197,0.0,0.3700263765682449,0.5827220680485895,0.0,0.0507989980149765,0.2179609857170108,0.0,0.3118719418733726,0.3691329150558943,0.0,0.2574020940540105,0.1322590491746516,0.0,0.0,0.0,0.0,0.1082298587329579,0.4524285579965834,0.0,0.3676203682657345,0.0563346821732546,0.1582759397872317,0.6071922467449683,0.2494907085328345,0.2155473819521139,0.2457521905609476,0.0,0.0,0.0,0.2447330550011124,0.0,0.104078581768645,0.0,0.0,0.0,0.0,0.1764402730415698,0.0,0.0,0.0,0.0,0.1701935643496274,0.2655633595169771,0.0,0.1722251126316526,0.0,0.0,0.0,0.0,0.0,0.0,0.0,0.3639427856172491,0.0,0.0,0.0,0.0794395908265574,0.0,0.0,0.0,0.0,0.0,0.0,0.0,0.0
0.1012230274428129,0.3505405157540465,0.4119583768801078,0.5748781094931529,0.2898956051157369,0.5854301039499757,0.1850661202147833,0.0,0.0165456644922879,0.0658490931094314,0.226601429621817,0.0585931134391121,0.2126917322597831,0.2641781887668031,0.5242351612928138,0.0,0.0,0.0262177423028778,0.4518393607133308,0.5585573678491602,0.7169168118376734,0.4527997176505823,0.8358411216806986,0.0,0.1085822925825222,0.0,0.5429186213545348,0.3161014267245619,0.3971479199131612,0.2690039604626962,0.0,0.0,0.0,0.2860139426302293,0.0,0.3272392603557479,0.2446642005563003,0.0,0.0,0.0,0.4004988516280702,0.0,0.0,0.0,0.0,0.0,0.0,0.5698483618528095,0.0,0.0,0.533249702342316,0.0950333673882692,0.8335003886172841,0.3004793006309306,0.0,0.2046343580568765,0.0,0.0,0.0,0.5577675304600564,0.0,0.0,0.0,0.5493459899827263,0.3394692896180214,0.665102671093075,0.0,0.7493605126315662,0.0,0.0,0.0,0.5205330698660389,0.0,0.1644606697778965,0.0,0.0
0.0,0.0,0.3488034923486955,0.0,0.594922974238112,0.0113263342894923,0.4856894357310205,0.0165456644922879,0.0,0.3796981044592655,0.7248826760888741,0.0982747604064142,0.2080896061332603,0.2104937140073247,0.0,0.2487728638210915,0.0,0.0,0.3054876593505752,0.1670086299498438,0.0,0.1282878106532964,0.0,0.1227366461223832,0.097117462600779,0.0679532075162278,0.1747213217190255,0.0695217033114058,0.1805848925853513,0.1494133314568467,0.4091072434990989,0.3498997183704084,0.2629832687935646,0.2546419717540898,0.2599735194066256,0.0,0.0,0.3006066987286866,0.3556639030279336,0.0,0.0,0.0,0.1901651238017561,0.0,0.0,0.0,0.0,0.185372394292385,0.0,0.6772281868913289,0.0,0.5926936718584017,0.0,0.8573022665886774,0.0,0.7098471871989526,0.0,0.3825410775937309,0.4297692306569199,0.0,0.0,0.0,0.0,0.1655933736112307,0.0,0.0,0.0,0.0,0.0,0.0,0.0,0.0780276447887902,0.2769802962661171,0.0,0.0,0.0
0.3080319839813057,0.0,0.1396889611033416,0.0,0.2773775810542309,0.0,0.4244596878136281,0.0658490931094314,0.3796981044592655,0.0,0.2146215933270562,0.376611002517535,0.2698072217685864,0.0,0.0,0.390413202848218,0.7122912925276639,0.3274276443633275,0.1855994358358196,0.0909169729472585,0.0,0.1567529090315598,0.0,0.4393516729761051,0.3597083227561357,0.426718030771006,0.0,0.1760099220102635,0.1446543212195798,0.0,0.5612844969718901,0.4864860552478928,0.4645339933551462,0.2525177792026233,0.4043895954679065,0.0,0.1802734219144563,0.4093814483548205,0.4173906057093336,0.4040668825013198,0.0,0.2902625531335587,0.0,0.0,0.3202820561903728,0.1350294061475858,0.0,0.0,0.0,0.0,0.0,0.0,0.0,0.0,0.6483331133321015,0.0,0.3573876143401159,0.4873674304679801,0.0,0.0,0.0,0.5610873657206468,0.2934520115830921,0.0,0.0,0.0,0.0,0.0,0.2937851119316058,0.5597563708206367,0.4711960097314627,0.0,0.3377852630829385,0.0,0.0,0.3695794278649963
0.0,0.0,0.4974486852081476,0.1433507689943138,0.544247534434307,0.2271449862779339,0.2928617993612197,0.226601429621817,0.7248826760888741,0.2146215933270562,0.0,0.1759526105275855,0.2338849557408309,0.1961520131878885,0.0,0.0,0.1004828751614978,0.0,0.4477182592276758,0.0,0.0,0.0,0.1833234319639148,0.1114602427886693,0.0,0.019133322294396,0.3396721650120815,0.2714247722296322,0.0,0.0,0.2290983161762912,0.1702877530118579,0.0470819796410469,0.213713437645768,0.0264783651517129,0.0760207536387068,0.0166917077886862,0.1104154083625326,0.1681394701759624,0.0,0.0,0.0,0.1632108391186114,0.0,0.0,0.0,0.0,0.3073824812152845,0.0,0.4447540456698191,0.1143643530383339,0.3653097769985406,0.1910665565631054,0.7473727317390737,0.0,0.7562477635532158,0.0,0.2494805903363504,0.2024525751709051,0.0,0.0,0.0,0.0,0.3629195783564915,0.0,0.0,0.0,0.1422349441381932,0.0,0.0,0.0,0.2508318912530378,0.2524067064092899,0.0,0.0,0.0
0.0,0.0,0.107809649277751,0.0,0.017696618381794,0.2246514552521346,0.0,0.0585931134391121,0.0982747604064142,0.376611002517535,0.1759526105275855,0.0,0.3873833597035865,0.0,0.0,0.0,0.2581726036043487,0.1503121303381061,0.0448544015800229,0.0,0.0,0.0,0.0,0.5188427401695757,0.0544590592111257,0.4490110128078194,0.0,0.0651077245986689,0.0,0.0,0.0215977569302109,0.2900961364666032,0.1889404101810816,0.0,0.1430156927614164,0.0320566139106821,0.0687285220413898,0.3580070292856136,0.3787729286507416,0.2333598058509893,0.0,0.2818393353675171,0.419526903946086,0.0,0.1906933441988466,0.0,0.0,0.0,0.0,0.0,0.0,0.0,0.0,0.0,0.1968843174030883,0.0,0.6175191296557794,0.4720054247440551,0.0,0.0,0.0,0.4786205776142519,0.014215308762506,0.0,0.0,0.0,0.0,0.0,0.4358904670370487,0.0524837919932321,0.4124959643999081,0.0,0.3908745024737738,0.0,0.0,0.2878420134287952
0.0,0.6355400759991844,0.2020891087336094,0.0,0.261002671518195,0.4850605063505551,0.3700263765682449,0.2126917322597831,0.2080896061332603,0.2698072217685864,0.2338849557408309,0.3873833597035865,0.0,0.2253046585725601,0.066548413420501,0.0,0.3105096793516021,0.1607642073203237,0.1901649837687529,0.1960298769059069,0.0425250749175,0.3102341803793893,0.1285443323822734,0.0,0.0,0.1871821966885664,0.141364490344904,0.2435032924039806,0.0,0.0,0.0,0.0916519350642427,0.0,0.0,0.0,0.3354557015939329,0.3309566193019325,0.0287585457113236,0.059049548518216,0.0,0.276029982053423,0.0,0.3489204629914115,0.0,0.0,0.0,0.0,0.1514488306720351,0.0,0.0,0.2719252953465612,0.1418637206545562,0.2912106755608259,0.0,0.0,0.1753391982438911,0.2420089381731492,0.0,0.0,0.2296493015709059,0.0,0.0,0.0,0.0,0.2925093031337645,0.0,0.2907759670002255,0.1324562290800362,0.0,0.0,0.2305402215031015,0.1509386012383077,0.0,0.0,0.0,0.0
0.0,0.0,0.1387163462467691,0.0722331623700871,0.4090045256166374,0.0,0.5827220680485895,0.2641781887668031,0.2104937140073247,0.0,0.1961520131878885,0.0,0.2253046585725601,0.0,0.0,0.0,0.0,0.0,0.2096658351966925,0.0,0.1639048166454848,0.0,0.1478216004247705,0.0,0.0,0.0,0.0,0.1432206789369663,0.0,0.0,0.3115161676609265,0.1590942532910472,0.0,0.4719227403082353,0.0,0.2796113732423566,0.3858740564305191,0.0,0.0478426478177228,0.0,0.0,0.0,0.1861591943192998,0.0,0.0,0.0,0.0,0.1616374503541513,0.0,0.0,0.0,0.0,0.0,0.1181764046537436,0.0,0.0732685885478069,0.0,0.0,0.0,0.0,0.0,0.0,0.0,0.0,0.0,0.0,0.0,0.12234718402181,0.0,0.0,0.0,0.0,0.0,0.0,0.0,0.0
0.2472774893107148,0.4312701026996474,0.0,0.0,0.0,0.531232423199008,0.0,0.5242351612928138,0.0,0.0,0.0,0.0,0.066548413420501,0.0,0.0,0.1396985571906363,0.0,0.2122805744287767,0.0,0.6364416579548612,0.4866929020334605,0.6395833844770635,0.6627762081281234,0.0,0.3618345241665452,0.0,0.6176629066707703,0.4990741829158072,0.5306858313768584,0.0,0.0,0.0,0.0,0.0574375352381247,0.0,0.3019883298034926,0.0,0.0,0.0,0.0,0.2391134843904302,0.0,0.0,0.0,0.0,0.0,0.3893997072287828,0.0,0.0,0.0,0.5388708571653913,0.0,0.387327262714494,0.0,0.0,0.0,0.0,0.0,0.0,0.7319441440732682,0.0,0.0,0.0,0.0,0.4120607753972142,0.5809834748647017,0.3921582332578555,0.6527840867512618,0.0,0.0,0.0,0.6353870947931972,0.0,0.4167039241835153,0.0,0.0
0.6018093512582027,0.1985376138925977,0.0,0.0,0.2487372681721648,0.0,0.0507989980149765,0.0,0.2487728638210915,0.390413202848218,0.0,0.0,0.0,0.0,0.1396985571906363,0.0,0.3827649883261671,0.5763438189667655,0.0,0.1961542247662678,0.1040319663905701,0.3033408261149315,0.0,0.3627531861945453,0.6304192096366954,0.3389877487637627,0.0920979014450258,0.2938857363499285,0.344475471978272,0.1183974488287005,0.599667759741582,0.2614420212422005,0.3647848353717607,0.1299903532530628,0.1019806883051398,0.0,0.0,0.0,0.2872148886456379,0.2738374972984305,0.0,0.0796295036841924,0.0,0.0,0.0,0.5349142343594044,0.2367847346109019,0.0,0.0,0.0,0.0,0.0,0.0,0.0,0.0,0.0,0.0,0.0,0.0,0.0475812621680965,0.4257442639001906,0.0,0.6923593113298585,0.0,0.1816564277204556,0.1324202084693958,0.2597537573755929,0.0,0.0,0.5696862596910339,0.2626595544974164,0.0902755085997391,0.0,0.4296754942425506,0.0,0.4716155584726426
0.1219896100065774,0.2558468334544636,0.0,0.0,0.0,0.0452290345813847,0.2179609857170108,0.0,0.0,0.7122912925276639,0.1004828751614978,0.2581726036043487,0.3105096793516021,0.0,0.0,0.3827649883261671,0.0,0.5105582320462121,0.0,0.0781587810264586,0.0,0.1416547912225417,0.0,0.3784584436408269,0.2198729818199385,0.3648963681438567,0.0,0.3704749965871013,0.0385744938756417,0.0,0.5014466324118404,0.4923968503099781,0.325334693409311,0.2380629583020533,0.2944197696815337,0.0,0.0,0.3609940428509847,0.0,0.2368919361552613,0.0,0.0,0.0,0.0,0.0,0.0,0.0,0.0,0.0,0.0,0.0,0.0,0.0,0.0,0.499008748084775,0.0,0.2760660519976333,0.0,0.0,0.0,0.0,0.4977029315653839,0.2358005190407057,0.0,0.0,0.0,0.0,0.0,0.1532113494598396,0.3547539464631329,0.3975008167205452,0.0,0.0,0.0,0.0,0.0
0.2895501365115637,0.4937184031462778,0.0,0.0,0.0,0.2563191297598334,0.0,0.0262177423028778,0.0,0.3274276443633275,0.0,0.1503121303381061,0.1607642073203237,0.0,0.2122805744287767,0.5763438189667655,0.5105582320462121,0.0,0.0,0.1322212047636524,0.0537658608526651,0.222277621062584,0.0450808541006003,0.4554544536445439,0.6858898808905508,0.4807829125998639,0.3044943078717367,0.5433514299393066,0.1380103216044716,0.0,0.1830976464508437,0.2537046019810582,0.1203537065459001,0.0,0.0,0.0,0.0,0.0,0.2446544346989937,0.0848571563908795,0.0,0.0,0.0,0.0,0.0,0.3601676956006668,0.4095368682121229,0.0,0.0,0.0,0.0,0.0,0.0,0.0,0.1445060525788655,0.0,0.045777139203247,0.0,0.0,0.0,0.1847285174575798,0.5638622319726928,0.4953096660893744,0.0,0.0,0.0,0.2662690486011344,0.0,0.2974376794367337,0.2865421376889556,0.2806640711890301,0.0,0.0,0.0,0.0,0.3267629345913637
0.0,0.0,0.6915079229785458,0.3858518630482255,0.4022994873390733,0.2573825002897572,0.3118719418733726,0.4518393607133308,0.3054876593505752,0.1855994358358196,0.4477182592276758,0.0448544015800229,0.1901649837687529,0.2096658351966925,0.0,0.0,0.0,0.0,0.0,0.0,0.0,0.0,0.3308778301063255,0.0,0.0,0.0,0.2348366139243241,0.3810841076019285,0.0,0.0,0.0610753844591022,0.0253427014877796,0.0,0.3228819148092243,0.0,0.235042429403555,0.1660134477729676,0.0,0.0,0.0,0.0,0.0,0.0,0.0,0.0,0.0,0.0,0.6331720190826206,0.0,0.0249809431566865,0.1967798930815907,0.1703093759536706,0.4253461614687931,0.3589847486558572,0.0,0.2506330915746771,0.0,0.0546208024811961,0.0,0.0,0.0,0.0,0.0,0.790225835907347,0.0,0.0,0.0,0.3399160824895033,0.0,0.0,0.0,0.2274011298333029,0.0,0.0,0.0,0.0
0.3028462781319219,0.3992394960535018,0.0,0.6203194256354977,0.5319919681081808,0.4205806514694744,0.3691329150558943,0.5585573678491602,0.1670086299498438,0.0909169729472585,0.0,0.0,0.1960298769059069,0.0,0.6364416579548612,0.1961542247662678,0.0781587810264586,0.1322212047636524,0.0,0.0,0.5488339982099975,0.8109049413940478,0.6908961459334069,0.0,0.230909966366863,0.0,0.6876204057430146,0.5451129982015346,0.7887264275222303,0.5446545286174478,0.0600383509760521,0.0,0.0,0.2916089660696446,0.0,0.3990598721126688,0.4041826458132485,0.0,0.0,0.0,0.2903885338036139,0.0,0.0,0.0,0.0,0.0,0.4919267193322997,0.0,0.0,0.0,0.4884316867481189,0.0,0.5268434125605572,0.0,0.0,0.0,0.0,0.0,0.0,0.6432298819495198,0.19812890344186,0.0,0.0,0.0,0.6418494875221492,0.7170803334379724,0.6732671717540284,0.7232377264380864,0.0,0.0,0.0,0.6811282505233838,0.0,0.5278212152730902,0.2044268491264045,0.0
0.3697098238423946,0.1565381859362804,0.0,0.0,0.0,0.3634651416865034,0.0,0.7169168118376734,0.0,0.0,0.0,0.0,0.0425250749175,0.1639048166454848,0.4866929020334605,0.1040319663905701,0.0,0.0537658608526651,0.0,0.5488339982099975,0.0,0.4136278376963486,0.7077009381573275,0.0,0.2409654350185681,0.0,0.4159358051537415,0.3412717108019351,0.6301649687919303,0.0,0.060987763112366,0.0,0.1337574250087917,0.4369221847507514,0.0,0.0,0.0,0.0,0.0,0.0,0.3017722406268632,0.0,0.0,0.0,0.0,0.2895522931498776,0.2671219591155807,0.0,0.0,0.0,0.3071009340143922,0.0,0.5810424056329623,0.0,0.0,0.0,0.0,0.0,0.0,0.417224081084274,0.0388859225734032,0.0,0.0,0.0,0.1382457277703823,0.8176904464172272,0.2642787961455037,0.6327417217127342,0.0,0.0,0.0,0.4090446706644102,0.0,0.3326002347662733,0.0,0.0
0.297609443768633,0.5479863170545513,0.0,0.0,0.4575575559670867,0.3573464203385476,0.2574020940540105,0.4527997176505823,0.1282878106532964,0.1567529090315598,0.0,0.0,0.3102341803793893,0.0,0.6395833844770635,0.3033408261149315,0.1416547912225417,0.222277621062584,0.0,0.8109049413940478,0.4136278376963486,0.0,0.5465438502234407,0.0,0.3840787347271587,0.0,0.641884160306697,0.5444391037542329,0.6913835473759584,0.44390574020715,0.0858723759360101,0.0,0.0,0.1384202405554665,0.0,0.3545041768925319,0.3325970764664791,0.0,0.0,0.0,0.3543466104875575,0.0,0.0815635762462124,0.0,0.0,0.2650786577549594,0.5567662899762214,0.0,0.0,0.0,0.4762574273868585,0.0,0.0,0.0,0.0,0.0,0.0,0.0,0.0,0.6342533566619685,0.4481272524405765,0.0,0.0,0.0,0.6832736710990769,0.5223925506235175,0.7604881016704247,0.57661101723392,0.0,0.1461651487826642,0.0,0.6427408525922458,0.1369845364378248,0.5741280314142724,0.0,0.0
0.1763238237330276,0.3942565396401171,0.3932447719421281,0.6573351945918682,0.3205049205420474,0.6619067515297503,0.1322590491746516,0.8358411216806986,0.0,0.0,0.1833234319639148,0.0,0.1285443323822734,0.1478216004247705,0.6627762081281234,0.0,0.0,0.0450808541006003,0.3308778301063255,0.6908961459334069,0.7077009381573275,0.5465438502234407,0.0,0.0,0.2527002744520856,0.0,0.6767273242130184,0.405930347776933,0.6177985567417454,0.3763561798044663,0.0,0.0,0.0,0.2025365209977075,0.0,0.4272062831954232,0.3097991851619328,0.0,0.0,0.0,0.368297429235087,0.0,0.0,0.0,0.0,0.0,0.4503014444149493,0.640364202454637,0.0,0.0,0.6959585526902782,0.0588886579970231,0.7789243177949658,0.2381743396728061,0.0,0.1213063349394962,0.0,0.0,0.0,0.6489712256478112,0.0,0.0,0.0,0.5078890327449065,0.4579759554122184,0.7633559168826254,0.3502208904125914,0.9613780636579472,0.0,0.0,0.0,0.7181343066254787,0.0,0.4052200821129839,0.0976610597620467,0.0
0.1863377483269268,0.0,0.0,0.0,0.0,0.0,0.0,0.0,0.1227366461223832,0.4393516729761051,0.1114602427886693,0.5188427401695757,0.0,0.0,0.0,0.3627531861945453,0.3784584436408269,0.4554544536445439,0.0,0.0,0.0,0.0,0.0,0.0,0.4399258530280871,0.7390247392580942,0.0,0.0,0.0,0.0,0.419143327728426,0.6451003395158167,0.4612284431914577,0.0,0.3979709507555828,0.0,0.0,0.6637117470107997,0.7363188408863657,0.5514885958469858,0.0,0.0,0.0,0.0,0.5904369537232488,0.2168942636969008,0.0,0.0,0.0,0.0,0.0,0.0,0.0,0.0,0.0,0.0,0.5802160622738457,0.0,0.0,0.0,0.0,0.6457650429334441,0.5305611743030773,0.0,0.0,0.0,0.0,0.0,0.8419623947704297,0.5232741451629622,0.6656231304789166,0.0,0.5836130548664201,0.0,0.0,0.6806909033663078
0.4919456157614633,0.41065022417485,0.0,0.0,0.258935280627231,0.288522488972585,0.0,0.1085822925825222,0.097117462600779,0.3597083227561357,0.0,0.0544590592111257,0.0,0.0,0.3618345241665452,0.6304192096366954,0.2198729818199385,0.6858898808905508,0.0,0.230909966366863,0.2409654350185681,0.3840787347271587,0.2527002744520856,0.4399258530280871,0.0,0.4517610129200987,0.4556074595644999,0.3732610651474486,0.4136458787961837,0.0,0.3037385136641167,0.1558031617796398,0.1298490716859059,0.0,0.0,0.0,0.0,0.1215425559477679,0.1745303555462879,0.1469214290367943,0.0,0.0,0.0,0.0,0.0,0.4782377352538637,0.4600864741765269,0.0,0.0,0.0,0.0,0.0,0.0,0.0,0.1558672489085309,0.0,0.0,0.2864439916575677,0.0,0.2985143292862241,0.2925512628621725,0.4186843012786795,0.5864235112736341,0.0,0.3968006569577916,0.2815479271460117,0.2951416778990144,0.2341009967680184,0.331216680359989,0.5004490974223867,0.2108618206002796,0.0,0.0,0.6364515968234664,0.0,0.34510786975527
0.2708577000101774,0.3057734315317068,0.0,0.0,0.0,0.0701520811712921,0.0,0.0,0.0679532075162278,0.426718030771006,0.019133322294396,0.4490110128078194,0.1871821966885664,0.0,0.0,0.3389877487637627,0.3648963681438567,0.4807829125998639,0.0,0.0,0.0,0.0,0.0,0.7390247392580942,0.4517610129200987,0.0,0.0,0.0,0.0,0.0,0.2248876475571993,0.5218264869117528,0.4170893537890032,0.0,0.2692620253919394,0.0,0.0,0.5246580610458174,0.629026944986675,0.5713570234918234,0.0,0.479000808314402,0.0,0.0,0.5010793359804343,0.1956041244531488,0.2010600050526629,0.0,0.0,0.0,0.0,0.0,0.0,0.0,0.0884787780598557,0.0,0.4553355985997534,0.4852819727788121,0.0,0.0,0.1265594013432991,0.6163432538960123,0.375923650977094,0.0,0.0821117580091996,0.0,0.0,0.0,0.619826800480489,0.4509772993244043,0.7967991524208703,0.0,0.5554838677526023,0.0404662443977555,0.0,0.5630655945804651
0.1638416116909619,0.5044915522578274,0.2904213609564243,0.5768543641122812,0.4087216657108176,0.6353732450068375,0.0,0.5429186213545348,0.1747213217190255,0.0,0.3396721650120815,0.0,0.141364490344904,0.0,0.6176629066707703,0.0920979014450258,0.0,0.3044943078717367,0.2348366139243241,0.6876204057430146,0.4159358051537415,0.641884160306697,0.6767273242130184,0.0,0.4556074595644999,0.0,0.0,0.5553528342830892,0.5590013183262474,0.3269274940267753,0.0,0.0,0.0,0.0,0.0,0.3226144184607434,0.2588097727759146,0.0,0.0,0.0,0.1160306419680966,0.0,0.0,0.055403387420263,0.0,0.0,0.4821409491602098,0.484160964345906,0.0,0.0,0.7033032167004606,0.0,0.4812993612094555,0.5532961012440173,0.0,0.4908336668545238,0.0,0.0631612959148138,0.0,0.5382955794253028,0.0,0.0,0.0,0.328487625338083,0.6709885882302181,0.5270587475316751,0.4879444639624929,0.7202880251529993,0.0,0.0,0.0,0.9630892345598592,0.1391401459235763,0.6430089511730361,0.4865312185935017,0.0
0.2517308096139103,0.4366404579446795,0.3080414939492713,0.4795645792454689,0.5067978347905351,0.3511327468472461,0.1082298587329579,0.3161014267245619,0.0695217033114058,0.1760099220102635,0.2714247722296322,0.0651077245986689,0.2435032924039806,0.1432206789369663,0.4990741829158072,0.2938857363499285,0.3704749965871013,0.5433514299393066,0.3810841076019285,0.5451129982015346,0.3412717108019351,0.5444391037542329,0.405930347776933,0.0,0.3732610651474486,0.0,0.5553528342830892,0.0,0.4632374823396638,0.2749731112893954,0.1400411495397359,0.0,0.0,0.0607331155402003,0.0,0.5260154215647335,0.5741692847449578,0.0,0.0,0.0,0.1134374989289974,0.0,0.2658696057769349,0.0,0.0,0.0,0.0,0.5643076826823898,0.0,0.0,0.5808359706254783,0.0,0.3355707497899906,0.2909582711422121,0.2884858571058701,0.0,0.0,0.243754851098449,0.0,0.5331070773295865,0.0,0.0,0.0,0.0,0.5281050287572918,0.4360386740687004,0.4927148650460329,0.4914998731491615,0.0,0.0582880855256269,0.0,0.6378574021153472,0.3219482520096076,0.5546733218179032,0.0,0.0
0.4160360495377284,0.1727000727967467,0.0,0.5763880280397993,0.5624761931214507,0.2496256355807849,0.4524285579965834,0.3971479199131612,0.1805848925853513,0.1446543212195798,0.0,0.0,0.0,0.0,0.5306858313768584,0.344475471978272,0.0385744938756417,0.1380103216044716,0.0,0.7887264275222303,0.6301649687919303,0.6913835473759584,0.6177985567417454,0.0,0.4136458787961837,0.0,0.5590013183262474,0.4632374823396638,0.0,0.5038651462530337,0.1825847660097955,0.0,0.0,0.4585837199646673,0.0,0.2819126489490147,0.3004557035620793,0.0,0.0,0.0,0.295778673748312,0.0,0.0,0.0,0.0,0.0,0.3590196066785114,0.4595508783690722,0.0,0.0,0.2344206789228788,0.262251536095138,0.2941165536440053,0.2804676917656156,0.0,0.0,0.0,0.0,0.0,0.4714075793923397,0.0,0.0,0.0,0.0,0.3058584319617104,0.7052777801645707,0.4467700360521132,0.6020637855305147,0.0,0.0,0.0,0.501613558320917,0.0,0.5751470296905021,0.0323493147459229,0.0
0.0,0.0,0.0,0.0,0.0,0.1250895825872726,0.0,0.2690039604626962,0.1494133314568467,0.0,0.0,0.0,0.0,0.0,0.0,0.1183974488287005,0.0,0.0,0.0,0.5446545286174478,0.0,0.44390574020715,0.3763561798044663,0.0,0.0,0.0,0.3269274940267753,0.2749731112893954,0.5038651462530337,0.0,0.1390251821040982,0.0,0.0,0.3190295676735773,0.0,0.0,0.0,0.0,0.0,0.0,0.0,0.0,0.0,0.0,0.0,0.0,0.0,0.0,0.0,0.0,0.0,0.0,0.0,0.0,0.0,0.0,0.0,0.0,0.0,0.0,0.0,0.0,0.0,0.0,0.2291025872330721,0.0,0.0,0.4364791493681418,0.0,0.0,0.0,0.3365009624459423,0.0,0.3348059449930404,0.0,0.0
0.4031605469769674,0.0,0.1505842963765957,0.0,0.2893209554281341,0.0,0.3676203682657345,0.0,0.4091072434990989,0.5612844969718901,0.2290983161762912,0.0215977569302109,0.0,0.3115161676609265,0.0,0.599667759741582,0.5014466324118404,0.1830976464508437,0.0610753844591022,0.0600383509760521,0.060987763112366,0.0858723759360101,0.0,0.419143327728426,0.3037385136641167,0.2248876475571993,0.0,0.1400411495397359,0.1825847660097955,0.1390251821040982,0.0,0.5582042546044181,0.4697339488195469,0.3898249832449836,0.5197118571024084,0.0433750199231992,0.1656748588584669,0.4635106220559575,0.5516724235221047,0.4320022352230017,0.0,0.0,0.3503266115005432,0.0,0.0,0.0,0.0791324726071751,0.0,0.0,0.0,0.0,0.0,0.0,0.0,0.4138553296348942,0.0,0.2823528842424825,0.0,0.0,0.0,0.4093501506350887,0.3817880038104556,0.5461668085691476,0.0,0.0,0.0,0.1793822664865094,0.0,0.2525183589448306,0.7257562275005125,0.4067782507649416,0.0,0.3004954792659298,0.1294486426829109,0.0,0.5027865184986174
0.0946019321419869,0.0,0.0308857559845728,0.0,0.0239690461137395,0.0,0.0563346821732546,0.0,0.3498997183704084,0.4864860552478928,0.1702877530118579,0.2900961364666032,0.0916519350642427,0.1590942532910472,0.0,0.2614420212422005,0.4923968503099781,0.2537046019810582,0.0253427014877796,0.0,0.0,0.0,0.0,0.6451003395158167,0.1558031617796398,0.5218264869117528,0.0,0.0,0.0,0.0,0.5582042546044181,0.0,0.514640610750698,0.0018073347472371,0.6026802824644477,0.0,0.0449126551214912,0.6612485725324425,0.8805156915677181,0.5975739846652997,0.0,0.5689529709452595,0.5398580598874727,0.2602473336737682,0.5061550723629203,0.0388314360833873,0.0,0.0,0.0,0.5522097548833603,0.0,0.3272478327793023,0.0,0.2147012987891184,0.1728559337196523,0.3167057154128067,0.5878568333690898,0.5769973656638007,0.0,0.0,0.2188604820538511,0.4637849361653815,0.3502733232235831,0.0,0.0,0.0,0.0651168775369079,0.0,0.5307684373701982,0.4865773038193603,0.6157528368611754,0.0,0.5086021798602065,0.0,0.0,0.657521316302836
0.2969879825744114,0.0,0.0,0.0,0.0,0.0,0.1582759397872317,0.0,0.2629832687935646,0.4645339933551462,0.0470819796410469,0.1889404101810816,0.0,0.0,0.0,0.3647848353717607,0.325334693409311,0.1203537065459001,0.0,0.0,0.1337574250087917,0.0,0.0,0.4612284431914577,0.1298490716859059,0.4170893537890032,0.0,0.0,0.0,0.0,0.4697339488195469,0.514640610750698,0.0,0.2787593475816817,0.5034488258140997,0.0,0.0,0.4922919818291372,0.4900434450776441,0.6905792121013178,0.0,0.4179475385667385,0.0,0.0,0.4075439447822576,0.1719892312715142,0.0,0.0,0.0,0.0,0.0,0.0,0.0,0.0,0.0773040102501197,0.0,0.3597508699708929,0.0,0.0,0.0,0.0166896692499675,0.2836719460724665,0.4184278766725268,0.0,0.0,0.0,0.0,0.0,0.4235120519720737,0.4344021670762025,0.5169123229810056,0.0,0.1174107176435378,0.0,0.0,0.4083671512988654
0.1647730918766153,0.0,0.2422990286271797,0.3099105462586788,0.33232532244492,0.0,0.6071922467449683,0.2860139426302293,0.2546419717540898,0.2525177792026233,0.213713437645768,0.0,0.0,0.4719227403082353,0.0574375352381247,0.1299903532530628,0.2380629583020533,0.0,0.3228819148092243,0.2916089660696446,0.4369221847507514,0.1384202405554665,0.2025365209977075,0.0,0.0,0.0,0.0,0.0607331155402003,0.4585837199646673,0.3190295676735773,0.3898249832449836,0.0018073347472371,0.2787593475816817,0.0,0.2868866709522009,0.1256097274664607,0.1421301903328396,0.0,0.0,0.0,0.3501332968319662,0.0,0.0,0.0,0.0082195065384264,0.0,0.0,0.2624422156414026,0.0,0.0,0.0,0.4109574720431653,0.2595209937297452,0.0952133389780233,0.2981729972486338,0.0,0.0,0.0,0.0,0.1221223984311637,0.0,0.0,0.0,0.0,0.0,0.3976709581565457,0.1027962801778888,0.129131462874294,0.0,0.1655319841402865,0.0,0.0,0.0,0.0,0.0,0.0
0.0023228151712516,0.0,0.0,0.0,0.0124237160133245,0.0,0.2494907085328345,0.0,0.2599735194066256,0.4043895954679065,0.0264783651517129,0.1430156927614164,0.0,0.0,0.0,0.1019806883051398,0.2944197696815337,0.0,0.0,0.0,0.0,0.0,0.0,0.3979709507555828,0.0,0.2692620253919394,0.0,0.0,0.0,0.0,0.5197118571024084,0.6026802824644477,0.5034488258140997,0.2868866709522009,0.0,0.0,0.0,0.57367460748891,0.6335388272978328,0.5108097217810535,0.0,0.6148261347184082,0.200549831577193,0.0,0.4398065602887948,0.0,0.0,0.0,0.0,0.0,0.0,0.0,0.0,0.0,0.0,0.0,0.4657653336335418,0.240916505811268,0.0,0.0,0.0064159300329289,0.0,0.0,0.0,0.0,0.0,0.0,0.0,0.0,0.4214491989453743,0.4710900639218152,0.0,0.0875541998705913,0.0,0.0,0.0
0.0,0.0,0.2955005332667715,0.4266938431638375,0.2660284670372777,0.3921450558091581,0.2155473819521139,0.3272392603557479,0.0,0.0,0.0760207536387068,0.0320566139106821,0.3354557015939329,0.2796113732423566,0.3019883298034926,0.0,0.0,0.0,0.235042429403555,0.3990598721126688,0.0,0.3545041768925319,0.4272062831954232,0.0,0.0,0.0,0.3226144184607434,0.5260154215647335,0.2819126489490147,0.0,0.0433750199231992,0.0,0.0,0.1256097274664607,0.0,0.0,0.5348133946807287,0.0,0.0,0.0,0.3499855802385415,0.0,0.1854829917960962,0.2480130625211362,0.0,0.0,0.0,0.5009020562450781,0.0,0.0,0.5479488390675036,0.0324112428782281,0.3926918250001024,0.0,0.0,0.065189633216693,0.0,0.1071129068105283,0.0,0.0,0.0,0.0,0.0,0.3842714955942374,0.3454664950978282,0.0,0.3160099365525137,0.4943298107410969,0.0,0.0,0.0,0.3869217689751761,0.0,0.1853326948716534,0.0,0.0
0.0,0.0,0.0902789896705094,0.2563949144753271,0.3222696963145898,0.3014133975960014,0.2457521905609476,0.2446642005563003,0.0,0.1802734219144563,0.0166917077886862,0.0687285220413898,0.3309566193019325,0.3858740564305191,0.0,0.0,0.0,0.0,0.1660134477729676,0.4041826458132485,0.0,0.3325970764664791,0.3097991851619328,0.0,0.0,0.0,0.2588097727759146,0.5741692847449578,0.3004557035620793,0.0,0.1656748588584669,0.0449126551214912,0.0,0.1421301903328396,0.0,0.5348133946807287,0.0,0.0,0.0,0.0,0.2323702129915504,0.0,0.26156896304283,0.0,0.0,0.0,0.0,0.0,0.0,0.0,0.0,0.0,0.0,0.0,0.0,0.0,0.0,0.0,0.0,0.0,0.0,0.0,0.0,0.0,0.0,0.0,0.0,0.3437967351623979,0.0,0.0,0.0,0.0,0.0,0.0,0.0,0.0
0.0,0.0,0.0,0.0,0.0,0.0,0.0,0.0,0.3006066987286866,0.4093814483548205,0.1104154083625326,0.3580070292856136,0.0287585457113236,0.0,0.0,0.0,0.3609940428509847,0.0,0.0,0.0,0.0,0.0,0.0,0.6637117470107997,0.1215425559477679,0.5246580610458174,0.0,0.0,0.0,0.0,0.4635106220559575,0.6612485725324425,0.4922919818291372,0.0,0.57367460748891,0.0,0.0,0.0,0.7500885805285286,0.6077858137618822,0.0,0.5939110913921757,0.0,0.0,0.605124623792699,0.0,0.0,0.0,0.0,0.0,0.0,0.0,0.0,0.0,0.0804165197306237,0.0,0.5510937233537955,0.0,0.0,0.0,0.0,0.0,0.0,0.0,0.0,0.0,0.0,0.0,0.5675201451426879,0.5060824405062225,0.5883338032360724,0.0,0.3872224501398536,0.0,0.0,0.0
0.0334037147708489,0.0,0.0148912907312437,0.0,0.0197476593463778,0.0,0.0,0.0,0.3556639030279336,0.4173906057093336,0.1681394701759624,0.3787729286507416,0.059049548518216,0.0478426478177228,0.0,0.2872148886456379,0.0,0.2446544346989937,0.0,0.0,0.0,0.0,0.0,0.7363188408863657,0.1745303555462879,0.629026944986675,0.0,0.0,0.0,0.0,0.5516724235221047,0.8805156915677181,0.4900434450776441,0.0,0.6335388272978328,0.0,0.0,0.7500885805285286,0.0,0.6721879052982886,0.0,0.6901961917006401,0.5701096471918867,0.2541905917572876,0.5212414661796902,0.0703003303841187,0.0,0.0,0.0,0.5888589967514704,0.0,0.3093909238151198,0.0,0.1907297599298084,0.1160292021509699,0.313302371585975,0.6717440182943208,0.6508282864272974,0.6251366043238579,0.0,0.2106409001465373,0.5758799613337912,0.4840658063026143,0.0,0.0,0.0,0.0,0.0,0.6620715871337479,0.5853524959532388,0.7257754227631213,0.0,0.6009577676606657,0.0,0.1290538277045634,0.7196552807823269
0.172753811446871,0.0,0.0,0.0,0.0,0.0,0.0,0.0,0.0,0.4040668825013198,0.0,0.2333598058509893,0.0,0.0,0.0,0.2738374972984305,0.2368919361552613,0.0848571563908795,0.0,0.0,0.0,0.0,0.0,0.5514885958469858,0.1469214290367943,0.5713570234918234,0.0,0.0,0.0,0.0,0.4320022352230017,0.5975739846652997,0.6905792121013178,0.0,0.5108097217810535,0.0,0.0,0.6077858137618822,0.6721879052982886,0.0,0.0,0.5126413692121414,0.1939885499653914,0.0199474853928954,0.4939105334646138,0.0890668346708372,0.0,0.0,0.0,0.4703211548257744,0.0,0.2977788563600537,0.0,0.1450285117927392,0.0593601431975974,0.1743514054831266,0.4573802056493806,0.3117089745498452,0.0,0.0,0.1464279871745182,0.3792980198548962,0.3807463258549105,0.0,0.0,0.0,0.0,0.0,0.5239348500737034,0.5158720574245078,0.6588532642200529,0.0,0.2909811217102978,0.0,0.0,0.6140438301421304
0.0001912574117247,0.1778366205970337,0.065893390137625,0.0,0.0,0.2245918431667862,0.2447330550011124,0.4004988516280702,0.0,0.0,0.0,0.0,0.276029982053423,0.0,0.2391134843904302,0.0,0.0,0.0,0.0,0.2903885338036139,0.3017722406268632,0.3543466104875575,0.368297429235087,0.0,0.0,0.0,0.1160306419680966,0.1134374989289974,0.295778673748312,0.0,0.0,0.0,0.0,0.3501332968319662,0.0,0.3499855802385415,0.2323702129915504,0.0,0.0,0.0,0.0,0.0,0.0,0.0131053043378556,0.0,0.0,0.2178989028035949,0.1848695468384728,0.37390778748304,0.0,0.1815455470007037,0.0726698523905967,0.5232714749801588,0.0,0.2737425738190287,0.0,0.0,0.0,0.0,0.3386910233724525,0.0855954201505477,0.0,0.0,0.2801229121953572,0.0932003700289291,0.3940531703575889,0.2505858289195248,0.3737801713927515,0.0,0.0,0.0,0.167006006125076,0.0,0.0321283740649098,0.0,0.0
0.0,0.0,0.0,0.0,0.0,0.0,0.0,0.0,0.0,0.2902625531335587,0.0,0.2818393353675171,0.0,0.0,0.0,0.0796295036841924,0.0,0.0,0.0,0.0,0.0,0.0,0.0,0.0,0.0,0.479000808314402,0.0,0.0,0.0,0.0,0.0,0.5689529709452595,0.4179475385667385,0.0,0.6148261347184082,0.0,0.0,0.5939110913921757,0.6901961917006401,0.5126413692121414,0.0,0.0,0.2881996265671069,0.0595122803947853,0.4054668404143309,0.0,0.0,0.0,0.0,0.5595103743746893,0.0,0.1294877456691954,0.0,0.0,0.0,0.0,0.555005234965234,0.3235925165612144,0.0,0.0,0.0238103485362227,0.4102805574993837,0.3851453214294555,0.0,0.0,0.0,0.0,0.0,0.4360451927399808,0.3972150963659933,0.575524793840136,0.0,0.3961466962493238,0.0,0.0,0.5918899495154039
0.0,0.0,0.0,0.0,0.1385114095189523,0.0,0.104078581768645,0.0,0.1901651238017561,0.0,0.1632108391186114,0.419526903946086,0.3489204629914115,0.1861591943192998,0.0,0.0,0.0,0.0,0.0,0.0,0.0,0.0815635762462124,0.0,0.0,0.0,0.0,0.0,0.2658696057769349,0.0,0.0,0.3503266115005432,0.5398580598874727,0.0,0.0,0.200549831577193,0.1854829917960962,0.26156896304283,0.0,0.5701096471918867,0.1939885499653914,0.0,0.2881996265671069,0.0,0.6726063236666044,0.0993727505899953,0.0,0.0,0.0,0.0,0.3586779169949325,0.1249193632905224,0.2061833624024935,0.0,0.1629039296114759,0.3208145801104407,0.3466031708350535,0.5630805774201959,0.7466802529012573,0.490432412284521,0.0,0.0,0.5012767111317749,0.0,0.0,0.3517676969892332,0.0,0.2385970621980529,0.0,0.419081496135902,0.3143667885223801,0.4515910524212869,0.0522144197472672,0.7157280232542342,0.1372393248842608,0.0,0.4757447764040292
0.0,0.0,0.0,0.0,0.0,0.0,0.0,0.0,0.0,0.0,0.0,0.0,0.0,0.0,0.0,0.0,0.0,0.0,0.0,0.0,0.0,0.0,0.0,0.0,0.0,0.0,0.055403387420263,0.0,0.0,0.0,0.0,0.2602473336737682,0.0,0.0,0.0,0.2480130625211362,0.0,0.0,0.2541905917572876,0.0199474853928954,0.0131053043378556,0.0595122803947853,0.6726063236666044,0.0,0.0,0.0,0.0,0.0,0.0685745191092038,0.1232513650193033,0.1204671364515267,0.1553956731811936,0.0,0.1425050841206458,0.269158539228268,0.3000405474739377,0.2510597713133473,0.4818642200791675,0.2659763847665587,0.0,0.0,0.0,0.0,0.0,0.0,0.0,0.0,0.0,0.0,0.0,0.0,0.1274721412233077,0.526796660360734,0.1589669070731537,0.0,0.2949336899900736
0.0,0.0,0.0,0.0,0.0,0.0,0.0,0.0,0.0,0.3202820561903728,0.0,0.1906933441988466,0.0,0.0,0.0,0.0,0.0,0.0,0.0,0.0,0.0,0.0,0.0,0.5904369537232488,0.0,0.5010793359804343,0.0,0.0,0.0,0.0,0.0,0.5061550723629203,0.4075439447822576,0.0082195065384264,0.4398065602887948,0.0,0.0,0.605124623792699,0.5212414661796902,0.4939105334646138,0.0,0.4054668404143309,0.0993727505899953,0.0,0.0,0.1450814816469259,0.0,0.0,0.0,0.2663436110486523,0.0,0.0335920604633004,0.0,0.1307221861585887,0.0,0.2545538583138999,0.300399325306134,0.1646371562673562,0.0,0.0,0.0,0.3453381088110963,0.3238241301999892,0.0,0.0,0.0,0.0,0.0,0.4633944623911269,0.4116240198333943,0.3887964478540005,0.0,0.2383987546287925,0.0,0.0,0.3996535444907103
0.6715332666494599,0.0,0.0,0.0,0.0,0.0,0.0,0.0,0.0,0.1350294061475858,0.0,0.0,0.0,0.0,0.0,0.5349142343594044,0.0,0.3601676956006668,0.0,0.0,0.2895522931498776,0.2650786577549594,0.0,0.2168942636969008,0.4782377352538637,0.1956041244531488,0.0,0.0,0.0,0.0,0.0,0.0388314360833873,0.1719892312715142,0.0,0.0,0.0,0.0,0.0,0.0703003303841187,0.0890668346708372,0.0,0.0,0.0,0.0,0.1450814816469259,0.0,0.2377823705787023,0.0,0.0,0.0,0.0990091028889601,0.0,0.0171368535284132,0.0,0.0,0.0,0.0,0.0868336545723347,0.0,0.1520590201950669,0.2056771116810111,0.0,0.3967967839627145,0.0,0.2481654631274811,0.4160423783282209,0.2693834645613764,0.1565517829024452,0.2632402525116376,0.3343249302881193,0.1424732781710868,0.3216926205672936,0.2822444603787186,0.5432208091127788,0.0,0.3360759396968406
0.1733982321521231,0.640362049302475,0.0,0.0,0.0,0.4861105428567769,0.0,0.0,0.0,0.0,0.0,0.0,0.0,0.0,0.3893997072287828,0.2367847346109019,0.0,0.4095368682121229,0.0,0.4919267193322997,0.2671219591155807,0.5567662899762214,0.4503014444149493,0.0,0.4600864741765269,0.2010600050526629,0.4821409491602098,0.0,0.3590196066785114,0.0,0.0791324726071751,0.0,0.0,0.0,0.0,0.0,0.0,0.0,0.0,0.0,0.2178989028035949,0.0,0.0,0.0,0.0,0.2377823705787023,0.0,0.0,0.0,0.0,0.7351064734215358,0.2577384852588789,0.3937077319840195,0.2467246434315462,0.4236255623575471,0.0,0.0,0.4436148331051058,0.0,0.5191164861925596,0.4046530542385546,0.2384653992152915,0.1530454996471291,0.0,0.5537439489958147,0.3897225252998507,0.5601884731266122,0.5733052760490782,0.0,0.3308611630254027,0.2601944217101435,0.5893815460908491,0.2880013534362507,0.5566052681685644,0.0,0.0
0.0,0.0,0.7454734140061324,0.0,0.3879705410967831,0.5439855180292356,0.1764402730415698,0.5698483618528095,0.185372394292385,0.0,0.3073824812152845,0.0,0.1514488306720351,0.1616374503541513,0.0,0.0,0.0,0.0,0.6331720190826206,0.0,0.0,0.0,0.640364202454637,0.0,0.0,0.0,0.484160964345906,0.5643076826823898,0.4595508783690722,0.0,0.0,0.0,0.0,0.2624422156414026,0.0,0.5009020562450781,0.0,0.0,0.0,0.0,0.1848695468384728,0.0,0.0,0.0,0.0,0.0,0.0,0.0,0.4038395342547681,0.0,0.5908693618971931,0.0,0.5925147120681821,0.3197046939807791,0.2608755991725606,0.2624473659604886,0.0,0.0356016870079297,0.0,0.0,0.0,0.0,0.0,0.7435544773437537,0.0,0.5803872075379021,0.0,0.6786886235930115,0.0,0.0,0.0,0.5491261671838654,0.0,0.294449819900363,0.1991073649196388,0.0
0.0,0.0,0.0,0.0,0.0,0.0,0.0,0.0,0.0,0.0,0.0,0.0,0.0,0.0,0.0,0.0,0.0,0.0,0.0,0.0,0.0,0.0,0.0,0.0,0.0,0.0,0.0,0.0,0.0,0.0,0.0,0.0,0.0,0.0,0.0,0.0,0.0,0.0,0.0,0.0,0.37390778748304,0.0,0.0,0.0685745191092038,0.0,0.0,0.0,0.4038395342547681,0.0,0.0,0.3306711413375549,0.0958571496009149,0.4130428507181464,0.0327029654576811,0.0,0.0816796312776204,0.0,0.0,0.0,0.0,0.0,0.0,0.0,0.4175041619948922,0.0,0.0,0.0,0.4700065518941049,0.0,0.0,0.0,0.2486151413798912,0.0,0.0,0.0,0.0
