0.0,0.7712064770625547,0.0,0.0,0.0,0.2726850824615826,0.0,0.5607599282097959,0.0,0.0,0.0,0.0,0.0,0.0,0.5232031324695253,0.8730538962733336,0.2651577208217737,0.8599293486246921,0.0,0.4599186271420968,0.7273007922741372,0.5331567872177903,0.0,0.758841314862869,0.8274196291582882,0.5213001044755753,0.3054303520572073,0.4952861459477993,0.725892182018579,0.0,0.723704367213968,0.0,0.3863956221183762,0.5167774273134548,0.0987240705821355,0.0,0.0,0.0,0.0,0.2156129468986679,0.0,0.0,0.0,0.0,0.0,0.9306441142849724,0.6555235126023478,0.0,0.0,0.0,0.0,0.0,0.0,0.0,0.0,0.0,0.0,0.0,0.0,0.0,0.0351849596461913,0.0,0.4011891188475827,0.0,0.0,0.6776961148576033,0.0,0.0,0.7822411101224174,0.4466475729108954,0.5929274026100055,0.0,0.0,0.0,0.0,0.0
0.7712064770625547,0.0,0.0,0.0,0.4084644744128519,0.4335344623228888,0.1946922819544415,0.5179807937934494,0.3918836758999156,0.0,0.0,0.0,0.3251528116588428,0.0,0.5837879660506873,0.5654115651391671,0.0,0.6349162433489219,0.0,0.524227579500691,0.5731710195810175,0.6801780496049126,0.2045056549778112,0.0,0.8555056053416564,0.4066875983509965,0.5245980072352241,0.4375683342194054,0.739313416002196,0.0,0.4669924949851529,0.0525939910591823,0.1072299719005275,0.3504809251812026,0.470803022294863,0.0,0.0,0.0,0.0,0.2890339611219897,0.3218568481472134,0.2514502585143596,0.0,0.0,0.0,0.8182492591466122,0.6710778008139177,0.0,0.0,0.0,0.0,0.0,0.0,0.0,0.0,0.0,0.0,0.0,0.0,0.3718837792087998,0.4434883052358234,0.0,0.5523861766965009,0.0,0.0,0.5936371378501449,0.0980978328304989,0.0194585249710329,0.0,0.4774291928693653,0.470603676958679,0.3201253924706668,0.0,0.0282234175687819,0.0,0.0
0.0,0.0,0.0,0.0,0.0,0.5280954695179327,0.0607749630133,0.1498732009095203,0.4535780828891477,0.1417096558137239,0.124266442809261,0.0,0.2919698084658048,0.0,0.0,0.0,0.0,0.0,0.753036849712714,0.0,0.0,0.0,0.5999416206678815,0.0,0.0,0.0,0.4249108638749748,0.3655468763114274,0.0,0.0769939650845746,0.0,0.2768209234076824,0.0,0.0382790194507521,0.0447482283015046,0.0,0.0,0.0,0.4740866594266061,0.0,0.0,0.0,0.0470085919078236,0.0,0.0,0.0,0.0,0.7986370625669231,0.0,0.0,0.2738214174653859,0.0,0.0210706215730239,0.4140718328809586,0.0,0.1670216230436503,0.0,0.0,0.0442060554297775,0.0,0.0,0.0,0.0,0.60975695885967,0.0,0.0,0.0,0.527608503656788,0.0,0.0,0.0,0.4952202795454738,0.0,0.0,0.0,0.0
0.0,0.0,0.0,0.0,0.6229228147489232,0.0,0.4044724589698495,0.147444788095954,0.1027482887958405,0.1650468423877436,0.3649766340573591,0.0,0.1853166034490888,0.314287515316632,0.0,0.0,0.0,0.0,0.0,0.0,0.0,0.0,0.0,0.0,0.0,0.0,0.1436032537899663,0.2708051086878271,0.0,0.0,0.0,0.0,0.0,0.3193048672356764,0.3371124158552834,0.0,0.4314561836868996,0.0,0.0,0.0,0.0,0.0,0.0,0.0,0.0,0.0,0.0,0.0,0.0,0.0,0.0,0.0,0.0,0.0,0.0,0.0,0.0,0.0,0.0,0.0,0.0,0.0,0.0,0.0,0.0,0.0,0.0,0.0,0.0,0.0,0.0,0.0,0.0,0.0,0.0,0.0
0.0,0.4084644744128519,0.0,0.6229228147489232,0.0,0.0130752294238339,0.71205948466579,0.3668372028193834,0.5088608084947133,0.0,0.7786424265916059,0.0517941244374325,0.2760695492673088,0.571966183024462,0.0,0.0,0.0,0.0,0.0,0.3771380171644369,0.0,0.4281192276939951,0.0,0.0,0.476901136563419,0.0,0.0869393910225457,0.3923761972361804,0.5561222185793497,0.0,0.4117285353427998,0.0,0.128447385652868,0.3736962838193463,0.0849531983649067,0.2891040916712626,0.4041592927328241,0.0,0.0,0.0,0.0,0.0,0.0,0.0,0.0,0.0,0.0,0.0,0.0,0.0,0.0,0.0,0.3578819304045229,0.3626570473909026,0.0,0.6677881747356084,0.0,0.0,0.0,0.0,0.0,0.0,0.0,0.0,0.0,0.0,0.0,0.0,0.0,0.0,0.0,0.0,0.0,0.0,0.0,0.0
0.2726850824615826,0.4335344623228888,0.5280954695179327,0.0,0.0130752294238339,0.0,0.1272442184875131,0.6378334196273939,0.5376128521859176,0.0,0.2516334166357917,0.0,0.6909279071792993,0.0,0.3790168354928037,0.1092945764154542,0.0,0.1702104155662265,0.5018472996638447,0.5261826197995312,0.6064228634645712,0.3808399589193623,0.8098202612587209,0.0,0.2872416387233657,0.1878648950623148,0.2971018106600407,0.6687402045089637,0.5766447332161506,0.4174113735263773,0.0,0.2787122461270481,0.0,0.0,0.052089701091914,0.0475898158409906,0.3187458392743311,0.0,0.1196142619396425,0.0,0.5898728512232412,0.2590447841061832,0.0340683509667608,0.0,0.0,0.0,0.0,0.4154980530941901,0.0,0.0,0.3578339687280011,0.198068382852001,0.3895899335893568,0.5500413493480765,0.0,0.2922341936864776,0.0,0.4034614071896164,0.0,0.3901479836917162,0.0,0.0,0.0,0.4751618699835643,0.1203047084182714,0.6405936388733575,0.2795235573590915,0.4290843886637892,0.0,0.0,0.0,0.2209431388043997,0.4049347031484018,0.0,0.0,0.0164483029599455
0.0,0.1946922819544415,0.0607749630133,0.4044724589698495,0.71205948466579,0.1272442184875131,0.0,0.3807689663464705,0.5402914964036764,0.0721321431908471,0.5270523588631856,0.333358348552792,0.4699178313159778,0.3660847789438158,0.0,0.381687917489765,0.1485979801600617,0.3519318572491461,0.1484067202698414,0.3558168645768078,0.0,0.3644311850261819,0.0615492311658736,0.152653889989932,0.2393509254108419,0.3381428355029341,0.0,0.4539740369706917,0.597170707005394,0.0,0.0987762819168664,0.0,0.0830952004387143,0.2444506309819571,0.0,0.2289716452862902,0.4287956719751158,0.0,0.0,0.0,0.0,0.0,0.0,0.0,0.0,0.0,0.0,0.0,0.0,0.0,0.0,0.0,0.0,0.0,0.0,0.0,0.0,0.0,0.0,0.0,0.0,0.0,0.0,0.0,0.0,0.0,0.0,0.0,0.0,0.0,0.0,0.0,0.0,0.0,0.0,0.0
0.5607599282097959,0.5179807937934494,0.1498732009095203,0.147444788095954,0.3668372028193834,0.6378334196273939,0.3807689663464705,0.0,0.5247924177206608,0.0,0.6370554143003939,0.0,0.4921640792177894,0.0576270319397261,0.3581300839572318,0.3969741737076037,0.0,0.4113538762228627,0.3186963431051121,0.2783200650134201,0.6502768574322961,0.2228714439299901,0.5697257647019011,0.3678332673822883,0.3959055061851,0.4589849419712349,0.1174831736523595,0.5269117290848327,0.7058543831559903,0.3586523891660779,0.1482976515335398,0.0,0.2355492955965173,0.0704769770257296,0.0,0.2753709944565253,0.3448871450097371,0.0,0.0,0.0,0.2251697038822622,0.0,0.0595650304274312,0.0,0.0,0.0,0.0,0.0433554682893564,0.0,0.0,0.0,0.1690061969969442,0.8249044993224479,0.436647907082713,0.0,0.5597646579318752,0.0,0.2392063086062346,0.0,0.1047894220631276,0.0,0.0,0.0,0.3088200116891353,0.0,0.6938277213158338,0.0,0.2353905564469979,0.0,0.0,0.0,0.0,0.1302679410298198,0.0,0.0,0.0
0.0,0.3918836758999156,0.4535780828891477,0.1027482887958405,0.5088608084947133,0.5376128521859176,0.5402914964036764,0.5247924177206608,0.0,0.0,0.6981508243262056,0.0286238215749846,0.5339863523006972,0.0,0.0,0.2213593573139882,0.0,0.0,0.5510609911536354,0.5132985132903558,0.0,0.4456401075362575,0.3984934613431352,0.0,0.0,0.0,0.2515510285172074,0.5996449659229423,0.6097521048069264,0.6150489633930198,0.0,0.056199055365001,0.0,0.1775170105541057,0.2813122158764131,0.0583188747550124,0.449572881204877,0.0,0.0,0.0,0.0,0.0,0.0,0.0,0.0,0.0,0.0,0.3494036885239594,0.0,0.0,0.0,0.0,0.3305019865976611,0.7985256541490334,0.0,0.7263731783915022,0.0,0.0,0.0,0.0,0.0,0.0,0.0,0.4716581805468868,0.0,0.0,0.0,0.0573343002870877,0.0,0.0,0.0,0.2005173454846752,0.0,0.0,0.0,0.0
0.0,0.0,0.1417096558137239,0.1650468423877436,0.0,0.0,0.0721321431908471,0.0,0.0,0.0,0.0,0.754154988322948,0.1059635553055518,0.0,0.0,0.0,0.658769395881892,0.0,0.0,0.0,0.0,0.2120367435411424,0.0,0.0,0.0,0.1461296010050218,0.0807104426831263,0.0,0.0,0.0,0.0,0.2961582937717342,0.0,0.0438807845434731,0.2931940031025608,0.0,0.0922718237149402,0.0,0.4486651122109579,0.0,0.1682371698822883,0.0,0.0,0.0,0.1334863699000764,0.0,0.0,0.0,0.0,0.0,0.0,0.0,0.0,0.0,0.8822208184009654,0.0,0.636433101830183,0.0,0.0,0.0,0.0,0.7602629420120218,0.5184939267955713,0.0,0.0,0.0,0.0,0.0,0.0,0.3022596318270579,0.0955439042393496,0.0,0.3260163255765766,0.0,0.0,0.648364557150609
0.0,0.0,0.124266442809261,0.3649766340573591,0.7786424265916059,0.2516334166357917,0.5270523588631856,0.6370554143003939,0.6981508243262056,0.0,0.0,0.0,0.2081890684364136,0.4683780987905287,0.0,0.0,0.0,0.0,0.3412156547479109,0.0,0.0,0.0,0.1104532232036235,0.0,0.0,0.0,0.3086397714662612,0.4045183199088667,0.0,0.0,0.3464149455232879,0.0,0.2322153912060357,0.2972851076594404,0.0701878201469849,0.2964821672114583,0.2341829510591854,0.0,0.0,0.0,0.0,0.0,0.0,0.0,0.0,0.0,0.0,0.0,0.0,0.1701855364296442,0.0,0.3151120789217794,0.5677500984446722,0.5859575653124607,0.0,0.8950688421912494,0.0,0.2192768044185808,0.0,0.0,0.0,0.0,0.0,0.3180125480770162,0.0,0.0,0.0,0.0,0.0,0.0,0.0,0.1491382457551693,0.0,0.0,0.0,0.0
0.0,0.0,0.0,0.0,0.0517941244374325,0.0,0.333358348552792,0.0,0.0286238215749846,0.754154988322948,0.0,0.0,0.1531737389954372,0.0,0.0,0.0,0.5599122456015534,0.0,0.0,0.0,0.0,0.0,0.0,0.1800466449821971,0.0,0.4928590327317837,0.0,0.0,0.0,0.0,0.0,0.038454189603048,0.1390187480440077,0.0411696366690846,0.0192928162465327,0.0,0.1585873493766719,0.0245790512042824,0.2828992317432222,0.0,0.0,0.0,0.0,0.0,0.0311354007287208,0.0,0.0,0.0,0.0,0.0,0.0,0.0,0.0,0.0,0.6994026313525121,0.0,0.8210569624396757,0.0,0.0,0.0,0.0,0.5979030817349199,0.4296567863080721,0.0,0.0,0.0,0.0,0.0,0.086642712068946,0.4302049549176299,0.3966046885424408,0.0,0.0,0.0,0.0,0.2697113819787007
0.0,0.3251528116588428,0.2919698084658048,0.1853166034490888,0.2760695492673088,0.6909279071792993,0.4699178313159778,0.4921640792177894,0.5339863523006972,0.1059635553055518,0.2081890684364136,0.1531737389954372,0.0,0.0,0.2296159357461477,0.2740233855596066,0.2351020844395289,0.3606847267129747,0.3356621022036431,0.4267821115509513,0.6174636334388832,0.3926348503211904,0.5771425846971088,0.0,0.3344693128785889,0.2623476865477571,0.0,0.7795071087093383,0.4777871077987108,0.4718616429738647,0.0566567403698667,0.2844361499431123,0.0,0.1321755538178103,0.1330057196527828,0.0183980024042005,0.4852942783417872,0.1333619215932937,0.1377178787543712,0.0,0.0,0.0,0.0,0.0,0.0,0.0,0.0,0.1854816492999237,0.0,0.0,0.1686538229330861,0.0,0.334409710479482,0.0,0.0,0.0,0.0,0.0,0.0,0.0,0.0,0.0,0.0,0.0,0.0,0.0,0.0,0.2131491239559658,0.0,0.0,0.0,0.0,0.0,0.0275621698161661,0.0,0.0
0.0,0.0,0.0,0.314287515316632,0.571966183024462,0.0,0.3660847789438158,0.0576270319397261,0.0,0.0,0.4683780987905287,0.0,0.0,0.0,0.0,0.0,0.0,0.0,0.0,0.0,0.0657452214049552,0.0,0.0,0.0,0.0,0.0,0.0730919507365278,0.0,0.0,0.0,0.3306772234807637,0.0,0.0,0.2401120638240418,0.0,0.5151386023967254,0.0,0.0,0.0,0.0,0.0,0.0,0.2523016971835218,0.0,0.0,0.0,0.0,0.0,0.0,0.0,0.0,0.0,0.0,0.0,0.0,0.3454354344208064,0.0,0.0,0.0,0.0,0.0,0.0,0.0,0.0,0.0,0.0,0.0,0.0,0.0,0.0,0.0,0.0,0.0,0.0,0.0,0.0
0.5232031324695253,0.5837879660506873,0.0,0.0,0.0,0.3790168354928037,0.0,0.3581300839572318,0.0,0.0,0.0,0.0,0.2296159357461477,0.0,0.0,0.398125898686287,0.0,0.3502443218318821,0.0,0.7638218744783271,0.5641397532598502,0.7248266122014965,0.2263713322271102,0.4305906225481327,0.4106868289752762,0.5035562610754384,0.5278190841613237,0.3955910900804872,0.597063473965978,0.0,0.253603617443531,0.0,0.067074376659893,0.2828488608596707,0.1091859236566049,0.106144652721599,0.0,0.0,0.0,0.1299962930869102,0.1202607917489533,0.2042745472385184,0.0,0.0,0.0,0.0,0.331266121449762,0.0,0.0,0.0,0.0902163254765808,0.0,0.2863296856121277,0.0,0.0,0.0,0.0,0.0,0.0,0.7529625579811366,0.1670168911337007,0.0,0.0,0.0,0.2635017228690455,0.5925362746986215,0.2969852366503007,0.150572956391748,0.0,0.0,0.4679644190370116,0.4897668541608446,0.3951422975131127,0.1712837612342784,0.0,0.0
0.8730538962733336,0.5654115651391671,0.0,0.0,0.0,0.1092945764154542,0.381687917489765,0.3969741737076037,0.2213593573139882,0.0,0.0,0.0,0.2740233855596066,0.0,0.398125898686287,0.0,0.3342946788840634,0.937939741583318,0.0,0.3573183951189869,0.700805135971437,0.4637986800690465,0.0,0.7285519504536483,0.763556897035242,0.4292082656723263,0.2774403095717054,0.5210135725706725,0.6146761948647989,0.3753958765003701,0.8744077034029359,0.0,0.5697282877272306,0.7353009343269526,0.0,0.0,0.0,0.0,0.0,0.2155801799699006,0.0,0.0,0.0,0.0,0.0,0.8204678139753308,0.5520698098023443,0.0,0.0,0.0,0.0,0.0,0.0,0.0,0.0,0.0,0.0,0.0,0.0,0.1620417844019326,0.0903323303015939,0.0,0.4827414733887433,0.0,0.0,0.6143372188293069,0.0,0.0,0.0,0.508903905019395,0.5675496124355103,0.0,0.0,0.0,0.0,0.0
0.2651577208217737,0.0,0.0,0.0,0.0,0.0,0.1485979801600617,0.0,0.0,0.658769395881892,0.0,0.5599122456015534,0.2351020844395289,0.0,0.0,0.3342946788840634,0.0,0.4013101274667638,0.0,0.1020507707851364,0.0,0.3137274812406901,0.0,0.4705774106472109,0.4097346284095609,0.4060192296826294,0.0,0.0829731928416946,0.0,0.0,0.3221531193504315,0.1031624566114796,0.2310604831364864,0.306457550480765,0.2636834038524651,0.0,0.0,0.0,0.0,0.0037371627852854,0.0084400775392854,0.0,0.0,0.0,0.0,0.0,0.0,0.0,0.0,0.0,0.0,0.0,0.0,0.0,0.6523908465341073,0.0,0.3665108433144406,0.0,0.0,0.0,0.0,0.5324510868219849,0.6380249550053633,0.0,0.0,0.0,0.0,0.0,0.3999776833618225,0.384759031000254,0.3731000006023977,0.0,0.0,0.0,0.0,0.0
0.8599293486246921,0.6349162433489219,0.0,0.0,0.0,0.1702104155662265,0.3519318572491461,0.4113538762228627,0.0,0.0,0.0,0.0,0.3606847267129747,0.0,0.3502443218318821,0.937939741583318,0.4013101274667638,0.0,0.0,0.3666658038851056,0.6539285879971034,0.4964775241414042,0.0265301432517901,0.6915358713973329,0.8273231954691894,0.4596719504159102,0.2876593549826721,0.5737391653122722,0.5976549617507083,0.0,0.7857658354103944,0.0,0.4937163842399353,0.6734869992333666,0.0693351802975956,0.0,0.0,0.0,0.0,0.2654467286893212,0.0,0.0,0.0,0.0,0.0,0.8166782939887612,0.5306608960841691,0.0,0.0,0.0,0.0,0.0,0.0,0.0,0.0381063975074127,0.0,0.0,0.0,0.0,0.0,0.2694761203779488,0.0,0.5964851394810177,0.0,0.0,0.0,0.0,0.0,0.6736487472651663,0.5141001944875554,0.5797795721983459,0.0,0.0,0.0,0.0,0.0
0.0,0.0,0.753036849712714,0.0,0.0,0.5018472996638447,0.1484067202698414,0.3186963431051121,0.5510609911536354,0.0,0.3412156547479109,0.0,0.3356621022036431,0.0,0.0,0.0,0.0,0.0,0.0,0.0,0.0,0.0,0.5890651354882142,0.0,0.0,0.0,0.2503764872836282,0.2930824500976779,0.0,0.0,0.0,0.230682564708564,0.0,0.0391843743056854,0.0376140844122382,0.0,0.0,0.0,0.3415976591507777,0.0,0.0,0.0,0.0,0.0,0.0,0.0,0.0,0.6161501806864583,0.0,0.0,0.2197752013810768,0.0,0.242697932004879,0.3792807280865299,0.0,0.3610714662529616,0.0,0.0,0.0,0.0,0.0,0.0,0.0,0.8259215997867483,0.0,0.0,0.0,0.4792548866517573,0.0,0.0,0.0,0.3105861836840505,0.0,0.0,0.0,0.0
0.4599186271420968,0.524227579500691,0.0,0.0,0.3771380171644369,0.5261826197995312,0.3558168645768078,0.2783200650134201,0.5132985132903558,0.0,0.0,0.0,0.4267821115509513,0.0,0.7638218744783271,0.3573183951189869,0.1020507707851364,0.3666658038851056,0.0,0.0,0.5722292311137254,0.9060957543517972,0.2758361927535726,0.0,0.4232815658107561,0.3408924774669693,0.6007866792911665,0.6296290048622845,0.6134504048047849,0.7184301826612682,0.2593016181733585,0.0,0.0,0.3074904641859299,0.2940281300255036,0.0441021660842037,0.3651609777093119,0.0,0.0,0.0640634992154018,0.2890739984472011,0.2714000525561951,0.0,0.0,0.0,0.0,0.1345457099150117,0.0,0.0,0.0,0.1802643390552015,0.0,0.1512099882554634,0.0,0.0,0.0,0.0,0.0,0.0,0.7365310665605965,0.0,0.0,0.0,0.0,0.5255395157371637,0.5764124360872837,0.5563805848093321,0.1279110533668167,0.0,0.0,0.3667416357697773,0.5962982787351551,0.6270150487587893,0.3351246501152521,0.0,0.0448511685174721
0.7273007922741372,0.5731710195810175,0.0,0.0,0.0,0.6064228634645712,0.0,0.6502768574322961,0.0,0.0,0.0,0.0,0.6174636334388832,0.0657452214049552,0.5641397532598502,0.700805135971437,0.0,0.6539285879971034,0.0,0.5722292311137254,0.0,0.5499723101904638,0.3655787021053565,0.3918077634140351,0.5952082227022983,0.3949112737220649,0.2044309490326301,0.6888894936428173,0.7476653122622939,0.5189832302625503,0.4288572056616743,0.0,0.2026526949089243,0.3663248838886413,0.0,0.3513070335863473,0.0,0.0,0.0,0.3382189652050144,0.2600507753088793,0.1595298752466748,0.0,0.0,0.0,0.6780756387471816,0.2242088912584954,0.0,0.0,0.0,0.1875623794470452,0.0,0.5340840591067924,0.0,0.0,0.0,0.0,0.0,0.0,0.3218633922880247,0.1204543981465333,0.0,0.0,0.0,0.0,0.8746508142754756,0.0597511176808502,0.1585045980260928,0.0,0.2633856969844943,0.4307234305074756,0.0774036258996145,0.2949573350562768,0.0,0.0,0.0
0.5331567872177903,0.6801780496049126,0.0,0.0,0.4281192276939951,0.3808399589193623,0.3644311850261819,0.2228714439299901,0.4456401075362575,0.2120367435411424,0.0,0.0,0.3926348503211904,0.0,0.7248266122014965,0.4637986800690465,0.3137274812406901,0.4964775241414042,0.0,0.9060957543517972,0.5499723101904638,0.0,0.1912747338193297,0.0,0.6173834817644261,0.4382849834083354,0.6555708163900217,0.5606435425767773,0.58988791188441,0.7523268637045203,0.3971438348500225,0.0643392654540308,0.0,0.4853175577900738,0.4110234169698281,0.0,0.3103164591332412,0.0,0.0,0.0796333298543725,0.229113880637382,0.2716500316493337,0.0,0.0,0.0,0.6653854095338069,0.3452460201817102,0.0,0.0,0.0,0.2419283069195273,0.0,0.0,0.0,0.0,0.0,0.0,0.0,0.0,0.6778909148526181,0.5146026828518178,0.0,0.6626232417076164,0.0,0.5385195877528857,0.5606206844527923,0.5756824219319089,0.0884086560384893,0.0,0.59190608053945,0.4649351258002603,0.624661408956096,0.0,0.4779195427340599,0.0,0.1243267397602347
0.0,0.2045056549778112,0.5999416206678815,0.0,0.0,0.8098202612587209,0.0615492311658736,0.5697257647019011,0.3984934613431352,0.0,0.1104532232036235,0.0,0.5771425846971088,0.0,0.2263713322271102,0.0,0.0,0.0265301432517901,0.5890651354882142,0.2758361927535726,0.3655787021053565,0.1912747338193297,0.0,0.0,0.0498361039017208,0.1866977285235888,0.2550323061795387,0.4663525878070068,0.3071695482139108,0.1609397671509248,0.0,0.371677657270744,0.0437309755857805,0.0,0.0,0.0,0.0964995206884829,0.0,0.3817597819567244,0.4647281119809641,0.4659461451532898,0.1595410220088029,0.0,0.0,0.0,0.0,0.0,0.5841860826257684,0.0,0.0,0.2140090113021834,0.0503286163401815,0.4892903447896407,0.3090940931017378,0.0,0.1696824737772583,0.0,0.2324388150958332,0.0,0.2697190545898611,0.0,0.0,0.0,0.5577720540222777,0.1779157874628647,0.4488986004739636,0.3733311389520166,0.7726122424001336,0.0,0.0,0.2002334942126973,0.274461681874194,0.1903992455589859,0.0,0.1395390399004757,0.0787135460536674
0.758841314862869,0.0,0.0,0.0,0.0,0.0,0.152653889989932,0.3678332673822883,0.0,0.0,0.0,0.1800466449821971,0.0,0.0,0.4305906225481327,0.7285519504536483,0.4705774106472109,0.6915358713973329,0.0,0.0,0.3918077634140351,0.0,0.0,0.0,0.6637435192761808,0.5970085272014293,0.3564988871202236,0.2162420412697364,0.0,0.0,0.7873258090675955,0.0,0.548680864629065,0.5699380794855068,0.018725390303912,0.2679007355636636,0.0,0.1689501302930144,0.0,0.0398749007213084,0.0,0.0,0.0,0.0,0.0,0.7410796728401913,0.0,0.0,0.0,0.0,0.0,0.0,0.0,0.0,0.1505104268523523,0.0,0.0,0.0,0.0,0.0,0.0,0.0,0.4165227266951737,0.0,0.0,0.0,0.0,0.0,0.9608890720470996,0.5149371512023935,0.5853175953387478,0.0,0.0,0.0,0.0,0.0
0.8274196291582882,0.8555056053416564,0.0,0.0,0.476901136563419,0.2872416387233657,0.2393509254108419,0.3959055061851,0.0,0.0,0.0,0.0,0.3344693128785889,0.0,0.4106868289752762,0.763556897035242,0.4097346284095609,0.8273231954691894,0.0,0.4232815658107561,0.5952082227022983,0.6173834817644261,0.0498361039017208,0.6637435192761808,0.0,0.4409444275658905,0.3812430850584658,0.4800791971340931,0.6054625131264177,0.0,0.7154703739754766,0.0,0.2712805496417495,0.5521931198168808,0.245549289479988,0.0,0.0,0.0,0.0,0.2015111977997783,0.1130683675709062,0.0378166348387683,0.0,0.0,0.0,0.8426962959334192,0.5451015189745272,0.0,0.0,0.0,0.0,0.0,0.0,0.0,0.1599119348477403,0.0,0.0,0.0,0.0,0.0,0.3377909475912266,0.1125673625157471,0.5586914292639136,0.0,0.0,0.5522052841354134,0.0,0.0,0.6887422372896355,0.5727203028542325,0.4907980875745535,0.0,0.0,0.0,0.0,0.0
0.5213001044755753,0.4066875983509965,0.0,0.0,0.0,0.1878648950623148,0.3381428355029341,0.4589849419712349,0.0,0.1461296010050218,0.0,0.4928590327317837,0.2623476865477571,0.0,0.5035562610754384,0.4292082656723263,0.4060192296826294,0.4596719504159102,0.0,0.3408924774669693,0.3949112737220649,0.4382849834083354,0.1866977285235888,0.5970085272014293,0.4409444275658905,0.0,0.2111905476577381,0.2427699746130791,0.3936431708913839,0.0,0.2481565065916925,0.0,0.4411495207845221,0.3102976995696868,0.0429370866747477,0.0819454453417214,0.0,0.037222298897307,0.0,0.1884434948601917,0.0,0.0402956902066459,0.0,0.0,0.0,0.500863832480297,0.5453225471823834,0.0,0.0,0.0,0.0,0.0,0.0,0.0,0.2429075406406864,0.0,0.3369332915999775,0.0,0.0,0.3522466154072906,0.114910249313189,0.2709018375357602,0.4946632907040488,0.0,0.0442707726317575,0.4181971813305081,0.2111809461812333,0.1209712269030515,0.4758993799321142,0.6515677037718004,0.907260823416404,0.1282206920833973,0.0,0.0,0.0,0.0
0.3054303520572073,0.5245980072352241,0.4249108638749748,0.1436032537899663,0.0869393910225457,0.2971018106600407,0.0,0.1174831736523595,0.2515510285172074,0.0807104426831263,0.3086397714662612,0.0,0.0,0.0730919507365278,0.5278190841613237,0.2774403095717054,0.0,0.2876593549826721,0.2503764872836282,0.6007866792911665,0.2044309490326301,0.6555708163900217,0.2550323061795387,0.3564988871202236,0.3812430850584658,0.2111905476577381,0.0,0.2960556010483834,0.4040107451034335,0.3513710020545141,0.3758504929143773,0.0278685225982737,0.0,0.4138677014776429,0.2504046118691986,0.0,0.0,0.0,0.0,0.0,0.0,0.0,0.0,0.0,0.0,0.0,0.424739515489896,0.4191988590670696,0.0,0.0,0.358740878753885,0.3515779958704339,0.0326432165513447,0.379030978486513,0.0,0.3631358672481936,0.0,0.2129255534146908,0.0,0.6145966155619992,0.0,0.0,0.0,0.3159762668464478,0.4772269098917829,0.2395158471139822,0.4777073753455291,0.3947920488468794,0.0,0.0,0.2380127274623721,0.9210512203716862,0.5290414498793081,0.5188979148489952,0.0,0.0876142436892262
0.4952861459477993,0.4375683342194054,0.3655468763114274,0.2708051086878271,0.3923761972361804,0.6687402045089637,0.4539740369706917,0.5269117290848327,0.5996449659229423,0.0,0.4045183199088667,0.0,0.7795071087093383,0.0,0.3955910900804872,0.5210135725706725,0.0829731928416946,0.5737391653122722,0.2930824500976779,0.6296290048622845,0.6888894936428173,0.5606435425767773,0.4663525878070068,0.2162420412697364,0.4800791971340931,0.2427699746130791,0.2960556010483834,0.0,0.6867060632010218,0.5744761686441717,0.3413400160590009,0.0668924298506014,0.0212111728065107,0.3726958243703531,0.158802681522412,0.2314501500955253,0.486959795486642,0.1919911251157032,0.0,0.0,0.3918857238248796,0.2648524105600524,0.0703515874636315,0.0,0.0,0.0,0.0,0.0,0.0,0.0,0.1771546247137729,0.0,0.3194356221422291,0.0,0.0,0.0,0.0,0.0,0.0,0.3184779981425755,0.0,0.0,0.0,0.0,0.16751376361273,0.7015153983357684,0.0,0.1649195912408,0.0,0.0,0.0,0.2119931802803049,0.6509556042587026,0.1237609592074825,0.0,0.0
0.725892182018579,0.739313416002196,0.0,0.0,0.5561222185793497,0.5766447332161506,0.597170707005394,0.7058543831559903,0.6097521048069264,0.0,0.0,0.0,0.4777871077987108,0.0,0.597063473965978,0.6146761948647989,0.0,0.5976549617507083,0.0,0.6134504048047849,0.7476653122622939,0.58988791188441,0.3071695482139108,0.0,0.6054625131264177,0.3936431708913839,0.4040107451034335,0.6867060632010218,0.0,0.6962431579103212,0.3702017000021469,0.0,0.0782817913070245,0.2952779551235089,0.0942662810861605,0.1821167917635762,0.4719068214851869,0.0,0.0,0.0,0.2810066739675848,0.3118017683670674,0.0,0.0,0.0,0.0,0.4538121427765122,0.0,0.0,0.0,0.0,0.0,0.5485602545237994,0.0,0.0,0.0,0.0,0.2444735362533122,0.0,0.3276642202899404,0.0,0.0,0.0,0.0,0.0,0.7456062084370055,0.0219436880454626,0.0,0.0,0.0,0.4138120725259177,0.186245842148164,0.3459226935405428,0.0,0.0,0.0
0.0,0.0,0.0769939650845746,0.0,0.0,0.4174113735263773,0.0,0.3586523891660779,0.6150489633930198,0.0,0.0,0.0,0.4718616429738647,0.0,0.0,0.3753958765003701,0.0,0.0,0.0,0.7184301826612682,0.5189832302625503,0.7523268637045203,0.1609397671509248,0.0,0.0,0.0,0.3513710020545141,0.5744761686441717,0.6962431579103212,0.0,0.2032166712760585,0.0634941145663994,0.0,0.1872557228723168,0.5421961808460863,0.0,0.0,0.0,0.0,0.0,0.0,0.0,0.0,0.0,0.0,0.0,0.0,0.0,0.0,0.0,0.0,0.0,0.0,0.0,0.0,0.0,0.0,0.0,0.0,0.0,0.0,0.0,0.0,0.0,0.1039864530321827,0.0,0.0,0.0,0.0,0.0,0.0,0.2868336794602345,0.0,0.0,0.0,0.0
0.723704367213968,0.4669924949851529,0.0,0.0,0.4117285353427998,0.0,0.0987762819168664,0.1482976515335398,0.0,0.0,0.3464149455232879,0.0,0.0566567403698667,0.3306772234807637,0.253603617443531,0.8744077034029359,0.3221531193504315,0.7857658354103944,0.0,0.2593016181733585,0.4288572056616743,0.3971438348500225,0.0,0.7873258090675955,0.7154703739754766,0.2481565065916925,0.3758504929143773,0.3413400160590009,0.3702017000021469,0.2032166712760585,0.0,0.0,0.4473921331457173,0.8190157979037337,0.0,0.3859898867826965,0.0,0.1462894048565446,0.0,0.0,0.0,0.0,0.0,0.0,0.0,0.6822134076820257,0.5142673005433531,0.0,0.0,0.0,0.4670176500065044,0.0,0.1103242054213994,0.0,0.0,0.0,0.0,0.0,0.0,0.1368562665575882,0.0,0.0,0.3336101162496742,0.0,0.0702000684279021,0.3110960814903776,0.0,0.0594505076697611,0.7944306170287109,0.3836648082016153,0.3910316277555242,0.2388335630394976,0.3671783559622182,0.4891584172811499,0.0,0.0
0.0,0.0525939910591823,0.2768209234076824,0.0,0.0,0.2787122461270481,0.0,0.0,0.056199055365001,0.2961582937717342,0.0,0.038454189603048,0.2844361499431123,0.0,0.0,0.0,0.1031624566114796,0.0,0.230682564708564,0.0,0.0,0.0643392654540308,0.371677657270744,0.0,0.0,0.0,0.0278685225982737,0.0668924298506014,0.0,0.0634941145663994,0.0,0.0,0.0,0.0,0.2837922831380555,0.0,0.0,0.0616302834581206,0.7548430475512024,0.3530875553001261,0.6187110289368682,0.2260309649001056,0.0,0.0,0.436051293391417,0.0,0.0,0.3987027912986047,0.0,0.0,0.4863480362766217,0.0,0.0,0.1755006071215177,0.2785458342525344,0.0,0.1498493247048908,0.3962075918048023,0.0,0.1441985586066972,0.5888502553020126,0.0,0.2317460129931969,0.2766717642698478,0.4103021735402337,0.0,0.3607479968864081,0.3212802587856962,0.0,0.0,0.0,0.170158432336327,0.2967797750937271,0.3412929829064223,0.0,0.7798176644161331
0.3863956221183762,0.1072299719005275,0.0,0.0,0.128447385652868,0.0,0.0830952004387143,0.2355492955965173,0.0,0.0,0.2322153912060357,0.1390187480440077,0.0,0.0,0.067074376659893,0.5697282877272306,0.2310604831364864,0.4937163842399353,0.0,0.0,0.2026526949089243,0.0,0.0437309755857805,0.548680864629065,0.2712805496417495,0.4411495207845221,0.0,0.0212111728065107,0.0782817913070245,0.0,0.4473921331457173,0.0,0.0,0.4207489254093677,0.0,0.2313708644469382,0.0,0.2865088998274291,0.0,0.462792170164521,0.0,0.0,0.0,0.0,0.0,0.264671915828124,0.4761262082127563,0.0,0.0,0.0,0.0,0.0,0.0,0.0,0.0,0.0,0.0129677021654371,0.0,0.0,0.0,0.0,0.0,0.1674084762951838,0.0,0.0,0.1403615147588291,0.0,0.3285440355838198,0.5178059642491271,0.3012751286269126,0.550660200729467,0.0,0.0,0.1645207716640236,0.0,0.0
0.5167774273134548,0.3504809251812026,0.0382790194507521,0.3193048672356764,0.3736962838193463,0.0,0.2444506309819571,0.0704769770257296,0.1775170105541057,0.0438807845434731,0.2972851076594404,0.0411696366690846,0.1321755538178103,0.2401120638240418,0.2828488608596707,0.7353009343269526,0.306457550480765,0.6734869992333666,0.0391843743056854,0.3074904641859299,0.3663248838886413,0.4853175577900738,0.0,0.5699380794855068,0.5521931198168808,0.3102976995696868,0.4138677014776429,0.3726958243703531,0.2952779551235089,0.1872557228723168,0.8190157979037337,0.0,0.4207489254093677,0.0,0.0,0.3082027244035102,0.0,0.0520411820404753,0.0,0.0228274039232866,0.0,0.0,0.1086663542095391,0.0,0.0,0.5365937511242993,0.4273713562626303,0.0,0.0,0.0,0.5050248368372416,0.0,0.0,0.0,0.1461718031462251,0.0,0.0,0.0,0.0,0.2654666042887571,0.1222719658297461,0.0,0.4741703766428858,0.0,0.2803528010188659,0.2609923666399918,0.09411217728697,0.1234136952858956,0.5601778955707082,0.4796614017590426,0.4756797206774025,0.3690478904510368,0.4782782602702628,0.6097925299580534,0.0,0.0
0.0987240705821355,0.470803022294863,0.0447482283015046,0.3371124158552834,0.0849531983649067,0.052089701091914,0.0,0.0,0.2813122158764131,0.2931940031025608,0.0701878201469849,0.0192928162465327,0.1330057196527828,0.0,0.1091859236566049,0.0,0.2636834038524651,0.0693351802975956,0.0376140844122382,0.2940281300255036,0.0,0.4110234169698281,0.0,0.018725390303912,0.245549289479988,0.0429370866747477,0.2504046118691986,0.158802681522412,0.0942662810861605,0.5421961808460863,0.0,0.2837922831380555,0.0,0.0,0.0,0.0,0.262295157605191,0.0,0.0,0.0210809721272282,0.4485197061316199,0.3877516100771678,0.0,0.1160216612663012,0.2516607643087394,0.0,0.1530543419502955,0.0,0.0,0.0,0.0,0.0,0.0,0.0,0.0,0.0,0.0,0.0,0.0,0.247615553218153,0.5424682192610771,0.0,0.4885084157914079,0.0,0.1616116550779442,0.0,0.2146104295094645,0.0,0.0,0.1081633675172568,0.0197140287678236,0.2852491270411233,0.0,0.1358388446760227,0.0,0.0
0.0,0.0,0.0,0.0,0.2891040916712626,0.0475898158409906,0.2289716452862902,0.2753709944565253,0.0583188747550124,0.0,0.2964821672114583,0.0,0.0183980024042005,0.5151386023967254,0.106144652721599,0.0,0.0,0.0,0.0,0.0441021660842037,0.3513070335863473,0.0,0.0,0.2679007355636636,0.0,0.0819454453417214,0.0,0.2314501500955253,0.1821167917635762,0.0,0.3859898867826965,0.0,0.2313708644469382,0.3082027244035102,0.0,0.0,0.0038643447181506,0.2343191524094939,0.0,0.0,0.0,0.0,0.6441601717974268,0.1735433172398191,0.0,0.0,0.0,0.0,0.0,0.0,0.0,0.0,0.362668208769525,0.0819076220165672,0.0,0.2514654904949011,0.0,0.0,0.3353901123491969,0.0,0.0,0.0,0.0,0.0,0.0,0.0,0.0,0.1134734537508282,0.0,0.0,0.0,0.0,0.0,0.0,0.0,0.0
0.0,0.0,0.0,0.4314561836868996,0.4041592927328241,0.3187458392743311,0.4287956719751158,0.3448871450097371,0.449572881204877,0.0922718237149402,0.2341829510591854,0.1585873493766719,0.4852942783417872,0.0,0.0,0.0,0.0,0.0,0.0,0.3651609777093119,0.0,0.3103164591332412,0.0964995206884829,0.0,0.0,0.0,0.0,0.486959795486642,0.4719068214851869,0.0,0.0,0.0,0.0,0.0,0.262295157605191,0.0038643447181506,0.0,0.0,0.0,0.0,0.4312856569090631,0.5311774304877377,0.0,0.0,0.0,0.0,0.0,0.0,0.0,0.0,0.0,0.0,0.0,0.0,0.0,0.0,0.0,0.0,0.0,0.0,0.0,0.0,0.0,0.0,0.0,0.0,0.0,0.0,0.0,0.0,0.0,0.0,0.0,0.0,0.0,0.0
0.0,0.0,0.0,0.0,0.0,0.0,0.0,0.0,0.0,0.0,0.0,0.0245790512042824,0.1333619215932937,0.0,0.0,0.0,0.0,0.0,0.0,0.0,0.0,0.0,0.0,0.1689501302930144,0.0,0.037222298897307,0.0,0.1919911251157032,0.0,0.0,0.1462894048565446,0.0616302834581206,0.2865088998274291,0.0520411820404753,0.0,0.2343191524094939,0.0,0.0,0.141937066005412,0.1768550348892583,0.0,0.0,0.0,0.0,0.0724369897833548,0.0,0.0,0.0,0.0,0.0,0.0,0.0,0.0,0.0,0.0,0.0,0.1090933903825422,0.0,0.0,0.0,0.0,0.0,0.0,0.0,0.0,0.0,0.0,0.0,0.1844760679257155,0.0,0.1037892061703989,0.0,0.0,0.0,0.0,0.0
0.0,0.0,0.4740866594266061,0.0,0.0,0.1196142619396425,0.0,0.0,0.0,0.4486651122109579,0.0,0.2828992317432222,0.1377178787543712,0.0,0.0,0.0,0.0,0.0,0.3415976591507777,0.0,0.0,0.0,0.3817597819567244,0.0,0.0,0.0,0.0,0.0,0.0,0.0,0.0,0.7548430475512024,0.0,0.0,0.0,0.0,0.0,0.141937066005412,0.0,0.2346793663414517,0.2980956597529259,0.0091989802101302,0.0,0.0,0.3057658898457858,0.0,0.0,0.6116945070815262,0.0,0.0,0.3786418257341158,0.0,0.0,0.0102943513605801,0.3082474419505781,0.0,0.4672678248886087,0.1559498162565219,0.1649756393963205,0.1340539506166245,0.4350787363033377,0.3968495442930645,0.08047163554509,0.2656544410023718,0.6689531855175826,0.0,0.5721309944541088,0.5395029122933864,0.0,0.0,0.0,0.2688141131548894,0.1352355381999708,0.4402757720126435,0.7908802471939367,0.7667590566091474
0.2156129468986679,0.2890339611219897,0.0,0.0,0.0,0.0,0.0,0.0,0.0,0.0,0.0,0.0,0.0,0.0,0.1299962930869102,0.2155801799699006,0.0037371627852854,0.2654467286893212,0.0,0.0640634992154018,0.3382189652050144,0.0796333298543725,0.4647281119809641,0.0398749007213084,0.2015111977997783,0.1884434948601917,0.0,0.0,0.0,0.0,0.0,0.3530875553001261,0.462792170164521,0.0228274039232866,0.0210809721272282,0.0,0.0,0.1768550348892583,0.2346793663414517,0.0,0.385647223246497,0.2018087257425108,0.0,0.0,0.333650692463276,0.2076848890405023,0.3365902973630133,0.0,0.0,0.0,0.1883088973734264,0.1013426720287972,0.3536416359344373,0.3129072074555413,0.0008069921063466,0.222723700071346,0.0728085063770262,0.3104310426187395,0.0,0.0941819590273239,0.4023795265215723,0.1749571551138977,0.2525515761603176,0.0,0.0,0.3070478345503085,0.070825881388093,0.3095625606341881,0.0931072287447901,0.1052906198528863,0.3130910928993155,0.0140245291149613,0.0562760817030255,0.0,0.0,0.0771695607520628
0.0,0.3218568481472134,0.0,0.0,0.0,0.5898728512232412,0.0,0.2251697038822622,0.0,0.1682371698822883,0.0,0.0,0.0,0.0,0.1202607917489533,0.0,0.0084400775392854,0.0,0.0,0.2890739984472011,0.2600507753088793,0.229113880637382,0.4659461451532898,0.0,0.1130683675709062,0.0,0.0,0.3918857238248796,0.2810066739675848,0.0,0.0,0.6187110289368682,0.0,0.0,0.4485197061316199,0.0,0.4312856569090631,0.0,0.2980956597529259,0.385647223246497,0.0,0.5463842906591121,0.0,0.0,0.5980165129643422,0.0465859205819574,0.0,0.1669474147351133,0.0790626577277083,0.0422673250890197,0.0,0.3690519929206763,0.0,0.4027935476739727,0.1784693617699167,0.0,0.0832379417393164,0.4129270085177414,0.0,0.1840760225903702,0.6525042856592751,0.4319560396255798,0.2385193328682718,0.252514541308672,0.0869426101971854,0.2733968123561806,0.2945287453216264,0.0,0.0,0.0,0.0,0.0,0.3502285017636574,0.0,0.0,0.4547044923929504
0.0,0.2514502585143596,0.0,0.0,0.0,0.2590447841061832,0.0,0.0,0.0,0.0,0.0,0.0,0.0,0.0,0.2042745472385184,0.0,0.0,0.0,0.0,0.2714000525561951,0.1595298752466748,0.2716500316493337,0.1595410220088029,0.0,0.0378166348387683,0.0402956902066459,0.0,0.2648524105600524,0.3118017683670674,0.0,0.0,0.2260309649001056,0.0,0.0,0.3877516100771678,0.0,0.5311774304877377,0.0,0.0091989802101302,0.2018087257425108,0.5463842906591121,0.0,0.0,0.1110443391230461,0.2642266444016363,0.1580107135675967,0.0,0.0,0.1782366209112206,0.2244387486858954,0.0,0.3283111767444018,0.0723462274803441,0.2687901909334293,0.2458080860159026,0.3083546121097159,0.0634823823695464,0.0345450517624151,0.0,0.0823170160308425,0.3682173915888629,0.3495461016851155,0.3071158636172545,0.0540818365371165,0.0,0.2122205736558789,0.1258875834596099,0.0,0.0,0.0882450584355577,0.0137185224120906,0.0,0.2672331084682794,0.0,0.0,0.0687538934060583
0.0,0.0,0.0470085919078236,0.0,0.0,0.0340683509667608,0.0,0.0595650304274312,0.0,0.0,0.0,0.0,0.0,0.2523016971835218,0.0,0.0,0.0,0.0,0.0,0.0,0.0,0.0,0.0,0.0,0.0,0.0,0.0,0.0703515874636315,0.0,0.0,0.0,0.0,0.0,0.1086663542095391,0.0,0.6441601717974268,0.0,0.0,0.0,0.0,0.0,0.0,0.0,0.1412711787824953,0.0,0.0,0.0,0.1312678281545349,0.0,0.0,0.1132007599116976,0.0,0.1416514230530208,0.0,0.0,0.0,0.0,0.0,0.5775218293138856,0.0,0.0,0.0,0.0,0.0,0.0,0.0188575991161002,0.0,0.259782230534702,0.0490531880894712,0.0,0.0573918158371752,0.0,0.0,0.0,0.0,0.0
0.0,0.0,0.0,0.0,0.0,0.0,0.0,0.0,0.0,0.0,0.0,0.0,0.0,0.0,0.0,0.0,0.0,0.0,0.0,0.0,0.0,0.0,0.0,0.0,0.0,0.0,0.0,0.0,0.0,0.0,0.0,0.0,0.0,0.0,0.1160216612663012,0.1735433172398191,0.0,0.0,0.0,0.0,0.0,0.1110443391230461,0.1412711787824953,0.0,0.0,0.0,0.0,0.0152043512121191,0.2174497182689899,0.2439508731390188,0.0,0.116468912880331,0.1010175700169724,0.1165754669652679,0.1114978005461818,0.2618280938524251,0.0,0.0,0.0913258123669303,0.0,0.0,0.0,0.0,0.0097942498691283,0.0,0.0,0.0,0.0,0.0,0.0,0.0,0.2431247796458318,0.3772409725724899,0.1022762098681133,0.0,0.0
0.0,0.0,0.0,0.0,0.0,0.0,0.0,0.0,0.0,0.1334863699000764,0.0,0.0311354007287208,0.0,0.0,0.0,0.0,0.0,0.0,0.0,0.0,0.0,0.0,0.0,0.0,0.0,0.0,0.0,0.0,0.0,0.0,0.0,0.436051293391417,0.0,0.0,0.2516607643087394,0.0,0.0,0.0724369897833548,0.3057658898457858,0.333650692463276,0.5980165129643422,0.2642266444016363,0.0,0.0,0.0,0.0,0.0,0.0,0.0,0.0,0.0,0.0861584315025065,0.0,0.2573075594400447,0.1495370816852798,0.0,0.123629694916268,0.2689391158097385,0.0,0.0,0.0,0.3118526492331082,0.0,0.0,0.0,0.0,0.0,0.0,0.0,0.0,0.0,0.0,0.2057777917363393,0.0,0.0,0.3772512783079812
0.9306441142849724,0.8182492591466122,0.0,0.0,0.0,0.0,0.0,0.0,0.0,0.0,0.0,0.0,0.0,0.0,0.0,0.8204678139753308,0.0,0.8166782939887612,0.0,0.0,0.6780756387471816,0.6653854095338069,0.0,0.7410796728401913,0.8426962959334192,0.500863832480297,0.0,0.0,0.0,0.0,0.6822134076820257,0.0,0.264671915828124,0.5365937511242993,0.0,0.0,0.0,0.0,0.0,0.2076848890405023,0.0465859205819574,0.1580107135675967,0.0,0.0,0.0,0.0,0.60153225662066,0.0,0.0,0.0,0.1849472018995163,0.0,0.3683777345341347,0.0,0.0310537785503106,0.0,0.0,0.3957417434272183,0.0,0.3518586067991681,0.1658782340611469,0.0,0.533335591867019,0.0,0.0,0.6485011418274947,0.0,0.0,0.757190470070337,0.5168990255106621,0.5715509682795649,0.2062569102275702,0.4940800829663334,0.0812187338926494,0.0,0.0
0.6555235126023478,0.6710778008139177,0.0,0.0,0.0,0.0,0.0,0.0,0.0,0.0,0.0,0.0,0.0,0.0,0.331266121449762,0.5520698098023443,0.0,0.5306608960841691,0.0,0.1345457099150117,0.2242088912584954,0.3452460201817102,0.0,0.0,0.5451015189745272,0.5453225471823834,0.424739515489896,0.0,0.4538121427765122,0.0,0.5142673005433531,0.0,0.4761262082127563,0.4273713562626303,0.1530543419502955,0.0,0.0,0.0,0.0,0.3365902973630133,0.0,0.0,0.0,0.0,0.0,0.60153225662066,0.0,0.0,0.0,0.0,0.2445940557319373,0.3232717923387966,0.3126922429452989,0.1236746068646151,0.0336123680774891,0.0,0.0,0.2396039044659539,0.0,0.199889529043914,0.2701652542042961,0.0,0.4476108512291783,0.0,0.0,0.1875907716997598,0.0,0.1304810450115079,0.0,0.5491088206770681,0.6133971882309762,0.3129865683560236,0.1336502252952391,0.0904775570661915,0.0,0.0
0.0,0.0,0.7986370625669231,0.0,0.0,0.4154980530941901,0.0,0.0433554682893564,0.3494036885239594,0.0,0.0,0.0,0.1854816492999237,0.0,0.0,0.0,0.0,0.0,0.6161501806864583,0.0,0.0,0.0,0.5841860826257684,0.0,0.0,0.0,0.4191988590670696,0.0,0.0,0.0,0.0,0.3987027912986047,0.0,0.0,0.0,0.0,0.0,0.0,0.6116945070815262,0.0,0.1669474147351133,0.0,0.1312678281545349,0.0152043512121191,0.0,0.0,0.0,0.0,0.0,0.0,0.4273289581583894,0.0730824022760463,0.0376604028681495,0.3610339849304661,0.0,0.1993029848654842,0.0,0.2511501113126765,0.1020350068252866,0.0,0.0,0.0,0.0,0.6178422355774355,0.0,0.0,0.0,0.7139565733295209,0.0,0.0,0.0,0.516679542879025,0.3673527567783798,0.4191548262804186,0.4998382008394486,0.3780370499522235
0.0,0.0,0.0,0.0,0.0,0.0,0.0,0.0,0.0,0.0,0.0,0.0,0.0,0.0,0.0,0.0,0.0,0.0,0.0,0.0,0.0,0.0,0.0,0.0,0.0,0.0,0.0,0.0,0.0,0.0,0.0,0.0,0.0,0.0,0.0,0.0,0.0,0.0,0.0,0.0,0.0790626577277083,0.1782366209112206,0.0,0.2174497182689899,0.0,0.0,0.0,0.0,0.0,0.5663040732319006,0.0747371101008281,0.3811640814960608,0.0,0.1776001869723868,0.0,0.0809550855725701,0.0,0.2232470448745317,0.0,0.0,0.0,0.0,0.0,0.0,0.0,0.0,0.0,0.0,0.0,0.0,0.0,0.012022798723702,0.2601727628632327,0.0,0.0,0.0453160515768683
0.0,0.0,0.0,0.0,0.0,0.0,0.0,0.0,0.0,0.0,0.1701855364296442,0.0,0.0,0.0,0.0,0.0,0.0,0.0,0.0,0.0,0.0,0.0,0.0,0.0,0.0,0.0,0.0,0.0,0.0,0.0,0.0,0.0,0.0,0.0,0.0,0.0,0.0,0.0,0.0,0.0,0.0422673250890197,0.2244387486858954,0.0,0.2439508731390188,0.0,0.0,0.0,0.0,0.5663040732319006,0.0,0.1899888849961249,0.7388054222978465,0.0,0.3141437267019644,0.5561072692796545,0.2875974702643331,0.0774678906036014,0.2907051827690016,0.0,0.0,0.0,0.0,0.0,0.0,0.0,0.0,0.0,0.0,0.0,0.0,0.0,0.257250138564014,0.5872188670329868,0.0,0.0,0.1648543710698377
0.0,0.0,0.2738214174653859,0.0,0.0,0.3578339687280011,0.0,0.0,0.0,0.0,0.0,0.0,0.1686538229330861,0.0,0.0902163254765808,0.0,0.0,0.0,0.2197752013810768,0.1802643390552015,0.1875623794470452,0.2419283069195273,0.2140090113021834,0.0,0.0,0.0,0.358740878753885,0.1771546247137729,0.0,0.0,0.4670176500065044,0.4863480362766217,0.0,0.5050248368372416,0.0,0.0,0.0,0.0,0.3786418257341158,0.1883088973734264,0.0,0.0,0.1132007599116976,0.0,0.0,0.1849472018995163,0.2445940557319373,0.4273289581583894,0.0747371101008281,0.1899888849961249,0.0,0.2488878642080081,0.0,0.3736963662808264,0.0,0.0627262608027972,0.0,0.6324217963471304,0.0,0.2712515675403322,0.2372773854882488,0.0751232301972219,0.2285066933284666,0.3727900016516865,0.4720039049926186,0.1099495817400465,0.2134341561398771,0.5030833364498672,0.0,0.073525847866577,0.2052175377501205,0.4315606469721938,0.3623766673396293,0.6120430232520916,0.2101270917020131,0.3351194646358441
