0.0,0.5128542857647954,0.0,0.0,0.0,0.1813362794062812,0.0,0.3729067908803698,0.0,0.0,0.0,0.0,0.0,0.2034242061336086,0.3479314253617158,0.5805830808279299,0.1763305646044793,0.5718552229707609,0.0,0.3058470669635638,0.4836568927411477,0.354550631305258,0.0,0.5046314211793734,0.5502361761224236,0.3466659068635503,0.2031119676948505,0.3293665577041741,0.4827201633074338,0.0,0.4812652608495627,0.0,0.2569540800006661,0.3436583149478824,0.0656517602121844,0.0,0.0,0.0602589700755677,0.0,0.1433831628392687,0.0,0.0,0.0,0.0,0.0,0.6188807235524763,0.4359248176159154,0.0,0.0,0.0,0.0,0.0,0.0,0.0,0.0,0.0,0.0,0.0,0.0,0.0,0.0233980884311828,0.0,0.2667917932780737,0.0,0.0,0.4506696549991258,0.0,0.0,0.5201923450587832,0.297021781853132,0.3942982438816633,0.0,0.0,0.0,0.0,0.0
0.5128542857647954,0.0,0.0,0.0,0.271629923393789,0.2883015296706269,0.1294708669797184,0.3444585567442968,0.2606036498449063,0.0,0.0,0.0,0.2162274539276008,0.0,0.3882204951226347,0.3760001413721036,0.0,0.4222209306947593,0.0,0.3486126852656438,0.3811601984826935,0.4523201479734515,0.1359967852163147,0.0,0.5689134223384977,0.2704482962541074,0.3488590206594349,0.2909840648306458,0.4916453183385057,0.0,0.3105512072270938,0.0349751389834205,0.0713082064106723,0.2330707143988505,0.3130852176638994,0.0,0.0,0.0,0.0,0.1922083256582453,0.2140356297366242,0.1672150670037681,0.0,0.0,0.0,0.5441378565382178,0.4462684591808935,0.0,0.0,0.0,0.1343855689447956,0.0,0.0,0.0,0.0,0.0,0.0,0.0,0.0,0.247303667235891,0.2949208607441572,0.0,0.3673382246412996,0.0,0.0,0.3947702196371707,0.0652353105007429,0.0129399690262794,0.0,0.3174916380952808,0.3129526525039197,0.2128842072696981,0.0,0.0187686450899778,0.0,0.0
0.0,0.0,0.0,0.0,0.0,0.3511848420501211,0.0404155063210648,0.0996660631021919,0.3016305887687851,0.0942372846700396,0.0826375032717807,0.0,0.1941606716737529,0.0,0.0,0.0,0.0,0.0,0.5007714369632555,0.0,0.0,0.0,0.398962716885018,0.0,0.0,0.0,0.2825668145790566,0.2430896105519128,0.1029584861048346,0.0512011843080594,0.0,0.1840866242458731,0.0,0.0254556461389779,0.0297576866213828,0.0,0.0,0.0,0.3152688447806285,0.0,0.0,0.0,0.0312608342185125,0.0,0.0,0.0,0.0,0.5310956954979399,0.0,0.0,0.1820919450990602,0.0516746609389343,0.0140120174024121,0.2753588311606708,0.0,0.1110698078153981,0.0,0.0992570628241345,0.0293971402707482,0.0,0.0,0.0,0.0,0.4054899419636544,0.0,0.0,0.0,0.3508610085031565,0.0,0.0,0.0,0.3293227563776484,0.0,0.0,0.0,0.0
0.0,0.0,0.0,0.0,0.4142452699068059,0.0,0.2689752228827391,0.0980511623511151,0.0683278756483673,0.1097565736129511,0.2427103979900097,0.0994619313016074,0.1232360167205018,0.2090020039852821,0.0,0.0,0.0,0.0,0.0,0.2300084846234807,0.0,0.3387197032032763,0.0,0.0,0.0,0.0,0.0954965321822369,0.1800860920236904,0.0,0.0,0.2884571536315188,0.0,0.0,0.2123385558833848,0.2241806214004119,0.0,0.2869194690459026,0.0,0.0,0.0,0.0,0.0,0.0,0.0,0.0,0.0,0.0,0.0,0.0,0.0,0.0,0.0,0.0,0.0,0.0,0.0,0.0,0.0,0.0,0.0,0.0,0.0,0.0,0.0,0.0,0.0,0.0,0.0,0.0,0.0,0.0,0.0,0.0,0.0,0.0,0.0
0.0,0.271629923393789,0.0,0.4142452699068059,0.0,0.0086950611111468,0.4735213840802598,0.2439476809900161,0.3383937431234571,0.0,0.517799211278427,0.0344432256279115,0.183586958514886,0.3803589790815948,0.0,0.3641627251351349,0.0,0.0,0.0,0.2507977489560553,0.0,0.2847003847497125,0.0,0.0,0.3171404792971062,0.1709748595596388,0.0578149180716455,0.2609311777970782,0.3698227020781512,0.0,0.2738005322861019,0.0,0.085417840988923,0.2485089874518568,0.0564940948587692,0.1922549626534306,0.2687669665316941,0.0,0.0,0.0,0.0,0.0,0.0,0.0,0.0,0.0,0.0,0.0,0.0,0.0,0.0,0.0,0.237992401859522,0.2411678669059527,0.0,0.4440808493993333,0.0,0.0,0.0,0.0,0.0,0.0,0.0,0.0,0.0,0.0,0.0,0.0,0.0,0.0,0.0,0.0,0.0,0.0,0.0,0.0
0.1813362794062812,0.2883015296706269,0.3511848420501211,0.0,0.0086950611111468,0.0,0.0846177317372554,0.4241608604039134,0.357513925941028,0.0,0.1673368676244098,0.0,0.4594688308390107,0.0,0.2520471679644983,0.0726811737098093,0.0,0.1131903630237087,0.3337297417578819,0.349912792079998,0.403272759972344,0.2532595497203546,0.5385325513183074,0.0,0.1910164266649852,0.1249306371808995,0.1975734662989915,0.4447139516410321,0.3834702269618153,0.2775796342574137,0.0,0.1853443587064103,0.0,0.0,0.0346397848614391,0.0316473496251895,0.2119668008549126,0.1083361572389066,0.0795437910583869,0.0,0.3922669593730611,0.1722654460059678,0.0226555407947193,0.0,0.0,0.0,0.0,0.2763072712614154,0.0,0.0,0.2379605072215901,0.1317159827379296,0.2590783053238246,0.3657789084389793,0.0,0.1943364885237766,0.0,0.2683028708550465,0.0,0.2594494100735623,0.0,0.0,0.0,0.3159838625594416,0.0800029397380048,0.4259964132837787,0.1858838827571254,0.285342219270731,0.0,0.0,0.1461766578667875,0.1469277541311046,0.2692826164473566,0.0,0.0,0.0109381636662286
0.0,0.1294708669797184,0.0404155063210648,0.2689752228827391,0.4735213840802598,0.0846177317372554,0.0,0.2532123394772512,0.3592952312178575,0.0479680602758023,0.3504911707886301,0.221684157013254,0.3124965633919971,0.2434473171824319,0.0,0.2538234443450969,0.098818038032243,0.2340355879463765,0.0986908497145722,0.2366191277861973,0.0,0.2423476729849359,0.0409303966288992,0.1015152284744802,0.1591689794492783,0.2248658531096252,0.0,0.301893899248826,0.397120052190728,0.0,0.0656864808837278,0.0,0.0552585214711865,0.1625602967372851,0.0,0.15226673153857,0.2851502219320651,0.0,0.0,0.0,0.0,0.0,0.0,0.0,0.0,0.0,0.0,0.0,0.0,0.0,0.0,0.0,0.0,0.0,0.0,0.0,0.0,0.0,0.0,0.0,0.0,0.0,0.0,0.0,0.0,0.0,0.0,0.0,0.0,0.0,0.0,0.0,0.0,0.0,0.0,0.0
0.3729067908803698,0.3444585567442968,0.0996660631021919,0.0980511623511151,0.2439476809900161,0.4241608604039134,0.2532123394772512,0.0,0.3489883041310074,0.0,0.4236434848654978,0.0,0.327290375319104,0.0383221240811701,0.2381574246087075,0.2639888439466117,0.0,0.2735513830101616,0.2119338857754004,0.1850835572597131,0.4324357784676191,0.148210081986659,0.3788690951493335,0.2446100664797359,0.2632781773024968,0.3052261639295859,0.0781266118800699,0.350397651625242,0.4693949756571517,0.2385047589125561,0.0986183187251175,0.0,0.1566408858697305,0.0468673705296963,0.0,0.1831224177735835,0.2293508362340701,0.0,0.0,0.0,0.14973843075107,0.0,0.0396108980473989,0.0,0.0,0.0,0.0,0.0288314976402001,0.0,0.0,0.0,0.112389554585732,0.5485636083290635,0.2903719784234039,0.0,0.3722449335922022,0.0,0.1590728089032023,0.0,0.0696852345076089,0.0,0.0,0.0,0.2053661000462015,0.0,0.4613972146792341,0.0,0.1565353239280572,0.0,0.0,0.0,0.0,0.0866285149852025,0.0,0.0,0.0
0.0,0.2606036498449063,0.3016305887687851,0.0683278756483673,0.3383937431234571,0.357513925941028,0.3592952312178575,0.3489883041310074,0.0,0.0,0.4642720892719847,0.0190349147813328,0.3551022942136275,0.0,0.0,0.1472045405077831,0.0,0.0,0.3664569728555512,0.3413448281974219,0.0,0.2963518147943612,0.2649991741219488,0.0,0.1660672543763975,0.1602467068171154,0.1672820793141858,0.3987654407185703,0.405486714006127,0.4090091385548873,0.0,0.0373725159955262,0.0,0.118049267435604,0.1870733452599199,0.0387822013282474,0.2989671193734626,0.0,0.0,0.0,0.0,0.0,0.0,0.0,0.0,0.0,0.0,0.2323543492581499,0.0,0.117135751345888,0.0,0.3346215124403895,0.2197846689851398,0.5310216086142266,0.0,0.4830400271294164,0.0,0.2192719723042933,0.0,0.0,0.0,0.0,0.0,0.3136539000953904,0.0,0.0,0.0,0.0381274567811671,0.0,0.0,0.0,0.1333445491714335,0.0,0.0,0.0,0.0
0.0,0.0,0.0942372846700396,0.1097565736129511,0.0,0.0,0.0479680602758023,0.0,0.0,0.0,0.0,0.5015150020076283,0.0704660361260415,0.0,0.0,0.0,0.4380833383240753,0.0,0.0,0.0,0.0,0.1410049784318203,0.0,0.0,0.0,0.0971765595615532,0.0536726514456617,0.0,0.0,0.0,0.0,0.1969460251476898,0.0,0.0291808342968784,0.194974764247848,0.0,0.0613609994923607,0.0,0.2983634506636393,0.0,0.1118781495815588,0.1024630495340197,0.0,0.0,0.0887687784407521,0.0,0.0,0.0,0.0,0.0,0.0,0.0,0.0,0.0,0.5866791075604009,0.0,0.4232296454762746,0.0312567429874772,0.0,0.0,0.324847129202806,0.5055768068807224,0.3447997915071425,0.0,0.0,0.0,0.0,0.0,0.0,0.2010034306073677,0.0635369414355646,0.0,0.2168016928982252,0.0,0.0,0.4311640938743206
0.0,0.0,0.0826375032717807,0.2427103979900097,0.517799211278427,0.1673368676244098,0.3504911707886301,0.4236434848654978,0.4642720892719847,0.0,0.0,0.0,0.1384462646160251,0.3114726373124136,0.0,0.0,0.0,0.0,0.2269092857908046,0.0,0.0,0.0,0.0734516767964321,0.312800267501601,0.0,0.0,0.2052462398355868,0.269005720524841,0.0,0.0,0.2303668274951298,0.0,0.1544238308969804,0.1976953592738379,0.0466750804635035,0.1971614018159986,0.1557322632470691,0.0,0.0,0.0,0.0,0.0,0.0,0.0,0.0,0.0,0.0,0.0,0.0,0.1131738183340545,0.0,0.2095503408981102,0.3775552720197353,0.3896632841977871,0.0,0.5952230763423445,0.0,0.1458196374895801,0.0,0.0,0.0,0.0,0.0,0.2114791603274511,0.0,0.0,0.0,0.0,0.0,0.0,0.0,0.0991773160390325,0.0,0.0,0.0,0.0
0.0,0.0,0.0,0.0994619313016074,0.0344432256279115,0.0,0.221684157013254,0.0,0.0190349147813328,0.5015150020076283,0.0,0.0,0.1018609293968057,0.0,0.0,0.0,0.372343079771172,0.0,0.0,0.0,0.0,0.0,0.0504273852639347,0.1197314808200224,0.0,0.3277525211888026,0.0,0.0,0.0,0.0,0.0,0.0255721347396509,0.0924478240996964,0.0273779140050024,0.0128297722993636,0.0,0.1054609941888598,0.0163451321080205,0.1881287148828123,0.0,0.0,0.1095390110861185,0.0,0.0,0.0207051213619846,0.0,0.0,0.0,0.0,0.0,0.0,0.0,0.0,0.0,0.46510454415597,0.0,0.5460049864312241,0.0,0.0,0.0,0.0,0.3976070832647587,0.2857228651726563,0.0,0.0,0.0,0.0,0.0,0.0576176258063764,0.2860873987043303,0.2637431353638699,0.0,0.1205617947045954,0.0,0.0,0.1793587609561826
0.0,0.2162274539276008,0.1941606716737529,0.1232360167205018,0.183586958514886,0.4594688308390107,0.3124965633919971,0.327290375319104,0.3551022942136275,0.0704660361260415,0.1384462646160251,0.1018609293968057,0.0,0.0,0.1526951863472924,0.1822262543998629,0.1563434893030199,0.2398562685951727,0.223216159101314,0.2838111990842377,0.4106149003301848,0.2611031827621803,0.3838012994738827,-0.0014709171591557,0.2224229511400706,0.1744618846031592,0.0,0.5183742271050475,0.3177296524415207,0.3137892031313104,0.0376768776979457,0.189150769428679,0.0,0.087897082383167,0.0884491447932012,0.0122347187985817,0.3227219401121955,0.0886860199974715,0.0915827426847282,0.0,0.4091931336434624,0.0,0.0,0.0,0.0,0.0,0.0,0.1233457726347295,0.0,0.0,0.1121552249292562,0.0,0.2223833153917555,0.0,0.0,0.0,0.0,0.0,0.0,0.0,0.0,0.0,0.0,0.0,0.0898245647652906,0.0,0.0,0.1417447142614725,0.0,0.0,0.0,0.0,0.0,0.0183289136380675,0.0,0.0
0.2034242061336086,0.0,0.0,0.2090020039852821,0.3803589790815948,0.0,0.2434473171824319,0.0383221240811701,0.0,0.0,0.3114726373124136,0.0,0.0,0.0,0.0,0.0,0.0,0.0,0.0,0.0,0.0437207409026359,0.0,0.0,0.0,0.0,0.0,0.0486063347560514,0.0,0.0,0.0,0.2199012019619706,0.0,0.0,0.159675138446745,0.0,0.3425684921738776,0.0,0.0,0.0,0.0,0.0,0.0,0.1677812759031136,0.0,0.0,0.0,0.0,0.0,0.0,0.0,0.0,0.0,0.0,0.0,0.0,0.2297154500990591,0.0,0.0,0.0,0.0,0.0,0.0,0.0,0.0,0.0,0.0,0.0,0.0,0.0,0.0,0.0,0.0,0.0,0.0,0.0,0.0
0.3479314253617158,0.3882204951226347,0.0,0.0,0.0,0.2520471679644983,0.0,0.2381574246087075,0.0,0.0,0.0,0.0,0.1526951863472924,0.0,0.0,0.2647547440121685,0.0,0.2329133725645501,0.0,0.5079435061012011,0.3751543832095444,0.4820115566453712,0.1505375166831528,0.2863438686680389,0.2731077948792172,0.3348662054809056,0.3510010450789138,0.2630690897862997,0.3970487419444117,0.4015589603524361,0.1686470562160759,0.0,0.0446046325570967,0.1880952181160249,0.0726089193464275,0.0705864663723155,0.0,0.0,0.0,0.086447868406259,0.0799737350402407,0.1358430979767817,0.0,0.0,0.0,0.400159894204678,0.220292820622163,0.0,0.0,0.0,0.059994087890503,0.0,0.1904099755064104,0.0,0.0,0.0,0.0,0.0,0.0,0.5007220327711623,0.1110666610831419,0.0,0.0,0.0,0.1752293217174782,0.3940381428171604,0.1974959442834456,0.1001314022930851,0.0,0.2509038313012142,0.3111975392150358,0.3256962145061922,0.2627706415776253,0.1139041406466148,0.0,0.0
0.5805830808279299,0.3760001413721036,0.0,0.0,0.3641627251351349,0.0726811737098093,0.2538234443450969,0.2639888439466117,0.1472045405077831,0.0,0.0,0.0,0.1822262543998629,0.0,0.2647547440121685,0.0,0.2223068190856904,0.6237323344226944,0.0,0.2376176494488995,0.4660372133256588,0.3084273121142006,0.0,0.4844889161403494,0.5077672954217541,0.2854245977992127,0.184498517633974,0.3464753624116968,0.4087612465272884,0.2496392209450161,0.5814833660422866,0.0,0.3788707729676504,0.4889770077305098,0.0,0.0,0.0,0.0,0.0,0.1433613727475754,0.0,0.0,0.0,0.0,0.0,0.5456132011909834,0.3671278398450512,0.0,0.0,0.0,0.0,0.0,0.0,0.0,0.0,0.0,0.0,0.0,0.0,0.1077582023429573,0.0600712313967453,0.0,0.32102431826924,0.0,0.0,0.4085358265940486,0.0,0.0,0.0,0.338422402422934,0.3774219483092988,0.0826901888787793,0.0,0.0,0.0,0.0
0.1763305646044793,0.0,0.0,0.0,0.0,0.0,0.098818038032243,0.0,0.0,0.4380833383240753,0.0,0.372343079771172,0.1563434893030199,0.0,0.0,0.2223068190856904,0.0,0.2668722643202749,0.0,0.0678640243817775,0.0,0.2086295798880221,0.0,0.3129351853394076,0.2724745790601608,0.2700038293749539,0.0,0.0551773861061598,0.0,0.0,0.2142326508468434,0.0686032983083084,0.1536558140678315,0.2037950572817779,0.1753501400375519,0.0,0.0,0.0,0.0486491147474552,0.0024852228398476,0.0056126732165122,0.0,0.0,0.0,0.0,0.0,0.0,0.0,0.0,0.0,0.0,0.0,0.0,0.0,0.4338415866437296,0.0,0.2437306510819588,0.0,0.0,0.0,0.0,0.3540813387315841,0.424288231921644,0.0,0.0,0.0,0.0,0.0,0.2659861855721243,0.2558657427084659,0.2481124575828307,0.0,0.0,0.0,0.0,0.2408825697244162
0.5718552229707609,0.4222209306947593,0.0,0.0,0.0,0.1131903630237087,0.2340355879463765,0.2735513830101616,0.0,0.0,0.0,0.0,0.2398562685951727,0.0,0.2329133725645501,0.6237323344226944,0.2668722643202749,0.0,0.0,0.243833700259,0.4348641886616738,0.3301588272593836,0.0176426133251094,0.4598731286037257,0.5501720474717738,0.3056830263078044,0.1912942090490685,0.381538016851547,0.39744208283871,0.2593798404579592,0.5225362964179155,0.0,0.3283226621412454,0.447870582310588,0.0461080727762254,0.0,0.0,0.0,0.0,0.1765227555778437,0.0,0.0,0.0,0.0,0.0,0.5430931606779602,0.3528908572982301,0.0,0.0,0.0,0.0,0.0,0.0,0.0,0.0253408521037983,0.0,0.0,0.0,0.0,0.0,0.1792023113881226,-0.0100853937291157,0.3966641480282049,0.0,0.0,0.0,0.0,0.0,0.4479781451666969,0.3418779482502602,0.3855549029273557,0.0,0.0,0.0,0.0,0.0
0.0,0.0,0.5007714369632555,0.0,0.0,0.3337297417578819,0.0986908497145722,0.2119338857754004,0.3664569728555512,0.0,0.2269092857908046,0.0,0.223216159101314,0.0,0.0,0.0,0.0,0.0,0.0,0.0,0.0,0.0,0.391729826337086,0.0,0.0,0.0,0.1665010063805884,0.1949005812134134,0.0,0.0,0.0,0.1534044973437192,0.0,0.0260577094401823,0.0250134626324857,0.0,0.0,0.0686900240718901,0.2271633196987374,0.0,0.0,0.0,0.0,0.0,0.0,0.0,0.0,0.4097414508801797,0.0,0.0,0.1461510727482697,0.0844121348522435,0.1613947474210063,0.2522226572163386,0.0,0.2401134513814382,0.0,0.0,0.0,0.0,0.0,0.0,0.0,0.5492399827471786,0.0,0.0,0.0,0.3187057291443604,0.0,0.0,0.0,0.2065406089539068,0.0,0.0,0.0,0.0
0.3058470669635638,0.3486126852656438,0.0,0.2300084846234807,0.2507977489560553,0.349912792079998,0.2366191277861973,0.1850835572597131,0.3413448281974219,0.0,0.0,0.0,0.2838111990842377,0.0,0.5079435061012011,0.2376176494488995,0.0678640243817775,0.243833700259,0.0,0.0,0.3805339067358007,0.6025560012184801,0.1834317758345789,0.0,0.2814833271864124,0.2266943720698722,0.3995246830374873,0.4187049035368174,0.4079460929926339,0.4777579145911791,0.1724362413195432,0.0,0.0,0.2044819475456365,0.1955294607915446,0.0293280535894151,0.2428329869914891,0.0,0.0,0.0426023913321509,0.1922349505822261,0.1804817312224744,0.0,0.0,0.0,0.0,0.0894732422684045,0.0,0.0,0.0,0.1198762479370611,0.0,0.1005550301167512,0.0,0.0,0.0,0.0,0.1982180341667845,0.0,0.489795048821768,0.0,0.0,0.0,0.0,0.3494851262286502,0.3833157487751641,0.3699945162839241,0.0850611786427468,0.0,0.0,0.2438841286568522,0.3965398851528179,0.4169666160219294,0.2228587520837091,0.0,0.0298261421290927
0.4836568927411477,0.3811601984826935,0.0,0.0,0.0,0.403272759972344,0.0,0.4324357784676191,0.0,0.0,0.0,0.0,0.4106149003301848,0.0437207409026359,0.3751543832095444,0.4660372133256588,0.0,0.4348641886616738,0.0,0.3805339067358007,0.0,0.365732997222048,0.2431107747865242,0.2605531678470434,0.3958149950944465,0.2626170101638906,0.1359471055711124,0.458113280607732,0.4971993507781306,0.345125179567984,0.2851911419914901,0.0,0.1347645620167648,0.2436069875867263,0.0,0.23362007860764,0.0,0.0,0.0,0.2249164795568181,0.1729344327366155,0.1060877763104472,0.0,0.0,0.0,0.4509220393593581,0.1490994878913153,0.0,0.0,0.0,0.1247294635206461,0.0,0.355167269490346,0.0,0.0,0.0,0.0,0.0,0.0,0.2140399816070526,0.0801024837913256,0.0,0.0,0.0,0.0,0.5816450353962226,0.0397346465483264,0.1054059643284274,0.0,0.175152164206589,0.2864321863017187,0.0514736098010394,0.1961473845208698,0.0,0.0,0.0
0.354550631305258,0.4523201479734515,0.0,0.3387197032032763,0.2847003847497125,0.2532595497203546,0.2423476729849359,0.148210081986659,0.2963518147943612,0.1410049784318203,0.0,0.0,0.2611031827621803,0.0,0.4820115566453712,0.3084273121142006,0.2086295798880221,0.3301588272593836,0.0,0.6025560012184801,0.365732997222048,0.0,0.1271981887022026,0.0,0.4105615992610429,0.2914606383798366,0.4359562747560757,0.3728293941358269,0.3922769747513763,0.5002992944463487,0.2641016690415831,0.0427857765883131,0.0,0.3227374210050291,0.2733316267591055,0.0,0.2063612414356445,0.0,0.0,0.0529563686512242,0.1523613184119487,0.180647967960729,0.0,0.0,0.0,0.4424830043758787,0.2295894891441209,0.0,0.0,0.0,0.1608829447647862,0.0,0.0,0.0,0.0,0.0,0.0,0.0,0.0,0.4507991974955671,0.3422121043016208,0.0,0.4406461556851636,0.0,0.3581169074192777,0.3728141934247347,0.382830287489,0.0587919830766245,0.0,0.3936190620845581,0.3091830514409916,0.4154014395149122,0.4469810886015447,0.3178177220132876,0.0,0.0826776008988691
0.0,0.1359967852163147,0.398962716885018,0.0,0.0,0.5385325513183074,0.0409303966288992,0.3788690951493335,0.2649991741219488,0.0,0.0734516767964321,0.0504273852639347,0.3838012994738827,0.0,0.1505375166831528,0.0,0.0,0.0176426133251094,0.391729826337086,0.1834317758345789,0.2431107747865242,0.1271981887022026,0.0,0.0,0.0331411369483921,0.1241544684382991,0.1695971378907997,0.3101256673119547,0.2042685376009389,0.1070253580438291,0.0,0.2471665956182813,0.0290812109556803,0.0,0.0,0.0,0.0641724288258573,0.2435414352914803,0.253871234399992,0.3090453867200689,0.3098553819045106,0.1060951889358592,0.0,0.0,0.0,0.0,-0.0140669753346333,0.3884852436664255,0.0,0.0,0.1423165415527348,0.0334686589835014,0.3253793345518642,0.2055483648887338,0.0,0.1128392803796185,0.0,0.1545724083568863,0.0,0.1793638632622882,0.0,0.0,0.0,0.3709198468803255,0.1183144551029846,0.2985187209575485,0.2482661651783091,0.5137891233207544,0.0,0.0,0.1331557873473522,0.1825177225735059,0.1266159867630225,0.0,0.0927938195190482,0.0523447100640643
0.5046314211793734,0.0,0.0,0.0,0.0,0.0,0.1015152284744802,0.2446100664797359,0.0,0.0,0.312800267501601,0.1197314808200224,-0.0014709171591557,0.0,0.2863438686680389,0.4844889161403494,0.3129351853394076,0.4598731286037257,0.0,0.0,0.2605531678470434,0.0,0.0,0.0,0.4413911431423135,0.3970122022050217,0.237072674527287,0.1438015122099611,0.0,0.0,0.5235736829020425,0.0,0.3648741826105344,0.3790102850251216,0.0124524325917984,0.1781546764449977,0.0413753269788462,0.1123522700837805,0.0,0.0265169112781064,0.0,0.0,0.0,0.0,0.0,0.4928198836670769,0.3597824799461761,0.0,0.0,0.0,0.0,0.0,0.0,0.0,0.1000898199889685,0.0,0.0,0.0,0.0,0.0,0.0,0.0,0.2769886818348537,0.0,0.0,0.0,0.0,0.0,0.6389936980572586,0.342434526612827,0.389237702523435,0.0,0.2089517307595702,0.0,0.0,0.0
0.5502361761224236,0.5689134223384977,0.0,0.0,0.3171404792971062,0.1910164266649852,0.1591689794492783,0.2632781773024968,0.1660672543763975,0.0,0.0,0.0,0.2224229511400706,0.0,0.2731077948792172,0.5077672954217541,0.2724745790601608,0.5501720474717738,0.0,0.2814833271864124,0.3958149950944465,0.4105615992610429,0.0331411369483921,0.4413911431423135,0.0,0.2932291755673733,0.2535276296370722,0.3192538977298693,0.4026341245337081,0.0,0.4757896342217847,0.0,0.1804022614777852,0.3672098413210678,0.1632909074570669,0.0,0.0,0.0,0.0,0.1340054635106896,0.0751907545097873,0.0251481591857682,0.0,0.0,0.0546298166546982,0.5603951987199363,0.3624939085675113,0.0,0.0,0.0,0.0,0.0,0.0,0.0,0.1063418469253237,0.0,0.0,0.0,0.0,0.1390307517537616,0.2246318467455767,0.0748575848627858,0.3715312337746562,0.0,0.0,0.3672179306240993,0.0,0.0,0.4580153547550822,0.3808604707030748,0.326381987371922,0.0,0.0,0.1503598885758636,0.0,0.0
0.3466659068635503,0.2704482962541074,0.0,0.0,0.1709748595596388,0.1249306371808995,0.2248658531096252,0.3052261639295859,0.1602467068171154,0.0971765595615532,0.0,0.3277525211888026,0.1744618846031592,0.0,0.3348662054809056,0.2854245977992127,0.2700038293749539,0.3056830263078044,0.0,0.2266943720698722,0.2626170101638906,0.2914606383798366,0.1241544684382991,0.3970122022050217,0.2932291755673733,0.0,0.1404422559984541,0.1614426559402835,0.2617737185281897,0.0,0.1650247135251252,0.0,0.2933655630839268,0.2063487662777535,0.0285532727931338,0.0544939313820075,0.0,0.0247529242599368,0.0,0.1253154075308764,0.0,0.0267967373653847,0.0,0.0,0.0,0.333075733557753,0.36264089289278,0.0,0.0,0.0,0.0,0.0,0.0,0.0,0.1615341377015658,0.0,0.224061503311093,0.0,0.0,0.2342449029290498,0.0764156105937242,0.1801504169557223,0.3289523573691547,0.0,0.0294401773760959,0.2781021984631383,0.140435870991946,0.0804461762403263,0.3164743085672976,0.4332941945950356,0.6033307751354101,0.0852670891836462,0.0,0.0,0.0,0.0
0.2031119676948505,0.3488590206594349,0.2825668145790566,0.0954965321822369,0.0578149180716455,0.1975734662989915,0.0,0.0781266118800699,0.1672820793141858,0.0536726514456617,0.2052462398355868,0.0,0.0,0.0486063347560514,0.3510010450789138,0.184498517633974,0.0,0.1912942090490685,0.1665010063805884,0.3995246830374873,0.1359471055711124,0.4359562747560757,0.1695971378907997,0.237072674527287,0.2535276296370722,0.1404422559984541,0.0,0.196877734223205,0.2686681819770526,0.2336626178030809,0.2499415420266422,0.0185326390241124,0.0,0.2752230832537699,0.1665197093021459,0.0,0.0,0.0,0.0,0.0171759892312277,0.0,0.0,0.0,0.0,0.0,0.0,0.2824528674633876,0.2787683167277403,0.0,0.2003182786279832,0.2385636047154664,0.233800269221707,0.0217078227523075,0.2520565730915987,0.0,0.2414862833394561,0.0,0.1415960392779579,0.0,0.4087083260867672,0.0,0.0,0.0,0.2101250280850754,0.3173571193962347,0.1592786528049707,0.3176766301556025,0.2625377253160227,0.0,0.0,0.1582790743804199,0.6125014244897211,0.3518139214173336,0.3450684445990944,0.0,0.058263696826312
0.3293665577041741,0.2909840648306458,0.2430896105519128,0.1800860920236904,0.2609311777970782,0.4447139516410321,0.301893899248826,0.350397651625242,0.3987654407185703,0.0,0.269005720524841,0.0,0.5183742271050475,0.0,0.2630690897862997,0.3464753624116968,0.0551773861061598,0.381538016851547,0.1949005812134134,0.4187049035368174,0.458113280607732,0.3728293941358269,0.3101256673119547,0.1438015122099611,0.3192538977298693,0.1614426559402835,0.196877734223205,0.0,0.4566612937623812,0.3820281259580307,0.2269919863817264,0.0444836374621361,0.0141054843332628,0.2478436793516132,0.1056041906182082,0.1539149435952769,0.3238295132863822,0.1276745907521816,0.0,0.1426734269757955,0.2606050117202612,0.176127532497166,0.046783986149216,0.0,0.0,0.0,0.0,0.1820592604260457,0.0,0.0,0.1178082799220874,0.0,0.212425508231692,0.0,0.0,0.0,0.0,0.0,0.0,0.211788685815153,0.0,0.0,0.0,0.0,0.111397082556415,0.4665095396201061,0.1851537066296967,0.1096719512737728,0.0,0.0,0.0,0.1409760087516025,0.4328871468484938,0.0823013553797877,0.0,0.0
0.4827201633074338,0.4916453183385057,0.1029584861048346,0.0,0.3698227020781512,0.3834702269618153,0.397120052190728,0.4693949756571517,0.405486714006127,0.0,0.0,0.0,0.3177296524415207,0.0,0.3970487419444117,0.4087612465272884,0.0,0.39744208283871,0.0,0.4079460929926339,0.4971993507781306,0.3922769747513763,0.2042685376009389,0.0,0.4026341245337081,0.2617737185281897,0.2686681819770526,0.4566612937623812,0.0,0.4630034862113332,0.2461850802481189,0.0,0.0520575920498868,0.1963605976881249,0.0626873187609716,0.1211081337405689,0.3138192469572444,0.0,0.0,0.0,0.186870159106686,0.2073489758866767,0.0,0.0,0.0,0.0,0.3017862391943595,0.0,0.0,0.0,0.0,0.0,0.3647939765811094,0.0,0.0,0.0,0.0,0.1625755288014994,0.0,0.2178975471102604,0.0,0.0,0.0,0.0,0.0,0.495830041451715,0.0145926088464223,0.0,0.0,0.0,0.2751860898581574,0.1238539628393342,0.2300394786637395,0.0,0.0,0.0
0.0,0.0,0.0512011843080594,0.0,0.0,0.2775796342574137,0.0,0.2385047589125561,0.4090091385548873,0.0,0.0,0.0,0.3137892031313104,0.0,0.4015589603524361,0.2496392209450161,0.0,0.2593798404579592,0.0,0.4777579145911791,0.345125179567984,0.5002992944463487,0.1070253580438291,0.0,0.0,0.0,0.2336626178030809,0.3820281259580307,0.4630034862113332,0.0,0.1351396077477816,0.0422237490798169,0.0,0.124525536111729,0.3605618512584984,0.0,0.0,0.0,0.0,0.0,0.0,0.0,0.0,0.0,0.0,0.0,0.0,0.0,0.0,0.0,0.0,0.0,0.0,0.0,0.0,0.0,0.0,0.0,0.0,0.0,0.0,0.0,0.0,0.0,0.0691512580420259,0.0,0.0,0.0,0.0,0.0,0.0,0.1907451327083898,0.0,0.0672821619603345,0.0,0.0
0.4812652608495627,0.3105512072270938,0.0,0.2884571536315188,0.2738005322861019,0.0,0.0656864808837278,0.0986183187251175,0.0,0.0,0.2303668274951298,0.0,0.0376768776979457,0.2199012019619706,0.1686470562160759,0.5814833660422866,0.2142326508468434,0.5225362964179155,0.0,0.1724362413195432,0.2851911419914901,0.2641016690415831,0.0,0.5235736829020425,0.4757896342217847,0.1650247135251252,0.2499415420266422,0.2269919863817264,0.2461850802481189,0.1351396077477816,0.0,0.0,0.2975169163194463,0.5446476067782468,0.0,0.2566842649615315,0.0,0.0972828295327902,0.0,0.0,0.0,0.0,0.0,0.0,0.0,0.4536736663164111,0.3419890742060738,0.0,0.0,0.0,0.3105679353808273,0.0,0.07336587964026,0.0,0.0,0.0,0.0,0.0,0.0,0.0910097683634149,0.0,0.0,0.2218515831775867,0.0,0.0466832256017363,0.2068796923032492,0.0,0.0395347401197419,0.5282983984234583,0.2551380817401596,0.2600370356429697,0.1588249321450492,0.2441745487052243,0.3252916024202599,0.0,0.0
0.0,0.0349751389834205,0.1840866242458731,0.0,0.0,0.1853443587064103,0.0,0.0,0.0373725159955262,0.1969460251476898,0.0,0.0255721347396509,0.189150769428679,0.0,0.0,0.0,0.0686032983083084,0.0,0.1534044973437192,0.0,0.0,0.0427857765883131,0.2471665956182813,0.0,0.0,0.0,0.0185326390241124,0.0444836374621361,0.0,0.0422237490798169,0.0,0.0,0.0,-0.0071554494537319,0.188722596351486,0.0,0.0,0.0409842966111818,0.5019725631596227,0.2348041301152036,0.4114444215365185,0.1503111715374876,0.0,0.0,0.289975228788089,0.0,0.0,0.2651383790793688,0.0,0.0,0.3234226918422601,0.1244451314740953,0.0,0.1167083539798813,0.1852336943829315,0.0,0.0996501853648593,0.2634790650145948,0.0,0.0958924114126082,0.3915869304619902,0.2959083070764112,0.1541116931812602,0.1839874330365477,0.2728519980280864,0.0,0.2398983434228246,0.2136521963319842,0.0,0.0,0.0,0.1131557940424634,0.1973593118212158,0.2269607092145989,0.2677577966067173,0.5185807474467918
0.2569540800006661,0.0713082064106723,0.0,0.0,0.085417840988923,0.0,0.0552585214711865,0.1566408858697305,0.0,0.0,0.1544238308969804,0.0924478240996964,0.0,0.0,0.0446046325570967,0.3788707729676504,0.1536558140678315,0.3283226621412454,0.0,0.0,0.1347645620167648,0.0,0.0290812109556803,0.3648741826105344,0.1804022614777852,0.2933655630839268,0.0,0.0141054843332628,0.0520575920498868,0.0,0.2975169163194463,0.0,0.0,0.2797991148220396,0.0,0.1538622184355604,0.0,0.1905291534193572,0.0,0.3077579804455057,0.0,0.0,0.0,0.0,0.0,0.1760075030373772,0.316625149955849,0.0,0.0,0.0,0.0,0.0,0.0,0.0,0.0,0.0,0.0086235552084534,0.0,0.0,0.0,0.0,0.0,0.1113270662201338,0.0,0.0,0.0933407674098997,0.0,0.2184826265378426,0.3443422946487999,0.2003487334535435,0.3661904461952576,0.0,0.0,0.1094067352320511,0.0,0.0
0.3436583149478824,0.2330707143988505,0.0254556461389779,0.2123385558833848,0.2485089874518568,0.0,0.1625602967372851,0.0468673705296963,0.118049267435604,0.0291808342968784,0.1976953592738379,0.0273779140050024,0.087897082383167,0.159675138446745,0.1880952181160249,0.4889770077305098,0.2037950572817779,0.447870582310588,0.0260577094401823,0.2044819475456365,0.2436069875867263,0.3227374210050291,0.0,0.3790102850251216,0.3672098413210678,0.2063487662777535,0.2752230832537699,0.2478436793516132,0.1963605976881249,0.124525536111729,0.5446476067782468,-0.0071554494537319,0.2797991148220396,0.0,0.0,0.2049556024176199,0.0,0.0346075195677575,0.0,0.0151802821723345,0.0,0.0,0.0722634043311815,0.133532692215845,0.0,0.3568362211205639,0.2842030483292024,0.0,0.0,0.0,0.335842812130113,0.0,0.0,0.0,0.0972046240937223,0.0,0.0,0.18800568673693,0.0,0.176535972902459,0.0813111709636037,0.0051950385742562,0.3153245169442297,0.0,0.1864353319182871,0.1735605933874432,0.062584839339159,0.0820704239810323,0.3725197376821808,0.3189760627336133,0.3163282345993818,0.2454177939365502,0.3180562700951468,0.4055135968353366,0.0,0.0
0.0656517602121844,0.3130852176638994,0.0297576866213828,0.2241806214004119,0.0564940948587692,0.0346397848614391,0.0,0.0,0.1870733452599199,0.194974764247848,0.0466750804635035,0.0128297722993636,0.0884491447932012,0.0,0.0726089193464275,0.0,0.1753501400375519,0.0461080727762254,0.0250134626324857,0.1955294607915446,0.0,0.2733316267591055,0.0,0.0124524325917984,0.1632909074570669,0.0285532727931338,0.1665197093021459,0.1056041906182082,0.0626873187609716,0.3605618512584984,0.0,0.188722596351486,0.0,0.0,0.0,0.0,0.1744269527215906,0.0,0.0,0.0140189005475121,0.2982667552478424,0.2578558154720285,0.0,0.0771547023938539,0.16735505389708,0.1672938913308522,0.1017815300554752,0.0,0.0,0.0,0.0,0.0,0.0,0.0,0.2567051332626786,0.0,0.0,0.0,0.0,0.1646649781439141,0.3607427575023775,0.0,0.3248593497620128,0.0,0.107472165239015,0.0,0.1427164862035058,0.0,0.0,0.0719289168904093,0.0131098797066362,0.1896914012845364,0.320177883927712,0.0903331802019938,0.0,0.0
0.0,0.0,0.0,0.0,0.1922549626534306,0.0316473496251895,0.15226673153857,0.1831224177735835,0.0387822013282474,0.0,0.1971614018159986,0.0,0.0122347187985817,0.3425684921738776,0.0705864663723155,0.0,0.0,0.0,0.0,0.0293280535894151,0.23362007860764,0.0,0.0,0.1781546764449977,0.0,0.0544939313820075,0.0,0.1539149435952769,0.1211081337405689,0.0,0.2566842649615315,0.0,0.1538622184355604,0.2049556024176199,0.0,0.0,0.0025697991514863,0.1558228374944467,0.0,0.0,0.0,0.0,0.4283681668281693,0.1154067511871551,0.0,0.0,0.0,0.0,0.0,0.0,0.0,0.0,0.241175289251371,0.0544687787737448,0.0,0.1672251963099056,0.0,0.0,0.2230352851503216,0.0,0.0,0.0,0.0,0.0,0.0,0.0,0.0,0.0754601378586777,0.0,0.0,0.0,0.0,0.0,0.0,0.0,0.0
0.0,0.0,0.0,0.2869194690459026,0.2687669665316941,0.2119668008549126,0.2851502219320651,0.2293508362340701,0.2989671193734626,0.0613609994923607,0.1557322632470691,0.1054609941888598,0.3227219401121955,0.0,0.0,0.0,0.0,0.0,0.0,0.2428329869914891,0.0,0.2063612414356445,0.0641724288258573,0.0413753269788462,0.0,0.0,0.0,0.3238295132863822,0.3138192469572444,0.0,0.0,0.0,0.0,0.0,0.1744269527215906,0.0025697991514863,0.0,0.0,0.0,0.0,0.2868060683011575,0.3532343540017643,0.0,0.1425697626441258,0.0,0.0,0.0,0.0,0.0,0.0,0.0,0.0,0.0,0.0,0.0,0.0,0.0307845972219292,0.0,0.0,0.0,0.0,0.0,0.0,0.0,0.0,0.0,0.0,0.0,0.0,0.0,0.0,0.0,0.0,0.0,0.0,0.0
0.0602589700755677,0.0,0.0,0.0,0.0,0.1083361572389066,0.0,0.0,0.0,0.0,0.0,0.0163451321080205,0.0886860199974715,0.0,0.0,0.0,0.0,0.0,0.0686900240718901,0.0,0.0,0.0,0.2435414352914803,0.1123522700837805,0.0,0.0247529242599368,0.0,0.1276745907521816,0.0,0.0,0.0972828295327902,0.0409842966111818,0.1905291534193572,0.0346075195677575,0.0,0.1558228374944467,0.0,0.0,0.0943885130309295,0.1176090519201922,0.0,0.0,0.0,0.0,0.0481707840418992,0.0,0.0,0.0,0.0,0.0,0.0,0.0,0.0,0.0,0.0,0.0,0.0725473844817832,0.0,0.0,0.0,0.0,0.0,0.0,0.0,0.0,0.0,0.0,0.0,0.1226770584410777,0.0,0.069020088372906,0.0,0.0,0.0,0.0,0.0
0.0,0.0,0.3152688447806285,0.0,0.0,0.0795437910583869,0.0,0.0,0.0,0.2983634506636393,0.0,0.1881287148828123,0.0915827426847282,0.0,0.0,0.0,0.0486491147474552,0.0,0.2271633196987374,0.0,0.0,0.0,0.253871234399992,0.0,0.0,0.0,0.0,0.0,0.0,0.0,0.0,0.5019725631596227,0.0,0.0,0.0,0.0,0.0,0.0943885130309295,0.0,0.1560623806833219,0.1982343784954646,0.0061173454395769,0.0,0.0,0.2033351011850721,0.0,0.0,0.4067784165019386,0.0,0.0,0.2517977855128892,0.0,0.0,0.0068457700647837,0.2049853397011422,0.0,0.3107343023192464,0.1037070278974099,0.1097092234409846,0.0891462210733761,0.2893284758294361,0.2639059650662083,0.0535138440862115,0.176660884798905,0.4448555845581632,0.0,0.380468579105131,0.3587708207614145,0.0,0.0,0.0,0.1787620748864189,0.089931979847646,0.2927845179090386,0.525937393374915,0.5098967397534917
0.1433831628392687,0.1922083256582453,0.0,0.0,0.0,0.0,0.0,0.0,0.0,0.0,0.0,0.0,0.0,0.0,0.086447868406259,0.1433613727475754,0.0024852228398476,0.1765227555778437,0.0,0.0426023913321509,0.2249164795568181,0.0529563686512242,0.3090453867200689,0.0265169112781064,0.1340054635106896,0.1253154075308764,0.0171759892312277,0.1426734269757955,0.0,0.0,0.0,0.2348041301152036,0.3077579804455057,0.0151802821723345,0.0140189005475121,0.0,0.0,0.1176090519201922,0.1560623806833219,0.0,0.2564563928308608,0.13420332035591,0.0,0.0,0.2218785664637295,0.1381109840242798,0.2238334112635654,0.0,0.0,0.0,0.1252258998568697,0.0673931368921957,0.2351725951585058,0.2080840957164985,0.0005366518210462,0.1481118319416261,0.0484178435298107,0.2064374397474631,0.0,0.0626312443755183,0.2675834174352492,0.1163469570005964,0.1679474460637434,0.0,0.0,0.2041875977023889,0.0470993928257766,0.2058598969996594,0.0619165459804295,0.0700185323236135,0.2082063800083636,0.0093263478411601,0.0374237387079224,0.0,0.0,0.0513179558774271
0.0,0.2140356297366242,0.0,0.0,0.0,0.3922669593730611,0.0,0.14973843075107,0.0,0.1118781495815588,0.0,0.0,0.4091931336434624,0.0,0.0799737350402407,0.0,0.0056126732165122,0.0,0.0,0.1922349505822261,0.1729344327366155,0.1523613184119487,0.3098553819045106,0.0,0.0751907545097873,0.0,0.0,0.2606050117202612,0.186870159106686,0.0,0.0,0.4114444215365185,0.0,0.0,0.2982667552478424,0.0,0.2868060683011575,0.0,0.1982343784954646,0.2564563928308608,0.0,0.363346955028691,0.0,0.0,0.3976825153233305,0.0309797567024548,0.0,0.1110204590998407,0.0525768702229421,0.0281078796203618,0.0,0.2454205220893853,0.0,0.2678587425637602,0.1186825834373605,0.0,0.0553534448022875,0.2745975200221022,0.0,0.122411027266763,0.4339170239529925,0.2872518745274975,0.1586159682750315,0.1679228177923868,0.0578170588310396,0.1818095816121208,0.195862371247787,0.0,0.0,0.0,0.0,0.0,0.2329028521785946,0.0,0.0,0.3023796539786
0.0,0.1672150670037681,0.0,0.0,0.0,0.1722654460059678,0.0,0.0,0.0,0.1024630495340197,0.0,0.1095390110861185,0.0,0.0,0.1358430979767817,0.0,0.0,0.0,0.0,0.1804817312224744,0.1060877763104472,0.180647967960729,0.1060951889358592,0.0,0.0251481591857682,0.0267967373653847,0.0,0.176127532497166,0.2073489758866767,0.0,0.0,0.1503111715374876,0.0,0.0,0.2578558154720285,0.0,0.3532343540017643,0.0,0.0061173454395769,0.13420332035591,0.363346955028691,0.0,0.0,0.0738447703993468,0.175711396396426,0.1050775298964746,0.0,0.0,0.1185278101692346,0.149252343670232,0.0,0.2183277748122339,0.0481104268775478,0.1787461665477758,0.1634630078173886,0.2050566081319123,0.0422159471388108,0.0229725480467979,0.0,0.0547410268435318,0.2448655100625727,0.2324490543756774,0.2042328372064355,0.0359645600432911,0.0,0.1411272259297334,0.0837155659632738,0.0,0.0,0.0586831902509679,0.0091228525986957,0.0,0.1777107027137804,0.0,0.0,0.0457215155020706
0.0,0.0,0.0312608342185125,0.0,0.0,0.0226555407947193,0.0,0.0396108980473989,0.0,0.0,0.0,0.0,0.0,0.1677812759031136,0.0,0.0,0.0,0.0,0.0,0.0,0.0,0.0,0.0,0.0,0.0,0.0,0.0,0.046783986149216,0.0,0.0,0.0,0.0,0.0,0.0722634043311815,0.0,0.4283681668281693,0.0,0.0,0.0,0.0,0.0,0.0,0.0,0.0939456963193666,0.0,0.0,0.0,0.0872934424883328,0.0,0.0,0.075278795756064,0.0,0.0941985597347768,0.0,0.0,0.0,0.0,0.0,0.3840534981169854,0.0,0.0,0.0,0.0,0.0,0.0,0.0125403517910832,0.0,0.1727558497728402,0.0326204959246878,0.0,0.0381657047695305,0.0,0.0,0.0,0.0,0.0
0.0,0.0,0.0,0.0,0.0,0.0,0.0,0.0,0.0,0.0,0.0,0.0,0.0,0.0,0.0,0.0,0.0,0.0,0.0,0.0,0.0,0.0,0.0,0.0,0.0,0.0,0.0,0.0,0.0,0.0,0.0,0.0,0.0,0.133532692215845,0.0771547023938539,0.1154067511871551,0.1425697626441258,0.0,0.0,0.0,0.0,0.0738447703993468,0.0939456963193666,0.0,0.0,0.0,0.0,0.0101109325625852,0.1446046205127412,0.1622279564896102,0.0,0.0774521258646007,0.067176943220288,0.0775229846044466,0.0741463234090803,0.1741163541277565,0.0,0.0,0.0607318995189568,0.0,0.0,0.0,0.0,0.0065132012899657,0.0,0.0,0.0,0.0,0.0,0.0,0.0,0.1616786021973108,0.250866214566541,0.0680139419503176,0.0,0.0
0.0,0.0,0.0,0.0,0.0,0.0,0.0,0.0,0.0,0.0887687784407521,0.0,0.0207051213619846,0.0,0.0,0.0,0.0,0.0,0.0,0.0,0.0,0.0,0.0,0.0,0.0,0.0546298166546982,0.0,0.0,0.0,0.0,0.0,0.0,0.289975228788089,0.0,0.0,0.16735505389708,0.0,0.0,0.0481707840418992,0.2033351011850721,0.2218785664637295,0.3976825153233305,0.175711396396426,0.0,0.0,0.0,0.0,0.0,0.0,0.0,0.0,0.0,0.0572955779872799,0.0,0.1711101871461629,0.0994425429557633,0.0,0.0822140642893736,0.1788452019725859,0.0,0.0,0.0,0.2073828117931278,0.1331135449653637,0.0,0.0,0.0,0.0,0.0,0.0,0.0,0.0,0.0,0.136842759424383,0.0,0.0,0.2508730679070819
0.6188807235524763,0.5441378565382178,0.0,0.0,0.0,0.0,0.0,0.0,0.0,0.0,0.0,0.0,0.0,0.0,0.400159894204678,0.5456132011909834,0.0,0.5430931606779602,0.0,0.0,0.4509220393593581,0.4424830043758787,0.0,0.4928198836670769,0.5603951987199363,0.333075733557753,0.0,0.0,0.0,0.0,0.4536736663164111,0.0,0.1760075030373772,0.3568362211205639,0.1672938913308522,0.0,0.0,0.0,0.0,0.1381109840242798,0.0309797567024548,0.1050775298964746,0.0,0.0,0.0,0.0,0.4000204938743674,0.0,0.0,0.0,0.1229903637423421,0.0,0.2449721385325358,0.0,0.0206508424039414,0.0,0.0,0.2631692746483747,0.0,0.2339868762092183,0.1103094512086867,0.0,0.3546695368557157,0.0,0.0,0.4312549230348555,0.0,0.0,0.5035336051571231,0.3437391780609836,0.3800828602110112,0.1371613744502225,0.3285645227273636,0.0540106664040077,0.0,0.0
0.4359248176159154,0.4462684591808935,0.0,0.0,0.0,0.0,0.0,0.0,0.0,0.0,0.0,0.0,0.0,0.0,0.220292820622163,0.3671278398450512,0.0,0.3528908572982301,0.0,0.0894732422684045,0.1490994878913153,0.2295894891441209,-0.0140669753346333,0.3597824799461761,0.3624939085675113,0.36264089289278,0.2824528674633876,0.0,0.3017862391943595,0.0,0.3419890742060738,0.0,0.316625149955849,0.2842030483292024,0.1017815300554752,0.0,0.0,0.0,0.0,0.2238334112635654,0.0,0.0,0.0,0.0,0.0,0.4000204938743674,0.0,0.0,0.0,0.0,0.1626556745639759,0.2149765712540443,0.2079411437656992,0.0822439308502453,0.0223523110035366,0.0,0.0,0.1593372111699416,0.0,0.132927049627674,0.1796605871506056,-0.0141655665546247,0.2976623644060657,0.0,0.0,0.1247483444415411,0.0,0.0867702296797399,0.0,0.3651587744803711,0.4079107038345248,0.2081368709189184,0.0888777426989038,0.0601678075677797,0.0,0.0
0.0,0.0,0.5310956954979399,0.0,0.0,0.2763072712614154,0.0,0.0288314976402001,0.2323543492581499,0.0,0.0,0.0,0.1233457726347295,0.0,0.0,0.0,0.0,0.0,0.4097414508801797,0.0,0.0,0.0,0.3884852436664255,0.0,0.0,0.0,0.2787683167277403,0.1820592604260457,0.0,0.0,0.0,0.2651383790793688,0.0,0.0,0.0,0.0,0.0,0.0,0.4067784165019386,0.0,0.1110204590998407,0.0,0.0872934424883328,0.0101109325625852,0.0,0.0,0.0,0.0,0.0,0.0,0.2841748534811105,0.0485999850053347,0.025044264524496,0.240088526205821,0.0575784484162383,0.1325369962442482,0.0,0.1670154683446259,0.0678535413080352,0.0,0.0,0.0,0.0,0.4108666717236199,0.0,0.0777250631217665,0.0,0.4747829529085921,0.0,0.0,0.0070419200256353,0.3435932215478656,0.2442905256953943,0.2787390348116521,0.3323936858853468,0.251395608066388
0.0,0.0,0.0,0.0,0.0,0.0,0.0,0.0,0.0,0.0,0.0,0.0,0.0,0.0,0.0,0.0,0.0,0.0,0.0,0.0,0.0,0.0,0.0,0.0,0.0,0.0,0.0,0.0,0.0,0.0,0.0,0.0,0.0,0.0,0.0,0.0,0.0,0.0,0.0,0.0,0.0525768702229421,0.1185278101692346,0.0,0.1446046205127412,0.0,0.0,0.0,0.0,0.0,0.376593661543487,0.0497003699539418,0.2534750920653905,0.0,0.1181045799671487,0.1701647071616174,0.0538353395947693,0.0,0.1484598575783775,0.0,0.0,0.0,0.0,0.0,0.0,0.0,0.0,0.0,0.0,0.0,0.0,0.0,0.0079951919955645,0.1730155547732177,0.0,0.0,0.0301352905562414
