0.0,0.1355503679697523,0.0,0.0,0.0,0.0663492109849405,0.0,0.4383267518914187,0.0,0.0633689337491654,0.0,0.0,0.2002438223645617,0.0,0.3090636377734503,0.4449318192688088,0.0,0.0,0.0,0.260897047044847,0.5991131521536109,0.2463925304310296,0.3941782711392651,0.0,0.0,0.0,0.1272778553184722,0.5401182374512387,0.3769725536759887,0.0,0.6397381257844095,0.0,0.0255082177634386,0.3955029559397761,0.3791381809808561,0.0,0.0,0.1477804894028765,0.0,0.3535396590432677,0.0,0.0,0.0,0.0,0.0,0.7066705959441894,0.1570332189866751,0.0,0.0,0.0,0.0,0.0,0.0,0.0,0.1280502823777584,0.0,0.0,0.0,0.0,0.0,0.0,0.0,0.0,0.0,0.0,0.683811464855906,0.0,0.0,0.0,0.0,0.056561539032946,0.0,0.0,0.0,0.0,0.0
0.1355503679697523,0.0,0.0,0.0,0.2031550636865359,0.7455432516889023,0.2999779004117656,0.2765455230539544,0.2954734707747587,0.0,0.0,0.0,0.5309675524694454,0.0,0.1782200203544758,0.2624116794261625,0.5885825692005991,0.5856763606830021,0.0,0.3072724398494296,0.1346090358717955,0.4324300722964385,0.3053719256202677,0.0,0.6398200487516558,0.771318741753886,0.3488884824769478,0.2380516241001231,0.416017629104794,0.0,0.0,0.3710874372433488,0.3715318984073028,0.0,0.0,0.0,0.0,0.0,0.3914609856563312,0.4052567557293943,0.1485836210519289,0.0,0.0,0.0,0.0,0.0475495657912263,0.6351583896605877,0.0,0.0,0.0,0.4881977972390606,0.0,0.0,0.0,0.0,0.0,0.0,0.0,0.0,0.1694609871777175,0.4709537117983319,0.0,0.4015225115891424,0.0,0.3307803239251624,0.0498609108143874,0.3628646938040191,0.2720337106344053,0.0,0.5451908686969241,0.7276388637837138,0.2105024190113384,0.0,0.2797916593332635,0.0,0.2969980310600044
0.0,0.0,0.0,0.0,0.2995308261893448,0.3433599667770743,0.1250205554009709,0.1619729217788525,0.7045325422176469,0.2439356846467423,0.6615929851013268,0.2786756604222044,0.0496111253809848,0.0783406871426427,0.0,0.0,0.0,0.0,0.5642239134532934,0.0,0.0,0.0,0.2157123668047959,0.0,0.0,0.0,0.6534462356995059,0.0145310518001226,0.0,0.0,0.0,0.0,0.0,0.0,0.0,0.0,0.0,0.0,0.0037784272821156,0.0,0.0,0.0,0.1064980637665534,0.0,0.0,0.0,0.0,0.7912548733723582,0.0,0.1946855078490539,0.3955399263072783,0.1462325068013774,0.0823207221379294,0.6772551566663144,0.0,0.6297580059761689,0.0,0.1235054430540758,0.1879782940559004,0.0,0.0,0.0,0.0,0.5580661675860114,0.0,0.0,0.0,0.2756223842926486,0.0,0.0,0.0,0.4910389035443923,0.1396449349726464,0.0,0.0,0.0
0.0,0.0,0.0,0.0,0.2304204005007178,0.0,0.2720356312509459,0.3039757116325745,0.0,0.0,0.0,0.0,0.0,0.2785905992821821,0.0,0.0,0.0,0.0,0.0,0.0523119981301128,0.0,0.0,0.14017664235036,0.0,0.0,0.0,0.0,0.0,0.0,0.0,0.3311246738244988,0.0,0.0,0.5672214419757422,0.5924103634671618,0.2946471051755671,0.254104457610663,0.2121975944879212,0.0,0.0,0.0,0.0,0.0,0.0,0.0,0.0,0.0,0.0,0.0,0.0,0.0,0.0,0.0,0.0,0.0,0.0,0.0,0.0,0.0,0.0,0.0,0.0,0.0,0.0,0.0,0.0,0.0,0.0,0.0,0.0,0.0,0.0,0.0,0.0,0.0,0.0
0.0,0.2031550636865359,0.2995308261893448,0.2304204005007178,0.0,0.1404310503495738,0.193043528659694,0.0259655733201901,0.0715435210607228,0.0044440195129967,0.3051082078292956,0.2454823324235328,0.0,0.5250502055681043,0.0,0.0,0.0,0.0,0.0968829660587834,0.168054823534469,0.0,0.1274631662420044,0.0,0.0,0.0828914900220478,0.2130187447340176,0.1065698061768199,0.0,0.0,0.0,0.0,0.0,0.0,0.0,0.0318770274189198,0.0124260462381204,0.0,0.0,0.0168026713017572,0.0,0.0,0.0,0.0,0.0,0.0,0.0,0.0,0.3199074951238072,0.0,0.0,0.0,0.0,0.051504459531914,0.0614025569194101,0.0,0.3392418094999749,0.0,0.0,0.0,0.0,0.0,0.0,0.0,0.1456466870474584,0.0,0.0,0.0,0.0,0.0,0.0,0.0,0.0,0.0,0.0,0.0,0.0
0.0663492109849405,0.7455432516889023,0.3433599667770743,0.0,0.1404310503495738,0.0,0.2490660629513862,0.4197913159608258,0.5668508581983235,0.557695819738421,0.4366244510998829,0.6231800305114366,0.5455545170023474,0.0190691949776322,0.4170274242037945,0.0,0.5321673352383418,0.3349650039602821,0.4881184875903486,0.3668905444549205,0.1791072619441027,0.2467556482843462,0.590194861025891,0.0,0.4666005745344966,0.7468560872652581,0.5789637836775131,0.2055105322442676,0.4303035797387031,0.1082218799181898,0.0,0.3166309192914647,0.2305168561568132,0.0,0.0,0.0,0.0,0.0,0.337302731335512,0.0,0.1845740586071019,0.0,0.2613418954694812,0.0,0.0,0.0,0.5224793079936216,0.3757465538626112,0.0,0.1737275759755232,0.7069662075311475,0.0257499287953558,0.451782062461083,0.4769319029005039,0.0,0.5037630656115691,0.0,0.4877234433137545,0.0,0.4410799671181269,0.0,0.0,0.0,0.62073049975133,0.469431386841539,0.0,0.3556195087692285,0.5515637817897413,0.0,0.0,0.6557360899245004,0.3951706621253723,0.2409336616649766,0.2356802381167607,0.1525987957250676,0.2077028644634622
0.0,0.2999779004117656,0.1250205554009709,0.2720356312509459,0.193043528659694,0.2490660629513862,0.0,0.4353037526935128,0.1422567736685503,0.2440337532570865,0.1391661662599085,0.09266910693554,0.430186940106084,0.0,0.0,0.4041094045616349,0.0,0.0349885581472605,0.0324370074977669,0.359417367893943,0.0,0.1551834452606882,0.3787584109575704,0.0,0.0,0.0528424717727165,0.2532489734443593,0.4277130887849165,0.3187271499773596,0.0,0.3686069893546255,0.0,0.0,0.281705996502315,0.2688678079386422,0.1470687957338435,0.2130801226478481,0.1285727702774185,0.0,0.0,0.0,0.0,0.0,0.0,0.0,0.0,0.0,0.0,0.0,0.0,0.3056523282063609,0.0,0.4130064730784229,0.3038536060862494,0.0,0.131080366619779,0.0,0.0,0.0,0.0,0.0,0.0,0.0,0.0462905763597492,0.0,0.0,0.0,0.4366577573807322,0.0,0.0,0.0,0.0,0.0,0.0,0.0,0.0
0.4383267518914187,0.2765455230539544,0.1619729217788525,0.3039757116325745,0.0259655733201901,0.4197913159608258,0.4353037526935128,0.0,0.2422560321089354,0.1298381410080138,0.2832590982415603,0.3229762164920672,0.1575143672041535,0.1605728908285024,0.3276936284137719,0.2984043800460813,0.0,0.0,0.0,0.2857940421719437,0.4980574253904944,0.0003506011534259,0.7916325669540558,0.0422343660228812,0.0,0.0815016740017997,0.2261358736259258,0.3099747046354095,0.0398204467723348,0.0,0.4118417215696771,0.0,0.0,0.2820218966669287,0.3272795036333909,0.2681127958542202,0.1363499442871814,0.0,0.0,0.0,0.0,0.0,0.0196511288696598,0.0,0.0,0.0,0.0,0.0,0.0,0.0,0.3818938231911603,0.1016078542328864,0.7668951306936935,0.3072474211119029,0.0,0.1166184757894304,0.0,0.1260291955378541,0.0522869154363021,0.4175142223832217,0.0,0.0,0.0,0.0,0.0,0.4655649479373656,0.0,0.7081239492955194,0.0,0.0,0.0,0.0,0.0,0.0,0.0,0.0
0.0,0.2954734707747587,0.7045325422176469,0.0,0.0715435210607228,0.5668508581983235,0.1422567736685503,0.2422560321089354,0.0,0.405058141937248,0.7266768201157233,0.27875038868654,0.3300347202633317,0.0,0.0,0.0442024859352348,0.0,0.0588985610298974,0.6194611641355959,0.3780081624907097,0.0,0.3487729062319693,0.4273981939263648,0.2640480845794212,0.4040671144955721,0.3056793137642863,0.7017418602646851,0.2281629254832623,0.3175776542153303,0.1389126813548994,0.0,0.0967760523324903,0.0604384298219821,0.0,0.0,0.0,0.0,0.0,0.1152426103717586,0.0,0.2209396184491232,0.0,0.1766224951104844,0.0,0.0,0.0,0.0,0.6210451633078914,0.0,0.2560220492771321,0.6056543288202177,0.2394521181303112,0.2160377646987563,0.8876650045576765,0.0,0.7780388049818288,0.0,0.3658528658385888,0.1852658134356289,0.0,0.0,0.0,0.0,0.6530368310756314,0.0,0.0,0.0,0.518595171859374,0.0,0.0,0.0,0.4877706855099888,0.2171436308410572,0.0,0.0,0.0
0.0633689337491654,0.0,0.2439356846467423,0.0,0.0044440195129967,0.557695819738421,0.2440337532570865,0.1298381410080138,0.405058141937248,0.0,0.3212988392797145,0.6325482050321513,0.6011758194233681,0.0,0.0,0.2256394836497941,0.6757928386744688,0.5539008166538875,0.342814306659316,0.176502583076187,0.0,0.2000280362993653,0.2152257177328344,0.5407483530751355,0.6345219686314285,0.6548477427607282,0.3655672157880559,0.334371518252982,0.235438012580571,0.0,0.0,0.1844005805156356,0.2134079878787308,0.0,0.0,0.0,0.0,0.0,0.2584532566571818,0.2474931830112264,0.175190082665714,0.0,0.0,0.0,0.165571360913716,0.0246582739471525,0.0,0.0,0.0,0.0,0.0,0.0,0.0,0.0,0.6516529536076996,0.0,0.6044220017903024,0.534248534923914,0.0,0.0,0.0,0.6844478162788823,0.3848249893932613,0.0,0.0,0.0,0.0,0.0,0.457076981911125,0.5558631956777024,0.6410597559272044,0.0,0.4210953274662989,0.0,0.0,0.3104450827355849
0.0,0.0,0.6615929851013268,0.0,0.3051082078292956,0.4366244510998829,0.1391661662599085,0.2832590982415603,0.7266768201157233,0.3212988392797145,0.0,0.3965522439934568,0.1858318079123033,0.1590421066295304,0.0,0.0,0.2724770129762087,0.0,0.5880463339131742,0.0,0.0,0.0,0.3081595933075557,0.2184312946980404,0.0,0.2483907351859179,0.524484764452664,0.0743536226194389,0.0,0.0,0.0,0.1747793956935496,0.0485595881540742,0.0,0.0,0.0,0.0,0.0,0.2166233298746236,0.0,0.0,0.0,0.0929858487768384,0.0,0.0,0.0,0.0,0.6160517759770624,0.0,0.1165056694111047,0.3897933249757355,0.083840011827874,0.1582158867612879,0.6415738204441995,0.0,0.7473836728203831,0.0,0.2496439835876741,0.173825120823857,0.0,0.0,0.0,0.0,0.5597749498249226,0.0,0.0,0.0,0.359434591875775,0.0,0.0,0.0,0.3869479333782144,0.121357820850278,0.0,0.0,0.0
0.0,0.0,0.2786756604222044,0.0,0.2454823324235328,0.6231800305114366,0.09266910693554,0.3229762164920672,0.27875038868654,0.6325482050321513,0.3965522439934568,0.0,0.4040926064138816,0.0,0.0,0.0,0.6186572000781103,0.3602536772475209,0.257213430601348,0.0,0.0,0.0,0.3219610144850893,0.6826877075683637,0.4420776761287852,0.6899921417162816,0.2174358721873532,0.118037465201739,0.0,0.0,0.0,0.269375569383796,0.112032385466376,0.0,0.0,0.0,0.0,0.0362114227054858,0.3131486984635486,0.1324905870838876,0.0869622973051606,0.0,0.133362362268479,0.0,0.1826350070955046,0.0,0.0,0.0,0.0,0.0,0.0,0.0,0.0,0.0,0.5399988093132311,0.0,0.7829239685144654,0.3312576960897834,0.0,0.0,0.0,0.4744899940505364,0.2215396320678242,0.0,0.0,0.0,0.0,0.0,0.5620884758209886,0.3114649932201943,0.5977061575022502,0.0,0.1907319210581629,0.0,0.0,0.184022376733513
0.2002438223645617,0.5309675524694454,0.0496111253809848,0.0,0.0,0.5455545170023474,0.430186940106084,0.1575143672041535,0.3300347202633317,0.6011758194233681,0.1858318079123033,0.4040926064138816,0.0,0.0,0.2725808225461367,0.2626408651242041,0.5140102183191416,0.4505114550638545,0.2172888621351858,0.2751930170612695,0.1255067198235515,0.2385370970785775,0.2955571158861833,0.3536856838492899,0.4242495659029695,0.5527547684909224,0.2625428595557206,0.5953930656649972,0.4856654942759293,0.2716247517484746,0.1692419458197026,0.2168887124633446,0.2276607027157303,0.0,0.0,0.0,0.1005660488632853,0.0,0.2102952464662211,0.2779409814893547,0.1260093124687326,0.0,0.2605538373752931,0.0,0.0984489703531839,0.0,0.0,0.1977705092902315,0.0,0.0,0.4407705535841115,0.3616805312395771,0.2125801975939579,0.0,0.0,0.2718966915981126,0.4610729515719748,0.0,0.0,0.2393852432766674,0.0,0.0,0.0,0.0,0.2462486553960243,0.0,0.1897171236324246,0.3470025288876874,0.0,0.3359668716712394,0.5129383827634393,0.1572382853134296,0.0,0.3256144096571225,0.0,0.0
0.0,0.0,0.0783406871426427,0.2785905992821821,0.5250502055681043,0.0190691949776322,0.0,0.1605728908285024,0.0,0.0,0.1590421066295304,0.0,0.0,0.0,0.0,0.0,0.0,0.0,0.0,0.0,0.0,0.0,0.1253344236703977,0.0,0.0,0.0,0.0258242379260247,0.0,0.0,0.0,0.0,0.0,0.0,0.0738460619157266,0.0,0.0326525988234383,0.0,0.0,0.0,0.0,0.0,0.0,0.0,0.0,0.0,0.0,0.0,0.0,0.0,0.0,0.0,0.0,0.0,0.0,0.0,0.1117791434269396,0.0,0.0,0.0,0.0,0.0,0.0,0.0,0.0,0.0,0.0,0.0,0.0641925211066122,0.0,0.0,0.0,0.0083799338984501,0.0,0.0,0.0,0.0
0.3090636377734503,0.1782200203544758,0.0,0.0,0.0,0.4170274242037945,0.0,0.3276936284137719,0.0,0.0,0.0,0.0,0.2725808225461367,0.0,0.0,0.140478796709355,0.0,0.0,0.0,0.523598961295505,0.3331143945830384,0.4223498459142522,0.4623533585685103,0.0,0.0,0.0447715950395371,0.6167635777320983,0.2127769668952535,0.5102965662473921,0.0,0.1741675027186089,0.1371818596626259,0.279337737179562,0.02307729486326,0.0,0.0,0.0,0.0,0.0779030385412084,0.2290685807110844,0.1088463295901393,0.0,0.1040539135565212,0.0,0.0,0.0,0.0927722460915306,0.0,0.0,0.0,0.3622047075149528,0.0,0.2420062131000074,0.0,0.0,0.0,0.0,0.1271754958801212,0.0,0.6763903660920535,0.1051653286140589,0.0,0.0,0.0,0.3046359359437614,0.3205174131609338,0.2366910863835633,0.5434090511168805,0.0,0.0,0.0323891355602566,0.4517649833768768,0.057574389053565,0.3151819959665351,0.0,0.0857729831878178
0.4449318192688088,0.2624116794261625,0.0,0.0,0.0,0.0,0.4041094045616349,0.2984043800460813,0.0442024859352348,0.2256394836497941,0.0,0.0,0.2626408651242041,0.0,0.140478796709355,0.0,0.0,0.1144999090420392,0.0,0.0908474465333867,0.1740666050593453,0.2694911512144989,0.1899173106327745,0.0,0.0,0.0,0.2005345827047984,0.3830458333521976,0.1892960319621225,0.0567634352848884,0.4687161507948477,0.0,0.0,0.2695547230909291,0.2668221250721655,0.0,0.0,0.0,0.0,0.1911078122179149,0.0,0.0759185413839778,0.0,0.0,0.0,0.3452139624516386,0.2130782464221449,0.0,0.0,0.0,0.0,0.0,0.0,0.0,0.0,0.0,0.0,0.0,0.0,0.190982593981308,0.0577025393200391,0.0,0.0,0.0,0.0,0.3425976952801702,0.0,0.2599171632595599,0.0,0.0,0.0834948340840566,0.0,0.0,0.0720446907663885,0.0,0.0
0.0,0.5885825692005991,0.0,0.0,0.0,0.5321673352383418,0.0,0.0,0.0,0.6757928386744688,0.2724770129762087,0.6186572000781103,0.5140102183191416,0.0,0.0,0.0,0.0,0.7271592279357725,0.0,0.0,0.0,0.1749066967705185,0.0,0.7010607089254836,0.7965471766785773,0.8019527963995208,0.0,0.0,0.2173421441574589,0.0,0.0,0.4363237463244326,0.2807460200540039,0.0,0.0,0.0,0.0,0.0,0.0,0.140768857680432,0.0,0.0,0.0,0.0,0.0,0.0,0.0,0.0,0.0,0.0,0.0,0.0,0.0,0.0,0.3334408638434833,0.0,0.5001382796841047,0.0,0.0,0.0,0.0,0.5817723910338765,0.5650955673545273,0.0,0.0,0.0,0.0,0.0,0.6446467447797791,0.6465301486414775,0.6454933412695166,0.0,0.0,0.0,0.0,0.0
0.0,0.5856763606830021,0.0,0.0,0.0,0.3349650039602821,0.0349885581472605,0.0,0.0588985610298974,0.5539008166538875,0.0,0.3602536772475209,0.4505114550638545,0.0,0.0,0.1144999090420392,0.7271592279357725,0.0,0.0,0.0151335923482464,0.0,0.285606072623524,0.0,0.5677108798296003,0.8370626085107399,0.6944572327684516,0.1417299815511801,0.0979690155547763,0.2446822855435894,0.2921599346905862,0.0,0.4044877103383039,0.3421876282290288,0.0,0.0,0.0,0.0,0.0,0.5600351527624788,0.2457276703630463,0.3862220134567373,0.0,0.0,0.0,0.0,0.0,0.3718014120220097,0.0,0.0,0.0,0.0,0.0,0.0,0.0,0.2143916943731917,0.0,0.2918800449497465,0.0,0.0,0.0,0.713991111831982,0.5235811121699036,0.7542187634329474,0.0,0.0,0.0,0.5854157526866175,0.0,0.5432727242998278,0.7551873598888584,0.595539132076372,0.0,0.0,0.0,0.0,0.5662842708170973
0.0,0.0,0.5642239134532934,0.0,0.0968829660587834,0.4881184875903486,0.0324370074977669,0.0,0.6194611641355959,0.342814306659316,0.5880463339131742,0.257213430601348,0.2172888621351858,0.0,0.0,0.0,0.0,0.0,0.0,0.0,0.0,0.0,0.2073427577201823,0.0,0.0,0.0,0.5274184924275437,0.0765065346561577,0.0,0.0,0.0,0.2878544887162182,0.0,0.0,0.0,0.0,0.0,0.0,0.3938319567555839,0.0,0.0,0.0,0.2275048476521417,0.0,0.0,0.0,0.0,0.4924975996831313,0.0,0.1533842569053951,0.3884168308189396,0.09128157712546,0.036952064831936,0.4405748013141419,0.0,0.5774795761232622,0.0,0.2782947342774182,0.1757617970631609,0.0,0.0,0.0,0.0,0.6975718016867137,0.0,0.0,0.0,0.2831786822429316,0.0,0.0,0.0,0.4886153606989564,0.0,0.0,0.0,0.0
0.260897047044847,0.3072724398494296,0.0,0.0523119981301128,0.168054823534469,0.3668905444549205,0.359417367893943,0.2857940421719437,0.3780081624907097,0.176502583076187,0.0,0.0,0.2751930170612695,0.0,0.523598961295505,0.0908474465333867,0.0,0.0151335923482464,0.0,0.0,0.140689366500607,0.5977744513505555,0.190492081956048,0.0,0.0511382866779647,0.2420101938742102,0.4173797061680769,0.3138959908031029,0.2911742417771605,0.2643713576708278,0.2097976974836642,0.1442345197664707,0.0940929034475979,0.0846838856095356,0.0,0.0890528968288057,0.0,0.0,0.0824670672811836,0.2316163284101613,0.0,0.0,0.1707137360463095,0.0,0.0,0.0,0.1442674872195378,0.0,0.0,0.0,0.2331065819838365,0.0,0.2999012723020655,0.0,0.0,0.0,0.0,0.1038131410419336,0.0,0.3409405470756888,0.0842430193583926,0.0,0.0,0.0,0.5126678648426982,0.1018192853775221,0.2329495604818161,0.2650568855438272,0.0,0.0512173155116384,0.2131841211673105,0.2195391555070366,0.1442788865621095,0.0969933503519255,0.0785890532211217,0.1424446065907675
0.5991131521536109,0.1346090358717955,0.0,0.0,0.0,0.1791072619441027,0.0,0.4980574253904944,0.0,0.0,0.0,0.0,0.1255067198235515,0.0,0.3331143945830384,0.1740666050593453,0.0,0.0,0.0,0.140689366500607,0.0,0.1097942747596222,0.4935719259477504,0.0,0.0,0.0,0.1047161179158599,0.2560303927826315,0.3349344064326537,0.0,0.5272869237839378,0.066171275024042,0.1676511159086788,0.3739354783355416,0.3998160239551551,0.0,0.0,0.0,0.0,0.2396304638489501,0.0,0.2630519362237559,0.0,0.0,0.0,0.503649297706186,0.1011164539792468,0.0,0.0,0.0,0.1061175609165926,0.0,0.4518211605763046,0.0,0.0,0.0,0.0,0.0380803652657156,0.0,0.3310119774505748,0.0,0.0,0.0,0.0,0.0,0.7014525191270925,0.0,0.4948968038799549,0.0,0.0,0.0,0.0,0.0,0.0,0.0,0.0
0.2463925304310296,0.4324300722964385,0.0,0.0,0.1274631662420044,0.2467556482843462,0.1551834452606882,0.0003506011534259,0.3487729062319693,0.2000280362993653,0.0,0.0,0.2385370970785775,0.0,0.4223498459142522,0.2694911512144989,0.1749066967705185,0.285606072623524,0.0,0.5977744513505555,0.1097942747596222,0.0,0.0476348065131382,0.0,0.3752566243768215,0.2510743935105896,0.4387696394153038,0.260953179270646,0.4766612707044996,0.3453695069608959,0.1200209352807656,0.3461129391462515,0.3314739896033096,0.0,0.0,0.0,0.0,0.0,0.2706341241697333,0.3133908179175119,0.2516679305984698,0.0,0.1391773141204042,0.0,0.0,0.0523271345671983,0.2111608754665656,0.0,0.0,0.0,0.1932271827642159,0.0,0.0,0.0,0.0,0.0,0.0,0.0,0.0,0.243701845802847,0.4435216968207959,0.0,0.234519098090066,0.0,0.4320530857425792,0.0711761507308294,0.4823620213685231,0.1627261088705127,0.0,0.2943862672911809,0.230541460707126,0.3325959408714962,0.3871451678558167,0.3623067164073109,0.0,0.4061012748530139
0.3941782711392651,0.3053719256202677,0.2157123668047959,0.14017664235036,0.0,0.590194861025891,0.3787584109575704,0.7916325669540558,0.4273981939263648,0.2152257177328344,0.3081595933075557,0.3219610144850893,0.2955571158861833,0.1253344236703977,0.4623533585685103,0.1899173106327745,0.0,0.0,0.2073427577201823,0.190492081956048,0.4935719259477504,0.0476348065131382,0.0,0.0699918136671946,0.0,0.1389753123814751,0.4779124142323004,0.3126221687279743,0.2644258581345519,0.0,0.3116990133855486,0.0,0.0,0.0438833276406902,0.1679865291074706,0.0865226454385198,0.0717027246300148,0.1985575453660044,0.0,0.1890958295433873,0.0,0.0206906592049155,0.02339182116519,0.0,0.0,0.0,0.3087706640095504,0.0,0.0,0.0955597340816973,0.5921828095738562,0.2245237307214127,0.7061559978612488,0.4647304387121208,0.0,0.2727528828731052,0.0,0.2716958981096035,0.11168095033072,0.6154322757407291,0.0,0.0,0.0,0.1867711670236256,0.0,0.5021535994312922,0.0,0.9182053464712532,0.0,0.0,0.2145946501311101,0.1944404032023706,0.0,0.0,0.0,0.0
0.0,0.0,0.0,0.0,0.0,0.0,0.0,0.0422343660228812,0.2640480845794212,0.5407483530751355,0.2184312946980404,0.6826877075683637,0.3536856838492899,0.0,0.0,0.0,0.7010607089254836,0.5677108798296003,0.0,0.0,0.0,0.0,0.0699918136671946,0.0,0.6848701575110278,0.8623722128540813,0.0943237148239377,0.0581410873261609,0.0,0.0,0.0,0.4151626840229113,0.2273076226068931,0.0,0.0,0.0,0.0,0.0,0.5579310870968608,0.2075041992226704,0.3302207282711793,0.0,0.0,0.0,0.2295035914006332,0.0,0.0,0.0,0.0,0.0,0.0,0.0,0.0,0.0,0.3480375518147377,0.0,0.6356550213766078,0.0,0.0,0.0,0.4930227575887995,0.5172597991093103,0.5195206174843133,0.0,0.0,0.0,0.0,0.0,0.8298995512458543,0.5603337193253954,0.7786858924030792,0.0,0.4854348267679859,0.0,0.0,0.5230030467680622
0.0,0.6398200487516558,0.0,0.0,0.0828914900220478,0.4666005745344966,0.0,0.0,0.4040671144955721,0.6345219686314285,0.0,0.4420776761287852,0.4242495659029695,0.0,0.0,0.0,0.7965471766785773,0.8370626085107399,0.0,0.0511382866779647,0.0,0.3752566243768215,0.0,0.6848701575110278,0.0,0.7590836265069125,0.3064482960084685,0.0805715667758797,0.2996507014911241,0.0,0.0,0.4527045449899891,0.3896410869592326,0.0,0.0,0.0,0.0,0.0,0.604889760594052,0.2805654273741144,0.5107518461853657,0.0,0.0,0.0,0.0,0.0,0.5513871009875679,0.0,0.0,0.0,0.0,0.0,0.0,0.0,0.3265276467993415,0.0,0.3627215976069748,0.5234385474135618,0.0,0.0325382033267564,0.8323441229352693,0.5745187956607032,0.7698030078059113,0.0,0.608670833321344,0.0,0.7808792159059438,0.0,0.6216097230043154,0.9000852959520146,0.7114059600754543,0.0,0.0,0.6157842583084101,0.0,0.6568667842024896
0.0,0.771318741753886,0.0,0.0,0.2130187447340176,0.7468560872652581,0.0528424717727165,0.0815016740017997,0.3056793137642863,0.6548477427607282,0.2483907351859179,0.6899921417162816,0.5527547684909224,0.0,0.0447715950395371,0.0,0.8019527963995208,0.6944572327684516,0.0,0.2420101938742102,0.0,0.2510743935105896,0.1389753123814751,0.8623722128540813,0.7590836265069125,0.0,0.2064335479838736,0.1564279710367751,0.2607298956652402,0.0,0.0,0.4812084557424883,0.2953132034527599,0.0,0.0,0.0,0.0,0.0,0.5681247807815746,0.2987679069166136,0.3604081530877526,0.0,0.0,0.0,0.2528289383802932,0.0,0.523054314559572,0.0,0.0,0.0,0.4007325525287055,0.0,0.0,0.0,0.3903891601615172,0.0,0.6141610007425559,0.483782302130444,0.0,0.0417945879815523,0.5012056446842253,0.5324895703321024,0.5676235171509066,0.0,0.5431657184467975,0.0,0.52464703158954,0.0296386515208827,0.7861725523499469,0.6154541360351122,0.8240596872257563,0.2262722680336666,0.5550157161699724,0.238849374703626,0.0,0.5233734086549969
0.1272778553184722,0.3488884824769478,0.6534462356995059,0.0,0.1065698061768199,0.5789637836775131,0.2532489734443593,0.2261358736259258,0.7017418602646851,0.3655672157880559,0.524484764452664,0.2174358721873532,0.2625428595557206,0.0258242379260247,0.6167635777320983,0.2005345827047984,0.0,0.1417299815511801,0.5274184924275437,0.4173797061680769,0.1047161179158599,0.4387696394153038,0.4779124142323004,0.0943237148239377,0.3064482960084685,0.2064335479838736,0.0,0.1023121760470738,0.492271228408925,0.1248415330101234,0.0,0.115681246012066,0.0636902534625686,0.0,0.0,0.0,0.0,0.0,0.0710698223815028,0.2615230786816573,0.0,0.0,0.0438996680444596,0.0,0.0,0.0,0.268153067396532,0.564622254520606,0.0,0.1813000129030151,0.5839389709320467,0.2585768120659502,0.1419453188368526,0.7114201250728458,0.0,0.5211607958913979,0.0,0.2746242201315,0.0607637463427483,0.5906921753128896,0.0,0.0,0.0,0.5630904410585087,0.5145674997727198,0.1640525313286283,0.3641975480492166,0.5313587322092771,0.0,0.0,0.1972098636349655,0.6957861133088993,0.1333304745851495,0.4686459782308961,0.0244781524968506,0.040313303589606
0.5401182374512387,0.2380516241001231,0.0145310518001226,0.0,0.0,0.2055105322442676,0.4277130887849165,0.3099747046354095,0.2281629254832623,0.334371518252982,0.0743536226194389,0.118037465201739,0.5953930656649972,0.0,0.2127769668952535,0.3830458333521976,0.0,0.0979690155547763,0.0765065346561577,0.3138959908031029,0.2560303927826315,0.260953179270646,0.3126221687279743,0.0581410873261609,0.0805715667758797,0.1564279710367751,0.1023121760470738,0.0,0.2953744045457331,0.4032789364039832,0.4808487607863546,0.0,0.1120856030866306,0.2191507032260305,0.0820660038462536,0.2455514062720844,0.2832784989135015,0.0797630336518863,0.0,0.3518864544091705,0.0,0.0,0.2192381086730041,0.0,0.2436732083997189,0.0,0.0,0.0,0.0,0.0,0.1787079831168403,0.0,0.3043616403349476,0.3319722919898653,0.3585141244951884,0.0,0.2864872632465537,0.4681451461777195,0.0,0.1289460157107748,0.0,0.0,0.0,0.0,0.0,0.3226838989686355,0.0,0.3490575464127773,0.0,0.0812022654015247,0.2607143365100849,0.0,0.3017579345116987,0.0,0.0,0.0793933106282621
0.3769725536759887,0.416017629104794,0.0,0.0,0.0,0.4303035797387031,0.3187271499773596,0.0398204467723348,0.3175776542153303,0.235438012580571,0.0,0.0,0.4856654942759293,0.0,0.5102965662473921,0.1892960319621225,0.2173421441574589,0.2446822855435894,0.0,0.2911742417771605,0.3349344064326537,0.4766612707044996,0.2644258581345519,0.0,0.2996507014911241,0.2607298956652402,0.492271228408925,0.2953744045457331,0.0,0.1663870348713547,0.3072213724936957,0.3681735274070358,0.3978762014263371,0.0797409452726629,0.0,0.0,0.0,0.0,0.2229253699962713,0.3854323600525474,0.3138656055730754,0.0405916784165569,0.1989792397910761,0.0,0.0,0.0,0.1999659251647391,0.0267283815793017,0.0,0.0,0.1576097883414906,0.2026092515898882,0.0235527343976674,0.2048219354218925,0.0,0.0,0.0,0.2472727318287103,0.0,0.4035511965077688,0.0,0.0,0.0,0.0,0.3387545963492688,0.2645211109828306,0.33614659739609,0.2506922733446471,0.0,0.0,0.1802235798299142,0.4217756406488804,0.3407644075911161,0.5040284845676275,0.0,0.3532285705602055
0.0,0.0,0.0,0.0,0.0,0.1082218799181898,0.0,0.0,0.1389126813548994,0.0,0.0,0.0,0.2716247517484746,0.0,0.0,0.0567634352848884,0.0,0.2921599346905862,0.0,0.2643713576708278,0.0,0.3453695069608959,0.0,0.0,0.0,0.0,0.1248415330101234,0.4032789364039832,0.1663870348713547,0.0,0.0542249484129277,0.1357066701418607,0.0,0.0,0.0,0.0,0.0,0.0,0.0,0.0,0.0,0.0,0.0,0.0,0.0,0.0,0.0,0.0,0.0,0.0,0.0,0.0,0.0,0.0,0.0,0.0,0.0,0.0,0.0,0.0,0.0,0.0,0.0,0.0,0.1638452072188293,0.0,0.0,0.0512129706630223,0.0,0.0,0.0,0.1239879233620362,0.0,0.2359928877506912,0.0,0.0
0.6397381257844095,0.0,0.0,0.3311246738244988,0.0,0.0,0.3686069893546255,0.4118417215696771,0.0,0.0,0.0,0.0,0.1692419458197026,0.0,0.1741675027186089,0.4687161507948477,0.0,0.0,0.0,0.2097976974836642,0.5272869237839378,0.1200209352807656,0.3116990133855486,0.0,0.0,0.0,0.0,0.4808487607863546,0.3072213724936957,0.0542249484129277,0.0,0.0,0.0,0.642784965860311,0.4839762645306171,0.4127893136842745,0.3601878523415893,0.1598790271081068,0.0,0.1995474344201945,0.0,0.0,0.0,0.0,0.0,0.0,0.0,0.0,0.0,0.0,0.0,0.0,0.3031421769578077,0.0,0.0573082019062624,0.0,0.0,0.0,0.0,0.238457200333325,0.0,0.0,0.0,0.0,0.0,0.5949994251056989,0.0,0.3239139745121334,0.0,0.0,0.0,0.0,0.0,0.0,0.0,0.0
0.0,0.3710874372433488,0.0,0.0,0.0,0.3166309192914647,0.0,0.0,0.0967760523324903,0.1844005805156356,0.1747793956935496,0.269375569383796,0.2168887124633446,0.0,0.1371818596626259,0.0,0.4363237463244326,0.4044877103383039,0.2878544887162182,0.1442345197664707,0.066171275024042,0.3461129391462515,0.0,0.4151626840229113,0.4527045449899891,0.4812084557424883,0.115681246012066,0.0,0.3681735274070358,0.1357066701418607,0.0,0.0,0.428372406896583,0.0,0.0,0.0,0.0,0.0,0.6477454608425569,0.252274747340998,0.4333150738144873,0.0,0.1540686844403469,0.0399566072713236,0.0,0.0584065457874767,0.1452707601959047,0.206518056672896,0.0,0.0,0.1978679464573416,0.0,0.0,0.0,0.0,0.039462701389007,0.1511097808984211,0.1258975049226856,0.0,0.0456667596736269,0.5389517619815282,0.1587933126639562,0.4096604262150199,0.3435997187463407,0.4543586695167367,0.0,0.5463349359978723,0.0,0.4533724752186031,0.3581967192401804,0.3227632123132739,0.3520744660845533,0.3690447911172696,0.39044549434041,0.0,0.5861271690049333
0.0255082177634386,0.3715318984073028,0.0,0.0,0.0,0.2305168561568132,0.0,0.0,0.0604384298219821,0.2134079878787308,0.0485595881540742,0.112032385466376,0.2276607027157303,0.0,0.279337737179562,0.0,0.2807460200540039,0.3421876282290288,0.0,0.0940929034475979,0.1676511159086788,0.3314739896033096,0.0,0.2273076226068931,0.3896410869592326,0.2953132034527599,0.0636902534625686,0.1120856030866306,0.3978762014263371,0.0,0.0,0.428372406896583,0.0,0.0,0.0,0.0,0.0,0.0056476424003714,0.5137632261977295,0.3354136421338799,0.4289383933860714,0.0,0.0,0.0,0.0800928847594663,0.0969308197371747,0.1641742655008531,0.0,0.0,0.0,0.0,0.0,0.0,0.0,0.0,0.0,0.0870797891794631,0.0,0.0,0.1267362692163756,0.4408673263388699,0.1908245185589639,0.3453735991348147,0.0,0.2679793304284618,0.0296583194577131,0.4954247431354124,0.0,0.1963459387117022,0.3247887665397509,0.2652691938528767,0.1554089949454121,0.402186190936714,0.0,0.0,0.5057499714427263
0.3955029559397761,0.0,0.0,0.5672214419757422,0.0,0.0,0.281705996502315,0.2820218966669287,0.0,0.0,0.0,0.0,0.0,0.0738460619157266,0.02307729486326,0.2695547230909291,0.0,0.0,0.0,0.0846838856095356,0.3739354783355416,0.0,0.0438833276406902,0.0,0.0,0.0,0.0,0.2191507032260305,0.0797409452726629,0.0,0.642784965860311,0.0,0.0,0.0,0.7195939147344321,0.3787963942416252,0.2343042526782933,0.3188230580333832,0.0,0.0706499485515709,0.0,0.439408740607846,0.0,0.1473132877522128,0.0,0.3265252604787778,0.0,0.0,0.0,0.0,0.0,0.0506132547784678,0.142776405858866,0.0,0.0,0.0,0.0,0.0,0.0,0.0,0.0,0.0,0.0,0.0,0.0,0.4296600709969785,0.0,0.0,0.0,0.0,0.0,0.0,0.0,0.0,0.0,0.0
0.3791381809808561,0.0,0.0,0.5924103634671618,0.0318770274189198,0.0,0.2688678079386422,0.3272795036333909,0.0,0.0,0.0,0.0,0.0,0.0,0.0,0.2668221250721655,0.0,0.0,0.0,0.0,0.3998160239551551,0.0,0.1679865291074706,0.0,0.0,0.0,0.0,0.0820660038462536,0.0,0.0,0.4839762645306171,0.0,0.0,0.7195939147344321,0.0,0.3405143983802593,0.3238622055618987,0.2876862373733137,0.0,0.0,0.0,0.4921709824428919,0.0,0.0356945088014565,0.0,0.0,0.0,0.0,0.0,0.0,0.0,0.0,0.0,0.0,0.0,0.0,0.0,0.0,0.0,0.0205921819748307,0.0,0.0,0.0,0.0,0.0,0.0,0.0,0.1426420264494129,0.0,0.0,0.0,0.0,0.0,0.0,0.0,0.0
0.0,0.0,0.0,0.2946471051755671,0.0124260462381204,0.0,0.1470687957338435,0.2681127958542202,0.0,0.0,0.0,0.0,0.0,0.0326525988234383,0.0,0.0,0.0,0.0,0.0,0.0890528968288057,0.0,0.0,0.0865226454385198,0.0,0.0,0.0,0.0,0.2455514062720844,0.0,0.0,0.4127893136842745,0.0,0.0,0.3787963942416252,0.3405143983802593,0.0,0.4836301604190444,0.3186770817983897,0.0,0.077633641236649,0.0,0.1907323394149363,0.1508690709202807,0.2183363793090879,0.1611917514043611,0.0,0.0,0.0,0.0,0.0436281975367746,0.0,0.0952133660152331,0.2412854507710836,0.0,0.0,0.0,0.1097922202190654,0.0,0.0,0.0,0.0,0.0,0.0,0.0,0.0,0.0,0.0,0.029889010402364,0.0,0.0,0.0,0.0,0.0,0.0,0.0,0.0
0.0,0.0,0.0,0.254104457610663,0.0,0.0,0.2130801226478481,0.1363499442871814,0.0,0.0,0.0,0.0,0.1005660488632853,0.0,0.0,0.0,0.0,0.0,0.0,0.0,0.0,0.0,0.0717027246300148,0.0,0.0,0.0,0.0,0.2832784989135015,0.0,0.0,0.3601878523415893,0.0,0.0,0.2343042526782933,0.3238622055618987,0.4836301604190444,0.0,0.0,0.0,0.0,0.0,0.148499533438162,0.0691113115231482,0.0,0.0,0.0,0.0,0.0,0.0,0.0,0.0,0.0,0.0,0.0,0.0,0.0,0.0,0.0,0.0,0.0,0.0,0.0,0.0,0.0,0.0,0.0,0.0,0.0509931643913473,0.0,0.0,0.0,0.0,0.0,0.0,0.0,0.0
0.1477804894028765,0.0,0.0,0.2121975944879212,0.0,0.0,0.1285727702774185,0.0,0.0,0.0,0.0,0.0362114227054858,0.0,0.0,0.0,0.0,0.0,0.0,0.0,0.0,0.0,0.0,0.1985575453660044,0.0,0.0,0.0,0.0,0.0797630336518863,0.0,0.0,0.1598790271081068,0.0,0.0056476424003714,0.3188230580333832,0.2876862373733137,0.3186770817983897,0.0,0.0,0.0,0.0544517573419067,0.0,0.078573801842428,0.0,0.0,0.1709560352143034,0.0,0.0,0.0,0.0,0.0,0.0,0.0,0.0,0.0,0.0,0.0,0.0458474202509745,0.0,0.0,0.0,0.0,0.0,0.0,0.0,0.0,0.0,0.0,0.0,0.0,0.0,0.0,0.0,0.0,0.0,0.0,0.0
0.0,0.3914609856563312,0.0037784272821156,0.0,0.0168026713017572,0.337302731335512,0.0,0.0,0.1152426103717586,0.2584532566571818,0.2166233298746236,0.3131486984635486,0.2102952464662211,0.0,0.0779030385412084,0.0,0.0,0.5600351527624788,0.3938319567555839,0.0824670672811836,0.0,0.2706341241697333,0.0,0.5579310870968608,0.604889760594052,0.5681247807815746,0.0710698223815028,0.0,0.2229253699962713,0.0,0.0,0.6477454608425569,0.5137632261977295,0.0,0.0,0.0,0.0,0.0,0.0,0.1853784599193107,0.6167252387637808,0.0,0.2669557740918574,0.0,0.0086378446578393,0.0,0.3235785393349056,0.3563028264379824,0.0,0.1542786717033809,0.2933921036652565,0.0,0.0,0.0,0.0,0.2548976094803433,0.2080564094910074,0.4017520454268274,0.2285244434631294,0.0,0.6920188805084555,0.3684819212368296,0.6516543711324574,0.5194568237450732,0.5759800543427264,0.0,0.7598142969818684,0.0,0.5799976229596375,0.5770625680469815,0.4828539604270244,0.4869144835025922,0.5925700812679362,0.4840863840963805,0.4977176167515533,0.7008305529934369
0.3535396590432677,0.4052567557293943,0.0,0.0,0.0,0.0,0.0,0.0,0.0,0.2474931830112264,0.0,0.1324905870838876,0.2779409814893547,0.0,0.2290685807110844,0.1911078122179149,0.140768857680432,0.2457276703630463,0.0,0.2316163284101613,0.2396304638489501,0.3133908179175119,0.1890958295433873,0.2075041992226704,0.2805654273741144,0.2987679069166136,0.2615230786816573,0.3518864544091705,0.3854323600525474,0.0,0.1995474344201945,0.252274747340998,0.3354136421338799,0.0706499485515709,0.0,0.077633641236649,0.0,0.0544517573419067,0.1853784599193107,0.0,0.1879901823727438,0.0,0.046831352775122,0.1423204670008634,0.3345512277793441,0.2438060834282372,0.4033166616880196,0.074497368658362,0.0,0.0825725585820943,0.2390237564593904,0.1736509700649134,0.2046978573560784,0.2271807156737788,0.161319172585336,0.1685490825008472,0.1768729182598604,0.2949266178670474,0.0,0.1755338929924214,0.2974703311539138,0.2158304955352775,0.3100451690794826,0.3487540596581972,0.1192021449621617,0.3304384582428684,0.2273069937602716,0.1987598528901335,0.1712723012148999,0.3088608401315785,0.3570725064595527,0.1053210344053092,0.2892670098341387,0.2602898604662413,0.1510538334675215,0.2425583526226478
0.0,0.1485836210519289,0.0,0.0,0.0,0.1845740586071019,0.0,0.0,0.2209396184491232,0.175190082665714,0.0,0.0869622973051606,0.1260093124687326,0.0,0.1088463295901393,0.0,0.0,0.3862220134567373,0.0,0.0,0.0,0.2516679305984698,0.0,0.3302207282711793,0.5107518461853657,0.3604081530877526,0.0,0.0,0.3138656055730754,0.0,0.0,0.4333150738144873,0.4289383933860714,0.0,0.0,0.0,0.0,0.0,0.6167252387637808,0.1879901823727438,0.0,0.0,0.270403623251052,0.0,0.0344371847636554,0.0,0.1362781761274325,0.1952663951375776,0.0,0.2355561904385619,0.018567257341676,0.0,0.0,0.0,0.0,0.3227932018234161,0.0548583008312682,0.1932937069373994,0.1500219333929373,0.0586150974914068,0.5736877107344309,0.2448649249975574,0.4954813740138682,0.4869762681656915,0.4298131198771115,0.0,0.725548942354395,0.0,0.3442519203672827,0.4889562170621752,0.2727983272352735,0.292225672998158,0.5447897312421411,0.3813178745354367,0.5050320389118106,0.6458417201591075
0.0,0.0,0.0,0.0,0.0,0.0,0.0,0.0,0.0,0.0,0.0,0.0,0.0,0.0,0.0,0.0759185413839778,0.0,0.0,0.0,0.0,0.2630519362237559,0.0,0.0206906592049155,0.0,0.0,0.0,0.0,0.0,0.0405916784165569,0.0,0.0,0.0,0.0,0.439408740607846,0.4921709824428919,0.1907323394149363,0.148499533438162,0.078573801842428,0.0,0.0,0.0,0.0,0.0,0.0061598767961291,0.0,0.2133856753890199,0.0,0.0,0.1030974965278203,0.0,0.0,0.0,0.0,0.0,0.0,0.0,0.0,0.0,0.0,0.0,0.0,0.0,0.0,0.0,0.0,0.2899127228399279,0.0,0.0,0.0,0.0,0.0,0.0,0.0,0.0,0.0,0.0
0.0,0.0,0.1064980637665534,0.0,0.0,0.2613418954694812,0.0,0.0196511288696598,0.1766224951104844,0.0,0.0929858487768384,0.133362362268479,0.2605538373752931,0.0,0.1040539135565212,0.0,0.0,0.0,0.2275048476521417,0.1707137360463095,0.0,0.1391773141204042,0.02339182116519,0.0,0.0,0.0,0.0438996680444596,0.2192381086730041,0.1989792397910761,0.0,0.0,0.1540686844403469,0.0,0.0,0.0,0.1508690709202807,0.0691113115231482,0.0,0.2669557740918574,0.046831352775122,0.270403623251052,0.0,0.0,0.1543022865685659,0.0943813666576559,0.0,0.0,0.1788229220990389,0.1975064279575584,0.2072637949364833,0.0404945958151812,0.1277684387011059,0.1541327060409198,0.0718107523043133,0.0,0.2157498519618323,0.2047104550920316,0.1989433014846248,0.2290183822470485,0.0282156575270115,0.0,0.1025945085114804,0.0,0.2749314787329606,0.1567474776567833,0.0,0.267696421890329,0.031399090924845,0.2671043286670082,0.1708124870599555,0.2504901908403659,0.0,0.3695008644947709,0.0,0.0,0.3405768911783399
0.0,0.0,0.0,0.0,0.0,0.0,0.0,0.0,0.0,0.0,0.0,0.0,0.0,0.0,0.0,0.0,0.0,0.0,0.0,0.0,0.0,0.0,0.0,0.0,0.0,0.0,0.0,0.0,0.0,0.0,0.0,0.0399566072713236,0.0,0.1473132877522128,0.0356945088014565,0.2183363793090879,0.0,0.0,0.0,0.1423204670008634,0.0,0.0061598767961291,0.1543022865685659,0.0,0.1729336720096577,0.0,0.0,0.0,0.1727746796520646,0.0,0.0,0.043005816032477,0.2189662692621695,0.0,0.1246792879933017,0.0,0.1576932779371984,0.0237646932691694,0.0682963429521492,0.0,0.0,0.0,0.0,0.0,0.0,0.0,0.0,0.0,0.0,0.0,0.0,0.0,0.0107363045943933,0.0,0.0,0.0130489939182995
0.0,0.0,0.0,0.0,0.0,0.0,0.0,0.0,0.0,0.165571360913716,0.0,0.1826350070955046,0.0984489703531839,0.0,0.0,0.0,0.0,0.0,0.0,0.0,0.0,0.0,0.0,0.2295035914006332,0.0,0.2528289383802932,0.0,0.2436732083997189,0.0,0.0,0.0,0.0,0.0800928847594663,0.0,0.0,0.1611917514043611,0.0,0.1709560352143034,0.0086378446578393,0.3345512277793441,0.0344371847636554,0.0,0.0943813666576559,0.1729336720096577,0.0,0.0538807467208524,0.0,0.0,0.0,0.0,0.0881657061020738,0.0,0.0,0.072295448087138,0.1131630663625297,0.1541615837477261,0.2452277770670451,0.0992320206761867,0.0,0.0,0.0,0.126366524974136,0.1407298413648462,0.1297887371664796,0.0,0.0,0.0,0.1186810407318794,0.2103901063602578,0.1151675919948584,0.2695019617941629,0.0,0.1394162500403508,0.0,0.0,0.12462968743117
0.7066705959441894,0.0475495657912263,0.0,0.0,0.0,0.0,0.0,0.0,0.0,0.0246582739471525,0.0,0.0,0.0,0.0,0.0,0.3452139624516386,0.0,0.0,0.0,0.0,0.503649297706186,0.0523271345671983,0.0,0.0,0.0,0.0,0.0,0.0,0.0,0.0,0.0,0.0584065457874767,0.0969308197371747,0.3265252604787778,0.0,0.0,0.0,0.0,0.0,0.2438060834282372,0.0,0.2133856753890199,0.0,0.0,0.0538807467208524,0.0,0.1101163812070127,0.0,0.0,0.0,0.0,0.0,0.356299290487492,0.0,0.0,0.0,0.0,0.0889555958526945,0.0,0.2904758729472513,0.0,0.0,0.0,0.0,0.0,0.5967738473435158,0.0,0.3283736256972704,0.0,0.0,0.0,0.0,0.0,0.0,0.0,0.0724397739387323
0.1570332189866751,0.6351583896605877,0.0,0.0,0.0,0.5224793079936216,0.0,0.0,0.0,0.0,0.0,0.0,0.0,0.0,0.0927722460915306,0.2130782464221449,0.0,0.3718014120220097,0.0,0.1442674872195378,0.1011164539792468,0.2111608754665656,0.3087706640095504,0.0,0.5513871009875679,0.523054314559572,0.268153067396532,0.0,0.1999659251647391,0.0,0.0,0.1452707601959047,0.1641742655008531,0.0,0.0,0.0,0.0,0.0,0.3235785393349056,0.4033166616880196,0.1362781761274325,0.0,0.0,0.0,0.0,0.1101163812070127,0.0,0.0,0.0,0.0,0.6107304488607178,0.240328288665956,0.3384092590521301,0.4088438750794141,0.5386652133631333,0.0,0.0,0.6799976374234967,0.0,0.1768599495322915,0.4906514687568128,0.5770813830832134,0.4903513610539434,0.0,0.1732282231995899,0.1098518789079476,0.3479292232970459,0.4118283591253867,0.0,0.6754957073562592,0.8232497587113746,0.2102898623822141,0.3530177867522062,0.3505767311037792,0.0,0.2713320846501101
0.0,0.0,0.7912548733723582,0.0,0.3199074951238072,0.3757465538626112,0.0,0.0,0.6210451633078914,0.0,0.6160517759770624,0.0,0.1977705092902315,0.0,0.0,0.0,0.0,0.0,0.4924975996831313,0.0,0.0,0.0,0.0,0.0,0.0,0.0,0.564622254520606,0.0,0.0267283815793017,0.0,0.0,0.206518056672896,0.0,0.0,0.0,0.0,0.0,0.0,0.3563028264379824,0.074497368658362,0.1952663951375776,0.0,0.1788229220990389,0.0,0.0,0.0,0.0,0.0,0.0,0.3238794409527267,0.3856090575161362,0.0507008568463352,0.0,0.6109869866800446,0.3015456878380111,0.69864279129479,0.3153626121286464,0.2885128038903222,0.219772851429988,0.0,0.0,0.0,0.0,0.7186460297106317,0.0,0.0,0.0,0.0390210215234242,0.0,0.5408286408164585,0.416138277109558,0.5660583307899705,0.4472491131270557,0.3900250651103216,0.42558987206648,0.3913750471618764
0.0,0.0,0.0,0.0,0.0,0.0,0.0,0.0,0.0,0.0,0.0,0.0,0.0,0.0,0.0,0.0,0.0,0.0,0.0,0.0,0.0,0.0,0.0,0.0,0.0,0.0,0.0,0.0,0.0,0.0,0.0,0.0,0.0,0.0,0.0,0.0,0.0,0.0,0.0,0.0,0.0,0.1030974965278203,0.1975064279575584,0.1727746796520646,0.0,0.0,0.0,0.0,0.0,0.2681931972474033,0.0,0.2476798879765262,0.0733276123301206,0.0,0.0,0.0,0.0,0.1244174865238856,0.2390074625645315,0.0,0.0,0.0,0.0,0.0,0.0,0.0,0.0,0.0,0.0,0.0,0.0,0.0,0.0985555486250002,0.0,0.0,0.0
0.0,0.0,0.1946855078490539,0.0,0.0,0.1737275759755232,0.0,0.0,0.2560220492771321,0.0,0.1165056694111047,0.0,0.0,0.0,0.0,0.0,0.0,0.0,0.1533842569053951,0.0,0.0,0.0,0.0955597340816973,0.0,0.0,0.0,0.1813000129030151,0.0,0.0,0.0,0.0,0.0,0.0,0.0,0.0,0.0436281975367746,0.0,0.0,0.1542786717033809,0.0825725585820943,0.2355561904385619,0.0,0.2072637949364833,0.0,0.0,0.0,0.0,0.3238794409527267,0.2681931972474033,0.0,0.2693827652339531,0.6686157021045153,0.0,0.3084813701459909,0.2648477150847351,0.3840264677658612,0.2453021552170044,0.5517078624360898,0.4162165379688603,0.0,0.0,0.0,0.0,0.3133760567317544,0.0,0.0,0.0,0.182769514238495,0.0,0.0,0.0,0.2397199650197996,0.3375380947638763,0.0,0.0,0.2804215795195067
