0.0,0.1331000767630727,0.0,0.0,0.0,0.0651498421401226,0.0,0.4304032899200604,0.0,0.0622234382151592,0.0,0.0,0.0,0.0,0.3034768147696967,0.4368889600670574,0.0,0.0,0.0,0.2561809127414322,0.5882832170489297,0.2419385886251217,0.387052864059203,0.0,0.0,0.0,0.1249771031009535,0.5303547304418784,0.3701581676491065,0.0,0.6281738288543045,0.0,0.0250471156460488,0.3883536030485227,0.3722846477526676,0.0,0.0,0.0,0.0,0.3471488603258528,0.0,0.0,0.0,0.0,0.0,0.6938963868203347,0.1541945906494544,0.0,0.0,0.0,0.0,0.0,0.0,0.0,0.1257355672971393,0.0,0.0,0.0,0.0,0.0,0.0,0.0,0.0,0.0,0.0,0.6714504713413993,0.0,0.0,0.0,0.0,0.0555390981218331,0.0,0.0,0.0,0.0,0.0
0.1331000767630727,0.0,0.0,0.0,0.1994827087265359,0.7320663567075456,0.2945553167435223,0.2715465173446013,0.2901323119266467,0.0,0.0,0.0,0.5213694588284279,0.0,0.1749984064609136,0.2576681657031203,0.0,0.5750893172242793,0.0,0.3017179956329002,0.1321757607588141,0.4246132023054385,0.2998518362592332,0.0,0.6282542709319798,0.7573759132778435,0.3425817612667494,0.2337484576092842,0.4084974404569356,0.0,0.0,0.364379434174043,0.364815860986648,0.0,0.0,0.0,0.0,0.0,0.3843846978875967,0.3979310871983224,0.1458977328055658,0.0,0.0,0.0,0.0,0.0466900308103572,0.6236768788366452,0.0,0.0,0.0,0.0,0.0,0.0,0.0,0.0,0.0,0.0,0.0,0.0,0.1663977069153618,0.4624404649805139,0.0,0.3942643455349542,0.0,0.3248009368442117,0.0489595945497736,0.3563053300652141,0.267116263200868,0.0,0.5353356657082596,0.7144856194489925,0.2066972487708315,0.0,0.2747339744827173,0.0,0.2916293133294124
0.0,0.0,0.0,0.0,0.2941163241076906,0.3371531823918973,0.1227606075148718,0.1590450003582077,0.6917969818582629,0.2395261542851674,0.6496336263915341,0.0,0.0487143243903624,0.0769245530538464,0.0,0.0,0.0,0.0,0.554024657527692,0.0,0.0,0.0,0.2118130183672337,0.0,0.0,0.0,0.6416341426055967,0.0142683796363879,0.0,0.1286868572966283,0.0,0.0,0.0,0.0,0.0,0.0,0.0,0.0,0.0037101261237852,0.0,0.0,0.0,0.1045729397474595,0.0,0.0,0.0,0.0,0.7769516672099133,0.0,0.191166253751146,0.388389905117091,0.0,0.0808326425066953,0.665012678981354,0.0,0.6183741157847104,0.0,0.0,0.1845802836493585,0.0,0.0,0.0,0.0,0.5479782228340908,0.0,0.0,0.0,0.2706400658031331,0.0,0.0,0.0,0.4821625845383023,0.0,0.0,0.0,0.0
0.0,0.0,0.0,0.0,0.2262551806666228,0.0,0.2671181490991715,0.2984808610879882,0.0,0.0,0.0,0.0,0.0,0.273554625526382,0.0,0.0,0.0,0.0,0.0,0.0,0.0,0.0,0.1376427237835761,0.0,0.0,0.0,0.0,0.0,0.0,0.0,0.0,0.0,0.0,0.556968000894539,0.5817015920629164,0.2893208842165329,0.2495111103008244,0.0,0.0,0.0,0.0,0.0,0.0,0.0,0.0,0.0,0.0,0.0,0.0,0.0,0.0,0.0,0.0,0.0,0.0,0.0,0.0,0.0,0.0,0.0,0.0,0.0,0.0,0.0,0.0,0.0,0.0,0.0,0.0,0.0,0.0,0.0,0.0,0.0,0.0,0.0
0.0,0.1994827087265359,0.2941163241076906,0.2262551806666228,0.0,0.1378925329484766,0.1895539559800625,0.0254962037645349,0.0702502566957813,0.0043636867031482,0.2995928855920538,0.2410448439124961,0.0,0.5155590775022926,0.0,0.0,0.0,0.0,0.0951316504159971,0.1650169619446098,0.0,0.1251590642310972,0.0,0.0,0.0813930928420791,0.0,0.1046433852981184,0.0,0.0,0.0,0.0,0.0,0.0,0.0,0.0313007988099565,0.0122014254400577,0.0,0.0,0.0,0.0,0.0,0.0,0.0,0.0,0.0,0.0,0.0,0.3141246519342729,0.0,0.0,0.0,0.0,0.0505734334772743,0.0602926068134772,0.0,0.3331094674399272,0.0,0.0,0.0,0.0,0.0,0.0,0.0,0.0,0.0,0.0,0.0,0.0,0.0,0.0,0.0,0.0,0.0,0.0,0.0,0.0
0.0651498421401226,0.7320663567075456,0.3371531823918973,0.0,0.1378925329484766,0.0,0.244563792739414,0.412202911845473,0.5566041160157271,0.5476145696202955,0.4287317609569091,0.0,0.5356927404849021,0.0187244885672255,0.4094889818832336,0.0,0.0,0.3289099720482151,0.4792949598059958,0.3602584069819157,0.1758696097298938,0.2422951425384336,0.579526138396367,0.0,0.4581660176835065,0.73335546066652,0.5684980808588567,0.201795598396574,0.4225251495254279,0.1062655951459268,0.0,0.3109073054870679,0.2263498927313912,0.0,0.0,0.0,0.0,0.0,0.3312054412361975,0.0,0.1812375852388624,0.0,0.256617719814357,0.0,0.0,0.0,0.0,0.3689543297568444,0.0,0.0,0.6941866547517723,0.0252844573617853,0.4436153740812257,0.4683105906505598,0.0,0.4946567368836869,0.0,0.4789070565909251,0.0,0.433106736347457,0.0,0.0,0.0,0.6095097962738013,0.4609456584990391,0.0,0.3491911134183919,0.5415933781332649,0.0,0.0,0.0,0.3880273159799778,0.2365783977035941,0.231419938246719,0.0,0.2039483006801271
0.0,0.2945553167435223,0.1227606075148718,0.2671181490991715,0.1895539559800625,0.244563792739414,0.0,0.4274349363012361,0.1396852533781115,0.2396224501474388,0.1366505136758443,0.0909939635828811,0.4224106183420181,0.0,0.0,0.3968044762507443,0.0,0.0343560836092219,0.0318506563470233,0.3529203201229258,0.0,0.1523782545626492,0.3719117426841773,0.0,0.0,0.0518872589919382,0.248671090388595,0.4199814858676504,0.3129656434273085,0.0,0.3619438243757019,0.0,0.0,0.2766137069243733,0.2640075892950582,0.1444102903947506,0.2092283562626861,0.1262486103865394,0.0,0.0,0.0,0.0,0.0,0.0,0.0,0.0,0.0,0.0,0.0,0.0,0.3001271701169907,0.0,0.0,0.0,0.0,0.0,0.0,0.0,0.0,0.0,0.0,0.0,0.0,0.0,0.0,0.0,0.0,0.4287644651730918,0.0,0.0,0.0,0.0,0.0,0.0,0.0,0.0
0.4304032899200604,0.2715465173446013,0.1590450003582077,0.2984808610879882,0.0254962037645349,0.412202911845473,0.4274349363012361,0.0,0.2378768641720836,0.1274911075032833,0.2781387338483913,0.0,0.1546670413380064,0.1576702772220533,0.3217700383253528,0.2930102402926227,0.0,0.0,0.0,0.2806278545846729,0.4890542352986157,0.00034426347293,0.7773225333718412,0.0414709118380232,0.0,0.0800283999847138,0.2220481035153788,0.3043714126308409,0.0391006280655786,0.0,0.4043970191758693,0.0,0.0,0.2769238966847502,0.3213633995173305,0.2632662252700189,0.1338851994508362,0.0,0.0,0.0,0.0,0.0,0.0192959030669427,0.0,0.0,0.0,0.0,0.0,0.0,0.0,0.374990477292023,0.0997711286268595,0.753032266111847,0.3016934291493472,0.0,0.1145104090239681,0.0,0.1237510148568528,0.0513417452310353,0.4099669804015728,0.0,0.0,0.0,0.0,0.0,0.4571491117050086,0.0,0.695323468469195,0.0,0.0,0.0,0.0,0.0,0.0,0.0,0.0
0.0,0.2901323119266467,0.6917969818582629,0.0,0.0702502566957813,0.5566041160157271,0.1396852533781115,0.2378768641720836,0.0,0.3977360636703393,0.7135409662696847,0.2737115264799132,0.324068811169373,0.0,0.0,0.0434034548132783,0.0,0.0,0.6082634059436031,0.37117505616664,0.0,0.3424682742485359,0.4196722832408093,0.0,0.0,0.0,0.6890567459760303,0.2240385131458006,0.3118369266524557,0.1364016109187339,0.0,0.0950266693274927,0.0593459078660744,0.0,0.0,0.0,0.0,0.0,0.1131594145895699,0.0,0.0,0.0,0.1734297590585424,0.0,0.0,0.0,0.0,0.6098187717798081,0.0,0.0,0.5947061514126378,0.0,0.2121325341702033,0.8716190300042898,0.0,0.7639745005401922,0.0,0.0,0.1819168354847837,0.0,0.0,0.0,0.0,0.6412321386296501,0.0,0.0,0.0,0.509220728923763,0.0,0.0,0.0,0.4789534448083782,0.0,0.0,0.0,0.0
0.0622234382151592,0.0,0.2395261542851674,0.0,0.0043636867031482,0.5476145696202955,0.2396224501474388,0.1274911075032833,0.3977360636703393,0.0,0.3154908453037843,0.621113877499104,0.5903085982858336,0.0,0.0,0.2215606865875082,0.663576794742293,0.5438881673284167,0.3366173859595602,0.0,0.0,0.1964122073955066,0.2113351662610026,0.5309734557110639,0.6230519621425524,0.6430103151695421,0.3589589996119428,0.3283272145508909,0.0,0.0,0.0,0.181067243043288,0.2095502948014895,0.0,0.0,0.0,0.0,0.0,0.25378129780078,0.2430193451373162,0.1720232397756301,0.0,0.0,0.0,0.1625783919103757,0.0,0.0,0.0,0.0,0.0,0.0,0.0,0.0,0.0,0.6398732769757038,0.0,0.5934961006784668,0.0,0.0,0.0,0.0,0.6720753196875531,0.3778686579443398,0.0,0.0,0.0,0.0,0.0,0.4488145793346718,0.5458150731909392,0.629471568403766,0.0,0.4134833512428573,0.0,0.0,0.3048332878893056
0.0,0.0,0.6496336263915341,0.0,0.2995928855920538,0.4287317609569091,0.1366505136758443,0.2781387338483913,0.7135409662696847,0.3154908453037843,0.0,0.3893839235307411,0.1824725986997507,0.1561671644128254,0.0,0.0,0.0,0.0,0.5774164493714433,0.0,0.0,0.0,0.3025891123634984,0.0,0.0,0.0,0.5150038576456641,0.0730095611431186,0.0,0.0,0.0,0.1716199766319043,0.0476817953923426,0.0,0.0,0.0,0.0,0.0,0.2127075143124565,0.0,0.0,0.0,0.0913049798052812,0.0,0.0,0.0,0.0,0.6049156479668989,0.0,0.1143996418026068,0.382747182859592,0.0823244685886584,0.1553558797993393,0.6299763403767087,0.0,0.7338735092630527,0.0,0.2451312665294524,0.1706829518173534,0.0,0.0,0.0,0.0,0.5496561160820178,0.0,0.0,0.0,0.3529372327535467,0.0,0.0,0.0,0.3799532262977361,0.0,0.0,0.0,0.0
0.0,0.0,0.0,0.0,0.2410448439124961,0.0,0.0909939635828811,0.0,0.2737115264799132,0.621113877499104,0.3893839235307411,0.0,0.3967879817565653,0.0,0.0,0.0,0.6074739748312511,0.3537415118380507,0.0,0.0,0.0,0.0,0.0,0.670347027776655,0.4340864101609243,0.6775194225134634,0.0,0.1159037479173484,0.0,0.0,0.0,0.2645061721343344,0.1100072196694609,0.0,0.0,0.0,0.0,0.0355568429211181,0.3074880314087782,0.1300956063445368,0.0853903137274617,0.0,0.0,0.0,0.1793335852062049,0.0,0.0,0.0,0.0,0.0,0.0,0.0,0.0,0.0,0.5302374611598059,0.0,0.7687713568743573,0.0,0.0,0.0,0.0,0.4659128232357813,0.2175349464257465,0.0,0.0,0.0,0.0,0.0,0.5519278213697412,0.3058347618493267,0.5869016560918755,0.0,0.0,0.0,0.0,0.1806958759036294
0.0,0.5213694588284279,0.0487143243903624,0.0,0.0,0.5356927404849021,0.4224106183420181,0.1546670413380064,0.324068811169373,0.5903085982858336,0.1824725986997507,0.3967879817565653,0.0,0.0,0.267653485183664,0.2578932085005632,0.5047186558028975,0.4423677349590318,0.2133610160055606,0.2702184600759626,0.1232379837325401,0.2342251548817925,0.2902144450179707,0.3472922454983312,0.4165805717398431,0.5427628358317227,0.2577969745405694,0.5846303771148452,0.4768863082963122,0.2667146969054341,0.166182625082662,0.2129680996834843,0.223545368863628,0.0,0.0,0.0,0.098748155567155,0.0,0.2064938212031213,0.0,0.0,0.0,0.2558439071393991,0.0,0.0,0.0,0.0,0.1941954888228394,0.0,0.0,0.4328029159613835,0.0,0.2087374681592808,0.0,0.0,0.0,0.0,0.0,0.0,0.0,0.0,0.0,0.0,0.0,0.0,0.0,0.0,0.3407298993259676,0.0,0.0,0.0,0.1543959500720908,0.0,0.3197284047963387,0.0,0.0
0.0,0.0,0.0769245530538464,0.273554625526382,0.5155590775022926,0.0187244885672255,0.0,0.1576702772220533,0.0,0.0,0.1561671644128254,0.0,0.0,0.0,0.0,0.0,0.0,0.0,0.0,0.0,0.0,0.0,0.1230688021098398,0.0,0.0,0.0,0.0253574232352416,0.0,0.0,0.0,0.0,0.0,0.0,0.072511175416559,0.0,0.0320623505122706,0.0,0.0,0.0,0.0,0.0,0.0,0.0,0.0,0.0,0.0,0.0,0.0,0.0,0.0,0.0,0.0,0.0,0.0,0.0,0.109758555387737,0.0,0.0,0.0,0.0,0.0,0.0,0.0,0.0,0.0,0.0,0.0,0.0630321379047221,0.0,0.0,0.0,0.0,0.0,0.0,0.0,0.0
0.3034768147696967,0.1749984064609136,0.0,0.0,0.0,0.4094889818832336,0.0,0.3217700383253528,0.0,0.0,0.0,0.0,0.267653485183664,0.0,0.0,0.1379394162159087,0.0,0.0,0.0,0.5141340668071682,0.3270928154158956,0.4147151922494456,0.4539955769863018,0.0,0.0,0.0439622763539627,0.6056145827588466,0.2089306805385559,0.5010721339732297,0.0,0.1710191446079472,0.1347020766160591,0.2742882577029915,0.0226601355923238,0.0,0.0,0.0,0.0,0.0764948156557218,0.2249277971968103,0.1068787568843716,0.0,0.0,0.0,0.0,0.0,0.0910952383325202,0.0,0.0,0.0,0.3556572740912392,0.0,0.2376315610440786,0.0,0.0,0.0,0.0,0.0,0.0,0.6641635208894794,0.1032642959292336,0.0,0.0,0.0,0.2991291507814506,0.3147235447205976,0.2324125138031149,0.5335860573506157,0.0,0.0,0.0318036497718819,0.4435986037289726,0.0565336392471212,0.3094845737847462,0.0,0.0842224983781957
0.4368889600670574,0.2576681657031203,0.0,0.0,0.0,0.0,0.3968044762507443,0.2930102402926227,0.0434034548132783,0.2215606865875082,0.0,0.0,0.2578932085005632,0.0,0.1379394162159087,0.0,0.0,0.1124301387825152,0.0,0.0892052326263044,0.1709200708363717,0.2646196646373014,0.1864842493787943,0.0,0.0,0.0,0.1969095971588619,0.3761216630140722,0.1858742013206917,0.055737344773865,0.4602433514957887,0.0,0.0,0.2646820873496817,0.2619988854409918,0.0,0.0,0.0,0.0,0.187653230730465,0.0,0.0745461914806665,0.0,0.0,0.0,0.3389736641087598,0.2092265139527843,0.0,0.0,0.0,0.0,0.0,0.0,0.0,0.0,0.0,0.0,0.0,0.0,0.1875302760151503,0.0566594729911412,0.0,0.0,0.0,0.0,0.3364046901799479,0.0,0.0,0.0,0.0,0.0819855304884737,0.0,0.0,0.0,0.0,0.0
0.0,0.0,0.0,0.0,0.0,0.0,0.0,0.0,0.0,0.663576794742293,0.0,0.6074739748312511,0.5047186558028975,0.0,0.0,0.0,0.0,0.7140146537914623,0.0,0.0,0.0,0.1717449765368869,0.0,0.6883879075442879,0.7821483036105493,0.787456208049216,0.0,0.0,0.0,0.0,0.0,0.428436491904564,0.27567108359642,0.0,0.0,0.0,0.0,0.0,0.0,0.1382242338677865,0.4063432002719891,0.0,0.0,0.0,0.0,0.0,0.0,0.0,0.0,0.0,0.0,0.0,0.0,0.0,0.3274133832186749,0.0,0.4910974747996261,0.0,0.0,0.0,0.0,0.5712559181139553,0.5548805548808512,0.0,0.0,0.0,0.0,0.0,0.6329937166559383,0.63484307495959,0.6338250095506691,0.0,0.0,0.0,0.0,0.0
0.0,0.5750893172242793,0.0,0.0,0.0,0.3289099720482151,0.0343560836092219,0.0,0.0,0.5438881673284167,0.0,0.3537415118380507,0.4423677349590318,0.0,0.0,0.1124301387825152,0.7140146537914623,0.0,0.0,0.014860028293705,0.0,0.2804432828885683,0.0,0.5574485913709426,0.821931353761717,0.6819037998537784,0.1391679838766684,0.0961980678182531,0.2402592591683936,0.0,0.0,0.3971759435412336,0.3360020357511742,0.0,0.0,0.0,0.0,0.0,0.5499116154324174,0.2412857469736329,0.3792404285479431,0.0,0.0,0.0,0.0,0.0,0.3650805027087139,0.0,0.0,0.0,0.0,0.0,0.0,0.0,0.2105162192167909,0.0,0.2866038430606805,0.0,0.0,0.0,0.7010845725936699,0.5141165403332583,0.7405850446047928,0.0,0.0,0.0,0.5748334201371418,0.0,0.5334521948603373,0.7415361321198262,0.5847738031405926,0.0,0.0,0.0,0.0,0.556047770613913
0.0,0.0,0.554024657527692,0.0,0.0951316504159971,0.4792949598059958,0.0318506563470233,0.0,0.6082634059436031,0.3366173859595602,0.5774164493714433,0.0,0.2133610160055606,0.0,0.0,0.0,0.0,0.0,0.0,0.0,0.0,0.0,0.2035947034461885,0.0,0.0,0.0,0.5178845537625908,0.0751235558274809,0.0,0.0,0.0,0.2826510552392837,0.0,0.0,0.0,0.0,0.0,0.0,0.3867128098657507,0.0,0.0,0.0,0.2233923311313204,0.0,0.0,0.0,0.0,0.4835949123950846,0.0,0.0,0.3813955710515418,0.0,0.036284096748319,0.4326107022289551,0.0,0.5670407027464844,0.0,0.0,0.1725846195145897,0.0,0.0,0.0,0.0,0.6849620679227892,0.0,0.0,0.0,0.2780597714984488,0.0,0.0,0.0,0.4797828511329449,0.0,0.0,0.0,0.0
0.2561809127414322,0.3017179956329002,0.0,0.0,0.1650169619446098,0.3602584069819157,0.3529203201229258,0.2806278545846729,0.37117505616664,0.0,0.0,0.0,0.2702184600759626,0.0,0.5141340668071682,0.0892052326263044,0.0,0.014860028293705,0.0,0.0,0.1381461796190584,0.5869687154188846,0.187048630784723,0.0,0.0502138797873863,0.2376354698593767,0.4098348957836569,0.308221815235771,0.2859107984171442,0.2595924196074261,0.2060052662197332,0.1416272485301263,0.0923920226799408,0.0831530879926468,0.0,0.0874431222977793,0.0,0.0,0.0809763422257944,0.2274294902530457,0.0,0.0,0.0,0.0,0.0,0.0,0.1416596200433847,0.0,0.0,0.0,0.228892805093304,0.0,0.2944800738103156,0.0,0.0,0.0,0.0,0.0,0.0,0.3347774975981212,0.0,0.0,0.0,0.0,0.5034005675274186,0.0999787378130432,0.2287386220078177,0.2602655554600694,0.0,0.0,0.2093304748414183,0.2155706317005886,0.1416708133244807,0.0952400393352653,0.0,0.1398696909177523
0.5882832170489297,0.1321757607588141,0.0,0.0,0.0,0.1758696097298938,0.0,0.4890542352986157,0.0,0.0,0.0,0.0,0.1232379837325401,0.0,0.3270928154158956,0.1709200708363717,0.0,0.0,0.0,0.1381461796190584,0.0,0.107809566418238,0.4846498184822543,0.0,0.0,0.0,0.1028232054378642,0.251402231092816,0.3288799276201763,0.0,0.5177553634341111,0.0649751226582855,0.164620551984332,0.3671759923366873,0.3925887054132717,0.2051072633989896,0.0,0.0,0.0,0.2352987572869092,0.0,0.2582968488279553,0.0,0.0,0.0,0.4945450255164182,0.0992886112242109,0.0,0.0,0.0,0.1041993150993165,0.0,0.4436537654350467,0.0,0.0,0.0,0.0,0.0,0.0,0.3250284028590713,0.0,0.0,0.0,0.0,0.0,0.6887726351454874,0.0,0.4859507471121011,0.0,0.0,0.0,0.0,0.0,0.0,0.0,0.0
0.2419385886251217,0.4246132023054385,0.0,0.0,0.1251590642310972,0.2422951425384336,0.1523782545626492,0.00034426347293,0.3424682742485359,0.1964122073955066,0.0,0.0,0.2342251548817925,0.0,0.4147151922494456,0.2646196646373014,0.1717449765368869,0.2804432828885683,0.0,0.5869687154188846,0.107809566418238,0.0,0.0467737306689393,0.0,0.3684732565355482,0.2465358194893174,0.4308381715386751,0.2562360302868481,0.4680448505673549,0.3391263969005058,0.1178513635802923,0.3398563903518039,0.3254820633980689,0.0,0.0,0.0,0.0,0.0,0.2657419765155971,0.3077257741636746,0.247118627438435,0.0,0.0,0.0,0.0,0.0513812373363671,0.2073438025651778,0.0,0.0,0.0,0.1897342902408678,0.0,0.0,0.0,0.0,0.0,0.0,0.0,0.0,0.239296542454976,0.4355043278533129,0.0,0.2302797876960379,0.0,0.4242430303906819,0.0698895271762554,0.4736425509819933,0.1597845723801686,0.0,0.2890647613969899,0.2263740525148311,0.3265837335901659,0.0,0.3557574390085813,0.0,0.3987603402786736
0.387052864059203,0.2998518362592332,0.2118130183672337,0.1376427237835761,0.0,0.579526138396367,0.3719117426841773,0.7773225333718412,0.4196722832408093,0.2113351662610026,0.3025891123634984,0.0,0.2902144450179707,0.1230688021098398,0.4539955769863018,0.1864842493787943,0.0,0.0,0.2035947034461885,0.187048630784723,0.4846498184822543,0.0467737306689393,0.0,0.0687265989124361,0.0,0.1364631097886362,0.4692733776609079,0.3069710195461573,0.2596459348874946,0.0,0.3060645517232996,0.0,0.0,0.0430900658189162,0.1649499020493685,0.0849586092763755,0.070406582404159,0.0,0.0,0.1856776178831037,0.0,0.0203166422172116,0.0229689763247977,0.0,0.0,0.0,0.3031891369784173,0.0,0.0,0.0938323379879791,0.5814781515727107,0.2204651026902418,0.6933910909265103,0.4563296875779981,0.0,0.2678224352431171,0.0,0.2667845571815035,0.1096621372898727,0.6043073461950506,0.0,0.0,0.0,0.1833949773822859,0.0,0.4930763643966847,0.0,0.9016073060521618,0.0,0.0,0.210715506222522,0.1909255797656957,0.0,0.0,0.0,0.0
0.0,0.0,0.0,0.0,0.0,0.0,0.0,0.0414709118380232,0.0,0.5309734557110639,0.0,0.670347027776655,0.3472922454983312,0.0,0.0,0.0,0.6883879075442879,0.5574485913709426,0.0,0.0,0.0,0.0,0.0687265989124361,0.0,0.6724900264217415,0.8467834462451063,0.0926186617689285,0.0570900935357651,0.0,0.0,0.0,0.4076579498843081,0.2231986712463981,0.0,0.0,0.0,0.0,0.0,0.5478455841423304,0.2037532266335155,0.3242514567829105,0.0,0.0,0.0,0.2253549443675552,0.0,0.0,0.0,0.0,0.0,0.0,0.0,0.0,0.0,0.3417462125466936,0.0,0.6241645331345664,0.0,0.0,0.0,0.4841105772258342,0.507909495186792,0.5101294456285894,0.0,0.0,0.0,0.0,0.0,0.8148977802930909,0.5502047849238639,0.7646098908141609,0.0,0.0,0.0,0.0,0.513548924394537
0.0,0.6282542709319798,0.0,0.0,0.0813930928420791,0.4581660176835065,0.0,0.0,0.0,0.6230519621425524,0.0,0.4340864101609243,0.4165805717398431,0.0,0.0,0.0,0.7821483036105493,0.821931353761717,0.0,0.0502138797873863,0.0,0.3684732565355482,0.0,0.6724900264217415,0.0,0.745361967443771,0.3009087495191588,0.079115105944852,0.2942340324703295,0.0,0.0,0.4445211812527518,0.3825976967904186,0.0,0.0,0.0,0.0,0.0,0.593955403988507,0.2754937554200663,0.5015191839930903,0.0,0.0,0.0,0.0,0.0,0.5414198911211375,0.0,0.0,0.0,0.0,0.0,0.0,0.0,0.3206251337064318,0.0,0.3561648205623897,0.0,0.0,0.0,0.8172981624122052,0.5641334431591616,0.7558875786620877,0.0,0.5976681277367865,0.0,0.7667635664623352,0.0,0.6103731261504886,0.8838148046286348,0.6985461516185617,0.0,0.0,0.0,0.0,0.6449928591855512
0.0,0.7573759132778435,0.0,0.0,0.0,0.73335546066652,0.0518872589919382,0.0800283999847138,0.0,0.6430103151695421,0.0,0.6775194225134634,0.5427628358317227,0.0,0.0439622763539627,0.0,0.787456208049216,0.6819037998537784,0.0,0.2376354698593767,0.0,0.2465358194893174,0.1364631097886362,0.8467834462451063,0.745361967443771,0.0,0.2027019291401578,0.1536002835310085,0.2560167828922112,0.0,0.0,0.4725098379124814,0.2899749416946057,0.0,0.0,0.0,0.0,0.0,0.5578550103966171,0.2933671958295054,0.3538931952786849,0.0,0.0,0.0,0.2482586481347839,0.0,0.5135992654381478,0.0,0.0,0.0,0.0,0.0,0.0,0.0,0.3833322473647902,0.0,0.6030590515398742,0.0,0.0,0.0410390834930595,0.4921455454583643,0.522863963766988,0.557362807913365,0.0,0.5333471233104349,0.0,0.5151631915427077,0.02910288516121,0.771961217325126,0.6043288113294064,0.8091634812203329,0.2221820323745346,0.0,0.234531787585841,0.0,0.5139125913938928
0.1249771031009535,0.3425817612667494,0.6416341426055967,0.0,0.1046433852981184,0.5684980808588567,0.248671090388595,0.2220481035153788,0.6890567459760303,0.3589589996119428,0.5150038576456641,0.0,0.2577969745405694,0.0253574232352416,0.6056145827588466,0.1969095971588619,0.0,0.1391679838766684,0.5178845537625908,0.4098348957836569,0.1028232054378642,0.4308381715386751,0.4692733776609079,0.0926186617689285,0.3009087495191588,0.2027019291401578,0.0,0.100462718689936,0.4833726331462335,0.1225848212420567,0.0,0.1135901211842503,0.0625389495572531,0.0,0.0,0.0,0.0,0.0,0.0697851208830861,0.0,0.0,0.0,0.043106110843571,0.0,0.0,0.0,0.2633057688393455,0.5544157979386795,0.0,0.0,0.573383333591161,0.2539026197465474,0.1393794285940989,0.6985600605608124,0.0,0.5117399751694373,0.0,0.2696599450667536,0.0596653437668013,0.580014462926697,0.0,0.0,0.0,0.5529116744719151,0.5052658634966933,0.1610870176161331,0.3576140908233506,0.5217535673644621,0.0,0.0,0.1936449777407194,0.6832086587382781,0.1309203115265637,0.4601744474139443,0.0240356704680879,0.0395845757021254
0.5303547304418784,0.2337484576092842,0.0142683796363879,0.0,0.0,0.201795598396574,0.4199814858676504,0.3043714126308409,0.2240385131458006,0.3283272145508909,0.0730095611431186,0.1159037479173484,0.5846303771148452,0.0,0.2089306805385559,0.3761216630140722,0.0,0.0961980678182531,0.0751235558274809,0.308221815235771,0.251402231092816,0.2562360302868481,0.3069710195461573,0.0570900935357651,0.079115105944852,0.1536002835310085,0.100462718689936,0.0,0.2900350364792582,0.3959890201425219,0.4721566450219732,0.0,0.1100594752955217,0.2151892013201691,0.0805825286583686,0.2411126691399908,0.278157783821942,0.0783211883592279,0.0,0.0,0.0,0.0,0.2152750267729211,0.0,0.0,0.0,0.0,0.0,0.0,0.0,0.175477548510478,0.0,0.2988598135075228,0.0,0.0,0.0,0.0,0.0,0.0,0.1266151088075713,0.0,0.0,0.0,0.0,0.0,0.3168508678081715,0.0,0.3427477690996591,0.0,0.0,0.0,0.0,0.2963031738603311,0.0,0.0,0.0779581486746994
0.3701581676491065,0.4084974404569356,0.0,0.0,0.0,0.4225251495254279,0.3129656434273085,0.0391006280655786,0.3118369266524557,0.0,0.0,0.0,0.4768863082963122,0.0,0.5010721339732297,0.1858742013206917,0.0,0.2402592591683936,0.0,0.2859107984171442,0.3288799276201763,0.4680448505673549,0.2596459348874946,0.0,0.2942340324703295,0.2560167828922112,0.4833726331462335,0.2900350364792582,0.0,0.1633793212475765,0.3016678514018657,0.3615181979509109,0.3906839483007715,0.0782994992630326,0.0,0.0,0.0,0.0,0.218895634909388,0.0,0.3081919792677122,0.0398579184557529,0.0,0.0,0.0,0.0,0.1963512190196695,0.0,0.0,0.0,0.1547607375846091,0.0,0.0231269807914452,0.0,0.0,0.0,0.0,0.2428028789649635,0.0,0.3962563587064531,0.0,0.0,0.0,0.0,0.3326310614515833,0.2597394658871347,0.3300702062796992,0.2461606067607838,0.0,0.0,0.1769657483720749,0.4141513666690104,0.334604542118407,0.4949173579646538,0.0,0.346843395268134
0.0,0.0,0.1286868572966283,0.0,0.0,0.1062655951459268,0.0,0.0,0.1364016109187339,0.0,0.0,0.0,0.2667146969054341,0.0,0.0,0.055737344773865,0.0,0.0,0.0,0.2595924196074261,0.0,0.3391263969005058,0.0,0.0,0.0,0.0,0.1225848212420567,0.3959890201425219,0.1633793212475765,0.0,0.0532447451403811,0.1332535535216936,0.0,0.0,0.0,0.0,0.0,0.0,0.2270038262551224,0.0,0.0,0.0,0.0,0.0,0.0,0.0,0.0,0.0,0.0,0.0,0.0,0.0,0.0,0.0,0.0,0.0,0.0,0.0,0.0,0.0,0.0,0.0,0.0,0.0,0.160883441223517,0.0,0.0,0.0502872137391345,0.0,0.0,0.0,0.1217466419631082,0.0,0.0,0.0,0.0
0.6281738288543045,0.0,0.0,0.0,0.0,0.0,0.3619438243757019,0.4043970191758693,0.0,0.0,0.0,0.0,0.166182625082662,0.0,0.1710191446079472,0.4602433514957887,0.0,0.0,0.0,0.2060052662197332,0.5177553634341111,0.1178513635802923,0.3060645517232996,0.0,0.0,0.0,0.0,0.4721566450219732,0.3016678514018657,0.0532447451403811,0.0,0.0,0.0,0.6311655923888586,0.4752276140991729,0.4053274820368859,0.3536768768233057,0.1569889562058803,0.0,0.1959402931693174,0.0,0.0,0.0,0.0,0.0,0.4920694497704052,0.0,0.0,0.0,0.0,0.0,0.0,0.2976623938948863,0.0,0.056272263861204,0.0,0.0,0.0,0.0,0.2341467023988852,0.0,0.0,0.0,0.0,0.0,0.5842438522426195,0.0,0.318058707755168,0.0,0.0,0.0,0.0,0.0,0.0,0.0,0.0
0.0,0.364379434174043,0.0,0.0,0.0,0.3109073054870679,0.0,0.0,0.0950266693274927,0.181067243043288,0.1716199766319043,0.2645061721343344,0.2129680996834843,0.0,0.1347020766160591,0.0,0.428436491904564,0.3971759435412336,0.2826510552392837,0.1416272485301263,0.0649751226582855,0.3398563903518039,0.0,0.4076579498843081,0.4445211812527518,0.4725098379124814,0.1135901211842503,0.0,0.3615181979509109,0.1332535535216936,0.0,0.0,0.4206288857426081,0.0,0.0,0.0,0.0,0.0,0.6360364184353589,0.2477144749910557,0.4254822059957421,0.0,0.1512836448394724,0.03923432724426,0.0,0.0573507534078682,0.1426447572449196,0.2027849101985237,0.0,0.0,0.1942911646562302,0.0,0.0,0.0,0.0,0.0387493495062081,0.1483782282444195,0.123621704761643,0.0,0.0448412594456172,0.5292093408949068,0.0,0.402255154247752,0.3373886004581956,0.4461454048146895,0.0,0.536459052150208,0.0,0.4451770375667733,0.3517217366594504,0.3169287474363704,0.3457101530895795,0.3623737121664007,0.3833875632126727,0.0,0.5755319764597588
0.0250471156460488,0.364815860986648,0.0,0.0,0.0,0.2263498927313912,0.0,0.0,0.0593459078660744,0.2095502948014895,0.0476817953923426,0.1100072196694609,0.223545368863628,0.0,0.2742882577029915,0.0,0.27567108359642,0.3360020357511742,0.0,0.0923920226799408,0.164620551984332,0.3254820633980689,0.0,0.2231986712463981,0.3825976967904186,0.2899749416946057,0.0625389495572531,0.1100594752955217,0.3906839483007715,0.0,0.0,0.4206288857426081,0.0,0.0,0.0,0.0,0.0,0.0055455521683833,0.5044761284618641,0.3293505003642876,0.4211846411147704,0.0,0.0,0.0,0.0786450768768089,0.0951786390620825,0.1612065512471406,0.0,0.0,0.0,0.0,0.0,0.0,0.0,0.0,0.0,0.0855056817469141,0.0,0.0,0.1244453070398838,0.4328979393927457,0.1873750580606476,0.3391304151017906,0.0,0.2631351724467788,0.0291221975684067,0.4864691430152632,0.0,0.1927966696518064,0.3189176865080225,0.2604740259545075,0.152599727073571,0.0,0.3306275536557469,0.0,0.4966077261920081
0.3883536030485227,0.0,0.0,0.556968000894539,0.0,0.0,0.2766137069243733,0.2769238966847502,0.0,0.0,0.0,0.0,0.0,0.072511175416559,0.0226601355923238,0.2646820873496817,0.0,0.0,0.0,0.0831530879926468,0.3671759923366873,0.0,0.0430900658189162,0.0,0.0,0.0,0.0,0.2151892013201691,0.0782994992630326,0.0,0.6311655923888586,0.0,0.0,0.0,0.7065860958102713,0.3719490393592003,0.2300688259610943,0.3130598177907583,0.0,0.0693728369488425,0.0,0.4314657199478814,0.0,0.0,0.0,0.3206227905224554,0.0,0.0,0.0,0.0,0.0,0.0,0.140195492379713,0.0,0.0,0.0,0.0,0.0,0.0,0.0,0.0,0.0,0.0,0.0,0.0,0.4218932732405892,0.0,0.0,0.0,0.0,0.0,0.0,0.0,0.0,0.0,0.0
0.3722846477526676,0.0,0.0,0.5817015920629164,0.0313007988099565,0.0,0.2640075892950582,0.3213633995173305,0.0,0.0,0.0,0.0,0.0,0.0,0.0,0.2619988854409918,0.0,0.0,0.0,0.0,0.3925887054132717,0.0,0.1649499020493685,0.0,0.0,0.0,0.0,0.0805825286583686,0.0,0.0,0.4752276140991729,0.0,0.0,0.7065860958102713,0.0,0.3343590522266796,0.3180078746120834,0.2824858453103732,0.0,0.0,0.0,0.4832741992874838,0.0,0.0350492730684006,0.0,0.0,0.0,0.0,0.0,0.0,0.0,0.0,0.0,0.0,0.0,0.0,0.0,0.0,0.0,0.0202199451216594,0.0,0.0,0.0,0.0,0.0,0.4247281974359636,0.0,0.1400635420945054,0.0,0.0,0.0,0.0,0.0,0.0,0.0,0.0
0.0,0.0,0.0,0.2893208842165329,0.0122014254400577,0.0,0.1444102903947506,0.2632662252700189,0.0,0.0,0.0,0.0,0.0,0.0320623505122706,0.0,0.0,0.0,0.0,0.0,0.0874431222977793,0.2051072633989896,0.0,0.0849586092763755,0.0,0.0,0.0,0.0,0.2411126691399908,0.0,0.0,0.4053274820368859,0.0,0.0,0.3719490393592003,0.3343590522266796,0.0,0.474887766376822,0.312916480311309,0.0,0.0762302881413101,0.0,0.187284545203104,0.1481418694868005,0.2143895976195045,0.0,0.0,0.0,0.0,0.0,0.0,0.0,0.0934922310821464,0.2369238276550473,0.0,0.0,0.0,0.1078075490168107,0.0,0.0063674369660033,0.0,0.0,0.0,0.0,0.0,0.0,0.0,0.0,0.0293487184027023,0.0,0.0,0.0,0.0,0.0,0.0,0.0,0.0
0.0,0.0,0.0,0.2495111103008244,0.0,0.0,0.2092283562626861,0.1338851994508362,0.0,0.0,0.0,0.0,0.098748155567155,0.0,0.0,0.0,0.0,0.0,0.0,0.0,0.0,0.0,0.070406582404159,0.0,0.0,0.0,0.0,0.278157783821942,0.0,0.0,0.3536768768233057,0.0,0.0,0.2300688259610943,0.3180078746120834,0.474887766376822,0.0,0.0,0.0,0.0,0.0,0.1458151652108419,0.0,0.0,0.0,0.0,0.0,0.0,0.0,0.0,0.0,0.0,0.0,0.0,0.0,0.0,0.0,0.0,0.0,0.0,0.0,0.0,0.0,0.0,0.0,0.0,0.0,0.0,0.0,0.0,0.0,0.0,0.0,0.0,0.0,0.0
0.0,0.0,0.0,0.0,0.0,0.0,0.1262486103865394,0.0,0.0,0.0,0.0,0.0355568429211181,0.0,0.0,0.0,0.0,0.0,0.0,0.0,0.0,0.0,0.0,0.0,0.0,0.0,0.0,0.0,0.0783211883592279,0.0,0.0,0.1569889562058803,0.0,0.0055455521683833,0.3130598177907583,0.2824858453103732,0.312916480311309,0.0,0.0,0.0,0.05346745413269,0.0,0.0771534538299988,0.0,0.0,0.1678657295508921,0.0,0.0,0.0,0.0,0.0,0.0,0.0,0.0,0.0,0.0,0.0,0.0450186542920729,0.0,0.0,0.0,0.0,0.0,0.0,0.0,0.0,0.0,0.0,0.0,0.0,0.0,0.0,0.0,0.0,0.0,0.0,0.0
0.0,0.3843846978875967,0.0037101261237852,0.0,0.0,0.3312054412361975,0.0,0.0,0.1131594145895699,0.25378129780078,0.2127075143124565,0.3074880314087782,0.2064938212031213,0.0,0.0764948156557218,0.0,0.0,0.5499116154324174,0.3867128098657507,0.0809763422257944,0.0,0.2657419765155971,0.0,0.5478455841423304,0.593955403988507,0.5578550103966171,0.0697851208830861,0.0,0.218895634909388,0.2270038262551224,0.0,0.6360364184353589,0.5044761284618641,0.0,0.0,0.0,0.0,0.0,0.0,0.1820274457018543,0.6055769368291268,0.0,0.2621301185394094,0.0,0.0084817017042879,0.0,0.3177293361089913,0.349862079019791,0.0,0.1514898362445398,0.2880885688797174,0.0,0.0,0.0,0.0,0.2502899246730788,0.2042954548119106,0.3944897301788558,0.2243934961059522,0.0,0.6795095247378796,0.3618210170655589,0.6398746688764186,0.5100668050639268,0.565568287237131,0.0,0.7460794298731377,0.0,0.5695132318309452,0.5666312327627795,0.4741255974497379,0.4781127200311897,0.5818584227072141,0.4753357430764361,0.4887205692480896,0.6881619120513821
0.3471488603258528,0.3979310871983224,0.0,0.0,0.0,0.0,0.0,0.0,0.0,0.2430193451373162,0.0,0.1300956063445368,0.0,0.0,0.2249277971968103,0.187653230730465,0.1382242338677865,0.2412857469736329,0.0,0.2274294902530457,0.2352987572869092,0.3077257741636746,0.1856776178831037,0.2037532266335155,0.2754937554200663,0.2933671958295054,0.0,0.0,0.0,0.0,0.1959402931693174,0.2477144749910557,0.3293505003642876,0.0693728369488425,0.0,0.0762302881413101,0.0,0.05346745413269,0.1820274457018543,0.0,0.1845919570657287,0.0,0.0459848006512104,0.1397477953508642,0.3285036755381396,0.2393988958174112,0.3960260634812922,0.0,0.0,0.0810799266015461,0.234703017110526,0.1705119491138498,0.2009976139158122,0.2230740583604852,0.1584030687342356,0.1655022863841602,0.1736756554061837,0.2895953442659559,0.0,0.1723608351769713,0.292093075838479,0.2119290117306641,0.3044406033166035,0.0,0.1170473742153696,0.3244652509347043,0.2231980537671921,0.1951669484438225,0.1681762785341773,0.3032776830218099,0.3506178458353919,0.1034171870875408,0.2840380427631142,0.2555847020381167,0.1483232921534374,0.2381737197556195
0.0,0.1458977328055658,0.0,0.0,0.0,0.1812375852388624,0.0,0.0,0.0,0.1720232397756301,0.0,0.0853903137274617,0.0,0.0,0.1068787568843716,0.0,0.4063432002719891,0.3792404285479431,0.0,0.0,0.0,0.247118627438435,0.0,0.3242514567829105,0.5015191839930903,0.3538931952786849,0.0,0.0,0.3081919792677122,0.0,0.0,0.4254822059957421,0.4211846411147704,0.0,0.0,0.0,0.0,0.0,0.6055769368291268,0.1845919570657287,0.0,0.0,0.2655156422722456,0.0,0.0338146771875195,0.0,0.1338147286161584,0.191736640566403,0.0,0.231298132930084,0.0182316242624164,0.0,0.0,0.0,0.0,0.3169581948378183,0.0538666486937378,0.189799611882483,0.1473100453345898,0.0575555352038747,0.5633173814314046,0.2404385971200878,0.4865247501993862,0.4781733878369985,0.4220435555157267,0.0,0.7124334767153541,0.0,0.3380290124844599,0.4801175459684449,0.2678670581252505,0.2869432233254785,0.534941779459009,0.3744249398358243,0.4959027714478284,0.634167090930762
0.0,0.0,0.0,0.0,0.0,0.0,0.0,0.0,0.0,0.0,0.0,0.0,0.0,0.0,0.0,0.0745461914806665,0.0,0.0,0.0,0.0,0.2582968488279553,0.0,0.0203166422172116,0.0,0.0,0.0,0.0,0.0,0.0398579184557529,0.0,0.0,0.0,0.0,0.4314657199478814,0.4832741992874838,0.187284545203104,0.1458151652108419,0.0771534538299988,0.0,0.0,0.0,0.0,0.0,0.0060485271024776,0.0,0.2095283856459646,0.0,0.0,0.1012338432382242,0.0,0.0,0.0,0.0,0.0,0.0,0.0,0.0,0.0,0.0,0.0,0.0,0.0,0.0,0.0,0.0,0.2846720834663946,0.0,0.0,0.0,0.0,0.0,0.0,0.0,0.0,0.0,0.0
0.0,0.0,0.1045729397474595,0.0,0.0,0.256617719814357,0.0,0.0192959030669427,0.1734297590585424,0.0,0.0913049798052812,0.0,0.2558439071393991,0.0,0.0,0.0,0.0,0.0,0.2233923311313204,0.0,0.0,0.0,0.0229689763247977,0.0,0.0,0.0,0.043106110843571,0.2152750267729211,0.0,0.0,0.0,0.1512836448394724,0.0,0.0,0.0,0.1481418694868005,0.0,0.0,0.2621301185394094,0.0459848006512104,0.2655156422722456,0.0,0.0,0.1515130242330046,0.0926752714529032,0.0,0.0,0.1755904097854626,0.1939361811855608,0.2035171680419755,0.0397625907787498,0.1254588183988552,0.1513465091465073,0.0705126573042645,0.0,0.2118498259196864,0.2010099839273992,0.195347080909522,0.2248785061508571,0.0277056140755283,0.0,0.1007399475403484,0.0,0.2699616494741488,0.1539140145542905,0.0,0.2628573779361007,0.0308315017877351,0.2622759877513652,0.1677247762606202,0.245962177223224,0.0,0.3628215412830917,0.0,0.0,0.3344204153667893
0.0,0.0,0.0,0.0,0.0,0.0,0.0,0.0,0.0,0.0,0.0,0.0,0.0,0.0,0.0,0.0,0.0,0.0,0.0,0.0,0.0,0.0,0.0,0.0,0.0,0.0,0.0,0.0,0.0,0.0,0.0,0.03923432724426,0.0,0.0,0.0350492730684006,0.2143895976195045,0.0,0.0,0.0,0.1397477953508642,0.0,0.0060485271024776,0.1515130242330046,0.0,0.1698076173761607,0.0,0.0,0.0,0.1696514990614903,0.0,0.0,0.0422284166462653,0.2150081012972382,0.0,0.1224255090652118,0.0,0.1548427179714135,0.0233351081649823,0.0670617765611427,0.0,0.0,0.0,0.0,0.0,0.0,0.0,0.0,0.0,0.0,0.0,0.0,0.0,0.0105422285978918,0.0,0.0,0.0128131123376523
0.0,0.0,0.0,0.0,0.0,0.0,0.0,0.0,0.0,0.1625783919103757,0.0,0.1793335852062049,0.0,0.0,0.0,0.0,0.0,0.0,0.0,0.0,0.0,0.0,0.0,0.2253549443675552,0.0,0.2482586481347839,0.0,0.0,0.0,0.0,0.0,0.0,0.0786450768768089,0.0,0.0,0.0,0.0,0.1678657295508921,0.0084817017042879,0.3285036755381396,0.0338146771875195,0.0,0.0926752714529032,0.1698076173761607,0.0,0.0529067654482313,0.0,0.0,0.0,0.0,0.0,0.0,0.0,0.0709885914302058,0.1111174616874404,0.1513748648422552,0.2407948900540416,0.0974382420880078,0.0,0.0,0.0,0.1240822465203005,0.0,0.0,0.0,0.0,0.0,0.0,0.2065869663518001,0.1130857522906502,0.2646302797983274,0.0,0.1368960767891919,0.0,0.0,0.122376805113123
0.6938963868203347,0.0466900308103572,0.0,0.0,0.0,0.0,0.0,0.0,0.0,0.0,0.0,0.0,0.0,0.0,0.0,0.3389736641087598,0.0,0.0,0.0,0.0,0.4945450255164182,0.0513812373363671,0.0,0.0,0.0,0.0,0.0,0.0,0.0,0.0,0.4920694497704052,0.0573507534078682,0.0951786390620825,0.3206227905224554,0.0,0.0,0.0,0.0,0.0,0.2393988958174112,0.0,0.2095283856459646,0.0,0.0,0.0529067654482313,0.0,0.1081258502728353,0.0,0.0,0.0,0.0,0.0,0.3498586069873005,0.0,0.0,0.0,0.0,0.0873475801935158,0.0,0.2852250537285676,0.0,0.0,0.0,0.0,0.0,0.5859861989407578,0.0,0.3224377435628076,0.0,0.0,0.0,0.0,0.0,0.0,0.0,0.071130308359594
0.1541945906494544,0.6236768788366452,0.0,0.0,0.0,0.0,0.0,0.0,0.0,0.0,0.0,0.0,0.0,0.0,0.0910952383325202,0.2092265139527843,0.0,0.3650805027087139,0.0,0.1416596200433847,0.0992886112242109,0.2073438025651778,0.3031891369784173,0.0,0.5414198911211375,0.5135992654381478,0.2633057688393455,0.0,0.1963512190196695,0.0,0.0,0.1426447572449196,0.1612065512471406,0.0,0.0,0.0,0.0,0.0,0.3177293361089913,0.3960260634812922,0.1338147286161584,0.0,0.0,0.0,0.0,0.1081258502728353,0.0,0.0,0.0,0.0,0.5996905124082486,0.2359839677964919,0.3322919666822605,0.4014533635889884,0.5289279721042797,0.0,0.0,0.6677055849820493,0.0,0.173662921109252,0.481782153258477,0.5666497076869297,0.4814874704856645,0.0,0.1700968440789563,0.1078661292788102,0.3416398422414236,0.4043838982792798,0.0,0.663285034551194,0.808368193468249,0.2064885344451039,0.3466364217169343,0.3442394920807044,0.0,0.2664273202362167
0.0,0.0,0.7769516672099133,0.0,0.3141246519342729,0.3689543297568444,0.0,0.0,0.6098187717798081,0.0,0.6049156479668989,0.0,0.1941954888228394,0.0,0.0,0.0,0.0,0.0,0.4835949123950846,0.0,0.0,0.0,0.0,0.0,0.0,0.0,0.5544157979386795,0.0,0.0,0.0,0.0,0.2027849101985237,0.0,0.0,0.0,0.0,0.0,0.0,0.349862079019791,0.0,0.191736640566403,0.0,0.1755904097854626,0.0,0.0,0.0,0.0,0.0,0.0,0.3180247984454644,0.3786385527731418,0.0497843572044499,0.0,0.5999424128933335,0.0,0.6860136976688569,0.0,0.2832974703063907,0.2158001031933623,0.0,0.0,0.0,0.0,0.7056553453348573,0.0,0.0,0.0,0.0383156537155268,0.0,0.0,0.0,0.5558259148166558,0.4391643651067847,0.3829747339180249,0.4178966497108677,0.3843003128698342
0.0,0.0,0.0,0.0,0.0,0.0,0.0,0.0,0.0,0.0,0.0,0.0,0.0,0.0,0.0,0.0,0.0,0.0,0.0,0.0,0.0,0.0,0.0,0.0,0.0,0.0,0.0,0.0,0.0,0.0,0.0,0.0,0.0,0.0,0.0,0.0,0.0,0.0,0.0,0.0,0.0,0.1012338432382242,0.1939361811855608,0.1696514990614903,0.0,0.0,0.0,0.0,0.0,0.2633451732785327,0.0,0.2432026751096774,0.0720020976421826,0.0,0.0,0.0,0.0,0.12216844007899,0.2346870177540582,0.0,0.0,0.0,0.0,0.0,0.0,0.0,0.0,0.0,0.0,0.0,0.0,0.0,0.0967739983586135,0.0,0.0,0.0041931725456148
0.0,0.0,0.191166253751146,0.0,0.0,0.0,0.0,0.0,0.0,0.0,0.1143996418026068,0.0,0.0,0.0,0.0,0.0,0.0,0.0,0.0,0.0,0.0,0.0,0.0938323379879791,0.0,0.0,0.0,0.0,0.0,0.0,0.0,0.0,0.0,0.0,0.0,0.0,0.0,0.0,0.0,0.1514898362445398,0.0810799266015461,0.231298132930084,0.0,0.2035171680419755,0.0,0.0,0.0,0.0,0.3180247984454644,0.2633451732785327,0.0,0.2645132379079109,0.6565293964747131,0.0,0.3029050725673531,0.2600601660938971,0.3770845708813845,0.2408679236991534,0.541734854289887,0.4086927537229386,0.0,0.0,0.0,0.0,0.3077112798101227,0.0,0.0,0.0,0.1794656609159602,0.0,0.0,0.0,0.2353866405799529,0.3314365500915383,0.0,0.0,0.2753525078470995
0.0,0.0,0.388389905117091,0.0,0.0,0.6941866547517723,0.3001271701169907,0.374990477292023,0.5947061514126378,0.0,0.382747182859592,0.0,0.4328029159613835,0.0,0.3556572740912392,0.0,0.0,0.0,0.3813955710515418,0.228892805093304,0.1041993150993165,0.1897342902408678,0.5814781515727107,0.0,0.0,0.0,0.573383333591161,0.175477548510478,0.1547607375846091,0.0,0.0,0.1942911646562302,0.0,0.0,0.0,0.0,0.0,0.0,0.2880885688797174,0.234703017110526,0.0182316242624164,0.0,0.0397625907787498,0.0,0.0,0.0,0.5996905124082486,0.3786385527731418,0.0,0.2645132379079109,0.0,0.3235102544046985,0.4879118112590115,0.6288648066627895,0.4708707548136581,0.4490246085535962,0.0,0.6635832659909213,0.2540351125181907,0.4512190587346297,0.3708634899978291,0.4169199492830184,0.2479625947847146,0.561927357904052,0.362795948775893,0.1278410726143263,0.3173681357211136,0.7294867602580148,0.0,0.3899450408894064,0.5891362502533958,0.5191810643010936,0.1771495596388302,0.4590612178221454,0.1493189724699579,0.0378274330409066
0.0,0.0,0.0,0.0,0.0,0.0252844573617853,0.0,0.0997711286268595,0.0,0.0,0.0823244685886584,0.0,0.0,0.0,0.0,0.0,0.0,0.0,0.0,0.0,0.0,0.0,0.2204651026902418,0.0,0.0,0.0,0.2539026197465474,0.0,0.0,0.0,0.0,0.0,0.0,0.0,0.0,0.0934922310821464,0.0,0.0,0.0,0.1705119491138498,0.0,0.0,0.1254588183988552,0.0422284166462653,0.0,0.0,0.2359839677964919,0.0497843572044499,0.2432026751096774,0.6565293964747131,0.3235102544046985,0.0,0.139519821535352,0.4279836414472264,0.2810892858672277,0.1894625891651167,0.0682208698808265,0.5400689418865916,0.2465920108216017,0.0,0.0802390566672855,0.2127382294938559,0.1154816245367755,0.1169701188162973,0.0,0.0,0.0,0.3837940076799709,0.0,0.0970774068364858,0.0609135811108948,0.1293308035214213,0.1064517901786278,0.1609505461515513,0.0,0.0
