0.0,0.3804921164099477,0.0,0.0,0.0,0.3738990661167897,0.0,0.2608876741621483,0.0,0.211368592526152,0.0,0.173338361444111,0.0,0.0,0.3378333003854606,0.4049655920988405,0.2638304983330816,0.3659964852421205,0.0,0.354113152096986,0.5016533954935881,0.4256089102365865,0.4087565385872261,0.2196519306759327,0.3617512594295188,0.4064922766789391,0.4208801637843885,0.3544779959202249,0.3598358719770445,0.0,0.430196208562983,0.1733599885239346,0.1482814649695656,0.1856465045109002,0.0,0.0,0.0,0.1110078985204272,0.1265792894540349,0.06360750401312,0.0403193116707389,0.0,0.0,0.0,0.0,0.5678775975660688,0.4242740127285456,0.0,0.0,0.0,0.0,0.0,0.0,0.0,0.2442734588185351,0.0,0.0,0.0,0.0,0.0,0.4456530527524452,0.0,0.3908986248164385,0.0,0.0,0.4724676792898358,0.4035510229307016,0.4093088727388708,0.136897770299458,0.4214071966998741,0.4430072909767389,0.0,0.0,0.0,0.0,0.3839309632900399
0.3804921164099477,0.0,0.0,0.0,0.0740697247371942,0.5108668644394042,0.0,0.0870423735194407,0.2203950697174757,0.0,0.0,0.0,0.2757756626164737,0.0,0.3091291325224259,0.5065053229609063,0.0,0.4964279200293657,0.0,0.5065637271464096,0.4805287167253842,0.5225392416776939,0.3486833339328269,0.0,0.4997623118061164,0.501288176472085,0.4726015939330437,0.5327612481319977,0.5898252452531757,0.0,0.4379894854160701,0.3022774367751392,0.0,0.0,0.0,0.0,0.0,0.0,0.2814065999452476,0.0,0.0,0.0,0.0,0.0,0.0,0.3520365049830507,0.471111081682352,0.0,0.0,0.0,0.1232732126523438,0.0,0.0,0.0,0.0,0.0,0.0,0.0,0.0,0.1830427822280173,0.5025938726925963,0.0,0.4106264221406737,0.0,0.3959129745698578,0.4460752981169726,0.4475699451618974,0.3363936176994901,0.0,0.5301394111736477,0.4545810989003895,0.3169196671540939,0.0,0.0400236203224751,0.0,0.4196406409944176
0.0,0.0,0.0,0.0467829795242713,0.2057348001117014,0.1360993015503678,0.1340617430694837,0.3557056376181164,0.3573138719899626,0.0907805666039476,0.4218448812403409,0.0,0.1709146613660884,0.064397418274804,0.0,0.0,0.0,0.0,0.371043231549277,0.0,0.0,0.0,0.3847285704939427,0.0,0.0,0.0,0.307097959877309,0.1620456705948981,0.0328497080734513,0.2434867521134117,0.1176854772528493,0.0592154792316601,0.0,0.0975106980882273,0.0,0.1241988187557353,0.2139588328350211,0.0,0.0,0.0,0.0,0.0,0.063620660002249,0.0,0.0,0.0,0.0,0.4886008408439207,0.0,0.3431184678737638,0.2806063711034225,0.3108537811005148,0.2673478050550902,0.4358442186387178,0.0,0.425594564587421,0.0,0.3141740304855958,0.1448725810332468,0.0,0.0,0.0,0.0,0.3448969744926146,0.0,0.0,0.0,0.3374945220202514,0.0,0.0,0.0,0.2646590675566136,0.0,0.0,0.0,0.0
0.0,0.0,0.0467829795242713,0.0,0.4943336443838827,0.1698627024522135,0.4373213982817536,0.0726807064453757,0.4327601412565402,0.5087070588665679,0.3387527540204376,0.4289719828213035,0.4074434614611192,0.3330203523289727,0.0,0.0,0.0,0.0,0.2021092881587334,0.0068512085825952,0.0,0.0417991774271391,0.1194205101310232,0.0,0.0,0.0,0.1786617609486996,0.3790043803065458,0.0,0.0,0.4424634670163107,0.0,0.0,0.0470236505650959,0.0,0.4270679406997536,0.3424229783275475,0.0,0.0,0.0,0.0,0.0,0.0,0.0,0.0,0.0,0.0,0.0,0.0,0.0,0.0,0.0,0.0,0.0,0.0,0.0,0.0,0.0,0.0,0.0,0.0,0.0,0.0,0.0,0.0,0.0,0.0,0.0,0.0,0.0,0.0,0.0,0.0,0.0,0.0,0.0
0.0,0.0740697247371942,0.2057348001117014,0.4943336443838827,0.0,0.0787924545786755,0.6151078993067348,0.1744816442835156,0.5814987838473045,0.6273618748985812,0.5647278020526141,0.6023503781897741,0.5206235047569756,0.5612588344927909,0.0,0.0,0.0,0.0,0.1976391770897692,0.0,0.0,0.0,0.1082768213776589,0.0,0.0132157460214808,0.3584547546669362,0.0930286227819682,0.365415452263216,0.0,0.0,0.4051210371396853,0.0,0.0188550727885068,0.1237834382600577,0.1276515191816627,0.4455403685945178,0.5304817908502619,0.0,0.0,0.0,0.0,0.0,0.0,0.0,0.0,0.0,0.0,0.3185030372962549,0.0,0.0,0.0,0.0,0.1408627293373231,0.3280559769663483,0.0,0.4109127549202286,0.0,0.0,0.0,0.0,0.0,0.0,0.0,0.1137980932444296,0.0,0.0,0.0,0.1687452651807992,0.0,0.0,0.0,0.0,0.0,0.0,0.0,0.0
0.3738990661167897,0.5108668644394042,0.1360993015503678,0.1698627024522135,0.0787924545786755,0.0,0.0,0.2436456530351563,0.2403164747680036,0.0235595138643844,0.0,0.0,0.0968316365368023,0.0,0.3740828616746512,0.4190295993763281,0.0,0.3006485349590082,0.2759246222622398,0.5363092702541469,0.4733244924353705,0.5081153262684067,0.515211444450109,0.0,0.2666540188444363,0.2955294627446031,0.5723827170773782,0.437027436418091,0.607301899155307,0.1368680302375192,0.2679351666521759,0.3465141052619303,0.0,0.0,0.0,0.2607356199249353,0.1674001868205201,0.0890856859626386,0.3278482335316316,0.0,0.0,0.0,0.5107978171717938,0.0,0.0,0.0,0.0,0.4402679269597481,0.0,0.3257506480353679,0.2950561035335596,0.071576648768005,0.4450357519416426,0.375482360044557,0.0,0.3072447865554585,0.0,0.3214507860140556,0.0,0.2085798692183719,0.0,0.0,0.0,0.3840388795786348,0.407799939346491,0.4078037908404341,0.4084973510878856,0.551059793117177,0.0,0.0,0.3251315313375864,0.4775663351943807,0.5068676243374177,0.1382447756281877,0.0,0.3907101734964167
0.0,0.0,0.1340617430694837,0.4373213982817536,0.6151078993067348,0.0,0.0,0.0696617923581694,0.4583662651152382,0.6019465370350536,0.5249009302914035,0.5888780377991835,0.5308705043018462,0.620685937732009,0.0,0.0,0.2181655063944773,0.0293927614699132,0.0538923020902342,0.0,0.0,0.0,0.0,0.4171935010769968,0.0,0.2776246416963531,0.0,0.2468847251536407,0.0,0.0,0.3248299347396548,0.0,0.0485934300343018,0.1349836671788512,0.2841786271048084,0.3457764698504949,0.4687916361727068,0.0,0.0,0.0,0.0,0.0,0.0,0.0,0.0,0.0,0.0,0.0,0.0,0.0,0.0,0.0,0.0,0.0,0.0,0.0,0.0,0.0,0.0,0.0,0.0,0.0,0.0,0.0,0.0,0.0,0.0,0.0,0.0,0.0,0.0,0.0,0.0,0.0,0.0,0.0
0.2608876741621483,0.0870423735194407,0.3557056376181164,0.0726807064453757,0.1744816442835156,0.2436456530351563,0.0696617923581694,0.0,0.2746055953405934,0.0861983976778823,0.3026946418646019,0.0,0.1610460225098782,0.0382824038788127,0.166746046495216,0.1313013173253502,0.0,0.128682108161254,0.2805714732669432,0.1147494076431937,0.2420573974049316,0.1530256835658168,0.4864095515030384,0.0888892200122149,0.0682140860368449,0.1464108948222141,0.2323136929005116,0.2082129523474675,0.0905818822510768,0.2707697060530483,0.2136512210147296,0.1175337696569917,0.0630506324105574,0.1534746050326681,0.0,0.145329063844189,0.1699735948296951,0.0,0.0190324224628051,0.0,0.1627216886048969,0.0,0.1584194664108517,0.0,0.0,0.0,0.0,0.4007183132432173,0.0,0.3470012330235276,0.2895304934561084,0.2515454843839617,0.5030668047226524,0.3856627312965865,0.0,0.4328736476875102,0.0,0.3612974756888144,0.1523379272068381,0.1941356987401712,0.0,0.0,0.0,0.3092373323976864,0.115389789693777,0.2953014143773708,0.1466030945633358,0.433764197317077,0.0,0.0,0.0,0.1954485961744683,0.2019904949865578,0.2114282019755339,0.0,0.0969805713832757
0.0,0.2203950697174757,0.3573138719899626,0.4327601412565402,0.5814987838473045,0.2403164747680036,0.4583662651152382,0.2746055953405934,0.0,0.5257557212428582,0.5048926894252828,0.4785500601508411,0.4858629390212185,0.3521090677488514,0.0,0.1190464186882504,0.0,0.0,0.3052586715342649,0.0729449992103687,0.0,0.1324337631017253,0.3209085368453878,0.0,0.1697124839598436,0.4221433000164341,0.3299672656658982,0.4144016419352258,0.1490724801613464,0.4853386994940669,0.4679656078932114,0.0,0.0675197003915574,0.0736992550122906,0.0,0.4756131783903172,0.4820361661122034,0.0,0.0,0.0,0.0,0.0,0.1431533130582642,0.0,0.0,0.0,0.0,0.4553625368474825,0.0,0.5374224204290066,0.0,0.5054560912355531,0.3009679728715271,0.545910299351922,0.0,0.4646554859480504,0.0,0.4296322873102756,0.3438685933476479,0.0,0.0,0.0,0.0,0.2610947232263148,0.0,0.0,0.0,0.3419064289965535,0.0,0.0,0.0,0.0838501463129263,0.0,0.0,0.0,0.0
0.211368592526152,0.0,0.0907805666039476,0.5087070588665679,0.6273618748985812,0.0235595138643844,0.6019465370350536,0.0861983976778823,0.5257557212428582,0.0,0.4489299359546526,0.6135695290427199,0.5608509385785028,0.5403433191243376,0.0,0.0,0.4170154298277303,0.2036522191844972,0.0957282951187138,0.0,0.0862582379670414,0.0,0.0348671435636813,0.4488708314986078,0.1975642582976166,0.4590298473186773,0.0463441018658927,0.3793586524663648,0.0,0.0,0.4797014019283844,0.0,0.1263789042619668,0.0761059078177369,0.0911282619847697,0.4675651047224064,0.4762236563082515,0.0,0.0,0.0680400066723836,0.1427387671874701,0.3587097517963227,0.0,0.0,0.2386791451195718,0.0,0.0,0.0,0.0,0.0,0.0,0.0,0.0,0.0,0.627141277326939,0.0,0.4748080059895091,0.2370218731126591,0.0,0.0,0.1917215479754288,0.543503781392815,0.439151383214095,0.0,0.0,0.0,0.0,0.0,0.46084089674813,0.2607019462048761,0.4462826317881133,0.0,0.0,0.0,0.0,0.0414184605927025
0.0,0.0,0.4218448812403409,0.3387527540204376,0.5647278020526141,0.0,0.5249009302914035,0.3026946418646019,0.5048926894252828,0.4489299359546526,0.0,0.4456596769156841,0.426963121684062,0.4916850348997243,0.0,0.0,0.0,0.0,0.3561141087483573,0.0,0.0,0.0,0.1538282500483455,0.2199700939499884,0.0,0.0,0.079938765944799,0.2392811255168029,0.0,0.0,0.2543319909416047,0.0,0.0,0.1593613037550892,0.193620314897676,0.2725564691556056,0.4620598243713692,0.0,0.0,0.0,0.0,0.0,0.0,0.0,0.0,0.0,0.0,0.4194432536304116,0.0,0.4125895744272669,0.0,0.3758749067306509,0.1647922275378414,0.3769296629779464,0.0,0.5194225325493453,0.0,0.299496233351478,0.2504066852621422,0.0,0.0,0.0,0.0,0.2536605716978591,0.0,0.0,0.0,0.1825108475619129,0.0,0.0,0.0,0.0,0.0,0.0,0.0,0.0
0.173338361444111,0.0,0.0,0.4289719828213035,0.6023503781897741,0.0,0.5888780377991835,0.0,0.4785500601508411,0.6135695290427199,0.4456596769156841,0.0,0.4782695968615884,0.0,0.0,0.0,0.2512601989923578,0.0508632877180507,0.0,0.0,0.0371566701509071,0.0,0.0,0.4671647845747453,0.0,0.3407681289255767,0.0,0.2651152573047625,0.0,0.0,0.4298223123146665,0.0,0.1633084374159014,0.1873859566048507,0.2568797780549497,0.3596047888600154,0.4740872253568677,0.0,0.0,0.0899246401034387,0.1550942819704867,0.3997273069743716,0.0,0.0,0.1871672297739809,0.0,0.0,0.0,0.0,0.0,0.0,0.0,0.0,0.0,0.5474464674406043,0.0,0.5377862876378323,0.0,0.0,0.0,0.0,0.4644548658537962,0.3712691129214694,0.0,0.0,0.0,0.0,0.0,0.4737354902306714,0.1326048314525289,0.3542638159627766,0.0,0.0,0.0,0.0,0.0
0.0,0.2757756626164737,0.1709146613660884,0.4074434614611192,0.5206235047569756,0.0968316365368023,0.5308705043018462,0.1610460225098782,0.4858629390212185,0.5608509385785028,0.426963121684062,0.4782695968615884,0.0,0.4145411482625951,0.0,0.0690955289230396,0.4417968116645214,0.3209159938015105,0.0971343948621471,0.0,0.1352599618653317,0.0409065203959927,0.0932284553796782,0.3603412927170134,0.2449769555790729,0.4815793529819013,0.0929235517291996,0.4897020710454821,0.0388366831981314,0.4831793298576482,0.4566784091564843,0.0,0.0348424288987063,0.0271635050850554,0.0440787509438737,0.4374722036743983,0.4198980234064243,0.0525853574252116,0.0,0.0,0.1895360422657626,0.0,0.0,0.0,0.0,0.0,0.0,0.210037092888638,0.0,0.0,0.0,0.0,0.1281785184760762,0.0,0.0,0.0,0.0,0.0,0.0,0.0,0.0,0.0,0.0,0.0,0.0687555051902192,0.0,0.0,0.0895089787738954,0.0,0.0,0.0,0.0,0.0,0.0,0.0,0.0
0.0,0.0,0.064397418274804,0.3330203523289727,0.5612588344927909,0.0,0.620685937732009,0.0382824038788127,0.3521090677488514,0.5403433191243376,0.4916850348997243,0.0,0.4145411482625951,0.0,0.0,0.0,0.0,0.0,0.0,0.0,0.0,0.0,0.0,0.0,0.0,0.0,0.0,0.0942407211505871,0.0,0.0,0.1935564989060224,0.0,0.0,0.1593607322443782,0.0,0.2119863203455731,0.4286889246162489,0.0,0.0,0.0,0.0,0.0,0.0,0.0,0.0,0.0,0.0,0.0208230091687765,0.0,0.0,0.0,0.0,0.0,0.0406473754136897,0.0,0.173261524392946,0.0,0.0,0.0,0.0,0.0,0.0,0.0,0.0,0.0,0.0,0.0,0.0,0.0,0.0,0.0,0.0,0.0,0.0,0.0,0.0
0.3378333003854606,0.3091291325224259,0.0,0.0,0.0,0.3740828616746512,0.0,0.166746046495216,0.0,0.0,0.0,0.0,0.0,0.0,0.0,0.3601081855247647,0.0,0.2209054330756138,0.0,0.5333720364790365,0.4578008107591664,0.5433993360528775,0.3726102370154429,0.0,0.16762141314034,0.1400644161867675,0.4069017874823709,0.2387581953561353,0.3874300877229745,0.0839905480090986,0.1816301031721834,0.2343430753508405,0.0,0.0517840203535163,0.0,0.0649556434717605,0.0,0.0,0.2285257132315888,0.0,0.0,0.0,0.3546951654963005,0.0,0.0,0.3637220636314944,0.243836367576976,0.0,0.0,0.0,0.2572668384515327,0.0,0.308435488487205,0.0,0.0,0.0,0.0,0.0,0.0,0.5933383968954878,0.3199471846046992,0.0,0.0,0.0,0.4700039102493309,0.3711215458842655,0.4402079332914949,0.4050566506270278,0.0,0.2867338189566461,0.1785069904276904,0.4541450750950997,0.4391713289361291,0.3050370194050995,0.0,0.3668846266096306
0.4049655920988405,0.5065053229609063,0.0,0.0,0.0,0.4190295993763281,0.0,0.1313013173253502,0.1190464186882504,0.0,0.0,0.0,0.0690955289230396,0.0,0.3601081855247647,0.0,0.3562766550489294,0.5415625406466389,0.0,0.5016812142935269,0.4177240431407918,0.5446556305234453,0.4101254692197061,0.0,0.4938415158318101,0.3516921652345375,0.4863699101893856,0.318298150326061,0.5008289341417612,0.1367742288581063,0.323910702748056,0.4130093776295697,0.1081728100355873,0.0,0.0,0.0,0.0,0.0,0.401207783982877,0.0573600867377342,0.0,0.0,0.0,0.0,0.0,0.4894658163441617,0.4248766033655357,0.0,0.0,0.0,0.0,0.0,0.0,0.0,0.0,0.0,0.0,0.0,0.0,0.3110451746436929,0.4148863588827048,0.0,0.2724789642381163,0.0,0.4605762856266666,0.4619063738922634,0.4144103787882027,0.0,0.0,0.4254639548309345,0.3221197305194889,0.4067267935690729,0.0,0.0,0.0,0.4732359717900748
0.2638304983330816,0.0,0.0,0.0,0.0,0.0,0.2181655063944773,0.0,0.0,0.4170154298277303,0.0,0.2512601989923578,0.4417968116645214,0.0,0.0,0.3562766550489294,0.0,0.5335208862650782,0.0,0.1973075960929111,0.0,0.2417203089807229,0.0,0.2278868283076419,0.5315578112285071,0.5954006773224034,0.0,0.5424441734847529,0.3448889261464725,0.0,0.5323897465279529,0.102694105912284,0.0541413212843722,0.0,0.0,0.0,0.0,0.1957579813612076,0.0466077377575719,0.0301144329523669,0.0070666545499269,0.0,0.0,0.0,0.0,0.0,0.0,0.0,0.0,0.0,0.0,0.0,0.0,0.0,0.4969607681334587,0.0,0.1169938939426391,0.0,0.0,0.0,0.0,0.5418285639428315,0.4602376423694865,0.0,0.0,0.0,0.0,0.0,0.1884584048880517,0.467299427442113,0.52785447898542,0.0,0.0,0.0,0.0,0.3320840290293097
0.3659964852421205,0.4964279200293657,0.0,0.0,0.0,0.3006485349590082,0.0293927614699132,0.128682108161254,0.0,0.2036522191844972,0.0,0.0508632877180507,0.3209159938015105,0.0,0.2209054330756138,0.5415625406466389,0.5335208862650782,0.0,0.0,0.329877250316324,0.3377826657765547,0.4052706770968063,0.3089087921738431,0.0808083904217109,0.5575555713594811,0.5275716559269389,0.3634670648145731,0.4674719079527848,0.396037690293041,0.3465543569896645,0.4609422894044797,0.2867442660008251,0.151274670743047,0.0,0.0,0.0,0.0,0.0,0.2491386316490628,0.1162050259916378,0.1203431412108709,0.0,0.0,0.0,0.0,0.344435406347192,0.4602413161659398,0.0,0.0,0.0,0.0,0.0,0.0,0.0,0.3096392208474591,0.0,0.0027161306472464,0.0,0.0,0.0,0.4237104828373583,0.3914141340583837,0.4050550937410458,0.0,0.0,0.0,0.43700076250927,0.0,0.0666706023220795,0.4333815510889035,0.4611171355505432,0.0,0.0,0.0,0.0,0.4373482364836343
0.0,0.0,0.371043231549277,0.2021092881587334,0.1976391770897692,0.2759246222622398,0.0538923020902342,0.2805714732669432,0.3052586715342649,0.0957282951187138,0.3561141087483573,0.0,0.0971343948621471,0.0,0.0,0.0,0.0,0.0,0.0,0.0,0.0,0.0,0.3367645904234157,0.0,0.0,0.0,0.2611717866506085,0.2762147010520442,0.0,0.0,0.1980989022032934,0.0908010743655965,0.0,0.0139404035283391,0.0,0.1879851305854202,0.1653776839040454,0.0,0.0632462461090837,0.0,0.0,0.0,0.2188244805798737,0.0,0.0,0.0,0.0,0.4669708271404534,0.0,0.3112667227876236,0.1099547995518826,0.1036669667120573,0.3332266409996137,0.3771532110422921,0.0,0.4391844878387371,0.0,0.0,0.0855824226853443,0.0,0.0,0.0,0.0,0.6130539693630968,0.0,0.0,0.0,0.3735103395402204,0.0,0.0,0.0,0.1758259172043772,0.0,0.0,0.0,0.0
0.354113152096986,0.5065637271464096,0.0,0.0068512085825952,0.0,0.5363092702541469,0.0,0.1147494076431937,0.0729449992103687,0.0,0.0,0.0,0.0,0.0,0.5333720364790365,0.5016812142935269,0.1973075960929111,0.329877250316324,0.0,0.0,0.5124806045192462,0.6424431075429218,0.4187026655498645,0.0,0.3188142034405254,0.2408101434089601,0.5398916484499394,0.3550629416829774,0.6116013608805904,0.0434139270899985,0.2305598294536174,0.4125197481223144,0.0,0.0,0.0,0.1515558893442334,0.014895547221937,0.0,0.4345176666476055,0.0,0.0,0.0,0.0,0.0,0.0,0.0,0.3551150143575555,0.0,0.0,0.0,0.3258576700639382,0.0,0.340733016845219,0.0,0.0,0.0,0.0,0.1937842314003345,0.0,0.4031065221145669,0.0,0.0,0.0,0.0,0.5631015963456749,0.4447684844585745,0.4859432559099945,0.4299709150739973,0.0,0.0,0.2603699997377621,0.5442736007609722,0.5578166990317682,0.2557151266109105,0.0,0.4945592728445282
0.5016533954935881,0.4805287167253842,0.0,0.0,0.0,0.4733244924353705,0.0,0.2420573974049316,0.0,0.0862582379670414,0.0,0.0371566701509071,0.1352599618653317,0.0,0.4578008107591664,0.4177240431407918,0.0,0.3377826657765547,0.0,0.5124806045192462,0.0,0.541086771463124,0.4459011791056945,0.0866569794405284,0.3495733359400162,0.3910556384185883,0.4247421441787655,0.4473906570089656,0.5043694875246474,0.2508282754892748,0.3889078050464716,0.2384516199984075,0.0,0.0,0.0,0.2726267466444577,0.0,0.0,0.1880176277646627,0.0,0.0,0.0,0.0,0.0,0.0,0.4942307857585312,0.3987603714251836,0.0,0.0,0.0,0.1353897925919468,0.0,0.4500028335769375,0.0,0.0,0.0,0.0,0.0,0.0,0.3590594753330198,0.4910582612210134,0.0,0.0,0.0,0.4247728686819456,0.5600842950745029,0.4620922180317253,0.4670610633538822,0.0,0.4510317387916993,0.4130216433101704,0.3630568436972902,0.442218830391395,0.2005175093038925,0.0,0.4330427460357887
0.4256089102365865,0.5225392416776939,0.0,0.0417991774271391,0.0,0.5081153262684067,0.0,0.1530256835658168,0.1324337631017253,0.0,0.0,0.0,0.0409065203959927,0.0,0.5433993360528775,0.5446556305234453,0.2417203089807229,0.4052706770968063,0.0,0.6424431075429218,0.541086771463124,0.0,0.4448265513313091,0.0,0.3668949016754853,0.3163241023620933,0.5469129078099674,0.375471110961696,0.5818066404828585,0.1193076208515243,0.2931939408964631,0.4024712770303859,0.0,0.0,0.0,0.1923514894548277,0.0269293605988465,0.0,0.4078218603057946,0.0,0.0,0.0,0.0,0.0,0.0,0.4789558693017959,0.4099686366878488,0.0,0.0,0.0,0.3178853744972865,0.0,0.0,0.0,0.0,0.0,0.0,0.0,0.0,0.4376050223495152,0.4728467701822726,0.0,0.2934510717134523,0.0,0.5658139290469699,0.4931203348683466,0.5306728068103154,0.4340950246292133,0.0,0.4389361933267002,0.3372669787584308,0.5097287367418307,0.5567815476900002,0.3030597839425684,0.0,0.517323397824817
0.4087565385872261,0.3486833339328269,0.3847285704939427,0.1194205101310232,0.1082768213776589,0.515211444450109,0.0,0.4864095515030384,0.3209085368453878,0.0348671435636813,0.1538282500483455,0.0,0.0932284553796782,0.0,0.3726102370154429,0.4101254692197061,0.0,0.3089087921738431,0.3367645904234157,0.4187026655498645,0.4459011791056945,0.4448265513313091,0.0,0.0,0.2866323962195106,0.2842351905634189,0.5366629689443421,0.3741454843789482,0.4380534463192115,0.2673804478252772,0.2995319547876989,0.3371401857543785,0.009583166061375,0.0,0.0,0.2227786158884002,0.1321789842470956,0.1105843329445178,0.2686120537340664,0.0,0.0,0.0,0.4236241133332451,0.0,0.0,0.0,0.4744647675066509,0.5097073766920609,0.0,0.4076403944493979,0.4126991984534892,0.2592815862463498,0.5837264527812138,0.4886111068982356,0.0,0.409828951774263,0.0,0.3696494832241437,0.158413825391145,0.340372037126732,0.0,0.0,0.0,0.4073400368021062,0.4035695222780068,0.4536167357866821,0.4054097962070964,0.6277715945472702,0.0,0.0,0.3470636853528555,0.4480105678420218,0.459821183194525,0.2933991001954315,0.3580989709703449,0.368018937824097
0.2196519306759327,0.0,0.0,0.0,0.0,0.0,0.4171935010769968,0.0888892200122149,0.0,0.4488708314986078,0.2199700939499884,0.4671647845747453,0.3603412927170134,0.0,0.0,0.0,0.2278868283076419,0.0808083904217109,0.0,0.0,0.0866569794405284,0.0,0.0,0.0,0.1497307480512718,0.340983260569568,0.0,0.1365094867322422,0.0,0.0,0.3579483402830339,0.0,0.244701802102362,0.1598561847419533,0.270792162393669,0.2285095311945371,0.2433325033841719,0.0521238955189175,0.0,0.3091275458686217,0.3172927812704806,0.4267499113624698,0.0,0.0,0.2416853320304632,0.08253784869949,0.0683102647478605,0.0,0.0,0.0,0.0,0.0,0.0,0.0,0.4291587932272879,0.0,0.5086980435342747,0.0,0.0,0.0,0.079175550985504,0.3173861915412307,0.2554276740600401,0.0,0.0,0.0,0.0,0.0,0.6263356782258058,0.0319235890507639,0.3235026578289112,0.0,0.0,0.0,0.0,0.0768735097040423
0.3617512594295188,0.4997623118061164,0.0,0.0,0.0132157460214808,0.2666540188444363,0.0,0.0682140860368449,0.1697124839598436,0.1975642582976166,0.0,0.0,0.2449769555790729,0.0,0.16762141314034,0.4938415158318101,0.5315578112285071,0.5575555713594811,0.0,0.3188142034405254,0.3495733359400162,0.3668949016754853,0.2866323962195106,0.1497307480512718,0.0,0.5139639816644459,0.3033673485539594,0.4145976964346438,0.3773065691381715,0.0,0.3730112202380057,0.2367554562600135,0.0679135491912842,0.0,0.0,0.0,0.0,0.2627762937965527,0.2081627929352969,0.0974156320446179,0.0206567608308157,0.0,0.0,0.0,0.1700217079604601,0.3522791984041389,0.3744972271554224,0.0,0.0,0.0,0.0,0.0,0.0,0.0,0.2929988768557666,0.0,0.0,0.0,0.0,0.1680875129201976,0.3895714554764957,0.348894887630569,0.3674175376412447,0.0,0.3300250967746281,0.4024094836046426,0.3770951192945324,0.0,0.0761414858008937,0.46972745382699,0.446101209562001,0.0,0.0,0.1353107900931119,0.0,0.3845831451039611
0.4064922766789391,0.501288176472085,0.0,0.0,0.3584547546669362,0.2955294627446031,0.2776246416963531,0.1464108948222141,0.4221433000164341,0.4590298473186773,0.0,0.3407681289255767,0.4815793529819013,0.0,0.1400644161867675,0.3516921652345375,0.5954006773224034,0.5275716559269389,0.0,0.2408101434089601,0.3910556384185883,0.3163241023620933,0.2842351905634189,0.340983260569568,0.5139639816644459,0.0,0.3314908818770883,0.5513760623375623,0.3734170581779095,0.0,0.6232922230560941,0.1039552927989076,0.1401516329733408,0.0,0.0,0.5314644944171322,0.0,0.203873521162536,0.0399538497426821,0.0688504026987299,0.0514736319642552,0.0,0.0,0.0,0.2783984157632793,0.2828861903106424,0.5030178656090086,0.0,0.0,0.0,0.0,0.0,0.0,0.0,0.5144728125049454,0.0,0.1935175842018326,0.0,0.0,0.1284073141306994,0.4481827159463146,0.57214900929308,0.5210311573958513,0.0,0.2620802427552701,0.4291179588339002,0.439706457093295,0.2463021001792023,0.2856544602028636,0.5085486870492748,0.6196049136257974,0.0730734157322356,0.0,0.0,0.0,0.3895270805483027
0.4208801637843885,0.4726015939330437,0.307097959877309,0.1786617609486996,0.0930286227819682,0.5723827170773782,0.0,0.2323136929005116,0.3299672656658982,0.0463441018658927,0.079938765944799,0.0,0.0929235517291996,0.0,0.4069017874823709,0.4863699101893856,0.0,0.3634670648145731,0.2611717866506085,0.5398916484499394,0.4247421441787655,0.5469129078099674,0.5366629689443421,0.0,0.3033673485539594,0.3314908818770883,0.0,0.3783520894614913,0.5525679935942188,0.1937613759691291,0.3011785058167507,0.3667542587489873,0.0233299865088718,0.0,0.0,0.2917241383772063,0.1696752160516706,0.0,0.4119260328621997,0.0,0.0,0.0,0.4868922740710093,0.0,0.0,0.0,0.5122451408741887,0.4772027936383261,0.0,0.368773056115,0.3371893602015235,0.2150975782507146,0.395334880339384,0.4460739050422287,0.0,0.3004117179144219,0.0,0.3504036387614462,0.0549365254001393,0.3184379562586463,0.0,0.0,0.0,0.3510592256811621,0.5103785354283421,0.4105196383987695,0.509245173320603,0.5230628824227976,0.0,0.0,0.3848157808449624,0.5571690617445318,0.4928344503505661,0.2401784002134281,0.364075656962063,0.4675205018177648
0.3544779959202249,0.5327612481319977,0.1620456705948981,0.3790043803065458,0.365415452263216,0.437027436418091,0.2468847251536407,0.2082129523474675,0.4144016419352258,0.3793586524663648,0.2392811255168029,0.2651152573047625,0.4897020710454821,0.0942407211505871,0.2387581953561353,0.318298150326061,0.5424441734847529,0.4674719079527848,0.2762147010520442,0.3550629416829774,0.4473906570089656,0.375471110961696,0.3741454843789482,0.1365094867322422,0.4145976964346438,0.5513760623375623,0.3783520894614913,0.0,0.4514827225447539,0.4180311443568931,0.5416064681951552,0.0839399744569037,0.0,0.0,0.0,0.4784763518580283,0.362137861927241,0.1730002815945188,0.0173706550558359,0.0,0.0,0.0,0.3655992395507677,0.0,0.0,0.0,0.0,0.3826722037396127,0.0,0.0,0.0,0.0,0.3731344767507755,0.0,0.0,0.0,0.0587139181965734,0.0,0.0,0.1951932342935876,0.0,0.0,0.0,0.0,0.3055246224401562,0.4228710535099976,0.4604386038888027,0.3987851219918778,0.0,0.0,0.0,0.1821369814292547,0.3944028393703592,0.0,0.0,0.3753600173633167
0.3598358719770445,0.5898252452531757,0.0328497080734513,0.0,0.0,0.607301899155307,0.0,0.0905818822510768,0.1490724801613464,0.0,0.0,0.0,0.0388366831981314,0.0,0.3874300877229745,0.5008289341417612,0.3448889261464725,0.396037690293041,0.0,0.6116013608805904,0.5043694875246474,0.5818066404828585,0.4380534463192115,0.0,0.3773065691381715,0.3734170581779095,0.5525679935942188,0.4514827225447539,0.0,0.1173259859418133,0.3068082220361497,0.4162349272378158,0.0,0.0,0.0,0.2576569923552111,0.0711094817933809,0.0,0.433871876690151,0.0,0.0,0.0,0.556696247432953,0.0,0.0,0.0,0.4714896056000902,0.0,0.0,0.0,0.2033583762488795,0.0,0.3651381869088145,0.0,0.0,0.0,0.0,0.1958973541859185,0.0,0.2354039956732656,0.0,0.0,0.0,0.0,0.4791200894524063,0.4189888104132276,0.4633285033150044,0.461970564996946,0.0,0.0,0.3807284202092987,0.4401909498981142,0.5295467442843675,0.0860525281783719,0.3238812865467367,0.4802922870459362
0.0,0.0,0.2434867521134117,0.0,0.0,0.1368680302375192,0.0,0.2707697060530483,0.4853386994940669,0.0,0.0,0.0,0.4831793298576482,0.0,0.0839905480090986,0.1367742288581063,0.0,0.3465543569896645,0.0,0.0434139270899985,0.2508282754892748,0.1193076208515243,0.2673804478252772,0.0,0.0,0.0,0.1937613759691291,0.4180311443568931,0.1173259859418133,0.0,0.5164942798962644,0.0,0.1840390217235791,0.1748113665680767,0.0,0.0,0.0,0.0,0.0,0.0,0.0,0.0,0.0,0.0,0.0,0.0,0.0,0.0,0.0,0.0,0.0,0.0,0.0,0.0,0.0,0.0,0.0,0.0,0.0,0.0,0.0,0.0,0.0,0.0,0.0897621648527928,0.0,0.0,0.2443327940872983,0.0,0.0,0.0,0.0,0.0,0.0,0.0,0.0
0.430196208562983,0.4379894854160701,0.1176854772528493,0.4424634670163107,0.4051210371396853,0.2679351666521759,0.3248299347396548,0.2136512210147296,0.4679656078932114,0.4797014019283844,0.2543319909416047,0.4298223123146665,0.4566784091564843,0.1935564989060224,0.1816301031721834,0.323910702748056,0.5323897465279529,0.4609422894044797,0.1980989022032934,0.2305598294536174,0.3889078050464716,0.2931939408964631,0.2995319547876989,0.3579483402830339,0.3730112202380057,0.6232922230560941,0.3011785058167507,0.5416064681951552,0.3068082220361497,0.5164942798962644,0.0,0.0320657453941491,0.1219265476590127,0.127044731558851,0.0,0.5169076474856876,0.371993873293236,0.1413470196447145,0.0,0.0592512587646214,0.1061691518926276,0.0569297652041112,0.0,0.0,0.0,0.2949794898784216,0.4872678197654769,0.0,0.0,0.0,0.0,0.0,0.3229109433821165,0.0,0.4976439495970542,0.0,0.2251438897004481,0.0,0.0,0.1798754705933046,0.4207527537160428,0.5545524107862773,0.5215535012841244,0.0,0.2111865347600056,0.3677315297624914,0.3976451353264548,0.3072527609667313,0.3078605169153787,0.4430914332285268,0.6000558471322441,0.029444401718074,0.2552387787536057,0.0,0.0,0.3892732775983702
0.1733599885239346,0.3022774367751392,0.0592154792316601,0.0,0.0,0.3465141052619303,0.0,0.1175337696569917,0.0,0.0,0.0,0.0,0.0,0.0,0.2343430753508405,0.4130093776295697,0.102694105912284,0.2867442660008251,0.0908010743655965,0.4125197481223144,0.2384516199984075,0.4024712770303859,0.3371401857543785,0.0,0.2367554562600135,0.1039552927989076,0.3667542587489873,0.0839399744569037,0.4162349272378158,0.0,0.0320657453941491,0.0,0.1551002395473705,0.0,0.0,0.0596488512770876,0.0,0.2347233062210968,0.643061014276634,0.1007080647807219,0.0,0.0,0.4260742003282297,0.0,0.0,0.3428799110508608,0.3408176713288209,0.0903003238790123,0.0,0.0,0.4907023956048491,0.0,0.2645543056502734,0.1691143141288591,0.0,0.0,0.0,0.1220860498075483,0.0,0.1954287212746835,0.2009177443502056,0.0,0.0,0.2136156544785057,0.4266432047332312,0.3097472293254358,0.24255715017835,0.2713602799592777,0.0,0.2515616292803848,0.1452996552577777,0.3752752760877442,0.4536285923006859,0.2061174334055731,0.3975832088670742,0.4087842242312006
0.1482814649695656,0.0,0.0,0.0,0.0188550727885068,0.0,0.0485934300343018,0.0630506324105574,0.0675197003915574,0.1263789042619668,0.0,0.1633084374159014,0.0348424288987063,0.0,0.0,0.1081728100355873,0.0541413212843722,0.151274670743047,0.0,0.0,0.0,0.0,0.009583166061375,0.244701802102362,0.0679135491912842,0.1401516329733408,0.0233299865088718,0.0,0.0,0.1840390217235791,0.1219265476590127,0.1551002395473705,0.0,0.2762425648909554,0.1156321014413248,0.0844626836666883,0.0374871523015861,0.0298273227149123,0.1332474120950113,0.496242938375643,0.3397242551643596,0.0,0.0,0.0,0.0496486999927127,0.1543502310846345,0.1665366024818371,0.0,0.0,0.0,0.0,0.0,0.0,0.0,0.1257421888937515,0.0,0.2189321230135074,0.0,0.0,0.0,0.0,0.0717765796832149,0.0,0.0,0.0,0.0880840470557568,0.0240994030949073,0.0,0.1767187433291188,0.0015512367709041,0.1516803757215554,0.0,0.0,0.0,0.0,0.1345025570066367
0.1856465045109002,0.0,0.0975106980882273,0.0470236505650959,0.1237834382600577,0.0,0.1349836671788512,0.1534746050326681,0.0736992550122906,0.0761059078177369,0.1593613037550892,0.1873859566048507,0.0271635050850554,0.1593607322443782,0.0517840203535163,0.0,0.0,0.0,0.0139404035283391,0.0,0.0,0.0,0.0,0.1598561847419533,0.0,0.0,0.0,0.0,0.0,0.1748113665680767,0.127044731558851,0.0,0.2762425648909554,0.0,0.1814913767020785,0.0,0.1945268276348761,0.0,0.0,0.2342578008603835,0.2896348131467246,0.1443924860417358,0.0,0.1205662337014485,0.0319089137304238,0.1675450934137865,0.0,0.0,0.0,0.0,0.0,0.0,0.0713885454536415,0.0,0.0206422357006136,0.0,0.2069275629464943,0.2264195706013479,0.0,0.0941651002104603,0.0,0.0,0.0,0.0,0.0,0.0328277979548699,0.0,0.0279656125239218,0.1460949322784373,0.0,0.0,0.0,0.0,0.1401127610031951,0.0,0.010592984867543
0.0,0.0,0.0,0.0,0.1276515191816627,0.0,0.2841786271048084,0.0,0.0,0.0911282619847697,0.193620314897676,0.2568797780549497,0.0440787509438737,0.0,0.0,0.0,0.0,0.0,0.0,0.0,0.0,0.0,0.0,0.270792162393669,0.0,0.0,0.0,0.0,0.0,0.0,0.0,0.0,0.1156321014413248,0.1814913767020785,0.0,0.0,0.060389718775523,0.0,0.0,0.1737411867278665,0.2946266326347301,0.441378552361972,0.0,0.0,0.0792238257846346,0.0,0.0,0.0,0.0,0.0,0.0,0.0,0.0,0.0,0.000915073756707,0.0,0.3865310275329088,0.0,0.0,0.0,0.0,0.0,0.0,0.0,0.0,0.0,0.0,0.0,0.0,0.0,0.0,0.0,0.0,0.0,0.0,0.0
0.0,0.0,0.1241988187557353,0.4270679406997536,0.4455403685945178,0.2607356199249353,0.3457764698504949,0.145329063844189,0.4756131783903172,0.4675651047224064,0.2725564691556056,0.3596047888600154,0.4374722036743983,0.2119863203455731,0.0649556434717605,0.0,0.0,0.0,0.1879851305854202,0.1515558893442334,0.2726267466444577,0.1923514894548277,0.2227786158884002,0.2285095311945371,0.0,0.5314644944171322,0.2917241383772063,0.4784763518580283,0.2576569923552111,0.0,0.5169076474856876,0.0596488512770876,0.0844626836666883,0.0,0.0,0.0,0.4373101841652518,0.1654549959973413,0.0101553410769972,0.0,0.0307962230439857,0.0228798585693452,0.2523110250034329,0.4292584482445903,0.0,0.0,0.0,0.2698124121758913,0.0,0.3502289703068227,0.0,0.3176073420446783,0.2224210099112107,0.3245579974434776,0.0,0.2754356496710131,0.1991926889394647,0.3106214323465751,0.2938572801980894,0.0,0.0,0.0,0.0,0.1795508115427377,0.1635718848563322,0.0,0.3418927424451992,0.2230070974188014,0.0,0.0,0.0,0.031499519371618,0.1915843443288903,0.0,0.0,0.0
0.0,0.0,0.2139588328350211,0.3424229783275475,0.5304817908502619,0.1674001868205201,0.4687916361727068,0.1699735948296951,0.4820361661122034,0.4762236563082515,0.4620598243713692,0.4740872253568677,0.4198980234064243,0.4286889246162489,0.0,0.0,0.0,0.0,0.1653776839040454,0.014895547221937,0.0,0.0269293605988465,0.1321789842470956,0.2433325033841719,0.0,0.0,0.1696752160516706,0.362137861927241,0.0711094817933809,0.0,0.371993873293236,0.0,0.0374871523015861,0.1945268276348761,0.060389718775523,0.4373101841652518,0.0,0.0054566290553198,0.0,0.0,0.056721572962868,0.2234331371966727,0.0295370733527948,0.451354538548451,0.0,0.0,0.0,0.0,0.0,0.0,0.0,0.0,0.0,0.0,0.0,0.0,0.3085036038623719,0.0,0.0,0.0,0.0,0.0,0.0,0.0,0.0,0.0,0.0,0.0,0.0,0.0,0.0,0.0,0.0,0.0,0.0,0.0
0.1110078985204272,0.0,0.0,0.0,0.0,0.0890856859626386,0.0,0.0,0.0,0.0,0.0,0.0,0.0525853574252116,0.0,0.0,0.0,0.1957579813612076,0.0,0.0,0.0,0.0,0.0,0.1105843329445178,0.0521238955189175,0.2627762937965527,0.203873521162536,0.0,0.1730002815945188,0.0,0.0,0.1413470196447145,0.2347233062210968,0.0298273227149123,0.0,0.0,0.1654549959973413,0.0054566290553198,0.0,0.1745630698887595,0.0141786181885841,0.0702755257753047,0.0,0.0,0.0,0.2567683639923276,0.0,0.0,0.0,0.0,0.0,0.0,0.0,0.0,0.0,0.0,0.0,0.0,0.0,0.0,0.0,0.0,0.0,0.0,0.0,0.0,0.0,0.0,0.0,0.0,0.1315055191689885,0.1548892494486786,0.0,0.0,0.0,0.0,0.2101539078246123
0.1265792894540349,0.2814065999452476,0.0,0.0,0.0,0.3278482335316316,0.0,0.0190324224628051,0.0,0.0,0.0,0.0,0.0,0.0,0.2285257132315888,0.401207783982877,0.0466077377575719,0.2491386316490628,0.0632462461090837,0.4345176666476055,0.1880176277646627,0.4078218603057946,0.2686120537340664,0.0,0.2081627929352969,0.0399538497426821,0.4119260328621997,0.0173706550558359,0.433871876690151,0.0,0.0,0.643061014276634,0.1332474120950113,0.0,0.0,0.0101553410769972,0.0,0.1745630698887595,0.0,0.0603525989398622,0.0,0.0,0.440857704945313,0.0,0.0,0.3000197980089534,0.2615328142907973,0.0340545288509848,0.2833746171468299,0.0,0.4369390314511838,0.0,0.1823339974165421,0.1146651623881132,0.0,0.0,0.0,0.0583679856587575,0.0,0.1536381676369751,0.212719075946806,0.0,0.0,0.1786332302619995,0.4325374652292739,0.2582982303366622,0.2330637148519198,0.2211983069203172,0.0,0.2391946020126187,0.0918380142468002,0.4184160464993999,0.4280060816093303,0.2060594057395664,0.3798318518807163,0.3999935793104397
0.06360750401312,0.0,0.0,0.0,0.0,0.0,0.0,0.0,0.0,0.0680400066723836,0.0,0.0899246401034387,0.0,0.0,0.0,0.0573600867377342,0.0301144329523669,0.1162050259916378,0.0,0.0,0.0,0.0,0.0,0.3091275458686217,0.0974156320446179,0.0688504026987299,0.0,0.0,0.0,0.0,0.0592512587646214,0.1007080647807219,0.496242938375643,0.2342578008603835,0.1737411867278665,0.0,0.0,0.0141786181885841,0.0603525989398622,0.0,0.459632703535647,0.0860559285424925,0.0,0.0,0.1131820536949447,0.1355115221816153,0.0785531966177354,0.0,0.0,0.0,0.1258745777878497,0.2608445607484604,0.0,0.0,0.1356194992872544,0.0,0.2764880715587325,0.0733675044723658,0.0,0.0393708809865072,0.0,0.0484299902555012,0.0,0.0,0.0252119398572723,0.1351514561282878,0.0240271390919927,0.0,0.2479537351276408,0.0,0.0978977980787531,0.0,0.0,0.1923480050473194,0.2311363290441642,0.0838271219259604
0.0403193116707389,0.0,0.0,0.0,0.0,0.0,0.0,0.1627216886048969,0.0,0.1427387671874701,0.0,0.1550942819704867,0.1895360422657626,0.0,0.0,0.0,0.0070666545499269,0.1203431412108709,0.0,0.0,0.0,0.0,0.0,0.3172927812704806,0.0206567608308157,0.0514736319642552,0.0,0.0,0.0,0.0,0.1061691518926276,0.0,0.3397242551643596,0.2896348131467246,0.2946266326347301,0.0307962230439857,0.056721572962868,0.0702755257753047,0.0,0.459632703535647,0.0,0.2111091889413426,0.0,0.0452509709000788,0.1982005013260009,0.0553126800217195,0.0,0.0,0.2076973496842599,0.0130110247374228,0.009208528856263,0.26817991983624,0.0,0.0,0.1547912039542366,0.0,0.3732172180202158,0.139080942549366,0.1398511589827961,0.0577288593333115,0.0,0.0144125238578229,0.0,0.0,0.0,0.0,0.0,0.0,0.3166482150601498,0.0,0.0500232474380479,0.0,0.0,0.1399574161919939,0.0858210858728792,0.0
0.0,0.0,0.0,0.0,0.0,0.0,0.0,0.0,0.0,0.3587097517963227,0.0,0.3997273069743716,0.0,0.0,0.0,0.0,0.0,0.0,0.0,0.0,0.0,0.0,0.0,0.4267499113624698,0.0,0.0,0.0,0.0,0.0,0.0,0.0569297652041112,0.0,0.0,0.1443924860417358,0.441378552361972,0.0228798585693452,0.2234331371966727,0.0,0.0,0.0860559285424925,0.2111091889413426,0.0,0.0,0.2742820630028355,0.180338646587585,0.0,0.0,0.0,0.0,0.0,0.0,0.1312709060739947,0.0,0.0,0.2317556855085551,0.1167346818000206,0.4312230986748409,0.0,0.1109289424993859,0.0,0.0,0.103554812364278,0.0436998125793508,0.0,0.0,0.0,0.0,0.0,0.4927078678341759,0.0,0.0,0.0,0.0,0.0,0.0,0.0
0.0,0.0,0.063620660002249,0.0,0.0,0.5107978171717938,0.0,0.1584194664108517,0.1431533130582642,0.0,0.0,0.0,0.0,0.0,0.3546951654963005,0.0,0.0,0.0,0.2188244805798737,0.0,0.0,0.0,0.4236241133332451,0.0,0.0,0.0,0.4868922740710093,0.3655992395507677,0.556696247432953,0.0,0.0,0.4260742003282297,0.0,0.0,0.0,0.2523110250034329,0.0295370733527948,0.0,0.440857704945313,0.0,0.0,0.0,0.0,0.138022786839506,0.0,0.0,0.0,0.3421623571249712,0.2638786380918163,0.2946539276047537,0.2621448130125727,0.0844131037978906,0.3916709214861724,0.2763003803302449,0.0620732892110104,0.2096959513461941,0.0,0.2436542670735484,0.1478467838808723,0.2403604108131338,0.0,0.2297378858041245,0.0,0.3523741916888185,0.4322999027316599,0.4185803993694714,0.4401478847251638,0.4502821309910874,0.0,0.5125729164092421,0.3429486096190676,0.3997079851537246,0.5380309848341395,0.1111381938642126,0.0,0.4514076712184577
0.0,0.0,0.0,0.0,0.0,0.0,0.0,0.0,0.0,0.0,0.0,0.0,0.0,0.0,0.0,0.0,0.0,0.0,0.0,0.0,0.0,0.0,0.0,0.0,0.0,0.0,0.0,0.0,0.0,0.0,0.0,0.0,0.0,0.1205662337014485,0.0,0.4292584482445903,0.451354538548451,0.0,0.0,0.0,0.0452509709000788,0.2742820630028355,0.138022786839506,0.0,0.1980162539494627,0.0,0.0,0.3294848521531816,0.070241897810312,0.3937443407441207,0.0,0.3524669021132314,0.1762521310887752,0.2317583637740158,0.5343450854763666,0.3704063480074804,0.360596346278757,0.3274230031172846,0.3070591815595603,0.0,0.0,0.0,0.0,0.1337013327164001,0.0,0.0,0.0,0.2054296764250057,0.0,0.0,0.0,0.0,0.055442753795726,0.0,0.0,0.147143667334526
0.0,0.0,0.0,0.0,0.0,0.0,0.0,0.0,0.0,0.2386791451195718,0.0,0.1871672297739809,0.0,0.0,0.0,0.0,0.0,0.0,0.0,0.0,0.0,0.0,0.0,0.2416853320304632,0.1700217079604601,0.2783984157632793,0.0,0.0,0.0,0.0,0.0,0.0,0.0496486999927127,0.0319089137304238,0.0792238257846346,0.0,0.0,0.2567683639923276,0.0,0.1131820536949447,0.1982005013260009,0.180338646587585,0.0,0.1980162539494627,0.0,0.0,0.0,0.0,0.0492427604208626,0.1132296826995839,0.0,0.218404591759319,0.0,0.0660103757283167,0.2676540483190008,0.0529190591294896,0.2190785765925917,0.1714805047894204,0.0,0.0,0.0,0.2701485119793962,0.1947711477363984,0.0,0.0,0.0,0.0,0.0,0.2605541913202214,0.0944187084664234,0.2627495048013479,0.0,0.0405058730481255,0.0,0.0,0.1008400162810363
0.5678775975660688,0.3520365049830507,0.0,0.0,0.0,0.0,0.0,0.0,0.0,0.0,0.0,0.0,0.0,0.0,0.3637220636314944,0.4894658163441617,0.0,0.344435406347192,0.0,0.0,0.4942307857585312,0.4789558693017959,0.0,0.08253784869949,0.3522791984041389,0.2828861903106424,0.0,0.0,0.0,0.0,0.2949794898784216,0.3428799110508608,0.1543502310846345,0.1675450934137865,0.0,0.0,0.0,0.0,0.3000197980089534,0.1355115221816153,0.0553126800217195,0.0,0.0,0.0,0.0,0.0,0.3835469578918054,0.0,0.0,0.0,0.34822187375177,0.0,0.3963193868371918,0.0,0.0565682890506167,0.0,0.0,0.3040861701484677,0.0,0.3509895114287821,0.3662979088234172,0.1529332741471799,0.2258123551993993,0.0,0.3896396807402525,0.5159688304245573,0.36684528532822,0.413092638089984,0.0,0.3493208987575293,0.3348316794590028,0.3995508365206973,0.4201216854982542,0.3936175992652338,0.0,0.4126083470169389
0.4242740127285456,0.471111081682352,0.0,0.0,0.0,0.0,0.0,0.0,0.0,0.0,0.0,0.0,0.0,0.0,0.243836367576976,0.4248766033655357,0.0,0.4602413161659398,0.0,0.3551150143575555,0.3987603714251836,0.4099686366878488,0.4744647675066509,0.0683102647478605,0.3744972271554224,0.5030178656090086,0.5122451408741887,0.0,0.4714896056000902,0.0,0.4872678197654769,0.3408176713288209,0.1665366024818371,0.0,0.0,0.0,0.0,0.0,0.2615328142907973,0.0785531966177354,0.0,0.0,0.0,0.0,0.0,0.3835469578918054,0.0,0.0,0.0,0.0,0.2443329607879026,0.3911614969201909,0.3992784816357488,0.4740025049637931,0.3712896456575675,0.0,0.0,0.4475860725415378,0.0,0.2489742889174865,0.4569842576223402,0.49074858874194,0.4506672637836397,0.0,0.4228889912816133,0.4641106038014146,0.5269784623426527,0.4500629141008346,0.0,0.5576047367583111,0.57961417395797,0.2820874362136977,0.4747452031656225,0.1413413776351465,0.0,0.4616491250664244
