0.0,0.4735513341542399,0.0,0.0,0.0,0.2390707326505841,0.0,0.294818265464477,0.0,0.6470769879926938,0.0,0.1337762451913646,0.0,0.0,0.5001813110264977,0.5702644468300234,0.1205639235500515,0.0811641702272958,0.0,0.4588262322369088,0.707601623778986,0.628054475994065,0.2800436488885582,0.4451750224182583,0.6470849598457614,0.4660678645611611,0.4575009519591146,0.0,0.5918592713865801,0.0,0.662993631503418,0.4177287199770348,0.609101125123742,0.5955937900835871,0.0,0.0,0.0,0.2515461962277559,0.6272135403220377,0.4698716364057883,0.312750217071061,0.0,0.0,0.0,0.0,0.8745375879663265,0.3411645463447643,0.0,0.0,0.0,0.0,0.0,0.0,0.0,0.4759277635203005,0.0,0.0,0.0,0.0,0.0,0.5512847519922874,0.0,0.270559815622972,0.0,0.0,0.6850980777908361,0.3923495649675796,0.0,0.397401390863647,0.7174749953119269,0.6318268095420682,0.0,0.0,0.0,0.0,0.107620289326731
0.4735513341542399,0.0,0.0,0.0,0.4473628120831948,0.6586910599423679,0.6367052075242808,0.4936981947595706,0.3826651747739269,0.0,0.0,0.0,0.5239534646740152,0.0,0.3876830359588928,0.7966956531001104,0.6008645925958375,0.6285966524689184,0.0,0.4418413259291804,0.6535907641291334,0.5474024621283866,0.4166193951653332,0.0,0.7580340395088307,0.657793300066678,0.3663681249901614,0.2612359183050948,0.5400988365902405,0.0,0.5202085126411881,0.2908941109207532,0.482722517559099,0.2841990488521451,0.0,0.0,0.0,0.0,0.3875833125611776,0.4747876658026975,0.0836261985175618,0.0,0.0,0.0,0.0,0.3864026257746735,0.7171312613052923,0.0,0.0,0.0,0.3263794516682158,0.0,0.0,0.0,0.0,0.0,0.0,0.0,0.0,0.4406005228412804,0.2888971013011072,0.0,0.5164086782585283,0.0,0.3407018435299643,0.4344138202213305,0.3420073813871178,0.3261214794389823,0.0,0.5127558191558944,0.5687301353065068,0.2359453766203736,0.0,0.2646934322215105,0.0,0.0
0.0,0.0,0.0,0.4126076785166027,0.7096230761299454,0.626478881409061,0.3373727053273053,0.4642385869933344,0.7491031444080919,0.3295427756859396,0.8955443695220873,0.439604540348259,0.4849139438816938,0.4511698203517961,0.0,0.0,0.0,0.0,0.8068693623994714,0.0,0.0,0.0,0.6904812898116327,0.0,0.0,0.0,0.7365794994391708,0.5861101182737332,0.0,0.0,0.4700130710182169,0.0,0.2045281079183273,0.0845550256648141,0.0,0.4733869640765245,0.2640888133903737,0.0,0.0,0.0,0.0,0.0,0.1871376458051654,0.0,0.0,0.0,0.0,0.8816111370783004,0.0,0.5141286949298977,0.4521635578800964,0.2795753864252558,0.452570580999102,0.6670675285562399,0.0,0.8520538349604917,0.0,0.2842645263315744,0.1133988632518608,0.0,0.0,0.0,0.0,0.754329250229461,0.0,0.0,0.0,0.5696224749986819,0.0,0.0,0.0,0.6616066951580895,0.5180007987489047,0.0,0.0,0.0
0.0,0.0,0.4126076785166027,0.0,0.448981073695317,0.3595114502619559,0.2969411523646367,0.410059757520432,0.4253862331289388,0.4181965055503083,0.4520465890717071,0.3145378691811907,0.3495336838869186,0.2967114286278377,0.0,0.0,0.0,0.0,0.2972650052085424,0.5640508672425074,0.0,0.0,0.4409543293085567,0.0,0.0,0.0,0.426930734570809,0.4122120035907608,0.4618804334051958,0.0,0.5712705276171234,0.2305630686305615,0.0,0.1708656640402263,0.0,0.5532592442338935,0.2489865754369495,0.0,0.0,0.0,0.0,0.0,0.0,0.0,0.0,0.0,0.0,0.0,0.0,0.0,0.0,0.0,0.0,0.0,0.0,0.0,0.0,0.0,0.0,0.0,0.0,0.0,0.0,0.0,0.0,0.0,0.0,0.0,0.0,0.0,0.0,0.0,0.0,0.0,0.0,0.0
0.0,0.4473628120831948,0.7096230761299454,0.448981073695317,0.0,0.8418258472981149,0.6556731907440699,0.5062908339687046,0.9187090272315506,0.6501396120858519,0.7820583506925304,0.5256372586278971,0.7085273033793942,0.4665659326517832,0.0,0.5985316893394014,0.0,0.0,0.6311060256555994,0.7913554406675853,0.0,0.7170583498737814,0.6726871867353553,0.0,0.2074906333863811,0.5481779224302767,0.7413321973424587,0.7034235295827709,0.7119629185153562,0.0,0.6228653795108399,0.0,0.3702655003834416,0.3131253784907065,0.0,0.4882997032092904,0.2649764263716965,0.0,0.0,0.0,0.0,0.0,0.2142163297448106,0.0,0.0,0.0,0.0,0.7339768316451133,0.0,0.8146263123504426,0.6715042519236045,0.0,0.5630053307032291,0.7962123546700659,0.0,0.8175654576383052,0.0,0.0,0.0,0.0,0.0,0.0,0.0,0.5679245067452037,0.0,0.0,0.0,0.6536229062422875,0.0,0.0,0.0,0.6578777106208744,0.0,0.0,0.0,0.0
0.2390707326505841,0.6586910599423679,0.626478881409061,0.3595114502619559,0.8418258472981149,0.0,0.7946223540384613,0.7009061806288732,0.8728517785133173,0.6282392989274179,0.6835308826701113,0.5078435047692696,0.900973788863381,0.2243091632837655,0.5918069372907651,0.7078858208054163,0.5668545737674293,0.6108031814120244,0.478885440188025,0.7235275969415017,0.5107511398045071,0.6003380759288632,0.7673612268695786,0.0,0.3668337980119519,0.5718905962726498,0.7213708787627512,0.7333628214852359,0.6750377050532755,0.6538340916559914,0.6036350314965517,0.0835894105061682,0.4973622161175223,0.2285585587998541,0.0,0.5178999453363988,0.0,0.1658814181708754,0.0722164308874769,0.0,0.0,0.0,0.467883913647124,0.0,0.0,0.0,0.7441610843202253,0.6643204181953818,0.0,0.5809513402487182,0.8495773758833924,0.7464374919440719,0.6629910193349603,0.8190836019552994,0.0,0.7292703418057797,0.0,0.8077142729501485,0.0,0.6268120112596576,0.0,0.0,0.0,0.4108850491702643,0.7743553706131799,0.4227072949770794,0.644612466582354,0.6565997264546521,0.0,0.0,0.4984497278428065,0.6818091469107017,0.8010967792534598,0.3927129386317288,0.6471290713900849,0.0
0.0,0.6367052075242808,0.3373727053273053,0.2969411523646367,0.6556731907440699,0.7946223540384613,0.0,0.4027437087587955,0.6015408809259237,0.616230264375574,0.3987523032724095,0.2029047255741909,0.7748752868471186,0.0,0.0,0.6820311149013837,0.5992566927511335,0.507769985645379,0.1745864516562288,0.5002058625794439,0.0,0.4398373996970308,0.3888036456841902,0.1156657289140357,0.4684966476970673,0.3618607822752908,0.495907750789871,0.5351809086037134,0.6251253890836033,0.0,0.4200812009005819,0.04345164017967,0.3646571151011589,0.1877561316588043,0.0,0.2992160692094737,0.0,0.200749065364853,0.0288990720108703,0.0,0.0,0.0,0.3635624284244739,0.0,0.0,0.0,0.0,0.3907095866560089,0.0,0.0,0.661493415700694,0.0,0.3367618715394521,0.5643432752980067,0.0,0.3811453465331321,0.0,0.0,0.0,0.0,0.0,0.0,0.0,0.1070365695784354,0.0,0.0,0.0,0.3253117490758445,0.0,0.0,0.0,0.4357347616209224,0.0,0.0,0.0,0.0
0.294818265464477,0.4936981947595706,0.4642385869933344,0.410059757520432,0.5062908339687046,0.7009061806288732,0.4027437087587955,0.0,0.5438071061173029,0.47180456797162,0.5062222544061245,0.6886414611990187,0.5540150169710278,0.3890190397605757,0.5347141211509285,0.3818330849188877,0.0,0.3142324057483716,0.4480360098889341,0.6101081935329928,0.7000875466623561,0.4790361000165348,0.8574481272098601,0.661322009117936,0.1739686684711315,0.608708936505507,0.4439872979287822,0.4862220039507054,0.3537483584704318,0.6565610079035822,0.5535139457836865,0.187287903142613,0.5450248053960327,0.2401352977151213,0.0,0.4793959144419293,0.0,0.0,0.1988126466999657,0.0,0.0,0.0,0.4303346669291106,0.0,0.0,0.0,0.0,0.4323172886341971,0.0,0.2535347844762227,0.4509550917486117,0.3169224466888135,0.8966039739674098,0.4499003031779684,0.0,0.5340992952596099,0.0,0.4333333315908812,0.0,0.5602320401052009,0.0,0.0,0.0,0.3534844669173456,0.6268343309012672,0.5551356753663979,0.0,0.7054089591085164,0.0,0.0,0.0,0.3961690699397289,0.4165784009963188,0.1271707302937118,0.0,0.0
0.0,0.3826651747739269,0.7491031444080919,0.4253862331289388,0.9187090272315506,0.8728517785133173,0.6015408809259237,0.5438071061173029,0.0,0.5877686467118405,0.8592014649526697,0.3551797085521944,0.6828962398151845,0.3280448003756013,0.0,0.5544317363709178,0.0,0.3421033548759548,0.6652315916806377,0.8243291127581551,0.0,0.7246225141957036,0.6528674709202182,0.2006428353578414,0.2140734010975127,0.3960302598892397,0.8658778308613579,0.6678733050166549,0.7173711547798363,0.6756812745247851,0.6626756895981697,0.0,0.4060171161132259,0.2699134067098273,0.0,0.5435117198797718,0.1662067683063579,0.03429004571926,0.0118479651009181,0.0,0.0,0.0,0.4003328876558082,0.0,0.0,0.0,0.0,0.7398188024106619,0.0,0.775235360029406,0.8137584741165446,0.7107887931697823,0.5315163325979707,0.972747401251657,0.0,0.8818414995484416,0.0,0.6316455271984297,0.0,0.0,0.0,0.0,0.0,0.5956065827968181,0.0,0.0,0.0,0.6483372367793354,0.0,0.0,0.0,0.8276556761410112,0.723949119731565,0.0,0.0,0.0
0.6470769879926938,0.0,0.3295427756859396,0.4181965055503083,0.6501396120858519,0.6282392989274179,0.616230264375574,0.47180456797162,0.5877686467118405,0.0,0.3788232101634229,0.3735299455801361,0.440924358103664,0.0,0.0,0.7681815665140364,0.5585881097779904,0.4459630923982056,0.3288176760729551,0.6630230926838294,0.0,0.707958136880761,0.4569617460607479,0.4213144084146493,0.6860311947248202,0.5565723365149142,0.5700500142248616,0.3122611478781251,0.7749981721184277,0.0,0.7841061954898196,0.1551022212317944,0.6893823764944604,0.506946548636381,0.0,0.3182774649783032,0.0,0.1356085168894941,0.355177893614511,0.5434256826098823,0.0,0.0,0.0,0.0,0.0804955759699852,0.6314638246224641,0.0,0.0,0.0,0.0,0.0,0.0,0.0,0.0,0.7818778575093757,0.0,0.2566986674425141,0.4005260717611522,0.0,0.0,0.0,0.6947703758754472,0.6787759174951326,0.0,0.0,0.0,0.0,0.0,0.2786812075302325,0.730153607774117,0.7098635179358678,0.0,0.3164618986141249,0.0,0.0,0.0
0.0,0.0,0.8955443695220873,0.4520465890717071,0.7820583506925304,0.6835308826701113,0.3987523032724095,0.5062222544061245,0.8592014649526697,0.3788232101634229,0.0,0.3385285819683081,0.5256638217693395,0.4862386756726307,0.0,0.0,0.1033121709207587,0.0,0.7589994063979939,0.0,0.0,0.0,0.7038918258448787,0.1943647948751159,0.0,0.3374083320616526,0.8370459433022858,0.5736177680615765,0.0,0.0,0.541104426134654,0.0,0.2664454021873154,0.2132203902631616,0.0,0.4803696178355161,0.2661186553518307,0.05792302873623,0.0,0.0,0.0,0.0,0.2794641646474514,0.0,0.0,0.0,0.0,0.8553469409798126,0.0,0.6854165152990127,0.5981846674829585,0.5229176432481113,0.5560321590555652,0.7901575922738047,0.0,0.9592940653173416,0.0,0.4252483547319015,0.0827508615082115,0.0,0.0,0.0,0.0,0.6965702918984049,0.0,0.0,0.0,0.697275466239924,0.0,0.0,0.0,0.7876235508504722,0.5608275923617707,0.0,0.0,0.0
0.1337762451913646,0.0,0.439604540348259,0.3145378691811907,0.5256372586278971,0.5078435047692696,0.2029047255741909,0.6886414611990187,0.3551797085521944,0.3735299455801361,0.3385285819683081,0.0,0.4892915297598837,0.0,0.0,0.0,0.2270397687451879,0.5253435121181232,0.4901279553864791,0.0,0.4435301311224661,0.0,0.6808635650796487,0.7973427256467761,0.0,0.8147890547352385,0.1793362228031339,0.4900933160838331,0.0,0.0,0.3575323540782201,0.0,0.2781150928399346,0.167893938175577,0.0,0.3961185800904568,0.2309209327833829,0.0289235848494207,0.0369262136004033,0.1880217178447896,0.0687916671448671,0.145316343053451,0.1138458301858631,0.0,0.0,0.0,0.0,0.0,0.0,0.0,0.0,0.0,0.0,0.0,0.4658214637939629,0.0,0.8031141359622143,0.1520646150869905,0.0,0.0,0.0,0.5012185603426205,0.5733525766686645,0.0,0.0,0.0,0.0,0.0,0.5196554015210927,0.0267072750036015,0.578632101492369,0.0,0.4171281383649624,0.0,0.0,0.0
0.0,0.5239534646740152,0.4849139438816938,0.3495336838869186,0.7085273033793942,0.900973788863381,0.7748752868471186,0.5540150169710278,0.6828962398151845,0.440924358103664,0.5256638217693395,0.4892915297598837,0.0,0.1256191640429768,0.3694961930866148,0.6220065515044046,0.514745586528627,0.6921411371285778,0.2891580191757321,0.5624698230295199,0.3324283755006947,0.3793838250188875,0.6445666342038734,0.3020734502505517,0.1209017498022803,0.5121117647212894,0.4653112934332258,0.8175117838894519,0.5129116958074217,0.4979104251076602,0.3602201549034155,0.0,0.3005114361942719,0.1077131157600955,0.0,0.4728317319907673,0.0512499075871574,0.0922273078064307,0.0,0.3818129518666528,0.0,0.0,0.457762922126461,0.0,0.0180139235577673,0.0,0.0,0.6189531057703532,0.0,0.0,0.8452585130858437,0.6848487640090981,0.4937332173521763,0.0,0.0,0.585400017124402,0.4294112792728008,0.0,0.0,0.3884124143564891,0.0,0.0,0.0,0.0,0.677153562190896,0.0,0.5202855350357134,0.5238996653204878,0.0,0.0446207900936791,0.4001926495486837,0.4479140130046495,0.0,0.2647340186395443,0.0,0.0
0.0,0.0,0.4511698203517961,0.2967114286278377,0.4665659326517832,0.2243091632837655,0.0,0.3890190397605757,0.3280448003756013,0.0,0.4862386756726307,0.0,0.1256191640429768,0.0,0.0,0.0,0.0,0.0,0.6255809224654495,0.0,0.2656628398637525,0.0,0.5133851291243174,0.0,0.0,0.0,0.3535614449095783,0.2313244070939423,0.0,0.0,0.3668206468264197,0.0,0.0,0.3231274986911552,0.0,0.2089112133062052,0.3092838790150608,0.0,0.0402164595140165,0.0,0.0,0.0,0.0,0.0,0.0,0.0,0.0,0.4979198233093022,0.0,0.0,0.0,0.0,0.0,0.1921337780238245,0.0,0.5423419172497976,0.0,0.0,0.0,0.0,0.0,0.0,0.0,0.0,0.0,0.0,0.0,0.4921137076241956,0.0,0.0,0.0,0.1542366913497369,0.0,0.0,0.0,0.0
0.5001813110264977,0.3876830359588928,0.0,0.0,0.0,0.5918069372907651,0.0,0.5347141211509285,0.0,0.0,0.0,0.0,0.3694961930866148,0.0,0.0,0.4374576631919374,0.0,0.2276482142718671,0.0,0.8369548187735124,0.6428783297323396,0.8368215788610578,0.6344589827284622,0.3464378539172013,0.3444853623880997,0.3930570824432896,0.7467940390868657,0.4052918946885063,0.6813711071796387,0.0,0.7677039130935946,0.0736905658970945,0.5002676050922148,0.3100833555190517,0.0,0.5867021376684857,0.0,0.0,0.3155282578678938,0.2070819827265121,0.0,0.0,0.2422708375791414,0.0,0.0,0.0,0.5627443985301172,0.0,0.0,0.0,0.5032157242777732,0.0,0.60916981546729,0.0,0.0,0.0,0.0,0.3545845074480085,0.0,0.970204839016546,0.4101372429194578,0.0,0.0,0.0,0.7636574757238923,0.6604496513450672,0.7912186981791043,0.7377615582580748,0.0,0.5027257037107689,0.547555201921183,0.7451721639299522,0.4127277662811414,0.57872759367186,0.0,0.0
0.5702644468300234,0.7966956531001104,0.0,0.0,0.5985316893394014,0.7078858208054163,0.6820311149013837,0.3818330849188877,0.5544317363709178,0.7681815665140364,0.0,0.0,0.6220065515044046,0.0,0.4374576631919374,0.0,0.6396208476146242,0.6768015567106467,0.0,0.5600210242065452,0.6527962745360609,0.6508416054764726,0.397905757665809,0.3775484788452906,0.7002344549500495,0.5888598958607612,0.4838750717991045,0.4599866032876897,0.7930045845297256,0.5739050892129998,0.6896156439600617,0.1953352880014509,0.552465552061628,0.4260457630907826,0.0,0.0,0.0,0.0,0.312256467573313,0.5830885165089108,0.1181936303859963,0.0152627636574924,0.0,0.0,0.0,0.5135133063180467,0.7435367341025837,0.0,0.0,0.0,0.0,0.0,0.0,0.0,0.0,0.0,0.0,0.0,0.0,0.5045677409205106,0.4664063286070193,0.0,0.6798888406085767,0.0,0.5134138424062048,0.5601517914744635,0.5377349349664844,0.4372100477693974,0.0,0.6135852341494905,0.6779608312230424,0.3703347300286249,0.0,0.5146729320492454,0.0,0.0
0.1205639235500515,0.6008645925958375,0.0,0.0,0.0,0.5668545737674293,0.5992566927511335,0.0,0.0,0.5585881097779904,0.1033121709207587,0.2270397687451879,0.514745586528627,0.0,0.0,0.6396208476146242,0.0,0.7351326011954054,0.0,0.222110886616044,0.0,0.2092715302858211,0.0,0.2611006966020293,0.5563879445586323,0.3319087729701839,0.0,0.4290323143687158,0.4317225493227056,0.0,0.2810087361718033,0.0,0.2038821849377152,0.04519374560856,0.0,0.0,0.0,0.1312064243859315,0.0,0.3346313371619938,0.0,0.0,0.0,0.0,0.0,0.0,0.0,0.0,0.0,0.0,0.0,0.0,0.0,0.0,0.4665426034457268,0.0,0.3843162058717613,0.0,0.0,0.0,0.0,0.5847508359195018,0.655193468369888,0.0,0.0,0.0,0.0,0.0,0.1409430813119333,0.2720017560815758,0.3821648666766614,0.0,0.0,0.0,0.0,0.0
0.0811641702272958,0.6285966524689184,0.0,0.0,0.0,0.6108031814120244,0.507769985645379,0.3142324057483716,0.3421033548759548,0.4459630923982056,0.0,0.5253435121181232,0.6921411371285778,0.0,0.2276482142718671,0.6768015567106467,0.7351326011954054,0.0,0.0,0.2730426481817395,0.3099567152193932,0.2496107256979904,0.3237538383654028,0.4385955923318669,0.409617124594773,0.5353546444502624,0.0916317323945249,0.6096122511943813,0.3916567870606924,0.293577464896239,0.1970689539152584,0.0,0.191798213761016,0.1058058668259065,0.0,0.0,0.0,0.0,0.0,0.3268439100289601,0.0,0.0,0.0,0.0,0.0,0.06304632318522,0.5168188445405454,0.0,0.0,0.0,0.0,0.0,0.0,0.0,0.4197979902057746,0.0,0.5515568063876602,0.0,0.0,0.0,0.1944304583604213,0.5965991905786487,0.7583697935175646,0.0,0.0,0.0,0.2684276173804718,0.0,0.2240962452567464,0.1482572890952691,0.4842554223891022,0.0,0.0,0.0,0.0,0.0
0.0,0.0,0.8068693623994714,0.2972650052085424,0.6311060256555994,0.478885440188025,0.1745864516562288,0.4480360098889341,0.6652315916806377,0.3288176760729551,0.7589994063979939,0.4901279553864791,0.2891580191757321,0.6255809224654495,0.0,0.0,0.0,0.0,0.0,0.0,0.0,0.0,0.6275878425671814,0.0,0.0,0.0,0.7161148590877437,0.3441365688910752,0.0,0.0,0.478587785907703,0.1197186466557333,0.0,0.3515613487665734,0.0,0.2715973261844688,0.315824258327132,0.0,0.2457557844020472,0.0,0.0,0.0,0.0,0.0,0.0,0.0,0.0,0.7580807617911343,0.0,0.4317321122999381,0.1893662874473043,0.1505969650323559,0.4852203801260049,0.531543203114686,0.0,0.8154846075069824,0.0,0.027016323206924,0.3335259247312278,0.0,0.0,0.0,0.0,0.9903140052655202,0.0,0.0,0.0,0.5810374996272085,0.0,0.0,0.0,0.5204001167042163,0.0,0.0,0.0,0.0
0.4588262322369088,0.4418413259291804,0.0,0.5640508672425074,0.7913554406675853,0.7235275969415017,0.5002058625794439,0.6101081935329928,0.8243291127581551,0.6630230926838294,0.0,0.0,0.5624698230295199,0.0,0.8369548187735124,0.5600210242065452,0.222110886616044,0.2730426481817395,0.0,0.0,0.6642843076532502,0.9391075074961008,0.692210733198905,0.0,0.2835103337782205,0.5009855152581325,0.8433583170983148,0.5732299505882597,0.7764747668614477,0.7617289547374728,0.8065781386888065,0.0673166385492329,0.5075151238693456,0.4318673035979379,0.0,0.5877369971377986,0.2345007822385897,0.0,0.2330563529465181,0.3351637262878754,0.0,0.0,0.2965117786697754,0.0,0.0,0.0,0.6154989610674801,0.0,0.0,0.0,0.5663544998133068,0.0,0.6891501487683974,0.0,0.0,0.0,0.0,0.4648770991222709,0.0,0.8099455805208235,0.2971921899880949,0.0,0.0,0.0,0.9527059986412396,0.6173787852120404,0.9031489353064148,0.7633430986421648,0.0,0.4736028547555714,0.6206210312068225,0.7291592355946429,0.5267345966382503,0.5329069085522014,0.487728907041592,0.0
0.707601623778986,0.6535907641291334,0.0,0.0,0.0,0.5107511398045071,0.0,0.7000875466623561,0.0,0.0,0.0,0.4435301311224661,0.3324283755006947,0.2656628398637525,0.6428783297323396,0.6527962745360609,0.0,0.3099567152193932,0.0,0.6642843076532502,0.0,0.6929989083307255,0.536077591359638,0.6383757274608919,0.5627330258796924,0.5532724924258715,0.4370890791489503,0.2759940951025325,0.6707028676220925,0.0,0.8050646210509701,0.3725813525092167,0.6665504315098114,0.4155367386745096,0.0,0.0,0.0,0.0,0.5609664845104103,0.6031969248797241,0.0,0.0,0.0,0.0,0.0,0.7570873209734927,0.6594263822422278,0.0,0.0,0.0,0.320955677942556,0.0,0.7050620670223697,0.0,0.0,0.0,0.0,0.3005386889314865,0.0,0.6832307225674692,0.4420286228914082,0.0,0.0,0.0,0.5368329325687823,0.8850612311006381,0.5408433047944439,0.6552854696005552,0.0,0.613098832120447,0.797736794666123,0.4065595143446256,0.1885841257050374,0.5685153594929906,0.0,0.0
0.628054475994065,0.5474024621283866,0.0,0.0,0.7170583498737814,0.6003380759288632,0.4398373996970308,0.4790361000165348,0.7246225141957036,0.707958136880761,0.0,0.0,0.3793838250188875,0.0,0.8368215788610578,0.6508416054764726,0.2092715302858211,0.2496107256979904,0.0,0.9391075074961008,0.6929989083307255,0.0,0.5695570304035256,0.0,0.4721862179508552,0.5377641300842494,0.8288446954729987,0.3486791282533188,0.8437319459959547,0.6997265392513625,0.8318631599057157,0.1411933261004522,0.5051871260918066,0.5667700035356158,0.0,0.4760192602205217,0.2568572673415021,0.0,0.3906756412439683,0.3240650949094301,0.166870995161716,0.0888945107696515,0.1008047350585999,0.0,0.0,0.6284003918061313,0.5930489471041835,0.0,0.0,0.0,0.3865999796971894,0.0,0.0,0.0,0.0,0.0,0.0,0.0,0.0,0.7970530317582052,0.5300812360315351,0.0,0.4925999409052192,0.0,0.8016772351017583,0.640836886344707,0.8933850003186523,0.6845582429216958,0.0,0.6531363005101903,0.6593084276296935,0.6705492788414682,0.3281571699134467,0.602104391433441,0.0,0.0
0.2800436488885582,0.4166193951653332,0.6904812898116327,0.4409543293085567,0.6726871867353553,0.7673612268695786,0.3888036456841902,0.8574481272098601,0.6528674709202182,0.4569617460607479,0.7038918258448787,0.6808635650796487,0.6445666342038734,0.5133851291243174,0.6344589827284622,0.397905757665809,0.0,0.3237538383654028,0.6275878425671814,0.692210733198905,0.536077591359638,0.5695570304035256,0.0,0.5291559592066563,0.1349751188394647,0.6386765705712446,0.5985010161306799,0.6030142689308217,0.4548473819261515,0.729004152017527,0.5355467564773483,0.0838206551202406,0.4198889609166732,0.2466207684163458,0.0,0.5209884088499739,0.1238749820016125,0.0873201401714112,0.0775084361221109,0.2826196823914328,0.0,0.0,0.3237781977372293,0.1435856587229247,0.0,0.0,0.5124348529565558,0.696024630959432,0.0,0.4837325765383039,0.5483582255701951,0.3658912002169026,0.8777591347779193,0.5740253368006077,0.0,0.7763196706917835,0.0,0.4129028703907978,0.1686923545507342,0.6007408425432741,0.0,0.0,0.0,0.5652649834184326,0.7554671942805176,0.3915510063076339,0.6424463826891127,0.880343291875137,0.0,0.1997037671316393,0.5251619967587808,0.5770994825773494,0.5662886640520819,0.2130013633470415,0.4593957129464859,0.0
0.4451750224182583,0.0,0.0,0.0,0.0,0.0,0.1156657289140357,0.661322009117936,0.2006428353578414,0.4213144084146493,0.1943647948751159,0.7973427256467761,0.3020734502505517,0.0,0.3464378539172013,0.3775484788452906,0.2611006966020293,0.4385955923318669,0.0,0.0,0.6383757274608919,0.0,0.5291559592066563,0.0,0.2377109030768422,0.7756562671454736,0.1246403015709587,0.3120242249082927,0.0,0.0,0.4794528698947259,0.2741326881568561,0.3813296216847099,0.2998558055282315,0.0,0.2141695213720097,0.0,0.2211500703031215,0.3541320621283998,0.3567992432822947,0.1990992712478627,0.0,0.0,0.0,0.0,0.4961359572940654,0.0,0.0,0.0,0.0,0.0,0.0,0.0,0.0,0.3895876192302844,0.0,0.6534567477776714,0.0,0.0,0.0,0.0,0.3917540987230617,0.4451938409262059,0.0,0.0,0.0,0.0,0.0,0.760662248759744,0.1558037249583059,0.6757902158515554,0.0,0.1811633825579882,0.0,0.0,0.0
0.6470849598457614,0.7580340395088307,0.0,0.0,0.2074906333863811,0.3668337980119519,0.4684966476970673,0.1739686684711315,0.2140734010975127,0.6860311947248202,0.0,0.0,0.1209017498022803,0.0,0.3444853623880997,0.7002344549500495,0.5563879445586323,0.409617124594773,0.0,0.2835103337782205,0.5627330258796924,0.4721862179508552,0.1349751188394647,0.2377109030768422,0.0,0.3519324754770007,0.3549421395028488,0.0,0.6090122404378907,0.0,0.4331095767318986,0.3738349750111293,0.4023578971039656,0.2705134944737011,0.0,0.0,0.0,0.2281717402544599,0.5159842307251506,0.4371315737194426,0.1497983797841429,0.0,0.0,0.0,0.0,0.5186661218949354,0.5653920662643558,0.0,0.0,0.0,0.0,0.0,0.0,0.0,0.4774272229537172,0.0,0.0175145946393164,0.2069661594090572,0.0,0.3958596721281406,0.6112282853583747,0.3693595598375696,0.3379341415869434,0.0,0.1537576935492837,0.5356970526390187,0.2506856202669449,0.1872649494404365,0.2231191264966954,0.764098366893011,0.4901071398578204,0.0,0.0,0.5256983136985575,0.0,0.0667729709355346
0.4660678645611611,0.657793300066678,0.0,0.0,0.5481779224302767,0.5718905962726498,0.3618607822752908,0.608708936505507,0.3960302598892397,0.5565723365149142,0.3374083320616526,0.8147890547352385,0.5121117647212894,0.0,0.3930570824432896,0.5888598958607612,0.3319087729701839,0.5353546444502624,0.0,0.5009855152581325,0.5532724924258715,0.5377641300842494,0.6386765705712446,0.7756562671454736,0.3519324754770007,0.0,0.3148913816898317,0.3335760079775516,0.3598758110514066,0.0,0.4363251302049352,0.216126709618406,0.3553727158486109,0.327092161932697,0.0,0.2693466004110285,0.0,0.0675027344216859,0.2563074002107091,0.325313129089585,0.3948451400813459,0.3403274424671913,0.0,0.0,0.0,0.3927431557518242,0.4758685376274632,0.0,0.0,0.0,0.193212620981162,0.0,0.0,0.0,0.600573435130956,0.0,0.6628032242199046,0.1737910863610605,0.0,0.3459208048426597,0.1285428848513891,0.5523646633460098,0.5851487847329165,0.0,0.4696294239528146,0.2784224377664056,0.4532792197804825,0.501757115576392,0.479986905991449,0.2991598348631634,0.7410327451515082,0.0701924677662087,0.2996132270532905,0.0,0.0,0.0
0.4575009519591146,0.3663681249901614,0.7365794994391708,0.426930734570809,0.7413321973424587,0.7213708787627512,0.495907750789871,0.4439872979287822,0.8658778308613579,0.5700500142248616,0.8370459433022858,0.1793362228031339,0.4653112934332258,0.3535614449095783,0.7467940390868657,0.4838750717991045,0.0,0.0916317323945249,0.7161148590877437,0.8433583170983148,0.4370890791489503,0.8288446954729987,0.5985010161306799,0.1246403015709587,0.3549421395028488,0.3148913816898317,0.0,0.4129806799294477,0.7890428584920831,0.6130599891825753,0.6895247758835064,0.0465075208663911,0.4644134667944179,0.4077996943149108,0.0,0.4486712439478835,0.1394847568895947,0.0757500639341126,0.2175821323775327,0.2769856625142708,0.0,0.0,0.2601026968233689,0.2561313891644582,0.0,0.0,0.4361870225411999,0.6982270358134347,0.0,0.5897000411188954,0.5482993298466795,0.5925668440383273,0.4409977507049673,0.7752365155848588,0.0,0.8229107409287011,0.0,0.4367670029179158,0.0166633888714436,0.7208580129692226,0.0,0.0,0.0,0.6484433648891144,0.7867152157782091,0.4506607049756883,0.7832146176514675,0.6106661126935651,0.0,0.0,0.338328919727589,0.9462898756259288,0.4276229010608243,0.5764329664405105,0.524542622750973,0.0
0.0,0.2612359183050948,0.5861101182737332,0.4122120035907608,0.7034235295827709,0.7333628214852359,0.5351809086037134,0.4862220039507054,0.6678733050166549,0.3122611478781251,0.5736177680615765,0.4900933160838331,0.8175117838894519,0.2313244070939423,0.4052918946885063,0.4599866032876897,0.4290323143687158,0.6096122511943813,0.3441365688910752,0.5732299505882597,0.2759940951025325,0.3486791282533188,0.6030142689308217,0.3120242249082927,0.0,0.3335760079775516,0.4129806799294477,0.0,0.4153143404245831,0.5988256345947439,0.392115826875134,0.0,0.2245653748309869,0.0,0.0,0.5587194009685186,0.0829927369720888,0.043283819534527,0.0,0.2508982019815786,0.0,0.0,0.5224043980125478,0.0,0.0,0.0,0.0,0.6192658630910466,0.0,0.0,0.7723781142945043,0.0,0.4898525822794419,0.7003428792254661,0.3175256311559264,0.0,0.4381461134086533,0.6459881049754377,0.0,0.4367000663630511,0.0,0.0,0.0,0.0,0.732853051872214,0.1999940343746504,0.5202554768979656,0.4883952639612863,0.0,0.0,0.2999077903316108,0.491113198040679,0.8744591238530957,0.2598892513102305,0.0,0.0
0.5918592713865801,0.5400988365902405,0.0,0.4618804334051958,0.7119629185153562,0.6750377050532755,0.6251253890836033,0.3537483584704318,0.7173711547798363,0.7749981721184277,0.0,0.0,0.5129116958074217,0.0,0.6813711071796387,0.7930045845297256,0.4317225493227056,0.3916567870606924,0.0,0.7764747668614477,0.6707028676220925,0.8437319459959547,0.4548473819261515,0.0,0.6090122404378907,0.3598758110514066,0.7890428584920831,0.4153143404245831,0.0,0.5366681932009543,0.7649724541398907,0.1483656883273082,0.519955285668123,0.4803293387325545,0.0,0.3428937305072772,0.035974624408797,0.0,0.3288973240300958,0.4761515710134824,0.0676132919104722,0.0,0.1338595560032455,0.0,0.0,0.0,0.6495869287455819,0.4975073931113428,0.0,0.0,0.5850766279465924,0.6874494497114322,0.4367906377535126,0.5794094141748619,0.0,0.0,0.0,0.5077931127388019,0.0,0.6824792246867571,0.0,0.0,0.0,0.0,0.6698181397217163,0.6893210885278332,0.740180688103892,0.6094018416042856,0.0,0.0,0.6024954672740223,0.7198728334319981,0.4204182791617715,0.861012471428853,0.4379357368726161,0.0
0.0,0.0,0.0,0.0,0.0,0.6538340916559914,0.0,0.6565610079035822,0.6756812745247851,0.0,0.0,0.0,0.4979104251076602,0.0,0.0,0.5739050892129998,0.0,0.293577464896239,0.0,0.7617289547374728,0.0,0.6997265392513625,0.729004152017527,0.0,0.0,0.0,0.6130599891825753,0.5988256345947439,0.5366681932009543,0.0,0.727877471260725,0.128393555255876,0.0,0.3765618183645532,0.0,0.0,0.0,0.0,0.0,0.0,0.0,0.0,0.0,0.0,0.0,0.0,0.0,0.0,0.0,0.0,0.0,0.0,0.0,0.0,0.0,0.0,0.0,0.0,0.0,0.0,0.0,0.0,0.0,0.0,0.7278340982098351,0.0,0.0,0.6844889404744467,0.0,0.0,0.0,0.4943606241191588,0.0,0.2516164143841235,0.0,0.0
0.662993631503418,0.5202085126411881,0.4700130710182169,0.5712705276171234,0.6228653795108399,0.6036350314965517,0.4200812009005819,0.5535139457836865,0.6626756895981697,0.7841061954898196,0.541104426134654,0.3575323540782201,0.3602201549034155,0.3668206468264197,0.7677039130935946,0.6896156439600617,0.2810087361718033,0.1970689539152584,0.478587785907703,0.8065781386888065,0.8050646210509701,0.8318631599057157,0.5355467564773483,0.4794528698947259,0.4331095767318986,0.4363251302049352,0.6895247758835064,0.392115826875134,0.7649724541398907,0.727877471260725,0.0,0.1848153924056531,0.7126922813510205,0.5670697351749477,0.0,0.5243976879139411,0.1295651589062582,0.1570728712346808,0.4214713484264313,0.559471468593198,0.0,0.0,0.2550616334835962,0.0,0.0,0.0,0.6722437975988981,0.0,0.0,0.0,0.4425093410071751,0.0,0.6505310132483216,0.0,0.5930567294574016,0.0,0.1304324928828636,0.0,0.0,0.7625003526103665,0.4237762792752862,0.5578936536371453,0.5361576675640829,0.0,0.6858169317234226,0.7852464702216206,0.6875187236886119,0.6461614358239373,0.3205197662034924,0.6605971849976602,0.7281403430281591,0.6322991003560787,0.3008784826629651,0.6215715617984302,0.0,0.0
0.4177287199770348,0.2908941109207532,0.0,0.2305630686305615,0.0,0.0835894105061682,0.04345164017967,0.187287903142613,0.0,0.1551022212317944,0.0,0.0,0.0,0.0,0.0736905658970945,0.1953352880014509,0.0,0.0,0.1197186466557333,0.0673166385492329,0.3725813525092167,0.1411933261004522,0.0838206551202406,0.2741326881568561,0.3738349750111293,0.216126709618406,0.0465075208663911,0.0,0.1483656883273082,0.128393555255876,0.1848153924056531,0.0,0.3157368263435912,0.1967092668240983,0.1418807499634434,0.0,0.0,0.1914268421774611,0.6782589292110921,0.4174249944887623,0.3863445018575251,0.105956317149441,0.0,0.0,0.1280666483279058,0.3877757333756448,0.2467854650375489,0.0,0.0,0.0,0.0,0.1301748323370408,0.090564613978174,0.0,0.0654613322950483,0.0,0.0,0.0605978705911792,0.0,0.0783775337351692,0.2844125886956232,0.0,0.0255114062401828,0.0990499928457093,0.0,0.3178765620400553,0.0,0.1781981315761034,0.310864468424131,0.2910107128891844,0.2734506006379397,0.0,0.0,0.1443558045457548,0.0,0.1443254863613731
0.609101125123742,0.482722517559099,0.2045281079183273,0.0,0.3702655003834416,0.4973622161175223,0.3646571151011589,0.5450248053960327,0.4060171161132259,0.6893823764944604,0.2664454021873154,0.2781150928399346,0.3005114361942719,0.0,0.5002676050922148,0.552465552061628,0.2038821849377152,0.191798213761016,0.0,0.5075151238693456,0.6665504315098114,0.5051871260918066,0.4198889609166732,0.3813296216847099,0.4023578971039656,0.3553727158486109,0.4644134667944179,0.2245653748309869,0.519955285668123,0.0,0.7126922813510205,0.3157368263435912,0.0,0.659864769446225,0.0,0.3044530342948569,0.0,0.3557979266558821,0.3667281370214413,0.7479667124117488,0.0,0.0,0.0,0.0,0.1425830552013051,0.575648476615739,0.4897867733817373,0.0,0.0,0.0,0.0,0.0,0.0,0.0,0.3991448506779951,0.0,0.046027608241452,0.0,0.0,0.5500151085334554,0.2112937283030677,0.3421078468203741,0.3752338730966311,0.0,0.3428685247475716,0.6667663484580225,0.3137735139794003,0.4977115758247969,0.2415390355172475,0.4703638650603662,0.4846396025044842,0.3246051126870147,0.1334518600739139,0.0,0.0,0.0
0.5955937900835871,0.2841990488521451,0.0845550256648141,0.1708656640402263,0.3131253784907065,0.2285585587998541,0.1877561316588043,0.2401352977151213,0.2699134067098273,0.506946548636381,0.2132203902631616,0.167893938175577,0.1077131157600955,0.3231274986911552,0.3100833555190517,0.4260457630907826,0.04519374560856,0.1058058668259065,0.3515613487665734,0.4318673035979379,0.4155367386745096,0.5667700035356158,0.2466207684163458,0.2998558055282315,0.2705134944737011,0.327092161932697,0.4077996943149108,0.0,0.4803293387325545,0.3765618183645532,0.5670697351749477,0.1967092668240983,0.659864769446225,0.0,0.0,0.0105480054717777,0.1343047748449267,0.2745037688413043,0.3742443645824038,0.5624865804083198,0.4087318077576513,0.2121784064899916,0.0,0.0071845396926587,0.0,0.5731994560621045,0.2550351897224134,0.2128934493173485,0.0,0.0,0.0,0.1930385385481958,0.3209949936844617,0.1207401242558467,0.4580537085072346,0.0,0.0947807031677977,0.0,0.0,0.3124146495903849,0.291688445124918,0.2759383426238149,0.3503254566119562,0.0,0.2790469212443652,0.4724665211882178,0.3493908292423365,0.3838970786374157,0.2320227300564453,0.4436064639751815,0.4583902599869945,0.2383679795305186,0.0,0.3267760357643336,0.0,0.0
0.0,0.0,0.0,0.0,0.0,0.0,0.0,0.0,0.0,0.0,0.0,0.0,0.0,0.0,0.0,0.0,0.0,0.0,0.0,0.0,0.0,0.0,0.0,0.0,0.0,0.0,0.0,0.0,0.0,0.0,0.0,0.1418807499634434,0.0,0.0,0.0,0.0,0.0524836894185175,0.0,0.0620601601992215,0.0,0.4208114798090652,0.3193596021359963,0.0,0.0,0.0,0.0,0.0,0.0,0.0,0.0,0.0,0.0,0.0,0.0,0.0,0.0,0.0,0.0,0.0,0.0,0.0835828249889635,0.0,0.0,0.0,0.0,0.0,0.0,0.0,0.0,0.0,0.0,0.0,0.0,0.0,0.0,0.0
0.0,0.0,0.4733869640765245,0.5532592442338935,0.4882997032092904,0.5178999453363988,0.2992160692094737,0.4793959144419293,0.5435117198797718,0.3182774649783032,0.4803696178355161,0.3961185800904568,0.4728317319907673,0.2089112133062052,0.5867021376684857,0.0,0.0,0.0,0.2715973261844688,0.5877369971377986,0.0,0.4760192602205217,0.5209884088499739,0.2141695213720097,0.0,0.2693466004110285,0.4486712439478835,0.5587194009685186,0.3428937305072772,0.0,0.5243976879139411,0.0,0.3044530342948569,0.0105480054717777,0.0,0.0,0.3353362288845334,0.0490675711762894,0.0,0.1132842721772798,0.0,0.0,0.5118569549875018,0.289579425093172,0.0,0.0,0.0,0.3950198376205467,0.0,0.459312335543354,0.5427232960788384,0.3372845733460791,0.4839834523850104,0.5290160420989357,0.0,0.4930527015639594,0.1653852835427144,0.4107863249831125,0.0,0.0,0.0,0.0,0.0,0.1885743745938685,0.5977111580518675,0.0,0.5161051538377561,0.4935929388861458,0.0,0.0,0.0,0.4937324235524055,0.4663331826550542,0.2869565294398735,0.0,0.0
0.0,0.0,0.2640888133903737,0.2489865754369495,0.2649764263716965,0.0,0.0,0.0,0.1662067683063579,0.0,0.2661186553518307,0.2309209327833829,0.0512499075871574,0.3092838790150608,0.0,0.0,0.0,0.0,0.315824258327132,0.2345007822385897,0.0,0.2568572673415021,0.1238749820016125,0.0,0.0,0.0,0.1394847568895947,0.0829927369720888,0.035974624408797,0.0,0.1295651589062582,0.0,0.0,0.1343047748449267,0.0524836894185175,0.3353362288845334,0.0,0.0,0.0,0.0,0.2332663105585177,0.4253647761415473,0.0,0.0,0.0,0.0,0.0,0.0,0.0,0.0,0.0,0.0,0.0,0.0,0.0,0.0,0.0,0.0,0.0,0.0,0.0,0.0,0.0,0.0,0.0,0.0,0.0,0.223562800211774,0.0,0.0,0.0,0.0,0.0,0.0,0.0,0.0
0.2515461962277559,0.0,0.0,0.0,0.0,0.1658814181708754,0.200749065364853,0.0,0.03429004571926,0.1356085168894941,0.05792302873623,0.0289235848494207,0.0922273078064307,0.0,0.0,0.0,0.1312064243859315,0.0,0.0,0.0,0.0,0.0,0.0873201401714112,0.2211500703031215,0.2281717402544599,0.0675027344216859,0.0757500639341126,0.043283819534527,0.0,0.0,0.1570728712346808,0.1914268421774611,0.3557979266558821,0.2745037688413043,0.0,0.0490675711762894,0.0,0.0,0.2085014581347879,0.3326953938405735,0.0350369146920155,0.0,0.0,0.0,0.4156434054495427,0.0,0.0,0.0,0.0,0.0,0.0,0.0,0.0,0.0,0.0,0.0,0.0,0.0,0.0,0.0,0.0,0.0,0.0,0.0,0.0,0.0,0.0,0.0,0.2471266299009573,0.1294552892969422,0.1716193373370272,0.0,0.0,0.0,0.0,0.0
0.6272135403220377,0.3875833125611776,0.0,0.0,0.0,0.0722164308874769,0.0288990720108703,0.1988126466999657,0.0118479651009181,0.355177893614511,0.0,0.0369262136004033,0.0,0.0402164595140165,0.3155282578678938,0.312256467573313,0.0,0.0,0.2457557844020472,0.2330563529465181,0.5609664845104103,0.3906756412439683,0.0775084361221109,0.3541320621283998,0.5159842307251506,0.2563074002107091,0.2175821323775327,0.0,0.3288973240300958,0.0,0.4214713484264313,0.6782589292110921,0.3667281370214413,0.3742443645824038,0.0620601601992215,0.0,0.0,0.2085014581347879,0.0,0.3487830839206496,0.3058496668930989,0.1608536689046664,0.0,0.0,0.1006694028552559,0.6108754155973862,0.282768887071239,0.0,0.0316929704449599,0.0,0.0,0.0999671746804622,0.1810077444419191,0.0,0.1949196263907439,0.0,0.0,0.0,0.0,0.3608047057112949,0.4226268501570755,0.0896264128218492,0.0729860565656909,0.2195705467064553,0.0342452224555214,0.5450944515472652,0.1756608277870949,0.2415031781893546,0.5055639647774263,0.5209475227584467,0.4244558259946985,0.105718784900544,0.0,0.3286629910120586,0.1888590890935226,0.1228288851714715
0.4698716364057883,0.4747876658026975,0.0,0.0,0.0,0.0,0.0,0.0,0.0,0.5434256826098823,0.0,0.1880217178447896,0.3818129518666528,0.0,0.2070819827265121,0.5830885165089108,0.3346313371619938,0.3268439100289601,0.0,0.3351637262878754,0.6031969248797241,0.3240650949094301,0.2826196823914328,0.3567992432822947,0.4371315737194426,0.325313129089585,0.2769856625142708,0.2508982019815786,0.4761515710134824,0.0,0.559471468593198,0.4174249944887623,0.7479667124117488,0.5624865804083198,0.0,0.1132842721772798,0.0,0.3326953938405735,0.3487830839206496,0.0,0.1736904604101975,0.0,0.1714398465677254,0.0,0.2206507916507413,0.4783550003520975,0.5385053737385324,0.0628087682484899,0.0,0.0896605645186311,0.3014110700996567,0.3679973161145766,0.3672159785465501,0.1990231122423977,0.3494029926058192,0.1386037186932782,0.0870438962248617,0.3893355122802122,0.0,0.2534049190531345,0.2187591946048074,0.40285470166978,0.4005643728007244,0.0,0.2228188477827112,0.5877256814627502,0.198958041663889,0.3100719107656196,0.3020627530605955,0.3336714229045677,0.4974040230162738,0.1903352135034718,0.2135336596490485,0.3271511530744634,0.2995550368635844,0.0
0.312750217071061,0.0836261985175618,0.0,0.0,0.0,0.0,0.0,0.0,0.0,0.0,0.0,0.0687916671448671,0.0,0.0,0.0,0.1181936303859963,0.0,0.0,0.0,0.0,0.0,0.166870995161716,0.0,0.1990992712478627,0.1497983797841429,0.3948451400813459,0.0,0.0,0.0676132919104722,0.0,0.0,0.3863445018575251,0.0,0.4087318077576513,0.4208114798090652,0.0,0.2332663105585177,0.0350369146920155,0.3058496668930989,0.1736904604101975,0.0,0.6295041265200491,0.0,0.0,0.0,0.221086870406248,0.0,0.0696141255879841,0.3121990820981422,0.0,0.0,0.0,0.0,0.0,0.2593608730021732,0.0,0.1912238428824116,0.0,0.1402336388258576,0.0,0.2982792051717944,0.0871871747133769,0.1074635260850926,0.3179750818916815,0.0,0.0,0.0842258037968497,0.0,0.159354929983492,0.2165289658752595,0.3012808512639349,0.0,0.0,0.0,0.0,0.5640668025979135
0.0,0.0,0.0,0.0,0.0,0.0,0.0,0.0,0.0,0.0,0.0,0.145316343053451,0.0,0.0,0.0,0.0152627636574924,0.0,0.0,0.0,0.0,0.0,0.0888945107696515,0.0,0.0,0.0,0.3403274424671913,0.0,0.0,0.0,0.0,0.0,0.105956317149441,0.0,0.2121784064899916,0.3193596021359963,0.0,0.4253647761415473,0.0,0.1608536689046664,0.0,0.6295041265200491,0.0,0.0,0.0,0.0,0.0728629110589869,0.0,0.0473507412729676,0.3686633633499303,0.0,0.0,0.0,0.0,0.0,0.2412975052057931,0.0,0.2504973675558694,0.0,0.0,0.0,0.2237073793112043,0.166356791538296,0.1624250686488453,0.3301175081574857,0.0,0.0,0.028248992793529,0.0360207295787564,0.1060928966469289,0.1737393096519141,0.1896363025714263,0.0,0.0,0.0,0.0,0.3469732263610608
0.0,0.0,0.1871376458051654,0.0,0.2142163297448106,0.467883913647124,0.3635624284244739,0.4303346669291106,0.4003328876558082,0.0,0.2794641646474514,0.1138458301858631,0.457762922126461,0.0,0.2422708375791414,0.0,0.0,0.0,0.0,0.2965117786697754,0.0,0.1008047350585999,0.3237781977372293,0.0,0.0,0.0,0.2601026968233689,0.5224043980125478,0.1338595560032455,0.0,0.2550616334835962,0.0,0.0,0.0,0.0,0.5118569549875018,0.0,0.0,0.0,0.1714398465677254,0.0,0.0,0.0,0.2868155741123127,0.2656895348401878,0.0,0.0,0.1517730379780492,0.0,0.3250448323887048,0.5934610850388753,0.4377851295219609,0.3609425477712146,0.531061467865606,0.0,0.265366737027753,0.0,0.6759117531547583,0.0,0.3344791148265548,0.0,0.1400015345244407,0.0,0.0,0.4090983947421797,0.2037724946657553,0.248962734478197,0.2503031076938431,0.0,0.0,0.0,0.4189456727786136,0.5541192621711669,0.1728447662860323,0.0,0.0
