0.0,0.1300296592000737,0.0,0.0,0.0,0.0617293101265119,0.0,0.0620663968284546,0.0,0.4355433690844035,0.0,0.117988525243658,0.0,0.0,0.26594817150873,0.3152316147171174,0.3572267177361824,0.305940614024846,0.0,0.2496069081728199,0.5294253942296794,0.4672753107213294,0.1435460856399918,0.3634989258432979,0.5532965714170888,0.2636972716730495,0.413491797600241,0.2158092903528186,0.4228864183758555,0.0,0.4725863091393826,0.1130673359850053,0.0,0.2340981445926527,0.1870163962596367,0.0,0.0,0.0882659508011298,0.1399620268498343,0.075940365014637,0.1618807786814965,0.0,0.0,0.0,0.0,0.6636339295980017,0.0,0.0,0.0,0.0,0.0,0.0,0.0,0.0,0.2792249804848506,0.0,0.0,0.0,0.0,0.0,0.3261762421812403,0.0,0.2044039087656096,0.0,0.0,0.3784632144375983,0.3503897095838874,0.0,0.2482410328813247,0.2757774822982952,0.2903153843137049,0.0,0.0,0.0,0.0,0.3092226603033051
0.1300296592000737,0.0,0.0,0.0,0.0,0.6917759197896775,0.1750845174710475,0.6325486418542647,0.4568392748091254,0.0,0.0,0.0,0.548627498507417,0.0,0.4876888147219086,0.3823994967936076,0.57514249688807,0.4524250172055755,0.0,0.3437225905475545,0.4151847125938909,0.5066053952527131,0.5117610637811153,0.0,0.57364493309431,0.717439175474348,0.3217008261059386,0.3388416823338743,0.3581464749996687,0.0,0.0,0.4312048894116357,0.364634380160604,0.0,0.0371300602155226,0.0,0.0,0.0,0.424158761259524,0.3506031137877259,0.2725436116088788,0.0,0.0,0.0,0.0,0.0655662839817691,0.5376872569965493,0.0,0.0,0.0,0.6179853407097688,0.0,0.0,0.0,0.0,0.0,0.0,0.0,0.0,0.3229274793074055,0.2224235830921241,0.0,0.4757162040173356,0.0,0.3752343841772295,0.2441542291966867,0.2725085389108013,0.1838925754616411,0.0,0.6142672304324068,0.6149908638787286,0.4871864392774782,0.0,0.2204760441094885,0.0,0.2336036735908398
0.0,0.0,0.0,0.0,0.0,0.3410635805018077,0.0,0.5645119765553595,0.7015976800182511,0.3747002059291495,0.4208434676473912,0.0,0.1744194517871887,0.0,0.0,0.0,0.0,0.0,0.6100628266684761,0.0,0.0,0.0,0.6415195345028655,0.0,0.0,0.0,0.4460335005913698,0.3486485160529852,0.0,0.0,0.0,0.1451698965374703,0.1969645062267135,0.1921398288156162,0.0206313696952788,0.2828088854726268,0.0302734693904646,0.0,0.3330221371596444,0.0,0.2597979670156468,0.0,0.1979814992102317,0.0,0.0,0.0,0.0,0.6447422664553905,0.0,0.578127917487604,0.4498244934732501,0.4098423103169127,0.4178775395786759,0.7049102928396852,0.0,0.3832899096859365,0.0,0.3873399258975556,0.1519558407238574,0.0,0.0,0.0,0.0,0.5060999147580684,0.0,0.0,0.0,0.4740311309396138,0.0,0.0,0.0,0.5734701569884192,0.3956025305158204,0.0,0.0,0.0
0.0,0.0,0.0,0.0,0.117024045119978,0.0908726398116028,0.2623850865333832,0.0679635691518015,0.1645883523410119,0.0800156962066584,0.0,0.0,0.1666977518505569,0.0,0.0,0.0,0.0,0.0,0.0,0.2745367054804405,0.0,0.0,0.0,0.0,0.0,0.0,0.2077392234866488,0.2041775728710018,0.2196014790539697,0.0,0.2098723463832823,0.2750424152334378,0.0,0.0,0.1504571320413466,0.0,0.1478233892328112,0.0434563877840332,0.0,0.0,0.0,0.0,0.0,0.0,0.0,0.0,0.0,0.0,0.0,0.0,0.0,0.0,0.0,0.0,0.0,0.0,0.0,0.0,0.0,0.0,0.0,0.0,0.0,0.0,0.0,0.0,0.0,0.0,0.0,0.0,0.0,0.0,0.0,0.0,0.0,0.0
0.0,0.0,0.0,0.117024045119978,0.0,0.0,0.5430638892982669,0.0,0.0,0.1225053378874524,0.2943576419492602,0.0,0.0875337749305878,0.1977613684377832,0.0,0.1945295156337817,0.0,0.0,0.0,0.1102292429471188,0.0,0.1833987912403449,0.0,0.0,0.1485585006977976,0.0,0.1890540129902854,0.2445994729006175,0.2898531275526093,0.0,0.3483429297699899,0.0,0.0,0.0689022254675346,0.0,0.120197859407012,0.1123224402378399,0.0587751859582828,0.0013257197199444,0.0,0.0,0.0,0.0,0.0,0.0,0.0,0.0,0.0,0.0,0.3401692243680279,0.0398496713348181,0.0,0.0,0.0,0.0,0.0904858433891196,0.0,0.0,0.0,0.0,0.0,0.0,0.0,0.0,0.0,0.0,0.0,0.0974874293256334,0.0,0.0,0.0,0.1637949713129079,0.0,0.0,0.0,0.0
0.0617293101265119,0.6917759197896775,0.3410635805018077,0.0908726398116028,0.0,0.0,0.2101743130601319,0.6287704930028409,0.3913126079184902,0.3605057938092286,0.0,0.0,0.3996757734212442,0.0,0.4206218973455816,0.068056721339756,0.2902382244227104,0.3608360783568146,0.4252342734239229,0.4387017778654006,0.3984783180601454,0.4211614614831613,0.557518519420591,0.0,0.4454773287101563,0.511368986460746,0.5853631417708682,0.2330887002172948,0.5234963213460989,0.1399820792478167,0.0,0.4405501951757093,0.1482932521073786,0.0,0.0273646025254808,0.0,0.0945352047745215,0.0600078983965586,0.4956459048691825,0.0,0.314708940840976,0.0,0.1418174379701313,0.0,0.0,0.0,0.4394308649331324,0.5420817127323901,0.0,0.1368452641356815,0.7988083354411913,0.4489901252998873,0.5705501387593124,0.3780460488926504,0.0,0.2617405535391217,0.0,0.5185964145374325,0.0,0.3445312124357268,0.0,0.0,0.0,0.4103212725069462,0.5011665138692636,0.3495242600595156,0.4056462555056638,0.4194705088263995,0.0,0.0,0.3946956044261218,0.5664846132055261,0.2673126750448596,0.3087036456040419,0.3646461894229882,0.4419304535609796
0.0,0.1750845174710475,0.0,0.2623850865333832,0.5430638892982669,0.2101743130601319,0.0,0.1008098621170825,0.2108509038829656,0.2387429505760288,0.0,0.0,0.4016433358372266,0.0,0.0,0.1411814599772886,0.1571258273839234,0.3152819707750651,0.0,0.1675272229030867,0.0,0.187894187537447,0.0,0.2432326968313745,0.2481114912973286,0.064642854895369,0.327247226991969,0.1665571732413278,0.4204435863959632,0.0,0.3573325696380335,0.0679262904093956,0.0226979473830719,0.0,0.078027751363874,0.00545320535815,0.3578700453566776,0.1616518929468774,0.2179920256551386,0.0,0.1420009934565731,0.0,0.0729192254862457,0.0,0.0,0.0,0.0,0.0,0.0,0.0,0.3217753936192686,0.0,0.0,0.1443294104078024,0.0,0.0,0.0,0.0,0.0,0.0,0.0,0.0,0.0,0.0,0.0,0.0,0.0,0.0,0.0,0.0,0.0,0.267547209848921,0.0,0.0,0.0,0.0
0.0620663968284546,0.6325486418542647,0.5645119765553595,0.0679635691518015,0.0,0.6287704930028409,0.1008098621170825,0.0,0.4535099024645385,0.2851811540183889,0.1022165819639968,0.2057752977056879,0.3714895774128212,0.0,0.3977195466161446,0.0,0.0,0.1075864591737844,0.3919171797222573,0.2716313411546553,0.3279215094829897,0.2770909880352528,0.8094248699162354,0.5071709657162545,0.3573057534972647,0.6016860196702875,0.3381101792978327,0.1974059202557043,0.1844657999525155,0.0382105525073763,0.0,0.3188171776391533,0.2682279498941822,0.0,0.1001289828541723,0.1626314861815191,0.0512088387748511,0.0,0.4158609372318014,0.0,0.2885286165117574,0.0,0.1331806380855712,0.0,0.0,0.0,0.0,0.3304915647977014,0.0,0.3154787345161445,0.6079075059832703,0.4278738021483207,0.7017844818052512,0.434042530171857,0.0,0.2611772112090983,0.0,0.601306530313872,0.0,0.2561056329807069,0.0,0.0,0.0,0.2988593339019673,0.22634511216508,0.2281683006453691,0.0,0.5015853155299032,0.0,0.0,0.0,0.362341386879719,0.2409754878000619,0.0968798321301724,0.0,0.1704681108793372
0.0,0.4568392748091254,0.7015976800182511,0.1645883523410119,0.0,0.3913126079184902,0.2108509038829656,0.4535099024645385,0.0,0.2790953805743842,0.2613643964764887,0.0,0.392782694306107,0.0,0.0,0.0,0.0,0.0158031583059883,0.3912533329577978,0.6292024250688525,0.0,0.5217773902975734,0.4233042638244889,0.414327628368197,0.3700490646004757,0.522675573922641,0.5058431207592264,0.4806538767730077,0.2580123877688744,0.1834622286554165,0.0688294787791409,0.2323574339811098,0.2216552972937305,0.0,0.0,0.166263934748921,0.0337211109322556,0.1743965792106226,0.345167056336283,0.0,0.2608375545977589,0.0,0.1172104284979077,0.0,0.0,0.0,0.0,0.562104344462406,0.0,0.7401330886069457,0.5660284778418425,0.6654886113882686,0.2645650784605503,0.9238590576834924,0.0,0.3329750123794891,0.0,0.5729356780226392,0.0,0.0,0.0,0.0,0.0,0.2929933544294833,0.0,0.0,0.0,0.296604392702339,0.0,0.0,0.0,0.6925166819404271,0.6060306839028019,0.0,0.0,0.0
0.4355433690844035,0.0,0.3747002059291495,0.0800156962066584,0.1225053378874524,0.3605057938092286,0.2387429505760288,0.2851811540183889,0.2790953805743842,0.0,0.0,0.1332771489229564,0.0826208509820907,0.0,0.0,0.2521210115987439,0.7095422580711166,0.4742716747156354,0.5110552769326959,0.4776369174505629,0.0,0.5785128402640484,0.2610466993138076,0.5149702315524461,0.845364992215061,0.5312270472796743,0.678936797289353,0.2958662567167615,0.4090255423499311,0.0,0.2941814337666549,0.1308754171195927,0.0257010509038461,0.0,0.0,0.0,0.0667275467309148,0.0805320773878771,0.2602845570262788,0.1225503957561911,0.1400095129257671,0.1371225152945722,0.0,0.0,0.0243850723654187,0.466176473496311,0.0,0.0,0.0,0.0,0.0,0.0,0.0,0.0,0.6870834609532439,0.0,0.2400021651828374,0.2162698747964816,0.0,0.0,0.0,0.6062057345578262,0.3034192456363559,0.0,0.0,0.0,0.0,0.0,0.5704910738397121,0.6795844040256712,0.4539735765878563,0.0,0.3183313347885582,0.0,0.0,0.3634167576212213
0.0,0.0,0.4208434676473912,0.0,0.2943576419492602,0.0,0.0,0.1022165819639968,0.2613643964764887,0.0,0.0,0.0917856253809411,0.0,0.1976426073403594,0.0,0.0,0.0201623919649018,0.0,0.3501165658085243,0.0,0.0,0.0,0.2210846510605953,0.0842292639489845,0.0,0.129052688608151,0.0,0.0787754167048628,0.0,0.0,0.0,0.0,0.0771499113165417,0.1159174372766258,0.0,0.4092619535896404,0.0,0.0283026214066886,0.0,0.0,0.0,0.0,0.0,0.0,0.0,0.0,0.0,0.3056045348200773,0.0,0.3223012253506176,0.0611440933960432,0.0,0.1179859686101269,0.2353408590038745,0.0,0.705518518367365,0.0,0.0339480564818728,0.1629900944819741,0.0,0.0,0.0,0.0,0.3090198715836071,0.0,0.0,0.0,0.3178354507239355,0.0,0.0,0.0,0.1095232059644156,0.0633448906771819,0.0,0.0,0.0
0.117988525243658,0.0,0.0,0.0,0.0,0.0,0.0,0.2057752977056879,0.0,0.1332771489229564,0.0917856253809411,0.0,0.3268045422510807,0.0,0.0,0.0,0.2744140753008497,0.1421787008965193,0.0433910278933244,0.0,0.1363196620588917,0.0,0.2566212858161695,0.266968291232552,0.1011468040606623,0.2429910017034126,0.0,0.171952581294965,0.0,0.0,0.1174463680947381,0.0,0.070483808235511,0.1283554138354733,0.0,0.0790665422638319,0.0,0.0412148455025876,0.0,0.0,0.0,0.0,0.0,0.0,0.0,0.0,0.0,0.0,0.0,0.0,0.0,0.0,0.0,0.0,0.3592901393522615,0.0,0.7729241908838111,0.1666707107426388,0.0,0.0,0.0,0.0665218620480743,0.1693175398037115,0.0,0.0,0.0,0.0,0.0,0.1340248097507476,0.2018254743662104,0.2701401772513291,0.0,0.0,0.0,0.0,0.0
0.0,0.548627498507417,0.1744194517871887,0.1666977518505569,0.0875337749305878,0.3996757734212442,0.4016433358372266,0.3714895774128212,0.392782694306107,0.0826208509820907,0.0,0.3268045422510807,0.0,0.0,0.5038735912237736,0.5656084752539838,0.2830950769113591,0.5063601723492698,0.0,0.2543794123630081,0.4686845315029267,0.3847990341977819,0.3664618049825646,0.4159354469946161,0.2467872520504601,0.4220893248362294,0.2365501603356395,0.6469441253852276,0.4962908809147542,0.2098413532568744,0.3404950043331357,0.493472283141698,0.1970333771635793,0.0,0.0670613856466369,0.1515819096436414,0.1682649609868955,0.2574286861247666,0.3272602449198307,0.2532339045075698,0.2364049911705533,0.0712470986143634,0.0,0.0,0.2112462262884698,0.0,0.0,0.0056910974416768,0.0,0.0,0.5707904443475709,0.57042986643225,0.1649244183167161,0.0,0.0,0.0429727951022768,0.2541443355433634,0.0,0.0,0.3967821683437965,0.0,0.0,0.0,0.0,0.2911949536558347,0.0,0.3546219964722932,0.1658714677459599,0.0,0.5613688360402189,0.5719388635373416,0.3845676617428357,0.0,0.5300498807744084,0.0,0.0
0.0,0.0,0.0,0.0,0.1977613684377832,0.0,0.0,0.0,0.0,0.0,0.1976426073403594,0.0,0.0,0.0,0.0,0.0,0.0,0.0,0.0,0.0,0.0,0.0,0.0980189373527138,0.0,0.0,0.0,0.0,0.0,0.0,0.0,0.0512408020333972,0.0,0.0,0.1546643508660203,0.0,0.3504226068839189,0.048489545634281,0.0,0.0,0.0,0.0,0.0,0.1518969851772079,0.0,0.0,0.0,0.0,0.0,0.0,0.0,0.0,0.0,0.0,0.0,0.0,0.0,0.0,0.0,0.0,0.0,0.0,0.0,0.0,0.0,0.0,0.0,0.0,0.0660126390021942,0.0,0.0,0.0,0.0,0.0,0.0,0.0,0.0
0.26594817150873,0.4876888147219086,0.0,0.0,0.0,0.4206218973455816,0.0,0.3977195466161446,0.0,0.0,0.0,0.0,0.5038735912237736,0.0,0.0,0.2751557699808249,0.0,0.2394044418253376,0.0,0.7831653305303043,0.6673498600812429,0.8192594394903915,0.4593393947617076,0.5151254320030367,0.5020080689106476,0.4912022985562203,0.6430360009803028,0.697211000624182,0.5955129981387968,0.0,0.3550753471188804,0.502047569955873,0.2633560365993617,0.0,0.0332498039580327,0.0769641719225566,0.0,0.0,0.590811632613508,0.3975423286294318,0.3187170676756373,0.1675503865208405,0.0808310037221046,0.0,0.0,0.0,0.5095980201263097,0.0,0.0,0.0,0.5900962789055949,0.0,0.3029061715686029,0.0,0.0,0.0,0.0,0.5487847718565723,0.0,0.8054347607315459,0.4332544593544055,0.0,0.0,0.0,0.7428357091397515,0.632144610490323,0.7248028138890372,0.4624616068732857,0.0,0.5722111921173216,0.6300016451796503,0.7828932666359788,0.7567277724073753,0.6294538149915316,0.0,0.6336966075083308
0.3152316147171174,0.3823994967936076,0.0,0.0,0.1945295156337817,0.068056721339756,0.1411814599772886,0.0,0.0,0.2521210115987439,0.0,0.0,0.5656084752539838,0.0,0.2751557699808249,0.0,0.4809336562286136,0.7102495458895548,0.0,0.0490851134072732,0.3941669458851538,0.3761491861592232,0.0,0.257033326239182,0.4009754828568675,0.3834217444650252,0.149178168408517,0.4701046797972659,0.3966008712231776,0.1519528136541936,0.3498826136797148,0.2793556210905966,0.1842463202838439,0.0,0.0,0.0,0.0,0.0,0.2184888284365377,0.1925725678176681,0.1668519442889644,0.0443061929664323,0.0,0.0,0.0,0.2538130643790364,0.2630677523661092,0.0,0.0,0.0,0.0,0.0,0.0,0.0,0.0,0.0,0.0,0.0,0.0,0.4057154057613241,0.5436463393702474,0.0,0.5153554256314219,0.0,0.1450169136069688,0.4499871003822682,0.3617787572427614,0.0,0.0,0.3209511117348648,0.4045727308428166,0.1496115056752191,0.0,0.3521819478172324,0.0,0.3381491882871964
0.3572267177361824,0.57514249688807,0.0,0.0,0.0,0.2902382244227104,0.1571258273839234,0.0,0.0,0.7095422580711166,0.0201623919649018,0.2744140753008497,0.2830950769113591,0.0,0.0,0.4809336562286136,0.0,0.5666699567873229,0.0,0.2608009980233655,0.0,0.4346052671441449,0.0,0.4602391479907062,0.7391643988320912,0.6486570563084774,0.0,0.3319628335848283,0.2436093895776015,0.0,0.1193155895403182,0.1107363434688058,0.2020698117260667,0.0,0.0,0.0,0.0,0.0,0.0,0.155487141287877,0.0,0.0,0.0,0.0,0.0,0.0,0.0,0.0,0.0,0.0,0.0,0.0,0.0,0.0,0.5441998600246724,0.0,0.28405860434247,0.0,0.0,0.0,0.0,0.4695641061360526,0.3730926730025187,0.0,0.0,0.0,0.0,0.0,0.416119413481116,0.5330487390659592,0.5120289085758939,0.0,0.0,0.0,0.0,0.0
0.305940614024846,0.4524250172055755,0.0,0.0,0.0,0.3608360783568146,0.3152819707750651,0.1075864591737844,0.0158031583059883,0.4742716747156354,0.0,0.1421787008965193,0.5063601723492698,0.0,0.2394044418253376,0.7102495458895548,0.5666699567873229,0.0,0.0,0.1303063165247482,0.3812156984566826,0.4019095443083654,0.0546242240289962,0.2921169731842081,0.6297105573436668,0.4245948648385305,0.4342954010114345,0.3551517736862947,0.5890725619511936,0.229753452617512,0.4500626247852213,0.3687414369840003,0.0873462010840065,0.0,0.0333932625848703,0.0,0.0,0.0,0.3956432557260624,0.1344350981509692,0.2079329799865758,0.1663677401684665,0.0,0.0,0.0,0.321390743881594,0.319914996789784,0.0,0.0,0.0,0.0,0.0,0.0,0.0,0.3398913156768526,0.0,0.1247242429960182,0.0,0.0,0.0,0.5444699199502256,0.4848442310688254,0.6728408483969622,0.0,0.0,0.0,0.4745584936917807,0.0,0.0964526249194613,0.4857678649855275,0.2450379222674943,0.0,0.0,0.0,0.0,0.5454678896823415
0.0,0.0,0.6100628266684761,0.0,0.0,0.4252342734239229,0.0,0.3919171797222573,0.3912533329577978,0.5110552769326959,0.3501165658085243,0.0433910278933244,0.0,0.0,0.0,0.0,0.0,0.0,0.0,0.0,0.0,0.0,0.4084821322497604,0.0,0.0,0.0,0.5344740815905321,0.228290131461947,0.0,0.0,0.0,0.2572694474540007,0.0,0.0,0.0,0.1003210253245263,0.0,0.0,0.3385177496630559,0.0,0.0,0.0,0.1197234824455267,0.0,0.0,0.0,0.0,0.5388617239350814,0.0,0.175550308914394,0.3003483928110106,0.1309886257678794,0.3356318374799665,0.3417229272366632,0.0,0.2879141931756822,0.0,0.1745594697002857,0.0613225412966173,0.0,0.0,0.0,0.0,0.7160933664851619,0.0,0.0,0.0,0.38285711964754,0.0,0.0,0.0,0.4339758550975896,0.0,0.0,0.0,0.0
0.2496069081728199,0.3437225905475545,0.0,0.2745367054804405,0.1102292429471188,0.4387017778654006,0.1675272229030867,0.2716313411546553,0.6292024250688525,0.4776369174505629,0.0,0.0,0.2543794123630081,0.0,0.7831653305303043,0.0490851134072732,0.2608009980233655,0.1303063165247482,0.0,0.0,0.5136807131799536,0.8346193449396363,0.2600260098351875,0.0,0.4706010801911259,0.388645117737384,0.7561351642929018,0.5565665945840094,0.5366093594337787,0.4123751926289147,0.3121617381997228,0.3541892362670132,0.0871248048480163,0.0,0.0318018743918639,0.0,0.1030920142753711,0.0,0.4712676644839812,0.2857014567502871,0.2784753005375988,0.1741626662938851,0.1882700922256386,0.0,0.0,0.0,0.3188425332248121,0.0,0.0,0.0,0.4466808801852552,0.0,0.2167897145523747,0.0,0.0,0.0,0.0,0.3646376626737868,0.0,0.695059031164528,0.2638277197338542,0.0,0.0,0.0,0.8645081333289598,0.5892438682806943,0.750994574183421,0.3033525432058968,0.0,0.4634935602040029,0.4191062509948619,0.7805933042091218,0.6933003808058077,0.515914696320221,0.5643395064441515,0.5906016034214762
0.5294253942296794,0.4151847125938909,0.0,0.0,0.0,0.3984783180601454,0.0,0.3279215094829897,0.0,0.0,0.0,0.1363196620588917,0.4686845315029267,0.0,0.6673498600812429,0.3941669458851538,0.0,0.3812156984566826,0.0,0.5136807131799536,0.0,0.7172698411436541,0.4303886100635335,0.5030805478728579,0.5733064389396714,0.3907482153263649,0.5597151097831992,0.5758824042171119,0.6695177040338253,0.0,0.4776228077144002,0.4828300931381897,0.2061293842311848,0.0591077940381489,0.1486692306389274,0.0,0.0,0.0,0.4532598496934321,0.31549382704808,0.2744696411982434,0.1527289079239205,0.0,0.0,0.0,0.5954712901304017,0.3543097407663639,0.0,0.0,0.0,0.484892110726542,0.0,0.2268761046171256,0.0,0.0,0.0,0.0,0.3681614985425237,0.0,0.6488629049981067,0.536736196824099,0.0,0.0,0.0,0.4752584382824363,0.7088383857437568,0.6023119075646872,0.4874816952496152,0.0,0.5557708085691405,0.6020948574483951,0.6512465102541297,0.5401321893622,0.6558753522465709,0.0,0.5445508859220248
0.4672753107213294,0.5066053952527131,0.0,0.0,0.1833987912403449,0.4211614614831613,0.187894187537447,0.2770909880352528,0.5217773902975734,0.5785128402640484,0.0,0.0,0.3847990341977819,0.0,0.8192594394903915,0.3761491861592232,0.4346052671441449,0.4019095443083654,0.0,0.8346193449396363,0.7172698411436541,0.0,0.2966962214985821,0.0,0.6686356218793955,0.4736851692961998,0.7389590942789188,0.6267808225937598,0.7321136498593854,0.4366039566062996,0.492989438262965,0.5246008607350189,0.2293689736912978,0.0,0.1106908547478094,0.0,0.0,0.0,0.4947228971014912,0.3799895876360117,0.3099448566524169,0.1472707875171592,0.052571410561024,0.0,0.0,0.6315995614045918,0.4686906352554651,0.0,0.0,0.0,0.4984050017822232,0.0,0.0,0.0,0.0,0.0,0.0,0.0,0.0,0.7633903650744929,0.5509495227176757,0.0,0.5066680421092193,0.0,0.7237840856457255,0.7253194075151611,0.8340694153727636,0.3620203668607927,0.0,0.6076098696536446,0.5762627530126895,0.806090906774596,0.6839507484321355,0.6964428251528276,0.0,0.6908526256553942
0.1435460856399918,0.5117610637811153,0.6415195345028655,0.0,0.0,0.557518519420591,0.0,0.8094248699162354,0.4233042638244889,0.2610466993138076,0.2210846510605953,0.2566212858161695,0.3664618049825646,0.0980189373527138,0.4593393947617076,0.0,0.0,0.0546242240289962,0.4084821322497604,0.2600260098351875,0.4303886100635335,0.2966962214985821,0.0,0.3893040415649886,0.4298511967988498,0.5349687322046529,0.3754696038478253,0.260411907100862,0.1987447968859757,0.1823251920254645,0.0669925388288217,0.3290230090302325,0.2507167330598303,0.1071994607714751,0.0453294974533097,0.2334227433265197,0.0332347827518395,0.2302387772954019,0.3894005659836594,0.3062122062785126,0.2357640467352167,0.0174702785969381,0.1700571711425542,0.040743927814793,0.0,0.0,0.4916318470001294,0.4787283597088426,0.0,0.3273926139329134,0.6615147970713472,0.3437723520114251,0.7295970355394011,0.4155321273580513,0.0,0.2392362250673298,0.0,0.4946947751307635,0.0706535978523908,0.381369808357672,0.0,0.0,0.0,0.3137938449565629,0.3027584095670416,0.2836557585907633,0.2931899510883423,0.7973275237561551,0.0,0.5061658704707895,0.5555964182432113,0.4567863689332714,0.2498089736624033,0.2368786267120001,0.0656445435970836,0.2152888987945789
0.3634989258432979,0.0,0.0,0.0,0.0,0.0,0.2432326968313745,0.5071709657162545,0.414327628368197,0.5149702315524461,0.0842292639489845,0.266968291232552,0.4159354469946161,0.0,0.5151254320030367,0.257033326239182,0.4602391479907062,0.2921169731842081,0.0,0.0,0.5030805478728579,0.0,0.3893040415649886,0.0,0.441686403049658,0.5782673792440358,0.410554678254114,0.5095451781490394,0.0,0.0,0.252070574927813,0.3987570912207974,0.3329039746075576,0.0,0.1485888908049872,0.0205793788700468,0.0,0.1688358739400299,0.4424991760755202,0.3206770301994194,0.2969645389341167,0.0,0.0,0.0,0.2228567404936963,0.4461161434344385,0.0,0.0,0.0,0.0,0.0,0.0,0.0,0.0,0.481577867371304,0.0,0.1748509695248737,0.0,0.0,0.0,0.20659295327082,0.4676827490911928,0.4469231306556918,0.0,0.0,0.0,0.0,0.0,0.6543703282390414,0.4661943779319129,0.6983740417803109,0.0,0.4706763565870413,0.0,0.0,0.2752896534961697
0.5532965714170888,0.57364493309431,0.0,0.0,0.1485585006977976,0.4454773287101563,0.2481114912973286,0.3573057534972647,0.3700490646004757,0.845364992215061,0.0,0.1011468040606623,0.2467872520504601,0.0,0.5020080689106476,0.4009754828568675,0.7391643988320912,0.6297105573436668,0.0,0.4706010801911259,0.5733064389396714,0.6686356218793955,0.4298511967988498,0.441686403049658,0.0,0.6356572780773775,0.7285741725220436,0.3857110177591122,0.5211049470224834,0.0,0.3711195648559195,0.2376577422999221,0.1058364062734678,0.0541825774182415,0.0125511616254938,0.0,0.0,0.1310527656599984,0.3523574682487791,0.2268010608910809,0.2601879786148493,0.2084157732059277,0.0,0.0,0.0,0.4998322992471445,0.4575665539154097,0.0,0.0,0.0,0.0,0.0,0.0,0.0,0.6765892133061343,0.0,0.1817037889691069,0.2252761205871155,0.0,0.5625508992018042,0.3357914855393017,0.6066143467454607,0.421268263689847,0.0,0.5089982558154689,0.5304485108563939,0.6067029589404289,0.3865746939632677,0.5155102766201497,0.7653708597074841,0.5302927605064212,0.0,0.0,0.502481123017274,0.0,0.5272968420042883
0.2636972716730495,0.717439175474348,0.0,0.0,0.0,0.511368986460746,0.064642854895369,0.6016860196702875,0.522675573922641,0.5312270472796743,0.129052688608151,0.2429910017034126,0.4220893248362294,0.0,0.4912022985562203,0.3834217444650252,0.6486570563084774,0.4245948648385305,0.0,0.388645117737384,0.3907482153263649,0.4736851692961998,0.5349687322046529,0.5782673792440358,0.6356572780773775,0.0,0.4328516468641443,0.3861972425921379,0.1722377817123028,0.0,0.0,0.2731793329182485,0.3147293139548429,0.0,0.0117754954585452,0.2135523509907145,0.0,0.1597533441297431,0.4218005892633082,0.35357663958212,0.3779413999426598,0.0834456804188809,0.0,0.0,0.1817728131369239,0.0884901641017694,0.4217550935705241,0.0,0.0,0.0,0.4223491028006486,0.0,0.0,0.0,0.4201329105636014,0.0,0.2172089072361477,0.3975245131995031,0.0,0.4580278091171617,0.0491603181480388,0.5337583856483571,0.331397399147213,0.0,0.4594393758815967,0.3071052924204531,0.4073288701853255,0.2121298073669356,0.4863384551950922,0.4962290723591838,0.6479304556085224,0.4399453863625022,0.2791844193434461,0.1074424374111161,0.0,0.261409857638777
0.413491797600241,0.3217008261059386,0.4460335005913698,0.2077392234866488,0.1890540129902854,0.5853631417708682,0.327247226991969,0.3381101792978327,0.5058431207592264,0.678936797289353,0.0,0.0,0.2365501603356395,0.0,0.6430360009803028,0.149178168408517,0.0,0.4342954010114345,0.5344740815905321,0.7561351642929018,0.5597151097831992,0.7389590942789188,0.3754696038478253,0.410554678254114,0.7285741725220436,0.4328516468641443,0.0,0.4563850352091881,0.7059805615959205,0.3760501914441164,0.4362024614227012,0.3810177428714959,0.0,0.0,0.0,0.0,0.2319019978668311,0.133533602859164,0.5631166473716402,0.2600769993210513,0.3462753829575594,0.3536539207629905,0.1635654460110154,0.2152319172296091,0.0,0.0,0.3764978991514721,0.5417400697829148,0.0,0.3502698158184947,0.536485640620727,0.5091086892170145,0.2129098013953663,0.3841547865420827,0.0,0.0576108934378226,0.0,0.2528265007034531,0.0175245983312182,0.7120241844437611,0.0,0.0,0.0,0.2238777499899226,0.6930016612364496,0.6565727801946802,0.7742439512125894,0.5063547835539833,0.0,0.0,0.3491144601162549,0.8178488807598812,0.5478433141938461,0.5752422763373309,0.4193792677225768,0.7292599501559143
0.2158092903528186,0.3388416823338743,0.3486485160529852,0.2041775728710018,0.2445994729006175,0.2330887002172948,0.1665571732413278,0.1974059202557043,0.4806538767730077,0.2958662567167615,0.0787754167048628,0.171952581294965,0.6469441253852276,0.0,0.697211000624182,0.4701046797972659,0.3319628335848283,0.3551517736862947,0.228290131461947,0.5565665945840094,0.5758824042171119,0.6267808225937598,0.260411907100862,0.5095451781490394,0.3857110177591122,0.3861972425921379,0.4563850352091881,0.0,0.5772912891643007,0.4205409876246607,0.3853477364328977,0.4821199669589671,0.1965501083049888,0.0,0.0846394848793043,0.0908807504409008,0.0618443126491718,0.2360860545966481,0.4311999111957331,0.3521178186825423,0.2831547000027331,0.1808091062000924,0.0299569542987709,0.0,0.1639041975621071,0.0,0.0,0.0882885404008054,0.0,0.0,0.4055010050785873,0.0,0.024823411184905,0.3778475775309641,0.4596157837553193,0.0,0.1400506576632297,0.5138079884229919,0.0,0.6732713508036505,0.0,0.0,0.0,0.0,0.5467541187787964,0.6486093748640689,0.6531540621061185,0.242673749448993,0.0,0.5080744571463329,0.579937821521453,0.5434183115232201,0.729221872139078,0.6140781933374119,0.0,0.509237973409124
0.4228864183758555,0.3581464749996687,0.0,0.2196014790539697,0.2898531275526093,0.5234963213460989,0.4204435863959632,0.1844657999525155,0.2580123877688744,0.4090255423499311,0.0,0.0,0.4962908809147542,0.0,0.5955129981387968,0.3966008712231776,0.2436093895776015,0.5890725619511936,0.0,0.5366093594337787,0.6695177040338253,0.7321136498593854,0.1987447968859757,0.0,0.5211049470224834,0.1722377817123028,0.7059805615959205,0.5772912891643007,0.0,0.3777252448620378,0.6038220546591232,0.5474030215688629,0.0358006050961322,0.0,0.0807918484574987,0.0,0.1280152293527863,0.0,0.4535634848612471,0.2861622656396418,0.2469295472333105,0.1639262001186283,0.0,0.0,0.0,0.0,0.4185323755695158,0.1868738114510027,0.0,0.0,0.5415508280378836,0.5470667372886706,0.0774135163959084,0.1548691325455355,0.0,0.0,0.0,0.3490001238124173,0.0,0.5935099490530491,0.0,0.0,0.0,0.0,0.4942671887590211,0.6832927814083574,0.6734928537229012,0.3217914577948978,0.0,0.0,0.3791216636834588,0.663159615257851,0.5247419786487271,0.8247860428555377,0.3867739211788332,0.7264924044926497
0.0,0.0,0.0,0.0,0.0,0.1399820792478167,0.0,0.0382105525073763,0.1834622286554165,0.0,0.0,0.0,0.2098413532568744,0.0,0.0,0.1519528136541936,0.0,0.229753452617512,0.0,0.4123751926289147,0.0,0.4366039566062996,0.1823251920254645,0.0,0.0,0.0,0.3760501914441164,0.4205409876246607,0.3777252448620378,0.0,0.3665344183619958,0.3632327952593331,0.0,0.0754971884343415,0.122370126389379,0.0,0.0,0.0,0.0,0.0,0.0,0.0,0.0,0.0,0.0,0.0,0.0,0.0,0.0,0.0,0.0,0.0,0.0,0.0,0.0,0.0,0.0,0.0,0.0,0.0,0.0,0.0,0.0,0.0,0.4545651662687989,0.0,0.0,0.2197505655712395,0.0,0.0,0.0,0.4142826757579445,0.0,0.4981509865601741,0.0,0.0
0.4725863091393826,0.0,0.0,0.2098723463832823,0.3483429297699899,0.0,0.3573325696380335,0.0,0.0688294787791409,0.2941814337666549,0.0,0.1174463680947381,0.3404950043331357,0.0512408020333972,0.3550753471188804,0.3498826136797148,0.1193155895403182,0.4500626247852213,0.0,0.3121617381997228,0.4776228077144002,0.492989438262965,0.0669925388288217,0.252070574927813,0.3711195648559195,0.0,0.4362024614227012,0.3853477364328977,0.6038220546591232,0.3665344183619958,0.0,0.2682203375888038,0.0,0.1772095801641686,0.208775215024565,0.0924403834148552,0.2491487355416621,0.2765484774133748,0.2529826339371303,0.0,0.0935786651388631,0.0,0.0,0.0,0.0,0.0,0.1703549716198028,0.0,0.0,0.0,0.144597395527868,0.0,0.0,0.0,0.3256234905603017,0.0,0.0910657646804692,0.0,0.0,0.4195212697403599,0.5072282745577004,0.2758893676960242,0.4263090064554951,0.0,0.2539617563765377,0.4769167373498597,0.4919793220072541,0.2204159247155525,0.0777676483012854,0.3553758248146081,0.1364035741458871,0.4287182518445541,0.3896294222196312,0.653310433227406,0.0,0.4885097189246052
0.1130673359850053,0.4312048894116357,0.1451698965374703,0.2750424152334378,0.0,0.4405501951757093,0.0679262904093956,0.3188171776391533,0.2323574339811098,0.1308754171195927,0.0,0.0,0.493472283141698,0.0,0.502047569955873,0.2793556210905966,0.1107363434688058,0.3687414369840003,0.2572694474540007,0.3541892362670132,0.4828300931381897,0.5246008607350189,0.3290230090302325,0.3987570912207974,0.2376577422999221,0.2731793329182485,0.3810177428714959,0.4821199669589671,0.5474030215688629,0.3632327952593331,0.2682203375888038,0.0,0.2903831721026118,0.0,0.2180202007112171,0.0549646941853236,0.0942452072777981,0.2409262192696461,0.5732670495708828,0.3673543741936291,0.3344659378085093,0.0,0.0,0.0101851036682168,0.3720850833596545,0.2449288294128343,0.3557174590031151,0.1672733200834177,0.0,0.1413098449452888,0.449017202795123,0.3947781302194599,0.2181960218889141,0.2148750919304609,0.1856771672059421,0.0282695950071773,0.0,0.4097864048436587,0.0,0.4566191420694859,0.4465092944758241,0.3080868897200346,0.5237019701188818,0.1477748882480646,0.3194265385894294,0.4037104333015286,0.4374098211670844,0.2517369107427122,0.2563522089965453,0.2762720736181079,0.3205074392555672,0.4555792704102243,0.4494311353444321,0.4243621306384086,0.0,0.4980667313781987
0.0,0.364634380160604,0.1969645062267135,0.0,0.0,0.1482932521073786,0.0226979473830719,0.2682279498941822,0.2216552972937305,0.0257010509038461,0.0771499113165417,0.070483808235511,0.1970333771635793,0.0,0.2633560365993617,0.1842463202838439,0.2020698117260667,0.0873462010840065,0.0,0.0871248048480163,0.2061293842311848,0.2293689736912978,0.2507167330598303,0.3329039746075576,0.1058364062734678,0.3147293139548429,0.0,0.1965501083049888,0.0358006050961322,0.0,0.0,0.2903831721026118,0.0,0.0824821866102965,0.096687881756091,0.1019267156445453,0.0,0.0837341244479082,0.2410415406528663,0.390113305427209,0.2368764221157002,0.0,0.0,0.0,0.2170658740717572,0.0583602887837756,0.2612743690092379,0.0,0.0,0.0,0.0,0.0,0.0,0.0,0.1433878691332876,0.0,0.0,0.0,0.0,0.0564081136961069,0.1348077594138398,0.0470593536169828,0.2043630661144337,0.0,0.0345664948301618,0.1251356717897774,0.0645812232405691,0.0816263342634999,0.2767968028639627,0.0753522067244441,0.3601084772488143,0.1335166081593835,0.1970337033691735,0.0,0.0,0.020547986330806
0.2340981445926527,0.0,0.1921398288156162,0.0,0.0689022254675346,0.0,0.0,0.0,0.0,0.0,0.1159174372766258,0.1283554138354733,0.0,0.1546643508660203,0.0,0.0,0.0,0.0,0.0,0.0,0.0591077940381489,0.0,0.1071994607714751,0.0,0.0541825774182415,0.0,0.0,0.0,0.0,0.0754971884343415,0.1772095801641686,0.0,0.0824821866102965,0.0,0.0479926777052331,0.1247478054150204,0.0491579914081764,0.2447011599546869,0.0,0.0,0.0028608999567621,0.0,0.0,0.0,0.0332070233972502,0.1270942087060072,0.0462624959313111,0.0244487820511468,0.0,0.0,0.0,0.0,0.0,0.0,0.1783837237349736,0.0,0.141804329637495,0.0,0.0,0.0,0.0172809448195559,0.0,0.0,0.0,0.0,0.0,0.0267684330688471,0.0754192462988015,0.0247200458956352,0.0678725320457379,0.0459250840533449,0.0,0.0,0.148175832676549,0.0,0.0
0.1870163962596367,0.0371300602155226,0.0206313696952788,0.1504571320413466,0.0,0.0273646025254808,0.078027751363874,0.1001289828541723,0.0,0.0,0.0,0.0,0.0670613856466369,0.0,0.0332498039580327,0.0,0.0,0.0333932625848703,0.0,0.0318018743918639,0.1486692306389274,0.1106908547478094,0.0453294974533097,0.1485888908049872,0.0125511616254938,0.0117754954585452,0.0,0.0846394848793043,0.0807918484574987,0.122370126389379,0.208775215024565,0.2180202007112171,0.096687881756091,0.0479926777052331,0.0,0.0930518778994019,0.0794918489958659,0.094449459230281,0.1691285444030683,0.0,0.1863442681105134,0.2417451664852077,0.0177704483418825,0.0662231932022873,0.1470685367592728,0.0,0.1165111403676007,0.0,0.0,0.0,0.1100895659288125,0.0,0.0,0.0,0.0,0.0,0.0,0.0895614841172557,0.0,0.0190249373359498,0.1548935999543598,0.0,0.0,0.0,0.0,0.0,0.0632404117130839,0.0198251380702147,0.0,0.0015308235955253,0.0654984159911362,0.1076940259073801,0.0578382998463563,0.092080494724886,0.0,0.0
0.0,0.0,0.2828088854726268,0.0,0.120197859407012,0.0,0.00545320535815,0.1626314861815191,0.166263934748921,0.0,0.4092619535896404,0.0790665422638319,0.1515819096436414,0.3504226068839189,0.0769641719225566,0.0,0.0,0.0,0.1003210253245263,0.0,0.0,0.0,0.2334227433265197,0.0205793788700468,0.0,0.2135523509907145,0.0,0.0908807504409008,0.0,0.0,0.0924403834148552,0.0549646941853236,0.1019267156445453,0.1247478054150204,0.0930518778994019,0.0,0.0162703341461375,0.3463182059899574,0.1486410112483402,0.0965944312765774,0.0964723665762716,0.0,0.076034262767201,0.0,0.0846539796259488,0.0,0.0,0.0532947286527891,0.0,0.2862709967601576,0.1773174066954105,0.1137348466136297,0.0306138374916549,0.2591709249489657,0.0,0.1587497789457188,0.1242263678029376,0.212314472554927,0.0,0.0,0.0,0.0,0.0,0.1436759792555341,0.0,0.0,0.0,0.0904378206022962,0.0,0.0,0.0,0.0518700935995635,0.0210362037718546,0.0,0.0,0.0
0.0,0.0,0.0302734693904646,0.1478233892328112,0.1123224402378399,0.0945352047745215,0.3578700453566776,0.0512088387748511,0.0337211109322556,0.0667275467309148,0.0,0.0,0.1682649609868955,0.048489545634281,0.0,0.0,0.0,0.0,0.0,0.1030920142753711,0.0,0.0,0.0332347827518395,0.0,0.0,0.0,0.2319019978668311,0.0618443126491718,0.1280152293527863,0.0,0.2491487355416621,0.0942452072777981,0.0,0.0491579914081764,0.0794918489958659,0.0162703341461375,0.0,0.2595927943386392,0.2699811553855734,0.0,0.2163480400548215,0.0939546365583485,0.0414729300078187,0.0,0.0,0.0,0.0,0.0,0.0,0.0,0.0,0.0,0.0,0.0,0.0,0.0,0.0,0.0,0.0,0.0,0.0,0.0,0.0,0.0,0.0,0.0,0.0,0.0332349058377397,0.0,0.0,0.0,0.0,0.0,0.0,0.0,0.0
0.0882659508011298,0.0,0.0,0.0434563877840332,0.0587751859582828,0.0600078983965586,0.1616518929468774,0.0,0.1743965792106226,0.0805320773878771,0.0283026214066886,0.0412148455025876,0.2574286861247666,0.0,0.0,0.0,0.0,0.0,0.0,0.0,0.0,0.0,0.2302387772954019,0.1688358739400299,0.1310527656599984,0.1597533441297431,0.133533602859164,0.2360860545966481,0.0,0.0,0.2765484774133748,0.2409262192696461,0.0837341244479082,0.2447011599546869,0.094449459230281,0.3463182059899574,0.2595927943386392,0.0,0.315990472456192,0.1654126341438738,0.3050930606672656,0.0627661419068723,0.0,0.0,0.2452320257680594,0.0,0.0,0.0,0.0,0.0,0.0,0.0,0.0,0.0,0.1859481360180842,0.0,0.0,0.0,0.0,0.0,0.0,0.0,0.0,0.0,0.0,0.0,0.0,0.0,0.1324388535418587,0.2139115599993496,0.2034184369725805,0.0,0.2115203330964681,0.0,0.0,0.0
0.1399620268498343,0.424158761259524,0.3330221371596444,0.0,0.0013257197199444,0.4956459048691825,0.2179920256551386,0.4158609372318014,0.345167056336283,0.2602845570262788,0.0,0.0,0.3272602449198307,0.0,0.590811632613508,0.2184888284365377,0.0,0.3956432557260624,0.3385177496630559,0.4712676644839812,0.4532598496934321,0.4947228971014912,0.3894005659836594,0.4424991760755202,0.3523574682487791,0.4218005892633082,0.5631166473716402,0.4311999111957331,0.4535634848612471,0.0,0.2529826339371303,0.5732670495708828,0.2410415406528663,0.0,0.1691285444030683,0.1486410112483402,0.2699811553855734,0.315990472456192,0.0,0.3756251764747339,0.6320586261374622,0.1703705636291347,0.196460792841918,0.1555269589759293,0.3415646932180296,0.3819044192647895,0.4369699516150749,0.2970838936375926,0.2468375155674745,0.2743560751335531,0.5188667381088996,0.4406010141441959,0.3176341805672442,0.3814611056377738,0.1718046586312886,0.0,0.0,0.4918665087632521,0.0,0.6105189641850781,0.363800976969045,0.4873638080959523,0.4736354586566783,0.1536189967133814,0.4417012614845019,0.5553307585889671,0.6077312256968477,0.3240122968178859,0.3830319581498369,0.397140821154582,0.4652463168008474,0.4897598776465217,0.4252810724806601,0.3294597610693677,0.3339045569494859,0.5790169262284451
0.075940365014637,0.3506031137877259,0.0,0.0,0.0,0.0,0.0,0.0,0.0,0.1225503957561911,0.0,0.0,0.2532339045075698,0.0,0.3975423286294318,0.1925725678176681,0.155487141287877,0.1344350981509692,0.0,0.2857014567502871,0.31549382704808,0.3799895876360117,0.3062122062785126,0.3206770301994194,0.2268010608910809,0.35357663958212,0.2600769993210513,0.3521178186825423,0.2861622656396418,0.0,0.0,0.3673543741936291,0.390113305427209,0.0,0.0,0.0965944312765774,0.0,0.1654126341438738,0.3756251764747339,0.0,0.3274525611639259,0.0,0.1413543179485675,0.0817739321240472,0.3333793958901079,0.1700352652864079,0.264648970555482,0.2679457637951073,0.0,0.1783399380091767,0.4499086704514143,0.3575718116498231,0.2708442360525147,0.2653817524756381,0.1865522663845637,0.1054685600354348,0.0,0.406879468740442,0.0,0.2726089232095895,0.2466167692332438,0.2299189126185316,0.3007198494942799,0.1261545880404274,0.2669753937322792,0.3298926653042642,0.27000013805097,0.2699543185876017,0.3079653039211946,0.2964856638514182,0.4198087227072519,0.3316416455587951,0.3724194922950636,0.2543323010407038,0.3391829586901599,0.3270185008017409
0.1618807786814965,0.2725436116088788,0.2597979670156468,0.0,0.0,0.314708940840976,0.1420009934565731,0.2885286165117574,0.2608375545977589,0.1400095129257671,0.0,0.0,0.2364049911705533,0.0,0.3187170676756373,0.1668519442889644,0.0,0.2079329799865758,0.0,0.2784753005375988,0.2744696411982434,0.3099448566524169,0.2357640467352167,0.2969645389341167,0.2601879786148493,0.3779413999426598,0.3462753829575594,0.2831547000027331,0.2469295472333105,0.0,0.0935786651388631,0.3344659378085093,0.2368764221157002,0.0028608999567621,0.1863442681105134,0.0964723665762716,0.2163480400548215,0.3050930606672656,0.6320586261374622,0.3274525611639259,0.0,0.1823195562379783,0.1826759508515348,0.2891661748553664,0.3581421407024772,0.259896115742015,0.254125214337551,0.2544099832765946,0.2176953835983776,0.2289992815800393,0.2243927622055123,0.2102148826820096,0.0829684764815962,0.2410077330943147,0.0165762151562975,0.0,0.0,0.2835402636477923,0.034723160962813,0.3371293415669827,0.2057022334690939,0.228169095385181,0.2924717110715717,0.0,0.2631361758395187,0.3919294379857775,0.3792459822668002,0.0767515030855457,0.1855607293443752,0.217357731133885,0.3120345155733219,0.3134217925723498,0.3159762023538636,0.1054201539600119,0.2283401040804293,0.4558955297676719
0.0,0.0,0.0,0.0,0.0,0.0,0.0,0.0,0.0,0.1371225152945722,0.0,0.0,0.0712470986143634,0.0,0.1675503865208405,0.0443061929664323,0.0,0.1663677401684665,0.0,0.1741626662938851,0.1527289079239205,0.1472707875171592,0.0174702785969381,0.0,0.2084157732059277,0.0834456804188809,0.3536539207629905,0.1808091062000924,0.1639262001186283,0.0,0.0,0.0,0.0,0.0,0.2417451664852077,0.0,0.0939546365583485,0.0627661419068723,0.1703705636291347,0.0,0.1823195562379783,0.0,0.108277027664567,0.0869025928960411,0.0,0.2395265021855289,0.1551734877193436,0.0,0.0272927622163395,0.1166017963631085,0.0,0.0688505789123706,0.0,0.0,0.0416127448130271,0.0,0.0,0.0,0.0,0.2939557864646084,0.0984973210889806,0.1207825305823907,0.1321237575570774,0.0,0.0854535966159982,0.2678738463293136,0.3039683728533497,0.0448130987948522,0.0718239766141697,0.0963159192651092,0.0675393923483782,0.1944572621481222,0.095055965764885,0.0993191831966401,0.0,0.2324833320620477
0.0,0.0,0.1979814992102317,0.0,0.0,0.1418174379701313,0.0729192254862457,0.1331806380855712,0.1172104284979077,0.0,0.0,0.0,0.0,0.1518969851772079,0.0808310037221046,0.0,0.0,0.0,0.1197234824455267,0.1882700922256386,0.0,0.052571410561024,0.1700571711425542,0.0,0.0,0.0,0.1635654460110154,0.0299569542987709,0.0,0.0,0.0,0.0,0.0,0.0,0.0177704483418825,0.076034262767201,0.0414729300078187,0.0,0.196460792841918,0.1413543179485675,0.1826759508515348,0.108277027664567,0.0,0.433274707450931,0.1050273443144818,0.0,0.0,0.222837050677181,0.1707610499522389,0.1026009958149311,0.1749370920807204,0.083103604282412,0.2019985902578047,0.0856540358994256,0.1632781706218404,0.0,0.1294205210219297,0.1101580260161677,0.313705793005671,0.0663913404344745,0.0,0.2151011167258698,0.0,0.0764894554722425,0.1881604710240905,0.0409554290282882,0.1682200471662977,0.1091523957439318,0.2187365170799861,0.1346129716563971,0.1469173871390643,0.0572395591879344,0.136569016823591,0.0,0.0,0.0
