0.0,0.0496973333840943,0.0,0.0,0.0,0.2301515955269857,0.0,0.2410725237282686,0.0,0.5545016497500155,0.0,0.4305872076322894,0.0,0.0,0.1426677178754983,0.6700708010053913,0.6083379827454485,0.6000502739928089,0.0,0.1448103175319218,0.6279926809223442,0.4479612835645937,0.52908371119447,0.6587981489587714,0.6345010903800037,0.6907631211562517,0.2901245287382954,0.2910811898987741,0.444699800195529,0.0,0.5929673351301443,0.6036130661187625,0.6209588068201459,0.4730278020536278,0.0,0.0,0.0,0.0,0.5891058562560134,0.5694999766174137,0.3497528725678998,0.0,0.0,0.0,0.0,0.8190709924709768,0.435843863500321,0.0,0.0,0.0,0.0,0.0,0.0,0.0,0.6474277552698561,0.0,0.0,0.0,0.0,0.0,0.5920514196938185,0.0,0.6055568649091285,0.0,0.0,0.4189643853232777,0.2491343763157641,0.0,0.6411516008805931,0.4700161871431138,0.5864490642075293,0.0,0.0,0.0,0.0,0.0
0.0496973333840943,0.0,0.0,0.0,0.1748218044077245,0.3107929987919059,0.6326289292274,0.4047554978220885,0.3029495409090127,0.0,0.0,0.0,0.2213262840684114,0.0,0.1624659888789419,0.0,0.0,0.0327823703374213,0.0,0.0,0.3628977301134692,0.0,0.0,0.0,0.4380027848497683,0.3258250158255518,0.0,0.0,0.0,0.0,0.0449475941109387,0.1163093510980093,0.1008528318964069,0.0,0.0730965266451852,0.0,0.0,0.0,0.0,0.0,0.0,0.0,0.0,0.0,0.0,0.0,0.0,0.0,0.0,0.0,0.0,0.0,0.0,0.0,0.0,0.0,0.0,0.0,0.0,0.7584056538061861,0.0,0.0,0.0,0.0,0.6214375010966354,0.5577225733938115,0.4335455825328623,0.3128701388678496,0.0,0.0,0.0,0.6887539335550455,0.0,0.4540741574030301,0.0,0.0
0.0,0.0,0.0,0.0,0.5133894894372397,0.5535605577931716,0.1506941554925385,0.4242448850800672,0.5275220910036936,0.4546208331133562,0.6394220345695896,0.0,0.4661513204296147,0.1279820365457536,0.0,0.0,0.0,0.0,0.6474839564209949,0.0,0.0,0.0,0.5253510659853333,0.0,0.0,0.0,0.5198398296873734,0.5262764763373856,0.0,0.3880865120063035,0.4122036763760701,0.180730378955053,0.0,0.2344559621693921,0.0,0.1200706575073651,0.0457217725736356,0.0,0.2536732913547172,0.0,0.0,0.0,0.1585176238578147,0.0,0.0,0.0,0.0,0.8034334144081247,0.0,0.3557112254091431,0.5013454105419332,0.0,0.3865599454152075,0.4765684869815201,0.0,0.6347863514476959,0.0,0.0,0.3708708344525624,0.0,0.0,0.0,0.0,0.6232146357642454,0.0,0.0,0.0,0.4758221533902497,0.0,0.0,0.0,0.3125093249750555,0.0,0.0,0.0,0.0
0.0,0.0,0.0,0.0,0.1094088857422571,0.0468810025829469,0.2251088974671599,0.0204910791257665,0.0,0.1686321243804519,0.0,0.0,0.0570283000380338,0.0506006809101775,0.0,0.0,0.0,0.0,0.0,0.0,0.0,0.0,0.1467647795589102,0.0,0.0,0.0,0.1645568893335794,0.2459248423568415,0.0,0.0,0.0,0.1321135517534357,0.0,0.2186343684499088,0.0219472337428034,0.0,0.1464332356522658,0.0,0.0,0.0,0.0,0.0,0.0,0.0,0.0,0.0,0.0,0.0,0.0,0.0,0.0,0.0,0.0,0.0,0.0,0.0,0.0,0.0,0.0,0.0,0.0,0.0,0.0,0.0,0.0,0.0,0.0,0.0,0.0,0.0,0.0,0.0,0.0,0.0,0.0,0.0
0.0,0.1748218044077245,0.5133894894372397,0.1094088857422571,0.0,0.5476098239624021,0.4187805773615577,0.3748872206576688,0.7876956443713669,0.4308710195866286,0.6957982319871263,0.4391649608574158,0.6272980649341746,0.3606792283807681,0.0,0.0,0.0,0.0,0.2319084915653786,0.5757439276861354,0.0,0.557908425831625,0.2940645106520107,0.0,0.1844019451993689,0.0,0.5315691453439613,0.7289762762868032,0.3982207104299166,0.0,0.5480936237911619,0.0,0.0,0.1123691961948867,0.1420287207834755,0.4947394593645061,0.4528408047089696,0.0,0.0,0.0,0.0,0.0,0.5032998699089147,0.0,0.0,0.0,0.0,0.6226868386421232,0.0,0.0,0.0,0.0,0.423981681814173,0.7616772909117243,0.0,0.684948106525387,0.0,0.0,0.0,0.0,0.0,0.0,0.0,0.0,0.0,0.0,0.0,0.3768153911825436,0.0,0.0,0.0,0.5693463956226873,0.0,0.0,0.0,0.0
0.2301515955269857,0.3107929987919059,0.5535605577931716,0.0468810025829469,0.5476098239624021,0.0,0.1954364659329245,0.6003335911347679,0.3363593852827177,0.3320088768664779,0.3673676294420712,0.0,0.8126445502749904,0.3074580015936582,0.4803918940601175,0.4276990032768628,0.0,0.5747822831849114,0.3821801061796852,0.3272536250176616,0.4658381712255807,0.413164868251911,0.724761769696238,0.0,0.5020907117492657,0.6278844027736478,0.5337262150678863,0.5231572416183152,0.5005251878982435,0.3656004147802136,0.3579635043291936,0.0753974297212567,0.2069180507171741,0.2637492577569918,0.1345808119789658,0.2172009076590682,0.1261994809939639,0.0,0.0627119513584995,0.0,0.3521708560006285,0.1744566205330106,0.1749749030436601,0.0,0.0,0.0,0.0,0.5121631762894869,0.0,0.0,0.7434500755373427,0.2586188211363895,0.4990522572274385,0.2981851376615869,0.0,0.3510389414103934,0.0,0.5452515761152247,0.0,0.1147797384064994,0.0,0.0,0.0,0.4528607307664459,0.233092923739492,0.1958841167404069,0.3876510038335661,0.6821498733564617,0.0,0.0,0.0,0.3742730822715408,0.5088718279165889,0.3702314620723105,0.0,0.3302799643556204
0.0,0.6326289292274,0.1506941554925385,0.2251088974671599,0.4187805773615577,0.1954364659329245,0.0,0.3372664155317517,0.378102258528579,0.4224896691015538,0.3701741073549323,0.3207869664701109,0.2859173124626117,0.0,0.0,0.0,0.0436935022394961,0.129044624217463,0.2341494231177361,0.0,0.0,0.0089356779320744,0.0,0.0,0.2574549925382745,0.1841260063310177,0.0,0.187038607233067,0.0,0.0,0.2589697714387216,0.0869779116758257,0.1030535812996877,0.0,0.2488179086787266,0.2624414374511088,0.2587475431884201,0.0,0.0,0.0,0.0,0.0,0.0,0.0,0.0,0.0,0.0,0.0,0.0,0.0,0.0,0.0,0.0,0.0,0.0,0.0,0.0,0.0,0.0,0.0,0.0,0.0,0.0,0.0,0.0,0.0,0.0,0.2204348110379539,0.0,0.0,0.0,0.5793057299554354,0.0,0.0,0.0,0.0
0.2410725237282686,0.4047554978220885,0.4242448850800672,0.0204910791257665,0.3748872206576688,0.6003335911347679,0.3372664155317517,0.0,0.3930953607022178,0.3570729717267722,0.4196634567754933,0.0,0.4819932926190324,0.1810681032500911,0.3067917371414541,0.0449852935129287,0.0,0.1431729646934937,0.4344904634295923,0.0957612166823925,0.6351130015574196,0.0787633285613136,0.5597403971112348,0.4364549145503096,0.2821013103429483,0.5119308282539501,0.240509539824762,0.2836664733835596,0.1679203620565826,0.4046384920260499,0.3622310324152495,0.2259592092638459,0.2387683880405892,0.0484377303570781,0.2665212521309959,0.2706185605681894,0.1017965975285782,0.0,0.0,0.0,0.1787718377353343,0.0,0.3316958692405196,0.0,0.0,0.0,0.0,0.3016682940295515,0.0,0.371590774561393,0.362766674388405,0.3302310080881596,0.8276091247882088,0.3767445311465816,0.0,0.3181815876282476,0.0,0.2982256544159772,0.2655794520324726,0.3604858876600503,0.0,0.0,0.0,0.382296948002534,0.3363065564708274,0.6038445364298841,0.0,0.644970791468049,0.0,0.0,0.0,0.4346321400876849,0.490805982474627,0.2107420046699125,0.0,0.0
0.0,0.3029495409090127,0.5275220910036936,0.0,0.7876956443713669,0.3363593852827177,0.378102258528579,0.3930953607022178,0.0,0.3751893932909462,0.7861584639964018,0.3729044226989728,0.4560517376404152,0.0999551397572972,0.0,0.0484721754804435,0.0,0.0,0.3726310752901185,0.4659216010359263,0.0,0.4229323772994759,0.0514701782123282,0.0,0.0,0.0,0.423331262626534,0.5985934189647117,0.104849002625943,0.5805035647904415,0.4058271066325282,0.0,0.0,0.0,0.2533159311830131,0.5387121231068478,0.4957571617175956,0.0,0.0,0.0,0.0,0.0,0.624817605097345,0.0,0.0,0.0,0.0,0.5689337584666004,0.0,0.0,0.1178787683279048,0.0,0.4559370437744136,0.9574824785803732,0.0,0.693503194014651,0.0,0.0,0.5572623329680928,0.0,0.0,0.0,0.0,0.2914902987357549,0.0,0.0,0.0,0.2661893374721804,0.0,0.0,0.0,0.7083676411107662,0.0,0.0,0.0,0.0
0.5545016497500155,0.0,0.4546208331133562,0.1686321243804519,0.4308710195866286,0.3320088768664779,0.4224896691015538,0.3570729717267722,0.3751893932909462,0.0,0.4218464205932939,0.6673244420001375,0.2648345538120574,0.3272715789227123,0.0,0.5218582512588467,0.5833248301519434,0.6065634716824521,0.237677844918961,0.0,0.0,0.4297644953123829,0.2715940778601081,0.4571336361726117,0.6756230306335813,0.6421285968350703,0.3115443305301797,0.3684514616248607,0.0,0.0,0.6457362004009237,0.4162465647169027,0.604103221228172,0.3148217083081903,0.1087827677821602,0.171652962270602,0.1434833789273204,0.0388227123469325,0.2340428333111222,0.230255306313631,0.3100967215097856,0.0,0.0,0.0,0.0,0.0,0.0,0.0,0.0,0.0,0.0,0.0,0.0,0.0,0.7010956084200216,0.0,0.5393478090937104,0.0,0.0,0.0,0.0,0.4883405846846249,0.4056487676520747,0.0,0.0,0.0,0.0,0.0,0.4301533816974752,0.3164910033766138,0.2349425943108258,0.0,0.4656031124521401,0.0,0.0,0.3019733077391489
0.0,0.0,0.6394220345695896,0.0,0.6957982319871263,0.3673676294420712,0.3701741073549323,0.4196634567754933,0.7861584639964018,0.4218464205932939,0.0,0.3577760686201671,0.381236925238029,0.0461363857247492,0.0,0.0,0.0,0.0,0.5191691310525923,0.0,0.0,0.0,0.1993425195750363,0.0,0.0,0.0,0.3519413358897046,0.4543075538659533,0.0,0.0,0.3146293034479448,0.1240484392899898,0.103518741450311,0.0824993907843404,0.1333791305177371,0.3221433217217773,0.2663450674860729,0.0122290409708765,0.0,0.0,0.0,0.0,0.4071547272976952,0.0,0.0,0.0,0.0,0.7107404011184679,0.0,0.6653550713183535,0.2510729698684038,0.4246554138155391,0.486736957996895,0.7641560420059241,0.0,0.8612370095673454,0.0,0.2834229439776827,0.3963979494296843,0.0,0.0,0.0,0.0,0.4843030253087569,0.0,0.0,0.0,0.359446785032277,0.0,0.0,0.0,0.5378119030706972,0.0,0.0,0.0,0.0
0.4305872076322894,0.0,0.0,0.0,0.4391649608574158,0.0,0.3207869664701109,0.0,0.3729044226989728,0.6673244420001375,0.3577760686201671,0.0,0.5323430206124401,0.0,0.0,0.0,0.6092284751080055,0.4980135464036975,0.0,0.0,0.0,0.0,0.0,0.6754690154169213,0.4629771315891848,0.6896829186208702,0.0,0.431656458880844,0.0,0.0,0.4872696486298997,0.3523814035179778,0.3772153395208374,0.3137368355577364,0.1687246132717935,0.2643852860587076,0.2394778340382641,0.1504090074160659,0.1949501032851675,0.1565982159864364,0.34201551911922,0.0,0.0,0.0,0.0588388404902545,0.0,0.0,0.0,0.0,0.0,0.0,0.0,0.0,0.0,0.4470683446836945,0.0,0.876004108153351,0.0,0.0,0.0,0.0,0.4794735702943312,0.358330352089946,0.0,0.0,0.0,0.0,0.0,0.5642464832624491,0.1999675093505415,0.2615345393762136,0.0,0.0,0.0,0.0,0.1956950361517528
0.0,0.2213262840684114,0.4661513204296147,0.0570283000380338,0.6272980649341746,0.8126445502749904,0.2859173124626117,0.4819932926190324,0.4560517376404152,0.2648345538120574,0.381236925238029,0.5323430206124401,0.0,0.2323580781541212,0.5356428952527267,0.3606027005098045,0.4132818257144348,0.5031690776297929,0.2641799845532706,0.3741090039409565,0.3206256798763225,0.4365527546123086,0.435367026799713,0.3697223849623399,0.2966183710502964,0.4802700116771333,0.4457882593985511,0.6989879408702293,0.4327625375717041,0.5044085809041029,0.3480918315736974,0.0,0.0,0.1742635001644535,0.1170983943488443,0.4263677290889006,0.2617729744904646,0.1536755388406391,0.0,0.0,0.0,0.0,0.268909501247594,0.0,0.0,0.0,0.0,0.473914694727641,0.0,0.0,0.5689895261264396,0.0,0.4184381529337482,0.0,0.0,0.0,0.0,0.0,0.0,0.0,0.0,0.0,0.0,0.0,0.0,0.0,0.0,0.4028223447578827,0.0,0.0,0.0,0.3822320460202839,0.0,0.3075089998504465,0.0,0.0
0.0,0.0,0.1279820365457536,0.0506006809101775,0.3606792283807681,0.3074580015936582,0.0,0.1810681032500911,0.0999551397572972,0.3272715789227123,0.0461363857247492,0.0,0.2323580781541212,0.0,0.0,0.0,0.0,0.0,0.0,0.0,0.1157262465784094,0.0,0.3657203648536357,0.0,0.0,0.0,0.3755567860850209,0.349210790508633,0.0,0.0,0.4217518072786521,0.157565642826725,0.0,0.2788088177445242,0.0,0.2677167994139142,0.2264177306881541,0.0,0.0,0.0,0.0,0.0,0.0269541865999628,0.0,0.0,0.0,0.0,0.2406009896091724,0.0,0.0,0.0,0.0,0.0,0.0514082820293774,0.0,0.1644235241020602,0.0,0.0,0.0,0.0,0.0,0.0,0.0,0.0,0.0,0.0,0.0,0.2097078530473699,0.0,0.0,0.0,0.0,0.0,0.0,0.0,0.0
0.1426677178754983,0.1624659888789419,0.0,0.0,0.0,0.4803918940601175,0.0,0.3067917371414541,0.0,0.0,0.0,0.0,0.5356428952527267,0.0,0.0,0.3481074555554246,0.0,0.3755482876019076,0.0,0.7348454022790557,0.403770763078879,0.7172039071693317,0.3504890646380316,0.1316423277467337,0.1954704226200417,0.2480269574135011,0.6225689105096303,0.6917535796497681,0.3606811922424076,0.0,0.5124530409765032,0.0,0.0426778047845454,0.101277557829777,0.1993364204934036,0.4095985533202314,0.0,0.0,0.0,0.0,0.2065916083222592,0.0,0.0,0.0,0.0,0.0,0.1841883745438749,0.0,0.0,0.0,0.4032945120406006,0.0,0.4278868282400024,0.0,0.0,0.0,0.0,0.0,0.0,0.4673965585500006,0.0715646720874498,0.0,0.0,0.0,0.5878252943944627,0.2055856059261573,0.6906511582891133,0.446988557591308,0.0,0.0,0.0835380033238268,0.6023542140068421,0.6711441678618782,0.4189757903252762,0.0,0.2316794647086782
0.6700708010053913,0.0,0.0,0.0,0.0,0.4276990032768628,0.0,0.0449852935129287,0.0484721754804435,0.5218582512588467,0.0,0.0,0.3606027005098045,0.0,0.3481074555554246,0.0,0.8308508393760246,0.8761486485589364,0.0,0.3984941772307853,0.4292818736096231,0.6957449199196721,0.5770550693801862,0.5913910062244581,0.6100062098515978,0.6212408751368211,0.4697355881878154,0.5144868465103265,0.6251285837471614,0.2143233236629231,0.6478929088868092,0.3427993945667945,0.5451009619701926,0.5649176198800704,0.0,0.0,0.0,0.0,0.5660706988077665,0.5677672619077718,0.4378206516502114,0.5385777557719609,0.0,0.0,0.0,0.6379747970900178,0.752036496919472,0.0,0.0,0.0,0.0,0.0,0.0,0.0,0.0,0.0,0.0,0.0,0.0,0.0,0.8059332190529772,0.0,0.7879458937395503,0.0,0.0,0.0327323170313179,0.3647036390289331,0.0,0.0,0.7560633708769428,0.7860267942820997,0.0,0.0,0.0,0.0,0.7628864531746776
0.6083379827454485,0.0,0.0,0.0,0.0,0.0,0.0436935022394961,0.0,0.0,0.5833248301519434,0.0,0.6092284751080055,0.4132818257144348,0.0,0.0,0.8308508393760246,0.0,0.9088481274338404,0.0,0.33439455579617,0.0,0.6185612136242931,0.0,0.7112412859957535,0.5821753760093857,0.6793173174727969,0.0,0.4904297786387153,0.0,0.0,0.5706072203716858,0.4074220793029524,0.5062691027563477,0.6015209999517758,0.0,0.0,0.0,0.2695537324134571,0.0,0.5278523065094567,0.4508467158967991,0.0,0.0,0.0,0.0,0.0,0.0,0.0,0.0,0.0,0.0,0.0,0.0,0.0,0.6747625547191461,0.0,0.5572381075140048,0.0,0.0,0.0,0.0,0.800912980954642,0.7775677971342723,0.0,0.0,0.0,0.0,0.0,0.6955736511285433,0.6019823719974521,0.6498513454010236,0.0,0.0,0.0,0.0,0.0
0.6000502739928089,0.0327823703374213,0.0,0.0,0.0,0.5747822831849114,0.129044624217463,0.1431729646934937,0.0,0.6065634716824521,0.0,0.4980135464036975,0.5031690776297929,0.0,0.3755482876019076,0.8761486485589364,0.9088481274338404,0.0,0.0,0.3458074092205668,0.4739457047773385,0.6928746566028913,0.5261549259500602,0.599609573497541,0.6950179238574814,0.6655983352073039,0.5376412583986481,0.5628180885550647,0.6563248587995849,0.0,0.6137045193273212,0.3502396497548613,0.4749491216364671,0.4734340487009229,0.0,0.0,0.0,0.0,0.4998791794435879,0.4893792729520231,0.3986701127516231,0.4673622320286337,0.0,0.0,0.0,0.5796645398270792,0.6205424480394657,0.0,0.0,0.0,0.0,0.0,0.0,0.0,0.7110763744542139,0.0,0.4776720741670016,0.0,0.0,0.0,0.7160432530662016,0.7789800627656387,0.829335609659787,0.0,0.0,0.0,0.4851780629683972,0.0,0.6149058100123584,0.6629500609213493,0.6243854704142303,0.0,0.0,0.0,0.0,0.709850242141443
0.0,0.0,0.6474839564209949,0.0,0.2319084915653786,0.3821801061796852,0.2341494231177361,0.4344904634295923,0.3726310752901185,0.237677844918961,0.5191691310525923,0.0,0.2641799845532706,0.0,0.0,0.0,0.0,0.0,0.0,0.0,0.0,0.0,0.2285309950815267,0.0,0.0,0.0,0.1082851746834305,0.1200811544395141,0.0,0.0,0.0272553993761133,0.1773727569751097,0.0,0.0,0.062069803328139,0.0511151377393154,0.0,0.0,0.0641057640905907,0.0,0.0,0.0,0.1749164575391862,0.0,0.0,0.0,0.0,0.4106127056950026,0.0,0.0,0.1585930888368155,0.0,0.4197634997421441,0.2921067710714387,0.0,0.3514926939699995,0.0,0.0,0.0,0.0,0.0,0.0,0.0,0.561314464813414,0.0,0.0,0.0,0.2603536296537474,0.0,0.0,0.0,0.2173423451682305,0.0,0.0,0.0,0.0
0.1448103175319218,0.0,0.0,0.0,0.5757439276861354,0.3272536250176616,0.0,0.0957612166823925,0.4659216010359263,0.0,0.0,0.0,0.3741090039409565,0.0,0.7348454022790557,0.3984941772307853,0.33439455579617,0.3458074092205668,0.0,0.0,0.1745158762207281,0.837791465395521,0.4326477521762152,0.0,0.0,0.0725844596845949,0.7747105707284996,0.7049535619248252,0.5781600703295423,0.5463878391084257,0.5207060288104719,0.0,0.0,0.2073381602781565,0.1087131436535036,0.3502274399440678,0.372240302836354,0.0,0.0,0.0,0.2094249195553255,0.1058411769110593,0.0,0.0,0.0,0.0,0.4944515454253608,0.0,0.0,0.0,0.3535600001104674,0.0,0.0902936235973836,0.0,0.0,0.0,0.0,0.0,0.0,0.0329550924726489,0.0,0.0,0.0,0.0,0.3086647624133365,0.0,0.4656612697108123,0.2856598699529982,0.0,0.0,0.4057268942175623,0.2262423276833268,0.4236978174295988,0.1396318161414105,0.0,0.4417267742267857
0.6279926809223442,0.3628977301134692,0.0,0.0,0.0,0.4658381712255807,0.0,0.6351130015574196,0.0,0.0,0.0,0.0,0.3206256798763225,0.1157262465784094,0.403770763078879,0.4292818736096231,0.0,0.4739457047773385,0.0,0.1745158762207281,0.0,0.3055083221628445,0.5462087776047915,0.5956351985293977,0.4996446844902595,0.6297555500648803,0.3048214065962449,0.3776789051008593,0.3543893397914284,0.3965926297087455,0.6133251446013972,0.4942441249304394,0.5071309093154175,0.2439651197642244,0.0,0.0726137176278041,0.0,0.0,0.3018901188190753,0.3263147816711759,0.2749305251069058,0.0419284066509255,0.0,0.0,0.0,0.486801436962496,0.1232817500689951,0.0,0.0,0.0,0.5101366620364963,0.0,0.6298546804547567,0.0,0.0,0.0,0.0,0.0,0.0,0.273017803685031,0.1606362168801515,0.0,0.0,0.0,0.2798829446814923,0.7211819801415216,0.4816119672371146,0.6938105909451647,0.0,0.1404835031003888,0.2002734297034091,0.3813694714698984,0.5499725668971117,0.4594154345216656,0.0,0.4044513850030894
0.4479612835645937,0.0,0.0,0.0,0.557908425831625,0.413164868251911,0.0089356779320744,0.0787633285613136,0.4229323772994759,0.4297644953123829,0.0,0.0,0.4365527546123086,0.0,0.7172039071693317,0.6957449199196721,0.6185612136242931,0.6928746566028913,0.0,0.837791465395521,0.3055083221628445,0.0,0.4772267066744854,0.0,0.3555954523395789,0.3929697374412731,0.7877413817149513,0.729365799123433,0.6829645553379036,0.5198430198635957,0.6316052349456915,0.0642614337717232,0.1982477522884047,0.4066439293598023,0.088003486706691,0.2885549306618561,0.268820969843602,0.0,0.2546838892236577,0.2523243296870418,0.3730225342656267,0.275508489237922,0.0,0.0,0.0,0.3849424724733487,0.6411472159891268,0.0,0.0,0.0,0.4598314936217731,0.0,0.0,0.0,0.0,0.0,0.0,0.0,0.0,0.0,0.6126232882720378,0.0,0.6554509913743768,0.0,0.2235070244641777,0.0,0.5882983218102527,0.3308425371645329,0.0,0.6064138864243244,0.5971899279444608,0.2109735723051711,0.0,0.3328200574904634,0.0,0.6252934689191029
0.52908371119447,0.0,0.5253510659853333,0.1467647795589102,0.2940645106520107,0.724761769696238,0.0,0.5597403971112348,0.0514701782123282,0.2715940778601081,0.1993425195750363,0.0,0.435367026799713,0.3657203648536357,0.3504890646380316,0.5770550693801862,0.0,0.5261549259500602,0.2285309950815267,0.4326477521762152,0.5462087776047915,0.4772267066744854,0.0,0.7347906894737954,0.4491262494807049,0.5928211279894117,0.5968006230668703,0.4399267729696368,0.6246099179280286,0.2739521906206035,0.4824543374097805,0.2918384718529741,0.4167367251697351,0.4695978790866702,0.0639092039518586,0.0,0.0,0.0,0.4101393714570778,0.4117551659974688,0.4843220712105034,0.4848865879525533,0.0,0.0,0.0,0.0,0.5570410785514498,0.5643248132786229,0.0,0.0522216893668436,0.7502276381356918,0.0734910173509183,0.4169758301977493,0.0505748681778654,0.0,0.3651948911520741,0.0,0.4964905445933302,0.4094764548682466,0.0,0.0,0.0,0.0,0.4727349361155673,0.0,0.2035513122375623,0.1998187208999823,0.819392361939067,0.0,0.0,0.6104991176967739,0.0,0.3275034902811762,0.1455403130233969,0.4242245310270253,0.5754109974879489
0.6587981489587714,0.0,0.0,0.0,0.0,0.0,0.0,0.4364549145503096,0.0,0.4571336361726117,0.0,0.6754690154169213,0.3697223849623399,0.0,0.1316423277467337,0.5913910062244581,0.7112412859957535,0.599609573497541,0.0,0.0,0.5956351985293977,0.0,0.7347906894737954,0.0,0.5728225662293697,0.7788773079325305,0.4134092910057554,0.3027348101736755,0.0,0.0,0.4413389659078419,0.5531945964079621,0.4954469413821056,0.5755914643920086,0.0,0.0,0.0,0.4711783838979053,0.552383446217949,0.5850643106772605,0.5266967425131168,0.0,0.0,0.0,0.4550676743180926,0.6724974306235206,0.0,0.0,0.0,0.0,0.0,0.0,0.0,0.0,0.5217012617669539,0.0,0.6381199017879315,0.0,0.0,0.0,0.6039362053747426,0.6378083434395575,0.5718001233008598,0.0,0.0,0.0,0.0,0.0,0.9190199563470828,0.4854749859375448,0.6584210467267235,0.0,0.0,0.0,0.0,0.6319665866208417
0.6345010903800037,0.4380027848497683,0.0,0.0,0.1844019451993689,0.5020907117492657,0.2574549925382745,0.2821013103429483,0.0,0.6756230306335813,0.0,0.4629771315891848,0.2966183710502964,0.0,0.1954704226200417,0.6100062098515978,0.5821753760093857,0.6950179238574814,0.0,0.0,0.4996446844902595,0.3555954523395789,0.4491262494807049,0.5728225662293697,0.0,0.8579719349792629,0.2197882997653045,0.2080735669741386,0.2169230350131759,0.0,0.4490582225962047,0.5607809747088985,0.5957285532863138,0.3405447974716174,0.0136800940845687,0.0,0.0,0.2745179207347805,0.5124143400694265,0.4697175018114573,0.285096595636708,0.294624137280856,0.0,0.0,0.0,0.4462423365075641,0.2601509353721647,0.0,0.0,0.0,0.0,0.0,0.0,0.0,0.6824377827725947,0.0,0.3138298127030278,0.0,0.0,0.0,0.3674080721568923,0.5538720625194277,0.5159064481053488,0.0,0.0761988749163379,0.3400120123942419,0.4092941500153051,0.0,0.5618757612981037,0.4119937718283211,0.3523452623089945,0.0,0.0,0.0,0.0,0.4283422561117833
0.6907631211562517,0.3258250158255518,0.0,0.0,0.0,0.6278844027736478,0.1841260063310177,0.5119308282539501,0.0,0.6421285968350703,0.0,0.6896829186208702,0.4802700116771333,0.0,0.2480269574135011,0.6212408751368211,0.6793173174727969,0.6655983352073039,0.0,0.0725844596845949,0.6297555500648803,0.3929697374412731,0.5928211279894117,0.7788773079325305,0.8579719349792629,0.0,0.2895411699476884,0.3397121920825754,0.277209084969213,0.0,0.5467478266055017,0.5553456098438763,0.5669571219289848,0.46153970938102,0.0549712645228413,0.0476178390415702,0.0,0.3293918554684875,0.4421573289912935,0.4208089093165473,0.3422176269914272,0.3499978266025107,0.0,0.0,0.2194763610853077,0.4741702131834029,0.253527631436095,0.0,0.0,0.0,0.0,0.0,0.0,0.0,0.5744499454622326,0.0,0.5441494150099719,0.0,0.0,0.0386755248631146,0.3590226676551599,0.5866294520111077,0.4867433664752142,0.0,0.1112550603021356,0.3724512374471012,0.4186802164583726,0.5683548588290231,0.6939615504896783,0.277542383499452,0.3918875273088727,0.1994276945781128,0.0,0.333668567025198,0.0,0.4444991196246299
0.2901245287382954,0.0,0.5198398296873734,0.1645568893335794,0.5315691453439613,0.5337262150678863,0.0,0.240509539824762,0.423331262626534,0.3115443305301797,0.3519413358897046,0.0,0.4457882593985511,0.3755567860850209,0.6225689105096303,0.4697355881878154,0.0,0.5376412583986481,0.1082851746834305,0.7747105707284996,0.3048214065962449,0.7877413817149513,0.5968006230668703,0.4134092910057554,0.2197882997653045,0.2895411699476884,0.0,0.6755001433954751,0.8245566504984458,0.5168380195231679,0.549104842053389,0.0115728438614436,0.1361702635311133,0.3430083486438956,0.1991327601408502,0.280819915451266,0.158683550289518,0.0,0.1454504339856657,0.0,0.3880631859251957,0.2496298520384405,0.0774744905306622,0.0,0.0,0.0,0.6380992662552414,0.6637460400033064,0.0,0.0,0.5084361291820475,0.3123328136783978,0.1938195078003173,0.3586794729677799,0.0,0.562237860510845,0.0,0.3303128723831943,0.5703608426436916,0.0,0.0,0.0,0.0,0.3904927322175408,0.1251626633833813,0.0,0.3667206999448374,0.4655511782368727,0.0,0.0,0.5559421388222101,0.2839015643819146,0.4331888129924174,0.2930331807666811,0.3335749314120232,0.5828087929769182
0.2910811898987741,0.0,0.5262764763373856,0.2459248423568415,0.7289762762868032,0.5231572416183152,0.187038607233067,0.2836664733835596,0.5985934189647117,0.3684514616248607,0.4543075538659533,0.431656458880844,0.6989879408702293,0.349210790508633,0.6917535796497681,0.5144868465103265,0.4904297786387153,0.5628180885550647,0.1200811544395141,0.7049535619248252,0.3776789051008593,0.729365799123433,0.4399267729696368,0.3027348101736755,0.2080735669741386,0.3397121920825754,0.6755001433954751,0.0,0.6196772589931485,0.731248235154253,0.7122366836503422,0.0,0.0172141011430128,0.2864491437765152,0.1128176217351842,0.4894348045149601,0.3926038474364242,0.124406708836096,0.0,0.0,0.2839454231790099,0.0,0.2911419494039456,0.0,0.0,0.0,0.0,0.0,0.0,0.0,0.4685494813827257,0.0,0.3056880201547522,0.0,0.0,0.0,0.0,0.0,0.0,0.1440551269000811,0.0,0.0,0.0,0.0,0.3458024477639977,0.1316249564361052,0.0,0.4171165472558449,0.0,0.0,0.0,0.3804786865177996,0.7456903778784887,0.4115265454874939,0.0,0.4574340333039302
0.444699800195529,0.0,0.0,0.0,0.3982207104299166,0.5005251878982435,0.0,0.1679203620565826,0.104849002625943,0.0,0.0,0.0,0.4327625375717041,0.0,0.3606811922424076,0.6251285837471614,0.0,0.6563248587995849,0.0,0.5781600703295423,0.3543893397914284,0.6829645553379036,0.6246099179280286,0.0,0.2169230350131759,0.277209084969213,0.8245566504984458,0.6196772589931485,0.0,0.3613275538405996,0.5522873976741083,0.0972575767282466,0.2285102170918044,0.3970131353675698,0.0619660456424768,0.0645405090241637,0.0,0.0,0.3044222904247162,0.0,0.454128466165167,0.4067250201287029,0.0,0.0,0.0,0.0,0.7665441880634621,0.0,0.0,0.0,0.5969424921176655,0.0,0.0660007742875615,0.0,0.0,0.0,0.0,0.4621889551283406,0.0,0.0,0.0,0.0,0.0,0.0,0.0,0.043617963421341,0.2045840011964254,0.3932649999130579,0.0,0.0,0.7585536115463295,0.0,0.2800454434841233,0.3201257492513976,0.0,0.7538219125691521
0.0,0.0,0.3880865120063035,0.0,0.0,0.3656004147802136,0.0,0.4046384920260499,0.5805035647904415,0.0,0.0,0.0,0.5044085809041029,0.0,0.0,0.2143233236629231,0.0,0.0,0.0,0.5463878391084257,0.3965926297087455,0.5198430198635957,0.2739521906206035,0.0,0.0,0.0,0.5168380195231679,0.731248235154253,0.3613275538405996,0.0,0.6053455425975505,0.0,0.0,0.04140246159796,0.2448580432260291,0.0,0.0,0.0,0.0,0.0,0.0,0.0,0.0,0.0,0.0,0.0,0.0,0.0,0.0,0.0,0.0,0.0,0.0,0.0,0.0,0.0,0.0,0.0,0.0,0.0,0.0,0.0,0.0,0.0,0.4650329254692035,0.0,0.0,0.3868657583467014,0.0,0.0,0.0,0.5466293251369326,0.0,0.0,0.0,0.0
0.5929673351301443,0.0449475941109387,0.4122036763760701,0.0,0.5480936237911619,0.3579635043291936,0.2589697714387216,0.3622310324152495,0.4058271066325282,0.6457362004009237,0.3146293034479448,0.4872696486298997,0.3480918315736974,0.4217518072786521,0.5124530409765032,0.6478929088868092,0.5706072203716858,0.6137045193273212,0.0272553993761133,0.5207060288104719,0.6133251446013972,0.6316052349456915,0.4824543374097805,0.4413389659078419,0.4490582225962047,0.5467478266055017,0.549104842053389,0.7122366836503422,0.5522873976741083,0.6053455425975505,0.0,0.21624917665382,0.3781952359728264,0.3308417714896631,0.1358713252220237,0.2890921487111289,0.2331228894446057,0.0336838284411135,0.1289087861192621,0.1560143170186445,0.2307785081407852,0.0,0.0,0.0,0.0,0.4387921515331119,0.3129307973976385,0.0,0.0,0.0,0.4359761973825887,0.0,0.4287640559847785,0.0,0.4896468939878247,0.0,0.4895837750624096,0.0,0.0,0.1331964449359823,0.3464239365678019,0.0,0.4699294790207744,0.0,0.227949659516289,0.3621450975976583,0.4725458947738437,0.5624317310809074,0.4197356731222149,0.3617918694633918,0.3775737354943733,0.3641394827904675,0.5889915721952192,0.5376451404025251,0.0,0.5875298108032598
0.6036130661187625,0.1163093510980093,0.180730378955053,0.1321135517534357,0.0,0.0753974297212567,0.0869779116758257,0.2259592092638459,0.0,0.4162465647169027,0.1240484392899898,0.3523814035179778,0.0,0.157565642826725,0.0,0.3427993945667945,0.4074220793029524,0.3502396497548613,0.1773727569751097,0.0,0.4942441249304394,0.0642614337717232,0.2918384718529741,0.5531945964079621,0.5607809747088985,0.5553456098438763,0.0115728438614436,0.0,0.0972575767282466,0.0,0.21624917665382,0.0,0.5921299263201957,0.3966238605376074,0.0,0.0,0.0,0.3491231361830261,0.7233566992583079,0.5645575734969596,0.336780587653461,0.353243782978586,0.0,0.0948319715500115,0.3761940449517299,0.5339354713771515,0.1982637382126354,0.1833501518132007,0.0,0.0,0.1672576600923316,0.0,0.1820125890291469,0.0,0.593363615428727,0.2092717074931641,0.2959349214326198,0.241215900553159,0.0,0.0,0.2834744045646153,0.0,0.4086249909072972,0.4051721536119726,0.0,0.321368229050485,0.025960948895013,0.2851216090192298,0.5543238504353324,0.2617758209290771,0.3305570888641406,0.0,0.1395188675678826,0.129368462841439,0.0,0.3755482261469072
0.6209588068201459,0.1008528318964069,0.0,0.0,0.0,0.2069180507171741,0.1030535812996877,0.2387683880405892,0.0,0.604103221228172,0.103518741450311,0.3772153395208374,0.0,0.0,0.0426778047845454,0.5451009619701926,0.5062691027563477,0.4749491216364671,0.0,0.0,0.5071309093154175,0.1982477522884047,0.4167367251697351,0.4954469413821056,0.5957285532863138,0.5669571219289848,0.1361702635311133,0.0172141011430128,0.2285102170918044,0.0,0.3781952359728264,0.5921299263201957,0.0,0.5187350593581851,0.036680195250318,0.0,0.0,0.2767565015222299,0.6620073739241027,0.6829208290013149,0.4176142229229401,0.3272415702931305,0.0,0.0,0.3377996247048749,0.502242297447604,0.3663465712680592,0.0,0.0,0.0,0.0,0.0,0.0,0.0,0.6723992535182178,0.0,0.3189896290215084,0.0,0.0,0.0,0.4335210221121971,0.511724107805775,0.4520118846667927,0.0,0.0,0.3516569024411061,0.0807853448735798,0.4382829842779517,0.5079776198160084,0.4175624476378946,0.4669163340111686,0.0,0.0,0.2367619535228409,0.0,0.4335496980683095
0.4730278020536278,0.0,0.2344559621693921,0.2186343684499088,0.1123691961948867,0.2637492577569918,0.0,0.0484377303570781,0.0,0.3148217083081903,0.0824993907843404,0.3137368355577364,0.1742635001644535,0.2788088177445242,0.101277557829777,0.5649176198800704,0.6015209999517758,0.4734340487009229,0.0,0.2073381602781565,0.2439651197642244,0.4066439293598023,0.4695978790866702,0.5755914643920086,0.3405447974716174,0.46153970938102,0.3430083486438956,0.2864491437765152,0.3970131353675698,0.04140246159796,0.3308417714896631,0.3966238605376074,0.5187350593581851,0.0,0.0,0.0,0.0277957528876138,0.4514940160688029,0.5508262307964832,0.6148984835882632,0.6989066093141741,0.4813434396324983,0.0,0.0,0.5272148748188202,0.5466073341247497,0.6284787184258145,0.0,0.0,0.0,0.5621537027768542,0.0,0.0,0.0,0.4454403000002535,0.0,0.3691212874035174,0.0,0.0,0.0,0.6721409104119885,0.0,0.5668685716626494,0.0,0.0,0.0,0.0,0.2965900300595436,0.6611569843409572,0.6013801208584195,0.7587343593329409,0.0,0.1155053723241836,0.0522550339996054,0.0,0.58068377303219
0.0,0.0730965266451852,0.0,0.0219472337428034,0.1420287207834755,0.1345808119789658,0.2488179086787266,0.2665212521309959,0.2533159311830131,0.1087827677821602,0.1333791305177371,0.1687246132717935,0.1170983943488443,0.0,0.1993364204934036,0.0,0.0,0.0,0.062069803328139,0.1087131436535036,0.0,0.088003486706691,0.0639092039518586,0.0,0.0136800940845687,0.0549712645228413,0.1991327601408502,0.1128176217351842,0.0619660456424768,0.2448580432260291,0.1358713252220237,0.0,0.036680195250318,0.0,0.0,0.1769593575483177,0.0,0.0,0.0,0.0,0.0,0.0,0.2909234027326413,0.0,0.0,0.0,0.0,0.0,0.0,0.0,0.0,0.0,0.0,0.0,0.0,0.0,0.1367139703543455,0.0,0.0,0.1501283861767317,0.0,0.0,0.0,0.0,0.0606982725599953,0.0680136323872596,0.0,0.1638341023719016,0.0,0.0264490836459051,0.0,0.2142430990157982,0.0,0.0310501977048959,0.0,0.0
0.0,0.0,0.1200706575073651,0.0,0.4947394593645061,0.2172009076590682,0.2624414374511088,0.2706185605681894,0.5387121231068478,0.171652962270602,0.3221433217217773,0.2643852860587076,0.4263677290889006,0.2677167994139142,0.4095985533202314,0.0,0.0,0.0,0.0511151377393154,0.3502274399440678,0.0726137176278041,0.2885549306618561,0.0,0.0,0.0,0.0476178390415702,0.280819915451266,0.4894348045149601,0.0645405090241637,0.0,0.2890921487111289,0.0,0.0,0.0,0.1769593575483177,0.0,0.5698577834114855,0.0,0.0,0.0,0.0,0.0,0.3653512448305351,0.1809629690639847,0.0,0.0,0.0,0.149249349397715,0.0,0.0,0.0,0.1815572576209529,0.2815589742637486,0.5196116085523385,0.0,0.2950968799863737,0.2814757430584202,0.0,0.3387677555517885,0.0,0.0,0.0,0.0,0.0,0.0,0.0,0.0,0.0835721695555485,0.0,0.0,0.0,0.4040406332056933,0.3667020334318821,0.1556646074853834,0.0,0.0
0.0,0.0,0.0457217725736356,0.1464332356522658,0.4528408047089696,0.1261994809939639,0.2587475431884201,0.1017965975285782,0.4957571617175956,0.1434833789273204,0.2663450674860729,0.2394778340382641,0.2617729744904646,0.2264177306881541,0.0,0.0,0.0,0.0,0.0,0.372240302836354,0.0,0.268820969843602,0.0,0.0,0.0,0.0,0.158683550289518,0.3926038474364242,0.0,0.0,0.2331228894446057,0.0,0.0,0.0277957528876138,0.0,0.5698577834114855,0.0,0.0,0.0,0.0,0.0023483546246866,0.0,0.0,0.0,0.0,0.0,0.0,0.0,0.0,0.0,0.0,0.0,0.0,0.0,0.0,0.0,0.0,0.0,0.0,0.0,0.0,0.0,0.0,0.0,0.0,0.0,0.0,0.0,0.0,0.0,0.0,0.0,0.0,0.0,0.0,0.0
0.0,0.0,0.0,0.0,0.0,0.0,0.0,0.0,0.0,0.0388227123469325,0.0122290409708765,0.1504090074160659,0.1536755388406391,0.0,0.0,0.0,0.2695537324134571,0.0,0.0,0.0,0.0,0.0,0.0,0.4711783838979053,0.2745179207347805,0.3293918554684875,0.0,0.124406708836096,0.0,0.0,0.0336838284411135,0.3491231361830261,0.2767565015222299,0.4514940160688029,0.0,0.0,0.0,0.0,0.3991771231864182,0.4354846701107466,0.4849612327655271,0.3696769792933472,0.0,0.0,0.5717867811760386,0.0,0.0,0.0,0.0,0.0,0.0,0.0,0.0,0.0,0.2301871186917788,0.0,0.1649282752470905,0.0,0.0,0.0,0.0,0.0,0.0,0.0,0.0,0.0,0.0,0.0,0.4899794648265566,0.0,0.3773292125581924,0.0,0.0,0.0,0.0,0.0
0.5891058562560134,0.0,0.2536732913547172,0.0,0.0,0.0627119513584995,0.0,0.0,0.0,0.2340428333111222,0.0,0.1949501032851675,0.0,0.0,0.0,0.5660706988077665,0.0,0.4998791794435879,0.0641057640905907,0.0,0.3018901188190753,0.2546838892236577,0.4101393714570778,0.552383446217949,0.5124143400694265,0.4421573289912935,0.1454504339856657,0.0,0.3044222904247162,0.0,0.1289087861192621,0.7233566992583079,0.6620073739241027,0.5508262307964832,0.0,0.0,0.0,0.3991771231864182,0.0,0.7879247655616844,0.4186306387085782,0.662280103222308,0.0,0.138215738000606,0.5386528354359763,0.6496118261840713,0.5470455649425957,0.3668651869029078,0.4529736621581184,0.0,0.3860688083491087,0.0,0.0,0.0,0.6198218690922428,0.2051440876575026,0.1810955887147325,0.3741825156258634,0.0,0.0,0.6586389616126426,0.6123030506837239,0.6301394320694849,0.4215568396589853,0.0,0.0355342843728246,0.0,0.2330072910185888,0.5957009730757412,0.575613427487415,0.6310217022474777,0.0,0.0,0.0868861507959498,0.6405622239889469,0.581815883080848
0.5694999766174137,0.0,0.0,0.0,0.0,0.0,0.0,0.0,0.0,0.230255306313631,0.0,0.1565982159864364,0.0,0.0,0.0,0.5677672619077718,0.5278523065094567,0.4893792729520231,0.0,0.0,0.3263147816711759,0.2523243296870418,0.4117551659974688,0.5850643106772605,0.4697175018114573,0.4208089093165473,0.0,0.0,0.0,0.0,0.1560143170186445,0.5645575734969596,0.6829208290013149,0.6148984835882632,0.0,0.0,0.0,0.4354846701107466,0.7879247655616844,0.0,0.4371865305189346,0.6220067497493434,0.0,0.0469161020958221,0.6103911566969418,0.6702200623354074,0.5475364752417295,0.0,0.0,0.0,0.4101164006149677,0.0,0.0,0.0,0.572375466628897,0.1264942169281397,0.160999946141598,0.3364872368552805,0.0,0.0,0.7062015608240816,0.5823516176522611,0.6089789761845796,0.0,0.0,0.1160086047968852,0.0,0.234425776129155,0.6823033513743714,0.5453624084734048,0.6685337471767949,0.0,0.0,0.1686009754582845,0.5837682126724838,0.6605680247627121
0.3497528725678998,0.0,0.0,0.0,0.0,0.3521708560006285,0.0,0.1787718377353343,0.0,0.3100967215097856,0.0,0.34201551911922,0.0,0.0,0.2065916083222592,0.4378206516502114,0.4508467158967991,0.3986701127516231,0.0,0.2094249195553255,0.2749305251069058,0.3730225342656267,0.4843220712105034,0.5266967425131168,0.285096595636708,0.3422176269914272,0.3880631859251957,0.2839454231790099,0.454128466165167,0.0,0.2307785081407852,0.336780587653461,0.4176142229229401,0.6989066093141741,0.0,0.0,0.0023483546246866,0.4849612327655271,0.4186306387085782,0.4371865305189346,0.0,0.3702189139565404,0.0,0.3169965086080099,0.3602864370225058,0.3628066323669279,0.4808965417158981,0.4864163496470882,0.3562058717708715,0.0407495951700395,0.4049466220792641,0.0623075771606339,0.0563224879539092,0.0491718985351574,0.3270753140173771,0.3312211585229711,0.3058244820015684,0.3723581765801628,0.2430944324178424,0.0,0.4572193503616498,0.3948440942877547,0.3248953579808105,0.390449812381898,0.0,0.0,0.0379124881382235,0.3358402786887693,0.5142816610510148,0.4579195991144078,0.5293869438839863,0.0,0.1536319011045907,0.0,0.4036999923116343,0.4184498952050616
0.0,0.0,0.0,0.0,0.0,0.1744566205330106,0.0,0.0,0.0,0.0,0.0,0.0,0.0,0.0,0.0,0.5385777557719609,0.0,0.4673622320286337,0.0,0.1058411769110593,0.0419284066509255,0.275508489237922,0.4848865879525533,0.0,0.294624137280856,0.3499978266025107,0.2496298520384405,0.0,0.4067250201287029,0.0,0.0,0.353243782978586,0.3272415702931305,0.4813434396324983,0.0,0.0,0.0,0.3696769792933472,0.662280103222308,0.6220067497493434,0.3702189139565404,0.0,0.0,0.135587940231012,0.470878128104523,0.6002864755623174,0.6308596872779161,0.3339677991640478,0.2211498392688554,0.0,0.5006074871894013,0.0,0.0,0.0,0.2969519401898894,0.0776162735987653,0.0945834973083772,0.2725165590243941,0.0,0.0,0.7719455963186891,0.5117417905158922,0.5960706138814679,0.3535033212444993,0.0,0.0,0.0,0.1723208381844172,0.5854928719133683,0.563878647788262,0.6738806203338191,0.0,0.0,0.0389096519393456,0.701317438541322,0.6642340945686295
0.0,0.0,0.1585176238578147,0.0,0.5032998699089147,0.1749749030436601,0.0,0.3316958692405196,0.624817605097345,0.0,0.4071547272976952,0.0,0.268909501247594,0.0269541865999628,0.0,0.0,0.0,0.0,0.1749164575391862,0.0,0.0,0.0,0.0,0.0,0.0,0.0,0.0774744905306622,0.2911419494039456,0.0,0.0,0.0,0.0,0.0,0.0,0.2909234027326413,0.3653512448305351,0.0,0.0,0.0,0.0,0.0,0.0,0.0,0.242212143839547,0.0,0.0,0.0,0.0756436892604669,0.1504432257341597,0.6367245119285306,0.0,0.6408171872797469,0.4590175346641496,0.5967603443804971,0.0,0.2038858129071257,0.2593489160886824,0.0543178687795208,0.3576226956006113,0.6543817182456392,0.0,0.0,0.0,0.0294540068929721,0.6080018007464183,0.2210810691235947,0.4141590589977201,0.1472676133048152,0.0,0.0,0.0,0.5717532658587745,0.5210360030553008,0.0735022279083836,0.0,0.0
0.0,0.0,0.0,0.0,0.0,0.0,0.0,0.0,0.0,0.0,0.0,0.0,0.0,0.0,0.0,0.0,0.0,0.0,0.0,0.0,0.0,0.0,0.0,0.0,0.0,0.0,0.0,0.0,0.0,0.0,0.0,0.0948319715500115,0.0,0.0,0.0,0.1809629690639847,0.0,0.0,0.138215738000606,0.0469161020958221,0.3169965086080099,0.135587940231012,0.242212143839547,0.0,0.0859250700337753,0.0,0.0,0.4099144835303371,0.3273261066300756,0.241441188762831,0.3443199880424548,0.2288962151733772,0.1800097589445841,0.2086693321817541,0.2103674548360888,0.2400276238869786,0.5134923301941396,0.4266016110003065,0.402677979533812,0.0,0.0,0.0,0.0,0.1639078890716226,0.0,0.0,0.0,0.2536210804015585,0.0,0.0,0.0,0.0650770477191718,0.4179879291915316,0.0,0.0,0.2659167853376231
0.0,0.0,0.0,0.0,0.0,0.0,0.0,0.0,0.0,0.0,0.0,0.0588388404902545,0.0,0.0,0.0,0.0,0.0,0.0,0.0,0.0,0.0,0.0,0.0,0.4550676743180926,0.0,0.2194763610853077,0.0,0.0,0.0,0.0,0.0,0.3761940449517299,0.3377996247048749,0.5272148748188202,0.0,0.0,0.0,0.5717867811760386,0.5386528354359763,0.6103911566969418,0.3602864370225058,0.470878128104523,0.0,0.0859250700337753,0.0,0.5457231534749262,0.0,0.0,0.0,0.0,0.0,0.0,0.0,0.0,0.3148046212146249,0.0811381357376656,0.0911331434604333,0.2599156814473927,0.0,0.0,0.0,0.3766195989796262,0.0,0.0,0.0,0.0,0.0,0.0,0.5269585775710638,0.3270316459956049,0.4707673144545121,0.0,0.0,0.0,0.0,0.4704049179877393
0.8190709924709768,0.0,0.0,0.0,0.0,0.0,0.0,0.0,0.0,0.0,0.0,0.0,0.0,0.0,0.0,0.6379747970900178,0.0,0.5796645398270792,0.0,0.0,0.486801436962496,0.3849424724733487,0.0,0.6724974306235206,0.4462423365075641,0.4741702131834029,0.0,0.0,0.0,0.0,0.4387921515331119,0.5339354713771515,0.502242297447604,0.5466073341247497,0.0,0.0,0.0,0.0,0.6496118261840713,0.6702200623354074,0.3628066323669279,0.6002864755623174,0.0,0.0,0.5457231534749262,0.0,0.6343376434927053,0.0,0.0,0.0,0.4644484154564201,0.0,0.0,0.0,0.6047503247656888,0.0,0.2981132201299525,0.3552948855138823,0.0,0.0,0.7920581873381195,0.0,0.7477043969611795,0.0,0.0,0.2535362323288176,0.0423191228744367,0.3367491684475777,0.7129092703242824,0.6379066876765801,0.7687110837991291,0.0,0.1053079736360349,0.2341498307878642,0.0,0.794688363000983
