0.0,0.0330488541981569,0.0,0.0,0.0,0.1530514014757765,0.0,0.1603138467471007,0.0,0.3687450196491,0.0,0.2863415977402422,0.0,0.1877687853101626,0.0948743983990129,0.445598801724781,0.4045463192073361,0.3990349716248431,0.0,0.0962992326673405,0.4176167439187935,0.2978954028081456,0.351842025300337,0.4381024591939657,0.4219448529053601,0.459359247710928,0.1929335559209228,0.1935697380469405,0.2957265080004329,0.0,0.3943247991100019,0.40140423752889,0.4129391995955373,0.3145647019111158,0.0,0.0,0.0,0.2476886947525472,0.391756905752141,0.3787189454938935,0.2325865575431965,0.0,0.0,0.0,0.0,0.5446843113070643,0.289837287378352,0.0,0.0,0.0,0.0,0.0,0.0,0.0,0.4305411182202692,0.0,0.0,0.0,0.0,0.0,0.3937157129950785,0.0,0.4026968687112688,0.0,0.0,0.27861239108658,0.1656749994003424,0.2955650022469567,0.4263674594500331,0.3125619702693728,0.3899901322239404,0.0,0.0,0.0,0.0,0.4498504335674101
0.0330488541981569,0.0,0.0,0.0,0.1162569484337511,0.2066781415312117,0.4206998609358784,0.2691634444456098,0.2014622219168187,0.0,0.0,0.0,0.1471825467146256,0.0,0.1080402994084585,0.0,0.0,0.0218003603770453,0.0,0.0,0.2413279215339273,0.0,0.0,0.0,0.2912729756144135,0.2166744714229916,0.0,0.0,0.0,0.0,0.0298902653961263,0.0773460168700035,0.0670673919474789,0.0,0.0486093777470479,0.0,0.0,0.0,0.0,0.0,0.0,0.0,0.0,0.0,0.0,0.0,0.0,0.0,0.0,0.0,0.0468346861347252,0.0,0.0,0.0,0.0,0.0,0.0,0.0,0.0,0.5043417054589976,0.0,0.0,0.0,0.0,0.4132575325174856,0.3708869421354537,0.288308924638788,0.2080594450105847,0.0,0.0,0.0,0.4580231328015865,0.0,0.3019604795931884,0.0,0.0
0.0,0.0,0.0,0.0508226146102174,0.3414053275684975,0.368119191083442,0.1002120000060452,0.2821239369718848,0.3508035438671585,0.3023240203430433,0.4252172934160403,0.0,0.3099918239896407,0.0851083826388461,0.0,0.0,0.0,0.0,0.4305784921299598,0.0,0.0,0.0,0.3493598066602181,0.0,0.0,0.0,0.3456948203830839,0.3499752069184587,0.3443663172576844,0.2580785261140895,0.2741165022921935,0.1201861656660805,0.0,0.1559138163357623,0.0,0.0798472952817981,0.0304050960599625,0.0,0.168693389545762,0.0,0.0,0.0,0.10541462653994,0.0,0.0,0.0,0.0,0.5342852817773048,0.0,0.2365488774686846,0.333395984204222,0.2267185258878005,0.2570633554146278,0.3169192664717362,0.0,0.4221345522472083,0.0,0.34272643417245,0.2466300563742992,0.0,0.0,0.0,0.0,0.4144393316306575,0.0,0.0,0.0,0.3164229527188341,0.0,0.0,0.0,0.2078195028462141,0.0,0.0,0.0,0.0
0.0,0.0,0.0508226146102174,0.0,0.072757189705392,0.0311759869901411,0.1496979943290291,0.0136266201881788,0.0,0.1121407953360872,0.0,0.137460649296891,0.0379239658305073,0.0336495826205262,0.0,0.0,0.0,0.0,0.0,0.1795868361834208,0.0,0.1704554915159374,0.0975989549294296,0.0,0.0,0.0,0.109430753574965,0.1635406510836495,0.0,0.0,0.1332305467967169,0.0878558508512926,0.0,0.1453924159222538,0.0145949667442503,0.0,0.0973784773809404,0.0,0.0,0.0,0.0,0.0,0.0,0.0,0.0,0.0,0.0,0.0,0.0,0.0,0.0,0.0,0.0,0.0,0.0,0.0,0.0,0.0,0.0,0.0,0.0,0.0,0.0,0.0,0.0,0.0,0.0,0.0,0.0,0.0,0.0,0.0,0.0,0.0,0.0,0.0
0.0,0.1162569484337511,0.3414053275684975,0.072757189705392,0.0,0.3641619378194654,0.2784901583204798,0.2493009635046711,0.5238196243278572,0.286530333417993,0.4627076093309581,0.2920458256410435,0.4171548225046342,0.2398526121901494,0.0,0.2009530038498406,0.0,0.0,0.1542197418485972,0.3828711889733526,0.0,0.3710105344834012,0.1955536540015057,0.0,0.1226277666378965,0.1689589455404092,0.3534948453860912,0.4847710939079986,0.2648177940649202,0.0,0.3644836659467715,0.0,0.0,0.074725803751021,0.0944494636934806,0.3290030097237683,0.301140296887491,0.0,0.0,0.0,0.0,0.0,0.3346957046973998,0.0,0.0,0.0,0.0,0.4140883451903909,0.0,0.0,0.2509454447996304,0.0,0.2819489061248214,0.5065173525275146,0.0,0.4554922480630736,0.0,0.0,0.0,0.0,0.0,0.0,0.0,0.1964146808870653,0.0,0.0,0.0,0.2505832018504043,0.0,0.0,0.0,0.3786168137383908,0.0,0.0,0.0,0.0
0.1530514014757765,0.2066781415312117,0.368119191083442,0.0311759869901411,0.3641619378194654,0.0,0.129965751234602,0.3992233782510916,0.2236798541377675,0.2207867548798065,0.2443004160549047,0.4006262374116033,0.5404107107597961,0.2044603598384936,0.3194618419878947,0.2844209344342404,0.0,0.3822316929129547,0.2541507510865962,0.2176245002008192,0.3097835789655787,0.2747556973555505,0.4819684362130219,0.0,0.3338916114191568,0.4175447386721245,0.3549293022864302,0.3479009078279288,0.3328505340419,0.2431252137710077,0.2380466487287046,0.0501394841955665,0.1376010345719548,0.1753939330530094,0.0894965852309877,0.1444391608188235,0.0839229786237875,0.1522535116383852,0.0417036085399359,0.0,0.2341945227292599,0.1160141002201928,0.1163587594194204,0.0,0.0,0.0,0.0,0.3405898261791547,0.0,0.1867661780184194,0.4943962075419138,0.1719821795382537,0.331871031367034,0.1982938815342782,0.0,0.2334417966228443,0.0,0.3625936969510443,0.0,0.076328820505952,0.0,0.0,0.0,0.3011535477668328,0.1550073922830249,0.1302634401700189,0.2577889120619297,0.4536314158269148,0.0,0.0,0.1591866632023187,0.2488925599023336,0.3384010710672746,0.2462048721011318,0.0,0.2196370236245882
0.0,0.4206998609358784,0.1002120000060452,0.1496979943290291,0.2784901583204798,0.129965751234602,0.0,0.2242830315803471,0.2514389719369559,0.2809567138431942,0.2461667310669326,0.2133241556765862,0.1901357463040454,0.0,0.0,0.0,0.0290562910842639,0.085815006166585,0.1557099670799899,0.0,0.0,0.0059422487491719,0.0,0.0,0.171208230534723,0.1224442665825261,0.0,0.1243811536546211,0.0,0.0,0.172215562389662,0.0578405344049008,0.0685308959466489,0.0,0.1654645476098196,0.1745242291944046,0.1720677800330884,0.0,0.0,0.0,0.0,0.0,0.4020540635474012,0.0,0.0,0.0,0.0,0.0,0.0,0.0,0.0,0.0,0.0,0.0,0.0,0.0,0.0,0.0,0.0,0.0,0.0,0.0,0.0,0.0,0.0,0.0,0.0,0.1465897148623112,0.0,0.0,0.0,0.3852397966201853,0.0,0.0,0.0,0.0
0.1603138467471007,0.2691634444456098,0.2821239369718848,0.0136266201881788,0.2493009635046711,0.3992233782510916,0.2242830315803471,0.0,0.2614094233469957,0.2374544422634469,0.2790772753957603,0.0,0.3205267761379362,0.1204107531887072,0.2040172922684868,0.0299153355951669,0.0,0.0952103888291826,0.2889372728591906,0.0636814547676998,0.4223517754081903,0.0523778155593653,0.3722288000842355,0.2902436378942363,0.1875980951045753,0.3404353141394375,0.1599394610069424,0.1886389325419832,0.111667471564699,0.2690856352910675,0.2408845658542086,0.1502634538552869,0.1587815906035698,0.0322112149536992,0.1772373164232305,0.1799620370455451,0.0676949985140888,0.0,0.0,0.0,0.1188837307303605,0.0,0.220578604005528,0.0,0.0,0.0,0.0,0.2006101894549581,0.0,0.2471088183936667,0.2412407691405381,0.2196044675811302,0.550362191202469,0.2505360797446992,0.0,0.2115915720626884,0.0,0.1983208252798929,0.176611016941539,0.2397240401148595,0.0,0.0,0.0,0.2542284511985465,0.223644722842329,0.4015581658796193,0.1614426587584662,0.4289072309887652,0.0,0.0,0.0,0.2890314882002914,0.326387237500725,0.14014397376082,0.0,0.0
0.0,0.2014622219168187,0.3508035438671585,0.0,0.5238196243278572,0.2236798541377675,0.2514389719369559,0.2614094233469957,0.0,0.2495019090810198,0.5227973954348931,0.247982397775301,0.3032755755245007,0.0664704243719557,0.0,0.0322341210491056,0.0,0.0,0.2478006210471444,0.3098390600034963,0.0,0.2812511159305734,0.0342278005571382,0.0,0.0738643452640135,0.1294436495877554,0.2815163756964011,0.3980661592936197,0.0697248557347341,0.386036359858491,0.2698760670537479,0.0,0.0,0.0,0.1684557441147768,0.358244943923609,0.3296797843994724,0.0,0.0,0.0,0.0,0.0,0.4155053103495615,0.0,0.0,0.0,0.0,0.378342408970979,0.0,0.5694621464414282,0.0783896833541995,0.3454503483326315,0.3031993038093643,0.6367283046623232,0.0,0.4611814031913778,0.0,0.1131786980362034,0.3705808810716111,0.0,0.0,0.0,0.0,0.193841796473095,0.0,0.0,0.0,0.1770165923235962,0.0,0.0,0.0,0.4710662986448018,0.0,0.0,0.0,0.0
0.3687450196491,0.0,0.3023240203430433,0.1121407953360872,0.286530333417993,0.2207867548798065,0.2809567138431942,0.2374544422634469,0.2495019090810198,0.0,0.2805289519349573,0.4437724659405461,0.1761156577139381,0.2176364395937384,0.0,0.3470370759063426,0.3879125085618021,0.4033662647979629,0.1580563766299156,0.0,0.3947851572157422,0.2857944919368488,0.1806107585473454,0.3039950408240052,0.449291048671686,0.4270171642662283,0.2071777790646936,0.2450211672370143,0.0,0.0,0.4294162298927716,0.2768050334108142,0.4017301919341325,0.2093572436951322,0.0723408196556317,0.1141496602829495,0.0954168150910403,0.0258172033097735,0.1556390845851372,0.1531203694149641,0.2062151153523131,0.0,0.0,0.0,0.0,0.1831135867236591,0.0,0.0,0.0,0.0,0.0,0.0,0.0,0.0,0.4662303782491701,0.0,0.3586676767357151,0.2609691045278312,0.0,0.0,0.1244013066727991,0.324747741645434,0.2697574711742205,0.0,0.0,0.0,0.0,0.0,0.2860531023806172,0.2104673291981843,0.1562374279582629,0.0,0.309627264278201,0.0,0.0,0.2008130243543483
0.0,0.0,0.4252172934160403,0.0,0.4627076093309581,0.2443004160549047,0.2461667310669326,0.2790772753957603,0.5227973954348931,0.2805289519349573,0.0,0.2379220035013386,0.2535235333406788,0.0306808148691367,0.0,0.0,0.0,0.0,0.3452488040702876,0.0,0.0,0.0,0.132563286927526,0.0758626791641522,0.0,0.0,0.2340418912666652,0.3021156888398073,0.0,0.0,0.2092292939694573,0.0824925303721808,0.0688402286401745,0.0548623065224876,0.0886974639763756,0.2142261353986527,0.1771201531823577,0.0081323436190469,0.0,0.0,0.0,0.0,0.2707589382020741,0.0,0.0,0.0,0.0,0.4726441901372022,0.0,0.44246282938477,0.1669641690862794,0.2823969396341788,0.3236813257840144,0.5081657283643548,0.0,0.572724820852409,0.0,0.1884769848623042,0.2636056533235009,0.0,0.0,0.0,0.0,0.3220627543021861,0.0,0.0,0.0,0.2390330342015887,0.0,0.0,0.0,0.3576462952900683,0.0,0.0,0.0,0.0
0.2863415977402422,0.0,0.0,0.137460649296891,0.2920458256410435,0.4006262374116033,0.2133241556765862,0.0,0.247982397775301,0.4437724659405461,0.2379220035013386,0.0,0.3540094744249946,0.0,0.0,0.0,0.4051384989129808,0.3311802860044498,0.0,0.0,0.3798739304862384,0.0,0.3618396400164247,0.4491886281574834,0.3078809802674228,0.4586409102536566,0.0,0.2870526525636785,0.0,0.0,0.324035566421572,0.2343345373684535,0.2508491685214309,0.2086358005328563,0.1122023006861082,0.1758168935053711,0.1592533740120962,0.100022375803648,0.1296423188260878,0.1041382153812625,0.2274411976497647,0.054965795314851,0.0,0.0,0.0391279798761474,0.0,0.0,0.0,0.0,0.0,0.0,0.0,0.0,0.0,0.2973015961615269,0.0,0.582544979296864,0.0,0.0,0.0,0.0,0.3188511543277015,0.2382906034307472,0.0,0.0,0.0,0.0,0.0,0.3752253589350868,0.1329789067316385,0.1739211396479664,0.0,0.3196410083728826,0.0,0.0,0.1301377010934806
0.0,0.1471825467146256,0.3099918239896407,0.0379239658305073,0.4171548225046342,0.5404107107597961,0.1901357463040454,0.3205267761379362,0.3032755755245007,0.1761156577139381,0.2535235333406788,0.3540094744249946,0.0,0.1545187180835184,0.3562038995265622,0.2398017209596275,0.2748334743681814,0.3346087274962383,0.1756803674775576,0.2487834473915546,0.2132168996779388,0.2903087017864728,0.2895201897491306,0.245866334516972,0.1972519777182548,0.3193807898905228,0.2964503361628676,0.4648287739213699,0.2877881977307281,0.3354330003535808,0.2314819610206771,0.0,0.0,0.1158856746796551,0.077870732656087,0.2835356336838823,0.1740796996106449,0.1021946275812246,0.0,0.0,0.1593857544377431,0.0,0.1788255082127841,0.0,0.0,0.0,0.0,0.3151544878146439,0.0,0.0,0.378379494607843,0.0,0.2782624451975019,0.0,0.0,0.0,0.0,0.0,0.0,0.0,0.0,0.0,0.0,0.0,0.2202525736436072,0.0,0.0,0.2678778926984388,0.0,0.0,0.0,0.2541852912138451,0.0,0.204494273810093,0.0,0.0
0.1877687853101626,0.0,0.0851083826388461,0.0336495826205262,0.2398526121901494,0.2044603598384936,0.0,0.1204107531887072,0.0664704243719557,0.2176364395937384,0.0306808148691367,0.0,0.1545187180835184,0.0,0.0,0.0,0.0,0.0,0.0,0.0,0.0769582508685241,0.0,0.2432049808775634,0.0,0.0,0.0,0.24974622623162,0.232226071583081,0.0,0.0,0.2804660338379916,0.1047815567119729,0.0,0.1854085790797849,0.0,0.178032358433529,0.1505683717787815,0.0,0.0938652067625946,0.0,0.0,0.0,0.0179246032395208,0.0,0.0,0.0,0.0,0.1600002753481883,0.0,0.0,0.0,0.0,0.0,0.0341866394366822,0.0,0.1093420653538583,0.0,0.0,0.0,0.0,0.0,0.0,0.0,0.1044736053822373,0.0,0.0,0.0,0.1394562602787294,0.0,0.0,0.0,0.0,0.0,0.0,0.0,0.0
0.0948743983990129,0.1080402994084585,0.0,0.0,0.0,0.3194618419878947,0.0,0.2040172922684868,0.0,0.0,0.0,0.0,0.3562038995265622,0.0,0.0,0.2314923510086088,0.0,0.2497405747185469,0.0,0.4886740777499979,0.2685085933150539,0.4769424382430507,0.2330761271585234,0.0875424856779179,0.1299883325186502,0.1649385629892716,0.4140099226797403,0.4600179051501223,0.239853918163178,0.4009163612029539,0.3407825869396639,0.0,0.0283808496709657,0.0673498357827978,0.1325592310225932,0.2723840887766581,0.0,0.0,0.0,0.0,0.1373839495418534,0.0,0.3172448293241956,0.0,0.0,0.0,0.1224857416040808,0.0,0.0,0.0,0.2681918851527841,0.0,0.2845458385165901,0.0,0.0,0.0,0.0,0.0,0.0,0.3108199105343363,0.0475906905362049,0.0,0.0,0.0,0.3909053288289483,0.1367149553675622,0.4592847921170421,0.2972485375403974,0.0,0.118477614775969,0.0555529865257902,0.4005670976448974,0.4463125934380508,0.2786199754421684,0.0,0.1540674384013266
0.445598801724781,0.0,0.0,0.0,0.2009530038498406,0.2844209344342404,0.0,0.0299153355951669,0.0322341210491056,0.3470370759063426,0.0,0.0,0.2398017209596275,0.0,0.2314923510086088,0.0,0.5525179397199347,0.5826410990373945,0.0,0.2649996501890728,0.2854735472663551,0.4626721566693297,0.38374310156361,0.3932765363436733,0.405655694512736,0.4131267757497682,0.3123753712442272,0.3421350728373528,0.4157121119495003,0.1425255600789902,0.4308504465688874,0.227962476833422,0.3624935381581998,0.3756716665075955,0.0,0.0,0.0,0.0,0.3764384669527194,0.3775666857667291,0.2911518565694483,0.3581555893011919,0.0,0.0,0.0,0.42425487677926,0.5001061997893601,0.0,0.0,0.0,0.0,0.0,0.0,0.0,0.0,0.0,0.0,0.0,0.0,0.0,0.5359476582793417,0.0,0.52398604079971,0.0,0.0,0.0217670748000755,0.2425288555957419,0.0,0.0,0.5027840813019605,0.5227098347370855,0.0,0.0,0.0,0.0,0.5073214485344655
0.4045463192073361,0.0,0.0,0.0,0.0,0.0,0.0290562910842639,0.0,0.0,0.3879125085618021,0.0,0.4051384989129808,0.2748334743681814,0.0,0.0,0.5525179397199347,0.0,0.6043863363792089,0.0,0.2223732374884739,0.0,0.4113447939693072,0.0,0.4729772798656095,0.3871481186080945,0.4517477588973997,0.0,0.3261370609846987,0.3871120766858895,0.0,0.3794552654311011,0.2709367279714575,0.3366702521584634,0.4000130081606806,0.0,0.0,0.0,0.179253923590848,0.3585337855228542,0.3510231380256536,0.2998142227115939,0.0,0.0,0.0,0.0,0.0,0.0,0.0,0.0,0.0,0.0,0.0,0.0,0.0,0.4487188299810491,0.0,0.3705647710824926,0.0,0.0,0.0,0.0,0.5326091870646061,0.517084579932355,0.0,0.0,0.0,0.0,0.0,0.4625582624838417,0.4003198217546981,0.4321528118751784,0.0,0.0,0.0,0.0,0.4326027192236326
0.3990349716248431,0.0218003603770453,0.0,0.0,0.0,0.3822316929129547,0.085815006166585,0.0952103888291826,0.0,0.4033662647979629,0.0,0.3311802860044498,0.3346087274962383,0.0,0.2497405747185469,0.5826410990373945,0.6043863363792089,0.0,0.0,0.2299628142951953,0.3151751095772485,0.4607634242000547,0.3498943755990517,0.3987419046648797,0.4621887024228758,0.4426246004950117,0.3575328161453694,0.3742754727901518,0.4364577148929193,0.1980699613936399,0.4081150798020474,0.2329102656213452,0.3158423843628193,0.3148348569737865,0.0,0.0,0.0,0.0,0.3324209367622294,0.3254384720079924,0.2651166477617897,0.3107970833095631,0.0,0.0,0.0,0.3854784061053496,0.412662319938223,0.0,0.0,0.0,0.0,0.0,0.0,0.0,0.4728676132674077,0.0,0.317653154781317,0.0,0.0,0.0,0.4761706002868292,0.5180237402003591,0.5515103080713385,0.0,0.0,0.0,0.3226446565907424,0.0,0.4089139411894896,0.4408634913007455,0.4152179396766555,0.0,0.0,0.0,0.0,0.4720522321337916
0.0,0.0,0.4305784921299598,0.0,0.1542197418485972,0.2541507510865962,0.1557099670799899,0.2889372728591906,0.2478006210471444,0.1580563766299156,0.3452488040702876,0.0,0.1756803674775576,0.0,0.0,0.0,0.0,0.0,0.0,0.0,0.0,0.0,0.1519736980219211,0.0,0.0,0.0,0.0720099189684091,0.0798542757686069,0.0,0.0,0.0181249105084176,0.1179533384354913,0.0,0.0,0.0412765784523254,0.0339916977317339,0.0,0.0807816042360863,0.0426304975825814,0.0,0.0,0.0,0.1163198930090043,0.0,0.0,0.0,0.0,0.2730585027076731,0.0,0.121397122326295,0.1054648109445798,0.0911005719535079,0.2791438042252417,0.194251752157875,0.0,0.2337435432390775,0.0,0.0,0.0,0.0,0.0,0.0,0.0,0.3732755591444308,0.0,0.0,0.0,0.1731358316529209,0.0,0.0,0.0,0.1445332171252722,0.0,0.0,0.0,0.0
0.0962992326673405,0.0,0.0,0.1795868361834208,0.3828711889733526,0.2176245002008192,0.0,0.0636814547676998,0.3098390600034963,0.0,0.0,0.0,0.2487834473915546,0.0,0.4886740777499979,0.2649996501890728,0.2223732374884739,0.2299628142951953,0.0,0.0,0.1160535054045445,0.5571334738289676,0.2877118651482478,0.0,0.0,0.0482688519045556,0.5151845170423464,0.468795927227384,0.3844779300297946,0.363349314756588,0.3462708450221647,0.0,0.0,0.1378804085077926,0.0722945194314555,0.2329021460658434,0.2475407563628704,0.0,0.0,0.0,0.1392681087806584,0.0703846541797441,0.0,0.0,0.0,0.0,0.3288115462155979,0.0,0.0,0.0,0.2351183071261303,0.0,0.0600454913391441,0.0,0.0,0.0,0.0,0.1904535994855285,0.0,0.0219152210400876,0.0,0.0,0.0,0.0,0.2052628588795057,0.0,0.3096659390044196,0.1899645463746877,0.0,0.0,0.2698094255407021,0.1504517283305776,0.2817601355808298,0.0928555159572859,0.0,0.2937494381039668
0.4176167439187935,0.2413279215339273,0.0,0.0,0.0,0.3097835789655787,0.0,0.4223517754081903,0.0,0.3947851572157422,0.0,0.3798739304862384,0.2132168996779388,0.0769582508685241,0.2685085933150539,0.2854735472663551,0.0,0.3151751095772485,0.0,0.1160535054045445,0.0,0.2031638180151303,0.3632302383972918,0.3960989351148674,0.3322649970166729,0.4187890564211933,0.2027070174010704,0.2511574408214158,0.2356698201416274,0.2637351162085257,0.407862794636028,0.3286736110543412,0.337243355731196,0.1622374305319214,0.0,0.0482883085118505,0.0,0.0,0.2007577035090795,0.2170001669668182,0.1828295045260693,0.0278824979895392,0.0,0.0,0.0,0.3237242044615588,0.08198268007329,0.0,0.0,0.0,0.3392421890019252,0.0,0.4188549783847786,0.0,0.0,0.0,0.0,0.0,0.0,0.1815575398734656,0.1068234963350114,0.0,0.0,0.0,0.1861228762485245,0.4795878669752411,0.3202731937806765,0.4613858229387915,0.0,0.0934218899699961,0.1331823445511294,0.2536116769249173,0.3657331679326275,0.3055124425800442,0.0,0.2689612086407786
0.2978954028081456,0.0,0.0,0.1704554915159374,0.3710105344834012,0.2747556973555505,0.0059422487491719,0.0523778155593653,0.2812511159305734,0.2857944919368488,0.0,0.0,0.2903087017864728,0.0,0.4769424382430507,0.4626721566693297,0.4113447939693072,0.4607634242000547,0.0,0.5571334738289676,0.2031638180151303,0.0,0.3173569842562104,0.0,0.2364718880804104,0.2613258835561829,0.5238500397786793,0.4850301275936723,0.4541731814346275,0.345696941858456,0.4200191016122706,0.0427340183199027,0.1318352638733076,0.2704192562629311,0.058522544431523,0.1918897691733113,0.1787666346020035,0.0,0.1693654397212805,0.1677963265760177,0.2480609422701392,0.183213852155953,0.0,0.0,0.0,0.2559877317586901,0.4263645434859587,0.0,0.0,0.0,0.3057891229490088,0.0,0.0,0.0,0.0,0.0,0.0,0.0,0.0,0.0,0.4073960583764026,0.0,0.4358765908132627,0.0,0.1486327446724657,0.0,0.391219893273993,0.2200111359857867,0.0,0.4032667902175494,0.3971328341645185,0.1402979668323502,0.3389956295688554,0.2213261920758281,0.0,0.4158217610118517
0.351842025300337,0.0,0.3493598066602181,0.0975989549294296,0.1955536540015057,0.4819684362130219,0.0,0.3722288000842355,0.0342278005571382,0.1806107585473454,0.132563286927526,0.3618396400164247,0.2895201897491306,0.2432049808775634,0.2330761271585234,0.38374310156361,0.0,0.3498943755990517,0.1519736980219211,0.2877118651482478,0.3632302383972918,0.3173569842562104,0.0,0.4886376935941349,0.2986701081310615,0.3942275709863226,0.3968739454221652,0.2925524326500875,0.4153671978491479,0.1821789095827764,0.3208333721065869,0.1940733324892785,0.2771309913694468,0.3122837943386751,0.0424997845860526,0.0,0.0,0.2500419158819686,0.2727437342251215,0.2738182417397773,0.3220754198757095,0.3224508249574316,0.0,0.0,0.0,0.0,0.3704337463169188,0.3752774485967969,0.0,0.0347275574028811,0.4989033040575472,0.0488717150784202,0.2772899968264964,0.0336324170873165,0.0,0.2428555395179304,0.0,0.3301674858933181,0.2723028929928466,0.0,0.0,0.0,0.0,0.3143699453109625,0.0,0.1353621448456978,0.1328799620303022,0.5448980228278125,0.0,0.0,0.4059834794943255,0.0,0.2177906612420818,0.0967846815419635,0.282110401474394,0.3826497895374314
0.4381024591939657,0.0,0.0,0.0,0.0,0.0,0.0,0.2902436378942363,0.0,0.3039950408240052,0.0758626791641522,0.4491886281574834,0.245866334516972,0.0,0.0875424856779179,0.3932765363436733,0.4729772798656095,0.3987419046648797,0.0,0.0,0.3960989351148674,0.0,0.4886376935941349,0.0,0.3809284761098961,0.5179554079727263,0.2749182391139198,0.2013194254269311,0.0,0.0,0.2934915445769529,0.3678758258234095,0.329473487080506,0.3827698004916162,0.0,0.0,0.0,0.3133348340929068,0.3673364088660576,0.3890692675737481,0.3502546850035062,0.3848843475780538,0.0,0.0,0.3026211708905571,0.4472125166463176,0.3382799451262029,0.0,0.0,0.0,0.0,0.0,0.0,0.0,0.3469326774914799,0.0,0.4243513717756364,0.0,0.0,0.0,0.4016191259631254,0.4241441846746696,0.3802485489393757,0.0,0.0,0.0,0.0,0.0,0.6111506287021836,0.3228421111269768,0.437851685242204,0.0,0.1502926233206091,0.0,0.0,0.4202594014032875
0.4219448529053601,0.2912729756144135,0.0,0.0,0.1226277666378965,0.3338916114191568,0.171208230534723,0.1875980951045753,0.0738643452640135,0.449291048671686,0.0,0.3078809802674228,0.1972519777182548,0.0,0.1299883325186502,0.405655694512736,0.3871481186080945,0.4621887024228758,0.0,0.0,0.3322649970166729,0.2364718880804104,0.2986701081310615,0.3809284761098961,0.0,0.5705535378748362,0.1461597832073848,0.1383694558472951,0.1442543747964272,0.0,0.2986248700783469,0.3729207868562675,0.3961610162677168,0.2264631639809955,0.0090972976623063,0.0,0.0,0.1825551215600759,0.3407568507371714,0.3123633437575487,0.1895899675092832,0.1959258071454013,0.0,0.0,0.1418404279332677,0.296752298605289,0.1730010394356593,0.0,0.0,0.0,0.0,0.0,0.0,0.0,0.4538228763272703,0.0,0.2086976305730065,0.0,0.0,0.0196164652739361,0.2443273105640158,0.3683263425255628,0.3430791115400083,0.0,0.0506724473063906,0.226108860537689,0.2721816597979403,0.0,0.3736488227467468,0.2739769152294336,0.23431050337176,0.0,0.0,0.2814028866030009,0.0,0.2848486992197175
0.459359247710928,0.2166744714229916,0.0,0.0,0.1689589455404092,0.4175447386721245,0.1224442665825261,0.3404353141394375,0.1294436495877554,0.4270171642662283,0.0,0.4586409102536566,0.3193807898905228,0.0,0.1649385629892716,0.4131267757497682,0.4517477588973997,0.4426246004950117,0.0,0.0482688519045556,0.4187890564211933,0.2613258835561829,0.3942275709863226,0.5179554079727263,0.5705535378748362,0.0,0.1925456208285714,0.2259094792612465,0.1843447526801133,0.0,0.3635887073656859,0.3693062552766838,0.3770279406024343,0.306925090811309,0.0365560319356118,0.031665985125468,0.0,0.2190464289362153,0.294035758126946,0.2798390042742019,0.2275755999032871,0.2327494526046385,0.0,0.0,0.1459523431849131,0.3153244082432542,0.16859652532619,0.0,0.0,0.0,0.3219165799951081,0.0,0.0,0.0,0.3820106874747661,0.0,0.3618607569884741,0.0,0.0,0.0257193232554274,0.2387509950577393,0.3901100905761022,0.3236855874385375,0.0,0.0739849005240433,0.2476810284201668,0.2784234180623874,0.377957439226832,0.4614862114231773,0.1845663970577944,0.2606062110417435,0.132619928523087,0.0,0.2218904530932646,0.0,0.295593054905942
0.1929335559209228,0.0,0.3456948203830839,0.109430753574965,0.3534948453860912,0.3549293022864302,0.0,0.1599394610069424,0.2815163756964011,0.2071777790646936,0.2340418912666652,0.0,0.2964503361628676,0.24974622623162,0.4140099226797403,0.3123753712442272,0.0,0.3575328161453694,0.0720099189684091,0.5151845170423464,0.2027070174010704,0.5238500397786793,0.3968739454221652,0.2749182391139198,0.1461597832073848,0.1925456208285714,0.0,0.4492093283430801,0.5483322879687014,0.3436986089227899,0.3651561286854173,0.0076959708578105,0.090553574590879,0.2281014318307627,0.1324237963656577,0.1867459642142079,0.1055249680427044,0.0,0.096724911751289,0.105405121608164,0.2580630142103101,0.1660044920270575,0.0515207349624882,0.0,0.0,0.0,0.4243376490934573,0.4413928194323188,0.0,0.21591537628011,0.3381113302910262,0.2077021223810998,0.1288904699281372,0.238522769710171,0.0,0.3738896196521797,0.0,0.2196589075473498,0.3792914236099068,0.0,0.0,0.0,0.0,0.2596786687276827,0.0832334922528106,0.0,0.2438702062795567,0.3095927278918118,0.0,0.0,0.3697029485776616,0.1887952686590116,0.2880716719791054,0.1948678169819008,0.2218281851702827,0.387569342516525
0.1935697380469405,0.0,0.3499752069184587,0.1635406510836495,0.4847710939079986,0.3479009078279288,0.1243811536546211,0.1886389325419832,0.3980661592936197,0.2450211672370143,0.3021156888398073,0.2870526525636785,0.4648287739213699,0.232226071583081,0.4600179051501223,0.3421350728373528,0.3261370609846987,0.3742754727901518,0.0798542757686069,0.468795927227384,0.2511574408214158,0.4850301275936723,0.2925524326500875,0.2013194254269311,0.1383694558472951,0.2259094792612465,0.4492093283430801,0.0,0.4120869670027931,0.4862819523835279,0.4736392218595882,0.0,0.0114474214226117,0.1904894154921962,0.0750240078857476,0.3254754006398108,0.2610825657642733,0.0827307805394763,0.0,0.0,0.188824434871599,0.0,0.1936101432737571,0.0,0.0,0.0,0.0,0.4138758133212003,0.0,0.0,0.311586607175904,0.0,0.2032833176407613,0.0,0.0,0.0,0.3497422139067358,0.0,0.0,0.0957970289597367,0.0,0.0,0.0,0.0,0.2299595149138483,0.0875309337117841,0.3436783496172275,0.2773835740311375,0.0,0.0,0.0,0.2530193026464767,0.4958860143462367,0.2736662085141216,0.0,0.3041948056869962
0.2957265080004329,0.0,0.3443663172576844,0.0,0.2648177940649202,0.3328505340419,0.0,0.111667471564699,0.0697248557347341,0.0,0.0,0.0,0.2877881977307281,0.0,0.239853918163178,0.4157121119495003,0.3871120766858895,0.4364577148929193,0.0,0.3844779300297946,0.2356698201416274,0.4541731814346275,0.4153671978491479,0.0,0.1442543747964272,0.1843447526801133,0.5483322879687014,0.4120869670027931,0.0,0.2402837502842062,0.3672725363379925,0.0646765380370811,0.1519598806054502,0.2640147535504447,0.0412075793251713,0.0429196040787388,0.0,0.0,0.2024416041230774,0.0,0.3019965950593377,0.2704731818322871,0.0,0.0,0.0,0.0,0.509753851619369,0.0,0.0,0.0,0.3969682887049068,0.0,0.0438906842251861,0.0,0.0,0.0,0.0,0.3073568408989069,0.0,0.0,0.0,0.0,0.0,0.0,0.0,0.0290060575763971,0.1360488856526892,0.2615222338574111,0.0,0.0,0.5044400977357762,0.0,0.1862309383691623,0.2128844445297995,0.3528616020282835,0.5012935057768534
0.0,0.0,0.2580785261140895,0.0,0.0,0.2431252137710077,0.0,0.2690856352910675,0.386036359858491,0.0,0.0,0.0,0.3354330003535808,0.0,0.4009163612029539,0.1425255600789902,0.0,0.1980699613936399,0.0,0.363349314756588,0.2637351162085257,0.345696941858456,0.1821789095827764,0.0,0.0,0.0,0.3436986089227899,0.4862819523835279,0.2402837502842062,0.0,0.4025563388319254,0.0,0.0164066828550831,0.0275327431800133,0.1628312269248027,0.0,0.0,0.0,0.0,0.0,0.0,0.0,0.0,0.0,0.0,0.0,0.0,0.0,0.0,0.0,0.1698263875240931,0.0,0.0,0.0,0.0,0.0,0.0,0.0,0.0,0.0,0.0,0.0,0.0,0.0,0.3092480884717423,0.0,0.0,0.2572667217986296,0.0,0.0,0.0,0.3635099035850738,0.0,0.2672265072345051,0.0,0.0
0.3943247991100019,0.0298902653961263,0.2741165022921935,0.1332305467967169,0.3644836659467715,0.2380466487287046,0.172215562389662,0.2408845658542086,0.2698760670537479,0.4294162298927716,0.2092292939694573,0.324035566421572,0.2314819610206771,0.2804660338379916,0.3407825869396639,0.4308504465688874,0.3794552654311011,0.4081150798020474,0.0181249105084176,0.3462708450221647,0.407862794636028,0.4200191016122706,0.3208333721065869,0.2934915445769529,0.2986248700783469,0.3635887073656859,0.3651561286854173,0.4736392218595882,0.3672725363379925,0.4025563388319254,0.0,0.1438062572586824,0.2515008021759127,0.220010626810034,0.0903547798484128,0.1922470205543023,0.155027319553802,0.0223998323286773,0.0857246734827908,0.1037499210696971,0.1534682999722877,0.0548587112618518,0.0,0.0,0.0,0.2917979064839449,0.2080997830885128,0.0,0.0,0.0,0.2899252897495605,0.0,0.2851291972173804,0.0,0.325616440683378,0.0,0.3255744664360464,0.0,0.0,0.0885759775958316,0.230372806562798,0.2908552760670454,0.3125043091455688,0.0,0.1515871083796307,0.2408274189800461,0.3142442323337337,0.3740185440786431,0.2791252994516001,0.2405925213645575,0.2510875027632916,0.2421536902498283,0.3916809065585189,0.3575353976879068,0.0,0.3907088314827399
0.40140423752889,0.0773460168700035,0.1201861656660805,0.0878558508512926,0.0,0.0501394841955665,0.0578405344049008,0.1502634538552869,0.0,0.2768050334108142,0.0824925303721808,0.2343345373684535,0.0,0.1047815567119729,0.0,0.227962476833422,0.2709367279714575,0.2329102656213452,0.1179533384354913,0.0,0.3286736110543412,0.0427340183199027,0.1940733324892785,0.3678758258234095,0.3729207868562675,0.3693062552766838,0.0076959708578105,0.0,0.0646765380370811,0.0,0.1438062572586824,0.0,0.3937679201030268,0.2637558847898411,0.0,0.0,0.0,0.2321677812316766,0.4810340607671121,0.3754322347391334,0.2239599547948999,0.234908021922179,0.0,0.0630635043707025,0.2501700050128591,0.3550684582689353,0.1318458945539326,0.1219283213377351,0.0,0.0,0.1112267730583205,0.0629660823299888,0.1210388386548429,0.0,0.3945883265252103,0.1391662223662579,0.1967974819691205,0.1604091927034839,0.0,0.0,0.1885112062846357,0.2885875921745477,0.2717366672743977,0.2694405216148066,0.0,0.2137106967837551,0.0172640976175934,0.1896066014728317,0.3686267826486943,0.1740815924996247,0.2198213121337127,0.0,0.092780404866122,0.0860303596823319,0.1785969797756227,0.2497405338508139
0.4129391995955373,0.0670673919474789,0.0,0.0,0.0,0.1376010345719548,0.0685308959466489,0.1587815906035698,0.0,0.4017301919341325,0.0688402286401745,0.2508491685214309,0.0,0.0,0.0283808496709657,0.3624935381581998,0.3366702521584634,0.3158423843628193,0.0,0.0,0.337243355731196,0.1318352638733076,0.2771309913694468,0.329473487080506,0.3961610162677168,0.3770279406024343,0.090553574590879,0.0114474214226117,0.1519598806054502,0.0164066828550831,0.2515008021759127,0.3937679201030268,0.0,0.3449601452799026,0.0243924239439306,0.0,0.0,0.1840437835267739,0.4402366020291277,0.4541441033086168,0.2777145296265349,0.2176164837780798,0.0,0.0,0.2246376170484139,0.3339924162974425,0.2436214097496778,0.0,0.0,0.0,0.0,0.0,0.0,0.0,0.4471472286194194,0.0,0.2121289216622244,0.0,0.0,0.0,0.2882925918960362,0.3402978445110629,0.300589062932862,0.0,0.0,0.2338527422936376,0.0537224615944736,0.2914593089530027,0.3378064203863116,0.2776800989291509,0.3105005599840044,0.0,0.0740667670404895,0.1574473065017906,0.0,0.2883116614804186
0.3145647019111158,0.0,0.1559138163357623,0.1453924159222538,0.074725803751021,0.1753939330530094,0.0,0.0322112149536992,0.0,0.2093572436951322,0.0548623065224876,0.2086358005328563,0.1158856746796551,0.1854085790797849,0.0673498357827978,0.3756716665075955,0.4000130081606806,0.3148348569737865,0.0,0.1378804085077926,0.1622374305319214,0.2704192562629311,0.3122837943386751,0.3827698004916162,0.2264631639809955,0.306925090811309,0.2281014318307627,0.1904894154921962,0.2640147535504447,0.0275327431800133,0.220010626810034,0.2637558847898411,0.3449601452799026,0.0,0.0,0.0,0.018484246979834,0.3002446789866149,0.366300856615771,0.4089090690986705,0.4647746882279385,0.3200946222347033,0.0,0.2313207773224451,0.3505992443160593,0.3634952795055545,0.417939960105523,0.0,0.0,0.0,0.3738336545431704,0.0,0.0,0.0,0.2962189422703153,0.0,0.2454666030982486,0.3145521304290929,0.0,0.0,0.4469754297910016,0.3392057910502296,0.3769690544481469,0.0,0.0,0.0,0.0,0.1972331308866958,0.4396710907746746,0.3999193232021756,0.5045602954775785,0.0,0.0768113689228144,0.0347497316692128,0.0,0.3861561988015752
0.0,0.0486093777470479,0.0,0.0145949667442503,0.0944494636934806,0.0894965852309877,0.1654645476098196,0.1772373164232305,0.1684557441147768,0.0723408196556317,0.0886974639763756,0.1122023006861082,0.077870732656087,0.0,0.1325592310225932,0.0,0.0,0.0,0.0412765784523254,0.0722945194314555,0.0,0.058522544431523,0.0424997845860526,0.0,0.0090972976623063,0.0365560319356118,0.1324237963656577,0.0750240078857476,0.0412075793251713,0.1628312269248027,0.0903547798484128,0.0,0.0243924239439306,0.0,0.0,0.1176784267561049,0.0,0.0,0.0,0.0,0.0,0.0,0.1934648091766617,0.0,0.0,0.0,0.0,0.0,0.0,0.0,0.0,0.0,0.0,0.0,0.0,0.0,0.0909151410231998,0.0,0.0,0.0998357619595613,0.0,0.0,0.0,0.0,0.040364506972869,0.0452292400254414,0.0,0.1089500983911506,0.0,0.0175887084792387,0.0,0.142472210482837,0.0716126373008224,0.020648461132554,0.0,0.0
0.0,0.0,0.0798472952817981,0.0,0.3290030097237683,0.1444391608188235,0.1745242291944046,0.1799620370455451,0.358244943923609,0.1141496602829495,0.2142261353986527,0.1758168935053711,0.2835356336838823,0.178032358433529,0.2723840887766581,0.0,0.0,0.0,0.0339916977317339,0.2329021460658434,0.0482883085118505,0.1918897691733113,0.0,0.0,0.0,0.031665985125468,0.1867459642142079,0.3254754006398108,0.0429196040787388,0.0,0.1922470205543023,0.0,0.0,0.0,0.1176784267561049,0.0,0.3789568879298991,0.0,0.0,0.0,0.0,0.0,0.2429595151152299,0.1203408386852264,0.0,0.0,0.0,0.09925120024636,0.0,0.2895091435263006,0.0,0.1207360421002482,0.1872374402205528,0.3455430527427879,0.0,0.1962401822573846,0.187182091255481,0.0,0.225281426545336,0.0,0.0,0.0,0.0,0.0,0.2695672354551582,0.0,0.1526583819928214,0.0555757071575381,0.0,0.0,0.0,0.268688057641733,0.2438577930005527,0.1035173633329042,0.0,0.0
0.0,0.0,0.0304050960599625,0.0973784773809404,0.301140296887491,0.0839229786237875,0.1720677800330884,0.0676949985140888,0.3296797843994724,0.0954168150910403,0.1771201531823577,0.1592533740120962,0.1740796996106449,0.1505683717787815,0.0,0.0,0.0,0.0,0.0,0.2475407563628704,0.0,0.1787666346020035,0.0,0.0,0.0,0.0,0.1055249680427044,0.2610825657642733,0.0,0.0,0.155027319553802,0.0,0.0,0.018484246979834,0.0,0.3789568879298991,0.0,0.0,0.0,0.0,0.0015616618500838,0.0,0.2463139976186764,0.2146343164253579,0.0,0.0,0.0,0.0,0.0,0.0,0.0,0.0,0.0,0.0,0.0,0.0,0.1397794875531267,0.0,0.0,0.0,0.0,0.0,0.0,0.0,0.0,0.0,0.0,0.0,0.0,0.0,0.0,0.0,0.0,0.0,0.0,0.0
0.2476886947525472,0.0,0.0,0.0,0.0,0.1522535116383852,0.0,0.0,0.0,0.0258172033097735,0.0081323436190469,0.100022375803648,0.1021946275812246,0.0,0.0,0.0,0.179253923590848,0.0,0.0807816042360863,0.0,0.0,0.0,0.2500419158819686,0.3133348340929068,0.1825551215600759,0.2190464289362153,0.0,0.0827307805394763,0.0,0.0,0.0223998323286773,0.2321677812316766,0.1840437835267739,0.3002446789866149,0.0,0.0,0.0,0.0,0.2654538110016558,0.28959842285278,0.3225004639495593,0.2458361396306043,0.0,0.0,0.3802396763921407,0.0,0.0,0.0,0.0,0.0,0.0,0.0,0.0,0.0,0.1530750244714981,0.0,0.1096777261602347,0.0,0.0,0.0,0.0,0.0,0.0,0.0,0.0,0.0,0.0,0.0,0.32583760114434,0.1507424180541436,0.2509248943834115,0.0,0.0,0.0,0.0,0.252897658807922
0.391756905752141,0.0,0.168693389545762,0.0,0.0,0.0417036085399359,0.0,0.0,0.0,0.1556390845851372,0.0,0.1296423188260878,0.0,0.0938652067625946,0.0,0.3764384669527194,0.3585337855228542,0.3324209367622294,0.0426304975825814,0.0,0.2007577035090795,0.1693654397212805,0.2727437342251215,0.3673364088660576,0.3407568507371714,0.294035758126946,0.096724911751289,0.0,0.2024416041230774,0.0,0.0857246734827908,0.4810340607671121,0.4402366020291277,0.366300856615771,0.0,0.0,0.0,0.2654538110016558,0.0,0.5239719905072252,0.2783904487315831,0.440417967712117,0.0,0.0919138203607245,0.3582055174703778,0.4319935309814223,0.3637867041236964,0.2439662904773525,0.3012286474320187,0.0,0.2567367480056676,0.0,0.0,0.0,0.4121831330896857,0.1364213445861986,0.1204290310932073,0.2488323328506108,0.0,0.0,0.4379965992003974,0.4071830995586092,0.4190443389390987,0.2803363798707268,0.0,0.0236303902705811,0.0,0.1549504463039349,0.3961426753569294,0.3827844060064073,0.4196310508709143,0.0,0.0,0.0577795131843722,0.4259755223050512,0.3869090548883435
0.3787189454938935,0.0,0.0,0.0,0.0,0.0,0.0,0.0,0.0,0.1531203694149641,0.0,0.1041382153812625,0.0,0.0,0.0,0.3775666857667291,0.3510231380256536,0.3254384720079924,0.0,0.0,0.2170001669668182,0.1677963265760177,0.2738182417397773,0.3890692675737481,0.3123633437575487,0.2798390042742019,0.105405121608164,0.0,0.0,0.0,0.1037499210696971,0.3754322347391334,0.4541441033086168,0.4089090690986705,0.0,0.0,0.0,0.28959842285278,0.5239719905072252,0.0,0.2907301643903213,0.4136360843319349,0.0,0.0311993282562503,0.4059116851524649,0.4456980608921694,0.3641131607320432,0.0,0.0,0.0,0.272728458556187,0.0,0.0,0.0,0.3806311537285548,0.0841189787761548,0.107065377227015,0.223764875761523,0.0,0.0,0.4696258496971113,0.3872653197527518,0.4049725814888169,0.0,0.0,0.0771460198081961,0.0,0.1558937425415628,0.4537334791025701,0.3626674007535728,0.4445766569854769,0.0,0.0,0.1121200812229338,0.3882073590754524,0.4392794311441751
0.2325865575431965,0.0,0.0,0.0,0.0,0.2341945227292599,0.0,0.1188837307303605,0.0,0.2062151153523131,0.0,0.2274411976497647,0.1593857544377431,0.0,0.1373839495418534,0.2911518565694483,0.2998142227115939,0.2651166477617897,0.0,0.1392681087806584,0.1828295045260693,0.2480609422701392,0.3220754198757095,0.3502546850035062,0.1895899675092832,0.2275755999032871,0.2580630142103101,0.188824434871599,0.3019965950593377,0.0,0.1534682999722877,0.2239599547948999,0.2777145296265349,0.4647746882279385,0.0,0.0,0.0015616618500838,0.3225004639495593,0.2783904487315831,0.2907301643903213,0.0,0.2461965275719527,0.0,0.2108034914739285,0.2395914049292049,0.2412673412987674,0.3197974339736545,0.3234681204088772,0.2368778185682415,0.0270985853305275,0.2692905425669578,0.0414346986609395,0.0374545989838146,0.0326994386756189,0.2175059229281759,0.2202629201604954,0.2033740651189848,0.2476191427049065,0.1616584212128425,0.0,0.3040520409796139,0.2625723356677265,0.2160562465712159,0.25965012692687,0.0,0.0,0.025211901875816,0.223334646921032,0.3419986239805104,0.3045177081966753,0.3520436758168042,0.0,0.1021656083748005,0.0,0.2684615305732748,0.2782702538380499
0.0,0.0,0.0,0.0,0.0,0.1160141002201928,0.0,0.0,0.0,0.0,0.0,0.054965795314851,0.0,0.0,0.0,0.3581555893011919,0.0,0.3107970833095631,0.0,0.0703846541797441,0.0278824979895392,0.183213852155953,0.3224508249574316,0.3848843475780538,0.1959258071454013,0.2327494526046385,0.1660044920270575,0.0,0.2704731818322871,0.0,0.0548587112618518,0.234908021922179,0.2176164837780798,0.3200946222347033,0.0,0.0,0.0,0.2458361396306043,0.440417967712117,0.4136360843319349,0.2461965275719527,0.0,0.0,0.0901663281023703,0.3131351632200061,0.3991920462745377,0.419523310500509,0.2220894432332751,0.1470652104702545,0.0,0.3329052632816575,0.0,0.0,0.0,0.1974738020518505,0.0516150210665191,0.0628982683625589,0.1812242108882066,0.0,0.0,0.5133458019663236,0.3403096035586556,0.3963884874410453,0.2350806155348528,0.0,0.0,0.0,0.1145937994790619,0.389354261895227,0.3749807474010762,0.4481323413522177,0.0,0.0,0.0258750183617704,0.4663778958489366,0.4417173769703551
0.0,0.0,0.10541462653994,0.0,0.3346957046973998,0.1163587594194204,0.4020540635474012,0.220578604005528,0.4155053103495615,0.0,0.2707589382020741,0.0,0.1788255082127841,0.0179246032395208,0.3172448293241956,0.0,0.0,0.0,0.1163198930090043,0.0,0.0,0.0,0.0,0.0,0.0,0.0,0.0515207349624882,0.1936101432737571,0.0,0.0,0.0,0.0,0.0,0.0,0.1934648091766617,0.2429595151152299,0.2463139976186764,0.0,0.0,0.0,0.0,0.0,0.0,0.1610716970447785,0.0,0.0,0.0,0.0503032474209163,0.1000451310729669,0.4234234339392839,0.0,0.4261450735475375,0.3052478381539901,0.3968471599923926,0.0,0.1355845886491137,0.1724676945545756,0.036121522090027,0.2378200100498579,0.4351655214394487,0.0,0.0,0.0,0.019586990147622,0.4043227573155113,0.1470194781472274,0.2754168367520944,0.0979333406604687,0.0,0.0,0.0,0.3802173886201769,0.3464902787415198,0.0488791701278952,0.0,0.0
