0.0,0.0850607517045442,0.0,0.0,0.0,0.1662033990286281,0.0,0.1440392426725206,0.0,0.0,0.0,0.0334890593686821,0.1162078610209682,0.0,0.417940974987986,0.2881598364931146,0.0,0.3690703233893823,0.0,0.1673310435969005,0.4810849572375127,0.2134432151523374,0.1828976658896731,0.429690954918665,0.4056316654239009,0.2677606916241818,0.1878579870960552,0.213694272786027,0.3450463918966665,0.0,0.3080160540752764,0.1991482981972642,0.2655043112614296,0.3940115311547772,0.0231075624150079,0.0,0.0,0.0318693123917444,0.1991646427398871,0.3632377117157904,0.5752427362890691,0.0,0.0,0.0,0.0,0.7267844803377428,0.1943494240324532,0.0,0.0,0.0,0.0,0.0,0.0,0.0,0.0,0.0,0.0,0.0,0.0,0.0,0.5159464170720572,0.0,0.3407378091223806,0.0,0.0,0.3910931642381219,0.3389864266107689,0.0,0.4568940765359058,0.3325289400651165,0.3950983001091926,0.0,0.0,0.0,0.0,0.3810623581616327
0.0850607517045442,0.0,0.0,0.0,0.338876464819386,0.4579645683454361,0.5782109213357067,0.2998036909943162,0.6078973066929111,0.0,0.0,0.0,0.7499150454969805,0.0,0.0,0.5084199241477398,0.4783044260460661,0.6273220529555772,0.0,0.138680750239594,0.0,0.54592680485201,0.189738810526033,0.0,0.6771904562117214,0.9241484369983496,0.0,0.6741610296464811,0.0439889434047507,0.0,0.0756704250682765,0.0,0.0777375363536368,0.0,0.0,0.0,0.0,0.0,0.0,0.2497797869782178,0.0,0.0,0.0,0.0,0.0,0.0,0.0,0.0,0.0,0.0,0.2403914445463345,0.0,0.0,0.0,0.0,0.0,0.0,0.0,0.0,0.0939835751504212,0.0,0.0,0.113609705542875,0.0,0.7373632814557142,0.0,0.0977095528308178,0.2161153132731318,0.0,0.0,0.5122142771734417,0.6656970161598603,0.0,0.4873644414729974,0.0,0.0645054782192312
0.0,0.0,0.0,0.1844349070268667,0.5869416654593882,0.8335422523456377,0.4638035957115751,0.7788775402755589,0.8508526938719371,0.6208857596502213,0.6889530515914334,0.4636658707901094,0.4757157817659933,0.387030574257766,0.0,0.0,0.0,0.0,0.6929709774673373,0.0,0.0,0.0,0.8438696503774835,0.0,0.0,0.0,0.7358185686059705,0.2963363437141548,0.0,0.0,0.3668709408733031,0.0055575141137587,0.3671854064812109,0.382300894578521,0.0,0.1078430410250018,0.0,0.0,0.1964588543547989,0.0,0.0,0.0,0.3841281932757742,0.0,0.0,0.0,0.0,0.8494006707968601,0.0,0.5938359225315649,0.7836457713806877,0.5030480370590735,0.7113912378066809,0.8722355297234154,0.0,0.5334017354949236,0.0,0.5970788926007159,0.2874691145361323,0.0,0.0,0.0,0.0,0.6232525630407862,0.0,0.0,0.0,0.7807865467060854,0.0,0.0,0.0,0.7031134670946986,0.4979227920758346,0.0,0.0,0.0
0.0,0.0,0.1844349070268667,0.0,0.1415409402755111,0.2746077434352913,0.0544463643262028,0.1190208088865345,0.0654919151821059,0.0,0.0,0.0,0.0,0.0519621379549659,0.0,0.0,0.0,0.0,0.3203730375059033,0.2829478604568381,0.0,0.0,0.3172108093518157,0.0,0.0,0.0,0.4481074104609964,0.0,0.4492614657829674,0.0,0.1219955924525762,0.2897664096240152,0.0,0.1899666984030613,0.0,0.0877874046627477,0.0,0.0,0.0,0.0,0.0,0.0,0.0,0.0,0.0,0.0,0.0,0.0,0.0,0.0,0.0,0.0,0.0,0.0,0.0,0.0,0.0,0.0,0.0,0.0,0.0,0.0,0.0,0.0,0.0,0.0,0.0,0.0,0.0,0.0,0.0,0.0,0.0,0.0,0.0,0.0
0.0,0.338876464819386,0.5869416654593882,0.1415409402755111,0.0,0.4834988003329747,0.5883593202121767,0.4731682418504675,0.6880624380213064,0.5767353465851734,0.7982380060527868,0.5405225151654736,0.3982735192243011,0.3838243510921417,0.0,0.4062218873461179,0.0,0.0,0.2984311726300327,0.5187613448471553,0.0,0.6470217727828188,0.4794444041228941,0.0,0.5460543024509463,0.4712179485985199,0.3626722532296645,0.3991447990246154,0.3316334534855665,0.0,0.281843410013209,0.0,0.2411003995499598,0.3046800717618835,0.0,0.0957348642738383,0.0,0.3664781353046908,0.0,0.0,0.0,0.0,0.3909910535231765,0.0,0.0,0.0,0.0,0.5366387945265386,0.0,0.5965780971467408,0.4441854343188701,0.0,0.396124450927357,0.5932645750876403,0.0,0.7072150168125372,0.0,0.0,0.0,0.0,0.0,0.0,0.0,0.278276959586983,0.0,0.0,0.0,0.4864048498508753,0.0,0.0,0.0,0.5654971366611534,0.0,0.0,0.0,0.0
0.1662033990286281,0.4579645683454361,0.8335422523456377,0.2746077434352913,0.4834988003329747,0.0,0.5765856671705432,0.7314469728174553,0.828451853306119,0.4562828733876922,0.5523927181936161,0.5612886557434968,0.6948100983060038,0.4992508151557945,0.5008060832892213,0.3917952113638925,0.6219685359470124,0.3377169391705605,0.5492050427719257,0.8164728664871734,0.4346921367182098,0.8024707939211576,0.9408056531233862,0.0,0.6796562586235072,0.6305914485604527,0.7287706335917897,0.3865762317141199,0.8033038654248341,0.3093675165076947,0.1505035808815759,0.0392234580269185,0.3098255672900423,0.1689480174194198,0.0,0.2365361064112181,0.0,0.3009674493223644,0.3890352793122228,0.0,0.0042733298292599,0.0,0.4457641624121451,0.0,0.0,0.0,0.2313691280659867,0.7459128479545839,0.0,0.5896615267289688,0.918130943042369,0.4422911393361384,0.6456315744259279,0.8178870698136873,0.0,0.3692272705539989,0.0,0.7414763001132325,0.0,0.7525835531139258,0.0,0.0,0.0,0.4337696733465512,0.6407017944421853,0.4048824709558184,0.5603723423435659,0.8786188916778633,0.0,0.0,0.8729539567602219,0.8056857570168984,0.6120751717326874,0.6309609206119912,0.3003408977558806,0.2602199192172421
0.0,0.5782109213357067,0.4638035957115751,0.0544463643262028,0.5883593202121767,0.5765856671705432,0.0,0.4078736152433256,0.5923229367044205,0.4633713494664596,0.5672655019189995,0.3380516218877316,0.6150479958043499,0.4200398236137831,0.0,0.5400214201982392,0.6802212816123921,0.3951989992559072,0.0677841509954896,0.416980603839729,0.0,0.6194159385695698,0.393443140069267,0.3047399197928809,0.4046708185805627,0.5236018743891091,0.204510592148624,0.3596392060909384,0.4029272997545777,0.0,0.2221717945145693,0.0,0.1398645340082787,0.2399508895616397,0.0,0.1122517218286954,0.0184685747282479,0.337095633203241,0.0177542868939306,0.0,0.0,0.0,0.4686071232080258,0.0,0.0,0.0,0.0,0.3053288169770526,0.0,0.0,0.412019721854831,0.0,0.3515873036984883,0.572078772433562,0.0,0.2416549073330963,0.0,0.0,0.0,0.0,0.0,0.0,0.0,0.0,0.0,0.0,0.0,0.4053566631722108,0.0,0.0,0.0,0.589734854753497,0.0,0.0,0.0,0.0
0.1440392426725206,0.2998036909943162,0.7788775402755589,0.1190208088865345,0.4731682418504675,0.7314469728174553,0.4078736152433256,0.0,0.7589329926925089,0.6048622277048905,0.5523049315389518,0.6622697273893025,0.5439235331322639,0.4912603965816364,0.3248995288938756,0.308392392283867,0.0,0.1785553946666333,0.5737759114533275,0.6139797816269339,0.534038453438939,0.6146299969817687,0.8470161170837598,0.4967103636395277,0.4131773284433942,0.4740942493092833,0.5435951034248077,0.3415240948143456,0.4714042329002346,0.3896059273473005,0.2843325426016025,0.0,0.3932468378360222,0.2459081292961964,0.0,0.2153978424314854,0.0,0.0,0.0501377869972154,0.0,0.0,0.0,0.4774820443567152,0.0,0.0,0.0,0.0,0.687206217438028,0.0,0.5987289870617695,0.7135483563985869,0.4969942434806833,0.833645549686397,0.7569523134668942,0.0,0.4695817253688133,0.0,0.6305465596101525,0.3971792650055269,0.5035871728608918,0.0,0.0,0.0,0.4968463832537629,0.5001326503491882,0.3794285965115836,0.0,0.7587363424374828,0.0,0.0,0.0,0.6291960548223858,0.4945411719758912,0.4459337666082744,0.0,0.0
0.0,0.6078973066929111,0.8508526938719371,0.0654919151821059,0.6880624380213064,0.828451853306119,0.5923229367044205,0.7589329926925089,0.0,0.5833427690286912,0.7980473133104483,0.653407924868221,0.7373206421076802,0.4912223435283464,0.0,0.576318657833457,0.0,0.5263088595993692,0.4735898860709539,0.740481305735311,0.0,0.8612346420994145,0.7359368355149073,0.5474169307045473,0.662424131985908,0.7452317452268353,0.5035305853999779,0.5665402190272723,0.5971235417975036,0.5355692440211063,0.2757997299391647,0.0,0.362315153455358,0.2779526598104914,0.0,0.2437357920812261,0.0951264055472322,0.4536918886550085,0.0363141137019417,0.0,0.0,0.0,0.5284085835645455,0.0,0.0,0.0,0.0,0.7282898703967423,0.0,0.7868141926460783,0.7502272769655041,0.6039439641970676,0.6561662989497047,0.9374959522697824,0.0,0.620554875008885,0.0,0.6271809005833731,0.3581926816440663,0.0,0.0,0.0,0.0,0.4213156420686901,0.0,0.0,0.0,0.7351905007564801,0.0,0.0,0.0,0.8610705759489854,0.5909030911966046,0.0,0.0,0.0
0.0,0.0,0.6208857596502213,0.0,0.5767353465851734,0.4562828733876922,0.4633713494664596,0.6048622277048905,0.5833427690286912,0.0,0.5403561333358476,0.4149677551174021,0.2567492540600687,0.0,0.0,0.5145184393106577,0.7777302088963343,0.3379186046111184,0.3636744385272182,0.3436770362168461,0.0,0.4038590473199798,0.5652037128309905,0.2542394692208213,0.3504552003161765,0.2831134585396733,0.4306117396809552,0.1069128312262446,0.2620037491553479,0.0,0.3280079407285561,0.0,0.3643959656324103,0.3218101733792439,0.0,0.0,0.0,0.3306086044142255,0.0,0.0,0.0,0.0,0.0,0.0,0.0675949662242253,0.0,0.0,0.0,0.0,0.0,0.0,0.0,0.0,0.0,0.717806740068741,0.0,0.6108363183724765,0.6485870014526178,0.0,0.0,0.0,0.428339650412714,0.0778313839113519,0.0,0.0,0.0,0.0,0.0,0.1867352565138041,0.2637480789953488,0.4290497580705962,0.0,0.5344799826041835,0.0,0.0,0.0
0.0,0.0,0.6889530515914334,0.0,0.7982380060527868,0.5523927181936161,0.5672655019189995,0.5523049315389518,0.7980473133104483,0.5403561333358476,0.0,0.5697015187887218,0.5368907880499787,0.3686530458324169,0.0,0.0,0.6084432211436072,0.0,0.4608308450109813,0.0,0.0,0.0,0.5008510061229866,0.4524170860782034,0.0,0.5474307750507007,0.3592520052304087,0.5067160734686618,0.0,0.0,0.2377367888128667,0.0,0.2523588069533528,0.2698051231649077,0.0,0.1595320909868703,0.0604419435214122,0.3369540289180838,0.0,0.0,0.0,0.0,0.425203398917086,0.0,0.0,0.0,0.0,0.6718294986859142,0.0,0.622951686371533,0.4333632697667617,0.4960985654902274,0.4950644234714919,0.6866036364378048,0.0,0.7615566934367091,0.0,0.422800783141369,0.2723625026747096,0.0,0.0,0.0,0.0,0.4259554638042868,0.0,0.0,0.0,0.478309958244628,0.0,0.0,0.0,0.6287796579183464,0.4804684211761374,0.0,0.0,0.0
0.0334890593686821,0.0,0.4636658707901094,0.0,0.5405225151654736,0.5612886557434968,0.3380516218877316,0.6622697273893025,0.653407924868221,0.4149677551174021,0.5697015187887218,0.0,0.605298299426398,0.0,0.0,0.0,0.5713282023768578,0.4146464493736375,0.2868578450925775,0.0,0.0725105644873418,0.0,0.5448018391333127,0.7056790448605608,0.5959780209645874,0.7146702450041372,0.119399227123691,0.5669910576411016,0.0,0.0,0.0182101301446197,0.0,0.1707016749025353,0.0,0.0,0.393377761422247,0.1025718073747516,0.4072417305492887,0.0,0.1719371452872447,0.0,0.0,0.5581491101167767,0.0,0.264416020458628,0.0,0.0,0.0,0.0,0.0,0.0,0.0,0.0,0.0,0.3554244870066176,0.0,0.8170714993744999,0.4526483428342389,0.0,0.0,0.0,0.3709426375995678,0.065758803903385,0.0,0.0,0.0,0.0,0.0,0.521101592615856,0.101555938256788,0.588455635572676,0.0,0.508626395898674,0.0,0.0,0.0
0.1162078610209682,0.7499150454969805,0.4757157817659933,0.0,0.3982735192243011,0.6948100983060038,0.6150479958043499,0.5439235331322639,0.7373206421076802,0.2567492540600687,0.5368907880499787,0.605298299426398,0.0,0.5349672602527442,0.0,0.4711886318702251,0.4598714675025885,0.3749533328784873,0.1901718284282345,0.522339862485558,0.2878771079315204,0.6948643405880037,0.4838660966571105,0.5465960875047646,0.5567705907634566,0.8038645096669066,0.099332768147507,0.7774533013878372,0.3822364155885642,0.6753042524214224,0.1253035859689473,0.0,0.2836241146018199,0.1881634650303817,0.0,0.5089233354857797,0.2922059263379835,0.4719060984488463,0.0144157317334328,0.3374175956061706,0.0,0.0,0.5336881395775435,0.0,0.1276335005566282,0.0,0.0,0.4675189563290706,0.0,0.0,0.4752125677657041,0.57566023935591,0.4922635006386046,0.0,0.0,0.3261036212780523,0.6144051831306109,0.0,0.0,0.2904727040436217,0.0,0.0,0.0,0.0,0.6640097140943121,0.0,0.2329793538096142,0.4410971993955339,0.0,0.1727498609764255,0.6366585692343554,0.6096202332199866,0.0,0.4739272833886627,0.0,0.0
0.0,0.0,0.387030574257766,0.0519621379549659,0.3838243510921417,0.4992508151557945,0.4200398236137831,0.4912603965816364,0.4912223435283464,0.0,0.3686530458324169,0.0,0.5349672602527442,0.0,0.0,0.0,0.0,0.0,0.2610346971615073,0.0,0.0843524710381027,0.0,0.5183581558089722,0.0,0.0,0.0,0.1908107899061661,0.4421454583121629,0.0,0.0,0.141743561554688,0.0,0.0,0.0710816419714623,0.0,0.4179454169577394,0.0628999112716477,0.0,0.0190696902455584,0.0,0.0,0.0,0.5419254654566329,0.0,0.0,0.0,0.0,0.3312623874838424,0.0,0.0,0.0,0.0,0.0,0.4100769015189565,0.0,0.2616306662638644,0.0,0.0,0.0,0.0,0.0,0.0,0.0,0.0,0.0,0.0,0.0,0.3938538444722293,0.0,0.0,0.0,0.325326184626541,0.0,0.0,0.0,0.0
0.417940974987986,0.0,0.0,0.0,0.0,0.5008060832892213,0.0,0.3248995288938756,0.0,0.0,0.0,0.0,0.0,0.0,0.0,0.0555904740226106,0.0,0.0133782117049451,0.0,0.6829748790138872,0.4853644797021588,0.4409691074644246,0.5808627877170762,0.0738765282864692,0.2342207388319385,0.0,0.8245553472403389,0.0,0.7593442809586074,0.0,0.2478088084389991,0.2679179824297181,0.2345581139058307,0.3388758764185007,0.0,0.0,0.0,0.0,0.4614546949784151,0.1842017732905359,0.3359735921168876,0.2895210325700024,0.0,0.0,0.0,0.0,0.8070450172280532,0.0,0.0,0.0,0.5526075543924375,0.0,0.2989941385341625,0.0,0.0,0.0,0.0,0.2394203908423656,0.0,0.7935713205371165,0.5154737607020501,0.0,0.0,0.0,0.0975282337520728,0.662803927175212,0.6490914032981245,0.5497939510653306,0.0,0.6439158662300539,0.4402762766974824,0.186268424825873,0.1259298202728507,0.2266978520085404,0.0,0.3570466448549738
0.2881598364931146,0.5084199241477398,0.0,0.0,0.4062218873461179,0.3917952113638925,0.5400214201982392,0.308392392283867,0.576318657833457,0.5145184393106577,0.0,0.0,0.4711886318702251,0.0,0.0555904740226106,0.0,0.6004082821489438,0.6535778496154416,0.0,0.2767634524286315,0.1701508287239603,0.5444168644167198,0.2561380339080737,0.2617499166994501,0.3985651019166557,0.5475027191155483,0.1706000455983312,0.4805954822930684,0.3614925415499104,0.5475367956343716,0.6067502118917621,0.0,0.3115707970804001,0.3675934843353739,0.1027831928788254,0.0,0.0,0.0,0.0,0.0,0.026144761286205,0.0,0.0,0.0,0.0,0.0,0.0,0.0,0.0,0.0,0.0,0.0,0.0,0.0,0.0,0.0,0.0,0.0,0.0,0.2543409446467749,0.1683742011944995,0.0,0.3392134786053236,0.0,0.3332996883250433,0.0675642284319594,0.0943449336533779,0.2686812800111913,0.0,0.1104884065511867,0.4120393320439065,0.5026509396987946,0.0,0.4746453012611846,0.0,0.0800509383729783
0.0,0.4783044260460661,0.0,0.0,0.0,0.6219685359470124,0.6802212816123921,0.0,0.0,0.7777302088963343,0.6084432211436072,0.5713282023768578,0.4598714675025885,0.0,0.0,0.6004082821489438,0.0,0.5591198830044118,0.0,0.4881800386275337,0.0,0.6549531601738177,0.0,0.4767167095791491,0.4753914217364965,0.5722277308305102,0.0,0.3070969039117875,0.3687255097113543,0.0,0.3546491801999318,0.0,0.3757225178969857,0.2815896645079531,0.0,0.0,0.0,0.4225480659013036,0.0,0.0246594493633717,0.0,0.0,0.0,0.0,0.0,0.0,0.0,0.0,0.0,0.0,0.0,0.0,0.0,0.0,0.4380854969991132,0.0,0.5767119560816913,0.0,0.0,0.0,0.0,0.3538793214317082,0.0775219768148975,0.0,0.0,0.0,0.0,0.0,0.2627798495727356,0.2206367376115774,0.5392082408462612,0.0,0.0,0.0,0.0,0.0
0.3690703233893823,0.6273220529555772,0.0,0.0,0.0,0.3377169391705605,0.3951989992559072,0.1785553946666333,0.5263088595993692,0.3379186046111184,0.0,0.4146464493736375,0.3749533328784873,0.0,0.0133782117049451,0.6535778496154416,0.5591198830044118,0.0,0.0,0.1668719046731001,0.0826497294174739,0.4982828016211234,0.1940074611921614,0.4236650912027205,0.7014051666632175,0.6965138683833079,0.0193435698459439,0.4300844345060967,0.2876432934783341,0.3578267652041617,0.3099197836422491,0.0,0.2148494196598521,0.1220749713256317,0.0,0.0,0.0,0.0,0.0,0.1543732539832015,0.1461769498560405,0.0,0.0,0.0,0.0,0.0337764188039438,0.0,0.0,0.0,0.0,0.0,0.0,0.0,0.0,0.1483395828774581,0.0,0.2857264645865893,0.0,0.0,0.0,0.2994501215773427,0.2830045818523908,0.4430005681909515,0.0,0.0,0.0,0.3374369594547955,0.0,0.3218700566693116,0.233091828973045,0.5055734345109615,0.0,0.0,0.0,0.0,0.2892174794195272
0.0,0.0,0.6929709774673373,0.3203730375059033,0.2984311726300327,0.5492050427719257,0.0677841509954896,0.5737759114533275,0.4735898860709539,0.3636744385272182,0.4608308450109813,0.2868578450925775,0.1901718284282345,0.2610346971615073,0.0,0.0,0.0,0.0,0.0,0.0,0.0,0.0,0.709198158025972,0.0,0.0,0.0,0.6403419439449238,0.0,0.0,0.0,0.1478602989600489,0.1133885117820693,0.0,0.2663909479385978,0.0,0.0141803972871238,0.0,0.0,0.214020597334299,0.0,0.0,0.0,0.1441199490325549,0.0,0.0,0.0,0.0,0.7555456092211065,0.0,0.2557301602344768,0.6453351124642176,0.179635512931918,0.5778813874704338,0.4933929236314855,0.0,0.4674275835043366,0.0,0.3802691878965878,0.221089282137648,0.0,0.0,0.0,0.0,0.914775012750452,0.0,0.0,0.0,0.6681257757799581,0.0,0.0,0.0,0.2928597997978541,0.0,0.0,0.0,0.0
0.1673310435969005,0.138680750239594,0.0,0.2829478604568381,0.5187613448471553,0.8164728664871734,0.416980603839729,0.6139797816269339,0.740481305735311,0.3436770362168461,0.0,0.0,0.522339862485558,0.0,0.6829748790138872,0.2767634524286315,0.4881800386275337,0.1668719046731001,0.0,0.0,0.3400707386005511,0.8929798171194706,0.7078494818647605,0.0,0.3975028014311398,0.4156521487217496,0.797884821402392,0.4201808768228958,0.7819342579089621,0.3266183554370532,0.3039301045465903,0.0123582017706498,0.2842974248190423,0.1948552630331367,0.0,0.2616809672133887,0.096690370000851,0.0,0.29269949948892,0.2754785342676863,0.0513121051348923,0.0,0.4326120107650549,0.0,0.0,0.0,0.4748154098467106,0.0,0.0,0.0,0.7535730228974186,0.0,0.4665450405874479,0.0,0.0,0.0,0.0,0.5530360791623598,0.0,0.7613381950771347,0.20114769068197,0.0,0.0,0.0,0.6177677721700751,0.3396473286401054,0.6997206885575392,0.6351550507932613,0.0,0.5185522657326589,0.6535285534969364,0.562364852835031,0.4410362448221171,0.3940286717894856,0.1834266538950466,0.1849723295464787
0.4810849572375127,0.0,0.0,0.0,0.0,0.4346921367182098,0.0,0.534038453438939,0.0,0.0,0.0,0.0725105644873418,0.2878771079315204,0.0843524710381027,0.4853644797021588,0.1701508287239603,0.0,0.0826497294174739,0.0,0.3400707386005511,0.0,0.2742126654611234,0.5397356892915539,0.2432329252338379,0.2749801652471926,0.1675566616646852,0.4506487597479594,0.0854781273594146,0.4945503668434565,0.0,0.3038735182712909,0.2945952615286087,0.423444000251945,0.4968804668134279,0.2111098799235781,0.0,0.0,0.0,0.2940630608189633,0.2544140820798724,0.2256004400578057,0.0587315846530172,0.0,0.0,0.0,0.5337228942482543,0.3440375980337519,0.0,0.0,0.0,0.4411361329284924,0.0,0.576910377404012,0.0,0.0,0.0,0.0,0.3715801274693328,0.0,0.4272942076627034,0.16778109651627,0.0,0.0,0.0,0.0966267628060598,0.7824429426896957,0.2542147178134004,0.4872369776587755,0.0,0.3585362869718648,0.4287235920746091,0.2623441944954433,0.2557279640662248,0.3638596825217767,0.0,0.0815836349953961
0.2134432151523374,0.54592680485201,0.0,0.0,0.6470217727828188,0.8024707939211576,0.6194159385695698,0.6146299969817687,0.8612346420994145,0.4038590473199798,0.0,0.0,0.6948643405880037,0.0,0.4409691074644246,0.5444168644167198,0.6549531601738177,0.4982828016211234,0.0,0.8929798171194706,0.2742126654611234,0.0,0.6146763385865691,0.0,0.601202188702521,0.716144939180796,0.5415199372013275,0.6014051021118394,0.6711226938355294,0.5388979787704605,0.3394506216611371,0.0,0.2669796354191578,0.1958397219802678,0.0,0.2825935496000797,0.1968416984449596,0.0,0.1143878525457001,0.2880218672457711,0.0353783524418746,0.0,0.516922333428612,0.0,0.0,0.0,0.0688624956426301,0.0,0.0,0.0,0.645578667214572,0.0,0.0,0.0,0.0,0.0,0.0,0.0,0.0,0.6931802814940736,0.1155130896514707,0.0,0.3415977504181423,0.0,0.7852189003122112,0.1416483872792797,0.6485741826783537,0.5730013913521147,0.0,0.3935575485948867,0.72523459612895,0.6935932866490752,0.5264876192978882,0.5283302359171341,0.0,0.2026627344675728
0.1828976658896731,0.189738810526033,0.8438696503774835,0.3172108093518157,0.4794444041228941,0.9408056531233862,0.393443140069267,0.8470161170837598,0.7359368355149073,0.5652037128309905,0.5008510061229866,0.5448018391333127,0.4838660966571105,0.5183581558089722,0.5808627877170762,0.2561380339080737,0.0,0.1940074611921614,0.709198158025972,0.7078494818647605,0.5397356892915539,0.6146763385865691,0.0,0.4104552601917381,0.5229148990048846,0.4033385689713533,0.7755360949978509,0.1766182237921992,0.7003522568926827,0.1806360130910589,0.235858921534321,0.0,0.3652003876294815,0.2698160365002326,0.0,0.1399158323410699,0.0,0.2273686496358447,0.2592637491355909,0.1976250063208642,0.0,0.0,0.426093879776627,0.153444692159242,0.0,0.0,0.3680280703111347,0.7718383947443307,0.0,0.4977755367185191,0.8916398583473989,0.4156029154054064,0.7827740422415067,0.740893759886929,0.0,0.4456328842105069,0.0,0.6667730632331819,0.3455322736561875,0.7072834391040688,0.0,0.0,0.0,0.6182433052783418,0.4485357089085857,0.5460692011741668,0.4523975021895662,0.9394986810853048,0.0,0.520134118473947,0.7121753732501945,0.6798803352113987,0.4845061577140003,0.5269203328871039,0.2543281583166694,0.1079258806946155
0.429690954918665,0.0,0.0,0.0,0.0,0.0,0.3047399197928809,0.4967103636395277,0.5474169307045473,0.2542394692208213,0.4524170860782034,0.7056790448605608,0.5465960875047646,0.0,0.0738765282864692,0.2617499166994501,0.4767167095791491,0.4236650912027205,0.0,0.0,0.2432329252338379,0.0,0.4104552601917381,0.0,0.6935717699967688,0.7371607376633469,0.0,0.5836304842604263,0.0,0.0,0.1400718857314692,0.0,0.2700151369669458,0.1055623576618956,0.0,0.4147611756573827,0.1464466835433636,0.3630033194833256,0.0,0.3724944066762981,0.1431463153973604,0.0,0.0,0.0,0.3087586860137382,0.1485386062200333,0.0,0.0,0.0,0.0,0.0,0.0,0.0,0.0,0.1745303821257427,0.0,0.6374058608552635,0.0,0.0,0.0,0.0,0.2100543682202984,0.0226892794539847,0.0,0.0,0.0,0.0,0.0,0.7416185794998635,0.1418764742916263,0.5775059409085486,0.0,0.3440229562856504,0.0,0.0,0.1475331779259663
0.4056316654239009,0.6771904562117214,0.0,0.0,0.5460543024509463,0.6796562586235072,0.4046708185805627,0.4131773284433942,0.662424131985908,0.3504552003161765,0.0,0.5959780209645874,0.5567705907634566,0.0,0.2342207388319385,0.3985651019166557,0.4753914217364965,0.7014051666632175,0.0,0.3975028014311398,0.2749801652471926,0.601202188702521,0.5229148990048846,0.6935717699967688,0.0,0.788310031251102,0.2499773845186565,0.4933775649065084,0.4442755335764504,0.0,0.107703284360196,0.0,0.2129687934340437,0.1034040450813293,0.0,0.0,0.0,0.3037937354082066,0.1565459788196803,0.3511904625421502,0.2621951214421379,0.0,0.0,0.0,0.0,0.1642236206768656,0.0,0.0,0.0,0.0,0.0,0.0,0.0,0.0,0.2272977305356667,0.0,0.4326116825705913,0.3774158164692044,0.0,0.5452015582007569,0.2694730800832794,0.4896771492650902,0.3875646779195379,0.0,0.6733929572641878,0.1090637395246646,0.572598964803423,0.5281474955025413,0.4646769494317155,0.5650314426664838,0.7747601385802205,0.0,0.0,0.5826901861650199,0.0,0.37483060421113
0.2677606916241818,0.9241484369983496,0.0,0.0,0.4712179485985199,0.6305914485604527,0.5236018743891091,0.4740942493092833,0.7452317452268353,0.2831134585396733,0.5474307750507007,0.7146702450041372,0.8038645096669066,0.0,0.0,0.5475027191155483,0.5722277308305102,0.6965138683833079,0.0,0.4156521487217496,0.1675566616646852,0.716144939180796,0.4033385689713533,0.7371607376633469,0.788310031251102,0.0,0.0,0.7851443241709827,0.3195280414300624,0.0,0.1893669125648545,0.0,0.261111825961359,0.1192075553351137,0.0,0.4792704408457289,0.0,0.5557579559042066,0.0568504371911297,0.3877712425493936,0.1430358712583042,0.0,0.0,0.0,0.207206370376676,0.0,0.0,0.0,0.0,0.0,0.3732345607873159,0.0,0.0,0.0,0.089492547510801,0.0,0.5884648889250554,0.423578657646328,0.0,0.3327077813139817,0.0,0.3415777773311015,0.2340284543140144,0.0,0.791260458706246,0.0,0.3672298116232756,0.3562615132963423,0.5895993004299221,0.1466497348869222,0.7316278263953179,0.6716735797258141,0.5570421773787771,0.5182727377543191,0.0,0.2173867082999085
0.1878579870960552,0.0,0.7358185686059705,0.4481074104609964,0.3626722532296645,0.7287706335917897,0.204510592148624,0.5435951034248077,0.5035305853999779,0.4306117396809552,0.3592520052304087,0.119399227123691,0.099332768147507,0.1908107899061661,0.8245553472403389,0.1706000455983312,0.0,0.0193435698459439,0.6403419439449238,0.797884821402392,0.4506487597479594,0.5415199372013275,0.7755360949978509,0.0,0.2499773845186565,0.0,0.0,0.0,0.8549997674193178,0.0,0.2308419566275761,0.1003545761842161,0.2405716127728794,0.2543243110808347,0.0,0.0,0.0,0.0,0.5241951180802762,0.076349133563118,0.0329012576309342,0.0835216848681468,0.178769062171174,0.1221857116676804,0.0,0.0,0.7592273783380776,0.6418257358426105,0.0,0.2565040700342124,0.8226299406483859,0.2042327029679717,0.4350564007651879,0.608565915124623,0.0,0.2938685452927307,0.0,0.4985316861306894,0.0786888451811859,0.7656548800873768,0.0,0.0,0.0,0.5398188922494843,0.2418711396316701,0.6569993766282528,0.6142108224200419,0.7293201389445083,0.0,0.0,0.5241642484349579,0.5025502773917404,0.3177143157143529,0.4135411248321824,0.2372730710567109,0.2599279551912141
0.213694272786027,0.6741610296464811,0.2963363437141548,0.0,0.3991447990246154,0.3865762317141199,0.3596392060909384,0.3415240948143456,0.5665402190272723,0.1069128312262446,0.5067160734686618,0.5669910576411016,0.7774533013878372,0.4421454583121629,0.0,0.4805954822930684,0.3070969039117875,0.4300844345060967,0.0,0.4201808768228958,0.0854781273594146,0.6014051021118394,0.1766182237921992,0.5836304842604263,0.4933775649065084,0.7851443241709827,0.0,0.0,0.1377800329546191,0.6962531947219681,0.271984101622418,0.0,0.2204259164293968,0.2014917268774526,0.0163847843592334,0.5921234009243701,0.535337454594627,0.4953209436828195,0.0,0.3484153117516687,0.1499516775760991,0.0,0.4481045112405722,0.0,0.2161700872107695,0.0,0.0,0.3194288710318297,0.0,0.0,0.1545617727992295,0.0,0.2168615012974581,0.4243729558535822,0.0321999442124511,0.0,0.5476775976119075,0.2739140589623153,0.0,0.1664176497147613,0.0,0.0,0.0,0.0,0.6678985171424328,0.0,0.2884008090734453,0.134495055327582,0.0,0.0,0.4805629285845859,0.4351919208388698,0.4575137236523054,0.386668947280854,0.0,0.0
0.3450463918966665,0.0439889434047507,0.0,0.4492614657829674,0.3316334534855665,0.8033038654248341,0.4029272997545777,0.4714042329002346,0.5971235417975036,0.2620037491553479,0.0,0.0,0.3822364155885642,0.0,0.7593442809586074,0.3614925415499104,0.3687255097113543,0.2876432934783341,0.0,0.7819342579089621,0.4945503668434565,0.6711226938355294,0.7003522568926827,0.0,0.4442755335764504,0.3195280414300624,0.8549997674193178,0.1377800329546191,0.0,0.098477285921712,0.260696501638746,0.2125367979656848,0.2603161754944516,0.2516197109903696,0.0,0.0,0.0,0.0,0.5636843330346712,0.2943125978043595,0.2521500243244883,0.0866798201870064,0.1387284403317099,0.0,0.0,0.0,0.5564610425618308,0.6045975335189455,0.0,0.0,0.7528639895964959,0.1188249292735084,0.4065682046951748,0.5920743980316507,0.0,0.0,0.0,0.4791474158378894,0.0,0.7883513365738193,0.0,0.0,0.0,0.0,0.3094564804296682,0.5536390469813959,0.6336373926079845,0.6752535028680406,0.0,0.0,0.7165533828284784,0.5185625566271247,0.3578192780756214,0.5513303035089585,0.2881844683038203,0.4184315493077122
0.0,0.0,0.0,0.0,0.0,0.3093675165076947,0.0,0.3896059273473005,0.5355692440211063,0.0,0.0,0.0,0.6753042524214224,0.0,0.0,0.5475367956343716,0.0,0.3578267652041617,0.0,0.3266183554370532,0.0,0.5388979787704605,0.1806360130910589,0.0,0.0,0.0,0.0,0.6962531947219681,0.098477285921712,0.0,0.3455330120392918,0.0,0.0,0.2900950686297936,0.1115356896622292,0.0,0.0,0.0,0.0,0.0,0.0,0.0,0.0,0.0,0.0,0.0,0.0,0.0,0.0,0.0,0.0,0.0,0.0,0.0,0.0,0.0,0.0,0.0,0.0,0.0,0.0,0.0,0.0,0.0,0.5146656877753268,0.0,0.0,0.1675248471330129,0.0,0.0,0.0,0.4597241063579333,0.0,0.3771536571077336,0.0,0.0
0.3080160540752764,0.0756704250682765,0.3668709408733031,0.1219955924525762,0.281843410013209,0.1505035808815759,0.2221717945145693,0.2843325426016025,0.2757997299391647,0.3280079407285561,0.2377367888128667,0.0182101301446197,0.1253035859689473,0.141743561554688,0.2478088084389991,0.6067502118917621,0.3546491801999318,0.3099197836422491,0.1478602989600489,0.3039301045465903,0.3038735182712909,0.3394506216611371,0.235858921534321,0.1400718857314692,0.107703284360196,0.1893669125648545,0.2308419566275761,0.271984101622418,0.260696501638746,0.3455330120392918,0.0,0.1027656274226422,0.2784958046087683,0.4927036014633436,0.2984839019217787,0.0079987395773147,0.1608530539269458,0.2799719026511209,0.0,0.0,0.1421804308179964,0.0,0.2214682599654726,0.0,0.0,0.0,0.0926564653871481,0.0,0.0,0.0,0.1046847531393085,0.0,0.1951041107414027,0.0,0.1992044567102658,0.0,0.1482815556129944,0.0,0.0,0.2293591673230162,0.2087151928517091,0.0,0.1602978915630004,0.0,0.0896672802364074,0.1571417631482266,0.0996426284844531,0.1145276434286411,0.1064110445694702,0.0,0.1340902842223066,0.1427395918158832,0.2696756942161371,0.1498968856858352,0.0,0.1720007233519213
0.1991482981972642,0.0,0.0055575141137587,0.2897664096240152,0.0,0.0392234580269185,0.0,0.0,0.0,0.0,0.0,0.0,0.0,0.0,0.2679179824297181,0.0,0.0,0.0,0.1133885117820693,0.0123582017706498,0.2945952615286087,0.0,0.0,0.0,0.0,0.0,0.1003545761842161,0.0,0.2125367979656848,0.0,0.1027656274226422,0.0,0.1315134975869241,0.2081587840715909,0.2779584945677111,0.2106489024831572,0.2540532069665101,0.0,0.6633021210027369,0.3186137751039882,0.5435038546866771,0.4690364619035812,0.0,0.1678458740333336,0.0938479918576965,0.3468016729680249,0.41286725890428,0.0162913473691395,0.0,0.0,0.0,0.0,0.0,0.0,0.0,0.0,0.0,0.0,0.0,0.0,0.4071426492813389,0.0,0.0985417807040012,0.1080587575828153,0.0,0.2925171082412503,0.0698903524992795,0.0,0.0836767422389535,0.1801629426693631,0.0557577617750216,0.0,0.0,0.0,0.0,0.3754320204516415
0.2655043112614296,0.0777375363536368,0.3671854064812109,0.0,0.2411003995499598,0.3098255672900423,0.1398645340082787,0.3932468378360222,0.362315153455358,0.3643959656324103,0.2523588069533528,0.1707016749025353,0.2836241146018199,0.0,0.2345581139058307,0.3115707970804001,0.3757225178969857,0.2148494196598521,0.0,0.2842974248190423,0.423444000251945,0.2669796354191578,0.3652003876294815,0.2700151369669458,0.2129687934340437,0.261111825961359,0.2405716127728794,0.2204259164293968,0.2603161754944516,0.0,0.2784958046087683,0.1315134975869241,0.0,0.5473308378098787,0.1680692302716793,0.0266856564819344,0.0418063316301258,0.2881106754681632,0.1778178911822641,0.5119182564687388,0.2689569748616662,0.0,0.0,0.0,0.1361335802308952,0.2365537940710854,0.1494320604766535,0.0,0.0,0.0,0.0,0.0,0.0,0.0,0.1423460888485317,0.0,0.2560234045933739,0.0,0.0,0.2720146397155779,0.0510518657439696,0.1260691291009025,0.1198933882543546,0.0,0.0618935795725167,0.3227703959926617,0.0768712312831231,0.3056850236255125,0.3336619984650259,0.2201802415496582,0.3610664187240616,0.1645619206468431,0.2126499002344083,0.0,0.0,0.0378540276890071
0.3940115311547772,0.0,0.382300894578521,0.1899666984030613,0.3046800717618835,0.1689480174194198,0.2399508895616397,0.2459081292961964,0.2779526598104914,0.3218101733792439,0.2698051231649077,0.0,0.1881634650303817,0.0710816419714623,0.3388758764185007,0.3675934843353739,0.2815896645079531,0.1220749713256317,0.2663909479385978,0.1948552630331367,0.4968804668134279,0.1958397219802678,0.2698160365002326,0.1055623576618956,0.1034040450813293,0.1192075553351137,0.2543243110808347,0.2014917268774526,0.2516197109903696,0.2900950686297936,0.4927036014633436,0.2081587840715909,0.5473308378098787,0.0,0.4336013396396327,0.0106473790739892,0.0632049209675932,0.2348440038446707,0.1423392257413965,0.2971851423996907,0.4489705843901608,0.1291978392227977,0.0384455889916225,0.0,0.1713865854821888,0.388591956710435,0.229030435314134,0.2014947902861433,0.0,0.0,0.1071336334290932,0.2492567412087505,0.262894510906199,0.2218940295344161,0.1322282515525392,0.0,0.0917176626373102,0.1601139825080475,0.0,0.268855607772853,0.1702487977612107,0.0242738427609375,0.0761747298510635,0.0,0.0,0.4747282148625569,0.0619966697908664,0.1734172572774121,0.1623712914352791,0.1285858572052163,0.1680449882618612,0.0583254508795916,0.093201361226735,0.1573153011789743,0.0,0.0416903589987925
0.0231075624150079,0.0,0.0,0.0,0.0,0.0,0.0,0.0,0.0,0.0,0.0,0.0,0.0,0.0,0.0,0.1027831928788254,0.0,0.0,0.0,0.0,0.2111098799235781,0.0,0.0,0.0,0.0,0.0,0.0,0.0163847843592334,0.0,0.1115356896622292,0.2984839019217787,0.2779584945677111,0.1680692302716793,0.4336013396396327,0.0,0.0,0.1162499513025799,0.0225567462723513,0.0648853498719481,0.0,0.1391304045126577,0.1934142429498943,0.0,0.0,0.0,0.0,0.142076065957273,0.0,0.0,0.0,0.0,0.0,0.0,0.0,0.0,0.0,0.0,0.0,0.0,0.0,0.066806665524618,0.0,0.0,0.0,0.0,0.0,0.0,0.0,0.0,0.0,0.0,0.0,0.0,0.0,0.0,0.0
0.0,0.0,0.1078430410250018,0.0877874046627477,0.0957348642738383,0.2365361064112181,0.1122517218286954,0.2153978424314854,0.2437357920812261,0.0,0.1595320909868703,0.393377761422247,0.5089233354857797,0.4179454169577394,0.0,0.0,0.0,0.0,0.0141803972871238,0.2616809672133887,0.0,0.2825935496000797,0.1399158323410699,0.4147611756573827,0.0,0.4792704408457289,0.0,0.5921234009243701,0.0,0.0,0.0079987395773147,0.2106489024831572,0.0266856564819344,0.0106473790739892,0.0,0.0,0.4956411293919085,0.269416390090384,0.0154349462411334,0.3090517211664907,0.128285811101789,0.0157855508843032,0.396329839802457,0.1601123338402074,0.1540205468316896,0.0,0.0,0.1831442095517381,0.0,0.2318927133933521,0.0154375944450012,0.2311824065462921,0.07997477546541,0.140269437333616,0.0,0.1359586852110798,0.353468797251279,0.0391700733174981,0.0,0.0,0.0,0.0,0.0,0.0373959420084305,0.3590619616812335,0.0,0.1689020958316418,0.0,0.0,0.0,0.0,0.1064001433441918,0.1611967435438875,0.0,0.0,0.0
0.0,0.0,0.0,0.0,0.0,0.0,0.0184685747282479,0.0,0.0951264055472322,0.0,0.0604419435214122,0.1025718073747516,0.2922059263379835,0.0628999112716477,0.0,0.0,0.0,0.0,0.0,0.096690370000851,0.0,0.1968416984449596,0.0,0.1464466835433636,0.0,0.0,0.0,0.535337454594627,0.0,0.0,0.1608530539269458,0.2540532069665101,0.0418063316301258,0.0632049209675932,0.1162499513025799,0.4956411293919085,0.0,0.2516383828788073,0.0267880200686662,0.0,0.1589456124998118,0.170604382385611,0.1368000281728381,0.0,0.0,0.0,0.0,0.0,0.0,0.0,0.0,0.0,0.0,0.0,0.0,0.0,0.0,0.0,0.0,0.0,0.0,0.0,0.0,0.0,0.0,0.0,0.0,0.0,0.0,0.0,0.0,0.0,0.0,0.0,0.0,0.0
0.0318693123917444,0.0,0.0,0.0,0.3664781353046908,0.3009674493223644,0.337095633203241,0.0,0.4536918886550085,0.3306086044142255,0.3369540289180838,0.4072417305492887,0.4719060984488463,0.0,0.0,0.0,0.4225480659013036,0.0,0.0,0.0,0.0,0.0,0.2273686496358447,0.3630033194833256,0.3037937354082066,0.5557579559042066,0.0,0.4953209436828195,0.0,0.0,0.2799719026511209,0.0,0.2881106754681632,0.2348440038446707,0.0225567462723513,0.269416390090384,0.2516383828788073,0.0,0.0,0.0835254000744486,0.0,0.0,0.0,0.0,0.1573026246946796,0.0,0.0,0.0,0.0,0.0,0.0,0.0,0.0,0.0,0.1127986648036717,0.0,0.4676421580194259,0.0,0.0,0.0,0.0,0.0,0.0,0.0,0.0,0.0,0.0,0.0,0.2990680080946466,0.0,0.3146632561105643,0.0,0.3249217402127285,0.0,0.0,0.0
0.1991646427398871,0.0,0.1964588543547989,0.0,0.0,0.3890352793122228,0.0177542868939306,0.0501377869972154,0.0363141137019417,0.0,0.0,0.0,0.0144157317334328,0.0190696902455584,0.4614546949784151,0.0,0.0,0.0,0.214020597334299,0.29269949948892,0.2940630608189633,0.1143878525457001,0.2592637491355909,0.0,0.1565459788196803,0.0568504371911297,0.5241951180802762,0.0,0.5636843330346712,0.0,0.0,0.6633021210027369,0.1778178911822641,0.1423392257413965,0.0648853498719481,0.0154349462411334,0.0267880200686662,0.0,0.0,0.3874511044558096,0.4552561457098957,0.3372898332976091,0.0,0.2677633882504913,0.0967935810651454,0.3891338855764326,0.5398821946442262,0.145877347846258,0.0,0.0,0.338202550112186,0.0,0.0076744846138982,0.0172547503970182,0.0,0.0,0.0,0.1467273530800492,0.0,0.3352395209731563,0.5202344312387499,0.0950083705260841,0.3190724010229139,0.1437379910764231,0.0,0.3893156048965144,0.3376920672700399,0.262926537285081,0.0850371239302208,0.496370757405406,0.3378948714109971,0.0304892660964183,0.1137436223275984,0.0944237234939006,0.3022142469059602,0.5741522028694082
0.3632377117157904,0.2497797869782178,0.0,0.0,0.0,0.0,0.0,0.0,0.0,0.0,0.0,0.1719371452872447,0.3374175956061706,0.0,0.1842017732905359,0.0,0.0246594493633717,0.1543732539832015,0.0,0.2754785342676863,0.2544140820798724,0.2880218672457711,0.1976250063208642,0.3724944066762981,0.3511904625421502,0.3877712425493936,0.076349133563118,0.3484153117516687,0.2943125978043595,0.0,0.0,0.3186137751039882,0.5119182564687388,0.2971851423996907,0.0,0.3090517211664907,0.0,0.0835254000744486,0.3874511044558096,0.0,0.5229213732084277,0.1739702583853996,0.085009901487783,0.0,0.2127181284782766,0.251385781113761,0.11206531719336,0.1518271299478889,0.0,0.0536174069585796,0.1124833963275171,0.0,0.2465906394408552,0.054736473169035,0.0,0.0136609780289348,0.0326116647582809,0.0590583393090038,0.0,0.243212935866417,0.2442233286439686,0.0951152722802827,0.2091712860299295,0.0385947244140378,0.1963486786318873,0.119423250646871,0.2558905953394728,0.1453132239211956,0.3392148039529133,0.2731116739581272,0.4111147469610847,0.1350928859213416,0.0644970611773297,0.1369190957227002,0.1545543461789842,0.2431985708813755
0.5752427362890691,0.0,0.0,0.0,0.0,0.0042733298292599,0.0,0.0,0.0,0.0,0.0,0.0,0.0,0.0,0.3359735921168876,0.026144761286205,0.0,0.1461769498560405,0.0,0.0513121051348923,0.2256004400578057,0.0353783524418746,0.0,0.1431463153973604,0.2621951214421379,0.1430358712583042,0.0329012576309342,0.1499516775760991,0.2521500243244883,0.0,0.1421804308179964,0.5435038546866771,0.2689569748616662,0.4489705843901608,0.1391304045126577,0.128285811101789,0.1589456124998118,0.0,0.4552561457098957,0.5229213732084277,0.0,0.2589083861106191,0.0,0.0349914091893682,0.174039348892026,0.4850255534930131,0.2769627898540164,0.0,0.0435917292310926,0.0,0.0,0.0,0.0,0.0,0.0,0.0,0.0,0.0,0.0,0.211794699860105,0.6102823507504219,0.0529837963914628,0.356166464332791,0.0,0.0,0.1843433063658802,0.3220766233444343,0.0,0.2087505674663045,0.3373884457037926,0.2417475598889263,0.0,0.0,0.0387950085295113,0.3734850456433096,0.5670492724601414
0.0,0.0,0.0,0.0,0.0,0.0,0.0,0.0,0.0,0.0,0.0,0.0,0.0,0.0,0.2895210325700024,0.0,0.0,0.0,0.0,0.0,0.0587315846530172,0.0,0.0,0.0,0.0,0.0,0.0835216848681468,0.0,0.0866798201870064,0.0,0.0,0.4690364619035812,0.0,0.1291978392227977,0.1934142429498943,0.0157855508843032,0.170604382385611,0.0,0.3372898332976091,0.1739702583853996,0.2589083861106191,0.0,0.0,0.0243956094497159,0.0,0.244763655191159,0.4078957326909165,0.0,0.2432612476378657,0.0,0.0,0.0,0.0,0.0,0.0,0.0,0.0,0.0,0.0,0.0,0.2897442540833606,0.0,0.0412034807030007,0.0,0.0,0.1283689554912312,0.0490906070201688,0.0,0.0,0.0,0.0,0.0,0.0,0.0,0.0,0.0263057007082973
0.0,0.0,0.3841281932757742,0.0,0.3909910535231765,0.4457641624121451,0.4686071232080258,0.4774820443567152,0.5284085835645455,0.0,0.425203398917086,0.5581491101167767,0.5336881395775435,0.5419254654566329,0.0,0.0,0.0,0.0,0.1441199490325549,0.4326120107650549,0.0,0.516922333428612,0.426093879776627,0.0,0.0,0.0,0.178769062171174,0.4481045112405722,0.1387284403317099,0.0,0.2214682599654726,0.0,0.0,0.0384455889916225,0.0,0.396329839802457,0.1368000281728381,0.0,0.0,0.085009901487783,0.0,0.0,0.0,0.3256620695857317,0.0,0.0,0.0,0.321209695193285,0.0333694849526039,0.5736612382386272,0.3456295172258004,0.4919604579848824,0.3332444420830087,0.5072681547573259,0.2077754228176907,0.3567322984147246,0.5431532378932684,0.3985967589594867,0.5445988238491104,0.1523224210342856,0.0,0.1650933209682231,0.0,0.1482863331219102,0.4204364864284419,0.0,0.0824516980731287,0.3131524727802725,0.2883279674224422,0.0,0.3100894430016325,0.4102472978131046,0.3983876083870942,0.1632126720710456,0.0,0.0
0.0,0.0,0.0,0.0,0.0,0.0,0.0,0.0,0.0,0.0,0.0,0.0,0.0,0.0,0.0,0.0,0.0,0.0,0.0,0.0,0.0,0.0,0.153444692159242,0.0,0.0,0.0,0.1221857116676804,0.0,0.0,0.0,0.0,0.1678458740333336,0.0,0.0,0.0,0.1601123338402074,0.0,0.0,0.2677633882504913,0.0,0.0349914091893682,0.0243956094497159,0.3256620695857317,0.0,0.0471660285751118,0.0,0.0,0.0952070908941416,0.0,0.0483870976461087,0.2408063959240442,0.0096651517199964,0.0,0.1005124699465428,0.0,0.0,0.1405500198545839,0.2745398477050249,0.0260546715552436,0.0,0.0,0.0,0.0,0.0,0.0,0.0,0.0,0.134525083945858,0.0,0.0,0.0,0.1558342338189465,0.4075346352427221,0.0085017418486305,0.0,0.3296231142310189
