0.0,0.0,0.0,0.0,0.0,0.0,0.0,0.0,0.0,0.0,0.0,0.0,0.2714367278596133,0.0,0.1125257090958735,0.2064746640564497,0.080863416230064,0.177562496739574,0.0,0.0,0.67541790586571,0.2033560837270882,0.1840915573206123,0.0607760695697019,0.257106663076702,0.0,0.0,0.1259789109779349,0.2310601181371537,0.0,0.1593694093345411,0.2136694992593494,0.1543969219789585,0.2046243506565934,0.0040064635502697,0.0,0.0,0.15205924763651,0.0958080791179914,0.1555084139139847,0.2212401594771189,0.0,0.0,0.0,0.0,0.7393848222079418,0.2630497566821861,0.0,0.0,0.0,0.0,0.0,0.0,0.0,0.0593881637207495,0.0,0.0,0.0,0.0,0.0,0.0,0.0,0.2455965820818765,0.0,0.0,0.6948667257254528,0.0,0.0,0.0897266401539602,0.3471780312031205,0.4701402254734538,0.0,0.0,0.0,0.0,0.0012408821928806
0.0,0.0,0.0,0.0,0.0,0.1503001070955382,0.0,0.0,0.0,0.0,0.0,0.0,0.0,0.0,0.1404188619909213,0.2494072858987029,0.0640839926424418,0.1499660452603998,0.0,0.0,0.0,0.1711425499658276,0.2365091938437713,0.0,0.4030340757254793,0.8216471228945272,0.0,0.0,0.0,0.0,0.0312565711529433,0.441376208918475,0.1615866523497223,0.1253948370505067,0.1400905419482544,0.0,0.0,0.0,0.1814102906137193,0.0,0.2065198892371177,0.0749207698128438,0.0,0.0,0.0,0.0,0.0,0.0,0.0,0.0,0.0,0.0,0.0,0.0,0.0,0.0,0.0,0.0,0.0,0.4508189702951009,0.1075090063176987,0.0,0.0,0.0,0.4721560766381827,0.0,0.348138959662704,0.5774372745929597,0.0,0.2030969180473365,0.0,0.5656519998478885,0.0,0.0755266993203272,0.0,0.1325871454051656
0.0,0.0,0.0,0.0,0.4859899630979761,0.4744957113539277,0.0,0.1045554121772939,0.5374656936350386,0.0,0.7344770534309347,0.1825760505445368,0.1516697925110902,0.0,0.0,0.0,0.0,0.0,0.8375790877451313,0.0,0.0,0.0,0.1318932297475327,0.0,0.0,0.0,0.6880448808548529,0.4540366543498033,0.0,0.0,0.0,0.0,0.0,0.0,0.2201862086199778,0.1980958197900565,0.1515454469400623,0.0,0.0852905977551224,0.0,0.0659777684285729,0.0,0.0,0.0,0.0,0.0,0.0,0.8490713068299192,0.0,0.3399289555003523,0.0,0.0,0.0,0.5414114384084926,0.0,0.7945756804504861,0.0,0.0,0.0,0.0,0.0,0.0,0.0,0.8627992662404883,0.0,0.0,0.0,0.4060921884692649,0.0,0.0,0.0,0.811384644531583,0.0239987690195165,0.0,0.0,0.0
0.0,0.0,0.0,0.0,0.0,0.1108693345446781,0.4446055479047398,0.1554425004986212,0.1187429038185077,0.4946999406119219,0.0,0.3365315217772877,0.2460970437355595,0.3125024369961868,0.0,0.0,0.0,0.0,0.0,0.1619016392368778,0.0,0.0,0.0659946500475247,0.0,0.0,0.0,0.0503532885542872,0.2516616064151676,0.246340330438325,0.0,0.5762055010528552,0.2400704528396786,0.0,0.0833470961330224,0.0,0.0,0.1125660492078037,0.0,0.0,0.0,0.0,0.0,0.0,0.0,0.0,0.0,0.0,0.0,0.0,0.0,0.0,0.0,0.0,0.0,0.0,0.0,0.0,0.0,0.0,0.0,0.0,0.0,0.0,0.0,0.0,0.0,0.0,0.0,0.0,0.0,0.0,0.0,0.0,0.0,0.0,0.0
0.0,0.0,0.4859899630979761,0.0,0.0,0.4594419010069919,0.6123992973939202,0.1254116405603743,0.7730098405658287,0.0,0.665488931211164,0.0,0.5523456506537555,0.3198338949838455,0.0,0.0,0.0,0.0,0.4926668495000678,0.5331881252378741,0.0,0.2132920966260872,0.0687238486930526,0.0,0.0,0.0,0.6566914450549526,0.5068793672799734,0.4691095358859981,0.0,0.0,0.0,0.0,0.0,0.1003233910778324,0.0,0.0,0.0,0.0,0.0,0.0,0.0,0.0,0.0,0.0,0.0,0.0,0.4721141137590427,0.0,0.7473997796623286,0.3108354622191392,0.0,0.0,0.7852172692573854,0.0,0.6357117643363068,0.0,0.0,0.0,0.0,0.0,0.0,0.0,0.254809042748794,0.0,0.0,0.0,0.0,0.0,0.0,0.0,0.2857568078040844,0.0,0.0,0.0,0.0
0.0,0.1503001070955382,0.4744957113539277,0.1108693345446781,0.4594419010069919,0.0,0.4363088863581593,0.5215798358270736,0.5826155229050127,0.3620340670638204,0.4297183261709717,0.4653690908062756,0.5456113240658078,0.0589400260665988,0.3501828528442144,0.0,0.4780688713518292,0.2226460592405829,0.4276334146173113,0.4678772534519921,0.0976245338172874,0.1452792709099808,0.5108505191742081,0.0,0.3363419133414045,0.3103049007272634,0.7181082263643704,0.6719791562444949,0.681376881472499,0.2936078551096949,0.0600731434801667,0.0,0.0,0.0,0.0572354024182982,0.0,0.0,0.0,0.0145474445451119,0.0,0.0,0.0748451858791019,0.0,0.0,0.0,0.0,0.1566613518189999,0.6009252322704068,0.0,0.5633901638265889,0.5926429691357434,0.3818700338998464,0.380178261664677,0.5741979735621096,0.0,0.5462477111888577,0.0,0.2602162611763762,0.0,0.4219954882665181,0.0,0.0,0.0,0.3855011180454243,0.4834153789140334,0.0,0.4476821093439783,0.4880991276281705,0.0,0.0,0.2727775668853424,0.5325329710178327,0.2434465012977401,0.2950590352501465,0.3510907214858384,0.0497110938311869
0.0,0.0,0.0,0.4446055479047398,0.6123992973939202,0.4363088863581593,0.0,0.0899030426480294,0.7206223196963418,0.3152621445460951,0.2712174418044967,0.1348727959763692,0.7283272653412894,0.4188435195964528,0.0,0.0,0.4438886912482376,0.2891570121570298,0.1301916028321927,0.513138209356876,0.0,0.0306879119058113,0.0854504688290745,0.1013776820711937,0.0,0.0,0.5084533278900649,0.5693172308503235,0.6762236106360118,0.0,0.3157019483453612,0.0,0.1629361904065769,0.0,0.0,0.0,0.0,0.0,0.0,0.0,0.0,0.0,0.3386304652191926,0.0,0.0,0.0,0.0,0.1925605073336221,0.0,0.0,0.424573161683124,0.0,0.1178762896025455,0.7037480702271157,0.0,0.2432094020736965,0.0,0.0,0.0,0.0,0.0,0.0,0.0,0.0,0.0,0.0,0.0,0.0,0.0,0.0,0.0,0.0,0.0,0.0,0.0,0.0
0.0,0.0,0.1045554121772939,0.1554425004986212,0.1254116405603743,0.5215798358270736,0.0899030426480294,0.0,0.1018723371718314,0.106286865849437,0.0866149113260336,0.4621455266278205,0.1496627609902895,0.2615202399202913,0.1467175107855106,0.0,0.0,0.1259443974271065,0.0537589255431088,0.208671225099136,0.323850829876643,0.0824740558662715,0.720514117702856,0.4395531788137695,0.0715816972858671,0.1599968735385117,0.1416819266979464,0.054807110233039,0.1717454439447967,0.0258036434434604,0.0,0.1477954875493871,0.0398423647121576,0.0,0.0971821604919796,0.176176306376417,0.0,0.0,0.2103838890830022,0.0,0.0,0.0,0.1512147787658864,0.0,0.0,0.0,0.0,0.0813616266876786,0.0,0.0316105080889012,0.3032491451533291,0.0,0.777396214451906,0.1146107957531288,0.0,0.003650106204014,0.0,0.0,0.1499711539532936,0.1348376675712291,0.0,0.0,0.0,0.1249314701821119,0.0657494349626565,0.2356611731864156,0.0,0.2810793455200281,0.0,0.0,0.0,0.0,0.0,0.0,0.0,0.0
0.0,0.0,0.5374656936350386,0.1187429038185077,0.7730098405658287,0.5826155229050127,0.7206223196963418,0.1018723371718314,0.0,0.2411132634813187,0.6962894177366199,0.2015633850617382,0.6598249363136739,0.2527248546356306,0.0,0.0,0.0,0.0,0.6987625436192163,0.7801017537748715,0.0,0.2948673092640846,0.0791041455491718,0.0,0.0,0.0,0.8780488035379338,0.7324821906825139,0.6775883002770962,0.2670294777466018,0.0931850427227243,0.0,0.0,0.0,0.0,0.0,0.0,0.0,0.0,0.0,0.0,0.0,0.0929294106050699,0.0,0.0,0.0,0.0,0.7253186479514815,0.0,0.8940161024163149,0.3230608728489273,0.6359672030744328,0.0,0.9827400990538344,0.0,0.6697659028334285,0.0,0.513762595304433,0.0,0.0,0.0,0.0,0.0,0.4082138627839792,0.0,0.0,0.0,0.0,0.0,0.0,0.0,0.3900432888110685,0.4981039927384516,0.0,0.0,0.0
0.0,0.0,0.0,0.4946999406119219,0.0,0.3620340670638204,0.3152621445460951,0.106286865849437,0.2411132634813187,0.0,0.0,0.7302052752136835,0.4334025580421191,0.0,0.0,0.1459590341497095,0.6810662766686698,0.4147056736192074,0.1147429384310467,0.3915704473338942,0.0,0.2391814825517682,0.2205810023079428,0.3762002285635429,0.0790800234802426,0.4467751731357719,0.3245937587763255,0.5341967908764212,0.4463206652338671,0.0,0.7123184887699456,0.2079026291895529,0.4503758464376977,0.0,0.0,0.0,0.0,0.0,0.0,0.6298332739022612,0.0,0.0,0.0,0.0,0.3478744485035687,0.0993641536201018,0.0,0.0,0.0,0.0,0.0,0.0,0.0,0.0,0.906159743407431,0.0,0.5999445243944866,0.592991419990958,0.0,0.0,0.0,0.765363803070841,0.3400322485798473,0.0,0.0,0.0,0.0,0.0,0.4692043475686141,0.2293188076898672,0.1069006242827423,0.0,0.5406794578844857,0.0,0.0,0.2062053247586568
0.0,0.0,0.7344770534309347,0.0,0.665488931211164,0.4297183261709717,0.2712174418044967,0.0866149113260336,0.6962894177366199,0.0,0.0,0.1046386337019388,0.3372655898555873,0.129875072254266,0.0,0.0,0.033203526235221,0.0,0.7762035134751138,0.0,0.0,0.0,0.0,0.0,0.0,0.0,0.6698556196729746,0.3982361563125348,0.0,0.0,0.0,0.0,0.0,0.0,0.0340812478127211,0.0,0.0,0.0,0.0,0.0,0.0,0.0,0.0,0.0,0.0,0.0,0.0,0.7165972663048571,0.0,0.5117818143174464,0.0,0.1104975041305413,0.0,0.6962488030152733,0.0,0.8478071130566456,0.0,0.0,0.0,0.0,0.0,0.0,0.0,0.6551122047763185,0.0,0.0,0.0,0.1149916161200028,0.0,0.0,0.0,0.5587552081107663,0.021612584876031,0.0,0.0,0.0
0.0,0.0,0.1825760505445368,0.3365315217772877,0.0,0.4653690908062756,0.1348727959763692,0.4621455266278205,0.2015633850617382,0.7302052752136835,0.1046386337019388,0.0,0.3966449206736018,0.0,0.0,0.0,0.4959344490575497,0.3262233469615451,0.2452041622037707,0.0,0.0664451856347758,0.0,0.4399544364839117,0.4966935718394085,0.0593062640859992,0.4604299450291027,0.3249529968826939,0.5059553320125586,0.0,0.0,0.5250580144553297,0.2700456493843597,0.2978506909529884,0.0,0.0,0.2042371795658682,0.1972387199839574,0.0319677304363513,0.1293711349898822,0.3119304343278846,0.0,0.0770311474227127,0.3728758501544336,0.0,0.4637349858887802,0.0,0.0,0.0,0.0,0.0,0.0,0.0,0.0,0.0,0.6170833598111811,0.0,0.8674701596352558,0.2710347296770278,0.0,0.0,0.0,0.4402873252624448,0.1356295419872512,0.0,0.0,0.0,0.0,0.0,0.3503847704063907,0.0485850665530642,0.0,0.0,0.4292205278043217,0.0,0.0,0.0451914241661422
0.2714367278596133,0.0,0.1516697925110902,0.2460970437355595,0.5523456506537555,0.5456113240658078,0.7283272653412894,0.1496627609902895,0.6598249363136739,0.4334025580421191,0.3372655898555873,0.3966449206736018,0.0,0.2762376240536129,0.2300118040550159,0.0623294618699643,0.5310480726325376,0.3790005330008859,0.3799877398737903,0.6599565826980593,0.4074142244634516,0.3398994232962513,0.1787134071628327,0.0954619051972244,0.0,0.0,0.588283320537065,0.7577113377324081,0.6063000848058968,0.4248412695332756,0.294301902343959,0.0,0.1203213398396427,0.0,0.0,0.0068712453013628,0.0,0.0,0.0,0.3972000204810639,0.0,0.0,0.3299321503642088,0.0,0.38409304095295,0.0,0.0,0.4978401627785269,0.0,0.0,0.346534806156921,0.6178189035221221,0.3135970210443608,0.0,0.0,0.3817596549081301,0.2623298523182759,0.0,0.0,0.100186779649282,0.0,0.0,0.0,0.0,0.1975351355888864,0.0,0.2243763905903675,0.133858975283731,0.0,0.1812355108399312,0.3481350550140653,0.1496245565770255,0.0,0.1177523822749781,0.0,0.0
0.0,0.0,0.0,0.3125024369961868,0.3198338949838455,0.0589400260665988,0.4188435195964528,0.2615202399202913,0.2527248546356306,0.0,0.129875072254266,0.0,0.2762376240536129,0.0,0.0,0.0,0.0,0.0,0.0,0.0,0.1505320454111628,0.0,0.2521443907931636,0.0,0.0,0.0,0.0750812648624107,0.0158405478095622,0.0,0.0,0.0444885449645373,0.1509086121273437,0.0,0.0989836053724069,0.0,0.1871671120494853,0.0,0.0,0.1678057961489117,0.0,0.0,0.0,0.4407035465864551,0.0,0.0,0.0,0.0,0.0,0.0,0.0,0.0,0.0,0.0,0.1609972901935826,0.0,0.0,0.0,0.0,0.0,0.0,0.0,0.0,0.0,0.0,0.0,0.0,0.0,0.0,0.0,0.0,0.0,0.0,0.0,0.0,0.0,0.0
0.1125257090958735,0.1404188619909213,0.0,0.0,0.0,0.3501828528442144,0.0,0.1467175107855106,0.0,0.0,0.0,0.0,0.2300118040550159,0.0,0.0,0.0,0.0,0.0,0.0,0.6450447732012298,0.1065345934935244,0.6338261564298572,0.1930485301431495,0.0,0.0,0.1029476712750452,0.5855207900612416,0.3871559822684803,0.2481352275927328,0.0,0.0,0.0257733251000928,0.0,0.0,0.0868243356934941,0.2521957963594883,0.0,0.0,0.0477327563760642,0.0,0.0377195005207379,0.0,0.0,0.0,0.0,0.0,0.0,0.0,0.0,0.0,0.0,0.0,0.0786575527749013,0.0,0.0,0.0,0.0,0.0,0.0,0.7999582665341657,0.0963096123416811,0.0,0.0,0.0,0.7240537953013483,0.0413794428298937,0.6739663262078719,0.4335200354915872,0.0,0.0,0.0,0.6303860996702559,0.0510146135231736,0.4022285838173714,0.0,0.0456386447836889
0.2064746640564497,0.2494072858987029,0.0,0.0,0.0,0.0,0.0,0.0,0.0,0.1459590341497095,0.0,0.0,0.0623294618699643,0.0,0.0,0.0,0.0,0.7357279025153521,0.0,0.0,0.0775761493674581,0.487829475349717,0.0216717334296105,0.0794970670492136,0.1060015362401218,0.147214599221975,0.0,0.0,0.0,0.0,0.3871483305243129,0.3018248098419847,0.3214582422994398,0.3714157922391315,0.0566700106790225,0.0,0.0,0.0,0.0,0.1458134203648725,0.2394466593879279,0.0,0.0,0.0,0.0,0.1266540803305622,0.1000993734995612,0.0,0.0,0.0,0.0,0.0,0.0,0.0,0.0,0.0,0.0,0.0,0.0,0.0,0.0,0.0,0.0,0.0,0.0,0.0051840915193388,0.0,0.0,0.0,0.3903668132507386,0.01341231142936,0.0,0.0,0.0,0.0,0.0
0.080863416230064,0.0640839926424418,0.0,0.0,0.0,0.4780688713518292,0.4438886912482376,0.0,0.0,0.6810662766686698,0.033203526235221,0.4959344490575497,0.5310480726325376,0.0,0.0,0.0,0.0,0.4706405285421534,0.0,0.3786726030684103,0.0,0.149149969398247,0.0,0.3655729655428748,0.3840809418936807,0.339978167862284,0.0,0.7666640893339807,0.6813617880868287,0.0,0.633364998090166,0.0628541582290271,0.118687334124796,0.0479121929302083,0.0,0.0,0.0,0.0,0.0,0.4141932686667964,0.0,0.0,0.0,0.0,0.0,0.0,0.0,0.0,0.0,0.0,0.0,0.0,0.0,0.0,0.5121029804489261,0.0,0.330987431686161,0.0,0.0,0.0,0.0,0.6236766916296826,0.5753137432193384,0.0,0.0,0.0,0.0,0.0,0.4442841053748419,0.2168178066991315,0.3333135732435401,0.0,0.0,0.0,0.0,0.0
0.177562496739574,0.1499660452603998,0.0,0.0,0.0,0.2226460592405829,0.2891570121570298,0.1259443974271065,0.0,0.4147056736192074,0.0,0.3262233469615451,0.3790005330008859,0.0,0.0,0.7357279025153521,0.4706405285421534,0.0,0.0,0.2685239463416157,0.240640134432534,0.4830203118651746,0.1195989278286396,0.2020365503787884,0.3204983384752455,0.2218329790162364,0.1023104084077833,0.237953677779659,0.2053133842610938,0.0629017210029068,0.5659510841127314,0.129227672358848,0.1635983412116428,0.2505946907331249,0.0707338571390413,0.0,0.0,0.0,0.0,0.277821411655179,0.0,0.0,0.0,0.0,0.0,0.2075494463301928,0.2459170387219326,0.0,0.0,0.0,0.0,0.0,0.0,0.0,0.3289125013042442,0.0,0.1463803100451381,0.0,0.0,0.0,0.0,0.3279348681477974,0.2756460159421258,0.0,0.0,0.0,0.0471885876861465,0.0,0.1483140027137855,0.4837817022033285,0.2596912491549344,0.0,0.0,0.0,0.0,0.0
0.0,0.0,0.8375790877451313,0.0,0.4926668495000678,0.4276334146173113,0.1301916028321927,0.0537589255431088,0.6987625436192163,0.1147429384310467,0.7762035134751138,0.2452041622037707,0.3799877398737903,0.0,0.0,0.0,0.0,0.0,0.0,0.0,0.0,0.0,0.1088148646949333,0.0,0.0,0.0,0.6872138765567086,0.4742611411248511,0.0,0.0,0.0,0.0,0.0,0.0,0.0,0.1875096502545007,0.0214735342403444,0.0,0.0,0.0,0.0,0.0,0.0,0.0,0.0,0.0,0.0,0.8841648527168104,0.0,0.4412693439818446,0.0,0.1451864361993221,0.0,0.6201344051624043,0.0,0.7272773110466596,0.0,0.0333784786444701,0.0,0.0,0.0,0.0,0.0,0.8416176283115041,0.0,0.0,0.0,0.2252878266770826,0.0,0.0,0.0,0.6531807083789181,0.0,0.0,0.0,0.0
0.0,0.0,0.0,0.1619016392368778,0.5331881252378741,0.4678772534519921,0.513138209356876,0.208671225099136,0.7801017537748715,0.3915704473338942,0.0,0.0,0.6599565826980593,0.0,0.6450447732012298,0.0,0.3786726030684103,0.2685239463416157,0.0,0.0,0.2589411113792001,0.7469386511693111,0.1559134345973432,0.0,0.0,0.0,0.8463769531168596,0.7030555295937794,0.6549543227695581,0.3755458295303978,0.3351673739262405,0.0,0.018611025601353,0.0,0.0,0.0803026275758311,0.0,0.0,0.0,0.250261617013838,0.0,0.0,0.1667966047925716,0.0,0.0,0.0,0.3930039604274249,0.0,0.0,0.0,0.0923698520871126,0.0,0.1809190731238185,0.0,0.0,0.0,0.0,0.3716449637701213,0.0,0.5007643791792588,0.0943889940194903,0.0,0.0,0.0,0.5785523927006047,0.0761831666463059,0.6459892147431455,0.1445145176023385,0.0,0.0779459831370742,0.2854109166120937,0.3777994384883179,0.4835930629542212,0.1325276719031444,0.3733529332969357,0.0103958360738688
0.67541790586571,0.0,0.0,0.0,0.0,0.0976245338172874,0.0,0.323850829876643,0.0,0.0,0.0,0.0664451856347758,0.4074142244634516,0.1505320454111628,0.1065345934935244,0.0775761493674581,0.0,0.240640134432534,0.0,0.2589411113792001,0.0,0.2349434169013565,0.2692583531478744,0.1867461304590928,0.0,0.0,0.0431629994098438,0.2085321638029515,0.3609717651747304,0.0,0.3252883906644443,0.3102325256642587,0.3396789687709755,0.0,0.0,0.0,0.0,0.0,0.1369056466617372,0.4443624084190229,0.0,0.0,0.0,0.0,0.0,0.6554842258433973,0.4479354705745159,0.0,0.0,0.0,0.3477192401472037,0.0,0.4150647548625655,0.0,0.0,0.0,0.0,0.3771207837019579,0.0,0.0,0.0,0.0,0.0,0.0,0.0,0.8323239948216884,0.0,0.0972415907112831,0.0,0.2796691880064715,0.43588941479109,0.0,0.3857384975450623,0.1087150821175077,0.0,0.0
0.2033560837270882,0.1711425499658276,0.0,0.0,0.2132920966260872,0.1452792709099808,0.0306879119058113,0.0824740558662715,0.2948673092640846,0.2391814825517682,0.0,0.0,0.3398994232962513,0.0,0.6338261564298572,0.487829475349717,0.149149969398247,0.4830203118651746,0.0,0.7469386511693111,0.2349434169013565,0.0,0.1644916405127515,0.0,0.0909710194138075,0.1731918076326908,0.4811052621827598,0.2919211605399647,0.1732875126697324,0.2342786210073202,0.3562922338322591,0.1733951095702907,0.1239387821829779,0.26218773170809,0.1226213734205751,0.2309536436051305,0.127404101796559,0.0,0.0,0.0,0.0368361873489194,0.1131593009436823,0.1082969001660947,0.0,0.0,0.0944871559232306,0.0614410232933041,0.0,0.0,0.0,0.0,0.0,0.0,0.0,0.0,0.0,0.0,0.0,0.0,0.5437330689957793,0.0,0.0,0.0303869376859728,0.0,0.5760575708872528,0.1378517077762946,0.6234179397573887,0.2899990060576075,0.0,0.2761561523666038,0.0782482200690167,0.4369097342478603,0.26264131074553,0.3193903381077316,0.0,0.0666026027548972
0.1840915573206123,0.2365091938437713,0.1318932297475327,0.0659946500475247,0.0687238486930526,0.5108505191742081,0.0854504688290745,0.720514117702856,0.0791041455491718,0.2205810023079428,0.0,0.4399544364839117,0.1787134071628327,0.2521443907931636,0.1930485301431495,0.0216717334296105,0.0,0.1195989278286396,0.1088148646949333,0.1559134345973432,0.2692583531478744,0.1644916405127515,0.0,0.4201237201330471,0.160766238416491,0.2782055376330259,0.1766430372466322,0.0904490369031571,0.1201333824815264,0.0790774507137619,0.1292851353131903,0.3527082521435056,0.2679482967926763,0.0,0.0519781456448518,0.2017103113223562,0.033912611887596,0.1582417078945483,0.26617151685087,0.1401027147469536,0.0,0.0774454215160991,0.2262225711072044,0.118802679891486,0.0,0.0,0.1377666638828748,0.1867993504823788,0.0,0.0678340257440628,0.5048771195262344,0.1004608869043395,0.7180627689378121,0.0436641039891089,0.0,0.118806824693653,0.0,0.1498399894269171,0.2662663366426294,0.2091575282001413,0.0,0.0,0.0,0.2245846000239603,0.1896900204308407,0.2735788747481307,0.2155151240834147,0.7225301160969647,0.0,0.2440493809995743,0.1790454889728342,0.2062080353258406,0.0445031355552404,0.0470096000731429,0.189025532645344,0.0
0.0607760695697019,0.0,0.0,0.0,0.0,0.0,0.1013776820711937,0.4395531788137695,0.0,0.3762002285635429,0.0,0.4966935718394085,0.0954619051972244,0.0,0.0,0.0794970670492136,0.3655729655428748,0.2020365503787884,0.0,0.0,0.1867461304590928,0.0,0.4201237201330471,0.0,0.3078897078101857,0.4329284223768546,0.0,0.1230098090963198,0.0,0.0,0.3078213689319899,0.2759256421063146,0.3687695686246779,0.0,0.0500282815118647,0.020409163584943,0.0,0.2547728433206581,0.2996898525234231,0.3377207325295959,0.0085618443467607,0.0,0.0,0.0,0.1361037628532299,0.0,0.0,0.0,0.0,0.0,0.0,0.0,0.0,0.0,0.2924547793343871,0.0,0.4900905933357026,0.0,0.0,0.0,0.1170052718615751,0.3463242782835275,0.2164459041472038,0.0,0.0,0.0,0.0,0.0,0.844557018958958,0.0971334391910966,0.334821934378829,0.0,0.3018043807367437,0.0,0.0,0.2193561934159982
0.257106663076702,0.4030340757254793,0.0,0.0,0.0,0.3363419133414045,0.0,0.0715816972858671,0.0,0.0790800234802426,0.0,0.0593062640859992,0.0,0.0,0.0,0.1060015362401218,0.3840809418936807,0.3204983384752455,0.0,0.0,0.0,0.0909710194138075,0.160766238416491,0.3078897078101857,0.0,0.5538417632172478,0.0923762888727222,0.1603246348184555,0.2016419160142682,0.0,0.0,0.0776041817470475,0.0,0.3131926658635204,0.5844777142907167,0.0,0.0,0.2903682729425355,0.2431630715231447,0.0,0.3111892182341557,0.3967479886906769,0.0,0.0,0.0,0.0,0.0,0.0,0.0,0.0,0.0,0.0,0.0,0.0,0.0,0.0,0.0424170174192966,0.0,0.0,0.2030031951246664,0.4998340049496679,0.0,0.2684126984986189,0.0,0.1913672270450165,0.0,0.1844018697520053,0.26269514917424,0.2267345384075478,0.5459516367243276,0.3857017033486331,0.0,0.0,0.4680503766979157,0.0,0.1682451485916975
0.0,0.8216471228945272,0.0,0.0,0.0,0.3103049007272634,0.0,0.1599968735385117,0.0,0.4467751731357719,0.0,0.4604299450291027,0.0,0.0,0.1029476712750452,0.147214599221975,0.339978167862284,0.2218329790162364,0.0,0.0,0.0,0.1731918076326908,0.2782055376330259,0.4329284223768546,0.5538417632172478,0.0,0.1051514672777521,0.1265883765373258,0.0414550838573723,0.0,0.2231797693733465,0.2700746960004982,0.0775734513119455,0.0522628735898726,0.2282921882805938,0.0,0.0,0.1016685020540936,0.1351499435409115,0.0,0.0073531451073718,0.1588750221768254,0.0,0.0,0.0319632111818534,0.0,0.0,0.0,0.0,0.0,0.0,0.0,0.0,0.0,0.2925839898951071,0.0,0.4455025471473227,0.0,0.0,0.3706319765179484,0.2615781355491429,0.0874349777070486,0.0506987318265031,0.0,0.4661245805438039,0.0,0.4268942726798616,0.444544914889491,0.2038857115455338,0.3313749455254443,0.1084959243319774,0.4870658948740259,0.0,0.0215424192264209,0.0,0.1344887402463798
0.0,0.0,0.6880448808548529,0.0503532885542872,0.6566914450549526,0.7181082263643704,0.5084533278900649,0.1416819266979464,0.8780488035379338,0.3245937587763255,0.6698556196729746,0.3249529968826939,0.588283320537065,0.0750812648624107,0.5855207900612416,0.0,0.0,0.1023104084077833,0.6872138765567086,0.8463769531168596,0.0431629994098438,0.4811052621827598,0.1766430372466322,0.0,0.0923762888727222,0.1051514672777521,0.0,0.7732471388779444,0.7733434294936868,0.3795914965982487,0.1014619641197902,0.0,0.0,0.0,0.0,0.0,0.0,0.0,0.0,0.0857977901779252,0.0,0.097355611673622,0.0,0.0,0.0,0.0,0.2923761909819362,0.8070014556511108,0.0,0.7917060321385189,0.2922128932698336,0.5485462021560213,0.0,0.8577149615206284,0.0,0.7236960014510699,0.0,0.3440742016529425,0.0,0.5598956704242185,0.0,0.0,0.0,0.4941130513345395,0.6708210399975896,0.0,0.6824114912885331,0.2748991230622227,0.0,0.0,0.3305549516140839,0.6809234012603346,0.3390245274432157,0.4050015025846283,0.4501366910366576,0.1076439947205062
0.1259789109779349,0.0,0.4540366543498033,0.2516616064151676,0.5068793672799734,0.6719791562444949,0.5693172308503235,0.054807110233039,0.7324821906825139,0.5341967908764212,0.3982361563125348,0.5059553320125586,0.7577113377324081,0.0158405478095622,0.3871559822684803,0.0,0.7666640893339807,0.237953677779659,0.4742611411248511,0.7030555295937794,0.2085321638029515,0.2919211605399647,0.0904490369031571,0.1230098090963198,0.1603246348184555,0.1265883765373258,0.7732471388779444,0.0,0.8262098625788977,0.6052457694702295,0.4056031772298752,0.0,0.0,0.0,0.0,0.0,0.0,0.0,0.0,0.2868732559694854,0.0,0.0521559511867312,0.1775109087830389,0.0,0.3636027664487913,0.0,0.0,0.6616938895669188,0.0,0.0,0.3225445539913186,0.0,0.037507131101192,0.674370381308419,0.4278357639962338,0.0,0.3675454538371319,0.4921897348206812,0.0,0.3924300394294533,0.0,0.0,0.0,0.0,0.48968573308469,0.0035179044214969,0.5028147138221278,0.2246288462457398,0.0,0.0704152316166462,0.3219073190647589,0.4112616768075242,0.6672777442064075,0.3072117628904948,0.0,0.1069279667103403
0.2310601181371537,0.0,0.0,0.246340330438325,0.4691095358859981,0.681376881472499,0.6762236106360118,0.1717454439447967,0.6775883002770962,0.4463206652338671,0.0,0.0,0.6063000848058968,0.0,0.2481352275927328,0.0,0.6813617880868287,0.2053133842610938,0.0,0.6549543227695581,0.3609717651747304,0.1732875126697324,0.1201333824815264,0.0,0.2016419160142682,0.0414550838573723,0.7733434294936868,0.8262098625788977,0.0,0.5350796699642448,0.3489877870321877,0.0,0.0,0.0,0.0,0.0,0.0,0.0,0.0,0.4172979610025226,0.0,0.0,0.0994449935431817,0.0,0.0,0.0,0.5360276688742923,0.4753283848082918,0.0,0.0,0.4535259033747322,0.6644238379606258,0.0549094911617239,0.6971244402811627,0.0,0.0,0.0,0.5418841893945784,0.0,0.197249741432905,0.0,0.0,0.0,0.0,0.3051224732099019,0.207608990138148,0.4772894974624958,0.094994932045563,0.0,0.0,0.5993470261776266,0.2513555081187635,0.4348245367302396,0.3143959923183309,0.3785458301943325,0.0982385132592734
0.0,0.0,0.0,0.0,0.0,0.2936078551096949,0.0,0.0258036434434604,0.2670294777466018,0.0,0.0,0.0,0.4248412695332756,0.0,0.0,0.0,0.0,0.0629017210029068,0.0,0.3755458295303978,0.0,0.2342786210073202,0.0790774507137619,0.0,0.0,0.0,0.3795914965982487,0.6052457694702295,0.5350796699642448,0.0,0.2381331218899812,0.111465792617677,0.0,0.0,0.0,0.0,0.0,0.0,0.0,0.0,0.0,0.0,0.0,0.0,0.0,0.0,0.0,0.0,0.0,0.0,0.0,0.0,0.0,0.0,0.0,0.0,0.0,0.0,0.0,0.0,0.0,0.0,0.0,0.0,0.2071872289312642,0.0,0.0,0.284079429736384,0.0,0.0,0.0,0.2244603080840375,0.0,0.3920570879649122,0.0,0.0
0.1593694093345411,0.0312565711529433,0.0,0.5762055010528552,0.0,0.0600731434801667,0.3157019483453612,0.0,0.0931850427227243,0.7123184887699456,0.0,0.5250580144553297,0.294301902343959,0.0444885449645373,0.0,0.3871483305243129,0.633364998090166,0.5659510841127314,0.0,0.3351673739262405,0.3252883906644443,0.3562922338322591,0.1292851353131903,0.3078213689319899,0.0,0.2231797693733465,0.1014619641197902,0.4056031772298752,0.3489877870321877,0.2381331218899812,0.0,0.3094672744441796,0.5093520789556877,0.2984963961113746,0.0,0.0,0.0929656475935925,0.0602502632688402,0.0837233690807981,0.6954148784934178,0.0,0.0,0.4789081459215912,0.0,0.0,0.0,0.3195101610169251,0.0,0.0,0.0,0.2039924309965469,0.0,0.1319635014160331,0.0,0.7018071297917595,0.0,0.4731402255077,0.0,0.0,0.0,0.0,0.6624064923803956,0.327719734872228,0.0,0.087713425700128,0.1789491635951487,0.2464732680835895,0.1179801068447367,0.4484549854669428,0.3085070091311682,0.2406201697278417,0.0,0.5693686725572286,0.0,0.0,0.2949380541983273
0.2136694992593494,0.441376208918475,0.0,0.2400704528396786,0.0,0.0,0.0,0.1477954875493871,0.0,0.2079026291895529,0.0,0.2700456493843597,0.0,0.1509086121273437,0.0257733251000928,0.3018248098419847,0.0628541582290271,0.129227672358848,0.0,0.0,0.3102325256642587,0.1733951095702907,0.3527082521435056,0.2759256421063146,0.0776041817470475,0.2700746960004982,0.0,0.0,0.0,0.111465792617677,0.3094672744441796,0.0,0.6656069088317821,0.3185034575304313,0.0538530951306051,0.262323451972037,0.188114102209695,0.3825800494428475,0.6440411039311852,0.2271222116722061,0.3766238900571766,0.1144774816730238,0.3610526888702466,0.3338650603453554,0.0552534307846522,0.0203470586026624,0.0,0.0,0.0,0.0,0.1045991959339059,0.0,0.3062316561153126,0.0,0.3388714927484607,0.0,0.4799355564423562,0.1071575511276444,0.0,0.1090066914588669,0.0,0.2622243788108117,0.0,0.0647851882860769,0.1129824406988697,0.3308020678043655,0.1111541923344484,0.4581330702740352,0.238982363025995,0.2188941326994707,0.0,0.048505687141876,0.2151977670044781,0.035870842226461,0.0,0.1765988317501296
0.1543969219789585,0.1615866523497223,0.0,0.0,0.0,0.0,0.1629361904065769,0.0398423647121576,0.0,0.4503758464376977,0.0,0.2978506909529884,0.1203213398396427,0.0,0.0,0.3214582422994398,0.118687334124796,0.1635983412116428,0.0,0.018611025601353,0.3396789687709755,0.1239387821829779,0.2679482967926763,0.3687695686246779,0.0,0.0775734513119455,0.0,0.0,0.0,0.0,0.5093520789556877,0.6656069088317821,0.0,0.2097260007290181,0.0,0.1288777901015905,0.0,0.0813394047887949,0.3920199906746549,0.7000025787805696,0.0840540619683336,0.0,0.0,0.0,0.1196344722311234,0.2767259942418111,0.3398082406239029,0.0,0.0,0.0,0.0,0.0,0.0,0.0,0.5901860329402416,0.0,0.421462174807056,0.0,0.0,0.0,0.0,0.4549635459611696,0.0852431406965998,0.0,0.0,0.2579736494171836,0.0256626664665095,0.1067114599888294,0.5110463179158551,0.2205867068572991,0.1025233544126981,0.0,0.4703891703300674,0.0,0.0,0.2121199499010447
0.2046243506565934,0.1253948370505067,0.0,0.0833470961330224,0.0,0.0,0.0,0.0,0.0,0.0,0.0,0.0,0.0,0.0989836053724069,0.0,0.3714157922391315,0.0479121929302083,0.2505946907331249,0.0,0.0,0.0,0.26218773170809,0.0,0.0,0.3131926658635204,0.0522628735898726,0.0,0.0,0.0,0.0,0.2984963961113746,0.3185034575304313,0.2097260007290181,0.0,0.5050301071882615,0.0,0.2168262915244864,0.488203665030698,0.3874258103036354,0.0,0.6483078258679726,0.4301734777072647,0.0,0.0,0.156203444083113,0.0,0.0,0.0,0.0,0.0,0.0,0.0,0.0,0.0,0.0,0.0,0.0652020103959044,0.0,0.0,0.0,0.0619076087273335,0.0,0.0,0.0,0.0,0.1903934599640465,0.0,0.082661524361694,0.0,0.2099591474715533,0.0,0.0,0.0,0.3362657202491969,0.0,0.2832745402459894
0.0040064635502697,0.1400905419482544,0.2201862086199778,0.0,0.1003233910778324,0.0572354024182982,0.0,0.0971821604919796,0.0,0.0,0.0340812478127211,0.0,0.0,0.0,0.0868243356934941,0.0566700106790225,0.0,0.0707338571390413,0.0,0.0,0.0,0.1226213734205751,0.0519781456448518,0.0500282815118647,0.5844777142907167,0.2282921882805938,0.0,0.0,0.0,0.0,0.0,0.0538530951306051,0.0,0.5050301071882615,0.0,0.0611544076225283,0.1809294509349048,0.3929828821993954,0.3741182554457447,0.0,0.5434782283695787,0.6038699798985233,0.0,0.0,0.0,0.0,0.0,0.0,0.0,0.0,0.1563822017658701,0.0,0.0,0.0,0.0,0.0,0.0,0.0,0.0,0.1451885827243625,0.2819030568257143,0.0,0.0,0.0,0.1003952473316064,0.0,0.0052277627116932,0.1550071283934701,0.0,0.1162911096513741,0.0371997740412259,0.1749144812578006,0.0,0.3995951995632391,0.0,0.0
0.0,0.0,0.1980958197900565,0.0,0.0,0.0,0.0,0.176176306376417,0.0,0.0,0.0,0.2042371795658682,0.0068712453013628,0.1871671120494853,0.2521957963594883,0.0,0.0,0.0,0.1875096502545007,0.0803026275758311,0.0,0.2309536436051305,0.2017103113223562,0.020409163584943,0.0,0.0,0.0,0.0,0.0,0.0,0.0,0.262323451972037,0.1288777901015905,0.0,0.0611544076225283,0.0,0.3997987798045026,0.2836820196167337,0.1221347888201407,0.0,0.1346287015988999,0.0762474485370435,0.3112184062363701,0.2024774472259762,0.09533529229633,0.0,0.0,0.0619506763567198,0.0,0.0,0.0,0.0,0.2042088943500128,0.0,0.0,0.0,0.2512801583766506,0.0,0.0,0.0,0.0,0.0,0.0,0.2253399199117216,0.0664883593095428,0.0,0.0,0.2200956005266332,0.0,0.0,0.0,0.0162605825932137,0.0,0.0,0.0,0.0
0.0,0.0,0.1515454469400623,0.1125660492078037,0.0,0.0,0.0,0.0,0.0,0.0,0.0,0.1972387199839574,0.0,0.0,0.0,0.0,0.0,0.0,0.0214735342403444,0.0,0.0,0.127404101796559,0.033912611887596,0.0,0.0,0.0,0.0,0.0,0.0,0.0,0.0929656475935925,0.188114102209695,0.0,0.2168262915244864,0.1809294509349048,0.3997987798045026,0.0,0.3756048098285475,0.0,0.0,0.1488860816304514,0.1442294608933682,0.0508848045681298,0.0,0.0,0.0,0.0,0.0,0.0,0.0,0.0,0.0,0.0,0.0,0.0,0.0,0.0,0.0,0.0,0.0,0.0,0.0,0.0,0.0,0.0,0.0,0.0,0.2900930320135513,0.0,0.0,0.0,0.0,0.0,0.0,0.0,0.0
0.15205924763651,0.0,0.0,0.0,0.0,0.0,0.0,0.0,0.0,0.0,0.0,0.0319677304363513,0.0,0.0,0.0,0.0,0.0,0.0,0.0,0.0,0.0,0.0,0.1582417078945483,0.2547728433206581,0.2903682729425355,0.1016685020540936,0.0,0.0,0.0,0.0,0.0602502632688402,0.3825800494428475,0.0813394047887949,0.488203665030698,0.3929828821993954,0.2836820196167337,0.3756048098285475,0.0,0.3695237579654336,0.0,0.548034693406295,0.3172458695003382,0.0,0.0,0.1899857285443379,0.0,0.0,0.0,0.0,0.0,0.0,0.0,0.0,0.0,0.0,0.0,0.0601008272103476,0.0,0.0,0.0,0.0,0.0,0.0,0.0,0.0,0.0,0.0,0.0,0.0805909424504432,0.0439377311038264,0.0,0.0,0.0,0.0,0.0,0.0
0.0958080791179914,0.1814102906137193,0.0852905977551224,0.0,0.0,0.0145474445451119,0.0,0.2103838890830022,0.0,0.0,0.0,0.1293711349898822,0.0,0.1678057961489117,0.0477327563760642,0.0,0.0,0.0,0.0,0.0,0.1369056466617372,0.0,0.26617151685087,0.2996898525234231,0.2431630715231447,0.1351499435409115,0.0,0.0,0.0,0.0,0.0837233690807981,0.6440411039311852,0.3920199906746549,0.3874258103036354,0.3741182554457447,0.1221347888201407,0.0,0.3695237579654336,0.0,0.0498307193844258,0.4764416353604832,0.4970027819678379,0.0511537399107009,0.0,0.0482261452123337,0.0,0.0,0.0,0.1569222716163021,0.0,0.2749912568177185,0.0,0.1563010394369745,0.0,0.0,0.0,0.318393969688031,0.0,0.393445790181662,0.1250296357183518,0.2005991196660276,0.0,0.1117157430114672,0.1049624091690152,0.1589683577435878,0.2662722067091441,0.097471640326099,0.2790746723830906,0.3155170110243828,0.0969246166964376,0.0587628828964311,0.134677414905377,0.1603143697120558,0.2598378794590533,0.3820032948985633,0.3793536841601165
0.1555084139139847,0.0,0.0,0.0,0.0,0.0,0.0,0.0,0.0,0.6298332739022612,0.0,0.3119304343278846,0.3972000204810639,0.0,0.0,0.1458134203648725,0.4141932686667964,0.277821411655179,0.0,0.250261617013838,0.4443624084190229,0.0,0.1401027147469536,0.3377207325295959,0.0,0.0,0.0857977901779252,0.2868732559694854,0.4172979610025226,0.0,0.6954148784934178,0.2271222116722061,0.7000025787805696,0.0,0.0,0.0,0.0,0.0,0.0498307193844258,0.0,0.0,0.0,0.6979520781977924,0.3699577692989487,0.3647337827667738,0.5595704217899827,0.6628403802585991,0.0,0.0,0.2932644338392865,0.2616408711664185,0.7360319371157779,0.1786857139967033,0.1380478899087885,0.7142671012908973,0.0,0.2416116428460326,0.7986090101141691,0.0,0.0,0.0,0.740827071126733,0.4260801679099662,0.0,0.0,0.2918849194265381,0.0,0.0,0.62410779834687,0.2810788694884125,0.4596272919175155,0.0,0.6222690898194784,0.0,0.1552129515914744,0.1230995644860696
0.2212401594771189,0.2065198892371177,0.0659777684285729,0.0,0.0,0.0,0.0,0.0,0.0,0.0,0.0,0.0,0.0,0.0,0.0377195005207379,0.2394466593879279,0.0,0.0,0.0,0.0,0.0,0.0368361873489194,0.0,0.0085618443467607,0.3111892182341557,0.0073531451073718,0.0,0.0,0.0,0.0,0.0,0.3766238900571766,0.0840540619683336,0.6483078258679726,0.5434782283695787,0.1346287015988999,0.1488860816304514,0.548034693406295,0.4764416353604832,0.0,0.0,0.4414792728192159,0.0,0.0,0.0,0.0,0.0,0.0,0.0,0.0,0.0,0.0,0.0,0.0,0.0,0.0,0.0,0.0,0.3266575868272104,0.0,0.1262367726671326,0.0,0.0,0.0,0.0,0.1812473713275769,0.0,0.1931398388681622,0.0027700488897698,0.1442934219359263,0.0,0.0311284755600186,0.0,0.3840884095841712,0.1029640882272153,0.3965344033327497
0.0,0.0749207698128438,0.0,0.0,0.0,0.0748451858791019,0.0,0.0,0.0,0.0,0.0,0.0770311474227127,0.0,0.0,0.0,0.0,0.0,0.0,0.0,0.0,0.0,0.1131593009436823,0.0774454215160991,0.0,0.3967479886906769,0.1588750221768254,0.097355611673622,0.0521559511867312,0.0,0.0,0.0,0.1144774816730238,0.0,0.4301734777072647,0.6038699798985233,0.0762474485370435,0.1442294608933682,0.3172458695003382,0.4970027819678379,0.0,0.4414792728192159,0.0,0.0,0.0,0.2119342346555369,0.0,0.0,0.0727880208296154,0.0351073815900636,0.1109199831092645,0.1047138467586644,0.0,0.0,0.1803486316634489,0.0,0.340570036292268,0.0602774044014485,0.0,0.0,0.1508225732050888,0.2522454217730444,0.0,0.0820681225818208,0.1364982751701547,0.2257964096432385,0.0,0.0569322917179673,0.1849202464251977,0.0,0.1434000674920547,0.0124361381968937,0.2771080844500356,0.0277731003754169,0.3011697449289425,0.0477402675089881,0.284040069331577
0.0,0.0,0.0,0.0,0.0,0.0,0.3386304652191926,0.1512147787658864,0.0929294106050699,0.0,0.0,0.3728758501544336,0.3299321503642088,0.4407035465864551,0.0,0.0,0.0,0.0,0.0,0.1667966047925716,0.0,0.1082969001660947,0.2262225711072044,0.0,0.0,0.0,0.0,0.1775109087830389,0.0994449935431817,0.0,0.4789081459215912,0.3610526888702466,0.0,0.0,0.0,0.3112184062363701,0.0508848045681298,0.0,0.0511537399107009,0.6979520781977924,0.0,0.0,0.0,0.646647267352366,0.2206215963941747,0.0,0.0,0.0,0.1906568863004215,0.0,0.1315524161798828,0.3136812244624266,0.2726379732094627,0.0,0.6137497201732686,0.0,0.3586841313024557,0.5073519271890489,0.1490612329813794,0.0,0.0,0.5733302106470065,0.0,0.0,0.0,0.2272451488977514,0.0,0.0,0.47618947262032,0.0289205725408709,0.1914173073513875,0.0,0.6113683281325151,0.0,0.0,0.0
0.0,0.0,0.0,0.0,0.0,0.0,0.0,0.0,0.0,0.0,0.0,0.0,0.0,0.0,0.0,0.0,0.0,0.0,0.0,0.0,0.0,0.0,0.118802679891486,0.0,0.0,0.0,0.0,0.0,0.0,0.0,0.0,0.3338650603453554,0.0,0.0,0.0,0.2024774472259762,0.0,0.0,0.0,0.3699577692989487,0.0,0.0,0.646647267352366,0.0,0.0,0.0,0.0,0.0597771257975821,0.0480493913878286,0.0,0.0,0.2061489694023656,0.1448902901457565,0.0,0.5972960394345415,0.0,0.4094118343867746,0.4764978272992275,0.0,0.0,0.0,0.0,0.0,0.0348325792865545,0.0,0.0,0.0,0.1036828259700043,0.0,0.0,0.0,0.0,0.5054092769473881,0.0,0.0,0.0767545309972101
0.0,0.0,0.0,0.0,0.0,0.0,0.0,0.0,0.0,0.3478744485035687,0.0,0.4637349858887802,0.38409304095295,0.0,0.0,0.0,0.0,0.0,0.0,0.0,0.0,0.0,0.0,0.1361037628532299,0.0,0.0319632111818534,0.0,0.3636027664487913,0.0,0.0,0.0,0.0552534307846522,0.1196344722311234,0.156203444083113,0.0,0.09533529229633,0.0,0.1899857285443379,0.0482261452123337,0.3647337827667738,0.0,0.2119342346555369,0.2206215963941747,0.0,0.0,0.1904386303608124,0.0,0.0,0.0,0.2043162707916346,0.0805333592018199,0.3587341416378784,0.0,0.1773672470276925,0.3052307891797795,0.0503104864792454,0.3390736796330895,0.2442931758129201,0.0,0.0,0.0,0.2765148938009139,0.2309109288303285,0.0,0.0,0.0,0.0,0.078545866221466,0.1550253349737207,0.281656915715657,0.2081530575152039,0.0,0.3144532775270404,0.0,0.0,0.0
0.7393848222079418,0.0,0.0,0.0,0.0,0.0,0.0,0.0,0.0,0.0993641536201018,0.0,0.0,0.0,0.0,0.0,0.1266540803305622,0.0,0.2075494463301928,0.0,0.0,0.6554842258433973,0.0944871559232306,0.0,0.0,0.0,0.0,0.0,0.0,0.0,0.0,0.0,0.0203470586026624,0.2767259942418111,0.0,0.0,0.0,0.0,0.0,0.0,0.5595704217899827,0.0,0.0,0.0,0.0,0.1904386303608124,0.0,0.7266638139693787,0.0,0.0,0.0,0.3645888576509181,0.0,0.0667932977933349,0.0,0.0,0.0,0.0,0.6583999782748442,0.0,0.0,0.0,0.0,0.4204210185650264,0.0,0.0,0.6330735372960593,0.0,0.0,0.2252079912896475,0.4344500740821869,0.7247831272017605,0.0,0.437748884541163,0.1357076625481029,0.0,0.0
0.2630497566821861,0.0,0.0,0.0,0.0,0.1566613518189999,0.0,0.0,0.0,0.0,0.0,0.0,0.0,0.0,0.0,0.1000993734995612,0.0,0.2459170387219326,0.0,0.3930039604274249,0.4479354705745159,0.0614410232933041,0.1377666638828748,0.0,0.0,0.0,0.2923761909819362,0.0,0.5360276688742923,0.0,0.3195101610169251,0.0,0.3398082406239029,0.0,0.0,0.0,0.0,0.0,0.0,0.6628403802585991,0.0,0.0,0.0,0.0,0.0,0.7266638139693787,0.0,0.0,0.0,0.0,0.4558710379237163,0.5758058458648398,0.2298703960178652,0.3630946322421639,0.2499246596960956,0.0,0.0,0.5854067959238323,0.0,0.0,0.1006069420695039,0.3661329177064039,0.4242280609106622,0.0,0.0,0.4030646282100659,0.0,0.0,0.0,0.4452287222389556,0.7940957713770811,0.0,0.3704612859465691,0.0,0.0,0.0
0.0,0.0,0.8490713068299192,0.0,0.4721141137590427,0.6009252322704068,0.1925605073336221,0.0813616266876786,0.7253186479514815,0.0,0.7165972663048571,0.0,0.4978401627785269,0.0,0.0,0.0,0.0,0.0,0.8841648527168104,0.0,0.0,0.0,0.1867993504823788,0.0,0.0,0.0,0.8070014556511108,0.6616938895669188,0.4753283848082918,0.0,0.0,0.0,0.0,0.0,0.0,0.0619506763567198,0.0,0.0,0.0,0.0,0.0,0.0727880208296154,0.0,0.0597771257975821,0.0,0.0,0.0,0.0,0.0,0.584281459169119,0.0565473116554373,0.3365329001633048,0.0,0.6645621370239773,0.2119506600608931,0.8601929291614032,0.3253307757035426,0.2342148097101077,0.0,0.0,0.0,0.0,0.0,0.8483206439458524,0.0,0.0,0.0,0.4526398502307355,0.0,0.0,0.0,0.8030386545223541,0.3122844773051654,0.3648983092089712,0.5632550797450256,0.1486602593505515
0.0,0.0,0.0,0.0,0.0,0.0,0.0,0.0,0.0,0.0,0.0,0.0,0.0,0.0,0.0,0.0,0.0,0.0,0.0,0.0,0.0,0.0,0.0,0.0,0.0,0.0,0.0,0.0,0.0,0.0,0.0,0.0,0.0,0.0,0.0,0.0,0.0,0.0,0.1569222716163021,0.0,0.0,0.0351073815900636,0.1906568863004215,0.0480493913878286,0.0,0.0,0.0,0.0,0.0,0.2092180923173759,0.3637207851412654,0.429199028174875,0.0702764536974165,0.087915204402032,0.0,0.0,0.0,0.3650023908077626,0.1302987505283394,0.0,0.0,0.0,0.0,0.0,0.0,0.0,0.0,0.0421075445529679,0.0,0.0,0.0,0.0,0.1146929668803264,0.0,0.0,0.0
0.0,0.0,0.3399289555003523,0.0,0.7473997796623286,0.5633901638265889,0.0,0.0316105080889012,0.8940161024163149,0.0,0.5117818143174464,0.0,0.0,0.0,0.0,0.0,0.0,0.0,0.4412693439818446,0.0,0.0,0.0,0.0678340257440628,0.0,0.0,0.0,0.7917060321385189,0.0,0.0,0.0,0.0,0.0,0.0,0.0,0.0,0.0,0.0,0.0,0.0,0.2932644338392865,0.0,0.1109199831092645,0.0,0.0,0.2043162707916346,0.0,0.0,0.584281459169119,0.2092180923173759,0.0,0.3944021182941637,0.7748025144490945,0.0,0.9151250075914518,0.2224386395890411,0.638335260049433,0.0313639922465704,0.5838346190516577,0.0,0.0,0.0,0.0,0.0,0.1397507470395787,0.0,0.0,0.0,0.0360352581866122,0.0,0.0,0.0,0.3551858099543592,0.345195516232589,0.0,0.0,0.1420266175168413
