0.0,0.34365728142471,0.0,0.0,0.0,0.4171238427489759,0.0,0.307551374983756,0.0,0.376357313103775,0.0,0.360346423123795,0.0,0.1265322730634662,0.3910301486880453,0.4814453066792624,0.3550229395953698,0.4815297428858698,0.0,0.4389918468636878,0.4863475044696476,0.4736574706641236,0.3431874407989853,0.5151174980547998,0.3882909634884367,0.4563341649899197,0.3487211413669295,0.3410495241921496,0.4918631683225743,0.0,0.3553905316210967,0.0665428828493081,0.2503427509883975,0.1240009783803611,0.0,0.0,0.0,0.123056142833309,0.0368280019521728,0.1956864269794621,0.0411507015866457,0.0,0.0,0.0,0.0,0.5772628278862535,0.4079713543555404,0.0,0.0,0.0,0.0,0.0,0.0,0.0,0.3169927139021099,0.0,0.0,0.0,0.0,0.0,0.4646706200732384,0.0,0.4393200620567741,0.0,0.0,0.4718160615377595,0.4232448730492743,0.3615174100345875,0.4646556219694953,0.4129901049915713,0.4703504001687127,0.0,0.0,0.0,0.0,0.3859093592778828
0.34365728142471,0.0,0.0,0.0,0.3412461741613756,0.5165653653593575,0.4815263215896689,0.4548648096154081,0.3779461515034641,0.0,0.0,0.0,0.5105476308454997,0.0,0.2720377077150462,0.5251976759747885,0.0,0.5470706749786819,0.0,0.4655391009522537,0.467818245529887,0.5087951011242504,0.4313487599374553,0.0,0.6112733295901494,0.6350231252359749,0.5131418073746306,0.3231455596954724,0.5426429903421514,0.0,0.2772571773008775,0.0456477505553612,0.3546853717656433,0.0968418313383602,0.0,0.0,0.0,0.0,0.0,0.3449381299294335,0.0,0.0,0.0,0.0,0.0,0.3573780586598124,0.6102364917366998,0.0,0.0,0.0,0.4787282879588942,0.0,0.0,0.0,0.0,0.0,0.0,0.0,0.0,0.2836559491945395,0.4331882180420189,0.0,0.5675012721132893,0.0,0.4596071952676028,0.3925822098657641,0.5033111532051922,0.3739763315332534,0.0,0.5859602229366955,0.5959991450836235,0.4866009813546653,0.0,0.4494242164610283,0.0,0.1922497032871389
0.0,0.0,0.0,0.009927244605468,0.4215561538537624,0.3888418521627665,0.321824960179912,0.4618990036518862,0.4505825649469482,0.4210643117681026,0.611644669861666,0.0,0.1838157906632769,0.1225385160751216,0.0,0.0,0.0,0.0,0.5325350130807439,0.0,0.0,0.0,0.5154479443904171,0.0,0.0,0.0,0.4599441551236935,0.0917792361826357,0.2809071059800011,0.1990960875119022,0.1421631739500813,0.1083373360529401,0.0,0.0,0.0,0.0,0.0362628928730945,0.0,0.0577663268245849,0.0,0.0,0.0,0.1366793504403829,0.0,0.0,0.0,0.0,0.6314808497585124,0.0,0.1723433527238606,0.2536220877143486,0.2336958268281181,0.3775324143542904,0.442709712157863,0.0,0.489482609460033,0.0,0.2126283133808404,0.0813198977425578,0.0,0.0,0.0,0.0,0.525633748899644,0.0,0.0,0.0,0.412112970462606,0.0,0.0,0.0,0.4185517642941198,0.0,0.0,0.0,0.0
0.0,0.0,0.009927244605468,0.0,0.092644985028619,0.0,0.0747336824362343,0.0,0.0107540549586982,0.0197160138566984,0.0212432256803862,0.0189438018290964,0.0858993796191456,0.034685562836405,0.0,0.0,0.0,0.0,0.0,0.0,0.0,0.0,0.0,0.0,0.0,0.0,0.0,0.0920854362611364,0.0,0.0,0.0435578517034,0.0972370708988581,0.0,0.0524397511975132,0.0411832573794477,0.1789332720830482,0.1291086399663806,0.0,0.0,0.0,0.0,0.0,0.0,0.0,0.0,0.0,0.0,0.0,0.0,0.0,0.0,0.0,0.0,0.0,0.0,0.0,0.0,0.0,0.0,0.0,0.0,0.0,0.0,0.0,0.0,0.0,0.0,0.0,0.0,0.0,0.0,0.0,0.0,0.0,0.0,0.0
0.0,0.3412461741613756,0.4215561538537624,0.092644985028619,0.0,0.371258011449435,0.4842334129498919,0.3011975442107317,0.5765599244413794,0.4225248159823369,0.4772404233529832,0.3431456129100219,0.2285347323448738,0.1974522459110971,0.0,0.2003844438625931,0.0,0.0,0.4740277402192739,0.2630917625421471,0.0,0.2621565375763617,0.2874244937047968,0.0,0.428194186187542,0.4109246420636559,0.4022076081962696,0.0655830430606208,0.232932317423521,0.0,0.0,0.0380662856785664,0.1228954935743137,0.0,0.0,0.0,0.0335955958248068,0.1068130738745691,0.0,0.0,0.0,0.0,0.1659283958285499,0.0,0.0,0.0,0.0,0.3900250763595586,0.0,0.0,0.2439415039369405,0.0,0.1985953780140954,0.5550610700087534,0.0,0.2961211393005155,0.0,0.0,0.0,0.0,0.0,0.0,0.0,0.3059448575796174,0.0,0.0,0.0,0.1979510265883775,0.0,0.0,0.0,0.4187729660645799,0.0,0.0,0.0,0.0
0.4171238427489759,0.5165653653593575,0.3888418521627665,0.0,0.371258011449435,0.0,0.4124986576609196,0.4550980118354404,0.4303054777968857,0.5149577779118004,0.4169581700177854,0.435600846389866,0.3805986042857455,0.0579708874980374,0.3226604486261852,0.4343237360791172,0.0,0.5431875491569693,0.3853994410966332,0.4151518110932934,0.5199427826907316,0.4470996481480733,0.5427256247447532,0.0,0.5553551852783055,0.5623768389119993,0.5416339707735653,0.2394717468198119,0.5460159336594128,0.2469447939302078,0.2919221863016977,0.0,0.2833563207015148,0.1183039874865434,0.0,0.0418564574181462,0.0445945485845917,0.2066375743065831,0.0,0.0,0.0351910672111643,0.0,0.1782665464796851,0.0,0.0,0.0,0.0,0.3770725017544749,0.0,0.0592337719609168,0.5866610209107019,0.3280272400433173,0.3597029882797767,0.391928637718828,0.0,0.196541790379236,0.0,0.3573034241429637,0.0,0.3208706381806684,0.0,0.0,0.0,0.2702517083884923,0.4063844668956635,0.4273030610901815,0.4870131118952591,0.4861075564896093,0.0,0.0,0.566155241988533,0.5556567113638274,0.1942836912761672,0.5033072148983554,0.0,0.2681756811567685
0.0,0.4815263215896689,0.321824960179912,0.0747336824362343,0.4842334129498919,0.4124986576609196,0.0,0.3201197744533605,0.4220086070924099,0.5235937954722136,0.3187237987353736,0.3281036583353418,0.381429158913937,0.1363429879497933,0.0,0.3433147887270226,0.4937935217426333,0.4316465637086245,0.3106258669626871,0.3986545852734439,0.0,0.419242188989355,0.3132495030079096,0.2178515913572441,0.5206066531004102,0.5016119560220665,0.4703763862304593,0.1978099895228633,0.4360849716218768,0.0,0.0064408821350245,0.0206946333250986,0.2388585404713711,0.0,0.0,0.0,0.0313505665289683,0.0304370505429055,0.0,0.0,0.0,0.0,0.1323962363857615,0.0,0.0,0.0,0.0,0.0,0.0,0.0,0.3003081596255474,0.0,0.0,0.0,0.0,0.0,0.0,0.0,0.0,0.0,0.0,0.0,0.0,0.0,0.0,0.0,0.0,0.2220825181029924,0.0,0.0,0.0,0.4691214592556585,0.0,0.0,0.0,0.0
0.307551374983756,0.4548648096154081,0.4618990036518862,0.0,0.3011975442107317,0.4550980118354404,0.3201197744533605,0.0,0.3074707838228244,0.491332155545652,0.4637316204692874,0.0,0.3193283302329103,0.0923445434142636,0.3313314634898934,0.4728792255871815,0.0,0.3688051393321128,0.344270956991492,0.4905357495264938,0.4426299576186586,0.5093823400912344,0.541935894730687,0.4248316141507684,0.4605716737768981,0.5119257881454607,0.4631448298484261,0.2179276696108253,0.4276817478326813,0.2598072813440344,0.3151971154905639,0.0503281379870757,0.167946646514887,0.0,0.0,0.0,0.0626733160387611,0.0,0.0554214242584695,0.0,0.0,0.0,0.2024025343770519,0.0,0.0,0.0,0.0,0.4547412061976946,0.0,0.0826701670244054,0.3790148737693685,0.2215660761765903,0.5576091766413774,0.345234133976288,0.0,0.3494091104988409,0.0,0.3295493083136027,0.1061676354413736,0.3656284643617555,0.0,0.0,0.0,0.3739869702943827,0.4874470610336113,0.4530790062510305,0.5116525610935447,0.5196422137989163,0.0,0.0,0.0,0.4526344245912576,0.2507581922152541,0.4249188944264223,0.0,0.3187292905030776
0.0,0.3779461515034641,0.4505825649469482,0.0107540549586982,0.5765599244413794,0.4303054777968857,0.4220086070924099,0.3074707838228244,0.0,0.4368497808013441,0.4673997953215211,0.3114938804967706,0.2603767711531522,0.1057583795814424,0.0,0.2109301792036324,0.0,0.0,0.5639217577335923,0.2552928164000049,0.0,0.2628861988502748,0.3555511009392556,0.0,0.4646105982011785,0.4211421498880063,0.4087178334607324,0.0941371984185863,0.2644883487619936,0.109137589815518,0.0,0.0,0.1831489943546771,0.0,0.0,0.0203407273988371,0.0115365003823648,0.1336992703390375,0.0,0.0,0.0,0.0,0.1493861789236626,0.0,0.0,0.0,0.0,0.3900246310822729,0.0,0.2704631170521753,0.3455168796152172,0.3773922366643337,0.2192174485306385,0.5720821106299723,0.0,0.241379883916101,0.0,0.2733987406335085,0.0,0.0,0.0,0.0,0.0,0.2793805743350157,0.0,0.0,0.0,0.2525222520670612,0.0,0.0,0.0,0.4085516780826896,0.0,0.0,0.0,0.0
0.376357313103775,0.0,0.4210643117681026,0.0197160138566984,0.4225248159823369,0.5149577779118004,0.5235937954722136,0.491332155545652,0.4368497808013441,0.0,0.4288421248017207,0.5017400924021579,0.4544973771404446,0.0199077748419239,0.0,0.485555860531876,0.6397946501682591,0.5463541411699633,0.371852740661837,0.0,0.507621289720395,0.554212270873889,0.4768038082319593,0.4221123785078251,0.626037801051392,0.6136486646729398,0.5642775553700303,0.2912112257661653,0.0,0.0,0.24137993086588,0.0318290235936247,0.3331003114531476,0.0607827947968421,0.0,0.0,0.1478199539526801,0.2030370276506753,0.0,0.3240677805971229,0.0,0.0,0.0,0.0,0.2129197462887263,0.3783864721380701,0.0,0.0,0.0,0.0,0.0,0.0,0.0,0.0,0.6127162954909218,0.0,0.382836001126744,0.4085869158577621,0.0,0.0,0.4651474395167023,0.5327038371702657,0.5881735644588131,0.0,0.0,0.0,0.0,0.0,0.3564964623291773,0.6190689910424613,0.6165567204871089,0.0,0.3011874858382609,0.0,0.0,0.2203160740188968
0.0,0.0,0.611644669861666,0.0212432256803862,0.4772404233529832,0.4169581700177854,0.3187237987353736,0.4637316204692874,0.4673997953215211,0.4288421248017207,0.0,0.3917832032410522,0.1961582136143791,0.1151390625657085,0.0,0.0,0.0,0.0,0.5404468300097305,0.0,0.0,0.0,0.4788278100248812,0.3365363186055314,0.0,0.0,0.463271495239041,0.1071727545601233,0.0,0.0,0.1343215549156752,0.1237519305517502,0.1021509462477528,0.0,0.0,0.0,0.0232143366344413,0.1789330179121691,0.0879737858020261,0.0,0.0,0.0,0.1544418433494735,0.0,0.0,0.0,0.0,0.609546977552292,0.0,0.2893655239508136,0.2892091254231287,0.2444589939077603,0.4020698194730053,0.5050264355617475,0.0,0.5565190262603095,0.0,0.2082001394971808,0.0602361904158255,0.0,0.0,0.0,0.0,0.5653186257562471,0.0,0.0,0.0,0.4099119128075923,0.0,0.0,0.0,0.4427087371028493,0.0,0.0,0.0,0.0
0.360346423123795,0.0,0.0,0.0189438018290964,0.3431456129100219,0.435600846389866,0.3281036583353418,0.0,0.3114938804967706,0.5017400924021579,0.3917832032410522,0.0,0.3940878462806924,0.0,0.0,0.0,0.4925611353414564,0.4819763221788591,0.0,0.0,0.4556096868294323,0.0,0.4417974192057343,0.5154762371293758,0.4497015317870542,0.5016426369388662,0.0,0.3296656925566409,0.0,0.0,0.2877126000149872,0.0,0.2065376237441337,0.0495596839868168,0.0,0.0428884561183572,0.2136590729338237,0.1995916934993843,0.0,0.2137131131718231,0.0,0.0,0.0,0.0,0.1854564244727757,0.0,0.0,0.0,0.0,0.0,0.0,0.0,0.0,0.0,0.4728490856450822,0.0,0.5134418378996201,0.0,0.0,0.0,0.0,0.4301015824515803,0.4515752267737195,0.0,0.0,0.0,0.0,0.0,0.4149344427014624,0.4377992342042515,0.494738964036895,0.0,0.338624820266807,0.0,0.0,0.2791222729917638
0.0,0.5105476308454997,0.1838157906632769,0.0858993796191456,0.2285347323448738,0.3805986042857455,0.381429158913937,0.3193283302329103,0.2603767711531522,0.4544973771404446,0.1961582136143791,0.3940878462806924,0.0,0.0,0.1543498654395027,0.4866624534433233,0.4822349149941234,0.5085056939904801,0.181878371503153,0.3516692375980154,0.3831082648842426,0.4078229660344969,0.3365529045559632,0.3013183382308654,0.4443086047122201,0.4902465708274859,0.274370949265187,0.5578486739273115,0.4235006093097482,0.2948843756794985,0.263777677548201,0.0,0.2738088784453253,0.1263840384799348,0.0,0.1299002716418169,0.1429698905141029,0.1656656097125253,0.0,0.0,0.035312980381091,0.0,0.1580042940481746,0.0,0.0,0.0,0.0,0.1634647179090032,0.0,0.0,0.4204786919793308,0.0,0.3265968179330357,0.0,0.0,0.0,0.0,0.0,0.0,0.0,0.0,0.0,0.0,0.0,0.3586675346305993,0.0,0.0,0.3350142063207713,0.0,0.0,0.0,0.2786544493733487,0.0,0.3571385384246242,0.0,0.0
0.1265322730634662,0.0,0.1225385160751216,0.034685562836405,0.1974522459110971,0.0579708874980374,0.1363429879497933,0.0923445434142636,0.1057583795814424,0.0199077748419239,0.1151390625657085,0.0,0.0,0.0,0.0,0.0,0.0,0.0,0.0800385179035516,0.0,0.0,0.0,0.1312020494641507,0.0,0.0,0.0,0.1283312815942429,0.0,0.0,0.0,0.0,0.1410217644244617,0.0,0.0,0.0,0.0,0.0,0.0,0.2071778160356998,0.0,0.0,0.0,0.1655167692159494,0.0,0.0,0.0,0.0,0.1392804708456861,0.0,0.0,0.0,0.0,0.0,0.0749704052630705,0.0,0.0,0.0,0.0,0.0,0.0,0.0,0.0,0.0,0.0667733880322698,0.0,0.0,0.0,0.0707302680641625,0.0,0.0,0.0,0.1170891184731313,0.0,0.0,0.0,0.0
0.3910301486880453,0.2720377077150462,0.0,0.0,0.0,0.3226604486261852,0.0,0.3313314634898934,0.0,0.0,0.0,0.0,0.1543498654395027,0.0,0.0,0.3463795888861481,0.0,0.2873445493565585,0.0,0.5409653914074125,0.4296533947287185,0.5210340339053396,0.4495797830025969,0.3665241328988983,0.362295530526032,0.3875272391240784,0.433187329047659,0.1494502211401961,0.3886831834936767,0.2782522702868107,0.2529027462168009,0.1288683438470071,0.1295263936793703,0.0478412955656026,0.0,0.0,0.0,0.0,0.1494302579234449,0.1262775102046572,0.0,0.0,0.2030812789699628,0.0,0.0,0.3488794661528715,0.3130395558656057,0.0,0.0,0.0,0.280028170318419,0.0,0.2386705059479147,0.0,0.0,0.0,0.0,0.0,0.0,0.6348259459497974,0.4058806878737614,0.0,0.0,0.0,0.532558204364123,0.4583828229590994,0.4866092122832996,0.4575154551857378,0.0,0.3489603972584451,0.3896114667965789,0.418300016939968,0.1818616389035006,0.4420209261118293,0.0,0.3373646287450501
0.4814453066792624,0.5251976759747885,0.0,0.0,0.2003844438625931,0.4343237360791172,0.3433147887270226,0.4728792255871815,0.2109301792036324,0.485555860531876,0.0,0.0,0.4866624534433233,0.0,0.3463795888861481,0.0,0.4899475943309124,0.5367534953907301,0.0,0.5126548996456923,0.4762778720506634,0.5730339025759988,0.4512017051033101,0.4456759828769181,0.4906379375214764,0.5529270014307391,0.3835066903658675,0.4389741449889925,0.517234219321522,0.3284942842946371,0.4210326630482062,0.0500232696349485,0.2493081775837587,0.0644007091537464,0.0,0.0,0.0,0.0,0.1144568290819565,0.2281162645280232,0.0428729875777629,0.0,0.0,0.0,0.0,0.4516426302550513,0.4972082029632463,0.0,0.0,0.0,0.0,0.0,0.0,0.0,0.0,0.0,0.0,0.0,0.0,0.3697568924511648,0.5540153046784344,0.0,0.521557041502217,0.0,0.5042439457589084,0.4604922728392862,0.5284628450688956,0.0,0.0,0.4952858022691327,0.5491878668128288,0.4010110524800657,0.0,0.0,0.0,0.4020933108071294
0.3550229395953698,0.0,0.0,0.0,0.0,0.0,0.4937935217426333,0.0,0.0,0.6397946501682591,0.0,0.4925611353414564,0.4822349149941234,0.0,0.0,0.4899475943309124,0.0,0.5676284498093097,0.0,0.4929645423903755,0.0,0.5101158517857862,0.0,0.3853991773533844,0.620259366664371,0.5922355776393672,0.0,0.3313798204511831,0.5182420777242717,0.0,0.2324970781732483,0.0334880178678799,0.3607765396237123,0.0864971311029478,0.0,0.0,0.0,0.2080741208352017,0.0,0.3713320616697096,0.0,0.0,0.0,0.0,0.0,0.0,0.0,0.0,0.0,0.0,0.0,0.0,0.0,0.0,0.5752740103985018,0.0,0.3547412775293782,0.0,0.0,0.0,0.0,0.530738849082409,0.5886731243282096,0.0,0.0,0.0,0.0,0.0,0.3170525350970754,0.5901458740622897,0.5863654874339589,0.0,0.0,0.0,0.0,0.17891423481699
0.4815297428858698,0.5470706749786819,0.0,0.0,0.0,0.5431875491569693,0.4316465637086245,0.3688051393321128,0.0,0.5463541411699633,0.0,0.4819763221788591,0.5085056939904801,0.0,0.2873445493565585,0.5367534953907301,0.5676284498093097,0.0,0.0,0.4270914814752674,0.5055674228043725,0.4786114687050723,0.4291331505971563,0.4738208316704596,0.5400841256636518,0.575761471938684,0.4106040432185281,0.4360087155165629,0.5536689831277245,0.3404369363760969,0.3070187917857992,0.0,0.3252679352117907,0.1126876297956871,0.0,0.0,0.0,0.0,0.0,0.3335416676967349,0.0171814034931089,0.0,0.0,0.0,0.0,0.5110297736844461,0.5336355100598276,0.0,0.0,0.0,0.0,0.0,0.0,0.0,0.4752199771036637,0.0,0.4035927615560985,0.0,0.0,0.0,0.4904709021117161,0.4547071861203178,0.5666941490245574,0.0,0.0,0.0,0.4752376859725454,0.0,0.4255608897422799,0.5339820237125814,0.5643439904115408,0.0,0.0,0.0,0.0,0.2571432309066287
0.0,0.0,0.5325350130807439,0.0,0.4740277402192739,0.3853994410966332,0.3106258669626871,0.344270956991492,0.5639217577335923,0.371852740661837,0.5404468300097305,0.0,0.181878371503153,0.0800385179035516,0.0,0.0,0.0,0.0,0.0,0.0,0.0,0.0,0.3924471699393561,0.0,0.0,0.0,0.3511765795358029,0.0785313278635975,0.0,0.0,0.090691688714327,0.0526497497820201,0.0,0.0,0.0,0.0169376645569052,0.0055378160648641,0.1411629654966855,0.0,0.0,0.0,0.0,0.1092271706844454,0.0,0.0,0.0,0.0,0.4708248887355385,0.0,0.2504155057171001,0.2900372917355109,0.2479146177991053,0.2697245128353217,0.4888134490390193,0.0,0.3320154648798022,0.0,0.0,0.0,0.0,0.0,0.0,0.0,0.4237057243021365,0.0,0.0,0.0,0.2996624153677739,0.0,0.0,0.0,0.3417617771752769,0.0,0.0,0.0,0.0
0.4389918468636878,0.4655391009522537,0.0,0.0,0.2630917625421471,0.4151518110932934,0.3986545852734439,0.4905357495264938,0.2552928164000049,0.0,0.0,0.0,0.3516692375980154,0.0,0.5409653914074125,0.5126548996456923,0.4929645423903755,0.4270914814752674,0.0,0.0,0.4686277830064976,0.6292818522659848,0.5044071076908723,0.0,0.5248415043956771,0.5413232893515278,0.5161298442790112,0.2953690317783148,0.5284837968368427,0.3512324239049877,0.299266348805876,0.1132954885017286,0.2116136594898943,0.0,0.0,0.0,0.0530816447676954,0.0,0.1542990332074539,0.2312605729639963,0.0,0.0,0.0,0.0,0.0,0.0,0.4826987289639248,0.0,0.0,0.0,0.3750500871435719,0.0,0.3924821282535904,0.0,0.0,0.0,0.0,0.3727851108884141,0.0,0.5577401707335117,0.0,0.0,0.0,0.0,0.6285628207323373,0.4923775769068446,0.5839717725050982,0.5114478947396549,0.0,0.0,0.5526689329104167,0.4969263883624967,0.3446414324578695,0.5341110761589198,0.0,0.3686970802124633
0.4863475044696476,0.467818245529887,0.0,0.0,0.0,0.5199427826907316,0.0,0.4426299576186586,0.0,0.507621289720395,0.0,0.4556096868294323,0.3831082648842426,0.0,0.4296533947287185,0.4762778720506634,0.0,0.5055674228043725,0.0,0.4686277830064976,0.0,0.5199017903297682,0.4884391155377404,0.5354410011615808,0.4792011677171762,0.5363386065957418,0.4409348668625972,0.3610818040961178,0.5245704535123094,0.3023061667876545,0.3820515546661603,0.0,0.2674161733184095,0.1585277026483242,0.0,0.0514137740788468,0.0,0.0,0.0,0.3013990140052387,0.0990469101874185,0.0,0.0,0.0,0.0,0.4938774761278633,0.4948302321436188,0.0,0.0,0.0,0.5067338856269511,0.0,0.3565277857226287,0.0,0.0,0.0,0.0,0.0,0.0,0.4254477823290705,0.5179701714403819,0.0,0.0,0.0,0.4886054231766983,0.5790876168652496,0.5242780848907537,0.5093661296478824,0.0,0.4790094179195535,0.5476377569856823,0.4386704387986907,0.29883737096142,0.5173338313073165,0.0,0.3307407581795799
0.4736574706641236,0.5087951011242504,0.0,0.0,0.2621565375763617,0.4470996481480733,0.419242188989355,0.5093823400912344,0.2628861988502748,0.554212270873889,0.0,0.0,0.4078229660344969,0.0,0.5210340339053396,0.5730339025759988,0.5101158517857862,0.4786114687050723,0.0,0.6292818522659848,0.5199017903297682,0.0,0.4786215883775149,0.0,0.5453097051724081,0.5804316495297689,0.5333921736627454,0.3249608035948569,0.581565279907348,0.323104768197682,0.3672428313165314,0.1083434517832764,0.2724406362232192,0.0864629251872705,0.0,0.0,0.0786056774355316,0.0,0.1321640184526401,0.2677645917219394,0.0,0.0,0.0,0.0,0.0,0.4423386220602367,0.5169028680330195,0.0,0.0,0.0,0.4060066144795303,0.0,0.0,0.0,0.0,0.0,0.0,0.0,0.0,0.5195299492728127,0.5351353152359294,0.0,0.5272165216757319,0.0,0.5955221600902013,0.5154189437034558,0.6159256674263986,0.4899813641647138,0.0,0.5319968252802709,0.5787710714949006,0.5082766108906958,0.3374912855314544,0.5593039609245907,0.0,0.4040799737985293
0.3431874407989853,0.4313487599374553,0.5154479443904171,0.0,0.2874244937047968,0.5427256247447532,0.3132495030079096,0.541935894730687,0.3555511009392556,0.4768038082319593,0.4788278100248812,0.4417974192057343,0.3365529045559632,0.1312020494641507,0.4495797830025969,0.4512017051033101,0.0,0.4291331505971563,0.3924471699393561,0.5044071076908723,0.4884391155377404,0.4786215883775149,0.0,0.4295257246383636,0.4687316438700317,0.4997656865991468,0.4741645248939842,0.2598773186665822,0.4295465720746622,0.3102844980037695,0.3142981808571935,0.0,0.1221138011696963,0.0,0.0,0.0,0.0383379399520462,0.152714825334562,0.0,0.1258889100933996,0.0,0.0,0.1799551581035813,0.0,0.0,0.0,0.4694404922251116,0.5216570159833211,0.0,0.0481306681467168,0.4877008866428508,0.2144192364106163,0.4768913724406323,0.3555734680531758,0.0,0.3438777816642872,0.0,0.3700884857858108,0.014774725090593,0.4615420034488201,0.0,0.0,0.0,0.3851159872973663,0.5123751138137681,0.4473015780679064,0.50866041997164,0.614410518133604,0.0,0.0,0.5204776512864324,0.4717669296050232,0.2751187930140351,0.4499404512249252,0.2281628486264141,0.321411724836187
0.5151174980547998,0.0,0.0,0.0,0.0,0.0,0.2178515913572441,0.4248316141507684,0.0,0.4221123785078251,0.3365363186055314,0.5154762371293758,0.3013183382308654,0.0,0.3665241328988983,0.4456759828769181,0.3853991773533844,0.4738208316704596,0.0,0.0,0.5354410011615808,0.0,0.4295257246383636,0.0,0.3786811702391702,0.4513299741300148,0.3765380201025494,0.3354974407201925,0.0,0.0,0.4098366142731905,0.0,0.1989799387718662,0.1046138554293147,0.0,0.0677340887376392,0.2331541965988377,0.197055053772731,0.0,0.1719622653302792,0.0343475683663063,0.0,0.0,0.0,0.1888478924265704,0.5094451627736105,0.361159029375415,0.0,0.0,0.0,0.0,0.0,0.0,0.0,0.3821380972954423,0.0,0.4627042008064435,0.0,0.0,0.0,0.4724601253174302,0.3918647284540869,0.4119441458317921,0.0,0.0,0.0,0.0,0.0,0.5830013831924183,0.382217077056191,0.464363243798757,0.0,0.2950998546287974,0.0,0.0,0.3830153973583713
0.3882909634884367,0.6112733295901494,0.0,0.0,0.428194186187542,0.5553551852783055,0.5206066531004102,0.4605716737768981,0.4646105982011785,0.626037801051392,0.0,0.4497015317870542,0.4443086047122201,0.0,0.362295530526032,0.4906379375214764,0.620259366664371,0.5400841256636518,0.0,0.5248415043956771,0.4792011677171762,0.5453097051724081,0.4687316438700317,0.3786811702391702,0.0,0.6373437209233599,0.5815998455381565,0.2599455281987272,0.5604975526871131,0.0,0.2419546444003721,0.055819040034597,0.3474596752198106,0.0903768190639791,0.0,0.0,0.0,0.2000177746107701,0.0273742497939734,0.3373956473052943,0.0,0.0,0.0,0.0,0.2044310341574531,0.3808897047777228,0.6283387463947376,0.0,0.0,0.0,0.0,0.0,0.0,0.0,0.5872025429611651,0.0,0.3218223648313569,0.0,0.0,0.3764976535396588,0.4641949383926502,0.526932799950226,0.6042395623240143,0.0,0.5002050202629984,0.4630799411239263,0.5432781569793328,0.0,0.3238573356446124,0.651428307003358,0.630670539980284,0.0,0.0,0.453974152682512,0.0,0.1975137405167891
0.4563341649899197,0.6350231252359749,0.0,0.0,0.4109246420636559,0.5623768389119993,0.5016119560220665,0.5119257881454607,0.4211421498880063,0.6136486646729398,0.0,0.5016426369388662,0.4902465708274859,0.0,0.3875272391240784,0.5529270014307391,0.5922355776393672,0.575761471938684,0.0,0.5413232893515278,0.5363386065957418,0.5804316495297689,0.4997656865991468,0.4513299741300148,0.6373437209233599,0.0,0.5657509012097893,0.337524227561072,0.5996997864829167,0.0,0.3120568698885821,0.0936011365657185,0.3572700762725038,0.1042354326878177,0.0,0.0,0.0,0.2105033476835666,0.0531914113996615,0.317351765511307,0.0,0.0,0.0,0.0,0.2019833972067326,0.4457404095010328,0.6160400940655603,0.0,0.0,0.0,0.4803350415198003,0.0,0.0,0.0,0.5505547105034903,0.0,0.4188007486276406,0.0,0.0,0.3962964941973849,0.5076240093683094,0.5365480024822088,0.5892218782928393,0.0,0.5330329340925699,0.5118516302001843,0.5627167824351412,0.4539054604903333,0.3733615157352806,0.6341848048786513,0.6479102992371888,0.5370223979424558,0.0,0.5155961903347015,0.0,0.2636388101551448
0.3487211413669295,0.5131418073746306,0.4599441551236935,0.0,0.4022076081962696,0.5416339707735653,0.4703763862304593,0.4631448298484261,0.4087178334607324,0.5642775553700303,0.463271495239041,0.0,0.274370949265187,0.1283312815942429,0.433187329047659,0.3835066903658675,0.0,0.4106040432185281,0.3511765795358029,0.5161298442790112,0.4409348668625972,0.5333921736627454,0.4741645248939842,0.3765380201025494,0.5815998455381565,0.5657509012097893,0.0,0.0915111721318974,0.5398302191492442,0.1523754789861436,0.1608997846328496,0.0621027476166196,0.2667644384786392,0.0479709406311651,0.0,0.0,0.0327598072910882,0.0,0.0,0.2679216648514825,0.0,0.0,0.1914437202312716,0.0,0.0,0.0,0.5402704181250274,0.4367016590750527,0.0,0.0280491893583298,0.4113457919510903,0.3832661289237439,0.2750429180725451,0.3485387901122643,0.0,0.2938782181627747,0.0,0.2469611712188493,0.0079490923267755,0.4287927138909592,0.0,0.0,0.0,0.3210184283259998,0.466586843232981,0.4158917881897744,0.5440376013309253,0.4100990272070464,0.0,0.0,0.5543164981837538,0.6511075652847941,0.1063909478391599,0.5092708070983604,0.0,0.2280169401089717
0.3410495241921496,0.3231455596954724,0.0917792361826357,0.0920854362611364,0.0655830430606208,0.2394717468198119,0.1978099895228633,0.2179276696108253,0.0941371984185863,0.2912112257661653,0.1071727545601233,0.3296656925566409,0.5578486739273115,0.0,0.1494502211401961,0.4389741449889925,0.3313798204511831,0.4360087155165629,0.0785313278635975,0.2953690317783148,0.3610818040961178,0.3249608035948569,0.2598773186665822,0.3354974407201925,0.2599455281987272,0.337524227561072,0.0915111721318974,0.0,0.3196018545189749,0.4257001640342769,0.3191193795776849,0.0,0.1900513983846714,0.0810491447347174,0.0,0.2280506439479484,0.2346205638582338,0.1434649354521634,0.0,0.2074495082990725,0.0467778433706292,0.0,0.1483423836668998,0.0,0.0,0.0,0.0,0.1114773343742528,0.0,0.0,0.2922610276939587,0.0,0.2712486538018094,0.0,0.0,0.0,0.3706952120561759,0.0,0.0,0.1572360224280695,0.0,0.0,0.0,0.0,0.2979814597761383,0.3122787421362548,0.2992677639462079,0.2966966801916504,0.0,0.0,0.0,0.0995242600690011,0.570125383698461,0.3205847424994943,0.0,0.2540944394485083
0.4918631683225743,0.5426429903421514,0.2809071059800011,0.0,0.232932317423521,0.5460159336594128,0.4360849716218768,0.4276817478326813,0.2644883487619936,0.0,0.0,0.0,0.4235006093097482,0.0,0.3886831834936767,0.517234219321522,0.5182420777242717,0.5536689831277245,0.0,0.5284837968368427,0.5245704535123094,0.581565279907348,0.4295465720746622,0.0,0.5604975526871131,0.5996997864829167,0.5398302191492442,0.3196018545189749,0.0,0.2854221517714853,0.329639226918388,0.0,0.2925454664671826,0.1234464827493456,0.0,0.0105939109247464,0.1111942835185302,0.0,0.0,0.0,0.0505753364445935,0.0,0.1700068463202722,0.0,0.0,0.0,0.5433335538194835,0.0,0.0,0.0,0.4971799165763594,0.0,0.3082091013731034,0.0,0.0,0.0,0.0,0.3823786638441113,0.0,0.4008527673448606,0.0,0.0,0.0,0.0,0.4793327650362221,0.4570964441549223,0.532387847358515,0.4323833444687092,0.0,0.0,0.5914218812694678,0.5255200664793314,0.2653889982530741,0.5931541583050871,0.1449910956138592,0.3440504994979097
0.0,0.0,0.1990960875119022,0.0,0.0,0.2469447939302078,0.0,0.2598072813440344,0.109137589815518,0.0,0.0,0.0,0.2948843756794985,0.0,0.2782522702868107,0.3284942842946371,0.0,0.3404369363760969,0.0,0.3512324239049877,0.3023061667876545,0.323104768197682,0.3102844980037695,0.0,0.0,0.0,0.1523754789861436,0.4257001640342769,0.2854221517714853,0.0,0.2623803245843593,0.0,0.0699262293913901,0.0,0.0,0.0,0.0,0.0,0.0,0.0,0.0,0.0,0.0,0.0,0.0,0.0,0.0,0.0,0.0,0.0,0.2076123217691762,0.0,0.0,0.0,0.0,0.0,0.0,0.0,0.0,0.0,0.0,0.0,0.0,0.0,0.3225109525382573,0.0,0.0,0.3297323900119715,0.0,0.0,0.0,0.1599599467107715,0.0,0.3231779066907744,0.0,0.0
0.3553905316210967,0.2772571773008775,0.1421631739500813,0.0435578517034,0.0,0.2919221863016977,0.0064408821350245,0.3151971154905639,0.0,0.24137993086588,0.1343215549156752,0.2877126000149872,0.263777677548201,0.0,0.2529027462168009,0.4210326630482062,0.2324970781732483,0.3070187917857992,0.090691688714327,0.299266348805876,0.3820515546661603,0.3672428313165314,0.3142981808571935,0.4098366142731905,0.2419546444003721,0.3120568698885821,0.1608997846328496,0.3191193795776849,0.329639226918388,0.2623803245843593,0.0,0.0751048229907427,0.205549151904511,0.3056376302290895,0.107819770761316,0.1881611161007494,0.2498746906907298,0.177632817194876,0.0834007264014706,0.1472082108657835,0.2723352556651066,0.0,0.0,0.0,0.0,0.3338932051283513,0.2904924385982445,0.0,0.0,0.0,0.3795839204077325,0.0,0.3340883826157616,0.0,0.2640156185664334,0.0,0.3068285008378814,0.0,0.0,0.2412169210903715,0.4643556166170245,0.3964372930143264,0.3477594212908976,0.0,0.2917188737033968,0.3473368058723869,0.3334231463123128,0.3984128152567742,0.3603044081313968,0.248893785232227,0.3168595908086308,0.1537693570621446,0.2423380841150432,0.3902001959685824,0.0,0.4745589446179644
0.0665428828493081,0.0456477505553612,0.1083373360529401,0.0972370708988581,0.0380662856785664,0.0,0.0206946333250986,0.0503281379870757,0.0,0.0318290235936247,0.1237519305517502,0.0,0.0,0.1410217644244617,0.1288683438470071,0.0500232696349485,0.0334880178678799,0.0,0.0526497497820201,0.1132954885017286,0.0,0.1083434517832764,0.0,0.0,0.055819040034597,0.0936011365657185,0.0621027476166196,0.0,0.0,0.0,0.0751048229907427,0.0,0.1911002960032791,0.1167857585256645,0.1943448053014189,0.0,0.0,0.0882410299027168,0.5140866649070219,0.125444787223443,0.1597160754083552,0.0103924386613579,0.0760947581649855,0.079033988938008,0.061555617707063,0.0202265346816432,0.0452990497796139,0.1259276498339656,0.0,0.0,0.0,0.0735196723032867,0.0041121716610231,0.0,0.0453830659945015,0.1923968369033242,0.0,0.0,0.0,0.1662177890106076,0.0675720640379394,0.0796098841892948,0.0606038006789906,0.1568336590573132,0.1413177431523153,0.1202704607609538,0.0802863795285182,0.0,0.0,0.0741919668981716,0.078629894160544,0.0300392420151299,0.0,0.0404582745481304,0.0,0.1013054408081919
0.2503427509883975,0.3546853717656433,0.0,0.0,0.1228954935743137,0.2833563207015148,0.2388585404713711,0.167946646514887,0.1831489943546771,0.3331003114531476,0.1021509462477528,0.2065376237441337,0.2738088784453253,0.0,0.1295263936793703,0.2493081775837587,0.3607765396237123,0.3252679352117907,0.0,0.2116136594898943,0.2674161733184095,0.2724406362232192,0.1221138011696963,0.1989799387718662,0.3474596752198106,0.3572700762725038,0.2667644384786392,0.1900513983846714,0.2925454664671826,0.0699262293913901,0.205549151904511,0.1911002960032791,0.0,0.3783433887612676,0.0413740127778573,0.0972406032197472,0.1091470310314856,0.2060011578497108,0.0683072309311343,0.5640157273817874,0.2892572166940555,0.0,0.0,0.0,0.2229225687757415,0.2324930582273808,0.3214868696412691,0.0,0.0,0.0,0.0,0.0,0.0,0.0,0.2978426812972214,0.0,0.1115387030451966,0.0,0.0,0.1528603967682436,0.2645420041192415,0.2912734941429262,0.332676887579781,0.0,0.1899025395724804,0.2756224719041052,0.2301796552839949,0.0746486250465076,0.1965764514429217,0.327165149063387,0.3325737069171663,0.1942839399515165,0.178167815302142,0.1796278421945692,0.0,0.1134759076715789
0.1240009783803611,0.0968418313383602,0.0,0.0524397511975132,0.0,0.1183039874865434,0.0,0.0,0.0,0.0607827947968421,0.0,0.0495596839868168,0.1263840384799348,0.0,0.0478412955656026,0.0644007091537464,0.0864971311029478,0.1126876297956871,0.0,0.0,0.1585277026483242,0.0864629251872705,0.0,0.1046138554293147,0.0903768190639791,0.1042354326878177,0.0479709406311651,0.0810491447347174,0.1234464827493456,0.0,0.3056376302290895,0.1167857585256645,0.3783433887612676,0.0,0.1356765814031768,0.2137737476685319,0.2155125695108262,0.2293748233039605,0.0430882743191393,0.3347187976100642,0.5290236440281829,0.0,0.0396205266528639,0.1287185406632101,0.2256347110837532,0.1116638644847732,0.0964409017734609,0.0,0.0,0.0,0.1576770001788386,0.0,0.0,0.0,0.090089176017678,0.0,0.0,0.0653986259345295,0.0,0.0,0.1585726315182369,0.1769876289793466,0.1451628610002446,0.0,0.0,0.1381821661106288,0.0734027518629838,0.0,0.1472001237399921,0.0623976004936792,0.0797312172648118,0.015369843876827,0.021191666633452,0.1697191087566187,0.0,0.1527010755487026
0.0,0.0,0.0,0.0411832573794477,0.0,0.0,0.0,0.0,0.0,0.0,0.0,0.0,0.0,0.0,0.0,0.0,0.0,0.0,0.0,0.0,0.0,0.0,0.0,0.0,0.0,0.0,0.0,0.0,0.0,0.0,0.107819770761316,0.1943448053014189,0.0413740127778573,0.1356765814031768,0.0,0.0309627523856963,0.0,0.0,0.226257076977683,0.0,0.150832150860777,0.0805034803938633,0.0061969096505204,0.1187783713646011,0.0,0.0,0.0,0.0,0.0,0.0,0.0,0.0,0.0,0.0,0.0,0.0,0.0,0.0,0.0,0.0,0.0,0.0,0.0,0.0,0.0,0.0,0.0,0.0,0.0,0.0,0.0,0.0,0.0,0.0,0.0,0.0
0.0,0.0,0.0,0.1789332720830482,0.0,0.0418564574181462,0.0,0.0,0.0203407273988371,0.0,0.0,0.0428884561183572,0.1299002716418169,0.0,0.0,0.0,0.0,0.0,0.0169376645569052,0.0,0.0514137740788468,0.0,0.0,0.0677340887376392,0.0,0.0,0.0,0.2280506439479484,0.0105939109247464,0.0,0.1881611161007494,0.0,0.0972406032197472,0.2137737476685319,0.0309627523856963,0.0,0.2767177766076233,0.0851129643127507,0.0,0.0976899912203185,0.1801871496760107,0.0,0.092552968682029,-0.006452652378538,0.0,0.0,0.0,0.0,0.0,0.0276163830414703,0.0902551856868421,0.0,0.0,0.0285317369944963,0.0,0.0,0.1094795758648753,0.0661366167759293,0.0,0.0,0.0,0.0,0.0,0.0,0.0,0.0,0.0,0.0,0.0,0.0,0.0,0.0,0.139651204944789,0.0515071823150085,0.0,0.0
0.0,0.0,0.0362628928730945,0.1291086399663806,0.0335955958248068,0.0445945485845917,0.0313505665289683,0.0626733160387611,0.0115365003823648,0.1478199539526801,0.0232143366344413,0.2136590729338237,0.1429698905141029,0.0,0.0,0.0,0.0,0.0,0.0055378160648641,0.0530816447676954,0.0,0.0786056774355316,0.0383379399520462,0.2331541965988377,0.0,0.0,0.0327598072910882,0.2346205638582338,0.1111942835185302,0.0,0.2498746906907298,0.0,0.1091470310314856,0.2155125695108262,0.0,0.2767177766076233,0.0,0.1367079066410022,0.0,0.1139761935228164,0.1965486278199783,0.0,0.0,-0.0018373653570805,0.0,0.0,0.0,0.0,0.0,0.0,0.0,0.0,0.0,0.0,0.0,0.0,0.1866048788706892,0.0,0.0,0.0,0.0,0.0,0.0,0.0,0.0,0.0,0.0,0.0,0.0,0.0,0.0,0.0,0.0,0.0,0.0,0.0
0.123056142833309,0.0,0.0,0.0,0.1068130738745691,0.2066375743065831,0.0304370505429055,0.0,0.1336992703390375,0.2030370276506753,0.1789330179121691,0.1995916934993843,0.1656656097125253,0.0,0.0,0.0,0.2080741208352017,0.0,0.1411629654966855,0.0,0.0,0.0,0.152714825334562,0.197055053772731,0.2000177746107701,0.2105033476835666,0.0,0.1434649354521634,0.0,0.0,0.177632817194876,0.0882410299027168,0.2060011578497108,0.2293748233039605,0.0,0.0851129643127507,0.1367079066410022,0.0,0.0566371527189699,0.1847493829168048,0.1714047937182359,0.0,0.0,0.0,0.2841576582742056,0.0,0.0,0.0,0.0,0.0,0.0,0.0,0.0,0.0,0.1788308025669998,0.0,0.1559732165770354,0.0,0.0,0.0,0.0,0.0,0.0,0.0,0.0,0.0,0.0,0.0,0.1875039275140034,0.1740385126063642,0.2062984643309837,0.0,0.0,0.0,0.0,0.101764698510111
0.0368280019521728,0.0,0.0577663268245849,0.0,0.0,0.0,0.0,0.0554214242584695,0.0,0.0,0.0879737858020261,0.0,0.0,0.2071778160356998,0.1494302579234449,0.1144568290819565,0.0,0.0,0.0,0.1542990332074539,0.0,0.1321640184526401,0.0,0.0,0.0273742497939734,0.0531914113996615,0.0,0.0,0.0,0.0,0.0834007264014706,0.5140866649070219,0.0683072309311343,0.0430882743191393,0.226257076977683,0.0,0.0,0.0566371527189699,0.0,0.0310876697106561,0.12145995780147,0.0153907067082937,0.1729316128357861,0.1673509457620468,0.0090799616660695,0.0,0.022480431390536,0.1070278580578505,0.1548493321754976,0.1423046172414745,0.0,0.014697319595126,0.0824716869614972,0.0180186908140436,0.0116350549080984,0.2339764836880405,0.0,0.0315414978938468,0.4029808140495911,0.1842641509742661,0.0622316161973262,0.0588709370764335,0.0,0.1429625601631027,0.2032871291817041,0.1019118180153246,0.096346773690013,-0.0022041596842747,0.0,0.0391814413526248,0.0457769603794386,0.0095269161899333,0.0511852505817988,0.0295725600402075,0.0,0.1479019405649814
0.1956864269794621,0.3449381299294335,0.0,0.0,0.0,0.0,0.0,0.0,0.0,0.3240677805971229,0.0,0.2137131131718231,0.0,0.0,0.1262775102046572,0.2281162645280232,0.3713320616697096,0.3335416676967349,0.0,0.2312605729639963,0.3013990140052387,0.2677645917219394,0.1258889100933996,0.1719622653302792,0.3373956473052943,0.317351765511307,0.2679216648514825,0.2074495082990725,0.0,0.0,0.1472082108657835,0.125444787223443,0.5640157273817874,0.3347187976100642,0.0,0.0976899912203185,0.1139761935228164,0.1847493829168048,0.0310876697106561,0.0,0.3095824051371112,0.0,0.0,0.08455800337051,0.2986234066596347,0.2051020196308547,0.3290541455955769,0.0,0.0,0.0,0.2423794804780727,0.1802834875394522,0.036423971655108,0.1065930178712322,0.2763622544730787,0.0368759620767376,0.0766763493716032,0.2151956708191771,0.0,0.1576129583772842,0.2450547526068577,0.2507323121782424,0.3158017468009876,0.0,0.2081488069154265,0.2974514854920874,0.2487527646636,0.0785875720191958,0.205188568181934,0.321880130127557,0.3176849278719141,0.2220465815695023,0.1757338755404298,0.2057993053358917,0.0134812168298442,0.0519379215901337
0.0411507015866457,0.0,0.0,0.0,0.0,0.0351910672111643,0.0,0.0,0.0,0.0,0.0,0.0,0.035312980381091,0.0,0.0,0.0428729875777629,0.0,0.0171814034931089,0.0,0.0,0.0990469101874185,0.0,0.0,0.0343475683663063,0.0,0.0,0.0,0.0467778433706292,0.0505753364445935,0.0,0.2723352556651066,0.1597160754083552,0.2892572166940555,0.5290236440281829,0.150832150860777,0.1801871496760107,0.1965486278199783,0.1714047937182359,0.12145995780147,0.3095824051371112,0.0,0.0,0.0706701029292283,0.1665362176027477,0.2489754378881991,0.0445776263303829,0.0,0.0,0.0,0.0,0.0510804763908526,0.0,0.0,0.0,0.0086050308211452,0.0,0.0,0.0,0.0,0.0,0.0999831248515055,0.0698576930523036,0.0455368736263111,0.0,0.0,0.0858690013709141,0.0279133963432628,0.0,0.0691556587087677,0.0,0.0,0.0,0.0,0.0924881764371101,0.0,0.1225664577702382
0.0,0.0,0.0,0.0,0.0,0.0,0.0,0.0,0.0,0.0,0.0,0.0,0.0,0.0,0.0,0.0,0.0,0.0,0.0,0.0,0.0,0.0,0.0,0.0,0.0,0.0,0.0,0.0,0.0,0.0,0.0,0.0103924386613579,0.0,0.0,0.0805034803938633,0.0,0.0,0.0,0.0153907067082937,0.0,0.0,0.0,0.0,0.0,0.0,0.0,0.0,0.0,0.2101049734874373,0.0,0.0,0.0,0.0,0.0,0.0,0.0,0.0,0.0,0.0958681809144036,0.0,0.0,0.0,0.0,0.0,0.0,0.0,0.0,0.0,0.0,0.0,0.0,0.0,0.0,0.0,0.0,0.0
0.0,0.0,0.1366793504403829,0.0,0.1659283958285499,0.1782665464796851,0.1323962363857615,0.2024025343770519,0.1493861789236626,0.0,0.1544418433494735,0.0,0.1580042940481746,0.1655167692159494,0.2030812789699628,0.0,0.0,0.0,0.1092271706844454,0.0,0.0,0.0,0.1799551581035813,0.0,0.0,0.0,0.1914437202312716,0.1483423836668998,0.1700068463202722,0.0,0.0,0.0760947581649855,0.0,0.0396205266528639,0.0061969096505204,0.092552968682029,0.0,0.0,0.1729316128357861,0.0,0.0706701029292283,0.0,0.0,0.2909417054187036,0.097436213863137,0.0,0.0,0.1458357533615193,0.0,0.1560482183985086,0.1390834199974341,0.1503771229477635,0.181103441629276,0.1620981488501868,0.205956868211404,0.0939714541350207,0.1373683428094408,0.2247361190998696,0.0948519010723206,0.1651226233336791,0.0,0.2073808199509873,0.0,0.152732323070137,0.2260543072354012,0.177104727956161,0.2193330460930128,0.1855084820359622,0.1077051333273661,0.1917045661442313,0.196114539512519,0.1936009102365151,0.2408408754081409,0.2070054801929754,0.0,0.2709497669764085
0.0,0.0,0.0,0.0,0.0,0.0,0.0,0.0,0.0,0.0,0.0,0.0,0.0,0.0,0.0,0.0,0.0,0.0,0.0,0.0,0.0,0.0,0.0,0.0,0.0,0.0,0.0,0.0,0.0,0.0,0.0,0.079033988938008,0.0,0.1287185406632101,0.1187783713646011,-0.006452652378538,-0.0018373653570805,0.0,0.1673509457620468,0.08455800337051,0.1665362176027477,0.0,0.2909417054187036,0.0,0.0879484936170872,0.0,0.0,0.0729990034469484,0.0,0.0920006830162233,0.0579682080863825,0.0,0.0717170164989448,0.0584907597253989,0.0598419602345356,0.0691402008780553,0.0242116118702246,0.1714773126194917,0.0239170365332776,0.0,0.0,0.0,0.0,0.1040319687577882,0.0,0.0,0.0,0.0807957898638002,0.0,0.0,0.0,0.0,0.113734667057082,0.0132446680206254,0.0,0.0943836705049682
0.0,0.0,0.0,0.0,0.0,0.0,0.0,0.0,0.0,0.2129197462887263,0.0,0.1854564244727757,0.0,0.0,0.0,0.0,0.0,0.0,0.0,0.0,0.0,0.0,0.0,0.1888478924265704,0.2044310341574531,0.2019833972067326,0.0,0.0,0.0,0.0,0.0,0.061555617707063,0.2229225687757415,0.2256347110837532,0.0,0.0,0.0,0.2841576582742056,0.0090799616660695,0.2986234066596347,0.2489754378881991,0.0,0.097436213863137,0.0879484936170872,0.0,0.1577041954015059,0.0,0.0,0.0,0.0,0.0,0.1120165890132422,0.0,0.1356594091863191,0.1678596855911276,0.0897313561572013,0.1209547556467363,0.2047539838538222,0.0,0.0,0.0,0.2042259845149628,0.2168664843257856,0.0,0.0,0.0,0.0,0.0,0.2389644315825556,0.1922887027405561,0.2144061655945986,0.0,0.1614981285681502,0.0,0.0,0.084025144496058
