0.0,0.8675447455319775,0.0,0.0,0.0,0.0,0.0,0.2865116222039122,0.0,0.4998507959975047,0.0,0.1156830625825285,0.0,0.0,0.5369542928165034,0.7987764589529242,0.6640450223711434,0.782515208148638,0.0,0.0,0.7189698421227235,0.7762281556840191,0.0,0.2762836977501612,0.9334448372099544,0.718068048835717,0.0,0.6268610938506826,0.0,0.0,0.4027056908613229,0.0,0.3106190586221727,0.0,0.0,0.0,0.0,0.0,0.0,0.094662652993002,0.2406803458894507,0.0,0.0,0.0,0.0,0.0,0.0,0.0,0.0,0.0,0.0,0.0,0.0,0.0,0.0,0.0,0.0,0.0,0.0,0.0,0.0,0.0,0.3535227746424193,0.0,0.0,0.7813755006794387,0.3224313049124889,0.0,0.1564638933783922,0.0,0.0,0.0,0.0,0.0,0.0,0.0
0.8675447455319775,0.0,0.0,0.0,0.2487203876062313,0.0,0.572413582379174,0.5951234741473441,0.0430851850460792,0.0,0.0,0.0,0.8185881113040375,0.0,0.6871562440782684,0.8416527855772484,0.0,0.7434957257639055,0.0,0.0,0.7566907253464731,0.8734921324266657,0.0,0.0,0.8928083184746042,0.4848526722690178,0.0,0.7726043556838895,0.0,0.0,0.3419469165652942,0.0,0.0878965596168994,0.0,0.0,0.0,0.0,0.0,0.0,0.0,0.2454613264893473,0.0,0.0,0.0,0.0,0.0,0.0,0.0,0.0,0.0,0.0,0.0,0.0,0.0,0.0,0.0,0.0,0.0,0.0,0.9096864413643558,0.0,0.0,0.0588761723551928,0.0,0.7050940722363428,0.8541132196842192,0.1630158760175118,0.7428963812190365,0.0,0.0,0.0,0.8550807538706108,0.0,0.5898716230588653,0.0,0.0
0.0,0.0,0.0,0.0,0.0,0.5528954544762873,0.0512092224207514,0.2605372314415131,0.3338834007148947,0.0,0.5743163024118773,0.0,0.0115164188867916,0.1584527482075774,0.0,0.0,0.0,0.0,0.7785044330642945,0.0,0.0,0.0,0.6647485763286025,0.0,0.0,0.0,0.2845032878040211,0.0,0.0,0.2772135488302905,0.0631369767414124,0.3191210374114654,0.0,0.2691737191060422,0.1771952973990734,0.3721870860493018,0.1092947727978424,0.0,0.2623335942538415,0.0,0.0,0.0,0.1676616077743249,0.0,0.0,0.0,0.0,0.7701578104140293,0.0,0.0966429079949759,0.0441852616838043,0.0,0.0721381572522814,0.2373163030086154,0.0,0.2065055756445629,0.0,0.0,0.0,0.0,0.0,0.0,0.0,0.7649761916186317,0.0,0.0,0.0,0.0663670247707888,0.0,0.0,0.0,0.0,0.0,0.0,0.0,0.0
0.0,0.0,0.0,0.0,0.1023398322121653,0.0,0.1690743728055961,0.2741330728330056,0.0,0.2342635351407191,0.0875475288543024,0.0,0.2471243699989359,0.0,0.0,0.0,0.0,0.0,0.0,0.0,0.0,0.0,0.0618313727183495,0.0,0.0,0.0,0.0,0.3273049441319641,0.0,0.0,0.0,0.0,0.0,0.0,0.0,0.0672052370730397,0.1142554373471755,0.0,0.0,0.0,0.0,0.0,0.0,0.0,0.0,0.0,0.0,0.0,0.0,0.0,0.0,0.0,0.0,0.0,0.0,0.0,0.0,0.0,0.0,0.0,0.0,0.0,0.0,0.0,0.0,0.0,0.0,0.0,0.0,0.0,0.0,0.0,0.0,0.0,0.0,0.0
0.0,0.2487203876062313,0.0,0.1023398322121653,0.0,0.0171816767849751,0.6309585636549645,0.3726696921055319,0.5184522616742531,0.0938218882421182,0.481034120993313,0.0,0.5584704983279907,0.4789252145139229,0.0,0.0,0.0,0.0,0.0,0.0235667535244803,0.0,0.2444232602242815,0.2355039753091627,0.0,0.106395859131106,0.0,0.0,0.5312690355908211,0.0,0.0,0.1692664135500807,0.0,0.0,0.0,0.0,0.0,0.0180719758446522,0.1482334064355887,0.0,0.0,0.0,0.0,0.0,0.0,0.0,0.0,0.0,0.2191076904331792,0.0,0.0,0.0,0.0,0.4946716146414772,0.6359913065213012,0.0,0.6864094104982323,0.0,0.0,0.0,0.0,0.0,0.0,0.0,0.0,0.0,0.0,0.0,0.6460439853652937,0.0,0.0,0.0,0.5299962502712935,0.0,0.0,0.0,0.0
0.0,0.0,0.5528954544762873,0.0,0.0171816767849751,0.0,0.0282440162196018,0.0179241791086627,0.2525042107876056,0.0436304124823337,0.2899649578687843,0.0,0.0,0.094061634008798,0.0,0.0,0.0,0.0,0.4741591894214345,0.1869390402385331,0.0,0.0,0.6312138884823479,0.0,0.0,0.0,0.5304049180804017,0.0,0.5551861212507784,0.2148795380883111,0.0,0.4479316143788485,0.0,0.4253300192950778,0.11332456647965,0.5285231646670416,0.2011593165462767,0.0,0.4411631582928133,0.0,0.0153200035183616,0.4102644441510554,0.2042727003438139,0.0,0.0,0.0,0.0,0.4186241081089321,0.0,0.0,0.1799404358753628,0.2761915101369617,0.0,0.160654064137282,0.0,0.0,0.0,0.3642002508458357,0.0,0.0,0.0,0.0,0.0,0.3857927930782395,0.0,0.0,0.0,0.0,0.0,0.0,0.0,0.0,0.117501731728728,0.0,0.0,0.1619359272465759
0.0,0.572413582379174,0.0512092224207514,0.1690743728055961,0.6309585636549645,0.0282440162196018,0.0,0.3718105506340596,0.3755383367844231,0.3910153895414405,0.3288694741255882,0.0,0.7268137126456174,0.2133002692900112,0.0,0.334938168469414,0.4092902803726494,0.3313259642075555,0.0512397773624606,0.0,0.0,0.5377599096715538,0.1099665449794846,0.0,0.4796731137689521,0.0246066104414301,0.0,0.5069062946646107,0.0,0.0,0.0797943313913267,0.0,0.0,0.0,0.0,0.0,0.0,0.1383171238797924,0.0,0.0,0.0,0.0,0.0,0.0,0.0,0.0,0.0,0.0,0.0,0.0,0.6223824660995886,0.0,0.0,0.0,0.0,0.0,0.0,0.0,0.0,0.0,0.0,0.0,0.0,0.0,0.0,0.0,0.0,0.6735500626237678,0.0,0.0,0.0,0.6683008864511332,0.0,0.0,0.0,0.0
0.2865116222039122,0.5951234741473441,0.2605372314415131,0.2741330728330056,0.3726696921055319,0.0179241791086627,0.3718105506340596,0.0,0.1364442577453108,0.0708088054269875,0.4524207620165777,0.0,0.6999914863645317,0.3020221389866229,0.4710706180776999,0.3927956568405596,0.0,0.1421771495434133,0.2836841935165263,0.0,0.4399724357690341,0.3946158622092229,0.4603259972184655,0.0,0.2371612782417763,0.1761443247563363,0.0,0.5431354277207763,0.0,0.2571248629878039,0.2605109928254956,0.0,0.0,0.0,0.0,0.0925433323229208,0.0844838457610009,0.0,0.0,0.0,0.0185648731319961,0.0,0.0,0.0,0.0,0.0,0.0,0.402022801507749,0.0,0.0998672284475953,0.2990156426491746,0.0,0.7428814321029947,0.1989741922688799,0.0,0.623692586279074,0.0,0.0487350011154304,0.3113934508265156,0.5551548814931234,0.0,0.0,0.0,0.3061136283653322,0.4154477521039241,0.450728899134836,0.0,0.6041752532942727,0.0,0.0,0.0,0.4247464663972397,0.0,0.0217103127930819,0.0,0.0
0.0,0.0430851850460792,0.3338834007148947,0.0,0.5184522616742531,0.2525042107876056,0.3755383367844231,0.1364442577453108,0.0,0.0605815216494944,0.5759662726244086,0.0,0.2645548983597051,0.1040548710667077,0.0,0.0642163757019757,0.0,0.0,0.2029604568456134,0.3838395314997629,0.0,0.2058256383677667,0.3477073705102549,0.0,0.0,0.0,0.2622047813598261,0.2898558546742972,0.1352885523962794,0.4208469086652423,0.1322919670328688,0.0,0.0,0.0,0.0,0.0238097847151354,0.1613389868028894,0.0,0.0240293268884222,0.0,0.0,0.0,0.0,0.0,0.0,0.0,0.0,0.4453346976442246,0.0,0.0,0.2487287313128421,0.0,0.1279506509556875,0.8876051900037536,0.0,0.4522971723999532,0.0,0.0,0.0500473313803681,0.0,0.0,0.0,0.0,0.2914508824000405,0.0,0.0,0.0,0.3017623930106933,0.0,0.0,0.0,0.2951256238656006,0.0,0.0,0.0,0.0
0.4998507959975047,0.0,0.0,0.2342635351407191,0.0938218882421182,0.0436304124823337,0.3910153895414405,0.0708088054269875,0.0605815216494944,0.0,0.0,0.1692160448385184,0.284087034405018,0.0,0.0,0.4495650352483837,0.5670909539645254,0.5354006910598926,0.0,0.0,0.0,0.4440422750763933,0.0,0.2283515166290566,0.5885464275619321,0.4090845803122059,0.0,0.3628891317711377,0.0,0.0,0.3482055433969408,0.0,0.0721762542908837,0.0,0.0,0.125998526701681,0.0289740558938299,0.1039753801905671,0.0,0.0333001253338854,0.0855281969631416,0.0,0.0,0.0,0.0,0.0,0.0,0.0,0.0,0.0,0.0,0.0,0.0,0.0,0.5090890451423287,0.0,0.1201405211246302,0.0,0.0,0.0,0.0,0.3207360515867711,0.2902089258090125,0.0,0.0,0.0,0.0,0.0,0.1539421228706896,0.0166704505344874,0.0,0.0,0.1550201152695169,0.0,0.0,0.1699773194734079
0.0,0.0,0.5743163024118773,0.0875475288543024,0.481034120993313,0.2899649578687843,0.3288694741255882,0.4524207620165777,0.5759662726244086,0.0,0.0,0.0,0.2923830523954374,0.4300016983497388,0.0,0.0,0.0,0.0,0.6504857549660964,0.0,0.0,0.0,0.474163651338813,0.0,0.0,0.0,0.1280714591798075,0.1602429701684993,0.0,0.0,0.1816673723969087,0.0,0.0,0.0787104816818304,0.0,0.0600683356141667,0.1584199578547957,0.0245780088623705,0.0,0.0,0.0,0.0,0.0,0.0,0.0,0.0,0.0,0.6514200624130894,0.0,0.4731318840081128,0.1930836230396952,0.2190409593652248,0.3585564467406607,0.4835134064645514,0.0,0.7829382998239526,0.0,0.0,0.2326517209778871,0.0,0.0,0.0,0.0,0.6798923301243937,0.0,0.0,0.0,0.3479818697913154,0.0,0.0,0.0,0.1611952617802571,0.0,0.0,0.0,0.0
0.1156830625825285,0.0,0.0,0.0,0.0,0.0,0.0,0.0,0.0,0.1692160448385184,0.0,0.0,0.2157987295097836,0.0,0.0,0.0,0.3796572125239532,0.2704372261936083,0.0,0.0,0.0,0.0,0.0,0.622606583599742,0.0611498514311791,0.5599058673041369,0.0,0.2822300977450892,0.0,0.0,0.0676364287125554,0.109516492968745,0.3393319694285492,0.119268010262241,0.1080647953194099,0.4767434839419607,0.4506603781312356,0.1842827780596678,0.1617678621923691,0.4267341598171293,0.0299924147040914,0.0,0.0,0.0,0.2973620465809629,0.0,0.0,0.0,0.0,0.0,0.0,0.0,0.0,0.0,0.0393661834363656,0.0,0.7799832926964095,0.0,0.0,0.0,0.0,0.5207245496940811,0.0209589253148551,0.0,0.0,0.0,0.0,0.0,0.5124553804455206,0.0,0.2149160606416427,0.0,0.0,0.0,0.0,0.2551946826201084
0.0,0.8185881113040375,0.0115164188867916,0.2471243699989359,0.5584704983279907,0.0,0.7268137126456174,0.6999914863645317,0.2645548983597051,0.284087034405018,0.2923830523954374,0.2157987295097836,0.0,0.1685066339788792,0.6234344911479597,0.5849070293201354,0.6509985627959026,0.5030256790766757,0.0,0.0,0.6764077232795142,0.6277333429427804,0.1698050763129277,0.0,0.6040480951155732,0.3217751255377143,0.0,0.8130756513006261,0.0,0.1923239899618758,0.2984117088536572,0.0,0.0,0.0,0.0,0.0,0.0,0.1647185234508517,0.0,0.0,0.0,0.0,0.0,0.0,0.0,0.0,0.0,0.2426737811779542,0.0,0.0,0.6455533099269527,0.0,0.7718124055722031,0.0,0.0,0.0,0.0,0.0,0.0,0.0,0.0,0.0,0.0,0.0,0.0,0.0,0.0,0.759499301083808,0.0,0.0,0.0,0.746043418926564,0.0,0.4497074768530631,0.0,0.0
0.0,0.0,0.1584527482075774,0.0,0.4789252145139229,0.094061634008798,0.2133002692900112,0.3020221389866229,0.1040548710667077,0.0,0.4300016983497388,0.0,0.1685066339788792,0.0,0.0,0.0,0.0,0.0,0.3567547051426339,0.0,0.0506510258628699,0.0,0.1712175375746643,0.0,0.0,0.0,0.0,0.0,0.0,0.0,0.0,0.0,0.0,0.1249673164929701,0.0,0.0,0.0,0.0,0.0,0.0,0.0,0.0,0.0,0.0,0.0,0.0,0.0,0.2552400590381026,0.0,0.0,0.0,0.0,0.0,0.1590773313374989,0.0,0.4928243696593411,0.0,0.0,0.0,0.0,0.0,0.0,0.0,0.0,0.0,0.0,0.0,0.2997776044816413,0.0,0.0,0.0,0.0,0.0,0.0,0.0,0.0
0.5369542928165034,0.6871562440782684,0.0,0.0,0.0,0.0,0.0,0.4710706180776999,0.0,0.0,0.0,0.0,0.6234344911479597,0.0,0.0,0.5580294890310258,0.0,0.2695290282052053,0.0,0.1392463045530241,0.6729492225527873,0.7178316877734788,0.0996804766266738,0.0,0.5310144869051933,0.1438076620259009,0.0,0.6405423835032905,0.0,0.0,0.4053126278895756,0.0,0.0,0.0,0.0,0.0,0.0,0.0,0.0,0.0,0.2289076402345757,0.0,0.0,0.0,0.0,0.0,0.0,0.0,0.0,0.0,0.3809033849340679,0.0,0.52530381890272,0.0,0.0,0.0,0.0,0.0,0.0,0.8174845366003431,0.0,0.0,0.0,0.0,0.6291231736013662,0.6795547032494299,0.3013136904096184,0.7032017580977284,0.0,0.0,0.0,0.7590573989708745,0.0,0.5952317797933534,0.0,0.0
0.7987764589529242,0.8416527855772484,0.0,0.0,0.0,0.0,0.334938168469414,0.3927956568405596,0.0642163757019757,0.4495650352483837,0.0,0.0,0.5849070293201354,0.0,0.5580294890310258,0.0,0.7475049386769587,0.7758647715189881,0.0,0.0,0.5568972183864528,0.8806506194259802,0.0,0.0,0.7706558860845376,0.5267586044029752,0.0,0.6888030691831893,0.0,0.1451416640569131,0.5316981415857635,0.0,0.1236987998371991,0.0,0.0,0.0,0.0,0.0,0.0,0.0,0.1793890981287452,0.0,0.0,0.0,0.0,0.0,0.0,0.0,0.0,0.0,0.0,0.0,0.0,0.0,0.0,0.0,0.0,0.0,0.0,0.7008476171070094,0.0,0.0,0.2376358492566694,0.0,0.6680135841877518,0.6420378454648584,0.3604635687018349,0.0,0.0,0.0,0.0,0.0,0.0,0.0,0.0,0.0
0.6640450223711434,0.0,0.0,0.0,0.0,0.0,0.4092902803726494,0.0,0.0,0.5670909539645254,0.0,0.3796572125239532,0.6509985627959026,0.0,0.0,0.7475049386769587,0.0,0.6776110430885283,0.0,0.0,0.0,0.7263766014247871,0.0,0.0846544199189807,0.6724730479656328,0.5356305986812776,0.0,0.7626617134518799,0.0,0.0,0.4070822481772862,0.0,0.0407577420839392,0.0,0.0,0.0,0.0,0.2023237737535051,0.0,0.0,0.1656922250073499,0.0,0.0,0.0,0.0,0.0,0.0,0.0,0.0,0.0,0.0,0.0,0.0,0.0,0.0,0.0,0.2103977676432138,0.0,0.0,0.0,0.0,0.4441607862952809,0.1836373882465828,0.0,0.0,0.0,0.0,0.0,0.0,0.0,0.0,0.0,0.0,0.0,0.0,0.0
0.782515208148638,0.7434957257639055,0.0,0.0,0.0,0.0,0.3313259642075555,0.1421771495434133,0.0,0.5354006910598926,0.0,0.2704372261936083,0.5030256790766757,0.0,0.2695290282052053,0.7758647715189881,0.6776110430885283,0.0,0.0,0.0,0.4617456960823392,0.6944831733776125,0.0,0.3298954567532424,0.8342424619873662,0.785398004875348,0.0,0.5341926487187462,0.0,0.0,0.2823769869288875,0.0,0.3662700803445928,0.0,0.1259800013188043,0.0,0.0,0.0,0.0,0.1781274811639408,0.3393683413047124,0.0,0.0,0.0,0.0,0.0,0.0,0.0,0.0,0.0,0.0,0.0,0.0,0.0,0.0801186703410181,0.0,0.2049654193569833,0.0,0.0,0.0,0.1497090278170291,0.4456307489157924,0.5612947478114403,0.0,0.0,0.0,0.3557291808627725,0.0,0.2482236871289506,0.0,0.0,0.0,0.0,0.0,0.0,0.13313144123258
0.0,0.0,0.7785044330642945,0.0,0.0,0.4741591894214345,0.0512397773624606,0.2836841935165263,0.2029604568456134,0.0,0.6504857549660964,0.0,0.0,0.3567547051426339,0.0,0.0,0.0,0.0,0.0,0.0,0.0,0.0,0.4471425852787039,0.0,0.0,0.0,0.2044078224197779,0.0,0.0,0.0,0.0738835897415312,0.2360252402546642,0.0,0.3610374531431568,0.1469676260960748,0.391771473149005,0.2042194669284812,0.0,0.1576559074785789,0.0,0.0,0.0,0.3211187277559584,0.0,0.0,0.0,0.0,0.6112641598985953,0.0,0.0,0.0201759502044216,0.0,0.1439442337504507,0.050300907967311,0.0,0.3695645982739469,0.0,0.0,0.1541391481570468,0.0,0.0,0.0,0.0,0.8630592674022404,0.0,0.0,0.0,0.0,0.0,0.0,0.0,0.0,0.0,0.0,0.0,0.0
0.0,0.0,0.0,0.0,0.0235667535244803,0.1869390402385331,0.0,0.0,0.3838395314997629,0.0,0.0,0.0,0.0,0.0,0.1392463045530241,0.0,0.0,0.0,0.0,0.0,0.0,0.2304890829355527,0.2125281553609371,0.0,0.0,0.0,0.5702890055253093,0.0,0.5352350111726006,0.5791270579187704,0.2468189707135103,0.4456861086730914,0.1339462584115879,0.1084282991915931,0.0361099060271412,0.2695268890379425,0.3270411375859995,0.0,0.280552869216384,0.2634195385478797,0.0,0.1045117256231442,0.0,0.0,0.0,0.0,0.3381493062114259,0.0,0.0,0.0,0.0,0.0,0.0,0.0,0.0,0.0,0.0,0.0,0.0,0.0,0.0,0.0,0.0,0.0,0.3735634019687761,0.0,0.5890246852082938,0.0,0.0,0.0,0.2937881520694888,0.0,0.5821283002007066,0.0,0.0,0.3649356796373925
0.7189698421227235,0.7566907253464731,0.0,0.0,0.0,0.0,0.0,0.4399724357690341,0.0,0.0,0.0,0.0,0.6764077232795142,0.0506510258628699,0.6729492225527873,0.5568972183864528,0.0,0.4617456960823392,0.0,0.0,0.0,0.6333077372368923,0.0508332182016479,0.0,0.7303639409337237,0.320999386025475,0.0,0.6580878717023572,0.0,0.0184844794851768,0.3410392279325607,0.0,0.0,0.0,0.0,0.0,0.0,0.0,0.0,0.0,0.1095911758862683,0.0,0.0,0.0,0.0,0.0,0.0,0.0,0.0,0.0,0.5470161296574699,0.0,0.6795891990151506,0.0,0.0,0.0,0.0,0.0,0.0,0.7869506824066934,0.0,0.0,0.0,0.0,0.5002271777681462,0.8941980111380041,0.1061271362213432,0.7606667284454894,0.0,0.0,0.0,0.7333432721260127,0.0,0.6638709537188044,0.0,0.0
0.7762281556840191,0.8734921324266657,0.0,0.0,0.2444232602242815,0.0,0.5377599096715538,0.3946158622092229,0.2058256383677667,0.4440422750763933,0.0,0.0,0.6277333429427804,0.0,0.7178316877734788,0.8806506194259802,0.7263766014247871,0.6944831733776125,0.0,0.2304890829355527,0.6333077372368923,0.0,0.0,0.0,0.7943878686169346,0.3910970251421707,0.0,0.7166739085999967,0.0,0.1787597748689817,0.4479858844639073,0.0,0.0496257029867871,0.0,0.0,0.0,0.0,0.0,0.0,0.0,0.2385437276864719,0.0,0.0,0.0,0.0,0.0,0.0,0.0,0.0,0.0,0.3914889816609662,0.0,0.0,0.0,0.0,0.0,0.0,0.0,0.0,0.826677735032625,0.0,0.0,0.108587102743939,0.0,0.8112623066062481,0.7253790558505778,0.4915488474835383,0.6399855747419667,0.0,0.0,0.0,0.8286708629504945,0.0,0.6577777650252549,0.0,0.0
0.0,0.0,0.6647485763286025,0.0618313727183495,0.2355039753091627,0.6312138884823479,0.1099665449794846,0.4603259972184655,0.3477073705102549,0.0,0.474163651338813,0.0,0.1698050763129277,0.1712175375746643,0.0996804766266738,0.0,0.0,0.0,0.4471425852787039,0.2125281553609371,0.0508332182016479,0.0,0.0,0.1335152619918503,0.0,0.0,0.2511604388253468,0.0,0.1920794359115741,0.2869868022220056,0.0293790626436502,0.1749841779262179,0.0,0.1354423658942184,0.0,0.3062525179473154,0.112980339091559,0.0,0.1360048527388982,0.0,0.0,0.0557474526472866,0.0,0.0,0.0,0.0,0.0872544427509997,0.6721748009523093,0.0,0.1611380290164722,0.2669393666951599,0.0732851160663007,0.2107782089250545,0.288287536024563,0.0,0.1971137032750455,0.0,0.1929232864359787,0.0,0.0,0.0,0.0,0.0,0.4062312217047631,0.0,0.0,0.0,0.3838455922907134,0.0,0.0,0.0207296318068559,0.0,0.0336312042620023,0.0,0.074095591381368,0.0
0.2762836977501612,0.0,0.0,0.0,0.0,0.0,0.0,0.0,0.0,0.2283515166290566,0.0,0.622606583599742,0.0,0.0,0.0,0.0,0.0846544199189807,0.3298954567532424,0.0,0.0,0.0,0.0,0.1335152619918503,0.0,0.1662800191699438,0.7319661613537733,0.1128286486098526,0.0,0.0,0.0,0.0,0.5203490104055146,0.6243915049511801,0.209193531183808,0.3118128553603618,0.5571523522282735,0.0,0.1252574094426091,0.608469065297564,0.6512017399348409,0.1367837639127328,0.0,0.0,0.0,0.5980354797023278,0.6292101344118342,0.0,0.0,0.0,0.0,0.0,0.0,0.0,0.0,0.3265777060660568,0.0,0.5595727161079966,0.0,0.0,0.0,0.4775431877952645,0.2932865474905766,0.424210948096281,0.0,0.0,0.0,0.0,0.0,0.9197285452478524,0.4863337220257756,0.6619157461809947,0.0,0.0,0.0,0.0,0.6238402886977279
0.9334448372099544,0.8928083184746042,0.0,0.0,0.106395859131106,0.0,0.4796731137689521,0.2371612782417763,0.0,0.5885464275619321,0.0,0.0611498514311791,0.6040480951155732,0.0,0.5310144869051933,0.7706558860845376,0.6724730479656328,0.8342424619873662,0.0,0.0,0.7303639409337237,0.7943878686169346,0.0,0.1662800191699438,0.0,0.6773786506999091,0.0,0.6657775772771024,0.0,0.0,0.2723139799401989,0.0,0.1809914037120321,0.0,0.0,0.0,0.0,0.1448334014937427,0.0,0.0,0.2885059156931957,0.0,0.0,0.0,0.0,0.0,0.0,0.0,0.0,0.0,0.0,0.0,0.0,0.0,0.0,0.0,0.0,0.0,0.0,0.0,0.0,0.2174085708380012,0.3950676315698252,0.0,0.6107317086669625,0.8145060345424644,0.3378456669934033,0.0,0.0659576347453468,0.0,0.0,0.0,0.0,0.0,0.0,0.0
0.718068048835717,0.4848526722690178,0.0,0.0,0.0,0.0,0.0246066104414301,0.1761443247563363,0.0,0.4090845803122059,0.0,0.5599058673041369,0.3217751255377143,0.0,0.1438076620259009,0.5267586044029752,0.5356305986812776,0.785398004875348,0.0,0.0,0.320999386025475,0.3910970251421707,0.0,0.7319661613537733,0.6773786506999091,0.0,0.0,0.3717269291763032,0.0,0.0,0.1351548264196154,0.108671579684126,0.5352295588466921,0.0250426808457024,0.2026613386079922,0.202785394982846,0.0,0.1642446493144446,0.1844135974239548,0.4096909032765444,0.2018301743273139,0.0,0.0,0.0,0.2553168516704333,0.2606192755476857,0.0,0.0,0.0,0.0,0.0,0.0,0.0,0.0,0.1172322109020029,0.0,0.4188450862343822,0.0,0.0,0.2297493158162899,0.2334542032897778,0.4420817099434427,0.4395014774443677,0.0,0.3786908555516168,0.3568591863354064,0.2919246896798395,0.018487105447751,0.6108960204993441,0.0729212144203921,0.2782495441261042,0.1624131940144351,0.0,0.1647780005671173,0.0,0.3677800722461661
0.0,0.0,0.2845032878040211,0.0,0.0,0.5304049180804017,0.0,0.0,0.2622047813598261,0.0,0.1280714591798075,0.0,0.0,0.0,0.0,0.0,0.0,0.0,0.2044078224197779,0.5702890055253093,0.0,0.0,0.2511604388253468,0.1128286486098526,0.0,0.0,0.0,0.0,0.9346063722742524,0.2450501683336775,0.0,0.6851622497127727,0.0,0.2674832948301899,0.1228018624303169,0.2553970561600162,0.3090436783145824,0.0,0.6046134008448311,0.0,0.0,0.6157986455814024,0.2368635329342812,0.0,0.0,0.0,0.7942503754502133,0.0795446415463098,0.0,0.0,0.0,0.2720413965510771,0.0,0.1629695716479019,0.0,0.0,0.0,0.0688134711542544,0.0,0.0,0.0,0.0,0.0,0.1639815488688953,0.0,0.0,0.275158461066556,0.0,0.0,0.0,0.5849946130612212,0.0,0.3650248273926639,0.0,0.3700664059075065,0.5131773191488025
0.6268610938506826,0.7726043556838895,0.0,0.3273049441319641,0.5312690355908211,0.0,0.5069062946646107,0.5431354277207763,0.2898558546742972,0.3628891317711377,0.1602429701684993,0.2822300977450892,0.8130756513006261,0.0,0.6405423835032905,0.6888030691831893,0.7626617134518799,0.5341926487187462,0.0,0.0,0.6580878717023572,0.7166739085999967,0.0,0.0,0.6657775772771024,0.3717269291763032,0.0,0.0,0.0,0.2057744539667024,0.5265896953081383,0.0,0.0,0.0,0.0,0.0,0.1158581861619972,0.1969509469796036,0.0,0.0,0.120646925991978,0.0,0.0,0.0,0.0,0.0,0.0,0.0,0.0,0.0,0.4413147303716199,0.0,0.6104148469061803,0.0,0.0,0.0,0.0,0.0,0.0,0.77184199263411,0.0,0.0,0.0,0.0,0.736081079383317,0.7301428689203029,0.0,0.6348414280533689,0.0,0.0,0.0,0.7620599482631616,0.2348335276562212,0.5747610912670578,0.0,0.0
0.0,0.0,0.0,0.0,0.0,0.5551861212507784,0.0,0.0,0.1352885523962794,0.0,0.0,0.0,0.0,0.0,0.0,0.0,0.0,0.0,0.0,0.5352350111726006,0.0,0.0,0.1920794359115741,0.0,0.0,0.0,0.9346063722742524,0.0,0.0,0.1854596956754008,0.0,0.7673054512421424,0.1226359779315082,0.3515977772719834,0.2320104384338559,0.3354546024210055,0.2932802034416698,0.0,0.648068908732343,0.0,0.0,0.5243379246545488,0.0,0.0,0.0,0.0,0.8815811846964228,0.0,0.0,0.0,0.0,0.0,0.0,0.0,0.0,0.0,0.0,0.1887474366700601,0.0,0.0,0.0,0.0,0.0,0.0,0.0,0.0,0.2714967465924285,0.0,0.0,0.0,0.8083804083475545,0.0,0.5045412284227911,0.0,0.0,0.6952880986186749
0.0,0.0,0.2772135488302905,0.0,0.0,0.2148795380883111,0.0,0.2571248629878039,0.4208469086652423,0.0,0.0,0.0,0.1923239899618758,0.0,0.0,0.1451416640569131,0.0,0.0,0.0,0.5791270579187704,0.0184844794851768,0.1787597748689817,0.2869868022220056,0.0,0.0,0.0,0.2450501683336775,0.2057744539667024,0.1854596956754008,0.0,0.4720669940877182,0.0,0.0,0.0848896131455872,0.0,0.0,0.0,0.0,0.0,0.0,0.0,0.0,0.0,0.0,0.0,0.0,0.0,0.0,0.0,0.0,0.0,0.0,0.0,0.0,0.0,0.0,0.0,0.0,0.0,0.0,0.0,0.0,0.0,0.0,0.2649366546325851,0.0,0.0,0.0813392864313139,0.0,0.0,0.0,0.0651153654677318,0.0,0.0,0.0,0.0
0.4027056908613229,0.3419469165652942,0.0631369767414124,0.0,0.1692664135500807,0.0,0.0797943313913267,0.2605109928254956,0.1322919670328688,0.3482055433969408,0.1816673723969087,0.0676364287125554,0.2984117088536572,0.0,0.4053126278895756,0.5316981415857635,0.4070822481772862,0.2823769869288875,0.0738835897415312,0.2468189707135103,0.3410392279325607,0.4479858844639073,0.0293790626436502,0.0,0.2723139799401989,0.1351548264196154,0.0,0.5265896953081383,0.0,0.4720669940877182,0.0,0.0,0.0,0.0240318773732712,0.0,0.0117415647202114,0.2473641662337635,0.1045121184235838,0.0,0.0906012623404524,0.0056450149913119,0.0,0.0,0.0,0.0,0.0,0.0,0.0,0.0,0.0,0.0,0.0,0.2080623827847461,0.0,0.1744157030749852,0.0,0.0239907161310047,0.0,0.0,0.3029424813159,0.0129612602405763,0.0,0.1527425506377216,0.0,0.3450531623092651,0.3081402570516961,0.2602774360685455,0.2176417719282643,0.0,0.0,0.0,0.2998577572844786,0.3702541525987475,0.2803418594399145,0.0,0.1902556910277532
0.0,0.0,0.3191210374114654,0.0,0.0,0.4479316143788485,0.0,0.0,0.0,0.0,0.0,0.109516492968745,0.0,0.0,0.0,0.0,0.0,0.0,0.2360252402546642,0.4456861086730914,0.0,0.0,0.1749841779262179,0.5203490104055146,0.0,0.108671579684126,0.6851622497127727,0.0,0.7673054512421424,0.0,0.0,0.0,0.4298868198648068,0.2883921474877456,0.3901537264625577,0.4427993393077641,0.2012177065997696,0.0,0.7979716944754209,0.4861609049908512,0.0913387891604513,0.4785290174186942,0.316156903068031,0.5471902517558871,0.6642482787822823,0.710556076755306,0.7749708438529275,0.0,0.0,0.0,0.0,0.0,0.0,0.0,0.4649168964290737,0.0,0.1909923462098533,0.1158257902124339,0.0,0.0,0.6473438173879956,0.0,0.2754509259099638,0.1568498077418431,0.0,0.0,0.2812273618420859,0.0,0.5458678806556776,0.7177231072064665,0.7634521906747538,0.0,0.3551592405409214,0.0,0.0,0.6321437702542734
0.3106190586221727,0.0878965596168994,0.0,0.0,0.0,0.0,0.0,0.0,0.0,0.0721762542908837,0.0,0.3393319694285492,0.0,0.0,0.0,0.1236987998371991,0.0407577420839392,0.3662700803445928,0.0,0.1339462584115879,0.0,0.0496257029867871,0.0,0.6243915049511801,0.1809914037120321,0.5352295588466921,0.0,0.0,0.1226359779315082,0.0,0.0,0.4298868198648068,0.0,0.2310464299068239,0.3785932829011396,0.3357213846470351,0.0918386596636085,0.1405275844352302,0.5163692561411294,0.7375028601830599,0.2726375493863088,0.1387677449817436,0.0,0.0,0.421985424034555,0.3949063196128337,0.1064237995662327,0.0,0.0,0.0,0.0,0.0,0.0,0.0,0.0914852708073881,0.0,0.2994060207813889,0.0,0.0,0.0,0.3104022157971436,0.0461761325613471,0.3298139096539688,0.0,0.1410011532758208,0.0,0.2439408386688069,0.0,0.6239559172331107,0.3078119601442005,0.3788491443470256,0.0,0.0,0.0,0.0,0.3711240832347661
0.0,0.0,0.2691737191060422,0.0,0.0,0.4253300192950778,0.0,0.0,0.0,0.0,0.0787104816818304,0.119268010262241,0.0,0.1249673164929701,0.0,0.0,0.0,0.0,0.3610374531431568,0.1084282991915931,0.0,0.0,0.1354423658942184,0.209193531183808,0.0,0.0250426808457024,0.2674832948301899,0.0,0.3515977772719834,0.0848896131455872,0.0240318773732712,0.2883921474877456,0.2310464299068239,0.0,0.2225861638705289,0.3256038755852704,0.2507467869805115,0.0523065769567403,0.3018675937423102,0.3764309609794891,0.3349116549225962,0.1995479148012527,0.14799899905877,0.0,0.2518545015291265,0.3189930209677014,0.3773285751247158,0.0,0.0,0.0,0.0,0.0,0.0,0.0,0.1573444327330389,0.0,0.1291082541373425,0.0,0.0,0.0,0.2249087594823494,0.0,0.0,0.0,0.0,0.0,0.0,0.0,0.2275303052828316,0.286708364306046,0.3649777896363564,0.0,0.1191620540415934,0.0,0.0,0.2695816287023782
0.0,0.0,0.1771952973990734,0.0,0.0,0.11332456647965,0.0,0.0,0.0,0.0,0.0,0.1080647953194099,0.0,0.0,0.0,0.0,0.0,0.1259800013188043,0.1469676260960748,0.0361099060271412,0.0,0.0,0.0,0.3118128553603618,0.0,0.2026613386079922,0.1228018624303169,0.0,0.2320104384338559,0.0,0.0,0.3901537264625577,0.3785932829011396,0.2225861638705289,0.0,0.1489494421334477,0.1682600984910062,0.0444691393373775,0.3400249037543973,0.3184241037296074,0.1791702817535643,0.1184164781558372,0.2766967524878035,0.2362080646053092,0.4044486288955581,0.0,0.3571766147249487,0.0,0.0,0.0,0.0,0.0,0.0,0.0,0.0,0.0,0.1179540458626397,0.0,0.0,0.0,0.2866065325482604,0.0,0.1984504692558334,0.0,0.0,0.0,0.023646677522965,0.0,0.0,0.3647651627791519,0.4041852730024471,0.0,0.0,0.0,0.0,0.0
0.0,0.0,0.3721870860493018,0.0672052370730397,0.0,0.5285231646670416,0.0,0.0925433323229208,0.0238097847151354,0.125998526701681,0.0600683356141667,0.4767434839419607,0.0,0.0,0.0,0.0,0.0,0.0,0.391771473149005,0.2695268890379425,0.0,0.0,0.3062525179473154,0.5571523522282735,0.0,0.202785394982846,0.2553970561600162,0.0,0.3354546024210055,0.0,0.0117415647202114,0.4427993393077641,0.3357213846470351,0.3256038755852704,0.1489494421334477,0.0,0.3295845657263632,0.1834504403946689,0.4203708533424755,0.4726364860241302,0.0,0.2963256377160673,0.4377110507044996,0.4283127134389259,0.0,0.0,0.0,0.1707445522639719,0.0,0.0,0.0,0.0,0.0,0.0,0.0,0.0,0.6126862523087222,0.293942261753975,0.0,0.0,0.0,0.0,0.0,0.2403030414628688,0.0,0.0,0.0,0.0,0.0,0.0,0.0,0.0,0.3054755569911507,0.0,0.0,0.0
0.0,0.0,0.1092947727978424,0.1142554373471755,0.0180719758446522,0.2011593165462767,0.0,0.0844838457610009,0.1613389868028894,0.0289740558938299,0.1584199578547957,0.4506603781312356,0.0,0.0,0.0,0.0,0.0,0.0,0.2042194669284812,0.3270411375859995,0.0,0.0,0.112980339091559,0.0,0.0,0.0,0.3090436783145824,0.1158581861619972,0.2932802034416698,0.0,0.2473641662337635,0.2012177065997696,0.0918386596636085,0.2507467869805115,0.1682600984910062,0.3295845657263632,0.0,0.0350780900324606,0.1972036255389018,0.0,0.0,0.1386423022178966,0.0,0.0,0.0,0.0,0.0,0.0,0.0,0.0,0.0,0.0,0.0,0.0,0.0,0.0,0.0,0.0,0.0,0.0,0.0,0.0,0.0,0.0,0.0,0.0,0.0,0.0,0.0,0.0,0.0,0.0,0.0,0.0,0.0,0.0
0.0,0.0,0.0,0.0,0.1482334064355887,0.0,0.1383171238797924,0.0,0.0,0.1039753801905671,0.0245780088623705,0.1842827780596678,0.1647185234508517,0.0,0.0,0.0,0.2023237737535051,0.0,0.0,0.0,0.0,0.0,0.0,0.1252574094426091,0.1448334014937427,0.1642446493144446,0.0,0.1969509469796036,0.0,0.0,0.1045121184235838,0.0,0.1405275844352302,0.0523065769567403,0.0444691393373775,0.1834504403946689,0.0350780900324606,0.0,0.0,0.1450428395162192,0.0265336878463857,0.0,0.0,0.0,0.1555389023317316,0.0,0.0,0.0,0.0,0.0,0.0,0.0,0.0,0.0,0.0,0.0,0.3172047780374913,0.0,0.0,0.0,0.0,0.0,0.0,0.0,0.0,0.0,0.0,0.0,0.1320863313258602,0.0,0.0,0.0,0.0,0.0,0.0,0.0
0.0,0.0,0.2623335942538415,0.0,0.0,0.4411631582928133,0.0,0.0,0.0240293268884222,0.0,0.0,0.1617678621923691,0.0,0.0,0.0,0.0,0.0,0.0,0.1576559074785789,0.280552869216384,0.0,0.0,0.1360048527388982,0.608469065297564,0.0,0.1844135974239548,0.6046134008448311,0.0,0.648068908732343,0.0,0.0,0.7979716944754209,0.5163692561411294,0.3018675937423102,0.3400249037543973,0.4203708533424755,0.1972036255389018,0.0,0.0,0.5400020831184028,0.197239223118923,0.4539301378453613,0.1703809190069375,0.4102344969944263,0.647167292174573,0.6358491828983582,0.644731445373133,0.0256861828220198,0.0,0.0,0.0,0.0639507217740596,0.0,0.0409454076492557,0.3739641131409495,0.0,0.2453506491910156,0.2108404210816531,0.0,0.0,0.5764428789201638,0.0092215398951408,0.3358949032777816,0.1030948764095868,0.0,0.0,0.1735102150780172,0.0,0.6374178209461099,0.6785623900189021,0.7132424972145097,0.0,0.3245910578702933,0.0,0.4544457697623121,0.5655224061768281
0.094662652993002,0.0,0.0,0.0,0.0,0.0,0.0,0.0,0.0,0.0333001253338854,0.0,0.4267341598171293,0.0,0.0,0.0,0.0,0.0,0.1781274811639408,0.0,0.2634195385478797,0.0,0.0,0.0,0.6512017399348409,0.0,0.4096909032765444,0.0,0.0,0.0,0.0,0.0906012623404524,0.4861609049908512,0.7375028601830599,0.3764309609794891,0.3184241037296074,0.4726364860241302,0.0,0.1450428395162192,0.5400020831184028,0.0,0.2800968633742011,0.2390361465995105,0.3583540493718556,0.3818241183411037,0.5459672951085731,0.4222555282262082,0.2596364354990365,0.0,0.0,0.0,0.0,0.0,0.0,0.0,0.1689264240850929,0.0,0.3752391821458564,0.088680437943873,0.0,0.0,0.2573340025877479,0.1727909717260656,0.1851627596377928,0.0,0.0,0.0,0.1376871884777263,0.0,0.6188789285531057,0.3167357312699467,0.4661170764581724,0.0,0.4193850425405697,0.0,0.3276082715258383,0.4147361397236631
0.2406803458894507,0.2454613264893473,0.0,0.0,0.0,0.0153200035183616,0.0,0.0185648731319961,0.0,0.0855281969631416,0.0,0.0299924147040914,0.0,0.0,0.2289076402345757,0.1793890981287452,0.1656922250073499,0.3393683413047124,0.0,0.0,0.1095911758862683,0.2385437276864719,0.0,0.1367837639127328,0.2885059156931957,0.2018301743273139,0.0,0.120646925991978,0.0,0.0,0.0056450149913119,0.0913387891604513,0.2726375493863088,0.3349116549225962,0.1791702817535643,0.0,0.0,0.0265336878463857,0.197239223118923,0.2800968633742011,0.0,0.0,0.0,0.0,0.0,0.0,0.0,0.0,0.2594867532911288,0.0091405340213873,0.257896742531055,0.1448041315921907,0.0874633583768508,0.2316319777887583,0.0120033847084339,0.0119949215104028,0.0246902304515231,0.1719624458475075,0.0,0.2391301635034502,0.1075622244988084,0.0493518026179146,0.2543553402649798,0.1018557815057888,0.2847335105928477,0.2270586151665208,0.2628833536985706,0.1563493844913677,0.1315230023349632,0.0,0.0,0.2657742599845988,0.0117926397258139,0.3172707185179716,0.1533707465870721,0.1105225467557178
0.0,0.0,0.0,0.0,0.0,0.4102644441510554,0.0,0.0,0.0,0.0,0.0,0.0,0.0,0.0,0.0,0.0,0.0,0.0,0.0,0.1045117256231442,0.0,0.0,0.0557474526472866,0.0,0.0,0.0,0.6157986455814024,0.0,0.5243379246545488,0.0,0.0,0.4785290174186942,0.1387677449817436,0.1995479148012527,0.1184164781558372,0.2963256377160673,0.1386423022178966,0.0,0.4539301378453613,0.2390361465995105,0.0,0.0,0.2221952820708537,0.3596158368675536,0.3680318070219988,0.4838124786449541,0.6829742572282251,0.0,0.0,0.0,0.0,0.0,0.0,0.0,0.2388936796038619,0.0,0.1168938408430287,0.0331264232492106,0.0,0.0,0.4031015009878474,0.0,0.1038643519231782,0.0,0.0,0.0,0.0,0.0,0.3441246679271282,0.5841958568395683,0.5754840913903411,0.0,0.1787656458935311,0.0,0.1622654298656085,0.2903824202832407
0.0,0.0,0.1676616077743249,0.0,0.0,0.2042727003438139,0.0,0.0,0.0,0.0,0.0,0.0,0.0,0.0,0.0,0.0,0.0,0.0,0.3211187277559584,0.0,0.0,0.0,0.0,0.0,0.0,0.0,0.2368635329342812,0.0,0.0,0.0,0.0,0.316156903068031,0.0,0.14799899905877,0.2766967524878035,0.4377110507044996,0.0,0.0,0.1703809190069375,0.3583540493718556,0.0,0.2221952820708537,0.0,0.7264921123577732,0.4373534771622735,0.0,0.0,0.0,0.2248960494429515,0.0,0.0,0.0,0.0,0.0,0.3842103957979447,0.0,0.5515889775092191,0.2400738851389807,0.0,0.0,0.0,0.3748345077525982,0.0,0.2036526144980071,0.0,0.0,0.1015100951206333,0.0,0.3966090434952695,0.245016365015721,0.3454934929260952,0.0,0.4888382502976603,0.0,0.0,0.3577867551000136
0.0,0.0,0.0,0.0,0.0,0.0,0.0,0.0,0.0,0.0,0.0,0.0,0.0,0.0,0.0,0.0,0.0,0.0,0.0,0.0,0.0,0.0,0.0,0.0,0.0,0.0,0.0,0.0,0.0,0.0,0.0,0.5471902517558871,0.0,0.0,0.2362080646053092,0.4283127134389259,0.0,0.0,0.4102344969944263,0.3818241183411037,0.0,0.3596158368675536,0.7264921123577732,0.0,0.5264442855717703,0.0,0.0,0.0,0.0815761736082437,0.0,0.0,0.0,0.0,0.0,0.5132386685866507,0.0,0.4093322042340214,0.2414972343094591,0.0,0.0,0.0,0.0,0.0,0.059821111117105,0.0,0.0,0.0,0.0,0.0,0.0,0.0,0.0,0.4530292761089154,0.0,0.0,0.4901502538428953
0.0,0.0,0.0,0.0,0.0,0.0,0.0,0.0,0.0,0.0,0.0,0.2973620465809629,0.0,0.0,0.0,0.0,0.0,0.0,0.0,0.0,0.0,0.0,0.0,0.5980354797023278,0.0,0.2553168516704333,0.0,0.0,0.0,0.0,0.0,0.6642482787822823,0.421985424034555,0.2518545015291265,0.4044486288955581,0.0,0.0,0.1555389023317316,0.647167292174573,0.5459672951085731,0.0,0.3680318070219988,0.4373534771622735,0.5264442855717703,0.0,0.6744413230765807,0.0,0.0,0.0,0.0,0.0,0.0,0.0,0.0,0.4707638234016685,0.0,0.3925103915555102,0.1432091921210304,0.0,0.0,0.0,0.1885835020962593,0.0,0.0,0.0,0.0,0.0,0.0,0.6257813231364918,0.6307755963457735,0.7123019324736561,0.0,0.5160829682582171,0.0,0.0,0.5848102194547219
0.0,0.0,0.0,0.0,0.0,0.0,0.0,0.0,0.0,0.0,0.0,0.0,0.0,0.0,0.0,0.0,0.0,0.0,0.0,0.0,0.0,0.0,0.0,0.6292101344118342,0.0,0.2606192755476857,0.0,0.0,0.0,0.0,0.0,0.710556076755306,0.3949063196128337,0.3189930209677014,0.0,0.0,0.0,0.0,0.6358491828983582,0.4222555282262082,0.0,0.4838124786449541,0.0,0.0,0.6744413230765807,0.0,0.7551331825674727,0.0,0.0,0.0,0.0,0.0,0.0,0.0,0.5904125609730876,0.0,0.1016063497653009,0.1018576920760516,0.0,0.0,0.9108224734300552,0.0,0.5337399236661099,0.0,0.0,0.0,0.2583845248683322,0.0,0.6950264179693741,0.917575119061379,0.8974314280521966,0.0,0.5212717379448134,0.0,0.0,0.8239582721524664
0.0,0.0,0.0,0.0,0.0,0.0,0.0,0.0,0.0,0.0,0.0,0.0,0.0,0.0,0.0,0.0,0.0,0.0,0.0,0.3381493062114259,0.0,0.0,0.0872544427509997,0.0,0.0,0.0,0.7942503754502133,0.0,0.8815811846964228,0.0,0.0,0.7749708438529275,0.1064237995662327,0.3773285751247158,0.3571766147249487,0.0,0.0,0.0,0.644731445373133,0.2596364354990365,0.0,0.6829742572282251,0.0,0.0,0.0,0.7551331825674727,0.0,0.0,0.0,0.0,0.0,0.1938351643891617,0.0,0.0,0.5158081130245685,0.0,0.0,0.2247370011100626,0.0,0.0,0.6015980349771899,0.0,0.1614268352132833,0.0,0.0,0.0,0.0,0.0,0.0,0.8873930944820574,0.8756588522125545,0.0,0.3010193108295164,0.0,0.0,0.4931719335398167
0.0,0.0,0.7701578104140293,0.0,0.2191076904331792,0.4186241081089321,0.0,0.402022801507749,0.4453346976442246,0.0,0.6514200624130894,0.0,0.2426737811779542,0.2552400590381026,0.0,0.0,0.0,0.0,0.6112641598985953,0.0,0.0,0.0,0.6721748009523093,0.0,0.0,0.0,0.0795446415463098,0.0,0.0,0.0,0.0,0.0,0.0,0.0,0.0,0.1707445522639719,0.0,0.0,0.0256861828220198,0.0,0.0,0.0,0.0,0.0,0.0,0.0,0.0,0.0,0.1349545561095536,0.2969706165125164,0.2847331485266611,0.2323567902301478,0.367764797283535,0.4053854031341058,0.0,0.510135128692319,0.0,0.159271412795327,0.0795988983038892,0.0,0.0,0.0,0.0,0.7053721091022934,0.0,0.0,0.0,0.3939984055607557,0.0,0.0,0.0,0.1367753386911548,0.0,0.0,0.0,0.0
0.0,0.0,0.0,0.0,0.0,0.0,0.0,0.0,0.0,0.0,0.0,0.0,0.0,0.0,0.0,0.0,0.0,0.0,0.0,0.0,0.0,0.0,0.0,0.0,0.0,0.0,0.0,0.0,0.0,0.0,0.0,0.0,0.0,0.0,0.0,0.0,0.0,0.0,0.0,0.0,0.2594867532911288,0.0,0.2248960494429515,0.0815761736082437,0.0,0.0,0.0,0.1349545561095536,0.0,0.3170362747588601,0.3172283056049332,0.3118716081065436,0.3077933012654316,0.2023207714461326,0.0,0.2117622788495269,0.0,0.4406025780406266,0.1759683102282162,0.0,0.0,0.0,0.0,0.1508113015418027,0.0,0.0,0.0,0.2240894156503163,0.0,0.0,0.0,0.209386319402748,0.2493655143016967,0.0,0.0,0.0
0.0,0.0,0.0966429079949759,0.0,0.0,0.0,0.0,0.0998672284475953,0.0,0.0,0.4731318840081128,0.0,0.0,0.0,0.0,0.0,0.0,0.0,0.0,0.0,0.0,0.0,0.1611380290164722,0.0,0.0,0.0,0.0,0.0,0.0,0.0,0.0,0.0,0.0,0.0,0.0,0.0,0.0,0.0,0.0,0.0,0.0091405340213873,0.0,0.0,0.0,0.0,0.0,0.0,0.2969706165125164,0.3170362747588601,0.0,0.3209522552605605,0.6409768003267547,0.2549613796153975,0.5338819560077108,0.0,0.530571170403699,0.0754416196073274,0.3060149660718732,0.390563620302343,0.0,0.0,0.0,0.0,0.2518009065676264,0.0,0.0,0.0,0.2848386913705679,0.0,0.0,0.0,0.1604498335222058,0.0956450077027421,0.0,0.0,0.0
0.0,0.0,0.0441852616838043,0.0,0.0,0.1799404358753628,0.6223824660995886,0.2990156426491746,0.2487287313128421,0.0,0.1930836230396952,0.0,0.6455533099269527,0.0,0.3809033849340679,0.0,0.0,0.0,0.0201759502044216,0.0,0.5470161296574699,0.3914889816609662,0.2669393666951599,0.0,0.0,0.0,0.0,0.4413147303716199,0.0,0.0,0.0,0.0,0.0,0.0,0.0,0.0,0.0,0.0,0.0,0.0,0.257896742531055,0.0,0.0,0.0,0.0,0.0,0.0,0.2847331485266611,0.3172283056049332,0.3209522552605605,0.0,0.5534356909777081,0.6839011323398714,0.4122707392447124,0.0,0.4693331241584609,0.0,0.4746985391166036,0.1641191335489435,0.5712387916407495,0.0,0.077011607700282,0.1566334868261674,0.1395534557256666,0.3555706416279207,0.6582627833620316,0.0526021523247818,0.7702292527572321,0.0,0.0,0.0,0.6213871292229406,0.0,0.5578974139825851,0.0,0.0
0.0,0.0,0.0,0.0,0.0,0.2761915101369617,0.0,0.0,0.0,0.0,0.2190409593652248,0.0,0.0,0.0,0.0,0.0,0.0,0.0,0.0,0.0,0.0,0.0,0.0732851160663007,0.0,0.0,0.0,0.2720413965510771,0.0,0.0,0.0,0.0,0.0,0.0,0.0,0.0,0.0,0.0,0.0,0.0639507217740596,0.0,0.1448041315921907,0.0,0.0,0.0,0.0,0.0,0.1938351643891617,0.2323567902301478,0.3118716081065436,0.6409768003267547,0.5534356909777081,0.0,0.1770730626390913,0.381344353858805,0.3381862422287341,0.2848039262398614,0.0,0.5039817408307752,0.1088412822720967,0.0,0.1072220660174333,0.0046965624227927,0.2085286948173652,0.1568601431213719,0.0388099954270651,0.0,0.1612173920940209,0.2674039990403864,0.0,0.178246797354584,0.0,0.218558824659088,0.1247302886374743,0.3890579187087628,0.0,0.0
0.0,0.0,0.0721381572522814,0.0,0.4946716146414772,0.0,0.0,0.7428814321029947,0.1279506509556875,0.0,0.3585564467406607,0.0,0.7718124055722031,0.0,0.52530381890272,0.0,0.0,0.0,0.1439442337504507,0.0,0.6795891990151506,0.0,0.2107782089250545,0.0,0.0,0.0,0.0,0.6104148469061803,0.0,0.0,0.2080623827847461,0.0,0.0,0.0,0.0,0.0,0.0,0.0,0.0,0.0,0.0874633583768508,0.0,0.0,0.0,0.0,0.0,0.0,0.367764797283535,0.3077933012654316,0.2549613796153975,0.6839011323398714,0.1770730626390913,0.0,0.2457666824204208,0.0,0.7218397830508161,0.0,0.1333813065897713,0.4016025140931901,0.7579229301975854,0.0,0.0,0.0,0.2097631299355569,0.4857372862800316,0.7360530588847503,0.0,0.834736565973646,0.0,0.0,0.0,0.6857996691064071,0.0,0.3550661232982734,0.0,0.0
0.0,0.0,0.2373163030086154,0.0,0.6359913065213012,0.160654064137282,0.0,0.1989741922688799,0.8876051900037536,0.0,0.4835134064645514,0.0,0.0,0.1590773313374989,0.0,0.0,0.0,0.0,0.050300907967311,0.0,0.0,0.0,0.288287536024563,0.0,0.0,0.0,0.1629695716479019,0.0,0.0,0.0,0.0,0.0,0.0,0.0,0.0,0.0,0.0,0.0,0.0409454076492557,0.0,0.2316319777887583,0.0,0.0,0.0,0.0,0.0,0.0,0.4053854031341058,0.2023207714461326,0.5338819560077108,0.4122707392447124,0.381344353858805,0.2457666824204208,0.0,0.0,0.4833236785944168,0.0,0.1915310988431098,0.0823414697176323,0.0,0.0,0.0,0.0,0.2371145943031546,0.3873290735296935,0.0,0.3054690683837476,0.4249798346257489,0.0,0.0,0.0,0.4233051382677994,0.1825568293313981,0.4205352831683224,0.0946816755976904,0.0
0.0,0.0,0.0,0.0,0.0,0.0,0.0,0.0,0.0,0.5090890451423287,0.0,0.0393661834363656,0.0,0.0,0.0,0.0,0.0,0.0801186703410181,0.0,0.0,0.0,0.0,0.0,0.3265777060660568,0.0,0.1172322109020029,0.0,0.0,0.0,0.0,0.1744157030749852,0.4649168964290737,0.0914852708073881,0.1573444327330389,0.0,0.0,0.0,0.0,0.3739641131409495,0.1689264240850929,0.0120033847084339,0.2388936796038619,0.3842103957979447,0.5132386685866507,0.4707638234016685,0.5904125609730876,0.5158081130245685,0.0,0.0,0.0,0.0,0.3381862422287341,0.0,0.0,0.0,0.0,0.1618334828106766,0.2437340756173472,0.0,0.0,0.6327125553811962,0.208219649415748,0.3996295376915583,0.0,0.0,0.0,0.2620170940280157,0.0,0.4048239033426066,0.6850022196593096,0.5161701220519312,0.0,0.4212089313380356,0.0,0.0,0.5380210915622501
