0.0,0.0,0.0,0.0,0.0,0.2308096620060397,0.0,0.1819656882835745,0.0,0.1550913471396521,0.0,0.1575470260579533,0.0,0.0,0.4197805455468421,0.3540157022841386,0.1372350614926619,0.1781420150301561,0.0,0.4972879632318881,0.5524842122698312,0.5407044120451643,0.3158525723145473,0.3720937892453881,0.0998876225306291,0.1265927878355559,0.3203587176535385,0.2387935685611762,0.356409102939519,0.0,0.3676266601771231,0.0703499561785319,0.4126828097168029,0.0,0.0,0.0,0.0,0.1237213047071769,0.0535559223599898,0.4219145349452637,0.3558463310024678,0.0,0.0,0.0,0.0,0.5991415108121136,0.0539941911634401,0.0,0.0,0.0,0.0,0.0,0.0,0.0,0.3670658630543935,0.0,0.0,0.0,0.0,0.0,0.2902946471651596,0.0,0.1943855089599746,0.0,0.0,0.4903535696384086,0.3787399126326232,0.1126184048346244,0.3339352433806121,0.2640149350326136,0.1432732609132281,0.0,0.0,0.0,0.0,0.206661946815448
0.0,0.0,0.0,0.0,0.4706423347227287,0.4418610661232443,0.0738779690839978,0.3755840280870229,0.2338690931959913,0.0,0.0,0.0,0.2871887437945256,0.0,0.2838547860248143,0.3872309337164112,0.0,0.5259578500658001,0.0,0.2377210356473236,0.084781293405715,0.2210722577542755,0.3313506078023663,0.0,0.5823778201428107,0.542248206675974,0.3199655518799141,0.3545214053263989,0.3499854739904428,0.0,0.1233118950664827,0.0,0.0,0.0,0.0,0.0,0.0,0.0,0.0,0.0,0.0,0.0,0.0,0.0,0.0,0.0,0.5312507741891612,0.0,0.0,0.0,0.4939698172996907,0.0,0.0,0.0,0.0,0.0,0.0,0.0,0.0,0.3187968648246035,0.3054803844516728,0.0,0.4725348248821445,0.0,0.3192312895594597,0.1315802246060299,0.2662631203910036,0.4057068304045086,0.0,0.3969075843413584,0.478761028939061,0.3601495034102451,0.0,0.2380871428020764,0.0,0.0569592725951724
0.0,0.0,0.0,0.0,0.2670628041010263,0.4511443584292865,0.2579683844824985,0.4746087126705379,0.4534889692529385,0.2911220246444825,0.5632327224903406,0.0,0.3998634480395833,0.0596227183076407,0.0,0.0,0.0,0.0,0.4568580624952393,0.0,0.0,0.0,0.5719285422709508,0.0,0.0,0.0,0.5103653261931992,0.2251122376279595,0.3525841412265428,0.2707367774092553,0.0960326858443315,0.0,0.0,0.0,0.0,0.0,0.0,0.0,0.0,0.0,0.0,0.0,0.0,0.0,0.0,0.0,0.0,0.5963499278865813,0.0,0.2690345589174284,0.1518951968952292,0.255873498456373,0.3111042229174242,0.4084113588404527,0.0,0.4943593080637503,0.0,0.112496027167746,0.1130624165651596,0.0,0.0,0.0,0.0,0.4783173449532155,0.0,0.0,0.0,0.4570048220377639,0.0,0.0,0.0,0.4144162516621794,0.0,0.0,0.0,0.0
0.0,0.0,0.0,0.0,0.1712190240654041,0.0,0.0,0.0,0.0,0.021655764359171,0.0,0.0,0.0,0.3687352909166303,0.0,0.0,0.0,0.0,0.0,0.0,0.0,0.0,0.0,0.0,0.0,0.0,0.0,0.0431323835739739,0.0,0.0,0.0,0.0051455266041446,0.0,0.1874053322777558,0.2815164970227959,0.3703978917520687,0.4478444208028707,0.0,0.0,0.0,0.0,0.0,0.0,0.0,0.0,0.0,0.0,0.0,0.0,0.0,0.0,0.0,0.0,0.0,0.0,0.0,0.0,0.0,0.0,0.0,0.0,0.0,0.0,0.0,0.0,0.0,0.0,0.0,0.0,0.0,0.0,0.0,0.0,0.0,0.0,0.0
0.0,0.4706423347227287,0.2670628041010263,0.1712190240654041,0.0,0.4148242681953403,0.1892462614535123,0.4034027649853825,0.3951387896743137,0.4238861217796943,0.2802494473235598,0.417486530291174,0.2215977731537247,0.4324336832414463,0.0,0.154849624009008,0.0,0.0,0.1661883937161532,0.219586649281293,0.0,0.1256874069241478,0.3719251734623325,0.0,0.4427957548761502,0.4499052760245419,0.3697948542210861,0.3030776263470899,0.162625812633421,0.0,0.039596827051958,0.0,0.0,0.0,0.0,0.194744200962442,0.1516741242145451,0.0179639740756787,0.0,0.0,0.0,0.0,0.2813090952844985,0.0,0.0,0.0,0.0,0.3781859445201475,0.0,0.0,0.5304421633613983,0.0,0.4394864992380805,0.4855786783450524,0.0,0.4259093377865612,0.0,0.0,0.0,0.0,0.0,0.0,0.0,0.2285612328828682,0.0,0.0,0.0,0.4922261334883434,0.0,0.0,0.0,0.4992276605716119,0.0,0.0,0.0,0.0
0.2308096620060397,0.4418610661232443,0.4511443584292865,0.0,0.4148242681953403,0.0,0.3279032023869128,0.555171405173811,0.5181287777437059,0.3351777531974415,0.4657838070896002,0.4801766073667159,0.5447221088214816,0.1044744905644244,0.4154962760677564,0.3715826615295452,0.0,0.4834295626839115,0.3057514285389484,0.4814404075577291,0.3269069009312851,0.4256328008415166,0.6087954191809581,0.0,0.4468583691855654,0.4048955485554373,0.5992963244495976,0.3221487748890052,0.471822486305728,0.2681314347772904,0.0167497489414551,0.0,0.1598046223998946,0.0,0.0,0.0,0.0,0.0,0.0,0.0,0.0,0.0,0.0,0.0,0.0,0.0,0.0,0.4516615665911386,0.0,0.4311904500749461,0.4232362098791582,0.3588281920111676,0.413600861179918,0.5182783606327455,0.0,0.394448470075218,0.0,0.3084685239972873,0.0,0.3305491696909649,0.0,0.0,0.0,0.3426253343475388,0.2576375839449831,0.3774255190035818,0.2729393856285979,0.5355547894027723,0.0,0.0,0.3311002686392883,0.5049782868821359,0.2162873336221985,0.0,0.0,0.0
0.0,0.0738779690839978,0.2579683844824985,0.0,0.1892462614535123,0.3279032023869128,0.0,0.1708298667262301,0.3571319834677156,0.274844097610199,0.3029320038318534,0.1372039934451367,0.435153036758941,0.0,0.0,0.1544132762417654,0.1771243311152511,0.1011812975631396,0.1806948905907268,0.3493567265579732,0.0,0.281074970884575,0.2814503676448432,0.1313536701547211,0.1848816317196646,0.0,0.3470689990728144,0.1425081776593032,0.2670710450517111,0.0,0.0090590161250545,0.0692358654489191,0.2635511265731451,0.0,0.0,0.0,0.0,0.1796775175505817,0.0,0.0,0.0,0.0,0.0,0.0,0.0,0.0,0.0,0.0,0.0,0.0,0.031464118164878,0.0,0.0,0.0,0.0,0.0,0.0,0.0,0.0,0.0,0.0,0.0,0.0,0.0,0.0,0.0,0.0,0.1633747262873576,0.0,0.0,0.0,0.1460910617182799,0.0,0.0,0.0,0.0
0.1819656882835745,0.3755840280870229,0.4746087126705379,0.0,0.4034027649853825,0.555171405173811,0.1708298667262301,0.0,0.4618744599473777,0.3724109846094846,0.4753369970610282,0.0,0.4062501082858572,0.2283021911016443,0.4061399957718444,0.2959692299503282,0.0,0.40920020979101,0.2962344811724751,0.4007386156541662,0.2794094875933244,0.3489059942946195,0.5923256787381374,0.4026251079991551,0.3715553569060369,0.4594151860481605,0.5098977755485404,0.2801275869986731,0.3628337186205664,0.2504204576354357,0.0549046730262901,0.0,0.1185515090721434,0.0,0.0,0.0244454384910786,0.0,0.0,0.0,0.0,0.0,0.0,0.0957726208219774,0.0,0.0,0.0,0.0,0.4971486248678997,0.0,0.3985262633055346,0.3712401810639864,0.2121868226814385,0.5350047904939284,0.512086913826622,0.0,0.4958376805638707,0.0,0.2540345711361261,0.321662578757822,0.3612952928675397,0.0,0.0,0.0,0.3954452925950077,0.3006175929519947,0.3583259021466111,0.3043081467448141,0.5569454162633626,0.0,0.0,0.0,0.4735023239616546,0.2477823579669233,0.0343220486611582,0.0,0.016609137366971
0.0,0.2338690931959913,0.4534889692529385,0.0,0.3951387896743137,0.5181287777437059,0.3571319834677156,0.4618744599473777,0.0,0.2787238813871752,0.5267177882826132,0.358725610338636,0.4337470864005453,0.0237346366982232,0.0,0.2060323587811472,0.0,0.0,0.2852940678397497,0.4290618085659857,0.0,0.3809046152271534,0.5223533534651528,0.0,0.2637290066356119,0.2326678092333246,0.5915154702396008,0.1813078402789307,0.2613767641023065,0.2307375044369433,0.022018813329954,0.0,0.1216075835562837,0.0,0.0,0.0,0.0,0.0734906080235531,0.0,0.0,0.0,0.0,0.0,0.0,0.0,0.0,0.0,0.3875964484319335,0.0,0.424917685006926,0.2648485578289715,0.3172251490161245,0.3154059852009894,0.6008689985080317,0.0,0.3770005826149591,0.0,0.128042909129412,0.1560805099282931,0.0,0.0,0.0,0.0,0.2698799195941171,0.0,0.0,0.0,0.4442222791676574,0.0,0.0,0.0,0.460208762178755,0.0,0.0,0.0,0.0
0.1550913471396521,0.0,0.2911220246444825,0.021655764359171,0.4238861217796943,0.3351777531974415,0.274844097610199,0.3724109846094846,0.2787238813871752,0.0,0.2419490210735927,0.4657788021573245,0.2764782043923487,0.2270110509700057,0.0,0.347141333276399,0.547524894471144,0.383417146091158,0.191347623415029,0.0,0.2273169485814623,0.2573339859865056,0.3848242709786847,0.4367247739813936,0.5063818865495135,0.4426624839259833,0.3005062431831491,0.3576282957087777,0.0,0.0,0.2433141123770865,0.0679604286274096,0.0603064221960708,0.0,0.0,0.0782364547190404,0.136660342586981,0.2008931854557146,0.1037605629722319,0.096002271236161,0.0,0.0,0.0,0.0,0.1639942912037264,0.1284299284007327,0.0,0.0,0.0,0.0,0.0,0.0,0.0,0.0,0.4931830996360543,0.0,0.4385138056586367,0.3587386877009125,0.0,0.0,0.3490902283865291,0.4409963153627086,0.4015265958137386,0.0,0.0,0.0,0.0,0.0,0.365192501862205,0.4290486158552596,0.4171519866801885,0.0,0.3706142685079371,0.0,0.0,0.2679904644670352
0.0,0.0,0.5632327224903406,0.0,0.2802494473235598,0.4657838070896002,0.3029320038318534,0.4753369970610282,0.5267177882826132,0.2419490210735927,0.0,0.2886486873074846,0.3826443083572933,0.0618561946012415,0.0,0.0,0.0,0.0,0.4526662638035715,0.0,0.0,0.0,0.540011380244964,0.2795021547370493,0.0,0.0,0.538040189078236,0.1146625105028286,0.0,0.0,0.014150134184011,0.0,0.2188828899264912,0.0,0.0,0.0,0.0,0.0058672893193243,0.0,0.0,0.0,0.0,0.0,0.0,0.0,0.0,0.0,0.470255407389802,0.0,0.2896470331474631,0.1222010189449483,0.2535508695568652,0.2970233922937667,0.4718464347604919,0.0,0.5001044848967138,0.0,0.0090951843142674,0.1778269967806566,0.0,0.0,0.0,0.0,0.4233057546889583,0.0,0.0,0.0,0.4058611336326888,0.0,0.0,0.0,0.4400518948598615,0.0,0.0,0.0,0.0
0.1575470260579533,0.0,0.0,0.0,0.417486530291174,0.4801766073667159,0.1372039934451367,0.0,0.358725610338636,0.4657788021573245,0.2886486873074846,0.0,0.3886798839794474,0.0,0.0,0.0,0.5604557659034217,0.5294261725807977,0.0,0.0,0.2509274012512067,0.0,0.4747344455634473,0.4701137487512225,0.4865213614986762,0.5181427969389427,0.0,0.409524704395697,0.0,0.0,0.1814187858171192,0.0,0.0521631164893713,0.0,0.0,0.1042682431146294,0.0,0.0,0.0,0.0950400664140848,0.0,0.0,0.0,0.0,0.031652900708955,0.0,0.0,0.0,0.0,0.0,0.0,0.0,0.0,0.0,0.4291649059843472,0.0,0.6292029336936659,0.0,0.0,0.0,0.0,0.4363434495256649,0.4766492352466929,0.0,0.0,0.0,0.0,0.0,0.4294005653979477,0.3879370043140306,0.4590816254779182,0.0,0.3826495496691205,0.0,0.0,0.1365455738587923
0.0,0.2871887437945256,0.3998634480395833,0.0,0.2215977731537247,0.5447221088214816,0.435153036758941,0.4062501082858572,0.4337470864005453,0.2764782043923487,0.3826443083572933,0.3886798839794474,0.0,0.0,0.4360049081896353,0.4571807011553285,0.4035940506325262,0.4626440780193009,0.2319167109313119,0.5428457235888327,0.4997759810668476,0.5221997255938086,0.4927661637658246,0.3304199005499281,0.3451157737814035,0.2645140612043392,0.5215413285281275,0.3949147283086341,0.5659426214712778,0.4027525390503049,0.1160795646203595,0.0,0.3236189461798619,0.0,0.0,0.0,0.0,0.0236694496080023,0.0,0.0,0.1713438767982321,0.0,0.0,0.0,0.0,0.0,0.0,0.295386504868216,0.0,0.0,0.1531087204074484,0.0,0.2166031745121357,0.0,0.0,0.0,0.0,0.0,0.0,0.0,0.0,0.0,0.0,0.0,0.2016904150159701,0.0,0.0,0.3434325791194886,0.0,0.0,0.0,0.2712876336179859,0.0,0.0,0.0,0.0
0.0,0.0,0.0596227183076407,0.3687352909166303,0.4324336832414463,0.1044744905644244,0.0,0.2283021911016443,0.0237346366982232,0.2270110509700057,0.0618561946012415,0.0,0.0,0.0,0.0,0.0,0.0,0.0,0.0897400434295251,0.0,0.0,0.0,0.1223336177930208,0.0,0.0,0.0,0.0323415493890439,0.189704670525511,0.0,0.0,0.0423433259866676,0.0,0.0,0.0480575167006603,0.0,0.3733054340003987,0.3027981063395918,0.0,0.0,0.0,0.0,0.0,0.3563212159773744,0.0,0.0,0.0,0.0,0.2130965104471271,0.0,0.0,0.0,0.0,0.0,0.1830801723719888,0.0,0.3530816701152753,0.0,0.0,0.0,0.0,0.0,0.0,0.0,0.1759629373795652,0.0,0.0,0.0,0.2438515861288349,0.0,0.0,0.0,0.2405458029653578,0.0,0.0,0.0,0.0
0.4197805455468421,0.2838547860248143,0.0,0.0,0.0,0.4154962760677564,0.0,0.4061399957718444,0.0,0.0,0.0,0.0,0.4360049081896353,0.0,0.0,0.4654439194316413,0.0,0.4144006041583022,0.0,0.5712872023029565,0.486604761561782,0.5748562269881011,0.4955799127189095,0.4451129477321298,0.3345617794755975,0.4077715937290588,0.4345001699599195,0.4298922694794639,0.4258329119672137,0.4344928605250315,0.3652048516970175,0.0,0.2443983898958514,0.0,0.0,0.0,0.0,0.0,0.0,0.3120232562119106,0.1669295113136714,0.0,0.0,0.0,0.0,0.4263448701512446,0.3765227682346921,0.0,0.0,0.0,0.1412158582355473,0.0,0.2688612598106961,0.0,0.0,0.0,0.0,0.0,0.0,0.5605508837927125,0.4186664737797481,0.0,0.0,0.0,0.4680657241760977,0.5228209730268085,0.5569389862199612,0.3970977481529464,0.0,0.4002695872232008,0.425352632299931,0.3437241250855911,0.4113226898224014,0.144004082755076,0.0,0.2865421010714758
0.3540157022841386,0.3872309337164112,0.0,0.0,0.154849624009008,0.3715826615295452,0.1544132762417654,0.2959692299503282,0.2060323587811472,0.347141333276399,0.0,0.0,0.4571807011553285,0.0,0.4654439194316413,0.0,0.4773818233662911,0.550304528698296,0.0,0.450758765490754,0.3918574998598637,0.4964254089623658,0.3589610553086942,0.424610270025238,0.4212123481298166,0.4463795850744982,0.3121215822463167,0.4614395668832826,0.5267337130362715,0.3549694296447471,0.346649892429762,0.0,0.2136821778538019,0.0,0.0,0.0,0.0,0.0,0.0,0.3081349045367105,0.1557255902525969,0.0,0.0,0.0,0.0,0.3766397142722021,0.4156733644137366,0.0,0.0,0.0,0.0,0.0,0.0,0.0,0.0,0.0,0.0,0.0,0.0,0.4720505610583718,0.4916588035966339,0.0,0.526948413577594,0.0,0.3802259803568679,0.4287336083542759,0.4221858801274082,0.0,0.0,0.4408516392237331,0.4502295791928036,0.2016929682340031,0.0,0.0,0.0,0.2039256166912161
0.1372350614926619,0.0,0.0,0.0,0.0,0.0,0.1771243311152511,0.0,0.0,0.547524894471144,0.0,0.5604557659034217,0.4035940506325262,0.0,0.0,0.4773818233662911,0.0,0.5714523557856767,0.0,0.3804426619595759,0.0,0.3302258172746474,0.0,0.4461435273584267,0.5198248675620001,0.5463723589391842,0.0,0.4313599654513116,0.4159888170116816,0.0,0.2054549085951036,0.0,0.0573541262263235,0.0,0.0,0.0,0.0,0.0672076089852849,0.0,0.1305484682732277,0.0,0.0,0.0,0.0,0.0,0.0,0.0,0.0,0.0,0.0,0.0,0.0,0.0,0.0,0.45311680153388,0.0,0.5389225417916628,0.0,0.0,0.0,0.0,0.5026157052528865,0.5240305975989807,0.0,0.0,0.0,0.0,0.0,0.3864019453074188,0.4586602763704571,0.4920312976498795,0.0,0.0,0.0,0.0,0.1746945798659756
0.1781420150301561,0.5259578500658001,0.0,0.0,0.0,0.4834295626839115,0.1011812975631396,0.40920020979101,0.0,0.383417146091158,0.0,0.5294261725807977,0.4626440780193009,0.0,0.4144006041583022,0.550304528698296,0.5714523557856767,0.0,0.0,0.4188015642007686,0.2743030187346412,0.4034896925623955,0.4051946604277563,0.3970877426827363,0.5448944164618188,0.5604044347593778,0.3596941871421459,0.4760404061347063,0.5491056764265327,0.2939384850271619,0.2149613843192095,0.0,0.1217940674781837,0.0,0.0,0.0,0.0,0.0,0.0,0.2230441507845127,0.0,0.0,0.0,0.0,0.0,0.2117341824818477,0.454543833297585,0.0,0.0,0.0,0.0,0.0,0.0,0.0,0.3591442960429307,0.0,0.4985499820310614,0.0,0.0,0.0,0.4076594233494893,0.4895468318384763,0.5680303980613024,0.0,0.0,0.0,0.3662718486885218,0.0,0.3764270805854784,0.4338459352225995,0.4874287759634224,0.0,0.0,0.0,0.0,0.1016676153541044
0.0,0.0,0.4568580624952393,0.0,0.1661883937161532,0.3057514285389484,0.1806948905907268,0.2962344811724751,0.2852940678397497,0.191347623415029,0.4526662638035715,0.0,0.2319167109313119,0.0897400434295251,0.0,0.0,0.0,0.0,0.0,0.0,0.0,0.0,0.3559489449631031,0.0,0.0,0.0,0.3208235005227109,0.1431439540425523,0.0,0.0,0.1429607033599602,0.0,0.0,0.0,0.0,0.0,0.0,0.0,0.0,0.0,0.0,0.0,0.0,0.0,0.0,0.0,0.0,0.3756357464262532,0.0,0.1709194399798402,0.138817551397905,0.2233736579768638,0.1646091942427344,0.2327215265744749,0.0,0.415059736767419,0.0,0.0,0.1293622608393295,0.0,0.0,0.0,0.0,0.574629208867714,0.0,0.0,0.0,0.2558425441571814,0.0,0.0,0.0,0.274307289146601,0.0,0.0,0.0,0.0
0.4972879632318881,0.2377210356473236,0.0,0.0,0.219586649281293,0.4814404075577291,0.3493567265579732,0.4007386156541662,0.4290618085659857,0.0,0.0,0.0,0.5428457235888327,0.0,0.5712872023029565,0.450758765490754,0.3804426619595759,0.4188015642007686,0.0,0.0,0.5533779999490243,0.6256759624847075,0.4915644868087526,0.0,0.347663390632993,0.3403970083432135,0.533167121644369,0.4147739222627001,0.5188988309841629,0.4998320582822826,0.3151809659539654,0.0,0.3199575928843897,0.0,0.0,0.0,0.0,0.0,0.0,0.4174974900275979,0.2261242611111521,0.0,0.0,0.0,0.0,0.0,0.2981971509874704,0.0,0.0,0.0,0.0927373242655749,0.0,0.2221675929987177,0.0,0.0,0.0,0.0,0.1841758479904528,0.0,0.428739099333225,0.0,0.0,0.0,0.0,0.4390459536535937,0.560151286085516,0.4954645339763689,0.3587482863831367,0.0,0.0,0.3389096200302483,0.3653765133063376,0.3376580614016014,0.0900340246361396,0.0,0.1891461757938869
0.5524842122698312,0.084781293405715,0.0,0.0,0.0,0.3269069009312851,0.0,0.2794094875933244,0.0,0.2273169485814623,0.0,0.2509274012512067,0.4997759810668476,0.0,0.486604761561782,0.3918574998598637,0.0,0.2743030187346412,0.0,0.5533779999490243,0.0,0.5620182331394057,0.3908410996512316,0.4183940709065277,0.1928400468050503,0.1890767215432173,0.3641908659842333,0.3183414949432038,0.4583449364561596,0.5177941252323869,0.3254396912996108,0.0411592349591432,0.4147984500329001,0.0,0.0,0.0,0.0,0.0,0.006344157925416,0.458053389506061,0.3821533305870636,0.0907574316250908,0.0,0.0,0.0,0.5662018194948102,0.1451472120109093,0.0,0.0,0.0,0.0,0.0,0.0866684273894953,0.0,0.0,0.0,0.0,0.0,0.0,0.3389186769576799,0.3136286373376891,0.0,0.0,0.0,0.2515985555070091,0.5621004866202355,0.3740813350234642,0.1826182114359574,0.0,0.3207701045661105,0.1985771835266399,0.1089486864048726,0.1992600325290043,0.0,0.0,0.1977731004164353
0.5407044120451643,0.2210722577542755,0.0,0.0,0.1256874069241478,0.4256328008415166,0.281074970884575,0.3489059942946195,0.3809046152271534,0.2573339859865056,0.0,0.0,0.5221997255938086,0.0,0.5748562269881011,0.4964254089623658,0.3302258172746474,0.4034896925623955,0.0,0.6256759624847075,0.5620182331394057,0.0,0.4423788368478293,0.0,0.2925953309490072,0.3151617745380171,0.4727408606163095,0.4001855338723117,0.4885226834135709,0.5166903693513599,0.3300744967514611,0.0,0.3204298459594865,0.0,0.0,0.0,0.0,0.0,0.0,0.4170053985466496,0.2688533407503495,0.0268563559796986,0.0,0.0,0.0,0.5514563811088659,0.2740680898235965,0.0,0.0,0.0,0.0224315533935802,0.0,0.0,0.0,0.0,0.0,0.0,0.0,0.0,0.451807624099512,0.4326047275688492,0.0,0.4197815849459627,0.0,0.3980730323192699,0.58288498019614,0.5079693099709515,0.2912889752709651,0.0,0.3799186337151505,0.3278976019095304,0.2779076792397315,0.3160561617563539,0.0581665147197345,0.0,0.1785040498985601
0.3158525723145473,0.3313506078023663,0.5719285422709508,0.0,0.3719251734623325,0.6087954191809581,0.2814503676448432,0.5923256787381374,0.5223533534651528,0.3848242709786847,0.540011380244964,0.4747344455634473,0.4927661637658246,0.1223336177930208,0.4955799127189095,0.3589610553086942,0.0,0.4051946604277563,0.3559489449631031,0.4915644868087526,0.3908410996512316,0.4423788368478293,0.0,0.4208606586470828,0.3696252148011942,0.4166585409501579,0.5804304447331172,0.3459380477335927,0.4155849546499618,0.3309821430602769,0.1664041593775428,0.0,0.1897339463427363,0.0,0.0,0.0,0.0,0.0486686504281036,0.0,0.2244683839335169,0.0179089741083237,0.0,0.0,0.0,0.0,0.0,0.34999622193939,0.5734998346666671,0.0,0.3979528877698064,0.30953492020882,0.2876107166780512,0.4499479287897478,0.5051472929602897,0.0,0.4986658374293903,0.0,0.2193807927535125,0.2120771592354685,0.4315275267279508,0.0,0.0,0.0,0.4216429232944745,0.3265056786498829,0.4638815583628562,0.381751913297959,0.5881240628083482,0.0,0.0,0.3826091212090862,0.5053555896717445,0.2619885469340299,0.0336289486132158,0.0,0.075408169704124
0.3720937892453881,0.0,0.0,0.0,0.0,0.0,0.1313536701547211,0.4026251079991551,0.0,0.4367247739813936,0.2795021547370493,0.4701137487512225,0.3304199005499281,0.0,0.4451129477321298,0.424610270025238,0.4461435273584267,0.3970877426827363,0.0,0.0,0.4183940709065277,0.0,0.4208606586470828,0.0,0.3546037787487759,0.4574371084852863,0.3249060713729197,0.4129215905752794,0.0,0.0,0.3721260079142421,0.0249471434946118,0.2241427828886238,0.0,0.0,0.0067526266431157,0.0,0.2016767027814957,0.0663310874064145,0.2238159862855051,0.1611420809715772,0.0,0.0,0.0,0.1796263729775748,0.3646165370993821,0.3276081045971479,0.0,0.0,0.0,0.0,0.0,0.0,0.0,0.4572490959908799,0.0,0.4571199993636064,0.0,0.0,0.0,0.4478605814947325,0.4759302430792299,0.4251270197817332,0.0,0.0,0.0,0.0,0.0,0.5828635229447252,0.360264623064569,0.4496667592839591,0.0,0.4189451538685324,0.0,0.0,0.3642101005294163
0.0998876225306291,0.5823778201428107,0.0,0.0,0.4427957548761502,0.4468583691855654,0.1848816317196646,0.3715553569060369,0.2637290066356119,0.5063818865495135,0.0,0.4865213614986762,0.3451157737814035,0.0,0.3345617794755975,0.4212123481298166,0.5198248675620001,0.5448944164618188,0.0,0.347663390632993,0.1928400468050503,0.2925953309490072,0.3696252148011942,0.3546037787487759,0.0,0.538284719248529,0.3322091820696775,0.4226898858320947,0.4254696276057699,0.0,0.2306924266504612,0.0,0.0079730527219061,0.0,0.0,0.0,0.0,0.0128383509463573,0.0,0.0626457951554781,0.0,0.0,0.0,0.0,0.0,0.1271311586261873,0.4882551888837979,0.0,0.0,0.0,0.0,0.0,0.0,0.0,0.3784195789380079,0.0,0.465769537901513,0.0,0.0,0.3459990152663663,0.3521708827052967,0.4182008258399966,0.5125501681659449,0.0,0.3960555354735118,0.217632962662322,0.341289859509232,0.0,0.3322920907289712,0.4856331604584992,0.5037174969177155,0.0,0.0,0.28328218486516,0.0,0.1564139824714991
0.1265927878355559,0.542248206675974,0.0,0.0,0.4499052760245419,0.4048955485554373,0.0,0.4594151860481605,0.2326678092333246,0.4426624839259833,0.0,0.5181427969389427,0.2645140612043392,0.0,0.4077715937290588,0.4463795850744982,0.5463723589391842,0.5604044347593778,0.0,0.3403970083432135,0.1890767215432173,0.3151617745380171,0.4166585409501579,0.4574371084852863,0.538284719248529,0.0,0.3202909204611703,0.4391334696885481,0.3978168209869808,0.0,0.2938072269263385,0.0,0.0,0.0,0.0,0.2265403456324822,0.0,0.0,0.0,0.0525382154881564,0.0,0.0,0.0,0.0,0.0352986942163605,0.1158244404439003,0.5179195839614805,0.0,0.0,0.0,0.4002039481469006,0.0,0.0,0.0,0.346526657115668,0.0,0.4810292533079668,0.0,0.0,0.4923470589619815,0.380219259703321,0.4279826975329461,0.516717045258593,0.0,0.4726440260923327,0.2638526665328762,0.429463595861235,0.4625344687457999,0.4491173035259633,0.3718018567662377,0.6085136251013626,0.3934012852226239,0.0,0.2961235542224534,0.0,0.2275114414188706
0.3203587176535385,0.3199655518799141,0.5103653261931992,0.0,0.3697948542210861,0.5992963244495976,0.3470689990728144,0.5098977755485404,0.5915154702396008,0.3005062431831491,0.538040189078236,0.0,0.5215413285281275,0.0323415493890439,0.4345001699599195,0.3121215822463167,0.0,0.3596941871421459,0.3208235005227109,0.533167121644369,0.3641908659842333,0.4727408606163095,0.5804304447331172,0.3249060713729197,0.3322091820696775,0.3202909204611703,0.0,0.2497898876688165,0.3899847597769788,0.3210476000172598,0.053007324977266,0.0,0.1854423317926654,0.0,0.0,0.0,0.0,0.0,0.0,0.2492384891405024,0.0109417773135192,0.0,0.0,0.0,0.0,0.0,0.3167799695094586,0.4472881265535731,0.0,0.3586575785790757,0.3019725847030228,0.3764747268005485,0.3411678458768094,0.5367826329975706,0.0,0.379582791524681,0.0,0.1878920181180085,0.19551528311927,0.3075347819834643,0.0,0.0,0.0,0.3150903396612532,0.281011735702362,0.4057184853161614,0.312033478860071,0.498881758114452,0.0,0.0,0.2739296229335449,0.5587181574169287,0.1657877035924055,0.0,0.0,0.0
0.2387935685611762,0.3545214053263989,0.2251122376279595,0.0431323835739739,0.3030776263470899,0.3221487748890052,0.1425081776593032,0.2801275869986731,0.1813078402789307,0.3576282957087777,0.1146625105028286,0.409524704395697,0.3949147283086341,0.189704670525511,0.4298922694794639,0.4614395668832826,0.4313599654513116,0.4760404061347063,0.1431439540425523,0.4147739222627001,0.3183414949432038,0.4001855338723117,0.3459380477335927,0.4129215905752794,0.4226898858320947,0.4391334696885481,0.2497898876688165,0.0,0.4367696463969836,0.3219575145320658,0.4200062778280932,0.0073526707677871,0.105530173416704,0.0457688456640907,0.0,0.0868164238523286,0.0703618925842017,0.0544343827329118,0.0,0.1390698429220442,0.124431494171843,0.0,0.0,0.0,0.0,0.0,0.0,0.2854903939788002,0.0,0.0,0.2213651107644379,0.0,0.2542138598383667,0.0,0.0,0.0,0.3885244736413539,0.0,0.0,0.4449810945439081,0.0,0.0,0.0,0.0,0.4757790967014947,0.3823249233573866,0.4471084642906365,0.3292852966191031,0.0,0.0,0.0,0.2426298723274145,0.5356054046277178,0.2817030112000465,0.0,0.3487495499899779
0.356409102939519,0.3499854739904428,0.3525841412265428,0.0,0.162625812633421,0.471822486305728,0.2670710450517111,0.3628337186205664,0.2613767641023065,0.0,0.0,0.0,0.5659426214712778,0.0,0.4258329119672137,0.5267337130362715,0.4159888170116816,0.5491056764265327,0.0,0.5188988309841629,0.4583449364561596,0.4885226834135709,0.4155849546499618,0.0,0.4254696276057699,0.3978168209869808,0.3899847597769788,0.4367696463969836,0.0,0.4276525803952705,0.2534358287639387,0.0,0.3036654542875439,0.0,0.0,0.0,0.0,0.0,0.0,0.0,0.1478915543718507,0.0,0.0,0.0,0.0,0.0,0.3764528950284553,0.0,0.0,0.0,0.1610263636691791,0.0,0.2258297883306966,0.0,0.0,0.0,0.0,0.2868428615813383,0.0,0.3865825688946638,0.0,0.0,0.0,0.0,0.332321865484171,0.4353352120645765,0.3356104522404052,0.2901971040677151,0.0,0.0,0.3680398258018427,0.2337986421998237,0.2801829197356402,0.1908322081626161,0.0,0.0903892884084873
0.0,0.0,0.2707367774092553,0.0,0.0,0.2681314347772904,0.0,0.2504204576354357,0.2307375044369433,0.0,0.0,0.0,0.4027525390503049,0.0,0.4344928605250315,0.3549694296447471,0.0,0.2939384850271619,0.0,0.4998320582822826,0.5177941252323869,0.5166903693513599,0.3309821430602769,0.0,0.0,0.0,0.3210476000172598,0.3219575145320658,0.4276525803952705,0.0,0.3810394179946492,0.0,0.3549435495781992,0.0728521110494772,0.0,0.0,0.0,0.0,0.0,0.0,0.0,0.0,0.0,0.0,0.0,0.0,0.0,0.0,0.0,0.0,0.0,0.0,0.0,0.0,0.0,0.0,0.0,0.0,0.0,0.0,0.0,0.0,0.0,0.0,0.2499372550462872,0.0,0.0,0.1500291410151089,0.0,0.0,0.0,0.1217103016264953,0.0,0.0,0.0,0.0
0.3676266601771231,0.1233118950664827,0.0960326858443315,0.0,0.039596827051958,0.0167497489414551,0.0090590161250545,0.0549046730262901,0.022018813329954,0.2433141123770865,0.014150134184011,0.1814187858171192,0.1160795646203595,0.0423433259866676,0.3652048516970175,0.346649892429762,0.2054549085951036,0.2149613843192095,0.1429607033599602,0.3151809659539654,0.3254396912996108,0.3300744967514611,0.1664041593775428,0.3721260079142421,0.2306924266504612,0.2938072269263385,0.053007324977266,0.4200062778280932,0.2534358287639387,0.3810394179946492,0.0,0.1880038669554341,0.1518463993157364,0.2858489285660562,0.0510154962745927,0.0763600714254831,0.0774185154169173,0.1398096551467122,0.1654969644038976,0.1733026656032234,0.253151691987068,0.093764592491473,0.0,0.0,0.0,0.3597504611563883,0.2562178331637749,0.0,0.0,0.0,0.0,0.0,0.0434100976345812,0.0,0.2545202895653299,0.0,0.1537037979386166,0.0,0.0,0.3856865336439285,0.3233309321199565,0.3556963455524534,0.3076398831329485,0.0,0.4114124549101757,0.3580058651884101,0.416538512652347,0.1173099521683847,0.3759995433784965,0.1935669491708415,0.3538577454874188,0.0345036138293994,0.4147925659079828,0.3058037648555397,0.0,0.5073542052724568
0.0703499561785319,0.0,0.0,0.0051455266041446,0.0,0.0,0.0692358654489191,0.0,0.0,0.0679604286274096,0.0,0.0,0.0,0.0,0.0,0.0,0.0,0.0,0.0,0.0,0.0411592349591432,0.0,0.0,0.0249471434946118,0.0,0.0,0.0,0.0073526707677871,0.0,0.0,0.1880038669554341,0.0,0.1593754848975982,0.2171367972754073,0.2835629710519481,0.0,0.1422747376258854,0.3451238003474653,0.5888380980150246,0.1144408854500009,0.3317454474632533,0.3503340693379268,0.0,0.1604643495112404,0.1287455347596341,0.0442244493126528,0.0,0.0,0.0,0.0,0.0,0.0,0.0,0.0,0.0,0.0,0.0,0.0,0.0,0.0,0.0935938629698372,0.0282318360162233,0.0,0.0,0.086562321555851,0.0,0.1098624065444422,0.0,0.0,0.0,0.0,0.0,0.0571230018645711,0.0378455273866835,0.113550056890758,0.3712368224028544
0.4126828097168029,0.0,0.0,0.0,0.0,0.1598046223998946,0.2635511265731451,0.1185515090721434,0.1216075835562837,0.0603064221960708,0.2188828899264912,0.0521631164893713,0.3236189461798619,0.0,0.2443983898958514,0.2136821778538019,0.0573541262263235,0.1217940674781837,0.0,0.3199575928843897,0.4147984500329001,0.3204298459594865,0.1897339463427363,0.2241427828886238,0.0079730527219061,0.0,0.1854423317926654,0.105530173416704,0.3036654542875439,0.3549435495781992,0.1518463993157364,0.1593754848975982,0.0,0.0831429699231422,0.0,0.0,0.0,0.1129391576400083,0.1046294815315811,0.5292065639491395,0.4157026318937982,0.1841892260870745,0.0,0.0,0.1093767115750413,0.4074679749946144,0.0,0.0,0.0,0.0,0.0,0.0,0.0,0.0,0.2180997935405478,0.0,0.0603865424548686,0.0,0.0,0.108008411429971,0.1821297613389968,0.2151602845572891,0.103287437543652,0.0,0.0764915303409763,0.3226046385833716,0.1882380747341101,0.0,0.1761229194135055,0.1477805880821113,0.0,0.0,0.076564286703938,0.0,0.0,0.1229621322744039
0.0,0.0,0.0,0.1874053322777558,0.0,0.0,0.0,0.0,0.0,0.0,0.0,0.0,0.0,0.0480575167006603,0.0,0.0,0.0,0.0,0.0,0.0,0.0,0.0,0.0,0.0,0.0,0.0,0.0,0.0457688456640907,0.0,0.0728521110494772,0.2858489285660562,0.2171367972754073,0.0831429699231422,0.0,0.3519279010775845,0.2026789731919992,0.2060456209913329,0.0,0.2090218015274248,0.0795574577678498,0.227380813079197,0.1066116406717397,0.0111011654602878,0.1714895346432959,0.0,0.0283977996303007,0.0,0.0,0.0,0.0,0.0,0.0,0.0,0.0,0.0,0.0,0.0,0.0,0.0,0.0,0.0,0.0,0.0,0.0,0.1050552015363165,0.0,0.0316639843738122,0.0,0.0,0.0,0.0,0.0,0.1161078602726745,0.1972407722430449,0.0,0.2737211394530335
0.0,0.0,0.0,0.2815164970227959,0.0,0.0,0.0,0.0,0.0,0.0,0.0,0.0,0.0,0.0,0.0,0.0,0.0,0.0,0.0,0.0,0.0,0.0,0.0,0.0,0.0,0.0,0.0,0.0,0.0,0.0,0.0510154962745927,0.2835629710519481,0.0,0.3519279010775845,0.0,0.2271044036113462,0.3131875643428834,0.1261296201820428,0.3212089842758117,0.0,0.0427841965644623,0.1658721047829865,0.097704528864079,0.2214216427578587,0.0,0.0,0.0,0.0,0.0,0.0,0.0,0.0,0.0,0.0,0.0,0.0,0.0,0.0,0.0,0.0,0.0,0.0,0.0,0.0,0.0,0.0,0.0,0.0,0.0,0.0,0.0,0.0,0.0084644436450647,0.1481341055617417,0.0,0.0
0.0,0.0,0.0,0.3703978917520687,0.194744200962442,0.0,0.0,0.0244454384910786,0.0,0.0782364547190404,0.0,0.1042682431146294,0.0,0.3733054340003987,0.0,0.0,0.0,0.0,0.0,0.0,0.0,0.0,0.0,0.0067526266431157,0.0,0.2265403456324822,0.0,0.0868164238523286,0.0,0.0,0.0763600714254831,0.0,0.0,0.2026789731919992,0.2271044036113462,0.0,0.3738889011984418,0.0,0.0,0.0,0.0,0.0,0.4225407998519817,0.2939401032044391,0.0,0.0,0.0,0.0,0.0,0.0440379942189608,0.2345821963646365,0.0,0.2032660445177181,0.0,0.0,0.0448534288098681,0.0562884125022524,0.16029443244891,0.2515702882340679,0.0,0.0,0.0,0.0,0.0129618675301114,0.0749613307178592,0.0,0.0,0.0268948005748347,0.0,0.0,0.0,0.0178919829746476,0.1711982238787972,0.2467893345551847,0.0,0.0
0.0,0.0,0.0,0.4478444208028707,0.1516741242145451,0.0,0.0,0.0,0.0,0.136660342586981,0.0,0.0,0.0,0.3027981063395918,0.0,0.0,0.0,0.0,0.0,0.0,0.0,0.0,0.0,0.0,0.0,0.0,0.0,0.0703618925842017,0.0,0.0,0.0774185154169173,0.1422747376258854,0.0,0.2060456209913329,0.3131875643428834,0.3738889011984418,0.0,0.0765452094736723,0.1778222375619236,0.0,0.0,0.0,0.3283111749583893,0.4375168376543284,0.0,0.0,0.0,0.0,0.0,0.0,0.0,0.0,0.0,0.0,0.0,0.0,0.0,0.0,0.0,0.0,0.0,0.0,0.0,0.0,0.0,0.0,0.0,0.0,0.0,0.0,0.0,0.0,0.0,0.0,0.0,0.0
0.1237213047071769,0.0,0.0,0.0,0.0179639740756787,0.0,0.1796775175505817,0.0,0.0734906080235531,0.2008931854557146,0.0058672893193243,0.0,0.0236694496080023,0.0,0.0,0.0,0.0672076089852849,0.0,0.0,0.0,0.0,0.0,0.0486686504281036,0.2016767027814957,0.0128383509463573,0.0,0.0,0.0544343827329118,0.0,0.0,0.1398096551467122,0.3451238003474653,0.1129391576400083,0.0,0.1261296201820428,0.0,0.0765452094736723,0.0,0.3296960803879594,0.0493403291139853,0.2500157371317389,0.2408990189666222,0.0,0.0,0.3401597313492982,0.0,0.0,0.0,0.0,0.0,0.0,0.0,0.0,0.0,0.153406801430818,0.0,0.0,0.0,0.0,0.0,0.0,0.0,0.0,0.0,0.0,0.0,0.0,0.0,0.1457941185860284,0.1513637897531075,0.0,0.0,0.0,0.0,0.0,0.2632555516026528
0.0535559223599898,0.0,0.0,0.0,0.0,0.0,0.0,0.0,0.0,0.1037605629722319,0.0,0.0,0.0,0.0,0.0,0.0,0.0,0.0,0.0,0.0,0.006344157925416,0.0,0.0,0.0663310874064145,0.0,0.0,0.0,0.0,0.0,0.0,0.1654969644038976,0.5888380980150246,0.1046294815315811,0.2090218015274248,0.3212089842758117,0.0,0.1778222375619236,0.3296960803879594,0.0,0.0466757119985108,0.2464113093929091,0.3159382212658204,0.0,0.1588927576204796,0.1683819935868947,0.0110155350453647,0.0,0.0,0.0963836544419332,0.0,0.0,0.0,0.0,0.0,0.0,0.0,0.0,0.0,0.0,0.0,0.0951717995381421,0.0156975931138016,0.0,0.0,0.1055809736033376,0.0,0.1321818446563558,0.0,0.0,0.0,0.0,0.0,0.0605426029074902,0.0862480844800887,0.1731951152550785,0.363417956124627
0.4219145349452637,0.0,0.0,0.0,0.0,0.0,0.0,0.0,0.0,0.096002271236161,0.0,0.0950400664140848,0.0,0.0,0.3120232562119106,0.3081349045367105,0.1305484682732277,0.2230441507845127,0.0,0.4174974900275979,0.458053389506061,0.4170053985466496,0.2244683839335169,0.2238159862855051,0.0626457951554781,0.0525382154881564,0.2492384891405024,0.1390698429220442,0.0,0.0,0.1733026656032234,0.1144408854500009,0.5292065639491395,0.0795574577678498,0.0,0.0,0.0,0.0493403291139853,0.0466757119985108,0.0,0.3624766511923661,0.1350484951457843,0.0,0.0,0.1009024059730635,0.4354273419438893,0.0559240056028836,0.0,0.0,0.0,0.0,0.19521571152099,0.0,0.0354764908057891,0.2845833409547233,0.0,0.1183596408315113,0.0125762740401095,0.0,0.1978466202938463,0.2038338651912931,0.2877121251261389,0.1817086313665052,0.0,0.1038366895993648,0.3637911269973943,0.2247437021777358,0.0155723235836317,0.1776964273887003,0.2234025125054712,0.0513550557869816,0.0,0.1121936437818471,0.0,0.0,0.1032011772838238
0.3558463310024678,0.0,0.0,0.0,0.0,0.0,0.0,0.0,0.0,0.0,0.0,0.0,0.1713438767982321,0.0,0.1669295113136714,0.1557255902525969,0.0,0.0,0.0,0.2261242611111521,0.3821533305870636,0.2688533407503495,0.0179089741083237,0.1611420809715772,0.0,0.0,0.0109417773135192,0.124431494171843,0.1478915543718507,0.0,0.253151691987068,0.3317454474632533,0.4157026318937982,0.227380813079197,0.0427841965644623,0.0,0.0,0.2500157371317389,0.2464113093929091,0.3624766511923661,0.0,0.3348646557679285,0.0,0.0,0.0976976221944675,0.3630259660341689,0.0,0.0,0.2686206003588173,0.0,0.0,0.1612535894645287,0.0,0.0,0.1334415390290995,0.0,0.0,0.0,0.0,0.0697130216010841,0.2053881173667446,0.2108199365338378,0.0301288716621083,0.014145780093402,0.0834566508399366,0.2554666103364021,0.2030223790124498,0.0,0.1397033362768789,0.061476304457247,0.0,0.0,0.1104747711617827,0.0,0.0,0.2647794271295619
0.0,0.0,0.0,0.0,0.0,0.0,0.0,0.0,0.0,0.0,0.0,0.0,0.0,0.0,0.0,0.0,0.0,0.0,0.0,0.0,0.0907574316250908,0.0268563559796986,0.0,0.0,0.0,0.0,0.0,0.0,0.0,0.0,0.093764592491473,0.3503340693379268,0.1841892260870745,0.1066116406717397,0.1658721047829865,0.0,0.0,0.2408990189666222,0.3159382212658204,0.1350484951457843,0.3348646557679285,0.0,0.0,0.0,0.0902354104265889,0.0889856187195188,0.0,0.0,0.1965531910619514,0.0,0.0,0.0,0.0,0.0,0.0,0.0,0.0,0.0,0.0,0.0,0.0580607906367147,0.0,0.0,0.0,0.0,0.0,0.0453786869261039,0.0,0.0,0.0,0.0,0.0,0.0,0.0,0.0,0.1331133483158892
0.0,0.0,0.0,0.0,0.2813090952844985,0.0,0.0,0.0957726208219774,0.0,0.0,0.0,0.0,0.0,0.3563212159773744,0.0,0.0,0.0,0.0,0.0,0.0,0.0,0.0,0.0,0.0,0.0,0.0,0.0,0.0,0.0,0.0,0.0,0.0,0.0,0.0111011654602878,0.097704528864079,0.4225407998519817,0.3283111749583893,0.0,0.0,0.0,0.0,0.0,0.0,0.2639739128078617,0.0,0.0,0.0,0.0531210616257934,0.0,0.2200140985523054,0.3311559981300869,0.0,0.2914195646402223,0.1521689077778943,0.0,0.1703685196337318,0.1264490353565299,0.1972295178362653,0.3804085627111816,0.0473478882266881,0.0,0.0,0.0,0.0,0.0998382799404987,0.0,0.0,0.1185807793673211,0.007350102562861,0.0,0.2296078183623828,0.1956160937319361,0.1176891104244184,0.2323008917153496,0.0,0.0
0.0,0.0,0.0,0.0,0.0,0.0,0.0,0.0,0.0,0.0,0.0,0.0,0.0,0.0,0.0,0.0,0.0,0.0,0.0,0.0,0.0,0.0,0.0,0.0,0.0,0.0,0.0,0.0,0.0,0.0,0.0,0.1604643495112404,0.0,0.1714895346432959,0.2214216427578587,0.2939401032044391,0.4375168376543284,0.0,0.1588927576204796,0.0,0.0,0.0,0.2639739128078617,0.0,0.0,0.0,0.0,0.0,-0.006541139010082,0.141634060715828,0.2185747011077467,0.0157790618383903,0.0636707243197668,0.0,0.0,0.0242003992607161,0.0169996181770177,0.2638704503562854,0.0466012940659854,0.0,0.0,0.0,0.0,0.0,0.0,0.0,0.0,0.0798685038305515,0.0,0.0,0.0,0.0099990648181121,0.240791837553712,0.242825676974237,0.0,0.2345986927435493
0.0,0.0,0.0,0.0,0.0,0.0,0.0,0.0,0.0,0.1639942912037264,0.0,0.031652900708955,0.0,0.0,0.0,0.0,0.0,0.0,0.0,0.0,0.0,0.0,0.0,0.1796263729775748,0.0,0.0352986942163605,0.0,0.0,0.0,0.0,0.0,0.1287455347596341,0.1093767115750413,0.0,0.0,0.0,0.0,0.3401597313492982,0.1683819935868947,0.1009024059730635,0.0976976221944675,0.0902354104265889,0.0,0.0,0.0,0.0960787789403773,0.0,0.0,0.0,0.1040988430884029,0.0,0.0556836714770969,0.0,0.2152930069380035,0.1711964708750075,0.145303179610502,0.072508963268704,4.655396257960908e-05,0.0,0.0,0.0,0.1066952071564547,0.0282791990292718,0.0,0.0,0.0,0.0,0.0,0.1244585315165592,0.0991377207351329,0.0241814686588159,0.0,0.0750261987952943,0.0,0.0,0.0886833145901195
0.5991415108121136,0.0,0.0,0.0,0.0,0.0,0.0,0.0,0.0,0.1284299284007327,0.0,0.0,0.0,0.0,0.4263448701512446,0.3766397142722021,0.0,0.2117341824818477,0.0,0.0,0.5662018194948102,0.5514563811088659,0.0,0.3646165370993821,0.1271311586261873,0.1158244404439003,0.0,0.0,0.0,0.0,0.3597504611563883,0.0442244493126528,0.4074679749946144,0.0283977996303007,0.0,0.0,0.0,0.0,0.0110155350453647,0.4354273419438893,0.3630259660341689,0.0889856187195188,0.0,0.0,0.0960787789403773,0.0,0.0998197584130683,0.0,0.0,0.0,0.0,0.0,0.0108183498060835,0.0,0.3854922279965742,0.0,0.2152496042886449,0.0,0.0,0.291560798067706,0.3031970456380856,0.3644987539845178,0.2578013076834871,0.0,0.2062035478280774,0.5001867996984486,0.3596063576493744,0.1093108645808331,0.3460099016173075,0.3163301724667396,0.1794483231182631,0.0620995750613172,0.1762206053241832,0.0,0.0,0.1827703204919228
0.0539941911634401,0.5312507741891612,0.0,0.0,0.0,0.0,0.0,0.0,0.0,0.0,0.0,0.0,0.0,0.0,0.3765227682346921,0.4156733644137366,0.0,0.454543833297585,0.0,0.2981971509874704,0.1451472120109093,0.2740680898235965,0.34999622193939,0.3276081045971479,0.4882551888837979,0.5179195839614805,0.3167799695094586,0.0,0.3764528950284553,0.0,0.2562178331637749,0.0,0.0,0.0,0.0,0.0,0.0,0.0,0.0,0.0559240056028836,0.0,0.0,0.0,0.0,0.0,0.0998197584130683,0.0,0.0,0.0,0.0,0.4691013263070375,0.2255171945121556,0.3559088229797531,0.2970256019700139,0.3720024384025346,0.0,0.0,0.5006959882510876,0.0,0.424205261306155,0.4977655757156365,0.4494252382775327,0.5670483912830329,0.0,0.4517182782121742,0.2507545143398462,0.4109247621019358,0.4523109049294025,0.0,0.5194309683458883,0.5778657647613658,0.4207458890686955,0.4412051946547013,0.4290742703411776,0.0,0.2270824918435491
0.0,0.0,0.5963499278865813,0.0,0.3781859445201475,0.4516615665911386,0.0,0.4971486248678997,0.3875964484319335,0.0,0.470255407389802,0.0,0.295386504868216,0.2130965104471271,0.0,0.0,0.0,0.0,0.3756357464262532,0.0,0.0,0.0,0.5734998346666671,0.0,0.0,0.0,0.4472881265535731,0.2854903939788002,0.0,0.0,0.0,0.0,0.0,0.0,0.0,0.0,0.0,0.0,0.0,0.0,0.0,0.0,0.0531210616257934,0.0,0.0,0.0,0.0,0.0,0.0,0.3589923184634052,0.3138277475879861,0.222181777838097,0.4250091418592148,0.4248439222062315,0.3662882210660709,0.560198407708205,0.0,0.2340995955112233,0.2243703308055819,0.0,0.0,0.0,0.0,0.4853902298438257,0.0,0.3172744547389917,0.0,0.554242529083211,0.0,0.0,0.3852790757274466,0.4805526723737512,0.2496597779317383,0.0643819209065848,0.0227902364295164,0.0997691420513851
0.0,0.0,0.0,0.0,0.0,0.0,0.0,0.0,0.0,0.0,0.0,0.0,0.0,0.0,0.0,0.0,0.0,0.0,0.0,0.0,0.0,0.0,0.0,0.0,0.0,0.0,0.0,0.0,0.0,0.0,0.0,0.0,0.0,0.0,0.0,0.0,0.0,0.0,0.0963836544419332,0.0,0.2686206003588173,0.1965531910619514,0.0,-0.006541139010082,0.0,0.0,0.0,0.0,0.0,0.0,0.0,0.2422906559423935,0.0,0.0,0.0,0.0,0.0,0.0,0.0,0.0,0.0,0.0,0.0,0.0,0.0,0.0,0.0,0.0,0.0,0.0,0.0,0.0,-0.0032283784620383,0.0,0.0,0.0217102278450604
