0.0,0.0,0.0,0.0,0.0,0.3534704063759578,0.0,0.2786689483666106,0.0,0.2375125938073296,0.0,0.241273310831204,0.5972891339601508,0.0,0.6428673684348654,0.5421526684033274,0.2101668211514101,0.2728132344983613,0.0,0.761565078869394,0.8460946449555823,0.828054625589618,0.48370824739561,0.5698381157505253,0.1529715793566122,0.1938688518131811,0.4906091241193959,0.3656972545502681,0.5458180102045543,0.0,0.5629969899788834,0.1077365106071937,0.6319976347054018,0.0,0.0,0.0,0.0,0.1894713569272726,0.0820175094746661,0.64613543829514,0.5449561605594504,0.0,0.0,0.0,0.0,0.9175473481605,0.0826886904413166,0.0,0.0,0.0,0.0,0.0,0.0,0.0,0.562138164637072,0.0,0.0,0.0,0.0,0.0,0.4445679007127057,0.0,0.2976891185945312,0.0,0.0,0.7509454934492918,0.5800162335732068,0.0,0.5114007150095415,0.404322182893964,0.2194139418499827,0.0,0.0,0.0,0.0,0.316489707096367
0.0,0.0,0.0,0.0,0.7207589832518331,0.6766822898436985,0.1131394393431754,0.575183195895695,0.35815573183674,0.0,0.0,0.0,0.4398114060450182,0.0,0.4347056604819521,0.5930196955901255,0.7934527308626969,0.8054711981447231,0.0,0.3640547381945138,0.1298371912715388,0.3385581873293044,0.5074425090131547,0.0,0.8918748156428435,0.830418849473361,0.4900070155916667,0.5429271206437567,0.5359806285485866,0.0,0.188844371944007,0.0,0.0,0.0,0.0,0.0,0.0,0.0,0.0,0.0,0.0,0.0,0.0,0.0,0.0,0.0,0.8135769768393456,0.0,0.0,0.0,0.7564835481359109,0.0,0.0,0.0,0.0,0.0,0.0,0.0,0.0,0.4882172452468007,0.4678238973773595,0.0,0.7236572122943145,0.0,0.488882539265408,0.2015067959387079,0.4077651366478575,0.6213143633858398,0.0,0.607838874297942,0.7331922502084564,0.5515461970703268,0.0,0.3646154081579932,0.0,0.0872295252118505
0.0,0.0,0.0,0.0,0.4089898016965268,0.6908990651528608,0.3950622729684167,0.7268332403382459,0.6944896884111197,0.445834977018354,0.8625553088747563,0.4785174147384252,0.6123655926923226,0.0913084239466957,0.0,0.0,0.0,0.0,0.6996492417293139,0.0,0.0,0.0,0.8758724071491949,0.0,0.0,0.0,0.7815922335391129,0.3447451611123361,0.0,0.0,0.1470679875172742,0.0,0.324104376010693,0.0,0.0,0.0,0.0,0.0,0.0,0.0,0.1090727389409626,0.0,0.0,0.0,0.0,0.0,0.0,0.9132722153842374,0.0,0.4120094195503459,0.2326178917575289,0.3918540874508341,0.4764364504680957,0.625456177714581,0.0,0.7570800286188129,0.0,0.1722805539987466,0.1731479435557122,0.0,0.0,0.0,0.0,0.7325127762322967,0.0,0.0,0.0,0.6998739946910609,0.0,0.0,0.0,0.6346522914625584,0.2508813632325674,0.0,0.0,0.0
0.0,0.0,0.0,0.0,0.2622111114833209,0.0,0.0,0.0,0.0,0.0331644341137585,0.0,0.0,0.0,0.5646947878726486,0.0,0.0,0.0,0.0,0.0,0.0,0.0,0.0,0.0,0.0,0.0,0.0,0.0,0.0660545187638517,0.0,0.0,0.0,0.0078800487119023,0.0,0.2869994192682729,0.4311247186938815,0.5672409559482642,0.6858454192886163,0.0,0.0,0.0,0.0,0.0,0.0,0.0,0.0,0.0,0.0,0.0,0.0,0.0,0.0,0.0,0.0,0.0,0.0,0.0,0.0,0.0,0.0,0.0,0.0,0.0,0.0,0.0,0.0,0.0,0.0,0.0,0.0,0.0,0.0,0.0,0.0,0.0,0.0,0.0
0.0,0.7207589832518331,0.4089898016965268,0.2622111114833209,0.0,0.6352771429897044,0.2898186859237865,0.6177858328514726,0.6051300770824269,0.649154798895189,0.4291843121779888,0.6393542290904976,0.3393629809422999,0.6622448489266728,0.0,0.2371424101136461,0.0,0.0,0.2545070191224456,0.3362830718679467,0.0,0.1924823181824007,0.5695798913380806,0.0,0.6781137065809929,0.6890014887804865,0.5663174420915055,0.4641442252342245,0.2490511514082607,0.0,0.060640037456005,0.0,0.0,0.0,0.0,0.2982384327210456,0.2322793329225093,0.0275106906767671,0.0,0.0,0.0,0.0,0.4308070960428976,0.0,0.0,0.0,0.0,0.579167866428893,0.0,0.7847223911527678,0.8123386404741985,0.0,0.6730457907709527,0.7436330492855832,0.0,0.6522532263090068,0.0,0.0,0.0,0.0,0.0,0.0,0.0,0.3500270793117113,0.0,0.0,0.0,0.7538132066084752,0.0,0.0,0.0,0.7645356027242428,0.0,0.0,0.0,0.0
0.3534704063759578,0.6766822898436985,0.6908990651528608,0.0,0.6352771429897044,0.0,0.502163025552401,0.8502099110130122,0.7934814688102336,0.5133035402468545,0.7133184553209624,0.7353601190824516,0.8342074742176928,0.1599960777844816,0.6363062805643026,0.5690553559654333,0.691093317143299,0.740341814510184,0.4682389842625551,0.7372955491819235,0.5006372528558298,0.6518297274593777,0.9323316985407818,0.0,0.6843353435714765,0.6200719365204117,0.9177844354595256,0.4933504836143033,0.7225663107961066,0.4106263420221002,0.0256511816428053,0.0,0.2447306769114767,0.0,0.0,0.0,0.0,0.0,0.0,0.0,0.0,0.0,0.0,0.0,0.0,0.0,0.5713993231375888,0.6916911367566312,0.0,0.6603409159250665,0.6481594999046941,0.5495226921913634,0.6334035724851333,0.7937105455486865,0.0,0.6040728962560227,0.0,0.4724000441916501,0.0,0.5062151572096811,0.0,0.0,0.0,0.5247090399679794,0.3945556728572744,0.5780033228217362,0.4179894148089008,0.8201683040540771,0.0,0.0,0.5070591304104743,0.7733423233841603,0.3312303785073361,0.0,0.0,0.0
0.0,0.1131394393431754,0.3950622729684167,0.0,0.2898186859237865,0.502163025552401,0.0,0.261615141619553,0.5469250560354877,0.4209063607994378,0.4639212135578901,0.2101192424006394,0.6664093669306184,0.0,0.0,0.2364741710925066,0.2712547159171318,0.1549527608872534,0.2767228020354368,0.5350177416029913,0.0,0.4304485493249474,0.4310234457320169,0.2011598421185152,0.2831345314031522,0.0,0.5315142315816676,0.2182422652125065,0.4090024221915362,0.0,0.0138733105159419,0.1060303510837435,0.4036118895586502,0.0,0.0,0.0,0.0,0.2751647595392495,0.0230622351797624,0.0,0.3609337876561956,0.0,0.0,0.0,0.0,0.0,0.0,0.1944371466905213,0.0,0.0,0.0481853079170904,0.0,0.0,0.2370190618717321,0.0,0.1330147094418439,0.0,0.0,0.0,0.0,0.0,0.0,0.0,0.1340735795278785,0.0,0.0,0.0,0.250198065325541,0.0,0.0,0.0,0.2237292256513259,0.0,0.0,0.0,0.0
0.2786689483666106,0.575183195895695,0.7268332403382459,0.0,0.6177858328514726,0.8502099110130122,0.261615141619553,0.0,0.7073315373080157,0.5703238803986485,0.7279485618426687,0.8095232965987402,0.6221463591169818,0.3496303731994899,0.6219777287627023,0.4532581655207495,0.0,0.6266642530769383,0.4536643809992051,0.6137058565689951,0.4278979669504741,0.5343274736353956,0.907109332212469,0.6165949003378426,0.5690135406606339,0.7035653147981308,0.7808762092837481,0.4289976907940118,0.5556569029781582,0.383503100155896,0.0840830358567659,0.0,0.181554141728768,0.0,0.0,0.0374366436932521,0.0,0.0,0.0,0.0,0.0,0.0,0.1466697143759477,0.0,0.0,0.0,0.0,0.7613516909734338,0.0,0.6103177788043079,0.5685308687828573,0.3249507052216416,0.819326015494206,0.7842287361669008,0.0,0.7593440626451653,0.0,0.389037886510483,0.4926059049750294,0.5533009011913381,0.0,0.0,0.0,0.6055994669294185,0.4603768396044151,0.5487534670168183,0.0,0.8529266968498322,0.0,0.0,0.0,0.725138875972648,0.3794630172850805,0.05256204780369,0.0,0.0254358439054589
0.0,0.35815573183674,0.6944896884111197,0.0,0.6051300770824269,0.7934814688102336,0.5469250560354877,0.7073315373080157,0.0,0.426848004387403,0.8066349954831141,0.5493655948447388,0.6642562428360407,0.0363480956819179,0.0,0.3155255328222071,0.0,0.3668519141682415,0.4369098295951213,0.6570810360194269,0.0,0.5833313387517398,0.7999511394646049,0.4698054633890081,0.4038843016293574,0.3563160413889216,0.9058685491155316,0.2776614957343678,0.4002819908902146,0.3533599016204379,0.0337204206618158,0.0,0.1862343266067997,0.0,0.0,0.0,0.0,0.112546220366727,0.0,0.0,0.0277722482336882,0.0,0.0,0.0,0.0,0.0,0.0,0.5935794582703753,0.0,0.6507345727658449,0.4055988235078442,0.4858102618445372,0.4830243274628844,0.920192886361018,0.0,0.5773525596055653,0.0,0.1960896209030831,0.2390274340866927,0.0,0.0,0.0,0.0,0.4133040359859247,0.0,0.0,0.0,0.6802983383535183,0.0,0.0,0.0,0.7047806264750058,0.1990227503738915,0.0,0.0,0.0
0.2375125938073296,0.0,0.445834977018354,0.0331644341137585,0.649154798895189,0.5133035402468545,0.4209063607994378,0.5703238803986485,0.426848004387403,0.0,0.3705296305962706,0.7133107905835765,0.423408892033737,0.0,0.0,0.5316250068417399,0.8384997632577632,0.5871791209364762,0.2930367889270345,0.4792409316471077,0.0,0.394090731776276,0.5893340437481683,0.6688163831270288,0.7754918475440465,0.6779096105457396,0.4602063144725742,0.5476851268575359,0.4286242028819136,0.0,0.3726201816312339,0.1040771002202938,0.0923554732304379,0.0,0.0,0.1198141845648983,0.2092866754790956,0.30765521375502,0.158902742809065,0.1470214094675672,0.0,0.0,0.0,0.0,0.2511468898282147,0.1966823164510948,0.0,0.0,0.0,0.0,0.0,0.0,0.0,0.0,0.7552787397676137,0.0,0.671556172044349,0.5493856219983598,0.0,0.0,0.0,0.675357978720482,0.6149125983700076,0.0,0.0,0.0,0.0,0.0,0.5592692303986323,0.6570608322169474,0.6388418966989601,0.0,0.5675723232712886,0.0,0.0,0.4104104549035985
0.0,0.0,0.8625553088747563,0.0,0.4291843121779888,0.7133184553209624,0.4639212135578901,0.7279485618426687,0.8066349954831141,0.3705296305962706,0.0,0.4420472172425499,0.5859955688031834,0.0947288516977207,0.0,0.0,0.3571876006383432,0.0,0.6932297670239991,0.0,0.0,0.0,0.8269932911986779,0.4280398808229934,0.0,0.3244214692427239,0.8239745365387028,0.1755983862688634,0.0,0.0,0.021670035980408,0.0,0.3352053089052933,0.0,0.0,0.0,0.0,0.0089853826828645,0.0,0.0,0.0,0.0,0.0,0.0,0.0,0.0,0.0,0.7201664285016598,0.0,0.4435761207845154,0.1871431353896126,0.3882971281197811,0.4548725485092383,0.7226029863406394,0.0,0.7658784037483436,0.0,0.0139286998112939,0.2723308039636141,0.0,0.0,0.0,0.0,0.6482660033845213,0.0,0.0,0.0,0.6215506690252828,0.0,0.0,0.0,0.6739116584233602,0.1029192827177149,0.0,0.0,0.0
0.241273310831204,0.0,0.4785174147384252,0.0,0.6393542290904976,0.7353601190824516,0.2101192424006394,0.8095232965987402,0.5493655948447388,0.7133107905835765,0.4420472172425499,0.0,0.5952386713203552,0.0,0.0,0.0,0.8583025754114539,0.810782714821122,0.3095380817357476,0.0,0.3842794522562322,0.0,0.7270257923153394,0.719949487251843,0.7450767089421986,0.7935029383214939,0.6240409192305516,0.627161196050593,0.0,0.0,0.2778314018125114,0.0,0.0798845153321701,0.0,0.0,0.1596802228533691,0.0,0.0,0.0,0.145547853609809,0.0,0.0,0.2385563635269763,0.0,0.0484744164491666,0.0,0.0,0.0,0.0,0.0,0.0,0.0,0.0,0.0,0.6572389231981864,0.0,0.9635845169247076,0.5841034551454157,0.0,0.0,0.0,0.6682324088290899,0.7299581716688675,0.0,0.0,0.0,0.0,0.0,0.6575998206925447,0.5941009980750454,0.7030544878713471,0.0,0.5860035955409092,0.0,0.0,0.2091109144271556
0.5972891339601508,0.4398114060450182,0.6123655926923226,0.0,0.3393629809422999,0.8342074742176928,0.6664093669306184,0.6221463591169818,0.6642562428360407,0.423408892033737,0.5859955688031834,0.5952386713203552,0.0,0.0,0.6677139541743695,0.7001433424411434,0.6180787747276578,0.708510158732581,0.3551657818212187,0.8313339088524572,0.7653753208997763,0.7997158680914626,0.7546402288395965,0.50601718969213,0.5285229905240001,0.4050865630729363,0.798707574606951,0.6047869412652712,0.8667053478536472,0.6167900529369296,0.1777685150686154,0.0,0.4956019580071205,0.0,0.0,0.0,0.0,0.0362482657741464,0.0,0.5583484901530967,0.2624023155508901,0.0,0.0,0.0,0.1225013128519622,0.0,0.0,0.4523657588953532,0.0,0.0,0.2344763263017452,0.5736208855737641,0.3317140688639093,0.0,0.0,0.2324022749346516,0.6808305782296729,0.0,0.0,0.4487845622020679,0.0,0.0,0.0,0.0,0.3088761204284638,0.0,0.4306391761733769,0.525945284305006,0.0,0.6508375811573163,0.3431994098604625,0.4154598610226817,0.0,0.0,0.0,0.0
0.0,0.0,0.0913084239466957,0.5646947878726486,0.6622448489266728,0.1599960777844816,0.0,0.3496303731994899,0.0363480956819179,0.0,0.0947288516977207,0.0,0.0,0.0,0.0,0.0,0.0,0.0,0.1374312034580263,0.0,0.0,0.0,0.1873462021429962,0.0,0.0,0.0,0.0495290383687418,0.2905207104385209,0.0,0.0,0.0648461269503761,0.0,0.0,0.0735970487975381,0.0,0.5716936730968452,0.4637161580130266,0.0,0.0,0.0,0.0,0.0,0.5456834168779389,0.0,0.0,0.0,0.0,0.3263438345274884,0.0,0.0,0.0,0.0,0.0,0.2803757102941985,0.0,0.5407222571829874,0.0,0.0,0.0,0.0,0.0,0.0,0.0,0.0,0.0,0.0,0.0,0.3734432887048101,0.0,0.0,0.0,0.3683806907700908,0.0,0.0,0.0,0.0
0.6428673684348654,0.4347056604819521,0.0,0.0,0.0,0.6363062805643026,0.0,0.6219777287627023,0.0,0.0,0.0,0.0,0.6677139541743695,0.0,0.0,0.7127979388593172,0.0,0.6346283282995515,0.0,0.8748902355315,0.7452044308665825,0.8803559712154372,0.7589493074857965,0.6816623409550302,0.5123602154315728,0.6244764178902124,0.6654095426998916,0.6583528344095602,0.6521361849980514,0.0,0.559288143389934,0.0,0.3742806841069582,0.0,0.0,0.0,0.0,0.0,0.0,0.4778438918605044,0.2556419938721607,0.0,0.0,0.0,0.0,0.0,0.5766208170879542,0.0,0.0,0.0,0.216263159710976,0.0,0.4117440229237538,0.0,0.0,0.0,0.0,0.3637332672956381,0.0,0.8584482424458795,0.6411612379513141,0.0,0.0,0.0,0.7168130670840498,0.800667269261994,0.8529168496448482,0.6081300981538925,0.0,0.6129875691773222,0.6514006670492228,0.5263917685215672,0.6299146970691882,0.2205331493007507,0.0,0.4388211135931776
0.5421526684033274,0.5930196955901255,0.0,0.0,0.2371424101136461,0.5690553559654333,0.2364741710925066,0.4532581655207495,0.3155255328222071,0.5316250068417399,0.0,0.0,0.7001433424411434,0.0,0.7127979388593172,0.0,0.731080084062352,0.8427565973578115,0.0,0.6903085539433464,0.6001049891633581,0.7602441315333099,0.5497261639323686,0.6502637861550986,0.6450600835770977,0.683602115972448,0.4779944719663664,0.7066655260727852,0.806659383236634,0.5436132415647635,0.5308723962523011,0.0,0.3272407471369487,0.0,0.0,0.0,0.0,0.0,0.0,0.471889127078042,0.2384838970401548,0.0,0.0,0.0,0.0,0.5767999125514779,0.6365774801712603,0.0,0.0,0.0,0.0,0.0,0.0,0.0,0.0,0.0,0.0,0.0,0.0,0.7229155928616858,0.7529443767439501,0.0,0.8069881835430459,0.0,0.5822920523488403,0.6565784181428724,0.6465509862880928,0.4249680972862231,0.0,0.6751364163595647,0.6894981385813578,0.3088800305204756,0.0,0.3438173736134127,0.0,0.3122991904924056
0.2101668211514101,0.7934527308626969,0.0,0.0,0.0,0.691093317143299,0.2712547159171318,0.0,0.0,0.8384997632577632,0.3571876006383432,0.8583025754114539,0.6180787747276578,0.0,0.0,0.731080084062352,0.0,0.8751431576498555,0.0,0.5826238865255282,0.0,0.5057199634253092,0.0,0.6832406085030345,0.7960789231460356,0.8367347279498656,0.0,0.6606005180077962,0.637060575883194,0.0,0.3146412043666793,0.0,0.0878342185866814,0.0,0.0,0.0,0.0,0.1029242045290266,0.0,0.1999267263390781,0.0,0.0,0.0,0.0,0.0,0.0,0.0,0.0,0.0,0.0,0.0,0.0,0.0,0.0,0.693919737076534,0.0,0.8253258039400375,0.0,0.0,0.0,0.0,0.769724178973181,0.8025197328260059,0.0,0.0,0.0,0.0,0.0,0.5917501522475255,0.7024092183494995,0.7535148278387137,0.0,0.0,0.0,0.0,0.0
0.2728132344983613,0.8054711981447231,0.0,0.0,0.0,0.740341814510184,0.1549527608872534,0.6266642530769383,0.3668519141682415,0.5871791209364762,0.0,0.810782714821122,0.708510158732581,0.0,0.6346283282995515,0.8427565973578115,0.8751431576498555,0.0,0.0,0.6413681203911591,0.4200777327066507,0.617918956940408,0.6205300074440531,0.6081147754087767,0.8344713524761777,0.8582239650093275,0.5508489089892481,0.7290257883719247,0.8409206308908885,0.4501482080475709,0.3291997709717244,0.0,0.1865199149443228,0.0,0.0,0.0,0.0,0.0,0.0,0.3415780168488747,0.0,0.0,0.0,0.0,0.0,0.3242575153703118,0.6961051460106495,0.0,0.0,0.0,0.0,0.0,0.0,0.0,0.5500067855330081,0.0,0.7634977808798765,0.0,0.0,0.0,0.6243046360449241,0.7497100255078613,0.869902645719275,0.0,0.0,0.0,0.5609221818305739,0.0,0.5764742775022247,0.664407623558137,0.7464663568313622,0.0,0.0,0.0,0.0,0.1556975258407921
0.0,0.0,0.6996492417293139,0.0,0.2545070191224456,0.4682389842625551,0.2767228020354368,0.4536643809992051,0.4369098295951213,0.2930367889270345,0.6932297670239991,0.3095380817357476,0.3551657818212187,0.1374312034580263,0.0,0.0,0.0,0.0,0.0,0.0,0.0,0.0,0.5451133073532646,0.0,0.0,0.0,0.4913209097015725,0.2192159165518745,0.0,0.0,0.2189352797159574,0.0,0.0,0.0,0.0,0.0,0.0,0.0,0.0,0.0,0.0,0.0,0.0,0.0,0.0,0.0,0.0,0.5752623992627721,0.0,0.2617523173949465,0.2125903044017667,0.3420826362836585,0.2520885749604181,0.3563983061010693,0.0,0.6356377482223364,0.0,0.1826087872433182,0.1981101246419828,0.0,0.0,0.0,0.0,0.8800083073153623,0.0,0.0,0.0,0.3918066828984455,0.0,0.0,0.0,0.4200842725726066,0.0,0.0,0.0,0.0
0.761565078869394,0.3640547381945138,0.0,0.0,0.3362830718679467,0.7372955491819235,0.5350177416029913,0.6137058565689951,0.6570810360194269,0.4792409316471077,0.0,0.0,0.8313339088524572,0.0,0.8748902355315,0.6903085539433464,0.5826238865255282,0.6413681203911591,0.0,0.0,0.8474634242841094,0.9581831834810748,0.75279993654569,0.0,0.5324245046807081,0.5212964995593965,0.8165117418221567,0.6352000413765612,0.7946607566678987,0.7654611996102081,0.4826797247110037,0.0,0.4899948268931611,0.0,0.0,0.0,0.0,0.0,0.0,0.6393710132339944,0.3462950111002311,0.0,0.0,0.0,0.0,0.0,0.456670085747692,0.0,0.0,0.0,0.1420213495807379,0.0,0.3402356240128726,0.0,0.0,0.0,0.0,0.2820536682390638,0.0,0.6565868272300124,0.5957215150912933,0.0,0.0,0.0,0.6723711230580751,0.8578362838184893,0.7587726122354395,0.5494003217733908,0.0,0.622278415420789,0.5190186583856206,0.5595510322927562,0.5171019754650434,0.1378814170914842,0.0,0.2896654110631385
0.8460946449555823,0.1298371912715388,0.0,0.0,0.0,0.5006372528558298,0.0,0.4278979669504741,0.0,0.0,0.0,0.3842794522562322,0.7653753208997763,0.0,0.7452044308665825,0.6001049891633581,0.0,0.4200777327066507,0.0,0.8474634242841094,0.0,0.860695395209604,0.598548436497134,0.6407440701713418,0.2953223410030217,0.2895590462688948,0.5577352883714648,0.4875198750603415,0.7019262952054486,0.0,0.4983903140568245,0.0630327663958504,0.6352376041060619,0.0,0.0,0.0,0.0,0.0,0.0097156768071147,0.7014798094819596,0.5852436673859882,0.1389892691637821,0.0,0.0,0.0,0.8671022932410869,0.2222837794913927,0.0,0.0,0.0,0.0,0.0,0.1327272176696332,0.0,0.0,0.0,0.0,0.0022958158192908,0.0,0.5190325284974345,0.4803024315680074,0.0,0.0,0.0,0.3853072825709493,0.860821361215715,0.5728819164638985,0.2796682463242345,0.0,0.4912391371695461,0.3041084032102513,0.1668480258709853,0.3051541432900269,0.0,0.0,0.3028770007583183
0.828054625589618,0.3385581873293044,0.0,0.0,0.1924823181824007,0.6518297274593777,0.4304485493249474,0.5343274736353956,0.5833313387517398,0.394090731776276,0.0,0.0,0.7997158680914626,0.0,0.8803559712154372,0.7602441315333099,0.5057199634253092,0.617918956940408,0.0,0.9581831834810748,0.860695395209604,0.0,0.6774752229767312,0.0,0.4480912524864191,0.4826503342706935,0.7239727429963235,0.6128588467839969,0.74814160693823,0.7912786372885454,0.505488225610008,0.0,0.4907180526234704,0.0,0.0,0.0,0.0,0.0,0.0,0.6386174062392387,0.4117318953834485,0.0411288114172319,0.0,0.0,0.0,0.8445205865084848,0.4197179539307767,0.0,0.0,0.0,0.0343525059772641,0.0,0.0,0.0,0.0,0.0,0.0,0.0,0.0,0.691914814597456,0.6625067925012613,0.0,0.6428689602089114,0.0,0.6096236842005346,0.8926514992036177,0.7779228861625758,0.4460906513487727,0.0,0.5818213703964388,0.5021544487753326,0.4255980423960618,0.4840200317555185,0.0890783402079575,0.0,0.2733676680127334
0.48370824739561,0.5074425090131547,0.8758724071491949,0.0,0.5695798913380806,0.9323316985407818,0.4310234457320169,0.907109332212469,0.7999511394646049,0.5893340437481683,0.8269932911986779,0.7270257923153394,0.7546402288395965,0.1873462021429962,0.7589493074857965,0.5497261639323686,0.0,0.6205300074440531,0.5451133073532646,0.75279993654569,0.598548436497134,0.6774752229767312,0.0,0.6445214933668801,0.5660576500439568,0.6380862157573458,0.8888925333092171,0.5297822511004706,0.6364420862069978,0.5068782285537078,0.254837450592907,0.0,0.2905655445018859,0.0,0.0,0.0,0.0,0.0745329614673629,0.0,0.3437591398814947,0.0274264617036701,0.0,0.0,0.0,0.0,0.0,0.5359970883529512,0.878278742121579,0.0,0.6094396904181529,0.4740331625757428,0.4404576308404756,0.6890668087940395,0.7736011455088749,0.0,0.7636752060984408,0.0,0.3359678156091866,0.3247827625866813,0.6608571275103264,0.0,0.0,0.0,0.6457194822223028,0.5000228062957431,0.7104052816495208,0.5846289221839333,0.9006748230275831,0.0,0.5918168690041017,0.5859416819101136,0.7739201387546724,0.4012188976222103,0.0515006088956473,0.0,0.1154828448589228
0.5698381157505253,0.0,0.0,0.0,0.0,0.0,0.2011598421185152,0.6165949003378426,0.4698054633890081,0.6688163831270288,0.4280398808229934,0.719949487251843,0.50601718969213,0.0,0.6816623409550302,0.6502637861550986,0.6832406085030345,0.6081147754087767,0.0,0.0,0.6407440701713418,0.0,0.6445214933668801,0.0,0.5430532703327651,0.7005360140577918,0.497573108872698,0.6323633124952608,0.0,0.0,0.5698874566051229,0.0382049731901129,0.3432605024646097,0.0,0.0,0.0103412208262961,0.0,0.308855121008206,0.1015818671416406,0.3427600341258811,0.2467789101645164,0.0,0.0,0.0,0.2750864348588721,0.5583871767748637,0.0,0.0,0.0,0.0,0.0,0.0,0.0,0.0,0.7002480848081062,0.0,0.7000503814844777,0.0,0.0,0.0,0.6858701683665798,0.7288570806165889,0.6510551557400438,0.0,0.0,0.0,0.0,0.0,0.8926186387795291,0.5517224955434585,0.6886362154704849,0.0,0.6415880188900986,0.0,0.0,0.5577647448614714
0.1529715793566122,0.8918748156428435,0.0,0.0,0.6781137065809929,0.6843353435714765,0.2831345314031522,0.5690135406606339,0.4038843016293574,0.7754918475440465,0.0,0.7450767089421986,0.5285229905240001,0.0,0.5123602154315728,0.6450600835770977,0.7960789231460356,0.8344713524761777,0.0,0.5324245046807081,0.2953223410030217,0.4480912524864191,0.5660576500439568,0.5430532703327651,0.0,0.8243490190361573,0.5087573612274544,0.6473228391633278,0.6515798379640777,0.0,0.3532908678401018,0.0,0.0122102262148599,0.0,0.0,0.0,0.0,0.019661122878328,0.0,0.0959380750307256,0.0,0.0,0.0,0.0,0.0,0.1946933326450991,0.7477319559759588,0.0,0.0,0.0,0.0,0.0,0.0,0.0,0.5795256627702886,0.0,0.7132966029614555,0.6853774412842756,0.0,0.5298756190227574,0.5393274438414262,0.6404481275682323,0.7849381809022414,0.0,0.6065340153204092,0.3332911243162845,0.5226638446771998,0.5936277212833765,0.5088843305979649,0.7437164851981567,0.771411503256419,0.0,0.0,0.4338287580038009,0.0,0.239538126205635
0.1938688518131811,0.830418849473361,0.0,0.0,0.6890014887804865,0.6200719365204117,0.0,0.7035653147981308,0.3563160413889216,0.6779096105457396,0.3244214692427239,0.7935029383214939,0.4050865630729363,0.0,0.6244764178902124,0.683602115972448,0.8367347279498656,0.8582239650093275,0.0,0.5212964995593965,0.2895590462688948,0.4826503342706935,0.6380862157573458,0.7005360140577918,0.8243490190361573,0.0,0.4905052970051873,0.6725051483331477,0.6092313127419257,0.0,0.4499471945638416,0.0,0.0,0.0,0.0,0.3469322182412278,0.0,0.0,0.0,0.0804589557363518,0.0,0.0,0.0,0.0,0.0540577187313377,0.1773778085204337,0.793161101757261,0.0,0.0,0.0,0.6128870470814431,0.0,0.0,0.0,0.5306836691592753,0.0,0.7366658924401582,0.6339826412686933,0.0,0.753998396326863,0.5822817600927896,0.6554284456899835,0.7913194897541145,0.0,0.7238244470443959,0.4040736789446679,0.657696347862502,0.7083422990593324,0.6877947587118017,0.5693910396136653,0.9319001487219256,0.6024691988536691,0.6859580520240159,0.4534945033876639,0.0,0.3484193900487741
0.4906091241193959,0.4900070155916667,0.7815922335391129,0.0,0.5663174420915055,0.9177844354595256,0.5315142315816676,0.7808762092837481,0.9058685491155316,0.4602063144725742,0.8239745365387028,0.6240409192305516,0.798707574606951,0.0495290383687418,0.6654095426998916,0.4779944719663664,0.0,0.5508489089892481,0.4913209097015725,0.8165117418221567,0.5577352883714648,0.7239727429963235,0.8888925333092171,0.497573108872698,0.5087573612274544,0.4905052970051873,0.0,0.3825374221144649,0.5972370061145525,0.4916641039106814,0.0811773672634483,0.0,0.283993208119439,0.0,0.0,0.0,0.0,0.0352954552245722,0.0,0.3816929901258543,0.0167566402544433,0.0,0.0,0.0,0.0,0.0,0.4851284975727826,0.68499348981281,0.0,0.5492614085057042,0.4624519238132358,0.5765472446685761,0.5224769885124233,0.8220486688994972,0.0,0.5813070493125132,0.0,0.2877447478660291,0.2994192962990881,0.4709700773254117,0.0,0.0,0.0,0.4825409362727947,0.4303517086408969,0.6213322121462528,0.4778595471999217,0.7640058749778561,0.0,0.0,0.4195059006420592,0.8556415378599715,0.2538933875281658,0.0,0.0,0.0
0.3656972545502681,0.5429271206437567,0.3447451611123361,0.0660545187638517,0.4641442252342245,0.4933504836143033,0.2182422652125065,0.4289976907940118,0.2776614957343678,0.5476851268575359,0.1755983862688634,0.627161196050593,0.6047869412652712,0.2905207104385209,0.6583528344095602,0.7066655260727852,0.6606005180077962,0.7290257883719247,0.2192159165518745,0.6352000413765612,0.4875198750603415,0.6128588467839969,0.5297822511004706,0.6323633124952608,0.6473228391633278,0.6725051483331477,0.3825374221144649,0.0,0.6688851023948263,0.493057580468467,0.6432130631535895,0.011260150470522,0.1616127893361394,0.0700920937868767,0.0,0.1329538648966393,0.1077547904578988,0.0833628160025783,0.0,0.2129766729219908,0.1905589671966941,0.0,0.0,0.0,0.0,0.0,0.0,0.4372104906660196,0.0,0.0,0.3390066732012165,0.0,0.3893124558239546,0.2748406576498222,0.5079208428550305,0.0,0.5950006702120677,0.5970225348961387,0.0,0.68146041613257,0.0,0.0,0.0,0.0,0.7286256094940372,0.5855064508662382,0.6847183484147477,0.5042796154977969,0.0,0.5244102971085647,0.6544687159963071,0.3715723112504439,0.8202458180713622,0.4314103533655615,0.0,0.5340878890727032
0.5458180102045543,0.5359806285485866,0.0,0.0,0.2490511514082607,0.7225663107961066,0.4090024221915362,0.5556569029781582,0.4002819908902146,0.4286242028819136,0.0,0.0,0.8667053478536472,0.0,0.6521361849980514,0.806659383236634,0.637060575883194,0.8409206308908885,0.0,0.7946607566678987,0.7019262952054486,0.74814160693823,0.6364420862069978,0.0,0.6515798379640777,0.6092313127419257,0.5972370061145525,0.6688851023948263,0.0,0.6549228921624938,0.3881209504178941,0.0,0.4650444465645862,0.0,0.0,0.0,0.0,0.0,0.0,0.5805187652010805,0.2264865663293688,0.0,0.0,0.0,0.0,0.0,0.5765138106897443,0.4652220146879505,0.0,0.0,0.2466016964311403,0.4237908672308377,0.3458440446525113,0.3433821473751837,0.0,0.0,0.0,0.4392817093009958,0.0,0.5920267658529946,0.0,0.0,0.0,0.0,0.5089299287532967,0.6666883568947082,0.5139661914774207,0.4444185196253057,0.0,0.0,0.5636297270142436,0.358047840589777,0.4290824293827333,0.2922474630507287,0.0,0.1384254811002912
0.0,0.0,0.0,0.0,0.0,0.4106263420221002,0.0,0.383503100155896,0.3533599016204379,0.0,0.0,0.0,0.6167900529369296,0.0,0.0,0.5436132415647635,0.0,0.4501482080475709,0.0,0.7654611996102081,0.0,0.7912786372885454,0.5068782285537078,0.0,0.0,0.0,0.4916641039106814,0.493057580468467,0.6549228921624938,0.0,0.5835377806683961,0.0,0.0,0.111568402614494,0.0,0.0,0.0,0.0,0.0,0.0,0.0,0.0,0.0,0.0,0.0,0.0,0.0,0.0,0.0,0.0,0.0,0.0,0.0,0.0,0.0,0.0,0.0,0.0,0.0,0.0,0.0,0.0,0.0,0.0,0.3827631059370068,0.0,0.0,0.2297601451427051,0.0,0.0,0.0,0.1863916328378486,0.0,0.0,0.0,0.0
0.5629969899788834,0.188844371944007,0.1470679875172742,0.0,0.060640037456005,0.0256511816428053,0.0138733105159419,0.0840830358567659,0.0337204206618158,0.3726201816312339,0.021670035980408,0.2778314018125114,0.1777685150686154,0.0648461269503761,0.559288143389934,0.5308723962523011,0.3146412043666793,0.3291997709717244,0.2189352797159574,0.4826797247110037,0.4983903140568245,0.505488225610008,0.254837450592907,0.5698874566051229,0.3532908678401018,0.4499471945638416,0.0811773672634483,0.6432130631535895,0.3881209504178941,0.5835377806683961,0.0,0.2879160372898507,0.2325431613493495,0.4377595637210891,0.0781270075218064,0.116940622169259,0.1185615622309824,0.2141096485757071,0.253448138840489,0.2654020767779,0.3876858129062582,0.0,0.0,0.0,0.0,0.0,0.3923814142875743,0.0,0.0,0.0,0.0,0.0,0.0664798202915522,0.0,0.3897817335793742,0.0,0.2353876499219917,0.0,0.0,0.5906545445107342,0.4951608826816253,0.5447264673243132,0.4711310330917168,0.0,0.6300521666264771,0.5482633506469599,0.6379024000070211,0.1796527758175828,0.5758195312971512,0.2964355460239846,0.5419107675546317,0.0528401033809312,0.635228592940725,0.4683191340228942,0.0,0.7769808922016168
0.1077365106071937,0.0,0.0,0.0078800487119023,0.0,0.0,0.1060303510837435,0.0,0.0,0.1040771002202938,0.0,0.0,0.0,0.0,0.0,0.0,0.0,0.0,0.0,0.0,0.0630327663958504,0.0,0.0,0.0382049731901129,0.0,0.0,0.0,0.011260150470522,0.0,0.0,0.2879160372898507,0.0,0.2440734799552942,0.3325312783920796,0.434258764298538,0.0,0.2178847665585963,0.528535282702512,0.901768322807779,0.1752589815108249,0.5080471809934092,0.5365144802862696,0.0,0.2457410072768429,0.197165647638213,0.0677269484060302,0.0,0.0,0.0,0.0,0.0,0.0,0.0,0.0,0.0,0.0,0.0,0.0,0.0,0.0,0.1433330844589096,0.0432352721400924,0.0,0.0,0.1325647232930497,0.0,0.1682473305025182,0.0,0.0,0.0,0.0,0.0,0.0874802662375381,0.0579580327297278,0.0,0.5685257252056565
0.6319976347054018,0.0,0.324104376010693,0.0,0.0,0.2447306769114767,0.4036118895586502,0.181554141728768,0.1862343266067997,0.0923554732304379,0.3352053089052933,0.0798845153321701,0.4956019580071205,0.0,0.3742806841069582,0.3272407471369487,0.0878342185866814,0.1865199149443228,0.0,0.4899948268931611,0.6352376041060619,0.4907180526234704,0.2905655445018859,0.3432605024646097,0.0122102262148599,0.0,0.283993208119439,0.1616127893361394,0.4650444465645862,0.0,0.2325431613493495,0.2440734799552942,0.0,0.1273282024271067,0.0,0.0,0.0,0.1729591803038448,0.1602334366526908,0.8104463980846334,0.636622301466786,0.2820741559483231,0.0,0.0,0.1675035193608321,0.6240114449921341,0.0,0.0,0.0,0.0,0.0,0.0,0.0,0.0,0.3340060462948584,0.0,0.0924781723418619,0.0,0.0,0.1654080541878463,0.2789202158788604,0.3295043741125601,0.1581781811245435,0.0,0.1171419431879603,0.4940486100441039,0.2882747116970897,0.0,0.2697211172016829,0.2263166284715368,0.0,0.0,0.1172533649584311,0.0,0.0,0.1883087323387288
0.0,0.0,0.0,0.2869994192682729,0.0,0.0,0.0,0.0,0.0,0.0,0.0,0.0,0.0,0.0735970487975381,0.0,0.0,0.0,0.0,0.0,0.0,0.0,0.0,0.0,0.0,0.0,0.0,0.0,0.0700920937868767,0.0,0.111568402614494,0.4377595637210891,0.3325312783920796,0.1273282024271067,0.0,0.5389553328390407,0.3103900347818331,0.3155458430587156,0.0,0.3201036754059294,0.1218372172249189,0.3482193410044347,0.1632689880706178,0.0170007331252536,0.2626253813326217,0.0,0.0434894349234079,0.0,0.0,0.0,0.0,0.0,0.0,0.0,0.0,0.0,0.0,0.0,0.0,0.0,0.0,0.0,0.0,0.0,0.0,0.1608853999274009,0.0,0.0484913903812247,0.0,0.0,0.0,0.0,0.0,0.177811848071383,0.3020617738127117,0.0,0.4191866213712586
0.0,0.0,0.0,0.4311247186938815,0.0,0.0,0.0,0.0,0.0,0.0,0.0,0.0,0.0,0.0,0.0,0.0,0.0,0.0,0.0,0.0,0.0,0.0,0.0,0.0,0.0,0.0,0.0,0.0,0.0,0.0,0.0781270075218064,0.434258764298538,0.0,0.5389553328390407,0.0,0.347796037378069,0.4796269561595675,0.1931595398316785,0.4919112537005005,0.0,0.0655212923699599,0.25402264261599,0.1496283094139004,0.3390932483753839,0.0,0.0,0.0,0.0,0.0,0.0,0.0,0.0,0.0,0.0,0.0,0.0,0.0,0.0,0.0,0.0,0.0,0.0,0.0,0.0,0.0,0.0,0.0,0.0,0.0,0.0,0.0,0.0,0.0129627603496474,0.2268580181434419,0.0,0.0
0.0,0.0,0.0,0.5672409559482642,0.2982384327210456,0.0,0.0,0.0374366436932521,0.0,0.1198141845648983,0.0,0.1596802228533691,0.0,0.5716936730968452,0.0,0.0,0.0,0.0,0.0,0.0,0.0,0.0,0.0,0.0103412208262961,0.0,0.3469322182412278,0.0,0.1329538648966393,0.0,0.0,0.116940622169259,0.0,0.0,0.3103900347818331,0.347796037378069,0.0,0.5725872162258756,0.0,0.0,0.0,0.0,0.0,0.6470945234094833,0.4501506861837754,0.0,0.0,0.0,0.0,0.0,0.0674414042170853,0.3592478042596111,0.0,0.3112890974045585,0.0,0.0,0.0686901907441132,0.0862021453889918,0.2454807900374513,0.0,0.0,0.0,0.0,0.0,0.0198502807180573,0.1147985391990692,0.0,0.0,0.0411876868843488,0.0,0.0,0.0,0.0274004408565656,0.2621792573124479,0.3779422647054986,0.0,0.0
0.0,0.0,0.0,0.6858454192886163,0.2322793329225093,0.0,0.0,0.0,0.0,0.2092866754790956,0.0,0.0,0.0,0.4637161580130266,0.0,0.0,0.0,0.0,0.0,0.0,0.0,0.0,0.0,0.0,0.0,0.0,0.0,0.1077547904578988,0.0,0.0,0.1185615622309824,0.2178847665585963,0.0,0.3155458430587156,0.4796269561595675,0.5725872162258756,0.0,0.1172241493862755,0.2723235155209857,0.0,0.0,0.0,0.5027878097550064,0.0,0.0,0.0,0.0,0.0,0.0,0.0,0.0,0.0,0.0,0.0,0.0,0.0,0.0,0.0,0.0,0.0,0.0,0.0,0.0,0.0,0.0,0.0,0.0,0.0,0.0,0.0,0.0,0.0,0.0,0.0,0.0,0.0
0.1894713569272726,0.0,0.0,0.0,0.0275106906767671,0.0,0.2751647595392495,0.0,0.112546220366727,0.30765521375502,0.0089853826828645,0.0,0.0362482657741464,0.0,0.0,0.0,0.1029242045290266,0.0,0.0,0.0,0.0,0.0,0.0745329614673629,0.308855121008206,0.019661122878328,0.0,0.0352954552245722,0.0833628160025783,0.0,0.0,0.2141096485757071,0.528535282702512,0.1729591803038448,0.0,0.1931595398316785,0.0,0.1172241493862755,0.0,0.5049087048714751,0.0755615949135939,0.3828832962895109,0.3689216187469367,0.0,0.0,0.5209331248430439,0.0,0.0,0.0,0.0,0.0,0.0,0.0,0.0,0.0,0.2349328185453872,0.0,0.0,0.0,0.0,0.0,0.0,0.0,0.0,0.0,0.0,0.0,0.0,0.0,0.2232744760159976,0.2318040753130859,0.0,0.0,0.1979466961807692,0.0,0.0,0.0
0.0820175094746661,0.0,0.0,0.0,0.0,0.0,0.0230622351797624,0.0,0.0,0.158902742809065,0.0,0.0,0.0,0.0,0.0,0.0,0.0,0.0,0.0,0.0,0.0097156768071147,0.0,0.0,0.1015818671416406,0.0,0.0,0.0,0.0,0.0,0.0,0.253448138840489,0.901768322807779,0.1602334366526908,0.3201036754059294,0.4919112537005005,0.0,0.2723235155209857,0.5049087048714751,0.0,0.0714809022490967,0.3773633430669131,0.4838394133500551,0.0,0.2433342136467312,0.2578663786527105,0.0168695955580568,0.0,0.0,0.1476054737374838,0.0,0.0,0.0,0.0,0.0,0.0,0.0,0.0,0.0,0.0,0.0,0.1457495945615917,0.0240398715063961,0.0,0.0,0.1616905866105572,0.0,0.2024281390134491,0.0,0.0,0.0,0.0,0.0,0.0927171690594513,0.1320834890764977,0.265237370218676,0.5565516257821583
0.64613543829514,0.0,0.0,0.0,0.0,0.0,0.0,0.0,0.0,0.1470214094675672,0.0,0.145547853609809,0.5583484901530967,0.0,0.4778438918605044,0.471889127078042,0.1999267263390781,0.3415780168488747,0.0,0.6393710132339944,0.7014798094819596,0.6386174062392387,0.3437591398814947,0.3427600341258811,0.0959380750307256,0.0804589557363518,0.3816929901258543,0.2129766729219908,0.5805187652010805,0.0,0.2654020767779,0.1752589815108249,0.8104463980846334,0.1218372172249189,0.0,0.0,0.0,0.0755615949135939,0.0714809022490967,0.0,0.5551100767844338,0.2068182330183076,0.0,0.0,0.1545256560476109,0.6668294479807444,0.0856440792591488,0.1707415325703212,0.0,0.0,0.0,0.2989605213341996,0.0,0.0543300029683639,0.435821396300392,0.0,0.1812603076474847,0.0192597686640024,0.0,0.3029895918029016,0.3121586788704851,0.4406129314680316,0.2782752819483657,0.2893189949498265,0.1590193259260578,0.5571231133832333,0.3441807723678514,0.023848029140046,0.272130845193977,0.3421268251701375,0.0786470214492553,0.0,0.1718174729588713,0.0,0.0,0.1580460789896911
0.5449561605594504,0.0,0.1090727389409626,0.0,0.0,0.0,0.3609337876561956,0.0,0.0277722482336882,0.0,0.0,0.0,0.2624023155508901,0.0,0.2556419938721607,0.2384838970401548,0.0,0.0,0.0,0.3462950111002311,0.5852436673859882,0.4117318953834485,0.0274264617036701,0.2467789101645164,0.0,0.0,0.0167566402544433,0.1905589671966941,0.2264865663293688,0.0,0.3876858129062582,0.5080471809934092,0.636622301466786,0.3482193410044347,0.0655212923699599,0.0,0.0,0.3828832962895109,0.3773633430669131,0.5551100767844338,0.0,0.5128240513264889,0.0,0.0,0.1496177322860062,0.5559513177388757,0.0,0.0,0.4113754681868573,0.0,0.0,0.2469496783722915,0.0,0.0,0.204357281311797,0.0,0.0,0.0,0.0,0.1067610855666272,0.3145389178227573,0.3228574054963926,0.0461404623077513,0.0216633679658909,0.1278085849213577,0.3912309640171543,0.3109159390869283,0.0,0.2139468279476675,0.0941470739575303,0.0,0.0,0.1691851282024079,0.0,0.0,0.4054929542119014
0.0,0.0,0.0,0.0,0.0,0.0,0.0,0.0,0.0,0.0,0.0,0.0,0.0,0.0,0.0,0.0,0.0,0.0,0.0,0.0,0.1389892691637821,0.0411288114172319,0.0,0.0,0.0,0.0,0.0,0.0,0.0,0.0,0.0,0.5365144802862696,0.2820741559483231,0.1632689880706178,0.25402264261599,0.0,0.0,0.3689216187469367,0.4838394133500551,0.2068182330183076,0.5128240513264889,0.0,0.0,0.0,0.1381898266986461,0.1362758497067652,0.0,0.0,0.3010087867003644,0.0,0.0,0.0,0.0,0.0,0.0,0.0,0.0,0.0,0.0,0.0,0.0889164304583225,0.0,0.0,0.0,0.0,0.0,0.069494590344132,0.0,0.0,0.0,0.0,0.0,0.0,0.0,0.0,0.2038546779815939
0.0,0.0,0.0,0.0,0.4308070960428976,0.0,0.0,0.1466697143759477,0.0,0.0,0.0,0.2385563635269763,0.0,0.5456834168779389,0.0,0.0,0.0,0.0,0.0,0.0,0.0,0.0,0.0,0.0,0.0,0.0,0.0,0.0,0.0,0.0,0.0,0.0,0.0,0.0170007331252536,0.1496283094139004,0.6470945234094833,0.5027878097550064,0.0,0.0,0.0,0.0,0.0,0.0,0.4042593599500392,0.0,0.0,0.0,0.0813515477506316,0.0,0.3369376834046419,0.5071444766026073,0.0,0.446290640712383,0.2330370626712779,0.0,0.2609086177121549,0.1936487039790859,0.3020445384001933,0.5825716656822485,0.0725102976499005,0.0,0.0,0.0,0.0,0.1528960142990948,0.0,0.0,0.1815989673354661,0.0112562174270307,0.0,0.3516298588120838,0.299573681379489,0.1802334327176285,0.3557541304053958,0.0,0.0
0.0,0.0,0.0,0.0,0.0,0.0,0.0,0.0,0.0,0.0,0.0,0.0,0.0,0.0,0.0,0.0,0.0,0.0,0.0,0.0,0.0,0.0,0.0,0.0,0.0,0.0,0.0,0.0,0.0,0.0,0.0,0.2457410072768429,0.0,0.2626253813326217,0.3390932483753839,0.4501506861837754,0.0,0.0,0.2433342136467312,0.0,0.0,0.0,0.4042593599500392,0.0,0.0,0.0,0.0,0.0,0.0,0.2169036103722155,0.3347333372120142,0.0241646357079335,0.0975076892533669,0.0,0.0,0.0370613816024821,0.0260338405812029,0.4041009137459874,0.0713669358898776,0.0,0.0,0.0,0.0,0.0,0.0,0.0,0.0,0.1223135646066933,0.0,0.0,0.0,0.0153129356627417,0.3687574771887019,0.3718721736889618,0.0,0.3592730674210723
0.0,0.0,0.0,0.0,0.0,0.0,0.0,0.0,0.0,0.2511468898282147,0.0,0.0484744164491666,0.1225013128519622,0.0,0.0,0.0,0.0,0.0,0.0,0.0,0.0,0.0,0.0,0.2750864348588721,0.0,0.0540577187313377,0.0,0.0,0.0,0.0,0.0,0.197165647638213,0.1675035193608321,0.0,0.0,0.0,0.0,0.5209331248430439,0.2578663786527105,0.1545256560476109,0.1496177322860062,0.1381898266986461,0.0,0.0,0.0,0.1471385761800228,0.0,0.0,0.0,0.1594207974220854,0.0,0.0852760227385964,0.0,0.3297076300483758,0.2621765726979629,0.2225226340104381,0.1110428934808523,7.129445071062472e-05,0.0,0.0,0.0,0.1633969648591754,0.0433078056004507,0.0500685994460644,0.0,0.0,0.0,0.19840552651034,0.1906003731809198,0.1518231521630003,0.0370323905823989,0.2255958401022723,0.1148978805589262,0.0,0.0,0.1358128900432088
0.9175473481605,0.0,0.0,0.0,0.0,0.0,0.0,0.0,0.0,0.1966823164510948,0.0,0.0,0.0,0.0,0.0,0.5767999125514779,0.0,0.3242575153703118,0.0,0.0,0.8671022932410869,0.8445205865084848,0.0,0.5583871767748637,0.1946933326450991,0.1773778085204337,0.0,0.0,0.0,0.0,0.0,0.0677269484060302,0.6240114449921341,0.0434894349234079,0.0,0.0,0.0,0.0,0.0168695955580568,0.6668294479807444,0.5559513177388757,0.1362758497067652,0.0,0.0,0.1471385761800228,0.0,0.152867649750702,0.0,0.0,0.0,0.0,0.0,0.0165676188294646,0.0,0.0,0.0,0.329641161634648,0.0,0.0,0.4465069307782869,0.464327108329111,0.0,0.3948064054127463,0.0,0.3157876980256031,0.7660044636635442,0.5507144036733445,0.1674026788518207,0.5298922907810264,0.4844396618364675,0.2748137627550308,0.0951015734866581,0.2698707169985213,0.0,0.0,0.2799011917276386
0.0826886904413166,0.8135769768393456,0.0,0.0,0.0,0.5713993231375888,0.0,0.0,0.0,0.0,0.0,0.0,0.0,0.0,0.5766208170879542,0.6365774801712603,0.0,0.6961051460106495,0.0,0.456670085747692,0.2222837794913927,0.4197179539307767,0.5359970883529512,0.0,0.7477319559759588,0.793161101757261,0.4851284975727826,0.0,0.5765138106897443,0.0,0.3923814142875743,0.0,0.0,0.0,0.0,0.0,0.0,0.0,0.0,0.0856440792591488,0.0,0.0,0.0,0.0,0.0,0.152867649750702,0.0,0.0,0.0,0.0,0.7183990262804092,0.3453653269805128,0.5450518630721367,0.4548759324887229,0.5696982177095786,0.0,0.0,0.7667842537427767,0.0,0.6496435409050695,0.76229651219525,0.6882663413172633,0.8683987644174176,0.0,0.6917779870191353,0.3840146868807945,0.6293052959209056,0.6926855573727648,0.0,0.7954756913975027,0.8849648880626523,0.6443457310129147,0.6756778641515445,0.6571001204403432,0.0,0.3477624808908738
0.0,0.0,0.9132722153842374,0.0,0.579167866428893,0.6916911367566312,0.1944371466905213,0.7613516909734338,0.5935794582703753,0.0,0.7201664285016598,0.0,0.4523657588953532,0.3263438345274884,0.0,0.0,0.0,0.0,0.5752623992627721,0.0,0.0,0.0,0.878278742121579,0.0,0.0,0.0,0.68499348981281,0.4372104906660196,0.4652220146879505,0.0,0.0,0.0,0.0,0.0,0.0,0.0,0.0,0.0,0.0,0.1707415325703212,0.0,0.0,0.0813515477506316,0.0,0.0,0.0,0.0,0.0,0.0,0.5497740414774603,0.480607356329278,0.3402573471976656,0.6508746331535402,0.6506216096996097,0.5609472550917854,0.8579084476047718,0.5954940172630748,0.358508731560961,0.343608977714641,0.0,0.0,0.0,0.0,0.743344452319015,0.0,0.4858857704421715,0.0,0.848787396000583,0.0,0.4628750918301494,0.5900305484697183,0.7359360388672006,0.382338167277216,0.0985968418666971,0.034901806372103,0.152790133992575
