0.0,0.3232379971514849,0.0,0.0,0.0,0.0425629885651098,0.0,0.0,0.0,0.2314433351430026,0.0,0.0,0.2040049114468688,0.0,0.567184847435249,0.5738430933603516,0.4288867243392463,0.5548516846280126,0.0,0.5673624442922325,0.737781340386749,0.596063943832671,0.2191780191359256,0.3985869249536249,0.6267875440056776,0.4645697580017136,0.2570211343842047,0.0,0.5410554588840364,0.0,0.6340924775898363,0.1562401088156121,0.2508229621109172,0.0879294730956389,0.0,0.0,0.0,0.3246417441966963,0.0976654693627198,0.0,0.0,0.0,0.0,0.0,0.0,0.6873656451455215,0.3894614628318213,0.0,0.0,0.0,0.0,0.0,0.0,0.0,0.044079976896444,0.0,0.0,0.0,0.0,0.0,0.1112384668089925,0.0,0.2683011521779532,0.0,0.0,0.719861429372095,0.7132360876985103,0.0,0.3882952288210743,0.506190868761887,0.4638973055924647,0.0,0.0,0.0,0.0,0.1725345534535049
0.3232379971514849,0.0,0.0,0.0,0.3922634808196465,0.4249269801829983,0.6176256344181301,0.1316412833971981,0.135473081432723,0.0,0.0,0.0,0.3437674759492916,0.0,0.2060595702451322,0.5887969616204528,0.7849225977101938,0.5954365106569048,0.0,0.4368423288917362,0.2889846352718611,0.5879935100910136,0.3519806946263119,0.0,0.7886621819730016,0.8008176070589818,0.148726195568364,0.0,0.3751111403607576,0.0,0.220399121100894,0.1346879726257175,0.3186205613096598,0.263054728921917,0.0,0.0,0.0,0.0,0.1702322373504431,0.0,0.0,0.0,0.0,0.0,0.0,0.2477800712689102,0.5716887930042214,0.0,0.0,0.0,0.5612743766919397,0.0,0.0,0.0,0.0,0.0,0.0,0.0,0.0,0.2175993901621542,0.3394559952417062,0.0,0.4345763545002012,0.0,0.5292906275876117,0.1792709906333581,0.5153037917773317,0.279061950204396,0.0,0.6675547464213335,0.7378383386356375,0.2537152642227606,0.0,0.4672367336340374,0.0,0.0854671100179959
0.0,0.0,0.0,0.0,0.3272863956486917,0.4317184572801434,0.4569103636234204,0.3941359210301864,0.5987713853335237,0.1234278135808547,0.817464780200711,0.2500178169236783,0.0445544161771022,0.0,0.0,0.0,0.0,0.0,0.7885277409058423,0.0,0.0,0.0,0.4888021273929471,0.0,0.0,0.0,0.3232156761367334,0.1038270490868635,0.0,0.0,0.0,0.0,0.2959045885396918,0.0,0.0,0.1744771787655457,0.0,0.0,0.123184663394728,0.0,0.1782989958281321,0.0,0.0607080671903202,0.0,0.0,0.0,0.0,0.6934423565576011,0.0,0.0,0.339061237154035,0.0,0.360063865306613,0.4115085177395682,0.0,0.66151265291428,0.0,0.0,0.0,0.0,0.0,0.0,0.0,0.5290544864799166,0.0,0.0,0.0,0.1874108646756599,0.0,0.0,0.0,0.1044238402151185,0.0,0.0,0.0,0.0
0.0,0.0,0.0,0.0,0.0958112308150212,0.0,0.1759668742278035,0.1116712274125561,0.0675100083693154,0.6603080489254953,0.0,0.6226389064855542,0.0,0.1685134115794464,0.0,0.0,0.0,0.0,0.0205749890407103,0.0,0.0,0.0,0.0776581662031164,0.0,0.0,0.0,0.0,0.1456777807719952,0.0,0.0,0.1980688737035486,0.0,0.0,0.0910225959897084,0.0,0.0,0.2439724834200494,0.0,0.0,0.0,0.0,0.0,0.0,0.0,0.0,0.0,0.0,0.0,0.0,0.0,0.0,0.0,0.0,0.0,0.0,0.0,0.0,0.0,0.0,0.0,0.0,0.0,0.0,0.0,0.0,0.0,0.0,0.0,0.0,0.0,0.0,0.0,0.0,0.0,0.0,0.0
0.0,0.3922634808196465,0.3272863956486917,0.0958112308150212,0.0,0.2426651256315435,0.6839294957357605,0.2520180167018387,0.6047408542953934,0.3438128131400901,0.7074971011098807,0.178536325775701,0.2577697646869842,0.0566463981523586,0.0,0.537954359211712,0.0,0.0,0.5742045646606853,0.7119800337006864,0.0,0.6713599344849609,0.4128470788191278,0.0,0.5616361929796492,0.4330618993773689,0.5947692117684534,0.0,0.6078018178217229,0.0,0.2534304605977495,0.0,0.0,0.0,0.0,0.0,0.0,0.1776516220991359,0.0321160484998807,0.0,0.0,0.0,0.2793514578670938,0.0,0.0,0.0,0.0,0.2021570421459451,0.0,0.0,0.3340436553532204,0.0,0.1926310720782907,0.7582420391969135,0.0,0.2673005792557655,0.0,0.0,0.0,0.0,0.0,0.0,0.0,0.2714586648089311,0.0,0.0,0.0,0.483844666008103,0.0,0.0,0.0,0.4391792725890796,0.0,0.0,0.0,0.0
0.0425629885651098,0.4249269801829983,0.4317184572801434,0.0,0.2426651256315435,0.0,0.4457630380538337,0.5773271856977206,0.5984988469416257,0.1454337678986046,0.430419989843187,0.3170216798998092,0.199022287405444,0.0,0.1752811238829617,0.0,0.0381927692981871,0.0,0.6196788705755096,0.1601217643862399,0.0736917063850377,0.0379662873051335,0.7019154219038676,0.0,0.1744306562874117,0.4566435153383685,0.579143580316879,0.207944350212252,0.4328171800246918,0.2451371474982414,0.0,0.1293202819622822,0.2748208563089917,0.0416991373497849,0.0,0.1640184972489424,0.0,0.1836035765056177,0.1697548815386081,0.0,0.3535320548010064,0.0,0.1602118220476847,0.0,0.0,0.0,0.4771769712951317,0.4020513353196975,0.0,0.099532373347636,0.4996433759985204,0.0908320329895431,0.5014227556698337,0.291711550154473,0.0,0.2792596339412618,0.0,0.0188990850383518,0.0,0.0251211282774294,0.0,0.0,0.0,0.3736279147640882,0.0617186529745632,0.0,0.0739574090897767,0.3498864839672824,0.0,0.0,0.3004275933020475,0.2158766884992456,0.0,0.0,0.0854483263094637,0.0611230274525057
0.0,0.6176256344181301,0.4569103636234204,0.1759668742278035,0.6839294957357605,0.4457630380538337,0.0,0.1306213016109992,0.399126572919599,0.3844753783311999,0.626726382400721,0.3057741614349669,0.2789065065868039,0.0864292515056436,0.0,0.3406118069453468,0.3916996340820703,0.3202172883662934,0.6003163430635041,0.4084554886870241,0.0,0.4276450423826329,0.3901055835323593,0.1594493655699887,0.5483737642910576,0.5072687256224689,0.4571578757305885,0.0,0.536184246656622,0.0,0.0698779898187081,0.0,0.0673621143572484,0.0,0.0,0.0654668713842502,0.0,0.1052978292225256,0.0824973508165407,0.0,0.0,0.0,0.2512874395410936,0.0,0.0,0.0,0.0,0.2192105403508664,0.0,0.0,0.28746840020449,0.0,0.0480428752751763,0.4958441717754064,0.0,0.2332993593733149,0.0,0.0,0.0,0.0,0.0,0.0,0.0,0.2463662838747786,0.0,0.0,0.0,0.1502429193329202,0.0,0.0,0.0,0.2994836851887713,0.0,0.0,0.0,0.0
0.0,0.1316412833971981,0.3941359210301864,0.1116712274125561,0.2520180167018387,0.5773271856977206,0.1306213016109992,0.0,0.5941639878829067,0.1210703881872385,0.3546984289421458,0.3938075389208693,0.0,0.0,0.0,0.0,0.0,0.0,0.5085290071913104,0.0,0.0467430212708484,0.0,0.738219614185507,0.3572517266731036,0.0,0.2867498896363533,0.1691547239501114,0.0,0.0,0.3985596893658091,0.0,0.0409350405496864,0.2149969188706189,0.0,0.0,0.1040177824953548,0.0,0.0,0.0713499054127266,0.0,0.0,0.0,0.1618757761266675,0.0,0.0,0.0,0.0,0.3025102840476375,0.0,0.3599849773353796,0.3335173074988106,0.2365496724310423,0.7998571705299564,0.3688763963961469,0.0,0.2256821595186267,0.0,0.13167601816268,0.2444083536605449,0.0,0.0,0.0,0.0,0.4379813794478778,0.0,0.0,0.0,0.4118586360330478,0.0,0.0,0.0,0.0,0.0,0.0,0.0,0.0
0.0,0.135473081432723,0.5987713853335237,0.0675100083693154,0.6047408542953934,0.5984988469416257,0.399126572919599,0.5941639878829067,0.0,0.2557538100348058,0.7127080734515676,0.3078422081089059,0.1682209829434116,0.0,0.0,0.0,0.0,0.0,0.6813601923934293,0.259223766438757,0.0,0.1194660107191477,0.5729283273763595,0.1665191632710533,0.0355503602815498,0.3444097607273613,0.582885713337242,0.1448243705994289,0.3235697793234142,0.3853069541313083,0.0,0.0,0.1325880427645319,0.0,0.0,0.0,0.0,0.0,0.0,0.0,0.0,0.0,0.0,0.0,0.0,0.0,0.0,0.4498326956528667,0.0,0.4415982128963989,0.3181696013218122,0.4395857671055114,0.4808626514942432,0.7755086373266024,0.0,0.4336733078830758,0.0,0.3214226924873677,0.1685854539769312,0.0,0.0,0.0,0.0,0.3624909968433156,0.0,0.0,0.0,0.3529074219284517,0.0,0.0,0.0,0.2025604092152572,0.1692863663106867,0.0,0.0,0.0
0.2314433351430026,0.0,0.1234278135808547,0.6603080489254953,0.3438128131400901,0.1454337678986046,0.3844753783311999,0.1210703881872385,0.2557538100348058,0.0,0.1059080187103184,0.8866887029346524,0.2452459068730196,0.0,0.0,0.4427701792904094,0.801396055063227,0.5087911140445885,0.3606430507359019,0.1828171695408759,0.0,0.3810871104278744,0.1910459464785544,0.2669342924865544,0.5688423799834638,0.7507915259861851,0.0,0.1005482545817637,0.043293690395488,0.0,0.3567316831392893,0.0,0.2342366663163527,0.184155946874686,0.0,0.0,0.0,0.1428976882509235,0.0,0.065810851193523,0.0,0.0,0.0,0.0,0.1937211618307955,0.2818152891197773,0.0,0.0,0.0,0.0,0.0,0.0,0.0,0.0,0.8904763277208095,0.0,0.8774241641952233,0.6866106944585003,0.0,0.0,0.0,0.8918266762452877,0.6923696747261427,0.0,0.0,0.0,0.0,0.0,0.5766102809709779,0.6208750484753971,0.7196179629118044,0.0,0.6883280449365649,0.0,0.0,0.2329971449870111
0.0,0.0,0.817464780200711,0.0,0.7074971011098807,0.430419989843187,0.626726382400721,0.3546984289421458,0.7127080734515676,0.1059080187103184,0.0,0.0856138993507919,0.1798209853327167,0.0298587484097197,0.0,0.0,0.1822802206975537,0.0,0.811386194261357,0.0,0.0,0.0,0.5278069340329777,0.2615080857602299,0.0,0.3069679163607445,0.655761073340143,0.0,0.0,0.0,0.0,0.0,0.2049450032712685,0.0,0.0,0.079285981455347,0.0,0.1640894290034138,0.1688205368276834,0.0,0.0,0.0,0.2448334682060935,0.0,0.0,0.0,0.0,0.580303140985312,0.0,0.0,0.4587119756995405,0.0,0.4022851524505196,0.6126575318994572,0.0,0.7460841217399816,0.0,0.1366289939474423,0.0,0.0,0.0,0.0,0.0,0.4797182355420782,0.0,0.0,0.0,0.454081311768442,0.0,0.0,0.0,0.4219063024370542,0.1373257827727475,0.0,0.0,0.0
0.0,0.0,0.2500178169236783,0.6226389064855542,0.178536325775701,0.3170216798998092,0.3057741614349669,0.3938075389208693,0.3078422081089059,0.8866887029346524,0.0856138993507919,0.0,0.1587898527097911,0.0,0.0,0.0,0.5684254538090784,0.212393688846822,0.4107278718403441,0.0,0.0471890483502247,0.0,0.3280610312991485,0.4072130409268168,0.2716670134402631,0.6979019840570326,0.0,0.2509939611557429,0.0,0.0,0.0707613640523139,0.0,0.2368961095545014,0.133442551365257,0.0,0.1256079105014902,0.1631637487641864,0.1326839689836789,0.0,0.2404839912556506,0.0,0.0,0.2408641179232837,0.0,0.2093796895036507,0.0,0.0,0.0,0.0,0.0,0.0,0.0,0.0,0.0,0.8214022890569064,0.0,0.9712221589600468,0.5349512143526165,0.0,0.0,0.0,0.7719134963431858,0.5110439849126054,0.0,0.0,0.0,0.0,0.0,0.6211135677195173,0.4373025415102339,0.6252856627681566,0.0,0.52733887957104,0.0,0.0,0.25354639047449
0.2040049114468688,0.3437674759492916,0.0445544161771022,0.0,0.2577697646869842,0.199022287405444,0.2789065065868039,0.0,0.1682209829434116,0.2452459068730196,0.1798209853327167,0.1587898527097911,0.0,0.0,0.2898784306890123,0.3795891166176066,0.395565460438169,0.3822920526520105,0.2090130383147916,0.3484171728091143,0.415564738432799,0.339205213954465,0.0203045120334534,0.081059123810507,0.2219204104946542,0.4539002891766633,0.1080166831942782,0.2817596768404878,0.2847587220067089,0.0789557074999881,0.3729788825952442,0.1237794916228776,0.1909716201791875,0.1525398715092643,0.0,0.0,0.0,0.1317938238374147,0.0,0.0,0.0,0.0,0.0,0.0,0.0,0.0,0.0,0.1808476836896536,0.0,0.0,0.0760186170483167,0.06094591263756,0.0,0.0,0.0,0.0589180278134028,0.079512258787349,0.0,0.0,0.2375658732319395,0.0,0.0,0.0,0.0,0.2466988465855692,0.0,0.2401575314377657,0.032747302207851,0.0,0.0473477305933177,0.3592058407468242,0.1714839900085727,0.0,0.2038296505534934,0.0,0.0
0.0,0.0,0.0,0.1685134115794464,0.0566463981523586,0.0,0.0864292515056436,0.0,0.0,0.0,0.0298587484097197,0.0,0.0,0.0,0.0,0.0,0.0,0.0,0.0,0.0,0.0,0.0,0.0,0.0,0.0,0.0,0.1109226897054313,0.0,0.0,0.0,0.006324012867753,0.1095727017290324,0.0,0.0227941963363378,0.0,0.053735821090786,0.0880680614251587,0.0,0.2104340283612806,0.0,0.0,0.0,0.3407805982585855,0.0,0.0,0.0,0.0,0.0,0.0,0.0,0.0,0.0,0.0,0.0,0.0,0.0,0.0,0.0,0.0,0.0,0.0,0.0,0.0,0.0,0.0,0.0,0.0,0.1351819347401989,0.0,0.0,0.0,0.1819216824005668,0.0,0.0,0.0,0.0
0.567184847435249,0.2060595702451322,0.0,0.0,0.0,0.1752811238829617,0.0,0.0,0.0,0.0,0.0,0.0,0.2898784306890123,0.0,0.0,0.454380538123372,0.0,0.4060492260418723,0.0,0.7360591078142894,0.6579891555531439,0.6667310108381287,0.2487821511196952,0.1115610666216867,0.4761253673373082,0.2000143328580341,0.6303957387667025,0.0,0.7189454784984314,0.0,0.3500893429851898,0.1148355106266362,0.0479416589021125,0.0,0.0,0.0,0.0,0.0,0.1781397637480654,0.0,0.0,0.0,0.163615104788486,0.0,0.0,0.0,0.5083522665988937,0.0,0.0,0.0,0.3053053759173169,0.0,0.0640644997779555,0.0,0.0,0.0,0.0,0.2961791426717766,0.0,0.7474955233338285,0.0,0.0,0.0,0.0,0.7094226659512769,0.7313906043011416,0.7465483700822334,0.436042292359973,0.0,0.3137659058690529,0.3235347477230192,0.7115546192374952,0.3133415322456141,0.6483128905102405,0.0,0.0
0.5738430933603516,0.5887969616204528,0.0,0.0,0.537954359211712,0.0,0.3406118069453468,0.0,0.0,0.4427701792904094,0.0,0.0,0.3795891166176066,0.0,0.454380538123372,0.0,0.816267533736137,1.0,0.0,0.8169614639618425,0.5965590904180279,0.9512504125872204,0.0213207915320943,0.1510556398312055,0.825927077675156,0.3786177196875995,0.1276574991626169,0.0,0.4971783402522059,0.0,0.6030241718761419,0.0996909558034035,0.0737267867697562,0.0502740630855967,0.0,0.0,0.0,0.0,0.0414375519087061,0.0,0.0,0.0,0.0,0.0,0.0,0.4071276388678685,0.5292012908385786,0.0,0.0,0.0,0.0,0.0,0.0,0.0,0.0,0.0,0.0,0.0,0.0,0.5872350929907186,0.0,0.0,0.2564933212807217,0.0,0.6292030063087749,0.5962385087274708,0.7702635939817106,0.4120434274243797,0.0,0.5682252579969501,0.5695361861273607,0.4616305380588543,0.0,0.7047569170219737,0.0,0.0
0.4288867243392463,0.7849225977101938,0.0,0.0,0.0,0.0381927692981871,0.3916996340820703,0.0,0.0,0.801396055063227,0.1822802206975537,0.5684254538090784,0.395565460438169,0.0,0.0,0.816267533736137,0.0,0.8872331344417854,0.0,0.582601543056673,0.0,0.7493472937842758,0.0,0.3335878897180483,0.8284219890496549,0.6446737228356031,0.0,0.0,0.3507279647377034,0.0,0.5448715485907789,0.0939299159873979,0.250729610710418,0.1650851081262953,0.0,0.0,0.0,0.422830259171573,0.0,0.0,0.0,0.0,0.0,0.0,0.0,0.0,0.0,0.0,0.0,0.0,0.0,0.0,0.0,0.0,0.5127024259948526,0.0,0.4813503839081178,0.0,0.0,0.0,0.0,0.6932365198036851,0.49366851264429,0.0,0.0,0.0,0.0,0.0,0.464927320406632,0.6771209684836967,0.7515352038818488,0.0,0.0,0.0,0.0,0.0
0.5548516846280126,0.5954365106569048,0.0,0.0,0.0,0.0,0.3202172883662934,0.0,0.0,0.5087911140445885,0.0,0.212393688846822,0.3822920526520105,0.0,0.4060492260418723,1.0,0.8872331344417854,0.0,0.0,0.8156019823333953,0.5591342385503659,0.9539477889744016,0.0,0.1890844299390689,0.827768544682747,0.3928680024631404,0.0580059943601367,0.0,0.4492895435524519,0.0,0.6182470289065897,0.1019411975441051,0.1154869044611946,0.0466129042031813,0.0,0.0,0.0,0.0,0.0326514793634908,0.0,0.0,0.0,0.0,0.0,0.0,0.3937518861599838,0.5033922044094944,0.0,0.0,0.0,0.0,0.0,0.0,0.0,0.199563705314905,0.0,0.1389921884758949,0.0,0.0,0.0,0.0646661928230029,0.3990708565049284,0.3332967055850315,0.0,0.0,0.0,0.7856433698359175,0.0,0.261573151975813,0.5896103984721688,0.6147392729322338,0.0,0.0,0.0,0.0,0.0
0.0,0.0,0.7885277409058423,0.0205749890407103,0.5742045646606853,0.6196788705755096,0.6003163430635041,0.5085290071913104,0.6813601923934293,0.3606430507359019,0.811386194261357,0.4107278718403441,0.2090130383147916,0.0,0.0,0.0,0.0,0.0,0.0,0.0,0.0,0.0,0.6300137905874155,0.0,0.0,0.0,0.4730917851269694,0.0,0.0,0.0,0.05938888563384,0.0749636153233596,0.0,0.0193921567104808,0.0,0.1634820227086539,0.0,0.2327350388081548,0.1707709907650651,0.0,0.0,0.0,0.2296449267596849,0.0,0.0,0.0,0.0,0.6272371449051619,0.0,0.0,0.5480410028618584,0.0710900469872415,0.4599540146028559,0.6461880106924061,0.0,0.4718748234781393,0.0,0.2435618731161535,0.0,0.0,0.0,0.0,0.0,0.5971244423813017,0.0,0.0,0.0,0.4601907373234907,0.0,0.0,0.0,0.2589504552557291,0.0,0.0,0.0,0.0
0.5673624442922325,0.4368423288917362,0.0,0.0,0.7119800337006864,0.1601217643862399,0.4084554886870241,0.0,0.259223766438757,0.1828171695408759,0.0,0.0,0.3484171728091143,0.0,0.7360591078142894,0.8169614639618425,0.582601543056673,0.8156019823333953,0.0,0.0,0.636594926876826,0.9281984028777748,0.1967904784477662,0.0,0.7203394812554258,0.3092634063897199,0.474221386513418,0.0,0.7132500284144686,0.0,0.4313307262995235,0.2011586631449089,0.0968651309440177,0.0,0.0,0.0,0.0,0.0,0.294767697740474,0.0,0.0,0.0,0.4563477265662862,0.0,0.0,0.0,0.7700017279250443,0.0,0.0,0.0,0.4229097198166858,0.0,0.0860890780326182,0.0,0.0,0.0,0.0,0.5034166699573138,0.0,0.689140704819096,0.0,0.0,0.0,0.0,0.8381945717017573,0.7115632310685479,0.9006240175696597,0.5436216977324075,0.0,0.5711267950510067,0.550448055750437,0.5958781859765315,0.5318579492326813,0.7323942516137377,0.0,0.0
0.737781340386749,0.2889846352718611,0.0,0.0,0.0,0.0736917063850377,0.0,0.0467430212708484,0.0,0.0,0.0,0.0471890483502247,0.415564738432799,0.0,0.6579891555531439,0.5965590904180279,0.0,0.5591342385503659,0.0,0.636594926876826,0.0,0.6448444291866187,0.2379116836959005,0.2561097180767036,0.5190349912571935,0.5163148520189759,0.3015672489518095,0.0,0.5832575975138194,0.0,0.6066192108155584,0.0256771514701531,0.2155312364775254,0.1196034340488063,0.0,0.0,0.0,0.0,0.0,0.0,0.0,0.0,0.0,0.0,0.0,0.6086069458019595,0.3512320465903051,0.0,0.0,0.0,0.1223279787546405,0.0,0.0,0.0,0.0,0.0,0.0,0.5144639503083394,0.0,0.7098001826587932,0.0,0.0,0.0,0.0,0.6165957158430827,0.7341500299506323,0.6850731267884986,0.3568056312721355,0.0,0.38498785071666,0.5200533940881821,0.4190426961445351,0.4725389048354967,0.591015098387379,0.0,0.0
0.596063943832671,0.5879935100910136,0.0,0.0,0.6713599344849609,0.0379662873051335,0.4276450423826329,0.0,0.1194660107191477,0.3810871104278744,0.0,0.0,0.339205213954465,0.0,0.6667310108381287,0.9512504125872204,0.7493472937842758,0.9539477889744016,0.0,0.9281984028777748,0.6448444291866187,0.0,0.0972372098754896,0.0,0.8449500126414582,0.3966231666847133,0.4407821907740024,0.0,0.7185266098699082,0.0,0.5464434902621521,0.1709801610575482,0.13361768737745,0.0904553884664266,0.0,0.0,0.0,0.0,0.2093049167881333,0.0,0.0,0.0,0.4142043895843171,0.0,0.0,0.4407339979089301,0.6800942823838214,0.0,0.0,0.0,0.3665710266608325,0.0,0.0,0.0,0.0,0.0,0.0,0.0,0.0,0.7073516964012581,0.0514640909678575,0.0,0.291859435165389,0.0,0.7960452022301309,0.6976994413650116,0.9198955326647414,0.4648209701742019,0.0,0.6154330559602647,0.5961938235449593,0.6235058484982368,0.5914738879314988,0.8051280224795111,0.0,0.0
0.2191780191359256,0.3519806946263119,0.4888021273929471,0.0776581662031164,0.4128470788191278,0.7019154219038676,0.3901055835323593,0.738219614185507,0.5729283273763595,0.1910459464785544,0.5278069340329777,0.3280610312991485,0.0203045120334534,0.0,0.2487821511196952,0.0213207915320943,0.0,0.0,0.6300137905874155,0.1967904784477662,0.2379116836959005,0.0972372098754896,0.0,0.4694314347023708,0.1855344256376138,0.4741591686950953,0.4076881316673748,0.0,0.2619618974607122,0.2544832949728987,0.0,0.0306344017944885,0.1924777857458309,0.0,0.0,0.1777098562423604,0.0,0.1119512793468971,0.0614845535846651,0.2686518628720523,0.020366396837333,0.0,0.2161623745438238,0.0333962166128068,0.0,0.0,0.3887071117574826,0.4347838253934316,0.0,0.1418753391669633,0.5015573916941115,0.1495124094368336,0.6165778343734539,0.4552933370072716,0.0,0.2697709682141972,0.0,0.1751878216845544,0.1146418796254056,0.0719139692261082,0.0,0.0,0.0,0.3786265038242501,0.1903443462821703,0.1184757948434678,0.1444397099925761,0.6688138121624911,0.0,0.2554439279299647,0.3536435232911121,0.1880557033745545,0.0938885217648796,0.0,0.0,0.035685356942101
0.3985869249536249,0.0,0.0,0.0,0.0,0.0,0.1594493655699887,0.3572517266731036,0.1665191632710533,0.2669342924865544,0.2615080857602299,0.4072130409268168,0.081059123810507,0.0,0.1115610666216867,0.1510556398312055,0.3335878897180483,0.1890844299390689,0.0,0.0,0.2561097180767036,0.0,0.4694314347023708,0.0,0.2824274750146009,0.6023990604702693,0.0,0.1802393588394024,0.0,0.0,0.2013260886742549,0.2538433182707431,0.4823766446406545,0.0972672513997749,0.0,0.3805595226569996,0.0,0.4458894273222306,0.3315528590742277,0.1572819661312977,0.2028198043065258,0.0,0.0,0.0,0.2406488447918401,0.1102361636334303,0.0,0.0,0.0,0.0,0.0,0.0,0.0,0.0,0.1029755731169907,0.0,0.262059819521714,0.0,0.0,0.0,0.1419314286983052,0.1576874893276307,0.0506614162883908,0.0,0.0,0.0,0.0,0.0,0.7507772585404934,0.3234551030112496,0.5871807499842372,0.0,0.1985866700102168,0.0,0.0,0.2509206522806241
0.6267875440056776,0.7886621819730016,0.0,0.0,0.5616361929796492,0.1744306562874117,0.5483737642910576,0.0,0.0355503602815498,0.5688423799834638,0.0,0.2716670134402631,0.2219204104946542,0.0,0.4761253673373082,0.825927077675156,0.8284219890496549,0.827768544682747,0.0,0.7203394812554258,0.5190349912571935,0.8449500126414582,0.1855344256376138,0.2824274750146009,0.0,0.575087481762964,0.2788471732233792,0.0,0.6577743988642282,0.0,0.4974707558100431,0.0458430015628285,0.1753541347470694,0.1035846055128359,0.0,0.0,0.0,0.3898909972133752,0.1818270950289109,0.0,0.0,0.0,0.0,0.0,0.0,0.5211941957740684,0.6181597201926051,0.0,0.0,0.0,0.0,0.0,0.0,0.0,0.3097018504954745,0.0,0.1763948215230255,0.4891906242328012,0.0,0.5195545755919532,0.3281659871059909,0.4928255375782066,0.5031237957197175,0.0,0.7346316680206426,0.5312236408355081,0.8103661592866953,0.3674467930165633,0.3677821668905856,0.8396754544266494,0.6436087386266877,0.0,0.0,0.8340189073289769,0.0,0.1264012392386848
0.4645697580017136,0.8008176070589818,0.0,0.0,0.4330618993773689,0.4566435153383685,0.5072687256224689,0.2867498896363533,0.3444097607273613,0.7507915259861851,0.3069679163607445,0.6979019840570326,0.4539002891766633,0.0,0.2000143328580341,0.3786177196875995,0.6446737228356031,0.3928680024631404,0.0,0.3092634063897199,0.5163148520189759,0.3966231666847133,0.4741591686950953,0.6023990604702693,0.575087481762964,0.0,0.083108260399703,0.2213135872996169,0.3402308970593095,0.0,0.3265156659756333,0.0612964694297612,0.4189623751368967,0.3466816431934778,0.0,0.145588193644583,0.0,0.2768247983222878,0.0981846325844768,0.1167203196867647,0.0054572355944961,0.0,0.0,0.0,0.2525338923432637,0.3637463525487734,0.402585089295882,0.0,0.0,0.0,0.3880332980863258,0.0,0.0,0.0,0.5226327233953785,0.0,0.56844315232291,0.508502893082908,0.0,0.2554451419579535,0.3485045105933595,0.5532848329769395,0.4985571024375307,0.0,0.4919548273685955,0.236947932040251,0.4564293483453884,0.2369298463441213,0.6638833435513459,0.5393226630808524,0.812559038190557,0.0640649449474417,0.4969756135755542,0.3017732360607792,0.0,0.1909938822881939
0.2570211343842047,0.148726195568364,0.3232156761367334,0.0,0.5947692117684534,0.579143580316879,0.4571578757305885,0.1691547239501114,0.582885713337242,0.0,0.655761073340143,0.0,0.1080166831942782,0.1109226897054313,0.6303957387667025,0.1276574991626169,0.0,0.0580059943601367,0.4730917851269694,0.474221386513418,0.3015672489518095,0.4407821907740024,0.4076881316673748,0.0,0.2788471732233792,0.083108260399703,0.0,0.0,0.7761771911596579,0.0,0.0,0.035632396627661,0.0229675335663977,0.0,0.0,0.0,0.0,0.1468134150242558,0.1038339144907647,0.0,0.0914880865074865,0.0,0.1026003284218745,0.0,0.0,0.0,0.4594471866677103,0.2897208413865034,0.0,0.0,0.3088273850743196,0.0,0.2606953934681301,0.3851621193225991,0.0,0.5581676441151616,0.0,0.0164421002141915,0.0,0.4048504602776175,0.0,0.0,0.0,0.311664058521641,0.3149068536037648,0.3654429711716638,0.3815022580572436,0.3696018229755989,0.0,0.0,0.0720932286441155,0.7114452465109471,0.0,0.3197133593153887,0.0,0.0
0.0,0.0,0.1038270490868635,0.1456777807719952,0.0,0.207944350212252,0.0,0.0,0.1448243705994289,0.1005482545817637,0.0,0.2509939611557429,0.2817596768404878,0.0,0.0,0.0,0.0,0.0,0.0,0.0,0.0,0.0,0.0,0.1802393588394024,0.0,0.2213135872996169,0.0,0.0,0.0,0.2056527724794685,0.0,0.0857131243267662,0.1458029251181582,0.099883451002523,0.2141870780057419,0.2506329118918801,0.5687950627574687,0.0,0.0576518020172683,0.3639609969743829,0.3930007511301656,0.2276212944946318,0.0,0.0,0.0,0.0,0.0,0.1525505342421493,0.0,0.0,0.0,0.0,0.0,0.0,0.2445188576394143,0.0,0.2967382786076419,0.0,0.0,0.0,0.0,0.0,0.0,0.0,0.0,0.0,0.0,0.0,0.0,0.0,0.0382748269068052,0.0,0.0240160023784174,0.0,0.0,0.4614676560625987
0.5410554588840364,0.3751111403607576,0.0,0.0,0.6078018178217229,0.4328171800246918,0.536184246656622,0.0,0.3235697793234142,0.043293690395488,0.0,0.0,0.2847587220067089,0.0,0.7189454784984314,0.4971783402522059,0.3507279647377034,0.4492895435524519,0.0,0.7132500284144686,0.5832575975138194,0.7185266098699082,0.2619618974607122,0.0,0.6577743988642282,0.3402308970593095,0.7761771911596579,0.0,0.0,0.0,0.348155034524293,0.0777292560540799,0.0924548725777251,0.0,0.0,0.0098000006718831,0.0,0.0,0.1710791804941723,0.0,0.0164949102209872,0.0,0.1939196194577094,0.0,0.0,0.0,0.6331628027949068,0.2232405214395308,0.0,0.0,0.2780402715711936,0.0,0.0,0.3943970574995305,0.0,0.0,0.0,0.1667788941997448,0.0,0.6351658377690664,0.0,0.0,0.0,0.0,0.5821235628095303,0.6769895381779912,0.7410957664613226,0.38064370337788,0.0,0.0,0.3589704978832155,0.6890739961495032,0.184154129110193,0.6578703867821657,0.0,0.0
0.0,0.0,0.0,0.0,0.0,0.2451371474982414,0.0,0.3985596893658091,0.3853069541313083,0.0,0.0,0.0,0.0789557074999881,0.0,0.0,0.0,0.0,0.0,0.0,0.0,0.0,0.0,0.2544832949728987,0.0,0.0,0.0,0.0,0.2056527724794685,0.0,0.0,0.1656873457823516,0.0,0.0,0.0,0.0,0.0,0.0,0.0,0.0,0.0,0.0,0.0,0.0,0.0,0.0,0.0,0.0,0.0,0.0,0.0,0.0,0.0,0.0,0.0,0.0,0.0,0.0,0.0,0.0,0.0,0.0,0.0,0.0,0.0,0.0,0.0,0.0,0.0628055800690456,0.0,0.0,0.0,0.0,0.0,0.0,0.0,0.0
0.6340924775898363,0.220399121100894,0.0,0.1980688737035486,0.2534304605977495,0.0,0.0698779898187081,0.0,0.0,0.3567316831392893,0.0,0.0707613640523139,0.3729788825952442,0.006324012867753,0.3500893429851898,0.6030241718761419,0.5448715485907789,0.6182470289065897,0.05938888563384,0.4313307262995235,0.6066192108155584,0.5464434902621521,0.0,0.2013260886742549,0.4974707558100431,0.3265156659756333,0.0,0.0,0.348155034524293,0.1656873457823516,0.0,0.1428495577697612,0.1725698220405085,0.0940622503527099,0.0,0.0,0.0,0.1728286449836228,0.0,0.0,0.0,0.0,0.1451842585384067,0.0,0.0,0.0,0.0598310201042044,0.0,0.0,0.0,0.0,0.0,0.0,0.0,0.2020313511737743,0.0,0.0530129543077303,0.0,0.0,0.4810319949499775,0.1443541456397679,0.2972827719506236,0.3100511956404827,0.0,0.4414818738272653,0.5534690693757228,0.5110154891685744,0.2109597075477886,0.341933213018951,0.3261226817450549,0.3919563957354937,0.3057240634167073,0.4790348338261894,0.5563432215784228,0.0,0.2304972095988235
0.1562401088156121,0.1346879726257175,0.0,0.0,0.0,0.1293202819622822,0.0,0.0409350405496864,0.0,0.0,0.0,0.0,0.1237794916228776,0.1095727017290324,0.1148355106266362,0.0996909558034035,0.0939299159873979,0.1019411975441051,0.0749636153233596,0.2011586631449089,0.0256771514701531,0.1709801610575482,0.0306344017944885,0.2538433182707431,0.0458430015628285,0.0612964694297612,0.035632396627661,0.0857131243267662,0.0777292560540799,0.0,0.1428495577697612,0.0,0.334330523602323,0.2166547914910274,0.023319593155955,0.0625466238009753,0.0795052396982033,0.0428958544833458,0.366442357548019,0.0,0.0945329967899065,0.0,0.2066741172768923,0.1965630340706434,0.0218010952103186,0.0116797479640312,0.2176381011793162,0.1538177423148801,0.0,0.0,0.1352167258678974,0.0,0.0655126695222877,0.0,0.0,0.1056452696697432,0.0,0.0,0.0,0.0780798361114855,0.0446328242249456,0.0,0.0,0.1585429930044307,0.2126764065913192,0.1497413777471266,0.1863243197193792,0.1196831273167556,0.1447563286886538,0.0259849361973944,0.1618006008514359,0.0505033401192945,0.0,0.0827405594518351,0.0,0.1800089725137045
0.2508229621109172,0.3186205613096598,0.2959045885396918,0.0,0.0,0.2748208563089917,0.0673621143572484,0.2149969188706189,0.1325880427645319,0.2342366663163527,0.2049450032712685,0.2368961095545014,0.1909716201791875,0.0,0.0479416589021125,0.0737267867697562,0.250729610710418,0.1154869044611946,0.0,0.0968651309440177,0.2155312364775254,0.13361768737745,0.1924777857458309,0.4823766446406545,0.1753541347470694,0.4189623751368967,0.0229675335663977,0.1458029251181582,0.0924548725777251,0.0,0.1725698220405085,0.334330523602323,0.0,0.270031145385344,0.0,0.1242145632353936,0.0035932356821227,0.1478657481473542,0.1377444168412128,0.3441801723554852,0.1538371605661954,0.0,0.0,0.0,0.1464633030991363,0.046984967381318,0.262989063585795,0.0,0.0,0.0,0.0,0.0,0.0,0.0,0.1464167300737172,0.0,0.2250877885831821,0.0,0.0,0.0640534282252776,0.0649971579095382,0.1830120344869747,0.0,0.0,0.1793927035716224,0.205662075072036,0.1677011160988644,0.1635815088197093,0.3982089743441784,0.1583174609502129,0.4233260044283869,0.0207394863066477,0.0772666705144127,0.0,0.0,0.1036840878379305
0.0879294730956389,0.263054728921917,0.0,0.0910225959897084,0.0,0.0416991373497849,0.0,0.0,0.0,0.184155946874686,0.0,0.133442551365257,0.1525398715092643,0.0227941963363378,0.0,0.0502740630855967,0.1650851081262953,0.0466129042031813,0.0193921567104808,0.0,0.1196034340488063,0.0904553884664266,0.0,0.0972672513997749,0.1035846055128359,0.3466816431934778,0.0,0.099883451002523,0.0,0.0,0.0940622503527099,0.2166547914910274,0.270031145385344,0.0,0.0420141677724724,0.0579939700372234,0.0975958092484158,0.0,0.1757241797253501,0.0,0.2274663909377913,0.0,0.1301057917809946,0.0012987421425505,0.0,0.0959733608649132,0.0657425372263214,0.0,0.0,0.0,0.1366422569114449,0.0,0.0,0.0283715798726798,0.1315539833131831,0.0,0.1340444085547414,0.1043240452474039,0.0,0.0,0.0731023088120488,0.1188565157286537,0.056882187065145,0.0,0.1263189170042133,0.0,0.0875174017073886,0.0,0.1026820660981881,0.0603444978852509,0.2258359033194298,0.0,0.0526998729184446,0.0912315174542021,0.0,0.0681572236037224
0.0,0.0,0.0,0.0,0.0,0.0,0.0,0.0,0.0,0.0,0.0,0.0,0.0,0.0,0.0,0.0,0.0,0.0,0.0,0.0,0.0,0.0,0.0,0.0,0.0,0.0,0.0,0.2141870780057419,0.0,0.0,0.0,0.023319593155955,0.0,0.0420141677724724,0.0,0.0,0.2576919820266954,0.0,0.0,0.0234402735087923,0.1650461538262806,0.4373455890957761,0.0,0.0,0.0,0.0,0.0,0.0,0.0,0.0,0.0,0.0,0.0,0.0,0.0,0.0,0.0,0.0,0.0,0.0,0.0,0.0,0.0,0.0,0.0,0.0,0.0,0.0,0.0,0.0,0.0,0.0,0.0,0.0,0.0,0.0
0.0,0.0,0.1744771787655457,0.0,0.0,0.1640184972489424,0.0654668713842502,0.1040177824953548,0.0,0.0,0.079285981455347,0.1256079105014902,0.0,0.053735821090786,0.0,0.0,0.0,0.0,0.1634820227086539,0.0,0.0,0.0,0.1777098562423604,0.3805595226569996,0.0,0.145588193644583,0.0,0.2506329118918801,0.0098000006718831,0.0,0.0,0.0625466238009753,0.1242145632353936,0.0579939700372234,0.0,0.0,0.2496569031861828,0.177820417555009,0.3221105632494812,0.2328575342140419,0.3714040920386915,0.0277480183120422,0.3338858334872572,0.2945174989739281,0.140122144931536,0.0,0.0,0.3455220900093602,0.0,0.0,0.119499308881568,0.0,0.1468225413760563,0.0,0.0,0.0991115937086793,0.0452677927566401,0.0,0.0,0.0,0.0,0.0,0.0,0.2706727246162794,0.2181000034509349,0.0,0.1095324421137163,0.1495810138420868,0.0,0.0,0.0,0.0,0.0,0.0,0.0,0.0
0.0,0.0,0.0,0.2439724834200494,0.0,0.0,0.0,0.0,0.0,0.0,0.0,0.1631637487641864,0.0,0.0880680614251587,0.0,0.0,0.0,0.0,0.0,0.0,0.0,0.0,0.0,0.0,0.0,0.0,0.0,0.5687950627574687,0.0,0.0,0.0,0.0795052396982033,0.0035932356821227,0.0975958092484158,0.2576919820266954,0.2496569031861828,0.0,0.0,0.0,0.0,0.3533056368432304,0.4346989294895507,0.0,0.0,0.0,0.0,0.0,0.0,0.0,0.0,0.0,0.0,0.0,0.0,0.0,0.0,0.0,0.0,0.0,0.0,0.0,0.0,0.0,0.0,0.0,0.0,0.0,0.0,0.0,0.0,0.0,0.0,0.0,0.0,0.0,0.0
0.3246417441966963,0.0,0.0,0.0,0.1776516220991359,0.1836035765056177,0.1052978292225256,0.0,0.0,0.1428976882509235,0.1640894290034138,0.1326839689836789,0.1317938238374147,0.0,0.0,0.0,0.422830259171573,0.0,0.2327350388081548,0.0,0.0,0.0,0.1119512793468971,0.4458894273222306,0.3898909972133752,0.2768247983222878,0.1468134150242558,0.0,0.0,0.0,0.1728286449836228,0.0428958544833458,0.1478657481473542,0.0,0.0,0.177820417555009,0.0,0.0,0.2228238591158168,0.0,0.0521267565870439,0.0,0.0,0.0,0.2921655460871433,0.0,0.0,0.0,0.0,0.0,0.0,0.0,0.0,0.0,0.0,0.0,0.0,0.0,0.0,0.0,0.0,0.0,0.0,0.0,0.0,0.0,0.0,0.0,0.257576623694896,0.3408525898286861,0.4537712516590365,0.0,0.2570711847576408,0.0,0.0,0.0
0.0976654693627198,0.1702322373504431,0.123184663394728,0.0,0.0321160484998807,0.1697548815386081,0.0824973508165407,0.0713499054127266,0.0,0.0,0.1688205368276834,0.0,0.0,0.2104340283612806,0.1781397637480654,0.0414375519087061,0.0,0.0326514793634908,0.1707709907650651,0.294767697740474,0.0,0.2093049167881333,0.0614845535846651,0.3315528590742277,0.1818270950289109,0.0981846325844768,0.1038339144907647,0.0576518020172683,0.1710791804941723,0.0,0.0,0.366442357548019,0.1377444168412128,0.1757241797253501,0.0,0.3221105632494812,0.0,0.2228238591158168,0.0,0.0,0.373571012524207,0.0,0.4033812580751685,0.3477981968533612,0.1729420611195149,0.0764904413826485,0.4200786663836173,0.2070044640653932,0.2364230995193982,0.0,0.3098610575276307,0.0,0.2465211595997492,0.0,0.0,0.1196797378731078,0.0,0.0,0.0,0.0651510533413931,0.1429337623873406,0.0,0.0,0.1807461113571036,0.4238751426893989,0.1715508044177296,0.3525919276341605,0.1815503391383642,0.2249455448415035,0.2397542711971641,0.2302275899848522,0.0878020224107452,0.1483194111500213,0.2066972771170855,0.3134886100693156,0.2386206300069839
0.0,0.0,0.0,0.0,0.0,0.0,0.0,0.0,0.0,0.065810851193523,0.0,0.2404839912556506,0.0,0.0,0.0,0.0,0.0,0.0,0.0,0.0,0.0,0.0,0.2686518628720523,0.1572819661312977,0.0,0.1167203196867647,0.0,0.3639609969743829,0.0,0.0,0.0,0.0,0.3441801723554852,0.0,0.0234402735087923,0.2328575342140419,0.0,0.0,0.0,0.0,0.295543900559871,0.2478204443397698,0.0,0.0,0.112265863916421,0.0,0.0,0.3388057373051122,0.0,0.3873337924552348,0.0,0.213880708499664,0.2723303756469894,0.0718339713288185,0.1905848586437261,0.1085405464048764,0.261634772239136,0.0,0.0,0.0,0.2060025172272556,0.0727568665908636,0.0515917654906118,0.1671314845922218,0.0,0.0,0.0,0.0,0.1970485529454477,0.0,0.0,0.0,0.0,0.0,0.1493985118147354,0.2931306163083518
0.0,0.0,0.1782989958281321,0.0,0.0,0.3535320548010064,0.0,0.0,0.0,0.0,0.0,0.0,0.0,0.0,0.0,0.0,0.0,0.0,0.0,0.0,0.0,0.0,0.020366396837333,0.2028198043065258,0.0,0.0054572355944961,0.0914880865074865,0.3930007511301656,0.0164949102209872,0.0,0.0,0.0945329967899065,0.1538371605661954,0.2274663909377913,0.1650461538262806,0.3714040920386915,0.3533056368432304,0.0521267565870439,0.373571012524207,0.295543900559871,0.0,0.3386268962235462,0.0,0.0,0.0,0.0,0.0,0.2309755163358919,0.0,0.0,0.0,0.0,0.0332432350393091,0.0,0.0,0.0651229769236578,0.0,0.0,0.0,0.0,0.2943401425367766,0.0,0.0,0.1829880875316261,0.0,0.0,0.0,0.0,0.0786714522044717,0.0,0.0,0.0,0.0,0.0,0.5718460377876285,0.3663281114345796
0.0,0.0,0.0,0.0,0.0,0.0,0.0,0.0,0.0,0.0,0.0,0.0,0.0,0.0,0.0,0.0,0.0,0.0,0.0,0.0,0.0,0.0,0.0,0.0,0.0,0.0,0.0,0.2276212944946318,0.0,0.0,0.0,0.0,0.0,0.0,0.4373455890957761,0.0277480183120422,0.4346989294895507,0.0,0.0,0.2478204443397698,0.3386268962235462,0.0,0.0,0.0,0.0,0.0,0.0,0.0,0.0,0.3744840459488927,0.0,0.0267239147658697,0.0853253319089781,0.0,0.0,0.0,0.0,0.0,0.0,0.0,0.0182226752126369,0.0,0.0,0.0,0.0,0.0,0.0,0.0,0.0,0.0,0.0,0.0,0.0,0.0,0.409518015553512,0.1341659535499702
0.0,0.0,0.0607080671903202,0.0,0.2793514578670938,0.1602118220476847,0.2512874395410936,0.1618757761266675,0.0,0.0,0.2448334682060935,0.2408641179232837,0.0,0.3407805982585855,0.163615104788486,0.0,0.0,0.0,0.2296449267596849,0.4563477265662862,0.0,0.4142043895843171,0.2161623745438238,0.0,0.0,0.0,0.1026003284218745,0.0,0.1939196194577094,0.0,0.1451842585384067,0.2066741172768923,0.0,0.1301057917809946,0.0,0.3338858334872572,0.0,0.0,0.4033812580751685,0.0,0.0,0.0,0.0,0.482029722930143,0.3619787960502243,0.0,0.0,0.1491843054831948,0.4759860540314189,0.0,0.4704217510719391,0.050971827378109,0.301327007211909,0.1423479094442681,0.2209226261246225,0.026939952481701,0.1923608800985644,0.3119768293198252,0.0938957991677399,0.1278835923215517,0.0,0.3271091905679103,0.0,0.0704298664051925,0.4440377853990968,0.2104272707714282,0.4426313378042186,0.4498008056691236,0.2879253661102979,0.5185519568490391,0.3982750895153284,0.2074179240488096,0.4730456944034361,0.3790704782699424,0.0,0.2212839381165266
0.0,0.0,0.0,0.0,0.0,0.0,0.0,0.0,0.0,0.0,0.0,0.0,0.0,0.0,0.0,0.0,0.0,0.0,0.0,0.0,0.0,0.0,0.0333962166128068,0.0,0.0,0.0,0.0,0.0,0.0,0.0,0.0,0.1965630340706434,0.0,0.0012987421425505,0.0,0.2945174989739281,0.0,0.0,0.3477981968533612,0.0,0.0,0.0,0.482029722930143,0.0,0.2990972260211189,0.0,0.0,0.1477270155009219,0.3507368961129898,0.0,0.2978312968727707,0.0,0.0464548786594236,0.0,0.0,0.0303007260877729,0.0544257738914895,0.2133034448958105,0.0,0.0,0.0,0.0,0.0,0.1452188552543178,0.0,0.0,0.0,0.2412745578580468,0.0,0.0,0.0,0.2160384146264383,0.337189856946803,0.4117158952665754,0.0,0.0438126520967395
0.0,0.0,0.0,0.0,0.0,0.0,0.0,0.0,0.0,0.1937211618307955,0.0,0.2093796895036507,0.0,0.0,0.0,0.0,0.0,0.0,0.0,0.0,0.0,0.0,0.0,0.2406488447918401,0.0,0.2525338923432637,0.0,0.0,0.0,0.0,0.0,0.0218010952103186,0.1464633030991363,0.0,0.0,0.140122144931536,0.0,0.2921655460871433,0.1729420611195149,0.112265863916421,0.0,0.0,0.3619787960502243,0.2990972260211189,0.0,0.2290553156936316,0.0,0.0,0.0,0.0,0.3640582322059572,0.1388134287228532,0.0,0.2772481981164848,0.1997712976756791,0.0347137562573207,0.1759801915780863,0.362745789233344,0.0,0.0,0.0,0.2881492434927479,0.2193454326298479,0.0,0.0,0.0,0.0,0.4107978687323034,0.3014610225977738,0.4367759615332509,0.4215219303273538,0.2363584070865605,0.3469526309849721,0.0,0.0,0.0558562529526352
0.6873656451455215,0.2477800712689102,0.0,0.0,0.0,0.0,0.0,0.0,0.0,0.2818152891197773,0.0,0.0,0.0,0.0,0.0,0.4071276388678685,0.0,0.3937518861599838,0.0,0.0,0.6086069458019595,0.4407339979089301,0.0,0.1102361636334303,0.5211941957740684,0.3637463525487734,0.0,0.0,0.0,0.0,0.0,0.0116797479640312,0.046984967381318,0.0959733608649132,0.0,0.0,0.0,0.0,0.0764904413826485,0.0,0.0,0.0,0.0,0.0,0.2290553156936316,0.0,0.1656235852188943,0.0,0.0,0.0,0.0794125526988633,0.0,0.0,0.0,0.0,0.0,0.027505383691441,0.3492538289517168,0.0,0.4963616219359782,0.2396285068631926,0.0,0.5343919220598107,0.0,0.5103079350574521,0.4574992337795991,0.5540689941168943,0.1873110080977038,0.2728255221978171,0.4458260858872929,0.3587631957424511,0.3079898173631249,0.4661177897312047,0.6174795460045023,0.0,0.2731670180001231
0.3894614628318213,0.5716887930042214,0.0,0.0,0.0,0.4771769712951317,0.0,0.0,0.0,0.0,0.0,0.0,0.0,0.0,0.5083522665988937,0.5292012908385786,0.0,0.5033922044094944,0.0,0.7700017279250443,0.3512320465903051,0.6800942823838214,0.3887071117574826,0.0,0.6181597201926051,0.402585089295882,0.4594471866677103,0.0,0.6331628027949068,0.0,0.0598310201042044,0.2176381011793162,0.262989063585795,0.0657425372263214,0.0,0.0,0.0,0.0,0.4200786663836173,0.0,0.0,0.0,0.0,0.0,0.0,0.1656235852188943,0.0,0.0,0.0,0.0,0.7806357978527949,0.0,0.4047842541061619,0.3531835639668306,0.0,0.0,0.0,0.3516382445388973,0.0,0.4287095720613342,0.0981148702855178,0.2079276200176483,0.0641538138924221,0.0,0.6497250939995621,0.5604251798909883,0.7266608101075374,0.663442862275959,0.0,0.6841240975210923,0.684995441811213,0.514077349976115,0.3799197522076175,0.5326070461821404,0.0,0.0
0.0,0.0,0.6934423565576011,0.0,0.2021570421459451,0.4020513353196975,0.2192105403508664,0.3025102840476375,0.4498326956528667,0.0,0.580303140985312,0.0,0.1808476836896536,0.0,0.0,0.0,0.0,0.0,0.6272371449051619,0.0,0.0,0.0,0.4347838253934316,0.0,0.0,0.0,0.2897208413865034,0.1525505342421493,0.2232405214395308,0.0,0.0,0.1538177423148801,0.0,0.0,0.0,0.3455220900093602,0.0,0.0,0.2070044640653932,0.3388057373051122,0.2309755163358919,0.0,0.1491843054831948,0.1477270155009219,0.0,0.0,0.0,0.0,0.0665445114391648,0.0,0.2627138579545008,0.0,0.3622520070617294,0.2515231519636448,0.0,0.596869939921329,0.058222150402476,0.0215250974520503,0.0,0.0,0.0,0.0,0.0,0.6063449982914215,0.0,0.2827998643295175,0.0,0.3485876950049902,0.0,0.1991548110669155,0.3528894918195366,0.2292206206671343,0.0801048648244727,0.0919457156491524,0.1879227983611176,0.1830005976277376
0.0,0.0,0.0,0.0,0.0,0.0,0.0,0.0,0.0,0.0,0.0,0.0,0.0,0.0,0.0,0.0,0.0,0.0,0.0,0.0,0.0,0.0,0.0,0.0,0.0,0.0,0.0,0.0,0.0,0.0,0.0,0.0,0.0,0.0,0.0,0.0,0.0,0.0,0.2364230995193982,0.0,0.0,0.0,0.4759860540314189,0.3507368961129898,0.0,0.0,0.0,0.0665445114391648,0.0,0.0,0.1279400970874093,0.162526699850704,0.0,0.0,0.0,0.0,0.0,0.268833019152253,0.2130227753650648,0.0,0.0,0.0,0.0,0.0,0.0,0.0,0.0,0.097167668563054,0.0,0.0,0.0,0.0,0.4862082524454837,0.0,0.0,0.0
