0.0,0.3117301777384539,0.0,0.0,0.0,0.056626457724372,0.0,0.0,0.0,0.2336452668056014,0.0,0.0,0.2014794619475134,0.0,0.5573307635551366,0.5659478056032702,0.410949592879443,0.5354214532814005,0.0,0.5405248369738938,0.7288620108425001,0.5835893644978788,0.2217883477057671,0.395566681232556,0.6179348757863232,0.4620022257543202,0.2571727089821407,0.0,0.5451174767320041,0.0,0.6371499405518524,0.1659388626658459,0.2608374026504905,0.0893203417714252,0.0,0.0,0.0,0.3122894731657809,0.0984573976325979,0.0,0.0,0.0,0.0,0.0,0.0,0.6797355195613435,0.3779966989679328,0.0,0.0,0.0,0.0,0.0,0.0,0.0,0.0479205066740174,0.0,0.0,0.0,0.0,0.0,0.1182775809421849,0.0,0.2776171294349023,0.0,0.0,0.7128274561209014,0.6861991817197454,0.0,0.3842701362333829,0.5101491621190858,0.4651320546019963,0.0,0.0,0.0,0.0,0.1743148413705258
0.3117301777384539,0.0,0.0,0.0,0.3879767591169384,0.4144940088273963,0.5918855118428189,0.1326406195028952,0.1294739592654651,0.0,0.0,0.0,0.3390377837916439,0.0,0.2076670909122742,0.5820544186715222,0.7723346586046952,0.5797613997186307,0.0,0.4244377116290258,0.2809242110111249,0.5798488381040731,0.3478878039006041,0.0,0.775955093657438,0.7945711274510471,0.1459475783514981,0.0,0.3578540238609388,0.0,0.2157838146390892,0.1416829855478187,0.3161403452438708,0.2309632698046827,0.0,0.0,0.0,0.0,0.1663995703216601,0.0,0.0,0.0,0.0,0.0,0.0,0.2312176222302439,0.5666027592413033,0.0,0.0,0.0,0.5611896198585259,0.0,0.0,0.0,0.0,0.0,0.0,0.0,0.0,0.2289157998375977,0.3374054198304798,0.0,0.4401367660464948,0.0,0.5232243711544199,0.1794274177061269,0.5086319309135592,0.2787276809329463,0.0,0.6725779141289896,0.74376151439385,0.2543359724159917,0.0,0.4547039612359062,0.0,0.0886626880350175
0.0,0.0,0.0,0.0,0.3345339910346004,0.4434583314776482,0.4587917498513159,0.3786638822283348,0.5975068137525515,0.1151228509187196,0.8168026280966646,0.2476330085494565,0.0597035756897312,0.0,0.0,0.0,0.0,0.0,0.7872750212814776,0.0,0.0,0.0,0.4839921003456627,0.0,0.0,0.0,0.3386737943618554,0.115325484455768,0.0,0.0,0.0,0.0,0.2861768058395981,0.0,0.0,0.1956018902044807,0.0,0.0,0.1242506258877056,0.0,0.1658986493245346,0.0,0.0562755932402341,0.0,0.0,0.0,0.0,0.6940250526338044,0.0,0.0,0.3404984357717155,0.0,0.3526563671739517,0.4093190873294036,0.0,0.6667788466190759,0.0,0.0,0.0,0.0,0.0,0.0,0.0,0.5343963521604371,0.0,0.0,0.0,0.1797848515371334,0.0,0.0,0.0,0.1213271278765701,0.0,0.0,0.0,0.0
0.0,0.0,0.0,0.0,0.0918092896240235,0.0,0.1741847277444839,0.1043144538744596,0.0579940989802155,0.6818289241724843,0.0,0.6211628042753463,0.0,0.1593022440923031,0.0,0.0,0.0,0.0,0.0156092150808396,0.0,0.0,0.0,0.0658895262090461,0.0,0.0,0.0,0.0,0.1387530979234218,0.0,0.0,0.1802644724973641,0.0,0.0,0.0895308142610769,0.0,0.0,0.2381608680136807,0.0,0.0,0.0,0.0,0.0,0.0,0.0,0.0,0.0,0.0,0.0,0.0,0.0,0.0,0.0,0.0,0.0,0.0,0.0,0.0,0.0,0.0,0.0,0.0,0.0,0.0,0.0,0.0,0.0,0.0,0.0,0.0,0.0,0.0,0.0,0.0,0.0,0.0,0.0
0.0,0.3879767591169384,0.3345339910346004,0.0918092896240235,0.0,0.2554390861851423,0.6817759434834183,0.2545898824219862,0.6068743176227361,0.3288238975267545,0.7095352175653921,0.1755269307990243,0.2540275610316656,0.0577280635710936,0.0,0.5279008913948452,0.0,0.0,0.5813921594687276,0.7115977345471053,0.0,0.6744410070457912,0.4174676498537299,0.0,0.5402216289857779,0.410965520419148,0.6009137021103471,0.0,0.6148410844515491,0.0,0.2482620935094379,0.0,0.0,0.0,0.0,0.0,0.0,0.1644191640293276,0.0237965516312659,0.0,0.0,0.0,0.2583626924644094,0.0,0.0,0.0,0.0,0.2132616802478022,0.0,0.0,0.3315548007553818,0.0,0.1947339609265648,0.7664059433332419,0.0,0.2626394648397546,0.0,0.0,0.0,0.0,0.0,0.0,0.0,0.2936149564294137,0.0,0.0,0.0,0.481573493385046,0.0,0.0,0.0,0.4456485608740304,0.0,0.0,0.0,0.0
0.056626457724372,0.4144940088273963,0.4434583314776482,0.0,0.2554390861851423,0.0,0.4529552060359609,0.577722038231562,0.6087511615741065,0.1358558300651583,0.4359080874289801,0.3045414167028256,0.1964400592554193,0.0,0.1847085640318683,0.0,0.0220144470616191,0.0,0.6236432459293597,0.1703669340845041,0.0844049687150316,0.0508630941992299,0.7022185987752582,0.0,0.1693774504568475,0.4506364244783614,0.5840199546999079,0.2064875675185877,0.4407959467594301,0.2562257244295445,0.0,0.135675407567939,0.2719638699426968,0.039701635132982,0.0,0.1807702270751217,0.0,0.1702148457434932,0.1751173512591473,0.0,0.334863088951305,0.0,0.1566096424723324,0.0,0.0,0.0,0.4709198506242223,0.4266607255638161,0.0,0.1133439023031389,0.4986707223210242,0.101647722334379,0.5107050562533956,0.3080221720998199,0.0,0.2901847730311086,0.0,0.0469547444354198,0.0,0.0400349289948589,0.0,0.0,0.0,0.3902521576754598,0.0855914692138925,0.0,0.0877548955624651,0.3611459215560105,0.0,0.0,0.3077084650777019,0.2242305346107014,0.0,0.0,0.102039483042493,0.0633219516865387
0.0,0.5918855118428189,0.4587917498513159,0.1741847277444839,0.6817759434834183,0.4529552060359609,0.0,0.1412432717582737,0.4057830354030113,0.3675507603331392,0.6307574270445978,0.3037653014005027,0.2788081209562111,0.0835126707204644,0.0,0.3192977891346114,0.3678578363822818,0.2990857426696165,0.5985318270584818,0.4021105494181954,0.0,0.4175954734063878,0.3907162736867098,0.1576601629062774,0.5187022378295683,0.4782387229432775,0.4584005262227868,0.0,0.5338306060656328,0.0,0.0608186531441946,0.0,0.0660724389661894,0.0,0.0,0.0697109085079263,0.0,0.0957676311850609,0.0735155458143951,0.0,0.0,0.0,0.2351658265116833,0.0,0.0,0.0,0.0,0.2306546041219726,0.0,0.0,0.2967979730451687,0.0,0.0692148612943178,0.5036779015841466,0.0,0.2327574606742919,0.0,0.0,0.0,0.0,0.0,0.0,0.0,0.2560506981202169,0.0,0.0,0.0,0.1584524547683261,0.0,0.0,0.0,0.3033258313933948,0.0,0.0,0.0,0.0
0.0,0.1326406195028952,0.3786638822283348,0.1043144538744596,0.2545898824219862,0.577722038231562,0.1412432717582737,0.0,0.5784313486174973,0.1180247752630605,0.3427255012912232,0.3795401901448783,0.0,0.0,0.0,0.0,0.0,0.0,0.507850400357826,0.0,0.0645549129762768,0.0,0.7384731071716274,0.3646921205745106,0.0,0.2830933617091232,0.1702209221020401,0.0,0.0,0.4028339947261455,0.0,0.0522846412292166,0.2157841427566134,0.0,0.0,0.1079753165478137,0.0,0.0,0.0799504391974202,0.0,0.0,0.0,0.162313212029289,0.0,0.0,0.0,0.0,0.2942875234853092,0.0,0.3575508329454097,0.3267073432322283,0.2452987084625232,0.79639241828171,0.3587581788304471,0.0,0.2197947692543689,0.0,0.1450979558856572,0.2474326377341773,0.0,0.0,0.0,0.0,0.4373016169108716,0.0,0.0,0.0,0.409047283642599,0.0,0.0,0.0,0.0,0.0,0.0,0.0,0.0
0.0,0.1294739592654651,0.5975068137525515,0.0579940989802155,0.6068743176227361,0.6087511615741065,0.4057830354030113,0.5784313486174973,0.0,0.240271711957071,0.7088251592999759,0.300986918601887,0.1800876639784533,0.0,0.0,0.0,0.0,0.0,0.6844954059299356,0.2509777723913549,0.0,0.1135928532867954,0.5675321737405644,0.1654196740889189,0.0286749659088964,0.3307291248548444,0.5871976063920848,0.1334496514035627,0.3212389937145207,0.3857404081595267,0.0,0.0,0.1273811187368418,0.0,0.0,0.0,0.0,0.0,0.0,0.0,0.0,0.0,0.0,0.0,0.0,0.0,0.0,0.4606123462334971,0.0,0.460044577728063,0.3246269955702386,0.4514676611877036,0.4717445615258901,0.778092464199097,0.0,0.4281840089557368,0.0,0.3273109662346136,0.1595256347991641,0.0,0.0,0.0,0.0,0.3762360447854428,0.0,0.0,0.0,0.3545415929059197,0.0,0.0,0.0,0.2149503876393044,0.1744559068017495,0.0,0.0,0.0
0.2336452668056014,0.0,0.1151228509187196,0.6818289241724843,0.3288238975267545,0.1358558300651583,0.3675507603331392,0.1180247752630605,0.240271711957071,0.0,0.0903499993743625,0.8960216707472517,0.2285290337685496,0.0,0.0,0.4435554554133141,0.8030805314727,0.504054399933036,0.3612844683697284,0.1709591945810017,0.0,0.3745086021941535,0.189891022029436,0.2858924392735829,0.5655889600843855,0.7427164367242058,0.0,0.0979988734141038,0.0379984350299912,0.0,0.3539088284427903,0.0,0.2282377452972254,0.1718508203816534,0.0,0.0,0.0,0.1262562381433215,0.0,0.0653389419611845,0.0,0.0,0.0,0.0,0.1896705185944128,0.2816321276130006,0.0,0.0,0.0,0.0,0.0,0.0,0.0,0.0,0.894412564857135,0.0,0.8767355063299584,0.6928361989885843,0.0,0.0,0.0,0.8970315714970061,0.704309090070467,0.0,0.0,0.0,0.0,0.0,0.5911310096819635,0.632430279959835,0.7227314324840244,0.0,0.6935632188288904,0.0,0.0,0.2398617349261362
0.0,0.0,0.8168026280966646,0.0,0.7095352175653921,0.4359080874289801,0.6307574270445978,0.3427255012912232,0.7088251592999759,0.0903499993743625,0.0,0.0803604850522142,0.1828558726968427,0.041474362540882,0.0,0.0,0.1689991555405619,0.0,0.8082002026806038,0.0,0.0,0.0,0.5311962946164145,0.2573588351042755,0.0,0.2927775109459208,0.6668638468931746,0.0,0.0,0.0,0.0,0.0,0.1963309322355264,0.0,0.0,0.0972590019504527,0.0,0.1516141623229754,0.1605328687308888,0.0,0.0,0.0,0.2347290479355291,0.0,0.0,0.0,0.0,0.5782412484114509,0.0,0.0,0.4493618428693063,0.0,0.3991013233565318,0.6139666107582968,0.0,0.7442475967590683,0.0,0.1390817859669814,0.0,0.0,0.0,0.0,0.0,0.4869645326179289,0.0,0.0,0.0,0.449891876651976,0.0,0.0,0.0,0.4301154319308732,0.1398522597467575,0.0,0.0,0.0
0.0,0.0,0.2476330085494565,0.6211628042753463,0.1755269307990243,0.3045414167028256,0.3037653014005027,0.3795401901448783,0.300986918601887,0.8960216707472517,0.0803604850522142,0.0,0.1501308280569624,0.0,0.0,0.0,0.5753221963478122,0.2083415308108459,0.4146051717307486,0.0,0.0495068215259494,0.0,0.3246103329585968,0.4261486377074299,0.273941789931495,0.7028930470709485,0.0,0.2500318254489534,0.0,0.0,0.0745423969377695,0.0,0.2225529876864279,0.1135175406537794,0.0,0.1233222147503395,0.1589864321484479,0.1229496774371113,0.0,0.2281040350881566,0.0,0.0,0.2343240599271598,0.0,0.2021104536384342,0.0,0.0,0.0,0.0,0.0,0.0,0.0,0.0,0.0,0.8273394220243848,0.0,0.9687477714945996,0.5343521912013984,0.0,0.0,0.0,0.7768477690707248,0.519185656847556,0.0,0.0,0.0,0.0,0.0,0.6154621391032268,0.4535042381290035,0.6327036190340566,0.0,0.5282790905987088,0.0,0.0,0.2597731011893419
0.2014794619475134,0.3390377837916439,0.0597035756897312,0.0,0.2540275610316656,0.1964400592554193,0.2788081209562111,0.0,0.1800876639784533,0.2285290337685496,0.1828558726968427,0.1501308280569624,0.0,0.0,0.2849014778192293,0.3736826807064625,0.374721510792205,0.3613319543190513,0.2145564584992031,0.3447801347128562,0.4162156444660212,0.3359292512527297,0.0487074983946327,0.0693815543440267,0.2061751697859158,0.4412823855459111,0.1142485592632429,0.2763870084547791,0.2835094986782628,0.1048289773374738,0.3744076731915436,0.1407391937699695,0.1904055957950767,0.1535157211892278,0.0,0.0,0.0,0.127250014642604,0.0,0.0,0.0,0.0,0.0,0.0,0.0,0.0,0.0,0.1962346150619358,0.0,0.0,0.0836753063268895,0.0674291126788716,0.0,0.0,0.0,0.0737567447712695,0.08400966040396,0.0,0.0,0.2454683177140339,0.0,0.0,0.0,0.0,0.2504012962984483,0.0,0.2384808834868763,0.0429714019055598,0.0,0.0519447865353075,0.3635014738193083,0.1755201771755281,0.0,0.2135926522718748,0.0,0.0
0.0,0.0,0.0,0.1593022440923031,0.0577280635710936,0.0,0.0835126707204644,0.0,0.0,0.0,0.041474362540882,0.0,0.0,0.0,0.0,0.0,0.0,0.0,0.0,0.0,0.0,0.0,0.0,0.0,0.0,0.0,0.1131342351221172,0.0,0.0,0.0,0.0034258307611615,0.1066412505116624,0.0,0.0171642558324724,0.0,0.0548897905715582,0.0789202823078332,0.0,0.2039120574910697,0.0,0.0,0.0,0.3413042497351173,0.0,0.0,0.0,0.0,0.0,0.0,0.0,0.0,0.0,0.0,0.0,0.0,0.0,0.0,0.0,0.0,0.0,0.0,0.0,0.0,0.0,0.0,0.0,0.0,0.1339643343613772,0.0,0.0,0.0,0.1797538071953094,0.0,0.0,0.0,0.0
0.5573307635551366,0.2076670909122742,0.0,0.0,0.0,0.1847085640318683,0.0,0.0,0.0,0.0,0.0,0.0,0.2849014778192293,0.0,0.0,0.4291684537452445,0.0,0.3809152507906874,0.0,0.7434674172291393,0.6421834119676884,0.6685048655608168,0.2489351963144326,0.1191677317670091,0.4482589072938771,0.2003748287891487,0.6271571659482692,0.0,0.7102283792991672,0.0,0.3423449736924853,0.1218450387917467,0.0468037467048869,0.0,0.0,0.0,0.0,0.0,0.1791852617508119,0.0,0.0,0.0,0.162740561382134,0.0,0.0,0.0,0.4943815345269437,0.0,0.0,0.0,0.2977401879046353,0.0,0.0696911331577979,0.0,0.0,0.0,0.0,0.2893189651366704,0.0,0.7498364931892665,0.0,0.0,0.0,0.0,0.7150282285757507,0.7153600420627069,0.744232488670161,0.4275368676702592,0.0,0.3159359584095502,0.3228713103067002,0.7030212369978797,0.3154501197118117,0.6335883705091153,0.0,0.0
0.5659478056032702,0.5820544186715222,0.0,0.0,0.5279008913948452,0.0,0.3192977891346114,0.0,0.0,0.4435554554133141,0.0,0.0,0.3736826807064625,0.0,0.4291684537452445,0.0,0.7936869696599308,1.0,0.0,0.7629498105608398,0.5610054958567156,0.9134262803951624,0.0255520716056171,0.1648183604646553,0.8241012994446744,0.3920585260463551,0.122350345870405,0.0,0.4700040806080302,0.0,0.5910776510787333,0.1102921489442747,0.0790506384544857,0.0502295958309587,0.0,0.0,0.0,0.0,0.04199174132292,0.0,0.0,0.0,0.0,0.0,0.0,0.3932988732324122,0.5220794117304742,0.0,0.0,0.0,0.0,0.0,0.0,0.0,0.0,0.0,0.0,0.0,0.0,0.5592985596116474,0.0,0.0,0.2714375541440023,0.0,0.6126823734223196,0.5582023834977422,0.7592256168586656,0.3857006945870589,0.0,0.5773749601673052,0.5950150081598142,0.4520089758364095,0.0,0.6901342059903813,0.0,0.0
0.410949592879443,0.7723346586046952,0.0,0.0,0.0,0.0220144470616191,0.3678578363822818,0.0,0.0,0.8030805314727,0.1689991555405619,0.5753221963478122,0.374721510792205,0.0,0.0,0.7936869696599308,0.0,0.8707710192553098,0.0,0.5352976134352595,0.0,0.7029607944358017,0.0,0.3458005360988614,0.8113082016996014,0.6405113660725462,0.0,0.0,0.3178367343495958,0.0,0.5219625320992308,0.1004774235864174,0.2490616932284214,0.1574819739811222,0.0,0.0,0.0,0.3885814175794468,0.0,0.0,0.0,0.0,0.0,0.0,0.0,0.0,0.0,0.0,0.0,0.0,0.0,0.0,0.0,0.0,0.5183057196012928,0.0,0.4928275888123481,0.0,0.0,0.0,0.0,0.698760579664058,0.5013982555196898,0.0,0.0,0.0,0.0,0.0,0.4803047221106638,0.6704206393236583,0.7486989155643922,0.0,0.0,0.0,0.0,0.0
0.5354214532814005,0.5797613997186307,0.0,0.0,0.0,0.0,0.2990857426696165,0.0,0.0,0.504054399933036,0.0,0.2083415308108459,0.3613319543190513,0.0,0.3809152507906874,1.0,0.8707710192553098,0.0,0.0,0.7524294192254558,0.5265043752974305,0.8914304943496929,0.0,0.1889418238152884,0.8174622266988221,0.3917239126068146,0.0385561200840976,0.0,0.4164294462279749,0.0,0.6091624425895651,0.1102300463585855,0.1104236347854172,0.044516005788971,0.0,0.0,0.0,0.0,0.0283988044134031,0.0,0.0,0.0,0.0,0.0,0.0,0.3706784070362947,0.4965286959557841,0.0,0.0,0.0,0.0,0.0,0.0,0.0,0.2099944704243509,0.0,0.1474184604845061,0.0,0.0,0.0,0.0446650237361606,0.4181540859603058,0.3266209435690805,0.0,0.0,0.0,0.7637025342874859,0.0,0.26308539831389,0.587446435927466,0.6247705841655279,0.0,0.0,0.0,0.0,0.0
0.0,0.0,0.7872750212814776,0.0156092150808396,0.5813921594687276,0.6236432459293597,0.5985318270584818,0.507850400357826,0.6844954059299356,0.3612844683697284,0.8082002026806038,0.4146051717307486,0.2145564584992031,0.0,0.0,0.0,0.0,0.0,0.0,0.0,0.0,0.0,0.6308313963035044,0.0,0.0,0.0,0.4870116819683582,0.0,0.0,0.0,0.0606305408531853,0.0803663108868473,0.0,0.0208074208921299,0.0,0.1795650092794865,0.0,0.2190867914208656,0.1724987447070479,0.0,0.0,0.0,0.2244739703414492,0.0,0.0,0.0,0.0,0.6337580168816437,0.0,0.0,0.5395290794218137,0.0819930103034977,0.4619023868505869,0.6502854113641454,0.0,0.4707366341827053,0.0,0.2443421922903902,0.0,0.0,0.0,0.0,0.0,0.607514952236281,0.0,0.0,0.0,0.4604390061475001,0.0,0.0,0.0,0.2724258255679493,0.0,0.0,0.0,0.0
0.5405248369738938,0.4244377116290258,0.0,0.0,0.7115977345471053,0.1703669340845041,0.4021105494181954,0.0,0.2509777723913549,0.1709591945810017,0.0,0.0,0.3447801347128562,0.0,0.7434674172291393,0.7629498105608398,0.5352976134352595,0.7524294192254558,0.0,0.0,0.6283839307251254,0.92490069056155,0.1963349535035872,0.0,0.6607315781303627,0.3000198189397567,0.4826229533571818,0.0,0.7004427644973314,0.0,0.4198204537226896,0.208624242966137,0.0865050018362257,0.0,0.0,0.0141140556188216,0.0,0.0,0.2899668727714922,0.0,0.0,0.0,0.4366555061408784,0.0,0.0,0.0,0.7328219676986145,0.0,0.0,0.0,0.3995062150757233,0.0,0.084401865616902,0.0,0.0,0.0,0.0,0.4837887634769285,0.0,0.6935121780798731,0.0,0.0,0.0,0.0,0.8396988337739012,0.6992284244620784,0.8911684588150278,0.5310654150951988,0.0,0.5470661868278801,0.5353795667641317,0.5909229272729813,0.526997829979102,0.7034803791305321,0.0,0.0
0.7288620108425001,0.2809242110111249,0.0,0.0,0.0,0.0844049687150316,0.0,0.0645549129762768,0.0,0.0,0.0,0.0495068215259494,0.4162156444660212,0.0,0.6421834119676884,0.5610054958567156,0.0,0.5265043752974305,0.0,0.6283839307251254,0.0,0.630197902370702,0.2584019422494785,0.2688948479360435,0.5026453081589695,0.5058700887179688,0.2955310668249409,0.0,0.5855614027005677,0.0,0.5999986800738429,0.042478393166694,0.226360360676391,0.1227878638863805,0.0,0.0,0.0,0.0,0.0,0.0,0.0,0.0,0.0,0.0,0.0,0.5924398037970435,0.3544549842118595,0.0,0.0,0.0,0.13585873570352,0.0,0.0,0.0,0.0,0.0,0.0,0.525828393466786,0.0,0.6956429760923488,0.0,0.0,0.0,0.0,0.6060573697477893,0.7347102892680611,0.6706064102616551,0.366697206916187,0.0,0.3924301942574198,0.5276935322572702,0.4132590925432115,0.4755824460924405,0.5865894386620254,0.0,0.0
0.5835893644978788,0.5798488381040731,0.0,0.0,0.6744410070457912,0.0508630941992299,0.4175954734063878,0.0,0.1135928532867954,0.3745086021941535,0.0,0.0,0.3359292512527297,0.0,0.6685048655608168,0.9134262803951624,0.7029607944358017,0.8914304943496929,0.0,0.92490069056155,0.630197902370702,0.0,0.1086206313442075,0.0,0.806743941945496,0.3940925331586122,0.4402641903002128,0.0,0.7026827163841649,0.0,0.5390479760498301,0.181799109968074,0.1311759802778994,0.0907689476387671,0.0,0.0,0.0,0.0,0.2066709130005898,0.0,0.0,0.0,0.3908821434089709,0.0,0.0,0.4200420492657603,0.6611699430600974,0.0,0.0,0.0,0.3564661241683767,0.0,0.0,0.0,0.0,0.0,0.0,0.0,0.0,0.7074291810324278,0.0472341864143105,0.0,0.2868645167878599,0.0,0.7953810903402322,0.6824526706646795,0.9117335420232772,0.4546321742222095,0.0,0.6108991772617952,0.5994548717010805,0.6190353297615434,0.5830211913708573,0.7867988629268082,0.0,0.0
0.2217883477057671,0.3478878039006041,0.4839921003456627,0.0658895262090461,0.4174676498537299,0.7022185987752582,0.3907162736867098,0.7384731071716274,0.5675321737405644,0.189891022029436,0.5311962946164145,0.3246103329585968,0.0487074983946327,0.0,0.2489351963144326,0.0255520716056171,0.0,0.0,0.6308313963035044,0.1963349535035872,0.2584019422494785,0.1086206313442075,0.0,0.477209283212118,0.187704180374433,0.4697786262587899,0.4105003096159718,0.0,0.2756979879933885,0.2620882463251174,0.0,0.0355798250112209,0.1991631604257005,0.0,0.0,0.1879289548032517,0.0,0.1013840427561549,0.0695164950699261,0.2596413543654765,0.0136891993350616,0.0,0.2133950166091369,0.0334865376480075,0.0,0.0,0.388158461277346,0.4389494069033176,0.0,0.1542691841848913,0.5044438706659774,0.171792549237779,0.6201362346256725,0.4548562307494281,0.0,0.2770736139772933,0.0,0.2016508794166654,0.1123933216139988,0.0816837291708493,0.0,0.0,0.0,0.3889699260442441,0.1972279891735132,0.1360919444346603,0.1454863113980841,0.6661856703849975,0.0,0.2659159377507505,0.3667459325296286,0.1976468464139317,0.1054145969462549,0.0,0.0,0.0399593494298151
0.395566681232556,0.0,0.0,0.0,0.0,0.0,0.1576601629062774,0.3646921205745106,0.1654196740889189,0.2858924392735829,0.2573588351042755,0.4261486377074299,0.0693815543440267,0.0,0.1191677317670091,0.1648183604646553,0.3458005360988614,0.1889418238152884,0.0,0.0,0.2688948479360435,0.0,0.477209283212118,0.0,0.2882906072456216,0.6056614207795743,0.0,0.1841086051198126,0.0,0.0,0.2171836510465421,0.2429326839276387,0.4521269555605769,0.0965270337318639,0.0,0.3783017854888832,0.0,0.4230457690133298,0.3118331203731287,0.1437323320193597,0.2037264301350134,0.0,0.0,0.0,0.2324687143679613,0.1110697434266028,0.0,0.0,0.0,0.0,0.0,0.0,0.0,0.0,0.1156673794043755,0.0,0.2735635946312104,0.0,0.0,0.0,0.1417340315634106,0.1853797692739053,0.0525838763095786,0.0,0.0,0.0,0.0,0.0,0.7401013942316047,0.3357101139861989,0.5903402449581537,0.0,0.1854392516351578,0.0,0.0,0.2462466926542114
0.6179348757863232,0.775955093657438,0.0,0.0,0.5402216289857779,0.1693774504568475,0.5187022378295683,0.0,0.0286749659088964,0.5655889600843855,0.0,0.273941789931495,0.2061751697859158,0.0,0.4482589072938771,0.8241012994446744,0.8113082016996014,0.8174622266988221,0.0,0.6607315781303627,0.5026453081589695,0.806743941945496,0.187704180374433,0.2882906072456216,0.0,0.5722217438390649,0.2681707393507886,0.0,0.6230521800033472,0.0,0.4932257356106393,0.0532341811716838,0.1753214480468806,0.0920721126328927,0.0,0.0,0.0,0.3604554718188121,0.1800187538434542,0.0,0.0,0.0,0.0,0.0,0.0,0.5055735810456065,0.6143973308505283,0.0,0.0,0.0,0.0,0.0,0.0,0.0,0.3181840128975711,0.0,0.1871220667075019,0.4820307956924253,0.0,0.5007896775607168,0.3257469257863792,0.5068499657564779,0.5078787713185454,0.0,0.7051368186488884,0.5189744786467997,0.7919644882587964,0.3660434604555698,0.3749721946244695,0.8402545897726559,0.6499107094904464,0.0,0.0,0.8104946011764141,0.0,0.1200844716856622
0.4620022257543202,0.7945711274510471,0.0,0.0,0.410965520419148,0.4506364244783614,0.4782387229432775,0.2830933617091232,0.3307291248548444,0.7427164367242058,0.2927775109459208,0.7028930470709485,0.4412823855459111,0.0,0.2003748287891487,0.3920585260463551,0.6405113660725462,0.3917239126068146,0.0,0.3000198189397567,0.5058700887179688,0.3940925331586122,0.4697786262587899,0.6056614207795743,0.5722217438390649,0.0,0.0861657572734598,0.2133606307080874,0.3284479244855436,0.0,0.3271164734662892,0.0564146393093651,0.4138128710511438,0.3091753628371446,0.0,0.1575709897475821,0.0,0.2499592219457013,0.08842023877366,0.1087127421343672,0.0090430702135179,0.0,0.0,0.0,0.2345389124015859,0.3591088751821704,0.4054240522069524,0.0,0.0,0.0,0.3845869829602875,0.0,0.0,0.0,0.5315952948861673,0.0,0.5741018980417384,0.501078333618549,0.0,0.2650634222596994,0.3513543662657161,0.5635858998236386,0.5146970772974321,0.0,0.4883924270380569,0.2389939015624067,0.4538715242731019,0.2415364612098687,0.6620912809938274,0.5422743282031585,0.8146389063035179,0.0765666213387103,0.4953325260257304,0.2945716838754514,0.0,0.1934014901252772
0.2571727089821407,0.1459475783514981,0.3386737943618554,0.0,0.6009137021103471,0.5840199546999079,0.4584005262227868,0.1702209221020401,0.5871976063920848,0.0,0.6668638468931746,0.0,0.1142485592632429,0.1131342351221172,0.6271571659482692,0.122350345870405,0.0,0.0385561200840976,0.4870116819683582,0.4826229533571818,0.2955310668249409,0.4402641903002128,0.4105003096159718,0.0,0.2681707393507886,0.0861657572734598,0.0,0.0,0.7704121071201813,0.0,0.0,0.0413304990898263,0.0185611108209532,0.0,0.0,0.0,0.0,0.1332085179045838,0.1037171507972004,0.0,0.0788993023234505,0.0,0.0951213252033424,0.0,0.0,0.0,0.4476319791001606,0.3089533353687591,0.0,0.0,0.3100020822461666,0.0,0.2657975677790448,0.3939511220769175,0.0,0.5693635963974891,0.0,0.033179466268768,0.0,0.4121765287674799,0.0,0.0,0.0,0.3237064429154851,0.3232205636252796,0.3578513257954842,0.3835799567633475,0.368589967037896,0.0,0.0,0.0823162489824759,0.711817217601569,0.0,0.3202045860416187,0.0,0.0
0.0,0.0,0.115325484455768,0.1387530979234218,0.0,0.2064875675185877,0.0,0.0,0.1334496514035627,0.0979988734141038,0.0,0.2500318254489534,0.2763870084547791,0.0,0.0,0.0,0.0,0.0,0.0,0.0,0.0,0.0,0.0,0.1841086051198126,0.0,0.2133606307080874,0.0,0.0,0.0,0.2125165910665833,0.0,0.0946841726310108,0.1419915502221543,0.0908251573259879,0.1998386045218964,0.2673054238758744,0.563665837034651,0.0,0.0561000350838623,0.3343161082201564,0.3720580702556628,0.2243011908584978,0.0,0.0,0.0,0.0,0.0,0.1521567472793742,0.0,0.0,0.0,0.0,0.0,0.0,0.2320441302070786,0.0,0.3013214505687541,0.0,0.0,0.0,0.0,0.0,0.0,0.0,0.0,0.0,0.0,0.0,0.0,0.0,0.0335858063317951,0.0,0.0438329950993457,0.0,0.0,0.4626284600312544
0.5451174767320041,0.3578540238609388,0.0,0.0,0.6148410844515491,0.4407959467594301,0.5338306060656328,0.0,0.3212389937145207,0.0379984350299912,0.0,0.0,0.2835094986782628,0.0,0.7102283792991672,0.4700040806080302,0.3178367343495958,0.4164294462279749,0.0,0.7004427644973314,0.5855614027005677,0.7026827163841649,0.2756979879933885,0.0,0.6230521800033472,0.3284479244855436,0.7704121071201813,0.0,0.0,0.0,0.3438114918074318,0.0741006581145367,0.091359843480671,0.0,0.0,0.0226280641010218,0.0,0.0,0.1632082177921055,0.0,0.0074485352148063,0.0,0.1922718139635324,0.0,0.0,0.0,0.6073268673351846,0.2379753422319745,0.0,0.0,0.2779433223966715,0.0,0.0,0.3885092375152981,0.0,0.0,0.0,0.1742273458698787,0.0,0.6166046109421421,0.0,0.0,0.0,0.0,0.5652430333076196,0.6722580552500586,0.7183430511720753,0.3811700364417152,0.0,0.0,0.3550331646730136,0.6696095808875024,0.1803474713693456,0.6458564703573197,0.0,0.0
0.0,0.0,0.0,0.0,0.0,0.2562257244295445,0.0,0.4028339947261455,0.3857404081595267,0.0,0.0,0.0,0.1048289773374738,0.0,0.0,0.0,0.0,0.0,0.0,0.0,0.0,0.0,0.2620882463251174,0.0,0.0,0.0,0.0,0.2125165910665833,0.0,0.0,0.1676376099498098,0.0,0.0,0.0,0.0,0.0,0.0,0.0,0.0,0.0,0.0,0.0,0.0,0.0,0.0,0.0,0.0,0.0,0.0,0.0,0.0,0.0,0.0,0.0,0.0,0.0,0.0,0.0,0.0,0.0,0.0,0.0,0.0,0.0,0.0,0.0,0.0,0.0667724104812101,0.0,0.0,0.0,0.0,0.0,0.0,0.0,0.0
0.6371499405518524,0.2157838146390892,0.0,0.1802644724973641,0.2482620935094379,0.0,0.0608186531441946,0.0,0.0,0.3539088284427903,0.0,0.0745423969377695,0.3744076731915436,0.0034258307611615,0.3423449736924853,0.5910776510787333,0.5219625320992308,0.6091624425895651,0.0606305408531853,0.4198204537226896,0.5999986800738429,0.5390479760498301,0.0,0.2171836510465421,0.4932257356106393,0.3271164734662892,0.0,0.0,0.3438114918074318,0.1676376099498098,0.0,0.1564574552506237,0.178113272057323,0.0797886020990076,0.0,0.0,0.0,0.156961921580707,0.0,0.0,0.0,0.0,0.1368733288324884,0.0,0.0,0.0,0.0760637660301537,0.0,0.0,0.0,0.0,0.0,0.0,0.0,0.2030314841719951,0.0,0.0642003757416852,0.0,0.0,0.4709722833874427,0.1587246759198722,0.3022812441075119,0.3178633204032567,0.0,0.4456303920091977,0.5454398564017973,0.5124762698456429,0.2034393182512933,0.360714722357985,0.3441622757736464,0.4071673046219097,0.3048924440018457,0.4721106715251998,0.5610507006853124,0.0,0.2353202587837485
0.1659388626658459,0.1416829855478187,0.0,0.0,0.0,0.135675407567939,0.0,0.0522846412292166,0.0,0.0,0.0,0.0,0.1407391937699695,0.1066412505116624,0.1218450387917467,0.1102921489442747,0.1004774235864174,0.1102300463585855,0.0803663108868473,0.208624242966137,0.042478393166694,0.181799109968074,0.0355798250112209,0.2429326839276387,0.0532341811716838,0.0564146393093651,0.0413304990898263,0.0946841726310108,0.0741006581145367,0.0,0.1564574552506237,0.0,0.3271543698441342,0.2259738421912569,0.012335967730786,0.0740492829314937,0.0898531626838485,0.0407877452083581,0.3863671761131064,0.0,0.0870973101241946,0.0,0.2194983611528306,0.1955821438405379,0.0231833898526032,0.0241821037909171,0.2273936272778688,0.1633676477565011,0.0,0.0,0.1448184300379041,0.0,0.0780077945356955,0.0,0.0,0.1099318846276238,0.0,0.0,0.0,0.0867455081894332,0.0382186201427891,0.0,0.0,0.1613932609028803,0.202686053816973,0.1704159476952293,0.1876884247151033,0.1281027404226784,0.151911200526512,0.0251809070553809,0.1605187096664097,0.0592628910554978,0.0,0.0751274763780545,0.0,0.1740518397407514
0.2608374026504905,0.3161403452438708,0.2861768058395981,0.0,0.0,0.2719638699426968,0.0660724389661894,0.2157841427566134,0.1273811187368418,0.2282377452972254,0.1963309322355264,0.2225529876864279,0.1904055957950767,0.0,0.0468037467048869,0.0790506384544857,0.2490616932284214,0.1104236347854172,0.0,0.0865050018362257,0.226360360676391,0.1311759802778994,0.1991631604257005,0.4521269555605769,0.1753214480468806,0.4138128710511438,0.0185611108209532,0.1419915502221543,0.091359843480671,0.0,0.178113272057323,0.3271543698441342,0.0,0.28928006632566,0.0,0.126531185991427,0.0074882172002321,0.1529381189178947,0.1477917261118588,0.3448303397654279,0.1638963045001723,0.0,0.0,0.0,0.1480377538206113,0.0585213818656926,0.2704669457393953,0.0,0.0,0.0,0.0,0.0,0.0,0.0,0.1531339457798347,0.0,0.21259594874321,0.0,0.0,0.0627229268677391,0.073985436394757,0.2007661415341427,0.0,0.0,0.1614819111579052,0.2179931464807768,0.1601530769610711,0.1759202796644494,0.373872534205008,0.1678082636196296,0.430860164743876,0.0202812319695924,0.0720547597103852,0.0,0.0,0.0955628641250772
0.0893203417714252,0.2309632698046827,0.0,0.0895308142610769,0.0,0.039701635132982,0.0,0.0,0.0,0.1718508203816534,0.0,0.1135175406537794,0.1535157211892278,0.0171642558324724,0.0,0.0502295958309587,0.1574819739811222,0.044516005788971,0.0208074208921299,0.0,0.1227878638863805,0.0907689476387671,0.0,0.0965270337318639,0.0920721126328927,0.3091753628371446,0.0,0.0908251573259879,0.0,0.0,0.0797886020990076,0.2259738421912569,0.28928006632566,0.0,0.0438240294271104,0.0648258259572922,0.095037138134058,0.0,0.1906397133588254,0.0,0.217862283008386,0.0,0.126657136667,0.0017617680286541,0.0,0.0988110790606828,0.0663444344474524,0.0,0.0,0.0,0.1374475311620423,0.0,0.0,0.0303059536682235,0.1274892186046433,0.0,0.126176261569361,0.1077068677907842,0.0,0.0,0.0744204860052581,0.1153859128453628,0.0597075033403527,0.0,0.1253376567464598,0.0,0.0852740394029637,0.0,0.1069636660948147,0.0602313924123352,0.2226070267376613,0.0,0.0535314133464065,0.092845123058284,0.0,0.0697365134794075
0.0,0.0,0.0,0.0,0.0,0.0,0.0,0.0,0.0,0.0,0.0,0.0,0.0,0.0,0.0,0.0,0.0,0.0,0.0,0.0,0.0,0.0,0.0,0.0,0.0,0.0,0.0,0.1998386045218964,0.0,0.0,0.0,0.012335967730786,0.0,0.0438240294271104,0.0,0.0,0.2536217834767784,0.0,0.0,0.0183645540194873,0.1452582930340338,0.4212197446973307,0.0,0.0,0.0,0.0,0.0,0.0,0.0,0.0,0.0,0.0,0.0,0.0,0.0,0.0,0.0,0.0,0.0,0.0,0.0,0.0,0.0,0.0,0.0,0.0,0.0,0.0,0.0,0.0,0.0,0.0,0.0,0.0,0.0,0.0
0.0,0.0,0.1956018902044807,0.0,0.0,0.1807702270751217,0.0697109085079263,0.1079753165478137,0.0,0.0,0.0972590019504527,0.1233222147503395,0.0,0.0548897905715582,0.0,0.0,0.0,0.0,0.1795650092794865,0.0141140556188216,0.0,0.0,0.1879289548032517,0.3783017854888832,0.0,0.1575709897475821,0.0,0.2673054238758744,0.0226280641010218,0.0,0.0,0.0740492829314937,0.126531185991427,0.0648258259572922,0.0,0.0,0.2529316986180741,0.1800003493625747,0.3230029179657,0.2285047912263893,0.3565686798869745,0.02317880976803,0.3423637946447109,0.3018386487515614,0.1443755323514148,0.0,0.0,0.3669320353845501,0.0,0.0,0.1350817278352871,0.0,0.1543775886266115,0.0,0.0,0.1115625673532307,0.0441709274255735,0.0,0.0,0.0,0.0,0.0,0.0,0.288634043422536,0.2294590511207075,0.0,0.1177697452989043,0.1556155679020766,0.0,0.0,0.0,0.0,0.0,0.0,0.0,0.0
0.0,0.0,0.0,0.2381608680136807,0.0,0.0,0.0,0.0,0.0,0.0,0.0,0.1589864321484479,0.0,0.0789202823078332,0.0,0.0,0.0,0.0,0.0,0.0,0.0,0.0,0.0,0.0,0.0,0.0,0.0,0.563665837034651,0.0,0.0,0.0,0.0898531626838485,0.0074882172002321,0.095037138134058,0.2536217834767784,0.2529316986180741,0.0,0.0,0.0,0.0,0.373969047188298,0.45507278898643,0.0,0.0,0.0,0.0,0.0,0.0,0.0,0.0,0.0,0.0,0.0,0.0,0.0,0.0,0.0,0.0,0.0,0.0,0.0,0.0,0.0,0.0,0.0,0.0,0.0,0.0,0.0,0.0,0.0,0.0,0.0,0.0,0.0,0.0
0.3122894731657809,0.0,0.0,0.0,0.1644191640293276,0.1702148457434932,0.0957676311850609,0.0,0.0,0.1262562381433215,0.1516141623229754,0.1229496774371113,0.127250014642604,0.0,0.0,0.0,0.3885814175794468,0.0,0.2190867914208656,0.0,0.0,0.0,0.1013840427561549,0.4230457690133298,0.3604554718188121,0.2499592219457013,0.1332085179045838,0.0,0.0,0.0,0.156961921580707,0.0407877452083581,0.1529381189178947,0.0,0.0,0.1800003493625747,0.0,0.0,0.2168659785515592,0.0,0.0423620329291481,0.0,0.0,0.0,0.2705105720655328,0.0,0.0,0.0,0.0,0.0,0.0,0.0,0.0,0.0,0.0,0.0,0.0,0.0,0.0,0.0,0.0,0.0,0.0,0.0,0.0,0.0,0.0,0.0,0.2455455261847854,0.3223228097017066,0.4226829399522885,0.0,0.2421583037752284,0.0,0.0,0.0
0.0984573976325979,0.1663995703216601,0.1242506258877056,0.0,0.0237965516312659,0.1751173512591473,0.0735155458143951,0.0799504391974202,0.0,0.0,0.1605328687308888,0.0,0.0,0.2039120574910697,0.1791852617508119,0.04199174132292,0.0,0.0283988044134031,0.1724987447070479,0.2899668727714922,0.0,0.2066709130005898,0.0695164950699261,0.3118331203731287,0.1800187538434542,0.08842023877366,0.1037171507972004,0.0561000350838623,0.1632082177921055,0.0,0.0,0.3863671761131064,0.1477917261118588,0.1906397133588254,0.0,0.3230029179657,0.0,0.2168659785515592,0.0,0.0,0.3780568054992519,0.0,0.3908569376822456,0.3351100109857511,0.1638424653880005,0.0788697011631934,0.4199936086250415,0.2003052868049799,0.2139475484885973,0.0,0.3195673174982668,0.0,0.255975764899648,0.0,0.0,0.1075612044347712,0.0,0.0,0.0,0.0643835573955952,0.1297776601223439,0.0,0.0,0.1797528914786644,0.3897947938586482,0.1862617199800784,0.340901109579502,0.191304257042936,0.2247109615764315,0.2320901829105467,0.2237582928908802,0.0834457639834735,0.1352775362668729,0.1903764367306988,0.2883370486721052,0.2243069151718257
0.0,0.0,0.0,0.0,0.0,0.0,0.0,0.0,0.0,0.0653389419611845,0.0,0.2281040350881566,0.0,0.0,0.0,0.0,0.0,0.0,0.0,0.0,0.0,0.0,0.2596413543654765,0.1437323320193597,0.0,0.1087127421343672,0.0,0.3343161082201564,0.0,0.0,0.0,0.0,0.3448303397654279,0.0,0.0183645540194873,0.2285047912263893,0.0,0.0,0.0,0.0,0.312339194633174,0.2306534161020242,0.0,0.0,0.1110981426091513,0.0,0.0,0.3092764298209113,0.0,0.3674088684128787,0.0,0.2137857453647626,0.256333798174251,0.0650725031344024,0.1971068697137446,0.0979211271946673,0.2527955858922574,0.0,0.0,0.0,0.2145415121275399,0.0877600178968435,0.0625002787277189,0.1551528897684916,0.0,0.0,0.0,0.0,0.1919486619295899,0.0,0.0,0.0,0.0,0.0,0.1482856266407427,0.2846352576135268
0.0,0.0,0.1658986493245346,0.0,0.0,0.334863088951305,0.0,0.0,0.0,0.0,0.0,0.0,0.0,0.0,0.0,0.0,0.0,0.0,0.0,0.0,0.0,0.0,0.0136891993350616,0.2037264301350134,0.0,0.0090430702135179,0.0788993023234505,0.3720580702556628,0.0074485352148063,0.0,0.0,0.0870973101241946,0.1638963045001723,0.217862283008386,0.1452582930340338,0.3565686798869745,0.373969047188298,0.0423620329291481,0.3780568054992519,0.312339194633174,0.0,0.3516590026598266,0.0,0.0,0.0,0.0,0.0,0.2189422567714081,0.0,0.0,0.0,0.0,0.0292299434613956,0.0,0.0,0.0521282162597873,0.0,0.0,0.0,0.0,0.2993291198335741,0.0,0.0,0.1822189879077512,0.0,0.0,0.0,0.0,0.090181288462275,0.0,0.0,0.0,0.0,0.0,0.5542535768804603,0.3813825280789356
0.0,0.0,0.0,0.0,0.0,0.0,0.0,0.0,0.0,0.0,0.0,0.0,0.0,0.0,0.0,0.0,0.0,0.0,0.0,0.0,0.0,0.0,0.0,0.0,0.0,0.0,0.0,0.2243011908584978,0.0,0.0,0.0,0.0,0.0,0.0,0.4212197446973307,0.02317880976803,0.45507278898643,0.0,0.0,0.2306534161020242,0.3516590026598266,0.0,0.0,0.0,0.0,0.0,0.0,0.0,0.0,0.356798679097416,0.0,0.0259003830993305,0.0847443508312519,0.0,0.0,0.0,0.0,0.0,0.0,0.0,0.0177888521773166,0.0,0.0,0.0,0.0,0.0,0.0,0.0,0.0,0.0,0.0,0.0,0.0,0.0,0.3627022818019131,0.1413298439867854
0.0,0.0,0.0562755932402341,0.0,0.2583626924644094,0.1566096424723324,0.2351658265116833,0.162313212029289,0.0,0.0,0.2347290479355291,0.2343240599271598,0.0,0.3413042497351173,0.162740561382134,0.0,0.0,0.0,0.2244739703414492,0.4366555061408784,0.0,0.3908821434089709,0.2133950166091369,0.0,0.0,0.0,0.0951213252033424,0.0,0.1922718139635324,0.0,0.1368733288324884,0.2194983611528306,0.0,0.126657136667,0.0,0.3423637946447109,0.0,0.0,0.3908569376822456,0.0,0.0,0.0,0.0,0.4971834785755375,0.3383257569829246,0.0,0.0,0.1419086165578463,0.472579605284114,0.0,0.456245058931258,0.0390984906120507,0.3003665489740591,0.1301524661788656,0.2189658386547802,0.0253218808647917,0.1912624520910585,0.3114324990273276,0.0860710751686182,0.1274537613492494,0.0,0.329427196570017,0.0,0.0677075085150493,0.4334711408928631,0.2132850492002582,0.4265923335352514,0.4310779443657381,0.2769431646096811,0.5054534220046131,0.3884314851137887,0.1944654988743559,0.475110269847081,0.3639545065131087,0.0,0.2263750118354012
0.0,0.0,0.0,0.0,0.0,0.0,0.0,0.0,0.0,0.0,0.0,0.0,0.0,0.0,0.0,0.0,0.0,0.0,0.0,0.0,0.0,0.0,0.0334865376480075,0.0,0.0,0.0,0.0,0.0,0.0,0.0,0.0,0.1955821438405379,0.0,0.0017617680286541,0.0,0.3018386487515614,0.0,0.0,0.3351100109857511,0.0,0.0,0.0,0.4971834785755375,0.0,0.2781854134465907,0.0,0.0,0.1404258174359292,0.3675539817937475,0.0,0.2821383618857905,0.0,0.0479276612945069,0.0,0.0,0.0337306632859979,0.0610761389810128,0.204296181834663,0.0,0.0,0.0,0.0,0.0,0.1451051795103889,0.0,0.0,0.0,0.220922368974212,0.0,0.0,0.0,0.1960270338238449,0.3342110276239087,0.3618586183123553,0.0,0.0421944965960207
0.0,0.0,0.0,0.0,0.0,0.0,0.0,0.0,0.0,0.1896705185944128,0.0,0.2021104536384342,0.0,0.0,0.0,0.0,0.0,0.0,0.0,0.0,0.0,0.0,0.0,0.2324687143679613,0.0,0.2345389124015859,0.0,0.0,0.0,0.0,0.0,0.0231833898526032,0.1480377538206113,0.0,0.0,0.1443755323514148,0.0,0.2705105720655328,0.1638424653880005,0.1110981426091513,0.0,0.0,0.3383257569829246,0.2781854134465907,0.0,0.2133645792168232,0.0,0.0,0.0,0.0,0.3610798121897228,0.1318313752053879,0.0,0.2485771831605336,0.1964156786047117,0.0272667934846275,0.1709035748366146,0.3547035261917311,0.0,0.0,0.0,0.2810189084897523,0.2099569799413937,0.0,0.0,0.0,0.0,0.3878557411189119,0.2924327555159082,0.4329760365509366,0.4048828492098892,0.2270411030277281,0.3267666235302364,0.0,0.0,0.0511667473796502
0.6797355195613435,0.2312176222302439,0.0,0.0,0.0,0.0,0.0,0.0,0.0,0.2816321276130006,0.0,0.0,0.0,0.0,0.0,0.3932988732324122,0.0,0.3706784070362947,0.0,0.0,0.5924398037970435,0.4200420492657603,0.0,0.1110697434266028,0.5055735810456065,0.3591088751821704,0.0,0.0,0.0,0.0,0.0,0.0241821037909171,0.0585213818656926,0.0988110790606828,0.0,0.0,0.0,0.0,0.0788697011631934,0.0,0.0,0.0,0.0,0.0,0.2133645792168232,0.0,0.1618965995215783,0.0,0.0,0.0,0.0885948204802476,0.0,0.0,0.0,0.0,0.0,0.0296640167752581,0.3417004802112067,0.0,0.4683477356620145,0.2424008124192267,0.0,0.5279261043896024,0.0,0.4850058998692643,0.4504360324851452,0.5329743059084381,0.1923398291928681,0.2701804376915499,0.4421361250937374,0.3580142764520391,0.3020516519328726,0.4484365920883186,0.6097096238065693,0.0,0.2735166601457281
0.3779966989679328,0.5666027592413033,0.0,0.0,0.0,0.4709198506242223,0.0,0.0,0.0,0.0,0.0,0.0,0.0,0.0,0.4943815345269437,0.5220794117304742,0.0,0.4965286959557841,0.0,0.7328219676986145,0.3544549842118595,0.6611699430600974,0.388158461277346,0.0,0.6143973308505283,0.4054240522069524,0.4476319791001606,0.0,0.6073268673351846,0.0,0.0760637660301537,0.2273936272778688,0.2704669457393953,0.0663444344474524,0.0,0.0,0.0,0.0,0.4199936086250415,0.0,0.0,0.0,0.0,0.0,0.0,0.1618965995215783,0.0,0.0,0.0,0.0,0.779965859761773,0.0,0.4057748360723087,0.3487400303074626,0.0,0.0,0.0,0.3664954796338674,0.0,0.4249414419699341,0.1330302509566566,0.2427426902990559,0.1058460751066644,0.0,0.6384741804631966,0.5527757691397686,0.7193179479492526,0.6553008875899493,0.0,0.6946959892562959,0.6933367036539444,0.4993990958420864,0.3880752400565631,0.5312482753378223,0.0,0.0
0.0,0.0,0.6940250526338044,0.0,0.2132616802478022,0.4266607255638161,0.2306546041219726,0.2942875234853092,0.4606123462334971,0.0,0.5782412484114509,0.0,0.1962346150619358,0.0,0.0,0.0,0.0,0.0,0.6337580168816437,0.0,0.0,0.0,0.4389494069033176,0.0,0.0,0.0,0.3089533353687591,0.1521567472793742,0.2379753422319745,0.0,0.0,0.1633676477565011,0.0,0.0,0.0,0.3669320353845501,0.0,0.0,0.2003052868049799,0.3092764298209113,0.2189422567714081,0.0,0.1419086165578463,0.1404258174359292,0.0,0.0,0.0,0.0,0.0699549617434428,0.0,0.2712337175864659,0.0,0.3603167478401953,0.2610312020399413,0.0,0.5992665502202351,0.0637742603745633,0.0312577069582752,0.0,0.0,0.0,0.0,0.0,0.6118990409752005,0.0,0.2894014227693554,0.0,0.3439939604744906,0.0,0.2044277891429279,0.3519385571985112,0.2409777304400315,0.0872187487672736,0.1107676155622381,0.2117877243600021,0.1908066937424927
0.0,0.0,0.0,0.0,0.0,0.0,0.0,0.0,0.0,0.0,0.0,0.0,0.0,0.0,0.0,0.0,0.0,0.0,0.0,0.0,0.0,0.0,0.0,0.0,0.0,0.0,0.0,0.0,0.0,0.0,0.0,0.0,0.0,0.0,0.0,0.0,0.0,0.0,0.2139475484885973,0.0,0.0,0.0,0.472579605284114,0.3675539817937475,0.0,0.0,0.0,0.0699549617434428,0.0,0.0,0.1306949383662684,0.1503083419287396,0.0,0.0,0.0,0.0,0.0,0.2780294691635713,0.2148012427838173,0.0,0.0,0.0,0.0,0.0,0.0,0.0,0.0,0.0993301602307519,0.0,0.0,0.0,0.0,0.5112750364675133,0.0,0.0,0.0
