0.0,0.0,0.0,0.0,0.0,0.0,0.0,0.0,0.0,0.0790476759208255,0.0,0.0318939587958348,0.0,0.1012422450200053,0.0,0.1640880749885163,0.21287006854034,0.1856255596905278,0.0,0.0,0.2754669948758082,0.0,0.0,0.3311640675153772,0.2801545301998104,0.0280289471533483,0.0,0.0958108155737619,0.0,0.0,0.2012422341266503,0.4321182712528501,0.1506333599354815,0.0,0.0,0.0,0.0,0.1269535722753502,0.4072692716315403,0.2645284528518795,0.2034649427310381,0.0,0.0,0.0,0.0,0.5550578545975097,0.0,0.0,0.0,0.0,0.0,0.0,0.0,0.0,0.1522594757750476,0.0,0.0,0.0,0.0,0.0,0.3318148253187911,0.0,0.2575706526568911,0.0,0.0,0.3156411390070116,0.0,0.0,0.3051675777748024,0.1795024903411008,0.1935306310719902,0.0,0.0,0.0,0.0,0.4758460604223538
0.0,0.0,0.0,0.0,0.2057461084363014,0.4106545235675399,-0.0052528487982994,0.2904637936994553,0.2351901491871624,0.0,0.0,0.0,0.3749861977588724,0.0,0.2812850517524685,0.3310160959168345,0.0,0.4231682974339856,0.0,0.3218908887555527,0.1855043289194109,0.3707356773662836,0.3751982337363969,0.0,0.3388607309790115,0.402160697516459,0.3057535549045527,0.2827550424232005,0.3975173447101793,0.0,0.0476044444102788,0.0,0.0,0.0239302771375184,0.0,0.0,0.0,0.0,0.0,0.0,0.0,0.0,0.0,0.0,0.0,0.0,0.4292633624397535,0.0,0.0,0.0,0.384899751052196,0.0,0.0,0.0,0.0,0.0,0.0,0.0,0.0,0.2343947968806864,0.1720932927531117,0.0,0.2454977028870505,0.0,0.2910445275793712,0.0928185625379572,0.3141976109446402,0.3875176372031394,0.0,0.2520220715275516,0.2855894719312613,0.2794149384436037,0.0,0.0506429023854453,0.0,0.0
0.0,0.0,0.0,0.0,0.4558188794558065,0.5825527978052749,0.1461104620889384,0.4322515428287209,0.5508680692204951,0.0,0.6391474691664406,0.0,0.3351493227309365,0.0,0.0,0.0,0.0,0.0,0.6226707545767054,0.0,0.0,0.0,0.5371539254327868,0.0,0.0,0.0,0.5784195880997672,0.3955257691762126,0.5384037388323291,0.3346348973159699,0.2824453777983961,0.0,0.0,0.1372868912441724,0.0,0.0,0.0,0.0,0.0,0.0,0.0,0.0,0.0,0.0,0.0,0.0,0.0,0.6475830581069822,0.0,0.1093602658697718,0.3042101560754254,0.1860484471960953,0.1996079173074,0.5715406300850411,0.0,0.616428641986706,0.0,0.0,0.0,0.0,0.0,0.0,0.0,0.5787188277383918,0.0,0.0,0.0,0.5316941297669836,0.0,0.0,0.0,0.5179265055922917,0.0,0.0,0.0,0.0
0.0,0.0,0.0,0.0,0.0,0.0,0.0142473847717589,0.0,0.0,0.0932066497278716,0.0,0.0,0.0,0.074273958302602,0.0,0.0,0.0,0.0,0.0,0.0,0.0,0.0,0.0,0.0,0.0,0.0,0.0,0.0,0.0,0.0,0.0,0.1884137951133935,0.0,0.0,0.1274951943790409,0.1671173682566167,0.0606574095773619,0.0,0.0,0.0,0.0,0.0,0.0,0.0,0.0,0.0,0.0,0.0,0.0,0.0,0.0,0.0,0.0,0.0,0.0,0.0,0.0,0.0,0.0,0.0,0.0,0.0,0.0,0.0,0.0,0.0,0.0,0.0,0.0,0.0,0.0,0.0,0.0,0.0,0.0,0.0
0.0,0.2057461084363014,0.4558188794558065,0.0,0.0,0.4504982883866684,0.3181921342455878,0.271962886489746,0.4755819744240967,0.0,0.4835516641297525,0.1149145634079521,0.3180971992075331,0.0991777413874872,0.0,0.1104966974844027,0.0,0.0,0.384012212666599,0.4446407813234764,0.0,0.3831033062714314,0.3557326963455937,0.0,0.0,0.0,0.4668802537957645,0.3586280280418072,0.3931944710683723,0.0,0.199793813913245,0.0,0.0,0.1094278554154998,0.0,0.0,0.0,0.0627741677128089,0.0,0.0,0.0,0.0,0.0,0.0,0.0,0.0,0.0,0.4269388568857575,0.0,0.0,0.2156617294739547,0.0,0.1205610950155166,0.5019303759492034,0.0,0.4683474430815292,0.0,0.0,0.0,0.0,0.0,0.0,0.0,0.3388259804919654,0.0,0.0,0.0,0.3547825736092575,0.0,0.0,0.0,0.4175723253010867,0.0,0.0,0.0,0.0
0.0,0.4106545235675399,0.5825527978052749,0.0,0.4504982883866684,0.0,0.1687250464940808,0.4560050657345869,0.520291741325073,0.0,0.5399550482377419,0.1623389848146298,0.4360311807205116,0.0,0.424611305395497,0.2221308538565026,0.0,0.240162132832533,0.5348729414139277,0.5179235916454439,0.1485908012139677,0.4699550690135769,0.6257506388363681,0.0,0.0,0.0760885399311076,0.5460837511910076,0.3481041759791006,0.5714571141732672,0.3062267949463496,0.215318914974092,0.0,0.0,0.1589318973717791,0.0,0.0,0.0,0.0734512126616596,0.0,0.0,0.0,0.0,0.0,0.0,0.0,0.0,0.0,0.5705191705273465,0.0,0.0603063589575717,0.461116215076836,0.1231518178586737,0.3147067931501625,0.5442128804271634,0.0,0.545926530108061,0.0,0.0,0.0,0.3432292499632633,0.0,0.0,0.0,0.5180881219453672,0.3888847889861878,0.0686456591548439,0.2736761046374206,0.6057923645984924,0.0,0.0,0.0,0.5093422940294656,0.0,0.0,0.0,0.0
0.0,-0.0052528487982994,0.1461104620889384,0.0142473847717589,0.3181921342455878,0.1687250464940808,0.0,0.0618467664912294,0.2497241784770313,0.0,0.1516250884795054,0.0,0.3212590346012691,0.141918229187119,0.0,0.1457804518798494,0.0355364029837825,0.1611155269351227,0.120362705518315,0.1918200242729516,0.0,0.1769927809088594,0.0756263332474368,0.0,0.0,0.0,0.2017220809570273,0.2608780825488759,0.233064296805277,0.0,0.2192488888611044,0.0576710935515246,0.0,0.0750526279772855,0.0,0.0,0.0,0.1053945486935217,0.0,0.0,0.0,0.0,0.1609840963987279,0.0,0.0,0.0,0.0,0.0,0.0,0.0,0.0,0.0,0.0,0.0,0.0,0.0,0.0,0.0,0.0,0.0,0.0,0.0,0.0,0.0,0.0,0.0,0.0,0.0474904930171538,0.0,0.0,0.0,0.1302202790484123,0.0,0.0,0.0,0.0
0.0,0.2904637936994553,0.4322515428287209,0.0,0.271962886489746,0.4560050657345869,0.0618467664912294,0.0,0.3008136956871502,0.0,0.432143886084175,0.0,0.3422357988657506,0.0172933556376681,0.3716945602003013,0.1487368183014767,0.0,0.1706655506590046,0.4806624789663619,0.3258981255843268,0.259871917494921,0.29999816460647,0.5689888986963748,0.0,0.0,0.087215589746156,0.2691756834777119,0.3728636395701621,0.3262266128049297,0.4046482776683932,0.3144387756519297,0.0,0.0,0.1446297424324946,0.0466473572834303,0.0,0.0309067775576059,0.0,0.0,0.0,0.0,0.0,0.0,0.0,0.0,0.0,0.0,0.3860269610752194,0.0,0.0,0.1809844350919931,0.0,0.4794954834214028,0.3248467705791793,0.0,0.3937930288514548,0.0,0.0,0.0633666723362269,0.3309790862027759,0.0,0.0,0.0,0.4761251819254974,0.2733072206952213,0.2437711927624637,0.174722442135036,0.5057530166965112,0.0,0.0,0.0,0.1799501244089499,0.0,0.0,0.0,0.0
0.0,0.2351901491871624,0.5508680692204951,0.0,0.4755819744240967,0.520291741325073,0.2497241784770313,0.3008136956871502,0.0,0.0,0.5477995338320178,0.081902413265496,0.3742417314757217,0.0,0.0,0.142440448009092,0.0,0.0,0.5051692440650042,0.5193984149729394,0.0,0.448745506142248,0.4241113175971655,0.0,0.0,0.0,0.5325753378761632,0.3680837788283856,0.4796257856858594,0.3215283795564678,0.2353917710917872,0.0,0.0,0.1114517958387097,0.0,0.0,0.0,0.0284214862603766,0.0,0.0,0.0,0.0,0.0,0.0,0.0,0.0,0.0,0.5609224538270762,0.0,0.2206804994272828,0.3295552149315681,0.2750748148527208,0.1383819849423054,0.6319664088968714,0.0,0.5560008944476675,0.0,0.0058772501368184,0.0,0.0,0.0,0.0,0.0,0.470290507105235,0.0,0.0,0.0,0.4562563809399697,0.0,0.0,0.0,0.5215343310816636,0.0,0.0,0.0,0.0
0.0790476759208255,0.0,0.0,0.0932066497278716,0.0,0.0,0.0,0.0,0.0,0.0,0.0,0.3278331274864122,0.0857425305569241,0.009838575973021,0.0,0.2690811337274841,0.4938642408215635,0.3134378650222296,0.0,0.0,0.116324776844454,0.1336662920347438,0.0,0.0998204884356388,0.3628603026315779,0.3543702314968076,0.0,0.1259484387193379,0.0,0.0,0.078836202001145,0.0,0.0,0.0,0.0,0.0,0.1453004965206472,0.0307096543678293,0.0,0.0518095733303993,0.0,0.0,0.0,0.0,0.0046798657687843,0.0685627362815736,0.0,0.0,0.0,0.0,0.0,0.0,0.0,0.0,0.469563126374977,0.0,0.2889902679321371,0.2679213948790216,0.0,0.0,0.1914814976252759,0.4617930075520499,0.4267084578576811,0.0,0.0,0.0,0.0,0.0,0.1142960461200372,0.3771026838582917,0.3460206819130675,0.0,0.1089098586886348,0.0,0.0,0.0775710794630878
0.0,0.0,0.6391474691664406,0.0,0.4835516641297525,0.5399550482377419,0.1516250884795054,0.432143886084175,0.5477995338320178,0.0,0.0,0.0928117319128824,0.3196720936555238,0.0,0.0,0.0,0.0,0.0,0.608903246469376,0.0,0.0,0.0,0.5160498014187053,0.0,0.0,0.0,0.5405932828916532,0.3719778215570832,0.0,0.0,0.2665487609065239,0.0,0.0,0.1184174316927968,0.0,0.0,0.0,0.0,0.0,0.0,0.0,0.0,0.0,0.0,0.0,0.0,0.0,0.6206496905748072,0.0,0.1622930678069432,0.2913110753990334,0.1948088912273267,0.208057856359851,0.5660971434381198,0.0,0.636486125385888,0.0,0.0,0.0,0.0,0.0,0.0,0.0,0.5710740584077968,0.0,0.0,0.0,0.5260035314383311,0.0,0.0,0.0,0.4929106695004882,0.0,0.0,0.0,0.0
0.0318939587958348,0.0,0.0,0.0,0.1149145634079521,0.1623389848146298,0.0,0.0,0.081902413265496,0.3278331274864122,0.0928117319128824,0.0,0.2594333797132974,0.0,0.0,0.0,0.3310740720553299,0.3488681888225948,0.0,0.0,0.0975847967513621,0.0,0.1447808368422651,0.3347221968310355,0.3349847263157192,0.4523510036619062,0.0,0.227796013357484,0.0,0.0,0.0,0.0203614330528809,0.1214127209035102,0.0,0.0420564550937034,0.0157644573771134,0.2118493857858887,0.0907714921649148,0.0,0.0,0.0,0.0,0.0,0.0,0.0,0.0,0.0,0.0,0.0,0.0,0.0,0.0,0.0,0.0,0.2518171844059243,0.0,0.4494560199263786,0.0,0.0,0.0,0.0,0.2629391710537884,0.2098410386038778,0.0,0.0,0.0,0.0,0.0,0.2868964351356092,0.1455929062772649,0.2833177811384862,0.0,0.0835380698750006,0.0,0.0,0.0127893728772794
0.0,0.3749861977588724,0.3351493227309365,0.0,0.3180971992075331,0.4360311807205116,0.3212590346012691,0.3422357988657506,0.3742417314757217,0.0857425305569241,0.3196720936555238,0.2594333797132974,0.0,0.0171769148109214,0.1833208285827114,0.2230535337627471,0.1254558765085866,0.2644046508774797,0.3310053785066976,0.2590430812656022,0.093840613562441,0.2336968991454361,0.3860635921385111,0.0,0.0561634963181631,0.1221718726676414,0.2721524931255361,0.4402168471426532,0.3707492711096631,0.2322983349559525,0.188092937283631,0.0,0.0,0.0569866280115312,0.0492473900275655,0.0,0.0,0.1635893343891713,0.0,0.0,0.0,0.0,0.0,0.0,0.0,0.0,0.0,0.3405627260071465,0.0,0.0,0.2492239618448768,0.0,0.2778559763392647,0.0,0.0,0.0,0.0,0.0,0.0,0.0,0.0,0.0,0.0,0.0,0.1504223000991605,0.0,0.0,0.3614965902774047,0.0,0.0,0.0,0.2494908612148699,0.0,0.0,0.0,0.0
0.1012422450200053,0.0,0.0,0.074273958302602,0.0991777413874872,0.0,0.141918229187119,0.0172933556376681,0.0,0.009838575973021,0.0,0.0,0.0171769148109214,0.0,0.0,0.0,0.0,0.0,0.0,0.0,0.0,0.0,0.0,0.0,0.0,0.0,0.0,0.0825716731881503,0.0,0.0,0.0207317858108821,0.2206666484300711,0.0,0.0,0.0,0.1866574130362041,0.0400588636716284,0.0,0.256387418232655,0.0,0.0,0.0,0.309428115709882,0.0,0.0,0.0,0.0,0.0,0.0,0.0,0.0,0.0,0.0,0.0,0.0,0.0,0.0,0.0,0.0,0.0,0.0,0.0,0.0,0.0,0.0,0.0,0.0,0.0,0.0,0.0,0.0,0.0,0.0,0.0,0.0,0.0
0.0,0.2812850517524685,0.0,0.0,0.0,0.424611305395497,0.0,0.3716945602003013,0.0,0.0,0.0,0.0,0.1833208285827114,0.0,0.0,0.2254784185304874,0.0,0.2441066526097629,0.0,0.493295709238966,0.2774742805582159,0.5138964650151158,0.4638159510664552,0.0,0.0,0.0,0.3958320405693912,0.322936929818058,0.4006569572175879,0.3734336294981616,0.3987862914673434,0.0,0.0,0.1867245978743366,0.0,0.0,0.0,0.0,0.0,0.0,0.0,0.0,0.0,0.0,0.0,0.0,0.1654159047529467,0.0,0.0,0.0,0.1893600701972345,0.0,0.2351035494310594,0.0,0.0,0.0,0.0,0.0,0.0,0.6107958181853579,0.1955657511047816,0.0,0.0,0.0,0.5036238277408851,0.2476751110669023,0.4643298791372888,0.4636548443239919,0.0,0.0,0.0,0.3360848819265557,0.0,0.0655727747808961,0.0,0.0
0.1640880749885163,0.3310160959168345,0.0,0.0,0.1104966974844027,0.2221308538565026,0.1457804518798494,0.1487368183014767,0.142440448009092,0.2690811337274841,0.0,0.0,0.2230535337627471,0.0,0.2254784185304874,0.0,0.3064387920388514,0.5214366536105585,0.0,0.2780276026352999,0.2738638467314124,0.3602573890162482,0.2077317284517369,0.0,0.2792088872865166,0.2081875037373965,0.1798313498469422,0.2854382946062335,0.3795643077281129,0.2460060577716868,0.3197901006118415,0.0182857618709785,0.0,0.1759610683507619,0.0,0.0,0.0,0.0,0.0,0.0349449232564739,0.0914648950070469,0.0,0.0,0.0,0.0,0.0758410286220867,0.2181049219975624,0.0,0.0,0.0,0.0,0.0,0.0,0.0,0.0,0.0,0.0,0.0,0.0,0.2027862085194338,0.3995760918772475,0.0,0.3338689481309441,0.0,0.2948680064311147,0.1618133800546241,0.3030615360926835,0.0,0.0,0.1721875026360155,0.1208391199824324,0.1264288354476412,0.0,0.0,0.0,0.1490732906797789
0.21287006854034,0.0,0.0,0.0,0.0,0.0,0.0355364029837825,0.0,0.0,0.4938642408215635,0.0,0.3310740720553299,0.1254558765085866,0.0,0.0,0.3064387920388514,0.0,0.3821340991449392,0.0,0.0,0.0,0.0,0.0,0.2650577261438953,0.4270027407164444,0.3566825958106248,0.0,0.1334126341422529,0.0,0.0,0.0,0.1887234621523305,0.1694532595339812,0.0,0.0097448045078868,0.0,0.0,0.0747374607003772,0.1650602229674041,0.2608213213978634,0.0756891014279723,0.0,0.0,0.0,0.0,0.0,0.0,0.0,0.0,0.0,0.0,0.0,0.0,0.0,0.4067447576668301,0.0,0.2130472568652167,0.0,0.0,0.0,0.0,0.4560589066869505,0.3985658209758321,0.0,0.0,0.0,0.0,0.0,0.2214644320708833,0.2998958595974493,0.3311912811352717,0.0,0.0,0.0,0.0,0.2218216668063309
0.1856255596905278,0.4231682974339856,0.0,0.0,0.0,0.240162132832533,0.1611155269351227,0.1706655506590046,0.0,0.3134378650222296,0.0,0.3488681888225948,0.2644046508774797,0.0,0.2441066526097629,0.5214366536105585,0.3821340991449392,0.0,0.0,0.2790718803257342,0.260162076407769,0.3448170364566902,0.1874103197767203,0.1437856869381073,0.4379681127128189,0.3419078568210347,0.1740767168187593,0.3527375484824442,0.3275699931678533,0.2298374126293312,0.2384951404878797,0.0901395007235153,0.0719178212523947,0.0352402477933058,0.0,0.0,0.0,0.0,0.0321997345254493,0.0769701975338722,0.0488175653760083,0.0,0.0,0.0,0.0,0.1190437127695874,0.2395556197023652,0.0,0.0,0.0,0.0,0.0,0.0,0.0,0.178639277606839,0.0,0.1568013049755462,0.0,0.0,0.0,0.4266995248287196,0.1609747715631878,0.4298704239976573,0.0,0.0,0.0,0.2836608095472577,0.0,0.0709567647881422,0.2306691642705461,0.2066842299685043,0.0,0.0,0.0,0.0,0.200984231411895
0.0,0.0,0.6226707545767054,0.0,0.384012212666599,0.5348729414139277,0.120362705518315,0.4806624789663619,0.5051692440650042,0.0,0.608903246469376,0.0,0.3310053785066976,0.0,0.0,0.0,0.0,0.0,0.0,0.0,0.0,0.0,0.5507225399027821,0.0,0.0,0.0,0.4861816567751523,0.3935940354563588,0.0,0.0,0.3094621280721518,0.0,0.0,0.1142356904817242,0.0,0.0,0.0,0.0668436428011197,0.0,0.0,0.0,0.0,0.0,0.0,0.0,0.0,0.0,0.5824395932883663,0.0,0.0472317346800238,0.2794567473934187,0.1169783933195655,0.2896721370648125,0.5174823859551348,0.0,0.5716976436805048,0.0,0.0,0.0,0.0,0.0,0.0,0.0,0.6236742501880344,0.0,0.0,0.0,0.5284632739149819,0.0,0.0,0.0,0.4272777773946838,0.0,0.0,0.0,0.0
0.0,0.3218908887555527,0.0,0.0,0.4446407813234764,0.5179235916454439,0.1918200242729516,0.3258981255843268,0.5193984149729394,0.0,0.0,0.0,0.2590430812656022,0.0,0.493295709238966,0.2780276026352999,0.0,0.2790718803257342,0.0,0.0,0.1962082516601176,0.6283500936828095,0.4387767116500489,0.0,0.0,0.0836504035442499,0.5991683730698505,0.3676897411293301,0.5839154225218378,0.339810215340724,0.3167124284380448,0.0,0.0,0.1538064372202806,0.0,0.0,0.0,0.0,0.0,0.0,0.0,0.0,0.0,0.0,0.0,0.0,0.2243673676525803,0.0,0.0,0.0,0.3005167833509724,0.0,0.1516856618181729,0.0,0.0,0.0,0.0,0.0,0.0,0.4035526890719308,0.0,0.0,0.0,0.0,0.5848847377786325,0.1463671608599974,0.5103541019265784,0.4516290237616141,0.0,0.0,0.0,0.5333977647092579,0.0,0.0,0.0,0.0
0.2754669948758082,0.1855043289194109,0.0,0.0,0.0,0.1485908012139677,0.0,0.259871917494921,0.0,0.116324776844454,0.0,0.0975847967513621,0.093840613562441,0.0,0.2774742805582159,0.2738638467314124,0.0,0.260162076407769,0.0,0.1962082516601176,0.0,0.2234648526422113,0.2429291086805513,0.0467288282085892,0.0776028728844644,0.0552628213067905,0.097455488265157,0.3082456255137348,0.2285541337660517,0.4044082760691281,0.4133727387839429,0.1411258536403179,0.0,0.2036948729923048,0.0,0.1079612510132013,0.0,0.0,0.0334535408487373,0.0,0.1422076675624069,0.0,0.0,0.0,0.0,0.2529949416234258,0.0845115641651749,0.0,0.0,0.0,0.0,0.0,0.3311947807455521,0.0,0.0,0.0,0.0,0.0,0.0,0.311736069231193,0.3313523826248772,0.0,0.0,0.0,0.2126190009176543,0.5325328788163318,0.2002660258022795,0.227530278169791,0.0,0.0859151910727361,0.1285442944756394,0.0431127065459054,0.149040942542716,0.1131281703891391,0.0,0.2002975120074703
0.0,0.3707356773662836,0.0,0.0,0.3831033062714314,0.4699550690135769,0.1769927809088594,0.29999816460647,0.448745506142248,0.1336662920347438,0.0,0.0,0.2336968991454361,0.0,0.5138964650151158,0.3602573890162482,0.0,0.3448170364566902,0.0,0.6283500936828095,0.2234648526422113,0.0,0.4156192614683339,0.0,0.0565260330937005,0.1493117035757157,0.547778244770891,0.3482574014986204,0.5610957879342034,0.3141394101939421,0.3303258429279504,0.0,0.0,0.1823772480759062,0.0,0.0,0.0,0.0,0.0,0.0,0.0,0.0,0.0,0.0,0.0,0.0,0.2809956573526229,0.0,0.0,0.0,0.2565668691272091,0.0,0.0,0.0,0.0,0.0,0.0,0.0,0.0,0.4201811636983287,0.252535880949626,0.0,0.1149891610089803,0.0,0.573797451212781,0.1492903421214058,0.5618056226269704,0.4140966114436257,0.0,0.0977036277207736,0.0,0.4769797737954132,0.0,0.0,0.0,0.0
0.0,0.3751982337363969,0.5371539254327868,0.0,0.3557326963455937,0.6257506388363681,0.0756263332474368,0.5689888986963748,0.4241113175971655,0.0,0.5160498014187053,0.1447808368422651,0.3860635921385111,0.0,0.4638159510664552,0.2077317284517369,0.0,0.1874103197767203,0.5507225399027821,0.4387767116500489,0.2429291086805513,0.4156192614683339,0.0,0.0,0.0,0.0610085963219079,0.4370719994799362,0.3846087872628685,0.490088050879646,0.3989604537522517,0.3168932283669161,0.0,0.0,0.2258104903744756,0.0,0.0,0.0258014771333858,0.1551598397147223,0.0,0.0,0.0,0.0,0.0,0.0,0.0,0.0,0.102422672788287,0.508589020676068,0.0,0.0306948383000719,0.3711082166900716,0.0636835954156852,0.4360778826467802,0.4525162199343482,0.0,0.5015790937453205,0.0,0.0,0.0,0.4050511009938142,0.0,0.0,0.0,0.5394153445433589,0.361770502639589,0.1955737771981805,0.2592705793020747,0.6351678758042273,0.0,0.0,0.0,0.3915993916119294,0.0,0.0,0.0,0.0
0.3311640675153772,0.0,0.0,0.0,0.0,0.0,0.0,0.0,0.0,0.0998204884356388,0.0,0.3347221968310355,0.0,0.0,0.0,0.0,0.2650577261438953,0.1437856869381073,0.0,0.0,0.0467288282085892,0.0,0.0,0.0,0.2954728399372336,0.2707973094166367,0.0,0.0,0.0,0.0,0.0,0.3898644942452992,0.3122444268252801,0.0,0.0871294679713779,0.2427588807608426,0.1635882881603174,0.0616349706532967,0.3976092023702466,0.2938367238329945,0.0557476277427063,0.2129809454228169,0.0,0.0,0.1581246550492614,0.3185161241263308,0.0,0.0,0.0,0.0,0.0,0.0,0.0,0.0,0.1270037436571187,0.0,0.1533700432213834,0.0,0.0,0.0,0.1277802314642112,0.160470652079957,0.1965984061479974,0.0,0.0,0.0,0.0,0.0,0.5751275484724564,0.0583905625128056,0.2160244463784707,0.0,0.3162252088673224,0.0,0.0,0.3312440139938321
0.2801545301998104,0.3388607309790115,0.0,0.0,0.0,0.0,0.0,0.0,0.0,0.3628603026315779,0.0,0.3349847263157192,0.0561634963181631,0.0,0.0,0.2792088872865166,0.4270027407164444,0.4379681127128189,0.0,0.0,0.0776028728844644,0.0565260330937005,0.0,0.2954728399372336,0.0,0.4023999618889612,0.0,0.0,0.0447533263706105,0.0,0.0,0.2251734707116438,0.2346178573823119,0.0,0.0,0.0,0.0,0.0,0.2615176635175436,0.2588019519292821,0.0837733779583883,0.0362560860417254,0.0,0.0,0.0526559021862043,0.2127450540959469,0.3250565741315613,0.0,0.0,0.0,0.0,0.0,0.0,0.0,0.3121506060686032,0.0,0.1222216167122807,0.0,0.0,0.0,0.3013435999826487,0.3561549462670572,0.4650344711790816,0.0,0.0457670595743456,0.0,0.1320424114515366,0.0,0.2746475629664616,0.4637873585830456,0.4091530422565858,0.0,0.0,0.1851822555066886,0.0,0.2282939618978707
0.0280289471533483,0.402160697516459,0.0,0.0,0.0,0.0760885399311076,0.0,0.087215589746156,0.0,0.3543702314968076,0.0,0.4523510036619062,0.1221718726676414,0.0,0.0,0.2081875037373965,0.3566825958106248,0.3419078568210347,0.0,0.0836504035442499,0.0552628213067905,0.1493117035757157,0.0610085963219079,0.2707973094166367,0.4023999618889612,0.0,0.0543063216164262,0.0602908449360812,0.0865157466777448,0.0,0.0,0.0,0.1364793793134797,0.0,0.0,0.0,0.0,0.0,0.0,0.0943297175986594,0.0,0.0,0.0,0.0,0.0,0.0,0.2991426735347949,0.0,0.0,0.0,0.193979050979401,0.0,0.0,0.0,0.2844462347117829,0.0,0.3326368607019478,0.0,0.0,0.0,0.0829924507839893,0.319451764833764,0.2779650196872829,0.0,0.0913489819283308,0.0,0.142990813097396,0.0503853922287961,0.2117129325501728,0.2598795193645914,0.44336613195284,0.0877447898286832,0.0,0.0,0.0,0.0
0.0,0.3057535549045527,0.5784195880997672,0.0,0.4668802537957645,0.5460837511910076,0.2017220809570273,0.2691756834777119,0.5325753378761632,0.0,0.5405932828916532,0.0,0.2721524931255361,0.0,0.3958320405693912,0.1798313498469422,0.0,0.1740767168187593,0.4861816567751523,0.5991683730698505,0.097455488265157,0.547778244770891,0.4370719994799362,0.0,0.0,0.0543063216164262,0.0,0.2643475301784233,0.5520920592263497,0.2232304131256847,0.170276310170354,0.0,0.0,0.1575576443942824,0.0,0.0,0.0,0.0,0.0,0.0,0.0,0.0,0.0,0.0,0.0,0.0,0.1672135585058841,0.563341965137819,0.0,0.1305987217351849,0.3537361647220111,0.2420755836050644,0.0782114278913596,0.5556039193562344,0.0,0.5294844871621496,0.0,0.0,0.0,0.3299900364795384,0.0,0.0,0.0,0.4412256012246683,0.4616759335592064,0.0334573212755213,0.4013984276249446,0.4537967277612922,0.0,0.0,0.0,0.635163913794415,0.0,0.0,0.0,0.0
0.0958108155737619,0.2827550424232005,0.3955257691762126,0.0,0.3586280280418072,0.3481041759791006,0.2608780825488759,0.3728636395701621,0.3680837788283856,0.1259484387193379,0.3719778215570832,0.227796013357484,0.4402168471426532,0.0825716731881503,0.322936929818058,0.2854382946062335,0.1334126341422529,0.3527375484824442,0.3935940354563588,0.3676897411293301,0.3082456255137348,0.3482574014986204,0.3846087872628685,0.0,0.0,0.0602908449360812,0.2643475301784233,0.0,0.363846102316657,0.4600138421970022,0.4218923755632194,0.006992723969544,0.0,0.1249498644354227,0.0,0.0208380351051335,0.0925922792401927,0.2304341411525198,0.0,0.0,0.0,0.0,0.0155157949636281,0.0,0.0,0.0,0.0,0.3523673067084569,0.0,0.0,0.1020578897227267,0.0,0.3052792584120376,0.0,0.0,0.0,0.2444608080586023,0.0,0.0,0.3044675714879143,0.0,0.0,0.0,0.0,0.3273316179858433,0.3197117649321161,0.2169291169069855,0.352521320984462,0.0,0.0,0.0,0.2064465734466508,0.1482199761212336,0.0,0.0,0.1029570895624536
0.0,0.3975173447101793,0.5384037388323291,0.0,0.3931944710683723,0.5714571141732672,0.233064296805277,0.3262266128049297,0.4796257856858594,0.0,0.0,0.0,0.3707492711096631,0.0,0.4006569572175879,0.3795643077281129,0.0,0.3275699931678533,0.0,0.5839154225218378,0.2285541337660517,0.5610957879342034,0.490088050879646,0.0,0.0447533263706105,0.0865157466777448,0.5520920592263497,0.363846102316657,0.0,0.330645802039373,0.3004848663898654,0.0,0.0,0.2243628432002133,0.0,0.0,0.0,0.0,0.0,0.0,0.0,0.0,0.0,0.0,0.0,0.0,0.2170598992246294,0.0,0.0,0.0,0.3778128670711225,0.0,0.1953220154166313,0.0,0.0,0.0,0.0,0.0,0.0,0.3416684088383532,0.0,0.0,0.0,0.0,0.4654801031876958,0.1396546213457568,0.3852418377226546,0.4768859101838341,0.0,0.0,0.0,0.5102825943670012,0.0,0.0707491716545377,0.0,0.0
0.0,0.0,0.3346348973159699,0.0,0.0,0.3062267949463496,0.0,0.4046482776683932,0.3215283795564678,0.0,0.0,0.0,0.2322983349559525,0.0,0.3734336294981616,0.2460060577716868,0.0,0.2298374126293312,0.0,0.339810215340724,0.4044082760691281,0.3141394101939421,0.3989604537522517,0.0,0.0,0.0,0.2232304131256847,0.4600138421970022,0.330645802039373,0.0,0.4945590774929634,0.1100382614574445,0.0,0.2089643200419066,0.0,0.0,0.0,0.0,0.0,0.0,0.0,0.0,0.0,0.0,0.0,0.0,0.0,0.0,0.0,0.0,0.0477917128541902,0.0,0.0,0.0,0.0,0.0,0.0,0.0,0.0,0.0,0.0,0.0,0.0,0.0,0.3042800996608746,0.0,0.0,0.3574473601071875,0.0,0.0,0.0,0.1539654743819701,0.0,0.0,0.0,0.0
0.2012422341266503,0.0476044444102788,0.2824453777983961,0.0,0.199793813913245,0.215318914974092,0.2192488888611044,0.3144387756519297,0.2353917710917872,0.078836202001145,0.2665487609065239,0.0,0.188092937283631,0.0207317858108821,0.3987862914673434,0.3197901006118415,0.0,0.2384951404878797,0.3094621280721518,0.3167124284380448,0.4133727387839429,0.3303258429279504,0.3168932283669161,0.0,0.0,0.0,0.170276310170354,0.4218923755632194,0.3004848663898654,0.4945590774929634,0.0,0.0364532612283058,0.0,0.2929002870640384,0.0,0.0,0.0,0.2422843792743714,0.0,0.0,0.1219098267775506,0.0,0.0,0.0,0.0,0.1882682250434003,0.0,0.0,0.0,0.0,0.0,0.0,0.2980477628548825,0.0,0.0,0.0,0.0,0.0,0.0,0.3849946783352529,0.3097876528378485,0.0,0.0546091813098654,0.0,0.2931033421755237,0.4252340139921726,0.2486013393891117,0.2662695391116819,0.0,0.0,0.0,0.0763398563487083,0.1166338416796333,0.0,0.0,0.2308848914026899
0.4321182712528501,0.0,0.0,0.1884137951133935,0.0,0.0,0.0576710935515246,0.0,0.0,0.0,0.0,0.0203614330528809,0.0,0.2206666484300711,0.0,0.0182857618709785,0.1887234621523305,0.0901395007235153,0.0,0.0,0.1411258536403179,0.0,0.0,0.3898644942452992,0.2251734707116438,0.0,0.0,0.006992723969544,0.0,0.1100382614574445,0.0364532612283058,0.0,0.2267732722352313,0.0,0.0,0.32454101826013,0.0206220109936222,0.1246218786237615,0.5563940892110166,0.3040569922291692,0.290039776639162,0.1490341012001805,0.3892545562545262,0.2001270106544052,0.2568560306217646,0.3933714323144407,0.0,0.0,0.0,0.0,0.0,0.0,0.1177838545388192,0.0,0.1421151614052841,0.0,0.0,0.1638703232028183,0.0,0.0,0.291442461324408,0.1517917779075397,0.2218383897540368,0.0,0.0,0.2189752560496261,0.0,0.0,0.4432516140222929,0.1101846576319219,0.160326313483739,0.0,0.4101898538315383,0.1595919673486406,0.4623841025179596,0.4855684929289941
0.1506333599354815,0.0,0.0,0.0,0.0,0.0,0.0,0.0,0.0,0.0,0.0,0.1214127209035102,0.0,0.0,0.0,0.0,0.1694532595339812,0.0719178212523947,0.0,0.0,0.0,0.0,0.0,0.3122444268252801,0.2346178573823119,0.1364793793134797,0.0,0.0,0.0,0.0,0.0,0.2267732722352313,0.0,0.0,0.0,0.1985047071224496,0.031930157409773,0.0495145978346616,0.2912377862448601,0.3771785488138849,0.1984813750027471,0.1329303595637433,0.0,0.0,0.1064337102682068,0.165382693734355,0.0299500762298003,0.0,0.0,0.0,0.0,0.0,0.0,0.0,0.0103083314837059,0.0,0.0135841796307028,0.0,0.0,0.0,0.1129261240190256,0.0914022298744095,0.1084545849083228,0.0,0.0,0.0,0.0,0.0,0.3021711083465562,0.0801594230046119,0.1396853421404537,0.0,0.193262511883328,0.0450084029779266,0.0,0.1726935729557852
0.0,0.0239302771375184,0.1372868912441724,0.0,0.1094278554154998,0.1589318973717791,0.0750526279772855,0.1446297424324946,0.1114517958387097,0.0,0.1184174316927968,0.0,0.0569866280115312,0.0,0.1867245978743366,0.1759610683507619,0.0,0.0352402477933058,0.1142356904817242,0.1538064372202806,0.2036948729923048,0.1823772480759062,0.2258104903744756,0.0,0.0,0.0,0.1575576443942824,0.1249498644354227,0.2243628432002133,0.2089643200419066,0.2929002870640384,0.0,0.0,0.0,0.0,0.0,0.0,0.1024826875528785,0.0,0.0,0.1859596885072627,0.0,0.0,0.0,0.0093841573701774,0.0,0.0323932199995555,0.0,0.0,0.0,0.0,0.0,0.1270917945963578,0.0,0.0,0.0,0.0,0.0,0.0,0.1803561139848072,0.1338880682969959,0.0,0.0,0.0,0.1106673774759202,0.1885910142646774,0.1200837674751957,0.1870416860573614,0.0,0.0,0.0,0.0953925412441334,0.0,0.0,0.0,0.0
0.0,0.0,0.0,0.1274951943790409,0.0,0.0,0.0,0.0466473572834303,0.0,0.0,0.0,0.0420564550937034,0.0492473900275655,0.0,0.0,0.0,0.0097448045078868,0.0,0.0,0.0,0.0,0.0,0.0,0.0871294679713779,0.0,0.0,0.0,0.0,0.0,0.0,0.0,0.0,0.0,0.0,0.0,0.0019783777094364,0.0,0.0,0.0,0.0,0.0,0.096502788678309,0.0,0.0,0.0,0.0,0.0,0.0,0.0,0.0,0.0,0.0,0.0,0.0,0.0,0.0,0.0757718013098311,0.0,0.0,0.0,0.0,0.0,0.0,0.0,0.0,0.0,0.0,0.0,0.0,0.0,0.0,0.0,0.0,0.0,0.0,0.0
0.0,0.0,0.0,0.1671173682566167,0.0,0.0,0.0,0.0,0.0,0.0,0.0,0.0157644573771134,0.0,0.1866574130362041,0.0,0.0,0.0,0.0,0.0,0.0,0.1079612510132013,0.0,0.0,0.2427588807608426,0.0,0.0,0.0,0.0208380351051335,0.0,0.0,0.0,0.32454101826013,0.1985047071224496,0.0,0.0019783777094364,0.0,0.2546247263826703,0.2039772792907825,0.33849391700522,0.2568259632631822,0.2110767064141396,0.1129700950742043,0.3526682601680844,0.2207673191716549,0.0,0.0,0.0,0.0,0.0,0.044871991476762,0.0,0.0,0.0888827597209779,0.0,0.0,0.0,0.0409598317552122,0.1046181315121937,0.155890693144015,0.0,0.0,0.0,0.0,0.0,0.0,0.0,0.0,0.0,0.0,0.0,0.0,0.0,0.3596578592161703,0.0313544864526918,0.0,0.0
0.0,0.0,0.0,0.0606574095773619,0.0,0.0,0.0,0.0309067775576059,0.0,0.1453004965206472,0.0,0.2118493857858887,0.0,0.0400588636716284,0.0,0.0,0.0,0.0,0.0,0.0,0.0,0.0,0.0258014771333858,0.1635882881603174,0.0,0.0,0.0,0.0925922792401927,0.0,0.0,0.0,0.0206220109936222,0.031930157409773,0.0,0.0,0.2546247263826703,0.0,0.1389896749856191,0.0580794401209128,0.0113661735184914,0.0048902891075538,0.0256330120266802,0.0534431707943491,0.1789153744798432,0.0,0.0,0.0,0.0,0.0,0.0,0.0,0.0,0.0,0.0,0.0,0.0,0.2063463393216887,0.0,0.0,0.0,0.0,0.0,0.0,0.0,0.0,0.0,0.0,0.0,0.0,0.0,0.0,0.0,0.0,0.0,0.0,0.0
0.1269535722753502,0.0,0.0,0.0,0.0627741677128089,0.0734512126616596,0.1053945486935217,0.0,0.0284214862603766,0.0307096543678293,0.0,0.0907714921649148,0.1635893343891713,0.0,0.0,0.0,0.0747374607003772,0.0,0.0668436428011197,0.0,0.0,0.0,0.1551598397147223,0.0616349706532967,0.0,0.0,0.0,0.2304341411525198,0.0,0.0,0.2422843792743714,0.1246218786237615,0.0495145978346616,0.1024826875528785,0.0,0.2039772792907825,0.1389896749856191,0.0,0.0519560521562889,0.0496227528341022,0.1399229160420993,0.0073585635968247,0.0,0.0,0.2193414989001622,0.0,0.0,0.0,0.0,0.0,0.0,0.0,0.0,0.0,0.0,0.0,0.0485519422997612,0.0,0.0,0.0,0.0,0.0,0.0,0.0,0.0,0.0,0.0,0.0,0.0900961874209282,0.0,0.0,0.0,0.0,0.0,0.0,0.1391175550562917
0.4072692716315403,0.0,0.0,0.0,0.0,0.0,0.0,0.0,0.0,0.0,0.0,0.0,0.0,0.256387418232655,0.0,0.0,0.1650602229674041,0.0321997345254493,0.0,0.0,0.0334535408487373,0.0,0.0,0.3976092023702466,0.2615176635175436,0.0,0.0,0.0,0.0,0.0,0.0,0.5563940892110166,0.2912377862448601,0.0,0.0,0.33849391700522,0.0580794401209128,0.0519560521562889,0.0,0.3949372064743501,0.318094012544108,0.2298316864832616,0.4559936743564609,0.2564804988353542,0.2040769345126099,0.4170583330128699,0.0,0.0,0.4312691764142617,0.0,0.0,0.0,0.0,0.0,0.1218729213644328,0.0,0.0,0.1402516357134982,0.210440533227659,0.0,0.2707486364380424,0.1496432991881014,0.2171994557895953,0.0,0.0,0.1105465487029779,0.0,0.0,0.4574616141308926,0.1741558918321511,0.2042970436695182,0.0,0.4178894017967769,0.2252211203592306,0.4253734553466786,0.4748299755335798
0.2645284528518795,0.0,0.0,0.0,0.0,0.0,0.0,0.0,0.0,0.0518095733303993,0.0,0.0,0.0,0.0,0.0,0.0349449232564739,0.2608213213978634,0.0769701975338722,0.0,0.0,0.0,0.0,0.0,0.2938367238329945,0.2588019519292821,0.0943297175986594,0.0,0.0,0.0,0.0,0.0,0.3040569922291692,0.3771785488138849,0.0,0.0,0.2568259632631822,0.0113661735184914,0.0496227528341022,0.3949372064743501,0.0,0.3514102785007639,0.2085275798437324,0.3540723649749669,0.2139409592052632,0.218152280675605,0.3074381021431957,0.0399109691519994,0.0,0.0,0.0,0.0,0.0,0.0,0.0,0.0946120816736435,0.0,0.0,0.0659064323007285,0.0,0.0,0.1605224487217625,0.1596499781055219,0.1946029324700274,0.0,0.0,0.0,0.0,0.0,0.3262321990111186,0.1707325250621116,0.213358278350658,0.0,0.2909936342471612,0.1444193842850312,0.2086190617656737,0.2722169876657585
0.2034649427310381,0.0,0.0,0.0,0.0,0.0,0.0,0.0,0.0,0.0,0.0,0.0,0.0,0.0,0.0,0.0914648950070469,0.0756891014279723,0.0488175653760083,0.0,0.0,0.1422076675624069,0.0,0.0,0.0557476277427063,0.0837733779583883,0.0,0.0,0.0,0.0,0.0,0.1219098267775506,0.290039776639162,0.1984813750027471,0.1859596885072627,0.0,0.2110767064141396,0.0048902891075538,0.1399229160420993,0.318094012544108,0.3514102785007639,0.0,0.1034101221676506,0.2648705469062219,0.041118577245275,0.1972558670281246,0.2418038124894545,0.0,0.0,0.2352504082768394,0.0,0.0,0.0,0.0450868211506912,0.0,0.0,0.0,0.0,0.0146813538936401,0.093506612215459,0.0,0.2495020844649348,-0.0026430673373776,0.1027870176064142,0.0,0.0,0.1546097788291989,0.0,0.0,0.0819787709279799,0.0481928648936317,0.0250460148475335,0.0,0.2063332763798736,0.1361298100708377,0.244106463187964,0.3047883546771248
0.0,0.0,0.0,0.0,0.0,0.0,0.0,0.0,0.0,0.0,0.0,0.0,0.0,0.0,0.0,0.0,0.0,0.0,0.0,0.0,0.0,0.0,0.0,0.2129809454228169,0.0362560860417254,0.0,0.0,0.0,0.0,0.0,0.0,0.1490341012001805,0.1329303595637433,0.0,0.096502788678309,0.1129700950742043,0.0256330120266802,0.0073585635968247,0.2298316864832616,0.2085275798437324,0.1034101221676506,0.0,0.133118696190376,0.0813251819381154,0.033212726911088,0.0787413291378776,0.0,0.0,0.1153030682465936,0.0,0.0,0.0,0.0,0.0,0.0181297859274289,0.0,0.0373333571080127,0.0,0.0547450116865647,0.0,0.0024937585718545,0.0376200406151841,0.0187732513940074,0.0,0.0,0.0,0.0,0.0,0.2224980164978934,0.0199191440414768,0.0700547881431614,0.0,0.15905579535101,0.0178254280942706,0.1144440992270832,0.1188646279737457
0.0,0.0,0.0,0.0,0.0,0.0,0.1609840963987279,0.0,0.0,0.0,0.0,0.0,0.0,0.309428115709882,0.0,0.0,0.0,0.0,0.0,0.0,0.0,0.0,0.0,0.0,0.0,0.0,0.0,0.0155157949636281,0.0,0.0,0.0,0.3892545562545262,0.0,0.0,0.0,0.3526682601680844,0.0534431707943491,0.0,0.4559936743564609,0.3540723649749669,0.2648705469062219,0.133118696190376,0.0,0.3161981930823448,0.2382712765353687,0.0,0.0,0.0,0.4606000500957026,0.086067056518822,0.0,0.0206474393519876,0.0460738776438727,0.0,0.1891508536870231,0.0,0.0142368358236505,0.2051425931732957,0.340480365568946,0.0,0.0,0.1880265580457885,0.0,0.0,0.0,0.109771624900861,0.0,0.0,0.3560880316705128,0.114165753563352,0.1649025949184756,0.0,0.4869799449407697,0.0163919044135495,0.0,0.4535763678563085
0.0,0.0,0.0,0.0,0.0,0.0,0.0,0.0,0.0,0.0,0.0,0.0,0.0,0.0,0.0,0.0,0.0,0.0,0.0,0.0,0.0,0.0,0.0,0.0,0.0,0.0,0.0,0.0,0.0,0.0,0.0,0.2001270106544052,0.0,0.0,0.0,0.2207673191716549,0.1789153744798432,0.0,0.2564804988353542,0.2139409592052632,0.041118577245275,0.0813251819381154,0.3161981930823448,0.0,0.118217119109343,0.0,0.0,0.0,0.2763865008976793,0.1523619034818595,0.0,0.1181940187009994,0.0,0.0,0.2699987911525481,0.0,0.0792302045830262,0.1831117090944072,0.2127680537523464,0.0,0.0,0.0,0.0,0.0,0.0,0.0,0.0,0.0,0.0,0.0,0.0,0.0,0.3077721009842318,0.0706153015711986,0.0,0.2861473233612381
0.0,0.0,0.0,0.0,0.0,0.0,0.0,0.0,0.0,0.0046798657687843,0.0,0.0,0.0,0.0,0.0,0.0,0.0,0.0,0.0,0.0,0.0,0.0,0.0,0.1581246550492614,0.0526559021862043,0.0,0.0,0.0,0.0,0.0,0.0,0.2568560306217646,0.1064337102682068,0.0093841573701774,0.0,0.0,0.0,0.2193414989001622,0.2040769345126099,0.218152280675605,0.1972558670281246,0.033212726911088,0.2382712765353687,0.118217119109343,0.0,0.2637536100291007,0.0,0.0,0.2072454301538701,0.0,0.0,0.0,0.0,0.0,0.0726661980975478,0.0,0.0036519025325114,0.136609782979718,0.0,0.0,0.0,0.1005466503865308,0.0473472565339741,0.0,0.0,0.0,0.0,0.0,0.1900527090479862,0.0178045905997523,0.02649750312868,0.0,0.2700555389040782,0.0,0.0,0.2621339061691299
0.5550578545975097,0.0,0.0,0.0,0.0,0.0,0.0,0.0,0.0,0.0685627362815736,0.0,0.0,0.0,0.0,0.0,0.0758410286220867,0.0,0.1190437127695874,0.0,0.0,0.2529949416234258,0.0,0.0,0.3185161241263308,0.2127450540959469,0.0,0.0,0.0,0.0,0.0,0.1882682250434003,0.3933714323144407,0.165382693734355,0.0,0.0,0.0,0.0,0.0,0.4170583330128699,0.3074381021431957,0.2418038124894545,0.0787413291378776,0.0,0.0,0.2637536100291007,0.0,0.0,0.0,0.0,0.0,0.0,0.0,0.0658210604333475,0.0,0.1442198116279086,0.0,0.0,0.2251173597957574,0.219498078500329,0.0208693284283912,0.2942587116933847,0.1722614788729166,0.2420310133380022,0.0,0.0,0.3192936135306083,0.0,0.0,0.3316113744722057,0.1709236232981894,0.2139035056780139,0.0,0.4769602817188623,0.2071739286068398,0.0,0.49123640561624
0.0,0.4292633624397535,0.0,0.0,0.0,0.0,0.0,0.0,0.0,0.0,0.0,0.0,0.0,0.0,0.1654159047529467,0.2181049219975624,0.0,0.2395556197023652,0.0,0.2243673676525803,0.0845115641651749,0.2809956573526229,0.102422672788287,0.0,0.3250565741315613,0.2991426735347949,0.1672135585058841,0.0,0.2170598992246294,0.0,0.0,0.0,0.0299500762298003,0.0323932199995555,0.0,0.0,0.0,0.0,0.0,0.0399109691519994,0.0,0.0,0.0,0.0,0.0,0.0,0.0,0.0,0.0,0.0,0.3392147222823011,0.269969260469887,0.0163628515220131,0.1242279494722438,0.3711553782741839,0.0,0.0,0.2861635042338519,0.0,0.1104594507863356,0.2348719218369715,0.3847967796837166,0.3256336101376018,0.0,0.2498106299468473,0.0362911599798531,0.3823816319813967,0.185347915613438,0.0,0.4432108727371983,0.4074785200898177,0.1971881819777698,0.0,0.2372702427652898,0.0,0.0
0.0,0.0,0.6475830581069822,0.0,0.4269388568857575,0.5705191705273465,0.0,0.3860269610752194,0.5609224538270762,0.0,0.6206496905748072,0.0,0.3405627260071465,0.0,0.0,0.0,0.0,0.0,0.5824395932883663,0.0,0.0,0.0,0.508589020676068,0.0,0.0,0.0,0.563341965137819,0.3523673067084569,0.0,0.0,0.0,0.0,0.0,0.0,0.0,0.0,0.0,0.0,0.0,0.0,0.0,0.0,0.0,0.0,0.0,0.0,0.0,0.0,0.0,0.1572651327883505,0.3349116525471791,0.1950807407767889,0.1779931730940783,0.5841146935531167,0.0,0.6280053594480494,0.0,0.0,0.0,0.0,0.0,0.0,0.0,0.5633813588212444,0.0,0.0598844929215682,0.0,0.5234314160878856,0.0,0.0,0.0,0.5346360399117305,0.0,0.0,0.0,0.0
0.0,0.0,0.0,0.0,0.0,0.0,0.0,0.0,0.0,0.0,0.0,0.0,0.0,0.0,0.0,0.0,0.0,0.0,0.0,0.0,0.0,0.0,0.0,0.0,0.0,0.0,0.0,0.0,0.0,0.0,0.0,0.0,0.0,0.0,0.0,0.0,0.0,0.0,0.4312691764142617,0.0,0.2352504082768394,0.1153030682465936,0.4606000500957026,0.2763865008976793,0.2072454301538701,0.0,0.0,0.0,0.0,0.231720075228156,0.0,0.1612712093441988,0.0,0.0,0.186822767770359,0.0,0.0,0.2408047932284656,0.3191097206990242,0.0,0.0,0.0,0.0,0.0,0.0,0.0,0.0,0.0,0.0,0.0,0.0,0.0,0.4349274450619692,0.0,0.0,0.322190546130043
0.0,0.0,0.1093602658697718,0.0,0.0,0.0603063589575717,0.0,0.0,0.2206804994272828,0.0,0.1622930678069432,0.0,0.0,0.0,0.0,0.0,0.0,0.0,0.0472317346800238,0.0,0.0,0.0,0.0306948383000719,0.0,0.0,0.0,0.1305987217351849,0.0,0.0,0.0,0.0,0.0,0.0,0.0,0.0,0.044871991476762,0.0,0.0,0.0,0.0,0.0,0.0,0.086067056518822,0.1523619034818595,0.0,0.0,0.0,0.1572651327883505,0.231720075228156,0.0,0.1429928462619137,0.4906571044668494,0.0,0.2419275076925839,0.1557053848339919,0.2020134236888979,0.1411767350348722,0.2639777862009115,0.3084025772078369,0.0,0.0,0.0,0.0,0.0345912355204454,0.0,0.0,0.0904061793156194,0.0797916393615895,0.0,0.1282610834962588,0.0,0.1554966014350995,0.1081426574586313,0.0,0.0,0.0
0.0,0.384899751052196,0.3042101560754254,0.0,0.2156617294739547,0.461116215076836,0.0,0.1809844350919931,0.3295552149315681,0.0,0.2913110753990334,0.0,0.2492239618448768,0.0,0.1893600701972345,0.0,0.0,0.0,0.2794567473934187,0.3005167833509724,0.0,0.2565668691272091,0.3711082166900716,0.0,0.0,0.193979050979401,0.3537361647220111,0.1020578897227267,0.3778128670711225,0.0477917128541902,0.0,0.0,0.0,0.0,0.0,0.0,0.0,0.0,0.0,0.0,0.0,0.0,0.0,0.0,0.0,0.0,0.3392147222823011,0.3349116525471791,0.0,0.1429928462619137,0.0,0.1754717785175288,0.1776173534316993,0.365826802950282,0.0446865109361179,0.3273077492362038,0.1979021744825225,0.1524498464354116,0.0,0.1449193192577051,0.0,0.0798349701771879,0.0694765815989308,0.3035538991814976,0.2431808612141124,0.0,0.1943248155402746,0.4618660619060859,0.0,0.16208327332247,0.1240387452192161,0.4243500361769678,0.0,0.1877582723305028,0.0,0.0
0.0,0.0,0.1860484471960953,0.0,0.0,0.1231518178586737,0.0,0.0,0.2750748148527208,0.0,0.1948088912273267,0.0,0.0,0.0,0.0,0.0,0.0,0.0,0.1169783933195655,0.0,0.0,0.0,0.0636835954156852,0.0,0.0,0.0,0.2420755836050644,0.0,0.0,0.0,0.0,0.0,0.0,0.0,0.0,0.0,0.0,0.0,0.0,0.0,0.0,0.0,0.0206474393519876,0.1181940187009994,0.0,0.0,0.269969260469887,0.1950807407767889,0.1612712093441988,0.4906571044668494,0.1754717785175288,0.0,0.0,0.3058709769342039,0.1658292624592988,0.2039920524802463,0.1094835743590854,0.3052318870161256,0.183184952482426,0.0,0.063230772655015,0.1270029845255589,0.0989773603722886,0.0963112471167891,0.2365564990514655,0.0,0.2834929453282356,0.1251531329062849,0.0,0.1989191383165714,0.0613901675447239,0.2569655452211559,0.0690683232964566,0.1031438796813952,0.0,0.0173635734994262
0.0,0.0,0.1996079173074,0.0,0.1205610950155166,0.3147067931501625,0.0,0.4794954834214028,0.1383819849423054,0.0,0.208057856359851,0.0,0.2778559763392647,0.0,0.2351035494310594,0.0,0.0,0.0,0.2896721370648125,0.1516856618181729,0.3311947807455521,0.0,0.4360778826467802,0.0,0.0,0.0,0.0782114278913596,0.3052792584120376,0.1953220154166313,0.0,0.2980477628548825,0.1177838545388192,0.0,0.1270917945963578,0.0,0.0888827597209779,0.0,0.0,0.0,0.0,0.0450868211506912,0.0,0.0460738776438727,0.0,0.0,0.0658210604333475,0.0163628515220131,0.1779931730940783,0.0,0.0,0.1776173534316993,0.0,0.0,0.1572035240213055,0.0,0.1828274081838053,0.0,0.1147854569507367,0.1255071860579588,0.2362134593434094,0.1168574786690776,0.0,0.0,0.3108302491777525,0.1469496530458433,0.3102219726945366,0.0803720914955603,0.3979686451017243,0.0567206929960141,0.0,0.0,0.0461562557534724,0.1102230502916766,0.0,0.1267305290371479,0.0550830459685813
