0.0,0.0,0.0,0.0,0.0,0.0,0.0,0.0,0.0,0.2351128302977088,0.0,0.0,0.0,0.0,0.3510443780425144,0.4849420209235546,0.1643176958108998,0.3951497043285964,0.0,0.5581280080496638,0.4290558579207693,0.5166004443043086,0.0,0.4704668048421001,0.2505413833808541,0.503863471694368,0.0,0.0,0.4696666841531948,0.0,0.6080650128837408,0.0,0.0,0.0,0.0,0.0,0.0,0.0488851102062936,0.0,0.0,0.1667540839865373,0.0,0.0,0.0,0.0,0.8187904180373163,0.2023358710544629,0.0,0.0,0.0,0.0,0.0,0.0,0.0,0.1280438437029737,0.0,0.0,0.0,0.0,0.0,0.6774685885604973,0.0,0.434158823313139,0.0,0.0,0.5779333075776756,0.6125227580936621,0.0,0.3233412757609211,0.4534719150897718,0.4814161902940579,0.0,0.0,0.0,0.0,0.6795383706143945
0.0,0.0,0.0,0.0,0.0353146987538516,0.4363110086201429,0.2659940080305364,0.1227231054781745,0.2024635955186742,0.0,0.0,0.0,0.5307298714498645,0.0,0.0,0.3089924999210871,0.1338247501296957,0.5509460533371934,0.0,0.0972006299230763,0.1444025501511036,0.2605545454894092,0.4089569488334245,0.0,0.5315443748751217,0.2944887940422561,0.2046656984339585,0.0710655967605232,0.1309246199486036,0.0,0.0,0.2616143607294928,0.1543937250115017,0.1139105981584359,0.012932797395524,0.0,0.0,0.0,0.0433377590159106,0.2553047531767839,0.2303304297310108,0.0,0.0,0.0,0.0,0.0,0.3112156889299053,0.0,0.0,0.0,0.2195354169882337,0.0,0.0,0.0,0.0,0.0,0.0,0.0,0.0,0.0,0.1705689234700809,0.0,0.2255596648453514,0.0,0.0394154541643403,0.0,0.0,0.077109300323424,0.0,0.0,0.203214831906667,0.0,0.0,0.0,0.0,0.0
0.0,0.0,0.0,0.3158525399246902,0.6446013896817321,0.7443019023275045,0.4795232170805692,0.2611032740245207,0.6291138606069338,0.2570234373803658,0.4967519843087505,0.1987374645648458,0.3872987563112585,0.2601256561976587,0.0,0.0,0.0,0.0,0.6248308211361431,0.0,0.0,0.0,0.4133036529105121,0.0,0.0,0.0,0.5386408467856574,0.57705214054139,0.0,0.0,0.3747137833146776,0.0319785139458576,0.2755759899521257,0.2726458859819935,0.0580759494622809,0.0840481593457392,0.0,0.0,0.0,0.0,0.1844245412870419,0.0,0.4444095590409868,0.0,0.0,0.0,0.0,0.8766196722430505,0.0,0.2505414410011566,0.5036146406952692,0.507991577804283,0.3006290997468024,0.6711322784437719,0.0,0.4472868407747792,0.0,0.1952991825203304,0.0905468959363026,0.0,0.0,0.0,0.0,0.5423021018851979,0.0,0.0,0.0,0.1837206943417576,0.0,0.0,0.0,0.4246156472761964,0.4421581468716625,0.0,0.0,0.0
0.0,0.0,0.3158525399246902,0.0,0.4494079109056201,0.3737324572919633,0.5006088739013806,0.2695117479795604,0.2762463099958846,0.0,0.5159891849806761,0.0,0.2229325866812511,0.3034672139926925,0.0,0.0,0.0,0.0,0.1120721465610622,0.0,0.0,0.0,0.0630894284958267,0.0,0.0,0.0,0.5325239400815827,0.1959180366640021,0.0154711031512493,0.0,0.0374661227934764,0.1825745995091071,0.0,0.2917113010583749,0.2194108370238912,0.0,0.0,0.0,0.0,0.0,0.0,0.0,0.0,0.0,0.0,0.0,0.0,0.0,0.0,0.0,0.0,0.0,0.0,0.0,0.0,0.0,0.0,0.0,0.0,0.0,0.0,0.0,0.0,0.0,0.0,0.0,0.0,0.0,0.0,0.0,0.0,0.0,0.0,0.0,0.0,0.0
0.0,0.0353146987538516,0.6446013896817321,0.4494079109056201,0.0,0.7560873145936567,0.8133285266822408,0.5079383710573004,0.7168989349463438,0.0023711417600188,0.6884099966501654,0.0,0.5986652699721414,0.582371366869052,0.0,0.2313164841697668,0.0,0.0,0.541909920032066,0.1696164946660562,0.0,0.0,0.2897025647995064,0.0,0.4786376162941757,0.0634737524653738,0.7710123605542769,0.5827243599240021,0.4888187333162234,0.0,0.0,0.2776263040225545,0.2994146012704217,0.1965046778828741,0.0,0.0478942104557569,0.0,0.075388425732152,0.058485393832143,0.0,0.0,0.0,0.5172171396377971,0.0,0.0,0.0,0.0,0.5025726236232915,0.0,0.7006057154595139,0.4851705169510459,0.0,0.4273113536502678,0.7777483077746988,0.0,0.6287733120776985,0.0,0.0,0.0,0.0,0.0,0.0,0.0,0.5584422795509935,0.0,0.0,0.0,0.1300096487871837,0.0,0.0,0.0,0.484636407857021,0.0,0.0,0.0,0.0
0.0,0.4363110086201429,0.7443019023275045,0.3737324572919633,0.7560873145936567,0.0,0.7387170117303918,0.3946553553905216,0.7126282535626023,0.0,0.6234160355482321,0.0084997688582637,0.6763818255226045,0.3355082053271198,0.0,0.3266977819225889,0.5445670503438073,0.504697411503991,0.649755038545773,0.1343298909587751,0.0,0.0,0.4393384709402835,0.0,0.6646156762091071,0.3646114246765938,0.7864668675565979,0.5423380411650679,0.4715433706402918,0.2178877684870138,0.0,0.3519703564004169,0.3065224916567909,0.2836693410698763,0.0,0.086054160686719,0.0,0.0,0.0879216632508775,0.0,0.2828322641679709,0.0,0.5028411952566381,0.0,0.0,0.0,0.0,0.6534996014065428,0.0,0.527163595852265,0.7407832294792212,0.7696676429732233,0.3211177446530316,0.8339804842042736,0.0,0.6049502461676091,0.0,0.4930661809101295,0.0,0.0,0.0,0.0,0.0,0.6679351521331613,0.2161837040651419,0.0,0.1418413854730066,0.1920983359785491,0.0,0.0,0.426469193256423,0.5670083890434887,0.4891830779669673,0.2179265442671577,0.1164833830312897,0.2187889659957523
0.0,0.2659940080305364,0.4795232170805692,0.5006088739013806,0.8133285266822408,0.7387170117303918,0.0,0.39005082485829,0.557988245500171,0.0,0.5400337563112605,0.0,0.6374212226207212,0.3969112835556325,0.0,0.2604242678603113,0.2840615620317839,0.2537051759189795,0.3789280618598496,0.1274843678981095,0.0,0.0756704342035117,0.2406444500039234,0.2320474616224783,0.5402214862974282,0.1026362577928307,0.7669827070598242,0.3695893033095915,0.4601831864014357,0.0,0.0,0.2716827963366284,0.2523835047629077,0.1266550103099658,0.0121395774009753,0.0,0.0,0.0395410071085845,0.0124531328705613,0.0,0.0326177171657427,0.0,0.3227647722432608,0.0,0.0,0.0,0.0,0.3460578357718927,0.0,0.0,0.3895311572953985,0.0,0.2294610316092773,0.6969969212241076,0.0,0.600979933247323,0.0,0.0,0.0,0.0,0.0,0.0,0.0,0.4341490061628192,0.0,0.0,0.0,0.0,0.0,0.0,0.0,0.3566010930495237,0.0,0.0,0.0,0.0
0.0,0.1227231054781745,0.2611032740245207,0.2695117479795604,0.5079383710573004,0.3946553553905216,0.39005082485829,0.0,0.4187549403753374,0.0,0.5933628264916793,0.3801049581687705,0.2962460318716106,0.4950136253002124,0.0,0.0,0.0,0.0,0.2546978851574774,0.0,0.031466810360395,0.0,0.7077946458535899,0.1249502052967546,0.0479516546814824,0.0,0.4917824010256588,0.2133889249398271,0.0,0.0,0.0,0.3368167250032473,0.383207260545624,0.2439829417599154,0.0,0.1250036756475565,0.0,0.0,0.1937192326634809,0.0,0.0760350119980806,0.0,0.393837982570633,0.0,0.0,0.0,0.0,0.2210539594458571,0.0,0.6297374463599108,0.1305881183447012,0.3718650321610465,0.7928396714805712,0.4331097876440306,0.0,0.5170247483510368,0.0,0.1262899808349695,0.3509489467796157,0.0,0.0,0.0,0.0,0.2942170150859003,0.0,0.0,0.0,0.4018506980460412,0.0,0.0,0.0,0.3625094056912766,0.3203815596041572,0.0,0.0,0.0
0.0,0.2024635955186742,0.6291138606069338,0.2762463099958846,0.7168989349463438,0.7126282535626023,0.557988245500171,0.4187549403753374,0.0,0.0,0.7192043037296483,0.0,0.3200850088499109,0.4319130569967324,0.0,0.1034409835113953,0.0,0.1962466937875113,0.4726652924535657,0.1840853386522974,0.0,0.0304858327515725,0.3488553576608225,0.4010167578153186,0.4860634367371614,0.2280016340161448,0.780738065227552,0.3275535764767345,0.3042047003550224,0.0,0.0528608177952635,0.3427121343589127,0.2548233113495797,0.2383293357886912,0.0,0.1942830053728104,0.0,0.2780397350619381,0.2705303181747111,0.0,0.293816021573114,0.0,0.4145540633037995,0.0,0.0,0.0,0.0,0.5455591455329833,0.0,0.5887733949324506,0.5343685493383404,0.5774464139309756,0.4168393674444219,0.8661004866212408,0.0,0.8179368586093886,0.0,0.272490732266056,0.2716360489953894,0.0,0.0,0.0,0.0,0.4776226858114213,0.0,0.0,0.0,0.213950374154357,0.0,0.0,0.0,0.5971003355088634,0.4348012318665953,0.0,0.0,0.0
0.2351128302977088,0.0,0.2570234373803658,0.0,0.0023711417600188,0.0,0.0,0.0,0.0,0.0,0.0,0.5061914497489437,0.1093700700057529,0.0,0.0,0.2270162866931216,0.516895611506605,0.1845636105817546,0.1930458018930895,0.0363738450875215,0.0,0.0,0.0,0.2399616733385369,0.1127060597253434,0.1986738995037532,0.0,0.2826133434674996,0.1261956619800374,0.0,0.2922211086246266,0.0,0.0,0.0,0.0,0.0837892400217926,0.1110329470852146,0.0,0.0,0.0,0.0,0.0,0.0,0.0,0.0,0.1902294468973172,0.0,0.0,0.0,0.0,0.0,0.0,0.0,0.0,0.8106152656217953,0.0,0.5608576413668822,0.1121585916100035,0.0,0.0,0.0,0.523635048853,0.2777474577154201,0.0,0.0,0.0,0.0,0.0,0.2017321966616371,0.2162034866370368,0.1537200078551369,0.0,0.1892762259031029,0.0,0.0,0.2349146745459516
0.0,0.0,0.4967519843087505,0.5159891849806761,0.6884099966501654,0.6234160355482321,0.5400337563112605,0.5933628264916793,0.7192043037296483,0.0,0.0,0.0,0.4197573554962139,0.5674872326770142,0.0,0.0,0.2530300964848587,0.0,0.5519714136515566,0.0,0.0,0.0,0.2560434162842001,0.1758451007579043,0.0,0.0,0.6946499974374524,0.4179678151778554,0.0,0.0,0.0,0.3853113632976448,0.1455182455198923,0.1708173220747653,0.0,0.0605969514101167,0.0,0.094051269191817,0.2782313474664443,0.0,0.0,0.0,0.5192682388092628,0.0,0.0,0.0,0.0,0.4304435123602147,0.0,0.770687777622124,0.4607709217882382,0.6860702947942063,0.6318995338662525,0.7716223262686189,0.0,0.8364816055875038,0.0,0.2864643213681307,0.5232615171375347,0.0,0.0,0.0,0.0,0.5214765409065593,0.0,0.0,0.0,0.2423751919817603,0.0,0.0,0.0,0.5881049994026522,0.4756623615279692,0.0,0.0,0.0
0.0,0.0,0.1987374645648458,0.0,0.0,0.0084997688582637,0.0,0.3801049581687705,0.0,0.5061914497489437,0.0,0.0,0.1461125738631455,0.0,0.0,0.0,0.1663380322967497,0.0,0.2266538701029535,0.0,0.0,0.0,0.3438935708104,0.1403652941682373,0.0,0.0,0.0,0.2856970756192742,0.0,0.0,0.0,0.0,0.1795365991315791,0.136221746186687,0.0382814184394434,0.0545928751274905,0.0,0.0,0.0,0.0,0.0,0.0,0.1793913366662714,0.0,0.0,0.0,0.0,0.0,0.0,0.0,0.0,0.0,0.0,0.0,0.293558567554358,0.0,0.8574871537345755,0.0,0.0,0.0,0.0,0.0990347188636931,0.0,0.0,0.0,0.0,0.0,0.0,0.0641572496467725,0.0,0.0,0.0,0.1410151793449564,0.0,0.0,0.0
0.0,0.5307298714498645,0.3872987563112585,0.2229325866812511,0.5986652699721414,0.6763818255226045,0.6374212226207212,0.2962460318716106,0.3200850088499109,0.1093700700057529,0.4197573554962139,0.1461125738631455,0.0,0.1521105921643161,0.0,0.562879973267066,0.5970842326013428,0.6107504138009852,0.5560382291350833,0.0337767757274297,0.1219338354915506,0.0373470448975772,0.2955351206898578,0.1381563909381195,0.6132155163864471,0.3069223139114438,0.3350025716491483,0.680261757276937,0.3891080895270146,0.2733663702509994,0.0,0.127880238166543,0.263393731882881,0.0930008390993741,0.0,0.0,0.0,0.0,0.0,0.2358656297579825,0.1386645451798253,0.0,0.207569660638335,0.0,0.0,0.0,0.0,0.2901309282266256,0.0,0.0,0.3838832285148698,0.5158167294845157,0.0432051523659867,0.0,0.0,0.2562412043639482,0.0702544063046314,0.0,0.0,0.0,0.0,0.0,0.0,0.0,0.0,0.0,0.0,0.0,0.0,0.1675789757767843,0.18353826249197,0.0,0.0,0.0,0.0,0.0
0.0,0.0,0.2601256561976587,0.3034672139926925,0.582371366869052,0.3355082053271198,0.3969112835556325,0.4950136253002124,0.4319130569967324,0.0,0.5674872326770142,0.0,0.1521105921643161,0.0,0.0,0.0,0.0,0.0,0.2997510042898355,0.0,0.0762610043092012,0.0,0.2124157149424875,0.0,0.0,0.0,0.5164851964134548,0.0616448508009808,0.0,0.0,0.0,0.4402186816831176,0.0,0.0,0.0,0.283987592191431,0.0,0.0,0.4030476094431683,0.0,0.0,0.0,0.5394791143400368,0.0,0.0,0.0,0.0,0.1675676183092585,0.0,0.0,0.0,0.0,0.0,0.4332693935088193,0.0,0.5057699637002546,0.0,0.0,0.0,0.0,0.0,0.0,0.0,0.0,0.0,0.0,0.0,0.3312099691485757,0.0,0.0,0.0,0.5227616277145589,0.0,0.0,0.0,0.0
0.3510443780425144,0.0,0.0,0.0,0.0,0.0,0.0,0.0,0.0,0.0,0.0,0.0,0.0,0.0,0.0,0.0,0.0,0.0,0.0,0.4389378018052167,0.5527724752019546,0.4251867315180721,0.0,0.0,0.0,0.0,0.0,0.0,0.0,0.0,0.1473590150587061,0.0,0.0,0.0,0.0,0.1816242518642656,0.0,0.0,0.0,0.0,0.1225050763999095,0.3093842259504185,0.0,0.0,0.0,0.0,0.6550994288428965,0.0,0.0,0.0,0.0,0.0,0.0,0.0,0.0,0.0,0.0,0.0,0.0,0.9321563453999928,0.2212460396443567,0.0,0.0,0.0,0.2808015652468302,0.6300501958780377,0.3739762726008408,0.1964723143010552,0.0,0.0,0.0,0.0,0.0,0.1720991715906158,0.0,0.175954506609728
0.4849420209235546,0.3089924999210871,0.0,0.0,0.2313164841697668,0.3266977819225889,0.2604242678603113,0.0,0.1034409835113953,0.2270162866931216,0.0,0.0,0.562879973267066,0.0,0.0,0.0,0.5016869889058165,0.7273741238941678,0.0,0.4358922500912944,0.1654711157841158,0.4159500238904929,0.0,0.3688817067616604,0.521351694889325,0.4490348996127521,0.0503072366402674,0.5923697564717834,0.6855983229447685,0.5719309885842837,0.3753756335455805,0.0,0.1470192983206183,0.0454096512070129,0.0149862224158794,0.0,0.0,0.0,0.0,0.1571217749564925,0.0930321822995363,0.0,0.0,0.0,0.0,0.4330379749818238,0.0,0.0,0.0,0.0,0.0,0.0,0.0,0.0,0.0,0.0,0.0,0.0,0.0,0.0,0.5563265924742179,0.0,0.5120458115916868,0.0,0.2002775347220553,0.0725733990871441,0.3267662088513858,0.0,0.0,0.2937996347323697,0.3196843399097164,0.0,0.0,0.3986698896090981,0.0,0.4385470947940642
0.1643176958108998,0.1338247501296957,0.0,0.0,0.0,0.5445670503438073,0.2840615620317839,0.0,0.0,0.516895611506605,0.2530300964848587,0.1663380322967497,0.5970842326013428,0.0,0.0,0.5016869889058165,0.0,0.7176867580817392,0.0,0.0,0.0,0.0,0.0,0.4279992799672595,0.6576088172165839,0.5684005885913872,0.0,0.6232304702149517,0.3233010891153574,0.0,0.0,0.0751891285090018,0.1301649730554429,0.0,0.0,0.0,0.0,0.0,0.0,0.2021647193901037,0.0,0.0,0.0,0.0,0.0,0.0,0.0,0.0,0.0,0.0,0.0,0.0,0.0,0.0,0.7055797827512424,0.0,0.1400750850307593,0.0,0.0,0.0,0.0,0.8386392580010896,0.7338424093272101,0.0,0.0,0.0,0.0,0.0,0.4739817719334701,0.5120441692128169,0.5041531610895769,0.0,0.0,0.0,0.0,0.0
0.3951497043285964,0.5509460533371934,0.0,0.0,0.0,0.504697411503991,0.2537051759189795,0.0,0.1962466937875113,0.1845636105817546,0.0,0.0,0.6107504138009852,0.0,0.0,0.7273741238941678,0.7176867580817392,0.0,0.0,0.1915826783072986,0.2001557175573468,0.184672793873394,0.0942277836467205,0.3547362147690189,0.8343264224305641,0.7674251435932017,0.0489118231308373,0.4574332006255982,0.4216091883994818,0.3795896302085174,0.0,0.0505955717324424,0.1226298749588891,0.0,0.0,0.0,0.0,0.0,0.0,0.2601957694371249,0.3461643502693207,0.0,0.0,0.0,0.0,0.2856784606447523,0.1246684678417053,0.0,0.0,0.0,0.0,0.0,0.0,0.0,0.3330561927502159,0.0,0.0,0.0,0.0,0.0,0.7039063899716977,0.5950189397043758,0.7873673822778733,0.0,0.0,0.0,0.2811780054089923,0.0,0.2846515076657305,0.4497420867861333,0.5864877795957076,0.0,0.0,0.0,0.0,0.4978749293083543
0.0,0.0,0.6248308211361431,0.1120721465610622,0.541909920032066,0.649755038545773,0.3789280618598496,0.2546978851574774,0.4726652924535657,0.1930458018930895,0.5519714136515566,0.2266538701029535,0.5560382291350833,0.2997510042898355,0.0,0.0,0.0,0.0,0.0,0.0,0.0,0.0,0.2639794064298696,0.0,0.0,0.0,0.3548537988170726,0.7018336321373073,0.0,0.0,0.0,0.0,0.0,0.1089478412102468,0.0,0.0470960399222332,0.0,0.0,0.0,0.0,0.0,0.0,0.441780038817317,0.0,0.0,0.0,0.0,0.6170009169626973,0.0,0.2557124471683877,0.4796046996026243,0.5897945364543729,0.2298584131034146,0.4961556189006247,0.0,0.3493086285373548,0.0,0.476494122526628,0.0,0.0,0.0,0.0,0.0,0.8864979619452482,0.0,0.0,0.0,0.1430177490699451,0.0,0.0,0.0,0.3158364552241701,0.0,0.0,0.0,0.0
0.5581280080496638,0.0972006299230763,0.0,0.0,0.1696164946660562,0.1343298909587751,0.1274843678981095,0.0,0.1840853386522974,0.0363738450875215,0.0,0.0,0.0337767757274297,0.0,0.4389378018052167,0.4358922500912944,0.0,0.1915826783072986,0.0,0.0,0.4144109006765946,0.7335876874768504,0.1673123512967082,0.0,0.1133603102450084,0.0484148344950986,0.0763990260612589,0.2436678085380104,0.7512609799515338,0.6364498890614264,0.545981259271895,0.0,0.0935743601434478,0.0,0.0783149057497012,0.0420580519735702,0.2962329756622718,0.0,0.0,0.0,0.0098310741948897,0.01018510976498,0.0,0.0,0.0,0.0,0.1575932849512396,0.0,0.0,0.0,0.0645628256088588,0.0,0.0,0.0,0.0,0.0,0.0,0.0385618117648138,0.0,0.3911415323396506,0.3794863356268819,0.0,0.0,0.0,0.580461036362734,0.3608768165291777,0.5988753818241553,0.0,0.0,0.1887376098299562,0.0922589598432436,0.0,0.1499148127984411,0.5365559488411793,0.4189531838367187,0.4467730298328167
0.4290558579207693,0.1444025501511036,0.0,0.0,0.0,0.0,0.0,0.031466810360395,0.0,0.0,0.0,0.0,0.1219338354915506,0.0762610043092012,0.5527724752019546,0.1654711157841158,0.0,0.2001557175573468,0.0,0.4144109006765946,0.0,0.2771568115821605,0.046763053881294,0.3771488465600938,0.3130262183168156,0.2161353551289711,0.0726726748784118,0.0001554305772523,0.3269371201269079,0.0,0.130092592784562,0.0945065698459186,0.0,0.0,0.0,0.0,0.0,0.0,0.0,0.3049152453335292,0.3300177532881479,0.0817971463773825,0.0,0.0,0.0,0.4046593381970069,0.5259793805360518,0.0,0.0,0.0,0.180587695852305,0.0,0.0,0.0,0.0,0.0,0.0,0.4071440529316147,0.0,0.5340697955786741,0.4742180567055781,0.0,0.0,0.0,0.4593270730450547,0.7656953284952377,0.5447066862442905,0.1955522323723185,0.0,0.3258623708534142,0.3636357907676457,0.0827050619464863,0.290001681892542,0.4216171361047124,0.0,0.4585700267669093
0.5166004443043086,0.2605545454894092,0.0,0.0,0.0,0.0,0.0756704342035117,0.0,0.0304858327515725,0.0,0.0,0.0,0.0373470448975772,0.0,0.4251867315180721,0.4159500238904929,0.0,0.184672793873394,0.0,0.7335876874768504,0.2771568115821605,0.0,0.0,0.0,0.1423753675160304,0.1890347675208987,0.1064792724979035,0.0,0.4578753244396442,0.3088602440416764,0.4635068728036181,0.0,0.0268030564976824,0.1429109958951936,0.1022463402225226,0.1068863269880062,0.3251166680195934,0.0,0.0,0.0,0.0161754016509345,0.1017489397271448,0.0,0.0,0.0,0.3951856842772996,0.217493222200386,0.0,0.0,0.0,0.0,0.0,0.0,0.0,0.0,0.0,0.0,0.0,0.0,0.4284405905630791,0.2578134695433834,0.0,0.0154780173431314,0.0,0.4533491345397915,0.281099466956762,0.5545457079689844,0.0,0.0,0.1071845550319276,0.0813607125171898,0.0,0.0,0.3476889181509469,0.0,0.2481985003669173
0.0,0.4089569488334245,0.4133036529105121,0.0630894284958267,0.2897025647995064,0.4393384709402835,0.2406444500039234,0.7077946458535899,0.3488553576608225,0.0,0.2560434162842001,0.3438935708104,0.2955351206898578,0.2124157149424875,0.0,0.0,0.0,0.0942277836467205,0.2639794064298696,0.1673123512967082,0.046763053881294,0.0,0.0,0.1416105747867476,0.1262459899125807,0.0927636310763651,0.4087160845730191,0.1410602159955249,0.0529633730886059,0.1289350984437353,0.0,0.1825846926787911,0.3247483484363991,0.2297237729256099,0.1290718187906653,0.104651706196081,0.0,0.0,0.0,0.2013279125205438,0.1615109156614632,0.0,0.1891602434868279,0.0,0.0,0.0,0.1041153918000905,0.3717670537438468,0.0,0.2134625549318807,0.2767480435835531,0.1484861000524709,0.552664126930925,0.3340218324339292,0.0,0.3246804460789081,0.0,0.1976449583216595,0.0929798232259177,0.0,0.0,0.0,0.0,0.260332547146258,0.0,0.0,0.0,0.6524263645328598,0.0,0.0,0.1163262592192471,0.2681688463470504,0.1285844458076653,0.0,0.0,0.0
0.4704668048421001,0.0,0.0,0.0,0.0,0.0,0.2320474616224783,0.1249502052967546,0.4010167578153186,0.2399616733385369,0.1758451007579043,0.1403652941682373,0.1381563909381195,0.0,0.0,0.3688817067616604,0.4279992799672595,0.3547362147690189,0.0,0.0,0.3771488465600938,0.0,0.1416105747867476,0.0,0.4409541187821883,0.4157076495352133,0.2685261660405149,0.4672324823235379,0.0,0.0,0.1914532436114471,0.0,0.0377933865645061,0.0,0.0,0.1604371163429488,0.210764319517526,0.1622682888432675,0.0,0.2023814073503193,0.2637245555839163,0.0,0.0,0.0,0.1882091974386401,0.4074997482105231,0.0,0.0,0.0,0.0,0.0,0.0,0.0,0.0,0.3325062069700087,0.0,0.0,0.0,0.0,0.0,0.4986244628512055,0.4123353718156654,0.4923472779497622,0.0,0.0,0.0,0.0,0.0,0.8494281208932298,0.5686935584064193,0.4879635107980146,0.0,0.6039325978423921,0.0,0.0,0.597877554576024
0.2505413833808541,0.5315443748751217,0.0,0.0,0.4786376162941757,0.6646156762091071,0.5402214862974282,0.0479516546814824,0.4860634367371614,0.1127060597253434,0.0,0.0,0.6132155163864471,0.0,0.0,0.521351694889325,0.6576088172165839,0.8343264224305641,0.0,0.1133603102450084,0.3130262183168156,0.1423753675160304,0.1262459899125807,0.4409541187821883,0.0,0.689396441954596,0.4451114549571977,0.3731772067870749,0.3849633188638439,0.0,0.0,0.2704804460498265,0.1482790953349523,0.0,0.0,0.0,0.0,0.0600623364988706,0.1181172417314952,0.4272801299346484,0.4475709829933499,0.0,0.0,0.0,0.0,0.1744493137359135,0.2142608388129026,0.0,0.0,0.0,0.0,0.0,0.0,0.0,0.3771899286494582,0.0,0.0,0.6462446360468698,0.0,0.0,0.6189700146881566,0.6287027504818546,0.8002798057549687,0.0,0.3103488703365605,0.1266650498731201,0.3660216799740085,0.0,0.4131982221795569,0.7096190466785304,0.6297390777439508,0.0,0.0,0.3353653046093777,0.0,0.4705929045903896
0.503863471694368,0.2944887940422561,0.0,0.0,0.0634737524653738,0.3646114246765938,0.1026362577928307,0.0,0.2280016340161448,0.1986738995037532,0.0,0.0,0.3069223139114438,0.0,0.0,0.4490348996127521,0.5684005885913872,0.7674251435932017,0.0,0.0484148344950986,0.2161353551289711,0.1890347675208987,0.0927636310763651,0.4157076495352133,0.689396441954596,0.0,0.0774036159355827,0.1734104851102483,0.1486615751703659,0.0,0.0,0.2315596996669945,0.0,0.0,0.0,0.1653709452536136,0.0,0.0,0.0935991894271413,0.1560413666558576,0.3529109867361446,0.0607858596912263,0.0,0.0,0.1542549013872545,0.3953450014248975,0.1263199488325245,0.0,0.0,0.0,0.4286857328344218,0.0,0.0,0.0,0.3261776940979701,0.0,0.0,0.5255454262558701,0.0,0.0713884996376361,0.5154625139611915,0.5067569130554168,0.6306005965767887,0.0,0.3196156563228206,0.2563410908819582,0.2311920969261767,0.0172006145811831,0.2277518313519664,0.4718389850812225,0.7648870034047387,0.0,0.2079295553226247,0.2610696705486111,0.0,0.4640213978207979
0.0,0.2046656984339585,0.5386408467856574,0.5325239400815827,0.7710123605542769,0.7864668675565979,0.7669827070598242,0.4917824010256588,0.780738065227552,0.0,0.6946499974374524,0.0,0.3350025716491483,0.5164851964134548,0.0,0.0503072366402674,0.0,0.0489118231308373,0.3548537988170726,0.0763990260612589,0.0726726748784118,0.1064792724979035,0.4087160845730191,0.2685261660405149,0.4451114549571977,0.0774036159355827,0.0,0.1840949944862843,0.318110158303351,0.0,0.0,0.4802901125694724,0.2888870172966504,0.2558807592373137,0.0,0.1151996491032645,0.0,0.219296957940867,0.3445115033544413,0.4175887683518118,0.195138531998746,0.0,0.4266740457891123,0.2537440510877157,0.0,0.0,0.0,0.4054196097013958,0.0,0.7059038214232731,0.5416679790461905,0.673534829677991,0.4764037223375369,0.8633603620430379,0.0,0.8201153239099167,0.0,0.1087240426376962,0.5056860388323939,0.0,0.0,0.0,0.0,0.3756629690110249,0.080605512908228,0.0,0.2065670057662923,0.3024020793748565,0.0,0.0,0.2313239837479546,0.765005333263778,0.2588033244210995,0.1256120132799539,0.0,0.0
0.0,0.0710655967605232,0.57705214054139,0.1959180366640021,0.5827243599240021,0.5423380411650679,0.3695893033095915,0.2133889249398271,0.3275535764767345,0.2826133434674996,0.4179678151778554,0.2856970756192742,0.680261757276937,0.0616448508009808,0.0,0.5923697564717834,0.6232304702149517,0.4574332006255982,0.7018336321373073,0.2436678085380104,0.0001554305772523,0.0,0.1410602159955249,0.4672324823235379,0.3731772067870749,0.1734104851102483,0.1840949944862843,0.0,0.5219701103369884,0.6061391150099334,0.0573836468692712,0.0,0.2584189253382969,0.1629117778406004,0.0,0.0,0.0,0.0,0.0,0.1993704857670703,0.0683376394603359,0.0,0.3254378362674024,0.0,0.0,0.0,0.0,0.6176795605027906,0.0,0.0,0.3478722178514295,0.0,0.0469368390427738,0.4461534836457228,0.404891042144985,0.0,0.2468745871074449,0.4468295864773285,0.0,0.0,0.0,0.0,0.0,0.0,0.1918681791847631,0.0,0.1124145536365945,0.0,0.0,0.2728476485122813,0.211933638869213,0.0,0.7662831556089786,0.2891539471246625,0.0,0.2914966802355367
0.4696666841531948,0.1309246199486036,0.0,0.0154711031512493,0.4888187333162234,0.4715433706402918,0.4601831864014357,0.0,0.3042047003550224,0.1261956619800374,0.0,0.0,0.3891080895270146,0.0,0.0,0.6855983229447685,0.3233010891153574,0.4216091883994818,0.0,0.7512609799515338,0.3269371201269079,0.4578753244396442,0.0529633730886059,0.0,0.3849633188638439,0.1486615751703659,0.318110158303351,0.5219701103369884,0.0,0.566217400438371,0.4398743863468048,0.0,0.1497241891285417,0.0373635636111405,0.0,0.0,0.1216170256993005,0.0,0.0,0.2031078588346589,0.0989846007900833,0.0,0.0404481977613656,0.0,0.0,0.0,0.0,0.5124028199596573,0.0,0.0,0.4184030510676238,0.2331982889727033,0.0,0.3525692176047685,0.0,0.0,0.0,0.243209703257017,0.0,0.0,0.0,0.0,0.0,0.0,0.419997204609255,0.2115107405003818,0.5436265163504063,0.0,0.0,0.0,0.2819264318865289,0.0505133939786112,0.3389117724065031,0.6929578238874367,0.3782745206903908,0.5274875462677995
0.0,0.0,0.0,0.0,0.0,0.2178877684870138,0.0,0.0,0.0,0.0,0.0,0.0,0.2733663702509994,0.0,0.0,0.5719309885842837,0.0,0.3795896302085174,0.0,0.6364498890614264,0.0,0.3088602440416764,0.1289350984437353,0.0,0.0,0.0,0.0,0.6061391150099334,0.566217400438371,0.0,0.3913160264376545,0.0,0.0,0.0238474720292885,0.0324180026823898,0.0,0.0,0.0,0.0,0.0,0.0,0.0,0.0,0.0,0.0,0.0,0.0,0.0,0.0,0.0,0.0,0.0,0.0,0.0,0.0,0.0,0.0,0.0,0.0,0.0,0.0,0.0,0.0,0.0,0.4058812136142862,0.0,0.0,0.0,0.0,0.0,0.0,0.0,0.0,0.4473411997661701,0.0,0.0
0.6080650128837408,0.0,0.3747137833146776,0.0374661227934764,0.0,0.0,0.0,0.0,0.0528608177952635,0.2922211086246266,0.0,0.0,0.0,0.0,0.1473590150587061,0.3753756335455805,0.0,0.0,0.0,0.545981259271895,0.130092592784562,0.4635068728036181,0.0,0.1914532436114471,0.0,0.0,0.0,0.0573836468692712,0.4398743863468048,0.3913160264376545,0.0,0.0,0.0331143103728309,0.1147863005048035,0.169597677747708,0.0,0.1051858399835603,0.0,0.0,0.0,0.0,0.0,0.0,0.0,0.0,0.0,0.0,0.0,0.0,0.0,0.0,0.0,0.0,0.0,0.1565656171366841,0.0,0.0261755662395928,0.0,0.0,0.223016973233951,0.218333694943848,0.0,0.0893897621762353,0.0,0.2924196033193559,0.270363668020846,0.405959199983391,0.0,0.1537220136009571,0.256443878218292,0.1193568607244785,0.0,0.0,0.5083726276711913,0.0,0.3465225129292768
0.0,0.2616143607294928,0.0319785139458576,0.1825745995091071,0.2776263040225545,0.3519703564004169,0.2716827963366284,0.3368167250032473,0.3427121343589127,0.0,0.3853113632976448,0.0,0.127880238166543,0.4402186816831176,0.0,0.0,0.0751891285090018,0.0505955717324424,0.0,0.0,0.0945065698459186,0.0,0.1825846926787911,0.0,0.2704804460498265,0.2315596996669945,0.4802901125694724,0.0,0.0,0.0,0.0,0.0,0.2687417913708451,0.1648545372687096,0.0,0.3451389218014905,0.0951517634510643,0.1731529153912918,0.6860318302924683,0.3377562007172281,0.3015337533328682,0.1639569116953221,0.3141647828424797,0.1462780271312937,0.1885116300451886,0.0,0.13585999628545,0.0,0.0,0.5679191856615337,0.316438281176239,0.3769252826945424,0.4207210916350412,0.3222620229122526,0.080700485752096,0.4570471751911186,0.0,0.1760047280734445,0.0,0.0,0.0,0.1439590482836637,0.2147255662962184,0.0,0.0464192421557512,0.0,0.0396987582037504,0.278036265509275,0.0,0.244665763665393,0.2706654052114576,0.5577431100155463,0.0193186118830722,0.0,0.0,0.0
0.0,0.1543937250115017,0.2755759899521257,0.0,0.2994146012704217,0.3065224916567909,0.2523835047629077,0.383207260545624,0.2548233113495797,0.0,0.1455182455198923,0.1795365991315791,0.263393731882881,0.0,0.0,0.1470192983206183,0.1301649730554429,0.1226298749588891,0.0,0.0935743601434478,0.0,0.0268030564976824,0.3247483484363991,0.0377933865645061,0.1482790953349523,0.0,0.2888870172966504,0.2584189253382969,0.1497241891285417,0.0,0.0331143103728309,0.2687417913708451,0.0,0.4717377747873012,0.1413054241968663,0.0901107771589318,0.014515139791913,0.096024068317615,0.1811996100850987,0.4898700504856512,0.1689382824558878,0.0,0.0,0.0,0.1725323019840131,0.0,0.0,0.0,0.0,0.0,0.0,0.0,0.0,0.0,0.0521030996563676,0.0,0.0851756828434266,0.0,0.0,0.0,0.0,0.0408551238455651,0.0311218647914339,0.0,0.0,0.0,0.0,0.078555069543067,0.0882358136184275,0.0188863634201826,0.0,0.1031724720009298,0.1106462227366344,0.0,0.0,0.0
0.0,0.1139105981584359,0.2726458859819935,0.2917113010583749,0.1965046778828741,0.2836693410698763,0.1266550103099658,0.2439829417599154,0.2383293357886912,0.0,0.1708173220747653,0.136221746186687,0.0930008390993741,0.0,0.0,0.0454096512070129,0.0,0.0,0.1089478412102468,0.0,0.0,0.1429109958951936,0.2297237729256099,0.0,0.0,0.0,0.2558807592373137,0.1629117778406004,0.0373635636111405,0.0238474720292885,0.1147863005048035,0.1648545372687096,0.4717377747873012,0.0,0.1476682229860331,0.0344549760065589,0.0,0.0,0.2284739494981069,0.1921707471496705,0.1653431811297152,0.0256622644027943,0.0894901713261345,0.0,0.013875273179379,0.0,0.0,0.1993255966187285,0.0,0.0,0.0784234902439102,0.1771032722386346,0.2632841955799193,0.3752518956430261,0.0,0.0,0.0253939206471917,0.0,0.0,0.0,0.0,0.0,0.0,0.0,0.0,0.0,0.0,0.0656195106314955,0.0,0.0,0.0,0.2183056964330429,0.0,0.0,0.0,0.0
0.0,0.012932797395524,0.0580759494622809,0.2194108370238912,0.0,0.0,0.0121395774009753,0.0,0.0,0.0,0.0,0.0382814184394434,0.0,0.0,0.0,0.0149862224158794,0.0,0.0,0.0,0.0783149057497012,0.0,0.1022463402225226,0.1290718187906653,0.0,0.0,0.0,0.0,0.0,0.0,0.0324180026823898,0.169597677747708,0.0,0.1413054241968663,0.1476682229860331,0.0,0.0,0.0,0.0,0.0,0.0,0.0,0.1511308083390775,0.0,0.0,0.0,0.0,0.0,0.0,0.0,0.0,0.0,0.0,0.0,0.0,0.0,0.0,0.0712589065195335,0.0,0.0,0.0,0.0,0.0,0.0,0.0,0.0,0.0,0.0,0.1471324650574585,0.0,0.0,0.0,0.0,0.0,0.0,0.0,0.0
0.0,0.0,0.0840481593457392,0.0,0.0478942104557569,0.086054160686719,0.0,0.1250036756475565,0.1942830053728104,0.0837892400217926,0.0605969514101167,0.0545928751274905,0.0,0.283987592191431,0.1816242518642656,0.0,0.0,0.0,0.0470960399222332,0.0420580519735702,0.0,0.1068863269880062,0.104651706196081,0.1604371163429488,0.0,0.1653709452536136,0.1151996491032645,0.0,0.0,0.0,0.0,0.3451389218014905,0.0901107771589318,0.0344549760065589,0.0,0.0,0.4258733729944173,0.1490560049762491,0.4118073019328231,0.0659314332389802,0.3082397856598126,0.1608382105544774,0.3570571709825013,0.1685140398715344,0.1502031359352137,0.0,0.0,0.0901691456225592,0.0,0.106924716528784,0.1466034741780647,0.2048936864201342,0.2655642278550916,0.0831639069495072,0.0,0.2009820845633438,0.0,0.1492465814754845,0.0,0.0,0.0,0.0,0.0,0.0415306038949628,0.3032120150637109,0.0,0.3475451923207507,0.1812121240169955,0.0,0.0,0.0,0.3241882174270825,0.0,0.1637044971343917,0.0,0.0
0.0,0.0,0.0,0.0,0.0,0.0,0.0,0.0,0.0,0.1110329470852146,0.0,0.0,0.0,0.0,0.0,0.0,0.0,0.0,0.0,0.2962329756622718,0.0,0.3251166680195934,0.0,0.210764319517526,0.0,0.0,0.0,0.0,0.1216170256993005,0.0,0.1051858399835603,0.0951517634510643,0.014515139791913,0.0,0.0,0.4258733729944173,0.0,0.0688170620072276,0.1001615705587641,0.0,0.2400136489256069,0.2345374129145975,0.0,0.0,0.0,0.0,0.0,0.0,0.0,0.0,0.0,0.0,0.0,0.0,0.0,0.0,0.0,0.0,0.0,0.0,0.0,0.0,0.0,0.0,0.0,0.0,0.0,0.0,0.0,0.0,0.0,0.0,0.0,0.0,0.0,0.0
0.0488851102062936,0.0,0.0,0.0,0.075388425732152,0.0,0.0395410071085845,0.0,0.2780397350619381,0.0,0.094051269191817,0.0,0.0,0.0,0.0,0.0,0.0,0.0,0.0,0.0,0.0,0.0,0.0,0.1622682888432675,0.0600623364988706,0.0,0.219296957940867,0.0,0.0,0.0,0.0,0.1731529153912918,0.096024068317615,0.0,0.0,0.1490560049762491,0.0688170620072276,0.0,0.2843296580835543,0.1974131715088025,0.1687753570305119,0.1153629204803499,0.0,0.0,0.2213667152282393,0.0,0.0,0.0,0.0,0.0,0.0,0.0,0.0,0.0,0.0,0.0,0.0,0.0,0.0,0.0,0.0,0.0,0.0,0.0,0.0,0.0,0.0,0.0,0.1240442418882865,0.1425029083137851,0.0338296093600538,0.0,0.0396230099793048,0.0,0.0,0.0
0.0,0.0433377590159106,0.0,0.0,0.058485393832143,0.0879216632508775,0.0124531328705613,0.1937192326634809,0.2705303181747111,0.0,0.2782313474664443,0.0,0.0,0.4030476094431683,0.0,0.0,0.0,0.0,0.0,0.0,0.0,0.0,0.0,0.0,0.1181172417314952,0.0935991894271413,0.3445115033544413,0.0,0.0,0.0,0.0,0.6860318302924683,0.1811996100850987,0.2284739494981069,0.0,0.4118073019328231,0.1001615705587641,0.2843296580835543,0.0,0.2863223070429768,0.4457989912178302,0.1926373032994115,0.2561233513479392,0.1460140433993257,0.2360279519353488,0.0,0.3091535374852295,0.0,0.0,0.4939002281414079,0.2933062597878013,0.2775815970341956,0.4328741463465255,0.2716447188141319,0.0,0.4134818129659023,0.0,0.0926984606763832,0.4991217237751389,0.0,0.0,0.1220690763347451,0.1523569769320686,0.0,0.0,0.0128085989358444,0.1156650689848281,0.2943624034138865,0.0,0.2413557515145322,0.2578285499076893,0.613462181762661,0.0,0.0,0.0,0.0
0.0,0.2553047531767839,0.0,0.0,0.0,0.0,0.0,0.0,0.0,0.0,0.0,0.0,0.2358656297579825,0.0,0.0,0.1571217749564925,0.2021647193901037,0.2601957694371249,0.0,0.0,0.3049152453335292,0.0,0.2013279125205438,0.2023814073503193,0.4272801299346484,0.1560413666558576,0.4175887683518118,0.1993704857670703,0.2031078588346589,0.0,0.0,0.3377562007172281,0.4898700504856512,0.1921707471496705,0.0,0.0659314332389802,0.0,0.1974131715088025,0.2863223070429768,0.0,0.4413555861523013,0.0,0.2013640930733874,0.2395367127383625,0.2883519075024041,0.0,0.2071079533287531,0.1605040359703783,0.0,0.2867623637504212,0.3920590403678104,0.306551992398743,0.2089932237199366,0.3793545362306021,0.0482042637554753,0.27346474147244,0.0,0.3253100074413573,0.0,0.0,0.2614535292079382,0.2307736585724953,0.3538281807212582,0.2857644653271374,0.1319961448733115,0.0652077420479942,0.182649806391214,0.2255845042299999,0.2710019176018584,0.3003059426525179,0.3350104279822532,0.3785117630791177,0.3370781133513819,0.1421672554587679,0.0,0.1403785228444428
0.1667540839865373,0.2303304297310108,0.1844245412870419,0.0,0.0,0.2828322641679709,0.0326177171657427,0.0760350119980806,0.293816021573114,0.0,0.0,0.0,0.1386645451798253,0.0,0.1225050763999095,0.0930321822995363,0.0,0.3461643502693207,0.0,0.0098310741948897,0.3300177532881479,0.0161754016509345,0.1615109156614632,0.2637245555839163,0.4475709829933499,0.3529109867361446,0.195138531998746,0.0683376394603359,0.0989846007900833,0.0,0.0,0.3015337533328682,0.1689382824558878,0.1653431811297152,0.0,0.3082397856598126,0.2400136489256069,0.1687753570305119,0.4457989912178302,0.4413555861523013,0.0,0.0780247038132512,0.3395511775287138,0.2608933008872296,0.2432171992635737,0.1277881091171649,0.4624117729314524,0.1804785127722509,0.0398185666755103,0.1978205242410234,0.423330486120855,0.2821134634483784,0.232555395824236,0.1736711040043033,0.2110471708117833,0.1422476957803806,0.0,0.5063887728847372,0.0,0.1726995411671826,0.5023787432666086,0.4121624500012003,0.5354238581171973,0.3218402067178709,0.3802287616970473,0.3531918278786273,0.4921245949005861,0.26980958687106,0.3150946808483007,0.506288566029367,0.5235647091601262,0.3798638568605836,0.3710947682899727,0.356450584669139,0.3304291792428278,0.522191815753792
0.0,0.0,0.0,0.0,0.0,0.0,0.0,0.0,0.0,0.0,0.0,0.0,0.0,0.0,0.3093842259504185,0.0,0.0,0.0,0.0,0.01018510976498,0.0817971463773825,0.1017489397271448,0.0,0.0,0.0,0.0607858596912263,0.0,0.0,0.0,0.0,0.0,0.1639569116953221,0.0,0.0256622644027943,0.1511308083390775,0.1608382105544774,0.2345374129145975,0.1153629204803499,0.1926373032994115,0.0,0.0780247038132512,0.0,0.0,0.0,0.0105409835661771,0.156907184752277,0.1199120225792714,0.0,0.0,0.0,0.0,0.0,0.0,0.0,0.0,0.0,0.0,0.0,0.0,0.3131794285096656,0.0,0.0,0.0,0.0,0.0639441779044503,0.1339916923428335,0.103418422730205,0.0855117047636599,0.0,0.0,0.0,0.071954570224956,0.0,0.0,0.1459176441117385,0.0112136570422369
0.0,0.0,0.4444095590409868,0.0,0.5172171396377971,0.5028411952566381,0.3227647722432608,0.393837982570633,0.4145540633037995,0.0,0.5192682388092628,0.1793913366662714,0.207569660638335,0.5394791143400368,0.0,0.0,0.0,0.0,0.441780038817317,0.0,0.0,0.0,0.1891602434868279,0.0,0.0,0.0,0.4266740457891123,0.3254378362674024,0.0404481977613656,0.0,0.0,0.3141647828424797,0.0,0.0894901713261345,0.0,0.3570571709825013,0.0,0.0,0.2561233513479392,0.2013640930733874,0.3395511775287138,0.0,0.0,0.4560194679825886,0.2981296510530065,0.0,0.0,0.4799633769622421,0.4294320912638497,0.4922022951195846,0.3919400453960995,0.5638201229702695,0.4705431305498899,0.4881377002148839,0.4664727444893092,0.4402366216140018,0.0,0.3124498249934742,0.4048271178943573,0.0,0.0,0.4646765851026309,0.0,0.5046089498455634,0.2315132854476457,0.0,0.2007560110292086,0.142442386769914,0.5532921237923114,0.4450082239996975,0.2291764597591335,0.5343530250464643,0.5546119754859096,0.1909470099759401,0.0,0.2470931757967611
0.0,0.0,0.0,0.0,0.0,0.0,0.0,0.0,0.0,0.0,0.0,0.0,0.0,0.0,0.0,0.0,0.0,0.0,0.0,0.0,0.0,0.0,0.0,0.0,0.0,0.0,0.2537440510877157,0.0,0.0,0.0,0.0,0.1462780271312937,0.0,0.0,0.0,0.1685140398715344,0.0,0.0,0.1460140433993257,0.2395367127383625,0.2608933008872296,0.0,0.4560194679825886,0.0,0.18405588014015,0.0,0.0,0.1616655230651134,0.3339416624578487,0.2728503418687896,0.3011880099068114,0.3812822830554797,0.0329598017475909,0.2386058821204906,0.2302037033703205,0.1909714302444873,0.0,0.3510489616392561,0.0685116663048932,0.0,0.0,0.0,0.0,0.3245019680048888,0.0,0.0,0.0,0.0,0.0,0.0,0.0,0.2273128185683015,0.4788930696417658,0.2617021596487507,0.0,0.3509374984264425
0.0,0.0,0.0,0.0,0.0,0.0,0.0,0.0,0.0,0.0,0.0,0.0,0.0,0.0,0.0,0.0,0.0,0.0,0.0,0.0,0.0,0.0,0.0,0.1882091974386401,0.0,0.1542549013872545,0.0,0.0,0.0,0.0,0.0,0.1885116300451886,0.1725323019840131,0.013875273179379,0.0,0.1502031359352137,0.0,0.2213667152282393,0.2360279519353488,0.2883519075024041,0.2432171992635737,0.0105409835661771,0.2981296510530065,0.18405588014015,0.0,0.0,0.0,0.0,0.0,0.1801323994717203,0.0770121488556197,0.1479424949071794,0.0,0.1795437440626481,0.0070741388614895,0.1787346512154144,0.0,0.0099355172257274,0.0,0.0,0.0,0.0778233374082187,0.0920313393271443,0.0159266421873573,0.0,0.0,0.0,0.0,0.1349900380114117,0.2337078526956637,0.1292682912980639,0.2109507021230533,0.0941471020843002,0.0,0.0,0.1845328304016998
0.8187904180373163,0.0,0.0,0.0,0.0,0.0,0.0,0.0,0.0,0.1902294468973172,0.0,0.0,0.0,0.0,0.0,0.4330379749818238,0.0,0.2856784606447523,0.0,0.0,0.4046593381970069,0.3951856842772996,0.0,0.4074997482105231,0.1744493137359135,0.3953450014248975,0.0,0.0,0.0,0.0,0.0,0.0,0.0,0.0,0.0,0.0,0.0,0.0,0.0,0.0,0.1277881091171649,0.156907184752277,0.0,0.0,0.0,0.0,0.2139561492450884,0.0,0.0,0.0,0.1765950251505812,0.0,0.0,0.0,0.0,0.0,0.0,0.0417724178626391,0.0,0.4389260386889335,0.5764067757029829,0.0,0.4008841037467942,0.0,0.379250877326638,0.5792212901653478,0.5700106491135166,0.041380632098923,0.2854697878165357,0.4418582207249862,0.4958205073892214,0.0,0.0,0.6567979033310475,0.0,0.5554155039395735
0.2023358710544629,0.3112156889299053,0.0,0.0,0.0,0.0,0.0,0.0,0.0,0.0,0.0,0.0,0.0,0.0,0.6550994288428965,0.0,0.0,0.1246684678417053,0.0,0.1575932849512396,0.5259793805360518,0.217493222200386,0.1041153918000905,0.0,0.2142608388129026,0.1263199488325245,0.0,0.0,0.0,0.0,0.0,0.13585999628545,0.0,0.0,0.0,0.0,0.0,0.0,0.3091535374852295,0.2071079533287531,0.4624117729314524,0.1199120225792714,0.0,0.0,0.0,0.2139561492450884,0.0,0.0,0.0,0.0,0.173588206225022,0.0,0.1011814266928585,0.0,0.0,0.0,0.0,0.354452699064468,0.0,0.6334718269622789,0.4893160848133186,0.0619587186749144,0.3120134580265329,0.0,0.1606064548776876,0.569141003002224,0.4243147102398663,0.4647527028529498,0.0,0.2298917075167801,0.3789918699337359,0.0718491768754076,0.0,0.1246501889219984,0.0,0.1886773958794185
0.0,0.0,0.8766196722430505,0.0,0.5025726236232915,0.6534996014065428,0.3460578357718927,0.2210539594458571,0.5455591455329833,0.0,0.4304435123602147,0.0,0.2901309282266256,0.1675676183092585,0.0,0.0,0.0,0.0,0.6170009169626973,0.0,0.0,0.0,0.3717670537438468,0.0,0.0,0.0,0.4054196097013958,0.6176795605027906,0.5124028199596573,0.0,0.0,0.0,0.0,0.1993255966187285,0.0,0.0901691456225592,0.0,0.0,0.0,0.1605040359703783,0.1804785127722509,0.0,0.4799633769622421,0.1616655230651134,0.0,0.0,0.0,0.0,0.322636408097269,0.1786013017707392,0.549232600384097,0.4416335133360315,0.2631249770211721,0.63488536343184,0.4518956392653748,0.4398887503794906,0.0973677502233042,0.2343153255112334,0.0229158542570734,0.0,0.0,0.0,0.0,0.5624842699681304,0.0,0.0,0.0,0.2185769257370772,0.0,0.4930774328382598,0.4258615558197557,0.3949870524974248,0.485838887002008,0.4462483395465978,0.3507701251952789,0.4238283972769612
0.0,0.0,0.0,0.0,0.0,0.0,0.0,0.0,0.0,0.0,0.0,0.0,0.0,0.0,0.0,0.0,0.0,0.0,0.0,0.0,0.0,0.0,0.0,0.0,0.0,0.0,0.0,0.0,0.0,0.0,0.0,0.0,0.0,0.0,0.0,0.0,0.0,0.0,0.0,0.0,0.0398185666755103,0.0,0.4294320912638497,0.3339416624578487,0.0,0.0,0.0,0.322636408097269,0.0,0.5830641753192896,0.3441484840428221,0.6480091329780344,0.3416299170265309,0.5236549479325465,0.0,0.3945685284548803,0.0,0.3402097466581785,0.1356341128788179,0.0,0.0,0.0,0.0,0.482286909891772,0.0,0.0,0.0,0.0,0.0,0.0,0.0,0.3080679494248838,0.6351427730720665,0.0,0.0,0.0
