0.0,0.5071613143997655,0.0,0.0,0.0,0.2323698822449484,0.0,0.2062295984810385,0.0,0.1684070839019939,0.0,0.0222616098905865,0.0,0.1179616774361129,0.3258438984468313,0.3060731771869755,0.2305891256919535,0.3014509644342417,0.0,0.4173739754568316,0.3044270028438768,0.518254796787834,0.206014223089763,0.2084001467580521,0.3797637799294473,0.4775323919275804,0.2415262196115317,0.2823234464347395,0.2927423587655963,0.0,0.2983809266711377,0.0,0.0,0.1085137765180529,0.0,0.0,0.0,0.0729151476920577,0.0145944667064104,0.0,0.3792754331408777,0.0,0.0,0.0,0.0,0.4224705894533313,0.1397312952128588,0.0,0.0,0.0,0.0,0.0,0.0,0.0,0.0,0.0,0.0,0.0,0.0,0.0,0.3091533468084263,0.0,0.4296949387537782,0.0,0.0,0.3070758246545033,0.5129572611839918,0.117718540211994,0.1225517165780568,0.4069182351069119,0.4432999704729169,0.0,0.0,0.0,0.0,0.164606525330801
0.5071613143997655,0.0,0.0,0.0,0.0,0.3520618658600967,0.1809450296848311,0.2104829479934195,0.1672450332717105,0.0,0.0,0.0,0.1416030338693204,0.0,0.2405887734205267,0.3456741843616271,0.0,0.3787624371985433,0.0,0.2342667246941739,0.2430958779378852,0.4196585691275281,0.2601098177774312,0.0,0.5613267942902016,0.6006290679022475,0.2520509454148689,0.1340391754198918,0.2266921232233181,0.0,0.2723721044604449,0.0,0.0,0.2460518163474163,0.0,0.0,0.0,0.0,0.1351621507112502,0.0,0.4528261477089759,0.0,0.0,0.0,0.0,0.3603641855881174,0.3164384612359605,0.0,0.0,0.0,0.331079351748385,0.0,0.0,0.0,0.0,0.0,0.0,0.0,0.0,0.214253644853679,0.3969176274947852,0.0,0.3734291498488661,0.0,0.3011569875310235,0.1001405763009309,0.4829433017570222,0.0741052698853789,0.0,0.5161091070312762,0.5112598537065519,0.4113782261760288,0.0,0.396040339735602,0.0,0.075683067646686
0.0,0.0,0.0,0.1935761972429278,0.3214963983992595,0.2277135272141821,0.3714010835037741,0.16444667264954,0.5279863628080246,0.2209386635720837,0.441050683846975,0.0,0.3387117828561549,0.0,0.0,0.0,0.0,0.0,0.5099036072952465,0.0,0.0,0.0,0.3062663724376751,0.0,0.0,0.0,0.4687460362111172,0.2968709907038567,0.3193866954718609,0.0532084378574216,0.105668261715007,0.0839379191995642,0.0,0.0,0.0,0.0,0.0,0.0,0.0636109096491702,0.0,0.0,0.0,0.0,0.0,0.0,0.0,0.0,0.6059566210365386,0.0,0.3301148267612301,0.1979800526043833,0.3977688264938516,0.2746174085892103,0.5140574226170594,0.0,0.404686141725056,0.0,0.3660786023666058,0.0,0.0,0.0,0.0,0.0,0.5076370292203338,0.0,0.0,0.0,0.4179619582039472,0.0,0.0,0.0,0.3333159045948873,0.0,0.0,0.0,0.0
0.0,0.0,0.1935761972429278,0.0,0.3320853754257244,0.2344194617407495,0.3933908938919321,0.1689890071937343,0.3797585858724986,0.0603563447359219,0.0596816421283225,0.0,0.3413324370557766,0.0,0.0,0.0,0.0,0.0,0.0853789695933977,0.0235635371150788,0.0,0.0,0.3081891962492169,0.0,0.0,0.0,0.3884953272513847,0.0413249035458205,0.0,0.0,0.0115666372129238,0.0171944711120237,0.0,0.0,0.0,0.0,0.0,0.0,0.0,0.0,0.0,0.0,0.0,0.0,0.0,0.0,0.0,0.0,0.0,0.0,0.0,0.0,0.0,0.0,0.0,0.0,0.0,0.0,0.0,0.0,0.0,0.0,0.0,0.0,0.0,0.0,0.0,0.0,0.0,0.0,0.0,0.0,0.0,0.0,0.0,0.0
0.0,0.0,0.3214963983992595,0.3320853754257244,0.0,0.1984094004810447,0.485894857862277,0.2175449014463708,0.4258738858901855,0.2251424075933118,0.3301295351246693,0.0786090309554935,0.4848645774675722,0.0,0.0,0.2807157695672189,0.0,0.0,0.248461053714035,0.2816131611079973,0.0,0.0,0.3017483753335826,0.0,0.2111079520067483,0.1542363577573624,0.3881762488639341,0.3122482148689278,0.2948832387759023,0.0,0.1061351985966208,0.0805388835882053,0.1471184782672305,0.0,0.0,0.0,0.0,0.0850921952840607,0.0,0.0,0.0,0.0,0.0,0.0,0.0,0.0,0.0,0.4214792823504539,0.0,0.0,0.2452778755026871,0.0,0.4311965925201687,0.3405310927675076,0.0,0.2562457239217989,0.0,0.0,0.0,0.0,0.0,0.0,0.0,0.2461100847344476,0.0,0.0,0.0,0.4396958652905033,0.0,0.0,0.0,0.2211250886407141,0.0,0.0,0.0,0.0
0.2323698822449484,0.3520618658600967,0.2277135272141821,0.2344194617407495,0.1984094004810447,0.0,0.3959089268737913,0.5158653987199494,0.2660053179899705,0.0997190879428109,0.0752276323683732,0.029475689198426,0.3260114558404279,0.0070070878467279,0.2880213894790973,0.1768859213865241,0.0,0.2710449003152738,0.2585706964018043,0.1385923746538462,0.4387117217309405,0.0729763899898429,0.6284177430285418,0.0,0.3434540239588532,0.3949835729996854,0.4467004094565476,0.0409087461107844,0.4540219112123066,0.0,0.0,0.0,0.0517780679474547,0.0,0.0,0.0,0.0,0.0,0.0,0.0,0.0687017625109574,0.0,0.0,0.0,0.0,0.0,0.0,0.3164212877932686,0.0,0.0816579412531075,0.5315366686507209,0.4079368394979045,0.37324135167335,0.3623784165555139,0.0,0.2766844183526997,0.0,0.4067378425817347,0.0,0.2499920950772798,0.0,0.0,0.0,0.3242462857747584,0.0,0.2445902057385243,0.0712583187601112,0.4490157400163023,0.0,0.0,0.3491106968303906,0.3083812632557902,0.0328086776512781,0.0060689915502089,0.0,0.0
0.0,0.1809450296848311,0.3714010835037741,0.3933908938919321,0.485894857862277,0.3959089268737913,0.0,0.280836453919902,0.4640605170098719,0.3412619540346935,0.2705677036247672,0.2130332961914471,0.591830193740933,0.0,0.0,0.3331619513419131,0.3769091910741889,0.396330589382488,0.2971739697015442,0.2823326293217191,0.0,0.0,0.4115721938520003,0.1127294453255119,0.3635525069447673,0.2820213675260021,0.4786613017573314,0.2378450331025018,0.3508868570183793,0.0,0.0666196006164351,0.1280437055614613,0.2867639859792847,0.0,0.0,0.0,0.0,0.180512889000403,0.0,0.0,0.0,0.0,0.0,0.0,0.0,0.0,0.0,0.0,0.0,0.0,0.3735172396945617,0.0,0.0,0.0,0.0,0.0,0.0,0.0,0.0,0.0,0.0,0.0,0.0,0.0,0.0,0.0,0.0,0.4581017855229766,0.0,0.0,0.0,0.2850776861908614,0.0,0.0,0.0,0.0
0.2062295984810385,0.2104829479934195,0.16444667264954,0.1689890071937343,0.2175449014463708,0.5158653987199494,0.280836453919902,0.0,0.1742083042128108,0.0902450227714493,0.0870605053318168,0.0,0.284553130682493,0.1278632111904714,0.2709212511119832,0.1628527673399643,0.0,0.2476519089994539,0.2111724030360786,0.1748659745550252,0.4665211970942241,0.0720242711559768,0.5669868500173306,0.1245656396872607,0.2054027292095658,0.3350013122232422,0.3184283909204848,0.1415580119977343,0.456621942084369,0.1275768778024618,0.0,0.0,0.0,0.0,0.021109634184008,0.0,0.0,0.0,0.0,0.0,0.0746221331628452,0.0,0.0,0.0,0.0,0.0,0.0,0.2671583022852007,0.0,0.0583518842858408,0.3766354854166385,0.2668964732205596,0.4445197444949942,0.2461895084296408,0.0,0.2734251817019832,0.0,0.3311386200258894,0.0447144590379174,0.1960899444456742,0.0,0.0,0.0,0.2307655366849838,0.0,0.3245624186159288,0.0323023270756377,0.4219844240056513,0.0,0.0,0.0,0.1907844101572635,0.0994668692136567,0.016395990199099,0.0,0.0
0.0,0.1672450332717105,0.5279863628080246,0.3797585858724986,0.4258738858901855,0.2660053179899705,0.4640605170098719,0.1742083042128108,0.0,0.2389781446533026,0.4469976604873465,0.0701404004608061,0.4668117543872773,0.0,0.0,0.2133906603181666,0.0,0.0,0.401605915191591,0.3855467817386336,0.0,0.0,0.3684663965186154,0.0,0.4022555747341129,0.325263041643344,0.5672871223099366,0.2831726386193992,0.2965249067890585,0.0,0.1530066117762052,0.0344726720195898,0.1730671682783141,0.0,0.0,0.0,0.0,0.2721056108395713,0.0583331437997114,0.0,0.0,0.0,0.0,0.0,0.0,0.0,0.0,0.548489371088603,0.0,0.3154657375424062,0.32861126671425,0.4560226622481331,0.3580770762772156,0.6047245817879845,0.0,0.3860803411725161,0.0,0.5275918386043994,0.0,0.0,0.0,0.0,0.0,0.4201816479117404,0.0,0.0,0.0,0.4909047606349727,0.0,0.0,0.0,0.4570111451381364,0.0,0.0,0.0,0.0
0.1684070839019939,0.0,0.2209386635720837,0.0603563447359219,0.2251424075933118,0.0997190879428109,0.3412619540346935,0.0902450227714493,0.2389781446533026,0.0,0.1467545365231218,0.5847647474350869,0.3889804348850706,0.0,0.0,0.2785025996464791,0.4421126226506413,0.2563314504176343,0.1664408454157346,0.0,0.1600405491019777,0.1239846665998046,0.1193311317517407,0.155763762303983,0.2814702358396224,0.2604591817975065,0.1452024680761702,0.3143992212336036,0.0,0.0,0.1719241189633372,0.3937069933955462,0.2984409151292083,0.0,0.0,0.135370987374784,0.0,0.3152461804652751,0.3711364152184476,0.3275963695777871,0.0,0.1794064008988193,0.0,0.0,0.2311477408390104,0.2190952209468902,0.0,0.0,0.0,0.0,0.0,0.0,0.0,0.0,0.5741845362991225,0.0,0.5561407108448609,0.2497602053428277,0.0,0.0,0.2837836549989233,0.285085079712602,0.0304755408638257,0.0,0.0,0.0,0.0,0.0,0.2946899206168538,0.1421690221983858,0.3309215305932493,0.0,0.236205294192084,0.0,0.0,0.3368117341860534
0.0,0.0,0.441050683846975,0.0596816421283225,0.3301295351246693,0.0752276323683732,0.2705677036247672,0.0870605053318168,0.4469976604873465,0.1467545365231218,0.0,0.0287865706155423,0.2572658345934751,0.0,0.0,0.0,0.0,0.0,0.4800148994062119,0.0,0.0,0.0,0.1593381090766312,0.0570793741306339,0.0,0.0,0.3077702028284707,0.3282476182898335,0.0,0.0,0.0158168781194449,0.0,0.0,0.0,0.0068055553735712,0.0602026120338142,0.0439555498066385,0.0890960403335405,0.0,0.0,0.0,0.0,0.0,0.0,0.0,0.0,0.0,0.4361338505867614,0.0,0.3329753342721988,0.0,0.2609727208187392,0.2180510194092515,0.4345296239578297,0.0,0.5159285591466447,0.0,0.2186236819186844,0.0,0.0,0.0,0.0,0.0,0.3976442266852331,0.0,0.0,0.0,0.2511723872155568,0.0,0.0,0.0,0.245173965332846,0.0,0.0,0.0,0.0
0.0222616098905865,0.0,0.0,0.0,0.0786090309554935,0.029475689198426,0.2130332961914471,0.0,0.0701404004608061,0.5847647474350869,0.0287865706155423,0.0,0.2642161023500263,0.0,0.0,0.0,0.2942963333068004,0.0922996164897426,0.0,0.0,0.0,0.0,0.0151436466531394,0.1698565428966664,0.0748752120205654,0.0931384759632281,0.0,0.1992587952442742,0.0,0.0,0.0314417071124319,0.44887571968654,0.3324554988503377,0.0,0.0,0.1887907220739627,0.0,0.2941924342195793,0.4116699020355138,0.4514345253825362,0.0,0.2676102155696735,0.0,0.0,0.1893652755930595,0.0,0.0,0.0,0.0,0.0,0.0,0.0,0.0,0.0,0.5866531713191716,0.0,0.5655594616016701,0.0,0.0,0.0,0.0,0.117987366097613,0.0,0.0,0.0,0.0,0.0,0.0,0.3384963506972384,0.0,0.1820859143897144,0.0,0.117986064448324,0.0,0.0,0.3441904684059174
0.0,0.1416030338693204,0.3387117828561549,0.3413324370557766,0.4848645774675722,0.3260114558404279,0.591830193740933,0.284553130682493,0.4668117543872773,0.3889804348850706,0.2572658345934751,0.2642161023500263,0.0,0.0,0.3795671002939436,0.3390007708895947,0.3806105687016926,0.4339473781376975,0.2793169218215119,0.2870982729214058,0.3865486691860533,0.0,0.355507763575787,0.1343792108878093,0.3162340030795404,0.2732150908191512,0.4232036445279472,0.3805080404251935,0.3417138791363731,0.0,0.1338201919332227,0.1831794330351276,0.2561818612582263,0.0,0.0,0.0,0.0,0.1989740971637814,0.1305912276827431,0.0,0.0,0.0,0.0,0.0,0.0,0.0,0.0,0.4321754315596017,0.0,0.0,0.312478911448536,0.0,0.4382625767443471,0.0,0.0,0.0,0.0,0.0,0.0,0.0,0.0,0.0,0.0,0.0,0.0,0.0,0.0,0.4310076414395559,0.0,0.0,0.0,0.2241442564616311,0.0,0.0256827347466293,0.0,0.0
0.1179616774361129,0.0,0.0,0.0,0.0,0.0070070878467279,0.0,0.1278632111904714,0.0,0.0,0.0,0.0,0.0,0.0,0.0,0.0,0.0,0.0,0.0,0.0,0.0797638297169644,0.0,0.0,0.0,0.0,0.0,0.0,0.0,0.0,0.0,0.0833762360104089,0.0,0.0,0.0888549028278515,0.0,0.0774166823013989,0.2844222447449685,0.0,0.0,0.0,0.0,0.0,0.3497677374800124,0.0,0.0,0.0,0.0,0.0,0.0,0.0,0.0,0.0,0.0,0.0,0.0,0.0425176159076104,0.0,0.0,0.0,0.0,0.0,0.0,0.0,0.0,0.0,0.0,0.0,0.0,0.0,0.0,0.0,0.0,0.0,0.0,0.0,0.0
0.3258438984468313,0.2405887734205267,0.0,0.0,0.0,0.2880213894790973,0.0,0.2709212511119832,0.0,0.0,0.0,0.0,0.3795671002939436,0.0,0.0,0.2640313136574628,0.0,0.365689502926899,0.0,0.5454109832319223,0.3813163204779459,0.3007983330969716,0.3641145420327243,0.1924489951300086,0.3566640806647982,0.399335200099487,0.5046932266644978,0.3964717063786926,0.4371405426710866,0.0714986957027032,0.2167172413012407,0.0,0.0,0.0,0.0,0.0,0.0,0.0,0.0,0.0,0.1044923550767737,0.0,0.0,0.0,0.0,0.3161876501735865,0.3428064808760147,0.0,0.0,0.0,0.2482987636990349,0.0,0.3241964495610026,0.0,0.0,0.0,0.0,0.0,0.0,0.5269447913866868,0.1758667065680056,0.0,0.0,0.0,0.253656966766961,0.3694001658573144,0.2917281724812272,0.4204754668082667,0.0,0.3840700235119849,0.4187623391634958,0.4633741064478468,0.3290300623667113,0.1968445251342586,0.0,0.117574867750677
0.3060731771869755,0.3456741843616271,0.0,0.0,0.2807157695672189,0.1768859213865241,0.3331619513419131,0.1628527673399643,0.2133906603181666,0.2785025996464791,0.0,0.0,0.3390007708895947,0.0,0.2640313136574628,0.0,0.4160520127390302,0.5495011189045252,0.0,0.2814866790913977,0.3058218925211333,0.18323494440948,0.1895855946999586,0.113868109785802,0.4157188154607694,0.3922390748922693,0.2719319065909999,0.2942920557575953,0.235031477340611,0.0221378505697408,0.3743394397272674,0.1579333514167661,0.1673403980399802,0.1055111786459239,0.0,0.0,0.0,0.0,0.1662329966348635,0.0130968132871385,0.1434631628464673,0.0,0.0,0.0,0.0,0.3965943482770105,0.3468663730152956,0.0,0.0,0.0,0.0,0.0,0.0,0.0,0.0,0.0,0.0,0.0,0.0,0.1807254481308126,0.373575954055566,0.0,0.415361131224005,0.0,0.1085270352899997,0.2253658859513998,0.253254800257436,0.0,0.0,0.3674657668757753,0.3789680640360185,0.2770706095497146,0.0,0.0,0.0,0.2359440400691573
0.2305891256919535,0.0,0.0,0.0,0.0,0.0,0.3769091910741889,0.0,0.0,0.4421126226506413,0.0,0.2942963333068004,0.3806105687016926,0.0,0.0,0.4160520127390302,0.0,0.5262500172889907,0.0,0.3389237250123043,0.0,0.0529155790691038,0.0,0.2435522901922268,0.5601299527970326,0.4802084689649696,0.0,0.2596368936331664,0.1590317766704836,0.0,0.3736499179016734,0.2311645587965467,0.2642781964944441,0.1252755806528667,0.0,0.0,0.0,0.3877318642928369,0.3459503200363712,0.1091235441287601,0.1221891832941313,0.0,0.0,0.0,0.0,0.0,0.0,0.0,0.0,0.0,0.0,0.0,0.0,0.0,0.2924858914565566,0.0,0.4638871808626443,0.0,0.0,0.0,0.0,0.5853538861432241,0.2713012639164893,0.0,0.0,0.0,0.0,0.0,0.2609868405541683,0.4577289460420204,0.5111686273464202,0.0,0.0,0.0,0.0,0.2710279303888272
0.3014509644342417,0.3787624371985433,0.0,0.0,0.0,0.2710449003152738,0.396330589382488,0.2476519089994539,0.0,0.2563314504176343,0.0,0.0922996164897426,0.4339473781376975,0.0,0.365689502926899,0.5495011189045252,0.5262500172889907,0.0,0.0,0.3582414972143728,0.3548362221805742,0.1264101506976709,0.3023821697302281,0.1863736045907719,0.5142174858510781,0.5060287756802843,0.3837931152119323,0.3859495366797532,0.3573377144638195,0.0,0.3635203285949203,0.0431955462800681,0.0927570182745531,0.0758893467099159,0.0,0.0,0.0,0.0,0.122013329571077,0.0,0.12888063720734,0.0,0.0,0.0,0.0,0.4343883764314242,0.4877849017840263,0.0,0.0,0.0,0.0,0.0,0.0,0.0,0.0896839740579678,0.0,0.272936247377419,0.0,0.0,0.0,0.3574447777328056,0.5454462760417841,0.4712020281170848,0.0,0.0,0.0,0.2531614775414477,0.0,0.0890609431573463,0.4787341716242163,0.4929362251212324,0.0,0.0,0.0,0.0,0.1977727987368938
0.0,0.0,0.5099036072952465,0.0853789695933977,0.248461053714035,0.2585706964018043,0.2971739697015442,0.2111724030360786,0.401605915191591,0.1664408454157346,0.4800148994062119,0.0,0.2793169218215119,0.0,0.0,0.0,0.0,0.0,0.0,0.0,0.0,0.0,0.2715574036729167,0.0,0.0,0.0,0.3223532925816399,0.2411929515154615,0.0,0.0,0.0,0.0172043035101055,0.0,0.0,0.0,0.0759045089227788,0.068575703248014,0.0,0.0,0.0,0.0,0.0,0.0,0.0,0.0,0.0,0.0,0.4871724176867422,0.0,0.3615475685428277,0.0847044063254114,0.3549239879893251,0.2532008910797141,0.4013745893768507,0.0,0.4684151947465684,0.0,0.0,0.0,0.0,0.0,0.0,0.0,0.5213155747871381,0.0,0.0,0.0,0.3119349154206883,0.0,0.0,0.0,0.1553921427240336,0.0,0.0,0.0,0.0
0.4173739754568316,0.2342667246941739,0.0,0.0235635371150788,0.2816131611079973,0.1385923746538462,0.2823326293217191,0.1748659745550252,0.3855467817386336,0.0,0.0,0.0,0.2870982729214058,0.0,0.5454109832319223,0.2814866790913977,0.3389237250123043,0.3582414972143728,0.0,0.0,0.3073958183135264,0.4323582476621934,0.214686591624954,0.0,0.3425608307836258,0.3557033180430323,0.3935357781761668,0.4698294160442128,0.3890095015297778,0.1952254106704067,0.3369280722299548,0.1021669115541334,0.0,0.0,0.0,0.0,0.0,0.0,0.0794662459651166,0.0,0.1933755843777838,0.0,0.0,0.0,0.0,0.0,0.2614445524891872,0.0,0.0,0.0,0.1110141413144986,0.0,0.2526633869313702,0.0,0.0,0.0,0.0,0.2939520271579164,0.0,0.3926618706452003,0.0,0.0,0.0,0.0,0.3745878865673964,0.3862342720249228,0.3779614806298194,0.3026204459320719,0.0,0.0,0.389206710915194,0.4073197122662593,0.4404660932963344,0.2798492250462662,0.0,0.2948131012024877
0.3044270028438768,0.2430958779378852,0.0,0.0,0.0,0.4387117217309405,0.0,0.4665211970942241,0.0,0.1600405491019777,0.0,0.0,0.3865486691860533,0.0797638297169644,0.3813163204779459,0.3058218925211333,0.0,0.3548362221805742,0.0,0.3073958183135264,0.0,0.1590485077284468,0.4648979728665856,0.121057139444934,0.3058535357438529,0.3429784355402292,0.4138560606754268,0.1996402245766412,0.4840046028104664,0.1354571428123993,0.1602243081098412,0.0,0.0,0.0,0.0,0.0,0.0,0.0,0.0,0.0,0.0746734810146607,0.0,0.0,0.0,0.0,0.3494503095387594,0.3405349824305662,0.0,0.0,0.0,0.3890773174554511,0.0,0.4533363617191714,0.0,0.0,0.0,0.0,0.0,0.0,0.2627757528419486,0.1522867790104397,0.0,0.0,0.0,0.0463605487284647,0.5265161775107156,0.1613776259217364,0.4232381279317974,0.0,0.3666827539965973,0.3106280797030606,0.322769194154711,0.2564392322981519,0.1384559002358419,0.0,0.0242480084061122
0.518254796787834,0.4196585691275281,0.0,0.0,0.0,0.0729763899898429,0.0,0.0720242711559768,0.0,0.1239846665998046,0.0,0.0,0.0,0.0,0.3007983330969716,0.18323494440948,0.0529155790691038,0.1264101506976709,0.0,0.4323582476621934,0.1590485077284468,0.0,0.0154548405130014,0.0,0.2221513166297498,0.3423362855772316,0.0870406257166921,0.3205548129778646,0.1963590036826773,0.2781687366524467,0.2671028628375458,0.0,0.0,0.1793241497975669,0.0507073268989717,0.0389265510815507,0.152817112648537,0.0,0.009425917752921,0.0,0.4302955569808236,0.0,0.0,0.0,0.0,0.1995049247043306,0.0,0.0,0.0,0.0,0.0,0.0,0.0,0.0,0.0,0.0,0.0,0.0,0.0,0.2864753698894281,0.2414507636462702,0.0,0.3362943513283032,0.0,0.5513114637382556,0.1501275622353827,0.5699005208452922,0.0,0.0,0.2251713630204193,0.2695429744819989,0.2823474648075006,0.3165268655561894,0.3403018555818907,0.0,0.1399435070407821
0.206014223089763,0.2601098177774312,0.3062663724376751,0.3081891962492169,0.3017483753335826,0.6284177430285418,0.4115721938520003,0.5669868500173306,0.3684663965186154,0.1193311317517407,0.1593381090766312,0.0151436466531394,0.355507763575787,0.0,0.3641145420327243,0.1895855946999586,0.0,0.3023821697302281,0.2715574036729167,0.214686591624954,0.4648979728665856,0.0154548405130014,0.0,0.1015169750656137,0.327845125856734,0.3880489981474594,0.5025830844743481,0.1017382294687976,0.4798058334661639,0.0,0.0,0.0,0.0649834996673243,0.0,0.0,0.0,0.0,0.0,0.0,0.0,0.0314221054672945,0.0,0.0,0.0,0.0,0.0,0.4176809435696536,0.4149616016734944,0.0,0.1310785205467589,0.4990944594647233,0.4450332330453975,0.4740504195744607,0.420843244027227,0.0,0.3200337725951646,0.0,0.4694222577367665,0.0,0.2627735495443484,0.0,0.0,0.0,0.3167994859854173,0.0,0.3376542756108908,0.0391855597842261,0.5729652072665998,0.0,0.0,0.3786542293603759,0.35413739185503,0.0847316991637895,0.0351947099959111,0.0,0.0
0.2084001467580521,0.0,0.0,0.0,0.0,0.0,0.1127294453255119,0.1245656396872607,0.0,0.155763762303983,0.0570793741306339,0.1698565428966664,0.1343792108878093,0.0,0.1924489951300086,0.113868109785802,0.2435522901922268,0.1863736045907719,0.0,0.0,0.121057139444934,0.0,0.1015169750656137,0.0,0.2386819098397446,0.3389638143047598,0.072309176077237,0.1499722223715512,0.0,0.0,0.296717159201339,0.0,0.0757746846491302,0.3053696939798633,0.1358810137142402,0.0,0.0,0.2960524615143819,0.1372544766398153,0.0201407847690004,0.2925108951489158,0.0792067336853364,0.0,0.0,0.2957663761592916,0.2480776734899939,0.1077743760339139,0.0,0.0,0.0,0.0,0.0,0.0,0.0,0.0807886508488481,0.0,0.2691021576347842,0.0,0.0,0.0,0.3044235228646251,0.3058903402292106,0.335382864123178,0.0,0.0,0.0,0.0,0.0,0.5261634201377173,0.2251129912447141,0.3629825544662699,0.0,0.2380070740882399,0.0,0.0,0.1739914408571192
0.3797637799294473,0.5613267942902016,0.0,0.0,0.2111079520067483,0.3434540239588532,0.3635525069447673,0.2054027292095658,0.4022555747341129,0.2814702358396224,0.0,0.0748752120205654,0.3162340030795404,0.0,0.3566640806647982,0.4157188154607694,0.5601299527970326,0.5142174858510781,0.0,0.3425608307836258,0.3058535357438529,0.2221513166297498,0.327845125856734,0.2386819098397446,0.0,0.59243136545576,0.4388588460598664,0.1877973286732896,0.2576359092169477,0.0,0.3497699186119823,0.0539330684295464,0.116426783130644,0.161361828893384,0.0,0.0,0.0,0.2798044578680119,0.2156806732780077,0.0,0.2393283532420734,0.0,0.0,0.0,0.2951361129833599,0.3813738191436964,0.5374001492192172,0.0,0.0,0.0,0.0,0.0,0.0,0.0,0.1165204785630312,0.0,0.26055771635868,0.0,0.0,0.2413029632602814,0.4542223671771961,0.5636168255522033,0.3682460039591151,0.0,0.188339596271102,0.2198113837462376,0.3767144013035652,0.0,0.1640996360920133,0.6306702482478794,0.5698047097342948,0.0,0.0,0.4010488119192207,0.0,0.1548132979228857
0.4775323919275804,0.6006290679022475,0.0,0.0,0.1542363577573624,0.3949835729996854,0.2820213675260021,0.3350013122232422,0.325263041643344,0.2604591817975065,0.0,0.0931384759632281,0.2732150908191512,0.0,0.399335200099487,0.3922390748922693,0.4802084689649696,0.5060287756802843,0.0,0.3557033180430323,0.3429784355402292,0.3423362855772316,0.3880489981474594,0.3389638143047598,0.59243136545576,0.0,0.3819915280268329,0.263775200031894,0.3576075176515645,0.0,0.3174000191338422,0.0,0.0,0.1886430439991673,0.0,0.0,0.0,0.2044954591233735,0.0747339535308327,0.0,0.3307266357720459,0.0,0.0,0.0,0.2696886286099982,0.4243466197303231,0.4355199846752343,0.0,0.0,0.0,0.3523005206871655,0.0,0.0,0.0,0.0614933076482225,0.0,0.2512085729191665,0.0,0.0,0.3021022269291842,0.3824931755943786,0.5180952252035207,0.445968912382972,0.0,0.2783577220703798,0.2039656661670744,0.4644936187072707,0.2355681791654708,0.2092890674184287,0.5836989576804014,0.6274381124614519,0.4632093510031597,0.0,0.4078752298883583,0.0,0.0870111240722551
0.2415262196115317,0.2520509454148689,0.4687460362111172,0.3884953272513847,0.3881762488639341,0.4467004094565476,0.4786613017573314,0.3184283909204848,0.5672871223099366,0.1452024680761702,0.3077702028284707,0.0,0.4232036445279472,0.0,0.5046932266644978,0.2719319065909999,0.0,0.3837931152119323,0.3223532925816399,0.3935357781761668,0.4138560606754268,0.0870406257166921,0.5025830844743481,0.072309176077237,0.4388588460598664,0.3819915280268329,0.0,0.2138926875654671,0.4260339471235798,0.0,0.1304422443875808,0.0,0.0925524289112058,0.0,0.0,0.0,0.0,0.0,0.0,0.0,0.0,0.0,0.0,0.0,0.0,0.0,0.5077514567223363,0.5307826574002773,0.0,0.2397139602220492,0.4707238795363386,0.5140023562905114,0.4117625752979064,0.5418943011187719,0.0,0.3567615854964849,0.0,0.5116559658673203,0.0,0.3417804087299659,0.0,0.0,0.0,0.393110746313945,0.0,0.4084221317765743,0.1036815231960502,0.5643539798294084,0.0,0.0,0.4037608714523629,0.5589133259677448,0.2154429324299401,0.1297889525983113,0.0,0.0728249975890019
0.2823234464347395,0.1340391754198918,0.2968709907038567,0.0413249035458205,0.3122482148689278,0.0409087461107844,0.2378450331025018,0.1415580119977343,0.2831726386193992,0.3143992212336036,0.3282476182898335,0.1992587952442742,0.3805080404251935,0.0,0.3964717063786926,0.2942920557575953,0.2596368936331664,0.3859495366797532,0.2411929515154615,0.4698294160442128,0.1996402245766412,0.3205548129778646,0.1017382294687976,0.1499722223715512,0.1877973286732896,0.263775200031894,0.2138926875654671,0.0,0.293711664111469,0.2582304131997508,0.3129061469485432,0.1444310783362603,0.0,0.0,0.0,0.1199469513736278,0.0476223947928663,0.1212959374038043,0.0398726343544931,0.0,0.0624533651306575,0.0,0.0935049554013454,0.0,0.0,0.0,0.0,0.2706525661984438,0.0,0.0,0.0,0.0,0.2271798004978971,0.0,0.0,0.0,0.2098061601066739,0.0,0.0,0.2781801554893391,0.0,0.0,0.0,0.0,0.270601246316131,0.2476180087194796,0.2473490618893058,0.1874102559264681,0.0,0.0,0.0,0.2067020218150026,0.4475803505049687,0.1955458539827791,0.0,0.2697665964384805
0.2927423587655963,0.2266921232233181,0.3193866954718609,0.0,0.2948832387759023,0.4540219112123066,0.3508868570183793,0.456621942084369,0.2965249067890585,0.0,0.0,0.0,0.3417138791363731,0.0,0.4371405426710866,0.235031477340611,0.1590317766704836,0.3573377144638195,0.0,0.3890095015297778,0.4840046028104664,0.1963590036826773,0.4798058334661639,0.0,0.2576359092169477,0.3576075176515645,0.4260339471235798,0.293711664111469,0.0,0.2012603701244724,0.0563912784650803,0.0,0.0,0.0,0.0,0.0,0.0,0.0,0.0,0.0,0.0982532078296536,0.0,0.0,0.0,0.0,0.0,0.2960092867155804,0.0,0.0,0.0,0.2996904937343475,0.0,0.4050832246337104,0.0,0.0,0.0,0.0,0.4046724382977268,0.0,0.29688803522438,0.0,0.0,0.0,0.0,0.1123086944084737,0.4348218252724031,0.171945865831126,0.4436536421574019,0.0,0.0,0.3133243966934955,0.3111892635561165,0.2369560709344206,0.1160369279323648,0.0,0.0437880312999307
0.0,0.0,0.0532084378574216,0.0,0.0,0.0,0.0,0.1275768778024618,0.0,0.0,0.0,0.0,0.0,0.0,0.0714986957027032,0.0221378505697408,0.0,0.0,0.0,0.1952254106704067,0.1354571428123993,0.2781687366524467,0.0,0.0,0.0,0.0,0.0,0.2582304131997508,0.2012603701244724,0.0,0.1094592202352826,0.0,0.0,0.0,0.1622127720993711,0.0,0.0,0.0,0.0,0.0,0.0,0.0,0.0,0.0,0.0,0.0,0.0,0.0,0.0,0.0,0.0,0.0,0.0,0.0,0.0,0.0,0.0,0.0,0.0,0.0,0.0,0.0,0.0,0.0,0.2194693839014602,0.0,0.0,0.0,0.0,0.0,0.0,0.0,0.0,0.0242129150260975,0.0,0.0
0.2983809266711377,0.2723721044604449,0.105668261715007,0.0115666372129238,0.1061351985966208,0.0,0.0666196006164351,0.0,0.1530066117762052,0.1719241189633372,0.0158168781194449,0.0314417071124319,0.1338201919332227,0.0833762360104089,0.2167172413012407,0.3743394397272674,0.3736499179016734,0.3635203285949203,0.0,0.3369280722299548,0.1602243081098412,0.2671028628375458,0.0,0.296717159201339,0.3497699186119823,0.3174000191338422,0.1304422443875808,0.3129061469485432,0.0563912784650803,0.1094592202352826,0.0,0.1279117803659014,0.0194173161758521,0.2795221564672301,0.0371466852291363,0.0,0.0,0.269203613832059,0.1905382275897978,0.0,0.2554957591170826,0.0516703721687033,0.0,0.0,0.0,0.2588421292948634,0.1733594440141248,0.0,0.0,0.0,0.0955534432897763,0.0,0.0271159465896913,0.0,0.0464130995180749,0.0,0.1448402568953848,0.0,0.0,0.0806721346238698,0.3138509876881925,0.47608038315052,0.4492131290156501,0.0,0.3351365580207186,0.2093229637421631,0.3435198663870014,0.0682009254767747,0.2818673643115627,0.3142822260829996,0.3182179182253818,0.3047383650636058,0.4138938788892884,0.4518244046500026,0.0,0.31683671178432
0.0,0.0,0.0839379191995642,0.0171944711120237,0.0805388835882053,0.0,0.1280437055614613,0.0,0.0344726720195898,0.3937069933955462,0.0,0.44887571968654,0.1831794330351276,0.0,0.0,0.1579333514167661,0.2311645587965467,0.0431955462800681,0.0172043035101055,0.1021669115541334,0.0,0.0,0.0,0.0,0.0539330684295464,0.0,0.0,0.1444310783362603,0.0,0.0,0.1279117803659014,0.0,0.2754724790163813,-0.0179184925982801,0.0,0.1543753792458186,0.0,0.3014861267803141,0.5242307631434419,0.3988848529537277,0.0134157326459773,0.3075750692001307,0.0,0.0,0.1629762095442683,0.0345808651216189,0.081843629472625,0.0466311394351465,0.0,0.0,0.0,0.020677217880121,0.0639640270473096,0.0,0.4959190887833611,0.0,0.3714947500425825,0.0567886235115509,0.0,0.0306970092766593,0.2192220886775497,0.1099173583501191,0.0,0.020205045131824,0.0,0.0,0.016439915469384,0.043498969731153,0.1994136806087952,0.0,0.0572906330971173,0.0,0.0824126581675408,0.0225828382483945,0.1775890276152544,0.3934441361752558
0.0,0.0,0.0,0.0,0.1471184782672305,0.0517780679474547,0.2867639859792847,0.0,0.1730671682783141,0.2984409151292083,0.0,0.3324554988503377,0.2561818612582263,0.0,0.0,0.1673403980399802,0.2642781964944441,0.0927570182745531,0.0,0.0,0.0,0.0,0.0649834996673243,0.0757746846491302,0.116426783130644,0.0,0.0925524289112058,0.0,0.0,0.0,0.0194173161758521,0.2754724790163813,0.0,0.1528170248340744,0.0,0.0,0.0,0.2894791544773625,0.3668483547788514,0.5432563140213379,0.0,0.2692675119531868,0.0,0.0,0.184681385286987,0.1122411850968862,0.3007563697248946,0.0,0.0,0.0,0.0,0.0,0.0,0.0,0.3444812457431169,0.0,0.3263753536525317,0.0,0.0,0.0376562174535576,0.2040744280844875,0.1037889314309957,0.0,0.0,0.0,0.0,0.0,0.1412300286584322,0.2048860154328835,0.0427827775829366,0.1104856028495889,0.0,0.0,0.0,0.0,0.1128605614303083
0.1085137765180529,0.2460518163474163,0.0,0.0,0.0,0.0,0.0,0.0,0.0,0.0,0.0,0.0,0.0,0.0888549028278515,0.0,0.1055111786459239,0.1252755806528667,0.0758893467099159,0.0,0.0,0.0,0.1793241497975669,0.0,0.3053696939798633,0.161361828893384,0.1886430439991673,0.0,0.0,0.0,0.0,0.2795221564672301,-0.0179184925982801,0.1528170248340744,0.0,0.2148045985835484,0.0,0.0,0.3014632306770286,0.1498236165169885,0.0835312382639444,0.335566936534654,0.2451726488008299,0.0223886850916947,0.0318729909778,0.2631883732424505,0.0829155195955049,0.0,0.0,0.0,0.0,0.0083367011360001,0.0,0.0,0.0,0.0,0.0,0.0,0.0,0.0,0.0708216992535503,0.1619313847673126,0.1736904800054331,0.166320833752257,0.0,0.2435953883166478,0.0,0.265166516338653,0.0,0.2817577175358297,0.1301293081632353,0.1287351804757207,0.1118725192173095,0.0551982195096568,0.2756206225511779,0.0,0.0500177315956472
0.0,0.0,0.0,0.0,0.0,0.0,0.0,0.021109634184008,0.0,0.0,0.0068055553735712,0.0,0.0,0.0,0.0,0.0,0.0,0.0,0.0,0.0,0.0,0.0507073268989717,0.0,0.1358810137142402,0.0,0.0,0.0,0.0,0.0,0.1622127720993711,0.0371466852291363,0.0,0.0,0.2148045985835484,0.0,0.0386011094175923,0.2615448237732765,0.0,0.0,0.0,0.1242928883280547,0.0,0.2317711875540749,0.273614493295188,0.0,0.0,0.0,0.0,0.0,0.0,0.0,0.0,0.0,0.0,0.0,0.0,0.0,0.0,0.0,0.0,0.0,0.0,0.0648500345661996,0.0,0.0743992735910056,0.0,0.0,0.0,0.0,0.0,0.0,0.0,0.0064918863889261,0.0,0.0,0.0
0.0,0.0,0.0,0.0,0.0,0.0,0.0,0.0,0.0,0.135370987374784,0.0602026120338142,0.1887907220739627,0.0,0.0774166823013989,0.0,0.0,0.0,0.0,0.0759045089227788,0.0,0.0,0.0389265510815507,0.0,0.0,0.0,0.0,0.0,0.1199469513736278,0.0,0.0,0.0,0.1543753792458186,0.0,0.0,0.0386011094175923,0.0,0.295366644069001,0.0,0.0,0.1222480519785662,0.0,0.0598458055061402,0.2398203027409027,0.0,0.0,0.0,0.0,0.0,0.0,0.1119123719311799,0.0,0.0,0.0,0.0,0.0,0.0,0.0738330123503787,0.0,0.1132185357006385,0.0,0.0,0.0,0.0,0.0,0.0053205095964252,0.0,0.0,0.0,0.0,0.0,0.0,0.0,0.0295700269143321,0.0,0.0,0.0
0.0,0.0,0.0,0.0,0.0,0.0,0.0,0.0,0.0,0.0,0.0439555498066385,0.0,0.0,0.2844222447449685,0.0,0.0,0.0,0.0,0.068575703248014,0.0,0.0,0.152817112648537,0.0,0.0,0.0,0.0,0.0,0.0476223947928663,0.0,0.0,0.0,0.0,0.0,0.0,0.2615448237732765,0.295366644069001,0.0,0.0,0.0,0.0,0.0165658885089179,0.0,0.3506902233684196,0.2101928788899339,0.0,0.0,0.0,0.0,0.0,0.0,0.0,0.0,0.0,0.0,0.0,0.0,0.0,0.0,0.0,0.0,0.0,0.0,0.0,0.0,0.0,0.0,0.0,0.0,0.0,0.0,0.0,0.0,0.0,0.0,0.0,0.0
0.0729151476920577,0.0,0.0,0.0,0.0850921952840607,0.0,0.180512889000403,0.0,0.2721056108395713,0.3152461804652751,0.0890960403335405,0.2941924342195793,0.1989740971637814,0.0,0.0,0.0,0.3877318642928369,0.0,0.0,0.0,0.0,0.0,0.0,0.2960524615143819,0.2798044578680119,0.2044954591233735,0.0,0.1212959374038043,0.0,0.0,0.269203613832059,0.3014861267803141,0.2894791544773625,0.3014632306770286,0.0,0.0,0.0,0.0,0.4198558570813306,0.29334312036168,0.1757090974692162,0.3071787787012203,0.0,0.0,0.4193553643717324,0.0,0.0,0.0,0.0,0.0,0.0,0.0,0.0,0.0,0.3240524330308049,0.0,0.3524740642418374,0.0,0.0,0.0,0.0,0.0,0.0,0.0,0.0,0.0,0.0,0.0,0.4130050999465924,0.1742283057307415,0.3060575830089232,0.0,0.0,0.0,0.0,0.3179347649740482
0.0145944667064104,0.1351621507112502,0.0636109096491702,0.0,0.0,0.0,0.0,0.0,0.0583331437997114,0.3711364152184476,0.0,0.4116699020355138,0.1305912276827431,0.0,0.0,0.1662329966348635,0.3459503200363712,0.122013329571077,0.0,0.0794662459651166,0.0,0.009425917752921,0.0,0.1372544766398153,0.2156806732780077,0.0747339535308327,0.0,0.0398726343544931,0.0,0.0,0.1905382275897978,0.5242307631434419,0.3668483547788514,0.1498236165169885,0.0,0.0,0.0,0.4198558570813306,0.0,0.4343935860877753,0.1352038976176833,0.3793818291379955,0.0,0.0,0.299818922325352,0.0784353863126047,0.1729537059595735,0.0,0.0,0.1330945612337927,0.0,0.0,0.0,0.0074465498836884,0.4186403991428932,0.0,0.3840479847759689,0.0692996392988531,0.2529326680404906,0.0042719128164203,0.3532372966044732,0.2283675477282059,0.0,0.0,0.0934744845917566,0.0,0.1591706858648724,0.0,0.3357188559796219,0.071213921067863,0.1672565637733314,0.0,0.0732011705087642,0.2135788904264492,0.3068682553985832,0.374819360229106
0.0,0.0,0.0,0.0,0.0,0.0,0.0,0.0,0.0,0.3275963695777871,0.0,0.4514345253825362,0.0,0.0,0.0,0.0130968132871385,0.1091235441287601,0.0,0.0,0.0,0.0,0.0,0.0,0.0201407847690004,0.0,0.0,0.0,0.0,0.0,0.0,0.0,0.3988848529537277,0.5432563140213379,0.0835312382639444,0.0,0.1222480519785662,0.0,0.29334312036168,0.4343935860877753,0.0,0.0,0.40558614370016,0.0,0.0,0.1641457954186618,0.010307031934233,0.0643278239720835,0.0,0.0,0.1991520481560355,0.0,0.0813743847622111,0.0,0.0,0.4682743008005066,0.0,0.3363637875920932,0.0121831533719133,0.0,0.0,0.1467844940475203,0.0,0.0,0.0,0.0,0.0,0.0,0.0,0.2553629571348762,0.0,0.0,0.0,0.0,0.0,0.1038756485395559,0.221333169091055
0.3792754331408777,0.4528261477089759,0.0,0.0,0.0,0.0687017625109574,0.0,0.0746221331628452,0.0,0.0,0.0,0.0,0.0,0.0,0.1044923550767737,0.1434631628464673,0.1221891832941313,0.12888063720734,0.0,0.1933755843777838,0.0746734810146607,0.4302955569808236,0.0314221054672945,0.2925108951489158,0.2393283532420734,0.3307266357720459,0.0,0.0624533651306575,0.0982532078296536,0.0,0.2554957591170826,0.0134157326459773,0.0,0.335566936534654,0.1242928883280547,0.0,0.0165658885089179,0.1757090974692162,0.1352038976176833,0.0,0.0,0.1217048275007325,0.178420755447013,0.2328748734419162,0.252989157988008,0.2266946838617225,0.0,0.0,0.0,0.0272719828512526,0.0684273588159876,0.0,0.0,0.0971984420118829,0.0,0.0,0.0430936570433655,0.0,0.1000633927437762,0.0387800241135772,0.2996034945842736,0.2557008525919096,0.3616967020928019,0.0,0.4155787749272774,0.090448847761404,0.4089767830928741,0.0,0.2348324334973023,0.2373864523864283,0.2725549076677988,0.2623147563023,0.2260696319036276,0.3774471394759187,0.2588921267539499,0.23731233737782
0.0,0.0,0.0,0.0,0.0,0.0,0.0,0.0,0.0,0.1794064008988193,0.0,0.2676102155696735,0.0,0.0,0.0,0.0,0.0,0.0,0.0,0.0,0.0,0.0,0.0,0.0792067336853364,0.0,0.0,0.0,0.0,0.0,0.0,0.0516703721687033,0.3075750692001307,0.2692675119531868,0.2451726488008299,0.0,0.0598458055061402,0.0,0.3071787787012203,0.3793818291379955,0.40558614370016,0.1217048275007325,0.0,0.0111826240814195,0.0,0.180040637176319,0.0,0.0,0.0,0.1397713532453221,0.089067163743741,0.0,0.0,0.0,0.0,0.2732944470353717,0.0,0.1932353890011914,0.0,0.1668772977587647,0.0,0.1707661992726863,0.0,0.0,0.0,0.0293971122116739,0.0,0.0389844619977351,0.0,0.2336631712710863,0.0,0.0,0.0,0.006870191920618,0.0,0.2099625513215242,0.2451958114597318
0.0,0.0,0.0,0.0,0.0,0.0,0.0,0.0,0.0,0.0,0.0,0.0,0.0,0.3497677374800124,0.0,0.0,0.0,0.0,0.0,0.0,0.0,0.0,0.0,0.0,0.0,0.0,0.0,0.0935049554013454,0.0,0.0,0.0,0.0,0.0,0.0223886850916947,0.2317711875540749,0.2398203027409027,0.3506902233684196,0.0,0.0,0.0,0.178420755447013,0.0111826240814195,0.0,0.3235397446175161,0.0,0.0,0.0,0.0,0.3698349558384598,0.0,0.0,0.0,0.0,0.0,0.0,0.0,0.0,0.0,0.2924947734153958,0.0,0.0,0.0,0.0,0.0,0.2676808775127874,0.0,0.1392695057688864,0.0,0.0038119578361681,0.0,0.0,0.0,0.1721364283592393,0.076985327502204,0.0,0.0574277905690177
0.0,0.0,0.0,0.0,0.0,0.0,0.0,0.0,0.0,0.0,0.0,0.0,0.0,0.0,0.0,0.0,0.0,0.0,0.0,0.0,0.0,0.0,0.0,0.0,0.0,0.0,0.0,0.0,0.0,0.0,0.0,0.0,0.0,0.0318729909778,0.273614493295188,0.0,0.2101928788899339,0.0,0.0,0.0,0.2328748734419162,0.0,0.3235397446175161,0.0,0.0,0.0,0.0,0.0,0.0,0.0,0.0392619583556581,0.0,0.0006741956599095,0.0,0.0,0.1335217362085067,0.0,0.0,0.0,0.0,0.0,0.0,0.0,0.0,0.0,0.0,0.0,0.0,0.0,0.0,0.0,0.1740070930418141,0.1835805452277741,0.1553351928924701,0.0,0.0
0.0,0.0,0.0,0.0,0.0,0.0,0.0,0.0,0.0,0.2311477408390104,0.0,0.1893652755930595,0.0,0.0,0.0,0.0,0.0,0.0,0.0,0.0,0.0,0.0,0.0,0.2957663761592916,0.2951361129833599,0.2696886286099982,0.0,0.0,0.0,0.0,0.0,0.1629762095442683,0.184681385286987,0.2631883732424505,0.0,0.0,0.0,0.4193553643717324,0.299818922325352,0.1641457954186618,0.252989157988008,0.180040637176319,0.0,0.0,0.0,0.2146336939523858,0.0,0.0,0.0,0.1561164345464367,0.0,0.0903805404323254,0.0,0.3209523797101652,0.2131820661326032,0.082080797789995,0.2729216173298173,0.2013699924409835,0.0,0.0,0.0,0.3005178942231598,0.1013173792918707,0.0,0.0,0.0,0.0,0.0,0.3365966138089635,0.2527259664480005,0.3348399651247888,0.0,0.1471008761355752,0.0,0.0,0.2577342431513225
0.4224705894533313,0.3603641855881174,0.0,0.0,0.0,0.0,0.0,0.0,0.0,0.2190952209468902,0.0,0.0,0.0,0.0,0.3161876501735865,0.3965943482770105,0.0,0.4343883764314242,0.0,0.0,0.3494503095387594,0.1995049247043306,0.0,0.2480776734899939,0.3813738191436964,0.4243466197303231,0.0,0.0,0.0,0.0,0.2588421292948634,0.0345808651216189,0.1122411850968862,0.0829155195955049,0.0,0.0,0.0,0.0,0.0784353863126047,0.010307031934233,0.2266946838617225,0.0,0.0,0.0,0.2146336939523858,0.0,0.319493150446492,0.0,0.0,0.0,0.2447390966992624,0.0,0.1698157105834621,0.0,0.1170599876444782,0.0,0.1796118206060714,0.3398433863832897,0.0424255981081782,0.2177068786194235,0.3434144721127886,0.3893232217334376,0.4039488723978592,0.0,0.1568120976540487,0.3364329125359751,0.2704920944895085,0.2759230250307964,0.1674717417801686,0.3800540439203724,0.4433919742458816,0.3681271808684598,0.2569533108536452,0.285971831148525,0.0,0.2188384431323495
0.1397312952128588,0.3164384612359605,0.0,0.0,0.0,0.0,0.0,0.0,0.0,0.0,0.0,0.0,0.0,0.0,0.3428064808760147,0.3468663730152956,0.0,0.4877849017840263,0.0,0.2614445524891872,0.3405349824305662,0.0,0.4176809435696536,0.1077743760339139,0.5374001492192172,0.4355199846752343,0.5077514567223363,0.0,0.2960092867155804,0.0,0.1733594440141248,0.081843629472625,0.3007563697248946,0.0,0.0,0.0,0.0,0.0,0.1729537059595735,0.0643278239720835,0.0,0.0,0.0,0.0,0.0,0.319493150446492,0.0,0.0,0.0,0.0,0.4540134706088293,0.4054931372684258,0.3834577424221959,0.4367191747509001,0.1745022742474717,0.0,0.0,0.5565762503435021,0.0,0.2364689751421619,0.3083849512178687,0.4538237226685195,0.1656520353777066,0.0,0.0,0.2370289214881699,0.1240481162517714,0.4551894669890669,0.0,0.5234213131802214,0.486958059971754,0.3907747682187485,0.1586210938232218,0.1654829843850239,0.0,0.0965816623087167
0.0,0.0,0.6059566210365386,0.0,0.4214792823504539,0.3164212877932686,0.0,0.2671583022852007,0.548489371088603,0.0,0.4361338505867614,0.0,0.4321754315596017,0.0,0.0,0.0,0.0,0.0,0.4871724176867422,0.0,0.0,0.0,0.4149616016734944,0.0,0.0,0.0,0.5307826574002773,0.2706525661984438,0.0,0.0,0.0,0.0466311394351465,0.0,0.0,0.0,0.0,0.0,0.0,0.0,0.0,0.0,0.0,0.0,0.0,0.0,0.0,0.0,0.0,0.0,0.3577847085502973,0.2905837272499457,0.4870101880522768,0.3935929298327283,0.5384733885041973,0.1787455486829733,0.4630864411314305,0.0,0.4483419646287995,0.0022480942837062,0.0,0.0,0.0,0.0,0.4981136691478938,0.0,0.4022339021927171,0.0,0.5324240542173475,0.0,0.0,0.2472684851008862,0.3433513218628607,0.2427102862386657,0.0,0.0,0.1289509713914696
0.0,0.0,0.0,0.0,0.0,0.0,0.0,0.0,0.0,0.0,0.0,0.0,0.0,0.0,0.0,0.0,0.0,0.0,0.0,0.0,0.0,0.0,0.0,0.0,0.0,0.0,0.0,0.0,0.0,0.0,0.0,0.0,0.0,0.0,0.0,0.0,0.0,0.0,0.0,0.0,0.0,0.1397713532453221,0.3698349558384598,0.0,0.0,0.0,0.0,0.0,0.0,0.1653043651381791,0.0,0.0,0.0,0.0,0.1181543723123221,0.0,0.0,0.0,0.3006804099798215,0.0,0.0,0.0,0.0,0.0,0.0,0.0,0.0,0.0,0.0,0.0,0.0,0.0,-0.0112937512442829,0.0,0.0,0.0495005032254161
0.0,0.0,0.3301148267612301,0.0,0.0,0.0816579412531075,0.0,0.0583518842858408,0.3154657375424062,0.0,0.3329753342721988,0.0,0.0,0.0,0.0,0.0,0.0,0.0,0.3615475685428277,0.0,0.0,0.0,0.1310785205467589,0.0,0.0,0.0,0.2397139602220492,0.0,0.0,0.0,0.0,0.0,0.0,0.0,0.0,0.1119123719311799,0.0,0.0,0.1330945612337927,0.1991520481560355,0.0272719828512526,0.089067163743741,0.0,0.0,0.1561164345464367,0.0,0.0,0.3577847085502973,0.1653043651381791,0.0,0.0888694155432234,0.4124958348617305,0.1598851961400631,0.3084280670674574,0.284996049532382,0.3699390651793402,0.1099173804903049,0.1977227065759439,0.2561938994545529,0.0,0.0,0.0,0.0,0.2399130899879347,0.0,0.0,0.0,0.255216032308941,0.0,0.0,0.0,0.1422540383028786,0.141313739768815,0.0,0.0,0.1901091941902702
