0.0,0.7766854920239821,0.0,0.0,0.0,0.3558597850401344,0.0,0.315827592953781,0.0,0.2579048028841623,0.0,0.0340922482456681,0.146149296610522,0.0,0.4990093317502189,0.468731721977175,0.3531326689524756,0.4616530953466216,0.0,0.6391818584770285,0.4662107100361518,0.7936744590098291,0.3154977591573278,0.3191516504254935,0.5815842216129535,0.7313106702955444,0.3698821368851661,0.4323605107057302,0.4483164162929367,0.0,0.4569515265895671,0.0,0.0,0.1661819888728155,0.0,0.0,0.0,0.111664939247648,0.0223505031493017,0.0,0.5808363493778494,0.0,0.0,0.0,0.0,0.646987000622408,0.2139896452906538,0.0,0.0,0.0,0.0,0.0,0.0,0.0,0.0,0.0,0.0,0.0,0.0,0.0,0.4734488070347866,0.0,0.6580506348777365,0.0,0.0,0.4702672131897984,0.7855616181243716,0.0,0.1876802066448302,0.6231695531067667,0.6788858808926799,0.0,0.0,0.0,0.0,0.2520844876905115
0.7766854920239821,0.0,0.0,0.0,0.0,0.5391604914346694,0.2771058742451317,0.3223413288499887,0.2561251958046937,0.0,0.0,0.0,0.2168560947181987,0.0,0.3684464973057388,0.5293781610268325,0.5595652100213035,0.5800507285219885,0.0,0.3587646793393225,0.3722859693836214,0.6426805692596121,0.3983417426856205,0.0,0.8596365003224137,0.9198254478058402,0.3860000891163158,0.2052725236637956,0.3471646560267402,0.0,0.4171206595614223,0.0,0.0,0.3768128021936443,0.0,0.0,0.0,0.0,0.2069922893319079,0.0,0.6934746191178199,0.0,0.0,0.0,0.0,0.5518749692542755,0.4846054992408888,0.0,0.0,0.0,0.5070270975143492,0.0,0.0,0.0,0.0,0.0,0.0,0.0,0.0,0.3281159127210988,0.607854254752522,0.0,0.5718831360978862,0.0,0.4612028883035433,0.1533589620649693,0.7395971366403823,0.1134875361513223,0.0,0.7903884707907249,0.7829621458768858,0.6299997474839529,0.0,0.6065107440084222,0.0,0.1159038336798621
0.0,0.0,0.0,0.2964497088617536,0.4923514102612367,0.3487288716691307,0.568777280697698,0.2518396834144923,0.8085777371738999,0.3383535962846385,0.6754412406171489,0.1927902534675522,0.5187156832600766,0.0,0.0,0.0,0.0,0.0,0.7808851402351658,0.0,0.0,0.0,0.4690275882904877,0.0,0.0,0.0,0.7178549219587149,0.4546391551085912,0.0,0.0,0.1618242628355273,0.128545616990011,0.0924254027461147,0.0,0.0,0.0,0.0,0.0,0.0974160868666242,0.0,0.0,0.0,0.0,0.0,0.0,0.0,0.0,0.927984258641576,0.0,0.5055499884704459,0.3031939349513611,0.6091578122097436,0.4205592008942872,0.7872464458107247,0.0,0.6197512431976562,0.0,0.5606262373049217,0.0,0.0,0.0,0.0,0.0,0.7774140191986415,0.0,0.0,0.0,0.6400823168840062,0.0,0.0,0.0,0.5104522368116539,0.4139889401272851,0.0,0.0,0.0
0.0,0.0,0.2964497088617536,0.0,0.5085677591788669,0.3589985864706467,0.6024532851876185,0.2587959816182905,0.581576267243087,0.09243192644429,0.0913986620531102,0.0,0.5227290494981282,0.0,0.0,0.0,0.0,0.0,0.1307524945699592,0.0360860674866546,0.0,0.0,0.4719722714036118,0.0,0.0,0.0,0.5949560343583634,0.0632864773633532,0.1874990023591126,0.0,0.0177135736889059,0.0263322455332378,0.0,0.0,0.0,0.0,0.0,0.1192557491685633,0.0,0.0,0.0,0.0,0.0,0.0,0.0,0.0,0.0,0.0,0.0,0.0,0.0,0.0,0.0,0.0,0.0,0.0,0.0,0.0,0.0,0.0,0.0,0.0,0.0,0.0,0.0,0.0,0.0,0.0,0.0,0.0,0.0,0.0,0.0,0.0,0.0,0.0
0.0,0.0,0.4923514102612367,0.5085677591788669,0.0,0.3038514540825845,0.7441172582284402,0.3331562641309799,0.6521989339708535,0.3447913645070325,0.5055725133992414,0.1203847615180488,0.7425394489347029,0.0,0.0,0.4298984552148778,0.0,0.0,0.3805023969169908,0.4312727536295994,0.0,0.0,0.4621085613376768,0.0,0.3232984829858157,0.2362032316178163,0.5944673859790118,0.4781884018226201,0.4515950386897115,0.0,0.1625393471515887,0.123340208826457,0.2253026491463329,0.0,0.0,0.0,0.0,0.1303133178440867,0.0,0.0,0.0,0.0,0.0,0.0,0.0,0.0,0.0,0.6454688764613481,0.0,0.4860579236896715,0.3756275607157974,0.0,0.6603503226916209,0.5215018413788507,0.0,0.392424127220331,0.0,0.0,0.0,0.0,0.0,0.0,0.0,0.3769020365448574,0.0,0.0,0.0,0.6733664216448426,0.0,0.0,0.0,0.3386390944920998,0.0,0.0,0.0,0.0
0.3558597850401344,0.5391604914346694,0.3487288716691307,0.3589985864706467,0.3038514540825845,0.0,0.6063094935180244,0.7900152469183223,0.4073703285680489,0.1527134792895407,0.1152063633421647,0.0451401546565518,0.4992659353061148,0.0107309120734735,0.4410865502739676,0.2708896064890225,0.2421330447730199,0.4150881303143355,0.3959846755967631,0.2122454604531334,0.6718592679975147,0.1117587279551805,0.9623820470581008,0.0,0.5259781257208245,0.6048923725574936,0.6840934382321519,0.0626491585596251,0.6953058553311496,0.0,0.0,0.0,0.0792948378316583,0.0,0.0,0.0,0.0,0.0,0.0,0.0,0.1052124061983904,0.0,0.0,0.0,0.0,0.0,0.597649048051977,0.4845791991990517,0.0,0.1250539748973104,0.8140148061339679,0.6247294813389354,0.5715955350640324,0.5549596366481477,0.0,0.4237246956778832,0.0,0.6228932933582476,0.0,0.3828470899776756,0.0,0.0,0.0,0.4965626889384711,0.0,0.3745744379440796,0.1091276104773506,0.6876392206172487,0.0,0.0,0.5346409626283446,0.4722664098823688,0.0502444157721249,0.0092942768985489,0.0,0.0
0.0,0.2771058742451317,0.568777280697698,0.6024532851876185,0.7441172582284402,0.6063094935180244,0.0,0.4300832756717658,0.7106793455042804,0.5226211092070314,0.4143573337495445,0.3262470258911004,0.9063505282620936,0.0,0.0,0.5102164671371145,0.5772125992383319,0.606955242994052,0.4551031482902681,0.4323745737166292,0.0,0.0,0.6302967967177395,0.1726380191514787,0.5567576818573671,0.4318978959533798,0.7330395243340442,0.3642446324584302,0.5373610396735626,0.0,0.1020237068839828,0.1960908405884191,0.4391609163026927,0.0,0.0,0.0,0.0,0.2764440781053653,0.1781711337696388,0.0,0.0,0.0,0.0,0.0,0.0,0.0,0.0,0.6903303109863572,0.0,0.0,0.5720180401278344,0.0,0.6736362183451973,0.6697580347366043,0.0,0.4450788864999829,0.0,0.0,0.0,0.0,0.0,0.0,0.0,0.5053344650317844,0.0,0.0,0.0,0.7015539249224375,0.0,0.0,0.0,0.4365784547787462,0.0,0.0,0.0,0.0
0.315827592953781,0.3223413288499887,0.2518396834144923,0.2587959816182905,0.3331562641309799,0.7900152469183223,0.4300832756717658,0.0,0.2667890050571512,0.1382045473971408,0.1333276602524909,0.0438527640401153,0.43577513117826,0.1958144248694761,0.4148987693761697,0.2493987181940424,0.0,0.3792632429379323,0.3233971856628646,0.2677961856106146,0.7144477214978054,0.1103006181507649,0.8683045178594201,0.1907644025733421,0.3145612949363279,0.5130333320488547,0.4876529507562851,0.2167871465679913,0.6992876382467794,0.1953759233867431,0.0,0.0,0.0,0.0,0.0323280702749518,0.0,0.0,0.0,0.0,0.0,0.1142790795864582,0.0,0.0,0.0,0.0,0.0,0.0,0.4091360511285259,0.0,0.0893622219800282,0.5767934363265158,0.4087350764679534,0.6807538876976083,0.3770236689131553,0.0,0.4187333807849476,0.0,0.5071178631346124,0.0684773673235577,0.3002993537923803,0.0,0.0,0.0,0.3534028312362104,0.0,0.4970468263999019,0.0,0.6462424689729795,0.0,0.0,0.0,0.2921742634271554,0.1523272222502344,0.0251094224922876,0.0,0.0
0.0,0.2561251958046937,0.8085777371738999,0.581576267243087,0.6521989339708535,0.4073703285680489,0.7106793455042804,0.2667890050571512,0.0,0.3659799211670995,0.6845486593946412,0.1074155892728824,0.7148926916240921,0.0,0.0,0.3267943064598507,0.0,0.5453672383061852,0.6150340709828925,0.5904405233024058,0.0,0.0,0.56428299310066,0.2220174041882373,0.6160289835030418,0.4981197862754305,0.8687643658933732,0.4336609948535519,0.4541091494713025,0.0,0.2343199533879497,0.0527927179552416,0.2650414275121255,0.0,0.0,0.0,0.0,0.4167125414278569,0.0893335221102296,0.0,0.0,0.0,0.0,0.0,0.0,0.0,0.0,0.8399767982265349,0.0,0.4831158343964286,0.5032473813083471,0.6983698790619768,0.5483724059277474,0.9260974684176634,0.0,0.59125763584562,0.0,0.8079735482964998,0.0,0.0,0.0,0.0,0.0,0.6434816313504069,0.0,0.0,0.0,0.7517896076161467,0.0,0.0,0.0,0.6998836781195571,0.3839997760266161,0.0,0.0,0.0
0.2579048028841623,0.0,0.3383535962846385,0.09243192644429,0.3447913645070325,0.1527134792895407,0.5226211092070314,0.1382045473971408,0.3659799211670995,0.0,0.2247452953723653,0.8955302438977,0.5956989460325315,0.0,0.0,0.4265091253901911,0.677067532762876,0.3925554119293712,0.2548936329412335,0.4961279092303675,0.0,0.1898746790170066,0.1827480845775295,0.2385423551237479,0.4310538726163228,0.3988767715967842,0.222368400662243,0.4814825320909593,0.1922489929550583,0.0,0.2632909197458515,0.6029373715946893,0.4570433951208402,0.0,0.0,0.2073121094801804,0.0,0.4827795966124393,0.5683719579501314,0.501693130502131,0.0,0.2747495615261298,0.0,0.0,0.3539881527364811,0.3355304804402036,0.0,0.0,0.0,0.0,0.0,0.0,0.0,0.0,0.879327319387222,0.0,0.8516943413720826,0.3824919655086268,0.0,0.0,0.0,0.4365897774898992,0.046671364274957,0.0,0.0,0.0,0.0,0.0,0.4512989841500323,0.2177228700643433,0.5067854043921649,0.0,0.361733475975732,0.0,0.0,0.5158058788363029
0.0,0.0,0.6754412406171489,0.0913986620531102,0.5055725133992414,0.1152063633421647,0.4143573337495445,0.1333276602524909,0.6845486593946412,0.2247452953723653,0.0,0.0440848131105521,0.3939863622261444,0.0,0.0,0.0,0.0914747427856791,0.0,0.735112473563556,0.0,0.0,0.0,0.2440162412482529,0.0874134531210073,0.0,0.1448765209752899,0.4713306094670497,0.5026904767349454,0.0,0.0,0.0242225489517545,0.0,0.0,0.0,0.010422277831018,0.0921964945294603,0.0673151458114635,0.136444953428168,0.0,0.0,0.0,0.0,0.0,0.0,0.0,0.0,0.0,0.667911421304277,0.0,0.5099306748921308,0.0,0.3996632241436464,0.3339313517961095,0.6654546496357115,0.0,0.7901119731190229,0.0,0.3348083482275684,0.0,0.0,0.0,0.0,0.0,0.6089669954796122,0.0,0.0,0.0,0.3846546327734714,0.0,0.0,0.0,0.3754684288595263,0.3510356682652132,0.0,0.0,0.0
0.0340922482456681,0.0,0.1927902534675522,0.0,0.1203847615180488,0.0451401546565518,0.3262470258911004,0.0438527640401153,0.1074155892728824,0.8955302438977,0.0440848131105521,0.0,0.4046302579234814,0.0,0.0,0.0,0.4506962300659101,0.1413510277924182,0.1810975153873887,0.0,0.0,0.0,0.0231915375204658,0.2601245577047329,0.114666653858289,0.1426356880462748,0.0,0.3051522484666795,0.0,0.0,0.0481509868070182,0.6874247883338174,0.5091345798057431,0.0,0.0,0.2891210561616259,0.0,0.450537115181971,0.630446430624018,0.6913434374984144,0.0,0.4098281277553056,0.0,0.0,0.2900009485548419,0.0,0.0,0.0,0.0,0.0,0.0,0.0,0.0,0.0,0.8984222456965675,0.0,0.8661185627353809,0.1973510405016071,0.0,0.0,0.0,0.1806901924264369,0.0,0.0,0.0,0.0,0.0,0.0,0.5183857625275697,0.0,0.2788530670478865,0.0,0.1806881990328366,0.0,0.0,0.5271059438360396
0.146149296610522,0.2168560947181987,0.5187156832600766,0.5227290494981282,0.7425394489347029,0.4992659353061148,0.9063505282620936,0.43577513117826,0.7148926916240921,0.5956989460325315,0.3939863622261444,0.4046302579234814,0.0,0.0,0.581283019184584,0.5191582501644684,0.5828810250865981,0.6645629769697403,0.4277562083226304,0.4396728556220901,0.5919748505922795,0.0,0.5444376659485473,0.2057932664870483,0.4842923844994671,0.4184116398791073,0.6481096281279829,0.5827240095126216,0.5233132039311164,0.0,0.2049371642973383,0.2805277217248808,0.3923263255882456,0.0,0.0,0.0,0.0,0.3047162513540299,0.1999922096716495,0.1948339955747911,0.0,0.0,0.0,0.0,0.3009964435223301,0.0,0.0,0.6618493528017034,0.0,0.0,0.4785416990504526,0.6706289838833985,0.6711714308439352,0.0,0.0,0.3766980525328639,0.5229975167601103,0.0,0.0,0.4833416436487214,0.0,0.0,0.0,0.0,0.0,0.0,0.0275510268281217,0.6600609560564943,0.0,0.4347841439190011,0.513312618067682,0.3432627591485162,0.0,0.0393314846910501,0.0,0.0
0.0,0.0,0.0,0.0,0.0,0.0107309120734735,0.0,0.1958144248694761,0.0,0.0,0.0,0.0,0.0,0.0,0.0,0.0,0.0,0.0,0.0,0.0,0.122153262818869,0.0,0.0,0.0,0.0,0.0,0.0,0.0,0.0,0.0,0.1276854346934827,0.0,0.0,0.136075666582082,0.0,0.1185587549304493,0.4355746876390962,0.0,0.0,0.0,0.0,0.0,0.5356471788474095,0.0,0.0,0.0,0.0,0.0,0.0,0.0,0.0,0.0,0.0,0.0,0.0,0.0651130409462958,0.0,0.0,0.0,0.0,0.0,0.0,0.0,0.0,0.0,0.0,0.0,0.0,0.0,0.0,0.0,0.0,0.0,0.0,0.0,0.0
0.4990093317502189,0.3684464973057388,0.0,0.0,0.0,0.4410865502739676,0.0,0.4148987693761697,0.0,0.0,0.0,0.0,0.581283019184584,0.0,0.0,0.4043472657225206,0.0,0.5600303561105278,0.0,0.8352624418290318,0.5839618393167505,0.4606536317106821,0.5576184030646644,0.2947234700836259,0.5462084924720121,0.6115566143660677,0.7729057716813659,0.6071713547528125,0.6694531065918391,0.0,0.3318887549405168,0.0,0.0,0.0,0.0,0.0,0.0,0.0,0.0,0.0,0.1600234361558121,0.0,0.0,0.0,0.0,0.0,0.524986454424885,0.0,0.0,0.0,0.38025386001843,0.0,0.4964863679275767,0.0,0.0,0.0,0.0,0.6295412894767067,0.0,0.8069826363866539,0.2693287434256872,0.0,0.0,0.0,0.3884596092899451,0.5657130018132186,0.4467632541117647,0.6439315964162253,0.0,0.5881789614338263,0.6413080497262467,0.7096281511210338,0.5038887403752829,0.3014549464149734,0.0,0.1800584772848192
0.468731721977175,0.5293781610268325,0.0,0.0,0.4298984552148778,0.2708896064890225,0.5102164671371145,0.2493987181940424,0.3267943064598507,0.4265091253901911,0.0,0.0,0.5191582501644684,0.0,0.4043472657225206,0.0,0.6371573561446136,0.8415262260474321,0.0,0.4310790544169314,0.4683468953967826,0.2806127338854648,0.290338353339248,0.1743818117899951,0.6366470855765335,0.6006893472036372,0.4164465243521499,0.4506896792697145,0.3599358496723311,0.0339027186694279,0.5732771875012889,0.2418649436960765,0.2562712409186689,0.1615837000454733,0.0,0.0,0.0,0.0,0.2545753256728085,0.0200569416141416,0.219704764655797,0.0,0.0,0.0,0.0,0.6073591730670909,0.531203922583894,0.0,0.0,0.0,0.0,0.0,0.0,0.0,0.0,0.0,0.0,0.0,0.0,0.2767695989763366,0.5721079574599943,0.0,0.6360993147794857,0.0,0.1662022938438786,0.3451336074849176,0.3878437167041795,0.3698034549678775,0.0,0.5627505920589858,0.5803656330245663,0.4243161230824435,0.0,0.4327738761847661,0.0,0.3613333818020492
0.3531326689524756,0.5595652100213035,0.0,0.0,0.0,0.2421330447730199,0.5772125992383319,0.0,0.0,0.677067532762876,0.0914747427856791,0.4506962300659101,0.5828810250865981,0.0,0.0,0.6371573561446136,0.0,0.805918633777241,0.0,0.5190402592739712,0.0,0.0810368642049561,0.0,0.3729849358983457,0.8578036132357936,0.7354089131059974,0.0,0.397617489255303,0.24354711253351,0.0,0.5722212284145699,0.354013908375275,0.4047253511802809,0.1918516322821622,0.0,0.0,0.0,0.5937868391008277,0.0,0.1671158094212202,0.0,0.0,0.0,0.0,0.0,0.0,0.0,0.0,0.0,0.0,0.0,0.0,0.0,0.0,0.4479236528221162,0.0,0.7104138921525113,0.0,0.0,0.0,0.0,0.8964324725859063,0.4154807349631795,0.0,0.0,0.0,0.0,0.0,0.3996848476258553,0.700982944826972,0.7828224384733582,0.0,0.0,0.0,0.0,0.0
0.4616530953466216,0.5800507285219885,0.0,0.0,0.0,0.4150881303143355,0.606955242994052,0.3792632429379323,0.5453672383061852,0.3925554119293712,0.0,0.1413510277924182,0.6645629769697403,0.0,0.5600303561105278,0.8415262260474321,0.805918633777241,0.0,0.0,0.5486242061988823,0.5434092427542965,0.1935891545821967,0.4630791773898558,0.2854193935379029,0.7874915725349818,0.7749510805702662,0.5877548938774781,0.5910573170339599,0.5472401200504209,0.0,0.5567084027487801,0.0661512484553079,0.1420515097105011,0.1162197370249518,0.0,0.0,0.0,0.0,0.1868557009785998,0.0,0.1973725484961663,0.0,0.0,0.0,0.0,0.6652383379782002,0.747011741012578,0.0,0.0,0.0,0.0,0.0,0.0,0.0,0.1373453367599976,0.0,0.4179846087756097,0.0,0.0,0.0,0.5474040806787045,0.835316490536246,0.7216161183034142,0.0,0.0,0.0,0.3877007988641818,0.0,0.1363912043215484,0.733151119928598,0.7549006670547145,0.0,0.0,0.0,0.0,0.3028765387551716
0.0,0.0,0.7808851402351658,0.1307524945699592,0.3805023969169908,0.3959846755967631,0.4551031482902681,0.3233971856628646,0.6150340709828925,0.2548936329412335,0.735112473563556,0.1810975153873887,0.4277562083226304,0.0,0.0,0.0,0.0,0.0,0.0,0.0,0.0,0.0,0.4158729968078811,0.0,0.0,0.0,0.4936636895316743,0.3693717578640879,0.0,0.0,0.0,0.0263473032293301,0.0,0.0,0.0,0.1162429569954487,0.105019354406222,0.0,0.0,0.0,0.0,0.0,0.0,0.0,0.0,0.0,0.0,0.7460737603367076,0.0,0.5536872454400485,0.1297194435685883,0.5435436505421486,0.3877611582064497,0.6146798101212335,0.0,0.7173482591704081,0.0,0.3951293770153636,0.0,0.0,0.0,0.0,0.0,0.798361847023994,0.0,0.0,0.0,0.4777086035233458,0.0,0.0,0.0,0.2379732432295563,0.0,0.0,0.0,0.0
0.6391818584770285,0.3587646793393225,0.0,0.0360860674866546,0.4312727536295994,0.2122454604531334,0.4323745737166292,0.2677961856106146,0.5904405233024058,0.4961279092303675,0.0,0.0,0.4396728556220901,0.0,0.8352624418290318,0.4310790544169314,0.5190402592739712,0.5486242061988823,0.0,0.0,0.4707572632497031,0.6621293241058227,0.3287789433319132,0.0,0.5246102568375383,0.5447371452528581,0.6026751663098421,0.7195140496855852,0.5957434597614081,0.2989753749683849,0.5159840431960503,0.1564621664073624,0.0,0.0,0.0,0.0,0.0,0.0,0.1216975321151267,0.0,0.2961424829408351,0.0,0.0,0.0,0.0,0.0,0.4003858045193757,0.0,0.0,0.0,0.1700111394941821,0.0,0.3869380045824089,0.0,0.0,0.0,0.0,0.4501689469647349,0.0,0.60133683217157,0.3802611725967144,0.0,0.0,0.0,0.5736576681309988,0.5914933712151063,0.5788241141706841,0.4634440823299846,0.0,0.5143934675263162,0.5960454734682795,0.6237843899963138,0.6745459771446299,0.4285713970609779,0.1911058180457874,0.4514876274298812
0.4662107100361518,0.3722859693836214,0.0,0.0,0.0,0.6718592679975147,0.0,0.7144477214978054,0.0,0.0,0.0,0.0,0.5919748505922795,0.122153262818869,0.5839618393167505,0.4683468953967826,0.0,0.5434092427542965,0.0,0.4707572632497031,0.0,0.2435727350911013,0.7119618562077827,0.1853913562474351,0.468395354992003,0.525249792122752,0.633794394379678,0.3057363833765602,0.7412224521119605,0.0,0.2453733990451849,0.0,0.0,0.0,0.0,0.0,0.0,0.0,0.0,0.0,0.1143577155754805,0.0,0.0,0.0,0.0,0.5351610580220739,0.5215077981519339,0.0,0.0,0.0,0.595847315564489,0.0,0.6942559796204744,0.0,0.0,0.0,0.0,0.6126615805587675,0.0,0.4024244537057606,0.2332175750125106,0.0,0.0,0.0,0.0709982496245499,0.8063262413310865,0.2471396323653505,0.6481624372810585,0.0,0.561551457333883,0.4757072672354205,0.4943006164989777,0.3927204730657873,0.2120364585093991,0.0,0.0371342919989712
0.7936744590098291,0.6426805692596121,0.0,0.0,0.0,0.1117587279551805,0.0,0.1103006181507649,0.0,0.1898746790170066,0.0,0.0,0.0,0.0,0.4606536317106821,0.2806127338854648,0.0810368642049561,0.1935891545821967,0.0,0.6621293241058227,0.2435727350911013,0.0,0.0236681112442479,0.0,0.3402106977827339,0.5242663800489147,0.1332972158786477,0.490909431712135,0.3007114010048588,0.425997835320491,0.409051149119132,0.0,0.0,0.2746235991641912,0.0776550656044418,0.0596135521798483,0.2340297474534034,0.0,0.014435197164771,0.0,0.6589704437234555,0.0,0.46588442691795,0.0,0.0,0.305529180175305,0.0,0.0,0.0,0.0,0.0,0.0,0.0,0.0,0.0,0.0,0.0,0.0,0.0,0.4387189190063855,0.3697665808444325,0.0,0.5150135396968082,0.0,0.8442986547165687,0.2299108710197063,0.8727666205402792,0.0,0.0,0.3448357079131861,0.4127880258472171,0.4323972933252556,0.484740884868705,0.5211507791206582,0.0,0.2143146342898225
0.3154977591573278,0.3983417426856205,0.4690275882904877,0.4719722714036118,0.4621085613376768,0.9623820470581008,0.6302967967177395,0.8683045178594201,0.56428299310066,0.1827480845775295,0.2440162412482529,0.0231915375204658,0.5444376659485473,0.0,0.5576184030646644,0.290338353339248,0.0,0.4630791773898558,0.4158729968078811,0.3287789433319132,0.7119618562077827,0.0236681112442479,0.0,0.1554668297619251,0.5020740850178289,0.5942725095510797,0.769674222313022,0.1558056668934652,0.7347923022927962,0.0,0.0,0.0,0.099518121709047,0.0,0.0,0.0,0.0,0.0,0.0,0.0,0.0481209681266383,0.0,0.0,0.0704179102525991,0.0,0.0,0.639651960736356,0.6354874605297511,0.0,0.2007384678879249,0.7643316136495549,0.6815402629515858,0.7259782497549568,0.6444948239774628,0.0,0.4901114913043958,0.0,0.7188905124768673,0.0,0.4024210794947708,0.0,0.0,0.0,0.4851583858219496,0.0,0.5170961777658947,0.0600102076343638,0.8774599940556659,0.0,0.5675806764430609,0.5798850150583594,0.542339028288355,0.1297612408252058,0.0538984734712412,0.0,0.0
0.3191516504254935,0.0,0.0,0.0,0.0,0.0,0.1726380191514787,0.1907644025733421,0.2220174041882373,0.2385423551237479,0.0874134531210073,0.2601245577047329,0.2057932664870483,0.0,0.2947234700836259,0.1743818117899951,0.3729849358983457,0.2854193935379029,0.0,0.0,0.1853913562474351,0.0,0.1554668297619251,0.0,0.3655262562770728,0.519101653491061,0.1107369320269739,0.2296729778382957,0.0,0.0,0.4544035718871793,0.0,0.1160441393273963,0.467654381917251,0.2080931825769613,0.0,0.0,0.453385629399487,0.2101965542219173,0.0308443386431673,0.4479619443963176,0.0,0.0,0.0,0.4529475077634899,0.3799152743398399,0.0,0.0,0.0,0.0,0.0,0.0,0.0,0.0,0.1237227115967114,0.0,0.4121129427126198,0.0,0.0,0.0,0.46620538066792,0.4684517187346763,0.5136176546632187,0.0,0.0,0.0,0.0,0.0,0.8057860157144374,0.3447463152287547,0.5558848356669672,0.0,0.3644927879844191,0.0,0.0,0.2664568925372588
0.5815842216129535,0.8596365003224137,0.0,0.0,0.3232984829858157,0.5259781257208245,0.5567576818573671,0.3145612949363279,0.6160289835030418,0.4310538726163228,0.0,0.114666653858289,0.4842923844994671,0.0,0.5462084924720121,0.6366470855765335,0.8578036132357936,0.7874915725349818,0.0,0.5246102568375383,0.468395354992003,0.3402106977827339,0.5020740850178289,0.3655262562770728,0.0,0.9072711847393604,0.672084579606575,0.2875997369673803,0.3945531081171587,0.0,0.5356505191131379,0.0825950848383256,0.1783002582671664,0.2471154402150621,0.0,0.0,0.0,0.4285028389575071,0.3303013165411707,0.0,0.3665162434818295,0.0,0.0,0.0,0.0,0.5840498948884811,0.8229943559557152,0.0,0.0,0.0,0.0,0.0,0.0,0.0,0.178443746898767,0.0,0.3990276710482082,0.6277756368792846,0.0,0.3695402338967185,0.695612840969247,0.8631435384323356,0.5639454758282385,0.0,0.2884301855131533,0.336627238494076,0.5769142910185554,0.4356141118075642,0.2513082188650877,0.965831616405949,0.8726198918806328,0.0,0.0,0.6141809025393941,0.0,0.2370867790091589
0.7313106702955444,0.9198254478058402,0.0,0.0,0.2362032316178163,0.6048923725574936,0.4318978959533798,0.5130333320488547,0.4981197862754305,0.3988767715967842,0.1448765209752899,0.1426356880462748,0.4184116398791073,0.0,0.6115566143660677,0.6006893472036372,0.7354089131059974,0.7749510805702662,0.0,0.5447371452528581,0.525249792122752,0.5242663800489147,0.5942725095510797,0.519101653491061,0.9072711847393604,0.0,0.5849958769935917,0.403955043895577,0.5476533065764305,0.0,0.4860780643751395,0.0,0.0,0.2888948965257724,0.0,0.0,0.0,0.3131718681537924,0.1144503254111353,0.0,0.5064869352940666,0.0,0.0,0.0,0.4130110859364991,0.6498600223954938,0.666971324467247,0.0,0.0,0.0,0.5395259762153948,0.0,0.0,0.0,0.0941731132696266,0.0,0.3847100488910149,0.5528062072307753,0.0,0.4626504626870701,0.5857641185308685,0.7934300852160153,0.6829731967066787,0.0,0.4262872545410529,0.3123605237328936,0.7113426133746594,0.3607577745886761,0.3205129762223792,0.8938980542639308,0.9608818047734492,0.7093758385727634,0.3884453609331862,0.624635130116661,0.0,0.1332520359751841
0.3698821368851661,0.3860000891163158,0.7178549219587149,0.5949560343583634,0.5944673859790118,0.6840934382321519,0.7330395243340442,0.4876529507562851,0.8687643658933732,0.222368400662243,0.4713306094670497,0.0,0.6481096281279829,0.0,0.7729057716813659,0.4164465243521499,0.0,0.5877548938774781,0.4936636895316743,0.6026751663098421,0.633794394379678,0.1332972158786477,0.769674222313022,0.1107369320269739,0.672084579606575,0.5849958769935917,0.0,0.3275631294526701,0.6524440576312809,0.0,0.1997640511733155,0.0,0.1417381940339646,0.0,0.0,0.0,0.0,0.1762400924735875,0.0,0.0,0.0,0.0,0.0,0.0,0.0,0.0,0.7775892576842485,0.8128600855698896,0.0,0.3671067761949267,0.7208838639788964,0.7871621152127185,0.6305883538668902,0.8298768654851878,0.0,0.546357814957823,0.0,0.7835687666102658,0.0,0.5234150897979336,0.0,0.0,0.0,0.6020242568818897,0.0,0.6254726757852234,0.1587816983884633,0.8642724436075386,0.0,0.0,0.6183342502674041,0.8559404261576676,0.329937231461507,0.1987635760968903,0.0,0.111526880063795
0.4323605107057302,0.2052725236637956,0.4546391551085912,0.0632864773633532,0.4781884018226201,0.0626491585596251,0.3642446324584302,0.2167871465679913,0.4336609948535519,0.4814825320909593,0.5026904767349454,0.3051522484666795,0.5827240095126216,0.0,0.6071713547528125,0.4506896792697145,0.397617489255303,0.5910573170339599,0.3693717578640879,0.7195140496855852,0.3057363833765602,0.490909431712135,0.1558056668934652,0.2296729778382957,0.2875997369673803,0.403955043895577,0.3275631294526701,0.0,0.4498008461540188,0.3954635533843418,0.4791959832103671,0.2211870660401549,0.0,0.0,0.0,0.183691173398469,0.0729306871026494,0.1857570602254663,0.0610624189042566,0.0,0.0956433806124716,0.0,0.1431969281381925,0.0,0.1837560021573005,0.0,0.0,0.4144872954164127,0.0,0.0,0.0,0.0,0.3479115029434921,0.402814211822279,0.3019437902030883,0.0,0.3213048709856205,0.4045967514437421,0.0,0.4260153225473324,0.0,0.0,0.0,0.0,0.4144087022609155,0.3792113268022098,0.3787994517336844,0.2870069595250196,0.0,0.2325832300640549,0.4292553937503716,0.3165510794247824,0.6854410123209878,0.2994661136439684,0.0,0.4131304887369642
0.4483164162929367,0.3471646560267402,0.0,0.1874990023591126,0.4515950386897115,0.6953058553311496,0.5373610396735626,0.6992876382467794,0.4541091494713025,0.1922489929550583,0.0,0.0,0.5233132039311164,0.0,0.6694531065918391,0.3599358496723311,0.24354711253351,0.5472401200504209,0.0,0.5957434597614081,0.7412224521119605,0.3007114010048588,0.7347923022927962,0.0,0.3945531081171587,0.5476533065764305,0.6524440576312809,0.4498008461540188,0.0,0.3082175338630815,0.0863596781082334,0.0,0.0,0.0,0.0,0.0,0.0,0.0,0.0,0.0,0.1504685765640969,0.0,0.0,0.0,0.0,0.0,0.4533195099244835,0.6358782578999175,0.0,0.0,0.4589570457605854,0.4858620578897916,0.6203593505700561,0.547779291652582,0.0,0.0,0.0,0.6197302572649848,0.0,0.454665257714277,0.0,0.0,0.0,0.0,0.1719936657204483,0.6659021374770271,0.2633242236991085,0.6794275067195714,0.0,0.0,0.4798365062544633,0.4765666848302788,0.3628832430951189,0.1777032196762951,0.0,0.0670586018083795
0.0,0.0,0.0,0.0,0.0,0.0,0.0,0.1953759233867431,0.0,0.0,0.0,0.0,0.0,0.0,0.0,0.0339027186694279,0.0,0.0,0.0,0.2989753749683849,0.0,0.425997835320491,0.0,0.0,0.0,0.0,0.0,0.3954635533843418,0.3082175338630815,0.0,0.1676298761580802,0.0,0.0,0.0,0.2484186059413533,0.0,0.0,0.0,0.0,0.0,0.0,0.0,0.0,0.0,0.0,0.0,0.0,0.0,0.0,0.0,0.0,0.0,0.0,0.0,0.0,0.0,0.0,0.0,0.0,0.0,0.0,0.0,0.0,0.0,0.3361034873518434,0.0,0.0,0.0,0.0,0.0,0.0,0.0,0.0,0.0370805487059604,0.0,0.0
0.4569515265895671,0.4171206595614223,0.1618242628355273,0.0177135736889059,0.1625393471515887,0.0,0.1020237068839828,0.0,0.2343199533879497,0.2632909197458515,0.0242225489517545,0.0481509868070182,0.2049371642973383,0.1276854346934827,0.3318887549405168,0.5732771875012889,0.5722212284145699,0.5567084027487801,0.0,0.5159840431960503,0.2453733990451849,0.409051149119132,0.0,0.4544035718871793,0.5356505191131379,0.4860780643751395,0.1997640511733155,0.4791959832103671,0.0863596781082334,0.1676298761580802,0.0,0.1958888054912722,0.0297363922279358,0.4280705122083253,0.0568878001438216,0.0,0.0,0.4122683164650373,0.2917972503878897,0.0,0.3912756035320818,0.0,0.1318106294115932,0.0,0.0,0.0,0.2654890293248612,0.0,0.0,0.0,0.1463340578410251,0.0,0.0415263580260177,0.0,0.0710787278367593,0.0,0.2218136971366047,0.0,0.0,0.1235442743639089,0.4806429470735854,0.7290870106444352,0.6879415093915019,0.0,0.5132404524379196,0.3205648862993705,0.5260789592372035,0.1044454059417198,0.4316620497660149,0.4813033614138369,0.4873306251290886,0.466687541592427,0.6338523105834708,0.6919405129497241,0.0,0.4852153947796831
0.0,0.0,0.128545616990011,0.0263322455332378,0.123340208826457,0.0,0.1960908405884191,0.0,0.0527927179552416,0.6029373715946893,0.0,0.6874247883338174,0.2805277217248808,0.0,0.0,0.2418649436960765,0.354013908375275,0.0661512484553079,0.0263473032293301,0.1564621664073624,0.0,0.0,0.0,0.0,0.0825950848383256,0.0,0.0,0.2211870660401549,0.0,0.0,0.1958888054912722,0.0,0.4218686871989129,0.0,0.0,0.2364161342389306,0.0,0.46170694425679,0.8028262737035765,0.6108669361817219,0.0205453464512274,0.4710317746509183,0.0,0.0,0.2495877621263459,0.0529584088514066,0.1253383446669363,0.0714126421860272,0.0,0.3422393307053699,0.0,0.0316658520414077,0.0979568638390175,0.0,0.7594687341869697,0.0,0.5689207250806093,0.0869681869281275,0.0,0.0470105291487467,0.3357247703495708,0.1683314857190498,0.0,0.0309427493265143,0.0,0.0,0.0251766912669258,0.0666159222892662,0.3053894456111279,0.0,0.0877369828731175,0.0,0.1262097761411794,0.0345841891687085,0.0,0.6025348223787363
0.0,0.0,0.0924254027461147,0.0,0.2253026491463329,0.0792948378316583,0.4391609163026927,0.0,0.2650414275121255,0.4570433951208402,0.0,0.5091345798057431,0.3923263255882456,0.0,0.0,0.2562712409186689,0.4047253511802809,0.1420515097105011,0.0,0.0,0.0,0.0,0.099518121709047,0.1160441393273963,0.1783002582671664,0.0,0.1417381940339646,0.0,0.0,0.0,0.0297363922279358,0.4218686871989129,0.0,0.2340296129711053,0.0,0.0,0.0,0.4433190252139636,0.5618050644631981,0.8319627021437359,0.0,0.4123661723981269,0.0,0.0,0.2828278666503915,0.1718902794774566,0.460589367459125,0.0,0.0,0.0,0.0,0.0,0.0,0.0,0.527551250946026,0.0,0.4998232218009942,0.0,0.0,0.0576681165346628,0.3125270857338605,0.1589461873103063,0.0,0.0,0.0,0.0,0.0,0.2162848608178192,0.3137699804521918,0.0655191192894564,0.1692017162475413,0.0,0.0,0.0,0.0,0.172838815177269
0.1661819888728155,0.3768128021936443,0.0,0.0,0.0,0.0,0.0,0.0,0.0,0.0,0.0,0.0,0.0,0.136075666582082,0.0,0.1615837000454733,0.1918516322821622,0.1162197370249518,0.0,0.0,0.0,0.2746235991641912,0.0,0.467654381917251,0.2471154402150621,0.2888948965257724,0.0,0.0,0.0,0.0,0.4280705122083253,0.0,0.2340296129711053,0.0,0.3289596635290098,0.0,0.0,0.4616718803220205,0.2294453973663797,0.1279228108460674,0.5138995499249748,0.3754664126739703,0.0342868558829118,0.0488114707825593,0.4030563557646988,0.1269798766289511,0.0,0.0,0.0,0.0,0.0127671307724533,0.0,0.0,0.0356673123556654,0.0,0.0,0.0,0.0,0.0,0.1084589553046233,0.2479876790306369,0.2659959900186027,0.2547098426653387,0.0,0.3730509379513826,0.0,0.4060857568651874,0.0,0.4314941326604686,0.1992848091284731,0.1971497907069614,0.1713256909886631,0.0845325837390515,0.4220955596573335,0.0,0.0765989939912236
0.0,0.0,0.0,0.0,0.0,0.0,0.0,0.0323280702749518,0.0,0.0,0.010422277831018,0.0,0.0,0.0,0.0,0.0,0.0,0.0,0.0,0.0,0.0,0.0776550656044418,0.0,0.2080931825769613,0.0,0.0,0.0,0.0,0.0,0.2484186059413533,0.0568878001438216,0.0,0.0,0.3289596635290098,0.0,0.0591151588447893,0.4005393636521556,0.0,0.0,0.0,0.190346701109113,0.0,0.3549429219684635,0.4190232995223183,0.0,0.0,0.0,0.0,0.0,0.0,0.0,0.0,0.0,0.0,0.0,0.0,0.0,0.0,0.0,0.0,0.0,0.0,0.0,0.0,0.1139377842405949,0.0,0.0,0.0,0.0,0.0,0.0,0.0,0.0099419136100993,0.0,0.0,0.0
0.0,0.0,0.0,0.0,0.0,0.0,0.0,0.0,0.0,0.2073121094801804,0.0921964945294603,0.2891210561616259,0.0,0.1185587549304493,0.0,0.0,0.0,0.0,0.1162429569954487,0.0,0.0,0.0596135521798483,0.0,0.0,0.0,0.0,0.0,0.183691173398469,0.0,0.0,0.0,0.2364161342389306,0.0,0.0,0.0591151588447893,0.0,0.4523353433368863,0.0,0.0,0.187215163507333,0.0,0.0916500678883988,0.3672696330399456,0.0,0.0,0.0,0.0,0.0,0.0,0.1713867229006054,0.0,0.0,0.0,0.0,0.0,0.0,0.1130705909476465,0.0,0.0,0.0,0.0,0.0,0.0,0.0,0.0081480241027623,0.0,0.0,0.0,0.0,0.0,0.0,0.0,0.0452846269047588,0.0,0.0,0.0
0.0,0.0,0.0,0.0,0.0,0.0,0.0,0.0,0.0,0.0,0.0673151458114635,0.0,0.0,0.4355746876390962,0.0,0.0,0.0,0.0,0.105019354406222,0.0,0.0,0.2340297474534034,0.0,0.0,0.0,0.0,0.0,0.0729306871026494,0.0,0.0,0.0,0.0,0.0,0.0,0.4005393636521556,0.4523353433368863,0.0,0.0,0.0,0.0,0.0253696110133933,0.0,0.5370599076691467,0.0,0.0,0.0,0.0,0.0,0.0,0.0,0.0,0.0,0.0,0.0,0.0,0.0,0.0,0.0,0.0,0.0,0.0,0.0,0.0,0.0,0.0,0.0,0.0,0.0,0.0,0.0,0.0,0.0,0.0,0.0,0.0,0.0
0.111664939247648,0.0,0.0,0.1192557491685633,0.1303133178440867,0.0,0.2764440781053653,0.0,0.4167125414278569,0.4827795966124393,0.136444953428168,0.450537115181971,0.3047162513540299,0.0,0.0,0.0,0.5937868391008277,0.0,0.0,0.0,0.0,0.0,0.0,0.453385629399487,0.4285028389575071,0.3131718681537924,0.1762400924735875,0.1857570602254663,0.0,0.0,0.4122683164650373,0.46170694425679,0.4433190252139636,0.4616718803220205,0.0,0.0,0.0,0.0,0.6429827032890005,0.4492364446992745,0.2690873750543918,0.4704248808039479,0.0,0.0,0.6422162303436642,0.0,0.0,0.0,0.0,0.0,0.0,0.0,0.0,0.0,0.4962658157158045,0.0,0.5397917471985532,0.0,0.0,0.0,0.0,0.0,0.0,0.0,0.0,0.0,0.0,0.0,0.632491201818254,0.2668196361174356,0.4687078404792977,0.0,0.284881156276726,0.0,0.0,0.0
0.0223505031493017,0.2069922893319079,0.0974160868666242,0.0,0.0,0.0,0.1781711337696388,0.0,0.0893335221102296,0.5683719579501314,0.0,0.630446430624018,0.1999922096716495,0.0,0.0,0.2545753256728085,0.0,0.1868557009785998,0.0,0.1216975321151267,0.0,0.014435197164771,0.0,0.2101965542219173,0.3303013165411707,0.1144503254111353,0.0,0.0610624189042566,0.0,0.0,0.2917972503878897,0.8028262737035765,0.5618050644631981,0.2294453973663797,0.0,0.0,0.0,0.6429827032890005,0.0,0.6652463162375655,0.2070562220800156,0.5809992881214494,0.0,0.0,0.4591537260288987,0.1201188357246766,0.2648676671436684,0.0,0.0,0.2038259067530173,0.0,0.0,0.0,0.0114039204018127,0.641121306293319,0.0,0.5881452105028304,0.1061280167033558,0.3873503915780092,0.0065421644228362,0.5409605893130272,0.3497304627414497,0.0,0.0,0.1431502640195661,0.0,0.2437598431833591,0.0,0.5141322049511228,0.1090596182183406,0.2561428540390078,0.0,0.1121029651100636,0.3270825689714309,0.4699493339961652,0.5740121554109452
0.0,0.0,0.0,0.0,0.0,0.0,0.0,0.0,0.0,0.501693130502131,0.0,0.6913434374984144,0.1948339955747911,0.0,0.0,0.0200569416141416,0.1671158094212202,0.0,0.0,0.0,0.0,0.0,0.0,0.0308443386431673,0.0,0.0,0.0,0.0,0.0,0.0,0.0,0.6108669361817219,0.8319627021437359,0.1279228108460674,0.0,0.187215163507333,0.0,0.4492364446992745,0.6652463162375655,0.0,0.0,0.6211295393275247,0.0,0.0,0.2513789089558172,0.0157845678324678,0.098513995831329,0.0369069779423347,0.0,0.3049887720492226,0.0,0.1246197260569605,0.0,0.0,0.7171324889988412,0.0,0.5151198769452828,0.0186577292123851,0.0,0.0,0.2247911734271708,0.0,0.0,0.0,0.0,0.0,0.0,0.0,0.3910722256916134,0.0,0.0,0.0,0.0,0.0,0.1590789890801114,0.3389577565476724
0.5808363493778494,0.6934746191178199,0.0,0.0,0.0,0.1052124061983904,0.0,0.1142790795864582,0.0,0.0,0.0,0.0,0.0,0.0,0.1600234361558121,0.219704764655797,0.0,0.1973725484961663,0.0,0.2961424829408351,0.1143577155754805,0.6589704437234555,0.0481209681266383,0.4479619443963176,0.3665162434818295,0.5064869352940666,0.0,0.0956433806124716,0.1504685765640969,0.0,0.3912756035320818,0.0205453464512274,0.0,0.5138995499249748,0.190346701109113,0.0,0.0253696110133933,0.2690873750543918,0.2070562220800156,0.0,0.0,0.1863832495602981,0.2732401078257754,0.3566331471344985,0.3874369023615334,0.3471685774825818,0.0,0.0,0.0,0.0417653176965276,0.104792174286394,0.0,0.0,0.1488532693928176,0.0,0.0,0.065995211530382,0.0,0.1532407603264637,0.0593891553913236,0.4588238120620316,0.3915896912234813,0.5539156340441281,0.0,0.6364326223523673,0.1385166924841475,0.6263220892130041,0.0,0.3596310266091652,0.3635423450816459,0.4174006111173001,0.4017184666478912,0.3462113499223763,0.578036433208349,0.3964769258613621,0.3634288426312561
0.0,0.0,0.0,0.0,0.0,0.0,0.0,0.0,0.0,0.2747495615261298,0.0,0.4098281277553056,0.0,0.0,0.0,0.0,0.0,0.0,0.0,0.0,0.0,0.0,0.0,0.0,0.0,0.0,0.0,0.0,0.0,0.0,0.0,0.4710317746509183,0.4123661723981269,0.3754664126739703,0.0,0.0916500678883988,0.0,0.4704248808039479,0.5809992881214494,0.6211295393275247,0.1863832495602981,0.0,0.0171254818539853,0.0,0.2757208542909029,0.0,0.0,0.0,0.2140509916350414,0.1364007307563679,0.0,0.0,0.0,0.0,0.4185331689076242,0.0,0.2959277825842493,0.0,0.0,0.0,0.2615176389392864,0.0,0.0,0.0,0.0450198189687054,0.0,0.0597022390870575,0.0,0.3578403754264179,0.0,0.0,0.0,0.0105212646167219,0.0,0.3215443742446536,0.3755018848218155
0.0,0.0,0.0,0.0,0.0,0.0,0.0,0.0,0.0,0.0,0.0,0.0,0.0,0.5356471788474095,0.0,0.0,0.0,0.0,0.0,0.0,0.0,0.46588442691795,0.0,0.0,0.0,0.0,0.0,0.1431969281381925,0.0,0.0,0.1318106294115932,0.0,0.0,0.0342868558829118,0.3549429219684635,0.3672696330399456,0.5370599076691467,0.0,0.0,0.0,0.2732401078257754,0.0171254818539853,0.0,0.495480665821236,0.0,0.0,0.0,0.0,0.5663788551834281,0.0,0.0,0.0,0.0,0.0,0.0,0.0,0.0,0.0,0.4479372549805918,0.0,0.0,0.0,0.0,0.0,0.4099363420541816,0.0,0.2132824439499369,0.0,0.0058377724473385,0.0,0.0,0.0,0.2636160581642119,0.1178981623242365,0.0,0.0879470308707134
0.0,0.0,0.0,0.0,0.0,0.0,0.0,0.0,0.0,0.0,0.0,0.0,0.0,0.0,0.0,0.0,0.0,0.0,0.0,0.0,0.0,0.0,0.0704179102525991,0.0,0.0,0.0,0.0,0.0,0.0,0.0,0.0,0.0,0.0,0.0488114707825593,0.4190232995223183,0.0,0.0,0.0,0.0,0.0,0.3566331471344985,0.0,0.495480665821236,0.0,0.0,0.0,0.0,0.0,0.0,0.0,0.0601272072168592,0.0,0.0010324880328402,0.0,0.0,0.2044800982222716,0.0,0.0,0.0,0.0,0.0,0.0,0.0,0.0,0.0,0.0,0.0,0.0,0.0,0.0,0.0,0.2664808628686422,0.2811419996909973,0.2378860281626876,0.0,0.0
0.0,0.0,0.0,0.0,0.0,0.0,0.0,0.0,0.0,0.3539881527364811,0.0,0.2900009485548419,0.3009964435223301,0.0,0.0,0.0,0.0,0.0,0.0,0.0,0.0,0.0,0.0,0.4529475077634899,0.0,0.4130110859364991,0.0,0.1837560021573005,0.0,0.0,0.0,0.2495877621263459,0.2828278666503915,0.4030563557646988,0.0,0.0,0.0,0.6422162303436642,0.4591537260288987,0.2513789089558172,0.3874369023615334,0.2757208542909029,0.0,0.0,0.0,0.3286979338903824,0.0,0.0,0.0,0.2390824503683498,0.1249614777075234,0.1384120841278159,0.0,0.4915182800298635,0.3264748576512614,0.1257015529520301,0.4179622037825685,0.3083854135108755,0.0,0.0,0.0,0.4602241573038122,0.1551611614521903,0.1669049885042656,0.0,0.0,0.0,0.1728579355137789,0.5154764355779538,0.3870338411560683,0.5127862391673773,0.3819042112029743,0.2252756925944486,0.0,0.0,0.3947037003213234
0.646987000622408,0.5518749692542755,0.0,0.0,0.0,0.0,0.0,0.0,0.0,0.3355304804402036,0.0,0.0,0.0,0.0,0.0,0.6073591730670909,0.0,0.6652383379782002,0.0,0.0,0.5351610580220739,0.305529180175305,0.0,0.3799152743398399,0.5840498948884811,0.6498600223954938,0.0,0.0,0.0,0.0,0.0,0.0529584088514066,0.1718902794774566,0.1269798766289511,0.0,0.0,0.0,0.0,0.1201188357246766,0.0157845678324678,0.3471685774825818,0.0,0.0,0.0,0.3286979338903824,0.0,0.4892835626599608,0.0,0.0,0.0,0.3748024550380797,0.0,0.2600620255983376,0.0,0.0,0.0,0.275064148821865,0.5204486625258334,0.0,0.3334043219318749,0.525917554568907,0.0,0.618622161830664,0.0,0.2401478144402488,0.5152257374269987,0.414241543138643,0.4225586699380333,0.2564723855536716,0.5820287425655727,0.6790267788548159,0.5637635057764835,0.393507751875262,0.4379477812566651,0.0,0.3351372414498374
0.2139896452906538,0.4846054992408888,0.0,0.0,0.0,0.597649048051977,0.0,0.0,0.0,0.0,0.0,0.0,0.0,0.0,0.524986454424885,0.531203922583894,0.0,0.747011741012578,0.0,0.4003858045193757,0.5215077981519339,0.0,0.639651960736356,0.0,0.8229943559557152,0.666971324467247,0.7775892576842485,0.0,0.4533195099244835,0.0,0.2654890293248612,0.1253383446669363,0.460589367459125,0.0,0.0,0.0,0.0,0.0,0.2648676671436684,0.098513995831329,0.0,0.0,0.0,0.0,0.0,0.4892835626599608,0.0,0.0,0.0,0.0,0.69529292908051,0.6209871058568679,0.5872412916511014,0.6688078082594919,0.2672392015814684,0.0,0.0,0.852361342580955,0.0,0.3621372866817811,0.4722720577631518,0.6950023421051321,0.2536856202338284,0.0,0.0,0.3629948091128265,0.1899718481479268,0.6970938931944315,0.0,0.8015866522555236,0.7457454850471545,0.5984468541015292,0.2429181777148739,0.2534267293253522,0.0,0.1479087102680922
0.0,0.0,0.927984258641576,0.0,0.6454688764613481,0.4845791991990517,0.6903303109863572,0.4091360511285259,0.8399767982265349,0.0,0.667911421304277,0.0,0.6618493528017034,0.0,0.0,0.0,0.0,0.0,0.7460737603367076,0.0,0.0,0.0,0.6354874605297511,0.0,0.0,0.0,0.8128600855698896,0.4144872954164127,0.6358782578999175,0.0,0.0,0.0714126421860272,0.0,0.0,0.0,0.0,0.0,0.0,0.0,0.0369069779423347,0.0,0.0,0.0,0.0,0.0,0.0,0.0,0.0,0.0,0.5479246632364457,0.4450106085879153,0.7458253159071188,0.6027626904589366,0.8246379540741973,0.2737375081343467,0.7091876098741459,0.2154055885431454,0.6866073762050312,0.0034428142787727,0.0,0.0,0.0,0.0,0.7628295952814925,0.0,0.6159957933759571,0.0,0.8153737810318189,0.0,0.4046426491574509,0.3786760534760048,0.5258208439532823,0.3716954600720364,0.0,0.0,0.1974802608528777
0.0,0.0,0.0,0.0,0.0,0.0,0.0,0.0,0.0,0.0,0.0,0.0,0.0,0.0,0.0,0.0,0.0,0.0,0.0,0.0,0.0,0.0,0.0,0.0,0.0,0.0,0.0,0.0,0.0,0.0,0.0,0.0,0.0,0.0,0.0,0.0,0.0,0.0,0.0,0.0,0.0,0.2140509916350414,0.5663788551834281,0.0,0.0,0.0,0.0,0.0,0.0,0.2531531852404987,0.0,0.0,0.0,0.0,0.0,0.0,0.0,0.0,0.4604730399114572,0.0,0.0,0.0,0.0,0.0,0.0,0.0,0.0,0.0,0.0,0.0,0.0,0.0,0.0,0.0,0.0,0.0
