0.0,0.3403903100330974,0.0,0.0,0.0,0.0529367643929813,0.0,0.1794461261345218,0.0,0.4416664999982982,0.0,0.2475086963471616,0.1238099914643867,0.0,0.4819085512796707,0.4125992310815964,0.2055015077537649,0.3553730999073808,0.0,0.3891455288982691,0.5924452202158448,0.4534409885127718,0.3284064628576004,0.3560779501771006,0.4916197544252473,0.5456583917833578,0.2696721472432251,0.2289953258092577,0.4533072573624973,0.0,0.3516016789515635,0.1147931960317763,0.0281957292688265,0.1071964889119482,0.1022369295501665,0.0,0.0,0.1914610436057193,0.0351527541009686,0.0,0.0,0.0,0.0,0.0,0.0,0.7974433939501094,0.333563927985439,0.0,0.0,0.0,0.0,0.0,0.0,0.0,0.3285233284721586,0.0,0.0,0.0,0.0,0.0,0.3163239197672157,0.0,0.360044067587882,0.0,0.0,0.624296285051038,0.3948232755509485,0.0,0.3643961886708281,0.575340807139303,0.6229087756205853,0.0,0.0,0.0,0.0,0.0313376613354334
0.3403903100330974,0.0,0.0,0.0,0.3648943837137441,0.57460736981677,0.3005304399831321,0.2155906292976299,0.4583424623592732,0.0,0.0,0.0,0.3915474358565608,0.0,0.4260954602123346,0.2439780380726298,0.3838553676128458,0.5508744329630947,0.0,0.4448472206005885,0.4031497900635488,0.539378256057461,0.4964362024464238,0.0,0.7137782632894782,0.7689526981890255,0.517418781240371,0.1358488125429911,0.556688781092039,0.0,0.0,0.0535778343359165,0.0,0.0,0.0,0.0,0.0,0.0,0.3321911366394777,0.0,0.0,0.0,0.0,0.0,0.0,0.126216033280659,0.7349041567109986,0.0,0.0,0.0,0.419663852210449,0.0,0.0,0.0,0.0,0.0,0.0,0.0,0.0,0.4752853391515632,0.5623551920135754,0.0,0.4418754281889333,0.0,0.491056516198604,0.1899431560862553,0.5465776497668599,0.4206900695356124,0.0,0.6377573274597186,0.5523762220932468,0.5269178334486367,0.0,0.4765716237748302,0.0,0.1675016693249488
0.0,0.0,0.0,0.0,0.4218815546776041,0.3092536463232818,0.0,0.6192320327943679,0.6282156299732428,0.3198889940776155,0.8811703826894964,0.5592256734295291,0.0,0.0,0.0,0.0,0.0,0.0,0.8988285823273289,0.0,0.0,0.0,0.8781165602128651,0.0,0.0,0.0,0.528982203637512,0.0,0.0,0.0,0.0,0.0,0.0,0.0,0.0,0.0,0.0,0.0,0.1786693935151061,0.0,0.0,0.0,0.0,0.0,0.0,0.0,0.0,0.8131434510354542,0.0,0.4501742781560023,0.2728847259705986,0.309862867637432,0.6646929477018262,0.6064828662714995,0.0,0.8301568077612719,0.0,0.2533389887096545,0.0,0.0,0.0,0.0,0.0,0.7791112335837834,0.0,0.0,0.0,0.7843561584913907,0.0,0.0,0.0,0.5204557941108192,0.1830082693526899,0.0,0.0,0.0
0.0,0.0,0.0,0.0,0.0,0.0,0.2765499485554568,0.0,0.0,0.0,0.0,0.0,0.234181222029168,0.321000467609683,0.0,0.0,0.0,0.0,0.0,0.0,0.0,0.0,0.0,0.0,0.0,0.0,0.0,0.4060113457047061,0.005098814659234,0.0,0.3501088928565146,0.17500923588265,0.0,0.2732975441036105,0.5127884005468035,0.4834489075778354,0.4615995563893544,0.0,0.0,0.0,0.0,0.0,0.0,0.0,0.0,0.0,0.0,0.0,0.0,0.0,0.0,0.0,0.0,0.0,0.0,0.0,0.0,0.0,0.0,0.0,0.0,0.0,0.0,0.0,0.0,0.0,0.0,0.0,0.0,0.0,0.0,0.0,0.0,0.0,0.0,0.0
0.0,0.3648943837137441,0.4218815546776041,0.0,0.0,0.4098969548911537,0.5519088548102743,0.2931691174473151,0.8751674213625918,0.3156025930827988,0.6692416031510096,0.560126626268148,0.3303292795383151,0.2252154257487502,0.0,0.1258034114934426,0.0,0.0,0.5744665912103206,0.5915522556203976,0.0,0.5014941163235481,0.5015232433205677,0.0,0.1308579465423998,0.2211497836750351,0.5259083712518224,0.0,0.1721690230700668,0.0,0.2201615074801248,0.1265724564234501,0.0,0.1319016235347966,0.0,0.0,0.0,0.2393170277726657,0.0768486500728967,0.0,0.0,0.0,0.2090483160520885,0.0,0.0,0.0,0.0,0.5503508944849127,0.0,0.7492783864790323,0.0779145693758439,0.0,0.4411602801396607,0.7548999234715026,0.0,0.6778936710991452,0.0,0.0,0.0,0.0,0.0,0.0,0.0,0.4998208320474013,0.0,0.0,0.0,0.5812520562543614,0.0,0.0,0.0,0.4983716733297124,0.0,0.0,0.0,0.0
0.0529367643929813,0.57460736981677,0.3092536463232818,0.0,0.4098969548911537,0.0,0.3612154699037703,0.3526580143586941,0.5517267262273317,0.2912053775661218,0.341350735455729,0.4128621238925887,0.3692973123721733,0.0,0.1818463813050855,0.0,0.2948767914945542,0.2619298738480022,0.3901968313503646,0.1958836034441476,0.1095181569270481,0.1216717400472589,0.4130314048641222,0.0,0.3805681197212596,0.2954002253291953,0.5184201246020118,0.0,0.6036177327386711,0.1669510480590783,0.0,0.0,0.0,0.0,0.0,0.0,0.0,0.0,0.0,0.0,0.0,0.0,0.0,0.0,0.0,0.0,0.4594513891592509,0.2841987296541859,0.0,0.2946608778874833,0.7621583817076723,0.1717743743853657,0.3289619367088368,0.5421318997290422,0.0,0.3371456746312296,0.0,0.4373708682326006,0.0,0.2674164997502123,0.0,0.0,0.0,0.3261341319270187,0.2466666079354687,0.1129651082061212,0.1962911274890413,0.4811607194364846,0.0,0.0,0.0474846897344046,0.5512713733567144,0.0938616113766262,0.378515502780679,0.1875115768427221,0.0624381679001892
0.0,0.3005304399831321,0.0,0.2765499485554568,0.5519088548102743,0.3612154699037703,0.0,0.0,0.3069057909805183,0.0904765794909775,0.0846933882850351,0.0,0.5133271870650713,0.1887717913808272,0.0,0.3377165076566372,0.073749523117424,0.1977367011200215,0.0735564361402152,0.203299314746925,0.0,0.0832857552546663,0.0,0.0,0.2373788355560904,0.0891797060842418,0.2031093650203341,0.1701287336674677,0.486373120943572,0.0,0.3022850093487642,0.139228105525092,0.0415609291709585,0.2341332722305017,0.3210216880139202,0.1338839193695793,0.0,0.1497656380667113,0.0,0.0,0.0,0.0,0.1323408713187882,0.0,0.0,0.0,0.0,0.0342018979615128,0.0,0.0,0.1841834307013992,0.0,0.0571731334556379,0.2041266747335943,0.0,0.1423408823984014,0.0,0.0,0.0,0.0,0.0,0.0,0.0,0.0,0.0,0.0,0.0,0.1376109378993147,0.0,0.0,0.0,0.1896951839831308,0.0,0.0,0.0,0.0
0.1794461261345218,0.2155906292976299,0.6192320327943679,0.0,0.2931691174473151,0.3526580143586941,0.0,0.0,0.4191675391667401,0.1013067533657929,0.6000063105884265,0.5117734442938399,0.0,0.1182017615901264,0.3954157426939198,0.0,0.0,0.0385660598026358,0.5147305199919741,0.3219840511596509,0.3638526603534111,0.298112243846638,0.530778683478753,0.449254989274559,0.0,0.3420675630299805,0.1784010177217019,0.0083116209608289,0.0,0.3666684128623365,0.063212457810617,0.0211565501085945,0.0,0.1503299163134142,0.0,0.0530447516017561,0.0,0.0,0.0,0.0,0.0,0.0,0.14925713510702,0.0,0.0,0.0,0.0,0.4944808471820218,0.0,0.1753760235502538,0.3176853851396776,0.11909261998433,0.7640822963548618,0.4331682421815655,0.0,0.5372545897465343,0.0,0.242502911904042,0.1732803655231485,0.3552465701395927,0.0,0.0,0.0,0.5603400836319503,0.3994438137474126,0.2535694641511365,0.0,0.3750272215006517,0.0,0.0,0.0,0.1683558908674064,0.2302798212694044,0.0259699424509362,0.0,0.0
0.0,0.4583424623592732,0.6282156299732428,0.0,0.8751674213625918,0.5517267262273317,0.3069057909805183,0.4191675391667401,0.0,0.3922649309222873,0.8100126167818009,0.6480614393922082,0.2541003184307835,0.0525178751241939,0.0,0.0,0.0,0.264244802852617,0.7585187917233681,0.6664432546095258,0.0,0.5755450372622992,0.7285505750179012,0.3887456734721915,0.1816805489670819,0.3493464952622953,0.6846507206493563,0.0,0.1514216840582204,0.4347811178751762,0.0,0.0,0.0,0.0,0.0,0.0,0.0,0.2028520098620468,0.1442003345960431,0.0,0.0,0.0,0.0501595227092094,0.0,0.0,0.0,0.0,0.7352292172792819,0.0,0.8141798119880477,0.2478118268956495,0.3955004763387968,0.4938659637833983,0.9210570228689808,0.0,0.8445354954130357,0.0,0.4945696989858538,0.172608932693383,0.0,0.0,0.0,0.0,0.7157331700788102,0.0,0.0,0.0,0.760621667694708,0.0,0.0,0.0,0.6498332480254083,0.4102181250155775,0.0,0.0,0.0
0.4416664999982982,0.0,0.3198889940776155,0.0,0.3156025930827988,0.2912053775661218,0.0904765794909775,0.1013067533657929,0.3922649309222873,0.0,0.3785786082426076,0.5264589877272953,0.2980139171751044,0.0,0.0,0.0,0.6446932712706684,0.4757187628598809,0.3978759900109262,0.2403499611232071,0.0,0.3209498680152306,0.4632543003617393,0.4080104839704049,0.6180020148733335,0.4113934987722919,0.4188104743898707,0.0704926494332519,0.3811276171784746,0.0,0.0,0.0,0.0,0.0,0.0,0.0,0.0,0.2863312490725589,0.113848565936296,0.0,0.0,0.0,0.0,0.0,0.2449427971578307,0.292647736104384,0.0,0.0,0.0,0.0,0.0,0.0,0.0,0.0,0.6858239942634193,0.0,0.4353425826126166,0.3732755397524409,0.0,0.0,0.0,0.5087836294494018,0.5412358655107998,0.0,0.0,0.0,0.0,0.0,0.5588416196029248,0.5458982613939619,0.3723106290983462,0.0,0.1767104838102867,0.0,0.0,0.4303280250083132
0.0,0.0,0.8811703826894964,0.0,0.6692416031510096,0.341350735455729,0.0846933882850351,0.6000063105884265,0.8100126167818009,0.3785786082426076,0.0,0.6455581889975381,0.0337282836052647,0.0,0.0,0.0,0.3837135809224626,0.0,0.8883819550859747,0.0,0.0,0.0,0.878753613971596,0.4825460699765046,0.0,0.4669079144918059,0.6194507433942076,0.0,0.0,0.0,0.0,0.0,0.0,0.0,0.0,0.0,0.0,0.1317943799057873,0.2808031901223076,0.0,0.0,0.0,0.0109935704548294,0.0,0.0,0.0,0.0,0.8092807044193191,0.0,0.6429825702899855,0.1882144693739406,0.3595991385154056,0.703426379659293,0.7002674921557211,0.0,0.9684023609389426,0.0,0.3532360119562207,0.1484209855120705,0.0,0.0,0.0,0.0,0.8048555246071905,0.0,0.0,0.0,0.8486433696362701,0.0,0.0,0.0,0.5755649369505699,0.256182147149843,0.0,0.0,0.0
0.2475086963471616,0.0,0.5592256734295291,0.0,0.560126626268148,0.4128621238925887,0.0,0.5117734442938399,0.6480614393922082,0.5264589877272953,0.6455581889975381,0.0,0.1862120948168792,0.0,0.0,0.0,0.6075565839156452,0.49854845391456,0.5814662946470934,0.0,0.3980063495429632,0.0,0.6291388606134929,0.7038218889295161,0.4365909265033354,0.5787939405092116,0.537266644024905,0.0245846645867086,0.0,0.0,0.0,0.0,0.0,0.0,0.0,0.0,0.0,0.1475243465650962,0.2215752387223287,0.0,0.0,0.0,0.1070316663294047,0.0,0.1631535424779213,0.0,0.0,0.0,0.0,0.0,0.0,0.0,0.0,0.0,0.6803930342563907,0.0,0.7596802950485553,0.4215014832747328,0.0,0.0,0.0,0.6364140914393394,0.6310128786920569,0.0,0.0,0.0,0.0,0.0,0.6284713294374729,0.4862608776419776,0.5329059410389468,0.0,0.4777727635673438,0.0,0.0,0.3266674550120456
0.1238099914643867,0.3915474358565608,0.0,0.234181222029168,0.3303292795383151,0.3692973123721733,0.5133271870650713,0.0,0.2541003184307835,0.2980139171751044,0.0337282836052647,0.1862120948168792,0.0,0.0,0.0,0.1152318602552844,0.3353537449642831,0.3933911342342225,0.0,0.0821642030415362,0.0,0.0408675105539287,0.0510512426055983,0.0,0.4023747624841979,0.1313189921737879,0.1815181185431336,0.6017716322715324,0.3924640653370433,0.3285622134393994,0.0,0.0,0.0335556989668627,0.0,0.0755382750349815,0.2210976795654827,0.1326959569892114,0.1914440998226414,0.0148671955201602,0.0,0.0,0.0,0.1172314337056381,0.0,0.0115972813211085,0.0,0.0,0.0,0.0,0.0,0.2289610305223024,0.4074574638897915,0.0,0.0,0.0,0.0,0.0311149175920807,0.0,0.0,0.1261347902523348,0.0,0.0,0.0,0.0,0.0824650145006185,0.0,0.0459452717853228,0.1372159240307836,0.0,0.0644077680457504,0.0,0.1918510454949257,0.0,0.2761884121055202,0.0,0.0
0.0,0.0,0.0,0.321000467609683,0.2252154257487502,0.0,0.1887717913808272,0.1182017615901264,0.0525178751241939,0.0,0.0,0.0,0.0,0.0,0.0,0.0,0.0,0.0,0.0,0.0,0.0,0.0,0.0,0.0,0.0,0.0,0.0,0.0532420894723914,0.0,0.0,0.2945318194943873,0.0917134444234347,0.0,0.298743919366458,0.0,0.2565134488935147,0.0938423938308002,0.0,0.0,0.0,0.0,0.0,0.292211794064662,0.0,0.0,0.0,0.0,0.0,0.0,0.0,0.0,0.0,0.0,0.0,0.0,0.0079793886533125,0.0,0.0,0.0,0.0,0.0,0.0,0.0,0.0,0.0,0.0,0.0,0.0,0.0,0.0,0.0,0.0,0.0,0.0,0.0,0.0
0.4819085512796707,0.4260954602123346,0.0,0.0,0.0,0.1818463813050855,0.0,0.3954157426939198,0.0,0.0,0.0,0.0,0.0,0.0,0.0,0.0,0.0,0.2155511999792931,0.0,0.7596391309375342,0.7319620116593974,0.8558605804470577,0.8252107515150828,0.4463509764917281,0.1920378642995753,0.6592827684091456,0.592883240168507,0.0,0.0839984797995728,0.0,0.0,0.1049193460721841,0.0,0.0,0.0,0.0,0.0,0.0,0.5106009993994727,0.0,0.0,0.0,0.0,0.0,0.0,0.0,0.4227073504573653,0.0,0.0,0.0,0.1045710769452974,0.0,0.4922640310133769,0.0,0.0,0.0,0.0,0.349754620515922,0.0,0.9698590193815748,0.5941701282684115,0.0,0.0,0.0,0.8454978115598191,0.4482113565099972,0.891611251734906,0.7558566827642178,0.0,0.474901783776558,0.6608944683809397,0.5776903972834522,0.4160736490561098,0.5126567557159651,0.0,0.408673813133933
0.4125992310815964,0.2439780380726298,0.0,0.0,0.1258034114934426,0.0,0.3377165076566372,0.0,0.0,0.0,0.0,0.0,0.1152318602552844,0.0,0.0,0.0,0.0,0.4489763619524846,0.0,0.264635419545239,0.0303043241835476,0.2537987264704668,0.0,0.0331100649705003,0.2633225331043942,0.2288165682740262,0.0,0.218853800069301,0.3063862921525951,0.3288169565276901,0.7952980222185851,0.6484842585579224,0.3609956263370124,0.564756008879016,0.4358857705132856,0.0,0.0,0.0,0.081146377718142,0.2557173950514452,0.3511666137905908,0.3175083042621988,0.0,0.0,0.0,0.4636836150088254,0.1784698042868104,0.0,0.0,0.0,0.0,0.0,0.0,0.0,0.0,0.0,0.0,0.0,0.0,0.0,0.0,0.0,0.0,0.0,0.0637618900962756,0.0126137899080625,0.104420438464025,0.0,0.0,0.1305442727167399,0.2171249754767768,0.0,0.0,0.0,0.0,0.0
0.2055015077537649,0.3838553676128458,0.0,0.0,0.0,0.2948767914945542,0.073749523117424,0.0,0.0,0.6446932712706684,0.3837135809224626,0.6075565839156452,0.3353537449642831,0.0,0.0,0.0,0.0,0.7511123936728538,0.0,0.1910363955452125,0.0,0.2266834224348685,0.0,0.4556966085280503,0.498621258608097,0.3164375829277213,0.0,0.0,0.2269075019144434,0.0,0.0,0.0,0.0189115390682214,0.0,0.0,0.0,0.0,0.555629572961207,0.0,0.0,0.0,0.0,0.0,0.0,0.0,0.0,0.0,0.0,0.0,0.0,0.0,0.0,0.0,0.0,0.6442651956241789,0.0,0.32881638494565,0.0,0.0,0.0,0.0,0.6386449742787988,0.6606126357646167,0.0,0.0,0.0,0.0,0.0,0.5867190697528434,0.3012729173505306,0.217789052395655,0.0,0.0,0.0,0.0,0.0
0.3553730999073808,0.5508744329630947,0.0,0.0,0.0,0.2619298738480022,0.1977367011200215,0.0385660598026358,0.264244802852617,0.4757187628598809,0.0,0.49854845391456,0.3933911342342225,0.0,0.2155511999792931,0.4489763619524846,0.7511123936728538,0.0,0.0,0.2588340957907232,0.1272347291663041,0.2863743052983714,0.2796142977578134,0.3776472460181825,0.7072470757444992,0.4526922719552704,0.1213269966371303,0.2273584045673698,0.4309496015396971,0.3584035383466821,0.1754739986142022,0.0780442837825198,0.2016947915440011,0.0,0.0,0.0,0.0,0.0,0.4269856405397898,0.0,0.0,0.0,0.0,0.0,0.0,0.2992889273430899,0.1851883227524192,0.0,0.0,0.0,0.0,0.0,0.0,0.0,0.4744821672357734,0.0,0.2977864663265641,0.0,0.0,0.0,0.5527747547152568,0.5477736781379817,0.6417385131515566,0.0,0.0,0.0,0.3105526725030925,0.0,0.3887752643935444,0.4477533859082729,0.3439247694637242,0.0,0.0,0.0,0.0,0.3433360455263325
0.0,0.0,0.8988285823273289,0.0,0.5744665912103206,0.3901968313503646,0.0735564361402152,0.5147305199919741,0.7585187917233681,0.3978759900109262,0.8883819550859747,0.5814662946470934,0.0,0.0,0.0,0.0,0.0,0.0,0.0,0.0,0.0,0.0,0.9203688557414434,0.0,0.0,0.0,0.6527359722649066,0.0,0.0,0.0,0.0,0.0,0.0,0.0,0.0,0.0,0.0,0.1392303545291693,0.3874749533369897,0.0,0.0,0.0,0.0,0.0,0.0,0.0,0.0,0.8219717748567085,0.0,0.6186804502865925,0.2389481369825039,0.3655202177914964,0.6052181164894417,0.6420341815759114,0.0,0.8746065113661706,0.0,0.3679613968440405,0.0,0.0,0.0,0.0,0.0,0.8106076316928091,0.0,0.0,0.0,0.8599304573502383,0.0,0.0,0.0,0.6389093648834452,0.0,0.0,0.0,0.0
0.3891455288982691,0.4448472206005885,0.0,0.0,0.5915522556203976,0.1958836034441476,0.203299314746925,0.3219840511596509,0.6664432546095258,0.2403499611232071,0.0,0.0,0.0821642030415362,0.0,0.7596391309375342,0.264635419545239,0.1910363955452125,0.2588340957907232,0.0,0.0,0.6612444035415451,0.9305650979051868,0.5204846135296044,0.0,0.1944431485593661,0.5698287265301705,0.6706557820738082,0.0425753713772812,0.0836948423615059,0.6574019500308954,0.3458420057833459,0.4589958977843818,0.0,0.1574945698244374,0.0,0.0,0.0,0.0,0.3990536045583974,0.0,0.0,0.0422792526216072,0.0,0.0,0.0,0.0,0.4303463172557611,0.0,0.0,0.0,0.0,0.0,0.4386734508025419,0.0,0.0,0.0,0.0,0.2144146493643843,0.0,0.7762203783387132,0.4196402482583877,0.0,0.0,0.0,0.9158335582373198,0.3709234167907632,0.8352527113315303,0.4571282263423223,0.0,0.3741128941545118,0.544638169033734,0.6707404735847804,0.4555161267772041,0.3445063020485039,0.3626873068415427,0.0466584065891765
0.5924452202158448,0.4031497900635488,0.0,0.0,0.0,0.1095181569270481,0.0,0.3638526603534111,0.0,0.0,0.0,0.3980063495429632,0.0,0.0,0.7319620116593974,0.0303043241835476,0.0,0.1272347291663041,0.0,0.6612444035415451,0.0,0.7102459543874571,0.5855176617219124,0.5130098877974753,0.3200154845520727,0.6881633497951507,0.4484394210681288,0.0214625062067743,0.2734608262632583,0.0,0.0578533314968913,0.2203362286951981,0.0,0.0,0.0,0.0,0.0,0.0,0.3689216572701055,0.0,0.0,0.0314988583209209,0.0,0.0,0.0,0.3451812490901173,0.5090559763160166,0.0,0.0,0.0,0.107015147813395,0.0,0.3932979401117538,0.0,0.0,0.0,0.0,0.2066297971371933,0.0,0.660634620049028,0.4883711068371854,0.0,0.0,0.0,0.6616540230720929,0.7248213725420324,0.71178758122024,0.46393554676029,0.0,0.6224103582763638,0.7219000969922231,0.4350461329495356,0.3879042541367754,0.5625884926881086,0.0,0.2861106538523965
0.4534409885127718,0.539378256057461,0.0,0.0,0.5014941163235481,0.1216717400472589,0.0832857552546663,0.298112243846638,0.5755450372622992,0.3209498680152306,0.0,0.0,0.0408675105539287,0.0,0.8558605804470577,0.2537987264704668,0.2266834224348685,0.2863743052983714,0.0,0.9305650979051868,0.7102459543874571,0.0,0.5843469695926419,0.0,0.2597855337488436,0.7153664762423807,0.701321968906707,0.0,0.124546456458732,0.6324066766852388,0.2187316838060379,0.4212825949793701,0.0,0.0474065030192271,0.0,0.0,0.0,0.0,0.5143620004963589,0.0,0.0,0.0,0.0,0.0,0.0,0.208332323115664,0.523602869013467,0.0,0.0,0.0,0.0,0.0,0.0,0.0,0.0,0.0,0.0,0.0,0.0,0.8534117013885868,0.5714449015143988,0.0,0.364452593875547,0.0,0.9072872831720328,0.3973686863258956,0.9489614849844156,0.4983937763815214,0.0,0.4918113896130335,0.6831673291313715,0.6875068141538894,0.415950365978834,0.444765519858362,0.0,0.1756368594710328
0.3284064628576004,0.4964362024464238,0.8781165602128651,0.0,0.5015232433205677,0.4130314048641222,0.0,0.530778683478753,0.7285505750179012,0.4632543003617393,0.878753613971596,0.6291388606134929,0.0510512426055983,0.0,0.8252107515150828,0.0,0.0,0.2796142977578134,0.9203688557414434,0.5204846135296044,0.5855176617219124,0.5843469695926419,0.0,0.5381661504597628,0.2701585323058537,0.6291723070242132,0.6362434662637189,0.0,0.2532239668493136,0.4505481764155217,0.0,0.0,0.0,0.0,0.0,0.0,0.0,0.1148009892566541,0.4068305469399966,0.0,0.0,0.0,0.0,0.0,0.0,0.0,0.4507658597197881,0.7207768252457112,0.0,0.6156641557444733,0.3803886290008957,0.4391745628897147,0.5827211808272201,0.6535848273180956,0.0,0.8603563640367577,0.0,0.4675627644000728,0.0,0.8204516528807815,0.0,0.0,0.0,0.7093013695658813,0.7209493969832161,0.3820712431897922,0.7113227048607558,0.9303727735019228,0.0,0.5184083539428356,0.5688375986905335,0.6288075649195688,0.3383194308620169,0.6216542270467635,0.6132555631021754,0.5748516901630453
0.3560779501771006,0.0,0.0,0.0,0.0,0.0,0.0,0.449254989274559,0.3887456734721915,0.4080104839704049,0.4825460699765046,0.7038218889295161,0.0,0.0,0.4463509764917281,0.0331100649705003,0.4556966085280503,0.3776472460181825,0.0,0.0,0.5130098877974753,0.0,0.5381661504597628,0.0,0.3765109966150523,0.5863609825953624,0.2745428488077976,0.0,0.0,0.0,0.0526953474554697,0.0318470094042428,0.083108797476357,0.0,0.0,0.0,0.0,0.1565162715724853,0.2635021211398415,0.0,0.0,0.0,0.0,0.0,0.2297093428407002,0.2036417931398973,0.0,0.0,0.0,0.0,0.0,0.0,0.0,0.0,0.5441006024735086,0.0,0.6449820445490512,0.0,0.0,0.0,0.5023595260305588,0.5196064524027196,0.5569024883894772,0.0,0.0,0.0,0.0,0.0,0.7679757194948469,0.4753006955835124,0.599034635131973,0.0,0.3366842006202205,0.0,0.0,0.3687498537305703
0.4916197544252473,0.7137782632894782,0.0,0.0,0.1308579465423998,0.3805681197212596,0.2373788355560904,0.0,0.1816805489670819,0.6180020148733335,0.0,0.4365909265033354,0.4023747624841979,0.0,0.1920378642995753,0.2633225331043942,0.498621258608097,0.7072470757444992,0.0,0.1944431485593661,0.3200154845520727,0.2597855337488436,0.2701585323058537,0.3765109966150523,0.0,0.57066384663378,0.3068330150715803,0.1860933274390556,0.6551005164320461,0.0,0.0,0.0,0.0201677500505131,0.0,0.0,0.0,0.0,0.2048542215969934,0.2178460508126636,0.0,0.0,0.0,0.0,0.0,0.0,0.3710760491019256,0.4601269057650541,0.0,0.0,0.0,0.0,0.0,0.0,0.0,0.5155543696453554,0.0,0.2401815608885943,0.2571861068424028,0.0,0.255808674549723,0.507777944747484,0.4613046263411328,0.5624522288511998,0.0,0.2101201960714457,0.3491883898081888,0.2607767493910159,0.2471283919268607,0.3592698229429046,0.7291709112022947,0.4683455999350306,0.0,0.0,0.5128682708446604,0.0,0.3048069366828052
0.5456583917833578,0.7689526981890255,0.0,0.0,0.2211497836750351,0.2954002253291953,0.0891797060842418,0.3420675630299805,0.3493464952622953,0.4113934987722919,0.4669079144918059,0.5787939405092116,0.1313189921737879,0.0,0.6592827684091456,0.2288165682740262,0.3164375829277213,0.4526922719552704,0.0,0.5698287265301705,0.6881633497951507,0.7153664762423807,0.6291723070242132,0.5863609825953624,0.57066384663378,0.0,0.5087104340411113,0.0815501904159841,0.4058935467659417,0.0,0.0,0.1867386341647891,0.0900057766638654,0.0,0.0,0.0,0.0,0.0307250708415973,0.4586563032201814,0.0,0.0,0.0,0.0,0.0,0.0999828551846409,0.2616191829366583,0.7063018736005314,0.0,0.0,0.0,0.2341454989437749,0.0,0.0,0.0,0.4885972337464973,0.0,0.5048029037507713,0.2162300898648559,0.0,0.6517914219933463,0.6742065822782362,0.4257741227715459,0.4969532313049275,0.0,0.6410725595874799,0.4537605980722874,0.7544930562177801,0.4805143661740469,0.4973385953306596,0.7285516045110341,0.8479014785572945,0.5207438603305494,0.3572320913358554,0.5017058199937878,0.0,0.2333573555126042
0.2696721472432251,0.517418781240371,0.528982203637512,0.0,0.5259083712518224,0.5184201246020118,0.2031093650203341,0.1784010177217019,0.6846507206493563,0.4188104743898707,0.6194507433942076,0.537266644024905,0.1815181185431336,0.0,0.592883240168507,0.0,0.0,0.1213269966371303,0.6527359722649066,0.6706557820738082,0.4484394210681288,0.701321968906707,0.6362434662637189,0.2745428488077976,0.3068330150715803,0.5087104340411113,0.0,0.0,0.3667208631916319,0.3831247385396402,0.0,0.0577639620127034,0.0,0.0,0.0,0.0,0.0,0.0,0.2225753930287317,0.0,0.0,0.0,0.0,0.0,0.0,0.0,0.4975357227275723,0.5302369794284106,0.0,0.5040908756825441,0.2468619949330669,0.4793295472694142,0.2711895841282012,0.7161500136915124,0.0,0.5723465826017972,0.0,0.2694008301044266,0.0,0.6402217070570336,0.0,0.0,0.0,0.5262629836635246,0.6873365284420606,0.2425578101350655,0.6576431476787473,0.5849554026117328,0.0,0.0,0.3302942344737956,0.9266177681850258,0.2442868555894178,0.5982233964409005,0.3644186595503579,0.2490166118797654
0.2289953258092577,0.1358488125429911,0.0,0.4060113457047061,0.0,0.0,0.1701287336674677,0.0083116209608289,0.0,0.0704926494332519,0.0,0.0245846645867086,0.6017716322715324,0.0532420894723914,0.0,0.218853800069301,0.0,0.2273584045673698,0.0,0.0425753713772812,0.0214625062067743,0.0,0.0,0.0,0.1860933274390556,0.0815501904159841,0.0,0.0,0.0291815144439659,0.4117951285488422,0.1537911388634207,0.051289786409112,0.0459014644956305,0.037445429760924,0.1904800837337943,0.3146444150147246,0.3375977319900131,0.095223320334815,0.0,0.0,0.0168241207700341,0.0819534921539952,0.195084312050338,0.0,0.0,0.0,0.0,0.0,0.0,0.0,0.0,0.0,0.0,0.0,0.0,0.0,0.0496217536322708,0.2278295896628336,0.0,0.0,0.0,0.0,0.0,0.0,0.0,0.0200277298289504,0.0,0.0,0.0,0.025292274057639,0.121346948673562,0.0,0.4748816606152414,0.0,0.0,0.0
0.4533072573624973,0.556688781092039,0.0,0.005098814659234,0.1721690230700668,0.6036177327386711,0.486373120943572,0.0,0.1514216840582204,0.3811276171784746,0.0,0.0,0.3924640653370433,0.0,0.0839984797995728,0.3063862921525951,0.2269075019144434,0.4309496015396971,0.0,0.0836948423615059,0.2734608262632583,0.124546456458732,0.2532239668493136,0.0,0.6551005164320461,0.4058935467659417,0.3667208631916319,0.0291815144439659,0.0,0.2766634946165209,0.0582694608826931,0.0542526862080256,0.048467782956386,0.0,0.0352725447239579,0.0,0.0,0.0,0.0461513705751353,0.0,0.0,0.0058285866166388,0.0,0.0,0.0,0.0,0.5094929127119173,0.0,0.0,0.0,0.5044290908037888,0.3060305538527257,0.0,0.1367269145618483,0.0,0.0,0.0,0.4060608917638937,0.0,0.1772358298656061,0.0,0.0,0.0,0.0,0.0729264365886423,0.3318162298534418,0.1218194527051538,0.2338876129204981,0.0,0.0,0.2538599102317037,0.2891643947556976,0.0461542865519982,0.6127247802998698,0.1485809820358501,0.0622320409754342
0.0,0.0,0.0,0.0,0.0,0.1669510480590783,0.0,0.3666684128623365,0.4347811178751762,0.0,0.0,0.0,0.3285622134393994,0.0,0.0,0.3288169565276901,0.0,0.3584035383466821,0.0,0.6574019500308954,0.0,0.6324066766852388,0.4505481764155217,0.0,0.0,0.0,0.3831247385396402,0.4117951285488422,0.2766634946165209,0.0,0.3243005504367811,0.3530979515471474,0.0,0.1033298882894745,0.0,0.0,0.0,0.0,0.0,0.0,0.0,0.0,0.0,0.0,0.0,0.0,0.0,0.0,0.0,0.0,0.0,0.0,0.0,0.0,0.0,0.0,0.0,0.0,0.0,0.0,0.0,0.0,0.0,0.0,0.5756335777215404,0.0,0.0,0.3611208897686168,0.0,0.0,0.0,0.4087514943870581,0.0,0.4052919520822053,0.0,0.0
0.3516016789515635,0.0,0.0,0.3501088928565146,0.2201615074801248,0.0,0.3022850093487642,0.063212457810617,0.0,0.0,0.0,0.0,0.0,0.2945318194943873,0.0,0.7952980222185851,0.0,0.1754739986142022,0.0,0.3458420057833459,0.0578533314968913,0.2187316838060379,0.0,0.0526953474554697,0.0,0.0,0.0,0.1537911388634207,0.0582694608826931,0.3243005504367811,0.0,0.6201508149915212,0.3296372436284159,0.7525812996472787,0.5019064468494768,0.0621074161145566,0.0251154953129971,0.134873910379521,0.0,0.3580298225128049,0.3434505280664356,0.0,0.2070864663603891,0.0,0.0,0.0,0.0722564026462278,0.0,0.0,0.0,0.0,0.0,0.0937951302387965,0.0,0.0,0.0,0.2391549885374586,0.0,0.0,0.0,0.0,0.0,0.0,0.0,0.0515370626624113,0.0763285645119558,0.0,0.0,0.0,0.0,0.1620239654604009,0.0,0.1584491140971624,0.0,0.0,0.0
0.1147931960317763,0.0535778343359165,0.0,0.17500923588265,0.1265724564234501,0.0,0.139228105525092,0.0211565501085945,0.0,0.0,0.0,0.0,0.0,0.0917134444234347,0.1049193460721841,0.6484842585579224,0.0,0.0780442837825198,0.0,0.4589958977843818,0.2203362286951981,0.4212825949793701,0.0,0.0318470094042428,0.0,0.1867386341647891,0.0577639620127034,0.051289786409112,0.0542526862080256,0.3530979515471474,0.6201508149915212,0.0,0.2299469330816826,0.4675505117051389,0.2498687402415589,0.0,0.0,0.0,0.4204292177763732,0.2812010272452026,0.3202162934624471,0.3086724413882413,0.0,0.0,0.0,0.1202572115107258,0.2310070632408807,0.0215870638958251,0.0,0.0109581386146951,0.0,0.0869502524692266,0.0571259938699304,0.0356106296267463,0.0,0.0,0.2066790684133683,0.0,0.0,0.0893597237838181,0.0,0.0,0.0,0.0617583005876627,0.2356678023889984,0.071590860272338,0.2219234838712196,0.0,0.0,0.0,0.2466575778058827,0.0766722693709522,0.1930044522305991,0.0,0.0,0.0
0.0281957292688265,0.0,0.0,0.0,0.0,0.0,0.0415609291709585,0.0,0.0,0.0,0.0,0.0,0.0335556989668627,0.0,0.0,0.3609956263370124,0.0189115390682214,0.2016947915440011,0.0,0.0,0.0,0.0,0.0,0.083108797476357,0.0201677500505131,0.0900057766638654,0.0,0.0459014644956305,0.048467782956386,0.0,0.3296372436284159,0.2299469330816826,0.0,0.5018146580966147,0.2838735567130559,0.0522945633227164,0.0602868850312463,0.152313563244948,0.0080695139609108,0.5825930506515704,0.4177440083247963,0.1691364349039398,0.0,0.0,0.0182359283565555,0.0817558663683736,0.0,0.0,0.0,0.0,0.0,0.0,0.0,0.0,0.0,0.0,0.0,0.0,0.0,0.0,0.0196539150860973,0.0,0.0103516124447969,0.0,0.0,0.0,0.0,0.0,0.0,0.0,0.1121958924773023,0.0,0.0,0.0,0.0,0.0
0.1071964889119482,0.0,0.0,0.2732975441036105,0.1319016235347966,0.0,0.2341332722305017,0.1503299163134142,0.0,0.0,0.0,0.0,0.0,0.298743919366458,0.0,0.564756008879016,0.0,0.0,0.0,0.1574945698244374,0.0,0.0474065030192271,0.0,0.0,0.0,0.0,0.0,0.037445429760924,0.0,0.1033298882894745,0.7525812996472787,0.4675505117051389,0.5018146580966147,0.0,0.4935006480485762,0.1654258399702308,0.0801402037160561,0.0,0.0,0.6405989360671537,0.435967796994867,0.4527877471123118,0.1601271743870867,0.0,0.0,0.2457020437358776,0.0,0.0,0.0,0.0,0.0,0.0,0.1817054515546323,0.0,0.0,0.0,0.1513160300102434,0.0,0.0,0.0,0.0,0.0,0.0,0.0,0.0,0.0,0.0,0.0,0.0,0.0,0.0279704185593942,0.0,0.0712710824240331,0.0,0.0,0.0
0.1022369295501665,0.0,0.0,0.5127884005468035,0.0,0.0,0.3210216880139202,0.0,0.0,0.0,0.0,0.0,0.0755382750349815,0.0,0.0,0.4358857705132856,0.0,0.0,0.0,0.0,0.0,0.0,0.0,0.0,0.0,0.0,0.0,0.1904800837337943,0.0352725447239579,0.0,0.5019064468494768,0.2498687402415589,0.2838735567130559,0.4935006480485762,0.0,0.1511237188458621,0.0526830161914943,0.1156327263250019,0.0,0.3158033306399933,0.3466041454801928,0.3088979174148947,0.1118530124510413,0.0,0.0,0.0,0.0,0.0,0.0,0.0,0.0,0.0,0.0,0.0,0.0,0.0,0.0,0.0,0.0,0.0,0.0,0.0,0.0,0.0,0.0,0.0,0.0,0.0,0.0,0.0,0.0,0.0,0.0,0.0,0.0,0.0
0.0,0.0,0.0,0.4834489075778354,0.0,0.0,0.1338839193695793,0.0530447516017561,0.0,0.0,0.0,0.0,0.2210976795654827,0.2565134488935147,0.0,0.0,0.0,0.0,0.0,0.0,0.0,0.0,0.0,0.0,0.0,0.0,0.0,0.3146444150147246,0.0,0.0,0.0621074161145566,0.0,0.0522945633227164,0.1654258399702308,0.1511237188458621,0.0,0.753424399965426,0.0,0.0,0.1769292933803585,0.2462583352138807,0.0538633215104219,0.2244729804836117,0.0,0.0,0.0,0.0,0.0,0.0,0.0,0.3180233024923343,0.0,0.0,0.0,0.0,0.0,0.0,0.0,0.0,0.0,0.0,0.0,0.0,0.0,0.0,0.0,0.0,0.0,0.0,0.0,0.0,0.0,0.0,0.0,0.0,0.0
0.0,0.0,0.0,0.4615995563893544,0.0,0.0,0.0,0.0,0.0,0.0,0.0,0.0,0.1326959569892114,0.0938423938308002,0.0,0.0,0.0,0.0,0.0,0.0,0.0,0.0,0.0,0.0,0.0,0.0,0.0,0.3375977319900131,0.0,0.0,0.0251154953129971,0.0,0.0602868850312463,0.0801402037160561,0.0526830161914943,0.753424399965426,0.0,0.0,0.0,0.0,0.2843915158946368,0.0,0.0729657139108992,0.0,0.0,0.0,0.0,0.0,0.0,0.0,0.0,0.0,0.0,0.0,0.0,0.0,0.0,0.0,0.0,0.0,0.0,0.0,0.0,0.0,0.0,0.0,0.0,0.0,0.0,0.0,0.0,0.0,0.0,0.0,0.0,0.0
0.1914610436057193,0.0,0.0,0.0,0.2393170277726657,0.0,0.1497656380667113,0.0,0.2028520098620468,0.2863312490725589,0.1317943799057873,0.1475243465650962,0.1914440998226414,0.0,0.0,0.0,0.555629572961207,0.0,0.1392303545291693,0.0,0.0,0.0,0.1148009892566541,0.1565162715724853,0.2048542215969934,0.0307250708415973,0.0,0.095223320334815,0.0,0.0,0.134873910379521,0.0,0.152313563244948,0.0,0.1156327263250019,0.0,0.0,0.0,0.2332290183159208,0.0,0.024414497067623,0.0,0.0,0.0,0.37777152761665,0.0,0.0,0.0,0.0,0.0,0.0,0.0,0.0,0.0,0.2185820574085521,0.0,0.0524430682175634,0.0,0.0,0.0,0.0,0.0,0.0,0.0,0.0,0.0,0.0,0.0,0.2813192515371786,0.0,0.0,0.0,0.2262072210857042,0.0,0.0,0.0
0.0351527541009686,0.3321911366394777,0.1786693935151061,0.0,0.0768486500728967,0.0,0.0,0.0,0.1442003345960431,0.113848565936296,0.2808031901223076,0.2215752387223287,0.0148671955201602,0.0,0.5106009993994727,0.081146377718142,0.0,0.4269856405397898,0.3874749533369897,0.3990536045583974,0.3689216572701055,0.5143620004963589,0.4068305469399966,0.2635021211398415,0.2178460508126636,0.4586563032201814,0.2225753930287317,0.0,0.0461513705751353,0.0,0.0,0.4204292177763732,0.0080695139609108,0.0,0.0,0.0,0.0,0.2332290183159208,0.0,0.0,0.0,0.0,0.0,0.1927456720946803,0.1891715908170874,0.0,0.2365296900372415,0.144288556976719,0.0700742854654621,0.2576503328494636,0.0,0.3078542738159196,0.0403407618594394,0.0622357929681095,0.3778635389762468,0.2956405706806698,0.1527169887867868,0.1786195905416873,0.0,0.4344062855320346,0.5060069224059169,0.3259284596262345,0.3763922128407529,0.3037824294988797,0.4900148376044709,0.030100477764149,0.5186812073175777,0.3111571411448967,0.3261915238117785,0.3119050059440331,0.3639143755260065,0.1874515034363134,0.2868879646956257,0.3014012768712014,0.4019764193191975,0.5084275837839144
0.0,0.0,0.0,0.0,0.0,0.0,0.0,0.0,0.0,0.0,0.0,0.0,0.0,0.0,0.0,0.2557173950514452,0.0,0.0,0.0,0.0,0.0,0.0,0.0,0.0,0.0,0.0,0.0,0.0,0.0,0.0,0.3580298225128049,0.2812010272452026,0.5825930506515704,0.6405989360671537,0.3158033306399933,0.1769292933803585,0.0,0.0,0.0,0.0,0.4657367704432588,0.2934179446609882,0.0,0.0,0.0,0.0673709171250117,0.0,0.0,0.0,0.0,0.0,0.0,0.0355261662028222,0.0,0.0,0.0,0.0,0.0,0.0,0.0,0.0,0.0,0.0,0.0,0.0,0.0,0.0,0.0,0.0,0.0,0.0,0.0,0.0,0.0,0.0,0.0
0.0,0.0,0.0,0.0,0.0,0.0,0.0,0.0,0.0,0.0,0.0,0.0,0.0,0.0,0.0,0.3511666137905908,0.0,0.0,0.0,0.0,0.0,0.0,0.0,0.0,0.0,0.0,0.0,0.0168241207700341,0.0,0.0,0.3434505280664356,0.3202162934624471,0.4177440083247963,0.435967796994867,0.3466041454801928,0.2462583352138807,0.2843915158946368,0.024414497067623,0.0,0.4657367704432588,0.0,0.3278374922297112,0.1882526360153715,0.0030483072260267,0.0,0.0882038644556465,0.0,0.0,0.3169155947839273,0.0,0.0,0.0,0.0,0.0,0.0,0.0,0.0,0.0,0.1184365907154632,0.0,0.0,0.0,0.0,0.0,0.0,0.0,0.0,0.0,0.0,0.0,0.0,0.0,0.0,0.0,0.0,0.0
0.0,0.0,0.0,0.0,0.0,0.0,0.0,0.0,0.0,0.0,0.0,0.0,0.0,0.0,0.0,0.3175083042621988,0.0,0.0,0.0,0.0422792526216072,0.0314988583209209,0.0,0.0,0.0,0.0,0.0,0.0,0.0819534921539952,0.0058285866166388,0.0,0.0,0.3086724413882413,0.1691364349039398,0.4527877471123118,0.3088979174148947,0.0538633215104219,0.0,0.0,0.0,0.2934179446609882,0.3278374922297112,0.0,0.2209798834550063,0.0,0.0,0.3088222212754861,0.0,0.0,0.0368039248408033,0.0,0.0,0.0,0.1351961600480897,0.0,0.0,0.0,0.0,0.0,0.0,0.0,0.0,0.0,0.0,0.0,0.0,0.0664895952545249,0.0,0.0,0.0,0.0,0.0,0.0,0.0177562072987299,0.0,0.0,0.0
0.0,0.0,0.0,0.0,0.2090483160520885,0.0,0.1323408713187882,0.14925713510702,0.0501595227092094,0.0,0.0109935704548294,0.1070316663294047,0.1172314337056381,0.292211794064662,0.0,0.0,0.0,0.0,0.0,0.0,0.0,0.0,0.0,0.0,0.0,0.0,0.0,0.195084312050338,0.0,0.0,0.2070864663603891,0.0,0.0,0.1601271743870867,0.1118530124510413,0.2244729804836117,0.0729657139108992,0.0,0.0,0.0,0.1882526360153715,0.2209798834550063,0.0,0.2945035935865487,0.0729812431689464,0.0,0.0,0.0,0.2018542510463212,0.0,0.0,0.0,0.094622100587381,0.0,0.0927195416565835,0.0,0.1051128224055086,0.3135483620157597,0.4083890755002439,0.0,0.0,0.1939433472382146,0.0,0.0,0.0,0.0575080284754566,0.0,0.0,0.1282993944888696,0.0,0.0,0.0,0.2432819309601907,0.0,0.0,0.0
0.0,0.0,0.0,0.0,0.0,0.0,0.0,0.0,0.0,0.0,0.0,0.0,0.0,0.0,0.0,0.0,0.0,0.0,0.0,0.0,0.0,0.0,0.0,0.0,0.0,0.0,0.0,0.0,0.0,0.0,0.0,0.0,0.0,0.0,0.0,0.0,0.0,0.0,0.1927456720946803,0.0,0.0030483072260267,0.0,0.2945035935865487,0.0,0.0453009505516358,0.0,0.0,0.0,0.1325990634337087,0.0,0.0,0.0,0.0,0.0,0.2190086007361701,0.0,0.0,0.0333025137804277,0.0214384730400175,0.0,0.0,0.0,0.0,0.0,0.0,0.0,0.0,0.0,0.0,0.0,0.0,0.0,0.1543058659123191,0.0,0.0,0.3604657944515327
0.0,0.0,0.0,0.0,0.0,0.0,0.0,0.0,0.0,0.2449427971578307,0.0,0.1631535424779213,0.0115972813211085,0.0,0.0,0.0,0.0,0.0,0.0,0.0,0.0,0.0,0.0,0.2297093428407002,0.0,0.0999828551846409,0.0,0.0,0.0,0.0,0.0,0.0,0.0182359283565555,0.0,0.0,0.0,0.0,0.37777152761665,0.1891715908170874,0.0,0.0,0.0,0.0729812431689464,0.0453009505516358,0.0,0.0705615852673597,0.0,0.0,0.0,0.2704856589911713,0.0,0.0,0.0,0.0355510387786787,0.2208239487783533,0.3288199009827511,0.1085863723143072,0.1198179037406382,0.0,0.0,0.0,0.228294931846144,0.3089622837350565,0.1090589479670787,0.0,0.0,0.0,0.3593377475681649,0.253234438186474,0.131267005528787,0.0819029057586431,0.0076235127052055,0.0,0.0,0.0,0.2835404390345583
0.7974433939501094,0.126216033280659,0.0,0.0,0.0,0.0,0.0,0.0,0.0,0.292647736104384,0.0,0.0,0.0,0.0,0.0,0.4636836150088254,0.0,0.2992889273430899,0.0,0.0,0.3451812490901173,0.208332323115664,0.0,0.2036417931398973,0.3710760491019256,0.2616191829366583,0.0,0.0,0.0,0.0,0.0,0.1202572115107258,0.0817558663683736,0.2457020437358776,0.0,0.0,0.0,0.0,0.0,0.0673709171250117,0.0882038644556465,0.3088222212754861,0.0,0.0,0.0705615852673597,0.0,0.1582529328060375,0.0,0.0,0.0,0.0,0.0,0.0584570734280532,0.0,0.0,0.0,0.2385516957435238,0.1293010827122882,0.0,0.1885282341295656,0.1233789317033544,0.0,0.2156307213080945,0.0,0.0713289307344663,0.5246914772912737,0.1109995057433456,0.0,0.1790597592464496,0.3821051041908833,0.4296986146793338,0.0,0.1927310299431158,0.198828485337946,0.0,0.0
0.333563927985439,0.7349041567109986,0.0,0.0,0.0,0.4594513891592509,0.0,0.0,0.0,0.0,0.0,0.0,0.0,0.0,0.4227073504573653,0.1784698042868104,0.0,0.1851883227524192,0.0,0.4303463172557611,0.5090559763160166,0.523602869013467,0.4507658597197881,0.0,0.4601269057650541,0.7063018736005314,0.4975357227275723,0.0,0.5094929127119173,0.0,0.0722564026462278,0.2310070632408807,0.0,0.0,0.0,0.0,0.0,0.0,0.2365296900372415,0.0,0.0,0.0,0.0,0.0,0.0,0.1582529328060375,0.0,0.0,0.0,0.0,0.5632316872257624,0.3491801640218863,0.3735437251060315,0.4125249544574256,0.4074164276210764,0.0,0.0,0.3442504322699841,0.0,0.4254465387551637,0.5216022596923233,0.3874020233589421,0.3823672169447021,0.0,0.4817681389179072,0.3604820901982179,0.5839936572859086,0.3318551935347806,0.0,0.7584512277529567,0.6728449068248162,0.6093042513081224,0.170663372059935,0.5121596701484196,0.0,0.0
0.0,0.0,0.8131434510354542,0.0,0.5503508944849127,0.2841987296541859,0.0342018979615128,0.4944808471820218,0.7352292172792819,0.0,0.8092807044193191,0.0,0.0,0.0,0.0,0.0,0.0,0.0,0.8219717748567085,0.0,0.0,0.0,0.7207768252457112,0.0,0.0,0.0,0.5302369794284106,0.0,0.0,0.0,0.0,0.0215870638958251,0.0,0.0,0.0,0.0,0.0,0.0,0.144288556976719,0.0,0.0,0.0,0.0,0.0,0.0,0.0,0.0,0.0,0.0,0.4846432180824851,0.0778249153710353,0.1133647672819583,0.6763113606091098,0.6503203634989675,0.2061600919441354,0.8246053895253396,0.5127348060293991,0.1073212559732822,0.0138407836057708,0.0,0.0,0.0,0.0,0.8825430748023656,0.0,0.2593684071435665,0.0,0.7721773245345596,0.0,0.1803758291422705,0.3836315974646138,0.61713865341209,0.1791544475597294,0.2253390147931636,0.3075324755525869,0.1398524352170713
0.0,0.0,0.0,0.0,0.0,0.0,0.0,0.0,0.0,0.0,0.0,0.0,0.0,0.0,0.0,0.0,0.0,0.0,0.0,0.0,0.0,0.0,0.0,0.0,0.0,0.0,0.0,0.0,0.0,0.0,0.0,0.0,0.0,0.0,0.0,0.0,0.0,0.0,0.0700742854654621,0.0,0.3169155947839273,0.0368039248408033,0.2018542510463212,0.1325990634337087,0.0,0.0,0.0,0.0,0.0,0.0147955925157087,0.0,0.0276265791932487,0.0,0.0,0.0,0.0,0.0,0.0,0.2076479334212651,0.0,0.0,0.0,0.0,0.0,0.0,0.0,0.0,0.0,0.0,0.0,0.0,0.0,0.0546671690242015,0.0,0.0,0.0
0.0,0.0,0.4501742781560023,0.0,0.7492783864790323,0.2946608778874833,0.0,0.1753760235502538,0.8141798119880477,0.0,0.6429825702899855,0.0,0.0,0.0,0.0,0.0,0.0,0.0,0.6186804502865925,0.0,0.0,0.0,0.6156641557444733,0.0,0.0,0.0,0.5040908756825441,0.0,0.0,0.0,0.0,0.0109581386146951,0.0,0.0,0.0,0.0,0.0,0.0,0.2576503328494636,0.0,0.0,0.0,0.0,0.0,0.2704856589911713,0.0,0.0,0.4846432180824851,0.0147955925157087,0.0,0.0698644283660293,0.5603520606361941,0.2583568824060435,0.7432173858084137,0.3986905094589901,0.7349715522263576,0.4636698668926282,0.5187157670281013,0.268429957359631,0.0,0.0,0.0,0.0,0.4683194237543266,0.0,0.0,0.0,0.6516298580063257,0.0,0.0,0.0,0.4680957149381375,0.4135543223625348,0.0,0.0,0.2870557600041955
0.0,0.419663852210449,0.2728847259705986,0.0,0.0779145693758439,0.7621583817076723,0.1841834307013992,0.3176853851396776,0.2478118268956495,0.0,0.1882144693739406,0.0,0.2289610305223024,0.0,0.1045710769452974,0.0,0.0,0.0,0.2389481369825039,0.0,0.107015147813395,0.0,0.3803886290008957,0.0,0.0,0.2341454989437749,0.2468619949330669,0.0,0.5044290908037888,0.0,0.0,0.0,0.0,0.0,0.0,0.3180233024923343,0.0,0.0,0.0,0.0,0.0,0.0,0.0,0.0,0.0,0.0,0.5632316872257624,0.0778249153710353,0.0,0.0698644283660293,0.0,0.1473035579498535,0.3838247719015692,0.3141489416138086,0.2601457792876988,0.1759751429713437,0.0409231233569474,0.426102616233024,0.0,0.1187114266039151,0.1921208409265982,0.3257018043110689,0.2466001522785192,0.2307958610400853,0.1014827539471791,0.1587963476824755,0.0728487964811066,0.3890630599363296,0.0,0.3588613118911565,0.151690381965484,0.3752974811613903,0.0,0.4101442748814393,0.1337018873902351,0.1030536069902433
