0.0,0.2303628111229043,0.0,0.0,0.0,0.0252595445958238,0.0,0.1154334907291152,0.0,0.292089637307505,0.0,0.1621772050121815,0.0,0.0,0.3204718255483211,0.2720285625669253,0.1380758077965199,0.2420782609749022,0.0,0.2666718077300428,0.3936248792992514,0.302482071325387,0.2157939171834572,0.2341094315502172,0.3256002086366318,0.3571790378143764,0.1762095491767148,0.1559809211692875,0.2936066535809661,0.0,0.226120626450322,0.0673433288285143,0.010090507641852,0.069060457721675,0.0744749738475273,0.0,0.0,0.1329232531867162,0.0214730918858808,0.0,0.0,0.0,0.0,0.0,0.0,0.5265721115682513,0.2239479839160551,0.0,0.0,0.0,0.0,0.0,0.0,0.0,0.2078479004483852,0.0,0.0,0.0,0.0,0.0,0.2070731418779649,0.0,0.2323424549574405,0.0,0.0,0.4113485675384982,0.2658728364036389,0.1977579841732399,0.2403525858771687,0.3729687682791798,0.407236007974082,0.0,0.0,0.0,0.0,0.0166172695747494
0.2303628111229043,0.0,0.0,0.0,0.2404817260091559,0.3799218340212621,0.2007892924219032,0.1405099550432051,0.312491325924863,0.0,0.0,0.0,0.2588889680318638,0.0,0.2864797781778088,0.1561849182271165,0.0,0.3700403889793927,0.0,0.2991818569674027,0.2683409536992608,0.3564592658963029,0.3279411265817507,0.0,0.4728891854610459,0.5065216051145752,0.3464918776062445,0.0949573888152434,0.3824032551748725,0.0,0.0,0.0311083997245605,0.0,0.0,0.0,0.0,0.0,0.0,0.2186655842712207,0.0,0.0,0.0,0.0,0.0,0.0,0.0908759551952918,0.4851962734057498,0.0,0.0,0.0,0.2754882783613284,0.0,0.0,0.0,0.0,0.0,0.0,0.0,0.0,0.3071111062316219,0.3695917207864325,0.0,0.2849147980598404,0.0,0.3240877705471018,0.1239907519126771,0.3617310856130732,0.2780463353865611,0.0,0.4131258318071735,0.3571213450213186,0.346844704825832,0.0,0.3200796699051449,0.0,0.107216020203072
0.0,0.0,0.0,0.0,0.2715688743498762,0.1885675474535502,0.0,0.4109176756168977,0.4113167763496383,0.2141284553918157,0.5758196847591289,0.0,0.0,0.0,0.0,0.0,0.0,0.0,0.5880308485438532,0.0,0.0,0.0,0.5766945089138036,0.0,0.0,0.0,0.3374708162505806,0.0,0.0270154000564153,0.231403411785842,0.0,0.0,0.0,0.0,0.0,0.0,0.0,0.0,0.1158609554576854,0.0,0.0,0.0,0.0,0.0,0.0,0.0,0.0,0.5307784743501748,0.0,0.281036248158417,0.1749702002945926,0.1954324714211291,0.4366764971216056,0.3977842532867168,0.0,0.5379511378505594,0.0,0.1608130773193195,0.0,0.0,0.0,0.0,0.0,0.5055208004736913,0.0,0.0,0.0,0.517652248111969,0.0,0.0,0.0,0.334753753616984,0.0,0.0,0.0,0.0
0.0,0.0,0.0,0.0,0.0,0.0,0.1832121231036449,0.0,0.0,0.0,0.0,0.0,0.1578942526031421,0.2157259541414221,0.0,0.0,0.0,0.0,0.0,0.0,0.0,0.0,0.0,0.0,0.0,0.0,0.0,0.2705596923291381,0.0,0.0,0.2420390669929145,0.1128603373903638,0.0,0.1834149270813734,0.336376473512081,0.3213669352566717,0.3036136970667981,0.0,0.0,0.0,0.0,0.0,0.0,0.0,0.0,0.0,0.0,0.0,0.0,0.0,0.0,0.0,0.0,0.0,0.0,0.0,0.0,0.0,0.0,0.0,0.0,0.0,0.0,0.0,0.0,0.0,0.0,0.0,0.0,0.0,0.0,0.0,0.0,0.0,0.0,0.0
0.0,0.2404817260091559,0.2715688743498762,0.0,0.0,0.2605145175283842,0.3612830140067079,0.1895814381135504,0.5711304504442796,0.2158192084664893,0.4363142094518357,0.3669203165340201,0.2173233727018444,0.1470792586896687,0.0,0.0857617656250763,0.0,0.0,0.3703894197076062,0.3848407207007453,0.0,0.3256745949165489,0.3245248701793448,0.0,0.0875267726520056,0.153660174276706,0.3390307940589372,0.0,0.1122290858574307,0.0,0.147167039646193,0.0837200268310835,0.0,0.0907126615723857,0.0,0.0,0.0,0.1700326089948011,0.0580756543702756,0.0,0.0,0.0,0.1478696322212106,0.0,0.0,0.0,0.0,0.355779400222416,0.0,0.0,0.0470497552250426,0.0,0.2837359567523572,0.4875926453996437,0.0,0.4482198950169636,0.0,0.0,0.0,0.0,0.0,0.0,0.0,0.3107514553813307,0.0,0.0,0.0,0.3818678567392549,0.0,0.0,0.0,0.3215760076874256,0.0,0.0,0.0,0.0
0.0252595445958238,0.3799218340212621,0.1885675474535502,0.0,0.2605145175283842,0.0,0.2298612184486039,0.2275954725935079,0.3530351721005599,0.1935272126026669,0.2183564699227154,0.27667678773307,0.2426907819670227,0.0,0.1124997592937487,0.0,0.0,0.1824803259582972,0.2473337000423643,0.1219143235763929,0.0648184095483369,0.072457250135823,0.2622195624394855,0.0,0.2542145955951956,0.1974144487483702,0.334287396850737,0.0,0.3914931354570888,0.1023236189404804,0.0,0.0,0.0,0.0,0.0,0.0,0.0,0.0,0.0,0.0,0.0,0.0,0.0,0.0,0.0,0.0,0.0,0.1611083491010352,0.0,0.1845995057516386,0.4992068424936045,0.1042762966744215,0.2057299598599,0.349499866649581,0.0,0.2137234893335994,0.0,0.2808781384656442,0.0,0.1707280451921841,0.0,0.0,0.0,0.198635005536416,0.1533755722766884,0.0636343313924756,0.1236420835601361,0.3095214162648352,0.0,0.0,0.0256306721358192,0.3605227271312182,0.0481147097979728,0.252184834507446,0.0,0.0393261937568796
0.0,0.2007892924219032,0.0,0.1832121231036449,0.3612830140067079,0.2298612184486039,0.0,0.0,0.1930961696903385,0.0728921730809451,0.047638205161559,-0.0076912128612091,0.3364019186448956,0.1252068397010086,0.0,0.2353678119227876,0.0463762614422987,0.1371070484045086,0.043763684859847,0.1316979993647931,0.0,0.0529531749758557,0.0,0.0,0.1646792359301502,0.0614304266739726,0.1294293450229073,0.1161041422949325,0.3184408738989005,0.0,0.2026581356554345,0.091401458732805,0.0279319065449422,0.1588885292368814,0.2416285421637414,0.0834307021994386,0.0,0.1072126498415045,0.0,0.0,0.0,0.0,0.0938834614694633,0.0,0.0,0.0,0.0,0.0,0.0,0.0,0.1138853606568099,0.0,0.0,0.0,0.0,0.0,0.0,0.0,0.0,0.0,0.0,0.0,0.0,0.0,0.0,0.0,0.0,0.0841782735553972,0.0,0.0,0.0,0.1218050026073616,0.0,0.0,0.0,0.0
0.1154334907291152,0.1405099550432051,0.4109176756168977,0.0,0.1895814381135504,0.2275954725935079,0.0,0.0,0.2818800240454421,0.0680746826235616,0.3923739199664723,0.0,0.0,0.0769951713831747,0.2607615859825341,0.0,0.0,0.0298898940295288,0.3362750142580792,0.2117439478893817,0.2271589716916749,0.1940777600144502,0.3478113405575523,0.2899034144887326,0.0,0.2267575562128022,0.1159081620600333,0.0062827134556015,0.0,0.2362349226171555,0.0392307839777403,0.0072028816185204,0.0,0.1016839153224226,0.0,0.0310788868769451,0.0,0.0,0.0,0.0,0.0,0.0,0.0969647203899875,0.0,0.0,0.0,0.0,0.3239679491993484,0.0,0.1165842124474209,0.2120045314386575,0.0679045616761479,0.5014544080972192,0.2895341074239571,0.0,0.3499680469438797,0.0,0.1511869368010675,0.1095133461147691,0.2286073518500887,0.0,0.0,0.0,0.3639356745880326,0.2636117155644636,0.1555489437564942,0.2544187253892137,0.2469046926513879,0.0,0.0,0.0,0.1125712630174151,0.1527010475855448,0.0128306544874586,0.0,0.0
0.0,0.312491325924863,0.4113167763496383,0.0,0.5711304504442796,0.3530351721005599,0.1930961696903385,0.2818800240454421,0.0,0.2661524472292167,0.5310042170116365,0.4220759206791591,0.1599927172364492,0.0296100778462999,0.0,0.0,0.0,0.0,0.4931148957140003,0.4446336790226458,0.0,0.3844104558855598,0.4839965384415468,0.0,0.1276834128136948,0.2374670041188234,0.444914447037744,0.0,0.0959601841805261,0.28350823306578,0.0,0.0,0.0,0.0,0.0,0.0,0.0,0.1496543684249775,0.0949850064553753,0.0,0.0,0.0,0.0390828652074666,0.0,0.0,0.0,0.0,0.4780167450327536,0.0,0.529705044428785,0.156912614802456,0.2496883196491214,0.3290444390699602,0.6000071863431005,0.0,0.5517860828122028,0.0,0.3238350702960679,0.1194325326866013,0.0,0.0,0.0,0.0,0.461928249199261,0.0,0.0,0.0,0.5107077270489713,0.0,0.0,0.0,0.4221674844838698,0.0,0.0,0.0,0.0
0.292089637307505,0.0,0.2141284553918157,0.0,0.2158192084664893,0.1935272126026669,0.0728921730809451,0.0680746826235616,0.2661524472292167,0.0,0.2557680917448683,0.3424039803806983,0.2052680628788712,0.0,0.0,0.0,0.4260697499828279,0.312848959034537,0.2588922257880712,0.0,0.1529049763435863,0.2131809291757228,0.3065159300119433,0.2541288623484612,0.4058816138636302,0.2697696169994154,0.2767549152679331,0.0473599706533133,0.0,0.0,0.0,0.0,0.0,0.0,0.0,0.0,0.0,0.196693219335384,0.075943362754437,0.0,0.0,0.0,0.0,0.0,0.1631546586301575,0.191434469034645,0.0,0.0,0.0,0.0,0.0,0.0,0.0,0.0,0.4431730165587593,0.0,0.2769046949234626,0.2424265821950236,0.0,0.0,0.3339137497722698,0.3253895047163437,0.3452235230338606,0.0,0.0,0.0,0.0,0.0,0.3554693454141713,0.3485316690557509,0.2377691394725003,0.0,0.1135364122188804,0.0,0.0,0.2764936926926232
0.0,0.0,0.5758196847591289,0.0,0.4363142094518357,0.2183564699227154,0.047638205161559,0.3923739199664723,0.5310042170116365,0.2557680917448683,0.0,0.4344434550288844,0.018247118486573,0.0,0.0,0.0,0.0,0.0,0.5819500310791506,0.0,0.0,0.0,0.5677645601842659,0.3181616129136257,0.0,0.0,0.3976341808096345,0.0,0.0,0.0,0.0,0.0,0.0,0.0,0.0,0.0,0.0,0.0934261196979795,0.1912171046440211,0.0,0.0,0.0,0.0078373611646958,0.0,0.0,0.0,0.0,0.5270980172383964,0.0,0.4096670874974737,0.1228038759182622,0.2308623329031836,0.4535088444942723,0.4544309540423141,0.0,0.6293115016978891,0.0,0.2302314592008967,0.0912246053315389,0.0,0.0,0.0,0.0,0.5190322613073912,0.0,0.0,0.0,0.5559735290267984,0.0,0.0,0.0,0.3717191312198199,0.0,0.0,0.0,0.0
0.1621772050121815,0.0,0.0,0.0,0.3669203165340201,0.27667678773307,-0.0076912128612091,0.0,0.4220759206791591,0.3424039803806983,0.4344434550288844,0.0,0.1275256381079415,0.0,0.0,0.0,0.3915818388069825,0.3207881282793702,0.0,0.0,0.2517872882617467,0.0,0.4245943050913859,0.4630851996404289,0.2803244125746473,0.3752785530854001,0.0,0.0151903703274635,0.0,0.0,0.0,0.0,0.0,0.0,0.0,0.0,0.0,0.1028543477374761,0.1537425912502102,0.0,0.0,0.0,0.0,0.0,0.1109861682758756,0.0,0.0,0.0,0.0,0.0,0.0,0.0,0.0,0.0,0.4412376022355669,0.0,0.5014616125607263,0.0,0.0,0.0,0.0,0.4137656358561383,0.4071011785252051,0.0,0.0,0.0,0.0,0.0,0.4140545212254593,0.3065667992540383,0.3441701242995631,0.0,0.3109890504745515,0.0,0.0,0.2093202321808293
0.0,0.2588889680318638,0.0,0.1578942526031421,0.2173233727018444,0.2426907819670227,0.3364019186448956,0.0,0.1599927172364492,0.2052680628788712,0.018247118486573,0.1275256381079415,0.0,0.0,0.0,0.084220003404705,0.2329463375231736,0.2698136894512464,0.0,0.0567479752236237,0.0,0.026145210757248,0.0148782614188102,0.0,0.2743125541850704,0.1020808710325765,0.1152961839399176,0.3963436830198736,0.2573605891505147,0.2000514836667689,0.0,0.0,0.0215683937391525,0.0,0.0537932245990396,0.1291926217713739,0.0872759010356001,0.1299568931182396,0.0114627464502039,0.0,0.0,0.0,0.0776826278169199,0.0,0.0,0.0,0.0,0.0,0.0,0.0,0.1449789570371928,0.0,0.0,0.0,0.0,0.0,0.0,0.0,0.0,0.0,0.0,0.0,0.0,0.0,0.050153698719179,0.0,0.0,0.0854022502039244,0.0,0.0,0.0,0.1228144589567622,0.0,0.1734387368625086,0.0,0.0
0.0,0.0,0.0,0.2157259541414221,0.1470792586896687,0.0,0.1252068397010086,0.0769951713831747,0.0296100778462999,0.0,0.0,0.0,0.0,0.0,0.0,0.0,0.0,0.0,0.0,0.0,0.0,0.0,0.0,0.0,0.0,0.0,0.0,0.04205609116598,0.0,0.0,0.2026622513793785,0.0616188729879265,0.0,0.2100937810505397,0.0,0.1667205776883963,0.0670235139622413,0.0,0.0,0.0,0.0,0.0,0.1903689704760849,0.0,0.0,0.0,0.0,0.0,0.0,0.0,0.0,0.0,0.0,0.0,0.0,0.0048477022421889,0.0,0.0,0.0,0.0,0.0,0.0,0.0,0.0,0.0,0.0,0.0,0.0,0.0,0.0,0.0,0.0,0.0,0.0,0.0,0.0
0.3204718255483211,0.2864797781778088,0.0,0.0,0.0,0.1124997592937487,0.0,0.2607615859825341,0.0,0.0,0.0,0.0,0.0,0.0,0.0,0.0,0.0,0.148125588918383,0.0,0.4915878958707795,0.4879876655995591,0.5595607367133648,0.5479196254785661,0.2896490433646828,0.1291802173286137,0.4365665575298902,0.3885777671084093,0.0,0.0482914087539351,0.354177816300582,0.0,0.0636913672091105,0.0,0.0,0.0,0.0,0.0,0.0,0.3382675192551619,0.0,0.0,0.0,0.0,0.0,0.0,0.0999269910649657,0.2814630082623091,0.0,0.0,0.0,0.067539211588039,0.0,0.3239857849105582,0.0,0.0,0.0,0.0,0.0,0.0,0.6375710670502226,0.4011258542317545,0.0,0.0,0.0,0.5500783328912735,0.30589403370475,0.5851987111318282,0.5045648038412586,0.0,0.3134119965525255,0.4338763811521002,0.3814379558656864,0.2706317898270032,0.3435539084424134,0.0,0.2734535760046426
0.2720285625669253,0.1561849182271165,0.0,0.0,0.0857617656250763,0.0,0.2353678119227876,0.0,0.0,0.0,0.0,0.0,0.084220003404705,0.0,0.0,0.0,0.0,0.293815994153238,0.0,0.1861590018192745,0.0257164587516734,0.1620037276082694,0.0,0.0149987868708203,0.1692296551426474,0.1409266979613026,0.0,0.152055189604412,0.2156941626919016,0.2249381405933096,0.5276815680289237,0.4223907654328359,0.2316337746865953,0.3955305352158874,0.3253182673548462,0.0,0.0,0.0,0.0526503665057052,0.1687198362010425,0.2444070102345486,0.2124253457225419,0.0,0.0,0.0,0.3130320942097261,0.1085297648544331,0.0,0.0,0.0,0.0,0.0,0.0,0.0,0.0,0.0,0.0,0.0,0.0,0.0,0.0,0.0,0.0,0.0,0.0348065208108514,0.0081149006182451,0.0679564315880135,0.0,0.0,0.0800194181200374,0.1257061225270661,0.0,0.0,0.0,0.0,0.0
0.1380758077965199,0.0,0.0,0.0,0.0,0.0,0.0463762614422987,0.0,0.0,0.4260697499828279,0.0,0.3915818388069825,0.2329463375231736,0.0,0.0,0.0,0.0,0.4993790086762689,0.0,0.1366013255242955,0.0,0.1526340102011276,0.0,0.2902975871137626,0.3304264712518828,0.2072436454527296,0.0,0.0,0.1646666627018495,0.0,0.0,0.0,0.0125582882038151,0.0,0.0,0.0,0.0,0.3916928203459528,0.220068095326164,0.0,0.0,0.0,0.0,0.0,0.0,0.0,0.0,0.0,0.0,0.0,0.0,0.0,0.0,0.0,0.4156505168301384,0.0,0.2096619889133838,0.0,0.0,0.0,0.0,0.4093902783311387,0.4273623490566055,0.0,0.0,0.0,0.0,0.0,0.3712744144719692,0.1930496986067331,0.13700713460416,0.0,0.0,0.0,0.0,0.3666808384346982
0.2420782609749022,0.3700403889793927,0.0,0.0,0.0,0.1824803259582972,0.1371070484045086,0.0298898940295288,0.0,0.312848959034537,0.0,0.3207881282793702,0.2698136894512464,0.0,0.148125588918383,0.293815994153238,0.4993790086762689,0.0,0.0,0.1863422461165971,0.0952039130234437,0.1878522801978973,0.1907720521924849,0.2432605994436454,0.4659656771671193,0.2966478986165569,0.09239104788981,0.1567001475028208,0.3033001344127035,0.243484123280286,0.1198068912589643,0.0455171675770674,0.1347502484609649,0.0,0.0,0.0,0.0,0.0,0.2839029974971165,0.0,0.0,0.0,0.0,0.0,0.0,0.2085309050705457,0.1142629225543429,0.0,0.0,0.0,0.0,0.0,0.0,0.0,0.3039270272239315,0.0,0.1874233277808406,0.0,0.0,0.0,0.3663794211319603,0.3475880364976228,0.4171309069412361,0.0,0.0,0.0,0.2126127689814479,0.0,0.2507401564272978,0.2923377989682568,0.2173552873175563,0.0,0.0,0.0,0.0,0.2215241625682976
0.0,0.0,0.5880308485438532,0.0,0.3703894197076062,0.2473337000423643,0.043763684859847,0.3362750142580792,0.4931148957140003,0.2588922257880712,0.5819500310791506,0.0,0.0,0.0,0.0,0.0,0.0,0.0,0.0,0.0,0.0,0.0,0.5996272844855103,0.0,0.0,0.0,0.4176010356782252,0.0,0.0,0.0,0.0,0.0,0.0,0.0,0.0,0.0,0.0,0.0965632470891954,0.2514015277005129,0.0,0.0,0.0,0.0,0.0,0.0,0.0,0.0,0.530519775904571,0.0,0.3875028287000889,0.1532111149175925,0.2342056292153772,0.3923762842269155,0.4166203411615234,0.0,0.5668013114545241,0.0,0.0,0.0,0.0,0.0,0.0,0.0,0.524788464904277,0.0,0.0,0.0,0.5622607519850538,0.0,0.0,0.0,0.4119228658472403,0.0,0.0,0.0,0.0
0.2666718077300428,0.2991818569674027,0.0,0.0,0.3848407207007453,0.1219143235763929,0.1316979993647931,0.2117439478893817,0.4446336790226458,0.0,0.0,0.0,0.0567479752236237,0.0,0.4915878958707795,0.1861590018192745,0.1366013255242955,0.1863422461165971,0.0,0.0,0.4368638457601318,0.6097888022257263,0.3430543504913177,0.0,0.1398820416008594,0.3836007869085093,0.4372349597926244,0.0334197610630301,0.0478694592261921,0.4262400439267297,0.2319595152216834,0.2955495328867256,0.0,0.1116036366387836,0.0,0.0,0.0,0.0,0.2647937789921566,0.0,0.0,0.0308156702676456,0.0,0.0,0.0,0.0,0.2906450687183617,0.0,0.0,0.0,0.0,0.0,0.2843764473625569,0.0,0.0,0.0,0.0,0.139342527791836,0.0,0.5064173536195256,0.0,0.0,0.0,0.0,0.5983293725260581,0.2499220514593441,0.5513946455494877,0.3056527589517814,0.0,0.0,0.3655867534499771,0.4429581462025982,0.2994072943798915,0.233715296219085,0.0,0.0347219606259195
0.3936248792992514,0.2683409536992608,0.0,0.0,0.0,0.0648184095483369,0.0,0.2271589716916749,0.0,0.1529049763435863,0.0,0.2517872882617467,0.0,0.0,0.4879876655995591,0.0257164587516734,0.0,0.0952039130234437,0.0,0.4368638457601318,0.0,0.4745311504834052,0.3757042023307768,0.321380535915878,0.2199704459899566,0.4582135617676888,0.2960505321744365,0.0144470722502549,0.1694878573006552,0.3731961226033011,0.0191850930761342,0.1306209649749956,0.0,0.0,0.0,0.0,0.0,0.0,0.2332273942390409,0.0,0.0,0.0213891171001432,0.0,0.0,0.0,0.2342023880453626,0.3325125023333383,0.0,0.0,0.0,0.0605854240194126,0.0,0.2503119090292965,0.0,0.0,0.0,0.0,0.0,0.0,0.4402224169153811,0.3206129866715035,0.0,0.0,0.0,0.4392961877830534,0.4728167785178898,0.4743992442153939,0.297687807018111,0.0,0.3983214324129463,0.4662589278730136,0.2877158855504028,0.2503136947677807,0.3701537740243985,0.0,0.1887523274175132
0.302482071325387,0.3564592658963029,0.0,0.0,0.3256745949165489,0.072457250135823,0.0529531749758557,0.1940777600144502,0.3844104558855598,0.2131809291757228,0.0,0.0,0.026145210757248,0.0,0.5595607367133648,0.1620037276082694,0.1526340102011276,0.1878522801978973,0.0,0.6097888022257263,0.4745311504834052,0.0,0.3880065591770774,0.0,0.1729496600670296,0.4728476439933591,0.459940251869781,0.0,0.0767100485532977,0.4068208034169301,0.1441943484467179,0.270316471635715,0.0,0.0279308028915562,0.0,0.0,0.0,0.0,0.3388774437161495,0.0,0.0,0.0,0.0,0.0,0.0,0.1429833467390926,0.3479441991836846,0.0,0.0,0.0,0.0,0.0,0.0,0.0,0.0,0.0,0.0,0.0,0.0,0.5616888008778164,0.3856177977748059,0.0,0.2430404920711728,0.0,0.5944020290228901,0.2666793332335242,0.6251305571259282,0.3331964444922841,0.0,0.3224824947814227,0.4442105414181653,0.4523999694886675,0.2757225239864063,0.2947043818660912,0.0,0.1162391805057019
0.2157939171834572,0.3279411265817507,0.5766945089138036,0.0,0.3245248701793448,0.2622195624394855,0.0,0.3478113405575523,0.4839965384415468,0.3065159300119433,0.5677645601842659,0.4245943050913859,0.0148782614188102,0.0,0.5479196254785661,0.0,0.0,0.1907720521924849,0.5996272844855103,0.3430543504913177,0.3757042023307768,0.3880065591770774,0.0,0.3474578019415743,0.1767400388178465,0.4163207073407853,0.4162750560626159,0.0,0.1556782096070417,0.2893285662322767,0.0,0.0,0.0,0.0,0.0,0.0,0.0,0.0825890239898516,0.2588207123187814,0.0,0.0,0.0,0.0,0.0,0.0,0.0,0.2956855486227538,0.4689853303163065,0.0,0.4018863180074292,0.2450779784594546,0.2837398561331253,0.3779069330661659,0.4323432460149274,0.0,0.5600498074290613,0.0,0.3010965142335156,0.0,0.5442738711630072,0.0,0.0,0.0,0.4640711045879921,0.478039318363958,0.2445206006950651,0.4775198749660632,0.6086837833345862,0.0,0.0,0.3686911705146416,0.4161247636537415,0.2216019658208412,0.4137514142607345,0.3804232512456527,0.3763291359309862
0.2341094315502172,0.0,0.0,0.0,0.0,0.0,0.0,0.2899034144887326,0.0,0.2541288623484612,0.3181616129136257,0.4630851996404289,0.0,0.0,0.2896490433646828,0.0149987868708203,0.2902975871137626,0.2432605994436454,0.0,0.0,0.321380535915878,0.0,0.3474578019415743,0.0,0.24093914815797,0.3802953584462835,0.1765845441028436,0.0,0.0,0.0,0.025474232405028,0.0206931279717762,0.0534495077160522,0.0,0.0,0.0,0.0,0.1094478532918641,0.1833570610710294,0.0,0.0,0.0,0.0,0.0,0.1552677920488225,0.1327221909044064,0.1782505259313379,0.0,0.0,0.0,0.0,0.0,0.0,0.0,0.3418874850188322,0.0,0.4185306645933255,0.0,0.0,0.0,0.3253024577539968,0.3283980172917515,0.3570568618909223,0.0,0.0,0.0,0.0,0.0,0.5082002298633054,0.301050314628718,0.3889677776824324,0.0,0.2292877098967667,0.0,0.0,0.2456219688106828
0.3256002086366318,0.4728891854610459,0.0,0.0,0.0875267726520056,0.2542145955951956,0.1646792359301502,0.0,0.1276834128136948,0.4058816138636302,0.0,0.2803244125746473,0.2743125541850704,0.0,0.1291802173286137,0.1692296551426474,0.3304264712518828,0.4659656771671193,0.0,0.1398820416008594,0.2199704459899566,0.1729496600670296,0.1767400388178465,0.24093914815797,0.0,0.3744907505523503,0.2081978815971808,0.1354107779022839,0.4511623466187648,0.0,0.0,0.0,0.0112362831352054,0.0,0.0,0.0,0.0,0.1472722750858341,0.1432412834707395,0.0,0.0,0.0,0.0,0.0,0.142357338666411,0.2513893786886287,0.301019854550109,0.0,0.0,0.0,0.0,0.0,0.0,0.0,0.3288958192166428,0.0,0.149020015122707,0.0,0.0,0.1709572222942472,0.3322990125781405,0.2906937226251532,0.3647037646651075,0.0,0.1435314671187031,0.2339172298881298,0.1779833310476778,0.0,0.230044843650177,0.4765800108088344,0.3006428072987529,0.0,0.0,0.3381884730993726,0.0,0.1984444578246706
0.3571790378143764,0.5065216051145752,0.0,0.0,0.153660174276706,0.1974144487483702,0.0614304266739726,0.2267575562128022,0.2374670041188234,0.2697696169994154,0.0,0.3752785530854001,0.1020808710325765,0.0,0.4365665575298902,0.1409266979613026,0.2072436454527296,0.2966478986165569,0.0,0.3836007869085093,0.4582135617676888,0.4728476439933591,0.4163207073407853,0.3802953584462835,0.3744907505523503,0.0,0.3381225467340711,0.0580827793618071,0.2744329239996852,0.0,0.0,0.1251790922746422,0.0580486527971982,0.0,0.0,0.0,0.0,0.0277396219486043,0.3101091326214585,0.0,0.0,0.0,0.0,0.0,0.0737221300788045,0.1765750346198918,0.4621138136696837,0.0,0.0,0.0,0.1543468084383727,0.0,0.0,0.0,0.3133936995646961,0.0,0.3250541129234782,0.0,0.0,0.4243199260431486,0.4415333096132398,0.2650873399977966,0.3137523783602808,0.0,0.4239587010662546,0.2987178995083868,0.495354268100284,0.3174468782333433,0.3258155510770971,0.4767864975171201,0.5523410306251387,0.3435707504033044,0.0,0.3411240717328139,0.0,0.1509842512444001
0.1762095491767148,0.3464918776062445,0.3374708162505806,0.0,0.3390307940589372,0.334287396850737,0.1294293450229073,0.1159081620600333,0.444914447037744,0.2767549152679331,0.3976341808096345,0.0,0.1152961839399176,0.0,0.3885777671084093,0.0,0.0,0.09239104788981,0.4176010356782252,0.4372349597926244,0.2960505321744365,0.459940251869781,0.4162750560626159,0.1765845441028436,0.2081978815971808,0.3381225467340711,0.0,0.0,0.2389512030193495,0.2459369314396147,0.0,0.0335645669617801,0.0,0.0,0.0,0.0,0.0,0.0,0.1460924597984123,0.0,0.0,0.0,0.0,0.0,0.0,0.0,0.3341295555134642,0.3362308789465253,0.0,0.3200547624006393,0.1588828758781804,0.3065334860706347,0.1738037459781729,0.4667441818289156,0.0,0.3663884308586351,0.0,0.1742079127892211,0.0,0.4215540988699482,0.0,0.0,0.0,0.3350770338017038,0.4499590577172454,0.1638879236072446,0.4351266552831945,0.3858849390283524,0.0,0.0,0.2130963671978978,0.6060499223716006,0.1563355949617576,0.3985727513377612,0.2233975149038258,0.1635237496735575
0.1559809211692875,0.0949573888152434,0.0,0.2705596923291381,0.0,0.0,0.1161041422949325,0.0062827134556015,0.0,0.0473599706533133,0.0,0.0151903703274635,0.3963436830198736,0.04205609116598,0.0,0.152055189604412,0.0,0.1567001475028208,0.0,0.0334197610630301,0.0144470722502549,0.0,0.0,0.0,0.1354107779022839,0.0580827793618071,0.0,0.0,0.0200669554672016,0.265637887303733,0.1063243496936069,0.0276918230574207,0.0319818742474135,0.0291322528818731,0.1332963079577031,0.1956994468881828,0.2215849205411101,0.0672510021595995,0.0,0.0,0.0147541161062916,0.0543263678909957,0.1321275310618202,0.0,0.0,0.0,0.0,0.0,0.0,0.0,0.0,0.0,0.0,0.0,0.0,0.0,0.0282879555138416,0.0,0.0,0.0,0.0,0.0,0.0,0.0,0.0,0.0199614538064446,0.0,0.0,0.0,0.0,0.0,0.0,0.3057214518469339,0.0,0.0,0.0
0.2936066535809661,0.3824032551748725,0.0270154000564153,0.0,0.1122290858574307,0.3914931354570888,0.3184408738989005,0.0,0.0959601841805261,0.0,0.0,0.0,0.2573605891505147,0.0,0.0482914087539351,0.2156941626919016,0.1646666627018495,0.3033001344127035,0.0,0.0478694592261921,0.1694878573006552,0.0767100485532977,0.1556782096070417,0.0,0.4511623466187648,0.2744329239996852,0.2389512030193495,0.0200669554672016,0.0,0.1776601654685604,0.0410324208754215,0.0380140659596576,0.032012707983787,0.0,0.0266405411234563,0.0,0.0,0.0,0.0358714893158305,0.0,0.0,0.006962897889787,0.0,0.0,0.0,0.0,0.3459632080383166,0.0,0.0,0.0,0.3375881911498245,0.0,0.0,0.0,0.0,0.0,0.0,0.2729121144311038,0.0,0.1184913310588635,0.0,0.0,0.0,0.0,0.0430628664857434,0.2149958409242392,0.0846756066995001,0.1479263385682583,0.0,0.0,0.165243373245028,0.1998021884314985,0.0301218751766743,0.4084911707630191,0.089525641061841,0.0496076549881062
0.0,0.0,0.231403411785842,0.0,0.0,0.1023236189404804,0.0,0.2362349226171555,0.28350823306578,0.0,0.0,0.0,0.2000514836667689,0.0,0.354177816300582,0.2249381405933096,0.0,0.243484123280286,0.0,0.4262400439267297,0.3731961226033011,0.4068208034169301,0.2893285662322767,0.0,0.0,0.0,0.2459369314396147,0.265637887303733,0.1776601654685604,0.0,0.2116075906527893,0.2232211329877824,0.0,0.0708370614531017,0.0,0.0,0.0,0.0,0.0996809761170545,0.0,0.0,0.0,0.0,0.0,0.0,0.0,0.0,0.0,0.0,0.0,0.0,0.0,0.0,0.0,0.0,0.0,0.0,0.0,0.0,0.0,0.0,0.0,0.0,0.0,0.3686618924962199,0.0,0.0,0.2368239265462028,0.0,0.0,0.0,0.2627696757899124,0.0,0.2570886087954698,0.0,0.0
0.226120626450322,0.0,0.0,0.2420390669929145,0.147167039646193,0.0,0.2026581356554345,0.0392307839777403,0.0,0.0,0.0,0.0,0.0,0.2026622513793785,0.0,0.5276815680289237,0.0,0.1198068912589643,0.0,0.2319595152216834,0.0191850930761342,0.1441943484467179,0.0,0.025474232405028,0.0,0.0,0.0,0.1063243496936069,0.0410324208754215,0.2116075906527893,0.0,0.396585823413679,0.2132689927096995,0.5015351455106518,0.3407474603556766,0.024729159797737,0.0162412539895032,0.0977564248270533,0.0,0.2465432780417196,0.253808279602724,0.2534780506198217,0.0,0.0,0.0,0.3221598478969217,0.0363924027381241,0.0,0.0,0.0,0.0,0.0,0.0580157251534294,0.0,0.0,0.0,0.1483833299743341,0.0,0.0,0.0,0.0,0.0,0.0,0.0,0.0242337196547585,0.0445196607377777,0.0,0.0,0.0,0.0,0.0933608207995518,0.0,0.1056269250043389,0.0,0.0,0.0
0.0673433288285143,0.0311083997245605,0.0,0.1128603373903638,0.0837200268310835,0.0,0.091401458732805,0.0072028816185204,0.0,0.0,0.0,0.0,0.0,0.0616188729879265,0.0636913672091105,0.4223907654328359,0.0,0.0455171675770674,0.0,0.2955495328867256,0.1306209649749956,0.270316471635715,0.0,0.0206931279717762,0.0,0.1251790922746422,0.0335645669617801,0.0276918230574207,0.0380140659596576,0.2232211329877824,0.396585823413679,0.0,0.1508591303879173,0.2996768441425975,0.1738607476025441,0.0,0.0,0.0,0.2628523589889356,0.1838810817516405,0.2170072428087373,0.206803485895643,0.0,0.0,0.0,0.0741605702086767,0.1444987537121588,0.0115490150507444,0.0,0.0,0.0,0.053187506801934,0.0296491072907164,0.0196212030237065,0.0,0.0,0.1329980844361241,0.0,0.0,0.0526722238738643,0.0,0.0,0.0,0.0385556948909721,0.1615748178594531,0.0344780834556352,0.1443233122168376,0.0,0.0,0.0,0.1620409782426841,0.0440225178810432,0.1276584338260519,0.0,0.0,0.0
0.010090507641852,0.0,0.0,0.0,0.0,0.0,0.0279319065449422,0.0,0.0,0.0,0.0,0.0,0.0215683937391525,0.0,0.0,0.2316337746865953,0.0125582882038151,0.1347502484609649,0.0,0.0,0.0,0.0,0.0,0.0534495077160522,0.0112362831352054,0.0580486527971982,0.0,0.0319818742474135,0.032012707983787,0.0,0.2132689927096995,0.1508591303879173,0.0,0.3206376405794205,0.192202779516253,0.0322807007585564,0.037211919917825,0.0961462038363511,-0.0136491886745413,0.3835674203493431,0.2753771310286512,0.1165119950556655,0.0,0.0,0.0083996460774243,0.0463013491680688,0.0,0.0,0.0,0.0,0.0,0.0,0.0,0.0,0.0,0.0,0.0,0.0,0.0,0.0,0.00663142405151,0.0,0.0001226365635191,0.0,0.0,0.0,0.0,0.0,0.0,0.0,0.067788867564866,0.0,0.0,0.0,0.0,0.0
0.069060457721675,0.0,0.0,0.1834149270813734,0.0907126615723857,0.0,0.1588885292368814,0.1016839153224226,0.0,0.0,0.0,0.0,0.0,0.2100937810505397,0.0,0.3955305352158874,0.0,0.0,0.0,0.1116036366387836,0.0,0.0279308028915562,0.0,0.0,0.0,0.0,0.0,0.0291322528818731,0.0,0.0708370614531017,0.5015351455106518,0.2996768441425975,0.3206376405794205,0.0,0.3305498311397136,0.1042781141908461,0.053840059357549,0.0,0.0,0.4177389446145231,0.2945162384292853,0.3023881047913123,0.1070941447957788,0.0,0.0,0.1625343614152593,0.0,0.0,0.0,0.0,0.0,0.0,0.1200529005241608,0.0,0.0,0.0,0.1042110041711965,0.0,0.0,0.0,0.0,0.0,0.0,0.0,0.0,0.0,0.0,0.0,0.0,0.0,0.0139111155922434,0.0,0.0462514042499053,0.0,0.0,0.0
0.0744749738475273,0.0,0.0,0.336376473512081,0.0,0.0,0.2416285421637414,0.0,0.0,0.0,0.0,0.0,0.0537932245990396,0.0,0.0,0.3253182673548462,0.0,0.0,0.0,0.0,0.0,0.0,0.0,0.0,0.0,0.0,0.0,0.1332963079577031,0.0266405411234563,0.0,0.3407474603556766,0.1738607476025441,0.192202779516253,0.3305498311397136,0.0,0.1010551861312668,0.034857546672718,0.0797001658295549,0.0,0.2216862737283219,0.2535963448177815,0.2075186448594579,0.0805298895136583,0.0,0.0,0.128637080111413,0.0,0.0,0.0,0.0,0.0,0.0,0.0,0.0,0.0,0.0,0.0,0.0,0.0,0.0,0.0,0.0,0.0,0.0,0.0,0.0,0.0,0.0,0.0,0.0,0.0,0.0,0.0,0.0,0.0,0.0
0.0,0.0,0.0,0.3213669352566717,0.0,0.0,0.0834307021994386,0.0310788868769451,0.0,0.0,0.0,0.0,0.1291926217713739,0.1667205776883963,0.0,0.0,0.0,0.0,0.0,0.0,0.0,0.0,0.0,0.0,0.0,0.0,0.0,0.1956994468881828,0.0,0.0,0.024729159797737,0.0,0.0322807007585564,0.1042781141908461,0.1010551861312668,0.0,0.4929958161519641,0.0,0.0,0.1173035452260304,0.1682711286385333,0.0389326183620995,0.141170079959114,0.0,0.0,0.0,0.0,0.0,0.0,0.0,0.1923554021651377,0.0,0.0,0.0,0.0,0.0,0.0,0.0,0.0,0.0,0.0,0.0,0.0,0.0,0.0,0.0,0.0,0.0,0.0,0.0,0.0,0.0,0.0,0.0,0.0,0.0
0.0,0.0,0.0,0.3036136970667981,0.0,0.0,0.0,0.0,0.0,0.0,0.0,0.0,0.0872759010356001,0.0670235139622413,0.0,0.0,0.0,0.0,0.0,0.0,0.0,0.0,0.0,0.0,0.0,0.0,0.0,0.2215849205411101,0.0,0.0,0.0162412539895032,0.0,0.037211919917825,0.053840059357549,0.034857546672718,0.4929958161519641,0.0,0.0,0.0,0.0446574018252941,0.1752448629385771,0.0,0.045325021112423,0.0,0.0,0.0,0.0,0.0,0.0,0.0,0.0,0.0,0.0,0.0,0.0,0.0,0.0,0.0,0.0,0.0,0.0,0.0,0.0,0.0,0.0,0.0,0.0,0.0,0.0,0.0,0.0,0.0,0.0,0.0,0.0,0.0
0.1329232531867162,0.0,0.0,0.0,0.1700326089948011,0.0,0.1072126498415045,0.0,0.1496543684249775,0.196693219335384,0.0934261196979795,0.1028543477374761,0.1299568931182396,0.0,0.0,0.0,0.3916928203459528,0.0,0.0965632470891954,0.0,0.0,0.0,0.0825890239898516,0.1094478532918641,0.1472722750858341,0.0277396219486043,0.0,0.0672510021595995,0.0,0.0,0.0977564248270533,0.0,0.0961462038363511,0.0,0.0797001658295549,0.0,0.0,0.0,0.1564226558001683,0.0,0.0217138416425665,0.0,0.0,0.0,0.2638100100755234,0.0,0.0,0.0,0.0,0.0,0.0,0.0,0.0,0.0,0.1437788238074414,0.0,0.0322205972262224,0.0,0.0,0.0,0.0,0.0,0.0,0.0,0.0,0.0,0.0,0.0,0.1919472093767793,0.0,0.0,0.0,0.0,0.0,0.0,0.2346000579990002
0.0214730918858808,0.2186655842712207,0.1158609554576854,0.0,0.0580756543702756,0.0,0.0,0.0,0.0949850064553753,0.075943362754437,0.1912171046440211,0.1537425912502102,0.0114627464502039,0.0,0.3382675192551619,0.0526503665057052,0.220068095326164,0.2839029974971165,0.2514015277005129,0.2647937789921566,0.2332273942390409,0.3388774437161495,0.2588207123187814,0.1833570610710294,0.1432412834707395,0.3101091326214585,0.1460924597984123,0.0,0.0358714893158305,0.0996809761170545,0.0,0.2628523589889356,-0.0136491886745413,0.0,0.0,0.0,0.0,0.1564226558001683,0.0,0.0,0.0,0.0,0.0,0.131951738610916,0.1304168792541037,0.0,0.1549411028608322,0.0971188896808292,0.0484919390703156,0.1888853946265626,0.0,0.2056111092713316,0.021124471948846,0.0397202748711466,0.2506109321669929,0.2123692768482921,0.1083646315359553,0.1208062492488087,0.0,0.2826143608644638,0.3403444297908334,0.2080377943873358,0.24830216836359,0.1993248237846787,0.3460648820833536,0.0106721661891947,0.3477085944131336,0.1963091525207718,0.2182992824232657,0.2085494674083078,0.241767376929845,0.1265593739745756,0.1993917641943949,0.2086698783583018,0.2827678005626236,0.3475106286144621
0.0,0.0,0.0,0.0,0.0,0.0,0.0,0.0,0.0,0.0,0.0,0.0,0.0,0.0,0.0,0.1687198362010425,0.0,0.0,0.0,0.0,0.0,0.0,0.0,0.0,0.0,0.0,0.0,0.0,0.0,0.0,0.2465432780417196,0.1838810817516405,0.3835674203493431,0.4177389446145231,0.2216862737283219,0.1173035452260304,0.0446574018252941,0.0,0.0,0.0,0.3011706153821209,0.2054258090965832,0.0,0.0,0.0,0.0372558730646028,0.0,0.0,0.0,0.0,0.0,0.0,0.0218777637765268,0.0,0.0,0.0,0.0,0.0,0.0,0.0,0.0,0.0,0.0,0.0,0.0,0.0,0.0,0.0,0.0,0.0,0.0,0.0,0.0,0.0,0.0,0.0
0.0,0.0,0.0,0.0,0.0,0.0,0.0,0.0,0.0,0.0,0.0,0.0,0.0,0.0,0.0,0.2444070102345486,0.0,0.0,0.0,0.0,0.0,0.0,0.0,0.0,0.0,0.0,0.0,0.0147541161062916,0.0,0.0,0.253808279602724,0.2170072428087373,0.2753771310286512,0.2945162384292853,0.2535963448177815,0.1682711286385333,0.1752448629385771,0.0217138416425665,0.0,0.3011706153821209,0.0,0.2054214595758179,0.1342733944396486,-1.9321466816195573e-05,0.0,0.0613259146812457,0.0,0.0,0.2232058382634273,0.0,0.0,0.0,0.0,0.0,0.0,0.0,0.0,0.0,0.0969885627898484,0.0,0.0,0.0,0.0,0.0,0.0,0.0,0.0,0.0,0.0,0.0,0.0,0.0,0.0,0.0,0.0,0.0
0.0,0.0,0.0,0.0,0.0,0.0,0.0,0.0,0.0,0.0,0.0,0.0,0.0,0.0,0.0,0.2124253457225419,0.0,0.0,0.0,0.0308156702676456,0.0213891171001432,0.0,0.0,0.0,0.0,0.0,0.0,0.0543263678909957,0.006962897889787,0.0,0.2534780506198217,0.206803485895643,0.1165119950556655,0.3023881047913123,0.2075186448594579,0.0389326183620995,0.0,0.0,0.0,0.2054258090965832,0.2054214595758179,0.0,0.1486389651731748,0.0,-0.00603977103128,0.2198724055429142,0.0,0.0,0.0199617156444995,0.0,0.0,0.0,0.0888403523918342,0.0,0.0,0.0,0.0,0.0,0.1151840877238389,0.0,0.0,0.0,0.0,0.0,0.0,0.0440400732047059,0.0,0.0,0.0,0.0,0.0,0.0,0.0131174722974913,0.0,0.0,0.0
0.0,0.0,0.0,0.0,0.1478696322212106,0.0,0.0938834614694633,0.0969647203899875,0.0390828652074666,0.0,0.0078373611646958,0.0,0.0776826278169199,0.1903689704760849,0.0,0.0,0.0,0.0,0.0,0.0,0.0,0.0,0.0,0.0,0.0,0.0,0.0,0.1321275310618202,0.0,0.0,0.0,0.0,0.0,0.1070941447957788,0.0805298895136583,0.141170079959114,0.045325021112423,0.0,0.0,0.0,0.1342733944396486,0.1486389651731748,0.0,0.1831294542549304,0.0532853757109173,0.0,0.0,0.0,0.1341622902771447,0.0,0.0,0.0,0.0589927335784571,0.0,0.0623117809895759,0.0,0.0689146343054703,0.2050833551260843,0.2707822539850672,0.0,0.0,0.1238245993085838,0.0,0.0,0.0,0.0352140153803212,0.0,0.0,0.0888321403468362,0.0,0.0,0.0,0.1550697368060176,0.0,0.0,0.0
0.0,0.0,0.0,0.0,0.0,0.0,0.0,0.0,0.0,0.0,0.0,0.0,0.0,0.0,0.0,0.0,0.0,0.0,0.0,0.0,0.0,0.0,0.0,0.0,0.0,0.0,0.0,0.0,0.0,0.0,0.0,0.0,0.0,0.0,0.0,0.0,0.0,0.0,0.131951738610916,0.0,-1.9321466816195573e-05,0.0,0.1831294542549304,0.0,0.0322290451938797,0.0,0.0,0.0,0.0735210535312205,0.0,0.0,0.0,0.0,0.0,0.1419654590428681,0.0,0.0,0.0252472889694715,0.0051002306089759,0.0,0.0,0.0,0.0,0.0,0.0,0.0,0.0,0.0,0.0,0.0,0.0,0.0,0.0995179994784091,0.0,0.0,0.2442944942611575
0.0,0.0,0.0,0.0,0.0,0.0,0.0,0.0,0.0,0.1631546586301575,0.0,0.1109861682758756,0.0,0.0,0.0,0.0,0.0,0.0,0.0,0.0,0.0,0.0,0.0,0.1552677920488225,0.142357338666411,0.0737221300788045,0.0,0.0,0.0,0.0,0.0,0.0,0.0083996460774243,0.0,0.0,0.0,0.0,0.2638100100755234,0.1304168792541037,0.0,0.0,-0.00603977103128,0.0532853757109173,0.0322290451938797,0.0,0.0531071712427011,0.0,0.0,0.0,0.185361780375276,0.0,-0.0047903311996308,0.0,0.0299501045206497,0.1465945973493255,0.230508388012303,0.073076256948149,0.0837486549817221,0.0,0.0,0.0,0.1531047426785665,0.209568750344687,0.0,0.0,0.0,0.0,0.0,0.1705025386929559,0.0879186357750838,0.0576976011288608,0.0,0.0047752865893901,0.0,0.0,0.1909452898392308
0.5265721115682513,0.0908759551952918,0.0,0.0,0.0,0.0,0.0,0.0,0.0,0.191434469034645,0.0,0.0,0.0,0.0,0.0999269910649657,0.3130320942097261,0.0,0.2085309050705457,0.0,0.0,0.2342023880453626,0.1429833467390926,0.0,0.1327221909044064,0.2513893786886287,0.1765750346198918,0.0,0.0,0.0,0.0,0.3221598478969217,0.0741605702086767,0.0463013491680688,0.1625343614152593,0.128637080111413,0.0,0.0,0.0,0.0,0.0372558730646028,0.0613259146812457,0.2198724055429142,0.0,0.0,0.0531071712427011,0.0,0.1057069653642085,0.0,0.0,0.0,0.0,0.0,0.0350827856178837,0.0,0.0746939426718999,0.0,0.1515202831033317,0.0809652042872541,0.1406144714262879,0.1313481549141838,0.0751334045310112,0.0630508119334235,0.1296713313496114,0.0,0.046815208663895,0.3485073334631814,0.0759365380796386,0.0,0.1179681304589687,0.252665409753572,0.2810666266994787,0.0,0.1316030947759945,0.1318117714421176,0.0,0.0
0.2239479839160551,0.4851962734057498,0.0,0.0,0.0,0.0,0.0,0.0,0.0,0.0,0.0,0.0,0.0,0.0,0.2814630082623091,0.1085297648544331,0.0,0.1142629225543429,0.0,0.2906450687183617,0.3325125023333383,0.3479441991836846,0.2956855486227538,0.1782505259313379,0.301019854550109,0.4621138136696837,0.3341295555134642,0.0,0.3459632080383166,0.0,0.0363924027381241,0.1444987537121588,0.0,0.0,0.0,0.0,0.0,0.0,0.1549411028608322,0.0,0.0,0.0,0.0,0.0,0.0,0.1057069653642085,0.0,0.0,0.0,0.0,0.3685054297975689,0.2293858672568057,0.2432906408944991,0.2754439606752398,0.2527873155622437,0.0,0.0,0.2148766666881363,0.0,0.2802901106101116,0.3331297096180531,0.2362764087103003,0.2375218078665069,0.0,0.3169587098063502,0.2388647689081009,0.3830637970507705,0.2184463206826611,0.0,0.4893329380020712,0.4339964449429234,0.4105441776480147,0.1024643812097172,0.3349930075658612,0.0,0.0
0.0,0.0,0.5307784743501748,0.0,0.355779400222416,0.1611083491010352,0.0,0.3239679491993484,0.4780167450327536,0.0,0.5270980172383964,0.0,0.0,0.0,0.0,0.0,0.0,0.0,0.530519775904571,0.0,0.0,0.0,0.4689853303163065,0.0,0.0,0.0,0.3362308789465253,0.0,0.0,0.0,0.0,0.0115490150507444,0.0,0.0,0.0,0.0,0.0,0.0,0.0971188896808292,0.0,0.0,0.0,0.0,0.0,0.0,0.0,0.0,0.0,0.0,0.3049049666547224,0.0398196209646663,0.0678681484897014,0.4387937368801733,0.4224541367937747,0.1330458090490432,0.5356709506003206,0.0,0.0652971096493065,0.0095163157551585,0.0,0.0,0.0,0.0,0.570919405237567,0.0,0.1641299931579394,0.0,0.502529362306204,0.0,0.0,0.2512155772253809,0.396834289616162,0.113720561925685,0.1403113006420757,0.1860608620809997,0.0860630277051174
0.0,0.0,0.0,0.0,0.0,0.0,0.0,0.0,0.0,0.0,0.0,0.0,0.0,0.0,0.0,0.0,0.0,0.0,0.0,0.0,0.0,0.0,0.0,0.0,0.0,0.0,0.0,0.0,0.0,0.0,0.0,0.0,0.0,0.0,0.0,0.0,0.0,0.0,0.0484919390703156,0.0,0.2232058382634273,0.0199617156444995,0.1341622902771447,0.0735210535312205,0.0,0.0,0.0,0.0,0.0,0.008314992422262,0.0,0.0286501252606821,0.0,0.0,0.0,0.0,0.0,0.0,0.1342961734391221,0.0,0.0,0.0,0.0,0.0,0.0,0.0,0.0,0.0,0.0,0.0,0.0,0.0,0.0279775954602612,0.0,0.0,0.0
0.0,0.0,0.281036248158417,0.0,0.0,0.1845995057516386,0.0,0.1165842124474209,0.529705044428785,0.0,0.4096670874974737,0.0,0.0,0.0,0.0,0.0,0.0,0.0,0.3875028287000889,0.0,0.0,0.0,0.4018863180074292,0.0,0.0,0.0,0.3200547624006393,0.0,0.0,0.0,0.0,0.0,0.0,0.0,0.0,0.0,0.0,0.0,0.1888853946265626,0.0,0.0,0.0,0.0,0.0,0.185361780375276,0.0,0.0,0.3049049666547224,0.008314992422262,0.0,0.0385754174219871,0.3710441207457022,0.1694232823184077,0.4774993730034624,0.2566897651564704,0.474749427870511,0.2974923548982391,0.3423897817309074,0.1780941501427337,0.0,0.0,0.0,0.0,0.2841448709613844,0.0,0.0,0.2841650792498409,0.4305061031328737,0.0,0.1253457891108016,0.0,0.2941123028649174,0.2645224172483825,0.2050829698303723,0.0,0.1845160546759675
0.0,0.2754882783613284,0.1749702002945926,0.0,0.0470497552250426,0.4992068424936045,0.1138853606568099,0.2120045314386575,0.156912614802456,0.0,0.1228038759182622,0.0,0.1449789570371928,0.0,0.067539211588039,0.0,0.0,0.0,0.1532111149175925,0.0,0.0605854240194126,0.0,0.2450779784594546,0.0,0.0,0.1543468084383727,0.1588828758781804,0.0,0.3375881911498245,0.0,0.0,0.0,0.0,0.0,0.0,0.1923554021651377,0.0,0.0,0.0,0.0,0.0,0.0,0.0,0.0,0.0,0.0,0.3685054297975689,0.0398196209646663,0.0,0.0385754174219871,0.0,0.0902512390267235,0.2481531181092596,0.1985888760943907,0.1560076514099219,0.106305333379395,0.0257769877309302,0.2689838878358999,0.0,0.07369572241952,0.1179586722478476,0.1978687713903923,0.152912414339477,0.1422283795836141,0.058585765206642,0.0928993547548636,0.0435682960012581,0.2454341980159732,0.0,0.2245550273737123,0.0954094292156426,0.2395084067698274,0.0,0.2614490556195029,0.0767736603767788,0.0631282393222606
0.0,0.0,0.1954324714211291,0.0,0.0,0.1042762966744215,0.0,0.0679045616761479,0.2496883196491214,0.0,0.2308623329031836,0.0,0.0,0.0,0.0,0.0,0.0,0.0,0.2342056292153772,0.0,0.0,0.0,0.2837398561331253,0.0,0.0,0.0,0.3065334860706347,0.0,0.0,0.0,0.0,0.053187506801934,0.0,0.0,0.0,0.0,0.0,0.0,0.2056111092713316,0.0,0.0,0.0,0.0,0.0,-0.0047903311996308,0.0,0.2293858672568057,0.0678681484897014,0.0286501252606821,0.3710441207457022,0.0902512390267235,0.0,0.0097748387742677,0.2528700557848905,0.2568283961531411,0.2421296441044971,0.1544741048853377,0.3680104754518485,0.0367666352616544,0.0,0.2125691767459203,0.2073040278020001,0.1659405899939801,0.1353267235487331,0.2330694872681647,0.0,0.2578931552121757,0.1962583972260092,0.1018021001346587,0.1917023267760322,0.1321219813817593,0.2404157959875783,0.2391405706276702,0.2828797137047068,0.2060147381167422,0.1668171257404454
