0.0,0.0,0.0,0.0,0.0,0.0,0.0,0.0,0.0,0.0,0.0,0.0,0.0,0.0,0.0,0.0,0.1306339254852622,0.0,0.0,0.0,0.0,0.2566371646807631,0.0,0.0,0.6713756057232673,0.0,0.0476785228039959,0.0907104371297059,0.0,0.0,0.0,0.0,0.2275553466189284,0.0,0.0,0.0,0.0,0.5323136515522988,0.0,0.0,0.4235105289278028,0.0,0.0,0.0,0.0,0.2948450202639816,0.0,0.0,0.0,0.0,0.0,0.0,0.0,0.0,0.0,0.0,0.0,0.0,0.0,0.0,0.3286065124013072,0.0,0.1549292380978582,0.0,0.0,0.0,0.2789306209965697,0.0,0.0,0.1202766559360038,0.0,0.0,0.0,0.0,0.0,0.4317732696796132
0.0,0.0,0.0,0.0,0.6089553642356536,0.7446964360302182,0.0,0.7092727263170144,0.4856804269503612,0.0,0.0,0.0,0.7508194521572252,0.0,0.2007874528269539,0.0,0.8113387667636687,0.1077292951302554,0.0,0.6205595682265026,0.406020577818943,0.0,0.4519166414459337,0.0,0.0417512760215724,0.8987357632934363,0.0619521087864184,0.5874279957580901,0.2287336322141976,0.0,0.3495882905231186,0.0587010320208675,0.310280946117293,0.8266208514073373,0.0,0.0,0.0,0.0,0.384724106655008,0.2599038133453892,0.2432207546388829,0.0,0.0,0.0,0.0,0.0,0.4931982802732338,0.0,0.0,0.0,0.3766310613067193,0.0,0.0,0.0,0.0,0.0,0.0,0.0,0.0,0.0491414401127132,0.0,0.0,0.0,0.0,0.5060475038088049,0.3084509137015629,0.3917493974033985,0.4954232219789428,0.0,0.146577035977265,0.3601163807442214,0.0707441697990721,0.0,0.0,0.0,0.0
0.0,0.0,0.0,0.5065854293317167,0.8275167733222031,0.6420447516963855,0.11459805940386,0.6916791922395753,0.5199381024949564,0.6951880651594101,0.3916337248275591,0.1602281956137646,0.6855746036780842,0.3456430365435685,0.0,0.0,0.0,0.0,0.6365033909185136,0.0,0.0,0.0,0.859333916519539,0.0,0.0,0.0,0.7209293792830955,0.7978342899702017,0.0,0.0,0.3878162712276166,0.0,0.0,0.5117438645248701,0.0,0.8321704233991852,0.3140800989663672,0.0,0.4333347293454041,0.0,0.0,0.0,0.6668099881653122,0.0,0.0,0.0,0.0,0.830947522072101,0.0,0.4709428935650822,0.1670245304006677,0.1986708006408348,0.7095177880866766,0.3846276688720139,0.0,0.1235426578655528,0.0,0.1181650254680123,0.0,0.0,0.0,0.0,0.0,0.857514519236941,0.0,0.0,0.0,0.86993526843322,0.0,0.0,0.0,0.5887625064867477,0.6683113131278029,0.0,0.0,0.0
0.0,0.0,0.5065854293317167,0.0,0.5168251251286178,0.2656431231398583,0.550996986934996,0.3945484795896829,0.2061712400990765,0.0874120600636288,0.0,0.0135221048475729,0.4334805484713177,0.6778527917328544,0.0,0.0,0.0,0.0,0.5099070859967096,0.6331996660022092,0.0,0.0,0.5434039714761736,0.0,0.0,0.0,0.3777265135743565,0.3952989943643696,0.2989773494240642,0.0,0.6151582651732355,0.5112001290576899,0.0,0.5839923333309065,0.4926724843720383,0.689296658622933,0.5617720849799619,0.0886246891290922,0.0,0.0,0.0,0.0,0.0,0.0,0.0,0.0,0.0,0.0,0.0,0.0,0.0,0.0,0.0,0.0,0.0,0.0,0.0,0.0,0.0,0.0,0.0,0.0,0.0,0.0,0.0,0.0,0.0,0.0,0.0,0.0,0.0,0.0,0.0,0.0,0.0,0.0
0.0,0.6089553642356536,0.8275167733222031,0.5168251251286178,0.0,0.9205667804688008,0.2240995353841427,0.8926559105084766,0.7561961289789609,0.8773155521214347,0.6845320177693099,0.5641990935795279,0.967041757951955,0.1883484645376445,0.0,0.0,0.0,0.0,0.6841300206617295,0.8736602929559668,0.0,0.0,0.8800956538885634,0.0,0.0,0.7322195550685602,0.5787970262860839,0.9396387862587516,0.4736153268620635,0.0,0.2837180039478232,0.0,0.0,0.6400456509505498,0.0,0.7930583512368212,0.3078325616644554,0.214748211245107,0.4858656849399406,0.0,0.0,0.0,0.3587302592000672,0.0,0.0,0.0,0.0,0.894433356068418,0.0,0.7219516425954488,0.3296387527404432,0.0,0.8422369342167675,0.6807827223368229,0.0,0.4084713158378043,0.0,0.0,0.0,0.0,0.0,0.0,0.0,0.8368582221273083,0.0,0.0,0.0,0.806748543900116,0.0,0.0,0.0,0.4989972693911591,0.0,0.0,0.0,0.0
0.0,0.7446964360302182,0.6420447516963855,0.2656431231398583,0.9205667804688008,0.0,0.1353114317774534,0.9674234899271864,0.6990570628030729,0.9190606886507972,0.7230048688626737,0.7444132149925179,0.8794240096705004,0.0,0.2147179200676145,0.0,0.5919391769176215,0.4141922695007677,0.8279763615199224,0.8675171211651886,0.6812579764391786,0.0,0.9569484375185274,0.0,0.0,0.7504317940042896,0.3772748230728782,0.8261706507379768,0.5716988743379613,0.7035520844248697,0.2366637568432703,0.0,0.0,0.716230984392235,0.0,0.6087592411267834,0.3336529709919011,0.1533699141862011,0.5460503721411,0.0,0.0,0.0,0.1080803743174516,0.0,0.0,0.0,0.2613637699956949,0.8343443428787095,0.0,0.5737001335672003,0.6750053280689337,0.3937220601607101,1.0,0.5971196260215887,0.0,0.4746851143817099,0.0,0.5591322104899541,0.0,0.3230173248296566,0.0,0.0,0.0,0.678266188913612,0.5596434570602485,0.510419619361383,0.0096141443742978,0.8659850005985692,0.0,0.0,0.4256568955455473,0.1422713277073666,0.6335349576648971,0.0,0.5327740020806502,0.0
0.0,0.0,0.11459805940386,0.550996986934996,0.2240995353841427,0.1353114317774534,0.0,0.2092006685926441,0.2547984843112214,0.0,0.0,0.0,0.3021505637737158,0.4663632248499717,0.0,0.5141051974524985,0.0,0.286855287936362,0.0539383246302248,0.415471384107216,0.0,0.0,0.2057036528335641,0.1364277649084766,0.0,0.0,0.0745186600577667,0.1185847473274378,0.0,0.0,0.3152796696670494,0.5741753186058944,0.0,0.4066609168723918,0.5558337449068111,0.3515493651472174,0.4293663361828411,0.0,0.4851014868224807,0.0,0.2183966586901596,0.0,0.0,0.0,0.0,0.0,0.0,0.0,0.0,0.0,0.0,0.0,0.1730754530509206,0.1273464856401422,0.0,0.0,0.0,0.0,0.0,0.0,0.0,0.0,0.0,0.0,0.0,0.0,0.0,0.0,0.0,0.0,0.0,0.0,0.0,0.0,0.0,0.0
0.0,0.7092727263170144,0.6916791922395753,0.3945484795896829,0.8926559105084766,0.9674234899271864,0.2092006685926441,0.0,0.8016265864200097,0.7875557198655087,0.6713031161527807,0.7701246964269405,0.933815004565536,0.0946824829368591,0.0323146942688441,0.0022056517927447,0.0,0.2928812295543538,0.7754202323633096,0.8780863894832414,0.6030276637220128,0.0,0.9500588305096818,0.8774363051993305,0.0,0.7679583318087956,0.3053109153424296,0.8713252089064077,0.3889908279915268,0.7547305092606489,0.313974434842833,0.0,0.0840788802965237,0.7857103508913095,0.0,0.6986879182237291,0.3300327024512315,0.0,0.4861153078764066,0.0,0.0,0.0,0.1806180412340879,0.0,0.0,0.0,0.0,0.7806427064507765,0.0,0.5904199849809495,0.3941049654712745,0.2398507440200029,0.949655526620504,0.7025430198723431,0.0,0.5263888930950718,0.0,0.3119986976722296,0.4130941735062843,0.3872541655534645,0.0,0.0,0.0,0.694238505551128,0.6593601750611493,0.424034975615858,0.0,0.7828616276650305,0.0,0.0,0.0,0.2139197211878215,0.6183422360522335,0.0,0.0,0.0
0.0,0.4856804269503612,0.5199381024949564,0.2061712400990765,0.7561961289789609,0.6990570628030729,0.2547984843112214,0.8016265864200097,0.0,0.6860874046765252,0.6245305062471037,0.6654074768526236,0.8324797618350991,0.1408220364722859,0.0,0.0,0.0,0.3085453939329421,0.2372938194529377,0.6755020168046691,0.0,0.0,0.6476602966023194,0.6763146902436169,0.0,0.7460910360790252,0.0839009376729812,0.8944021779196439,0.0,0.6022777475847807,0.2083995587962402,0.0,0.0876913024800252,0.3968720048420048,0.0,0.6396255050096801,0.0,0.1176660984767017,0.1053951097789991,0.0,0.0,0.0,0.2419616763362103,0.0,0.0,0.0,0.0,0.6046520765112465,0.0,0.8630108306047376,0.1439636836086056,0.4890287912165952,0.7383514855100293,0.8482377312706727,0.0,0.5586401629570661,0.0,0.3095681266750653,0.4520283541995473,0.0,0.0,0.0,0.0,0.5083333897458916,0.0,0.0,0.0,0.3675020802627525,0.0,0.0,0.0,0.2062317694783021,0.8121450096926746,0.0,0.0,0.0
0.0,0.0,0.6951880651594101,0.0874120600636288,0.8773155521214347,0.9190606886507972,0.0,0.7875557198655087,0.6860874046765252,0.0,0.7514241543392445,0.6118350592398658,0.7805492251673966,0.0,0.0,0.0,0.5610938156841908,0.551222468179973,0.6510026456751359,0.729190550854252,0.0,0.0,0.811324290438006,0.5635224191890167,0.1379823168441535,0.592570387570554,0.4992746887636305,0.873171469230748,0.7341107151086957,0.0,0.2172328584760512,0.0,0.0,0.520204231928886,0.0,0.5485144319401339,0.1334369240099714,0.4073186184128705,0.3045188725134298,0.0,0.0,0.0333452085807802,0.0,0.0,0.0,0.1618354084388862,0.0,0.0,0.0,0.0,0.0,0.0,0.0,0.0,0.5275691938798642,0.0,0.603691599746231,0.7091620701159337,0.0,0.0,0.0,0.5158491560324169,0.0,0.0,0.0,0.0,0.0,0.0,0.3003242610542208,0.3636648702054575,0.476188945983551,0.0,0.755056945794095,0.0,0.0,0.0
0.0,0.0,0.3916337248275591,0.0,0.6845320177693099,0.7230048688626737,0.0,0.6713031161527807,0.6245305062471037,0.7514241543392445,0.0,0.8262907723381854,0.7853558991862144,0.0,0.0,0.0,0.9105227855725552,0.0,0.4592474835998291,0.0,0.0,0.0,0.4446169810455606,0.5888311057848635,0.0,0.7611962847132615,0.1473684625052727,0.7071376907819463,0.0,0.0,0.0,0.0,0.0,0.3388523100091899,0.0,0.1711284075204674,0.0,0.3737750968919673,0.0,0.0,0.0,0.0,0.0,0.0,0.0,0.0,0.0,0.8065689031454235,0.0,0.80301782521302,0.3713769281776657,0.8409496792870934,0.6936621915799277,0.7846930272015187,0.0,0.8232544391065986,0.0,0.8025267009707517,0.3631669790670582,0.0,0.0,0.0,0.0,0.621077066289941,0.0,0.0,0.0,0.5066995840656374,0.0,0.0,0.0,0.1990911076118232,0.7278241042067984,0.0,0.0,0.0
0.0,0.0,0.1602281956137646,0.0135221048475729,0.5641990935795279,0.7444132149925179,0.0,0.7701246964269405,0.6654074768526236,0.6118350592398658,0.8262907723381854,0.0,0.7337167297692215,0.0,0.0,0.0,0.8497777654040201,0.0648812703474272,0.4532495684312887,0.0,0.3463186631134763,0.0,0.4924994015820686,0.7894661527355138,0.1239552915707681,0.921772237355184,0.0,0.6825935958316921,0.0,0.0,0.243716803823403,0.0,0.2584427011778171,0.5280393725007405,0.0,0.2540248308642973,0.0,0.2904290311332798,0.1545265726915796,0.2786733856041266,0.0,0.0,0.0,0.0,0.0,0.0,0.0,0.0,0.0,0.0,0.0,0.0,0.0,0.0,0.4989913036571571,0.0,0.9005632246030211,0.5533755632770846,0.0,0.0,0.0,0.4952308627956825,0.0,0.0,0.0,0.0,0.0,0.0,0.3792102459719249,0.0921889764661362,0.406617605314679,0.0,0.5824690209620644,0.0,0.0,0.0
0.0,0.7508194521572252,0.6855746036780842,0.4334805484713177,0.967041757951955,0.8794240096705004,0.3021505637737158,0.933815004565536,0.8324797618350991,0.7805492251673966,0.7853558991862144,0.7337167297692215,0.0,0.0491603541714664,0.0,0.0,0.7126573572778562,0.2830304650514741,0.6477595789595897,0.876601013811023,0.4694876360731112,0.0,0.8127127415112375,0.8517507636860716,0.0,0.7755379981200501,0.3610715813637449,0.9062988295601372,0.2493972976194599,0.6487992232402948,0.3535455514640901,0.0,0.0346904636546175,0.7818919615935567,0.0,0.6705259155061174,0.3160521821360873,0.0620384276970658,0.4829139151559113,0.1287240094634897,0.2171382307029835,0.0,0.1332902197523222,0.0,0.0,0.0,0.0,0.870837182382592,0.0,0.0,0.2712428128071935,0.4409990136695355,0.8620113839159017,0.0,0.0,0.6223789971915865,0.8252758829999346,0.0,0.0,0.2314970828472693,0.0,0.0,0.0,0.0,0.711648013782428,0.0,0.0,0.6847156519081373,0.0,0.0,0.0812159068006891,0.3313930030741311,0.0,0.0,0.0,0.0
0.0,0.0,0.3456430365435685,0.6778527917328544,0.1883484645376445,0.0,0.4663632248499717,0.0946824829368591,0.1408220364722859,0.0,0.0,0.0,0.0491603541714664,0.0,0.0,0.0,0.0,0.0,0.0875244826706219,0.0,0.345407343992285,0.0,0.3181760390464398,0.0,0.0,0.0,0.4081882296154687,0.2135001295792368,0.0,0.0,0.5815734122951924,0.4788687136997497,0.0,0.3553447284805722,0.0,0.642313466456825,0.2573614375918548,0.0,0.4452799951603716,0.0,0.0,0.0,0.4300964943604448,0.0,0.0,0.0,0.0,0.0,0.0,0.0,0.0,0.0,0.0,0.0,0.0,0.0,0.0,0.0,0.0,0.0,0.0,0.0,0.0,0.0,0.0,0.0,0.0,0.1797827994810614,0.0,0.0,0.0,0.4526940161022897,0.0,0.0,0.0,0.0
0.0,0.2007874528269539,0.0,0.0,0.0,0.2147179200676145,0.0,0.0323146942688441,0.0,0.0,0.0,0.0,0.0,0.0,0.0,0.2596293421923726,0.0,0.1304873857353894,0.0,0.3450938066080175,0.4455510382025704,0.392716338227158,0.2572239856178418,0.0535557965717522,0.0,0.1075634535368236,0.5473069684398761,0.0,0.591136620792088,0.0,0.0399299543575042,0.3782880659969932,0.0,0.2831758326159622,0.0320878194121896,0.0,0.0,0.0,0.1335566271315864,0.1003808115748316,0.0,0.042389680597809,0.0,0.0,0.0,0.0,0.3401033397544183,0.0,0.0,0.0,0.4096710397974652,0.0,0.1479841452845277,0.0,0.0,0.0,0.0,0.1272508059478458,0.0,0.2844981954553682,0.2282493002433197,0.0,0.0,0.0,0.2261949973947513,0.0,0.3166087723343999,0.4628949000579058,0.0,0.1168495396078606,0.1959119871063767,0.1437054795595774,0.0,0.4422680644593502,0.0,0.2461004061501897
0.0,0.0,0.0,0.0,0.0,0.0,0.5141051974524985,0.0022056517927447,0.0,0.0,0.0,0.0,0.0,0.0,0.2596293421923726,0.0,0.0,0.2295318222571714,0.0,0.3015820128798859,0.3881036582345967,0.4768288847171097,0.1903025527203603,0.0245761686115515,0.0,0.0,0.1456588613213233,0.0,0.2162166463140838,0.0,0.5908876273320439,0.8978039771643164,0.0888167578374991,0.5709329676596522,0.7808941876912724,0.0,0.0,0.0,0.6641383391843222,0.2448083239004607,0.0911413650247299,0.4272545229023907,0.0,0.0,0.0,0.4578636046584238,0.0680213836387854,0.0,0.0,0.0,0.0,0.0,0.0,0.0,0.0,0.0,0.0,0.0,0.0,0.6513318025409446,0.0,0.0,0.0,0.0,0.2954178137974071,0.563829151911541,0.0,0.1428319988269086,0.0,0.0,0.0,0.0536861961211295,0.0,0.4368270176623724,0.0,0.3381310457754036
0.1306339254852622,0.8113387667636687,0.0,0.0,0.0,0.5919391769176215,0.0,0.0,0.0,0.5610938156841908,0.9105227855725552,0.8497777654040201,0.7126573572778562,0.0,0.0,0.0,0.0,0.213197507717111,0.0,0.3385323285257291,0.0,0.0,0.0,0.530193870567269,0.3086778419747295,0.7393124185672014,0.0,0.602859650359284,0.1519142715161519,0.0,0.1734288877324002,0.0,0.0,0.3918183878486727,0.0,0.0,0.0,0.2964501816847562,0.0,0.0,0.0,0.0,0.0,0.0,0.0,0.0,0.0,0.0,0.0,0.0,0.0,0.0,0.0,0.0,0.5685163457938104,0.0,0.8184316313761176,0.0,0.0,0.0,0.0,0.7491981103041337,0.0,0.0,0.0,0.0,0.0,0.0,0.1808655678669466,0.3780415641148623,0.2962241495404923,0.0,0.0,0.0,0.0,0.0
0.0,0.1077292951302554,0.0,0.0,0.0,0.4141922695007677,0.286855287936362,0.2928812295543538,0.3085453939329421,0.551222468179973,0.0,0.0648812703474272,0.2830304650514741,0.0,0.1304873857353894,0.2295318222571714,0.213197507717111,0.0,0.0,0.3622378215270551,0.5474912264592413,0.0,0.3371986965292678,0.0,0.0,0.0,0.0715911525917908,0.3234444776215124,0.4919573720593845,0.0,0.3876524760351826,0.2385829134181867,0.0,0.4253486769015076,0.0,0.0,0.0,0.0,0.5013815414510268,0.0,0.112592159197996,0.1179855679747567,0.0,0.0,0.0,0.2060950724538026,0.2524772122920093,0.0,0.0,0.0,0.0,0.0,0.0,0.0,0.3193682902467772,0.0,0.0187570199583658,0.0,0.0,0.0,0.0,0.4723088664702359,0.2851839268745541,0.0,0.0,0.0,0.0,0.0,0.0,0.4971736668501149,0.4333271123272272,0.0,0.0,0.0,0.0,0.0
0.0,0.0,0.6365033909185136,0.5099070859967096,0.6841300206617295,0.8279763615199224,0.0539383246302248,0.7754202323633096,0.2372938194529377,0.6510026456751359,0.4592474835998291,0.4532495684312887,0.6477595789595897,0.0875244826706219,0.0,0.0,0.0,0.0,0.0,0.0,0.0,0.0,0.8199754301281394,0.0,0.0,0.0,0.3225359500956943,0.5301336485271012,0.0,0.0,0.4015839840008804,0.2997517559332769,0.0,0.7796725874935818,0.0,0.5550803175598934,0.4873417935132946,0.2206362231019551,0.7278756026751703,0.0,0.0,0.0,0.2211222113909639,0.0,0.0,0.0,0.0,0.7295074194031829,0.0,0.1511619890835399,0.5169641790935716,0.0,0.7292485393732956,0.2532789683621443,0.0,0.2629753929816061,0.0,0.2674031521961778,0.0862683104045129,0.0,0.0,0.0,0.0,0.6746658235936838,0.0,0.0,0.0,0.8701276190132834,0.0,0.0,0.0,0.2697825444559062,0.0,0.0,0.0,0.0
0.0,0.6205595682265026,0.0,0.6331996660022092,0.8736602929559668,0.8675171211651886,0.415471384107216,0.8780863894832414,0.6755020168046691,0.729190550854252,0.0,0.0,0.876601013811023,0.0,0.3450938066080175,0.3015820128798859,0.3385323285257291,0.3622378215270551,0.0,0.0,0.7365859846511503,0.0,0.912165961821883,0.0,0.0,0.6917627766820009,0.5627015110981565,0.8027215808413343,0.4030733935822453,0.654747952029784,0.540788600804697,0.2785448904616714,0.1439026066011007,0.9257155434742688,0.0515028337736203,0.7548758334349172,0.3074312938549746,0.0,0.6271223707338259,0.4175932994528502,0.0,0.2436156231283981,0.2824764615896581,0.0,0.0,0.0,0.0454010633688877,0.0,0.0,0.0,0.2911675894447645,0.0,0.7753178093229497,0.0,0.0,0.0,0.0,0.0521485353098557,0.0,0.5368292448510597,0.0,0.0,0.0,0.0,0.8279913633758399,0.4105496260807895,0.0,0.7998057618156058,0.0,0.0,0.110143371507806,0.3729786304944622,0.4719543420904447,0.0,0.3502628298542894,0.0
0.0,0.406020577818943,0.0,0.0,0.0,0.6812579764391786,0.0,0.6030276637220128,0.0,0.0,0.0,0.3463186631134763,0.4694876360731112,0.345407343992285,0.4455510382025704,0.3881036582345967,0.0,0.5474912264592413,0.0,0.7365859846511503,0.0,0.1961438339485436,0.7623264236946428,0.5616058505180656,0.0,0.4132806101045296,0.4342555156084577,0.655849600962344,0.7607356393431194,0.0,0.6145780251549511,0.2661777523060647,0.0,0.7001799523263205,0.1487732058344143,0.0,0.0,0.0,0.5278517648187276,0.2528517275013708,0.0,0.3004537747901672,0.0,0.0,0.0,0.5207652814079705,0.1192349780959841,0.0,0.0,0.0,0.4220738142899463,0.0,0.652691394054527,0.0,0.0,0.0,0.0,0.1582972261204657,0.0,0.5070040025272553,0.0,0.0,0.0,0.0,0.4945247173885672,0.569290461470733,0.0,0.7566356372007723,0.0,0.042978862801981,0.4717648858234477,0.2079675061928604,0.313661119076441,0.0649833816129149,0.0,0.0
0.2566371646807631,0.0,0.0,0.0,0.0,0.0,0.0,0.0,0.0,0.0,0.0,0.0,0.0,0.0,0.392716338227158,0.4768288847171097,0.0,0.0,0.0,0.0,0.1961438339485436,0.0,0.0,0.0,0.0,0.0,0.0993642547112714,0.0,0.0,0.0,0.314001755873955,0.5142940310746429,0.3830920476021861,0.0904542030837402,0.7013642314365915,0.0,0.0,0.0,0.0,0.4375946890070261,0.2135044921442823,0.0317196504536736,0.045639594610771,0.0,0.0,0.4110897948871824,0.2797088984266092,0.0,0.0,0.0,0.0,0.0,0.0,0.0,0.0,0.0,0.0,0.0,0.0,0.1940769623819435,0.1454692302457746,0.0,0.0802825768923643,0.0,0.1420307664612062,0.0,0.0,0.0,0.0,0.0,0.0819247659397747,0.0,0.0,0.4259403113161547,0.0,0.5914737635962014
0.0,0.4519166414459337,0.859333916519539,0.5434039714761736,0.8800956538885634,0.9569484375185274,0.2057036528335641,0.9500588305096818,0.6476602966023194,0.811324290438006,0.4446169810455606,0.4924994015820686,0.8127127415112375,0.3181760390464398,0.2572239856178418,0.1903025527203603,0.0,0.3371986965292678,0.8199754301281394,0.912165961821883,0.7623264236946428,0.0,0.0,0.7550908812517706,0.0,0.559568363407205,0.5604415279086203,0.8493098908674483,0.5972413881328887,0.8047401030989614,0.3751500690480395,0.0535625078126408,0.0,0.7434338288089017,0.0,0.8365346423630545,0.4428458371097011,0.1924144442483421,0.5744150432247094,0.2395014344899095,0.0,0.2538660809139542,0.3970359931091942,0.0,0.0,0.0,0.0,0.7670030298955642,0.0,0.4253017122626401,0.4173458846068729,0.0742548013411151,0.9058552657988554,0.4122263188695007,0.0,0.2339956706403545,0.0,0.1752768210432702,0.2234165041473499,0.499512833764649,0.0,0.0,0.0,0.7417206217794832,0.7183130552544877,0.3876757911411689,0.0,0.913407835720297,0.0,0.0,0.122692924245654,0.3747115371206316,0.5939831897618844,0.0,0.4714687855210492,0.0
0.0,0.0,0.0,0.0,0.0,0.0,0.1364277649084766,0.8774363051993305,0.6763146902436169,0.5635224191890167,0.5888311057848635,0.7894661527355138,0.8517507636860716,0.0,0.0535557965717522,0.0245761686115515,0.530193870567269,0.0,0.0,0.0,0.5616058505180656,0.0,0.7550908812517706,0.0,0.0,0.8449482722809103,0.2100327290179428,0.8108556530253165,0.0,0.0,0.4477799237733967,0.0,0.3600727063435057,0.7448931652859893,0.0,0.7178771322350385,0.0966620534132905,0.2135531313364917,0.3849715048753749,0.5314756361562972,0.0,0.0,0.0,0.0,0.0,0.0999813354887957,0.0,0.0,0.0,0.0,0.0,0.0,0.0,0.0,0.415025768696369,0.0,0.824957433774221,0.0,0.0,0.0,0.0,0.089425432075282,0.0,0.0,0.0,0.0,0.0,0.0,0.50589181622116,0.0,0.0882440478743222,0.0,0.6019940465347762,0.0,0.0,0.0
0.6713756057232673,0.0417512760215724,0.0,0.0,0.0,0.0,0.0,0.0,0.0,0.1379823168441535,0.0,0.1239552915707681,0.0,0.0,0.0,0.0,0.3086778419747295,0.0,0.0,0.0,0.0,0.0,0.0,0.0,0.0,0.0120973827266338,0.0,0.0,0.0,0.0,0.0,0.0,0.0,0.0,0.0,0.0,0.0,0.245957795723973,0.0,0.0,0.0,0.0,0.0,0.0,0.0,0.0268657579153471,0.0,0.0,0.0,0.0,0.0,0.0,0.0,0.0,0.0425334567647726,0.0,0.0,0.4880029636815318,0.0,0.0,0.439972078425248,0.2981318523707534,0.2208042335419507,0.0,0.0,0.0,0.2558148465965788,0.0,0.0,0.4627088243090446,0.0,0.0,0.0,0.0,0.0,0.2448421261333238
0.0,0.8987357632934363,0.0,0.0,0.7322195550685602,0.7504317940042896,0.0,0.7679583318087956,0.7460910360790252,0.592570387570554,0.7611962847132615,0.921772237355184,0.7755379981200501,0.0,0.1075634535368236,0.0,0.7393124185672014,0.0,0.0,0.6917627766820009,0.4132806101045296,0.0,0.559568363407205,0.8449482722809103,0.0120973827266338,0.0,0.0771568151239038,0.7698424634418453,0.106897077884725,0.0,0.306112594657886,0.0,0.4796044816306345,0.6707551758334779,0.0,0.418597977284416,0.0,0.3299018662252789,0.1831285207830389,0.5219115866049896,0.0681921057807836,0.0,0.0,0.0,0.0,0.0,0.1442234858766287,0.0,0.0,0.0,0.2049312276943018,0.0,0.0,0.0,0.4363830374950753,0.0,0.8955121209135094,0.3950278601278761,0.0,0.1358861396908487,0.0,0.3247445194422922,0.0,0.0,0.6270666839082983,0.1180840052128287,0.312128031015661,0.4853038637488461,0.4275023455996731,0.0,0.3895056788729457,0.3100365101028108,0.568033491024441,0.0,0.0,0.0
0.0476785228039959,0.0619521087864184,0.7209293792830955,0.3777265135743565,0.5787970262860839,0.3772748230728782,0.0745186600577667,0.3053109153424296,0.0839009376729812,0.4992746887636305,0.1473684625052727,0.0,0.3610715813637449,0.4081882296154687,0.5473069684398761,0.1456588613213233,0.0,0.0715911525917908,0.3225359500956943,0.5627015110981565,0.4342555156084577,0.0993642547112714,0.5604415279086203,0.2100327290179428,0.0,0.0771568151239038,0.0,0.4528796343271201,0.5179142778692081,0.507414740324347,0.1565446562198745,0.2013928368046999,0.0,0.335673923190258,0.0,0.5070334195524525,0.1543613507644861,0.298073348009872,0.2231765026230988,0.0,0.0298829111166599,0.3618396486050783,0.3517152161289902,0.0,0.0,0.0,0.0,0.4239483935628773,0.0,0.1948014518322511,0.1914963325582324,0.0723482742461519,0.3669834149238279,0.0,0.0,0.0,0.0,0.0,0.0603945220006855,0.0860312699520306,0.0,0.0,0.0,0.5445726873652744,0.6413800529405741,0.0,0.1497913529210614,0.7065617470690473,0.0,0.0,0.0,0.5342189221926497,0.2415841668238222,0.2574283271301187,0.3007904570303543,0.1504580140738129
0.0907104371297059,0.5874279957580901,0.7978342899702017,0.3952989943643696,0.9396387862587516,0.8261706507379768,0.1185847473274378,0.8713252089064077,0.8944021779196439,0.873171469230748,0.7071376907819463,0.6825935958316921,0.9062988295601372,0.2135001295792368,0.0,0.0,0.602859650359284,0.3234444776215124,0.5301336485271012,0.8027215808413343,0.655849600962344,0.0,0.8493098908674483,0.8108556530253165,0.0,0.7698424634418453,0.4528796343271201,0.0,0.3606149219548773,0.799428530348187,0.5131460582026846,0.0,0.0974225189894232,0.6410832569596624,0.0,0.7964957410601413,0.0856914571077505,0.40005380252109,0.314640665478427,0.1877579210577392,0.1702058484939296,0.1270706781753611,0.4487848640279529,0.0,0.0,0.0,0.0,0.843474207245225,0.0,0.0,0.1701327900947103,0.0,0.8414690559163894,0.8568025560291734,0.2667818676374629,0.0,0.8273355322064415,0.3871239318613728,0.0,0.1411437332196283,0.0,0.0,0.0,0.0,0.7302264292715653,0.2538384765063811,0.0,0.7277500884180306,0.0,0.0,0.1978638233026311,0.5555005175393843,0.8494521502314466,0.0,0.0,0.0
0.0,0.2287336322141976,0.0,0.2989773494240642,0.4736153268620635,0.5716988743379613,0.0,0.3889908279915268,0.0,0.7341107151086957,0.0,0.0,0.2493972976194599,0.0,0.591136620792088,0.2162166463140838,0.1519142715161519,0.4919573720593845,0.0,0.4030733935822453,0.7607356393431194,0.0,0.5972413881328887,0.0,0.0,0.106897077884725,0.5179142778692081,0.3606149219548773,0.0,0.3555022930188577,0.3126445534117911,0.2865972908438685,0.0,0.436113495659545,0.0,0.3095286723413568,0.5144931176163876,0.0,0.4945528109532266,0.0,0.0,0.3382707258907798,0.3429932071085714,0.0,0.0,0.0,0.1092338990411755,0.5070870705823874,0.0,0.0,0.5826944595895355,0.1118392453441507,0.5849632828467933,0.0,0.0,0.0,0.0,0.4389029198097749,0.0,0.1751733963913225,0.0,0.0,0.0,0.0,0.1850030939599965,0.3647000775498883,0.1189437281148527,0.7790520899243826,0.0,0.0,0.3170980499457506,0.1326895341656173,0.1753760324662159,0.2959846123783221,0.1776247171439718,0.0
0.0,0.0,0.0,0.0,0.0,0.7035520844248697,0.0,0.7547305092606489,0.6022777475847807,0.0,0.0,0.0,0.6487992232402948,0.0,0.0,0.0,0.0,0.0,0.0,0.654747952029784,0.0,0.0,0.8047401030989614,0.0,0.0,0.0,0.507414740324347,0.799428530348187,0.3555022930188577,0.0,0.2694783210064463,0.0,0.0,0.3845788569759445,0.0,0.0,0.0,0.0,0.0,0.0,0.0,0.0,0.0,0.0,0.0,0.0,0.0,0.0,0.0,0.0,0.0,0.0,0.0,0.0,0.0,0.0,0.0,0.0,0.0,0.0,0.0,0.0,0.0,0.0,0.7205016177078158,0.0,0.0,0.8796817971760752,0.0,0.0,0.0,0.5749635233276783,0.0,0.0,0.0,0.0
0.0,0.3495882905231186,0.3878162712276166,0.6151582651732355,0.2837180039478232,0.2366637568432703,0.3152796696670494,0.313974434842833,0.2083995587962402,0.2172328584760512,0.0,0.243716803823403,0.3535455514640901,0.5815734122951924,0.0399299543575042,0.5908876273320439,0.1734288877324002,0.3876524760351826,0.4015839840008804,0.540788600804697,0.6145780251549511,0.314001755873955,0.3751500690480395,0.4477799237733967,0.0,0.306112594657886,0.1565446562198745,0.5131460582026846,0.3126445534117911,0.2694783210064463,0.0,0.5070713495042349,0.2984027787750886,0.6920237148933714,0.3580361854923151,0.5982248177824466,0.35181847486835,0.3062502103791149,0.5767009777550364,0.278690207923591,0.4154421457143726,0.0,0.5210856789607393,0.0,0.0,0.0,0.0,0.0,0.0,0.0,0.0,0.0,0.2270050716144966,0.0,0.2474362545329903,0.0,0.3706489159551357,0.0,0.0,0.327977761357616,0.0,0.0,0.0,0.0,0.5831691626633447,0.479180600858868,0.0,0.3697203404905859,0.4764678976291478,0.0,0.0,0.4112272168109697,0.1886128324111397,0.0,0.0,0.0
0.0,0.0587010320208675,0.0,0.5112001290576899,0.0,0.0,0.5741753186058944,0.0,0.0,0.0,0.0,0.0,0.0,0.4788687136997497,0.3782880659969932,0.8978039771643164,0.0,0.2385829134181867,0.2997517559332769,0.2785448904616714,0.2661777523060647,0.5142940310746429,0.0535625078126408,0.0,0.0,0.0,0.2013928368046999,0.0,0.2865972908438685,0.0,0.5070713495042349,0.0,0.0,0.5047699751874394,0.5677376843966949,0.0959527198413511,0.6179773213946843,0.0,0.6974465075570813,0.0490554583455258,0.2646869140686486,0.289868829825318,0.0,0.0,0.0,0.0865136674398333,0.3649179690017294,0.0,0.0,0.0,0.0656305967668706,0.0,0.0,0.0,0.2146016310527634,0.0,0.0,0.0,0.0,0.4655236348229611,0.0,0.0,0.1279090162938676,0.0,0.2010715214880241,0.5069854433210581,0.0,0.0957865593500471,0.0,0.0,0.0,0.0,0.0,0.4761642049638726,0.0,0.0781231018985508
0.2275553466189284,0.310280946117293,0.0,0.0,0.0,0.0,0.0,0.0840788802965237,0.0876913024800252,0.0,0.0,0.2584427011778171,0.0346904636546175,0.0,0.0,0.0888167578374991,0.0,0.0,0.0,0.1439026066011007,0.0,0.3830920476021861,0.0,0.3600727063435057,0.0,0.4796044816306345,0.0,0.0974225189894232,0.0,0.0,0.2984027787750886,0.0,0.0,0.1565235760073688,0.424437626349943,0.1349302214012852,0.0,0.2720994095078871,0.0,0.875731172928259,0.0669461754724423,0.0,0.0,0.0,0.1184239560185482,0.0758804368952521,0.0,0.0,0.0,0.0,0.0,0.0,0.0,0.0,0.0,0.0,0.2804994993505262,0.0,0.0,0.1418593779549898,0.0,0.0,0.0,0.0,0.4935511869775298,0.0,0.1720506958828199,0.0,0.328456981895646,0.0,0.0,0.4433027074939928,0.0,0.0,0.0,0.1242557049244127
0.0,0.8266208514073373,0.5117438645248701,0.5839923333309065,0.6400456509505498,0.716230984392235,0.4066609168723918,0.7857103508913095,0.3968720048420048,0.520204231928886,0.3388523100091899,0.5280393725007405,0.7818919615935567,0.3553447284805722,0.2831758326159622,0.5709329676596522,0.3918183878486727,0.4253486769015076,0.7796725874935818,0.9257155434742688,0.7001799523263205,0.0904542030837402,0.7434338288089017,0.7448931652859893,0.0,0.6707551758334779,0.335673923190258,0.6410832569596624,0.436113495659545,0.3845788569759445,0.6920237148933714,0.5047699751874394,0.1565235760073688,0.0,0.1600321878263673,0.6221301336222241,0.5297528737282705,0.046540460211038,0.7172596993299765,0.2945451427179229,0.2904953301739239,0.0207049154266869,0.2316251663382202,0.0,0.0,0.1899547729714657,0.3291900201837894,0.6110140772381516,0.0,0.0,0.3156774731887956,0.0,0.7021058934079705,0.5408326706469125,0.6040525051879074,0.0,0.5300423679915791,0.0151297116138266,0.0,0.5740622146223526,0.0,0.2403658375214502,0.0,0.0,0.824638781379925,0.6800390200220712,0.0,0.7512650853867097,0.0998809538672971,0.0,0.0958238288806507,0.2497994793219003,0.1864931924943859,0.0,0.0,0.0
0.0,0.0,0.0,0.4926724843720383,0.0,0.0,0.5558337449068111,0.0,0.0,0.0,0.0,0.0,0.0,0.0,0.0320878194121896,0.7808941876912724,0.0,0.0,0.0,0.0515028337736203,0.1487732058344143,0.7013642314365915,0.0,0.0,0.0,0.0,0.0,0.0,0.0,0.0,0.3580361854923151,0.5677376843966949,0.424437626349943,0.1600321878263673,0.0,0.0963976391749804,0.1936390211935584,0.0,0.2372893840779165,0.6022801252719976,0.0,0.3981555772898969,0.0,0.2703765443563252,0.0687011784372811,0.0,0.0,0.0,0.0,0.0,0.0,0.0,0.0,0.0,0.0,0.0,0.0,0.0,0.0,0.6469694662764149,0.0,0.0,0.0,0.0,0.0,0.0,0.0,0.0,0.0,0.0,0.0,0.0,0.0,0.1078138001904911,0.0,0.0
0.0,0.0,0.8321704233991852,0.689296658622933,0.7930583512368212,0.6087592411267834,0.3515493651472174,0.6986879182237291,0.6396255050096801,0.5485144319401339,0.1711284075204674,0.2540248308642973,0.6705259155061174,0.642313466456825,0.0,0.0,0.0,0.0,0.5550803175598934,0.7548758334349172,0.0,0.0,0.8365346423630545,0.7178771322350385,0.0,0.418597977284416,0.5070334195524525,0.7964957410601413,0.3095286723413568,0.0,0.5982248177824466,0.0959527198413511,0.1349302214012852,0.6221301336222241,0.0963976391749804,0.0,0.345114914428166,0.1128236996461264,0.5161634300485581,0.314500343997229,0.0,0.3954036276593811,0.5711007202384372,0.0,0.0,0.0,0.0,0.6158591342630679,0.0,0.4622018411638506,0.0111640557498022,0.0,0.6031321972860957,0.4874628520898219,0.0,0.102256957339062,0.51532917025238,0.0,0.0,0.0,0.0,0.0,0.0,0.7368446092881021,0.746997903138935,0.0,0.0,0.6875073194685029,0.0,0.0,0.0,0.6147078650598979,0.575893631895316,0.0,0.0,0.0
0.0,0.0,0.3140800989663672,0.5617720849799619,0.3078325616644554,0.3336529709919011,0.4293663361828411,0.3300327024512315,0.0,0.1334369240099714,0.0,0.0,0.3160521821360873,0.2573614375918548,0.0,0.0,0.0,0.0,0.4873417935132946,0.3074312938549746,0.0,0.0,0.4428458371097011,0.0966620534132905,0.0,0.0,0.1543613507644861,0.0856914571077505,0.5144931176163876,0.0,0.35181847486835,0.6179773213946843,0.0,0.5297528737282705,0.1936390211935584,0.345114914428166,0.0,0.0,0.7289699140383835,0.0,0.0171743643463929,0.3684052956900217,0.1810418610475457,0.0,0.0,0.0,0.0,0.0,0.0,0.0,0.0,0.0,0.0,0.0,0.0,0.0,0.0,0.0,0.0,0.0,0.0,0.0,0.0,0.0,0.0,0.0,0.0,0.2998812248855693,0.0,0.0,0.0,0.0,0.0,0.0,0.0,0.0
0.5323136515522988,0.0,0.0,0.0886246891290922,0.214748211245107,0.1533699141862011,0.0,0.0,0.1176660984767017,0.4073186184128705,0.3737750968919673,0.2904290311332798,0.0620384276970658,0.0,0.0,0.0,0.2964501816847562,0.0,0.2206362231019551,0.0,0.0,0.0,0.1924144442483421,0.2135531313364917,0.245957795723973,0.3299018662252789,0.298073348009872,0.40005380252109,0.0,0.0,0.3062502103791149,0.0,0.2720994095078871,0.046540460211038,0.0,0.1128236996461264,0.0,0.0,0.0,0.2041609728310252,0.1052225290746713,0.2201403097351476,0.0,0.0,0.164933651649228,0.0,0.0,0.0,0.0,0.0,0.0,0.0,0.0,0.0,0.3631805531267817,0.0,0.3174205539254017,0.0,0.0,0.0,0.0,0.0,0.0,0.0,0.0,0.0,0.0,0.0,0.4364379455658481,0.0824948644600905,0.1707727046926263,0.0,0.3553055812266058,0.0,0.0,0.0
0.0,0.384724106655008,0.4333347293454041,0.0,0.4858656849399406,0.5460503721411,0.4851014868224807,0.4861153078764066,0.1053951097789991,0.3045188725134298,0.0,0.1545265726915796,0.4829139151559113,0.4452799951603716,0.1335566271315864,0.6641383391843222,0.0,0.5013815414510268,0.7278756026751703,0.6271223707338259,0.5278517648187276,0.0,0.5744150432247094,0.3849715048753749,0.0,0.1831285207830389,0.2231765026230988,0.314640665478427,0.4945528109532266,0.0,0.5767009777550364,0.6974465075570813,0.0,0.7172596993299765,0.2372893840779165,0.5161634300485581,0.7289699140383835,0.0,0.0,0.0,0.1005552203185062,0.1954141614846925,0.174078454151774,0.0,0.0,0.0663324538434978,0.2757434822245114,0.3919963329542564,0.215318736217097,0.0,0.3965591320088024,0.0,0.5325750813432533,0.1512839192438254,0.3973341664515152,0.0,0.2500375617434098,0.0,0.1978620002508216,0.4303363442883418,0.0,0.1772577971237381,0.0,0.3809846830149711,0.4697551922064871,0.7630303163369931,0.0,0.5624781553931084,0.0617030245634826,0.0,0.1331021984204786,0.0384811292441851,0.0,0.067533661415111,0.0,0.0
0.0,0.2599038133453892,0.0,0.0,0.0,0.0,0.0,0.0,0.0,0.0,0.0,0.2786733856041266,0.1287240094634897,0.0,0.1003808115748316,0.2448083239004607,0.0,0.0,0.0,0.4175932994528502,0.2528517275013708,0.4375946890070261,0.2395014344899095,0.5314756361562972,0.0,0.5219115866049896,0.0,0.1877579210577392,0.0,0.0,0.278690207923591,0.0490554583455258,0.875731172928259,0.2945451427179229,0.6022801252719976,0.314500343997229,0.0,0.2041609728310252,0.0,0.0,0.0,0.165481482290436,0.0,0.1854767423274451,0.1395505787426962,0.2295456130116442,0.0,0.0,0.0,0.1417365951636022,0.0,0.0,0.0,0.215676207042758,0.0,0.3018783326281485,0.238780014081339,0.0,0.0,0.5546796236426969,0.0,0.0,0.0,0.0396529323791455,0.5185743151591065,0.0,0.0,0.0241484329460646,0.4539882886862462,0.0,0.0,0.4036137942196581,0.0,0.0,0.0758240270698617,0.1093747638015935
0.4235105289278028,0.2432207546388829,0.0,0.0,0.0,0.0,0.2183966586901596,0.0,0.0,0.0,0.0,0.0,0.2171382307029835,0.0,0.0,0.0911413650247299,0.0,0.112592159197996,0.0,0.0,0.0,0.2135044921442823,0.0,0.0,0.0,0.0681921057807836,0.0298829111166599,0.1702058484939296,0.0,0.0,0.4154421457143726,0.2646869140686486,0.0669461754724423,0.2904953301739239,0.0,0.0,0.0171743643463929,0.1052225290746713,0.1005552203185062,0.0,0.0,0.0,0.0,0.1413612377656531,0.0,0.0,0.1582327621841218,0.0948078666139973,0.0,0.3062084601598351,0.0,0.2507077796503749,0.0,0.4232289186402977,0.1626590590047307,0.2159757947892125,0.164634695321449,0.0473746529842279,0.1245666713728188,0.0,0.1427220947869251,0.2906944923839224,0.0595489955452254,0.1377070132322004,0.1204848669917377,0.1921645727126315,0.4498876456578551,0.0,0.0,0.1337625195537342,0.0,0.2076855224373923,0.0,0.0709942017017167,0.0,0.0
0.0,0.0,0.0,0.0,0.0,0.0,0.0,0.0,0.0,0.0333452085807802,0.0,0.0,0.0,0.0,0.042389680597809,0.4272545229023907,0.0,0.1179855679747567,0.0,0.2436156231283981,0.3004537747901672,0.0317196504536736,0.2538660809139542,0.0,0.0,0.0,0.3618396486050783,0.1270706781753611,0.3382707258907798,0.0,0.0,0.289868829825318,0.0,0.0207049154266869,0.3981555772898969,0.3954036276593811,0.3684052956900217,0.2201403097351476,0.1954141614846925,0.165481482290436,0.0,0.0,0.317151490929071,0.3313151960027311,0.2183664208364129,0.163013259687335,0.0,0.0,0.4443412078111739,0.0,0.0,0.0,0.0,0.0,0.0,0.0,0.0,0.0,0.0,0.415560640661623,0.0,0.0,0.0868200338609902,0.1614490694598962,0.1475838754163598,0.065900387767821,0.0,0.071877026176469,0.5399522418105371,0.0,0.0,0.413819484160575,0.0,0.1418260367523892,0.1209976990938756,0.256015580495373
0.0,0.0,0.6668099881653122,0.0,0.3587302592000672,0.1080803743174516,0.0,0.1806180412340879,0.2419616763362103,0.0,0.0,0.0,0.1332902197523222,0.4300964943604448,0.0,0.0,0.0,0.0,0.2211222113909639,0.2824764615896581,0.0,0.045639594610771,0.3970359931091942,0.0,0.0,0.0,0.3517152161289902,0.4487848640279529,0.3429932071085714,0.0,0.5210856789607393,0.0,0.0,0.2316251663382202,0.0,0.5711007202384372,0.1810418610475457,0.0,0.174078454151774,0.0,0.0,0.317151490929071,0.0,0.0,0.0,0.0,0.0,0.4747027837681895,0.1602991343738643,0.2378251085989281,0.0,0.0,0.1953029406357068,0.1042949464743165,0.0,0.0,0.0,0.0,0.0,0.0581309966304856,0.0,0.0,0.0,0.5692653907915833,0.3683250406040152,0.0770783179330597,0.0,0.4136665630795287,0.2117342214668609,0.0,0.0,0.4869620067826045,0.4497436411287082,0.0823639029457105,0.0,0.3927896554826076
0.0,0.0,0.0,0.0,0.0,0.0,0.0,0.0,0.0,0.0,0.0,0.0,0.0,0.0,0.0,0.0,0.0,0.0,0.0,0.0,0.0,0.0,0.0,0.0,0.0,0.0,0.0,0.0,0.0,0.0,0.0,0.0,0.0,0.0,0.2703765443563252,0.0,0.0,0.0,0.0,0.1854767423274451,0.1413612377656531,0.3313151960027311,0.0,0.0,0.5775665100212076,0.0,0.0,0.0,0.0,0.0,0.0,0.0,0.0,0.0,0.0,0.0,0.0,0.0,0.0,0.0,0.0,0.0,0.0,0.0,0.0,0.0,0.0,0.0,0.0,0.0,0.0,0.2055491015468754,0.0,0.0501552653889084,0.0,0.3112622823236267
0.0,0.0,0.0,0.0,0.0,0.0,0.0,0.0,0.0,0.0,0.0,0.0,0.0,0.0,0.0,0.0,0.0,0.0,0.0,0.0,0.0,0.0,0.0,0.0,0.0,0.0,0.0,0.0,0.0,0.0,0.0,0.0,0.1184239560185482,0.0,0.0687011784372811,0.0,0.0,0.164933651649228,0.0,0.1395505787426962,0.0,0.2183664208364129,0.0,0.5775665100212076,0.0,0.0319093286494253,0.0,0.0,0.0,0.0,0.0,0.0331670765078227,0.0,0.0,0.0,0.0,0.0,0.0,0.0,0.0,0.0,0.0,0.2367599415427679,0.0,0.0,0.0,0.0,0.0,0.2747876948447756,0.0,0.0,0.1414661540789611,0.0,0.0,0.0,0.3854443282440626
0.2948450202639816,0.0,0.0,0.0,0.0,0.0,0.0,0.0,0.0,0.1618354084388862,0.0,0.0,0.0,0.0,0.0,0.4578636046584238,0.0,0.2060950724538026,0.0,0.0,0.5207652814079705,0.4110897948871824,0.0,0.0999813354887957,0.0268657579153471,0.0,0.0,0.0,0.0,0.0,0.0,0.0865136674398333,0.0758804368952521,0.1899547729714657,0.0,0.0,0.0,0.0,0.0663324538434978,0.2295456130116442,0.0,0.163013259687335,0.0,0.0,0.0319093286494253,0.0,0.0,0.0,0.0,0.0,0.0,0.0,0.0842231885927476,0.0,0.0,0.0,0.0,0.0,0.0,0.4097076440121091,0.0,0.0,0.0,0.0,0.4772191349321914,0.0,0.0,0.4601903911061527,0.0,0.0,0.0,0.4516254296681871,0.1530913670401581,0.427103658044214,0.0,0.6667780081130299
0.0,0.4931982802732338,0.0,0.0,0.0,0.2613637699956949,0.0,0.0,0.0,0.0,0.0,0.0,0.0,0.0,0.3401033397544183,0.0680213836387854,0.0,0.2524772122920093,0.0,0.0454010633688877,0.1192349780959841,0.2797088984266092,0.0,0.0,0.0,0.1442234858766287,0.0,0.0,0.1092338990411755,0.0,0.0,0.3649179690017294,0.0,0.3291900201837894,0.0,0.0,0.0,0.0,0.2757434822245114,0.0,0.1582327621841218,0.0,0.0,0.0,0.0,0.0,0.0,0.0,0.0,0.0,0.7368453122481561,0.0453167436605799,0.2266584737257739,0.0,0.4808978101683516,0.0,0.0,0.3812987963504575,0.0,0.08928276885773,0.2209702439928739,0.5852872026722201,0.15805781885264,0.0,0.0,0.4865473188343818,0.3121544537268106,0.0285024866015545,0.0,0.4270239822451283,0.5567572091910321,0.0,0.0,0.2755045048938953,0.0,0.0
0.0,0.0,0.830947522072101,0.0,0.894433356068418,0.8343443428787095,0.0,0.7806427064507765,0.6046520765112465,0.0,0.8065689031454235,0.0,0.870837182382592,0.0,0.0,0.0,0.0,0.0,0.7295074194031829,0.0,0.0,0.0,0.7670030298955642,0.0,0.0,0.0,0.4239483935628773,0.843474207245225,0.5070870705823874,0.0,0.0,0.0,0.0,0.6110140772381516,0.0,0.6158591342630679,0.0,0.0,0.3919963329542564,0.0,0.0948078666139973,0.0,0.4747027837681895,0.0,0.0,0.0,0.0,0.0,0.1907306391302546,0.6831122663236249,0.3543425737490809,0.5286116544159951,0.7954170030980388,0.6647826142585774,0.5256854582836383,0.5634998968662399,0.6982665860992876,0.5566605319923141,0.1780787808100738,0.0,0.0,0.0,0.0,0.9129636622642556,0.0,0.1878911985605588,0.0,0.8592425205954823,0.0,0.1611993740689818,0.0163997905524743,0.4974820196240247,0.7755049433578681,0.0,0.5689481182388408,0.0
0.0,0.0,0.0,0.0,0.0,0.0,0.0,0.0,0.0,0.0,0.0,0.0,0.0,0.0,0.0,0.0,0.0,0.0,0.0,0.0,0.0,0.0,0.0,0.0,0.0,0.0,0.0,0.0,0.0,0.0,0.0,0.0,0.0,0.0,0.0,0.0,0.0,0.0,0.215318736217097,0.0,0.0,0.4443412078111739,0.1602991343738643,0.0,0.0,0.0,0.0,0.1907306391302546,0.0,0.4992411859042949,0.0,0.0690450092296696,0.4058613582251553,0.4589974294368187,0.0,0.1802823931049091,0.0,0.0,0.3862447751490939,0.0,0.0,0.0,0.0,0.3481275549216236,0.0,0.0,0.0,0.2658773224836354,0.0,0.0,0.0,0.3730138628667952,0.4724191010398654,0.0,0.0,0.0
0.0,0.0,0.4709428935650822,0.0,0.7219516425954488,0.5737001335672003,0.0,0.5904199849809495,0.8630108306047376,0.0,0.80301782521302,0.0,0.0,0.0,0.0,0.0,0.0,0.0,0.1511619890835399,0.0,0.0,0.0,0.4253017122626401,0.0,0.0,0.0,0.1948014518322511,0.0,0.0,0.0,0.0,0.0,0.0,0.0,0.0,0.4622018411638506,0.0,0.0,0.0,0.1417365951636022,0.3062084601598351,0.0,0.2378251085989281,0.0,0.0,0.0,0.0,0.6831122663236249,0.4992411859042949,0.0,0.0,0.772479708639855,0.5387754808699744,0.926787624424322,0.0875262843057201,0.7443070017522546,0.7914925780744287,0.4616532533231135,0.441063649762037,0.0,0.0,0.0,0.0,0.6712342772673703,0.0,0.0,0.0,0.3710028212866879,0.0,0.0,0.0,0.4982111025714026,0.8716399531807794,0.0,0.0,0.0
