0.0,0.1855610107650729,0.0,0.0,0.0,0.2570400033599883,0.0,0.1582134218490155,0.0,0.30924067680875,0.0,0.0242922374224575,0.0,0.0908403304410082,0.3782054907445658,0.4426619019923876,0.314006220842039,0.3346537250205802,0.0,0.2876800655350225,0.3908865890713254,0.4474029029098234,0.3114659873427963,0.3804105971445761,0.4471042332304833,0.4408501200505395,0.324065428918542,0.1732484586413152,0.2817950406481485,0.0,0.2812057602401514,0.1975006527942948,0.2451844664292336,0.1094083501990477,0.0971372315284754,0.0,0.0,0.0670997109081312,0.3435372993534726,0.3314695454232558,0.2179240709737268,0.0,0.0,0.0,0.0,0.5538417327227502,0.3746647115590263,0.0,0.0,0.0,0.0,0.0,0.0,0.0,0.3350317029302587,0.0,0.0,0.0,0.0,0.0,0.4315682161867617,0.0,0.3974157165261889,0.0,0.0,0.351071718717195,0.3972268293373798,0.2852208464516176,0.4343406346288755,0.4259436784446834,0.4824985236821774,0.0,0.0,0.0,0.0,0.4073409448011879
0.1855610107650729,0.0,0.0,0.0,0.0975955590614277,0.3144181374384571,0.078399774074588,0.2137510060608934,0.0,0.0,0.0,0.0,0.1596369087549343,0.0,0.0,0.3035915582258959,0.0,0.4039421219106332,0.0,0.0554161503309765,0.1251230094328736,0.2033563703675757,0.1644930970882173,0.0,0.3159001213191246,0.4578145629133954,0.0,0.1347343074666249,0.065686495953276,0.0,0.1199678786894545,0.1396247120441764,0.2384956150027663,0.0812769821249101,0.0,0.0,0.0,0.0,0.1479914085264935,0.130655885245455,0.0159815143361714,0.0465625111031924,0.0,0.0,0.0,0.103009290820629,0.240200334992902,0.0,0.0,0.0,0.0558447424287068,0.0,0.0,0.0,0.0,0.0,0.0,0.0,0.0,0.0241391595503424,0.0880644118817586,0.0,0.1042920266052686,0.0,0.0,0.0466084462177165,0.040878807860365,0.0999535588751499,0.0,0.1610566723178717,0.2496800034546541,0.0721602696462409,0.0,0.0155522585372599,0.0,0.0354744743929359
0.0,0.0,0.0,0.1125187484562475,0.3667932738972333,0.4015953973889286,0.2374703698366937,0.3898292291865255,0.2562553416687653,0.2502480506077954,0.5194280309078382,0.0,0.2100687901122231,0.1231703588091038,0.0,0.0,0.0,0.0,0.5922887897033356,0.0,0.0,0.0,0.4107699919395216,0.0,0.0,0.0,0.3329314810820421,0.2703217189625852,0.1550366547165125,0.3245307427394409,0.3054597331721609,0.309206016559288,0.0,0.1998290999379902,0.0303238873949878,0.092780492725765,0.1809157837281022,0.0,0.3090271627442866,0.0,0.0,0.0,0.0807718826348875,0.0,0.0,0.0,0.0,0.5196263913540394,0.0,0.2085824720371588,0.2635001988274499,0.0864253672991735,0.3497125316067138,0.4030502343571355,0.0,0.4360304133053156,0.0,0.2668904293807478,0.0336246075893448,0.0,0.0,0.0,0.0,0.5710106135186362,0.0,0.0,0.0,0.3684753926093764,0.0,0.0,0.0,0.3095416786675083,0.0,0.0,0.0,0.0
0.0,0.0,0.1125187484562475,0.0,0.2427688856146775,0.1312443280898713,0.4703477744605734,0.3147200096201192,0.0,0.0235375110777742,0.1931813760382457,0.2517418557870913,0.4909830925987036,0.1141273437863711,0.0,0.0,0.0,0.0,0.0915355672619741,0.1578329313635361,0.0,0.0705755388452199,0.1217247567896344,0.0,0.0,0.0,0.0,0.4664598055263564,0.0,0.0,0.184657530950542,0.3676540982498595,0.0,0.2751712412594568,0.176097565134171,0.3017079649926145,0.3757852767897202,0.0,0.0,0.0,0.0,0.0,0.0,0.0,0.0,0.0,0.0,0.0,0.0,0.0,0.0,0.0,0.0,0.0,0.0,0.0,0.0,0.0,0.0,0.0,0.0,0.0,0.0,0.0,0.0,0.0,0.0,0.0,0.0,0.0,0.0,0.0,0.0,0.0,0.0,0.0
0.0,0.0975955590614277,0.3667932738972333,0.2427688856146775,0.0,0.3862219979833693,0.4765880089264744,0.3482526793347317,0.3878019652792127,0.2582896065851255,0.4747591499334671,0.1456497634276998,0.3637440865851875,0.2657065495141973,0.0,0.3641889319242737,0.0,0.0,0.3825734707319367,0.3725645598346773,0.0,0.3980567645325668,0.3886513539313884,0.0,0.2083589754076559,0.1535412880707512,0.4257680143986025,0.3360313902565226,0.404226137506214,0.0,0.4455669798626822,0.427097714500829,0.0711274565331312,0.3197696587464171,0.2455062774901591,0.1491351368374803,0.1998359518477117,0.01807716429991,0.2940325259757634,0.0,0.0,0.0,0.0673977130115912,0.0,0.0,0.0,0.0,0.2393154432916934,0.0,0.0,0.2596667790303478,0.0,0.3966071585901308,0.4349834859078626,0.0,0.417846386564612,0.0,0.0,0.0,0.0,0.0,0.0,0.0,0.3213185248860549,0.0,0.0,0.0,0.4128288088302633,0.0,0.0,0.0,0.3524990755610214,0.0,0.0,0.0,0.0
0.2570400033599883,0.3144181374384571,0.4015953973889286,0.1312443280898713,0.3862219979833693,0.0,0.2463933969490295,0.4748002819761683,0.2657664354395621,0.2134816488750193,0.3171947041984432,0.3178243765597259,0.3497221481391651,0.2849447136573036,0.3166972639362023,0.2470325042175478,0.0,0.2454753399601915,0.4176838294218771,0.3628119504588313,0.3659727645121258,0.3434258939779939,0.5227112479703462,0.0,0.1333446579441143,0.3052753689092272,0.3126261111247702,0.2866955771162308,0.2654688721369771,0.3723995562617986,0.285018812452923,0.287041586662174,0.0912843534649174,0.1850235602117442,0.0300648114878948,0.2032440683768613,0.1858426224979729,0.036145276269818,0.1830847554087992,0.0,0.201906688284198,0.0,0.1417930004267946,0.0,0.0,0.0,0.0,0.3352417941042314,0.0,0.2079241708482953,0.300549177942761,0.0643679933949888,0.4564586593534087,0.3687518849028367,0.0,0.3220595915626019,0.0,0.2831444663968744,0.0,0.2470057914098128,0.0,0.0,0.0,0.3728198715625752,0.1113200728048555,0.2650590921216766,0.1200880519203423,0.4410622544059777,0.0,0.0,0.2474184873201737,0.2529063407622696,0.2199529275746197,0.1931540930399674,0.0,0.0757670861970853
0.0,0.078399774074588,0.2374703698366937,0.4703477744605734,0.4765880089264744,0.2463933969490295,0.0,0.2646706381054594,0.1681550803384325,0.196198942554697,0.2641064263511449,0.1869223650181746,0.5092890157536991,0.2375773601948334,0.0,0.3042995524908323,0.2472130525105372,0.278793201228287,0.1944050431265988,0.337385637268308,0.0,0.3556994463405058,0.2006836703620872,0.1670366802129026,0.1971078246520273,0.0560850459844632,0.2299109540850673,0.4842312237417305,0.3068187021827261,0.0,0.3680966615755127,0.4744319338722411,0.0428157583702868,0.2691581530552774,0.3528472721114732,0.2076291662871733,0.3572190238986339,0.0169195905583341,0.0,0.0,0.0,0.0,0.012744515465823,0.0,0.0,0.0,0.0,0.0,0.0,0.0,0.2743927517843929,0.0,0.0,0.0,0.0,0.0,0.0,0.0,0.0,0.0,0.0,0.0,0.0,0.0,0.0,0.0,0.0,0.2079836606961277,0.0,0.0,0.0,0.3463847332549307,0.0,0.0,0.0,0.0
0.1582134218490155,0.2137510060608934,0.3898292291865255,0.3147200096201192,0.3482526793347317,0.4748002819761683,0.2646706381054594,0.0,0.1822130599559359,0.1968357032169874,0.3873277054920107,0.0,0.3644618075477138,0.3585085300332438,0.1556067861279413,0.1442304337848892,0.0,0.2082847497179068,0.3843847883019007,0.3061013045697228,0.342935708822655,0.2213635198505629,0.5208678273675726,0.345811172516089,0.0,0.2982139852051858,0.1803834232228194,0.3995981315288953,0.0990193671223297,0.4187150085504056,0.2948624487348028,0.3558910448226906,0.1189690595025668,0.2923933645547863,0.0329219176566527,0.3655263730298754,0.260561973631421,0.0,0.1175041935475292,0.0,0.2053341064022521,0.0,0.2191322541070182,0.0,0.0,0.0,0.0,0.2541633422987646,0.0,0.1561040194240072,0.1860399170625395,0.106679254317197,0.5530051820759138,0.2697971416587863,0.0,0.2858290734013022,0.0,0.3111896328181442,0.0406740363816738,0.1111279040020557,0.0,0.0,0.0,0.3121173449258835,0.0472530777377667,0.2655005896653811,0.0148169375751116,0.3893579561932443,0.0,0.0,0.0,0.1670539424552026,0.2475611656584719,0.0629049420796971,0.0,0.0
0.0,0.0,0.2562553416687653,0.0,0.3878019652792127,0.2657664354395621,0.1681550803384325,0.1822130599559359,0.0,0.1088638327049501,0.327444648755117,0.0,0.1192136765952204,0.1364951763265348,0.0,0.1449394292436855,0.0,0.0,0.2052071156008992,0.3503531516463781,0.0,0.281652215303726,0.2906554034328002,0.0,0.0553203548657605,0.0,0.4437929752693448,0.1560804975726999,0.3077831183433931,0.2584961969809765,0.2776775259643247,0.1458339938081833,0.0144157656581062,0.1530237595576766,0.2166709989749838,0.0,0.0,0.0,0.1109124051486902,0.0,0.0,0.0,0.0,0.0,0.0,0.0,0.0,0.3002637986825347,0.0,0.3690195256616752,0.2371427544143388,0.1560028947999629,0.2445913482039674,0.5315303099321975,0.0,0.3552392994399302,0.0,0.1161149214916046,0.0803726496832304,0.0,0.0,0.0,0.0,0.2165373697133698,0.0,0.0,0.0,0.3054697902455673,0.0,0.0,0.0,0.2884676640356694,0.0,0.0,0.0,0.0
0.30924067680875,0.0,0.2502480506077954,0.0235375110777742,0.2582896065851255,0.2134816488750193,0.196198942554697,0.1968357032169874,0.1088638327049501,0.0,0.1645243186308687,0.334100962009541,0.0176110697805729,0.1774985711319213,0.0,0.4540607154585936,0.4654450104327117,0.3639308923377415,0.1737290424038344,0.0,0.3240639652534136,0.3298361079956113,0.1933565521755011,0.2852978475306395,0.3801285106683858,0.3550161813507672,0.3050560357504804,0.1749818989921635,0.0,0.0,0.4057354357246285,0.2686435991097486,0.3063981610134739,0.2375357196771034,0.028479134687929,0.1733325203634501,0.180051945137751,0.3075844651974829,0.1740638904777257,0.1190801766588532,0.1577727835970184,0.0,0.0,0.0,0.1520051338756862,0.2717881333557131,0.0,0.0,0.0,0.0,0.0,0.0,0.0,0.0,0.255282373812005,0.0,0.1270723996840417,0.1308243008923305,0.0,0.0,0.1834776124182641,0.1083193109965662,0.191068335239646,0.0,0.0,0.0,0.0,0.0,0.2167474384505744,0.2621243179806734,0.2478550613771761,0.0,0.226435311842811,0.0,0.0,0.1428245469933376
0.0,0.0,0.5194280309078382,0.1931813760382457,0.4747591499334671,0.3171947041984432,0.2641064263511449,0.3873277054920107,0.327444648755117,0.1645243186308687,0.0,0.181805492873236,0.2693209082829838,0.2102509346590811,0.0,0.0,0.0,0.0,0.5061686335170495,0.0,0.0,0.0,0.3501189652399981,0.1019519369713412,0.0,0.0,0.3154970393181775,0.2480683569942483,0.0,0.0,0.3303874271238233,0.2547945028731662,0.0584823376779828,0.3122394494173944,0.0914190153182433,0.1960706123374582,0.1046270059104962,0.0775772850339116,0.0956864778359218,0.0,0.0,0.0,0.0734223152031914,0.0,0.0,0.0,0.0,0.3786920434223526,0.0,0.2751293295240646,0.1172318440190365,0.0930896598260036,0.3534916842946463,0.3502544628535711,0.0,0.5526331866211923,0.0,0.1866671665831421,0.0628258753670846,0.0,0.0,0.0,0.0,0.4205781641869531,0.0,0.0,0.0,0.325068053021241,0.0,0.0,0.0,0.2302227233557535,0.0,0.0,0.0,0.0
0.0242922374224575,0.0,0.0,0.2517418557870913,0.1456497634276998,0.3178243765597259,0.1869223650181746,0.0,0.0,0.334100962009541,0.181805492873236,0.0,0.224982334624983,0.0,0.0,0.0,0.2424875192242661,0.2670551330391062,0.0,0.0,0.1347807096649538,0.0,0.232121565879661,0.3200943346194281,0.0,0.240992072793904,0.0,0.2895934934417478,0.0,0.0,0.3051315307763836,0.3713765333337125,0.1853128937939012,0.3126530875110936,0.0090865706460741,0.4277425296768407,0.2719137466149421,0.2083565474606181,0.0274646835778918,0.0,0.1777440880095066,0.0,0.0,0.0,0.0,0.0,0.0,0.0,0.0,0.0,0.0,0.0,0.0,0.0,-0.0014969862121887,0.0,0.1094590065867835,0.0,0.0,0.0,0.0,0.0,0.0,0.0,0.0,0.0,0.0,0.0,0.0945780332012109,0.0,0.0303774284604953,0.0,0.1890993266932523,0.0,0.0,0.0
0.0,0.1596369087549343,0.2100687901122231,0.4909830925987036,0.3637440865851875,0.3497221481391651,0.5092890157536991,0.3644618075477138,0.1192136765952204,0.0176110697805729,0.2693209082829838,0.224982334624983,0.0,0.2384102824093883,0.1914739285382946,0.1830278452692425,0.2125467142285144,0.3416620817584341,0.2295396419351691,0.3188417419755708,0.3053038810286552,0.2400389354330871,0.2736088317237765,0.1920498031004566,0.1011676103100845,0.1543607474973425,0.0821850324794098,0.5707712126459332,0.2174880207433128,0.2865730965475658,0.2589089152507626,0.3627135342842054,0.0186892032330128,0.2105915862158676,0.2725254413895266,0.2865041905384553,0.3865130548014859,0.0,0.1549109796557877,0.0,0.2780044911027827,0.0,0.0,0.0,0.0,0.0,0.0,0.0227108851691654,0.0,0.0,0.2607442925648826,0.0,0.2401736482219694,0.0,0.0,0.0,0.0,0.0,0.0,0.0,0.0,0.0,0.0,0.0,0.2414351165114616,0.0,0.0,0.1851084116589294,0.0,0.0,0.0,0.2455041093444802,0.0,0.2171155199938513,0.0,0.0
0.0908403304410082,0.0,0.1231703588091038,0.1141273437863711,0.2657065495141973,0.2849447136573036,0.2375773601948334,0.3585085300332438,0.1364951763265348,0.1774985711319213,0.2102509346590811,0.0,0.2384102824093883,0.0,0.0,0.0,0.0,0.0,0.173278348328445,0.0,0.1446046967204056,0.0,0.278566260981468,0.0,0.0,0.0,0.1402153005887306,0.2211563088610346,0.0,0.0,0.2444557283407787,0.2517685743782965,0.0,0.1462306845385707,0.0,0.2989914094348641,0.1128113591823332,0.0,0.0244423567507348,0.0,0.0,0.0,0.1783216224058952,0.0,0.0,0.0,0.0,0.0343721514408203,0.0,0.0,0.0,0.0,0.0,0.105325975520382,0.0,0.1885544939923595,0.0,0.0,0.0,0.0,0.0,0.0,0.0,0.0922624222138472,0.0,0.0,0.0,0.1993914283194372,0.0,0.0,0.0,0.0821611613119905,0.0,0.0,0.0,0.0
0.3782054907445658,0.0,0.0,0.0,0.0,0.3166972639362023,0.0,0.1556067861279413,0.0,0.0,0.0,0.0,0.1914739285382946,0.0,0.0,0.254351476764701,0.0,0.1358902556806706,0.0,0.4543638084741422,0.4518543028208576,0.5204173235622656,0.3321851461864855,0.1675862986152172,0.2573088321368733,0.1732220074302292,0.4989521087375628,0.1771787426906207,0.3540964211272071,0.2661171482545669,0.2852770859483222,0.2608664206266441,0.0822878218487846,0.0665675039400934,0.1952230992823766,0.0,0.0,0.0,0.3382427414322091,0.1812165594219606,0.2350711528145912,0.1677913847672917,0.0,0.0,0.0,0.3209127531830723,0.2344437463667177,0.0,0.0,0.0,0.3434541956303786,0.0,0.1860003211469004,0.0,0.0,0.0,0.0,0.0,0.0,0.5771295240492532,0.2946501112445148,0.0,0.0,0.0,0.4393713298799096,0.4185833201868759,0.4126660591527494,0.3124045698466012,0.0,0.2336937904406358,0.302508831014984,0.4193250782290879,0.1870839184696037,0.4375518608729974,0.0,0.3349972984801594
0.4426619019923876,0.3035915582258959,0.0,0.0,0.3641889319242737,0.2470325042175478,0.3042995524908323,0.1442304337848892,0.1449394292436855,0.4540607154585936,0.0,0.0,0.1830278452692425,0.0,0.254351476764701,0.0,0.4160474713570801,0.4468033962654165,0.0,0.2410745120189082,0.4197741431567655,0.4195957087186758,0.1747328021752777,0.2552256805000517,0.4218392433786669,0.3310255194734462,0.3033499041193872,0.2531452903405951,0.386043133512963,0.3346338911251649,0.4616670095458083,0.3681629831712929,0.2332341541227833,0.3294461363481595,0.1654860719675931,0.0,0.0,0.0,0.2582274448100329,0.1589118791113337,0.3139203453949442,0.0751342485145586,0.0,0.0,0.0,0.3932720097525097,0.2148756930651238,0.0,0.0,0.0,0.0,0.0,0.0,0.0,0.0,0.0,0.0,0.0,0.0,0.2469155690578438,0.2555944611634754,0.0,0.2684216929617665,0.0,0.1502153514814878,0.2921698003192862,0.1540705846493668,0.0,0.0,0.2788684867522965,0.2653693221659555,0.1667081949697815,0.0,0.0,0.0,0.2279156659036072
0.314006220842039,0.0,0.0,0.0,0.0,0.0,0.2472130525105372,0.0,0.0,0.4654450104327117,0.0,0.2424875192242661,0.2125467142285144,0.0,0.0,0.4160474713570801,0.0,0.5447179639591306,0.0,0.1583092986050654,0.0,0.2835748113101177,0.0,0.3441019106148058,0.4342516580973974,0.4304340839772815,0.0,0.3297650176979186,0.122381304645659,0.0,0.2717132012965609,0.2517309870966066,0.3624637604811155,0.1705401921064116,0.1014827311133773,0.0,0.0,0.2381743376334283,0.2982302175068828,0.3028683222122827,0.2358210836388292,0.0,0.0,0.0,0.0,0.0,0.0,0.0,0.0,0.0,0.0,0.0,0.0,0.0,0.3717016857567123,0.0,0.3153368812061654,0.0,0.0,0.0,0.0,0.3461539750843267,0.3557303190948718,0.0,0.0,0.0,0.0,0.0,0.2866431422893256,0.2587942541337678,0.3134956027938679,0.0,0.0,0.0,0.0,0.2747726128778203
0.3346537250205802,0.4039421219106332,0.0,0.0,0.0,0.2454753399601915,0.278793201228287,0.2082847497179068,0.0,0.3639308923377415,0.0,0.2670551330391062,0.3416620817584341,0.0,0.1358902556806706,0.4468033962654165,0.5447179639591306,0.0,0.0,0.1710160401417365,0.2918581618299768,0.2847975290521107,0.1624171080599888,0.3672620996046816,0.4334087038775784,0.4625820667194671,0.0740058430969837,0.4172350208342465,0.1057675863877077,0.1840046611534115,0.214313141264872,0.3203692924457172,0.3131249383138619,0.1529392944816782,0.1716882651928549,0.0,0.0,0.0,0.3547758367787373,0.2848064297710044,0.2848908938654338,0.1136919460293789,0.0,0.0,0.0,0.2528221084771776,0.306832459777215,0.0,0.0,0.0,0.0,0.0,0.0,0.0,0.3445999890444309,0.0,0.3172146416455005,0.0,0.0,0.0,0.3132992507918998,0.3520539280897559,0.3753365690675527,0.0,0.0,0.0,0.2921965640801828,0.0,0.2932869940605329,0.225724893277524,0.3038494705788069,0.0,0.0,0.0,0.0,0.2757803748558783
0.0,0.0,0.5922887897033356,0.0915355672619741,0.3825734707319367,0.4176838294218771,0.1944050431265988,0.3843847883019007,0.2052071156008992,0.1737290424038344,0.5061686335170495,0.0,0.2295396419351691,0.173278348328445,0.0,0.0,0.0,0.0,0.0,0.0,0.0,0.0,0.3910754659490633,0.0,0.0,0.0,0.2656888397989215,0.2588418512958756,0.0,0.0,0.2641501848796139,0.2679291015024727,0.0,0.1697549032508753,0.0,0.1140050713923373,0.1364762958458555,0.0441715899884467,0.2662124855098316,0.0,0.0,0.0,0.1468005523996479,0.0,0.0,0.0,0.0,0.5210608848976153,0.0,0.2234689970080006,0.247057277529147,0.0390392589679372,0.3478676102986179,0.3457876202220154,0.0,0.476007753459735,0.0,0.0,0.0845602892295395,0.0,0.0,0.0,0.0,0.5802367347093419,0.0,0.0,0.0,0.3336522092848757,0.0,0.0,0.0,0.2160988301420907,0.0,0.0,0.0,0.0
0.2876800655350225,0.0554161503309765,0.0,0.1578329313635361,0.3725645598346773,0.3628119504588313,0.337385637268308,0.3061013045697228,0.3503531516463781,0.0,0.0,0.0,0.3188417419755708,0.0,0.4543638084741422,0.2410745120189082,0.1583092986050654,0.1710160401417365,0.0,0.0,0.4296402726275276,0.5596671004031957,0.3117827862336935,0.0,0.1520157521398498,0.1246970301232022,0.4883777988969146,0.3797704419396291,0.4670897259052235,0.436558751568293,0.4716700434103078,0.3827773378972312,0.0657836420863854,0.2448979893442991,0.2163161636721011,0.2559149204725792,0.214957617253286,0.0,0.1853878132694253,0.0163913433924977,0.2748151085466266,0.0,0.0,0.0,0.0,0.0,0.144618699336739,0.0,0.0,0.0,0.19360514448525,0.0,0.2704078275885572,0.0,0.0,0.0,0.0,0.2386000355937775,0.0,0.4228468443082692,0.0,0.0,0.0,0.0,0.3500655466706336,0.338114801707455,0.2577688456993373,0.2840594157717493,0.0,0.0,0.2179532300996185,0.3784463596581083,0.2502240797285259,0.3360259481404969,0.0,0.1132061148036309
0.3908865890713254,0.1251230094328736,0.0,0.0,0.0,0.3659727645121258,0.0,0.342935708822655,0.0,0.3240639652534136,0.0,0.1347807096649538,0.3053038810286552,0.1446046967204056,0.4518543028208576,0.4197741431567655,0.0,0.2918581618299768,0.0,0.4296402726275276,0.0,0.4887578126103579,0.4253226083938673,0.2855454318123873,0.2947856341483679,0.2466161704199964,0.4379052918637172,0.383514422874576,0.3895829159697638,0.3316333131089876,0.382583540210286,0.4072697340997548,0.0927139516762354,0.2087756768185031,0.2471634325026559,0.087727563406965,0.0,0.0,0.3193934487936041,0.1413478231859156,0.3314976655392603,0.0555444188629728,0.0,0.0,0.0,0.3461290170716995,0.3300114035149614,0.0,0.0,0.0,0.3335239629235453,0.0,0.3627618892290752,0.0,0.0,0.0,0.0,0.0,0.0,0.4707155006069032,0.2360960033223841,0.0,0.0,0.0,0.3616871498583257,0.5617418245014297,0.3184523091755663,0.4013230345309763,0.0,0.2487577173681673,0.3574302806814383,0.4192359484542595,0.3494778757433676,0.4577378531234605,0.0,0.2481186586869623
0.4474029029098234,0.2033563703675757,0.0,0.0705755388452199,0.3980567645325668,0.3434258939779939,0.3556994463405058,0.2213635198505629,0.281652215303726,0.3298361079956113,0.0,0.0,0.2400389354330871,0.0,0.5204173235622656,0.4195957087186758,0.2835748113101177,0.2847975290521107,0.0,0.5596671004031957,0.4887578126103579,0.0,0.3126362091119212,0.0,0.393855303546622,0.307087418126426,0.5093707506327799,0.3045032041914946,0.4630685410733491,0.3697646238384885,0.4728674708704977,0.4189282245870265,0.2114647620770024,0.2161031620297501,0.1967753166077559,0.1096863588711997,0.2125079346146922,0.0,0.375110296351304,0.2404258459689962,0.3417126302046316,0.0700366681730771,0.0,0.0,0.0,0.4311325767610329,0.3407900604348113,0.0,0.0,0.0,0.2871670621554333,0.0,0.0,0.0,0.0,0.0,0.0,0.0,0.0,0.5124473927717169,0.331366733971969,0.0,0.340391701991144,0.0,0.4298885718272791,0.4350153762673375,0.4101358995276069,0.3081472543211117,0.0,0.321866095673253,0.4034030947866548,0.4378585994438241,0.2890519896660785,0.46841135301047,0.0,0.3181135486872961
0.3114659873427963,0.1644930970882173,0.4107699919395216,0.1217247567896344,0.3886513539313884,0.5227112479703462,0.2006836703620872,0.5208678273675726,0.2906554034328002,0.1933565521755011,0.3501189652399981,0.232121565879661,0.2736088317237765,0.278566260981468,0.3321851461864855,0.1747328021752777,0.0,0.1624171080599888,0.3910754659490633,0.3117827862336935,0.4253226083938673,0.3126362091119212,0.0,0.3063076925018159,0.161897623039156,0.3401564680090964,0.3291906559786274,0.297290174668548,0.1893896250428298,0.3570188347212891,0.2525141597001088,0.2853255325938686,0.1452364239216385,0.1722362419487698,0.0213823525420558,0.1607302513896847,0.1617534903877672,0.0444684127779876,0.2317781782032764,0.1171747240867302,0.184908363336769,0.0,0.0554630370667235,0.0,0.0,0.0,0.2790463954606522,0.3125730047872886,0.0,0.2148056288931024,0.3678613924829016,0.0992654372107927,0.532552056536271,0.4077645327332426,0.0,0.3230613099304885,0.0,0.3005727702799418,0.0561110792301056,0.2857911028098558,0.0,0.0,0.0,0.3616240763885003,0.2049377800274184,0.4004218104515142,0.1929169580511906,0.5803728928379254,0.0,0.0,0.3910691133120395,0.3439272664407554,0.2361876334716202,0.2804490177455915,0.1883858848127056,0.0977630987531353
0.3804105971445761,0.0,0.0,0.0,0.0,0.0,0.1670366802129026,0.345811172516089,0.0,0.2852978475306395,0.1019519369713412,0.3200943346194281,0.1920498031004566,0.0,0.1675862986152172,0.2552256805000517,0.3441019106148058,0.3672620996046816,0.0,0.0,0.2855454318123873,0.0,0.3063076925018159,0.0,0.3424515452173016,0.4821201392786617,0.0731144127974225,0.2520194106180741,0.0,0.0,0.1107699012147352,0.2969613544026383,0.3416541560425183,0.0722358217568819,0.0907666853589314,0.1183763402426479,0.1972343620956085,0.1343806123988033,0.3841668214946454,0.3459121638668477,0.2329993961486975,0.2178960895698757,0.0,0.0,0.2299683166536016,0.3303731971596277,0.349008534238361,0.0,0.0,0.0,0.0,0.0,0.0,0.0,0.357426907883105,0.0,0.4809789649608456,0.0,0.0,0.0,0.3266907917969005,0.3048260535091083,0.3600842642165857,0.0,0.0,0.0,0.0,0.0,0.5581485381611601,0.2380237569223209,0.4379522383792189,0.0,0.4175588616982141,0.0,0.0,0.3362690100557154
0.4471042332304833,0.3159001213191246,0.0,0.0,0.2083589754076559,0.1333446579441143,0.1971078246520273,0.0,0.0553203548657605,0.3801285106683858,0.0,0.0,0.1011676103100845,0.0,0.2573088321368733,0.4218392433786669,0.4342516580973974,0.4334087038775784,0.0,0.1520157521398498,0.2947856341483679,0.393855303546622,0.161897623039156,0.3424515452173016,0.0,0.4499224842552228,0.2327819933600035,0.1551802273659535,0.213503842562539,0.0,0.1745945987418179,0.1487743395276324,0.3181786952691893,0.0,0.1243860269440771,0.0,0.0,0.1146070185422866,0.3763556108030353,0.3548801467251969,0.1588758467367569,0.2235616236358546,0.0,0.0,0.2881606408001199,0.4359841279817027,0.4395806738797992,0.0,0.0,0.0,0.0,0.0,0.0,0.0,0.4470871554926137,0.0,0.3048936143009847,0.0,0.0,0.2922752922378325,0.4976543464426404,0.3697612085894549,0.4951246583729612,0.0,0.3764243472036226,0.3107136645328051,0.4109574827519524,0.0,0.4245255870810323,0.5691499780683356,0.4864008776596231,0.0,0.0,0.4386824252290103,0.0,0.435918126114949
0.4408501200505395,0.4578145629133954,0.0,0.0,0.1535412880707512,0.3052753689092272,0.0560850459844632,0.2982139852051858,0.0,0.3550161813507672,0.0,0.240992072793904,0.1543607474973425,0.0,0.1732220074302292,0.3310255194734462,0.4304340839772815,0.4625820667194671,0.0,0.1246970301232022,0.2466161704199964,0.307087418126426,0.3401564680090964,0.4821201392786617,0.4499224842552228,0.0,0.1251114862036809,0.1764696471177138,0.0316006045264167,0.0,0.1343635113098104,0.1902281283109255,0.3783573226416816,0.0575890969075789,0.0,0.0446477083773199,0.0,0.197562923986572,0.3407466379326642,0.3241473672874356,0.1327894600560278,0.1613554206918533,0.0,0.0,0.2083958215323074,0.3482534905515222,0.3886343819149558,0.0,0.0,0.0,0.2250548959888581,0.0,0.0,0.0,0.2503068586945995,0.0,0.3532599195922083,0.0,0.0,0.1466672531786162,0.3021345134581554,0.2113669134754675,0.2684549726307746,0.0,0.225110709828588,0.209216692038789,0.2864697478327269,0.2168899188391837,0.443491222382778,0.2962011496509651,0.5060984857051927,0.1216491528025645,0.0,0.2054001160088597,0.0,0.2749431033918715
0.324065428918542,0.0,0.3329314810820421,0.0,0.4257680143986025,0.3126261111247702,0.2299109540850673,0.1803834232228194,0.4437929752693448,0.3050560357504804,0.3154970393181775,0.0,0.0821850324794098,0.1402153005887306,0.4989521087375628,0.3033499041193872,0.0,0.0740058430969837,0.2656888397989215,0.4883777988969146,0.4379052918637172,0.5093707506327799,0.3291906559786274,0.0731144127974225,0.2327819933600035,0.1251114862036809,0.0,0.1439166055986182,0.5011921846036492,0.2925359475490341,0.4445205076811382,0.264922049470835,0.0906534773523586,0.1870614649728764,0.1337661538212294,0.0277769494392202,0.0,0.0,0.1642855500765848,0.0562712569720309,0.1704387889240941,0.0,0.0,0.0,0.0,0.0,0.1315101990462175,0.2422832542345199,0.0,0.2121291794413915,0.1553781444889882,0.1284705806527871,0.2203110063994598,0.4750488556617194,0.0,0.2669177330878931,0.0,0.0724106787725108,0.0,0.4088771982889125,0.0,0.0,0.0,0.2637840935247916,0.2853859027767094,0.3570781378349847,0.2095338471010253,0.3458566746621435,0.0,0.0,0.2185434131996031,0.4610586516799693,0.0441737270799832,0.3605451380308971,0.0421251823870148,0.1493749507419568
0.1732484586413152,0.1347343074666249,0.2703217189625852,0.4664598055263564,0.3360313902565226,0.2866955771162308,0.4842312237417305,0.3995981315288953,0.1560804975726999,0.1749818989921635,0.2480683569942483,0.2895934934417478,0.5707712126459332,0.2211563088610346,0.1771787426906207,0.2531452903405951,0.3297650176979186,0.4172350208342465,0.2588418512958756,0.3797704419396291,0.383514422874576,0.3045032041914946,0.297290174668548,0.2520194106180741,0.1551802273659535,0.1764696471177138,0.1439166055986182,0.0,0.2256479731638374,0.3501603307184156,0.3445469039599635,0.4545018867309365,0.1177546172505093,0.2939300150308707,0.2682396857122135,0.341284114746325,0.4283260771845427,0.0517952170079384,0.2259252153783162,0.0901679719506867,0.2921849615727725,0.0,0.0466474960055128,0.0,0.0,0.0,0.0,0.0708125024289139,0.0,0.0,0.2918535746892919,0.0,0.2854448103579349,0.0,0.0,0.0,0.2223650204425215,0.0,0.0,0.2530805213836244,0.0,0.0,0.0,0.0,0.2933233769070769,0.343485313260255,0.2225267735085045,0.2248613292285253,0.0,0.0,0.0,0.2916526651968482,0.4194426761123078,0.3034819994226065,0.0,0.0787438161111967
0.2817950406481485,0.065686495953276,0.1550366547165125,0.0,0.404226137506214,0.2654688721369771,0.3068187021827261,0.0990193671223297,0.3077831183433931,0.0,0.0,0.0,0.2174880207433128,0.0,0.3540964211272071,0.386043133512963,0.122381304645659,0.1057675863877077,0.0,0.4670897259052235,0.3895829159697638,0.4630685410733491,0.1893896250428298,0.0,0.213503842562539,0.0316006045264167,0.5011921846036492,0.2256479731638374,0.0,0.3465521887321053,0.5052149000418804,0.2375306752225837,0.0,0.2651688322774915,0.1453101269659947,0.1180022857238748,0.0328218560619813,0.0,0.0,0.0,0.1827608130562535,0.0,0.0,0.0,0.0,0.0,0.0525674175774362,0.0,0.0,0.0,0.0,0.0,0.109237912822423,0.0,0.0,0.0,0.0,0.0631540415542976,0.0,0.3154040660494921,0.0,0.0,0.0,0.0,0.1632636350494017,0.264373455302961,0.0900052155719787,0.2029322015299361,0.0,0.0,0.0950842546887292,0.307664953690341,0.0288075687128002,0.2917698429405456,0.0,0.0204989910343893
0.0,0.0,0.3245307427394409,0.0,0.0,0.3723995562617986,0.0,0.4187150085504056,0.2584961969809765,0.0,0.0,0.0,0.2865730965475658,0.0,0.2661171482545669,0.3346338911251649,0.0,0.1840046611534115,0.0,0.436558751568293,0.3316333131089876,0.3697646238384885,0.3570188347212891,0.0,0.0,0.0,0.2925359475490341,0.3501603307184156,0.3465521887321053,0.0,0.4747945440447917,0.378821909545807,0.1125373337160629,0.4356323722793025,0.0884225444745503,0.0,0.0,0.0,0.1151098467903663,0.0,0.0,0.0,0.0,0.0,0.0,0.0,0.0,0.0,0.0,0.0,0.0983799878628408,0.0,0.0,0.0,0.0,0.0,0.0,0.0,0.0,0.0,0.0,0.0,0.0,0.0,0.0837333520857637,0.0,0.0,0.3241433197043246,0.0,0.0,0.0,0.1578924154608607,0.0,0.1585003142920504,0.0,0.0
0.2812057602401514,0.1199678786894545,0.3054597331721609,0.184657530950542,0.4455669798626822,0.285018812452923,0.3680966615755127,0.2948624487348028,0.2776775259643247,0.4057354357246285,0.3303874271238233,0.3051315307763836,0.2589089152507626,0.2444557283407787,0.2852770859483222,0.4616670095458083,0.2717132012965609,0.214313141264872,0.2641501848796139,0.4716700434103078,0.382583540210286,0.4728674708704977,0.2525141597001088,0.1107699012147352,0.1745945987418179,0.1343635113098104,0.4445205076811382,0.3445469039599635,0.5052149000418804,0.4747945440447917,0.0,0.431613933387056,0.1470072816075146,0.470699562569607,0.1816981095931414,0.3208590481329148,0.2064356538490178,0.2200466033395482,0.081563863440786,0.0,0.3287369078286355,0.0,0.0,0.0,0.0,0.2671698136047328,0.0834300611295009,0.0,0.0,0.0,0.0,0.0,0.2894707120188738,0.0,0.1267038703468894,0.0,0.0,0.0,0.0,0.2422035225399845,0.0,0.0143469227780007,0.0500849598700782,0.0,0.06975057860853,0.2690128278989676,0.0,0.247195177855362,0.0319019060233246,0.084864495660598,0.1477322361750407,0.2310542429201755,0.1550878140872279,0.1843574661913611,0.0,0.0
0.1975006527942948,0.1396247120441764,0.309206016559288,0.3676540982498595,0.427097714500829,0.287041586662174,0.4744319338722411,0.3558910448226906,0.1458339938081833,0.2686435991097486,0.2547945028731662,0.3713765333337125,0.3627135342842054,0.2517685743782965,0.2608664206266441,0.3681629831712929,0.2517309870966066,0.3203692924457172,0.2679291015024727,0.3827773378972312,0.4072697340997548,0.4189282245870265,0.2853255325938686,0.2969613544026383,0.1487743395276324,0.1902281283109255,0.264922049470835,0.4545018867309365,0.2375306752225837,0.378821909545807,0.431613933387056,0.0,0.2303545845552473,0.3791712286524754,0.2545682544498738,0.343546357020304,0.3904996735034712,0.1302137232627255,0.3383975992775355,0.1166727054473158,0.4595344844031102,0.0049845611599605,0.1245049554585053,0.3321315350937362,0.1570988941959933,0.166589435201178,0.2699587894583115,0.0931689171949275,0.0,0.0,0.2102275311548927,0.3601788821313644,0.3571142000215761,0.2341472329464965,0.2611547200320781,0.0940305240715785,0.1770491169837534,0.412074639904212,0.0,0.2840268497755314,0.1254940188549389,0.1981939461694821,0.2410713441379114,0.1834285886069448,0.2165499668573733,0.3606796990998508,0.1723286928515778,0.2513195418695409,0.1822607830560312,0.0557601471039737,0.2094092946339753,0.2885333067311419,0.3521954549285112,0.280113110205306,0.279995586295057,0.1403645939935853
0.2451844664292336,0.2384956150027663,0.0,0.0,0.0711274565331312,0.0912843534649174,0.0428157583702868,0.1189690595025668,0.0144157656581062,0.3063981610134739,0.0584823376779828,0.1853128937939012,0.0186892032330128,0.0,0.0822878218487846,0.2332341541227833,0.3624637604811155,0.3131249383138619,0.0,0.0657836420863854,0.0927139516762354,0.2114647620770024,0.1452364239216385,0.3416541560425183,0.3181786952691893,0.3783573226416816,0.0906534773523586,0.1177546172505093,0.0,0.1125373337160629,0.1470072816075146,0.2303545845552473,0.0,0.1561132869333706,0.0135761823594704,0.0373141149442549,0.1283875356818638,0.2329698510943606,0.3119979261535009,0.4319693197429248,0.2607894768219279,0.1794436522783431,0.0,0.0,0.1684287558020207,0.2030283029619684,0.2426778159205804,0.0,0.0,0.0,0.0,0.0,0.0,0.0,0.222506095006688,0.0,0.2225009087095073,0.0,0.0,0.1028957621755557,0.3306105871020371,0.1549370388174384,0.2142885970473696,0.0,0.1615319358973889,0.1613223885738637,0.2080428746767515,0.0873353916362773,0.3606142367113957,0.2052306380749834,0.2875588981243716,0.0940772862421296,0.2058003501899699,0.1799283266344096,0.0,0.2895979153691454
0.1094083501990477,0.0812769821249101,0.1998290999379902,0.2751712412594568,0.3197696587464171,0.1850235602117442,0.2691581530552774,0.2923933645547863,0.1530237595576766,0.2375357196771034,0.3122394494173944,0.3126530875110936,0.2105915862158676,0.1462306845385707,0.0665675039400934,0.3294461363481595,0.1705401921064116,0.1529392944816782,0.1697549032508753,0.2448979893442991,0.2087756768185031,0.2161031620297501,0.1722362419487698,0.0722358217568819,0.0,0.0575890969075789,0.1870614649728764,0.2939300150308707,0.2651688322774915,0.4356323722793025,0.470699562569607,0.3791712286524754,0.1561132869333706,0.0,0.1689677378491845,0.3477466425595329,0.2152213747113623,0.2099961842458868,0.0260826109428358,0.0,0.3514462692528025,0.0,0.1369945607278884,0.1501529316681409,0.0372526586315056,0.0989416804309669,0.0326885862157403,0.0,0.0,0.0,0.0,0.0,0.3175431592382338,0.0,0.0,0.0,0.0,0.1691520764647225,0.0,0.0543183547832879,0.0,0.0,0.0,0.0,0.0,0.1738673496496362,0.0,0.2181963560796251,0.0,0.0,0.0,0.0441321350025124,0.1327733387985293,0.0227972087513332,0.0,0.0
0.0971372315284754,0.0,0.0303238873949878,0.176097565134171,0.2455062774901591,0.0300648114878948,0.3528472721114732,0.0329219176566527,0.2166709989749838,0.028479134687929,0.0914190153182433,0.0090865706460741,0.2725254413895266,0.0,0.1952230992823766,0.1654860719675931,0.1014827311133773,0.1716882651928549,0.0,0.2163161636721011,0.2471634325026559,0.1967753166077559,0.0213823525420558,0.0907666853589314,0.1243860269440771,0.0,0.1337661538212294,0.2682396857122135,0.1453101269659947,0.0884225444745503,0.1816981095931414,0.2545682544498738,0.0135761823594704,0.1689677378491845,0.0,0.0666178920888026,0.174794428436102,0.0,0.1689817078160966,0.0170443837847516,0.2437925503800049,0.0261548449950366,0.0,0.120938716719125,0.1590988052800319,0.0949088257497577,0.1659493746739952,0.0,0.0,0.0,0.0,0.0,0.0,0.0,0.2842027704491365,0.0,0.0980632696891368,0.0,0.0,0.2152238047883705,0.1102703133246611,0.0,0.194832172173434,0.0,0.2074208324034459,0.2507734944859703,0.1865192431562406,0.0897471437643833,0.0,0.1047794139985972,0.0684370587818137,0.2148659543466128,0.20610054815829,0.2253114213473693,0.0,0.0
0.0,0.0,0.092780492725765,0.3017079649926145,0.1491351368374803,0.2032440683768613,0.2076291662871733,0.3655263730298754,0.0,0.1733325203634501,0.1960706123374582,0.4277425296768407,0.2865041905384553,0.2989914094348641,0.0,0.0,0.0,0.0,0.1140050713923373,0.2559149204725792,0.087727563406965,0.1096863588711997,0.1607302513896847,0.1183763402426479,0.0,0.0446477083773199,0.0277769494392202,0.341284114746325,0.1180022857238748,0.0,0.3208590481329148,0.343546357020304,0.0373141149442549,0.3477466425595329,0.0666178920888026,0.0,0.2114367572617089,0.2130485140484406,0.0,0.0,0.1691430790246922,0.0,0.2196992904677839,0.2089722260806621,0.0,0.0,0.0,0.0,0.0,0.0204277492345782,0.0,0.1029113426492652,0.255843741026346,0.0081001873813326,0.0,0.032038802292226,0.0,0.1339556111700672,0.0,0.0,0.0,0.0,0.0,0.0,0.0,0.0,0.0,0.0605033812971039,0.0,0.0,0.0,0.0,0.1410599271119021,0.0,0.0,0.0
0.0,0.0,0.1809157837281022,0.3757852767897202,0.1998359518477117,0.1858426224979729,0.3572190238986339,0.260561973631421,0.0,0.180051945137751,0.1046270059104962,0.2719137466149421,0.3865130548014859,0.1128113591823332,0.0,0.0,0.0,0.0,0.1364762958458555,0.214957617253286,0.0,0.2125079346146922,0.1617534903877672,0.1972343620956085,0.0,0.0,0.0,0.4283260771845427,0.0328218560619813,0.0,0.2064356538490178,0.3904996735034712,0.1283875356818638,0.2152213747113623,0.174794428436102,0.2114367572617089,0.0,0.0619601966835005,0.3115963594546709,0.1215093612458096,0.2761562423130997,0.0,0.0762267338326525,0.3305460229308638,0.0,0.0,0.0,0.0,0.0,0.0,0.0,0.0,0.0,0.0,0.0,0.0,0.2778154316433248,0.0,0.0,0.0,0.0,0.0,0.0,0.0,0.0,0.0,0.0,0.0,0.0,0.0,0.0,0.0,0.0,0.0,0.0,0.0
0.0670997109081312,0.0,0.0,0.0,0.01807716429991,0.036145276269818,0.0169195905583341,0.0,0.0,0.3075844651974829,0.0775772850339116,0.2083565474606181,0.0,0.0,0.0,0.0,0.2381743376334283,0.0,0.0441715899884467,0.0,0.0,0.0,0.0444684127779876,0.1343806123988033,0.1146070185422866,0.197562923986572,0.0,0.0517952170079384,0.0,0.0,0.2200466033395482,0.1302137232627255,0.2329698510943606,0.2099961842458868,0.0,0.2130485140484406,0.0619601966835005,0.0,0.0146767742652098,0.0348350388373103,0.0561647169570036,0.0,0.0,0.0,0.1018989409517767,0.0,0.0,0.0,0.0,0.0,0.0,0.0,0.0,0.0,0.0,0.0,0.0,0.0,0.0,0.0,0.0,0.0,0.0,0.0,0.0,0.0,0.0,0.0,0.0507940180418658,0.0425316185949879,0.1147021791010363,0.0,0.0,0.0,0.0,0.0
0.3435372993534726,0.1479914085264935,0.3090271627442866,0.0,0.2940325259757634,0.1830847554087992,0.0,0.1175041935475292,0.1109124051486902,0.1740638904777257,0.0956864778359218,0.0274646835778918,0.1549109796557877,0.0244423567507348,0.3382427414322091,0.2582274448100329,0.2982302175068828,0.3547758367787373,0.2662124855098316,0.1853878132694253,0.3193934487936041,0.375110296351304,0.2317781782032764,0.3841668214946454,0.3763556108030353,0.3407466379326642,0.1642855500765848,0.2259252153783162,0.0,0.1151098467903663,0.081563863440786,0.3383975992775355,0.3119979261535009,0.0260826109428358,0.1689817078160966,0.0,0.3115963594546709,0.0146767742652098,0.0,0.4855900465092275,0.3874966897834248,0.3647070980133378,0.0581900007064864,0.3086436751894711,0.2553208117286434,0.3465132403764974,0.517325186811328,0.3253101799514518,0.1403836557551169,0.3056128410400036,0.5122129257866829,0.3373685159854462,0.2240377589967514,0.3131999242540185,0.4723039159977875,0.1232541479588617,0.4541980688851518,0.4576642790872433,0.213704700176146,0.4126178586218232,0.5355927178578989,0.4591814392124911,0.5001561047333709,0.3020965879918709,0.542911353813476,0.4067114621780155,0.5564393969667765,0.2759712679953913,0.4703876655942614,0.3440597856012665,0.4242201665977682,0.3527626616878827,0.4683401749284157,0.5181764007469198,0.5490322984424967,0.5550783427659409
0.3314695454232558,0.130655885245455,0.0,0.0,0.0,0.0,0.0,0.0,0.0,0.1190801766588532,0.0,0.0,0.0,0.0,0.1812165594219606,0.1589118791113337,0.3028683222122827,0.2848064297710044,0.0,0.0163913433924977,0.1413478231859156,0.2404258459689962,0.1171747240867302,0.3459121638668477,0.3548801467251969,0.3241473672874356,0.0562712569720309,0.0901679719506867,0.0,0.0,0.0,0.1166727054473158,0.4319693197429248,0.0,0.0170443837847516,0.0,0.1215093612458096,0.0348350388373103,0.4855900465092275,0.0,0.2739311410913802,0.3423466244841986,0.0742496454003806,0.13156094035943,0.2118849237284078,0.3354547235211941,0.4228452940441197,0.0,0.0,0.171256757368605,0.4066321112958783,0.1901680662244466,0.1065583591852794,0.1756135088529692,0.3843212862420164,0.0798958523932341,0.3877221010734735,0.2763135886293125,0.0,0.2373323003399047,0.5568005355533736,0.3864653352512532,0.4349548889560419,0.0,0.3791871572380346,0.2969634498863209,0.4613989455265662,0.1580922270307788,0.4768190003884474,0.3571468747015777,0.3944381939561945,0.2019293864357606,0.3578416583705963,0.412171554131191,0.459650449599884,0.5284831325574667
0.2179240709737268,0.0159815143361714,0.0,0.0,0.0,0.201906688284198,0.0,0.2053341064022521,0.0,0.1577727835970184,0.0,0.1777440880095066,0.2780044911027827,0.0,0.2350711528145912,0.3139203453949442,0.2358210836388292,0.2848908938654338,0.0,0.2748151085466266,0.3314976655392603,0.3417126302046316,0.184908363336769,0.2329993961486975,0.1588758467367569,0.1327894600560278,0.1704387889240941,0.2921849615727725,0.1827608130562535,0.0,0.3287369078286355,0.4595344844031102,0.2607894768219279,0.3514462692528025,0.2437925503800049,0.1691430790246922,0.2761562423130997,0.0561647169570036,0.3874966897834248,0.2739311410913802,0.0,0.1364641791753065,0.1216315916922612,0.2471277277173859,0.0947283195710459,0.1898755522253566,0.2726723903799385,0.1133173629949544,0.3055075677677112,0.3202742772912689,0.2595673897934933,0.3246942960349986,0.262535557180209,0.2111969643112684,0.2928531755849062,0.1051468016926269,0.2045239311651348,0.3581256563951833,0.1276560448621433,0.3200206429774516,0.2919673520847119,0.3047320117155837,0.2870216793904037,0.1517022148154237,0.244269747363494,0.3556584545128947,0.2540740284857936,0.1996937998412138,0.2481443220860197,0.1021451678106883,0.2001287930210559,0.191480289664689,0.3870701148855832,0.3093053745564558,0.3723893081323005,0.2970570312114817
