0.0,0.348609354518185,0.0,0.0,0.0,0.3549767826244478,0.0,0.4515136456257401,0.0,0.4285734540664505,0.0,0.3643307196314287,0.2297369775346316,0.0,0.3245248622258671,0.2719284337406053,0.6170299007803406,0.5984814719630781,0.0,0.0913409019506864,0.703409487982789,0.2691472797267616,0.3864158227936737,0.4116501059113047,0.5634658836293879,0.660867691945148,0.1972980232509244,0.290193427994624,0.41529602248947,0.0,0.122194756509414,0.4129197448628856,0.3747816356646754,0.1787948662139671,0.0,0.0,0.0,0.2106111975641448,0.3781065628378364,0.4324066837579585,0.0290077500965617,0.0,0.0,0.0,0.0,0.8267136215320836,0.4519073409750127,0.0,0.0,0.0,0.0,0.0,0.0,0.0,0.5499802129628678,0.0,0.0,0.0,0.0,0.0,0.4735029453015694,0.0,0.5566451263534811,0.0,0.0,0.6265844145311511,0.5219518028997866,0.0,0.3922581996533487,0.5797233693706041,0.690361621810717,0.0,0.0,0.0,0.0,0.4473918349844999
0.348609354518185,0.0,0.0,0.0,0.0850576611296856,0.6118496503674693,0.2782681344500084,0.4169897387262375,0.2564631260503739,0.0,0.0,0.0,0.2627931886019563,0.0,0.2445281727878265,0.4043274806014604,0.622860894400423,0.758668599002864,0.0,0.2088062929950709,0.253021003802038,0.4819451157952004,0.5284535354573604,0.0,0.8779988754831903,0.77380571799043,0.4927004566130017,0.2342767169796513,0.4997165212237373,0.0,0.0,0.3975055099720432,0.3314239724592789,0.0,0.0,0.0,0.0,0.0,0.4016964216118511,0.4257747704817103,0.0,0.0,0.0,0.0,0.0,0.279980297809672,0.7887786155194398,0.0,0.0,0.0,0.747089065340962,0.0,0.0,0.0,0.0,0.0,0.0,0.0,0.0,0.367582847472913,0.4772920549461765,0.0,0.3889822453639046,0.0,0.4588886908910455,0.2097088750259022,0.624003612407674,0.4080621178595831,0.0,0.7017718557140337,0.724766642748269,0.5041171105294144,0.0,0.5281705351939994,0.0,0.3949585038096831
0.0,0.0,0.0,0.0,0.7332348703846361,0.1486496646366419,0.1332745730866968,0.0,0.9229115540389718,0.53033208397125,0.9257846627702808,0.1022774222298454,0.2870772332300684,0.0,0.0,0.0,0.0,0.0,0.8871852810106899,0.0,0.0,0.0,0.4899674805488652,0.0,0.0,0.0,0.7976904331031626,0.3623464380437236,0.0,0.0,0.3772710530169574,0.0,0.0,0.0,0.0,0.0,0.0,0.0,0.0,0.0,0.0,0.0,0.0291446368461335,0.0,0.0,0.0,0.0,0.9750147157148836,0.0,0.829483086261086,0.3235508225211949,0.4721286891121588,0.0,0.9292693818535768,0.0,0.9340032755359788,0.0,0.403511983875095,0.0,0.0,0.0,0.0,0.0,0.8676618255302743,0.0,0.0,0.0,0.2643580715894588,0.0,0.0,0.0,0.6808023090477869,0.5313500884953251,0.0,0.0,0.0
0.0,0.0,0.0,0.0,0.0,0.0,0.1533984046795367,0.0803582354346281,0.0,0.0,0.0,0.1486154672766314,0.0,0.2845103226597172,0.0,0.0,0.0,0.0,0.0,0.0,0.0,0.0,0.0,0.0,0.0,0.0,0.0,0.0767140623943842,0.0,0.0,0.0,0.0,0.0,0.0272149999803643,0.3194896892533203,0.1999342061452485,0.1218070892779563,0.0531121271764607,0.0,0.0,0.0,0.0,0.0,0.0,0.0,0.0,0.0,0.0,0.0,0.0,0.0,0.0,0.0,0.0,0.0,0.0,0.0,0.0,0.0,0.0,0.0,0.0,0.0,0.0,0.0,0.0,0.0,0.0,0.0,0.0,0.0,0.0,0.0,0.0,0.0,0.0
0.0,0.0850576611296856,0.7332348703846361,0.0,0.0,0.0,0.5830954162422821,0.0,0.824504674431872,0.4168600271028635,0.7609310964858043,0.0812820237037739,0.5012329108264413,0.2699692394818302,0.0,0.3092748040044549,0.0,0.0,0.5528692983486009,0.701551544510755,0.0,0.5246404803051664,0.31680878547566,0.0,0.1209591663505154,0.046648011966218,0.6846369228777642,0.3436071450077309,0.2626099699289226,0.0,0.4855297026827592,0.0,0.0,0.0,0.0,0.0,0.0,0.2591740682138522,0.0,0.0,0.0,0.0,0.2177298470193963,0.0,0.0,0.0,0.0,0.6651008132413991,0.0,0.8896910661209401,0.0,0.0,0.0,0.7942161189076322,0.0,0.8191104973026457,0.0,0.0,0.0,0.0,0.0,0.0,0.0,0.5679213189166809,0.0,0.0,0.0,0.0508604599858396,0.0,0.0,0.0,0.5017065303735068,0.0,0.0,0.0,0.0
0.3549767826244478,0.6118496503674693,0.1486496646366419,0.0,0.0,0.0,0.1735802489292654,0.6957244143521758,0.1699188305550284,0.5113670176333227,0.0,0.6370259426462002,0.4434158448912992,0.0607547596522157,0.1763790605338412,0.0,0.4491421401156807,0.5538282599323223,0.2008508066206215,0.0691004543426289,0.3117443548777626,0.1304668441208826,0.7514701578995284,0.0,0.6030966117654029,0.7529845480489348,0.3110268285882111,0.2155788735304479,0.4642277143283541,0.0756587977476926,0.0,0.4934631533873614,0.4038860219468128,0.0,0.0,0.0,0.250214582793975,0.0,0.4094601863241071,0.0,0.0,0.0,0.0,0.0,0.0,0.0,0.4115008275128367,0.1624598917625139,0.0,0.0154342853216217,0.7344270066580971,0.0193698074484779,0.5796020429982972,0.243437045961343,0.0,0.0916196550019193,0.0,0.5251340931463521,0.0,0.3934512189017016,0.0,0.0,0.0,0.207455368602256,0.3321831118519991,0.2888186072606563,0.4471378871686189,0.6867858309024354,0.0,0.0,0.6800791575605792,0.3309656731714269,0.3974349166649831,0.2781524518277093,0.3873706437780039,0.1906475013593182
0.0,0.2782681344500084,0.1332745730866968,0.1533984046795367,0.5830954162422821,0.1735802489292654,0.0,0.0,0.2458974943657086,0.4129209753185694,0.1711824678450668,0.3336944622280157,0.6639646223081644,0.3279902347866527,0.0,0.2515521633111037,0.2891869874841746,0.2442346917881039,0.024888458448139,0.3130886538683021,0.0,0.2454222861374574,0.1215200871140251,0.1669456230255811,0.269889497671995,0.2796524156285639,0.3485223261405868,0.2697201584243705,0.3345324859410433,0.0,0.2839540392834153,0.0,0.0,0.0,0.0,0.0,0.1075011203953924,0.3547599258705876,0.0,0.0,0.1378412388814758,0.0,0.2800950668925841,0.0,0.0,0.0,0.0,0.1130881773749009,0.0,0.0,0.0,0.0,0.0,0.2509744451672374,0.0,0.2692294275116841,0.0,0.0,0.0,0.0,0.0,0.0,0.0,0.0676315909135715,0.0,0.0,0.0,0.0,0.0,0.0,0.0,0.2071203325910108,0.0,0.0,0.0,0.0
0.4515136456257401,0.4169897387262375,0.0,0.0803582354346281,0.0,0.6957244143521758,0.0,0.0,0.0,0.3581222445023077,0.0,0.7321367450193438,0.1472466739056694,0.093378512270645,0.0,0.0,0.0,0.3615998722651102,0.0588112374636846,0.0,0.2372094810051903,0.0,0.6625434993031146,0.5387682284722195,0.3589939534847923,0.6797104447516991,0.0,0.0387260879224156,0.0,0.0,0.0,0.4357427403576418,0.4726225146595491,0.0,0.0,0.0,0.1307797507158042,0.0,0.3512197500126991,0.0,0.0,0.0,0.0,0.0,0.0,0.0,0.0,0.0,0.0,0.0,0.6655988711323476,0.0,0.8090398203034856,0.0,0.0,0.0,0.0,0.3533909252570493,0.0,0.0794730209320582,0.0,0.0,0.0,0.0833657438643339,0.0707001624536795,0.1334005243403467,0.0,0.5768151255200425,0.0,0.0,0.0,0.0,0.276334332042824,0.0,0.0,0.1594030592706563
0.0,0.2564631260503739,0.9229115540389718,0.0,0.824504674431872,0.1699188305550284,0.2458974943657086,0.0,0.0,0.6172814286475158,0.8403899941230378,0.1064241706701252,0.3736037650737588,0.0,0.0,0.3168774715879739,0.0,0.2835278659052345,0.7720813122317732,0.7702067699714352,0.0,0.6367324513425976,0.461947679532072,0.0170130554953641,0.3560222690827019,0.2773993423459021,0.8272259095937823,0.3344820858652376,0.4762474829756826,0.5252586538049898,0.4757846548144934,0.0,0.0,0.0,0.0,0.0,0.0,0.2204602156696089,0.0,0.0,0.0,0.0,0.0749390943571086,0.0,0.0,0.0,0.0,0.8722567958504736,0.0,0.8393617738979406,0.2088239262056663,0.4937979610219595,0.0,1.0,0.0,0.9319368353232568,0.0,0.4257079034791483,0.0,0.0,0.0,0.0,0.0,0.7673291306719141,0.0,0.0,0.0,0.3069863882247597,0.0,0.0,0.0,0.7146475124380114,0.4477777035684792,0.0,0.0,0.0
0.4285734540664505,0.0,0.53033208397125,0.0,0.4168600271028635,0.5113670176333227,0.4129209753185694,0.3581222445023077,0.6172814286475158,0.0,0.3668314815790942,0.530285797605189,0.4919910436636201,0.0,0.0,0.410131338927909,0.7838971730653951,0.572807266893765,0.4080638122877077,0.4237034958454799,0.0,0.4943835130762035,0.5889944363250459,0.3323380497270851,0.6593416383260768,0.7396533086625412,0.6927614132429324,0.2736510288599972,0.5212786652116501,0.0,0.4378740222459703,0.3116154334493647,0.4035404236173003,0.0,0.0,0.0,0.0762702978050378,0.377055785784905,0.230593728781471,0.3802047793542565,0.0,0.0,0.0,0.0,0.206239732803364,0.2889644223088088,0.0,0.0,0.0,0.0,0.0,0.0,0.0,0.0,0.9227848802073998,0.0,0.6390781253549663,0.5953484511037815,0.0,0.0,0.0,0.8321390986235357,0.6641325859310836,0.0,0.0,0.0,0.0,0.0,0.1297952718846314,0.6900408079545318,0.7154706517029862,0.0,0.5130131483578096,0.0,0.0,0.5572112581455202
0.0,0.0,0.9257846627702808,0.0,0.7609310964858043,0.0,0.1711824678450668,0.0,0.8403899941230378,0.3668314815790942,0.0,0.0,0.2720800257242516,0.0934686831102434,0.0,0.0,0.261686185691362,0.0,0.8787843530082032,0.0,0.0,0.0,0.3462671482389818,0.0,0.0,0.0718571688001345,0.6054948474048121,0.360932025565959,0.0,0.0,0.3276336279777526,0.0,0.0,0.0,0.0,0.0,0.0,0.1141872982088171,0.0,0.0,0.0,0.0,0.0893396407848162,0.0,0.0,0.0,0.0,0.8713802304380406,0.0,0.7833674278408533,0.0955813391641961,0.3621776718666467,0.0,0.7950789462471384,0.0,0.9574970643562528,0.0,0.20487593206874,0.0,0.0,0.0,0.0,0.0,0.8701927023055491,0.0,0.0,0.0,0.123877319742308,0.0,0.0,0.0,0.4543031672831626,0.3302438421218305,0.0,0.0,0.0
0.3643307196314287,0.0,0.1022774222298454,0.1486154672766314,0.0812820237037739,0.6370259426462002,0.3336944622280157,0.7321367450193438,0.1064241706701252,0.530285797605189,0.0,0.0,0.4381849424591085,0.0,0.0,0.0,0.5563055071145033,0.488252968828809,0.132149081757065,0.0,0.2709625912186594,0.0,0.5470617986515985,0.5806952982736803,0.471023364447139,0.7473630502918566,0.1020990532003356,0.352291233609681,0.0,0.0,0.0,0.3061318105237414,0.3428563692834355,0.0,0.0,0.0,0.183784930209547,0.1945894400681323,0.2069022246942539,0.3418986226894276,0.0,0.0,0.2119180137446005,0.0,0.1232569995540247,0.0,0.0,0.0,0.0,0.0,0.0,0.0,0.0,0.0,0.4547408950076537,0.0,0.7763270262920487,0.4574154868064128,0.0,0.0,0.0,0.4361490132493216,0.2467754989230479,0.0,0.0,0.0,0.0,0.0,0.4903414665954944,0.2808615067982248,0.6031544414906118,0.0,0.4142746029585085,0.0,0.0,0.1663890736215132
0.2297369775346316,0.2627931886019563,0.2870772332300684,0.0,0.5012329108264413,0.4434158448912992,0.6639646223081644,0.1472466739056694,0.3736037650737588,0.4919910436636201,0.2720800257242516,0.4381849424591085,0.0,0.2625446019106257,0.3462763519113467,0.2083491408192714,0.5566191700067011,0.423669358793722,0.2359339940994405,0.355647335002252,0.3770087645101766,0.3120508622475677,0.408714700536649,0.3665394236822769,0.3073919794064021,0.500911952712913,0.3426502133484846,0.5823655447854211,0.5253197136545392,0.3545957171803147,0.2614372972822887,0.0,0.0,0.0601070979471086,0.0,0.0298154501952218,0.1531920023339922,0.3046074893757591,0.0,0.0,0.0980402387489473,0.0,0.1408468051244175,0.0,0.0,0.0,0.0,0.219620578785805,0.0,0.0,0.203041976756519,0.3723930986039142,0.0303304134644365,0.0,0.0,0.3953164304828276,0.2456501088275466,0.0,0.0,0.4062409504996636,0.0,0.0,0.0,0.0,0.3141397358502087,0.0,0.256717397975276,0.2275622880314008,0.0,0.2815960777104616,0.3872490297423012,0.2490468686750264,0.0,0.1869225117237276,0.0,0.0
0.0,0.0,0.0,0.2845103226597172,0.2699692394818302,0.0607547596522157,0.3279902347866527,0.093378512270645,0.0,0.0,0.0934686831102434,0.0,0.2625446019106257,0.0,0.0,0.0,0.0,0.0,0.0699691055523627,0.0,0.0,0.0,0.1703377323070388,0.0,0.0,0.0,0.0,0.0192710197112224,0.0,0.0,0.0,0.0,0.0,0.0,0.0,0.1863198178567736,0.0480049334082303,0.0,0.0,0.0,0.0,0.0,0.1998461495273979,0.0,0.0,0.0,0.0,0.0,0.0,0.0,0.0,0.0,0.0,0.0,0.0,0.1320287607243798,0.0,0.0,0.0,0.0,0.0,0.0,0.0,0.0,0.0,0.0,0.0,0.0,0.0,0.0,0.0,0.0,0.0,0.0,0.0,0.0
0.3245248622258671,0.2445281727878265,0.0,0.0,0.0,0.1763790605338412,0.0,0.0,0.0,0.0,0.0,0.0,0.3462763519113467,0.0,0.0,0.5485248701467453,0.0,0.3490266516731534,0.0,0.829276447144577,0.3886622172220784,0.8194528704874522,0.4315327776427832,0.129589883725098,0.4212002436544612,0.3329513909120947,0.7070582114994286,0.4192451174829315,0.594989396316792,0.0,0.5396615848927534,0.0792346440327984,0.055496311299873,0.0,0.0,0.0,0.0,0.0,0.088965441080177,0.074228966550706,0.0,0.0,0.0268672468995932,0.0,0.0,0.0,0.5252608918307475,0.0,0.0,0.0,0.2421001883909564,0.0,0.0,0.0,0.0,0.0,0.0,0.4992304907968077,0.0,0.8495562186589205,0.6137290386224569,0.0,0.0,0.0,0.8566644925809789,0.4879750839081659,0.7916208554950671,0.3608566868067344,0.0,0.5457848530452423,0.3874182958213905,0.6602194495966098,0.5505597470719957,0.6344042803233703,0.0,0.4301042193108758
0.2719284337406053,0.4043274806014604,0.0,0.0,0.3092748040044549,0.0,0.2515521633111037,0.0,0.3168774715879739,0.410131338927909,0.0,0.0,0.2083491408192714,0.0,0.5485248701467453,0.0,0.4940920300874649,0.4916476431013147,0.0,0.4097068374705229,0.164703988938028,0.6002692500641429,0.2165055275596436,0.0,0.4237235462840075,0.2767274790644887,0.5363635467713824,0.3125272462759307,0.3735272163504885,0.3792063351376797,0.4890944198130544,0.0557032545275081,0.2104115545327201,0.0,0.0,0.0,0.0,0.0,0.0320406808348068,0.1640798651885949,0.0,0.0,0.0,0.0,0.0,0.1025023518381187,0.4545222057197353,0.0,0.0,0.0,0.0,0.0,0.0,0.0,0.0,0.0,0.0,0.0,0.0,0.4439421010627456,0.4978563266159052,0.0,0.408572299953209,0.0,0.4707727705361025,0.2411239532741882,0.5068647343815574,0.0824201934057084,0.0,0.3615061784280927,0.1858844210412013,0.477809333340691,0.0,0.4322148597902752,0.0,0.3858946671372807
0.6170299007803406,0.622860894400423,0.0,0.0,0.0,0.4491421401156807,0.2891869874841746,0.0,0.0,0.7838971730653951,0.261686185691362,0.5563055071145033,0.5566191700067011,0.0,0.0,0.4940920300874649,0.0,0.7919035544051098,0.0,0.287226299666076,0.0,0.5380254966643889,0.0,0.4008569466317643,0.7133110189699776,0.8409228541414744,0.0,0.5229887557621502,0.4693983760107053,0.0,0.298982643801584,0.2653089302680793,0.3659822731493282,0.0,0.0,0.0,0.0,0.3222616770069982,0.0,0.3444838940218312,0.0,0.0,0.0,0.0,0.0,0.0,0.0,0.0,0.0,0.0,0.0,0.0,0.0,0.0,0.7587015961427253,0.0,0.627986642907307,0.0,0.0,0.0,0.0,0.7233235007410083,0.62213191687993,0.0,0.0,0.0,0.0,0.0,0.2168259656614614,0.6280425669274792,0.736844409034327,0.0,0.0,0.0,0.0,0.0
0.5984814719630781,0.758668599002864,0.0,0.0,0.0,0.5538282599323223,0.2442346917881039,0.3615998722651102,0.2835278659052345,0.572807266893765,0.0,0.488252968828809,0.423669358793722,0.0,0.3490266516731534,0.4916476431013147,0.7919035544051098,0.0,0.0,0.1879428348144194,0.4205590720941416,0.4973389722929441,0.4957050463848589,0.2547586650753906,0.876530949670596,0.8434290395170245,0.3459665858744684,0.4247968704622576,0.5752506957193299,0.0832847887590744,0.0289041438305885,0.418478289308605,0.2884927852486191,0.1173740651848744,0.0,0.0,0.0,0.0,0.411984387186619,0.3868037007077171,0.0,0.0,0.0,0.0,0.0,0.5431287275750052,0.6774619409589376,0.0,0.0,0.0,0.0,0.0,0.0,0.0,0.6094680566818952,0.0,0.530836583231629,0.0,0.0,0.0,0.5441755450236239,0.7005459833953646,0.6090491730350228,0.0,0.0,0.0,0.682366551800832,0.0,0.1860307692258332,0.7174492075166785,0.7744125705919667,0.0,0.0,0.0,0.0,0.3980625958033632
0.0,0.0,0.8871852810106899,0.0,0.5528692983486009,0.2008508066206215,0.024888458448139,0.0588112374636846,0.7720813122317732,0.4080638122877077,0.8787843530082032,0.132149081757065,0.2359339940994405,0.0699691055523627,0.0,0.0,0.0,0.0,0.0,0.0,0.0,0.0,0.4643253508435946,0.0,0.0,0.0,0.5640987542860715,0.3767730252110027,0.0,0.0,0.2097191502644416,0.0,0.0,0.0,0.0,0.0,0.0269142879103063,0.084659908008335,0.0148043082974495,0.0,0.0,0.0,0.0,0.0,0.0,0.0,0.0,0.8218594495631341,0.0,0.6051474864088051,0.2798231856883393,0.2036378873891094,0.0,0.7250251294908097,0.0,0.8542172815128259,0.0,0.2590239491274911,0.0,0.0,0.0,0.0,0.0,0.9741953916960472,0.0,0.0,0.0,0.254765364891643,0.0,0.0,0.0,0.454589971090787,0.0,0.0,0.0,0.0
0.0913409019506864,0.2088062929950709,0.0,0.0,0.701551544510755,0.0691004543426289,0.3130886538683021,0.0,0.7702067699714352,0.4237034958454799,0.0,0.0,0.355647335002252,0.0,0.829276447144577,0.4097068374705229,0.287226299666076,0.1879428348144194,0.0,0.0,0.2924264610720786,0.8551389272451917,0.3127572965204233,0.0,0.3265672941897903,0.1849055436646051,0.7708760990997908,0.379407081682258,0.5622375509449694,0.6763982073027729,0.505593250097845,0.0,0.0,0.0,0.0,0.0,0.0624423555236715,0.0,0.0,0.0,0.0,0.0,0.1374526989905942,0.0,0.0,0.0,0.4615993587536712,0.0,0.0,0.0,0.1675790986576651,0.0,0.0,0.0,0.0,0.0,0.0,0.412493055197528,0.0,0.6836411773189984,0.4343335116469432,0.0,0.0,0.0,0.8586961269509473,0.3416615031172585,0.665424167893469,0.1886978923716901,0.0,0.4772425997882223,0.231436656447924,0.6421748504198933,0.4427843666657955,0.5479545875365857,0.0,0.3097321534859013
0.703409487982789,0.253021003802038,0.0,0.0,0.0,0.3117443548777626,0.0,0.2372094810051903,0.0,0.0,0.0,0.2709625912186594,0.3770087645101766,0.0,0.3886622172220784,0.164703988938028,0.0,0.4205590720941416,0.0,0.2924264610720786,0.0,0.2744515291509232,0.3203478802635688,0.4465702607377119,0.4869371369622481,0.5644980711253794,0.2745224822576634,0.2877733747504591,0.5355381841544987,0.0,0.3595046215679996,0.1872180109543046,0.226572080610936,0.1843245437979643,0.0,0.0,0.0,0.0,0.171515473288938,0.2906932072374731,0.0605409389458803,0.0,0.0,0.0,0.0,0.6462278521130523,0.4758024016819857,0.0,0.0,0.0,0.3385857592468231,0.0,0.3293900476140177,0.0,0.0,0.0,0.0,0.542545363371851,0.0,0.5479470755619404,0.4507313528310825,0.0,0.0,0.0,0.4408417526566539,0.7866183723642661,0.4857187905796855,0.4810779106594845,0.0,0.6041551856851921,0.6569938464827731,0.4130057534423484,0.4040162918206678,0.5985070677070647,0.0,0.3796426284839233
0.2691472797267616,0.4819451157952004,0.0,0.0,0.5246404803051664,0.1304668441208826,0.2454222861374574,0.0,0.6367324513425976,0.4943835130762035,0.0,0.0,0.3120508622475677,0.0,0.8194528704874522,0.6002692500641429,0.5380254966643889,0.4973389722929441,0.0,0.8551389272451917,0.2744515291509232,0.0,0.3843518454931685,0.0,0.5636708318004827,0.4253141445119625,0.6115671526699361,0.5348070865199138,0.528412112151692,0.5963184341230151,0.3543932710101401,0.0,0.0,0.0229529717155818,0.0,0.0,0.0937154159262959,0.0,0.0,0.0,0.0329598174877889,0.0,0.0756251777941341,0.0,0.0,0.1639238657724264,0.6041560068575313,0.0,0.0,0.0,0.3414681457168568,0.0,0.0,0.0,0.0,0.0,0.0,0.0,0.0,0.6862987623282776,0.4759781138536604,0.0,0.4297437275678902,0.0,0.8225070585673792,0.2979038628944251,0.8035093328685365,0.188624509948388,0.0,0.6016274105828917,0.436672917513963,0.5286745671542071,0.5994411536298475,0.5586545476893211,0.0,0.2956402894248038
0.3864158227936737,0.5284535354573604,0.4899674805488652,0.0,0.31680878547566,0.7514701578995284,0.1215200871140251,0.6625434993031146,0.461947679532072,0.5889944363250459,0.3462671482389818,0.5470617986515985,0.408714700536649,0.1703377323070388,0.4315327776427832,0.2165055275596436,0.0,0.4957050463848589,0.4643253508435946,0.3127572965204233,0.3203478802635688,0.3843518454931685,0.0,0.3881257342697474,0.5127471591216861,0.6562851148078915,0.506051903595583,0.1807970486488524,0.2961389331731347,0.3116417655135109,0.0418731874953981,0.2950495063645018,0.3519959973606391,0.0,0.0,0.0,0.0608188933848728,0.109404316765738,0.2562990510133762,0.3698479998579003,0.0,0.0,0.0,0.0565463116637,0.0,0.0,0.4920241526413877,0.4159829999175569,0.0,0.4411617299871833,0.6932312885450472,0.1848592386913293,0.5122536042276129,0.5420678905780415,0.0,0.4954070800368051,0.0,0.5460428326909414,0.0,0.4604669343100779,0.0,0.0,0.0,0.4837511975580904,0.5208875865872323,0.2668171312970473,0.5558044543977976,0.8031104556159349,0.0,0.405815436577663,0.6561487275675705,0.5164708893583105,0.4348365549377015,0.3403322797204856,0.3923243320402048,0.2652022704221711
0.4116501059113047,0.0,0.0,0.0,0.0,0.0,0.1669456230255811,0.5387682284722195,0.0170130554953641,0.3323380497270851,0.0,0.5806952982736803,0.3665394236822769,0.0,0.129589883725098,0.0,0.4008569466317643,0.2547586650753906,0.0,0.0,0.4465702607377119,0.0,0.3881257342697474,0.0,0.2843056207377229,0.5153104801956248,0.0,0.2672693597851653,0.0,0.0,0.0391857291741175,0.292700211803356,0.1633242890498927,0.2770554994288671,0.0,0.0314052857413328,0.1290372095705336,0.2141486563325909,0.2048317235970941,0.1542624786752684,0.1968700895774771,0.0,0.0,0.0,0.1153253236071916,0.3327868506556539,0.0,0.0,0.0,0.0,0.0,0.0,0.0,0.0,0.3205090886523549,0.0,0.4351844759220173,0.0,0.0,0.0,0.0399320251768771,0.2327858001375657,0.3205386059730978,0.0,0.0,0.0,0.0,0.0,0.7454067249378327,0.234211574924344,0.4527683892480466,0.0,0.203700257521298,0.0,0.0,0.0553538114811376
0.5634658836293879,0.8779988754831903,0.0,0.0,0.1209591663505154,0.6030966117654029,0.269889497671995,0.3589939534847923,0.3560222690827019,0.6593416383260768,0.0,0.471023364447139,0.3073919794064021,0.0,0.4212002436544612,0.4237235462840075,0.7133110189699776,0.876530949670596,0.0,0.3265672941897903,0.4869371369622481,0.5636708318004827,0.5127471591216861,0.2843056207377229,0.0,0.8365728751909965,0.516325013062958,0.3091311258155759,0.683303439427443,0.0,0.0767075980606546,0.477885286833835,0.3113394780058849,0.0793559814859499,0.0,0.0,0.0,0.1130289088566857,0.4804049355798124,0.4536846872085316,0.0,0.0,0.0,0.0,0.0,0.5157345877665489,0.8387598431070853,0.0,0.0,0.0,0.0,0.0,0.0,0.0,0.7259831277089945,0.0,0.5766910211111708,0.6446275939537223,0.0,0.5882881270833556,0.6463096677642756,0.7987981905850776,0.5953693675130183,0.0,0.6333193981994778,0.4525813468885871,0.7884498028940239,0.4597867008968824,0.1744371453671089,0.9097351280781744,0.8439778331848233,0.0,0.0,0.7596123301978025,0.0,0.5099635836699935
0.660867691945148,0.77380571799043,0.0,0.0,0.046648011966218,0.7529845480489348,0.2796524156285639,0.6797104447516991,0.2773993423459021,0.7396533086625412,0.0718571688001345,0.7473630502918566,0.500911952712913,0.0,0.3329513909120947,0.2767274790644887,0.8409228541414744,0.8434290395170245,0.0,0.1849055436646051,0.5644980711253794,0.4253141445119625,0.6562851148078915,0.5153104801956248,0.8365728751909965,0.0,0.3608180626898257,0.4123950640593254,0.5068265063810439,0.0,0.0,0.4732298337960036,0.4477939776207769,0.0,0.0,0.0,0.0,0.1869160593002791,0.4155082982113569,0.5152233709099757,0.0,0.0,0.0,0.0,0.2699914941942788,0.6178053056882121,0.6668096074090988,0.0,0.0,0.0,0.7707933699559835,0.0,0.0,0.0,0.7098827610700926,0.0,0.7595676508298589,0.6617841261406509,0.0,0.532508489332995,0.4762223504272856,0.7714299998758742,0.5804204526980099,0.0,0.4910327223485772,0.4642892625583251,0.6749308951404671,0.5601196314144081,0.387514873947634,0.6945817126711937,0.9199304512520956,0.4215005449978742,0.6533498640650098,0.5034271449811206,0.0,0.418382386325986
0.1972980232509244,0.4927004566130017,0.7976904331031626,0.0,0.6846369228777642,0.3110268285882111,0.3485223261405868,0.0,0.8272259095937823,0.6927614132429324,0.6054948474048121,0.1020990532003356,0.3426502133484846,0.0,0.7070582114994286,0.5363635467713824,0.0,0.3459665858744684,0.5640987542860715,0.7708760990997908,0.2745224822576634,0.6115671526699361,0.506051903595583,0.0,0.516325013062958,0.3608180626898257,0.0,0.1862483565193379,0.607839289063236,0.4660960960831299,0.4789919664397254,0.0882507466925119,0.0540435391214893,0.0,0.0,0.0,0.0,0.1909867010973746,0.1282214746685524,0.1049654075083172,0.0,0.0,0.1003462212159868,0.1893500813680217,0.0,0.0,0.661945325644502,0.7795289002400971,0.0,0.7625015227672018,0.3315760016089293,0.6635107153549828,0.0,0.88470381307467,0.0,0.6937708025013647,0.0,0.4676838119018857,0.0,0.6783454891758244,0.0,0.0,0.0,0.5334622502070966,0.8275426615276433,0.3933750087000471,0.6968081030638903,0.4208805767431954,0.0,0.0,0.3842804568105266,0.9445781070372417,0.4610451260520862,0.690763309053538,0.2933251730936113,0.5587898942213841
0.290193427994624,0.2342767169796513,0.3623464380437236,0.0767140623943842,0.3436071450077309,0.2155788735304479,0.2697201584243705,0.0387260879224156,0.3344820858652376,0.2736510288599972,0.360932025565959,0.352291233609681,0.5823655447854211,0.0192710197112224,0.4192451174829315,0.3125272462759307,0.5229887557621502,0.4247968704622576,0.3767730252110027,0.379407081682258,0.2877733747504591,0.5348070865199138,0.1807970486488524,0.2672693597851653,0.3091311258155759,0.4123950640593254,0.1862483565193379,0.0,0.3663350607271129,0.3204813156988174,0.1819969932833676,0.0,0.0,0.280447031292009,0.0,0.1619307104508299,0.2062571721191034,0.1490999871350881,0.0,0.0,0.2325177737957685,0.0334195514362388,0.1445962867094067,0.0,0.0685666233602464,0.0,0.0,0.3501148212335621,0.0,0.0,0.2598390743811224,0.0,0.0105848980156977,0.3259465661719065,0.2526521574894209,0.0,0.2259394451068905,0.4581644875899118,0.0,0.4227736628096388,0.0,0.0,0.0,0.0,0.3656636746339896,0.2221692125227117,0.3864784599778347,0.0732366050394738,0.0,0.2950626681546695,0.3065818696039827,0.1603482220566699,0.5418006378819998,0.2450753833085551,0.0,0.0144982650109175
0.41529602248947,0.4997165212237373,0.0,0.0,0.2626099699289226,0.4642277143283541,0.3345324859410433,0.0,0.4762474829756826,0.5212786652116501,0.0,0.0,0.5253197136545392,0.0,0.594989396316792,0.3735272163504885,0.4693983760107053,0.5752506957193299,0.0,0.5622375509449694,0.5355381841544987,0.528412112151692,0.2961389331731347,0.0,0.683303439427443,0.5068265063810439,0.607839289063236,0.3663350607271129,0.0,0.3829675355490444,0.3274145516896101,0.2133242819216557,0.0613993732550218,0.117105435263924,0.0,0.0,0.1099524506218999,0.0,0.2097101981849934,0.1269053390489471,0.0,0.0,0.0,0.0,0.0,0.0,0.6107458865141886,0.4537059408307328,0.0,0.0,0.3775638773018041,0.4991499876111037,0.0,0.5103862866213725,0.0,0.0,0.0,0.5660016021943275,0.0,0.7312227944527155,0.0,0.0,0.0,0.0,0.6813258456900365,0.5974198621440934,0.6606986422886766,0.3220000598299431,0.0,0.0,0.5196422112674424,0.6381426300386644,0.4604541605381665,0.7997821640413443,0.166386066250111,0.4267340850396464
0.0,0.0,0.0,0.0,0.0,0.0756587977476926,0.0,0.0,0.5252586538049898,0.0,0.0,0.0,0.3545957171803147,0.0,0.0,0.3792063351376797,0.0,0.0832847887590744,0.0,0.6763982073027729,0.0,0.5963184341230151,0.3116417655135109,0.0,0.0,0.0,0.4660960960831299,0.3204813156988174,0.3829675355490444,0.0,0.518005432956782,0.0,0.0,0.0,0.0,0.0,0.0,0.0,0.0,0.0,0.0,0.0,0.0,0.0,0.0,0.0,0.0,0.0,0.0,0.0,0.0,0.0,0.0,0.0,0.0,0.0,0.0,0.0,0.0,0.0,0.0,0.0,0.0,0.0,0.5048134470228074,0.0,0.0,0.1462357436345944,0.0,0.0,0.0,0.2965633378553771,0.0,0.2567755367852331,0.0,0.0
0.122194756509414,0.0,0.3772710530169574,0.0,0.4855297026827592,0.0,0.2839540392834153,0.0,0.4757846548144934,0.4378740222459703,0.3276336279777526,0.0,0.2614372972822887,0.0,0.5396615848927534,0.4890944198130544,0.298982643801584,0.0289041438305885,0.2097191502644416,0.505593250097845,0.3595046215679996,0.3543932710101401,0.0418731874953981,0.0391857291741175,0.0767075980606546,0.0,0.4789919664397254,0.1819969932833676,0.3274145516896101,0.518005432956782,0.0,0.0,0.1030114919976003,0.0,0.0,0.0,0.0,0.3902509117673367,0.0,0.0,0.0,0.0,0.1902157077168454,0.0,0.0,0.0,0.2481740272256924,0.0,0.0,0.0,0.0,0.0,0.0,0.0,0.4880627588320516,0.0,0.0,0.0,0.0,0.5226544058754511,0.3804948285432759,0.2790907675791757,0.4181598978567618,0.0,0.4632834976052449,0.4240950206203832,0.325970533955292,0.0,0.0,0.3333337181292642,0.0509381715922249,0.444738368531518,0.1207231454837192,0.4272210610900227,0.0,0.3854202749816525
0.4129197448628856,0.3975055099720432,0.0,0.0,0.0,0.4934631533873614,0.0,0.4357427403576418,0.0,0.3116154334493647,0.0,0.3061318105237414,0.0,0.0,0.0792346440327984,0.0557032545275081,0.2653089302680793,0.418478289308605,0.0,0.0,0.1872180109543046,0.0,0.2950495063645018,0.292700211803356,0.477885286833835,0.4732298337960036,0.0882507466925119,0.0,0.2133242819216557,0.0,0.0,0.0,0.6479245681187392,0.0,0.0,0.0,0.0,0.0,0.9568334843804284,0.7648232782270404,0.0,0.0,0.0,0.0,0.2356145134869794,0.4040969506965352,0.3461018861592936,0.0,0.0,0.0,0.5459267481088135,0.0,0.4351938420045741,0.0263056247936997,0.4216195683334433,0.0,0.439240148901241,0.2916771145306616,0.0,0.2938934992913768,0.5910877563017791,0.4861660729643552,0.4791248078741924,0.0,0.2158544186097082,0.3565336697465611,0.4270036560394655,0.4278851291156065,0.2176458295956959,0.3791596949361512,0.4915878873564294,0.2712695815289324,0.3999761541980767,0.4071960871335133,0.0,0.5747453015678617
0.3747816356646754,0.3314239724592789,0.0,0.0,0.0,0.4038860219468128,0.0,0.4726225146595491,0.0,0.4035404236173003,0.0,0.3428563692834355,0.0,0.0,0.055496311299873,0.2104115545327201,0.3659822731493282,0.2884927852486191,0.0,0.0,0.226572080610936,0.0,0.3519959973606391,0.1633242890498927,0.3113394780058849,0.4477939776207769,0.0540435391214893,0.0,0.0613993732550218,0.0,0.1030114919976003,0.6479245681187392,0.0,0.0,0.0,0.0,0.0,0.0402202401856906,0.6025404767245577,0.8818250822868132,0.0,0.0,0.0,0.0,0.2486879639012831,0.3049513862337741,0.2234727532209578,0.0,0.0,0.0,0.0,0.0,0.0,0.0,0.4380066571284743,0.0,0.4214777535636079,0.0,0.0,0.2398935416561942,0.494640875522245,0.4238522570838435,0.3299180915013517,0.0,0.0999180583415367,0.2818735169113104,0.3086978077462781,0.4274899761024293,0.1352016693093782,0.2337822231881924,0.4166304646499285,0.1562587415560176,0.2701064812119204,0.0,0.0,0.5221540847823469
0.1787948662139671,0.0,0.0,0.0272149999803643,0.0,0.0,0.0,0.0,0.0,0.0,0.0,0.0,0.0601070979471086,0.0,0.0,0.0,0.0,0.1173740651848744,0.0,0.0,0.1843245437979643,0.0229529717155818,0.0,0.2770554994288671,0.0793559814859499,0.0,0.0,0.280447031292009,0.117105435263924,0.0,0.0,0.0,0.0,0.0,0.450139750840294,0.4635155165026722,0.2304980913415207,0.0389654567648616,0.0,0.0,0.7296152608445619,0.4389480919074833,0.0,0.0,0.1300085987613532,0.238140614992955,0.0,0.0,0.0,0.0,0.0,0.0,0.0960018104768377,0.0,0.0,0.0,0.0,0.0585326237016792,0.0,0.0,0.0,0.0,0.0,0.0,0.0,0.1093379855670356,0.0,0.0,0.2275074533340897,0.0562496259405247,0.0,0.0,0.0731157757497423,0.0410126600872215,0.0,0.0
0.0,0.0,0.0,0.3194896892533203,0.0,0.0,0.0,0.0,0.0,0.0,0.0,0.0,0.0,0.0,0.0,0.0,0.0,0.0,0.0,0.0,0.0,0.0,0.0,0.0,0.0,0.0,0.0,0.0,0.0,0.0,0.0,0.0,0.0,0.450139750840294,0.0,0.5850232127238241,0.084170445865319,0.0,0.0,0.0,0.5198400495823068,0.7220370872399778,0.0,0.0,0.0,0.0,0.0,0.0,0.0,0.0,0.0,0.0,0.0,0.0,0.0,0.0,0.0,0.0,0.0,0.0,0.0,0.0,0.0,0.0,0.0,0.0,0.0,0.0,0.0,0.0,0.0,0.0,0.0,0.0,0.0,0.0
0.0,0.0,0.0,0.1999342061452485,0.0,0.0,0.0,0.0,0.0,0.0,0.0,0.0,0.0298154501952218,0.1863198178567736,0.0,0.0,0.0,0.0,0.0,0.0,0.0,0.0,0.0,0.0314052857413328,0.0,0.0,0.0,0.1619307104508299,0.0,0.0,0.0,0.0,0.0,0.4635155165026722,0.5850232127238241,0.0,0.272201074398506,0.0,0.0,0.0,0.6438673554926653,0.5835144042787994,0.0931608118460639,0.0908963456854776,0.0,0.0,0.0,0.0,0.0,0.0,0.0,0.0,0.0,0.0,0.0,0.0,0.0,0.0,0.0,0.0,0.0,0.0,0.0,0.0,0.0,0.0,0.0,0.0,0.0,0.0,0.0,0.0,0.0,0.0,0.0,0.0
0.0,0.0,0.0,0.1218070892779563,0.0,0.250214582793975,0.1075011203953924,0.1307797507158042,0.0,0.0762702978050378,0.0,0.183784930209547,0.1531920023339922,0.0480049334082303,0.0,0.0,0.0,0.0,0.0269142879103063,0.0624423555236715,0.0,0.0937154159262959,0.0608188933848728,0.1290372095705336,0.0,0.0,0.0,0.2062571721191034,0.1099524506218999,0.0,0.0,0.0,0.0,0.2304980913415207,0.084170445865319,0.272201074398506,0.0,0.0,0.0,0.0,0.2364059737382954,0.1648220734602237,0.1481067675825521,0.0,0.0,0.0,0.0,0.0,0.0,0.0,0.0,0.0,0.0,0.0,0.0,0.0,0.0,0.0,0.0,0.0,0.0,0.0,0.0,0.0,0.0,0.0,0.0,0.029647710949475,0.0,0.0,0.0,0.0,0.0,0.0,0.0,0.0
0.2106111975641448,0.0,0.0,0.0531121271764607,0.2591740682138522,0.0,0.3547599258705876,0.0,0.2204602156696089,0.377055785784905,0.1141872982088171,0.1945894400681323,0.3046074893757591,0.0,0.0,0.0,0.3222616770069982,0.0,0.084659908008335,0.0,0.0,0.0,0.109404316765738,0.2141486563325909,0.1130289088566857,0.1869160593002791,0.1909867010973746,0.1490999871350881,0.0,0.0,0.3902509117673367,0.0,0.0402202401856906,0.0389654567648616,0.0,0.0,0.0,0.0,0.0,0.0,0.0542350065446939,0.0,0.0,0.0,0.1192279650826836,0.0,0.0,0.0,0.0,0.0,0.0,0.0,0.0,0.0,0.3329746248759426,0.0,0.1425328490417588,0.0,0.0,0.0,0.0,0.0,0.0,0.0,0.0,0.0,0.0,0.0,0.0702825034638407,0.1860826248465789,0.1809639821411548,0.0,0.0,0.0,0.0,0.0
0.3781065628378364,0.4016964216118511,0.0,0.0,0.0,0.4094601863241071,0.0,0.3512197500126991,0.0,0.230593728781471,0.0,0.2069022246942539,0.0,0.0,0.088965441080177,0.0320406808348068,0.0,0.411984387186619,0.0148043082974495,0.0,0.171515473288938,0.0,0.2562990510133762,0.2048317235970941,0.4804049355798124,0.4155082982113569,0.1282214746685524,0.0,0.2097101981849934,0.0,0.0,0.9568334843804284,0.6025404767245577,0.0,0.0,0.0,0.0,0.0,0.0,0.7491221702528809,0.0,0.0,0.0,0.0,0.2456655179758302,0.4092242284601153,0.3881691263253017,0.0,0.2270190957464521,0.0,0.5776853930433448,0.0,0.4053579907814331,0.0783200510670139,0.376534425425923,0.0,0.3572283188332698,0.3139539642786373,0.0,0.301739932989397,0.6081214188580085,0.4947371325532599,0.4567760122968773,0.0,0.2676091118755293,0.3275518403463501,0.4685588545857231,0.4405720244276939,0.2018853525591919,0.4269974436587156,0.4977448305739879,0.3341229671388647,0.441762829995468,0.4876855242309598,0.7224901673320016,0.5717546411602175
0.4324066837579585,0.4257747704817103,0.0,0.0,0.0,0.0,0.0,0.0,0.0,0.3802047793542565,0.0,0.3418986226894276,0.0,0.0,0.074228966550706,0.1640798651885949,0.3444838940218312,0.3868037007077171,0.0,0.0,0.2906932072374731,0.0,0.3698479998579003,0.1542624786752684,0.4536846872085316,0.5152233709099757,0.1049654075083172,0.0,0.1269053390489471,0.0,0.0,0.7648232782270404,0.8818250822868132,0.0,0.0,0.0,0.0,0.0,0.7491221702528809,0.0,0.0,0.0,0.0,0.0,0.3361329200510723,0.3958889864696522,0.3602437573020927,0.0,0.0,0.0,0.536147059374765,0.0573841998900419,0.4913388328935664,0.0503661423069035,0.5035914292600898,0.0,0.4903901187456392,0.4021230701520605,0.0,0.2823286328603323,0.597753224184601,0.5837455123076546,0.4144303495558281,0.0,0.2019377267749604,0.3273894921587393,0.4331859234078552,0.481602031272042,0.1651042435813757,0.3916943600552953,0.5464770695695512,0.2686091322316319,0.4381557182404096,0.3895653789040001,0.7975975065565362,0.6187622721129581
0.0290077500965617,0.0,0.0,0.0,0.0,0.0,0.1378412388814758,0.0,0.0,0.0,0.0,0.0,0.0980402387489473,0.0,0.0,0.0,0.0,0.0,0.0,0.0,0.0605409389458803,0.0329598174877889,0.0,0.1968700895774771,0.0,0.0,0.0,0.2325177737957685,0.0,0.0,0.0,0.0,0.0,0.7296152608445619,0.5198400495823068,0.6438673554926653,0.2364059737382954,0.0542350065446939,0.0,0.0,0.0,0.6918541675850929,0.0,0.0360878188070063,0.0,0.083113274327063,0.0,0.0,0.0,0.0,0.0,0.0,0.0,0.0,0.0,0.0,0.0,0.0,0.1003349521287257,0.0,0.0,0.0,0.0,0.0,0.0,0.0,0.0,0.0,0.2378008528337962,0.0,0.0,0.0,0.0,0.0,0.0,0.0
0.0,0.0,0.0,0.0,0.0,0.0,0.0,0.0,0.0,0.0,0.0,0.0,0.0,0.0,0.0,0.0,0.0,0.0,0.0,0.0,0.0,0.0,0.0,0.0,0.0,0.0,0.0,0.0334195514362388,0.0,0.0,0.0,0.0,0.0,0.4389480919074833,0.7220370872399778,0.5835144042787994,0.1648220734602237,0.0,0.0,0.0,0.6918541675850929,0.0,0.0536464643148278,0.0,0.0,0.0,0.0,0.0,0.0,0.0,0.0,0.0,0.0,0.0,0.0,0.0,0.0,0.0,0.0,0.0,0.0,0.0,0.0,0.0,0.0,0.0,0.0,0.0,0.0355978548232676,0.0,0.0,0.0,0.0,0.0,0.0,0.0
0.0,0.0,0.0291446368461335,0.0,0.2177298470193963,0.0,0.2800950668925841,0.0,0.0749390943571086,0.0,0.0893396407848162,0.2119180137446005,0.1408468051244175,0.1998461495273979,0.0268672468995932,0.0,0.0,0.0,0.0,0.1374526989905942,0.0,0.0756251777941341,0.0,0.0,0.0,0.0,0.1003462212159868,0.1445962867094067,0.0,0.0,0.1902157077168454,0.0,0.0,0.0,0.0,0.0931608118460639,0.1481067675825521,0.0,0.0,0.0,0.0,0.0536464643148278,0.0,0.4688981304247956,0.0,0.0,0.0,0.0788426671224799,0.0798923077651983,0.1654760734372685,0.0,0.1734367676357128,0.0,0.0639584218277417,0.1767688915951369,0.0971482555577888,0.1607400408613763,0.0329992409872668,0.2023131412846793,0.0,0.0,0.1201558935404457,0.0,0.0,0.027102652351441,0.0,0.0,0.0,0.0,0.0,0.0,0.0185197222845317,0.1172235210731015,0.0,0.0,0.1448902985206038
0.0,0.0,0.0,0.0,0.0,0.0,0.0,0.0,0.0,0.0,0.0,0.0,0.0,0.0,0.0,0.0,0.0,0.0,0.0,0.0,0.0,0.0,0.0565463116637,0.0,0.0,0.0,0.1893500813680217,0.0,0.0,0.0,0.0,0.0,0.0,0.0,0.0,0.0908963456854776,0.0,0.0,0.0,0.0,0.0360878188070063,0.0,0.4688981304247956,0.0,0.0210767840072422,0.0,0.0,0.2531631045946307,0.0996006367907472,0.3250269091427676,0.0,0.225730759588911,0.0,0.2682700593329215,0.2945302604920699,0.3228818959334735,0.0647798618462664,0.1539169269184694,0.0,0.0,0.0,0.0,0.0,0.1807306434189048,0.0,0.0,0.0,0.0,0.0,0.0,0.0,0.1058872949539561,0.2084061351146251,0.1246855769634976,0.0,0.0596408515030481
0.0,0.0,0.0,0.0,0.0,0.0,0.0,0.0,0.0,0.206239732803364,0.0,0.1232569995540247,0.0,0.0,0.0,0.0,0.0,0.0,0.0,0.0,0.0,0.0,0.0,0.1153253236071916,0.0,0.2699914941942788,0.0,0.0685666233602464,0.0,0.0,0.0,0.2356145134869794,0.2486879639012831,0.1300085987613532,0.0,0.0,0.0,0.1192279650826836,0.2456655179758302,0.3361329200510723,0.0,0.0,0.0,0.0210767840072422,0.0,0.2097059750019021,0.0,0.0,0.0,0.1254764315421846,0.2107825643524974,0.1995536917445467,0.0,0.2210949782086271,0.343378840605082,0.1119636589187675,0.2632587724734276,0.2897578857339372,0.0,0.0,0.0,0.3260182723147983,0.2519804095951723,0.1675364043034962,0.0,0.0,0.0,0.1038038481907243,0.1069467013994555,0.370990280837771,0.2848052891675831,0.2429985952912867,0.3199585969927519,0.0,0.0,0.3593001472215497
0.8267136215320836,0.279980297809672,0.0,0.0,0.0,0.0,0.0,0.0,0.0,0.2889644223088088,0.0,0.0,0.0,0.0,0.0,0.1025023518381187,0.0,0.5431287275750052,0.0,0.0,0.6462278521130523,0.1639238657724264,0.0,0.3327868506556539,0.5157345877665489,0.6178053056882121,0.0,0.0,0.0,0.0,0.0,0.4040969506965352,0.3049513862337741,0.238140614992955,0.0,0.0,0.0,0.0,0.4092242284601153,0.3958889864696522,0.083113274327063,0.0,0.0,0.0,0.2097059750019021,0.0,0.3918231217117048,0.0,0.0,0.0,0.5133649297532064,0.0,0.4499894640156754,0.0,0.0,0.0,0.3539487663659059,0.5014957646151934,0.0,0.4598195755816345,0.4521486593405028,0.0,0.5431113157333091,0.0,0.3386018578248859,0.5708424305080191,0.4770462289943064,0.4579775451857604,0.3971603296451486,0.5584342270593734,0.6748687837867364,0.308726498265957,0.5076776574441306,0.5604883999604424,0.0,0.3854927711792867
0.4519073409750127,0.7887786155194398,0.0,0.0,0.0,0.4115008275128367,0.0,0.0,0.0,0.0,0.0,0.0,0.0,0.0,0.5252608918307475,0.4545222057197353,0.0,0.6774619409589376,0.0,0.4615993587536712,0.4758024016819857,0.6041560068575313,0.4920241526413877,0.0,0.8387598431070853,0.6668096074090988,0.661945325644502,0.0,0.6107458865141886,0.0,0.2481740272256924,0.3461018861592936,0.2234727532209578,0.0,0.0,0.0,0.0,0.0,0.3881691263253017,0.3602437573020927,0.0,0.0,0.0,0.0,0.0,0.3918231217117048,0.0,0.0,0.0,0.0,0.6645357652226284,0.4783659906353665,0.1627140577261796,0.5629759050029856,0.7586434490796966,0.0,0.0,0.6249393480721098,0.0,0.6175296407013029,0.7124594918979015,0.8241554544522055,0.6065730950841238,0.0,0.7212482611271012,0.5140130836256587,0.7910589983834646,0.573165816379933,0.0,0.9174468243041596,0.802842986895857,0.8234930378019771,0.6783451329907458,0.8369142949881431,0.0,0.5381491874484999
0.0,0.0,0.9750147157148836,0.0,0.6651008132413991,0.1624598917625139,0.1130881773749009,0.0,0.8722567958504736,0.0,0.8713802304380406,0.0,0.219620578785805,0.0,0.0,0.0,0.0,0.0,0.8218594495631341,0.0,0.0,0.0,0.4159829999175569,0.0,0.0,0.0,0.7795289002400971,0.3501148212335621,0.4537059408307328,0.0,0.0,0.0,0.0,0.0,0.0,0.0,0.0,0.0,0.0,0.0,0.0,0.0,0.0788426671224799,0.2531631045946307,0.0,0.0,0.0,0.0,0.1441733186262722,0.7597974591516523,0.3365365417298604,0.4320073153995599,0.0,0.8979905590242647,0.5003497290812017,0.8917157350132915,0.2074539296852478,0.3786613795894686,0.0,0.0,0.0,0.0,0.0,0.8164205854086752,0.0,0.184438900646837,0.0,0.2642596639750361,0.0,0.4928903383717113,0.2973484581196829,0.6838893642544369,0.5280054804989938,0.520509921867215,0.2066226241959871,0.3836099461147199
0.0,0.0,0.0,0.0,0.0,0.0,0.0,0.0,0.0,0.0,0.0,0.0,0.0,0.0,0.0,0.0,0.0,0.0,0.0,0.0,0.0,0.0,0.0,0.0,0.0,0.0,0.0,0.0,0.0,0.0,0.0,0.0,0.0,0.0,0.0,0.0,0.0,0.0,0.2270190957464521,0.0,0.0,0.0,0.0798923077651983,0.0996006367907472,0.0,0.0,0.0,0.1441733186262722,0.0,0.3085306139051336,0.2118938595715002,0.5293504044405064,0.0464501733355753,0.2818497529056061,0.0,0.114934570366246,0.0,0.5360694770640587,0.0,0.0,0.0,0.0,0.0,0.0,0.0,0.0,0.0,0.2033365452407818,0.0,0.0,0.0,0.3575880196316661,0.4064999859493369,0.0,0.0,0.0
