0.0,0.4291062075917483,0.0,0.0,0.0,0.0,0.0,0.0,0.0,0.3375731303456656,0.0,0.0,0.0,0.0,0.0,0.4792529509625635,0.2784107079985158,0.4428773244691795,0.0,0.1059727840886309,0.1396683130144491,0.5234934894240191,0.0,0.3476550943575064,0.6023611234217945,0.4347261655262458,0.0,0.1699289259989902,0.0,0.0,0.2131192849932644,0.399117894569117,0.4044482116877907,0.0880691292440896,0.0,0.0,0.0,0.0,0.3695018043399918,0.4143202447910289,0.1703047129292721,0.0,0.0,0.0,0.0,0.759656803539674,0.0,0.0,0.0,0.0,0.0,0.0,0.0,0.0,0.293460187072747,0.0,0.0,0.0,0.0,0.0,0.2977708031956781,0.0,0.4458852459160406,0.0,0.0,0.2051372492336009,0.4849734206030094,0.0,0.2622512908257978,0.0,0.4360765051089332,0.0,0.0,0.0,0.0,0.0
0.4291062075917483,0.0,0.0,0.0,0.1872977972550013,0.4542367972646166,0.485545945595042,0.2247414778481699,0.0,0.0,0.0,0.0,0.6742857828515401,0.0,0.0,0.7260180642838165,0.0,0.7051690123853224,0.0,0.0,0.0,0.2820393181995128,0.0877535926186324,0.0,0.8849812567743235,0.8193352962313307,0.1484567280026732,0.0,0.0,0.0,0.0,0.5717565235314618,0.4787785233037719,0.0,0.0,0.0,0.0,0.0,0.449957443224051,0.3171063539596589,0.0,0.0,0.0,0.0,0.0,0.0,0.370503948601566,0.0,0.0,0.0,0.0,0.0,0.0,0.0,0.0,0.0,0.0,0.0,0.0,0.0,0.0,0.0,0.0,0.0,0.17133180459085,0.0,0.0,0.0,0.0,0.0612340110070002,0.3706231201193932,0.2228774196124849,0.0,0.1990294667937761,0.0,0.0
0.0,0.0,0.0,0.0,0.5398373207225008,0.636013579897776,0.4814059147460809,0.4385959667647378,0.6703292275099079,0.451338921535598,0.7681312865733974,0.0,0.4862722392790803,0.3620637322799392,0.0,0.0,0.0,0.0,0.7503311450521721,0.0,0.0,0.0,0.515663186308983,0.0,0.0,0.0,0.4947887987301411,0.2416284355481328,0.0,0.13969093706908,0.0725795459445021,0.0217899609316558,0.0,0.2163537857665021,0.0,0.0,0.0,0.0,0.0,0.0,0.0,0.0,0.0,0.0,0.0,0.0,0.0,0.8626904042791984,0.0,0.4039598310882966,0.3993405786456602,0.0,0.3189453756319421,0.6188284829307864,0.0,0.7723620029075969,0.0,0.0,0.0,0.0,0.0,0.0,0.0,0.7534166643832737,0.0,0.0,0.0,0.5092597727715329,0.0,0.0,0.0,0.5700343800844909,0.0,0.0,0.0,0.0
0.0,0.0,0.0,0.0,0.0,0.0,0.0902394268786508,0.0744377236659266,0.0,0.0,0.0,0.0,0.0,0.0,0.0,0.0,0.0,0.0,0.0745247007660278,0.0,0.0,0.0,0.0369792086535733,0.0,0.0,0.0,0.0,0.4212950404142688,0.0,0.0,0.0,0.0462037849417064,0.0,0.3873911443562557,0.5408660684527632,0.4555157365426397,0.3932007243618137,0.0,0.0,0.0,0.0,0.0,0.0,0.0,0.0,0.0,0.0,0.0,0.0,0.0,0.0,0.0,0.0,0.0,0.0,0.0,0.0,0.0,0.0,0.0,0.0,0.0,0.0,0.0,0.0,0.0,0.0,0.0,0.0,0.0,0.0,0.0,0.0,0.0,0.0,0.0
0.0,0.1872977972550013,0.5398373207225008,0.0,0.0,0.404639657831955,0.5856738396493928,0.0609589341738482,0.7501972138032347,0.251532123689651,0.7498628484035372,0.3982048691375761,0.3618213016950295,0.258399241889623,0.0,0.0,0.0,0.0,0.3987524759777437,0.4403286993793014,0.0,0.4219742741863835,0.1149313750116805,0.0,0.3858212220361885,0.0,0.3626947092075139,0.2527716346139463,0.3447152357495532,0.0,0.0,0.0250544393619621,0.2679994344254003,0.1394366590053166,0.0,0.0,0.0882915749321393,0.0992053147889725,0.0,0.0,0.0,0.0,0.0,0.0,0.0,0.0,0.0,0.5393435842370283,0.0,0.0,0.0,0.0,0.0,0.5982354515682119,0.0,0.5989124041810172,0.0,0.0,0.0,0.0,0.0,0.0,0.0,0.0,0.0,0.0,0.0,0.2317494937222647,0.0,0.0,0.0,0.4694106705233344,0.0,0.0,0.0,0.0
0.0,0.4542367972646166,0.636013579897776,0.0,0.404639657831955,0.0,0.406645916499408,0.7640549762404092,0.5183713911048686,0.3869093442961575,0.4787273073592993,0.0,0.7931527303406326,0.4241665244234874,0.3834609018560855,0.0,0.0,0.2880268426549385,0.4536429566660416,0.1969702864666369,0.179944092442614,0.0,0.725973195685195,0.0,0.3028943766762788,0.6677482399308114,0.5181457984804511,0.2964911370176034,0.3044847651641559,0.1370360911841735,0.0,0.0677759895208617,0.206841986351682,0.2687581195802467,0.0,0.0843053002968225,0.0,0.0,0.0,0.0,0.0,0.0,0.0,0.0,0.0,0.0,0.0,0.4873911846526182,0.0,0.0,0.6581637053888203,0.2042511882725587,0.6343263932822638,0.5132551814727345,0.0,0.5775266501601583,0.0,0.5111816268060788,0.0,0.2850161146592065,0.0,0.0,0.0,0.4824751113080588,0.2232913020645291,0.0,0.0027750643098432,0.5459180268857322,0.0,0.0,0.0,0.4424399530642008,0.1030497132195709,0.0,0.0,0.0
0.0,0.485545945595042,0.4814059147460809,0.0902394268786508,0.5856738396493928,0.406645916499408,0.0,0.1841439258961379,0.2676695747529229,0.3392539180065129,0.400633725894391,0.3661589708142573,0.5850053083063528,0.2167422129825407,0.0,0.4491364423342645,0.2567168421888168,0.6282334513525031,0.5285286189411661,0.0569254874503922,0.0,0.2614388217500463,0.1798251023894133,0.0115008213537334,0.615472961691009,0.3524633695063929,0.4215861390577615,0.2297256838256454,0.4513423174170519,0.0,0.1331654476783159,0.2747461318505524,0.2461802650539875,0.2873979166185811,0.0198325475930949,0.0,0.0613153963485045,0.1342054984928408,0.0,0.0,0.0,0.0,0.0,0.0,0.0,0.0,0.0,0.0,0.0,0.0,0.1677062492205189,0.0,0.0,0.0,0.0,0.0,0.0,0.0,0.0,0.0,0.0,0.0,0.0,0.0,0.0,0.0,0.0,0.1605975440834848,0.0,0.0,0.0,0.365509764529649,0.0,0.0,0.0,0.0
0.0,0.2247414778481699,0.4385959667647378,0.0744377236659266,0.0609589341738482,0.7640549762404092,0.1841439258961379,0.0,0.2291927770420912,0.2962124583637904,0.3361980048902743,0.0,0.5596054908476998,0.4888783129539419,0.3236259197629855,0.0,0.0,0.0528115074545767,0.4021717200437181,0.1248917966214356,0.2395383496682473,0.0,0.8034682810129619,0.3898086816357942,0.0,0.4546925043888377,0.3109363577300269,0.3296205681389244,0.2116324112989331,0.2500344220863195,0.1285982093425319,0.0970428119395367,0.0899140362098525,0.3724378329933127,0.088861252343576,0.3468163419587304,0.0127138510880163,0.0,0.0,0.0,0.0421920083711644,0.0,0.1653736210978403,0.0,0.0,0.0,0.0,0.2214310620539682,0.0,0.2212848050183469,0.4879790786839786,0.1842497857260382,0.8354933833625598,0.3184741157294529,0.0,0.3488774358818911,0.0,0.3846058425208464,0.1124152228453711,0.171376562588503,0.0,0.0,0.0,0.4064011167746447,0.0,0.0,0.0,0.5735988569559889,0.0,0.0,0.0,0.1864309769865788,0.0,0.0,0.0,0.0
0.0,0.0,0.6703292275099079,0.0,0.7501972138032347,0.5183713911048686,0.2676695747529229,0.2291927770420912,0.0,0.3677772773272422,0.8040613358792771,0.4918165457849324,0.323502440013394,0.1777395473609681,0.0,0.0,0.0,0.0,0.4396036703131438,0.6284369942828415,0.0,0.3148077006813409,0.2918440816803039,0.0,0.0,0.0,0.3608075752456792,0.4233668321152127,0.3995466375281512,0.267240913461943,0.1960131623978671,0.0,0.2074677281181609,0.2777060342220195,0.0,0.0,0.0861741223881727,0.1642944056400783,0.0,0.0,0.0,0.0,0.0,0.0,0.0,0.0,0.0,0.6349079256898359,0.0,0.0,0.1620348909650394,0.0,0.1127201245918836,0.9076777877686514,0.0,0.7314709024732834,0.0,0.0,0.0104239233838798,0.0,0.0,0.0,0.0,0.4358763745222949,0.0,0.0,0.0,0.3771026996085169,0.0,0.0,0.0,0.489410171300606,0.0,0.0,0.0,0.0
0.3375731303456656,0.0,0.451338921535598,0.0,0.251532123689651,0.3869093442961575,0.3392539180065129,0.2962124583637904,0.3677772773272422,0.0,0.3143569595212079,0.3417715894129514,0.4042149811355488,0.3468642478525602,0.0,0.2423979011327413,0.6361399905519236,0.425840754429055,0.3419832024343742,0.0,0.0,0.0833762720895873,0.3148573642230577,0.5199948376227448,0.4649592676202276,0.5248213526712854,0.2537743521186694,0.0933663822216536,0.0,0.0,0.4347422170537827,0.2433037294571322,0.5031915701715782,0.0697587813026005,0.0,0.0,0.0,0.2432045610436945,0.2659386937699277,0.5101787122681537,0.0,0.0,0.0,0.0,0.3613002256143265,0.0,0.0,0.0,0.0,0.0,0.0,0.0,0.0,0.0,0.7590420009704676,0.0,0.3704749327717423,0.0,0.0,0.0,0.0,0.66006542300889,0.4397473807777369,0.0,0.0,0.0,0.0,0.0,0.499722228116448,0.5323305505510654,0.6228320293846309,0.0,0.0770618906336999,0.0,0.0,0.5222967043732842
0.0,0.0,0.7681312865733974,0.0,0.7498628484035372,0.4787273073592993,0.400633725894391,0.3361980048902743,0.8040613358792771,0.3143569595212079,0.0,0.5069764701712671,0.3288759395725394,0.3878959538047319,0.0,0.0,0.0,0.0,0.6818116693083213,0.0,0.0,0.0,0.4093794859082922,0.0,0.0,0.0,0.4421263352436625,0.4285739301450497,0.0,0.0,0.0652848752910392,0.0,0.1281963735735222,0.2076755288763636,0.0,0.1088401372091424,0.0898954011860661,0.0242509643809,0.0,0.0,0.0,0.0,0.0,0.0,0.0,0.0,0.0,0.7387627933561346,0.0,0.4669746937931157,0.1490651634564184,0.0631665674415513,0.2472585577573303,0.6802214497613486,0.0,0.8209783111565847,0.0,0.129619634748884,0.1486753023747376,0.0,0.0,0.0,0.0,0.6316254520154089,0.0,0.0,0.0,0.4730051942983611,0.0,0.0,0.0,0.5043335496828878,0.0,0.0,0.0,0.0
0.0,0.0,0.0,0.0,0.3982048691375761,0.0,0.3661589708142573,0.0,0.4918165457849324,0.3417715894129514,0.5069764701712671,0.0,0.7449038993391114,0.0,0.0,0.0,0.4737254612116131,0.1804909583337562,0.0,0.0,0.0,0.0,0.0,0.4500445493594465,0.21418673120208,0.6352237349328289,0.0,0.4489575416204958,0.0,0.0,0.0,0.0730835053507499,0.1338348383772518,0.3006263119582549,0.0,0.2651487711229621,0.0919258744586793,0.1730155538420264,0.0,0.1276804961788429,0.0873040075163024,0.0,0.0,0.0,0.0,0.0,0.0,0.0,0.0,0.0,0.0,0.0,0.0,0.0,0.3692600639499564,0.0,0.7000349334031049,0.0,0.0,0.0,0.0,0.3013381019113438,0.0,0.0,0.0,0.0,0.0,0.0,0.3233754905340734,0.0741124153329283,0.4415114775358168,0.0,0.0,0.0,0.0,0.0
0.0,0.6742857828515401,0.4862722392790803,0.0,0.3618213016950295,0.7931527303406326,0.5850053083063528,0.5596054908476998,0.323502440013394,0.4042149811355488,0.3288759395725394,0.7449038993391114,0.0,0.4366448639678774,0.0811779712064784,0.3078265410542207,0.6353044467323183,0.5906806267501269,0.4532889449196955,0.0,0.0,0.0772827688810004,0.3240056029101849,0.4752418111022384,0.5576325017182976,0.7603577770801191,0.2246307621241017,0.3401062913456605,0.1326422704576145,0.0926604945208867,0.0,0.2767475300800073,0.3386936577334194,0.1728420423828969,0.0,0.0797692068473816,0.0,0.1552695029973289,0.1039593569918593,0.0,0.0,0.0,0.0,0.0,0.0,0.0,0.0,0.4356824036983087,0.0,0.0,0.5940500874317476,0.0,0.3248378617059683,0.0,0.0,0.0,0.0,0.0,0.0,0.0,0.0,0.0,0.0,0.0,0.0,0.0,0.0,0.1413371595475681,0.0,0.0,0.0,0.2003015945490582,0.0,0.0,0.0,0.0
0.0,0.0,0.3620637322799392,0.0,0.258399241889623,0.4241665244234874,0.2167422129825407,0.4888783129539419,0.1777395473609681,0.3468642478525602,0.3878959538047319,0.0,0.4366448639678774,0.0,0.0,0.0,0.0,0.0,0.4357743980661349,0.0,0.0,0.0,0.3612465318594969,0.0,0.0,0.0,0.0315055650105609,0.1835269920422821,0.0,0.0,0.0,0.3469349918290437,0.0,0.0067554448868286,0.0,0.1537456507354453,0.048159148914945,0.0,0.0,0.0,0.0,0.0,0.1230684299848582,0.0,0.0,0.0,0.0,0.326464553355399,0.0,0.0,0.0,0.0,0.0,0.0927040073836529,0.0,0.3948898352546213,0.0,0.0,0.0,0.0,0.0,0.0,0.0,0.0,0.0,0.0,0.0,0.3093641163124271,0.0,0.0,0.0,0.0,0.0,0.0,0.0,0.0
0.0,0.0,0.0,0.0,0.0,0.3834609018560855,0.0,0.3236259197629855,0.0,0.0,0.0,0.0,0.0811779712064784,0.0,0.0,0.0,0.0,0.0,0.0,0.6791247988467166,0.6011373713684348,0.2949425142315685,0.5116429659197353,0.0,0.0,0.0573845049826227,0.5538817594015543,0.2627810872993853,0.5657417207764497,0.0,0.3082937044414146,0.0,0.0,0.3284078270494823,0.0,0.030400947577578,0.0,0.0,0.0,0.1968482905226996,0.2045289167066139,0.0,0.0,0.0,0.0,0.0,0.3120435207351987,0.0,0.0,0.0,0.0561122053519976,0.0,0.3453198264991681,0.0,0.0,0.0,0.0,0.0,0.0,0.9055519364914286,0.1578296419212868,0.0,0.0,0.0,0.3453748534406003,0.4997900266072879,0.4250059553978469,0.6288129502547978,0.0,0.0,0.2741438591338074,0.5891986866074315,0.1763173777201727,0.0578207209594675,0.0,0.0865476231026089
0.4792529509625635,0.7260180642838165,0.0,0.0,0.0,0.0,0.4491364423342645,0.0,0.0,0.2423979011327413,0.0,0.0,0.3078265410542207,0.0,0.0,0.0,0.3167375089266581,0.82482996091484,0.0,0.0,0.0,0.3357191608394924,0.0,0.1171142983574881,0.7970821057648401,0.363943488879699,0.057020731687352,0.0,0.0243231701173721,0.0,0.1298762137299102,0.5510904682679235,0.4538675142518458,0.0,0.0058834845618154,0.0,0.0,0.0,0.5261045937463167,0.3844564973121738,0.0683397543745039,0.0,0.0,0.0,0.0,0.2015752775273343,0.2569262361718812,0.0,0.0,0.0,0.0,0.0,0.0,0.0,0.0,0.0,0.0,0.0,0.0,0.0,0.3960589426546122,0.0,0.4094671330970454,0.0,0.051478640713536,0.0,0.0526836412086487,0.0,0.0,0.1602968083932479,0.042531698853356,0.0,0.0,0.0,0.0,0.2390355424536089
0.2784107079985158,0.0,0.0,0.0,0.0,0.0,0.2567168421888168,0.0,0.0,0.6361399905519236,0.0,0.4737254612116131,0.6353044467323183,0.0,0.0,0.3167375089266581,0.0,0.5879372029768865,0.0,0.0,0.0,0.0569095051698327,0.0,0.4568834897910183,0.3404224284236862,0.5845207453046253,0.0,0.3204401827023386,0.0,0.0,0.3333606140695696,0.2360253343977372,0.4365337493314462,0.1180338163137924,0.0,0.0,0.0,0.1907610585815485,0.0,0.4162911262098293,0.0,0.0,0.0,0.0,0.0,0.0,0.0,0.0,0.0,0.0,0.0,0.0,0.0,0.0,0.514768583147505,0.0,0.4615532253384153,0.0,0.0,0.0,0.0,0.7394187285240651,0.2525341351736868,0.0,0.0,0.0,0.0,0.0,0.3694091423298207,0.1589909804920091,0.4873833401607737,0.0,0.0,0.0,0.0,0.0
0.4428773244691795,0.7051690123853224,0.0,0.0,0.0,0.2880268426549385,0.6282334513525031,0.0528115074545767,0.0,0.425840754429055,0.0,0.1804909583337562,0.5906806267501269,0.0,0.0,0.82482996091484,0.5879372029768865,0.0,0.0,0.0,0.0,0.3745572644700126,0.0,0.2273556585938541,0.7974992850000563,0.5217613548173538,0.1495775130659935,0.036513518857842,0.1601537831611383,0.0,0.1529363795750836,0.5290573277946508,0.5634057761269657,0.0757569268388644,0.0,0.0,0.0,0.0,0.3925120007637758,0.4999980061171869,0.1138508461273815,0.0,0.0,0.0,0.0,0.1589134220891908,0.2561274498388861,0.0,0.0,0.0,0.0,0.0,0.0,0.0,0.4422349649524112,0.0,0.151605380881777,0.0,0.0,0.0,0.3514946908329578,0.6143747471291112,0.5293434069157134,0.0,0.0,0.0,0.1868433823530996,0.0,0.1480049653024672,0.2137678646777742,0.2130842884564907,0.0,0.0,0.0,0.0,0.2826195943542661
0.0,0.0,0.7503311450521721,0.0745247007660278,0.3987524759777437,0.4536429566660416,0.5285286189411661,0.4021717200437181,0.4396036703131438,0.3419832024343742,0.6818116693083213,0.0,0.4532889449196955,0.4357743980661349,0.0,0.0,0.0,0.0,0.0,0.0,0.0,0.0,0.4666309219623238,0.0,0.0,0.0,0.4931299525273717,0.3834527118478958,0.0,0.0,0.2497059704571954,0.1476076415655938,0.0,0.2505906139976708,0.0,0.1744986011093751,0.1310704446320706,0.0,0.0,0.0,0.0,0.0,0.0,0.0,0.0,0.0,0.0,0.5747500747222903,0.0,0.0,0.2599993843427571,0.0,0.2441070167541299,0.2880558353109208,0.0,0.5734586071092661,0.0,0.0,0.0919420409672279,0.0,0.0,0.0,0.0,0.9121293233522948,0.0,0.0,0.0,0.4234696748250719,0.0,0.0,0.0,0.4826610357756946,0.0,0.0,0.0,0.0
0.1059727840886309,0.0,0.0,0.0,0.4403286993793014,0.1969702864666369,0.0569254874503922,0.1248917966214356,0.6284369942828415,0.0,0.0,0.0,0.0,0.0,0.6791247988467166,0.0,0.0,0.0,0.0,0.0,0.542553388607842,0.6430407937357796,0.2915987259973253,0.0,0.0,0.0,0.4787710562728123,0.46905595072253,0.6103584771090748,0.4711350052390475,0.3744198055977675,0.0,0.0,0.4114744323353784,0.0,0.1330071190982389,0.1864409264179772,0.0,0.0,0.0,0.3580550201709001,0.1356137000209889,0.0,0.0,0.0,0.0,0.0650846754142635,0.0,0.0,0.0,0.0,0.0,0.1335431095573722,0.0,0.0,0.0,0.0,0.0,0.0,0.6126870358295607,0.0,0.0,0.0,0.0,0.6006532860179886,0.4935099945296434,0.730191321283246,0.3898179688515932,0.0,0.0,0.1187052051968649,0.551568628681076,0.4329819675094766,0.2392785096699256,0.0,0.1545082060428513
0.1396683130144491,0.0,0.0,0.0,0.0,0.179944092442614,0.0,0.2395383496682473,0.0,0.0,0.0,0.0,0.0,0.0,0.6011373713684348,0.0,0.0,0.0,0.0,0.542553388607842,0.0,0.1857974084383673,0.4982377846032763,0.0,0.0,0.0,0.4414444841586579,0.3140531160962644,0.6835537451001142,0.4231434224257577,0.5075264992421006,0.0,0.0,0.3500966639763574,0.0508445547186932,0.1186816902733614,0.0,0.0,0.0,0.0323335885071503,0.2243199601145488,0.1489665717862773,0.0,0.0,0.0,0.38839953794456,0.3614498565639462,0.0,0.0,0.0,0.0,0.0,0.3229849377762456,0.0,0.0,0.0,0.0,0.0,0.0,0.6064145553376074,0.4085717844483151,0.0,0.0,0.0,0.091789836440688,0.8550782257704915,0.3678709613690801,0.6554763065238213,0.0,0.5503031666911843,0.2968184176396589,0.4190048893222559,0.1640979684560199,0.1618150174098159,0.0,0.1268170020385729
0.5234934894240191,0.2820393181995128,0.0,0.0,0.4219742741863835,0.0,0.2614388217500463,0.0,0.3148077006813409,0.0833762720895873,0.0,0.0,0.0772827688810004,0.0,0.2949425142315685,0.3357191608394924,0.0569095051698327,0.3745572644700126,0.0,0.6430407937357796,0.1857974084383673,0.0,0.0,0.0,0.4294895170953306,0.228605998308169,0.3353961572296523,0.1943124337547857,0.2857425538313671,0.1913207022466089,0.1201385004314985,0.1850333457524914,0.2778321399290938,0.1692893080079461,0.0,0.0,0.0999572666430803,0.0,0.0288829746694919,0.277224562520058,0.3750969777347832,0.1781183964261914,0.0,0.0,0.0,0.4161739762263431,0.0856116112193199,0.0,0.0,0.0,0.0905979931898506,0.0,0.0,0.0,0.0,0.0,0.0,0.0,0.0,0.3096209293089727,0.3307098736243081,0.0,0.3841822276376024,0.0,0.6194915737105895,0.1722376431981716,0.7813129878676348,0.1080695452032685,0.0,0.24433841215126,0.1949153130891926,0.4794030850884803,0.0,0.5317075861563867,0.0,0.2278134925727499
0.0,0.0877535926186324,0.515663186308983,0.0369792086535733,0.1149313750116805,0.725973195685195,0.1798251023894133,0.8034682810129619,0.2918440816803039,0.3148573642230577,0.4093794859082922,0.0,0.3240056029101849,0.3612465318594969,0.5116429659197353,0.0,0.0,0.0,0.4666309219623238,0.2915987259973253,0.4982377846032763,0.0,0.0,0.2186259665288794,0.0,0.2924116827565916,0.6385973084462429,0.2672288380354577,0.5037976529731629,0.255844926018348,0.2410751637296582,0.0422503648611812,0.0,0.3266519676108098,0.0747288596071808,0.2852516994004888,0.0,0.0,0.0,0.0434500191653106,0.0053365225790599,0.0,0.0306424623175501,0.0,0.0,0.0,0.5670092356267983,0.3146694214045275,0.0,0.2495460278303069,0.440479564060358,0.2075084922367606,0.8192690009353337,0.3508023382097357,0.0,0.4312495509900438,0.0,0.2133959745148691,0.0542914091208398,0.3726651705621154,0.0,0.0,0.0,0.4497055851756628,0.0,0.2744382732580422,0.0,0.8940962615470412,0.0,0.0,0.3280821609854657,0.4894582183181047,0.0,0.0,0.0,0.0
0.3476550943575064,0.0,0.0,0.0,0.0,0.0,0.0115008213537334,0.3898086816357942,0.0,0.5199948376227448,0.0,0.4500445493594465,0.4752418111022384,0.0,0.0,0.1171142983574881,0.4568834897910183,0.2273556585938541,0.0,0.0,0.0,0.0,0.2186259665288794,0.0,0.3537804953407947,0.7691546716573012,0.0,0.0,0.0,0.0,0.0,0.3882352709749408,0.4973378730995472,0.0,0.0,0.0,0.0,0.3009927864569018,0.4826282415783466,0.4499536254092983,0.0,0.0,0.0,0.0,0.5044452573871812,0.1171666782806772,0.0,0.0,0.0,0.0,0.0,0.0,0.0,0.0,0.306348726300182,0.0,0.6915699957425477,0.0,0.0,0.0,0.0,0.4697194618432231,0.0,0.0,0.0,0.0,0.0,0.0,0.8516883290345098,0.0,0.7122384505967944,0.0,0.0,0.0,0.0,0.3707130939434423
0.6023611234217945,0.8849812567743235,0.0,0.0,0.3858212220361885,0.3028943766762788,0.615472961691009,0.0,0.0,0.4649592676202276,0.0,0.21418673120208,0.5576325017182976,0.0,0.0,0.7970821057648401,0.3404224284236862,0.7974992850000563,0.0,0.0,0.0,0.4294895170953306,0.0,0.3537804953407947,0.0,0.716180858872285,0.2164995519968677,0.0,0.0950272395949563,0.0,0.0,0.5378525670608114,0.5239501083326324,0.0,0.0,0.0,0.0,0.1595210362600141,0.4274173149307984,0.4344783237796885,0.1367711876716502,0.0,0.0,0.0,0.0,0.2603175112546597,0.3264518477993142,0.0,0.0,0.0,0.0,0.0,0.0,0.0,0.4059766486132719,0.0,0.2003449725949963,0.0,0.0,0.0,0.263650072580012,0.4744564907846642,0.3588246081587422,0.0,0.3294000737399107,0.0,0.2134718799631731,0.0,0.2094155010496148,0.3085004220572029,0.4193960923287799,0.0,0.0,0.0,0.0,0.2619128317109808
0.4347261655262458,0.8193352962313307,0.0,0.0,0.0,0.6677482399308114,0.3524633695063929,0.4546925043888377,0.0,0.5248213526712854,0.0,0.6352237349328289,0.7603577770801191,0.0,0.0573845049826227,0.363943488879699,0.5845207453046253,0.5217613548173538,0.0,0.0,0.0,0.228605998308169,0.2924116827565916,0.7691546716573012,0.716180858872285,0.0,0.1249589608039885,0.1152820431181818,0.0,0.0,0.0,0.4490544010199771,0.5401445298759171,0.0385746358186052,0.0,0.0,0.0,0.2130538128832912,0.3511367124164924,0.415861791113027,0.0,0.0,0.0,0.0,0.340645721588351,0.037494767302809,0.2652530642969119,0.0,0.0,0.0,0.0,0.0,0.0,0.0,0.4229920650050704,0.0,0.6644388504257821,0.0,0.0,0.0495799840924006,0.0,0.5522527140871915,0.0330806361904084,0.0,0.4198378579900565,0.0,0.1621181645656868,0.1672260656970381,0.5197009789137698,0.066811927677287,0.726686448101405,0.2838951065166257,0.0,0.319222465288548,0.0,0.1865019576556087
0.0,0.1484567280026732,0.4947887987301411,0.0,0.3626947092075139,0.5181457984804511,0.4215861390577615,0.3109363577300269,0.3608075752456792,0.2537743521186694,0.4421263352436625,0.0,0.2246307621241017,0.0315055650105609,0.5538817594015543,0.057020731687352,0.0,0.1495775130659935,0.4931299525273717,0.4787710562728123,0.4414444841586579,0.3353961572296523,0.6385973084462429,0.0,0.2164995519968677,0.1249589608039885,0.0,0.0711707278111728,0.8089410189521936,0.1510446186302607,0.1543972937244931,0.0,0.0,0.1906981115570477,0.0,0.0,0.0,0.0,0.0,0.0,0.1119242864010869,0.0,0.0,0.0,0.0,0.0,0.6348679747573814,0.3223075436146887,0.0,0.0,0.145519894429807,0.3149427458596754,0.2646460870571279,0.328096709552186,0.0,0.3404948386791066,0.0,0.0,0.0,0.4439639169800247,0.0,0.0,0.0,0.4541688033181861,0.1900013303909501,0.2487275077931525,0.2509761558184983,0.6579359547697561,0.0,0.0,0.0258904305412123,0.8413097208893571,0.0,0.0,0.0,0.0
0.1699289259989902,0.0,0.2416284355481328,0.4212950404142688,0.2527716346139463,0.2964911370176034,0.2297256838256454,0.3296205681389244,0.4233668321152127,0.0933663822216536,0.4285739301450497,0.4489575416204958,0.3401062913456605,0.1835269920422821,0.2627810872993853,0.0,0.3204401827023386,0.036513518857842,0.3834527118478958,0.46905595072253,0.3140531160962644,0.1943124337547857,0.2672288380354577,0.0,0.0,0.1152820431181818,0.0711707278111728,0.0,0.2819637404372905,0.6586464339090643,0.4212267816000696,0.0,0.0,0.5174383433202944,0.2192204373984333,0.505071201417193,0.3677690108149685,0.0,0.0,0.0,0.2948149431452703,0.3805464368830532,0.3943107046909167,0.0,0.0,0.0,0.0,0.0,0.0,0.0,0.0,0.0,0.3405071266030472,0.0,0.0,0.0,0.0,0.0,0.0,0.2208792153827131,0.0,0.0,0.0,0.0,0.2375957490366962,0.2585612725196513,0.0,0.1571911770382646,0.0,0.0,0.0,0.1155809994296803,0.6468004969717602,0.0601733082212149,0.0,0.0229948627043181
0.0,0.0,0.0,0.0,0.3447152357495532,0.3044847651641559,0.4513423174170519,0.2116324112989331,0.3995466375281512,0.0,0.0,0.0,0.1326422704576145,0.0,0.5657417207764497,0.0243231701173721,0.0,0.1601537831611383,0.0,0.6103584771090748,0.6835537451001142,0.2857425538313671,0.5037976529731629,0.0,0.0950272395949563,0.0,0.8089410189521936,0.2819637404372905,0.0,0.3999531547886014,0.5008604176034017,0.0,0.0,0.3480597622967788,0.0682411108193359,0.0,0.0,0.0,0.0,0.0,0.2602204787700222,0.121496707652608,0.0,0.0,0.0,0.0,0.5793204118445867,0.0,0.0,0.0,0.0,0.0,0.2315029079160412,0.0,0.0,0.0,0.0,0.0,0.0,0.5321677771884263,0.0,0.0,0.0,0.0,0.1486796566282501,0.5656944007010899,0.3637417645701561,0.608762350998615,0.0,0.0,0.0681141397901425,0.7287672062433872,0.1153326079154801,0.1508390725222247,0.0,0.1036232188433081
0.0,0.0,0.13969093706908,0.0,0.0,0.1370360911841735,0.0,0.2500344220863195,0.267240913461943,0.0,0.0,0.0,0.0926604945208867,0.0,0.0,0.0,0.0,0.0,0.0,0.4711350052390475,0.4231434224257577,0.1913207022466089,0.255844926018348,0.0,0.0,0.0,0.1510446186302607,0.6586464339090643,0.3999531547886014,0.0,0.4221778987796059,0.0,0.0,0.4548135907440097,0.1945570757895849,0.0,0.0,0.0,0.0,0.0,0.0,0.0,0.0,0.0,0.0,0.0,0.0,0.0,0.0,0.0,0.0,0.0,0.0,0.0,0.0,0.0,0.0,0.0,0.0,0.0,0.0,0.0,0.0,0.0,0.1640017960935652,0.0,0.0,0.2467599051570214,0.0,0.0,0.0,0.171975754070493,0.0,0.0,0.0,0.0
0.2131192849932644,0.0,0.0725795459445021,0.0,0.0,0.0,0.1331654476783159,0.1285982093425319,0.1960131623978671,0.4347422170537827,0.0652848752910392,0.0,0.0,0.0,0.3082937044414146,0.1298762137299102,0.3333606140695696,0.1529363795750836,0.2497059704571954,0.3744198055977675,0.5075264992421006,0.1201385004314985,0.2410751637296582,0.0,0.0,0.0,0.1543972937244931,0.4212267816000696,0.5008604176034017,0.4221778987796059,0.0,0.0553801899171459,0.0765192818582118,0.4425141004045008,0.3232722414455295,0.1309073234131058,0.0865514519940659,0.0833464705368893,0.0,0.2483808406197278,0.241345834000961,0.0,0.0,0.0,0.0,0.4620973086964641,0.2578574063152817,0.0,0.0,0.0,0.0,0.0,0.1853783569399695,0.0,0.4090381129652879,0.0,0.0,0.0,0.0,0.3126917314910677,0.5136371280017938,0.0,0.4083953074982331,0.0,0.0439408934901051,0.5123772261662005,0.2729157210720713,0.360989139276159,0.1820320290092446,0.433539184755098,0.1480984825123907,0.1878190654942393,0.2415406568252525,0.1595710521419111,0.0,0.3594881456272509
0.399117894569117,0.5717565235314618,0.0217899609316558,0.0462037849417064,0.0250544393619621,0.0677759895208617,0.2747461318505524,0.0970428119395367,0.0,0.2433037294571322,0.0,0.0730835053507499,0.2767475300800073,0.3469349918290437,0.0,0.5510904682679235,0.2360253343977372,0.5290573277946508,0.1476076415655938,0.0,0.0,0.1850333457524914,0.0422503648611812,0.3882352709749408,0.5378525670608114,0.4490544010199771,0.0,0.0,0.0,0.0,0.0553801899171459,0.0,0.535121817063051,0.0266403976137503,0.1037995301427179,0.0,0.0,0.2615839633628191,0.7179059924769154,0.4543055944358641,0.1631248417411724,0.0,0.1631354387819388,0.0,0.2036526040238555,0.2061974409357481,0.1739982621186865,0.0498844759683253,0.0,0.0,0.455231282052241,0.0,0.1059023373062029,0.0,0.156022418719151,0.0,0.270282504110692,0.3532157121943606,0.0,0.0,0.1307029542120233,0.0,0.1693724337650947,0.223719856407285,0.0,0.0,0.0,0.0241359835715244,0.3082365835736784,0.0342596258699724,0.2693420537999565,0.0,0.0,0.2117308778411874,0.0,0.1551169791806396
0.4044482116877907,0.4787785233037719,0.0,0.0,0.2679994344254003,0.206841986351682,0.2461802650539875,0.0899140362098525,0.2074677281181609,0.5031915701715782,0.1281963735735222,0.1338348383772518,0.3386936577334194,0.0,0.0,0.4538675142518458,0.4365337493314462,0.5634057761269657,0.0,0.0,0.0,0.2778321399290938,0.0,0.4973378730995472,0.5239501083326324,0.5401445298759171,0.0,0.0,0.0,0.0,0.0765192818582118,0.535121817063051,0.0,0.1148645943628507,0.0,0.0,0.0,0.3804884527932104,0.5456304423153044,0.8018240880388959,0.1435569314815912,0.0,0.0,0.0,0.4362211910845254,0.2236933297223101,0.0059779066000042,0.0,0.0,0.0,0.0,0.0,0.0,0.0,0.4050482905838937,0.0,0.3919555280269163,0.0,0.0,0.1166939585779091,0.2077501309289308,0.5152502587751794,0.2952608636157112,0.0,0.3157403061800068,0.0,0.2389502922311855,0.0946413711172561,0.4452873936141968,0.1442784640243881,0.4534819527755929,0.1133631120889898,0.0,0.4122424921985685,0.0,0.436711701485767
0.0880691292440896,0.0,0.2163537857665021,0.3873911443562557,0.1394366590053166,0.2687581195802467,0.2873979166185811,0.3724378329933127,0.2777060342220195,0.0697587813026005,0.2076755288763636,0.3006263119582549,0.1728420423828969,0.0067554448868286,0.3284078270494823,0.0,0.1180338163137924,0.0757569268388644,0.2505906139976708,0.4114744323353784,0.3500966639763574,0.1692893080079461,0.3266519676108098,0.0,0.0,0.0385746358186052,0.1906981115570477,0.5174383433202944,0.3480597622967788,0.4548135907440097,0.4425141004045008,0.0266403976137503,0.1148645943628507,0.0,0.3595206939082241,0.2566495590625694,0.1583852340955929,0.078329139930492,0.0,0.2144985312481441,0.61050521141977,0.2114553632219152,0.0788463344824261,0.0,0.0,0.2225405290701889,0.2863387266232883,0.0,0.0,0.0,0.0,0.0,0.3755395661285745,0.0,0.0877699159063885,0.0,0.0859096453311535,0.0,0.0,0.2892590348446447,0.0907833372338495,0.0,0.0,0.0,0.1024145402391483,0.2759892068878899,0.1766037675108502,0.2312166512943655,0.0348396866913133,0.2266655723995952,0.0369575701444028,0.159610748802168,0.1847659153386114,0.0,0.0,0.0
0.0,0.0,0.0,0.5408660684527632,0.0,0.0,0.0198325475930949,0.088861252343576,0.0,0.0,0.0,0.0,0.0,0.0,0.0,0.0058834845618154,0.0,0.0,0.0,0.0,0.0508445547186932,0.0,0.0747288596071808,0.0,0.0,0.0,0.0,0.2192204373984333,0.0682411108193359,0.1945570757895849,0.3232722414455295,0.1037995301427179,0.0,0.3595206939082241,0.0,0.2802357848303787,0.2601394280176343,0.0,0.0,0.0,0.1297715094600156,0.3164231592028457,0.2637818331525733,0.1432330983016042,0.0,0.0,0.1952439854151157,0.0,0.0,0.0,0.0,0.0,0.0,0.0,0.0,0.0,0.0,0.0,0.0,0.0,0.0,0.0,0.0,0.0,0.0,0.0791709549962044,0.0,0.0,0.0,0.0251408380084155,0.0,0.0,0.0,0.0,0.0,0.0
0.0,0.0,0.0,0.4555157365426397,0.0,0.0843053002968225,0.0,0.3468163419587304,0.0,0.0,0.1088401372091424,0.2651487711229621,0.0797692068473816,0.1537456507354453,0.030400947577578,0.0,0.0,0.0,0.1744986011093751,0.1330071190982389,0.1186816902733614,0.0,0.2852516994004888,0.0,0.0,0.0,0.0,0.505071201417193,0.0,0.0,0.1309073234131058,0.0,0.0,0.2566495590625694,0.2802357848303787,0.0,0.4484605082156443,0.0,0.0,0.0,0.0492495405624047,0.2660425677167647,0.4809368440145312,0.1607622236370869,0.0,0.0,0.0,0.0,0.0,0.0,0.0,0.2339458006319859,0.363387048196676,0.0,0.0,0.0962056680365564,0.0857216570868208,0.0,0.3325709671383079,0.0,0.0,0.0,0.0,0.1025015679756731,0.0,0.0,0.0,0.1084837371581792,0.0,0.0,0.0,0.0,0.2057829215556289,0.0,0.0,0.0
0.0,0.0,0.0,0.3932007243618137,0.0882915749321393,0.0,0.0613153963485045,0.0127138510880163,0.0861741223881727,0.0,0.0898954011860661,0.0919258744586793,0.0,0.048159148914945,0.0,0.0,0.0,0.0,0.1310704446320706,0.1864409264179772,0.0,0.0999572666430803,0.0,0.0,0.0,0.0,0.0,0.3677690108149685,0.0,0.0,0.0865514519940659,0.0,0.0,0.1583852340955929,0.2601394280176343,0.4484605082156443,0.0,0.0,0.0,0.0,0.1355251372099762,0.3544233722088352,0.0,0.0,0.0,0.0,0.0,0.0,0.0,0.0,0.0,0.0,0.0,0.0,0.0,0.0,0.0,0.0,0.0,0.0,0.0,0.0,0.0,0.0,0.0,0.0,0.0,0.0,0.0,0.0,0.0,0.0,0.0,0.0,0.0,0.0
0.0,0.0,0.0,0.0,0.0992053147889725,0.0,0.1342054984928408,0.0,0.1642944056400783,0.2432045610436945,0.0242509643809,0.1730155538420264,0.1552695029973289,0.0,0.0,0.0,0.1907610585815485,0.0,0.0,0.0,0.0,0.0,0.0,0.3009927864569018,0.1595210362600141,0.2130538128832912,0.0,0.0,0.0,0.0,0.0833464705368893,0.2615839633628191,0.3804884527932104,0.078329139930492,0.0,0.0,0.0,0.0,0.2457978714504138,0.4051929867486589,0.0802493502742108,0.0,0.0,0.0,0.390754125423109,0.0,0.0,0.0,0.0,0.0,0.0,0.0,0.0,0.0,0.2698353002879989,0.0,0.2941358058342277,0.0,0.0,0.0,0.0,0.0,0.0,0.0,0.0,0.0,0.0,0.0,0.3354469476106529,0.0,0.1100391372267983,0.0,0.0,0.0,0.0,0.0
0.3695018043399918,0.449957443224051,0.0,0.0,0.0,0.0,0.0,0.0,0.0,0.2659386937699277,0.0,0.0,0.1039593569918593,0.0,0.0,0.5261045937463167,0.0,0.3925120007637758,0.0,0.0,0.0,0.0288829746694919,0.0,0.4826282415783466,0.4274173149307984,0.3511367124164924,0.0,0.0,0.0,0.0,0.0,0.7179059924769154,0.5456304423153044,0.0,0.0,0.0,0.0,0.2457978714504138,0.0,0.4607438227197442,0.0,0.0,0.1260782214520074,0.0,0.4925433471779752,0.1194676104368542,0.0,0.0,0.0,0.0,0.4483421074529521,0.0,0.0,0.0,0.1018633377958735,0.0,0.2503964843789636,0.3640775710576001,0.1031566775823648,0.0,0.1276206529428571,0.3006860440446573,0.1781172280755268,0.0,0.0,0.0,0.0,0.0,0.5292670086747144,0.0,0.2226431973565678,0.0,0.0,0.3367185896336626,0.5727950143080903,0.3903177861726356
0.4143202447910289,0.3171063539596589,0.0,0.0,0.0,0.0,0.0,0.0,0.0,0.5101787122681537,0.0,0.1276804961788429,0.0,0.0,0.1968482905226996,0.3844564973121738,0.4162911262098293,0.4999980061171869,0.0,0.0,0.0323335885071503,0.277224562520058,0.0434500191653106,0.4499536254092983,0.4344783237796885,0.415861791113027,0.0,0.0,0.0,0.0,0.2483808406197278,0.4543055944358641,0.8018240880388959,0.2144985312481441,0.0,0.0,0.0,0.4051929867486589,0.4607438227197442,0.0,0.2442077930114452,0.0,0.0,0.0349519512124777,0.5026153952659695,0.2979834152328031,0.0083013968218478,0.0,0.0,0.3055900191073984,0.3978833351259485,0.059248828348806,0.0235569440662941,0.2303393552152166,0.4646428858180594,0.2150740543505786,0.2969763564356074,0.4454629053825719,0.0,0.2670808241951786,0.326179197833396,0.5115413622622712,0.3883751353851801,0.0,0.3353819044975904,0.0,0.2924360710718531,0.178555348776162,0.4571831420502056,0.1987789158465785,0.4075572842214327,0.2460054704361254,0.1204414791527836,0.4778327145876266,0.4401823935649894,0.4816540226439015
0.1703047129292721,0.0,0.0,0.0,0.0,0.0,0.0,0.0421920083711644,0.0,0.0,0.0,0.0873040075163024,0.0,0.0,0.2045289167066139,0.0683397543745039,0.0,0.1138508461273815,0.0,0.3580550201709001,0.2243199601145488,0.3750969777347832,0.0053365225790599,0.0,0.1367711876716502,0.0,0.1119242864010869,0.2948149431452703,0.2602204787700222,0.0,0.241345834000961,0.1631248417411724,0.1435569314815912,0.61050521141977,0.1297715094600156,0.0492495405624047,0.1355251372099762,0.0802493502742108,0.0,0.2442077930114452,0.0,0.1931593752174585,0.1035747345415913,0.2910577715676395,0.0353431888352647,0.2246388797558934,0.1687764976244621,0.0,0.2118655057048339,0.2540308268204408,0.0,0.140957343468579,0.0863232017526553,0.0,0.0,0.0,0.0,0.0,0.2471587378419139,0.2714799791296179,0.1738352579210456,0.0,0.0620700552100119,0.0963107978335193,0.1557844198312122,0.2766426445196019,0.2758921699974041,0.056589388241372,0.0228903201178014,0.1487834100220355,0.0,0.0990464991640868,0.2168488319685022,0.1320035819739462,0.0949950810992158,0.0
0.0,0.0,0.0,0.0,0.0,0.0,0.0,0.0,0.0,0.0,0.0,0.0,0.0,0.0,0.0,0.0,0.0,0.0,0.0,0.1356137000209889,0.1489665717862773,0.1781183964261914,0.0,0.0,0.0,0.0,0.0,0.3805464368830532,0.121496707652608,0.0,0.0,0.0,0.0,0.2114553632219152,0.3164231592028457,0.2660425677167647,0.3544233722088352,0.0,0.0,0.0,0.1931593752174585,0.0,0.2782749298373835,0.1758950423164862,0.0,0.2274282254606997,0.0414011614314839,0.0,0.4253440169204958,0.1033734878737464,0.0,0.293083709080413,0.0,0.0,0.0,0.0,0.0,0.0,0.0,0.0,0.0974505090259846,0.0,0.0,0.205428155877361,0.0,0.2554530342085362,0.1188084670843455,0.0,0.0,0.0,0.0,0.0,0.0790060430955827,0.0,0.0,0.0
0.0,0.0,0.0,0.0,0.0,0.0,0.0,0.1653736210978403,0.0,0.0,0.0,0.0,0.0,0.1230684299848582,0.0,0.0,0.0,0.0,0.0,0.0,0.0,0.0,0.0306424623175501,0.0,0.0,0.0,0.0,0.3943107046909167,0.0,0.0,0.0,0.1631354387819388,0.0,0.0788463344824261,0.2637818331525733,0.4809368440145312,0.0,0.0,0.1260782214520074,0.0,0.1035747345415913,0.2782749298373835,0.0,0.2493236511230551,0.0,0.0,0.0,0.0,0.4755527640002943,0.0499804480088591,0.0,0.1438618911752613,0.3061146383985444,0.0,0.0,0.0,0.2193711925484704,0.0520204222540789,0.358197359570467,0.0,0.0,0.0,0.0,0.0,0.0,0.0,0.0,0.0,0.1664201668917435,0.0,0.0277726073685737,0.0,0.1760779690039921,0.0,0.0,0.0
0.0,0.0,0.0,0.0,0.0,0.0,0.0,0.0,0.0,0.0,0.0,0.0,0.0,0.0,0.0,0.0,0.0,0.0,0.0,0.0,0.0,0.0,0.0,0.0,0.0,0.0,0.0,0.0,0.0,0.0,0.0,0.0,0.0,0.0,0.1432330983016042,0.1607622236370869,0.0,0.0,0.0,0.0349519512124777,0.2910577715676395,0.1758950423164862,0.2493236511230551,0.0,0.0,0.0,0.0,0.0,0.3595266329848403,0.2355092883303479,0.0,0.2194803401220577,0.0857866301805475,0.0402401157506002,0.0,0.0,0.0167978063434479,0.0445351932452815,0.2495261634311623,0.0,0.0,0.0,0.0,0.0,0.0,0.0,0.0,0.0,0.0,0.0,0.0,0.0,0.2991894698515368,0.0108074678134347,0.0,0.0
0.0,0.0,0.0,0.0,0.0,0.0,0.0,0.0,0.0,0.3613002256143265,0.0,0.0,0.0,0.0,0.0,0.0,0.0,0.0,0.0,0.0,0.0,0.0,0.0,0.5044452573871812,0.0,0.340645721588351,0.0,0.0,0.0,0.0,0.0,0.2036526040238555,0.4362211910845254,0.0,0.0,0.0,0.0,0.390754125423109,0.4925433471779752,0.5026153952659695,0.0353431888352647,0.0,0.0,0.0,0.0,0.0,0.0,0.0,0.0,0.0,0.0,0.0,0.0,0.030302032943051,0.3101351493665439,0.0,0.3008414050679324,0.4572237804148112,0.0,0.0,0.0,0.3576690699236596,0.0,0.0,0.0,0.0,0.0,0.0,0.5506327574989806,0.0,0.2687643043404252,0.0,0.0,0.0,0.0,0.4091239772135513
0.759656803539674,0.0,0.0,0.0,0.0,0.0,0.0,0.0,0.0,0.0,0.0,0.0,0.0,0.0,0.0,0.2015752775273343,0.0,0.1589134220891908,0.0,0.0,0.38839953794456,0.4161739762263431,0.0,0.1171666782806772,0.2603175112546597,0.037494767302809,0.0,0.0,0.0,0.0,0.4620973086964641,0.2061974409357481,0.2236933297223101,0.2225405290701889,0.0,0.0,0.0,0.0,0.1194676104368542,0.2979834152328031,0.2246388797558934,0.2274282254606997,0.0,0.0,0.0,0.0,0.0,0.0,0.0,0.0,0.0,0.0,0.0,0.0,0.1940737867365555,0.0,0.0,0.0,0.0,0.2231204601665385,0.5286432330986399,0.0,0.4488336692064306,0.0,0.2904425239722681,0.5293338990025057,0.4428351434911723,0.0894908362404616,0.1315159150516407,0.2650671157435423,0.3456568126042956,0.1134238976638725,0.2506511070953424,0.6108499433160481,0.0,0.4058752189315645
0.0,0.370503948601566,0.0,0.0,0.0,0.0,0.0,0.0,0.0,0.0,0.0,0.0,0.0,0.0,0.3120435207351987,0.2569262361718812,0.0,0.2561274498388861,0.0,0.0650846754142635,0.3614498565639462,0.0856116112193199,0.5670092356267983,0.0,0.3264518477993142,0.2652530642969119,0.6348679747573814,0.0,0.5793204118445867,0.0,0.2578574063152817,0.1739982621186865,0.0059779066000042,0.2863387266232883,0.1952439854151157,0.0,0.0,0.0,0.0,0.0083013968218478,0.1687764976244621,0.0414011614314839,0.0,0.0,0.0,0.0,0.0,0.0,0.0,0.0,0.3349596145847076,0.4360271387441671,0.4925577838387325,0.0,0.2371730193118327,0.0,0.0,0.1861221868444048,0.0,0.1956906038800278,0.2573823391989872,0.1984422717913042,0.0837790010850259,0.0,0.0,0.1660358270247287,0.0,0.5543786824051394,0.0,0.6713660739693094,0.3020186729677158,0.4596013702730865,0.0,0.0,0.0,0.0
0.0,0.0,0.8626904042791984,0.0,0.5393435842370283,0.4873911846526182,0.0,0.2214310620539682,0.6349079256898359,0.0,0.7387627933561346,0.0,0.4356824036983087,0.326464553355399,0.0,0.0,0.0,0.0,0.5747500747222903,0.0,0.0,0.0,0.3146694214045275,0.0,0.0,0.0,0.3223075436146887,0.0,0.0,0.0,0.0,0.0498844759683253,0.0,0.0,0.0,0.0,0.0,0.0,0.0,0.0,0.0,0.0,0.0,0.0,0.0,0.0,0.0,0.0,0.0,0.342646962568749,0.3567924781637312,0.0,0.1490321882375016,0.5545413107664491,0.0,0.8635239481249799,0.0,0.3111695300943193,0.0,0.0,0.0,0.0,0.0,0.5828676719719121,0.0,0.0,0.0,0.3726376122623153,0.0,0.0,0.0,0.4484710355348496,0.2875904544790346,0.2899505006767284,0.2283667944101012,0.3172769008901104
0.0,0.0,0.0,0.0,0.0,0.0,0.0,0.0,0.0,0.0,0.0,0.0,0.0,0.0,0.0,0.0,0.0,0.0,0.0,0.0,0.0,0.0,0.0,0.0,0.0,0.0,0.0,0.0,0.0,0.0,0.0,0.0,0.0,0.0,0.0,0.0,0.0,0.0,0.0,0.0,0.2118655057048339,0.4253440169204958,0.4755527640002943,0.3595266329848403,0.0,0.0,0.0,0.0,0.0,0.3658821742563866,0.0,0.3242853786456828,0.120405591142342,0.0,0.0,0.0,0.0,0.0,0.412817983554845,0.0,0.0,0.0,0.0,0.0,0.0,0.0,0.0,0.0,0.0,0.0,0.0,0.0,0.4275465212376342,0.0,0.0,0.0
0.0,0.0,0.4039598310882966,0.0,0.0,0.0,0.0,0.2212848050183469,0.0,0.0,0.4669746937931157,0.0,0.0,0.0,0.0,0.0,0.0,0.0,0.0,0.0,0.0,0.0,0.2495460278303069,0.0,0.0,0.0,0.0,0.0,0.0,0.0,0.0,0.0,0.0,0.0,0.0,0.0,0.0,0.0,0.0,0.3055900191073984,0.2540308268204408,0.1033734878737464,0.0499804480088591,0.2355092883303479,0.0,0.0,0.0,0.342646962568749,0.3658821742563866,0.0,0.0589408952951633,0.4271357696941296,0.2307762354572001,0.6240032617155752,0.2363722387105761,0.4929478395809364,0.1573119220700601,0.1078468816766554,0.1639460930131341,0.0,0.0,0.0,0.0,0.3275530030795257,0.0,0.0,0.0,0.2604680245251763,0.0,0.0,0.0,0.3133826925427537,0.3105255242595934,0.0,0.0,0.0648400773241211
0.0,0.0,0.3993405786456602,0.0,0.0,0.6581637053888203,0.1677062492205189,0.4879790786839786,0.1620348909650394,0.0,0.1490651634564184,0.0,0.5940500874317476,0.0,0.0561122053519976,0.0,0.0,0.0,0.2599993843427571,0.0,0.0,0.0905979931898506,0.440479564060358,0.0,0.0,0.0,0.145519894429807,0.0,0.0,0.0,0.0,0.455231282052241,0.0,0.0,0.0,0.0,0.0,0.0,0.4483421074529521,0.3978833351259485,0.0,0.0,0.0,0.0,0.0,0.0,0.3349596145847076,0.3567924781637312,0.0,0.0589408952951633,0.0,0.161056658284671,0.4522884105449818,0.1984753339509848,0.3367834244616502,0.2940753482909162,0.0,0.7482269474548265,0.1151006008030332,0.0554760748478751,0.0,0.4317614356289657,0.0852616765766731,0.3580000515322574,0.3693994131932797,0.0,0.0640499771575485,0.4019095091955434,0.0,0.0760394979634801,0.6826044127609281,0.3838599238420608,0.0,0.3086574395311488,0.438615746910642,0.2606105661129066
