0.0,0.2853567289137999,0.0,0.0,0.0,0.0,0.0,0.0,0.0,0.2244869977184719,0.0,0.0,0.0,0.1135354258162914,0.0,0.3187044419060805,0.1851438350773449,0.2945145569668774,0.0,0.0704721732904654,0.0928797864714887,0.3481245134813603,0.0,0.2311915296514676,0.4005716924235667,0.2890940153581552,0.0,0.1130031717393395,0.0,0.0,0.1417248712747247,0.2654144238192004,0.268959098377964,0.0585661968872979,0.0,0.0,0.0,0.0487048831563703,0.2457196478372143,0.2755240257181644,0.1132530710120525,0.0,0.0,0.0,0.0,0.5051737232415723,0.0,0.0,0.0,0.0,0.0,0.0,0.0,0.0,0.1951517772709127,0.0,0.0,0.0,0.0,0.0,0.1980183480514803,0.0,0.2965148324458156,0.0,0.0,0.1364167970167601,0.3225085688927528,0.0,0.1743977812007546,0.0,0.2899919946449175,0.0,0.0,0.0,0.0,0.3536790704947354
0.2853567289137999,0.0,0.0,0.0,0.1245535156841554,0.3020686355183934,0.3228892994812584,0.1494536593397915,0.0,0.0,0.0,0.0,0.4484017754659402,0.0,0.0,0.4828038753367658,0.0,0.4689392023363495,0.0,0.0,0.0,0.1875568701701508,0.0583563642218646,0.0,0.5885148061605456,0.5448600739857669,0.0987241049851994,0.0,0.0,0.0,0.0,0.3802195549808715,0.3183889462958473,0.0,0.0,0.0,0.0,0.0,0.2992228541028012,0.2108765389145816,0.0,0.0,0.0,0.0,0.0,0.0,0.2463860763421466,0.0,0.0,0.0,0.4413211725052797,0.0,0.0,0.0,0.0,0.0,0.0,0.0,0.0,0.0,0.0,0.0,0.0,0.0,0.1139360896019894,0.0,0.0,0.0,0.0,0.0407207744145559,0.2464653257072344,0.1482140558308486,0.0,0.1323551060248559,0.0,0.0
0.0,0.0,0.0,0.0,0.3589932032246951,0.422950662314947,0.3201361683455146,0.2916674431096672,0.4457706560132738,0.300141540724141,0.5108092762001524,0.0,0.3233722866444389,0.2407733108350214,0.0,0.0,0.0,0.0,0.498972136422552,0.0,0.0,0.0,0.3429173418213407,0.0,0.0,0.0,0.3290358205284949,0.1606835295334935,0.2646026159715119,0.0928948315258599,0.0482655842547877,0.0144903799213562,0.0,0.1438758225869891,0.0,0.0,0.0,0.0,0.0,0.0,0.0,0.0,0.0,0.0,0.0,0.0,0.0,0.5736913320644528,0.0,0.2686343240263675,0.2655625093013942,0.1043206204985244,0.2120994930446314,0.4115225287438005,0.0,0.5136227134162319,0.0,0.1831682168117267,0.0,0.0,0.0,0.0,0.0,0.5010240146935863,0.0,0.0,0.0,0.3386590553910787,0.0,0.0,0.0,0.3790743251705036,0.0,0.0,0.0,0.0
0.0,0.0,0.0,0.0,0.0,0.0,0.0600094503821459,0.049501277206661,0.0,0.0,0.0,0.0,0.0,0.0,0.0,0.0,0.0,0.0,0.0495591172013667,0.0459351667328631,0.0,0.0237158968220799,0.0245912686242097,0.0,0.0,0.0,0.0,0.2801622827013484,0.0,0.0,0.2232708382764441,0.0307256355213248,0.0,0.2576161048428528,0.3596773231045559,0.3029191334193776,0.2614794904509358,0.0,0.0,0.0,0.0,0.0,0.0,0.0,0.0,0.0,0.0,0.0,0.0,0.0,0.0,0.0,0.0,0.0,0.0,0.0,0.0,0.0,0.0,0.0,0.0,0.0,0.0,0.0,0.0,0.0,0.0,0.0,0.0,0.0,0.0,0.0,0.0,0.0,0.0,0.0
0.0,0.1245535156841554,0.3589932032246951,0.0,0.0,0.2690864105549853,0.3894746059039531,0.0405378476148045,0.49888307179841,0.1672695075553607,0.498660717949802,0.2648072595648732,0.2406120938741045,0.1718361587758268,0.0,0.0314051495596491,0.0,0.0,0.2651714195184615,0.2928197147436505,0.0,0.2806139749023683,0.0764296592374187,0.0,0.2565721024723968,0.2315550815463563,0.24119291211062,0.1680937854999631,0.2292365161350173,0.0,0.0,0.0166612664524785,0.178220311441263,0.0927257359611109,0.0,0.0,0.058714123840532,0.0659717888443555,0.0,0.0,0.0,0.0,0.0,0.0,0.0,0.0,0.0,0.3586648671951827,0.0,0.0,0.1240678607201095,0.0,0.0,0.3978281100565874,0.0,0.3982782852808144,0.0,0.0,0.0,0.0,0.0,0.0,0.0,0.2603398115062479,0.0,0.0,0.0,0.15411400787502,0.0,0.0,0.0,0.3121593001637761,0.0,0.0,0.0,0.0
0.0,0.3020686355183934,0.422950662314947,0.0,0.2690864105549853,0.0,0.2704205777158669,0.5080985193710047,0.3447183049584619,0.257295706566837,0.3183548875613793,0.5173110382629313,0.5274486004974879,0.2820718269342263,0.2550024834972637,0.0,0.0,0.1915385892939095,0.3016737299968522,0.1309857458245134,0.1196632831181028,0.0,0.4827740376035728,0.0,0.2014255375605277,0.4440542926516913,0.3445682852844698,0.197167366760097,0.2024831499850828,0.0911293522014314,0.0,0.0450712069096177,0.1375504515737605,0.1787248390156308,0.0,0.0560632409813208,0.0,0.0971566252768061,0.0,0.0,0.0,0.0,0.0,0.0,0.0,0.0,0.0,0.3241163881884786,0.0,0.1745694171818657,0.4376805525922932,0.1358275642044915,0.4218286788871804,0.3413160124275367,0.0,0.3840567039921245,0.0,0.3399370932545384,0.0,0.189536447452772,0.0,0.0,0.0,0.320847186802237,0.1484892887232669,0.0,0.0018454248854299,0.3630368884232009,0.0,0.0,0.2911177376152953,0.294223703860497,0.0685283236634477,0.0,0.0,0.0
0.0,0.3228892994812584,0.3201361683455146,0.0600094503821459,0.3894746059039531,0.2704205777158669,0.0,0.1224561831393034,0.1780009539128157,0.2256047258249699,0.2664224555393493,0.2434966549666136,0.3890300308457248,0.1441341276821587,0.0,0.2986768864048282,0.1707173586586205,0.4177768568725419,0.3514728875278094,0.0378555951959616,0.0,0.173857487181003,0.1195841544274571,0.0076480757054106,0.4092910985108111,0.234389044961032,0.2803558640460801,0.1527681691017154,0.30014379899402,0.0,0.0885553643399605,0.1827068825375363,0.1637105078325345,0.1911203518662319,0.0131886950294998,0.0,0.0407748958754491,0.0892470007998537,0.0,0.0,0.0,0.0,0.0,0.0,0.0,0.0,0.0,0.0,0.0,0.0,0.1115250859794135,0.0,0.0,0.0,0.0,0.0,0.0,0.0,0.0,0.0,0.0,0.0,0.0,0.0,0.0,0.0,0.0,0.1067977788260136,0.0,0.0,0.0,0.2430649311218204,0.0,0.0,0.0,0.0
0.0,0.1494536593397915,0.2916674431096672,0.049501277206661,0.0405378476148045,0.5080985193710047,0.1224561831393034,0.0,0.1524137847234878,0.1969820447403656,0.2235725357627738,0.0,0.3721390870728849,0.3251053323240633,0.2152120668996383,0.0,0.0,0.0351197879443927,0.2674452255943518,0.0830533651612123,0.1592936170612869,0.0,0.5343084681589713,0.2592237733359001,0.0,0.30237168192511,0.2067734755928472,0.2191985234488146,0.1407360964534431,0.1662735321468151,0.0855181391294854,0.0645337189016133,0.0597930647526104,0.2476721144240084,0.0590929607806358,0.2306337571544753,0.0084547435907176,0.0,0.0,0.0,0.0280577938097642,0.0,0.1099738822935111,0.0,0.0,0.0,0.0,0.1472522243438272,0.0,0.1471549630399189,0.3245073392275662,0.1225265801977688,0.5556052433813549,0.2117861040004662,0.0,0.2320043899010815,0.0,0.2557638719766572,0.0747564115916738,0.1139658537852546,0.0,0.0,0.0,0.2702577852708694,0.0,-0.0128566952662843,0.0,0.3814447114346597,0.0,0.0,0.0,0.1239770779818406,0.0,0.0,0.0,0.0
0.0,0.0,0.4457706560132738,0.0,0.49888307179841,0.3447183049584619,0.1780009539128157,0.1524137847234878,0.0,0.2445728329494886,0.5347028511665439,0.3270592646946625,0.2151299525493746,0.1181972549830822,0.0,0.0,0.0,0.0,0.2923375685546049,0.4179122134434033,0.0,0.209347928587341,0.1940770630388448,0.0,0.0546105839008262,0.2044028629391171,0.2399379631845872,0.2815400294976254,0.2656995389868916,0.1777158930545902,0.1303492558632946,0.0,0.1379665714537998,0.1846752252081452,0.0,0.0,0.0573060124665027,0.109256201245389,0.0,0.0,0.0,0.0,0.0,0.0,0.0,0.0,0.0,0.4222153994301282,0.0,0.3669515366190616,0.1077536181897384,0.0,0.0749591720353253,0.6036080574993701,0.0,0.4864300267219326,0.0,0.1390139223786997,0.006931935792693,0.0,0.0,0.0,0.0,0.2898589072913711,0.0,0.0,0.0,0.2507742626907618,0.0,0.0,0.0,0.3254590194890692,0.0,0.0,0.0,0.0
0.2244869977184719,0.0,0.300141540724141,0.0,0.1672695075553607,0.257295706566837,0.2256047258249699,0.1969820447403656,0.2445728329494886,0.0,0.2090481845594831,0.2272789837692983,0.2688039994623737,0.230665614696774,0.0,0.1611952261213101,0.4230347257242597,0.2831851941831397,0.2274197069714343,0.0,0.2295347864999598,0.055445434840102,0.2093809549699937,0.3457979010577763,0.3091991058132053,0.3490075459474049,0.16876059521306,0.062088883707398,0.0,0.0,0.2891046896651472,0.1617976042809186,0.3346236850942298,0.0463897685312955,0.0,0.0,0.0,0.1617316570315674,0.1768499136185757,0.3392701525138566,0.0,0.0,0.0,0.0,0.2402655769436245,0.1800534214775374,0.0,0.0,0.0,0.0,0.0,0.0,0.0,0.0,0.5047648779557836,0.0,0.2463667807408742,0.3254872802043179,0.0,0.0,0.2628369981280521,0.4389451996884664,0.2924331363822463,0.0,0.0,0.0,0.0,0.0,0.3323165637270252,0.3540011818021887,0.4141848974066431,0.0,0.0512463549724897,0.0,0.0,0.3473286483522882
0.0,0.0,0.5108092762001524,0.0,0.498660717949802,0.3183548875613793,0.2664224555393493,0.2235725357627738,0.5347028511665439,0.2090481845594831,0.0,0.3371406533041248,0.2187033435418357,0.2579518044211702,0.0,0.0,0.0,0.0,0.4534065092672442,0.0,0.0,0.0,0.2722384083857046,0.0192136486033688,0.0,0.0,0.2940151472052574,0.2850027630461959,0.0,0.0,0.0434146095558711,0.0,0.0852509173121905,0.1381047594911142,0.0,0.0723789704717552,0.0597806724139846,0.0161269535287696,0.0,0.0,0.0,0.0,0.0,0.0,0.0,0.0,0.0,0.4912791528662611,0.0,0.3105393693887203,0.0991287161228716,0.0420059294014758,0.1644275752466006,0.4523490091888238,0.0,0.5459526831261899,0.0,0.0861973896451605,0.0988694575033714,0.0,0.0,0.0,0.0,0.4200325460154991,0.0,0.0,0.0,0.3145496676958636,0.0,0.0,0.0,0.3353831043989813,0.0,0.0,0.0,0.0
0.0,0.0,0.0,0.0,0.2648072595648732,0.5173110382629313,0.2434966549666136,0.0,0.3270592646946625,0.2272789837692983,0.3371406533041248,0.0,0.4953630040998524,0.0,0.0,0.0,0.3150286470410097,0.1200269503386882,0.0,0.0,0.0733626107008462,0.0,0.3258991349882373,0.2992807799063086,0.1424347257421037,0.4224254133869222,0.0,0.298557916971205,0.0,0.0,0.0,0.0486007185528425,0.0890005108720643,0.1999172687043571,0.0,0.1763246130318093,0.0611309423494199,0.1150557871736542,0.0,0.0849078575212533,0.0580573889754116,0.0,0.0,0.0,0.0,0.0,0.0,0.0,0.0,0.0,0.0,0.0,0.0,0.0,0.2455588898576596,0.0,0.4655250266417752,0.0,0.0,0.0,0.0,0.2003906108492472,0.0,0.0,0.0,0.0,0.0,0.0,0.2150455308199394,0.0492849463306437,0.2936062652521322,0.0,0.1704904378754931,0.0,0.0,0.0
0.0,0.4484017754659402,0.3233722866444389,0.0,0.2406120938741045,0.5274486004974879,0.3890300308457248,0.3721390870728849,0.2151299525493746,0.2688039994623737,0.2187033435418357,0.4953630040998524,0.0,0.2903699547442312,0.0539835591131279,0.2047054395252499,0.4224790869406476,0.3928041321707756,0.3014383112773205,0.0,0.0,0.0513932395736042,0.215464557166597,0.3160370236084476,0.3708270442401595,0.505639872444305,0.1493800330992466,0.2261715562822536,0.0882074501459911,0.0616194665754441,0.0,0.1840378174946797,0.2252321513060237,0.1149404016081922,0.0,0.0530467272001656,0.0,0.1032546178347135,0.0691332391056964,0.0,0.0011215684168923,0.0,0.0,0.0,0.0,0.0,0.0,0.2897299161957912,0.0,0.0,0.3950448321683522,0.0,0.21601801140094,0.0,0.0,0.0,0.0,0.0,0.0,0.0,0.0,0.0,0.0,0.0,0.118591397792643,0.0,0.0,0.0939895736974126,0.0,0.0,0.0,0.1332010742457425,0.0,0.0,0.0,0.0
0.1135354258162914,0.0,0.2407733108350214,0.0,0.1718361587758268,0.2820718269342263,0.1441341276821587,0.3251053323240633,0.1181972549830822,0.230665614696774,0.2579518044211702,0.0,0.2903699547442312,0.0,0.0,0.0,0.0,0.0,0.2897910926864058,0.0,0.0,0.0,0.2402298704589124,0.0,0.0,0.0,0.0209512815590589,0.1220459205437551,0.0,0.0,0.0,0.2307126596226281,0.0,0.0044923881807295,0.0,0.1022412521711417,0.0320259575799843,0.0,0.1274012109422141,0.0,0.0,0.0,0.0818408216700696,0.0,0.0,0.0,0.0,0.2170997655210635,0.0,0.0,0.0,0.0,0.0,0.0616484027408152,0.0,0.2626027535280406,0.0,0.0,0.0,0.0,0.0,0.0,0.0,0.2923064746589007,0.0,0.0,0.0,0.2057279310165825,0.0,0.0,0.0,0.0122867676484163,0.0,0.0,0.0,0.0
0.0,0.0,0.0,0.0,0.0,0.2550024834972637,0.0,0.2152120668996383,0.0,0.0,0.0,0.0,0.0539835591131279,0.0,0.0,0.0,0.0,0.0,0.0,0.4516197335171528,0.3997578941685658,0.1961375286344162,0.3402438849486783,0.0,0.0,0.0381608430324972,0.3683327909770542,0.1747500972148748,0.3762196957179057,0.2218546874540656,0.2050161043762342,0.0,0.0,0.2183920475130673,0.0,0.0202167081322465,0.0,0.0,0.0,0.1309046182088163,0.1360122543256461,0.0,0.0,0.0,0.0,0.0542901559333349,0.2075097418316959,0.0,0.0,0.0,0.0373147605140666,0.0,0.2296385705345793,0.0,0.0,0.0,0.0,0.0,0.0,0.6021943609461786,0.104957116787142,0.0,0.0,0.0,0.2296751635918025,0.3323616498973697,0.2826300506857224,0.4181622251292634,0.0,0.3144702701005125,0.1823063696357795,0.3918186381739889,0.1172515085233992,0.0384509277762042,0.0,0.057554391399813
0.3187044419060805,0.4828038753367658,0.0,0.0,0.0314051495596491,0.0,0.2986768864048282,0.0,0.0,0.1611952261213101,0.0,0.0,0.2047054395252499,0.0,0.0,0.0,0.2106312560213699,0.5485140400967771,0.0,0.0,0.0,0.2232541032405369,0.0,0.0778813088626366,0.5300616452353372,0.2420233537963479,0.0379189328578875,0.0,0.0161749705287662,0.0,0.0863680153257923,0.3664765752121758,0.301823061367511,0.0,0.0039125323275952,0.0,0.0,0.0,0.3498609045544357,0.2556645570297471,0.0454461119836197,0.0,0.0,0.0,0.0,0.1340480766939099,0.1708566061945553,0.0,0.0,0.0,0.0,0.0,0.0,0.0,0.0,0.0,0.0,0.0,0.0,0.0,0.2633802129483613,0.0,0.2722966939910829,0.0,0.0342334281421518,0.0,0.0350347565628117,0.0,0.0,0.1065977888204733,0.0282836888518922,0.0688480412533398,0.0,0.0,0.0,0.1589592489736083
0.1851438350773449,0.0,0.0,0.0,0.0,0.0,0.1707173586586205,0.0,0.0,0.4230347257242597,0.0,0.3150286470410097,0.4224790869406476,0.0,0.0,0.2106312560213699,0.0,0.3909797483233598,0.0,0.0,0.0,0.0378449669383872,0.0,0.3038286928384989,0.2263817882501854,0.3887077952064372,0.0,0.2130935435813493,-0.0002704459370931,0.0,0.2216856635877232,0.1569574528938118,0.2902960632259416,0.0784927906625879,0.0,0.0,0.0,0.1268565933512522,0.0893960042916117,0.2768346669179323,0.0,0.0,0.0,0.0,0.0,0.0,0.0,0.0,0.0,0.0,0.0,0.0,0.0,0.0,0.3423224284238674,0.0,0.3069340789576518,0.0,0.0,0.0,0.0,0.4917153514357263,0.1679358477628894,0.0,0.0,0.0,0.0,0.0,0.2456580273627276,0.1057294099160684,0.3241111715812771,0.0,0.0,0.0,0.0,0.2190653808272935
0.2945145569668774,0.4689392023363495,0.0,0.0,0.0,0.1915385892939095,0.4177768568725419,0.0351197879443927,0.0,0.2831851941831397,0.0,0.1200269503386882,0.3928041321707756,0.0,0.0,0.5485140400967771,0.3909797483233598,0.0,0.0,0.0,0.0,0.2490815417933823,0.0,0.1511920962423114,0.5303390704970228,0.3469726395241636,0.099469429927664,0.0242815837153284,0.1065026766741914,0.0,0.1017030847733286,0.351824480271771,0.3746662865331693,0.0503785507010598,0.0,0.0,0.0,0.0,0.261021487491331,0.3324999568050207,0.0757111047572799,0.0,0.0,0.0,0.0,0.1056778333792193,0.1703254112338396,0.0,0.0,0.0,0.0,0.0,0.0,0.0,0.2940873862402631,0.0,0.1008179672276233,0.0,0.0,0.0,0.2337448711580677,0.4085607830096968,0.3520147236212092,0.0,0.0,0.0,0.1242513286085964,0.0,0.0984236816305722,0.1421561784288448,0.1417015984879871,0.0,0.0,0.0,0.0,0.1879427553017512
0.0,0.0,0.498972136422552,0.0495591172013667,0.2651714195184615,0.3016737299968522,0.3514728875278094,0.2674452255943518,0.2923375685546049,0.2274197069714343,0.4534065092672442,0.0,0.3014383112773205,0.2897910926864058,0.0,0.0,0.0,0.0,0.0,0.0,0.0,0.0,0.3103107602393024,0.0,0.0,0.0,0.3279326835479092,0.2549970371208063,0.0,0.0,0.1660551109708101,0.0981594603262236,0.0,0.1666434011947654,0.0,0.1160420174111758,0.0871621819395097,0.0688011066065457,0.0,0.0,0.0,0.0,0.0,0.0,0.0,0.0,0.0,0.3822102742026814,0.0,0.2306043635519886,0.1729002576123015,0.1754092446044904,0.162331792394243,0.191557869484518,0.0,0.3813514449267802,0.0,0.0,0.0611416931190796,0.0,0.0,0.0,0.0,0.6065683400828381,0.0,0.0,0.0,0.2816084201635231,0.0,0.0,0.0,0.3209708270502012,0.0,0.0,0.0,0.0
0.0704721732904654,0.0,0.0,0.0459351667328631,0.2928197147436505,0.1309857458245134,0.0378555951959616,0.0830533651612123,0.4179122134434033,0.0,0.0,0.0,0.0,0.0,0.4516197335171528,0.0,0.0,0.0,0.0,0.0,0.3607993953364768,0.427623777545427,0.1939139008802078,0.0,0.0,0.0,0.3183839807011027,0.3119234105862131,0.4058899531426944,0.3133059871734792,0.2489901312906907,0.0,0.0,0.2736315531342693,0.0,0.0884500754280198,0.1239836943792456,0.0,0.0,0.0,0.2381075069982219,0.0901834584287913,0.0,0.0,0.0,0.0,0.0432814761242055,0.0,0.0,0.0,0.0,0.0,0.0888065104584186,0.0,0.0,0.0,0.0,0.0,0.0,0.4074384506656986,0.0,0.0,0.0,0.0,0.3994359761686055,0.3281854124544117,0.4855791019478122,0.2592299493582326,0.0,0.0,0.0789392659922689,0.3667945531136353,0.2879341192022909,0.1591208227957875,0.0,0.1027483534068905
0.0928797864714887,0.0,0.0,0.0,0.0,0.1196632831181028,0.0,0.1592936170612869,0.0,0.2295347864999598,0.0,0.0733626107008462,0.0,0.0,0.3997578941685658,0.0,0.0,0.0,0.0,0.3607993953364768,0.0,0.1235557532718697,0.3313294049824493,0.0,0.0,0.0,0.293561714484451,0.2088461279023901,0.4545649941380548,0.2813914614809838,0.3375064240473201,0.0,0.0,0.2328151797118123,0.0338117593288436,0.0789236285078119,0.0,0.0,0.0,0.0215019193085723,0.1491733489655362,0.0990631524092924,0.0,0.0,0.0,0.2582866891660932,0.2403650819089975,0.0,0.0,0.0,0.0,0.0,0.214785812234027,0.0,0.0,0.0,0.0,0.0,0.0,0.4032672350465987,0.2717012848426743,0.0,0.0,0.0,0.0610404767184522,0.5686292138272373,0.2446351330776558,0.4358934254525889,0.0,0.3659530176438343,0.1973850092133972,0.2786393263498129,0.1091255700140336,0.1076074017114326,0.0,0.0843336317026931
0.3481245134813603,0.1875568701701508,0.0,0.0237158968220799,0.2806139749023683,0.0,0.173857487181003,0.0,0.209347928587341,0.055445434840102,0.0,0.0,0.0513932395736042,0.0,0.1961375286344162,0.2232541032405369,0.0378449669383872,0.2490815417933823,0.0,0.427623777545427,0.1235557532718697,0.0,0.0,0.0,0.2856116307170567,0.1520235753600579,0.2230393050113324,0.1292182669524526,0.1900195313659272,0.1272287578242745,0.0798924110003968,0.1230476496255712,0.1847590858268719,0.1125778241343652,0.0,0.0,0.0664718387564579,0.0,0.0192072522540334,0.1843550452911328,0.2494404524990807,0.118449190583387,0.0,0.0,0.0,0.2767567618783674,0.0569319410961019,0.0,0.0,0.0,0.06024789789899,0.0,0.0,0.0,0.0,0.0,0.0,0.0,0.0,0.205898712318135,0.219922914391191,0.0,0.2554821669925226,0.0,0.4119634858135186,0.1145384745997732,0.5195751413782695,0.0718665248109073,0.0,0.1624856709269759,0.1296191832565107,0.3188042814849819,0.1748341673400976,0.3535869088815219,0.0,0.1514965570128431
0.0,0.0583563642218646,0.3429173418213407,0.0245912686242097,0.0764296592374187,0.4827740376035728,0.1195841544274571,0.5343084681589713,0.1940770630388448,0.2093809549699937,0.2722384083857046,0.3258991349882373,0.215464557166597,0.2402298704589124,0.3402438849486783,0.0,0.0,0.0,0.3103107602393024,0.1939139008802078,0.3313294049824493,0.0,0.0,0.1453868286232143,0.0,0.1944545192107478,0.4246688484281927,0.1777078628649982,0.3350267317121795,0.1701375321683713,0.1603156023547977,0.028096601025338,0.0,0.2172243964817201,0.0496948833544998,0.1896931119101137,0.0,0.060204648456282,0.0,0.0288943742152784,0.0035488012058403,0.0,0.0203773160539303,0.0,0.0,0.0,0.3770625963451771,0.2092559725135068,0.0,0.1659487487135989,0.2929200401435941,0.1379936796972483,0.5448159874438493,0.2332844548874051,0.0,0.2867820577723805,0.0,0.1419088705164345,0.0361039263491223,0.2478232944904933,0.0,0.0,0.0,0.2990553678544852,0.0,0.1825021557837106,0.0,0.5945763077188055,0.0,0.0,0.218175478745005,0.3254909708789698,0.0,0.0,0.0,0.0
0.2311915296514676,0.0,0.0,0.0,0.0,0.0,0.0076480757054106,0.2592237733359001,0.0,0.3457979010577763,0.0192136486033688,0.2992807799063086,0.3160370236084476,0.0,0.0,0.0778813088626366,0.3038286928384989,0.1511920962423114,0.0,0.0,0.0,0.0,0.1453868286232143,0.0,0.235264937019975,0.511489829906427,0.0,0.0,0.0,0.0,0.0,0.258177451209872,0.3307309615237606,0.0,0.0,0.0,0.0,0.2001609751861419,0.3209490188248318,0.2992203152461961,0.0,0.0,0.0,0.0,0.3354573903089207,0.0779161416459372,0.0,0.0,0.0,0.0,0.0,0.0,0.0,0.0,0.2037226889225035,0.0,0.4598958213808392,0.0,0.0,0.0,0.0,0.3123646471837015,0.0,0.0,0.0,0.0,0.0,0.0,0.5663749238010822,0.0,0.4736403968835119,0.0,0.0490393221309532,0.0,0.0,0.2465251585310535
0.4005716924235667,0.5885148061605456,0.0,0.0,0.2565721024723968,0.2014255375605277,0.4092910985108111,0.0,0.0546105839008262,0.3091991058132053,0.0,0.1424347257421037,0.3708270442401595,0.0,0.0,0.5300616452353372,0.2263817882501854,0.5303390704970228,0.0,0.0,0.0,0.2856116307170567,0.0,0.235264937019975,0.0,0.4762621085009002,0.1439727575041431,0.0,0.063193358121548,0.0,0.0,0.3576733369478171,0.348428166227037,0.0,0.0,0.0,0.0,0.1060818983616415,0.2842336109614404,0.2889291999608604,0.0909531906859976,0.0,0.0,0.0,0.1799953044974315,0.1731118128248663,0.2170913162936712,0.0,0.0,0.0,0.0,0.0,0.0,0.0,0.2699755128545901,0.0,0.133229920757577,0.0,0.0,0.0,0.1753279746558598,0.3155147835825336,0.2386192849845029,0.0,0.2190518941077956,0.0,0.1419593478342909,0.0,0.1392618454501977,0.2051535721210642,0.2788994773527766,0.0,0.0,0.3508064125765891,0.0,0.1741727050210896
0.2890940153581552,0.5448600739857669,0.0,0.0,0.2315550815463563,0.4440542926516913,0.234389044961032,0.30237168192511,0.2044028629391171,0.3490075459474049,0.0,0.4224254133869222,0.505639872444305,0.0,0.0381608430324972,0.2420233537963479,0.3887077952064372,0.3469726395241636,0.0,0.0,0.0,0.1520235753600579,0.1944545192107478,0.511489829906427,0.4762621085009002,0.0,0.0830980295149186,0.0766628544278756,0.0,0.0,0.0,0.2986223287203514,0.3591974980998573,0.0256522317819994,0.0,0.0,0.0,0.1416813321536248,0.2335068145927301,0.2765491579771063,0.0,0.0,0.0,0.0,0.2265302787775426,0.0249341164486091,0.1763939682600485,0.0,0.0,0.0,0.5298303907311931,0.0,0.0,0.0,0.2812908084079216,0.0,0.4418535401406595,0.0,0.0,0.0329708166181228,0.0,0.3672494716637126,0.0219987079344781,0.0,0.2791932526508684,0.0,0.107808995347806,0.1112057627043954,0.3456024842624179,0.0444301033103549,0.4832483522901904,0.1887909741620269,0.0,0.2122837583771435,0.0,0.1240242803088452
0.0,0.0987241049851994,0.3290358205284949,0.0,0.24119291211062,0.3445682852844698,0.2803558640460801,0.2067734755928472,0.2399379631845872,0.16876059521306,0.2940151472052574,0.0,0.1493800330992466,0.0209512815590589,0.3683327909770542,0.0379189328578875,0.0,0.099469429927664,0.3279326835479092,0.3183839807011027,0.293561714484451,0.2230393050113324,0.4246688484281927,0.0,0.1439727575041431,0.0830980295149186,0.0,0.0473287165818228,0.5379478529287842,0.1004450588917382,0.1026745964306385,0.0,0.0,0.1268147334184696,0.0,0.0,0.0,0.0,0.0,0.0208381873375787,0.0744299375967351,0.0,0.0,0.0,0.0,0.0,0.4221888319575524,0.2143353433787475,0.0,0.1549708883157814,0.0967711031248426,0.2094377339773898,0.1759903268384015,0.2181851535791981,0.0,0.2264299412558074,0.0,0.0,0.0,0.2952371437742256,0.0,0.0,0.0,0.3020234193695797,0.1263513721554335,0.1654044307889909,0.1668997874947173,0.4375290978463248,0.0,0.0,0.0172172027314022,0.5594731227583983,0.0,0.0,0.0,0.0
0.1130031717393395,0.0,0.1606835295334935,0.2801622827013484,0.1680937854999631,0.197167366760097,0.1527681691017154,0.2191985234488146,0.2815400294976254,0.062088883707398,0.2850027630461959,0.298557916971205,0.2261715562822536,0.1220459205437551,0.1747500972148748,0.0,0.2130935435813493,0.0242815837153284,0.2549970371208063,0.3119234105862131,0.2088461279023901,0.1292182669524526,0.1777078628649982,0.0,0.0,0.0766628544278756,0.0473287165818228,0.0,0.1875066107643794,0.4380015682966879,0.280116890414789,0.0,0.0,0.3440978257880004,0.1457821532765734,0.3358736446947282,0.244567335697619,0.0,0.0,0.0075743461216987,0.1960526935347462,0.2530643568131828,0.2622176302174265,0.0,0.0,0.0,0.0,0.1202176553523614,0.0,0.0,0.0,0.0,0.2264381127567523,0.0,0.0,0.0,0.0728219418678207,0.0,0.0,0.1468852448916885,0.0,0.0,0.0,0.0,0.1580017826575938,0.1719439095604827,0.1705201737407797,0.1045325360019606,0.0,0.0,0.0,0.0768616611419899,0.4301239898428142,0.0400154043407922,0.0,0.0152916426913334
0.0,0.0,0.2646026159715119,0.0,0.2292365161350173,0.2024831499850828,0.30014379899402,0.1407360964534431,0.2656995389868916,0.0,0.0,0.0,0.0882074501459911,0.0,0.3762196957179057,0.0161749705287662,-0.0002704459370931,0.1065026766741914,0.0,0.4058899531426944,0.4545649941380548,0.1900195313659272,0.3350267317121795,0.0,0.063193358121548,0.0,0.5379478529287842,0.1875066107643794,0.0,0.2659698740080046,0.3330734626558568,0.0,0.0,0.231460634869253,0.0453805137663645,0.0,0.0,0.0,0.0,0.0,0.1730472859736471,0.0807956222868941,0.0,0.0,0.0,0.0,0.3852495601141371,0.0,0.0,0.0,0.0,0.0,0.1539500276812693,0.0,0.0,0.0,0.0,0.0,0.0,0.3538929370984413,0.0,0.0,0.0,0.0,0.098872353093128,0.3761882277463926,0.2418892066129813,0.4048285251844019,0.0,0.0,0.0452960777062087,0.4846320617927611,0.0766964801478022,0.1003083702025689,0.0,0.0689097063745527
0.0,0.0,0.0928948315258599,0.0,0.0,0.0911293522014314,0.0,0.1662735321468151,0.1777158930545902,0.0,0.0,0.0,0.0616194665754441,0.0,0.2218546874540656,0.0,0.0,0.0,0.0,0.3133059871734792,0.2813914614809838,0.1272287578242745,0.1701375321683713,0.0,0.0,0.0,0.1004450588917382,0.4380015682966879,0.2659698740080046,0.0,0.2807493857792569,0.0,0.0,0.3024522046619445,0.1293809545332194,0.0,0.0,0.0,0.0,0.0,0.0,0.0,0.0,0.0,0.0,0.0,0.0,0.0,0.0,0.0,0.0,0.0,0.0,0.0,0.0,0.0,0.0,0.0,0.0,0.0,0.0,0.0,0.0,0.0,0.1090616151462725,0.0,0.0,0.1640959699881098,0.0,0.0,0.0,0.1143643176579944,0.0,0.0482511731873113,0.0,0.0
0.1417248712747247,0.0,0.0482655842547877,0.2232708382764441,0.0,0.0,0.0885553643399605,0.0855181391294854,0.1303492558632946,0.2891046896651472,0.0434146095558711,0.0,0.0,0.0,0.2050161043762342,0.0863680153257923,0.2216856635877232,0.1017030847733286,0.1660551109708101,0.2489901312906907,0.3375064240473201,0.0798924110003968,0.1603156023547977,0.0,0.0,0.0,0.1026745964306385,0.280116890414789,0.3330734626558568,0.2807493857792569,0.0,0.036827968371916,0.0508855187447358,0.2942730120320204,0.2149768699111738,0.0870537059104131,0.0575569376224548,0.0554256167311024,0.0,0.1651738962292942,0.1604955987796144,0.1169279294530842,0.0,0.0,0.0,0.3072958957865916,0.1714758367288192,0.0,0.0,0.0,0.0,0.0,0.123277082950365,0.0,0.2720113945028197,0.0,0.0,0.0,0.0,0.2079408036473233,0.3415700078492389,0.2115932860118128,0.2715839272181209,0.0,0.0292208069005972,0.3407321698963109,0.181489654673956,0.240058703730656,0.1210517662914808,0.2883046701001613,0.0984858708150883,0.1249001604005542,0.1606251564575832,0.106115159051418,0.0,0.2390605391033562
0.2654144238192004,0.3802195549808715,0.0144903799213562,0.0307256355213248,0.0166612664524785,0.0450712069096177,0.1827068825375363,0.0645337189016133,0.0,0.1617976042809186,0.0,0.0486007185528425,0.1840378174946797,0.2307126596226281,0.0,0.3664765752121758,0.1569574528938118,0.351824480271771,0.0981594603262236,0.0,0.0,0.1230476496255712,0.028096601025338,0.258177451209872,0.3576733369478171,0.2986223287203514,0.0,0.0,0.0,0.0,0.036827968371916,0.0,0.3558573811936098,0.0177159327586688,0.0690269538409841,0.0,0.0,0.1739540067258555,0.4774093267737828,0.3021143858137711,0.1084784382521186,0.0,0.1084854853114148,0.0,0.1354295041434453,0.1371218272185933,0.1157092906987559,0.0331733044967818,0.0,0.0,0.3027299704534989,0.1229835280254553,0.0704253259994206,0.0,0.1037553087213188,0.0,0.1797385586391617,0.234889354778654,0.0,0.0,0.0869177998673873,0.2387696315894778,0.1126331029761269,0.1487742784606491,0.0,0.0,0.0,0.0160504909955533,0.2049781188526469,0.0227827390960678,0.179113156769812,0.0,0.0,0.1408015769566566,0.3411025006207004,0.1031531891053177
0.268959098377964,0.3183889462958473,0.0,0.0,0.178220311441263,0.1375504515737605,0.1637105078325345,0.0597930647526104,0.1379665714537998,0.3346236850942298,0.0852509173121905,0.0890005108720643,0.2252321513060237,0.0,0.0,0.301823061367511,0.2902960632259416,0.3746662865331693,0.0,0.0,0.0,0.1847590858268719,0.0,0.3307309615237606,0.348428166227037,0.3591974980998573,0.0,0.0,0.0,0.0,0.0508855187447358,0.3558573811936098,0.0,0.0763852499346222,0.0,0.0,0.0,0.25302579724468,0.3628456439460727,0.5332150756130659,0.0954657277283283,0.0,0.0,0.0,0.290088211189876,0.148756638147087,0.003975323225229,0.0,0.0,0.0,0.0,0.0,0.0,0.0,0.2693581523833654,0.0,0.2606514316936972,0.0,0.0,0.0776017818308414,0.1381543700474618,0.3426427439520022,0.1963492317915915,0.0,0.2099681136365387,0.0,0.1589025573569887,0.0629367545939378,0.2961172591313087,0.0959455487203687,0.3015666619966509,0.0753867603704753,0.0185839776460716,0.2741423149137364,0.0,0.2904144018650984
0.0585661968872979,0.0,0.1438758225869891,0.2576161048428528,0.0927257359611109,0.1787248390156308,0.1911203518662319,0.2476721144240084,0.1846752252081452,0.0463897685312955,0.1381047594911142,0.1999172687043571,0.1149404016081922,0.0044923881807295,0.2183920475130673,0.0,0.0784927906625879,0.0503785507010598,0.1666434011947654,0.2736315531342693,0.2328151797118123,0.1125778241343652,0.2172243964817201,0.0,0.0,0.0256522317819994,0.1268147334184696,0.3440978257880004,0.231460634869253,0.3024522046619445,0.2942730120320204,0.0177159327586688,0.0763852499346222,0.0,0.2390821837937056,0.1706726152070521,0.1053265870084187,0.0520890790059648,0.0,0.1426420735726544,0.4059875318357512,0.1406183590280121,0.0524330147098555,0.0814471670762758,0.0,0.1479900227559343,0.1904159878020269,0.0,0.0,0.0,0.0,0.0,0.2497347749164056,0.0,0.0583672192500996,0.0,0.0571301345450731,0.0,0.0,0.192358000261234,0.0603711521637466,0.0031180899711092,0.0,0.0,0.0681059320019403,0.1835335306264554,0.1174419584689283,0.1537596662934681,0.0231684810303965,0.1507331871527239,0.024576878960098,0.10614155743233,0.1228698077142525,0.0,0.0,0.0
0.0,0.0,0.0,0.3596773231045559,0.0,0.0,0.0131886950294998,0.0590929607806358,0.0,0.0,0.0,0.0,0.0,0.0,0.0,0.0039125323275952,0.0,0.0,0.0,0.0,0.0338117593288436,0.0,0.0496948833544998,0.0,0.0,0.0,0.0,0.1457821532765734,0.0453805137663645,0.1293809545332194,0.2149768699111738,0.0690269538409841,0.0,0.2390821837937056,0.0,0.1863575158527399,0.1729933870153747,0.0,0.0,0.0,0.0862983867176952,0.2104222126485753,0.1754155957746427,0.0952503778328479,0.0,0.0519554818729354,0.1298377511964533,0.0,0.0,0.0,0.0,0.0,0.0,0.0,0.0,0.0,0.0,0.0,0.0,0.0,0.0,0.0,0.0,0.0,0.0,0.0526488881843269,0.0,0.0,0.0,0.0167187217740243,0.0,0.0,0.0,0.0,0.0,0.0
0.0,0.0,0.0,0.3029191334193776,0.0,0.0560632409813208,0.0,0.2306337571544753,0.0,0.0,0.0723789704717552,0.1763246130318093,0.0530467272001656,0.1022412521711417,0.0202167081322465,0.0,0.0,0.0,0.1160420174111758,0.0884500754280198,0.0789236285078119,0.0,0.1896931119101137,0.0,0.0,0.0,0.0,0.3358736446947282,0.0,0.0,0.0870537059104131,0.0,0.0,0.1706726152070521,0.1863575158527399,0.0,0.2982273884818473,0.0,0.0,0.0,0.0327510708229278,0.1769189900597093,0.3198242351056404,0.1069072911516417,0.0,0.0,0.0,0.0,0.0,0.071288452213021,0.0,0.1555745576045757,0.2416533193145977,0.0,0.0,0.0639770160584518,0.057005121880311,0.0,0.2211605463526073,0.0,0.0,0.0,0.0,0.0681638056699976,0.0,0.0,0.0,0.0721419635235259,0.0,0.0,0.0,0.0,0.136846170767371,0.0,0.0,0.0
0.0,0.0,0.0,0.2614794904509358,0.058714123840532,0.0,0.0407748958754491,0.0084547435907176,0.0573060124665027,0.0,0.0597806724139846,0.0611309423494199,0.0,0.0320259575799843,0.0,0.0,0.0,0.0,0.0871621819395097,0.1239836943792456,0.0,0.0664718387564579,0.0,0.0,0.0,0.0,0.0,0.244567335697619,0.0,0.0,0.0575569376224548,0.0,0.0,0.1053265870084187,0.1729933870153747,0.2982273884818473,0.0,0.0,0.0,0.0,0.0901245639322613,0.2356924517865125,0.1256350588431641,0.1074895012401552,0.0,0.0,0.0,0.0,0.0,0.0,0.0,0.0,0.0,0.0,0.0,0.0,0.0,0.0,0.0,0.0,0.0,0.0,0.0,0.0,0.0,0.0,0.0,0.0,0.0,0.0,0.0,0.0,0.0,0.0,0.0,0.0
0.0487048831563703,0.0,0.0,0.0,0.0659717888443555,0.0971566252768061,0.0892470007998537,0.0,0.109256201245389,0.1617316570315674,0.0161269535287696,0.1150557871736542,0.1032546178347135,0.0,0.0,0.0,0.1268565933512522,0.0,0.0688011066065457,0.0,0.0,0.0,0.060204648456282,0.2001609751861419,0.1060818983616415,0.1416813321536248,0.0,0.0,0.0,0.0,0.0554256167311024,0.1739540067258555,0.25302579724468,0.0520890790059648,0.0,0.0,0.0,0.0,0.1634562151051332,0.2694543757041501,0.0533660238108075,0.0,0.0,0.0,0.2598524958799857,0.0,0.0,0.0,0.0,0.0,0.0,0.0,0.0,0.0,0.1794411669497764,0.0,0.1956010654805867,0.0,0.0,0.0,0.0,0.0,0.0,0.0,0.0,0.0,0.0,0.0,0.2230730807449998,0.0,0.0731763085595123,0.0,0.0,0.0,0.0,0.159670771358724
0.2457196478372143,0.2992228541028012,0.0,0.0,0.0,0.0,0.0,0.0,0.0,0.1768499136185757,0.0,0.0,0.0691332391056964,0.1274012109422141,0.0,0.3498609045544357,0.0893960042916117,0.261021487491331,0.0,0.0,0.0,0.0192072522540334,0.0,0.3209490188248318,0.2842336109614404,0.2335068145927301,0.0,0.0,0.0,0.0,0.0,0.4774093267737828,0.3628456439460727,0.0,0.0,0.0,0.0,0.1634562151051332,0.0,0.3063958241397257,0.0,0.0,0.0838423407172969,0.0,0.3275425894856336,0.0794462674328005,0.0,0.0,0.0,0.0,0.2981486516709017,0.0,0.0,0.0,0.0677393809630613,0.0,0.1665143045002886,0.2421125187886379,0.0685994552391211,0.0,0.0848680616157959,0.1999569906950564,0.1184484136271977,0.0,0.0,0.0,0.0,0.0,0.3519639185949464,0.0,0.1480582974297702,0.0,0.0,0.223918725952679,0.3809101540115614,0.2595623291589994
0.2755240257181644,0.2108765389145816,0.0,0.0,0.0,0.0,0.0,0.0,0.0,0.3392701525138566,0.0,0.0849078575212533,0.0,0.0,0.1309046182088163,0.2556645570297471,0.2768346669179323,0.3324999568050207,0.0,0.0,0.0215019193085723,0.1843550452911328,0.0288943742152784,0.2992203152461961,0.2889291999608604,0.2765491579771063,0.0208381873375787,0.0075743461216987,0.0,0.0,0.1651738962292942,0.3021143858137711,0.5332150756130659,0.1426420735726544,0.0,0.0,0.0,0.2694543757041501,0.3063958241397257,0.0,0.1623988088638976,0.0,0.0,0.0232431372249837,0.3342405273038322,0.1981597356016213,0.0055204501836329,0.0,0.0,0.2032181466928509,0.2645934386222504,0.0394006228539016,0.0156654282390584,0.1531762621501446,0.3089887111030909,0.143024797912269,0.1974900389178925,0.2962339749075509,0.0,0.1776094332814853,0.2169100033668563,0.3401763182558021,0.2582704614015012,0.0,0.2230298269079461,0.0,0.1944707375029645,0.1187397650171119,0.3040279623596117,0.132188489002185,0.271026639589113,0.1635942689632234,0.0800938926273386,0.3177599810731532,0.2927224210017877,0.3203011607340822
0.1132530710120525,0.0,0.0,0.0,0.0,0.0,0.0,0.0280577938097642,0.0,0.0,0.0,0.0580573889754116,0.0011215684168923,0.0,0.1360122543256461,0.0454461119836197,0.0,0.0757111047572799,0.0,0.2381075069982219,0.1491733489655362,0.2494404524990807,0.0035488012058403,0.0,0.0909531906859976,0.0,0.0744299375967351,0.1960526935347462,0.1730472859736471,0.0,0.1604955987796144,0.1084784382521186,0.0954657277283283,0.4059875318357512,0.0862983867176952,0.0327510708229278,0.0901245639322613,0.0533660238108075,0.0,0.1623988088638976,0.0,0.1284514800669763,0.0688774641895253,0.1935541647966566,0.0235033112478511,0.1493854313452138,0.1122368039137413,0.0,0.1408911048313672,0.1689311515477198,0.0,0.0937369950304727,0.0574051506263444,0.0,0.0,0.0,0.0,0.0,0.1643611947467623,0.1805348825988509,0.11560089248914,0.0,0.0412767459544171,0.064046927643141,0.103597038850257,0.1839680683279279,0.1834690008453356,0.0376320883597059,0.0152221216030974,0.098941349366173,0.0,0.0658661760463675,0.1442050295813524,0.0877827206658063,0.0631719726393784,0.0
0.0,0.0,0.0,0.0,0.0,0.0,0.0,0.0,0.0,0.0,0.0,0.0,0.0,0.0,0.0,0.0,0.0,0.0,0.0,0.0901834584287913,0.0990631524092924,0.118449190583387,0.0,0.0,0.0,0.0,0.0,0.2530643568131828,0.0807956222868941,0.0,0.1169279294530842,0.0,0.0,0.1406183590280121,0.2104222126485753,0.1769189900597093,0.2356924517865125,0.0,0.0,0.0,0.1284514800669763,0.0,0.1850535422518552,0.1169706543964528,0.0,0.1512403533949329,0.0275318785659711,0.0,0.2828548624655755,0.0687436346391133,0.0,0.1949014184401621,0.0,0.0,0.0,0.0,0.0,0.0,0.115594842533083,0.0,0.0648048385100418,0.0,0.0,0.1366102506811771,0.0,0.1698769231094542,0.0790079354123602,0.0,0.0,0.0,0.0,0.0,0.0525392213473346,0.0,0.0,0.0
0.0,0.0,0.0,0.0,0.0,0.0,0.0,0.1099738822935111,0.0,0.0,0.0,0.0,0.0,0.0818408216700696,0.0,0.0,0.0,0.0,0.0,0.0,0.0,0.0,0.0203773160539303,0.0,0.0,0.0,0.0,0.2622176302174265,0.0,0.0,0.0,0.1084854853114148,0.0,0.0524330147098555,0.1754155957746427,0.3198242351056404,0.1256350588431641,0.0,0.0838423407172969,0.0,0.0688774641895253,0.1850535422518552,0.0,0.1658008676327725,0.0,0.0,0.0,0.0,0.3162438080833995,0.0332371261499516,0.0,0.0956685267069883,0.2035670198673656,0.0,0.0,0.0,0.145882405838108,0.0345937142565449,0.2382021630641035,0.0,0.0,0.0,0.0,0.0,0.0,-0.0027662327924695,0.0,0.0,0.1106698379313536,0.0,0.0184688551502928,0.0,0.1170923011129397,0.0,0.0,0.0
0.0,0.0,0.0,0.0,0.0,0.0,0.0,0.0,0.0,0.0,0.0,0.0,0.0,0.0,0.0,0.0,0.0,0.0,0.0,0.0,0.0,0.0,0.0,0.0,0.0,0.0,0.0,0.0,0.0,0.0,0.0,0.0,0.0,0.0814471670762758,0.0952503778328479,0.1069072911516417,0.1074895012401552,0.0,0.0,0.0232431372249837,0.1935541647966566,0.1169706543964528,0.1658008676327725,0.0,0.0,0.0,0.0,0.0,0.2390861332948919,0.1566142809350898,0.0,0.14595498925456,0.0570483291543267,0.0267597802095389,0.0,0.0,0.0111705843129032,0.0296160177624563,0.165935538837206,0.0,0.0,0.0,0.0,0.0,0.0,0.0,0.0,0.0,0.0,0.0,0.0,0.0,0.1989617650171935,0.0071869938223243,0.0,0.0
0.0,0.0,0.0,0.0,0.0,0.0,0.0,0.0,0.0,0.2402655769436245,0.0,0.0,0.0,0.0,0.0,0.0,0.0,0.0,0.0,0.0,0.0,0.0,0.0,0.3354573903089207,0.1799953044974315,0.2265302787775426,0.0,0.0,0.0,0.0,0.0,0.1354295041434453,0.290088211189876,0.0,0.0,0.0,0.0,0.2598524958799857,0.3275425894856336,0.3342405273038322,0.0235033112478511,0.0,0.0,0.0,0.0,0.0,0.0,0.0,0.0,0.0,0.0,0.0,0.0,0.0201509296465221,0.2062406699756434,0.0,0.2000603061741106,0.3040549869763315,0.0,0.0,0.0,0.2378508490936577,0.0847210972446717,0.0,0.0,0.0,0.0,0.0,0.3661721963765789,0.0,0.1787289518970164,0.0,0.0,0.0,0.0,0.2720684944481983
0.5051737232415723,0.0,0.0,0.0,0.0,0.0,0.0,0.0,0.0,0.1800534214775374,0.0,0.0,0.0,0.0,0.0542901559333349,0.1340480766939099,0.0,0.1056778333792193,0.0,0.0,0.2582866891660932,0.2767567618783674,0.0,0.0779161416459372,0.1731118128248663,0.0249341164486091,0.0,0.0,0.0,0.0,0.3072958957865916,0.1371218272185933,0.148756638147087,0.1479900227559343,0.0519554818729354,0.0,0.0,0.0,0.0794462674328005,0.1981597356016213,0.1493854313452138,0.1512403533949329,0.0,0.0,0.0,0.0,0.0,0.0,0.0,0.0,0.0,0.0,0.0,0.0,0.1290595660730844,0.0,0.0,0.0,0.1951123398163987,0.148375678422811,0.3515491062365704,0.1000020120250178,0.298475541498059,0.0,0.1931450235673265,0.3520084008345337,0.2944865065082879,0.0595116356872525,0.0874584209113713,0.1762703119950096,0.2298626671590217,0.0754271829337168,0.1666836292599111,0.4062167794311805,0.0,0.2699080618560384
0.0,0.2463860763421466,0.0,0.0,0.0,0.0,0.0,0.0,0.0,0.0,0.0,0.0,0.0,0.0,0.2075097418316959,0.1708566061945553,0.0,0.1703254112338396,0.0,0.0432814761242055,0.2403650819089975,0.0569319410961019,0.3770625963451771,0.0,0.2170913162936712,0.1763939682600485,0.4221888319575524,0.0,0.3852495601141371,0.0,0.1714758367288192,0.1157092906987559,0.003975323225229,0.1904159878020269,0.1298377511964533,0.0,0.0,0.0,0.0,0.0055204501836329,0.1122368039137413,0.0275318785659711,0.0,0.0,0.0,0.0,0.0,0.0,0.0,0.0,0.2227490030325009,0.2899591658856994,0.3275521899020743,0.0,0.1577206663060531,0.0,0.0,0.1237717317450985,0.0,0.1301347536214126,0.171159915877706,0.1319646198417725,0.0557132506552637,0.0,0.0,0.1104142509337708,0.0,0.3686632460492866,0.0,0.4464601615687892,0.200843192347729,0.3056360903317544,0.0,0.0,0.0,0.0
0.0,0.0,0.5736913320644528,0.0,0.3586648671951827,0.3241163881884786,0.0,0.1472522243438272,0.4222153994301282,0.0,0.4912791528662611,0.0,0.2897299161957912,0.2170997655210635,0.0,0.0,0.0,0.0,0.3822102742026814,0.0,0.0,0.0,0.2092559725135068,0.0,0.0,0.0,0.2143353433787475,0.1202176553523614,0.0,0.0,0.0,0.0331733044967818,0.0,0.0,0.0,0.0,0.0,0.0,0.0,0.0,0.0,0.0,0.0,0.0,0.0,0.0,0.0,0.0,0.0,0.2278611091636598,0.2372679133244228,0.0,0.0991067875176946,0.3687713943267781,0.2897815384491822,0.5742456408603412,0.0,0.2069285358133017,0.0,0.0,0.0,0.0,0.0,0.3876084971992491,0.0,0.0,0.0,0.2478049681504258,0.0,0.0,0.28279366336169,0.2982343891761265,0.1912483900373864,0.1928178268135145,0.1518645041541689,0.2109899530608674
0.0,0.0,0.0,0.0,0.0,0.0,0.0,0.0,0.0,0.0,0.0,0.0,0.0,0.0,0.0,0.0,0.0,0.0,0.0,0.0,0.0,0.0,0.0,0.0,0.0,0.0,0.0,0.0,0.0,0.0,0.0,0.0,0.0,0.0,0.0,0.0,0.0,0.0,0.0,0.0,0.1408911048313672,0.2828548624655755,0.3162438080833995,0.2390861332948919,0.0,0.0,0.0,0.0,0.0,0.2433125845455123,0.0,0.2156506087484635,0.0800700270083248,0.0,0.0,0.0,0.0,0.0,0.2745250181420743,0.0,0.0,0.0,0.0,0.0,0.0,0.0,0.0,0.0,0.0,0.0,0.0,0.0,0.284319533486963,0.0,0.0,0.0
