0.0,0.1790158921629495,0.0,0.0,0.0,0.0265747094099368,0.0,0.0099822411201749,0.0,0.1982874434002978,0.0,0.0,0.0,0.0,0.1737888550867294,0.3086749719239268,0.2529933629021694,0.2475318154229994,0.0,0.0953460897100884,0.2491859795061272,0.2565781870071998,0.0,0.1812223654017231,0.3452722876492725,0.219409773693451,0.1727738694320744,0.0,0.2453019663345398,0.0,0.0421656650312172,0.0,0.1566212826789713,0.0,0.2051695020130355,0.0,0.0,0.0,0.0,0.1912540542189281,0.0,0.0,0.0,0.0,0.0,0.3480034472400067,0.2046618550060573,0.0,0.0,0.0,0.0,0.0,0.0,0.0,0.1359867840175698,0.0,0.0,0.0,0.0,0.0,0.1460000698589614,0.0,0.2351503259937437,0.0,0.0,0.3241027910784212,0.2477471962879576,0.0,0.1553787076594585,0.2986969584309557,0.2814136113243679,0.0,0.0,0.0,0.0,0.1241443966539195
0.1790158921629495,0.0,0.0,0.0,0.1603755330005776,0.5175989250260693,0.4260263991308565,0.4283739121007504,0.2056124726321771,0.0,0.0,0.0,0.4293404954847636,0.0,0.0,0.2361564318626796,0.0,0.4191622090694186,0.0,0.2213170435829974,0.1583147553692627,0.2316228700056242,0.4207843048728026,0.0,0.2580164737324995,0.589858672523846,0.2573393071973906,0.0,0.1578769429555021,0.0,0.0,0.0,0.0305336244288675,0.0,0.0343633672236292,0.0,0.0,0.0,0.0,0.0,0.0,0.0,0.0,0.0,0.0,0.0,0.3440818134617398,0.0,0.0,0.0,0.3737984313136127,0.0,0.0,0.0,0.0,0.0,0.0,0.0,0.0,0.1298764689866654,0.0,0.0,0.1101783919723801,0.0,0.0831965776199481,0.0,0.0,0.2610454252181918,0.0,0.071878990238489,0.3421273414108296,0.1442088870674002,0.0,0.0,0.0,0.0
0.0,0.0,0.0,0.0,0.3821914571177993,0.176483781575054,0.1128582712664958,0.1606797182485231,0.4270367514626824,0.1767876040867437,0.5058666279350161,0.0,0.2966245561970389,0.1147187843743928,0.0,0.0,0.0,0.0,0.2808265759186034,0.0,0.0,0.0,0.1275608900182365,0.0,0.0,0.0,0.3361613000084589,0.0,0.2415677672060164,0.0788505619140257,0.0,0.0,0.0,0.0,0.0,0.0,0.0,0.0,0.0,0.0,0.0,0.0,0.0,0.0,0.0,0.0,0.0,0.4325772238205753,0.0,0.4368933593090133,0.1404485643583609,0.200012756366138,0.1235925411764372,0.4266779091954825,0.0,0.4852299302184221,0.0,0.1742004773506256,0.0,0.0,0.0,0.0,0.0,0.2121231171411591,0.0,0.0,0.0,0.14985232396866,0.0,0.0,0.0,0.318570632661931,0.0,0.0,0.0,0.0
0.0,0.0,0.0,0.0,0.0555877595935275,0.0,0.0540303922355101,0.0,0.0,0.0,0.0,0.0,0.0,0.1815988640220717,0.0,0.0,0.0,0.0,0.0,0.0,0.0,0.0,0.0,0.0,0.0,0.0,0.0,0.212449747429971,0.0,0.0,0.1826959308902489,0.3459135047301891,0.0,0.2133181582138997,0.0269311508438952,0.2701336753314296,0.3300501766425094,0.0,0.0,0.0,0.0,0.0,0.0,0.0,0.0,0.0,0.0,0.0,0.0,0.0,0.0,0.0,0.0,0.0,0.0,0.0,0.0,0.0,0.0,0.0,0.0,0.0,0.0,0.0,0.0,0.0,0.0,0.0,0.0,0.0,0.0,0.0,0.0,0.0,0.0,0.0
0.0,0.1603755330005776,0.3821914571177993,0.0555877595935275,0.0,0.2722717438268146,0.2160185998484336,0.1529937246006351,0.4241389729306113,0.1704776674200886,0.4106168818142612,0.2089232295131916,0.2998795175355702,0.3104355288674252,0.0,0.087794753184867,0.0,0.0,0.2660915668316299,0.3025018672009441,0.0,0.2033100020917736,0.2606254342106013,0.0,0.0385670773465753,0.1482622797186847,0.3487309907500026,0.0789125616534279,0.2221248097067362,0.0,0.0344327350307909,0.0293887741460215,0.0809314960007654,0.0,0.0,0.101458774188123,0.0,0.1023297289972106,0.0166281557423329,0.0,0.0,0.0,0.1512742704004182,0.0,0.0,0.0,0.0,0.3676485103064129,0.0,0.0,0.136170102551795,0.0,0.1901963570506931,0.318549979322174,0.0,0.3942183449911555,0.0,0.0,0.0,0.0,0.0,0.0,0.0,0.2296773331271631,0.0,0.0,0.0,0.1876126884516052,0.0,0.0,0.0,0.3230118335361243,0.0,0.0,0.0,0.0
0.0265747094099368,0.5175989250260693,0.176483781575054,0.0,0.2722717438268146,0.0,0.3505380517825154,0.5523502921872214,0.4055542694311044,0.311308855803755,0.3221473215020103,0.5429002986347619,0.5612178760830608,0.0721571258673769,0.1378143682822688,0.0938573849853631,0.0,0.3099831995964153,0.3905195291599585,0.3973306656422362,0.1459224605950479,0.2396830584085249,0.6124852189921202,0.0,0.0,0.5318487328770644,0.3917957711229908,0.0270629937806937,0.172013040918689,0.0576137330181995,0.0,0.0,0.0,0.0,0.0,0.1766425103630928,0.0,0.0,0.0,0.0,0.0,0.0,0.2024765535510597,0.0,0.0,0.0,0.0,0.3566362066326468,0.0,0.282757439128536,0.5133801728843476,0.1842549321735186,0.5006225609039926,0.3973779967090577,0.0,0.3562173268090878,0.0,0.3218834139122529,0.0,0.268617827275541,0.0,0.0,0.0,0.3667808268792743,0.2062174960728827,0.0,0.0,0.4864652284550234,0.0,0.0,0.3131106922687614,0.2927948030210841,0.0,0.0,0.0,0.0
0.0,0.4260263991308565,0.1128582712664958,0.0540303922355101,0.2160185998484336,0.3505380517825154,0.0,0.2990047927942345,0.1602716634218166,0.4675711425635853,0.2346250972461945,0.3011902265215633,0.3042931665136781,0.0473022435100527,0.0,0.0983991238267301,0.3047488657478223,0.2369549772657887,0.1486020882023611,0.1957456781678499,0.0,0.103435851707091,0.2978801808453661,0.2718170637242099,0.1903960927749481,0.3432080831436563,0.2003593404824639,0.0243135977926822,0.2668707569441921,0.0,0.0,0.0,0.0,0.0,0.0,0.1388439486234408,0.0,0.0,0.0,0.0,0.0,0.0,0.1312881005513107,0.0,0.0,0.0,0.0,0.0,0.0,0.0,0.2675098417271287,0.0,0.0,0.0,0.0,0.0,0.0,0.0,0.0,0.0,0.0,0.0,0.0,0.0,0.0,0.0,0.0,0.2356702653676196,0.0,0.0,0.0,0.1639808157937166,0.0,0.0,0.0,0.0
0.0099822411201749,0.4283739121007504,0.1606797182485231,0.0,0.1529937246006351,0.5523502921872214,0.2990047927942345,0.0,0.3265915296638961,0.2189883491045803,0.262305529808659,0.0,0.4324142650432668,0.1022877685893294,0.1522387459274172,0.0,0.0,0.200453198366348,0.3287862739830408,0.321797379155836,0.1883311702132716,0.174210607703037,0.5899415118274217,0.3733494037495348,0.0,0.4704597444874787,0.2753927238634823,0.0,0.0812192898611643,0.0980342355262544,0.0,0.0,0.0,0.0,0.0,0.2011955397313213,0.0,0.0,0.0,0.0,0.0,0.0,0.2129235038211228,0.0,0.0,0.0,0.0,0.3201411338864667,0.0,0.2146890352360542,0.5094218198801476,0.0928035979904304,0.5370190647990611,0.3739288841094106,0.0,0.2851838196111104,0.0,0.2730182572106217,0.0,0.2753620933590416,0.0,0.0,0.0,0.3254780834592564,0.1365801878349539,0.0,0.0,0.5465320403061489,0.0,0.0,0.0,0.2046652004343193,0.0,0.0,0.0,0.0
0.0,0.2056124726321771,0.4270367514626824,0.0,0.4241389729306113,0.4055542694311044,0.1602716634218166,0.3265915296638961,0.0,0.1788094498129488,0.4832862217036468,0.2962353614645798,0.4072623184991625,0.0056192310444103,0.0,0.0547445145774806,0.0,0.0,0.3576925711620632,0.4970159434790208,0.0,0.3220446336299921,0.3585037642263404,0.0,0.0614429555555179,0.2648707419660978,0.5738932681621722,0.0571765179496181,0.3239084449443353,0.0905429153675598,0.0,0.0,0.0,0.0,0.0,0.0,0.0,0.0988863423407468,0.0,0.0,0.0,0.0,0.0,0.0,0.0,0.0,0.0,0.5134540625497835,0.0,0.4482354734056585,0.3418008692143986,0.2007006647305019,0.3367444126508679,0.5995159558188544,0.0,0.4689000877237957,0.0,0.1533014187923441,0.0,0.0,0.0,0.0,0.0,0.3364039413166766,0.0,0.0,0.0,0.3697376769980049,0.0,0.0,0.0,0.5473892322554367,0.0,0.0,0.0,0.0
0.1982874434002978,0.0,0.1767876040867437,0.0,0.1704776674200886,0.311308855803755,0.4675711425635853,0.2189883491045803,0.1788094498129488,0.0,0.3556255542359633,0.3244529909279239,0.2431095102545925,0.0259453257490488,0.0,0.2170348579457356,0.437997229945293,0.2962503374231583,0.2332930392979272,0.0,0.2204083472336898,0.1889897806055656,0.233630727269065,0.3688277651295496,0.3908504103507885,0.3913075178938867,0.2354203204212649,0.0,0.0,0.0,0.0,0.0,0.0,0.0,0.0731399272094647,0.018976843693471,0.0,0.0,0.0,0.0315038899362907,0.0,0.0,0.0,0.0,0.0,0.0872086047565064,0.0,0.0,0.0,0.0,0.0,0.0,0.0,0.0,0.3663758520340814,0.0,0.2432035270669262,0.2626334987291071,0.0,0.0,0.0026498386819278,0.352159345038023,0.2566345700960674,0.0,0.0,0.0,0.0,0.0,0.2707422793124475,0.304216556342669,0.409804595318088,0.0,0.0,0.0,0.0,0.0200343361015616
0.0,0.0,0.5058666279350161,0.0,0.4106168818142612,0.3221473215020103,0.2346250972461945,0.262305529808659,0.4832862217036468,0.3556255542359633,0.0,0.2530594704285472,0.3134293852107147,0.1454215482075634,0.0,0.0,0.0,0.0,0.4411377827305682,0.0,0.0,0.0,0.2825872264613834,0.2194982873190119,0.0,0.0,0.4342062180485556,0.0,0.0,0.0,0.0,0.0,0.0678143964874799,0.0,0.0,0.0,0.0,0.0631206529512879,0.0,0.0,0.0,0.0,0.0,0.0,0.0,0.0,0.0,0.4643809123260874,0.0,0.4918709538140087,0.2942602240428926,0.2653772124914504,0.2825931580005187,0.4957711105044435,0.0,0.6020953675248829,0.0,0.1991751619776743,0.0,0.0,0.0,0.0,0.0,0.375132550537846,0.0,0.0,0.0,0.3066519409332255,0.0,0.0,0.0,0.3594916996940187,0.0,0.0,0.0,0.0
0.0,0.0,0.0,0.0,0.2089232295131916,0.5429002986347619,0.3011902265215633,0.0,0.2962353614645798,0.3244529909279239,0.2530594704285472,0.0,0.4441610540715076,0.0,0.0,0.0,0.2921506634742449,0.2040719744813292,0.0,0.0,0.1222738975311206,0.0,0.5438409548845999,0.4506818228221007,0.0,0.4748217929012052,0.0,0.0,0.0,0.0,0.0,0.0,0.0,0.0,0.0,0.2453247814027841,0.0,0.0242163216446355,0.0,0.0,0.0,0.0,0.0,0.0,0.0203636957184832,0.0,0.0,0.0,0.0,0.0,0.0,0.0,0.0,0.0,0.0274867755487466,0.0,0.5390041024837243,0.0,0.0,0.0,0.0,0.1200076923921455,0.0,0.0,0.0,0.0,0.0,0.0,0.2724432225136157,0.0,0.2948750768384139,0.0,0.0,0.0,0.0,0.0
0.0,0.4293404954847636,0.2966245561970389,0.0,0.2998795175355702,0.5612178760830608,0.3042931665136781,0.4324142650432668,0.4072623184991625,0.2431095102545925,0.3134293852107147,0.4441610540715076,0.0,0.0069832076227834,0.1920071914378292,0.2450905557305253,0.276707695597497,0.4251875699773461,0.3271844649707031,0.4431889752834264,0.1484005438909683,0.299566824985173,0.429237639858414,0.269966593490106,0.0265811142461899,0.4941153384485448,0.3468631704538226,0.2115696744542826,0.1642066689535735,0.0829293845456327,0.0,0.0,0.0,0.0,0.0,0.0952713018191788,0.0,0.0,0.0,0.0,0.0,0.0,0.1534553373348312,0.0,0.0,0.0,0.0,0.3452093423515797,0.0,0.0,0.349175025785126,0.0,0.3696290297647804,0.0,0.0,0.0,0.0,0.0,0.0,0.0,0.0,0.0,0.0,0.0,0.2883539180167915,0.0,0.0,0.3176820934294358,0.0,0.0,0.0,0.2520586919678244,0.0,0.0,0.0,0.0
0.0,0.0,0.1147187843743928,0.1815988640220717,0.3104355288674252,0.0721571258673769,0.0473022435100527,0.1022877685893294,0.0056192310444103,0.0259453257490488,0.1454215482075634,0.0,0.0069832076227834,0.0,0.0,0.0,0.0,0.0,0.1192282968663195,0.0,0.0,0.0,0.1826392337684589,0.0,0.0,0.0,0.0,0.0,0.0,0.0,0.2636390740658977,0.1666922212473113,0.0,0.1514891810726436,0.0,0.2230991739382984,0.0522395943931398,0.0,0.1254788780132238,0.0,0.0,0.0,0.2437188291239906,0.0,0.0,0.0,0.0,0.0498541476042117,0.0,0.0,0.0,0.0,0.0,0.0,0.0,0.165817770994628,0.0,0.0,0.0,0.0,0.0,0.0,0.0,0.1202723502006214,0.0,0.0,0.0,0.1272011437852569,0.0,0.0,0.0,0.0,0.0,0.0,0.0,0.0
0.1737888550867294,0.0,0.0,0.0,0.0,0.1378143682822688,0.0,0.1522387459274172,0.0,0.0,0.0,0.0,0.1920071914378292,0.0,0.0,0.1509801906046952,0.0,0.1117085118846688,0.0,0.3924518915488689,0.3136138778246937,0.3841595682568708,0.1440598464876722,0.0,0.0238448596026586,0.0656275558162882,0.2715765339464226,0.0811462865284838,0.3441465670847287,0.2067267559348937,0.0185513748205168,0.0,0.0,0.0,0.0,0.0,0.0,0.0,0.0,0.0,0.0,0.0,0.0,0.0,0.0,0.0524356741138316,0.0,0.0,0.0,0.0,0.2001493119255502,0.0,0.1724264111353854,0.0,0.0,0.0,0.0,0.0,0.0,0.4181369709970469,0.0355772880206659,0.0,0.0,0.0,0.2817640580922936,0.2496341041301629,0.2096324718661987,0.2279475964321447,0.0,0.0684257638213772,0.1423083354104924,0.218789794357695,0.0,0.1604032789729824,0.0,0.0
0.3086749719239268,0.2361564318626796,0.0,0.0,0.087794753184867,0.0938573849853631,0.0983991238267301,0.0,0.0547445145774806,0.2170348579457356,0.0,0.0,0.2450905557305253,0.0,0.1509801906046952,0.0,0.2830909069819443,0.4652334720545803,0.0,0.1224535089789256,0.2325105191556678,0.3370185381569227,0.0,0.0418059906961806,0.34560816107632,0.279113802051215,0.0847783702897295,0.0,0.2561260264165728,0.0,0.1646139799654674,0.0,0.1584761440557776,0.0948520349360356,0.0083734300265081,0.0,0.0,0.0,0.0,0.1544234793056606,0.0,0.0,0.0,0.0,0.0,0.1713570639796338,0.1581078690266901,0.0,0.0,0.0,0.0,0.0,0.0,0.0,0.0,0.0,0.0,0.0,0.0,0.1472283568959894,0.2411469416403149,0.0,0.3107321199041074,0.0,0.1551560105775724,0.2845612762174464,0.2432263792071233,0.0,0.0,0.2343043647636455,0.1587455542611814,0.0,0.0,0.0,0.0,0.1366903444862008
0.2529933629021694,0.0,0.0,0.0,0.0,0.0,0.3047488657478223,0.0,0.0,0.437997229945293,0.0,0.2921506634742449,0.276707695597497,0.0,0.0,0.2830909069819443,0.0,0.4694815439579372,0.0,0.1508515936085157,0.0,0.2279408078555234,0.0,0.3308163686915937,0.3739554500929887,0.4403056174262802,0.0,0.0,0.1405394745613377,0.0,0.0,0.0,0.0455969363865486,0.0,0.1379768289216901,0.0,0.0,0.0,0.0,0.0793152911089132,0.0,0.0,0.0,0.0,0.0,0.0,0.0,0.0,0.0,0.0,0.0,0.0,0.0,0.0,0.1404714190815333,0.0,0.1706731859683724,0.0,0.0,0.0,0.0,0.2597372216787659,0.2595861168331745,0.0,0.0,0.0,0.0,0.0,0.2003767359109637,0.1706383329019427,0.3445418045750056,0.0,0.0,0.0,0.0,0.0
0.2475318154229994,0.4191622090694186,0.0,0.0,0.0,0.3099831995964153,0.2369549772657887,0.200453198366348,0.0,0.2962503374231583,0.0,0.2040719744813292,0.4251875699773461,0.0,0.1117085118846688,0.4652334720545803,0.4694815439579372,0.0,0.0,0.2386276702230285,0.2019557492010632,0.337112740338526,0.0973462962657166,0.1511581423216317,0.3497555315258806,0.4735967911346994,0.1732564047236342,0.0882085890503398,0.1495204028339276,0.0,0.0,0.0,0.0603457734525771,0.0,0.0297842272124212,0.0,0.0,0.0,0.0,0.0708529913975161,0.0,0.0,0.0,0.0,0.0,0.0,0.1954355349308453,0.0,0.0,0.0,0.0,0.0,0.0,0.0,0.0469428055301929,0.0,0.0544776778988007,0.0,0.0,0.0,0.0536777822588367,0.2273511825358553,0.3326344652256421,0.0,0.0,0.0,0.1936955587172447,0.0,0.0765917992330087,0.1415170644071833,0.2446801971114053,0.0,0.0,0.0,0.0,0.0
0.0,0.0,0.2808265759186034,0.0,0.2660915668316299,0.3905195291599585,0.1486020882023611,0.3287862739830408,0.3576925711620632,0.2332930392979272,0.4411377827305682,0.0,0.3271844649707031,0.1192282968663195,0.0,0.0,0.0,0.0,0.0,0.0,0.0,0.0,0.3588039623289358,0.0,0.0,0.0,0.362285994067784,0.0,0.0,0.0,0.0128650836749522,0.0,0.0,0.0,0.0,0.0735083677078199,0.0,0.0593680233835297,0.0,0.0,0.0,0.0,0.0869983493575199,0.0,0.0,0.0,0.0,0.3812047960423816,0.0,0.3002094219959292,0.3467833794201083,0.1827500825895355,0.3537877612243876,0.3348261707330759,0.0,0.3913827672629767,0.0,0.0,0.0,0.0,0.0,0.0,0.0,0.56339607212614,0.0,0.0,0.0,0.349499230616587,0.0,0.0,0.0,0.217859158243823,0.0,0.0,0.0,0.0
0.0953460897100884,0.2213170435829974,0.0,0.0,0.3025018672009441,0.3973306656422362,0.1957456781678499,0.321797379155836,0.4970159434790208,0.0,0.0,0.0,0.4431889752834264,0.0,0.3924518915488689,0.1224535089789256,0.1508515936085157,0.2386276702230285,0.0,0.0,0.2164337686708171,0.4816028127521907,0.3561313900276775,0.0,0.0,0.2799549475929346,0.4594152777065027,0.1873927341686367,0.3214899299631553,0.262804471798115,0.0,0.0,0.0,0.0,0.0,0.0568251663186778,0.0,0.0,0.0,0.0,0.0,0.0,0.0,0.0,0.0,0.0,0.0,0.0,0.0,0.0,0.3331886818238823,0.0,0.3519686313465924,0.0,0.0,0.0,0.0,0.2759129150352906,0.0,0.4206426445666981,0.0,0.0,0.0,0.0,0.448728218802977,0.0958749180390275,0.2024443639203552,0.3517941604035237,0.0,0.0,0.1875666811061921,0.361875201648454,0.0,0.0,0.0,0.0
0.2491859795061272,0.1583147553692627,0.0,0.0,0.0,0.1459224605950479,0.0,0.1883311702132716,0.0,0.2204083472336898,0.0,0.1222738975311206,0.1484005438909683,0.0,0.3136138778246937,0.2325105191556678,0.0,0.2019557492010632,0.0,0.2164337686708171,0.0,0.2753303798772832,0.1041754763048542,0.0999175984049054,0.1836360145497681,0.2143408128101591,0.1931021993964735,0.0,0.3707389926967492,0.1011482090920174,0.0883416320361786,0.0,0.0,0.0,0.0,0.0,0.0,0.0,0.0,0.0,0.0,0.0,0.0,0.0,0.0,0.1280234180523462,0.1824040519651982,0.0,0.0,0.0,0.2517528397469329,0.0,0.2037460063910248,0.0,0.0,0.0,0.0,0.0,0.0,0.2866575220880146,0.051527710026162,0.0,0.0,0.0,0.1275703065941979,0.4357731510519589,0.1349103961974486,0.2296535080020042,0.0,0.214805788570775,0.3173043040331776,0.1016091821773947,0.0,0.1753740348717968,0.0,0.0
0.2565781870071998,0.2316228700056242,0.0,0.0,0.2033100020917736,0.2396830584085249,0.103435851707091,0.174210607703037,0.3220446336299921,0.1889897806055656,0.0,0.0,0.299566824985173,0.0,0.3841595682568708,0.3370185381569227,0.2279408078555234,0.337112740338526,0.0,0.4816028127521907,0.2753303798772832,0.0,0.1662800861879497,0.0,0.184070652447433,0.274165254710823,0.4034799719232464,0.1541427077459277,0.3624689222672181,0.1607381654455526,0.0,0.0,0.0532258275506045,0.0,0.0,0.0,0.0,0.0,0.0,0.0654951960995205,0.0,0.0,0.0,0.0,0.0,0.1416468579012242,0.1481321276651087,0.0,0.0,0.0,0.2236383554532194,0.0,0.0,0.0,0.0,0.0,0.0,0.0,0.0,0.3557746250643298,0.0373634570352929,0.0,0.1983033378906143,0.0,0.3304447545160809,0.2711726959875768,0.3389887459656458,0.1656574339739362,0.0,0.1260920041278794,0.2712769042535843,0.2494304242907079,0.0339384158133212,0.1263850762801193,0.0,0.0
0.0,0.4207843048728026,0.1275608900182365,0.0,0.2606254342106013,0.6124852189921202,0.2978801808453661,0.5899415118274217,0.3585037642263404,0.233630727269065,0.2825872264613834,0.5438409548845999,0.429237639858414,0.1826392337684589,0.1440598464876722,0.0,0.0,0.0973462962657166,0.3588039623289358,0.3561313900276775,0.1041754763048542,0.1662800861879497,0.0,0.3979932284808324,0.0,0.4329833559803493,0.3330380695334831,0.0,0.132622302797537,0.0905118205481732,0.0,0.0,0.0,0.0,0.0,0.2757141804394592,0.0,0.0305605100680789,0.0,0.0,0.0,0.0,0.2781555876582553,0.0,0.0,0.0,0.1150004138514684,0.3478253538978441,0.0,0.2766542129511147,0.5160772350786035,0.1420659521184653,0.5980252558322484,0.3461512145921246,0.0,0.3206953628061043,0.0,0.3433722647710949,0.0,0.2438230907813172,0.0,0.0,0.0,0.3625113981044683,0.1693601318397569,0.0,0.0,0.5987161867485556,0.0,0.0,0.2908538320135356,0.2582753868845671,0.0,0.0,0.0,0.0
0.1812223654017231,0.0,0.0,0.0,0.0,0.0,0.2718170637242099,0.3733494037495348,0.0,0.3688277651295496,0.2194982873190119,0.4506818228221007,0.269966593490106,0.0,0.0,0.0418059906961806,0.3308163686915937,0.1511581423216317,0.0,0.0,0.0999175984049054,0.0,0.3979932284808324,0.0,0.1419754993701703,0.507101596074493,0.1368732353606631,0.0,0.0,0.0,0.0,0.0522322103197864,-0.0042186374795483,0.0,0.0856993004484217,0.1785505587710794,0.0,0.0,0.080620311806575,0.0,0.0,0.0,0.0,0.0,0.0,0.0,0.2889630803787759,0.0,0.0,0.0,0.0,0.0,0.0,0.0,0.1539592946833852,0.0,0.4130074174051196,0.0,0.0,0.0,0.0,0.2450097269052299,0.065820906463977,0.0,0.0,0.0,0.0,0.0,0.4516916303459295,-0.0015210805152238,0.4071833404439665,0.0,0.0,0.0,0.0,0.0
0.3452722876492725,0.2580164737324995,0.0,0.0,0.0385670773465753,0.0,0.1903960927749481,0.0,0.0614429555555179,0.3908504103507885,0.0,0.0,0.0265811142461899,0.0,0.0238448596026586,0.34560816107632,0.3739554500929887,0.3497555315258806,0.0,0.0,0.1836360145497681,0.184070652447433,0.0,0.1419754993701703,0.0,0.2056303994806188,0.1407260275067813,0.0,0.3051803245808637,0.0,0.0,0.0273559433437307,0.2227997439950245,0.020600132889344,0.2314374130912095,0.0,0.0,0.0,0.043810068446796,0.2619869548474483,0.0488313331076468,0.1256646925898639,0.0,0.0,0.0,0.3242154859485756,0.4053405249832518,0.0,0.0,0.0,0.0,0.0,0.0,0.0,0.297810580487058,0.0,0.0,0.0,0.0,0.0,0.3421704212407487,0.2992908109467236,0.4384487461835441,0.0,0.1009863278640028,0.2456829922728466,0.2994127458248561,0.0,0.1542262564898797,0.5275357529109719,0.317934917445804,0.0,0.0,0.4037183993422655,0.0,0.2859940859305467
0.219409773693451,0.589858672523846,0.0,0.0,0.1482622797186847,0.5318487328770644,0.3432080831436563,0.4704597444874787,0.2648707419660978,0.3913075178938867,0.0,0.4748217929012052,0.4941153384485448,0.0,0.0656275558162882,0.279113802051215,0.4403056174262802,0.4735967911346994,0.0,0.2799549475929346,0.2143408128101591,0.274165254710823,0.4329833559803493,0.507101596074493,0.2056303994806188,0.0,0.2582271220582067,0.0,0.1199986029928643,0.0,0.0,0.0,0.0248700363091854,0.0,0.0316558103899212,0.1061891840045678,0.0,0.0,0.0,0.0,0.0,0.0,0.0,0.0,0.0,0.0,0.2898776285600722,0.0,0.0,0.0,0.4205455406782508,0.0,0.0,0.0,0.1007644841215125,0.0,0.3694286801792212,0.0,0.0,0.1796174237863909,0.0,0.2128873017458697,0.1230329992749302,0.0,0.136532168659102,0.0,0.0,0.3152959920455506,0.3412114148937378,0.0193745643602542,0.4323122560096996,0.1343641611838899,0.0,0.0,0.0,0.0
0.1727738694320744,0.2573393071973906,0.3361613000084589,0.0,0.3487309907500026,0.3917957711229908,0.2003593404824639,0.2753927238634823,0.5738932681621722,0.2354203204212649,0.4342062180485556,0.0,0.3468631704538226,0.0,0.2715765339464226,0.0847783702897295,0.0,0.1732564047236342,0.362285994067784,0.4594152777065027,0.1931021993964735,0.4034799719232464,0.3330380695334831,0.1368732353606631,0.1407260275067813,0.2582271220582067,0.0,0.0283456853476047,0.3978045598883984,0.0923637190115339,0.0,0.0,0.0,0.0,0.0,0.0,0.0,0.0,0.0,0.0,0.0,0.0,0.0,0.0,0.0,0.0,0.0607527493260398,0.4358008405726544,0.0,0.3596492015606449,0.3406556668000817,0.2448248357756939,0.2849629158373759,0.5130972613836426,0.0,0.401412833129831,0.0,0.1099731696933272,0.0,0.3254900042252804,0.0,0.0,0.0,0.332062170029627,0.3782502012676759,0.0942071062837105,0.1521227698352324,0.3473334720945705,0.0,0.0,0.216479616068291,0.5368069503401707,0.0,0.1353393516273189,0.0,0.0
0.0,0.0,0.0,0.212449747429971,0.0789125616534279,0.0270629937806937,0.0243135977926822,0.0,0.0571765179496181,0.0,0.0,0.0,0.2115696744542826,0.0,0.0811462865284838,0.0,0.0,0.0882085890503398,0.0,0.1873927341686367,0.0,0.1541427077459277,0.0,0.0,0.0,0.0,0.0283456853476047,0.0,0.0,0.2085659619618849,0.1216767662596477,0.2211005049457384,0.0914965987579771,0.0981938419396819,0.0541836879990546,0.1098241240570342,0.2288903519137427,0.0842636310244509,0.1549445459327588,0.0498417199001367,0.1049220555423532,0.1406030671403812,0.1795336304375989,0.0,0.0,0.0,0.0,0.0078663124413351,0.0,0.0,0.0,0.0,0.0,0.0,0.0,0.0,0.0852371082315436,0.0,0.0,0.0129021655312454,0.0,0.0,0.0,0.0,0.1246742676983934,0.0,0.1095374630979048,0.0,0.0,0.0,0.0,0.0,0.4054873565551651,0.0,0.0,0.0688742621983825
0.2453019663345398,0.1578769429555021,0.2415677672060164,0.0,0.2221248097067362,0.172013040918689,0.2668707569441921,0.0812192898611643,0.3239084449443353,0.0,0.0,0.0,0.1642066689535735,0.0,0.3441465670847287,0.2561260264165728,0.1405394745613377,0.1495204028339276,0.0,0.3214899299631553,0.3707389926967492,0.3624689222672181,0.132622302797537,0.0,0.3051803245808637,0.1199986029928643,0.3978045598883984,0.0,0.0,0.074679210131716,0.0613902076252478,0.0,0.0350008314241978,0.0,0.0,0.0,0.0,0.0,0.0,0.0,0.0,0.0,0.0,0.0,0.0,0.0,0.2165014832413663,0.0,0.0,0.0,0.2028750629919224,0.0,0.1517202221414228,0.0,0.0,0.0,0.0,0.0971065063230712,0.0,0.2989157932991615,0.0,0.0,0.0,0.0,0.326268461369405,0.3885118677596216,0.2911876068686917,0.2157278138978645,0.0,0.0,0.3045717379174747,0.3146946607986826,0.0,0.4074168074497464,0.0182341578762664,0.0
0.0,0.0,0.0788505619140257,0.0,0.0,0.0576137330181995,0.0,0.0980342355262544,0.0905429153675598,0.0,0.0,0.0,0.0829293845456327,0.0,0.2067267559348937,0.0,0.0,0.0,0.0,0.262804471798115,0.1011482090920174,0.1607381654455526,0.0905118205481732,0.0,0.0,0.0,0.0923637190115339,0.2085659619618849,0.074679210131716,0.0,0.0720084725571459,0.0700628815863275,0.0,0.0,0.0074594006318644,0.0,0.0,0.0,0.0481679156146966,0.0,0.0,0.0,0.0,0.0,0.0,0.0,0.0,0.0,0.0,0.0,0.1699511851725342,0.0,0.0,0.0,0.0,0.0,0.0,0.0,0.0,0.0,0.0,0.0,0.0,0.0,0.1568096223397385,0.0,0.0,0.1450483746546125,0.0,0.0,0.0,0.0473813148502433,0.0,0.0,0.0,0.0
0.0421656650312172,0.0,0.0,0.1826959308902489,0.0344327350307909,0.0,0.0,0.0,0.0,0.0,0.0,0.0,0.0,0.2636390740658977,0.0185513748205168,0.1646139799654674,0.0,0.0,0.0128650836749522,0.0,0.0883416320361786,0.0,0.0,0.0,0.0,0.0,0.0,0.1216767662596477,0.0613902076252478,0.0720084725571459,0.0,0.3122811411781326,0.1228323096227463,0.3582713920978854,-0.0054152049182868,0.1469764863340962,0.2192656443691662,0.1491998088922463,0.2387896072268737,0.0713537776075271,0.2885584817508285,0.042715536903449,0.0,0.0,0.0,0.1964617195775707,0.1306586037554871,0.0,0.0,0.0,0.0,0.0,0.0,0.0,0.2681242711364774,0.0,0.0,0.0,0.0,0.0,0.2773020170810232,0.1436785188019918,0.0669523196694674,0.0,0.0,0.1984140347070722,0.1159318252587046,0.0,0.0,0.066955446833993,0.0,0.0,0.2974383529488977,0.0986663916394902,0.0,0.3189344328062645
0.0,0.0,0.0,0.3459135047301891,0.0293887741460215,0.0,0.0,0.0,0.0,0.0,0.0,0.0,0.0,0.1666922212473113,0.0,0.0,0.0,0.0,0.0,0.0,0.0,0.0,0.0,0.0522322103197864,0.0273559433437307,0.0,0.0,0.2211005049457384,0.0,0.0700628815863275,0.3122811411781326,0.0,0.1790076086924103,0.2959853358932947,0.1186610736843303,0.194968072839643,0.3765739886400027,0.0046517350377694,0.5490781370817444,0.1813053334662299,0.3668087522395017,0.2778218933081981,0.2060597849120415,0.36552928766962,0.0422677813177558,0.1595998819928325,0.1836771053105499,0.0,0.0,0.0,0.0,0.0324431181189739,0.0,0.0,0.132477165375309,0.0,0.0367994057981808,0.1422162425086466,0.0,0.0,0.2171976018721685,0.1264971379912883,0.0868869768045975,0.0,0.0,0.0,0.1211453689438528,0.0,0.1166848839066735,0.0,0.0,0.0,0.3961363111851316,0.0,0.1431586385454721,0.4316937237796201
0.1566212826789713,0.0305336244288675,0.0,0.0,0.0809314960007654,0.0,0.0,0.0,0.0,0.0,0.0678143964874799,0.0,0.0,0.0,0.0,0.1584761440557776,0.0455969363865486,0.0603457734525771,0.0,0.0,0.0,0.0532258275506045,0.0,-0.0042186374795483,0.2227997439950245,0.0248700363091854,0.0,0.0914965987579771,0.0350008314241978,0.0,0.1228323096227463,0.1790076086924103,0.0,0.3081730741961579,0.1582112040412316,0.0,0.0680631926525019,0.0155469104020513,0.1818179814894733,0.4158836092652143,0.2905273414912274,0.147345611310704,0.0,0.0,0.1222456570988629,0.2488829942439531,0.1677947099940976,0.0,0.0,0.0,0.0,0.0,0.0,0.0,0.1970001976477187,0.0,0.0,0.0,0.0,0.0,0.275229760345005,0.2000014097751409,0.2375257243989336,0.0,0.0145232684333986,0.1332452980322759,0.1942687353765034,0.0,0.0698063050345714,0.2432277173697216,0.1275214289451106,0.0,0.252229545667284,0.1947444371593325,0.0,0.3134727417293213
0.0,0.0,0.0,0.2133181582138997,0.0,0.0,0.0,0.0,0.0,0.0,0.0,0.0,0.0,0.1514891810726436,0.0,0.0948520349360356,0.0,0.0,0.0,0.0,0.0,0.0,0.0,0.0,0.020600132889344,0.0,0.0,0.0981938419396819,0.0,0.0,0.3582713920978854,0.2959853358932947,0.3081730741961579,0.0,0.0674983953890509,0.0125295244323778,0.2284336857394411,0.0672291698918421,0.2430646778570064,0.2768668641642609,0.442671423977882,0.196619934006777,0.0348290170356209,0.2124088822164904,0.0192632735087812,0.1847594957664327,0.0531295079862888,0.0,0.0,0.0,0.0,0.0,0.0,0.0,0.1900472913607178,0.0,0.0,0.0,0.0,0.0,0.3163560588802072,0.087022312401832,0.0899072315421996,0.0,0.0,0.1128593720758707,0.1708584122694459,0.0,0.0,0.0853547043444025,0.0,0.0,0.2817910067177036,0.109061628826004,0.0,0.3912402873539968
0.2051695020130355,0.0343633672236292,0.0,0.0269311508438952,0.0,0.0,0.0,0.0,0.0,0.0731399272094647,0.0,0.0,0.0,0.0,0.0,0.0083734300265081,0.1379768289216901,0.0297842272124212,0.0,0.0,0.0,0.0,0.0,0.0856993004484217,0.2314374130912095,0.0316558103899212,0.0,0.0541836879990546,0.0,0.0074594006318644,-0.0054152049182868,0.1186610736843303,0.1582112040412316,0.0674983953890509,0.0,0.0,0.0976497441698164,0.0,0.1313508650502166,0.2508541624597741,0.0966200767113247,0.3070359665157763,0.0,0.0091575273300916,0.0,0.2442237731535848,0.1705339907922806,0.0,0.0,0.0,0.0,0.0,0.0,0.0,0.0,0.0,0.0,0.0,0.0,0.0,0.1674018067116629,0.0,0.1265963876492069,0.0,0.0179249771983077,0.0,0.0987339165931627,0.0,0.0,0.176004676344309,0.0972813552892441,0.0,0.1271732165525885,0.1582108866696222,0.0,0.0
0.0,0.0,0.0,0.2701336753314296,0.101458774188123,0.1766425103630928,0.1388439486234408,0.2011955397313213,0.0,0.018976843693471,0.0,0.2453247814027841,0.0952713018191788,0.2230991739382984,0.0,0.0,0.0,0.0,0.0735083677078199,0.0568251663186778,0.0,0.0,0.2757141804394592,0.1785505587710794,0.0,0.1061891840045678,0.0,0.1098241240570342,0.0,0.0,0.1469764863340962,0.194968072839643,0.0,0.0125295244323778,0.0,0.0,0.3289477403204958,0.0511447376712663,0.1762312954571811,0.0,0.0284942865341224,0.0,0.4559418955514126,0.3271307346149508,0.0,0.0,0.0,0.055677050778755,0.0,0.048311572517625,0.1161052562624159,0.0389723885835312,0.2380724319176361,0.0,0.0,0.0,0.3761454071380766,0.2495137581734654,0.2600668473948189,0.0,0.0,0.0,0.0,0.1008836265483207,0.0,0.0,0.0,0.1850098656034919,0.0,0.0,0.0,0.0,0.1242469258710589,0.0,0.0,0.0
0.0,0.0,0.0,0.3300501766425094,0.0,0.0,0.0,0.0,0.0,0.0,0.0,0.0,0.0,0.0522395943931398,0.0,0.0,0.0,0.0,0.0,0.0,0.0,0.0,0.0,0.0,0.0,0.0,0.0,0.2288903519137427,0.0,0.0,0.2192656443691662,0.3765739886400027,0.0680631926525019,0.2284336857394411,0.0976497441698164,0.3289477403204958,0.0,0.0,0.3032056500962328,0.0696821408809402,0.2983999595188494,0.1967221950012661,0.2747394804185341,0.4171356464870704,0.0,0.0,0.0,0.0,0.0,0.0,0.0,0.0,0.0,0.0,0.0,0.0,0.0762214661450273,0.0,0.0,0.0,0.0,0.0,0.0,0.0,0.0,0.0,0.0,0.0,0.0,0.0,0.0,0.0,0.0,0.0,0.0,0.0
0.0,0.0,0.0,0.0,0.1023297289972106,0.0,0.0,0.0,0.0988863423407468,0.0,0.0631206529512879,0.0242163216446355,0.0,0.0,0.0,0.0,0.0,0.0,0.0593680233835297,0.0,0.0,0.0,0.0305605100680789,0.0,0.0,0.0,0.0,0.0842636310244509,0.0,0.0,0.1491998088922463,0.0046517350377694,0.0155469104020513,0.0672291698918421,0.0,0.0511447376712663,0.0,0.0,0.0024595742009168,0.0309037826019628,0.0,0.0,0.0,0.0,0.2444107702886047,0.0,0.0,0.0,0.0,0.0,0.0,0.0,0.0,0.0,0.1141812351251047,0.0,0.1122094136680517,0.0,0.0,0.0,0.0,0.0,0.0,0.0,0.0,0.0,0.0,0.0,0.0,0.0269398764124248,0.0360513529308608,0.0,0.0,0.0,0.0,0.0
0.0,0.0,0.0,0.0,0.0166281557423329,0.0,0.0,0.0,0.0,0.0,0.0,0.0,0.0,0.1254788780132238,0.0,0.0,0.0,0.0,0.0,0.0,0.0,0.0,0.0,0.080620311806575,0.043810068446796,0.0,0.0,0.1549445459327588,0.0,0.0481679156146966,0.2387896072268737,0.5490781370817444,0.1818179814894733,0.2430646778570064,0.1313508650502166,0.1762312954571811,0.3032056500962328,0.0024595742009168,0.0,0.2615421450503716,0.3898411907674821,0.2958374921807371,0.1922303148130058,0.3767593673895238,0.0240612030092199,0.2005876950764041,0.179712103868242,0.0,0.3249612235640629,0.0,0.0,0.0307177582458221,0.0,0.0,0.122003584280828,0.0,0.0036724595108259,0.0975113187423398,0.3637799007600259,0.0,0.2574164566834049,0.1307130195225068,0.1256956478271362,0.0,0.0,0.0,0.1243266092684313,0.0,0.1311378461996725,0.0610978975496171,0.0,0.0,0.3322507532434458,0.0,0.1368014180201221,0.4474371575439241
0.1912540542189281,0.0,0.0,0.0,0.0,0.0,0.0,0.0,0.0,0.0315038899362907,0.0,0.0,0.0,0.0,0.0,0.1544234793056606,0.0793152911089132,0.0708529913975161,0.0,0.0,0.0,0.0654951960995205,0.0,0.0,0.2619869548474483,0.0,0.0,0.0498417199001367,0.0,0.0,0.0713537776075271,0.1813053334662299,0.4158836092652143,0.2768668641642609,0.2508541624597741,0.0,0.0696821408809402,0.0309037826019628,0.2615421450503716,0.0,0.3126605356114469,0.2913204535253068,0.0,0.1248272767125739,0.1329306081442073,0.3503475521762252,0.169933334717104,0.0,0.0,0.036409298047167,0.0,0.0588790104111777,0.0,0.0,0.1012581670677889,0.0,0.0,0.0,0.0,0.0,0.2889544434512488,0.2035746735510382,0.2661643141476684,0.0,0.0712281278923484,0.0873146925932679,0.27358354515182,0.0,0.0627451581619635,0.2748247967665366,0.0844707395640707,0.0,0.2566080205429114,0.236868130120774,0.1754606638137994,0.374904748344075
0.0,0.0,0.0,0.0,0.0,0.0,0.0,0.0,0.0,0.0,0.0,0.0,0.0,0.0,0.0,0.0,0.0,0.0,0.0,0.0,0.0,0.0,0.0,0.0,0.0488313331076468,0.0,0.0,0.1049220555423532,0.0,0.0,0.2885584817508285,0.3668087522395017,0.2905273414912274,0.442671423977882,0.0966200767113247,0.0284942865341224,0.2983999595188494,0.0,0.3898411907674821,0.3126605356114469,0.0,0.3035063981524203,0.0394171885339418,0.3232755693392067,0.0632503310321515,0.2298119156666757,0.0540996089918441,0.0,0.2618786784202751,0.0,0.0,0.0,0.0,0.0,0.0866248851624367,0.0,0.0,0.0,0.3711132470453472,0.0,0.4158645626014462,0.0468004647161069,0.1625649184263378,0.0,0.0,0.0,0.1827714517894391,0.0,0.0,0.1154975791650712,0.0,0.0,0.3369627611415334,0.1244368996407206,0.1116710186075378,0.4604873522116575
0.0,0.0,0.0,0.0,0.0,0.0,0.0,0.0,0.0,0.0,0.0,0.0,0.0,0.0,0.0,0.0,0.0,0.0,0.0,0.0,0.0,0.0,0.0,0.0,0.1256646925898639,0.0,0.0,0.1406030671403812,0.0,0.0,0.042715536903449,0.2778218933081981,0.147345611310704,0.196619934006777,0.3070359665157763,0.0,0.1967221950012661,0.0,0.2958374921807371,0.2913204535253068,0.3035063981524203,0.0,0.0,0.1766606367009598,0.0,0.2408952564314979,0.0824305190194206,0.0,0.051890765956492,0.0,0.0,0.0,0.0,0.0,0.0,0.0,0.0,0.0,0.1590163036117525,0.0,0.2822510241202756,0.0251791504745872,0.1455706806101577,0.0,0.0,0.0,0.1318580761874898,0.0,-0.0028454393765045,0.1104745593119943,0.0,0.0,0.2088167259933513,0.1345138225760196,0.1914664278037087,0.4141096010899192
0.0,0.0,0.0,0.0,0.1512742704004182,0.2024765535510597,0.1312881005513107,0.2129235038211228,0.0,0.0,0.0,0.0,0.1534553373348312,0.2437188291239906,0.0,0.0,0.0,0.0,0.0869983493575199,0.0,0.0,0.0,0.2781555876582553,0.0,0.0,0.0,0.0,0.1795336304375989,0.0,0.0,0.0,0.2060597849120415,0.0,0.0348290170356209,0.0,0.4559418955514126,0.2747394804185341,0.0,0.1922303148130058,0.0,0.0394171885339418,0.0,0.0,0.3731595913342446,0.0,0.0,0.0,0.0917082309940515,0.3139125661277258,0.112449347154329,0.0850495168462171,0.0553677620712684,0.2424452546549604,0.0,0.0,0.0627424980472668,0.3600108227777505,0.2213889486944454,0.3422287960634,0.0,0.0,0.00465867872692,0.0,0.0977882685712784,0.0,0.0,0.0,0.1719501486855728,0.086498652370932,0.0,0.0,0.0,0.1930532147194501,0.0,0.0,0.0
0.0,0.0,0.0,0.0,0.0,0.0,0.0,0.0,0.0,0.0,0.0,0.0,0.0,0.0,0.0,0.0,0.0,0.0,0.0,0.0,0.0,0.0,0.0,0.0,0.0,0.0,0.0,0.0,0.0,0.0,0.0,0.36552928766962,0.0,0.2124088822164904,0.0091575273300916,0.3271307346149508,0.4171356464870704,0.0,0.3767593673895238,0.1248272767125739,0.3232755693392067,0.1766606367009598,0.3731595913342446,0.0,0.0,0.0,0.0,0.0,0.3205515670916483,0.0,0.0,0.0280081501763684,0.0201770594563228,0.0,0.0332086588022235,0.0,0.1442785476515323,0.1436354929763802,0.335425300712544,0.0,0.0,0.0,0.0,0.0,0.0,0.0,0.0,0.0,0.0,0.0,0.0,0.0,0.2723067835146111,0.0,0.0,0.2344093578920754
0.0,0.0,0.0,0.0,0.0,0.0,0.0,0.0,0.0,0.0,0.0,0.0203636957184832,0.0,0.0,0.0,0.0,0.0,0.0,0.0,0.0,0.0,0.0,0.0,0.0,0.0,0.0,0.0,0.0,0.0,0.0,0.0,0.0422677813177558,0.1222456570988629,0.0192632735087812,0.0,0.0,0.0,0.2444107702886047,0.0240612030092199,0.1329306081442073,0.0632503310321515,0.0,0.0,0.0,0.0,0.0877137021957469,0.0,0.0,-0.0022042880507497,0.0667614259379494,0.0,0.0259732882469922,0.0,0.0553287679095146,0.0265231324350529,0.0690431081859287,0.0136240431626914,0.0445968726306691,0.0,0.0,0.0,0.0501554473213113,0.0209193659304194,0.0,0.0,0.0,0.0,0.0,0.0466923613549835,0.0515589950473652,0.0307968041341454,0.0,0.1023090426551706,0.0,0.0,0.0297570883726201
0.3480034472400067,0.0,0.0,0.0,0.0,0.0,0.0,0.0,0.0,0.0872086047565064,0.0,0.0,0.0,0.0,0.0524356741138316,0.1713570639796338,0.0,0.0,0.0,0.0,0.1280234180523462,0.1416468579012242,0.0,0.0,0.3242154859485756,0.0,0.0,0.0,0.0,0.0,0.1964617195775707,0.1595998819928325,0.2488829942439531,0.1847594957664327,0.2442237731535848,0.0,0.0,0.0,0.2005876950764041,0.3503475521762252,0.2298119156666757,0.2408952564314979,0.0,0.0,0.0877137021957469,0.0,0.2194879836456811,0.0,0.0,0.0,0.0,0.0,0.0,0.0,0.1732235186350067,0.0,0.0,0.0,0.0205998216617156,0.0,0.4509954715276214,0.2222403104284177,0.315448939663737,0.0,0.0864544089586097,0.3103127588415978,0.3446811193878953,0.0,0.0912983931674084,0.3825590174516727,0.1726407483998476,0.0,0.2008848382637827,0.4047121911275392,0.0,0.4126639766923316
0.2046618550060573,0.3440818134617398,0.0,0.0,0.0,0.0,0.0,0.0,0.0,0.0,0.0,0.0,0.0,0.0,0.0,0.1581078690266901,0.0,0.1954355349308453,0.0,0.0,0.1824040519651982,0.1481321276651087,0.1150004138514684,0.2889630803787759,0.4053405249832518,0.2898776285600722,0.0607527493260398,0.0,0.2165014832413663,0.0,0.1306586037554871,0.1836771053105499,0.1677947099940976,0.0531295079862888,0.1705339907922806,0.0,0.0,0.0,0.179712103868242,0.169933334717104,0.0540996089918441,0.0824305190194206,0.0,0.0,0.0,0.2194879836456811,0.0,0.0,0.0,0.0,0.2484542535472777,0.2027914753118436,0.0834272388616348,0.0,0.380179755171185,0.0,0.0,0.2528585239787477,0.0,0.0,0.2193290575221365,0.3277906240822338,0.3838786958265116,0.0,0.0,0.1926024034907814,0.2117279187964476,0.069834905215207,0.0,0.416564405473131,0.446745622019398,0.0425570535236348,0.1435563802448351,0.2208841236836356,0.0,0.2429546115598425
0.0,0.0,0.4325772238205753,0.0,0.3676485103064129,0.3566362066326468,0.0,0.3201411338864667,0.5134540625497835,0.0,0.4643809123260874,0.0,0.3452093423515797,0.0498541476042117,0.0,0.0,0.0,0.0,0.3812047960423816,0.0,0.0,0.0,0.3478253538978441,0.0,0.0,0.0,0.4358008405726544,0.0078663124413351,0.0,0.0,0.0,0.0,0.0,0.0,0.0,0.055677050778755,0.0,0.0,0.0,0.0,0.0,0.0,0.0917082309940515,0.0,0.0,0.0,0.0,0.0,0.0,0.4674559283309248,0.3173889697420429,0.2103257282898829,0.3546334601936348,0.5217302078315639,0.0246421553158047,0.4923519559451707,0.0,0.2145980837639688,0.0,0.0,0.0,0.0,0.0,0.3936928050723146,0.0,0.0161206263056208,0.0,0.3709751672055249,0.0,0.0,0.166643258091434,0.452043225524253,0.0,0.0050995766670438,0.0574378303659255,0.0
0.0,0.0,0.0,0.0,0.0,0.0,0.0,0.0,0.0,0.0,0.0,0.0,0.0,0.0,0.0,0.0,0.0,0.0,0.0,0.0,0.0,0.0,0.0,0.0,0.0,0.0,0.0,0.0,0.0,0.0,0.0,0.0,0.0,0.0,0.0,0.0,0.0,0.0,0.3249612235640629,0.0,0.2618786784202751,0.051890765956492,0.3139125661277258,0.3205515670916483,-0.0022042880507497,0.0,0.0,0.0,0.0,0.0,0.0,0.0,0.0,0.0,0.1152628871796709,0.0,0.0,0.1867293721711717,0.3293784372509447,0.0,0.0,0.0,0.0,0.0,0.0,0.0,0.0,0.0,0.0,0.0,0.0,0.0,0.4081863238110302,0.0,0.0,0.1729949429330394
0.0,0.0,0.4368933593090133,0.0,0.0,0.282757439128536,0.0,0.2146890352360542,0.4482354734056585,0.0,0.4918709538140087,0.0,0.0,0.0,0.0,0.0,0.0,0.0,0.3002094219959292,0.0,0.0,0.0,0.2766542129511147,0.0,0.0,0.0,0.3596492015606449,0.0,0.0,0.0,0.0,0.0,0.0,0.0,0.0,0.048311572517625,0.0,0.0,0.0,0.036409298047167,0.0,0.0,0.112449347154329,0.0,0.0667614259379494,0.0,0.0,0.4674559283309248,0.0,0.0,0.2573976940733876,0.3160675514386716,0.2909017448525518,0.4495241201195557,0.15428145333654,0.5399571741977862,0.2078057631245921,0.2272143938093199,0.0,0.0,0.0,0.0,0.0,0.2765181921281911,0.0,0.0,0.135247998164783,0.292753242773751,0.0,0.0801067639806703,0.0,0.3692137377610229,0.0,0.1584307457724556,0.0,0.0
0.0,0.3737984313136127,0.1404485643583609,0.0,0.136170102551795,0.5133801728843476,0.2675098417271287,0.5094218198801476,0.3418008692143986,0.0,0.2942602240428926,0.0,0.349175025785126,0.0,0.2001493119255502,0.0,0.0,0.0,0.3467833794201083,0.3331886818238823,0.2517528397469329,0.2236383554532194,0.5160772350786035,0.0,0.0,0.4205455406782508,0.3406556668000817,0.0,0.2028750629919224,0.1699511851725342,0.0,0.0,0.0,0.0,0.0,0.1161052562624159,0.0,0.0,0.0,0.0,0.0,0.0,0.0850495168462171,0.0,0.0,0.0,0.2484542535472777,0.3173889697420429,0.0,0.2573976940733876,0.0,0.1617165428933942,0.5098757741097092,0.4126175652521252,0.0555799154969434,0.2823358670492298,0.4427167220836385,0.3739317848757424,0.0,0.2882965277663334,0.0,0.1402133772969485,0.1366820661357018,0.3188007828585064,0.1815631749183805,0.0689161122761432,0.0,0.5721405004952143,0.0,0.0285194025814219,0.4847548600817523,0.3034190489843551,0.0,0.0,0.0,0.0
0.0,0.0,0.200012756366138,0.0,0.0,0.1842549321735186,0.0,0.0928035979904304,0.2007006647305019,0.0,0.2653772124914504,0.0,0.0,0.0,0.0,0.0,0.0,0.0,0.1827500825895355,0.0,0.0,0.0,0.1420659521184653,0.0,0.0,0.0,0.2448248357756939,0.0,0.0,0.0,0.0,0.0324431181189739,0.0,0.0,0.0,0.0389723885835312,0.0,0.0,0.0307177582458221,0.0588790104111777,0.0,0.0,0.0553677620712684,0.0280081501763684,0.0259732882469922,0.0,0.2027914753118436,0.2103257282898829,0.0,0.3160675514386716,0.1617165428933942,0.0,0.1121557051799186,0.183395812734029,0.2267785360701979,0.2757785351732945,0.1475920411136801,0.1493534159425965,0.0284021318670994,0.0,0.0,0.1126811748691263,0.0462903783551788,0.2131215623355762,0.140402649835297,0.0,0.0663613128030345,0.1560033966710279,0.1032337477388106,0.1314237277814517,0.1212769692525987,0.2502387547355673,0.0267797421428352,0.149655245024215,0.0,0.0
