0.0,0.269195791797506,0.0,0.0,0.0,0.0399618148699604,0.0,0.0150108309926646,0.0,0.2981754562944544,0.0,0.0,0.0,0.0,0.2613356159913984,0.4641710993988062,0.380439679533987,0.3722268578658605,0.0,0.1433770253813001,0.3747143130562369,0.3858303716772858,0.0,0.2725137838674558,0.5192044445689663,0.3299382364542074,0.2598093276620959,0.0,0.3688737142778576,0.0,0.0634067704693772,0.0,0.2355198172278965,0.0,0.3085243766895578,0.0,0.0,0.0,0.0,0.2875989720124032,0.0,0.0,0.0,0.0,0.0,0.523311435628083,0.3077610006767023,0.0,0.0,0.0,0.0,0.0,0.0,0.0,0.204490615639222,0.0,0.0,0.0,0.0,0.0,0.2195481302430907,0.0,0.3536081485978196,0.0,0.0,0.4873707379494578,0.3725507376163114,0.0,0.2336512905725028,0.449166625715757,0.4231767303324241,0.0,0.0,0.0,0.0,0.0
0.269195791797506,0.0,0.0,0.0,0.2411652846538328,0.7783412454191516,0.6406387301987662,0.6441688112717374,0.3091904953515496,0.0,0.0,0.0,0.6456223145124493,0.0,0.0,0.3551210839174044,0.0,0.6303166797019568,0.0,0.3328063004114601,0.2380663828776964,0.3483037239666905,0.6327559121013121,0.0,0.3879932005142723,0.887002100652304,0.386974908901193,0.0,0.2374080208856014,0.0,0.0,0.0,0.0459150475707198,0.0,0.0516740370747257,0.0,0.0,0.0,0.0,0.0,0.0,0.0,0.0,0.0,0.0,0.0,0.5174142647270802,0.0,0.0,0.0,0.0,0.0,0.0,0.0,0.0,0.0,0.0,0.0,0.0,0.1953022074314231,0.0,0.0,0.1656811532631036,0.0,0.1251071528714246,0.0,0.0,0.3925479972066517,0.0,0.1080882901348351,0.5144752203498808,0.2168546326770227,0.0,0.0,0.0,0.0
0.0,0.0,0.0,0.0,0.5747217784632099,0.2653881213924287,0.1697110313917144,0.2416227043146484,0.6421580511521974,0.2658449955872949,0.7606987614649627,0.0,0.4460502434016419,0.1725087846703677,0.0,0.0,0.0,0.0,0.4222939737293171,0.0,0.0,0.0,0.1918201472280279,0.0,0.0,0.0,0.5055037641299716,0.0,0.0,0.1185718161201196,0.0,0.0,0.0,0.0,0.0,0.0,0.0,0.0,0.0,0.0,0.0,0.0,0.0,0.0,0.0,0.0,0.0,0.6504895563906125,0.0,0.65697996065739,0.2112000338766404,0.0,0.1858527283821946,0.641618440802065,0.0,0.7296662530391322,0.0,0.0,0.0,0.0,0.0,0.0,0.0,0.3189809004520764,0.0,0.0,0.0,0.2253409712179107,0.0,0.0,0.0,0.4790517348303338,0.0,0.0,0.0,0.0
0.0,0.0,0.0,0.0,0.0835902934495226,0.0,0.081248396682729,0.0,0.0,0.0,0.0,0.0,0.0,0.2730799450221491,0.0,0.0,0.0,0.0,0.0,0.0,0.0,0.0,0.0,0.0,0.0,0.0,0.0,0.3194720719238345,0.0,0.0,0.0,0.5201686770609861,0.0,0.3207779477640219,0.0404978149584695,0.4062144860067627,0.4963141403854407,0.0,0.0,0.0,0.0,0.0,0.0,0.0,0.0,0.0,0.0,0.0,0.0,0.0,0.0,0.0,0.0,0.0,0.0,0.0,0.0,0.0,0.0,0.0,0.0,0.0,0.0,0.0,0.0,0.0,0.0,0.0,0.0,0.0,0.0,0.0,0.0,0.0,0.0,0.0
0.0,0.2411652846538328,0.5747217784632099,0.0835902934495226,0.0,0.4094296141977759,0.3248387465860036,0.2300648637185161,0.6378005062606822,0.2563564056266551,0.617466613102691,0.3141690579208576,0.4509449032232326,0.4668185432356821,0.0,0.0,0.0,0.0,0.4001361508098823,0.4548882709656768,0.0,0.3057281469939515,0.3919164342181924,0.0,0.0579953812937271,0.0,0.524405481798365,0.1186650484512718,0.3340209816257355,0.0,0.0517783491642754,0.044193474839625,0.1217010282386081,0.0,0.0,0.1525689966537446,0.0,0.153878698080916,0.0,0.0,0.0,0.0,0.2274792282797047,0.0,0.0,0.0,0.0,0.5528527698815772,0.0,0.0,0.0,0.0,0.2860084560909127,0.4790206772963801,0.0,0.5928072543659914,0.0,0.0,0.0,0.0,0.0,0.0,0.0,0.0,0.0,0.0,0.0,0.2821232551410398,0.0,0.0,0.0,0.4857302066208271,0.0,0.0,0.0,0.0
0.0399618148699604,0.7783412454191516,0.2653881213924287,0.0,0.4094296141977759,0.0,0.5271228563263812,0.8305987387956439,0.609853691520247,0.4681318117577271,0.4844301935396984,0.0,0.8439333999775597,0.1085065375872873,0.2072388520514647,0.1411383802963133,0.0,0.4661383514672783,0.5872451467544175,0.5974874177407199,0.2194314250333041,0.36042426127173,0.921026851296374,0.0,0.0,0.7997694452346139,0.5891643001972355,0.0406960742489468,0.2586652290482339,0.0866368582747219,0.0,0.0,0.0,0.0,0.0,0.2656268103784226,0.0,0.0,0.0,0.0,0.0,0.0,0.3044748457527649,0.0,0.0,0.0,0.0,0.5362929786186,0.0,0.0,0.7719972817103068,0.277074017059318,0.7528129768030591,0.5975585920027126,0.0,0.5356630865771254,0.0,0.48403334155227,0.0,0.4039350240398989,0.0,0.0,0.0,0.5515479878067795,0.3101003015269061,0.0,0.0,0.7315238372060465,0.0,0.0,0.0,0.4402912382868796,0.0,0.0,0.0,0.0
0.0,0.6406387301987662,0.1697110313917144,0.081248396682729,0.3248387465860036,0.5271228563263812,0.0,0.4496295327468818,0.2410090904011303,0.703111787580832,0.3528183339793352,0.4529158865758131,0.4575819437508776,0.0711309188342694,0.0,0.1479680364166,0.4582672031134669,0.356321899439864,0.2234609246869802,0.2943532676829017,0.0,0.1555420340848525,0.4479383934833074,0.4087458873579049,0.286308809404752,0.5161003896182722,0.3012910789848073,0.036561660141824,0.401307860744557,0.0,0.0,0.0,0.0,0.0,0.0,0.2087870871931171,0.0,0.0,0.0,0.0,0.0,0.0,0.0,0.0,0.0,0.0,0.0,0.0,0.0,0.0,0.402268886785819,0.0,0.0,0.0,0.0,0.0,0.0,0.0,0.0,0.0,0.0,0.0,0.0,0.0,0.0,0.0,0.0,0.3543900093016158,0.0,0.0,0.0,0.246586741622969,0.0,0.0,0.0,0.0
0.0150108309926646,0.6441688112717374,0.2416227043146484,0.0,0.2300648637185161,0.8305987387956439,0.4496295327468818,0.0,0.491113187549877,0.3293045177127411,0.3944428840174258,0.0,0.6502445065430381,0.1538155999666244,0.228929561822849,0.0,0.0,0.3014322181153244,0.4944135422147435,0.4839039664778232,0.2832036746746743,0.261969828005303,0.8871266705530461,0.5614255089039736,0.0,0.7074555331147899,0.4141227991547305,0.0,0.1221337992914374,0.1474193343221804,0.0,0.0,0.0,0.0,0.0,0.3025485166132596,0.0,0.0,0.0,0.0,0.0,0.0,0.3201844848012295,0.0,0.0,0.0,0.0,0.4814133816961496,0.0,0.322839409017417,0.7660448941412205,0.1395537443119917,0.807544350461078,0.5622969045796483,0.0,0.4288461946058382,0.0,0.41055218638404,0.0,0.4140767384234936,0.0,0.0,0.0,0.4894388388143521,0.2053829487642106,0.0,0.0,0.8218495216000165,0.0,0.0,0.0,0.3077660313764854,0.0,0.0,0.0,0.0
0.0,0.3091904953515496,0.6421580511521974,0.0,0.6378005062606822,0.609853691520247,0.2410090904011303,0.491113187549877,0.0,0.2688853533710764,0.7267433943681143,0.445464990422692,0.612422176450548,0.0084499388965771,0.0,0.082322260723314,0.0,0.0,0.5378814905796735,0.7473895128765033,0.0,0.4842757762827612,0.5391013250681108,0.0,0.0,0.0,0.8629940664125504,0.0859793945425888,0.4870784892512225,0.1361542346857036,0.0,0.0,0.0,0.0,0.0,0.0,0.0,0.1487006930096791,0.0,0.0,0.0,0.0,0.0,0.0,0.0,0.0,0.0,0.7721083935605029,0.0,0.0,0.5139842866101091,0.0,0.5063806218635718,0.9015242751464332,0.0,0.7051101936459913,0.0,0.0,0.0,0.0,0.0,0.0,0.0,0.5058686368700354,0.0,0.0,0.0,0.5559943618092268,0.0,0.0,0.0,0.8231385270772562,0.0,0.0,0.0,0.0
0.2981754562944544,0.0,0.2658449955872949,0.0,0.2563564056266551,0.4681318117577271,0.703111787580832,0.3293045177127411,0.2688853533710764,0.0,0.5347732064415601,0.4878973522328892,0.3655768005609154,0.0390153769258758,0.0,0.3263669483555136,0.6586399100975483,0.445487510574276,0.3508152470479381,0.0,0.0,0.2841940624212453,0.3513230465492707,0.5546260785638943,0.5877427105353767,0.5884300876476218,0.3540141536894308,0.0,0.0,0.0,0.0,0.0,0.0,0.0,0.109984428640793,0.0285364969677186,0.0,0.0,0.0,0.0473740878177546,0.0,0.0,0.0,0.0,0.0,0.0,0.0,0.0,0.0,0.0,0.0,0.0,0.0,0.0,0.5509390054265416,0.0,0.3657181786806603,0.0,0.0,0.0,0.0,0.5295608818914805,0.3859151579499922,0.0,0.0,0.0,0.0,0.0,0.4071296764324938,0.4574667409306399,0.6162451343621068,0.0,0.0,0.0,0.0,0.0301267049804053
0.0,0.0,0.7606987614649627,0.0,0.617466613102691,0.4844301935396984,0.3528183339793352,0.3944428840174258,0.7267433943681143,0.5347732064415601,0.0,0.3805390889645801,0.4713205654814288,0.2186781762287379,0.0,0.0,0.0,0.0,0.6633625276456288,0.0,0.0,0.0,0.4249415583164495,0.0,0.0,0.0,0.6529391623207695,0.0,0.0,0.0,0.0,0.0,0.1019761426605645,0.0,0.0,0.0,0.0,0.0949179089336421,0.0,0.0,0.0,0.0,0.0,0.0,0.0,0.0,0.0,0.6983144673852716,0.0,0.7396527161601414,0.4424948704198488,0.3990619379011559,0.4249504778897612,0.7455175908130591,0.0,0.9054030747780552,0.0,0.2995103662984931,0.0,0.0,0.0,0.0,0.0,0.564106922301247,0.0,0.0,0.0,0.461128959269275,0.0,0.0,0.0,0.5405869365814417,0.0,0.0,0.0,0.0
0.0,0.0,0.0,0.0,0.3141690579208576,0.0,0.4529158865758131,0.0,0.445464990422692,0.4878973522328892,0.3805390889645801,0.0,0.6679087827999033,0.0,0.0,0.0,0.4393226111262159,0.3068739657157192,0.0,0.0,0.0,0.0,0.0,0.6777144122651719,0.0,0.7140149791081284,0.0,0.0,0.0,0.0,0.0,0.0,0.0,0.0,0.0,0.3689080225188005,0.0,0.0364153807842762,0.0,0.0,0.0,0.0,0.0,0.0,0.0306219806891265,0.0,0.0,0.0,0.0,0.0,0.0,0.0,0.0,0.0,0.0413333376070876,0.0,0.8105293580199845,0.0,0.0,0.0,0.0,0.1804619991273677,0.0,0.0,0.0,0.0,0.0,0.0,0.4096874758898976,0.0,0.4434194575228677,0.0,0.0,0.0,0.0,0.0
0.0,0.6456223145124493,0.4460502434016419,0.0,0.4509449032232326,0.8439333999775597,0.4575819437508776,0.6502445065430381,0.612422176450548,0.3655768005609154,0.4713205654814288,0.6679087827999033,0.0,0.0105010235828137,0.2887315048145173,0.3685558048215829,0.4161001926299825,0.6393773378417317,0.4920048161503999,0.6664470158255562,0.2231578517037264,0.4504746906757526,0.645467644994333,0.4059632360868441,0.0399714461655156,0.7430277176278444,0.5215967403090455,0.3181486590208372,0.2469263691245448,0.1247053603247737,0.0,0.0,0.0,0.0,0.0,0.1432645628213171,0.0,0.0,0.0,0.0,0.0,0.0,0.2307590155280807,0.0,0.0,0.0,0.0,0.5191097903511335,0.0,0.0,0.5250732010797184,0.0,0.5558309831414385,0.0,0.0,0.0,0.0,0.0,0.0,0.0,0.0,0.0,0.0,0.0,0.0,0.0,0.0,0.4777155907632085,0.0,0.0,0.0,0.3790341647542595,0.0,0.0,0.0,0.0
0.0,0.0,0.1725087846703677,0.2730799450221491,0.4668185432356821,0.1085065375872873,0.0711309188342694,0.1538155999666244,0.0084499388965771,0.0390153769258758,0.2186781762287379,0.0,0.0105010235828137,0.0,0.0,0.0,0.0,0.0,0.1792899803017587,0.0,0.0,0.0,0.2746444047707057,0.0,0.0,0.0,0.0,0.0,0.0,0.0,0.396448205991285,0.2506640273273026,0.0,0.2278024009761422,0.0,0.3354861853439383,0.0785554779853916,0.0,0.0,0.0,0.0,0.0,0.3664930660026197,0.0,0.0,0.0,0.0,0.0749683537955918,0.0,0.0,0.0,0.0,0.0,0.0,0.0,0.2493490696142502,0.0,0.0,0.0,0.0,0.0,0.0,0.0,0.0,0.0,0.0,0.0,0.1912791775361027,0.0,0.0,0.0,0.0,0.0,0.0,0.0,0.0
0.2613356159913984,0.0,0.0,0.0,0.0,0.2072388520514647,0.0,0.228929561822849,0.0,0.0,0.0,0.0,0.2887315048145173,0.0,0.0,0.2270370047290199,0.0,0.1679820765853679,0.0,0.5901509436478517,0.4715979969133583,0.5776813326682946,0.2166305123691267,0.0,0.0358567934024272,0.0986876731347384,0.4083841898393217,0.1220240202673109,0.5175116382205821,0.0,0.0278966966195135,0.0,0.0,0.0,0.0,0.0,0.0,0.0,0.0,0.0,0.0,0.0,0.0,0.0,0.0,0.0,0.0,0.0,0.0,0.0,0.3009752477868318,0.0,0.25928683599857,0.0,0.0,0.0,0.0,0.0,0.0,0.6287749742626328,0.0534994748399956,0.0,0.0,0.0,0.4237037159203225,0.3753881820716283,0.3152355836604847,0.3427770181098458,0.0,0.0,0.2139966712862673,0.3290059402978695,0.0,0.2412070077596445,0.0,0.0
0.4641710993988062,0.3551210839174044,0.0,0.0,0.0,0.1411383802963133,0.1479680364166,0.0,0.082322260723314,0.3263669483555136,0.0,0.0,0.3685558048215829,0.0,0.2270370047290199,0.0,0.4256989697110867,0.6995965071438279,0.0,0.1841399046178502,0.3496385295691276,0.5067928390793882,0.0,0.0628659088942424,0.5197095154430956,0.4197183838650274,0.1274857792886463,0.0,0.3851504335626146,0.0,0.2475388645238628,0.0,0.2383090716955919,0.1426340887376001,0.0125915755233344,0.0,0.0,0.0,0.0,0.2322148624993238,0.0,0.0,0.0,0.0,0.0,0.257678801366444,0.2377552767958395,0.0,0.0,0.0,0.0,0.0,0.0,0.0,0.0,0.0,0.0,0.0,0.0,0.2213951712934259,0.3626255809474272,0.0,0.4672645430739928,0.0,0.2333164090345288,0.4279100427381976,0.3657525426686855,0.0,0.0,0.3523360313549605,0.2387141982610925,0.0,0.0,0.0,0.0,0.2055485972247796
0.380439679533987,0.0,0.0,0.0,0.0,0.0,0.4582672031134669,0.0,0.0,0.6586399100975483,0.0,0.4393226111262159,0.4161001926299825,0.0,0.0,0.4256989697110867,0.0,0.7059845605497006,0.0,0.2268436265334249,0.0,0.3427668097633317,0.0,0.4974663044354036,0.5623368532730173,0.6621111560758336,0.0,0.0,0.0,0.0,0.0,0.0,0.068566557112955,0.0,0.2074831528223993,0.0,0.0,0.0,0.0,0.1192706543186595,0.0,0.0,0.0,0.0,0.0,0.0,0.0,0.0,0.0,0.0,0.0,0.0,0.0,0.0,0.2112344017488241,0.0,0.256650417346958,0.0,0.0,0.0,0.0,0.3905807814283594,0.3903535569732457,0.0,0.0,0.0,0.0,0.0,0.3013172374229889,0.2565980069229405,0.5181059780183376,0.0,0.0,0.0,0.0,0.0
0.3722268578658605,0.6303166797019568,0.0,0.0,0.0,0.4661383514672783,0.356321899439864,0.3014322181153244,0.0,0.445487510574276,0.0,0.3068739657157192,0.6393773378417317,0.0,0.1679820765853679,0.6995965071438279,0.7059845605497006,0.0,0.0,0.3588372174913384,0.3036916843380159,0.5069344959488392,0.1463848431844858,0.2273046002634927,0.5259461386755783,0.7121728782951586,0.2605349418425591,0.1326439830891258,0.2248418436175673,0.0,0.0,0.0,0.0907451739056359,0.0,0.0447881388107506,0.0,0.0,0.0,0.0,0.1065454406869905,0.0,0.0,0.0,0.0,0.0,0.0,0.2938868886746062,0.0,0.0,0.0,0.0,0.0,0.0,0.0,0.0705904126790818,0.0,0.081921004107882,0.0,0.0,0.0,0.0807181581618948,0.3418801585678756,0.5002002736385512,0.0,0.0,0.0,0.2912703931843473,0.0,0.1151751936133003,0.2128067946686745,0.3679387265719356,0.0,0.0,0.0,0.0,0.0
0.0,0.0,0.4222939737293171,0.0,0.4001361508098823,0.5872451467544175,0.2234609246869802,0.4944135422147435,0.5378814905796735,0.3508152470479381,0.6633625276456288,0.0,0.4920048161503999,0.1792899803017587,0.0,0.0,0.0,0.0,0.0,0.0,0.0,0.0,0.5395527490447637,0.0,0.0,0.0,0.5447888667976507,0.0,0.0,0.0,0.0193459158545965,0.0,0.0,0.0,0.0,0.1105384723655519,0.0,0.0,0.0,0.0,0.0,0.0,0.1308240807975635,0.0,0.0,0.0,0.0,0.573238083321825,0.0,0.0,0.5214767542550726,0.0,0.5320096185894787,0.5034960586793761,0.0,0.5885432441570785,0.0,0.0,0.0,0.0,0.0,0.0,0.0,0.8472088701127649,0.0,0.0,0.0,0.5255607252612601,0.0,0.0,0.0,0.3276064928939425,0.0,0.0,0.0,0.0
0.1433770253813001,0.3328063004114601,0.0,0.0,0.4548882709656768,0.5974874177407199,0.2943532676829017,0.4839039664778232,0.7473895128765033,0.0,0.0,0.0,0.6664470158255562,0.0,0.5901509436478517,0.1841399046178502,0.2268436265334249,0.3588372174913384,0.0,0.0,0.3254630581961115,0.7242119621017894,0.535533858832947,0.0,0.0,0.420983259499164,0.6908473764636486,0.2817924980968045,0.4834416386483707,0.3951931698288685,0.0,0.0,0.0,0.0,0.0,0.0854510482636772,0.0,0.0,0.0,0.0,0.0,0.0,0.0,0.0,0.0,0.0,0.0,0.0,0.0,0.0,0.5010336788417875,0.0,0.5292740954919548,0.0,0.0,0.0,0.0,0.0,0.0,0.6325428899064258,0.0,0.0,0.0,0.0,0.6747766731938937,0.144172252883248,0.3044264404798003,0.529011734183707,0.0,0.0,0.282054071429877,0.5441711362193772,0.0,0.0,0.0,0.0
0.3747143130562369,0.2380663828776964,0.0,0.0,0.0,0.2194314250333041,0.0,0.2832036746746743,0.0,0.0,0.0,0.0,0.2231578517037264,0.0,0.4715979969133583,0.3496385295691276,0.0,0.3036916843380159,0.0,0.3254630581961115,0.0,0.4140290491612193,0.1566542472343228,0.1502514480258006,0.2761433174562275,0.3223157682918486,0.2903781269713004,0.0,0.5575000938931547,0.1521019832733084,0.1328440469576642,0.0,0.0,0.0,0.0,0.0,0.0,0.0,0.0,0.0,0.0,0.0,0.0,0.0,0.0,0.1925156754231302,0.2742907492880544,0.0,0.0,0.0,0.3785742383768798,0.0,0.3063837900273488,0.0,0.0,0.0,0.0,0.0,0.0,0.4310622800066978,0.0774849793077524,0.0,0.0,0.0,0.1918343074380033,0.6552954434612219,0.2028719935827236,0.3453422887695415,0.0,0.3230149772644895,0.477147488599598,0.1527951732086608,0.0,0.2637193357954155,0.0,0.0
0.3858303716772858,0.3483037239666905,0.0,0.0,0.3057281469939515,0.36042426127173,0.1555420340848525,0.261969828005303,0.4842757762827612,0.2841940624212453,0.0,0.0,0.4504746906757526,0.0,0.5776813326682946,0.5067928390793882,0.3427668097633317,0.5069344959488392,0.0,0.7242119621017894,0.4140290491612193,0.0,0.2500442777492519,0.0,0.2767969057583242,0.4122769880009568,0.6067344591811253,0.2317926512563815,0.5450639457355805,0.2417105944974284,0.0,0.0,0.0800385296436153,0.0,0.0,0.0,0.0,0.0,0.0,0.0984886367345235,0.0,0.0,0.0,0.0,0.0,0.2130019721022328,0.2227542198385408,0.0,0.0,0.0,0.336296981486549,0.0,0.0,0.0,0.0,0.0,0.0,0.0,0.0,0.534997372235955,0.0561854329209632,0.0,0.2981993576914437,0.0,0.4969074882822027,0.4077769170560179,0.5097555461590036,0.2491079622426193,0.0,0.1896113047865149,0.4079336206108856,0.375081897780369,0.0,0.1900520130896871,0.0,0.0
0.0,0.6327559121013121,0.1918201472280279,0.0,0.3919164342181924,0.921026851296374,0.4479383934833074,0.8871266705530461,0.5391013250681108,0.3513230465492707,0.4249415583164495,0.0,0.645467644994333,0.2746444047707057,0.2166305123691267,0.0,0.0,0.1463848431844858,0.5395527490447637,0.535533858832947,0.1566542472343228,0.2500442777492519,0.0,0.5984837489926356,0.0,0.6511002790868147,0.5008071950683157,0.0,0.1994312649018577,0.1361074757391965,0.0,0.0,0.0,0.0,0.0,0.4146061906372021,0.0,0.0,0.0,0.0,0.0,0.0,0.4182774655247173,0.0,0.0,0.0,0.1729322860096001,0.5230436271241672,0.0,0.4160197679080969,0.776052998686814,0.2136321865389782,0.899282629679216,0.5205261341209636,0.0,0.4822468054277316,0.0,0.5163472783311284,0.0,0.3666498498448755,0.0,0.0,0.0,0.5451278189286399,0.254675907477723,0.0,0.0,0.9003216195300356,0.0,0.0,0.4373724961522013,0.3883825420980585,0.0,0.0,0.0,0.0
0.2725137838674558,0.0,0.0,0.0,0.0,0.0,0.4087458873579049,0.5614255089039736,0.0,0.5546260785638943,0.0,0.6777144122651719,0.4059632360868441,0.0,0.0,0.0628659088942424,0.4974663044354036,0.2273046002634927,0.0,0.0,0.1502514480258006,0.0,0.5984837489926356,0.0,0.2134961678933523,0.7625558492471389,0.2058236200351488,0.0,0.0,0.0,0.0,0.0785443741585244,0.0,0.0,0.1288706313275574,0.2684960450355801,0.0,0.0,0.1212330838871998,0.0,0.0,0.0,0.0,0.0,0.0,0.0,0.0,0.0,0.0,0.0,0.0,0.0,0.0,0.0,0.2315168432038083,0.0,0.621061389596699,0.0,0.0,0.0,0.0,0.3684342581847866,0.0989784248667229,0.0,0.0,0.0,0.0,0.0,0.6792329139616176,0.0,0.6123034129159465,0.0,0.0,0.0,0.0,0.0
0.5192044445689663,0.3879932005142723,0.0,0.0,0.0579953812937271,0.0,0.286308809404752,0.0,0.0,0.5877427105353767,0.0,0.0,0.0399714461655156,0.0,0.0358567934024272,0.5197095154430956,0.5623368532730173,0.5259461386755783,0.0,0.0,0.2761433174562275,0.2767969057583242,0.0,0.2134961678933523,0.0,0.3092174529143804,0.2116172700841704,0.0,0.4589160108857002,0.0,0.0,0.0411365982081642,0.3350359164896284,0.0309775239353221,0.3480248424645124,0.0,0.0,0.0,0.0658795480208156,0.3939638257735245,0.0734302928171055,0.1889687335240954,0.0,0.0,0.0,0.4875402032658394,0.6095322725379053,0.0,0.0,0.0,0.0,0.0,0.0,0.0,0.4478337316941346,0.0,0.0,0.0,0.0,0.0,0.5145400017990888,0.4500596335725543,0.6593188792650163,0.0,0.1518585537943609,0.3694466834032162,0.4502429935841711,0.0,0.2319182879806416,0.7932837860959145,0.4780957757872829,0.0,0.0,0.0,0.0,0.4300646354983872
0.3299382364542074,0.887002100652304,0.0,0.0,0.0,0.7997694452346139,0.5161003896182722,0.7074555331147899,0.0,0.5884300876476218,0.0,0.7140149791081284,0.7430277176278444,0.0,0.0986876731347384,0.4197183838650274,0.6621111560758336,0.7121728782951586,0.0,0.420983259499164,0.3223157682918486,0.4122769880009568,0.6511002790868147,0.7625558492471389,0.3092174529143804,0.0,0.3883099636918005,0.0,0.1804483309105022,0.0,0.0,0.0,0.0373984065626411,0.0,0.047602538746391,0.1596823674314934,0.0,0.0,0.0,0.0,0.0,0.0,0.0,0.0,0.0,0.0,0.4359045266974485,0.0,0.0,0.0,0.0,0.0,0.0,0.0,0.1515249554685729,0.0,0.5555297067314547,0.0,0.0,0.2701003471400905,0.0,0.3201300458003412,0.1850113152350145,0.0,0.2053107397557883,0.0,0.0,0.4741274822238871,0.5130978925550255,0.0291345708510779,0.6500911100918637,0.2020505907161634,0.0,0.0,0.0,0.0
0.2598093276620959,0.386974908901193,0.5055037641299716,0.0,0.524405481798365,0.5891643001972355,0.3012910789848073,0.4141227991547305,0.8629940664125504,0.3540141536894308,0.6529391623207695,0.0,0.5215967403090455,0.0,0.4083841898393217,0.1274857792886463,0.0,0.2605349418425591,0.5447888667976507,0.6908473764636486,0.2903781269713004,0.6067344591811253,0.5008071950683157,0.2058236200351488,0.2116172700841704,0.3883099636918005,0.0,0.0426249263067979,0.5982000379180826,0.1388922747151399,0.0,0.0,0.0,0.0,0.0,0.0,0.0,0.0,0.0,0.0,0.0,0.0,0.0,0.0,0.0,0.0,0.0913571653393325,0.6553370816775727,0.0,0.0,0.5122621843600484,0.368156227483655,0.428514009761448,0.7715718525234303,0.0,0.6036259917845979,0.0,0.1653725495227503,0.0,0.4894567647091422,0.0,0.0,0.0,0.4993396826788784,0.5687951008010682,0.1416642749567236,0.228755162357036,0.5223039580930932,0.0,0.0,0.3255320013849856,0.8072253825805016,0.0,0.203517036853433,0.0,0.0
0.0,0.0,0.0,0.3194720719238345,0.1186650484512718,0.0406960742489468,0.036561660141824,0.0,0.0859793945425888,0.0,0.0,0.0,0.3181486590208372,0.0,0.1220240202673109,0.0,0.0,0.1326439830891258,0.0,0.2817924980968045,0.0,0.2317926512563815,0.0,0.0,0.0,0.0,0.0426249263067979,0.0,0.0,0.3136318155554144,0.1829718749596307,0.3324806796567474,0.1375883395146416,0.1476593430405096,0.0814789157385959,0.1651484216110265,0.3441946900565868,0.1267117382668592,0.2329984183142079,0.0,0.1577769184483129,0.2114323679908821,0.2699743425904225,0.0,0.0,0.0,0.0,0.0,0.0,0.0,0.0,0.0,0.0,0.0,0.0,0.0,0.0,0.0,0.0,0.0194016778293885,0.0,0.0,0.0,0.0,0.1874793785307819,0.0,0.0,0.0,0.0,0.0,0.0,0.0,0.6097530710423539,0.0,0.0,0.1035699195358921
0.3688737142778576,0.2374080208856014,0.0,0.0,0.3340209816257355,0.2586652290482339,0.401307860744557,0.1221337992914374,0.4870784892512225,0.0,0.0,0.0,0.2469263691245448,0.0,0.5175116382205821,0.3851504335626146,0.0,0.2248418436175673,0.0,0.4834416386483707,0.5575000938931547,0.5450639457355805,0.1994312649018577,0.0,0.4589160108857002,0.1804483309105022,0.5982000379180826,0.0,0.0,0.1122991308722499,0.0923157455498368,0.0,0.0526326261594222,0.0,0.0,0.0,0.0,0.0,0.0,0.0,0.0,0.0,0.0,0.0,0.0,0.0,0.3255648842251583,0.0,0.0,0.0,0.3050741057579836,0.0,0.2281498298144218,0.0,0.0,0.0,0.0,0.1460242581956584,0.0,0.4494956994360162,0.0,0.0,0.0,0.0,0.4906273724398921,0.5842261187016845,0.4378744112912999,0.3244014761668176,0.0,0.0,0.4580008465014161,0.4732232281982955,0.0,0.6126544897657175,0.0,0.0
0.0,0.0,0.1185718161201196,0.0,0.0,0.0866368582747219,0.0,0.1474193343221804,0.1361542346857036,0.0,0.0,0.0,0.1247053603247737,0.0,0.0,0.0,0.0,0.0,0.0,0.3951931698288685,0.1521019832733084,0.2417105944974284,0.1361074757391965,0.0,0.0,0.0,0.1388922747151399,0.3136318155554144,0.1122991308722499,0.0,0.1082829996372904,0.1053573102162261,0.0,0.0,0.0112171005331848,0.0,0.0,0.0,0.0724326763756306,0.0,0.0,0.0,0.0,0.0,0.0,0.0,0.0,0.0,0.0,0.0,0.0,0.0,0.0,0.0,0.0,0.0,0.0,0.0,0.0,0.0,0.0,0.0,0.0,0.0,0.2358030336702722,0.0,0.0,0.218117015156105,0.0,0.0,0.0,0.0712498226465171,0.0,0.0,0.0,0.0
0.0634067704693772,0.0,0.0,0.0,0.0517783491642754,0.0,0.0,0.0,0.0,0.0,0.0,0.0,0.0,0.396448205991285,0.0278966966195135,0.2475388645238628,0.0,0.0,0.0193459158545965,0.0,0.1328440469576642,0.0,0.0,0.0,0.0,0.0,0.0,0.1829718749596307,0.0923157455498368,0.1082829996372904,0.0,0.4695938893869605,0.1847095274486205,0.5387518946440556,0.0,0.2210164200299482,0.3297215014643511,0.224359749324521,0.3590807308433918,0.1072984997517269,0.4339208549378023,0.0,0.0,0.0,0.0,0.2954300175285195,0.1964783454035404,0.0,0.0,0.0,0.0,0.0,0.0,0.0,0.4031928372203577,0.0,0.0,0.0,0.0,0.0,0.4169939056987333,0.0,0.1006797915444082,0.0,0.0,0.2983658184273918,0.1743328992637125,0.0,0.0,0.1006844940293127,0.0,0.0,0.447273993194646,0.1483699413514561,0.0,0.4795988006060404
0.0,0.0,0.0,0.5201686770609861,0.044193474839625,0.0,0.0,0.0,0.0,0.0,0.0,0.0,0.0,0.2506640273273026,0.0,0.0,0.0,0.0,0.0,0.0,0.0,0.0,0.0,0.0785443741585244,0.0411365982081642,0.0,0.0,0.3324806796567474,0.0,0.1053573102162261,0.4695938893869605,0.0,0.2691833354988854,0.4450890135704778,0.1784370164014225,0.2931839408734021,0.5662744900325185,0.0069950632963061,0.825678223785159,0.2726385473929114,0.5515899806676747,0.4177756714454507,0.3098631428014712,0.5496659812182145,0.0635603282025932,0.2399988966607577,0.2762051078355652,0.0,0.0,0.0,0.0,0.0,0.0,0.0,0.1992130139810928,0.0,0.055337238844146,0.2138581862538392,0.0,0.0,0.3266116751203108,0.0,0.1306566039204762,0.0,0.0,0.0,0.1821727843344572,0.0,0.1754653139145046,0.0,0.0,0.0,0.5956914029295071,0.0,0.0,0.6491609900258923
0.2355198172278965,0.0459150475707198,0.0,0.0,0.1217010282386081,0.0,0.0,0.0,0.0,0.0,0.1019761426605645,0.0,0.0,0.0,0.0,0.2383090716955919,0.068566557112955,0.0907451739056359,0.0,0.0,0.0,0.0800385296436153,0.0,0.0,0.3350359164896284,0.0373984065626411,0.0,0.1375883395146416,0.0526326261594222,0.0,0.1847095274486205,0.2691833354988854,0.0,0.463416368885243,0.2379106671956738,0.0,0.1023502707886879,0.0233787224425613,0.2734094437019654,0.6253864734525779,0.4368815348548259,0.2215714930413415,0.0,0.0,0.1838273466055194,0.3742586978783415,0.2523218987461642,0.0,0.0,0.0,0.0,0.0,0.0,0.0,0.2962397558635223,0.0,0.0,0.0,0.0,0.0,0.4138777421776067,0.300752839396119,0.3571801624944269,0.0,0.0218394171499464,0.20036809622714,0.2921323096475434,0.0,0.1049714823035635,0.3657545549355064,0.1917608074973651,0.0,0.0,0.2928476479146711,0.0,0.471385763002246
0.0,0.0,0.0,0.3207779477640219,0.0,0.0,0.0,0.0,0.0,0.0,0.0,0.0,0.0,0.2278024009761422,0.0,0.1426340887376001,0.0,0.0,0.0,0.0,0.0,0.0,0.0,0.0,0.0309775239353221,0.0,0.0,0.1476593430405096,0.0,0.0,0.5387518946440556,0.4450890135704778,0.463416368885243,0.0,0.10150095487208,0.0188413174364986,0.3435079766542572,0.1010961060621921,0.3655093836817737,0.4163395429348162,0.6656687461881039,0.2956679330455689,0.0523742596545475,0.0,0.0289672168328389,0.277832756377183,0.0798936887522941,0.0,0.0,0.0,0.0,0.0,0.0,0.0,0.2857842980233919,0.0,0.0,0.0,0.0,0.0,0.4757215615397833,0.0,0.1351983228466311,0.0,0.0,0.1697126867377717,0.2569289520634948,0.0,0.0,0.1283524436965546,0.0,0.0,0.4237442400127226,0.1640018166645106,0.0,0.58832898948142
0.3085243766895578,0.0516740370747257,0.0,0.0404978149584695,0.0,0.0,0.0,0.0,0.0,0.109984428640793,0.0,0.0,0.0,0.0,0.0,0.0125915755233344,0.2074831528223993,0.0447881388107506,0.0,0.0,0.0,0.0,0.0,0.1288706313275574,0.3480248424645124,0.047602538746391,0.0,0.0814789157385959,0.0,0.0112171005331848,0.0,0.1784370164014225,0.2379106671956738,0.10150095487208,0.0,0.0,0.1468411540618412,0.0,0.1975193358156981,0.3772228491735853,0.145292787917206,0.4617064391204559,0.0,0.0137706646641594,0.0,0.0,0.2564411021001959,0.0,0.0,0.0,0.0,0.0,0.0,0.0,0.0,0.0,0.0,0.0,0.0,0.0,0.2517310690218481,0.0,0.1903697733210838,0.0,0.0269547489418337,0.0,0.1484714822434423,0.0,0.0,0.2646676651782546,0.146287187957509,0.0,0.0,0.2379101899469746,0.0,0.0
0.0,0.0,0.0,0.4062144860067627,0.1525689966537446,0.2656268103784226,0.2087870871931171,0.3025485166132596,0.0,0.0285364969677186,0.0,0.3689080225188005,0.1432645628213171,0.3354861853439383,0.0,0.0,0.0,0.0,0.1105384723655519,0.0854510482636772,0.0,0.0,0.4146061906372021,0.2684960450355801,0.0,0.1596823674314934,0.0,0.1651484216110265,0.0,0.0,0.2210164200299482,0.2931839408734021,0.0,0.0188413174364986,0.0,0.0,0.4946563478005196,0.0769090832514467,0.2650084444844322,0.0,0.0428483858755735,0.0,0.6856242655534525,0.4919240189346581,0.0,0.0,0.0,0.0837245653905075,0.0,0.0,0.1745936967594108,0.0586048695242886,0.3580022758922968,0.0,0.0,0.0,0.5656300090573002,0.3752072114063349,0.3910764572846064,0.0,0.0,0.0,0.0,0.1517041163214659,0.0,0.0,0.0,0.2782092509202933,0.0,0.0,0.0,0.0,0.18683676172069,0.0,0.0,0.0
0.0,0.0,0.0,0.4963141403854407,0.0,0.0,0.0,0.0,0.0,0.0,0.0,0.0,0.0,0.0785554779853916,0.0,0.0,0.0,0.0,0.0,0.0,0.0,0.0,0.0,0.0,0.0,0.0,0.0,0.3441946900565868,0.0,0.0,0.3297215014643511,0.5662744900325185,0.1023502707886879,0.3435079766542572,0.1468411540618412,0.4946563478005196,0.0,0.0,0.4559465870261209,0.0,0.4487200125333101,0.2958217083838858,0.0,0.0,0.0,0.0,0.0,0.0,0.0,0.0,0.0,0.0,0.0,0.0,0.0,0.0,0.0,0.0,0.0,0.0,0.0,0.0,0.0,0.0,0.0,0.0,0.0,0.0,0.0,0.0,0.0,0.0,0.0,0.0,0.0,0.0
0.0,0.0,0.0,0.0,0.153878698080916,0.0,0.0,0.0,0.1487006930096791,0.0,0.0949179089336421,0.0364153807842762,0.0,0.0,0.0,0.0,0.0,0.0,0.0,0.0,0.0,0.0,0.0,0.0,0.0,0.0,0.0,0.1267117382668592,0.0,0.0,0.224359749324521,0.0069950632963061,0.0233787224425613,0.1010961060621921,0.0,0.0769090832514467,0.0,0.0,0.0036985935522297,0.046471674255048,0.0,0.0,0.0,0.0,0.3675335750179648,0.0,0.0,0.0,0.0,0.0,0.0,0.0,0.0,0.0,0.1717004430530741,0.0,0.1687353094439779,0.0,0.0,0.0,0.0,0.0,0.0,0.0,0.0,0.0,0.0,0.0,0.0,0.0,0.0542123516540115,0.0,0.0,0.0,0.0,0.0
0.0,0.0,0.0,0.0,0.0,0.0,0.0,0.0,0.0,0.0,0.0,0.0,0.0,0.0,0.0,0.0,0.0,0.0,0.0,0.0,0.0,0.0,0.0,0.1212330838871998,0.0658795480208156,0.0,0.0,0.2329984183142079,0.0,0.0724326763756306,0.3590807308433918,0.825678223785159,0.2734094437019654,0.3655093836817737,0.1975193358156981,0.2650084444844322,0.4559465870261209,0.0036985935522297,0.0,0.393294941441097,0.5862250929566066,0.4448666930558947,0.2890670273925603,0.566553253993957,0.036182120578276,0.301634468026884,0.2702427226537583,0.0,0.4886616088877019,0.0,0.0,0.046191939460333,0.0,0.0,0.183463328734613,0.0,0.0055224742000067,0.1466329963273281,0.5470353343600031,0.0,0.3870909227183098,0.1965601733089411,0.1890152825734961,0.0,0.0,0.0,0.1869565859161265,0.0,0.1971990079529192,0.0918761832221069,0.0,0.0,0.4996232653650314,0.0,0.2057156244509684,0.6728352351813767
0.2875989720124032,0.0,0.0,0.0,0.0,0.0,0.0,0.0,0.0,0.0473740878177546,0.0,0.0,0.0,0.0,0.0,0.2322148624993238,0.1192706543186595,0.1065454406869905,0.0,0.0,0.0,0.0984886367345235,0.0,0.0,0.3939638257735245,0.0,0.0,0.0,0.0,0.0,0.1072984997517269,0.2726385473929114,0.6253864734525779,0.4163395429348162,0.3772228491735853,0.0,0.0,0.046471674255048,0.393294941441097,0.0,0.4701644051308178,0.438074179929062,0.0,0.1877094663862611,0.1998948801759517,0.5268363918581556,0.2555378633664639,0.0,0.0,0.0547506129102601,0.0,0.0885395237058792,0.0,0.0,0.1522673329749166,0.0,0.0,0.0,0.0,0.0,0.434516283769166,0.306126147652899,0.4002455448480625,0.0,0.1071095535405387,0.1312997830762722,0.4114022401590754,0.0,0.0943532572934624,0.4132687767397463,0.1270231784783251,0.0,0.3858752339639295,0.3561913027331408,0.2638496043785743,0.5637643639329121
0.0,0.0,0.0,0.0,0.0,0.0,0.0,0.0,0.0,0.0,0.0,0.0,0.0,0.0,0.0,0.0,0.0,0.0,0.0,0.0,0.0,0.0,0.0,0.0,0.0734302928171055,0.0,0.0,0.1577769184483129,0.0,0.0,0.4339208549378023,0.5515899806676747,0.4368815348548259,0.6656687461881039,0.145292787917206,0.0428483858755735,0.4487200125333101,0.0,0.5862250929566066,0.4701644051308178,0.0,0.4563988379974664,0.0592737390497566,0.486126800283425,0.0951129128142198,0.3455804948651166,0.0813524816290533,0.0,0.39380100470667,0.0,0.0,0.0,0.0,0.0,0.1302624826707785,0.0,0.0,0.0,0.5580628802161298,0.0,0.6253578319634218,0.0703763671678705,0.2444575808634952,0.0,0.0,0.0,0.2748432280953703,0.0,0.0,0.1736799001383376,0.0,0.0,0.5067089641918551,0.187122435460194,0.1679256959350109,0.6924595123572507
0.0,0.0,0.0,0.0,0.0,0.0,0.0,0.0,0.0,0.0,0.0,0.0,0.0,0.0,0.0,0.0,0.0,0.0,0.0,0.0,0.0,0.0,0.0,0.0,0.1889687335240954,0.0,0.0,0.2114323679908821,0.0,0.0,0.0,0.4177756714454507,0.2215714930413415,0.2956679330455689,0.4617064391204559,0.0,0.2958217083838858,0.0,0.4448666930558947,0.438074179929062,0.4563988379974664,0.0,0.0,0.2656540679241942,0.0,0.3622471084093044,0.123955189495209,0.0,0.078030925968974,0.0,0.0,0.0,0.0,0.0,0.0,0.0,0.0,0.0,0.0,0.0,0.4244359928366188,0.0378632381008121,0.2189024346155995,0.0,0.0,0.0,0.1982820563879168,0.0,0.0,0.1661265159654239,0.0,0.0,0.3140089028697824,0.2022756445729418,0.287918329554469,0.6227188022775008
0.0,0.0,0.0,0.0,0.2274792282797047,0.3044748457527649,0.0,0.3201844848012295,0.0,0.0,0.0,0.0,0.2307590155280807,0.3664930660026197,0.0,0.0,0.0,0.0,0.1308240807975635,0.0,0.0,0.0,0.4182774655247173,0.0,0.0,0.0,0.0,0.2699743425904225,0.0,0.0,0.0,0.3098631428014712,0.0,0.0523742596545475,0.0,0.6856242655534525,0.0,0.0,0.2890670273925603,0.0,0.0592737390497566,0.0,0.0,0.561140077801686,0.0,0.0,0.0,0.1379065822509237,0.4720471505234867,0.1690961102870582,0.1278935168983352,0.0832594713840486,0.3645779238135029,0.0,0.0,0.0943492571364184,0.5413675697859973,0.3329144279814578,0.514627783148637,0.0,0.0,0.0070055048938443,0.0,0.1470494606288408,0.0,0.0,0.0,0.2585706546264489,0.1300726596564678,0.0,0.0,0.0,0.2903044660870184,0.0,0.0,0.0
0.0,0.0,0.0,0.0,0.0,0.0,0.0,0.0,0.0,0.0,0.0,0.0,0.0,0.0,0.0,0.0,0.0,0.0,0.0,0.0,0.0,0.0,0.0,0.0,0.0,0.0,0.0,0.0,0.0,0.0,0.0,0.5496659812182145,0.0,0.0,0.0137706646641594,0.4919240189346581,0.0,0.0,0.566553253993957,0.1877094663862611,0.486126800283425,0.2656540679241942,0.561140077801686,0.0,0.0,0.0,0.0,0.0,0.4820305721048552,0.0,0.0,0.0421173565788671,0.0303413257385332,0.0,0.04993764013231,0.0,0.216959385030995,0.2159923892500334,0.5043970025411968,0.0,0.0,0.0,0.0,0.0,0.0,0.0,0.0,0.0,0.0,0.0,0.0,0.0,0.4094823052543449,0.0,0.0,0.3524939151495191
0.0,0.0,0.0,0.0,0.0,0.0,0.0,0.0,0.0,0.0,0.0,0.0306219806891265,0.0,0.0,0.0,0.0,0.0,0.0,0.0,0.0,0.0,0.0,0.0,0.0,0.0,0.0,0.0,0.0,0.0,0.0,0.0,0.0635603282025932,0.1838273466055194,0.0289672168328389,0.0,0.0,0.0,0.3675335750179648,0.036182120578276,0.1998948801759517,0.0951129128142198,0.0,0.0,0.0,0.0,0.1318997952013205,0.0,0.0,0.0,0.0,0.0,0.0390574256327452,0.0,0.0832008337730411,0.0398842558084456,0.103823822297039,0.0204872039144197,0.0670627076426134,0.0,0.0,0.0,0.0754214343290182,0.0,0.0,0.0,0.0,0.0,0.0,0.0702138063497108,0.0775320242709254,0.0463108049992436,0.0,0.1538475909196602,0.0,0.0,0.0447473286827757
0.523311435628083,0.0,0.0,0.0,0.0,0.0,0.0,0.0,0.0,0.0,0.0,0.0,0.0,0.0,0.0,0.257678801366444,0.0,0.0,0.0,0.0,0.1925156754231302,0.2130019721022328,0.0,0.0,0.4875402032658394,0.0,0.0,0.0,0.0,0.0,0.2954300175285195,0.2399988966607577,0.3742586978783415,0.277832756377183,0.0,0.0,0.0,0.0,0.301634468026884,0.5268363918581556,0.3455804948651166,0.3622471084093044,0.0,0.0,0.1318997952013205,0.0,0.3300558449512111,0.0,0.0,0.0,0.0,0.0,0.0,0.0,0.2604854892684873,0.0,0.0,0.0,0.0,0.0,0.6781860626343583,0.0,0.4743574777549195,0.0,0.1300061284660353,0.4666339273677149,0.5183154731693649,0.0,0.1372902871448371,0.5752744986374632,0.2596091464310208,0.0,0.3020812981637905,0.6085874132421298,0.0,0.6205449393894162
0.3077610006767023,0.5174142647270802,0.0,0.0,0.0,0.0,0.0,0.0,0.0,0.0,0.0,0.0,0.0,0.0,0.0,0.2377552767958395,0.0,0.2938868886746062,0.0,0.0,0.2742907492880544,0.2227542198385408,0.1729322860096001,0.0,0.6095322725379053,0.4359045266974485,0.0913571653393325,0.0,0.3255648842251583,0.0,0.1964783454035404,0.2762051078355652,0.2523218987461642,0.0798936887522941,0.2564411021001959,0.0,0.0,0.0,0.2702427226537583,0.2555378633664639,0.0813524816290533,0.123955189495209,0.0,0.0,0.0,0.3300558449512111,0.0,0.0,0.0,0.0,0.3736139775134462,0.3049484104833829,0.1254540105433476,0.0,0.5716966744244776,0.0,0.0,0.3802369150178478,0.0,0.0,0.3298168592212405,0.4929163300948448,0.5772589697407853,0.0,0.0,0.2896265570802458,0.3183866195196057,0.1050144899280751,0.0,0.6264102231991984,0.671795336148773,0.0639953223227562,0.2158734231953874,0.3321552955554918,0.0,0.3653438710914823
0.0,0.0,0.6504895563906125,0.0,0.5528527698815772,0.5362929786186,0.0,0.4814133816961496,0.7721083935605029,0.0,0.6983144673852716,0.0,0.5191097903511335,0.0749683537955918,0.0,0.0,0.0,0.0,0.573238083321825,0.0,0.0,0.0,0.5230436271241672,0.0,0.0,0.0,0.6553370816775727,0.0,0.0,0.0,0.0,0.0,0.0,0.0,0.0,0.0837245653905075,0.0,0.0,0.0,0.0,0.0,0.0,0.1379065822509237,0.0,0.0,0.0,0.0,0.0,0.0,0.7029385337640194,0.4772748049638645,0.3162780705013876,0.5332813414566396,0.7845536767989992,0.0,0.7403760248451412,0.0,0.3227026404140972,0.0,0.0,0.0,0.0,0.0,0.5920169718225577,0.0,0.0,0.0,0.557855242160295,0.0,0.0,0.0,0.6797616264757826,0.0,0.0076685067573072,0.0863723440286062,0.0
0.0,0.0,0.0,0.0,0.0,0.0,0.0,0.0,0.0,0.0,0.0,0.0,0.0,0.0,0.0,0.0,0.0,0.0,0.0,0.0,0.0,0.0,0.0,0.0,0.0,0.0,0.0,0.0,0.0,0.0,0.0,0.0,0.0,0.0,0.0,0.0,0.0,0.0,0.4886616088877019,0.0,0.39380100470667,0.078030925968974,0.4720471505234867,0.4820305721048552,0.0,0.0,0.0,0.0,0.0,0.0,0.0,0.0,0.0,0.0,0.0,0.0,0.0,0.2807949651068652,0.4953040098589887,0.0,0.0,0.0,0.0,0.0,0.0,0.0,0.0,0.0,0.0,0.0,0.0,0.0,0.6138116527621086,0.0,0.0,0.2601417677344195
0.0,0.0,0.65697996065739,0.0,0.0,0.0,0.0,0.322839409017417,0.0,0.0,0.7396527161601414,0.0,0.0,0.0,0.0,0.0,0.0,0.0,0.0,0.0,0.0,0.0,0.4160197679080969,0.0,0.0,0.0,0.0,0.0,0.0,0.0,0.0,0.0,0.0,0.0,0.0,0.0,0.0,0.0,0.0,0.0547506129102601,0.0,0.0,0.1690961102870582,0.0,0.0,0.0,0.0,0.7029385337640194,0.0,0.0,0.3870627083760034,0.4752877174367528,0.4374445452562244,0.6759735126617219,0.2320012904373616,0.8119625430384027,0.3124886638192417,0.3416744620282903,0.0,0.0,0.0,0.0,0.0,0.4158152261063303,0.0,0.0,0.0,0.4402287419154515,0.0,0.0,0.0,0.5552064862968964,0.0,0.0,0.0,0.0
0.0,0.0,0.2112000338766404,0.0,0.0,0.7719972817103068,0.402268886785819,0.7660448941412205,0.5139842866101091,0.0,0.4424948704198488,0.0,0.5250732010797184,0.0,0.3009752477868318,0.0,0.0,0.0,0.5214767542550726,0.5010336788417875,0.3785742383768798,0.336296981486549,0.776052998686814,0.0,0.0,0.0,0.5122621843600484,0.0,0.3050741057579836,0.0,0.0,0.0,0.0,0.0,0.0,0.1745936967594108,0.0,0.0,0.0,0.0,0.0,0.0,0.1278935168983352,0.0,0.0,0.0,0.3736139775134462,0.4772748049638645,0.0,0.3870627083760034,0.0,0.2431818331040477,0.7667275294468917,0.6204751480192541,0.0835784978610674,0.4245635756962313,0.0,0.5623012666174545,0.0,0.4335269406913147,0.0,0.2108463704870246,0.2055361486254378,0.4793978240163323,0.2730262774040923,0.1036328517408683,0.0,0.8603583357282917,0.0,0.0428861542220476,0.7289518646121886,0.4562674863717751,0.0,0.0,0.0,0.0
0.0,0.0,0.0,0.0,0.0,0.277074017059318,0.0,0.1395537443119917,0.0,0.0,0.3990619379011559,0.0,0.0,0.0,0.0,0.0,0.0,0.0,0.0,0.0,0.0,0.0,0.2136321865389782,0.0,0.0,0.0,0.368156227483655,0.0,0.0,0.0,0.0,0.0,0.0,0.0,0.0,0.0586048695242886,0.0,0.0,0.046191939460333,0.0885395237058792,0.0,0.0,0.0832594713840486,0.0421173565788671,0.0390574256327452,0.0,0.3049484104833829,0.3162780705013876,0.0,0.4752877174367528,0.2431818331040477,0.0,0.1686545451117471,0.2757821131117538,0.3410190393852146,0.4147029642997044,0.2219420627440263,0.2245907364790415,0.042709807963538,0.0,0.0,0.1694447220471173,0.0696093229677379,0.3204823160047965,0.211130989747419,0.0,0.0997910628430348,0.2345906689207869,0.0,0.1976289034098953,0.1823706787721276,0.3762974275945593,0.0402701335796019,0.2250446130462675,0.0,0.0
0.0,0.0,0.1858527283821946,0.0,0.2860084560909127,0.7528129768030591,0.0,0.807544350461078,0.5063806218635718,0.0,0.4249504778897612,0.0,0.5558309831414385,0.0,0.25928683599857,0.0,0.0,0.0,0.5320096185894787,0.5292740954919548,0.3063837900273488,0.0,0.899282629679216,0.0,0.0,0.0,0.428514009761448,0.0,0.2281498298144218,0.0,0.0,0.0,0.0,0.0,0.0,0.3580022758922968,0.0,0.0,0.0,0.0,0.0,0.0,0.3645779238135029,0.0303413257385332,0.0,0.0,0.1254540105433476,0.5332813414566396,0.0,0.4374445452562244,0.7667275294468917,0.1686545451117471,0.0,0.5341647093668653,0.0,0.4938812116721455,0.0,0.5656332372514955,0.0,0.4160940111147558,0.0,0.0,0.0,0.5452784007264907,0.1868983900309575,0.0,0.0,0.8938074853591479,0.4142014976860802,0.0,0.4958492956890825,0.2823660478684601,0.0,0.0,0.0,0.0
0.0,0.0,0.641618440802065,0.0,0.4790206772963801,0.5975585920027126,0.0,0.5622969045796483,0.9015242751464332,0.0,0.7455175908130591,0.0,0.0,0.0,0.0,0.0,0.0,0.0,0.5034960586793761,0.0,0.0,0.0,0.5205261341209636,0.0,0.0,0.0,0.7715718525234303,0.0,0.0,0.0,0.0,0.0,0.0,0.0,0.0,0.0,0.0,0.0,0.0,0.0,0.0,0.0,0.0,0.0,0.0832008337730411,0.0,0.0,0.7845536767989992,0.0,0.6759735126617219,0.6204751480192541,0.2757821131117538,0.5341647093668653,0.0,0.0,0.735526727782538,0.3401065103211294,0.1858452904008768,0.0,0.0,0.0,0.0,0.0,0.5029225533122901,0.5474116227011461,0.0,0.0567942137117135,0.6187183040038822,0.0,0.0,0.3818260478816019,0.7723581467678214,0.0,0.1508926912743443,0.0058244520621517,0.0
