0.0,0.2500395255263406,0.0,0.0,0.0,0.0,0.0,0.0,0.0,0.0,0.0,0.0947420119440456,0.0,0.0,0.0,0.0,0.0,0.0,0.0,0.0,0.0631736395246691,0.0,0.0,0.0,0.0681670265416034,0.3273148538033219,0.0,0.2344148864353731,0.0,0.0,0.0,0.2705183695197158,0.1935934936706455,0.0143075872310383,0.0,0.0,0.0,0.0,0.0840010439893652,0.1879511323549426,0.23502109678745,0.0,0.0,0.0,0.0,0.1545949004706014,0.0,0.0,0.0,0.0,0.0,0.0,0.0,0.0,0.0,0.0,0.0,0.0,0.0,0.0,0.0,0.0,0.0,0.0,0.0,0.0938179117218171,0.0,0.0,0.0482734593920512,0.0,0.0298937943347825,0.0,0.0,0.0,0.0,0.0
0.2500395255263406,0.0,0.0,0.0,0.0,0.0807406130155776,0.0157218676647957,0.0,0.0,0.0,0.0,0.0,0.0017034512943974,0.0,0.0,0.2695362380573888,0.0,0.0395137134092595,0.0,0.0,0.0,0.0,0.0,0.0,0.2475003657500738,0.4871788620660522,0.0,0.0,0.0,0.0,0.0,0.2447647311474998,0.1121927539105988,0.0,0.0,0.0,0.0,0.0,0.2522276985788577,0.0,0.3225358655338552,0.2988782736197818,0.0,0.0,0.0,0.0,0.0,0.0,0.0,0.0,0.0,0.0,0.0,0.0,0.0,0.0,0.0,0.0,0.0,0.0,0.0,0.0,0.0,0.0,0.0,0.0,0.0,0.0,0.0,0.0,0.0,0.0,0.0,0.0,0.0,0.0
0.0,0.0,0.0,0.0,0.3788199765352542,0.2406499590675928,0.1076435604216884,0.1743325474453915,0.5709957384208042,0.1648717523917209,0.5094917014157931,0.0,0.1738192322050978,0.0,0.0,0.0,0.0,0.0,0.5475438285944983,0.0,0.0,0.0,0.2867203972190199,0.0,0.0,0.0,0.3605193507821129,0.2996625020824426,0.0,0.3330393939436489,0.1964940599181036,0.0,0.0,0.0220499834338307,0.0,0.1939804235781156,0.2280145030833249,0.0,0.0,0.0,0.0,0.0,0.2337321316323706,0.0,0.0,0.0,0.0,0.6019858539970527,0.0,0.3067803259562115,0.2731499387644588,0.0,0.3182481770017897,0.4844968566902632,0.0,0.5043023946416777,0.0,0.0,0.0,0.0,0.0,0.0,0.0,0.5633126244693293,0.0,0.0,0.0,0.2998496210297985,0.0,0.0,0.0,0.4264447031329258,0.0,0.0,0.0,0.0
0.0,0.0,0.0,0.0,0.0210082314953388,0.2281101636887686,0.0,0.0,0.1567840640011778,0.0,0.1140766484784857,0.0,0.150882871403382,0.1310809809674376,0.0,0.0,0.0,0.0,0.1966852387116229,0.0,0.0,0.0,0.0,0.0,0.0,0.0,0.0491683481396321,0.0551975881605761,0.0,0.0,0.0,0.0439964006681842,0.0,0.0,0.0,0.2566087796079742,0.0,0.0,0.0,0.0,0.0,0.0,0.0,0.0,0.0,0.0,0.0,0.0,0.0,0.0,0.0,0.0,0.0,0.0,0.0,0.0,0.0,0.0,0.0,0.0,0.0,0.0,0.0,0.0,0.0,0.0,0.0,0.0,0.0,0.0,0.0,0.0,0.0,0.0,0.0,0.0
0.0,0.0,0.3788199765352542,0.0210082314953388,0.0,0.0692929082097277,0.3522779543198689,0.1806054745653126,0.4496914173651708,0.2098015544770936,0.5493369280738686,0.1711159561994275,0.2616283378430458,0.0,0.0,0.0,0.0,0.0,0.3695696704744099,0.3594434248162916,0.0,0.2557309900694999,0.1758071308365302,0.0,0.0,0.0,0.259116409399728,0.3583464523659142,0.1358181488487567,0.0,0.1139711783641472,0.1158542691394015,0.0464996795453557,0.1695145278836391,0.0,0.2374979363018291,0.2566761241167581,0.1443776538210783,0.0,0.0,0.0,0.0,0.4029067994217464,0.0,0.0,0.0,0.0,0.336553413626168,0.0,0.0,0.0,0.0,0.2892135394635168,0.3166778352098855,0.0,0.5122862740885812,0.0,0.0,0.0,0.0,0.0,0.0,0.0,0.0,0.0,0.0,0.0,0.1723575943828258,0.0,0.0,0.0,0.2317768252663872,0.0,0.0,0.0,0.0
0.0,0.0807406130155776,0.2406499590675928,0.2281101636887686,0.0692929082097277,0.0,0.2327125054540285,0.3559330088599691,0.2513322251199067,0.1486098468536447,0.1341549540252057,0.0,0.3169951152611954,0.0,0.1750539309204636,0.3596823298905599,0.0,0.4262452739820702,0.183510550608911,0.236810641238474,0.182247023949281,0.2675435743051588,0.4361228941292083,0.0,0.2865633647148414,0.2161015731786709,0.2937708895742525,0.0158652668904673,0.4642170935628438,0.0883039626222928,0.0,0.045689118535894,0.1975612206013386,0.0,0.0,0.1636844788347637,0.0173132893311075,0.0,0.0170250423756191,0.0,0.0,0.0355114294605245,0.1106535267066047,0.0,0.0,0.0,0.0,0.2356723806555826,0.0,0.0,0.4924334900718683,0.1592402106606891,0.3149423108242127,0.2820687674162737,0.0,0.1724106900809858,0.0,0.1767871156979921,0.0,0.0271518050092196,0.0,0.0,0.0,0.1823411516750012,0.276090328938289,0.0,0.2439340936503067,0.3620184932644912,0.0,0.0,0.0,0.2700275624841722,0.1378746613323831,0.2466137050132049,0.0,0.0877269966600325
0.0,0.0157218676647957,0.1076435604216884,0.0,0.3522779543198689,0.2327125054540285,0.0,0.2311226496554431,0.1911197222929052,0.3062391477364927,0.2195605463447664,0.1792912773944619,0.320541608771737,0.0,0.0,0.1659303542502561,0.1428206929302927,0.3558450804339651,0.1224287680240245,0.0849520678498196,0.0,0.1244097313294494,0.2157340512859908,0.0,0.2035289714012818,0.0,0.2085913181454957,0.1986872548759472,0.3366398451914614,0.0,0.0998913701646398,0.110375007217072,0.1486390905204028,0.227866670635765,0.0346842130345553,0.1625408544373613,0.2185362326874814,0.1388679403346401,0.0,0.0,0.0,0.0,0.0,0.0,0.0,0.0,0.0,0.0,0.0,0.0,0.1882349274555911,0.0,0.0,0.0,0.0,0.0,0.0,0.0,0.0,0.0,0.0,0.0,0.0,0.0,0.0,0.0,0.0,0.1970630162809768,0.0,0.0,0.0,0.0539472149440377,0.0,0.0,0.0,0.0
0.0,0.0,0.1743325474453915,0.0,0.1806054745653126,0.3559330088599691,0.2311226496554431,0.0,0.2003351224923469,0.3894932638844086,0.1562095993182377,0.0,0.0485247577241059,0.0,0.3646010014320465,0.2209994714154999,0.0,0.2918221098735701,0.1013688870240112,0.2853090769069941,0.5046984516988693,0.3374647165448622,0.589538184161191,0.2422444022217069,0.3054590015740989,0.0,0.4761748570070664,0.0,0.4353077138504787,0.0,0.3241478920062139,0.0,0.0954918889523794,0.0933458180923342,0.1389338522940034,0.0073525707124265,0.1546628488563142,0.0,0.0,0.0,0.0,0.0,0.2904565593125882,0.0,0.0,0.0,0.0,0.2565392338697329,0.0,0.4138382296616446,0.3489007055444309,0.4185367572442003,0.4458424495493785,0.4243723284922697,0.0,0.3007346330262985,0.0,0.3908962953672162,0.158090798842331,0.0734404763800931,0.0,0.0,0.0,0.2655892444789765,0.2138972228891035,0.3415505350560813,0.0,0.5104785292423732,0.0,0.0,0.0,0.206401711599354,0.1831997645431136,0.370302899356023,0.0,0.0
0.0,0.0,0.5709957384208042,0.1567840640011778,0.4496914173651708,0.2513322251199067,0.1911197222929052,0.2003351224923469,0.0,0.1742329423951641,0.5400100177336231,0.038278386323573,0.2241857107308544,0.0,0.0,0.0,0.0,0.0,0.5454322233667946,0.5603309846344982,0.0,0.4154900170680617,0.2847248029799433,0.0,0.0,0.0,0.3989304513892144,0.3204229620900016,0.3302351690156481,0.3741743307357092,0.1657352403809481,0.0,0.0639979934639119,0.0918582125453164,0.0,0.2479720723936022,0.2218536526357867,0.0400913917723318,0.0,0.0,0.0,0.0,0.3454163100985076,0.0,0.0,0.0,0.0,0.564315372574625,0.0,0.0,0.2377111118537867,0.0,0.3669006728446034,0.5179885973093061,0.0,0.5514027961596386,0.0,0.0,0.0,0.0,0.0,0.0,0.0,0.568717555546944,0.0,0.0,0.0,0.3014695102425124,0.0,0.0,0.0,0.4146473534543035,0.0,0.0,0.0,0.0
0.0,0.0,0.1648717523917209,0.0,0.2098015544770936,0.1486098468536447,0.3062391477364927,0.3894932638844086,0.1742329423951641,0.0,0.16287678563961,0.285626503627493,0.2404172849664652,0.0,0.0,0.0723719285464056,0.5307107749792092,0.3318018251275449,0.0755119380888192,0.0,0.0,0.2264517143351635,0.3908213335669602,0.4073415558460876,0.301159749739908,0.0,0.3456326728787836,0.2746310917191786,0.0,0.0,0.4815091318338003,0.0,0.1135812287559569,0.381011033708831,0.2178032693965473,0.0,0.2873061961993483,0.4008402267776675,0.0,0.2661741985911016,0.0,0.0,0.0,0.0,0.2339115843158095,0.0,0.0,0.0,0.0,0.0,0.0,0.0,0.0,0.0,0.5491331679696095,0.0,0.4412940762019147,0.0,0.0,0.0,0.0,0.4592642485350601,0.3055134358582223,0.0,0.0,0.0,0.0,0.0,0.3026516356793741,0.4335822897678681,0.3759428159827022,0.0,0.3336977916636874,0.0,0.0,0.0
0.0,0.0,0.5094917014157931,0.1140766484784857,0.5493369280738686,0.1341549540252057,0.2195605463447664,0.1562095993182377,0.5400100177336231,0.16287678563961,0.0,0.1623865134918942,0.2814209318156356,0.0,0.0,0.0,0.0,0.0,0.5468674261815039,0.0,0.0,0.0,0.1778256732313857,0.0,0.0,0.0,0.2444054839827251,0.4145980057148655,0.0,0.0,0.0863731693992058,0.1246912361543727,0.0949150922399957,0.1171027117547521,0.0,0.3078596155034812,0.2576660374648963,0.0858286594023035,0.0,0.0,0.0,0.0,0.4073337523768527,0.0,0.0,0.0,0.0,0.451219971282304,0.0,0.3252598749411458,0.1436671029969069,0.3455261531069558,0.3165963386417352,0.352547505467363,0.0,0.5675502633547415,0.0,0.2816565960283086,0.0,0.0,0.0,0.0,0.0,0.5171415342296186,0.0,0.0,0.0,0.2066983611777075,0.0,0.0,0.0,0.2564343783491009,0.0,0.0,0.0,0.0
0.0947420119440456,0.0,0.0,0.0,0.1711159561994275,0.0,0.1792912773944619,0.0,0.038278386323573,0.285626503627493,0.1623865134918942,0.0,0.3177267912251142,0.0,0.0,0.0,0.2579268821347341,0.2623129568881297,0.0,0.0,0.0,0.0,0.0,0.2961222673122259,0.0200711139925102,0.2268369081974311,0.0,0.2870782298401459,0.0,0.0,0.0296553446754308,0.0191679794973818,0.197820248103124,0.2425389088154091,0.0894418903623739,0.2213486370932886,0.1601661337337899,0.1601767734598057,0.0,0.2421448804848004,0.0,0.0,0.0,0.0,0.063054253590643,0.0,0.0,0.0,0.0,0.0,0.0,0.0,0.0,0.0,0.1952428537220716,0.0,0.3647807481689818,0.0,0.0,0.0,0.0,0.2713608981128657,0.0765737400013101,0.0,0.0,0.0,0.0,0.0,0.2212803667655115,0.0,0.1123309072044563,0.0,0.0,0.0,0.0,0.0
0.0,0.0017034512943974,0.1738192322050978,0.150882871403382,0.2616283378430458,0.3169951152611954,0.320541608771737,0.0485247577241059,0.2241857107308544,0.2404172849664652,0.2814209318156356,0.3177267912251142,0.0,0.0,0.0711881463015047,0.0,0.2341020003925518,0.2688000787446314,0.2177537686784402,0.061122601079605,0.1076216391243759,0.0,0.1060811988464585,0.0257204656882854,0.0905392875995476,0.200477753994019,0.0,0.462451995811633,0.2027057198038903,0.4275886695015872,0.0,0.1418003725071874,0.2251905404828676,0.2104720620290088,0.0,0.273202327217566,0.1904875360479164,0.1133619687389279,0.0,0.0,0.0,0.0,0.2175910417076172,0.0,0.0,0.0,0.0,0.1249706497743695,0.0,0.0,0.2489644326631322,0.0,0.2858352093964217,0.0,0.0,0.0,0.0,0.0,0.0,0.0,0.0,0.0,0.0,0.0,0.0,0.0,0.0,0.1256614544797604,0.0,0.0,0.0,0.0,0.0,0.0781968068327464,0.0,0.0
0.0,0.0,0.0,0.1310809809674376,0.0,0.0,0.0,0.0,0.0,0.0,0.0,0.0,0.0,0.0,0.0,0.0,0.0,0.0,0.0,0.0,0.0,0.0,0.0,0.0,0.0,0.0,0.0,0.0,0.0,0.0,0.0,0.0,0.0,0.0,0.0,0.0,0.0,0.0,0.0,0.0,0.0,0.0,0.0,0.0,0.0,0.0,0.0,0.0,0.0,0.0,0.0,0.0,0.0,0.0,0.0,0.0,0.0,0.0,0.0,0.0,0.0,0.0,0.0,0.0,0.0,0.0,0.0,0.0,0.0,0.0,0.0,0.0,0.0,0.0,0.0,0.0
0.0,0.0,0.0,0.0,0.0,0.1750539309204636,0.0,0.3646010014320465,0.0,0.0,0.0,0.0,0.0711881463015047,0.0,0.0,0.0,0.0,0.1498860155763245,0.0,0.5782058197224454,0.4487150016030071,0.5574423600020977,0.4193395018865268,0.0,0.1085092262395968,0.0,0.5328653663258499,0.1296391300045292,0.3591715057907754,0.0,0.3183283761669405,0.0,0.0,0.0727653857032919,0.0,0.0,0.0,0.0,0.0,0.1405924289369092,0.0,0.0,0.0,0.0,0.0,0.0,0.5159552188466957,0.0,0.0,0.0,0.2778212515263012,0.0,0.3594801984227345,0.0,0.0,0.0,0.0,0.0,0.0,0.4380226439796325,0.3658212489475334,0.0,0.0,0.0,0.5276950635375236,0.4118587225285942,0.6218017651571466,0.4135975220862484,0.0,0.0,0.3307954979179701,0.4637839844476771,0.3444116751309422,0.3207587513500263,0.0,0.0336472412140688
0.0,0.2695362380573888,0.0,0.0,0.0,0.3596823298905599,0.1659303542502561,0.2209994714154999,0.0,0.0723719285464056,0.0,0.0,0.0,0.0,0.0,0.0,0.0663416729896904,0.398385489777488,0.0,0.0,0.0650013021138168,0.2023893215909013,0.2446808266941416,0.0500818094033649,0.4768175650972682,0.2149495728025496,0.1881564068757182,0.0,0.3732908934003096,0.0,0.0558182007424453,0.0,0.1654073759279325,0.0,0.066418700682611,0.0,0.0,0.0,0.0892414683478884,0.0498182167924966,0.0584009050206581,0.1792507783697862,0.0,0.0,0.0,0.2062943068902939,0.0892978694658304,0.0,0.0,0.0,0.0,0.0,0.0,0.0,0.0,0.0,0.0,0.0,0.0,0.0,0.2771097830038146,0.0,0.202664885237735,0.0,0.0701961737170674,0.0,0.0404943152555748,0.0,0.0,0.2158579106305495,0.0541070301322669,0.0,0.0,0.0,0.0,0.0968633346096788
0.0,0.0,0.0,0.0,0.0,0.0,0.1428206929302927,0.0,0.0,0.5307107749792092,0.0,0.2579268821347341,0.2341020003925518,0.0,0.0,0.0663416729896904,0.0,0.3170970919765052,0.0,0.0586491732136869,0.0,0.0946846825746893,0.0,0.4655399484375274,0.2710953623342692,0.0,0.0,0.3408131580733219,0.0,0.0,0.5193408309788983,0.0,0.1102819493508543,0.3698109936865473,0.3774826491841551,0.0,0.0,0.4707516354747944,0.0,0.2129810047868142,0.0,0.0,0.0,0.0,0.0,0.0,0.0,0.0,0.0,0.0,0.0,0.0,0.0,0.0,0.3675641759042299,0.0,0.3547159327308256,0.0,0.0,0.0,0.0,0.2367030523811701,0.1584494181342123,0.0,0.0,0.0,0.0,0.0,0.3265003481584995,0.2848164882107356,0.2622818873334898,0.0,0.0,0.0,0.0,0.0
0.0,0.0395137134092595,0.0,0.0,0.0,0.4262452739820702,0.3558450804339651,0.2918221098735701,0.0,0.3318018251275449,0.0,0.2623129568881297,0.2688000787446314,0.0,0.1498860155763245,0.398385489777488,0.3170970919765052,0.0,0.0,0.1419871075707391,0.2183509527029001,0.2103908804504843,0.3312972904617409,0.162162930284728,0.3800781074875071,0.1283259124889142,0.2817002687863054,0.1504805572909383,0.4495352684530894,0.0,0.1818649377940523,0.0,0.2438213694340945,0.1340517596286464,0.1123244173122892,0.0,0.0,0.0,0.0,0.2378087742023966,0.0,0.0,0.0,0.0,0.0,0.1958263869548801,0.2578167493397341,0.0,0.0,0.0,0.0,0.0,0.0,0.0,0.2779197147176623,0.0,0.2587343699643994,0.0,0.0,0.0,0.244109430898911,0.23807113053026,0.3361545213603284,0.0,0.0,0.0,0.2132366648228622,0.0,0.1263462023428052,0.2722730836434552,0.1932939222521646,0.0,0.0,0.0,0.0,0.0
0.0,0.0,0.5475438285944983,0.1966852387116229,0.3695696704744099,0.183510550608911,0.1224287680240245,0.1013688870240112,0.5454322233667946,0.0755119380888192,0.5468674261815039,0.0,0.2177537686784402,0.0,0.0,0.0,0.0,0.0,0.0,0.0,0.0,0.0,0.1556149884456163,0.0,0.0,0.0,0.2117797450614823,0.3872369223078757,0.0,0.0,0.1647889811902611,0.0349395139001725,0.0,0.0223321692494706,0.0,0.2732598077586933,0.1702509967831724,0.0,0.0420448719846373,0.0,0.0,0.0,0.2796769242122342,0.0,0.0,0.0,0.0,0.4721685111626396,0.0,0.0,0.1580212190563467,0.0,0.2388992996191327,0.3476328904402047,0.0,0.4846577365755452,0.0,0.0,0.0,0.0,0.0,0.0,0.0,0.5126551074562843,0.0,0.0,0.0,0.1835680078422962,0.0,0.0,0.0,0.3057474310677889,0.0,0.0,0.0,0.0
0.0,0.0,0.0,0.0,0.3594434248162916,0.236810641238474,0.0849520678498196,0.2853090769069941,0.5603309846344982,0.0,0.0,0.0,0.061122601079605,0.0,0.5782058197224454,0.0,0.0586491732136869,0.1419871075707391,0.0,0.0,0.3448278359763552,0.5593531010495045,0.3802793660399192,0.0,0.0,0.0,0.5469231532260569,0.1401212746925869,0.369427849267523,0.1748917637141409,0.2768353472123484,0.0,0.0,0.0,0.0,0.0667620353645968,0.1943750531904292,0.0,0.0,0.059314810959703,0.0,0.0,0.0,0.0,0.0,0.0,0.4144639214785546,0.0,0.0,0.0,0.2814521129413265,0.0,0.3161885489869492,0.0,0.0,0.0,0.0,0.0,0.0,0.4614089190617129,0.0,0.0,0.0,0.0,0.6068940990997707,0.310548941278125,0.6042573996556062,0.3914376505474031,0.0,0.0,0.2367303946121693,0.5380245483963236,0.2952405513603816,0.2804374726463092,0.0,0.1289558002277889
0.0631736395246691,0.0,0.0,0.0,0.0,0.182247023949281,0.0,0.5046984516988693,0.0,0.0,0.0,0.0,0.1076216391243759,0.0,0.4487150016030071,0.0650013021138168,0.0,0.2183509527029001,0.0,0.3448278359763552,0.0,0.375972810985919,0.4687934511112331,0.1519883769725595,0.2540484233407523,0.0,0.4237309278114221,0.1334762247197818,0.3794532008706101,0.0651333582511274,0.303571477820317,0.0339744714703503,0.1056464044453313,0.1320349189228633,0.0628218104150361,0.0612515985526014,0.0,0.0,0.0120783902587427,0.3377673071561443,0.0,0.0,0.0,0.0,0.0,0.2709133374191135,0.5350728022426163,0.0,0.0,0.0,0.3121302063872506,0.0,0.4539419566122049,0.0,0.0,0.0,0.0,0.0,0.0,0.2287358276973491,0.3592924498576968,0.0,0.0,0.0,0.310335358223659,0.5303360588155609,0.4630193976070283,0.4723872016388486,0.0,0.4411329910361752,0.4429844398247801,0.2537323898866523,0.3990566141315004,0.3926447287509501,0.0,0.0
0.0,0.0,0.0,0.0,0.2557309900694999,0.2675435743051588,0.1244097313294494,0.3374647165448622,0.4154900170680617,0.2264517143351635,0.0,0.0,0.0,0.0,0.5574423600020977,0.2023893215909013,0.0946846825746893,0.2103908804504843,0.0,0.5593531010495045,0.375972810985919,0.0,0.4042223932409065,0.0,0.2489204809237896,0.0,0.5360236655902876,0.0,0.4341806731072499,0.0,0.2619716213874177,0.0,0.0266169781813981,0.0,0.0,0.0,0.0202732808396811,0.0,0.0,0.1098822674035102,0.0,0.0,0.0,0.0,0.0,0.3051841544839534,0.4346097204713957,0.0,0.0,0.0,0.3045659448704516,0.0,0.0,0.0,0.0,0.0,0.0,0.0,0.0,0.3694900387889818,0.4398887698203302,0.0,0.3181248015121111,0.0,0.5583977647003355,0.299179673459317,0.5871391101132939,0.3583995897566547,0.0,0.3943356334626582,0.2766509235071419,0.5391832476697651,0.0,0.3839632512986978,0.0,0.0882991677012236
0.0,0.0,0.2867203972190199,0.0,0.1758071308365302,0.4361228941292083,0.2157340512859908,0.589538184161191,0.2847248029799433,0.3908213335669602,0.1778256732313857,0.0,0.1060811988464585,0.0,0.4193395018865268,0.2446808266941416,0.0,0.3312972904617409,0.1556149884456163,0.3802793660399192,0.4687934511112331,0.4042223932409065,0.0,0.199935024114628,0.3118947403393222,0.0,0.5360421652894176,0.0096885481902109,0.5294538234896778,0.0,0.3667379314119406,0.0,0.0777851668055881,0.081516953133581,0.0819473054298271,0.017249706151461,0.1996834093081459,0.0,0.0,0.1951316124654478,0.0,0.0,0.2925876778135093,0.0,0.0,0.0,0.5368308988308498,0.3898486069721686,0.0,0.4523995541141227,0.4737373945549217,0.4377566258151225,0.5157098547692341,0.5152274955827584,0.0,0.3604685212503935,0.0,0.4533432202865686,0.1911657988202071,0.1080435079221056,0.0,0.0,0.0,0.343950229400364,0.3206174926160043,0.2854773751357107,0.4450997301634629,0.6067976301796488,0.0,0.0,0.4170702965878361,0.3151131273922911,0.2565225111889218,0.4060304043949104,0.0792506370171074,0.0
0.0,0.0,0.0,0.0,0.0,0.0,0.0,0.2422444022217069,0.0,0.4073415558460876,0.0,0.2961222673122259,0.0257204656882854,0.0,0.0,0.0500818094033649,0.4655399484375274,0.162162930284728,0.0,0.0,0.1519883769725595,0.0,0.199935024114628,0.0,0.2185140224722943,0.0,0.022638040036911,0.1649334851876563,0.0,0.0,0.4263948635055927,0.0,0.0859277333991842,0.2686419604432554,0.3999362584733713,0.0,0.0,0.412621862105306,0.0,0.2035299104886571,0.0,0.0,0.0,0.0,0.2791089494331702,0.1740008388055092,0.0,0.0,0.0,0.0,0.0,0.0,0.0,0.0,0.3428636155455639,0.0,0.3617817688059575,0.0,0.0,0.0,0.1136173973633619,0.1913273283923084,0.0771908150941274,0.0,0.0,0.0,0.0,0.0,0.4650853261811177,0.1860495524393943,0.2489392085895022,0.0,0.0,0.0,0.0,0.0
0.0681670265416034,0.2475003657500738,0.0,0.0,0.0,0.2865633647148414,0.2035289714012818,0.3054590015740989,0.0,0.301159749739908,0.0,0.0200711139925102,0.0905392875995476,0.0,0.1085092262395968,0.4768175650972682,0.2710953623342692,0.3800781074875071,0.0,0.0,0.2540484233407523,0.2489204809237896,0.3118947403393222,0.2185140224722943,0.0,0.2207441871966424,0.225290379792237,0.0,0.3956264707364914,0.0,0.186689002669796,0.0314618022083539,0.1925144995190529,0.0628412885662226,0.2187076088185996,0.0,0.0,0.0841682991118006,0.0383039564133313,0.1632819923073533,0.0,0.0035518398636481,0.0,0.0,0.0,0.2600975264343095,0.2475390409791088,0.0,0.0,0.0,0.0,0.0,0.0,0.0,0.2167328761129349,0.0,0.1366224796598965,0.0,0.0,0.0,0.2927705664919885,0.1152721741538441,0.2392061448607029,0.0,0.0446410420240149,0.1288120913033277,0.1280585932397122,0.0,0.0734409364240068,0.3802340225326711,0.2950563639220556,0.0,0.0,0.0,0.0,0.0
0.3273148538033219,0.4871788620660522,0.0,0.0,0.0,0.2161015731786709,0.0,0.0,0.0,0.0,0.0,0.2268369081974311,0.200477753994019,0.0,0.0,0.2149495728025496,0.0,0.1283259124889142,0.0,0.0,0.0,0.0,0.0,0.0,0.2207441871966424,0.0,0.0,0.0,0.0,0.0,0.0,0.248241685425837,0.2497566261563056,0.0,0.0,0.1230071854124169,0.0,0.0,0.1717624424564016,0.0883721585780974,0.2422320333035905,0.2704747897831798,0.0,0.0,0.0,0.0,0.0,0.0,0.0,0.0,0.0,0.0,0.0,0.0,0.0,0.0,0.0,0.0,0.0,0.0,0.0,0.0,0.0,0.0,0.0,0.0,0.0,0.0,0.0,0.0,0.0,0.0,0.0,0.0,0.0,0.0353008786521526
0.0,0.0,0.3605193507821129,0.0491683481396321,0.259116409399728,0.2937708895742525,0.2085913181454957,0.4761748570070664,0.3989304513892144,0.3456326728787836,0.2444054839827251,0.0,0.0,0.0,0.5328653663258499,0.1881564068757182,0.0,0.2817002687863054,0.2117797450614823,0.5469231532260569,0.4237309278114221,0.5360236655902876,0.5360421652894176,0.022638040036911,0.225290379792237,0.0,0.0,0.0,0.5274410420348339,0.0,0.3724689172337929,0.0,0.0,0.0776868910280768,0.0080804924384092,0.0,0.1885954188062961,0.0,0.0,0.0,0.0,0.0,0.2215585672584688,0.0,0.0,0.0,0.5847914979586153,0.4755238502663712,0.0,0.0,0.3084908766407681,0.4830752730193016,0.3661654597144094,0.607319058576058,0.0,0.4132941402274511,0.0,0.4016012927904607,0.0705989973338211,0.2105514681745357,0.0,0.0,0.0,0.4341025700840287,0.4590496756006753,0.3150184007761724,0.5467915019282917,0.4861752688499593,0.0,0.0,0.2831649884477559,0.4887337126381625,0.1900371760366369,0.3460757610322116,0.1661675263956802,0.0
0.2344148864353731,0.0,0.2996625020824426,0.0551975881605761,0.3583464523659142,0.0158652668904673,0.1986872548759472,0.0,0.3204229620900016,0.2746310917191786,0.4145980057148655,0.2870782298401459,0.462451995811633,0.0,0.1296391300045292,0.0,0.3408131580733219,0.1504805572909383,0.3872369223078757,0.1401212746925869,0.1334762247197818,0.0,0.0096885481902109,0.1649334851876563,0.0,0.0,0.0,0.0,0.0319397660923719,0.5421715118645473,0.2602057464752688,0.0,0.140242810251912,0.2596413637529914,0.0875812671078531,0.3026480031813787,0.3046524066979258,0.2731466556234599,0.0,0.0,0.0,0.0,0.3295512257696647,0.0,0.0,0.0,0.0,0.0,0.0,0.0,0.0743762020759679,0.0,0.2506545222716101,0.0,0.0,0.0,0.0,0.0,0.0,0.2101447498143387,0.0,0.0,0.0,0.0,0.1258803476174634,0.1121156328135309,0.0,0.0733770540357478,0.0,0.0,0.0,0.0,0.5051201823455133,0.0,0.0,0.0360158676874342
0.0,0.0,0.0,0.0,0.1358181488487567,0.4642170935628438,0.3366398451914614,0.4353077138504787,0.3302351690156481,0.0,0.0,0.0,0.2027057198038903,0.0,0.3591715057907754,0.3732908934003096,0.0,0.4495352684530894,0.0,0.369427849267523,0.3794532008706101,0.4341806731072499,0.5294538234896778,0.0,0.3956264707364914,0.0,0.5274410420348339,0.0319397660923719,0.0,0.0549123512762875,0.2644855606701908,0.0,0.116119321283166,0.0638602437191371,0.0475665255507661,0.0392870459310859,0.1025436621533271,0.0,0.0,0.0,0.0,0.0,0.0,0.0,0.0,0.0,0.4502143529718043,0.0,0.0,0.0,0.4497085129887602,0.0,0.385870087422514,0.0,0.0,0.0,0.0,0.4109574894838028,0.0,0.0555569645888572,0.0,0.0,0.0,0.0,0.371190130410903,0.2155595037476903,0.4052194341112083,0.4958530392220294,0.0,0.0,0.283195798772463,0.3976901268592688,0.2443331936054986,0.4391881808534479,0.0,0.106550080111545
0.0,0.0,0.3330393939436489,0.0,0.0,0.0883039626222928,0.0,0.0,0.3741743307357092,0.0,0.0,0.0,0.4275886695015872,0.0,0.0,0.0,0.0,0.0,0.0,0.1748917637141409,0.0651333582511274,0.0,0.0,0.0,0.0,0.0,0.0,0.5421715118645473,0.0549123512762875,0.0,0.0674316966033885,0.1063185666477446,0.0,0.1592727824298437,0.0,0.0,0.0,0.0,0.0,0.0,0.0,0.0,0.0,0.0,0.0,0.0,0.0,0.0,0.0,0.0,0.0,0.0,0.0,0.0,0.0,0.0,0.0,0.0,0.0,0.0,0.0,0.0,0.0,0.0,0.1731752984050441,0.0,0.0,0.0519406013343576,0.0,0.0,0.0,0.0,0.0,0.0,0.0,0.0
0.0,0.0,0.1964940599181036,0.0,0.1139711783641472,0.0,0.0998913701646398,0.3241478920062139,0.1657352403809481,0.4815091318338003,0.0863731693992058,0.0296553446754308,0.0,0.0,0.3183283761669405,0.0558182007424453,0.5193408309788983,0.1818649377940523,0.1647889811902611,0.2768353472123484,0.303571477820317,0.2619716213874177,0.3667379314119406,0.4263948635055927,0.186689002669796,0.0,0.3724689172337929,0.2602057464752688,0.2644855606701908,0.0674316966033885,0.0,0.0,0.0195641769573556,0.2753523438205607,0.3125279250295737,0.0,0.1966511194181491,0.432142013697162,0.0,0.1811312251692375,0.0,0.0,0.0,0.0,0.0,0.2828053319309612,0.4907907616782392,0.0,0.0,0.0,0.1056922492904271,0.0,0.3075315668888579,0.0,0.4232009751183327,0.0,0.2568033716518355,0.0,0.0,0.0962273698372148,0.3646514081667446,0.0,0.1636489408208357,0.0,0.1811643865632938,0.291602578953189,0.3341676659344027,0.3572997888585553,0.326085772102069,0.4172717765505237,0.3245962922340976,0.1616975321792511,0.3349754884087843,0.2624254777906599,0.0,0.0
0.2705183695197158,0.2447647311474998,0.0,0.0439964006681842,0.1158542691394015,0.045689118535894,0.110375007217072,0.0,0.0,0.0,0.1246912361543727,0.0191679794973818,0.1418003725071874,0.0,0.0,0.0,0.0,0.0,0.0349395139001725,0.0,0.0339744714703503,0.0,0.0,0.0,0.0314618022083539,0.248241685425837,0.0,0.0,0.0,0.1063185666477446,0.0,0.0,0.1784814748519829,0.0444848634408872,0.0,0.1411128260248921,0.0,0.0,0.3977847913925772,0.1215705479007576,0.3373071778037133,0.1396190528839481,0.0961097423773265,0.1839962620453518,0.0,0.0,0.0,0.0,0.0,0.0,0.1021387822920907,0.0,0.0,0.0,0.0,0.0340832674795114,0.0,0.0,0.0,0.0690684890299857,0.0,0.0,0.0,0.0,0.0,0.0469945544806878,0.0,0.0,0.0,0.0,0.0,0.0383207664311589,0.0968434931636492,0.0583204295202657,0.0,0.1709229776203319
0.1935934936706455,0.1121927539105988,0.0,0.0,0.0464996795453557,0.1975612206013386,0.1486390905204028,0.0954918889523794,0.0639979934639119,0.1135812287559569,0.0949150922399957,0.197820248103124,0.2251905404828676,0.0,0.0,0.1654073759279325,0.1102819493508543,0.2438213694340945,0.0,0.0,0.1056464044453313,0.0266169781813981,0.0777851668055881,0.0859277333991842,0.1925144995190529,0.2497566261563056,0.0,0.140242810251912,0.116119321283166,0.0,0.0195641769573556,0.1784814748519829,0.0,0.1809612284307413,0.0283310763294251,0.0909503763534622,0.007734772378263,0.0463340920812515,0.1195865326968437,0.3750751210758612,0.1300010994879663,0.0405399577730249,0.0,0.0,0.0,0.0810105651898458,0.0182580010294253,0.0,0.0,0.0,0.0,0.0,0.0,0.0,0.061573188828251,0.0,0.0833726533221937,0.0,0.0,0.0,0.0159456574198352,0.0859919747635154,0.099512560585342,0.0,0.046219988466236,0.0,0.0388636985237988,0.0179900880254687,0.0850997021202488,0.0195461679536772,0.1603054793577011,0.0,0.0,0.031349524870137,0.0,0.0613955933486744
0.0143075872310383,0.0,0.0220499834338307,0.0,0.1695145278836391,0.0,0.227866670635765,0.0933458180923342,0.0918582125453164,0.381011033708831,0.1171027117547521,0.2425389088154091,0.2104720620290088,0.0,0.0727653857032919,0.0,0.3698109936865473,0.1340517596286464,0.0223321692494706,0.0,0.1320349189228633,0.0,0.081516953133581,0.2686419604432554,0.0628412885662226,0.0,0.0776868910280768,0.2596413637529914,0.0638602437191371,0.1592727824298437,0.2753523438205607,0.0444848634408872,0.1809612284307413,0.0,0.183093436154978,0.0,0.1108177596574967,0.4981416645732257,0.0,0.2371697544009456,0.0,0.0,0.2094101577365633,0.0,0.1128402227874312,0.1313942107512214,0.179623673698582,0.0,0.0,0.0,0.0,0.0,0.2420732116329166,0.0,0.2058700890788907,0.0,0.1877375557556674,0.0,0.0,0.0,0.0481845601761572,0.0,0.0645661427533271,0.0,0.0,0.0713338056802047,0.0728754318457073,0.0760925679699933,0.2001220605718909,0.0759079941672567,0.0966805748229993,0.0,0.2656937573885337,0.0,0.0,0.0
0.0,0.0,0.0,0.0,0.0,0.0,0.0346842130345553,0.1389338522940034,0.0,0.2178032693965473,0.0,0.0894418903623739,0.0,0.0,0.0,0.066418700682611,0.3774826491841551,0.1123244173122892,0.0,0.0,0.0628218104150361,0.0,0.0819473054298271,0.3999362584733713,0.2187076088185996,0.0,0.0080804924384092,0.0875812671078531,0.0475665255507661,0.0,0.3125279250295737,0.0,0.0283310763294251,0.183093436154978,0.0,0.0,0.0,0.3510082441303565,0.0,0.0578691409099568,0.0,0.0,0.0062641840901956,0.0,0.1835657995175598,0.0,0.1271062017738698,0.0,0.0,0.0,0.0,0.0,0.0,0.0,0.0,0.0,0.1122056351495847,0.0,0.0,0.0,0.1105543242018352,0.0,0.0,0.0,0.0,0.0214477552155865,0.0,0.0392401943638604,0.0,0.1110463178611294,0.0406544580735414,0.0,0.0,0.0647327307777097,0.0,0.0
0.0,0.0,0.1939804235781156,0.2566087796079742,0.2374979363018291,0.1636844788347637,0.1625408544373613,0.0073525707124265,0.2479720723936022,0.0,0.3078596155034812,0.2213486370932886,0.273202327217566,0.0,0.0,0.0,0.0,0.0,0.2732598077586933,0.0667620353645968,0.0612515985526014,0.0,0.017249706151461,0.0,0.0,0.1230071854124169,0.0,0.3026480031813787,0.0392870459310859,0.0,0.0,0.1411128260248921,0.0909503763534622,0.0,0.0,0.0,0.2197301480296804,0.0,0.0239104332324102,0.1464526400518522,0.0705852220947424,0.0769313276721352,0.2755381659095594,0.3219562773217991,0.0,0.0,0.0,0.1209055081345184,0.0,0.0,0.0892943428963869,0.122808708985799,0.1459900200049261,0.0078703831205339,0.0,0.1713815696728896,0.1283997797322877,0.0393441097322802,0.0,0.0,0.0,0.0,0.0,0.1467579169211071,0.0,0.0,0.0,0.0391859344084683,0.0,0.0,0.0,0.016258090863043,0.2130657611992143,0.0077215105726446,0.0,0.0
0.0,0.0,0.2280145030833249,0.0,0.2566761241167581,0.0173132893311075,0.2185362326874814,0.1546628488563142,0.2218536526357867,0.2873061961993483,0.2576660374648963,0.1601661337337899,0.1904875360479164,0.0,0.0,0.0,0.0,0.0,0.1702509967831724,0.1943750531904292,0.0,0.0202732808396811,0.1996834093081459,0.0,0.0,0.0,0.1885954188062961,0.3046524066979258,0.1025436621533271,0.0,0.1966511194181491,0.0,0.007734772378263,0.1108177596574967,0.0,0.2197301480296804,0.0,0.1518235676295833,0.0,0.0,0.0,0.0,0.0,0.0,0.0,0.0,0.0,0.0,0.0,0.0,0.0,0.0,0.0,0.0,0.0,0.0,0.0,0.0,0.0,0.0,0.0,0.0,0.0,0.0,0.0,0.0,0.0,0.0,0.0,0.0,0.0,0.0,0.0,0.0,0.0,0.0
0.0,0.0,0.0,0.0,0.1443776538210783,0.0,0.1388679403346401,0.0,0.0400913917723318,0.4008402267776675,0.0858286594023035,0.1601767734598057,0.1133619687389279,0.0,0.0,0.0,0.4707516354747944,0.0,0.0,0.0,0.0,0.0,0.0,0.412621862105306,0.0841682991118006,0.0,0.0,0.2731466556234599,0.0,0.0,0.432142013697162,0.0,0.0463340920812515,0.4981416645732257,0.3510082441303565,0.0,0.1518235676295833,0.0,0.0,0.1753328908631248,0.0,0.0,0.0,0.0,0.2673212905812939,0.0,0.0,0.0,0.0,0.0,0.0,0.0,0.0,0.0,0.2594529488260283,0.0,0.2404638498547424,0.0,0.0,0.0,0.0,0.0,0.0,0.0,0.0,0.0,0.0,0.0,0.3228607982802191,0.0,0.1283523499612447,0.0,0.0,0.0,0.0,0.0
0.0840010439893652,0.2522276985788577,0.0,0.0,0.0,0.0170250423756191,0.0,0.0,0.0,0.0,0.0,0.0,0.0,0.0,0.0,0.0892414683478884,0.0,0.0,0.0420448719846373,0.0,0.0120783902587427,0.0,0.0,0.0,0.0383039564133313,0.1717624424564016,0.0,0.0,0.0,0.0,0.0,0.3977847913925772,0.1195865326968437,0.0,0.0,0.0239104332324102,0.0,0.0,0.0,0.0,0.3230328850965882,0.2734481092390985,0.0,0.1445977410580608,0.0,0.0,0.0,0.0,0.0,0.0,0.0128281042147756,0.0,0.0,0.0,0.0,0.0,0.0,0.0,0.0111071557603737,0.1186107147628776,0.0,0.0,0.0,0.0,0.0468524660401594,0.1039318587927712,0.0,0.0,0.0,0.0,0.0,0.1462590794343633,0.0,0.1044810409606561,0.2832167353641903,0.2814951637345825
0.1879511323549426,0.0,0.0,0.0,0.0,0.0,0.0,0.0,0.0,0.2661741985911016,0.0,0.2421448804848004,0.0,0.0,0.1405924289369092,0.0498182167924966,0.2129810047868142,0.2378087742023966,0.0,0.059314810959703,0.3377673071561443,0.1098822674035102,0.1951316124654478,0.2035299104886571,0.1632819923073533,0.0883721585780974,0.0,0.0,0.0,0.0,0.1811312251692375,0.1215705479007576,0.3750751210758612,0.2371697544009456,0.0578691409099568,0.1464526400518522,0.0,0.1753328908631248,0.0,0.0,0.0,0.0,0.387641768081464,0.2472739797932683,0.1146844684991758,0.2185706995910045,0.2152382883695924,0.0,0.0,0.2384369459583566,0.2297795369042037,0.2540596850072416,0.3509251108184548,0.14856471666231,0.2714240656010956,0.2190992092680496,0.2656735313252787,0.3549061872971815,0.0,0.0666575708100993,0.1270207605247643,0.2805720990259377,0.2834372902529836,0.0,0.0849132586009645,0.2402652440661978,0.1741828181605672,0.2205009009425797,0.2401440977665792,0.1902099836099013,0.3318626991129898,0.0,0.4092157710829127,0.1850639306844521,0.155564636012585,0.0
0.23502109678745,0.3225358655338552,0.0,0.0,0.0,0.0,0.0,0.0,0.0,0.0,0.0,0.0,0.0,0.0,0.0,0.0584009050206581,0.0,0.0,0.0,0.0,0.0,0.0,0.0,0.0,0.0,0.2422320333035905,0.0,0.0,0.0,0.0,0.0,0.3373071778037133,0.1300010994879663,0.0,0.0,0.0705852220947424,0.0,0.0,0.3230328850965882,0.0,0.0,0.3848452009366349,0.0,0.07407002320098,0.0,0.0,0.0,0.0,0.0,0.0,0.0,0.0,0.0,0.0,0.0,0.0,0.0,0.0,0.0,0.0,0.0,0.0,0.0,0.0,0.0,0.0,0.0,0.0,0.0,0.0,0.0,0.0,0.0,0.0,0.109974830866808,0.2989057603959018
0.0,0.2988782736197818,0.0,0.0,0.0,0.0355114294605245,0.0,0.0,0.0,0.0,0.0,0.0,0.0,0.0,0.0,0.1792507783697862,0.0,0.0,0.0,0.0,0.0,0.0,0.0,0.0,0.0035518398636481,0.2704747897831798,0.0,0.0,0.0,0.0,0.0,0.1396190528839481,0.0405399577730249,0.0,0.0,0.0769313276721352,0.0,0.0,0.2734481092390985,0.0,0.3848452009366349,0.0,0.0,0.0,0.0,0.0,0.0,0.0,0.0,0.0,0.0,0.0,0.0,0.0,0.0,0.0,0.0,0.0,0.0,0.0,0.0,0.0,0.0,0.0,0.0,0.0,0.0,0.0,0.0,0.0,0.0,0.0,0.0,0.0,0.0483175450962855,0.2531067006376289
0.0,0.0,0.2337321316323706,0.0,0.4029067994217464,0.1106535267066047,0.0,0.2904565593125882,0.3454163100985076,0.0,0.4073337523768527,0.0,0.2175910417076172,0.0,0.0,0.0,0.0,0.0,0.2796769242122342,0.0,0.0,0.0,0.2925876778135093,0.0,0.0,0.0,0.2215585672584688,0.3295512257696647,0.0,0.0,0.0,0.0961097423773265,0.0,0.2094101577365633,0.0062641840901956,0.2755381659095594,0.0,0.0,0.0,0.387641768081464,0.0,0.0,0.0,0.377907332157647,0.0544922159537191,0.0,0.0,0.2743639181388465,0.2911997671247218,0.4040902280877818,0.2388235572400349,0.4367001166147813,0.4474811474484821,0.2989499278926896,0.3448788775797395,0.4671108704112831,0.2868272249390532,0.4276834213320978,0.1497892007258837,0.1968311364506866,0.0,0.3704575333424983,0.0,0.3565174966793983,0.219817547524207,0.3429475074902725,0.3387301702436729,0.3351639150682963,0.2131337427551876,0.2549900589909678,0.3639044069041794,0.0910624015134438,0.4454336777974725,0.2211979999708899,0.0,0.0267812654923256
0.0,0.0,0.0,0.0,0.0,0.0,0.0,0.0,0.0,0.0,0.0,0.0,0.0,0.0,0.0,0.0,0.0,0.0,0.0,0.0,0.0,0.0,0.0,0.0,0.0,0.0,0.0,0.0,0.0,0.0,0.0,0.1839962620453518,0.0,0.0,0.0,0.3219562773217991,0.0,0.0,0.1445977410580608,0.2472739797932683,0.07407002320098,0.0,0.377907332157647,0.0,0.0460723458247881,0.0,0.0,0.175348616270981,0.0512756011555656,0.1023578027641822,0.1180478568819926,0.2308067637610954,0.1603799299365532,0.083724993387418,0.0660130807467755,0.2807278967350421,0.0759368171330807,0.2101672625377088,0.0,0.0,0.0,0.0,0.0,0.2477969280716097,0.0,0.0,0.0,0.1162233535497949,0.0,0.0,0.0,0.103217296751538,0.4120556112782372,0.1157910764448142,0.0,0.1875364278400368
0.0,0.0,0.0,0.0,0.0,0.0,0.0,0.0,0.0,0.2339115843158095,0.0,0.063054253590643,0.0,0.0,0.0,0.0,0.0,0.0,0.0,0.0,0.0,0.0,0.0,0.2791089494331702,0.0,0.0,0.0,0.0,0.0,0.0,0.0,0.0,0.0,0.1128402227874312,0.1835657995175598,0.0,0.0,0.2673212905812939,0.0,0.1146844684991758,0.0,0.0,0.0544922159537191,0.0460723458247881,0.0,0.1615254380514678,0.0,0.0,0.0,0.0,0.0,0.1891028199271488,0.0,0.0846975537889641,0.2597545585404181,0.0476723104045941,0.1589773593773722,0.1765961433644567,0.0,0.0,0.0,0.0492080762457999,0.0,0.0,0.0,0.0,0.0,0.0,0.1687359665815834,0.1583634899995918,0.1035140516653629,0.0,0.1122918836667129,0.0,0.0,0.0
0.1545949004706014,0.0,0.0,0.0,0.0,0.0,0.0,0.0,0.0,0.0,0.0,0.0,0.0,0.0,0.0,0.2062943068902939,0.0,0.1958263869548801,0.0,0.0,0.2709133374191135,0.3051841544839534,0.0,0.1740008388055092,0.2600975264343095,0.0,0.0,0.0,0.0,0.0,0.2828053319309612,0.0,0.0810105651898458,0.1313942107512214,0.0,0.0,0.0,0.0,0.0,0.2185706995910045,0.0,0.0,0.0,0.0,0.1615254380514678,0.0,0.2976618529890664,0.0,0.0,0.0,0.272922906395063,0.0,0.2506126074063621,0.0,0.3030078502247785,0.0,0.0845508140905118,0.2894316578965245,0.0,0.0,0.3871004897184812,0.0,0.3017319670913059,0.0,0.209288654976808,0.2127366465993379,0.2408151685070974,0.2937285184521221,0.1510143332902939,0.3656825913573088,0.3140433781079019,0.2301070342774595,0.1910107897979635,0.3273009368472822,0.0,0.0467727795198567
0.0,0.0,0.0,0.0,0.0,0.0,0.0,0.0,0.0,0.0,0.0,0.0,0.0,0.0,0.5159552188466957,0.0892978694658304,0.0,0.2578167493397341,0.0,0.4144639214785546,0.5350728022426163,0.4346097204713957,0.5368308988308498,0.0,0.2475390409791088,0.0,0.5847914979586153,0.0,0.4502143529718043,0.0,0.4907907616782392,0.0,0.0182580010294253,0.179623673698582,0.1271062017738698,0.0,0.0,0.0,0.0,0.2152382883695924,0.0,0.0,0.0,0.0,0.0,0.2976618529890664,0.0,0.0,0.0,0.0,0.3095404943354038,0.5710189361325472,0.4754697774227749,0.5812565213688276,0.5321269561038998,0.0,0.0,0.559015514505237,0.0,0.1758533704098873,0.4798488616110004,0.4474926522386411,0.4005355727528236,0.0,0.2954253917387131,0.4309399371983569,0.5132538025196439,0.5242494124959175,0.0,0.5842842398721672,0.4459126115822326,0.2654428998322979,0.3070044682454739,0.3960564199006173,0.0,0.0
0.0,0.0,0.6019858539970527,0.0,0.336553413626168,0.2356723806555826,0.0,0.2565392338697329,0.564315372574625,0.0,0.451219971282304,0.0,0.1249706497743695,0.0,0.0,0.0,0.0,0.0,0.4721685111626396,0.0,0.0,0.0,0.3898486069721686,0.0,0.0,0.0,0.4755238502663712,0.0,0.0,0.0,0.0,0.0,0.0,0.0,0.0,0.1209055081345184,0.0,0.0,0.0,0.0,0.0,0.0,0.2743639181388465,0.175348616270981,0.0,0.0,0.0,0.0,0.2425326488799026,0.4250434851595831,0.3149342054802508,0.3887450600620458,0.4012690656835139,0.5877668934162563,0.0,0.543978561064664,0.0,0.3606258440819308,0.0,0.0,0.0,0.0,0.0,0.5900314881066886,0.0,0.0,0.0,0.421559300225107,0.0,0.0,0.0,0.4479235030891724,0.3403714336040505,0.2573991470605031,0.3157113210922502,0.1073837236922438
0.0,0.0,0.0,0.0,0.0,0.0,0.0,0.0,0.0,0.0,0.0,0.0,0.0,0.0,0.0,0.0,0.0,0.0,0.0,0.0,0.0,0.0,0.0,0.0,0.0,0.0,0.0,0.0,0.0,0.0,0.0,0.0,0.0,0.0,0.0,0.0,0.0,0.0,0.0,0.0,0.0,0.0,0.2911997671247218,0.0512756011555656,0.0,0.0,0.0,0.2425326488799026,0.0,0.4955959113098047,0.0371188639091335,0.4279361799468324,0.3746592957489481,0.3634497115331412,0.0,0.354813139025259,0.0,0.3998502600804043,0.0753627891783271,0.0,0.0,0.0,0.0,0.3033253969619337,0.0,0.0,0.0,0.2683951510616846,0.0,0.0,0.0,0.0,0.245980527987056,0.0,0.0,0.0
0.0,0.0,0.3067803259562115,0.0,0.0,0.0,0.0,0.4138382296616446,0.0,0.0,0.3252598749411458,0.0,0.0,0.0,0.0,0.0,0.0,0.0,0.0,0.0,0.0,0.0,0.4523995541141227,0.0,0.0,0.0,0.0,0.0,0.0,0.0,0.0,0.0,0.0,0.0,0.0,0.0,0.0,0.0,0.0,0.2384369459583566,0.0,0.0,0.4040902280877818,0.1023578027641822,0.0,0.0,0.0,0.4250434851595831,0.4955959113098047,0.0,0.2548867772654953,0.5624852913802123,0.5244373491718025,0.5387097818943,0.5411574681477558,0.5225635180171141,0.3351396082365478,0.550588180058492,0.1868171531667398,0.0,0.0,0.0,0.0,0.4795081492358398,0.0,0.0,0.0,0.4620142881852601,0.0,0.0,0.0,0.1551147928266225,0.3377223226826698,0.0,0.0,0.0
0.0,0.0,0.2731499387644588,0.0,0.0,0.4924334900718683,0.1882349274555911,0.3489007055444309,0.2377111118537867,0.0,0.1436671029969069,0.0,0.2489644326631322,0.0,0.2778212515263012,0.0,0.0,0.0,0.1580212190563467,0.2814521129413265,0.3121302063872506,0.3045659448704516,0.4737373945549217,0.0,0.0,0.0,0.3084908766407681,0.0743762020759679,0.4497085129887602,0.0,0.1056922492904271,0.1021387822920907,0.0,0.0,0.0,0.0892943428963869,0.0,0.0,0.0128281042147756,0.2297795369042037,0.0,0.0,0.2388235572400349,0.1180478568819926,0.0,0.272922906395063,0.3095404943354038,0.3149342054802508,0.0371188639091335,0.2548867772654953,0.0,0.274484309059143,0.4328245716475197,0.3320421759370536,0.2912699869736234,0.2598589021472532,0.0,0.3616635888859418,0.1637811782004632,0.1975338150446693,0.2903188823218481,0.2944558998447513,0.4809783911273895,0.2358037554186253,0.2917466831369189,0.1703029683575873,0.3154320567455539,0.5446093995013497,0.0,0.4064216252521351,0.362669462566404,0.3261082080402105,0.2897219866586949,0.4478918656408836,0.1359683589969026,0.1035555105991466
0.0,0.0,0.0,0.0,0.0,0.1592402106606891,0.0,0.4185367572442003,0.0,0.0,0.3455261531069558,0.0,0.0,0.0,0.0,0.0,0.0,0.0,0.0,0.0,0.0,0.0,0.4377566258151225,0.0,0.0,0.0,0.4830752730193016,0.0,0.0,0.0,0.0,0.0,0.0,0.0,0.0,0.122808708985799,0.0,0.0,0.0,0.2540596850072416,0.0,0.0,0.4367001166147813,0.2308067637610954,0.1891028199271488,0.0,0.5710189361325472,0.3887450600620458,0.4279361799468324,0.5624852913802123,0.274484309059143,0.0,0.510160480579905,0.5019565353715573,0.488791817384964,0.4863890286476426,0.288040853712561,0.5501815319936226,0.0651977173700632,0.0,0.4032609948265397,0.4218046323626979,0.3339429629957321,0.4700775649303125,0.3060993414390116,0.0,0.4563659056696075,0.4378996230782725,0.0,0.43613815908958,0.349335438644906,0.2268578014864253,0.3781500331811013,0.3027346063763912,0.0,0.0
