0.0,0.3696184044979397,0.0,0.0,0.0,0.0,0.0,0.0,0.0,0.0,0.0,0.1448329836070688,0.3178609265222058,0.0,0.0,0.0,0.0,0.0,0.0,0.0,0.0809542907863353,0.0,0.0,0.0,0.1030262280391281,0.4992414738631501,0.0,0.346412522206381,0.0,0.0,0.0,0.4144456598195305,0.3059614438600108,0.0231395266129321,0.0,0.0,0.0,0.0,0.1287283561006797,0.2785813745898404,0.3382984014611246,0.0,0.0,0.0,0.0,0.2341882260328298,0.0,0.0,0.0,0.0,0.0,0.0,0.0,0.0,0.0,0.0,0.0,0.0,0.0,0.0,0.0,0.0,0.0,0.0,0.0,0.1454601206497218,0.0,0.0,0.0751366666012862,0.0,0.0522029038081692,0.0,0.0,0.0,0.0,0.238991023470468
0.3696184044979397,0.0,0.0,0.0,0.0,0.1070445204417183,0.0342688489702288,0.0,0.0,0.0,0.0,0.0,0.0,0.0,0.0,0.4118418555549171,0.0,0.042159229521142,0.0,0.0,0.0,0.0,0.0,0.0,0.3808472132365998,0.7387328710832602,0.0,0.0,0.0,0.0,0.0,0.3847548692853846,0.1683391609371205,0.0,0.0,0.0,0.0,0.0,0.3839488070255705,0.0,0.4512335271128446,0.4382011329691118,0.0,0.0,0.0,0.0,0.0,0.0,0.0,0.0,0.0,0.0,0.0,0.0,0.0,0.0,0.0,0.0,0.0,0.0,0.0,0.0,0.0,0.0,0.0,0.0,0.0,0.0,0.0,0.0,0.0,0.0,0.0,0.0,0.0,0.0
0.0,0.0,0.0,0.2591400215291948,0.5838004317319772,0.384140667213093,0.1715940665487188,0.2485821029864044,0.8694123311365182,0.2443559582610354,0.7795915508168212,0.0512246807676504,0.2765477475634735,0.0,0.0,0.0,0.0,0.0,0.8370748074218886,0.0,0.0,0.0,0.4343149658166466,0.0,0.0,0.0,0.5636795321429474,0.4582988644914328,0.0,0.0,0.3046257087932474,0.0,0.0119524062861279,0.0310776099540879,0.0,0.3228336359182074,0.3686470258572816,0.0,0.0,0.0,0.0,0.0,0.3519136485179837,0.0,0.0,0.0,0.0,0.9219255449951708,0.0,0.4888034466413999,0.4158573552892297,0.4946011888952608,0.481354456666,0.7389357006294494,0.0,0.7782917787423913,0.0,0.4085969708243325,0.0,0.0,0.0,0.0,0.0,0.8674699662935585,0.0,0.0,0.0,0.4512292209298718,0.0,0.0,0.0,0.6577439757676088,0.5410188740608983,0.0,0.0,0.0
0.0,0.0,0.2591400215291948,0.0,0.0304251797947538,0.3478179454810945,0.0,0.0,0.2243514844942209,0.0,0.1636802563889113,0.0,0.2237832898721067,0.1914994032656918,0.0,0.0,0.0,0.0,0.2916721182571161,0.2413670486415419,0.0,0.0,0.0,0.0,0.0,0.0,0.0703085045633482,0.0779276175410272,0.1781272236373287,0.0,0.0,0.0737620306634156,0.0,0.0,0.0,0.3841653856274364,0.0,0.0,0.0,0.0,0.0,0.0,0.0,0.0,0.0,0.0,0.0,0.0,0.0,0.0,0.0,0.0,0.0,0.0,0.0,0.0,0.0,0.0,0.0,0.0,0.0,0.0,0.0,0.0,0.0,0.0,0.0,0.0,0.0,0.0,0.0,0.0,0.0,0.0,0.0,0.0
0.0,0.0,0.5838004317319772,0.0304251797947538,0.0,0.1204978815360066,0.5382005419640072,0.2793278264549884,0.6903048480258691,0.3064410095570501,0.8466621215038651,0.2593098085126197,0.3993137055926641,0.0,0.0,0.0,0.0,0.0,0.5732203768973246,0.5534747735414685,0.0,0.3941707730885342,0.2740059694751603,0.0,0.0,0.0,0.404430946671087,0.5479059736029385,0.2088528851904939,0.0,0.1692387132632376,0.1757373810314839,0.0668895129832818,0.2500239652919883,0.0,0.3731835259178092,0.3922151135843333,0.2037530147454701,0.0,0.0,0.0,0.0,0.5731586749219507,0.0,0.0,0.0,0.0,0.5213892813892091,0.0,0.6165736349430235,0.1345758686186662,0.0,0.449706075913622,0.4935795585515596,0.0,0.7751023538713677,0.0,0.0,0.0,0.0,0.0,0.0,0.0,0.6759011968204266,0.0,0.0,0.0,0.2644784504795149,0.0,0.0,0.0,0.362323179701297,0.0,0.0,0.0,0.0
0.0,0.1070445204417183,0.384140667213093,0.3478179454810945,0.1204978815360066,0.0,0.3654886269930728,0.5460072637017063,0.398191946880549,0.2204081353682027,0.2143668255607765,0.243797595710547,0.4832307199519081,0.0,0.273400312944845,0.5433921800976415,0.1311872706176256,0.644427004262322,0.2954810371692962,0.3647862161371413,0.2861150911331677,0.4114759785899593,0.6694614431770599,0.0,0.4292569847870285,0.3241890709469753,0.4578523691440833,0.0268018457881845,0.7123793973789679,0.145276972795781,0.0,0.0738128419233928,0.2998155130278278,0.0,0.0,0.2721679800567945,0.0268017190778682,0.0,0.0320808323297835,0.0,0.0,0.050378913473916,0.1659403504804582,0.0,0.0,0.0,0.2514434440193199,0.3889329685238707,0.0,0.1963756969707436,0.7518391803741251,0.2574958249983693,0.4920699669730087,0.4428581319086681,0.0,0.2753045273745902,0.0,0.2860369533883263,0.0,0.0558712831874861,0.0,0.0,0.0,0.303090556894444,0.4214744455529645,0.0,0.3695647842301331,0.5588938647956584,0.0,0.0,0.2344455224229585,0.4164757881794307,0.2241112959931849,0.3704045620670643,0.1841250595391327,0.1354323896844885
0.0,0.0342688489702288,0.1715940665487188,0.0,0.5382005419640072,0.3654886269930728,0.0,0.359437137706253,0.3040117160666433,0.4533710201766228,0.3443171154017795,0.2725597575124438,0.4892183050481393,0.0,0.0,0.2389908719653595,0.2092108373172566,0.5056852527524635,0.192147644056811,0.134465823307562,0.0,0.1888516177251792,0.3338138212174116,0.0,0.2938907884053418,0.0,0.3226302794455029,0.2979199079993794,0.5136377662508034,0.0,0.144258776987969,0.1679016777911603,0.2258550405910585,0.3351980245034153,0.042616339347626,0.2586745264082964,0.3226267374733509,0.1942154575435762,0.0,0.0,0.0,0.0,0.434681599593196,0.0,0.0,0.0,0.0,0.1874827168205296,0.0,0.0,0.2975963055947769,0.0,0.4742390850741412,0.2914793734057815,0.0,0.4087200245093422,0.0,0.0,0.0,0.0,0.0,0.0,0.0,0.3301436173217419,0.0,0.0,0.0,0.3065339345778449,0.0,0.0,0.0,0.0851462858196728,0.0,0.0,0.0,0.0
0.0,0.0,0.2485821029864044,0.0,0.2793278264549884,0.5460072637017063,0.359437137706253,0.0,0.2967605379030326,0.5906036444107549,0.222053789339189,0.2214919939836853,0.0712239002763554,0.0,0.5514938488759452,0.3146739912936817,0.0,0.4271218900358253,0.1312894640973445,0.4364467881238439,0.7862914343249344,0.5125044804986906,0.9047963824782496,0.3780813055263805,0.4533877385101286,0.0,0.7188161986953578,0.0,0.663865118025485,0.0,0.4725958306132317,0.0,0.1478679678057788,0.1379659039990311,0.2016964293864007,0.0176701423171352,0.2164666308886208,0.0,0.0,0.0,0.0,0.0,0.4383944483632074,0.0,0.0,0.0,0.0,0.3877156910787668,0.0,0.6324362328565288,0.531508946007667,0.6303325972040814,0.6778520960673082,0.6393410433148905,0.0,0.4601099928802045,0.0,0.6005875217731537,0.2452066951374999,0.1237590509854472,0.0,0.0,0.0,0.4050911959496783,0.3240654027110909,0.5253069737073603,0.0,0.7820279243552872,0.0,0.0,0.0,0.3076755212771352,0.2760118168769409,0.539761134176567,0.0,0.0
0.0,0.0,0.8694123311365182,0.2243514844942209,0.6903048480258691,0.398191946880549,0.3040117160666433,0.2967605379030326,0.0,0.2513556781409281,0.8238999723141495,0.0454831128044863,0.3488426766584437,0.0,0.0,0.0,0.0,0.2719682647543445,0.8388666414538194,0.8410049388306987,0.0,0.6224027650719013,0.4365503378321577,0.0,0.0,0.0,0.6149582378570075,0.4785007338495672,0.4963943740344678,0.5741212878000641,0.2461393050351197,0.0,0.0934518264608305,0.1332630489209602,0.0,0.4030712115173965,0.3335868535070084,0.0480097389578409,0.0,0.0,0.0,0.0,0.4970968074147576,0.0,0.0,0.0,0.0,0.8638297608757665,0.0,0.5544102021830147,0.3698768266902992,0.5744646773793558,0.549509393572362,0.795801086246444,0.0,0.8439413823938966,0.0,0.4798330185395224,0.0,0.0,0.0,0.0,0.0,0.8767016685100283,0.0,0.0,0.0,0.4574540816228779,0.0,0.0,0.0,0.6385521706545954,0.6026900959353274,0.0,0.0,0.0
0.0,0.0,0.2443559582610354,0.0,0.3064410095570501,0.2204081353682027,0.4533710201766228,0.5906036444107549,0.2513556781409281,0.0,0.2351048950233112,0.437769411218052,0.3521353818938387,0.0,0.0,0.1163736324228754,0.8151581324510954,0.5034266489323602,0.111104099303369,0.267700987102885,0.0,0.3408805453814737,0.5900433851123202,0.6423966194735369,0.4586202465007059,0.0,0.5266361035505559,0.4121687828001795,0.4912507804336612,0.0,0.7319383647011423,0.0,0.1673896564021533,0.5568280061189953,0.3354420609845071,0.0,0.4167474338537944,0.6024240803220116,0.0,0.3978677727580247,0.0,0.0,0.0,0.0,0.3516279265619861,0.3931550346073684,0.0,0.0,0.0,0.0,0.0,0.0,0.0,0.0,0.8456462383269856,0.0,0.6804480294747836,0.8111822484403994,0.0,0.0,0.0,0.7110611225426068,0.4806484373051421,0.0,0.0,0.0,0.0,0.0,0.4778092316065856,0.6752676098104029,0.5808977173189124,0.0,0.5154456669861076,0.0,0.0,0.0
0.0,0.0,0.7795915508168212,0.1636802563889113,0.8466621215038651,0.2143668255607765,0.3443171154017795,0.222053789339189,0.8238999723141495,0.2351048950233112,0.0,0.2393493302317985,0.4294671070280901,0.0,0.0,0.0,0.0535369218967144,0.0,0.8344207875357347,0.0,0.0,0.0,0.2713301358468739,0.0,0.0,0.0,0.3817645738698859,0.6287849380306003,0.0,0.0,0.1297292865700069,0.2013326670873692,0.1368925181793696,0.1716679990870614,0.0,0.4928355989966244,0.4060835687611504,0.1208201633840185,0.0,0.0,0.0,0.0,0.5988968764746148,0.0,0.0,0.0,0.0,0.6909657107103901,0.0,0.5147554494505325,0.219043881662438,0.5353127201184318,0.485079135485208,0.5385695019918622,0.0,0.8709996309262942,0.0,0.4313333160272522,0.0,0.0,0.0,0.0,0.0,0.8019347828908722,0.0,0.0,0.0,0.3118733675428316,0.0,0.0,0.0,0.401300272610912,0.6501497784165275,0.0,0.0,0.0
0.1448329836070688,0.0,0.0512246807676504,0.0,0.2593098085126197,0.243797595710547,0.2725597575124438,0.2214919939836853,0.0454831128044863,0.437769411218052,0.2393493302317985,0.0,0.4740915744417456,0.0,0.0,0.0,0.3964746697457172,0.4053579202194248,0.153381607488043,0.0,0.2003166181126834,0.0,0.1030827677582876,0.468704068326325,0.0253442429675615,0.3497810095274986,0.0,0.4367882417861457,0.0,0.0,0.0501202210864275,0.0314891502562309,0.2857277843036844,0.333683977604341,0.109416938711563,0.3330476169141921,0.2415664342115386,0.2344039359989518,0.0,0.3524759256767925,0.0,0.0,0.3458781264525228,0.0,0.0905953214718533,0.0,0.0,0.0,0.0,0.0,0.0,0.0,0.0,0.0,0.3003791976128588,0.0,0.5443873448487001,0.318151272824706,0.0,0.0,0.0,0.414897721991007,0.1274361408024806,0.0,0.0,0.0,0.0,0.0,0.3326943695088385,0.0,0.1721223030048765,0.0,0.2859864093561242,0.0,0.0,0.0
0.3178609265222058,0.0,0.2765477475634735,0.2237832898721067,0.3993137055926641,0.4832307199519081,0.4892183050481393,0.0712239002763554,0.3488426766584437,0.3521353818938387,0.4294671070280901,0.4740915744417456,0.0,0.0,0.10480539418447,0.0,0.3371484098215574,0.3917811713853841,0.3377933287705066,0.0888919663684771,0.1704044567093836,0.0,0.1830167819018667,0.0261912527753678,0.1237386628026983,0.2882836363263255,0.0,0.7030649461737791,0.3090836148566158,0.6713864053325785,0.0,0.2364391660648241,0.3432359220408937,0.3267326112595649,0.0,0.4418649564855464,0.2891358831190909,0.167176545755438,0.0,0.3797487974998376,0.0,0.0,0.3332445488810905,0.0,0.0,0.0,0.0,0.2065033870641419,0.0,0.0,0.3874209979964066,0.2105484341771666,0.4334793208688383,0.0,0.0,0.3670858351514385,0.3892275713374341,0.0,0.0,0.0936089093584592,0.0,0.0,0.0,0.0,0.1338840068936675,0.0,0.128146874100128,0.1964829768090598,0.0,0.0563672019024951,0.1956700953721927,0.0,0.0,0.1284074212792164,0.0,0.0
0.0,0.0,0.0,0.1914994032656918,0.0,0.0,0.0,0.0,0.0,0.0,0.0,0.0,0.0,0.0,0.0,0.0,0.0,0.0,0.0,0.0,0.0,0.0,0.0,0.0,0.0,0.0,0.0,0.0,0.0,0.0,0.0,0.0,0.0,0.0,0.0,0.0,0.0,0.0,0.1337648520309192,0.0,0.0,0.0,0.0,0.0,0.0,0.0,0.0,0.0,0.0,0.0,0.0,0.0,0.0,0.0,0.0,0.0,0.0,0.0,0.0,0.0,0.0,0.0,0.0,0.0,0.0,0.0,0.0,0.0,0.0,0.0,0.0,0.0,0.0,0.0,0.0,0.0
0.0,0.0,0.0,0.0,0.0,0.273400312944845,0.0,0.5514938488759452,0.0,0.0,0.0,0.0,0.10480539418447,0.0,0.0,0.0,0.0,0.2180389675732987,0.0,0.8875056708801358,0.6715184799713096,0.852664949035959,0.6329838987447375,0.0,0.162892379915188,0.0,0.807345929703163,0.1937365222012464,0.5462439352747626,0.0,0.475788200796705,0.0,0.0,0.1036956979202727,0.0,0.0,0.0,0.0,0.0,0.1946827839121405,0.0,0.0,0.3945694639712911,0.0,0.0,0.0,0.7556409287559229,0.0,0.0,0.0,0.4127195086440599,0.0,0.5454230805553941,0.0,0.0,0.0,0.0,0.6724339786144795,0.0,0.6761206738989436,0.5428506643293219,0.0,0.0,0.0,0.8118682690073917,0.6130912915533929,0.946817069989229,0.6199999753477949,0.0,0.6126065933220675,0.5043737563016543,0.701743630177759,0.5285148664479856,0.4781046114953401,0.0,0.0583460009652892
0.0,0.4118418555549171,0.0,0.0,0.0,0.5433921800976415,0.2389908719653595,0.3146739912936817,0.0,0.1163736324228754,0.0,0.0,0.0,0.0,0.0,0.0,0.1053555499463747,0.6092017905597215,0.0,0.0,0.0876079070552685,0.3118183832236126,0.3557525611640674,0.0883569410578142,0.7294006833549956,0.342487488808416,0.2766976205591671,0.0,0.5430512819244795,0.0,0.0757219601284087,0.0,0.2592350708104014,0.0,0.0889683288933804,0.0,0.0,0.0,0.1371282630564938,0.081970845414249,0.0850962802183815,0.2680876712534915,0.0,0.0,0.0,0.3044662346350704,0.1505902364993601,0.0,0.0,0.0,0.0,0.0,0.0,0.0,0.0,0.0,0.0,0.0,0.0,0.0,0.4205440355293967,0.0,0.3233337328757228,0.0,0.1154199955982672,0.0,0.0630828280495408,0.2017805141922643,0.0,0.3391091676582378,0.1072239759655197,0.2488327668056087,0.0,0.2960445980239792,0.0,0.1566141383485483
0.0,0.0,0.0,0.0,0.0,0.1311872706176256,0.2092108373172566,0.0,0.0,0.8151581324510954,0.0535369218967144,0.3964746697457172,0.3371484098215574,0.0,0.0,0.1053555499463747,0.0,0.4783578346407153,0.0,0.0809750373471918,0.0,0.1447056266285968,0.0,0.7214372384325506,0.4104954036595332,0.0,0.0,0.5108779025179773,0.3176598137204545,0.0,0.7618436528820657,0.0,0.167698194561081,0.5102403895082973,0.4508584451362562,0.0,0.0,0.6698812299039942,0.0,0.3118473241181539,0.0,0.0,0.0,0.0,0.0,0.0,0.0,0.0,0.0,0.0,0.0,0.0,0.0,0.0,0.569363701500782,0.0,0.5561480410042421,0.0,0.0,0.0,0.0,0.3987858613682365,0.2528755204842061,0.0,0.0,0.0,0.0,0.0,0.516325747954668,0.4372656843668249,0.4058118913987838,0.0,0.0,0.0,0.0,0.0
0.0,0.042159229521142,0.0,0.0,0.0,0.644427004262322,0.5056852527524635,0.4271218900358253,0.2719682647543445,0.5034266489323602,0.0,0.4053579202194248,0.3917811713853841,0.0,0.2180389675732987,0.6092017905597215,0.4783578346407153,0.0,0.0,0.1956002999145712,0.3094088473502113,0.3177198226307789,0.4906129234292866,0.2498960091486994,0.5802736822454216,0.1968528645286991,0.4087620035011345,0.2179063450703264,0.6449471607782156,0.2519531566982772,0.2702754764361734,0.0,0.369459256598216,0.1940713429902172,0.1548380007066341,0.0,0.0,0.0,0.0,0.3527881868530981,0.0,0.0,0.0,0.0,0.0,0.2806200318616766,0.3936079053940233,0.0,0.0,0.0,0.0,0.0,0.0,0.0,0.434862375078101,0.0,0.4087160815730896,0.0,0.0,0.0,0.3611169295735514,0.3846105672576498,0.5138296864747353,0.0,0.0,0.0,0.3114938186903461,0.0,0.1931847253479867,0.4175063346057783,0.3072106418777837,0.0,0.0,0.0,0.0,0.0
0.0,0.0,0.8370748074218886,0.2916721182571161,0.5732203768973246,0.2954810371692962,0.192147644056811,0.1312894640973445,0.8388666414538194,0.111104099303369,0.8344207875357347,0.153381607488043,0.3377933287705066,0.0,0.0,0.0,0.0,0.0,0.0,0.0,0.0,0.0,0.2374201288137922,0.0,0.0,0.0,0.3388849351672363,0.5820720100626814,0.0,0.0,0.2528658004885221,0.0588615721526481,0.0,0.0347525765030119,0.0,0.4428501170507956,0.2717707898608933,0.028490480651823,0.0657485369182611,0.0,0.0,0.0,0.4223670574255878,0.0,0.0,0.0,0.0,0.7311663063640432,0.0,0.341832174971413,0.2460130220783996,0.3726194603407446,0.3662251611110414,0.5352069515608643,0.0,0.746355927789155,0.0,0.2876103658186373,0.0,0.0,0.0,0.0,0.0,0.7923377095421072,0.0,0.0,0.0,0.2819895613887179,0.0,0.0,0.0,0.4786694028752879,0.0,0.0,0.0,0.0
0.0,0.0,0.0,0.2413670486415419,0.5534747735414685,0.3647862161371413,0.134465823307562,0.4364467881238439,0.8410049388306987,0.267700987102885,0.0,0.0,0.0888919663684771,0.0,0.8875056708801358,0.0,0.0809750373471918,0.1956002999145712,0.0,0.0,0.5184456834437652,0.8531920326632105,0.5767244771680866,0.0,0.0,0.0,0.8323225387414164,0.204968973713618,0.5582937062454237,0.2676168273948761,0.4126511046382778,0.0,0.0,0.0,0.0,0.1165410618584386,0.2967720485636872,0.0,0.0,0.0739525754151327,0.0,0.0,0.3527809350238905,0.0,0.0,0.0,0.6068811169224579,0.0,0.0,0.0,0.4069668919608922,0.0,0.4880687502010333,0.0,0.0,0.0,0.0,0.5027388608233705,0.0,0.7102421917636721,0.4909620623506529,0.0,0.0,0.0,0.92861836205593,0.463623290796613,0.9158021144903388,0.5857253833529441,0.0,0.4843903810913766,0.3507856337302123,0.811621877915583,0.4492962508253983,0.4130967278578842,0.5837099579597796,0.1904228158068597
0.0809542907863353,0.0,0.0,0.0,0.0,0.2861150911331677,0.0,0.7862914343249344,0.0,0.0,0.0,0.2003166181126834,0.1704044567093836,0.0,0.6715184799713096,0.0876079070552685,0.0,0.3094088473502113,0.0,0.5184456834437652,0.0,0.5626690920012662,0.7237098319568217,0.2447494176074405,0.3723371609772913,0.0,0.6453815398706294,0.1981514254606398,0.5834893868924395,0.0,0.4668957579383013,0.0693595641797416,0.1721208374362251,0.204150634737922,0.0904525293850951,0.0,0.0,0.0,0.0316239392881733,0.510667390834538,0.0,0.0,0.0,0.0,0.0,0.4007984171223458,0.8126103880103697,0.0,0.0,0.0,0.4830917088140928,0.0,0.7115974632102166,0.0,0.0,0.0,0.0,0.7855317548546756,0.0,0.3423836525556221,0.5462326815056818,0.0,0.0,0.0,0.466134973960137,0.8114016701707537,0.6944686338654127,0.7264919474818666,0.0,0.6894198964153896,0.6862173913449816,0.3824934918747093,0.6118101290614931,0.5968222271791319,0.0,0.0
0.0,0.0,0.0,0.0,0.3941707730885342,0.4114759785899593,0.1888516177251792,0.5125044804986906,0.6224027650719013,0.3408805453814737,0.0,0.0,0.0,0.0,0.852664949035959,0.3118183832236126,0.1447056266285968,0.3177198226307789,0.0,0.8531920326632105,0.5626690920012662,0.0,0.6081189367135493,0.0,0.3694853522759914,0.0,0.816720780920419,0.0,0.6511199888656579,0.0,0.3961628515771326,0.0,0.0384738353593922,0.0,0.0,0.0,0.0411806091052097,0.0,0.0,0.1571296397589291,0.0,0.0,0.2318934040156355,0.0,0.0,0.4454706600838046,0.6476066406147912,0.0,0.0,0.0,0.4519208656643628,0.0,0.0,0.0,0.0,0.0,0.0,0.0,0.0,0.5722761434114909,0.6522642171068906,0.0,0.4754983995864162,0.0,0.853277304593578,0.4464160896556025,0.8911286701125086,0.5355583527113648,0.0,0.5996018345883587,0.4277019524505047,0.8187904856385781,0.3157837491265245,0.5769110911401623,0.0,0.1335336365013939
0.0,0.0,0.4343149658166466,0.0,0.2740059694751603,0.6694614431770599,0.3338138212174116,0.9047963824782496,0.4365503378321577,0.5900433851123202,0.2713301358468739,0.1030827677582876,0.1830167819018667,0.0,0.6329838987447375,0.3557525611640674,0.0,0.4906129234292866,0.2374201288137922,0.5767244771680866,0.7237098319568217,0.6081189367135493,0.0,0.3184489213300447,0.4706298046766921,0.0,0.816412769162235,0.0176618740338473,0.7994715996185054,0.0,0.5389304531793254,0.0,0.1267954022112206,0.1229664696297559,0.1159163094897916,0.0325316189491346,0.2729754306739739,0.1932042309227752,0.0,0.2877285683908205,0.0,0.0,0.4373237999362714,0.0384556244211356,0.0,0.0,0.8113719411913026,0.6002724044494661,0.0,0.6910302997116817,0.7245167744425236,0.6604474177115152,0.7914028185789022,0.7755549856607427,0.0,0.5571158353849338,0.0,0.6844012986652244,0.2891116227901047,0.1724262422568605,0.0,0.0,0.0,0.5318461715045154,0.4878874779621254,0.4423406484463931,0.663451267583555,0.9274750336556176,0.0,0.7793128629472275,0.639804623688026,0.4803312133545508,0.3890583162677082,0.6103068137860176,0.1432772365223332,0.0
0.0,0.0,0.0,0.0,0.0,0.0,0.0,0.3780813055263805,0.0,0.6423966194735369,0.0,0.468704068326325,0.0261912527753678,0.0,0.0,0.0883569410578142,0.7214372384325506,0.2498960091486994,0.0,0.0,0.2447494176074405,0.0,0.3184489213300447,0.0,0.3415077954635621,0.0,0.040577851251337,0.258537689521064,0.0,0.0,0.674905016590543,0.0,0.1289348679869341,0.3975952056177026,0.5163417945652762,0.0,0.1010274125699797,0.6012080214753979,0.0,0.2907835037151554,0.0,0.0,0.0,0.0,0.4123058637876304,0.2665533601885393,0.0,0.0,0.0,0.0,0.0,0.0,0.0,0.0,0.5456233125810522,0.0,0.5597892465356887,0.0,0.0,0.0,0.1741944237865235,0.3163838111534591,0.1212476745904697,0.0,0.0,0.0,0.0,0.0,0.7010474273938272,0.2966162930194071,0.3796548478401656,0.0,0.2365624980991371,0.0,0.0,0.0
0.1030262280391281,0.3808472132365998,0.0,0.0,0.0,0.4292569847870285,0.2938907884053418,0.4533877385101286,0.0,0.4586202465007059,0.0,0.0253442429675615,0.1237386628026983,0.0,0.162892379915188,0.7294006833549956,0.4104954036595332,0.5802736822454216,0.0,0.0,0.3723371609772913,0.3694853522759914,0.4706298046766921,0.3415077954635621,0.0,0.3382943660938514,0.3321370256331817,0.0,0.5728827540583554,0.0,0.2780599050320639,0.0555665185137236,0.2925302438196698,0.0852833003565626,0.2790420550342606,0.0,0.0,0.1133604090417502,0.0559021140287713,0.2434158988800094,0.0,0.0071602424054415,0.0,0.0,0.0,0.3842446288969383,0.3797337961084805,0.0,0.0,0.0,0.0,0.0,0.0,0.0,0.3407829072989997,0.0,0.2207413543240701,0.3291515516889917,0.0,0.0,0.4468064972367285,0.2045045469111056,0.3731175948975292,0.0,0.0645019652162504,0.1912114822639538,0.1852596343958977,0.3682779743840748,0.1160433041795389,0.579929794095016,0.4598663522536512,0.0,0.0,0.5218398961681259,0.0,0.0
0.4992414738631501,0.7387328710832602,0.0,0.0,0.0,0.3241890709469753,0.0,0.0,0.0,0.0,0.0,0.3497810095274986,0.2882836363263255,0.0,0.0,0.342487488808416,0.0,0.1968528645286991,0.0,0.0,0.0,0.0,0.0,0.0,0.3382943660938514,0.0,0.0,0.0,0.0,0.0,0.0,0.375080684604567,0.378028498376537,0.0,0.0,0.1996397707266793,0.0,0.0,0.2504380572188143,0.1269434406814904,0.3601276133601259,0.4028403082828612,0.0,0.0,0.0,0.0,0.0,0.0,0.0,0.0,0.1241255203980966,0.0,0.0,0.0,0.0,0.0,0.0,0.0,0.0,0.0,0.0,0.0,0.0,0.0,0.0,0.0,0.0,0.0,0.0,0.0,0.0,0.0,0.0,0.0,0.0,0.0573982204238904
0.0,0.0,0.5636795321429474,0.0703085045633482,0.404430946671087,0.4578523691440833,0.3226302794455029,0.7188161986953578,0.6149582378570075,0.5266361035505559,0.3817645738698859,0.0,0.0,0.0,0.807345929703163,0.2766976205591671,0.0,0.4087620035011345,0.3388849351672363,0.8323225387414164,0.6453815398706294,0.816720780920419,0.816412769162235,0.040577851251337,0.3321370256331817,0.0,0.0,0.0,0.8014737540581834,0.0,0.5609825569338328,0.0,0.0,0.1164718898492957,0.0118097229408549,0.0,0.2856186475510241,0.1816547293213899,0.0,0.0883785734725079,0.0,0.0,0.326421559876646,0.0,0.0,0.0,0.864163293498908,0.739849825342578,0.0,0.7216779411860224,0.467694353744009,0.7408343267538868,0.5613643602459283,0.9265801479419248,0.0,0.645402049397013,0.0,0.5979912349016223,0.1032261859105146,0.3341154388049784,0.0,0.0,0.0,0.6787206682266029,0.7008839021602639,0.4756920981382508,0.8221653680936079,0.735080605256443,0.0,0.0,0.4349526491315692,0.748515332766897,0.293814403231425,0.5213282260543829,0.2736120154976922,0.0
0.346412522206381,0.0,0.4582988644914328,0.0779276175410272,0.5479059736029385,0.0268018457881845,0.2979199079993794,0.0,0.4785007338495672,0.4121687828001795,0.6287849380306003,0.4367882417861457,0.7030649461737791,0.0,0.1937365222012464,0.0,0.5108779025179773,0.2179063450703264,0.5820720100626814,0.204968973713618,0.1981514254606398,0.0,0.0176618740338473,0.258537689521064,0.0,0.0,0.0,0.0,0.0468625064246261,0.8313386501578892,0.3855656301895,0.0,0.2104383390499506,0.3783870119125609,0.1253016544252131,0.4726567273686962,0.4629343678141694,0.4016598251390097,0.0,0.4158576222232474,0.0,0.0,0.5004204577744041,0.0,0.1408423769829405,0.0,0.0,0.3293423934826105,0.0,0.0,0.118752083398519,0.0,0.3617101443486085,0.2304206458441289,0.2632668051515051,0.0,0.4464126485857819,0.4834519835004668,0.0,0.3226924277129191,0.0,0.0,0.0,0.0,0.2020455719110193,0.1586531445578263,0.2320788336521658,0.1103303290908688,0.0,0.0,0.218721069203773,0.0,0.7712225832652896,0.0,0.0,0.0663144918062567
0.0,0.0,0.0,0.1781272236373287,0.2088528851904939,0.7123793973789679,0.5136377662508034,0.663865118025485,0.4963943740344678,0.4912507804336612,0.0,0.0,0.3090836148566158,0.0,0.5462439352747626,0.5430512819244795,0.3176598137204545,0.6449471607782156,0.0,0.5582937062454237,0.5834893868924395,0.6511199888656579,0.7994715996185054,0.0,0.5728827540583554,0.0,0.8014737540581834,0.0468625064246261,0.0,0.086603941551885,0.4007443459266036,0.0,0.1756779902402018,0.090605142407756,0.0654599314783997,0.0744725729815266,0.1523377173910313,0.0,0.0,0.2562442329482782,0.0,0.0,0.2894332626899344,0.0,0.0,0.0,0.6606374894666834,0.5606270207796353,0.0,0.0,0.6671745000555946,0.6169477233535926,0.6042815067973691,0.7173266230194867,0.0,0.0,0.0,0.6011942853707413,0.0,0.0839010161612507,0.0,0.0,0.0,0.0,0.5522055207279273,0.332661334470637,0.600751807147541,0.7431296153860442,0.0,0.0,0.4264165831849421,0.5901253505065419,0.3650995367393227,0.6609577538929425,0.2550550180176624,0.1488016190674096
0.0,0.0,0.0,0.0,0.0,0.145276972795781,0.0,0.0,0.5741212878000641,0.0,0.0,0.0,0.6713864053325785,0.0,0.0,0.0,0.0,0.2519531566982772,0.0,0.2676168273948761,0.0,0.0,0.0,0.0,0.0,0.0,0.0,0.8313386501578892,0.086603941551885,0.0,0.1058929223780952,0.1699873364061687,0.0,0.2299398046518212,0.0,0.0,0.0,0.0,0.0,0.0,0.0,0.0,0.0,0.0,0.0,0.0,0.0,0.0,0.0,0.0,0.0,0.0,0.0,0.0,0.0,0.0,0.0,0.0,0.0,0.0,0.0,0.0,0.0,0.0,0.2690182014699255,0.0,0.0,0.0832020872125658,0.0,0.0,0.0,0.0,0.0,0.0,0.0,0.0
0.0,0.0,0.3046257087932474,0.0,0.1692387132632376,0.0,0.144258776987969,0.4725958306132317,0.2461393050351197,0.7319383647011423,0.1297292865700069,0.0501202210864275,0.0,0.0,0.475788200796705,0.0757219601284087,0.7618436528820657,0.2702754764361734,0.2528658004885221,0.4126511046382778,0.4668957579383013,0.3961628515771326,0.5389304531793254,0.674905016590543,0.2780599050320639,0.0,0.5609825569338328,0.3855656301895,0.4007443459266036,0.1058929223780952,0.0,0.0,0.037832384117384,0.4068207512354687,0.4601466458284753,0.0,0.2946880065167149,0.6240883338603467,0.0,0.2650635706757255,0.0,0.0,0.3103588457524791,0.0,0.0,0.0,0.7187295441675335,0.0,0.0,0.0,0.1750128257097572,0.0,0.4506228651150746,0.0,0.6627867420266771,0.0,0.4058870972199783,0.0,0.0,0.1501693647681518,0.555291658600689,0.3582275997182379,0.2609981670364267,0.0,0.285759030717741,0.442105502460012,0.5132162491837431,0.5153073839113737,0.5231523710934831,0.6668692516683707,0.5106893353191582,0.2472655139775762,0.5056829829595704,0.4089675160876874,0.0,0.0
0.4144456598195305,0.3847548692853846,0.0,0.0737620306634156,0.1757373810314839,0.0738128419233928,0.1679016777911603,0.0,0.0,0.0,0.2013326670873692,0.0314891502562309,0.2364391660648241,0.0,0.0,0.0,0.0,0.0,0.0588615721526481,0.0,0.0693595641797416,0.0,0.0,0.0,0.0555665185137236,0.375080684604567,0.0,0.0,0.0,0.1699873364061687,0.0,0.0,0.269754140766882,0.0778768072341362,0.0,0.2252634702166022,0.0,0.0,0.615407370637065,0.1908872014696899,0.5008215895147741,0.2092697163574448,0.1572086458318843,0.2825532305378777,0.0,0.0,0.0,0.0,0.0,0.0,0.1661093135500108,0.0,0.0,0.0,0.0,0.0561748757522717,0.0,0.0,0.0,0.11475979410654,0.0,0.0,0.0,0.0,0.0,0.0911317122708449,0.0,0.0,0.0,0.0,0.0,0.0676848507647741,0.1463225265332193,0.0817135510589555,0.0,0.2525682706570056
0.3059614438600108,0.1683391609371205,0.0119524062861279,0.0,0.0668895129832818,0.2998155130278278,0.2258550405910585,0.1478679678057788,0.0934518264608305,0.1673896564021533,0.1368925181793696,0.2857277843036844,0.3432359220408937,0.0,0.0,0.2592350708104014,0.167698194561081,0.369459256598216,0.0,0.0,0.1721208374362251,0.0384738353593922,0.1267954022112206,0.1289348679869341,0.2925302438196698,0.378028498376537,0.0,0.2104383390499506,0.1756779902402018,0.0,0.037832384117384,0.269754140766882,0.0,0.2961074961711842,0.0416420943348116,0.1414921273197201,0.0156482160456196,0.0759511301854672,0.1877713674802275,0.5698799172531314,0.2067763393673587,0.0624479226832178,0.0,0.0,0.0,0.1333818268199284,0.0384644928545157,0.0,0.0,0.0,0.0,0.0,0.0,0.0,0.1013254338366486,0.0,0.1199948602716715,0.0,0.0,0.0,0.0337854170931912,0.1480287046895809,0.1641779504113629,0.0,0.0593073290455852,0.0,0.0546121715232716,0.0384261817589022,0.1333860200197464,0.0373925693172414,0.2535034808807268,0.0,0.3003324324588941,0.0,0.0,0.0869035146320416
0.0231395266129321,0.0,0.0310776099540879,0.0,0.2500239652919883,0.0,0.3351980245034153,0.1379659039990311,0.1332630489209602,0.5568280061189953,0.1716679990870614,0.333683977604341,0.3267326112595649,0.0,0.1036956979202727,0.0,0.5102403895082973,0.1940713429902172,0.0347525765030119,0.0,0.204150634737922,0.0,0.1229664696297559,0.3975952056177026,0.0852833003565626,0.0,0.1164718898492957,0.3783870119125609,0.090605142407756,0.2299398046518212,0.4068207512354687,0.0778768072341362,0.2961074961711842,0.0,0.2747466579745595,0.0,0.1659791406091499,0.7541588394802375,0.0,0.3751932749196734,0.0,0.0,0.3148206568596559,0.0728144387644854,0.1635346215642046,0.1998983816688092,0.2599170394022298,0.1035109609812311,0.0,0.0,0.0,0.3506820067970473,0.3686648205594854,0.232003470013008,0.3085980549272685,0.0,0.2771869283310916,0.4197811405850042,0.0,0.0,0.07506846616963,0.4345624819581428,0.0996970608303445,0.0,0.0,0.1097356776527708,0.1078296097069767,0.1137129723265048,0.2991989006551435,0.1149803791830741,0.148594119000522,0.0,0.4000756188087629,0.0,0.0,0.0
0.0,0.0,0.0,0.0,0.0,0.0,0.042616339347626,0.2016964293864007,0.0,0.3354420609845071,0.0,0.109416938711563,0.0,0.0,0.0,0.0889683288933804,0.4508584451362562,0.1548380007066341,0.0,0.0,0.0904525293850951,0.0,0.1159163094897916,0.5163417945652762,0.2790420550342606,0.0,0.0118097229408549,0.1253016544252131,0.0654599314783997,0.0,0.4601466458284753,0.0,0.0416420943348116,0.2747466579745595,0.0,0.0,0.0,0.5045449247945043,0.0,0.0797072036445173,0.0,0.0,0.0074029430122314,0.0,0.2546859184750899,0.0,0.1766385317825302,0.0,0.0,0.0,0.0,0.0,0.0,0.0,0.0,0.0,0.1553404217546652,0.1424767798074569,0.0,0.0,0.152250338418054,0.0,0.0,0.0,0.0,0.0,0.0,0.0511122672276131,0.0,0.1643581680783033,0.0588140988810857,0.0,0.1470419660060942,0.089426185163764,0.0,0.0
0.0,0.0,0.3228336359182074,0.3841653856274364,0.3731835259178092,0.2721679800567945,0.2586745264082964,0.0176701423171352,0.4030712115173965,0.0,0.4928355989966244,0.3330476169141921,0.4418649564855464,0.0,0.0,0.0,0.0,0.0,0.4428501170507956,0.1165410618584386,0.0,0.0,0.0325316189491346,0.0,0.0,0.1996397707266793,0.0,0.4726567273686962,0.0744725729815266,0.0,0.0,0.2252634702166022,0.1414921273197201,0.0,0.0,0.0,0.3389454341268156,0.0,0.0385638689675029,0.2201943241596242,0.1011280225451661,0.1098828333973008,0.4305954558680183,0.4990853144372958,0.0,0.0,0.0,0.1986858542767387,0.0,0.05766384966602,0.1531055174046116,0.1931797517278412,0.2276961223659344,0.030342202630272,0.0,0.2751551949421867,0.1967380846595998,0.0774968100860611,0.0,0.0,0.0,0.0,0.0,0.2415925858236179,0.2321133056729347,0.0,0.0970804681090126,0.0644328362748817,0.0,0.0,0.0,0.0381357924590308,0.3504965614812415,0.0192301571625489,0.0,0.0
0.0,0.0,0.3686470258572816,0.0,0.3922151135843333,0.0268017190778682,0.3226267374733509,0.2164666308886208,0.3335868535070084,0.4167474338537944,0.4060835687611504,0.2415664342115386,0.2891358831190909,0.0,0.0,0.0,0.0,0.0,0.2717707898608933,0.2967720485636872,0.0,0.0411806091052097,0.2729754306739739,0.1010274125699797,0.0,0.0,0.2856186475510241,0.4629343678141694,0.1523377173910313,0.0,0.2946880065167149,0.0,0.0156482160456196,0.1659791406091499,0.0,0.3389454341268156,0.0,0.2246019157279506,0.0,0.0,0.0,0.0,0.5006914501602386,0.0,0.0,0.0,0.0,0.0,0.0,0.0,0.0,0.0,0.0,0.0,0.0,0.0,0.0,0.0,0.0,0.0,0.0,0.0,0.0,0.0,0.0,0.0,0.0,0.3578267428914201,0.0,0.0,0.0,0.0,0.0,0.0,0.0,0.0
0.0,0.0,0.0,0.0,0.2037530147454701,0.0,0.1942154575435762,0.0,0.0480097389578409,0.6024240803220116,0.1208201633840185,0.2344039359989518,0.167176545755438,0.0,0.0,0.0,0.6698812299039942,0.0,0.028490480651823,0.0,0.0,0.0,0.1932042309227752,0.6012080214753979,0.1133604090417502,0.0,0.1816547293213899,0.4016598251390097,0.0,0.0,0.6240883338603467,0.0,0.0759511301854672,0.7541588394802375,0.5045449247945043,0.0,0.2246019157279506,0.0,0.0,0.2524358559200746,0.0,0.0,0.0,0.0,0.3829285403301225,0.0,0.0,0.0,0.0,0.0,0.0,0.0,0.0,0.0,0.3985482831832844,0.0,0.3668189986521263,0.0,0.0,0.0,0.0,0.0,0.0,0.0,0.0,0.0,0.0,0.0,0.4784727365712587,0.2370305949653876,0.1813457334860469,0.0,0.3380103622651152,0.0,0.0,0.0
0.1287283561006797,0.3839488070255705,0.0,0.0,0.0,0.0320808323297835,0.0,0.0,0.0,0.0,0.0,0.0,0.0,0.1337648520309192,0.0,0.1371282630564938,0.0,0.0,0.0657485369182611,0.0,0.0316239392881733,0.0,0.0,0.0,0.0559021140287713,0.2504380572188143,0.0,0.0,0.0,0.0,0.0,0.615407370637065,0.1877713674802275,0.0,0.0,0.0385638689675029,0.0,0.0,0.0,0.0,0.4940174191882411,0.3986371831927601,0.0,0.2116659314335302,0.0,0.0,0.0,0.0,0.0,0.0,0.0250655293418596,0.0,0.0,0.0,0.0,0.0,0.0,0.0,0.0040861851405277,0.181627553000115,0.0,0.0,0.0,0.0,0.0571898006434561,0.1737998417865445,0.0,0.0,0.0,0.0,0.0,0.2170483948493498,0.0,0.144447522474998,0.4026299302636789,0.4105831735444045
0.2785813745898404,0.0,0.0,0.0,0.0,0.0,0.0,0.0,0.0,0.3978677727580247,0.0,0.3524759256767925,0.3797487974998376,0.0,0.1946827839121405,0.081970845414249,0.3118473241181539,0.3527881868530981,0.0,0.0739525754151327,0.510667390834538,0.1571296397589291,0.2877285683908205,0.2907835037151554,0.2434158988800094,0.1269434406814904,0.0883785734725079,0.4158576222232474,0.2562442329482782,0.0,0.2650635706757255,0.1908872014696899,0.5698799172531314,0.3751932749196734,0.0797072036445173,0.2201943241596242,0.0,0.2524358559200746,0.0,0.0,0.0,0.0,0.5636839396546808,0.3458017118714814,0.1729548423054709,0.3296411273436662,0.3330355607771207,0.0835530075020157,0.0,0.3460786298374202,0.3467968844349576,0.3871494534491622,0.5014232688087751,0.2094526243527581,0.4217347226531291,0.3157146488381616,0.393359147287643,0.5250980657370191,0.0,0.0929101781087166,0.2033272272793242,0.4427703557447806,0.4319412971472745,0.2253414632378269,0.1131653485697524,0.358663621387115,0.2551274507852842,0.3206766783339621,0.3489070130836186,0.290838561929698,0.5046586800846686,0.0,0.5827196998701382,0.2708721206650396,0.2310394757877436,0.0
0.3382984014611246,0.4512335271128446,0.0,0.0,0.0,0.0,0.0,0.0,0.0,0.0,0.0,0.0,0.0,0.0,0.0,0.0850962802183815,0.0,0.0,0.0,0.0,0.0,0.0,0.0,0.0,0.0,0.3601276133601259,0.0,0.0,0.0,0.0,0.0,0.5008215895147741,0.2067763393673587,0.0,0.0,0.1011280225451661,0.0,0.0,0.4940174191882411,0.0,0.0,0.6001512073531982,0.0,0.1133368847101418,0.0,0.0,0.0,0.0,0.0,0.0,0.0,0.0,0.0,0.0,0.0,0.0,0.0,0.0,0.0,0.0,0.0,0.0,0.0,0.0,0.0,0.0,0.0,0.0,0.0,0.0,0.0,0.0,0.0,0.0,0.1639285194781164,0.4710109975636687
0.0,0.4382011329691118,0.0,0.0,0.0,0.050378913473916,0.0,0.0,0.0,0.0,0.0,0.0,0.0,0.0,0.0,0.2680876712534915,0.0,0.0,0.0,0.0,0.0,0.0,0.0,0.0,0.0071602424054415,0.4028403082828612,0.0,0.0,0.0,0.0,0.0,0.2092697163574448,0.0624479226832178,0.0,0.0,0.1098828333973008,0.0,0.0,0.3986371831927601,0.0,0.6001512073531982,0.0,0.0,0.0,0.0,0.0,0.0,0.0,0.0,0.0,0.0,0.0,0.0,0.0,0.0,0.0,0.0,0.0,0.0,0.0,0.0,0.0,0.0,0.0,0.0,0.0,0.0,0.0,0.0,0.0,0.0,0.0,0.0,0.0,0.0639187128477014,0.3897088251969617
0.0,0.0,0.3519136485179837,0.0,0.5731586749219507,0.1659403504804582,0.434681599593196,0.4383944483632074,0.4970968074147576,0.0,0.5988968764746148,0.3458781264525228,0.3332445488810905,0.0,0.3945694639712911,0.0,0.0,0.0,0.4223670574255878,0.3527809350238905,0.0,0.2318934040156355,0.4373237999362714,0.0,0.0,0.0,0.326421559876646,0.5004204577744041,0.2894332626899344,0.0,0.3103588457524791,0.1572086458318843,0.0,0.3148206568596559,0.0074029430122314,0.4305954558680183,0.5006914501602386,0.0,0.0,0.5636839396546808,0.0,0.0,0.0,0.5944233375862586,0.0747303596678894,0.0,0.0,0.4047286501899578,0.44252534251014,0.5957633129348888,0.3537181706583956,0.6521490553378831,0.6747944889309374,0.4358364995879082,0.528040099256424,0.6717856577147253,0.4362459682584035,0.6577812374691555,0.2222133277017998,0.2999909209059045,0.0,0.5661629749762948,0.0,0.547035790682499,0.3287838800795694,0.5266075839312311,0.4998730654520525,0.4913570726986845,0.3145976934178635,0.3803971882412171,0.545645758528748,0.129313492662224,0.6809000669714319,0.3250949910049515,0.0,0.0485775776083813
0.0,0.0,0.0,0.0,0.0,0.0,0.0,0.0,0.0,0.0,0.0,0.0,0.0,0.0,0.0,0.0,0.0,0.0,0.0,0.0,0.0,0.0,0.0384556244211356,0.0,0.0,0.0,0.0,0.0,0.0,0.0,0.0,0.2825532305378777,0.0,0.0728144387644854,0.0,0.4990853144372958,0.0,0.0,0.2116659314335302,0.3458017118714814,0.1133368847101418,0.0,0.5944233375862586,0.0,0.065070205236887,0.0,0.0,0.2540155988674626,0.0989877780954361,0.1589946206131492,0.1711372108815192,0.3524916405781992,0.2394099918619556,0.1190099042006986,0.1035959069303083,0.425945825237548,0.1236108670371841,0.3105848104090619,0.0,0.0,0.0,0.0,0.0,0.3735448812819721,0.0,0.0,0.0,0.1631323725416321,0.0,0.0,0.0,0.145718289464288,0.6202993491644888,0.1544036491621397,0.0,0.2767121264620054
0.0,0.0,0.0,0.0,0.0,0.0,0.0,0.0,0.0,0.3516279265619861,0.0,0.0905953214718533,0.0,0.0,0.0,0.0,0.0,0.0,0.0,0.0,0.0,0.0,0.0,0.4123058637876304,0.0,0.0,0.0,0.1408423769829405,0.0,0.0,0.0,0.0,0.0,0.1635346215642046,0.2546859184750899,0.0,0.0,0.3829285403301225,0.0,0.1729548423054709,0.0,0.0,0.0747303596678894,0.065070205236887,0.0,0.2310651677631978,0.0,0.0,0.0,0.2291254066957604,0.0,0.2721827387164823,0.0,0.1127421382494511,0.3918732249216307,0.0635459560094116,0.236542486868153,0.2622478490726133,0.0,0.0,0.0,0.0720145879215851,0.0349913095355229,0.0438503425379112,0.0,0.0,0.0,0.1670632276624203,0.2506060780972817,0.2389970585244966,0.1499235901838887,0.013503289667046,0.1553852930048814,0.0,0.0,0.0
0.2341882260328298,0.0,0.0,0.0,0.0,0.0,0.0,0.0,0.0,0.3931550346073684,0.0,0.0,0.0,0.0,0.0,0.3044662346350704,0.0,0.2806200318616766,0.0,0.0,0.4007984171223458,0.4454706600838046,0.0,0.2665533601885393,0.3842446288969383,0.0,0.0,0.0,0.0,0.0,0.0,0.0,0.1333818268199284,0.1998983816688092,0.0,0.0,0.0,0.0,0.0,0.3296411273436662,0.0,0.0,0.0,0.0,0.2310651677631978,0.0,0.4446439974198541,0.0,0.0,0.0,0.4062277498795417,0.0,0.3795500669233401,0.0,0.0,0.0,0.1338113500250417,0.4303264066576835,0.0,0.0,0.5798713604088787,0.0,0.460680609135335,0.0,0.3060007345610249,0.3221203881924874,0.3543863133293781,0.4446253498177195,0.2290946037946142,0.558552282856109,0.4802087133777455,0.3450365172750575,0.2806599127458827,0.4947956052955961,0.0,0.0831823105956004
0.0,0.0,0.0,0.0,0.0,0.2514434440193199,0.0,0.0,0.0,0.0,0.0,0.0,0.0,0.0,0.7556409287559229,0.1505902364993601,0.0,0.3936079053940233,0.0,0.6068811169224579,0.8126103880103697,0.6476066406147912,0.8113719411913026,0.0,0.3797337961084805,0.0,0.864163293498908,0.0,0.6606374894666834,0.0,0.7187295441675335,0.0,0.0384644928545157,0.2599170394022298,0.1766385317825302,0.0,0.0,0.0,0.0,0.3330355607771207,0.0,0.0,0.0,0.0,0.0,0.4446439974198541,0.0,0.0,0.0,0.0,0.4727464407633862,0.8694100027349294,0.7294547430151622,0.8477220546338948,0.8207224939925222,0.0,0.0,0.863730552245752,0.0,0.2750139641974648,0.733489661574377,0.6914153125880166,0.6127849738108057,0.0,0.4503197960072347,0.6511187016847656,0.7766812078568035,0.7923983680817808,0.0,0.9005138074020467,0.6912143095021781,0.3962781299727134,0.4760513539017905,0.6032975677977007,0.0,0.0
0.0,0.0,0.9219255449951708,0.0,0.5213892813892091,0.3889329685238707,0.1874827168205296,0.3877156910787668,0.8638297608757665,0.0,0.6909657107103901,0.0,0.2065033870641419,0.0,0.0,0.0,0.0,0.0,0.7311663063640432,0.0,0.0,0.0,0.6002724044494661,0.0,0.0,0.0,0.739849825342578,0.3293423934826105,0.5606270207796353,0.0,0.0,0.0,0.0,0.1035109609812311,0.0,0.1986858542767387,0.0,0.0,0.0,0.0835530075020157,0.0,0.0,0.4047286501899578,0.2540155988674626,0.0,0.0,0.0,0.0,0.377365182656757,0.6662217320762063,0.4817611216531376,0.6115662621103964,0.6176829173275998,0.8995493990471366,0.4326864979699004,0.837434007186941,0.1916277460872069,0.5457100636595772,0.0,0.0,0.0,0.0,0.0,0.9121027706662548,0.0,0.3195705148625122,0.0,0.6460622935414516,0.0,0.4913442796608624,0.3754568753035718,0.6948938084292868,0.5184493172267056,0.3924563711766662,0.5034789067032499,0.1723466943836146
0.0,0.0,0.0,0.0,0.0,0.0,0.0,0.0,0.0,0.0,0.0,0.0,0.0,0.0,0.0,0.0,0.0,0.0,0.0,0.0,0.0,0.0,0.0,0.0,0.0,0.0,0.0,0.0,0.0,0.0,0.0,0.0,0.0,0.0,0.0,0.0,0.0,0.0,0.0,0.0,0.0,0.0,0.44252534251014,0.0989877780954361,0.0,0.0,0.0,0.377365182656757,0.0,0.7458887748077386,0.0594940902696363,0.6598817525571982,0.5660636541196084,0.5414047384900849,0.0,0.5139229397597227,0.0,0.6307480515594662,0.1198901057720685,0.0,0.0,0.0,0.0,0.4736055482701081,0.0,0.0,0.0,0.4162538234337563,0.0,0.0,0.0,0.0,0.3984989411933923,0.0,0.0,0.0
