0.0,0.3829197267120236,0.0,0.0,0.0,0.0,0.0,0.0,0.0,0.0,0.0,0.1450914020309139,0.3188068089206942,0.0,0.0,0.0,0.0,0.0,0.0,0.0,0.0967464353136513,0.0,0.0,0.0,0.1043934918654782,0.5012620068899885,0.0,0.3589915796796978,0.0,0.0,0.0,0.4142817816863892,0.296476197247383,0.0219111653682948,0.0,0.0,0.0,0.0,0.1286422886150609,0.2878352775828966,0.3599199525113876,0.0,0.0,0.0,0.0,0.236752317117315,0.0,0.0,0.0,0.0,0.0,0.0,0.0,0.0,0.0,0.0,0.0,0.0,0.0,0.0,0.0,0.0,0.0,0.0,0.0,0.1436762009589817,0.0,0.0,0.0739277513782553,0.0,0.0457804562417252,0.0,0.0,0.0,0.0,0.2390694889469797
0.3829197267120236,0.0,0.0,0.0,0.0,0.1236491446918429,0.0240770464466906,0.0,0.0,0.0,0.0,0.0,0.002608727971087,0.0,0.0,0.4127777094387801,0.0,0.0605127541663686,0.0,0.0,0.0,0.0,0.0,0.0,0.3790311640315453,0.7460836294962296,0.0,0.0,0.0,0.0,0.0,0.3748417125750345,0.171816110177309,0.0,0.0,0.0,0.0,0.0,0.3862707754132425,0.0,0.4939432884663632,0.4577131820008666,0.0,0.0,0.0,0.0,0.0,0.0,0.0,0.0,0.0,0.0,0.0,0.0,0.0,0.0,0.0,0.0,0.0,0.0,0.0,0.0,0.0,0.0,0.0,0.0,0.0,0.0,0.0,0.0,0.0,0.0,0.0,0.0,0.0,0.0
0.0,0.0,0.0,0.2613332540622835,0.5801388463787239,0.3685401992562762,0.1648493079332768,0.2669792757136224,0.8744438770213194,0.2524906661675753,0.7802543324200439,0.0503316115509488,0.2661931658731217,0.0,0.0,0.0,0.0,0.0,0.8385287596707306,0.0,0.0,0.0,0.4390941628718774,0.0,0.0,0.0,0.5521125949398743,0.4589141783152282,0.0,0.0,0.3009182310916274,0.0,0.0194335318295992,0.0337681557054373,0.0,0.2970687559403068,0.3491897971860723,0.0,0.0,0.0,0.0,0.0,0.35794598386029,0.0,0.0,0.0,0.0,0.9219032799387232,0.0,0.4698146756137674,0.4183118636260328,0.4849869960851286,0.4873769645323024,0.7419763078102863,0.0,0.7723072371454618,0.0,0.4098138889942416,0.0,0.0,0.0,0.0,0.0,0.8626776737044515,0.0,0.0,0.0,0.4592007391540929,0.0,0.0,0.0,0.6530731044930239,0.5441346958193722,0.0,0.0,0.0
0.0,0.0,0.2613332540622835,0.0,0.0321727784675812,0.3493362953559776,0.0,0.0,0.2401048826730673,0.0,0.1747011756147474,0.0,0.2310675792624714,0.200742235866655,0.0,0.0,0.0,0.0,0.3012110093282419,0.2502173693997972,0.0,0.0,0.0,0.0,0.0,0.0,0.0752982169234126,0.0845316168678461,0.1737808077263368,0.0,0.0,0.0673777063234709,0.0,0.0,0.0,0.3929801240525872,0.0,0.0,0.0,0.0,0.0,0.0,0.0,0.0,0.0,0.0,0.0,0.0,0.0,0.0,0.0,0.0,0.0,0.0,0.0,0.0,0.0,0.0,0.0,0.0,0.0,0.0,0.0,0.0,0.0,0.0,0.0,0.0,0.0,0.0,0.0,0.0,0.0,0.0,0.0,0.0
0.0,0.0,0.5801388463787239,0.0321727784675812,0.0,0.1061177084658765,0.5394914172504476,0.276585867045086,0.6886739777630623,0.3212978177550703,0.8412747781698563,0.2620532695621707,0.4006672601705376,0.0,0.0,0.0,0.0,0.0,0.5659725874188063,0.5504648823395268,0.0,0.3916358448652239,0.2692375069591037,0.0,0.0,0.0,0.3968204005550002,0.5487849383785675,0.2079969090095721,0.0,0.1745396548020927,0.1774234892819272,0.0712113196752508,0.2596007833332844,0.0,0.3637130756504558,0.3930832579105036,0.2211052497724661,0.0,0.0,0.0,0.0,0.6170262929439865,0.0,0.0,0.0,0.0,0.5154102772289681,0.0,0.6080717210101731,0.1305802841351259,0.0,0.4429122526115189,0.4849720853495627,0.0,0.7845340438052272,0.0,0.0,0.0,0.0,0.0,0.0,0.0,0.6504665860875426,0.0,0.0,0.0,0.2639547599479857,0.0,0.0,0.0,0.354951555768473,0.0,0.0,0.0,0.0
0.0,0.1236491446918429,0.3685401992562762,0.3493362953559776,0.1061177084658765,0.0,0.3563844908253896,0.5450889022187401,0.3848994144195855,0.227586585857277,0.2054498312787119,0.2571915770778326,0.4854579796907993,0.0,0.268084028902334,0.5508307503580184,0.1442478026758039,0.6527676913557079,0.2810348073570254,0.3626605267093375,0.2790997961535751,0.4097260708715309,0.6678946421821637,0.0,0.4388536775187782,0.3309458981312045,0.4498915462062434,0.0242966532956049,0.7109191325969302,0.1352319364857977,0.0,0.0699699967301158,0.3025525202158047,0.0,0.0,0.2506724317704117,0.026514208124489,0.0,0.0260727761341314,0.0,0.0,0.0543835093093907,0.1694588810189973,0.0,0.0,0.0,0.2501176196900803,0.3609173525835255,0.0,0.1834127826748981,0.7541307601077796,0.243866316013036,0.4823142394667369,0.431970485888874,0.0,0.2640360726531918,0.0,0.2707382918231887,0.0,0.0415812729286804,0.0,0.0,0.0,0.2792439468150872,0.4228148852959855,0.0,0.3735696437581048,0.5544084368810486,0.0,0.0,0.2268966082662857,0.4135301417385727,0.2111463278726596,0.3776732991646471,0.1661944340698169,0.1343483495883832
0.0,0.0240770464466906,0.1648493079332768,0.0,0.5394914172504476,0.3563844908253896,0.0,0.3539497271750254,0.2926877727656203,0.4689858953816781,0.3362430968707934,0.2745732571569151,0.4908892103051747,0.0,0.0,0.2541118479927842,0.2187208625938953,0.5449542453928451,0.1874919187067108,0.1300987215369168,0.0,0.1905256387793397,0.3303830615860243,0.0,0.3116917533054107,0.0,0.3194444173201715,0.3042769705233865,0.5155426417073113,0.0,0.1529773186211872,0.169032346027814,0.2276313706842337,0.3489634011380889,0.0531166796467721,0.2489210433017579,0.3346744252582181,0.2126674718729628,0.0,0.0,0.0,0.0,0.4598954663382181,0.0,0.0,0.0,0.0,0.1757835262971346,0.0,0.0,0.2882698918389978,0.0,0.4699649486760452,0.2782358669858484,0.0,0.4112364169689186,0.0,0.0,0.0,0.0,0.0,0.0,0.0,0.3220627066012431,0.0,0.0,0.0,0.3017895517939198,0.0,0.0,0.0,0.0826167493309755,0.0,0.0,0.0,0.0
0.0,0.0,0.2669792757136224,0.0,0.276585867045086,0.5450889022187401,0.3539497271750254,0.0,0.3068005756054274,0.5964843112257469,0.2392251263268093,0.2332891357757756,0.0743125988875881,0.0,0.5583633848824503,0.3384467196527694,0.0,0.4469071132897417,0.1552400422878233,0.4369328150327849,0.7729137734911973,0.5168058800395388,0.9028404604836148,0.3709819881516358,0.4677911508521065,0.0,0.7292316913834265,0.0,0.6666462451181591,0.0,0.4964120051020581,0.0,0.1462397912645534,0.1429532194095506,0.2127684118720022,0.0112599972420624,0.2368563757745728,0.0,0.0,0.0,0.0,0.0,0.4448158589309682,0.0,0.0,0.0,0.0,0.392873619150911,0.0,0.6337670873092853,0.5343193742488181,0.6409625852773521,0.6827795268715721,0.6498993937391963,0.0,0.4605560790793437,0.0,0.5986329652468826,0.2421060644750489,0.1124694469239167,0.0,0.0,0.0,0.4067331382886859,0.3275700750141119,0.5230630527981958,0.0,0.7817655968526188,0.0,0.0,0.0,0.3160911733140868,0.2805588581440739,0.5670954810988099,0.0,0.0
0.0,0.0,0.8744438770213194,0.2401048826730673,0.6886739777630623,0.3848994144195855,0.2926877727656203,0.3068005756054274,0.0,0.2668267368758849,0.8269912045986926,0.0586209288277335,0.3433262437412366,0.0,0.0,0.0,0.0,0.2908383064410496,0.8352949697528611,0.8581114807863365,0.0,0.6362966953019424,0.4360380364492779,0.0,0.0,0.0,0.6109367673030949,0.4907075104125287,0.505734285025467,0.5730243335183353,0.2538130434363611,0.0,0.0980088812588049,0.1406750455555558,0.0,0.3797535529364511,0.3397548441932646,0.0613974320605913,0.0,0.0,0.0,0.0,0.5289832428947814,0.0,0.0,0.0,0.0,0.8642133190374548,0.0,0.5400877836898094,0.3640395405320598,0.5653006445398375,0.5618851862735306,0.7932667913366713,0.0,0.844438524546198,0.0,0.4805573482470646,0.0,0.0,0.0,0.0,0.0,0.8709549839688223,0.0,0.0,0.0,0.4616814970795865,0.0,0.0,0.0,0.6350062092477426,0.6083212686715963,0.0,0.0,0.0
0.0,0.0,0.2524906661675753,0.0,0.3212978177550703,0.227586585857277,0.4689858953816781,0.5964843112257469,0.2668267368758849,0.0,0.2494355007015962,0.4374189339886127,0.3681838735792488,0.0,0.0,0.1108330334665122,0.8127500021861811,0.5081335198222714,0.1156417595802061,0.2801601970903993,0.0,0.3467964850123475,0.5985181659886155,0.6238178420579454,0.4612071184518326,0.0,0.5293145888150694,0.4205801557428337,0.5094571740574866,0.0,0.7374007960662162,0.0,0.173942471628411,0.5834943119290217,0.3335519383135495,0.0,0.4399912769780706,0.6138614675811347,0.0,0.4076289585326354,0.0,0.0,0.0,0.0,0.3582208043006005,0.3967691446598224,0.0,0.0,0.0,0.0,0.0,0.0,0.0,0.0,0.8409627324511906,0.0,0.6758139806223187,0.8033972612660603,0.0,0.0,0.0,0.7033341635385636,0.4678745135170949,0.0,0.0,0.0,0.0,0.0,0.4634918474562702,0.6640038672109672,0.5757326568766016,0.0,0.5110370727159452,0.0,0.0,0.0
0.0,0.0,0.7802543324200439,0.1747011756147474,0.8412747781698563,0.2054498312787119,0.3362430968707934,0.2392251263268093,0.8269912045986926,0.2494355007015962,0.0,0.2486846799006741,0.4309783666204164,0.0,0.0,0.0,0.0633030488179263,0.0,0.8374928921350441,0.0,0.0,0.0,0.2723287770315758,0.0,0.0,0.0,0.3742915482525418,0.6349306363043864,0.0,0.0,0.1322750487226909,0.190956745622951,0.1453564635626254,0.1793354002251246,0.0,0.4714675393264692,0.3945992476242887,0.1314411660844684,0.0,0.0,0.0,0.0,0.6238058915381204,0.0,0.0,0.0,0.0,0.6910148614572749,0.0,0.4981149366712019,0.2200170861038062,0.5291514605183257,0.4848472785073707,0.5399042177927461,0.0,0.8691673497686278,0.0,0.431339271464251,0.0,0.0,0.0,0.0,0.0,0.7919695677785198,0.0,0.0,0.0,0.3165454733901777,0.0,0.0,0.0,0.3927130395496654,0.650752371225433,0.0,0.0,0.0
0.1450914020309139,0.0,0.0503316115509488,0.0,0.2620532695621707,0.2571915770778326,0.2745732571569151,0.2332891357757756,0.0586209288277335,0.4374189339886127,0.2486846799006741,0.0,0.4865784951755244,0.0,0.0,0.0,0.3949987147464499,0.401715710958842,0.1481588067146372,0.0,0.1936315164800101,0.0,0.0936942343928717,0.4534925325660046,0.0307376422533174,0.3473863850617903,0.0,0.4396421609101948,0.0,0.0,0.0454152856623884,0.0293545488670586,0.3029492044599688,0.3714330063822053,0.1369746008838871,0.3389814448152597,0.2452843086658445,0.2453006027336311,0.0,0.3708295769029826,0.0,0.0,0.3552585312167151,0.0,0.096563603302855,0.0,0.0,0.0,0.0,0.0,0.0,0.0,0.0,0.0,0.2990020878993203,0.0,0.5586386556471014,0.3222362287930621,0.0,0.0,0.0,0.4155720609650628,0.1172678420857519,0.0,0.0,0.0,0.0,0.0,0.3388768931240824,0.0,0.1720276832132797,0.0,0.2822998483485724,0.0,0.0,0.0
0.3188068089206942,0.002608727971087,0.2661931658731217,0.2310675792624714,0.4006672601705376,0.4854579796907993,0.4908892103051747,0.0743125988875881,0.3433262437412366,0.3681838735792488,0.4309783666204164,0.4865784951755244,0.0,0.0,0.1090201457930542,0.0,0.3585124144846873,0.4116503279887306,0.3334761310930322,0.0936053995945724,0.164815736852231,0.0,0.1624566499478921,0.0393892672429771,0.1386551953789714,0.3070190067335694,0.0,0.7082159969743085,0.3104309955271163,0.6548250166690429,0.0,0.2171583063670279,0.3448650769845929,0.3223246576836666,0.0,0.4183920932301501,0.2917196194960417,0.1736066887731889,0.0,0.3832806405831554,0.0,0.0,0.3332269250242514,0.0,0.0,0.0,0.0,0.1913846499184162,0.0,0.0,0.3812732899556619,0.2060726860473311,0.4377385536800722,0.0,0.0,0.3611858483227918,0.3907503492511634,0.0,0.0,0.0833440952995343,0.0,0.0,0.0,0.0,0.1288249022442202,0.0,0.1285349410715845,0.1924425736544449,0.0,0.0516822777577212,0.1975016481316515,0.0,0.0,0.1197534663334408,0.0,0.0
0.0,0.0,0.0,0.200742235866655,0.0,0.0,0.0,0.0,0.0,0.0,0.0,0.0,0.0,0.0,0.0,0.0,0.0,0.0,0.0,0.0,0.0,0.0,0.0,0.0,0.0,0.0,0.0,0.0,0.0,0.0,0.0,0.0,0.0,0.0,0.0,0.0,0.0,0.0,0.1378660516815684,0.0,0.0,0.0,0.0,0.0,0.0,0.0,0.0,0.0,0.0,0.0,0.0,0.0,0.0,0.0,0.0,0.0,0.0,0.0,0.0,0.0,0.0,0.0,0.0,0.0,0.0,0.0,0.0,0.0,0.0,0.0,0.0,0.0,0.0,0.0,0.0,0.0
0.0,0.0,0.0,0.0,0.0,0.268084028902334,0.0,0.5583633848824503,0.0,0.0,0.0,0.0,0.1090201457930542,0.0,0.0,0.0,0.0,0.2295409575811008,0.0,0.8854856607384506,0.6871786587489266,0.8536877347706454,0.6421919379503431,0.0,0.1661750204090129,0.0,0.8160496226277694,0.1985341322657778,0.5500484555417263,0.0,0.4874997844838178,0.0,0.0,0.1114355882292868,0.0,0.0,0.0,0.0,0.0,0.2153084171511497,0.0,0.0,0.4001724665893892,0.0,0.0,0.0,0.7901528007643174,0.0,0.0,0.0,0.4254656838166037,0.0,0.5505211987930942,0.0,0.0,0.0,0.0,0.6986897176543398,0.0,0.6708039889824918,0.5602321168126028,0.0,0.0,0.0,0.8081316307560572,0.630735597272594,0.9522500951872332,0.6333984588742642,0.0,0.6239462216082442,0.5065923933173235,0.7102558533667085,0.5274447079514931,0.4912217504368242,0.0,0.0515286228574589
0.0,0.4127777094387801,0.0,0.0,0.0,0.5508307503580184,0.2541118479927842,0.3384467196527694,0.0,0.1108330334665122,0.0,0.0,0.0,0.0,0.0,0.0,0.1015980782932438,0.6101021930453188,0.0,0.0,0.0995453850304412,0.3099464516655212,0.3747132182088649,0.0766971251029666,0.7302159581937941,0.3291816823806429,0.2881496425347212,0.0,0.571671405087015,0.0,0.0854820458040038,0.0,0.2533109397530211,0.0,0.1017160413355282,0.0,0.0,0.0,0.1366676672386871,0.0762934496828324,0.0894372941364801,0.2745112354608321,0.0,0.0,0.0,0.3159266897919144,0.1367540419853323,0.0,0.0,0.0,0.0,0.0,0.0,0.0,0.0,0.0,0.0,0.0,0.0,0.0,0.4243761147509878,0.0,0.3103684599704691,0.0,0.1075010024890547,0.0,0.0620144839037528,0.2100353251503503,0.0,0.3305727443422578,0.0828614961887866,0.2494030170836473,0.0,0.2905396994785782,0.0,0.1483400735906698
0.0,0.0,0.0,0.0,0.0,0.1442478026758039,0.2187208625938953,0.0,0.0,0.8127500021861811,0.0633030488179263,0.3949987147464499,0.3585124144846873,0.0,0.0,0.1015980782932438,0.0,0.485614150583682,0.0,0.0898175011794496,0.0,0.1450036057259086,0.0,0.7129450012112111,0.4151654097063933,0.0,0.0,0.521933806563515,0.3505362137268601,0.0,0.7953376517181292,0.0,0.1688898337884971,0.5663421586625783,0.5780908140817125,0.0,0.0,0.7209263704440072,0.0,0.3261669449105864,0.0,0.0,0.0,0.0,0.0,0.0,0.0,0.0,0.0,0.0,0.0,0.0,0.0,0.0,0.5629012992649866,0.0,0.5432250270662884,0.0,0.0,0.0,0.0,0.3624957611757711,0.2426552672498975,0.0,0.0,0.0,0.0,0.0,0.5000146429851647,0.4361784465842139,0.4016681299000205,0.0,0.0,0.0,0.0,0.0
0.0,0.0605127541663686,0.0,0.0,0.0,0.6527676913557079,0.5449542453928451,0.4469071132897417,0.2908383064410496,0.5081335198222714,0.0,0.401715710958842,0.4116503279887306,0.0,0.2295409575811008,0.6101021930453188,0.485614150583682,0.0,0.0,0.2174442793121142,0.3343906806745898,0.322200333228174,0.5073608568765242,0.2483422763530541,0.5820655943974241,0.1965230226576699,0.4314061535322828,0.2304514606321666,0.6884348455754022,0.2633205164869251,0.2785146553610039,0.0,0.3733970137470098,0.2052917955839732,0.1720177443536944,0.0,0.0,0.0,0.0,0.364189104245081,0.0,0.0,0.0,0.0,0.0,0.2998957321564196,0.3948300533331207,0.0,0.0,0.0,0.0,0.0,0.0,0.0,0.4256164739696717,0.0,0.3962353313110024,0.0,0.0,0.0,0.3738381616701297,0.3645908863759466,0.5147993989404204,0.0,0.0,0.0,0.3265584720938532,0.0,0.1934912217193131,0.4169690154399553,0.2960174225578457,0.0,0.0,0.0,0.0,0.0
0.0,0.0,0.8385287596707306,0.3012110093282419,0.5659725874188063,0.2810348073570254,0.1874919187067108,0.1552400422878233,0.8352949697528611,0.1156417595802061,0.8374928921350441,0.1481588067146372,0.3334761310930322,0.0,0.0,0.0,0.0,0.0,0.0,0.0,0.0,0.0,0.2383145173646267,0.0,0.0,0.0,0.3243272915807139,0.5930288667393754,0.0,0.0,0.2523639073050479,0.0535076567832296,0.0,0.0342003054432812,0.0,0.4184801210451662,0.2607286388959102,0.030209593724479,0.0643890635134936,0.0,0.0,0.0,0.428307529225919,0.0,0.0,0.0,0.0,0.7230962259899755,0.0,0.3181846837933631,0.2419995074314068,0.3658718627192745,0.3658591749815778,0.5323777955635692,0.0,0.7422226851843274,0.0,0.28722388007378,0.0,0.0,0.0,0.0,0.0,0.7850988887914983,0.0,0.0,0.0,0.2811227994777078,0.0,0.0,0.0,0.4682328623881805,0.0,0.0,0.0,0.0
0.0,0.0,0.0,0.2502173693997972,0.5504648823395268,0.3626605267093375,0.1300987215369168,0.4369328150327849,0.8581114807863365,0.2801601970903993,0.0,0.0,0.0936053995945724,0.0,0.8854856607384506,0.0,0.0898175011794496,0.2174442793121142,0.0,0.0,0.528082031977998,0.8566139138943273,0.5823738091475756,0.0,0.0,0.0,0.8375782345809065,0.2145868742107071,0.5657553972059038,0.2678356800774991,0.4239558336852361,0.0,0.0,0.0,0.0,0.1022418366965616,0.2976731062444499,0.0,0.0,0.0908368833081638,0.0,0.0,0.3691642560649358,0.0,0.0,0.0,0.6347252947728165,0.0,0.0,0.0,0.4310261185432495,0.0,0.4842227744301137,0.0,0.0,0.0,0.0,0.5238193455499495,0.0,0.7066185908715003,0.5218944491484703,0.0,0.0,0.0,0.9294199470313044,0.4755860717404884,0.9253820085155602,0.5994620164827421,0.0,0.5050408247478255,0.3625376340740652,0.8239505838231036,0.4521422403247793,0.4294722610734707,0.5672557253646907,0.1974876559104384
0.0967464353136513,0.0,0.0,0.0,0.0,0.2790997961535751,0.0,0.7729137734911973,0.0,0.0,0.0,0.1936315164800101,0.164815736852231,0.0,0.6871786587489266,0.0995453850304412,0.0,0.3343906806745898,0.0,0.528082031977998,0.0,0.5757785923278481,0.7179275348808368,0.232760591155439,0.3890591002861797,0.0,0.6489171291436043,0.2044104002543678,0.5811085894180752,0.0,0.4649005275458946,0.0520297553085921,0.1617907898087597,0.2022031315407406,0.0962076312736644,0.0,0.0,0.0,0.0184972911273249,0.5172692784319882,0.0,0.0,0.0,0.0,0.0,0.4148866500558161,0.8194301711878548,0.0,0.0,0.0,0.4780076792930184,0.0,0.6951834099155464,0.0,0.0,0.0,0.0,0.7836072893601962,0.0,0.3502944602328101,0.5502336737345522,0.0,0.0,0.0,0.4752589827945536,0.81217614806981,0.7090849369547829,0.723431136629436,0.0,0.6755672888742341,0.6784026656518116,0.3885751150297644,0.6111299775673348,0.6013105804441768,0.0,0.0
0.0,0.0,0.0,0.0,0.3916358448652239,0.4097260708715309,0.1905256387793397,0.5168058800395388,0.6362966953019424,0.3467964850123475,0.0,0.0,0.0,0.0,0.8536877347706454,0.3099464516655212,0.1450036057259086,0.322200333228174,0.0,0.8566139138943273,0.5757785923278481,0.0,0.6190410417107519,0.0,0.3812059806453353,0.0,0.8208863582945305,0.0,0.664920253467511,0.0,0.4011929772175481,0.0,0.0407622194517688,0.0,0.0,0.0,0.0310472479994727,0.0,0.0,0.1682777461526462,0.0,0.0,0.246660762200799,0.0,0.0,0.4673702399084284,0.665577312382814,0.0,0.0,0.0,0.466423490966418,0.0,0.0,0.0,0.0,0.0,0.0,0.0,0.0,0.565850636526612,0.6736618427375172,0.0,0.4871880227692301,0.0,0.8551508766686254,0.4581747568016623,0.8991664302404007,0.5488663149333249,0.0,0.6039000941170266,0.4236734004393393,0.8257250585114299,0.3207951071662243,0.5880154465389461,0.0,0.1352245933672986
0.0,0.0,0.4390941628718774,0.0,0.2692375069591037,0.6678946421821637,0.3303830615860243,0.9028404604836148,0.4360380364492779,0.5985181659886155,0.2723287770315758,0.0936942343928717,0.1624566499478921,0.0,0.6421919379503431,0.3747132182088649,0.0,0.5073608568765242,0.2383145173646267,0.5823738091475756,0.7179275348808368,0.6190410417107519,0.0,0.3061878502327826,0.477647077925963,0.0,0.8209146894142614,0.0148373990768951,0.8108250604400775,0.0,0.5616359580573566,0.0,0.1191230656543027,0.1248380605050356,0.1254971178413569,0.0264168345043685,0.3058025180628707,0.2113791080663392,0.0,0.2988317289470875,0.0,0.0,0.4480795321932088,0.0387994774438234,0.0,0.0,0.8221225849719658,0.5970284967010937,0.0,0.6928213179950699,0.7254988717258889,0.6703965989802905,0.7897770411907509,0.789038338589738,0.0,0.5520347527253128,0.0,0.6942664830828683,0.292758336054385,0.1654618022468719,0.0,0.0,0.0,0.5267380329861112,0.4910054216155567,0.4371905531308341,0.6816420990841858,0.9292722109785682,0.0,0.7842682544661393,0.6387167934866868,0.482575834242318,0.3928480094223987,0.6218098964969146,0.1213673406413005,0.0
0.0,0.0,0.0,0.0,0.0,0.0,0.0,0.3709819881516358,0.0,0.6238178420579454,0.0,0.4534925325660046,0.0393892672429771,0.0,0.0,0.0766971251029666,0.7129450012112111,0.2483422763530541,0.0,0.0,0.232760591155439,0.0,0.3061878502327826,0.0,0.3346404117177117,0.0,0.0346687272181559,0.2525852060420171,0.0,0.0,0.6529967782544518,0.0,0.1315928916475767,0.4114081798058637,0.6124770972688458,0.0,0.098733521521142,0.6319042972912909,0.0,0.3116931914583601,0.0,0.0,0.0,0.0,0.4274377117571781,0.2664712849011123,0.0,0.0,0.0,0.0,0.0,0.0,0.0,0.0,0.5250739525594439,0.0,0.5540459083377034,0.0,0.0,0.0,0.1739978615641979,0.2930057083827189,0.1182128535810544,0.0,0.0,0.0,0.0,0.0,0.7122487759651619,0.2849231281535212,0.381234660881476,0.0,0.2501520464056239,0.0,0.0,0.0
0.1043934918654782,0.3790311640315453,0.0,0.0,0.0,0.4388536775187782,0.3116917533054107,0.4677911508521065,0.0,0.4612071184518326,0.0,0.0307376422533174,0.1386551953789714,0.0,0.1661750204090129,0.7302159581937941,0.4151654097063933,0.5820655943974241,0.0,0.0,0.3890591002861797,0.3812059806453353,0.477647077925963,0.3346404117177117,0.0,0.3380557680097721,0.3450179745753973,0.0,0.6058769297996468,0.0,0.2859024057575556,0.0481817611760806,0.2948237859144869,0.0962374608308654,0.3349368769692209,0.0,0.0,0.128898429261782,0.0586600878037458,0.2500560490974849,0.0,0.0054394182161802,0.0,0.0,0.0,0.3983229192706457,0.3790903926998985,0.0,0.0,0.0,0.0,0.0,0.0,0.0,0.331912698666248,0.0,0.2092286907998286,0.3312511060214501,0.0,0.0,0.4483596146427118,0.1765320476095722,0.3663290890713507,0.0,0.068364933807935,0.1972675747774059,0.1961136401265129,0.3697620973555901,0.1124701514520882,0.5823043684326844,0.451860168906674,0.0,0.0,0.5274429015216784,0.0,0.0
0.5012620068899885,0.7460836294962296,0.0,0.0,0.0,0.3309458981312045,0.0,0.0,0.0,0.0,0.0,0.3473863850617903,0.3070190067335694,0.0,0.0,0.3291816823806429,0.0,0.1965230226576699,0.0,0.0,0.0,0.0,0.0,0.0,0.3380557680097721,0.0,0.0,0.0,0.0,0.0,0.0,0.3801664482513179,0.382486484210732,0.0,0.0,0.1883777283714927,0.0,0.0,0.2630433223961075,0.1353363742810007,0.3709630459354607,0.4142150420748442,0.0,0.0,0.0,0.0,0.0,0.0,0.0,0.0,0.1254606118708831,0.0,0.0,0.0,0.0,0.0,0.0,0.0,0.0,0.0,0.0,0.0,0.0,0.0,0.0,0.0,0.0,0.0,0.0,0.0,0.0,0.0,0.0,0.0,0.0,0.0540610640566609
0.0,0.0,0.5521125949398743,0.0752982169234126,0.3968204005550002,0.4498915462062434,0.3194444173201715,0.7292316913834265,0.6109367673030949,0.5293145888150694,0.3742915482525418,0.0,0.0,0.0,0.8160496226277694,0.2881496425347212,0.0,0.4314061535322828,0.3243272915807139,0.8375782345809065,0.6489171291436043,0.8208863582945305,0.8209146894142614,0.0346687272181559,0.3450179745753973,0.0,0.0,0.0,0.8077426128830464,0.0,0.5704126005504769,0.0,0.0,0.118972562513698,0.0123747633487181,0.0,0.2888219615535896,0.1983157984018328,0.0,0.0983464883834928,0.0,0.0,0.3393029395921763,0.0,0.0,0.0,0.8955712106334083,0.7282347157144399,0.0,0.7128477641269834,0.4724342758520844,0.7397992422857977,0.5607592538422626,0.930070745604774,0.0,0.6329338487362649,0.0,0.6150269920677737,0.108117901393001,0.3224462631757599,0.0,0.0,0.0,0.66480064362485,0.7030055586541101,0.4824307664180204,0.8373766189409176,0.7445466899294656,0.0,0.0,0.4336492790992975,0.7484647848551562,0.2910299216089651,0.5299931503115484,0.2544750621403007,0.0
0.3589915796796978,0.0,0.4589141783152282,0.0845316168678461,0.5487849383785675,0.0242966532956049,0.3042769705233865,0.0,0.4907075104125287,0.4205801557428337,0.6349306363043864,0.4396421609101948,0.7082159969743085,0.0,0.1985341322657778,0.0,0.521933806563515,0.2304514606321666,0.5930288667393754,0.2145868742107071,0.2044104002543678,0.0,0.0148373990768951,0.2525852060420171,0.0,0.0,0.0,0.0,0.048913732649235,0.8303013962180409,0.3984886514220793,0.0,0.214772998236757,0.3976243349612297,0.1341251739917373,0.4634862845152243,0.4665559017893778,0.4183068357031417,0.0,0.4517713091181188,0.0,0.0,0.5046868691807633,0.0,0.1528802072659367,0.0,0.0,0.3312052380647927,0.0,0.0,0.1139024516738159,0.0,0.3838615553494428,0.2287411197658893,0.2752404292443896,0.0,0.4428194448419284,0.4838373972366301,0.0,0.3218233997184422,0.0,0.0,0.0,0.0,0.192777794657172,0.1716980040924779,0.2298704316727367,0.1123723196128925,0.0,0.0,0.223738320193603,0.0,0.7735596273161837,0.0,0.0,0.0551560245650677
0.0,0.0,0.0,0.1737808077263368,0.2079969090095721,0.7109191325969302,0.5155426417073113,0.6666462451181591,0.505734285025467,0.5094571740574866,0.0,0.0,0.3104309955271163,0.0,0.5500484555417263,0.571671405087015,0.3505362137268601,0.6884348455754022,0.0,0.5657553972059038,0.5811085894180752,0.664920253467511,0.8108250604400775,0.0,0.6058769297996468,0.0,0.8077426128830464,0.048913732649235,0.0,0.0840947946112446,0.405042916306593,0.0,0.1778293998844254,0.0977979262327433,0.0728451268902327,0.0601656272526774,0.1570391361331615,0.0,0.0,0.2715674407856804,0.0,0.0,0.2917784632658277,0.0,0.0,0.0,0.6894748205864462,0.5706113261378095,0.0,0.0,0.6887001586298634,0.6173189083277171,0.5909356455190046,0.7445003768477367,0.0,0.0,0.0,0.6293554158373232,0.0,0.0850819791492273,0.0,0.0,0.0,0.0,0.5684542193716887,0.3301157530654071,0.6205679467741535,0.7593675834592144,0.0,0.0,0.4336964631638647,0.609037288694498,0.3741808401097663,0.6725889350235417,0.2431390305249948,0.1631747119643247
0.0,0.0,0.0,0.0,0.0,0.1352319364857977,0.0,0.0,0.5730243335183353,0.0,0.0,0.0,0.6548250166690429,0.0,0.0,0.0,0.0,0.2633205164869251,0.0,0.2678356800774991,0.0,0.0,0.0,0.0,0.0,0.0,0.0,0.8303013962180409,0.0840947946112446,0.0,0.1032673805501103,0.1628201637299926,0.0,0.2439161976184219,0.0,0.0,0.0,0.0,0.0,0.0,0.0,0.0,0.0,0.0,0.0,0.0,0.0,0.0,0.0,0.0,0.0,0.0,0.0,0.0,0.0,0.0,0.0,0.0,0.0,0.0,0.0,0.0,0.0,0.0,0.2652070219656009,0.0,0.0,0.079543747438903,0.0,0.0,0.0,0.0,0.0,0.0,0.0,0.0
0.0,0.0,0.3009182310916274,0.0,0.1745396548020927,0.0,0.1529773186211872,0.4964120051020581,0.2538130434363611,0.7374007960662162,0.1322750487226909,0.0454152856623884,0.0,0.0,0.4874997844838178,0.0854820458040038,0.7953376517181292,0.2785146553610039,0.2523639073050479,0.4239558336852361,0.4649005275458946,0.4011929772175481,0.5616359580573566,0.6529967782544518,0.2859024057575556,0.0,0.5704126005504769,0.3984886514220793,0.405042916306593,0.1032673805501103,0.0,0.0,0.0299613002307793,0.421684707741044,0.4786167602513432,0.0,0.3011587577871902,0.6617981754579385,0.0,0.2773910208588674,0.0,0.0,0.326461119383412,0.0,0.0,0.0,0.751615025420528,0.0,0.0,0.0,0.1618609982908718,0.0,0.4709651536112693,0.0,0.6481055400959093,0.0,0.3932781294663267,0.0,0.0,0.1473661337451282,0.5584405796101014,0.3554855017196204,0.2506180075486709,0.0,0.2774418054375162,0.4465709155631615,0.511756655457724,0.5471820393834839,0.4993797459628018,0.6390253473126783,0.4970987017047547,0.2476295485753702,0.5129937845095045,0.4018880296078859,0.0,0.0
0.4142817816863892,0.3748417125750345,0.0,0.0673777063234709,0.1774234892819272,0.0699699967301158,0.169032346027814,0.0,0.0,0.0,0.190956745622951,0.0293545488670586,0.2171583063670279,0.0,0.0,0.0,0.0,0.0,0.0535076567832296,0.0,0.0520297553085921,0.0,0.0,0.0,0.0481817611760806,0.3801664482513179,0.0,0.0,0.0,0.1628201637299926,0.0,0.0,0.2733330957560166,0.0681257561809433,0.0,0.2161053723936965,0.0,0.0,0.6091822614428963,0.1861776088416271,0.5165646194165219,0.2138177532594978,0.1471859947263093,0.2817786437169421,0.0,0.0,0.0,0.0,0.0,0.0,0.1564190882207784,0.0,0.0,0.0,0.0,0.052196369518916,0.0,0.0,0.0,0.1057740246791037,0.0,0.0,0.0,0.0,0.0,0.0719691893544349,0.0,0.0,0.0,0.0,0.0,0.0586858312833778,0.1483096876703828,0.0893140509950111,0.0,0.2617577350677222
0.296476197247383,0.171816110177309,0.0194335318295992,0.0,0.0712113196752508,0.3025525202158047,0.2276313706842337,0.1462397912645534,0.0980088812588049,0.173942471628411,0.1453564635626254,0.3029492044599688,0.3448650769845929,0.0,0.0,0.2533109397530211,0.1688898337884971,0.3733970137470098,0.0,0.0,0.1617907898087597,0.0407622194517688,0.1191230656543027,0.1315928916475767,0.2948237859144869,0.382486484210732,0.0,0.214772998236757,0.1778293998844254,0.0,0.0299613002307793,0.2733330957560166,0.0,0.2771306816004646,0.0433872524061326,0.1392847518179864,0.0118453149318273,0.0709577329418405,0.1831392149793929,0.574403836979437,0.1990884656472064,0.0620843825338659,0.0,0.0,0.0,0.1240625593812944,0.0279609743690658,0.0,0.0,0.0,0.0,0.0,0.0,0.0,0.0942954462470291,0.0,0.1276799480329662,0.0,0.0,0.0,0.0244197663093214,0.1316912732359338,0.1523971956975204,0.0,0.0707829904686789,0.0,0.059517297460972,0.0275506825400371,0.1303248140891527,0.0299337205801126,0.2454977076799176,0.0,0.3209154464960228,0.0,0.0,0.0940234699970278
0.0219111653682948,0.0,0.0337681557054373,0.0,0.2596007833332844,0.0,0.3489634011380889,0.1429532194095506,0.1406750455555558,0.5834943119290217,0.1793354002251246,0.3714330063822053,0.3223246576836666,0.0,0.1114355882292868,0.0,0.5663421586625783,0.2052917955839732,0.0342003054432812,0.0,0.2022031315407406,0.0,0.1248380605050356,0.4114081798058637,0.0962374608308654,0.0,0.118972562513698,0.3976243349612297,0.0977979262327433,0.2439161976184219,0.421684707741044,0.0681257561809433,0.2771306816004646,0.0,0.2803960229393561,0.0,0.1697103934010508,0.7628724685056146,0.0,0.3632104858157742,0.0,0.0,0.3206984183896926,0.0730379197291292,0.1728076678314411,0.2012219274792193,0.2750823010837336,0.1072204586504118,0.0,0.0,0.0,0.3614705374045741,0.3707198205869788,0.2437553730572113,0.3152770270313291,0.0,0.2875081985226784,0.4201878116226558,0.0,0.0,0.0737916078490136,0.4745055866156217,0.0988789659791168,0.0,0.0,0.1092432139234525,0.1116041169396605,0.116530957537817,0.3064742847432847,0.1162482944270416,0.14806018853081,0.0,0.406893193202729,0.0,0.0,0.0
0.0,0.0,0.0,0.0,0.0,0.0,0.0531166796467721,0.2127684118720022,0.0,0.3335519383135495,0.0,0.1369746008838871,0.0,0.0,0.0,0.1017160413355282,0.5780908140817125,0.1720177443536944,0.0,0.0,0.0962076312736644,0.0,0.1254971178413569,0.6124770972688458,0.3349368769692209,0.0,0.0123747633487181,0.1341251739917373,0.0728451268902327,0.0,0.4786167602513432,0.0,0.0433872524061326,0.2803960229393561,0.0,0.0,0.0,0.5375469363618836,0.0,0.0886229310172238,0.0,0.0,0.0095932019341431,0.0,0.2811194175679768,0.0,0.1946551128034604,0.0,0.0,0.0,0.0,0.0,0.0,0.0,0.0,0.0,0.1718358369805087,0.146581370541572,0.0,0.0,0.169306958654181,0.0,0.0,0.0,0.0,0.0,0.0,0.0600938770392652,0.0,0.1700604158412575,0.0622597325057951,0.0,0.1442423631924226,0.0991340850073416,0.0,0.0
0.0,0.0,0.2970687559403068,0.3929801240525872,0.3637130756504558,0.2506724317704117,0.2489210433017579,0.0112599972420624,0.3797535529364511,0.0,0.4714675393264692,0.3389814448152597,0.4183920932301501,0.0,0.0,0.0,0.0,0.0,0.4184801210451662,0.1022418366965616,0.0,0.0,0.0264168345043685,0.0,0.0,0.1883777283714927,0.0,0.4634862845152243,0.0601656272526774,0.0,0.0,0.2161053723936965,0.1392847518179864,0.0,0.0,0.0,0.3365028311296088,0.0,0.0366173169607782,0.2242829600114637,0.1080968054851748,0.1178154649981682,0.4219692825233175,0.4930556857591558,0.0,0.0,0.0,0.1851591424811392,0.0,0.0501809472624177,0.136748641267167,0.1880737742711186,0.2235744866548311,0.0120529942107744,0.0,0.2624600398056153,0.1966361456712656,0.0602530168568309,0.0,0.0,0.0,0.0,0.0,0.2247504722381828,0.2207287575447843,0.0,0.0892353304752712,0.0600107813477083,0.0,0.0,0.0,0.0248982383766356,0.3262967439981707,0.0118250053148881,0.0,0.0
0.0,0.0,0.3491897971860723,0.0,0.3930832579105036,0.026514208124489,0.3346744252582181,0.2368563757745728,0.3397548441932646,0.4399912769780706,0.3945992476242887,0.2452843086658445,0.2917196194960417,0.0,0.0,0.0,0.0,0.0,0.2607286388959102,0.2976731062444499,0.0,0.0310472479994727,0.3058025180628707,0.098733521521142,0.0,0.0,0.2888219615535896,0.4665559017893778,0.1570391361331615,0.0,0.3011587577871902,0.0,0.0118453149318273,0.1697103934010508,0.0,0.3365028311296088,0.0,0.2325081960653459,0.0,0.0,0.0,0.0,0.4879130203073227,0.0,0.0,0.0,0.0,0.0,0.0,0.0,0.0,0.0,0.0,0.0,0.0,0.0,0.0,0.0,0.0,0.0,0.0,0.0,0.0,0.0,0.0,0.0,0.0,0.4019388558107675,0.0,0.0,0.0,0.0,0.0,0.0,0.0,0.0
0.0,0.0,0.0,0.0,0.2211052497724661,0.0,0.2126674718729628,0.0,0.0613974320605913,0.6138614675811347,0.1314411660844684,0.2453006027336311,0.1736066887731889,0.0,0.0,0.0,0.7209263704440072,0.0,0.030209593724479,0.0,0.0,0.0,0.2113791080663392,0.6319042972912909,0.128898429261782,0.0,0.1983157984018328,0.4183068357031417,0.0,0.0,0.6617981754579385,0.0,0.0709577329418405,0.7628724685056146,0.5375469363618836,0.0,0.2325081960653459,0.0,0.0,0.2685112384196396,0.0,0.0,0.0,0.0,0.4093856574004379,0.0,0.0,0.0,0.0,0.0,0.0,0.0,0.0,0.0,0.3973357894115238,0.0,0.3682551847619747,0.0,0.0,0.0,0.0,0.0,0.0,0.0,0.0,0.0,0.0,0.0,0.4944409024262981,0.2523109332724149,0.1965635099752588,0.0,0.3548838749320384,0.0,0.0,0.0
0.1286422886150609,0.3862707754132425,0.0,0.0,0.0,0.0260727761341314,0.0,0.0,0.0,0.0,0.0,0.0,0.0,0.1378660516815684,0.0,0.1366676672386871,0.0,0.0,0.0643890635134936,0.0,0.0184972911273249,0.0,0.0,0.0,0.0586600878037458,0.2630433223961075,0.0,0.0,0.0,0.0,0.0,0.6091822614428963,0.1831392149793929,0.0,0.0,0.0366173169607782,0.0,0.0,0.0,0.0,0.4947044425068357,0.4187684928586403,0.0,0.221442299462753,0.0,0.0,0.0,0.0,0.0,0.0,0.0196454306566734,0.0,0.0,0.0,0.0,0.0,0.0,0.0,0.0170099068911492,0.1816448115013491,0.0,0.0,0.0,0.0,0.071751589890104,0.1591650715294933,0.0,0.0,0.0,0.0,0.0,0.2239865341620104,0.0,0.1600061093022173,0.4337285262305562,0.4310920481115992
0.2878352775828966,0.0,0.0,0.0,0.0,0.0,0.0,0.0,0.0,0.4076289585326354,0.0,0.3708295769029826,0.3832806405831554,0.0,0.2153084171511497,0.0762934496828324,0.3261669449105864,0.364189104245081,0.0,0.0908368833081638,0.5172692784319882,0.1682777461526462,0.2988317289470875,0.3116931914583601,0.2500560490974849,0.1353363742810007,0.0983464883834928,0.4517713091181188,0.2715674407856804,0.0,0.2773910208588674,0.1861776088416271,0.574403836979437,0.3632104858157742,0.0886229310172238,0.2242829600114637,0.0,0.2685112384196396,0.0,0.0,0.0,0.0,0.5936488624486802,0.3786844682500325,0.1756320135521606,0.3347272091420856,0.3296238320199723,0.0947700612568913,0.0,0.365151109578494,0.351892834903432,0.3890763468164845,0.5374196229501057,0.227517471822222,0.4156687979800575,0.3355365883019314,0.4068622182654757,0.5435163899074287,0.0,0.1020818558352355,0.1945242649317548,0.4296784328632591,0.4340662921000281,0.2383790198664239,0.1300392876256814,0.3679510325519877,0.26674997477928,0.3376831904913883,0.3677655046525708,0.2912945654831241,0.5082267444827381,0.0,0.6266880842117564,0.2834137107434161,0.2382374057965455,0.0
0.3599199525113876,0.4939432884663632,0.0,0.0,0.0,0.0,0.0,0.0,0.0,0.0,0.0,0.0,0.0,0.0,0.0,0.0894372941364801,0.0,0.0,0.0,0.0,0.0,0.0,0.0,0.0,0.0,0.3709630459354607,0.0,0.0,0.0,0.0,0.0,0.5165646194165219,0.1990884656472064,0.0,0.0,0.1080968054851748,0.0,0.0,0.4947044425068357,0.0,0.0,0.5893660966556497,0.0,0.1134335580823386,0.0,0.0,0.0,0.0,0.0,0.0,0.0,0.0,0.0,0.0,0.0,0.0,0.0,0.0,0.0,0.0,0.0,0.0,0.0,0.0,0.0,0.0,0.0,0.0,0.0,0.0,0.0,0.0,0.0,0.0,0.1684195012451455,0.4577552762608757
0.0,0.4577131820008666,0.0,0.0,0.0,0.0543835093093907,0.0,0.0,0.0,0.0,0.0,0.0,0.0,0.0,0.0,0.2745112354608321,0.0,0.0,0.0,0.0,0.0,0.0,0.0,0.0,0.0054394182161802,0.4142150420748442,0.0,0.0,0.0,0.0,0.0,0.2138177532594978,0.0620843825338659,0.0,0.0,0.1178154649981682,0.0,0.0,0.4187684928586403,0.0,0.5893660966556497,0.0,0.0,0.0,0.0,0.0,0.0,0.0,0.0,0.0,0.0,0.0,0.0,0.0,0.0,0.0,0.0,0.0,0.0,0.0,0.0,0.0,0.0,0.0,0.0,0.0,0.0,0.0,0.0,0.0,0.0,0.0,0.0,0.0,0.0739952658473447,0.3876169114987892
0.0,0.0,0.35794598386029,0.0,0.6170262929439865,0.1694588810189973,0.4598954663382181,0.4448158589309682,0.5289832428947814,0.0,0.6238058915381204,0.3552585312167151,0.3332269250242514,0.0,0.4001724665893892,0.0,0.0,0.0,0.428307529225919,0.3691642560649358,0.0,0.246660762200799,0.4480795321932088,0.0,0.0,0.0,0.3393029395921763,0.5046868691807633,0.2917784632658277,0.0,0.326461119383412,0.1471859947263093,0.0,0.3206984183896926,0.0095932019341431,0.4219692825233175,0.4879130203073227,0.0,0.0,0.5936488624486802,0.0,0.0,0.0,0.5787411892086306,0.0834513839242289,0.0,0.0,0.4201709962943421,0.4459540347122306,0.6188386391337641,0.3657431803161601,0.6687786219288153,0.6852890891112516,0.4578229159900902,0.5281601989669079,0.7153507689057793,0.4392577627718306,0.6549701231075877,0.2293926917579496,0.301434442492469,0.0,0.5673322932736726,0.0,0.5459840083649032,0.3366366779303835,0.5252024277694074,0.5187438423816735,0.5132823480268673,0.3264008534535856,0.390501155757545,0.5572965943993118,0.1394563112686563,0.6821535187746604,0.3387507535850626,0.0,0.0410138150827804
0.0,0.0,0.0,0.0,0.0,0.0,0.0,0.0,0.0,0.0,0.0,0.0,0.0,0.0,0.0,0.0,0.0,0.0,0.0,0.0,0.0,0.0,0.0387994774438234,0.0,0.0,0.0,0.0,0.0,0.0,0.0,0.0,0.2817786437169421,0.0,0.0730379197291292,0.0,0.4930556857591558,0.0,0.0,0.221442299462753,0.3786844682500325,0.1134335580823386,0.0,0.5787411892086306,0.0,0.0705568850967572,0.0,0.0,0.2685353208876657,0.0785253417040879,0.156754504228072,0.1807828302386966,0.3534659678970425,0.2456117240349221,0.1282195345691404,0.1010948600456816,0.4299170272057617,0.1162924349771132,0.3218578765311072,0.0,0.0,0.0,0.0,0.0,0.3794853304793361,0.0,0.0,0.0,0.1779887187242084,0.0,0.0,0.0,0.1580707649354785,0.6310371199460484,0.1773267136649897,0.0,0.2872001838344993
0.0,0.0,0.0,0.0,0.0,0.0,0.0,0.0,0.0,0.3582208043006005,0.0,0.096563603302855,0.0,0.0,0.0,0.0,0.0,0.0,0.0,0.0,0.0,0.0,0.0,0.4274377117571781,0.0,0.0,0.0,0.1528802072659367,0.0,0.0,0.0,0.0,0.0,0.1728076678314411,0.2811194175679768,0.0,0.0,0.4093856574004379,0.0,0.1756320135521606,0.0,0.0,0.0834513839242289,0.0705568850967572,0.0,0.2473659972978639,0.0,0.0,0.0,0.2413696482165601,0.0,0.2895990142940365,0.0,0.1297089493422128,0.3977976856223917,0.0730071297065187,0.2434637758891825,0.2704458297669877,0.0,0.0,0.0,0.0753590580065355,0.0398016392259984,0.0478866919349773,0.0,0.0,0.0,0.1750177075101282,0.2584084659171313,0.2425236737438047,0.158525226326185,0.0155232691999128,0.1719679211321584,0.0,0.0,0.0
0.236752317117315,0.0,0.0,0.0,0.0,0.0,0.0,0.0,0.0,0.3967691446598224,0.0,0.0,0.0,0.0,0.0,0.3159266897919144,0.0,0.2998957321564196,0.0,0.0,0.4148866500558161,0.4673702399084284,0.0,0.2664712849011123,0.3983229192706457,0.0,0.0,0.0,0.0,0.0,0.0,0.0,0.1240625593812944,0.2012219274792193,0.0,0.0,0.0,0.0,0.0,0.3347272091420856,0.0,0.0,0.0,0.0,0.2473659972978639,0.0,0.4558503107028192,0.0,0.0,0.0,0.4179641779045022,0.0,0.3837973653830278,0.0,0.0,0.0,0.129484226770408,0.4432462872029794,0.0,0.0,0.5928199288535128,0.0,0.4620834331519022,0.0,0.3205123445941103,0.3257927257939435,0.3687932070689097,0.449826657511256,0.2312689048317124,0.5600197714786259,0.4809375808391153,0.3523943764273251,0.2925209495359517,0.5012406939515953,0.0,0.0716295550217659
0.0,0.0,0.0,0.0,0.0,0.2501176196900803,0.0,0.0,0.0,0.0,0.0,0.0,0.0,0.0,0.7901528007643174,0.1367540419853323,0.0,0.3948300533331207,0.0,0.6347252947728165,0.8194301711878548,0.665577312382814,0.8221225849719658,0.0,0.3790903926998985,0.0,0.8955712106334083,0.0,0.6894748205864462,0.0,0.751615025420528,0.0,0.0279609743690658,0.2750823010837336,0.1946551128034604,0.0,0.0,0.0,0.0,0.3296238320199723,0.0,0.0,0.0,0.0,0.0,0.4558503107028192,0.0,0.0,0.0,0.0,0.4740416989982288,0.8744794028503748,0.7281519065727698,0.8901576174551077,0.814918794052586,0.0,0.0,0.8560969214428321,0.0,0.2693083199425947,0.7348581971765232,0.6853067079700872,0.6133949092012569,0.0,0.4524253116792263,0.6599572712911255,0.786015752433608,0.8028548340079456,0.0,0.8947943769411099,0.6828869755894876,0.4065090207136987,0.4701579353602747,0.6065353697646108,0.0,0.0
0.0,0.0,0.9219032799387232,0.0,0.5154102772289681,0.3609173525835255,0.1757835262971346,0.392873619150911,0.8642133190374548,0.0,0.6910148614572749,0.0,0.1913846499184162,0.0,0.0,0.0,0.0,0.0,0.7230962259899755,0.0,0.0,0.0,0.5970284967010937,0.0,0.0,0.0,0.7282347157144399,0.3312052380647927,0.5706113261378095,0.0,0.0,0.0,0.0,0.1072204586504118,0.0,0.1851591424811392,0.0,0.0,0.0,0.0947700612568913,0.0,0.0,0.4201709962943421,0.2685353208876657,0.0,0.0,0.0,0.0,0.3714234196867086,0.65092722774699,0.4823018266448509,0.5953384843706487,0.6145182072557301,0.9001278406826047,0.4221475216351619,0.833068777832637,0.1869429892908176,0.5522756826964083,0.0,0.0,0.0,0.0,0.0,0.9035959242911796,0.0,0.3143874945928523,0.0,0.6455914187779269,0.0,0.5002481353720768,0.3765103956526759,0.6859665288107795,0.5212573334631148,0.3941905218418463,0.4834919300780744,0.1644513844081091
0.0,0.0,0.0,0.0,0.0,0.0,0.0,0.0,0.0,0.0,0.0,0.0,0.0,0.0,0.0,0.0,0.0,0.0,0.0,0.0,0.0,0.0,0.0,0.0,0.0,0.0,0.0,0.0,0.0,0.0,0.0,0.0,0.0,0.0,0.0,0.0,0.0,0.0,0.0,0.0,0.0,0.0,0.4459540347122306,0.0785253417040879,0.0,0.0,0.0,0.3714234196867086,0.0,0.758973808316377,0.0568451935510047,0.6553572069475309,0.5737670267783044,0.5566002571828311,0.0,0.5433738923611683,0.0,0.6123453961665369,0.1154133474524643,0.0,0.0,0.0,0.0,0.4645236702676589,0.0,0.0,0.0,0.4110302068404213,0.0,0.0,0.0,0.0,0.3767036285763555,0.0,0.0,0.0
