0.0,0.155890257855584,0.0,0.0,0.0,0.2276829592414883,0.0,0.100452749694281,0.0,0.4961523344202465,0.0,0.1856835770586735,0.0,0.0,0.253439082438028,0.3325508315840359,0.2821750709582556,0.1847393853660918,0.0,0.0868201989655746,0.619060770986961,0.1937677594301757,0.0710782801348671,0.4200134568949547,0.3310629545856524,0.3617480186283277,0.0,0.0366955549679633,0.384216955432758,0.0,0.6015309939177329,0.3686647343244594,0.3019992726229373,0.4062747353375114,0.2916151740892519,0.0,0.0,0.0,0.3326112983204056,0.3239728743104782,0.2910062044201069,0.0,0.0,0.0,0.0,0.7439531282128162,0.0,0.0,0.0,0.0,0.0,0.0,0.0,0.0,0.2716583572081326,0.0,0.0,0.0,0.0,0.0,0.4568944667407221,0.0,0.2202385016402613,0.0,0.0,0.5461501761071518,0.1057638531859571,0.0,0.3196509348926179,0.3108207215659527,0.3907331690857131,0.0,0.0,0.0,0.0,0.0
0.155890257855584,0.0,0.0,0.0,0.6907150128554134,0.8110295885206769,0.7916562033767984,0.5949371696361845,0.6304319151295045,0.0,0.0,0.0,0.7775793266798436,0.0,0.6066016364095588,0.7696470080922625,0.0,0.5665010378197173,0.0,0.6310159613583728,0.5281733668960401,0.686783160975193,0.6866829891384435,0.0,0.7912927900373883,0.6820960142317383,0.7647454547449161,0.6723133191039619,0.7852685526274911,0.0,0.648126888851712,0.0,0.0614920921745001,0.5443558822774063,0.3622765003981309,0.0,0.0,0.0,0.0,0.0669479841541961,0.0,0.0,0.0,0.0,0.0,0.2494807061943488,0.8233556773743058,0.0,0.0,0.0,0.0,0.0,0.0,0.0,0.0,0.0,0.0,0.0,0.0,0.4858808835990256,0.4398637107481782,0.0,0.5956980251720573,0.0,0.5054183184172402,0.4065760201426189,0.5920240149350091,0.6045001216938508,0.0,0.608576396564519,0.6454422671193949,0.583486705959681,0.0,0.3219967384719931,0.0,0.0419363818002068
0.0,0.0,0.0,0.0,0.8649089931755045,0.6630816591164733,0.5038902824938104,0.5409272405371931,0.8669629797081193,0.2675313261250432,0.9166272063054266,0.0,0.7070793096493759,0.533013968038107,0.0,0.0,0.0,0.0,0.8769934996088764,0.0,0.0,0.0,0.6031796693834359,0.0,0.0,0.0,0.7705632186815928,0.7381778638745305,0.0,0.4593952142068996,0.1651401577498411,0.0,0.0,0.0,0.0606098516833941,0.5395726621115859,0.2306168175623457,0.0,0.0,0.0,0.0,0.0,0.4988088822554467,0.0,0.0,0.0,0.0,0.9354068954577648,0.0,0.7894469029640936,0.328303524027157,0.0,0.3925812125118214,0.8776790620472026,0.0,0.9026664672995344,0.0,0.0,0.6925862583884952,0.0,0.0,0.0,0.0,0.8689568580377114,0.0,0.0,0.0,0.4039024589590337,0.0,0.0,0.0,0.7391690509708225,0.0,0.0,0.0,0.0
0.0,0.0,0.0,0.0,0.2253333068978645,0.2245571333180162,0.421931924237115,0.2799626617610173,0.1504316518688608,0.2748436286434251,0.2165532812079222,0.0,0.3022636256880283,0.4903605347337108,0.0,0.0,0.0,0.0,0.0581159564856765,0.0,0.0,0.0,0.1068477913998106,0.0,0.0,0.0,0.1040599081817839,0.2319713144218472,0.0,0.0,0.0,0.0582220847211153,0.0,0.1767196183690332,0.0057414693254812,0.3008322601612527,0.3460665915397888,0.0,0.0,0.0,0.0,0.0,0.0,0.0,0.0,0.0,0.0,0.0,0.0,0.0,0.0,0.0,0.0,0.0,0.0,0.0,0.0,0.0,0.0,0.0,0.0,0.0,0.0,0.0,0.0,0.0,0.0,0.0,0.0,0.0,0.0,0.0,0.0,0.0,0.0,0.0
0.0,0.6907150128554134,0.8649089931755045,0.2253333068978645,0.0,0.8391342322139577,0.7441468271193901,0.5851579746219306,0.9540218502980156,0.4393669692329608,0.8775791175961052,0.4533144407281156,0.8807332925826868,0.6865790831780989,0.0,0.0,0.0,0.0,0.7805465272650828,0.8237329164923067,0.0,0.7347941909703362,0.6410241349840756,0.0,0.5762275166101154,0.0,0.8734181036885227,0.8413137976131131,0.6909674469420929,0.0,0.3448017819661536,0.0,0.0,0.1734099266357357,0.1912025196557564,0.6005457430144467,0.3164368739695314,0.0,0.0,0.0,0.0,0.0,0.5932323265980824,0.0,0.0,0.0,0.0,0.867342504407522,0.0,0.0,0.0,0.0,0.473983670838457,0.9294475899648648,0.0,0.8876067908422671,0.0,0.0,0.0,0.0,0.0,0.0,0.0,0.0,0.0,0.0,0.0,0.4823171291354503,0.0,0.0,0.0,0.847830183680624,0.0,0.0,0.0,0.0
0.2276829592414883,0.8110295885206769,0.6630816591164733,0.2245571333180162,0.8391342322139577,0.0,0.7431819506834058,0.7135667433575644,0.758299880989513,0.6145795739543846,0.6225824219373687,0.0,0.9021052954557665,0.5984910621401454,0.617748233008193,0.5907332954849772,0.0,0.380061001510982,0.5584902916408079,0.7823166486721417,0.5543504739654346,0.699909936555909,0.854368992598548,0.0,0.6086294508049986,0.7959219173274298,0.8148859043066536,0.8142823933197925,0.7858550763417833,0.507518886124272,0.5957415527369744,0.0,0.0,0.4171903405903314,0.3135886745737653,0.5974930001263351,0.4939569552415553,0.0,0.0,0.0,0.0,0.0,0.461778571218383,0.0,0.0,0.0,0.0,0.7330902481270821,0.0,0.0,0.6864365939459888,0.7877439048169798,0.6019965634089439,0.7450881430360292,0.0,0.6391394499123774,0.0,0.8271751708915107,0.0,0.5317313023431053,0.0,0.0,0.0,0.6071413139714295,0.7051301940552442,0.4693420050607225,0.6828816143491909,0.675962307260102,0.0,0.0,0.0,0.7158855585280994,0.7061234053962919,0.5336972154417835,0.0,0.1444812574853015
0.0,0.7916562033767984,0.5038902824938104,0.421931924237115,0.7441468271193901,0.7431819506834058,0.0,0.6088031041787862,0.6553090640985496,0.6838537826847909,0.58004873600773,0.2815647116983444,0.8233979077515045,0.6992272909595266,0.0,0.5232795092310512,0.587093513450093,0.24157526283001,0.3930107070376412,0.5209711382139975,0.0,0.5093062371101573,0.5631159651556031,0.0,0.5431525839988814,0.681901120440264,0.6655135622154076,0.7259951784982763,0.637351120532762,0.0,0.4966855556654226,0.0,0.0,0.4004765868257351,0.3728037385643642,0.4713939790690715,0.3499955301060726,0.0,0.0,0.0,0.0,0.0,0.0,0.0,0.0,0.0,0.0,0.0,0.0,0.0,0.4428339854245951,0.0,0.0,0.0,0.0,0.0,0.0,0.0,0.0,0.0,0.0,0.0,0.0,0.0,0.0,0.0,0.0,0.4532384284025211,0.0,0.0,0.0,0.5556961437696386,0.0,0.0,0.0,0.0
0.100452749694281,0.5949371696361845,0.5409272405371931,0.2799626617610173,0.5851579746219306,0.7135667433575644,0.6088031041787862,0.0,0.5526667676760254,0.5299336402601512,0.5652051918538533,0.0,0.6736499779412558,0.6899019669293708,0.5064726866555777,0.3257855718137999,0.0,0.0,0.4093550935820909,0.5226297619858744,0.5989530375480981,0.4823132922700409,0.8389148918992821,0.1658801106899746,0.282326059052723,0.6951594383310304,0.5776407363693669,0.6772650721992601,0.38087790301211,0.4155515037942324,0.4997634494342362,0.0,0.0549562644338011,0.4216050574308128,0.2162759234384354,0.5940882037159011,0.4261643888240864,0.0,0.0,0.0,0.0,0.0,0.2992721514354203,0.0,0.0,0.0,0.0,0.5375705843902575,0.0,0.5747311303504695,0.2511270365940542,0.5196520974161094,0.7818860032221655,0.5120340482555558,0.0,0.4827465802290001,0.0,0.5562273898948382,0.5376668085951776,0.4091515447566968,0.0,0.0,0.0,0.3937305455407348,0.4837532470741817,0.4867474166524885,0.0,0.6371828556798882,0.0,0.0,0.0,0.3969838441504048,0.4617545536314287,0.1453418153778218,0.0,0.0088505351407961
0.0,0.6304319151295045,0.8669629797081193,0.1504316518688608,0.9540218502980156,0.758299880989513,0.6553090640985496,0.5526667676760254,0.0,0.4572510087607695,0.8571509372403755,0.4180124297493412,0.810025287871026,0.6075141195649763,0.0,0.5046433512357591,0.0,0.0,0.7924871509807543,0.7982337236285661,0.0,0.7005292092405975,0.6070595601989391,0.0,0.0,0.0,0.8591484047467646,0.7691699843968783,0.6351970014357401,0.5379634848810189,0.2589927773413145,0.0,0.0,0.1474752711408253,0.1992229020013795,0.5338104180024086,0.3138091442390691,0.0,0.0,0.0,0.0,0.0,0.5092640388491833,0.0,0.0,0.0,0.0,0.8577040819471401,0.0,0.0,0.4762044817349438,0.0,0.4401530831739331,0.9732751334129718,0.0,0.8919872072123274,0.0,0.0,0.7568965502828002,0.0,0.0,0.0,0.0,0.8343307181268198,0.0,0.0,0.0,0.4727934124788798,0.0,0.0,0.0,0.8490588520664395,0.0,0.0,0.0,0.0
0.4961523344202465,0.0,0.2675313261250432,0.2748436286434251,0.4393669692329608,0.6145795739543846,0.6838537826847909,0.5299336402601512,0.4572510087607695,0.0,0.328336266137084,0.3026766648488997,0.5963408451322912,0.5397093014517187,0.0,0.5096509490846007,0.681021359715164,0.2540328041573906,0.2615524748365461,0.0,0.0,0.514384830215888,0.5140842770788554,0.0741546356333451,0.6126926096138546,0.6320640525419354,0.4429552836987693,0.5288478456635907,0.0,0.0,0.6986590881625483,0.0264818274910977,0.1829857654416756,0.5840845207940114,0.3881720450467548,0.3280072886273806,0.3674922381125362,0.1483309245274083,0.1123588792789886,0.1732167313916435,0.0,0.0,0.0,0.0,0.1410688003271955,0.0,0.0,0.0,0.0,0.0,0.0,0.0,0.0,0.0,0.7981100646115321,0.0,0.0862410012710365,0.0,0.0,0.0,0.0,0.5482413756695558,0.4044032105350542,0.0,0.0,0.0,0.0,0.0,0.0,0.5638388530134774,0.6209314567510787,0.0,0.4045198945123811,0.0,0.0,0.1069849247120366
0.0,0.0,0.9166272063054266,0.2165532812079222,0.8775791175961052,0.6225824219373687,0.58004873600773,0.5652051918538533,0.8571509372403755,0.328336266137084,0.0,0.4204509537078804,0.7169973464275791,0.6637392555243385,0.0,0.0,0.0,0.0,0.8487260714403599,0.0,0.0,0.0,0.5629011474970618,0.0,0.0,0.0,0.74308255258802,0.729865030156419,0.0,0.0,0.1372695192921006,0.0,0.0,0.0133925419726239,0.0676292569691891,0.5416483473110487,0.2208381188892164,0.0,0.0,0.0,0.0,0.0,0.5247214118011725,0.0,0.0,0.0,0.0,0.8678653591693739,0.0,0.8226122870005271,0.3328609325904412,0.6463931950577041,0.4271323586284088,0.8635661039939636,0.0,0.9381804717141476,0.0,0.5576672493469369,0.7364812821715155,0.0,0.0,0.0,0.0,0.8308434615896579,0.0,0.0,0.0,0.3881488100176392,0.0,0.0,0.0,0.7364002955053286,0.0,0.0,0.0,0.0
0.1856835770586735,0.0,0.0,0.0,0.4533144407281156,0.0,0.2815647116983444,0.0,0.4180124297493412,0.3026766648488997,0.4204509537078804,0.0,0.5641063585591514,0.0,0.0,0.0,0.385654121789658,0.3009971725541817,0.0,0.0,0.0,0.0,0.0,0.6305774802265302,0.2777772487309354,0.7636103504243484,0.0,0.5133726820629232,0.0,0.0,0.4277146794064878,0.0,0.0,0.0,0.0441937954594781,0.4897395440220383,0.3788539351366364,0.2438123246306268,0.0,0.0,0.0,0.0,0.0,0.0,0.2966959926219648,0.0,0.0,0.0,0.0,0.0,0.0,0.0,0.0,0.0,0.299942585917494,0.0,0.8446111827193541,0.0,0.0,0.0,0.0,0.2675758532584281,0.3694567688095408,0.0,0.0,0.0,0.0,0.0,0.4230782464608736,0.0571123588333769,0.6239221904469651,0.0,0.0,0.0,0.0,0.5283000995768755
0.0,0.7775793266798436,0.7070793096493759,0.3022636256880283,0.8807332925826868,0.9021052954557665,0.8233979077515045,0.6736499779412558,0.810025287871026,0.5963408451322912,0.7169973464275791,0.5641063585591514,0.0,0.7350816105006605,0.507395340812694,0.6226967043076352,0.6115573103057824,0.4003610568847033,0.651284333165551,0.7860756182183121,0.443761971936875,0.7390688902895894,0.7195736624468435,0.0602210267294022,0.5588925450065333,0.8192128207529723,0.780049536646563,0.9348605424962888,0.7674828226376181,0.5662286968066981,0.5674240536343428,0.0,0.0,0.3563172729481168,0.2944519299549534,0.6520973425196056,0.5431894084671696,0.0,0.0,0.0,0.0,0.0,0.5842711479600463,0.0,0.0,0.0,0.0,0.7128432085737019,0.0,0.0,0.575804531039296,0.0,0.5329798999482191,0.0,0.0,0.0,0.0,0.0,0.0,0.0,0.0,0.0,0.0,0.0,0.0,0.0,0.0,0.4919867507344494,0.0,0.0,0.0,0.6761541946015914,0.0,0.5280172602401104,0.0,0.0
0.0,0.0,0.533013968038107,0.4903605347337108,0.6865790831780989,0.5984910621401454,0.6992272909595266,0.6899019669293708,0.6075141195649763,0.5397093014517187,0.6637392555243385,0.0,0.7350816105006605,0.0,0.0,0.0,0.0,0.0,0.4779438693464652,0.0,0.3854010582736267,0.0,0.5864366641065762,0.0,0.0,0.0,0.555787698031996,0.7855679247150172,0.0,0.0,0.5042612809952374,0.0,0.0,0.3422211899045846,0.0,0.671573518612213,0.482064005957916,0.0,0.0,0.0,0.0,0.0,0.4819538879029481,0.0,0.0,0.0,0.0,0.5343020680190019,0.0,0.0,0.0,0.0,0.0,0.6043266221000325,0.0,0.6278943366924722,0.0,0.0,0.0,0.0,0.0,0.0,0.0,0.0,0.0,0.0,0.0,0.4606249904528177,0.0,0.0,0.0,0.0,0.0,0.0,0.0,0.0
0.253439082438028,0.6066016364095588,0.0,0.0,0.0,0.617748233008193,0.0,0.5064726866555777,0.0,0.0,0.0,0.0,0.507395340812694,0.0,0.0,0.6548546794693924,0.0,0.3610086262222619,0.0,0.6979347048057014,0.6781776385441338,0.7247584302659854,0.6388885887513787,0.0,0.4753130085687063,0.4995677320587315,0.5062275150391476,0.5195307085310704,0.6413405083594798,0.0,0.6180351531997514,0.0,0.1401415254291797,0.4766880787802939,0.1920871778775849,0.3770450412764197,0.0,0.0,0.0,0.1832880136427908,0.0,0.0,0.0,0.0,0.0,0.0,0.7070726526907297,0.0,0.0,0.0,0.4602682341958624,0.0,0.4256593417034419,0.0,0.0,0.0,0.0,0.0,0.0,0.9287212710267904,0.5271143539268325,0.0,0.0,0.0,0.6638771144969832,0.6587976260370975,0.7516213047674052,0.6562548950783662,0.0,0.0,0.4639131507427865,0.4491838918364561,0.3613333580926135,0.3797623647265037,0.0,0.2277418183677035
0.3325508315840359,0.7696470080922625,0.0,0.0,0.0,0.5907332954849772,0.5232795092310512,0.3257855718137999,0.5046433512357591,0.5096509490846007,0.0,0.0,0.6226967043076352,0.0,0.6548546794693924,0.0,0.7123915326588242,0.7486732250350151,0.0,0.7118267568989137,0.424905865318861,0.7830594150579482,0.457309741811949,0.0,0.7530812431033626,0.5299726862117228,0.6302463782187154,0.6420643540277484,0.8264897799311792,0.5004686859742027,0.6832241690290286,0.0,0.0899171610568413,0.4404734736729357,0.1973820211762733,0.0,0.0,0.0,0.0,0.1124121957102192,0.0,0.0,0.0,0.0,0.0,0.3803341928695923,0.7099921484915058,0.0,0.0,0.0,0.0,0.0,0.0,0.0,0.0,0.0,0.0,0.0,0.0,0.6484141595403214,0.7366241918041351,0.0,0.7364237097458183,0.0,0.6311440609803933,0.4093321223376843,0.7218746857106207,0.0,0.0,0.6109112285543689,0.5170654669531858,0.0,0.0,0.0,0.0,0.2927223986710368
0.2821750709582556,0.0,0.0,0.0,0.0,0.0,0.587093513450093,0.0,0.0,0.681021359715164,0.0,0.385654121789658,0.6115573103057824,0.0,0.0,0.7123915326588242,0.0,0.5272230035471669,0.0,0.5408332859588177,0.0,0.5713728270943402,0.0,0.0,0.6103538609138496,0.5680089618737499,0.0,0.6210585418519379,0.0,0.0,0.7179703688999521,0.0,0.1436660240488476,0.5572002261902216,0.2155975113393867,0.0,0.0,0.0442623014636219,0.0,0.1991359517480729,0.0,0.0,0.0,0.0,0.0,0.0,0.0,0.0,0.0,0.0,0.0,0.0,0.0,0.0,0.695014814006135,0.0,0.1780441936456484,0.0,0.0,0.0,0.0,0.6218519215135988,0.5513736380293477,0.0,0.0,0.0,0.0,0.0,0.0,0.3929116470689781,0.4581141559000459,0.0,0.0,0.0,0.0,0.0
0.1847393853660918,0.5665010378197173,0.0,0.0,0.0,0.380061001510982,0.24157526283001,0.0,0.0,0.2540328041573906,0.0,0.3009971725541817,0.4003610568847033,0.0,0.3610086262222619,0.7486732250350151,0.5272230035471669,0.0,0.0,0.4764218040517416,0.0526685674637364,0.5635636473580173,0.0887129774573074,0.0371318159435495,0.7818617741885171,0.4048707050752829,0.3313860339784906,0.3851069213341394,0.6546393001773768,0.0,0.3500761712360519,0.0,0.0,0.0743644820831708,0.0946247905032857,0.0,0.0,0.0,0.0,0.0,0.0,0.0,0.0,0.0,0.0,0.1332142374181008,0.360324212405554,0.0,0.0,0.0,0.0,0.0,0.0,0.0,0.4232510555171156,0.0,0.1593981372430077,0.0,0.0,0.0,0.5766847907735153,0.6132690437678255,0.7495082648637851,0.0,0.0,0.0,0.5245132596556865,0.0,0.0,0.59590194991673,0.4241500129020567,0.0,0.0,0.0,0.0,0.3587615447958737
0.0,0.0,0.8769934996088764,0.0581159564856765,0.7805465272650828,0.5584902916408079,0.3930107070376412,0.4093550935820909,0.7924871509807543,0.2615524748365461,0.8487260714403599,0.0,0.651284333165551,0.4779438693464652,0.0,0.0,0.0,0.0,0.0,0.0,0.0,0.0,0.4787358707832116,0.0,0.0,0.0,0.6568842360476767,0.6484549171416532,0.0,0.0,0.2132856235156718,0.0,0.0,0.0,0.1247735149996156,0.4840511492450376,0.2176331855840761,0.0,0.0,0.0,0.0,0.0,0.4711713961771636,0.0,0.0,0.0,0.0,0.8330108320817179,0.0,0.0,0.3501876705773,0.0,0.2891673847099574,0.8108654397845494,0.0,0.8683251756520454,0.0,0.0,0.619109676186889,0.0,0.0,0.0,0.0,0.903259877525427,0.0,0.0,0.0,0.2949785384131172,0.0,0.0,0.0,0.6622368258174965,0.0,0.0,0.0,0.0
0.0868201989655746,0.6310159613583728,0.0,0.0,0.8237329164923067,0.7823166486721417,0.5209711382139975,0.5226297619858744,0.7982337236285661,0.0,0.0,0.0,0.7860756182183121,0.0,0.6979347048057014,0.7118267568989137,0.5408332859588177,0.4764218040517416,0.0,0.0,0.3520187664518144,0.9216964817263664,0.5880894448475482,0.0,0.5399941208087655,0.667554984004911,0.7763563323951115,0.7727798798556283,0.7990371216946363,0.56452382089353,0.5462032621034678,0.0,0.0,0.298948895927048,0.1097808030399217,0.6355679672677254,0.4074361746805411,0.0,0.0,0.0,0.0,0.0,0.0,0.0,0.0,0.0,0.5534239391790551,0.0,0.0,0.0,0.5429594568644254,0.0,0.3974348069064113,0.0,0.0,0.0,0.0,0.0,0.0,0.7122696126686413,0.0,0.0,0.0,0.0,0.9725862139779656,0.3255800380430236,0.9288897074997458,0.4495953671409732,0.0,0.0,0.5741433741537464,0.7551548904127391,0.755093583160043,0.6678869014614411,0.0,0.3901052617235955
0.619060770986961,0.5281733668960401,0.0,0.0,0.0,0.5543504739654346,0.0,0.5989530375480981,0.0,0.0,0.0,0.0,0.443761971936875,0.3854010582736267,0.6781776385441338,0.424905865318861,0.0,0.0526685674637364,0.0,0.3520187664518144,0.0,0.4054378565010409,0.5676617992684918,0.1850400699325076,0.3621168136736327,0.5345396473212123,0.2795544965442434,0.4161099613544039,0.505618969514934,0.3726860791066674,0.7396168029299179,0.2110210155514427,0.3979669685233303,0.6371195202449759,0.3707668176705512,0.2898187385773959,0.0,0.0,0.1703531861103331,0.4527005203608513,0.0,0.0,0.0,0.0,0.0,0.6775619860133292,0.5511587460450486,0.0,0.0,0.0,0.3629676496784602,0.0,0.4848430044585762,0.0,0.0,0.0,0.0,0.0,0.0,0.5673891794628171,0.3890637875988573,0.0,0.0,0.0,0.2795504628865735,0.8880473516547935,0.3738252885925374,0.6113335414979719,0.0,0.3097495810965336,0.4768517328223734,0.1348536368058029,0.211008078282913,0.26394613550113,0.0,0.1211651718895104
0.1937677594301757,0.686783160975193,0.0,0.0,0.7347941909703362,0.699909936555909,0.5093062371101573,0.4823132922700409,0.7005292092405975,0.514384830215888,0.0,0.0,0.7390688902895894,0.0,0.7247584302659854,0.7830594150579482,0.5713728270943402,0.5635636473580173,0.0,0.9216964817263664,0.4054378565010409,0.0,0.4715225809133521,0.0,0.6059659018690221,0.7222846322304521,0.6562886337919623,0.693905006234898,0.8298840428498337,0.725560236074059,0.6092611133835882,0.0,0.0,0.3014752804604582,0.144081769279319,0.5706890712769358,0.29135609343938,0.0,0.0,0.0,0.0,0.0,0.0,0.0,0.0,0.3200129873766731,0.5280157095456842,0.0,0.0,0.0,0.5665927605868961,0.0,0.0,0.0,0.0,0.0,0.0,0.0,0.0,0.7110982831080331,0.6211055279764379,0.0,0.7277528857301183,0.0,0.8700608751859046,0.3272269094220379,0.9642947695165068,0.3476387205603949,0.0,0.5206745347851288,0.692070997001141,0.6388563302242042,0.0,0.7067348670819102,0.0,0.5107885116896945
0.0710782801348671,0.6866829891384435,0.6031796693834359,0.1068477913998106,0.6410241349840756,0.854368992598548,0.5631159651556031,0.8389148918992821,0.6070595601989391,0.5140842770788554,0.5629011474970618,0.0,0.7195736624468435,0.5864366641065762,0.6388885887513787,0.457309741811949,0.0,0.0887129774573074,0.4787358707832116,0.5880894448475482,0.5676617992684918,0.4715225809133521,0.0,0.0,0.3909656015519502,0.5807979064559466,0.7250031472237998,0.7423280936494863,0.5003447466483398,0.3305167228000013,0.4799265203100268,0.0,0.1258560706744214,0.5015299392434986,0.2839228804363049,0.5452924378769387,0.5029410912117563,0.0,0.0,0.1043219584008094,0.0,0.0,0.2117259641986946,0.0,0.0,0.0,0.7618048830374645,0.6668896381455458,0.0,0.6589352290304858,0.4436022506168177,0.5996427525825899,0.6898236892305929,0.594913940828122,0.0,0.5337564301091177,0.0,0.6334439656232823,0.5219546229436177,0.5416063564474809,0.0,0.0,0.0,0.4951748462544054,0.545910630715573,0.5477285766839444,0.5039338827777461,0.8908592361349985,0.0,0.0,0.4394668536110784,0.5426786563935266,0.4444059607985897,0.1235357942845604,0.2559050573072391,0.0
0.4200134568949547,0.0,0.0,0.0,0.0,0.0,0.0,0.1658801106899746,0.0,0.0741546356333451,0.0,0.6305774802265302,0.0602210267294022,0.0,0.0,0.0,0.0,0.0371318159435495,0.0,0.0,0.1850400699325076,0.0,0.0,0.0,0.0,0.4445791920974721,0.0,0.0184388881936653,0.0,0.0,0.2684645161913086,0.2786343115558354,0.0,0.0,0.0619966942209357,0.0887302547086117,0.0,0.4631068761267231,0.2435439717177459,0.0,0.3735631782475225,0.0,0.0,0.0,0.3357110488999833,0.3931305161692011,0.0,0.0,0.0,0.0,0.0,0.0,0.0,0.0,0.0,0.0,0.6080048859789274,0.0,0.0,0.0,0.1014926896725526,0.0,0.0839366695564741,0.0,0.0,0.0,0.0,0.0,0.8320537814441875,0.0,0.4154602323541596,0.0,0.0,0.0,0.0,0.6386032913828317
0.3310629545856524,0.7912927900373883,0.0,0.0,0.5762275166101154,0.6086294508049986,0.5431525839988814,0.282326059052723,0.0,0.6126926096138546,0.0,0.2777772487309354,0.5588925450065333,0.0,0.4753130085687063,0.7530812431033626,0.6103538609138496,0.7818617741885171,0.0,0.5399941208087655,0.3621168136736327,0.6059659018690221,0.3909656015519502,0.0,0.0,0.5883557878556719,0.5840818278199855,0.4912110716106947,0.8066852768155849,0.0,0.4351821675032621,0.0,0.0,0.2473387103346023,0.1904149390138158,0.0,0.0,0.0,0.0,0.0,0.0,0.0,0.0,0.0,0.0,0.2756213075181845,0.576548792745369,0.0,0.0,0.0,0.0,0.0,0.0,0.0,0.6784178129488099,0.0,0.021716203947637,0.0,0.0,0.0,0.5763722968334208,0.5963826527705554,0.6833130879858995,0.0,0.4794097722443464,0.2255004895653781,0.5322144489272556,0.0,0.0,0.805590210682661,0.6226766717809141,0.0,0.0,0.0,0.0,0.254248916324519
0.3617480186283277,0.6820960142317383,0.0,0.0,0.0,0.7959219173274298,0.681901120440264,0.6951594383310304,0.0,0.6320640525419354,0.0,0.7636103504243484,0.8192128207529723,0.0,0.4995677320587315,0.5299726862117228,0.5680089618737499,0.4048707050752829,0.0,0.667554984004911,0.5345396473212123,0.7222846322304521,0.5807979064559466,0.4445791920974721,0.5883557878556719,0.0,0.5380709193908014,0.6892038212349003,0.6795189900062419,0.0,0.6513344101281274,0.0,0.0,0.3311935737816759,0.3043727182845578,0.5485107587753757,0.0,0.1977333818999179,0.0,0.0,0.0,0.0,0.0,0.0,0.1695933765413906,0.4423074235495969,0.3850138442584751,0.0,0.0,0.0,0.0,0.0,0.0,0.0,0.5683924841581862,0.0,0.5832643861856149,0.0,0.0,0.4107472066584199,0.2911067106950892,0.4155250160930721,0.4826373690959255,0.0,0.5924771053105589,0.3177852586215257,0.6384925679027623,0.3010650746001843,0.1361151340396413,0.3707033757829549,0.8429189517051534,0.4606412974217512,0.0,0.58020912040699,0.0,0.4043262437293615
0.0,0.7647454547449161,0.7705632186815928,0.1040599081817839,0.8734181036885227,0.8148859043066536,0.6655135622154076,0.5776407363693669,0.8591484047467646,0.4429552836987693,0.74308255258802,0.0,0.780049536646563,0.555787698031996,0.5062275150391476,0.6302463782187154,0.0,0.3313860339784906,0.6568842360476767,0.7763563323951115,0.2795544965442434,0.6562886337919623,0.7250031472237998,0.0,0.5840818278199855,0.5380709193908014,0.0,0.7516349211069262,0.6943222183633421,0.350216482116549,0.3283178743001305,0.0,0.0,0.3001523623757108,0.1971184282119087,0.5246758444922481,0.2947071580929169,0.0,0.0,0.0,0.0,0.0,0.3932304827798549,0.0,0.0,0.0,0.7018788010191208,0.8173179506527394,0.0,0.0,0.5131741131584304,0.7506568273500116,0.4459684067761571,0.8399714543840852,0.0,0.7378109599783924,0.0,0.6107927746305173,0.6642595891555767,0.4424301025423529,0.0,0.0,0.0,0.6975410576362251,0.7148183952569341,0.2506195562085219,0.6632172944909778,0.6609407613027048,0.0,0.0,0.4217761898008632,0.9434229573572196,0.5927591054761073,0.4355112648845848,0.3097014322870736,0.0
0.0366955549679633,0.6723133191039619,0.7381778638745305,0.2319713144218472,0.8413137976131131,0.8142823933197925,0.7259951784982763,0.6772650721992601,0.7691699843968783,0.5288478456635907,0.729865030156419,0.5133726820629232,0.9348605424962888,0.7855679247150172,0.5195307085310704,0.6420643540277484,0.6210585418519379,0.3851069213341394,0.6484549171416532,0.7727798798556283,0.4161099613544039,0.693905006234898,0.7423280936494863,0.0184388881936653,0.4912110716106947,0.6892038212349003,0.7516349211069262,0.0,0.7086313051986928,0.517258540673431,0.5553719433572801,0.0,0.0,0.3966980305194696,0.2893221787102819,0.7118552033278591,0.5666453187199937,0.0,0.0,0.0,0.0,0.0,0.6195430281365016,0.0,0.0,0.0,0.0,0.0,0.0,0.0,0.575992017430363,0.0,0.4891568166638012,0.0,0.0,0.0,0.0,0.0,0.0,0.5174855050161472,0.0,0.0,0.0,0.0,0.700103008228978,0.3246080482019139,0.0,0.5379105951660837,0.0,0.0,0.0,0.6529833217877729,0.8626948470162118,0.4920752111459877,0.0,0.220049722598636
0.384216955432758,0.7852685526274911,0.0,0.0,0.6909674469420929,0.7858550763417833,0.637351120532762,0.38087790301211,0.6351970014357401,0.0,0.0,0.0,0.7674828226376181,0.0,0.6413405083594798,0.8264897799311792,0.0,0.6546393001773768,0.0,0.7990371216946363,0.505618969514934,0.8298840428498337,0.5003447466483398,0.0,0.8066852768155849,0.6795189900062419,0.6943222183633421,0.7086313051986928,0.0,0.586291004053759,0.6554530317301245,0.0,0.0,0.4184476624111317,0.2752846040058185,0.3690993780136262,0.3145939355057774,0.0,0.0,0.0,0.0,0.0,0.0,0.0,0.0,0.0,0.6475965068174957,0.0,0.0,0.0,0.7061845969586285,0.0,0.2082821357443938,0.0,0.0,0.0,0.0,0.763201727261213,0.0,0.5891621703009492,0.0,0.0,0.0,0.0,0.6918825105730381,0.4342661912482654,0.7545253983222957,0.4353457629418962,0.0,0.0,0.6636594350728016,0.6628329007559146,0.6828192597264239,0.7605349782018489,0.0,0.3928591854335184
0.0,0.0,0.4593952142068996,0.0,0.0,0.507518886124272,0.0,0.4155515037942324,0.5379634848810189,0.0,0.0,0.0,0.5662286968066981,0.0,0.0,0.5004686859742027,0.0,0.0,0.0,0.56452382089353,0.3726860791066674,0.725560236074059,0.3305167228000013,0.0,0.0,0.0,0.350216482116549,0.517258540673431,0.586291004053759,0.0,0.4488146026358726,0.0,0.0,0.1569709104512234,0.291532999009379,0.0,0.0,0.0,0.0623484690596974,0.0,0.0,0.0,0.0,0.0,0.0,0.0,0.0,0.0,0.0,0.0,0.0,0.0,0.0,0.0,0.0,0.0,0.0,0.0,0.0,0.0,0.0,0.0,0.0,0.0,0.4956088592070133,0.0,0.0,0.1558265862647821,0.0,0.0,0.0,0.3506564361671048,0.0,0.0,0.0,0.0
0.6015309939177329,0.648126888851712,0.1651401577498411,0.0,0.3448017819661536,0.5957415527369744,0.4966855556654226,0.4997634494342362,0.2589927773413145,0.6986590881625483,0.1372695192921006,0.4277146794064878,0.5674240536343428,0.5042612809952374,0.6180351531997514,0.6832241690290286,0.7179703688999521,0.3500761712360519,0.2132856235156718,0.5462032621034678,0.7396168029299179,0.6092611133835882,0.4799265203100268,0.2684645161913086,0.4351821675032621,0.6513344101281274,0.3283178743001305,0.5553719433572801,0.6554530317301245,0.4488146026358726,0.0,0.1926803254724026,0.34934771422787,0.6628964765026656,0.2712201881126092,0.4496137443156186,0.4832885146100634,0.1191919993762604,0.1574968035630548,0.4426967379775265,0.0,0.0,0.0,0.0,0.0,0.6949904504599436,0.5536684169594251,0.0,0.0,0.0,0.5008500132639296,0.0,0.4035013600233998,0.0,0.621488570993939,0.0,0.2737768562993031,0.0,0.0,0.5844930620534832,0.6358928079404373,0.0,0.5766510975113858,0.0,0.4445391999463061,0.7015771142043151,0.5378901478740066,0.4751140611337656,0.1330219810232988,0.3833664446332349,0.5814382217215801,0.2721092582230989,0.4751179480601967,0.5426548856893185,0.0,0.3868534873014847
0.3686647343244594,0.0,0.0,0.0582220847211153,0.0,0.0,0.0,0.0,0.0,0.0264818274910977,0.0,0.0,0.0,0.0,0.0,0.0,0.0,0.0,0.0,0.0,0.2110210155514427,0.0,0.0,0.2786343115558354,0.0,0.0,0.0,0.0,0.0,0.0,0.1926803254724026,0.0,0.4089343345302054,0.1609810239305472,0.1006929094626327,0.0,0.0098885198364453,0.3445673419034698,0.8372281493679171,0.3827651031592141,0.4779519989627326,0.4140880618986662,0.0,0.0,0.2124586407265466,0.2705939080493518,0.0,0.0,0.0,0.0,0.0,0.0,0.0,0.0,0.0,0.0,0.0,0.0,0.0,0.0,0.0,0.0,0.0,0.0,0.0,0.2200178975225203,0.0,0.0,0.3872996503881307,0.0,0.0,0.0,0.0,0.0,0.0,0.0967932015881898
0.3019992726229373,0.0614920921745001,0.0,0.0,0.0,0.0,0.0,0.0549562644338011,0.0,0.1829857654416756,0.0,0.0,0.0,0.0,0.1401415254291797,0.0899171610568413,0.1436660240488476,0.0,0.0,0.0,0.3979669685233303,0.0,0.1258560706744214,0.0,0.0,0.0,0.0,0.0,0.0,0.0,0.34934771422787,0.4089343345302054,0.0,0.6214869674971434,0.1311555125636092,0.0,0.1917633112464528,0.1301888862658025,0.2810954752057955,0.8268814086009836,0.1370680964599828,0.0184822513284942,0.0,0.0,0.044830000383729,0.2574299331412696,0.250258501827057,0.0,0.0,0.0,0.0,0.0,0.0,0.0,0.1022195532777402,0.0,0.0,0.0,0.0,0.0977228074610506,0.1345238366664243,0.1279522801675389,0.0,0.0,0.0,0.550895826212403,0.0,0.3559353855297841,0.0,0.0,0.0,0.0,0.0,0.0,0.0,0.0
0.4062747353375114,0.5443558822774063,0.0,0.1767196183690332,0.1734099266357357,0.4171903405903314,0.4004765868257351,0.4216050574308128,0.1474752711408253,0.5840845207940114,0.0133925419726239,0.0,0.3563172729481168,0.3422211899045846,0.4766880787802939,0.4404734736729357,0.5572002261902216,0.0743644820831708,0.0,0.298948895927048,0.6371195202449759,0.3014752804604582,0.5015299392434986,0.0,0.2473387103346023,0.3311935737816759,0.3001523623757108,0.3966980305194696,0.4184476624111317,0.1569709104512234,0.6628964765026656,0.1609810239305472,0.6214869674971434,0.0,0.2875470302025135,0.2847735602733604,0.4501692665029347,0.0673855159397625,0.1394544171726773,0.664748120744755,0.0410876145676245,0.0,0.0270848457301686,0.0,0.1077417825322396,0.4486601640237684,0.6460146038179341,0.0,0.0,0.0,0.3556958111593387,0.0,0.3495639489883356,0.0,0.5470937405737542,0.0,0.0,0.0,0.0,0.407752245035928,0.319880910496064,0.0,0.3130070781667153,0.0,0.1530410122298902,0.6636758464851286,0.2501803811587262,0.6701623769513666,0.0,0.2295916788354784,0.2927390722842018,0.1641287031830954,0.1636769097586401,0.0935237616329446,0.0,0.0
0.2916151740892519,0.3622765003981309,0.0606098516833941,0.0057414693254812,0.1912025196557564,0.3135886745737653,0.3728037385643642,0.2162759234384354,0.1992229020013795,0.3881720450467548,0.0676292569691891,0.0441937954594781,0.2944519299549534,0.0,0.1920871778775849,0.1973820211762733,0.2155975113393867,0.0946247905032857,0.1247735149996156,0.1097808030399217,0.3707668176705512,0.144081769279319,0.2839228804363049,0.0619966942209357,0.1904149390138158,0.3043727182845578,0.1971184282119087,0.2893221787102819,0.2752846040058185,0.291532999009379,0.2712201881126092,0.1006929094626327,0.1311555125636092,0.2875470302025135,0.0,0.1211319517909202,0.1667225925900702,0.0,0.0807172534788225,0.0635020391579425,0.0,0.0494956468188424,0.0208593009516315,0.0,0.0,0.0,0.3451396331158206,0.0,0.0,0.0,0.0,0.0,0.0,0.0,0.0,0.0,0.0,0.0,0.0,0.1257040122411713,0.066118759933533,0.0,0.1992826866497646,0.0,0.0107288158271427,0.286188982504636,0.0755554358950313,0.316423120237991,0.0,0.2549668106113636,0.3121277536655957,0.093353238477403,0.0,0.0994840010013741,0.0,0.0
0.0,0.0,0.5395726621115859,0.3008322601612527,0.6005457430144467,0.5974930001263351,0.4713939790690715,0.5940882037159011,0.5338104180024086,0.3280072886273806,0.5416483473110487,0.4897395440220383,0.6520973425196056,0.671573518612213,0.3770450412764197,0.0,0.0,0.0,0.4840511492450376,0.6355679672677254,0.2898187385773959,0.5706890712769358,0.5452924378769387,0.0887302547086117,0.0,0.5485107587753757,0.5246758444922481,0.7118552033278591,0.3690993780136262,0.0,0.4496137443156186,0.0,0.0,0.2847735602733604,0.1211319517909202,0.0,0.5876178862935653,0.0,0.0,0.0,0.0,0.0,0.6314402023090963,0.5416779089954502,0.0,0.0,0.0,0.576024984555108,0.0,0.0,0.3551140346546901,0.5448123051614447,0.5119413610704386,0.5661232887616795,0.0,0.5638363147691388,0.442195699431325,0.6040478406250264,0.6345074577547154,0.0,0.0,0.0,0.0,0.4809408369899978,0.0,0.0,0.0,0.3952202470041021,0.0,0.0,0.0,0.4668042424768055,0.6597636104315312,0.3023557098709976,0.0,0.0
0.0,0.0,0.2306168175623457,0.3460665915397888,0.3164368739695314,0.4939569552415553,0.3499955301060726,0.4261643888240864,0.3138091442390691,0.3674922381125362,0.2208381188892164,0.3788539351366364,0.5431894084671696,0.482064005957916,0.0,0.0,0.0,0.0,0.2176331855840761,0.4074361746805411,0.0,0.29135609343938,0.5029410912117563,0.0,0.0,0.0,0.2947071580929169,0.5666453187199937,0.3145939355057774,0.0,0.4832885146100634,0.0098885198364453,0.1917633112464528,0.4501692665029347,0.1667225925900702,0.5876178862935653,0.0,0.0,0.0,0.0,0.0,0.0,0.0,0.0,0.0,0.0,0.0,0.0,0.0,0.0,0.0,0.0,0.0,0.0,0.0,0.0,0.0,0.0,0.0,0.0,0.0,0.0,0.0,0.0,0.0,0.0,0.0,0.0,0.0,0.0,0.0,0.0,0.0,0.0,0.0,0.0
0.0,0.0,0.0,0.0,0.0,0.0,0.0,0.0,0.0,0.1483309245274083,0.0,0.2438123246306268,0.0,0.0,0.0,0.0,0.0442623014636219,0.0,0.0,0.0,0.0,0.0,0.0,0.4631068761267231,0.0,0.1977333818999179,0.0,0.0,0.0,0.0,0.1191919993762604,0.3445673419034698,0.1301888862658025,0.0673855159397625,0.0,0.0,0.0,0.0,0.3293056882164035,0.0972383285660859,0.4150000006843743,0.3296572854911047,0.0,0.0,0.4618479073160247,0.0,0.0,0.0,0.0,0.0,0.0,0.0,0.0,0.0,0.0,0.0,0.2036264534443662,0.0,0.0,0.0,0.0,0.0,0.0,0.0,0.0,0.0,0.0,0.0,0.4010079834692365,0.0,0.1332148826707331,0.0,0.0,0.0,0.0,0.0
0.3326112983204056,0.0,0.0,0.0,0.0,0.0,0.0,0.0,0.0,0.1123588792789886,0.0,0.0,0.0,0.0,0.0,0.0,0.0,0.0,0.0,0.0,0.1703531861103331,0.0,0.0,0.2435439717177459,0.0,0.0,0.0,0.0,0.0,0.0623484690596974,0.1574968035630548,0.8372281493679171,0.2810954752057955,0.1394544171726773,0.0807172534788225,0.0,0.0,0.3293056882164035,0.0,0.2864890225166542,0.4890478034474794,0.4280321121882535,0.0,0.0,0.2956419497965117,0.221463111532688,0.0,0.0,0.0,0.0,0.0,0.0,0.0,0.0,0.0,0.0,0.0,0.0,0.0,0.0,0.0,0.0,0.0,0.0,0.0,0.1720231897452462,0.0,0.0,0.3655214354708883,0.0,0.0,0.0,0.0,0.0,0.0,0.1737082761563809
0.3239728743104782,0.0669479841541961,0.0,0.0,0.0,0.0,0.0,0.0,0.0,0.1732167313916435,0.0,0.0,0.0,0.0,0.1832880136427908,0.1124121957102192,0.1991359517480729,0.0,0.0,0.0,0.4527005203608513,0.0,0.1043219584008094,0.0,0.0,0.0,0.0,0.0,0.0,0.0,0.4426967379775265,0.3827651031592141,0.8268814086009836,0.664748120744755,0.0635020391579425,0.0,0.0,0.0972383285660859,0.2864890225166542,0.0,0.2182247653310162,0.0632864075699658,0.0,0.0,0.166792795976254,0.3012893681897818,0.2634440896387924,0.0,0.0,0.0,0.0,0.0,0.042593960948597,0.0,0.1240213574097922,0.0,0.0,0.0,0.0,0.1850330266823399,0.2388291769658475,0.1775320910352132,0.0,0.0,0.0,0.6117432170718013,0.0,0.3394071713628805,0.0034005993520519,0.0,0.0,0.0,0.0,0.0,0.0,0.0
0.2910062044201069,0.0,0.0,0.0,0.0,0.0,0.0,0.0,0.0,0.0,0.0,0.0,0.0,0.0,0.0,0.0,0.0,0.0,0.0,0.0,0.0,0.0,0.0,0.3735631782475225,0.0,0.0,0.0,0.0,0.0,0.0,0.0,0.4779519989627326,0.1370680964599828,0.0410876145676245,0.0,0.0,0.0,0.4150000006843743,0.4890478034474794,0.2182247653310162,0.0,0.5215285467942273,0.0,0.0459014637380074,0.4119155655307577,0.08186571302375,0.0,0.0,0.0,0.0,0.0,0.0,0.0,0.0,0.0,0.0,0.015470897246036,0.0,0.0,0.0,0.130314219074905,0.0,0.0,0.0,0.0,0.0,0.0,0.0,0.4931266926894208,0.0,0.0,0.0,0.0,0.1269599806986244,0.0757443781187442,0.4298537884956879
0.0,0.0,0.0,0.0,0.0,0.0,0.0,0.0,0.0,0.0,0.0,0.0,0.0,0.0,0.0,0.0,0.0,0.0,0.0,0.0,0.0,0.0,0.0,0.0,0.0,0.0,0.0,0.0,0.0,0.0,0.0,0.4140880618986662,0.0184822513284942,0.0,0.0494956468188424,0.0,0.0,0.3296572854911047,0.4280321121882535,0.0632864075699658,0.5215285467942273,0.0,0.0,0.0,0.1505074008453166,0.0,0.0,0.0,0.0,0.0,0.0,0.0,0.0,0.0,0.0,0.0,0.0,0.0,0.0,0.0,0.0,0.0,0.0,0.0,0.0,0.0,0.0,0.0,0.3081939530364352,0.0,0.0,0.0,0.0,0.0,0.0,0.1240773446014529
0.0,0.0,0.4988088822554467,0.0,0.5932323265980824,0.461778571218383,0.0,0.2992721514354203,0.5092640388491833,0.0,0.5247214118011725,0.0,0.5842711479600463,0.4819538879029481,0.0,0.0,0.0,0.0,0.4711713961771636,0.0,0.0,0.0,0.2117259641986946,0.0,0.0,0.0,0.3932304827798549,0.6195430281365016,0.0,0.0,0.0,0.0,0.0,0.0270848457301686,0.0208593009516315,0.6314402023090963,0.0,0.0,0.0,0.0,0.0,0.0,0.0,0.6433229453793111,0.2085440705892332,0.0,0.0,0.5598815738573768,0.3592759305437942,0.5265708716379651,0.4553888190322364,0.5048664469360741,0.2795124625730939,0.5477903049392742,0.3633493040413842,0.5596456308777394,0.5735357609607367,0.6544060919316899,0.6388017394068781,0.3441157593672438,0.0,0.3297547312236276,0.0,0.5444753567573191,0.6989393901759999,0.0072584622298128,0.6617761459782859,0.0610189106872423,0.1889706394037562,0.2852704945918695,0.551014885359236,0.4695788599143646,0.7727100723740857,0.5834992716700172,0.0,0.6161269658418767
0.0,0.0,0.0,0.0,0.0,0.0,0.0,0.0,0.0,0.0,0.0,0.0,0.0,0.0,0.0,0.0,0.0,0.0,0.0,0.0,0.0,0.0,0.0,0.0,0.0,0.0,0.0,0.0,0.0,0.0,0.0,0.0,0.0,0.0,0.0,0.5416779089954502,0.0,0.0,0.0,0.0,0.0459014637380074,0.0,0.6433229453793111,0.0,0.1402791272585617,0.0,0.0,0.3645343119700768,0.3419146025758512,0.3450035438705734,0.2826442320338239,0.3520740813003298,0.2759977297582464,0.3536897994100997,0.2187048078847351,0.3778246337003563,0.4525772777933721,0.4819758281905134,0.5108056177321983,0.0,0.0,0.0,0.0,0.3507632852458776,0.0,0.0,0.0,0.0112208173334955,0.0,0.0,0.0,0.2872774162814174,0.5603120754005505,0.4370125706905383,0.0,0.4234194397333445
0.0,0.0,0.0,0.0,0.0,0.0,0.0,0.0,0.0,0.1410688003271955,0.0,0.2966959926219648,0.0,0.0,0.0,0.0,0.0,0.0,0.0,0.0,0.0,0.0,0.0,0.3357110488999833,0.0,0.1695933765413906,0.0,0.0,0.0,0.0,0.0,0.2124586407265466,0.044830000383729,0.1077417825322396,0.0,0.0,0.0,0.4618479073160247,0.2956419497965117,0.166792795976254,0.4119155655307577,0.1505074008453166,0.2085440705892332,0.1402791272585617,0.0,0.1977729609476037,0.0,0.0,0.0,0.0,0.0,0.0,0.0,0.0,0.0492432996252146,0.0,0.287783634772404,0.1091272832384541,0.0,0.0,0.0,0.0,0.0,0.0,0.0,0.0,0.0,0.0,0.4144897148574115,0.0748728457165524,0.224771153395501,0.0,0.187714375196153,0.0,0.0,0.3913182123459436
0.7439531282128162,0.2494807061943488,0.0,0.0,0.0,0.0,0.0,0.0,0.0,0.0,0.0,0.0,0.0,0.0,0.0,0.3803341928695923,0.0,0.1332142374181008,0.0,0.0,0.6775619860133292,0.3200129873766731,0.0,0.3931305161692011,0.2756213075181845,0.4423074235495969,0.0,0.0,0.0,0.0,0.6949904504599436,0.2705939080493518,0.2574299331412696,0.4486601640237684,0.0,0.0,0.0,0.0,0.221463111532688,0.3012893681897818,0.08186571302375,0.0,0.0,0.0,0.1977729609476037,0.0,0.2180086497136333,0.0,0.0,0.0,0.2977995396727241,0.0,0.2163721247024151,0.0,0.4189220079536743,0.0,0.2364825324225635,0.2997773675283326,0.0,0.4091480441967436,0.501389600918503,0.0,0.3412765152585882,0.0,0.1975927362741429,0.6311168637637463,0.2928815152057248,0.2548424620167189,0.3767147370425788,0.3206740342199183,0.4966881451067417,0.0547481150750561,0.2315474147807284,0.4232853608324614,0.0,0.3766318466086691
0.0,0.8233556773743058,0.0,0.0,0.0,0.0,0.0,0.0,0.0,0.0,0.0,0.0,0.0,0.0,0.7070726526907297,0.7099921484915058,0.0,0.360324212405554,0.0,0.5534239391790551,0.5511587460450486,0.5280157095456842,0.7618048830374645,0.0,0.576548792745369,0.3850138442584751,0.7018788010191208,0.0,0.6475965068174957,0.0,0.5536684169594251,0.0,0.250258501827057,0.6460146038179341,0.3451396331158206,0.0,0.0,0.0,0.0,0.2634440896387924,0.0,0.0,0.0,0.0,0.0,0.2180086497136333,0.0,0.0,0.0,0.0,0.6292058640805127,0.6131709823418977,0.4738564326254355,0.4601637725311022,0.7647537653824515,0.0,0.0,0.610895451295881,0.0,0.6346935937169692,0.4370675305034771,0.6931675800700832,0.5831215319470712,0.0,0.44951137723885,0.5649458522881146,0.5383457864006531,0.8413507472403402,0.0,0.5156398380072442,0.4432429604192991,0.5340273218748446,0.3708361156515464,0.1280340150581739,0.0,0.0
0.0,0.0,0.9354068954577648,0.0,0.867342504407522,0.7330902481270821,0.0,0.5375705843902575,0.8577040819471401,0.0,0.8678653591693739,0.0,0.7128432085737019,0.5343020680190019,0.0,0.0,0.0,0.0,0.8330108320817179,0.0,0.0,0.0,0.6668896381455458,0.0,0.0,0.0,0.8173179506527394,0.0,0.0,0.0,0.0,0.0,0.0,0.0,0.0,0.576024984555108,0.0,0.0,0.0,0.0,0.0,0.0,0.5598815738573768,0.3645343119700768,0.0,0.0,0.0,0.0,0.2399626185940073,0.787150319898378,0.4474563371983537,0.6296355506872321,0.4302788799195728,0.9295944346272992,0.0,0.9034487192824237,0.0,0.6066719797221561,0.6930774576247771,0.0,0.0,0.0,0.0,0.918126280100286,0.0,0.0,0.0,0.508411470230302,0.0,0.0,0.0,0.7940450412617299,0.6518090787464853,0.4651851335845269,0.4757030322014714,0.1873730045627661
0.0,0.0,0.0,0.0,0.0,0.0,0.0,0.0,0.0,0.0,0.0,0.0,0.0,0.0,0.0,0.0,0.0,0.0,0.0,0.0,0.0,0.0,0.0,0.0,0.0,0.0,0.0,0.0,0.0,0.0,0.0,0.0,0.0,0.0,0.0,0.0,0.0,0.0,0.0,0.0,0.0,0.0,0.3592759305437942,0.3419146025758512,0.0,0.0,0.0,0.2399626185940073,0.0,0.4650402070373833,0.114758367658776,0.4573596056036298,0.2960261228726674,0.2896971982701762,0.0,0.4456401181094119,0.0,0.4902363086328927,0.5604677307610175,0.0,0.0,0.0,0.0,0.2361372700384726,0.0,0.0,0.0,0.1012137150502722,0.0,0.0,0.0,0.2388251711837515,0.5913721569113458,0.0,0.0,0.1443304665098855
