0.0,0.640657073314607,0.0,0.0,0.0,0.4453036312581132,0.0,0.2932983855245742,0.0,0.647204721623038,0.0,0.3665161079284887,0.0,0.0,0.6888820013137755,0.585304856459596,0.6872842271900649,0.5444179976298605,0.0,0.6185711213570113,0.7634411399970963,0.7920881795024577,0.3473303520923812,0.5409746446046937,0.726955940960199,0.6010045085228706,0.570874404632343,0.2720868897228199,0.4711498546837358,0.0,0.5326604373054326,0.2170352726476808,0.4453549461926917,0.1531838808786422,0.0,0.0,0.0,0.0,0.3371366174307994,0.6162659421379075,0.0,0.0,0.0,0.0,0.0,0.711313017578847,0.7817434316879996,0.0,0.0,0.0,0.0,0.0,0.0,0.0,0.5902833332107249,0.0,0.0,0.0,0.0,0.0,0.4320971036954931,0.0,0.4464602065408066,0.0,0.0,0.7270750097327261,0.8194015265594236,0.0,0.4388935265626877,0.6153578484358428,0.7165094235397139,0.0,0.0,0.0,0.0,0.0
0.640657073314607,0.0,0.0,0.0,0.1404430966548397,0.8451440692444632,0.3402813069969841,0.4857439638707264,0.5348663941686354,0.0,0.0,0.0,0.5865358922607006,0.0,0.6912751399843249,0.4870279214011369,0.0,0.6129604348453761,0.0,0.5369937941040498,0.605799428603901,0.755236861503296,0.5817102284458829,0.0,0.9208158955774262,0.7825592032816715,0.6922391258189251,0.2796789461313448,0.4487457724088819,0.0,0.3160668121566429,0.3358430368970327,0.4955487399891779,0.1621641078248299,0.0,0.0,0.0,0.0,0.2274437316283051,0.593061451998973,0.0,0.0,0.0,0.0,0.0,0.3267709681247595,0.8697383495480512,0.0,0.0,0.0,0.0,0.0,0.0,0.0,0.0,0.0,0.0,0.0,0.0,0.6609028487671736,0.1429256197203452,0.0,0.3564712851218902,0.0,0.575223852470584,0.3947949832259357,0.6517945763682993,0.330295641755044,0.0,0.6337658174882586,0.6154127602475891,0.6126807992266617,0.0,0.1972456230627635,0.0,0.0
0.0,0.0,0.0,0.0,0.1503268651751916,0.7476597869302248,0.0910046139531629,0.4486598301777461,0.7446610552098688,0.5998537939553081,0.6290171133457799,0.0,0.499246691565696,0.0,0.0,0.0,0.0,0.0,0.8290220747954642,0.0,0.0,0.0,0.6324973779090836,0.0,0.0,0.0,0.5813817693489942,0.5292686458385315,0.0,0.2935037896134512,0.1787416678822901,0.1066913905882614,0.0,0.0470999892165961,0.0,0.3855335078743763,0.1236644858000857,0.0,0.0859517019401575,0.0,0.0,0.0,0.3913188911728403,0.0,0.0,0.0,0.0,0.7748962090903291,0.0,0.2239542752054521,0.6392323158430842,0.0,0.3957008449296014,0.7476196336245882,0.0,0.6690061171739419,0.0,0.0,0.0,0.0,0.0,0.0,0.0,0.8453931578187049,0.0,0.0,0.0,0.4034773580950124,0.0,0.0,0.0,0.5730078987292191,0.0,0.0,0.0,0.0
0.0,0.0,0.0,0.0,0.338410195033349,0.0,0.4499461799077053,0.0,0.0,0.0517793957089414,0.1608812905890347,0.0,0.3697871322061444,0.0,0.0,0.0,0.0,0.0,0.0556691252899544,0.0,0.0,0.0,0.0,0.0,0.0,0.0,0.1055392677866915,0.2537339399784865,0.0,0.0,0.0,0.0,0.0,0.3418772803254879,0.0,0.2411830184902037,0.0,0.0,0.0,0.0,0.0,0.0,0.0,0.0,0.0,0.0,0.0,0.0,0.0,0.0,0.0,0.0,0.0,0.0,0.0,0.0,0.0,0.0,0.0,0.0,0.0,0.0,0.0,0.0,0.0,0.0,0.0,0.0,0.0,0.0,0.0,0.0,0.0,0.0,0.0,0.0
0.0,0.1404430966548397,0.1503268651751916,0.338410195033349,0.0,0.0,0.7153769063378228,0.0,0.3593578280110847,0.3088671379831072,0.5039346134936386,0.2222362002631333,0.4398090850312727,0.3587177566329111,0.0,0.0,0.0,0.0,0.168106017181485,0.0,0.0,0.0706999658829105,0.0,0.0,0.0544451528528132,0.0,0.0,0.3781705828250341,0.0,0.0,0.4370697356196502,0.2979926059523043,0.239883814788872,0.4544392017636747,0.0,0.2028066292619444,0.0,0.0,0.0,0.0,0.0,0.0,0.1542724475237092,0.0,0.0,0.0,0.0,0.2132590629700015,0.0,0.0,0.0,0.0,0.0,0.3815754588870091,0.0,0.4683568581358336,0.0,0.0,0.0,0.0,0.0,0.0,0.0,0.0,0.0,0.0,0.0,0.0,0.0,0.0,0.0,0.0,0.0,0.0,0.0,0.0
0.4453036312581132,0.8451440692444632,0.7476597869302248,0.0,0.0,0.0,0.0142831579371157,0.6589210858869724,0.4323791231264448,0.6058252011627133,0.3417309620750929,0.0,0.5553152892360725,0.0,0.7424607202773458,0.22024972605426,0.0,0.4355251918736729,0.4931539698905713,0.6882523586154291,0.5232051040717804,0.6781092265022485,0.8460050393299084,0.0,0.7294151242048617,0.6470560836205773,0.776885193223816,0.3476308801530083,0.5224941571964296,0.0395712026184432,0.0688579389721286,0.1347762406516154,0.3853594512226629,0.0,0.0,0.3845307654146736,0.0892289078422536,0.0,0.1598982435008776,0.0,0.0,0.0,0.313048141886536,0.0,0.0,0.0,0.0,0.610658234075364,0.0,0.0,0.8109380906186335,0.1769868518850517,0.5890358129097547,0.5469155227938153,0.0,0.400287225863029,0.0,0.5118850094101258,0.0,0.6597453179558301,0.0,0.0,0.0,0.6901373838200956,0.5478971487689694,0.3810720088767373,0.4792222863827045,0.5598696081830719,0.0,0.0,0.0,0.6924127540100623,0.0,0.0876066334501639,0.0,0.0
0.0,0.3402813069969841,0.0910046139531629,0.4499461799077053,0.7153769063378228,0.0142831579371157,0.0,0.0,0.3104278367824448,0.5182503340871536,0.2976229958090226,0.2382289396900982,0.6121897941768889,0.0566121575067026,0.0,0.6292269104727969,0.3270427821448688,0.5000401073975625,0.1599621174086284,0.0,0.0,0.1923331804922644,0.0,0.0,0.3179474763510327,0.1935831918887872,0.0,0.2801804682879953,0.1669405607141601,0.0,0.4845976845916738,0.1738254317708698,0.241518727155752,0.384397155694139,0.0,0.1078137508483071,0.0,0.0,0.0,0.0,0.0,0.0,0.0,0.0,0.0,0.0,0.0,0.0,0.0,0.0,0.0,0.0,0.0,0.0,0.0,0.0,0.0,0.0,0.0,0.0,0.0,0.0,0.0,0.0,0.0,0.0,0.0,0.0,0.0,0.0,0.0,0.0,0.0,0.0,0.0,0.0
0.2932983855245742,0.4857439638707264,0.4486598301777461,0.0,0.0,0.6589210858869724,0.0,0.0,0.1760430669073444,0.3767398707308962,0.4065891279972873,0.0,0.2792928150692802,0.0,0.4429057286132765,0.0,0.0,0.0,0.2498131602217795,0.4384157512310579,0.3702769281200675,0.3550079667148157,0.833229943160995,0.6677331605165149,0.3133574060831299,0.4186943092957664,0.4292797260107417,0.2081100066739073,0.1204625239448284,0.0103606403780086,0.0469960840047208,0.1366880545912864,0.3302548510768148,0.190937111951024,0.0,0.4210758596882089,0.0207746249712113,0.0,0.1313501238386742,0.0,0.0,0.0,0.4455596931517756,0.0,0.0,0.0,0.0,0.4341417826888174,0.0,0.0,0.6577878689770347,0.0,0.866502417931681,0.3287121024824858,0.0,0.3382763523897666,0.0,0.3766781979983713,0.0,0.263431297926132,0.0,0.0,0.0,0.4020434612117017,0.2594246547878175,0.247116600855401,0.0,0.653578353180567,0.0,0.0,0.0,0.3325270200380059,0.0,0.0,0.0,0.0
0.0,0.5348663941686354,0.7446610552098688,0.0,0.3593578280110847,0.4323791231264448,0.3104278367824448,0.1760430669073444,0.0,0.6286970587848393,0.6999928621391278,0.4604946529663244,0.4500300972411132,0.0,0.0,0.3891609776355963,0.0,0.0,0.6565792840218955,0.2423350288153038,0.0,0.4524353285862324,0.3354845869019517,0.0,0.0,0.0,0.2755324279120251,0.4861070706855143,0.1838182390499795,0.2930422292234465,0.2880943837953735,0.21194235183675,0.3226835763807762,0.1506803328851896,0.0,0.1778251126517737,0.1306519321159411,0.2480882741976094,0.0,0.0,0.0,0.0,0.1581826961652722,0.0,0.0,0.0,0.0,0.7789522237192364,0.0,0.0,0.4012449577547572,0.0,0.2459012236032515,0.9083647794269204,0.0,0.8261925326808492,0.0,0.0,0.0,0.0,0.0,0.0,0.0,0.5794272639599646,0.0,0.0,0.0,0.2712346852917667,0.0,0.0,0.0,0.4152777336809332,0.0,0.0,0.0,0.0
0.647204721623038,0.0,0.5998537939553081,0.0517793957089414,0.3088671379831072,0.6058252011627133,0.5182503340871536,0.3767398707308962,0.6286970587848393,0.0,0.5327456321576103,0.750026956796756,0.6152906846115009,0.0,0.0,0.5936347924495496,0.8888579169648578,0.5853822475357001,0.4596711308130586,0.0,0.0,0.6727861590731804,0.416136418996995,0.6683384404276627,0.8428945864868733,0.7589939437482734,0.4550597092663621,0.4973651508384539,0.0,0.0,0.540198535462992,0.1968151689029708,0.4818991942076401,0.221461919865112,0.0,0.2416056738761743,0.0513358248084121,0.216885786499806,0.0189509168794178,0.5168989216358058,0.0,0.0,0.0,0.0,0.0,0.0,0.0,0.0,0.0,0.0,0.0,0.0,0.0,0.0,0.9208801699543364,0.0,0.6686506874693167,0.0,0.0,0.0,0.0,0.8249770015256176,0.4574189092503847,0.0,0.0,0.0,0.0,0.0,0.5159899014321943,0.7330209341404109,0.6691220910210348,0.0,0.413860514876711,0.0,0.0,0.0
0.0,0.0,0.6290171133457799,0.1608812905890347,0.5039346134936386,0.3417309620750929,0.2976229958090226,0.4065891279972873,0.6999928621391278,0.5327456321576103,0.0,0.4450102623058509,0.3840220870187006,0.0173435310621819,0.0,0.0,0.0,0.0,0.4686658463743992,0.0,0.0,0.0,0.405142245056018,0.0,0.0,0.0,0.2871138020970984,0.5409025307821892,0.0,0.0,0.2821653980910338,0.1125726665095568,0.2195711965824844,0.1518424288931585,0.0,0.2502912462595144,0.0,0.1340911487676798,0.0,0.0,0.0,0.0,0.4369207456965387,0.0,0.0,0.0,0.0,0.624957798728612,0.0,0.3488454731931364,0.3973561338501247,0.4218305711916745,0.4128564945579245,0.6635728591549753,0.0,0.8989437026323962,0.0,0.5097031777774568,0.0,0.0,0.0,0.0,0.0,0.4068926635544383,0.0,0.0,0.0,0.3742561361294219,0.0,0.0,0.0,0.2167254491147241,0.0,0.0,0.0,0.0
0.3665161079284887,0.0,0.0,0.0,0.2222362002631333,0.0,0.2382289396900982,0.0,0.4604946529663244,0.750026956796756,0.4450102623058509,0.0,0.492345695910283,0.0,0.0,0.0,0.6240619601202964,0.1621312959911916,0.0,0.0,0.0,0.0,0.0,0.7693541757276375,0.5212940227049844,0.7081277930895755,0.0,0.3595779199353617,0.0,0.0,0.1617963450827348,0.1999384858126253,0.397129521781043,0.3360582621308592,0.0,0.4287947779826428,0.1211719248058763,0.1928243061560325,0.0,0.31961476623544,0.0,0.0,0.0,0.0,0.0,0.0,0.0,0.0,0.0,0.0,0.0,0.0,0.0,0.0,0.661288753487455,0.0,0.8365683799660047,0.0,0.0,0.0,0.0,0.5825668421103938,0.1031458400378576,0.0,0.0,0.0,0.0,0.0,0.6183901815420372,0.3882683804515037,0.5004067351045866,0.0,0.0,0.0,0.0,0.0
0.0,0.5865358922607006,0.499246691565696,0.3697871322061444,0.4398090850312727,0.5553152892360725,0.6121897941768889,0.2792928150692802,0.4500300972411132,0.6152906846115009,0.3840220870187006,0.492345695910283,0.0,0.0,0.3193107183344384,0.565391576774887,0.5046268537333868,0.4474738113234285,0.3735992668362798,0.3118400486141035,0.4018177066957139,0.4341769128869184,0.2247980449595001,0.3098523547075769,0.4799932843230735,0.4385935239714421,0.3963331190252189,0.6426429091284313,0.4611262004553768,0.4772019331115842,0.4123156695793929,0.0949509815652607,0.3063940247643007,0.3078605287741534,0.0,0.3830075996578588,0.0609671059322135,0.1447887913127401,0.0,0.0,0.0,0.0,0.2549871966510114,0.0,0.0,0.0,0.0,0.3548011207100302,0.0,0.0,0.3331785574928518,0.0,0.2429212716906402,0.0,0.0,0.0,0.0,0.0,0.0,0.0,0.0,0.0,0.0,0.0,0.0,0.0,0.0,0.1480110813517425,0.0,0.0,0.0,0.3271129481201041,0.0,0.2065321074731204,0.0,0.0
0.0,0.0,0.0,0.0,0.3587177566329111,0.0,0.0566121575067026,0.0,0.0,0.0,0.0173435310621819,0.0,0.0,0.0,0.0,0.0,0.0,0.0,0.0,0.0,0.0,0.0,0.0,0.0,0.0,0.0,0.0,0.0,0.0,0.0,0.0,0.1549769023690295,0.0,0.2778556940590573,0.0,0.1849383901853948,0.2501234333965067,0.0,0.0,0.0,0.0,0.0,0.1737301269345411,0.0,0.0,0.0,0.0,0.0474273780299016,0.0,0.0,0.0,0.0,0.0,0.0,0.0,0.0,0.0,0.0,0.0,0.0,0.0,0.0,0.0,0.0,0.0,0.0,0.0,0.067291198179905,0.0,0.0,0.0,0.0,0.0,0.0,0.0,0.0
0.6888820013137755,0.6912751399843249,0.0,0.0,0.0,0.7424607202773458,0.0,0.4429057286132765,0.0,0.0,0.0,0.0,0.3193107183344384,0.0,0.0,0.4306257539080591,0.0,0.612751417706445,0.0,0.8953069208300787,0.7626691875038786,0.8947738285134924,0.5617916693931136,0.4709198516791886,0.6946494664419692,0.4476717386986442,0.9035322413534476,0.2794457198034811,0.7602551584261165,0.0,0.2938783932990256,0.0869555392611134,0.3702941306453677,0.0,0.0,0.2049947387887865,0.0,0.0,0.4143628262260118,0.4058872554132975,0.0,0.0,0.0,0.0,0.0,0.0,0.6852431678987168,0.0,0.0,0.0,0.6707755821225989,0.0,0.4167374463135575,0.0,0.0,0.0,0.0,0.0,0.0,0.859616714191104,0.1676611337715812,0.0,0.0,0.0,0.7561208836010147,0.6817870257204958,0.6451348158262141,0.45693913307684,0.0,0.0,0.4260016670370189,0.7992032390986389,0.0,0.4048317516128381,0.0,0.0
0.585304856459596,0.4870279214011369,0.0,0.0,0.0,0.22024972605426,0.6292269104727969,0.0,0.3891609776355963,0.5936347924495496,0.0,0.0,0.565391576774887,0.0,0.4306257539080591,0.0,0.6637486487572998,0.776906084136992,0.0,0.3462671363533361,0.6511583505588671,0.6465272449897935,0.0,0.114622842164755,0.596761171767012,0.3823213542888495,0.4212618873168606,0.4926179365096716,0.6321197726506531,0.3737740830477385,0.6919219676981924,0.1320403026118705,0.2765744466194748,0.1243074433265083,0.0,0.0,0.0,0.0,0.0515740635763993,0.3763010944271266,0.0,0.0,0.0,0.0,0.0,0.4925573394689191,0.4940700820251335,0.0,0.0,0.0,0.0,0.0,0.0,0.0,0.0,0.0,0.0,0.0,0.0,0.5314069500660159,0.678520293638686,0.0,0.6951707548136692,0.0,0.4985482861231016,0.5493460815657043,0.5695974186367825,0.0,0.0,0.5207971133020005,0.3408515759332169,0.0,0.0,0.0,0.0,0.1933536378388065
0.6872842271900649,0.0,0.0,0.0,0.0,0.0,0.3270427821448688,0.0,0.0,0.8888579169648578,0.0,0.6240619601202964,0.5046268537333868,0.0,0.0,0.6637486487572998,0.0,0.6078150104994984,0.0,0.4003551687849838,0.0,0.7004347302530963,0.0,0.6687193957012806,0.8373262533050925,0.775077256198984,0.0,0.482694439487205,0.0,0.0,0.4448258102561886,0.1086556203806787,0.3577798080901901,0.0296891128946232,0.0,0.0,0.0,0.224658502929879,0.0,0.5914043738545229,0.0,0.0,0.0,0.0,0.0,0.0,0.0,0.0,0.0,0.0,0.0,0.0,0.0,0.0,0.8243815879356994,0.0,0.6363022631785226,0.0,0.0,0.0,0.0,0.8332384347235942,0.4469106569888835,0.0,0.0,0.0,0.0,0.0,0.5473589948996929,0.6688612406226249,0.6941276600693687,0.0,0.0,0.0,0.0,0.0
0.5444179976298605,0.6129604348453761,0.0,0.0,0.0,0.4355251918736729,0.5000401073975625,0.0,0.0,0.5853822475357001,0.0,0.1621312959911916,0.4474738113234285,0.0,0.612751417706445,0.776906084136992,0.6078150104994984,0.0,0.0,0.5047103525518547,0.5801540741247884,0.71855080635799,0.0180821546720416,0.1798091225101148,0.7410823988086047,0.4127960262621074,0.6327753631438275,0.322406595707595,0.6707005727932198,0.0,0.3940808395432013,0.0649889936065886,0.1891423127029428,0.0,0.0361024891811557,0.0,0.0,0.0,0.2459148600718,0.3858367908651415,0.0,0.0,0.0,0.0,0.0,0.3388752321973335,0.4750734210580644,0.0,0.0,0.0,0.0,0.0,0.0,0.0,0.4761770627510013,0.0,0.0191996365809487,0.0,0.0,0.0,0.5339637844767908,0.5221889262700717,0.7300137342224492,0.0,0.0,0.0,0.6226328977443772,0.0,0.0,0.4857246551756416,0.2468958773445832,0.0,0.0,0.0,0.0,0.0384339810805613
0.0,0.0,0.8290220747954642,0.0556691252899544,0.168106017181485,0.4931539698905713,0.1599621174086284,0.2498131602217795,0.6565792840218955,0.4596711308130586,0.4686658463743992,0.0,0.3735992668362798,0.0,0.0,0.0,0.0,0.0,0.0,0.0,0.0,0.0,0.339389260271394,0.0,0.0,0.0,0.4028428589695613,0.3077676737591568,0.0,0.0,0.0573554957887328,0.2024851628477424,0.0,0.1466031031522617,0.0,0.4206486559877317,0.2029866136417795,0.0,0.1839311127181143,0.0,0.0,0.0,0.2372535504579288,0.0,0.0,0.0,0.0,0.548788451388094,0.0,0.0,0.35294728299711,0.0,0.1339428151604132,0.673210918665605,0.0,0.4973814412207414,0.0,0.0,0.0,0.0,0.0,0.0,0.0,0.8718592537135964,0.0,0.0,0.0,0.0760598661120664,0.0,0.0,0.0,0.4085381488084584,0.0,0.0,0.0,0.0
0.6185711213570113,0.5369937941040498,0.0,0.0,0.0,0.6882523586154291,0.0,0.4384157512310579,0.2423350288153038,0.0,0.0,0.0,0.3118400486141035,0.0,0.8953069208300787,0.3462671363533361,0.4003551687849838,0.5047103525518547,0.0,0.0,0.6901577276393704,0.8779198361949998,0.5160414600594638,0.0,0.5216526550828801,0.2316459965320658,0.956077910758362,0.378365946157435,0.8659803980980553,0.0831326732474331,0.326610690308581,0.0,0.3280372986581235,0.0,0.0,0.33111820536844,0.0,0.0,0.4149319764879086,0.2729646013846186,0.0,0.0,0.0,0.0,0.0,0.0,0.5579224700538372,0.0,0.0,0.0,0.7120538340296308,0.0,0.4063781975440376,0.0,0.0,0.0,0.0,0.0,0.0,0.7247942296740064,0.0,0.0,0.0,0.0,0.7307645586610058,0.6847451874925918,0.546682529368643,0.46713960491104,0.0,0.0,0.2401716979011166,0.8024588237739074,0.0,0.3947499378201407,0.0,0.0
0.7634411399970963,0.605799428603901,0.0,0.0,0.0,0.5232051040717804,0.0,0.3702769281200675,0.0,0.0,0.0,0.0,0.4018177066957139,0.0,0.7626691875038786,0.6511583505588671,0.0,0.5801540741247884,0.0,0.6901577276393704,0.0,0.8059082848107954,0.3895775917894864,0.4226610358245539,0.6575372176839201,0.4340123192654556,0.6622905651961383,0.4702951184077747,0.6599795772272127,0.1484261596879502,0.5933006484505154,0.1472044878626242,0.3173902642168114,0.0373277918331891,0.0,0.1492545321865443,0.0,0.0,0.2534815934926712,0.4815370674264735,0.0,0.0,0.0,0.0,0.0,0.643616723527284,0.6942400313049724,0.0,0.0,0.0,0.5516051908524937,0.0,0.4405426371117379,0.0,0.0,0.0,0.0,0.0,0.0,0.7284074471604047,0.4275098244508253,0.0,0.0,0.0,0.7280738893190593,0.8856506368529031,0.7163998758868384,0.4926467264264708,0.0,0.5040897925414916,0.5625652766705255,0.6494731957176402,0.1378938411726388,0.6288756489231199,0.0,0.0
0.7920881795024577,0.755236861503296,0.0,0.0,0.0706999658829105,0.6781092265022485,0.1923331804922644,0.3550079667148157,0.4524353285862324,0.6727861590731804,0.0,0.0,0.4341769128869184,0.0,0.8947738285134924,0.6465272449897935,0.7004347302530963,0.71855080635799,0.0,0.8779198361949998,0.8059082848107954,0.0,0.4386585960401001,0.0,0.7827328494131287,0.4988468919316338,0.872127059080008,0.3849145776738822,0.8017052164008323,0.1970333575015125,0.5441475551045648,0.1559050005086061,0.4324791043459816,0.0418681372969864,0.0,0.2714746347731874,0.0087124863811253,0.0,0.4184306322996317,0.545572372355829,0.0,0.0,0.0,0.0,0.0,0.4785202833859694,0.7911229010730686,0.0,0.0,0.0,0.6542233955350955,0.0,0.0,0.0,0.0,0.0,0.0,0.0,0.0,0.8401236743658269,0.3381854746399304,0.0,0.4218794740451174,0.0,0.8213250667432028,0.7259253068599442,0.7956822543464288,0.3748425281469706,0.0,0.4756459815462497,0.5123579600205388,0.7780536688866551,0.0,0.5424574418034168,0.0,0.0
0.3473303520923812,0.5817102284458829,0.6324973779090836,0.0,0.0,0.8460050393299084,0.0,0.833229943160995,0.3354845869019517,0.416136418996995,0.405142245056018,0.0,0.2247980449595001,0.0,0.5617916693931136,0.0,0.0,0.0180821546720416,0.339389260271394,0.5160414600594638,0.3895775917894864,0.4386585960401001,0.0,0.7402556861781783,0.4902224459972302,0.5309859642613461,0.5377011302242665,0.2893041248950017,0.2026437367437142,0.0,0.0,0.107567680254911,0.232888125249697,0.0,0.0,0.2969211892355856,0.1410364806221616,0.0,0.1907715563471836,0.3593203632107501,0.0,0.0,0.4415696456820778,0.0,0.0,0.0,0.5561603726493128,0.6757421608639784,0.0,0.0,0.86042574620981,0.0,0.8264942395209551,0.4182288901331787,0.0,0.4144372790957151,0.0,0.5131337849605941,0.0,0.4763832510105092,0.0,0.0,0.0,0.5244175550084893,0.4734005613532059,0.3515030003993397,0.3959101937020796,0.8481992449665837,0.0,0.0,0.5103481215342311,0.5514018817409465,0.0625247640818024,0.0,0.0,0.0
0.5409746446046937,0.0,0.0,0.0,0.0,0.0,0.0,0.6677331605165149,0.0,0.6683384404276627,0.0,0.7693541757276375,0.3098523547075769,0.0,0.4709198516791886,0.114622842164755,0.6687193957012806,0.1798091225101148,0.0,0.0,0.4226610358245539,0.0,0.7402556861781783,0.0,0.6327147256339879,0.7908291772834969,0.4475923022328279,0.3635090436545797,0.0,0.0,0.0793280978617701,0.1345263348008329,0.3114193810730251,0.0654979643460269,0.0,0.337353412583228,0.0,0.320443280095596,0.122440136841917,0.5058176884043518,0.0,0.0,0.0,0.0,0.0,0.3553348614726894,0.0,0.0,0.0,0.0,0.0,0.0,0.0,0.0,0.6129240681549115,0.0,0.7831788481385124,0.0,0.0,0.0,0.0,0.6177086384488967,0.0397750946065501,0.0,0.0,0.0,0.0,0.0,0.829646099835092,0.4528975010798859,0.6862694103218759,0.0,0.0,0.0,0.0,0.0
0.726955940960199,0.9208158955774262,0.0,0.0,0.0544451528528132,0.7294151242048617,0.3179474763510327,0.3133574060831299,0.0,0.8428945864868733,0.0,0.5212940227049844,0.4799932843230735,0.0,0.6946494664419692,0.596761171767012,0.8373262533050925,0.7410823988086047,0.0,0.5216526550828801,0.6575372176839201,0.7827328494131287,0.4902224459972302,0.6327147256339879,0.0,0.7913818506006473,0.6668618958033333,0.317975785211229,0.4789782124258525,0.0,0.3671170037465773,0.200589828526615,0.382606662549846,0.0,0.0,0.0,0.0,0.2463401161266983,0.2671582990994761,0.6249494451035541,0.0,0.0,0.0,0.0,0.0,0.5285522508139496,0.8381747696855874,0.0,0.0,0.0,0.0,0.0,0.0,0.0,0.7841196869551893,0.0,0.487249473166438,0.0,0.0,0.0,0.3882402504707455,0.8174820047658812,0.5108167522504569,0.0,0.7180371750366578,0.5203284052584998,0.787602809759401,0.0,0.4477824319506128,0.8018644281571828,0.6990719012772936,0.0,0.0,0.0,0.0,0.0
0.6010045085228706,0.7825592032816715,0.0,0.0,0.0,0.6470560836205773,0.1935831918887872,0.4186943092957664,0.0,0.7589939437482734,0.0,0.7081277930895755,0.4385935239714421,0.0,0.4476717386986442,0.3823213542888495,0.775077256198984,0.4127960262621074,0.0,0.2316459965320658,0.4340123192654556,0.4988468919316338,0.5309859642613461,0.7908291772834969,0.7913818506006473,0.0,0.3536300183517022,0.2017423331148295,0.1288963054019024,0.0,0.1256502469569251,0.3134501540683727,0.4195617203715198,0.169672757921963,0.0,0.16826649550131,0.0,0.2857259076351921,0.1242494874830384,0.6286084044142459,0.0,0.0,0.0,0.0,0.0,0.4050676178716547,0.7105096644489025,0.0,0.0,0.0,0.0,0.0,0.0,0.0,0.7405638884174758,0.0,0.6922055663521125,0.0,0.0,0.5566731651856618,0.1643137923984882,0.7705553805071679,0.2891600961868096,0.0,0.5076509088034836,0.2329276807673398,0.5894397248742884,0.2642432847324482,0.6659273762203466,0.702493456697228,0.8074172639447483,0.4013040626903998,0.0,0.1488195558278542,0.0,0.0
0.570874404632343,0.6922391258189251,0.5813817693489942,0.1055392677866915,0.0,0.776885193223816,0.0,0.4292797260107417,0.2755324279120251,0.4550597092663621,0.2871138020970984,0.0,0.3963331190252189,0.0,0.9035322413534476,0.4212618873168606,0.0,0.6327753631438275,0.4028428589695613,0.956077910758362,0.6622905651961383,0.872127059080008,0.5377011302242665,0.4475923022328279,0.6668618958033333,0.3536300183517022,0.0,0.3478038812107285,0.8638594257109469,0.0,0.2424956931802304,0.0,0.3119000413363036,0.0,0.0,0.2738938278528194,0.0,0.0,0.4183976460549037,0.0,0.0,0.0,0.2432901670959381,0.0,0.0,0.0,0.6367638982962183,0.381613673915069,0.0,0.0,0.6694569062848941,0.124380443666387,0.3618818602106711,0.3320373536805795,0.0,0.2749543040356938,0.0,0.2304444151467197,0.0,0.7696476940804319,0.0,0.0,0.0,0.5703066691988462,0.6853702705371548,0.6126286992064212,0.5406001803471081,0.4314084398642405,0.0,0.0,0.2561201703313,0.8852206658058727,0.0,0.352396508208984,0.0,0.0
0.2720868897228199,0.2796789461313448,0.5292686458385315,0.2537339399784865,0.3781705828250341,0.3476308801530083,0.2801804682879953,0.2081100066739073,0.4861070706855143,0.4973651508384539,0.5409025307821892,0.3595779199353617,0.6426429091284313,0.0,0.2794457198034811,0.4926179365096716,0.482694439487205,0.322406595707595,0.3077676737591568,0.378365946157435,0.4702951184077747,0.3849145776738822,0.2893041248950017,0.3635090436545797,0.317975785211229,0.2017423331148295,0.3478038812107285,0.0,0.4193433995626971,0.6309547197879655,0.5341404248031821,0.0,0.1616659221961852,0.1008135223404981,0.0,0.2655057928355944,0.0334952090467812,0.2006750620250749,0.0,0.0,0.0,0.0,0.5099804113556771,0.0,0.0,0.0,0.0,0.0,0.0,0.0,0.3086584324402472,0.0,0.2001682316675401,0.0,0.0,0.0,0.0,0.0,0.0,0.2615577667964532,0.0,0.0,0.0,0.0,0.3687273051765128,0.4163558408878245,0.0,0.2857779288937791,0.0,0.0,0.0,0.3005297443534342,0.5917945069379362,0.3822187220084154,0.0,0.2170276691902189
0.4711498546837358,0.4487457724088819,0.0,0.0,0.0,0.5224941571964296,0.1669405607141601,0.1204625239448284,0.1838182390499795,0.0,0.0,0.0,0.4611262004553768,0.0,0.7602551584261165,0.6321197726506531,0.0,0.6707005727932198,0.0,0.8659803980980553,0.6599795772272127,0.8017052164008323,0.2026437367437142,0.0,0.4789782124258525,0.1288963054019024,0.8638594257109469,0.4193433995626971,0.0,0.1572380061324988,0.4281439436740057,0.0,0.2237889111384744,0.0,0.0,0.1431239378077583,0.0,0.0,0.2110139372992783,0.0,0.0,0.0,0.0,0.0,0.0,0.0,0.4816450663030977,0.0,0.0,0.0,0.4437991729405849,0.0,0.1121628281496401,0.0,0.0,0.0,0.0,0.1625837613454813,0.0,0.6024448536302413,0.0,0.0,0.0,0.0,0.5870640786213214,0.6184664508179919,0.4212351803446391,0.2693444897686332,0.0,0.0,0.139065916938399,0.7283696757974479,0.0,0.5968858831644405,0.0,0.0
0.0,0.0,0.2935037896134512,0.0,0.0,0.0395712026184432,0.0,0.0103606403780086,0.2930422292234465,0.0,0.0,0.0,0.4772019331115842,0.0,0.0,0.3737740830477385,0.0,0.0,0.0,0.0831326732474331,0.1484261596879502,0.1970333575015125,0.0,0.0,0.0,0.0,0.0,0.6309547197879655,0.1572380061324988,0.0,0.5369795939256302,0.1327637506930684,0.0,0.4692763840979737,0.0,0.0,0.0,0.0,0.0,0.0,0.0,0.0,0.0,0.0,0.0,0.0,0.0,0.0,0.0,0.0,0.0,0.0,0.0,0.0,0.0,0.0,0.0,0.0,0.0,0.0,0.0,0.0,0.0,0.0,0.0807691544362286,0.0,0.0,0.0333114967529374,0.0,0.0,0.0,0.0,0.0,0.0,0.0,0.0
0.5326604373054326,0.3160668121566429,0.1787416678822901,0.0,0.4370697356196502,0.0688579389721286,0.4845976845916738,0.0469960840047208,0.2880943837953735,0.540198535462992,0.2821653980910338,0.1617963450827348,0.4123156695793929,0.0,0.2938783932990256,0.6919219676981924,0.4448258102561886,0.3940808395432013,0.0573554957887328,0.326610690308581,0.5933006484505154,0.5441475551045648,0.0,0.0793280978617701,0.3671170037465773,0.1256502469569251,0.2424956931802304,0.5341404248031821,0.4281439436740057,0.5369795939256302,0.0,0.185087897477668,0.3187184433344014,0.3581991784811505,0.0,0.082450349431423,0.0,0.1394023796998472,0.0572438818926181,0.3173527105062033,0.0,0.0,0.0,0.0,0.0,0.5466886060092945,0.4239088960455853,0.0,0.0,0.0,0.147300320671451,0.0,0.1399828574367069,0.0,0.5040173988047402,0.0,0.1366457499539885,0.0,0.0,0.3201570627802834,0.584002529556149,0.0,0.5298710666441901,0.0,0.4391102866097158,0.5645985411826381,0.5599023472682801,0.1967952348633746,0.0226549374808518,0.4421991434820183,0.3432647354448725,0.2543638936421282,0.4530451753069343,0.6318854141563057,0.0,0.3008094149237157
0.2170352726476808,0.3358430368970327,0.1066913905882614,0.0,0.2979926059523043,0.1347762406516154,0.1738254317708698,0.1366880545912864,0.21194235183675,0.1968151689029708,0.1125726665095568,0.1999384858126253,0.0949509815652607,0.1549769023690295,0.0869555392611134,0.1320403026118705,0.1086556203806787,0.0649889936065886,0.2024851628477424,0.0,0.1472044878626242,0.1559050005086061,0.107567680254911,0.1345263348008329,0.200589828526615,0.3134501540683727,0.0,0.0,0.0,0.1327637506930684,0.185087897477668,0.0,0.2017915157573867,0.2791455524588034,0.0780648138588666,0.0561557959766269,0.2003108809070481,0.0875926521331114,0.3109529790838043,0.3854281954771322,0.1664845143203648,0.1904615244298032,0.0057172609205804,0.1994465416401127,0.214995157235374,0.0137610447086774,0.2427123712386869,0.1813119107314258,0.0,0.0,0.1334425664133653,0.0,0.145742025707028,0.3274969917050735,0.2789727980456175,0.1672118015131085,0.2438838801908482,0.3114966645859862,0.0,0.1234867323376467,0.1357851671242441,0.0,0.1901733487120145,0.2566557956649156,0.1705474770593325,0.0329609888528084,0.2853129808984903,0.1173593676133857,0.0971634090502523,0.2726798083274342,0.3075472424058335,0.0,0.282247160808164,0.0583387608658081,0.0,0.0
0.4453549461926917,0.4955487399891779,0.0,0.0,0.239883814788872,0.3853594512226629,0.241518727155752,0.3302548510768148,0.3226835763807762,0.4818991942076401,0.2195711965824844,0.397129521781043,0.3063940247643007,0.0,0.3702941306453677,0.2765744466194748,0.3577798080901901,0.1891423127029428,0.0,0.3280372986581235,0.3173902642168114,0.4324791043459816,0.232888125249697,0.3114193810730251,0.382606662549846,0.4195617203715198,0.3119000413363036,0.1616659221961852,0.2237889111384744,0.0,0.3187184433344014,0.2017915157573867,0.0,0.423525305380264,0.0,0.2605106942876924,0.0,0.2383164063354788,0.0,0.468514799774873,0.0,0.0,0.0,0.0,0.00808209386928,0.2774048068337615,0.4612733695543318,0.0,0.0,0.0,0.0,0.0,0.0,0.0,0.3904545609944072,0.0,0.340510464261667,0.0,0.0,0.3434701045566325,0.0422376871183263,0.2923957711945816,0.1601064073144134,0.0,0.2182977668759385,0.2132587533142105,0.3003652009492908,0.1399477732129521,0.2673785721742138,0.3182582599539126,0.3693794746745053,0.2005783973629343,0.0,0.0297673184530955,0.0,0.0
0.1531838808786422,0.1621641078248299,0.0470999892165961,0.3418772803254879,0.4544392017636747,0.0,0.384397155694139,0.190937111951024,0.1506803328851896,0.221461919865112,0.1518424288931585,0.3360582621308592,0.3078605287741534,0.2778556940590573,0.0,0.1243074433265083,0.0296891128946232,0.0,0.1466031031522617,0.0,0.0373277918331891,0.0418681372969864,0.0,0.0654979643460269,0.0,0.169672757921963,0.0,0.1008135223404981,0.0,0.4692763840979737,0.3581991784811505,0.2791455524588034,0.423525305380264,0.0,0.0,0.3449414252725547,0.0635684640633851,0.1444349694478327,0.0,0.0902937080214761,0.0886523864566761,0.0325964497212895,0.1116667137141231,0.0,0.1701413471353461,0.0673155588173759,0.1150566747774138,0.0,0.0,0.0,0.0,0.0,0.1593658015912885,0.0,0.2131093697422036,0.0,0.2905329217715128,0.0,0.0,0.0,0.0,0.0,0.0808799845072037,0.0,0.0,0.0,0.0444452177986408,0.0,0.0598839883888314,0.1000961348147286,0.1859573981572757,0.0,0.2559988745634059,0.0,0.0,0.0
0.0,0.0,0.0,0.0,0.0,0.0,0.0,0.0,0.0,0.0,0.0,0.0,0.0,0.0,0.0,0.0,0.0,0.0361024891811557,0.0,0.0,0.0,0.0,0.0,0.0,0.0,0.0,0.0,0.0,0.0,0.0,0.0,0.0780648138588666,0.0,0.0,0.0,0.0,0.3016843006053691,0.0,0.2162925270333533,0.1497945841858349,0.4839994948798207,0.3147133845525742,0.0,0.2096211507181775,0.1570510187113802,0.0,0.0,0.0,0.0,0.0,0.0,0.0,0.0,0.0,0.0,0.0,0.0,0.0,0.0,0.024049264547711,0.2052744695722038,0.0,0.1157260636258243,0.0,0.0392999887731728,0.0,0.0539798606687161,0.0,0.0,0.0,0.0,0.0,0.0,0.086963528862044,0.0,0.0
0.0,0.0,0.3855335078743763,0.2411830184902037,0.2028066292619444,0.3845307654146736,0.1078137508483071,0.4210758596882089,0.1778251126517737,0.2416056738761743,0.2502912462595144,0.4287947779826428,0.3830075996578588,0.1849383901853948,0.2049947387887865,0.0,0.0,0.0,0.4206486559877317,0.33111820536844,0.1492545321865443,0.2714746347731874,0.2969211892355856,0.337353412583228,0.0,0.16826649550131,0.2738938278528194,0.2655057928355944,0.1431239378077583,0.0,0.082450349431423,0.0561557959766269,0.2605106942876924,0.3449414252725547,0.0,0.0,0.1698220979833887,0.0892692954340602,0.0306716854284223,0.0825536995098504,0.0,0.0,0.457881051996822,0.0,0.0,0.0,0.0,0.1685254541333148,0.0,0.0,0.3184648536165319,0.1389998600750466,0.3383568707221276,0.2724308622360575,0.0,0.1827962804785752,0.3118540781602156,0.2113443621517818,0.0124499608002222,0.0,0.0,0.0,0.0,0.4108496463400667,0.0,0.0,0.0,0.1760439587699641,0.0,0.0,0.0,0.1632193585108016,0.0,0.0,0.0,0.0
0.0,0.0,0.1236644858000857,0.0,0.0,0.0892289078422536,0.0,0.0207746249712113,0.1306519321159411,0.0513358248084121,0.0,0.1211719248058763,0.0609671059322135,0.2501234333965067,0.0,0.0,0.0,0.0,0.2029866136417795,0.0,0.0,0.0087124863811253,0.1410364806221616,0.0,0.0,0.0,0.0,0.0334952090467812,0.0,0.0,0.0,0.2003108809070481,0.0,0.0635684640633851,0.3016843006053691,0.1698220979833887,0.0,0.0876519228765895,0.2082701271296088,0.0,0.2546819730822083,0.2232681974625838,0.0,0.0,0.0,0.0,0.0,0.0,0.0,0.0,0.0,0.0,0.0,0.0,0.0,0.0,0.0,0.0,0.0,0.0,0.0,0.0,0.0,0.0,0.0,0.0,0.0,0.0,0.0,0.0,0.0,0.0,0.0,0.0,0.0,0.0
0.0,0.0,0.0,0.0,0.0,0.0,0.0,0.0,0.2480882741976094,0.216885786499806,0.1340911487676798,0.1928243061560325,0.1447887913127401,0.0,0.0,0.0,0.224658502929879,0.0,0.0,0.0,0.0,0.0,0.0,0.320443280095596,0.2463401161266983,0.2857259076351921,0.0,0.2006750620250749,0.0,0.0,0.1394023796998472,0.0875926521331114,0.2383164063354788,0.1444349694478327,0.0,0.0892692954340602,0.0876519228765895,0.0,0.1541247739944944,0.3047476927494105,0.0589096490977849,0.0,0.0,0.0,0.1266245455697335,0.0,0.0,0.0,0.0,0.0,0.0,0.0,0.0,0.0,0.2280756516696758,0.0,0.238797715230099,0.0,0.0,0.0,0.0,0.0,0.0,0.0,0.0,0.0,0.0,0.0,0.2577441286036102,0.0,0.3252765836938853,0.0,0.0,0.0,0.0,0.0
0.3371366174307994,0.2274437316283051,0.0859517019401575,0.0,0.0,0.1598982435008776,0.0,0.1313501238386742,0.0,0.0189509168794178,0.0,0.0,0.0,0.0,0.4143628262260118,0.0515740635763993,0.0,0.2459148600718,0.1839311127181143,0.4149319764879086,0.2534815934926712,0.4184306322996317,0.1907715563471836,0.122440136841917,0.2671582990994761,0.1242494874830384,0.4183976460549037,0.0,0.2110139372992783,0.0,0.0572438818926181,0.3109529790838043,0.0,0.0,0.2162925270333533,0.0306716854284223,0.2082701271296088,0.1541247739944944,0.0,0.3431792116939648,0.0923170461952417,0.0,0.1022594463810472,0.0,0.0,0.123470028883986,0.214879755177536,0.0332727520893913,0.0,0.0,0.2521013062914535,0.0221846164153719,0.1133031423506545,0.0,0.0388422248545767,0.0,0.0,0.0694886567970767,0.0704856798392405,0.4128675309561014,0.2041413161231114,0.1353667466558794,0.1933955161706168,0.2212621184429662,0.5516052000193327,0.355065344051138,0.4830404726213477,0.1738482822995329,0.0894332499377853,0.1600678807529349,0.211548239884971,0.5290225936201278,0.0,0.2677874172941221,0.112925001990002,0.0800474919887309
0.6162659421379075,0.593061451998973,0.0,0.0,0.0,0.0,0.0,0.0,0.0,0.5168989216358058,0.0,0.31961476623544,0.0,0.0,0.4058872554132975,0.3763010944271266,0.5914043738545229,0.3858367908651415,0.0,0.2729646013846186,0.4815370674264735,0.545572372355829,0.3593203632107501,0.5058176884043518,0.6249494451035541,0.6286084044142459,0.0,0.0,0.0,0.0,0.3173527105062033,0.3854281954771322,0.468514799774873,0.0902937080214761,0.1497945841858349,0.0825536995098504,0.0,0.3047476927494105,0.3431792116939648,0.0,0.142948146546906,0.0082630593196253,0.128829781939866,0.086913916329246,0.1520126732953805,0.5599191357722682,0.6526136138754122,0.0,0.0,0.2819956718018998,0.5050003145445757,0.4722077218112308,0.2884789429522476,0.4906537376048269,0.6084795841456899,0.266089950612775,0.4399028718437244,0.5930192376699225,0.0,0.6230726896939047,0.4189760719161747,0.6521389665103912,0.4493068164767519,0.0,0.5713010600269509,0.4769380011451405,0.6603417859273165,0.3360319976919465,0.4972873271142477,0.710814991017718,0.7430999304256707,0.481495326756911,0.2659073198934937,0.4436492888132822,0.2161389441459734,0.1376236785943743
0.0,0.0,0.0,0.0,0.0,0.0,0.0,0.0,0.0,0.0,0.0,0.0,0.0,0.0,0.0,0.0,0.0,0.0,0.0,0.0,0.0,0.0,0.0,0.0,0.0,0.0,0.0,0.0,0.0,0.0,0.0,0.1664845143203648,0.0,0.0886523864566761,0.4839994948798207,0.0,0.2546819730822083,0.0589096490977849,0.0923170461952417,0.142948146546906,0.0,0.6833108269272372,0.0,0.6757222083629962,0.5103301668889856,0.1404636792270985,0.0,0.0,0.0519506211810755,0.2582974233504161,0.0,0.0683971166841648,0.0,0.0,0.0,0.0,0.0,0.0,0.4556613795475097,0.0,0.3273969005494118,0.0,0.1483720183075695,0.0,0.0,0.0,0.0,0.0,0.0,0.126612686964944,0.0,0.0,0.337939525949514,0.1816398416581519,0.5948323193724502,0.7407637183998176
0.0,0.0,0.0,0.0,0.0,0.0,0.0,0.0,0.0,0.0,0.0,0.0,0.0,0.0,0.0,0.0,0.0,0.0,0.0,0.0,0.0,0.0,0.0,0.0,0.0,0.0,0.0,0.0,0.0,0.0,0.0,0.1904615244298032,0.0,0.0325964497212895,0.3147133845525742,0.0,0.2232681974625838,0.0,0.0,0.0082630593196253,0.6833108269272372,0.0,0.0,0.5422653171881157,0.3801762984491027,0.0,0.0,0.0,0.1297222924457342,0.1065334468191213,0.0,0.0,0.0,0.0,0.0,0.0,0.0,0.0,0.0,0.0,0.1194555511155391,0.0,0.0,0.0,0.0,0.0,0.0,0.0,0.0,0.0,0.0,0.0,0.2280391193948555,0.0,0.3316000727428783,0.5302817061380709
0.0,0.0,0.3913188911728403,0.0,0.1542724475237092,0.313048141886536,0.0,0.4455596931517756,0.1581826961652722,0.0,0.4369207456965387,0.0,0.2549871966510114,0.1737301269345411,0.0,0.0,0.0,0.0,0.2372535504579288,0.0,0.0,0.0,0.4415696456820778,0.0,0.0,0.0,0.2432901670959381,0.5099804113556771,0.0,0.0,0.0,0.0057172609205804,0.0,0.1116667137141231,0.0,0.457881051996822,0.0,0.0,0.1022594463810472,0.128829781939866,0.0,0.0,0.0,0.0560576110116892,0.0,0.0,0.0,0.3008503255523829,0.1397635171156829,0.0697714773974588,0.4778896234434659,0.0,0.4825500620834104,0.103320317285834,0.1227355248026968,0.359861380031399,0.3912902616411944,0.3457058051405712,0.0911998900775352,0.123001612171904,0.0,0.1480861730174049,0.0,0.2769025698273452,0.1982122657595905,0.2802052895239378,0.1764403123116958,0.4659318402499421,0.387736108826099,0.0,0.1801261745793905,0.1712124927195802,0.3110885348024383,0.0,0.0,0.0
0.0,0.0,0.0,0.0,0.0,0.0,0.0,0.0,0.0,0.0,0.0,0.0,0.0,0.0,0.0,0.0,0.0,0.0,0.0,0.0,0.0,0.0,0.0,0.0,0.0,0.0,0.0,0.0,0.0,0.0,0.0,0.1994465416401127,0.0,0.0,0.2096211507181775,0.0,0.0,0.0,0.0,0.086913916329246,0.6757222083629962,0.5422653171881157,0.0560576110116892,0.0,0.458409970451052,0.0,0.0,0.0497662435927189,0.2148576644590571,0.3877386734622358,0.0,0.1716565340455352,0.0,0.0,0.0974734733508753,0.0028083330671281,0.0521702882476654,0.0692102093585347,0.26283110571341,0.0,0.0,0.0,0.0,0.0,0.0,0.0,0.0,0.0,0.0,0.0,0.0,0.0,0.4911965056380847,0.0111914080863682,0.0,0.5504823522837219
0.0,0.0,0.0,0.0,0.0,0.0,0.0,0.0,0.0,0.0,0.0,0.0,0.0,0.0,0.0,0.0,0.0,0.0,0.0,0.0,0.0,0.0,0.0,0.0,0.0,0.0,0.0,0.0,0.0,0.0,0.0,0.214995157235374,0.00808209386928,0.1701413471353461,0.1570510187113802,0.0,0.0,0.1266245455697335,0.0,0.1520126732953805,0.5103301668889856,0.3801762984491027,0.0,0.458409970451052,0.0,0.0648281133759308,0.0,0.0,0.0,0.0,0.0,0.0268573525054275,0.0,0.0,0.0357906916181187,0.0,0.0451373162406299,0.0142094174372884,0.0,0.0,0.0,0.0396102503197781,0.0,0.0,0.0,0.0,0.0,0.0,0.0,0.1385384269875373,0.1017692378714199,0.0,0.2550501003604764,0.0,0.0,0.3466979233726033
0.711313017578847,0.3267709681247595,0.0,0.0,0.0,0.0,0.0,0.0,0.0,0.0,0.0,0.0,0.0,0.0,0.0,0.4925573394689191,0.0,0.3388752321973335,0.0,0.0,0.643616723527284,0.4785202833859694,0.0,0.3553348614726894,0.5285522508139496,0.4050676178716547,0.0,0.0,0.0,0.0,0.5466886060092945,0.0137610447086774,0.2774048068337615,0.0673155588173759,0.0,0.0,0.0,0.0,0.123470028883986,0.5599191357722682,0.1404636792270985,0.0,0.0,0.0,0.0648281133759308,0.0,0.5218539478937353,0.0,0.0,0.0,0.4542611575012391,0.0,0.2880257097977937,0.0,0.5362833201686527,0.0,0.2714525710994592,0.5913998333308909,0.0,0.5687184612107887,0.6211241306577205,0.0,0.4559164764400698,0.0,0.64359805160579,0.7103642581137039,0.6999657941858992,0.4937278430316649,0.4112755687213909,0.6513278886413489,0.6965939239989355,0.4314313359427211,0.3126022716617435,0.7045091756776874,0.0,0.3818316059422871
0.7817434316879996,0.8697383495480512,0.0,0.0,0.0,0.0,0.0,0.0,0.0,0.0,0.0,0.0,0.0,0.0,0.6852431678987168,0.4940700820251335,0.0,0.4750734210580644,0.0,0.5579224700538372,0.6942400313049724,0.7911229010730686,0.5561603726493128,0.0,0.8381747696855874,0.7105096644489025,0.6367638982962183,0.0,0.4816450663030977,0.0,0.4239088960455853,0.2427123712386869,0.4612733695543318,0.1150566747774138,0.0,0.0,0.0,0.0,0.214879755177536,0.6526136138754122,0.0,0.0,0.0,0.0,0.0,0.5218539478937353,0.0,0.0,0.0,0.0,0.7549821688303091,0.6301226780810217,0.5120691391419122,0.6600114356830467,0.7668715664835739,0.0,0.0,0.8070363696109405,0.0,0.6502779244015308,0.3010344673789032,0.8118934166974617,0.4372335550090233,0.0,0.6165985295507896,0.5458936800494553,0.6942644056192862,0.5139834262088151,0.0,0.7564890069332219,0.8061289921661355,0.6738020093130614,0.1748933464875683,0.4186328485565833,0.0,0.0
0.0,0.0,0.7748962090903291,0.0,0.2132590629700015,0.610658234075364,0.0,0.4341417826888174,0.7789522237192364,0.0,0.624957798728612,0.0,0.3548011207100302,0.0474273780299016,0.0,0.0,0.0,0.0,0.548788451388094,0.0,0.0,0.0,0.6757421608639784,0.0,0.0,0.0,0.381613673915069,0.0,0.0,0.0,0.0,0.1813119107314258,0.0,0.0,0.0,0.1685254541333148,0.0,0.0,0.0332727520893913,0.0,0.0,0.0,0.3008503255523829,0.0497662435927189,0.0,0.0,0.0,0.0,0.0,0.4078342534943519,0.7069561254449109,0.4211663080407952,0.545952819791871,0.7505030509246672,0.0,0.7767392603173763,0.0,0.6600854405080135,0.0,0.0,0.0,0.0,0.0,0.60834032614286,0.0,0.0,0.0,0.6596869356156153,0.0,0.0,0.0,0.5305056138620771,0.3451658300396261,0.3854845952402626,0.244465944546532,0.0387923224969762
0.0,0.0,0.0,0.0,0.0,0.0,0.0,0.0,0.0,0.0,0.0,0.0,0.0,0.0,0.0,0.0,0.0,0.0,0.0,0.0,0.0,0.0,0.0,0.0,0.0,0.0,0.0,0.0,0.0,0.0,0.0,0.0,0.0,0.0,0.0,0.0,0.0,0.0,0.0,0.0,0.0519506211810755,0.1297222924457342,0.1397635171156829,0.2148576644590571,0.0,0.0,0.0,0.0,0.0,0.156645518845857,0.0,0.0,0.0,0.0,0.0,0.1092718149421937,0.0,0.0,0.172527345062712,0.0,0.0,0.0,0.0,0.0,0.0,0.0,0.0,0.0,0.0,0.0,0.0,0.0,0.2433178396182412,0.0,0.0,0.0855189648211738
