0.0,0.3533630324321119,0.0,0.0,0.0,0.3187960494076078,0.0,0.3361999146322427,0.0,0.1364444033134974,0.0,0.2191259378478686,0.0,0.0,0.2695503629738929,0.0,0.3948977463361358,0.1165971859616852,0.0,0.0,0.3273867499699218,0.042936894975746,0.3954795589464905,0.429122531595895,0.4292197316988962,0.5213594375592548,0.3534895548888084,0.270479628366663,0.1220250709572163,0.0,0.268364149738993,0.1000656528994339,0.0,0.0166676880380983,0.0,0.0,0.0,0.0,0.3510694902995504,0.3359576482085958,0.2976052428938081,0.0,0.0,0.0,0.0,0.5337067885300546,0.4577527697393018,0.0,0.0,0.0,0.0,0.0,0.0,0.0,0.2882923582563591,0.0,0.0,0.0,0.0,0.0,0.3663753822438015,0.0,0.4700871089153414,0.0,0.0,0.3602337394200835,0.3648665354501908,0.0,0.4387919154442125,0.4137616914756286,0.4566981316287203,0.0,0.0,0.0,0.0,0.0
0.3533630324321119,0.0,0.0,0.0,0.0,0.4087489641000736,0.2540106002606755,0.3010814302497517,0.164575016274182,0.0,0.0,0.0,0.3805587469294426,0.0,0.1781018232935851,0.0,0.0,0.3352749455525086,0.0,0.0,0.2767732618131921,0.0,0.4004336418435675,0.0,0.4054596599109587,0.5602930544301772,0.211113841184109,0.0327799092023539,0.0257109756756199,0.0,0.0,0.0748239894591535,0.0,0.0,0.0,0.0,0.0,0.0,0.2515149572559674,0.2412626022994437,0.1794130273743194,0.0758696508300225,0.0,0.0,0.0,0.3660841635265036,0.4610199974615828,0.0,0.0,0.0,0.0,0.0,0.0,0.0,0.0,0.0,0.0,0.0,0.0,0.3520889049578359,0.205965030772257,0.0,0.3140080023171684,0.0,0.3630128587517592,0.3861062944186935,0.408852774301143,0.3684609242318758,0.0,0.4524638863612624,0.431671929897099,0.3480249818311996,0.0,0.1113576482455323,0.0,0.106116615436982
0.0,0.0,0.0,0.0,0.0887180974999743,0.4313226826142806,0.0800822258358363,0.2122705671614023,0.476696755582887,0.0,0.4602765529993325,0.0,0.2696126667894346,0.0,0.0,0.0,0.0,0.0,0.4804122915932191,0.0,0.0,0.0,0.3718215369251359,0.0,0.0,0.0,0.4986969520340936,0.1760951299648276,0.0,0.0953321257523993,0.0600510602459883,0.0,0.0,0.0,0.0,0.0936126633540951,0.0530608662389326,0.0,0.0478681015729105,0.0,0.0,0.0,0.0,0.0,0.0,0.0,0.0,0.5931576406519615,0.0,0.0,0.2662023900888954,0.0,0.2356777244229685,0.4509242329003896,0.0,0.4722061318188472,0.0,0.0,0.0,0.0,0.0,0.0,0.0,0.4326658887233338,0.0,0.0,0.0,0.3944378412072318,0.0,0.0,0.0,0.3875332888233045,0.0,0.0,0.0,0.0
0.0,0.0,0.0,0.0,0.1920467224982787,0.0,0.0,0.0,0.0,0.0,0.0,0.0,0.0,0.3716090574834166,0.0,0.0,0.0,0.0,0.0,0.0,0.0,0.0,0.0,0.0,0.0,0.0,0.0,0.0,0.0,0.0,0.0,0.1048201727147145,0.0,0.0315801343880361,0.127711466815149,0.0,0.0,0.0,0.0,0.0,0.0,0.0,0.0,0.0,0.0,0.0,0.0,0.0,0.0,0.0,0.0,0.0,0.0,0.0,0.0,0.0,0.0,0.0,0.0,0.0,0.0,0.0,0.0,0.0,0.0,0.0,0.0,0.0,0.0,0.0,0.0,0.0,0.0,0.0,0.0,0.0
0.0,0.0,0.0887180974999743,0.1920467224982787,0.0,0.0621182193482246,0.1716423755389478,0.0,0.1290103869461684,0.0,0.1204153307600455,0.0,0.1115046021866154,0.2771040974428408,0.0,0.0,0.0,0.0,0.0,0.2846770522888652,0.0,0.2120327351464806,0.0,0.0,0.1524725095888164,0.0,0.1630226191589703,0.2075822567646056,0.2562951520319538,0.0,0.1102845081402941,0.1516798504915572,0.183940821151077,0.167208134517243,0.1462262083805548,0.1297697289157736,0.0213859362725401,0.1071170948808885,0.0,0.0,0.0,0.0,0.174680535268658,0.0,0.0,0.0,0.0,0.156641944072707,0.0,0.0,0.0,0.0,0.0,0.1047038101341845,0.0,0.1600517936633417,0.0,0.0,0.0,0.0,0.0,0.0,0.0,0.0,0.0,0.0,0.0,0.0,0.0,0.0,0.0,0.0,0.0,0.0,0.0,0.0
0.3187960494076078,0.4087489641000736,0.4313226826142806,0.0,0.0621182193482246,0.0,0.166715552091471,0.4230214238073832,0.4339584801058158,0.0,0.2522507213263133,0.0,0.3621189259694678,0.0,0.2433834348428187,0.0,0.0,0.1975746440089236,0.3974852900319374,0.1623697047185241,0.1989400171030861,0.1177947622181588,0.5361767581108533,0.0,0.3719731601628956,0.4620291349223151,0.4516599006018568,0.1295347958587435,0.1961557801790709,0.1204113901672612,0.0,0.0228982675874301,0.0,0.0,0.0,0.0,0.0431597342558041,0.0,0.1503738657394311,0.0,0.1996538441837696,0.0,0.0,0.0,0.0,0.0,0.0,0.4129780599506509,0.0,0.0,0.3743366144522471,0.137027359426943,0.3600468958460161,0.4659040597892506,0.0,0.4567181063305416,0.0,0.0938249732256605,0.0,0.2138589873952184,0.0,0.0,0.0,0.3448451103218468,0.2452716486288019,0.2243809503374147,0.2576330644082407,0.4872638891246084,0.0,0.0,0.0,0.3645553101371828,0.1775494429695732,0.0265151844733171,0.0,0.050470346478166
0.0,0.2540106002606755,0.0800822258358363,0.0,0.1716423755389478,0.166715552091471,0.0,0.2549513463997697,0.2550273568796009,0.4358926186883187,0.0,0.4368395499757745,0.4160145543737327,0.0,0.0,0.0,0.4836241366708312,0.0,0.2733065886747532,0.0,0.0,0.0,0.1533582871346312,0.4524539247552748,0.2767642485034562,0.3740192840874896,0.2458808892704629,0.3708418793484103,0.0,0.0,0.4282838903770222,0.0,0.0,0.0358714542243236,0.0,0.1802739691651629,0.1921160037619836,0.3086857416687994,0.0,0.0,0.0,0.0,0.0,0.0,0.0,0.0,0.0,0.0,0.0,0.0,0.0,0.0,0.0,0.0,0.0,0.0,0.0,0.0,0.0,0.0,0.0,0.0,0.0,0.0,0.0,0.0,0.0,0.2330636482063457,0.0,0.0,0.0,0.4143432951608469,0.0,0.0,0.0,0.0
0.3361999146322427,0.3010814302497517,0.2122705671614023,0.0,0.0,0.4230214238073832,0.2549513463997697,0.0,0.264115587593383,0.1273038227041209,0.0618682156441766,0.0,0.3211522716743972,0.0,0.049834565366719,0.0,0.0,0.0447159067754304,0.3200565616951948,0.0,0.1910290184715029,0.0,0.5061514412649873,0.3965864631075219,0.1753714507591642,0.3986220451565189,0.2061825099085348,0.1784014939847724,-0.0014781903695354,0.2664980272667758,0.1304534490322851,0.0580778697165191,0.0,0.0,0.0,0.0990618224845765,0.0574602900091712,0.0,0.2891020633006451,0.0,0.1461606863904691,0.0,0.0,0.0,0.0,0.0,0.0,0.1808541109684105,0.0,0.1196645483846779,0.1868665390314117,0.2615553673106995,0.496155713505882,0.3160368116691704,0.0,0.1634293976797642,0.0,0.1758078674520722,0.0,0.2501963056509884,0.0,0.0,0.0,0.109149119664176,0.2483032164223601,0.3183376939805192,0.0,0.442514238290265,0.0,0.0,0.0,0.2639478862913256,0.090928095926003,0.0,0.0,0.0457492098485914
0.0,0.164575016274182,0.476696755582887,0.0,0.1290103869461684,0.4339584801058158,0.2550273568796009,0.264115587593383,0.0,0.0592259934656011,0.4203232843181771,0.126474468464508,0.3575872904929919,0.0,0.0,0.0,0.0,0.0,0.5134992458829798,0.2580976098848237,0.0,0.1483168025904857,0.3128380097532253,0.0,0.0,0.0,0.531424684444267,0.3486587375330922,0.1035533582618027,0.2501101840559472,0.1725606010746784,0.0,0.0,0.0,0.0,0.1213052640917333,0.1425074144870234,0.0517250656029907,0.1316686908900786,0.0,0.0,0.0,0.0,0.0,0.0,0.0,0.0,0.54561139839117,0.0,0.0,0.2337845272475957,0.0,0.3379214370322266,0.634569396510878,0.0,0.5185380766592218,0.0,0.0,0.0,0.0,0.0,0.0,0.0,0.3865397138650272,0.0,0.0,0.0,0.3839428685234597,0.0,0.0,0.0,0.429612662063952,0.0,0.0,0.0,0.0
0.1364444033134974,0.0,0.0,0.0,0.0,0.0,0.4358926186883187,0.1273038227041209,0.0592259934656011,0.0,0.0,0.541438891366995,0.1312247554757069,0.0,0.0,0.0,0.3419969592379066,0.0,0.1995175938288932,0.0,0.0,0.0,0.0,0.4278251620041625,0.0,0.1791378624029856,0.0,0.4124372865808492,0.0,0.0,0.4153102852071516,0.0,0.0,0.0,0.0,0.2732201344185251,0.1375136716024668,0.2383170850954493,0.1085769937554266,0.1297813326857802,0.0,0.0,0.0,0.0,0.0,0.0,0.0,0.0,0.0,0.0,0.0,0.0,0.0,0.0,0.5340151179974354,0.0,0.4434511884667099,0.0,0.0,0.0,0.0,0.3597208016365781,0.0343238996956383,0.0,0.0,0.0,0.0,0.0,0.1628854925318644,0.3201595749586553,0.366707846114127,0.0,0.0,0.0,0.0,0.0
0.0,0.0,0.4602765529993325,0.0,0.1204153307600455,0.2522507213263133,0.0,0.0618682156441766,0.4203232843181771,0.0,0.0,0.0313909203710198,0.0414598927642645,0.0118325269613945,0.0,0.0,0.0,0.0,0.3696394545401369,0.0,0.0,0.0,0.1448323162169982,0.0,0.0,0.0,0.3320619094479975,0.1387547837748885,0.0,0.0,0.0,0.0,0.0,0.0,0.0,0.1826982798153405,0.1095732073838293,0.0758119414001997,0.0,0.0,0.0,0.0,0.0,0.0,0.0,0.0,0.0,0.4700467952208602,0.0,0.1465706101890275,0.0471894333088666,0.0,0.1108946071607612,0.3450124365469395,0.0,0.4970367147680521,0.0,0.0,0.0,0.0,0.0,0.0,0.0,0.3659127350129492,0.0,0.0,0.0,0.2199324695405862,0.0,0.0,0.0,0.3178845513892917,0.0,0.0,0.0,0.0
0.2191259378478686,0.0,0.0,0.0,0.0,0.0,0.4368395499757745,0.0,0.126474468464508,0.541438891366995,0.0313909203710198,0.0,0.1372705267406485,0.0,0.0,0.0,0.356058770506081,0.0,0.0,0.0,0.0,0.0,0.0,0.4902035139851492,0.0,0.2429179671074004,0.0,0.3803489810837147,0.0,0.0,0.3745675272316467,0.0,0.0,0.0,0.0,0.2951055245163563,0.1481058933994714,0.2519559135059059,0.1273231266907674,0.1830092896308728,0.0,0.0,0.0,0.0,0.0,0.0,0.0,0.0,0.0,0.0,0.0,0.0,0.0,0.0,0.4592686940168092,0.0,0.520562557009341,0.0,0.0,0.0,0.0,0.3763901373685401,0.0883487332065749,0.0,0.0,0.0,0.0,0.0,0.2733179953289583,0.2733596988474154,0.3859449213768937,0.0,0.0,0.0,0.0,0.0
0.0,0.3805587469294426,0.2696126667894346,0.0,0.1115046021866154,0.3621189259694678,0.4160145543737327,0.3211522716743972,0.3575872904929919,0.1312247554757069,0.0414598927642645,0.1372705267406485,0.0,0.0,0.2062583981677384,0.0523314515493298,0.5070821659928294,0.252325163766318,0.3268274586320266,0.1362460671901179,0.3429582980381558,0.1394707809867005,0.3492458038224618,0.3274559341514513,0.5044165773562934,0.4983756213712068,0.4195492064702307,0.2618171065095444,0.2760110966692729,0.2052457676711847,0.2883766103746452,0.0950478206455624,0.0,0.0904849632053418,0.0,0.0752590754449138,0.1453645789409397,0.1330522290180346,0.3271727707772734,0.0,0.0,0.0,0.0,0.0,0.0,0.0,0.0,0.2761301698220055,0.0,0.0,0.2024974057439466,0.0,0.310591422647801,0.0,0.0,0.0,0.0,0.0,0.0,0.0,0.0,0.0,0.0,0.0,0.0,0.0,0.0,0.3277634253114596,0.0,0.0,0.0,0.3344933318795306,0.0,0.2446219071150873,0.0,0.0
0.0,0.0,0.0,0.3716090574834166,0.2771040974428408,0.0,0.0,0.0,0.0,0.0,0.0118325269613945,0.0,0.0,0.0,0.0,0.0,0.0,0.0,0.0,0.0,0.0,0.0,0.0,0.0,0.0,0.0,0.0,0.0,0.0,0.0,0.0,0.0496369890404703,0.0,0.0075371201649644,0.0,-0.0053187883045875,0.0,0.0,0.0,0.0,0.0,0.0,0.2006599154034182,0.0,0.0,0.0,0.0,0.0,0.0,0.0,0.0,0.0,0.0,0.0,0.0,0.0359789444477479,0.0,0.0,0.0,0.0,0.0,0.0,0.0,0.0,0.0,0.0,0.0,0.0,0.0,0.0,0.0,0.0,0.0,0.0,0.0,0.0
0.2695503629738929,0.1781018232935851,0.0,0.0,0.0,0.2433834348428187,0.0,0.049834565366719,0.0,0.0,0.0,0.0,0.2062583981677384,0.0,0.0,0.0,0.0,0.1104158971752246,0.0,0.2641800109881361,0.216107744130952,0.2229335871627008,0.1301258577666009,0.2113330810465395,0.2735778623779337,0.3017147423340738,0.4231210464910253,0.2301454666972084,0.0089188713630521,0.0,0.2290889753337959,0.0,0.0,0.0,0.0,0.18142741375691,0.0,0.0,0.0,0.0217080117226983,0.0055005004218095,0.0161933839493987,0.0,0.0,0.0,0.0,0.2035706267512713,0.0,0.0,0.0,0.0822528915011094,0.0,0.1353650995774972,0.0,0.0,0.0,0.0,0.0,0.0,0.3116298247644488,0.045150956903326,0.0,0.0,0.0,0.376968869926344,0.2249138853665126,0.3668821766532971,0.2640818228995858,0.0,0.0,0.2726587523388111,0.4162597841794186,0.2011663924729999,0.04451387735702,0.0,0.1277226664273307
0.0,0.0,0.0,0.0,0.0,0.0,0.0,0.0,0.0,0.0,0.0,0.0,0.0523314515493298,0.0,0.0,0.0,0.0,0.4170112798312593,0.0,0.3238986428922907,0.1589407874441143,0.4655865046838999,0.0,0.0,0.2457625286848959,0.0,0.0,0.0,0.3927773504357746,0.0,0.0,0.3296259288049609,0.4301179100379708,0.3554538440607709,0.4942576688128101,0.0,0.0,0.0,0.0294963823887599,0.0085787552578836,0.0224858015121111,0.151615514820486,0.0,0.0,0.0,0.0,0.0,0.0,0.0,0.0,0.0,0.0,0.0,0.0,0.0,0.0,0.0,0.0,0.0,0.0,0.0620671929900737,0.0,0.0,0.0,0.0,0.0,0.0,0.0,0.0,0.0,0.0,0.0,0.0,0.0,0.0,0.2460456689255296
0.3948977463361358,0.0,0.0,0.0,0.0,0.0,0.4836241366708312,0.0,0.0,0.3419969592379066,0.0,0.356058770506081,0.5070821659928294,0.0,0.0,0.0,0.0,0.1717668616027557,0.0,0.0,0.0,0.0,0.0,0.4550734871106929,0.365505538453034,0.4932386615651948,0.0,0.3337630145150765,0.0,0.0,0.363125028371419,0.0082885912613929,0.0,0.0,0.0,0.0,0.0,0.1934242577598102,0.0,0.2991956087868175,0.2066545037755251,0.0,0.0,0.0,0.0,0.0,0.0,0.0,0.0,0.0,0.0,0.0,0.0,0.0,0.4933167801204798,0.0,0.2218450905021383,0.0,0.0,0.0,0.0,0.4994643365444169,0.3831656420992924,0.0,0.0,0.0,0.0,0.0,0.2988103867602186,0.396089692288049,0.4478753984682438,0.0,0.0,0.0,0.0,0.0
0.1165971859616852,0.3352749455525086,0.0,0.0,0.0,0.1975746440089236,0.0,0.0447159067754304,0.0,0.0,0.0,0.0,0.252325163766318,0.0,0.1104158971752246,0.4170112798312593,0.1717668616027557,0.0,0.0,0.1872762840210034,0.2372789245579255,0.3364213218346226,0.105211970486503,0.0,0.3669009999668598,0.2525482074757552,0.1631283866716769,0.0,0.2446787991474418,0.0,0.0,0.201747853028147,0.1891933940649579,0.1135943924235763,0.1005946889416221,0.0,0.0,0.0,0.0744659809974706,0.186525491188281,0.111840889212269,0.0059364272679586,0.0,0.0,0.0,0.219843832450079,0.1952248626899373,0.0,0.0,0.0,0.0,0.0,0.0,0.0,0.0407092448344609,0.0,0.0,0.0,0.0,0.0,0.1796275921566697,0.1097102852714609,0.2339735041231164,0.0,0.0,0.0,0.071436468356036,0.0,0.0,0.1533821030574903,0.0503553271188612,0.0,0.0,0.0,0.0,0.251753718274642
0.0,0.0,0.4804122915932191,0.0,0.0,0.3974852900319374,0.2733065886747532,0.3200565616951948,0.5134992458829798,0.1995175938288932,0.3696394545401369,0.0,0.3268274586320266,0.0,0.0,0.0,0.0,0.0,0.0,0.0,0.0,0.0,0.3730573766731965,0.0,0.0,0.0,0.4441321519827437,0.3246888212440224,0.0,0.0,0.1764317556893665,0.0,0.0,0.0,0.0,0.1578908738073013,0.1330116631466537,0.0,0.1732031761856098,0.0,0.0,0.0,0.0,0.0,0.0,0.0,0.0,0.4332611813789389,0.0,0.0,0.0751400216224563,0.0,0.3530628936810635,0.5277991650484637,0.0,0.3933305632404978,0.0,0.0,0.0,0.0,0.0,0.0,0.0,0.3524349048437152,0.0,0.0,0.0,0.4368829736536773,0.0,0.0,0.0,0.5447932371822001,0.0,0.0,0.0,0.0
0.0,0.0,0.0,0.0,0.2846770522888652,0.1623697047185241,0.0,0.0,0.2580976098848237,0.0,0.0,0.0,0.1362460671901179,0.0,0.2641800109881361,0.3238986428922907,0.0,0.1872762840210034,0.0,0.0,0.1019444759914204,0.6086386240510945,0.0170727362733319,0.0,0.2231971913790637,0.0,0.3172556391077665,0.0313678093920114,0.422868374818335,0.0,0.0,0.0990871133305491,0.2050652846812947,0.1798191220598007,0.2396105802700915,-0.0010331435238276,0.0,0.0,0.0,0.0,0.0624153724650046,0.0,0.0,0.0,0.0,0.0,0.0821173833836159,0.0,0.0,0.0,0.3961898040278366,0.0,0.0,0.0,0.0,0.0,0.0,0.0,0.0,0.0,0.0,0.0,0.0,0.0,0.0,0.0,0.0,0.0,0.0,0.0,0.0,0.0,0.4477049858328329,0.2052533876170763,0.0,0.2616074361399567
0.3273867499699218,0.2767732618131921,0.0,0.0,0.0,0.1989400171030861,0.0,0.1910290184715029,0.0,0.0,0.0,0.0,0.3429582980381558,0.0,0.216107744130952,0.1589407874441143,0.0,0.2372789245579255,0.0,0.1019444759914204,0.0,0.1517767117711961,0.1290833138657131,0.1741191395517847,0.4127242257210262,0.334518579684662,0.2954474251104595,0.1493936224549023,0.3536567801595016,0.0385805047455552,0.3472687975461006,0.2396631491110259,0.1649845900945024,0.1939813361362833,0.0621895179242745,0.0200733262231912,0.0,0.0,0.3148586325998653,0.2450786252915013,0.0972002023969491,0.1344525670494964,0.0,0.0,0.0,0.3349908990288327,0.3377736251869779,0.0,0.0,0.0,0.1777035069760367,0.0,0.2237252274826453,0.0,0.0,0.0,0.0,0.0,0.0,0.0953359073285217,0.1783489943307028,0.0,0.0,0.0,0.1179907462593735,0.2548309005468432,0.1434751046293884,0.1938259523125877,0.0,0.2710143296970554,0.2425639614164609,0.2261034720030545,0.2703205004658147,0.4141481022061357,0.0,0.3070917018776773
0.042936894975746,0.0,0.0,0.0,0.2120327351464806,0.1177947622181588,0.0,0.0,0.1483168025904857,0.0,0.0,0.0,0.1394707809867005,0.0,0.2229335871627008,0.4655865046838999,0.0,0.3364213218346226,0.0,0.6086386240510945,0.1517767117711961,0.0,0.0262713304342538,0.0,0.281594789850594,0.038696669553108,0.2859436455077502,0.0,0.3997543142482211,0.0,0.0,0.1820735871898382,0.2540795426863411,0.2031635706410047,0.2886307218991412,0.0001263738901306,0.0,0.0,0.0,0.0,0.0468270632702769,0.0,0.0,0.0,0.0,0.076186407258305,0.1561548642195722,0.0,0.0,0.0,0.3403668235918233,0.0,0.0,0.0,0.0,0.0,0.0,0.0,0.0,0.0,0.1804790354181597,0.0,0.0541735361238782,0.0,0.0,0.0,0.0,0.0,0.0,0.0,0.0,0.0,0.0,0.2805840444155865,0.0,0.3440415853481529
0.3954795589464905,0.4004336418435675,0.3718215369251359,0.0,0.0,0.5361767581108533,0.1533582871346312,0.5061514412649873,0.3128380097532253,0.0,0.1448323162169982,0.0,0.3492458038224618,0.0,0.1301258577666009,0.0,0.0,0.105211970486503,0.3730573766731965,0.0170727362733319,0.1290833138657131,0.0262713304342538,0.0,0.3149189757293632,0.313214796859214,0.4684633871951285,0.3309468376500125,0.0765156558548795,0.0770949546123245,0.1469209571183886,0.0172185513590099,0.0976788764266594,0.0,0.0,0.0,0.0,0.0,0.0,0.2921861085694139,0.1777194691331687,0.2348886014829414,0.0,0.0,0.0,0.0,0.0,0.4327112534874087,0.3063168181304477,0.0,0.0562011033907599,0.3231414404975971,0.1828698046069029,0.4569059476134223,0.3529481652226551,0.0,0.2840988020567552,0.0,0.1783604710170352,0.0,0.2113873219567465,0.0,0.0,0.0,0.2651275779469891,0.240693533386745,0.2382501150537074,0.2617263051100884,0.5783509417746007,0.0,0.0,0.3856554425595945,0.3249384365788598,0.0733866660117943,0.0455450850706065,0.0,0.0815790688419314
0.429122531595895,0.0,0.0,0.0,0.0,0.0,0.4524539247552748,0.3965864631075219,0.0,0.4278251620041625,0.0,0.4902035139851492,0.3274559341514513,0.0,0.2113330810465395,0.0,0.4550734871106929,0.0,0.0,0.0,0.1741191395517847,0.0,0.3149189757293632,0.0,0.1578178585716462,0.4605206221719429,0.2249830892029182,0.4419426696509034,0.0,0.0,0.3719940237906373,0.0,0.0,0.0,0.0,0.2366404436272236,0.0,0.160338656171254,0.2571698872744977,0.2701470475068128,0.083728769720034,0.0,0.0,0.0,0.0,0.339636943475301,0.0,0.0,0.0,0.0,0.0,0.0,0.0,0.0,0.4632439870458106,0.0,0.4341291774645345,0.0,0.0,0.0,0.1491517633139557,0.5047085526651571,0.3569162957663363,0.0,0.0,0.0,0.0,0.0,0.4360811496281369,0.462819761072232,0.5751553849857961,0.0,0.0,0.0,0.0,0.0183381884525698
0.4292197316988962,0.4054596599109587,0.0,0.0,0.1524725095888164,0.3719731601628956,0.2767642485034562,0.1753714507591642,0.0,0.0,0.0,0.0,0.5044165773562934,0.0,0.2735778623779337,0.2457625286848959,0.365505538453034,0.3669009999668598,0.0,0.2231971913790637,0.4127242257210262,0.281594789850594,0.313214796859214,0.1578178585716462,0.0,0.4659501995188266,0.4988134001404519,0.1329472124523952,0.414021827274229,0.0,0.1934534175171662,0.2470640017381012,0.1451910311957133,0.2337680802889594,0.1099268006447375,0.0,0.0,0.0364592503853711,0.3204897872094643,0.2480831417107883,0.3437219447582697,0.1658825948121102,0.0,0.0,0.0,0.4133704785145196,0.4609124758734604,0.0,0.0,0.0,0.0,0.0,0.0,0.0,0.2514570475237815,0.0,0.0,0.0,0.0,0.0,0.3845264708483267,0.2471620616482719,0.3639417943841377,0.0,0.1810778112985583,0.1579014956695979,0.201031220939224,0.0,0.2963511304048233,0.3670453021422173,0.2482949984524924,0.0,0.0,0.0,0.0,0.332001628004724
0.5213594375592548,0.5602930544301772,0.0,0.0,0.0,0.4620291349223151,0.3740192840874896,0.3986220451565189,0.0,0.1791378624029856,0.0,0.2429179671074004,0.4983756213712068,0.0,0.3017147423340738,0.0,0.4932386615651948,0.2525482074757552,0.0,0.0,0.334518579684662,0.038696669553108,0.4684633871951285,0.4605206221719429,0.4659501995188266,0.0,0.3692058864628892,0.2203173919693607,0.0967811286228435,0.0,0.1984975716246166,0.0585384493352461,0.0,0.0,0.0,0.0881196396782373,0.0,0.0789240206361814,0.2968772222686657,0.3012610352494051,0.2157357929151279,0.1034112655137568,0.0,0.0,0.0,0.4726707079109214,0.5044651433248779,0.0,0.0,0.0,0.0,0.0,0.0,0.0,0.3628971782219826,0.0,0.1690505827805299,0.0,0.0,0.380441861480888,0.2882810186917263,0.4725574835743446,0.4471089336553656,0.0,0.4082238540092194,0.4343926284506169,0.4589243173955006,0.4437770143916653,0.3839038660493809,0.4809071180932767,0.5209464878047537,0.4347637081768676,0.0,0.0852181708139602,0.0,0.1709477417760914
0.3534895548888084,0.211113841184109,0.4986969520340936,0.0,0.1630226191589703,0.4516599006018568,0.2458808892704629,0.2061825099085348,0.531424684444267,0.0,0.3320619094479975,0.0,0.4195492064702307,0.0,0.4231210464910253,0.0,0.0,0.1631283866716769,0.4441321519827437,0.3172556391077665,0.2954474251104595,0.2859436455077502,0.3309468376500125,0.2249830892029182,0.4988134001404519,0.3692058864628892,0.0,0.2714758799932235,0.3066517219602762,0.1443106649204125,0.2376267015076438,0.034597445955748,0.0,0.0150048076280563,0.0,0.0308882798327756,0.0402040582537437,0.0,0.1916082029355377,0.0,0.2999525296649892,0.0136832603265843,0.0,0.0,0.0,0.0,0.3505875075126558,0.5284250727555112,0.0,0.0,0.2944006009806141,0.2407330364439573,0.2506858783344903,0.5685596381251871,0.0,0.4567043282117108,0.0,0.1881225894175121,0.0,0.1961321319552391,0.0,0.0,0.0,0.3334246959015293,0.2785262830497078,0.1695303252538404,0.2595714141405961,0.3967156557435112,0.0,0.0,0.2586056350824054,0.4725838432563662,0.3947609948524408,0.1829935336773372,0.0084586912595287,0.2393787030415188
0.270479628366663,0.0327799092023539,0.1760951299648276,0.0,0.2075822567646056,0.1295347958587435,0.3708418793484103,0.1784014939847724,0.3486587375330922,0.4124372865808492,0.1387547837748885,0.3803489810837147,0.2618171065095444,0.0,0.2301454666972084,0.0,0.3337630145150765,0.0,0.3246888212440224,0.0313678093920114,0.1493936224549023,0.0,0.0765156558548795,0.4419426696509034,0.1329472124523952,0.2203173919693607,0.2714758799932235,0.0,0.0,0.4664447912401107,0.3784670297184845,0.0,0.0,0.0,0.0,0.3052805876314291,0.1196215616261864,0.1768963806454728,0.0423461927119398,0.0,0.0073692632039199,0.003688110083699,0.0,0.0,0.0,0.0,0.0,0.0,0.0,0.0,0.0,0.0,0.2649892638486359,0.0,0.0,0.0,0.0,0.0,0.0,0.3039049336494639,0.0,0.0,0.0,0.0,0.3290051551569729,0.2829100781675016,0.0,0.1377059166753161,0.0,0.0,0.0,0.3503538790790058,0.2592328869063355,0.0,0.0,0.0627507480131054
0.1220250709572163,0.0257109756756199,0.0,0.0,0.2562951520319538,0.1961557801790709,0.0,-0.0014781903695354,0.1035533582618027,0.0,0.0,0.0,0.2760110966692729,0.0,0.0089188713630521,0.3927773504357746,0.0,0.2446787991474418,0.0,0.422868374818335,0.3536567801595016,0.3997543142482211,0.0770949546123245,0.0,0.414021827274229,0.0967811286228435,0.3066517219602762,0.0,0.0,0.0,0.1015633578824347,0.3689853653519492,0.3418773467426393,0.3406636411565119,0.2707843035480254,0.0,0.0,0.0,0.1948512051063682,0.0,0.2609587411350073,0.101371725630611,0.0,0.0,0.0,0.0,0.2369509500396965,0.0,0.0,0.0,0.4550415371834216,0.0,0.0,0.0,0.0,0.0,0.0,0.4263531179557626,0.0,0.0,0.0,0.0,0.0,0.0,0.0,0.0,0.0,0.0235950835005159,0.0,0.0,0.0,0.0,0.4060714702248352,0.4631562795526653,0.0,0.3061382975043998
0.0,0.0,0.0953321257523993,0.0,0.0,0.1204113901672612,0.0,0.2664980272667758,0.2501101840559472,0.0,0.0,0.0,0.2052457676711847,0.0,0.0,0.0,0.0,0.0,0.0,0.0,0.0385805047455552,0.0,0.1469209571183886,0.0,0.0,0.0,0.1443106649204125,0.4664447912401107,0.0,0.0,0.3079454622525103,0.0,0.0,0.0,0.0,0.0,0.0,0.0,0.0913610852329,0.0,0.0,0.0,0.0,0.0,0.0,0.0,0.0,0.0,0.0,0.0,0.0,0.0,0.0,0.0,0.0,0.0,0.0,0.0,0.0,0.0,0.0,0.0,0.0,0.0,0.4622772024521593,0.0,0.0,0.2176240979601611,0.0,0.0,0.0,0.4193371581428703,0.0,0.0,0.0,0.0
0.268364149738993,0.0,0.0600510602459883,0.0,0.1102845081402941,0.0,0.4282838903770222,0.1304534490322851,0.1725606010746784,0.4153102852071516,0.0,0.3745675272316467,0.2883766103746452,0.0,0.2290889753337959,0.0,0.363125028371419,0.0,0.1764317556893665,0.0,0.3472687975461006,0.0,0.0172185513590099,0.3719940237906373,0.1934534175171662,0.1984975716246166,0.2376267015076438,0.3784670297184845,0.1015633578824347,0.3079454622525103,0.0,0.0343815395214683,0.0,0.1483174240416926,0.0,0.2144166691736798,0.1162440757052476,0.2635985660338067,0.2624969831552697,0.2203807588073219,0.0154701275330209,0.0,0.0,0.0,0.0,0.1997365619668113,0.2129176317679464,0.0,0.0,0.0,0.0,0.0,0.2398992580834283,0.0,0.4350704914485785,0.0,0.1655362396704291,0.0,0.0,0.2238985976293566,0.1134343434987974,0.0,0.1589310425196383,0.0,0.2271918546755895,0.2603965529828735,0.2138628906777458,0.1367436746469295,0.2722901228312914,0.2082951260160114,0.3055219257811846,0.3192954231023589,0.244595235528028,0.1841114708988089,0.0,0.1759286105327468
0.1000656528994339,0.0748239894591535,0.0,0.1048201727147145,0.1516798504915572,0.0228982675874301,0.0,0.0580778697165191,0.0,0.0,0.0,0.0,0.0950478206455624,0.0496369890404703,0.0,0.3296259288049609,0.0082885912613929,0.201747853028147,0.0,0.0990871133305491,0.2396631491110259,0.1820735871898382,0.0976788764266594,0.0,0.2470640017381012,0.0585384493352461,0.034597445955748,0.0,0.3689853653519492,0.0,0.0343815395214683,0.0,0.3920330557433348,0.3212875226308737,0.278339300498113,0.0,0.0,0.0,0.3890565357496486,0.1714241733879988,0.1918706155740202,0.174956045835584,0.3308793833257958,0.0046985763508328,0.2514043538680282,0.1697868819246434,0.1561382367582905,0.0,0.0,0.0,0.3103464375221885,0.0,0.0316697008659047,0.0,0.0,0.0,0.0,0.3829835148617584,0.0,0.0,0.1685676990598935,0.0,0.0713887279598655,0.0,0.0,0.0,0.0,0.0570851798563398,0.1373416343926133,0.0,0.0,0.0,0.1378675523727018,0.3765246917796616,0.0,0.286841612341688
0.0,0.0,0.0,0.0,0.183940821151077,0.0,0.0,0.0,0.0,0.0,0.0,0.0,0.0,0.0,0.0,0.4301179100379708,0.0,0.1891933940649579,0.0,0.2050652846812947,0.1649845900945024,0.2540795426863411,0.0,0.0,0.1451910311957133,0.0,0.0,0.0,0.3418773467426393,0.0,0.0,0.3920330557433348,0.0,0.4359943199078894,0.4401491288761097,0.0,0.0,0.0032516584989875,0.1229782118032945,0.1419342127708183,0.0309631438783494,0.1463979530142339,0.0,0.0,0.222825271018582,0.035229864889869,0.0,0.0,0.0,0.0,0.0,0.0,0.0,0.0,0.0,0.0,0.0,0.0,0.0,0.0,0.0,0.0,0.0,0.0,0.0,0.0,0.0,0.0,-0.0038272793769709,0.0,0.0,0.0,0.0,0.2627586569928263,0.0,0.146298268690225
0.0166676880380983,0.0,0.0,0.0315801343880361,0.167208134517243,0.0,0.0358714542243236,0.0,0.0,0.0,0.0,0.0,0.0904849632053418,0.0075371201649644,0.0,0.3554538440607709,0.0,0.1135943924235763,0.0,0.1798191220598007,0.1939813361362833,0.2031635706410047,0.0,0.0,0.2337680802889594,0.0,0.0150048076280563,0.0,0.3406636411565119,0.0,0.1483174240416926,0.3212875226308737,0.4359943199078894,0.0,0.4257398116901583,0.0,0.0,0.0656295195654905,0.213059917091283,0.1895103480962221,0.1700485423455633,0.1657501510327531,0.2709205589828071,0.0,0.2621701051328998,0.0570774996220077,0.0084316002061756,0.0,0.0,0.0,0.2010209393821554,0.0,0.0,0.0,0.0301840691770579,0.0,0.0,0.0,0.0,0.0,0.0723547288877122,0.0,0.0,0.0,0.0,0.0,0.0,0.0,0.0725002028116593,0.0,0.0,0.0,0.1750071199607535,0.3157989981590857,0.0,0.2378434781080887
0.0,0.0,0.0,0.127711466815149,0.1462262083805548,0.0,0.0,0.0,0.0,0.0,0.0,0.0,0.0,0.0,0.0,0.4942576688128101,0.0,0.1005946889416221,0.0,0.2396105802700915,0.0621895179242745,0.2886307218991412,0.0,0.0,0.1099268006447375,0.0,0.0,0.0,0.2707843035480254,0.0,0.0,0.278339300498113,0.4401491288761097,0.4257398116901583,0.0,0.0,0.0,0.0253605581077609,0.0435612378968552,0.0,0.0,0.1316615662342918,0.2995210953138117,0.1054068853639683,0.2365756777878872,0.0,0.0,0.0,0.0,0.0,0.0,0.0,0.0,0.0,0.0,0.0,0.0,0.0,0.0,0.0,0.0,0.0,0.0,0.0,0.0,0.0,0.0,0.0,0.0,0.0,0.0,0.0,0.0,0.1611465231424914,0.0,0.0
0.0,0.0,0.0936126633540951,0.0,0.1297697289157736,0.0,0.1802739691651629,0.0990618224845765,0.1213052640917333,0.2732201344185251,0.1826982798153405,0.2951055245163563,0.0752590754449138,-0.0053187883045875,0.18142741375691,0.0,0.0,0.0,0.1578908738073013,-0.0010331435238276,0.0200733262231912,0.0001263738901306,0.0,0.2366404436272236,0.0,0.0881196396782373,0.0308882798327756,0.3052805876314291,0.0,0.0,0.2144166691736798,0.0,0.0,0.0,0.0,0.0,0.1925390654898322,0.1361202575356653,0.0,0.0,0.0,0.0,0.0,0.014650441257264,0.0,0.0,0.0,0.1055974688222369,0.0,0.0,0.0,0.1397236413722874,0.1350665010696606,0.0738571010529577,0.0,0.08600971585045,0.3162537379387889,0.0,0.0,0.0,0.0,0.0,0.0,0.075803759341698,0.0,0.0,0.0,0.027660901128082,0.0,0.0,0.0,0.1504927583325991,0.1072196877544975,0.0,0.0,0.0
0.0,0.0,0.0530608662389326,0.0,0.0213859362725401,0.0431597342558041,0.1921160037619836,0.0574602900091712,0.1425074144870234,0.1375136716024668,0.1095732073838293,0.1481058933994714,0.1453645789409397,0.0,0.0,0.0,0.0,0.0,0.1330116631466537,0.0,0.0,0.0,0.0,0.0,0.0,0.0,0.0402040582537437,0.1196215616261864,0.0,0.0,0.1162440757052476,0.0,0.0,0.0,0.0,0.1925390654898322,0.0,0.0899243557328724,0.0124663850708942,0.0,0.0218547534739412,0.0027041307801888,0.0,0.0,0.0,0.0,0.0,0.0,0.0,0.0,0.0,0.0,0.0,0.0,0.0,0.0,0.0,0.0,0.0,0.0,0.0,0.0,0.0,0.0,0.0,0.0,0.0,0.0,0.0,0.0,0.0,0.0,0.0,0.0,0.0,0.0
0.0,0.0,0.0,0.0,0.1071170948808885,0.0,0.3086857416687994,0.0,0.0517250656029907,0.2383170850954493,0.0758119414001997,0.2519559135059059,0.1330522290180346,0.0,0.0,0.0,0.1934242577598102,0.0,0.0,0.0,0.0,0.0,0.0,0.160338656171254,0.0364592503853711,0.0789240206361814,0.0,0.1768963806454728,0.0,0.0,0.2635985660338067,0.0,0.0032516584989875,0.0656295195654905,0.0253605581077609,0.1361202575356653,0.0899243557328724,0.0,0.0765162563691887,0.0991090265518889,0.0,0.0609877054306976,0.0,0.0,0.0401965291617578,0.0,0.0,0.0,0.0,0.0,0.0,0.0,0.0,0.0,0.2287567098516283,0.0,0.1980704336356612,0.0,0.0,0.0,0.0,0.0,0.0,0.0,0.0,0.0,0.0,0.0,0.1406479908316893,0.0,0.1164681367044495,0.0,0.0,0.0,0.0,0.0
0.3510694902995504,0.2515149572559674,0.0478681015729105,0.0,0.0,0.1503738657394311,0.0,0.2891020633006451,0.1316686908900786,0.1085769937554266,0.0,0.1273231266907674,0.3271727707772734,0.0,0.0,0.0294963823887599,0.0,0.0744659809974706,0.1732031761856098,0.0,0.3148586325998653,0.0,0.2921861085694139,0.2571698872744977,0.3204897872094643,0.2968772222686657,0.1916082029355377,0.0423461927119398,0.1948512051063682,0.0913610852329,0.2624969831552697,0.3890565357496486,0.1229782118032945,0.213059917091283,0.0435612378968552,0.0,0.0124663850708942,0.0765162563691887,0.0,0.3260765394608928,0.2905358945839755,0.1675611002141896,0.0513118377559003,0.0,0.0392158918553481,0.3663361725263658,0.3674798579040813,0.0328641479391838,0.0161574679242356,0.0339745283691557,0.2010678143663578,0.3477159975249296,0.3159939917492951,0.1910163554559478,0.2730488664739753,0.0,0.0108406655831281,0.4142247083015788,0.0,0.0951850398062,0.2731034047389314,0.2874094289195906,0.3052483540087576,0.0503467480694603,0.1134478213699641,0.2073435347038195,0.1309772780707448,0.3127979540315719,0.3821772166555589,0.2966314241800394,0.2767202375279128,0.2091993410554366,0.0997270632808005,0.337425740096516,0.0922101383813923,0.2493420142959608
0.3359576482085958,0.2412626022994437,0.0,0.0,0.0,0.0,0.0,0.0,0.0,0.1297813326857802,0.0,0.1830092896308728,0.0,0.0,0.0217080117226983,0.0085787552578836,0.2991956087868175,0.186525491188281,0.0,0.0,0.2450786252915013,0.0,0.1777194691331687,0.2701470475068128,0.2480831417107883,0.3012610352494051,0.0,0.0,0.0,0.0,0.2203807588073219,0.1714241733879988,0.1419342127708183,0.1895103480962221,0.0,0.0,0.0,0.0991090265518889,0.3260765394608928,0.0,0.2254349480220016,0.0993784124970233,0.0013174501215783,0.0,0.0286340672599832,0.3344964839684378,0.2654691680466424,0.0,0.0,0.0890999471051781,0.0416851381190602,0.2687865036341165,0.2915623933241711,0.169161548564619,0.2065843085227214,0.0046886535067235,0.109375289911023,0.2142697060869754,0.0,0.1157412727438855,0.2636727129898175,0.3176931965837589,0.3279472794871546,0.0,0.1383754493236538,0.2107055102799842,0.1623181415068966,0.1555715837037782,0.3324116844936723,0.2852687900850584,0.2440111697813393,0.1389403342136144,0.1532307234331245,0.1509379501436469,0.1507866594187578,0.1670859534190865
0.2976052428938081,0.1794130273743194,0.0,0.0,0.0,0.1996538441837696,0.0,0.1461606863904691,0.0,0.0,0.0,0.0,0.0,0.0,0.0055005004218095,0.0224858015121111,0.2066545037755251,0.111840889212269,0.0,0.0624153724650046,0.0972002023969491,0.0468270632702769,0.2348886014829414,0.083728769720034,0.3437219447582697,0.2157357929151279,0.2999525296649892,0.0073692632039199,0.2609587411350073,0.0,0.0154701275330209,0.1918706155740202,0.0309631438783494,0.1700485423455633,0.0,0.0,0.0218547534739412,0.0,0.2905358945839755,0.2254349480220016,0.0,0.1463537754323143,0.0496645200806473,0.0,0.051739293733843,0.3369094119882748,0.2717296407253203,0.1482213066144942,0.0054428090741109,0.0,0.2643532974689897,0.1728231349120624,0.1803322380290705,0.3314945453566464,0.0302406580146463,0.1638065094855729,0.0,0.3413860962216856,0.0,0.0,0.4789752830011372,0.1853457247543518,0.4026189817423498,0.1306906303789898,0.0530850589451105,0.0565349602093381,0.0725196456970719,0.2564579744190901,0.2749021591691178,0.2404641767883573,0.1292762019662164,0.1604660347543077,0.2048684702810763,0.2706181392092421,0.0324603456546431,0.3117621211628211
0.0,0.0758696508300225,0.0,0.0,0.0,0.0,0.0,0.0,0.0,0.0,0.0,0.0,0.0,0.0,0.0161933839493987,0.151615514820486,0.0,0.0059364272679586,0.0,0.0,0.1344525670494964,0.0,0.0,0.0,0.1658825948121102,0.1034112655137568,0.0136832603265843,0.003688110083699,0.101371725630611,0.0,0.0,0.174956045835584,0.1463979530142339,0.1657501510327531,0.1316615662342918,0.0,0.0027041307801888,0.0609877054306976,0.1675611002141896,0.0993784124970233,0.1463537754323143,0.0,0.048022723557474,0.076758556653157,0.0882728798658891,0.0605889106574494,0.1111404803484416,0.0,0.1012104322552779,0.0,0.0,0.0947811904727909,0.0,0.0,0.1350893011057078,0.0,0.0,0.0910002335969768,0.0,0.0,0.0683905897247744,0.0653102189028639,0.0,0.0,0.0,0.0281513354656021,0.0,0.009908130618238,0.1129408392689633,0.013641545549726,0.0,0.0697541189256481,0.0,0.1402707051263188,0.0836500921356426,0.1434770308746774
0.0,0.0,0.0,0.0,0.174680535268658,0.0,0.0,0.0,0.0,0.0,0.0,0.0,0.0,0.2006599154034182,0.0,0.0,0.0,0.0,0.0,0.0,0.0,0.0,0.0,0.0,0.0,0.0,0.0,0.0,0.0,0.0,0.0,0.3308793833257958,0.0,0.2709205589828071,0.2995210953138117,0.0,0.0,0.0,0.0513118377559003,0.0013174501215783,0.0496645200806473,0.048022723557474,0.0,0.2369650307128254,0.1834864678468544,0.0,0.0,0.0,0.3815074992830455,0.0,0.2234281957674951,0.0,0.0,0.0,0.0,0.0,0.0,0.2352469393304149,0.3332092449405293,0.0,0.0,0.0,0.0,0.0,0.0,0.0,0.0,0.0,0.0,0.0,0.0,0.0,0.1562190591512762,0.2439104380229357,0.0,0.2225165761271456
0.0,0.0,0.0,0.0,0.0,0.0,0.0,0.0,0.0,0.0,0.0,0.0,0.0,0.0,0.0,0.0,0.0,0.0,0.0,0.0,0.0,0.0,0.0,0.0,0.0,0.0,0.0,0.0,0.0,0.0,0.0,0.0046985763508328,0.0,0.0,0.1054068853639683,0.014650441257264,0.0,0.0,0.0,0.0,0.0,0.076758556653157,0.2369650307128254,0.0,0.1049515534267272,0.0,0.0,0.0298409950514314,0.1622528120373144,0.0415575511099321,0.0817567579963518,0.0,0.0,0.0,0.0,0.0611127816748561,0.0,0.0060798639762178,0.2496041829588452,0.0,0.0,0.0,0.0,0.0819136093579065,0.0,0.0,0.0,0.0,0.0,0.0,0.0,0.0,0.0811645506531189,0.0115398528473821,0.0,0.0285215286289523
0.0,0.0,0.0,0.0,0.0,0.0,0.0,0.0,0.0,0.0,0.0,0.0,0.0,0.0,0.0,0.0,0.0,0.0,0.0,0.0,0.0,0.0,0.0,0.0,0.0,0.0,0.0,0.0,0.0,0.0,0.0,0.2514043538680282,0.222825271018582,0.2621701051328998,0.2365756777878872,0.0,0.0,0.0401965291617578,0.0392158918553481,0.0286340672599832,0.051739293733843,0.0882728798658891,0.1834864678468544,0.1049515534267272,0.0,0.0248323784026126,0.0,0.0,0.0,0.0,0.0,0.0,0.0,0.0,0.0,0.0,0.0,0.2045792771365444,0.0,0.0,0.0,0.0,0.0,0.0,0.0,0.0,0.0,0.0,0.0581211617770141,0.0,0.0,0.0,0.2105349285116927,0.0,0.0,0.1440503329524692
0.5337067885300546,0.3660841635265036,0.0,0.0,0.0,0.0,0.0,0.0,0.0,0.0,0.0,0.0,0.0,0.0,0.0,0.0,0.0,0.219843832450079,0.0,0.0,0.3349908990288327,0.076186407258305,0.0,0.339636943475301,0.4133704785145196,0.4726707079109214,0.0,0.0,0.0,0.0,0.1997365619668113,0.1697868819246434,0.035229864889869,0.0570774996220077,0.0,0.0,0.0,0.0,0.3663361725263658,0.3344964839684378,0.3369094119882748,0.0605889106574494,0.0,0.0,0.0248323784026126,0.0,0.4784037216662439,0.0,0.0,0.0,0.1929334263370922,0.0,0.3884394586126914,0.0,0.2478225732057059,0.0,0.0210296441554023,0.3505627963770575,0.0,0.219695748070581,0.4161637765901313,0.0,0.5306908787941506,0.0,0.2592670569847848,0.3095552891822454,0.2999111622043292,0.3817921146022126,0.4431806180059535,0.4490166988736181,0.4133190115066179,0.2892337538914263,0.2633078735806802,0.292049805586884,0.0,0.3316042625073873
0.4577527697393018,0.4610199974615828,0.0,0.0,0.0,0.0,0.0,0.0,0.0,0.0,0.0,0.0,0.0,0.0,0.2035706267512713,0.0,0.0,0.1952248626899373,0.0,0.0821173833836159,0.3377736251869779,0.1561548642195722,0.4327112534874087,0.0,0.4609124758734604,0.5044651433248779,0.3505875075126558,0.0,0.2369509500396965,0.0,0.2129176317679464,0.1561382367582905,0.0,0.0084316002061756,0.0,0.0,0.0,0.0,0.3674798579040813,0.2654691680466424,0.2717296407253203,0.1111404803484416,0.0,0.0,0.0,0.4784037216662439,0.0,0.0,0.0,0.0,0.2581373860835381,0.372963234342628,0.4030439128183869,0.2726931441520506,0.340358317986529,0.0,0.0,0.3446375052434574,0.0,0.2180698263706487,0.4022199211618938,0.3951299473467695,0.437406691597925,0.0,0.2738715334823517,0.2563443499650305,0.3407664482768401,0.4516214279856086,0.0,0.5142943759789227,0.4278113576589943,0.342216458909228,0.196750249027884,0.3465128233989649,0.0,0.2725992556286536
0.0,0.0,0.5931576406519615,0.0,0.156641944072707,0.4129780599506509,0.0,0.1808541109684105,0.54561139839117,0.0,0.4700467952208602,0.0,0.2761301698220055,0.0,0.0,0.0,0.0,0.0,0.4332611813789389,0.0,0.0,0.0,0.3063168181304477,0.0,0.0,0.0,0.5284250727555112,0.0,0.0,0.0,0.0,0.0,0.0,0.0,0.0,0.1055974688222369,0.0,0.0,0.0328641479391838,0.0,0.1482213066144942,0.0,0.0,0.0298409950514314,0.0,0.0,0.0,0.0,0.0,0.0558239749034496,0.3413234978634151,0.1126572826945422,0.2330967517345802,0.5106713245264561,0.0,0.5482007619335804,0.0,0.1240442665305815,0.0,0.0,0.0,0.0,0.0,0.490902986961929,0.0,0.0,0.0,0.3588406736648996,0.0,0.0,0.0,0.3376715450635099,0.3623240065406685,0.0345760268066172,0.0636974489085401,0.2242306810779346
0.0,0.0,0.0,0.0,0.0,0.0,0.0,0.0,0.0,0.0,0.0,0.0,0.0,0.0,0.0,0.0,0.0,0.0,0.0,0.0,0.0,0.0,0.0,0.0,0.0,0.0,0.0,0.0,0.0,0.0,0.0,0.0,0.0,0.0,0.0,0.0,0.0,0.0,0.0161574679242356,0.0,0.0054428090741109,0.1012104322552779,0.3815074992830455,0.1622528120373144,0.0,0.0,0.0,0.0,0.0,0.0,0.1658391094511123,0.0,0.0,0.0,0.0,0.0,0.0,0.2218081644107006,0.3340337170372709,0.0,0.0,0.0,0.0,0.0,0.0,0.0,0.0,0.0,0.0,0.0,0.0,0.0,0.1435192131509895,0.0,0.0,0.1159014487947997
0.0,0.0,0.0,0.0,0.0,0.0,0.0,0.1196645483846779,0.0,0.0,0.1465706101890275,0.0,0.0,0.0,0.0,0.0,0.0,0.0,0.0,0.0,0.0,0.0,0.0562011033907599,0.0,0.0,0.0,0.0,0.0,0.0,0.0,0.0,0.0,0.0,0.0,0.0,0.0,0.0,0.0,0.0339745283691557,0.0890999471051781,0.0,0.0,0.0,0.0415575511099321,0.0,0.0,0.0,0.0558239749034496,0.0,0.0,0.0,0.3769629954518071,0.2278705174648484,0.1590813141709778,0.1808940238338714,0.2057454461021166,0.2931985917317523,0.0093006826014883,0.0,0.0,0.0,0.0,0.0,0.0741447926575093,0.0,0.0,0.0,0.1513545488808218,0.0,0.0,0.0,0.1946736408717195,0.0373558243553619,0.0,0.0,0.0
0.0,0.0,0.2662023900888954,0.0,0.0,0.3743366144522471,0.0,0.1868665390314117,0.2337845272475957,0.0,0.0471894333088666,0.0,0.2024974057439466,0.0,0.0822528915011094,0.0,0.0,0.0,0.0751400216224563,0.3961898040278366,0.1777035069760367,0.3403668235918233,0.3231414404975971,0.0,0.0,0.0,0.2944006009806141,0.0,0.4550415371834216,0.0,0.0,0.3103464375221885,0.0,0.2010209393821554,0.0,0.0,0.0,0.0,0.2010678143663578,0.0416851381190602,0.2643532974689897,0.0,0.2234281957674951,0.0817567579963518,0.0,0.1929334263370922,0.2581373860835381,0.3413234978634151,0.1658391094511123,0.0,0.0,0.0186230737130742,0.1943088971643558,0.243257136855095,0.0,0.2466361581488346,0.0,0.358431337940542,0.1083756540146385,0.0,0.2661324919777427,0.0,0.1841023385983581,0.3081459601825393,0.0,0.0,0.0,0.3098461001736534,0.0,0.0,0.0,0.0,0.3180736364229709,0.2993879345027185,0.2168367565537135,0.2568317371511765
0.0,0.0,0.0,0.0,0.0,0.137027359426943,0.0,0.2615553673106995,0.0,0.0,0.0,0.0,0.0,0.0,0.0,0.0,0.0,0.0,0.0,0.0,0.0,0.0,0.1828698046069029,0.0,0.0,0.0,0.2407330364439573,0.0,0.0,0.0,0.0,0.0,0.0,0.0,0.0,0.1397236413722874,0.0,0.0,0.3477159975249296,0.2687865036341165,0.1728231349120624,0.0947811904727909,0.0,0.0,0.0,0.0,0.372963234342628,0.1126572826945422,0.0,0.3769629954518071,0.0186230737130742,0.0,0.3690941301379249,0.2879726250174382,0.4571234818857448,0.1397160798469549,0.2330648612243329,0.3561897388040027,0.0,0.0,0.2449075798817577,0.4340564393136864,0.3068401703222029,0.0500696120434579,0.2898680035899503,0.0,0.304487151150195,0.2715577662521955,0.0,0.3743633575018503,0.3848645209532674,0.3428832420238097,0.2223175374017428,0.1372564767742641,0.0,0.1207995770010578
