0.0,0.7407304670161398,0.0,0.0,0.0,0.6341806214114992,0.0,0.3332367443567777,0.0,0.2603054050773615,0.0,0.0431400897228885,0.6497636285817611,0.0,0.6241681542088544,0.7898363113976593,0.5995269645461205,0.8171729778254226,0.0,0.6621314570599928,0.7417371782722204,0.6967563581362672,0.3809003111419591,0.5855691879250123,0.6675597214713825,0.6754056580106967,0.4736026372617308,0.5851365116513864,0.7187305322146963,0.0,0.6625765284759039,0.2105352009106125,0.1691405952239348,0.3949749988686564,0.407857761263385,0.0,0.0,0.0,0.104281155960566,0.0742646020545082,0.4764674749460321,0.0,0.0,0.0,0.0,0.9097389095345804,0.6968377433391167,0.0,0.0,0.0,0.0,0.0,0.0,0.0,0.1345797200378369,0.0,0.0,0.0,0.0,0.0,0.841812582729254,0.0,0.7393699253934286,0.0,0.0,0.7208791671935904,0.6994213103889577,0.0,0.5370425516524578,0.665063493558793,0.7592721395654992,0.0,0.0,0.0,0.0,0.6804135745781756
0.7407304670161398,0.0,0.0,0.0,0.579686797174829,0.796386820041882,0.6063994149864868,0.4812553733438897,0.0184841815222232,0.0,0.0,0.0,0.6937963942005061,0.0,0.6982407150161174,0.7522573575507505,0.6313046511553572,0.8444311107010777,0.0,0.7057548587232334,0.7517415783563043,0.7403743293629791,0.6676653628338233,0.0,0.8695336206520309,0.9039847765900176,0.7731423210458678,0.5114051838688101,0.8041143630364702,0.0,0.5270272387047474,0.2067225405777458,0.2100553249407532,0.3111954652200503,0.3950689756490915,0.0,0.0,0.0,0.0560290342639263,0.1313880621233949,0.48575695081588,0.0,0.0,0.0,0.0,0.7624629076225159,0.8794772267467261,0.0,0.0,0.0,0.6393400839701184,0.0,0.0,0.0,0.0,0.0,0.0,0.0,0.0,0.6909296927591667,0.5581388409621375,0.0,0.4702062647087274,0.0,0.6912339130736739,0.7522686632524597,0.7241708486083895,0.749431151917905,0.0,0.8046805903322418,0.839283120750312,0.6181497970049569,0.0,0.7764793786113683,0.0,0.3684491412836542
0.0,0.0,0.0,0.0,0.685995886530154,0.184146636286646,0.4552671024440697,0.3456914660220762,0.5228307083478478,0.4122063134500306,0.8497579706795124,0.4602023668523035,0.3098128407521283,0.0,0.0,0.0,0.0,0.0,0.7532540865451576,0.0,0.0,0.0,0.3623755645917758,0.0,0.0,0.0,0.6857590472294259,0.3338317137541191,0.0,0.0,0.1785197393740927,0.0,0.0,0.0,0.1082657784210419,0.0914933719294754,0.2887636036937044,0.0,0.0,0.0,0.0,0.0,0.1639713776164768,0.0,0.0,0.0,0.0,0.8564635677554195,0.0,0.7495159435300868,0.0994282236928448,0.4405906270782218,0.4593363142787935,0.7462428726710393,0.0,0.701585764318612,0.0,0.418587962507472,0.2975904485001739,0.0,0.0,0.0,0.0,0.8726217345035993,0.0,0.0,0.0,0.3489631993187638,0.0,0.0,0.0,0.5828834631772726,0.2503657492870061,0.0,0.0,0.0
0.0,0.0,0.0,0.0,0.457674937799255,0.4696436447456011,0.5867745029691079,0.0,0.0,0.0,0.0,0.0,0.3591048117594111,0.5455274040607262,0.0,0.0,0.0,0.0,0.0,0.3209431989519706,0.0,0.0,0.2337312416188295,0.0,0.0,0.0,0.3379212293172194,0.3694306448618237,0.4727991064334557,0.0,0.3424901948690534,0.0,0.0,0.0,0.2181132184233809,0.0,0.0,0.0,0.0,0.0,0.0,0.0,0.0,0.0,0.0,0.0,0.0,0.0,0.0,0.0,0.0,0.0,0.0,0.0,0.0,0.0,0.0,0.0,0.0,0.0,0.0,0.0,0.0,0.0,0.0,0.0,0.0,0.0,0.0,0.0,0.0,0.0,0.0,0.0,0.0,0.0
0.0,0.579686797174829,0.685995886530154,0.457674937799255,0.0,0.6145628070660514,0.865959775994464,0.2933174443683596,0.200486556247408,0.1169954256036285,0.7048952400169989,0.0203566960794643,0.722498725009016,0.5080989329108136,0.0,0.5407870172996292,0.0,0.0,0.5352409202637287,0.918630215252007,0.0,0.8235671759802105,0.4612597323018139,0.0,0.3489120819254688,0.356317561020199,0.864125587801026,0.7740347145204989,0.4852151182497074,0.0,0.6098265878341663,0.0,0.0,0.0,0.3690496219480431,0.238554470402756,0.2412178501364152,0.1310066925357537,0.0,0.0,0.0,0.0,0.4452746327312394,0.0,0.0,0.0,0.0,0.7213728701206658,0.0,0.5222542239740657,0.4161113437995096,0.0,0.3981112986051156,0.3863395441369677,0.0,0.8239376601452824,0.0,0.0,0.0,0.0,0.0,0.0,0.0,0.528543081373215,0.0,0.0,0.0,0.6189101527686764,0.0,0.0,0.0,0.8103495160706627,0.0,0.0,0.0,0.0
0.6341806214114992,0.796386820041882,0.184146636286646,0.4696436447456011,0.6145628070660514,0.0,0.6966247054417231,0.4933664070731113,0.0517283724255871,0.0486829926654832,0.2483572028247505,0.0,0.7673543451222417,0.540396376858357,0.55541553260184,0.5946242798161822,0.4725394363686534,0.649017026711117,0.2845685234506804,0.6516471255103463,0.6990901852262641,0.6491048206659882,0.7048252371580978,0.0,0.6880568538565794,0.7750656174177488,0.7228000864934624,0.5615142253514142,0.8668428858050123,0.4052720391429375,0.5373844202446769,0.0268136391745734,0.1068457745528544,0.2318668971525843,0.2871842253775021,0.0977198570332627,0.1050286172714397,0.0,0.0,0.0,0.3141413804226356,0.0,0.5461339806024177,0.0,0.0,0.0,0.8558240471315459,0.2626009014224475,0.0,0.185188285131164,0.8627983013475418,0.0,0.5374247187641265,0.0,0.0,0.3797347897542759,0.0,0.4288198233427607,0.0,0.5754979586974815,0.0,0.0,0.0,0.2210646957436189,0.6929692865722175,0.7140683273344773,0.5827910405961617,0.8731351425135896,0.0,0.0,0.7192198400461605,0.6728866451639115,0.6175531962476282,0.7522803715392137,0.3306045645945422,0.2204886655762876
0.0,0.6063994149864868,0.4552671024440697,0.5867745029691079,0.865959775994464,0.6966247054417231,0.0,0.2262121279394086,0.0824158740908073,0.0854407746787464,0.4392829733245103,0.0,0.6877220790882157,0.4832232025609507,0.0,0.5815732351755858,0.162731160473557,0.4660606420830659,0.3005762742832608,0.8613857785855258,0.0,0.7492934993311798,0.4686003869896105,0.0286398011853572,0.4893528214282788,0.4067754069990184,0.824039968976759,0.671217687802485,0.6640681422039978,0.0,0.6127864645115565,0.0,0.0,0.0,0.3814132319343903,0.1281612690192732,0.1960298374044396,0.0204913142137113,0.0,0.0,0.0,0.0,0.4382379872460445,0.0,0.0,0.0,0.0,0.5196750752470826,0.0,0.0,0.506270864374026,0.0,0.3035502483127552,0.1278363294872902,0.0,0.6036235881188887,0.0,0.0,0.0,0.0,0.0,0.0,0.0,0.290543501165985,0.0,0.0,0.0,0.6088029335357306,0.0,0.0,0.0,0.7334033329965796,0.0,0.0,0.0,0.0
0.3332367443567777,0.4812553733438897,0.3456914660220762,0.0,0.2933174443683596,0.4933664070731113,0.2262121279394086,0.0,0.0907408186861304,0.4989143188775978,0.3487889607318789,0.4274743861782336,0.4525314828309035,0.2510501383644178,0.4242649614988979,0.1300279346835429,0.0,0.4320361463124125,0.352137754355123,0.2727421777920891,0.6092122808832664,0.230828590441433,0.8020435317441075,0.4026999359200768,0.459028319595937,0.6636263749038549,0.3636980971595842,0.176329526526362,0.3029582810189503,0.088568770767208,0.0815483564431555,0.2203291115882534,0.1011485883605364,0.1797035092228249,0.1591372074186393,0.0694048448926367,0.1866767001246398,0.0,0.081519938564208,0.0,0.138207389727102,0.0,0.2861420425336322,0.0,0.0,0.0,0.0,0.2247880804251485,0.0,0.3792189884530413,0.4624839545837805,0.2512180857357475,0.8321707791774801,0.152349017010994,0.0,0.2328743229861561,0.0,0.4940396175308786,0.3268000551088026,0.3641251619155522,0.0,0.0,0.0,0.3631163457129366,0.2556265421464163,0.627626634326581,0.0,0.628044123573244,0.0,0.0,0.0,0.2628866312334627,0.1003678973035764,0.2459668527066505,0.0,0.0907171157422199
0.0,0.0184841815222232,0.5228307083478478,0.0,0.200486556247408,0.0517283724255871,0.0824158740908073,0.0907408186861304,0.0,0.0553698678830622,0.3682315654388247,0.0,0.0,0.0,0.0,0.0,0.0,0.0,0.0610724452029423,0.0469758928971704,0.0,0.0,0.2014545605877698,0.0,0.2760488274417312,0.1216106449025409,0.4223988185594879,0.0,0.0,0.0,0.0,0.0,0.0,0.0,0.0,0.0,0.0,0.1938888200405391,0.0,0.0,0.0,0.0,0.0,0.0,0.0,0.0,0.0,0.664688959728016,0.0,0.1377653097633137,0.1429015543530279,0.2718358816780246,0.2496965008234731,0.9019683270161484,0.0,0.2206037122201743,0.0,0.0,0.0330925403607278,0.0,0.0,0.0,0.0,0.4169483925369788,0.0,0.0,0.0,0.2176592561128343,0.0,0.0,0.0,0.5324069961146787,0.0,0.0,0.0,0.0
0.2603054050773615,0.0,0.4122063134500306,0.0,0.1169954256036285,0.0486829926654832,0.0854407746787464,0.4989143188775978,0.0553698678830622,0.0,0.3179212864317299,0.7381203840016621,0.1811085690406881,0.0,0.0,0.1591191057564975,0.5781280952463252,0.3094169506156708,0.3152504899742993,0.1885862034681651,0.0,0.065889630371407,0.3623165168489526,0.268111360852718,0.3573909888855793,0.3736003545941902,0.217079982706132,0.0978393727892692,0.1051637995406816,0.0,0.1651667657056696,0.0778627674789833,0.0,0.1713951156549826,0.1247552333281681,0.148422885016851,0.339455272042122,0.6995154548305278,0.0,0.0,0.0,0.0557809755883549,0.0,0.0,0.0959493464615062,0.1644682476438465,0.0,0.0,0.0,0.0,0.0,0.0,0.0,0.0,0.8594150078137497,0.0,0.6814243712460513,0.4932738962281701,0.0,0.0,0.0,0.5510947054902471,0.5314652102563058,0.0,0.0,0.0,0.0,0.0,0.2567111455792265,0.3732732407617147,0.3257968500970267,0.0,0.0,0.0,0.0,0.230427956814867
0.0,0.0,0.8497579706795124,0.0,0.7048952400169989,0.2483572028247505,0.4392829733245103,0.3487889607318789,0.3682315654388247,0.3179212864317299,0.0,0.369523062921419,0.4620252443675691,0.153658484299275,0.0,0.0,0.3255905483169001,0.0,0.8203129548562379,0.0,0.0,0.0,0.4281739131803651,0.0,0.0,0.3191041792812082,0.6074272824488564,0.4513263878282536,0.0,0.0,0.3256954063678611,0.0,0.0,0.0,0.3074516083385415,0.2413964196541853,0.2724626663369853,0.3242852858411958,0.0,0.0,0.0,0.0,0.2246354281437366,0.0,0.0,0.0,0.0,0.6437244511780994,0.0,0.7592343482932319,0.0914110476111617,0.4280535522452369,0.4497527960721055,0.6024960790331704,0.0,0.8088693391749878,0.0,0.4792610927612344,0.4027454424250646,0.0,0.0,0.0,0.0,0.8370289831739589,0.0,0.0,0.0,0.375380247045135,0.0,0.0,0.0,0.4583952576956764,0.265700281019594,0.0,0.0,0.0
0.0431400897228885,0.0,0.4602023668523035,0.0,0.0203566960794643,0.0,0.0,0.4274743861782336,0.0,0.7381203840016621,0.369523062921419,0.0,0.0552576635344816,0.0,0.0,0.0,0.3998608930070219,0.1386590578779828,0.4295677075670586,0.0,0.0886957468070149,0.0,0.1168815544001049,0.2140471562548393,0.0,0.0563149025062575,0.0,0.0755758249302066,0.0,0.0,0.0435941705747414,0.0491063328292415,0.0,0.1223017550802511,0.045927386682629,0.2685708423431182,0.3685010085227055,0.6799604885525462,0.0,0.0,0.0,0.1548712706358831,0.0,0.0,0.0836444201062387,0.0,0.0,0.0,0.0,0.0,0.0,0.0,0.0,0.0,0.7360366470388716,0.0,0.8435995314058626,0.4790929316346271,0.0,0.0,0.0,0.2820513080591955,0.4266066309452542,0.0,0.0,0.0,0.0,0.0,0.1514259366966055,0.0,0.0,0.0,0.0,0.0,0.0,0.2993585192030881
0.6497636285817611,0.6937963942005061,0.3098128407521283,0.3591048117594111,0.722498725009016,0.7673543451222417,0.6877220790882157,0.4525314828309035,0.0,0.1811085690406881,0.4620252443675691,0.0552576635344816,0.0,0.6286268791345041,0.6869562554647118,0.691551148566592,0.6054312763165282,0.7598194053153566,0.4654828011963772,0.7290533788446435,0.7022406950828962,0.7415631402643057,0.5825914469888885,0.39282399250554,0.4148077365518083,0.6283160376783362,0.5780634215844414,0.8603064619611955,0.8279001691526928,0.6983193960792307,0.7414486873971179,0.0,0.0,0.3095031796242126,0.4171479141433383,0.3842005969516827,0.3647704054352278,0.0408642752517415,0.0,0.0,0.1876041087461612,0.0,0.6084510791115585,0.0,0.0,0.0,0.0,0.2702008909044466,0.0,0.0,0.5901741592648277,0.0,0.473695695968871,0.0,0.0,0.5948246301906314,0.2829713740476545,0.0,0.0,0.6645243665280601,0.0,0.0,0.0,0.0,0.6623953472407201,0.0,0.6757520361407552,0.6841981772910076,0.0,0.4038500087034836,0.5807307400010235,0.4751454870606933,0.0,0.6670297673911235,0.0,0.0
0.0,0.0,0.0,0.5455274040607262,0.5080989329108136,0.540396376858357,0.4832232025609507,0.2510501383644178,0.0,0.0,0.153658484299275,0.0,0.6286268791345041,0.0,0.0,0.0,0.0,0.0,0.1597299920410959,0.0,0.4480119291664169,0.0,0.2648139669553322,0.0,0.0,0.0,0.2736927322161441,0.62303267376489,0.0,0.0,0.5297347138313725,0.0134442940697973,0.0,0.1879869471614559,0.0,0.1713111354115849,0.1590903433046857,0.0,0.0,0.0,0.0,0.0,0.4674340912116001,0.0,0.0,0.0,0.0,0.1396192230493408,0.0,0.0,0.0,0.0,0.0,0.0,0.0,0.4480282073701173,0.0,0.0,0.0,0.0,0.0,0.0,0.0,0.0,0.0,0.0,0.0,0.4894521204687401,0.0,0.0,0.0,0.3148018093528871,0.0,0.0,0.0,0.0
0.6241681542088544,0.6982407150161174,0.0,0.0,0.0,0.55541553260184,0.0,0.4242649614988979,0.0,0.0,0.0,0.0,0.6869562554647118,0.0,0.0,0.6545157517202261,0.0,0.6160104482877561,0.0,0.8844110170721807,0.6092381621789276,0.8636910616126823,0.4870607361378215,0.192417901439453,0.4691829900138131,0.544890181229583,0.7132202796994437,0.7088387965221112,0.4596683597781766,0.0,0.6588833983540703,0.0,0.0,0.031682811761857,0.3407091349905614,0.322561754750317,0.0,0.0,0.0,0.0,0.0,0.0,0.4640040449439949,0.0,0.0,0.0,0.4221078668984862,0.0,0.0,0.0,0.3029574186311876,0.0,0.5326261926870451,0.0,0.0,0.0,0.0,0.5492424828086183,0.0,0.985698190582898,0.6291763116307584,0.0,0.0,0.0,0.804275835672675,0.6838645322395659,0.8931342707191631,0.548007455926497,0.0,0.4735310729863139,0.5332374834042808,0.6101492934013054,0.6267057392930985,0.6083191229980387,0.0,0.5270919674107339
0.7898363113976593,0.7522573575507505,0.0,0.0,0.5407870172996292,0.5946242798161822,0.5815732351755858,0.1300279346835429,0.0,0.1591191057564975,0.0,0.0,0.691551148566592,0.0,0.6545157517202261,0.0,0.5340416383323252,0.8075590513036219,0.0,0.78962663631399,0.5392895008993647,0.8292691449715058,0.2289005359519385,0.355481439241891,0.4996612935155902,0.5303954764746447,0.5204284985227593,0.769368073533117,0.7858405637609618,0.7576240928805327,0.8502300092310285,0.0,0.0,0.3744016936486699,0.401020789338652,0.0,0.0,0.0,0.0,0.0,0.347844732842954,0.0,0.0,0.0,0.0,0.7029557228581399,0.6652925153718963,0.0,0.0,0.0,0.0,0.0,0.0,0.0,0.0,0.0,0.0,0.0,0.0,0.6786316644059355,0.8391877100762322,0.0,0.6682488897744017,0.0,0.7329090098091186,0.5413537215200668,0.7601821165344015,0.4388342723442432,0.0,0.497442516818686,0.5547276494852065,0.4227943716531677,0.0,0.8219862750983844,0.0,0.6043138479912563
0.5995269645461205,0.6313046511553572,0.0,0.0,0.0,0.4725394363686534,0.162731160473557,0.0,0.0,0.5781280952463252,0.3255905483169001,0.3998608930070219,0.6054312763165282,0.0,0.0,0.5340416383323252,0.0,0.8061146673418842,0.0,0.3174486057241598,0.0,0.3391459481586389,0.0,0.5904690583010989,0.56870601628862,0.7606088565860492,0.0,0.3687750671130367,0.5875222043483149,0.0,0.3892779845154989,0.3313087824530909,0.2119924298057832,0.4925064198514087,0.2622305782305963,0.0,0.0,0.2335930433222645,0.0,0.1573605329854898,0.0,0.0,0.0,0.0,0.0,0.0,0.0,0.0,0.0,0.0,0.0,0.0,0.0,0.0,0.5882940002384792,0.0,0.5804005966414073,0.0,0.0,0.0,0.0,0.8395033884620408,0.6362490962712216,0.0,0.0,0.0,0.0,0.0,0.5190415756269253,0.532344331161525,0.7212910587947053,0.0,0.0,0.0,0.0,0.0
0.8171729778254226,0.8444311107010777,0.0,0.0,0.0,0.649017026711117,0.4660606420830659,0.4320361463124125,0.0,0.3094169506156708,0.0,0.1386590578779828,0.7598194053153566,0.0,0.6160104482877561,0.8075590513036219,0.8061146673418842,0.0,0.0,0.6128732235577715,0.6699339671181845,0.6728126892292274,0.4801284558661797,0.521392722778915,0.692105917483558,0.7847957689191272,0.4880129053929374,0.6125909456881412,0.7699545343843865,0.5605849530230599,0.5643058713629587,0.2033570798180622,0.1456076078237887,0.47629129004467,0.4313971322189343,0.0,0.0,0.0,0.0441738066511684,0.0795838291503098,0.5654875783714103,0.0850092669850046,0.0,0.0,0.0,0.7551950461486233,0.6661706594955003,0.0,0.0,0.0,0.0,0.0,0.0,0.0,0.2486734667284613,0.0,0.3045085676342876,0.0,0.0,0.0,0.7623852194424615,0.7686489396169047,0.7390833792178364,0.0,0.0,0.0,0.677348466199001,0.0,0.4183180466506168,0.6453911012394242,0.7691599590827136,0.0,0.0,0.0,0.0,0.5957272456972642
0.0,0.0,0.7532540865451576,0.0,0.5352409202637287,0.2845685234506804,0.3005762742832608,0.352137754355123,0.0610724452029423,0.3152504899742993,0.8203129548562379,0.4295677075670586,0.4654828011963772,0.1597299920410959,0.0,0.0,0.0,0.0,0.0,0.0,0.0,0.0,0.3149006557969877,0.0,0.0,0.0,0.4946766528241809,0.4879349194765447,0.0,0.0,0.4022922579062436,0.0069370597438628,0.0,0.0577671208983109,0.2591133741219629,0.2083337464681759,0.4021845847604464,0.2136563868019401,0.0,0.0,0.0,0.0,0.2135653373082202,0.0,0.0,0.0,0.0,0.4704155071239646,0.0,0.7706882504715317,0.0792402699999172,0.402265900391927,0.4018521583005365,0.3192161446642936,0.0,0.6754911173384209,0.0,0.51718220035597,0.5473175853240257,0.0,0.0,0.0,0.0,0.8927932170049184,0.0,0.0,0.0,0.3070238015630014,0.0,0.0,0.0,0.3124101285769919,0.0,0.0,0.0,0.0
0.6621314570599928,0.7057548587232334,0.0,0.3209431989519706,0.918630215252007,0.6516471255103463,0.8613857785855258,0.2727421777920891,0.0469758928971704,0.1885862034681651,0.0,0.0,0.7290533788446435,0.0,0.8844110170721807,0.78962663631399,0.3174486057241598,0.6128732235577715,0.0,0.0,0.5725328493088531,0.9742305180700964,0.408803558319243,0.0,0.4654033563081253,0.4820309418212899,0.8430247690782072,0.830162950479747,0.5938965908985311,0.689125312962127,0.7889690952379066,0.0,0.0,0.0,0.4023172859278109,0.2199163469422799,0.3784873400152112,0.0,0.0,0.0,0.0,0.0,0.4390444218298781,0.0,0.0,0.0,0.606621872541657,0.0,0.0,0.0,0.4288929047900176,0.0,0.4080227009165435,0.0,0.0,0.0,0.0,0.4150594252403155,0.0,0.905500116727762,0.7023332182792076,0.0,0.0,0.0,0.9728064887338976,0.6636614437331237,0.9425035948952422,0.6023218504421937,0.0,0.5088271534472674,0.5085497148848006,0.7791661316409157,0.8386241937048934,0.734442345640912,0.7014056217872204,0.4704575719465422
0.7417371782722204,0.7517415783563043,0.0,0.0,0.0,0.6990901852262641,0.0,0.6092122808832664,0.0,0.0,0.0,0.0886957468070149,0.7022406950828962,0.4480119291664169,0.6092381621789276,0.5392895008993647,0.0,0.6699339671181845,0.0,0.5725328493088531,0.0,0.5459537765022171,0.7258635642229546,0.5933705910629048,0.7092093877360072,0.8150878725120075,0.5447338311230332,0.4911213069776674,0.731142895692359,0.0,0.5088336163762013,0.186461186367339,0.1828423196255631,0.2940023058206635,0.4069523015680021,0.0,0.0,0.0,0.0208807080261367,0.107522133176457,0.3094429733646115,0.0,0.0,0.0,0.0,0.7513841009841672,0.6584768398350406,0.0,0.0,0.0,0.6003302719670947,0.0,0.6792859001883049,0.0,0.0,0.0,0.0,0.5294586875238152,0.0,0.5722101412287831,0.4954320788352849,0.0,0.0,0.0,0.5884005075456524,0.8740675006539659,0.5289492165235214,0.7120018139456317,0.0,0.7115527360313201,0.8221015996845581,0.4402418481233672,0.4959836620619286,0.6485400269455684,0.0,0.3310929956967471
0.6967563581362672,0.7403743293629791,0.0,0.0,0.8235671759802105,0.6491048206659882,0.7492934993311798,0.230828590441433,0.0,0.065889630371407,0.0,0.0,0.7415631402643057,0.0,0.8636910616126823,0.8292691449715058,0.3391459481586389,0.6728126892292274,0.0,0.9742305180700964,0.5459537765022171,0.0,0.3182703716224497,0.0,0.4583215787112107,0.5309675493612196,0.7253639779302156,0.8293795520976818,0.5958860233504707,0.7246029117352328,0.774035372735707,0.0,0.0,0.0339810503640265,0.3479012977820253,0.2908921232481454,0.3768753277365551,0.0,0.0,0.0,0.0324176118514781,0.0,0.4904197180440338,0.0,0.0,0.6444898510679311,0.6514241600876438,0.0,0.0,0.0,0.4038399340083433,0.0,0.0,0.0,0.0,0.0,0.0,0.0,0.0,0.9065174589473284,0.7641174873501081,0.0,0.5151233573073284,0.0,0.9493983818998925,0.6074077202137783,0.9915439967238014,0.5405950651891712,0.0,0.4751977960232385,0.5546204624680505,0.6601307600692433,0.8843514280752652,0.728634382769578,0.0,0.5486299191062715
0.3809003111419591,0.6676653628338233,0.3623755645917758,0.2337312416188295,0.4612597323018139,0.7048252371580978,0.4686003869896105,0.8020435317441075,0.2014545605877698,0.3623165168489526,0.4281739131803651,0.1168815544001049,0.5825914469888885,0.2648139669553322,0.4870607361378215,0.2289005359519385,0.0,0.4801284558661797,0.3149006557969877,0.408803558319243,0.7258635642229546,0.3182703716224497,0.0,0.3053700694431425,0.6053478108201019,0.7618399934101847,0.6087553634822062,0.3018447949911741,0.576192477853855,0.1739292686585193,0.2224444483756176,0.1314434867152443,0.089327157344211,0.1935282175625965,0.3144368016754513,0.0441591655410698,0.0469057665598658,0.2007378855937825,0.0,0.0273113073087425,0.1980634727187445,0.0,0.3724531485959771,0.0551964407214221,0.0,0.0,0.5872973305035548,0.3020864505294811,0.0,0.3523290557445079,0.6726024236323455,0.1733919137469328,0.8232594836886716,0.2148547062993625,0.0,0.3351511966043608,0.0,0.4898990612163562,0.2712125384402957,0.4142947528098439,0.0,0.0,0.0,0.3343217614840572,0.3793518986711244,0.768957596484371,0.3086450546741586,0.8957670465366881,0.0,0.6090592310352073,0.7038179115368692,0.5091228167682372,0.2112127031823707,0.3671288562241246,0.034915896377543,0.0
0.5855691879250123,0.0,0.0,0.0,0.0,0.0,0.0286398011853572,0.4026999359200768,0.0,0.268111360852718,0.0,0.2140471562548393,0.39282399250554,0.0,0.192417901439453,0.355481439241891,0.5904690583010989,0.521392722778915,0.0,0.0,0.5933705910629048,0.0,0.3053700694431425,0.0,0.3897347350182734,0.5640763590949858,0.0,0.2163307495629134,0.0,0.0,0.3273472958971477,0.514695666201217,0.4588369253936399,0.5403071993621189,0.2812467672197381,0.1698317488156207,0.2339233187676737,0.0,0.3893225790770421,0.4155171415060299,0.5101379137527599,0.0,0.0,0.0,0.1697848449541653,0.5803913553049763,0.0,0.0,0.0,0.0,0.0,0.0,0.0,0.0,0.2313054257103591,0.0,0.4254056948686535,0.0,0.0,0.0,0.432360468835707,0.4783998150625327,0.4321975624859373,0.0,0.0,0.0,0.0,0.0,0.8290855432327319,0.3008015629031151,0.541376687409834,0.0,0.2588763466307408,0.0,0.0,0.4391264596354162
0.6675597214713825,0.8695336206520309,0.0,0.0,0.3489120819254688,0.6880568538565794,0.4893528214282788,0.459028319595937,0.2760488274417312,0.3573909888855793,0.0,0.0,0.4148077365518083,0.0,0.4691829900138131,0.4996612935155902,0.56870601628862,0.692105917483558,0.0,0.4654033563081253,0.7092093877360072,0.4583215787112107,0.6053478108201019,0.3897347350182734,0.0,0.8881837774307196,0.6728032968750789,0.1522934964955684,0.6618068228221438,0.0,0.1863776157922769,0.3586957277000127,0.3677958270908122,0.2136199555250379,0.1842203055853291,0.0,0.0,0.0,0.2903185632575283,0.3417596489845529,0.503005526674416,0.0,0.0,0.0,0.0,0.7583266485693919,0.774116900126048,0.0,0.0,0.0,0.0,0.0,0.0,0.0,0.2617263119339602,0.0,0.0,0.3747858324771491,0.0,0.4784024749556538,0.4361850229591175,0.5694372190934751,0.3635470197473421,0.0,0.5491703305155121,0.7244077860974101,0.5015486612475465,0.6406591658553593,0.4317077448963041,0.9348748938943208,0.8660332513125627,0.0,0.0,0.694194237819588,0.0,0.3318325381273223
0.6754056580106967,0.9039847765900176,0.0,0.0,0.356317561020199,0.7750656174177488,0.4067754069990184,0.6636263749038549,0.1216106449025409,0.3736003545941902,0.3191041792812082,0.0563149025062575,0.6283160376783362,0.0,0.544890181229583,0.5303954764746447,0.7606088565860492,0.7847957689191272,0.0,0.4820309418212899,0.8150878725120075,0.5309675493612196,0.7618399934101847,0.5640763590949858,0.8881837774307196,0.0,0.5643792019485083,0.3332606252968195,0.743173034754455,0.0,0.2969002297766447,0.4022024470576704,0.4227280758383278,0.4238369447076923,0.2757944812484772,0.0968605798148342,0.0,0.0,0.2847153832563125,0.3626598125120034,0.5655601642045831,0.0546956039627327,0.0,0.0,0.0620089335011269,0.7376960180029759,0.7966559312061294,0.0,0.0,0.0,0.6649649531698606,0.0,0.0,0.0,0.314168429459593,0.0,0.2581037909659574,0.5720529847331189,0.0,0.5314328614585998,0.4491647762731426,0.675084787641289,0.4099561644773057,0.0,0.524651154788479,0.8086298726109941,0.5609068532892496,0.757903182017456,0.5458022029875421,0.8127167809577321,0.9470262571426894,0.4542579396680623,0.3747988835510555,0.6402590154371604,0.0,0.3188342468102676
0.4736026372617308,0.7731423210458678,0.6857590472294259,0.3379212293172194,0.864125587801026,0.7228000864934624,0.824039968976759,0.3636980971595842,0.4223988185594879,0.217079982706132,0.6074272824488564,0.0,0.5780634215844414,0.2736927322161441,0.7132202796994437,0.5204284985227593,0.0,0.4880129053929374,0.4946766528241809,0.8430247690782072,0.5447338311230332,0.7253639779302156,0.6087553634822062,0.0,0.6728032968750789,0.5643792019485083,0.0,0.4888631811495867,0.5281880438395004,0.2789903297464951,0.4106607117484148,0.0,0.0,0.0,0.2908931839396204,0.0082772813434389,0.1564360782069346,0.1229128022921041,0.0,0.0,0.0,0.0,0.3599461203849781,0.1242110894245428,0.0,0.0,0.6381227550419584,0.7469352218445108,0.0,0.4776255513854917,0.5798659919626337,0.0396174039443226,0.5247421673350416,0.4911635741211838,0.0,0.6778867030830537,0.0,0.3352398971133924,0.1456983549050551,0.7255904233139775,0.0,0.0,0.0,0.5842290414306421,0.7991847372944536,0.6347105352663921,0.6912221290586265,0.7391877895269536,0.0,0.0,0.51815170464912,0.9541375739376824,0.5128400757149622,0.6228507777632891,0.2891371731259579,0.2166059727741156
0.5851365116513864,0.5114051838688101,0.3338317137541191,0.3694306448618237,0.7740347145204989,0.5615142253514142,0.671217687802485,0.176329526526362,0.0,0.0978393727892692,0.4513263878282536,0.0755758249302066,0.8603064619611955,0.62303267376489,0.7088387965221112,0.769368073533117,0.3687750671130367,0.6125909456881412,0.4879349194765447,0.830162950479747,0.4911213069776674,0.8293795520976818,0.3018447949911741,0.2163307495629134,0.1522934964955684,0.3332606252968195,0.4888631811495867,0.0,0.6718953932139264,0.9145008234198122,0.924035466359989,0.0,0.0,0.2176320696901865,0.4844315269496879,0.4550133907803717,0.4683279829518308,0.0439856738678873,0.0,0.0,0.0,0.0,0.5231231166501138,0.0,0.0,0.0,0.0,0.3139423773433151,0.0,0.0,0.3299426710055825,0.0,0.1999672556112948,0.0,0.0,0.0,0.2157011767023739,0.4229232594241101,0.0,0.7081483435374384,0.0,0.0,0.0,0.0,0.7276697328051828,0.4817903348296006,0.7383279724135838,0.4657455195231998,0.0,0.2219987766738776,0.3401131073699119,0.4091264116272323,0.893635305231944,0.6078847270298516,0.0,0.3566743600730847
0.7187305322146963,0.8041143630364702,0.0,0.4727991064334557,0.4852151182497074,0.8668428858050123,0.6640681422039978,0.3029582810189503,0.0,0.1051637995406816,0.0,0.0,0.8279001691526928,0.0,0.4596683597781766,0.7858405637609618,0.5875222043483149,0.7699545343843865,0.0,0.5938965908985311,0.731142895692359,0.5958860233504707,0.576192477853855,0.0,0.6618068228221438,0.743173034754455,0.5281880438395004,0.6718953932139264,0.0,0.5665939190497669,0.7040998162465891,0.0958672649697825,0.1899611356494449,0.4076393897470065,0.4299325502596863,0.1478652362145646,0.195439046773156,0.0,0.0,0.1031841740682592,0.4918535687293549,0.0,0.5156662029283983,0.0,0.0,0.0,0.847703264099188,0.0669158867017949,0.0,0.0,0.7786457429831711,0.0,0.3560365302961482,0.0,0.0,0.0,0.0,0.4988774991281161,0.0,0.5040129082672128,0.0,0.0,0.0,0.0,0.6291323505175204,0.6968097803620474,0.5120318449193151,0.7273189943602001,0.0,0.0,0.7746871381368603,0.4608086917578223,0.6817265186545306,0.8296529396002869,0.4421356726680438,0.3283362918623156
0.0,0.0,0.0,0.0,0.0,0.4052720391429375,0.0,0.088568770767208,0.0,0.0,0.0,0.0,0.6983193960792307,0.0,0.0,0.7576240928805327,0.0,0.5605849530230599,0.0,0.689125312962127,0.0,0.7246029117352328,0.1739292686585193,0.0,0.0,0.0,0.2789903297464951,0.9145008234198122,0.5665939190497669,0.0,0.878091292404432,0.0,0.0,0.3070486243748939,0.5166827929709124,0.0,0.0,0.0,0.0,0.0,0.0,0.0,0.0,0.0,0.0,0.0,0.0,0.0,0.0,0.0,0.0,0.0,0.0,0.0,0.0,0.0,0.0,0.0,0.0,0.0,0.0,0.0,0.0,0.0,0.5611477798496132,0.0,0.0,0.2926885801570787,0.0,0.0,0.0,0.1708678830959111,0.0,0.5220068989740633,0.0,0.0
0.6625765284759039,0.5270272387047474,0.1785197393740927,0.3424901948690534,0.6098265878341663,0.5373844202446769,0.6127864645115565,0.0815483564431555,0.0,0.1651667657056696,0.3256954063678611,0.0435941705747414,0.7414486873971179,0.5297347138313725,0.6588833983540703,0.8502300092310285,0.3892779845154989,0.5643058713629587,0.4022922579062436,0.7889690952379066,0.5088336163762013,0.774035372735707,0.2224444483756176,0.3273472958971477,0.1863776157922769,0.2969002297766447,0.4106607117484148,0.924035466359989,0.7040998162465891,0.878091292404432,0.0,0.0,0.0,0.2894642740384474,0.4389946360563577,0.4667845037747736,0.5045719309315454,0.0390751263232062,0.0,0.0,0.0,0.0,0.5300111428673445,0.0,0.0,0.0,0.471210199676569,0.0,0.0,0.0,0.2913305975756489,0.0,0.0811502308092741,0.0,0.0,0.0,0.1867093662911843,0.0,0.0,0.6414852692796421,0.7053627049635665,0.4940447861214295,0.6581510126792189,0.0,0.6697512288204434,0.4932408277675808,0.6446123301803245,0.3916930315158701,0.1321066658190236,0.2450331849902249,0.3471695933035352,0.3145892712211426,0.8223932978043496,0.6113357894908579,0.0,0.4199024615307864
0.2105352009106125,0.2067225405777458,0.0,0.0,0.0,0.0268136391745734,0.0,0.2203291115882534,0.0,0.0778627674789833,0.0,0.0491063328292415,0.0,0.0134442940697973,0.0,0.0,0.3313087824530909,0.2033570798180622,0.0069370597438628,0.0,0.186461186367339,0.0,0.1314434867152443,0.514695666201217,0.3586957277000127,0.4022024470576704,0.0,0.0,0.0958672649697825,0.0,0.0,0.0,0.7760926199478652,0.3853318589362137,0.0,0.0,0.0,0.0,0.9549138949475382,0.7793051252471155,0.7054050724283197,0.4432037686366309,0.0547505746795929,0.0,0.4180553519832019,0.3069570210324348,0.1125860354064297,0.0,0.0,0.0,0.1271618820372127,0.263295681017665,0.1511415749662719,0.0,0.2305927758599895,0.0,0.136436717331544,0.1101911905341565,0.0,0.0,0.0,0.1909010534193814,0.0,0.0,0.0,0.1433481282330995,0.0,0.0,0.589815552507754,0.1976738552128424,0.3394188933835184,0.0,0.0,0.0799392504043016,0.0,0.1607211051768971
0.1691405952239348,0.2100553249407532,0.0,0.0,0.0,0.1068457745528544,0.0,0.1011485883605364,0.0,0.0,0.0,0.0,0.0,0.0,0.0,0.0,0.2119924298057832,0.1456076078237887,0.0,0.0,0.1828423196255631,0.0,0.089327157344211,0.4588369253936399,0.3677958270908122,0.4227280758383278,0.0,0.0,0.1899611356494449,0.0,0.0,0.7760926199478652,0.0,0.4463768963914936,0.0,0.0,0.0,0.0,0.8291432062491602,0.9292557699839428,0.7378123584690557,0.3713495545256875,0.0,0.0,0.3613978089565915,0.289244138779797,0.2469341692322574,0.0,0.0,0.0,0.0,0.0,0.0,0.0,0.0539905477414125,0.0,0.0,0.0,0.0,0.0,0.0,0.1566656804522442,0.0,0.0,0.0,0.0836818040843376,0.0,0.0,0.5087507275285601,0.2427776834260125,0.3773871293562966,0.0,0.0,0.0,0.0,0.0270119484303668
0.3949749988686564,0.3111954652200503,0.0,0.0,0.0,0.2318668971525843,0.0,0.1797035092228249,0.0,0.1713951156549826,0.0,0.1223017550802511,0.3095031796242126,0.1879869471614559,0.031682811761857,0.3744016936486699,0.4925064198514087,0.47629129004467,0.0577671208983109,0.0,0.2940023058206635,0.0339810503640265,0.1935282175625965,0.5403071993621189,0.2136199555250379,0.4238369447076923,0.0,0.2176320696901865,0.4076393897470065,0.3070486243748939,0.2894642740384474,0.3853318589362137,0.4463768963914936,0.0,0.4118589690774222,0.112931079692115,0.1557254211883161,0.0,0.2856891811570596,0.3820816053218834,0.6193321021622387,0.0841036964353622,0.239044325470105,0.1916794757598148,0.1504367618786599,0.3512808215729555,0.2277278519620576,0.0,0.0,0.0,0.2779086489827151,0.0,0.105954285763676,0.0,0.1817766410661141,0.0,0.2681425795889921,0.3346759480629089,0.0,0.0,0.3414973938476102,0.4360370652862615,0.4252832374688526,0.0,0.0,0.195078987756754,0.0,0.1446010311762994,0.4079665601973095,0.1886395969749095,0.3624878233774398,0.0,0.1664377250718008,0.2670254697517208,0.0,0.1524376402753523
0.407857761263385,0.3950689756490915,0.1082657784210419,0.2181132184233809,0.3690496219480431,0.2871842253775021,0.3814132319343903,0.1591372074186393,0.0,0.1247552333281681,0.3074516083385415,0.045927386682629,0.4171479141433383,0.0,0.3407091349905614,0.401020789338652,0.2622305782305963,0.4313971322189343,0.2591133741219629,0.4023172859278109,0.4069523015680021,0.3479012977820253,0.3144368016754513,0.2812467672197381,0.1842203055853291,0.2757944812484772,0.2908931839396204,0.4844315269496879,0.4299325502596863,0.5166827929709124,0.4389946360563577,0.0,0.0,0.4118589690774222,0.0,0.1014233643584086,0.1379356288246475,0.1454808374701134,0.0,0.0,0.1174504178620991,0.0,0.2595808136484848,0.110672950756049,0.0,0.0,0.3451532790907747,0.0,0.0,0.0,0.2683975336770181,0.0,0.0,0.0,0.0,0.0,0.1585168993494454,0.3554671298441058,0.0,0.2631888805996288,0.3012496998279382,0.0,0.0,0.0,0.2262263574867687,0.0,0.22439601841411,0.3793777701235512,0.0,0.2657330982346847,0.2934328320199258,0.174574897251466,0.3746959753225399,0.2745745964787202,0.0,0.0
0.0,0.0,0.0914933719294754,0.0,0.238554470402756,0.0977198570332627,0.1281612690192732,0.0694048448926367,0.0,0.148422885016851,0.2413964196541853,0.2685708423431182,0.3842005969516827,0.1713111354115849,0.322561754750317,0.0,0.0,0.0,0.2083337464681759,0.2199163469422799,0.0,0.2908921232481454,0.0441591655410698,0.1698317488156207,0.0,0.0968605798148342,0.0082772813434389,0.4550133907803717,0.1478652362145646,0.0,0.4667845037747736,0.0,0.0,0.112931079692115,0.1014233643584086,0.0,0.4704651158286154,0.2167044259263391,0.0,0.0,0.0,0.0,0.5595994925094737,0.4156659548140549,0.0,0.0,0.0,0.0,0.0,0.3170111821216162,0.0,0.0452152651799651,0.0475470709520174,0.0,0.0,0.2277087820548936,0.3620992290765609,0.2354648128382589,0.0,0.0,0.0,0.0,0.0,0.0820503623217213,0.1168207303466516,0.0,0.2561075331557615,0.0,0.0,0.0,0.0,0.0,0.2768693870111773,0.136206020901784,0.0,0.0
0.0,0.0,0.2887636036937044,0.0,0.2412178501364152,0.1050286172714397,0.1960298374044396,0.1866767001246398,0.0,0.339455272042122,0.2724626663369853,0.3685010085227055,0.3647704054352278,0.1590903433046857,0.0,0.0,0.0,0.0,0.4021845847604464,0.3784873400152112,0.0,0.3768753277365551,0.0469057665598658,0.2339233187676737,0.0,0.0,0.1564360782069346,0.4683279829518308,0.195439046773156,0.0,0.5045719309315454,0.0,0.0,0.1557254211883161,0.1379356288246475,0.4704651158286154,0.0,0.2561786145377295,0.0,0.0,0.0,0.0,0.4067797591064979,0.0,0.0,0.0,0.0,0.0,0.0,0.0,0.0,0.0,0.0,0.0,0.0,0.0,0.0,0.0,0.0,0.0,0.0,0.0,0.0,0.0,0.0,0.0,0.0,0.0,0.0,0.0,0.0,0.0,0.0,0.0,0.0,0.0
0.0,0.0,0.0,0.0,0.1310066925357537,0.0,0.0204913142137113,0.0,0.1938888200405391,0.6995154548305278,0.3242852858411958,0.6799604885525462,0.0408642752517415,0.0,0.0,0.0,0.2335930433222645,0.0,0.2136563868019401,0.0,0.0,0.0,0.2007378855937825,0.0,0.0,0.0,0.1229128022921041,0.0439856738678873,0.0,0.0,0.0390751263232062,0.0,0.0,0.0,0.1454808374701134,0.2167044259263391,0.2561786145377295,0.0,0.0,0.0,0.0,0.0,0.0,0.0,0.0290446718910949,0.0,0.0,0.0,0.0,0.0,0.0,0.0,0.0,0.0,0.658319818285658,0.0,0.5097004245058322,0.0,0.0,0.0,0.0,0.0,0.0,0.0,0.0,0.0,0.0,0.0,0.0,0.0,0.0,0.0,0.0,0.0,0.0,0.0
0.104281155960566,0.0560290342639263,0.0,0.0,0.0,0.0,0.0,0.081519938564208,0.0,0.0,0.0,0.0,0.0,0.0,0.0,0.0,0.0,0.0441738066511684,0.0,0.0,0.0208807080261367,0.0,0.0,0.3893225790770421,0.2903185632575283,0.2847153832563125,0.0,0.0,0.0,0.0,0.0,0.9549138949475382,0.8291432062491602,0.2856891811570596,0.0,0.0,0.0,0.0,0.0,0.8179717149066914,0.6837656880642835,0.462018999963799,0.0,0.0,0.4086901124879976,0.2379747694835826,0.0315626676643671,0.0,0.0,0.0,0.0668447030581897,0.2317827583592567,0.0365824644349945,0.0,0.1408780689624554,0.0,0.0212991368868123,0.0,0.2742745000142009,0.0,0.0,0.0837798855799729,0.0,0.0,0.0,0.0396273612472301,0.0,0.0,0.49924729727552,0.1298519683004047,0.2474588441618271,0.0,0.0,0.0,0.0,0.1323014506200435
0.0742646020545082,0.1313880621233949,0.0,0.0,0.0,0.0,0.0,0.0,0.0,0.0,0.0,0.0,0.0,0.0,0.0,0.0,0.1573605329854898,0.0795838291503098,0.0,0.0,0.107522133176457,0.0,0.0273113073087425,0.4155171415060299,0.3417596489845529,0.3626598125120034,0.0,0.0,0.1031841740682592,0.0,0.0,0.7793051252471155,0.9292557699839428,0.3820816053218834,0.0,0.0,0.0,0.0,0.8179717149066914,0.0,0.7074666980510661,0.3298268550212085,0.0244843527163228,0.0110275948979512,0.3833690092941659,0.2346449994195991,0.2064263953964949,0.0,0.0,0.0,0.2069651714721029,0.0,0.0,0.0,0.0,0.0,0.0,0.0,0.0,0.0,0.0,0.083614073202297,0.0,0.0,0.0,0.0,0.0,0.0,0.5014625978813805,0.186821733155428,0.3157157498979631,0.0,0.0,0.0,0.0,0.0
0.4764674749460321,0.48575695081588,0.0,0.0,0.0,0.3141413804226356,0.0,0.138207389727102,0.0,0.0,0.0,0.0,0.1876041087461612,0.0,0.0,0.347844732842954,0.0,0.5654875783714103,0.0,0.0,0.3094429733646115,0.0324176118514781,0.1980634727187445,0.5101379137527599,0.503005526674416,0.5655601642045831,0.0,0.0,0.4918535687293549,0.0,0.0,0.7054050724283197,0.7378123584690557,0.6193321021622387,0.1174504178620991,0.0,0.0,0.0,0.6837656880642835,0.7074666980510661,0.0,0.3747999118902866,0.1352535995340699,0.1056696818854362,0.223739264352622,0.5539863357854238,0.4789264980728218,0.0,0.0,0.0,0.3189480154641216,0.1233952210727937,0.1343705718220014,0.0,0.0724725411713782,0.0,0.0,0.3219336069933358,0.5223481551656968,0.0,0.3019998211402497,0.3782629416996243,0.2251289936467564,0.015747053549169,0.0279894441964729,0.2623080772204713,0.0610969861685081,0.2109954488422376,0.4925717421484235,0.3631284100012225,0.5332694179425638,0.0,0.0,0.4008346963958658,0.1341214974082458,0.362774422692569
0.0,0.0,0.0,0.0,0.0,0.0,0.0,0.0,0.0,0.0557809755883549,0.0,0.1548712706358831,0.0,0.0,0.0,0.0,0.0,0.0850092669850046,0.0,0.0,0.0,0.0,0.0,0.0,0.0,0.0546956039627327,0.0,0.0,0.0,0.0,0.0,0.4432037686366309,0.3713495545256875,0.0841036964353622,0.0,0.0,0.0,0.0,0.462018999963799,0.3298268550212085,0.3747999118902866,0.0,0.0,0.0,0.1360058295101647,0.0962474535971599,0.0,0.0,0.0,0.0,0.0,0.3976360792712157,0.0,0.0,0.1665334169505067,0.0,0.1521305722304586,0.1563224255592546,0.0,0.0,0.0598286016171513,0.0773943237562366,0.078012408261774,0.0270385393018769,0.0,0.0,0.0,0.0,0.4323420263658987,0.0,0.0589126632335837,0.0,0.0,0.0,0.0,0.2927113954804985
0.0,0.0,0.1639713776164768,0.0,0.4452746327312394,0.5461339806024177,0.4382379872460445,0.2861420425336322,0.0,0.0,0.2246354281437366,0.0,0.6084510791115585,0.4674340912116001,0.4640040449439949,0.0,0.0,0.0,0.2135653373082202,0.4390444218298781,0.0,0.4904197180440338,0.3724531485959771,0.0,0.0,0.0,0.3599461203849781,0.5231231166501138,0.5156662029283983,0.0,0.5300111428673445,0.0547505746795929,0.0,0.239044325470105,0.2595808136484848,0.5595994925094737,0.4067797591064979,0.0,0.0,0.0244843527163228,0.1352535995340699,0.0,0.0,0.449313975506604,0.0,0.0,0.0,0.094055033637523,0.0538950948315502,0.2295437910283609,0.3912845069213594,0.0,0.3121620686108132,0.0,0.0,0.3534243622731886,0.170183899920767,0.3583127691684359,0.264380929111195,0.4229624893438005,0.0,0.4174979285318021,0.0,0.0830478492590209,0.4237076361345915,0.4623535082539562,0.4563813244362238,0.3668170560200078,0.2997576716624409,0.3905805841975632,0.4776062383530839,0.2567491633577606,0.5330286015910728,0.4497066533214381,0.0,0.2632184298847393
0.0,0.0,0.0,0.0,0.0,0.0,0.0,0.0,0.0,0.0,0.0,0.0,0.0,0.0,0.0,0.0,0.0,0.0,0.0,0.0,0.0,0.0,0.0551964407214221,0.0,0.0,0.0,0.1242110894245428,0.0,0.0,0.0,0.0,0.0,0.0,0.1916794757598148,0.110672950756049,0.4156659548140549,0.0,0.0,0.0,0.0110275948979512,0.1056696818854362,0.0,0.449313975506604,0.0,0.0,0.0,0.0,0.0,0.0405931452737535,0.1543779001456043,0.1445021605887891,0.0,0.0,0.0,0.0,0.2319544077801784,0.0777379200881616,0.2584378785291831,0.2207528070345041,0.0,0.0,0.0,0.0,0.1366458395542822,0.0,0.0,0.0,0.0754890762639294,0.0,0.0,0.0,0.0,0.3134743810918247,0.3391302904500347,0.0,0.3448428802295255
0.0,0.0,0.0,0.0,0.0,0.0,0.0,0.0,0.0,0.0959493464615062,0.0,0.0836444201062387,0.0,0.0,0.0,0.0,0.0,0.0,0.0,0.0,0.0,0.0,0.0,0.1697848449541653,0.0,0.0620089335011269,0.0,0.0,0.0,0.0,0.0,0.4180553519832019,0.3613978089565915,0.1504367618786599,0.0,0.0,0.0,0.0290446718910949,0.4086901124879976,0.3833690092941659,0.223739264352622,0.1360058295101647,0.0,0.0,0.0,0.0,0.0,0.0,0.0,0.0,0.0,0.0704432338882075,0.0,0.0,0.2018854723506129,0.0,0.0578259095334883,0.0,0.0,0.0,0.0,0.0300591468466735,0.0,0.0,0.0,0.0,0.0,0.0,0.1856583971131869,0.0,0.0326413647582158,0.0,0.0,0.0,0.0,0.0
