0.0,0.7273405708687953,0.0,0.0,0.0,0.6227167853233675,0.0,0.3272129535204286,0.0,0.255599965655356,0.0,0.0423602631234731,0.0,0.0,0.6128853095906188,0.7755587480275196,0.5886895491159945,0.8024012601835451,0.0,0.650162364602331,0.7283290841976008,0.6841613648277994,0.3740149245731752,0.5749840817864932,0.6554925043921948,0.6631966129925781,0.4650415068500331,0.5745592268333437,0.7057383203200684,0.0,0.6505993906356062,0.2067294380844806,0.1660831065621391,0.3878351896517452,0.4004850753683331,0.0,0.0,0.0,0.1023961061204242,0.0729221497682678,0.4678545579793323,0.0,0.0,0.0,0.0,0.8932939135984258,0.6842412788620355,0.0,0.0,0.0,0.0,0.0,0.0,0.0,0.1321469748557678,0.0,0.0,0.0,0.0,0.0,0.8265954645463363,0.0,0.7260046232270847,0.0,0.0,0.7078481152613145,0.6867781437765823,0.0,0.5273346426173425,0.6530413998193326,0.745547072825221,0.0,0.0,0.0,0.0,0.0
0.7273405708687953,0.0,0.0,0.0,0.569208024722786,0.7819908456783187,0.5954377689464805,0.4725559074026761,0.0181500501721949,0.0,0.0,0.0,0.6812549070072375,0.0,0.6856188895664703,0.7386590942927863,0.0,0.8291666584078959,0.0,0.6929972030244542,0.7381526386379488,0.7269908709772799,0.6555962361168726,0.0,0.8538154000635677,0.8876437958739418,0.7591665284372247,0.5021607115456975,0.7895787008879716,0.0,0.5175003725809533,0.2029856977274693,0.2062582366456229,0.3055701060018636,0.3879274676505231,0.0,0.0,0.0,0.0550162192341192,0.1290130112983358,0.4769761116120113,0.0,0.0,0.0,0.0,0.7486801626108337,0.8635792594637948,0.0,0.0,0.0,0.0,0.0,0.0,0.0,0.0,0.0,0.0,0.0,0.0,0.6784400258113102,0.5480495825219021,0.0,0.4617065292008272,0.0,0.6787387468536819,0.7386701956257291,0.7110802942332455,0.7358839768783952,0.0,0.7901346927134556,0.824111726666395,0.6069757438858241,0.0,0.7624432633128543,0.0,0.3617888296628297
0.0,0.0,0.0,0.0,0.6735954060758458,0.180817889265218,0.4470374163538179,0.339442536033136,0.5133797012688214,0.4047550204708054,0.8343972268132435,0.0,0.3042124746979339,0.0,0.0,0.0,0.0,0.0,0.7396378058053745,0.0,0.0,0.0,0.355825042651231,0.0,0.0,0.0,0.6733628480269112,0.3277971678877071,0.0,0.2440648914640566,0.1752927075765495,0.0,0.0,0.0,0.1063087001126407,0.0898394818805875,0.2835437364994105,0.0,0.0,0.0,0.0,0.0,0.1610073308880279,0.0,0.0,0.0,0.0,0.8409816094225524,0.0,0.735967235745629,0.0976308984191524,0.0,0.4510330706311106,0.7327533309136818,0.0,0.688903471715577,0.0,0.0,0.292211021870255,0.0,0.0,0.0,0.0,0.8568476912838217,0.0,0.0,0.0,0.342655127481317,0.0,0.0,0.0,0.5723469058389634,0.0,0.0,0.0,0.0
0.0,0.0,0.0,0.0,0.4494017262071081,0.4611540794996412,0.5761676088199912,0.0,0.0,0.0,0.0,0.0,0.3526134139439013,0.5356661176533665,0.0,0.0,0.0,0.0,0.0,0.0,0.0,0.0,0.2295061729993721,0.0,0.0,0.0,0.3318127588707866,0.3627525909830996,0.0,0.0,0.0,0.0,0.0,0.0,0.2141704707262101,0.0,0.0,0.0,0.0,0.0,0.0,0.0,0.0,0.0,0.0,0.0,0.0,0.0,0.0,0.0,0.0,0.0,0.0,0.0,0.0,0.0,0.0,0.0,0.0,0.0,0.0,0.0,0.0,0.0,0.0,0.0,0.0,0.0,0.0,0.0,0.0,0.0,0.0,0.0,0.0,0.0
0.0,0.569208024722786,0.6735954060758458,0.4494017262071081,0.0,0.6034535945669581,0.8503061584039096,0.2880152591698517,0.196862438857036,0.114880544863192,0.692153123310762,0.0199887160131049,0.7094383969609075,0.4989142263985269,0.0,0.0,0.0,0.0,0.5255655786175153,0.9020244946454468,0.0,0.8086798729087459,0.4529217197756752,0.0,0.3426049341172312,0.0,0.8485051261160518,0.7600427904625905,0.4764440735421006,0.0,0.5988029901254319,0.0,0.0,0.0,0.3623784556721279,0.2342422141551565,0.2368574490107222,0.1286385355801919,0.0,0.0,0.0,0.0,0.4372255766240491,0.0,0.0,0.0,0.0,0.708332893712868,0.0,0.0,0.0,0.0,0.3909147957194165,0.3793558346718437,0.0,0.8090436599758646,0.0,0.0,0.0,0.0,0.0,0.0,0.0,0.0,0.0,0.0,0.0,0.6077223549945515,0.0,0.0,0.0,0.7957011434892761,0.0,0.0,0.0,0.0
0.6227167853233675,0.7819908456783187,0.180817889265218,0.4611540794996412,0.6034535945669581,0.0,0.6840320919677375,0.4844480146922651,0.0507932987847797,0.0478029691684633,0.2438677464011956,0.0,0.7534831795000284,0.5306278420312659,0.5453755023461403,0.5838754883083872,0.0,0.6372849987029715,0.2794244890880102,0.6398675542305965,0.6864530042344859,0.637371205640715,0.6920843858662761,0.0,0.6756191180986315,0.7610550581296901,0.7097343108511759,0.5513639514022421,0.8511733045823725,0.3979460943395517,0.5276703313841733,0.0263289394627792,0.1049143651013054,0.2276755295619052,0.2819929079898828,0.0959534132382889,0.1031300558643076,0.0,0.0,0.0,0.3084627690427275,0.0,0.5362617293471674,0.0,0.0,0.0,0.0,0.257853967207078,0.0,0.0,0.8472018325028263,0.0,0.5277099014429826,0.0,0.0,0.3728704718616616,0.0,0.4210682144159511,0.0,0.5650949062470954,0.0,0.0,0.0,0.2170685953404924,0.6804427506813978,0.7011603923016009,0.5722561539448539,0.8573518186171811,0.0,0.0,0.0,0.6607231353599015,0.6063899276480174,0.7386816922663437,0.0,0.2165029778461396
0.0,0.5954377689464805,0.4470374163538179,0.5761676088199912,0.8503061584039096,0.6840320919677375,0.0,0.2221229794093367,0.0809260744347815,0.0838962950729519,0.4313422261107418,0.0,0.6752903949233651,0.4744881649374242,0.0,0.5710603623185463,0.1597895326673521,0.4576358453807036,0.2951428740436014,0.8458148433646201,0.0,0.7357488125838665,0.4601296803077703,0.0281220906541604,0.4805069810718947,0.3994222864004405,0.8091441194104426,0.6590843470906603,0.6520640410433016,0.0,0.6017093622649585,0.0,0.0,0.0,0.3745185734962176,0.1258445476763632,0.1924862823847579,0.0201209007077711,0.0,0.0,0.0,0.0,0.0,0.0,0.0,0.0,0.0,0.0,0.0,0.0,0.4971192031446698,0.0,0.0,0.0,0.0,0.0,0.0,0.0,0.0,0.0,0.0,0.0,0.0,0.0,0.0,0.0,0.0,0.5977978400270489,0.0,0.0,0.0,0.7201458865970831,0.0,0.0,0.0,0.0
0.3272129535204286,0.4725559074026761,0.339442536033136,0.0,0.2880152591698517,0.4844480146922651,0.2221229794093367,0.0,0.0891005322491128,0.4898956390559015,0.3424840385375036,0.0,0.4443512474709105,0.2465120027939759,0.4165956890355802,0.127677470352462,0.0,0.4242263971679966,0.345772297322732,0.2678119236736812,0.5981997877620189,0.2266559919167644,0.7875453032063189,0.3954204860248498,0.4507306434481761,0.6516302593985808,0.3571236683129205,0.1731420863534078,0.2974818221712905,0.0869677475944362,0.0800742385657594,0.2163463080534029,0.0993201647248058,0.1764550788787892,0.1562605461020101,0.0681502405437991,0.1833022181246394,0.0,0.0800463343857412,0.0,0.1357090685729903,0.0,0.2809695642793648,0.0,0.0,0.0,0.0,0.220724673847344,0.0,0.3723639944996516,0.4541238122682693,0.2466769142460874,0.8171279521220104,0.1495950631684518,0.0,0.2286647445510627,0.0,0.4851090557867941,0.3208926177969822,0.357543013185631,0.0,0.0,0.0,0.3565524329605893,0.2510056807072571,0.6162812721102904,0.0,0.6166912145664482,0.0,0.0,0.0,0.2581345319915875,0.0985535859160135,0.2415206057111703,0.0,0.0890772577740874
0.0,0.0181500501721949,0.5133797012688214,0.0,0.196862438857036,0.0507932987847797,0.0809260744347815,0.0891005322491128,0.0,0.0543689683471852,0.3615751868518042,0.0,0.0,0.0,0.0,0.0,0.0,0.0,0.0599684623979338,0.0461267279777691,0.0,0.0,0.1978129449599623,0.0,0.0,0.0,0.4147632796352475,0.0,0.0,0.0,0.0,0.0,0.0,0.0,0.0,0.0,0.0,0.1903839673578461,0.0,0.0,0.0,0.0,0.0,0.0,0.0,0.0,0.0,0.6526736362907386,0.0,0.0,0.1403183786132896,0.0,0.2451828344316346,0.8856637968736383,0.0,0.2166159448366539,0.0,0.0,0.032494339397742,0.0,0.0,0.0,0.0,0.4094113788410771,0.0,0.0,0.0,0.2137247145155388,0.0,0.0,0.0,0.522782882211531,0.0,0.0,0.0,0.0
0.255599965655356,0.0,0.4047550204708054,0.0,0.114880544863192,0.0478029691684633,0.0838962950729519,0.4898956390559015,0.0543689683471852,0.0,0.3121743471631198,0.7247776693083771,0.1778347399775774,0.0,0.0,0.1562427716565645,0.5676774988419496,0.3038237409132791,0.3095518296530095,0.0,0.0,0.0646985691863392,0.3557670622914566,0.2632648162084799,0.3509305711786479,0.3668469264966819,0.21315591240859,0.0960707685545238,0.0,0.0,0.1621811104123205,0.0764552725578035,0.0,0.1682968729054613,0.1225000815658396,0.1457399023331894,0.3333190713028408,0.6868705864057502,0.0,0.0,0.0,0.0,0.0,0.0,0.0942149074965471,0.0,0.0,0.0,0.0,0.0,0.0,0.0,0.0,0.0,0.8438796974484957,0.0,0.669106528292988,0.0,0.0,0.0,0.0,0.5411327811433375,0.5218581206493065,0.0,0.0,0.0,0.0,0.0,0.2520706781862513,0.3665257257735495,0.3199075473314689,0.0,0.0,0.0,0.0,0.2262626003882242
0.0,0.0,0.8343972268132435,0.0,0.692153123310762,0.2438677464011956,0.4313422261107418,0.3424840385375036,0.3615751868518042,0.3121743471631198,0.0,0.3628433384374273,0.4536733939779748,0.150880859726583,0.0,0.0,0.0,0.0,0.8054844770725545,0.0,0.0,0.0,0.4204339801199875,0.0,0.0,0.0,0.5964470560490739,0.4431679365012546,0.0,0.0,0.3198079373610843,0.0,0.0,0.0,0.3018939253630182,0.2370327905968701,0.2675374648382851,0.318423307033956,0.0,0.0,0.0,0.0,0.220574781001767,0.0,0.0,0.0,0.0,0.6320880949964747,0.0,0.7455099646910632,0.0897586457069118,0.4203157949026046,0.4416227899503889,0.5916049920768935,0.0,0.7942477231748346,0.0,0.4705976766533671,0.3954651699264712,0.0,0.0,0.0,0.0,0.8218983362570522,0.0,0.0,0.0,0.368594644525036,0.0,0.0,0.0,0.4501090251613172,0.0,0.0,0.0,0.0
0.0423602631234731,0.0,0.0,0.0,0.0199887160131049,0.0,0.0,0.0,0.0,0.7247776693083771,0.3628433384374273,0.0,0.0542587922729118,0.0,0.0,0.0,0.3926327633847638,0.1361525720946265,0.0,0.0,0.0,0.0,0.0,0.2101779091798108,0.0,0.0552969199475758,0.0,0.0742096701787465,0.0,0.0,0.0428061357326257,0.0482186567769668,0.0,0.1200909538886122,0.0450971752016883,0.2637159918309402,0.3618397593180024,0.66766910763677,0.0,0.0,0.0,0.0,0.0,0.0,0.0821324125023946,0.0,0.0,0.0,0.0,0.0,0.0,0.0,0.0,0.0,0.7227315992470744,0.0,0.8283501112477112,0.0,0.0,0.0,0.0,0.2769527764187345,0.4188950290354047,0.0,0.0,0.0,0.0,0.0,0.1486886690173786,0.0,0.0,0.0,0.0,0.0,0.0,0.2939471318477131
0.0,0.6812549070072375,0.3042124746979339,0.3526134139439013,0.7094383969609075,0.7534831795000284,0.6752903949233651,0.4443512474709105,0.0,0.1778347399775774,0.4536733939779748,0.0542587922729118,0.0,0.6172634358824031,0.6745384147952249,0.6790502478041537,0.5944871309421813,0.7460844458652711,0.4570684498986621,0.7158745648721009,0.6895465635515223,0.7281581922069696,0.5720601683134802,0.3857230661928659,0.4073094186603928,0.6169582133861696,0.5676139942606621,0.844755037126528,0.812934540251294,0.6856961483426509,0.7280458082596841,0.0,0.0,0.3039084111936186,0.4096072937730695,0.3772555524017349,0.3581765928895155,0.0401255876641208,0.0,0.0,0.0,0.0,0.5974523459382599,0.0,0.0,0.0,0.0,0.2653165746393083,0.0,0.0,0.5795058108529753,0.0,0.4651328833711693,0.0,0.0,0.0,0.0,0.0,0.0,0.0,0.0,0.0,0.0,0.0,0.0,0.0,0.0,0.6718301933264311,0.0,0.0,0.0,0.4665564671540996,0.0,0.6549721300854343,0.0,0.0
0.0,0.0,0.0,0.5356661176533665,0.4989142263985269,0.5306278420312659,0.4744881649374242,0.2465120027939759,0.0,0.0,0.150880859726583,0.0,0.6172634358824031,0.0,0.0,0.0,0.0,0.0,0.1568426151877285,0.0,0.4399133920177093,0.0,0.2600270280162849,0.0,0.0,0.0,0.2687452952956411,0.611770354784385,0.0,0.0,0.5201589057342408,0.0132012668022757,0.0,0.1845887803360951,0.0,0.1682144107402143,0.1562145291323915,0.0,0.0,0.0,0.0,0.0,0.4589844672042819,0.0,0.0,0.0,0.0,0.1370953807341537,0.0,0.0,0.0,0.0,0.0,0.0,0.0,0.4399293759666615,0.0,0.0,0.0,0.0,0.0,0.0,0.0,0.0,0.0,0.0,0.0,0.4806044851222772,0.0,0.0,0.0,0.0,0.0,0.0,0.0,0.0
0.6128853095906188,0.6856188895664703,0.0,0.0,0.0,0.5453755023461403,0.0,0.4165956890355802,0.0,0.0,0.0,0.0,0.6745384147952249,0.0,0.0,0.6426843254017729,0.0,0.6048750673421356,0.0,0.8684238635831835,0.5982252012115787,0.8480784546883724,0.4782563289144955,0.1889396379794081,0.4607017518440207,0.5350404136511518,0.7003276744933622,0.6960253936808956,0.4513591138733287,0.0,0.6469730197885588,0.0,0.0,0.031110093913682,0.3345502686591246,0.3167309315433139,0.0,0.0,0.0,0.0,0.0,0.0,0.0,0.0,0.0,0.0,0.4144775873940999,0.0,0.0,0.0,0.2974809753725755,0.0,0.522998116452833,0.0,0.0,0.0,0.0,0.0,0.0,0.9678801083083872,0.6178029365014194,0.0,0.0,0.0,0.789737254646223,0.6715025794466338,0.8769894303715834,0.5381013385875077,0.0,0.0,0.523598357105863,0.5991198622697235,0.6153770237376515,0.597322775144009,0.0,0.5175639312113327
0.7755587480275196,0.7386590942927863,0.0,0.0,0.0,0.5838754883083872,0.5710603623185463,0.127677470352462,0.0,0.1562427716565645,0.0,0.0,0.6790502478041537,0.0,0.6426843254017729,0.0,0.524387975638481,0.7929611208669793,0.0,0.775352863158672,0.5295409746378705,0.8142787696274287,0.2247627901173243,0.3490555397201238,0.4906291109242999,0.5208077240285691,0.5110209152551113,0.7554605065267415,0.7716352299645586,0.7439288172382857,0.8348607325077166,0.0,0.0,0.3676337800571849,0.3937716927221716,0.0,0.0,0.0,0.0,0.0,0.3415568790883623,0.0,0.0,0.0,0.0,0.690248666048167,0.6532662816943214,0.0,0.0,0.0,0.0,0.0,0.0,0.0,0.0,0.0,0.0,0.0,0.0,0.6663643041266978,0.8240180406939092,0.0,0.6561692148682222,0.0,0.7196604990973494,0.5315678811463993,0.7464406004948806,0.0,0.0,0.4884504421895609,0.5447000538246847,0.0,0.0,0.0,0.0,0.5933899019335216
0.5886895491159945,0.0,0.0,0.0,0.0,0.0,0.1597895326673521,0.0,0.0,0.5676774988419496,0.0,0.3926327633847638,0.5944871309421813,0.0,0.0,0.524387975638481,0.0,0.791542846471549,0.0,0.3117102109205973,0.0,0.3330153389467218,0.0,0.5797953791142271,0.5584257391357854,0.7468596265328243,0.0,0.3621088638579383,0.0,0.0,0.3822411580081366,0.3253198426331586,0.208160325220485,0.4836035731246154,0.2574903382033298,0.0,0.0,0.2293704728595876,0.0,0.154515987920597,0.4679317605896648,0.0,0.0,0.0,0.0,0.0,0.0,0.0,0.0,0.0,0.0,0.0,0.0,0.0,0.5776596387290487,0.0,0.5699089211144226,0.0,0.0,0.0,0.0,0.8243280126844903,0.6247478691686948,0.0,0.0,0.0,0.0,0.0,0.5096590632242769,0.5227213500283283,0.7082525612583825,0.0,0.0,0.0,0.0,0.0
0.8024012601835451,0.8291666584078959,0.0,0.0,0.0,0.6372849987029715,0.4576358453807036,0.4242263971679966,0.0,0.3038237409132791,0.0,0.1361525720946265,0.7460844458652711,0.0,0.6048750673421356,0.7929611208669793,0.791542846471549,0.0,0.0,0.6017945530016866,0.6578238317251773,0.6606505162978439,0.4714493607732909,0.5119677096049413,0.679594988379483,0.7706093214721459,0.4791912861768443,0.601517377759162,0.7560363661536215,0.0,0.5541051339161459,0.1996810730911353,0.1429755158094322,0.4676815579038104,0.4235989342833985,0.0,0.0,0.0,0.0433752939534598,0.0781452232676286,0.5552654796672652,0.0834725875757232,0.0,0.0,0.0,0.741543679438067,0.6541285519486287,0.0,0.0,0.0,0.0,0.0,0.0,0.0,0.2441782933254998,0.0,0.2990040848592989,0.0,0.0,0.0,0.7486038787697517,0.7547543721142391,0.7257232568351026,0.0,0.0,0.0,0.6651043017939611,0.0,0.4107562742507653,0.6337246176737795,0.7552561540802001,0.0,0.0,0.0,0.0,0.5849585163048278
0.0,0.0,0.7396378058053745,0.0,0.5255655786175153,0.2794244890880102,0.2951428740436014,0.345772297322732,0.0599684623979338,0.3095518296530095,0.8054844770725545,0.0,0.4570684498986621,0.1568426151877285,0.0,0.0,0.0,0.0,0.0,0.0,0.0,0.0,0.3092083192918654,0.0,0.0,0.0,0.4857345756412163,0.4791147099814877,0.0,0.0,0.3950201774476874,0.0068116612167677,0.0,0.0567228871533762,0.2544294825792575,0.204567778476562,0.3949144506674094,0.0,0.0,0.0,0.0,0.0,0.2097047998866276,0.0,0.0,0.0,0.0,0.4619119892224214,0.0,0.0,0.0778078745021858,0.0,0.3945880333511396,0.313445798747744,0.0,0.6632805275053204,0.0,0.0,0.5374239385072217,0.0,0.0,0.0,0.0,0.8766545417524951,0.0,0.0,0.0,0.3014738518839343,0.0,0.0,0.0,0.3067628123623974,0.0,0.0,0.0,0.0
0.650162364602331,0.6929972030244542,0.0,0.0,0.9020244946454468,0.6398675542305965,0.8458148433646201,0.2678119236736812,0.0461267279777691,0.0,0.0,0.0,0.7158745648721009,0.0,0.8684238635831835,0.775352863158672,0.3117102109205973,0.6017945530016866,0.0,0.0,0.5621833959860134,0.95661973244509,0.401413775619188,0.0,0.4569904411047123,0.4733174562307843,0.8277857386747903,0.815156418161623,0.5831609535398751,0.676668263085079,0.7747072081965172,0.0,0.0,0.0,0.3950447530474569,0.2159410047931682,0.3716455717856645,0.0,0.0,0.0,0.0,0.0,0.0,0.0,0.0,0.0,0.5956562052230703,0.0,0.0,0.0,0.4211399747983503,0.0,0.4006470334716233,0.0,0.0,0.0,0.0,0.0,0.0,0.8891317437982212,0.0,0.0,0.0,0.0,0.9552214447325608,0.6516646943022818,0.9254663245032428,0.5914339129482962,0.0,0.0,0.4993568597623439,0.765081448954342,0.8234647107885329,0.721166117414526,0.0,0.4619532936555849
0.7283290841976008,0.7381526386379488,0.0,0.0,0.0,0.6864530042344859,0.0,0.5981997877620189,0.0,0.0,0.0,0.0,0.6895465635515223,0.4399133920177093,0.5982252012115787,0.5295409746378705,0.0,0.6578238317251773,0.0,0.5621833959860134,0.0,0.536084782726299,0.7127424112869368,0.5826444619984072,0.6963892858617583,0.8003538465067591,0.5348868898245818,0.4822434983968092,0.7179263103375999,0.4099242030881316,0.4996356292770604,0.1830906001255895,0.179537150228403,0.288687740648427,0.3995959833151988,0.2286318418908058,0.0,0.0,0.0205032555999131,0.105578497453502,0.3038492932591227,0.0,0.0,0.0,0.0,0.737801623245035,0.6465738104695283,0.0,0.0,0.0,0.5894783354615976,0.0,0.6670067135436457,0.0,0.0,0.0,0.0,0.0,0.0,0.5618665213742163,0.4864763461105462,0.0,0.0,0.0,0.5777642207451132,0.8582673228825952,0.5193876075552828,0.6991312344704053,0.0,0.6986902743626406,0.8072407892649672,0.4322837677033291,0.4870179585820364,0.6368166214763995,0.0,0.3251079565699631
0.6841613648277994,0.7269908709772799,0.0,0.0,0.8086798729087459,0.637371205640715,0.7357488125838665,0.2266559919167644,0.0,0.0646985691863392,0.0,0.0,0.7281581922069696,0.0,0.8480784546883724,0.8142787696274287,0.3330153389467218,0.6606505162978439,0.0,0.95661973244509,0.536084782726299,0.0,0.312517122076811,0.0,0.4500366780431566,0.5213694557763884,0.7122518558210292,0.8143871809669869,0.5851144237962391,0.7115045471232279,0.7600434367794987,0.0,0.0,0.0333667881517742,0.3416124215250614,0.2856337796348966,0.3700626992251118,0.0,0.0,0.0,0.0318316113082782,0.0,0.0,0.0,0.0,0.6328396590506113,0.639648619266998,0.0,0.0,0.0,0.3965398768116892,0.0,0.0,0.0,0.0,0.0,0.0,0.0,0.0,0.8901306959187264,0.7503048331451276,0.0,0.505811673011148,0.0,0.93223647712864,0.5964278474329002,0.9736202420885474,0.5308229387505106,0.0,0.4666078305479025,0.5445948043854898,0.6481978334318378,0.0,0.715463142825891,0.0,0.5387125497428228
0.3740149245731752,0.6555962361168726,0.355825042651231,0.2295061729993721,0.4529217197756752,0.6920843858662761,0.4601296803077703,0.7875453032063189,0.1978129449599623,0.3557670622914566,0.4204339801199875,0.0,0.5720601683134802,0.2600270280162849,0.4782563289144955,0.2247627901173243,0.0,0.4714493607732909,0.3092083192918654,0.401413775619188,0.7127424112869368,0.312517122076811,0.0,0.2998500136354988,0.5944051742190253,0.7480685085761019,0.5977511298788541,0.2963884641967501,0.5657768708511852,0.1707852170121728,0.2184234067215581,0.1290674340014256,0.0877124251126685,0.1900298833504473,0.3087528500806187,0.0433609175050059,0.0460578692869506,0.0,0.0,0.0268176114439222,0.1944831564655606,0.0,0.3657204580944767,0.0,0.0,0.0,0.5766809854047326,0.2966257514220127,0.0,0.3459601406314104,0.660444051590261,0.1702575756560303,0.8083777426509192,0.2109708614567094,0.0,0.3290927989603865,0.0,0.4810433466960764,0.2663099350166754,0.4068057079257313,0.0,0.0,0.0,0.3282783572156984,0.3724945021514891,0.7550574495117301,0.3030657982340581,0.8795746145260871,0.0,0.0,0.6910952692779623,0.4999196019062494,0.2073946934115505,0.3604924108820874,0.0342847353180148,0.0
0.5749840817864932,0.0,0.0,0.0,0.0,0.0,0.0281220906541604,0.3954204860248498,0.0,0.2632648162084799,0.0,0.2101779091798108,0.3857230661928659,0.0,0.1889396379794081,0.3490555397201238,0.5797953791142271,0.5119677096049413,0.0,0.0,0.5826444619984072,0.0,0.2998500136354988,0.0,0.3826896520099708,0.5538797704520491,0.0,0.2124202228610848,0.0,0.0,0.3214299663267396,0.5053917131105817,0.4505427090043284,0.530540276561894,0.2761627789506737,0.1667617664395434,0.0,0.0,0.3822849464511598,0.408005999977561,0.5009163493779499,0.0,0.0,0.0,0.1667157104409231,0.5698998468300309,0.0,0.0,0.0,0.0,0.0,0.0,0.0,0.0,0.2271242076202552,0.0,0.4177158018125116,0.0,0.0,0.0,0.424544857039357,0.4697519679361683,0.4243848954842221,0.0,0.0,0.0,0.0,0.0,0.814098486785776,0.2953640902088216,0.5315904318907222,0.0,0.0,0.0,0.0,0.4311885416586454
0.6554925043921948,0.8538154000635677,0.0,0.0,0.3426049341172312,0.6756191180986315,0.4805069810718947,0.4507306434481761,0.0,0.3509305711786479,0.0,0.0,0.4073094186603928,0.0,0.4607017518440207,0.4906291109242999,0.5584257391357854,0.679594988379483,0.0,0.4569904411047123,0.6963892858617583,0.4500366780431566,0.5944051742190253,0.3826896520099708,0.0,0.8721284252221622,0.660641293725623,0.149540546275759,0.6498435986511588,0.0,0.1830085402232631,0.3522117247377116,0.3611473251761943,0.2097584307912129,0.180890226872682,0.0,0.0,0.0,0.2850705876648357,0.3355817929208083,0.4939128916828491,0.0,0.0,0.0,0.0,0.7446186731015939,0.7601234904309584,0.0,0.0,0.0,0.0,0.0,0.0,0.0,0.2569951873321328,0.0,0.0,0.0,0.0,0.0,0.4283002761874928,0.5591437242723312,0.3569753218682168,0.0,0.5392431923455018,0.7113129486955612,0.4924823614448709,0.0,0.4239039321363791,0.917975524559035,0.8503783055373006,0.0,0.0,0.0,0.0,0.325834130580063
0.6631966129925781,0.8876437958739418,0.0,0.0,0.0,0.7610550581296901,0.3994222864004405,0.6516302593985808,0.0,0.3668469264966819,0.0,0.0552969199475758,0.6169582133861696,0.0,0.5350404136511518,0.5208077240285691,0.7468596265328243,0.7706093214721459,0.0,0.4733174562307843,0.8003538465067591,0.5213694557763884,0.7480685085761019,0.5538797704520491,0.8721284252221622,0.0,0.5541771389332618,0.3272364027740186,0.7297389852614535,0.0,0.2915332799617597,0.3949319900748437,0.4150865850584992,0.4161754093372024,0.2708090518293207,0.0951096688394605,0.0,0.0,0.2795686941661359,0.3561041523325157,0.5553367533946031,0.0537068928331265,0.0,0.0,0.0608880221619021,0.724360974408564,0.7822550922248653,0.0,0.0,0.0,0.0,0.0,0.0,0.0,0.3084893291247791,0.0,0.2534381492647437,0.0,0.0,0.5218263566082173,0.4410453995563058,0.6628815428718634,0.4025455465646566,0.0,0.5151672402081854,0.794012585354649,0.5507675585682817,0.7442028613895826,0.5359359491470129,0.7980256162510009,0.9299072323467612,0.4460464958202565,0.0,0.6286853025876823,0.0,0.3130708043124808
0.4650415068500331,0.7591665284372247,0.6733628480269112,0.3318127588707866,0.8485051261160518,0.7097343108511759,0.8091441194104426,0.3571236683129205,0.4147632796352475,0.21315591240859,0.5964470560490739,0.0,0.5676139942606621,0.2687452952956411,0.7003276744933622,0.5110209152551113,0.0,0.4791912861768443,0.4857345756412163,0.8277857386747903,0.5348868898245818,0.7122518558210292,0.5977511298788541,0.0,0.660641293725623,0.5541771389332618,0.0,0.480026191829812,0.5186401942934039,0.2739471302187815,0.4032373580091578,0.0,0.0,0.0,0.2856348211526648,0.0081276561524872,0.1536082441510106,0.0,0.0,0.0,0.0,0.0,0.3534395145611227,0.0,0.0,0.0,0.6265876585395987,0.7334331647608056,0.0,0.0,0.5693839802762056,0.0389012555636859,0.515256607556392,0.4822850014936347,0.0,0.665632809179497,0.0,0.3291798960648641,0.1430646224910553,0.7124742078397865,0.0,0.0,0.0,0.5736681605983321,0.7847381860704681,0.6232371201319,0.6787271758536848,0.7258257797597285,0.0,0.0,0.5087852780975441,0.9368900006378166,0.5035696654108185,0.6115917468459591,0.2839105530625376,0.212690470969494
0.5745592268333437,0.5021607115456975,0.3277971678877071,0.3627525909830996,0.7600427904625905,0.5513639514022421,0.6590843470906603,0.1731420863534078,0.0,0.0960707685545238,0.4431679365012546,0.0742096701787465,0.844755037126528,0.611770354784385,0.6960253936808956,0.7554605065267415,0.3621088638579383,0.601517377759162,0.4791147099814877,0.815156418161623,0.4822434983968092,0.8143871809669869,0.2963884641967501,0.2124202228610848,0.149540546275759,0.3272364027740186,0.480026191829812,0.0,0.6597498018853365,0.8979697482210579,0.9073320371344248,0.0,0.0,0.2136980195312646,0.4756746469168129,0.4467882909370471,0.4598622004116837,0.0431905619732268,0.0,0.0,0.0,0.0,0.5136668238200964,0.0,0.0,0.0,0.0,0.0,0.0,0.0,0.3239784258502041,0.0,0.196352525416261,0.0,0.0,0.0,0.0,0.0,0.0,0.6953474217459041,0.0,0.0,0.0,0.0,0.7145159304631833,0.4730811985979704,0.0,0.457326419168616,0.0,0.0,0.0,0.401730792833676,0.8774814078786232,0.5968962315825472,0.0,0.3502268965860791
0.7057383203200684,0.7895787008879716,0.0,0.0,0.4764440735421006,0.8511733045823725,0.6520640410433016,0.2974818221712905,0.0,0.0,0.0,0.0,0.812934540251294,0.0,0.4513591138733287,0.7716352299645586,0.0,0.7560363661536215,0.0,0.5831609535398751,0.7179263103375999,0.5851144237962391,0.5657768708511852,0.0,0.6498435986511588,0.7297389852614535,0.5186401942934039,0.6597498018853365,0.0,0.5563518214560845,0.6913720781060427,0.0941343097599796,0.1865272821877076,0.4002706512688033,0.4221608270017922,0.145192333931105,0.1919061712456106,0.0,0.0,0.0,0.4829625233380179,0.0,0.0,0.0,0.0,0.0,0.8323796623634899,0.0,0.0,0.0,0.7645704671596788,0.0,0.3496005966095939,0.0,0.0,0.0,0.0,0.4898594848826905,0.0,0.4949020632309548,0.0,0.0,0.0,0.0,0.617759770056103,0.6842138213608114,0.5027760446884689,0.7141715321804626,0.0,0.0,0.7606834204713495,0.4524788325159228,0.6694032139004467,0.8146556265501882,0.0,0.3224010845970462
0.0,0.0,0.2440648914640566,0.0,0.0,0.3979460943395517,0.0,0.0869677475944362,0.0,0.0,0.0,0.0,0.6856961483426509,0.0,0.0,0.7439288172382857,0.0,0.0,0.0,0.676668263085079,0.4099242030881316,0.7115045471232279,0.1707852170121728,0.0,0.0,0.0,0.2739471302187815,0.8979697482210579,0.5563518214560845,0.0,0.8622183781168027,0.0,0.0,0.3014982259835244,0.5073429193636213,0.0,0.0,0.0,0.0,0.0,0.0,0.0,0.0,0.0,0.0,0.0,0.0,0.0,0.0,0.0,0.0,0.0,0.0,0.0,0.0,0.0,0.0,0.0,0.0,0.0,0.0,0.0,0.0,0.0,0.5510041299930514,0.0,0.0,0.2873977626919837,0.0,0.0,0.0,0.1677791709240099,0.0,0.0,0.0,0.0
0.6505993906356062,0.5175003725809533,0.1752927075765495,0.0,0.5988029901254319,0.5276703313841733,0.6017093622649585,0.0800742385657594,0.0,0.1621811104123205,0.3198079373610843,0.0428061357326257,0.7280458082596841,0.5201589057342408,0.6469730197885588,0.8348607325077166,0.3822411580081366,0.5541051339161459,0.3950201774476874,0.7747072081965172,0.4996356292770604,0.7600434367794987,0.2184234067215581,0.3214299663267396,0.1830085402232631,0.2915332799617597,0.4032373580091578,0.9073320371344248,0.6913720781060427,0.8622183781168027,0.0,0.0,0.0,0.2842317410992335,0.431059101003082,0.4583466221065451,0.4954509806603164,0.0383687804839164,0.0,0.0,0.0,0.0,0.0,0.0,0.0,0.5184941930064394,0.4626923164272748,0.0,0.0,0.0,0.2860643278327618,0.0,0.0796833096938969,0.0,0.0,0.0,0.1833342937976143,0.0,0.0,0.6298893899170636,0.692612138075562,0.0,0.646253873164297,0.0,0.6576443967164702,0.4843247054349291,0.6329599241557939,0.3846125491445116,0.1297186250748454,0.240603815542403,0.3408939437834395,0.3089025634937176,0.8075272144714598,0.6002849105315899,0.0,0.4123120482802552
0.2067294380844806,0.2029856977274693,0.0,0.0,0.0,0.0263289394627792,0.0,0.2163463080534029,0.0,0.0764552725578035,0.0,0.0482186567769668,0.0,0.0132012668022757,0.0,0.0,0.3253198426331586,0.1996810730911353,0.0068116612167677,0.0,0.1830906001255895,0.0,0.1290674340014256,0.5053917131105817,0.3522117247377116,0.3949319900748437,0.0,0.0,0.0941343097599796,0.0,0.0,0.0,0.7620634959350738,0.3783663650039834,0.0,0.0,0.0,0.0,0.9376522883951444,0.7652179300272587,0.6926537396801565,0.4351921467331042,0.0537608698657483,0.0,0.4104983282125372,0.3014082785190086,0.1105508614951877,0.0,0.0,0.0,0.1248632262235292,0.0,0.148409447583289,0.0,0.2264244400636628,0.0,0.1339704039326729,0.1081993073009096,0.0,0.0,0.0,0.0,0.0,0.0,0.0,0.1407568799512658,0.0,0.0,0.5791536864905765,0.1941005819235618,0.3332833502470798,0.0,0.0,0.0784942197100439,0.0,0.1578158123573995
0.1660831065621391,0.2062582366456229,0.0,0.0,0.0,0.1049143651013054,0.0,0.0993201647248058,0.0,0.0,0.0,0.0,0.0,0.0,0.0,0.0,0.208160325220485,0.1429755158094322,0.0,0.0,0.179537150228403,0.0,0.0877124251126685,0.4505427090043284,0.3611473251761943,0.4150865850584992,0.0,0.0,0.1865272821877076,0.0,0.0,0.7620634959350738,0.0,0.4383079150934343,0.0,0.0,0.0,0.0,0.8141551074503154,0.9124579753630088,0.7244752118333515,0.3646368132643601,0.0,0.0,0.3548649615238409,0.284015585139914,0.242470436432701,0.0,0.0,0.0,0.0,0.0,0.0,0.0,0.0530145816385088,0.0,0.0,0.0,0.0,0.0,0.0,0.1538336959659589,0.0,0.0,0.0,0.082169120704882,0.0,0.0,0.4995542387788339,0.2383890858014782,0.3705652492063133,0.0,0.0,0.1031859397313172,0.0,0.0265236639593945
0.3878351896517452,0.3055701060018636,0.0,0.0,0.0,0.2276755295619052,0.0,0.1764550788787892,0.0,0.1682968729054613,0.0,0.1200909538886122,0.3039084111936186,0.1845887803360951,0.031110093913682,0.3676337800571849,0.4836035731246154,0.4676815579038104,0.0567228871533762,0.0,0.288687740648427,0.0333667881517742,0.1900298833504473,0.530540276561894,0.2097584307912129,0.4161754093372024,0.0,0.2136980195312646,0.4002706512688033,0.3014982259835244,0.2842317410992335,0.3783663650039834,0.4383079150934343,0.0,0.4044139549071345,0.110889668549711,0.1529104334025261,0.0,0.2805248891015129,0.3751748649583077,0.6081366769732702,0.0825833866721988,0.2347232143032452,0.0,0.1477173751273463,0.3449308549807035,0.2236113042791832,0.0,0.0,0.0,0.2728850025768677,0.0,0.1040389914077457,0.0,0.1784907355252052,0.0,0.2632954706158176,0.0,0.0,0.0,0.3353242784678311,0.0,0.4175955580274314,0.0,0.0,0.1915526208758099,0.0,0.1419871346559509,0.4005919075863048,0.1852296324530696,0.3559352721785499,0.0,0.1634290951410123,0.262198554337975,0.0,0.1496820844245779
0.4004850753683331,0.3879274676505231,0.1063087001126407,0.2141704707262101,0.3623784556721279,0.2819929079898828,0.3745185734962176,0.1562605461020101,0.0,0.1225000815658396,0.3018939253630182,0.0450971752016883,0.4096072937730695,0.0,0.3345502686591246,0.3937716927221716,0.2574903382033298,0.4235989342833985,0.2544294825792575,0.3950447530474569,0.3995959833151988,0.3416124215250614,0.3087528500806187,0.2761627789506737,0.180890226872682,0.2708090518293207,0.2856348211526648,0.4756746469168129,0.4221608270017922,0.5073429193636213,0.431059101003082,0.0,0.0,0.4044139549071345,0.0,0.0995899737039862,0.1354422201865222,0.1428510370340649,0.0,0.0,0.1153273124038198,0.0,0.2548884723835202,0.1086723589309103,0.0,0.0,0.3389140776973748,0.0,0.0,0.0,0.0,0.0,0.0,0.0,0.0,0.0,0.1556514511001811,0.0,0.0,0.2584313177136835,0.2958041263369981,0.0,0.3681978165381629,0.0,0.2221369517347115,0.3557870368772071,0.2203396989885759,0.372519905935747,0.0,0.2609295445174904,0.2881285610037825,0.1714191748285087,0.0,0.2696112184414173,0.0,0.0
0.0,0.0,0.0898394818805875,0.0,0.2342422141551565,0.0959534132382889,0.1258445476763632,0.0681502405437991,0.0,0.1457399023331894,0.2370327905968701,0.2637159918309402,0.3772555524017349,0.1682144107402143,0.3167309315433139,0.0,0.0,0.0,0.204567778476562,0.2159410047931682,0.2286318418908058,0.2856337796348966,0.0433609175050059,0.1667617664395434,0.0,0.0951096688394605,0.0081276561524872,0.4467882909370471,0.145192333931105,0.0,0.4583466221065451,0.0,0.0,0.110889668549711,0.0995899737039862,0.0,0.4619607011698401,0.212787144422431,0.0,0.0,0.0,0.0,0.5494838304401218,0.4081521232453776,0.0,0.0,0.0,0.0,0.0,0.0,0.0,0.044397926442066,0.046687581069385,0.0,0.0,0.2235925790913035,0.3555537023454956,0.2312084071270713,0.286401897677586,0.0,0.0,0.0,0.0,0.0805671698795831,0.0,0.0,0.0,0.0,0.0,0.0,0.0,0.0,0.2718645269392103,0.1337438777124204,0.0,0.0
0.0,0.0,0.2835437364994105,0.0,0.2368574490107222,0.1031300558643076,0.1924862823847579,0.1833022181246394,0.0,0.3333190713028408,0.2675374648382851,0.3618397593180024,0.3581765928895155,0.1562145291323915,0.0,0.0,0.0,0.0,0.3949144506674094,0.3716455717856645,0.0,0.3700626992251118,0.0460578692869506,0.0,0.0,0.0,0.1536082441510106,0.4598622004116837,0.1919061712456106,0.0,0.4954509806603164,0.0,0.0,0.1529104334025261,0.1354422201865222,0.4619607011698401,0.0,0.2515477735009776,0.0,0.0,0.0,0.0,0.0,0.0,0.0,0.0,0.0,0.0,0.0,0.0,0.0,0.0,0.0,0.0,0.0,0.0,0.0,0.0,0.0,0.0,0.0,0.0,0.0,0.0,0.0,0.0,0.0,0.0,0.0,0.0,0.0,0.0,0.0,0.0,0.0,0.0
0.0,0.0,0.0,0.0,0.1286385355801919,0.0,0.0201209007077711,0.0,0.1903839673578461,0.6868705864057502,0.318423307033956,0.66766910763677,0.0401255876641208,0.0,0.0,0.0,0.2293704728595876,0.0,0.0,0.0,0.0,0.0,0.0,0.0,0.0,0.0,0.0,0.0431905619732268,0.0,0.0,0.0383687804839164,0.0,0.0,0.0,0.1428510370340649,0.212787144422431,0.2515477735009776,0.0,0.0,0.0,0.0,0.0,0.0,0.0,0.0285196426698424,0.0,0.0,0.0,0.0,0.0,0.0,0.0,0.0,0.0,0.6464196273375361,0.0,0.5004867684537426,0.0,0.0,0.0,0.0,0.0,0.0,0.0,0.0,0.0,0.0,0.0,0.0,0.0,0.0,0.0,0.0,0.0,0.0,0.0
0.1023961061204242,0.0550162192341192,0.0,0.0,0.0,0.0,0.0,0.0800463343857412,0.0,0.0,0.0,0.0,0.0,0.0,0.0,0.0,0.0,0.0433752939534598,0.0,0.0,0.0205032555999131,0.0,0.0,0.3822849464511598,0.2850705876648357,0.2795686941661359,0.0,0.0,0.0,0.0,0.0,0.9376522883951444,0.8141551074503154,0.2805248891015129,0.0,0.0,0.0,0.0,0.0,0.8031855588056934,0.6714055220390095,0.4536672624518595,0.0,0.0,0.4013023805040484,0.233672992263713,0.0309921216142479,0.0,0.0,0.0,0.0656363773961514,0.2275929117127735,0.0359211774737983,0.0,0.1383314709800012,0.0,0.0209141206850469,0.0,0.2693165467038034,0.0,0.0,0.0822654292195222,0.0,0.0,0.0,0.038911032872307,0.0,0.0,0.4902225983330153,0.1275046848450952,0.2429856270179229,0.0,0.0,0.0,0.0,0.1299098888268835
0.0729221497682678,0.1290130112983358,0.0,0.0,0.0,0.0,0.0,0.0,0.0,0.0,0.0,0.0,0.0,0.0,0.0,0.0,0.154515987920597,0.0781452232676286,0.0,0.0,0.105578497453502,0.0,0.0268176114439222,0.408005999977561,0.3355817929208083,0.3561041523325157,0.0,0.0,0.0,0.0,0.0,0.7652179300272587,0.9124579753630088,0.3751748649583077,0.0,0.0,0.0,0.0,0.8031855588056934,0.0,0.6946780980994969,0.3238647034262709,0.0240417586086075,0.0108282533600861,0.3764389970304104,0.2304034131562739,0.2026949058473152,0.0,0.0,0.0,0.2032239426776508,0.0,0.0,0.0,0.0,0.0,0.0,0.0,0.0,0.0,0.0,0.0821026141676157,0.0,0.0,0.0,0.0,0.0,0.0,0.4923978538126544,0.1834446294498185,0.310008679254246,0.0,0.0,0.0,0.0,0.0
0.4678545579793323,0.4769761116120113,0.0,0.0,0.0,0.3084627690427275,0.0,0.1357090685729903,0.0,0.0,0.0,0.0,0.0,0.0,0.0,0.3415568790883623,0.4679317605896648,0.5552654796672652,0.0,0.0,0.3038492932591227,0.0318316113082782,0.1944831564655606,0.5009163493779499,0.4939128916828491,0.5553367533946031,0.0,0.0,0.4829625233380179,0.0,0.0,0.6926537396801565,0.7244752118333515,0.6081366769732702,0.1153273124038198,0.0,0.0,0.0,0.6714055220390095,0.6946780980994969,0.0,0.3680247998627488,0.1328086728948147,0.1037595322029633,0.2196948168144603,0.5439721405639208,0.4702691303028167,0.0,0.0,0.0,0.3131825164146905,0.1211646537222984,0.1319416073307694,0.0,0.0711624832717377,0.0,0.0,0.3161141385686803,0.5129058710125958,0.0,0.2965406879985096,0.3714252298310282,0.2210594245134261,0.0154624001954337,0.0274834899152586,0.2575664362741496,0.0599925597460234,0.2071813662935062,0.4836677146159092,0.3565642791674347,0.5236297143759354,0.0,0.0,0.3935889637090314,0.13169703533818,0.3562166907494863
0.0,0.0,0.0,0.0,0.0,0.0,0.0,0.0,0.0,0.0,0.0,0.0,0.0,0.0,0.0,0.0,0.0,0.0834725875757232,0.0,0.0,0.0,0.0,0.0,0.0,0.0,0.0537068928331265,0.0,0.0,0.0,0.0,0.0,0.4351921467331042,0.3646368132643601,0.0825833866721988,0.0,0.0,0.0,0.0,0.4536672624518595,0.3238647034262709,0.3680247998627488,0.0,0.0,0.0,0.1335473051026155,0.0945076258656184,0.0,0.0,0.0,0.0,0.0,0.3904481667403238,0.0,0.0,0.1635230572348976,0.0,0.1493805671291326,0.1534966459579765,0.0,0.0,0.0587471032881821,0.07599529670978,0.0766022083424468,0.0265497741580771,0.0,0.0,0.0,0.0,0.4245267479468922,0.0,0.0578477219660282,0.0,0.0,0.0,0.0,0.2874201655916883
0.0,0.0,0.1610073308880279,0.0,0.4372255766240491,0.5362617293471674,0.0,0.2809695642793648,0.0,0.0,0.220574781001767,0.0,0.5974523459382599,0.4589844672042819,0.0,0.0,0.0,0.0,0.2097047998866276,0.0,0.0,0.0,0.3657204580944767,0.0,0.0,0.0,0.3534395145611227,0.5136668238200964,0.0,0.0,0.0,0.0537608698657483,0.0,0.2347232143032452,0.2548884723835202,0.5494838304401218,0.0,0.0,0.0,0.0240417586086075,0.1328086728948147,0.0,0.0,0.441191901773335,0.0,0.0,0.0,0.0923548374276728,0.0529208541937204,0.2253944173222697,0.3842114092899808,0.0,0.3065192364796112,0.0,0.0,0.3470356477305797,0.1671075518463203,0.3518356887983528,0.2596018180285936,0.4153167611623346,0.0,0.4099509810877591,0.0,0.0815466256340253,0.4160484382248134,0.4539957239659422,0.4481314969889948,0.3601862469688182,0.2943390689835228,0.3835202111030938,0.4689727364038085,0.2521080087322103,0.5233932511678355,0.4415774813042533,0.0,0.2584603328478763
0.0,0.0,0.0,0.0,0.0,0.0,0.0,0.0,0.0,0.0,0.0,0.0,0.0,0.0,0.0,0.0,0.0,0.0,0.0,0.0,0.0,0.0,0.0,0.0,0.0,0.0,0.0,0.0,0.0,0.0,0.0,0.0,0.0,0.0,0.1086723589309103,0.4081521232453776,0.0,0.0,0.0,0.0108282533600861,0.1037595322029633,0.0,0.441191901773335,0.0,0.0,0.0,0.0,0.0,0.0398593587971433,0.1515872709728614,0.1418900513135423,0.0,0.0,0.0,0.0,0.2277614582939685,0.0763326819846392,0.2537661976572117,0.2167623445220956,0.0,0.0,0.0,0.0,0.134175745934441,0.0,0.0,0.0,0.0741244896343221,0.0,0.0,0.0,0.0,0.307807826799032,0.3329999642764175,0.0,0.3386092897954441
0.0,0.0,0.0,0.0,0.0,0.0,0.0,0.0,0.0,0.0942149074965471,0.0,0.0821324125023946,0.0,0.0,0.0,0.0,0.0,0.0,0.0,0.0,0.0,0.0,0.0,0.1667157104409231,0.0,0.0608880221619021,0.0,0.0,0.0,0.0,0.0,0.4104983282125372,0.3548649615238409,0.1477173751273463,0.0,0.0,0.0,0.0285196426698424,0.4013023805040484,0.3764389970304104,0.2196948168144603,0.1335473051026155,0.0,0.0,0.0,0.0,0.0,0.0,0.0,0.0,0.0,0.069169858985936,0.0,0.0,0.198236067298703,0.0,0.056780613089293,0.0,0.0,0.0,0.0,0.0295157793567739,0.0,0.0,0.0,0.0,0.0,0.0,0.1823023225801087,0.0,0.0320513195208696,0.0,0.0,0.0,0.0,0.0
0.8932939135984258,0.7486801626108337,0.0,0.0,0.0,0.0,0.0,0.0,0.0,0.0,0.0,0.0,0.0,0.0,0.0,0.690248666048167,0.0,0.741543679438067,0.0,0.0,0.737801623245035,0.6328396590506113,0.0,0.5698998468300309,0.7446186731015939,0.724360974408564,0.0,0.0,0.0,0.0,0.5184941930064394,0.3014082785190086,0.284015585139914,0.3449308549807035,0.0,0.0,0.0,0.0,0.233672992263713,0.2304034131562739,0.5439721405639208,0.0945076258656184,0.0,0.0,0.0,0.0,0.7545536630145478,0.0,0.0,0.0,0.5430862140169908,0.0,0.4109952045055272,0.0,0.0530503863580561,0.0,0.0271487281207299,0.4245125002742674,0.0,0.6062617508055841,0.7146838918316802,0.0,0.5585664644062944,0.0,0.6910425974324637,0.7567074057646614,0.6416586333356706,0.5412983789165469,0.5874906106791455,0.7050032681053389,0.8102165680825048,0.4015981899881553,0.5628046221471823,0.8099535224383692,0.0,0.6003353661786291
0.6842412788620355,0.8635792594637948,0.0,0.0,0.0,0.0,0.0,0.0,0.0,0.0,0.0,0.0,0.0,0.0,0.4144775873940999,0.6532662816943214,0.0,0.6541285519486287,0.0,0.5956562052230703,0.6465738104695283,0.639648619266998,0.5766809854047326,0.0,0.7601234904309584,0.7822550922248653,0.6265876585395987,0.0,0.8323796623634899,0.0,0.4626923164272748,0.1105508614951877,0.242470436432701,0.2236113042791832,0.3389140776973748,0.0,0.0,0.0,0.0309921216142479,0.2026949058473152,0.4702691303028167,0.0,0.0,0.0,0.0,0.7545536630145478,0.0,0.0,0.0,0.0,0.7744016086142188,0.0,0.4541844346379601,0.0,0.0,0.0,0.0,0.3392604502086553,0.0,0.4684797117445996,0.4598592643065465,0.5319154868137796,0.3168708626571094,0.0,0.6579993393053525,0.6917325948283466,0.5708418275473665,0.775705159330233,0.0,0.8015807161520512,0.8237143596330949,0.6168737564474356,0.5959210710846398,0.7691106396781834,0.0,0.2007596161263459
0.0,0.0,0.8409816094225524,0.0,0.708332893712868,0.257853967207078,0.0,0.220724673847344,0.6526736362907386,0.0,0.6320880949964747,0.0,0.2653165746393083,0.1370953807341537,0.0,0.0,0.0,0.0,0.4619119892224214,0.0,0.0,0.0,0.2966257514220127,0.0,0.0,0.0,0.7334331647608056,0.0,0.0,0.0,0.0,0.0,0.0,0.0,0.0,0.0,0.0,0.0,0.0,0.0,0.0,0.0,0.0923548374276728,0.0,0.0,0.0,0.0,0.0,0.0,0.3936582691217314,0.270153448008618,0.0531789797125591,0.3828247934812618,0.7197478596547225,0.0,0.6940681299141548,0.0,0.1869696430769865,0.0388905450486352,0.0,0.0,0.0,0.0,0.6706528715896288,0.0,0.0,0.0,0.4527857127612767,0.0,0.0,0.0,0.7648245608322841,0.3884719667833644,0.2658776537795823,0.1890761931189769,0.1837137737184895
