0.0,0.5144260808452944,0.0,0.0,0.0,0.3000368387196612,0.0,0.3019866723498186,0.0,0.5103724206972895,0.0,0.0825361818440417,0.4435598048795628,0.0,0.1169841757393743,0.6776734721579252,0.5759003152515156,0.4873100532416156,0.0,0.4760891315952503,0.5743713992963941,0.6038930199100698,0.2893519846923308,0.4512652793660589,0.6264945212917371,0.5977937511008135,0.4462548835715395,0.5258879986670763,0.5623492305460621,0.0,0.4583598597284767,0.4254558018708565,0.2202074039953983,0.1794598187603982,0.0,0.0,0.0,0.2411755607057507,0.3884223068958438,0.2030499496109891,0.0158104016136745,0.0,0.0,0.0,0.0,0.8194287495745315,0.4594809460608583,0.0,0.0,0.0,0.0,0.0,0.0,0.0,0.538509992469373,0.0,0.0,0.0,0.0,0.0,0.3836338563995921,0.0,0.2392597072430804,0.0,0.0,0.4710364166077658,0.4653526115290083,0.0,0.4871940363072021,0.2427634696918474,0.6617522237340315,0.0,0.0,0.0,0.0,0.3863733234522055
0.5144260808452944,0.0,0.0,0.0,0.4685741828534311,0.7261011203711039,0.5644971046504259,0.6070743367323524,0.4510108305685986,0.0,0.0,0.0,0.6969315779343286,0.0,0.274294591117204,0.6427700548323868,0.6294492292276026,0.7277951596646665,0.0,0.5815803440318869,0.6246623767526042,0.6889167470930829,0.4397450447829202,0.0,0.7778674128528297,0.92146656830139,0.5858622578240902,0.5708976954352994,0.5041036807498905,0.0,0.1785018095417374,0.4194385268887309,0.2000038697556471,0.2700345022290585,0.0,0.0,0.0,0.0,0.4554215137944326,0.0530865618678745,0.1102960216606634,0.0333879687001874,0.0,0.0,0.0,0.3397374540421237,0.7767752608995937,0.0,0.0,0.0,0.594430781075207,0.0,0.0,0.0,0.0,0.0,0.0,0.0,0.0,0.2961580971686804,0.1097996483553982,0.0,0.1601377844233527,0.0,0.3170944451321946,0.5413479171014188,0.5474411918317081,0.3717299421186149,0.0,0.2958024897936338,0.687855707131831,0.5019152659552207,0.0,0.0653159099430894,0.0,0.2319665160985177
0.0,0.0,0.0,0.1186225311558847,0.6883521647400955,0.4482624078187506,0.4311676006719564,0.4165197935614991,0.8332688411851369,0.2069523627069321,0.8931424471236419,0.31933443751835,0.4387610421863316,0.0,0.0,0.0,0.0,0.0,0.8517228057219283,0.0,0.0,0.0,0.5046011972750978,0.0,0.0,0.0,0.6846560838690103,0.4630136120801024,0.0,0.0,0.3327071672875886,0.2073726215591591,0.0,0.0464008016563701,0.0,0.2507403576892192,0.0763749282663258,0.0,0.2898710493721692,0.0,0.0,0.0,0.1995844619242289,0.0,0.0,0.0,0.0,0.8959345208590451,0.0,0.6582411916882271,0.5711749888029382,0.4425677866218941,0.4339557622317775,0.8674395961188388,0.0,0.8286053703089423,0.0,0.2951617237261527,0.2456909824770761,0.0,0.0,0.0,0.0,0.8339100833332408,0.0,0.0,0.0,0.4211230195911968,0.0,0.0,0.0,0.6775717065899705,0.5021817886704514,0.0,0.0,0.0
0.0,0.0,0.1186225311558847,0.0,0.2087013740285651,0.2376590049468452,0.2680101279071993,0.2453901966161573,0.1717602950454071,0.0378496429922311,0.1498417227524677,0.2823116077698963,0.2826662910395768,0.1053937438351879,0.0,0.0,0.0,0.0,0.1602054520817111,0.3029611883926837,0.0,0.0,0.1278638277063996,0.0,0.0,0.0,0.1308724515313219,0.2369853084726687,0.2572987137240129,0.0,0.1815280627698546,0.0366198475125657,0.0,0.0398533269398827,0.0,0.1208273844989058,0.095554864151874,0.0,0.0,0.0,0.0,0.0,0.0,0.0,0.0,0.0,0.0,0.0,0.0,0.0,0.0,0.0,0.0,0.0,0.0,0.0,0.0,0.0,0.0,0.0,0.0,0.0,0.0,0.0,0.0,0.0,0.0,0.0,0.0,0.0,0.0,0.0,0.0,0.0,0.0,0.0
0.0,0.4685741828534311,0.6883521647400955,0.2087013740285651,0.0,0.5276603663700911,0.6974572139094547,0.5285082670184051,0.8230944343421798,0.1826777762287695,0.6794442477620878,0.2193136509864914,0.6715360836988259,0.0,0.0,0.2921566026961708,0.0,0.0,0.5165512598928155,0.7560020749000584,0.0,0.660386323409707,0.4107481430197297,0.0,0.40073698082582,0.4567646580635957,0.6527552910852862,0.4109119236040469,0.616956563295464,0.0,0.2562613142458915,0.3215798414079778,0.0,0.1379774949270396,0.0,0.4040226370266923,0.0,0.1092554310982612,0.3031933672638875,0.0,0.0,0.0,0.3117268666048622,0.0,0.0,0.0,0.0,0.6173269860688857,0.0,0.7548399183750052,0.653849752676773,0.0,0.5310113092959393,0.7873472529790313,0.0,0.6521501391728763,0.0,0.0,0.0,0.0,0.0,0.0,0.0,0.5077471428667255,0.0,0.0,0.0,0.3570652562287277,0.0,0.0,0.0,0.6299087585632147,0.0,0.0,0.0,0.0
0.3000368387196612,0.7261011203711039,0.4482624078187506,0.2376590049468452,0.5276603663700911,0.0,0.4145185596603011,0.6756642086659682,0.5444930698735042,0.3082881161281691,0.3227287083711951,0.4854336338378627,0.7562472302583437,0.0,0.3010218753095521,0.3693376267901242,0.4280902184619243,0.5128780240965689,0.31115366686529,0.5361215121437293,0.4966977387145957,0.4436131421970458,0.5096827934600943,0.0,0.5118372911278648,0.7591719523679787,0.543603609822746,0.5099788566411239,0.4959389327949068,0.3503909875987684,0.1497868329043828,0.2407808945230978,0.0832417511204498,0.1972137744403127,0.0,0.1748065464726763,0.20490039503805,0.0,0.3223570677836401,0.0,0.0,0.0,0.1698405281222012,0.0,0.0,0.0,0.6698296974115304,0.406154774569066,0.0,0.5578978214713382,0.8684439954167411,0.4290591660900708,0.6734729961593453,0.5879458149398434,0.0,0.330598044117478,0.0,0.6113768646312434,0.0,0.2965313145648837,0.0,0.0,0.0,0.3211455839231643,0.4327265861539481,0.3734979310073139,0.5007395529500358,0.4934910143593394,0.0,0.0,0.5777463845691513,0.5777843545262686,0.4284476762567955,0.192563528534956,0.0133622283732832,0.0985414371293625
0.0,0.5644971046504259,0.4311676006719564,0.2680101279071993,0.6974572139094547,0.4145185596603011,0.0,0.4617807922037128,0.6091927139818343,0.435593987098781,0.3463287228804353,0.1181866710823365,0.6953270379243415,0.0,0.0,0.5359932605804604,0.5064814909567922,0.3738542505469356,0.2187097388606287,0.546871636140346,0.0,0.623021683195332,0.3137199289986703,0.30920480941843,0.6277523949155772,0.5697359836299958,0.5380254865390184,0.5205613346102445,0.6307057119365227,0.0,0.2642944900119043,0.4833782367915781,0.2807345870844179,0.2320772713796221,0.0387062897558682,0.29963779870044,0.0213945156678721,0.229162842675611,0.492416261444714,0.0,0.0,0.0,0.2684663550556829,0.0,0.0,0.0,0.0,0.2977435931632763,0.0,0.0,0.4611236726832016,0.0,0.451680619285339,0.5926069866538222,0.0,0.3090451066074953,0.0,0.0,0.0,0.0,0.0,0.0,0.0,0.1894314172070965,0.0,0.0,0.0,0.2640098633452303,0.0,0.0,0.0,0.5338069637041847,0.0,0.0,0.0,0.0
0.3019866723498186,0.6070743367323524,0.4165197935614991,0.2453901966161573,0.5285082670184051,0.6756642086659682,0.4617807922037128,0.0,0.4045843023968989,0.3299139505406216,0.3379485138400921,0.523973037260566,0.4934904160791804,0.1765617267966279,0.269779458898265,0.2192233053362843,0.0,0.320158081534888,0.2527371560901844,0.4794835189807544,0.5280617735869905,0.4678884140976184,0.8079651281263642,0.4646082362096547,0.4671546983519828,0.5797999802949875,0.5180445829025079,0.3441786937670758,0.3735146752037203,0.3421522970104087,0.2211530339182048,0.5153279258217873,0.3343341380303489,0.4856142437141847,0.0416313779154471,0.2771814763982657,0.1574532073539082,0.0,0.4954132701801451,0.0,0.21985620059298,0.0,0.3109909786858691,0.0,0.0,0.0,0.0,0.2627033217437677,0.0,0.3004025728239302,0.6928620737398077,0.1985239562179709,0.888924708075088,0.4048566263637733,0.0,0.2291700450050519,0.0,0.4197967985312058,0.3321780874872723,0.1990095779065916,0.0,0.0,0.0,0.2043001186564969,0.2757553967921443,0.495459908060215,0.0,0.7397009900539192,0.0,0.0,0.0,0.4504956273077013,0.2577961302335473,0.1032969729381418,0.0,0.0934703606074314
0.0,0.4510108305685986,0.8332688411851369,0.1717602950454071,0.8230944343421798,0.5444930698735042,0.6091927139818343,0.4045843023968989,0.0,0.2259489851039936,0.7635798652643192,0.1403423718674603,0.6653911556923192,0.0,0.0,0.3133241171228323,0.0,0.2042734334336381,0.6419814067876394,0.7837456900248699,0.0,0.6553134310591809,0.3023443731456013,0.1474844866605808,0.4634101073067775,0.5045244917398719,0.725021620931886,0.4848466020354568,0.6215002311431743,0.4017292324174848,0.3015279598167282,0.1868596233578012,0.0,0.0,0.0,0.3118191763910931,0.0265835714121535,0.0,0.3182664413528551,0.0,0.0,0.0,0.2107485843191019,0.0,0.0,0.0,0.0,0.8191726249474862,0.0,0.8684584594876132,0.6726742936363524,0.7058228342093772,0.476327090904688,0.9847069604274674,0.0,0.8129615945729047,0.0,0.5056557663563095,0.2757493074657426,0.0,0.0,0.0,0.0,0.6790550859805569,0.0,0.0,0.0,0.3321462549134856,0.0,0.0,0.0,0.7876860168239809,0.5638092952190342,0.0,0.0,0.0
0.5103724206972895,0.0,0.2069523627069321,0.0378496429922311,0.1826777762287695,0.3082881161281691,0.435593987098781,0.3299139505406216,0.2259489851039936,0.0,0.0569599702760289,0.4724164175544809,0.2269584519583949,0.0,0.0,0.5300323514936696,0.6490534850539367,0.5706899612498842,0.0094621922905494,0.3066203906260336,0.0,0.4074065298506493,0.4361005490607116,0.5913481373398676,0.6847953691302022,0.482545688736492,0.4567878939355356,0.344700195164184,0.3569109793208717,0.0,0.2285353173617259,0.5023802695031622,0.4080867173729583,0.26860961235569,0.2546098860287399,0.2102139091377503,0.2742778709470846,0.2406682276365198,0.3555680545346917,0.415086849680357,0.4756078034159991,0.3009030380880625,0.0,0.0,0.0,0.4310626211183435,0.0,0.0,0.0,0.0,0.0,0.0,0.0,0.0,0.5725338777167419,0.0,0.4046199260589468,0.338681566735451,0.0,0.0,0.0,0.6701058351350985,0.5498371193497669,0.0,0.0,0.0,0.0,0.0,0.4036037825233672,0.5808747863731515,0.5750153022018145,0.0,0.2853866171300609,0.0,0.0,0.5130386409177586
0.0,0.0,0.8931424471236419,0.1498417227524677,0.6794442477620878,0.3227287083711951,0.3463287228804353,0.3379485138400921,0.7635798652643192,0.0569599702760289,0.0,0.3042837216577211,0.461251765941333,0.0,0.0,0.0,0.0540670056789039,0.0,0.9084392634712188,0.0,0.0,0.0,0.3176918642960253,0.1140411702338787,0.0,0.2394570581380575,0.5184277702904938,0.2760705965280529,0.0,0.0,0.1809300767357679,0.0,0.0,0.0,0.0,0.3935927710683032,0.0,0.0,0.1116226732354029,0.0,0.0,0.0,0.2704305380672669,0.0,0.0,0.0,0.0,0.8949327614160659,0.0,0.6312378347242553,0.486316741929614,0.3102028976856805,0.3879958358962768,0.7313149723532919,0.0,0.9027767613016664,0.0,0.2858310274754186,0.2306655033620974,0.0,0.0,0.0,0.0,0.890848075202324,0.0,0.0,0.0,0.2754017131953727,0.0,0.0,0.0,0.495523199437881,0.457368437179061,0.0,0.0,0.0
0.0825361818440417,0.0,0.31933443751835,0.2823116077698963,0.2193136509864914,0.4854336338378627,0.1181866710823365,0.523973037260566,0.1403423718674603,0.4724164175544809,0.3042837216577211,0.0,0.2310307370272818,0.0,0.0,0.0,0.4412573473685153,0.5041498760659822,0.3117602306783599,0.0,0.1848642437638288,0.0,0.4732975466721351,0.6465438352985766,0.3198963045339472,0.4161229137884276,0.2914655991617855,0.2820669055064468,0.0,0.0,0.0,0.2083149434780377,0.1255872031994719,0.2078544092645387,0.0679850406720735,0.1432832683806655,0.2017133191737884,0.0,0.165534741416412,0.2888138476762142,0.3037447483909851,0.0881574188583263,0.2957510203454529,0.0,0.0,0.0,0.0,0.0,0.0,0.0,0.0,0.0,0.0,0.0,0.3329393771583612,0.0,0.864434700364195,0.1882252644967696,0.0,0.0,0.0,0.4989714408355272,0.3359037437539389,0.0,0.0,0.0,0.0,0.0,0.446459793669669,0.3738458253957235,0.3953981109221786,0.0,0.2376506052631459,0.0,0.0,0.2575153185145868
0.4435598048795628,0.6969315779343286,0.4387610421863316,0.2826662910395768,0.6715360836988259,0.7562472302583437,0.6953270379243415,0.4934904160791804,0.6653911556923192,0.2269584519583949,0.461251765941333,0.2310307370272818,0.0,0.0,0.2596305221439454,0.4391352424748694,0.3708770916782032,0.4341013712317903,0.3057516514206342,0.5892081536799522,0.5369102740626567,0.5417372907993395,0.2429897484757673,0.1889094935992165,0.5204070993925161,0.7089861190704189,0.4829762560595536,0.4869572131665411,0.6390767488074677,0.3848929612113053,0.174436043807647,0.1657137410764181,0.0268535097194449,0.1547887034612352,0.0,0.3582342822868907,0.0,0.0,0.1714302215264137,0.0,0.0,0.0,0.2141429550615171,0.0,0.200310333669493,0.0,0.0,0.4406971810214015,0.0,0.0,0.7141887090346107,0.6617493539299385,0.509768781887977,0.0,0.0,0.4742037563380168,0.3229633831428743,0.0,0.0,0.1721075359596814,0.0,0.0,0.0,0.0,0.2450739804191393,0.0,0.3362746275050133,0.1497724600422037,0.0,0.0401136959651645,0.5629423913947701,0.5159563794108795,0.0,0.0,0.0,0.0
0.0,0.0,0.0,0.1053937438351879,0.0,0.0,0.0,0.1765617267966279,0.0,0.0,0.0,0.0,0.0,0.0,0.0,0.0,0.0,0.0,0.0,0.0,0.0,0.0,0.1571645077908189,0.0,0.0,0.0,0.0,0.0,0.0,0.0,0.0,0.0452049444325477,0.0,0.2785063432684371,0.0,0.2981956473492336,0.0,0.0,0.0691939963965325,0.0,0.0,0.0,0.200218561282424,0.0,0.0,0.0,0.0,0.0,0.0,0.0,0.0,0.0,0.0,0.0,0.0,0.0,0.0,0.0,0.0,0.0,0.0,0.0,0.0,0.0,0.0,0.0,0.0,0.1341792777354,0.0,0.0,0.0,0.0,0.0,0.0,0.0,0.0
0.1169841757393743,0.274294591117204,0.0,0.0,0.0,0.3010218753095521,0.0,0.269779458898265,0.0,0.0,0.0,0.0,0.2596305221439454,0.0,0.0,0.1188863356289619,0.0,0.143424966790111,0.0,0.7471957291505599,0.3889515321812538,0.6163567484360588,0.3578281321834927,0.2105175883235022,0.1324661578500885,0.2555098534719567,0.5203392784102483,0.3501776221721658,0.381695395174782,0.0,0.4305672179698387,0.1999537640782944,0.0,0.0,0.0,0.2042548715475312,0.0,0.0,0.2575514119398147,0.0,0.0,0.0,0.218567809609494,0.0,0.0,0.0,0.2548334248747153,0.0,0.0,0.0,0.3258200377722325,0.0,0.3719614542581425,0.0,0.0,0.0,0.0,0.0260981883719637,0.0,0.8753762106819707,0.0,0.0,0.0,0.0,0.7602287231451313,0.4387001900142485,0.6317584170176557,0.3617789057139174,0.0,0.0,0.1352670887477425,0.4648643831815608,0.4528462653899869,0.17979874786994,0.0,0.2741414883431677
0.6776734721579252,0.6427700548323868,0.0,0.0,0.2921566026961708,0.3693376267901242,0.5359932605804604,0.2192233053362843,0.3133241171228323,0.5300323514936696,0.0,0.0,0.4391352424748694,0.0,0.1188863356289619,0.0,0.7913621945226853,0.7348763302564436,0.0,0.367997549336759,0.3540254145448873,0.6878380723408347,0.2333942036613289,0.375970609795302,0.6360371212005541,0.6509933777304141,0.3905815030392234,0.6575015855211706,0.4662986538556549,0.2940205164383268,0.457986453060356,0.3826252494173791,0.2221387838914829,0.2434502554015078,0.094258535456358,0.0,0.0,0.0,0.3005981173045532,0.1460783729788559,0.1989163036140708,0.170782806887712,0.0,0.0,0.0,0.5128530243047174,0.4109151844445357,0.0,0.0,0.0,0.0,0.0,0.0,0.0,0.0,0.0,0.0,0.0,0.0,0.1384677406041994,0.4437401521979614,0.0,0.3384818538202748,0.0,0.183423852951627,0.2182135782582852,0.5219694757125061,0.1483711531121753,0.0,0.244637415351508,0.4447223253238681,0.3627970051086774,0.0,0.1220763183382369,0.0,0.4149576122144663
0.5759003152515156,0.6294492292276026,0.0,0.0,0.0,0.4280902184619243,0.5064814909567922,0.0,0.0,0.6490534850539367,0.0540670056789039,0.4412573473685153,0.3708770916782032,0.0,0.0,0.7913621945226853,0.0,0.8057685567991809,0.0,0.3993636194553253,0.0,0.6203891822691304,0.0,0.556448452188337,0.6386905633627863,0.6598524105901349,0.0,0.6298327889986965,0.4286269227835797,0.0,0.383370973679537,0.4641255812549714,0.2829327555933955,0.3094213725989668,0.1477207938710414,0.0,0.0,0.1939285385258711,0.0,0.2819394867909422,0.0,0.0,0.0,0.0,0.0,0.0,0.0,0.0,0.0,0.0,0.0,0.0,0.0,0.0,0.4678641176538566,0.0,0.4295188207633917,0.0,0.0,0.0,0.0,0.6431434962743613,0.440069448057735,0.0,0.0,0.0,0.0,0.0,0.4487333222836589,0.3584286257325507,0.5184341984548289,0.0,0.0,0.0,0.0,0.0
0.4873100532416156,0.7277951596646665,0.0,0.0,0.0,0.5128780240965689,0.3738542505469356,0.320158081534888,0.2042734334336381,0.5706899612498842,0.0,0.5041498760659822,0.4341013712317903,0.0,0.143424966790111,0.7348763302564436,0.8057685567991809,0.0,0.0,0.3851492292109492,0.4889489085368307,0.5586982811110739,0.271264015750216,0.4898602025627248,0.6968233528925022,0.7078716027905579,0.4035094824099122,0.5417773319121392,0.503635658142271,0.1837901740048537,0.3078212148220884,0.40291545507566,0.2118785912892881,0.1375634798651579,0.0,0.0,0.0,0.0,0.2371826254714338,0.24613333467668,0.2625967245492098,0.07880519770718,0.0,0.0,0.0,0.3245160259089515,0.5202952349809623,0.0,0.0,0.0,0.0,0.0,0.0,0.0,0.4766557755197141,0.0,0.4272799050929955,0.0,0.0,0.0,0.4239940620349797,0.6220913381482552,0.5662002395228177,0.0,0.0,0.0,0.4861564130703869,0.0,0.4045726773493425,0.3914273265169531,0.4630626148557363,0.0,0.0,0.0,0.0,0.3947233300031414
0.0,0.0,0.8517228057219283,0.1602054520817111,0.5165512598928155,0.31115366686529,0.2187097388606287,0.2527371560901844,0.6419814067876394,0.0094621922905494,0.9084392634712188,0.3117602306783599,0.3057516514206342,0.0,0.0,0.0,0.0,0.0,0.0,0.0,0.0,0.0,0.2786067623141535,0.0,0.0,0.0,0.4184734473803588,0.3745051757754563,0.0,0.0,0.2625032783951979,0.0,0.0,0.0687410459967157,0.0,0.2575139386657721,0.0489605538853093,0.0,0.1364288219909926,0.0,0.0,0.0,0.2631694847381434,0.0,0.0,0.0,0.0,0.8852763557889479,0.0,0.5476300081833541,0.4421176243463043,0.2174956915497852,0.327396747805953,0.6584357787060079,0.0,0.8527884890852859,0.0,0.13850989085914,0.1291545588052871,0.0,0.0,0.0,0.0,0.958336490765766,0.0,0.0,0.0,0.2261980424372499,0.0,0.0,0.0,0.4097175696019585,0.0,0.0,0.0,0.0
0.4760891315952503,0.5815803440318869,0.0,0.3029611883926837,0.7560020749000584,0.5361215121437293,0.546871636140346,0.4794835189807544,0.7837456900248699,0.3066203906260336,0.0,0.0,0.5892081536799522,0.0,0.7471957291505599,0.367997549336759,0.3993636194553253,0.3851492292109492,0.0,0.0,0.5235973760290827,0.8461418900259963,0.472499495413917,0.0,0.4647181703639296,0.5461871213982717,0.7251031175868647,0.603482631069233,0.6186452343597022,0.5785170652334505,0.4525439613832606,0.3512936279799244,0.0,0.0883261077563243,0.0,0.2966054035971224,0.1636954769719276,0.0,0.3597660177652677,0.0,0.0,0.0,0.2962341244812683,0.0,0.0,0.0,0.5382274622404464,0.0,0.0,0.0,0.5471624509971078,0.0,0.5739985230341235,0.0,0.0,0.0,0.0,0.375868488135241,0.0,0.6920535431345685,0.0,0.0,0.0,0.0,0.8016824621846123,0.5489678920781166,0.79517586944008,0.4293148021728784,0.0,0.1857989949986633,0.5217403500247767,0.6534093328731853,0.6383005948266602,0.1143018253226335,0.1774596893708951,0.2501577022599937
0.5743713992963941,0.6246623767526042,0.0,0.0,0.0,0.4966977387145957,0.0,0.5280617735869905,0.0,0.0,0.0,0.1848642437638288,0.5369102740626567,0.0,0.3889515321812538,0.3540254145448873,0.0,0.4889489085368307,0.0,0.5235973760290827,0.0,0.5900773042623064,0.4937581778326593,0.4184078949509625,0.7265706702012724,0.6410119827695305,0.6239506610904831,0.4090138985481371,0.7014991758881615,0.0,0.421950969789114,0.6077922198455361,0.2419001679711883,0.1302495545282364,0.0,0.0,0.0,0.0,0.5946625260606991,0.1815258465842158,0.217842587433244,0.1515577289979911,0.0,0.0,0.0,0.4900899971467664,0.6453853656895426,0.0,0.0,0.0,0.4029619238818466,0.0,0.571817921500196,0.0,0.0,0.0,0.0,0.3993652361222858,0.0,0.3760255774097363,0.2872224083541466,0.0,0.0,0.0,0.3092188420952754,0.8546828528305789,0.495270229489501,0.5187457799038092,0.0,0.3963751034976561,0.6416793266969335,0.5792749144853683,0.4028317108013586,0.4841969281063134,0.0,0.4092125535705487
0.6038930199100698,0.6889167470930829,0.0,0.0,0.660386323409707,0.4436131421970458,0.623021683195332,0.4678884140976184,0.6553134310591809,0.4074065298506493,0.0,0.0,0.5417372907993395,0.0,0.6163567484360588,0.6878380723408347,0.6203891822691304,0.5586982811110739,0.0,0.8461418900259963,0.5900773042623064,0.0,0.3939910171338007,0.0,0.6090367096983752,0.6536218539077421,0.7111566233632364,0.6804043787571697,0.6531589603434005,0.4782355634283983,0.5683875596282687,0.4817519162367971,0.0,0.1716126937112774,0.0,0.2384685883557228,0.3032376762067184,0.0,0.4774243495452313,0.0,0.0100424172875153,0.0577615412362182,0.3352237350983418,0.0,0.0,0.4537282348184834,0.5331962764525957,0.0,0.0,0.0,0.4360974070137476,0.0,0.0,0.0,0.0,0.0,0.0,0.0,0.0,0.5523210267424012,0.1577977033737889,0.0,0.1154398038421761,0.0,0.5590404618372564,0.5748567408363767,0.8018375816601246,0.368952880393863,0.0,0.1874332843803248,0.5388488008843999,0.6045230266777188,0.6010827450865822,0.1290455886811934,0.0,0.363084677539612
0.2893519846923308,0.4397450447829202,0.5046011972750978,0.1278638277063996,0.4107481430197297,0.5096827934600943,0.3137199289986703,0.8079651281263642,0.3023443731456013,0.4361005490607116,0.3176918642960253,0.4732975466721351,0.2429897484757673,0.1571645077908189,0.3578281321834927,0.2333942036613289,0.0,0.271264015750216,0.2786067623141535,0.472499495413917,0.4937581778326593,0.3939910171338007,0.0,0.5167570323493635,0.4258534425569482,0.4272363859387099,0.5921268278258738,0.362073927395469,0.3065791157441623,0.2960311425346766,0.2731752320530302,0.6234629019269048,0.3369997408291231,0.4894297257811263,0.2779926258851366,0.2921691281943311,0.2745474467412581,0.3318787854724445,0.5645934122894387,0.2904313476439212,0.4668425280780022,0.4991552504122616,0.220323749196216,0.0644942895832481,0.0,0.0,0.649786215251029,0.239783791434217,0.0,0.1402859843258238,0.5628360853349456,0.1590051896185649,0.6707835289912956,0.351056915271792,0.0,0.1438296373652686,0.0,0.317659545015831,0.4230994986392568,0.3396289814922362,0.0,0.0,0.0,0.1959771770055668,0.4380137116216038,0.4400459096486622,0.492621280877679,0.9151369270254104,0.0,0.486504403517644,0.5343555733738652,0.5638227986562986,0.2606518883145354,0.406355666774123,0.3773714997477088,0.3762890999648693
0.4512652793660589,0.0,0.0,0.0,0.0,0.0,0.30920480941843,0.4646082362096547,0.1474844866605808,0.5913481373398676,0.1140411702338787,0.6465438352985766,0.1889094935992165,0.0,0.2105175883235022,0.375970609795302,0.556448452188337,0.4898602025627248,0.0,0.0,0.4184078949509625,0.0,0.5167570323493635,0.0,0.5297635484051522,0.5591500848593298,0.3333199840741765,0.3488586950443084,0.0,0.0,0.1823026465065959,0.5875824368749335,0.3743634698356133,0.3410442246056774,0.1742879682060563,0.2062556317498559,0.2461569040354385,0.2997134400523437,0.431570000413901,0.3577359560202294,0.3784663352800276,0.0,0.0,0.0,0.0,0.3595624042992578,0.0,0.0,0.0,0.0,0.0,0.0,0.0,0.0,0.4485932337452569,0.0,0.6669565274727544,0.0,0.0,0.0,0.3021065938384785,0.5650029328531206,0.3614052525450333,0.0,0.0,0.0,0.0,0.0,0.6859663470557364,0.4409430518178071,0.5858786656064455,0.0,0.3310154839168452,0.0,0.0,0.4322832810982357
0.6264945212917371,0.7778674128528297,0.0,0.0,0.40073698082582,0.5118372911278648,0.6277523949155772,0.4671546983519828,0.4634101073067775,0.6847953691302022,0.0,0.3198963045339472,0.5204070993925161,0.0,0.1324661578500885,0.6360371212005541,0.6386905633627863,0.6968233528925022,0.0,0.4647181703639296,0.7265706702012724,0.6090367096983752,0.4258534425569482,0.5297635484051522,0.0,0.8157981743215357,0.6579956099929439,0.5183031006991325,0.624166659265491,0.0,0.3146334885441009,0.618078870116261,0.363115922313069,0.1762987845244348,0.0975941327035424,0.0,0.0,0.1738270452395206,0.5294359689640346,0.2898952367868578,0.2701920877468813,0.2361182619057822,0.0,0.0,0.0,0.582207482173929,0.7627795281451359,0.0,0.0,0.0,0.0,0.0,0.0,0.0,0.6846516073563107,0.0,0.3265874409766021,0.428776034046013,0.0,0.1986923619071171,0.4755950503136791,0.6741005179952978,0.4557416136189699,0.0,0.2332219879363594,0.6343295982191052,0.5789874923322131,0.4079951140842585,0.5496212507285737,0.6372348037709725,0.7815857613158389,0.0,0.0,0.4361408509181094,0.0,0.443274910475755
0.5977937511008135,0.92146656830139,0.0,0.0,0.4567646580635957,0.7591719523679787,0.5697359836299958,0.5797999802949875,0.5045244917398719,0.482545688736492,0.2394570581380575,0.4161229137884276,0.7089861190704189,0.0,0.2555098534719567,0.6509933777304141,0.6598524105901349,0.7078716027905579,0.0,0.5461871213982717,0.6410119827695305,0.6536218539077421,0.4272363859387099,0.5591500848593298,0.8157981743215357,0.0,0.5471061253801558,0.5848415528018046,0.542829876120472,0.0,0.275109916612495,0.4340989179312308,0.2733605463530792,0.2707173602417418,0.0,0.170938487894284,0.0,0.0828012802496132,0.4283746923109603,0.1111533039629869,0.0578280198470285,0.005022582090588,0.0,0.0,0.135342231063698,0.4058350280561872,0.7165295473248069,0.0,0.0,0.0,0.587103855352204,0.0,0.0,0.0,0.5521300469861868,0.0,0.4618833656976736,0.5068190878250455,0.0,0.271897909852763,0.1503458036369171,0.5893227983427314,0.1727710593871468,0.0,0.3463169540373242,0.5012360938264141,0.5865513676500129,0.3476805766187227,0.4419470723678689,0.3230942109473814,0.7671053247662152,0.5434675355266321,0.5067609138733241,0.1248508039710001,0.0,0.230770649876553
0.4462548835715395,0.5858622578240902,0.6846560838690103,0.1308724515313219,0.6527552910852862,0.543603609822746,0.5380254865390184,0.5180445829025079,0.725021620931886,0.4567878939355356,0.5184277702904938,0.2914655991617855,0.4829762560595536,0.0,0.5203392784102483,0.3905815030392234,0.0,0.4035094824099122,0.4184734473803588,0.7251031175868647,0.6239506610904831,0.7111566233632364,0.5921268278258738,0.3333199840741765,0.6579956099929439,0.5471061253801558,0.0,0.4407486365160263,0.7430243615824571,0.3000886417859251,0.3672334713688337,0.4235897007662108,0.0,0.0,0.0,0.2242323029519184,0.1682743891135953,0.1309572278612802,0.508870991289229,0.0,0.0671778392642384,0.1506126990769623,0.1743066865330571,0.0779094023404728,0.0,0.0,0.6056732404337691,0.6080730782634328,0.0,0.5208973382671818,0.4971485449206336,0.5205895343076261,0.5568290910241324,0.7327440434644747,0.0,0.5652072917369318,0.0,0.2891235263831279,0.3289847023994676,0.5816661214722033,0.0,0.0,0.0,0.4137612948469643,0.5899860288968605,0.6819919196549428,0.7406016653718445,0.5955846858678515,0.0,0.0,0.5401519420626074,0.9275640475673212,0.4262833798569283,0.4822996020273313,0.0511507661237849,0.3687231219304144
0.5258879986670763,0.5708976954352994,0.4630136120801024,0.2369853084726687,0.4109119236040469,0.5099788566411239,0.5205613346102445,0.3441786937670758,0.4848466020354568,0.344700195164184,0.2760705965280529,0.2820669055064468,0.4869572131665411,0.0,0.3501776221721658,0.6575015855211706,0.6298327889986965,0.5417773319121392,0.3745051757754563,0.603482631069233,0.4090138985481371,0.6804043787571697,0.362073927395469,0.3488586950443084,0.5183031006991325,0.5848415528018046,0.4407486365160263,0.0,0.4643152805929987,0.4549524596107707,0.6222792857893668,0.3873224186458189,0.0047419286537081,0.2553220358039842,0.1468987843609145,0.0139882464147199,0.651966916494008,0.1018638795466021,0.3317204307393092,0.017210146983643,0.0993802178211917,0.1201068098356984,0.1591597054121109,0.0,0.0195785916708987,0.0,0.0,0.3867594282450511,0.0,0.0,0.5009456824771469,0.0,0.3321795019240151,0.6023738582638123,0.2402511025627392,0.0,0.3488493614684516,0.3369892270822632,0.0,0.2894616508533147,0.0,0.0,0.0,0.0,0.4351707507253425,0.2444231418143871,0.6059622163934095,0.2981214804196206,0.0,0.1597250224321512,0.3929972768282032,0.4222105904255535,0.6581851517742516,0.0982984128209292,0.0,0.3956909935421216
0.5623492305460621,0.5041036807498905,0.0,0.2572987137240129,0.616956563295464,0.4959389327949068,0.6307057119365227,0.3735146752037203,0.6215002311431743,0.3569109793208717,0.0,0.0,0.6390767488074677,0.0,0.381695395174782,0.4662986538556549,0.4286269227835797,0.503635658142271,0.0,0.6186452343597022,0.7014991758881615,0.6531589603434005,0.3065791157441623,0.0,0.624166659265491,0.542829876120472,0.7430243615824571,0.4643152805929987,0.0,0.3841347028988822,0.4580380978422114,0.3222860089618964,0.0139526339452977,0.0,0.0,0.2463383431344721,0.0513256993068794,0.0,0.3491025957767804,0.0849433414446193,0.0,0.0144447648393654,0.1144122815282088,0.0,0.0,0.0,0.4694184228019902,0.4146651840005996,0.0,0.0,0.4109351009517106,0.5936427361483548,0.4844389408121161,0.5896805680879167,0.0,0.0,0.0,0.4819717495558242,0.0,0.3609676731679588,0.0,0.0,0.0,0.0,0.3451129631044762,0.6663639824995214,0.5565976121488104,0.3276010920565372,0.0,0.0,0.5403437178056375,0.6728982247815749,0.5091811566141634,0.4829174092912499,0.0,0.2704955798960076
0.0,0.0,0.0,0.0,0.0,0.3503909875987684,0.0,0.3421522970104087,0.4017292324174848,0.0,0.0,0.0,0.3848929612113053,0.0,0.0,0.2940205164383268,0.0,0.1837901740048537,0.0,0.5785170652334505,0.0,0.4782355634283983,0.2960311425346766,0.0,0.0,0.0,0.3000886417859251,0.4549524596107707,0.3841347028988822,0.0,0.5183886049427332,0.3025451226703747,0.0,0.3463317535494558,0.0,0.0,0.0,0.0,0.0,0.0,0.0,0.0,0.0,0.0,0.0,0.0,0.0,0.0,0.0,0.0,0.0,0.0,0.0,0.0,0.0,0.0,0.0,0.0,0.0,0.0,0.0,0.0,0.0,0.0,0.3521430046537843,0.0,0.0,0.2155200323878928,0.0,0.0,0.0,0.2335241901898375,0.0,0.0,0.0,0.0
0.4583598597284767,0.1785018095417374,0.3327071672875886,0.1815280627698546,0.2562613142458915,0.1497868329043828,0.2642944900119043,0.2211530339182048,0.3015279598167282,0.2285353173617259,0.1809300767357679,0.0,0.174436043807647,0.0,0.4305672179698387,0.457986453060356,0.383370973679537,0.3078212148220884,0.2625032783951979,0.4525439613832606,0.421950969789114,0.5683875596282687,0.2731752320530302,0.1823026465065959,0.3146334885441009,0.275109916612495,0.3672334713688337,0.6222792857893668,0.4580380978422114,0.5183886049427332,0.0,0.3979060411361346,0.0386014654576078,0.2548797106528767,0.0997373401458526,0.0875869013011818,0.4841345328628187,0.139217710636327,0.2898607843802582,0.0280406985665812,0.0748439881961839,0.0,0.0333495836522462,0.0,0.0,0.0,0.2244306351519641,0.0,0.0,0.0,0.2008195427623041,0.0,0.2145568750810154,0.0,0.1470540899289225,0.0,0.0739305995739035,0.0,0.0,0.3269997240157116,0.2755964678684284,0.2698605095606871,0.280785044512287,0.0,0.4188906979290403,0.3321872298544731,0.4843287584076879,0.2888030361915197,0.213159579547263,0.2272913416813364,0.2089198862423067,0.3329840426074525,0.5106993108104124,0.2792695410129498,0.0,0.4206467756086844
0.4254558018708565,0.4194385268887309,0.2073726215591591,0.0366198475125657,0.3215798414079778,0.2407808945230978,0.4833782367915781,0.5153279258217873,0.1868596233578012,0.5023802695031622,0.0,0.2083149434780377,0.1657137410764181,0.0452049444325477,0.1999537640782944,0.3826252494173791,0.4641255812549714,0.40291545507566,0.0,0.3512936279799244,0.6077922198455361,0.4817519162367971,0.6234629019269048,0.5875824368749335,0.618078870116261,0.4340989179312308,0.4235897007662108,0.3873224186458189,0.3222860089618964,0.3025451226703747,0.3979060411361346,0.0,0.5487372520407318,0.4562470546571003,0.3579596295332636,0.2329741650531537,0.317246542426099,0.4365112619907992,0.7461441027512677,0.3832909571539573,0.4947332664326916,0.5002194319989086,0.23848558324101,0.0860235995334944,0.0744587192337805,0.4065440438739663,0.6017021738026449,0.0,0.0,0.1169846134549847,0.2542017290225195,0.2970244338553373,0.4101775340806683,0.2243345706242404,0.4006900846188372,0.0,0.3333887640011508,0.2627238220984303,0.0,0.1303140534321207,0.4589334160544323,0.468571041093942,0.4836365526071386,0.0,0.176528660936373,0.4942073547767125,0.4268908271413787,0.5859456174540147,0.5044339238732424,0.5083635516547036,0.5422041993554548,0.4274049951055503,0.3204815954706471,0.3395509739224171,0.0,0.4851245465109113
0.2202074039953983,0.2000038697556471,0.0,0.0,0.0,0.0832417511204498,0.2807345870844179,0.3343341380303489,0.0,0.4080867173729583,0.0,0.1255872031994719,0.0268535097194449,0.0,0.0,0.2221387838914829,0.2829327555933955,0.2118785912892881,0.0,0.0,0.2419001679711883,0.0,0.3369997408291231,0.3743634698356133,0.363115922313069,0.2733605463530792,0.0,0.0047419286537081,0.0139526339452977,0.0,0.0386014654576078,0.5487372520407318,0.0,0.5119118468773226,0.3713095602240263,0.1115531582865638,0.0394240616257626,0.3918278926491567,0.3334104668605842,0.6109517225787073,0.4620011946402549,0.4170410445553422,0.0,0.0,0.0728639333373571,0.2919474279786002,0.3241525750538601,0.0,0.0,0.0,0.0,0.0,0.0,0.0,0.2140861535448472,0.0,0.2197944791617706,0.0,0.0,0.0,0.3111549022519346,0.2731188681377669,0.3264486071368916,0.0,0.0,0.0774101426314361,0.0,0.2650173467568125,0.2155486278937072,0.4554064551113276,0.3886926627438947,0.0,0.0,0.0,0.0,0.1156193059742877
0.1794598187603982,0.2700345022290585,0.0464008016563701,0.0398533269398827,0.1379774949270396,0.1972137744403127,0.2320772713796221,0.4856142437141847,0.0,0.26860961235569,0.0,0.2078544092645387,0.1547887034612352,0.2785063432684371,0.0,0.2434502554015078,0.3094213725989668,0.1375634798651579,0.0687410459967157,0.0883261077563243,0.1302495545282364,0.1716126937112774,0.4894297257811263,0.3410442246056774,0.1762987845244348,0.2707173602417418,0.0,0.2553220358039842,0.0,0.3463317535494558,0.2548797106528767,0.4562470546571003,0.5119118468773226,0.0,0.3096338247593926,0.2102906011299142,0.191352440609299,0.2828066548251201,0.2721178590317462,0.4070834355686844,0.3257427087484148,0.2333541549369246,0.136735713250975,0.0574739248578786,0.0865639592882545,0.1077091482298107,0.3163863630422137,0.0,0.0,0.0,0.2647885586494847,0.0,0.3195266758551029,0.0,0.1761348890401081,0.0,0.4225904844269069,0.2146390035471696,0.0,0.0,0.0404099806344186,0.2195339903619634,0.0663949957249263,0.0,0.0,0.0,0.0,0.3416452298737468,0.164128699085687,0.2040024476835749,0.3106511977219496,0.0,0.1123204005285945,0.0,0.0,0.0
0.0,0.0,0.0,0.0,0.0,0.0,0.0387062897558682,0.0416313779154471,0.0,0.2546098860287399,0.0,0.0679850406720735,0.0,0.0,0.0,0.094258535456358,0.1477207938710414,0.0,0.0,0.0,0.0,0.0,0.2779926258851366,0.1742879682060563,0.0975941327035424,0.0,0.0,0.1468987843609145,0.0,0.0,0.0997373401458526,0.3579596295332636,0.3713095602240263,0.3096338247593926,0.0,0.0403677662369485,0.1445959646776351,0.1560409634073608,0.2265576690550592,0.3013203736091934,0.4331860460658617,0.3709274550046074,0.0431821815714553,0.0,0.0,0.0,0.0964167645729301,0.0,0.0,0.0,0.0,0.0,0.0,0.0,0.0,0.0,0.0750467189177822,0.0,0.0,0.0,0.3582527501398806,0.0,0.0,0.0,0.0242791410532819,0.0,0.1181509365082126,0.2860825160152746,0.0,0.2717325686687963,0.0480455870661384,0.0599209495325049,0.0,0.1667966610757227,0.0,0.0
0.0,0.0,0.2507403576892192,0.1208273844989058,0.4040226370266923,0.1748065464726763,0.29963779870044,0.2771814763982657,0.3118191763910931,0.2102139091377503,0.3935927710683032,0.1432832683806655,0.3582342822868907,0.2981956473492336,0.2042548715475312,0.0,0.0,0.0,0.2575139386657721,0.2966054035971224,0.0,0.2384685883557228,0.2921691281943311,0.2062556317498559,0.0,0.170938487894284,0.2242323029519184,0.0139882464147199,0.2463383431344721,0.0,0.0875869013011818,0.2329741650531537,0.1115531582865638,0.2102906011299142,0.0403677662369485,0.0,0.0,0.1613784753736316,0.2311788823247474,0.1119715572408596,0.0,0.0381864848864293,0.5393880244939101,0.258787375682142,0.1251350259980581,0.0,0.0,0.2460314192570603,0.0,0.271465260533449,0.2433592985876652,0.1631428737048383,0.2408674018086674,0.2055622015403788,0.0,0.2775292837524106,0.2323213962014257,0.4351009527359467,0.0,0.0,0.0,0.0,0.0,0.214573947116987,0.2122189927059827,0.0,0.2393579164385827,0.2481757448902908,0.0,0.0,0.0,0.2570390597133646,0.3774119791114744,0.0497808918828493,0.0,0.0
0.0,0.0,0.0763749282663258,0.095554864151874,0.0,0.20490039503805,0.0213945156678721,0.1574532073539082,0.0265835714121535,0.2742778709470846,0.0,0.2017133191737884,0.0,0.0,0.0,0.0,0.0,0.0,0.0489605538853093,0.1636954769719276,0.0,0.3032376762067184,0.2745474467412581,0.2461569040354385,0.0,0.0,0.1682743891135953,0.651966916494008,0.0513256993068794,0.0,0.4841345328628187,0.317246542426099,0.0394240616257626,0.191352440609299,0.1445959646776351,0.0,0.0,0.1245780242304992,0.2680075236818432,0.0,0.3850519833436587,0.2003276600163508,0.0,0.0,0.0,0.0,0.0,0.0,0.0,0.0,0.0,0.0,0.0,0.0,0.0,0.0,0.0,0.0,0.0,0.0,0.0,0.0,0.0,0.0,0.0,0.0,0.0,0.3311178710579306,0.0,0.0,0.0,0.0,0.0,0.0,0.0,0.0
0.2411755607057507,0.0,0.0,0.0,0.1092554310982612,0.0,0.229162842675611,0.0,0.0,0.2406682276365198,0.0,0.0,0.0,0.0,0.0,0.0,0.1939285385258711,0.0,0.0,0.0,0.0,0.0,0.3318787854724445,0.2997134400523437,0.1738270452395206,0.0828012802496132,0.1309572278612802,0.1018638795466021,0.0,0.0,0.139217710636327,0.4365112619907992,0.3918278926491567,0.2828066548251201,0.1560409634073608,0.1613784753736316,0.1245780242304992,0.0,0.3022840228054595,0.2296485196428862,0.2640166967709347,0.32748403191331,0.0,0.0,0.1389260611572283,0.0,0.0,0.0,0.0,0.0,0.0,0.0,0.0,0.0,0.0953380500990218,0.0,0.1265814920248577,0.0,0.0,0.0,0.0,0.0,0.0,0.0,0.0,0.0,0.0,0.0,0.1497246529982179,0.2000518690863507,0.1843388559526351,0.0,0.0,0.0,0.0,0.0
0.3884223068958438,0.4554215137944326,0.2898710493721692,0.0,0.3031933672638875,0.3223570677836401,0.492416261444714,0.4954132701801451,0.3182664413528551,0.3555680545346917,0.1116226732354029,0.165534741416412,0.1714302215264137,0.0691939963965325,0.2575514119398147,0.3005981173045532,0.0,0.2371826254714338,0.1364288219909926,0.3597660177652677,0.5946625260606991,0.4774243495452313,0.5645934122894387,0.431570000413901,0.5294359689640346,0.4283746923109603,0.508870991289229,0.3317204307393092,0.3491025957767804,0.0,0.2898607843802582,0.7461441027512677,0.3334104668605842,0.2721178590317462,0.2265576690550592,0.2311788823247474,0.2680075236818432,0.3022840228054595,0.0,0.3467505931444345,0.4324966750895728,0.4314883703852422,0.2947571910311396,0.122516396113754,0.1431236343435165,0.3530601784001606,0.5909413100138179,0.1780038014632574,0.1827048235776099,0.2478153176881951,0.4211920007478798,0.3286448291811625,0.5251579891515057,0.3299248953401184,0.3142008772277911,0.0803876750598785,0.2753691798837754,0.2748343899209897,0.3720842620459792,0.3023574817336513,0.3899585180141072,0.487175271394442,0.3587014067919704,0.0514225475632631,0.2704892456351051,0.5675850838240082,0.496315131664072,0.6578634433945996,0.5666643401323409,0.4194585625430503,0.5421537834297205,0.535908885367843,0.3263676102431035,0.404877641315882,0.2688173677330959,0.5065023633793099
0.2030499496109891,0.0530865618678745,0.0,0.0,0.0,0.0,0.0,0.0,0.0,0.415086849680357,0.0,0.2888138476762142,0.0,0.0,0.0,0.1460783729788559,0.2819394867909422,0.24613333467668,0.0,0.0,0.1815258465842158,0.0,0.2904313476439212,0.3577359560202294,0.2898952367868578,0.1111533039629869,0.0,0.017210146983643,0.0849433414446193,0.0,0.0280406985665812,0.3832909571539573,0.6109517225787073,0.4070834355686844,0.3013203736091934,0.1119715572408596,0.0,0.2296485196428862,0.3467505931444345,0.0,0.5732977970057872,0.3614890388608801,0.1322013078726158,0.0898352014711129,0.1359355214624624,0.284360930512533,0.3173080386724988,0.0,0.0,0.0,0.0294435012745489,0.0,0.1895807304744498,0.0,0.181358915562372,0.0,0.2662104738400553,0.1866675915699661,0.0,0.0,0.4539840786008438,0.376648448436824,0.5221132521057543,0.0,0.0,0.1286932324898276,0.0,0.3291528294435576,0.3002903337723738,0.5672708809615481,0.3642754153173296,0.0,0.0,0.2921160861526124,0.2842402537150728,0.2704447855195325
0.0158104016136745,0.1102960216606634,0.0,0.0,0.0,0.0,0.0,0.21985620059298,0.0,0.4756078034159991,0.0,0.3037447483909851,0.0,0.0,0.0,0.1989163036140708,0.0,0.2625967245492098,0.0,0.0,0.217842587433244,0.0100424172875153,0.4668425280780022,0.3784663352800276,0.2701920877468813,0.0578280198470285,0.0671778392642384,0.0993802178211917,0.0,0.0,0.0748439881961839,0.4947332664326916,0.4620011946402549,0.3257427087484148,0.4331860460658617,0.0,0.3850519833436587,0.2640166967709347,0.4324966750895728,0.5732977970057872,0.0,0.5501752384734864,0.163723295914147,0.1729244858984654,0.0,0.0564999685337852,0.319220575645997,0.0,0.0917516665868363,0.0,0.0,0.0,0.1337784198435637,0.0,0.0,0.0,0.2945340835704642,0.0,0.1584538259214906,0.0,0.6256114068019972,0.3861953922209105,0.6471783405659672,0.0,0.0,0.1263247053456329,0.2105958309113636,0.577764750481667,0.3891170390125881,0.5340755541593109,0.1751123948306001,0.0,0.0,0.3196029277721947,0.4930414239669593,0.6223837048173213
