0.0,0.3881139648718036,0.0,0.0,0.0,0.2492177111490913,0.0,0.3063005497870206,0.0,0.3471884293579075,0.0,0.3096296239854331,0.0,0.0,0.2240826263470121,0.4875977162934149,0.1409951096804574,0.2159661983091881,0.0,0.3433485629008836,0.3153263478786502,0.4077353238684137,0.3038737976118378,0.3067934100266165,0.1671150495730356,0.4219576867749993,0.2607508070669243,0.2836957270397417,0.4536779966469706,0.0,0.3309612045732805,0.0,0.1649936494898407,0.0793539886766857,0.1025463640555201,0.0,0.0,0.0,0.0,0.202710071544855,0.0640128321010976,0.0,0.0,0.0,0.0,0.4768242668141962,0.1740789815210461,0.0,0.0,0.0,0.0,0.0,0.0,0.0,0.2164596375269536,0.0,0.0,0.0,0.0,0.0,0.3816184040062045,0.0,0.2865319734868332,0.0,0.0,0.1824748845405366,0.3935895048385763,0.0,0.3252939993409963,0.2037202766277853,0.4223179966086837,0.0,0.0,0.0,0.0,0.0
0.3881139648718036,0.0,0.0,0.0,0.333016586974714,0.3529459307151339,0.3671471936099349,0.3453525766515525,0.2972194456042317,0.0,0.0,0.0,0.310626285842693,0.0,0.1508762633863893,0.3998386383249607,0.0,0.1660470119444825,0.0,0.287679059042492,0.177805068982907,0.3759082752859929,0.3944547492900661,0.0,0.2578358587889866,0.4847771438963528,0.3151177783691762,0.1931783649718597,0.3987725388972105,0.0,0.1574794679469163,0.0,0.0741040909230094,0.0,0.1548700548832662,0.0,0.0,0.0,0.0,0.1614708653746152,0.086981296673375,0.0,0.0,0.0,0.0,0.3030557450036173,0.2095199686157341,0.0,0.0,0.0,0.0,0.0,0.0,0.0,0.0,0.0,0.0,0.0,0.0,0.101433386888827,0.2224168570957266,0.0,0.1491371540444018,0.0,0.3001296191444711,0.0329614301628661,0.3161905990370586,0.353116265633201,0.0,0.2216365241903769,0.4327087740225549,0.2742194053513484,0.0,0.2998868353337832,0.0,0.1396746237925593
0.0,0.0,0.0,0.0,0.5727386265152113,0.4044864018423427,0.5062767013367994,0.4677202811337315,0.5229766474564077,0.3123080760318575,0.5434330502704457,0.0,0.4997147498479692,0.3528414605872375,0.0,0.0,0.0,0.0,0.6141593536559709,0.0,0.0,0.0,0.487155323581457,0.0,0.0,0.0,0.4435762465044744,0.4961009467004214,0.0,0.3643208749515806,0.3792869913414959,0.0,0.0,0.0191595267259364,0.0492137779314168,0.1568099541081691,0.0,0.0,0.0,0.0,0.0,0.0,0.0192147380517596,0.0,0.0,0.0,0.0,0.640062873047764,0.0,0.4550377049421459,0.2888700228872464,0.0,0.3914399382055069,0.5428519166333757,0.0,0.5416388556577845,0.0,0.0,0.3522139076774306,0.0,0.0,0.0,0.0,0.6156526393956905,0.0,0.0,0.0,0.4119948984613369,0.0,0.0,0.0,0.3938480660406017,0.0,0.0,0.0,0.0
0.0,0.0,0.0,0.0,0.253683736990481,0.1321683030593236,0.3178697288695706,0.257942443605871,0.066847296940055,0.1879731466379786,0.1454234117673466,0.0,0.3239567578346048,0.3024860009797174,0.0,0.0,0.0,0.0,0.223713171471421,0.0,0.0,0.0,0.227928442887441,0.0,0.0,0.0,0.0,0.2231833834174727,0.0,0.0,0.0,0.0,0.0,0.0,0.0769857205936798,0.0682631657429171,0.0,0.0,0.0,0.0,0.0,0.0,0.0,0.0,0.0,0.0,0.0,0.0,0.0,0.0,0.0,0.0,0.0,0.0,0.0,0.0,0.0,0.0,0.0,0.0,0.0,0.0,0.0,0.0,0.0,0.0,0.0,0.0,0.0,0.0,0.0,0.0,0.0,0.0,0.0,0.0
0.0,0.333016586974714,0.5727386265152113,0.253683736990481,0.0,0.311247625041725,0.5634643572959562,0.4496852684853373,0.4643834208406955,0.3030972721287389,0.6061802110857224,0.509853950632589,0.566927630094776,0.3385355374588905,0.0,0.0,0.0,0.0,0.5983010661434822,0.5543567605064219,0.0,0.5173171631682877,0.3616540518336758,0.0,0.0,0.0,0.3891769810329868,0.5899385100416181,0.5170832810510769,0.0,0.4361207132442745,0.0,0.0430642118898215,0.1055316942834575,0.0,0.347305427223135,0.0824220169899768,0.0,0.0,0.0,0.0,0.0,0.1205191977984076,0.0,0.0,0.0,0.0,0.5243280995546998,0.0,0.0,0.0,0.0,0.4208142223592948,0.5113095456842295,0.0,0.5842649649997508,0.0,0.0,0.0,0.0,0.0,0.0,0.0,0.0,0.0,0.0,0.0,0.2719780997053496,0.0,0.0,0.0,0.3649621021296811,0.0,0.0,0.0,0.0
0.2492177111490913,0.3529459307151339,0.4044864018423427,0.1321683030593236,0.311247625041725,0.0,0.3766724935115285,0.4670218199413657,0.4220782798050976,0.3497495587265174,0.229695305728358,0.0,0.4076155459042276,0.1212339247824015,0.2761763173385899,0.2044273585853837,0.0,0.3276910886104293,0.3521957787870058,0.30773929095974,0.3467789318254838,0.2634986109089484,0.5702908703074164,0.0,0.1628478513595616,0.3009684165120652,0.5041831993953036,0.219631733822167,0.4324070350926847,0.1320646585280774,0.1385620605014833,0.0,0.2001069730066771,0.0372687662362102,0.0759038251067997,0.1123257000712965,0.0,0.0,0.0,0.0,0.0,0.0,0.1257492584981239,0.0,0.0,0.0,0.0,0.4086264177676361,0.0,0.0,0.5170562248589934,0.4080432490701599,0.4032312095113549,0.3979276346276477,0.0,0.2144059373331068,0.0,0.342349084867694,0.0,0.2510108056901922,0.0,0.0,0.0,0.3651611769764623,0.2540246693201731,0.2055262175130821,0.1867360835683972,0.4627622420482125,0.0,0.0,0.0,0.4502999859972844,0.2062013702381731,0.1771355977686299,0.0,0.0
0.0,0.3671471936099349,0.5062767013367994,0.3178697288695706,0.5634643572959562,0.3766724935115285,0.0,0.4686431923339768,0.441999810281538,0.2861303092184744,0.4319271951647706,0.5042738333655368,0.5654902259567451,0.3371654821804594,0.0,0.2331144804809909,0.1216701657938989,0.1760967513305058,0.4839291890490269,0.3987228615689591,0.0,0.3562779768908697,0.40983220984847,0.2606952632817112,0.0,0.3033072441099105,0.3580083189754007,0.4810610721014218,0.484147985950663,0.0,0.289632934606905,0.0,0.0901591711049349,0.0591299894324754,0.0885613023156214,0.2755661894743966,0.0352887667229235,0.0,0.0,0.0,0.0,0.0,0.0,0.0,0.0,0.0,0.0,0.0,0.0,0.0,0.2241961289109266,0.0,0.0,0.0,0.0,0.0,0.0,0.0,0.0,0.0,0.0,0.0,0.0,0.0,0.0,0.0,0.0,0.2963165465157201,0.0,0.0,0.0,0.3286202580673741,0.0,0.0,0.0,0.0
0.3063005497870206,0.3453525766515525,0.4677202811337315,0.257942443605871,0.4496852684853373,0.4670218199413657,0.4686431923339768,0.0,0.3917700548951369,0.3733666470944227,0.4072559268673217,0.0,0.4788339557897158,0.2844263956687352,0.2651600145007711,0.2411652208809844,0.0,0.2362453366277733,0.4482936364779114,0.3412716987212746,0.3852428324564551,0.3097778796787982,0.5528820534209411,0.3529777012966932,0.0,0.3711619759909224,0.3586215391051549,0.3665988609658944,0.3992376108704792,0.264690293977233,0.2719547889651356,0.0,0.1874424941474056,0.1483705314875165,0.1041004632139883,0.207476058965499,0.0373065413276721,0.0,0.0,0.0,0.0,0.0,0.0916602911663842,0.0,0.0,0.0,0.0,0.4449425414587027,0.0,0.3775768071345228,0.3587047147356261,0.3629982121752122,0.5536490307239973,0.4186182456429263,0.0,0.4025237970139112,0.0,0.2868933533664123,0.2890203365684991,0.222389915322041,0.0,0.0,0.0,0.4552495805319956,0.3196295711527831,0.2471158540785932,0.0,0.4243752451768782,0.0,0.0,0.0,0.3026930011497434,0.3058385549497335,0.1130553939308622,0.0,0.0
0.0,0.2972194456042317,0.5229766474564077,0.066847296940055,0.4643834208406955,0.4220782798050976,0.441999810281538,0.3917700548951369,0.0,0.2672985113900993,0.3931410896783441,0.3656095419806354,0.3861682170407568,0.102142998892355,0.0,0.1136780621100916,0.0,0.0,0.4664565866518688,0.4061486344938008,0.0,0.3375347842169263,0.4142784259803609,0.0,0.0,0.0,0.5996071410720584,0.3413284314768817,0.3521876086726604,0.1016529754783512,0.2203695421354266,0.0,0.1244868666911123,0.1123010503528624,0.0814801788900477,0.2105755145934583,0.0957300980772301,0.0941443574653396,0.0,0.0,0.0,0.0,0.1245058535231166,0.0,0.0,0.0,0.0,0.5593215743932546,0.0,0.0,0.1993195949927402,0.0,0.4352487374792284,0.6586408970812632,0.0,0.3920454320566007,0.0,0.0,0.0961374092352534,0.0,0.0,0.0,0.0,0.4528667250205063,0.0,0.0,0.0,0.382656843485916,0.0,0.0,0.0,0.564149852416317,0.0,0.0,0.0,0.0
0.3471884293579075,0.0,0.3123080760318575,0.1879731466379786,0.3030972721287389,0.3497495587265174,0.2861303092184744,0.3733666470944227,0.2672985113900993,0.0,0.3076421913409587,0.4180934203696447,0.3654856149552666,0.0428032774906354,0.0,0.3490344204276816,0.4274356841687181,0.3618558311876954,0.3096008195035549,0.0,0.0,0.3598771366377452,0.2569324492688148,0.4082381528220871,0.1995406550856362,0.2797047991211463,0.3693665073015847,0.3534286786544474,0.0,0.0,0.3974198620358258,0.0775362601525029,0.2461594288760347,0.2480766581191943,0.0,0.212721511028164,0.140095773697272,0.1297166695779796,0.0,0.0545435468694056,0.0,0.0,0.0,0.0,0.0408871721786445,0.0,0.0,0.0,0.0,0.0,0.0,0.0,0.0,0.0,0.4687645887201643,0.0,0.3481902201603629,0.0,0.0,0.0,0.0,0.3949575839468335,0.2672264410309772,0.0,0.0,0.0,0.0,0.0,0.3119411628108717,0.3463785097167008,0.3653362968307104,0.0,0.3016183105724216,0.0,0.0,0.0
0.0,0.0,0.5434330502704457,0.1454234117673466,0.6061802110857224,0.229695305728358,0.4319271951647706,0.4072559268673217,0.3931410896783441,0.3076421913409587,0.0,0.4516986385202547,0.5004571874210851,0.2210112379480561,0.0,0.0,0.0,0.0,0.6002723197016481,0.0,0.0,0.0,0.2816154008271881,0.0,0.0,0.0,0.3508974000919089,0.5646189145147612,0.0,0.0,0.5285391556526142,0.0,0.038434724206554,0.1709567103687938,0.0,0.3621144453980394,0.1233191869842157,0.0,0.0,0.0,0.0,0.0,0.1776482974960029,0.0,0.0,0.0,0.0,0.4784103574103238,0.0,0.556351072679625,0.1792817178081403,0.2992307435035179,0.4305405928197788,0.4457326596554191,0.0,0.6474951778011065,0.0,0.1184894831053277,0.3980986396830642,0.0,0.0,0.0,0.0,0.5551166128472269,0.0,0.0,0.0,0.1806984117141695,0.0,0.0,0.0,0.2993439504871149,0.0,0.0,0.0,0.0
0.3096296239854331,0.0,0.0,0.0,0.509853950632589,0.0,0.5042738333655368,0.0,0.3656095419806354,0.4180934203696447,0.4516986385202547,0.0,0.5371042248257076,0.0,0.0,0.0,0.2342549908010594,0.2841199966569259,0.0,0.0,0.0,0.0,0.0,0.4151805175435032,0.0,0.3140896353220407,0.0,0.4981954380693579,0.0,0.0,0.4290658795509551,0.0,0.1399461008471803,0.2430944466541828,0.0109782782386093,0.364784168648045,0.2280825515265869,0.0459434239553961,0.0,0.0,0.0,0.0,0.0,0.0,0.0,0.0,0.0,0.0,0.0,0.0,0.0,0.0,0.0,0.0,0.3469468449247976,0.0,0.4328687931273551,0.0,0.0,0.0,0.0,0.2359046404386264,0.0448094444320709,0.0,0.0,0.0,0.0,0.0,0.2876145580292163,0.0,0.2222713308480979,0.0,0.0,0.0,0.0,0.0
0.0,0.310626285842693,0.4997147498479692,0.3239567578346048,0.566927630094776,0.4076155459042276,0.5654902259567451,0.4788339557897158,0.3861682170407568,0.3654856149552666,0.5004571874210851,0.5371042248257076,0.0,0.2293215187273203,0.3566112374054707,0.2602434914817383,0.3525979327597659,0.3656296246492686,0.5486666623659772,0.5109379904111241,0.2824501680789341,0.4420685548390138,0.3826935707382917,0.4228340722976077,0.0,0.3643260614131456,0.3307690671628336,0.5737498421407953,0.5410637765004935,0.4515785457668956,0.3907669305313238,0.0,0.1081972558790825,0.0919431654092473,0.0,0.3900092896943947,0.1607059080121245,0.0494810050054507,0.0,0.0,0.0,0.0,0.1913248313244042,0.0,0.0,0.0,0.0,0.4309656956730253,0.0,0.0,0.3501924160748997,0.0,0.422901888436038,0.0,0.0,0.0,0.0,0.0,0.0,0.0,0.0,0.0,0.0,0.0,0.0,0.0,0.0,0.2220646780623997,0.0,0.0,0.0,0.26638763712594,0.0,0.183473583320404,0.0,0.0
0.0,0.0,0.3528414605872375,0.3024860009797174,0.3385355374588905,0.1212339247824015,0.3371654821804594,0.2844263956687352,0.102142998892355,0.0428032774906354,0.2210112379480561,0.0,0.2293215187273203,0.0,0.0,0.0,0.0,0.0,0.2867313192698567,0.0,0.0,0.0,0.3307695961261601,0.0,0.0,0.0,0.0059793955354831,0.1967218853942063,0.0,0.0,0.0298699290416365,0.0,0.0,0.0,0.0,0.0,0.0,0.0,0.0,0.0,0.0,0.0,0.0,0.0,0.0,0.0,0.0,0.3085713426140982,0.0,0.0,0.0,0.0,0.0,0.1297441885181987,0.0,0.2301202008655113,0.0,0.0,0.0,0.0,0.0,0.0,0.0,0.0,0.0,0.0,0.0,0.2967528432667906,0.0,0.0,0.0,0.0,0.0,0.0,0.0,0.0
0.2240826263470121,0.1508762633863893,0.0,0.0,0.0,0.2761763173385899,0.0,0.2651600145007711,0.0,0.0,0.0,0.0,0.3566112374054707,0.0,0.0,0.2902827406440244,0.0,0.3919264230722872,0.0,0.5648998896063463,0.3518308969520572,0.5300650763703433,0.1668704602663222,0.3130607625595512,0.0,0.1727856059174971,0.4345351974380407,0.4507231842910551,0.39178969699273,0.0,0.5422718566920374,0.0,0.168565145955804,0.3210906744830272,0.0,0.3566051317516786,0.0,0.0,0.0,0.0,0.0,0.0,0.0,0.0,0.0,0.0,0.469775681766432,0.0,0.0,0.0,0.1868579232030828,0.0,0.4012855849077492,0.0,0.0,0.0,0.0,0.0,0.0,0.6530098936462426,0.0557258610709896,0.0,0.0,0.0,0.4919163019934789,0.4196791513739893,0.4801652637451327,0.1261129614874103,0.0,0.0,0.1850492168622509,0.3444425104539264,0.280167227806235,0.1073391238504559,0.0,0.0
0.4875977162934149,0.3998386383249607,0.0,0.0,0.0,0.2044273585853837,0.2331144804809909,0.2411652208809844,0.1136780621100916,0.3490344204276816,0.0,0.0,0.2602434914817383,0.0,0.2902827406440244,0.0,0.3046342913878219,0.4363606693643123,0.0,0.371365741581888,0.1867726173980581,0.4613154495824275,0.2109123277502128,0.2794653606936579,0.2310264519044806,0.4404109707923535,0.1841802171798471,0.3276428320329158,0.4949395918585691,0.3345274500184669,0.407989549321039,0.0,0.0732488176331312,0.0975661559277725,0.0,0.0,0.0,0.0,0.0,0.0619409917074505,0.0141512425505049,0.0,0.0,0.0,0.0,0.3287009932482735,0.2225685893732093,0.0,0.0,0.0,0.0,0.0,0.0,0.0,0.0,0.0,0.0,0.0,0.0,0.2225305096658951,0.4307434967860107,0.0,0.3922895261264529,0.0,0.4072846983229509,0.0873313288984026,0.4526279804949435,0.0,0.0,0.2613326273743484,0.3997431802483561,0.0,0.0,0.0,0.0,0.2811984100218355
0.1409951096804574,0.0,0.0,0.0,0.0,0.0,0.1216701657938989,0.0,0.0,0.4274356841687181,0.0,0.2342549908010594,0.3525979327597659,0.0,0.0,0.3046342913878219,0.0,0.5497232960963863,0.0,0.3573803925610076,0.0,0.3042262662733326,0.0,0.4130839322850774,0.0588947184050046,0.240623388363043,0.0,0.3605877226490626,0.0,0.0,0.4137802321587804,0.0,0.1507452214168028,0.1470813224502159,0.0,0.0,0.0,0.1596235184369013,0.0,0.0,0.0,0.0,0.0,0.0,0.0,0.0,0.0,0.0,0.0,0.0,0.0,0.0,0.0,0.0,0.2046762038472878,0.0,0.2326119492749985,0.0,0.0,0.0,0.0,0.3738873707412612,0.3812024208760304,0.0,0.0,0.0,0.0,0.0,0.2340154647653543,0.1885179159918091,0.2319436925966506,0.0,0.0,0.0,0.0,0.0
0.2159661983091881,0.1660470119444825,0.0,0.0,0.0,0.3276910886104293,0.1760967513305058,0.2362453366277733,0.0,0.3618558311876954,0.0,0.2841199966569259,0.3656296246492686,0.0,0.3919264230722872,0.4363606693643123,0.5497232960963863,0.0,0.0,0.4027029164727682,0.2394916421438153,0.3593672885271992,0.176372690900617,0.4307007382814258,0.1019751593447458,0.2692792422253859,0.2017335716538701,0.3682900073550664,0.4247780208071872,0.0,0.4084821039265513,0.0,0.0907643149924312,0.0905382360192909,0.0,0.0,0.0,0.0,0.0,0.0,0.0,0.0,0.0,0.0,0.0,0.0163775391363438,0.2245212029124357,0.0,0.0,0.0,0.0,0.0,0.0,0.0,0.1690279139098947,0.0,0.2431252243063288,0.0,0.0,0.0,0.2343923407079871,0.3195694174888327,0.4136159515705594,0.0,0.0,0.0,0.3701293925010677,0.0,0.2098079678403861,0.1855430476672599,0.2130643691689689,0.0,0.0,0.0,0.0,0.1036077644563584
0.0,0.0,0.6141593536559709,0.223713171471421,0.5983010661434822,0.3521957787870058,0.4839291890490269,0.4482936364779114,0.4664565866518688,0.3096008195035549,0.6002723197016481,0.0,0.5486666623659772,0.2867313192698567,0.0,0.0,0.0,0.0,0.0,0.0,0.0,0.0,0.4022336269531477,0.0,0.0,0.0,0.3884040797436123,0.5388985212500494,0.0,0.0,0.4357816789417965,0.0,0.0,0.0884787523294998,0.0,0.2209374403640349,0.0285189820482626,0.0,0.0,0.0,0.0,0.0,0.089997688572882,0.0,0.0,0.0,0.0,0.5465876564847204,0.0,0.0,0.3063783572377971,0.0,0.3975155970729624,0.4912731524455995,0.0,0.5846348545704112,0.0,0.0,0.4002441017811302,0.0,0.0,0.0,0.0,0.6462422870567275,0.0,0.0,0.0,0.2966089412104158,0.0,0.0,0.0,0.3458022860412076,0.0,0.0,0.0,0.0
0.3433485629008836,0.287679059042492,0.0,0.0,0.5543567605064219,0.30773929095974,0.3987228615689591,0.3412716987212746,0.4061486344938008,0.0,0.0,0.0,0.5109379904111241,0.0,0.5648998896063463,0.371365741581888,0.3573803925610076,0.4027029164727682,0.0,0.0,0.2518605461025325,0.6269342315717209,0.2725422852889681,0.0,0.0,0.3671204242297028,0.4194980492266258,0.5691071250618367,0.5471701723946218,0.4570999877125009,0.5417214707584855,0.0,0.078314828207395,0.165132800256008,0.0,0.3654713993518945,0.1597131786536506,0.0,0.0,0.0,0.0,0.0,0.0,0.0,0.0,0.0,0.3083944893717172,0.0,0.0,0.0,0.2657727117459492,0.0,0.3799852680382272,0.0,0.0,0.0,0.0,0.0,0.0,0.5610484270433452,0.0,0.0,0.0,0.0,0.6399003589940437,0.2654734912061094,0.6048413233028129,0.168910436385833,0.0,0.0,0.2998467060182949,0.3599673865141557,0.4365046173516877,0.2348750021113471,0.0,0.1178589959354802
0.3153263478786502,0.177805068982907,0.0,0.0,0.0,0.3467789318254838,0.0,0.3852428324564551,0.0,0.0,0.0,0.0,0.2824501680789341,0.0,0.3518308969520572,0.1867726173980581,0.0,0.2394916421438153,0.0,0.2518605461025325,0.0,0.2343248364992005,0.2569581079605653,0.3486457297443596,0.1749923237805313,0.0874403944441449,0.3479237310046179,0.2557366061376614,0.3164974630517367,0.2142129150575248,0.3425355505969026,0.2224397273440073,0.2544810490448851,0.2533447719234283,0.0,0.1834482540499942,0.0,0.0,0.0822854426861378,0.0813058597091044,0.0,0.0,0.0,0.0,0.0,0.2538853384098624,0.4412078256928141,0.0,0.0,0.0,0.1996969364196066,0.0,0.4765038882278505,0.0,0.0,0.0,0.0,0.0,0.0,0.3190909114960644,0.0865865045908587,0.0,0.0,0.0,0.1770993489258437,0.5489637942518989,0.1904626919304412,0.285922486849079,0.0,0.3222244193081766,0.2141456058383716,0.3025527281300441,0.1796528864998328,0.1513164913914437,0.0,0.0
0.4077353238684137,0.3759082752859929,0.0,0.0,0.5173171631682877,0.2634986109089484,0.3562779768908697,0.3097778796787982,0.3375347842169263,0.3598771366377452,0.0,0.0,0.4420685548390138,0.0,0.5300650763703433,0.4613154495824275,0.3042262662733326,0.3593672885271992,0.0,0.6269342315717209,0.2343248364992005,0.0,0.2472925900881075,0.0,0.0,0.4192295513138187,0.3996199063112595,0.510294300266557,0.5676119668493449,0.4282302875375114,0.5386296836359412,0.0,0.1094805206252199,0.1786007985819709,0.0,0.2757485930960512,0.0849883129995836,0.0,0.0,0.0,0.0,0.0,0.0,0.0,0.0,0.2179062004218214,0.3487525690675501,0.0,0.0,0.0,0.2272502965719761,0.0,0.0,0.0,0.0,0.0,0.0,0.0,0.0,0.5034592065852255,0.268288537694788,0.0,0.3006557385162903,0.0,0.6136810673873582,0.243067439158114,0.6373564805563423,0.1860983259607433,0.0,0.1859686533728189,0.3868954497057809,0.3504673678884072,0.0,0.3453962302456679,0.0,0.2084323571847826
0.3038737976118378,0.3944547492900661,0.487155323581457,0.227928442887441,0.3616540518336758,0.5702908703074164,0.40983220984847,0.5528820534209411,0.4142784259803609,0.2569324492688148,0.2816154008271881,0.0,0.3826935707382917,0.3307695961261601,0.1668704602663222,0.2109123277502128,0.0,0.176372690900617,0.4022336269531477,0.2725422852889681,0.2569581079605653,0.2472925900881075,0.0,0.248853429144918,0.0882863619795991,0.3941812359659138,0.4000280156505842,0.2382307976853746,0.3899341090374113,0.1599773846084382,0.0827777279551326,0.0,0.0808896089668152,0.0,0.1917910467206996,0.0369738508572234,0.0,0.0,0.0,0.1638579545099444,0.092152895207378,0.0,0.0,0.0,0.0,0.0,0.0816483808528993,0.5044248225765561,0.0,0.2166419846367774,0.4808524103428126,0.3541957319477589,0.4100453610007285,0.3997227596340807,0.0,0.2771109894843926,0.0,0.353138412831805,0.2360026192655137,0.1466051958150726,0.0,0.0,0.0,0.4484976981099988,0.2776281185853153,0.0818341127860592,0.2233582893070375,0.5903853162834041,0.0,0.0,0.3550265251507654,0.4059987979943595,0.2838562795383964,0.2512849008313318,0.263525201079929,0.1002120140399796
0.3067934100266165,0.0,0.0,0.0,0.0,0.0,0.2606952632817112,0.3529777012966932,0.0,0.4082381528220871,0.0,0.4151805175435032,0.4228340722976077,0.0,0.3130607625595512,0.2794653606936579,0.4130839322850774,0.4307007382814258,0.0,0.0,0.3486457297443596,0.0,0.248853429144918,0.0,0.0,0.3199583589898619,0.1734118548631724,0.3664416931505309,0.0,0.0,0.3516145147583047,0.0,0.1403620936795469,0.0490955842179585,0.0,0.2547470952469567,0.0,0.1238790835740477,0.0,0.0201900502775852,0.0,0.0,0.0,0.0,0.1282875026033843,0.1756948998292909,0.0,0.0,0.0,0.0,0.0,0.0,0.0,0.0,0.1950716828895073,0.0,0.2485639063131264,0.0,0.0,0.0,0.1137749463766191,0.3332235777518539,0.2894950387235391,0.0,0.0,0.0,0.0,0.0,0.4479605158198973,0.0473943421895573,0.2967009230295607,0.0,0.0,0.0,0.0,0.118473174209855
0.1671150495730356,0.2578358587889866,0.0,0.0,0.0,0.1628478513595616,0.0,0.0,0.0,0.1995406550856362,0.0,0.0,0.0,0.0,0.0,0.2310264519044806,0.0588947184050046,0.1019751593447458,0.0,0.0,0.1749923237805313,0.0,0.0882863619795991,0.0,0.0,0.0913904362168948,0.157723841586703,0.0,0.0697436261756129,0.0,0.0,0.0,0.0944910619907814,0.0,0.0836301659386031,0.0,0.0,0.0,0.0310663600039418,0.1944424742339141,0.1036857238459874,0.0592565272785391,0.0,0.0,0.0,0.2325702844472971,0.1989471047537866,0.0,0.0,0.0,0.0,0.0,0.0,0.0,0.0975359203479902,0.0,0.0,0.0,0.0,0.0,0.3357641489244847,0.0526515109172966,0.2060205316678469,0.0,0.0,0.0693601714533838,0.0,0.0,0.0,0.5030813075897314,0.2161495596554163,0.0,0.0,0.0,0.0,0.0654742362390623
0.4219576867749993,0.4847771438963528,0.0,0.0,0.0,0.3009684165120652,0.3033072441099105,0.3711619759909224,0.0,0.2797047991211463,0.0,0.3140896353220407,0.3643260614131456,0.0,0.1727856059174971,0.4404109707923535,0.240623388363043,0.2692792422253859,0.0,0.3671204242297028,0.0874403944441449,0.4192295513138187,0.3941812359659138,0.3199583589898619,0.0913904362168948,0.0,0.168606371186114,0.2784456447767419,0.4528583850355452,0.0,0.1838914793828141,0.0,0.0626966399677628,0.0,0.1139875824172811,0.0236323782651851,0.0,0.0,0.0,0.1870265785741713,0.238101069946666,0.0148152335577861,0.0,0.0,0.2362638616155549,0.32874903760039,0.0585237370657443,0.0,0.0,0.0,0.0,0.0,0.0,0.0,0.0761508641272954,0.0,0.0,0.0,0.0,0.1278220933937552,0.2899255809390329,0.3153222810703519,0.3183363458963487,0.0,0.4273730724456261,0.0,0.4452466858551814,0.2783503865856462,0.4006436557261679,0.1072498681161463,0.5312910479563646,0.1445265999495828,0.0,0.3155571642841467,0.0,0.3237959831048042
0.2607508070669243,0.3151177783691762,0.4435762465044744,0.0,0.3891769810329868,0.5041831993953036,0.3580083189754007,0.3586215391051549,0.5996071410720584,0.3693665073015847,0.3508974000919089,0.0,0.3307690671628336,0.0059793955354831,0.4345351974380407,0.1841802171798471,0.0,0.2017335716538701,0.3884040797436123,0.4194980492266258,0.3479237310046179,0.3996199063112595,0.4000280156505842,0.1734118548631724,0.157723841586703,0.168606371186114,0.0,0.2845833524354306,0.3876122116879723,0.0964390774090934,0.2619095730383423,0.0646304583421946,0.2018482337863628,0.1685276226911997,0.0422193462441819,0.2030670511408968,0.1332246151965681,0.0,0.0,0.0,0.0,0.0,0.2021889902238734,0.0,0.0,0.0,0.3905978258267256,0.5022245580593105,0.0,0.0,0.2714013551478839,0.4887619764559445,0.4408839881060525,0.5881995493070861,0.0,0.3644939387198634,0.0,0.1006224516028015,0.0,0.42705029854496,0.0,0.0,0.0,0.3732098700996628,0.3633885983176372,0.3331885663736945,0.3064556676220091,0.414280466089335,0.0,0.0,0.20058399448801,0.622541737848502,0.134865551956353,0.2119988809978636,0.0888824222620689,0.0
0.2836957270397417,0.1931783649718597,0.4961009467004214,0.2231833834174727,0.5899385100416181,0.219631733822167,0.4810610721014218,0.3665988609658944,0.3413284314768817,0.3534286786544474,0.5646189145147612,0.4981954380693579,0.5737498421407953,0.1967218853942063,0.4507231842910551,0.3276428320329158,0.3605877226490626,0.3682900073550664,0.5388985212500494,0.5691071250618367,0.2557366061376614,0.510294300266557,0.2382307976853746,0.3664416931505309,0.0,0.2784456447767419,0.2845833524354306,0.0,0.539919343148797,0.5805801948023716,0.5475106544600568,0.0,0.0313790637504899,0.1391868744051566,0.0,0.4232323501701717,0.2095018075708137,0.0653569324321218,0.0,0.0,0.0,0.0,0.2043386309739559,0.0,0.0,0.0,0.0,0.0,0.0,0.0,0.2164488433317069,0.0,0.3937503103335469,0.0,0.0,0.0,0.0,0.0,0.0,0.4488467753980804,0.0,0.0,0.0,0.0,0.5520453596447132,0.3150471893076797,0.0,0.1216103799313778,0.0,0.0,0.0,0.2371952861776194,0.54371015183998,0.2424214442939384,0.0,0.1442607309118086
0.4536779966469706,0.3987725388972105,0.0,0.0,0.5170832810510769,0.4324070350926847,0.484147985950663,0.3992376108704792,0.3521876086726604,0.0,0.0,0.0,0.5410637765004935,0.0,0.39178969699273,0.4949395918585691,0.0,0.4247780208071872,0.0,0.5471701723946218,0.3164974630517367,0.5676119668493449,0.3899341090374113,0.0,0.0697436261756129,0.4528583850355452,0.3876122116879723,0.539919343148797,0.0,0.4487521156489124,0.4390093301230042,0.0,0.1304960043638591,0.0461026662541121,0.0,0.1847047656132973,0.0141248412402952,0.0,0.0,0.0,0.0,0.0,0.0,0.0,0.0,0.0,0.3026656442469658,0.0,0.0,0.0,0.3959467598030185,0.0,0.3374037061999839,0.0,0.0,0.0,0.0,0.4117646946232745,0.0,0.3809379069324224,0.0,0.0,0.0,0.0,0.5472629372242447,0.2374614767662772,0.5441704930021843,0.3282910858751733,0.0,0.0,0.4444154908967223,0.3732975658504578,0.5223226883199598,0.4525867298350275,0.0,0.2956447010358171
0.0,0.0,0.3643208749515806,0.0,0.0,0.1320646585280774,0.0,0.264690293977233,0.1016529754783512,0.0,0.0,0.0,0.4515785457668956,0.0,0.0,0.3345274500184669,0.0,0.0,0.0,0.4570999877125009,0.2142129150575248,0.4282302875375114,0.1599773846084382,0.0,0.0,0.0,0.0964390774090934,0.5805801948023716,0.4487521156489124,0.0,0.4838570158338238,0.0,0.0,0.0591793185324681,0.0,0.0,0.0,0.0,0.0,0.0,0.0,0.0,0.0,0.0,0.0,0.0,0.0,0.0,0.0,0.0,0.0,0.0,0.0,0.0,0.0,0.0,0.0,0.0,0.0,0.0,0.0,0.0,0.0,0.0,0.4532000015563666,0.0,0.0,0.0479397991542719,0.0,0.0,0.0,0.063270340586342,0.0,0.0,0.0,0.0
0.3309612045732805,0.1574794679469163,0.3792869913414959,0.0,0.4361207132442745,0.1385620605014833,0.289632934606905,0.2719547889651356,0.2203695421354266,0.3974198620358258,0.5285391556526142,0.4290658795509551,0.3907669305313238,0.0298699290416365,0.5422718566920374,0.407989549321039,0.4137802321587804,0.4084821039265513,0.4357816789417965,0.5417214707584855,0.3425355505969026,0.5386296836359412,0.0827777279551326,0.3516145147583047,0.0,0.1838914793828141,0.2619095730383423,0.5475106544600568,0.4390093301230042,0.4838570158338238,0.0,0.0,0.1035954583866875,0.2876975597555664,0.0,0.3373356217328032,0.2472197406645109,0.1106870144049856,0.0,0.0,0.0,0.0,0.0,0.0,0.0,0.1456757683766292,0.4166502896130868,0.0,0.0,0.0,0.0972362437443819,0.0,0.3866854247398404,0.0,0.3172810093063515,0.0,0.4252655727844588,0.0,0.0,0.5106790283899638,0.1600122793377548,0.0,0.2353328460269135,0.0,0.5109576824937531,0.4194068609641342,0.5031214172733658,0.0,0.2481722843171535,0.1060992563940111,0.1947884782380723,0.1918122791023909,0.3849695355613362,0.1906121017798652,0.0,0.1015698162419601
0.0,0.0,0.0,0.0,0.0,0.0,0.0,0.0,0.0,0.0775362601525029,0.0,0.0,0.0,0.0,0.0,0.0,0.0,0.0,0.0,0.0,0.2224397273440073,0.0,0.0,0.0,0.0,0.0,0.0646304583421946,0.0,0.0,0.0,0.0,0.0,0.2657637946154056,0.2618281761805748,0.0974970910774161,0.0621652117645699,0.1735160514537954,0.2429880342318228,0.5329066909630967,0.0819830366205191,0.0,0.0,0.1765296231172471,0.0,0.0,0.0448979774747995,0.1610861503891091,0.0,0.0,0.0,0.0,0.0,0.0866657756541655,0.0,0.2146676870885097,0.0,0.2389735266716824,0.0,0.0,0.0,0.0,0.0,0.0,0.0,0.0,0.2522568293582997,0.0,0.0,0.0,0.0971584737914431,0.0,0.0222961959260864,0.0,0.0,0.0,0.0
0.1649936494898407,0.0741040909230094,0.0,0.0,0.0430642118898215,0.2001069730066771,0.0901591711049349,0.1874424941474056,0.1244868666911123,0.2461594288760347,0.038434724206554,0.1399461008471803,0.1081972558790825,0.0,0.168565145955804,0.0732488176331312,0.1507452214168028,0.0907643149924312,0.0,0.078314828207395,0.2544810490448851,0.1094805206252199,0.0808896089668152,0.1403620936795469,0.0944910619907814,0.0626966399677628,0.2018482337863628,0.0313790637504899,0.1304960043638591,0.0,0.1035954583866875,0.2657637946154056,0.0,0.3659628062131048,0.035868826983045,0.1051510367855448,0.0386601228675025,0.1731944547849975,0.1846423844868882,0.3752636706135688,-0.0010953994125901,0.0,0.0,0.0,0.0807371527632915,0.1896662307979145,0.2439883546952767,0.0,0.0,0.0,0.0,0.0,0.0,0.0,0.2671478749046669,0.0,0.2172079460437478,0.0,0.0,0.129527433290717,0.0479138821805458,0.0912950986978238,0.0406646406889275,0.0,0.0326610277284435,0.2505699287038898,0.0597041676991665,0.0789903368933944,0.1487384681699377,0.2340680090032832,0.1058204806849368,0.1795701374359346,0.0,0.0488753615073481,0.0,0.0
0.0793539886766857,0.0,0.0191595267259364,0.0,0.1055316942834575,0.0372687662362102,0.0591299894324754,0.1483705314875165,0.1123010503528624,0.2480766581191943,0.1709567103687938,0.2430944466541828,0.0919431654092473,0.0,0.3210906744830272,0.0975661559277725,0.1470813224502159,0.0905382360192909,0.0884787523294998,0.165132800256008,0.2533447719234283,0.1786007985819709,0.0,0.0490955842179585,0.0,0.0,0.1685276226911997,0.1391868744051566,0.0461026662541121,0.0591793185324681,0.2876975597555664,0.2618281761805748,0.3659628062131048,0.0,0.0,0.1966033473684356,0.2628593399027442,0.2001978761125191,0.2178977875644095,0.013654873107467,0.0,0.0,0.2659386131191145,0.0,0.0,0.0605114639553134,0.3450365204452731,0.0,0.0,0.0,0.0,0.0,0.3065307125789882,0.0,0.3019055190435665,0.0,0.4353355096332525,0.0,0.0,0.3045174636878233,0.0,0.0,0.0,0.0,0.1093404479529594,0.3333569856584382,0.1215735074794473,0.0,0.0170201868360771,0.1284773238740326,0.0,0.1364547827086856,0.0,0.0,0.0,0.0
0.1025463640555201,0.1548700548832662,0.0492137779314168,0.0769857205936798,0.0,0.0759038251067997,0.0885613023156214,0.1041004632139883,0.0814801788900477,0.0,0.0,0.0109782782386093,0.0,0.0,0.0,0.0,0.0,0.0,0.0,0.0,0.0,0.0,0.1917910467206996,0.0,0.0836301659386031,0.1139875824172811,0.0422193462441819,0.0,0.0,0.0,0.0,0.0974970910774161,0.035868826983045,0.0,0.0,0.0,0.0,0.0,0.0790724339414582,0.2235713834546594,0.1876902635497045,0.2055155034411893,0.0,0.1037437244711095,0.1025477854833394,0.0,0.0,0.0,0.0,0.0,0.0,0.0,0.0,0.0,0.0,0.0,0.0,0.0,0.0,0.0,0.0218279161970633,0.0,0.0,0.0,0.0,0.0,0.0,0.2922669752902157,0.0,0.0131283939726339,0.1017047111715358,0.0821468106890695,0.0,0.0953602962265288,0.0,0.0
0.0,0.0,0.1568099541081691,0.0682631657429171,0.347305427223135,0.1123257000712965,0.2755661894743966,0.207476058965499,0.2105755145934583,0.212721511028164,0.3621144453980394,0.364784168648045,0.3900092896943947,0.0,0.3566051317516786,0.0,0.0,0.0,0.2209374403640349,0.3654713993518945,0.1834482540499942,0.2757485930960512,0.0369738508572234,0.2547470952469567,0.0,0.0236323782651851,0.2030670511408968,0.4232323501701717,0.1847047656132973,0.0,0.3373356217328032,0.0621652117645699,0.1051510367855448,0.1966033473684356,0.0,0.0,0.321228518521129,0.2824358475362952,0.0,0.0,0.0,0.0,0.3657984404380163,0.0,0.0,0.0,0.0,0.1287971811120666,0.0,0.0,0.0591761789714931,0.1542606799297635,0.326643205370741,0.2506808717935285,0.0,0.3169085034112913,0.4156753687174955,0.0220114030089512,0.1198416835473343,0.0,0.0,0.0,0.0,0.1485095383904863,0.0,0.0,0.0,0.0,0.0,0.0,0.0,0.1315972475393251,0.2577947994237671,0.0,0.0,0.0
0.0,0.0,0.0,0.0,0.0824220169899768,0.0,0.0352887667229235,0.0373065413276721,0.0957300980772301,0.140095773697272,0.1233191869842157,0.2280825515265869,0.1607059080121245,0.0,0.0,0.0,0.0,0.0,0.0285189820482626,0.1597131786536506,0.0,0.0849883129995836,0.0,0.0,0.0,0.0,0.1332246151965681,0.2095018075708137,0.0141248412402952,0.0,0.2472197406645109,0.1735160514537954,0.0386601228675025,0.2628593399027442,0.0,0.321228518521129,0.0,0.3057625638545795,0.1156350144970041,0.0,0.0,0.0,0.0,0.0,0.0,0.0,0.0,0.0,0.0,0.0,0.0,0.0,0.0,0.0,0.0,0.0,0.0,0.0,0.0,0.0,0.0,0.0,0.0,0.0,0.0,0.0,0.0,0.0,0.0,0.0,0.0,0.0,0.0,0.0,0.0,0.0
0.0,0.0,0.0,0.0,0.0,0.0,0.0,0.0,0.0941443574653396,0.1297166695779796,0.0,0.0459434239553961,0.0494810050054507,0.0,0.0,0.0,0.1596235184369013,0.0,0.0,0.0,0.0,0.0,0.0,0.1238790835740477,0.0,0.0,0.0,0.0653569324321218,0.0,0.0,0.1106870144049856,0.2429880342318228,0.1731944547849975,0.2001978761125191,0.0,0.2824358475362952,0.3057625638545795,0.0,0.2031243739192166,0.0,0.0,0.0,0.0,0.0,0.0,0.0,0.0,0.0,0.0,0.0,0.0,0.0,0.0,0.0,0.1859716703287693,0.0,0.3090935837672522,0.0,0.0,0.0,0.0,0.0,0.0,0.0,0.0,0.0,0.0,0.0,0.0,0.0,0.0,0.0,0.0,0.0,0.0,0.0
0.0,0.0,0.0,0.0,0.0,0.0,0.0,0.0,0.0,0.0,0.0,0.0,0.0,0.0,0.0,0.0,0.0,0.0,0.0,0.0,0.0822854426861378,0.0,0.0,0.0,0.0310663600039418,0.0,0.0,0.0,0.0,0.0,0.0,0.5329066909630967,0.1846423844868882,0.2178977875644095,0.0790724339414582,0.0,0.1156350144970041,0.2031243739192166,0.0,0.0449052731550463,0.0,0.090475709854784,0.1285363096442449,0.0,0.0,0.0339234835203321,0.1029438558951779,0.0,0.0513585060598777,0.0,0.0,0.0,0.0,0.0,0.1247057281748329,0.0,0.1046125143902631,0.0,0.0,0.0,0.0,0.0,0.0,0.0,0.0,0.1694417554190787,0.0,0.0,0.0,0.0812723281460371,0.0,0.0,0.0,0.0,0.0,0.0
0.202710071544855,0.1614708653746152,0.0,0.0,0.0,0.0,0.0,0.0,0.0,0.0545435468694056,0.0,0.0,0.0,0.0,0.0,0.0619409917074505,0.0,0.0,0.0,0.0,0.0813058597091044,0.0,0.1638579545099444,0.0201900502775852,0.1944424742339141,0.1870265785741713,0.0,0.0,0.0,0.0,0.0,0.0819830366205191,0.3752636706135688,0.013654873107467,0.2235713834546594,0.0,0.0,0.0,0.0449052731550463,0.0,0.3915684551209519,0.1982022103554882,0.0,0.1850523344225005,0.3032732522633878,0.3598500994461058,0.0,0.0,0.0,0.0,0.1596212245224554,0.1358769267708426,0.0,0.0,0.1115661020505656,0.0,0.0,0.3118362132612509,0.0,0.0,0.3114572062573164,0.1692639687086907,0.201548705952219,0.0,0.0,0.0,0.0,0.2323647239217251,0.1689637622835136,0.2541573567935855,0.3141767148071791,0.0838753922100216,0.0548179827997073,0.291354836964546,0.0909630810289535,0.2568222288006714
0.0640128321010976,0.086981296673375,0.0,0.0,0.0,0.0,0.0,0.0,0.0,0.0,0.0,0.0,0.0,0.0,0.0,0.0141512425505049,0.0,0.0,0.0,0.0,0.0,0.0,0.092152895207378,0.0,0.1036857238459874,0.238101069946666,0.0,0.0,0.0,0.0,0.0,0.0,-0.0010953994125901,0.0,0.1876902635497045,0.0,0.0,0.0,0.0,0.3915684551209519,0.0,0.42668203720549,0.0,0.3210401021616706,0.3160341480265398,0.1993385471782796,0.0,0.0,0.0,0.0,0.173461344257729,0.0,0.0,0.0,0.0,0.0,0.0,0.2790358522015674,0.2006017584886936,0.0,0.2905607389566568,0.0216276637658456,0.1680102804482795,0.0,0.0,0.0,0.0,0.1083419029816021,0.0892018746702615,0.0,0.2200218493555206,0.0,0.102164914291372,0.2842546673194384,0.2071434236324353,0.4469076456638374
0.0,0.0,0.0,0.0,0.0,0.0,0.0,0.0,0.0,0.0,0.0,0.0,0.0,0.0,0.0,0.0,0.0,0.0,0.0,0.0,0.0,0.0,0.0,0.0,0.0592565272785391,0.0148152335577861,0.0,0.0,0.0,0.0,0.0,0.0,0.0,0.0,0.2055155034411893,0.0,0.0,0.0,0.090475709854784,0.1982022103554882,0.42668203720549,0.0,0.0,0.1816046283410181,0.151071406160016,0.0700245825195642,0.0,0.0,0.0,0.0,0.0135960037391717,0.0,0.0,0.0,0.0,0.0,0.0,0.0436461235460664,0.0,0.0,0.0958496144164689,0.0,0.0,0.0,0.0,0.0,0.0,0.0580882524990595,0.0,0.0,0.0089632245660021,0.0,0.0,0.1184132419173424,0.0013642688276876,0.2319974601969997
0.0,0.0,0.0192147380517596,0.0,0.1205191977984076,0.1257492584981239,0.0,0.0916602911663842,0.1245058535231166,0.0,0.1776482974960029,0.0,0.1913248313244042,0.0,0.0,0.0,0.0,0.0,0.089997688572882,0.0,0.0,0.0,0.0,0.0,0.0,0.0,0.2021889902238734,0.2043386309739559,0.0,0.0,0.0,0.1765296231172471,0.0,0.2659386131191145,0.0,0.3657984404380163,0.0,0.0,0.1285363096442449,0.0,0.0,0.0,0.0,0.0660099264856641,0.0,0.0,0.0,0.0,0.2116034977128344,0.2962621327764653,0.0659950117129337,0.0997543370289209,0.2433240832470622,0.1238619102912809,0.2491381373339452,0.1472446430324903,0.4090942752337421,0.0338085994265579,0.0,0.3360836670967848,0.0,0.0926983103027749,0.0,0.0380860693666213,0.1422779771742837,0.3560882058486291,0.119010171016111,0.0,0.0610686495464843,0.0498408291918042,0.0,0.1016900978376186,0.1004519062123497,0.0,0.0,0.0
0.0,0.0,0.0,0.0,0.0,0.0,0.0,0.0,0.0,0.0,0.0,0.0,0.0,0.0,0.0,0.0,0.0,0.0,0.0,0.0,0.0,0.0,0.0,0.0,0.0,0.0,0.0,0.0,0.0,0.0,0.0,0.0,0.0,0.0,0.1037437244711095,0.0,0.0,0.0,0.0,0.1850523344225005,0.3210401021616706,0.1816046283410181,0.0660099264856641,0.0,0.2712723220818238,0.0,0.0,0.0,0.0636594394485782,0.0,0.1794678679093083,0.0,0.0,0.0,0.0,0.0,0.0,0.3096067236098208,0.0621616230742727,0.0,0.0,0.0,0.0,0.0,0.0,0.0,0.0,0.0316459173177209,0.0,0.0,0.0,0.0,0.1228123441599249,0.1721353145636257,0.0,0.2995219131184434
0.0,0.0,0.0,0.0,0.0,0.0,0.0,0.0,0.0,0.0408871721786445,0.0,0.0,0.0,0.0,0.0,0.0,0.0,0.0,0.0,0.0,0.0,0.0,0.0,0.1282875026033843,0.0,0.2362638616155549,0.0,0.0,0.0,0.0,0.0,0.0,0.0807371527632915,0.0,0.1025477854833394,0.0,0.0,0.0,0.0,0.3032732522633878,0.3160341480265398,0.151071406160016,0.0,0.2712723220818238,0.0,0.2194464699714494,0.0,0.0,0.0,0.0,0.0,0.0438613720595414,0.0,0.0,0.0,0.0,0.0,0.3247184419857536,0.0,0.0,0.0,0.1479577278934656,0.0,0.0,0.0,0.0,0.0,0.0,0.1799371543638472,0.0484616669125009,0.2430165358057328,0.0,0.188075038265771,0.0,0.0,0.2655167516002271
0.4768242668141962,0.3030557450036173,0.0,0.0,0.0,0.0,0.0,0.0,0.0,0.0,0.0,0.0,0.0,0.0,0.0,0.3287009932482735,0.0,0.0163775391363438,0.0,0.0,0.2538853384098624,0.2179062004218214,0.0,0.1756948998292909,0.2325702844472971,0.32874903760039,0.0,0.0,0.0,0.0,0.1456757683766292,0.0448979774747995,0.1896662307979145,0.0605114639553134,0.0,0.0,0.0,0.0,0.0339234835203321,0.3598500994461058,0.1993385471782796,0.0700245825195642,0.0,0.0,0.2194464699714494,0.0,0.2111067925905186,0.0,0.0,0.0,0.0925766812387854,0.0,0.0894636198769392,0.0,0.2282182110944732,0.0,0.0,0.2834876722794331,0.0,0.0,0.3894327640573044,0.0,0.2617559013806868,0.0,0.1303994341397809,0.1758319393889927,0.2130781644062033,0.2932606240952013,0.3729752213888607,0.3084235284597632,0.4668844873764119,0.1187722000175607,0.1894514559618722,0.3675631658136127,0.0,0.2616222117204475
0.1740789815210461,0.2095199686157341,0.0,0.0,0.0,0.0,0.0,0.0,0.0,0.0,0.0,0.0,0.0,0.0,0.469775681766432,0.2225685893732093,0.0,0.2245212029124357,0.0,0.3083944893717172,0.4412078256928141,0.3487525690675501,0.0816483808528993,0.0,0.1989471047537866,0.0585237370657443,0.3905978258267256,0.0,0.3026656442469658,0.0,0.4166502896130868,0.1610861503891091,0.2439883546952767,0.3450365204452731,0.0,0.0,0.0,0.0,0.1029438558951779,0.0,0.0,0.0,0.0,0.0,0.0,0.2111067925905186,0.0,0.0,0.0,0.0,0.0923103162136765,0.3036123089857582,0.3851425580272254,0.2819579891577399,0.5336273270826434,0.0,0.0,0.0497394574386057,0.0,0.424741594629512,0.1440639851849585,0.3460069740957902,0.2019450932827869,0.0,0.2243021632401589,0.5379208624048946,0.2960334480579406,0.1738764983915714,0.0,0.4652709432347957,0.2829633570610509,0.345269732924153,0.161018342491456,0.178905425323339,0.0,0.0
0.0,0.0,0.640062873047764,0.0,0.5243280995546998,0.4086264177676361,0.0,0.4449425414587027,0.5593215743932546,0.0,0.4784103574103238,0.0,0.4309656956730253,0.3085713426140982,0.0,0.0,0.0,0.0,0.5465876564847204,0.0,0.0,0.0,0.5044248225765561,0.0,0.0,0.0,0.5022245580593105,0.0,0.0,0.0,0.0,0.0,0.0,0.0,0.0,0.1287971811120666,0.0,0.0,0.0,0.0,0.0,0.0,0.0,0.0,0.0,0.0,0.0,0.0,0.1116484053441921,0.4300592175694114,0.2426291170529303,0.4548622944414879,0.397286459345104,0.5865345691414416,0.0,0.4986476087889425,0.0,0.2296857946022798,0.2744327607671654,0.0,0.0,0.0,0.0,0.5646749669144444,0.0,0.0,0.0,0.4793497770524418,0.0,0.0,0.0,0.4628342950027924,0.3264246435219435,0.3009164765074488,0.2908332266241729,0.0813654583586079
0.0,0.0,0.0,0.0,0.0,0.0,0.0,0.0,0.0,0.0,0.0,0.0,0.0,0.0,0.0,0.0,0.0,0.0,0.0,0.0,0.0,0.0,0.0,0.0,0.0,0.0,0.0,0.0,0.0,0.0,0.0,0.0,0.0,0.0,0.0,0.0,0.0,0.0,0.0513585060598777,0.0,0.0,0.0,0.2116034977128344,0.0636594394485782,0.0,0.0,0.0,0.1116484053441921,0.0,0.270981286796105,0.028298445972146,0.3197681448619672,0.1968018919338627,0.1450984001912671,0.0,0.1124476734028544,0.0,0.1823100862606983,0.0941272018024724,0.0,0.0,0.0,0.0,0.070610221290012,0.0,0.0,0.0,0.0031984875001446,0.0,0.0,0.0,0.0266474002947385,0.1064424236132942,0.0,0.0,0.0
0.0,0.0,0.4550377049421459,0.0,0.0,0.0,0.0,0.3775768071345228,0.0,0.0,0.556351072679625,0.0,0.0,0.0,0.0,0.0,0.0,0.0,0.0,0.0,0.0,0.0,0.2166419846367774,0.0,0.0,0.0,0.0,0.0,0.0,0.0,0.0,0.0,0.0,0.0,0.0,0.0,0.0,0.0,0.0,0.0,0.0,0.0,0.2962621327764653,0.0,0.0,0.0,0.0,0.4300592175694114,0.270981286796105,0.0,0.1470430924868241,0.4377400242228952,0.4966978400315772,0.5278894264898706,0.3535876129063077,0.5587885083676588,0.5010071632146696,0.0444475899356563,0.2500481747334824,0.0,0.0,0.0,0.0,0.4472805154661646,0.0,0.0,0.0,0.1347436096246654,0.0,0.0,0.0,0.3884754313982886,0.2828460326892108,0.0,0.0,0.0
