0.0,0.5836277708027886,0.0,0.0,0.0,0.3747620296284896,0.0,0.4606005535691423,0.0,0.5220858495560872,0.0,0.4656066608703786,0.0,0.0,0.3369650554412248,0.7332268198668226,0.2120219033707804,0.3247599475828638,0.0,0.5163116365585376,0.474173129917107,0.6131334599760584,0.4569513162561778,0.4613416939273555,0.251299856943112,0.6345203893576398,0.3921049641018803,0.4266084700486634,0.6822199194321816,0.0,0.4976841019134951,0.0,0.2481097939368896,0.1193288459254006,0.1542044638291304,0.0,0.0,0.0,0.0,0.3048259992759474,0.0962595265395227,0.0,0.0,0.0,0.0,0.7170262064581046,0.2617718946606474,0.0,0.0,0.0,0.0,0.0,0.0,0.0,0.3255019585815825,0.0,0.0,0.0,0.0,0.0,0.5738600477852578,0.0,0.4308734858460467,0.0,0.0,0.2743972640280191,0.5918616337244813,0.0,0.4891620216593295,0.3063450988033221,0.6350622065661521,0.0,0.0,0.0,0.0,0.0
0.5836277708027886,0.0,0.0,0.0,0.5007748905932895,0.5307437129329486,0.5520989130959078,0.5193251794449611,0.4469448104876493,0.0,0.0,0.0,0.4671053947234337,0.0,0.2268807238006445,0.6012587906840673,0.0,0.2496937915172215,0.0,0.4325984198766745,0.2673750120849338,0.5652734211817166,0.5931627481808737,0.0,0.3877216001432552,0.7289853739785538,0.4738594927669675,0.2904926612292708,0.5996556398346061,0.0,0.23681031641164,0.0,0.1114342932933336,0.0,0.2328864021305735,0.0,0.0,0.0,0.0,0.2428123946514307,0.1307984377624386,0.0,0.0,0.0,0.0,0.4557211667038606,0.3150664064929009,0.0,0.0,0.0,0.0,0.0,0.0,0.0,0.0,0.0,0.0,0.0,0.0,0.1525308204111048,0.3344601489374851,0.0,0.2242655318716922,0.0,0.4513209944172849,0.0495658691765433,0.4754727507054551,0.5309998546787222,0.0,0.3332867205240455,0.6506873754800527,0.412358417221438,0.0,0.450955907388619,0.0,0.2100362179667907
0.0,0.0,0.0,0.0,0.8612577698824462,0.6082478817923044,0.7613154108180138,0.703336055242172,0.7864280148685612,0.4696343927701396,0.817189404186115,0.0,0.7514478526619784,0.5305866156023236,0.0,0.0,0.0,0.0,0.9235443373193508,0.0,0.0,0.0,0.7325615702348371,0.0,0.0,0.0,0.6670293763173025,0.7460135831792505,0.0,0.5478488262465503,0.570354177604125,0.0,0.0,0.0288112072349373,0.0740053955965833,0.2358035325682432,0.0,0.0,0.0,0.0,0.0,0.0,0.0288942314647507,0.0,0.0,0.0,0.0,0.9624968477851172,0.0,0.6842645856722055,0.4343893360423691,0.0,0.5886292151675641,0.8163155223889123,0.0,0.8144913775832336,0.0,0.0,0.5296429306567629,0.0,0.0,0.0,0.0,0.9257898711221142,0.0,0.0,0.0,0.6195388105927441,0.0,0.0,0.0,0.5922504460621255,0.0,0.0,0.0,0.0
0.0,0.0,0.0,0.0,0.3814778320527049,0.1987485611623876,0.4779977482312749,0.3878818774450528,0.1005218632372657,0.2826652954354421,0.2186809785634655,0.0,0.4871511399337568,0.454864412078433,0.0,0.0,0.0,0.0,0.3364094863430485,0.0,0.0,0.0,0.3427482158980983,0.0,0.0,0.0,0.0,0.3356128156511657,0.0,0.0,0.0,0.0,0.0,0.0,0.1157675542764267,0.1026509810427447,0.0,0.0,0.0,0.0,0.0,0.0,0.0,0.0,0.0,0.0,0.0,0.0,0.0,0.0,0.0,0.0,0.0,0.0,0.0,0.0,0.0,0.0,0.0,0.0,0.0,0.0,0.0,0.0,0.0,0.0,0.0,0.0,0.0,0.0,0.0,0.0,0.0,0.0,0.0,0.0
0.0,0.5007748905932895,0.8612577698824462,0.3814778320527049,0.0,0.4680397357790646,0.8473115541825122,0.6762158400964502,0.6983182395731372,0.4557836132676438,0.9115456729767012,0.7666947123146687,0.8525194631118513,0.509074032236685,0.0,0.0,0.0,0.0,0.8996973804268812,0.8336159727483263,0.0,0.7779175450119564,0.5438385813898825,0.0,0.0,0.0,0.5852262851790584,0.8871221566068458,0.777565843936878,0.0,0.65581809135817,0.0,0.0647579635402637,0.1586936648982461,0.0,0.5222617855167888,0.1239424045378494,0.0,0.0,0.0,0.0,0.0,0.1812311772220259,0.0,0.0,0.0,0.0,0.7884602658228229,0.0,0.0,0.0,0.0,0.6328009006292442,0.7688835686096518,0.0,0.878590542841214,0.0,0.0,0.0,0.0,0.0,0.0,0.0,0.0,0.0,0.0,0.0,0.4089880457938238,0.0,0.0,0.0,0.5488130739222468,0.0,0.0,0.0,0.0
0.3747620296284896,0.5307437129329486,0.6082478817923044,0.1987485611623876,0.4680397357790646,0.0,0.5664226170874179,0.7022857417116415,0.6347017315604483,0.5259371570570504,0.3454051422509011,0.0,0.6129533434315472,0.1823059504952287,0.4153011306616726,0.3074083758405819,0.0,0.4927666532710689,0.5296156692725733,0.4627640657830708,0.5214700661686571,0.3962369840137472,0.8575769476798855,0.0,0.2448830422795993,0.4525823389761334,0.7581672997427269,0.3302720097962011,0.6502336344788427,0.1985927053256951,0.2083631969157132,0.0,0.3009115804852746,0.0560430412912201,0.1141406500462272,0.1689101755411637,0.0,0.0,0.0,0.0,0.0,0.0,0.1890958998128425,0.0,0.0,0.0,0.0,0.6144734456324644,0.0,0.0,0.7775251580907055,0.6135965036058552,0.6063603818093931,0.5983851119999543,0.0,0.3224136995274977,0.0,0.514808667870798,0.0,0.3774584019948048,0.0,0.0,0.0,0.5491124334392077,0.3819905102698841,0.3090607889059329,0.2808050573945854,0.695880386132223,0.0,0.0,0.0,0.6771402237663077,0.3100760522449535,0.2663682923382372,0.0,0.0
0.0,0.5520989130959078,0.7613154108180138,0.4779977482312749,0.8473115541825122,0.5664226170874179,0.0,0.7047238862794447,0.6646588046762923,0.4302694817576322,0.6495120734611577,0.7583035909014941,0.8503579614686454,0.5070138066833698,0.0,0.350546738584657,0.1829619494855177,0.2648061232699609,0.7277102588266171,0.5995809373735485,0.0,0.5357542893557757,0.6162866598115038,0.3920214399350636,0.0,0.4560993593896436,0.5383562974897905,0.7233973176494416,0.7280392754545105,0.0,0.4355365672851582,0.0,0.1355771778703733,0.0889169343119795,0.1331743769305761,0.4143836486911348,0.0530656099006442,0.0,0.0,0.0,0.0,0.0,0.0,0.0,0.0,0.0,0.0,0.0,0.0,0.0,0.3371357353300036,0.0,0.0,0.0,0.0,0.0,0.0,0.0,0.0,0.0,0.0,0.0,0.0,0.0,0.0,0.0,0.0,0.4455870727353837,0.0,0.0,0.0,0.494163895184366,0.0,0.0,0.0,0.0
0.4606005535691423,0.5193251794449611,0.703336055242172,0.3878818774450528,0.6762158400964502,0.7022857417116415,0.7047238862794447,0.0,0.5891256293270937,0.5614514386458767,0.6124125650111752,0.0,0.7200482834843122,0.4277072156278796,0.3987353256413655,0.3626530684213382,0.0,0.355254774777723,0.6741231684592932,0.5131885445775373,0.5793102951051464,0.4658296009025831,0.8313983766637059,0.5307914880592539,0.0,0.5581361565433266,0.5392784294657889,0.5512743559099651,0.6003549934873698,0.3980289817144124,0.4089529921843735,0.0,0.2818673248438754,0.2231127204440749,0.1565414460290954,0.3119928700039909,0.0560998457208907,0.0,0.0,0.0,0.0,0.0,0.1378344925626194,0.0,0.0,0.0,0.0,0.669083947269571,0.0,0.5677824819510002,0.53940350511931,0.5458598673386927,0.8325517215421538,0.6294986927426193,0.0,0.6052966077216521,0.0,0.4314169121399226,0.4346153707812625,0.3344196351483902,0.0,0.0,0.0,0.6845831943526027,0.4806441173951752,0.3716013544979101,0.0,0.6381558015009265,0.0,0.0,0.0,0.4551756893287323,0.4599058271706801,0.1700074553073466,0.0,0.0
0.0,0.4469448104876493,0.7864280148685612,0.1005218632372657,0.6983182395731372,0.6347017315604483,0.6646588046762923,0.5891256293270937,0.0,0.4019510980313117,0.5911873278142394,0.5497866639270953,0.5807018455025915,0.1535979020140322,0.0,0.1709437948217299,0.0,0.0,0.7014357701192986,0.6107474701213318,0.0,0.5075691459491634,0.6229726733138008,0.0,0.0,0.0,0.9016613952989512,0.5132738566628611,0.5296033834337367,0.1528610275425077,0.3313814917013155,0.0,0.1871975735919625,0.1688731084383983,0.122526112107093,0.3166536875539225,0.1439544793447475,0.1415699161953778,0.0,0.0,0.0,0.0,0.1872261251088885,0.0,0.0,0.0,0.0,0.8410818294901211,0.0,0.0,0.2997275579644542,0.0,0.6545068546648034,0.9904336182545158,0.0,0.5895397287242339,0.0,0.0,0.1445669749638082,0.0,0.0,0.0,0.0,0.6809999668055727,0.0,0.0,0.0,0.5754216048883573,0.0,0.0,0.0,0.8483423699356235,0.0,0.0,0.0,0.0
0.5220858495560872,0.0,0.4696343927701396,0.2826652954354421,0.4557836132676438,0.5259371570570504,0.4302694817576322,0.5614514386458767,0.4019510980313117,0.0,0.4626180518820409,0.6287094848500162,0.5496003082169056,0.0643655824988522,0.0,0.5248617652676746,0.6427579476439425,0.5441420078193318,0.4655633460271386,0.0,0.0,0.5411665387720676,0.3863630948275445,0.6138895908239251,0.3000599778743457,0.4206070978348761,0.5554362140430601,0.5314696468832363,0.0,0.0,0.5976215471384383,0.1165954301184124,0.3701631266591021,0.3730461670301764,0.0,0.3198807374122076,0.2106695236509664,0.1950619084957799,0.0,0.0820200548093735,0.0,0.0,0.0,0.0,0.0614842322433158,0.0,0.0,0.0,0.0,0.0,0.0,0.0,0.0,0.0,0.7049064365318624,0.0,0.5235922960789298,0.0,0.0,0.0,0.0,0.5939188876047886,0.4018427219695298,0.0,0.0,0.0,0.0,0.0,0.4690826456942188,0.520867929982173,0.5493757705499758,0.0,0.4535596195071988,0.0,0.0,0.0
0.0,0.0,0.817189404186115,0.2186809785634655,0.9115456729767012,0.3454051422509011,0.6495120734611577,0.6124125650111752,0.5911873278142394,0.4626180518820409,0.0,0.679243452528969,0.7525642958332542,0.3323464440878705,0.0,0.0,0.0,0.0,0.9026616600559828,0.0,0.0,0.0,0.423480172023169,0.0,0.0,0.0,0.5276632276392825,0.849047723753473,0.0,0.0,0.7947926565781079,0.0,0.0577963547833182,0.257076768183988,0.0,0.5445308998684257,0.1854416710323295,0.0,0.0,0.0,0.0,0.0,0.267139266397562,0.0,0.0,0.0,0.0,0.7194112958975298,0.0,0.8366149268527371,0.2695955280676919,0.4499693069387586,0.6474269651969786,0.670272090350103,0.0,0.9736732027935052,0.0,0.1781789864510003,0.5986422614671777,0.0,0.0,0.0,0.0,0.8347586034391591,0.0,0.0,0.0,0.2717258866250265,0.0,0.0,0.0,0.4501395423475716,0.0,0.0,0.0,0.0
0.4656066608703786,0.0,0.0,0.0,0.7666947123146687,0.0,0.7583035909014941,0.0,0.5497866639270953,0.6287094848500162,0.679243452528969,0.0,0.8076724101574859,0.0,0.0,0.0,0.3522617850811133,0.4272464670116903,0.0,0.0,0.0,0.0,0.0,0.6243291967468874,0.0,0.4723134189613926,0.0,0.7491631821096106,0.0,0.0,0.645209359814134,0.0,0.2104444525642367,0.3655541486176124,0.0165086253924634,0.5485455058091727,0.3429799573185749,0.0690875890409974,0.0,0.0,0.0,0.0,0.0,0.0,0.0,0.0,0.0,0.0,0.0,0.0,0.0,0.0,0.0,0.0,0.5217225660957686,0.0,0.6509280047845182,0.0,0.0,0.0,0.0,0.3547424516577382,0.0673823632536364,0.0,0.0,0.0,0.0,0.0,0.4325014262459377,0.0,0.3342413133191252,0.0,0.0,0.0,0.0,0.0
0.0,0.4671053947234337,0.7514478526619784,0.4871511399337568,0.8525194631118513,0.6129533434315472,0.8503579614686454,0.7200482834843122,0.5807018455025915,0.5496003082169056,0.7525642958332542,0.8076724101574859,0.0,0.3448430587035009,0.5362554310534146,0.3913420864657372,0.5302204097557429,0.5498168633122941,0.8250594672011636,0.7683248410311578,0.4247354562808138,0.664762179551885,0.5754768336262327,0.6358382572398035,0.0,0.5478566254067854,0.4973951745913773,0.8627783890169715,0.8136266002317779,0.6790628626191065,0.5876171774565624,0.0,0.1627020127362479,0.1382598657228823,0.0,0.5864778723226381,0.2416620872658742,0.0744072392704332,0.0,0.0,0.0,0.0,0.2877054033393629,0.0,0.0,0.0,0.0,0.6480662151417316,0.0,0.0,0.5266031053877306,0.0,0.6359402360019167,0.0,0.0,0.0,0.0,0.0,0.0,0.0,0.0,0.0,0.0,0.0,0.0,0.0,0.0,0.3339305584492585,0.0,0.0,0.0,0.4005813675799776,0.0,0.2758990609107723,0.0,0.0
0.0,0.0,0.5305866156023236,0.454864412078433,0.509074032236685,0.1823059504952287,0.5070138066833698,0.4277072156278796,0.1535979020140322,0.0643655824988522,0.3323464440878705,0.0,0.3448430587035009,0.0,0.0,0.0,0.0,0.0,0.4311732527843566,0.0,0.0,0.0,0.4973959700218823,0.0,0.0,0.0,0.0089915375456146,0.2958212428111559,0.0,0.0,0.0449170132447206,0.0,0.0,0.0,0.0,0.0,0.0,0.0,0.0,0.0,0.0,0.0,0.0,0.0,0.0,0.0,0.0,0.4640152664513751,0.0,0.0,0.0,0.0,0.0,0.1951032902011258,0.0,0.3460440798418317,0.0,0.0,0.0,0.0,0.0,0.0,0.0,0.0,0.0,0.0,0.0,0.4462431555442562,0.0,0.0,0.0,0.0,0.0,0.0,0.0,0.0
0.3369650554412248,0.2268807238006445,0.0,0.0,0.0,0.4153011306616726,0.0,0.3987353256413655,0.0,0.0,0.0,0.0,0.5362554310534146,0.0,0.0,0.4365137154509642,0.0,0.5893607685359723,0.0,0.8494702410581702,0.5290669769007134,0.7970872653464479,0.2509320548933031,0.4707662478437293,0.0,0.2598269764442689,0.6534338662611152,0.6777766097228979,0.589155166202006,0.0,0.8154432551655282,0.0,0.253480444594999,0.482841256783923,0.0,0.5362462496545614,0.0,0.0,0.0,0.0,0.0,0.0,0.0,0.0,0.0,0.0,0.7064268713372998,0.0,0.0,0.0,0.2809882741835263,0.0,0.603434641812904,0.0,0.0,0.0,0.0,0.0,0.0,0.9819659765832108,0.0837979640430361,0.0,0.0,0.0,0.7397209086481465,0.6310940335520042,0.7220502426112624,0.1896428194912974,0.0,0.0,0.2782684255172069,0.5179566641265831,0.4213024766335307,0.1614115936113209,0.0,0.0
0.7332268198668226,0.6012587906840673,0.0,0.0,0.0,0.3074083758405819,0.350546738584657,0.3626530684213382,0.1709437948217299,0.5248617652676746,0.0,0.0,0.3913420864657372,0.0,0.4365137154509642,0.0,0.4580949115074685,0.656178926236849,0.0,0.5584425697837284,0.2808599952723578,0.6937047667573847,0.3171601715499791,0.4202470414382305,0.3474068581016557,0.6622695815790443,0.2769616641188191,0.4926940872690441,0.7442671916581797,0.5030468563302222,0.6135157524149455,0.0,0.1101481730070829,0.1467154579421835,0.0,0.0,0.0,0.0,0.0,0.0931439890947343,0.0212799818902903,0.0,0.0,0.0,0.0,0.4942853010030647,0.3346883168955623,0.0,0.0,0.0,0.0,0.0,0.0,0.0,0.0,0.0,0.0,0.0,0.0,0.3346310543987079,0.6477320827660876,0.0,0.5899067860598314,0.0,0.6124558301910746,0.1313247999799626,0.680640953866444,0.0,0.0,0.3929798784820983,0.6011152452579906,0.0,0.0,0.0,0.0,0.4228531205996172
0.2120219033707804,0.0,0.0,0.0,0.0,0.0,0.1829619494855177,0.0,0.0,0.6427579476439425,0.0,0.3522617850811133,0.5302204097557429,0.0,0.0,0.4580949115074685,0.0,0.826648383974198,0.0,0.5374120508853646,0.0,0.4574813422738038,0.0,0.6211764491226756,0.0885631446581013,0.3618382858233994,0.0,0.542235085042712,0.0,0.0,0.6222235125624921,0.0,0.2266836689674937,0.2211740677166805,0.0,0.0,0.0,0.2400344400485514,0.0,0.0,0.0,0.0,0.0,0.0,0.0,0.0,0.0,0.0,0.0,0.0,0.0,0.0,0.0,0.0,0.3077825777983184,0.0,0.3497910554759364,0.0,0.0,0.0,0.0,0.5622344787029616,0.5732345116568806,0.0,0.0,0.0,0.0,0.0,0.3519015969432967,0.2834844943109135,0.3487861620920122,0.0,0.0,0.0,0.0,0.0
0.3247599475828638,0.2496937915172215,0.0,0.0,0.0,0.4927666532710689,0.2648061232699609,0.355254774777723,0.0,0.5441420078193318,0.0,0.4272464670116903,0.5498168633122941,0.0,0.5893607685359723,0.656178926236849,0.826648383974198,0.0,0.0,0.6055659592522382,0.3601364183751088,0.5403998528418041,0.2652210683911278,0.6476677845110069,0.1533455126905611,0.4049296291499756,0.3033575840522053,0.5538174233760884,0.6387614768038714,0.0,0.6142564331748062,0.0,0.1364871651680246,0.1361471980989117,0.0,0.0,0.0,0.0,0.0,0.0,0.0,0.0,0.0,0.0,0.0,0.0246277833896984,0.3376245665291318,0.0,0.0,0.0,0.0,0.0,0.0,0.0,0.2541763335706355,0.0,0.3656004306227406,0.0,0.0,0.0,0.352468325497732,0.4805536611066245,0.6219764750370033,0.0,0.0,0.0,0.5565834054060396,0.0,0.3154994863629645,0.2790110253666514,0.3203963115747751,0.0,0.0,0.0,0.0,0.1558005484999693
0.0,0.0,0.9235443373193508,0.3364094863430485,0.8996973804268812,0.5296156692725733,0.7277102588266171,0.6741231684592932,0.7014357701192986,0.4655633460271386,0.9026616600559828,0.0,0.8250594672011636,0.4311732527843566,0.0,0.0,0.0,0.0,0.0,0.0,0.0,0.0,0.6048602634489767,0.0,0.0,0.0,0.5840640320848746,0.8103705898600482,0.0,0.0,0.6553082673062417,0.0,0.0,0.1330502420919963,0.0,0.3322354707054334,0.0428855218437967,0.0,0.0,0.0,0.0,0.0,0.1353343479319124,0.0,0.0,0.0,0.0,0.8219331546286065,0.0,0.0,0.460717556803137,0.0,0.5977655090449114,0.73875377020198,0.0,0.8791467656136644,0.0,0.0,0.6018685078148188,0.0,0.0,0.0,0.0,0.971789163829736,0.0,0.0,0.0,0.4460267623093371,0.0,0.0,0.0,0.5200014315573533,0.0,0.0,0.0,0.0
0.5163116365585376,0.4325984198766745,0.0,0.0,0.8336159727483263,0.4627640657830708,0.5995809373735485,0.5131885445775373,0.6107474701213318,0.0,0.0,0.0,0.7683248410311578,0.0,0.8494702410581702,0.5584425697837284,0.5374120508853646,0.6055659592522382,0.0,0.0,0.3787362021965548,0.942754605939058,0.4098364418946832,0.0,0.0,0.5520586585440889,0.6308217005464443,0.8557968865086665,0.8228091150235519,0.6873657508065878,0.8146156103380966,0.0,0.117766204631628,0.2483190424020679,0.0,0.5495789314521984,0.2401692669220146,0.0,0.0,0.0,0.0,0.0,0.0,0.0,0.0,0.0,0.4637493227519668,0.0,0.0,0.0,0.3996566713278018,0.0,0.5714042136986816,0.0,0.0,0.0,0.0,0.0,0.0,0.8436785903745438,0.0,0.0,0.0,0.0,0.9622524666922386,0.3992067173646591,0.9095323156568926,0.2539996763212367,0.0,0.0,0.4508955627860999,0.5413022523483674,0.6563953885406758,0.3531941293192683,0.0,0.1772308891013484
0.474173129917107,0.2673750120849338,0.0,0.0,0.0,0.5214700661686571,0.0,0.5793102951051464,0.0,0.0,0.0,0.0,0.4247354562808138,0.0,0.5290669769007134,0.2808599952723578,0.0,0.3601364183751088,0.0,0.3787362021965548,0.0,0.3523668158009425,0.3864016791775639,0.5242772702544277,0.2631453363688307,0.1314888076867041,0.5231915620523612,0.3845648414173757,0.4759341985713811,0.32212344158625,0.5150890663818515,0.3344945401556062,0.3826767929226128,0.3809681121137965,0.0,0.2758609719292788,0.0,0.0,0.1237370304371651,0.1222639790116872,0.0,0.0,0.0,0.0,0.0,0.3817809909123021,0.6634678550020652,0.0,0.0,0.0,0.3002949864924802,0.0,0.7165444360064187,0.0,0.0,0.0,0.0,0.0,0.0,0.4798341059987134,0.1302047677482053,0.0,0.0,0.0,0.2663137830105028,0.8255062803434638,0.2864089581243959,0.4299569681220734,0.0,0.4845461296430578,0.322022225105823,0.4549647532707682,0.2701536743229956,0.2275427182468371,0.0,0.0
0.6131334599760584,0.5652734211817166,0.0,0.0,0.7779175450119564,0.3962369840137472,0.5357542893557757,0.4658296009025831,0.5075691459491634,0.5411665387720676,0.0,0.0,0.664762179551885,0.0,0.7970872653464479,0.6937047667573847,0.4574813422738038,0.5403998528418041,0.0,0.942754605939058,0.3523668158009425,0.0,0.3718671219079735,0.0,0.0,0.6304179458442176,0.6009298716316396,0.7673568896607774,0.8535485369682364,0.6439528353181194,0.8099663243307681,0.0,0.1646317267144227,0.2685715933319313,0.0,0.4146579387933419,0.1278014813937971,0.0,0.0,0.0,0.0,0.0,0.0,0.0,0.0,0.3276772327383281,0.5244379302709987,0.0,0.0,0.0,0.3417284509367844,0.0,0.0,0.0,0.0,0.0,0.0,0.0,0.0,0.7570785929502187,0.4034398536483184,0.0,0.4521121483152191,0.0,0.9228251126224292,0.3655135359982474,0.958427100340684,0.2798460270979288,0.0,0.2796510314773782,0.5817954242386288,0.5270165651663514,0.0,0.5193908236941431,0.0,0.3134309068912426
0.4569513162561778,0.5931627481808737,0.7325615702348371,0.3427482158980983,0.5438385813898825,0.8575769476798855,0.6162866598115038,0.8313983766637059,0.6229726733138008,0.3863630948275445,0.423480172023169,0.0,0.5754768336262327,0.4973959700218823,0.2509320548933031,0.3171601715499791,0.0,0.2652210683911278,0.6048602634489767,0.4098364418946832,0.3864016791775639,0.3718671219079735,0.0,0.3742142392543157,0.132760934411265,0.5927514515357953,0.6015435675187034,0.3582404189852082,0.586364819139259,0.2405665675769303,0.1244773061812688,0.0,0.121638040460629,0.0,0.288406476418616,0.0555995612291965,0.0,0.0,0.0,0.246401988525539,0.1385752476612633,0.0,0.0,0.0,0.0,0.0,0.1227790464137886,0.7585306414707043,0.0,0.3257761637039205,0.7230835417793332,0.5326231060323039,0.6166071866234617,0.6010845376858168,0.0,0.416706647263134,0.0,0.531033158608291,0.3548897876711202,0.220458090576357,0.0,0.0,0.0,0.6744300268725969,0.4174842820088676,0.1230583414763944,0.3358758310117718,0.8877940431001866,0.0,0.0,0.5338724142998612,0.6105221529463039,0.4268499014460562,0.3778705735492708,0.3962769690790096,0.1506941765961178
0.4613416939273555,0.0,0.0,0.0,0.0,0.0,0.3920214399350636,0.5307914880592539,0.0,0.6138895908239251,0.0,0.6243291967468874,0.6358382572398035,0.0,0.4707662478437293,0.4202470414382305,0.6211764491226756,0.6476677845110069,0.0,0.0,0.5242772702544277,0.0,0.3742142392543157,0.0,0.0,0.4811385332879009,0.2607687005490762,0.5510380142422469,0.0,0.0,0.528741591398486,0.0,0.2110700032823209,0.0738276613748029,0.0,0.3830768608560016,0.0,0.186283617543354,0.0,0.0303608607327372,0.0,0.0,0.0,0.0,0.1929127935167209,0.2642018376294654,0.0,0.0,0.0,0.0,0.0,0.0,0.0,0.0,0.2933397448585926,0.0,0.3737788682545351,0.0,0.0,0.0,0.1710894848860336,0.5010861537190027,0.4353292058545064,0.0,0.0,0.0,0.0,0.0,0.6736222370715,0.0712694125548726,0.4461650803007539,0.0,0.0,0.0,0.0,0.1781544618907667
0.251299856943112,0.3877216001432552,0.0,0.0,0.0,0.2448830422795993,0.0,0.0,0.0,0.3000599778743457,0.0,0.0,0.0,0.0,0.0,0.3474068581016557,0.0885631446581013,0.1533455126905611,0.0,0.0,0.2631453363688307,0.0,0.132760934411265,0.0,0.0,0.1374286972116002,0.2371777941515321,0.0,0.1048772287439357,0.0,0.0,0.0,0.1420912743726792,0.0,0.1257591628653097,0.0,0.0,0.0,0.0467161506080986,0.2923935700793495,0.1559177802125602,0.0891072160531808,0.0,0.0,0.0,0.3497284018414034,0.2991674244277026,0.0,0.0,0.0,0.0,0.0,0.0,0.0,0.146669991080322,0.0,0.0,0.0,0.0,0.0,0.5049065467588102,0.079174898940342,0.3098041155943115,0.0,0.0,0.1043006073260172,0.0,0.0,0.0,0.756510325976363,0.3250356778668434,0.0,0.0,0.0,0.0,0.0984571182689624
0.6345203893576398,0.7289853739785538,0.0,0.0,0.0,0.4525823389761334,0.4560993593896436,0.5581361565433266,0.0,0.4206070978348761,0.0,0.4723134189613926,0.5478566254067854,0.0,0.2598269764442689,0.6622695815790443,0.3618382858233994,0.4049296291499756,0.0,0.5520586585440889,0.1314888076867041,0.6304179458442176,0.5927514515357953,0.4811385332879009,0.1374286972116002,0.0,0.2535424371833734,0.4187136399600374,0.6809874255231869,0.0,0.2765274736178807,0.0,0.0942802978844032,0.0,0.1714092370970752,0.0355372738268617,0.0,0.0,0.0,0.2812418903044892,0.3580453404314675,0.0222784607560035,0.0,0.0,0.3552826317947379,0.4943575478703854,0.0880052801346914,0.0,0.0,0.0,0.0,0.0,0.0,0.0,0.1145121358619484,0.0,0.0,0.0,0.0,0.1922129327435671,0.4359766352598053,0.4741670144394991,0.4786994252638111,0.0,0.6426637950401155,0.0,0.6695413054998466,0.4185703951125137,0.602469338496948,0.1612773749797813,0.7989308245290027,0.2173323945664842,0.0,0.474520220917167,0.0,0.486909374355479
0.3921049641018803,0.4738594927669675,0.6670293763173025,0.0,0.5852262851790584,0.7581672997427269,0.5383562974897905,0.5392784294657889,0.9016613952989512,0.5554362140430601,0.5276632276392825,0.0,0.4973951745913773,0.0089915375456146,0.6534338662611152,0.2769616641188191,0.0,0.3033575840522053,0.5840640320848746,0.6308217005464443,0.5231915620523612,0.6009298716316396,0.6015435675187034,0.2607687005490762,0.2371777941515321,0.2535424371833734,0.0,0.4279432399304042,0.5828732576476914,0.1450206095653834,0.3938474625997228,0.0971882842213026,0.3035300076464048,0.2534240188508713,0.0634874937864754,0.3053628086276253,0.200336994338544,0.0,0.0,0.0,0.0,0.0,0.3040424213650833,0.0,0.0,0.0,0.587362885648718,0.7552219857880862,0.0,0.0,0.4081207640908643,0.7349775802743128,0.6629808830660611,0.8845071881468892,0.0,0.548109071510652,0.0,0.1513113735576408,0.0,0.642178422625904,0.0,0.0,0.0,0.561215684676047,0.5464469119046647,0.5010335052331523,0.4608338125714974,0.6229757411350092,0.0,0.0,0.3016289032537746,0.9361493777020524,0.202804558893862,0.3187940799046925,0.1336572622051819,0.0
0.4266084700486634,0.2904926612292708,0.7460135831792505,0.3356128156511657,0.8871221566068458,0.3302720097962011,0.7233973176494416,0.5512743559099651,0.5132738566628611,0.5314696468832363,0.849047723753473,0.7491631821096106,0.8627783890169715,0.2958212428111559,0.6777766097228979,0.4926940872690441,0.542235085042712,0.5538174233760884,0.8103705898600482,0.8557968865086665,0.3845648414173757,0.7673568896607774,0.3582404189852082,0.5510380142422469,0.0,0.4187136399600374,0.4279432399304042,0.0,0.8119056544623988,0.8730495564020186,0.8233211161542346,0.0,0.0471863799918308,0.2093027630709477,0.0,0.6364371690233601,0.3150390967562727,0.0982807222473093,0.0,0.0,0.0,0.0,0.3072749513757256,0.0,0.0,0.0,0.0,0.0,0.0,0.0,0.3254857267716512,0.0,0.5921034455659941,0.0,0.0,0.0,0.0,0.0,0.0,0.6749549531002533,0.0,0.0,0.0,0.0,0.8301401953879413,0.4737533442118185,0.0,0.1828720462796894,0.0,0.0,0.0,0.3566832648304707,0.8176060966680941,0.3645421188974652,0.0,0.2169325930445449
0.6822199194321816,0.5996556398346061,0.0,0.0,0.777565843936878,0.6502336344788427,0.7280392754545105,0.6003549934873698,0.5296033834337367,0.0,0.0,0.0,0.8136266002317779,0.0,0.589155166202006,0.7442671916581797,0.0,0.6387614768038714,0.0,0.8228091150235519,0.4759341985713811,0.8535485369682364,0.586364819139259,0.0,0.1048772287439357,0.6809874255231869,0.5828732576476914,0.8119056544623988,0.0,0.6748126081619311,0.6601618593805167,0.0,0.196233835983476,0.0693270502205193,0.0,0.2777504557125299,0.0212402808250915,0.0,0.0,0.0,0.0,0.0,0.0,0.0,0.0,0.0,0.4551345512877722,0.0,0.0,0.0,0.5954063643567986,0.0,0.5073720369096713,0.0,0.0,0.0,0.0,0.6191926407431665,0.0,0.5728367478626681,0.0,0.0,0.0,0.0,0.8229486104697916,0.3570835498857078,0.818298336346702,0.4936689013162429,0.0,0.0,0.6682913930910823,0.5613475574767648,0.7854446214647003,0.6805789230382081,0.0,0.4445767826782114
0.0,0.0,0.5478488262465503,0.0,0.0,0.1985927053256951,0.0,0.3980289817144124,0.1528610275425077,0.0,0.0,0.0,0.6790628626191065,0.0,0.0,0.5030468563302222,0.0,0.0,0.0,0.6873657508065878,0.32212344158625,0.6439528353181194,0.2405665675769303,0.0,0.0,0.0,0.1450206095653834,0.8730495564020186,0.6748126081619311,0.0,0.7276017280946333,0.0,0.0,0.0889911131235406,0.0,0.0,0.0,0.0,0.0,0.0,0.0,0.0,0.0,0.0,0.0,0.0,0.0,0.0,0.0,0.0,0.0,0.0,0.0,0.0,0.0,0.0,0.0,0.0,0.0,0.0,0.0,0.0,0.0,0.0,0.6815011325952378,0.0,0.0,0.0720896454276845,0.0,0.0,0.0,0.0951430022533124,0.0,0.0,0.0,0.0
0.4976841019134951,0.23681031641164,0.570354177604125,0.0,0.65581809135817,0.2083631969157132,0.4355365672851582,0.4089529921843735,0.3313814917013155,0.5976215471384383,0.7947926565781079,0.645209359814134,0.5876171774565624,0.0449170132447206,0.8154432551655282,0.6135157524149455,0.6222235125624921,0.6142564331748062,0.6553082673062417,0.8146156103380966,0.5150890663818515,0.8099663243307681,0.1244773061812688,0.528741591398486,0.0,0.2765274736178807,0.3938474625997228,0.8233211161542346,0.6601618593805167,0.7276017280946333,0.0,0.0,0.1557820432034342,0.432626240390511,0.0,0.5072696546472344,0.3717575743251856,0.1664459960757549,0.0,0.0,0.0,0.0,0.0,0.0,0.0,0.2190604607224535,0.6265393717836002,0.0,0.0,0.0,0.1462193513096469,0.0,0.5814795984405924,0.0,0.4771124590703373,0.0,0.6394946348435198,0.0,0.0,0.7679354259602976,0.2406190406516638,0.0,0.3538826137542613,0.0,0.7683544530712476,0.6306845758686993,0.7565706410574112,0.0,0.3731899652693449,0.1595471384636304,0.292913874845251,0.2884384046889615,0.5788993239160056,0.2866336337229256,0.0,0.1527359765416435
0.0,0.0,0.0,0.0,0.0,0.0,0.0,0.0,0.0,0.1165954301184124,0.0,0.0,0.0,0.0,0.0,0.0,0.0,0.0,0.0,0.0,0.3344945401556062,0.0,0.0,0.0,0.0,0.0,0.0971882842213026,0.0,0.0,0.0,0.0,0.0,0.3996432621606701,0.3937250617820535,0.1466116014250193,0.0934811608121939,0.2609253865470424,0.365394130554701,0.8013603535121807,0.1232822862281735,0.0,0.0,0.2654570557764031,0.0,0.0,0.0675154951351113,0.2422338781080759,0.0,0.0,0.0,0.0,0.0,0.1303239718948074,0.0,0.3228073066637533,0.0,0.3593573003701195,0.0,0.0,0.0,0.0,0.0,0.0,0.0,0.0,0.3793321145679282,0.0,0.0,0.0,0.1461024044631605,0.0,0.0335279848279157,0.0,0.0,0.0,0.0
0.2481097939368896,0.1114342932933336,0.0,0.0,0.0647579635402637,0.3009115804852746,0.1355771778703733,0.2818673248438754,0.1871975735919625,0.3701631266591021,0.0577963547833182,0.2104444525642367,0.1627020127362479,0.0,0.253480444594999,0.1101481730070829,0.2266836689674937,0.1364871651680246,0.0,0.117766204631628,0.3826767929226128,0.1646317267144227,0.121638040460629,0.2110700032823209,0.1420912743726792,0.0942802978844032,0.3035300076464048,0.0471863799918308,0.196233835983476,0.0,0.1557820432034342,0.3996432621606701,0.0,0.5503178862874362,0.0539378776033995,0.1581212498164556,0.0581352988305256,0.2604417843994873,0.2776566498692943,0.5643040945867815,0.0,0.0,0.0,0.0,0.1214087838961636,0.2852112768313223,0.3668983660499808,0.0,0.0,0.0,0.0,0.0,0.0,0.0,0.401724577874472,0.0,0.3266272302055334,0.0,0.0,0.1947773437480865,0.0720506726852151,0.1372853330743483,0.0611495997151617,0.0,0.0491141379351702,0.3767954316407261,0.089780356945955,0.1187820032481451,0.2236660065538106,0.3519806105300948,0.1591279284882955,0.2700292401204932,0.0,0.0734965006815356,0.0,0.0
0.1193288459254006,0.0,0.0288112072349373,0.0,0.1586936648982461,0.0560430412912201,0.0889169343119795,0.2231127204440749,0.1688731084383983,0.3730461670301764,0.257076768183988,0.3655541486176124,0.1382598657228823,0.0,0.482841256783923,0.1467154579421835,0.2211740677166805,0.1361471980989117,0.1330502420919963,0.2483190424020679,0.3809681121137965,0.2685715933319313,0.0,0.0738276613748029,0.0,0.0,0.2534240188508713,0.2093027630709477,0.0693270502205193,0.0889911131235406,0.432626240390511,0.3937250617820535,0.5503178862874362,0.0,0.0,0.2956429908284972,0.3952756779385766,0.3010482763576818,0.3276645818737322,0.0205335645547778,0.0,0.0,0.3999061461144809,0.0,0.0,0.0909943315951489,0.5188499087878484,0.0,0.0,0.0,0.0,0.0,0.4609466616955071,0.0,0.4539915102788316,0.0,0.6546373386035547,0.0,0.0,0.457919231433342,0.0,0.0,0.0,0.0,0.1644210919296403,0.5012867663384248,0.182816599197461,0.0,0.0255941671799099,0.193198237935285,0.0,0.2051943703544763,0.0,0.0,0.0,0.0
0.1542044638291304,0.2328864021305735,0.0740053955965833,0.1157675542764267,0.0,0.1141406500462272,0.1331743769305761,0.1565414460290954,0.122526112107093,0.0,0.0,0.0165086253924634,0.0,0.0,0.0,0.0,0.0,0.0,0.0,0.0,0.0,0.0,0.288406476418616,0.0,0.1257591628653097,0.1714092370970752,0.0634874937864754,0.0,0.0,0.0,0.0,0.1466116014250193,0.0539378776033995,0.0,0.0,0.0,0.0,0.0,0.1189054569794911,0.3361962721028023,0.2822399089738605,0.3090446775817834,0.0,0.1560049988612278,0.1542066013063267,0.0,0.0,0.0,0.0,0.0,0.0,0.0,0.0,0.0,0.0,0.0,0.0,0.0,0.0,0.0,0.0328238075008974,0.0,0.0,0.0,0.0,0.0,0.0,0.4394975154378799,0.0,0.0197418696619173,0.1529388252772381,0.1235285620728855,0.0,0.1433983884815011,0.0,0.0
0.0,0.0,0.2358035325682432,0.1026509810427447,0.5222617855167888,0.1689101755411637,0.4143836486911348,0.3119928700039909,0.3166536875539225,0.3198807374122076,0.5445308998684257,0.5485455058091727,0.5864778723226381,0.0,0.5362462496545614,0.0,0.0,0.0,0.3322354707054334,0.5495789314521984,0.2758609719292788,0.4146579387933419,0.0555995612291965,0.3830768608560016,0.0,0.0355372738268617,0.3053628086276253,0.6364371690233601,0.2777504557125299,0.0,0.5072696546472344,0.0934811608121939,0.1581212498164556,0.2956429908284972,0.0,0.0,0.4830485402520722,0.4247139217133065,0.0,0.0,0.0,0.0,0.550070720661889,0.0,0.0,0.0,0.0,0.1936792244075718,0.0,0.0,0.0889863919974308,0.2319700523521951,0.4911908950799332,0.3769622627108557,0.0,0.4765523019906591,0.6250733309798611,0.0330997264543141,0.1802123627298144,0.0,0.0,0.0,0.0,0.2233217525744524,0.0,0.0,0.0,0.0,0.0,0.0,0.0,0.1978898343699841,0.3876598569751072,0.0,0.0,0.0
0.0,0.0,0.0,0.0,0.1239424045378494,0.0,0.0530656099006442,0.0560998457208907,0.1439544793447475,0.2106695236509664,0.1854416710323295,0.3429799573185749,0.2416620872658742,0.0,0.0,0.0,0.0,0.0,0.0428855218437967,0.2401692669220146,0.0,0.1278014813937971,0.0,0.0,0.0,0.0,0.200336994338544,0.3150390967562727,0.0212402808250915,0.0,0.3717575743251856,0.2609253865470424,0.0581352988305256,0.3952756779385766,0.0,0.4830485402520722,0.0,0.4597915552879865,0.1738865690131152,0.0,0.0,0.0,0.0,0.0,0.0,0.0,0.0,0.0,0.0,0.0,0.0,0.0,0.0,0.0,0.0,0.0,0.0,0.0,0.0,0.0,0.0,0.0,0.0,0.0,0.0,0.0,0.0,0.0,0.0,0.0,0.0,0.0,0.0,0.0,0.0,0.0
0.0,0.0,0.0,0.0,0.0,0.0,0.0,0.0,0.1415699161953778,0.1950619084957799,0.0,0.0690875890409974,0.0744072392704332,0.0,0.0,0.0,0.2400344400485514,0.0,0.0,0.0,0.0,0.0,0.0,0.186283617543354,0.0,0.0,0.0,0.0982807222473093,0.0,0.0,0.1664459960757549,0.365394130554701,0.2604417843994873,0.3010482763576818,0.0,0.4247139217133065,0.4597915552879865,0.0,0.3054490079617257,0.0,0.0,0.0,0.0,0.0,0.0,0.0,0.0,0.0,0.0,0.0,0.0,0.0,0.0,0.0,0.2796555682357411,0.0,0.4648005884640408,0.0,0.0,0.0,0.0,0.0,0.0,0.0,0.0,0.0,0.0,0.0,0.0,0.0,0.0,0.0,0.0,0.0,0.0,0.0
0.0,0.0,0.0,0.0,0.0,0.0,0.0,0.0,0.0,0.0,0.0,0.0,0.0,0.0,0.0,0.0,0.0,0.0,0.0,0.0,0.1237370304371651,0.0,0.0,0.0,0.0467161506080986,0.0,0.0,0.0,0.0,0.0,0.0,0.8013603535121807,0.2776566498692943,0.3276645818737322,0.1189054569794911,0.0,0.1738865690131152,0.3054490079617257,0.0,0.0675264660405266,0.0,0.1360531741541147,0.1932869379994257,0.0,0.0,0.0510125603735392,0.1548021936128768,0.0,0.0772305382347904,0.0,0.0,0.0,0.0,0.0,0.1875266873353977,0.0,0.1573114448273735,0.0,0.0,0.0,0.0,0.0,0.0,0.0,0.0,0.2547986492287453,0.0,0.0,0.0,0.1222135558031046,0.0,0.0,0.0,0.0,0.0,0.0
0.3048259992759474,0.2428123946514307,0.0,0.0,0.0,0.0,0.0,0.0,0.0,0.0820200548093735,0.0,0.0,0.0,0.0,0.0,0.0931439890947343,0.0,0.0,0.0,0.0,0.1222639790116872,0.0,0.246401988525539,0.0303608607327372,0.2923935700793495,0.2812418903044892,0.0,0.0,0.0,0.0,0.0,0.1232822862281735,0.5643040945867815,0.0205335645547778,0.3361962721028023,0.0,0.0,0.0,0.0675264660405266,0.0,0.5888224729414665,0.2980472867967211,0.0,0.2782731135596466,0.4560482440281593,0.5411258814978814,0.0,0.0,0.0,0.0,0.2400309905664517,0.2043254174092766,0.0,0.0,0.1677679272850572,0.0,0.0,0.4689248274314512,0.0,0.0,0.4683548942859175,0.2545313018234634,0.303079591588347,0.0,0.0,0.0,0.0,0.3494192894616305,0.2540798653316983,0.3821900395353325,0.4724443650504126,0.1261279227530852,0.082432738826768,0.4381258841495025,0.1367860603104478,0.3861973504020879
0.0962595265395227,0.1307984377624386,0.0,0.0,0.0,0.0,0.0,0.0,0.0,0.0,0.0,0.0,0.0,0.0,0.0,0.0212799818902903,0.0,0.0,0.0,0.0,0.0,0.0,0.1385752476612633,0.0,0.1559177802125602,0.3580453404314675,0.0,0.0,0.0,0.0,0.0,0.0,0.0,0.0,0.2822399089738605,0.0,0.0,0.0,0.0,0.5888224729414665,0.0,0.6416246483119631,0.0,0.4827652084737638,0.4752374869356006,0.299756057381634,0.0,0.0,0.0,0.0,0.2608431204041644,0.0,0.0,0.0,0.0,0.0,0.0,0.419601166498218,0.3016556159337033,0.0,0.4369317564136029,0.0325226771871041,0.2526460635920921,0.0,0.0,0.0,0.0,0.1629195263369875,0.1341376399131385,0.0,0.3308586474328084,0.0,0.1536308573741384,0.427448978504882,0.3114926684253377,0.6720389797869316
0.0,0.0,0.0,0.0,0.0,0.0,0.0,0.0,0.0,0.0,0.0,0.0,0.0,0.0,0.0,0.0,0.0,0.0,0.0,0.0,0.0,0.0,0.0,0.0,0.0891072160531808,0.0222784607560035,0.0,0.0,0.0,0.0,0.0,0.0,0.0,0.0,0.3090446775817834,0.0,0.0,0.0,0.1360531741541147,0.2980472867967211,0.6416246483119631,0.0,0.0,0.2730886131375001,0.2271741704484551,0.1052997178568111,0.0,0.0,0.0,0.0,0.0204450395304383,0.0,0.0,0.0,0.0,0.0,0.0,0.0656330152865996,0.0,0.0,0.144134202469803,0.0,0.0,0.0,0.0,0.0,0.0,0.0873504186510105,0.0,0.0,0.0134784811837124,0.0,0.0,0.178064338490312,0.0020515241571945,0.3488670153144504
0.0,0.0,0.0288942314647507,0.0,0.1812311772220259,0.1890958998128425,0.0,0.1378344925626194,0.1872261251088885,0.0,0.267139266397562,0.0,0.2877054033393629,0.0,0.0,0.0,0.0,0.0,0.1353343479319124,0.0,0.0,0.0,0.0,0.0,0.0,0.0,0.3040424213650833,0.3072749513757256,0.0,0.0,0.0,0.2654570557764031,0.0,0.3999061461144809,0.0,0.550070720661889,0.0,0.0,0.1932869379994257,0.0,0.0,0.0,0.0,0.0992626644042793,0.0,0.0,0.0,0.0,0.3181995208675538,0.4455052478792417,0.0992402362611344,0.1500059431443787,0.3658994654702056,0.1862577931576175,0.37464237021772,0.2214196616297739,0.6151769879801021,0.0508398030042642,0.0,0.5053870233597798,0.0,0.1393954175729381,0.0,0.0572720638135854,0.2139510199793635,0.5354689204683605,0.1789619727698636,0.0,0.0918322014321848,0.074948326185025,0.0,0.152916850423793,0.1510549153132614,0.0,0.0,0.0
0.0,0.0,0.0,0.0,0.0,0.0,0.0,0.0,0.0,0.0,0.0,0.0,0.0,0.0,0.0,0.0,0.0,0.0,0.0,0.0,0.0,0.0,0.0,0.0,0.0,0.0,0.0,0.0,0.0,0.0,0.0,0.0,0.0,0.0,0.1560049988612278,0.0,0.0,0.0,0.0,0.2782731135596466,0.4827652084737638,0.2730886131375001,0.0992626644042793,0.0,0.4079267301536176,0.0,0.0,0.0,0.0957281110670696,0.0,0.269875451951944,0.0,0.0,0.0,0.0,0.0,0.0,0.4655722243481742,0.0934757643062501,0.0,0.0,0.0,0.0,0.0,0.0,0.0,0.0,0.0475876620034823,0.0,0.0,0.0,0.0,0.1846795043120829,0.2588490984816514,0.0,0.4504071542946005
0.0,0.0,0.0,0.0,0.0,0.0,0.0,0.0,0.0,0.0614842322433158,0.0,0.0,0.0,0.0,0.0,0.0,0.0,0.0,0.0,0.0,0.0,0.0,0.0,0.1929127935167209,0.0,0.3552826317947379,0.0,0.0,0.0,0.0,0.0,0.0,0.1214087838961636,0.0,0.1542066013063267,0.0,0.0,0.0,0.0,0.4560482440281593,0.4752374869356006,0.2271741704484551,0.0,0.4079267301536176,0.0,0.3299934186142518,0.0,0.0,0.0,0.0,0.0,0.0659566960130313,0.0,0.0,0.0,0.0,0.0,0.4882965252159834,0.0,0.0,0.0,0.2224919655545802,0.0,0.0,0.0,0.0,0.0,0.0,0.2705811431460781,0.0728744059463885,0.3654369898989941,0.0,0.2828185153372602,0.0,0.0,0.3992717703379302
0.7170262064581046,0.4557211667038606,0.0,0.0,0.0,0.0,0.0,0.0,0.0,0.0,0.0,0.0,0.0,0.0,0.0,0.4942853010030647,0.0,0.0246277833896984,0.0,0.0,0.3817809909123021,0.3276772327383281,0.0,0.2642018376294654,0.3497284018414034,0.4943575478703854,0.0,0.0,0.0,0.0,0.2190604607224535,0.0675154951351113,0.2852112768313223,0.0909943315951489,0.0,0.0,0.0,0.0,0.0510125603735392,0.5411258814978814,0.299756057381634,0.1052997178568111,0.0,0.0,0.3299934186142518,0.0,0.3174525987531196,0.0,0.0,0.0,0.1392125174304388,0.0,0.1345312402092321,0.0,0.3431839558817796,0.0,0.0,0.4262956069544331,0.0,0.0,0.5856109198219809,0.0,0.3936163782917344,0.0,0.1960886181616351,0.2644079113603268,0.3204170562123907,0.4409917184027389,0.5608628308330978,0.4637929903850755,0.7020792273730784,0.1786041230247622,0.2848883083990338,0.5527244327935269,0.0,0.39341534198424
0.2617718946606474,0.3150664064929009,0.0,0.0,0.0,0.0,0.0,0.0,0.0,0.0,0.0,0.0,0.0,0.0,0.7064268713372998,0.3346883168955623,0.0,0.3376245665291318,0.0,0.4637493227519668,0.6634678550020652,0.5244379302709987,0.1227790464137886,0.0,0.2991674244277026,0.0880052801346914,0.587362885648718,0.0,0.4551345512877722,0.0,0.6265393717836002,0.2422338781080759,0.3668983660499808,0.5188499087878484,0.0,0.0,0.0,0.0,0.1548021936128768,0.0,0.0,0.0,0.0,0.0,0.0,0.3174525987531196,0.0,0.0,0.0,0.0,0.1388119700657607,0.4565581017940815,0.5791595070714844,0.4239953404575979,0.8024440126692273,0.0,0.0,0.0747958880464974,0.0,0.6387067008081598,0.2166367359500587,0.5203092319557375,0.3036756604625764,0.0,0.3372951848340143,0.808900431854804,0.4451613624111336,0.2614674099263258,0.0,0.6996528545658685,0.4255071660587197,0.519200602891878,0.2421319117380609,0.2690296768900694,0.0,0.0
0.0,0.0,0.9624968477851172,0.0,0.7884602658228229,0.6144734456324644,0.0,0.669083947269571,0.8410818294901211,0.0,0.7194112958975298,0.0,0.6480662151417316,0.4640152664513751,0.0,0.0,0.0,0.0,0.8219331546286065,0.0,0.0,0.0,0.7585306414707043,0.0,0.0,0.0,0.7552219857880862,0.0,0.0,0.0,0.0,0.0,0.0,0.0,0.0,0.1936792244075718,0.0,0.0,0.0,0.0,0.0,0.0,0.0,0.0,0.0,0.0,0.0,0.0,0.1678916911589103,0.6467030954326315,0.3648544075558415,0.684000811500853,0.5974209423623881,0.8820034682335207,0.0,0.7498431354557382,0.0,0.3453908398608475,0.4126792511954567,0.0,0.0,0.0,0.0,0.8491320127511289,0.0,0.0,0.0,0.7208239515636531,0.0,0.0,0.0,0.695988736021862,0.4908622319135916,0.4525042340073525,0.4373415107238253,0.1223536006952668
0.0,0.0,0.0,0.0,0.0,0.0,0.0,0.0,0.0,0.0,0.0,0.0,0.0,0.0,0.0,0.0,0.0,0.0,0.0,0.0,0.0,0.0,0.0,0.0,0.0,0.0,0.0,0.0,0.0,0.0,0.0,0.0,0.0,0.0,0.0,0.0,0.0,0.0,0.0772305382347904,0.0,0.0,0.0,0.3181995208675538,0.0957281110670696,0.0,0.0,0.0,0.1678916911589103,0.0,0.4074890847958034,0.0425538899260221,0.4808524981088394,0.2959415529329645,0.2181922412368016,0.0,0.1690935933772574,0.0,0.2741494480218985,0.1415441183056286,0.0,0.0,0.0,0.0,0.1061803742645366,0.0,0.0,0.0,0.0048097370839685,0.0,0.0,0.0,0.0400711240494652,0.1600631774040714,0.0,0.0,0.0
0.0,0.0,0.6842645856722055,0.0,0.0,0.0,0.0,0.5677824819510002,0.0,0.0,0.8366149268527371,0.0,0.0,0.0,0.0,0.0,0.0,0.0,0.0,0.0,0.0,0.0,0.3257761637039205,0.0,0.0,0.0,0.0,0.0,0.0,0.0,0.0,0.0,0.0,0.0,0.0,0.0,0.0,0.0,0.0,0.0,0.0,0.0,0.4455052478792417,0.0,0.0,0.0,0.0,0.6467030954326315,0.4074890847958034,0.0,0.2211165792717088,0.6582531360672699,0.7469111636731256,0.793815624012421,0.5317086448361907,0.840280229536582,0.7533913239112345,0.066838223252987,0.3760108422308683,0.0,0.0,0.0,0.0,0.6725996840934716,0.0,0.0,0.0,0.2026211876739348,0.0,0.0,0.0,0.5841713273922607,0.4253307391125249,0.0,0.0,0.0
