0.0,0.1045590383159992,0.0,0.0,0.0,0.1237187879473853,0.0,0.0,0.0,0.0,0.0,0.0587046139662824,0.0,0.0,0.2572335889682232,0.4474917408681434,0.0,0.0866708874361473,0.0,0.3927130772814898,0.2657891998885316,0.4945656771775929,0.1811537776078242,0.4660414526565579,0.4493186543240779,0.5245542255766196,0.4307005766586628,0.0,0.051558473076193,0.0,0.0,0.1872014538058146,0.0795991693132945,0.0,0.3971002915734862,0.0,0.0,0.228085972533706,0.2856914532001673,0.3393704847834651,0.4186388532733459,0.0,0.0,0.0,0.0,0.754642051800411,0.285694744270637,0.0,0.0,0.0,0.0,0.0,0.0,0.0,0.1387231406281998,0.0,0.0,0.0,0.0,0.0,0.1652731944192876,0.0,0.0923495614206967,0.0,0.0,0.3408118522317988,0.3386172084704434,0.0,0.4461502468369752,0.280209137596187,0.6625540995702259,0.0,0.0,0.0,0.0,0.3731919577722308
0.1045590383159992,0.0,0.0,0.0,0.3793357806875957,0.7557185607448033,0.4530853883732503,0.6186781622088773,0.3795002831373285,0.0,0.0,0.0,0.7322383854082131,0.0,0.0,0.5533414565894358,0.5799617508387124,0.6531365812992216,0.0,0.0,0.1804049286618667,0.2268964782001487,0.6280705694031751,0.0,0.4251583358607568,0.6701108481427275,0.0777955595818868,0.3586399148656294,0.0,0.0,0.2153696795217152,0.1400068766216774,0.342739784358867,0.1522180791525331,0.0,0.0,0.0,0.0,0.0,0.0,0.0,0.0,0.0,0.0,0.0,0.0,0.5493770538284403,0.0,0.0,0.0,0.5838669728182725,0.0,0.0,0.0,0.0,0.0,0.0,0.0,0.0,0.0,0.0,0.0,0.0,0.0,0.0,0.1370065507104107,0.0,0.5213479625042216,0.0,0.1032646149806089,0.3131939506428459,0.0582047865157573,0.0,0.0,0.0,0.0
0.0,0.0,0.0,0.3415920134303936,0.4339879798512409,0.6110299464263175,0.4499117670505431,0.5434635747689637,0.7468770863680476,0.3932763374967458,0.7234292976324467,0.314853657551556,0.4306884571075308,0.2751641968171471,0.0,0.0,0.0,0.0,0.5900766932645821,0.0,0.0,0.0,0.6547869809345311,0.0,0.0,0.0,0.61589149205804,0.3985093434508043,0.0,0.0,0.4190546613618459,0.0,0.2761008569672653,0.2282983300780774,0.0,0.2602774910306238,0.0592185562096084,0.0,0.0,0.0,0.0,0.0,0.2833779576553248,0.0,0.0,0.0,0.0,0.6227730730693984,0.0,0.4027644722324915,0.2895240864763589,0.0328375524594954,0.4996961457649101,0.691348468211911,0.0,0.582272721721016,0.0,0.0,0.329596319320737,0.0,0.0,0.0,0.0,0.3175519535703722,0.0,0.0,0.0,0.5554747835776845,0.0,0.0,0.0,0.3010206473932799,0.0,0.0,0.0,0.0
0.0,0.0,0.3415920134303936,0.0,0.7825436313599399,0.4575482722738065,0.7457441916920413,0.5969719454991528,0.6807291384794748,0.701573247094022,0.6848062772644303,0.3264550371534835,0.6327188420339895,0.0661476473319657,0.0,0.0,0.0,0.0,0.0,0.0,0.0,0.0,0.4340099175221359,0.0,0.0,0.0,0.1290763803156548,0.8488077650694807,0.1596050438739983,0.0,0.7524769152825278,0.0,0.0,0.5417192709285422,0.0,0.0609298330825925,0.2637492407056752,0.0,0.0,0.0,0.0,0.0,0.0,0.0,0.0,0.0,0.0,0.0,0.0,0.0,0.0,0.0,0.0,0.0,0.0,0.0,0.0,0.0,0.0,0.0,0.0,0.0,0.0,0.0,0.0,0.0,0.0,0.0,0.0,0.0,0.0,0.0,0.0,0.0,0.0,0.0
0.0,0.3793357806875957,0.4339879798512409,0.7825436313599399,0.0,0.5552797744999349,0.8061596126229652,0.612426371838307,0.7798219790505018,0.7068178935682636,0.7408928913896802,0.3092643638636601,0.6319111297998022,0.2684639708363815,0.0,0.2824808075639067,0.0,0.0,0.0,0.0,0.0,0.2321626095747533,0.4666237419612027,0.0,0.084344972597579,0.0514679156460776,0.366169111445345,0.8152822645834485,0.2759172988385567,0.0,0.6900753587767583,0.0,0.3130600189885186,0.4634231955045492,0.0,0.1360844728322487,0.1683800622515044,0.0,0.0,0.0,0.0,0.0,0.0577836718520596,0.0,0.0,0.0,0.0,0.3738116497479568,0.0,0.7428071565114414,0.2835864634089273,0.0,0.6994586488282162,0.8033417342593501,0.0,0.579656122377241,0.0,0.0,0.0,0.0,0.0,0.0,0.0,0.0,0.0,0.0,0.0,0.5412079003691638,0.0,0.0,0.0,0.128175639575441,0.0,0.0,0.0,0.0
0.1237187879473853,0.7557185607448033,0.6110299464263175,0.4575482722738065,0.5552797744999349,0.0,0.704837492381802,0.7028266519628763,0.7023783453058721,0.6505369449349635,0.4421451500273256,0.5642756785645792,0.8516912307583402,0.4109234861349267,0.0593957239437223,0.6201696874711711,0.4097547303910666,0.6552324503357058,0.125079469209812,0.0,0.4065022085064662,0.3497461794610713,0.7614679593361015,0.0,0.5045334685161103,0.5204128438831183,0.4945984029679925,0.4293358129547068,0.0636741532112304,0.3099167551777779,0.3327173311547742,0.0198271017854936,0.3104845271206821,0.2415895808989638,0.0,0.3103261438472493,0.174300603031368,0.0,0.0,0.0,0.0,0.0,0.2221345158754165,0.0,0.0,0.0,0.6541445847395115,0.208034247461668,0.0,0.3486846885088564,0.7336351547716453,0.0980759668740656,0.6906110715790036,0.5923172924142509,0.0,0.3066140929200849,0.0,0.1857908068125719,0.0,0.0,0.0,0.0,0.0,0.0,0.0,0.3553622526612841,0.0,0.6599815092564104,0.0,0.0,0.2031486506283424,0.2000894041652693,0.0,0.0,0.0,0.0
0.0,0.4530853883732503,0.4499117670505431,0.7457441916920413,0.8061596126229652,0.704837492381802,0.0,0.5904915393865248,0.8131978065503475,0.7784570133121862,0.6564533427985759,0.2261731884302879,0.7148008154356494,0.0876130148815636,0.0,0.4385634402363255,0.3805326632943213,0.47683057120857,0.0948872435323808,0.0158597196317581,0.0,0.4068443342299333,0.4951599006886721,0.0,0.2782643803417338,0.0141805922490342,0.4605638975474883,0.7555855379241595,0.3578736758735455,0.0,0.7119825446979989,0.0,0.3383483873165726,0.4721019146442903,0.0,0.0,0.0735925564612996,0.0,0.0,0.0,0.0,0.0,0.1324135428729043,0.0,0.0,0.0,0.0,0.3947257007245233,0.0,0.0,0.4741903025571956,0.0,0.706793629683267,0.8380914072279406,0.0,0.551619820467935,0.0,0.0,0.0,0.0,0.0,0.0,0.0,0.0,0.0,0.0,0.0,0.5875621840744193,0.0,0.0,0.0,0.1908466909442225,0.0,0.0,0.0,0.0
0.0,0.6186781622088773,0.5434635747689637,0.5969719454991528,0.612426371838307,0.7028266519628763,0.5904915393865248,0.0,0.5671847797869688,0.5838283692247699,0.5014780039396485,0.7302004985096198,0.8004235941586714,0.4817258321410879,0.0397649504222783,0.4534318354430477,0.0,0.2698625195438697,0.0622922982494439,0.0,0.3783730927746617,0.0574433658302927,0.8813405669768833,0.1920588678019885,0.0,0.4277839866197294,0.1140130912028676,0.6152738567545606,0.0,0.4584886856542089,0.5144582063669665,0.0,0.4221333949012913,0.4746676252159524,0.0,0.458605666538426,0.353586191980305,0.0,0.0,0.0,0.0,0.0,0.2599564803296197,0.0,0.0,0.0,0.0,0.4301495196833696,0.0,0.5078280217069072,0.365148781942908,0.0,0.9032856500398068,0.5712824346100942,0.0,0.4786777393270363,0.0,0.0,0.6044442662206919,0.0,0.0,0.0,0.0,0.0,0.0,0.2540130354842537,0.0,0.7538556107751995,0.0,0.0,0.0,0.0,0.0,0.0,0.0,0.0
0.0,0.3795002831373285,0.7468770863680476,0.6807291384794748,0.7798219790505018,0.7023783453058721,0.8131978065503475,0.5671847797869688,0.0,0.6252571811995292,0.8393996637968082,0.2386948066628273,0.5991618612949623,0.1625846213993502,0.0,0.5134477823999953,0.0,0.4053703126199646,0.354741415301285,0.2688063374096046,0.0,0.5548345379206672,0.5708748722207029,0.0,0.3676673004992236,0.1757207681109696,0.7052582406202028,0.7311380815206446,0.4638773892764095,0.566839226575946,0.6693592907598253,0.0,0.3195094660886358,0.4374742796841381,0.0,0.0621066315922766,0.0579253287585568,0.0,0.0,0.0,0.0,0.0,0.1500667557561528,0.0,0.0,0.0,0.0,0.5703437048521062,0.0,0.7089206271501242,0.3743318588784631,0.254191433956098,0.6362236919553637,0.9509872017181824,0.0,0.639915100033252,0.0,0.0,0.3716216166280265,0.0,0.0,0.0,0.0,0.1103072102889504,0.0,0.0,0.0,0.5939351152557808,0.0,0.0,0.0,0.4044075816719588,0.0,0.0,0.0,0.0
0.0,0.0,0.3932763374967458,0.701573247094022,0.7068178935682636,0.6505369449349635,0.7784570133121862,0.5838283692247699,0.6252571811995292,0.0,0.5352985997744125,0.5446017079171398,0.8173265818385741,0.0,0.0,0.5143256159946568,0.7241839210358793,0.6128366384815334,0.0,0.0,0.0,0.205105234408075,0.4374672391397564,0.0,0.3837994658971575,0.3205877024035712,0.246813715880942,0.757030288514911,0.0547433199739998,0.0,0.6670030301262629,0.0,0.4422422974438895,0.4141843935397221,0.0,0.1332883974917699,0.296896700472483,0.0,0.0,0.0,0.0,0.0,0.0,0.0,0.0,0.0,0.0,0.0,0.0,0.0,0.0,0.0,0.0,0.0,0.6701425075410818,0.0,0.328086078073322,0.0115323149541733,0.0,0.0,0.0,0.434254253076773,0.0,0.0,0.0,0.0,0.0,0.0,0.0,0.0530470380898698,0.0,0.0,0.0,0.0,0.0,0.0
0.0,0.0,0.7234292976324467,0.6848062772644303,0.7408928913896802,0.4421451500273256,0.6564533427985759,0.5014780039396485,0.8393996637968082,0.5352985997744125,0.0,0.1211900706704728,0.4228230399746863,0.0684406802933999,0.0,0.0,0.2678685476389924,0.0,0.5605461811439424,0.0,0.0,0.0,0.4895940459090282,0.0,0.0,0.0,0.5192515149185731,0.7050202594471328,0.0,0.0,0.7055119373853627,0.0,0.3169271649018034,0.4361384030497537,0.0,0.0,0.0,0.0,0.0,0.0,0.0,0.0,0.0099134240923298,0.0,0.0,0.0,0.0,0.7182894060684586,0.0,0.7222127776217766,0.1776480960428381,0.1710498823069892,0.6023227209093391,0.8574107085814113,0.0,0.8543221455597889,0.0,0.0,0.3200313860395883,0.0,0.0,0.0,0.0,0.3158696901024135,0.0,0.0,0.0,0.5705231338705709,0.0,0.0,0.0,0.1965466581257714,0.0,0.0,0.0,0.0
0.0587046139662824,0.0,0.314853657551556,0.3264550371534835,0.3092643638636601,0.5642756785645792,0.2261731884302879,0.7302004985096198,0.2386948066628273,0.5446017079171398,0.1211900706704728,0.0,0.7195880853537964,0.0,0.0,0.0,0.5870437563676859,0.4299990683858032,0.0,0.0,0.0,0.0,0.5699063032591279,0.6088080176660818,0.0494013366777885,0.7219545650280088,0.0,0.3505854222863824,0.0,0.0,0.1222058928068691,0.0,0.2569025361917577,0.2104551652332643,0.0,0.6800024243427948,0.5861729106193863,0.0,0.0,0.0,0.0,0.0,0.3944006933370589,0.0,0.0,0.0,0.0,0.0,0.0,0.0,0.0,0.0,0.0,0.0,0.1276485150657524,0.0,0.803378634110744,0.0231775180274653,0.0,0.0,0.0,0.3789114522708725,0.0,0.0,0.0,0.0,0.0,0.0,0.3437319884777214,0.0,0.1683972957002512,0.0,0.0,0.0,0.0,0.0
0.0,0.7322383854082131,0.4306884571075308,0.6327188420339895,0.6319111297998022,0.8516912307583402,0.7148008154356494,0.8004235941586714,0.5991618612949623,0.8173265818385741,0.4228230399746863,0.7195880853537964,0.0,0.348008304937076,0.0,0.5872641234945596,0.638383652507967,0.5602362726821529,0.0,0.0,0.3530571131244002,0.0968906414698081,0.6955571626640725,0.0890927033153704,0.1829285076610117,0.4555777271591803,0.1285182134563184,0.6425371033519532,0.0,0.3813365140678285,0.4511330494815355,0.0,0.3772409707813845,0.4554513820280312,0.0,0.3189819295481609,0.341876185821224,0.0,0.0,0.0,0.0,0.0,0.2236318488473002,0.0,0.0,0.0,0.0,0.1670853853209503,0.0,0.0,0.5165006086076542,0.0811880579232235,0.7783528571760914,0.0,0.0,0.3202547283542429,0.5192558190010498,0.0,0.0,0.0,0.0,0.0,0.0,0.0,0.0,0.0,0.0,0.5793737673978719,0.0,0.0,0.0,0.0,0.0,0.0,0.0,0.0
0.0,0.0,0.2751641968171471,0.0661476473319657,0.2684639708363815,0.4109234861349267,0.0876130148815636,0.4817258321410879,0.1625846213993502,0.0,0.0684406802933999,0.0,0.348008304937076,0.0,0.0,0.0,0.0,0.0,0.0,0.0,0.0196923227765298,0.0,0.5116068608219417,0.0,0.0,0.0,0.0557988459525686,0.0,0.0,0.0,0.0,0.0,0.0,0.0965783803249401,0.0,0.5461861459378067,0.1873948509700991,0.0,0.0,0.0,0.0,0.0,0.2163920866596652,0.0,0.0,0.0,0.0,0.0348967576807232,0.0,0.0,0.0,0.0,0.0,0.1102794419299,0.0,0.0579405125483127,0.0,0.0,0.0,0.0,0.0,0.0,0.0,0.0,0.0,0.0,0.0,0.3444695561882006,0.0,0.0,0.0,0.0,0.0,0.0,0.0,0.0
0.2572335889682232,0.0,0.0,0.0,0.0,0.0593957239437223,0.0,0.0397649504222783,0.0,0.0,0.0,0.0,0.0,0.0,0.0,0.3307065463200881,0.0,0.0700513841550946,0.0,0.6687220608112429,0.6360455240152983,0.6562916764756943,0.1651577043445082,0.0,0.1856964784223626,0.0,0.5019258264512497,0.2634003082780444,0.5252754144000392,0.0,0.3917023085361298,0.0544192995851713,0.1858061565374899,0.3311617755509294,0.0101805394854164,0.0,0.0,0.0,0.0,0.0,0.1500069032133876,0.0973447104954249,0.0561176932799347,0.0,0.0,0.0,0.0377434598819878,0.0,0.0,0.0,0.0,0.0,0.0857060637698043,0.0,0.0,0.0,0.0,0.0,0.0,0.7046499315804999,0.0,0.0,0.0,0.0,0.3848461445801066,0.561891634372251,0.2110685446501371,0.1784323615137297,0.0,0.0402674949400761,0.0,0.2311361564276102,0.0418628074239747,0.4753213838327197,0.0,0.0369310235610502
0.4474917408681434,0.5533414565894358,0.0,0.0,0.2824808075639067,0.6201696874711711,0.4385634402363255,0.4534318354430477,0.5134477823999953,0.5143256159946568,0.0,0.0,0.5872641234945596,0.0,0.3307065463200881,0.0,0.5008628340974504,0.6768560929773425,0.0,0.2954353708813604,0.4535255563722438,0.589259268178557,0.5415070301259839,0.2355507174697517,0.5382014965473053,0.5295763715300477,0.3299574090067668,0.3279653644697186,0.0328452997044208,0.3782877405854535,0.3477016923179301,0.1040476388955757,0.3772733167103273,0.3361051512499097,0.0474396187278778,0.0,0.0,0.0,0.0,0.0174701123854029,0.0,0.0490355060997922,0.0,0.0,0.0,0.1678780955758606,0.3934420637876276,0.0,0.0,0.0,0.0,0.0,0.0,0.0,0.0,0.0,0.0,0.0,0.0,0.1439535568326223,0.0,0.0,0.0,0.0,0.0940087205610319,0.4621478071507753,0.0,0.3400699794412291,0.0,0.0746465098332886,0.2586502244958468,0.0689659506272711,0.0,0.0327465465207649,0.0,0.0
0.0,0.5799617508387124,0.0,0.0,0.0,0.4097547303910666,0.3805326632943213,0.0,0.0,0.7241839210358793,0.2678685476389924,0.5870437563676859,0.638383652507967,0.0,0.0,0.5008628340974504,0.0,0.6251091676283707,0.0,0.0,0.0,0.0469852167791768,0.0,0.2230213725662968,0.2591284594166034,0.4461008770887126,0.0,0.491086800398188,0.0,0.0,0.3572808312053239,0.0665789420308465,0.3222408710996166,0.1891331011200765,0.0,0.0,0.0,0.0,0.0,0.0,0.0,0.0,0.0,0.0,0.0,0.0,0.0,0.0,0.0,0.0,0.0,0.0,0.0,0.0,0.3720884252993963,0.0,0.3773784362496954,0.0,0.0,0.0,0.0,0.5086249742326989,0.0,0.0,0.0,0.0,0.0,0.0,0.020126827736933,0.0,0.0354434432203034,0.0,0.0,0.0,0.0,0.0
0.0866708874361473,0.6531365812992216,0.0,0.0,0.0,0.6552324503357058,0.47683057120857,0.2698625195438697,0.4053703126199646,0.6128366384815334,0.0,0.4299990683858032,0.5602362726821529,0.0,0.0700513841550946,0.6768560929773425,0.6251091676283707,0.0,0.0,0.0898482564839422,0.2086720378697177,0.4572748615097215,0.3227349087138167,0.1821042120867222,0.7542271094819649,0.4175063864266627,0.3687549093063598,0.2756266818728223,0.1780289714765398,0.219574332086222,0.1856129217157042,0.2400207243232736,0.2374940235544324,0.0726713178584704,0.0,0.0,0.0,0.0,0.0465026393716808,0.1344925314051652,0.0,0.0,0.0,0.0,0.0,0.0,0.5195380245792295,0.0,0.0,0.0,0.0,0.0,0.0,0.0,0.5279770611178248,0.0,0.2732373404222226,0.0,0.0,0.0,0.0,0.5467904760890581,0.2413930472813214,0.0,0.0,0.0,0.0791845664417912,0.0,0.0970675545277635,0.3752883850033133,0.2280959317649045,0.0,0.0,0.0,0.0,0.0
0.0,0.0,0.5900766932645821,0.0,0.0,0.125079469209812,0.0948872435323808,0.0622922982494439,0.354741415301285,0.0,0.5605461811439424,0.0,0.0,0.0,0.0,0.0,0.0,0.0,0.0,0.0,0.0,0.0,0.3262625233039737,0.0,0.0,0.0,0.4969788540060665,0.0645758976181571,0.0,0.0,0.1753565833817586,0.2459829193544025,0.0,0.0,0.1517508580231157,0.0,0.0,0.1252958479956463,0.0,0.0,0.0,0.0,0.0675101155603592,0.0,0.0,0.0,0.0,0.7235882485003572,0.0,0.2013349598578169,0.0634318417209116,0.0790670593990689,0.0980127958127781,0.2978661410284476,0.0,0.6622837321679234,0.0,0.0,0.0408097596929637,0.0,0.0,0.0,0.0,0.8878368336783442,0.0,0.0,0.0,0.370756255358968,0.0,0.0,0.0,0.2034681265939285,0.0,0.0,0.0,0.0
0.3927130772814898,0.0,0.0,0.0,0.0,0.0,0.0158597196317581,0.0,0.2688063374096046,0.0,0.0,0.0,0.0,0.0,0.6687220608112429,0.2954353708813604,0.0,0.0898482564839422,0.0,0.0,0.3962541487930589,0.6746084785263199,0.1261601497053991,0.0,0.2699032588243576,0.0,0.4516200079416829,0.0,0.5075722527036325,0.3563575599654996,0.1211664261457729,0.2858362052077793,0.0,0.0973577023926866,0.3143265808239404,0.0,0.0,0.0,0.0947449215583693,0.2678497814405493,0.4178131527156891,0.1993611730112738,0.0,0.0,0.0,0.0,0.0,0.0,0.0,0.0,0.0,0.0,0.0,0.0,0.0,0.0,0.0,0.0,0.0,0.529105554187695,0.0913357671625977,0.0,0.0,0.0,0.7685724054242047,0.3214582322379328,0.5789123870011458,0.0946172046667566,0.0,0.0877174088028464,0.1417156123098805,0.2734102757366539,0.1993753114585751,0.5316975944662569,0.2902579956343841,0.3468283458541294
0.2657891998885316,0.1804049286618667,0.0,0.0,0.0,0.4065022085064662,0.0,0.3783730927746617,0.0,0.0,0.0,0.0,0.3530571131244002,0.0196923227765298,0.6360455240152983,0.4535255563722438,0.0,0.2086720378697177,0.0,0.3962541487930589,0.0,0.637828699064449,0.3871565070510984,0.0,0.3363940747890303,0.0706576010559123,0.6009042859238747,0.6080211680499803,0.5023246027845155,0.0,0.5906830145347379,0.0,0.3594811227196774,0.3756198794720009,0.0,0.0,0.0,0.0,0.0,0.0,0.0,0.0,0.0,0.0,0.0,0.1285904044012958,0.2686279815631363,0.0,0.0,0.0,0.1779625441723805,0.0,0.4385076488703004,0.0,0.0,0.0,0.0,0.0,0.0,0.4418158397725438,0.0,0.0,0.0,0.0,0.0,0.8594680887606801,0.0,0.422132189505894,0.0,0.0724794822711076,0.0785540017391426,0.262714921974199,0.0,0.3318002996150807,0.0,0.0
0.4945656771775929,0.2268964782001487,0.0,0.0,0.2321626095747533,0.3497461794610713,0.4068443342299333,0.0574433658302927,0.5548345379206672,0.205105234408075,0.0,0.0,0.0968906414698081,0.0,0.6562916764756943,0.589259268178557,0.0469852167791768,0.4572748615097215,0.0,0.6746084785263199,0.637828699064449,0.0,0.2939454251682359,0.0,0.5854966856994468,0.2245646540555793,0.7265027397746571,0.2096454761922648,0.6173678827868357,0.3352678543012761,0.3350185086812853,0.2073738153877265,0.1906834594182424,0.1790927415394048,0.1663450270239305,0.0,0.0,0.0,0.0685505938468699,0.2001737901104912,0.338283891940881,0.1459087117181743,0.2697600475409227,0.0,0.0,0.4166229472343177,0.4390976352880618,0.0,0.0,0.0,0.2051438054137189,0.0,0.0,0.0,0.0,0.0,0.0,0.0,0.0,0.475068580163403,0.0,0.0,0.0623798244681263,0.0,0.4733431486326331,0.6204508114189042,0.4082881922796784,0.2507222808511847,0.0,0.3559596417012155,0.3546887296938228,0.4639065689401462,0.2245829161320928,0.6191926368148116,0.0,0.1933134692666986
0.1811537776078242,0.6280705694031751,0.6547869809345311,0.4340099175221359,0.4666237419612027,0.7614679593361015,0.4951599006886721,0.8813405669768833,0.5708748722207029,0.4374672391397564,0.4895940459090282,0.5699063032591279,0.6955571626640725,0.5116068608219417,0.1651577043445082,0.5415070301259839,0.0,0.3227349087138167,0.3262625233039737,0.1261601497053991,0.3871565070510984,0.2939454251682359,0.0,0.1794470822616518,0.1212998307584843,0.4399962944583951,0.3028518534065756,0.4921719062395239,0.0,0.4045922861002723,0.4508319539187189,0.0770453317842188,0.3608894766135628,0.3823297577260952,0.0,0.4399924699398561,0.196330904232342,0.0,0.0,0.0,0.0,0.0,0.3299045375658663,0.0,0.0,0.0,0.4400366730291492,0.541043623180876,0.0,0.4767835477848232,0.5271426478536979,0.0936674991183252,0.8177290978797764,0.5486201429802952,0.0,0.5597683568166782,0.0,0.0345057404400716,0.6171450191007912,0.0540292236762219,0.0,0.0,0.0,0.153402924079704,0.0,0.320354242470104,0.0,0.9021485681602296,0.0,0.0,0.1503821293938858,0.0640362214741177,0.0,0.0,0.0,0.0
0.4660414526565579,0.0,0.0,0.0,0.0,0.0,0.0,0.1920588678019885,0.0,0.0,0.0,0.6088080176660818,0.0890927033153704,0.0,0.0,0.2355507174697517,0.2230213725662968,0.1821042120867222,0.0,0.0,0.0,0.0,0.1794470822616518,0.0,0.2083618622112701,0.8563054240855872,0.0,0.0,0.0,0.0,0.0,0.348167579368155,0.0354362973150002,0.0,0.3737911817517297,0.6051782710376222,0.4231007471192879,0.3432617192936829,0.537404038073902,0.3534023034578694,0.3572078753414202,0.0,0.0,0.0,0.1082754414324831,0.3565246107618647,0.0,0.0,0.0,0.0,0.0,0.0,0.0,0.0,0.0,0.0,0.6882666249410146,0.0,0.0,0.0,0.3318108404521889,0.3441389667984147,0.2255227829096403,0.0,0.0,0.0,0.0,0.0,0.8730854711673735,0.0489845763591524,0.7002362787829991,0.0,0.2303004488113127,0.0,0.0,0.2966107811369101
0.4493186543240779,0.4251583358607568,0.0,0.0,0.084344972597579,0.5045334685161103,0.2782643803417338,0.0,0.3676673004992236,0.3837994658971575,0.0,0.0494013366777885,0.1829285076610117,0.0,0.1856964784223626,0.5382014965473053,0.2591284594166034,0.7542271094819649,0.0,0.2699032588243576,0.3363940747890303,0.5854966856994468,0.1212998307584843,0.2083618622112701,0.0,0.4299241717969624,0.6006340335449074,0.0515223563679651,0.4085719431074627,0.0,0.0477135272584172,0.2461007261485064,0.1202941345481144,0.0,0.1934064913098238,0.0,0.0,0.2879619895706906,0.2260740127879317,0.3016429735384044,0.3020412857942489,0.1135530897321523,0.0,0.0,0.0,0.4077208333736387,0.6076251284483275,0.0,0.0,0.0,0.0,0.0,0.0,0.0,0.5533001556001644,0.0,0.0780957885439451,0.2685118942810438,0.0,0.2433035631659026,0.255429276698489,0.410054413477566,0.4335826104466719,0.0,0.279906713099009,0.4091604140840671,0.356196952413852,0.1017787275294562,0.2159743816639467,0.7688840802835033,0.5914117714425433,0.0,0.0,0.4982116308453561,0.0,0.2966026957559813
0.5245542255766196,0.6701108481427275,0.0,0.0,0.0514679156460776,0.5204128438831183,0.0141805922490342,0.4277839866197294,0.1757207681109696,0.3205877024035712,0.0,0.7219545650280088,0.4555777271591803,0.0,0.0,0.5295763715300477,0.4461008770887126,0.4175063864266627,0.0,0.0,0.0706576010559123,0.2245646540555793,0.4399962944583951,0.8563054240855872,0.4299241717969624,0.0,0.2139326115386044,0.0,0.0,0.0,0.0,0.2672829518083673,0.1148822080277394,0.0,0.1978597381093133,0.6491470427234726,0.0,0.1868104807709216,0.3278643298769417,0.2093767058872728,0.2220210753293843,0.2000095176032577,0.0,0.0,0.0,0.2484490197016432,0.391939824940493,0.0,0.0,0.0,0.3212461696931208,0.0,0.0,0.0,0.2535678479130511,0.0,0.7182754091497253,0.1965169595634301,0.0,0.0,0.0494985531357395,0.4213061785034244,0.0357172814079964,0.0,0.0,0.0404302467194359,0.0,0.1310545286853637,0.6587882259903467,0.1283351077493536,0.7041133662191168,0.232247393766156,0.0735610038985839,0.0,0.0,0.0570252039271317
0.4307005766586628,0.0777955595818868,0.61589149205804,0.1290763803156548,0.366169111445345,0.4945984029679925,0.4605638975474883,0.1140130912028676,0.7052582406202028,0.246813715880942,0.5192515149185731,0.0,0.1285182134563184,0.0557988459525686,0.5019258264512497,0.3299574090067668,0.0,0.3687549093063598,0.4969788540060665,0.4516200079416829,0.6009042859238747,0.7265027397746571,0.3028518534065756,0.0,0.6006340335449074,0.2139326115386044,0.0,0.224898736051932,0.7047989700460541,0.2708185500454458,0.226949115358185,0.0711371213299429,0.0,0.0,0.0611398503411163,0.0033957233653443,0.0,0.0248398613007668,0.0,0.0828610757432887,0.1738123835211405,0.0200790347206479,0.1127038124469817,0.0,0.0,0.0,0.4090832546739408,0.3743861668365654,0.0,0.3342068993035311,0.3553332970231118,0.3432050244117971,0.1387405584811208,0.5462839980671945,0.0,0.3310343616579485,0.0,0.0,0.0518148310659391,0.4472048064746137,0.0,0.0,0.0,0.2813207434615817,0.3025943354588972,0.5812631837724151,0.2451029745572751,0.3173753746041124,0.0,0.0,0.311698490119086,0.7487851738992298,0.091607147973179,0.6098498171187948,0.0,0.0948082874394201
0.0,0.3586399148656294,0.3985093434508043,0.8488077650694807,0.8152822645834485,0.4293358129547068,0.7555855379241595,0.6152738567545606,0.7311380815206446,0.757030288514911,0.7050202594471328,0.3505854222863824,0.6425371033519532,0.0,0.2634003082780444,0.3279653644697186,0.491086800398188,0.2756266818728223,0.0645758976181571,0.0,0.6080211680499803,0.2096454761922648,0.4921719062395239,0.0,0.0515223563679651,0.0,0.224898736051932,0.0,0.2735174129309873,0.6416437581560294,0.8456871507821785,0.0,0.4714999984677991,0.5368782833343813,0.0,0.0194065781779883,0.2041904332463115,0.0,0.0,0.0,0.0,0.0,0.1069617600857313,0.0,0.0,0.0,0.0,0.5137637751564664,0.0,0.0,0.2157940277625372,0.0,0.7274107662982676,0.8482139913171249,0.3213384180356538,0.0,0.1426258380510326,0.0,0.0,0.1410101252106455,0.0,0.0,0.0,0.0,0.0,0.5312542607727423,0.0,0.5933278812324458,0.0,0.0,0.0,0.1390711667037009,0.0,0.0,0.0,0.0
0.051558473076193,0.0,0.0,0.1596050438739983,0.2759172988385567,0.0636741532112304,0.3578736758735455,0.0,0.4638773892764095,0.0547433199739998,0.0,0.0,0.0,0.0,0.5252754144000392,0.0328452997044208,0.0,0.1780289714765398,0.0,0.5075722527036325,0.5023246027845155,0.6173678827868357,0.0,0.0,0.4085719431074627,0.0,0.7047989700460541,0.2735174129309873,0.0,0.3319291702781536,0.3218532689856842,0.0678429203477304,0.0,0.05248296952535,0.0,0.0,0.0,0.0,0.0,0.1376036077573099,0.1617355848322638,0.0,0.0,0.0,0.0,0.0,0.0904927217594831,0.3198030531724931,0.0,0.0,0.0518364826669653,0.361788232664641,0.0,0.3977623593036961,0.0,0.0,0.0,0.0,0.0,0.5521979953758195,0.0,0.0,0.0,0.0,0.3598221460015913,0.4231179667287722,0.4196078771626524,0.1178894696581549,0.0,0.0,0.0,0.5901521991573138,0.1660174355122272,0.7668072705962198,0.1120216648729713,0.1685748478402272
0.0,0.0,0.0,0.0,0.0,0.3099167551777779,0.0,0.4584886856542089,0.566839226575946,0.0,0.0,0.0,0.3813365140678285,0.0,0.0,0.3782877405854535,0.0,0.219574332086222,0.0,0.3563575599654996,0.0,0.3352678543012761,0.4045922861002723,0.0,0.0,0.0,0.2708185500454458,0.6416437581560294,0.3319291702781536,0.0,0.6819955574964396,0.0,0.0,0.5757359996073691,0.0,0.0,0.0,0.0,0.0,0.0,0.0,0.0,0.0,0.0,0.0,0.0,0.0,0.0,0.0,0.0,0.0,0.0,0.0,0.0,0.0,0.0,0.0,0.0,0.0,0.0,0.0,0.0,0.0,0.0,0.0,0.0,0.0,0.3960311082083016,0.0,0.0,0.0,0.0,0.0,0.0,0.0,0.0
0.0,0.2153696795217152,0.4190546613618459,0.7524769152825278,0.6900753587767583,0.3327173311547742,0.7119825446979989,0.5144582063669665,0.6693592907598253,0.6670030301262629,0.7055119373853627,0.1222058928068691,0.4511330494815355,0.0,0.3917023085361298,0.3477016923179301,0.3572808312053239,0.1856129217157042,0.1753565833817586,0.1211664261457729,0.5906830145347379,0.3350185086812853,0.4508319539187189,0.0,0.0477135272584172,0.0,0.226949115358185,0.8456871507821785,0.3218532689856842,0.6819955574964396,0.0,0.0,0.4526414449074348,0.6576608659585419,0.0,0.0,0.049232465958451,0.0,0.0,0.0,0.0,0.0,0.0194844781819765,0.0,0.0,0.0,0.1206083106793848,0.0,0.0,0.0,0.1366787883507424,0.0,0.6207351723664012,0.0,0.3860081090198937,0.0,0.0,0.0,0.0,0.2135643173490835,0.0,0.0,0.0,0.0,0.0,0.556777245739857,0.0,0.5620925710364011,0.0,0.0,0.0,0.0876242512920021,0.0,0.0,0.0,0.0
0.1872014538058146,0.1400068766216774,0.0,0.0,0.0,0.0198271017854936,0.0,0.0,0.0,0.0,0.0,0.0,0.0,0.0,0.0544192995851713,0.1040476388955757,0.0665789420308465,0.2400207243232736,0.2459829193544025,0.2858362052077793,0.0,0.2073738153877265,0.0770453317842188,0.348167579368155,0.2461007261485064,0.2672829518083673,0.0711371213299429,0.0,0.0678429203477304,0.0,0.0,0.0,0.0,0.0,0.3058137171788657,0.0057866327759138,0.0,0.3193685301945464,0.6609206012229221,0.4664828259091677,0.5334693259700275,0.2906615541429889,0.1942821423133384,0.4139941388552607,0.191990825901191,0.2050333381069875,0.2702903384863289,0.0,0.0,0.0,0.2570032713749929,0.0947564835952581,0.0,0.0,0.0,0.0,0.0,0.3724372507256062,0.0,0.121095000737437,0.5656716619038343,0.1896508929874145,0.3304537602190058,0.3396761004630227,0.5771623545852629,0.0,0.6124242388074195,0.0713458428206323,0.2944544428711713,0.1984527224741321,0.3975804684643862,0.2082606925907417,0.4325592038864428,0.2991177534786821,0.0,0.6160337969444224
0.0795991693132945,0.342739784358867,0.2761008569672653,0.0,0.3130600189885186,0.3104845271206821,0.3383483873165726,0.4221333949012913,0.3195094660886358,0.4422422974438895,0.3169271649018034,0.2569025361917577,0.3772409707813845,0.0,0.1858061565374899,0.3772733167103273,0.3222408710996166,0.2374940235544324,0.0,0.0,0.3594811227196774,0.1906834594182424,0.3608894766135628,0.0354362973150002,0.1202941345481144,0.1148822080277394,0.0,0.4714999984677991,0.0,0.0,0.4526414449074348,0.0,0.0,0.4892037216358443,0.0,0.0209891789915403,0.0,0.074921315010091,0.0,0.1372584171504635,0.0,0.0,0.0,0.0,0.0,0.0,0.1907393231528114,0.0,0.0,0.0,0.0,0.0,0.0,0.0,0.2892389443996229,0.0,0.1820665968717441,0.0,0.0,0.0,0.0,0.1738679049364405,0.0,0.0,0.0,0.3829675516862858,0.0,0.3465653501169381,0.0,0.0391284181555267,0.0331510910347961,0.0,0.0,0.0,0.0,0.0
0.0,0.1522180791525331,0.2282983300780774,0.5417192709285422,0.4634231955045492,0.2415895808989638,0.4721019146442903,0.4746676252159524,0.4374742796841381,0.4141843935397221,0.4361384030497537,0.2104551652332643,0.4554513820280312,0.0965783803249401,0.3311617755509294,0.3361051512499097,0.1891331011200765,0.0726713178584704,0.0,0.0973577023926866,0.3756198794720009,0.1790927415394048,0.3823297577260952,0.0,0.0,0.0,0.0,0.5368782833343813,0.05248296952535,0.5757359996073691,0.6576608659585419,0.0,0.4892037216358443,0.0,0.0,0.0839331165370243,0.0836812016656008,0.0,0.0,0.0,0.0,0.0,0.0,0.0,0.0,0.0,0.0,0.2568507807376121,0.0,0.0,0.0,0.0509381999280519,0.4893896869049743,0.5348807317665893,0.1642318987373832,0.0,0.0230700956343235,0.0,0.0,0.0874629074577555,0.0,0.0,0.0,0.0,0.0,0.3491113597087843,0.0,0.3690606319193406,0.0,0.0,0.0,0.0,0.0,0.0,0.0,0.0
0.3971002915734862,0.0,0.0,0.0,0.0,0.0,0.0,0.0,0.0,0.0,0.0,0.0,0.0,0.0,0.0101805394854164,0.0474396187278778,0.0,0.0,0.1517508580231157,0.3143265808239404,0.0,0.1663450270239305,0.0,0.3737911817517297,0.1934064913098238,0.1978597381093133,0.0611398503411163,0.0,0.0,0.0,0.0,0.3058137171788657,0.0,0.0,0.0,0.0,0.0,0.2659236300952199,0.628477273517704,0.4305731891952852,0.6981231272073222,0.3290132709639181,0.1271453700479616,0.4100148863332838,0.1586633029414013,0.0,0.0,0.0,0.0,0.0,0.0,0.0,0.0,0.0,0.0,0.0,0.0,0.1312537238472616,0.0,0.0933073707412268,0.560627441185417,0.0,0.0,0.0,0.5343334978137627,0.0,0.5731149226535045,0.0,0.0,0.2075396897371669,0.3659263571917411,0.1854405346110222,0.5376591474416358,0.3090903482487622,0.0,0.0
0.0,0.0,0.2602774910306238,0.0609298330825925,0.1360844728322487,0.3103261438472493,0.0,0.458605666538426,0.0621066315922766,0.1332883974917699,0.0,0.6800024243427948,0.3189819295481609,0.5461861459378067,0.0,0.0,0.0,0.0,0.0,0.0,0.0,0.0,0.4399924699398561,0.6051782710376222,0.0,0.6491470427234726,0.0033957233653443,0.0194065781779883,0.0,0.0,0.0,0.0057866327759138,0.0209891789915403,0.0839331165370243,0.0,0.0,0.4852978510838271,0.0,0.0,0.0342103123727147,0.0,0.2186159630234302,0.2664419526253465,0.1870275207553817,0.0,0.0,0.0,0.0,0.0,0.0,0.0561314104667375,0.0,0.2695863237413436,0.0201774388454334,0.0,0.0,0.7095089305883421,0.0,0.0,0.0,0.0,0.0,0.0,0.0,0.0,0.0,0.0,0.1753241132692926,0.0,0.0,0.0,0.0,0.0,0.0,0.0,0.0
0.0,0.0,0.0592185562096084,0.2637492407056752,0.1683800622515044,0.174300603031368,0.0735925564612996,0.353586191980305,0.0579253287585568,0.296896700472483,0.0,0.5861729106193863,0.341876185821224,0.1873948509700991,0.0,0.0,0.0,0.0,0.0,0.0,0.0,0.0,0.196330904232342,0.4231007471192879,0.0,0.0,0.0,0.2041904332463115,0.0,0.0,0.049232465958451,0.0,0.0,0.0836812016656008,0.0,0.4852978510838271,0.0,0.0816596331856667,0.0,0.0,0.0,0.1413538730100642,0.2387476024651783,0.0,0.0,0.0,0.0,0.0,0.0,0.0,0.0,0.0,0.0,0.0,0.0,0.0,0.0,0.0,0.0,0.0,0.0,0.0,0.0,0.0,0.0,0.0,0.0,0.0911184616360855,0.0,0.0,0.0,0.0,0.0,0.0,0.0,0.0
0.228085972533706,0.0,0.0,0.0,0.0,0.0,0.0,0.0,0.0,0.0,0.0,0.0,0.0,0.0,0.0,0.0,0.0,0.0,0.1252958479956463,0.0,0.0,0.0,0.0,0.3432617192936829,0.2879619895706906,0.1868104807709216,0.0248398613007668,0.0,0.0,0.0,0.0,0.3193685301945464,0.074921315010091,0.0,0.2659236300952199,0.0,0.0816596331856667,0.0,0.4578917031976696,0.5502660382431307,0.518781060354866,0.178969343900719,0.0,0.0,0.4449695911295869,0.0,0.0,0.0,0.0,0.0,0.0,0.0,0.0,0.0,0.0,0.0,0.0,0.0,0.0,0.0,0.0,0.0,0.0,0.0,0.0,0.0,0.0,0.0,0.4768477890128998,0.3723627829463163,0.4246165087590646,0.0,0.5133177813533241,0.0,0.0,0.0
0.2856914532001673,0.0,0.0,0.0,0.0,0.0,0.0,0.0,0.0,0.0,0.0,0.0,0.0,0.0,0.0,0.0,0.0,0.0465026393716808,0.0,0.0947449215583693,0.0,0.0685505938468699,0.0,0.537404038073902,0.2260740127879317,0.3278643298769417,0.0,0.0,0.0,0.0,0.0,0.6609206012229221,0.0,0.0,0.628477273517704,0.0,0.0,0.4578917031976696,0.0,0.541668077649244,0.7819666962886359,0.3489143064054939,0.20537055061309,0.6552749604647742,0.2196368320200141,0.4367180980336709,0.1034719617979979,0.0,0.0,0.0,0.0652829010136133,0.0,0.0,0.0,0.0,0.0,0.0338360413909388,0.4316477524853453,0.0,0.0,0.7573874148751837,0.1960859183663632,0.5859832669305035,0.0533765183372388,0.5630171422936864,0.0,0.6603292279703223,0.0,0.6229707549568504,0.3583433395025736,0.5476925363565845,0.1974377484345229,0.6790711036482895,0.3220381004913637,0.7202192535284204,0.8178405701984629
0.3393704847834651,0.0,0.0,0.0,0.0,0.0,0.0,0.0,0.0,0.0,0.0,0.0,0.0,0.0,0.0,0.0174701123854029,0.0,0.1344925314051652,0.0,0.2678497814405493,0.0,0.2001737901104912,0.0,0.3534023034578694,0.3016429735384044,0.2093767058872728,0.0828610757432887,0.0,0.1376036077573099,0.0,0.0,0.4664828259091677,0.1372584171504635,0.0,0.4305731891952852,0.0342103123727147,0.0,0.5502660382431307,0.541668077649244,0.0,0.627561966866355,0.227153062995091,0.1739364238550879,0.4039679632954786,0.3118331579836651,0.5215124598687013,0.1314596137074557,0.0,0.0,0.0,0.0,0.0,0.0,0.0,0.0355533814441495,0.0,0.0224498715480596,0.2615102985817416,0.0,0.1888475706788201,0.6880462339476895,0.2465268095526409,0.5865990647653879,0.3649290504234165,0.5046802165495856,0.0,0.6270829738428155,0.0,0.498710549230572,0.4806852845333159,0.5484537021300357,0.2734762187088234,0.6209074881146822,0.3577620359090846,0.5787862922077093,0.6614920956367363
0.4186388532733459,0.0,0.0,0.0,0.0,0.0,0.0,0.0,0.0,0.0,0.0,0.0,0.0,0.0,0.1500069032133876,0.0,0.0,0.0,0.0,0.4178131527156891,0.0,0.338283891940881,0.0,0.3572078753414202,0.3020412857942489,0.2220210753293843,0.1738123835211405,0.0,0.1617355848322638,0.0,0.0,0.5334693259700275,0.0,0.0,0.6981231272073222,0.0,0.0,0.518781060354866,0.7819666962886359,0.627561966866355,0.0,0.4164000728699722,0.1324984267582327,0.6651551466019622,0.2116336065242316,0.6115466509712516,0.0689037638653355,0.0,0.0379068191155028,0.0,0.0,0.0,0.0,0.0,0.0,0.0,0.0,0.2042808785734955,0.0,0.2342577328004098,0.6493447365322915,0.0,0.4489002757741682,0.2067230653480159,0.6281388545402787,0.0,0.6873809464051248,0.0,0.4715422518325055,0.4140300885532477,0.5451731826747256,0.2705584958556538,0.6834366459205072,0.4638547479621185,0.6700187905193974,0.7934210302213406
0.0,0.0,0.0,0.0,0.0,0.0,0.0,0.0,0.0,0.0,0.0,0.0,0.0,0.0,0.0973447104954249,0.0490355060997922,0.0,0.0,0.0,0.1993611730112738,0.0,0.1459087117181743,0.0,0.0,0.1135530897321523,0.2000095176032577,0.0200790347206479,0.0,0.0,0.0,0.0,0.2906615541429889,0.0,0.0,0.3290132709639181,0.2186159630234302,0.1413538730100642,0.178969343900719,0.3489143064054939,0.227153062995091,0.4164000728699722,0.0,0.1189648926233477,0.4114530494568894,0.0980677812350084,0.3130004418276628,0.1456610010973789,0.0,0.0395195529153095,0.0,0.0,0.0,0.0,0.0,0.0,0.0,0.0716314299025301,0.1864213049185688,0.0,0.0771275902831375,0.3487658942139711,0.0,0.1727431559148676,0.0683926845980441,0.2477723644955549,0.0,0.3402954800360323,0.0,0.3779364190422111,0.1095111313117026,0.3715023542309839,0.0,0.3029014793327917,0.0798983720206478,0.3486180072307977,0.3563850771166278
0.0,0.0,0.2833779576553248,0.0,0.0577836718520596,0.2221345158754165,0.1324135428729043,0.2599564803296197,0.1500667557561528,0.0,0.0099134240923298,0.3944006933370589,0.2236318488473002,0.2163920866596652,0.0561176932799347,0.0,0.0,0.0,0.0675101155603592,0.0,0.0,0.2697600475409227,0.3299045375658663,0.0,0.0,0.0,0.1127038124469817,0.1069617600857313,0.0,0.0,0.0194844781819765,0.1942821423133384,0.0,0.0,0.1271453700479616,0.2664419526253465,0.2387476024651783,0.0,0.20537055061309,0.1739364238550879,0.1324984267582327,0.1189648926233477,0.0,0.4335324442069062,0.2246332023597105,0.0,0.0,0.1698168847435456,0.5218754162237128,0.1722270808495979,0.1991647439338552,0.2952809364312272,0.2603132931628831,0.1886303167696231,0.2504932476262195,0.0475158890454171,0.4244312650067803,0.2004034462217641,0.3245144226870158,0.0481542304599718,0.0,0.2496313124491607,0.0,0.0660493442131941,0.0188423337278396,0.1082141261927367,0.0180868013261859,0.2544068597831488,0.3820175844475321,0.0,0.380297780712557,0.2263327273843195,0.2118364428110428,0.0,0.0,0.1474441244691019
0.0,0.0,0.0,0.0,0.0,0.0,0.0,0.0,0.0,0.0,0.0,0.0,0.0,0.0,0.0,0.0,0.0,0.0,0.0,0.0,0.0,0.0,0.0,0.0,0.0,0.0,0.0,0.0,0.0,0.0,0.0,0.4139941388552607,0.0,0.0,0.4100148863332838,0.1870275207553817,0.0,0.0,0.6552749604647742,0.4039679632954786,0.6651551466019622,0.4114530494568894,0.4335324442069062,0.0,0.2494975844639915,0.0,0.0,0.0,0.2485209890881571,0.0,0.0378574145323729,0.0152010408404856,0.0,0.0,0.0,0.0,0.1686847413394917,0.3153773922496417,0.0,0.0,0.0,0.0,0.0,0.03883070879491,0.0,0.0,0.0,0.0,0.0,0.0,0.0,0.1880982660370661,0.5224008194896832,0.0771202960922478,0.0,0.5410402369146396
0.0,0.0,0.0,0.0,0.0,0.0,0.0,0.0,0.0,0.0,0.0,0.0,0.0,0.0,0.0,0.0,0.0,0.0,0.0,0.0,0.0,0.0,0.0,0.1082754414324831,0.0,0.0,0.0,0.0,0.0,0.0,0.0,0.191990825901191,0.0,0.0,0.1586633029414013,0.0,0.0,0.4449695911295869,0.2196368320200141,0.3118331579836651,0.2116336065242316,0.0980677812350084,0.2246332023597105,0.2494975844639915,0.0,0.1745281298582983,0.0,0.0,0.0,0.0,0.0,0.0,0.0,0.0,0.0,0.0,0.0,0.0779581554928642,0.0,0.0,0.0,0.0203358665991875,0.2578404240570063,0.1788811572506426,0.0,0.0,0.0,0.0,0.2140657985507589,0.1402039526853195,0.1526646897812149,0.1831218121719166,0.3382044134164962,0.0,0.0,0.3285464104911301
0.754642051800411,0.0,0.0,0.0,0.0,0.0,0.0,0.0,0.0,0.0,0.0,0.0,0.0,0.0,0.0,0.1678780955758606,0.0,0.0,0.0,0.0,0.1285904044012958,0.4166229472343177,0.0,0.3565246107618647,0.4077208333736387,0.2484490197016432,0.0,0.0,0.0,0.0,0.0,0.2050333381069875,0.0,0.0,0.0,0.0,0.0,0.0,0.4367180980336709,0.5215124598687013,0.6115466509712516,0.3130004418276628,0.0,0.0,0.1745281298582983,0.0,0.0434009996341378,0.0,0.0,0.0,0.0,0.0,0.0,0.0,0.0,0.0,0.0,0.0,0.0,0.3376633879064338,0.4964525934959755,0.0,0.4746240149004286,0.0,0.5644426674822008,0.2388232640323742,0.6033046031307667,0.0,0.452464814348013,0.4766462358991252,0.6139016344951205,0.3867797815862261,0.6020708556289311,0.6029746609660351,0.0,0.6487121926363524
0.285694744270637,0.5493770538284403,0.0,0.0,0.0,0.6541445847395115,0.0,0.0,0.0,0.0,0.0,0.0,0.0,0.0,0.0377434598819878,0.3934420637876276,0.0,0.5195380245792295,0.0,0.0,0.2686279815631363,0.4390976352880618,0.4400366730291492,0.0,0.6076251284483275,0.391939824940493,0.4090832546739408,0.0,0.0904927217594831,0.0,0.1206083106793848,0.2702903384863289,0.1907393231528114,0.0,0.0,0.0,0.0,0.0,0.1034719617979979,0.1314596137074557,0.0689037638653355,0.1456610010973789,0.0,0.0,0.0,0.0434009996341378,0.0,0.0,0.0,0.0,0.8177771367139158,0.2182373601582648,0.3768010650879747,0.214213949990238,0.5799246120025804,0.0,0.0,0.5769978386212241,0.0,0.0,0.0,0.4760753114111288,0.1346472596582292,0.0,0.0,0.3394786556939786,0.1285432850746825,0.4763687286036072,0.0,0.536345482525727,0.6233730626092882,0.1949418472483333,0.0892859248492098,0.2096288631283961,0.0,0.0
0.0,0.0,0.6227730730693984,0.0,0.3738116497479568,0.208034247461668,0.3947257007245233,0.4301495196833696,0.5703437048521062,0.0,0.7182894060684586,0.0,0.1670853853209503,0.0348967576807232,0.0,0.0,0.0,0.0,0.7235882485003572,0.0,0.0,0.0,0.541043623180876,0.0,0.0,0.0,0.3743861668365654,0.5137637751564664,0.3198030531724931,0.0,0.0,0.0,0.0,0.2568507807376121,0.0,0.0,0.0,0.0,0.0,0.0,0.0,0.0,0.1698168847435456,0.0,0.0,0.0,0.0,0.0,0.1317287746293917,0.614368947145129,0.1292882529900881,0.2400914643137259,0.4894735352276254,0.6225444909246354,0.1215261002827928,0.8689578226924227,0.0,0.0,0.2866387310045385,0.0,0.0,0.0,0.0,0.620576682076068,0.0,0.3723597326795597,0.0,0.6872926858773023,0.0,0.0,0.0,0.2669638688033593,0.0,0.0866084145483153,0.0,0.0
0.0,0.0,0.0,0.0,0.0,0.0,0.0,0.0,0.0,0.0,0.0,0.0,0.0,0.0,0.0,0.0,0.0,0.0,0.0,0.0,0.0,0.0,0.0,0.0,0.0,0.0,0.0,0.0,0.0,0.0,0.0,0.0,0.0,0.0,0.0,0.0,0.0,0.0,0.0,0.0,0.0379068191155028,0.0395195529153095,0.5218754162237128,0.2485209890881571,0.0,0.0,0.0,0.1317287746293917,0.0,0.443667932648294,0.2664690581360973,0.4820175268995569,0.3052226783555712,0.4566300698511774,0.0,0.185259281179542,0.0,0.0589628947044996,0.2576710575534762,0.0,0.0,0.0,0.0,0.0307533648634097,0.0,0.0,0.0,0.2734232631406945,0.0,0.0,0.0,0.3145337939968177,0.103293237050299,0.0,0.0,0.0
