0.0,0.5382965818568558,0.0,0.0,0.0,0.6634874267422061,0.0,0.6119994295609206,0.0,0.2558111032607988,0.0,0.022193835544158,0.4017682429812898,0.0,0.2354827434301087,0.5978939455948747,0.1445602863354531,0.5200760179808411,0.0,0.5301097371774112,0.9515227338985482,0.4024121958034886,0.5941324754393082,0.3797309299635627,0.5758494109078726,0.0940558076192751,0.4286677845510265,0.488850966192584,0.8644888786413495,0.0,0.684106929660479,0.4478005096861223,0.5757343250720648,0.3162926862154261,0.0,0.0,0.0,0.58010240674933,0.3409785843792844,0.4189095600310237,0.3755609243409994,0.0,0.0,0.0,0.0,0.9284193589647104,0.2708697408001003,0.0,0.0,0.0,0.0,0.0,0.0,0.0,0.0,0.0,0.0,0.0,0.0,0.0,0.0,0.0,0.0,0.0,0.0,0.9013630579538688,0.0,0.0,0.0437522851603962,0.0,0.0,0.0,0.0,0.0,0.0,0.0
0.5382965818568558,0.0,0.0,0.0,0.3775156611627299,0.6943202702507897,0.5458559631535034,0.4744284550077347,0.6049397996839277,0.0,0.0,0.0,0.6764996679019767,0.0,0.4832027706232787,0.6737886128226176,0.5137617621291943,0.7206777356019544,0.0,0.5799904788338781,0.50742625749191,0.5859898895258856,0.5454792550479094,0.0,0.7282637496711399,0.5756095649364412,0.4790749304455569,0.6190647353801877,0.5816538919173396,0.0,0.5718164036328772,0.3509396879320252,0.4435991158179884,0.2548583302509475,0.0,0.0,0.0,0.0,0.244165098161767,0.2583055685858692,0.1438082350431532,0.4381937416145542,0.0,0.0,0.0,0.5307983735269455,0.4033421467615326,0.0,0.0,0.0,0.3220840582701502,0.0,0.0,0.0,0.0,0.0,0.0,0.0,0.0,0.5210473056126205,0.0,0.0,0.0,0.0,0.2758826743135908,0.5862590729773456,0.0440912063627083,0.4343821429611959,0.0,0.0,0.0475837369204365,0.4185322399797094,0.0,0.2602801190027474,0.0,0.0
0.0,0.0,0.0,0.0,0.4242023857854769,0.7712217128346136,0.455979418820653,0.3026818303897378,0.8222671936617463,0.4707166496779222,0.8179169130469679,0.3669002296254915,0.575806590293401,0.0,0.0,0.0,0.0,0.0,0.889016222084883,0.0,0.0,0.0,0.5060872488636623,0.0,0.0,0.0,0.8553959294661506,0.5946751134312365,0.0,0.0,0.3574698901112019,0.0,0.0537337282748523,0.0254537935413162,0.0,0.4144916202412163,0.3470808455323234,0.0,0.0,0.0,0.0954091256326117,0.0,0.3966521512848115,0.0,0.0,0.0,0.0,0.7694390963961122,0.0,0.7239323691706772,0.5824312144201476,0.4597233537465508,0.5500693633619297,0.8413612595986693,0.0,0.634333807160174,0.0,0.2211397183065223,0.386340257226608,0.0,0.0,0.0,0.0,0.6568306328172497,0.0,0.0,0.0,0.693134125384691,0.0,0.0,0.0,0.8689985870981822,0.3496423629575574,0.0,0.0,0.0
0.0,0.0,0.0,0.0,0.0,0.0,0.0,0.0,0.0,0.2219882812429554,0.0,0.0672381518057248,0.1195769436408726,0.0,0.0,0.0,0.0,0.0,0.0,0.0,0.0,0.0,0.0,0.0,0.0,0.0,0.0,0.320771341952319,0.0044320740757895,0.0,0.1358604099466334,0.0801788325876211,0.0,0.0,0.0505317785863605,0.3151123920551327,0.2493555155671583,0.0931978782528224,0.0,0.0,0.0,0.0,0.0,0.0,0.0,0.0,0.0,0.0,0.0,0.0,0.0,0.0,0.0,0.0,0.0,0.0,0.0,0.0,0.0,0.0,0.0,0.0,0.0,0.0,0.0,0.0,0.0,0.0,0.0,0.0,0.0,0.0,0.0,0.0,0.0,0.0
0.0,0.3775156611627299,0.4242023857854769,0.0,0.0,0.4353159990560824,0.7308679555216109,0.2775692185476699,0.6820543135368501,0.0916221827479965,0.6986583403413292,0.0730178612103033,0.5826854757414289,0.519021192585022,0.0,0.2619708812570149,0.0,0.0,0.495777067481758,0.3855240486301261,0.0,0.1995483096672068,0.1311519035764621,0.0,0.0,0.2365484574085865,0.3402745370049818,0.2628442114089371,0.2587862221026049,0.0,0.3097732906063462,0.0,0.0,0.1612671982448664,0.0,0.084771232047798,0.0560016120315196,0.3380218053100087,0.0,0.0,0.0,0.0,0.0736828143259505,0.0,0.0,0.0,0.0,0.577295148827291,0.0,0.5334126558905561,0.0526799060014834,0.0,0.5043866341381285,0.5832780754451636,0.0,0.7652422110532994,0.0,0.0,0.0,0.0,0.0,0.0,0.0,0.4398487140999985,0.0,0.0,0.0,0.5373088777190878,0.0,0.0,0.0,0.3509965635367246,0.0,0.0,0.0,0.0
0.6634874267422061,0.6943202702507897,0.7712217128346136,0.0,0.4353159990560824,0.0,0.5652584731556177,0.6754069996366844,0.8774611360556196,0.4522654741102949,0.4971479476617843,0.4320528806659445,0.8431419189337865,0.0,0.348728187169198,0.414077985658087,0.3133547648904587,0.503318343140252,0.6410648070856625,0.6642544113945467,0.6550524044604138,0.4173531846706157,0.7991025222456413,0.0,0.5637398402219481,0.5343833514082523,0.7462772851764131,0.5822110249031006,0.7562174720989602,0.5987530678766816,0.4983563759605423,0.3477162413185454,0.3552831653973989,0.24850735671021,0.0,0.5482161149079305,0.4570813283760993,0.5257778714609831,0.223662875501768,0.0,0.2103050518355443,0.489676606627843,0.3996665328169489,0.0,0.0,0.0,0.3644671923421284,0.5036454061785267,0.0,0.5693243762852592,0.7485301237062774,0.4629356885149029,0.715056228746077,0.8318449936854251,0.0,0.4873951289802208,0.0,0.3189179641270026,0.0,0.4087965217419471,0.0,0.0,0.0,0.3161137978170903,0.4619514589838098,0.678153989775464,0.1876513685055984,0.8061621451764032,0.0,0.0,0.2135276495359439,0.7167381698952872,0.1718913653987775,0.6846250272473051,0.0,0.0
0.0,0.5458559631535034,0.455979418820653,0.0,0.7308679555216109,0.5652584731556177,0.0,0.2080917256444605,0.5460728062201995,0.3606492937871823,0.4530644589560474,0.1636146598086174,0.6373892300020929,0.3150073376956832,0.0,0.4949415198507804,0.2203731254322261,0.424062092329356,0.4925062040949104,0.4123262258831977,0.0,0.2573853115627565,0.2798878867539925,0.1288036083540919,0.2054405671770252,0.2608702566664299,0.3790657040882892,0.3621727594312657,0.528766298110838,0.0,0.3739904261223116,0.2318853933188088,0.1948286794088151,0.360805046762352,0.0691744112067485,0.2950622080619614,0.078991986581254,0.414908482196722,0.0733146186482461,0.0,0.082516000533781,0.0,0.2148509702771968,0.0,0.0,0.0,0.0,0.4035485480065335,0.0,0.0,0.1787991998869082,0.0,0.3217494094134881,0.4605898723265884,0.0,0.4254561253887637,0.0,0.0,0.0,0.0,0.0,0.0,0.0,0.3922141061548477,0.0,0.0,0.0,0.4449509093172559,0.0,0.0,0.0,0.3056715988065358,0.0,0.0,0.0,0.0
0.6119994295609206,0.4744284550077347,0.3026818303897378,0.0,0.2775692185476699,0.6754069996366844,0.2080917256444605,0.0,0.5722489333054711,0.0927415376615773,0.2165184288443988,0.2280057686582298,0.6485197793570512,0.1704066416287662,0.1133043716836478,0.3245236900083869,0.0,0.1319704375195005,0.2483891516758592,0.4300611340369153,0.7152738423089107,0.2286826664469529,0.8005591425074176,0.4701409335285048,0.2638548222041242,0.4034098024794583,0.3766231754129502,0.3266765972604337,0.5801528638008165,0.6298120538245365,0.5123384302858212,0.4599588399042696,0.4035796590173471,0.3827174444924129,0.0606777611904918,0.36145138362071,0.2489154448621386,0.0,0.3999963865522857,0.0,0.0,0.0,0.3297084404722634,0.0,0.0,0.0,0.0,0.1246684203878399,0.0,0.0911352675076829,0.4454306235747831,0.1125889880770502,0.840855079067772,0.4721229834417242,0.0,0.3445419365193908,0.0,0.2490945754006129,0.2496493071028002,0.2007642914874604,0.0,0.0,0.0,0.0,0.0676523701701825,0.6533372185811074,0.0,0.6650774347377123,0.0,0.0,0.0,0.3065023944035921,0.0,0.3714893298926919,0.0,0.0
0.0,0.6049397996839277,0.8222671936617463,0.0,0.6820543135368501,0.8774611360556196,0.5460728062201995,0.5722489333054711,0.0,0.2716140161191199,0.778704776629737,0.2330114078239455,0.74864957574306,0.0620963974679531,0.0,0.3739781724519764,0.0,0.3576882418537769,0.7776925884340594,0.7104892161219353,0.0,0.492109854769604,0.5499615298304552,0.3422149935979076,0.358548942937298,0.3493433773125725,0.8323668746851803,0.4990138374780041,0.5914691448585923,0.4849658824670175,0.453066437141511,0.1192446563279204,0.1133930525517935,0.2081974782601531,0.0,0.3185965794325009,0.3152794485397576,0.43601452489323,0.0,0.0,0.024688139112239,0.0,0.2412625216151472,0.0,0.0,0.0,0.0,0.7338824197234174,0.0,0.7117930648420302,0.5996646477868108,0.4264025221775679,0.730292769403945,0.9844032870762466,0.0,0.8388026166968514,0.0,0.2959324350764031,0.2899841749475459,0.0,0.0,0.0,0.0,0.5207471750228208,0.0,0.0,0.0,0.7817776751651644,0.0,0.0,0.0,0.8254204815852039,0.135223085878418,0.0,0.0,0.0
0.2558111032607988,0.0,0.4707166496779222,0.2219882812429554,0.0916221827479965,0.4522654741102949,0.3606492937871823,0.0927415376615773,0.2716140161191199,0.0,0.262795516695505,0.6429365291238885,0.3904337126133708,0.0,0.0,0.3616422016361433,0.8820559252537183,0.5145576952431611,0.483555626808688,0.4701481962666352,0.0,0.4274060198082154,0.3819283396864265,0.3014671999252568,0.5567456023342591,0.3625775553868863,0.3732742245026461,0.5914117622582558,0.4189466559950749,0.0,0.5191332074932468,0.0593990140344071,0.2173996454284906,0.2184924432190745,0.0,0.5621138028097199,0.2126097285403237,0.4190701738247208,0.0,0.0,0.1078784171067075,0.1958335887474545,0.0,0.0,0.0,0.3752460642821648,0.0,0.0,0.0,0.0,0.0,0.0,0.0,0.0,0.5162040002312616,0.0,0.7025488455793489,0.0,0.0,0.0,0.0,0.225156306975318,0.0,0.0,0.0,0.0,0.0,0.0,0.0603184653981343,0.0,0.0,0.0,0.367930384157446,0.0,0.0,0.0753165041438888
0.0,0.0,0.8179169130469679,0.0,0.6986583403413292,0.4971479476617843,0.4530644589560474,0.2165184288443988,0.778704776629737,0.262795516695505,0.0,0.2426340422740547,0.4362024772498996,0.2493454815351267,0.0,0.0,0.180192118057729,0.0,0.8177693571131338,0.0,0.0,0.0,0.2708309212521999,0.1854434506995105,0.0,0.2065590386546278,0.6605600615673309,0.4006128482320898,0.0,0.0,0.2690237205244612,0.0,0.0,0.0,0.0,0.2124872068561715,0.1808847704554017,0.3297022285139945,0.0,0.0,0.0,0.0,0.1771438855026703,0.0,0.0,0.0,0.0,0.7992173106401418,0.0,0.6603684119438623,0.2775625847131621,0.2599379920397665,0.5536072152502601,0.7808690068127674,0.0,0.8484617712080861,0.0,0.1270013993695936,0.3737552887454189,0.0,0.0,0.0,0.0,0.7191261306471736,0.0,0.0,0.0,0.6184093148346244,0.0,0.0,0.0,0.7018476544550803,0.2349470097479825,0.0,0.0,0.0
0.022193835544158,0.0,0.3669002296254915,0.0672381518057248,0.0730178612103033,0.4320528806659445,0.1636146598086174,0.2280057686582298,0.2330114078239455,0.6429365291238885,0.2426340422740547,0.0,0.5106255296223032,0.0,0.0,0.0,0.65621493987309,0.2920786108561852,0.3418416055159979,0.0,0.0970410640732136,0.0,0.3327479684072379,0.6565226287195491,0.3396940424517982,0.6513659833339539,0.1978072875628582,0.4458721555823686,0.0,0.0,0.1009099593989509,0.0,0.0562523566392749,0.0,0.0,0.3552751879540642,0.400790111769269,0.191500423841148,0.0,0.0495038730314907,0.0095706894188606,0.0,0.4094670628360297,0.0,0.0,0.0,0.0,0.0,0.0,0.0,0.0,0.0,0.0,0.0,0.342772693965461,0.0,0.8497545005530167,0.5073702163078334,0.0,0.0,0.0,0.3252266363459936,0.0,0.0,0.0,0.0,0.0,0.0,0.4488828263248935,0.0,0.4408389179932179,0.0,0.5253697804527926,0.0,0.0,0.1667273322331937
0.4017682429812898,0.6764996679019767,0.575806590293401,0.1195769436408726,0.5826854757414289,0.8431419189337865,0.6373892300020929,0.6485197793570512,0.74864957574306,0.3904337126133708,0.4362024772498996,0.5106255296223032,0.0,0.1216402089641496,0.3104193580774601,0.3838671440011963,0.26247974443051,0.4730961108339482,0.5058806319316969,0.5300230761455765,0.431679309243996,0.3385424233472205,0.5749252962600411,0.5298331366441027,0.3756904236395492,0.6696739289006437,0.5134168135882325,0.6815342446937729,0.4986902157826278,0.4325684573907389,0.427095112918563,0.2914955983967972,0.2498507697343721,0.2091602878885133,0.0,0.5421317609408101,0.4883087567146305,0.4374551673364861,0.1579137738948317,0.2023263226090287,0.0448930315035266,0.2857706223390734,0.3406437443920031,0.0,0.2955201284732133,0.0,0.0,0.4241613231302852,0.0,0.0,0.61383231868457,0.3294848012433377,0.6851780980086675,0.0,0.0,0.5077729592227133,0.4342243153823811,0.0,0.0,0.3785766343526692,0.0,0.0,0.0,0.0,0.3687286190397661,0.0,0.0986790603208044,0.6920861889124595,0.0,0.0,0.333951486714072,0.5014426191556656,0.0,0.3929314052075592,0.0,0.0
0.0,0.0,0.0,0.0,0.519021192585022,0.0,0.3150073376956832,0.1704066416287662,0.0620963974679531,0.0,0.2493454815351267,0.0,0.1216402089641496,0.0,0.0,0.0,0.0,0.0,0.1212590736067404,0.0,0.0,0.0,0.076405594706713,0.0,0.0,0.0,0.0,0.0,0.0,0.0,0.2142216626422567,0.0,0.0,0.3672589024996131,0.0,0.0366970254768285,0.0,0.0,0.0617044422678168,0.0,0.0,0.0,0.0,0.0,0.0,0.0,0.0,0.123603519226315,0.0,0.0,0.0,0.0,0.0,0.0,0.0,0.3217264550548703,0.0,0.0,0.0,0.0,0.0,0.0,0.0,0.0,0.0,0.0,0.0,0.2324795608302174,0.0,0.0,0.0,0.0,0.0,0.0,0.0,0.0
0.2354827434301087,0.4832027706232787,0.0,0.0,0.0,0.348728187169198,0.0,0.1133043716836478,0.0,0.0,0.0,0.0,0.3104193580774601,0.0,0.0,0.1108084869392069,0.0,0.2464962614432547,0.0,0.7111396474252143,0.1355479692835526,0.741087186940477,0.2334805350217043,0.1021206696129994,0.238658880197066,0.2996079054924366,0.5408008580380774,0.5463031804985593,0.2123409595051696,0.0,0.1804321704804611,0.0,0.0,0.0,0.0,0.3274332284711214,0.0,0.0,0.0,0.0,0.0,0.0146265744912361,0.2728681344650377,0.0,0.0,0.0,0.1053257863868203,0.0,0.0,0.0,0.3058396902994743,0.0,0.2256867892840922,0.0,0.0,0.0,0.0,0.0660082764937975,0.0,0.9205482948161872,0.0,0.0,0.0,0.0,0.7313520193607272,0.2440347782534745,0.5505676496722227,0.2783290435800903,0.0,0.0,0.0,0.6317923253768468,0.2667144520245812,0.2365468313273636,0.0,0.0
0.5978939455948747,0.6737886128226176,0.0,0.0,0.2619708812570149,0.414077985658087,0.4949415198507804,0.3245236900083869,0.3739781724519764,0.3616422016361433,0.0,0.0,0.3838671440011963,0.0,0.1108084869392069,0.0,0.2306487824648313,0.7496262986771446,0.0,0.3618105033368741,0.5151463934727477,0.413550099492343,0.4005739115742653,0.0750513020874255,0.5656002864833646,0.2322456125582168,0.3109150380973051,0.4811927039279785,0.6932782493867791,0.6196181097809546,0.7460116751537649,0.444429507486984,0.5661732374240959,0.6057365269232649,0.2008692416716874,0.0,0.0,0.0,0.2748805514126251,0.4208847613263517,0.1739367965216781,0.5871055989008271,0.0,0.0,0.0,0.5083646698910335,0.4086935916410739,0.0,0.0,0.0,0.0,0.0,0.0,0.0,0.0,0.0,0.0,0.0,0.0,0.0662455375486944,0.0,0.0,0.0,0.0,0.0,0.4745349276369497,0.0,0.2352048000631074,0.0,0.0,0.0,0.1585712991389481,0.0,0.2338658117361069,0.0,0.0
0.1445602863354531,0.5137617621291943,0.0,0.0,0.0,0.3133547648904587,0.2203731254322261,0.0,0.0,0.8820559252537183,0.180192118057729,0.65621493987309,0.26247974443051,0.0,0.0,0.2306487824648313,0.0,0.6128704839936701,0.0,0.278501858104038,0.0,0.3053627031317154,0.0,0.3600589236257387,0.6058883640985807,0.4555319739881199,0.0,0.5395794093180228,0.1649247119033717,0.0,0.2341315309345046,0.0,0.0572112925324157,0.0,0.0,0.0,0.0,0.1989050204142394,0.0,0.0,0.0,0.0,0.0,0.0,0.0,0.0,0.0,0.0,0.0,0.0,0.0,0.0,0.0,0.0,0.407343419086894,0.0,0.732492043678279,0.0,0.0,0.0,0.0,0.2012218675239493,0.0,0.0,0.0,0.0,0.0,0.0,0.1589973872462255,0.0,0.0574520758769723,0.0,0.0,0.0,0.0,0.0
0.5200760179808411,0.7206777356019544,0.0,0.0,0.0,0.503318343140252,0.424062092329356,0.1319704375195005,0.3576882418537769,0.5145576952431611,0.0,0.2920786108561852,0.4730961108339482,0.0,0.2464962614432547,0.7496262986771446,0.6128704839936701,0.0,0.0,0.3434191213283593,0.4332748458766852,0.3699453412303777,0.3159445442553059,0.3010934697421866,0.7354597039978897,0.3549099829674023,0.3219461237938783,0.6634492642780526,0.4888762053019681,0.445029098700033,0.4580922630502597,0.2615406405566955,0.4057063664306216,0.1779773235912859,0.0,0.0,0.0,0.0,0.1286412824346347,0.3766571565053968,0.3714590918944017,0.503732785144053,0.0,0.0,0.0,0.4935111027532547,0.183355204694106,0.0,0.0,0.0,0.0,0.0,0.0,0.0,0.0951326099826645,0.0,0.4031368276271252,0.0,0.0,0.0,0.0,0.0417808322805209,0.0,0.0,0.0,0.0,0.0,0.0,0.0,0.0,0.0,0.0,0.0,0.0,0.0,0.0594596042377803
0.0,0.0,0.889016222084883,0.0,0.495777067481758,0.6410648070856625,0.4925062040949104,0.2483891516758592,0.7776925884340594,0.483555626808688,0.8177693571131338,0.3418416055159979,0.5058806319316969,0.1212590736067404,0.0,0.0,0.0,0.0,0.0,0.0,0.0,0.0,0.4668158260753827,0.0,0.0,0.0,0.785714701730189,0.5419931062899933,0.0,0.0,0.4446721856287259,0.0,0.0,0.1802131449334127,0.0,0.3765456636933708,0.1535216454287344,0.3166677428570267,0.0,0.0,0.0,0.0,0.314364686515968,0.0,0.0,0.0,0.0,0.7510902918559068,0.0,0.6746858927910294,0.4617707093651066,0.4396433618453474,0.4845800681181245,0.7945129206896463,0.0,0.657163321740631,0.0,0.2222146057073127,0.3377211246582868,0.0,0.0,0.0,0.0,0.8050646171440071,0.0,0.0,0.0,0.6639863062991487,0.0,0.0,0.0,0.7265392217504096,0.0,0.0,0.0,0.0
0.5301097371774112,0.5799904788338781,0.0,0.0,0.3855240486301261,0.6642544113945467,0.4123262258831977,0.4300611340369153,0.7104892161219353,0.4701481962666352,0.0,0.0,0.5300230761455765,0.0,0.7111396474252143,0.3618105033368741,0.278501858104038,0.3434191213283593,0.0,0.0,0.4034633306000471,0.9039482453996964,0.4770584772410909,0.0,0.2821010459065238,0.3011261033403816,0.7851667386527295,0.6617327418626234,0.6695131425825747,0.6175629193848623,0.5872284123137498,0.0,0.0603496962176777,0.1867559111305339,0.0,0.4427343264116911,0.3698823221904859,0.0,0.0,0.0,0.0,0.3353793685490906,0.4550386864019183,0.0,0.0,0.0,0.2800547249091252,0.0,0.0,0.0,0.3811553502789803,0.0,0.5890967485519747,0.0,0.0,0.0,0.0,0.2169980060599439,0.0,0.7232107621679754,0.0,0.0,0.0,0.0,0.7706767652531469,0.558303655881259,0.6004956702083876,0.6117163106340235,0.0,0.0,0.0529634310119928,0.7551575746607807,0.2109186798784129,0.4620626628747038,0.0,0.0
0.9515227338985482,0.50742625749191,0.0,0.0,0.0,0.6550524044604138,0.0,0.7152738423089107,0.0,0.0,0.0,0.0970410640732136,0.431679309243996,0.0,0.1355479692835526,0.5151463934727477,0.0,0.4332748458766852,0.0,0.4034633306000471,0.0,0.2663132526441094,0.7151021356866651,0.5199805853056754,0.5809527387837775,0.1587927446191605,0.3215444824239365,0.4236757854226596,0.8166314849349159,0.0,0.6023228558995627,0.5882324964035814,0.6059301736111848,0.3144397768934502,0.0,0.0,0.0,0.0,0.5033365163744854,0.5253049320998742,0.3847101168085508,0.710026579020925,0.0,0.0,0.0,0.8726686387175687,0.3428257005529705,0.0,0.0,0.0,0.413123175240605,0.0,0.43535851096284,0.0,0.0,0.0,0.0,0.0,0.0,0.1371747569035042,0.0,0.0,0.0,0.0,0.0,0.9325212108399522,0.0,0.3383047328913511,0.0,0.0,0.0,0.3026296241406164,0.0,0.6419175312444552,0.0,0.0
0.4024121958034886,0.5859898895258856,0.0,0.0,0.1995483096672068,0.4173531846706157,0.2573853115627565,0.2286826664469529,0.492109854769604,0.4274060198082154,0.0,0.0,0.3385424233472205,0.0,0.741087186940477,0.413550099492343,0.3053627031317154,0.3699453412303777,0.0,0.9039482453996964,0.2663132526441094,0.0,0.3053464105016079,0.0,0.3038564939654129,0.314512144948098,0.6601243634850535,0.5962234913953542,0.4778663268733779,0.4610048381702835,0.5122579429271817,0.0,0.0581718564102356,0.1720356091192675,0.0,0.2935785270489879,0.3068288373839297,0.0,0.0,0.0,0.0,0.3238340354950508,0.4079157602394292,0.0,0.0,0.4080328034124629,0.3023202818709051,0.0,0.0,0.0,0.2385262848278897,0.0,0.0,0.0,0.0,0.0,0.0,0.0,0.0,0.7177006085438089,0.0,0.0,0.0,0.0,0.7002842983459169,0.3935437553461234,0.6489547577734154,0.3965087072480264,0.0,0.0,0.0687541951809951,0.6071143903728156,0.2232743759970683,0.3734282729927662,0.0,0.0
0.5941324754393082,0.5454792550479094,0.5060872488636623,0.0,0.1311519035764621,0.7991025222456413,0.2798878867539925,0.8005591425074176,0.5499615298304552,0.3819283396864265,0.2708309212521999,0.3327479684072379,0.5749252962600411,0.076405594706713,0.2334805350217043,0.4005739115742653,0.0,0.3159445442553059,0.4668158260753827,0.4770584772410909,0.7151021356866651,0.3053464105016079,0.0,0.5394342859608464,0.5215408001649868,0.398976162656326,0.5566342733240708,0.4439599834738305,0.6802737874226642,0.6235823146431871,0.5272850614931717,0.4303253095854428,0.4155738768006285,0.4023128355142882,0.1492719589549564,0.474018316944281,0.2155972903514334,0.4229394674880395,0.3463740000307354,0.2658176317228414,0.0782779350950643,0.5046809077401203,0.357757234731442,0.2111996672739086,0.0,0.0,0.4944469362198453,0.252819393467388,0.0,0.244019959332134,0.5882513470001351,0.3186246455473377,0.7128173188980073,0.5479626589786329,0.0,0.2606884098575742,0.0,0.2444096766339226,0.3250085087172335,0.2766556518537146,0.0,0.0,0.0,0.2133447665311376,0.2619290290694149,0.6591040393948553,0.158471285571564,0.756465766351277,0.0,0.08119416954474,0.2705713837627567,0.4636550632339745,0.1130378743720561,0.5619568061446067,0.0,0.0
0.3797309299635627,0.0,0.0,0.0,0.0,0.0,0.1288036083540919,0.4701409335285048,0.3422149935979076,0.3014671999252568,0.1854434506995105,0.6565226287195491,0.5298331366441027,0.0,0.1021206696129994,0.0750513020874255,0.3600589236257387,0.3010934697421866,0.0,0.0,0.5199805853056754,0.0,0.5394342859608464,0.0,0.4842210690580377,0.578145761441264,0.2267161338061597,0.3943167986072621,0.0,0.0,0.1895126240837048,0.1247113580944321,0.1742311877703765,0.0506224102637738,0.0,0.3750647495394535,0.366871406254064,0.2486236893710926,0.1475461495889116,0.2359265798008459,0.2888547924771261,0.0,0.0,0.0,0.1985362923042477,0.4447363275001028,0.0,0.0,0.0,0.0,0.0,0.0,0.0,0.0,0.2083535315659429,0.0,0.5364486716912792,0.0,0.0,0.0,0.0,0.247203249009479,0.0172643328989812,0.0,0.0,0.0,0.0,0.0,0.763611698678486,0.0193743009741887,0.5010780030094532,0.0,0.4139199645324397,0.0,0.0,0.2556034214724254
0.5758494109078726,0.7282637496711399,0.0,0.0,0.0,0.5637398402219481,0.2054405671770252,0.2638548222041242,0.358548942937298,0.5567456023342591,0.0,0.3396940424517982,0.3756904236395492,0.0,0.238658880197066,0.5656002864833646,0.6058883640985807,0.7354597039978897,0.0,0.2821010459065238,0.5809527387837775,0.3038564939654129,0.5215408001649868,0.4842210690580377,0.0,0.5592350855027093,0.3458036659760609,0.4716263284546533,0.5077461849451601,0.0,0.3714398000361348,0.3629809889306169,0.4041374880989349,0.1853611353177161,0.0,0.0,0.0,0.353432013622502,0.2885184569576809,0.3846231157837289,0.3851036504939994,0.3597275866030947,0.0,0.0,0.0,0.5863293621933605,0.3315031262037854,0.0,0.0,0.0,0.0,0.0,0.0,0.0,0.2462862288035292,0.0,0.3787389858297208,0.0,0.0,0.2641055745885126,0.0,0.1003103547965225,0.0,0.0,0.1421681853603379,0.6025235020660628,0.0,0.2314323283062035,0.2331195099733412,0.0,0.1579069180234657,0.0,0.0,0.430625313493077,0.0,0.0473693060081979
0.0940558076192751,0.5756095649364412,0.0,0.0,0.2365484574085865,0.5343833514082523,0.2608702566664299,0.4034098024794583,0.3493433773125725,0.3625775553868863,0.2065590386546278,0.6513659833339539,0.6696739289006437,0.0,0.2996079054924366,0.2322456125582168,0.4555319739881199,0.3549099829674023,0.0,0.3011261033403816,0.1587927446191605,0.314512144948098,0.398976162656326,0.578145761441264,0.5592350855027093,0.0,0.2592530793880235,0.3839485139880473,0.1614859088545552,0.0,0.10157107065412,0.1965630140364319,0.1384359710340033,0.114872594568119,0.0,0.1936478204321949,0.0,0.2161183642175507,0.2115943079827655,0.1769351736230058,0.0,0.0072366712142953,0.0,0.0,0.0716570742489304,0.1338746282893687,0.2812314547199933,0.0,0.0,0.0,0.3979160423108964,0.0,0.0,0.0,0.1135475784594506,0.0,0.4650474378146724,0.4255367723923878,0.0,0.3834030138088645,0.0,0.1591592419828394,0.0,0.0,0.25135700437994,0.2139527764111945,0.1584187061358434,0.4107576785547581,0.378667976945975,0.0351775580078466,0.6872228127549419,0.210741218113925,0.1903301033234135,0.1379174707952076,0.0,0.0
0.4286677845510265,0.4790749304455569,0.8553959294661506,0.0,0.3402745370049818,0.7462772851764131,0.3790657040882892,0.3766231754129502,0.8323668746851803,0.3732742245026461,0.6605600615673309,0.1978072875628582,0.5134168135882325,0.0,0.5408008580380774,0.3109150380973051,0.0,0.3219461237938783,0.785714701730189,0.7851667386527295,0.3215444824239365,0.6601243634850535,0.5566342733240708,0.2267161338061597,0.3458036659760609,0.2592530793880235,0.0,0.4873889000136022,0.5221310208476735,0.4020200325083298,0.3464191436977206,0.0,0.0343842533609325,0.1509887945969396,0.0,0.3019965605894428,0.3278368175004317,0.3416951204102227,0.0,0.0,0.0,0.2871732997167363,0.1672291161146683,0.3404204839714218,0.0,0.0,0.3412925896930815,0.7283074418214266,0.0,0.6355683878954689,0.5884519434793595,0.5279607965034112,0.5451587086862002,0.8301149331244686,0.0,0.5868153701306722,0.0,0.2579863090669278,0.308571722782907,0.5541259244909049,0.0,0.0,0.0,0.5563309312510067,0.7586737647971763,0.3439861774886988,0.5128168902433743,0.6955864021387371,0.0,0.0,0.1106894101581109,0.9692072571505588,0.2211922032751641,0.5499633290632995,0.0,0.0
0.488850966192584,0.6190647353801877,0.5946751134312365,0.320771341952319,0.2628442114089371,0.5822110249031006,0.3621727594312657,0.3266765972604337,0.4990138374780041,0.5914117622582558,0.4006128482320898,0.4458721555823686,0.6815342446937729,0.0,0.5463031804985593,0.4811927039279785,0.5395794093180228,0.6634492642780526,0.5419931062899933,0.6617327418626234,0.4236757854226596,0.5962234913953542,0.4439599834738305,0.3943167986072621,0.4716263284546533,0.3839485139880473,0.4873889000136022,0.0,0.5152222588377743,0.5185896038640414,0.5610634263179285,0.0,0.1030700690358133,0.058941425625661,0.0,0.6022020039326249,0.4940566026627205,0.382474619408195,0.0,0.0262752181132004,0.1785549162499569,0.3418350108389926,0.5126184755194372,0.0,0.0309436281032489,0.0,0.0,0.2765689007753251,0.0,0.0,0.4135496348014959,0.0,0.4161338288333152,0.4930415048904768,0.0747219208190573,0.0,0.5520850593485406,0.2899707601145449,0.0,0.5265910031972126,0.0,0.0,0.0,0.0,0.4958265332654105,0.5105620429845583,0.3128018420895316,0.4162004361983527,0.0,0.0,0.0336655468497156,0.4888372613386517,0.548485449807444,0.4020120450884175,0.0,0.1254660080450202
0.8644888786413495,0.5816538919173396,0.0,0.0044320740757895,0.2587862221026049,0.7562174720989602,0.528766298110838,0.5801528638008165,0.5914691448585923,0.4189466559950749,0.0,0.0,0.4986902157826278,0.0,0.2123409595051696,0.6932782493867791,0.1649247119033717,0.4888762053019681,0.0,0.6695131425825747,0.8166314849349159,0.4778663268733779,0.6802737874226642,0.0,0.5077461849451601,0.1614859088545552,0.5221310208476735,0.5152222588377743,0.0,0.8433212869395209,0.7886762173934441,0.4630964720934662,0.5001820610101836,0.4918591955162631,0.0468965371840186,0.4985658042568514,0.176594358447195,0.0,0.3197236979853116,0.3372024243886806,0.3597805094059305,0.6422272611564681,0.4913276746243283,0.0,0.0,0.0,0.3850354160311811,0.1243872429057192,0.0,0.0,0.2895066560712175,0.1846077920369151,0.4817997682256617,0.4624882926088597,0.0,0.0,0.0,0.0,0.0,0.2282788629975001,0.0,0.0,0.0,0.0,0.2112672756367193,0.8451755821106732,0.117040761799498,0.4786550027734614,0.0,0.0,0.0,0.4195709286587749,0.0,0.6479225337711837,0.0,0.0
0.0,0.0,0.0,0.0,0.0,0.5987530678766816,0.0,0.6298120538245365,0.4849658824670175,0.0,0.0,0.0,0.4325684573907389,0.0,0.0,0.6196181097809546,0.0,0.445029098700033,0.0,0.6175629193848623,0.0,0.4610048381702835,0.6235823146431871,0.0,0.0,0.0,0.4020200325083298,0.5185896038640414,0.8433212869395209,0.0,0.7942612077050383,0.3738598211624495,0.0,0.4779953621159172,0.0741171649193098,0.0,0.0,0.0,0.0,0.0,0.0,0.0,0.0,0.0,0.0,0.0,0.0,0.0,0.0,0.0,0.0,0.0,0.0,0.0,0.0,0.0,0.0,0.0,0.0,0.0,0.0,0.0,0.0,0.0,0.0705716677052687,0.0,0.0,0.4385847704126431,0.0,0.0,0.0,0.2863834894866822,0.0,0.4343154275165215,0.0,0.0
0.684106929660479,0.5718164036328772,0.3574698901112019,0.1358604099466334,0.3097732906063462,0.4983563759605423,0.3739904261223116,0.5123384302858212,0.453066437141511,0.5191332074932468,0.2690237205244612,0.1009099593989509,0.427095112918563,0.2142216626422567,0.1804321704804611,0.7460116751537649,0.2341315309345046,0.4580922630502597,0.4446721856287259,0.5872284123137498,0.6023228558995627,0.5122579429271817,0.5272850614931717,0.1895126240837048,0.3714398000361348,0.10157107065412,0.3464191436977206,0.5610634263179285,0.7886762173934441,0.7942612077050383,0.0,0.2821245757434465,0.4618234437092851,0.6469723930533149,0.1730564161265448,0.5687081836277977,0.1499896075431462,0.6957728522665727,0.1287855808037625,0.1900494135371024,0.0056642871440383,0.0,0.6228895737592625,0.0,0.0,0.0,0.3445399869948378,0.0,0.0,0.0,0.0,0.0,0.4273365928325475,0.0,0.1684594003712212,0.0,0.1802252587169091,0.0,0.0,0.1857462639318915,0.0,0.0,0.0,0.0,0.0783332280690728,0.6286383355548247,0.0781329164633469,0.3393167633010816,0.0,0.0,0.0,0.2511402778363599,0.0,0.2824221056342222,0.0,0.0
0.4478005096861223,0.3509396879320252,0.0,0.0801788325876211,0.0,0.3477162413185454,0.2318853933188088,0.4599588399042696,0.1192446563279204,0.0593990140344071,0.0,0.0,0.2914955983967972,0.0,0.0,0.444429507486984,0.0,0.2615406405566955,0.0,0.0,0.5882324964035814,0.0,0.4303253095854428,0.1247113580944321,0.3629809889306169,0.1965630140364319,0.0,0.0,0.4630964720934662,0.3738598211624495,0.2821245757434465,0.0,0.5679279566503436,0.453417341665546,0.315337998388096,0.1131197884269754,0.0,0.2832368477280531,0.882326653200992,0.5099915354951895,0.1533968144234819,0.5542289598880462,0.2204028934758174,0.0,0.268349071682457,0.3552158422364019,0.2599460842563335,0.0,0.0,0.0,0.168299030566957,0.0,0.1392232195466023,0.0365181859413928,0.0,0.0,0.0,0.0,0.0,0.0,0.0,0.0,0.0,0.0,0.0,0.5047376244227435,0.0,0.0,0.0,0.0,0.0,0.0,0.0,0.3063286415359645,0.0,0.0
0.5757343250720648,0.4435991158179884,0.0537337282748523,0.0,0.0,0.3552831653973989,0.1948286794088151,0.4035796590173471,0.1133930525517935,0.2173996454284906,0.0,0.0562523566392749,0.2498507697343721,0.0,0.0,0.5661732374240959,0.0572112925324157,0.4057063664306216,0.0,0.0603496962176777,0.6059301736111848,0.0581718564102356,0.4155738768006285,0.1742311877703765,0.4041374880989349,0.1384359710340033,0.0343842533609325,0.1030700690358133,0.5001820610101836,0.0,0.4618234437092851,0.5679279566503436,0.0,0.5641692510366927,0.1584745457851319,0.2942028168972903,0.0,0.5388510763686538,0.5148783370154493,0.746656401085116,0.285325484145456,0.5231111706358206,0.0,0.0,0.4353775524665302,0.4881116782502351,0.2918313543673256,0.0,0.0,0.0,0.0,0.0,0.0,0.0,0.0,0.0,0.0487865401821791,0.0,0.0,0.0,0.0,0.0,0.0,0.0,0.0,0.5166006092923652,0.0,0.0212791523695261,0.0,0.0,0.0,0.0,0.0,0.0,0.0,0.0
0.3162926862154261,0.2548583302509475,0.0254537935413162,0.0,0.1612671982448664,0.24850735671021,0.360805046762352,0.3827174444924129,0.2081974782601531,0.2184924432190745,0.0,0.0,0.2091602878885133,0.3672589024996131,0.0,0.6057365269232649,0.0,0.1779773235912859,0.1802131449334127,0.1867559111305339,0.3144397768934502,0.1720356091192675,0.4023128355142882,0.0506224102637738,0.1853611353177161,0.114872594568119,0.1509887945969396,0.058941425625661,0.4918591955162631,0.4779953621159172,0.6469723930533149,0.453417341665546,0.5641692510366927,0.0,0.4947365444042887,0.1388096813623844,0.0,0.5328643380430984,0.3618869282646645,0.3720337433300579,0.0,0.3868291485420717,0.2045429050325422,0.0,0.4148767076846216,0.2752516889650818,0.3568045244413926,0.0,0.0,0.0,0.0,0.0389959019089054,0.2694103737782735,0.110697268875264,0.190907690137441,0.0,0.0,0.0,0.0,0.0,0.0827433052586141,0.1031751623085504,0.1737940565638047,0.0,0.0,0.2880059176614508,0.0,0.2389617345941687,0.0,0.1783545860245944,0.1238558022843864,0.0,0.0,0.1137649427982993,0.0,0.0
0.0,0.0,0.0,0.0505317785863605,0.0,0.0,0.0691744112067485,0.0606777611904918,0.0,0.0,0.0,0.0,0.0,0.0,0.0,0.2008692416716874,0.0,0.0,0.0,0.0,0.0,0.0,0.1492719589549564,0.0,0.0,0.0,0.0,0.0,0.0468965371840186,0.0741171649193098,0.1730564161265448,0.315337998388096,0.1584745457851319,0.4947365444042887,0.0,0.0,0.0,0.0745453225288438,0.2850780217079305,0.0441739515002174,0.0,0.1691467236420229,0.0,0.0,0.0707743816678122,0.0,0.1173356876711405,0.0,0.0,0.0,0.0,0.0,0.0,0.0,0.0,0.0,0.0,0.0,0.0,0.0,0.220052890818554,0.0,0.0,0.0,0.0,0.0,0.0,0.0,0.0,0.227771555281784,0.0191029213206787,0.0,0.0,0.0,0.0,0.0
0.0,0.0,0.4144916202412163,0.3151123920551327,0.084771232047798,0.5482161149079305,0.2950622080619614,0.36145138362071,0.3185965794325009,0.5621138028097199,0.2124872068561715,0.3552751879540642,0.5421317609408101,0.0366970254768285,0.3274332284711214,0.0,0.0,0.0,0.3765456636933708,0.4427343264116911,0.0,0.2935785270489879,0.474018316944281,0.3750647495394535,0.0,0.1936478204321949,0.3019965605894428,0.6022020039326249,0.4985658042568514,0.0,0.5687081836277977,0.1131197884269754,0.2942028168972903,0.1388096813623844,0.0,0.0,0.4228313613582103,0.4396055912955853,0.0,0.123413735625006,0.1627646532582615,0.2762166575605224,0.5697250937373338,0.3518040031901631,0.127593507664219,0.0,0.0,0.0750874517022557,0.0,0.1261964111416025,0.3090913051773045,0.082587898493945,0.3058932328570589,0.2625379489590648,0.0,0.0721277842444374,0.5206263672746393,0.0463954892658994,0.0,0.0,0.0,0.0,0.0,0.1126500146938272,0.2124637886155906,0.0,0.1462467435112231,0.3054508290132275,0.0,0.0,0.0,0.2829040368120382,0.2737519346158371,0.2460159350566731,0.0,0.0
0.0,0.0,0.3470808455323234,0.2493555155671583,0.0560016120315196,0.4570813283760993,0.078991986581254,0.2489154448621386,0.3152794485397576,0.2126097285403237,0.1808847704554017,0.400790111769269,0.4883087567146305,0.0,0.0,0.0,0.0,0.0,0.1535216454287344,0.3698823221904859,0.0,0.3068288373839297,0.2155972903514334,0.366871406254064,0.0,0.0,0.3278368175004317,0.4940566026627205,0.176594358447195,0.0,0.1499896075431462,0.0,0.0,0.0,0.0,0.4228313613582103,0.0,0.2305829942583593,0.0,0.0,0.0874586982522825,0.0284772825084555,0.2686790711906747,0.0,0.0,0.0,0.0,0.0,0.0,0.0,0.0,0.0,0.0,0.0,0.0,0.0,0.0,0.0,0.0,0.0,0.0,0.0,0.0,0.0,0.0,0.0,0.0,0.2574043442583412,0.0,0.0,0.0,0.0,0.0,0.0,0.0,0.0
0.58010240674933,0.0,0.0,0.0931978782528224,0.3380218053100087,0.5257778714609831,0.414908482196722,0.0,0.43601452489323,0.4190701738247208,0.3297022285139945,0.191500423841148,0.4374551673364861,0.0,0.0,0.0,0.1989050204142394,0.0,0.3166677428570267,0.0,0.0,0.0,0.4229394674880395,0.2486236893710926,0.353432013622502,0.2161183642175507,0.3416951204102227,0.382474619408195,0.0,0.0,0.6957728522665727,0.2832368477280531,0.5388510763686538,0.5328643380430984,0.0745453225288438,0.4396055912955853,0.2305829942583593,0.0,0.1606462308280712,0.2616333083131444,0.0925999227592081,0.4994038675547832,0.0,0.0,0.387642831166521,0.0,0.0,0.0,0.0,0.0,0.0,0.0,0.0,0.0,0.0,0.0,0.1998251990523931,0.0,0.0,0.0,0.0,0.0,0.0,0.0,0.0,0.0,0.0,0.0,0.0,0.0,0.0,0.0,0.0,0.0,0.0,0.0
0.3409785843792844,0.244165098161767,0.0,0.0,0.0,0.223662875501768,0.0733146186482461,0.3999963865522857,0.0,0.0,0.0,0.0,0.1579137738948317,0.0617044422678168,0.0,0.2748805514126251,0.0,0.1286412824346347,0.0,0.0,0.5033365163744854,0.0,0.3463740000307354,0.1475461495889116,0.2885184569576809,0.2115943079827655,0.0,0.0,0.3197236979853116,0.0,0.1287855808037625,0.882326653200992,0.5148783370154493,0.3618869282646645,0.2850780217079305,0.0,0.0,0.1606462308280712,0.0,0.5921285598958503,0.1489972004007636,0.4899999964132501,0.187428159259152,0.0,0.2575155957041347,0.2712722305647288,0.345288691102405,0.0,0.0,0.0,0.2073454858864123,0.0682531059435042,0.0860038946463492,0.0,0.0,0.0,0.0,0.0473928834199824,0.0162945731618682,0.0,0.0,0.0,0.0,0.0,0.0,0.4293390035173115,0.0,0.0,0.1348482102447049,0.0,0.1493950333063645,0.0,0.0,0.3177935666959797,0.0,0.0
0.4189095600310237,0.2583055685858692,0.0,0.0,0.0,0.0,0.0,0.0,0.0,0.0,0.0,0.0495038730314907,0.2023263226090287,0.0,0.0,0.4208847613263517,0.0,0.3766571565053968,0.0,0.0,0.5253049320998742,0.0,0.2658176317228414,0.2359265798008459,0.3846231157837289,0.1769351736230058,0.0,0.0262752181132004,0.3372024243886806,0.0,0.1900494135371024,0.5099915354951895,0.746656401085116,0.3720337433300579,0.0441739515002174,0.123413735625006,0.0,0.2616333083131444,0.5921285598958503,0.0,0.4372400949376629,0.3789416297590855,0.2284855829436655,0.0,0.3976180546994564,0.3263534653876628,0.2834264748491168,0.0,0.0,0.0,0.1495910419494277,0.0118358434551903,0.0168530090558467,0.0,0.0058330316027263,0.0,0.0015871828500769,0.0691921089431672,0.0,0.0,0.0288582212176001,0.0326301294260927,0.0,0.0,0.0,0.3780912481285854,0.0,0.0,0.1680549968414441,0.0,0.0737415866976095,0.0,0.0,0.1979312240716617,0.0,0.031923822195741
0.3755609243409994,0.1438082350431532,0.0954091256326117,0.0,0.0,0.2103050518355443,0.082516000533781,0.0,0.024688139112239,0.1078784171067075,0.0,0.0095706894188606,0.0448930315035266,0.0,0.0,0.1739367965216781,0.0,0.3714590918944017,0.0,0.0,0.3847101168085508,0.0,0.0782779350950643,0.2888547924771261,0.3851036504939994,0.0,0.0,0.1785549162499569,0.3597805094059305,0.0,0.0056642871440383,0.1533968144234819,0.285325484145456,0.0,0.0,0.1627646532582615,0.0874586982522825,0.0925999227592081,0.1489972004007636,0.4372400949376629,0.0,0.1796923147475329,0.2182986248663311,0.1881453654092802,0.107550367553015,0.3991884207255209,0.0,0.0,0.0077962632203015,0.0,0.1580193186974801,0.0,0.0,0.0124742897655261,0.0,0.0,0.0491660413484513,0.0,0.0,0.0,0.0492210591423361,0.0,0.0,0.0,0.0,0.4222345654119791,0.0,0.0,0.187121610415911,0.0,0.0,0.0,0.118846587026988,0.3165913032418285,0.1098514997061324,0.3258372631795821
0.0,0.4381937416145542,0.0,0.0,0.0,0.489676606627843,0.0,0.0,0.0,0.1958335887474545,0.0,0.0,0.2857706223390734,0.0,0.0146265744912361,0.5871055989008271,0.0,0.503732785144053,0.0,0.3353793685490906,0.710026579020925,0.3238340354950508,0.5046809077401203,0.0,0.3597275866030947,0.0072366712142953,0.2871732997167363,0.3418350108389926,0.6422272611564681,0.0,0.0,0.5542289598880462,0.5231111706358206,0.3868291485420717,0.1691467236420229,0.2762166575605224,0.0284772825084555,0.4994038675547832,0.4899999964132501,0.3789416297590855,0.1796923147475329,0.0,0.5485623415040896,0.1108551512300369,0.4495147450011372,0.6329265710515392,0.2223185895291921,0.0,0.0,0.0342356067875283,0.2170296706054041,0.0839899698536463,0.2821147342579065,0.3983988127742601,0.0,0.1448570990198895,0.0165945479921949,0.0,0.0,0.0,0.0,0.0,0.0,0.0,0.0,0.7213902342554225,0.0,0.2107280945785754,0.0,0.0,0.0,0.1993482258350077,0.0,0.4027762029999043,0.0,0.0
0.0,0.0,0.3966521512848115,0.0,0.0736828143259505,0.3996665328169489,0.2148509702771968,0.3297084404722634,0.2412625216151472,0.0,0.1771438855026703,0.4094670628360297,0.3406437443920031,0.0,0.2728681344650377,0.0,0.0,0.0,0.314364686515968,0.4550386864019183,0.0,0.4079157602394292,0.357757234731442,0.0,0.0,0.0,0.1672291161146683,0.5126184755194372,0.4913276746243283,0.0,0.6228895737592625,0.2204028934758174,0.0,0.2045429050325422,0.0,0.5697250937373338,0.2686790711906747,0.0,0.187428159259152,0.2284855829436655,0.2182986248663311,0.5485623415040896,0.0,0.5401939564622678,0.1876685437801249,0.0,0.0,0.0111066672352434,0.3463179196731881,0.274115225080434,0.1647787481282133,0.2047800954250577,0.254711331365387,0.2163546370349372,0.0,0.1368770394131981,0.4283022884249931,0.0743895286840426,0.5101922998262012,0.2307399156594319,0.0,0.0,0.0,0.0383948420626462,0.1464924888101901,0.6122332612865247,0.0777594642774014,0.1631750161150003,0.0270563671882889,0.0,0.0,0.1765963353743538,0.2475537312759592,0.2650278602868548,0.0,0.0788874529700532
0.0,0.0,0.0,0.0,0.0,0.0,0.0,0.0,0.0,0.0,0.0,0.0,0.0,0.0,0.0,0.0,0.0,0.0,0.0,0.0,0.0,0.0,0.2111996672739086,0.0,0.0,0.0,0.3404204839714218,0.0,0.0,0.0,0.0,0.0,0.0,0.0,0.0,0.3518040031901631,0.0,0.0,0.0,0.0,0.1881453654092802,0.1108551512300369,0.5401939564622678,0.0,0.0,0.0,0.0,0.2737774666476322,0.3898379137044394,0.3569721484622039,0.1939063916599652,0.1768155693627346,0.2212849769911329,0.2812989534158664,0.0,0.2465971843252212,0.481733580416821,0.0753887062237712,0.2907693206222277,0.0,0.0,0.0,0.0,0.1493875046804963,0.0,0.0,0.0,0.2124080590309618,0.0,0.0,0.0,0.4164442328646472,0.305662503634959,0.1408513005003299,0.0,0.0327167231759568
0.0,0.0,0.0,0.0,0.0,0.0,0.0,0.0,0.0,0.0,0.0,0.0,0.2955201284732133,0.0,0.0,0.0,0.0,0.0,0.0,0.0,0.0,0.0,0.0,0.1985362923042477,0.0,0.0716570742489304,0.0,0.0309436281032489,0.0,0.0,0.0,0.268349071682457,0.4353775524665302,0.4148767076846216,0.0707743816678122,0.127593507664219,0.0,0.387642831166521,0.2575155957041347,0.3976180546994564,0.107550367553015,0.4495147450011372,0.1876685437801249,0.0,0.0,0.3634625196572672,0.0,0.0,0.0,0.0,0.0615297878746666,0.0,0.0,0.3106604930637336,0.0,0.3494578220903345,0.0,0.0243687969800858,0.0,0.0,0.0,0.0,0.0,0.0,0.0,0.0,0.0,0.3286866021023472,0.0186821727773151,0.0,0.0548458587330288,0.0882953517525871,0.0,0.0,0.0,0.0
