0.0,0.217865325982319,0.0,0.0,0.0,0.621644428995369,0.0,0.3995070611045621,0.0,0.4650584359757516,0.0,0.3106829262611735,0.3765374491516577,0.0,0.5403762110171138,0.4379368810679898,0.3600927535464598,0.3800214256247387,0.0,0.5001994229714518,0.6018074895711479,0.572222398400133,0.52201563121879,0.4613420403327844,0.4550367723676825,0.5060465123572842,0.5116350041214518,0.344326910883308,0.6304483474795339,0.0,0.2382705243584821,0.0411709425610308,0.464167172455013,0.2452012373022832,0.0,0.0,0.0,0.1615384889517478,0.0,0.3268554294405921,0.3962474848541826,0.0,0.0,0.0,0.0,0.8509419348039009,0.1828702954440532,0.0,0.0,0.0,0.0,0.0,0.0,0.0,0.3755582118911644,0.0,0.0,0.0,0.0,0.0,0.1971181134835626,0.0,0.4755430205206316,0.0,0.0,0.6118859765742194,0.3044721285918486,0.0,0.6122785758076511,0.4607878957935239,0.566681788171917,0.0,0.0,0.0,0.0,0.341134162635305
0.217865325982319,0.0,0.0,0.0,0.0,0.2440859618764458,0.2720391653751192,0.4283316412503113,0.1083948843119758,0.0,0.0,0.0,0.1134941756188876,0.0,0.0,0.0,0.4556582555873792,0.2916943817576962,0.0,0.0,0.0,0.082106337224507,0.594690545056541,0.0,0.5840837622483543,0.7296345180021561,0.0,0.059407139214835,0.0,0.0,0.0,0.3075776229770439,0.2052991235765283,0.0,0.0,0.0,0.0,0.0,0.1501282435971588,0.4257358832957211,0.3809638733928184,0.2951875120741979,0.0,0.0,0.0,0.0381272844964746,0.6375981517750335,0.0,0.0,0.0,0.5851945101960325,0.0,0.0,0.0,0.0,0.0,0.0,0.0,0.0,0.0,0.2729934123047132,0.0,0.1576910591954717,0.0,0.2718635565782803,0.0,0.3812847147758954,0.5150344492627434,0.0,0.5369166657071053,0.698456544120773,0.2863476678248562,0.0,0.0939269423754983,0.0,0.1099183224767903
0.0,0.0,0.0,0.0,0.4289609302727995,0.6210650263875667,0.1910305908213218,0.780103660953868,0.5510731865868674,0.3472025940217976,0.6681859419524229,0.3090107368437544,0.4722156108852138,0.3080174964309469,0.0,0.0,0.0,0.0,0.7500810365916347,0.0,0.0,0.0,0.5806881366982501,0.0,0.0,0.0,0.2701974939351631,0.566739184642067,0.0,0.0,0.0617749952588056,0.0,0.3563476527868594,0.0,0.0,0.3880323272224967,0.3167723922963854,0.0,0.0,0.0,0.2907364132129042,0.0,0.3618518152794644,0.0,0.0,0.0,0.0,0.8792626544129405,0.0,0.4283098747192875,0.5679674414150544,0.393797797640584,0.6827443116595239,0.6028007908163431,0.0,0.7622851686312067,0.0,0.5862349304988785,0.0,0.0,0.0,0.0,0.0,0.7025239896341978,0.0,0.0,0.0,0.5497543827160003,0.0,0.0,0.0,0.2203321984313569,0.6936702822497968,0.0,0.0,0.0
0.0,0.0,0.0,0.0,0.4632819720946566,0.0,0.1470574552369127,0.0,0.0279517857309219,0.2379325894307251,0.2087109570660357,0.3103128293052334,0.412755218240597,0.1969132695926668,0.0,0.0,0.0,0.0,0.0,0.1350853762449034,0.0,0.0,0.0,0.0,0.0,0.0,0.0,0.4019406995585791,0.0,0.0,0.2755286010388896,0.3864402218772682,0.0,0.1835180738687332,0.111779670090139,0.2215372432076327,0.2222324025910469,0.1700482014179912,0.0,0.0,0.0,0.0,0.0,0.0,0.0,0.0,0.0,0.0,0.0,0.0,0.0,0.0,0.0,0.0,0.0,0.0,0.0,0.0,0.0,0.0,0.0,0.0,0.0,0.0,0.0,0.0,0.0,0.0,0.0,0.0,0.0,0.0,0.0,0.0,0.0,0.0
0.0,0.0,0.4289609302727995,0.4632819720946566,0.0,0.3143449084844665,0.3820053555554287,0.069941113242491,0.6601915669080529,0.2431323244916685,0.62780262947351,0.1854799305590787,0.7835918448639098,0.1625394139257529,0.0,0.4194968635155978,0.0,0.0,0.3023421168945232,0.5556366888356731,0.0,0.4971243377941798,0.0,0.0,0.1824824917416192,0.0,0.4551042635532829,0.766570656263899,0.4053334635624059,0.0,0.4263862698312464,0.1761719166831009,0.0,0.1381060771176749,0.0,0.482126369477426,0.3373386927139796,0.1915664198426237,0.4407564618462924,0.0,0.0,0.0,0.0,0.0,0.0,0.0,0.0,0.4758890713743823,0.0,0.3181990475802249,0.060357350243264,0.0,0.0846472872275658,0.513385157396333,0.0,0.5584887596791959,0.0,0.0,0.0,0.0,0.0,0.0,0.0,0.3453559761181323,0.0,0.0,0.0,0.1664701857972591,0.0,0.0,0.0,0.3749895695912602,0.0,0.0,0.0,0.0
0.621644428995369,0.2440859618764458,0.6210650263875667,0.0,0.3143449084844665,0.0,0.3256886420552818,0.5073572923105367,0.5886513570921226,0.2734692591835852,0.1901313139758469,0.1261557803559714,0.5393246022735158,0.143425534490286,0.4697635034944687,0.2372624996601519,0.2018964345209618,0.1629314402156325,0.7630560152273959,0.5882952830254399,0.6350370724560018,0.5281352741358597,0.6393115885588045,0.0,0.4053646134198302,0.2595062285743511,0.696181521226522,0.3386702867522833,0.6884306132032957,0.4109903491643595,0.0,0.0,0.4349699606890614,0.036480426243715,0.0,0.6552184076553699,0.0888444686884194,0.1082421364249186,0.0,0.0,0.2332379087017796,0.0,0.5424500924975683,0.0,0.0,0.0,0.1660044901115219,0.4300409867071249,0.0,0.2112996125835751,0.6636394008940973,0.1483123829071548,0.5120902640308872,0.4787081949861761,0.0,0.2437835614171893,0.0,0.4154101357623868,0.0,0.2789472200853479,0.0,0.0,0.0,0.3898278239975069,0.2786723385508399,0.4886344156987451,0.0582836090640508,0.6302345297592483,0.0,0.0,0.2016404996235692,0.2713689689796073,0.2673168805146676,0.2730863831777377,0.2884065991331857,0.0
0.0,0.2720391653751192,0.1910305908213218,0.1470574552369127,0.3820053555554287,0.3256886420552818,0.0,0.0,0.5225595733798285,0.4382636389617325,0.3414288065008604,0.2497768989506157,0.3196520307382021,0.0,0.0,0.42455034329267,0.3358615593017545,0.3567812299681556,0.2716820310382547,0.3977612787782745,0.0,0.5039898319910331,0.2500469004461919,0.2399057957175407,0.5134061540042074,0.286693297160205,0.5681542814176322,0.1676625948431958,0.418683011055482,0.0,0.3953124303124442,0.2901781428586494,0.2069879539475237,0.0531269228421122,0.0,0.0,0.0,0.1192555824468962,0.1707079332163314,0.0,0.2420740399262454,0.0,0.0,0.0,0.0,0.0,0.0,0.0,0.0,0.0,0.3381626518892188,0.0,0.044267000406263,0.5185540878517312,0.0,0.0,0.0,0.0,0.0,0.0,0.0,0.0,0.0,0.0276682878682546,0.0,0.0,0.0,0.3752211443706037,0.0,0.0,0.0,0.5108887364821723,0.0,0.0,0.0,0.0
0.3995070611045621,0.4283316412503113,0.780103660953868,0.0,0.069941113242491,0.5073572923105367,0.0,0.0,0.069761408800252,0.2241159195766789,0.3102243306496149,0.2649832048137013,0.2580963299472634,0.4505273480441772,0.1613795082940715,0.0,0.0,0.0183984545650283,0.6298907653151238,0.0,0.3525870774462737,0.0,0.6159990200312317,0.2134294905040561,0.2659298881510714,0.3275017673305353,0.0,0.3579839771196793,0.2086567640198215,0.243193234427861,0.0,0.0,0.3374957299941845,0.0,0.0,0.3787541343689737,0.3873713328287082,0.0,0.0,0.0,0.2684718456374317,0.0,0.5941420905844194,0.0,0.0,0.0,0.0,0.8060907149396821,0.0,0.4223389459278854,0.5292983566929453,0.2184589178134332,0.8315963275754831,0.1936062354947709,0.0,0.6539733118486238,0.0,0.6012667008140931,0.0,0.0096713331176263,0.0,0.0,0.0,0.7287315722977484,0.0613430823288052,0.2883595391667682,0.0,0.4849077707990413,0.0,0.0,0.0,0.0,0.7046622758899319,0.1929217832230359,0.0,0.0
0.0,0.1083948843119758,0.5510731865868674,0.0279517857309219,0.6601915669080529,0.5886513570921226,0.5225595733798285,0.069761408800252,0.0,0.2942780053024363,0.6475002765346002,0.1067556779653135,0.6468382718969689,0.0,0.0,0.3461277632535608,0.0,0.241697197865134,0.5751152533365745,0.686950012025815,0.0,0.6320907374461915,0.22821722941719,0.2684647301255687,0.4586470620689585,0.1138590514050207,0.759936393124973,0.4336743508309895,0.5931537330420258,0.4446594226568712,0.2613581319967241,0.023119014043644,0.2346139907062452,0.0,0.0,0.3495970301299804,0.0217890493988679,0.1307475713296997,0.2588932698031157,0.0,0.1310729034001799,0.0,0.0,0.0,0.0,0.0,0.0,0.4408056571545579,0.0,0.1672143331769744,0.2957922890976284,0.1747613524947559,0.0783783691961241,0.8435811037245502,0.0,0.412118309760708,0.0,0.1638481492766505,0.0,0.0,0.0,0.0,0.0,0.2898330418071087,0.0,0.0,0.0,0.3418721360124547,0.0,0.0,0.0,0.659218233458419,0.125645145624417,0.0,0.0,0.0
0.4650584359757516,0.0,0.3472025940217976,0.2379325894307251,0.2431323244916685,0.2734692591835852,0.4382636389617325,0.2241159195766789,0.2942780053024363,0.0,0.2689578970175827,0.777407011229715,0.3156233754320007,0.0,0.0,0.5142075324644129,0.8649670352613187,0.6770967726822994,0.3775473668769274,0.2888865179495097,0.0,0.4412636188859846,0.4491877039002219,0.4332622406407196,0.6005342023017751,0.751517906096421,0.2974774228719967,0.381526918402462,0.3048743562292794,0.0,0.3990684765418513,0.238422905499777,0.1026798913013677,0.2924995325586387,0.0,0.0285714530220524,0.1052694593065528,0.0659046594381434,0.0665151374557482,0.3614630777892434,0.3145364506825558,0.0,0.0,0.0,0.164242213496937,0.3922866143134231,0.0,0.0,0.0,0.0,0.0,0.0,0.0,0.0,0.7523102676032914,0.0,0.6385260586241142,0.5672237177629555,0.0,0.0,0.0,0.6858286377981758,0.4574099861041827,0.0,0.0,0.0,0.0,0.0,0.5208142976357583,0.5317025151506803,0.6973396252185899,0.0,0.5595250153314415,0.0,0.0,0.3465007912492471
0.0,0.0,0.6681859419524229,0.2087109570660357,0.62780262947351,0.1901313139758469,0.3414288065008604,0.3102243306496149,0.6475002765346002,0.2689578970175827,0.0,0.2655971026802866,0.480298514992674,0.2594560030308426,0.0,0.0,0.1745061583861888,0.0,0.3271457992254891,0.0,0.0,0.0,0.2557958349955759,0.2151106044130137,0.0,0.1345087501486686,0.1631164428206312,0.4963846478038189,0.0,0.0,0.228554316764496,0.1705076993596347,0.1638564023679134,0.0,0.0,0.0457132796509427,0.2889648456444101,0.1355547155061419,0.3487642444103551,0.0,0.0,0.0,0.0,0.0,0.0,0.0,0.0,0.6217882277717752,0.0,0.3508851183036979,0.3165977890366487,0.373196976993728,0.2783228752977361,0.6137166118657912,0.0,0.785629188995489,0.0,0.3219862981105676,0.0,0.0,0.0,0.0,0.0,0.350049621677185,0.0,0.0,0.0,0.318797245425736,0.0,0.0,0.0,0.396206791848192,0.3523139252787071,0.0,0.0,0.0
0.3106829262611735,0.0,0.3090107368437544,0.3103128293052334,0.1854799305590787,0.1261557803559714,0.2497768989506157,0.2649832048137013,0.1067556779653135,0.777407011229715,0.2655971026802866,0.0,0.2472554700085588,0.0,0.0,0.0,0.7639539812140983,0.6195696052766182,0.2840404798627329,0.0,0.060050433340705,0.0,0.514147978538557,0.5773999523198577,0.288847930799992,0.7851362481057216,0.0,0.3436410185470663,0.0,0.0,0.284770176992056,0.3155182730759065,0.0,0.173934446406512,0.0,0.0,0.2072686771446119,0.0,0.1502669932113396,0.2562914992869906,0.2506572679616216,0.0704795513002709,0.0,0.0,0.1905210651927118,0.0,0.0,0.0,0.0,0.0,0.0,0.0,0.0,0.0,0.7357276382913771,0.0,0.9191865016147448,0.6402566750950871,0.0,0.0,0.0,0.715503938737124,0.2624112898098674,0.0,0.0,0.0,0.0,0.0,0.6025904858311671,0.3851697700648077,0.7332790770075192,0.0,0.5809656489305015,0.0,0.0,0.1993986407596863
0.3765374491516577,0.1134941756188876,0.4722156108852138,0.412755218240597,0.7835918448639098,0.5393246022735158,0.3196520307382021,0.2580963299472634,0.6468382718969689,0.3156233754320007,0.480298514992674,0.2472554700085588,0.0,0.1310128118597054,0.4467847472268528,0.582565154257227,0.4307718335280332,0.534671606896671,0.4596894954319003,0.6350197795748471,0.7825676474716479,0.5950753150586593,0.2546166902050157,0.3570674770646934,0.2295406259725527,0.1871843503193049,0.4295082486876728,0.837163544085778,0.52994718916037,0.6579376302025957,0.4121641688529956,0.1856068060853231,0.1367720777490792,0.1580413419790834,0.0,0.5474459495419156,0.3860633016989827,0.1504960243118335,0.2994998229834389,0.1703524086666811,0.0919812622121137,0.0,0.1932032836081965,0.0,0.1250985387536766,0.0,0.0,0.4898005113436648,0.0,0.0,0.2615229343440687,0.0175330088414574,0.2462420271099544,0.0,0.0,0.5833919401244242,0.0808197219623821,0.0,0.0,0.3528838747641177,0.0,0.0,0.0,0.0,0.3291157635071491,0.0,0.166010004063881,0.3109792310184263,0.0,0.0,0.1472409977108622,0.288720359138657,0.0,0.3280777441740563,0.0,0.0
0.0,0.0,0.3080174964309469,0.1969132695926668,0.1625394139257529,0.143425534490286,0.0,0.4505273480441772,0.0,0.0,0.2594560030308426,0.0,0.1310128118597054,0.0,0.0,0.0,0.0,0.0,0.1348691236023814,0.0,0.1871921109343474,0.0,0.2407532098519715,0.0,0.0,0.0,0.0,0.2327981998187406,0.0,0.0,0.0,0.0,0.0,0.0705038497853304,0.0,0.2982923182066135,0.2851704153505001,0.0,0.0889259013137753,0.0,0.0,0.0,0.3866939907352114,0.0,0.0,0.0,0.0,0.3718720790208279,0.0,0.0,0.0,0.0,0.0,0.0,0.0,0.4311790116367889,0.0,0.0,0.0,0.0,0.0,0.0,0.0,0.0,0.0,0.0,0.0,0.169564179085889,0.0,0.0,0.0,0.0,0.0,0.0,0.0,0.0
0.5403762110171138,0.0,0.0,0.0,0.0,0.4697635034944687,0.0,0.1613795082940715,0.0,0.0,0.0,0.0,0.4467847472268528,0.0,0.0,0.3658152165389654,0.0,0.4584575006480047,0.0,0.7938047614628113,0.438836837884672,0.7291069979379246,0.2297634886415828,0.3804285139474798,0.2394599533965121,0.3568272607845643,0.5054048775782228,0.4643268476599268,0.4804274115393551,0.0,0.4211901512416529,0.2264782501428047,0.1486580064514263,0.267284327308176,0.0,0.3964468848666361,0.0,0.0,0.2133422304918306,0.0861499553536735,0.2935601687289405,0.0,0.0794185561726042,0.0,0.0,0.0,0.1244001266569539,0.0,0.0,0.0,0.2810537592232425,0.0,0.2525739457771431,0.0,0.0,0.0,0.0,0.254304543033362,0.0,0.7572873922487039,0.1240604133811344,0.0,0.0,0.0,0.7378515917982256,0.4577484463301171,0.5106863730713301,0.2852315478041541,0.0,0.1943402057715793,0.3673081408530422,0.3696184996668332,0.3304818323289308,0.2563756791158509,0.0,0.3304118291189697
0.4379368810679898,0.0,0.0,0.0,0.4194968635155978,0.2372624996601519,0.42455034329267,0.0,0.3461277632535608,0.5142075324644129,0.0,0.0,0.582565154257227,0.0,0.3658152165389654,0.0,0.6030571245329224,0.7108709906399342,0.0,0.4792612873915261,0.4781705172863549,0.6120558812211518,0.1309291599526303,0.3101654852659635,0.3435474164825008,0.3364061620052999,0.4607110972606351,0.5684382364041208,0.534034971463405,0.5427593403995139,0.7100749165466231,0.2212971650999812,0.1579928119596363,0.4466239178021544,0.1026720081763059,0.0,0.0,0.0,0.1520620302032654,0.1773190820082908,0.3325412317344903,0.0,0.0,0.0,0.0,0.4101339101409734,0.2802017345975013,0.0,0.0,0.0,0.0,0.0,0.0,0.0,0.0,0.0,0.0,0.0,0.0,0.2919707959465118,0.3980466447158164,0.0,0.6168420554161937,0.0,0.3287956356367951,0.4508172176217528,0.3149711958664163,0.2010341042586055,0.0,0.2573528638162615,0.3284693806608472,0.3343825214733334,0.0,0.4541000909114497,0.0,0.6321482234548932
0.3600927535464598,0.4556582555873792,0.0,0.0,0.0,0.2018964345209618,0.3358615593017545,0.0,0.0,0.8649670352613187,0.1745061583861888,0.7639539812140983,0.4307718335280332,0.0,0.0,0.6030571245329224,0.0,0.8142654668155552,0.0,0.3162251075663461,0.0,0.4376883303187267,0.0,0.3887801120278478,0.5128967162745035,0.7208458475082737,0.0,0.4596376150143938,0.2494830390346026,0.0,0.4560068822980084,0.3088597896698483,0.0589432867338908,0.3807305846879261,0.0,0.0,0.0,0.0714426555749575,0.0,0.2676764767824421,0.0,0.0,0.0,0.0,0.0,0.0,0.0,0.0,0.0,0.0,0.0,0.0,0.0,0.0,0.5762953647120073,0.0,0.5770946720759723,0.0,0.0,0.0,0.0,0.6380884278935502,0.4816508287278838,0.0,0.0,0.0,0.0,0.0,0.3850732172450154,0.3561505677143276,0.5912809987194219,0.0,0.0,0.0,0.0,0.0
0.3800214256247387,0.2916943817576962,0.0,0.0,0.0,0.1629314402156325,0.3567812299681556,0.0183984545650283,0.241697197865134,0.6770967726822994,0.0,0.6195696052766182,0.534671606896671,0.0,0.4584575006480047,0.7108709906399342,0.8142654668155552,0.0,0.0,0.4253077511281548,0.2150263686500552,0.5524353895128251,0.2668897992582772,0.3134908001895796,0.4074416279708439,0.6303606700148878,0.2537559828114403,0.4905925470579553,0.2708943957019929,0.4501496873210372,0.5410168363502554,0.308940857834416,0.0793958518304344,0.3507542655369176,0.0340111023720888,0.0,0.0,0.0,0.1670799996738192,0.1423298431885401,0.3179409350459124,0.0,0.0,0.0,0.0,0.3561918494431152,0.3014808480712116,0.0,0.0,0.0,0.0,0.0,0.0,0.0,0.4390437275962913,0.0,0.4833487636732708,0.0,0.0,0.0,0.4416694251486546,0.6120928791349536,0.6239644883055387,0.0,0.0,0.0,0.4865388683822755,0.0,0.3305797138236558,0.3558816069264237,0.5247915053279107,0.0,0.0,0.0,0.0,0.4724485624889284
0.0,0.0,0.7500810365916347,0.0,0.3023421168945232,0.7630560152273959,0.2716820310382547,0.6298907653151238,0.5751152533365745,0.3775473668769274,0.3271457992254891,0.2840404798627329,0.4596894954319003,0.1348691236023814,0.0,0.0,0.0,0.0,0.0,0.0,0.0,0.0,0.6017624637366245,0.0,0.0,0.0,0.5303805855660308,0.479290198232679,0.0,0.0,0.1782640299783223,0.0,0.0,0.1527631181575378,0.0,0.4873871323439361,0.1413517246966567,0.1220446902696337,0.0,0.0,0.0,0.0,0.4056388234063736,0.0,0.0,0.0,0.0,0.6337195898075262,0.0,0.4520593959790525,0.6372895757936062,0.3751435602764781,0.6166082573139269,0.6711171457336943,0.0,0.3933640198902371,0.0,0.5005351497101316,0.0788551946577311,0.0,0.0,0.0,0.0,0.6995299675972072,0.0,0.0,0.0,0.6036261765554302,0.0,0.0,0.0,0.3236989152388479,0.0,0.0,0.0,0.0
0.5001994229714518,0.0,0.0,0.1350853762449034,0.5556366888356731,0.5882952830254399,0.3977612787782745,0.0,0.686950012025815,0.2888865179495097,0.0,0.0,0.6350197795748471,0.0,0.7938047614628113,0.4792612873915261,0.3162251075663461,0.4253077511281548,0.0,0.0,0.6321961320957256,0.9082835838050808,0.1367525478651344,0.0,0.2184193014381733,0.1837178947690704,0.8000064168664449,0.5127713784462014,0.6254633336643334,0.6998168507960597,0.4947303024895632,0.1463827872558802,0.1861082610459855,0.2643749492298404,0.0,0.5183948830994779,0.0481973186406173,0.0,0.2582017638057998,0.0857200619638626,0.1635332317715941,0.0,0.0706699634487527,0.0,0.0,0.0,0.1290904736487852,0.0,0.0,0.0,0.2128141272334711,0.0,0.1042265891372338,0.0,0.0,0.0,0.0,0.0856980964173184,0.0,0.6899599477776549,0.0477895474624135,0.0,0.0,0.0,0.7143313862484185,0.6116133696701486,0.383011819743128,0.2760534341803125,0.0,0.1843533278733697,0.1666517378896236,0.5446822664582994,0.0536903974923926,0.2910544595172858,0.1684343637576226,0.3795726277272742
0.6018074895711479,0.0,0.0,0.0,0.0,0.6350370724560018,0.0,0.3525870774462737,0.0,0.0,0.0,0.060050433340705,0.7825676474716479,0.1871921109343474,0.438836837884672,0.4781705172863549,0.0,0.2150263686500552,0.0,0.6321961320957256,0.0,0.5830163267022872,0.1923222352179581,0.4250403624895156,0.2476135595680986,0.0,0.5498573762397877,0.7610352333960911,0.7178304364434106,0.0,0.3530250142413014,0.0,0.3269952686409708,0.2407256019756839,0.0,0.0,0.0,0.0,0.0995278965368106,0.228092750667617,0.246590583030888,0.0,0.0,0.0,0.0,0.5176056772995826,0.0925330713954215,0.0,0.0,0.0,0.3500998679248432,0.0,0.3529314392848858,0.0,0.0,0.0,0.0,0.2539951682672068,0.0,0.262953473016909,0.0786956734228035,0.0,0.0,0.0,0.2259774276060521,0.773913736200716,0.0958142251841037,0.3109799184879265,0.0,0.0,0.1528885054510134,0.2074537339062549,0.3055121033905245,0.4743880726846042,0.0,0.2769261261057513
0.572222398400133,0.082106337224507,0.0,0.0,0.4971243377941798,0.5281352741358597,0.5039898319910331,0.0,0.6320907374461915,0.4412636188859846,0.0,0.0,0.5950753150586593,0.0,0.7291069979379246,0.6120558812211518,0.4376883303187267,0.5524353895128251,0.0,0.9082835838050808,0.5830163267022872,0.0,0.2471066076757916,0.0,0.3849119629222772,0.3702633074809046,0.7571242766382055,0.5243906720875361,0.583838192108474,0.7134785200111534,0.6050495141053196,0.3027335692300227,0.2972606915042096,0.4259433026656442,0.0653739845532873,0.4078055299728401,0.0595429685065452,0.0,0.3216092469688089,0.217375640081169,0.3485275462111341,0.0,0.0,0.0,0.0,0.5191788517514319,0.3391582890677874,0.0,0.0,0.0,0.3468475723351112,0.0,0.0,0.0,0.0,0.0,0.0,0.0,0.0,0.6064572985371584,0.2273055881121861,0.0,0.4497930759448813,0.0,0.7190948350513569,0.6075308275958247,0.5651219864545551,0.388139481220102,0.0,0.3727293717728839,0.3792875585988801,0.619074328115483,0.1769515064646182,0.4165472004977923,0.0,0.5769371104935673
0.52201563121879,0.594690545056541,0.5806881366982501,0.0,0.0,0.6393115885588045,0.2500469004461919,0.6159990200312317,0.22821722941719,0.4491877039002219,0.2557958349955759,0.514147978538557,0.2546166902050157,0.2407532098519715,0.2297634886415828,0.1309291599526303,0.0,0.2668897992582772,0.6017624637366245,0.1367525478651344,0.1923222352179581,0.2471066076757916,0.0,0.4231023917351705,0.420295388539477,0.6116319909027658,0.2634832428708281,0.1388438119696099,0.1839770834731283,0.1818134445771622,0.0,0.0,0.4370699013922813,0.0816702197003721,0.0,0.2201591107933691,0.0846984592267092,0.096203360413491,0.0,0.5046913993594077,0.3424100813608629,0.0314403099823486,0.3684774689396233,0.1948602080247506,0.0,0.0,0.3490239591047571,0.3904105001415879,0.0,0.4396570126844258,0.7560683124060874,0.4982785547341305,0.7364952787135605,0.4191833967081652,0.0,0.3158126633844021,0.0,0.6286195280089609,0.0757009541318717,0.0797245764941962,0.0,0.0,0.0,0.3808490900043201,0.2501360503227596,0.2495944238636678,0.2217953755019407,0.908011321091093,0.0,0.3007596009372428,0.5356478283593438,0.2402204780405154,0.453394724742889,0.164518394547346,0.3128064643448703,0.0
0.4613420403327844,0.0,0.0,0.0,0.0,0.0,0.2399057957175407,0.2134294905040561,0.2684647301255687,0.4332622406407196,0.2151106044130137,0.5773999523198577,0.3570674770646934,0.0,0.3804285139474798,0.3101654852659635,0.3887801120278478,0.3134908001895796,0.0,0.0,0.4250403624895156,0.0,0.4231023917351705,0.0,0.2464517544763324,0.591244551607975,0.2758544578251911,0.4014332983620272,0.0,0.0,0.3635433271380364,0.3437489386571355,0.1872762329553865,0.2363439360767419,0.0,0.2751081578506957,0.0868904193021524,0.2154802114841372,0.3039405448561413,0.1391117904450795,0.2477248004800472,0.0,0.0,0.0,0.2842591160931634,0.295913067929856,0.0,0.0,0.0,0.0,0.0,0.0,0.0,0.0,0.2655019387695095,0.0,0.4692980156001867,0.0,0.0,0.0,0.1090368683491909,0.3435590903468825,0.1454231571753546,0.0,0.0,0.0,0.0,0.0,0.7300997543699376,0.2943195152817777,0.5702535293515419,0.0,0.3219115752242282,0.0,0.0,0.2920988067267085
0.4550367723676825,0.5840837622483543,0.0,0.0,0.1824824917416192,0.4053646134198302,0.5134061540042074,0.2659298881510714,0.4586470620689585,0.6005342023017751,0.0,0.288847930799992,0.2295406259725527,0.0,0.2394599533965121,0.3435474164825008,0.5128967162745035,0.4074416279708439,0.0,0.2184193014381733,0.2476135595680986,0.3849119629222772,0.420295388539477,0.2464517544763324,0.0,0.5176639479419445,0.4051666720443717,0.2169269221905514,0.4550431459658618,0.0,0.2630973902052079,0.2042617225345167,0.4653655035152826,0.1719372112505107,0.0,0.0,0.0,0.207864576285642,0.1298275723017369,0.49282063090044,0.451714501829414,0.2513029259436048,0.0,0.0,0.0,0.3657982014001771,0.43569068450674,0.0,0.0,0.0,0.0,0.0,0.0,0.0,0.476384310396183,0.0,0.2277533726641341,0.3930205993695939,0.0,0.1904064628278809,0.5078299680905491,0.3799388206810768,0.5921965144095586,0.0,0.435301775026424,0.2690118276273716,0.5277843830511363,0.4359350605020649,0.2745983697675427,0.7070388720796333,0.5529413076682095,0.0,0.0,0.6107966338155267,0.0,0.484872787021698
0.5060465123572842,0.7296345180021561,0.0,0.0,0.0,0.2595062285743511,0.286693297160205,0.3275017673305353,0.1138590514050207,0.751517906096421,0.1345087501486686,0.7851362481057216,0.1871843503193049,0.0,0.3568272607845643,0.3364061620052999,0.7208458475082737,0.6303606700148878,0.0,0.1837178947690704,0.0,0.3702633074809046,0.6116319909027658,0.591244551607975,0.5176639479419445,0.0,0.0995514057365239,0.1756051628029079,0.0273330975004612,0.0,0.2144850149021962,0.3163183492958923,0.2551429939367818,0.1789159572245076,0.0,0.0,0.0,0.0557307519677516,0.0609774290867079,0.3558017784637244,0.3961026421564227,0.1461752206077495,0.0,0.0,0.1920860200029681,0.3581297669192287,0.5552111746484201,0.0,0.0,0.0,0.4880449041042135,0.0,0.0,0.0,0.6969144428612057,0.0,0.709268725973064,0.6452867846045287,0.0,0.1230905775170441,0.3256301227486877,0.6773206406962959,0.3791401239997412,0.0,0.5245080135531668,0.1564844040949927,0.4920034186030531,0.5693876245475125,0.5900920800819801,0.5558195129402363,0.8777446221645694,0.2838664132555142,0.5697629760685214,0.0785535968731006,0.0,0.2954662990405316
0.5116350041214518,0.0,0.2701974939351631,0.0,0.4551042635532829,0.696181521226522,0.5681542814176322,0.0,0.759936393124973,0.2974774228719967,0.1631164428206312,0.0,0.4295082486876728,0.0,0.5054048775782228,0.4607110972606351,0.0,0.2537559828114403,0.5303805855660308,0.8000064168664449,0.5498573762397877,0.7571242766382055,0.2634832428708281,0.2758544578251911,0.4051666720443717,0.0995514057365239,0.0,0.2330034087109673,0.7448427341680055,0.4356141642835572,0.2957996551556088,0.0,0.3009343669543946,0.1564975940927849,0.0,0.4138859130269319,0.0,0.1291744684551754,0.0480687390242604,0.3122408289173071,0.214520597766597,0.0,0.0399282914411331,0.0,0.0,0.0,0.2099523044885997,0.0371648408307792,0.0,0.0684677210616558,0.3702573623659197,0.1987050902142506,0.0,0.6075407238870028,0.0,0.0,0.0,0.02274810600356,0.2597534507723936,0.4704255184378437,0.0,0.0,0.0,0.0547429963987946,0.4546796731173437,0.5329501390249215,0.2331576976684226,0.3906186798881075,0.0,0.0,0.0842440352266295,0.6789402438181419,0.0,0.4108856809721232,0.0,0.3259050075756605
0.344326910883308,0.059407139214835,0.566739184642067,0.4019406995585791,0.766570656263899,0.3386702867522833,0.1676625948431958,0.3579839771196793,0.4336743508309895,0.381526918402462,0.4963846478038189,0.3436410185470663,0.837163544085778,0.2327981998187406,0.4643268476599268,0.5684382364041208,0.4596376150143938,0.4905925470579553,0.479290198232679,0.5127713784462014,0.7610352333960911,0.5243906720875361,0.1388438119696099,0.4014332983620272,0.2169269221905514,0.1756051628029079,0.2330034087109673,0.0,0.4789870480156348,0.8212257016760092,0.6148430322359681,0.2085941644430587,0.079006863672232,0.3308174212668939,0.0,0.4985027406456679,0.5785780200562451,0.169577632076947,0.3335068808769847,0.1394562502263344,0.1998739939817296,0.0,0.0972156966747698,0.0,0.2415711319615797,0.0,0.0,0.6200813361808367,0.0,0.0,0.2256809480987444,0.0,0.3794499004187089,0.4976695881653323,0.1323449607400795,0.0,0.2490813736667544,0.4365214864537594,0.0,0.3485225548111682,0.0,0.0,0.0,0.0,0.3920087428590637,0.6719755604109294,0.3730484687430549,0.2560742048238006,0.0,0.0608091453967539,0.2903472770731661,0.1414054487288325,0.5787523399560172,0.4377597671797821,0.0,0.3871977318125387
0.6304483474795339,0.0,0.0,0.0,0.4053334635624059,0.6884306132032957,0.418683011055482,0.2086567640198215,0.5931537330420258,0.3048743562292794,0.0,0.0,0.52994718916037,0.0,0.4804274115393551,0.534034971463405,0.2494830390346026,0.2708943957019929,0.0,0.6254633336643334,0.7178304364434106,0.583838192108474,0.1839770834731283,0.0,0.4550431459658618,0.0273330975004612,0.7448427341680055,0.4789870480156348,0.0,0.5037841236946928,0.3080171542768859,0.0,0.3490384817848654,0.2169112452668771,0.0,0.4651247021700972,0.0,0.0,0.0,0.3369990970877919,0.317374887860677,0.0,0.2297344478606811,0.0,0.0,0.0,0.0,0.2974730553563023,0.0,0.0,0.309105679257351,0.1115774298039794,0.220075822545436,0.4021649178420986,0.0,0.0,0.0,0.2103519120370065,0.0,0.3478196181666344,0.0,0.0,0.0,0.0,0.3023713950193625,0.5947659239830453,0.1422951168932375,0.2325732295527801,0.0,0.0,0.0953123601886875,0.236601853322336,0.2588779729139954,0.6621022824149521,0.2090699339230877,0.3466787231673042
0.0,0.0,0.0,0.0,0.0,0.4109903491643595,0.0,0.243193234427861,0.4446594226568712,0.0,0.0,0.0,0.6579376302025957,0.0,0.0,0.5427593403995139,0.0,0.4501496873210372,0.0,0.6998168507960597,0.0,0.7134785200111534,0.1818134445771622,0.0,0.0,0.0,0.4356141642835572,0.8212257016760092,0.5037841236946928,0.0,0.654217903452044,0.1764278264534219,0.0,0.3466258042587308,0.0,0.0,0.0,0.0,0.0,0.0,0.0,0.0,0.0,0.0,0.0,0.0,0.0,0.0,0.0,0.0,0.0,0.0,0.0,0.0,0.0,0.0,0.0,0.0,0.0,0.0,0.0,0.0,0.0,0.0,0.5093093539530296,0.0,0.0,0.3241096431837648,0.0,0.0,0.0,0.2608647841737501,0.0,0.3910585766466299,0.0,0.0
0.2382705243584821,0.0,0.0617749952588056,0.2755286010388896,0.4263862698312464,0.0,0.3953124303124442,0.0,0.2613581319967241,0.3990684765418513,0.228554316764496,0.284770176992056,0.4121641688529956,0.0,0.4211901512416529,0.7100749165466231,0.4560068822980084,0.5410168363502554,0.1782640299783223,0.4947303024895632,0.3530250142413014,0.6050495141053196,0.0,0.3635433271380364,0.2630973902052079,0.2144850149021962,0.2957996551556088,0.6148430322359681,0.3080171542768859,0.654217903452044,0.0,0.3765977548665888,0.0258655129646237,0.4692081502344493,0.1341398827737814,0.0906190455748888,0.2014672920653148,0.0827079143052124,0.3674795093398236,0.0,0.1680023837177137,0.0,0.0,0.0,0.0,0.0,0.2841870216302575,0.0,0.0,0.0,0.0677279036474465,0.0,0.0460408185035085,0.0,0.1880270454000719,0.0,0.2235603787150211,0.0,0.0,0.3746234297631327,0.4561085379763434,0.3157970375662162,0.5616487274847485,0.0,0.4786565236225518,0.4459774405797735,0.5309585902558903,0.1103065402769589,0.2327524291673768,0.2691950498693068,0.3328405588837494,0.3611637692558797,0.2020966819307964,0.4456600764721652,0.0,0.7233377303881394
0.0411709425610308,0.3075776229770439,0.0,0.3864402218772682,0.1761719166831009,0.0,0.2901781428586494,0.0,0.023119014043644,0.238422905499777,0.1705076993596347,0.3155182730759065,0.1856068060853231,0.0,0.2264782501428047,0.2212971650999812,0.3088597896698483,0.308940857834416,0.0,0.1463827872558802,0.0,0.3027335692300227,0.0,0.3437489386571355,0.2042617225345167,0.3163183492958923,0.0,0.2085941644430587,0.0,0.1764278264534219,0.3765977548665888,0.0,0.0229833124835317,0.2189713206356665,0.2854684935004405,0.0,0.219993525882793,0.1580304840335405,0.6844782728743991,0.0,0.2875330159170199,0.2480597360767569,0.0,0.0,0.0815738924646383,0.0,0.3193821857452715,0.0,0.0,0.3142591874290354,0.0269131592618623,0.264282636079162,0.0,0.2332011284612777,0.195156285695367,0.0208092892154056,0.3668292659614126,0.0565152016700939,0.0,0.2942157386992981,0.1658360939084436,0.2468066997367965,0.2096155589249329,0.0168611690994779,0.4669910731462921,0.1413501183863577,0.455647854712277,0.1119077640470637,0.1508850010065321,0.1727953703946391,0.3097955181260325,0.4116790556671609,0.0189069402428628,0.1222627921740076,0.0,0.3929085041611213
0.464167172455013,0.2052991235765283,0.3563476527868594,0.0,0.0,0.4349699606890614,0.2069879539475237,0.3374957299941845,0.2346139907062452,0.1026798913013677,0.1638564023679134,0.0,0.1367720777490792,0.0,0.1486580064514263,0.1579928119596363,0.0589432867338908,0.0793958518304344,0.0,0.1861082610459855,0.3269952686409708,0.2972606915042096,0.4370699013922813,0.1872762329553865,0.4653655035152826,0.2551429939367818,0.3009343669543946,0.079006863672232,0.3490384817848654,0.0,0.0258655129646237,0.0229833124835317,0.0,0.0672500317518492,0.0,0.163261175677368,0.0,0.3173934980252475,0.0,0.5017873936294107,0.3781841588509692,0.1485966558799613,0.0,0.0,0.3385394687067012,0.4163950569695337,0.0381678547185009,0.0,0.0,0.0,0.0,0.0,0.0,0.0,0.096092821845382,0.0,0.0,0.0,0.0,0.1605221453372642,0.1676292841171957,0.0859873765791254,0.3219384219379209,0.0,0.1543790589036424,0.259704846012866,0.2230785342515442,0.4066732924785008,0.2554304780674859,0.2760703477603703,0.2791645604893569,0.2333716626844664,0.1694620764395059,0.0,0.0,0.2411654283607571
0.2452012373022832,0.0,0.0,0.1835180738687332,0.1381060771176749,0.036480426243715,0.0531269228421122,0.0,0.0,0.2924995325586387,0.0,0.173934446406512,0.1580413419790834,0.0705038497853304,0.267284327308176,0.4466239178021544,0.3807305846879261,0.3507542655369176,0.1527631181575378,0.2643749492298404,0.2407256019756839,0.4259433026656442,0.0816702197003721,0.2363439360767419,0.1719372112505107,0.1789159572245076,0.1564975940927849,0.3308174212668939,0.2169112452668771,0.3466258042587308,0.4692081502344493,0.2189713206356665,0.0672500317518492,0.0,0.1224355167682854,0.191445941152995,0.2214821942813981,0.1544099665551599,0.156497117331667,0.1052426343085604,0.326267606553694,0.0,0.0,0.0437659533863238,0.0801007088053832,0.2743192580447741,0.1888969875775275,0.0139366908772758,0.0,0.0,0.1412523337699511,0.1355417888153073,0.1273950708489717,0.064396074861159,0.1545955601988086,0.0,0.1556927967464937,0.1695123911915821,0.0,0.2901784946341186,0.3654268178925109,0.267822435653298,0.3715697010361956,0.0,0.2800532309669384,0.2806435634232718,0.3674133044925199,0.2178837023553136,0.2445513143343841,0.132737125744598,0.2831632371104844,0.1338348296668937,0.2269537972287122,0.2374917243125824,0.0,0.4431847719345932
0.0,0.0,0.0,0.111779670090139,0.0,0.0,0.0,0.0,0.0,0.0,0.0,0.0,0.0,0.0,0.0,0.1026720081763059,0.0,0.0340111023720888,0.0,0.0,0.0,0.0653739845532873,0.0,0.0,0.0,0.0,0.0,0.0,0.0,0.0,0.1341398827737814,0.2854684935004405,0.0,0.1224355167682854,0.0,0.0,0.0,0.0,0.2095750647746383,0.0,0.0719743818611934,0.1804389927302102,0.0,0.0,0.0,0.0,0.0519555563445936,0.0,0.0,0.0,0.0,0.0,0.0,0.0,0.0,0.0,0.0084162830257309,0.0,0.0,0.0722544130604413,0.0647976776969779,0.0,0.0,0.0,0.0,0.0,0.0836532534100355,0.0,0.0,0.0002801096081392,0.0,0.0350394388597376,0.0,0.0,0.0,0.0
0.0,0.0,0.3880323272224967,0.2215372432076327,0.482126369477426,0.6552184076553699,0.0,0.3787541343689737,0.3495970301299804,0.0285714530220524,0.0457132796509427,0.0,0.5474459495419156,0.2982923182066135,0.3964468848666361,0.0,0.0,0.0,0.4873871323439361,0.5183948830994779,0.0,0.4078055299728401,0.2201591107933691,0.2751081578506957,0.0,0.0,0.4138859130269319,0.4985027406456679,0.4651247021700972,0.0,0.0906190455748888,0.0,0.163261175677368,0.191445941152995,0.0,0.0,0.3047902239193714,0.2727123941274501,0.0338554373831912,0.0516019497926606,0.0105030683839734,0.0,0.6047436539192875,0.2486195222451038,0.1707017960802076,0.0,0.0,0.4286400554092918,0.0,0.1356713041027748,0.2508259233642032,0.0,0.314538977400444,0.2014619994773656,0.0,0.2977777112929771,0.0,0.1332333026318286,0.0,0.0,0.0,0.0,0.0,0.3817231688263945,0.119532712782109,0.0,0.0,0.2568682313627706,0.0,0.0,0.0,0.0497188975783052,0.167603225897213,0.1786764385524791,0.0,0.0
0.0,0.0,0.3167723922963854,0.2222324025910469,0.3373386927139796,0.0888444686884194,0.0,0.3873713328287082,0.0217890493988679,0.1052694593065528,0.2889648456444101,0.2072686771446119,0.3860633016989827,0.2851704153505001,0.0,0.0,0.0,0.0,0.1413517246966567,0.0481973186406173,0.0,0.0595429685065452,0.0846984592267092,0.0868904193021524,0.0,0.0,0.0,0.5785780200562451,0.0,0.0,0.2014672920653148,0.219993525882793,0.0,0.2214821942813981,0.0,0.3047902239193714,0.0,0.1231477878517543,0.3075321294796032,0.0,0.1973558913427411,0.0,0.2154016566188942,0.0,0.0,0.0,0.0,0.0,0.0,0.0,0.0,0.0,0.0,0.0,0.0,0.0,0.0,0.0,0.0,0.0,0.0,0.0,0.0,0.0,0.0,0.0,0.0,0.0846745796288093,0.0,0.0,0.0,0.0,0.0,0.0,0.0,0.0
0.1615384889517478,0.0,0.0,0.1700482014179912,0.1915664198426237,0.1082421364249186,0.1192555824468962,0.0,0.1307475713296997,0.0659046594381434,0.1355547155061419,0.0,0.1504960243118335,0.0,0.0,0.0,0.0714426555749575,0.0,0.1220446902696337,0.0,0.0,0.0,0.096203360413491,0.2154802114841372,0.207864576285642,0.0557307519677516,0.1291744684551754,0.169577632076947,0.0,0.0,0.0827079143052124,0.1580304840335405,0.3173934980252475,0.1544099665551599,0.0,0.2727123941274501,0.1231477878517543,0.0,0.2130571612222455,0.0801742312839122,0.2575959795440734,0.0072981375464326,0.0,0.0,0.4546191783636171,0.0,0.0,0.0,0.0,0.0,0.0,0.0,0.0,0.0,0.0,0.0,0.0,0.0,0.0,0.0,0.0,0.0,0.0,0.0,0.0,0.0,0.0,0.0,0.1015650512413313,0.042479176933266,0.0658667936886984,0.0,0.1333955456172281,0.0,0.0,0.0
0.0,0.1501282435971588,0.0,0.0,0.4407564618462924,0.0,0.1707079332163314,0.0,0.2588932698031157,0.0665151374557482,0.3487642444103551,0.1502669932113396,0.2994998229834389,0.0889259013137753,0.2133422304918306,0.1520620302032654,0.0,0.1670799996738192,0.0,0.2582017638057998,0.0995278965368106,0.3216092469688089,0.0,0.3039405448561413,0.1298275723017369,0.0609774290867079,0.0480687390242604,0.3335068808769847,0.0,0.0,0.3674795093398236,0.6844782728743991,0.0,0.156497117331667,0.2095750647746383,0.0338554373831912,0.3075321294796032,0.2130571612222455,0.0,0.0,0.1922038377392716,0.1659931261446508,0.0,0.0,0.0994433346617167,0.0,0.2441940387826583,0.0,0.0,0.2309405399630649,0.0132764699978803,0.1226930977826407,0.0,0.3240992281821371,0.0,0.2336336916674071,0.1544900380381189,0.0,0.0,0.3383689401801009,0.2236481195312434,0.0800245161031944,0.1497761334392163,0.1344172623016039,0.409195799750802,0.2335372349978834,0.4236986294820074,0.0171772371540655,0.0334029748215344,0.0815373751837324,0.1264666166728175,0.5562846281347862,0.0,0.2128682731728892,0.0435112943090027,0.3790403801685675
0.3268554294405921,0.4257358832957211,0.0,0.0,0.0,0.0,0.0,0.0,0.0,0.3614630777892434,0.0,0.2562914992869906,0.1703524086666811,0.0,0.0861499553536735,0.1773190820082908,0.2676764767824421,0.1423298431885401,0.0,0.0857200619638626,0.228092750667617,0.217375640081169,0.5046913993594077,0.1391117904450795,0.49282063090044,0.3558017784637244,0.3122408289173071,0.1394562502263344,0.3369990970877919,0.0,0.0,0.0,0.5017873936294107,0.1052426343085604,0.0,0.0516019497926606,0.0,0.0801742312839122,0.0,0.0,0.4281904192572454,0.0,0.1616396717561996,0.0,0.2822043644399888,0.3249713162911447,0.3190813707061668,0.2989968749508971,0.0,0.1957706996488722,0.3795872284391567,0.4129594952493538,0.3512118779514004,0.3755362276473047,0.3993264362592414,0.3049985929737684,0.2145064373541402,0.4371671846801286,0.0,0.0290176426535075,0.2842404818397905,0.349467082153245,0.2832280998967044,0.1552699158122301,0.1914758548204881,0.2377393996292493,0.2771443597474359,0.4411905545677447,0.3325257957524072,0.3444794789521891,0.4064763984614438,0.2134323926079732,0.3645772101836784,0.2910194289037462,0.0868232664177527,0.1191760989832185
0.3962474848541826,0.3809638733928184,0.2907364132129042,0.0,0.0,0.2332379087017796,0.2420740399262454,0.2684718456374317,0.1310729034001799,0.3145364506825558,0.0,0.2506572679616216,0.0919812622121137,0.0,0.2935601687289405,0.3325412317344903,0.0,0.3179409350459124,0.0,0.1635332317715941,0.246590583030888,0.3485275462111341,0.3424100813608629,0.2477248004800472,0.451714501829414,0.3961026421564227,0.214520597766597,0.1998739939817296,0.317374887860677,0.0,0.1680023837177137,0.2875330159170199,0.3781841588509692,0.326267606553694,0.0719743818611934,0.0105030683839734,0.1973558913427411,0.2575959795440734,0.1922038377392716,0.4281904192572454,0.0,0.1060046814875257,0.0162060401696511,0.0,0.2284944683994994,0.2780906804063926,0.3228740257131501,0.1523402959877512,0.2965329801903473,0.3003403399569309,0.4564264166945122,0.400862065994916,0.4339889072546648,0.2862460209337474,0.3926265933926253,0.1320618732187164,0.2759514505215769,0.3680620206287332,0.0,0.2170034656166325,0.376999337198276,0.423090976797348,0.4874851040165546,0.2757019736041428,0.3815558766718085,0.2724946635100914,0.4768829108723875,0.4343303680608625,0.3228719324556409,0.3909844563986727,0.537702662408905,0.2821891241062507,0.4013108710051886,0.456338596632698,0.2877530276920215,0.4490326909896112
0.0,0.2951875120741979,0.0,0.0,0.0,0.0,0.0,0.0,0.0,0.0,0.0,0.0704795513002709,0.0,0.0,0.0,0.0,0.0,0.0,0.0,0.0,0.0,0.0,0.0314403099823486,0.0,0.2513029259436048,0.1461752206077495,0.0,0.0,0.0,0.0,0.0,0.2480597360767569,0.1485966558799613,0.0,0.1804389927302102,0.0,0.0,0.0072981375464326,0.1659931261446508,0.0,0.1060046814875257,0.0,0.0,0.0,0.0946011795790678,0.0,0.1501538928416405,0.0,0.0834730577337825,0.0515653021766807,0.0281787760614585,0.2735561980936707,0.0,0.0532346285134463,0.1339649447819212,0.0,0.1070873794229057,0.0,0.0,0.0,0.2070632433525936,0.0901233856628794,0.1682628415640266,0.0,0.0,0.0,0.2543127798344833,0.0,0.0159514345999275,0.2249905306017216,0.1527795125284093,0.2208221737377398,0.0225881849948392,0.2177887608390744,0.0,0.2963449743755289
0.0,0.0,0.3618518152794644,0.0,0.0,0.5424500924975683,0.0,0.5941420905844194,0.0,0.0,0.0,0.0,0.1932032836081965,0.3866939907352114,0.0794185561726042,0.0,0.0,0.0,0.4056388234063736,0.0706699634487527,0.0,0.0,0.3684774689396233,0.0,0.0,0.0,0.0399282914411331,0.0972156966747698,0.2297344478606811,0.0,0.0,0.0,0.0,0.0,0.0,0.6047436539192875,0.2154016566188942,0.0,0.0,0.1616396717561996,0.0162060401696511,0.0,0.0,0.4442823669491875,0.115250208336128,0.0,0.0,0.4241839110783081,0.2876682825014813,0.0663041837955079,0.3248231211512313,0.0,0.4130644645872868,0.0,0.0,0.2498802464661296,0.0,0.2442323671600407,0.2507099522418968,0.0796001347907154,0.0,0.0,0.0,0.3569526848168535,0.0,0.1301859454222132,0.0,0.2311595484190407,0.168112289644709,0.0,0.0,0.0,0.2339420585720803,0.0,0.0,0.0
