0.0,0.2223712889755306,0.0,0.0,0.0,0.6251523811947016,0.0,0.3935185230107076,0.0,0.4630669536735509,0.0,0.3062675046844108,0.0,0.0,0.5400676143429428,0.4345763012275882,0.3682834134456149,0.3887767044671265,0.0,0.5155241070370118,0.6010103424774793,0.5738975107508457,0.5229526152113142,0.4569076545828517,0.4531785933293884,0.4987847644560214,0.5088984274758248,0.3504072359855914,0.6147030926870055,0.0,0.2278684752811975,0.0262026348241991,0.4482846428339329,0.2390272561018615,0.0,0.0,0.0,0.0,0.0,0.3325382398393229,0.4124424905724647,0.0,0.0,0.0,0.0,0.8449634773992352,0.1819111058475909,0.0,0.0,0.0,0.0,0.0,0.0,0.0,0.3576871043654659,0.0,0.0,0.0,0.0,0.0,0.1897055309291492,0.0,0.4697998261513197,0.0,0.0,0.606191524395173,0.3066156958298699,0.0,0.608953664769296,0.4487236569539787,0.5564783978033452,0.0,0.0,0.0,0.0,0.0
0.2223712889755306,0.0,0.0,0.0,0.0,0.2532769808277191,0.2721586271307381,0.4216756057556881,0.11143123969546,0.0,0.0,0.0,0.1152645088970467,0.0,0.0,0.0,0.0,0.3032225432625374,0.0,0.0,0.0,0.0689577889382268,0.5907198020028747,0.0,0.5790776926978428,0.7238397605745461,0.0,0.0660304192684137,0.0,0.0,0.0,0.2931934867984309,0.2047573661493054,0.0,0.0,0.0,0.0,0.0,0.1512887675597185,0.443266802012804,0.4091480793817317,0.3024573641441705,0.0,0.0,0.0,0.0471867512108083,0.6323329674466857,0.0,0.0,0.0,0.0,0.0,0.0,0.0,0.0,0.0,0.0,0.0,0.0,0.0,0.2696220976289541,0.0,0.1471498036109567,0.0,0.2667457665889111,0.0,0.3785749904881532,0.513875312009909,0.0,0.5220565351426073,0.6801206403751238,0.2811239900142941,0.0,0.0870817002738489,0.0,0.1047640320178337
0.0,0.0,0.0,0.0,0.4154240808355726,0.6096609098469192,0.1812777551897778,0.7723304377322893,0.5417217014942582,0.3487809645743268,0.656760056266638,0.0,0.457760296111391,0.2910959766453641,0.0,0.0,0.0,0.0,0.7376046106734533,0.0,0.0,0.0,0.5749732669667481,0.0,0.0,0.0,0.2489717493246912,0.5608595069217006,0.0,0.4152424697571017,0.059908396110094,0.0,0.0,0.0,0.0,0.3533840524529876,0.2932295367278853,0.0,0.0,0.0,0.0,0.0,0.3612868608693458,0.0,0.0,0.0,0.0,0.8632436872667066,0.0,0.4006975581330007,0.5678239696423043,0.0,0.6741881608543056,0.5945446493490378,0.0,0.7427305231931126,0.0,0.0,0.0,0.0,0.0,0.0,0.0,0.6848518310077559,0.0,0.0,0.0,0.5477672468346088,0.0,0.0,0.0,0.2019684993826316,0.0,0.0,0.0,0.0
0.0,0.0,0.0,0.0,0.4722327969546098,0.0,0.1455647255008843,0.0,0.0356843462384426,0.2265483250631,0.2191485925052644,0.0,0.4185061331254484,0.2024347267865415,0.0,0.0,0.0,0.0,0.0,0.0,0.0,0.0,0.0,0.0,0.0,0.0,0.0,0.4028369746624148,0.0,0.0,0.0,0.3859631427024839,0.0,0.1847284635882767,0.1089849045796193,0.2263657282056048,0.2240929723538314,0.0,0.0,0.0,0.0,0.0,0.0,0.0,0.0,0.0,0.0,0.0,0.0,0.0,0.0,0.0,0.0,0.0,0.0,0.0,0.0,0.0,0.0,0.0,0.0,0.0,0.0,0.0,0.0,0.0,0.0,0.0,0.0,0.0,0.0,0.0,0.0,0.0,0.0,0.0
0.0,0.0,0.4154240808355726,0.4722327969546098,0.0,0.2968080519956979,0.3754459958150675,0.0673981015870997,0.6464780254924053,0.2529586600215042,0.6164129862266805,0.1850510568208451,0.7645525379217251,0.1592204853115016,0.0,0.0,0.0,0.0,0.2878007580322055,0.5426827191482759,0.0,0.4854519170586977,0.0,0.0,0.1845675595592557,0.0,0.439775811929103,0.7495216308287568,0.3942275557557222,0.0,0.4234601617020877,0.1746433594241341,0.0,0.1426337074172156,0.0,0.4652275312129077,0.3310222404479329,0.2038887785687609,0.0,0.0,0.0,0.0,0.0,0.0,0.0,0.0,0.0,0.4606724820352787,0.0,0.0,0.0,0.0,0.0830410201286891,0.4956846330435094,0.0,0.5556743433097567,0.0,0.0,0.0,0.0,0.0,0.0,0.0,0.0,0.0,0.0,0.0,0.1617078031893451,0.0,0.0,0.0,0.3611073448675467,0.0,0.0,0.0,0.0
0.6251523811947016,0.2532769808277191,0.6096609098469192,0.0,0.2968080519956979,0.0,0.3100074534517013,0.496657777415085,0.5676585777592545,0.2740959627338143,0.1775702553952314,0.0,0.5316942660824968,0.1374124160173002,0.4649891369264797,0.2360608579728035,0.0,0.179531257280067,0.749742334950034,0.5847392499090655,0.6229504535001302,0.5204109715844669,0.6250745012173248,0.0,0.407050051526835,0.261826509366551,0.6815011662897804,0.336840598627394,0.6739878288675666,0.3912435613631988,0.0,0.0,0.4292230163225708,0.0378753420686345,0.0,0.6027452175958301,0.086538410720291,0.0,0.0,0.0,0.2422775591235429,0.0,0.5327849971488697,0.0,0.0,0.0,0.0,0.3984024353510477,0.0,0.0,0.6534420193085315,0.1341839242830743,0.4937534549761533,0.4607797311803048,0.0,0.2275979190974998,0.0,0.3996571508444969,0.0,0.2685011783374056,0.0,0.0,0.0,0.3664227998489127,0.2644253436990685,0.4805906777148249,0.0418538737090037,0.6168373328812018,0.0,0.0,0.0,0.2595628174575123,0.2521031672492348,0.270328514508634,0.0,0.0
0.0,0.2721586271307381,0.1812777551897778,0.1455647255008843,0.3754459958150675,0.3100074534517013,0.0,0.0,0.5118361759039809,0.4459003220413144,0.3272888330790692,0.2472422077305915,0.3142701454036561,0.0,0.0,0.4457746994483972,0.3503629257915124,0.3760549416669093,0.2634370252888756,0.3966304215554195,0.0,0.5078534920812753,0.238081736365413,0.2392371428181702,0.5329860863925588,0.2983495196394838,0.5582062451253472,0.1721954821569415,0.4109129577135612,0.0,0.3957206167553129,0.2876476000524277,0.2049341080880487,0.0531563399962286,0.0,0.0,0.0,0.128547883670487,0.0,0.0,0.0,0.0,0.0,0.0,0.0,0.0,0.0,0.0,0.0,0.0,0.3230496170316027,0.0,0.0,0.0,0.0,0.0,0.0,0.0,0.0,0.0,0.0,0.0,0.0,0.0,0.0,0.0,0.0,0.3653580449473373,0.0,0.0,0.0,0.4966547415193589,0.0,0.0,0.0,0.0
0.3935185230107076,0.4216756057556881,0.7723304377322893,0.0,0.0673981015870997,0.496657777415085,0.0,0.0,0.0738541563582706,0.2236801697763186,0.317747830555623,0.0,0.2569121224976691,0.4388407537776205,0.1579787927398729,0.0,0.0,0.0245030062064711,0.6117648952924464,0.0,0.3304612187248125,0.0,0.60584587756763,0.1984818968907056,0.2693881147011944,0.3263113255617609,0.0,0.3769459132428146,0.1915686318960203,0.2319333314210697,0.0,0.0,0.3321017740647555,0.0,0.0,0.3752427308639064,0.4140889049738978,0.0,0.0,0.0,0.2751939425047557,0.0,0.5935067334141362,0.0,0.0,0.0,0.0,0.783107667717936,0.0,0.4168392972728207,0.5225324515335473,0.2045925916167929,0.8195394742530627,0.1997874248974835,0.0,0.6382795379123072,0.0,0.5884954019638922,0.0,0.0,0.0,0.0,0.0,0.7076779101556855,0.0610875553785562,0.2697168543190529,0.0,0.4782889598705012,0.0,0.0,0.0,0.0,0.7053615130244228,0.1939662519040926,0.0,0.0
0.0,0.11143123969546,0.5417217014942582,0.0356843462384426,0.6464780254924053,0.5676585777592545,0.5118361759039809,0.0738541563582706,0.0,0.3041078740921745,0.6400226616623563,0.1162468429931943,0.640739779499802,0.0,0.0,0.3593888273497895,0.0,0.0,0.5619442427444772,0.6890579460565394,0.0,0.6344574129622296,0.2143609822920288,0.0,0.0,0.0,0.7437398391806062,0.4377149674068329,0.5954045907792617,0.4359921001717096,0.2648552275861205,0.0180900453042863,0.2375025370613901,0.0,0.0,0.3210766594182986,0.0155342243554486,0.1483225219367193,0.2573722062553239,0.0,0.0,0.0,0.0,0.0,0.0,0.0,0.0,0.4217141515389788,0.0,0.0,0.2837166900611514,0.0,0.0697339131585783,0.8259747606750459,0.0,0.4102480984500101,0.0,0.0,0.0,0.0,0.0,0.0,0.0,0.2697413410565401,0.0,0.0,0.0,0.3333790459653378,0.0,0.0,0.0,0.6442436092068112,0.0,0.0,0.0,0.0
0.4630669536735509,0.0,0.3487809645743268,0.2265483250631,0.2529586600215042,0.2740959627338143,0.4459003220413144,0.2236801697763186,0.3041078740921745,0.0,0.2778857473960269,0.7564728797365634,0.3258702278358987,0.0,0.0,0.5051496305661407,0.8440363104713146,0.6775859602760873,0.3697621885711216,0.0,0.0,0.4410381480657128,0.4468594480231541,0.4069688670029876,0.5930870045622725,0.7460273336533784,0.2996210597130334,0.3823281274343233,0.0,0.0,0.3949361236612277,0.2268963498848785,0.1078365481375188,0.3037141435148167,0.0,0.0226409799081446,0.1072745955800275,0.0817016181128491,0.0669179046907078,0.3635151962747415,0.3052863641077988,0.0,0.0,0.0,0.1648587611349076,0.0,0.0,0.0,0.0,0.0,0.0,0.0,0.0,0.0,0.7327078278587464,0.0,0.6213171465367495,0.0,0.0,0.0,0.0,0.6655078907595706,0.4365134109098306,0.0,0.0,0.0,0.0,0.0,0.4972653927191171,0.5100717662302401,0.6813162526792049,0.0,0.5448809389821403,0.0,0.0,0.3334797842522072
0.0,0.0,0.656760056266638,0.2191485925052644,0.6164129862266805,0.1775702553952314,0.3272888330790692,0.317747830555623,0.6400226616623563,0.2778857473960269,0.0,0.2706243182772193,0.4740203982346427,0.2503675186603406,0.0,0.0,0.0,0.0,0.326412162782933,0.0,0.0,0.0,0.2524100671776715,0.0,0.0,0.0,0.1555633151795676,0.4919592575612009,0.0,0.0,0.228833507438591,0.157980706199686,0.1692722524712495,0.0,0.0,0.0276732039122633,0.2743543540567787,0.1444045609935339,0.3563544707513683,0.0,0.0,0.0,0.0,0.0,0.0,0.0,0.0,0.6118095308571472,0.0,0.3269010603601384,0.3153143953292009,0.3605034982160156,0.2811295109803104,0.6013458882892079,0.0,0.7720548748669751,0.0,0.3152684048819519,0.0,0.0,0.0,0.0,0.0,0.3377671285771778,0.0,0.0,0.0,0.3175983456962377,0.0,0.0,0.0,0.3805470840751364,0.0,0.0,0.0,0.0
0.3062675046844108,0.0,0.0,0.0,0.1850510568208451,0.0,0.2472422077305915,0.0,0.1162468429931943,0.7564728797365634,0.2706243182772193,0.0,0.2524153005259285,0.0,0.0,0.0,0.7377582160594238,0.5965788236940928,0.0,0.0,0.0,0.0,0.0,0.5613660765278319,0.2809414035028703,0.7654490004138971,0.0,0.3393049879540257,0.0,0.0,0.2837190661974975,0.3062911053071901,0.0,0.1951578918874377,0.0,0.0,0.2073599995479089,0.0,0.1588716884114587,0.2651441823761961,0.2482706210548693,0.0,0.0,0.0,0.194082163119105,0.0,0.0,0.0,0.0,0.0,0.0,0.0,0.0,0.0,0.7173767940961272,0.0,0.9063509538599988,0.0,0.0,0.0,0.0,0.6986583479097148,0.2483689337094478,0.0,0.0,0.0,0.0,0.0,0.597270700815356,0.3634690673263545,0.7111697493426618,0.0,0.0,0.0,0.0,0.1895737264605031
0.0,0.1152645088970467,0.457760296111391,0.4185061331254484,0.7645525379217251,0.5316942660824968,0.3142701454036561,0.2569121224976691,0.640739779499802,0.3258702278358987,0.4740203982346427,0.2524153005259285,0.0,0.1292339248460164,0.4442681162602945,0.5716127376247525,0.4426903233538545,0.5394895773130367,0.4483316676237245,0.6259132419429709,0.7750085248024192,0.5910741811835046,0.2339310346638335,0.3521349376321567,0.2410825692117513,0.2061666490864446,0.4215271185890903,0.8270200099355383,0.5225229490807068,0.6295652860098624,0.40296599694538,0.1645299649567264,0.1344891491757532,0.1541382312601767,0.0,0.5143955260500136,0.3826085155476862,0.1533156465507323,0.2990093372161965,0.0,0.0,0.0,0.1908089498052998,0.0,0.0,0.0,0.0,0.4733663886759384,0.0,0.0,0.2501447635825891,0.0,0.2387755486042645,0.0,0.0,0.0,0.0,0.0,0.0,0.0,0.0,0.0,0.0,0.0,0.0,0.0,0.0,0.3059191389712997,0.0,0.0,0.0,0.281360259328396,0.0,0.3110971255527047,0.0,0.0
0.0,0.0,0.2910959766453641,0.2024347267865415,0.1592204853115016,0.1374124160173002,0.0,0.4388407537776205,0.0,0.0,0.2503675186603406,0.0,0.1292339248460164,0.0,0.0,0.0,0.0,0.0,0.1214907422768668,0.0,0.1703660256870197,0.0,0.2344624046590736,0.0,0.0,0.0,0.0,0.2440750091980092,0.0,0.0,0.0,0.0,0.0,0.0779887428340762,0.0,0.2917226967236657,0.2842762681458652,0.0,0.0,0.0,0.0,0.0,0.3793259576380446,0.0,0.0,0.0,0.0,0.3553409381962165,0.0,0.0,0.0,0.0,0.0,0.0,0.0,0.4269468088420338,0.0,0.0,0.0,0.0,0.0,0.0,0.0,0.0,0.0,0.0,0.0,0.1675054525924537,0.0,0.0,0.0,0.0,0.0,0.0,0.0,0.0
0.5400676143429428,0.0,0.0,0.0,0.0,0.4649891369264797,0.0,0.1579787927398729,0.0,0.0,0.0,0.0,0.4442681162602945,0.0,0.0,0.3793667270634612,0.0,0.4812223899544661,0.0,0.7740300903430428,0.4474149794901095,0.7150890885697795,0.2250010069392058,0.3698734358629509,0.2448315548204382,0.353254100520008,0.4958229096778996,0.4658932077049965,0.4735425970013032,0.0,0.4234825020086012,0.2177505619182484,0.1475533868689845,0.2716130539744609,0.0,0.3803318378521965,0.0,0.0,0.20931729144702,0.0971729690336572,0.3341360380625149,0.0,0.0,0.0,0.0,0.0,0.1073061675037302,0.0,0.0,0.0,0.2826633933920956,0.0,0.2465316675045057,0.0,0.0,0.0,0.0,0.0,0.0,0.7415948863265941,0.1168710600157179,0.0,0.0,0.0,0.7194420107730235,0.4692061755335638,0.5002003265837934,0.2848747232948065,0.0,0.0,0.3616937725681544,0.3658943497822167,0.3225093064375595,0.2623705175224561,0.0,0.3306478912160668
0.4345763012275882,0.0,0.0,0.0,0.0,0.2360608579728035,0.4457746994483972,0.0,0.3593888273497895,0.5051496305661407,0.0,0.0,0.5716127376247525,0.0,0.3793667270634612,0.0,0.6071659504214086,0.6988527305116762,0.0,0.504875006520953,0.5003800783755508,0.6186064381643042,0.1316750793741371,0.2871196118978333,0.3340949577952955,0.317276058575147,0.4708215208469556,0.5705388801356216,0.5523089588633405,0.5524125797115508,0.709465465787631,0.2087063374254627,0.1496509833435469,0.4695565021349379,0.115256039845558,0.0,0.0,0.0,0.1488754203001759,0.1730350876935243,0.3479479241195821,0.0,0.0,0.0,0.0,0.4167395825332679,0.2687305851981485,0.0,0.0,0.0,0.0,0.0,0.0,0.0,0.0,0.0,0.0,0.0,0.0,0.2938484064835796,0.3942242655638686,0.0,0.6039507866941133,0.0,0.3253737708218118,0.4726294101573832,0.3125298506383744,0.0,0.0,0.2445253134598274,0.2981124968604056,0.0,0.0,0.0,0.0,0.6166763826158107
0.3682834134456149,0.0,0.0,0.0,0.0,0.0,0.3503629257915124,0.0,0.0,0.8440363104713146,0.0,0.7377582160594238,0.4426903233538545,0.0,0.0,0.6071659504214086,0.0,0.8144092157881511,0.0,0.3387469495142584,0.0,0.4538198757280524,0.0,0.3701783888941156,0.5113325900630439,0.712686142087881,0.0,0.4621751880400897,0.0,0.0,0.467400976279075,0.2976875066467522,0.058422778654643,0.411452244153332,0.0,0.0,0.0,0.0851870277048812,0.0,0.2760309359368845,0.2662279927144986,0.0,0.0,0.0,0.0,0.0,0.0,0.0,0.0,0.0,0.0,0.0,0.0,0.0,0.559417789168506,0.0,0.5535037136936268,0.0,0.0,0.0,0.0,0.6150195690407588,0.4651598821715947,0.0,0.0,0.0,0.0,0.0,0.3654368479278137,0.3459846520768108,0.5802310769085481,0.0,0.0,0.0,0.0,0.0
0.3887767044671265,0.3032225432625374,0.0,0.0,0.0,0.179531257280067,0.3760549416669093,0.0245030062064711,0.0,0.6775859602760873,0.0,0.5965788236940928,0.5394895773130367,0.0,0.4812223899544661,0.6988527305116762,0.8144092157881511,0.0,0.0,0.4558097380650898,0.2324047837160543,0.5701634524896249,0.2741305618838833,0.3045604687018485,0.3957439477905736,0.6218616259304394,0.2700904815531431,0.4961063186867684,0.2916176461788483,0.0,0.5399905264873741,0.2955128982605675,0.0830647658916795,0.3648170284449992,0.0374836780634316,0.0,0.0,0.0,0.1694453783809971,0.1471566861097168,0.3247430798633796,0.0,0.0,0.0,0.0,0.3718096390666545,0.2922727063353268,0.0,0.0,0.0,0.0,0.0,0.0,0.0,0.422050172509111,0.0,0.4612191960548648,0.0,0.0,0.0,0.4443572118772144,0.5876064609056789,0.6103413235311504,0.0,0.0,0.0,0.4951498107971941,0.0,0.3213946561592087,0.3479590190802654,0.5050958774795719,0.0,0.0,0.0,0.0,0.463218312766793
0.0,0.0,0.7376046106734533,0.0,0.2878007580322055,0.749742334950034,0.2634370252888756,0.6117648952924464,0.5619442427444772,0.3697621885711216,0.326412162782933,0.0,0.4483316676237245,0.1214907422768668,0.0,0.0,0.0,0.0,0.0,0.0,0.0,0.0,0.590206023495272,0.0,0.0,0.0,0.507308175745206,0.4772113990881453,0.0,0.0,0.1742669059497642,0.0,0.0,0.15663043475238,0.0,0.4532708748043402,0.1286137078885621,0.0,0.0,0.0,0.0,0.0,0.4040754640232834,0.0,0.0,0.0,0.0,0.615861691001791,0.0,0.0,0.6382239942815777,0.0,0.601036520592812,0.6547368587548235,0.0,0.3888240074533673,0.0,0.0,0.0709058923667812,0.0,0.0,0.0,0.0,0.6782228739960202,0.0,0.0,0.0,0.5929581858547018,0.0,0.0,0.0,0.305357565343198,0.0,0.0,0.0,0.0
0.5155241070370118,0.0,0.0,0.0,0.5426827191482759,0.5847392499090655,0.3966304215554195,0.0,0.6890579460565394,0.0,0.0,0.0,0.6259132419429709,0.0,0.7740300903430428,0.504875006520953,0.3387469495142584,0.4558097380650898,0.0,0.0,0.6287822061671486,0.8951312497138647,0.133928988611911,0.0,0.235901899449364,0.1859230621923396,0.7894664346997158,0.5148316315452878,0.6239641660846701,0.6820887761447189,0.4991982866914072,0.1361411776225893,0.1946483708309366,0.2833328513121492,0.0,0.4948433692267156,0.0445122175838464,0.0,0.2577736096488904,0.1022133936406914,0.1883513053134644,0.0,0.0,0.0,0.0,0.0,0.1193209712494577,0.0,0.0,0.0,0.2158357854309293,0.0,0.1037324075358902,0.0,0.0,0.0,0.0,0.0,0.0,0.6730394357880612,0.0,0.0,0.0,0.0,0.6967493844220024,0.6125334628530634,0.3828544059160386,0.2779853396532704,0.0,0.0,0.1719303813800864,0.5381849893303126,0.0454451324241704,0.2966983513312904,0.0,0.3803573199456772
0.6010103424774793,0.0,0.0,0.0,0.0,0.6229504535001302,0.0,0.3304612187248125,0.0,0.0,0.0,0.0,0.7750085248024192,0.1703660256870197,0.4474149794901095,0.5003800783755508,0.0,0.2324047837160543,0.0,0.6287822061671486,0.0,0.5858046453020614,0.1666748741584133,0.3997465468496403,0.2598694772376311,0.0,0.5440599232184654,0.770931435474567,0.7074183642312021,0.6833902297902538,0.3374467344242569,0.0,0.3095416941911802,0.2350077838966272,0.0,0.655771327796982,0.0,0.0,0.0851118078049982,0.2256434519806914,0.2745107740340458,0.0,0.0,0.0,0.0,0.5233268963465472,0.082058190324915,0.0,0.0,0.0,0.3356024659397141,0.0,0.337574190817936,0.0,0.0,0.0,0.0,0.0,0.0,0.2645888615638899,0.0703035423384604,0.0,0.0,0.0,0.2284679652233998,0.7600438306823449,0.1047493358556217,0.2946070053532644,0.0,0.0,0.1430280924301067,0.2113402827319868,0.2941037711173564,0.469483401866069,0.0,0.2743890681756268
0.5738975107508457,0.0689577889382268,0.0,0.0,0.4854519170586977,0.5204109715844669,0.5078534920812753,0.0,0.6344574129622296,0.4410381480657128,0.0,0.0,0.5910741811835046,0.0,0.7150890885697795,0.6186064381643042,0.4538198757280524,0.5701634524896249,0.0,0.8951312497138647,0.5858046453020614,0.0,0.2375345308093091,0.0,0.3903803415161082,0.3656006899292722,0.7469613074567998,0.5269246034486152,0.5842167468839232,0.6888659914166919,0.6024469681701669,0.2883777093540504,0.2945545223132153,0.4507140794438454,0.079590881407577,0.3949676586510744,0.0490075573325849,0.0,0.3191058639903861,0.2292314909523551,0.3851313052740236,0.0,0.0,0.0,0.0,0.5347347694232405,0.3293775944001779,0.0,0.0,0.0,0.3500648553568165,0.0,0.0,0.0,0.0,0.0,0.0,0.0,0.0,0.5907616889308304,0.2323672770899651,0.0,0.4522448533304316,0.0,0.7051833214678275,0.6104327235893593,0.5608689381440969,0.3886113283720417,0.0,0.3655660944885485,0.3682631594754425,0.6122737418815368,0.0,0.4145007676942081,0.0,0.5752534504072028
0.5229526152113142,0.5907198020028747,0.5749732669667481,0.0,0.0,0.6250745012173248,0.238081736365413,0.60584587756763,0.2143609822920288,0.4468594480231541,0.2524100671776715,0.0,0.2339310346638335,0.2344624046590736,0.2250010069392058,0.1316750793741371,0.0,0.2741305618838833,0.590206023495272,0.133928988611911,0.1666748741584133,0.2375345308093091,0.0,0.4063165821809144,0.4179834067691952,0.6083865671509775,0.2533578155018362,0.1406197295840973,0.1628494630763601,0.1709986707701501,0.0,0.0,0.4257905880598244,0.0806543619777846,0.0,0.2053091416788579,0.092919201668575,0.0,0.0,0.5223434606643892,0.3592324338076844,0.0308659390598221,0.3699663413461489,0.0,0.0,0.0,0.3423271975810201,0.3789906191136618,0.0,0.4269452450972131,0.7439101106772005,0.4885381694025408,0.7209771587684514,0.4106102237591828,0.0,0.3032349622167247,0.0,0.6228212282591156,0.0762553951262199,0.0686307979009352,0.0,0.0,0.0,0.363515995716071,0.2406428839652057,0.2323215687727425,0.2195413028881611,0.8934230250097683,0.0,0.0,0.5203969108248192,0.2282106396004119,0.4523312171013652,0.154445919770167,0.2825383906913637,0.0
0.4569076545828517,0.0,0.0,0.0,0.0,0.0,0.2392371428181702,0.1984818968907056,0.0,0.4069688670029876,0.0,0.5613660765278319,0.3521349376321567,0.0,0.3698734358629509,0.2871196118978333,0.3701783888941156,0.3045604687018485,0.0,0.0,0.3997465468496403,0.0,0.4063165821809144,0.0,0.2370148564389874,0.5768398023602915,0.2668374202316092,0.3844045761893521,0.0,0.0,0.33950101142177,0.3534388728912295,0.1913915931184127,0.2387597570349242,0.0,0.2679865374061002,0.0,0.2250325701133019,0.3174212155702278,0.1496747413056327,0.2447907727580651,0.0,0.0,0.0,0.2891187373456058,0.2906227111652307,0.0,0.0,0.0,0.0,0.0,0.0,0.0,0.0,0.245551416148828,0.0,0.4533869187707072,0.0,0.0,0.0,0.1076493397735947,0.315271949686505,0.1394298718505636,0.0,0.0,0.0,0.0,0.0,0.7275170491039628,0.2775498359589178,0.5572865735166674,0.0,0.0,0.0,0.0,0.2924117292609208
0.4531785933293884,0.5790776926978428,0.0,0.0,0.1845675595592557,0.407050051526835,0.5329860863925588,0.2693881147011944,0.0,0.5930870045622725,0.0,0.2809414035028703,0.2410825692117513,0.0,0.2448315548204382,0.3340949577952955,0.5113325900630439,0.3957439477905736,0.0,0.235901899449364,0.2598694772376311,0.3903803415161082,0.4179834067691952,0.2370148564389874,0.0,0.510409351248565,0.4129621124690079,0.235008313706216,0.4752297471363089,0.0,0.2662878607204709,0.1937201393646603,0.4624789319825592,0.1865831685244157,0.0,0.0,0.0,0.2245834035573101,0.1296334598550231,0.4965117732272071,0.4529048146587756,0.2519706260211603,0.0,0.0,0.0,0.3727793615910776,0.4282146967670762,0.0,0.0,0.0,0.0,0.0,0.0,0.0,0.4567767059123778,0.0,0.2121709555767969,0.0,0.0,0.0,0.4997465530522565,0.3535509558844786,0.5780719320128367,0.0,0.4457937004437986,0.2715390858837963,0.533085758137555,0.0,0.2639512428552894,0.695173515024751,0.5359041014012369,0.0,0.0,0.0,0.0,0.468313043692351
0.4987847644560214,0.7238397605745461,0.0,0.0,0.0,0.261826509366551,0.2983495196394838,0.3263113255617609,0.0,0.7460273336533784,0.0,0.7654490004138971,0.2061666490864446,0.0,0.353254100520008,0.317276058575147,0.712686142087881,0.6218616259304394,0.0,0.1859230621923396,0.0,0.3656006899292722,0.6083865671509775,0.5768398023602915,0.510409351248565,0.0,0.0951278866590318,0.1800844622276207,0.0284821189808435,0.0,0.2086332957574999,0.3155572902116552,0.2525764889900217,0.1968712281043547,0.0,0.0,0.0,0.0679594077615128,0.0689905579646816,0.3623614111377718,0.4010330238645372,0.1483871305281497,0.0,0.0,0.2047105755888952,0.3562506354358155,0.5444574976184535,0.0,0.0,0.0,0.0,0.0,0.0,0.0,0.6743533267733374,0.0,0.6934658025218015,0.0,0.0,0.1086648970122167,0.3165681042700205,0.6626675853965318,0.3540279103171634,0.0,0.519600322285985,0.1494764836658171,0.4858146622340992,0.5683686790314864,0.5811141919795731,0.5432000610785656,0.8599358546988267,0.2746691284588572,0.0,0.070377833568756,0.0,0.2884461609556963
0.5088984274758248,0.0,0.2489717493246912,0.0,0.439775811929103,0.6815011662897804,0.5582062451253472,0.0,0.7437398391806062,0.2996210597130334,0.1555633151795676,0.0,0.4215271185890903,0.0,0.4958229096778996,0.4708215208469556,0.0,0.2700904815531431,0.507308175745206,0.7894664346997158,0.5440599232184654,0.7469613074567998,0.2533578155018362,0.2668374202316092,0.4129621124690079,0.0951278866590318,0.0,0.2304948819444382,0.7366321712846463,0.4210549710417027,0.2914212416951841,0.0,0.3067401523709914,0.157076253987069,0.0,0.3780691835703633,0.0,0.0,0.0468367180855474,0.0,0.2318723014451552,0.0,0.0452845152708115,0.0,0.0,0.0,0.2067808773143895,0.0128903684182299,0.0,0.0,0.3646300640849594,0.1760655032445931,0.0,0.5927635492425115,0.0,0.0,0.0,0.0052896144288985,0.2693800390300561,0.4579104142614587,0.0,0.0,0.0,0.0433255401618738,0.4418639171186098,0.5295260990438438,0.2210804276823441,0.3850501570715411,0.0,0.0,0.0727308461663208,0.6660193081859833,0.0,0.4070295442875731,0.0,0.3219991550289589
0.3504072359855914,0.0660304192684137,0.5608595069217006,0.4028369746624148,0.7495216308287568,0.336840598627394,0.1721954821569415,0.3769459132428146,0.4377149674068329,0.3823281274343233,0.4919592575612009,0.3393049879540257,0.8270200099355383,0.2440750091980092,0.4658932077049965,0.5705388801356216,0.4621751880400897,0.4961063186867684,0.4772113990881453,0.5148316315452878,0.770931435474567,0.5269246034486152,0.1406197295840973,0.3844045761893521,0.235008313706216,0.1800844622276207,0.2304948819444382,0.0,0.4843770708852116,0.8052687226489614,0.6201919798305157,0.1957838179552042,0.0808483440478263,0.3420735251396263,0.0,0.4814139886026927,0.5733749597303117,0.1762548066233059,0.3311977102833856,0.0,0.2096041235362874,0.0,0.1035301542012145,0.0,0.0,0.0,0.0,0.0,0.0,0.0,0.2219589037820344,0.0,0.3960046121783793,0.0,0.0,0.0,0.0,0.0,0.0,0.3423250291275481,0.0,0.0,0.0,0.0,0.3810078920359367,0.6817380846660668,0.0,0.2651136784599852,0.0,0.0,0.0,0.137534787015725,0.5648291752717552,0.433331451829608,0.0,0.3771902233787012
0.6147030926870055,0.0,0.0,0.0,0.3942275557557222,0.6739878288675666,0.4109129577135612,0.1915686318960203,0.5954045907792617,0.0,0.0,0.0,0.5225229490807068,0.0,0.4735425970013032,0.5523089588633405,0.0,0.2916176461788483,0.0,0.6239641660846701,0.7074183642312021,0.5842167468839232,0.1628494630763601,0.0,0.4752297471363089,0.0284821189808435,0.7366321712846463,0.4843770708852116,0.0,0.4877326397738733,0.30674203784861,0.0,0.3469742553286123,0.2171729747299189,0.0,0.4317264506535416,0.0,0.0,0.0,0.0,0.354423595527463,0.0,0.0,0.0,0.0,0.0,0.0,0.0,0.0,0.0,0.305297891010336,0.0,0.1995152257061723,0.0,0.0,0.0,0.0,0.2021940261612,0.0,0.351146925717176,0.0,0.0,0.0,0.0,0.3009717925173111,0.5870299989996578,0.1479388720314154,0.2210943642216549,0.0,0.0,0.0855139410403678,0.2484821245904539,0.2601376893452207,0.661526162929137,0.0,0.355948525799817
0.0,0.0,0.4152424697571017,0.0,0.0,0.3912435613631988,0.0,0.2319333314210697,0.4359921001717096,0.0,0.0,0.0,0.6295652860098624,0.0,0.0,0.5524125797115508,0.0,0.0,0.0,0.6820887761447189,0.6833902297902538,0.6888659914166919,0.1709986707701501,0.0,0.0,0.0,0.4210549710417027,0.8052687226489614,0.4877326397738733,0.0,0.6457021954561576,0.1660600248523867,0.0,0.3620689037688475,0.0,0.0,0.0,0.0,0.2445768862520397,0.0,0.0,0.0,0.0,0.0,0.0,0.0,0.0,0.0,0.0,0.0,0.0,0.0,0.0,0.0,0.0,0.0,0.0,0.0,0.0,0.0,0.0,0.0,0.0,0.0,0.4907891243937197,0.0,0.0,0.3191002458963972,0.0,0.0,0.0,0.2551230874715933,0.0,0.0,0.0,0.0
0.2278684752811975,0.0,0.059908396110094,0.0,0.4234601617020877,0.0,0.3957206167553129,0.0,0.2648552275861205,0.3949361236612277,0.228833507438591,0.2837190661974975,0.40296599694538,0.0,0.4234825020086012,0.709465465787631,0.467400976279075,0.5399905264873741,0.1742669059497642,0.4991982866914072,0.3374467344242569,0.6024469681701669,0.0,0.33950101142177,0.2662878607204709,0.2086332957574999,0.2914212416951841,0.6201919798305157,0.30674203784861,0.6457021954561576,0.0,0.3568026606721459,0.0174741778335454,0.4754323003193491,0.138685366045418,0.0667082080799107,0.2018995038357092,0.0933833442881398,0.3497084177351093,0.0,0.1913638135381248,0.0,0.0,0.0,0.0,0.1864368819648292,0.2787296605380164,0.0,0.0,0.0,0.0523284617416174,0.0,0.0370268961197633,0.0,0.1840845200835433,0.0,0.2078829607687356,0.0,0.0,0.3739359955198193,0.4466531562139865,0.0,0.554635469954645,0.0,0.4667761110793756,0.4424314953648655,0.5199553942500973,0.1085556025225089,0.2139637909843761,0.2488518590097901,0.3107456862930334,0.355900070947197,0.202189021637369,0.4312144801512156,0.0,0.6993321591284276
0.0262026348241991,0.2931934867984309,0.0,0.3859631427024839,0.1746433594241341,0.0,0.2876476000524277,0.0,0.0180900453042863,0.2268963498848785,0.157980706199686,0.3062911053071901,0.1645299649567264,0.0,0.2177505619182484,0.2087063374254627,0.2976875066467522,0.2955128982605675,0.0,0.1361411776225893,0.0,0.2883777093540504,0.0,0.3534388728912295,0.1937201393646603,0.3155572902116552,0.0,0.1957838179552042,0.0,0.1660600248523867,0.3568026606721459,0.0,0.0108968516346357,0.205842410332096,0.29719528398224,0.0,0.2044456398310928,0.1605125498016824,0.6700493406677317,0.0,0.2935885490751987,0.2493772303172118,0.0,0.0,0.0816730839104785,0.0,0.305008785189353,0.0,0.0,0.0,0.0174798762714218,0.0,0.0,0.2106531837756374,0.1817774248426597,0.0167255735190207,0.359584396873265,0.0504447346981273,0.0,0.2780605415336152,0.1698093158900574,0.0,0.2065123594816961,0.0139535949956973,0.4823929683611738,0.1190384441110115,0.4496275653276402,0.1021838308400821,0.1410302062303836,0.1682832075245027,0.3058218184646125,0.3857966829300882,0.0191516774608853,0.1274397323439199,0.0,0.4005024312885973
0.4482846428339329,0.2047573661493054,0.0,0.0,0.0,0.4292230163225708,0.2049341080880487,0.3321017740647555,0.2375025370613901,0.1078365481375188,0.1692722524712495,0.0,0.1344891491757532,0.0,0.1475533868689845,0.1496509833435469,0.058422778654643,0.0830647658916795,0.0,0.1946483708309366,0.3095416941911802,0.2945545223132153,0.4257905880598244,0.1913915931184127,0.4624789319825592,0.2525764889900217,0.3067401523709914,0.0808483440478263,0.3469742553286123,0.0,0.0174741778335454,0.0108968516346357,0.0,0.038444393496212,0.0,0.1582985810506397,0.0,0.3065097704739745,0.0,0.4956217131734841,0.3731064918039597,0.1532111119275071,0.0,0.0,0.3363470791650723,0.4079477431509305,0.0271604601566053,0.0,0.0,0.0,0.0,0.0,0.0,0.0,0.0874218614517649,0.0,0.0,0.0,0.0,0.1632430268087878,0.1566364924545116,0.0700273878696351,0.3029227381981295,0.0,0.1687361714922099,0.2431769264752729,0.2280048965224054,0.3847949088197364,0.261459979928423,0.260104394349381,0.2663241579455551,0.2390205652168423,0.0,0.4025023780205152,0.0,0.2613118786128528
0.2390272561018615,0.0,0.0,0.1847284635882767,0.1426337074172156,0.0378753420686345,0.0531563399962286,0.0,0.0,0.3037141435148167,0.0,0.1951578918874377,0.1541382312601767,0.0779887428340762,0.2716130539744609,0.4695565021349379,0.411452244153332,0.3648170284449992,0.15663043475238,0.2833328513121492,0.2350077838966272,0.4507140794438454,0.0806543619777846,0.2387597570349242,0.1865831685244157,0.1968712281043547,0.157076253987069,0.3420735251396263,0.2171729747299189,0.3620689037688475,0.4754323003193491,0.205842410332096,0.038444393496212,0.0,0.1209385462294506,0.182638050533625,0.2220431632680563,0.1511206351686997,0.1390089917094293,0.0804634184941839,0.3324655633288919,0.0,0.0,0.0,0.0815691626616114,0.2736682770443716,0.1946932364395464,0.0,0.0,0.0,0.1381371221456248,0.0,0.1272278686255515,0.0,0.1561764765352195,0.0,0.1610751360551965,0.0,0.0,0.3043739243750915,0.3757475635160839,0.0,0.3774492725994179,0.0,0.2840094130326559,0.2779246050432624,0.3817808386313646,0.2246506250387437,0.2440485568474166,0.1319504532641803,0.2842381333026336,0.1449292951034233,0.2257934123392417,0.2322589384940137,0.0,0.4449939438936254
0.0,0.0,0.0,0.1089849045796193,0.0,0.0,0.0,0.0,0.0,0.0,0.0,0.0,0.0,0.0,0.0,0.115256039845558,0.0,0.0374836780634316,0.0,0.0,0.0,0.079590881407577,0.0,0.0,0.0,0.0,0.0,0.0,0.0,0.0,0.138685366045418,0.29719528398224,0.0,0.1209385462294506,0.0,0.0,0.0,0.0,0.2138558428775172,0.0,0.0822499103258109,0.177809732704033,0.0,0.0,0.0,0.0,0.0575021583716698,0.0,0.0,0.0,0.0,0.0,0.0,0.0,0.0,0.0,0.014637315097812,0.0,0.0,0.0794041690566175,0.0738562020635299,0.0,0.0723916411163773,0.0,0.0,0.0,0.0906148148735417,0.0,0.0,0.0041224765011174,0.0,0.0385156451642825,0.0,0.0,0.0,0.0
0.0,0.0,0.3533840524529876,0.2263657282056048,0.4652275312129077,0.6027452175958301,0.0,0.3752427308639064,0.3210766594182986,0.0226409799081446,0.0276732039122633,0.0,0.5143955260500136,0.2917226967236657,0.3803318378521965,0.0,0.0,0.0,0.4532708748043402,0.4948433692267156,0.655771327796982,0.3949676586510744,0.2053091416788579,0.2679865374061002,0.0,0.0,0.3780691835703633,0.4814139886026927,0.4317264506535416,0.0,0.0667082080799107,0.0,0.1582985810506397,0.182638050533625,0.0,0.0,0.2965577188052218,0.2710062720671237,0.0313149457874088,0.0494228652026039,0.0144155557189073,0.0,0.5850544496952923,0.2365943495113659,0.0,0.0,0.0,0.3970296849375103,0.0,0.0,0.2261076336361799,0.0,0.3087992733789694,0.1773941741124083,0.0,0.2798960734124632,0.0,0.1130012298891634,0.2332549205491277,0.0,0.0,0.0,0.0,0.355011537902272,0.0,0.0,0.0,0.2445412437779762,0.0,0.0,0.0,0.0356033509422801,0.1411308206878686,0.1635524004977055,0.0,0.0
0.0,0.0,0.2932295367278853,0.2240929723538314,0.3310222404479329,0.086538410720291,0.0,0.4140889049738978,0.0155342243554486,0.1072745955800275,0.2743543540567787,0.2073599995479089,0.3826085155476862,0.2842762681458652,0.0,0.0,0.0,0.0,0.1286137078885621,0.0445122175838464,0.0,0.0490075573325849,0.092919201668575,0.0,0.0,0.0,0.0,0.5733749597303117,0.0,0.0,0.2018995038357092,0.2044456398310928,0.0,0.2220431632680563,0.0,0.2965577188052218,0.0,0.1236317123271647,0.2955299443401417,0.0,0.1824975560017075,0.0,0.0,0.0,0.0,0.0,0.0,0.0,0.0,0.0,0.0,0.0,0.0,0.0,0.0,0.0,0.0,0.0,0.0,0.0,0.0,0.0,0.0,0.0,0.0,0.0,0.0,0.0,0.0,0.0,0.0,0.0,0.0,0.0,0.0,0.0
0.0,0.0,0.0,0.0,0.2038887785687609,0.0,0.128547883670487,0.0,0.1483225219367193,0.0817016181128491,0.1444045609935339,0.0,0.1533156465507323,0.0,0.0,0.0,0.0851870277048812,0.0,0.0,0.0,0.0,0.0,0.0,0.2250325701133019,0.2245834035573101,0.0679594077615128,0.0,0.1762548066233059,0.0,0.0,0.0933833442881398,0.1605125498016824,0.3065097704739745,0.1511206351686997,0.0,0.2710062720671237,0.1236317123271647,0.0,0.2149726791002206,0.0813668123819728,0.2734301199277475,0.0037192831144596,0.0,0.0,0.475387108043072,0.0,0.0,0.0,0.0,0.0,0.0,0.0,0.0,0.0,0.0,0.0,0.0,0.0,0.0,0.0,0.0,0.0,0.0,0.0,0.0,0.0,0.0,0.0,0.1091530674028003,0.0,0.0721621185729818,0.0,0.0,0.0,0.0,0.0
0.0,0.1512887675597185,0.0,0.0,0.0,0.0,0.0,0.0,0.2573722062553239,0.0669179046907078,0.3563544707513683,0.1588716884114587,0.2990093372161965,0.0,0.20931729144702,0.1488754203001759,0.0,0.1694453783809971,0.0,0.2577736096488904,0.0851118078049982,0.3191058639903861,0.0,0.3174212155702278,0.1296334598550231,0.0689905579646816,0.0468367180855474,0.3311977102833856,0.0,0.2445768862520397,0.3497084177351093,0.6700493406677317,0.0,0.1390089917094293,0.2138558428775172,0.0313149457874088,0.2955299443401417,0.2149726791002206,0.0,0.0,0.1761840030702088,0.1725678551215931,0.0,0.0,0.1029508335123906,0.0,0.2404916523007516,0.0,0.0,0.254642722650732,0.0078828304727108,0.1243303683084544,0.0,0.3138366761101544,0.0,0.2528092527301083,0.1647845029203504,0.0,0.0,0.3312844746899638,0.2330265638587022,0.070243634017641,0.1508253224234049,0.1327912594087182,0.4363811643615894,0.2145870373525682,0.4284893619065129,0.0083849791089709,0.0184328285071771,0.0879386366847729,0.1306230056321095,0.5594788685360431,0.0,0.2254126865171351,0.0549128542642494,0.3912966741991526
0.3325382398393229,0.443266802012804,0.0,0.0,0.0,0.0,0.0,0.0,0.0,0.3635151962747415,0.0,0.2651441823761961,0.0,0.0,0.0971729690336572,0.1730350876935243,0.2760309359368845,0.1471566861097168,0.0,0.1022133936406914,0.2256434519806914,0.2292314909523551,0.5223434606643892,0.1496747413056327,0.4965117732272071,0.3623614111377718,0.0,0.0,0.0,0.0,0.0,0.0,0.4956217131734841,0.0804634184941839,0.0,0.0494228652026039,0.0,0.0813668123819728,0.0,0.0,0.4130668267802004,0.0008173781170834,0.1687812528094311,0.0,0.2823495988632829,0.323821798726796,0.3095573690285259,0.0,0.0,0.20506120298061,0.3792872652577392,0.4076544529599509,0.3681728533470315,0.3992535840056846,0.3861070189527993,0.3185042731284918,0.2180608268773099,0.4427398756753326,0.0,0.0308004415011973,0.272328691107998,0.3298014103945152,0.2750432638872597,0.0,0.211168985305742,0.2377974297518023,0.284413373360464,0.4613836364937591,0.3436224682788238,0.3396028359463476,0.4014417897672768,0.2290858469921526,0.3873320436316971,0.2989582771227753,0.0819088182682976,0.1159765911979775
0.4124424905724647,0.4091480793817317,0.0,0.0,0.0,0.2422775591235429,0.0,0.2751939425047557,0.0,0.3052863641077988,0.0,0.2482706210548693,0.0,0.0,0.3341360380625149,0.3479479241195821,0.2662279927144986,0.3247430798633796,0.0,0.1883513053134644,0.2745107740340458,0.3851313052740236,0.3592324338076844,0.2447907727580651,0.4529048146587756,0.4010330238645372,0.2318723014451552,0.2096041235362874,0.354423595527463,0.0,0.1913638135381248,0.2935885490751987,0.3731064918039597,0.3324655633288919,0.0822499103258109,0.0144155557189073,0.1824975560017075,0.2734301199277475,0.1761840030702088,0.4130668267802004,0.0,0.0891107660952204,0.0209521428419293,0.0,0.2321752902640164,0.2893694459639785,0.3261482656874794,0.1574271236396481,0.3133430325767327,0.347856858339011,0.4573365936209839,0.4432329083313481,0.4521509793487264,0.3254971253298183,0.3894564871725491,0.1794848416096411,0.2712678259047654,0.378660129121231,0.0,0.2376826710351638,0.3641659906470515,0.4321078320377089,0.4748364761670366,0.2704017754726278,0.3847235482123111,0.2895212983160191,0.4784681684838842,0.4765577562870556,0.3146786476349292,0.3839979678411674,0.5262312876226024,0.2931536026350404,0.396690396520167,0.463185877271133,0.2910423365743491,0.4274665038443651
0.0,0.3024573641441705,0.0,0.0,0.0,0.0,0.0,0.0,0.0,0.0,0.0,0.0,0.0,0.0,0.0,0.0,0.0,0.0,0.0,0.0,0.0,0.0,0.0308659390598221,0.0,0.2519706260211603,0.1483871305281497,0.0,0.0,0.0,0.0,0.0,0.2493772303172118,0.1532111119275071,0.0,0.177809732704033,0.0,0.0,0.0037192831144596,0.1725678551215931,0.0008173781170834,0.0891107660952204,0.0,0.0,0.0,0.0911050724319429,0.0,0.1472730650344852,0.0,0.0775067139869919,0.053889782225863,0.0255495087388353,0.2758402128757303,0.0,0.0538221577407538,0.1189763609813262,0.0,0.1031982162280081,0.0,0.0,0.0,0.2098364636314605,0.0825988962443933,0.1714788565114585,0.0,0.0,0.0,0.2488003312601805,0.0,0.0139320276798211,0.2347222584541148,0.1543765304672071,0.2060117630487484,0.0244780727530861,0.2219938535897682,0.0,0.2870619069792925
0.0,0.0,0.3612868608693458,0.0,0.0,0.5327849971488697,0.0,0.5935067334141362,0.0,0.0,0.0,0.0,0.1908089498052998,0.3793259576380446,0.0,0.0,0.0,0.0,0.4040754640232834,0.0,0.0,0.0,0.3699663413461489,0.0,0.0,0.0,0.0452845152708115,0.1035301542012145,0.0,0.0,0.0,0.0,0.0,0.0,0.0,0.5850544496952923,0.0,0.0,0.0,0.1687812528094311,0.0209521428419293,0.0,0.0,0.4216536841645331,0.1239841080955194,0.0,0.0,0.4322729136227721,0.2859474675174357,0.0775454021170769,0.3301636136166766,0.0,0.4093585340689295,0.0,0.0,0.261259587854464,0.0,0.2409912342474516,0.2530949098658561,0.078307227767909,0.0,0.0,0.0,0.3509370440438256,0.0,0.1246482064701953,0.0,0.2349364256719672,0.1735271888318342,0.0,0.0,0.0,0.2238677672316619,0.0,0.0,0.0
0.0,0.0,0.0,0.0,0.0,0.0,0.0,0.0,0.0,0.0,0.0,0.0,0.0,0.0,0.0,0.0,0.0,0.0,0.0,0.0,0.0,0.0,0.0,0.0,0.0,0.0,0.0,0.0,0.0,0.0,0.0,0.0,0.0,0.0,0.0,0.2365943495113659,0.0,0.0,0.0,0.0,0.0,0.0,0.4216536841645331,0.0,0.0,0.0,0.0,0.1392204288188123,0.1813767277913348,0.1157767605045377,0.1216891291790146,0.0,0.1379699489642628,0.0,0.0,0.0187308061012237,0.0,0.0720285049677535,0.1556634952245238,0.0,0.0,0.0,0.0,0.1887099603947747,0.0,0.0,0.0,0.1177456573085543,0.0,0.0,0.0,0.0061844725581723,0.0492411232030734,0.0,0.0,0.0
0.0,0.0,0.0,0.0,0.0,0.0,0.0,0.0,0.0,0.1648587611349076,0.0,0.194082163119105,0.0,0.0,0.0,0.0,0.0,0.0,0.0,0.0,0.0,0.0,0.0,0.2891187373456058,0.0,0.2047105755888952,0.0,0.0,0.0,0.0,0.0,0.0816730839104785,0.3363470791650723,0.0815691626616114,0.0,0.0,0.0,0.475387108043072,0.1029508335123906,0.2823495988632829,0.2321752902640164,0.0911050724319429,0.1239841080955194,0.0,0.0,0.2372719349468699,0.0,0.0,0.0,0.0,0.0,0.2957060101021824,0.0,0.2804091884566391,0.2229390442477067,0.3867424376072292,0.1750286343911657,0.2398296932064213,0.0,0.0,0.0,0.2092427917794396,0.0,0.0,0.0,0.0,0.0,0.0,0.3498373083916912,0.1915080951070109,0.2982993692054718,0.0,0.3791906846666228,0.0,0.0,0.2562500559525824
0.8449634773992352,0.0471867512108083,0.0,0.0,0.0,0.0,0.0,0.0,0.0,0.0,0.0,0.0,0.0,0.0,0.0,0.4167395825332679,0.0,0.3718096390666545,0.0,0.0,0.5233268963465472,0.5347347694232405,0.0,0.2906227111652307,0.3727793615910776,0.3562506354358155,0.0,0.0,0.0,0.0,0.1864368819648292,0.0,0.4079477431509305,0.2736682770443716,0.0,0.0,0.0,0.0,0.0,0.323821798726796,0.2893694459639785,0.0,0.0,0.0,0.2372719349468699,0.0,0.0766876182516857,0.0,0.0,0.0,0.5188780540877161,0.0,0.4268673792881364,0.0,0.2903424015480431,0.0,0.0628793364305402,0.4035827392380496,0.0,0.2252190741142476,0.1590501456326004,0.0,0.469462909699139,0.0,0.3499413636771762,0.4918697757925694,0.1678072732178754,0.4723402435509546,0.4827370015489248,0.3900224906979416,0.4120249357260354,0.1101118597902518,0.3819383762105401,0.4524373054147179,0.0,0.2407359722792322
