0.0,0.1120146723568835,0.0,0.0,0.0,0.3754394672676946,0.0,0.219244127283604,0.0,0.2242257238546002,0.0,0.0217933404694465,0.0,0.0,0.4622642309529994,0.3980558622365764,0.4340013297735269,0.5510581130504429,0.0,0.3914254210089127,0.4895972549641446,0.3467980208164213,0.3801002923629991,0.2588957562477565,0.5911642543130791,0.4702396916874894,0.4788552819139802,0.2566181106534606,0.4364251689407203,0.0,0.4392841790859251,0.2784967805474618,0.3205765147543872,0.2916946417553768,0.0,0.0,0.0,0.0,0.3707328076807625,0.4437803958079349,0.3063560326620438,0.0,0.0,0.0,0.0,0.5380034089184066,0.4662932795373021,0.0,0.0,0.0,0.0,0.0,0.0,0.0,0.0,0.0,0.0,0.0,0.0,0.0,0.4960134427358132,0.0,0.3863037446661975,0.0,0.0,0.4466927528196232,0.5170372204261938,0.0,0.4986457246838414,0.4794935658717071,0.5088603867931254,0.0,0.0,0.0,0.0,0.0
0.1120146723568835,0.0,0.0,0.0,0.0,0.3202909424373352,0.0,0.159817146283556,0.0,0.0,0.0,0.0,0.0219880961125324,0.0,0.1032231984137618,0.14661775592987,0.0,0.0321492881304927,0.0,0.1460722968823493,0.3259285715352892,0.3872103185398158,0.4024504551132671,0.0,0.2530827202156985,0.359683840669288,0.0,0.0,0.3210854416725345,0.0,0.1220135740332044,0.1200924946970705,0.4221499936930042,0.226534420796189,0.4708715853876094,0.0,0.0,0.0,0.0867833553503966,0.057704534911515,0.1560505465925289,0.2386519029349035,0.0,0.0,0.0,0.2543593068584214,0.0271676801765498,0.0,0.0,0.0,0.0,0.0,0.0,0.0,0.0,0.0,0.0,0.0,0.0,0.1742160682428306,0.0,0.0,0.0,0.0,0.2467043398488151,0.3727187872114336,0.1047914577613046,0.1059055109699403,0.0,0.0,0.0,0.0894480368608074,0.0,0.1328287514335429,0.0,0.1007002500382771
0.0,0.0,0.0,0.0,0.066762190093434,0.4746413132712502,0.0,0.2590171238480211,0.3759281846997888,0.1175609087704808,0.5628185274179619,0.0,0.2377415349238192,0.090823782875309,0.0,0.0,0.0,0.0,0.378408850019939,0.0,0.0,0.0,0.5276716359674913,0.0,0.0,0.0,0.3924885304314916,0.1169394899219481,0.0,0.3779690691796856,0.3964111475058924,0.2017667588502803,0.0,0.2211303532975549,0.0388762972507209,0.0,0.0,0.0,0.3415561802020532,0.0,0.0,0.0,0.1354988375039343,0.0,0.0,0.0,0.0,0.3049999606554063,0.0,0.2149645577274203,0.4935569434698006,0.0,0.1038216918147984,0.4744891485433961,0.0,0.3339850217768872,0.0,0.0,0.0737889160435258,0.0,0.0,0.0,0.0,0.3530136041491861,0.0,0.0,0.0,0.3075095018968709,0.0,0.0,0.0,0.4179950121069139,0.0,0.0,0.0,0.0
0.0,0.0,0.0,0.0,0.4452030848540008,0.0,0.4412555699909173,0.122590847996852,0.2112970022780928,0.2087094535170459,0.0,0.0,0.2404495939505334,0.0875855808038314,0.0,0.0,0.0,0.0,0.0,0.0,0.0,0.0,0.0,0.0,0.0,0.0,0.1539132522225898,0.3650582424000763,0.0,0.0,0.0,0.0,0.0,0.0,0.0,0.2687069471816667,0.4324756814871629,0.0,0.0,0.0,0.0,0.0,0.0,0.0,0.0,0.0,0.0,0.0,0.0,0.0,0.0,0.0,0.0,0.0,0.0,0.0,0.0,0.0,0.0,0.0,0.0,0.0,0.0,0.0,0.0,0.0,0.0,0.0,0.0,0.0,0.0,0.0,0.0,0.0,0.0,0.0
0.0,0.0,0.066762190093434,0.4452030848540008,0.0,0.1331496955118404,0.5686518326323571,0.3752330206577021,0.5698265213039465,0.3542182344739569,0.3438892669954861,0.040198403095835,0.4985427899027193,0.2450347662032106,0.0,0.0,0.0,0.0,0.2846781502383138,0.3534839739500092,0.0,0.187396665000668,0.0828428544817212,0.0,0.0301412720876421,0.0,0.5235224636828946,0.5245337588269475,0.0129194664973188,0.0,0.0454273422574737,0.0,0.0,0.0705478894791599,0.0,0.2344121856775063,0.500213544910187,0.2543142078117306,0.0,0.0,0.0,0.0,0.5286824148174314,0.0,0.0,0.0,0.0,0.5201218431202739,0.0,0.0,0.0,0.0,0.4139806924051998,0.4708243784598064,0.0,0.530504951011964,0.0,0.0,0.0,0.0,0.0,0.0,0.0,0.0,0.0,0.0,0.0,0.4323070629214909,0.0,0.0,0.0,0.4739453868739019,0.0,0.0,0.0,0.0
0.3754394672676946,0.3202909424373352,0.4746413132712502,0.0,0.1331496955118404,0.0,0.1400860057086088,0.4599357271283255,0.3102548842534731,0.179810345986995,0.4162348697058334,0.0,0.3706654946307558,0.1886828171836482,0.4019310058214048,0.2200077178061221,0.0,0.4141445109087143,0.3657345013224673,0.3050022909568171,0.3396115764578752,0.3523057027314032,0.6253523297458189,0.0,0.4362503837664063,0.5172114318303027,0.3848182256236015,0.1638393978783407,0.265173845299279,0.2172051367533209,0.2318453069881802,0.1897416453243156,0.2865603183677422,0.2636424676332516,0.0124671937612965,0.0689180348759948,0.0511084925335914,0.0,0.222446559657288,0.0,0.1892472576396198,0.0,0.2421910089354368,0.0,0.0,0.0,0.0,0.2605361869858342,0.0,0.0,0.5800615638252847,0.2948569953836745,0.3360992102903869,0.3944013799719874,0.0,0.2803589143680123,0.0,0.426524193274861,0.0,0.3748538215299401,0.0,0.0,0.0,0.3236548229967978,0.3363433391263516,0.3256953092809673,0.3261654128379744,0.4240949167724918,0.0,0.0,0.0,0.3741559432356075,0.2407235812867176,0.2940709044758952,0.0,0.1870783238370991
0.0,0.0,0.0,0.4412555699909173,0.5686518326323571,0.1400860057086088,0.0,0.4106928980025434,0.433085144492881,0.4304808210807342,0.2301110028731161,0.1532560427938388,0.51530933761436,0.1872276090459093,0.0,0.2745309879532611,0.1628841403529476,0.2888288753019154,0.3297056050089646,0.2815284439043387,0.0,0.2088596008892457,0.079579971300412,0.4064460640352339,0.0,0.1344811159002521,0.4285401717574972,0.5016990645372367,0.0161276806679189,0.0,0.0,0.0,0.0,0.111364360630827,0.0,0.1854976525754636,0.4766177072166424,0.315960975809384,0.0,0.0,0.0,0.0,0.0,0.0,0.0,0.0,0.0,0.0,0.0,0.0,0.1882459626341328,0.0,0.0,0.0,0.0,0.0,0.0,0.0,0.0,0.0,0.0,0.0,0.0,0.0,0.0,0.0,0.0,0.4080240515923268,0.0,0.0,0.0,0.4214269451258827,0.0,0.0,0.0,0.0
0.219244127283604,0.159817146283556,0.2590171238480211,0.122590847996852,0.3752330206577021,0.4599357271283255,0.4106928980025434,0.0,0.364061715537132,0.3772900767247967,0.3735414495936345,0.0,0.4766354214735266,0.3148340742516559,0.4025654945637785,0.143461332481738,0.0,0.2397964214018038,0.4201502673785632,0.3302887745383087,0.305336259268165,0.369340432604903,0.4817858512178939,0.4504754281218412,0.1570338687839027,0.4038395193137525,0.3895047364456488,0.3883196483320769,0.1420140412278542,0.1313304894441756,0.0455138889785885,0.0782843467751898,0.1212686320986115,0.211999696821524,0.0,0.2514971965354002,0.2444114349709527,0.0,0.0031071445603848,0.0,0.0,0.0,0.4165546268013375,0.0,0.0,0.0,0.0,0.4151860247137702,0.0,0.3479702768611681,0.3940931496595786,0.4728664460585877,0.576913962986864,0.3576840288570411,0.0,0.4019850241015543,0.0,0.4493286634720025,0.2732740802775945,0.4202568029726924,0.0,0.0,0.0,0.3010683902278049,0.2312055856342033,0.1864374104299149,0.0,0.5879417867360002,0.0,0.0,0.0,0.4460434565804322,0.3551849837864551,0.2634683224710993,0.0,0.0
0.0,0.0,0.3759281846997888,0.2112970022780928,0.5698265213039465,0.3102548842534731,0.433085144492881,0.364061715537132,0.0,0.2922880798053966,0.5348140656083559,0.0780765251426027,0.540846503198226,0.19619139453524,0.0,0.3307515257559743,0.0,0.0,0.3880199091754888,0.4680802633393125,0.0,0.2697616577384697,0.2687458709571215,0.0,0.0,0.0,0.6316426494875378,0.4678660988619923,0.1639019648024943,0.1735530493138057,0.2344032585823129,0.0279544418131552,0.0259095908108406,0.1433723805362421,0.0,0.0875714225919376,0.4036097945315247,0.2568452887535838,0.0659069757735608,0.0,0.0,0.0,0.4582147089631163,0.0,0.0,0.0,0.0,0.566668287579943,0.0,0.0,0.5017290632694695,0.0,0.3524626390083369,0.6475714021772803,0.0,0.587335781737541,0.0,0.0,0.322501386510366,0.0,0.0,0.0,0.0,0.1496563001550179,0.0,0.0,0.0,0.4520618844889527,0.0,0.0,0.0,0.5773034387932244,0.0,0.0,0.0,0.0
0.2242257238546002,0.0,0.1175609087704808,0.2087094535170459,0.3542182344739569,0.179810345986995,0.4304808210807342,0.3772900767247967,0.2922880798053966,0.0,0.2353285653682493,0.2616886666132998,0.4972794096218875,0.0633540292744758,0.0,0.3182612210005079,0.3505236188283723,0.2235593171390001,0.2575053056770091,0.0,0.0,0.3823389588370557,0.2204318580705862,0.2816714996479695,0.191396538745834,0.3537627033318712,0.3637396612700749,0.4961076666100488,0.0,0.0,0.0501096456254233,0.0,0.1609288202909305,0.2381682656918082,0.0188599053372747,0.1313839743619636,0.245960235620731,0.3503366780569242,0.0,0.0333852316830706,0.0,0.0,0.0,0.0,0.0,0.0,0.0,0.0,0.0,0.0,0.0,0.0,0.0,0.0,0.3353994100730323,0.0,0.1848889127389104,0.0,0.0,0.0,0.0,0.3374609457822886,0.2769672952534808,0.0,0.0,0.0,0.0,0.0,0.2122303242329915,0.2762727951514592,0.3523671640289478,0.0,0.4113181334004203,0.0,0.0,0.0
0.0,0.0,0.5628185274179619,0.0,0.3438892669954861,0.4162348697058334,0.2301110028731161,0.3735414495936345,0.5348140656083559,0.2353285653682493,0.0,0.2416493886543914,0.3934034863166648,0.1687532404682289,0.0,0.0,0.0,0.0,0.4443332810549246,0.0,0.0,0.0,0.4575387274275923,0.0,0.0,0.0,0.5027852356107831,0.3332573056542138,0.0,0.0,0.2756957406512815,0.1085850461838431,0.2596751126772998,0.1834101691402289,0.0,0.0348468633111911,0.0972324355625279,0.2700014482154113,0.202860858256314,0.0,0.0,0.0,0.2973038484275332,0.0,0.0,0.0,0.0,0.5307025728154399,0.0,0.360836693100342,0.4978001630921405,0.3331028371585274,0.2614071139383216,0.5670845573903182,0.0,0.552046920508049,0.0,0.4417017105380985,0.1872577956611775,0.0,0.0,0.0,0.0,0.3256498204374908,0.0,0.0,0.0,0.4216416035371981,0.0,0.0,0.0,0.529730850470071,0.0,0.0,0.0,0.0
0.0217933404694465,0.0,0.0,0.0,0.040198403095835,0.0,0.1532560427938388,0.0,0.0780765251426027,0.2616886666132998,0.2416493886543914,0.0,0.2128410971884682,0.0,0.0,0.0,0.2612237298481925,0.0794738599797519,0.0,0.0,0.0,0.0,0.0,0.280413454778454,0.0807544201197515,0.3956950550569696,0.0,0.1712557344555526,0.0,0.0,0.0292647199575005,0.0,0.196225524581648,0.1745174137662397,0.2160139726613051,0.1625707333558242,0.0,0.2565680725806141,0.0,0.0,0.0,0.0,0.0,0.0,0.0808914577475706,0.0,0.0,0.0,0.0,0.0,0.0,0.0,0.0,0.0,0.3851085011832805,0.0,0.5938097666213665,0.0,0.0,0.0,0.0,0.0,0.0,0.0,0.0,0.0,0.0,0.0,0.2501029917938239,0.0,0.0311457515437455,0.0,0.0,0.0,0.0,0.0
0.0,0.0219880961125324,0.2377415349238192,0.2404495939505334,0.4985427899027193,0.3706654946307558,0.51530933761436,0.4766354214735266,0.540846503198226,0.4972794096218875,0.3934034863166648,0.2128410971884682,0.0,0.1385460993327449,0.4816162254258666,0.3902958201355326,0.4254754619867316,0.4303697588706978,0.3738468699254576,0.4275790093640753,0.3220719488833481,0.3595948143876264,0.3298942839752251,0.4313789198915155,0.2722887983567501,0.3707343790337736,0.5398005921020722,0.5667757768540692,0.2451534635171175,0.1302772880483824,0.1103085699165436,0.0,0.0612156155479921,0.2487705059705406,0.0,0.1703454770741924,0.3693746186640037,0.318122221882459,0.0,0.0,0.0,0.0,0.445596224636676,0.0,0.0,0.0,0.0,0.5031616976056487,0.0,0.0,0.4134459340586694,0.0,0.4487891636279523,0.0,0.0,0.0,0.0,0.0,0.0,0.0,0.0,0.0,0.0,0.0,0.0,0.0,0.0,0.538602986120151,0.0,0.0,0.0,0.564368265547272,0.0,0.3850365254948042,0.0,0.0
0.0,0.0,0.090823782875309,0.0875855808038314,0.2450347662032106,0.1886828171836482,0.1872276090459093,0.3148340742516559,0.19619139453524,0.0633540292744758,0.1687532404682289,0.0,0.1385460993327449,0.0,0.0,0.0,0.0,0.0,0.1383097764881937,0.0,0.1516693539342773,0.0,0.1999161562765784,0.0,0.0,0.0,0.1936224269167715,0.1543471250004402,0.0,0.0,0.1244471707081655,0.1079785645050495,0.0,-0.0002531336169038,0.0,0.1781228591834879,0.1631307648536117,0.0,0.0,0.0,0.0,0.0,0.2300071080859166,0.0,0.0,0.0,0.0,0.1822905680550834,0.0,0.0,0.0,0.0,0.0,0.1957850204105349,0.0,0.2146487614553819,0.0,0.0,0.0,0.0,0.0,0.0,0.0,0.0,0.0,0.0,0.0,0.2614525311261769,0.0,0.0,0.0,0.0,0.0,0.0,0.0,0.0
0.4622642309529994,0.1032231984137618,0.0,0.0,0.0,0.4019310058214048,0.0,0.4025654945637785,0.0,0.0,0.0,0.0,0.4816162254258666,0.0,0.0,0.3841984415533482,0.0,0.478927208767532,0.0,0.5720341996528221,0.5046845703544374,0.4959381905762314,0.4206737512249327,0.4075510726696331,0.4079505313460832,0.4885763720184679,0.5492062561837284,0.4468724109714592,0.3524762514967207,0.0,0.358630744803677,0.2303347023133104,0.2288180716824135,0.2444243866477336,0.0,0.1519421603872267,0.0,0.0,0.2581423965573295,0.2724082965745385,0.0475404281994307,0.0,0.0,0.0,0.0,0.0,0.3112251362449424,0.0,0.0,0.0,0.4598718844660559,0.0,0.2986754189728508,0.0,0.0,0.0,0.0,0.0,0.0,0.6399231698208996,0.2996658026550599,0.0,0.0,0.0,0.5351203291509017,0.3605077865319727,0.4962084847959466,0.4655135141974899,0.0,0.0,0.5153891082981373,0.5808768985026806,0.516706692396185,0.4376859578312902,0.0,0.2766086337975803
0.3980558622365764,0.14661775592987,0.0,0.0,0.0,0.2200077178061221,0.2745309879532611,0.143461332481738,0.3307515257559743,0.3182612210005079,0.0,0.0,0.3902958201355326,0.0,0.3841984415533482,0.0,0.4502471438447388,0.520166890459353,0.0,0.3790164058339475,0.2917294140699213,0.4360991047411019,0.149732068167932,0.2141549985360909,0.3616390653547184,0.3531274609851476,0.3772922416095399,0.3535692934714695,0.3839363138595157,0.2533748149790367,0.3565659506256584,0.0551472032886264,0.187869579974818,0.2799205560417572,0.0,0.0,0.0,0.0,0.0311874073098304,0.2040924703376384,0.0478948519754669,0.0,0.0,0.0,0.0,0.2029669666389502,0.1179400990767457,0.0,0.0,0.0,0.0,0.0,0.0,0.0,0.0,0.0,0.0,0.0,0.0,0.3974000593798097,0.2866894572587665,0.0,0.3377868149749188,0.0,0.3268418841034557,0.1777642634204314,0.3071521914556361,0.0,0.0,0.2837903207589352,0.2973353878483896,0.0,0.0,0.0,0.0,0.2519994331439375
0.4340013297735269,0.0,0.0,0.0,0.0,0.0,0.1628841403529476,0.0,0.0,0.3505236188283723,0.0,0.2612237298481925,0.4254754619867316,0.0,0.0,0.4502471438447388,0.0,0.4944666867815829,0.0,0.3286518244866734,0.0,0.3829708332462921,0.0,0.2247168024825853,0.5075052979544163,0.5285093522821696,0.0,0.273296753812493,0.0,0.0,0.2801791982753989,0.1289259679049156,0.3565277510271387,0.3592196459148784,0.0471842715393497,0.0,0.0,0.2903888003637249,0.0,0.3058318941884345,0.1514118398822871,0.0,0.0,0.0,0.0,0.0,0.0,0.0,0.0,0.0,0.0,0.0,0.0,0.0,0.2370784870146427,0.0,0.2520319515001401,0.0,0.0,0.0,0.0,0.133321619614276,0.2103155526846669,0.0,0.0,0.0,0.0,0.0,0.3986906070707395,0.2831375970656778,0.3579205466078875,0.0,0.0,0.0,0.0,0.0
0.5510581130504429,0.0321492881304927,0.0,0.0,0.0,0.4141445109087143,0.2888288753019154,0.2397964214018038,0.0,0.2235593171390001,0.0,0.0794738599797519,0.4303697588706978,0.0,0.478927208767532,0.520166890459353,0.4944666867815829,0.0,0.0,0.3719507870269111,0.3290710707499257,0.3410621319604591,0.2994105897765582,0.3016526318029328,0.5048619749148028,0.4172215242674802,0.5246638574985787,0.2897237385328967,0.367305373679605,0.0,0.41184990019482,0.1543319553081637,0.1841611499515817,0.284363987255895,0.0,0.0,0.0,0.0,0.2369284425704598,0.3441400815526237,0.1855837771811715,0.0,0.0,0.0,0.0,0.3707013873446543,0.3516239622126119,0.0,0.0,0.0,0.0,0.0,0.0,0.0,0.0,0.0,0.0015319453197869,0.0,0.0,0.0,0.4268841746062966,0.1692607150552671,0.4836157008118907,0.0,0.0,0.0,0.4348871536956468,0.0,0.4424618733394613,0.4121098496065531,0.451477684929066,0.0,0.0,0.0,0.0,0.3181453420659357
0.0,0.0,0.378408850019939,0.0,0.2846781502383138,0.3657345013224673,0.3297056050089646,0.4201502673785632,0.3880199091754888,0.2575053056770091,0.4443332810549246,0.0,0.3738468699254576,0.1383097764881937,0.0,0.0,0.0,0.0,0.0,0.0,0.0,0.0,0.3841164466948655,0.0,0.0,0.0,0.402789919473514,0.2474376133810733,0.0,0.0,0.1266203600385954,0.1642272981722498,0.0,0.2016818003798364,0.0,0.0292808088129237,0.1305819757191036,0.0,0.1217210657449274,0.0,0.0,0.0,0.2908092548586409,0.0,0.0,0.0,0.0,0.4781382324675975,0.0,0.0,0.3931574122044981,0.0,0.3487519447737165,0.398265391580297,0.0,0.43679794745238,0.0,0.0,0.1453128222641581,0.0,0.0,0.0,0.0,0.5904283237987025,0.0,0.0,0.0,0.4296496970618085,0.0,0.0,0.0,0.4362919264265434,0.0,0.0,0.0,0.0
0.3914254210089127,0.1460722968823493,0.0,0.0,0.3534839739500092,0.3050022909568171,0.2815284439043387,0.3302887745383087,0.4680802633393125,0.0,0.0,0.0,0.4275790093640753,0.0,0.5720341996528221,0.3790164058339475,0.3286518244866734,0.3719507870269111,0.0,0.0,0.4258381183423533,0.5738892605259375,0.3326499191698054,0.0,0.339382604633947,0.4551183310336944,0.4976774534403052,0.4383078237943325,0.2883962539475609,0.4391598663427498,0.3287817493357176,0.1200595904067519,0.1515529298791026,0.1510236966027559,0.0,0.1806533717274193,0.2087845427745468,0.0,0.127053781874194,0.1476831417627436,0.0,0.0,0.0,0.0,0.0,0.0,0.2254277876511108,0.0,0.0,0.0,0.3497063056452461,0.0,0.2575633556542343,0.0,0.0,0.0,0.0,0.0,0.0,0.5878969919124722,0.0,0.0,0.0,0.0,0.5799537837343747,0.2981316407292604,0.4690972648358439,0.412383740921822,0.0,0.0,0.4333396618836521,0.5571488344000274,0.5148997653084527,0.3509417537529881,0.0,0.1988252403431155
0.4895972549641446,0.3259285715352892,0.0,0.0,0.0,0.3396115764578752,0.0,0.305336259268165,0.0,0.0,0.0,0.0,0.3220719488833481,0.1516693539342773,0.5046845703544374,0.2917294140699213,0.0,0.3290710707499257,0.0,0.4258381183423533,0.0,0.446376963752636,0.4728401851745277,0.2462107643049186,0.4548901715735796,0.5164565650032612,0.3658882891371741,0.2556243328089537,0.5132755085837819,0.3931104316880444,0.3796525537942129,0.2625678182591796,0.3462987551801897,0.2389926061123297,0.1023241826240313,0.0106493479222512,0.0,0.0,0.293208998774408,0.2931335579040779,0.1636581500651764,0.0,0.0,0.0,0.0,0.4569379419651244,0.2647300902588765,0.0,0.0,0.0,0.3610774481035098,0.0,0.1774045681137121,0.0,0.0,0.0,0.0,0.0,0.0,0.5241389196467285,0.248898675573995,0.0,0.0,0.0,0.4536780350323757,0.5831368467358619,0.4279829628700624,0.3862301944045338,0.0,0.2843822505403148,0.402596446182181,0.4636151882462625,0.3177021609997654,0.5034673178619614,0.0,0.3245388463422642
0.3467980208164213,0.3872103185398158,0.0,0.0,0.187396665000668,0.3523057027314032,0.2088596008892457,0.369340432604903,0.2697616577384697,0.3823389588370557,0.0,0.0,0.3595948143876264,0.0,0.4959381905762314,0.4360991047411019,0.3829708332462921,0.3410621319604591,0.0,0.5738892605259375,0.446376963752636,0.0,0.3858889247680962,0.0,0.31435007562208,0.4992933348639147,0.3591647893657405,0.36788236380827,0.389619054033726,0.4382620707501348,0.3194421342564575,0.1669829628287692,0.2929891399111122,0.2654620482309732,0.1267327135063343,0.2160628983240932,0.0841723809552323,0.0,0.0956972866623234,0.1163673317345636,0.0,0.0,0.0,0.0,0.0,0.2219307344050695,0.1583534026513219,0.0,0.0,0.0,0.2446576014161321,0.0,0.0,0.0,0.0,0.0,0.0,0.0,0.0,0.5339716091041177,0.0780394924488005,0.0,0.1362032765618664,0.0,0.5268256975005112,0.3349216859201196,0.3874506304229889,0.365786747404813,0.0,0.163619569357807,0.2941106157453574,0.4807355112594056,0.0,0.3528188155683968,0.0,0.1704992953460222
0.3801002923629991,0.4024504551132671,0.5276716359674913,0.0,0.0828428544817212,0.6253523297458189,0.079579971300412,0.4817858512178939,0.2687458709571215,0.2204318580705862,0.4575387274275923,0.0,0.3298942839752251,0.1999161562765784,0.4206737512249327,0.149732068167932,0.0,0.2994105897765582,0.3841164466948655,0.3326499191698054,0.4728401851745277,0.3858889247680962,0.0,0.2748381677299575,0.4264591283615903,0.530380579542672,0.3442459941931661,0.15179492855619,0.3274046184413928,0.289484359529244,0.253551585155426,0.1817593178414127,0.3497962819666925,0.239241488600803,0.109066918127711,0.0266378177545484,0.0,0.0,0.2559292408081105,0.2525736447980918,0.1676424596721369,0.0268506977043653,0.1937099989558053,0.0,0.0,0.0,0.3241692966837702,0.2813761112759506,0.0,0.2192833371945498,0.5268213450515701,0.2933644873272374,0.3569963574864926,0.3623198088211196,0.0,0.3044950657401624,0.0,0.3891125004927864,0.0991673105524456,0.4179800660053618,0.0,0.0,0.0,0.3719288591221669,0.3682342714755756,0.4500622651803054,0.3109247973841978,0.4923870266893011,0.0,0.0,0.3264149167808135,0.4121352013745005,0.2252204349471925,0.3515688642102216,0.2623318298375631,0.205238995677274
0.2588957562477565,0.0,0.0,0.0,0.0,0.0,0.4064460640352339,0.4504754281218412,0.0,0.2816714996479695,0.0,0.280413454778454,0.4313789198915155,0.0,0.4075510726696331,0.2141549985360909,0.2247168024825853,0.3016526318029328,0.0,0.0,0.2462107643049186,0.0,0.2748381677299575,0.0,0.1325220235906668,0.3765751749120476,0.461124117995148,0.3911375569895399,0.0,0.0,0.1635579227528183,0.0644127117029428,0.0,0.0817247201559983,0.0,0.2445938408966188,0.0,0.3313350993296122,0.0,0.059755932132384,0.0,0.0,0.0,0.0,0.0,0.0301691381012644,0.0,0.0,0.0,0.0,0.0,0.0,0.0,0.0,0.0,0.0,0.0638965945386131,0.0,0.0,0.0,0.1057702508964411,0.3131862248179777,0.3760557744801689,0.0,0.0,0.0,0.0,0.0,0.4611639724135696,0.2423965720510865,0.4437500920382406,0.0,0.0,0.0,0.0,0.0576843516062973
0.5911642543130791,0.2530827202156985,0.0,0.0,0.0301412720876421,0.4362503837664063,0.0,0.1570338687839027,0.0,0.191396538745834,0.0,0.0807544201197515,0.2722887983567501,0.0,0.4079505313460832,0.3616390653547184,0.5075052979544163,0.5048619749148028,0.0,0.339382604633947,0.4548901715735796,0.31435007562208,0.4264591283615903,0.1325220235906668,0.0,0.5098919644731257,0.4020100779589541,0.1087628046717534,0.4766609970258552,0.0,0.3955551155437253,0.2308645674517101,0.3777714142108609,0.2971952043537928,0.0,0.0,0.0,0.1365547988937624,0.3928030267634581,0.4669859598064091,0.4003803340481246,0.1370127127050353,0.0,0.0,0.0,0.5912900197046455,0.463347948959333,0.0,0.0,0.0,0.0,0.0,0.0,0.0,0.0918700558025822,0.0,0.0720421176856317,0.0,0.0,0.0,0.4216339157485933,0.0,0.2457471967968718,0.0,0.3624154919369474,0.4785821327971636,0.4826615376447101,0.0,0.4754030590464597,0.4707811035591191,0.4391421982984901,0.0,0.0,0.0,0.0,0.3817281154954806
0.4702396916874894,0.359683840669288,0.0,0.0,0.0,0.5172114318303027,0.1344811159002521,0.4038395193137525,0.0,0.3537627033318712,0.0,0.3956950550569696,0.3707343790337736,0.0,0.4885763720184679,0.3531274609851476,0.5285093522821696,0.4172215242674802,0.0,0.4551183310336944,0.5164565650032612,0.4992933348639147,0.530380579542672,0.3765751749120476,0.5098919644731257,0.0,0.4151546044173121,0.2547343267333587,0.4438531637244413,0.0,0.3626330702163449,0.2150568274617305,0.3788475990324375,0.3001816451948716,0.0337541810526352,0.0431505515924028,0.0,0.3380448349270176,0.234066048456939,0.2832478697602325,0.1649960380563609,0.0,0.0,0.0,0.2341611482691009,0.4099613230149776,0.3314571992714278,0.0,0.0,0.0,0.0,0.0,0.0,0.0,0.2900556718632378,0.0,0.3264341455234911,0.0,0.0,0.4915289759946549,0.162238936320251,0.0659359415516472,0.1785143696167688,0.0,0.4536129163600336,0.4994991296947972,0.4148130764202039,0.3838414479927002,0.5499016599918889,0.2931919577449772,0.4387299069209318,0.4511078807938396,0.0,0.3957112094838995,0.0,0.2641231871781842
0.4788552819139802,0.0,0.3924885304314916,0.1539132522225898,0.5235224636828946,0.3848182256236015,0.4285401717574972,0.3895047364456488,0.6316426494875378,0.3637396612700749,0.5027852356107831,0.0,0.5398005921020722,0.1936224269167715,0.5492062561837284,0.3772922416095399,0.0,0.5246638574985787,0.402789919473514,0.4976774534403052,0.3658882891371741,0.3591647893657405,0.3442459941931661,0.461124117995148,0.4020100779589541,0.4151546044173121,0.0,0.4462264312413369,0.2783632669618693,0.21721649349524,0.2888679667114859,0.1027736716609794,0.0969372805930305,0.1921274385253572,0.0,0.0883778124484362,0.392582406987453,0.0,0.1638700965987555,0.0,0.0115225488675086,0.0,0.4409198429606126,0.0,0.0,0.0,0.3379596862251719,0.5156609404591366,0.0,0.0,0.4956946575237841,0.4123982720565833,0.3361852225052132,0.6056993317263981,0.0,0.5224803245842408,0.0,0.5410518296244906,0.3166155361998475,0.5222217771804994,0.0,0.0,0.0,0.1673064265901729,0.3826951097406856,0.2501858760178005,0.414529116290786,0.4830164718870842,0.0,0.0,0.5730072706119156,0.6048893040108339,0.5090135099329774,0.431855435913805,0.4056159231715356,0.2067853121407987
0.2566181106534606,0.0,0.1169394899219481,0.3650582424000763,0.5245337588269475,0.1638393978783407,0.5016990645372367,0.3883196483320769,0.4678660988619923,0.4961076666100488,0.3332573056542138,0.1712557344555526,0.5667757768540692,0.1543471250004402,0.4468724109714592,0.3535692934714695,0.273296753812493,0.2897237385328967,0.2474376133810733,0.4383078237943325,0.2556243328089537,0.36788236380827,0.15179492855619,0.3911375569895399,0.1087628046717534,0.2547343267333587,0.4462264312413369,0.0,0.137684108904029,0.1745949385485338,0.1299676414067822,0.0,0.0164951674031752,0.2446071346442998,0.0,0.2871767963689177,0.401096328640518,0.3421408716227742,0.0,0.0,0.0,0.0,0.470017895816614,0.0,0.0,0.0,0.0,0.0,0.0,0.0,0.2179570945471183,0.0,0.4061858990383676,0.0,0.0,0.0,0.0,0.0,0.0,0.4706310003713226,0.0,0.0,0.0,0.0,0.2644808643981836,0.0830812742911653,0.0,0.4559398651907747,0.0,0.0,0.0,0.5050770431765418,0.5802044589361741,0.3015011359118209,0.0,0.0
0.4364251689407203,0.3210854416725345,0.0,0.0,0.0129194664973188,0.265173845299279,0.0161276806679189,0.1420140412278542,0.1639019648024943,0.0,0.0,0.0,0.2451534635171175,0.0,0.3524762514967207,0.3839363138595157,0.0,0.367305373679605,0.0,0.2883962539475609,0.5132755085837819,0.389619054033726,0.3274046184413928,0.0,0.4766609970258552,0.4438531637244413,0.2783632669618693,0.137684108904029,0.0,0.377671151016492,0.3505239683289496,0.2431926916662602,0.3947690365404089,0.2417926697257785,0.0705763445502195,0.0,0.0,0.0,0.2942220415077681,0.0,0.2825164079164433,0.0758055894894366,0.0,0.0,0.0,0.0,0.3046959535430303,0.0,0.0,0.0,0.2562329283753094,0.0,0.0,0.0,0.0,0.0,0.0,0.2388307938122503,0.0,0.3872580262340766,0.0,0.0,0.0,0.0,0.3660582859718981,0.5158130960067386,0.400381727310962,0.2066932642876299,0.0,0.0,0.3520757312956916,0.3824982540219032,0.2052951021228442,0.5933147274578909,0.0,0.3974625224304199
0.0,0.0,0.3779690691796856,0.0,0.0,0.2172051367533209,0.0,0.1313304894441756,0.1735530493138057,0.0,0.0,0.0,0.1302772880483824,0.0,0.0,0.2533748149790367,0.0,0.0,0.0,0.4391598663427498,0.3931104316880444,0.4382620707501348,0.289484359529244,0.0,0.0,0.0,0.21721649349524,0.1745949385485338,0.377671151016492,0.0,0.3480842599420298,0.2390668962501221,0.0,0.2117146415055267,0.06671094226059,0.0,0.0,0.0,0.29890752192857,0.0,0.0,0.0,0.0,0.0,0.0,0.0,0.0,0.0,0.0,0.0,0.0,0.0,0.0,0.0,0.0,0.0,0.0,0.0,0.0,0.0,0.0,0.0,0.0,0.0,0.5022134662642855,0.0,0.0,0.188266190550956,0.0,0.0,0.0,0.3038715693579768,0.0,0.0,0.0,0.0
0.4392841790859251,0.1220135740332044,0.3964111475058924,0.0,0.0454273422574737,0.2318453069881802,0.0,0.0455138889785885,0.2344032585823129,0.0501096456254233,0.2756957406512815,0.0292647199575005,0.1103085699165436,0.1244471707081655,0.358630744803677,0.3565659506256584,0.2801791982753989,0.41184990019482,0.1266203600385954,0.3287817493357176,0.3796525537942129,0.3194421342564575,0.253551585155426,0.1635579227528183,0.3955551155437253,0.3626330702163449,0.2888679667114859,0.1299676414067822,0.3505239683289496,0.3480842599420298,0.0,0.2097196747631806,0.1941889936602104,0.1638840161101064,-0.0012593538347063,0.0,0.0,0.1841020562127768,0.2497662600973198,0.238434581021403,0.2389569964817853,0.0,0.0,0.0,0.0,0.4359877698081356,0.2662887158585862,0.0,0.0,0.0,0.2695359705993565,0.0,0.0,0.0,0.0,0.0,0.009079851203269,0.0,0.0,0.3131422998385785,0.3568171678450973,0.0,0.1772984900333333,0.0,0.4088448487101818,0.3562291917611269,0.4492708621939302,0.1170488787101999,0.3372407304819412,0.1967155231021688,0.2315556142084802,0.2822284320586125,0.2273333097539716,0.3115678132721377,0.0,0.4727320697877414
0.2784967805474618,0.1200924946970705,0.2017667588502803,0.0,0.0,0.1897416453243156,0.0,0.0782843467751898,0.0279544418131552,0.0,0.1085850461838431,0.0,0.0,0.1079785645050495,0.2303347023133104,0.0551472032886264,0.1289259679049156,0.1543319553081637,0.1642272981722498,0.1200595904067519,0.2625678182591796,0.1669829628287692,0.1817593178414127,0.0644127117029428,0.2308645674517101,0.2150568274617305,0.1027736716609794,0.0,0.2431926916662602,0.2390668962501221,0.2097196747631806,0.0,0.2903124622171726,0.2209561420145411,0.053864617007605,0.0513799201178598,0.0,0.0778673932445331,0.4642313944807606,0.3231991104926854,0.339829773320592,0.1926252154446051,0.014352810766283,0.1543394923775829,0.2316325322183821,0.304192560340762,0.2874556423916595,0.0,0.0,0.0,0.1905792942757988,0.0,0.0,0.0354994271207205,0.0141477717624641,0.0,0.0,0.0425743967633182,0.0,0.1939184477673632,0.2329484175102662,0.0,0.0727455144028966,0.1903285917679862,0.2303195048875085,0.2848896654004489,0.3259171883277211,0.0495551263278506,0.2014018407865009,0.1311727644406116,0.1760423011570179,0.0842398186446379,0.0117192795811834,0.2196795381337614,0.0,0.2703179336412064
0.3205765147543872,0.4221499936930042,0.0,0.0,0.0,0.2865603183677422,0.0,0.1212686320986115,0.0259095908108406,0.1609288202909305,0.2596751126772998,0.196225524581648,0.0612156155479921,0.0,0.2288180716824135,0.187869579974818,0.3565277510271387,0.1841611499515817,0.0,0.1515529298791026,0.3462987551801897,0.2929891399111122,0.3497962819666925,0.0,0.3777714142108609,0.3788475990324375,0.0969372805930305,0.0164951674031752,0.3947690365404089,0.0,0.1941889936602104,0.2903124622171726,0.0,0.3762083790104514,0.2086784262646886,0.0,0.0,0.2054644130529373,0.2884979111444869,0.4685670113338571,0.3344025535925398,0.1878132033815377,0.0,0.0,0.4012067982612989,0.3743174087681212,0.1756756132549822,0.0,0.0,0.0,0.0,0.0,0.0,0.0,0.3066241083436042,0.0,0.2555152287922,0.0,0.0,0.2407745798664513,0.1247250818148997,0.0,0.0,0.0,0.2357690158319829,0.4179954238303482,0.2474331680969951,0.1005527164286691,0.2361193548074252,0.1137938549713432,0.1457476498692502,0.1760035380969926,0.0,0.3173068739394233,0.0,0.2711676876419667
0.2916946417553768,0.226534420796189,0.2211303532975549,0.0,0.0705478894791599,0.2636424676332516,0.111364360630827,0.211999696821524,0.1433723805362421,0.2381682656918082,0.1834101691402289,0.1745174137662397,0.2487705059705406,-0.0002531336169038,0.2444243866477336,0.2799205560417572,0.3592196459148784,0.284363987255895,0.2016818003798364,0.1510236966027559,0.2389926061123297,0.2654620482309732,0.239241488600803,0.0817247201559983,0.2971952043537928,0.3001816451948716,0.1921274385253572,0.2446071346442998,0.2417926697257785,0.2117146415055267,0.1638840161101064,0.2209561420145411,0.3762083790104514,0.0,0.1486756692970538,0.0290668637056172,0.0874302768207987,0.249810993395713,0.1575791607797214,0.3188103613776681,0.2260793272103754,0.0,0.141974329527466,0.0,0.1468681422569672,0.2328642598197427,0.1367712439223863,0.0,0.0,0.0,0.2329656411863766,0.0,0.1073335743434773,0.0,0.1826057468788242,0.0,0.1856116793558169,0.0,0.0,0.2353794762573423,0.0873806251587637,0.0,0.1355809557749349,0.0,0.1217422784065783,0.228320044276981,0.1515148444553673,0.1684696078932194,0.2035340518526953,0.168190993000593,0.1947512328084328,0.2571249129510954,0.2201975752646786,0.2773146772775943,0.0,0.0977481973862891
0.0,0.4708715853876094,0.0388762972507209,0.0,0.0,0.0124671937612965,0.0,0.0,0.0,0.0188599053372747,0.0,0.2160139726613051,0.0,0.0,0.0,0.0,0.0471842715393497,0.0,0.0,0.0,0.1023241826240313,0.1267327135063343,0.109066918127711,0.0,0.0,0.0337541810526352,0.0,0.0,0.0705763445502195,0.06671094226059,-0.0012593538347063,0.053864617007605,0.2086784262646886,0.1486756692970538,0.0,0.0,0.0,0.0,0.0,0.0,0.0201053842173607,0.2127679406608958,0.0,0.0,0.1960793862900324,0.0,0.0,0.0,0.0,0.0,0.0,0.0,0.0,0.0,0.0,0.0,0.3432442460251246,0.0,0.0,0.0,0.0,0.0,0.0,0.0,0.0,0.1313012309204972,0.0,0.0,0.0,0.0,0.0,0.0,0.0,0.0,0.0,0.0
0.0,0.0,0.0,0.2687069471816667,0.2344121856775063,0.0689180348759948,0.1854976525754636,0.2514971965354002,0.0875714225919376,0.1313839743619636,0.0348468633111911,0.1625707333558242,0.1703454770741924,0.1781228591834879,0.1519421603872267,0.0,0.0,0.0,0.0292808088129237,0.1806533717274193,0.0106493479222512,0.2160628983240932,0.0266378177545484,0.2445938408966188,0.0,0.0431505515924028,0.0883778124484362,0.2871767963689177,0.0,0.0,0.0,0.0513799201178598,0.0,0.0290668637056172,0.0,0.0,0.2376775896257932,0.0697410669115728,0.0,0.0,0.0,0.0,0.289373971669532,0.1841662224136598,0.0,0.0,0.0,0.1470526557733526,0.0,0.0,0.0,0.1315845902133804,0.226875263463425,0.0151141181409545,0.0,0.1124921051622846,0.0229472851928684,0.1072482999253787,0.1837837602694424,0.0,0.0,0.0,0.0,0.0,0.0,0.0,0.0,0.1663313506496085,0.0,0.0,0.0,0.0901354927931494,0.2005987578663097,0.0,0.0,0.0
0.0,0.0,0.0,0.4324756814871629,0.500213544910187,0.0511084925335914,0.4766177072166424,0.2444114349709527,0.4036097945315247,0.245960235620731,0.0972324355625279,0.0,0.3693746186640037,0.1631307648536117,0.0,0.0,0.0,0.0,0.1305819757191036,0.2087845427745468,0.0,0.0841723809552323,0.0,0.0,0.0,0.0,0.392582406987453,0.401096328640518,0.0,0.0,0.0,0.0,0.0,0.0874302768207987,0.0,0.2376775896257932,0.0,0.1479360285340686,0.0,0.0,0.0,0.0,0.0,0.0,0.0,0.0,0.0,0.0,0.0,0.0,0.0,0.0,0.0,0.0,0.0,0.0,0.0,0.0,0.0,0.0,0.0,0.0,0.0,0.0,0.0,0.0,0.0,0.0,0.0,0.0,0.0,0.0,0.0,0.0,0.0,0.0
0.0,0.0,0.0,0.0,0.2543142078117306,0.0,0.315960975809384,0.0,0.2568452887535838,0.3503366780569242,0.2700014482154113,0.2565680725806141,0.318122221882459,0.0,0.0,0.0,0.2903888003637249,0.0,0.0,0.0,0.0,0.0,0.0,0.3313350993296122,0.1365547988937624,0.3380448349270176,0.0,0.3421408716227742,0.0,0.0,0.1841020562127768,0.0778673932445331,0.2054644130529373,0.249810993395713,0.0,0.0697410669115728,0.1479360285340686,0.0,0.0,0.0886982335076602,0.0,0.0,0.0,0.0,0.0291703913594612,0.0,0.0,0.0,0.0,0.0,0.0,0.0,0.0,0.0,0.2236735364667376,0.0,0.2104092460887126,0.0,0.0,0.0,0.0,0.0,0.0,0.0,0.0,0.0,0.0,0.0,0.2643177195807573,0.0,0.2691381650123124,0.0,0.0,0.0,0.0,0.0
0.3707328076807625,0.0867833553503966,0.3415561802020532,0.0,0.0,0.222446559657288,0.0,0.0031071445603848,0.0659069757735608,0.0,0.202860858256314,0.0,0.0,0.0,0.2581423965573295,0.0311874073098304,0.0,0.2369284425704598,0.1217210657449274,0.127053781874194,0.293208998774408,0.0956972866623234,0.2559292408081105,0.0,0.3928030267634581,0.234066048456939,0.1638700965987555,0.0,0.2942220415077681,0.29890752192857,0.2497662600973198,0.4642313944807606,0.2884979111444869,0.1575791607797214,0.0,0.0,0.0,0.0,0.0,0.4202744509688462,0.4871337509014251,0.3088554289724556,0.0,0.0909788799424253,0.3731934414369363,0.4670480165960601,0.4049723720387864,0.0,0.0,0.0,0.2862614957454906,0.0,0.0,0.1133276394726432,0.0,0.0,0.0,0.0194202278126724,0.0,0.1813951338654223,0.3839795920684817,0.0,0.0981191146948055,0.1544039967967047,0.261321058893062,0.3540698764585195,0.4499999769356753,0.0272470693578016,0.2798183730125019,0.2267590862918951,0.2357064656013494,0.0754398768883061,0.0,0.2866092638188625,0.3986528109430752,0.3865685707309363
0.4437803958079349,0.057704534911515,0.0,0.0,0.0,0.0,0.0,0.0,0.0,0.0333852316830706,0.0,0.0,0.0,0.0,0.2724082965745385,0.2040924703376384,0.3058318941884345,0.3441400815526237,0.0,0.1476831417627436,0.2931335579040779,0.1163673317345636,0.2525736447980918,0.059755932132384,0.4669859598064091,0.2832478697602325,0.0,0.0,0.0,0.0,0.238434581021403,0.3231991104926854,0.4685670113338571,0.3188103613776681,0.0,0.0,0.0,0.0886982335076602,0.4202744509688462,0.0,0.4333731330184223,0.1403847641943122,0.0488656082788168,0.1304439026528508,0.3189475510165753,0.4272529521393744,0.4065320724152849,0.0,0.0,0.0,0.3439383060072788,0.0,0.0,0.2713284462764722,0.0,0.1635149535259048,0.0,0.153679157094198,0.0,0.2098640976086906,0.426572848165851,-0.0040860196433744,0.2249497277663749,0.0,0.1924283839273032,0.3491779354424403,0.378351523544917,0.1025015925312552,0.3300795459264816,0.3769280123483516,0.3470886470190089,0.2144693501355378,0.0787976368336798,0.3844413733829114,0.3312902581497146,0.3380240035638493
0.3063560326620438,0.1560505465925289,0.0,0.0,0.0,0.1892472576396198,0.0,0.0,0.0,0.0,0.0,0.0,0.0,0.0,0.0475404281994307,0.0478948519754669,0.1514118398822871,0.1855837771811715,0.0,0.0,0.1636581500651764,0.0,0.1676424596721369,0.0,0.4003803340481246,0.1649960380563609,0.0115225488675086,0.0,0.2825164079164433,0.0,0.2389569964817853,0.339829773320592,0.3344025535925398,0.2260793272103754,0.0201053842173607,0.0,0.0,0.0,0.4871337509014251,0.4333731330184223,0.0,0.4219912168697963,0.0,0.0305560677905284,0.4833141392015997,0.4893958159295852,0.3543096945837306,0.0,0.0,0.0,0.2111407089769812,0.0,0.0,0.0254993678407052,0.0,0.0,0.0,0.0,0.0,0.0,0.3925332599074242,0.0,0.0,0.0718872253172658,0.1306889258388485,0.3281018980696101,0.384166589040852,0.0,0.1652566321054084,0.1725074186690144,0.0596588688164901,0.0,0.0,0.1650164514772932,0.2595937188613165,0.4446596092324225
0.0,0.2386519029349035,0.0,0.0,0.0,0.0,0.0,0.0,0.0,0.0,0.0,0.0,0.0,0.0,0.0,0.0,0.0,0.0,0.0,0.0,0.0,0.0,0.0268506977043653,0.0,0.1370127127050353,0.0,0.0,0.0,0.0758055894894366,0.0,0.0,0.1926252154446051,0.1878132033815377,0.0,0.2127679406608958,0.0,0.0,0.0,0.3088554289724556,0.1403847641943122,0.4219912168697963,0.0,0.0,0.0,0.4173107864231413,0.2981777907099976,0.0799989815708352,0.0,0.0,0.0,0.0,0.0,0.0,0.0,0.0387853941213749,0.0,0.0209973883436447,0.0,0.0,0.0,0.065514180300948,0.0,0.0,0.0678151123546142,0.0,0.1522563405058906,0.0916472834128154,0.0,0.0,0.0,0.0,0.0,0.0,0.0,0.0,0.222465137468496
0.0,0.0,0.1354988375039343,0.0,0.5286824148174314,0.2421910089354368,0.0,0.4165546268013375,0.4582147089631163,0.0,0.2973038484275332,0.0,0.445596224636676,0.2300071080859166,0.0,0.0,0.0,0.0,0.2908092548586409,0.0,0.0,0.0,0.1937099989558053,0.0,0.0,0.0,0.4409198429606126,0.470017895816614,0.0,0.0,0.0,0.014352810766283,0.0,0.141974329527466,0.0,0.289373971669532,0.0,0.0,0.0,0.0488656082788168,0.0,0.0,0.0,0.3802447531758725,0.0,0.0,0.0,0.4001246906345713,0.2252177446186573,0.3500677229366797,0.3034281559090964,0.433423912770851,0.4542391741774761,0.3958280810914268,0.0,0.4235905230855183,0.0786074739804411,0.4546318364435233,0.3465953726409788,0.3796956668876623,0.0,0.340467791670357,0.0,0.0910037640785227,0.1966706969305512,0.0355986453649504,0.1556860192614273,0.4608131546099013,0.3302983882943918,0.2669745796130486,0.3981747242798277,0.4341178901399989,0.4645298151177985,0.217257268797225,0.0,0.0
0.0,0.0,0.0,0.0,0.0,0.0,0.0,0.0,0.0,0.0,0.0,0.0,0.0,0.0,0.0,0.0,0.0,0.0,0.0,0.0,0.0,0.0,0.0,0.0,0.0,0.0,0.0,0.0,0.0,0.0,0.0,0.1543394923775829,0.0,0.0,0.0,0.1841662224136598,0.0,0.0,0.0909788799424253,0.1304439026528508,0.0305560677905284,0.0,0.3802447531758725,0.0,0.0,0.0,0.0,0.226234127926199,0.0281994577700976,0.2178236256481579,0.3229729083312287,0.2173474394376799,0.2580291364402958,0.3156456089260084,0.0,0.2319294934728206,0.0496172759522165,0.3105012976645483,0.1697001376139379,0.0,0.0,0.0,0.0,0.0746040420115014,0.0,0.0,0.0,0.2183807428969867,0.0,0.0,0.0,0.2368680101884442,0.2813191072790533,0.0751994070259988,0.0,0.0586694004122703
0.0,0.0,0.0,0.0,0.0,0.0,0.0,0.0,0.0,0.0,0.0,0.0808914577475706,0.0,0.0,0.0,0.0,0.0,0.0,0.0,0.0,0.0,0.0,0.0,0.0,0.0,0.2341611482691009,0.0,0.0,0.0,0.0,0.0,0.2316325322183821,0.4012067982612989,0.1468681422569672,0.1960793862900324,0.0,0.0,0.0291703913594612,0.3731934414369363,0.3189475510165753,0.4833141392015997,0.4173107864231413,0.0,0.0,0.0,0.4454646426613947,0.0,0.0,0.0,0.0,0.0,0.0,0.0,0.0,0.1928063708170776,0.0,0.184006026696037,0.0,0.0,0.0,0.0,0.0,0.0,0.0,0.0,0.0,0.0,0.0,0.1590387123931222,0.0,0.0,0.0,0.0,0.0,0.0,0.3654152749200672
0.5380034089184066,0.2543593068584214,0.0,0.0,0.0,0.0,0.0,0.0,0.0,0.0,0.0,0.0,0.0,0.0,0.0,0.2029669666389502,0.0,0.3707013873446543,0.0,0.0,0.4569379419651244,0.2219307344050695,0.0,0.0301691381012644,0.5912900197046455,0.4099613230149776,0.0,0.0,0.0,0.0,0.4359877698081356,0.304192560340762,0.3743174087681212,0.2328642598197427,0.0,0.0,0.0,0.0,0.4670480165960601,0.4272529521393744,0.4893958159295852,0.2981777907099976,0.0,0.0,0.4454646426613947,0.0,0.4044995971042545,0.0,0.0,0.0,0.3793941278507418,0.0,0.0,0.0,0.0770942575395779,0.0,0.0481779082939275,0.1188318304565426,0.0,0.2616182983372034,0.4151012306206708,0.0,0.06080613013562,0.0,0.3505122979025055,0.5055892994589026,0.5180391915631162,0.0699926569978021,0.4065989469118642,0.295686332212686,0.2823669908034816,0.2039635673010314,0.0313465186198461,0.3803704827622065,0.0,0.4682658372473428
