0.0,0.0,0.0,0.0,0.0,0.0884688558758838,0.0,0.1675279906996471,0.0,0.1352511835982474,0.0,0.0322426090745066,0.0,0.0,0.2196717022375027,0.2257017781780808,0.0920578656154059,0.0,0.0,0.1351044087475752,0.3982862630433724,0.1905432265341565,0.1387367150611236,0.380701835176157,0.1845998165437573,0.1719010353124498,0.0558482705017477,0.202831164090291,0.2579778740827274,0.0,0.357072665969407,0.2137888951249486,0.249652164182871,0.2497052218003029,0.1753692622207417,0.0,0.0,0.0,0.2250763199735232,0.2853516268978437,0.2287285314266333,0.0,0.0,0.0,0.0,0.5309564173192828,0.1979686594437411,0.0,0.0,0.0,0.0,0.0,0.0,0.0,0.1899157630943852,0.0,0.0,0.0,0.0,0.0,0.0692555975718793,0.0,0.1517724466758084,0.0,0.0,0.5036646745214964,0.2539699665573103,0.0,0.4105955453193691,0.2452365119112796,0.2898235449606177,0.0,0.0,0.0,0.0,0.0
0.0,0.0,0.0,0.0,0.0,0.0,0.0,0.1675587882469087,0.0,0.0,0.0,0.0,0.1371693395397376,0.0,0.0,0.0955826731253642,0.0,0.2412607719951287,0.0,0.0,0.3032908280834931,0.2894395712007326,0.0370726462528287,0.0,0.1598973756533554,0.4930894326054864,0.0,0.1127262339092491,0.1983192866904455,0.0,0.0466207210351595,0.2387674804779919,0.1916002881351059,0.2164289795551358,0.0,0.0,0.0,0.0,0.2286323532262174,0.0185889663416622,0.1642179165081592,0.044290415510635,0.0,0.0,0.0,0.0,0.0,0.0,0.0,0.0,0.0,0.0,0.0,0.0,0.0,0.0,0.0,0.0,0.0,0.0977460213312226,0.1978639362484907,0.0,0.0,0.0,0.0,0.18408621459696,0.0,0.082532849734234,0.0,0.0,0.0,0.4037077291720016,0.0,0.1480504138319801,0.0,0.0256403628603627
0.0,0.0,0.0,0.0,0.4023616234556459,0.4069752994169482,0.2862533814742692,0.2292510140187073,0.4889470539970723,0.0971343094705691,0.601970669050853,0.0,0.326631766561999,0.3627501153941906,0.0,0.0,0.0,0.0,0.5614229104262012,0.0,0.0,0.0,0.4598773633047928,0.0,0.0,0.0,0.4582291104460333,0.4073929981142001,0.0,0.3443044361593336,0.2655233778664985,0.0,0.0,0.0,0.0,0.1664751294195426,0.0462534909134711,0.0,0.0,0.0,0.0,0.0,0.0,0.0,0.0,0.0,0.0,0.6486800893808585,0.0,0.1029883594121037,0.2734098686173513,0.0,0.1919758705594473,0.4896610362787237,0.0,0.5662940542550953,0.0,0.0,0.2244646198633739,0.0,0.0,0.0,0.0,0.5463208711691806,0.0,0.0,0.0,0.4135797818298705,0.0,0.0,0.0,0.2840025561982837,0.0,0.0,0.0,0.0
0.0,0.0,0.0,0.0,0.2505136827168645,0.2581835757393342,0.3634955956608651,0.0,0.0904074551597159,0.2225986430445475,0.191687963236271,0.0,0.2737185404946269,0.2028100846889799,0.0,0.0,0.0,0.0,0.2476661256699386,0.0,0.0,0.0,0.128475124837873,0.0,0.0,0.0,0.1186839809431231,0.230286249187662,0.0,0.0,0.0,0.0,0.0,0.0,0.0,0.2518411147314532,0.1434859708432274,0.0,0.0,0.0,0.0,0.0,0.0,0.0,0.0,0.0,0.0,0.0,0.0,0.0,0.0,0.0,0.0,0.0,0.0,0.0,0.0,0.0,0.0,0.0,0.0,0.0,0.0,0.0,0.0,0.0,0.0,0.0,0.0,0.0,0.0,0.0,0.0,0.0,0.0,0.0
0.0,0.0,0.4023616234556459,0.2505136827168645,0.0,0.343014483135248,0.3303560703517712,0.1447190726739262,0.5244715669426584,0.1523357244614198,0.4377504324917862,0.3473885908064507,0.3975904088390985,0.3539682926826554,0.0,0.0,0.0,0.0,0.3615728554177493,0.3886396648713074,0.0,0.2464542512575281,0.1884098978623555,0.0,0.0248037216596957,0.0,0.3590756796907041,0.4079500812717633,0.1785331412941896,0.0,0.2321717955187567,0.0,0.0,0.0361160099051119,0.0,0.1887564769013349,0.0,0.0,0.0,0.0,0.0,0.0,0.0167778589926766,0.0,0.0,0.0,0.0,0.3906738738155519,0.0,0.0,0.0,0.0,0.122463247986333,0.5400020336638144,0.0,0.4755955101299828,0.0,0.0,0.0,0.0,0.0,0.0,0.0,0.0,0.0,0.0,0.0,0.2412380855542601,0.0,0.0,0.0,0.2165865862196163,0.0,0.0,0.0,0.0
0.0884688558758838,0.0,0.4069752994169482,0.2581835757393342,0.343014483135248,0.0,0.261605323925983,0.3204075141221622,0.3647633154158218,0.2849459844559568,0.3365312368814654,0.0,0.4355321755283679,0.3049228122508706,0.3070841764018676,0.3158414087578107,0.0,0.2341281843896995,0.3432548256955826,0.4026602047243785,0.0,0.212869909688785,0.4431113498399514,0.0,0.2458747369498342,0.2405021142322281,0.3996559452539576,0.3570972875920146,0.2904798200434991,0.3440971729305779,0.1879825862664597,0.0,0.0,0.0,0.0,0.13960851448557,0.0,0.0,0.0,0.0,0.0,0.0,0.0375930465880827,0.0,0.0,0.0,0.0,0.4551114512150127,0.0,0.0,0.4180246691251129,0.2048685113652138,0.2641422562410859,0.3860786319922296,0.0,0.3305083118080114,0.0,0.238646033182768,0.0,0.2799350221193291,0.0,0.0,0.0,0.3560691361861423,0.3968077346250416,0.026304106324493,0.380007758193401,0.4145358407260712,0.0,0.0,0.0,0.1172826429205009,0.3004846753940857,0.0928520540532765,0.0,0.0920829705980342
0.0,0.0,0.2862533814742692,0.3634955956608651,0.3303560703517712,0.261605323925983,0.0,0.0187461824744517,0.2120120458797744,0.3668649503618813,0.1975538119052336,0.3664651314960175,0.2816166431101817,0.1565801700222469,0.0,0.1615403219366795,0.1522278570877897,0.2066611272676221,0.2482875885460251,0.2418808313880894,0.0,0.1644807038755977,0.0931509340554014,0.1104050734308366,0.1752572461263321,0.0415855742464758,0.248625108225734,0.1628963383012268,0.2212895284934501,0.0,0.1731898980698885,0.0,0.0,0.0,0.0,0.1417871861233678,0.0,0.0,0.0,0.0,0.0,0.0,0.0,0.0,0.0,0.0,0.0,0.0,0.0,0.0,0.0559556360608735,0.0,0.0,0.0,0.0,0.0,0.0,0.0,0.0,0.0,0.0,0.0,0.0,0.0,0.0,0.0,0.0,0.0991152051415711,0.0,0.0,0.0,0.1551850704122661,0.0,0.0,0.0,0.0
0.1675279906996471,0.1675587882469087,0.2292510140187073,0.0,0.1447190726739262,0.3204075141221622,0.0187461824744517,0.0,0.2715425448149755,0.0820231253212319,0.340128617608661,0.0,0.2803972425169512,0.2348383163574958,0.2953593907057389,0.1921901971297044,0.0,0.1009422578254425,0.2260468251798517,0.315545559555257,0.214399956722838,0.2895372552134308,0.4498001512007397,0.3160304297306244,0.1088048981495301,0.3693856348238339,0.1580676705105806,0.2392262977202646,0.1344607341016616,0.1827869571191817,0.2923608608090521,0.0778990865608007,0.0838670267825575,0.2615684731399638,0.1626889701508658,0.1347594747340006,0.0,0.0,0.0478170655819031,0.0,0.0,0.0,0.0843399579157268,0.0,0.0,0.0,0.0,0.2231073946243388,0.0,0.0878500705173833,0.275757468061081,0.1504725509889847,0.5754463884289618,0.262792720614218,0.0,0.2772438062864075,0.0,0.1929849070039114,0.2298930505109533,0.3440437227466955,0.0,0.0,0.0,0.2304979426751236,0.2964488927680452,0.3087024667958937,0.0,0.4308792578423616,0.0,0.0,0.0,0.1616138115089681,0.1810523651496376,0.0484339585274691,0.0,0.0
0.0,0.0,0.4889470539970723,0.0904074551597159,0.5244715669426584,0.3647633154158218,0.2120120458797744,0.2715425448149755,0.0,0.0319386427418194,0.5374707392161908,0.2388230703684058,0.3981555633596364,0.2589939213489569,0.0,0.358191948995962,0.0,0.0,0.4739497958766646,0.476354850269075,0.0,0.3024065937262586,0.3094400580869232,0.0,0.0,0.0,0.489619363841104,0.4344233983177663,0.174547929217423,0.3471182569869245,0.3441205159313192,0.0,0.0,0.1853271131291682,0.0126463800768327,0.0692202987750049,0.0,0.0,0.0,0.0,0.0,0.0,0.0,0.0,0.0,0.0,0.0,0.4864548034678798,0.0,0.0,0.22801986493048,0.0,0.1993872717539125,0.6371480856646469,0.0,0.5553819697583405,0.0,0.0,0.22153466581729,0.0,0.0,0.0,0.0,0.4311683486908707,0.0,0.0,0.0,0.2937686368618529,0.0,0.0,0.0,0.2286899285050658,0.0,0.0,0.0,0.0
0.1352511835982474,0.0,0.0971343094705691,0.2225986430445475,0.1523357244614198,0.2849459844559568,0.3668649503618813,0.0820231253212319,0.0319386427418194,0.0,0.0,0.4813979291095008,0.2540534505412963,0.0688704419834115,0.0,0.2104553091852104,0.5328162849502597,0.4016415463645851,0.0523030205888224,0.0,0.0,0.2305280805529376,0.0780025371202117,0.3778140781514143,0.4409058642991771,0.3324177982920118,0.0341635054716971,0.2069416019620797,0.0,0.0,0.167148867758878,0.0,0.1165171329591721,0.0,0.0,0.2866408180632064,0.0412090075763888,0.0,0.0,0.0345649433335673,0.0,0.0,0.0,0.0,0.1130651567061288,0.0,0.0,0.0,0.0,0.0,0.0,0.0,0.0,0.0,0.4722738179396638,0.0,0.3908335008496921,0.0,0.0,0.0,0.0,0.2849976267130609,0.3494466659706247,0.0,0.0,0.0,0.0,0.0,0.1927978165663747,0.146990973836495,0.1425792224800369,0.0,0.1255504936297848,0.0,0.0,0.1348887721029653
0.0,0.0,0.601970669050853,0.191687963236271,0.4377504324917862,0.3365312368814654,0.1975538119052336,0.340128617608661,0.5374707392161908,0.0,0.0,0.2438727111442417,0.3080930346810614,0.3812753756735941,0.0,0.0,0.0,0.0,0.5751716299894853,0.0,0.0,0.0,0.4339640308275187,0.0,0.0,0.0,0.4275165998898405,0.3762479553444531,0.0,0.0,0.2710417547101362,0.0,0.0,0.0486195756147727,0.0,0.1374915990890468,0.0,0.0,0.0,0.0,0.0,0.0,0.0,0.0,0.0,0.0,0.0,0.5762530804899135,0.0,0.1608848558238307,0.2408372532611888,0.1145570447021222,0.2753864092428904,0.5130044698740397,0.0,0.6175021729449633,0.0,0.182814435874485,0.2638390824626605,0.0,0.0,0.0,0.0,0.558364688290864,0.0,0.0,0.0,0.3888816635254616,0.0,0.0,0.0,0.2828509282488036,0.0,0.0,0.0,0.0
0.0322426090745066,0.0,0.0,0.0,0.3473885908064507,0.0,0.3664651314960175,0.0,0.2388230703684058,0.4813979291095008,0.2438727111442417,0.0,0.3212120036062473,0.0,0.0,0.0,0.2819865273084244,0.2161915559939519,0.0,0.0,0.0,0.0,0.0,0.3321977020062811,0.2066760635248689,0.2300959599262295,0.0,0.3488563519212861,0.0,0.0,0.1984726081457292,0.0,0.0,0.0,0.0,0.2543397358893999,0.0,0.0,0.0,0.0,0.0,0.0,0.0,0.0,0.0,0.0,0.0,0.0,0.0,0.0,0.0,0.0,0.0,0.0,0.4753509110522689,0.0,0.6187742187602746,0.0,0.0,0.0,0.0,0.3074367436943155,0.3315012385426685,0.0,0.0,0.0,0.0,0.0,0.2408616069824484,0.1073045565287416,0.2351596612608062,0.0,0.0,0.0,0.0,0.0
0.0,0.1371693395397376,0.326631766561999,0.2737185404946269,0.3975904088390985,0.4355321755283679,0.2816166431101817,0.2803972425169512,0.3981555633596364,0.2540534505412963,0.3080930346810614,0.3212120036062473,0.0,0.2044202614865834,0.2916763210999961,0.4083956685813216,0.2229639463678603,0.3070563740140629,0.2140028163484898,0.4497820364530931,0.1420090724510915,0.3833816240363488,0.3027371532555408,0.2197793223722836,0.1362886317197102,0.339394032516381,0.2412742007844852,0.5810808207143007,0.4274860251780922,0.3836271782672981,0.3417604424451828,0.0,0.0476023957003787,0.1699210797546504,0.0,0.3287950364024373,0.0963270866401804,0.0192519054358448,0.0,0.0,0.0,0.0,0.2222849513067959,0.0,0.0,0.0,0.0,0.3365191406488375,0.0,0.0,0.3589882245731122,0.0,0.2026868269889593,0.0,0.0,0.0,0.0,0.0,0.0,0.0,0.0,0.0,0.0,0.0,0.0,0.0,0.0,0.3410254656126694,0.0,0.0,0.0,0.2501219055210127,0.0,0.2528293488916516,0.0,0.0
0.0,0.0,0.3627501153941906,0.2028100846889799,0.3539682926826554,0.3049228122508706,0.1565801700222469,0.2348383163574958,0.2589939213489569,0.0688704419834115,0.3812753756735941,0.0,0.2044202614865834,0.0,0.0,0.0,0.0,0.0,0.299116693082878,0.0,0.0,0.0,0.3131607442323171,0.0,0.0,0.0,0.2349059045964006,0.2172130428664662,0.0,0.0,0.0739162564406754,0.0,0.0,0.0,0.0,0.1627716793863458,0.0485695405780789,0.0,0.0,0.0,0.0,0.0,0.0,0.0,0.0,0.0,0.0,0.3341388164833883,0.0,0.0,0.0,0.0,0.0,0.2727192547439667,0.0,0.3620882385364365,0.0,0.0,0.0,0.0,0.0,0.0,0.0,0.0,0.0,0.0,0.0,0.3043547178642742,0.0,0.0,0.0,0.0,0.0,0.0,0.0,0.0
0.2196717022375027,0.0,0.0,0.0,0.0,0.3070841764018676,0.0,0.2953593907057389,0.0,0.0,0.0,0.0,0.2916763210999961,0.0,0.0,0.2856656553900358,0.0,0.1391496811812643,0.0,0.505711921323433,0.0832345855462485,0.5122139826386019,0.3814894864347065,0.3141696577733705,0.1479046498187641,0.1747677666274255,0.3268222152278274,0.3886671371191726,0.2618000061973022,0.0,0.3433005658957876,0.0,0.0,0.0,0.0,0.1555239892150241,0.0,0.0,0.0,0.0,0.0,0.0,0.0,0.0,0.0,0.0,0.2692114401493709,0.0,0.0,0.0,0.2192650251826588,0.0,0.2787687965424052,0.0,0.0,0.0,0.0,0.0,0.0,0.6016099330955977,0.041766527298107,0.0,0.0,0.0,0.4543987709096707,0.1728333728179569,0.513806485449152,0.4125815879179537,0.0,0.0,0.3045517753133318,0.1277137123543858,0.347847460118486,0.1016085575756959,0.0,0.1508052252762118
0.2257017781780808,0.0955826731253642,0.0,0.0,0.0,0.3158414087578107,0.1615403219366795,0.1921901971297044,0.358191948995962,0.2104553091852104,0.0,0.0,0.4083956685813216,0.0,0.2856656553900358,0.0,0.2242734897690928,0.4559255256883556,0.0,0.4028709626852311,0.132390862303919,0.3834623771412482,0.3368080004473408,0.2857137166988346,0.1733920552140578,0.2882349744833409,0.2163058527668186,0.4326675329810358,0.355252861773695,0.4090403945648789,0.4279339682411191,0.0,0.0968104564347961,0.1999214010032133,0.0,0.0,0.0,0.0,0.0,0.1030625203136276,0.0,0.0,0.0,0.0,0.0,0.1798607019825895,0.0826487275276349,0.0,0.0,0.0,0.0,0.0,0.0,0.0,0.0,0.0,0.0,0.0,0.0,0.2782748461742577,0.1711803860530137,0.0,0.3621291846766961,0.0,0.3378988909664064,0.1301159473675632,0.3063486880704254,0.0,0.0,0.2077651711186255,0.2240360406861171,0.0,0.0,0.0,0.0,0.176447086375955
0.0920578656154059,0.0,0.0,0.0,0.0,0.0,0.1522278570877897,0.0,0.0,0.5328162849502597,0.0,0.2819865273084244,0.2229639463678603,0.0,0.0,0.2242734897690928,0.0,0.4831043901598495,0.0,0.0797291738250606,0.0,0.1740014810602925,0.0,0.2929921630911357,0.4429132275037515,0.4001859729864926,0.0,0.1677203823475147,0.0,0.0,0.0371639246689565,0.0252385094643347,0.1211523000940124,0.0,0.0,0.0,0.0,0.0952074469764188,0.0,0.0675370824156294,0.1337944414274907,0.0,0.0,0.0,0.0,0.0,0.0,0.0,0.0,0.0,0.0,0.0,0.0,0.0,0.3095040443670883,0.0,0.1559895542908072,0.0,0.0,0.0,0.0,0.3037539020108643,0.3593092058277162,0.0,0.0,0.0,0.0,0.0,0.1170169359364334,0.0397816838842787,0.0480247144325227,0.0,0.0,0.0,0.0,0.0
0.0,0.2412607719951287,0.0,0.0,0.0,0.2341281843896995,0.2066611272676221,0.1009422578254425,0.0,0.4016415463645851,0.0,0.2161915559939519,0.3070563740140629,0.0,0.1391496811812643,0.4559255256883556,0.4831043901598495,0.0,0.0,0.2808023781008223,0.09943467780489,0.3258311863595396,0.1883627408926916,0.2074833961194487,0.4061429053543459,0.3747125143783156,0.0438499217748469,0.2497174348121431,0.3311402512649972,0.0,0.200373013516164,0.0,0.0477064203119463,0.0,0.0,0.0,0.0,0.0,0.0,0.0,0.0724065889280997,0.0,0.0,0.0,0.0,0.0,0.0,0.0,0.0,0.0,0.0,0.0,0.0,0.0,0.2135000575981826,0.0,0.1185557334787316,0.0,0.0,0.0,0.3225452298055491,0.2912261106893438,0.4099919154169533,0.0,0.0,0.0,0.1846452504931436,0.0,0.0323122751330427,0.1569150656838762,0.1000131394048462,0.0,0.0,0.0,0.0,0.1923549219848195
0.0,0.0,0.5614229104262012,0.2476661256699386,0.3615728554177493,0.3432548256955826,0.2482875885460251,0.2260468251798517,0.4739497958766646,0.0523030205888224,0.5751716299894853,0.0,0.2140028163484898,0.299116693082878,0.0,0.0,0.0,0.0,0.0,0.0,0.0,0.0,0.3459144084131935,0.0,0.0,0.0,0.4241776097341438,0.2614380012258814,0.0,0.0,0.2002844503311719,0.0,0.0,0.0,0.0,0.0464750316009625,0.0,0.0,0.0,0.0,0.0,0.0,0.0,0.0,0.0,0.0,0.0,0.5427797636184855,0.0,0.0,0.191321668672884,0.0,0.1672839378026945,0.4359086412776208,0.0,0.5320594379260702,0.0,0.0,0.1656824159352322,0.0,0.0,0.0,0.0,0.6226681939637337,0.0,0.0,0.0,0.2796645386638542,0.0,0.0,0.0,0.1210675085960659,0.0,0.0,0.0,0.0
0.1351044087475752,0.0,0.0,0.0,0.3886396648713074,0.4026602047243785,0.2418808313880894,0.315545559555257,0.476354850269075,0.0,0.0,0.0,0.4497820364530931,0.0,0.505711921323433,0.4028709626852311,0.0797291738250606,0.2808023781008223,0.0,0.0,0.0589011808579954,0.5456298272770718,0.4611436009579903,0.0,0.1614514228758342,0.2310614272238668,0.4541865169524405,0.5200885797729019,0.3580163437957015,0.4319389825790977,0.4187075446199021,0.0,0.0,0.0568898451462303,0.0,0.2161798073658148,0.0497980912561682,0.0,0.0,0.0,0.0,0.0,0.0,0.0,0.0,0.0,0.248700765700157,0.0,0.0,0.0,0.3295336186140609,0.0,0.2877902313441152,0.0,0.0,0.0,0.0,0.0,0.0,0.4606351450410523,0.0,0.0,0.0,0.0,0.5963974500579747,0.0919780431073797,0.4998501861844739,0.4656155977352919,0.0,0.0,0.3188868774569219,0.2892967754009417,0.4713718546192326,0.2143539145782532,0.0,0.1403511274489197
0.3982862630433724,0.3032908280834931,0.0,0.0,0.0,0.0,0.0,0.214399956722838,0.0,0.0,0.0,0.0,0.1420090724510915,0.0,0.0832345855462485,0.132390862303919,0.0,0.09943467780489,0.0,0.0589011808579954,0.0,0.2046140906727907,0.14994293662981,0.2894713109893599,0.1751843485049921,0.2593823582050285,0.0,0.1125157337387096,0.3503196576116272,0.0723461544200613,0.2557639561323476,0.3681850548078681,0.2730692567904346,0.2258680422216737,0.0963824320295335,0.2188435174613873,0.0,0.0,0.3683745220827818,0.2292746734235373,0.3116849208657407,0.1334043959498371,0.0,0.0,0.0,0.261397552011995,0.0,0.0,0.0,0.0,0.245993151438367,0.0,0.2676330826285386,0.0,0.0,0.0,0.0,0.0,0.0,0.1547895190251811,0.2168444810372011,0.0,0.0,0.0,0.0584077084032297,0.5664005592231127,0.0,0.2191561433441653,0.0,0.0,0.0,0.1621477998692043,0.0997741617226598,0.4408784997869522,0.0,0.306443094622849
0.1905432265341565,0.2894395712007326,0.0,0.0,0.2464542512575281,0.212869909688785,0.1644807038755977,0.2895372552134308,0.3024065937262586,0.2305280805529376,0.0,0.0,0.3833816240363488,0.0,0.5122139826386019,0.3834623771412482,0.1740014810602925,0.3258311863595396,0.0,0.5456298272770718,0.2046140906727907,0.0,0.353217135581317,0.0,0.2013771360423388,0.3784670951989603,0.2063526338915789,0.462915924191652,0.4151012416421684,0.287052792913599,0.3850115227305481,0.0,0.0,0.0846479678673437,0.0,0.3670131695316221,0.2562388515194184,0.0,0.0,0.0,0.0,0.0,0.0,0.0,0.0,0.082730943435367,0.0,0.0,0.0,0.0,0.2867846514013243,0.0,0.0,0.0,0.0,0.0,0.0,0.0,0.0,0.5048074759372299,0.195789205497714,0.0,0.3162012776890469,0.0,0.4997879194207111,0.2028044112746256,0.3941602208006082,0.3664906543136798,0.0,0.0636823933162996,0.0983977694727107,0.3546390484314856,0.0,0.2522768525104452,0.0,0.2364691617773097
0.1387367150611236,0.0370726462528287,0.4598773633047928,0.128475124837873,0.1884098978623555,0.4431113498399514,0.0931509340554014,0.4498001512007397,0.3094400580869232,0.0780025371202117,0.4339640308275187,0.0,0.3027371532555408,0.3131607442323171,0.3814894864347065,0.3368080004473408,0.0,0.1883627408926916,0.3459144084131935,0.4611436009579903,0.14994293662981,0.353217135581317,0.0,0.3049655280903872,0.2002748821187546,0.2744502021574669,0.337043862070385,0.3194487093520612,0.3033221392366054,0.316194057598281,0.320463267995238,0.0,0.0,0.0951582831741899,0.0310248364559467,0.1438076679674039,0.041841959503707,0.0,0.0,0.0,0.0,0.0,0.0491559782245446,0.0,0.0,0.0,0.1668705736496517,0.4743060116397319,0.0,0.0803838371321518,0.4504514725507301,0.0902602201360971,0.4372539108078935,0.3187700849086566,0.0,0.3765317953317719,0.0,0.2351944421164739,0.1889959391396155,0.3756530042168018,0.0,0.0,0.0,0.3730128353059647,0.3967082959911797,0.1749663265661156,0.3218123455836333,0.5944443488865423,0.0,0.0,0.3082642096562899,0.2634284816253,0.2740283165432204,0.2231735763671618,0.2168373216302508,0.1361551573457843
0.380701835176157,0.0,0.0,0.0,0.0,0.0,0.1104050734308366,0.3160304297306244,0.0,0.3778140781514143,0.0,0.3321977020062811,0.2197793223722836,0.0,0.3141696577733705,0.2857137166988346,0.2929921630911357,0.2074833961194487,0.0,0.0,0.2894713109893599,0.0,0.3049655280903872,0.0,0.3275792972309279,0.3637535386285398,0.0676393610927589,0.2459572577769698,0.0,0.0,0.3597084183225454,0.0387615136382121,0.245719879943771,0.1318356516354981,0.0471435913571785,0.1653542922997763,0.0,0.0,0.0557222685368007,0.2467500602282375,0.0355765702028926,0.0,0.0,0.0,0.1343632066908808,0.3706257759110706,0.0,0.0,0.0,0.0,0.0,0.0,0.0,0.0,0.3944160309308502,0.0,0.2955668469283468,0.0,0.0,0.0,0.1142627250108446,0.2730550247055325,0.2716991348777549,0.0,0.0,0.0,0.0,0.0,0.525490077506721,0.3063765579660798,0.3228460659548316,0.0,0.0,0.0,0.0,0.194050772649526
0.1845998165437573,0.1598973756533554,0.0,0.0,0.0248037216596957,0.2458747369498342,0.1752572461263321,0.1088048981495301,0.0,0.4409058642991771,0.0,0.2066760635248689,0.1362886317197102,0.0,0.1479046498187641,0.1733920552140578,0.4429132275037515,0.4061429053543459,0.0,0.1614514228758342,0.1751843485049921,0.2013771360423388,0.2002748821187546,0.3275792972309279,0.0,0.3645112281538819,0.0820584054887461,0.0545057009039209,0.3451543163236203,0.0,0.0922011232844822,0.082235087014867,0.0677234283416514,0.0,0.0,0.0,0.0,0.0671173476392515,0.1312504549620045,0.082115516241375,0.2080326406322405,0.005396848378456,0.0,0.0,0.0,0.1975338720397614,0.1248347682962176,0.0,0.0,0.0,0.0,0.0,0.0,0.0,0.3044984363093445,0.0,0.1395058624803488,0.0,0.0,0.0,0.3259011672532866,0.1886735022801027,0.3387055882994479,0.0,0.1763489289841897,0.1379568827926289,0.2033051061579279,0.0,0.1914654806135432,0.3942191230946656,0.2768147996475099,0.0,0.0,0.0,0.0,0.2544595642810849
0.1719010353124498,0.4930894326054864,0.0,0.0,0.0,0.2405021142322281,0.0415855742464758,0.3693856348238339,0.0,0.3324177982920118,0.0,0.2300959599262295,0.339394032516381,0.0,0.1747677666274255,0.2882349744833409,0.4001859729864926,0.3747125143783156,0.0,0.2310614272238668,0.2593823582050285,0.3784670951989603,0.2744502021574669,0.3637535386285398,0.3645112281538819,0.0,0.0,0.2803585353327887,0.2967395954695603,0.0,0.2447796434987809,0.131603895853471,0.2343899053964564,0.2900840591788755,0.0316783210860813,0.3556891520981887,0.0,0.1316794233633102,0.1084118657685586,0.1327801751558666,0.1329450247338495,0.0,0.0,0.0,0.1697358724924539,0.0933719808788689,0.0,0.0,0.0,0.0,0.0,0.0,0.0,0.0,0.2160875637330387,0.0,0.1611568551453411,0.0,0.0,0.2499431474317301,0.1211926688403755,0.1953466181378255,0.1607106454645734,0.0,0.2067200863811828,0.2470983927201569,0.072949257389689,0.2609367644549179,0.2748646560542336,0.0488335108762595,0.1231189686804966,0.3371539708551699,0.0,0.1898760367537543,0.0,0.0692899808349568
0.0558482705017477,0.0,0.4582291104460333,0.1186839809431231,0.3590756796907041,0.3996559452539576,0.248625108225734,0.1580676705105806,0.489619363841104,0.0341635054716971,0.4275165998898405,0.0,0.2412742007844852,0.2349059045964006,0.3268222152278274,0.2163058527668186,0.0,0.0438499217748469,0.4241776097341438,0.4541865169524405,0.0,0.2063526338915789,0.337043862070385,0.0676393610927589,0.0820584054887461,0.0,0.0,0.2589157072618902,0.07754960008791,0.3111400271837791,0.2105318609988507,0.0,0.0,0.0,0.0186722024783698,0.0,0.0,0.0,0.0,0.0,0.0,0.0,0.0,0.0,0.0,0.0,0.5035272296428808,0.4900170041104082,0.0,0.0,0.137549900289364,0.1636004756507176,0.1501980769035017,0.4360777363498623,0.0,0.466043940527189,0.0,0.0745149405342727,0.0512866689790041,0.215733746560532,0.0,0.0,0.0,0.3548878963648319,0.4236445371209461,0.0,0.4472698108541771,0.2730213188417206,0.0,0.0,0.4499432143574257,0.1690975672329261,0.2636851464944852,0.0320234987051139,0.2234369314564147,0.0
0.202831164090291,0.1127262339092491,0.4073929981142001,0.230286249187662,0.4079500812717633,0.3570972875920146,0.1628963383012268,0.2392262977202646,0.4344233983177663,0.2069416019620797,0.3762479553444531,0.3488563519212861,0.5810808207143007,0.2172130428664662,0.3886671371191726,0.4326675329810358,0.1677203823475147,0.2497174348121431,0.2614380012258814,0.5200885797729019,0.1125157337387096,0.462915924191652,0.3194487093520612,0.2459572577769698,0.0545057009039209,0.2803585353327887,0.2589157072618902,0.0,0.3977025735080269,0.4695647208333885,0.42740537568486,0.0,0.0,0.1562325465719818,0.0,0.3457197561838625,0.1335590885247794,0.0,0.0,0.0,0.0,0.0,0.1982768843796682,0.0,0.0,0.0,0.0,0.0,0.0,0.0,0.3195663750859968,0.0,0.1902221650378282,0.0,0.0,0.0,0.0,0.0,0.0,0.3746546200564147,0.0,0.0,0.0,0.0,0.4631022506278517,0.1618909394846483,0.0,0.3861757077188864,0.0,0.0,0.0,0.2422677962902441,0.577624003495724,0.2313753326937282,0.0,0.1530860143264898
0.2579778740827274,0.1983192866904455,0.0,0.0,0.1785331412941896,0.2904798200434991,0.2212895284934501,0.1344607341016616,0.174547929217423,0.0,0.0,0.0,0.4274860251780922,0.0,0.2618000061973022,0.355252861773695,0.0,0.3311402512649972,0.0,0.3580163437957015,0.3503196576116272,0.4151012416421684,0.3033221392366054,0.0,0.3451543163236203,0.2967395954695603,0.07754960008791,0.3977025735080269,0.0,0.2678025687734193,0.2840135595462556,0.0,0.0824886589398177,0.0915741457267576,0.0,0.3351685732165647,0.1916122992500168,0.0,0.0,0.0,0.0898203759765578,0.0,0.0,0.0,0.0,0.0,0.0,0.0,0.0,0.0,0.4058882689138702,0.0,0.137775249060634,0.0,0.0,0.0,0.0,0.3607003779766411,0.0,0.2866976835470659,0.0,0.0,0.0,0.0,0.345147292663887,0.2677876312752207,0.2589581388100802,0.3642789724190101,0.0,0.0,0.0818371696295665,0.2867013244121368,0.3212863243069148,0.4898120733752145,0.0,0.3808444689170339
0.0,0.0,0.3443044361593336,0.0,0.0,0.3440971729305779,0.0,0.1827869571191817,0.3471182569869245,0.0,0.0,0.0,0.3836271782672981,0.0,0.0,0.4090403945648789,0.0,0.0,0.0,0.4319389825790977,0.0723461544200613,0.287052792913599,0.316194057598281,0.0,0.0,0.0,0.3111400271837791,0.4695647208333885,0.2678025687734193,0.0,0.4128605805574974,0.0,0.0,0.0749245212219537,0.0,0.0,0.0,0.0,0.0,0.0,0.0,0.0,0.0,0.0,0.0,0.0,0.0,0.0,0.0,0.0,0.0,0.0,0.0,0.0,0.0,0.0,0.0,0.0,0.0,0.0,0.0,0.0,0.0,0.0,0.35200868044236,0.0,0.0,0.3434919577900422,0.0,0.0,0.0,0.0,0.0,0.0,0.0,0.0
0.357072665969407,0.0466207210351595,0.2655233778664985,0.0,0.2321717955187567,0.1879825862664597,0.1731898980698885,0.2923608608090521,0.3441205159313192,0.167148867758878,0.2710417547101362,0.1984726081457292,0.3417604424451828,0.0739162564406754,0.3433005658957876,0.4279339682411191,0.0371639246689565,0.200373013516164,0.2002844503311719,0.4187075446199021,0.2557639561323476,0.3850115227305481,0.320463267995238,0.3597084183225454,0.0922011232844822,0.2447796434987809,0.2105318609988507,0.42740537568486,0.2840135595462556,0.4128605805574974,0.0,0.0225183574097513,0.12501528804659,0.3071363632748669,0.2114209451900826,0.1500887211086418,0.0030348464643981,0.0,0.0,0.1466400137835719,0.0,0.0,0.0,0.0,0.0,0.3680070014904066,0.1349839705407588,0.0,0.0,0.0,0.1610291684046318,0.0,0.3112746620326375,0.0,0.2424172013565922,0.0,0.268750669660218,0.0,0.0,0.3607891573272763,0.0,0.0,0.2042073379055687,0.0,0.3852717486055292,0.3326039881935463,0.3604712565138107,0.3275731496697754,0.3375719820070503,0.2225427299737035,0.2527555986619708,0.1894076659510722,0.4413381543398636,0.271055714887528,0.0,0.1507706500719439
0.2137888951249486,0.2387674804779919,0.0,0.0,0.0,0.0,0.0,0.0778990865608007,0.0,0.0,0.0,0.0,0.0,0.0,0.0,0.0,0.0252385094643347,0.0,0.0,0.0,0.3681850548078681,0.0,0.0,0.0387615136382121,0.082235087014867,0.131603895853471,0.0,0.0,0.0,0.0,0.0225183574097513,0.0,0.2976435852985689,0.2190986047343763,0.1725027951366015,0.0,0.0,0.3168192567324362,0.5997476907933622,0.2625856902954356,0.3512147346652446,0.2931216745316614,0.1461182781213117,0.0515936599001912,0.3751794679132368,0.0848220044872853,0.0,0.0,0.0,0.0,0.0123889343694783,0.0,0.1230567275417019,0.0,0.0,0.0,0.0,0.0308938696418794,0.0,0.0,0.0764017449402248,0.0,0.0,0.0,0.0,0.3129203581305808,0.0,0.0,0.0679901465017705,0.0,0.0,0.0380656976768402,0.0,0.22151503225489,0.0,0.1265340900546385
0.249652164182871,0.1916002881351059,0.0,0.0,0.0,0.0,0.0,0.0838670267825575,0.0,0.1165171329591721,0.0,0.0,0.0476023957003787,0.0,0.0,0.0968104564347961,0.1211523000940124,0.0477064203119463,0.0,0.0,0.2730692567904346,0.0,0.0,0.245719879943771,0.0677234283416514,0.2343899053964564,0.0,0.0,0.0824886589398177,0.0,0.12501528804659,0.2976435852985689,0.0,0.4089919034407792,0.1590573730226644,0.0717835021324219,0.0,0.2666794839360283,0.2310573709634041,0.483258344911641,0.2906200620972497,0.0711996456645634,0.0,0.0,0.2909269731954003,0.1731330091458711,0.0,0.0,0.0,0.0,0.0,0.0,0.0,0.0,0.1724930310106004,0.0,0.0,0.0,0.0,0.0,0.0,0.0551786968313264,0.0,0.0,0.0,0.2647012729672501,0.0,0.0144369159318838,0.1759815781083116,0.0251924082656053,0.0188257845804285,0.0,0.0,0.1172807445766363,0.0,0.0297371190855924
0.2497052218003029,0.2164289795551358,0.0,0.0,0.0361160099051119,0.0,0.0,0.2615684731399638,0.1853271131291682,0.0,0.0486195756147727,0.0,0.1699210797546504,0.0,0.0,0.1999214010032133,0.0,0.0,0.0,0.0568898451462303,0.2258680422216737,0.0846479678673437,0.0951582831741899,0.1318356516354981,0.0,0.2900840591788755,0.0,0.1562325465719818,0.0915741457267576,0.0749245212219537,0.3071363632748669,0.2190986047343763,0.4089919034407792,0.0,0.3028669403590554,0.0780966653562182,0.0,0.2128797825685482,0.1474584441392416,0.3646918452885351,0.1685547747598089,0.0772462814960954,0.1380470575002718,0.0,0.2194194926680072,0.1922664632392259,0.0,0.0,0.0,0.0,0.0450315491720405,0.0,0.2163582012304769,0.0,0.0719383674419976,0.0,0.0,0.0,0.0,0.0415925276334285,0.0,0.0,0.0,0.0,0.0,0.288004975235354,0.0,0.1024882276465036,0.1864748573794402,0.0,0.0324164605269569,0.1554463060291746,0.1657418883401704,0.1380644940600104,0.0,0.0
0.1753692622207417,0.0,0.0,0.0,0.0,0.0,0.0,0.1626889701508658,0.0126463800768327,0.0,0.0,0.0,0.0,0.0,0.0,0.0,0.0,0.0,0.0,0.0,0.0963824320295335,0.0,0.0310248364559467,0.0471435913571785,0.0,0.0316783210860813,0.0186722024783698,0.0,0.0,0.0,0.2114209451900826,0.1725027951366015,0.1590573730226644,0.3028669403590554,0.0,0.0,0.0,0.0,0.1527567782926367,0.1331815744976714,0.0780369248762886,0.2124744766385282,0.0406278250387797,0.0268097389928461,0.1837898753373514,0.0,0.0012682323081726,0.0,0.0,0.0,0.0,0.0,0.0,0.0,0.0,0.0,0.0,0.0,0.0,0.0,0.0,0.0,0.0,0.0,0.0,0.1309016355177504,0.0,0.0270124020314388,0.0,0.0,0.0069428698536198,0.02693850173697,0.0,0.0,0.0,0.0
0.0,0.0,0.1664751294195426,0.2518411147314532,0.1887564769013349,0.13960851448557,0.1417871861233678,0.1347594747340006,0.0692202987750049,0.2866408180632064,0.1374915990890468,0.2543397358893999,0.3287950364024373,0.1627716793863458,0.1555239892150241,0.0,0.0,0.0,0.0464750316009625,0.2161798073658148,0.2188435174613873,0.3670131695316221,0.1438076679674039,0.1653542922997763,0.0,0.3556891520981887,0.0,0.3457197561838625,0.3351685732165647,0.0,0.1500887211086418,0.0,0.0717835021324219,0.0780966653562182,0.0,0.0,0.3841507251690045,0.0831571703151861,0.0,0.0,0.0,0.0,0.3648949564658264,0.0658328040622184,0.0,0.0,0.0,0.1453671818178361,0.0,0.0,0.2967093041642833,0.0694565845102109,0.0871434211772213,0.1700882854025726,0.0,0.1197613616418671,0.2058656261408436,0.2298686708730907,0.2828427187976461,0.0,0.0,0.0,0.0,0.1162692123091081,0.0,0.0,0.0,0.2117522643042726,0.0,0.0,0.0,0.3002737347012975,0.155580395671703,0.1778480588215885,0.0,0.0
0.0,0.0,0.0462534909134711,0.1434859708432274,0.0,0.0,0.0,0.0,0.0,0.0412090075763888,0.0,0.0,0.0963270866401804,0.0485695405780789,0.0,0.0,0.0,0.0,0.0,0.0497980912561682,0.0,0.2562388515194184,0.041841959503707,0.0,0.0,0.0,0.0,0.1335590885247794,0.1916122992500168,0.0,0.0030348464643981,0.0,0.0,0.0,0.0,0.3841507251690045,0.0,0.0668259663744458,0.0,0.0,0.0433212415651417,0.0867808187338508,0.0,0.0,0.0,0.0,0.0,0.0,0.0,0.0,0.0,0.0,0.0,0.0,0.0,0.0,0.0,0.0,0.0,0.0,0.0,0.0,0.0,0.0,0.0,0.0,0.0,0.0,0.0,0.0,0.0,0.0,0.0,0.0,0.0,0.0
0.0,0.0,0.0,0.0,0.0,0.0,0.0,0.0,0.0,0.0,0.0,0.0,0.0192519054358448,0.0,0.0,0.0,0.0952074469764188,0.0,0.0,0.0,0.0,0.0,0.0,0.0,0.0671173476392515,0.1316794233633102,0.0,0.0,0.0,0.0,0.0,0.3168192567324362,0.2666794839360283,0.2128797825685482,0.0,0.0831571703151861,0.0668259663744458,0.0,0.3184687399994951,0.2008222505623368,0.2952942700192809,0.1292823940924945,0.0,0.0,0.2807148329586454,0.0,0.0,0.0,0.0,0.0,0.0,0.0,0.0,0.0,0.0,0.0,0.0,0.0,0.0,0.0,0.0,0.0,0.0,0.0,0.0,0.0,0.0,0.0,0.0,0.0,0.0,0.0,0.0,0.0,0.0,0.0
0.2250763199735232,0.2286323532262174,0.0,0.0,0.0,0.0,0.0,0.0478170655819031,0.0,0.0,0.0,0.0,0.0,0.0,0.0,0.0,0.0,0.0,0.0,0.0,0.3683745220827818,0.0,0.0,0.0557222685368007,0.1312504549620045,0.1084118657685586,0.0,0.0,0.0,0.0,0.0,0.5997476907933622,0.2310573709634041,0.1474584441392416,0.1527567782926367,0.0,0.0,0.3184687399994951,0.0,0.2283148807031302,0.4298120228570988,0.3732044602224215,0.1962332858983284,0.093641866405487,0.3721254145735019,0.1080024946003008,0.0,0.0,0.1165566201969691,0.0261770401818306,0.0682695541607768,0.0894511663373241,0.1028091477578938,0.0,0.0,0.0,0.0,0.0,0.0,0.0,0.1833314298622536,0.0,0.0,0.0,0.0,0.3029318951549191,0.0,0.0,0.1142253880416429,0.0,0.0,0.0,0.0,0.2530948623790885,0.0,0.2465719591918383
0.2853516268978437,0.0185889663416622,0.0,0.0,0.0,0.0,0.0,0.0,0.0,0.0345649433335673,0.0,0.0,0.0,0.0,0.0,0.1030625203136276,0.0675370824156294,0.0,0.0,0.0,0.2292746734235373,0.0,0.0,0.2467500602282375,0.082115516241375,0.1327801751558666,0.0,0.0,0.0,0.0,0.1466400137835719,0.2625856902954356,0.483258344911641,0.3646918452885351,0.1331815744976714,0.0,0.0,0.2008222505623368,0.2283148807031302,0.0,0.2675241262673203,0.0339739405944423,0.0694879421466034,0.0201078843265996,0.2686006074457555,0.229875395031054,0.0424280308375151,0.0,0.0,0.1073080654342731,0.0755355769855153,0.1669271111791876,0.0653560598914192,0.0,0.124116162222998,0.0,0.0,0.1721181549243974,0.0,0.0,0.0137848480480437,0.1079521226457574,0.0,0.0,0.0,0.2389819889727789,0.0,0.0001157672522396,0.2274872422110881,0.162580560544247,0.1553562488989749,0.0,0.0295090356060815,0.1445315737764456,0.0021806575535736,0.0672947433059694
0.2287285314266333,0.1642179165081592,0.0,0.0,0.0,0.0,0.0,0.0,0.0,0.0,0.0,0.0,0.0,0.0,0.0,0.0,0.1337944414274907,0.0724065889280997,0.0,0.0,0.3116849208657407,0.0,0.0,0.0355765702028926,0.2080326406322405,0.1329450247338495,0.0,0.0,0.0898203759765578,0.0,0.0,0.3512147346652446,0.2906200620972497,0.1685547747598089,0.0780369248762886,0.0,0.0433212415651417,0.2952942700192809,0.4298120228570988,0.2675241262673203,0.0,0.3193894797784996,0.1227974420121127,0.0943039351562387,0.2228505649082635,0.1000738743174021,0.0,0.0,0.1853253535201106,0.0,0.0274709851376177,0.0,0.0,0.0,0.0,0.0,0.0,0.0324384317065189,0.0,0.0,0.2588248835023473,0.0,0.0181199457611903,0.0,0.0,0.2112742723479626,0.0,0.0,0.0786864437896239,0.0600948755525584,0.0,0.0,0.0,0.1726043987142504,0.0,0.295204206463626
0.0,0.044290415510635,0.0,0.0,0.0,0.0,0.0,0.0,0.0,0.0,0.0,0.0,0.0,0.0,0.0,0.0,0.0,0.0,0.0,0.0,0.1334043959498371,0.0,0.0,0.0,0.005396848378456,0.0,0.0,0.0,0.0,0.0,0.0,0.2931216745316614,0.0711996456645634,0.0772462814960954,0.2124744766385282,0.0,0.0867808187338508,0.1292823940924945,0.3732044602224215,0.0339739405944423,0.3193894797784996,0.0,0.1291100456723312,0.1664798990626906,0.1346646243982973,0.0112184396289646,0.0,0.0,0.0723047060480456,0.0,0.0,0.0160401427162665,0.0,0.0,0.0,0.0,0.0,0.0,0.0,0.0,0.0595746198892219,0.0,0.0,0.0,0.0,0.0959177415638811,0.0,0.0,0.0,0.0,0.0,0.0,0.0,0.0905980888097054,0.0,0.2116185684983173
0.0,0.0,0.0,0.0,0.0167778589926766,0.0375930465880827,0.0,0.0843399579157268,0.0,0.0,0.0,0.0,0.2222849513067959,0.0,0.0,0.0,0.0,0.0,0.0,0.0,0.0,0.0,0.0491559782245446,0.0,0.0,0.0,0.0,0.1982768843796682,0.0,0.0,0.0,0.1461182781213117,0.0,0.1380470575002718,0.0406278250387797,0.3648949564658264,0.0,0.0,0.1962332858983284,0.0694879421466034,0.1227974420121127,0.1291100456723312,0.0,0.3410505189718515,0.2376608274250175,0.0,0.0,0.0,0.3079503890616762,0.3117653030795804,0.2818693993278412,0.2258349506760451,0.094188820988678,0.0263727012695897,0.0,0.0,0.0,0.2819753838951022,0.3134701774734332,0.0823628812184704,0.0,0.0679523679570436,0.0,0.0163840529211358,0.0660268943581773,0.2045476660285916,0.0,0.0894963081304437,0.0418591056307637,0.0,0.0,0.2206385907790182,0.0921562177684598,0.2449285608715391,0.0,0.2417377959380299
0.0,0.0,0.0,0.0,0.0,0.0,0.0,0.0,0.0,0.0,0.0,0.0,0.0,0.0,0.0,0.0,0.0,0.0,0.0,0.0,0.0,0.0,0.0,0.0,0.0,0.0,0.0,0.0,0.0,0.0,0.0,0.0515936599001912,0.0,0.0,0.0268097389928461,0.0658328040622184,0.0,0.0,0.093641866405487,0.0201078843265996,0.0943039351562387,0.1664798990626906,0.3410505189718515,0.0,0.0341515418426054,0.0,0.0,0.0,0.2814376529109989,0.2091120466271467,0.0997543480483892,0.0209694384424452,0.0,0.0,0.0,0.0,0.0,0.1544596286130625,0.1005515837126389,0.0,0.0,0.0,0.0,0.0394012212491241,0.0,0.0,0.0,0.0,0.0,0.0,0.0,0.0100421825476533,0.0332875057076545,0.0638799345778916,0.0,0.1827217137706157
0.0,0.0,0.0,0.0,0.0,0.0,0.0,0.0,0.0,0.1130651567061288,0.0,0.0,0.0,0.0,0.0,0.0,0.0,0.0,0.0,0.0,0.0,0.0,0.0,0.1343632066908808,0.0,0.1697358724924539,0.0,0.0,0.0,0.0,0.0,0.3751794679132368,0.2909269731954003,0.2194194926680072,0.1837898753373514,0.0,0.0,0.2807148329586454,0.3721254145735019,0.2686006074457555,0.2228505649082635,0.1346646243982973,0.2376608274250175,0.0341515418426054,0.0,0.1439702063967135,0.0,0.0,0.0,0.0,0.0,0.1493102656537202,0.0,0.0,0.0416643149211225,0.0,0.0,0.0907242872745536,0.0,0.0,0.0,0.0,0.0,0.0,0.0,0.0,0.0,0.0,0.1383251069418452,0.0,0.0,0.0,0.0,0.0,0.0,0.1163623669163196
0.5309564173192828,0.0,0.0,0.0,0.0,0.0,0.0,0.0,0.0,0.0,0.0,0.0,0.0,0.0,0.0,0.1798607019825895,0.0,0.0,0.0,0.0,0.261397552011995,0.082730943435367,0.0,0.3706257759110706,0.1975338720397614,0.0933719808788689,0.0,0.0,0.0,0.0,0.3680070014904066,0.0848220044872853,0.1731330091458711,0.1922664632392259,0.0,0.0,0.0,0.0,0.1080024946003008,0.229875395031054,0.1000738743174021,0.0112184396289646,0.0,0.0,0.1439702063967135,0.0,0.3694666398333694,0.0,0.0,0.0,0.0847796687166286,0.0,0.2455378146811491,0.0,0.3441191034568981,0.0,0.2235276388633391,0.2389947790368704,0.0,0.1945895071880295,0.0,0.0,0.1975480662621943,0.0,0.1867905001616369,0.3899982942692151,0.3211260815799623,0.2249713247100094,0.4519047364323457,0.3830875143120203,0.4408403141141264,0.0,0.2785150036214536,0.2247259496796028,0.0,0.1993325200554613
0.1979686594437411,0.0,0.0,0.0,0.0,0.0,0.0,0.0,0.0,0.0,0.0,0.0,0.0,0.0,0.2692114401493709,0.0826487275276349,0.0,0.0,0.0,0.248700765700157,0.0,0.0,0.1668705736496517,0.0,0.1248347682962176,0.0,0.5035272296428808,0.0,0.0,0.0,0.1349839705407588,0.0,0.0,0.0,0.0012682323081726,0.0,0.0,0.0,0.0,0.0424280308375151,0.0,0.0,0.0,0.0,0.0,0.3694666398333694,0.0,0.0,0.0,0.0,0.0371471970337922,0.1345312210850313,0.0941401571483969,0.2028797447298466,0.2145423754564953,0.0,0.0,0.0322511452267889,0.0,0.1233161373791983,0.0,0.2175527527140261,0.2973198266474387,0.0,0.2074448079170227,0.0,0.4696357071183445,0.1428816000181396,0.0,0.5082037227383144,0.598148950284032,0.0,0.2458872082598857,0.0,0.0,0.0487331831667499
0.0,0.0,0.6486800893808585,0.0,0.3906738738155519,0.4551114512150127,0.0,0.2231073946243388,0.4864548034678798,0.0,0.5762530804899135,0.0,0.3365191406488375,0.3341388164833883,0.0,0.0,0.0,0.0,0.5427797636184855,0.0,0.0,0.0,0.4743060116397319,0.0,0.0,0.0,0.4900170041104082,0.0,0.0,0.0,0.0,0.0,0.0,0.0,0.0,0.1453671818178361,0.0,0.0,0.0,0.0,0.0,0.0,0.0,0.0,0.0,0.0,0.0,0.0,0.0,0.1070623367388139,0.2904624481996842,0.0874151862244362,0.2082096008846485,0.4853863476177597,0.0,0.5721075524839027,0.0,0.1677138080374308,0.2152968594832736,0.0,0.0,0.0,0.0,0.5460985362495925,0.0,0.0,0.0,0.4429178045101938,0.0,0.0,0.0,0.2497774534002302,0.3237222463283094,0.0747733110872042,0.3453273406458084,0.0276723747483096
0.0,0.0,0.0,0.0,0.0,0.0,0.0,0.0,0.0,0.0,0.0,0.0,0.0,0.0,0.0,0.0,0.0,0.0,0.0,0.0,0.0,0.0,0.0,0.0,0.0,0.0,0.0,0.0,0.0,0.0,0.0,0.0,0.0,0.0,0.0,0.0,0.0,0.0,0.1165566201969691,0.0,0.1853253535201106,0.0723047060480456,0.3079503890616762,0.2814376529109989,0.0,0.0,0.0,0.0,0.0,0.2021874128985565,0.2117473325224345,0.0090268245097987,0.0,0.0,0.0,0.0,0.0,0.2087597692630576,0.0612788254237087,0.0,0.0,0.0,0.0,0.0,0.0,0.0,0.0,0.0363718364181228,0.0,0.0,0.0,0.0582048122455076,0.0447221105991929,0.0,0.0,0.2411250500239266
0.0,0.0,0.1029883594121037,0.0,0.0,0.0,0.0,0.0878500705173833,0.0,0.0,0.1608848558238307,0.0,0.0,0.0,0.0,0.0,0.0,0.0,0.0,0.0,0.0,0.0,0.0803838371321518,0.0,0.0,0.0,0.0,0.0,0.0,0.0,0.0,0.0,0.0,0.0,0.0,0.0,0.0,0.0,0.0261770401818306,0.1073080654342731,0.0,0.0,0.3117653030795804,0.2091120466271467,0.0,0.0,0.0,0.1070623367388139,0.2021874128985565,0.0,0.2260870100427242,0.4032521228844922,0.0728597909068447,0.31439273788565,0.0267568572304799,0.2044396988735391,0.0,0.4261679508597394,0.3702351725259162,0.0,0.0,0.0,0.0,0.0859667461046886,0.0,0.0,0.0,0.114795786673023,0.0,0.0,0.0,0.2643787082472207,0.2027503251703175,0.0,0.0,0.0
