0.0,0.0,0.0,0.0,0.0,0.0,0.0,0.0,0.0,0.0,0.0,0.0,0.0,0.1628990386483215,0.0453589246024813,0.0,0.0,0.0,0.0,0.1347329261092501,0.0969679560026136,0.0761551067271498,0.0,0.0,0.1713194011228871,0.0,0.0,0.0,0.180004619910439,0.0,0.0,0.0,0.1211326435585449,0.0980340544161311,0.0,0.0,0.0,0.0,0.1835568331247233,0.3044197256502738,0.3232884829975329,0.0,0.0,0.0,0.0,0.4513211427130769,0.2286323028672005,0.0,0.0,0.0,0.0,0.0,0.0,0.0,0.2598848068304702,0.0,0.0,0.0,0.0,0.0,0.393349697797078,0.0,0.3183945051155027,0.0,0.0,0.0,0.4340318585539576,0.0,0.1613391522849448,0.4023980845779191,0.2752735753587343,0.0,0.0,0.0,0.0,0.3316569214829478
0.0,0.0,0.0,0.0,0.2956334417210056,0.4872268287909019,0.4945723007454829,0.2150923801848512,0.3863596283501488,0.0,0.0,0.0,0.4583464394483258,0.0,0.2372779458753442,0.5845083155587664,0.0,0.5392824797978711,0.0,0.2807975141844032,0.2650924670466917,0.441981522659937,0.2143335401862228,0.0,0.4600169789528019,0.472160565046978,0.3056520422911034,0.514274489819992,0.1180025078512501,0.0,0.2696181680266382,0.2690068858868464,0.0498494017761474,0.0,0.0,0.0,0.0,0.0,0.0,0.0,0.0,0.0,0.0,0.0,0.0,0.0,0.0421332816368254,0.0,0.0,0.0,0.0,0.0,0.0,0.0,0.0,0.0,0.0,0.0,0.0,0.1306107646492968,0.0,0.0,0.0,0.0,0.0,0.3255864508061876,0.0,0.3417388546238879,0.0,0.0,0.1898147362471068,0.0,0.0,0.0,0.0,0.0
0.0,0.0,0.0,0.0,0.0,0.1989965161365183,0.0,0.0212794098413155,0.0545685582721442,0.1514289660163685,0.1333143175587224,0.0,0.0345188637659519,0.0,0.0,0.0,0.0,0.0,0.4711272174857153,0.0,0.0,0.0,0.3490513314717999,0.0,0.0,0.0,0.4367904977999781,0.1248653615635788,0.3294284937552633,0.1994308590901513,0.0437325948847029,0.0,0.0,0.0,0.0,0.0,0.1962700221780018,0.0,0.0512840825234097,0.0,0.0,0.0,0.0,0.0,0.0,0.0,0.0,0.1400808421784022,0.0,0.0336299620719696,0.2510810419243354,0.022947042452597,0.0,0.0575316635491826,0.0,0.0916180868736891,0.0,0.1059194876236695,0.0,0.0,0.0,0.0,0.0,0.3108622466560217,0.0,0.0,0.0,0.0902567430818504,0.0,0.0,0.0,0.1455727537912332,0.0,0.0,0.0,0.0
0.0,0.0,0.0,0.0,0.4287956237843545,0.2856885759256904,0.5612821974323574,0.2663624853425365,0.3256130467773191,0.4412191217865136,0.0927069129662552,0.3008182985267613,0.3502672401760012,0.0,0.0,0.0,0.0,0.0,0.0097789853659868,0.1334584724527246,0.0,0.3064030957484328,0.166761747098297,0.0,0.0,0.0,0.1884915362883533,0.5756811868502522,0.0,0.0,0.3215490904885451,0.2913578176498051,0.0,0.0640354994458438,0.1192477973724303,0.0,0.1261133400932925,0.0,0.0,0.0,0.0,0.0,0.0,0.0,0.0,0.0,0.0,0.0,0.0,0.0,0.0,0.0,0.0,0.0,0.0,0.0,0.0,0.0,0.0,0.0,0.0,0.0,0.0,0.0,0.0,0.0,0.0,0.0,0.0,0.0,0.0,0.0,0.0,0.0,0.0,0.0
0.0,0.2956334417210056,0.0,0.4287956237843545,0.0,0.1524789786119278,0.4575379731442883,0.187648785867132,0.3701528814838551,0.1977648475246164,0.161471935547988,0.0796455372063349,0.1750883018874817,0.0,0.0,0.1413305971576607,0.0,0.0,0.0,0.0,0.0,0.0389497427953703,0.082251540769838,0.0,0.0110588462367023,0.1321174807831145,0.0,0.2713921916404432,0.0,0.0,0.0764366769850224,0.1099765465037698,0.0274849471447445,0.0,0.1718987232201442,0.0,0.0,0.1172512257323497,0.0,0.0,0.0,0.0,0.1522271748658678,0.0,0.0,0.0,0.0,0.2664932201956942,0.0,0.0,0.0,0.0,0.4085875973916663,0.0,0.0,0.1193802257728654,0.0,0.0,0.0,0.0,0.0,0.0,0.0,0.062921394112378,0.0,0.0,0.0,0.3345190500602318,0.0,0.0,0.0,0.0,0.0,0.0,0.0,0.0
0.0,0.4872268287909019,0.1989965161365183,0.2856885759256904,0.1524789786119278,0.0,0.3632301391962083,0.1648725962452186,0.4459169324547301,0.3191742109153856,0.0,0.2693828118778784,0.4732735222457508,0.0,0.2930445721565319,0.4455265719892062,0.0,0.4939657200481638,0.2634211219983599,0.4154093283920692,0.2916023829530806,0.3931495706398122,0.3699122558019433,0.0,0.3936572244011937,0.3409283693131391,0.4494512501671741,0.4081407044486195,0.2987710206022173,0.4080856427919778,0.1130824816219394,0.1910612578771811,0.0,0.0,0.0,0.0,0.0889460660381015,0.0131382695025206,0.0478151278928548,0.0,0.0,0.0,0.0666281656162256,0.0,0.0,0.0,0.0,0.4027684899016725,0.0,0.270976805284084,0.0444940790126314,0.0,0.2580382799800694,0.0,0.0,0.0217355441748569,0.0,0.0,0.0,0.2438943391782467,0.0,0.0,0.0,0.2985171617261691,0.0,0.2365560307934418,0.0,0.3803229215219957,0.0,0.0,0.108084096040042,0.0621997690375354,0.0,0.0,0.0,0.0
0.0,0.4945723007454829,0.0,0.5612821974323574,0.4575379731442883,0.3632301391962083,0.0,0.1069848224851034,0.4723420340642561,0.4390240656573801,0.0719290282972025,0.1990446155184881,0.3646559685200284,0.0,0.0,0.5153169407353765,0.5758608276939876,0.4593302212659578,0.0227964133950704,0.223478399015696,0.0,0.3878381426786981,0.0903993671073979,0.0306846069457418,0.2054565235891273,0.2020957294831654,0.2282868004458948,0.5452617647242773,0.1375438630459383,0.0,0.402134553198562,0.3473247825170926,0.0,0.01750838826426,0.0904539613685147,0.0,0.1195661327557448,0.0,0.0,0.0,0.0,0.0,0.118705433412082,0.0,0.0,0.0,0.0,0.0,0.0,0.0,0.0,0.0,0.0,0.0,0.0,0.0,0.0,0.0,0.0,0.0,0.0,0.0,0.0,0.0,0.0,0.0,0.0,0.3166835321448357,0.0,0.0,0.0,0.0,0.0,0.0,0.0,0.0
0.0,0.2150923801848512,0.0212794098413155,0.2663624853425365,0.187648785867132,0.1648725962452186,0.1069848224851034,0.0,0.0,0.0989747084706022,0.1837306205356755,0.0,0.2958935149170102,0.0,0.0516225069987504,0.0189384181132926,0.0,0.0,0.0,0.0,0.2168601706785308,0.0,0.3389556394830068,0.2864164550016409,0.0256681826613828,0.2903881259833945,0.0259531408436264,0.2198034929362042,0.0,0.0649576385367647,0.0,0.0393730699299514,0.3464461877173348,0.2126774798373175,0.1075844354096774,0.0,0.0,0.0,0.0,0.0,0.0,0.0,0.229048116961256,0.0,0.0,0.0,0.0,0.242518764358221,0.0,0.0900428173430096,0.0,0.0,0.4918175502101347,0.0,0.0,0.3214648605494281,0.0,0.02757031542941,0.0955663839474435,0.0,0.0,0.0,0.0,0.1917304820148411,0.0,0.045644328070029,0.0,0.2550225360214714,0.0,0.0,0.0,0.0,0.0,0.0,0.0,0.0
0.0,0.3863596283501488,0.0545685582721442,0.3256130467773191,0.3701528814838551,0.4459169324547301,0.4723420340642561,0.0,0.0,0.2751302200630062,0.2073362908538733,0.0325226587263165,0.2119001149725873,0.0,0.0,0.3691226025944647,0.0,0.0,0.2537215282817129,0.3194943926022544,0.0,0.3789039120527239,0.193824882553455,0.0,0.1582058172918915,0.1135873939061211,0.2754574621419032,0.3343755807332017,0.3476416468146565,0.3762184092567466,0.2122572910827921,0.2400494150403781,0.0,0.0,0.0,0.0,0.0348864528015432,0.0251287368790195,0.0990682985265898,0.0,0.0,0.0,0.0,0.0,0.0,0.0,0.0,0.4386070831981279,0.0,0.2876356774547805,0.0,0.0,0.2339073270443225,0.0642799511558307,0.0,0.0891196409599537,0.0,0.0,0.0,0.0,0.0,0.0,0.0,0.2975110774713833,0.0,0.0,0.0,0.3824522288609103,0.0,0.0,0.0,0.0747308772739788,0.0,0.0,0.0,0.0
0.0,0.0,0.1514289660163685,0.4412191217865136,0.1977648475246164,0.3191742109153856,0.4390240656573801,0.0989747084706022,0.2751302200630062,0.0,0.0,0.4755952150033868,0.2712325077815926,0.0,0.0,0.5240056659342366,0.5338473483446958,0.492299112305771,0.0789321053633756,0.0,0.3120296112077567,0.4108762157323666,0.1220083816065054,0.1967303086204884,0.3468793642262199,0.3690877107587009,0.3208581762707492,0.4779142856378097,0.0,0.0,0.3953409283039006,0.2653918820057157,0.0,0.0,0.0,0.0,0.3677262628168984,0.0,0.0043303229548115,0.0,0.0,0.0,0.0,0.0,0.0,0.0231339481387744,0.0,0.0,0.0,0.0,0.0,0.0,0.0,0.0,0.005204186783909,0.0,0.0,0.0,0.0,0.0,0.0,0.0,0.0,0.0,0.0,0.0,0.0,0.0,0.0,0.0,0.1770659843239584,0.0,0.0,0.0,0.0,0.0
0.0,0.0,0.1333143175587224,0.0927069129662552,0.161471935547988,0.0,0.0719290282972025,0.1837306205356755,0.2073362908538733,0.0,0.0,0.030798657596774,0.0257040435901819,0.0,0.0,0.0,0.0,0.0,0.2872906214331662,0.0,0.0,0.0,0.1373592579824512,0.0,0.0,0.0,0.0838063692278425,0.0470077701735729,0.0,0.0,0.057594423759638,0.0,0.038788461451186,0.0468162038147775,0.0551252384972795,0.0,0.0,0.1090240096475796,0.0,0.0,0.0,0.0,0.0,0.0,0.0,0.0,0.0,0.2189716082220043,0.0,0.0957756553544303,0.0,0.0529677142726031,0.1604630224431051,0.2458662541886569,0.0,0.468226350174629,0.0,0.0,0.0,0.0,0.0,0.0,0.0,0.2893962525961033,0.0,0.0,0.0,0.0960303814180162,0.0,0.0,0.0,0.0,0.0,0.0,0.0,0.0
0.0,0.0,0.0,0.3008182985267613,0.0796455372063349,0.2693828118778784,0.1990446155184881,0.0,0.0325226587263165,0.4755952150033868,0.030798657596774,0.0,0.3501561219481151,0.0,0.0,0.0,0.3555859453114619,0.3257449776660832,0.0,0.0,0.3241889012774836,0.0,0.1861936019181425,0.2938141125768939,0.2214416010697875,0.4076489228496354,0.0,0.3659249210839415,0.0,0.0,0.1680488568673744,0.1104997799889256,0.2047881663550457,0.1063295692006745,0.0,0.0,0.2686629344272982,0.0527485757612004,0.0,0.0,0.0,0.0,0.0,0.0,0.0,0.0,0.0,0.0,0.0,0.0,0.0,0.0,0.0,0.0,0.1980807711365957,0.0,0.2089704966949843,0.0,0.0,0.0,0.0,0.0717699671950817,0.0,0.0,0.0,0.0,0.0,0.0,0.0,0.0,0.1369591512393729,0.0,0.0,0.0,0.0,0.0
0.0,0.4583464394483258,0.0345188637659519,0.3502672401760012,0.1750883018874817,0.4732735222457508,0.3646559685200284,0.2958935149170102,0.2119001149725873,0.2712325077815926,0.0257040435901819,0.3501561219481151,0.0,0.0,0.1082650713837093,0.4229157985071677,0.4446881768848109,0.4454199949857446,0.0962393857743187,0.1971015090367664,0.3270292715856474,0.2569836505754125,0.2019406478482431,0.0787817735839619,0.3276661074881239,0.4017981662349285,0.2696357347936166,0.4395958790344756,0.0708003222969027,0.2861536908534177,0.1173617734248192,0.1732450227041113,0.1850525303107686,0.1143147722813371,0.0,0.0,0.0713631316268165,0.0,0.0,0.0,0.0,0.0,0.0868715487093911,0.0,0.0,0.0,0.0,0.3209603569216636,0.0,0.0,0.0,0.0,0.2992329551202513,0.0,0.0,0.0,0.0,0.0,0.0,0.0,0.0,0.0,0.0,0.0,0.0,0.0,0.0,0.1912742549441597,0.0,0.0,0.0,0.0,0.0,0.0,0.0,0.0
0.1628990386483215,0.0,0.0,0.0,0.0,0.0,0.0,0.0,0.0,0.0,0.0,0.0,0.0,0.0,0.0,0.0,0.0,0.0,0.0,0.0,0.0,0.0,0.0,0.0,0.0,0.0,0.0,0.0,0.0,0.0,0.0,0.0,0.0,0.0263400639904507,0.0,0.4902064662730785,0.0,0.0,0.0,0.0,0.0,0.0,0.0,0.0,0.0,0.0,0.0,0.0,0.0,0.0,0.0,0.0,0.0,0.3783749671889287,0.0,0.0,0.0,0.0,0.0,0.0,0.0,0.0,0.0,0.0,0.0,0.0,0.0,0.0,0.0,0.0,0.0,0.1525502216221433,0.0,0.0,0.0,0.0
0.0453589246024813,0.2372779458753442,0.0,0.0,0.0,0.2930445721565319,0.0,0.0516225069987504,0.0,0.0,0.0,0.0,0.1082650713837093,0.0,0.0,0.2926420532627973,0.0,0.2813738906974826,0.0,0.4989114757289467,0.4312330863608611,0.4557099597523243,0.3303432617958144,0.0,0.186624630068829,0.0897954420144667,0.4635845606909465,0.3248167584212997,0.2942791130825898,0.323110799351358,0.2359546224052143,0.1194032946003672,0.0,0.0,0.0,0.0,0.0,0.0,0.1052260622042575,0.0,0.0,0.0,0.0,0.0,0.0,0.2185862537761309,0.2515303306325925,0.0,0.0,0.0,0.0,0.0,0.1251935502224875,0.0,0.0,0.0,0.0,0.0,0.0,0.4646333212808638,0.0,0.0,0.0,0.0,0.0,0.2991827799152974,0.0,0.2629404691545699,0.0,0.0,0.1809306070821676,0.0,0.0695323727482063,0.0,0.0,0.0
0.0,0.5845083155587664,0.0,0.0,0.1413305971576607,0.4455265719892062,0.5153169407353765,0.0189384181132926,0.3691226025944647,0.5240056659342366,0.0,0.0,0.4229157985071677,0.0,0.2926420532627973,0.0,0.5861191589861655,0.6114559497526033,0.0,0.3817517607355453,0.3423663741719968,0.5565733843999503,0.0743252865740009,0.0,0.4387612134962042,0.3624866846314087,0.3708305511576744,0.5185207043459205,0.2412894197705473,0.451485516650974,0.435727237659769,0.3549549845912038,0.0,0.016925862995113,0.0,0.0,0.0,0.0,0.0536247997525905,0.0,0.0,0.0,0.0,0.0,0.0,0.0117734932914612,0.0,0.0,0.0,0.0,0.0,0.0,0.0,0.0,0.0,0.0,0.0,0.0,0.0,0.2303563240886269,0.0,0.0,0.0,0.0,0.0,0.4691139380419445,0.0,0.0,0.0,0.0,0.0983980565619501,0.0,0.0,0.0,0.0,0.0
0.0,0.0,0.0,0.0,0.0,0.0,0.5758608276939876,0.0,0.0,0.5338473483446958,0.0,0.3555859453114619,0.4446881768848109,0.0,0.0,0.5861191589861655,0.0,0.5821495567085956,0.0,0.3609121623566499,0.0,0.4701368145348621,0.0,0.0584201653120438,0.3650892753468153,0.3211732795564465,0.0,0.5784537152444718,0.1965520058233516,0.0,0.3922043777308342,0.309276633076702,0.0,0.0,0.0,0.0,0.0,0.0,0.0,0.0,0.0,0.0,0.0,0.0,0.0,0.0,0.0,0.0,0.0,0.0,0.0,0.0,0.0,0.0,0.0,0.0,0.0,0.0,0.0,0.0,0.0,0.0,0.0,0.0,0.0,0.0,0.0,0.0,0.0,0.0,0.0149207446514339,0.0,0.0,0.0,0.0,0.0
0.0,0.5392824797978711,0.0,0.0,0.0,0.4939657200481638,0.4593302212659578,0.0,0.0,0.492299112305771,0.0,0.3257449776660832,0.4454199949857446,0.0,0.2813738906974826,0.6114559497526033,0.5821495567085956,0.0,0.0,0.3903666732279988,0.3342569143876354,0.5135296092122998,0.1071711535806079,0.0337547842674832,0.4624362387555126,0.3671385910644466,0.3857915397199807,0.4788589401829907,0.3177667713549574,0.432043175777,0.3262700410712723,0.2906579986924809,0.0,0.0,0.0,0.0,0.0,0.0,0.086974690039122,0.0,0.0,0.0,0.0,0.0,0.0,0.0,0.0,0.0,0.0,0.0,0.0,0.0,0.0,0.0,0.0,0.0,0.0,0.0,0.0,0.0,0.0,-0.015802366160323,0.0824902069475128,0.0,0.0,0.0,0.0,0.0,0.0,0.0,0.1358917717239036,0.0,0.0,0.0,0.0,0.0
0.0,0.0,0.4711272174857153,0.0097789853659868,0.0,0.2634211219983599,0.0227964133950704,0.0,0.2537215282817129,0.0789321053633756,0.2872906214331662,0.0,0.0962393857743187,0.0,0.0,0.0,0.0,0.0,0.0,0.0,0.0,0.0,0.2995785378915695,0.0,0.0,0.0,0.4143088231525552,0.1823717289062384,0.0,0.0,0.0658930687348849,0.0865096271294994,0.0,0.0,0.0,0.0,0.1199311589841493,0.0,0.092681157684707,0.0,0.0,0.0,0.0,0.0,0.0,0.0,0.0,0.2070284014881208,0.0,0.0948493529839086,0.1656465835062707,0.0737855588760674,0.014898848834808,0.1407359701146819,0.0,0.1897961513393095,0.0,0.0,0.0,0.0,0.0,0.0,0.0,0.4082388474623632,0.0,0.0,0.0,0.1266799278446791,0.0,0.0,0.0,0.1622160882680687,0.0,0.0,0.0,0.0
0.1347329261092501,0.2807975141844032,0.0,0.1334584724527246,0.0,0.4154093283920692,0.223478399015696,0.0,0.3194943926022544,0.0,0.0,0.0,0.1971015090367664,0.0,0.4989114757289467,0.3817517607355453,0.3609121623566499,0.3903666732279988,0.0,0.0,0.4159404078387511,0.5894106476472853,0.30775510924013,0.0,0.2864747342633522,0.0420800600544531,0.5415618181861694,0.3742324949461847,0.5004642220680213,0.4905085640896969,0.3393681429225187,0.248603781048165,0.0,0.0,0.0,0.0,0.2464709489299943,0.0,0.1935376854225746,0.0,0.0,0.0,0.0,0.0,0.0,0.0,0.1408935239643037,0.0,0.0,0.0,0.0,0.0,0.0401871933560264,0.0,0.0,0.0,0.0,0.0,0.0,0.444253993224188,0.0,0.0,0.0,0.0,0.0,0.3146066705839667,0.0246879873334945,0.2056032643106363,0.0,0.0,0.0834622566942237,0.1219253492015527,0.1143480435038274,0.0,0.0,0.007578374344576
0.0969679560026136,0.2650924670466917,0.0,0.0,0.0,0.2916023829530806,0.0,0.2168601706785308,0.0,0.3120296112077567,0.0,0.3241889012774836,0.3270292715856474,0.0,0.4312330863608611,0.3423663741719968,0.0,0.3342569143876354,0.0,0.4159404078387511,0.0,0.407442533381868,0.2812141133888735,0.0183101214106443,0.2427629399489499,0.177905818954085,0.3993499767538427,0.4067685846189905,0.2380240384879186,0.3887412871600127,0.322231329681114,0.2109193384532423,0.1670520343530868,0.2177509540272355,0.0010695225699797,0.0,0.0,0.0,0.0,0.0,0.0,0.0,0.0,0.0,0.0,0.1737786410597578,0.1976980118699531,0.0,0.0,0.0,0.0,0.0,0.2156469403237838,0.0,0.0,0.0,0.0,0.0,0.0,0.274673783607113,0.0,0.0,0.0,0.0,0.0,0.4109935527945492,0.0,0.1366720569724028,0.0,0.0,0.1190863200446318,0.0,0.0,0.0,0.0,0.0
0.0761551067271498,0.441981522659937,0.0,0.3064030957484328,0.0389497427953703,0.3931495706398122,0.3878381426786981,0.0,0.3789039120527239,0.4108762157323666,0.0,0.0,0.2569836505754125,0.0,0.4557099597523243,0.5565733843999503,0.4701368145348621,0.5135296092122998,0.0,0.5894106476472853,0.407442533381868,0.0,0.167341281432386,0.0,0.3352038945939301,0.170606522398046,0.4522511807297284,0.4719465934972636,0.415315284841916,0.5182452296857353,0.471628594483189,0.3471770591111793,0.0,0.0192289384844295,0.0,0.0,0.2895736477929982,0.0,0.1526820198037835,0.0,0.0,0.0,0.0,0.0,0.0,0.2501168334698094,0.037399750694804,0.0,0.0,0.0,0.0,0.0,0.0,0.0,0.0,0.0,0.0,0.0,0.0,0.3972259956485985,0.0,0.0,0.0193877683785676,0.0,0.0,0.4208828211235813,0.0,0.2077049798020684,0.0,0.0,0.1306997762309074,0.0,0.0520793280300215,0.0,0.0,0.0
0.0,0.2143335401862228,0.3490513314717999,0.166761747098297,0.082251540769838,0.3699122558019433,0.0903993671073979,0.3389556394830068,0.193824882553455,0.1220083816065054,0.1373592579824512,0.1861936019181425,0.2019406478482431,0.0,0.3303432617958144,0.0743252865740009,0.0,0.1071711535806079,0.2995785378915695,0.30775510924013,0.2812141133888735,0.167341281432386,0.0,0.0724313405045893,0.1874021825657526,0.1396614917376905,0.4301035340433822,0.2575236080613459,0.1738371756077476,0.2536565647082471,0.0,0.0664508949481075,0.0761041530514318,0.0,0.0,0.0,0.0151990417476322,0.1458951362709988,0.0,0.023975030530255,0.0,0.0,0.1360340506480734,0.0,0.0,0.0,0.2804247820954731,0.2825255245540244,0.0,0.2191733278459696,0.205389546331293,0.0,0.3216058142489119,0.0459948684257017,0.0,0.1397030098946414,0.0,0.0668595901134526,0.0,0.2027937063139927,0.0,0.0,0.0,0.2529879510230557,0.0,0.1272704286733914,0.0,0.4920220133535084,0.0,0.0,0.1179451980363017,0.1494092376682007,0.0,0.0,0.0,0.0
0.0,0.0,0.0,0.0,0.0,0.0,0.0306846069457418,0.2864164550016409,0.0,0.1967303086204884,0.0,0.2938141125768939,0.0787817735839619,0.0,0.0,0.0,0.0584201653120438,0.0337547842674832,0.0,0.0,0.0183101214106443,0.0,0.0724313405045893,0.0,0.0904667650544356,0.3756770290224838,0.0,0.0558196382217404,0.0,0.0,0.0,0.0389645942528849,0.2185693115099434,0.0,0.0049823013992967,0.0293202461510516,0.0650731799206743,0.2742392936044909,0.0,0.1183588982170921,0.0036735115446133,0.0,0.0,0.0,0.0706249853249092,0.0,0.0,0.0,0.0,0.0,0.0,0.0,0.0,0.0,0.0659147536201334,0.0,0.3104524293044505,0.0,0.0,0.0,0.0,0.0,0.0,0.0,0.0,0.0,0.0,0.0,0.4442061744097265,0.0596891461176553,0.2263934255355603,0.0,0.0,0.0,0.0,0.0
0.1713194011228871,0.4600169789528019,0.0,0.0,0.0110588462367023,0.3936572244011937,0.2054565235891273,0.0256681826613828,0.1582058172918915,0.3468793642262199,0.0,0.2214416010697875,0.3276661074881239,0.0,0.186624630068829,0.4387612134962042,0.3650892753468153,0.4624362387555126,0.0,0.2864747342633522,0.2427629399489499,0.3352038945939301,0.1874021825657526,0.0904667650544356,0.0,0.4575661660896226,0.3032496887276172,0.2852684484355966,0.1874326419063749,0.0,0.098826612714375,0.1538971610351446,0.0291416544953679,0.0,0.0,0.0,0.0,0.0,0.101847924216569,0.0,0.0,0.0,0.0,0.0,0.0,0.1160850061226377,0.2504769875251609,0.0,0.0,0.0,0.0,0.0,0.0,0.0,0.0710657040065196,0.0,0.0,0.0,0.0,0.1647084241059221,0.0,0.0081863655792678,0.0806083590621465,0.0,0.0,0.1736367863283753,0.0,0.0,0.0,0.2795663942154181,0.3491502402845681,0.0,0.0,0.0,0.0,0.0
0.0,0.472160565046978,0.0,0.0,0.1321174807831145,0.3409283693131391,0.2020957294831654,0.2903881259833945,0.1135873939061211,0.3690877107587009,0.0,0.4076489228496354,0.4017981662349285,0.0,0.0897954420144667,0.3624866846314087,0.3211732795564465,0.3671385910644466,0.0,0.0420800600544531,0.177905818954085,0.170606522398046,0.1396614917376905,0.3756770290224838,0.4575661660896226,0.0,0.0747907346655736,0.2511621579246311,0.0,0.0,0.0,0.0995326844506361,0.126270158270194,0.0,0.0,0.0,0.0,0.0278438755715572,0.0,0.0,0.0,0.0,0.0,0.0,0.0,0.0,0.1175852158469359,0.0,0.0,0.0,0.0,0.0,0.0,0.0,0.0352159714803347,0.0,0.1611774961244853,0.0,0.0,0.0,0.0,0.0,0.0,0.0,0.0,0.1217974369915619,0.0,0.2342978917818729,0.0745504383927644,0.1250038688476825,0.3888478274540642,0.0,0.0,0.0,0.0,0.0
0.0,0.3056520422911034,0.4367904977999781,0.1884915362883533,0.0,0.4494512501671741,0.2282868004458948,0.0259531408436264,0.2754574621419032,0.3208581762707492,0.0838063692278425,0.0,0.2696357347936166,0.0,0.4635845606909465,0.3708305511576744,0.0,0.3857915397199807,0.4143088231525552,0.5415618181861694,0.3993499767538427,0.4522511807297284,0.4301035340433822,0.0,0.3032496887276172,0.0747907346655736,0.0,0.3939966555555957,0.4366730986413827,0.3994652036948253,0.2362235846277522,0.1909282540868217,0.0,0.0,0.0,0.0,0.2679551352086008,0.0,0.0730962771437435,0.0,0.0,0.0,0.0,0.0,0.0,0.0,0.2490707980568465,0.241375350784509,0.0,0.1787043736406396,0.0473961390364794,0.0,0.1041901662447555,0.0,0.0,0.0845146301081092,0.0,0.0,0.0,0.3783084076149305,0.0,0.0,0.0,0.3504988405586979,0.0,0.2878215956422351,0.0,0.2609465568881772,0.0,0.0,0.0347105386951215,0.2579776607661061,0.0,0.0,0.0,0.0
0.0,0.514274489819992,0.1248653615635788,0.5756811868502522,0.2713921916404432,0.4081407044486195,0.5452617647242773,0.2198034929362042,0.3343755807332017,0.4779142856378097,0.0470077701735729,0.3659249210839415,0.4395958790344756,0.0,0.3248167584212997,0.5185207043459205,0.5784537152444718,0.4788589401829907,0.1823717289062384,0.3742324949461847,0.4067685846189905,0.4719465934972636,0.2575236080613459,0.0558196382217404,0.2852684484355966,0.2511621579246311,0.3939966555555957,0.0,0.1573741588826812,0.465088965211496,0.3923965436290487,0.3193467788214651,0.1359793377346166,0.0785021242543085,0.0064721158141637,0.0,0.1994475834235275,0.0430619724183735,0.0,0.0,0.0,0.0,0.1325463657023106,0.0,0.0,0.0,0.0,0.3193354724192078,0.0,0.0,0.0,0.0,0.4105056792065165,0.0,0.0,0.0,0.0,0.0,0.0,0.197983062990455,0.0,0.0,0.0,0.0,0.0,0.4669706843223375,0.0,0.3004492138956131,0.0,0.0,0.0,0.0,0.0,0.0,0.0,0.0
0.180004619910439,0.1180025078512501,0.3294284937552633,0.0,0.0,0.2987710206022173,0.1375438630459383,0.0,0.3476416468146565,0.0,0.0,0.0,0.0708003222969027,0.0,0.2942791130825898,0.2412894197705473,0.1965520058233516,0.3177667713549574,0.0,0.5004642220680213,0.2380240384879186,0.415315284841916,0.1738371756077476,0.0,0.1874326419063749,0.0,0.4366730986413827,0.1573741588826812,0.0,0.3263376582652288,0.1985424702704133,0.1152419251116552,0.0,0.0,0.0,0.0,0.0335108913171571,0.0,0.2320648114156156,0.0,0.0,0.0,0.0,0.0,0.0,0.0,0.1058550736050543,0.0,0.0,0.0,0.0557569394270134,0.0,0.0,0.0,0.0,0.0,0.0,0.0,0.0,0.4933728945601283,0.0,0.0,0.0,0.0,0.1154611832617773,0.1931052733938761,0.1543238103385668,0.0923232296482614,0.0,0.0,0.0291883933992313,0.3063613828499474,0.2071691504537021,0.2320339693422488,0.1258258903940159,0.152104016023492
0.0,0.0,0.1994308590901513,0.0,0.0,0.4080856427919778,0.0,0.0649576385367647,0.3762184092567466,0.0,0.0,0.0,0.2861536908534177,0.0,0.323110799351358,0.451485516650974,0.0,0.432043175777,0.0,0.4905085640896969,0.3887412871600127,0.5182452296857353,0.2536565647082471,0.0,0.0,0.0,0.3994652036948253,0.465088965211496,0.3263376582652288,0.0,0.4231815904800652,0.3904787137595369,0.0,0.0954316402594194,0.0,0.0,0.0,0.0,0.0851248173909804,0.0,0.0,0.0,0.0,0.0,0.0,0.0,0.0,0.0,0.0,0.0,0.0,0.0,0.0,0.0,0.0,0.0,0.0,0.0,0.0,0.0,0.0,0.0,0.0,0.0,0.0,0.0,0.0,0.23408337737511,0.0,0.0,0.0,0.0,0.0,0.0,0.0,0.0
0.0,0.2696181680266382,0.0437325948847029,0.3215490904885451,0.0764366769850224,0.1130824816219394,0.402134553198562,0.0,0.2122572910827921,0.3953409283039006,0.057594423759638,0.1680488568673744,0.1173617734248192,0.0,0.2359546224052143,0.435727237659769,0.3922043777308342,0.3262700410712723,0.0658930687348849,0.3393681429225187,0.322231329681114,0.471628594483189,0.0,0.0,0.098826612714375,0.0,0.2362235846277522,0.3923965436290487,0.1985424702704133,0.4231815904800652,0.0,0.4020534710475774,0.0,0.2457366700905009,0.2241391709258983,0.0,0.3576663786454906,0.0,0.0759641204087772,0.0,0.0,0.0,0.0,0.0,0.0,0.1182525450600157,0.0,0.0,0.0,0.0,0.0,0.0,0.115197590122462,0.0,0.0,0.0,0.0,0.0,0.0,0.210790802603885,0.0,0.0,0.0,0.0,0.0,0.4876788576175206,0.0,0.0357292543280874,0.0,0.0,0.0,0.0,0.0,0.0,0.0,0.0
0.0,0.2690068858868464,0.0,0.2913578176498051,0.1099765465037698,0.1910612578771811,0.3473247825170926,0.0393730699299514,0.2400494150403781,0.2653918820057157,0.0,0.1104997799889256,0.1732450227041113,0.0,0.1194032946003672,0.3549549845912038,0.309276633076702,0.2906579986924809,0.0865096271294994,0.248603781048165,0.2109193384532423,0.3471770591111793,0.0664508949481075,0.0389645942528849,0.1538971610351446,0.0995326844506361,0.1909282540868217,0.3193467788214651,0.1152419251116552,0.3904787137595369,0.4020534710475774,0.0,-0.0048227850491456,0.1218004291592039,0.1547594881696448,0.0,0.2920704448453211,0.0,0.1712013983500512,0.0,0.0,0.0,0.1016056090406947,0.043916912305332,0.0,0.0216051283299017,0.0,0.1690696375788682,0.0,0.0,0.0,0.0,0.1484422371407662,0.0,0.0,0.0,0.0,0.0,0.0,0.0551676272957501,0.0,0.0,0.0,0.1608206095020838,0.0,0.337229896676498,0.0,0.1536024173859617,0.0,0.0,0.0,0.0,0.0,0.0,0.0,0.0
0.1211326435585449,0.0498494017761474,0.0,0.0,0.0274849471447445,0.0,0.0,0.3464461877173348,0.0,0.0,0.038788461451186,0.2047881663550457,0.1850525303107686,0.0,0.0,0.0,0.0,0.0,0.0,0.0,0.1670520343530868,0.0,0.0761041530514318,0.2185693115099434,0.0291416544953679,0.126270158270194,0.0,0.1359793377346166,0.0,0.0,0.0,-0.0048227850491456,0.0,0.3254324556220578,0.1942177689797635,0.0852505035293805,0.0,0.2060761490475947,0.0,0.2156428295892898,0.0,0.0,0.0,0.0,0.186940137368609,0.0647497857263887,0.185434467742688,0.0,0.0,0.0,0.0,0.0,0.0,0.0,0.1754891844963945,0.0,0.1225887728072609,0.0,0.0,0.0,0.0,0.023728916787744,0.0,0.0,0.0,0.0,0.0,0.0,0.1405789402544408,0.0657363274543637,0.0,0.0,0.0,0.0,0.0,0.0
0.0980340544161311,0.0,0.0,0.0640354994458438,0.0,0.0,0.01750838826426,0.2126774798373175,0.0,0.0,0.0468162038147775,0.1063295692006745,0.1143147722813371,0.0263400639904507,0.0,0.016925862995113,0.0,0.0,0.0,0.0,0.2177509540272355,0.0192289384844295,0.0,0.0,0.0,0.0,0.0,0.0785021242543085,0.0,0.0954316402594194,0.2457366700905009,0.1218004291592039,0.3254324556220578,0.0,0.3914157690271611,0.0585493730295925,0.0126043347238951,0.0701275312354132,0.0,0.0,0.0,0.0139685167856976,0.0496236705213079,0.0,0.1256286638328703,0.0209872345584324,0.0,0.0,0.0,0.0,0.0,0.0,0.1108258068529702,0.0,0.0377439268230344,0.0,0.0,0.0,0.0,0.0,0.0,0.0,0.0,0.0,0.0,0.0996668206779688,0.0,0.0,0.0,0.0,0.0,0.0,0.0,0.0,0.0,0.0
0.0,0.0,0.0,0.1192477973724303,0.1718987232201442,0.0,0.0904539613685147,0.1075844354096774,0.0,0.0,0.0551252384972795,0.0,0.0,0.0,0.0,0.0,0.0,0.0,0.0,0.0,0.0010695225699797,0.0,0.0,0.0049823013992967,0.0,0.0,0.0,0.0064721158141637,0.0,0.0,0.2241391709258983,0.1547594881696448,0.1942177689797635,0.3914157690271611,0.0,0.0,0.0,0.0574901931137154,0.0,0.0,0.0,0.0775527356721754,0.0881440019089914,0.0,0.0335498521735163,0.0,0.0,0.0,0.0,0.0,0.0,0.0,0.0,0.0,0.0,0.0,0.0,0.0,0.0,0.0,0.0,0.0,0.0,0.0,0.0,0.1128188182495373,0.0,0.0,0.0,0.0,0.0,0.0,0.0,0.0,0.0,0.0
0.0,0.0,0.0,0.0,0.0,0.0,0.0,0.0,0.0,0.0,0.0,0.0,0.0,0.4902064662730785,0.0,0.0,0.0,0.0,0.0,0.0,0.0,0.0,0.0,0.0293202461510516,0.0,0.0,0.0,0.0,0.0,0.0,0.0,0.0,0.0852505035293805,0.0585493730295925,0.0,0.0,0.0,0.0499307043820735,0.0819007867965825,0.4579298450215688,0.4839919631981085,0.2962937665643456,0.0402665630995772,0.0,0.0,0.0,0.0,0.0,0.0,0.0,0.4618435523649253,0.4245726316951754,0.0,0.3724630678720928,0.0,0.0,0.2340398647211481,0.4485332804858022,0.1788617632102012,0.0,0.0,0.0,0.0,0.0,0.4713545391160029,0.0,0.4233509721153269,0.0,0.0,0.0,0.0,0.270385321002459,0.1794245873264921,0.509657652103739,0.0,0.0
0.0,0.0,0.1962700221780018,0.1261133400932925,0.0,0.0889460660381015,0.1195661327557448,0.0,0.0348864528015432,0.3677262628168984,0.0,0.2686629344272982,0.0713631316268165,0.0,0.0,0.0,0.0,0.0,0.1199311589841493,0.2464709489299943,0.0,0.2895736477929982,0.0151990417476322,0.0650731799206743,0.0,0.0,0.2679551352086008,0.1994475834235275,0.0335108913171571,0.0,0.3576663786454906,0.2920704448453211,0.0,0.0126043347238951,0.0,0.0,0.0,0.0,0.1598348478949386,0.0,0.0,0.0,0.0702228101250804,0.257154108390613,0.0,0.0,0.0,0.0,0.0,0.0,0.0,0.0,0.0,0.0,0.0,0.0,0.088211936134374,0.0,0.0,0.0,0.0,0.0,0.0,0.0,0.0,0.0,0.0,0.0,0.0,0.0,0.0,0.0,0.0,0.0,0.0,0.0
0.0,0.0,0.0,0.0,0.1172512257323497,0.0131382695025206,0.0,0.0,0.0251287368790195,0.0,0.1090240096475796,0.0527485757612004,0.0,0.0,0.0,0.0,0.0,0.0,0.0,0.0,0.0,0.0,0.1458951362709988,0.2742392936044909,0.0,0.0278438755715572,0.0,0.0430619724183735,0.0,0.0,0.0,0.0,0.2060761490475947,0.0701275312354132,0.0574901931137154,0.0499307043820735,0.0,0.0,0.0035149729597695,0.1418184388839324,0.0438464678838891,0.008522714597294,0.0,0.0,0.1428133920311527,0.0,0.0,0.0,0.0,0.0,0.0,0.0,0.0,0.0,0.0,0.0,0.0630967659764287,0.0,0.0,0.0,0.0,0.0,0.0,0.0,0.0,0.0,0.0,0.0,0.2122386901989215,0.0,0.0309261606924191,0.0,0.0,0.0,0.0,0.0
0.1835568331247233,0.0,0.0512840825234097,0.0,0.0,0.0478151278928548,0.0,0.0,0.0990682985265898,0.0043303229548115,0.0,0.0,0.0,0.0,0.1052260622042575,0.0536247997525905,0.0,0.086974690039122,0.092681157684707,0.1935376854225746,0.0,0.1526820198037835,0.0,0.0,0.101847924216569,0.0,0.0730962771437435,0.0,0.2320648114156156,0.0851248173909804,0.0759641204087772,0.1712013983500512,0.0,0.0,0.0,0.0819007867965825,0.1598348478949386,0.0035149729597695,0.0,0.074387176587365,0.2221754384310016,0.1148334619821008,0.0,0.0592467427536526,0.0,0.2171921669522385,0.0737310373067149,0.0,0.0,0.0076749490068954,0.1607997777093457,0.1231790340686611,0.0,0.0,0.0185464482023664,0.0,0.0,0.0258846706554278,0.0,0.2044830188188085,0.3342475127172518,0.1031882413465528,0.166273899437839,0.0,0.2695778352738586,0.0,0.2480370453581147,0.0488997766639018,0.1350600381201805,0.1640654735006181,0.1851111013245915,0.2613037079551628,0.2818755293798631,0.2863752980948282,0.2689676297895719,0.376098563506321
0.3044197256502738,0.0,0.0,0.0,0.0,0.0,0.0,0.0,0.0,0.0,0.0,0.0,0.0,0.0,0.0,0.0,0.0,0.0,0.0,0.0,0.0,0.0,0.023975030530255,0.1183588982170921,0.0,0.0,0.0,0.0,0.0,0.0,0.0,0.0,0.2156428295892898,0.0,0.0,0.4579298450215688,0.0,0.1418184388839324,0.074387176587365,0.0,0.5568520200475223,0.3247170157955518,0.0632016597545437,0.0,0.4758835584368897,0.1465653364919935,0.2888549771050719,0.0,0.0,0.0,0.5025843913071236,0.3341672764574359,0.0,0.3081745603158229,0.2823879389608187,0.0,0.3275097897538941,0.4769037042600173,0.0,0.0,0.3923070816181382,0.2494801808318398,0.2352168604844087,0.0,0.537009536881615,0.0,0.4762875065387417,0.0,0.433305773355677,0.3598621520232756,0.105792805725765,0.2109917345114025,0.191926652640447,0.4833261226111395,0.0688522346249239,0.4007881117668543
0.3232884829975329,0.0,0.0,0.0,0.0,0.0,0.0,0.0,0.0,0.0,0.0,0.0,0.0,0.0,0.0,0.0,0.0,0.0,0.0,0.0,0.0,0.0,0.0,0.0036735115446133,0.0,0.0,0.0,0.0,0.0,0.0,0.0,0.0,0.0,0.0,0.0,0.4839919631981085,0.0,0.0438464678838891,0.2221754384310016,0.5568520200475223,0.0,0.3191273972049334,0.0,0.0,0.3878592431401523,0.1511794410319134,0.2617743595764659,0.0,0.3110779501101492,0.0,0.5428827149072794,0.3761153199183298,0.0,0.3632317273551464,0.270859748687838,0.0,0.3015773462373698,0.4591225878124139,0.0,0.0,0.5564174566239237,0.3001049435617874,0.2926578508941678,0.0,0.6011580847901767,0.0,0.5718605782986302,0.0,0.3907570848250144,0.4069795036619819,0.156743583853655,0.2785088847799424,0.3274328091984065,0.550110973292533,0.2399268422150866,0.545876385932941
0.0,0.0,0.0,0.0,0.0,0.0,0.0,0.0,0.0,0.0,0.0,0.0,0.0,0.0,0.0,0.0,0.0,0.0,0.0,0.0,0.0,0.0,0.0,0.0,0.0,0.0,0.0,0.0,0.0,0.0,0.0,0.0,0.0,0.0139685167856976,0.0775527356721754,0.2962937665643456,0.0,0.008522714597294,0.1148334619821008,0.3247170157955518,0.3191273972049334,0.0,0.0,0.0,0.2314054438266126,0.0439181986070132,0.0326126000277877,0.0,0.1736969307204305,0.0,0.3286698937075229,0.2988142552912043,0.0,0.3153849250982502,0.0606357639503294,0.0,0.0965601895517689,0.3070734717592052,0.0778598367308903,0.0,0.3197146438594986,0.1360691821967402,0.1510847789833314,0.0,0.4355259567626935,0.0,0.3770354879494901,0.0,0.2219339928134556,0.1459812629816656,0.0199756178880804,0.1576722900942716,0.2025903931378559,0.3713638248333506,0.1849755473222522,0.3413832282384675
0.0,0.0,0.0,0.0,0.1522271748658678,0.0666281656162256,0.118705433412082,0.229048116961256,0.0,0.0,0.0,0.0,0.0868715487093911,0.0,0.0,0.0,0.0,0.0,0.0,0.0,0.0,0.0,0.1360340506480734,0.0,0.0,0.0,0.0,0.1325463657023106,0.0,0.0,0.0,0.1016056090406947,0.0,0.0496236705213079,0.0881440019089914,0.0402665630995772,0.0702228101250804,0.0,0.0,0.0632016597545437,0.0,0.0,0.0,0.2496187752985322,0.0163657499453307,0.0,0.0,0.0895348070899353,0.1047311043519218,0.1100144773553769,0.0,0.0,0.1984713556559617,0.0,0.0,0.0,0.050426303882016,0.0119216905374914,0.3068042657384356,0.0,0.0,0.0,0.0,0.0187522972720507,0.0,0.0,0.0,0.1268382236253746,0.1026459944183799,0.0,0.0,0.0,0.0,0.0,0.0,0.0
0.0,0.0,0.0,0.0,0.0,0.0,0.0,0.0,0.0,0.0,0.0,0.0,0.0,0.0,0.0,0.0,0.0,0.0,0.0,0.0,0.0,0.0,0.0,0.0,0.0,0.0,0.0,0.0,0.0,0.0,0.0,0.043916912305332,0.0,0.0,0.0,0.0,0.257154108390613,0.0,0.0592467427536526,0.0,0.0,0.0,0.2496187752985322,0.0,0.0,0.0,0.0,0.1268262625507933,0.0132638884698698,0.1196313670757411,0.0,0.0,0.1114159243609636,0.0,0.1289279247619848,0.0,0.1181459716205931,0.0,0.0,0.0,0.0,0.0,0.0,0.0329834082717248,0.0,0.0,0.0,0.1824820095220198,0.0,0.0,0.0,0.0,0.0820009831855592,0.0,0.0,0.0
0.0,0.0,0.0,0.0,0.0,0.0,0.0,0.0,0.0,0.0,0.0,0.0,0.0,0.0,0.0,0.0,0.0,0.0,0.0,0.0,0.0,0.0,0.0,0.0706249853249092,0.0,0.0,0.0,0.0,0.0,0.0,0.0,0.0,0.186940137368609,0.1256286638328703,0.0335498521735163,0.0,0.0,0.1428133920311527,0.0,0.4758835584368897,0.3878592431401523,0.2314054438266126,0.0163657499453307,0.0,0.0,0.0326504414547386,0.0,0.0,0.3270156282732511,0.0,0.0,0.3437783011456417,0.0,0.3344872101909301,0.2210739340871129,0.0309798090399719,0.261634877457671,0.4064113951044015,0.0,0.0,0.0,0.1438477251705814,0.1483233404337212,0.0,0.0,0.0,0.0,0.0,0.3183428213011626,0.2471034166033758,0.0,0.0,0.1003446268781392,0.0,0.0,0.237553736653553
0.4513211427130769,0.0,0.0,0.0,0.0,0.0,0.0,0.0,0.0,0.0231339481387744,0.0,0.0,0.0,0.0,0.2185862537761309,0.0117734932914612,0.0,0.0,0.0,0.0,0.1737786410597578,0.2501168334698094,0.0,0.0,0.1160850061226377,0.0,0.0,0.0,0.0,0.0,0.1182525450600157,0.0216051283299017,0.0647497857263887,0.0209872345584324,0.0,0.0,0.0,0.0,0.2171921669522385,0.1465653364919935,0.1511794410319134,0.0439181986070132,0.0,0.0,0.0326504414547386,0.0,0.2346925299215108,0.0,0.0,0.0,0.17063251370777,0.0,0.0,0.0,0.2382253055545616,0.0,0.0,0.0700174075030839,0.0,0.3160917777374979,0.2752560333912773,0.2896396349748102,0.2347375151431399,0.0,0.2681090984246524,0.1268855856721582,0.3187198806083396,0.0062369758440281,0.0299122183082748,0.2553236440973812,0.244451567562102,0.2137268657211644,0.2255967112062313,0.2973924998356906,0.0,0.2804959940964343
0.2286323028672005,0.0421332816368254,0.0,0.0,0.0,0.0,0.0,0.0,0.0,0.0,0.0,0.0,0.0,0.0,0.2515303306325925,0.0,0.0,0.0,0.0,0.1408935239643037,0.1976980118699531,0.037399750694804,0.2804247820954731,0.0,0.2504769875251609,0.1175852158469359,0.2490707980568465,0.0,0.1058550736050543,0.0,0.0,0.0,0.185434467742688,0.0,0.0,0.0,0.0,0.0,0.0737310373067149,0.2888549771050719,0.2617743595764659,0.0326126000277877,0.0,0.0,0.0,0.2346925299215108,0.0,0.0,0.0,0.0,0.4195310242496765,0.2466297672179035,0.0,0.1387993773414403,0.4206655580937138,0.0,0.0,0.3359501687287928,0.0,0.1723526461892902,0.2717668875693043,0.3504371557153463,0.3414365239901757,0.0,0.3102027826878783,0.0,0.3407985101497439,0.0892987856168332,0.0,0.460908442720361,0.3544012125473861,0.2671229244816345,0.1926955486172029,0.2858849928373351,0.0,0.1902605414642749
0.0,0.0,0.1400808421784022,0.0,0.2664932201956942,0.4027684899016725,0.0,0.242518764358221,0.4386070831981279,0.0,0.2189716082220043,0.0,0.3209603569216636,0.0,0.0,0.0,0.0,0.0,0.2070284014881208,0.0,0.0,0.0,0.2825255245540244,0.0,0.0,0.0,0.241375350784509,0.3193354724192078,0.0,0.0,0.0,0.1690696375788682,0.0,0.0,0.0,0.0,0.0,0.0,0.0,0.0,0.0,0.0,0.0895348070899353,0.1268262625507933,0.0,0.0,0.0,0.0,0.0,0.2424314546901357,0.0,0.0,0.3622942348584554,0.088514938164189,0.0,0.3107506928441698,0.0,0.0,0.0,0.0,0.0,0.0,0.0,0.4090009018362971,0.0,0.2849646180205553,0.0,0.3647526229041136,0.0,0.0,0.0998806088031628,0.0,0.0,0.0,0.0012172320549214,0.0
0.0,0.0,0.0,0.0,0.0,0.0,0.0,0.0,0.0,0.0,0.0,0.0,0.0,0.0,0.0,0.0,0.0,0.0,0.0,0.0,0.0,0.0,0.0,0.0,0.0,0.0,0.0,0.0,0.0,0.0,0.0,0.0,0.0,0.0,0.0,0.0,0.0,0.0,0.0,0.0,0.3110779501101492,0.1736969307204305,0.1047311043519218,0.0132638884698698,0.3270156282732511,0.0,0.0,0.0,0.0,0.0,0.3345041585606314,0.2488166720378656,0.0,0.2340479539803868,0.2266551732351431,0.0,0.0,0.390114027753412,0.1316553920509572,0.0,0.0,0.0,0.0,0.0,0.0,0.0,0.0,0.0,0.0,0.0,0.0,0.1603537560099276,0.0771004121390523,0.0,0.0,0.1703853341064109
0.0,0.0,0.0336299620719696,0.0,0.0,0.270976805284084,0.0,0.0900428173430096,0.2876356774547805,0.0,0.0957756553544303,0.0,0.0,0.0,0.0,0.0,0.0,0.0,0.0948493529839086,0.0,0.0,0.0,0.2191733278459696,0.0,0.0,0.0,0.1787043736406396,0.0,0.0,0.0,0.0,0.0,0.0,0.0,0.0,0.0,0.0,0.0,0.0076749490068954,0.0,0.0,0.0,0.1100144773553769,0.1196313670757411,0.0,0.0,0.0,0.2424314546901357,0.0,0.0,0.0,0.0,0.2962790712868299,0.0491056695337889,0.0,0.1167805137506267,0.0,0.0,0.0631486756397279,0.0,0.0,0.0,0.0,0.1275322998875534,0.0,0.0,0.0,0.3210376547254633,0.0,0.0,0.0,0.0152366919928032,0.0,0.0,0.0,0.0
0.0,0.0,0.2510810419243354,0.0,0.0,0.0444940790126314,0.0,0.0,0.0,0.0,0.0,0.0,0.0,0.0,0.0,0.0,0.0,0.0,0.1656465835062707,0.0,0.0,0.0,0.205389546331293,0.0,0.0,0.0,0.0473961390364794,0.0,0.0557569394270134,0.0,0.0,0.0,0.0,0.0,0.0,0.4618435523649253,0.0,0.0,0.1607997777093457,0.5025843913071236,0.5428827149072794,0.3286698937075229,0.0,0.0,0.0,0.17063251370777,0.4195310242496765,0.0,0.3345041585606314,0.0,0.0,0.3871155152341883,0.0,0.3685568164440883,0.3819536171034294,0.0,0.4007296881295067,0.5384720080334585,0.0,0.056649120218111,0.4658892927605403,0.3458105204022488,0.3553961682013205,0.0,0.5483535643837707,0.0,0.514140104079181,0.0,0.0,0.4542750011786575,0.2421488725166676,0.3806506214763901,0.3118194859946146,0.5280495885338637,0.0513479881514437,0.4319783411032266
0.0,0.0,0.022947042452597,0.0,0.0,0.0,0.0,0.0,0.0,0.0,0.0529677142726031,0.0,0.0,0.0,0.0,0.0,0.0,0.0,0.0737855588760674,0.0,0.0,0.0,0.0,0.0,0.0,0.0,0.0,0.0,0.0,0.0,0.0,0.0,0.0,0.0,0.0,0.4245726316951754,0.0,0.0,0.1231790340686611,0.3341672764574359,0.3761153199183298,0.2988142552912043,0.0,0.0,0.3437783011456417,0.0,0.2466297672179035,0.0,0.2488166720378656,0.0,0.3871155152341883,0.0,0.0,0.3387071368071,0.1904687570310262,0.0,0.0866821910096063,0.415770305099468,0.0558518547095008,0.0,0.3492778232641504,0.1876910826937992,0.3023248484279849,0.0,0.4540809210229385,0.0,0.4232204662201416,0.0,0.0958460244664929,0.2387537605146123,0.0,0.34451205214495,0.2572762859353025,0.4936914018110941,0.1669328552127656,0.3808303234469747
0.0,0.0,0.0,0.0,0.4085875973916663,0.2580382799800694,0.0,0.4918175502101347,0.2339073270443225,0.0,0.1604630224431051,0.0,0.2992329551202513,0.0,0.1251935502224875,0.0,0.0,0.0,0.014898848834808,0.0401871933560264,0.2156469403237838,0.0,0.3216058142489119,0.0,0.0,0.0,0.1041901662447555,0.4105056792065165,0.0,0.0,0.115197590122462,0.1484422371407662,0.0,0.1108258068529702,0.0,0.0,0.0,0.0,0.0,0.0,0.0,0.0,0.1984713556559617,0.1114159243609636,0.0,0.0,0.0,0.3622942348584554,0.0,0.2962790712868299,0.0,0.0,0.0,0.0,0.0,0.2803460916316451,0.0,0.0,0.1298793298079855,0.0,0.0,0.0,0.0,0.2404541187465605,0.0,0.3006191077093945,0.0,0.469157010458609,0.0,0.0,0.049343645100801,0.0,0.0,0.0,0.0,0.0
0.0,0.0,0.0575316635491826,0.0,0.0,0.0,0.0,0.0,0.0642799511558307,0.0,0.2458662541886569,0.0,0.0,0.3783749671889287,0.0,0.0,0.0,0.0,0.1407359701146819,0.0,0.0,0.0,0.0459948684257017,0.0,0.0,0.0,0.0,0.0,0.0,0.0,0.0,0.0,0.0,0.0,0.0,0.3724630678720928,0.0,0.0,0.0,0.3081745603158229,0.3632317273551464,0.3153849250982502,0.0,0.0,0.3344872101909301,0.0,0.1387993773414403,0.088514938164189,0.2340479539803868,0.0491056695337889,0.3685568164440883,0.3387071368071,0.0,0.0,0.0434152876719667,0.2009709717591091,0.1154752932693303,0.3712402217668305,0.0217738170852759,0.0,0.0,0.0,0.0,0.0358162011664394,0.3485596485721648,0.0,0.2767452081103795,0.0,0.0,0.1604290304692714,0.0,0.2813680668626095,0.1299337000107829,0.3753943864469112,0.1524989483761132,0.2275923218500893
