0.0,0.0,0.0,0.0,0.0,0.0,0.0,0.0,0.0,0.0,0.0,0.0,0.0,0.0,0.0694643255948096,0.0,0.0,0.0,0.0,0.2063349589880354,0.1485002946401478,0.1166267316909188,0.0,0.0,0.2623648326013666,0.0,0.0,0.0,0.2756656961250944,0.0,0.0,0.0,0.185506986024322,0.1501329569654058,0.0,0.0,0.0,0.0,0.2811056861041718,0.4661995654741876,0.4950958745341197,0.0,0.0,0.0,0.0,0.6911697991077965,0.3501359184999183,0.0,0.0,0.0,0.0,0.0,0.0,0.0,0.3979971526447614,0.0,0.0,0.0,0.0,0.0,0.6023901959726238,0.0,0.487601056788098,0.0,0.0,0.0,0.6646923533866839,0.0,0.247080712422774,0.616247228319853,0.4215640788212259,0.0,0.0,0.0,0.0,0.5079116090508767
0.0,0.0,0.0,0.0,0.4527439270749091,0.746157087503047,0.7574062134462277,0.3294003828588505,0.5916853465025977,0.0,0.0,0.0,0.7019285969429373,0.0,0.3633761742193259,0.8951375346898488,0.8396338239736938,0.8258770262425134,0.0,0.4300236419284845,0.405972355055688,0.676866761414799,0.3282382673721838,0.0,0.704486922588329,0.7230840570161655,0.4680867805068343,0.7875788705097803,0.1807133810649229,0.0,0.4129031800073571,0.4119670400534026,0.0763412075138871,0.0,0.0,0.0,0.0,0.0,0.0,0.0,0.0,0.0,0.0,0.0,0.0,0.0,0.064524457306868,0.0,0.0,0.0,0.0,0.0,0.0,0.0,0.0,0.0,0.0,0.0,0.0,0.2000221293008671,0.0,0.0,0.0,0.0,0.0,0.4986150669635198,0.0,0.5233514523113816,0.0,0.0,0.2906892691331718,0.0,0.0,0.0,0.0,0.0
0.0,0.0,0.0,0.0,0.0,0.3047505845935269,0.0,0.03258807096149,0.0835682973588004,0.2319038886400529,0.2041624496724144,0.3157174629495646,0.0528634576947132,0.0,0.0,0.0,0.0,0.0,0.7215015505507404,0.0,0.0,0.0,0.5345500483345351,0.0,0.0,0.0,0.668917035000359,0.1912234076795457,0.0,0.0,0.066973704442956,0.0,0.0480309152610398,0.0,0.0,0.0,0.3005751314555503,0.0,0.0785383303827784,0.0,0.0901373712752126,0.0,0.0,0.0,0.0,0.0,0.0,0.2145249543712366,0.0,0.0515021609436614,0.3845147432344984,0.0351419448837179,0.0,0.0881061057733463,0.0,0.1403073082693708,0.0,0.1622089994330132,0.0,0.0,0.0,0.0,0.0,0.4760658791206578,0.0,0.0,0.0,0.1382224963116027,0.0,0.0,0.0,0.2229354698266833,0.3152935903796911,0.0,0.0,0.0
0.0,0.0,0.0,0.0,0.6566733908536373,0.4375139937893066,0.8595682030538839,0.4079173077896225,0.4986557970120028,0.67569919267349,0.1419747765983267,0.4606842075042598,0.5364121356494883,0.0,0.0,0.0,0.0,0.0,0.0149758978944713,0.2043832137796065,0.0,0.0,0.2553850735817866,0.0,0.0,0.0,0.2886628720444527,0.8816193450932203,0.0,0.0,0.4924321048649664,0.4461960790999897,0.0,0.0980663192991354,0.182620463243726,0.0,0.1931346079049281,0.1044877674711743,0.0,0.0,0.0,0.0,0.0,0.0,0.0,0.0,0.0,0.0,0.0,0.0,0.0,0.0,0.0,0.0,0.0,0.0,0.0,0.0,0.0,0.0,0.0,0.0,0.0,0.0,0.0,0.0,0.0,0.0,0.0,0.0,0.0,0.0,0.0,0.0,0.0,0.0
0.0,0.4527439270749091,0.0,0.6566733908536373,0.0,0.2335119165519975,0.7006904819067394,0.2873722530501109,0.5668657382111943,0.3028643619762169,0.2472840615960273,0.1219721053168822,0.268136665865509,0.0,0.0,0.2164388751167959,0.0,0.0,0.0,0.0,0.0,0.0596490688234634,0.1259630350318805,0.0,0.0169359239096069,0.2023295698104409,0.0,0.4156199850242795,0.0,0.0,0.1170579387409558,0.168422128634696,0.0420914590491465,0.0,0.2632520277705822,0.0,0.0,0.1795628399932767,0.0,0.0,0.0,0.0,0.233126295033066,0.0,0.0,0.0,0.0,0.4081175199526295,0.0,0.3831209080520172,0.0,0.0,0.6257260759145744,0.0,0.0,0.1828232689673282,0.0,0.0,0.0,0.0,0.0,0.0,0.0,0.0963601374108076,0.0,0.0,0.0,0.5122947780331457,0.0,0.0,0.0,0.0,0.0,0.0,0.0,0.0
0.0,0.746157087503047,0.3047505845935269,0.4375139937893066,0.2335119165519975,0.0,0.5562639960294199,0.2524919584758616,0.682893592732567,0.4887951269303224,0.0,0.4125427469439307,0.7247884806087922,0.0,0.4487792369962722,0.6822957803568518,0.70785199436658,0.7564772734542113,0.4034127957708049,0.6361731256955181,0.446570615401386,0.602083713882616,0.5664972351908676,0.0,0.6028611535260616,0.52211024529404,0.6883061768818677,0.6250416876233201,0.4575489307846303,0.6249573641769803,0.1731786719217272,0.2925982382088565,0.0,0.0,0.0,0.0,0.1362152772755579,0.0201204291872811,0.0732258456613637,0.0,0.0,0.0,0.1020368236397123,0.0,0.0,0.0,0.0795650865140772,0.6168144806574415,0.0,0.4149838470788002,0.0681398692464931,0.0,0.3951693135043956,0.0,0.0,0.0332866118580782,0.0,0.0,0.0,0.3735087622972848,0.0,0.0,0.0,0.4571601619640402,0.0,0.36227060690836,0.0,0.5824405116149494,0.0,0.0,0.1655239603836514,0.0952550142273205,0.0,0.0,0.0,0.0
0.0,0.7574062134462277,0.0,0.8595682030538839,0.7006904819067394,0.5562639960294199,0.0,0.1638404924265243,0.7233619653442851,0.6723376029755572,0.1101547597334753,0.3048242457563376,0.5584475635028658,0.0,0.0,0.7891753181865604,0.88189445368913,0.7034351966053661,0.0349112660043625,0.3422430405632648,0.0,0.5939495977302232,0.1384409159905325,0.046991535762979,0.3146436776279324,0.3094968339123984,0.3496068033831533,0.8350339231176499,0.2106397312088898,0.0,0.6158436466719074,0.5319059477568374,0.0,0.0268129898071343,0.138524523650173,0.0,0.1831079737592134,0.0,0.0,0.0,0.0,0.0,0.181789867124821,0.0,0.0,0.0,0.0,0.5102716937311956,0.0,0.0,0.0,0.0,0.6271613345979675,0.0,0.0,0.1250666761008909,0.0,0.0,0.0,0.0,0.0,0.0,0.0,0.399854157801519,0.0,0.0,0.0,0.4849808098452984,0.0,0.0,0.0,0.0,0.0,0.0,0.0,0.0
0.0,0.3294003828588505,0.03258807096149,0.4079173077896225,0.2873722530501109,0.2524919584758616,0.1638404924265243,0.0,0.0,0.1515735091849415,0.2813718305378078,0.5184331518564744,0.4531422127336648,0.0,0.0790566060727413,0.0290029901194005,0.0,0.0,0.0,0.0,0.3321076422463371,0.0,0.51908913426833,0.4386286945801342,0.0393091990924275,0.4447110576134257,0.0397455945344655,0.3366151542173394,0.0,0.0994785170224459,0.0,0.0602973675688011,0.5305604353627242,0.3257021156382267,0.1647587617150601,0.0,0.0,0.0,0.0,0.0,0.0,0.0,0.3507727114986394,0.0,0.0,0.0,0.0,0.3714021564194845,0.0,0.1378948825662113,0.0,0.0,0.7531874871471164,0.0,0.0,0.4923031120379335,0.0,0.0422221951804249,0.1463538756401789,0.0,0.0,0.0,0.0,0.2936231126696539,0.0,0.0699014029631416,0.0,0.3905508922766759,0.0,0.0,0.0,0.0,0.0,0.0,0.0,0.0
0.0,0.5916853465025977,0.0835682973588004,0.4986557970120028,0.5668657382111943,0.682893592732567,0.7233619653442851,0.0,0.0,0.4213445392482429,0.3175224223615241,0.0498063958696706,0.324511630490203,0.0,0.0,0.565287931222751,0.0,0.6334717675610466,0.3885584811684328,0.4892854649429862,0.0,0.5802673883176166,0.2968305546938033,0.0,0.2422822079594834,0.1739519131661482,0.4218456898049645,0.5120750638284323,0.5323912053974946,0.5761547105537496,0.3250586231235468,0.3676205040429073,0.0,0.0,0.0,0.0,0.0534263970650174,0.0384830719786294,0.1517168364392478,0.0,0.0,0.0,0.0,0.0,0.0,0.0,0.0,0.6716990206993974,0.0,0.4404958566921028,0.0,0.0,0.3582142845584481,0.0984406816395912,0.0,0.1364810962955701,0.0,0.0,0.0,0.0,0.0,0.0,0.0,0.4556194075289927,0.0,0.0,0.0,0.5857014111970723,0.0,0.0,0.0,0.1144456143182338,0.0,0.0,0.0,0.0
0.0,0.0,0.2319038886400529,0.67569919267349,0.3028643619762169,0.4887951269303224,0.6723376029755572,0.1515735091849415,0.4213445392482429,0.0,0.0,0.7283440062977481,0.4153754392891094,0.0,0.0,0.8024815515575434,0.8175534660121346,0.7539249690538978,0.1208795295500767,0.3941267933676665,0.0,0.6292309502248433,0.1868481234836516,0.3012800310445062,0.5312238178021652,0.5652344965820195,0.4913740134176126,0.7318955163707647,0.1166296216472141,0.0,0.6054396396151364,0.406430890137458,0.0,0.0,0.0,0.0,0.5631495251251659,0.0,0.006631615857296,0.0,0.0,0.0,0.0,0.0,0.0,0.0354281791265694,0.0,0.0,0.0,0.0,0.0,0.0,0.0,0.0,0.0079698830689185,0.0,0.0,0.0,0.0,0.0,0.0,0.0,0.0,0.0,0.0,0.0,0.0,0.0,0.0,0.0,0.2711653614947488,0.0,0.0,0.0,0.0,0.0
0.0,0.0,0.2041624496724144,0.1419747765983267,0.2472840615960273,0.0,0.1101547597334753,0.2813718305378078,0.3175224223615241,0.0,0.0,0.0471661971251482,0.0393641178378798,0.0,0.0,0.0,0.0704611079214117,0.0,0.4399674252082454,0.0,0.0,0.0,0.210357020224251,0.0,0.0,0.0,0.128344156524452,0.0719894283526383,0.0,0.0,0.088202219068176,0.0,0.0594020766404923,0.0716960565843038,0.0844208179322021,0.0,0.0,0.166963378655517,0.0,0.0,0.0,0.0,0.0,0.0,0.0,0.0,0.0,0.3353411753664086,0.0,0.1466743615705667,0.0,0.0811167059733085,0.2457389749558863,0.3765286254781004,0.0,0.7170590556465818,0.0,0.0,0.0,0.0,0.0,0.0,0.0,0.4431920662235847,0.0,0.0,0.0,0.1470644584340502,0.0,0.0,0.0,0.0,0.0,0.0,0.0,0.0
0.0,0.0,0.3157174629495646,0.4606842075042598,0.1219721053168822,0.4125427469439307,0.3048242457563376,0.5184331518564744,0.0498063958696706,0.7283440062977481,0.0471661971251482,0.0,0.5362419651079896,0.0,0.0,0.0,0.5445573963343552,0.4988578408279318,0.137526799058052,0.0,0.4964748082085436,0.0,0.2851437308239156,0.4499577395023802,0.3391238132684076,0.624288555193203,0.4136105224109326,0.5603908841357189,0.0,0.0,0.2573562008265131,0.1692234276402059,0.3136201307751625,0.1628370134442614,0.0,0.0,0.4114403001365229,0.0807811091962719,0.0,0.0,0.0,0.0,0.0590009373564078,0.0,0.0,0.0,0.0,0.0,0.0,0.0,0.0,0.0,0.0,0.0,0.3033481790163681,0.0,0.3200251052983604,0.0,0.0,0.0,0.0,0.1099111677108685,0.0,0.0,0.0,0.0,0.0,0.0,0.0,0.0,0.2097442820405872,0.0,0.0,0.0,0.0,0.0
0.0,0.7019285969429373,0.0528634576947132,0.5364121356494883,0.268136665865509,0.7247884806087922,0.5584475635028658,0.4531422127336648,0.324511630490203,0.4153754392891094,0.0393641178378798,0.5362419651079896,0.0,0.0,0.1658011126818444,0.6476688101437863,0.6810118312549012,0.682132564413479,0.1473845353931971,0.3018485010160331,0.5008246557771372,0.3935542152411765,0.3092593361922381,0.1206493059333583,0.5017999297032232,0.6153284913023197,0.4129300824004744,0.6732132990145206,0.1084262178468947,0.4382262878981685,0.1797321367958521,0.2653138003218939,0.2833962517918119,0.1750658471654534,0.0,0.0,0.1092881247568038,0.0,0.0,0.0,0.0,0.0,0.1330382851304282,0.0,0.0,0.0,0.0,0.4915304966249817,0.0,0.0,0.0,0.0,0.4582563542971012,0.0,0.0,0.2485145232955027,0.0,0.0,0.0,0.0627204362005177,0.0,0.0,0.0,0.0,0.0,0.0,0.0,0.2929244297519984,0.0,0.0,0.0131565436781449,0.0,0.0,0.0,0.0,0.0
0.0,0.0,0.0,0.0,0.0,0.0,0.0,0.0,0.0,0.0,0.0,0.0,0.0,0.0,0.0,0.0,0.0,0.0,0.0,0.0,0.0,0.0,0.0,0.0,0.0,0.0,0.0,0.0,0.0,0.0,0.0,0.0,0.0,0.0403381428738876,0.0,0.7507202139446534,0.0,0.0,0.0,0.0,0.0,0.0,0.0,0.0,0.0,0.0,0.0,0.0,0.0,0.0,0.0,0.0,0.0,0.579457342696774,0.0,0.0,0.0,0.0,0.0,0.0,0.0,0.0,0.0,0.0,0.0,0.0,0.0,0.0,0.0,0.0,0.0,0.2336210207184064,0.0,0.0,0.0,0.0
0.0694643255948096,0.3633761742193259,0.0,0.0,0.0,0.4487792369962722,0.0,0.0790566060727413,0.0,0.0,0.0,0.0,0.1658011126818444,0.0,0.0,0.448162804756366,0.0,0.4309063261217414,0.0,0.7640513856258101,0.6604062107016272,0.6978909949576129,0.505899822285041,0.0,0.2858038231885873,0.137516042888758,0.7099504484901537,0.4974363317333471,0.4506698583811344,0.0,0.361349587980742,0.1828585974183159,0.0,0.0,0.0,0.0,0.0,0.0,0.1611470622391337,0.0,0.0,0.0,0.0,0.0,0.0,0.0,0.3852028004887202,0.0,0.0,0.0,0.0,0.0,0.1917260078637157,0.0,0.0,0.0,0.0,0.0,0.0,0.711556559034605,0.0,0.0,0.0,0.0,0.0,0.4581795141426168,0.0,0.4026767063257462,0.0,0.0,0.2770837869408994,0.0,0.1064844332684388,0.0,0.0,0.0
0.0,0.8951375346898488,0.0,0.0,0.2164388751167959,0.6822957803568518,0.7891753181865604,0.0290029901194005,0.565287931222751,0.8024815515575434,0.0,0.0,0.6476688101437863,0.0,0.448162804756366,0.0,0.8976044395669761,0.9364061329217416,0.0,0.5846286885442412,0.5243124588297009,0.8523569535695804,0.1138244778012549,0.0,0.6719350615073183,0.5551254423620483,0.5679035464767223,0.7940816796252849,0.3695194928983633,0.6914215274025357,0.6672887193112471,0.543591119878428,0.0,0.0259208891826626,0.0,0.0,0.0,0.0,0.0821229908472442,0.0,0.0,0.0,0.0,0.0,0.0,0.0180303606964622,0.0,0.0,0.0,0.0,0.0,0.0,0.0,0.0,0.0,0.0,0.0,0.0,0.0,0.3527761480138908,0.0,0.0,0.0,0.0,0.0,0.7184183403551492,0.0,0.3351947336549903,0.0,0.0,0.1506904032407744,0.0,0.0,0.0,0.0,0.0
0.0,0.8396338239736938,0.0,0.0,0.0,0.70785199436658,0.88189445368913,0.0,0.0,0.8175534660121346,0.0704611079214117,0.5445573963343552,0.6810118312549012,0.0,0.0,0.8976044395669761,0.0,0.8915252446233656,0.0,0.5527141610340923,0.0,0.7199848110413483,0.0,0.0894667900551685,0.5591111455159352,0.4918565741799212,0.0,0.8858652970593387,0.3010069715823756,0.0,0.6006362106943335,0.4736376121609206,0.0,0.0,0.0,0.0,0.0,0.0,0.0,0.0,0.0,0.0,0.0,0.0,0.0,0.0,0.0,0.0,0.0,0.0,0.0,0.0,0.0,0.0,0.0,0.0,0.0,0.0,0.0,0.0,0.0,0.0,0.0,0.0,0.0,0.0,0.0,0.0,0.0,0.0,0.0228501771959452,0.0,0.0,0.0,0.0,0.0
0.0,0.8258770262425134,0.0,0.0,0.0,0.7564772734542113,0.7034351966053661,0.0,0.6334717675610466,0.7539249690538978,0.0,0.4988578408279318,0.682132564413479,0.0,0.4309063261217414,0.9364061329217416,0.8915252446233656,0.0,0.0,0.5978218824215458,0.5118933338218723,0.786438132947868,0.1641258467200839,0.0516933182452643,0.7081918660389666,0.5622495429868558,0.5908153546780881,0.7333421950889256,0.486639722216974,0.6616468114314008,0.4996619422402915,0.4451243506069748,0.0,0.0,0.0,0.0,0.0,0.0,0.133196239556674,0.0,0.0,0.0,0.0,0.0,0.0,0.0,0.0,0.0,0.0,0.0,0.0,0.0,0.0,0.0,0.0,0.0,0.0,0.0,0.0,0.0,0.0,0.0,0.1263285371953415,0.0,0.0,0.0,0.0,0.0,0.0,0.0,0.2081096577886768,0.0,0.0,0.0,0.0,0.0
0.0,0.0,0.7215015505507404,0.0149758978944713,0.0,0.4034127957708049,0.0349112660043625,0.0,0.3885584811684328,0.1208795295500767,0.4399674252082454,0.137526799058052,0.1473845353931971,0.0,0.0,0.0,0.0,0.0,0.0,0.0,0.0,0.0,0.4587855924648309,0.0,0.0,0.0,0.6344877714913266,0.2792907739117405,0.0,0.0,0.1009110692362142,0.132484025110251,0.0,0.0,0.0,0.0,0.1836669883523228,0.0,0.1419353340127952,0.0,0.0,0.0,0.0,0.0,0.0,0.0,0.0,0.317050909261572,0.0,0.1452557880477358,0.2536772710373727,0.1129979189515829,0.0228166451369604,0.2155282413907331,0.0,0.2906608075217535,0.0,0.1191270767233478,0.0,0.0,0.0,0.0,0.0,0.6251919874446077,0.0,0.0,0.0,0.1940023012284642,0.0,0.0,0.0,0.248423684444077,0.0,0.0,0.0,0.0
0.2063349589880354,0.4300236419284845,0.0,0.2043832137796065,0.0,0.6361731256955181,0.3422430405632648,0.0,0.4892854649429862,0.3941267933676665,0.0,0.0,0.3018485010160331,0.0,0.7640513856258101,0.5846286885442412,0.5527141610340923,0.5978218824215458,0.0,0.0,0.6369864402951108,0.9026451463749844,0.4713074945906703,0.0,0.4387179455852323,0.0644429518179487,0.829367688892325,0.5731134083297388,0.766429318484865,0.7511828576532283,0.5197208572089058,0.3807209748064838,0.0,0.0,0.0,0.0,0.3774546772477545,0.0,0.2963907304434665,0.0,0.0,0.0,0.0,0.0,0.0,0.0,0.215769525151421,0.0,0.0,0.0,0.0,0.0,0.0615441461297757,0.0,0.0,0.0,0.0,0.0,0.0,0.6803469064262422,0.0198729365238852,0.0,0.0,0.0,0.0,0.4818002276568119,0.0378080919123154,0.3148684017664839,0.0,0.0,0.1278171699328159,0.1867209646044872,0.175116799939406,0.0,0.0024864353123837,0.0116058012301769
0.1485002946401478,0.405972355055688,0.0,0.0,0.0,0.446570615401386,0.0,0.3321076422463371,0.0,0.0,0.0,0.4964748082085436,0.5008246557771372,0.0,0.6604062107016272,0.5243124588297009,0.0,0.5118933338218723,0.0,0.6369864402951108,0.0,0.6239724827705434,0.4306616372741738,0.0280407934380329,0.3717760959007518,0.2724515151393553,0.6115792438780846,0.6229403728448999,0.3645187678900963,0.0,0.4934769110595904,0.3230096332521159,0.2558296301615436,0.3334718206326447,0.0016379062044165,0.0,0.0,0.0,0.0,0.0,0.0,0.0,0.0,0.0,0.0,0.2661310031000649,0.3027620073962182,0.0,0.0,0.0,0.0,0.0,0.3302496566542572,0.0,0.0,0.0,0.0,0.0,0.0,0.420645535670372,0.0,0.0,0.0,0.0,0.0,0.6294106445179338,0.0,0.2093046153198262,0.0,0.0,0.1823731709242392,0.0,0.0,0.0,0.0,0.0
0.1166267316909188,0.676866761414799,0.0,0.0,0.0596490688234634,0.602083713882616,0.5939495977302232,0.0,0.5802673883176166,0.6292309502248433,0.0,0.0,0.3935542152411765,0.0,0.6978909949576129,0.8523569535695804,0.7199848110413483,0.786438132947868,0.0,0.9026451463749844,0.6239724827705434,0.0,0.2562725937782932,0.0,0.5133435741430084,0.2612731038999929,0.6925940935365207,0.7227563731143173,0.6360291039435657,0.7936598075977639,0.7222693777270567,0.5316797186992426,0.0,0.0294479037021064,0.0,0.0,0.44346373575332,0.0,0.2338228613017645,0.0,0.0,0.0,0.0,0.0,0.0,0.3830381189403061,0.0572753539065706,0.0,0.0,0.0,0.0,0.0,0.0,0.0,0.0,0.0,0.0,0.0,0.0,0.6083265010861217,0.0,0.0,0.0296911416443039,0.0,0.0,0.6445554337986027,0.0,0.3180870461784483,0.0,0.0,0.2001584449111003,0.0,0.0797561986034918,0.0,0.0,0.0
0.0,0.3282382673721838,0.5345500483345351,0.2553850735817866,0.1259630350318805,0.5664972351908676,0.1384409159905325,0.51908913426833,0.2968305546938033,0.1868481234836516,0.210357020224251,0.2851437308239156,0.3092593361922381,0.0,0.505899822285041,0.1138244778012549,0.0,0.1641258467200839,0.4587855924648309,0.4713074945906703,0.4306616372741738,0.2562725937782932,0.0,0.1109240191246526,0.2869945956834538,0.213882745681167,0.6586763727337881,0.3943811259966442,0.2662206450599602,0.3884589935624417,0.0,0.1017653448179262,0.1165486993576715,0.0,0.0,0.0,0.0232763716057958,0.223429178214542,0.0,0.0367162436388104,0.0,0.0,0.2083275489666627,0.2641029801043872,0.0,0.0,0.4294528262971179,0.4326699805707372,0.0,0.3356500962184965,0.314541106191629,0.0,0.4925189737180889,0.0704382333579089,0.0,0.2139463281139035,0.0,0.1023912356273615,0.0,0.3105657413051361,0.0,0.0,0.0,0.3874350539710091,0.0,0.1949066159182228,0.0,0.7535006095257423,0.0,0.0069632591755942,0.1806256147062571,0.2288108023550548,0.0,0.0,0.0,0.0
0.0,0.0,0.0,0.0,0.0,0.0,0.046991535762979,0.4386286945801342,0.0,0.3012800310445062,0.0,0.4499577395023802,0.1206493059333583,0.0,0.0,0.0,0.0894667900551685,0.0516933182452643,0.0,0.0,0.0280407934380329,0.0,0.1109240191246526,0.0,0.1385441316857563,0.5753256209491568,0.0,0.0854842472126719,0.0,0.0,0.0,0.0596718128917894,0.3347250833836902,0.0,0.007630079629209,0.0449021034560682,0.0996554613477778,0.4199801416983073,0.0,0.1812591703804472,0.0056257507039166,0.0,0.0,0.0,0.1081577003584817,0.0,0.0,0.0,0.0,0.0,0.0,0.0,0.0,0.0,0.1009442782671291,0.0,0.475438269753958,0.0,0.0,0.0,0.0,0.0,0.0,0.0,0.0,0.0,0.0,0.0,0.680273674934834,0.0914101539383974,0.346707219400571,0.0,0.0,0.0,0.0,0.0
0.2623648326013666,0.704486922588329,0.0,0.0,0.0169359239096069,0.6028611535260616,0.3146436776279324,0.0393091990924275,0.2422822079594834,0.5312238178021652,0.0,0.3391238132684076,0.5017999297032232,0.0,0.2858038231885873,0.6719350615073183,0.5591111455159352,0.7081918660389666,0.0,0.4387179455852323,0.3717760959007518,0.5133435741430084,0.2869945956834538,0.1385441316857563,0.0,0.7007336576202587,0.4644077278928152,0.4368705950972307,0.2870412422380829,0.0,0.1513467098963797,0.2356837732805799,0.0446286016253336,0.0,0.0,0.0,0.0,0.0,0.1559736574651557,0.0,0.0,0.0,0.0,0.0,0.0,0.1777768483853617,0.3835896721083865,0.0,0.0,0.0,0.0,0.0,0.0,0.0,0.1088326331586616,0.0,0.0,0.0,0.0,0.2522405392229223,0.0,0.0125369013710103,0.1234466061227994,0.0,0.0,0.2659137615465167,0.0,0.3476214019865354,0.0,0.4281382595231182,0.5347015209286174,0.0,0.0,0.0,0.0,0.0
0.0,0.7230840570161655,0.0,0.0,0.2023295698104409,0.52211024529404,0.3094968339123984,0.4447110576134257,0.1739519131661482,0.5652344965820195,0.0,0.624288555193203,0.6153284913023197,0.0,0.137516042888758,0.5551254423620483,0.4918565741799212,0.5622495429868558,0.0,0.0644429518179487,0.2724515151393553,0.2612731038999929,0.213882745681167,0.5753256209491568,0.7007336576202587,0.0,0.1145372821294846,0.3846389672610791,0.0,0.0,0.0,0.1524280141250573,0.1933747650293515,0.0,0.0,0.0,0.0,0.0426411352446,0.0,0.0,0.0,0.0,0.0,0.0,0.0,0.0,0.180074324740069,0.0,0.0,0.0,0.0,0.0,0.0,0.0,0.0539310340905586,0.0,0.246833146232372,0.0,0.0,0.0,0.0,0.0,0.0,0.0,0.0,0.1865250751410525,0.0,0.3588124097638584,0.1141692835783741,0.1914355228292005,0.5954958661349269,0.0,0.0,0.0,0.0,0.0
0.0,0.4680867805068343,0.668917035000359,0.2886628720444527,0.0,0.6883061768818677,0.3496068033831533,0.0397455945344655,0.4218456898049645,0.4913740134176126,0.128344156524452,0.4136105224109326,0.4129300824004744,0.0,0.7099504484901537,0.5679035464767223,0.0,0.5908153546780881,0.6344877714913266,0.829367688892325,0.6115792438780846,0.6925940935365207,0.6586763727337881,0.0,0.4644077278928152,0.1145372821294846,0.0,0.603380970881368,0.6687372456105378,0.611755706653952,0.3617614866216999,0.2923945513119594,0.0,0.0,0.0,0.0,0.4103563503776994,0.0,0.1119423275525293,0.0,0.0,0.0,0.0,0.3166063459240477,0.0,0.0,0.381436181832084,0.3696510908139848,0.0,0.2736744511599561,0.072584190714847,0.0,0.1595606530629061,0.0,0.0,0.1294288132887843,0.0,0.0,0.0,0.5793554109168609,0.0,0.0,0.0,0.5367668169946155,0.0,0.4407805786430865,0.0,0.3996231557379837,0.0,0.0,0.0531569957317123,0.3950764790103472,0.0,0.0,0.0,0.0
0.0,0.7875788705097803,0.1912234076795457,0.8816193450932203,0.4156199850242795,0.6250416876233201,0.8350339231176499,0.3366151542173394,0.5120750638284323,0.7318955163707647,0.0719894283526383,0.5603908841357189,0.6732132990145206,0.0,0.4974363317333471,0.7940816796252849,0.8858652970593387,0.7333421950889256,0.2792907739117405,0.5731134083297388,0.6229403728448999,0.7227563731143173,0.3943811259966442,0.0854842472126719,0.4368705950972307,0.3846389672610791,0.603380970881368,0.0,0.241008575680338,0.7122543489101393,0.6009305006193876,0.4890594037693386,0.2082437595984643,0.1202210406634548,0.0099116362246778,0.0,0.3054413656286721,0.0659466885301988,0.0,0.0,0.0,0.0,0.2029863799515727,0.0,0.0,0.0,0.0,0.4890420887290331,0.0,0.0,0.0,0.0,0.6286634969595378,0.0,0.0,0.0,0.0,0.0,0.0,0.3031985451673237,0.0,0.0,0.0,0.0,0.0,0.7151360827726375,0.0,0.4601189777239066,0.0,0.0,0.0,0.0,0.0,0.0,0.0,0.0
0.2756656961250944,0.1807133810649229,0.0,0.0,0.0,0.4575489307846303,0.2106397312088898,0.0,0.5323912053974946,0.1166296216472141,0.0,0.0,0.1084262178468947,0.0,0.4506698583811344,0.3695194928983633,0.3010069715823756,0.486639722216974,0.0,0.766429318484865,0.3645187678900963,0.6360291039435657,0.2662206450599602,0.0,0.2870412422380829,0.0,0.6687372456105378,0.241008575680338,0.0,0.4997654936983114,0.304055242052792,0.1764857231136993,0.0,0.0,0.0,0.0,0.0513198116099062,0.0,0.3553925883505309,0.0,0.0,0.0,0.0,0.0,0.0,0.0,0.1621103534355349,0.1307431663725328,0.0,0.0,0.0853882279721478,0.1427688149100619,0.0,0.0647418684126463,0.0,0.0,0.0,0.0,0.0,0.7555693986956562,0.0,0.0,0.0,0.0,0.1768215031098715,0.2957285187571034,0.2363371597174819,0.1413871898519477,0.0,0.0,0.0447001793019291,0.469173090730654,0.3172664574046983,0.3553453556648985,0.192694396862059,0.2329376850516423
0.0,0.0,0.0,0.0,0.0,0.6249573641769803,0.0,0.0994785170224459,0.5761547105537496,0.0,0.0,0.0,0.4382262878981685,0.0,0.0,0.6914215274025357,0.0,0.6616468114314008,0.0,0.7511828576532283,0.0,0.7936598075977639,0.3884589935624417,0.0,0.0,0.0,0.611755706653952,0.7122543489101393,0.4997654936983114,0.0,0.6480758537478322,0.5979934654127828,0.0,0.1461475241999986,0.0,0.0,0.0,0.0,0.0,0.0,0.0,0.0,0.0,0.0,0.0,0.0,0.0,0.0,0.0,0.0,0.0,0.0,0.0,0.0,0.0,0.0,0.0,0.0,0.0,0.0,0.0,0.0,0.0,0.0,0.0,0.0,0.0,0.3584838945107578,0.0,0.0,0.0,0.0,0.0,0.0,0.0,0.0
0.0,0.4129031800073571,0.066973704442956,0.4924321048649664,0.1170579387409558,0.1731786719217272,0.6158436466719074,0.0,0.3250586231235468,0.6054396396151364,0.088202219068176,0.2573562008265131,0.1797321367958521,0.0,0.361349587980742,0.6672887193112471,0.6006362106943335,0.4996619422402915,0.1009110692362142,0.5197208572089058,0.4934769110595904,0.7222693777270567,0.0,0.0,0.1513467098963797,0.0,0.3617614866216999,0.6009305006193876,0.304055242052792,0.6480758537478322,0.0,0.6157194744834068,0.0,0.3763301756236317,0.3432549709720313,0.0,0.5477434484676404,0.0,0.1163342482178238,0.0,0.0,0.0,0.0,0.0,0.0,0.0,0.0,0.0,0.0,0.0,0.0,0.0,0.1764178268804543,0.0,0.0,0.0,0.0,0.0,0.0,0.3228127887244159,0.0,0.0,0.0,0.0,0.0,0.7468493410753189,0.0,0.0547170943239306,0.0,0.0,0.0,0.0,0.0,0.0,0.0,0.0
0.0,0.4119670400534026,0.0,0.4461960790999897,0.168422128634696,0.2925982382088565,0.5319059477568374,0.0602973675688011,0.3676205040429073,0.406430890137458,0.0,0.1692234276402059,0.2653138003218939,0.0,0.1828585974183159,0.543591119878428,0.4736376121609206,0.4451243506069748,0.132484025110251,0.3807209748064838,0.3230096332521159,0.5316797186992426,0.1017653448179262,0.0596718128917894,0.2356837732805799,0.1524280141250573,0.2923945513119594,0.4890594037693386,0.1764857231136993,0.5979934654127828,0.6157194744834068,0.0,0.0,0.1865296574566418,0.2370043727737364,0.0,0.4472874226001028,0.0,0.2621841188144944,0.0,0.0,0.0,0.1556025670916292,0.0672559749207415,0.0,0.0330868882359667,0.0,0.2589194619559498,0.0,0.142350649783567,0.0,0.0,0.2273299021777083,0.0,0.0,0.0,0.0,0.0,0.0,0.0844857336973869,0.0,0.0,0.0,0.2462865969312987,0.0,0.5164462682556366,0.0,0.2352323920145277,0.0,0.0,0.0,0.0,0.0,0.0,0.0,0.0
0.185506986024322,0.0763412075138871,0.0480309152610398,0.0,0.0420914590491465,0.0,0.0,0.5305604353627242,0.0,0.0,0.0594020766404923,0.3136201307751625,0.2833962517918119,0.0,0.0,0.0,0.0,0.0,0.0,0.0,0.2558296301615436,0.0,0.1165486993576715,0.3347250833836902,0.0446286016253336,0.1933747650293515,0.0,0.2082437595984643,0.0,0.0,0.0,0.0,0.0,0.4983792330740665,0.2974322354187775,0.1305557569140959,0.0,0.3155925948470028,0.0,0.330243361324246,0.0,0.0,0.0,0.0,0.2862870026729231,0.0991602035830888,0.2839811648240367,0.0,0.0,0.0,0.0,0.0,0.0,0.0,0.2687505922386508,0.0,0.18773695591729,0.0,0.0,0.0,0.0,0.0363393360006119,0.0,0.0,0.0,0.0,0.0,0.0,0.2152877600866571,0.1006710298737362,0.0,0.0,0.0,0.0,0.0,0.0
0.1501329569654058,0.0,0.0,0.0980663192991354,0.0,0.0,0.0268129898071343,0.3257021156382267,0.0,0.0,0.0716960565843038,0.1628370134442614,0.1750658471654534,0.0403381428738876,0.0,0.0259208891826626,0.0,0.0,0.0,0.0,0.3334718206326447,0.0294479037021064,0.0,0.0,0.0,0.0,0.0,0.1202210406634548,0.0,0.1461475241999986,0.3763301756236317,0.1865296574566418,0.4983792330740665,0.0,0.5994285063177652,0.0896646635065305,0.0193027418273209,0.1073958808677408,0.0,0.0,0.0,0.0213919004161132,0.0759955143670473,0.0,0.1923923568516437,0.0321406229860626,0.0,0.0,0.0,0.0,0.0,0.2035627471950259,0.1697227171722026,0.0,0.0578024378893344,0.0,0.0,0.0,0.0,0.0,0.0,0.0,0.0,0.0,0.0,0.1526334352775903,0.0,0.0,0.0,0.0,0.0,0.0,0.0,0.0,0.0,0.0
0.0,0.0,0.0,0.182620463243726,0.2632520277705822,0.0,0.138524523650173,0.1647587617150601,0.0,0.0,0.0844208179322021,0.0,0.0,0.0,0.0,0.0,0.0,0.0,0.0,0.0,0.0016379062044165,0.0,0.0,0.007630079629209,0.0,0.0,0.0,0.0099116362246778,0.0,0.0,0.3432549709720313,0.2370043727737364,0.2974322354187775,0.5994285063177652,0.0,0.0,0.0,0.0880425964230455,0.0,0.0,0.0,0.1187671120669712,0.1349869667655382,0.0,0.05137947769845,0.0,0.0,0.0,0.0,0.0,0.0,0.0,0.0,0.0,0.0,0.0,0.0,0.0,0.0,0.0,0.0,0.0,0.0,0.0,0.0,0.0,0.0,0.0,0.0,0.0,0.0,0.0,0.0,0.0,0.0,0.0
0.0,0.0,0.0,0.0,0.0,0.0,0.0,0.0,0.0,0.0,0.0,0.0,0.0,0.7507202139446534,0.0,0.0,0.0,0.0,0.0,0.0,0.0,0.0,0.0,0.0449021034560682,0.0,0.0,0.0,0.0,0.0,0.0,0.0,0.0,0.1305557569140959,0.0896646635065305,0.0,0.0,0.0,0.0764657173151941,0.1254258774952894,0.7012906089140135,0.7412030953446669,0.453755172829038,0.0616656958745438,0.0,0.6633450066052564,0.0,0.0,0.0,0.0,0.0,0.7072842042993601,0.6502061454319725,0.0,0.5704036426228096,0.0,0.0,0.3584172576319342,0.686900364345706,0.0,0.0,0.0,0.0,0.0,0.0,0.7218496792570409,0.0,0.6483352510145161,0.0,0.0,0.0,0.0,0.4140780262930763,0.2747774128904278,0.7805084754078061,0.0,0.0
0.0,0.0,0.3005751314555503,0.1931346079049281,0.0,0.1362152772755579,0.1831079737592134,0.0,0.0534263970650174,0.5631495251251659,0.0,0.4114403001365229,0.1092881247568038,0.0,0.0,0.0,0.0,0.0,0.1836669883523228,0.3774546772477545,0.0,0.44346373575332,0.0232763716057958,0.0996554613477778,0.0,0.0,0.4103563503776994,0.3054413656286721,0.0513198116099062,0.0,0.5477434484676404,0.4472874226001028,0.0,0.0193027418273209,0.0,0.0,0.0,0.0,0.2447769653463855,0.0,0.0,0.0,0.1075417944640653,0.0,0.0,0.0,0.0,0.0,0.0,0.0,0.0,0.0,0.0,0.0,0.0,0.0,0.0,0.0,0.0,0.0,0.0,0.0,0.0,0.0,0.0,0.0,0.0,0.0242102538206585,0.0,0.0,0.0,0.0,0.0,0.0,0.0,0.0
0.0,0.0,0.0,0.1044877674711743,0.1795628399932767,0.0201204291872811,0.0,0.0,0.0384830719786294,0.0,0.166963378655517,0.0807811091962719,0.0,0.0,0.0,0.0,0.0,0.0,0.0,0.0,0.0,0.0,0.223429178214542,0.4199801416983073,0.0,0.0426411352446,0.0,0.0659466885301988,0.0,0.0,0.0,0.0,0.3155925948470028,0.1073958808677408,0.0880425964230455,0.0764657173151941,0.0,0.0,0.0053829588834878,0.2171859738809191,0.0671480937425536,0.0130519986292991,0.0,0.0,0.2187096817284,0.0,0.0,0.0,0.0,0.0,0.0,0.0,0.0,0.0,0.0,0.0,0.0966287083342003,0.0,0.0,0.0,0.0,0.0,0.0,0.0,0.0,0.0,0.0,0.0,0.3250301370457822,0.0,0.0473614600558252,0.0,0.0,0.0,0.0,0.0
0.2811056861041718,0.0,0.0785383303827784,0.0,0.0,0.0732258456613637,0.0,0.0,0.1517168364392478,0.006631615857296,0.0,0.0,0.0,0.0,0.1611470622391337,0.0821229908472442,0.0,0.133196239556674,0.1419353340127952,0.2963907304434665,0.0,0.2338228613017645,0.0,0.0,0.1559736574651557,0.0,0.1119423275525293,0.0,0.3553925883505309,0.0,0.1163342482178238,0.2621841188144944,0.0,0.0,0.0,0.1254258774952894,0.2447769653463855,0.0053829588834878,0.0,0.11391925844425,0.3402476387964543,0.1758601876524091,0.0,0.0907326411536335,0.0,0.3326160735518675,0.112914422614784,0.0,0.0,0.0117536992204038,0.2462546943576339,0.1886409037248547,0.0,0.0,0.0284027129797953,0.0,0.0,0.0396407367696873,0.0,0.3131528166137841,0.5118789357580207,0.1580262684195257,0.2546379657298322,0.0,0.4128414129461718,0.0,0.3798530549242365,0.0748869166864888,0.2068359103538885,0.2512559010160063,0.2834859495968252,0.4001701100192203,0.4316745540519496,0.4385656653791476,0.411906921822061,0.5759711743632054
0.4661995654741876,0.0,0.0,0.0,0.0,0.0,0.0,0.0,0.0,0.0,0.0,0.0,0.0,0.0,0.0,0.0,0.0,0.0,0.0,0.0,0.0,0.0,0.0367162436388104,0.1812591703804472,0.0,0.0,0.0,0.0,0.0,0.0,0.0,0.0,0.330243361324246,0.0,0.0,0.7012906089140135,0.0,0.2171859738809191,0.11391925844425,0.0,0.8527836664494578,0.4972835822073969,0.0967893465243625,0.0,0.7287855860380861,0.224455547485262,0.4423631370266293,0.0,0.0,0.0,0.7696762236448044,0.5117560589983707,0.0,0.4719498573968518,0.4324592769324267,0.0,0.5015605389751151,0.7303478748761253,0.0,0.0,0.600793495205156,0.3820631256722271,0.3602197522377779,0.0,0.8223961578538348,0.0,0.7294042070198744,0.0,0.663580399806105,0.551106136586541,0.1620149941147627,0.3231205032385605,0.2939235355815429,0.7401834025778563,0.105442844728605,0.6137816567366045
0.4950958745341197,0.0,0.0901373712752126,0.0,0.0,0.0,0.0,0.0,0.0,0.0,0.0,0.0,0.0,0.0,0.0,0.0,0.0,0.0,0.0,0.0,0.0,0.0,0.0,0.0056257507039166,0.0,0.0,0.0,0.0,0.0,0.0,0.0,0.0,0.0,0.0,0.0,0.7412030953446669,0.0,0.0671480937425536,0.3402476387964543,0.8527836664494578,0.0,0.4887234346921652,0.0,0.0,0.5939819117530425,0.2315217569004639,0.4008908832242829,0.0,0.4763962153246298,0.0,0.8313905587181954,0.5759968357489147,0.0,0.5562664281944357,0.4148045823015614,0.0,0.4618466410886933,0.7031172190971305,0.0,0.0,0.8521181600378088,0.4595917494712289,0.4481869978301386,0.0,0.9206356037270912,0.0,0.8757683246220326,0.0,0.5984197731019082,0.623263382025671,0.2400428898861506,0.4265187506747658,0.5014426481208295,0.8424601794897869,0.3674327915096022,0.8359751766444973
0.0,0.0,0.0,0.0,0.0,0.0,0.0,0.0,0.0,0.0,0.0,0.0,0.0,0.0,0.0,0.0,0.0,0.0,0.0,0.0,0.0,0.0,0.0,0.0,0.0,0.0,0.0,0.0,0.0,0.0,0.0,0.0,0.0,0.0213919004161132,0.1187671120669712,0.453755172829038,0.0,0.0130519986292991,0.1758601876524091,0.4972835822073969,0.4887234346921652,0.0,0.0,0.0,0.3543828085709048,0.0672579448104507,0.0499441352870967,0.0,0.2660058688808295,0.0,0.5033371648423494,0.4576151419776669,0.0,0.4829920752468861,0.0928598393072415,0.0,0.1478758260982599,0.4702636098793913,0.0,0.0,0.4896227658199351,0.2083813507125514,0.2313767879572669,0.0,0.6669804703416562,0.0,0.5774060149188054,0.0,0.3398778800965371,0.2235610758272963,0.0305913960063156,0.2414651447840675,0.3102543800286365,0.5687202213993082,0.2832783572114964,0.5228068329835769
0.0,0.0,0.0,0.0,0.233126295033066,0.1020368236397123,0.181789867124821,0.3507727114986394,0.0,0.0,0.0,0.0590009373564078,0.1330382851304282,0.0,0.0,0.0,0.0,0.0,0.0,0.0,0.0,0.0,0.2083275489666627,0.0,0.0,0.0,0.0,0.2029863799515727,0.0,0.0,0.0,0.1556025670916292,0.0,0.0759955143670473,0.1349869667655382,0.0616656958745438,0.1075417944640653,0.0,0.0,0.0967893465243625,0.0,0.0,0.0,0.3822753743365051,0.0250631114553254,0.0,0.0,0.1371168969782741,0.1603890655778003,0.1684802173360753,0.0,0.0,0.3039463345163786,0.0,0.0,0.0,0.0772246966192746,0.0182573154102415,0.4698513378768537,0.0,0.0,0.0,0.0,0.0287179578169526,0.0,0.0,0.0,0.1942447212096892,0.1571958515279989,0.0,0.0,0.0,0.0,0.0,0.0,0.0
0.0,0.0,0.0,0.0,0.0,0.0,0.0,0.0,0.0,0.0,0.0,0.0,0.0,0.0,0.0,0.0,0.0,0.0,0.0,0.0,0.0,0.0,0.2641029801043872,0.0,0.0,0.0,0.3166063459240477,0.0,0.0,0.0,0.0,0.0672559749207415,0.0,0.0,0.0,0.0,0.0,0.0,0.0907326411536335,0.0,0.0,0.0,0.3822753743365051,0.0,0.0,0.0,0.0,0.1942264035801056,0.020312806694581,0.1832078759964002,0.0,0.0,0.1706264448305125,0.0,0.1974449663967497,0.0,0.1809330867583898,0.0,0.0,0.0,0.0,0.0,0.0,0.0505120046714752,0.0,0.0,0.0,0.2794596617032517,0.0,0.0,0.0,0.0,0.1255793219309391,0.0,0.0,0.0
0.0,0.0,0.0,0.0,0.0,0.0,0.0,0.0,0.0,0.0,0.0,0.0,0.0,0.0,0.0,0.0,0.0,0.0,0.0,0.0,0.0,0.0,0.0,0.1081577003584817,0.0,0.0,0.0,0.0,0.0,0.0,0.0,0.0,0.2862870026729231,0.1923923568516437,0.05137947769845,0.6633450066052564,0.0,0.2187096817284,0.0,0.7287855860380861,0.5939819117530425,0.3543828085709048,0.0250631114553254,0.0,0.0,0.0500020870402682,0.0,0.0,0.0,0.0,0.5986910586344307,0.526474735732712,0.0,0.5122460172861162,0.338560754527073,0.0474436191086398,0.4006772751769243,0.6223933596835891,0.0,0.0,0.0,0.2202936975444814,0.2271478193871063,0.0,0.0,0.0,0.0,0.0,0.4875219062937077,0.3784232615071255,0.0,0.2394722521673126,0.1536714526245941,0.0,0.0,0.3637985303616162
0.6911697991077965,0.0,0.0,0.0,0.0,0.0,0.0,0.0,0.0,0.0354281791265694,0.0,0.0,0.0,0.0,0.0,0.0180303606964622,0.0,0.0,0.0,0.0,0.2661310031000649,0.3830381189403061,0.0,0.0,0.1777768483853617,0.0,0.0,0.0,0.0,0.0,0.0,0.0330868882359667,0.0991602035830888,0.0321406229860626,0.0,0.0,0.0,0.0,0.3326160735518675,0.224455547485262,0.2315217569004639,0.0672579448104507,0.0,0.0,0.0500020870402682,0.0,0.3594167731270595,0.0,0.0,0.0,0.2613129079477548,0.0,0.0,0.0,0.0,0.0,0.0,0.1072272333333189,0.0,0.4840745753791218,0.4215372144070077,0.0,0.3594856651501747,0.0,0.410592135310062,0.194317253190274,0.4880993487862677,0.0095515342251486,0.0458086713924289,0.3910120202599235,0.3743621223411134,0.3273091837808023,0.3454871017707202,0.4554378133759963,0.0,0.4295618829748142
0.3501359184999183,0.064524457306868,0.0,0.0,0.0,0.0795650865140772,0.0,0.0,0.0,0.0,0.0,0.0,0.0,0.0,0.3852028004887202,0.0,0.0,0.0,0.0,0.215769525151421,0.3027620073962182,0.0572753539065706,0.4294528262971179,0.0,0.3835896721083865,0.180074324740069,0.381436181832084,0.0,0.1621103534355349,0.0,0.0,0.0,0.2839811648240367,0.0,0.0,0.0,0.0,0.0,0.112914422614784,0.4423631370266293,0.4008908832242829,0.0499441352870967,0.0,0.0,0.0,0.3594167731270595,0.0,0.0,0.0,0.0,0.6424852423421272,0.377697897415746,0.0,0.2125624719831918,0.644222709202976,0.0,0.0,0.5144864458036883,0.0,0.2639471821023935,0.4161938081523532,0.5366723505565243,0.5228884520581454,0.0,0.475055951742471,0.0,0.5219113741945461,0.1367554450126772,0.0,0.7058521429930983,0.5427430530008692,0.4090818722588263,0.2951010511630076,0.4378147938726947,0.0,0.2913719916410051
0.0,0.0,0.2145249543712366,0.0,0.4081175199526295,0.6168144806574415,0.5102716937311956,0.3714021564194845,0.6716990206993974,0.0,0.3353411753664086,0.0,0.4915304966249817,0.0,0.0,0.0,0.0,0.0,0.317050909261572,0.0,0.0,0.0,0.4326699805707372,0.0,0.0,0.0,0.3696510908139848,0.4890420887290331,0.1307431663725328,0.0,0.0,0.2589194619559498,0.0,0.0,0.0,0.0,0.0,0.0,0.0,0.0,0.0,0.0,0.1371168969782741,0.1942264035801056,0.0,0.0,0.0,0.0,0.0,0.3712684471822262,0.0,0.0,0.5548307177007776,0.1355550321910699,0.0,0.4758950415098517,0.0,0.0,0.0,0.0,0.0,0.0,0.0,0.626359025543853,0.0,0.4364052980237,0.0,0.5585955835819374,0.0,0.0,0.1529608382763811,0.0,0.0,0.0,0.0018641139429235,0.0
0.0,0.0,0.0,0.0,0.0,0.0,0.0,0.0,0.0,0.0,0.0,0.0,0.0,0.0,0.0,0.0,0.0,0.0,0.0,0.0,0.0,0.0,0.0,0.0,0.0,0.0,0.0,0.0,0.0,0.0,0.0,0.0,0.0,0.0,0.0,0.0,0.0,0.0,0.0,0.0,0.4763962153246298,0.2660058688808295,0.1603890655778003,0.020312806694581,0.0,0.0,0.0,0.0,0.0,0.0,0.5122719726428966,0.3810470038989804,0.0,0.3584296458210833,0.0,0.0,0.0,0.5974349718485867,0.2016219101287888,0.0,0.0,0.0,0.0,0.0,0.0,0.0,0.0,0.0,0.0,0.0,0.0,0.2455716403209199,0.1180744071703182,0.0,0.0,0.0
0.0,0.0,0.0515021609436614,0.0,0.3831209080520172,0.4149838470788002,0.0,0.1378948825662113,0.4404958566921028,0.0,0.1466743615705667,0.0,0.0,0.0,0.0,0.0,0.0,0.0,0.1452557880477358,0.0,0.0,0.0,0.3356500962184965,0.0,0.0,0.0,0.2736744511599561,0.0,0.0,0.0,0.0,0.142350649783567,0.0,0.0,0.0,0.0,0.0,0.0,0.0117536992204038,0.0,0.0,0.0,0.1684802173360753,0.1832078759964002,0.0,0.0,0.0,0.3712684471822262,0.0,0.0,0.0,0.0,0.4537326679405071,0.0752022286008878,0.0,0.1788419743500469,0.0,0.0,0.0967082047019942,0.0,0.0,0.0,0.0,0.1953076551281221,0.0,0.0,0.0,0.4916488733250018,0.0,0.0,0.0,0.0233340305761572,0.0,0.0,0.0,0.0
0.0,0.0,0.3845147432344984,0.0,0.0,0.0681398692464931,0.0,0.0,0.0,0.0,0.0,0.0,0.0,0.0,0.0,0.0,0.0,0.0,0.2536772710373727,0.0,0.0,0.0,0.314541106191629,0.0,0.0,0.0,0.072584190714847,0.0,0.0853882279721478,0.0,0.0,0.0,0.0,0.0,0.0,0.7072842042993601,0.0,0.0,0.2462546943576339,0.7696762236448044,0.8313905587181954,0.5033371648423494,0.0,0.0,0.5986910586344307,0.2613129079477548,0.6424852423421272,0.0,0.5122719726428966,0.0,0.0,0.5928429394809572,0.0,0.5644214655004877,0.5849378188109962,0.0,0.6136921846293463,0.8246358399705294,0.0,0.0867545464531386,0.7134799999575689,0.529586951054353,0.5442667646872242,0.0,0.8397688188433131,0.0,0.7873730672431285,0.0,0.0,0.6956934466151462,0.3708356904474247,0.5829423633790498,0.477531830654362,0.8086745633761117,0.0786361978122203,0.6615475212271401
0.0,0.0,0.0351419448837179,0.0,0.0,0.0,0.0,0.0,0.0,0.0,0.0811167059733085,0.0,0.0,0.0,0.0,0.0,0.0,0.0,0.1129979189515829,0.0,0.0,0.0,0.0,0.0,0.0,0.0,0.0,0.0,0.1427688149100619,0.0,0.0,0.0,0.0,0.2035627471950259,0.0,0.6502061454319725,0.0,0.0,0.1886409037248547,0.5117560589983707,0.5759968357489147,0.4576151419776669,0.0,0.0,0.526474735732712,0.0,0.377697897415746,0.0,0.3810470038989804,0.0,0.5928429394809572,0.0,0.0,0.518708568129656,0.2916908606188187,0.0,0.1327482957837449,0.6367259387032039,0.0855335847270623,0.0,0.5348969061964942,0.287437027966293,0.4629913934391243,0.0,0.6953962251257368,0.0,0.6481353894861697,0.0,0.1467821274171994,0.3656362910434823,0.0,0.5275984290029595,0.3940023677954557,0.7560571724155867,0.0,0.5832175655868649
0.0,0.0,0.0,0.0,0.6257260759145744,0.3951693135043956,0.6271613345979675,0.7531874871471164,0.3582142845584481,0.0,0.2457389749558863,0.0,0.4582563542971012,0.0,0.1917260078637157,0.0,0.0,0.0,0.0228166451369604,0.0615441461297757,0.3302496566542572,0.0,0.4925189737180889,0.0,0.0,0.0,0.1595606530629061,0.6286634969595378,0.0,0.0,0.1764178268804543,0.2273299021777083,0.0,0.1697227171722026,0.0,0.0,0.0,0.0,0.0,0.0,0.0,0.0,0.3039463345163786,0.1706264448305125,0.0,0.0,0.0,0.5548307177007776,0.0,0.4537326679405071,0.0,0.0,0.0,0.0,0.0,0.4293323168263034,0.0,0.0,0.1989019830801726,0.0,0.0,0.0,0.0,0.3682402821849609,0.0,0.4603791593596152,0.0,0.7184843030383821,0.0,0.0,0.0755666731377768,0.0,0.0,0.0,0.0,0.0
0.0,0.0,0.0881061057733463,0.0,0.0,0.0,0.0,0.0,0.0984406816395912,0.0,0.3765286254781004,0.0,0.0,0.579457342696774,0.0,0.0,0.0,0.0,0.2155282413907331,0.0,0.0,0.0,0.0704382333579089,0.0,0.0,0.0,0.0,0.0,0.0647418684126463,0.0,0.0,0.0,0.0,0.0,0.0,0.5704036426228096,0.0,0.0,0.0,0.4719498573968518,0.5562664281944357,0.4829920752468861,0.0,0.0,0.5122460172861162,0.0,0.2125624719831918,0.1355550321910699,0.3584296458210833,0.0752022286008878,0.5644214655004877,0.518708568129656,0.0,0.0,0.0664877685057119,0.3077743385612885,0.1768431116944533,0.56853093111669,0.0333452244009043,0.0,0.0,0.133381601784691,0.173449899882693,0.0548502479103891,0.5337970670562314,0.0,0.4238177913488522,0.0,0.0,0.2456869183968147,0.0,0.430897407286796,0.1989852476086612,0.5748927717123506,0.2335424989834282,0.3485432533162052
