0.0,0.3197568213788366,0.0,0.0,0.0,0.0712294690693476,0.0,0.0,0.0,0.7028745470099576,0.0,0.243635074742195,0.0797819530235375,0.0,0.4618125267122577,0.6406658697328541,0.5152566386233633,0.6354288243123826,0.0,0.67595157284008,0.720995181082583,0.6728820290106422,0.0,0.5373246932701036,0.7713369871307386,0.5106571162224682,0.406208743906454,0.4152798168792934,0.5624247737543268,0.0,0.7444575086588726,0.164233197268804,0.4539399506355324,0.2610240149999566,0.1692686199884297,0.0,0.0,0.1463798696987833,0.1848590990267994,0.5392012830369226,0.1806091113668101,0.0,0.0,0.0,0.0,0.8151121947039258,0.4168273334645412,0.0,0.0,0.0,0.0,0.0,0.0,0.0,0.7005499360837827,0.0,0.0,0.0,0.0,0.0,0.5454005042740316,0.0,0.6315127422566842,0.0,0.0,0.6216201358437918,0.5130345200293336,0.0,0.4552556201254958,0.7838835493059311,0.63749121161914,0.0,0.0,0.0,0.0,0.1653166316273828
0.3197568213788366,0.0,0.0,0.0,0.3021211351548211,0.5800312217322035,0.390126959184493,0.0966092687335043,0.0569042645215786,0.0,0.0,0.0,0.3017573937670624,0.0,0.3457155703570803,0.5501400761933751,0.5097757131136329,0.457880453142919,0.0,0.4800482338668875,0.2210537717497336,0.697258941429784,0.2788566122030004,0.0,0.7189555276502425,0.8880973446298333,0.5940067797363767,0.0772926808053394,0.0348028082355052,0.0,0.2485099679280645,0.3627542951032394,0.2118356069140155,0.1047227020577149,0.0,0.0,0.0,0.0,0.2920368163137611,0.4569531437190349,0.2659645478433561,0.3382435677376323,0.0,0.0,0.0,0.2493180230122088,0.8714340083990577,0.0,0.0,0.0,0.5755753410266395,0.0,0.0,0.0,0.0,0.0,0.0,0.0,0.0,0.3580190214820086,0.4742244529807283,0.0,0.2604365702017501,0.0,0.5610926075621013,0.398781086478579,0.6073426949285435,0.1998564954024478,0.0,0.5855684124453215,0.805818760433909,0.4539658994326127,0.0,0.1047826922478955,0.0,0.2494633375438867
0.0,0.0,0.0,0.0,0.0,0.5082219608057196,0.0,0.4279019295819568,0.1881533915206688,0.1488842750827691,0.3527567700747449,0.1807587468576994,0.3374451350825295,0.0,0.0,0.0,0.0,0.0,0.4390000877669942,0.0,0.0,0.0,0.3436754275778185,0.0,0.0,0.0,0.0830232199616853,0.5006057157175676,0.0,0.0,0.0629266037944571,0.0,0.0922708474695248,0.2713689154017705,0.0,0.2246681237978765,0.0,0.0,0.0,0.0,0.3236825369115529,0.0,0.1498001936314087,0.0,0.0,0.0,0.0,0.6041427199550877,0.0,0.1130022989100126,0.3175573587809522,0.0,0.2814651288263917,0.2411053152302653,0.0,0.2781427846470945,0.0,0.2608985420776493,0.0,0.0,0.0,0.0,0.0,0.4477229065526176,0.0,0.0,0.0,0.2033699996931504,0.0,0.0,0.0,0.0,0.4005508085754079,0.0,0.0,0.0
0.0,0.0,0.0,0.0,0.4467227223386704,0.1568147274366787,0.3696827062285802,0.0812479810346465,0.1283771538805921,0.2827973956979212,0.1784594858562109,0.3230270810215899,0.0812384386388355,0.4082476055118045,0.0,0.0,0.0,0.0,0.0,0.1385577522498347,0.0,0.0,0.0924325055384983,0.0,0.0,0.0,0.1903127527759324,0.0233739323609645,0.0,0.0,0.2239848607392934,0.3508430587484122,0.0,0.1853307368029502,0.0,0.2522575179637333,0.2838216749651235,0.3698296585076226,0.0,0.0,0.0,0.0,0.0,0.0,0.0,0.0,0.0,0.0,0.0,0.0,0.0,0.0,0.0,0.0,0.0,0.0,0.0,0.0,0.0,0.0,0.0,0.0,0.0,0.0,0.0,0.0,0.0,0.0,0.0,0.0,0.0,0.0,0.0,0.0,0.0,0.0
0.0,0.3021211351548211,0.0,0.4467227223386704,0.0,0.0440439203020436,0.6071410528834594,0.0903790516700882,0.4767385963526998,0.3597774416554917,0.5383325662326822,0.3094916693274944,0.2238195299518164,0.4029720889771646,0.0,0.1544988702440274,0.0,0.0,0.1467004708744117,0.1251460886015158,0.0,0.3039601994874502,0.0,0.0,0.2833516968688897,0.1595143799963645,0.2264969668448293,0.0487742251566217,0.0633514020582724,0.0,0.2681715950737464,0.3660024348582683,0.1812315166185014,0.0760033815670987,0.0,0.3897302950101492,0.3221392495918944,0.2404827931685973,0.3175235845167869,0.0,0.0,0.0,0.4466964946852148,0.0,0.0,0.0,0.0,0.0,0.0,0.4646921488764678,0.1661696009584741,0.0,0.2874072296912294,0.2804837363909193,0.0,0.5055768323915915,0.0,0.0,0.0,0.0,0.0,0.0,0.0,0.106659744382733,0.0,0.0,0.0,0.1123595751343765,0.0,0.0,0.0,0.1835800831403301,0.0,0.0,0.0,0.0
0.0712294690693476,0.5800312217322035,0.5082219608057196,0.1568147274366787,0.0440439203020436,0.0,0.1565759788167927,0.4751849711193255,0.0,0.1602534040996514,0.1020309167114591,0.3599469024110848,0.3739920158905536,0.1950588436129091,0.2598742214777719,0.1571914728979412,0.2392870673986846,0.2443059796405398,0.0682170277265673,0.3685840319172676,0.2028778647763172,0.2432162915066466,0.6895538558242682,0.0,0.2922242867384271,0.5323878561791389,0.530489269967185,0.0898464289256818,0.136079903987034,0.0982030385957885,0.0,0.1333928692404589,0.0582748319237436,0.1369918925338827,0.0,0.3095178187786007,0.121086465750725,0.2245042136498718,0.114522409454102,0.0,0.3370196344860068,0.3610221543360772,0.2614031254449598,0.0,0.0,0.0,0.5938220764092829,0.6179678829580196,0.0,0.0742574173539848,0.8058723479169414,0.0,0.5362505066744955,0.0224783301351471,0.0,0.1925296604923334,0.0,0.4147130582586059,0.0,0.1525737159197514,0.0,0.0,0.0,0.0878607752592418,0.4555871873956882,0.1367622033722371,0.2966151248963921,0.5508701636881691,0.0,0.0,0.4247713369784396,0.2431809169181066,0.2708088798159963,0.0,0.3064428066302206,0.2957670492236526
0.0,0.390126959184493,0.0,0.3696827062285802,0.6071410528834594,0.1565759788167927,0.0,0.0,0.570193608247372,0.5435477969745948,0.353571540783569,0.355009828991275,0.4500102083257683,0.1536335582930822,0.0,0.3160141217435565,0.4319552048470026,0.4751769357532669,0.0,0.272570463538195,0.0,0.4144379586226515,0.0,0.3476485622573877,0.4442824621885484,0.2991017102714399,0.3576043598646796,0.2993158614604135,0.2475803611380422,0.0,0.4589036761231794,0.2997020644990116,0.3645832085804624,0.152246727931869,0.0607545338582551,0.4765299180819535,0.344470354731734,0.1925032141745336,0.2994462693678122,0.0,0.2364617202021737,0.0,0.415306824044949,0.0,0.0,0.0,0.0,0.0,0.0,0.0,0.0760727450069375,0.0,0.0391930886462218,0.3094886799622673,0.0,0.3821491356671697,0.0,0.0,0.0,0.0,0.0,0.0,0.0,0.0,0.0,0.0,0.0,0.0,0.0,0.0,0.0,0.2667945860103278,0.0,0.0,0.0,0.0
0.0,0.0966092687335043,0.4279019295819568,0.0812479810346465,0.0903790516700882,0.4751849711193255,0.0,0.0,0.0,0.0,0.4017815931158887,0.4462456787778371,0.2458925664458927,0.3423928258575248,0.0,0.0,0.0,0.0,0.4587323959331471,0.0,0.0040942808414682,0.0,0.6369943660432664,0.2780583390271007,0.0,0.2080833738052458,0.0,0.0,0.0,0.251659156907204,0.0,0.1165015671773186,0.0,0.0761707810184811,0.0,0.1676788093954236,0.0,0.0,0.0,0.0,0.1680120466907112,0.0,0.2390326802301162,0.0,0.0,0.0,0.0,0.5664374127032163,0.0,0.0950586920277663,0.4286596358572337,0.0,0.6568221033725712,0.0,0.0,0.3531866216952041,0.0,0.0718079738110061,0.1802420767128464,0.0,0.0,0.0,0.0,0.3838175199877794,0.0196719215438484,0.0,0.0,0.4550642496521783,0.0,0.0,0.0,0.0,0.072472820113427,0.0,0.0,0.0273678128724092
0.0,0.0569042645215786,0.1881533915206688,0.1283771538805921,0.4767385963526998,0.0,0.570193608247372,0.0,0.0,0.4316150163106317,0.516916056272659,0.3512668917057146,0.4862594802147762,0.0603099508844758,0.0,0.2056420075628699,0.0,0.3257744633302699,0.1922828134006767,0.0295651958806888,0.0,0.1399013755621281,0.0,0.2710780763710275,0.3189446948781754,0.1265482346771843,0.0,0.4583011138127029,0.0383605828247752,0.4086868712775499,0.442667045184293,0.2931002608080761,0.5187929640687436,0.3762875194962361,0.1415385288020427,0.29760601653601,0.1253534930263355,0.0,0.3168250445334381,0.0,0.2709334549124415,0.0,0.2482949836556074,0.0,0.0,0.0,0.0,0.130913148436317,0.0,0.2515078575443051,0.0,0.7156767884465567,0.0,0.7157000841840053,0.0,0.3438445161754991,0.0,0.4160420401217777,0.0,0.0,0.0,0.0,0.0,0.1984726471967542,0.0,0.0,0.0,0.0,0.0,0.0,0.0,0.0,0.1957259195741029,0.0,0.0,0.0
0.7028745470099576,0.0,0.1488842750827691,0.2827973956979212,0.3597774416554917,0.1602534040996514,0.5435477969745948,0.0,0.4316150163106317,0.0,0.2048467131048315,0.5648420228841537,0.4804038709868744,0.0,0.0,0.709888287995952,0.9018914915498952,0.8337986004171358,0.0,0.5928969873159254,0.0,0.7270764630031006,0.0,0.7931737094411268,0.8220415835454072,0.6686347254546213,0.3605402520357452,0.5358986166797512,0.3505549084863257,0.0,0.7932455415295511,0.343272167302322,0.4630215029954534,0.2693046705452432,0.0,0.5950207488948369,0.4927918701416572,0.2928283236821443,0.3229502283753745,0.5929299637835619,0.318104999247318,0.0,0.0,0.0,0.2725904196840321,0.7299225522760499,0.0,0.0,0.0,0.0,0.0,0.0,0.0,0.0,0.8683604061079239,0.0,0.6686965180235779,0.7484333294508253,0.0,0.0,0.0,0.6732774641417522,0.6499127492599287,0.0,0.0,0.0,0.0,0.0,0.6608167790698887,0.6423741090539994,0.6548281098352546,0.0,0.7542842390828342,0.0,0.0,0.2044527731399692
0.0,0.0,0.3527567700747449,0.1784594858562109,0.5383325662326822,0.1020309167114591,0.353571540783569,0.4017815931158887,0.516916056272659,0.2048467131048315,0.0,0.2584477916902138,0.428030346694859,0.201927078639641,0.0,0.0,0.2351174217389062,0.0,0.5814266032269542,0.0,0.0,0.0,0.0609170250312328,0.1088578094812021,0.0,0.0,0.0,0.3323856612380659,0.0,0.0,0.031550384762552,0.0855273671968589,0.0239926731376765,0.0720796291114025,0.0,0.3651360338708388,0.0646021421082008,0.025523606074307,0.0684874407633542,0.0,0.0,0.0,0.483214987232014,0.0,0.0,0.0,0.0,0.2664271195964414,0.0,0.4131775989417397,0.0533997480417455,0.2722720074013577,0.3311281467807099,0.3168914186936596,0.0,0.7676760161933905,0.0,0.3064962226423783,0.0,0.0,0.0,0.0,0.0,0.506850982056652,0.0,0.0,0.0,0.0,0.0,0.0,0.0,0.0,0.2437350187295103,0.0,0.0,0.0
0.243635074742195,0.0,0.1807587468576994,0.3230270810215899,0.3094916693274944,0.3599469024110848,0.355009828991275,0.4462456787778371,0.3512668917057146,0.5648420228841537,0.2584477916902138,0.0,0.4566227643541719,0.0,0.0,0.0,0.5649344979212272,0.3302806830145613,0.0753852987000846,0.0,0.2136265100332957,0.0,0.3061368777624884,0.7329266004557278,0.4802562417847897,0.6785278971921982,0.0621743259287982,0.3046475029134425,0.0,0.0,0.216290107183137,0.4027723969894143,0.387022764703652,0.2605482727912074,0.0,0.3557307719497686,0.2616890263600231,0.2875616173758993,0.3002385318187565,0.5351671476188762,0.350164942738764,0.2326070622721859,0.5222315660737941,0.0,0.2802021472684117,0.0,0.0,0.0,0.0,0.0,0.0,0.0,0.0,0.0,0.5379424042986694,0.0,0.8136905322963485,0.485616060544005,0.0,0.0,0.0,0.5208525084269524,0.1786905886862767,0.0,0.0,0.0,0.0,0.0,0.6801786620974324,0.2052143536135861,0.5233123593798408,0.0,0.3522704276673293,0.0,0.0,0.2648025460202639
0.0797819530235375,0.3017573937670624,0.3374451350825295,0.0812384386388355,0.2238195299518164,0.3739920158905536,0.4500102083257683,0.2458925664458927,0.4862594802147762,0.4804038709868744,0.428030346694859,0.4566227643541719,0.0,0.1201081521786741,0.0,0.2898110763052348,0.6281783856328428,0.4367291850911279,0.2255973620462441,0.0366123471078738,0.1756818124689006,0.0916288654290721,0.0305412867982689,0.440600009014559,0.237214245686819,0.3287675869473759,0.0,0.6078851559095931,0.0,0.4081811367234308,0.2623952665863594,0.3102728599411372,0.2419842975415223,0.3290322448918313,0.0,0.3721847965150027,0.1998151477545968,0.0502992750345619,0.2320935262565183,0.3387960083231696,0.3431609726051193,0.0213315027537902,0.4435568576382089,0.0,0.1768433803220582,0.0,0.0,0.1799553238538335,0.0,0.0,0.1024107180952807,0.363990749996007,0.1534036556611806,0.0,0.0,0.3018152559710707,0.4759023380061615,0.0,0.0,0.0,0.0,0.0,0.0,0.0,0.0507587911004353,0.0,0.0,0.0,0.0,0.0492047042227373,0.1491242198149494,0.0,0.0,0.0,0.0,0.0
0.0,0.0,0.0,0.4082476055118045,0.4029720889771646,0.1950588436129091,0.1536335582930822,0.3423928258575248,0.0603099508844758,0.0,0.201927078639641,0.0,0.1201081521786741,0.0,0.0,0.0,0.0,0.0,0.1799370366543045,0.0,0.0,0.0,0.3628189624788338,0.0,0.0,0.0,0.0,0.0,0.0,0.0,0.0,0.1338126455108044,0.0,0.0016183757400168,0.0,0.1605007851492249,0.1866155445011491,0.0,0.0,0.0,0.0,0.0,0.3139944496797007,0.0,0.0,0.0,0.0,0.2183427975491373,0.0,0.0,0.0,0.0,0.0,0.0322997577724229,0.0,0.2111890672985696,0.0,0.0,0.0,0.0,0.0,0.0,0.0,0.0,0.0,0.0,0.0,0.3260602003210828,0.0,0.0,0.0,0.0,0.0,0.0,0.0,0.0
0.4618125267122577,0.3457155703570803,0.0,0.0,0.0,0.2598742214777719,0.0,0.0,0.0,0.0,0.0,0.0,0.0,0.0,0.0,0.3001893389501634,0.0,0.3101813246560538,0.0,0.7746960558063083,0.4894333367126266,0.6939043891015105,0.0580278564436746,0.2834688083493502,0.4459591619983363,0.367056447111355,0.6970952654814208,0.0,0.6418994017185368,0.0,0.3847627502819228,0.0,0.0561709200011371,0.0,0.0,0.3247924426460069,0.0,0.0,0.0338592026930092,0.0897547022542686,0.0,0.0812578722890591,0.0757333910222344,0.0,0.0,0.0,0.4998099570607741,0.0,0.0,0.0,0.282526574439439,0.0,0.0,0.0,0.0,0.0,0.0,0.3093962762169939,0.0,0.6631027530520341,0.3743817166557422,0.0,0.0,0.0,0.6346202216069032,0.5281336001164691,0.6321802002839366,0.1146750460849282,0.0,0.613090053559347,0.4699296555877852,0.6240120182369631,0.3699411447876664,0.6755368147102639,0.0,0.0708630809250822
0.6406658697328541,0.5501400761933751,0.0,0.0,0.1544988702440274,0.1571914728979412,0.3160141217435565,0.0,0.2056420075628699,0.709888287995952,0.0,0.0,0.2898110763052348,0.0,0.3001893389501634,0.0,0.7303184794951109,0.74568531935153,0.0,0.5612704976214212,0.3900759903871695,0.7111660479298352,0.0,0.5021743760923262,0.7072851956526389,0.6405077770922557,0.3956379030317978,0.3498378594391195,0.3238219982377329,0.0744484214147031,0.5920238222433193,0.2373195588082438,0.4381232491444911,0.1709842464187966,0.0697839776351506,0.0,0.0,0.0,0.1857851804360613,0.5322655623872989,0.3324169083410351,0.0,0.0,0.0,0.0,0.5840099301111757,0.4941055216580868,0.0,0.0,0.0,0.0,0.0,0.0,0.0,0.0,0.0,0.0,0.0,0.0,0.2128411446377921,0.5242526638674764,0.0,0.5736991224379343,0.0,0.4050519625376113,0.4533393588421036,0.5061469228004423,0.0,0.0,0.6173419219507414,0.6330699922810324,0.3536344144787564,0.0,0.2940510324726316,0.0,0.2112791560322799
0.5152566386233633,0.5097757131136329,0.0,0.0,0.0,0.2392870673986846,0.4319552048470026,0.0,0.0,0.9018914915498952,0.2351174217389062,0.5649344979212272,0.6281783856328428,0.0,0.0,0.7303184794951109,0.0,0.8284870828393452,0.0,0.4873677645242472,0.0,0.5644781330913062,0.0,0.7525183931625435,0.6934848778780616,0.685148874253729,0.0,0.637388834334208,0.1971120838104431,0.0,0.630695750121034,0.3639630857254364,0.4292030424540297,0.2781480811373484,0.0,0.0,0.0,0.2460925114272904,0.0,0.6055957833727694,0.0,0.0,0.0,0.0,0.0,0.0,0.0,0.0,0.0,0.0,0.0,0.0,0.0,0.0,0.7393717144391537,0.0,0.6950894229043747,0.0,0.0,0.0,0.0,0.736418503279108,0.661071623170601,0.0,0.0,0.0,0.0,0.0,0.62910837924405,0.509217053262393,0.6004971266130117,0.0,0.0,0.0,0.0,0.0
0.6354288243123826,0.457880453142919,0.0,0.0,0.0,0.2443059796405398,0.4751769357532669,0.0,0.3257744633302699,0.8337986004171358,0.0,0.3302806830145613,0.4367291850911279,0.0,0.3101813246560538,0.74568531935153,0.8284870828393452,0.0,0.0,0.6613545656228575,0.469093608246147,0.7058182331397438,0.0,0.6659348972200889,0.7779681464536895,0.580586098937204,0.4174047310767858,0.5534958248767267,0.5560704996925782,0.3050832783344349,0.7406096180507891,0.255349262574462,0.41485878488519,0.2436701505019197,0.0,0.0,0.0,0.0,0.2924552631457651,0.5334105875652804,0.4183526247385447,0.0764764980799179,0.0,0.0,0.0,0.5670358953824715,0.4878364924428717,0.0,0.0,0.0,0.0,0.0,0.0,0.0,0.7379087535204323,0.0,0.4743447966078837,0.0,0.0,0.0,0.6514747596572306,0.6208960524818296,0.7551005312547439,0.0,0.0,0.0,0.544711963659612,0.0,0.5447568815194652,0.7116046303971392,0.5669016374320508,0.0,0.0,0.0,0.0,0.270762631148804
0.0,0.0,0.4390000877669942,0.0,0.1467004708744117,0.0682170277265673,0.0,0.4587323959331471,0.1922828134006767,0.0,0.5814266032269542,0.0753852987000846,0.2255973620462441,0.1799370366543045,0.0,0.0,0.0,0.0,0.0,0.0,0.0,0.0,0.2563606203208097,0.0,0.0,0.0,0.0,0.1552700439188589,0.0,0.0,0.0,0.0,0.0,0.0667804204061339,0.0,0.0,0.0,0.0,0.0,0.0,0.0,0.0,0.1380275300411957,0.0,0.0,0.0,0.0,0.4439755656014732,0.0,0.1028875887596984,0.1026374650897845,0.0766125910202151,0.3805572570157682,0.0380262542161921,0.0,0.569839319647782,0.0,0.0,0.0,0.0,0.0,0.0,0.0,0.6679169668060273,0.0,0.0,0.0,0.2073046350808025,0.0,0.0,0.0,0.0,0.0,0.0,0.0,0.0
0.67595157284008,0.4800482338668875,0.0,0.1385577522498347,0.1251460886015158,0.3685840319172676,0.272570463538195,0.0,0.0295651958806888,0.5928969873159254,0.0,0.0,0.0366123471078738,0.0,0.7746960558063083,0.5612704976214212,0.4873677645242472,0.6613545656228575,0.0,0.0,0.5899012239277703,0.874690731816514,0.0,0.0,0.6816971130936887,0.6070135431413716,0.6716816374548557,0.2082469461588105,0.7091413567273163,0.0919307538835495,0.5831940243639872,0.0902487244657792,0.3109068289110601,0.1160839562662537,0.0,0.5106173726376763,0.4476472087600732,0.0,0.1646535653125959,0.418968237622089,0.277361304012499,0.1029549328507354,0.2294713538298477,0.0,0.0,0.0,0.6230934067180331,0.0,0.0,0.0,0.2596687066595632,0.0,0.0,0.0,0.0,0.0,0.0,0.5152461827372048,0.0,0.4722518640942226,0.5909410148670988,0.0,0.0,0.0,0.7706680816043754,0.6049117392165668,0.768050808676274,0.0,0.0,0.7889580964943362,0.6753074730310459,0.5139762785387787,0.6049224986230736,0.5739947953636099,0.0073366416660655,0.2310476125059369
0.720995181082583,0.2210537717497336,0.0,0.0,0.0,0.2028778647763172,0.0,0.0040942808414682,0.0,0.0,0.0,0.2136265100332957,0.1756818124689006,0.0,0.4894333367126266,0.3900759903871695,0.0,0.469093608246147,0.0,0.5899012239277703,0.0,0.506586905086764,0.0,0.4694095770449287,0.5814820241875287,0.3381890868304492,0.403500184708814,0.377382068827189,0.5994942138614384,0.0,0.635132106473517,0.131224961712609,0.3231365220472287,0.1571551987951624,0.0866321764448957,0.0,0.0,0.0,0.1923294203005288,0.4602427676058176,0.182779856842341,0.0,0.0,0.0,0.0,0.7057905678431265,0.3582874071887627,0.0,0.0,0.0,0.1441755867471596,0.0,0.0867391619281343,0.0,0.0,0.0,0.0,0.5841643234311893,0.0,0.1357481255669962,0.4620144001383318,0.0,0.0,0.0,0.3642417401344759,0.7412748021025862,0.4371386054338492,0.0430275706779282,0.0,0.6660985151850067,0.5154650917992373,0.3726368952138471,0.5423276309379687,0.5057252438562867,0.0,0.0859652367419818
0.6728820290106422,0.697258941429784,0.0,0.0,0.3039601994874502,0.2432162915066466,0.4144379586226515,0.0,0.1399013755621281,0.7270764630031006,0.0,0.0,0.0916288654290721,0.0,0.6939043891015105,0.7111660479298352,0.5644781330913062,0.7058182331397438,0.0,0.874690731816514,0.506586905086764,0.0,0.0,0.0,0.8202200770736733,0.7187432480169315,0.7042344845708125,0.1599355738785653,0.5309951019220653,0.0,0.6970374548202374,0.3068848033713616,0.3672134265904017,0.0997860972543135,0.0,0.4505263401439086,0.4946682382281333,0.0,0.3523599005035957,0.5043078789483354,0.2352388897524912,0.1311020722225357,0.2600115062441807,0.0,0.0,0.607670311009566,0.7456787133260033,0.0,0.0,0.0,0.2851030332456881,0.0,0.0,0.0,0.0,0.0,0.0,0.0,0.0,0.4821856409694909,0.608703359774695,0.0,0.5730012371136399,0.0,0.7545371531489244,0.7027008737540352,0.8481787554556204,0.0,0.0,0.7957289966962712,0.7879227917863755,0.6387631311240313,0.6256267138896959,0.5718431987219187,0.0,0.2141771496960787
0.0,0.2788566122030004,0.3436754275778185,0.0924325055384983,0.0,0.6895538558242682,0.0,0.6369943660432664,0.0,0.0,0.0609170250312328,0.3061368777624884,0.0305412867982689,0.3628189624788338,0.0580278564436746,0.0,0.0,0.0,0.2563606203208097,0.0,0.0,0.0,0.0,0.0809497766467216,0.0,0.2333514984621248,0.2076478388089036,0.0,0.0,0.0,0.0,0.0855483038212797,0.0,0.0,0.0,0.0,0.0,0.1657653519570885,0.0288722278071714,0.0,0.0719118307936872,0.3384066426533023,0.0,0.0,0.0,0.0,0.2803601389047252,0.8027139435917985,0.0,0.0,0.7881756158659856,0.0,0.7453249640527903,0.0,0.0,0.1115951510085288,0.0,0.0,0.3061148201924862,0.100989265839585,0.0,0.0,0.0,0.2829438798628899,0.1292549036214316,0.0,0.0515475557702798,0.9019791094740164,0.0,0.0,0.2231964229110926,0.1064849944341541,0.0,0.0,0.1421845099333856,0.2065521635761964
0.5373246932701036,0.0,0.0,0.0,0.0,0.0,0.3476485622573877,0.2780583390271007,0.2710780763710275,0.7931737094411268,0.1088578094812021,0.7329266004557278,0.440600009014559,0.0,0.2834688083493502,0.5021743760923262,0.7525183931625435,0.6659348972200889,0.0,0.0,0.4694095770449287,0.0,0.0809497766467216,0.0,0.7336194080343664,0.7772092282098565,0.2636932423366514,0.4584564682256806,0.0,0.0,0.5807767073780515,0.3309087422678365,0.4122539542587622,0.2989396256711983,0.0,0.5826029947658933,0.4403336906556143,0.3216766019206754,0.2888130909651394,0.6180294831945179,0.347627490833416,0.0,0.0,0.0,0.3008068429718054,0.5044789537363196,0.0,0.0,0.0,0.0,0.0,0.0,0.0,0.0,0.7115592024954435,0.0,0.7648916304318213,0.0,0.0,0.0,0.4458420774897448,0.6437124841521209,0.5081275458768625,0.0,0.0,0.0,0.0,0.0,0.7369657181298434,0.5481187180620041,0.7344793659659963,0.0,0.6171817572741872,0.0,0.0,0.2130354248106616
0.7713369871307386,0.7189555276502425,0.0,0.0,0.2833516968688897,0.2922242867384271,0.4442824621885484,0.0,0.3189446948781754,0.8220415835454072,0.0,0.4802562417847897,0.237214245686819,0.0,0.4459591619983363,0.7072851956526389,0.6934848778780616,0.7779681464536895,0.0,0.6816971130936887,0.5814820241875287,0.8202200770736733,0.0,0.7336194080343664,0.0,0.7871879183249153,0.5250440151846393,0.3607974640801116,0.3529201272336849,0.0,0.7380212520802638,0.4540519547962457,0.4136615256995138,0.2032694793520731,0.0162304632630738,0.0,0.0,0.2197169620686773,0.4518347403128423,0.6306700557805569,0.3383937520893407,0.1696802274344098,0.0,0.0,0.0,0.7080769630515498,0.7291725744691195,0.0,0.0,0.0,0.0,0.0,0.0,0.0,0.8247209098628983,0.0,0.6034659506561173,0.6767983492025417,0.0,0.2221141146735813,0.7026844877083763,0.6584672754045302,0.6177906864448736,0.0,0.5843395575282583,0.6646187899811776,0.7152010023636328,0.0,0.6582436999572799,0.8794379221258347,0.847448484975665,0.0,0.0,0.3628857741031656,0.0,0.3723703680390616
0.5106571162224682,0.8880973446298333,0.0,0.0,0.1595143799963645,0.5323878561791389,0.2991017102714399,0.2080833738052458,0.1265482346771843,0.6686347254546213,0.0,0.6785278971921982,0.3287675869473759,0.0,0.367056447111355,0.6405077770922557,0.685148874253729,0.580586098937204,0.0,0.6070135431413716,0.3381890868304492,0.7187432480169315,0.2333514984621248,0.7772092282098565,0.7871879183249153,0.0,0.4673270847469433,0.2347127081826883,0.1032407906946895,0.0,0.3848946703869522,0.3513054654063522,0.3800969108855428,0.2332198035571353,0.0,0.4127847931456973,0.0,0.2991351697727157,0.2700330736687134,0.6030433772753034,0.3602526089843,0.2681286209481409,0.0,0.0,0.2282778348995273,0.4067085450373656,0.7664565608942147,0.0,0.0,0.0,0.3987397178340614,0.0,0.0,0.0,0.5810582627891364,0.0,0.7275273857862504,0.5817895800005127,0.0,0.2672746638050441,0.4677019981850249,0.5644602727402397,0.4220827300906431,0.0,0.5950408053763961,0.4238720045750652,0.6322326460472883,0.070231685832447,0.6550301302111581,0.6387070932854868,0.8863952722125764,0.2707252054996427,0.492184218850306,0.0478000964565355,0.0,0.2648381534403605
0.406208743906454,0.5940067797363767,0.0830232199616853,0.1903127527759324,0.2264969668448293,0.530489269967185,0.3576043598646796,0.0,0.0,0.3605402520357452,0.0,0.0621743259287982,0.0,0.0,0.6970952654814208,0.3956379030317978,0.0,0.4174047310767858,0.0,0.6716816374548557,0.403500184708814,0.7042344845708125,0.2076478388089036,0.2636932423366514,0.5250440151846393,0.4673270847469433,0.0,0.0,0.6416240364867819,0.0,0.3236943605426799,0.0,0.0873856300686278,0.0,0.0,0.3120096037524459,0.3726014771589574,0.2385123660557993,0.0904669478223545,0.1865143518950491,0.0880925377357582,0.2792603141055759,0.0689056241355703,0.3067176620821701,0.0,0.0,0.7149430480655612,0.0456467212835328,0.0,0.2263738136760028,0.5617412530669854,0.0,0.106541056457643,0.1256399904961259,0.0,0.0,0.0,0.4305922632328653,0.1844002803149086,0.5157157063403066,0.0,0.0,0.0,0.0,0.649711428869294,0.5159252556917537,0.6462213044467715,0.2912321278468868,0.0,0.0,0.5175986696803327,0.8841434305346442,0.3822832440373063,0.6775448389880785,0.0,0.1506762593124901
0.4152798168792934,0.0772926808053394,0.5006057157175676,0.0233739323609645,0.0487742251566217,0.0898464289256818,0.2993158614604135,0.0,0.4583011138127029,0.5358986166797512,0.3323856612380659,0.3046475029134425,0.6078851559095931,0.0,0.0,0.3498378594391195,0.637388834334208,0.5534958248767267,0.1552700439188589,0.2082469461588105,0.377382068827189,0.1599355738785653,0.0,0.4584564682256806,0.3607974640801116,0.2347127081826883,0.0,0.0,0.2307141875609246,0.7290667946612737,0.4944638200437981,0.1926147225006169,0.3605660238313172,0.3821018599132222,0.0676726214000255,0.3894365871163365,0.1891488679351404,0.0,0.2604620836713024,0.4454595638116601,0.4191060487677016,0.0,0.4394531898338149,0.0,0.1374063836680274,0.0,0.0,0.0406624235876833,0.0,0.0,0.0,0.0,0.0,0.2644116244616792,0.5114813918653778,0.0,0.3170439944019904,0.5161902782223501,0.0,0.0,0.0,0.0,0.0,0.0,0.1650083401818066,0.1224342522781927,0.1539616647652747,0.0,0.0,0.2671352776057127,0.2175501292794268,0.0,0.5709146115300044,0.0430468549632705,0.0,0.3137615094435112
0.5624247737543268,0.0348028082355052,0.0,0.0,0.0633514020582724,0.136079903987034,0.2475803611380422,0.0,0.0383605828247752,0.3505549084863257,0.0,0.0,0.0,0.0,0.6418994017185368,0.3238219982377329,0.1971120838104431,0.5560704996925782,0.0,0.7091413567273163,0.5994942138614384,0.5309951019220653,0.0,0.0,0.3529201272336849,0.1032407906946895,0.6416240364867819,0.2307141875609246,0.0,0.2858087295791067,0.5363117194144816,0.0,0.1630257364061934,0.0624324147853256,0.0,0.3561735753005691,0.2514167959064686,0.0,0.0,0.1352184932057764,0.0568111714039991,0.0,0.0649559135413602,0.0,0.0,0.0,0.2725582349966406,0.0,0.0,0.0,0.0,0.094818799429164,0.0,0.0354730816663497,0.0,0.0,0.0,0.3499668994397846,0.0,0.2353036245167506,0.0,0.0,0.0,0.0,0.457666158670204,0.448073024506089,0.4531697149970815,0.0,0.0,0.0,0.2348552086743395,0.4977487214223015,0.4218487788245907,0.7909223786274391,0.039470272208838,0.1041611261871187
0.0,0.0,0.0,0.0,0.0,0.0982030385957885,0.0,0.251659156907204,0.4086868712775499,0.0,0.0,0.0,0.4081811367234308,0.0,0.0,0.0744484214147031,0.0,0.3050832783344349,0.0,0.0919307538835495,0.0,0.0,0.0,0.0,0.0,0.0,0.0,0.7290667946612737,0.2858087295791067,0.0,0.3082582207046225,0.1058507811243114,0.0,0.3267126779908273,0.0298874756419724,0.0,0.0,0.0,0.0,0.0,0.0,0.0,0.0,0.0,0.0,0.0,0.0,0.0,0.0,0.0,0.0,0.0,0.0,0.0,0.0,0.0,0.0,0.0,0.0,0.0,0.0,0.0,0.0,0.0,0.0,0.0,0.0,0.0,0.0,0.0,0.0,0.0,0.0,0.0,0.0,0.0
0.7444575086588726,0.2485099679280645,0.0629266037944571,0.2239848607392934,0.2681715950737464,0.0,0.4589036761231794,0.0,0.442667045184293,0.7932455415295511,0.031550384762552,0.216290107183137,0.2623952665863594,0.0,0.3847627502819228,0.5920238222433193,0.630695750121034,0.7406096180507891,0.0,0.5831940243639872,0.635132106473517,0.6970374548202374,0.0,0.5807767073780515,0.7380212520802638,0.3848946703869522,0.3236943605426799,0.4944638200437981,0.5363117194144816,0.3082582207046225,0.0,0.2672792176726133,0.4983076788874808,0.3030110994419377,0.240087846304794,0.4354425817250044,0.339315357731036,0.1782157829023892,0.3494624885840027,0.5350957536553502,0.1933131775153855,0.0,0.2723614098459858,0.0,0.0,0.0,0.3230015015186622,0.0,0.0,0.0,0.0,0.0,0.0,0.0,0.7914623445589192,0.0,0.3267577067427177,0.0,0.0,0.1318358977247207,0.4278034108302686,0.4803825690149864,0.6141571382229918,0.0,0.3456649610270068,0.6068776760101554,0.4528245785684998,0.0,0.4517377761223846,0.6555505110723123,0.4879528566978452,0.342681886544758,0.6468818660088422,0.4999554246663404,0.0,0.1188025982706332
0.164233197268804,0.3627542951032394,0.0,0.3508430587484122,0.3660024348582683,0.1333928692404589,0.2997020644990116,0.1165015671773186,0.2931002608080761,0.343272167302322,0.0855273671968589,0.4027723969894143,0.3102728599411372,0.1338126455108044,0.0,0.2373195588082438,0.3639630857254364,0.255349262574462,0.0,0.0902487244657792,0.131224961712609,0.3068848033713616,0.0855483038212797,0.3309087422678365,0.4540519547962457,0.3513054654063522,0.0,0.1926147225006169,0.0,0.1058507811243114,0.2672792176726133,0.0,0.2396195083235254,0.1521350751186751,0.0328879966747682,0.1223530432799239,0.1561986311158268,0.0846262042764467,0.6959415881736253,0.4064380530641327,0.4483962291563198,0.3014159599557071,0.2428766350079579,0.0596297456157968,0.27654198562362,0.1744917213863417,0.2858253871373486,0.0345584990983223,0.0,0.2191212295543576,0.2224883980654356,0.29532550312954,0.1875194984848994,0.1499422388217246,0.4434031061861819,0.1408151711269157,0.4381616735237536,0.3302431783682189,0.0,0.0281503860796248,0.2653460690605368,0.4744480486573952,0.2876830983959959,0.0,0.214646635564815,0.2781595931454499,0.3127485617210353,0.1261626003639042,0.4983987564142853,0.2397917681746589,0.335035994306899,0.0,0.3029145737680082,0.0,0.0,0.4054132182825938
0.4539399506355324,0.2118356069140155,0.0922708474695248,0.0,0.1812315166185014,0.0582748319237436,0.3645832085804624,0.0,0.5187929640687436,0.4630215029954534,0.0239926731376765,0.387022764703652,0.2419842975415223,0.0,0.0561709200011371,0.4381232491444911,0.4292030424540297,0.41485878488519,0.0,0.3109068289110601,0.3231365220472287,0.3672134265904017,0.0,0.4122539542587622,0.4136615256995138,0.3800969108855428,0.0873856300686278,0.3605660238313172,0.1630257364061934,0.0,0.4983076788874808,0.2396195083235254,0.0,0.5055120597210927,0.2368614331851747,0.2411410935521539,0.1648674299855101,0.163113958606541,0.3261934374993087,0.7287411605634123,0.4303448906404715,0.0,0.0,0.0,0.1741862099516321,0.4241765781885633,0.1065778633278434,0.0,0.0,0.0,0.0,0.0,0.0,0.0,0.5133080881824056,0.0,0.2680165416515806,0.0,0.0,0.0,0.0919214885007864,0.3250794899857545,0.3564595760115396,0.0,0.0769442846970527,0.3050378737868111,0.1079590113141098,0.0,0.28443511611715,0.3051501730986254,0.3151789383436038,0.0,0.1943513445649658,0.0,0.0,0.0
0.2610240149999566,0.1047227020577149,0.2713689154017705,0.1853307368029502,0.0760033815670987,0.1369918925338827,0.152246727931869,0.0761707810184811,0.3762875194962361,0.2693046705452432,0.0720796291114025,0.2605482727912074,0.3290322448918313,0.0016183757400168,0.0,0.1709842464187966,0.2781480811373484,0.2436701505019197,0.0667804204061339,0.1160839562662537,0.1571551987951624,0.0997860972543135,0.0,0.2989396256711983,0.2032694793520731,0.2332198035571353,0.0,0.3821018599132222,0.0624324147853256,0.3267126779908273,0.3030110994419377,0.1521350751186751,0.5055120597210927,0.0,0.22637885423873,0.1907675870557874,0.0085199191568012,0.1105831067032676,0.1393765307623855,0.5284202345605151,0.4288374516013594,0.0447569070155097,0.17825020120564,0.0567150884357758,0.2259286868856907,0.1961805032585789,0.0,0.0224643447300595,0.0,0.0,0.0,0.2392812796922427,0.0,0.2146567026921346,0.2898531314323291,0.0,0.1979703769821119,0.244568116010723,0.0,0.0,0.0482538484626691,0.251275548031816,0.1866978015501189,0.0,0.0,0.0,0.0,0.0,0.2983631721639828,0.0606541964684629,0.14996890723223,0.0,0.1909414968877516,0.0,0.0,0.124608739884241
0.1692686199884297,0.0,0.0,0.0,0.0,0.0,0.0607545338582551,0.0,0.1415385288020427,0.0,0.0,0.0,0.0,0.0,0.0,0.0697839776351506,0.0,0.0,0.0,0.0,0.0866321764448957,0.0,0.0,0.0,0.0162304632630738,0.0,0.0,0.0676726214000255,0.0,0.0298874756419724,0.240087846304794,0.0328879966747682,0.2368614331851747,0.22637885423873,0.0,0.0,0.0,0.0,0.0231212674613742,0.1169775857441709,0.0,0.0,0.0,0.0,0.0,0.0,0.0,0.0,0.0,0.0,0.0,0.0,0.0,0.0,0.0,0.0,0.0,0.0,0.0,0.0,0.0,0.0,0.0,0.0,0.0,0.0,0.0,0.0,0.0,0.0,0.0,0.0,0.0,0.0,0.0,0.0
0.0,0.0,0.2246681237978765,0.2522575179637333,0.3897302950101492,0.3095178187786007,0.4765299180819535,0.1676788093954236,0.29760601653601,0.5950207488948369,0.3651360338708388,0.3557307719497686,0.3721847965150027,0.1605007851492249,0.3247924426460069,0.0,0.0,0.0,0.0,0.5106173726376763,0.0,0.4505263401439086,0.0,0.5826029947658933,0.0,0.4127847931456973,0.3120096037524459,0.3894365871163365,0.3561735753005691,0.0,0.4354425817250044,0.1223530432799239,0.2411410935521539,0.1907675870557874,0.0,0.0,0.4578552190872725,0.2192199973198509,0.2116224800528848,0.3363528875455762,0.277098667900336,0.0319285597238476,0.602087813103495,0.4446390545831223,0.3077802615480327,0.0,0.0,0.0252538749527165,0.0,0.3882216092017261,0.2061442081045512,0.0976051199427721,0.2076299655608899,0.1905801348624033,0.0,0.3714166473459668,0.5249467012642541,0.6165748084816466,0.0,0.0,0.0,0.0,0.0,0.0,0.3787811482411053,0.0,0.4152073080694989,0.0,0.0,0.0,0.0,0.1495165491212296,0.5518399635520312,0.2284046805710226,0.0,0.0
0.0,0.0,0.0,0.2838216749651235,0.3221392495918944,0.121086465750725,0.344470354731734,0.0,0.1253534930263355,0.4927918701416572,0.0646021421082008,0.2616890263600231,0.1998151477545968,0.1866155445011491,0.0,0.0,0.0,0.0,0.0,0.4476472087600732,0.0,0.4946682382281333,0.0,0.4403336906556143,0.0,0.0,0.3726014771589574,0.1891488679351404,0.2514167959064686,0.0,0.339315357731036,0.1561986311158268,0.1648674299855101,0.0085199191568012,0.0,0.4578552190872725,0.0,0.1404913422064956,0.1942593284149919,0.0,0.1674054034275649,0.1122491162265462,0.3672764809835397,0.0,0.0,0.0,0.0,0.0,0.0,0.0,0.0,0.0,0.0,0.0,0.0,0.0,0.0,0.0,0.0,0.0,0.0,0.0,0.0,0.0,0.0,0.0,0.0,0.0,0.0,0.0,0.0,0.0,0.0,0.0,0.0,0.0
0.1463798696987833,0.0,0.0,0.3698296585076226,0.2404827931685973,0.2245042136498718,0.1925032141745336,0.0,0.0,0.2928283236821443,0.025523606074307,0.2875616173758993,0.0502992750345619,0.0,0.0,0.0,0.2460925114272904,0.0,0.0,0.0,0.0,0.0,0.1657653519570885,0.3216766019206754,0.2197169620686773,0.2991351697727157,0.2385123660557993,0.0,0.0,0.0,0.1782157829023892,0.0846262042764467,0.163113958606541,0.1105831067032676,0.0,0.2192199973198509,0.1404913422064956,0.0,0.0184483823872093,0.2119659790643322,0.0587422110792264,0.182513022810961,0.0,0.0,0.2137863562328562,0.0,0.0,0.0,0.0,0.0,0.0,0.0,0.0,0.0,0.2168796088445548,0.0,0.3325324416197632,0.0,0.0,0.0,0.0,0.0,0.0,0.0,0.0,0.0,0.0,0.0,0.2757685856862086,0.1749610192209779,0.2883067958785395,0.0,0.279605838147038,0.0,0.0,0.0
0.1848590990267994,0.2920368163137611,0.0,0.0,0.3175235845167869,0.114522409454102,0.2994462693678122,0.0,0.3168250445334381,0.3229502283753745,0.0684874407633542,0.3002385318187565,0.2320935262565183,0.0,0.0338592026930092,0.1857851804360613,0.0,0.2924552631457651,0.0,0.1646535653125959,0.1923294203005288,0.3523599005035957,0.0288722278071714,0.2888130909651394,0.4518347403128423,0.2700330736687134,0.0904669478223545,0.2604620836713024,0.0,0.0,0.3494624885840027,0.6959415881736253,0.3261934374993087,0.1393765307623855,0.0231212674613742,0.2116224800528848,0.1942593284149919,0.0184483823872093,0.0,0.4022710041792997,0.4045641563889696,0.2673893015133226,0.3154285388289807,0.0599639063564275,0.2824862630845521,0.2297002305314567,0.2997226938766331,0.0270927342634716,0.2486295179381753,0.2983978836533043,0.2212106181299515,0.2476137365312275,0.1480221486558275,0.1696168820181805,0.4348478267833737,0.0890363496329449,0.3545314742869934,0.4097628971987507,0.0,0.01153692323534,0.3593804659096256,0.4704839370488604,0.3675833323728611,0.0,0.3335429554216817,0.3471700418433854,0.4204532139864086,0.1207461891385181,0.3837125945798881,0.3482862551658718,0.3340911041572655,0.0682035384605319,0.275656951391733,0.139058192024741,0.2717661989953415,0.4108196897155727
0.5392012830369226,0.4569531437190349,0.0,0.0,0.0,0.0,0.0,0.0,0.0,0.5929299637835619,0.0,0.5351671476188762,0.3387960083231696,0.0,0.0897547022542686,0.5322655623872989,0.6055957833727694,0.5334105875652804,0.0,0.418968237622089,0.4602427676058176,0.5043078789483354,0.0,0.6180294831945179,0.6306700557805569,0.6030433772753034,0.1865143518950491,0.4454595638116601,0.1352184932057764,0.0,0.5350957536553502,0.4064380530641327,0.7287411605634123,0.5284202345605151,0.1169775857441709,0.3363528875455762,0.0,0.2119659790643322,0.4022710041792997,0.0,0.5875500505276531,0.0415737196691066,0.379963729141779,0.2109018715758473,0.308173236660857,0.5104401462773873,0.4214997875859124,0.0,0.0,0.2731528060451905,0.1337379678730128,0.3031917167879533,0.0350193008997561,0.4715174460754849,0.639833974747811,0.0768927316225713,0.5213484930262771,0.5583907786961593,0.0,0.0,0.41439619504255,0.5348058887811797,0.488611758964315,0.0,0.2765409719148996,0.4477769167830693,0.3700870859723733,0.0,0.5742163417168076,0.4805265939117123,0.602922709532603,0.0969434409181207,0.4161589223535251,0.0,0.257661247551699,0.2142976327714611
0.1806091113668101,0.2659645478433561,0.3236825369115529,0.0,0.0,0.3370196344860068,0.2364617202021737,0.1680120466907112,0.2709334549124415,0.318104999247318,0.0,0.350164942738764,0.3431609726051193,0.0,0.0,0.3324169083410351,0.0,0.4183526247385447,0.0,0.277361304012499,0.182779856842341,0.2352388897524912,0.0719118307936872,0.347627490833416,0.3383937520893407,0.3602526089843,0.0880925377357582,0.4191060487677016,0.0568111714039991,0.0,0.1933131775153855,0.4483962291563198,0.4303448906404715,0.4288374516013594,0.0,0.277098667900336,0.1674054034275649,0.0587422110792264,0.4045641563889696,0.5875500505276531,0.0,0.2665428601529086,0.334183851174602,0.08889668210436,0.2958334346022581,0.132257895571531,0.2525110565224848,0.2436712524859669,0.0999879218181119,0.2463855880810564,0.1828381938836157,0.1012689323343679,0.0857192388925738,0.09035372111874,0.3766285436436872,0.1326797589964747,0.3987120079155254,0.3626018544510958,0.0,0.0,0.3818169761628956,0.5120509214709152,0.4863457788785442,0.0,0.2491063011298733,0.1077797419078624,0.2639221876417179,0.0100405247811835,0.4549453438191264,0.3196582752586213,0.3516908017665868,0.0,0.3644327991745115,0.0,0.3508423105080995,0.4011878649422318
0.0,0.3382435677376323,0.0,0.0,0.0,0.3610221543360772,0.0,0.0,0.0,0.0,0.0,0.2326070622721859,0.0213315027537902,0.0,0.0812578722890591,0.0,0.0,0.0764764980799179,0.0,0.1029549328507354,0.0,0.1311020722225357,0.3384066426533023,0.0,0.1696802274344098,0.2681286209481409,0.2792603141055759,0.0,0.0,0.0,0.0,0.3014159599557071,0.0,0.0447569070155097,0.0,0.0319285597238476,0.1122491162265462,0.182513022810961,0.2673893015133226,0.0415737196691066,0.2665428601529086,0.0,0.1168389670117439,0.1439079435003126,0.1099756084673036,0.0,0.3687012648141181,0.3556776110410387,0.0329147451391802,0.0575341065622318,0.4573301665893265,0.0,0.2154837514169462,0.0,0.0786295797880197,0.0,0.2268581956156246,0.06595037683868,0.0,0.0296285608249164,0.2706537624505125,0.2358824760376141,0.1224595027533744,0.0165115755063614,0.3014988906479026,0.0,0.3044100148741426,0.2996530950257852,0.1830048847596991,0.183322788645878,0.215969590558284,0.1225651465131916,0.1331469372066141,0.0349922757434724,0.1393209585329283,0.4387628406190039
0.0,0.0,0.1498001936314087,0.0,0.4466964946852148,0.2614031254449598,0.415306824044949,0.2390326802301162,0.2482949836556074,0.0,0.483214987232014,0.5222315660737941,0.4435568576382089,0.3139944496797007,0.0757333910222344,0.0,0.0,0.0,0.1380275300411957,0.2294713538298477,0.0,0.2600115062441807,0.0,0.0,0.0,0.0,0.0689056241355703,0.4394531898338149,0.0649559135413602,0.0,0.2723614098459858,0.2428766350079579,0.0,0.17825020120564,0.0,0.602087813103495,0.3672764809835397,0.0,0.3154285388289807,0.379963729141779,0.334183851174602,0.1168389670117439,0.0,0.515357858591645,0.3720211870100123,0.0,0.0,0.0,0.2414949645534943,0.483089351200076,0.1130851626933909,0.1555220927379261,0.2062889592697457,0.0478773702943376,0.4971948172173904,0.4701325654257979,0.6181810997957607,0.5811607627342789,0.0388652423580211,0.0,0.0,0.538810573731035,0.0,0.0786155580252667,0.2749214710704003,0.3129516034243281,0.3165082443527265,0.0,0.507101551651864,0.2835015815701379,0.41503997593808,0.0,0.4590014995287299,0.0,0.0,0.1101333742074547
