0.0,0.3564780198770856,0.0,0.0,0.0,0.0,0.0,0.0,0.0,0.162509305659881,0.0,0.324606426590689,0.0,0.0,0.1674591816945716,0.3215893990202157,0.1865760917272685,0.3569079574630119,0.0,0.2331799561485409,0.1545135245426986,0.3183539126237903,0.0,0.5774843260282627,0.4795942562042361,0.3497380209193944,0.0,0.1470806904003213,0.0,0.0,0.0,0.0,0.1418365288111731,0.0,0.0163821301311027,0.0,0.0,0.0,0.0,0.1214320497554429,0.4622270307789015,0.0,0.0,0.0,0.0,0.8977847507861629,0.3077360324128889,0.0,0.0,0.0,0.0,0.0,0.0,0.0,0.4177661987291476,0.0,0.0,0.0,0.0,0.0,0.2688515041121525,0.0,0.5068957301113691,0.0,0.0,0.0849682272115006,0.515172118507247,0.0,0.4815742054522207,0.5724077245379916,0.5331898350532989,0.0,0.0,0.0,0.0,0.0
0.3564780198770856,0.0,0.0,0.0,0.3675865490697078,0.0868781804648359,0.6699855265950068,0.0,0.0,0.0,0.0,0.0,0.5882089362950151,0.0,0.0,0.3941577910297285,0.0,0.5950441452902261,0.0,0.5132067572304485,0.0,0.6996109692997844,0.0,0.0,0.893563539625921,0.820147734918375,0.0662871584029387,0.3716220167511563,0.0,0.0,0.1304874064412803,0.218224378090317,0.1177988706773325,0.0,0.0,0.0,0.0,0.0,0.0453875548356958,0.3472258065231941,0.213049169008379,0.2225777620962555,0.0,0.0,0.0,0.5032700650619096,0.8404117537284088,0.0,0.0,0.0,0.0,0.0,0.0,0.0,0.0,0.0,0.0,0.0,0.0,0.3591211079418305,0.4099167092255719,0.0,0.5225169395769622,0.0,0.4847279673619517,0.0,0.5430978622351305,0.0428571667368181,0.0,0.4353601157961839,0.6975854783909916,0.2609964353510602,0.0,0.2205889897871633,0.0,0.4522886024106039
0.0,0.0,0.0,0.0,0.3261281397661599,0.1534635997381979,0.0,0.0917451033800712,0.7526183633340202,0.0,0.7499809107150064,0.0,0.0,0.0,0.0,0.0,0.0,0.0,0.5780089299945029,0.0,0.0,0.0,0.289753569822448,0.0,0.0,0.0,0.3787364121228336,0.0,0.0,0.0378918815716906,0.0,0.0,0.0,0.0076561869181309,0.0,0.0,0.2837110475817098,0.0,0.0,0.0,0.0,0.0,0.0289544420580977,0.0,0.0,0.0,0.0,0.8160457447119548,0.0,0.617089008443652,0.2740235531517139,0.0,0.0,0.842657759823781,0.0,0.716126357113148,0.0,0.0,0.3848787711969685,0.0,0.0,0.0,0.0,0.6531833002098495,0.0,0.0,0.0,0.2408062640176425,0.0,0.0,0.0,0.5142488348802918,0.0,0.0,0.0,0.0
0.0,0.0,0.0,0.0,0.3238635028877898,0.0868651909322955,0.5551569471336506,0.0540668632302882,0.0,0.5805457513546376,0.0,0.0,0.3558017861140986,0.645166124600869,0.0,0.0,0.0,0.0,0.0,0.0,0.0,0.0,0.0382266145335452,0.0,0.0,0.0,0.1114336807723164,0.0509596147307313,0.0,0.0,0.0,0.259413956164253,0.0,0.084301895782575,0.0555056838478275,0.2933589865224966,0.0,0.0,0.0,0.0,0.0,0.0,0.0,0.0,0.0,0.0,0.0,0.0,0.0,0.0,0.0,0.0,0.0,0.0,0.0,0.0,0.0,0.0,0.0,0.0,0.0,0.0,0.0,0.0,0.0,0.0,0.0,0.0,0.0,0.0,0.0,0.0,0.0,0.0,0.0,0.0
0.0,0.3675865490697078,0.3261281397661599,0.3238635028877898,0.0,0.2494533445929525,0.6301386268567579,0.3711166763204952,0.300257019170794,0.4710276421140409,0.4416796727355819,0.2247052766701219,0.3678276041112043,0.5362217509478051,0.0,0.0,0.0,0.0,0.5568434410830619,0.6052535706643515,0.0,0.5515488720177505,0.2589261297125816,0.0,0.3029143985295444,0.0,0.4475300150911783,0.1042326199041106,0.4073330113125621,0.0,0.3554163338960315,0.3070007483068575,0.0452911631622018,0.2864937872632675,0.0,0.153600982923596,0.3116533522506469,0.570911572967809,0.0,0.0,0.0,0.0,0.0,0.0,0.0,0.0,0.0,0.5298363691596227,0.0,0.0,0.0,0.0,0.3461272888040817,0.434595805777421,0.0,0.5473501118316072,0.0,0.0,0.0,0.0,0.0,0.0,0.0,0.0,0.0,0.0,0.0,0.3257102993018592,0.0,0.0,0.0,0.0,0.0,0.0,0.0,0.0
0.0,0.0868781804648359,0.1534635997381979,0.0868651909322955,0.2494533445929525,0.0,0.1766405633817097,0.5538455380870038,0.2496292090272674,0.0,0.2799402238651879,0.0,0.3006145655531904,0.2432814971178035,0.3535526261821662,0.0206776559327111,0.0,0.0,0.1149061886119525,0.1090418848661375,0.3070985359569377,0.0,0.742236987606235,0.0,0.0,0.0802526944911917,0.4854645419229849,0.2324738039154363,0.5820702422092454,0.0977307273576105,0.0885652836883484,0.137041991347533,0.0954238613587216,0.0752388886808785,0.0,0.2700161329733689,0.0356815715543661,0.0,0.2196545436572048,0.0,0.0,0.0,0.2554439430447516,0.0,0.0,0.0,0.0,0.1352513990034365,0.0,0.0,0.1927950599268353,0.0,0.5198693006031339,0.3075899551102917,0.0,0.2466213810596403,0.0,0.3115306032187976,0.0,0.3364265446336789,0.0,0.0,0.0,0.1706669152801565,0.0,0.3142021049581466,0.0009066105667897,0.712381615416497,0.0,0.0,0.0,0.0275788561089142,0.0,0.0,0.0,0.0
0.0,0.6699855265950068,0.0,0.5551569471336506,0.6301386268567579,0.1766405633817097,0.0,0.1658418248541733,0.0,0.7691208985442901,0.0,0.4207107306656775,0.6412737271027977,0.5891670940686987,0.0,0.342595376080416,0.6588622081791167,0.2471631534789869,0.2764198163849124,0.6862238125956795,0.0,0.789881983482285,0.0294773558387282,0.3164134496743901,0.4916031426651067,0.4770603148314009,0.2370401405978918,0.3898095094168582,0.3537228402707558,0.0,0.5107697373698465,0.4845946141048846,0.1430855863003471,0.3042869359851006,0.0,0.3567974337092365,0.2308857042064402,0.6573197408637833,0.0,0.0,0.0,0.0,0.0,0.0,0.0,0.0,0.0,0.0,0.0,0.0,0.0,0.0,0.0,0.0,0.0,0.0,0.0,0.0,0.0,0.0,0.0,0.0,0.0,0.0,0.0,0.0,0.0,0.231689055172331,0.0,0.0,0.0,0.0,0.0,0.0,0.0,0.0
0.0,0.0,0.0917451033800712,0.0540668632302882,0.3711166763204952,0.5538455380870038,0.1658418248541733,0.0,0.142090101030059,0.0,0.2902859983843038,0.0,0.2434165736426642,0.2350664246770712,0.3070961356777263,0.0,0.0,0.0,0.0,0.0417227063358017,0.4996184238276825,0.024970348117329,0.7617885023034041,0.0,0.0,0.0,0.1656210939393257,0.1041700544667703,0.3637576895600537,0.1259246732159732,0.2528154652656109,0.285003965612755,0.1788164311076806,0.2930586144533572,0.0,0.3650018165893602,0.3013835993945999,0.0,0.3150649823968118,0.0,0.0,0.0,0.1000419671539711,0.0,0.0,0.0,0.0,0.0919095057680196,0.0,0.269354290670375,0.0,0.0,0.8024689334566518,0.1764846714487951,0.0,0.3823512727987184,0.0,0.2204919072803859,0.0465926754498924,0.0,0.0,0.0,0.0,0.0,0.0,0.4854056875372861,0.0,0.5045371143413758,0.0,0.0,0.0,0.0,0.0,0.0,0.0,0.0
0.0,0.0,0.7526183633340202,0.0,0.300257019170794,0.2496292090272674,0.0,0.142090101030059,0.0,0.0,0.74830027578852,0.0,0.0,0.0,0.0,0.0,0.0,0.0,0.5346524818868731,0.0,0.0,0.0,0.2319112298865927,0.0,0.0,0.0,0.3363368356118602,0.0,0.0,0.0,0.0,0.0,0.1561166182712725,0.0,0.0,0.0,0.2457402677967152,0.0,0.0,0.0,0.0,0.0,0.0541830895897026,0.0,0.0,0.0,0.0,0.6993128830643525,0.0,0.0,0.289051154172546,0.0,0.0160271853402943,0.889059196524442,0.0,0.6932145350028505,0.0,0.0,0.160145452396839,0.0,0.0,0.0,0.0,0.4367702333525383,0.0,0.0,0.0,0.1521342299977601,0.0,0.0,0.0,0.3694382209074773,0.0,0.0,0.0,0.0
0.162509305659881,0.0,0.0,0.5805457513546376,0.4710276421140409,0.0,0.7691208985442901,0.0,0.0,0.0,0.0,0.8279255794382054,0.6084282582899309,0.4272919057660929,0.0,0.2006337548187096,0.6799224126101381,0.4331867463275702,0.2691856792781074,0.0,0.0,0.7320185907249037,0.0,0.6172714417274552,0.8025370756815841,0.7000079125492661,0.0,0.249710446978994,0.0,0.0,0.3735320456007535,0.3260987850834956,0.0,0.0309031969691563,0.0,0.0972113837528739,0.1514895120463254,0.6224218286110619,0.1144546262768491,0.1624160782753611,0.0,0.0,0.0,0.0,0.0,0.0,0.0,0.0,0.0,0.0,0.0,0.0,0.0,0.0,0.8311681091208535,0.0,0.857592845823296,0.0,0.0,0.0,0.0,0.6754732969714503,0.4280346334329,0.0,0.0,0.0,0.0,0.0,0.4708448580345195,0.3472523962789534,0.6564539557420842,0.0,0.0468924738378861,0.0,0.0,0.3766391483847432
0.0,0.0,0.7499809107150064,0.0,0.4416796727355819,0.2799402238651879,0.0,0.2902859983843038,0.74830027578852,0.0,0.0,0.0,0.0,0.0,0.0,0.0,0.0,0.0,0.43727501874396,0.0,0.0,0.0,0.3512107768325094,0.0,0.0,0.0,0.3702918370165599,0.0,0.0,0.0,0.0,0.0,0.0651340418628107,0.0910711830857333,0.0,0.0,0.2233436425604286,0.0,0.0,0.0,0.0,0.0,0.0,0.0,0.0,0.0,0.0,0.7152503982582864,0.0,0.600596247668754,0.1682047302464269,0.1943991064945703,0.2033038793270645,0.7973830765665242,0.0,0.872380257679445,0.0,0.0845664428043362,0.1157888748543221,0.0,0.0,0.0,0.0,0.5247191309876473,0.0,0.0,0.0,0.2469088533601671,0.0,0.0,0.0,0.1759246074985958,0.0,0.0,0.0,0.0
0.324606426590689,0.0,0.0,0.0,0.2247052766701219,0.0,0.4207107306656775,0.0,0.0,0.8279255794382054,0.0,0.0,0.3438340640039087,0.0,0.0,0.0,0.558962471035658,0.5105953236309507,0.0,0.0,0.0,0.0,0.0,0.8107196342402918,0.8330485348048017,0.7496011087459702,0.0,0.0553166718890608,0.0,0.0,0.0,0.0277282941233146,0.0,0.0,0.0,0.0,0.1149423356034198,0.3173542790537948,0.0,0.290812524253134,0.2563642328400392,0.0,0.0,0.0,0.0,0.0,0.0,0.0,0.0,0.0,0.0,0.0,0.0,0.0,0.6885450465386135,0.0,0.9502854540639416,0.0,0.0,0.0,0.0,0.5804139267847016,0.5499623590897691,0.0,0.0,0.0,0.0,0.0,0.6871198850223872,0.4007672390473997,0.6993241967789683,0.0,0.0,0.0,0.0,0.5710454092570222
0.0,0.5882089362950151,0.0,0.3558017861140986,0.3678276041112043,0.3006145655531904,0.6412737271027977,0.2434165736426642,0.0,0.6084282582899309,0.0,0.3438340640039087,0.0,0.2056762892205183,0.307104425984627,0.3923026292393866,0.4952312406177532,0.3030469588051598,0.2520258849114507,0.5066977265863366,0.2332927904426241,0.5968771685721641,0.1653576493743431,0.3446427343105984,0.4723637615774434,0.5305357773664054,0.1219954962918186,0.6075053394868489,0.3285709964007369,0.3557935283533572,0.475756268209409,0.4547606116314417,0.1635015650790815,0.2786920020593009,0.0166091397997345,0.1149080152301429,0.378211982751764,0.4473838425971512,0.2543436762998663,0.0,0.0,0.0,0.0,0.0,0.0,0.0,0.0,0.1325096435597388,0.0,0.0,0.1296538746518639,0.0,0.20495425205172,0.0,0.0,0.0,0.0,0.0,0.0,0.0,0.0,0.0,0.0,0.0,0.0,0.0,0.0,0.2602460558727337,0.0,0.0,0.0,0.0,0.0,0.1063538462053156,0.0,0.0
0.0,0.0,0.0,0.645166124600869,0.5362217509478051,0.2432814971178035,0.5891670940686987,0.2350664246770712,0.0,0.4272919057660929,0.0,0.0,0.2056762892205183,0.0,0.0,0.0,0.0,0.0,0.0962052193938797,0.0,0.1728307063196072,0.0,0.1596682841646303,0.0,0.0,0.0,0.3013292212219389,0.0592238419568874,0.0,0.0,0.4065933610677808,0.3944972752028121,0.0,0.2316441558832465,0.0,0.4077049124100032,0.0,0.0,0.0,0.0,0.0,0.0,0.0,0.0,0.0,0.0,0.0,0.0,0.0,0.0,0.0,0.0,0.0,0.0,0.0,0.0,0.0,0.0,0.0,0.0,0.0,0.0,0.0,0.0,0.0,0.0,0.0,0.2896537846971325,0.0,0.0,0.0,0.0,0.0,0.0,0.0,0.0
0.1674591816945716,0.0,0.0,0.0,0.0,0.3535526261821662,0.0,0.3070961356777263,0.0,0.0,0.0,0.0,0.307104425984627,0.0,0.0,0.1347245287943159,0.0,0.0,0.0,0.6553053279120454,0.6912881592823826,0.4560726925062133,0.358695021513729,0.0,0.0,0.0,0.71982676298982,0.1760441266906535,0.6608549183507869,0.0,0.4330414177657889,0.3065485923056811,0.1999750582818689,0.4961049195981265,0.0,0.0865101389233393,0.0,0.0,0.2777230277632606,0.0,0.0,0.0,0.0,0.0,0.0,0.0,0.022521916965941,0.0,0.0,0.0,0.0,0.0,0.3402005344881134,0.0,0.0,0.0,0.0,0.0,0.0,0.6426144722561126,0.0,0.0,0.0,0.0,0.0491751748797947,0.6318772648042349,0.0401161832616086,0.3280098234474781,0.0,0.0,0.0,0.0831996827411293,0.0,0.0605711668419041,0.0,0.0
0.3215893990202157,0.3941577910297285,0.0,0.0,0.0,0.0206776559327111,0.342595376080416,0.0,0.0,0.2006337548187096,0.0,0.0,0.3923026292393866,0.0,0.1347245287943159,0.0,0.4959071329981054,0.3961460277524959,0.0,0.314701491287725,0.1467467024552228,0.342009413892623,0.0,0.2635953523456398,0.2924899402961616,0.2750424762548398,0.1464537442500095,0.449353916921047,0.0736622414473599,0.4145838078938171,0.3494426468395968,0.3101577531589039,0.3702676933785145,0.1987057594286375,0.1122591161749164,0.0,0.0,0.0,0.3142565765563027,0.4734236771898353,0.5484215611077582,0.3287660752677985,0.0,0.0,0.0,0.3369804384431246,0.1972917363323419,0.0,0.0,0.0,0.0,0.0,0.0,0.0,0.0,0.0,0.0,0.0,0.0,0.2311534063790187,0.451622593559102,0.0,0.4406162642518597,0.0,0.238784500557344,0.1584604271922551,0.2415914598800736,0.0,0.0,0.2590474452346261,0.3012428429699089,0.0,0.0,0.0,0.0,0.5220643863716462
0.1865760917272685,0.0,0.0,0.0,0.0,0.0,0.6588622081791167,0.0,0.0,0.6799224126101381,0.0,0.558962471035658,0.4952312406177532,0.0,0.0,0.4959071329981054,0.0,0.7863711936175961,0.0,0.4183650456803693,0.0,0.5790714473420675,0.0,0.653242720882586,0.7336639683004286,0.7938908924989277,0.0,0.5337574424325032,0.0,0.0,0.1763922232886233,0.1629849465423004,0.1923200362627214,0.0,0.0,0.0,0.0,0.4074331552705116,0.0,0.5297358047026589,0.2764749192071028,0.0,0.0,0.0,0.0,0.0,0.0,0.0,0.0,0.0,0.0,0.0,0.0,0.0,0.453910148975512,0.0,0.4759360203034015,0.0,0.0,0.0,0.0,0.6620014130395911,0.6096810443248185,0.0,0.0,0.0,0.0,0.0,0.5910450922094784,0.2874189786680244,0.6383215231788201,0.0,0.0,0.0,0.0,0.0
0.3569079574630119,0.5950441452902261,0.0,0.0,0.0,0.0,0.2471631534789869,0.0,0.0,0.4331867463275702,0.0,0.5105953236309507,0.3030469588051598,0.0,0.0,0.3961460277524959,0.7863711936175961,0.0,0.0,0.1073626519575331,0.0,0.2080630305267058,0.0,0.7354539084481201,0.7429159268493604,0.8386012743815912,0.0,0.5701592511538002,0.0,0.0,0.0,0.0,0.1480663354960067,0.0,0.0,0.0,0.0,0.0,0.0,0.521189033269817,0.4661152163091852,0.3376701904229039,0.0,0.0,0.0,0.3721288270364392,0.5485891904514805,0.0,0.0,0.0,0.0,0.0,0.0,0.0,0.2933409249530385,0.0,0.3801659714776308,0.0,0.0,0.0,0.6970110278133482,0.5152661177797735,0.8002048624841485,0.0,0.0,0.0,0.5880009708630256,0.0,0.728248768218126,0.498845233538354,0.7044620811483875,0.0,0.0,0.0,0.0,0.7284432007834657
0.0,0.0,0.5780089299945029,0.0,0.5568434410830619,0.1149061886119525,0.2764198163849124,0.0,0.5346524818868731,0.2691856792781074,0.43727501874396,0.0,0.2520258849114507,0.0962052193938797,0.0,0.0,0.0,0.0,0.0,0.0,0.0,0.0,0.0686370689199111,0.0,0.0,0.0,0.4022389583170989,0.2285670957337774,0.0,0.0,0.1133303097262026,0.0162211668630641,0.0,0.1504789008812331,0.0,0.026760195066376,0.3783731620696625,0.0,0.0,0.0,0.0,0.0,0.0,0.0,0.0,0.0,0.0,0.7180631694060015,0.0,0.0,0.1530674986571561,0.0,0.0,0.5480747496745633,0.0,0.4620642886729819,0.0,0.0,0.2494374448159923,0.0,0.0,0.0,0.0,0.6890583783133718,0.0,0.0,0.0,0.1933014914937859,0.0,0.0,0.0,0.368493386191648,0.0,0.0,0.0,0.0
0.2331799561485409,0.5132067572304485,0.0,0.0,0.6052535706643515,0.1090418848661375,0.6862238125956795,0.0417227063358017,0.0,0.0,0.0,0.0,0.5066977265863366,0.0,0.6553053279120454,0.314701491287725,0.4183650456803693,0.1073626519575331,0.0,0.0,0.3574261201983824,0.910220489531865,0.0,0.0,0.3966832284879801,0.2627288227443316,0.5698534121160604,0.288692513876946,0.5089821918486642,0.5644476576620598,0.5319589825861671,0.3613973650621893,0.0988965811964569,0.3754382984933073,0.0,0.1680467386965705,0.3386841011448005,0.0,0.2196714557419375,0.0,0.0,0.0,0.0,0.0,0.0,0.0,0.3891041638136514,0.0,0.0,0.0,0.0,0.0,0.115676021488923,0.0,0.0,0.0,0.0,0.0,0.0,0.6000808125141556,0.0,0.0,0.0,0.0,0.3126992896393794,0.2525310371054609,0.371111687402466,0.143743176648988,0.0,0.0,0.2408603848723094,0.0,0.0,0.0,0.0,0.0326831231215831
0.1545135245426986,0.0,0.0,0.0,0.0,0.3070985359569377,0.0,0.4996184238276825,0.0,0.0,0.0,0.0,0.2332927904426241,0.1728307063196072,0.6912881592823826,0.1467467024552228,0.0,0.0,0.0,0.3574261201983824,0.0,0.2147141399519546,0.3841390620302904,0.0,0.0,0.0,0.4525744369491362,0.1283085808305443,0.5611179923213699,0.4930853822747996,0.4557362823158677,0.3949693173748904,0.3272996559986617,0.5544180600884181,0.1043292994593927,0.1991702851245518,0.0,0.0,0.4182031270476464,0.0,0.0,0.0,0.0,0.0,0.0,0.0723781897323963,0.0,0.0,0.0,0.0,0.0,0.0,0.5665302400504194,0.0,0.0,0.0,0.0,0.0,0.0,0.1649234351974094,0.0,0.0,0.0,0.0,0.0,0.8597544228599066,0.0,0.1617039193982779,0.0,0.0,0.0,0.0,0.0,0.0,0.0,0.0
0.3183539126237903,0.6996109692997844,0.0,0.0,0.5515488720177505,0.0,0.789881983482285,0.024970348117329,0.0,0.7320185907249037,0.0,0.0,0.5968771685721641,0.0,0.4560726925062133,0.342009413892623,0.5790714473420675,0.2080630305267058,0.0,0.910220489531865,0.2147141399519546,0.0,0.0,0.0,0.5508558907383058,0.4468943058700701,0.3522237279025597,0.3135927755491239,0.2630448233651249,0.5207484960527261,0.5153758272892579,0.481169205388467,0.1489193079114377,0.3701249633018721,0.0,0.1940025458253599,0.3391720999372509,0.0,0.2923381940471554,0.0606026767707611,0.0,0.0,0.0,0.0,0.0,0.446540429811238,0.5183178065346512,0.0,0.0,0.0,0.0,0.0,0.0,0.0,0.0,0.0,0.0,0.0,0.0,0.4484543719520481,0.1617886230126626,0.0,0.2053791206035191,0.0,0.3387893081962453,0.1085465771173114,0.4261669645887706,0.0271932456711013,0.0,0.1971287675932938,0.4167868201802289,0.0,0.0,0.0,0.0,0.1983520633098351
0.0,0.0,0.289753569822448,0.0382266145335452,0.2589261297125816,0.742236987606235,0.0294773558387282,0.7617885023034041,0.2319112298865927,0.0,0.3512107768325094,0.0,0.1653576493743431,0.1596682841646303,0.358695021513729,0.0,0.0,0.0,0.0686370689199111,0.0,0.3841390620302904,0.0,0.0,0.0,0.0,0.0,0.3726385499873212,0.194404880071897,0.471151766227509,0.0997128187450274,0.2062437684079343,0.1492065063687926,0.1529728684674052,0.2615751985877814,0.0,0.2578207801477067,0.0847165507031281,0.0,0.243905733932553,0.0848679280726895,0.0,0.0,0.2768287449955585,0.0,0.0,0.0,0.0,0.2040515530188469,0.0,0.3526634533389354,0.1158288542665486,0.0283242852581528,0.7248099865458643,0.3574242715918935,0.0,0.4471672904813831,0.0,0.4372519881712445,0.1459118396774738,0.1281496215292835,0.0,0.0,0.0,0.0701150943967512,0.0,0.4854599085431489,0.0,0.8058554117886864,0.0,0.0,0.0,0.0,0.0,0.0,0.0,0.0
0.5774843260282627,0.0,0.0,0.0,0.0,0.0,0.3164134496743901,0.0,0.0,0.6172714417274552,0.0,0.8107196342402918,0.3446427343105984,0.0,0.0,0.2635953523456398,0.653242720882586,0.7354539084481201,0.0,0.0,0.0,0.0,0.0,0.0,0.8255290716352659,0.7876331119412786,0.0,0.2507996797247299,0.0,0.0,0.0,0.055560689132211,0.136456409231066,0.0,0.0,0.0,0.0,0.1376224857185439,0.0,0.4827292865332766,0.4948623243411116,0.0,0.0,0.0,0.0919753494595875,0.6831777026411727,0.0,0.0,0.0,0.0,0.0,0.0,0.0,0.0,0.6051047826028332,0.0,0.7551325339457542,0.0,0.0,0.0,0.5329551584208145,0.655690945356202,0.7441346103059011,0.0,0.0,0.0,0.0,0.0,0.8841577863528002,0.565814143954219,0.7945323930106514,0.0,0.0,0.0,0.0,0.7476047641908293
0.4795942562042361,0.893563539625921,0.0,0.0,0.3029143985295444,0.0,0.4916031426651067,0.0,0.0,0.8025370756815841,0.0,0.8330485348048017,0.4723637615774434,0.0,0.0,0.2924899402961616,0.7336639683004286,0.7429159268493604,0.0,0.3966832284879801,0.0,0.5508558907383058,0.0,0.8255290716352659,0.0,0.8955397843100577,0.0,0.3745300970536639,0.0,0.0,0.0,0.0479241641791079,0.0,0.0,0.0,0.0,0.0,0.3569338096502889,0.0,0.3263274573630593,0.2295683019056561,0.2385905774321846,0.0,0.0,0.0,0.6170166449599915,0.8249046047582194,0.0,0.0,0.0,0.0,0.0,0.0,0.0,0.7050396763396282,0.0,0.7915749449761484,0.0,0.0,0.0,0.5459828124491384,0.7182026142470661,0.7076432452566245,0.0,0.6657701490004252,0.0,0.6418890607493217,0.0,0.680911191260391,0.6386960683333931,0.8446304985413936,0.0,0.0,0.0,0.0,0.5477942964891134
0.3497380209193944,0.820147734918375,0.0,0.0,0.0,0.0802526944911917,0.4770603148314009,0.0,0.0,0.7000079125492661,0.0,0.7496011087459702,0.5305357773664054,0.0,0.0,0.2750424762548398,0.7938908924989277,0.8386012743815912,0.0,0.2627288227443316,0.0,0.4468943058700701,0.0,0.7876331119412786,0.8955397843100577,0.0,0.0,0.4367610179040585,0.0,0.0,0.0,0.0521892262290169,0.080963316080693,0.0,0.0,0.0608462004185066,0.0,0.2747464308363358,0.0,0.3929920611242539,0.2889513767852551,0.2120827387644139,0.0,0.0,0.0398842435153648,0.4215119296382477,0.7386535333703026,0.0,0.0,0.0,0.0,0.0,0.0,0.0,0.4973090523067651,0.0,0.6404674733829933,0.0,0.0,0.2847237204304267,0.5382849620584286,0.5937549197657287,0.6704357574828832,0.0,0.5280797872455587,0.0,0.5840682735111352,0.0772158398746226,0.6948196332732657,0.49447537558832,0.8250359236019527,0.2441649392681479,0.0,0.3216991869530745,0.0,0.5636007986437853
0.0,0.0662871584029387,0.3787364121228336,0.1114336807723164,0.4475300150911783,0.4854645419229849,0.2370401405978918,0.1656210939393257,0.3363368356118602,0.0,0.3702918370165599,0.0,0.1219954962918186,0.3013292212219389,0.71982676298982,0.1464537442500095,0.0,0.0,0.4022389583170989,0.5698534121160604,0.4525744369491362,0.3522237279025597,0.3726385499873212,0.0,0.0,0.0,0.0,0.049033341172263,0.5369656078860721,0.3327793520557947,0.2695737387811416,0.1111701460510354,0.1984334795375832,0.2974556579448998,0.0,0.0588979694325436,0.1846125218921018,0.0,0.1492666898027158,0.0,0.0,0.0,0.0,0.0,0.0,0.0,0.0157680620167483,0.3474315140805611,0.0,0.0,0.0,0.144238419081346,0.2063184468289237,0.4652713057706898,0.0,0.3507661507576697,0.0,0.0,0.0,0.6148884568289223,0.0,0.0,0.0,0.3763641887377278,0.1770577208556251,0.3624653549856257,0.161295007778644,0.3824530630088755,0.0,0.0,0.0,0.3738835907351109,0.0,0.0,0.0,0.0
0.1470806904003213,0.3716220167511563,0.0,0.0509596147307313,0.1042326199041106,0.2324738039154363,0.3898095094168582,0.1041700544667703,0.0,0.249710446978994,0.0,0.0553166718890608,0.6075053394868489,0.0592238419568874,0.1760441266906535,0.449353916921047,0.5337574424325032,0.5701592511538002,0.2285670957337774,0.288692513876946,0.1283085808305443,0.3135927755491239,0.194404880071897,0.2507996797247299,0.3745300970536639,0.4367610179040585,0.049033341172263,0.0,0.3391897877053654,0.431150181511248,0.3952195182591698,0.1477266330729778,0.1209424281260068,0.1927542308913677,0.0,0.3746894476475882,0.3244266340873498,0.1390276042768811,0.2036709643528715,0.0,0.0576651037529151,0.0,0.2770241746520475,0.0,0.0,0.0,0.0,0.0,0.0,0.0,0.1913112463433114,0.0,0.2017139068739013,0.0,0.0,0.0,0.0,0.0,0.0,0.3614644196071954,0.0,0.0,0.0,0.0,0.2301720448208467,0.2712344896153449,0.0,0.4183195761368595,0.0,0.0,0.0,0.1566173389630404,0.4063141597712509,0.2290816131090614,0.0,0.2979053403987685
0.0,0.0,0.0,0.0,0.4073330113125621,0.5820702422092454,0.3537228402707558,0.3637576895600537,0.0,0.0,0.0,0.0,0.3285709964007369,0.0,0.6608549183507869,0.0736622414473599,0.0,0.0,0.0,0.5089821918486642,0.5611179923213699,0.2630448233651249,0.471151766227509,0.0,0.0,0.0,0.5369656078860721,0.3391897877053654,0.0,0.4324063766510616,0.5606758715677014,0.3649093139353392,0.0928527498918128,0.4278971755007322,0.0,0.2786983548561688,0.028889907767291,0.0,0.4004959018627639,0.0,0.0,0.0,0.0,0.0,0.0,0.0,0.0280942148082954,0.0,0.0,0.0,0.0,0.0,0.5792768495151984,0.0,0.0,0.0,0.0,0.1776615364831347,0.0,0.4293882571409566,0.0,0.0,0.0,0.0,0.0,0.6057925201905685,0.0,0.6045991633847393,0.0,0.0,0.0,0.0,0.0,0.0,0.0,0.0
0.0,0.0,0.0378918815716906,0.0,0.0,0.0977307273576105,0.0,0.1259246732159732,0.0,0.0,0.0,0.0,0.3557935283533572,0.0,0.0,0.4145838078938171,0.0,0.0,0.0,0.5644476576620598,0.4930853822747996,0.5207484960527261,0.0997128187450274,0.0,0.0,0.0,0.3327793520557947,0.431150181511248,0.4324063766510616,0.0,0.5936690552489475,0.4591319415923642,0.0,0.5004548665214554,0.1321421927746989,0.0,0.0,0.0,0.3809889161150743,0.0,0.0,0.0,0.0,0.0,0.0,0.0,0.0,0.0,0.0,0.0,0.0,0.0,0.0,0.0,0.0,0.0,0.0,0.0,0.0,0.0,0.0,0.0,0.0,0.0,0.2050371966747234,0.0,0.0,0.1900454824522197,0.0,0.0,0.0,0.0472779067844766,0.0,0.0,0.0,0.0
0.0,0.1304874064412803,0.0,0.0,0.3554163338960315,0.0885652836883484,0.5107697373698465,0.2528154652656109,0.0,0.3735320456007535,0.0,0.0,0.475756268209409,0.4065933610677808,0.4330414177657889,0.3494426468395968,0.1763922232886233,0.0,0.1133303097262026,0.5319589825861671,0.4557362823158677,0.5153758272892579,0.2062437684079343,0.0,0.0,0.0,0.2695737387811416,0.3952195182591698,0.5606758715677014,0.5936690552489475,0.0,0.7313800435514402,0.2653542998941852,0.6918393342855047,0.3392679205312338,0.2889948249074918,0.1774662700161297,0.5381192014500829,0.6473086345613505,0.0,0.0,0.0,0.0,0.0,0.0,0.0,0.0553750606868859,0.0,0.0,0.0,0.0,0.0,0.4868464130496321,0.0,0.4116645207713229,0.0,0.0587772450070922,0.0,0.0,0.2342452088613054,0.0,0.0,0.0,0.0,0.0,0.4880365009574524,0.0,0.2692634986555203,0.0,0.0338825036344846,0.0350994802006,0.0,0.0,0.0,0.0,0.0
0.0,0.218224378090317,0.0,0.259413956164253,0.3070007483068575,0.137041991347533,0.4845946141048846,0.285003965612755,0.0,0.3260987850834956,0.0,0.0277282941233146,0.4547606116314417,0.3944972752028121,0.3065485923056811,0.3101577531589039,0.1629849465423004,0.0,0.0162211668630641,0.3613973650621893,0.3949693173748904,0.481169205388467,0.1492065063687926,0.055560689132211,0.0479241641791079,0.0521892262290169,0.1111701460510354,0.1477266330729778,0.3649093139353392,0.4591319415923642,0.7313800435514402,0.0,0.4396034319393203,0.6099577887532434,0.4467220467305532,0.2227592168826621,0.2149811721432327,0.53762481552363,0.7832128508290038,0.0109635644415668,0.0,0.000140792213729,0.0,0.0530414015783394,0.0,0.0278367440271963,0.161347148484064,0.0,0.0,0.0,0.0,0.0,0.3915869269208755,0.0,0.4024596077581354,0.0,0.1662422567779853,0.0,0.0,0.076979017089791,0.0,0.0,0.0286867004619247,0.0629221570322356,0.0,0.383829715924054,0.0,0.1309946524123238,0.0,0.0738403393195921,0.1802539608623669,0.0,0.0,0.0,0.0,0.0
0.1418365288111731,0.1177988706773325,0.0,0.0,0.0452911631622018,0.0954238613587216,0.1430855863003471,0.1788164311076806,0.1561166182712725,0.0,0.0651340418628107,0.0,0.1635015650790815,0.0,0.1999750582818689,0.3702676933785145,0.1923200362627214,0.1480663354960067,0.0,0.0988965811964569,0.3272996559986617,0.1489193079114377,0.1529728684674052,0.136456409231066,0.0,0.080963316080693,0.1984334795375832,0.1209424281260068,0.0928527498918128,0.0,0.2653542998941852,0.4396034319393203,0.0,0.4842381143984205,0.2820898162751481,0.0662723358024183,0.1857993125295458,0.1540582102936339,0.5616593521330501,0.3706158258651259,0.1797099071500887,0.1448885742244891,0.0,0.0,0.0960336092819256,0.0490449797666528,0.0772635676292924,0.0,0.0,0.0,0.0,0.0,0.0,0.0,0.0600767622622008,0.0,0.0,0.0,0.0,0.1861776049492185,0.1014649780026747,0.1025287103405312,0.1767139604283492,0.0,0.0,0.335657004226239,0.0,0.1217997204338713,0.1382409609464782,0.1068518318563153,0.1250118041951207,0.0980126939412669,0.0,0.1075334153557792,0.0,0.1790132765285423
0.0,0.0,0.0076561869181309,0.084301895782575,0.2864937872632675,0.0752388886808785,0.3042869359851006,0.2930586144533572,0.0,0.0309031969691563,0.0910711830857333,0.0,0.2786920020593009,0.2316441558832465,0.4961049195981265,0.1987057594286375,0.0,0.0,0.1504789008812331,0.3754382984933073,0.5544180600884181,0.3701249633018721,0.2615751985877814,0.0,0.0,0.0,0.2974556579448998,0.1927542308913677,0.4278971755007322,0.5004548665214554,0.6918393342855047,0.6099577887532434,0.4842381143984205,0.0,0.3578990720421525,0.1445337303907026,0.1773466717206509,0.4555331142271669,0.6157403763352084,0.0,0.0,0.0,0.0,0.0,0.0,0.0,0.0,0.0,0.0,0.0,0.0,0.0,0.4359084625674689,0.0,0.176459999974698,0.0,0.0,0.0,0.0,0.2200230124905456,0.0,0.0,0.0,0.0,0.0,0.5665558575863039,0.0,0.2282917995932304,0.0,0.0,0.0,0.0,0.0,0.0,0.0,0.0
0.0163821301311027,0.0,0.0,0.0555056838478275,0.0,0.0,0.0,0.0,0.0,0.0,0.0,0.0,0.0166091397997345,0.0,0.0,0.1122591161749164,0.0,0.0,0.0,0.0,0.1043292994593927,0.0,0.0,0.0,0.0,0.0,0.0,0.0,0.0,0.1321421927746989,0.3392679205312338,0.4467220467305532,0.2820898162751481,0.3578990720421525,0.0,0.0,0.0762019627783171,0.225562894553831,0.3672190599266413,0.0,0.0,0.2075773169441583,0.0,0.0171128700565347,0.0102868395197749,0.0,0.0,0.0,0.0,0.0,0.0,0.0,0.0,0.0,0.0,0.0,0.0461103344583997,0.0,0.0,0.0,0.0,0.0,0.0,0.0,0.0,0.0488440119961173,0.0,0.0,0.0,0.0,0.0,0.0,0.0,0.0,0.0,0.0
0.0,0.0,0.0,0.2933589865224966,0.153600982923596,0.2700161329733689,0.3567974337092365,0.3650018165893602,0.0,0.0972113837528739,0.0,0.0,0.1149080152301429,0.4077049124100032,0.0865101389233393,0.0,0.0,0.0,0.026760195066376,0.1680467386965705,0.1991702851245518,0.1940025458253599,0.2578207801477067,0.0,0.0,0.0608462004185066,0.0588979694325436,0.3746894476475882,0.2786983548561688,0.0,0.2889948249074918,0.2227592168826621,0.0662723358024183,0.1445337303907026,0.0,0.0,0.1529038706074342,0.1836999776142882,0.3306119208506262,0.03730457660307,0.0,0.0,0.2448460143047377,0.0,0.0,0.0,0.0,0.0,0.0,0.0,0.0,0.0,0.4938054373431157,0.0,0.0,0.0285723244049789,0.0,0.1816535307692245,0.0155931715351961,0.0,0.0,0.0,0.0,0.0527280698291568,0.0,0.0,0.0,0.3673205971726855,0.0,0.0,0.0,0.0,0.0,0.0,0.0,0.0
0.0,0.0,0.2837110475817098,0.0,0.3116533522506469,0.0356815715543661,0.2308857042064402,0.3013835993945999,0.2457402677967152,0.1514895120463254,0.2233436425604286,0.1149423356034198,0.378211982751764,0.0,0.0,0.0,0.0,0.0,0.3783731620696625,0.3386841011448005,0.0,0.3391720999372509,0.0847165507031281,0.0,0.0,0.0,0.1846125218921018,0.3244266340873498,0.028889907767291,0.0,0.1774662700161297,0.2149811721432327,0.1857993125295458,0.1773466717206509,0.0762019627783171,0.1529038706074342,0.0,0.21528233648071,0.078627490822411,0.0,0.0,0.0536567348886925,0.0,0.0,0.0,0.0,0.0,0.0,0.0,0.0,0.0,0.0,0.0,0.0,0.0,0.0,0.0,0.0,0.0,0.0,0.0,0.0,0.0,0.0,0.0,0.0,0.0,0.0,0.0,0.0,0.0,0.0,0.0,0.0,0.0,0.0
0.0,0.0,0.0,0.0,0.570911572967809,0.0,0.6573197408637833,0.0,0.0,0.6224218286110619,0.0,0.3173542790537948,0.4473838425971512,0.0,0.0,0.0,0.4074331552705116,0.0,0.0,0.0,0.0,0.0,0.0,0.1376224857185439,0.3569338096502889,0.2747464308363358,0.0,0.1390276042768811,0.0,0.0,0.5381192014500829,0.53762481552363,0.1540582102936339,0.4555331142271669,0.225562894553831,0.1836999776142882,0.21528233648071,0.0,0.3702177711879353,0.0,0.0,0.0,0.0,0.0,0.0,0.0,0.0,0.0,0.0,0.0,0.0,0.0,0.0,0.0,0.5470911126620144,0.0,0.4210407997587905,0.0,0.0,0.0,0.0,0.0,0.0,0.0,0.0,0.0,0.0,0.0,0.0,0.0,0.3167842332312837,0.0,0.0,0.0,0.0,0.0
0.0,0.0453875548356958,0.0,0.0,0.0,0.2196545436572048,0.0,0.3150649823968118,0.0,0.1144546262768491,0.0,0.0,0.2543436762998663,0.0,0.2777230277632606,0.3142565765563027,0.0,0.0,0.0,0.2196714557419375,0.4182031270476464,0.2923381940471554,0.243905733932553,0.0,0.0,0.0,0.1492666898027158,0.2036709643528715,0.4004959018627639,0.3809889161150743,0.6473086345613505,0.7832128508290038,0.5616593521330501,0.6157403763352084,0.3672190599266413,0.3306119208506262,0.078627490822411,0.3702177711879353,0.0,0.1632380856414116,0.0,0.0230986811068594,0.0281385935953611,0.0,0.0,0.0,0.0,0.0,0.1207605657574436,0.0,0.0,0.0082389845698267,0.5034587592825022,0.0,0.1248899698745007,0.0,0.0,0.0606827992452658,0.0,0.0158608434422381,0.0,0.0846462230787535,0.0,0.0,0.0,0.4419357097649457,0.0,0.2599499692301871,0.0,0.0,0.0,0.0,0.0,0.0,0.0,0.0
0.1214320497554429,0.3472258065231941,0.0,0.0,0.0,0.0,0.0,0.0,0.0,0.1624160782753611,0.0,0.290812524253134,0.0,0.0,0.0,0.4734236771898353,0.5297358047026589,0.521189033269817,0.0,0.0,0.0,0.0606026767707611,0.0848679280726895,0.4827292865332766,0.3263274573630593,0.3929920611242539,0.0,0.0,0.0,0.0,0.0,0.0109635644415668,0.3706158258651259,0.0,0.0,0.03730457660307,0.0,0.0,0.1632380856414116,0.0,0.64839922599018,0.3600490028132742,0.3965804158356983,0.4741894101922921,0.0,0.1332469120307629,0.3555144164652737,0.0,0.0,0.0,0.5136879156336964,0.0,0.0,0.0,0.0927678822846131,0.0,0.1990664734364472,0.2504554370290289,0.0,0.1470267300388325,0.7065638202053889,0.2866922201216929,0.588398464850865,0.0,0.3657748467885048,0.0,0.4483652944424739,0.238344397932932,0.5434543685319311,0.2258913191667884,0.3747137801373228,0.3985065929927306,0.440190724145011,0.3506084852017644,0.4462754597010922,0.7045733767358313
0.4622270307789015,0.213049169008379,0.0,0.0,0.0,0.0,0.0,0.0,0.0,0.0,0.0,0.2563642328400392,0.0,0.0,0.0,0.5484215611077582,0.2764749192071028,0.4661152163091852,0.0,0.0,0.0,0.0,0.0,0.4948623243411116,0.2295683019056561,0.2889513767852551,0.0,0.0576651037529151,0.0,0.0,0.0,0.0,0.1797099071500887,0.0,0.0,0.0,0.0,0.0,0.0,0.64839922599018,0.0,0.670969278517732,0.5132962905228327,0.59293200745101,0.0560206508856409,0.4190020661239179,0.1199016455235828,0.0,0.0,0.0,0.6468617883583998,0.1025127848276061,0.0,0.0,0.0316425834377388,0.0,0.1970096493899301,0.2004199047513503,0.0743019034562112,0.0512596277441932,0.5841382610985754,0.1544563291041103,0.5670180652076104,0.0,0.5243494813006632,0.0,0.4805938150299018,0.0,0.5712093999343774,0.2019003315678398,0.3002351497957841,0.6032603206515631,0.666758517425031,0.5932580880755322,0.7690533956489635,0.7991342728190146
0.0,0.2225777620962555,0.0,0.0,0.0,0.0,0.0,0.0,0.0,0.0,0.0,0.0,0.0,0.0,0.0,0.3287660752677985,0.0,0.3376701904229039,0.0,0.0,0.0,0.0,0.0,0.0,0.2385905774321846,0.2120827387644139,0.0,0.0,0.0,0.0,0.0,0.000140792213729,0.1448885742244891,0.0,0.2075773169441583,0.0,0.0536567348886925,0.0,0.0230986811068594,0.3600490028132742,0.670969278517732,0.0,0.2251535646640612,0.4899880437633002,0.0,0.3374571215806835,0.0858362502713872,0.0,0.009288432133827,0.0,0.3892138557689754,0.1257520916833687,0.0,0.0,0.1356892160192588,0.0,0.2624574250837193,0.0,0.0,0.0,0.285003164759437,0.231300552080033,0.3749644214257953,0.0,0.3380903182700008,0.0,0.2118611596806118,0.0,0.4590404099661297,0.0911748033661255,0.1856831579671046,0.3656953314149193,0.562595001511696,0.3419766325216395,0.5723166790142885,0.5428503654583148
0.0,0.0,0.0289544420580977,0.0,0.0,0.2554439430447516,0.0,0.1000419671539711,0.0541830895897026,0.0,0.0,0.0,0.0,0.0,0.0,0.0,0.0,0.0,0.0,0.0,0.0,0.0,0.2768287449955585,0.0,0.0,0.0,0.0,0.2770241746520475,0.0,0.0,0.0,0.0,0.0,0.0,0.0,0.2448460143047377,0.0,0.0,0.0281385935953611,0.3965804158356983,0.5132962905228327,0.2251535646640612,0.0,0.2662695444471839,0.0704699633320873,0.0,0.0,0.0432061921318587,0.0,0.0,0.5316086525281577,0.0398106984439212,0.1418469294573067,0.0,0.0,0.0,0.0,0.5898841613316451,0.1924907392269036,0.0,0.0,0.0,0.0,0.0,0.068076316415357,0.1356585037382063,0.1343137608900391,0.2682706108974055,0.286290442697494,0.0379540998389645,0.0,0.1581785237712002,0.3957077549030056,0.2456107837562222,0.0,0.3629719292400602
0.0,0.0,0.0,0.0,0.0,0.0,0.0,0.0,0.0,0.0,0.0,0.0,0.0,0.0,0.0,0.0,0.0,0.0,0.0,0.0,0.0,0.0,0.0,0.0,0.0,0.0,0.0,0.0,0.0,0.0,0.0,0.0530414015783394,0.0,0.0,0.0171128700565347,0.0,0.0,0.0,0.0,0.4741894101922921,0.59293200745101,0.4899880437633002,0.2662695444471839,0.0,0.0309144653558036,0.0,0.0,0.0,0.0312464026785143,0.0,0.4462229316338088,0.0280200482855159,0.0,0.0,0.4629633941276653,0.0,0.5717842024762516,0.0,0.103608889047282,0.0,0.0,0.0,0.0,0.0,0.0,0.0,0.0,0.0,0.0,0.0,0.0,0.3451277712626075,0.5215956076858013,0.4511240006297181,0.0,0.6427700527293412
0.0,0.0,0.0,0.0,0.0,0.0,0.0,0.0,0.0,0.0,0.0,0.0,0.0,0.0,0.0,0.0,0.0,0.0,0.0,0.0,0.0,0.0,0.0,0.0919753494595875,0.0,0.0398842435153648,0.0,0.0,0.0,0.0,0.0,0.0,0.0960336092819256,0.0,0.0102868395197749,0.0,0.0,0.0,0.0,0.0,0.0560206508856409,0.0,0.0704699633320873,0.0309144653558036,0.0,0.1989390933972357,0.0,0.0,0.0,0.0,0.0,0.1159943674941318,0.0,0.0431685007750845,0.0,0.0,0.0,0.1157963405647524,0.0,0.0,0.0,0.0,0.0,0.0,0.0,0.0,0.0,0.0,0.0507662010139459,0.1266041168120945,0.0900919711048705,0.0,0.2251747017546957,0.0,0.0,0.0
0.8977847507861629,0.5032700650619096,0.0,0.0,0.0,0.0,0.0,0.0,0.0,0.0,0.0,0.0,0.0,0.0,0.0,0.3369804384431246,0.0,0.3721288270364392,0.0,0.0,0.0723781897323963,0.446540429811238,0.0,0.6831777026411727,0.6170166449599915,0.4215119296382477,0.0,0.0,0.0,0.0,0.0,0.0278367440271963,0.0490449797666528,0.0,0.0,0.0,0.0,0.0,0.0,0.1332469120307629,0.4190020661239179,0.3374571215806835,0.0,0.0,0.1989390933972357,0.0,0.4322970890709018,0.0,0.0,0.0,0.433247897461169,0.0,0.0,0.0,0.5930410325402302,0.0,0.5397834759873964,0.0,0.0,0.1939066271898022,0.2395912733126702,0.0,0.5425951358244915,0.0,0.6368577471338907,0.0,0.4961096552536407,0.0,0.5746361376285258,0.6009005376274303,0.6304137601728682,0.4189807376160274,0.6951794451512814,0.7531997057463174,0.0,0.4628462942222002
0.3077360324128889,0.8404117537284088,0.0,0.0,0.0,0.0,0.0,0.0,0.0,0.0,0.0,0.0,0.0,0.0,0.022521916965941,0.1972917363323419,0.0,0.5485891904514805,0.0,0.3891041638136514,0.0,0.5183178065346512,0.0,0.0,0.8249046047582194,0.7386535333703026,0.0157680620167483,0.0,0.0280942148082954,0.0,0.0553750606868859,0.161347148484064,0.0772635676292924,0.0,0.0,0.0,0.0,0.0,0.0,0.3555144164652737,0.1199016455235828,0.0858362502713872,0.0,0.0,0.0,0.4322970890709018,0.0,0.0,0.0,0.0,0.2575038614707789,0.0,0.0,0.0,0.7160917303688984,0.0,0.0,0.0,0.0,0.3383282337971826,0.5325135071723744,0.7284847585024492,0.6453696154847282,0.0,0.5532047377654422,0.0,0.5919691891018275,0.1471458433620214,0.0,0.6492673797967572,0.7946667190737959,0.3626154688820248,0.2427015189433973,0.392680192749428,0.0,0.4180726714158613
0.0,0.0,0.8160457447119548,0.0,0.5298363691596227,0.1352513990034365,0.0,0.0919095057680196,0.6993128830643525,0.0,0.7152503982582864,0.0,0.1325096435597388,0.0,0.0,0.0,0.0,0.0,0.7180631694060015,0.0,0.0,0.0,0.2040515530188469,0.0,0.0,0.0,0.3474315140805611,0.0,0.0,0.0,0.0,0.0,0.0,0.0,0.0,0.0,0.0,0.0,0.0,0.0,0.0,0.0,0.0432061921318587,0.0,0.0,0.0,0.0,0.0,0.0,0.486924788336633,0.2774712762572159,0.1934305107451184,0.0151225957333515,0.7883724766331807,0.0,0.8080603899299488,0.0,0.2337549615954646,0.4229664765688556,0.0,0.0,0.0,0.0,0.7291634932114933,0.0,0.0,0.0,0.3126205713210945,0.0,0.0,0.0,0.466702395267067,0.2807200716553127,0.409634522843929,0.0984681070286288,0.0373696519554081
0.0,0.0,0.0,0.0,0.0,0.0,0.0,0.0,0.0,0.0,0.0,0.0,0.0,0.0,0.0,0.0,0.0,0.0,0.0,0.0,0.0,0.0,0.0,0.0,0.0,0.0,0.0,0.0,0.0,0.0,0.0,0.0,0.0,0.0,0.0,0.0,0.0,0.0,0.1207605657574436,0.0,0.0,0.009288432133827,0.0,0.0312464026785143,0.0,0.0,0.0,0.0,0.0,0.3056366538365344,0.0,0.3240771939857454,0.1925971512471385,0.0523247103529182,0.0,0.0,0.0,0.145542577425199,0.267415973628089,0.0,0.0,0.0,0.0,0.0,0.0,0.0,0.0,0.014753998745829,0.0,0.0,0.0,0.0,0.0,0.0,0.0,0.0
0.0,0.0,0.617089008443652,0.0,0.0,0.0,0.0,0.269354290670375,0.0,0.0,0.600596247668754,0.0,0.0,0.0,0.0,0.0,0.0,0.0,0.0,0.0,0.0,0.0,0.3526634533389354,0.0,0.0,0.0,0.0,0.0,0.0,0.0,0.0,0.0,0.0,0.0,0.0,0.0,0.0,0.0,0.0,0.0,0.0,0.0,0.0,0.0,0.0,0.0,0.0,0.486924788336633,0.3056366538365344,0.0,0.0522269100360596,0.6260708548666617,0.2260605376129095,0.5805337197920158,0.0,0.6157705994194762,0.0,0.1637959921143095,0.4349282589071228,0.0,0.0,0.0,0.0,0.314079652284085,0.0,0.0,0.0,0.1625750299391637,0.0,0.0,0.0,0.1869401246848001,0.0307071040430708,0.0,0.0,0.0
0.0,0.0,0.2740235531517139,0.0,0.0,0.1927950599268353,0.0,0.0,0.289051154172546,0.0,0.1682047302464269,0.0,0.1296538746518639,0.0,0.0,0.0,0.0,0.0,0.1530674986571561,0.0,0.0,0.0,0.1158288542665486,0.0,0.0,0.0,0.0,0.1913112463433114,0.0,0.0,0.0,0.0,0.0,0.0,0.0,0.0,0.0,0.0,0.0,0.5136879156336964,0.6468617883583998,0.3892138557689754,0.5316086525281577,0.4462229316338088,0.0,0.433247897461169,0.2575038614707789,0.2774712762572159,0.0,0.0522269100360596,0.0,0.2541780652727501,0.0,0.2886342528932533,0.0178428796991196,0.0764979860606689,0.0,0.5975631197151954,0.2129339540202657,0.166803000702616,0.4755102556729197,0.2459588137816716,0.5861022275567713,0.0792689704748858,0.4441972772808605,0.0238937669514836,0.3438841366641735,0.1670294243374318,0.0,0.5353068673066552,0.4917509098874844,0.6097498522359684,0.6243526414356123,0.7640891664950235,0.4624099283570708,0.5575567972861075
0.0,0.0,0.0,0.0,0.0,0.0,0.0,0.0,0.0,0.0,0.1943991064945703,0.0,0.0,0.0,0.0,0.0,0.0,0.0,0.0,0.0,0.0,0.0,0.0283242852581528,0.0,0.0,0.0,0.144238419081346,0.0,0.0,0.0,0.0,0.0,0.0,0.0,0.0,0.0,0.0,0.0,0.0082389845698267,0.0,0.1025127848276061,0.1257520916833687,0.0398106984439212,0.0280200482855159,0.1159943674941318,0.0,0.0,0.1934305107451184,0.3240771939857454,0.6260708548666617,0.2541780652727501,0.0,0.0,0.278292166082759,0.1289544415502507,0.2732612358077145,0.0,0.2615737600497766,0.3360356512630245,0.0,0.0,0.1824537477975521,0.0,0.1803252852624833,0.041735685992755,0.0,0.0,0.0,0.0,0.2567565155748685,0.0740291054112384,0.3709039654328308,0.3935376518268461,0.3530864078844555,0.0,0.0
0.0,0.0,0.0,0.0,0.3461272888040817,0.5198693006031339,0.0,0.8024689334566518,0.0160271853402943,0.0,0.2033038793270645,0.0,0.20495425205172,0.0,0.3402005344881134,0.0,0.0,0.0,0.0,0.115676021488923,0.5665302400504194,0.0,0.7248099865458643,0.0,0.0,0.0,0.2063184468289237,0.2017139068739013,0.5792768495151984,0.0,0.4868464130496321,0.3915869269208755,0.0,0.4359084625674689,0.0,0.4938054373431157,0.0,0.0,0.5034587592825022,0.0,0.0,0.0,0.1418469294573067,0.0,0.0,0.0,0.0,0.0151225957333515,0.1925971512471385,0.2260605376129095,0.0,0.0,0.0,0.0882577927158512,0.0,0.3348801777912809,0.0,0.2825882692312965,0.0180365069677987,0.0,0.0,0.0,0.0,0.0151550775362064,0.0,0.6144106219509909,0.0,0.6367141710699555,0.0,0.0,0.0,0.0,0.0,0.0,0.0,0.0
