0.0,0.0,0.0,0.0,0.0,0.0,0.0,0.0,0.0,0.1486042889568233,0.0,0.0,0.3934227570294618,0.0,0.4308551288375421,0.6721667092334331,0.3317491187950976,0.5640074766505266,0.0,0.5859629417350646,0.4942382102444456,0.4122813316632592,0.1129376372427588,0.0,0.1465307906091566,0.0,0.4010179583932012,0.6876589412445508,0.59849154776463,0.0,0.7317404827446343,0.0,0.2397911794199785,0.5604562632698973,0.2557399659594138,0.0,0.0,0.2239023502006724,0.0,0.1015299718603687,0.4299987829683346,0.0,0.0,0.0,0.0,0.8003054948703137,0.0,0.0,0.0,0.0,0.0,0.0,0.0,0.0,0.046387286104008,0.0,0.0,0.0,0.0,0.0,0.2542103995271026,0.0,0.6262953340383909,0.0,0.0,0.1863759815466332,0.0,0.0,0.0,0.0,0.0,0.0,0.0,0.0,0.0,0.507187502084981
0.0,0.0,0.0,0.0,0.0741178900406613,0.3849464335809154,0.2441280611572357,0.3508122683445106,0.0,0.0,0.0,0.0,0.4472332473127461,0.0,0.0497455515215393,0.1030797523167201,0.4528687510727297,0.3364658142178898,0.0,0.0,0.209478237940089,0.1375557297296193,0.2079291896850013,0.0,0.7479684023963826,0.633046145425434,0.0351998249095822,0.0,0.0,0.0,0.0,0.49005146499175,0.3401251293218482,0.0,0.0,0.0,0.0,0.0,0.4873482259064143,0.3381567116705493,0.1564623910425928,0.1306601625983508,0.0,0.0,0.0,0.0,0.5249439228747874,0.0,0.0,0.0,0.0,0.0,0.0,0.0,0.0,0.0,0.0,0.0,0.0,0.0310114457181254,0.1762643843733437,0.0,0.0,0.0,0.0,0.1381785582398541,0.1792222369730951,0.1625239979041458,0.0,0.4296569385658911,0.3474458260137352,0.1145031920417005,0.0,0.0,0.0,0.0
0.0,0.0,0.0,0.0,0.5585601174047484,0.3716128609626455,0.1500227580845937,0.0726221869627151,0.4874828745425597,0.0,0.4021678777429053,0.0761626718950101,0.2894224099487038,0.1930502796822358,0.0,0.0,0.0,0.0,0.4158575014595614,0.0,0.0,0.0,0.6272217280536171,0.0,0.0,0.0,0.5610478711859066,0.1843259753758712,0.0,0.0,0.2313955551422261,0.0,0.0994842513596675,0.3221836962102058,0.194819193589933,0.0130419161094432,0.0,0.0,0.0,0.0,0.2474424002472069,0.0,0.0,0.0,0.0,0.0,0.0,0.6766567093786856,0.0,0.0,0.359278783721942,0.0624802502523092,0.0437180630849952,0.2804101582801332,0.0,0.135235607610151,0.0,0.261362926406211,0.0,0.0,0.0,0.0,0.0,0.6250150997296614,0.0,0.0,0.0,0.4315217596923764,0.0,0.0,0.0,0.0,0.1126562874067161,0.0,0.0,0.0
0.0,0.0,0.0,0.0,0.308213284246526,0.0936147811993716,0.5492092624494156,0.0,0.2628519722040328,0.0749512174684255,0.2435114051343795,0.07654166227067,0.2886017845261498,0.0,0.0,0.0,0.0,0.0,0.2739620915368613,0.0,0.0,0.0,0.0,0.0,0.0,0.0,0.0798683025113805,0.2285560405694698,0.1691076286552023,0.0,0.0,0.0,0.0,0.0,0.0,0.0297643179096878,0.2234473518647733,0.0920619050737997,0.0,0.0,0.0,0.0,0.0,0.0,0.0,0.0,0.0,0.0,0.0,0.0,0.0,0.0,0.0,0.0,0.0,0.0,0.0,0.0,0.0,0.0,0.0,0.0,0.0,0.0,0.0,0.0,0.0,0.0,0.0,0.0,0.0,0.0,0.0,0.0,0.0,0.0
0.0,0.0741178900406613,0.5585601174047484,0.308213284246526,0.0,0.0,0.6323847198936614,0.0,0.439651114796551,0.0411575068024013,0.5358863741185996,0.0,0.5365286868591423,0.4990625964529728,0.0,0.4753624602608979,0.0,0.0,0.2234811056928755,0.2926197782045658,0.0,0.363714422896039,0.2172236543387261,0.0,0.0317231467336725,0.0,0.6646559971008782,0.4053691817600726,0.5202125112248622,0.0,0.4280970544388003,0.0,0.2257085255262767,0.4547404324899988,0.1830120808592949,0.149982086944682,0.0,0.0263239554526573,0.1023645856995068,0.0,0.0,0.0,0.0,0.0,0.0,0.0,0.0,0.1818511218207012,0.0,0.0704251791711763,0.0,0.0,0.0,0.0372192276352032,0.0,0.2409411446909858,0.0,0.0,0.0,0.0,0.0,0.0,0.0,0.3353601386706062,0.0,0.0,0.0,0.0414669481172526,0.0,0.0,0.0,0.0,0.0,0.0,0.0,0.0
0.0,0.3849464335809154,0.3716128609626455,0.0936147811993716,0.0,0.0,0.0554549948333911,0.5020560234278221,0.3988952561899776,0.3026878882534012,0.2167899715102799,0.5040371072173282,0.5116710883165285,0.0,0.0,0.0,0.276173185374663,0.2319080994674426,0.2752597078536079,0.0,0.105119711055284,0.0,0.4684767337394474,0.0,0.1755682401407783,0.5354455661320497,0.0912320894221953,0.0,0.0552027112501282,0.1330753721132563,0.0,0.0,0.0,0.0,0.0,0.197247401221368,0.2509370063762363,0.0,0.0,0.0,0.0886402526514477,0.0,0.0,0.0,0.0,0.0,0.2546895118620018,0.6596827614300081,0.0,0.1843692495432787,0.5335508441027107,0.1759239593100355,0.4071536381618159,0.3644982960109521,0.0,0.0,0.0,0.2013866430783708,0.0,0.0,0.0,0.0,0.0,0.3220932425450648,0.2349781054513702,0.0,0.2239929827876356,0.4748083380099122,0.0,0.0,0.4241728520790768,0.3012382590271539,0.1203150324816273,0.0,0.195849804424378,0.0
0.0,0.2441280611572357,0.1500227580845937,0.5492092624494156,0.6323847198936614,0.0554549948333911,0.0,0.0294309708979879,0.218862452274309,0.2426314325846833,0.5031938889390172,0.0,0.5873115789177945,0.2514672607078232,0.0,0.2168191518350529,0.2361867491197464,0.2781371938641764,0.1016223249310549,0.0,0.0,0.0129429022411516,0.0,0.0491964087613022,0.0971678287811033,0.0,0.2890223287475909,0.2977002111145103,0.2706177135171171,0.0,0.1799805464412598,0.0100261079599943,0.1675208751749515,0.097867490550154,0.0,0.1211217838338199,0.0,0.1375496261923308,0.0544588158979396,0.0,0.0680803285299761,0.0,0.0963766288763673,0.0,0.0,0.0,0.0,0.0,0.0,0.0,0.0,0.0,0.0,0.0,0.0,0.379931595176686,0.0,0.0,0.0,0.0,0.0,0.0,0.0,0.1067695083838918,0.0,0.0,0.0,0.0,0.0,0.0,0.0,0.0,0.0,0.0,0.0,0.0
0.0,0.3508122683445106,0.0726221869627151,0.0,0.0,0.5020560234278221,0.0294309708979879,0.0,0.0947286412381457,0.1260666759458019,0.1355080831780485,0.6596283553857704,0.2047657805086148,0.219563286625352,0.0,0.0,0.0,0.0,0.0,0.0,0.172642761643272,0.0,0.5757001559283494,0.5842038753611999,0.0,0.4868689406436025,0.0,0.0,0.0,0.0664710741627474,0.0,0.130367214817745,0.0,0.0,0.0,0.3288720643409466,0.19687773136347,0.0,0.0,0.0,0.0,0.0,0.0741437280518615,0.0,0.0,0.0,0.0,0.0537702292278259,0.0,0.122325450010029,0.2754091874482434,0.0,0.8212992774681831,0.2245038247654023,0.0,0.245988013143204,0.0,0.0163372578000875,0.1692575501848107,0.0,0.0,0.0,0.0,0.0,0.0,0.1497298373820536,0.0,0.5652814768166622,0.0,0.0,0.0,0.1243658652966452,0.0,0.0,0.0,0.0
0.0,0.0,0.4874828745425597,0.2628519722040328,0.439651114796551,0.3988952561899776,0.218862452274309,0.0947286412381457,0.0,0.142452433219872,0.5402866436125455,0.2155170457226633,0.3390650942776717,0.1259216713694401,0.0,0.0,0.0,0.1007539569544217,0.4849520246611613,0.259905759714395,0.0,0.0,0.2873421541535219,0.161581955615272,0.0,0.0,0.5187953072783483,0.2436839222932651,0.3118641590766451,0.189479157656615,0.0,0.0,0.0,0.0941445690362945,0.0092607282741555,0.040249825352957,0.1588584085861988,0.0,0.0,0.0,0.1301030852767491,0.0,0.0,0.0,0.0,0.0,0.0,0.6116200435288779,0.0,0.3839329096170765,0.2458193809884263,0.35626753274676,0.2228621189495564,0.7293914643890278,0.0,0.3801121738470848,0.0,0.1567416660369356,0.1127670509141076,0.0,0.0,0.0,0.0,0.4733520598098109,0.0,0.0,0.0,0.3941779770888863,0.0,0.0,0.0,0.5411872495177024,0.381595737627841,0.0,0.0,0.0
0.1486042889568233,0.0,0.0,0.0749512174684255,0.0411575068024013,0.3026878882534012,0.2426314325846833,0.1260666759458019,0.142452433219872,0.0,0.2382183095198974,0.2339661545153745,0.4624579900601786,0.0,0.0,0.1649886723354438,0.3746636081252769,0.3807512495023449,0.1357988700153246,0.0,0.0,0.0,0.1077308715620593,0.3029569918524911,0.3396848138608088,0.3408501813459408,0.136970131387806,0.3254673634215631,0.0,0.0,0.1192039874612162,0.0830833503599494,0.197491539299337,0.0570713022204791,0.0981119422663058,0.0,0.0597990538256722,0.2443749756840384,0.0587494921807645,0.2496159281665352,0.1700629375611233,0.0,0.0,0.0,0.1941166755596442,0.1394756591525036,0.0,0.0,0.0,0.0,0.0,0.0,0.0,0.0,0.410841440483597,0.0,0.3022036608805324,0.359096416284601,0.0,0.0,0.0,0.2384542112589064,0.1620754961224981,0.0,0.0,0.0,0.0,0.0,0.2258098143740451,0.147184529540985,0.1608531890018692,0.0,0.4294474570604549,0.0,0.0,0.2065278379129392
0.0,0.0,0.4021678777429053,0.2435114051343795,0.5358863741185996,0.2167899715102799,0.5031938889390172,0.1355080831780485,0.5402866436125455,0.2382183095198974,0.0,0.0244591555714209,0.5099984004479416,0.2146252467456015,0.0,0.0,0.2606016514777737,0.0,0.5772508594185298,0.0,0.0,0.0,0.2426785703228938,0.0839723366679748,0.0,0.0401136213054142,0.3508025660627259,0.4607265389315194,0.0,0.0,0.0398957467365759,0.0,0.0,0.0675701274478679,0.0,0.1765377414485563,0.1481993429035964,0.107902643505874,0.0,0.0,0.0,0.0,0.1012839107974067,0.0,0.0,0.0,0.0,0.372016907669118,0.0,0.3369360159190914,0.2270716285969269,0.2293508043894815,0.1758515830211824,0.3861429333664033,0.0,0.5696790055045075,0.0,0.4327897081413391,0.2726532805224827,0.0,0.0,0.0,0.0,0.4205946327133384,0.0,0.0,0.0,0.2362137529926341,0.0,0.0,0.0,0.2096178574820652,0.5496324954291828,0.0,0.0,0.0
0.0,0.0,0.0761626718950101,0.07654166227067,0.0,0.5040371072173282,0.0,0.6596283553857704,0.2155170457226633,0.2339661545153745,0.0244591555714209,0.0,0.0653249296591893,0.0,0.0,0.0,0.0,0.0,0.0609310885019991,0.0,0.0,0.0,0.4155345001795149,0.7514240795142655,0.0,0.4185679828195069,0.0,0.0,0.0,0.0,0.0,0.0,0.0,0.0,0.0,0.1719754239725867,0.3170313725793972,0.1188324210665698,0.0,0.0465239128183397,0.0,0.0,0.1208346222787191,0.0,0.0,0.0,0.0,0.0,0.0,0.0,0.0,0.0,0.0,0.0,0.1209545640043078,0.0,0.7200162152281543,0.2522646389043725,0.0,0.0,0.0,0.0,0.0,0.0,0.0,0.0,0.0,0.0,0.6760171199479397,0.0700135247709805,0.4976785225289636,0.0,0.0161449479033363,0.0,0.0,0.0
0.3934227570294618,0.4472332473127461,0.2894224099487038,0.2886017845261498,0.5365286868591423,0.5116710883165285,0.5873115789177945,0.2047657805086148,0.3390650942776717,0.4624579900601786,0.5099984004479416,0.0653249296591893,0.0,0.168772034988628,0.2482725997005313,0.2835668154280608,0.634846314217105,0.5219161703549418,0.2584249798098676,0.0709937820668749,0.4851241899513799,0.0,0.2017409967551787,0.1231711625968358,0.1813570064721099,0.3418470678140547,0.2133535081101422,0.573128378305496,0.3646366566474035,0.3397108157499328,0.1727075441130088,0.0,0.1355967573335806,0.0721665810742371,0.0,0.2375796790053687,0.043117084929296,0.0,0.0,0.3075640599270389,0.3208848651447905,0.1297571151854364,0.0,0.0,0.0301689690917747,0.0,0.0,0.2891833398567247,0.0,0.0,0.0,0.0424389929511818,0.0070317305350405,0.0,0.0,0.1262337011019798,0.1972517564782176,0.0,0.0,0.0,0.0,0.0,0.0,0.0,0.0,0.0,0.0,0.0297205145830578,0.0,0.1123502474969215,0.0110666474559654,0.0,0.0,0.0,0.0,0.0
0.0,0.0,0.1930502796822358,0.0,0.4990625964529728,0.0,0.2514672607078232,0.219563286625352,0.1259216713694401,0.0,0.2146252467456015,0.0,0.168772034988628,0.0,0.0,0.0,0.0,0.0,0.0,0.0,0.3412427252227599,0.0,0.2718360285310113,0.0,0.0,0.0,0.3159535085951671,0.0393330432442758,0.0,0.0,0.124889990965486,0.2438390737811647,0.0,0.1244583024447368,0.0,0.337000542419949,0.0,0.0,0.2499688586804139,0.0,0.0,0.0,0.2222128484657447,0.0,0.0,0.0,0.0,0.0,0.0,0.0,0.0,0.0,0.0,0.0,0.0,0.3191647896158717,0.0,0.0,0.0,0.0,0.0,0.0,0.0,0.0,0.0,0.0,0.0,0.1873338221804687,0.0,0.0,0.0,0.0,0.0,0.0,0.0,0.0
0.4308551288375421,0.0497455515215393,0.0,0.0,0.0,0.0,0.0,0.0,0.0,0.0,0.0,0.0,0.2482725997005313,0.0,0.0,0.35689911862064,0.0,0.1442101367607493,0.0,0.5670034763161674,0.4169261741641636,0.5522224127701585,0.0704596609455621,0.0,0.0980493271006942,0.0,0.4921334694180179,0.2271915536034152,0.5344261748194459,0.0,0.4749898402206413,0.1472088332107876,0.2626491241933937,0.4311033759227988,0.2424034583195002,0.0870756086798049,0.0,0.0,0.0812765053935043,0.1705540825078238,0.3484338652252751,0.2954883214092811,0.0,0.0,0.0,0.0,0.0,0.0,0.0,0.0,0.0,0.0,0.0,0.0,0.0,0.0,0.0,0.0,0.0,0.6642138562721005,0.1843410240081675,0.0,0.0,0.0,0.1492514632607941,0.2867160293798428,0.041802284334853,0.0,0.0,0.0365056365990976,0.0,0.1660353558815086,0.0605401098169686,0.3927868791302735,0.0,0.3572214176824708
0.6721667092334331,0.1030797523167201,0.0,0.0,0.4753624602608979,0.0,0.2168191518350529,0.0,0.0,0.1649886723354438,0.0,0.0,0.2835668154280608,0.0,0.35689911862064,0.0,0.4347126225041851,0.7309179349922058,0.0,0.4842439309719661,0.3845636554817888,0.7949098788073768,0.0,0.0,0.3744130052106897,0.0,0.4238660434946361,0.3888562322061761,0.4243669559820078,0.1053432277418503,0.7748293307998837,0.0,0.6204180682340469,0.7209682045538579,0.4155846369870812,0.0,0.0,0.0,0.1939804949338319,0.1063318228061439,0.3471011158889197,0.3434265009310002,0.0,0.0,0.0,0.7210139477439468,0.0,0.0,0.0,0.0,0.0,0.0,0.0,0.0,0.0,0.0,0.0,0.0,0.0,0.0734871022685585,0.0,0.0,0.5278230498226288,0.0,0.0,0.1234767776087799,0.0,0.0,0.0,0.0,0.0,0.0,0.0,0.2621765692499682,0.0,0.1311416959447516
0.3317491187950976,0.4528687510727297,0.0,0.0,0.0,0.276173185374663,0.2361867491197464,0.0,0.0,0.3746636081252769,0.2606016514777737,0.0,0.634846314217105,0.0,0.0,0.4347126225041851,0.0,0.7490348242662515,0.0,0.0,0.0,0.0611824867059453,0.0,0.0,0.3678537481252684,0.398471746306206,0.0,0.4139312218669363,0.261838505533917,0.0,0.2415557295545316,0.1036764981016603,0.277876138586646,0.1541779928671998,0.0,0.0,0.0,0.0,0.0,0.2528744371739249,0.0,0.0,0.0,0.0,0.0,0.0,0.0,0.0,0.0,0.0,0.0,0.0,0.0,0.0,0.1526224655219154,0.0,0.0,0.0,0.0,0.0,0.0,0.4986278738346063,0.4274772848344249,0.0,0.0,0.0,0.0,0.0,0.0,0.0,0.0,0.0,0.0,0.0,0.0,0.0
0.5640074766505266,0.3364658142178898,0.0,0.0,0.0,0.2319080994674426,0.2781371938641764,0.0,0.1007539569544217,0.3807512495023449,0.0,0.0,0.5219161703549418,0.0,0.1442101367607493,0.7309179349922058,0.7490348242662515,0.0,0.0,0.2048669666977229,0.2758025932915218,0.2989794865829844,0.0,0.0,0.4761606818608622,0.2218737499205088,0.2145841490040541,0.4724659123822823,0.3882101737087404,0.1671872538250427,0.4730224276373741,0.0,0.4378828762970996,0.3989948632832686,0.1374144922480511,0.0,0.0,0.0,0.0584972279991223,0.2460282384286567,0.3512233569583086,0.2022191499139304,0.0,0.0,0.0,0.4816706624207308,0.0,0.0,0.0,0.0,0.0,0.0,0.0,0.0,0.1405580632636755,0.0,0.0,0.0,0.0,0.0,0.2598737383231411,0.4297733031120356,0.6568777820136642,0.0,0.0,0.0,0.0,0.0,0.0,0.0779705440383336,0.0,0.0,0.0,0.0,0.0,0.2548542359908525
0.0,0.0,0.4158575014595614,0.2739620915368613,0.2234811056928755,0.2752597078536079,0.1016223249310549,0.0,0.4849520246611613,0.1357988700153246,0.5772508594185298,0.0609310885019991,0.2584249798098676,0.0,0.0,0.0,0.0,0.0,0.0,0.0,0.0,0.0,0.1611906583381751,0.0,0.0,0.0,0.1654220729587733,0.580709982717068,0.0,0.0,0.0960865621626272,0.0,0.0,0.0420988295429732,0.0,0.0,0.2324628791461573,0.1611058048133544,0.0,0.0,0.0,0.0,0.0923442115330339,0.0,0.0,0.0,0.0,0.6181935598226325,0.0,0.455064651266634,0.3433474347941049,0.4472958900485353,0.0,0.3548097114885658,0.0,0.1114179817731856,0.0,0.5791210720585458,0.0402034478924926,0.0,0.0,0.0,0.0,0.5516202005214491,0.0,0.0,0.0,0.1463800337223307,0.0,0.0,0.0,0.0998043352085178,0.0,0.0,0.0,0.0
0.5859629417350646,0.0,0.0,0.0,0.2926197782045658,0.0,0.0,0.0,0.259905759714395,0.0,0.0,0.0,0.0709937820668749,0.0,0.5670034763161674,0.4842439309719661,0.0,0.2048669666977229,0.0,0.0,0.2861835188008947,0.6905155658091355,0.1824241645068995,0.0,0.0895799552167649,0.0,0.3652992794318347,0.2198521868150996,0.4311173229924493,0.2290470092176258,0.5080164532082184,0.0261970083723016,0.3927751236007339,0.5187320724277292,0.4203488761180182,0.0,0.0,0.0,0.0,0.1562673002327018,0.3213674110079026,0.1575433956343141,0.0,0.0,0.0,0.0,0.0,0.0,0.0,0.0,0.0,0.0,0.0,0.0,0.0,0.0,0.0,0.0,0.0,0.3611742578940921,0.1274698170261831,0.0,0.0,0.0,0.4022584707779501,0.1151045753886986,0.1230688983332234,0.09215319145326,0.0,0.0,0.0,0.0,0.0237269129091432,0.3045435018862019,0.0,0.148521718909951
0.4942382102444456,0.209478237940089,0.0,0.0,0.0,0.105119711055284,0.0,0.172642761643272,0.0,0.0,0.0,0.0,0.4851241899513799,0.3412427252227599,0.4169261741641636,0.3845636554817888,0.0,0.2758025932915218,0.0,0.2861835188008947,0.0,0.2482349426915071,0.3473979402755748,0.1373361981450907,0.0,0.0552442774638139,0.3071961979067492,0.51124847693305,0.2842847549480231,0.0,0.3764331101564506,0.0529772489533942,0.262058106582879,0.3265937546480081,0.1196516839356033,0.0,0.0,0.0,0.1426091696149242,0.2941151911530091,0.3390485658981632,0.195199999306481,0.0,0.0,0.0,0.5328277581612454,0.0,0.0,0.0,0.0,0.0,0.0,0.0024867363460981,0.0,0.0,0.0,0.0,0.3084822820839403,0.0,0.1267205533323542,0.0,0.0,0.0,0.0,0.0,0.5292067116544927,0.0,0.1341279290720688,0.0,0.0,0.0,0.0,0.3615955804124352,0.1200057729069477,0.0,0.1714777247220441
0.4122813316632592,0.1375557297296193,0.0,0.0,0.363714422896039,0.0,0.0129429022411516,0.0,0.0,0.0,0.0,0.0,0.0,0.0,0.5522224127701585,0.7949098788073768,0.0611824867059453,0.2989794865829844,0.0,0.6905155658091355,0.2482349426915071,0.0,0.0,0.0,0.3900597018200548,0.0,0.4454218684275697,0.0347322178907877,0.2503856365554391,0.0,0.6533927724845787,0.3129844731914561,0.6757763884103525,0.7222093285247354,0.4300830563600963,0.0,0.0,0.0,0.4106225744499454,0.151827195269539,0.292074483635304,0.4326908612921561,0.0255518369352434,0.0,0.0,0.5596639146160372,0.0,0.0,0.0,0.0,0.0,0.0,0.0,0.0,0.0,0.0,0.0,0.0,0.0,0.3756676716090837,0.0,0.0,0.2247272690608162,0.0,0.0,0.2606795737632015,0.0,0.0,0.0,0.0,0.0,0.0,0.0,0.2294182895081177,0.0,0.058576922963149
0.1129376372427588,0.2079291896850013,0.6272217280536171,0.0,0.2172236543387261,0.4684767337394474,0.0,0.5757001559283494,0.2873421541535219,0.1077308715620593,0.2426785703228938,0.4155345001795149,0.2017409967551787,0.2718360285310113,0.0704596609455621,0.0,0.0,0.0,0.1611906583381751,0.1824241645068995,0.3473979402755748,0.0,0.0,0.3087395753971471,0.0652509366917479,0.2828466800749264,0.2837031057116823,0.0,0.0,0.1728795306834152,0.0,0.0253989158890564,0.0,0.0,0.0813746301186535,0.1510665969148887,0.0,0.0194402426537804,0.0379913637321039,0.1293643815524169,0.1915072706018462,0.094842210503298,0.0291480575495638,0.0,0.0,0.0,0.1740570855607313,0.4105811577137574,0.0,0.0234960862854899,0.4478057930179627,0.0608044903532881,0.5554696360357648,0.1717607568191076,0.0,0.1160890835693902,0.0,0.1163127565906301,0.1959554164318122,0.0282663258221435,0.0,0.0,0.0,0.2600186409239056,0.057818914562091,0.0789768115193413,0.0,0.8784966534037044,0.0,0.2919471810124924,0.3750028383123504,0.1153472421586193,0.0,0.0,0.0033093323808476,0.0
0.0,0.0,0.0,0.0,0.0,0.0,0.0491964087613022,0.5842038753611999,0.161581955615272,0.3029569918524911,0.0839723366679748,0.7514240795142655,0.1231711625968358,0.0,0.0,0.0,0.0,0.0,0.0,0.0,0.1373361981450907,0.0,0.3087395753971471,0.0,0.0,0.4606575399983558,0.0,0.0209048868017671,0.0,0.0,0.0,0.0,0.0,0.0,0.0,0.0789699998990381,0.181201885153844,0.2654438896657387,0.0,0.1120857258064385,0.0,0.0,0.0,0.0,0.1684347336595633,0.0,0.0,0.0,0.0,0.0,0.0,0.0,0.0,0.0,0.048351253208253,0.0,0.6634486005987082,0.0,0.0,0.0,0.0,0.0039833177105919,0.0,0.0,0.0,0.0,0.0,0.0,0.7741011651632237,0.047946716696123,0.539780049481988,0.0,0.1879896058834079,0.0,0.0,0.0
0.1465307906091566,0.7479684023963826,0.0,0.0,0.0317231467336725,0.1755682401407783,0.0971678287811033,0.0,0.0,0.3396848138608088,0.0,0.0,0.1813570064721099,0.0,0.0980493271006942,0.3744130052106897,0.3678537481252684,0.4761606818608622,0.0,0.0895799552167649,0.0,0.3900597018200548,0.0652509366917479,0.0,0.0,0.5206898177281385,0.1930611559821222,0.0,0.0,0.0,0.0,0.3742295903511197,0.3926440059539171,0.0779779386461169,0.0,0.0,0.0,0.0,0.4060924690131336,0.2615099556094566,0.218074721137723,0.2093984411651089,0.0,0.0,0.0,0.0,0.5001894992636596,0.0,0.0,0.0,0.0,0.0,0.0,0.0,0.0844533289356046,0.0,0.0,0.0,0.0,0.1056228540312897,0.2925897085106498,0.2002564489044141,0.2293488844987894,0.0,0.2086519178662132,0.0700918448942451,0.2749447950230364,0.0815891150796765,0.0,0.5590050406989,0.35644028282065,0.0,0.0,0.1061605251238653,0.0,0.0649464709101452
0.0,0.633046145425434,0.0,0.0,0.0,0.5354455661320497,0.0,0.4868689406436025,0.0,0.3408501813459408,0.0401136213054142,0.4185679828195069,0.3418470678140547,0.0,0.0,0.0,0.398471746306206,0.2218737499205088,0.0,0.0,0.0552442774638139,0.0,0.2828466800749264,0.4606575399983558,0.5206898177281385,0.0,0.0,0.0,0.0,0.0,0.0,0.2545052216827465,0.2533312456682174,0.0,0.0,0.1085081354415122,0.0,0.0,0.2029988224349981,0.4467468385675502,0.131427694663108,0.0267606049060348,0.0,0.0,0.0606862749101237,0.0,0.3536473956539894,0.0,0.0,0.0,0.2400499273224662,0.0,0.0,0.0,0.0,0.0,0.256023956244255,0.0,0.0,0.0,0.0852944713257094,0.2904622725080428,0.0,0.0,0.1526867938949318,0.0,0.2417452246346158,0.2123991003153351,0.3102696669591202,0.2529914660706585,0.6874170219521069,0.0,0.0,0.0,0.0,0.0
0.4010179583932012,0.0351998249095822,0.5610478711859066,0.0798683025113805,0.6646559971008782,0.0912320894221953,0.2890223287475909,0.0,0.5187953072783483,0.136970131387806,0.3508025660627259,0.0,0.2133535081101422,0.3159535085951671,0.4921334694180179,0.4238660434946361,0.0,0.2145841490040541,0.1654220729587733,0.3652992794318347,0.3071961979067492,0.4454218684275697,0.2837031057116823,0.0,0.1930611559821222,0.0,0.0,0.1731260041220887,0.5113501889191984,0.1064631217407942,0.3761188469498941,0.03478639615995,0.1689721755993155,0.382167384911843,0.3636640743418235,0.0,0.0,0.0201772171085932,0.1826702106975619,0.0118773845128828,0.2441971414478189,0.1707369540357222,0.0,0.0,0.0,0.0,0.0,0.3414426341955016,0.0,0.0,0.0,0.0140631461883871,0.0,0.1729901264057024,0.0,0.2803223872421903,0.0,0.0,0.1822006636887919,0.364815184164978,0.0,0.0,0.0,0.4463216225277168,0.0870343448846124,0.1604224588047652,0.0,0.2168470760234746,0.0,0.0,0.0,0.4771057356675346,0.1183895559956402,0.4782046595849313,0.0,0.2786353581972831
0.6876589412445508,0.0,0.1843259753758712,0.2285560405694698,0.4053691817600726,0.0,0.2977002111145103,0.0,0.2436839222932651,0.3254673634215631,0.4607265389315194,0.0,0.573128378305496,0.0393330432442758,0.2271915536034152,0.3888562322061761,0.4139312218669363,0.4724659123822823,0.580709982717068,0.2198521868150996,0.51124847693305,0.0347322178907877,0.0,0.0209048868017671,0.0,0.0,0.1731260041220887,0.0,0.4387054854606131,0.6169904526566837,0.5851557402178502,0.0,0.026208960176659,0.3845632684694373,0.2373605505670711,0.0,0.1288372501352327,0.2997528700685462,0.0,0.0978194331078705,0.4008109762078438,0.0941021368009692,0.1624518586519629,0.0,0.1164124878997205,0.0,0.0,0.2000174233273895,0.0,0.0,0.0,0.0,0.0,0.0,0.1031590098965791,0.0,0.1760671423268416,0.6409061683726343,0.0,0.0,0.0,0.0,0.0,0.0,0.1514916250646037,0.0828174302128099,0.0,0.0,0.0,0.0,0.0,0.0,0.8417633613534351,0.3655449458556906,0.0,0.5596474626549243
0.59849154776463,0.0,0.0,0.1691076286552023,0.5202125112248622,0.0552027112501282,0.2706177135171171,0.0,0.3118641590766451,0.0,0.0,0.0,0.3646366566474035,0.0,0.5344261748194459,0.4243669559820078,0.261838505533917,0.3882101737087404,0.0,0.4311173229924493,0.2842847549480231,0.2503856365554391,0.0,0.0,0.0,0.0,0.5113501889191984,0.4387054854606131,0.0,0.2974093985337552,0.5184682493104609,0.0,0.0,0.3294877007114863,0.1053916887034858,0.0219034604316082,0.0,0.0,0.0,0.0566319464112868,0.3269388490665314,0.1111808736716679,0.0,0.0,0.0,0.0,0.0,0.1380799163560357,0.0,0.0,0.0,0.0865888203727965,0.0,0.0,0.0,0.0,0.0,0.0,0.0,0.3509962097558231,0.0,0.0,0.0,0.0,0.2108548662358189,0.0716683927115851,0.1709603216010772,0.0,0.0,0.0,0.0,0.0561214522913295,0.22989242163374,0.6617415898603836,0.0827205374523666,0.5734404198017389
0.0,0.0,0.0,0.0,0.0,0.1330753721132563,0.0,0.0664710741627474,0.189479157656615,0.0,0.0,0.0,0.3397108157499328,0.0,0.0,0.1053432277418503,0.0,0.1671872538250427,0.0,0.2290470092176258,0.0,0.0,0.1728795306834152,0.0,0.0,0.0,0.1064631217407942,0.6169904526566837,0.2974093985337552,0.0,0.3367408603887771,0.0,0.0,0.1960642123597509,0.0853390410005461,0.0,0.0,0.0,0.0,0.0,0.0,0.0,0.0,0.0,0.0,0.0,0.0,0.0,0.0,0.0,0.0,0.0,0.0,0.0,0.0,0.0,0.0,0.0,0.0,0.0,0.0,0.0,0.0,0.0,0.0474178047181617,0.0,0.0,0.0511260620313205,0.0,0.0,0.0,0.0,0.0,0.1013763910620786,0.0,0.0
0.7317404827446343,0.0,0.2313955551422261,0.0,0.4280970544388003,0.0,0.1799805464412598,0.0,0.0,0.1192039874612162,0.0398957467365759,0.0,0.1727075441130088,0.124889990965486,0.4749898402206413,0.7748293307998837,0.2415557295545316,0.4730224276373741,0.0960865621626272,0.5080164532082184,0.3764331101564506,0.6533927724845787,0.0,0.0,0.0,0.0,0.3761188469498941,0.5851557402178502,0.5184682493104609,0.3367408603887771,0.0,0.0,0.4173531351092551,0.71449569432611,0.4292666892539121,0.0,0.0,0.2171158917859391,0.0,0.0182847381291832,0.3471294295563972,0.0,0.1310231807930205,0.0,0.0,0.0,0.0,0.0,0.0,0.0,0.0,0.0,0.0,0.0,0.0786208569910797,0.0,0.0,0.0,0.0,0.1260238483072909,0.0,0.0,0.4958658888702203,0.0,0.0,0.2386178583843513,0.0,0.0,0.0,0.0,0.0,0.0,0.318244696052132,0.4145417520273157,0.0,0.3837536209099935
0.0,0.49005146499175,0.0,0.0,0.0,0.0,0.0100261079599943,0.130367214817745,0.0,0.0830833503599494,0.0,0.0,0.0,0.2438390737811647,0.1472088332107876,0.0,0.1036764981016603,0.0,0.0,0.0261970083723016,0.0529772489533942,0.3129844731914561,0.0253989158890564,0.0,0.3742295903511197,0.2545052216827465,0.03478639615995,0.0,0.0,0.0,0.0,0.0,0.2396788668968988,0.0,0.0,0.0946781477677892,0.0,0.0,0.5462638122115726,0.2181219556313769,0.0794676530683113,0.1679457432429788,0.0,0.0,0.067263177469795,0.0,0.3666488098657863,0.0,0.0,0.0,0.0,0.0,0.0568650912223426,0.0,0.065037550128011,0.1996679044663853,0.0,0.0,0.0,0.3191785286219519,0.1118350381743074,0.0,0.0,0.0,0.1076241745788418,0.2868907447659263,0.3246164815509005,0.0626509502188172,0.0,0.123033906035646,0.1619993396903868,0.3056430564032783,0.0,0.0,0.0,0.0
0.2397911794199785,0.3401251293218482,0.0994842513596675,0.0,0.2257085255262767,0.0,0.1675208751749515,0.0,0.0,0.197491539299337,0.0,0.0,0.1355967573335806,0.0,0.2626491241933937,0.6204180682340469,0.277876138586646,0.4378828762970996,0.0,0.3927751236007339,0.262058106582879,0.6757763884103525,0.0,0.0,0.3926440059539171,0.2533312456682174,0.1689721755993155,0.026208960176659,0.0,0.0,0.4173531351092551,0.2396788668968988,0.0,0.4893599931638849,0.3408097747033443,0.0,0.0,0.0913727579590378,0.4252720373112685,0.3361896324419416,0.2861854845649245,0.2911879337160124,0.0,0.0,0.081033629865531,0.2784650006840546,0.0,0.0,0.0,0.0,0.0,0.0,0.0,0.0,0.0,0.0,0.0,0.0,0.0,0.0649305469203573,0.0,0.0,0.0886194759399809,0.0,0.0,0.1649485161767135,0.0,0.0,0.0,0.0,0.0,0.0,0.0,0.0,0.0,0.0
0.5604562632698973,0.0,0.3221836962102058,0.0,0.4547404324899988,0.0,0.097867490550154,0.0,0.0941445690362945,0.0570713022204791,0.0675701274478679,0.0,0.0721665810742371,0.1244583024447368,0.4311033759227988,0.7209682045538579,0.1541779928671998,0.3989948632832686,0.0420988295429732,0.5187320724277292,0.3265937546480081,0.7222093285247354,0.0,0.0,0.0779779386461169,0.0,0.382167384911843,0.3845632684694373,0.3294877007114863,0.1960642123597509,0.71449569432611,0.0,0.4893599931638849,0.0,0.4223238977513343,0.0,0.0,0.2224024360583013,0.0089720192947384,0.1936506357471634,0.4785016547310819,0.3507554340798786,0.0720082062793822,0.0082675661550254,0.0683576035826652,0.5940102757249567,0.0,0.0,0.0,0.0,0.0,0.0,0.0,0.0,0.0,0.0,0.0,0.2726703725163952,0.0,0.1561249719385871,0.0,0.0,0.3947843457157399,0.0,0.0,0.0980553302701251,0.0,0.0,0.0,0.0,0.0,0.0,0.1910759632689047,0.2306373342464506,0.0,0.1486233235536841
0.2557399659594138,0.0,0.194819193589933,0.0,0.1830120808592949,0.0,0.0,0.0,0.0092607282741555,0.0981119422663058,0.0,0.0,0.0,0.0,0.2424034583195002,0.4155846369870812,0.0,0.1374144922480511,0.0,0.4203488761180182,0.1196516839356033,0.4300830563600963,0.0813746301186535,0.0,0.0,0.0,0.3636640743418235,0.2373605505670711,0.1053916887034858,0.0853390410005461,0.4292666892539121,0.0,0.3408097747033443,0.4223238977513343,0.0,0.0,0.0,0.2384462371466886,0.0691608500063362,0.0,0.2120158394320499,0.1120615583200789,0.1744218345210518,0.0,0.0,0.0,0.0,0.0,0.0,0.0,0.0471657990463572,0.0,0.0,0.0,0.0,0.0,0.0099839202689958,0.1869065297530205,0.0,0.133311383749095,0.0,0.0,0.0,0.0,0.0,0.0,0.0,0.0112314673374391,0.0,0.0,0.0,0.0,0.0727123123257556,0.1020872457411845,0.0,0.0
0.0,0.0,0.0130419161094432,0.0297643179096878,0.149982086944682,0.197247401221368,0.1211217838338199,0.3288720643409466,0.040249825352957,0.0,0.1765377414485563,0.1719754239725867,0.2375796790053687,0.337000542419949,0.0870756086798049,0.0,0.0,0.0,0.0,0.0,0.0,0.0,0.1510665969148887,0.0789699998990381,0.0,0.1085081354415122,0.0,0.0,0.0219034604316082,0.0,0.0,0.0946781477677892,0.0,0.0,0.0,0.0,0.0645289949726549,0.0,0.0,0.0,0.0,0.0,0.0654298129778408,0.0479342255392494,0.0462934207901323,0.0,0.0,0.0,0.0,0.0,0.0,0.0,0.2146062647069616,0.0,0.0,0.0374816464041956,0.1912212787152907,0.0,0.0,0.0,0.0,0.0,0.0,0.0,0.0170728121980725,0.0,0.1190313393490239,0.1185405631290391,0.0,0.0,0.0,0.0162268661562005,0.0,0.0,0.0,0.0
0.0,0.0,0.0,0.2234473518647733,0.0,0.2509370063762363,0.0,0.19687773136347,0.1588584085861988,0.0597990538256722,0.1481993429035964,0.3170313725793972,0.043117084929296,0.0,0.0,0.0,0.0,0.0,0.2324628791461573,0.0,0.0,0.0,0.0,0.181201885153844,0.0,0.0,0.0,0.1288372501352327,0.0,0.0,0.0,0.0,0.0,0.0,0.0,0.0645289949726549,0.0,0.0226732108447791,0.0,0.0,0.0,0.0,0.2104241986175961,0.0,0.0,0.0,0.0,0.0,0.0,0.0,0.0,0.0,0.0,0.0,0.0,0.0,0.0,0.0,0.0,0.0,0.0,0.0,0.0,0.0,0.0,0.0,0.0,0.126762322699135,0.0,0.0,0.0,0.0,0.0,0.0,0.0,0.0
0.2239023502006724,0.0,0.0,0.0920619050737997,0.0263239554526573,0.0,0.1375496261923308,0.0,0.0,0.2443749756840384,0.107902643505874,0.1188324210665698,0.0,0.0,0.0,0.0,0.0,0.0,0.1611058048133544,0.0,0.0,0.0,0.0194402426537804,0.2654438896657387,0.0,0.0,0.0201772171085932,0.2997528700685462,0.0,0.0,0.2171158917859391,0.0,0.0913727579590378,0.2224024360583013,0.2384462371466886,0.0,0.0226732108447791,0.0,0.0,0.0,0.0932872155112814,0.0,0.0,0.0,0.2238722998092589,0.0,0.0,0.0,0.0,0.0,0.0,0.0,0.0,0.0,0.0,0.0,0.1833324011631446,0.0,0.0,0.0,0.0,0.0,0.0,0.0,0.0,0.0,0.0,0.0,0.2264839236789976,0.0,0.0,0.0,0.2956575893097519,0.0,0.0,0.0
0.0,0.4873482259064143,0.0,0.0,0.1023645856995068,0.0,0.0544588158979396,0.0,0.0,0.0587494921807645,0.0,0.0,0.0,0.2499688586804139,0.0812765053935043,0.1939804949338319,0.0,0.0584972279991223,0.0,0.0,0.1426091696149242,0.4106225744499454,0.0379913637321039,0.0,0.4060924690131336,0.2029988224349981,0.1826702106975619,0.0,0.0,0.0,0.0,0.5462638122115726,0.4252720373112685,0.0089720192947384,0.0691608500063362,0.0,0.0,0.0,0.0,0.0996577795765844,0.107240300786048,0.3081356614427553,0.0,0.0,0.0193128940637641,0.0382515396454775,0.156823029195488,0.0,0.0,0.0,0.0,0.0,0.0,0.0,0.0,0.2110711394447659,0.0,0.0,0.0784937475600574,0.1536088775282869,0.0,0.0,0.0,0.0036785942647488,0.0,0.2292329340896967,0.0,0.0,0.0,0.0731791568956014,0.0,0.0,0.0,0.0,0.0,0.0
0.1015299718603687,0.3381567116705493,0.0,0.0,0.0,0.0,0.0,0.0,0.0,0.2496159281665352,0.0,0.0465239128183397,0.3075640599270389,0.0,0.1705540825078238,0.1063318228061439,0.2528744371739249,0.2460282384286567,0.0,0.1562673002327018,0.2941151911530091,0.151827195269539,0.1293643815524169,0.1120857258064385,0.2615099556094566,0.4467468385675502,0.0118773845128828,0.0978194331078705,0.0566319464112868,0.0,0.0182847381291832,0.2181219556313769,0.3361896324419416,0.1936506357471634,0.0,0.0,0.0,0.0,0.0996577795765844,0.0,0.3421110930353636,0.219348290837912,0.0,0.1047284410854933,0.1954992904564472,0.1137820694138861,0.0333985244183446,0.1722059122144933,0.0,0.0340765241965354,0.0472650993482879,0.0,0.0274997094920447,0.0136647373486098,0.1716171138145626,0.0684239320367541,0.1062373320992133,0.0525460355574829,0.0,0.0758975838260377,0.1238925764716482,0.1543986994681694,0.1891537328521789,0.0989125357965945,0.174485036767762,0.0,0.1354977833588324,0.008794285361406,0.1447976640198863,0.0806864592075969,0.2807996116851508,0.0,0.1074936329208557,0.0,0.0403468680591373,0.0938693860425945
0.4299987829683346,0.1564623910425928,0.2474424002472069,0.0,0.0,0.0886402526514477,0.0680803285299761,0.0,0.1301030852767491,0.1700629375611233,0.0,0.0,0.3208848651447905,0.0,0.3484338652252751,0.3471011158889197,0.0,0.3512233569583086,0.0,0.3213674110079026,0.3390485658981632,0.292074483635304,0.1915072706018462,0.0,0.218074721137723,0.131427694663108,0.2441971414478189,0.4008109762078438,0.3269388490665314,0.0,0.3471294295563972,0.0794676530683113,0.2861854845649245,0.4785016547310819,0.2120158394320499,0.0,0.0,0.0932872155112814,0.107240300786048,0.3421110930353636,0.0,0.354301946851938,0.0,0.1696509698987498,0.1068696797589626,0.3268323584134836,0.0,0.2232969744891991,0.1382648685197573,0.0,0.0,0.0,0.0,0.0,0.1789114164334682,0.0,0.0,0.1372490454908006,0.0408339521689881,0.2025034397532238,0.2667543161044617,0.0600764142427415,0.4564654981113434,0.147904908302063,0.2128870705798708,0.0285287720555154,0.0587779121260005,0.0638839617513551,0.0,0.1373332779524856,0.0,0.0,0.3388746821618882,0.2143454927733844,0.1111790898164605,0.3990986298472269
0.0,0.1306601625983508,0.0,0.0,0.0,0.0,0.0,0.0,0.0,0.0,0.0,0.0,0.1297571151854364,0.0,0.2954883214092811,0.3434265009310002,0.0,0.2022191499139304,0.0,0.1575433956343141,0.195199999306481,0.4326908612921561,0.094842210503298,0.0,0.2093984411651089,0.0267606049060348,0.1707369540357222,0.0941021368009692,0.1111808736716679,0.0,0.0,0.1679457432429788,0.2911879337160124,0.3507554340798786,0.1120615583200789,0.0,0.0,0.0,0.3081356614427553,0.219348290837912,0.354301946851938,0.0,0.0,0.0,0.0,0.2574710588106769,0.0,0.0,0.0,0.0,0.0,0.0,0.0,0.0,0.0,0.0,0.0,0.0,0.0,0.1592717726094827,0.0866579117157095,0.0,0.2347129264056796,0.0806560445517112,0.0,0.0,0.0,0.0,0.0,0.0,0.0,0.0,0.0,0.0135775111483943,0.0,0.0782411579925711
0.0,0.0,0.0,0.0,0.0,0.0,0.0963766288763673,0.0741437280518615,0.0,0.0,0.1012839107974067,0.1208346222787191,0.0,0.2222128484657447,0.0,0.0,0.0,0.0,0.0923442115330339,0.0,0.0,0.0255518369352434,0.0291480575495638,0.0,0.0,0.0,0.0,0.1624518586519629,0.0,0.0,0.1310231807930205,0.0,0.0,0.0720082062793822,0.1744218345210518,0.0654298129778408,0.2104241986175961,0.0,0.0,0.0,0.0,0.0,0.0,0.2080725843107888,0.1935257949509478,0.0,0.0,0.0,0.1322435319324368,0.0716503823218426,0.1451546681057346,0.0,0.1725584823898934,0.0,0.0,0.1993237666721707,0.1884480229708889,0.2974578652366794,0.357105276015914,0.0,0.0,0.0,0.0,0.0,0.0,0.2073883669735683,0.0,0.051054227851007,0.0763992086052817,0.0,0.0,0.0,0.1378507285060556,0.0,0.0,0.0
0.0,0.0,0.0,0.0,0.0,0.0,0.0,0.0,0.0,0.0,0.0,0.0,0.0,0.0,0.0,0.0,0.0,0.0,0.0,0.0,0.0,0.0,0.0,0.0,0.0,0.0,0.0,0.0,0.0,0.0,0.0,0.0,0.0,0.0082675661550254,0.0,0.0479342255392494,0.0,0.0,0.0,0.1047284410854933,0.1696509698987498,0.0,0.2080725843107888,0.0,0.1246965305360803,0.0,0.0,0.2066021974890802,0.2911936888143681,0.1270011716350898,0.2834389896506812,0.2426524145706928,0.0988311729849422,0.0561625417075244,0.0466344654635023,0.0,0.2416493676134749,0.3996214039769363,0.0,0.0,0.0,0.0,0.0,0.0635527830975215,0.0,0.0,0.0,0.0757788676061376,0.0,0.0,0.0,0.0,0.3044066243553612,0.0,0.0,0.0572703451640039
0.0,0.0,0.0,0.0,0.0,0.0,0.0,0.0,0.0,0.1941166755596442,0.0,0.0,0.0301689690917747,0.0,0.0,0.0,0.0,0.0,0.0,0.0,0.0,0.0,0.0,0.1684347336595633,0.0,0.0606862749101237,0.0,0.1164124878997205,0.0,0.0,0.0,0.067263177469795,0.081033629865531,0.0683576035826652,0.0,0.0462934207901323,0.0,0.2238722998092589,0.0193128940637641,0.1954992904564472,0.1068696797589626,0.0,0.1935257949509478,0.1246965305360803,0.0,0.1463568478503176,0.0,0.0,0.0,0.1610626611100347,0.0660380819802506,0.0,0.0,0.0364728962118279,0.0255211268752643,0.2643903271370363,0.0807761913767562,0.1636926641423177,0.0,0.0,0.0,0.0774242109275778,0.1048073217731399,0.0615090716524396,0.0,0.0,0.0,0.0131285039084948,0.2063161660848575,0.0,0.0953411346449538,0.0486578987215805,0.2488206759143104,0.0,0.0,0.0874635010773947
0.8003054948703137,0.0,0.0,0.0,0.0,0.0,0.0,0.0,0.0,0.1394756591525036,0.0,0.0,0.0,0.0,0.0,0.7210139477439468,0.0,0.4816706624207308,0.0,0.0,0.5328277581612454,0.5596639146160372,0.0,0.0,0.0,0.0,0.0,0.0,0.0,0.0,0.0,0.0,0.2784650006840546,0.5940102757249567,0.0,0.0,0.0,0.0,0.0382515396454775,0.1137820694138861,0.3268323584134836,0.2574710588106769,0.0,0.0,0.1463568478503176,0.0,0.0,0.0,0.0,0.0,0.0,0.0,0.0,0.0,0.0,0.0,0.0,0.3541165081743229,0.0,0.2129041221705007,0.0312788681898418,0.0,0.6052895811397289,0.0,0.0370261616009235,0.3243306258648,0.0,0.0,0.0,0.0,0.0,0.0,0.436357354853018,0.5463615962129805,0.0,0.4426001465091875
0.0,0.5249439228747874,0.0,0.0,0.0,0.2546895118620018,0.0,0.0,0.0,0.0,0.0,0.0,0.0,0.0,0.0,0.0,0.0,0.0,0.0,0.0,0.0,0.0,0.1740570855607313,0.0,0.5001894992636596,0.3536473956539894,0.0,0.0,0.0,0.0,0.0,0.3666488098657863,0.0,0.0,0.0,0.0,0.0,0.0,0.156823029195488,0.0333985244183446,0.0,0.0,0.0,0.0,0.0,0.0,0.0,0.0,0.0,0.0,0.4860567169470799,0.220028630805772,0.4350521767849809,0.2433088164320512,0.1390457073055773,0.0,0.0,0.0,0.0,0.0,0.1877538565567784,0.2435594947826022,0.0,0.0,0.0890533089288435,0.1283281778147559,0.3702565080784264,0.4227556910479335,0.0,0.6705836366617364,0.6434802761661811,0.4685440137637371,0.0,0.0,0.0,0.0
0.0,0.0,0.6766567093786856,0.0,0.1818511218207012,0.6596827614300081,0.0,0.0537702292278259,0.6116200435288779,0.0,0.372016907669118,0.0,0.2891833398567247,0.0,0.0,0.0,0.0,0.0,0.6181935598226325,0.0,0.0,0.0,0.4105811577137574,0.0,0.0,0.0,0.3414426341955016,0.2000174233273895,0.1380799163560357,0.0,0.0,0.0,0.0,0.0,0.0,0.0,0.0,0.0,0.0,0.1722059122144933,0.2232969744891991,0.0,0.0,0.2066021974890802,0.0,0.0,0.0,0.0,0.0714707745153852,0.2934806916016717,0.4817730921355182,0.3559996903605927,0.0985872055590985,0.4833094669892665,0.2812790236775523,0.1409103490949071,0.1213135207204998,0.2962737619842635,0.0,0.0,0.0,0.0,0.0,0.6892868398844302,0.0,0.0,0.0,0.4126792964017053,0.0,0.319354344782803,0.2720150197967403,0.3467693182103521,0.340300616386689,0.2585402784434097,0.3476882614551244,0.2055780124907299
0.0,0.0,0.0,0.0,0.0,0.0,0.0,0.0,0.0,0.0,0.0,0.0,0.0,0.0,0.0,0.0,0.0,0.0,0.0,0.0,0.0,0.0,0.0,0.0,0.0,0.0,0.0,0.0,0.0,0.0,0.0,0.0,0.0,0.0,0.0,0.0,0.0,0.0,0.0,0.0,0.1382648685197573,0.0,0.1322435319324368,0.2911936888143681,0.0,0.0,0.0,0.0714707745153852,0.0,0.3968559578297635,0.274409162687538,0.5349063435194472,0.0,0.0,0.0,0.0461142966079725,0.0,0.6319997281797612,0.134864039971653,0.0,0.0,0.0,0.0,0.0494356093549151,0.0,0.0,0.0,0.0466487342974025,0.0,0.0,0.0,0.0,0.4573040162558073,0.0,0.0,0.0
0.0,0.0,0.0,0.0,0.0704251791711763,0.1843692495432787,0.0,0.122325450010029,0.3839329096170765,0.0,0.3369360159190914,0.0,0.0,0.0,0.0,0.0,0.0,0.0,0.455064651266634,0.0,0.0,0.0,0.0234960862854899,0.0,0.0,0.0,0.0,0.0,0.0,0.0,0.0,0.0,0.0,0.0,0.0,0.0,0.0,0.0,0.0,0.0340765241965354,0.0,0.0,0.0716503823218426,0.1270011716350898,0.1610626611100347,0.0,0.0,0.2934806916016717,0.3968559578297635,0.0,0.250096166526749,0.667027065026202,0.2767960762925215,0.4885905783138886,0.0,0.4180982281158556,0.2035357030200625,0.3222352083576286,0.1479202411960795,0.0,0.0,0.0,0.0,0.216690709214282,0.0,0.0,0.0,0.2105282917157522,0.0,0.0,0.0,0.4200515771076107,0.4034552664813024,0.0,0.0,0.3200104397238253
0.0,0.0,0.359278783721942,0.0,0.0,0.5335508441027107,0.0,0.2754091874482434,0.2458193809884263,0.0,0.2270716285969269,0.0,0.0,0.0,0.0,0.0,0.0,0.0,0.3433474347941049,0.0,0.0,0.0,0.4478057930179627,0.0,0.0,0.2400499273224662,0.0,0.0,0.0,0.0,0.0,0.0,0.0,0.0,0.0471657990463572,0.0,0.0,0.0,0.0,0.0472650993482879,0.0,0.0,0.1451546681057346,0.2834389896506812,0.0660380819802506,0.0,0.4860567169470799,0.4817730921355182,0.274409162687538,0.250096166526749,0.0,0.4267968786553832,0.4967433263441669,0.4316646344280859,0.1192129602961871,0.1229001369388245,0.459524144357636,0.5647028564659645,0.0,0.0,0.0,0.2868691584423212,0.0,0.3448184234911343,0.0,0.0417687128285295,0.0,0.6220617596825764,0.0,0.3839541175817714,0.5579656489364407,0.2037585314047424,0.1849963546408207,0.0,0.2040259335182677,0.0
