0.0,0.0,0.0,0.0,0.0,0.0,0.0,0.0,0.0,0.1538194327842278,0.0,0.0,0.3935035205264343,0.0,0.4227502432185077,0.6618328657350359,0.3191659427317327,0.5443745723859545,0.0,0.5582370161601229,0.4827077485128251,0.4035194317990954,0.1200140192630978,0.0,0.1445597398142661,0.0,0.3974305120083567,0.6676935194359358,0.6028016109756252,0.0,0.734032929778716,0.0,0.2499334959443747,0.5630102807367343,0.2276251413521706,0.0,0.0,0.2117578804382912,0.0,0.1016261360776579,0.4058519266349345,0.0,0.0,0.0,0.0,0.7914056394767676,0.0,0.0,0.0,0.0,0.0,0.0,0.0,0.0,0.0502814702896706,0.0,0.0,0.0,0.0,0.0,0.255808841210362,0.0,0.6147914971719697,0.0,0.0,0.1875064271889271,0.0,0.0,0.0,0.0,0.0,0.0,0.0,0.0,0.0,0.499618757056964
0.0,0.0,0.0,0.0,0.0817518101598781,0.3736944638553901,0.2409985337361973,0.3502615756831865,0.0,0.0,0.0,0.0,0.4421208232874057,0.0,0.0609185261605931,0.1123605066663608,0.4431013483839041,0.3194940125743984,0.0,0.0,0.2012463613719086,0.1468309904855399,0.2054586102642347,0.0,0.7367040792307702,0.6234148127989293,0.0355225653331355,0.0,0.0,0.0,0.0,0.5013645525273769,0.3377909191582888,0.0,0.0,0.0,0.0,0.0,0.4857330645934254,0.3203910291518136,0.1442993835699102,0.1257304553039402,0.0,0.0,0.0,0.0,0.5206918699462055,0.0,0.0,0.0,0.0,0.0,0.0,0.0,0.0,0.0,0.0,0.0,0.0,0.0470178551615024,0.1753667651509497,0.0,0.0,0.0,0.0,0.1387116015609877,0.1787981893639558,0.1659904920431625,0.0,0.4350761499686522,0.3524371988483597,0.1175692146968626,0.0,0.0,0.0,0.0
0.0,0.0,0.0,0.0,0.562527737120608,0.3870255697285772,0.1570144069708604,0.0497539894414306,0.4877390240095757,0.0,0.401498699949205,0.0766317205656078,0.2992744873674614,0.2021503201036481,0.0,0.0,0.0,0.0,0.4161046194825267,0.0,0.0,0.0,0.6223258500721914,0.0,0.0,0.0,0.5724629112925176,0.1930782008062016,0.0,0.0,0.2342499614423337,0.0,0.0913526182221459,0.3190221104826993,0.1857187415930471,0.028056201007502,0.0,0.0,0.0,0.0,0.2314649878911005,0.0,0.0,0.0,0.0,0.0,0.0,0.6772805818505128,0.0,0.0,0.3597231729438668,0.074270062995374,0.0328691605756815,0.2785583942979773,0.0,0.1370896308664018,0.0,0.2676628740130206,0.0,0.0,0.0,0.0,0.0,0.6301988907532124,0.0,0.0,0.0,0.4235854275772377,0.0,0.0,0.0,0.0,0.1263493020567524,0.0,0.0,0.0
0.0,0.0,0.0,0.0,0.296687166047214,0.0877802531210272,0.5394146964689744,0.0,0.2462765060667889,0.0769771076050707,0.22759232830786,0.0703016128832568,0.2794980729510348,0.0,0.0,0.0,0.0,0.0,0.2648672364525887,0.0,0.0,0.0,0.0,0.0,0.0,0.0,0.0749006820278802,0.2211966993460814,0.1732950741583276,0.0,0.0,0.0,0.0,0.0,0.0,0.0205448779150731,0.2174085605002818,0.0985974380070261,0.0,0.0,0.0,0.0,0.0,0.0,0.0,0.0,0.0,0.0,0.0,0.0,0.0,0.0,0.0,0.0,0.0,0.0,0.0,0.0,0.0,0.0,0.0,0.0,0.0,0.0,0.0,0.0,0.0,0.0,0.0,0.0,0.0,0.0,0.0,0.0,0.0,0.0
0.0,0.0817518101598781,0.562527737120608,0.296687166047214,0.0,0.0,0.630539026145793,0.0,0.442773138476114,0.0279444303383978,0.5336280842370504,0.0,0.5374461676862068,0.4972345708870317,0.0,0.4660044895902011,0.0,0.0,0.2332332949380045,0.3010450107419441,0.0,0.3661948362346114,0.2220456815693108,0.0,0.0329017984529731,0.0,0.6702828893599729,0.4017294924741597,0.5258971418535556,0.0,0.4232222111328008,0.0,0.2203150688501825,0.4410277578247167,0.175037112810784,0.1616585354039875,0.0,0.0274386593441457,0.0893830713893251,0.0,0.0,0.0,0.0,0.0,0.0,0.0,0.0,0.1932880173513034,0.0,0.0711174201411471,0.0,0.0,0.0,0.0465534888135239,0.0,0.2365231500300136,0.0,0.0,0.0,0.0,0.0,0.0,0.0,0.3580691612798359,0.0,0.0,0.0,0.0448185219235157,0.0,0.0,0.0,0.0,0.0,0.0,0.0,0.0
0.0,0.3736944638553901,0.3870255697285772,0.0877802531210272,0.0,0.0,0.0709965551959595,0.5036731844349112,0.4119885820932619,0.2977029672027937,0.2255341243380673,0.4944129212458054,0.5094763134451672,0.0,0.0,0.0,0.2669909761962133,0.2132107923795017,0.2898846909914276,0.0,0.1152671741741087,0.0,0.4774504572631199,0.0,0.1704954876107146,0.5299084981827062,0.1077519006247761,0.0,0.0720324789552233,0.1430999320281306,0.0,0.0,0.0,0.0,0.0,0.2158182277677045,0.252774011296153,0.0,0.0,0.0,0.0827927658724876,0.0,0.0,0.0,0.0,0.0,0.2558626518528021,0.6629581906667292,0.0,0.1973224873030595,0.5324024589509904,0.1883042218263065,0.4187715224052524,0.3779946889133347,0.0,0.0,0.0,0.2201983352155684,0.0,0.0,0.0,0.0,0.0,0.3426609764193155,0.2467532188191527,0.0,0.228875662432313,0.4819302156167523,0.0,0.0,0.431002635462726,0.3072564393050775,0.1380455168502432,0.0,0.2142723723854709,0.0
0.0,0.2409985337361973,0.1570144069708604,0.5394146964689744,0.630539026145793,0.0709965551959595,0.0,0.0423794150903879,0.2334237325872929,0.223508519129952,0.5089442705298169,0.0,0.5849253980066055,0.2484598098473332,0.0,0.2043681796817781,0.2252296265565244,0.2604017317111959,0.1076176534546913,0.0,0.0,0.017541470850294,0.011547911243252,0.0499560390816355,0.0901261076522804,0.0,0.2926374630522779,0.2912744870813557,0.2740377034771766,0.0,0.1713727465706124,0.0109925061893532,0.1659270695156978,0.0949671660871198,0.0,0.1270372342081018,0.0,0.1253394843593393,0.0466555956234987,0.0,0.0590298963021344,0.0,0.0870068576407752,0.0,0.0,0.0,0.0,0.0,0.0,0.0,0.0,0.0,0.0,0.0159142974718553,0.0,0.3777625793464595,0.0,0.0,0.0,0.0,0.0,0.0,0.0,0.119411049445992,0.0,0.0,0.0,0.0,0.0,0.0,0.0,0.0,0.0,0.0,0.0,0.0
0.0,0.3502615756831865,0.0497539894414306,0.0,0.0,0.5036731844349112,0.0423794150903879,0.0,0.088889698642058,0.1229912684692074,0.1136675834206125,0.6412703078211534,0.2013590502887149,0.2208773379091965,0.0,0.0,0.0,0.0,0.0,0.0,0.1896858692661821,0.0,0.5742729514426321,0.5860064996750344,0.0,0.478117182114083,0.0,0.0,0.0,0.0763004457937514,0.0,0.1453767544356448,0.0,0.0,0.0,0.3268842204541792,0.1795051521068367,0.0,0.0,0.0,0.0,0.0,0.0767079062750241,0.0,0.0,0.0,0.0,0.0371110093343907,0.0,0.1189335828345712,0.2674418370886103,0.0,0.8181024065082371,0.2146117207678336,0.0,0.2405710468582445,0.0,0.032591648365007,0.1747739223629645,0.0,0.0,0.0,0.0,0.0,0.0,0.1691589918846394,0.0,0.5637449658074535,0.0,0.0,0.0,0.1217885758020067,0.0,0.0,0.0,0.0
0.0,0.0,0.4877390240095757,0.2462765060667889,0.442773138476114,0.4119885820932619,0.2334237325872929,0.088889698642058,0.0,0.1268573774071302,0.5352093019183761,0.2063343655430675,0.344736059138908,0.1317462773751298,0.0,0.0,0.0,0.0885120528545806,0.4875303533283595,0.2516496755717261,0.0,0.0,0.2942724631690587,0.1605002016382484,0.0,0.0,0.5237707510160253,0.2320713863066208,0.3099837694418121,0.1892204445928483,0.0,0.0,0.0,0.0904322310094209,0.0083739347159236,0.0590113912586374,0.1594680539426325,0.0,0.0,0.0,0.1157443588365704,0.0,0.0,0.0,0.0,0.0,0.0,0.6180412230944923,0.0,0.4047938307758636,0.2532548658497465,0.3699507044867217,0.2241175508936975,0.7321039236683302,0.0,0.3739719298851865,0.0,0.1694730144070251,0.1085204043310698,0.0,0.0,0.0,0.0,0.4853532141998475,0.0,0.0,0.0,0.393588172124263,0.0,0.0,0.0,0.5466519172140499,0.3815422477339832,0.0,0.0,0.0
0.1538194327842278,0.0,0.0,0.0769771076050707,0.0279444303383978,0.2977029672027937,0.223508519129952,0.1229912684692074,0.1268573774071302,0.0,0.2237917770304811,0.230248891598346,0.4469220419725063,0.0,0.0,0.169753439031652,0.3491499148476371,0.381825295167547,0.1316873105353644,0.0,0.0,0.0,0.1080726243277497,0.3218768462922473,0.3378504875123301,0.3404644252476386,0.1255741648762592,0.3187981618195198,0.0,0.0,0.1180281604387817,0.089062440606422,0.1911550582033179,0.0493364487841491,0.0977221238018541,0.0,0.0586992648816581,0.2288548308756383,0.0572747325089759,0.2441489172903213,0.1719570439478737,0.0,0.0,0.0,0.1900599199169822,0.1435408105373143,0.0,0.0,0.0,0.0,0.0,0.0,0.0,0.0,0.4220164199418982,0.0,0.3167013888560492,0.3609485339901573,0.0,0.0,0.0,0.252401347711861,0.1759861564919647,0.0,0.0,0.0,0.0,0.0,0.2396999352826886,0.161941228750445,0.1719338147783613,0.0,0.4334756579420751,0.0,0.0,0.2133881435580832
0.0,0.0,0.401498699949205,0.22759232830786,0.5336280842370504,0.2255341243380673,0.5089442705298169,0.1136675834206125,0.5352093019183761,0.2237917770304811,0.0,0.0207365471649396,0.5070568158361319,0.2203837578577827,0.0,0.0,0.2450067391568158,0.0,0.5730434837215781,0.0,0.0,0.0,0.2411706677555735,0.0802549204033323,0.0,0.0294857170563479,0.3579726846971974,0.4565508852568484,0.0,0.0,0.0391340333238105,0.0,0.0,0.0654772962847623,0.0,0.1953526514420151,0.1555671113872411,0.09861851544001,0.0,0.0,0.0,0.0,0.0967872680306944,0.0,0.0,0.0,0.0,0.3661683662021524,0.0,0.3548697939880357,0.225850847018984,0.2353188165887781,0.1632999478127927,0.3792206609348704,0.0,0.5625842809809972,0.0,0.4327716518114881,0.2725205681675181,0.0,0.0,0.0,0.0,0.4273261129941329,0.0,0.0,0.0,0.2312597295690817,0.0,0.0,0.0,0.2205764918418098,0.5496461760173366,0.0,0.0,0.0
0.0,0.0,0.0766317205656078,0.0703016128832568,0.0,0.4944129212458054,0.0,0.6412703078211534,0.2063343655430675,0.230248891598346,0.0207365471649396,0.0,0.0577573827645904,0.0,0.0,0.0,0.0,0.0,0.06660087632554,0.0,0.0,0.0,0.4072917743422998,0.7426613834624546,0.0,0.4214898838026397,0.0,0.0,0.0,0.0,0.0,0.0,0.0,0.0,0.0,0.1688969644086715,0.3137149034024099,0.1092410985919737,0.0,0.0430330828639897,0.0,0.0,0.1172748268689542,0.0,0.0,0.0,0.0,0.0,0.0,0.0,0.0,0.0,0.0,0.0,0.1207774996431263,0.0,0.7103713201773155,0.2470330017991956,0.0,0.0,0.0,0.0,0.0,0.0,0.0,0.0,0.0,0.0,0.670469005339494,0.0796933082509585,0.503034716913886,0.0,0.0228145214613248,0.0,0.0,0.0
0.3935035205264343,0.4421208232874057,0.2992744873674614,0.2794980729510348,0.5374461676862068,0.5094763134451672,0.5849253980066055,0.2013590502887149,0.344736059138908,0.4469220419725063,0.5070568158361319,0.0577573827645904,0.0,0.1672111102374831,0.2434709886287252,0.2746567302635476,0.617360771560832,0.5061444482026488,0.263481588736257,0.0661848311389187,0.4844053133767814,0.0,0.2201337225975609,0.1130301724261412,0.166015478439154,0.3245622532775497,0.2176145872257827,0.5679071261961255,0.3630820218895068,0.3613676417782709,0.1722569338052565,0.0,0.1354132749375844,0.0715177299229505,0.0,0.2608676510127123,0.043084720088692,0.0,0.0,0.3038402896185156,0.2945846649932316,0.1229692288072977,0.0,0.0,0.0307447815120785,0.0,0.0,0.3018128364149035,0.0,0.0,0.0,0.0491781881505686,0.018998660916571,0.0,0.0,0.1390817442395924,0.1994717603866791,0.0,0.0,0.0,0.0,0.0,0.0,0.0,0.0,0.0,0.0,0.0400618171008787,0.0,0.1182650084078795,0.002170825822311,0.0,0.0,0.0,0.0,0.0
0.0,0.0,0.2021503201036481,0.0,0.4972345708870317,0.0,0.2484598098473332,0.2208773379091965,0.1317462773751298,0.0,0.2203837578577827,0.0,0.1672111102374831,0.0,0.0,0.0,0.0,0.0,0.0,0.0,0.3602534416132248,0.0,0.2742436499767813,0.0,0.0,0.0,0.3189096834349775,0.0287959730521863,0.0,0.0,0.1169477993876879,0.2384400102049265,0.0,0.1129208534856803,0.0,0.3382071417312252,0.0,0.0,0.242128058434138,0.0,0.0,0.0,0.2230979124159595,0.0,0.0,0.0,0.0,0.0,0.0,0.0,0.0,0.0,0.0,0.0,0.0,0.3166690225830728,0.0,0.0,0.0,0.0,0.0,0.0,0.0,0.0,0.0,0.0,0.0,0.186399984877706,0.0,0.0,0.0,0.0,0.0,0.0,0.0,0.0
0.4227502432185077,0.0609185261605931,0.0,0.0,0.0,0.0,0.0,0.0,0.0,0.0,0.0,0.0,0.2434709886287252,0.0,0.0,0.3383883203686049,0.0,0.1392983677118443,0.0,0.5805079066579858,0.3999182762862032,0.5557091739416657,0.0748558437969587,0.0,0.1001700996618352,0.0,0.4929649429268032,0.221838778500787,0.5310760479207441,0.0,0.4636394345518279,0.1535248675390483,0.2605169969078268,0.4202881701654156,0.2184889873852314,0.0975881309129617,0.0,0.0,0.0847385781350178,0.1529341080640573,0.3006487461516356,0.264380133223613,0.0,0.0,0.0,0.0,0.0,0.0,0.0,0.0,0.0,0.0,0.0,0.0,0.0,0.0,0.0,0.0,0.0,0.6697862455153241,0.1860598116668322,0.0,0.0,0.0,0.165463130567954,0.2635562570054609,0.0501659190071777,0.0,0.0,0.0507515609911934,0.0,0.1663893874493296,0.0638748179129379,0.3806769411529713,0.0,0.3499544438580307
0.6618328657350359,0.1123605066663608,0.0,0.0,0.4660044895902011,0.0,0.2043681796817781,0.0,0.0,0.169753439031652,0.0,0.0,0.2746567302635476,0.0,0.3383883203686049,0.0,0.4261936736379131,0.7300807964969884,0.0,0.451223805941334,0.3590832417058619,0.7667630668469568,0.0,0.0,0.3773542436454643,0.0,0.4072177580475365,0.3754766851127437,0.3986059194945244,0.0942441406144082,0.7621569930792608,0.0,0.6275692944059984,0.671502718204036,0.3635955620764666,0.0,0.0,0.0,0.1943847628385022,0.1106327966426751,0.3257672039570738,0.3351254159757654,0.0,0.0,0.0,0.6990341678708524,0.0,0.0,0.0,0.0,0.0,0.0,0.0,0.0,0.0,0.0,0.0,0.0,0.0,0.0823887861666191,0.0,0.0,0.5328007066126876,0.0,0.0,0.1163926449636267,0.0,0.0,0.0,0.0,0.0,0.0,0.0,0.2690596867284415,0.0,0.1395647256725386
0.3191659427317327,0.4431013483839041,0.0,0.0,0.0,0.2669909761962133,0.2252296265565244,0.0,0.0,0.3491499148476371,0.2450067391568158,0.0,0.617360771560832,0.0,0.0,0.4261936736379131,0.0,0.7357404525142287,0.0,0.0,0.0,0.0672768823744533,0.0,0.0,0.364608367841758,0.3967311391339997,0.0,0.4028963235106674,0.2358221521201992,0.0,0.2314651845017254,0.1101841567504847,0.2760502380137725,0.1478931662788563,0.0,0.0,0.0,0.0,0.0,0.2399922171468618,0.0,0.0,0.0,0.0,0.0,0.0,0.0,0.0,0.0,0.0,0.0,0.0,0.0,0.0,0.1520633140145885,0.0,0.0,0.0,0.0,0.0,0.0,0.5222547447174164,0.435863765716898,0.0,0.0,0.0,0.0,0.0,0.0,0.0,0.0,0.0,0.0,0.0,0.0,0.0
0.5443745723859545,0.3194940125743984,0.0,0.0,0.0,0.2132107923795017,0.2604017317111959,0.0,0.0885120528545806,0.381825295167547,0.0,0.0,0.5061444482026488,0.0,0.1392983677118443,0.7300807964969884,0.7357404525142287,0.0,0.0,0.1838919931068596,0.2528145143154227,0.2966322069933602,0.0,0.0,0.4780387191493666,0.2220132877600256,0.1937948168009811,0.4580697883316337,0.3580644359819682,0.1585484463837254,0.4642992256363631,0.0,0.434226533654757,0.3766370727769498,0.1236001180470679,0.0,0.0,0.0,0.0540169529105575,0.2367581802313815,0.337200775372974,0.1977661808152134,0.0,0.0,0.0,0.4550396534718023,0.0,0.0,0.0,0.0,0.0,0.0,0.0,0.0,0.1512981086422349,0.0,0.0,0.0,0.0,0.0,0.2444690358453652,0.4480226759889598,0.6603747046091469,0.0,0.0,0.0,0.0,0.0,0.0,0.0838120976502084,0.0,0.0,0.0,0.0,0.0,0.2610949779763797
0.0,0.0,0.4161046194825267,0.2648672364525887,0.2332332949380045,0.2898846909914276,0.1076176534546913,0.0,0.4875303533283595,0.1316873105353644,0.5730434837215781,0.06660087632554,0.263481588736257,0.0,0.0,0.0,0.0,0.0,0.0,0.0,0.0,0.0,0.1599591856681644,0.0,0.0,0.0,0.1806609361262932,0.5702423356967664,0.0,0.0,0.0971875383051389,0.0,0.0,0.0421907883723005,0.0,0.0,0.2433586693781976,0.1516766556871515,0.0,0.0,0.0,0.0,0.087705086526589,0.0,0.0,0.0,0.0,0.6245682756103047,0.0,0.4795062528350053,0.3432130570526961,0.4528957010975701,0.0,0.3556601366950925,0.0,0.1032513525927854,0.0,0.5768746309144229,0.0482540412958679,0.0,0.0,0.0,0.0,0.5627736610115343,0.0,0.0,0.0,0.1477121914498423,0.0,0.0,0.0,0.115590544653262,0.0,0.0,0.0,0.0
0.5582370161601229,0.0,0.0,0.0,0.3010450107419441,0.0,0.0,0.0,0.2516496755717261,0.0,0.0,0.0,0.0661848311389187,0.0,0.5805079066579858,0.451223805941334,0.0,0.1838919931068596,0.0,0.0,0.2733697541410534,0.6868055739560119,0.1821621537955119,0.0,0.079611560968152,0.0,0.3777948322189992,0.2102016446205668,0.4285352513276314,0.2283383029117982,0.4943688945956059,0.0344175979038051,0.3772674461598438,0.4735141335367506,0.3378940824786923,0.0,0.0,0.0,0.0,0.132026201664749,0.2778479464251138,0.1459316242487336,0.0,0.0,0.0,0.0,0.0,0.0,0.0,0.0,0.0,0.0,0.0,0.0,0.0,0.0,0.0,0.0,0.0,0.3795792957833054,0.1168763092381333,0.0,0.0,0.0,0.4147816184133549,0.1037101052419998,0.1175182414892376,0.0891400325965169,0.0,0.0,0.0,0.0,0.0317054405585632,0.2933389341861231,0.0,0.1416430745552642
0.4827077485128251,0.2012463613719086,0.0,0.0,0.0,0.1152671741741087,0.0,0.1896858692661821,0.0,0.0,0.0,0.0,0.4844053133767814,0.3602534416132248,0.3999182762862032,0.3590832417058619,0.0,0.2528145143154227,0.0,0.2733697541410534,0.0,0.2424147664186386,0.3645334770212695,0.1460706515512146,0.0,0.0525507166859834,0.3012005389247968,0.4955686734114717,0.2972998288032381,0.0,0.3838067008242611,0.0703260621719647,0.2733193163383326,0.3266785140312492,0.111931336211572,0.0,0.0,0.0,0.1552308322535775,0.2913148457794295,0.30037690683446,0.1842543480120724,0.0,0.0,0.0,0.5174738403980449,0.0,0.0,0.0,0.0,0.0,0.0,0.004566956308469,0.0,0.0,0.0,0.0,0.3270713600933738,0.0,0.1226943341793927,0.0,0.0,0.0,0.0,0.0,0.533272790315414,0.0,0.1481683132028212,0.0,0.0,0.0,0.0,0.3665310351384245,0.1184482879478772,0.0,0.1738704931805346
0.4035194317990954,0.1468309904855399,0.0,0.0,0.3661948362346114,0.0,0.017541470850294,0.0,0.0,0.0,0.0,0.0,0.0,0.0,0.5557091739416657,0.7667630668469568,0.0672768823744533,0.2966322069933602,0.0,0.6868055739560119,0.2424147664186386,0.0,0.0,0.0,0.3778334179481709,0.0,0.4448593444192329,0.0264526577410304,0.2523886268910169,0.0,0.6442556010165275,0.321752803203383,0.6724394685218859,0.6653022171103765,0.3543440453067137,0.0,0.0,0.0,0.4067056470367954,0.1419229071086279,0.2583667247235459,0.4006413226927665,0.0220744461383746,0.0,0.0,0.5335799337250022,0.0,0.0,0.0,0.0,0.0,0.0,0.0,0.0,0.0,0.0,0.0,0.0,0.0,0.3906251689585031,0.0,0.0,0.2220332429414186,0.0,0.0,0.2517969511098585,0.0,0.0,0.0,0.0,0.0,0.0,0.0,0.2302468874100636,0.0,0.0581132720547581
0.1200140192630978,0.2054586102642347,0.6223258500721914,0.0,0.2220456815693108,0.4774504572631199,0.011547911243252,0.5742729514426321,0.2942724631690587,0.1080726243277497,0.2411706677555735,0.4072917743422998,0.2201337225975609,0.2742436499767813,0.0748558437969587,0.0,0.0,0.0,0.1599591856681644,0.1821621537955119,0.3645334770212695,0.0,0.0,0.3209305674653853,0.0712036421859325,0.2831678793430152,0.288709815057756,0.0,0.0,0.1805472986907399,0.0,0.0301614406353126,0.0,0.0,0.0748184009629207,0.1605629106169601,0.0,0.0159514138226607,0.0458527589937846,0.1300119753235364,0.1765284232978659,0.0930210905079558,0.032822397947644,0.0,0.0,0.0,0.1785609961093366,0.4148842288778749,0.0,0.038937768268137,0.4516208277816799,0.0885733665431728,0.5597099048915385,0.1824070704264423,0.0,0.1246012858655382,0.0,0.1468962449633553,0.1930685740591795,0.0393449948050976,0.0,0.0,0.0,0.274554483646452,0.0691110581988735,0.0981379051620638,0.0,0.8765374821358625,0.0,0.3013542807917955,0.3872050467767761,0.1278602913506326,0.0,0.0,0.0229791471584852,0.0
0.0,0.0,0.0,0.0,0.0,0.0,0.0499560390816355,0.5860064996750344,0.1605002016382484,0.3218768462922473,0.0802549204033323,0.7426613834624546,0.1130301724261412,0.0,0.0,0.0,0.0,0.0,0.0,0.0,0.1460706515512146,0.0,0.3209305674653853,0.0,0.0,0.4688829454106451,0.0,0.0201860121048351,0.0,0.0,0.0,0.0,0.0,0.0,0.0,0.0891689661112608,0.1837359249585258,0.2502177395071041,0.0,0.1006903829516159,0.0,0.0,0.0,0.0,0.1629421943729888,0.0,0.0,0.0,0.0,0.0,0.0,0.0,0.0,0.0,0.0600262028816769,0.0,0.6670335917697018,0.0,0.0,0.0,0.0,0.036575950570207,0.0,0.0,0.0,0.0,0.0,0.0,0.7637434121592648,0.0561844584956137,0.5418487419026907,0.0,0.1749330484612448,0.0,0.0,0.0
0.1445597398142661,0.7367040792307702,0.0,0.0,0.0329017984529731,0.1704954876107146,0.0901261076522804,0.0,0.0,0.3378504875123301,0.0,0.0,0.166015478439154,0.0,0.1001700996618352,0.3773542436454643,0.364608367841758,0.4780387191493666,0.0,0.079611560968152,0.0,0.3778334179481709,0.0712036421859325,0.0,0.0,0.5185365103247775,0.1852427284190727,0.0,0.0,0.0,0.0,0.3807190151478606,0.3884993044222156,0.0684113761283746,0.0,0.0,0.0,0.0,0.4060132411075551,0.2545923500607853,0.2111799756356563,0.2054129646396726,0.0,0.0,0.0,0.0,0.4986011752841845,0.0,0.0,0.0,0.0,0.0,0.0,0.0,0.0890001693238887,0.0,0.0,0.0,0.0,0.1073556804778454,0.289914335250459,0.2271827374962358,0.2381736780832583,0.0,0.1993919827658729,0.0663941708562071,0.2631221466680967,0.0901605226692865,0.0,0.5563630724941832,0.3652945338285883,0.0,0.0,0.1251841312654494,0.0,0.0561305185452151
0.0,0.6234148127989293,0.0,0.0,0.0,0.5299084981827062,0.0,0.478117182114083,0.0,0.3404644252476386,0.0294857170563479,0.4214898838026397,0.3245622532775497,0.0,0.0,0.0,0.3967311391339997,0.2220132877600256,0.0,0.0,0.0525507166859834,0.0,0.2831678793430152,0.4688829454106451,0.5185365103247775,0.0,0.0,0.0,0.0,0.0,0.0,0.2494998247646381,0.2513218142755647,0.0,0.0,0.1211155139591025,0.0,0.0,0.1914282537050005,0.4319076461789078,0.1300432836733678,0.0248567837268825,0.0,0.0,0.0496668653625347,0.0,0.3571656479532067,0.0,0.0,0.0,0.2377934769807193,0.0,0.0,0.0,0.0,0.0,0.2676279966631418,0.0,0.0,0.0,0.0920189687356096,0.3177267968192289,0.0,0.0,0.1591119055856263,0.0,0.240290656939915,0.2180138435676105,0.3088308340944836,0.2627972913710815,0.6896988253777694,0.0,0.0,0.0,0.0,0.0
0.3974305120083567,0.0355225653331355,0.5724629112925176,0.0749006820278802,0.6702828893599729,0.1077519006247761,0.2926374630522779,0.0,0.5237707510160253,0.1255741648762592,0.3579726846971974,0.0,0.2176145872257827,0.3189096834349775,0.4929649429268032,0.4072177580475365,0.0,0.1937948168009811,0.1806609361262932,0.3777948322189992,0.3012005389247968,0.4448593444192329,0.288709815057756,0.0,0.1852427284190727,0.0,0.0,0.1724154587416972,0.5098116654302922,0.1112940348639689,0.3726843229341751,0.0404488848855881,0.1610110965230549,0.3734413538342894,0.3313605403295856,0.0,0.0,0.0140869624560692,0.1818701341738648,0.0087565311346499,0.2220738123676434,0.1624778412686097,0.0,0.0,0.0,0.0,0.0,0.3597766736512864,0.0,0.0,0.0,0.0388753007868689,0.0,0.1865604579316165,0.0,0.2867904256321399,0.0,0.0,0.1729884544034561,0.3742513089338425,0.0,0.0,0.0,0.4590799861407714,0.1014751898754406,0.1513359754330924,0.0,0.219279522661857,0.0,0.0,0.0,0.4795123661267411,0.1281459484625286,0.4717947463207325,0.0,0.2770028234450453
0.6676935194359358,0.0,0.1930782008062016,0.2211966993460814,0.4017294924741597,0.0,0.2912744870813557,0.0,0.2320713863066208,0.3187981618195198,0.4565508852568484,0.0,0.5679071261961255,0.0287959730521863,0.221838778500787,0.3754766851127437,0.4028963235106674,0.4580697883316337,0.5702423356967664,0.2102016446205668,0.4955686734114717,0.0264526577410304,0.0,0.0201860121048351,0.0,0.0,0.1724154587416972,0.0,0.4259039159489524,0.6200174172200678,0.5691552815442233,0.0,0.023304959164703,0.3657724711974226,0.2214129099189864,0.0,0.1301959567966973,0.2864444778828502,0.0,0.0871744510842314,0.3795483888134422,0.0927014673695968,0.1547961288924949,0.0,0.108082385281083,0.0,0.0,0.1992333214521705,0.0,0.0,0.0,0.0,0.0,0.0,0.0883785445716942,0.0,0.1814680828801548,0.6414516965278081,0.0,0.0,0.0,0.0,0.0,0.0,0.1618761283106583,0.0713488515092173,0.0,0.0,0.0,0.0,0.0,0.0,0.8374104399318777,0.3638061929777708,0.0,0.5583924641449387
0.6028016109756252,0.0,0.0,0.1732950741583276,0.5258971418535556,0.0720324789552233,0.2740377034771766,0.0,0.3099837694418121,0.0,0.0,0.0,0.3630820218895068,0.0,0.5310760479207441,0.3986059194945244,0.2358221521201992,0.3580644359819682,0.0,0.4285352513276314,0.2972998288032381,0.2523886268910169,0.0,0.0,0.0,0.0,0.5098116654302922,0.4259039159489524,0.0,0.3022777718516843,0.5142593465736643,0.0,0.0,0.3278030363835502,0.0961180616458831,0.0350869168860913,0.0,0.0,0.0,0.051364953403476,0.2867744341128908,0.100869461426433,0.0,0.0,0.0,0.0,0.0,0.1588748196644822,0.0,0.0,0.0,0.0919660128594522,0.0,0.0,0.0,0.0,0.0,0.0,0.0,0.3414135105342673,0.0,0.0,0.0,0.0,0.2111352940415346,0.0796359406901047,0.1620985559376306,0.0,0.0,0.0,0.0,0.0410261793961161,0.2248161882448404,0.6498283386658941,0.0939740936078542,0.5560838709216523
0.0,0.0,0.0,0.0,0.0,0.1430999320281306,0.0,0.0763004457937514,0.1892204445928483,0.0,0.0,0.0,0.3613676417782709,0.0,0.0,0.0942441406144082,0.0,0.1585484463837254,0.0,0.2283383029117982,0.0,0.0,0.1805472986907399,0.0,0.0,0.0,0.1112940348639689,0.6200174172200678,0.3022777718516843,0.0,0.3368406170024657,0.0,0.0,0.1852054797961258,0.0714126318910691,0.0,0.0,0.0,0.0,0.0,0.0,0.0,0.0,0.0,0.0,0.0,0.0,0.0,0.0,0.0,0.0,0.0,0.0,0.0,0.0,0.0,0.0,0.0,0.0,0.0,0.0,0.0,0.0,0.0,0.0459620267845376,0.0,0.0,0.0553081502968232,0.0,0.0,0.0,0.0,0.0,0.1004139043708415,0.0,0.0
0.734032929778716,0.0,0.2342499614423337,0.0,0.4232222111328008,0.0,0.1713727465706124,0.0,0.0,0.1180281604387817,0.0391340333238105,0.0,0.1722569338052565,0.1169477993876879,0.4636394345518279,0.7621569930792608,0.2314651845017254,0.4642992256363631,0.0971875383051389,0.4943688945956059,0.3838067008242611,0.6442556010165275,0.0,0.0,0.0,0.0,0.3726843229341751,0.5691552815442233,0.5142593465736643,0.3368406170024657,0.0,0.0,0.4189012703789013,0.6991041526757371,0.4124599457727445,0.0,0.0,0.1992707801479089,0.0,0.0246015943870231,0.3058252184125157,0.0,0.1233208992430162,0.0,0.0,0.0,0.0,0.0,0.0,0.0,0.0,0.0,0.0,0.0,0.0758359974480533,0.0,0.0,0.0,0.0,0.1296498323420856,0.0,0.0,0.4956491900085799,0.0,0.0,0.2410852411422116,0.0,0.0,0.0,0.0,0.0,0.0,0.3131512080463052,0.4214269120976858,0.0,0.3905836459529874
0.0,0.5013645525273769,0.0,0.0,0.0,0.0,0.0109925061893532,0.1453767544356448,0.0,0.089062440606422,0.0,0.0,0.0,0.2384400102049265,0.1535248675390483,0.0,0.1101841567504847,0.0,0.0,0.0344175979038051,0.0703260621719647,0.321752803203383,0.0301614406353126,0.0,0.3807190151478606,0.2494998247646381,0.0404488848855881,0.0,0.0,0.0,0.0,0.0,0.2380846013430386,0.0,0.0,0.1056902172800825,0.0,0.0,0.556039901095143,0.2211206512741902,0.072328515226323,0.1649519023809267,0.0,0.0,0.0664343953509583,0.0,0.3748063892947445,0.0,0.0,0.0,0.0,0.0,0.0690269629401263,0.0,0.0739747067719712,0.2044965173700034,0.0,0.0,0.0,0.3306308883202759,0.1050619910110308,0.0,0.0,0.0,0.1030230278202787,0.3102317729632451,0.3241366350930267,0.0689642064140147,0.0,0.123710479641738,0.1607169512940981,0.3218695187548806,0.0,0.0,0.0,0.0
0.2499334959443747,0.3377909191582888,0.0913526182221459,0.0,0.2203150688501825,0.0,0.1659270695156978,0.0,0.0,0.1911550582033179,0.0,0.0,0.1354132749375844,0.0,0.2605169969078268,0.6275692944059984,0.2760502380137725,0.434226533654757,0.0,0.3772674461598438,0.2733193163383326,0.6724394685218859,0.0,0.0,0.3884993044222156,0.2513218142755647,0.1610110965230549,0.023304959164703,0.0,0.0,0.4189012703789013,0.2380846013430386,0.0,0.5002026218185555,0.3287210526568063,0.0,0.0,0.0963871185121886,0.4010201051631799,0.3370193806514769,0.289309278502123,0.2725336908414355,0.0,0.0,0.0844681036956114,0.2833428616424542,0.0,0.0,0.0,0.0,0.0,0.0,0.0,0.0,0.0,0.0,0.0,0.0,0.0,0.0635623190899797,0.0,0.0,0.0997227064820425,0.0,0.0,0.1775509597173274,0.0,0.0,0.0,0.0,0.0,0.0,0.0,0.0,0.0,0.0
0.5630102807367343,0.0,0.3190221104826993,0.0,0.4410277578247167,0.0,0.0949671660871198,0.0,0.0904322310094209,0.0493364487841491,0.0654772962847623,0.0,0.0715177299229505,0.1129208534856803,0.4202881701654156,0.671502718204036,0.1478931662788563,0.3766370727769498,0.0421907883723005,0.4735141335367506,0.3266785140312492,0.6653022171103765,0.0,0.0,0.0684113761283746,0.0,0.3734413538342894,0.3657724711974226,0.3278030363835502,0.1852054797961258,0.6991041526757371,0.0,0.5002026218185555,0.0,0.4122334557544953,0.0,0.0,0.2218725164792456,0.0239535645244822,0.2124547101574803,0.4627654698374764,0.342519870695229,0.0693000059259396,0.0086639039972015,0.0664209393806012,0.5771568650605047,0.0,0.0,0.0,0.0,0.0,0.0,0.0,0.0,0.0,0.0,0.0,0.2740335036785923,0.0,0.1471158432038233,0.0,0.0,0.3814597459832953,0.0,0.0,0.0987338272694175,0.0,0.0,0.0,0.0,0.0,0.0,0.1889191508875854,0.2316210224052126,0.0,0.1477824307777021
0.2276251413521706,0.0,0.1857187415930471,0.0,0.175037112810784,0.0,0.0,0.0,0.0083739347159236,0.0977221238018541,0.0,0.0,0.0,0.0,0.2184889873852314,0.3635955620764666,0.0,0.1236001180470679,0.0,0.3378940824786923,0.111931336211572,0.3543440453067137,0.0748184009629207,0.0,0.0,0.0,0.3313605403295856,0.2214129099189864,0.0961180616458831,0.0714126318910691,0.4124599457727445,0.0,0.3287210526568063,0.4122334557544953,0.0,0.0,0.0,0.2245776988189928,0.0654785029956502,0.0,0.1876061582860097,0.1155872885510801,0.1587778899795764,0.0,0.0,0.0,0.0,0.0,0.0,0.0,0.0415837455628808,0.0,0.0,0.0,0.0,0.0,0.0038072781071927,0.1830197313736827,0.0,0.1206364185465199,0.0,0.0,0.0,0.0,0.0,0.0,0.0,0.0070797367015612,0.0,0.0,0.0,0.0,0.0749605264595602,0.0922167611079825,0.0,0.0
0.0,0.0,0.028056201007502,0.0205448779150731,0.1616585354039875,0.2158182277677045,0.1270372342081018,0.3268842204541792,0.0590113912586374,0.0,0.1953526514420151,0.1688969644086715,0.2608676510127123,0.3382071417312252,0.0975881309129617,0.0,0.0,0.0,0.0,0.0,0.0,0.0,0.1605629106169601,0.0891689661112608,0.0,0.1211155139591025,0.0,0.0,0.0350869168860913,0.0,0.0,0.1056902172800825,0.0,0.0,0.0,0.0,0.0695777601036742,0.0,0.0,0.0,0.0,0.0,0.0734560609654,0.0568594370119132,0.0520958397104194,0.0,0.0,0.0,0.0,0.0,0.0,0.0,0.2191290836924737,0.0,0.0,0.0498404924965999,0.1912803331391119,0.0,0.0,0.0,0.0,0.0,0.0,0.0,0.0264817780646971,0.0,0.1274521730945584,0.1240163076552905,0.0,0.0,0.0,0.0292945454317112,0.0,0.0,0.0,0.0
0.0,0.0,0.0,0.2174085605002818,0.0,0.252774011296153,0.0,0.1795051521068367,0.1594680539426325,0.0586992648816581,0.1555671113872411,0.3137149034024099,0.043084720088692,0.0,0.0,0.0,0.0,0.0,0.2433586693781976,0.0,0.0,0.0,0.0,0.1837359249585258,0.0,0.0,0.0,0.1301959567966973,0.0,0.0,0.0,0.0,0.0,0.0,0.0,0.0695777601036742,0.0,0.0248971718057284,0.0,0.0,0.0,0.0,0.2170858685019012,0.0,0.0,0.0,0.0,0.0,0.0,0.0,0.0,0.0,0.0,0.0,0.0,0.0,0.0,0.0,0.0,0.0,0.0,0.0,0.0,0.0,0.0,0.0,0.0,0.1123350410854201,0.0,0.0,0.0,0.0,0.0,0.0,0.0,0.0
0.2117578804382912,0.0,0.0,0.0985974380070261,0.0274386593441457,0.0,0.1253394843593393,0.0,0.0,0.2288548308756383,0.09861851544001,0.1092410985919737,0.0,0.0,0.0,0.0,0.0,0.0,0.1516766556871515,0.0,0.0,0.0,0.0159514138226607,0.2502177395071041,0.0,0.0,0.0140869624560692,0.2864444778828502,0.0,0.0,0.1992707801479089,0.0,0.0963871185121886,0.2218725164792456,0.2245776988189928,0.0,0.0248971718057284,0.0,0.0,0.0,0.0815033410512466,0.0,0.0,0.0,0.2050150874875186,0.0,0.0,0.0,0.0,0.0,0.0,0.0,0.0,0.0,0.0,0.0,0.1845261224864947,0.0,0.0,0.0,0.0,0.0,0.0,0.0,0.0,0.0,0.0,0.0,0.2149696372543179,0.0,0.0,0.0,0.2799712531936414,0.0,0.0,0.0
0.0,0.4857330645934254,0.0,0.0,0.0893830713893251,0.0,0.0466555956234987,0.0,0.0,0.0572747325089759,0.0,0.0,0.0,0.242128058434138,0.0847385781350178,0.1943847628385022,0.0,0.0540169529105575,0.0,0.0,0.1552308322535775,0.4067056470367954,0.0458527589937846,0.0,0.4060132411075551,0.1914282537050005,0.1818701341738648,0.0,0.0,0.0,0.0,0.556039901095143,0.4010201051631799,0.0239535645244822,0.0654785029956502,0.0,0.0,0.0,0.0,0.121404946430546,0.1230993360227323,0.2927295558472353,0.0,0.0,0.0185536112073368,0.0420810563857963,0.1557762956909935,0.0,0.0,0.0,0.0,0.0,0.0,0.0,0.0,0.1911846768039676,0.0,0.0,0.0627647198967468,0.1534110633664565,0.0,0.0,0.0,0.0033647586781975,0.0,0.2442984692303723,0.0,0.0,0.0,0.0651201706972788,0.0,0.0,0.0,0.0,0.0,0.0
0.1016261360776579,0.3203910291518136,0.0,0.0,0.0,0.0,0.0,0.0,0.0,0.2441489172903213,0.0,0.0430330828639897,0.3038402896185156,0.0,0.1529341080640573,0.1106327966426751,0.2399922171468618,0.2367581802313815,0.0,0.132026201664749,0.2913148457794295,0.1419229071086279,0.1300119753235364,0.1006903829516159,0.2545923500607853,0.4319076461789078,0.0087565311346499,0.0871744510842314,0.051364953403476,0.0,0.0246015943870231,0.2211206512741902,0.3370193806514769,0.2124547101574803,0.0,0.0,0.0,0.0,0.121404946430546,0.0,0.3554542390749448,0.2038917645096289,0.0,0.0924123062315326,0.1923488592737821,0.1209514229261959,0.0453357865236333,0.1551781303995056,0.0,0.0277267004649455,0.0562280786278579,0.0,0.0299744909843969,0.0111266384369595,0.1781775591257039,0.0594308581722244,0.1023886331057152,0.0590142201215061,0.0,0.0692519189883383,0.1343198685534187,0.1689646785593976,0.1953745743530418,0.0879478884850795,0.1541049411587743,0.0,0.1289327342784041,0.0208475962856927,0.143908831730664,0.0837788004111145,0.2800056088421924,0.0,0.0950111012247285,0.0,0.0467035056563119,0.0962579856789961
0.4058519266349345,0.1442993835699102,0.2314649878911005,0.0,0.0,0.0827927658724876,0.0590298963021344,0.0,0.1157443588365704,0.1719570439478737,0.0,0.0,0.2945846649932316,0.0,0.3006487461516356,0.3257672039570738,0.0,0.337200775372974,0.0,0.2778479464251138,0.30037690683446,0.2583667247235459,0.1765284232978659,0.0,0.2111799756356563,0.1300432836733678,0.2220738123676434,0.3795483888134422,0.2867744341128908,0.0,0.3058252184125157,0.072328515226323,0.289309278502123,0.4627654698374764,0.1876061582860097,0.0,0.0,0.0815033410512466,0.1230993360227323,0.3554542390749448,0.0,0.3671935815474388,0.0,0.1679813970953991,0.1015645799889214,0.308483002161173,0.0,0.2117036991743877,0.1342496532313971,0.0,0.0,0.0,0.0,0.0,0.1756725505484035,0.0,0.0,0.1337063661112627,0.0350281280846274,0.1815680920781288,0.2713322646900789,0.0670498351166318,0.4609867796545243,0.1467213924062025,0.2081010350610864,0.020318870169214,0.0578750954342024,0.0587717076751933,0.0,0.1333248115323718,0.0,0.0,0.3372339137708149,0.2063602074900186,0.1085470191233858,0.413508334617148
0.0,0.1257304553039402,0.0,0.0,0.0,0.0,0.0,0.0,0.0,0.0,0.0,0.0,0.1229692288072977,0.0,0.264380133223613,0.3351254159757654,0.0,0.1977661808152134,0.0,0.1459316242487336,0.1842543480120724,0.4006413226927665,0.0930210905079558,0.0,0.2054129646396726,0.0248567837268825,0.1624778412686097,0.0927014673695968,0.100869461426433,0.0,0.0,0.1649519023809267,0.2725336908414355,0.342519870695229,0.1155872885510801,0.0,0.0,0.0,0.2927295558472353,0.2038917645096289,0.3671935815474388,0.0,0.0,0.0,0.0,0.2356442238177786,0.0,0.0,0.0,0.0,0.0,0.0,0.0,0.0,0.0045998973894703,0.0,0.0,0.0,0.0,0.1485422893069107,0.0840526802009642,0.0,0.2270263255625161,0.0846250971550524,0.0,0.0,0.0,0.0,0.0,0.0,0.0,0.0,0.0,0.00917890491908,0.0,0.0865241969403093
0.0,0.0,0.0,0.0,0.0,0.0,0.0870068576407752,0.0767079062750241,0.0,0.0,0.0967872680306944,0.1172748268689542,0.0,0.2230979124159595,0.0,0.0,0.0,0.0,0.087705086526589,0.0,0.0,0.0220744461383746,0.032822397947644,0.0,0.0,0.0,0.0,0.1547961288924949,0.0,0.0,0.1233208992430162,0.0,0.0,0.0693000059259396,0.1587778899795764,0.0734560609654,0.2170858685019012,0.0,0.0,0.0,0.0,0.0,0.0,0.2217295478325572,0.1789036181896793,0.0,0.0,0.0,0.1285824875428274,0.0591227518451628,0.1376638857900988,0.0,0.1747954685124391,0.0,0.0,0.1872018062387685,0.1873799182695726,0.2967714984049906,0.3505341959175577,0.0,0.0,0.0,0.0,0.0,0.0,0.2102601693151053,0.0,0.0524466880366386,0.0699303795501496,0.0,0.0,0.0,0.1452340242472629,0.0,0.0,0.0
0.0,0.0,0.0,0.0,0.0,0.0,0.0,0.0,0.0,0.0,0.0,0.0,0.0,0.0,0.0,0.0,0.0,0.0,0.0,0.0,0.0,0.0,0.0,0.0,0.0,0.0,0.0,0.0,0.0,0.0,0.0,0.0,0.0,0.0086639039972015,0.0,0.0568594370119132,0.0,0.0,0.0,0.0924123062315326,0.1679813970953991,0.0,0.2217295478325572,0.0,0.1155557421164331,0.0,0.0,0.1957830963280349,0.3088081538477701,0.1293341760892637,0.2684896340280096,0.2422611817566115,0.0982856336003425,0.0533952888823854,0.0495585735011442,0.0,0.2503214661678088,0.3867252181364357,0.0,0.0,0.0,0.0,0.0,0.0654703399524203,0.0,0.0,0.0,0.0697985870956307,0.0,0.0,0.0,0.0,0.3022934256322096,0.0,0.0,0.055161743763798
0.0,0.0,0.0,0.0,0.0,0.0,0.0,0.0,0.0,0.1900599199169822,0.0,0.0,0.0307447815120785,0.0,0.0,0.0,0.0,0.0,0.0,0.0,0.0,0.0,0.0,0.1629421943729888,0.0,0.0496668653625347,0.0,0.108082385281083,0.0,0.0,0.0,0.0664343953509583,0.0844681036956114,0.0664209393806012,0.0,0.0520958397104194,0.0,0.2050150874875186,0.0185536112073368,0.1923488592737821,0.1015645799889214,0.0,0.1789036181896793,0.1155557421164331,0.0,0.1334215391733683,0.0,0.0,0.0,0.1509724283853952,0.0714257595017353,0.0,0.0,0.026902447661936,0.0244259191433717,0.2448624998053202,0.0783019879757618,0.1553145820430018,0.0,0.0,0.0,0.0740429985935602,0.0983394354240559,0.0576992962508104,0.0,0.0,0.0,0.0154647047867281,0.1999970553337498,0.0,0.0886704681782001,0.0455430112543099,0.2306554544960356,0.0,0.0,0.0822140787479364
0.7914056394767676,0.0,0.0,0.0,0.0,0.0,0.0,0.0,0.0,0.1435408105373143,0.0,0.0,0.0,0.0,0.0,0.6990341678708524,0.0,0.4550396534718023,0.0,0.0,0.5174738403980449,0.5335799337250022,0.0,0.0,0.0,0.0,0.0,0.0,0.0,0.0,0.0,0.0,0.2833428616424542,0.5771568650605047,0.0,0.0,0.0,0.0,0.0420810563857963,0.1209514229261959,0.308483002161173,0.2356442238177786,0.0,0.0,0.1334215391733683,0.0,0.0,0.0,0.0,0.0,0.0,0.0,0.0,0.0,0.0,0.0,0.0,0.346285523087343,0.0,0.1996682344513342,0.0433250071793455,0.0,0.593859555208485,0.0,0.0386315563550724,0.3206959309101737,0.0,0.0,0.0,0.0,0.0,0.0,0.4196739318115936,0.5394022415976876,0.0,0.4335312987664354
0.0,0.5206918699462055,0.0,0.0,0.0,0.2558626518528021,0.0,0.0,0.0,0.0,0.0,0.0,0.0,0.0,0.0,0.0,0.0,0.0,0.0,0.0,0.0,0.0,0.1785609961093366,0.0,0.4986011752841845,0.3571656479532067,0.0,0.0,0.0,0.0,0.0,0.3748063892947445,0.0,0.0,0.0,0.0,0.0,0.0,0.1557762956909935,0.0453357865236333,0.0,0.0,0.0,0.0,0.0,0.0,0.0,0.0,0.0,0.0,0.4847859641830857,0.2186613670233025,0.4360719864560977,0.2466391492851789,0.1677343608765726,0.0,0.0,0.0,0.0,0.0,0.2175612866058523,0.276231896448481,0.0,0.0,0.1037911039733892,0.1258412424930205,0.3748729563737956,0.4186095593480331,0.0,0.6814674117918671,0.6515473005955802,0.4557483145975379,0.0,0.0,0.0,0.0
0.0,0.0,0.6772805818505128,0.0,0.1932880173513034,0.6629581906667292,0.0,0.0371110093343907,0.6180412230944923,0.0,0.3661683662021524,0.0,0.3018128364149035,0.0,0.0,0.0,0.0,0.0,0.6245682756103047,0.0,0.0,0.0,0.4148842288778749,0.0,0.0,0.0,0.3597766736512864,0.1992333214521705,0.1588748196644822,0.0,0.0,0.0,0.0,0.0,0.0,0.0,0.0,0.0,0.0,0.1551781303995056,0.2117036991743877,0.0,0.0,0.1957830963280349,0.0,0.0,0.0,0.0,0.0749221260161133,0.3134496533708001,0.4812542036086101,0.3689161023765496,0.0913215358807505,0.4892129937155638,0.2865739580380208,0.139506725883226,0.1264405052748453,0.2975694207815527,0.0,0.0,0.0,0.0,0.0,0.6956648025448922,0.0,0.0,0.0,0.409178473825235,0.0,0.318967785854052,0.2714153234964014,0.3577981393593425,0.3415624730654886,0.2660318719667819,0.3694570200567345,0.2132755208006091
0.0,0.0,0.0,0.0,0.0,0.0,0.0,0.0,0.0,0.0,0.0,0.0,0.0,0.0,0.0,0.0,0.0,0.0,0.0,0.0,0.0,0.0,0.0,0.0,0.0,0.0,0.0,0.0,0.0,0.0,0.0,0.0,0.0,0.0,0.0,0.0,0.0,0.0,0.0,0.0,0.1342496532313971,0.0,0.1285824875428274,0.3088081538477701,0.0,0.0,0.0,0.0749221260161133,0.0,0.3911209803039895,0.2773822699738048,0.535338818614734,0.0,0.0,0.0,0.0518993123508674,0.0,0.650929123886169,0.1388031081545341,0.0,0.0,0.0,0.0,0.0541747408738109,0.0,0.0,0.0,0.048318511002219,0.0,0.0,0.0,0.0,0.4815072807401533,0.0,0.0,0.0
0.0,0.0,0.0,0.0,0.0711174201411471,0.1973224873030595,0.0,0.1189335828345712,0.4047938307758636,0.0,0.3548697939880357,0.0,0.0,0.0,0.0,0.0,0.0,0.0,0.4795062528350053,0.0,0.0,0.0,0.038937768268137,0.0,0.0,0.0,0.0,0.0,0.0,0.0,0.0,0.0,0.0,0.0,0.0,0.0,0.0,0.0,0.0,0.0277267004649455,0.0,0.0,0.0591227518451628,0.1293341760892637,0.1509724283853952,0.0,0.0,0.3134496533708001,0.3911209803039895,0.0,0.2562937239233736,0.6589717237368952,0.275458871431357,0.5112875341921295,0.0,0.43105955769691,0.2067874855652641,0.3169686929517238,0.1498021639442243,0.0,0.0,0.0,0.0,0.2485161040904365,0.0,0.0,0.0,0.2152457431878781,0.0,0.0,0.0,0.438405267472411,0.4119115959821705,0.0,0.0,0.3248963340591021
0.0,0.0,0.3597231729438668,0.0,0.0,0.5324024589509904,0.0,0.2674418370886103,0.2532548658497465,0.0,0.225850847018984,0.0,0.0,0.0,0.0,0.0,0.0,0.0,0.3432130570526961,0.0,0.0,0.0,0.4516208277816799,0.0,0.0,0.2377934769807193,0.0,0.0,0.0,0.0,0.0,0.0,0.0,0.0,0.0415837455628808,0.0,0.0,0.0,0.0,0.0562280786278579,0.0,0.0,0.1376638857900988,0.2684896340280096,0.0714257595017353,0.0,0.4847859641830857,0.4812542036086101,0.2773822699738048,0.2562937239233736,0.0,0.4424165834798895,0.5001926954657229,0.438079639865079,0.1364037101718994,0.1385438708611715,0.4662349444155255,0.5733179823856114,0.0,0.0,0.0,0.3100376301174789,0.0,0.3510459723296574,0.0,0.0600680530101231,0.0,0.6301993776219014,0.0,0.3981588877494248,0.5612660062083826,0.2193881253834566,0.1991984335131282,0.0,0.2209584281973238,0.0
