0.0,0.0,0.0,0.0,0.0,0.0,0.0,0.0,0.0,0.1459180271047933,0.0,0.0,0.0,0.0,0.4230667284860285,0.6600162134308326,0.3257522191866162,0.5538121331687096,0.0,0.5753707178622831,0.4853040586172272,0.4048286826090121,0.1108961075620658,0.0,0.1438820105791567,0.0,0.3937689129506191,0.6752283983979087,0.5876728491603815,0.0,0.7185130950414836,0.0,0.2354565676651567,0.5503251136892103,0.2511170542021642,0.0,0.0,0.0,0.0,0.0996946541036555,0.4222258624475631,0.0,0.0,0.0,0.0,0.7858386841481497,0.0,0.0,0.0,0.0,0.0,0.0,0.0,0.0,0.0455487612003519,0.0,0.0,0.0,0.0,0.0,0.2496151371465036,0.0,0.6149740372188857,0.0,0.0,0.1830069355192414,0.0,0.0,0.0,0.0,0.0,0.0,0.0,0.0,0.0,0.0
0.0,0.0,0.0,0.0,0.0727780898103528,0.3779879068327146,0.2397150532804088,0.3444707716064739,0.0,0.0,0.0,0.0,0.4391487860926208,0.0,0.0488463205619314,0.1012164197823169,0.0,0.3303836527433422,0.0,0.0,0.2056915814219018,0.135069188379469,0.2041705347087872,0.0,0.7344476689102516,0.6216028168178387,0.0345635313845668,0.0,0.0,0.0,0.0,0.4811929955277817,0.3339768198334222,0.0,0.0,0.0,0.0,0.0,0.478538621842515,0.3320439845013326,0.1536340813397872,0.1282982697294985,0.0,0.0,0.0,0.0,0.515454716039827,0.0,0.0,0.0,0.0,0.0,0.0,0.0,0.0,0.0,0.0,0.0,0.0,0.0304508638924346,0.1730781217497175,0.0,0.0,0.0,0.0,0.1356807582613079,0.1759825064000685,0.1595861148950211,0.0,0.4218901974332385,0.3411651831425263,0.1124333624366703,0.0,0.0,0.0,0.0
0.0,0.0,0.0,0.0,0.5484632437143415,0.3648953600134117,0.1473108551186163,0.0713094239743897,0.4786708364877087,0.0,0.3948980456561173,0.0,0.2841906337703347,0.1895605849669993,0.0,0.0,0.0,0.0,0.4083402073767783,0.0,0.0,0.0,0.6158836851703172,0.0,0.0,0.0,0.5509060273393456,0.1809939865115774,0.0,0.2624099496709571,0.2272127078174866,0.0,0.0,0.3163597070201835,0.191297522906956,0.0128061624715899,0.0,0.0,0.0,0.0,0.0,0.0,0.0,0.0,0.0,0.0,0.0,0.6644250495922562,0.0,0.0,0.3527842410830253,0.0,0.0429277886862261,0.2753412930650217,0.0,0.1327910062038969,0.0,0.0,0.0,0.0,0.0,0.0,0.0,0.6137169452071205,0.0,0.0,0.0,0.423721308914544,0.0,0.0,0.0,0.0,0.0,0.0,0.0,0.0
0.0,0.0,0.0,0.0,0.3026418327522769,0.0919225432613732,0.5392814205219997,0.0,0.2581004994799334,0.0735963535027755,0.2391095443082982,0.0,0.2833848424739212,0.0,0.0,0.0,0.0,0.0,0.2690097855128296,0.0,0.0,0.0,0.0,0.0,0.0,0.0,0.0784245543145498,0.2244245220437079,0.0,0.0,0.0,0.0,0.0,0.0,0.0,0.02922627992765,0.2194081811149582,0.0,0.0,0.0,0.0,0.0,0.0,0.0,0.0,0.0,0.0,0.0,0.0,0.0,0.0,0.0,0.0,0.0,0.0,0.0,0.0,0.0,0.0,0.0,0.0,0.0,0.0,0.0,0.0,0.0,0.0,0.0,0.0,0.0,0.0,0.0,0.0,0.0,0.0,0.0
0.0,0.0727780898103528,0.5484632437143415,0.3026418327522769,0.0,0.0,0.6209533476177873,0.0,0.4317037128327788,0.0404135185822492,0.5261993648544476,0.0,0.526830066757752,0.4900412362752986,0.0,0.0,0.0,0.0,0.2194413247882565,0.2873302044455689,0.0,0.357139698935396,0.2132969869450399,0.0,0.0311496997659219,0.0,0.652641269516173,0.3980414809474326,0.5108088322754741,0.0,0.4203585107239586,0.0,0.2216284804208804,0.4465202668073756,0.1797038427544324,0.1472709191750599,0.0,0.0258481075627787,0.0,0.0,0.0,0.0,0.0,0.0,0.0,0.0,0.0,0.1785638699202009,0.0,0.0,0.0,0.0,0.0,0.0365464301536479,0.0,0.2365857454618567,0.0,0.0,0.0,0.0,0.0,0.0,0.0,0.0,0.0,0.0,0.0,0.0407173662469753,0.0,0.0,0.0,0.0,0.0,0.0,0.0,0.0
0.0,0.3779879068327146,0.3648953600134117,0.0919225432613732,0.0,0.0,0.0544525564907889,0.4929805522366246,0.3916845820083582,0.2972163171904497,0.2128711436321698,0.0,0.5024218093422809,0.0,0.0,0.0,0.0,0.2277159870785655,0.2702839453248231,0.0,0.1032195029813012,0.0,0.460008262289249,0.0,0.1723945614453051,0.5257665251821816,0.0895829224754254,0.0,0.0542048333395995,0.1306698204426958,0.0,0.0,0.0,0.0,0.0,0.193681836774793,0.2464009158486813,0.0,0.0,0.0,0.0870379373284959,0.0,0.0,0.0,0.0,0.0,0.0,0.6477579330895145,0.0,0.0,0.5239060533049973,0.1727438504176877,0.3997936804258242,0.3579094022813193,0.0,0.0,0.0,0.1977462551689277,0.0,0.0,0.0,0.0,0.0,0.3162708884507166,0.2307304977600491,0.0,0.2199439488801441,0.4662254126153943,0.0,0.0,0.0,0.2957928923471136,0.118140144500601,0.0,0.0,0.0
0.0,0.2397150532804088,0.1473108551186163,0.5392814205219997,0.6209533476177873,0.0544525564907889,0.0,0.0288989587000463,0.2149061609686319,0.238245478679645,0.4940978489961577,0.0,0.5766949762559376,0.2469215849792433,0.0,0.2128997964755772,0.2319172932475832,0.273109416141522,0.0997853377438533,0.0,0.0,0.0127089384384308,0.0,0.0483071044414871,0.0954113637858359,0.0,0.2837977846812679,0.2923188003485631,0.2657258625119565,0.0,0.1767271082033288,0.0098448699114404,0.1644926655616213,0.0960983780415966,0.0,0.1189323125228192,0.0,0.1350631951734468,0.0,0.0,0.0,0.0,0.0,0.0,0.0,0.0,0.0,0.0,0.0,0.0,0.0,0.0,0.0,0.0,0.0,0.0,0.0,0.0,0.0,0.0,0.0,0.0,0.0,0.0,0.0,0.0,0.0,0.0,0.0,0.0,0.0,0.0,0.0,0.0,0.0,0.0
0.0,0.3444707716064739,0.0713094239743897,0.0,0.0,0.4929805522366246,0.0288989587000463,0.0,0.0930162684860605,0.1237878177460643,0.1330585563370792,0.0,0.2010643092479754,0.215594326610077,0.0,0.0,0.0,0.0,0.0,0.0,0.1695219656831623,0.0,0.5652934484373741,0.5736434494461252,0.0,0.4780680004327236,0.0,0.0,0.0,0.0652695024447284,0.0,0.1280106174518234,0.0,0.0,0.0,0.3229271721252575,0.1933188492949345,0.0,0.0,0.0,0.0,0.0,0.0728034607578881,0.0,0.0,0.0,0.0,0.0527982457368811,0.0,0.1201142204943734,0.2704307228350467,0.0,0.8064529703148035,0.2204455565664451,0.0,0.2415413836387539,0.0,0.0160419355539852,0.1661979473737397,0.0,0.0,0.0,0.0,0.0,0.0,0.1470232294295272,0.0,0.5550631037300484,0.0,0.0,0.0,0.1221177519885687,0.0,0.0,0.0,0.0
0.0,0.0,0.4786708364877087,0.2581004994799334,0.4317037128327788,0.3916845820083582,0.2149061609686319,0.0930162684860605,0.0,0.1398773760679309,0.5305200923905993,0.2116212280282278,0.3329359466298693,0.123645434360952,0.0,0.0,0.0,0.0,0.4761857357938831,0.2552075445259592,0.0,0.0,0.2821479819489296,0.0,0.0,0.0,0.5094172465727188,0.2392789429416959,0.3062267121400603,0.1860540167233299,0.0,0.0,0.0,0.0924427543299136,0.0090933256960771,0.0395222449368363,0.1559867870074752,0.0,0.0,0.0,0.0,0.0,0.0,0.0,0.0,0.0,0.0,0.600564026220078,0.0,0.0,0.241375799781758,0.0,0.2188335272272091,0.7162065389757793,0.0,0.373241034129211,0.0,0.0,0.1107286048560365,0.0,0.0,0.0,0.0,0.4647954589891148,0.0,0.0,0.0,0.3870525753242583,0.0,0.0,0.0,0.531404418393583,0.0,0.0,0.0,0.0
0.1459180271047933,0.0,0.0,0.0735963535027755,0.0404135185822492,0.2972163171904497,0.238245478679645,0.1237878177460643,0.1398773760679309,0.0,0.2339121299216471,0.2297368394669817,0.4540983170952478,0.0,0.0,0.1620062363665832,0.3678909600078107,0.3738685574627627,0.1333440867339556,0.0,0.0,0.0,0.1057834625566087,0.2974805563085913,0.3335444637834748,0.3346887653744736,0.1344941756707977,0.3195840166583068,0.0,0.0,0.1170491834082863,0.0815814849953796,0.1939215616638151,0.0560396465187713,0.0963384108992864,0.0,0.0587180896206211,0.2399575044294805,0.0576875004927778,0.2451037182552342,0.1669887760761386,0.0,0.0,0.0,0.1906077040214791,0.0,0.0,0.0,0.0,0.0,0.0,0.0,0.0,0.0,0.4034148197813857,0.0,0.2967408430072001,0.0,0.0,0.0,0.0,0.2341437673568007,0.1591457205053946,0.0,0.0,0.0,0.0,0.0,0.2217279383095984,0.1445239321269372,0.1579455085545126,0.0,0.4216845026433858,0.0,0.0,0.2027945146269003
0.0,0.0,0.3948980456561173,0.2391095443082982,0.5261993648544476,0.2128711436321698,0.4940978489961577,0.1330585563370792,0.5305200923905993,0.2339121299216471,0.0,0.02401701694268,0.5007793580008043,0.2107455497539303,0.0,0.0,0.0,0.0,0.5668161204645413,0.0,0.0,0.0,0.2382917643273214,0.0,0.0,0.0,0.344461244709058,0.4523981647342636,0.0,0.0,0.0391745668616945,0.0,0.0,0.0663486885716808,0.0,0.1733465374555506,0.1455204011036493,0.105952129445898,0.0,0.0,0.0,0.0,0.0994530409906912,0.0,0.0,0.0,0.0,0.3652921029249422,0.0,0.3308453547915286,0.2229669432082335,0.2252049192276955,0.1726727824468185,0.3791627779576014,0.0,0.5593811400045839,0.0,0.4249663371532443,0.267724633365393,0.0,0.0,0.0,0.0,0.4129917073539319,0.0,0.0,0.0,0.2319438089819784,0.0,0.0,0.0,0.2058286771157977,0.0,0.0,0.0,0.0
0.0,0.0,0.0,0.0,0.0,0.0,0.0,0.0,0.2116212280282278,0.2297368394669817,0.02401701694268,0.0,0.0641440763489527,0.0,0.0,0.0,0.0,0.0,0.0,0.0,0.0,0.0,0.0,0.7378408790988159,0.0,0.4110016924208773,0.0,0.0,0.0,0.0,0.0,0.0,0.0,0.0,0.0,0.1688666912156306,0.3113005199368857,0.1166843336746356,0.0,0.045682918166783,0.0,0.0,0.0,0.0,0.0,0.0,0.0,0.0,0.0,0.0,0.0,0.0,0.0,0.0,0.1187681154610353,0.0,0.707000762542449,0.0,0.0,0.0,0.0,0.0,0.0,0.0,0.0,0.0,0.0,0.0,0.6637970217705381,0.068747917553055,0.488682181716535,0.0,0.0,0.0,0.0,0.0
0.0,0.4391487860926208,0.2841906337703347,0.2833848424739212,0.526830066757752,0.5024218093422809,0.5766949762559376,0.2010643092479754,0.3329359466298693,0.4540983170952478,0.5007793580008043,0.0641440763489527,0.0,0.1657212086466565,0.2437846726147012,0.2784408885511633,0.623370444659405,0.5124816950230123,0.2537535321030214,0.069710455119609,0.4763547889192067,0.0,0.1980942033323361,0.1209446454641426,0.1780786865023146,0.3356676315141777,0.2094967998424584,0.562768159836935,0.3580452618264352,0.3335699956465765,0.1695855771054256,0.0,0.1331456275644391,0.0708620538961051,0.0,0.2332850436821912,0.0423376741785742,0.0,0.0,0.0,0.0,0.0,0.0,0.0,0.0,0.0,0.0,0.2839558852552936,0.0,0.0,0.0,0.0,0.0069046206809264,0.0,0.0,0.0,0.0,0.0,0.0,0.0,0.0,0.0,0.0,0.0,0.0,0.0,0.0,0.0291832684166947,0.0,0.0,0.0,0.0,0.0,0.0,0.0,0.0
0.0,0.0,0.1895605849669993,0.0,0.4900412362752986,0.0,0.2469215849792433,0.215594326610077,0.123645434360952,0.0,0.2107455497539303,0.0,0.1657212086466565,0.0,0.0,0.0,0.0,0.0,0.0,0.0,0.3350742133885221,0.0,0.2669221545198624,0.0,0.0,0.0,0.3102421400800845,0.038622035141259,0.0,0.0,0.122632403241834,0.2394312898165782,0.0,0.1222085181863374,0.0,0.3309087148719624,0.0,0.0,0.0,0.0,0.0,0.0,0.2181959933530508,0.0,0.0,0.0,0.0,0.0,0.0,0.0,0.0,0.0,0.0,0.0,0.0,0.3133953720245302,0.0,0.0,0.0,0.0,0.0,0.0,0.0,0.0,0.0,0.0,0.0,0.1839474616410056,0.0,0.0,0.0,0.0,0.0,0.0,0.0,0.0
0.4230667284860285,0.0488463205619314,0.0,0.0,0.0,0.0,0.0,0.0,0.0,0.0,0.0,0.0,0.2437846726147012,0.0,0.0,0.3504475922609108,0.0,0.1416033062865024,0.0,0.5567539753152976,0.4093895621011335,0.5422401032979773,0.069185989097773,0.0,0.0962769276036357,0.0,0.4832373643709496,0.2230847003770888,0.524765561009296,0.0,0.4664036338813529,0.1445477964687668,0.2579013182737759,0.423310488105414,0.2380216254164606,0.0855015768165199,0.0,0.0,0.0798073016616503,0.1674710427869321,0.3421353619540676,0.290146894112033,0.0,0.0,0.0,0.0,0.0,0.0,0.0,0.0,0.0,0.0,0.0,0.0,0.0,0.0,0.0,0.0,0.0,0.652207121094949,0.181008763115609,0.0,0.0,0.0,0.1465535026909372,0.2815331753889169,0.0410466407223793,0.0,0.0,0.0,0.0,0.1630339994218555,0.0594457498313945,0.3856866237016288,0.0,0.3507640652481322
0.6600162134308326,0.1012164197823169,0.0,0.0,0.0,0.0,0.2128997964755772,0.0,0.0,0.1620062363665832,0.0,0.0,0.2784408885511633,0.0,0.3504475922609108,0.0,0.4268544917421033,0.7177054161644042,0.0,0.4754904420385142,0.3776120480641988,0.7805406025352603,0.0,0.0,0.3676448871445038,0.0,0.4162039821167081,0.3818270295510423,0.4166958398041445,0.1034389792437813,0.7608230427729856,0.0,0.6092030124593681,0.7079355431278994,0.4080722753690899,0.0,0.0,0.0,0.190473985079799,0.1044097038601426,0.3408267042083769,0.3372185138338369,0.0,0.0,0.0,0.7079804594361574,0.0,0.0,0.0,0.0,0.0,0.0,0.0,0.0,0.0,0.0,0.0,0.0,0.0,0.0721587045431227,0.0,0.0,0.5182817981312149,0.0,0.0,0.1212447359925488,0.0,0.0,0.0,0.0,0.0,0.0,0.0,0.0,0.0,0.1287710985851474
0.3257522191866162,0.0,0.0,0.0,0.0,0.0,0.2319172932475832,0.0,0.0,0.3678909600078107,0.0,0.0,0.623370444659405,0.0,0.0,0.4268544917421033,0.0,0.7354948134873363,0.0,0.0,0.0,0.0600765147235467,0.0,0.0,0.3612041991946702,0.3912687277478039,0.0,0.4064487483900882,0.0,0.0,0.237189220714197,0.1018023784261274,0.272853079858566,0.1513909773404673,0.0,0.0,0.0,0.0,0.0,0.2483033244644443,0.2685884163491954,0.0,0.0,0.0,0.0,0.0,0.0,0.0,0.0,0.0,0.0,0.0,0.0,0.0,0.1498635686571459,0.0,0.0,0.0,0.0,0.0,0.0,0.4896143719683856,0.4197499444533292,0.0,0.0,0.0,0.0,0.0,0.0,0.0,0.0,0.0,0.0,0.0,0.0,0.0
0.5538121331687096,0.3303836527433422,0.0,0.0,0.0,0.2277159870785655,0.273109416141522,0.0,0.0,0.3738685574627627,0.0,0.0,0.5124816950230123,0.0,0.1416033062865024,0.7177054161644042,0.7354948134873363,0.0,0.0,0.2011636663337537,0.2708170172341227,0.2935749508526548,0.0,0.0,0.4675533106732711,0.2178630245601427,0.2107051949202498,0.4639253301034907,0.3811926496014333,0.0,0.4644717854490717,0.0,0.4299674380919759,0.3917823885430195,0.134930503992845,0.0,0.0,0.0,0.0574397963924935,0.2415808817873887,0.3448744291315139,0.1985637131026716,0.0,0.0,0.0,0.4729636894606249,0.0,0.0,0.0,0.0,0.0,0.0,0.0,0.0,0.1380172498996001,0.0,0.0,0.0,0.0,0.0,0.2551761019729231,0.4220044585028048,0.6450036581935767,0.0,0.0,0.0,0.0,0.0,0.0,0.0765611008822679,0.0,0.0,0.0,0.0,0.0,0.2502473352292642
0.0,0.0,0.4083402073767783,0.2690097855128296,0.2194413247882565,0.2702839453248231,0.0997853377438533,0.0,0.4761857357938831,0.1333440867339556,0.5668161204645413,0.0,0.2537535321030214,0.0,0.0,0.0,0.0,0.0,0.0,0.0,0.0,0.0,0.158276877589066,0.0,0.0,0.0,0.1624318025756487,0.5702127145384955,0.0,0.0,0.0943496428028827,0.0,0.0,0.0413378253982728,0.0,0.0,0.2282607382211076,0.0,0.0,0.0,0.0,0.0,0.0906749411880235,0.0,0.0,0.0,0.0,0.6070187156200896,0.0,0.0,0.337140876944703,0.0,0.0,0.3483959545277662,0.0,0.10940392231253,0.0,0.0,0.0394767058236613,0.0,0.0,0.0,0.0,0.541648777005534,0.0,0.0,0.0,0.1437339788658561,0.0,0.0,0.0,0.0980002111134471,0.0,0.0,0.0,0.0
0.5753707178622831,0.0,0.0,0.0,0.2873302044455689,0.0,0.0,0.0,0.2552075445259592,0.0,0.0,0.0,0.069710455119609,0.0,0.5567539753152976,0.4754904420385142,0.0,0.2011636663337537,0.0,0.0,0.2810102907962984,0.6780333848728576,0.1791265539369535,0.0,0.0879606532565417,0.0,0.3586959066368753,0.2158780044636174,0.4233241830593187,0.2249066156428371,0.4988332376493907,0.0257234552553503,0.385675080672218,0.5093551547938652,0.4127503932048663,0.0,0.0,0.0,0.0,0.1534425171104812,0.3155581774875499,0.1546955450325412,0.0,0.0,0.0,0.0,0.0,0.0,0.0,0.0,0.0,0.0,0.0,0.0,0.0,0.0,0.0,0.0,0.0,0.3546454515068281,0.0,0.0,0.0,0.0,0.3949870010761523,0.1130238748111358,0.1208442297917928,0.0904873741038319,0.0,0.0,0.0,0.0,0.0232980107458093,0.2990383876183478,0.0,0.1458369496444983
0.4853040586172272,0.2056915814219018,0.0,0.0,0.0,0.1032195029813012,0.0,0.1695219656831623,0.0,0.0,0.0,0.0,0.4763547889192067,0.3350742133885221,0.4093895621011335,0.3776120480641988,0.0,0.2708170172341227,0.0,0.2810102907962984,0.0,0.2437476963167622,0.3411181630162037,0.1348536251818893,0.0,0.0542456481770299,0.3016431318861223,0.5020068373401799,0.2791458501580513,0.3436064455125653,0.3696284754399649,0.0520195998580148,0.2573209842584128,0.3206900465492662,0.1174887870478779,0.1716309665974443,0.0,0.0,0.1400312792002165,0.2887985853965871,0.3329197170274396,0.1916714449468849,0.0,0.0,0.0,0.5231960383064633,0.0,0.0,0.0,0.0,0.0,0.0,0.0024417845817213,0.0,0.0,0.0,0.0,0.0,0.0,0.1244298752457766,0.0,0.0,0.0,0.0,0.0,0.5196404480470626,0.0,0.1317033507393212,0.0,0.0,0.0,0.0,0.3550591579421067,0.1178364752908004,0.0,0.1683779886805927
0.4048286826090121,0.135069188379469,0.0,0.0,0.357139698935396,0.0,0.0127089384384308,0.0,0.0,0.0,0.0,0.0,0.0,0.0,0.5422401032979773,0.7805406025352603,0.0600765147235467,0.2935749508526548,0.0,0.6780333848728576,0.2437476963167622,0.0,0.0,0.0,0.3830087445134468,0.0,0.4373701507980432,0.0341043771157241,0.2458595129253833,0.0,0.6415816458243825,0.3073267747729657,0.6635606418431941,0.709154231784157,0.4223086124620452,0.0,0.0,0.0,0.403199910103779,0.1490826741953742,0.2867947669538505,0.4248692771200544,0.0,0.0,0.0,0.5495470880133565,0.0,0.0,0.0,0.0,0.0,0.0,0.0,0.0,0.0,0.0,0.0,0.0,0.0,0.3688768734270904,0.0,0.0,0.2206649617463594,0.0,0.0,0.2559673706395959,0.0,0.0,0.0,0.0,0.0,0.0,0.0,0.2252711844441267,0.0,0.0575180507416957
0.1108961075620658,0.2041705347087872,0.6158836851703172,0.0,0.2132969869450399,0.460008262289249,0.0,0.5652934484373741,0.2821479819489296,0.1057834625566087,0.2382917643273214,0.0,0.1980942033323361,0.2669221545198624,0.069185989097773,0.0,0.0,0.0,0.158276877589066,0.1791265539369535,0.3411181630162037,0.0,0.0,0.3031586103427517,0.0640714209235644,0.2777337708043241,0.278574715168411,0.0,0.0,0.1697544547415853,0.0,0.0249397895790781,0.0,0.0,0.0799036526243613,0.1483358248809378,0.0,0.0,0.0373046086470619,0.1270259120128421,0.1880454682607738,0.0931277848038403,0.0286211594660306,0.0,0.0,0.0,0.1709107234180265,0.4031592420417998,0.0,0.0230713566851278,0.4397109821121234,0.0597053512637318,0.5454286277733628,0.1686559045166749,0.0,0.1139905864208982,0.0,0.1142102161920509,0.1924132066910667,0.0277553664596237,0.0,0.0,0.0,0.2553183852258112,0.0567737445632691,0.0775491784579496,0.0,0.8626164115631743,0.0,0.0,0.3682240580629181,0.1132621549883722,0.0,0.0,0.003249510868341,0.0
0.0,0.0,0.0,0.0,0.0,0.0,0.0483071044414871,0.5736434494461252,0.0,0.2974805563085913,0.0,0.7378408790988159,0.1209446454641426,0.0,0.0,0.0,0.0,0.0,0.0,0.0,0.1348536251818893,0.0,0.3031586103427517,0.0,0.0,0.4523304130679406,0.0,0.0205269973052338,0.0,0.0,0.0,0.0,0.0,0.0,0.0,0.0775424899686536,0.0,0.2606455638592022,0.0,0.1100595957969715,0.0,0.0,0.0,0.0,0.1653900045823428,0.0,0.0,0.0,0.0,0.0,0.0,0.0,0.0,0.0,0.0474772264361932,0.0,0.6514556986503075,0.0,0.0,0.0,0.0,0.0039113128277881,0.0,0.0,0.0,0.0,0.0,0.0,0.7601080399029285,0.0470800025730312,0.530022655764828,0.0,0.0,0.0,0.0,0.0
0.1438820105791567,0.7344476689102516,0.0,0.0,0.0311496997659219,0.1723945614453051,0.0954113637858359,0.0,0.0,0.3335444637834748,0.0,0.0,0.1780786865023146,0.0,0.0962769276036357,0.3676448871445038,0.3612041991946702,0.4675533106732711,0.0,0.0879606532565417,0.0,0.3830087445134468,0.0640714209235644,0.0,0.0,0.5112775106949954,0.1895712646602488,0.0,0.0,0.0,0.0,0.3674647878039126,0.3855463331880341,0.0765683618206064,0.0,0.0,0.0,0.0,0.3987516936185311,0.2567827419966393,0.2141326693409909,0.2056132271021432,0.0,0.0,0.0,0.0,0.4911477685027908,0.0,0.0,0.0,0.0,0.0,0.0,0.0,0.0829266990019115,0.0,0.0,0.0,0.0,0.0,0.2873006783097981,0.1966364910748577,0.2252030340421197,0.0,0.2048801984141606,0.0688248219139561,0.2699747250508355,0.0,0.0,0.5489001243033966,0.3499970506569667,0.0,0.0,0.0,0.0,0.0637724588513103
0.0,0.6216028168178387,0.0,0.0,0.0,0.5257665251821816,0.0,0.4780680004327236,0.0,0.3346887653744736,0.0,0.4110016924208773,0.3356676315141777,0.0,0.0,0.0,0.3912687277478039,0.2178630245601427,0.0,0.0,0.0542456481770299,0.0,0.2777337708043241,0.4523304130679406,0.5112775106949954,0.0,0.0,0.0,0.0,0.0,0.0,0.2499046299168693,0.2487518754095064,0.0,0.0,0.1065466761396469,0.0,0.0,0.1993292917872482,0.4386711699688619,0.1290519274160649,0.0262768638740568,0.0,0.0,0.0595892727550901,0.0,0.3472546494238245,0.0,0.0,0.0,0.0,0.0,0.0,0.0,0.0,0.0,0.2513959109052368,0.0,0.0,0.0,0.0837526363886445,0.2852116991392014,0.0,0.0,0.1499267341912183,0.0,0.2373752903655243,0.2085596445056287,0.3046610430355099,0.2484182378753928,0.67499085218629,0.0,0.0,0.0,0.0,0.0
0.3937689129506191,0.0345635313845668,0.5509060273393456,0.0784245543145498,0.652641269516173,0.0895829224754254,0.2837977846812679,0.0,0.5094172465727188,0.1344941756707977,0.344461244709058,0.0,0.2094967998424584,0.3102421400800845,0.4832373643709496,0.4162039821167081,0.0,0.2107051949202498,0.1624318025756487,0.3586959066368753,0.3016431318861223,0.4373701507980432,0.278574715168411,0.0,0.1895712646602488,0.0,0.0,0.1699964727759061,0.5021067107183701,0.1045386293550905,0.3693198930469918,0.0341575760254166,0.1659177313934767,0.3752590939440297,0.357090260512385,0.0,0.0,0.0,0.1793681524464591,0.0,0.239782884833485,0.1676506086174469,0.0,0.0,0.0,0.0,0.0,0.3352705086846255,0.0,0.0,0.0,0.0138089321721526,0.0,0.1698630512680763,0.0,0.275255108629946,0.0,0.0,0.1789070932560842,0.3582205621716087,0.0,0.0,0.0,0.4382536403937644,0.0854610589308814,0.1575225644994178,0.0,0.2129272158893209,0.0,0.0,0.0,0.4684812811103666,0.116249474103103,0.469560340208125,0.0,0.2735985753520077
0.6752283983979087,0.0,0.1809939865115774,0.2244245220437079,0.3980414809474326,0.0,0.2923188003485631,0.0,0.2392789429416959,0.3195840166583068,0.4523981647342636,0.0,0.562768159836935,0.038622035141259,0.2230847003770888,0.3818270295510423,0.4064487483900882,0.4639253301034907,0.5702127145384955,0.2158780044636174,0.5020068373401799,0.0341043771157241,0.0,0.0205269973052338,0.0,0.0,0.1699964727759061,0.0,0.4307751772700362,0.6058373565537851,0.574578107812501,0.0,0.0257351910115955,0.3776116680477188,0.233069876343325,0.0,0.1265083093449755,0.2943343541861709,0.0,0.0,0.3935656723016096,0.0924010891255794,0.1595152796760026,0.0,0.0,0.0,0.0,0.0,0.0,0.0,0.0,0.0,0.0,0.0,0.0,0.0,0.0,0.0,0.0,0.0,0.0,0.0,0.0,0.0,0.1487531699623333,0.0813203717831675,0.0,0.0,0.0,0.0,0.0,0.0,0.826547132926157,0.358937132244471,0.0,0.5495309334479368
0.5876728491603815,0.0,0.0,0.0,0.5108088322754741,0.0542048333395995,0.2657258625119565,0.0,0.3062267121400603,0.0,0.0,0.0,0.3580452618264352,0.0,0.524765561009296,0.4166958398041445,0.0,0.3811926496014333,0.0,0.4233241830593187,0.2791458501580513,0.2458595129253833,0.0,0.0,0.0,0.0,0.5021067107183701,0.4307751772700362,0.0,0.2920332446735625,0.509096100704332,0.0,0.0,0.3235316798769093,0.1034865641954883,0.0215075201084997,0.0,0.0,0.0,0.0,0.3210289028303956,0.109171100321813,0.0,0.0,0.0,0.0,0.0,0.0,0.0,0.0,0.0,0.0,0.0,0.0,0.0,0.0,0.0,0.0,0.0,0.3446513879805368,0.0,0.0,0.0,0.0,0.2070433249441087,0.0703728710904469,0.1678699384543217,0.0,0.0,0.0,0.0,0.0551069666568367,0.2257367458679824,0.649779544880241,0.0,0.5630745606805864
0.0,0.0,0.2624099496709571,0.0,0.0,0.1306698204426958,0.0,0.0652695024447284,0.1860540167233299,0.0,0.0,0.0,0.3335699956465765,0.0,0.0,0.1034389792437813,0.0,0.0,0.0,0.2249066156428371,0.3436064455125653,0.0,0.1697544547415853,0.0,0.0,0.0,0.1045386293550905,0.6058373565537851,0.2920332446735625,0.0,0.3306537270117253,0.0,0.0,0.1925200359573906,0.0837964003948285,0.0,0.0,0.0,0.0,0.0,0.0,0.0,0.0,0.0,0.0,0.0,0.0,0.0,0.0,0.0,0.0,0.0,0.0,0.0,0.0,0.0,0.0,0.0,0.0,0.0,0.0,0.0,0.0,0.0,0.0465606515308912,0.0,0.0,0.0502018761209182,0.0,0.0,0.0,0.0,0.0,0.0,0.0,0.0
0.7185130950414836,0.0,0.2272127078174866,0.0,0.4203585107239586,0.0,0.1767271082033288,0.0,0.0,0.1170491834082863,0.0391745668616945,0.0,0.1695855771054256,0.122632403241834,0.4664036338813529,0.7608230427729856,0.237189220714197,0.4644717854490717,0.0943496428028827,0.4988332376493907,0.3696284754399649,0.6415816458243825,0.0,0.0,0.0,0.0,0.3693198930469918,0.574578107812501,0.509096100704332,0.3306537270117253,0.0,0.0,0.4098088050395163,0.7015800339465799,0.4215070025060751,0.0,0.0,0.2131911723739476,0.0,0.0179542120396902,0.3408545060607152,0.0,0.0,0.0,0.0,0.7656625606385108,0.0,0.0,0.0,0.0,0.0,0.0,0.0,0.0,0.0771996583810557,0.0,0.0,0.0,0.0,0.1237457642860938,0.0,0.0,0.4869023143304435,0.0,0.0,0.2343044562968973,0.0,0.0,0.0,0.0,0.0,0.0,0.3124919106337777,0.4070482422345519,0.0,0.37681665617186
0.0,0.4811929955277817,0.0,0.0,0.0,0.0,0.0098448699114404,0.1280106174518234,0.0,0.0815814849953796,0.0,0.0,0.0,0.2394312898165782,0.1445477964687668,0.0,0.1018023784261274,0.0,0.0,0.0257234552553503,0.0520195998580148,0.3073267747729657,0.0249397895790781,0.0,0.3674647878039126,0.2499046299168693,0.0341575760254166,0.0,0.0,0.0,0.0,0.0,0.2353462853718125,0.0,0.0,0.0929666877665011,0.0,0.0,0.5363892140408915,0.2141790499951002,0.0780311472554152,0.1649098534550634,0.0,0.0,0.0660472872088085,0.0,0.3600210421347968,0.0,0.0,0.0,0.0,0.0,0.0558371631165315,0.0,0.0638618916656289,0.1960585855254047,0.0,0.0,0.0,0.3134088626759487,0.1098134397475269,0.0,0.0,0.0,0.1056786942931997,0.2817047325130155,0.3187485158478128,0.0615184333934439,0.0,0.1208098700363497,0.1590709407234446,0.3001180659166812,0.0,0.0,0.0,0.0
0.2354565676651567,0.3339768198334222,0.0,0.0,0.2216284804208804,0.0,0.1644926655616213,0.0,0.0,0.1939215616638151,0.0,0.0,0.1331456275644391,0.0,0.2579013182737759,0.6092030124593681,0.272853079858566,0.4299674380919759,0.0,0.385675080672218,0.2573209842584128,0.6635606418431941,0.0,0.0,0.3855463331880341,0.2487518754095064,0.1659177313934767,0.0257351910115955,0.0,0.0,0.4098088050395163,0.2353462853718125,0.0,0.4805140231668296,0.3346490891470174,0.0,0.0,0.089721048201916,0.4175845603307336,0.3301124633977886,0.2810122210259775,0.2859242428521502,0.0,0.0,0.0795688164999993,0.2734312973251938,0.0,0.0,0.0,0.0,0.0,0.0,0.0,0.0,0.0,0.0,0.0,0.0,0.0,0.0637568227132835,0.0,0.0,0.08701753618955,0.0,0.0,0.161966806095094,0.0,0.0,0.0,0.0,0.0,0.0,0.0,0.0,0.0,0.0
0.5503251136892103,0.0,0.3163597070201835,0.0,0.4465202668073756,0.0,0.0960983780415966,0.0,0.0924427543299136,0.0560396465187713,0.0663486885716808,0.0,0.0708620538961051,0.1222085181863374,0.423310488105414,0.7079355431278994,0.1513909773404673,0.3917823885430195,0.0413378253982728,0.5093551547938652,0.3206900465492662,0.709154231784157,0.0,0.0,0.0765683618206064,0.0,0.3752590939440297,0.3776116680477188,0.3235316798769093,0.1925200359573906,0.7015800339465799,0.0,0.4805140231668296,0.0,0.4146897131413622,0.0,0.0,0.2183821538445387,0.0088098355964326,0.190150088629172,0.4698519666886944,0.3444149647127074,0.0707065419807319,0.0,0.0671219298071011,0.5832725833299721,0.0,0.0,0.0,0.0,0.0,0.0,0.0,0.0,0.0,0.0,0.0,0.0,0.0,0.1533027616295043,0.0,0.0,0.387647982861617,0.0,0.0,0.0962828222561109,0.0,0.0,0.0,0.0,0.0,0.0,0.1876219575025013,0.2264681929855268,0.0,0.1459367176206604
0.2511170542021642,0.0,0.191297522906956,0.0,0.1797038427544324,0.0,0.0,0.0,0.0090933256960771,0.0963384108992864,0.0,0.0,0.0,0.0,0.2380216254164606,0.4080722753690899,0.0,0.134930503992845,0.0,0.4127503932048663,0.1174887870478779,0.4223086124620452,0.0799036526243613,0.0,0.0,0.0,0.357090260512385,0.233069876343325,0.1034865641954883,0.0837964003948285,0.4215070025060751,0.0,0.3346490891470174,0.4146897131413622,0.0,0.0,0.0,0.2341359373895036,0.0679106562580254,0.0,0.2081833116800555,0.1100358651768499,0.1712688789534563,0.0,0.0,0.0,0.0,0.0,0.0,0.0,0.0,0.0,0.0,0.0,0.0,0.0,0.0098034448309005,0.0,0.0,0.1309015657881169,0.0,0.0,0.042179898481805,0.0,0.0,0.0691410770083982,0.0,0.011028440476891,0.0,0.0,0.0,0.0,0.0,0.1002418543615788,0.0,0.0
0.0,0.0,0.0128061624715899,0.02922627992765,0.1472709191750599,0.193681836774793,0.1189323125228192,0.3229271721252575,0.0395222449368363,0.0,0.1733465374555506,0.1688666912156306,0.2332850436821912,0.3309087148719624,0.0855015768165199,0.0,0.0,0.0,0.0,0.0,0.1716309665974443,0.0,0.1483358248809378,0.0775424899686536,0.0,0.1065466761396469,0.0,0.0,0.0215075201084997,0.0,0.0,0.0929666877665011,0.0,0.0,0.0,0.0,0.0633625294637405,0.0,0.0,0.0,0.0,0.0,0.0642470637327036,0.0470677372139353,0.0,0.0,0.0,0.0,0.0,0.0,0.0,0.0,0.2107269108462096,0.0,0.0,0.036804105280762,0.1877646461381615,0.0,0.1545042231366711,0.0,0.0,0.0,0.0,0.0,0.0,0.0,0.0,0.1163977515393668,0.0,0.0,0.0,0.0159335394168487,0.0,0.0,0.0,0.0
0.0,0.0,0.0,0.2194081811149582,0.0,0.2464009158486813,0.0,0.1933188492949345,0.1559867870074752,0.0587180896206211,0.1455204011036493,0.3113005199368857,0.0423376741785742,0.0,0.0,0.0,0.0,0.0,0.2282607382211076,0.0,0.0,0.0,0.0,0.0,0.0,0.0,0.0,0.1265083093449755,0.0,0.0,0.0,0.0,0.0,0.0,0.0,0.0633625294637405,0.0,0.0222633560432594,0.0,0.0,0.0,0.0,0.0,0.0,0.0,0.0,0.0,0.0,0.0,0.0,0.0,0.0,0.0,0.0,0.0,0.0,0.0,0.0,0.0,0.0,0.0,0.0,0.0,0.0,0.0,0.0,0.0,0.0,0.0,0.0,0.0,0.0,0.0,0.0,0.0,0.0
0.0,0.0,0.0,0.0,0.0258481075627787,0.0,0.1350631951734468,0.0,0.0,0.2399575044294805,0.105952129445898,0.1166843336746356,0.0,0.0,0.0,0.0,0.0,0.0,0.0,0.0,0.0,0.0,0.0,0.2606455638592022,0.0,0.0,0.0,0.2943343541861709,0.0,0.0,0.2131911723739476,0.0,0.089721048201916,0.2183821538445387,0.2341359373895036,0.0,0.0222633560432594,0.0,0.0,0.0,0.091600898850644,0.0,0.0,0.0,0.2198254474409631,0.0,0.0,0.0,0.0,0.0,0.0,0.0,0.0,0.0,0.0,0.0,0.1800183727529101,0.0,0.0,0.0,0.0,0.0,0.0,0.0,0.0,0.0,0.0,0.0,0.2223898620032022,0.0,0.0,0.0,0.0,0.0,0.0,0.0
0.0,0.478538621842515,0.0,0.0,0.0,0.0,0.0,0.0,0.0,0.0576875004927778,0.0,0.0,0.0,0.0,0.0798073016616503,0.190473985079799,0.0,0.0574397963924935,0.0,0.0,0.1400312792002165,0.403199910103779,0.0373046086470619,0.0,0.3987516936185311,0.1993292917872482,0.1793681524464591,0.0,0.0,0.0,0.0,0.5363892140408915,0.4175845603307336,0.0088098355964326,0.0679106562580254,0.0,0.0,0.0,0.0,0.0978563047105907,0.1053017596374444,0.3025656131056969,0.0,0.0,0.0189637823998951,0.0375600814617846,0.1539882003772563,0.0,0.0,0.0,0.0,0.0,0.0,0.0,0.0,0.2072556886664932,0.0,0.0,0.0770748466577105,0.1508321496778728,0.0,0.0,0.0,0.0036120977489896,0.0,0.2250891796234109,0.0,0.0,0.0,0.0718563257787317,0.0,0.0,0.0,0.0,0.0,0.0
0.0996946541036555,0.3320439845013326,0.0,0.0,0.0,0.0,0.0,0.0,0.0,0.2451037182552342,0.0,0.045682918166783,0.0,0.0,0.1674710427869321,0.1044097038601426,0.2483033244644443,0.2415808817873887,0.0,0.1534425171104812,0.2887985853965871,0.1490826741953742,0.1270259120128421,0.1100595957969715,0.2567827419966393,0.4386711699688619,0.0,0.0,0.0,0.0,0.0179542120396902,0.2141790499951002,0.3301124633977886,0.190150088629172,0.0,0.0,0.0,0.0,0.0978563047105907,0.0,0.3359268840543954,0.2153832172177484,0.0,0.1028353058463599,0.1919653259273032,0.111725275261731,0.0327947923007261,0.0,0.0,0.0334605361409986,0.0464107065565119,0.0,0.0270026079543371,0.0134177252137968,0.1685148580907759,0.0671870592675595,0.1043169212249183,0.0515961813387094,0.0,0.0745256127643386,0.1216530186213213,0.1516076943141735,0.1857344744963348,0.0,0.1713309387177692,0.0,0.1330484427036834,0.0086353144901879,0.1421802130442103,0.0792279215108302,0.2757237064725239,0.0,0.1055505123859207,0.0,0.0396175334398139,0.0921725457120105
0.4222258624475631,0.1536340813397872,0.0,0.0,0.0,0.0870379373284959,0.0,0.0,0.0,0.1669887760761386,0.0,0.0,0.0,0.0,0.3421353619540676,0.3408267042083769,0.2685884163491954,0.3448744291315139,0.0,0.3155581774875499,0.3329197170274396,0.2867947669538505,0.1880454682607738,0.0,0.2141326693409909,0.1290519274160649,0.239782884833485,0.3935656723016096,0.3210289028303956,0.0,0.3408545060607152,0.0780311472554152,0.2810122210259775,0.4698519666886944,0.2081833116800555,0.0,0.0,0.091600898850644,0.1053017596374444,0.3359268840543954,0.0,0.347897368554707,0.0,0.1665842553927417,0.1049378381823136,0.3209243371674062,0.0,0.2192605220526322,0.135765508343898,0.0,0.0,0.0,0.0,0.0,0.1756773044422759,0.0,0.0,0.1347680479521859,0.0400958127199239,0.1988428639452672,0.2619323022295866,0.0589904363014594,0.4482141490893739,0.1452312888817294,0.2090387939217504,0.0280130685546545,0.057715406701733,0.0627291562567501,0.0,0.1348507577764685,0.0,0.0,0.3327489765197398,0.2104708527853084,0.1091693487126614,0.3918842793592169
0.0,0.1282982697294985,0.0,0.0,0.0,0.0,0.0,0.0,0.0,0.0,0.0,0.0,0.0,0.0,0.290146894112033,0.3372185138338369,0.0,0.1985637131026716,0.0,0.1546955450325412,0.1916714449468849,0.4248692771200544,0.0931277848038403,0.0,0.2056132271021432,0.0262768638740568,0.1676506086174469,0.0924010891255794,0.109171100321813,0.0,0.0,0.1649098534550634,0.2859242428521502,0.3444149647127074,0.1100358651768499,0.0,0.0,0.0,0.3025656131056969,0.2153832172177484,0.347897368554707,0.0,0.0,0.0,0.0,0.2528168547621932,0.0,0.0,0.0,0.0,0.0,0.0,0.0,0.0,0.0,0.0,0.0,0.0,0.0,0.15639267881031,0.0850914303977569,0.0,0.2304701122526838,0.0791980566488328,0.0,0.0,0.0,0.0,0.0,0.0,0.0,0.0,0.0,0.0133320757676292,0.0,0.0768268230534553
0.0,0.0,0.0,0.0,0.0,0.0,0.0,0.0728034607578881,0.0,0.0,0.0994530409906912,0.0,0.0,0.2181959933530508,0.0,0.0,0.0,0.0,0.0906749411880235,0.0,0.0,0.0,0.0286211594660306,0.0,0.0,0.0,0.0,0.1595152796760026,0.0,0.0,0.0,0.0,0.0,0.0707065419807319,0.1712688789534563,0.0642470637327036,0.0,0.0,0.0,0.0,0.0,0.0,0.0,0.2043113372457747,0.1900275045314058,0.0,0.0,0.0,0.129853017112834,0.0703551862675049,0.1425307637062471,0.0,0.1694392099130213,0.0,0.0,0.1957206685760589,0.1850415214577041,0.292080835262775,0.3506500230292461,0.0,0.0,0.0,0.0,0.0,0.0,0.2036394882388653,0.0,0.0501313404591037,0.0750181698678245,0.0,0.0,0.0,0.1353588545779218,0.0,0.0,0.0
0.0,0.0,0.0,0.0,0.0,0.0,0.0,0.0,0.0,0.0,0.0,0.0,0.0,0.0,0.0,0.0,0.0,0.0,0.0,0.0,0.0,0.0,0.0,0.0,0.0,0.0,0.0,0.0,0.0,0.0,0.0,0.0,0.0,0.0,0.0,0.0470677372139353,0.0,0.0,0.0,0.1028353058463599,0.1665842553927417,0.0,0.2043113372457747,0.0,0.1224424399212604,0.0,0.0,0.2028675300339455,0.2859298939178345,0.1247054209207509,0.2783153734305749,0.2382660813824656,0.097044640364353,0.0551473133156588,0.0457914723948378,0.0,0.2372811661144196,0.3923976035045973,0.0,0.0,0.0,0.0,0.0,0.0624039641904521,0.0,0.0,0.0,0.0744090425313072,0.0,0.0,0.0,0.0,0.2989039843693201,0.0,0.0,0.0562350914405306
0.0,0.0,0.0,0.0,0.0,0.0,0.0,0.0,0.0,0.1906077040214791,0.0,0.0,0.0,0.0,0.0,0.0,0.0,0.0,0.0,0.0,0.0,0.0,0.0,0.1653900045823428,0.0,0.0595892727550901,0.0,0.0,0.0,0.0,0.0,0.0660472872088085,0.0795688164999993,0.0671219298071011,0.0,0.0,0.0,0.2198254474409631,0.0189637823998951,0.1919653259273032,0.1049378381823136,0.0,0.1900275045314058,0.1224424399212604,0.0,0.1437112121158208,0.0,0.0,0.0,0.0,0.0,0.0,0.0,0.0358135898727265,0.0250597914048879,0.2596110461699822,0.0793160316265171,0.1607336556087859,0.0,0.0,0.0,0.0760246436223656,0.0,0.0,0.0,0.0,0.0,0.0,0.2025866691080114,0.0,0.093617690088112,0.0,0.2443228414682324,0.0,0.0,0.0858824574343175
0.7858386841481497,0.0,0.0,0.0,0.0,0.0,0.0,0.0,0.0,0.0,0.0,0.0,0.0,0.0,0.0,0.7079804594361574,0.0,0.4729636894606249,0.0,0.0,0.5231960383064633,0.5495470880133565,0.0,0.0,0.0,0.0,0.0,0.0,0.0,0.0,0.7656625606385108,0.0,0.2734312973251938,0.5832725833299721,0.0,0.0,0.0,0.0,0.0375600814617846,0.111725275261731,0.3209243371674062,0.2528168547621932,0.0,0.0,0.1437112121158208,0.0,0.0,0.0,0.0,0.0,0.0,0.0,0.0,0.0,0.0457813155228441,0.0,0.0,0.3477152819798411,0.0,0.2090555372774178,0.0307134522722873,0.0,0.5943479971339045,0.0,0.0363568540988732,0.3184678274636128,0.0,0.0,0.0,0.0,0.0,0.0,0.4284694929048683,0.5364852304389915,0.0,0.4345994360477555
0.0,0.515454716039827,0.0,0.0,0.0,0.0,0.0,0.0,0.0,0.0,0.0,0.0,0.0,0.0,0.0,0.0,0.0,0.0,0.0,0.0,0.0,0.0,0.1709107234180265,0.0,0.4911477685027908,0.3472546494238245,0.0,0.0,0.0,0.0,0.0,0.3600210421347968,0.0,0.0,0.0,0.0,0.0,0.0,0.1539882003772563,0.0327947923007261,0.0,0.0,0.0,0.0,0.0,0.0,0.0,0.0,0.0,0.0,0.4772704589876125,0.216051258944993,0.4271879080324172,0.2389106177230362,0.1365322322111134,0.0,0.0,0.0,0.0,0.0,0.1843599032194927,0.2391567646586802,0.0,0.0,0.0874435269484452,0.1260084393265589,0.3635635253919987,0.4151137010787166,0.0,0.6584617574454282,0.6318483338411439,0.4600743261187443,0.0,0.0,0.0,0.0
0.0,0.0,0.6644250495922562,0.0,0.1785638699202009,0.6477579330895145,0.0,0.0527982457368811,0.600564026220078,0.0,0.3652921029249422,0.0,0.2839558852552936,0.0,0.0,0.0,0.0,0.0,0.6070187156200896,0.0,0.0,0.0,0.4031592420417998,0.0,0.0,0.0,0.3352705086846255,0.0,0.0,0.0,0.0,0.0,0.0,0.0,0.0,0.0,0.0,0.0,0.0,0.0,0.2192605220526322,0.0,0.0,0.2028675300339455,0.0,0.0,0.0,0.0,0.0701788251614099,0.2881755554465099,0.4730642675933531,0.3495644226152047,0.0968050830426441,0.4745728699972683,0.0,0.1383631675970713,0.0,0.2909181365836603,0.0,0.0,0.0,0.0,0.0,0.6768268701481204,0.0,0.0,0.0,0.4052194534938834,0.0,0.0,0.0,0.3405009043072139,0.3341491346869418,0.2538667465280723,0.3414032361728669,0.2018618588289036
0.0,0.0,0.0,0.0,0.0,0.0,0.0,0.0,0.0,0.0,0.0,0.0,0.0,0.0,0.0,0.0,0.0,0.0,0.0,0.0,0.0,0.0,0.0,0.0,0.0,0.0,0.0,0.0,0.0,0.0,0.0,0.0,0.0,0.0,0.0,0.0,0.0,0.0,0.0,0.0,0.135765508343898,0.0,0.129853017112834,0.2859298939178345,0.0,0.0,0.0,0.0701788251614099,0.0,0.3896821472503215,0.269448775132444,0.5252370498867268,0.0,0.0,0.0,0.0452807064291104,0.0,0.6205753152491501,0.1324261552488792,0.0,0.0,0.0,0.0,0.0485419810991348,0.0,0.0,0.0,0.0458054832965851,0.0,0.0,0.0,0.0,0.4490375096679322,0.0,0.0,0.0929224858865521
0.0,0.0,0.0,0.0,0.0,0.0,0.0,0.1201142204943734,0.0,0.0,0.3308453547915286,0.0,0.0,0.0,0.0,0.0,0.0,0.0,0.0,0.0,0.0,0.0,0.0230713566851278,0.0,0.0,0.0,0.0,0.0,0.0,0.0,0.0,0.0,0.0,0.0,0.0,0.0,0.0,0.0,0.0,0.0334605361409986,0.0,0.0,0.0703551862675049,0.1247054209207509,0.0,0.0,0.0,0.2881755554465099,0.3896821472503215,0.0,0.2455752755336569,0.654969476570111,0.2717925414298621,0.4797585167293995,0.0,0.4105404292900406,0.1998564673910844,0.3164102880025806,0.1452463446089927,0.0,0.0,0.0,0.0,0.2127736756620352,0.0,0.0,0.0,0.2067226537844447,0.0,0.0,0.0,0.4124584683528758,0.3961621627697116,0.0,0.0,0.314225735644852
0.0,0.0,0.3527842410830253,0.0,0.0,0.5239060533049973,0.0,0.2704307228350467,0.241375799781758,0.0,0.2229669432082335,0.0,0.0,0.0,0.0,0.0,0.0,0.0,0.337140876944703,0.0,0.0,0.0,0.4397109821121234,0.0,0.0,0.0,0.0,0.0,0.0,0.0,0.0,0.0,0.0,0.0,0.0,0.0,0.0,0.0,0.0,0.0464107065565119,0.0,0.0,0.1425307637062471,0.2783153734305749,0.0,0.0,0.4772704589876125,0.4730642675933531,0.269448775132444,0.2455752755336569,0.0,0.4190818377117767,0.4877638907089241,0.423861600959304,0.1170579940448142,0.1206785190313902,0.0,0.5544949428740653,0.0,0.0,0.0,0.2816835363969746,0.0,0.3385852751519873,0.0,0.0410136760750999,0.0,0.6108169915377789,0.0,0.3770135285433929,0.5478795212209977,0.2000752677938433,0.1816522475916585,0.0,0.200337836183512,0.0
0.0,0.0,0.0,0.0,0.0,0.1727438504176877,0.0,0.0,0.0,0.0,0.2252049192276955,0.0,0.0,0.0,0.0,0.0,0.0,0.0,0.0,0.0,0.0,0.0,0.0597053512637318,0.0,0.0,0.0,0.0138089321721526,0.0,0.0,0.0,0.0,0.0,0.0,0.0,0.0,0.0,0.0,0.0,0.0,0.0,0.0,0.0,0.0,0.2382660813824656,0.0,0.0,0.216051258944993,0.3495644226152047,0.5252370498867268,0.654969476570111,0.4190818377117767,0.0,0.182006006533859,0.3113159363132909,0.2363607751154446,0.0420874267936615,0.2834930611856915,0.4443056672415629,0.0,0.0,0.1893408513370014,0.2178544753831355,0.1889804002169133,0.2163714530680453,0.1741585903133436,0.0,0.0917581200493168,0.2445943752833675,0.0,0.2120557877763346,0.1926351335970514,0.2492470634254661,0.3692800494692471,0.3128174901585104,0.0,0.2302432747951288
0.0,0.0,0.0429277886862261,0.0,0.0,0.3997936804258242,0.0,0.8064529703148035,0.2188335272272091,0.0,0.1726727824468185,0.0,0.0069046206809264,0.0,0.0,0.0,0.0,0.0,0.0,0.0,0.0024417845817213,0.0,0.5454286277733628,0.0,0.0,0.0,0.0,0.0,0.0,0.0,0.0,0.0558371631165315,0.0,0.0,0.0,0.2107269108462096,0.0,0.0,0.0,0.0270026079543371,0.0,0.0,0.1694392099130213,0.097044640364353,0.0,0.0,0.4271879080324172,0.0968050830426441,0.0,0.2717925414298621,0.4877638907089241,0.182006006533859,0.0,0.4053029004128925,0.0,0.3349812413933609,0.0,0.0846254585894381,0.2202490946591525,0.0,0.0,0.0,0.0,0.0,0.0916487308410796,0.1737365530215161,0.0,0.6819619227620084,0.6451358815335557,0.1181444553929693,0.5538002632865772,0.2768242823561533,0.0,0.0,0.0683592118959511,0.0
0.0,0.0,0.2753412930650217,0.0,0.0365464301536479,0.3579094022813193,0.0,0.2204455565664451,0.7162065389757793,0.0,0.3791627779576014,0.0,0.0,0.0,0.0,0.0,0.0,0.0,0.3483959545277662,0.0,0.0,0.0,0.1686559045166749,0.0,0.0,0.0,0.1698630512680763,0.0,0.0,0.0,0.0,0.0,0.0,0.0,0.0,0.0,0.0,0.0,0.0,0.0134177252137968,0.0,0.0,0.0,0.0551473133156588,0.0358135898727265,0.0,0.2389106177230362,0.4745728699972683,0.0,0.4797585167293995,0.423861600959304,0.3113159363132909,0.4053029004128925,0.0,0.0,0.4300646837526243,0.2609441589387117,0.1135229067761587,0.0,0.0,0.0,0.0,0.0,0.4335958609070761,0.350492222131407,0.0,0.2968465813731119,0.3437025606977469,0.0,0.0,0.3414781600383443,0.5235003499919112,0.1250132608005075,0.1222172311069219,0.1495300261700699,0.0
0.0455487612003519,0.0,0.0,0.0,0.0,0.0,0.0,0.0,0.0,0.4034148197813857,0.0,0.1187681154610353,0.0,0.0,0.0,0.0,0.1498635686571459,0.1380172498996001,0.0,0.0,0.0,0.0,0.0,0.0474772264361932,0.0829266990019115,0.0,0.0,0.0,0.0,0.0,0.0771996583810557,0.0638618916656289,0.0,0.0,0.0,0.0,0.0,0.0,0.0,0.1685148580907759,0.1756773044422759,0.0,0.0,0.0457914723948378,0.0250597914048879,0.0457813155228441,0.1365322322111134,0.0,0.0,0.0,0.1170579940448142,0.2363607751154446,0.0,0.0,0.0,0.0,0.1523698037130081,0.1089232381323545,0.0194714915477251,0.0,0.333430761986662,0.2308930568711954,0.3126623773843803,0.1103395122773388,0.0,0.0,0.0,0.0,0.0342157165690642,0.3814139530555838,0.1356561030349384,0.1938789988896016,0.1652827046621132,0.1515513759618349,0.0,0.2536407394708257
