0.0,0.4876655632058123,0.0,0.0,0.0,0.0,0.0,0.0,0.0,0.339749723516984,0.0,0.0,0.0,0.0,0.0,0.5420100033218024,0.5042841521846145,0.0,0.0,0.2704182955196346,0.3259598895760838,0.8357526259861313,0.0,0.2499189494425104,0.6301284996647727,0.2392323057356004,0.1508815128008973,0.2181538383129346,0.6428196991526679,0.0,0.3685954198249851,0.1419577775524026,0.0,0.2702311956737583,0.3049317356308413,0.0,0.0,0.0,0.2311210255550251,0.0,0.0,0.0,0.0,0.0,0.0,0.8522643828446269,0.0,0.0,0.0,0.0,0.0,0.0,0.0,0.0,0.4105880903402487,0.0,0.0,0.0,0.0,0.0,0.3156741335144909,0.0,0.2064226964833246,0.0,0.0,0.1455394208900333,0.2277790972617653,0.0,0.2497603547435149,0.388319418644547,0.2228580147168931,0.0,0.0,0.0,0.0,0.0
0.4876655632058123,0.0,0.0,0.0,0.0,0.6777061165477051,0.2937571034719416,0.3467110692344359,0.1820870352561731,0.0,0.0,0.0,0.4234646731106489,0.0,0.0,0.3930893654745992,0.0,0.371301873172573,0.0,0.1895283733210836,0.1784454878835025,0.4920840901841517,0.3934138311301842,0.0,0.8226777686074114,0.700049985497599,0.4651725349749654,0.0,0.2382757480300697,0.0,0.0,0.2696978223134315,0.0,0.0466518033992059,0.0,0.0,0.0,0.0,0.2666548311447655,0.1114477748925405,0.1408361529670514,0.0,0.0,0.0,0.0,0.38813475903176,0.4679809455830095,0.0,0.0,0.0,0.0,0.0,0.0,0.0,0.0,0.0,0.0,0.0,0.0,0.0,0.4695970942173532,0.0,0.0686721246318966,0.0,0.0350517644839637,0.0478983650118666,0.1437967248325754,0.2398837387676464,0.0,0.4945224385605573,0.6491942445869842,0.4676967905789031,0.0,0.2267922271611564,0.0,0.1115284520445147
0.0,0.0,0.0,0.0,0.5371773317076861,0.3335793348054693,0.1143459560064371,0.3288780545515236,0.7922895641583736,0.3348580210264109,0.7921429372876163,0.0,0.5068432231142366,0.2527425383031346,0.0,0.0,0.0,0.0,0.8596556441124029,0.0,0.0,0.0,0.3338314718991291,0.0,0.0,0.0,0.5498058221293577,0.596557703819523,0.0,0.6701272419623334,0.3289890101491112,0.0,0.0,0.0,0.1284582138921024,0.3394551314174275,0.1472845628023613,0.0,0.0,0.0,0.0,0.0,0.4270438550635612,0.0,0.0,0.0,0.0,0.8350258305605243,0.0,0.6178214367105775,0.1273703552376246,0.0,0.4237412140462036,0.7529948254506769,0.0,0.7943690021186746,0.0,0.0,0.4554798491015921,0.0,0.0,0.0,0.0,0.8211767750148533,0.0,0.0,0.0,0.441886410982159,0.0,0.0,0.0,0.399210439217407,0.0,0.0,0.0,0.0
0.0,0.0,0.0,0.0,0.6243279073660992,0.0,0.4605423118886663,0.0,0.2046917392945259,0.0,0.4810324914678013,0.0,0.2024340838489217,0.5278747169507496,0.0,0.0,0.0,0.0,0.2340530706026738,0.0,0.0,0.0,0.0,0.0,0.0,0.0,0.1018507420739828,0.3838460504116684,0.0,0.0,0.0,0.0,0.0,0.0938679337702874,0.4904687475176377,0.531449533738239,0.3271083955245716,0.0,0.0,0.0,0.0,0.0,0.0,0.0,0.0,0.0,0.0,0.0,0.0,0.0,0.0,0.0,0.0,0.0,0.0,0.0,0.0,0.0,0.0,0.0,0.0,0.0,0.0,0.0,0.0,0.0,0.0,0.0,0.0,0.0,0.0,0.0,0.0,0.0,0.0,0.0
0.0,0.0,0.5371773317076861,0.6243279073660992,0.0,0.1174258483853112,0.6041985993112791,0.0668586980920285,0.7087715283055203,0.0896286962698535,0.7500994732506565,0.0,0.4125443075417296,0.7114817191525327,0.0,0.0,0.0,0.0,0.4908874795368643,0.4115463022544998,0.0,0.0792109150506227,0.1672810138878909,0.0,0.1045618279209588,0.0,0.5392094519882016,0.5206803702298273,0.4563262923925106,0.0,0.4399457255919596,0.0,0.0,0.0,0.52732851585515,0.6795141438712263,0.4657203782215245,0.067963063857935,0.0,0.0,0.0,0.0,0.3562550351053299,0.0,0.0,0.0,0.0,0.338559358941692,0.0,0.0,0.0,0.0,0.1664710641403488,0.6242217312463098,0.0,0.6954977033732873,0.0,0.0,0.0,0.0,0.0,0.0,0.0,0.0,0.0,0.0,0.0,0.26203464317652,0.0,0.0,0.0,0.3658784938652237,0.0,0.0,0.0,0.0
0.0,0.6777061165477051,0.3335793348054693,0.0,0.1174258483853112,0.0,0.133802858956176,0.6844645885422254,0.3648354140689486,0.5742790567088135,0.2224083183316478,0.0,0.5975479810768924,0.0,0.093199330090346,0.0605782125576656,0.0,0.5258315650620718,0.3013081284408695,0.124504831988658,0.2661047347808571,0.0,0.6426603604495577,0.0,0.3608152738889674,0.7295006455387394,0.5222667856117811,0.0392944262592743,0.0480465712245565,0.2286760864749668,0.0,0.274715152813262,0.2126928159542323,0.1046080295926358,0.0,0.0,0.0,0.0,0.3176724076800471,0.0,0.3672706208579013,0.0243773055607138,0.2859353270072582,0.0,0.0,0.0,0.0,0.430904813201436,0.0,0.0,0.4568068116886314,0.2864721742993255,0.5993440487839645,0.3703842954479185,0.0,0.2092571204433947,0.0,0.7261333297843935,0.0,0.0441801033652291,0.0,0.0,0.0,0.3487006834214662,0.0937194551054214,0.2265267432329576,0.2505518657772918,0.4424157480751869,0.0,0.0,0.0,0.3812219134527789,0.1658231910168748,0.0,0.0,0.2508561602003686
0.0,0.2937571034719416,0.1143459560064371,0.4605423118886663,0.6041985993112791,0.133802858956176,0.0,0.0,0.2537991008177441,0.2573022359110121,0.2597677481393373,0.0,0.2882119334243405,0.5629292559038633,0.0,0.0,0.0460560308547546,0.0,0.1586341095137401,0.1354988961791757,0.0,0.3879043992206281,0.0063086034616899,0.0,0.5199916254919743,0.0448494960594571,0.4663994112160529,0.233090582685565,0.633453161973737,0.0,0.4414164473648118,0.0,0.0,0.1809665594807317,0.6339736697781094,0.5585643609870423,0.5290822958291188,0.0361742528256888,0.0,0.0,0.0,0.0,0.0,0.0,0.0,0.0,0.0,0.0,0.0,0.0,0.0,0.0,0.0,0.0,0.0,0.0,0.0,0.0,0.0,0.0,0.0,0.0,0.0,0.0,0.0,0.0,0.0,0.0535897614323478,0.0,0.0,0.0,0.3323714353371739,0.0,0.0,0.0,0.0
0.0,0.3467110692344359,0.3288780545515236,0.0,0.0668586980920285,0.6844645885422254,0.0,0.0,0.3347001727594482,0.3285091966936311,0.3424860204869359,0.0,0.3561639884030486,0.0,0.1101506164466982,0.0,0.0,0.3694970127119519,0.2831975453320759,0.0747029683680124,0.3065521825120252,0.0,0.699661088236118,0.5178857618285272,0.0995961527586892,0.6345453803016606,0.2787317724726996,0.0,0.0,0.218018369206578,0.0,0.2256244249911177,0.2478406745759986,0.0922390165298191,0.0,0.0,0.0,0.0,0.1606301666533615,0.0,0.4183175993311799,0.0,0.3484923167056584,0.0,0.0,0.0,0.0,0.5483136983333843,0.0,0.0927691588057569,0.3794773501014195,0.1242399496462546,0.8519977617915864,0.4232014548910409,0.0,0.30014362753027,0.0,0.5171966143649013,0.04272426571434,0.0105882809036197,0.0,0.0,0.0,0.3683337961071802,0.0136633243855955,0.3528804179435865,0.0,0.5218222776846712,0.0,0.0,0.0,0.2001522052120574,0.0995942699206573,0.0,0.0,0.0922666809149277
0.0,0.1820870352561731,0.7922895641583736,0.2046917392945259,0.7087715283055203,0.3648354140689486,0.2537991008177441,0.3347001727594482,0.0,0.3815815299005678,0.7824734365577055,0.2570371888132628,0.5466612000198937,0.392875557636838,0.0,0.0,0.0,0.0,0.7200744230555695,0.704821265248757,0.0,0.2486267488451318,0.3745842360503333,0.0,0.0,0.0,0.6385067384733797,0.6129636993617216,0.4472114166338136,0.6238631173511096,0.3318861171901401,0.0,0.0,0.0317949101505733,0.2048457446309194,0.4626486997174148,0.328275729710562,0.0825420145799141,0.0,0.0,0.0,0.0,0.4437468383602113,0.0,0.0,0.0,0.0,0.7290334252695702,0.0,0.0,0.0725791545849964,0.0,0.3925863282055979,0.9459434949111644,0.0,0.8256709291098853,0.0,0.0,0.5325544702917456,0.0,0.0,0.0,0.0,0.65914583862816,0.0,0.0,0.0,0.4664295953828125,0.0,0.0,0.0,0.5265037368786638,0.0,0.0,0.0,0.0
0.339749723516984,0.0,0.3348580210264109,0.0,0.0896286962698535,0.5742790567088135,0.2573022359110121,0.3285091966936311,0.3815815299005678,0.0,0.2080084657331367,0.6686526279521807,0.320000761278679,0.0,0.0,0.1913747492726563,0.5461171592821589,0.3322245792436829,0.3169811880537272,0.0,0.0,0.3582611260064399,0.5213412896878379,0.549814511451081,0.6688477130677077,0.7057393189995259,0.5830057648467284,0.0443814006040587,0.0,0.0,0.085418488133703,0.2822627139644179,0.1614906143471268,0.1591427947909754,0.0,0.0,0.0,0.2134583803916489,0.3143793676151917,0.1856961808740336,0.1418824097523056,0.0,0.0,0.0,0.1136449825677752,0.0,0.0,0.0,0.0,0.0,0.0,0.0,0.0,0.0,0.7256667561249974,0.0,0.5196355749310877,0.0,0.0,0.0,0.0,0.5813788596793636,0.3457456387453599,0.0,0.0,0.0,0.0,0.0,0.5607183656174957,0.5865219171416503,0.7332742192555626,0.0,0.1728315840937802,0.0,0.0,0.3354209563448351
0.0,0.0,0.7921429372876163,0.4810324914678013,0.7500994732506565,0.2224083183316478,0.2597677481393373,0.3424860204869359,0.7824734365577055,0.2080084657331367,0.0,0.1244104133358045,0.4895098181574996,0.3853066348463859,0.0,0.0,0.0,0.0,0.8133278158798501,0.0,0.0,0.0,0.2633999034455838,0.0,0.0,0.0,0.4743320855415546,0.6331323140286282,0.0,0.0,0.4456378573942318,0.0,0.0,0.0569546011282592,0.338744220489209,0.485159063923874,0.1736924532920714,0.1238991547902976,0.0,0.0,0.0,0.0,0.4642619720005767,0.0,0.0,0.0,0.0,0.6283032616316905,0.0,0.7460967538244259,0.0,0.5819197666880123,0.4500510103014026,0.7485838805809186,0.0,0.9067345261259953,0.0,0.5327525349781043,0.5748882615924601,0.0,0.0,0.0,0.0,0.7182945208680303,0.0,0.0,0.0,0.3471229810717434,0.0,0.0,0.0,0.2888082097921903,0.0,0.0,0.0,0.0
0.0,0.0,0.0,0.0,0.0,0.0,0.0,0.0,0.2570371888132628,0.6686526279521807,0.1244104133358045,0.0,0.4117813376006531,0.0,0.0,0.0,0.3282432068039259,0.4112127390465072,0.0,0.0,0.0,0.0,0.0,0.6115053869460072,0.2831781585175912,0.6471681624171456,0.0,0.0,0.0,0.0,0.0,0.2258939572207313,0.1061703072189012,0.0,0.0,0.0,0.0,0.0986150742617912,0.2353945931914791,0.2845736509817402,0.3326524268524439,0.0,0.0,0.0,0.1737368324052012,0.0,0.0,0.0,0.0,0.0,0.0,0.0,0.0,0.0,0.448705305222006,0.0,0.705747050446429,0.0,0.0,0.0,0.0,0.5397575415489068,0.0949542615589278,0.0,0.0,0.0,0.0,0.0,0.5317854326027588,0.2573200294703952,0.6616262246544407,0.0,0.0,0.0,0.0,0.4053839146422874
0.0,0.4234646731106489,0.5068432231142366,0.2024340838489217,0.4125443075417296,0.5975479810768924,0.2882119334243405,0.3561639884030486,0.5466612000198937,0.320000761278679,0.4895098181574996,0.4117813376006531,0.0,0.3122460617971654,0.4121528024343554,0.2176469409197511,0.5442640240534226,0.5795461127702147,0.518652270352138,0.5309154395846576,0.4955295856712693,0.3212165178026185,0.1829738709626771,0.4791125897160255,0.2489469051418102,0.6128730128121987,0.3208117932861671,0.6787132220170801,0.3636576381616009,0.4791184339546184,0.2166375908397073,0.0239721325962375,0.0,0.0754170693597158,0.2445318335583626,0.4639264961943442,0.4036074317807123,0.0,0.162129291663251,0.0,0.0,0.0,0.4051761278036027,0.0,0.0,0.0,0.0,0.3828935271872282,0.0,0.0,0.1091636108743196,0.0,0.2327445379778176,0.0,0.0,0.0,0.0,0.0,0.0,0.0,0.0,0.0,0.0,0.0,0.0,0.0,0.0,0.0439852563558851,0.0,0.0,0.0,0.1274169586295776,0.0,0.0655134051490792,0.0,0.0
0.0,0.0,0.2527425383031346,0.5278747169507496,0.7114817191525327,0.0,0.5629292559038633,0.0,0.392875557636838,0.0,0.3853066348463859,0.0,0.3122460617971654,0.0,0.0,0.0,0.0,0.0,0.205200151035488,0.0,0.1859450149263959,0.0,0.0,0.0,0.0,0.0,0.1911333493534933,0.4350096092520515,0.0,0.0,0.1985305592325741,0.0,0.0,0.0,0.0,0.7482766829810386,0.7080095106937452,0.0,0.0,0.0,0.0,0.0,0.1229420823476773,0.0,0.0,0.0,0.0,0.0327753879878983,0.0,0.0,0.0,0.0,0.0,0.2725058700822813,0.0,0.2850928403292487,0.0,0.0,0.0,0.0,0.0,0.0,0.0,0.0,0.0,0.0,0.0,0.0,0.0,0.0,0.0,0.0,0.0,0.0,0.0,0.0
0.0,0.0,0.0,0.0,0.0,0.093199330090346,0.0,0.1101506164466982,0.0,0.0,0.0,0.0,0.4121528024343554,0.0,0.0,0.0283596448143548,0.0,0.2742714123227561,0.0,0.8547265476519241,0.6376646857542803,0.3630171088648054,0.2092351207646339,0.1186257203715086,0.1090563368896487,0.3314776258819241,0.501853755647639,0.714125539267211,0.3982529418187713,0.0,0.5260966360267125,0.0,0.0,0.0903231392986612,0.1061031909633325,0.3986514399909728,0.0,0.0,0.0162308196096164,0.0,0.0,0.0,0.0,0.0,0.0,0.0,0.2249840261010951,0.0,0.0,0.0,0.0,0.0,0.1785394385257996,0.0,0.0,0.0,0.0,0.0,0.0,0.9557710512226733,0.2037259776616926,0.0,0.0,0.0,0.8070358694211118,0.5269450674101761,0.6634149762049454,0.302256269183498,0.0,0.0,0.2834253905482101,0.3731772043638507,0.6158649124868419,0.1356302270233453,0.0,0.0314813411258968
0.5420100033218024,0.3930893654745992,0.0,0.0,0.0,0.0605782125576656,0.0,0.0,0.0,0.1913747492726563,0.0,0.0,0.2176469409197511,0.0,0.0283596448143548,0.0,0.6651010478813416,0.6162485582828279,0.0,0.1040711574927641,0.2920811108398379,0.5021704748036316,0.0,0.0613331860182412,0.4098797590410504,0.3311103195860729,0.0,0.1280573628026133,0.1499599798157322,0.0,0.3470457317900888,0.3741461704337564,0.2410129677898216,0.3813270997814819,0.0,0.0,0.0,0.0,0.2557480779463524,0.2376698471708877,0.2742016044619438,0.1729008167083304,0.0,0.0,0.0,0.347982914813969,0.0,0.0,0.0,0.0,0.0,0.0,0.0,0.0,0.0,0.0,0.0,0.0,0.0,0.0830684869968055,0.3927883518183634,0.0,0.2810363070531775,0.0,0.0,0.079915313672953,0.0,0.0,0.0,0.0,0.03311762629949,0.0,0.0,0.0,0.0,0.1473463988539853
0.5042841521846145,0.0,0.0,0.0,0.0,0.0,0.0460560308547546,0.0,0.0,0.5461171592821589,0.0,0.3282432068039259,0.5442640240534226,0.0,0.0,0.6651010478813416,0.0,0.7145189864140411,0.0,0.4931761222693218,0.0,0.5478519658697917,0.0,0.5057955923938591,0.4513892716953983,0.6829501046800199,0.0,0.3654797668309567,0.0,0.0,0.3502061236398687,0.3620828214341097,0.1795100882676363,0.3807439727206345,0.0141610233788457,0.0,0.0,0.1773666334158709,0.0,0.1367247776503001,0.0321222508261822,0.0,0.0,0.0,0.0,0.0,0.0,0.0,0.0,0.0,0.0,0.0,0.0,0.0,0.4353443369687806,0.0,0.3452305768595889,0.0,0.0,0.0,0.0,0.5957221414879067,0.4243985561952269,0.0,0.0,0.0,0.0,0.0,0.3594234093038101,0.1046601198200938,0.4948478974295642,0.0,0.0,0.0,0.0,0.0
0.0,0.371301873172573,0.0,0.0,0.0,0.5258315650620718,0.0,0.3694970127119519,0.0,0.3322245792436829,0.0,0.4112127390465072,0.5795461127702147,0.0,0.2742714123227561,0.6162485582828279,0.7145189864140411,0.0,0.0,0.2693637575303401,0.3382437162265052,0.0830639552760181,0.2098832018925792,0.2678727675762001,0.1655864444776771,0.5810607142242904,0.1215845126683962,0.280726572892736,0.0,0.0,0.1651002885348021,0.3808615593662443,0.3347037769708448,0.2975563930238162,0.0,0.0,0.0,0.0,0.2824171575063647,0.3863661667364673,0.3735995702108414,0.2863132774545189,0.0,0.0,0.0,0.0,0.2161299125875174,0.0,0.0,0.0,0.0,0.0,0.0,0.0,0.0988765179387068,0.0,0.2657827446675718,0.0,0.0,0.0,0.522420000982784,0.5674180775862443,0.3902489356403869,0.0,0.0,0.0,0.2278227389962827,0.0,0.0922246636420962,0.0,0.3049481867786135,0.0,0.0,0.0,0.0,0.2015079905144327
0.0,0.0,0.8596556441124029,0.2340530706026738,0.4908874795368643,0.3013081284408695,0.1586341095137401,0.2831975453320759,0.7200744230555695,0.3169811880537272,0.8133278158798501,0.0,0.518652270352138,0.205200151035488,0.0,0.0,0.0,0.0,0.0,0.0,0.0,0.0,0.184074791448668,0.0,0.0,0.0,0.4902191731978684,0.6304233289280209,0.0,0.0,0.4047245043030465,0.0,0.0,0.0503257446934207,0.183894302193918,0.350685748648138,0.1053700597533049,0.0,0.0995884201147938,0.0,0.0,0.0,0.4231048112014929,0.0,0.0,0.0,0.0,0.6625800567943977,0.0,0.0,0.0,0.0,0.3660493863737465,0.6226081152785615,0.0,0.7728557399826201,0.0,0.0,0.3593056840644665,0.0,0.0,0.0,0.0,0.9066732994208112,0.0,0.0,0.0,0.3025310937445146,0.0,0.0,0.0,0.3420911033786079,0.0,0.0,0.0,0.0
0.2704182955196346,0.1895283733210836,0.0,0.0,0.4115463022544998,0.124504831988658,0.1354988961791757,0.0747029683680124,0.704821265248757,0.0,0.0,0.0,0.5309154395846576,0.0,0.8547265476519241,0.1040711574927641,0.4931761222693218,0.2693637575303401,0.0,0.0,0.5803947114026282,0.6722089426878712,0.0769767424039479,0.0,0.2830465181222519,0.4248283406087765,0.4993310974794534,0.7740214789588541,0.540323341595995,0.6886050403105114,0.4506163019045454,0.0,0.0,0.0,0.0882694412359916,0.4623020756119876,0.4023175284707477,0.0,0.0,0.0,0.0,0.0,0.0,0.0,0.0,0.0,0.1373042727348577,0.0,0.0,0.0,0.1248163218953507,0.0,0.0848129784253192,0.0,0.0,0.0,0.0,0.0,0.0,0.8177850703305811,0.0,0.0,0.0,0.0,0.9054773380317276,0.4154487402130715,0.7253861488004146,0.2004678320162535,0.0,0.0,0.4147600055953641,0.4722216908983103,0.5911825290515326,0.3470434275825625,0.0,0.0365709399199905
0.3259598895760838,0.1784454878835025,0.0,0.0,0.0,0.2661047347808571,0.0,0.3065521825120252,0.0,0.0,0.0,0.0,0.4955295856712693,0.1859450149263959,0.6376646857542803,0.2920811108398379,0.0,0.3382437162265052,0.0,0.5803947114026282,0.0,0.3597620274090735,0.417334515673501,0.4852380063817432,0.3204570550520144,0.5747538290203957,0.4429530016720913,0.5086557699258731,0.4466974505226183,0.537519263702551,0.5753456075651414,0.2735796379081407,0.1761969964217209,0.389633852842895,0.2053785719829952,0.2896940498846437,0.0,0.0,0.3191502234532528,0.1128641824112269,0.0,0.1206707755027306,0.0,0.0,0.0,0.4759942102192436,0.2455754239093918,0.0,0.0,0.0,0.0638228228008387,0.0,0.305466922841803,0.0,0.0,0.0,0.0,0.0,0.0,0.5546844832386512,0.1345509319145362,0.0,0.0,0.0,0.4653409920410674,0.8213420509807198,0.3857630127828578,0.3712070005032633,0.0,0.1872358319941079,0.4656587138641507,0.2409160339527542,0.2864767068547897,0.1781574533474335,0.0,0.0
0.8357526259861313,0.4920840901841517,0.0,0.0,0.0792109150506227,0.0,0.3879043992206281,0.0,0.2486267488451318,0.3582611260064399,0.0,0.0,0.3212165178026185,0.0,0.3630171088648054,0.5021704748036316,0.5478519658697917,0.0830639552760181,0.0,0.6722089426878712,0.3597620274090735,0.0,0.0,0.0,0.5988992006029906,0.2723647628014589,0.3438147013096675,0.4657774020540142,0.7542865377366234,0.3115498220997988,0.4248772292236386,0.0,0.0,0.1271113144185107,0.2072667357666889,0.3926169537565258,0.520522040637855,0.0,0.1035756064262813,0.0,0.0,0.0,0.0,0.0,0.0,0.6364660595543984,0.0,0.0,0.0,0.0,0.2302355396209474,0.0,0.0,0.0,0.0,0.0,0.0,0.0,0.0,0.3440175987004242,0.4180476877604478,0.0,0.3185943110224042,0.0,0.5109223500257055,0.1248811133602075,0.4784417541845295,0.0,0.0,0.308425210959146,0.2307146535284776,0.3539089749020142,0.0,0.783291276964298,0.0,0.0
0.0,0.3934138311301842,0.3338314718991291,0.0,0.1672810138878909,0.6426603604495577,0.0063086034616899,0.699661088236118,0.3745842360503333,0.5213412896878379,0.2633999034455838,0.0,0.1829738709626771,0.0,0.2092351207646339,0.0,0.0,0.2098832018925792,0.184074791448668,0.0769767424039479,0.417334515673501,0.0,0.0,0.4259678391854345,0.3361924713299539,0.6144962334973589,0.5078999720383451,0.0,0.0,0.2160601585216082,0.0,0.1750535324363472,0.2301212669892346,0.138376959793971,0.0,0.0,0.0,0.0,0.1701443344915658,0.2797577731175312,0.3046827113368192,0.138532864725109,0.2374314659221226,0.0,0.0,0.0,0.6568144821833148,0.519600554001445,0.0,0.1189248187985254,0.4894836023590783,0.3017835045757095,0.6784066703088427,0.4473242513022044,0.0,0.2864899417004648,0.0,0.4694750969038912,0.1125706153102048,0.1102699511228746,0.0,0.0,0.0,0.2450542195305598,0.0878985201062759,0.4530966192754133,0.2323590516194603,0.8594458325315232,0.0,0.0,0.6324524058263219,0.4279896839152047,0.0508864807487459,0.0,0.1924761688495534,0.2665094047633232
0.2499189494425104,0.0,0.0,0.0,0.0,0.0,0.0,0.5178857618285272,0.0,0.549814511451081,0.0,0.6115053869460072,0.4791125897160255,0.0,0.1186257203715086,0.0613331860182412,0.5057955923938591,0.2678727675762001,0.0,0.0,0.4852380063817432,0.0,0.4259678391854345,0.0,0.1840496498596709,0.6418968824250639,0.1954018931256509,0.2240024565132471,0.0,0.0,0.0,0.3685008007179906,0.1620796930058659,0.1991560851707333,0.0204235409994113,0.0,0.0,0.3223825835791499,0.4359833930754372,0.2154232561595581,0.1175142525397618,0.0,0.0,0.0,0.3470257621994507,0.3851118782987882,0.0,0.0,0.0,0.0,0.0,0.0,0.0,0.0,0.4216306313491292,0.0,0.5693743418414408,0.0,0.0,0.0,0.2891004818311327,0.5029603175124467,0.0940305679632342,0.0,0.0,0.0,0.0,0.0,0.8151767845739959,0.1619282828765993,0.6830486377251401,0.0,0.0,0.0,0.0,0.2080394555134846
0.6301284996647727,0.8226777686074114,0.0,0.0,0.1045618279209588,0.3608152738889674,0.5199916254919743,0.0995961527586892,0.0,0.6688477130677077,0.0,0.2831781585175912,0.2489469051418102,0.0,0.1090563368896487,0.4098797590410504,0.4513892716953983,0.1655864444776771,0.0,0.2830465181222519,0.3204570550520144,0.5988992006029906,0.3361924713299539,0.1840496498596709,0.0,0.618643930652458,0.5110673237880643,0.0,0.4010519470849782,0.0,0.104722250912271,0.1033329115871843,0.0,0.0623223678098183,0.081152130968802,0.0,0.0,0.0280895908897483,0.0891603046787912,0.0,0.0,0.0,0.0,0.0,0.0,0.547155405651396,0.3720490609062585,0.0,0.0,0.0,0.0,0.0,0.0,0.0,0.6226248011832574,0.0,0.1362963391386852,0.0,0.0,0.0,0.3341366980377203,0.3365129597138437,0.2534486835876767,0.0,0.1420332405604533,0.2420010977782715,0.175651288329556,0.0,0.210986539404688,0.624037802182705,0.5026904997610793,0.0,0.0,0.0,0.0,0.0396922557259778
0.2392323057356004,0.700049985497599,0.0,0.0,0.0,0.7295006455387394,0.0448494960594571,0.6345453803016606,0.0,0.7057393189995259,0.0,0.6471681624171456,0.6128730128121987,0.0,0.3314776258819241,0.3311103195860729,0.6829501046800199,0.5810607142242904,0.0,0.4248283406087765,0.5747538290203957,0.2723647628014589,0.6144962334973589,0.6418968824250639,0.618643930652458,0.0,0.4621816345903908,0.1741438458564791,0.1108439735765349,0.0,0.0,0.2971142837074782,0.1318047036839585,0.110175418111145,0.0,0.0,0.0,0.2104459956244812,0.2391647742326325,0.1979849438506137,0.1559346692299558,0.0,0.0,0.0,0.2330682753509946,0.2502563424428541,0.5112232031196995,0.0,0.0,0.0,0.0,0.0,0.0,0.0,0.515379424987543,0.0,0.4770766077987515,0.0,0.0,0.2519255829786965,0.4413716933819698,0.6588495564493182,0.1825387171017622,0.0,0.3091084109184005,0.3700447496186358,0.3142194547093751,0.3813923071122362,0.4952172991641393,0.2793899364479233,0.8046690500337145,0.3491245137066372,0.0,0.0,0.0,0.1449244506747318
0.1508815128008973,0.4651725349749654,0.5498058221293577,0.1018507420739828,0.5392094519882016,0.5222667856117811,0.4663994112160529,0.2787317724726996,0.6385067384733797,0.5830057648467284,0.4743320855415546,0.0,0.3208117932861671,0.1911333493534933,0.501853755647639,0.0,0.0,0.1215845126683962,0.4902191731978684,0.4993310974794534,0.4429530016720913,0.3438147013096675,0.5078999720383451,0.1954018931256509,0.5110673237880643,0.4621816345903908,0.0,0.2491160079849106,0.5188552067662965,0.3519552205304322,0.2774551604569369,0.0460647305429584,0.0,0.1208929065420603,0.1006219555791751,0.1745097373454401,0.0551905952854626,0.0,0.1695224047604292,0.0,0.0,0.0,0.215618367485976,0.0,0.0,0.0,0.5969088756787913,0.4583063038580827,0.0,0.0,0.1543397535455412,0.6097295748951103,0.2674037490298273,0.5518172737807514,0.0,0.5266879502813158,0.0,0.3764427246082824,0.3501812053954088,0.4670569099776951,0.0,0.0,0.0,0.4674536192277235,0.5061271289592884,0.4874406792488486,0.5438570103925707,0.5316006888781001,0.0,0.0,0.4939967142127027,0.8627605870796673,0.2246407952717771,0.2061039677734505,0.2480752368004989,0.0992784878280539
0.2181538383129346,0.0,0.596557703819523,0.3838460504116684,0.5206803702298273,0.0392944262592743,0.233090582685565,0.0,0.6129636993617216,0.0443814006040587,0.6331323140286282,0.0,0.6787132220170801,0.4350096092520515,0.714125539267211,0.1280573628026133,0.3654797668309567,0.280726572892736,0.6304233289280209,0.7740214789588541,0.5086557699258731,0.4657774020540142,0.0,0.2240024565132471,0.0,0.1741438458564791,0.2491160079849106,0.0,0.5199159699242764,0.7502596041156997,0.6205544981250397,0.0,0.0,0.1249222380040783,0.3668686137352629,0.6780448592817185,0.5205853686603873,0.0,0.0,0.0,0.0,0.0,0.3864308421289007,0.0,0.0,0.0,0.0,0.0,0.0,0.0,0.0,0.0,0.0,0.0,0.0,0.0,0.0,0.0,0.0,0.6513631189143276,0.0,0.0,0.0,0.0,0.70161644201783,0.3300593200175345,0.0,0.0,0.0,0.0,0.0,0.0973177633712033,0.6723255294574805,0.3006337374709213,0.0,0.0
0.6428196991526679,0.2382757480300697,0.0,0.0,0.4563262923925106,0.0480465712245565,0.633453161973737,0.0,0.4472114166338136,0.0,0.0,0.0,0.3636576381616009,0.0,0.3982529418187713,0.1499599798157322,0.0,0.0,0.0,0.540323341595995,0.4466974505226183,0.7542865377366234,0.0,0.0,0.4010519470849782,0.1108439735765349,0.5188552067662965,0.5199159699242764,0.0,0.4163944487328558,0.5827446406930366,0.0,0.0,0.2061134693691701,0.3411242259209096,0.473571850196396,0.6062777775134816,0.0,0.167586694751214,0.0,0.0,0.0,0.0,0.0,0.0,0.0,0.0,0.0,0.0,0.0,0.0822162331541693,0.0,0.0,0.0,0.0,0.0,0.0,0.1396573487164822,0.0,0.3994992856145508,0.0,0.0,0.0,0.0,0.558915294103446,0.2921888355328287,0.6627986509669872,0.0477305573618763,0.0,0.0,0.2182788106110082,0.4289633510847032,0.2161690995092125,0.8274997626461517,0.0,0.0
0.0,0.0,0.6701272419623334,0.0,0.0,0.2286760864749668,0.0,0.218018369206578,0.6238631173511096,0.0,0.0,0.0,0.4791184339546184,0.0,0.0,0.0,0.0,0.0,0.0,0.6886050403105114,0.537519263702551,0.3115498220997988,0.2160601585216082,0.0,0.0,0.0,0.3519552205304322,0.7502596041156997,0.4163944487328558,0.0,0.5332887275605431,0.0558059725943998,0.0,0.2761420545694686,0.2385156329168936,0.0,0.0,0.0,0.240857574486081,0.0,0.0,0.0,0.0,0.0,0.0,0.0,0.0,0.0,0.0,0.0,0.0,0.0,0.0,0.0,0.0,0.0,0.0,0.0,0.0,0.0,0.0,0.0,0.0,0.0,0.6686624765881632,0.0,0.0,0.2931059390620516,0.0,0.0,0.0,0.2057895799305963,0.0,0.0,0.0,0.0
0.3685954198249851,0.0,0.3289890101491112,0.0,0.4399457255919596,0.0,0.4414164473648118,0.0,0.3318861171901401,0.085418488133703,0.4456378573942318,0.0,0.2166375908397073,0.1985305592325741,0.5260966360267125,0.3470457317900888,0.3502061236398687,0.1651002885348021,0.4047245043030465,0.4506163019045454,0.5753456075651414,0.4248772292236386,0.0,0.0,0.104722250912271,0.0,0.2774551604569369,0.6205544981250397,0.5827446406930366,0.5332887275605431,0.0,0.1469628003864392,0.1465605949460073,0.5884734097610818,0.4630556871307694,0.4479506351983009,0.289784319246403,0.3111566886857287,0.2157346510131797,0.0,0.0,0.0,0.0,0.0,0.0,0.457870938587644,0.0,0.0,0.0,0.0,0.0,0.0,0.0,0.0,0.1779414500210074,0.0,0.0,0.0,0.0,0.4636318246733294,0.0,0.0,0.3526925482025326,0.0,0.3433853606418168,0.4861826968661071,0.2919599299360298,0.0,0.0,0.1145613152882906,0.0,0.0695767519937775,0.3423629399377244,0.3218994869585492,0.0,0.0
0.1419577775524026,0.2696978223134315,0.0,0.0,0.0,0.274715152813262,0.0,0.2256244249911177,0.0,0.2822627139644179,0.0,0.2258939572207313,0.0239721325962375,0.0,0.0,0.3741461704337564,0.3620828214341097,0.3808615593662443,0.0,0.0,0.2735796379081407,0.0,0.1750535324363472,0.3685008007179906,0.1033329115871843,0.2971142837074782,0.0460647305429584,0.0,0.0,0.0558059725943998,0.1469628003864392,0.0,0.6813658732955397,0.5526768788805227,0.0,0.0,0.0,0.4036252500090146,0.834493197543162,0.7155137783978036,0.6240302591201914,0.4036300119398868,0.1288958997080223,0.0,0.4034658855339487,0.1969210166148405,0.270352126417672,0.0,0.0,0.0,0.0518073291525595,0.0,0.18762598571042,0.0,0.0,0.0,0.1158164164325775,0.1888121427800534,0.0,0.0,0.0515965493091603,0.0,0.0,0.0821845140267781,0.0,0.2149774335121804,0.0,0.0519480492601468,0.2995002990127519,0.0,0.2469910492839299,0.0,0.0,0.0,0.0,0.227565176974668
0.0,0.0,0.0,0.0,0.0,0.2126928159542323,0.0,0.2478406745759986,0.0,0.1614906143471268,0.0,0.1061703072189012,0.0,0.0,0.0,0.2410129677898216,0.1795100882676363,0.3347037769708448,0.0,0.0,0.1761969964217209,0.0,0.2301212669892346,0.1620796930058659,0.0,0.1318047036839585,0.0,0.0,0.0,0.0,0.1465605949460073,0.6813658732955397,0.0,0.6249522555092186,0.0,0.0,0.0,0.5279402503614823,0.533959198990534,0.8257384200422397,0.6164628604612971,0.5165238894939128,0.0,0.0,0.3590141308273578,0.0202368587112427,0.2761057904022775,0.0,0.0,0.0,0.0,0.0,0.0,0.0,0.0,0.0,0.0,0.0,0.0,0.0,0.0456202833570944,0.1048669184160279,0.0,0.0,0.0,0.1878189334269351,0.0,0.1437655217264258,0.206654680780036,0.0,0.0887200017251782,0.0,0.0,0.0,0.0,0.1821128769601278
0.2702311956737583,0.0466518033992059,0.0,0.0938679337702874,0.0,0.1046080295926358,0.1809665594807317,0.0922390165298191,0.0317949101505733,0.1591427947909754,0.0569546011282592,0.0,0.0754170693597158,0.0,0.0903231392986612,0.3813270997814819,0.3807439727206345,0.2975563930238162,0.0503257446934207,0.0,0.389633852842895,0.1271113144185107,0.138376959793971,0.1991560851707333,0.0623223678098183,0.110175418111145,0.1208929065420603,0.1249222380040783,0.2061134693691701,0.2761420545694686,0.5884734097610818,0.5526768788805227,0.6249522555092186,0.0,0.2222877512317008,0.0,0.0,0.5502097540452979,0.5216265788249854,0.5244537239552084,0.3163441633997229,0.3450042532069283,0.1282763873695359,0.0,0.3622393917331535,0.4061688200473219,0.1464237200581074,0.0,0.0,0.0,0.0,0.0,0.1319457862614955,0.0,0.0,0.0,0.0,0.0,0.0,0.0195046297549549,0.0,0.0,0.1090302883493258,0.0,0.0,0.3672036911280354,0.0,0.0833617965429065,0.1501829604880754,0.0338079455387344,0.0774112465683505,0.0,0.0998705607875562,0.0614437602980793,0.0,0.0
0.3049317356308413,0.0,0.1284582138921024,0.4904687475176377,0.52732851585515,0.0,0.6339736697781094,0.0,0.2048457446309194,0.0,0.338744220489209,0.0,0.2445318335583626,0.0,0.1061031909633325,0.0,0.0141610233788457,0.0,0.183894302193918,0.0882694412359916,0.2053785719829952,0.2072667357666889,0.0,0.0204235409994113,0.081152130968802,0.0,0.1006219555791751,0.3668686137352629,0.3411242259209096,0.2385156329168936,0.4630556871307694,0.0,0.0,0.2222877512317008,0.0,0.5217186886677293,0.3768582235946081,0.132789286438049,0.0,0.0,0.0,0.0392711484960359,0.0,0.1571230138953789,0.1124117437758263,0.0,0.0,0.0,0.0,0.0,0.0,0.0,0.0,0.0,0.0,0.0,0.0279519021224694,0.0,0.0,0.0,0.0,0.0,0.1357994702758218,0.0,0.0468311355253831,0.1117130668953889,0.0,0.0,0.0,0.0886349522271632,0.0,0.0,0.0,0.1567006369641922,0.0,0.0
0.0,0.0,0.3394551314174275,0.531449533738239,0.6795141438712263,0.0,0.5585643609870423,0.0,0.4626486997174148,0.0,0.485159063923874,0.0,0.4639264961943442,0.7482766829810386,0.3986514399909728,0.0,0.0,0.0,0.350685748648138,0.4623020756119876,0.2896940498846437,0.3926169537565258,0.0,0.0,0.0,0.0,0.1745097373454401,0.6780448592817185,0.473571850196396,0.0,0.4479506351983009,0.0,0.0,0.0,0.5217186886677293,0.0,0.802653007386718,0.0,0.0,0.0,0.0,0.0,0.2602040241706359,0.4394381965971921,0.0,0.0,0.0,0.0974953483186899,0.0,0.0,0.0,0.4986107460662827,0.0,0.3324523712073693,0.0,0.3820670623225225,0.215474869673486,0.0527095841010677,0.6366547907952963,0.0,0.0,0.0,0.0,0.178054039834111,0.0,0.0,0.0,0.0,0.0,0.0,0.0,0.0830863961842369,0.1132771698536814,0.3529058680925639,0.0,0.0
0.0,0.0,0.1472845628023613,0.3271083955245716,0.4657203782215245,0.0,0.5290822958291188,0.0,0.328275729710562,0.0,0.1736924532920714,0.0,0.4036074317807123,0.7080095106937452,0.0,0.0,0.0,0.0,0.1053700597533049,0.4023175284707477,0.0,0.520522040637855,0.0,0.0,0.0,0.0,0.0551905952854626,0.5205853686603873,0.6062777775134816,0.0,0.289784319246403,0.0,0.0,0.0,0.3768582235946081,0.802653007386718,0.0,0.0,0.0,0.0,0.0,0.0,0.0,0.0,0.0,0.0,0.0,0.0,0.0,0.0,0.0,0.0,0.0,0.0,0.0,0.0,0.0,0.0,0.0,0.0,0.0,0.0,0.0,0.0,0.0,0.0,0.0,0.0,0.0,0.0,0.0,0.0,0.0,0.0,0.0,0.0
0.0,0.0,0.0,0.0,0.067963063857935,0.0,0.0361742528256888,0.0,0.0825420145799141,0.2134583803916489,0.1238991547902976,0.0986150742617912,0.0,0.0,0.0,0.0,0.1773666334158709,0.0,0.0,0.0,0.0,0.0,0.0,0.3223825835791499,0.0280895908897483,0.2104459956244812,0.0,0.0,0.0,0.0,0.3111566886857287,0.4036252500090146,0.5279402503614823,0.5502097540452979,0.132789286438049,0.0,0.0,0.0,0.2945178142700229,0.4349362430438313,0.26725987613035,0.4214302453674254,0.0,0.0,0.7020305037125941,0.0,0.0,0.0,0.0,0.0,0.0,0.0,0.0,0.0,0.0,0.0,0.065196560939262,0.0,0.0,0.0,0.0,0.0,0.0,0.0,0.0,0.0,0.0,0.0,0.326008855511595,0.0,0.1918969779974908,0.0,0.0,0.0,0.0,0.0
0.2311210255550251,0.2666548311447655,0.0,0.0,0.0,0.3176724076800471,0.0,0.1606301666533615,0.0,0.3143793676151917,0.0,0.2353945931914791,0.162129291663251,0.0,0.0162308196096164,0.2557480779463524,0.0,0.2824171575063647,0.0995884201147938,0.0,0.3191502234532528,0.1035756064262813,0.1701443344915658,0.4359833930754372,0.0891603046787912,0.2391647742326325,0.1695224047604292,0.0,0.167586694751214,0.240857574486081,0.2157346510131797,0.834493197543162,0.533959198990534,0.5216265788249854,0.0,0.0,0.0,0.2945178142700229,0.0,0.6513341483572295,0.4717228532317759,0.2426442870163163,0.1916591663528067,0.0,0.3260930260226925,0.3721137615442622,0.3097637881951389,0.0,0.0,0.0,0.0,0.1105115300532448,0.1682410260280565,0.0,0.0833302373243273,0.0,0.2401762252078629,0.3201953157719387,0.0,0.0,0.0839378773432128,0.294249798871626,0.061287898467527,0.1251084288740415,0.0,0.3005998990196835,0.0454474907352567,0.0367213247861655,0.4466874425632052,0.0692040187729881,0.321493898903587,0.0,0.1148743763038856,0.0665463685119003,0.2370471723228266,0.2593483070290284
0.0,0.1114477748925405,0.0,0.0,0.0,0.0,0.0,0.0,0.0,0.1856961808740336,0.0,0.2845736509817402,0.0,0.0,0.0,0.2376698471708877,0.1367247776503001,0.3863661667364673,0.0,0.0,0.1128641824112269,0.0,0.2797577731175312,0.2154232561595581,0.0,0.1979849438506137,0.0,0.0,0.0,0.0,0.0,0.7155137783978036,0.8257384200422397,0.5244537239552084,0.0,0.0,0.0,0.4349362430438313,0.6513341483572295,0.0,0.8185300515410351,0.4429887557437106,0.1401697305994397,0.0,0.3807775110748069,0.0479271088361201,0.4564854370802566,0.0,0.0,0.0,0.0,0.0,0.4058098671897883,0.0,0.0,0.0,0.0380003268556166,0.2621786633943664,0.0,0.0,0.096335397191557,0.2088856205599978,0.0,0.0,0.0,0.2265436376801528,0.0,0.1194288478609852,0.2902268965056691,0.0,0.2324526197296605,0.0,0.0565482177075989,0.0,0.050334517043353,0.4039676096993664
0.0,0.1408361529670514,0.0,0.0,0.0,0.3672706208579013,0.0,0.4183175993311799,0.0,0.1418824097523056,0.0,0.3326524268524439,0.0,0.0,0.0,0.2742016044619438,0.0321222508261822,0.3735995702108414,0.0,0.0,0.0,0.0,0.3046827113368192,0.1175142525397618,0.0,0.1559346692299558,0.0,0.0,0.0,0.0,0.0,0.6240302591201914,0.6164628604612971,0.3163441633997229,0.0,0.0,0.0,0.26725987613035,0.4717228532317759,0.8185300515410351,0.0,0.3974457446094609,0.0323217013206352,0.0,0.203124936919259,0.0,0.4725033441425852,0.0,0.0,0.0,0.1273515958133415,0.0,0.4493167440702925,0.0,0.0,0.0,0.0,0.1292796035877565,0.0,0.0,0.1376872938459191,0.085034024498355,0.0,0.0551707572358041,0.0,0.0450634267235178,0.0,0.1955917359334827,0.1768454852952651,0.0,0.1907520921870801,0.0,0.0476727166178634,0.0,0.0525298871745278,0.6173922744405962
0.0,0.0,0.0,0.0,0.0,0.0243773055607138,0.0,0.0,0.0,0.0,0.0,0.0,0.0,0.0,0.0,0.1729008167083304,0.0,0.2863132774545189,0.0,0.0,0.1206707755027306,0.0,0.138532864725109,0.0,0.0,0.0,0.0,0.0,0.0,0.0,0.0,0.4036300119398868,0.5165238894939128,0.3450042532069283,0.0392711484960359,0.0,0.0,0.4214302453674254,0.2426442870163163,0.4429887557437106,0.3974457446094609,0.0,0.2063085509011196,0.0,0.2447103056664432,0.0,0.1570745604290179,0.0,0.0,0.0,0.0,0.0,0.3650776994391325,0.0,0.0,0.0,0.0,0.0201254677862508,0.0,0.0,0.0,0.0,0.0,0.1138013271412098,0.0,0.2361883594218158,0.0,0.1325888368506915,0.0,0.0,0.0,0.0,0.0011864740843815,0.0,0.0,0.0245714930691155
0.0,0.0,0.4270438550635612,0.0,0.3562550351053299,0.2859353270072582,0.0,0.3484923167056584,0.4437468383602113,0.0,0.4642619720005767,0.0,0.4051761278036027,0.1229420823476773,0.0,0.0,0.0,0.0,0.4231048112014929,0.0,0.0,0.0,0.2374314659221226,0.0,0.0,0.0,0.215618367485976,0.3864308421289007,0.0,0.0,0.0,0.1288958997080223,0.0,0.1282763873695359,0.0,0.2602040241706359,0.0,0.0,0.1916591663528067,0.1401697305994397,0.0323217013206352,0.2063085509011196,0.0,0.1543922892549195,0.3459083046060998,0.0,0.0,0.3774976814495068,0.2605673405737351,0.4645111434261327,0.0405385880852434,0.429355957532654,0.4689447232686769,0.4094958383252425,0.3419391310258065,0.4825618595539352,0.3440484364506635,0.5275837847238909,0.3461461365459183,0.399028561404722,0.0,0.4509005807454704,0.0,0.4577766826682026,0.3014221072858428,0.5184666414916684,0.1782971015463632,0.2745965038320712,0.2425492116351373,0.0521331144431793,0.3328496428346978,0.1039105742329549,0.3849775374258452,0.0,0.0,0.0975122680349708
0.0,0.0,0.0,0.0,0.0,0.0,0.0,0.0,0.0,0.0,0.0,0.0,0.0,0.0,0.0,0.0,0.0,0.0,0.0,0.0,0.0,0.0,0.0,0.0,0.0,0.0,0.0,0.0,0.0,0.0,0.0,0.0,0.0,0.0,0.1571230138953789,0.4394381965971921,0.0,0.0,0.0,0.0,0.0,0.0,0.1543922892549195,0.0,0.0,0.0,0.0,0.2013380255229409,0.4915287050523474,0.5302491509604854,0.0,0.4134499066545214,0.0,0.3864375867299098,0.6670170007318185,0.3598679409565048,0.4216087283510881,0.3013411371641366,0.5693296628790602,0.0,0.0,0.0,0.0,0.1503888693542226,0.0,0.0,0.0,0.0036694741887068,0.0,0.0,0.0,0.2999809466908745,0.3324382478464603,0.4132883657875999,0.0,0.0
0.0,0.0,0.0,0.0,0.0,0.0,0.0,0.0,0.0,0.1136449825677752,0.0,0.1737368324052012,0.0,0.0,0.0,0.0,0.0,0.0,0.0,0.0,0.0,0.0,0.0,0.3470257621994507,0.0,0.2330682753509946,0.0,0.0,0.0,0.0,0.0,0.4034658855339487,0.3590141308273578,0.3622393917331535,0.1124117437758263,0.0,0.0,0.7020305037125941,0.3260930260226925,0.3807775110748069,0.203124936919259,0.2447103056664432,0.3459083046060998,0.0,0.0,0.1003526477476753,0.0,0.0,0.0,0.0,0.0,0.1880612381140503,0.0,0.1546473867808686,0.0400009683704597,0.0704187159408989,0.1596134492844043,0.2453518756720892,0.0,0.0,0.0,0.1738903081053399,0.0,0.0,0.0,0.0,0.0,0.0,0.2824299166285775,0.0,0.2312534326308721,0.0,0.0964485105272921,0.0,0.0,0.0
0.8522643828446269,0.38813475903176,0.0,0.0,0.0,0.0,0.0,0.0,0.0,0.0,0.0,0.0,0.0,0.0,0.0,0.347982914813969,0.0,0.0,0.0,0.0,0.4759942102192436,0.6364660595543984,0.0,0.3851118782987882,0.547155405651396,0.2502563424428541,0.0,0.0,0.0,0.0,0.457870938587644,0.1969210166148405,0.0202368587112427,0.4061688200473219,0.0,0.0,0.0,0.0,0.3721137615442622,0.0479271088361201,0.0,0.0,0.0,0.0,0.1003526477476753,0.0,0.1595655659130776,0.0,0.0,0.0,0.1453976768376164,0.0,0.0,0.0,0.5164171472642478,0.0,0.0828962495306621,0.0463207330197988,0.0,0.0608693280145811,0.2844240740637002,0.0,0.3283159197844519,0.0,0.1546915198649309,0.4118431657219997,0.3134905806974216,0.2002282376893627,0.4854914482558874,0.588173785226024,0.4150262912025359,0.2571650854656505,0.0247886572048751,0.617457040962794,0.0,0.0624952950107713
0.0,0.4679809455830095,0.0,0.0,0.0,0.0,0.0,0.0,0.0,0.0,0.0,0.0,0.0,0.0,0.2249840261010951,0.0,0.0,0.2161299125875174,0.0,0.1373042727348577,0.2455754239093918,0.0,0.6568144821833148,0.0,0.3720490609062585,0.5112232031196995,0.5969088756787913,0.0,0.0,0.0,0.0,0.270352126417672,0.2761057904022775,0.1464237200581074,0.0,0.0,0.0,0.0,0.3097637881951389,0.4564854370802566,0.4725033441425852,0.1570745604290179,0.0,0.0,0.0,0.1595655659130776,0.0,0.0,0.0,0.0,0.2987825718105952,0.4137772481382415,0.6463080892773394,0.3907544982800053,0.4151860742509188,0.0,0.0,0.562076633260991,0.0,0.1732151142761211,0.318488716649936,0.4743870828488575,0.1975467157548334,0.0,0.1493470715329304,0.463625012981966,0.353528178062697,0.678552553446199,0.0,0.6534843100092886,0.7328574918922725,0.5673230106793252,0.2178965561036892,0.0,0.0,0.4405399269483799
0.0,0.0,0.8350258305605243,0.0,0.338559358941692,0.430904813201436,0.0,0.5483136983333843,0.7290334252695702,0.0,0.6283032616316905,0.0,0.3828935271872282,0.0327753879878983,0.0,0.0,0.0,0.0,0.6625800567943977,0.0,0.0,0.0,0.519600554001445,0.0,0.0,0.0,0.4583063038580827,0.0,0.0,0.0,0.0,0.0,0.0,0.0,0.0,0.0974953483186899,0.0,0.0,0.0,0.0,0.0,0.0,0.3774976814495068,0.2013380255229409,0.0,0.0,0.0,0.0,0.0696689179988067,0.4325203309290212,0.3745611692910435,0.2469486557703589,0.6028686397686603,0.7866502345538537,0.0,0.690486794794959,0.0,0.5912790169935466,0.2589534925681718,0.0,0.0,0.0,0.0,0.7175447777079184,0.0,0.0,0.0,0.6078902789406996,0.0,0.0,0.0,0.4375110034932807,0.4208226141285154,0.0,0.4575025131209626,0.2130677108407076
0.0,0.0,0.0,0.0,0.0,0.0,0.0,0.0,0.0,0.0,0.0,0.0,0.0,0.0,0.0,0.0,0.0,0.0,0.0,0.0,0.0,0.0,0.0,0.0,0.0,0.0,0.0,0.0,0.0,0.0,0.0,0.0,0.0,0.0,0.0,0.0,0.0,0.0,0.0,0.0,0.0,0.0,0.2605673405737351,0.4915287050523474,0.0,0.0,0.0,0.0696689179988067,0.0,0.7159871178070534,0.0,0.5451547133271126,0.0,0.2768385677854406,0.0,0.4747107745528597,0.0,0.0,0.7423697475024751,0.0,0.0,0.0,0.0,0.1032038762012392,0.0,0.0,0.0,0.0,0.0,0.0,0.0,0.1001119650944256,0.0152726210357133,0.0,0.0,0.0
0.0,0.0,0.6178214367105775,0.0,0.0,0.0,0.0,0.0927691588057569,0.0,0.0,0.7460967538244259,0.0,0.0,0.0,0.0,0.0,0.0,0.0,0.0,0.0,0.0,0.0,0.1189248187985254,0.0,0.0,0.0,0.0,0.0,0.0,0.0,0.0,0.0,0.0,0.0,0.0,0.0,0.0,0.0,0.0,0.0,0.0,0.0,0.4645111434261327,0.5302491509604854,0.0,0.0,0.0,0.4325203309290212,0.7159871178070534,0.0,0.0,0.7555846226166337,0.2147155955074195,0.6756040998794374,0.4780677051241372,0.7425984761878158,0.3418356836625963,0.4080157947995978,0.7874770167734318,0.0,0.0,0.0,0.0,0.4720047469614027,0.0,0.0,0.0,0.2691408480881115,0.0,0.0,0.0,0.3307036786945964,0.3105561279426869,0.0,0.0,0.0
