0.0,0.444224005190121,0.0,0.0,0.0,0.3678977010787612,0.0,0.0,0.0,0.4945748950146357,0.0,0.3325682641193304,0.4745466940205443,0.0,0.3030382744447567,0.5155036709138724,0.5688472464712176,0.5838067045257826,0.0,0.3184950381775864,0.553744570165329,0.2256552794054827,0.3889633237595688,0.3341487706492188,0.6697383086750714,0.5630881544967631,0.6161018198169939,0.3067313011845279,0.5983518337579602,0.0,0.5013537246146197,0.3333781079175991,0.3346599376515931,0.2626365259087268,0.1278077464759287,0.0,0.0,0.269890149416359,0.1048954356976603,0.4290612083258342,0.1994226480891386,0.0,0.0,0.0,0.0,0.8435584978692007,0.2718270385691647,0.0,0.0,0.0,0.0,0.0,0.0,0.0,0.500273690467427,0.0,0.0,0.0,0.0,0.0,0.411195848707652,0.0,0.1221526753643634,0.0,0.0,0.4293657163040484,0.4326230390950916,0.0,0.3237498981022655,0.4149535369507195,0.6088787119721246,0.0,0.0,0.0,0.0,0.240166868715446
0.444224005190121,0.0,0.0,0.0,0.1871084028402559,0.5634660158255447,0.5977563375823036,0.3113989851390178,0.16732420863603,0.0,0.0,0.0,0.873574629452932,0.0,0.566533963719959,0.7476523286927981,0.9095893865604672,0.8382268086528057,0.0,0.6864072418413223,0.3758538248719219,0.6888029056507834,0.574298964114679,0.0,0.8053499547263733,0.9227168478298402,0.3884344946888987,0.4621074203018513,0.3495491745748978,0.0,0.3503488500915357,0.5619514713585343,0.1310006220477262,0.279237358035441,0.2692207836785741,0.0,0.0,0.0,0.4127167171707719,0.1404505027218953,0.522283781311601,0.3071251455807968,0.0,0.0,0.0,0.5084229198439844,0.7271111922516992,0.0,0.0,0.0,0.6914533162287464,0.0,0.0,0.0,0.0,0.0,0.0,0.0,0.0,0.6160769717108227,0.471766979415809,0.0,0.3831915999680762,0.0,0.792031312306049,0.3631472371978561,0.742987730404043,0.690669841095439,0.0,0.6795180307894871,0.8988720674300679,0.5680808831306362,0.0,0.510865552364412,0.0,0.4130255864937152
0.0,0.0,0.0,0.3543502046587247,0.5831458423841751,0.5997832099768388,0.6575476747816914,0.3523813217386699,0.6143805034716139,0.7082186625435115,0.214583795752962,0.687443048109744,0.7288513257053775,0.0,0.0,0.0,0.0,0.0,0.7499267739875484,0.0,0.0,0.0,0.6859414498864711,0.0,0.0,0.0,0.5960900518884963,0.303450509647344,0.0,0.0,0.2023960050987018,0.4319249813190905,0.0,0.120447842335784,0.1399696397066135,0.0,0.0,0.0,0.1631297018683273,0.0,0.2590508218462584,0.0,0.0,0.0,0.0,0.0,0.0,0.6514430488331507,0.0,0.6910458314763651,0.5755863641906831,0.6298067616717591,0.4314236212272245,0.5180258169609099,0.0,0.4384623430328507,0.0,0.4541640791503576,0.1048063417980895,0.0,0.0,0.0,0.0,0.7525195104438333,0.0,0.0,0.0,0.7366756289756772,0.0,0.0,0.0,0.5608170039729169,0.2486463287395278,0.0,0.0,0.0
0.0,0.0,0.3543502046587247,0.0,0.5153181264153667,0.4463102253925222,0.6407264626439138,0.0917013857122333,0.3789761412162077,0.5692801001545449,0.0,0.3755238397266026,0.6283220919318068,0.0,0.0,0.0,0.0,0.0,0.2904318645462413,0.5732383352213682,0.0,0.0,0.3648594586263715,0.0,0.0,0.0,0.4314052005620589,0.6758661430740457,0.5356632663379431,0.0,0.6037058658797532,0.3159277351735129,0.0,0.4519187476450991,0.231882544761849,0.0,0.0,0.3129306706541426,0.0,0.0,0.0,0.0,0.0,0.0,0.0,0.0,0.0,0.0,0.0,0.0,0.0,0.0,0.0,0.0,0.0,0.0,0.0,0.0,0.0,0.0,0.0,0.0,0.0,0.0,0.0,0.0,0.0,0.0,0.0,0.0,0.0,0.0,0.0,0.0,0.0,0.0
0.0,0.1871084028402559,0.5831458423841751,0.5153181264153667,0.0,0.5159350877785117,0.7402834952594994,0.1156885861088411,0.8120537682017607,0.4937408116117938,0.2610245901106764,0.26747330911418,0.5683382348558816,0.1069214244274492,0.0,0.1578521710167179,0.0,0.0,0.4056381353356763,0.3519039215787738,0.0,0.04847344899624,0.4157318514730612,0.0,0.4222154211633666,0.2850071458099564,0.701621174458677,0.4785487576024973,0.6187561808558028,0.0,0.4004948684711256,0.2716620646838559,0.0981463319361203,0.3059536525901154,0.1114628781235494,0.0,0.0,0.3709628502246301,0.0,0.0,0.0,0.0,0.0,0.0,0.0,0.0,0.0,0.5189880368413226,0.0,0.6320375716853041,0.2624604620753647,0.0,0.2966269902243018,0.541133929843935,0.0,0.6837363671565837,0.0,0.0,0.0,0.0,0.0,0.0,0.0,0.2589834008073894,0.0,0.0,0.0,0.4620516813313223,0.0,0.0,0.0,0.5003104690046831,0.0,0.0,0.0,0.0
0.3678977010787612,0.5634660158255447,0.5997832099768388,0.4463102253925222,0.5159350877785117,0.0,0.5098469863595035,0.5715178171452502,0.5867629677181418,0.5587930940899166,0.0170521420420996,0.5701509703035916,0.7386892276015355,0.0,0.3558010935352144,0.3736401028065491,0.4908072107646223,0.4893719853614435,0.6332569368749955,0.5152622174283981,0.3564299034388041,0.2813180706443383,0.8141155200736988,0.0,0.4844524709886109,0.6571972007879155,0.5820521629081925,0.450351031273158,0.5725011439478752,0.3336569663094624,0.2575660066108775,0.446890173061282,0.1987765338864551,0.4264149382287928,0.4038730640938587,0.0,0.0,0.4007558321070941,0.1651798006827008,0.0,0.1079187820234524,0.1212764055661263,0.0,0.0,0.0,0.0,0.1695152342318832,0.7850130480183479,0.0,0.5723699328347904,0.5704107800742052,0.4143425504681799,0.606924016636026,0.3797983012532744,0.0,0.4129494241360679,0.0,0.3070261709922101,0.0,0.631634729368304,0.0,0.0,0.0,0.5876177830777832,0.3195229698814354,0.1915516876614426,0.3786240207253307,0.8390749207536551,0.0,0.0,0.5256289025382866,0.481152883259465,0.035442984977109,0.2941840648759403,0.0367993193110294,0.0
0.0,0.5977563375823036,0.6575476747816914,0.6407264626439138,0.7402834952594994,0.5098469863595035,0.0,0.0,0.375512065093309,0.8088613518317441,0.0,0.5943585829881743,0.828362240411971,0.0,0.0,0.4026769997795932,0.8168747773228506,0.6445239397311195,0.4143462344342081,0.457414134162406,0.0,0.2151136260592434,0.527394099936219,0.3052633074878707,0.7660468666546207,0.6234171025824405,0.6822830260103082,0.411095758349345,0.635188706302633,0.0,0.4450521124367191,0.3395624017590421,0.076221571685751,0.2839469034005535,0.3977673959433005,0.0,0.0,0.5559419576378827,0.0,0.0,0.3467716519165467,0.0,0.0,0.0,0.0,0.0,0.0,0.3987944559767115,0.0,0.0,0.3796635725461135,0.0,0.2532839560428819,0.1120135977588939,0.0,0.3401520294201451,0.0,0.0,0.0,0.0,0.0,0.0,0.0,0.3423017010015013,0.0,0.0,0.0,0.6063983999913423,0.0,0.0,0.0,0.5424970858748782,0.0,0.0,0.0,0.0
0.0,0.3113989851390178,0.3523813217386699,0.0917013857122333,0.1156885861088411,0.5715178171452502,0.0,0.0,0.3486699292489891,0.2233541740266249,0.3070759039199429,0.4453299575058873,0.3490772882535654,0.1291405659845516,0.162313689882519,0.1119722634161248,0.0,0.104136342020059,0.4029678338664086,0.2159013322413516,0.315148419489502,0.0874050155017394,0.6801964400199796,0.6383139659532026,0.0174549033344577,0.3363251643759767,0.0166858709781576,0.2403164961137481,0.0,0.0073989421488882,0.0,0.2225636044599397,0.1522371180738057,0.1008970643775597,0.0,0.1446940141746129,0.1890265681871122,0.0,0.2315014659597767,0.0,0.0,0.0,0.3543468964065307,0.0,0.0,0.0,0.0,0.3803277433324217,0.0,0.4187735957609875,0.5537303447201264,0.1265018233159917,0.7547328688049751,0.3591301766026196,0.0,0.2698563928130041,0.0,0.3661096072097851,0.3476706306181186,0.1847024763192684,0.0,0.0,0.0,0.42527687375069,0.2411399789396665,0.2291249812345036,0.0,0.6032457943892278,0.0,0.0,0.0,0.179470432391031,0.2338925207513709,0.0,0.0,0.0
0.0,0.16732420863603,0.6143805034716139,0.3789761412162077,0.8120537682017607,0.5867629677181418,0.375512065093309,0.3486699292489891,0.0,0.337327512639154,0.5854568916287758,0.1881464987874889,0.4303953329227434,0.24551324290066,0.0,0.2300292286093533,0.0,0.2320943759790412,0.6383960548889412,0.4600244350741762,0.0,0.2111724167132777,0.4349434347531793,0.2553247832120776,0.2840243751454082,0.2366009438689124,0.5855853546299395,0.4891683518062154,0.5589335122497318,0.4320817197962543,0.3189921913610283,0.2982471152433986,0.1409807547754944,0.3270683016536106,0.0,0.0,0.0,0.280436182223953,0.0392488786298501,0.0,0.0,0.0,0.0450735425456102,0.0,0.0,0.0,0.0,0.7638313440818605,0.0,0.6649661297560263,0.3342508333462213,0.3772488667032633,0.451701928564453,0.8284838692428956,0.0,0.8846268457736084,0.0,0.1845079746664175,0.2271581597940765,0.0,0.0,0.0,0.0,0.5389701190579121,0.0,0.0,0.0,0.4818201659289636,0.0,0.0,0.0,0.4631886389234432,0.0,0.0,0.0,0.0
0.4945748950146357,0.0,0.7082186625435115,0.5692801001545449,0.4937408116117938,0.5587930940899166,0.8088613518317441,0.2233541740266249,0.337327512639154,0.0,0.0,0.850302038026503,0.914198423518502,0.0,0.0,0.5009647229295118,0.9190039333221276,0.7388917274606642,0.4777935607452449,0.6915789930995669,0.0,0.4782750504903525,0.5856292768907665,0.5090346375450727,0.7944794475310023,0.8015268014403639,0.5190985293447974,0.5329437256560998,0.5139463573847494,0.0,0.4833072343442862,0.4322352879094405,0.0,0.3686303504478782,0.3110299463469778,0.0,0.0,0.540713964406091,0.1368764146431134,0.0508607665113341,0.4100886386445809,0.2944225198702654,0.0,0.0,0.2934373770965612,0.4972542583464071,0.0,0.0,0.0,0.0,0.0,0.0,0.0,0.0,0.9388032423923888,0.0,0.8473250215239848,0.6175148934522593,0.0,0.0,0.0,0.7545452347020148,0.1791799709596827,0.0,0.0,0.0,0.0,0.0,0.5864754100946491,0.6375736137299027,0.8369327412676707,0.0,0.3585024708226301,0.0,0.0,0.2751792045332468
0.0,0.0,0.214583795752962,0.0,0.2610245901106764,0.0170521420420996,0.0,0.3070759039199429,0.5854568916287758,0.0,0.0,0.0,0.0,0.4849675197410444,0.0,0.0,0.0,0.0,0.3475746816000012,0.0,0.0,0.0,0.0652770995760244,0.0,0.0,0.0,0.2025238931862737,0.0263244745979533,0.0,0.0,0.0,0.0,0.1444004189444259,0.0,0.0,0.532125503166102,0.384860375227102,0.0,0.0808460843881457,0.0,0.0,0.0,0.351009506275642,0.0,0.0,0.0,0.0,0.3356113515536613,0.0,0.2985720867788253,0.1172615734094252,0.0,0.2460970670111762,0.6118575642407134,0.0,0.7029307351811811,0.0,0.0577125719255581,0.0986384576725595,0.0,0.0,0.0,0.0,0.2595130610051319,0.0,0.0,0.0,0.0,0.0,0.0,0.0,0.2250284528952707,0.0747878912050529,0.0,0.0,0.0
0.3325682641193304,0.0,0.687443048109744,0.3755238397266026,0.26747330911418,0.5701509703035916,0.5943585829881743,0.4453299575058873,0.1881464987874889,0.850302038026503,0.0,0.0,0.8285438040676509,0.0,0.0,0.0,0.88298913784321,0.6855299527359601,0.4816293080928593,0.0,0.1883000727668506,0.0,0.6674810397749426,0.7233113440188981,0.577556113462823,0.8609364423053298,0.2752531281011542,0.3884416330011809,0.0,0.0,0.2191081597670993,0.4252000974531972,0.0,0.2266383683038545,0.4001456687765515,0.0,0.0,0.4676746473056996,0.2030923836943422,0.0,0.3250441197353289,0.3292900197430604,0.0,0.0,0.3228571256990957,0.0,0.0,0.0,0.0,0.0,0.0,0.0,0.0,0.0,0.8212823290343699,0.0,0.9605998154342048,0.6256000554802479,0.0,0.0,0.0,0.7446929323241078,0.1054837617726045,0.0,0.0,0.0,0.0,0.0,0.6746222079009473,0.4211363186682616,0.7828182766395106,0.0,0.4038065457264794,0.0,0.0,0.1965708823815094
0.4745466940205443,0.873574629452932,0.7288513257053775,0.6283220919318068,0.5683382348558816,0.7386892276015355,0.828362240411971,0.3490772882535654,0.4303953329227434,0.914198423518502,0.0,0.8285438040676509,0.0,0.0,0.6017298547185811,0.6297008750249525,0.8997392086946666,0.7927778627035676,0.6008735521313658,0.6900683228016905,0.4364050254086439,0.5371260282784501,0.695183049300296,0.6373087961577948,0.7563495872742761,0.8428457256206054,0.5514467378245917,0.5768163512029526,0.5418788223141997,0.2070411019698954,0.3815494702338076,0.5421719717584634,0.1476907368948196,0.3809177307366165,0.3660564451717874,0.0,0.0,0.5270336830554337,0.1966663636910059,0.1796525565975692,0.390278770977731,0.2439734012614871,0.0,0.0,0.3500170580413777,0.0,0.0,0.5791060936876373,0.0,0.0,0.6577230272175397,0.7393149360755146,0.4909638125234217,0.0,0.0,0.3128311540585888,0.8199883639632082,0.0,0.0,0.7528449620034305,0.0,0.0,0.0,0.0,0.6517530690196754,0.0,0.7046991440468346,0.8090242772837892,0.0,0.580413463363877,0.8483657835899351,0.6119961328045938,0.0,0.5520562747858985,0.0,0.0
0.0,0.0,0.0,0.0,0.1069214244274492,0.0,0.0,0.1291405659845516,0.24551324290066,0.0,0.4849675197410444,0.0,0.0,0.0,0.0,0.0,0.0,0.0,0.0,0.0,0.0,0.0,0.0,0.0,0.0,0.0,0.0,0.0398264741791355,0.0,0.0,0.0,0.0,0.0,0.0,0.0,0.6968826442220326,0.2271467444376087,0.0,0.0,0.0,0.0,0.0,0.4446463522103285,0.0,0.0,0.0,0.0,0.0188752709974637,0.0,0.0,0.0,0.0,0.0,0.2619776759751238,0.0,0.3078598596559177,0.0,0.0,0.0,0.0,0.0,0.0,0.0,0.0,0.0,0.0,0.0,0.0,0.0,0.0,0.0,0.0,0.0,0.0,0.0,0.0
0.3030382744447567,0.566533963719959,0.0,0.0,0.0,0.3558010935352144,0.0,0.162313689882519,0.0,0.0,0.0,0.0,0.6017298547185811,0.0,0.0,0.5045757811155381,0.0,0.5477992346825356,0.0,0.8569810574788111,0.5695970838798997,0.6996963001497782,0.2865440839451312,0.2934884273571406,0.6001468215000292,0.4028441322493034,0.5725547236330103,0.5075895379181555,0.6223319761608422,0.0,0.5967347251828525,0.4990005417710237,0.0938172895511832,0.3440700523760635,0.0,0.0,0.0,0.0,0.3852140981723739,0.1300760743764375,0.3648176515828166,0.0,0.1201015142692455,0.0,0.0,0.0,0.5584195132442579,0.0,0.0,0.0,0.5422231199200899,0.0,0.3504892678070533,0.0,0.0,0.0,0.0,0.4824166761108956,0.0,0.8546939873554501,0.5274044418173628,0.0,0.0,0.0,0.7360152389805846,0.6020450895345049,0.7709971610281201,0.4699606839778628,0.0,0.6229092070037351,0.5634591897523386,0.7415282148449133,0.3453795904667587,0.7154667544076595,0.0,0.4137266510917026
0.5155036709138724,0.7476523286927981,0.0,0.0,0.1578521710167179,0.3736401028065491,0.4026769997795932,0.1119722634161248,0.2300292286093533,0.5009647229295118,0.0,0.0,0.6297008750249525,0.0,0.5045757811155381,0.0,0.6038309547631893,0.8322277509828409,0.0,0.6124185718640887,0.5273818288066328,0.7997279926437103,0.2732313289012831,0.5353219287663886,0.6390744489310041,0.675855652362668,0.3286904608646631,0.6169664487341934,0.355279772258845,0.1052724866229544,0.5052916961054231,0.4649034059771311,0.4677169931177995,0.4409809846093877,0.0491840013849803,0.0,0.0,0.0,0.4792154732983462,0.4714381685919117,0.4909092957540008,0.0637431856282161,0.0,0.0,0.0,0.5792290234312505,0.7039979823669217,0.0,0.0,0.0,0.0,0.0,0.0,0.0,0.0,0.0,0.0,0.0,0.0,0.4435212510424893,0.5720928197789864,0.0,0.6283824173459306,0.0,0.6114404886498014,0.4451895600322592,0.695946485074177,0.3428448550369913,0.0,0.5969568795297788,0.7174265998280763,0.490615817241701,0.0,0.438817819790244,0.0,0.5296672686770726
0.5688472464712176,0.9095893865604672,0.0,0.0,0.0,0.4908072107646223,0.8168747773228506,0.0,0.0,0.9190039333221276,0.0,0.88298913784321,0.8997392086946666,0.0,0.0,0.6038309547631893,0.0,0.8557197107773368,0.0,0.5711314967205321,0.0,0.4381594858265515,0.0,0.5936255726901759,0.8042055975569947,0.9011422158001848,0.0,0.3972812860530198,0.4292305107388896,0.0,0.4257541784858005,0.4692080663263038,0.0569871713744567,0.2968037744375086,0.4768359989602361,0.0,0.0,0.5677404976749629,0.0,0.1232212273802056,0.0,0.0,0.0,0.0,0.0,0.0,0.0,0.0,0.0,0.0,0.0,0.0,0.0,0.0,0.9126957046985034,0.0,0.8606907024316944,0.0,0.0,0.0,0.0,0.8254057863230894,0.2465097904664944,0.0,0.0,0.0,0.0,0.0,0.584616951133394,0.5915240479619116,0.8742833892467955,0.0,0.0,0.0,0.0,0.0
0.5838067045257826,0.8382268086528057,0.0,0.0,0.0,0.4893719853614435,0.6445239397311195,0.104136342020059,0.2320943759790412,0.7388917274606642,0.0,0.6855299527359601,0.7927778627035676,0.0,0.5477992346825356,0.8322277509828409,0.8557197107773368,0.0,0.0,0.6556501248311776,0.4329455561953323,0.6270992006384657,0.3916364509740485,0.6340879767582179,0.7568825651085882,0.8799960328998016,0.4167346518194973,0.643299561622507,0.5251503124604656,0.1765859817846468,0.6204747888039998,0.5902904363536065,0.270371253113805,0.4559945521611037,0.3392789447277412,0.0,0.0,0.0,0.4500393107319395,0.3506413819734443,0.5232645945794885,0.1894760397668159,0.0,0.0,0.0,0.6491147391185185,0.5500804575444204,0.0,0.0,0.0,0.0,0.0,0.0,0.0,0.6057479090556576,0.0,0.6414480488210521,0.0,0.0,0.0,0.6807978821638433,0.7992143253491023,0.552139428066588,0.0,0.0,0.0,0.7370664805120132,0.0,0.6401795076288268,0.636559477674507,0.8376252552030335,0.0,0.0,0.0,0.0,0.5725528965312819
0.0,0.0,0.7499267739875484,0.2904318645462413,0.4056381353356763,0.6332569368749955,0.4143462344342081,0.4029678338664086,0.6383960548889412,0.4777935607452449,0.3475746816000012,0.4816293080928593,0.6008735521313658,0.0,0.0,0.0,0.0,0.0,0.0,0.0,0.0,0.0,0.5779204642592047,0.0,0.0,0.0,0.449931537993618,0.4110152151024633,0.0,0.0,0.241530127871244,0.4650153095063817,0.0,0.3293986633423477,0.1342453147589663,0.0,0.0,0.3958843593422128,0.2935237167132394,0.0,0.0,0.0,0.0,0.0,0.0,0.0,0.0,0.7483924045437509,0.0,0.5910148773012327,0.5094268120065826,0.4539091195176955,0.4432916445885008,0.4639153187464079,0.0,0.5465918884952697,0.0,0.4100710257535118,0.238069243789686,0.0,0.0,0.0,0.0,0.8070971310209877,0.0,0.0,0.0,0.5918117410418543,0.0,0.0,0.0,0.4538356660299395,0.0,0.0,0.0,0.0
0.3184950381775864,0.6864072418413223,0.0,0.5732383352213682,0.3519039215787738,0.5152622174283981,0.457414134162406,0.2159013322413516,0.4600244350741762,0.6915789930995669,0.0,0.0,0.6900683228016905,0.0,0.8569810574788111,0.6124185718640887,0.5711314967205321,0.6556501248311776,0.0,0.0,0.5002534038971999,0.8535849667043114,0.3613675445366426,0.0,0.6706685078294938,0.5852052464532009,0.4953552268060724,0.6443280099437099,0.6396978350887856,0.3171891055192913,0.6321189513399309,0.5123829094570205,0.1755100424468468,0.5387238324658754,0.1231179236693948,0.0,0.0,0.0,0.4180438925315453,0.2235721287477698,0.4891730457461421,0.0,0.1696772419065177,0.0,0.0,0.0,0.5089231445842215,0.0,0.0,0.0,0.588091513427481,0.0,0.3921649811882711,0.0,0.0,0.0,0.0,0.5336056264155744,0.0,0.789170413799108,0.5310354602482085,0.0,0.0,0.0,0.8691685737987297,0.4686551169267076,0.8260966162832133,0.5496979978255226,0.0,0.5627886540948439,0.6519904857859571,0.6755132811504672,0.3978338371184295,0.6971268662435376,0.2737998152346255,0.4218298457063764
0.553744570165329,0.3758538248719219,0.0,0.0,0.0,0.3564299034388041,0.0,0.315148419489502,0.0,0.0,0.0,0.1883000727668506,0.4364050254086439,0.0,0.5695970838798997,0.5273818288066328,0.0,0.4329455561953323,0.0,0.5002534038971999,0.0,0.4145925411437781,0.3756703874927381,0.3885718335332745,0.495429917726006,0.258102146887417,0.5956899400140062,0.5384623913255258,0.5176824263363922,0.0,0.6444069427457805,0.451130680062865,0.5306626864680215,0.3770193513807549,0.0,0.0,0.0,0.0,0.4409472419087322,0.5121221924333699,0.2010431949533334,0.0,0.0,0.0,0.0,0.6511796050579486,0.5996452974550528,0.0,0.0,0.0,0.5831369213392255,0.0,0.4790975915545138,0.0,0.0,0.0,0.0,0.5128546206767753,0.0,0.4758845164503052,0.5727329054222443,0.0,0.0,0.0,0.4005763384301623,0.8450826074343099,0.5860031258131428,0.423027168942567,0.0,0.6474572394023087,0.5064242423198965,0.6847688134445824,0.400730249483711,0.5845346910071627,0.0,0.4858721227949747
0.2256552794054827,0.6888029056507834,0.0,0.0,0.04847344899624,0.2813180706443383,0.2151136260592434,0.0874050155017394,0.2111724167132777,0.4782750504903525,0.0,0.0,0.5371260282784501,0.0,0.6996963001497782,0.7997279926437103,0.4381594858265515,0.6270992006384657,0.0,0.8535849667043114,0.4145925411437781,0.0,0.1444238312680311,0.0,0.6085021552455419,0.5213847731964337,0.2871693142320471,0.5018582214271678,0.3202043025972347,0.0573407737076282,0.3728615563481953,0.4089602711864815,0.2690022980574618,0.3875663484555591,0.0,0.0118216497102621,0.0736860199319209,0.0,0.4859446655921152,0.3287424354339121,0.6347377218180505,0.0432024083658638,0.3055577862936611,0.0,0.0,0.3076947115172212,0.6169258318433456,0.0,0.0,0.0,0.4542667802015336,0.0,0.0,0.0,0.0,0.0,0.0,0.0,0.0,0.5232172547070109,0.4036905808145817,0.0,0.5495499195508131,0.0,0.7817935953755192,0.3813129144384933,0.7361000094243146,0.2720620494843502,0.0,0.5207239255353827,0.5579116032047212,0.5241009981504771,0.5895367132064071,0.541693864308227,0.0,0.5393670621023814
0.3889633237595688,0.574298964114679,0.6859414498864711,0.3648594586263715,0.4157318514730612,0.8141155200736988,0.527394099936219,0.6801964400199796,0.4349434347531793,0.5856292768907665,0.0652770995760244,0.6674810397749426,0.695183049300296,0.0,0.2865440839451312,0.2732313289012831,0.0,0.3916364509740485,0.5779204642592047,0.3613675445366426,0.3756703874927381,0.1444238312680311,0.0,0.6821123439425842,0.4858686548687024,0.6511407357335729,0.4808832504249602,0.319414255151361,0.2662251024762546,0.1430634376180783,0.0938102427995068,0.4485914202766369,0.0560005978202822,0.1324116981771155,0.2064911698216706,0.0,0.0,0.5234806488679244,0.2049582971451792,0.046654534505113,0.0694610396379565,0.1573018998936131,0.0,0.5818159655993418,0.0,0.0,0.2861511886369636,0.5789078657478123,0.0,0.6241836301068086,0.6806499321975243,0.5321068107815269,0.6834111125946802,0.2601391732223426,0.0,0.2832825017286284,0.0,0.4486620951533214,0.2149362276615483,0.4809820260567135,0.0,0.0,0.0,0.5698308096811224,0.3676830000950223,0.2923605801539309,0.3758362414467854,0.9517491875004302,0.0,0.2500739868063366,0.5982520223392725,0.4457031283527221,0.2062927174795762,0.2327764497100197,0.0,0.0629402727554264
0.3341487706492188,0.0,0.0,0.0,0.0,0.0,0.3052633074878707,0.6383139659532026,0.2553247832120776,0.5090346375450727,0.0,0.7233113440188981,0.6373087961577948,0.0,0.2934884273571406,0.5353219287663886,0.5936255726901759,0.6340879767582179,0.0,0.0,0.3885718335332745,0.0,0.6821123439425842,0.0,0.4236374434368992,0.7496305881257167,0.1819340340596737,0.4557807228335879,0.0,0.0,0.2629666142418991,0.4763389753040095,0.2924758043306995,0.3384413920636943,0.2419772690268505,0.0,0.0478998669977381,0.3245139034244078,0.4162082488165751,0.265389673029215,0.2053349400587998,0.0,0.0,0.0,0.3222028364334556,0.4193767528086795,0.0,0.0,0.0,0.0,0.0,0.0,0.0,0.0,0.4172857977148834,0.0,0.6483126202150746,0.0,0.0,0.0,0.3198218799605816,0.5793611229134641,0.1978853500044045,0.0,0.0,0.0,0.0,0.0,0.8181477340147885,0.2758026043638668,0.6431732116594969,0.0,0.4837964210608346,0.0,0.0,0.2881410805087248
0.6697383086750714,0.8053499547263733,0.0,0.0,0.4222154211633666,0.4844524709886109,0.7660468666546207,0.0174549033344577,0.2840243751454082,0.7944794475310023,0.0,0.577556113462823,0.7563495872742761,0.0,0.6001468215000292,0.6390744489310041,0.8042055975569947,0.7568825651085882,0.0,0.6706685078294938,0.495429917726006,0.6085021552455419,0.4858686548687024,0.4236374434368992,0.0,0.7604692918318964,0.6453845077782006,0.4054945142971159,0.6024091484491438,0.0,0.480646783978409,0.4377117207127526,0.1069767824607443,0.2616619938696697,0.2314933404534883,0.0,0.0,0.4131532210119114,0.186630152909349,0.2540930224066278,0.5543196918260321,0.2931625582800955,0.0,0.0,0.0,0.6012701581731963,0.5336674216326297,0.0,0.0,0.0,0.0,0.0,0.0,0.0,0.740394520603742,0.0,0.5734264031556237,0.4665531181876992,0.0,0.7064869908958928,0.4727505333780504,0.6596226139496277,0.3596870903389558,0.0,0.6394411301362362,0.4401612969690037,0.6977238115294502,0.6131236097983627,0.4532537163937898,0.7310882037991384,0.8213573043464002,0.0,0.0,0.6604547652123475,0.0,0.5083322299966619
0.5630881544967631,0.9227168478298402,0.0,0.0,0.2850071458099564,0.6571972007879155,0.6234171025824405,0.3363251643759767,0.2366009438689124,0.8015268014403639,0.0,0.8609364423053298,0.8428457256206054,0.0,0.4028441322493034,0.675855652362668,0.9011422158001848,0.8799960328998016,0.0,0.5852052464532009,0.258102146887417,0.5213847731964337,0.6511407357335729,0.7496305881257167,0.7604692918318964,0.0,0.3663566511340548,0.4564337809514121,0.3812777715139543,0.0,0.3092803101624178,0.5638956020637255,0.0986564345970148,0.3225414189969481,0.4306666701207107,0.0,0.0,0.4295309135961352,0.3132280389727226,0.163937661164037,0.4101981079412762,0.3307117168401982,0.0,0.0,0.2798162585985203,0.5569942993701436,0.4472373090925657,0.0,0.0,0.0,0.5606477618485123,0.0,0.0,0.0,0.7311175325291167,0.0,0.8430784487220869,0.5313988495755825,0.0,0.5558334839212777,0.383707398624276,0.7427177167845328,0.2721343112375692,0.0,0.6571862982082455,0.1595718497371045,0.6110598584733806,0.7112864134040053,0.6638082100585692,0.4629125894605007,0.8816067997775573,0.3772725383259869,0.3759363639822716,0.3111330569181039,0.0,0.3270755057131692
0.6161018198169939,0.3884344946888987,0.5960900518884963,0.4314052005620589,0.701621174458677,0.5820521629081925,0.6822830260103082,0.0166858709781576,0.5855853546299395,0.5190985293447974,0.2025238931862737,0.2752531281011542,0.5514467378245917,0.0,0.5725547236330103,0.3286904608646631,0.0,0.4167346518194973,0.449931537993618,0.4953552268060724,0.5956899400140062,0.2871693142320471,0.4808832504249602,0.1819340340596737,0.6453845077782006,0.3663566511340548,0.0,0.368355996939647,0.8488529371792558,0.3600807960211336,0.5720071308821415,0.4186008243675433,0.2385038658684435,0.3678858822135036,0.0927163670399842,0.0,0.0,0.468073969484658,0.1747036050175142,0.3448053159646813,0.212754851161198,0.0,0.0,0.2207576123942098,0.0,0.0,0.3408049378230847,0.5076597751670368,0.0,0.5755611553263801,0.5135434984936375,0.643921391676244,0.3261627652440176,0.4492211847261825,0.0,0.5592742923653865,0.0,0.3083566788122943,0.0,0.710955405191542,0.0,0.0,0.0,0.4039728951363818,0.3751619768979795,0.6033048676496496,0.5968173085067235,0.592544092245092,0.0,0.0,0.5165908126323137,0.8492965838347979,0.0213785778194501,0.7728274281621641,0.0752733214228821,0.1988617679969786
0.3067313011845279,0.4621074203018513,0.303450509647344,0.6758661430740457,0.4785487576024973,0.450351031273158,0.411095758349345,0.2403164961137481,0.4891683518062154,0.5329437256560998,0.0263244745979533,0.3884416330011809,0.5768163512029526,0.0398264741791355,0.5075895379181555,0.6169664487341934,0.3972812860530198,0.643299561622507,0.4110152151024633,0.6443280099437099,0.5384623913255258,0.5018582214271678,0.319414255151361,0.4557807228335879,0.4054945142971159,0.4564337809514121,0.368355996939647,0.0,0.5126909508342193,0.4664023447232053,0.7328562371245775,0.4690650482946388,0.4734804817229872,0.6731525933429091,0.0600011184113268,0.0,0.0,0.2866101581329421,0.450648009992105,0.4752539388640456,0.1504570884400022,0.0,0.2107879468885011,0.0,0.1984279642709998,0.0,0.0,0.4766162690328085,0.0,0.0,0.5518160896629688,0.0,0.3903817646839846,0.4047553905906242,0.2889897882392798,0.0,0.363030152914795,0.6164068507730448,0.0,0.4983315803980442,0.0,0.0,0.0,0.0,0.5638962971133643,0.4514130535848561,0.6539111023486558,0.409794955674497,0.0,0.534071661709629,0.5602160873046635,0.4953435650372559,0.5639495004612846,0.4381857764234362,0.0,0.3187801127504651
0.5983518337579602,0.3495491745748978,0.0,0.5356632663379431,0.6187561808558028,0.5725011439478752,0.635188706302633,0.0,0.5589335122497318,0.5139463573847494,0.0,0.0,0.5418788223141997,0.0,0.6223319761608422,0.355279772258845,0.4292305107388896,0.5251503124604656,0.0,0.6396978350887856,0.5176824263363922,0.3202043025972347,0.2662251024762546,0.0,0.6024091484491438,0.3812777715139543,0.8488529371792558,0.5126909508342193,0.0,0.5162136534687943,0.7201189373721919,0.4015924615080612,0.2410088069894102,0.5139875559794007,0.246258196690546,0.0,0.0,0.0,0.175503148088089,0.401380542451184,0.2438942478085046,0.0,0.0,0.0,0.0,0.0,0.191456894742242,0.5058783820454951,0.0,0.0,0.3329394278756508,0.4846690286778451,0.2315706271341919,0.352244869618993,0.0,0.0,0.0,0.1285987573430739,0.0,0.74869237873458,0.0,0.0,0.0,0.0,0.343689948101672,0.4318528271396352,0.5525550959870246,0.4414442787751686,0.0,0.0,0.4755677971717805,0.6661092474705248,0.0,0.7264162653400057,0.0710710807824223,0.1993255476639026
0.0,0.0,0.0,0.0,0.0,0.3336569663094624,0.0,0.0073989421488882,0.4320817197962543,0.0,0.0,0.0,0.2070411019698954,0.0,0.0,0.1052724866229544,0.0,0.1765859817846468,0.0,0.3171891055192913,0.0,0.0573407737076282,0.1430634376180783,0.0,0.0,0.0,0.3600807960211336,0.4664023447232053,0.5162136534687943,0.0,0.5160759570026223,0.2897345271280772,0.0,0.4359517181333959,0.2007136572515665,0.0,0.0,0.0,0.0,0.0,0.0,0.0,0.0,0.0,0.0,0.0,0.0,0.0,0.0,0.0,0.0,0.0,0.0,0.0,0.0,0.0,0.0,0.0,0.0,0.0,0.0,0.0,0.0,0.0,0.1031366087646265,0.0,0.0,0.2452731226965855,0.0,0.0,0.0,0.283873134809141,0.0,0.2822450796484752,0.0,0.0
0.5013537246146197,0.3503488500915357,0.2023960050987018,0.6037058658797532,0.4004948684711256,0.2575660066108775,0.4450521124367191,0.0,0.3189921913610283,0.4833072343442862,0.0,0.2191081597670993,0.3815494702338076,0.0,0.5967347251828525,0.5052916961054231,0.4257541784858005,0.6204747888039998,0.241530127871244,0.6321189513399309,0.6444069427457805,0.3728615563481953,0.0938102427995068,0.2629666142418991,0.480646783978409,0.3092803101624178,0.5720071308821415,0.7328562371245775,0.7201189373721919,0.5160759570026223,0.0,0.3669859957707853,0.3949029459523832,0.6218342580669596,0.093171928388743,0.0,0.0,0.1797679803455178,0.398220178752402,0.4137165833902317,0.1839850628229729,0.0,0.0,0.0,0.0,0.0,0.4294665987065088,0.0,0.0,0.0,0.4014632897005449,0.0,0.2638998603910785,0.0,0.3188793603565245,0.0,0.1787417577051958,0.0,0.0,0.5380757340861508,0.7818310351007164,0.4382966190688699,0.3449194817393643,0.0,0.5035050903300059,0.5453919279039333,0.6384658071520858,0.2711251616242044,0.4923085219961094,0.6163554204850346,0.5000989550923763,0.6150020585558243,0.3138912207674906,0.5940999866229376,0.0,0.480977679189965
0.3333781079175991,0.5619514713585343,0.4319249813190905,0.3159277351735129,0.2716620646838559,0.446890173061282,0.3395624017590421,0.2225636044599397,0.2982471152433986,0.4322352879094405,0.0,0.4252000974531972,0.5421719717584634,0.0,0.4990005417710237,0.4649034059771311,0.4692080663263038,0.5902904363536065,0.4650153095063817,0.5123829094570205,0.451130680062865,0.4089602711864815,0.4485914202766369,0.4763389753040095,0.4377117207127526,0.5638956020637255,0.4186008243675433,0.4690650482946388,0.4015924615080612,0.2897345271280772,0.3669859957707853,0.0,0.2971190289841381,0.2703440137602524,0.1441461486316958,0.0,0.0,0.2337073176601777,0.5980779657477968,0.2619085154514277,0.2358801150981976,0.0,0.0911584946010919,0.4054933241318773,0.1936814201564778,0.5087545235289165,0.4461907537920986,0.3749426456769247,0.0,0.3710276162975598,0.4761327054610451,0.4311481351519229,0.2419530372167201,0.2076039126940241,0.3672205229622399,0.2452771037887394,0.3771198813340237,0.4527622659645413,0.0,0.5016270108017903,0.4772814993531121,0.4727886038414292,0.3106201273254692,0.4834327640676891,0.5800932808393479,0.3795381945752132,0.5564538275091567,0.4408866646653239,0.481243055639458,0.4126406245188994,0.5601880411202927,0.4960572614761421,0.3591466606085822,0.3705858746084121,0.0,0.3754298295905013
0.3346599376515931,0.1310006220477262,0.0,0.0,0.0981463319361203,0.1987765338864551,0.076221571685751,0.1522371180738057,0.1409807547754944,0.0,0.1444004189444259,0.0,0.1476907368948196,0.0,0.0938172895511832,0.4677169931177995,0.0569871713744567,0.270371253113805,0.0,0.1755100424468468,0.5306626864680215,0.2690022980574618,0.0560005978202822,0.2924758043306995,0.1069767824607443,0.0986564345970148,0.2385038658684435,0.4734804817229872,0.2410088069894102,0.0,0.3949029459523832,0.2971190289841381,0.0,0.5301140427440906,0.0,0.0331486607875983,0.2219491718888141,0.0366022323238715,0.351622893506706,0.8082227351256956,0.1590170305031829,0.0,0.0,0.0,0.0950776466565604,0.4817294932717044,0.3085468292474804,0.0,0.0,0.0,0.0,0.0,0.0,0.0,0.0,0.0,0.0,0.0,0.0,0.0,0.3477750766431944,0.1301187918682302,0.2749881578560915,0.0,0.0429682657433222,0.3507048285464629,0.212416477436099,0.025653671461674,0.3195843998335266,0.2276264412389984,0.1849914693661715,0.2219799274576585,0.3530046170066688,0.0,0.0,0.1941115561173765
0.2626365259087268,0.279237358035441,0.120447842335784,0.4519187476450991,0.3059536525901154,0.4264149382287928,0.2839469034005535,0.1008970643775597,0.3270683016536106,0.3686303504478782,0.0,0.2266383683038545,0.3809177307366165,0.0,0.3440700523760635,0.4409809846093877,0.2968037744375086,0.4559945521611037,0.3293986633423477,0.5387238324658754,0.3770193513807549,0.3875663484555591,0.1324116981771155,0.3384413920636943,0.2616619938696697,0.3225414189969481,0.3678858822135036,0.6731525933429091,0.5139875559794007,0.4359517181333959,0.6218342580669596,0.2703440137602524,0.5301140427440906,0.0,0.2558931327559811,0.0,0.0,0.1868576691575599,0.1889769794735932,0.4951182830972911,0.3020427135467897,0.0,0.0444031714025501,0.1682538742847712,0.2119282374713366,0.3966883605393833,0.1821963404357792,0.3516236737367179,0.0,0.0,0.2786475882941144,0.3242755355480249,0.2888666630858304,0.2353598794650346,0.1978622154004518,0.0,0.2502592032631917,0.3134727647801401,0.0,0.3548246483448761,0.4721251091800791,0.3383514129310955,0.2255040988420832,0.0,0.4013842626749198,0.2379820752262608,0.4539379550327202,0.26168145992889,0.4584044998170981,0.2703571826040721,0.3113166050763725,0.4230104444525818,0.2876281442399781,0.3912154373000339,0.0,0.2265898506790227
0.1278077464759287,0.2692207836785741,0.1399696397066135,0.231882544761849,0.1114628781235494,0.4038730640938587,0.3977673959433005,0.0,0.0,0.3110299463469778,0.0,0.4001456687765515,0.3660564451717874,0.0,0.0,0.0491840013849803,0.4768359989602361,0.3392789447277412,0.1342453147589663,0.1231179236693948,0.0,0.0,0.2064911698216706,0.2419772690268505,0.2314933404534883,0.4306666701207107,0.0927163670399842,0.0600011184113268,0.246258196690546,0.2007136572515665,0.093171928388743,0.1441461486316958,0.0,0.2558931327559811,0.0,0.0,0.0,0.2699748688763665,0.0,0.0293912077687892,0.1936417795779293,0.3247824418789112,0.0,0.2839794668159029,0.0907922500532664,0.0,0.0,0.0,0.0,0.0,0.0097760077804796,0.0,0.0,0.0,0.0,0.0,0.4747257300066335,0.0,0.0,0.0972524548161298,0.029825995506065,0.0,0.0,0.0,0.0427944487493135,0.0,0.0,0.3377022176829982,0.0,0.0,0.2168782680729216,0.0,0.0,0.0147752243416676,0.0,0.0
0.0,0.0,0.0,0.0,0.0,0.0,0.0,0.1446940141746129,0.0,0.0,0.532125503166102,0.0,0.0,0.6968826442220326,0.0,0.0,0.0,0.0,0.0,0.0,0.0,0.0118216497102621,0.0,0.0,0.0,0.0,0.0,0.0,0.0,0.0,0.0,0.0,0.0331486607875983,0.0,0.0,0.0,0.6446617105130605,0.0,0.0555789773099811,0.0,0.0,0.0,0.6783708288116609,0.0,0.0,0.0,0.0,0.0,0.0,0.0,0.0,0.0,0.0,0.1787199961591834,0.0,0.089949753528981,0.0,0.0,0.0,0.0,0.0,0.0,0.0,0.0,0.0,0.0,0.0,0.0,0.0,0.0,0.0,0.0,0.0209238309054335,0.0,0.0,0.0
0.0,0.0,0.0,0.0,0.0,0.0,0.0,0.1890265681871122,0.0,0.0,0.384860375227102,0.0,0.0,0.2271467444376087,0.0,0.0,0.0,0.0,0.0,0.0,0.0,0.0736860199319209,0.0,0.0478998669977381,0.0,0.0,0.0,0.0,0.0,0.0,0.0,0.0,0.2219491718888141,0.0,0.0,0.6446617105130605,0.0,0.0,0.2410017715100123,0.0,0.0,0.0,0.4830680055630485,0.0,0.0,0.0,0.0,0.0,0.0,0.0,0.0,0.0,0.0,0.0,0.0,0.0,0.0,0.0,0.0,0.0,0.0,0.0,0.0,0.0,0.0,0.0,0.0,0.0,0.0,0.0,0.0,0.0,0.0,0.0,0.0,0.0
0.269890149416359,0.0,0.0,0.3129306706541426,0.3709628502246301,0.4007558321070941,0.5559419576378827,0.0,0.280436182223953,0.540713964406091,0.0,0.4676746473056996,0.5270336830554337,0.0,0.0,0.0,0.5677404976749629,0.0,0.3958843593422128,0.0,0.0,0.0,0.5234806488679244,0.3245139034244078,0.4131532210119114,0.4295309135961352,0.468073969484658,0.2866101581329421,0.0,0.0,0.1797679803455178,0.2337073176601777,0.0366022323238715,0.1868576691575599,0.2699748688763665,0.0,0.0,0.0,0.0479871532099366,0.0630921090003081,0.2801876294091753,0.1165684861067612,0.0,0.0,0.3553062222037574,0.0,0.0,0.0,0.0,0.0,0.0,0.0,0.0,0.0,0.5701011815517982,0.0,0.4637886343938376,0.0,0.0,0.0,0.0,0.0,0.0,0.0,0.0,0.0,0.0,0.0,0.4087594273314106,0.3189462882145735,0.4617786273865237,0.0,0.2555172978221968,0.0,0.0,0.0
0.1048954356976603,0.4127167171707719,0.1631297018683273,0.0,0.0,0.1651798006827008,0.0,0.2315014659597767,0.0392488786298501,0.1368764146431134,0.0808460843881457,0.2030923836943422,0.1966663636910059,0.0,0.3852140981723739,0.4792154732983462,0.0,0.4500393107319395,0.2935237167132394,0.4180438925315453,0.4409472419087322,0.4859446655921152,0.2049582971451792,0.4162082488165751,0.186630152909349,0.3132280389727226,0.1747036050175142,0.450648009992105,0.175503148088089,0.0,0.398220178752402,0.5980779657477968,0.351622893506706,0.1889769794735932,0.0,0.0555789773099811,0.2410017715100123,0.0479871532099366,0.0,0.2815325134404942,0.1471411646303767,0.0,0.3395682998456302,0.3711964745554174,0.2198973522190115,0.3227495347892185,0.5573970474493012,0.2010756747155693,0.0209656537541798,0.1231311732791948,0.4491405906160399,0.1838935010301175,0.2201936158668392,0.1336757395386034,0.0440636054768225,0.071536415653035,0.1176725262187181,0.5125566352975153,0.07853520996693,0.2348678596767169,0.5386109937683179,0.3689025218336548,0.4973360722607521,0.2843882913683874,0.5542509429909321,0.4275651858673716,0.5450444475693568,0.2051936994772818,0.5110459333862882,0.4347456812839442,0.4147777278686316,0.4052719388204714,0.5617523278636656,0.263873658100545,0.041482770216259,0.4676786239019559
0.4290612083258342,0.1404505027218953,0.0,0.0,0.0,0.0,0.0,0.0,0.0,0.0508607665113341,0.0,0.0,0.1796525565975692,0.0,0.1300760743764375,0.4714381685919117,0.1232212273802056,0.3506413819734443,0.0,0.2235721287477698,0.5121221924333699,0.3287424354339121,0.046654534505113,0.265389673029215,0.2540930224066278,0.163937661164037,0.3448053159646813,0.4752539388640456,0.401380542451184,0.0,0.4137165833902317,0.2619085154514277,0.8082227351256956,0.4951182830972911,0.0293912077687892,0.0,0.0,0.0630921090003081,0.2815325134404942,0.0,0.2710673066506525,0.0,0.1043068359729746,0.1392040256544647,0.0944370010241787,0.5590546869188582,0.2885726372852326,0.2154120947318228,0.0,0.1762175790177794,0.1675334592585671,0.1757732130449956,0.1549236276618217,0.0895449203867181,0.0,0.2892084323593239,0.0,0.2405826192259957,0.0,0.0544070615687183,0.3757931625676897,0.1668952517547764,0.3539730265566339,0.1198532725884361,0.0515851867178186,0.3968664518274545,0.2972273439715912,0.0367041955252801,0.3245162529586722,0.2788471767256658,0.2792436378289312,0.2517326276294867,0.2837416116301257,0.2508484283848595,0.2219104524916077,0.1959290918547077
0.1994226480891386,0.522283781311601,0.2590508218462584,0.0,0.0,0.1079187820234524,0.3467716519165467,0.0,0.0,0.4100886386445809,0.0,0.3250441197353289,0.390278770977731,0.0,0.3648176515828166,0.4909092957540008,0.0,0.5232645945794885,0.0,0.4891730457461421,0.2010431949533334,0.6347377218180505,0.0694610396379565,0.2053349400587998,0.5543196918260321,0.4101981079412762,0.212754851161198,0.1504570884400022,0.2438942478085046,0.0,0.1839850628229729,0.2358801150981976,0.1590170305031829,0.3020427135467897,0.1936417795779293,0.0,0.0,0.2801876294091753,0.1471411646303767,0.2710673066506525,0.0,0.3193060736947298,0.0,0.3915256018212993,0.315398708952849,0.1636938304363943,0.2870446003425964,0.1609748077908088,0.1754672330065856,0.0750272254852401,0.1904377799060781,0.1175951769684485,0.0,0.0,0.3570771301112947,0.0,0.3107493406429372,0.2932927456954753,0.0428028362422425,0.3396254356901165,0.2688933770181684,0.503660494255103,0.3948534663821674,0.2066713730290785,0.475457106994416,0.1289305949834467,0.4026508731389657,0.1636029378873689,0.3069720838440449,0.3698207790981644,0.4082720723411385,0.2854852332468316,0.4031010173062284,0.4011129398408589,0.4166675514697238,0.5392564583293668
0.0,0.3071251455807968,0.0,0.0,0.0,0.1212764055661263,0.0,0.0,0.0,0.2944225198702654,0.0,0.3292900197430604,0.2439734012614871,0.0,0.0,0.0637431856282161,0.0,0.1894760397668159,0.0,0.0,0.0,0.0432024083658638,0.1573018998936131,0.0,0.2931625582800955,0.3307117168401982,0.0,0.0,0.0,0.0,0.0,0.0,0.0,0.0,0.3247824418789112,0.0,0.0,0.1165684861067612,0.0,0.0,0.3193060736947298,0.0,0.0,0.2539383235704928,0.1051759979178557,0.0,0.0,0.0,0.3571094504828808,0.0665515813206842,0.0,0.083044216600089,0.0,0.0,0.3520675628250809,0.0,0.3645387218821401,0.0,0.0,0.0,0.0,0.2050752004455632,0.0,0.1480383148584728,0.0863681430996935,0.0,0.0,0.1799920273636516,0.0884660170775999,0.0,0.1301156345923899,0.0,0.0,0.0050847759326237,0.0146068077909585,0.0
