0.0,0.1685060780073725,0.0,0.0,0.0,0.3571884064144708,0.0,0.1431773421949682,0.0,0.6224844071745739,0.0,0.0,0.512212249516253,0.0,0.7878272003645324,0.7679853916282147,0.3880080078184132,0.477181797969793,0.0,0.7368435369203801,0.7046853496758558,0.782180826301921,0.4086918929054395,0.0743712563838639,0.6233721572815654,0.4599247740176805,0.6737260054578422,0.5332654040568718,0.6813039564447524,0.0,0.7444215469065344,0.3328454328288179,0.2827765996484868,0.2876462224853221,0.4011909389306811,0.0,0.0,0.3319678934321889,0.1889225272973846,0.2634494662608173,0.163075887567228,0.0,0.0,0.0,0.0,0.8326051153028176,0.4083617765751268,0.0,0.0,0.0,0.0,0.0,0.0,0.0,0.53870159109527,0.0,0.0,0.0,0.0,0.0,0.5844710871920422,0.0,0.3727469939508306,0.0,0.0,0.6896381814510725,0.7739249836634317,0.0,0.0358808363763826,0.4657884059278205,0.4989707562719313,0.0,0.0,0.0,0.0,0.1961906160088134
0.1685060780073725,0.0,0.0,0.0,0.3444132029228965,0.8132576688159686,0.4758976585711712,0.5726336377352721,0.5068025499000267,0.0,0.0,0.0,0.4587137959485277,0.0,0.0825306470164041,0.3212500320329989,0.6429683207785272,0.6799709729737039,0.0,0.0616508939702072,0.314799643259447,0.1829268584758477,0.6006866632436183,0.0,0.5622689177047114,0.773491297193606,0.3640172452872093,0.0688629458532174,0.2079589340827246,0.0,0.0811608670566778,0.4421781325097205,0.2233215329444612,0.2428403412965282,0.3060470346682791,0.0,0.0,0.0,0.228331995187882,0.2748156942082146,0.2361442825451854,0.0,0.0,0.0,0.0,0.0,0.6613005842414705,0.0,0.0,0.0,0.6675711391672657,0.0,0.0,0.0,0.0,0.0,0.0,0.0,0.0,0.0257456789740816,0.0,0.0,0.3962342226695207,0.0,0.1626619559977563,0.2288676178307065,0.1405505416770785,0.44156815049329,0.0,0.4147576888827436,0.6162114107168363,0.2105034478608183,0.0,0.048278626412804,0.0,0.0
0.0,0.0,0.0,0.0,0.4202267152179911,0.7784287516171592,0.376654823533558,0.5736358167358749,0.8972348959507114,0.6944212930956567,0.5717741482878758,0.4959033564928977,0.5699181966591897,0.2183245643514993,0.0,0.0,0.0,0.0,0.6419130600764176,0.0,0.0,0.0,0.8447538701463243,0.0,0.0,0.0,0.7339007376122488,0.4172944102583237,0.0,0.0,0.6515950509062335,0.6559448610315287,0.2404357029117334,0.2107255799598541,0.4511964318031919,0.0,0.2574915866574634,0.0,0.4264526845768186,0.0,0.3416041801851414,0.0,0.0,0.0,0.0,0.0,0.0,0.8862501089748597,0.0,0.1998882211519327,0.8714522687122175,0.4805380615188622,0.6724365408737548,0.8469773281866988,0.0,0.4991358443949545,0.0,0.249034198566616,0.3435865799619504,0.0,0.0,0.0,0.0,0.6914660341872753,0.0,0.0,0.0,0.7851304099709328,0.0,0.0,0.0,0.6824257801425789,0.0541912874515766,0.0,0.0,0.0
0.0,0.0,0.0,0.0,0.0,0.0,0.0,0.0,0.0,0.0,0.0,0.0,0.0,0.0,0.0,0.0,0.0,0.0,0.0,0.0,0.0,0.0,0.0,0.0,0.0,0.0,0.0,0.1936021376537475,0.0,0.0,0.0,0.0,0.0,0.0,0.0,0.0,0.0,0.0,0.0,0.0,0.0,0.0,0.0,0.0,0.0,0.0,0.0,0.0,0.0,0.0,0.0,0.0,0.0,0.0,0.0,0.0,0.0,0.0,0.0,0.0,0.0,0.0,0.0,0.0,0.0,0.0,0.0,0.0,0.0,0.0,0.0,0.0,0.0,0.0,0.0,0.0
0.0,0.3444132029228965,0.4202267152179911,0.0,0.0,0.4673901074176863,0.6604036854280627,0.2577544015808285,0.5465015455065315,0.281304287167336,0.4951478775694127,0.1600255387637746,0.5363772326722599,0.2140047522877678,0.0,0.373243123198839,0.0,0.0,0.3730798776124492,0.3813455812531131,0.0,0.4221191509691923,0.3493351806872518,0.0,0.3634695108124681,0.3671072479517036,0.5218204470115616,0.4233340096523042,0.4836261663449079,0.0,0.3107118423934051,0.3685606553747702,0.3023841673234913,0.345931256325978,0.3487364299270946,0.0,0.0866463737482203,0.2387973981401151,0.1788094622548033,0.0,0.0,0.0,0.0,0.0,0.0,0.0,0.0,0.4678840681494643,0.0,0.4353315169115961,0.3835321344124802,0.0,0.2558099040294694,0.4693388350197578,0.0,0.4568360998712861,0.0,0.0,0.0,0.0,0.0,0.0,0.0,0.3857539834072896,0.0,0.0,0.0,0.3265567135615057,0.0,0.0,0.0,0.4595977658963724,0.0,0.0,0.0,0.0
0.3571884064144708,0.8132576688159686,0.7784287516171592,0.0,0.4673901074176863,0.0,0.6375858723748749,0.7406422815343914,0.7665170528790042,0.6099579839711298,0.411719293918722,0.5640550150811643,0.7318289124967208,0.3330085493486747,0.3821209252607162,0.4350487923977261,0.7322132110340519,0.6829585616594459,0.4785993383217119,0.3115542593322535,0.5529979576081338,0.2633540324835587,0.9124066620219736,0.0,0.7095391877661578,0.9004183944615916,0.6358634940606391,0.2996669288349415,0.3899714708118139,0.2304059261885246,0.4288784272585472,0.5548029880442165,0.3017510093449884,0.3309245254493395,0.4930319591608365,0.0634444144230642,0.198029478805032,0.3139810298232867,0.2898286701279257,0.0,0.4403811814233169,0.0,0.0243247667455568,0.0,0.0,0.0,0.7269550641803711,0.7808521034354138,0.0,0.2408650670491996,0.8970564764644334,0.49638328622199,0.7538086244083056,0.7444901435372818,0.0,0.4380212491408604,0.0,0.3967941179636323,0.0,0.3554261410391434,0.0,0.0,0.0,0.5750690975843711,0.440784558417876,0.5659904804007367,0.348155629828725,0.7904193190764107,0.0,0.0,0.7383110682953515,0.5296013873035147,0.0,0.2958181836339541,0.2642552276332,0.0
0.0,0.4758976585711712,0.376654823533558,0.0,0.6604036854280627,0.6375858723748749,0.0,0.3389158762856893,0.5483500242944811,0.5047998273050582,0.2638223738967101,0.2026262610810334,0.7583672268621465,0.3472965058765893,0.0,0.4851433453023159,0.4281117184409292,0.4828106966378717,0.089464957275159,0.4573912878481306,0.0,0.3603750978865001,0.451043088782357,0.0,0.4070051063599811,0.5081225873356994,0.5450007123127872,0.4793144849897633,0.5672358121332214,0.0,0.4714741597238788,0.287121858128405,0.2627140064413853,0.5553070682965209,0.4525537164945622,0.0787555161188855,0.3134082235665568,0.2555367705399558,0.0705386580194689,0.0,0.3924264051198783,0.0,0.0,0.0,0.0,0.0,0.0,0.4953744007870778,0.0,0.0,0.4832537542516733,0.0,0.3636318918858383,0.6055571632538853,0.0,0.2527725745709606,0.0,0.0,0.0,0.0,0.0,0.0,0.0,0.1739916170251681,0.0,0.0,0.0,0.3971907354764084,0.0,0.0,0.0,0.4156160383755468,0.0,0.0,0.0,0.0
0.1431773421949682,0.5726336377352721,0.5736358167358749,0.0,0.2577544015808285,0.7406422815343914,0.3389158762856893,0.0,0.5155182692366809,0.3245350882043709,0.3445403338922961,0.6253920497376861,0.3147368615533889,0.1661335870388008,0.1389935461830771,0.0418355963523244,0.0,0.2354652873087364,0.2674968395404927,0.0356608917992733,0.4002405656778314,0.0,0.8700646896240666,0.4881701376767885,0.2997820487642587,0.6795716182173751,0.2423886684417607,0.0347407654746806,0.0,0.1204781557229844,0.1428971271037556,0.3648399491015675,0.1685186896640906,0.2917705989623892,0.3572600172534499,0.1357920193858416,0.0687417421282375,0.0,0.0822692863935726,0.0,0.2285071428178031,0.0,0.1888349311338904,0.0,0.0,0.0,0.0,0.5297180636469104,0.0,0.203016968305884,0.6183136043319168,0.3537903541563745,0.8310300313669524,0.4662636591042219,0.0,0.3064792221891689,0.0,0.2169072446449312,0.3430671302759968,0.1163666095664899,0.0,0.0,0.0,0.3102281980372569,0.0945056798757525,0.3815120440260476,0.0,0.7787704400049712,0.0,0.0,0.0,0.164780564375365,0.0,0.0,0.0,0.0
0.0,0.5068025499000267,0.8972348959507114,0.0,0.5465015455065315,0.7665170528790042,0.5483500242944811,0.5155182692366809,0.0,0.7513790151451184,0.6127993272171515,0.4359612166886574,0.6587168318756393,0.3182451848470541,0.0,0.6075267540882959,0.0,0.7100559720968322,0.4821920851726927,0.5550658368087754,0.0,0.5129876227133446,0.7434798730636576,0.3790125201982239,0.7277007971974898,0.7668608290813119,0.7877644042070316,0.4395239840844394,0.5287318757776163,0.4679516922311874,0.6485367798145213,0.5392350431023721,0.2854359729256879,0.4433956146558211,0.4625858342126465,0.0,0.334720738422327,0.3859453834409462,0.2774589580915288,0.0,0.4734675347103265,0.0,0.0,0.0,0.0,0.0,0.0,0.8842664533023176,0.0,0.3053384884738115,0.8673515105347248,0.6009950363426946,0.6298546657370551,0.960363160629743,0.0,0.4844313348835158,0.0,0.2927881998857567,0.3844078545531423,0.0,0.0,0.0,0.0,0.5673434307044927,0.0,0.0,0.0,0.7056347070108883,0.0,0.0,0.0,0.7551003973765078,0.0408968480153681,0.0,0.0,0.0
0.6224844071745739,0.0,0.6944212930956567,0.0,0.281304287167336,0.6099579839711298,0.5047998273050582,0.3245350882043709,0.7513790151451184,0.0,0.2673572222436499,0.2951310669239866,0.6661275034902266,0.0,0.0,0.6270001834044651,0.6166710153591769,0.5969766995799984,0.1136440204951887,0.5881878559049557,0.0,0.4623816080111377,0.619913048900905,0.2217438488472181,0.7384540494011915,0.617658322016575,0.7898318935066168,0.460119875131208,0.6400973961472861,0.0,0.7835458065690593,0.3111242233314881,0.1390405847613404,0.319831391914592,0.3389658135349899,0.2761262156454079,0.4351262534849889,0.3504693771380298,0.0300671218794523,0.1855640346999374,0.3604842345053859,0.0,0.0,0.0,0.343927207844746,0.5201115371710864,0.0,0.0,0.0,0.0,0.0,0.0,0.0,0.0,0.8493760244739597,0.0,0.3451542033317093,0.0947853247907348,0.0,0.0,0.0,0.7415467166397349,0.5215314385620333,0.0,0.0,0.0,0.0,0.0,0.2720036002748837,0.6282253745878574,0.6323695422843182,0.0,0.0,0.0,0.0,0.0
0.0,0.0,0.5717741482878758,0.0,0.4951478775694127,0.411719293918722,0.2638223738967101,0.3445403338922961,0.6127993272171515,0.2673572222436499,0.0,0.171935669606457,0.3263808427269596,0.2844178044423792,0.0,0.0,0.2523683275942205,0.0,0.5521267201188491,0.0,0.0,0.0,0.4787021496214508,0.2605979260994018,0.0,0.4190123838896202,0.4699629191063436,0.1814825893819543,0.0,0.0,0.2113115671731048,0.3521412984536822,0.2535746750647727,0.1448424394893366,0.2205807260694807,0.0404616610190564,0.0,0.2270745584126401,0.2063479551762864,0.0,0.0,0.0,0.0,0.0,0.0,0.0,0.0,0.5010456582641916,0.0,0.3072679147767352,0.5038967749482455,0.2625684304979974,0.415782629630029,0.4695353916973152,0.0,0.6785327434654642,0.0,0.1145175383280113,0.3518485193497477,0.0,0.0,0.0,0.0,0.5291139596521083,0.0,0.0,0.0,0.5182070296998093,0.0,0.0,0.0,0.4668415207830976,0.0,0.0,0.0,0.0
0.0,0.0,0.4959033564928977,0.0,0.1600255387637746,0.5640550150811643,0.2026262610810334,0.6253920497376861,0.4359612166886574,0.2951310669239866,0.171935669606457,0.0,0.1086574571846074,0.0,0.0,0.0,0.6382275565448428,0.4109217403807654,0.3035660584122649,0.0,0.1752120633795779,0.0,0.5738151551841122,0.6118188479036919,0.2681266669275578,0.5839466468265472,0.1430041067302797,0.0,0.0,0.0,0.0368112879692464,0.3878363211169325,0.0475412674274263,0.1002449573728317,0.0290290871452257,0.0752022625304051,0.1486694733912006,0.329490654024375,0.1204026099582008,0.1844296964986739,0.0688903775847877,0.0,0.2959236475229495,0.0,0.2041132745418539,0.0,0.0,0.0,0.0,0.0,0.0,0.0,0.0,0.0,0.5383030524791168,0.0,0.8870262325235313,0.3383024341777538,0.0,0.0,0.0,0.3773223405789386,0.2139378606085836,0.0,0.0,0.0,0.0,0.0,0.5678014014824433,0.1076339794141251,0.4197677644720761,0.0,0.0,0.0,0.0,0.0
0.512212249516253,0.4587137959485277,0.5699181966591897,0.0,0.5363772326722599,0.7318289124967208,0.7583672268621465,0.3147368615533889,0.6587168318756393,0.6661275034902266,0.3263808427269596,0.1086574571846074,0.0,0.4066873129392676,0.5931559366894146,0.7260901921468386,0.6516389344634136,0.6587732076202758,0.3170283330293649,0.5445340300920744,0.5686296816416105,0.5041625765979594,0.5269579675969855,0.0596953972797136,0.6613333266152671,0.6557096346188265,0.6613418095932946,0.6588000752957817,0.71885887864624,0.3964197674590636,0.6609347892695981,0.4007110031426807,0.2759696782142434,0.3739212642197456,0.5031940854651512,0.1136373131460981,0.3392269658726292,0.221103249275189,0.2205008480745941,0.2728130270565524,0.4418782976655137,0.0,0.0,0.0,0.2481917882608045,0.0,0.0,0.6992865923334703,0.0,0.0,0.6462906875703122,0.417298587586181,0.3830107613412891,0.0,0.0,0.2751177842185605,0.1895422161990663,0.0,0.0,0.5329937285059039,0.0,0.0,0.0,0.0,0.58922615089844,0.0,0.5857898767071509,0.5015911306231973,0.0,0.5903928797649127,0.5949626470169537,0.5766808199608487,0.0,0.5643885443370245,0.0,0.0
0.0,0.0,0.2183245643514993,0.0,0.2140047522877678,0.3330085493486747,0.3472965058765893,0.1661335870388008,0.3182451848470541,0.0,0.2844178044423792,0.0,0.4066873129392676,0.0,0.0,0.0,0.0,0.0,0.0,0.0,0.3732647406176513,0.0,0.3770279207264692,0.0,0.0,0.0,0.4271217297568366,0.2225514086417281,0.0,0.0,0.3455631104989918,0.1296491687094987,0.0,0.196999655754424,0.0,0.4103959641340929,0.2527638585522642,0.0,0.0,0.0,0.0,0.0,0.0,0.0,0.0,0.0,0.0,0.359794425052567,0.0,0.0,0.0,0.0,0.0,0.3250599612983899,0.0,0.0869502489337634,0.0,0.0,0.0,0.0,0.0,0.0,0.0,0.0,0.0,0.0,0.0,0.4370587849956555,0.0,0.0,0.0,0.4011219903542901,0.0,0.0,0.0,0.0
0.7878272003645324,0.0825306470164041,0.0,0.0,0.0,0.3821209252607162,0.0,0.1389935461830771,0.0,0.0,0.0,0.0,0.5931559366894146,0.0,0.0,0.7779252419757222,0.0,0.5105080485633176,0.0,0.6961770454881191,0.6640391354034619,0.7042313184951116,0.4709811195234113,0.0,0.616218141536398,0.4330809101841735,0.7289399072534313,0.5888603886793916,0.7375802493624379,0.0,0.7998699276510042,0.3766498451853048,0.2840830800393569,0.3288724101717125,0.4686665623073521,0.0,0.0,0.0,0.2813025559686311,0.2607830513757852,0.3581496050853947,0.0,0.0,0.0,0.0,0.0,0.4453745536252632,0.0,0.0,0.0,0.4704906399531386,0.0,0.2598921448726682,0.0,0.0,0.0,0.0,0.0,0.0,0.9391627413521956,0.6422585764871744,0.0,0.0,0.0,0.7638815878260502,0.7790609103828872,0.7637588465435665,0.4881144401679195,0.0,0.5353104050802298,0.5201102897637117,0.7216066620720032,0.0318383659826845,0.7493317718925022,0.0,0.3333471254989323
0.7679853916282147,0.3212500320329989,0.0,0.0,0.373243123198839,0.4350487923977261,0.4851433453023159,0.0418355963523244,0.6075267540882959,0.6270001834044651,0.0,0.0,0.7260901921468386,0.0,0.7779252419757222,0.0,0.5820401947243673,0.7428081489100669,0.0,0.7026918688722573,0.5597860641579533,0.804816870383086,0.3189316084139293,0.0,0.6803711112136113,0.4946154993796865,0.7293217936649712,0.644788240938302,0.8110127009997969,0.5967994411659151,0.8075078588769955,0.4359524999619945,0.2294771414313398,0.3375882812250144,0.4125165805473697,0.0,0.0,0.0,0.2669330607552876,0.2438642182019032,0.2971691388743048,0.0,0.0,0.0,0.0,0.7295415858848092,0.4562858191092481,0.0,0.0,0.0,0.0,0.0,0.0,0.0,0.0,0.0,0.0,0.0,0.0,0.6861371912039891,0.7049706027535015,0.0,0.5659706345454565,0.0,0.7784321265448899,0.6090846253048351,0.8092190953080276,0.292013256002311,0.0,0.5160058797811695,0.4928404985195114,0.65561025311433,0.0,0.7087098407584931,0.0,0.3735587060759867
0.3880080078184132,0.6429683207785272,0.0,0.0,0.0,0.7322132110340519,0.4281117184409292,0.0,0.0,0.6166710153591769,0.2523683275942205,0.6382275565448428,0.6516389344634136,0.0,0.0,0.5820401947243673,0.0,0.8085886853460167,0.0,0.2774678941383769,0.0,0.2835329724993001,0.0,0.4602511628339514,0.6712017503068514,0.8122735314499958,0.0,0.3535122609686716,0.3118284099552008,0.0,0.5017266232733626,0.5260811166436871,0.1913212875061977,0.2085003259795722,0.2431644610358059,0.0,0.0,0.3496608889440927,0.0,0.3278562658211042,0.0,0.0,0.0,0.0,0.0,0.0,0.0,0.0,0.0,0.0,0.0,0.0,0.0,0.0,0.7348508531799303,0.0,0.6893458016224209,0.0,0.0,0.0,0.0,0.791892904448212,0.4539478528707694,0.0,0.0,0.0,0.0,0.0,0.4636685922641582,0.5144932191129836,0.7518869134178602,0.0,0.0,0.0,0.0,0.0
0.477181797969793,0.6799709729737039,0.0,0.0,0.0,0.6829585616594459,0.4828106966378717,0.2354652873087364,0.7100559720968322,0.5969766995799984,0.0,0.4109217403807654,0.6587732076202758,0.0,0.5105080485633176,0.7428081489100669,0.8085886853460167,0.0,0.0,0.4011381682954161,0.3805117226634061,0.4861675484160698,0.4943577991575971,0.3656936590668349,0.7707055397742234,0.7385347653797983,0.6109748869525234,0.3954654468329702,0.5005113012414469,0.3670330866830247,0.4990061996512216,0.627598688113764,0.2801995251075191,0.1919393554149281,0.4004389838093859,0.0,0.0,0.0,0.4838485585096023,0.3439563147172702,0.3864754654968313,0.0,0.0,0.0,0.0,0.4324678315386528,0.5910140359037879,0.0,0.0,0.0,0.0,0.0,0.0,0.0,0.6371665786159155,0.0,0.4976287717994653,0.0,0.0,0.0,0.5204439414514774,0.7271284762705139,0.6955895390547754,0.0,0.0,0.0,0.6308688105371748,0.0,0.301903251714345,0.5603080031947241,0.6972948526496053,0.0,0.0,0.0,0.0,0.2375057841792062
0.0,0.0,0.6419130600764176,0.0,0.3730798776124492,0.4785993383217119,0.089464957275159,0.2674968395404927,0.4821920851726927,0.1136440204951887,0.5521267201188491,0.3035660584122649,0.3170283330293649,0.0,0.0,0.0,0.0,0.0,0.0,0.0,0.0,0.0,0.4037039942439197,0.0,0.0,0.0,0.3502786766677341,0.1252707851708767,0.0,0.0,0.2290340570261319,0.5512019496268149,0.0,0.0,0.1196272737359397,0.0,0.0,0.2949976671247873,0.4508817084108916,0.0,0.0,0.0,0.1034441675845531,0.0,0.0,0.0,0.0,0.4550244576539148,0.0,0.2179653190944953,0.5281333066025062,0.3528384253604245,0.2763287823855691,0.3517643995397835,0.0,0.6034922256053289,0.0,0.340793716738383,0.1510116507488719,0.0,0.0,0.0,0.0,0.971302923172292,0.0,0.0,0.0,0.3136071592885516,0.0,0.0,0.0,0.28734413338396,0.0,0.0,0.0,0.0
0.7368435369203801,0.0616508939702072,0.0,0.0,0.3813455812531131,0.3115542593322535,0.4573912878481306,0.0356608917992733,0.5550658368087754,0.5881878559049557,0.0,0.0,0.5445340300920744,0.0,0.6961770454881191,0.7026918688722573,0.2774678941383769,0.4011381682954161,0.0,0.0,0.5764571817728953,0.8941018474933359,0.2920543368085752,0.0,0.4555236981579428,0.2310814275218948,0.7279907746411737,0.5498748923916618,0.790473677738011,0.5818322527531966,0.8108589797025931,0.2052385144307608,0.2562849630318742,0.4529086708750793,0.3723837915204262,0.0,0.2387799829179434,0.0,0.0,0.0777035704589858,0.2051157816244162,0.0,0.0,0.0,0.0,0.0,0.3345775912444656,0.0,0.0,0.0,0.2756454965475138,0.0,0.105261380339878,0.0,0.0,0.0,0.0,0.0,0.0,0.6389745241253225,0.48524474097743,0.0,0.0,0.0,0.8410740123273327,0.5177738484035369,0.8177425771282547,0.295602779334137,0.0,0.3450762563883334,0.263204563882736,0.6227068983419324,0.0,0.6016725737281174,0.2164153119569235,0.1958390999662294
0.7046853496758558,0.314799643259447,0.0,0.0,0.0,0.5529979576081338,0.0,0.4002405656778314,0.0,0.0,0.0,0.1752120633795779,0.5686296816416105,0.3732647406176513,0.6640391354034619,0.5597860641579533,0.0,0.3805117226634061,0.0,0.5764571817728953,0.0,0.5613316975428629,0.5680432681562796,0.1485221857835811,0.5927437489578405,0.5214547067977177,0.667557811728146,0.3505850405268502,0.6414742274484341,0.0,0.5829431161186384,0.3229272816684835,0.2178984096400995,0.3459829045610649,0.4269458262494895,0.0,0.0,0.0,0.0868643250035216,0.1773032224249709,0.2234320994727468,0.0,0.0,0.0,0.0,0.5851693135837162,0.4682338292334811,0.0,0.0,0.0,0.4129797207602259,0.0,0.4221988581066696,0.0,0.0,0.0,0.0,0.0,0.0,0.6107846308913913,0.3211806957440591,0.0,0.0,0.0,0.6052285558237739,0.7961339058739588,0.5337265232768986,0.571433162163064,0.0,0.4479341763987009,0.4313415583563856,0.5893000853736879,0.0,0.5216199878060589,0.0,0.0519759664996683
0.782180826301921,0.1829268584758477,0.0,0.0,0.4221191509691923,0.2633540324835587,0.3603750978865001,0.0,0.5129876227133446,0.4623816080111377,0.0,0.0,0.5041625765979594,0.0,0.7042313184951116,0.804816870383086,0.2835329724993001,0.4861675484160698,0.0,0.8941018474933359,0.5613316975428629,0.0,0.2353169980538535,0.0,0.5067856233440667,0.24287875054159,0.6901475407634559,0.5174999513460975,0.7706345185792093,0.5782579354764544,0.7632311929741371,0.3187742657316474,0.2531760482325204,0.3744501421065362,0.3370987268315974,0.0,0.0411269159003409,0.0,0.1216748642571338,0.0801915771645155,0.1137810855948799,0.0,0.0,0.0,0.0,0.6863067073727741,0.408462035164265,0.0,0.0,0.0,0.2656721432934932,0.0,0.0,0.0,0.0,0.0,0.0,0.0,0.0,0.5675482450163598,0.6232073208345505,0.0,0.3182384433377786,0.0,0.8102653190007165,0.4913784875947511,0.9004259736870321,0.2314556262908587,0.0,0.3879527975655656,0.3138675539004211,0.5738987619071496,0.0672899236021724,0.6331508653381998,0.0,0.2731767499199673
0.4086918929054395,0.6006866632436183,0.8447538701463243,0.0,0.3493351806872518,0.9124066620219736,0.451043088782357,0.8700646896240666,0.7434798730636576,0.619913048900905,0.4787021496214508,0.5738151551841122,0.5269579675969855,0.3770279207264692,0.4709811195234113,0.3189316084139293,0.0,0.4943577991575971,0.4037039942439197,0.2920543368085752,0.5680432681562796,0.2353169980538535,0.0,0.5092143713253143,0.5846596469239937,0.7931264918814943,0.5830784927045474,0.2715806424779643,0.2281599724755127,0.2976248444044315,0.4902377870759005,0.517644761794631,0.2302804119045945,0.3301059620472715,0.4448265522419259,0.116222120132909,0.1833018577051127,0.3206811098743254,0.2079114514406292,0.3457038521981427,0.3443445317251679,0.0,0.0,0.0,0.0,0.0,0.6091752198074034,0.7892399852644714,0.0,0.1825171777822954,0.8489817027929448,0.4062643517353425,0.8898410917316115,0.7192165154041069,0.0,0.4150843607774901,0.0,0.2450988791617687,0.4350296655945312,0.4584630130199825,0.0,0.0,0.0,0.4891181480585507,0.4050881695232075,0.6187425853837295,0.3066000807197173,0.9550747976057644,0.0,0.4500525306169239,0.6936352313113654,0.5187675567243781,0.0,0.206709099245419,0.2081247475619569,0.0
0.0743712563838639,0.0,0.0,0.0,0.0,0.0,0.0,0.4881701376767885,0.3790125201982239,0.2217438488472181,0.2605979260994018,0.6118188479036919,0.0596953972797136,0.0,0.0,0.0,0.4602511628339514,0.3656936590668349,0.0,0.0,0.1485221857835811,0.0,0.5092143713253143,0.0,0.4707713876517564,0.6304923305441852,0.0534799703255876,0.0,0.0,0.0,0.0,0.5319117703713194,0.2084998474562314,0.0,0.0492869460866324,0.1169095225743347,0.1484164943271383,0.2689315186399735,0.5386850784164551,0.4019014646778738,0.262316040341352,0.0,0.0,0.0,0.1062757877370886,0.0856469929139868,0.0,0.0,0.0,0.0,0.0,0.0,0.0,0.0,0.3233503083582498,0.0,0.7473180985632417,0.0,0.0,0.0,0.0,0.2928572473865997,0.2660752756814359,0.0,0.0,0.0,0.0,0.0,0.8986604825897704,0.3472152643671345,0.5752634040836154,0.0,0.1307391746939941,0.0,0.0,0.0
0.6233721572815654,0.5622689177047114,0.0,0.0,0.3634695108124681,0.7095391877661578,0.4070051063599811,0.2997820487642587,0.7277007971974898,0.7384540494011915,0.0,0.2681266669275578,0.6613333266152671,0.0,0.616218141536398,0.6803711112136113,0.6712017503068514,0.7707055397742234,0.0,0.4555236981579428,0.5927437489578405,0.5067856233440667,0.5846596469239937,0.4707713876517564,0.0,0.7870733251082443,0.7118929235269177,0.3591326344054643,0.5904691147865365,0.0,0.5143511284947393,0.4471038023249675,0.3128403021446851,0.101673955564269,0.3809425183874007,0.0,0.0,0.235805803174875,0.394723417976989,0.3588257009105573,0.4374446924972158,0.0,0.0,0.0,0.0,0.5736901657887633,0.6699709463295596,0.0,0.0,0.0,0.0,0.0,0.0,0.0,0.678929245505586,0.0,0.3715581582827255,0.1764318301421367,0.0,0.5724045869292349,0.5924157793141688,0.6964359508940426,0.6222886402934736,0.0,0.6608178362493304,0.6411586176386583,0.696117093763739,0.5412871189815309,0.4454528525617046,0.870717430836073,0.8060563812815353,0.0,0.0,0.6733682792438825,0.0,0.2306226576781629
0.4599247740176805,0.773491297193606,0.0,0.0,0.3671072479517036,0.9004183944615916,0.5081225873356994,0.6795716182173751,0.7668608290813119,0.617658322016575,0.4190123838896202,0.5839466468265472,0.6557096346188265,0.0,0.4330809101841735,0.4946154993796865,0.8122735314499958,0.7385347653797983,0.0,0.2310814275218948,0.5214547067977177,0.24287875054159,0.7931264918814943,0.6304923305441852,0.7870733251082443,0.0,0.5144843242116369,0.2713472612098229,0.2977169519465864,0.0,0.3835191659871191,0.5696770082333437,0.3826915373460732,0.3020113099964152,0.4668465240710609,0.0947423351953605,0.0,0.2808591868252333,0.356126563113895,0.4498922420102493,0.4598060977516227,0.0,0.0,0.0,0.2612084975026699,0.3447054724406935,0.6203185117995793,0.0,0.0,0.0,0.8204932827253186,0.0,0.0,0.0,0.6392198929847291,0.0,0.6590667265885163,0.3890400710506297,0.0,0.397172434842877,0.1172949487305076,0.70933127272927,0.5020019435594992,0.0,0.3839186808469322,0.5591814561701516,0.3607486756428401,0.6793651017032772,0.5906378020202668,0.622816496079906,0.8962995258357999,0.4203585786387017,0.0,0.24872331061084,0.0,0.0
0.6737260054578422,0.3640172452872093,0.7339007376122488,0.0,0.5218204470115616,0.6358634940606391,0.5450007123127872,0.2423886684417607,0.7877644042070316,0.7898318935066168,0.4699629191063436,0.1430041067302797,0.6613418095932946,0.4271217297568366,0.7289399072534313,0.7293217936649712,0.0,0.6109748869525234,0.3502786766677341,0.7279907746411737,0.667557811728146,0.6901475407634559,0.5830784927045474,0.0534799703255876,0.7118929235269177,0.5144843242116369,0.0,0.4546245898591057,0.8662998774734516,0.4693839566134098,0.7833403750025457,0.3877616890748523,0.2488808721317643,0.3653955285896647,0.4362236678244842,0.0,0.1947281028207472,0.3849424911908485,0.1781881383338162,0.2222561206528238,0.4695241857847932,0.0,0.0,0.0,0.0,0.0,0.72646676121527,0.7941952529279979,0.0,0.1316117447950154,0.6456390449832154,0.4156364039781851,0.3948784116547986,0.7591216191301797,0.0,0.3932180104245821,0.0,0.1209359500394549,0.2357532727382764,0.7465944702558263,0.0,0.0,0.0,0.442902479541115,0.8179591118951548,0.685186784697754,0.7300815980746012,0.6158197105291752,0.0,0.0,0.544054672631164,0.9415947645002144,0.0,0.7522236351300098,0.3080534572039803,0.2069912938310991
0.5332654040568718,0.0688629458532174,0.4172944102583237,0.1936021376537475,0.4233340096523042,0.2996669288349415,0.4793144849897633,0.0347407654746806,0.4395239840844394,0.460119875131208,0.1814825893819543,0.0,0.6588000752957817,0.2225514086417281,0.5888603886793916,0.644788240938302,0.3535122609686716,0.3954654468329702,0.1252707851708767,0.5498748923916618,0.3505850405268502,0.5174999513460975,0.2715806424779643,0.0,0.3591326344054643,0.2713472612098229,0.4546245898591057,0.0,0.5660816232820012,0.5243569236743086,0.6758879531962954,0.2947486398278671,0.1659932967786725,0.3598723858247797,0.3455541014093904,0.0,0.3700835859373074,0.2644317404896756,0.1556727062724945,0.1498452220258684,0.1507173171083953,0.0,0.0,0.0,0.1431972465388048,0.0,0.0,0.4935387485074605,0.0,0.0,0.3287988737247702,0.0,0.0901058912876407,0.5350298184276985,0.3164988548557992,0.0,0.0,0.1476493183986297,0.0,0.5314802565285167,0.0,0.0,0.0,0.0,0.4888196097835252,0.4912365255134591,0.5146910018215922,0.2587272716603308,0.0,0.276853766895868,0.3130183099398625,0.3763878274618913,0.1724866911738748,0.4809447070223017,0.0,0.2617471523255025
0.6813039564447524,0.2079589340827246,0.0,0.0,0.4836261663449079,0.3899714708118139,0.5672358121332214,0.0,0.5287318757776163,0.6400973961472861,0.0,0.0,0.71885887864624,0.0,0.7375802493624379,0.8110127009997969,0.3118284099552008,0.5005113012414469,0.0,0.790473677738011,0.6414742274484341,0.7706345185792093,0.2281599724755127,0.0,0.5904691147865365,0.2977169519465864,0.8662998774734516,0.5660816232820012,0.0,0.5362866081877291,0.7756731619586825,0.1891904740772284,0.2051662903743114,0.3513952774408594,0.3431245487831246,0.0,0.1089467776475459,0.0,0.0758980196143475,0.1496987627529431,0.3162616392367391,0.0,0.0,0.0,0.0,0.0,0.5339643844311646,0.5717056788120332,0.0,0.0,0.2981640326854539,0.3032939593369139,0.0039968365469399,0.5507064736391573,0.0,0.0,0.0,0.0563830362880221,0.0,0.6926309569469219,0.0,0.0,0.0,0.0,0.7903235803784329,0.6556388875639846,0.7565399566200999,0.2413429760199992,0.0,0.0,0.3458521754977151,0.7705270661174854,0.0,0.8261944031593739,0.2643135475840837,0.3685920746238563
0.0,0.0,0.0,0.0,0.0,0.2304059261885246,0.0,0.1204781557229844,0.4679516922311874,0.0,0.0,0.0,0.3964197674590636,0.0,0.0,0.5967994411659151,0.0,0.3670330866830247,0.0,0.5818322527531966,0.0,0.5782579354764544,0.2976248444044315,0.0,0.0,0.0,0.4693839566134098,0.5243569236743086,0.5362866081877291,0.0,0.6479230780862755,0.1636539381782223,0.0,0.4476075676170846,0.2487716116216619,0.0,0.0,0.0,0.0,0.0,0.0,0.0,0.0,0.0,0.0,0.0,0.0,0.0,0.0,0.0,0.0,0.0,0.0,0.0,0.0,0.0,0.0,0.0,0.0,0.0,0.0,0.0,0.0,0.0,0.5389997071379292,0.0,0.0,0.2780828131137342,0.0,0.0,0.0,0.4584802432488858,0.0,0.5019081030500865,0.0,0.0
0.7444215469065344,0.0811608670566778,0.6515950509062335,0.0,0.3107118423934051,0.4288784272585472,0.4714741597238788,0.1428971271037556,0.6485367798145213,0.7835458065690593,0.2113115671731048,0.0368112879692464,0.6609347892695981,0.3455631104989918,0.7998699276510042,0.8075078588769955,0.5017266232733626,0.4990061996512216,0.2290340570261319,0.8108589797025931,0.5829431161186384,0.7632311929741371,0.4902377870759005,0.0,0.5143511284947393,0.3835191659871191,0.7833403750025457,0.6758879531962954,0.7756731619586825,0.6479230780862755,0.0,0.3334661019096022,0.1341673909350723,0.4614325180979049,0.3570716813517034,0.0,0.2498486700632918,0.271588632826766,0.0574113767603732,0.1581512635110617,0.1819479741066187,0.0,0.0,0.0,0.0,0.0,0.4665926592670835,0.0,0.0,0.0,0.4546389868447361,0.0,0.2853141111346625,0.0,0.6981023739264429,0.0,0.0461643653807208,0.0,0.0,0.7454004990124138,0.5172975214750531,0.6923758106892764,0.4188574399709067,0.0,0.7739910133351942,0.6333434270350501,0.7419594605915846,0.4624236755037013,0.0,0.4461981712135257,0.4537236040038916,0.686478926208936,0.1201994843859959,0.6431262361193992,0.0,0.233754327882821
0.3328454328288179,0.4421781325097205,0.6559448610315287,0.0,0.3685606553747702,0.5548029880442165,0.287121858128405,0.3648399491015675,0.5392350431023721,0.3111242233314881,0.3521412984536822,0.3878363211169325,0.4007110031426807,0.1296491687094987,0.3766498451853048,0.4359524999619945,0.5260811166436871,0.627598688113764,0.5512019496268149,0.2052385144307608,0.3229272816684835,0.3187742657316474,0.517644761794631,0.5319117703713194,0.4471038023249675,0.5696770082333437,0.3877616890748523,0.2947486398278671,0.1891904740772284,0.1636539381782223,0.3334661019096022,0.0,0.2725262517298773,0.1376974405279303,0.2970437604700107,0.042526705268837,0.2876236862597268,0.2674326616295209,0.5935433352919479,0.2921554399882869,0.4188075057546406,0.0,0.1977531915507417,0.1157265405508858,0.151047506598749,0.3537149946545539,0.4973536260208074,0.5240831700284877,0.0,0.2668299285779673,0.773283653574889,0.454088245083386,0.4016282930482847,0.5186957773218747,0.3922606833852629,0.2589883891565476,0.4915213877226574,0.4349540622267314,0.0,0.3287800792183275,0.3412195087512272,0.4870711708466741,0.451145146639948,0.5523034601412596,0.4394839663046641,0.3916637358872621,0.3905513255229362,0.4925160428980258,0.4952579117556465,0.369230384375218,0.5214940465867098,0.4433507840652493,0.241218484228623,0.3592885715263823,0.0,0.3228098248232284
0.2827765996484868,0.2233215329444612,0.2404357029117334,0.0,0.3023841673234913,0.3017510093449884,0.2627140064413853,0.1685186896640906,0.2854359729256879,0.1390405847613404,0.2535746750647727,0.0475412674274263,0.2759696782142434,0.0,0.2840830800393569,0.2294771414313398,0.1913212875061977,0.2801995251075191,0.0,0.2562849630318742,0.2178984096400995,0.2531760482325204,0.2302804119045945,0.2084998474562314,0.3128403021446851,0.3826915373460732,0.2488808721317643,0.1659932967786725,0.2051662903743114,0.0,0.1341673909350723,0.2725262517298773,0.0,0.3064057907242253,0.3036080300911064,0.0,0.0886003784868079,0.1466724599082538,0.3186354307404905,0.5989439067455145,0.4649594340593867,0.0456483678420429,0.0,0.0,0.145345313006793,0.2743750503454653,0.1696767070152499,0.0,0.0,0.0,0.0,0.0,0.0,0.0,0.1205717464906218,0.0,0.044741634352786,0.0,0.0,0.2877872466591369,0.1611303582270232,0.173837196430569,0.1827606770268486,0.0,0.3100023740960239,0.2883187880532536,0.304198854639846,0.2155014376606433,0.157942760298129,0.2523081486084549,0.3305425356163535,0.2560006689151332,0.0675951419709142,0.0,0.0,0.2194628774092522
0.2876462224853221,0.2428403412965282,0.2107255799598541,0.0,0.345931256325978,0.3309245254493395,0.5553070682965209,0.2917705989623892,0.4433956146558211,0.319831391914592,0.1448424394893366,0.1002449573728317,0.3739212642197456,0.196999655754424,0.3288724101717125,0.3375882812250144,0.2085003259795722,0.1919393554149281,0.0,0.4529086708750793,0.3459829045610649,0.3744501421065362,0.3301059620472715,0.0,0.101673955564269,0.3020113099964152,0.3653955285896647,0.3598723858247797,0.3513952774408594,0.4476075676170846,0.4614325180979049,0.1376974405279303,0.3064057907242253,0.0,0.3217491276578197,0.0,0.0873939298698735,0.2247821992933766,0.0,0.2929684282273497,0.3182735997969423,0.0,0.0,0.0,0.3179407503256549,0.2772803285530312,0.23484274981067,0.3983834479616833,0.0,0.0,0.2185750855422567,0.4057353791896462,0.3089700540643211,0.4519738689997981,0.3112492988633006,0.0,0.0,0.1632691411703063,0.0,0.3079649361588878,0.0,0.3298946985873435,0.1758584856251584,0.0,0.3151611993943353,0.3093578380785731,0.203114723080189,0.3194493541000582,0.0,0.0670156939813011,0.1699261497142795,0.2754361633894961,0.0,0.0953975022419931,0.0,0.0
0.4011909389306811,0.3060470346682791,0.4511964318031919,0.0,0.3487364299270946,0.4930319591608365,0.4525537164945622,0.3572600172534499,0.4625858342126465,0.3389658135349899,0.2205807260694807,0.0290290871452257,0.5031940854651512,0.0,0.4686665623073521,0.4125165805473697,0.2431644610358059,0.4004389838093859,0.1196272737359397,0.3723837915204262,0.4269458262494895,0.3370987268315974,0.4448265522419259,0.0492869460866324,0.3809425183874007,0.4668465240710609,0.4362236678244842,0.3455541014093904,0.3431245487831246,0.2487716116216619,0.3570716813517034,0.2970437604700107,0.3036080300911064,0.3217491276578197,0.0,0.0176605451921472,0.2452704785792858,0.1859985966824132,0.1003235990709569,0.140564367933419,0.2982877226189233,0.0,0.0,0.0,0.0972552594544506,0.0,0.3004481883769538,0.0,0.0,0.0,0.4803591341649122,0.0,0.0,0.0,0.0,0.0,0.0817209165167564,0.0602940004454878,0.0,0.4030036111936684,0.1590723352827376,0.0,0.0,0.0,0.3070729779119902,0.0,0.3191652616846139,0.5665156877540692,0.0,0.2656480809699755,0.3433164827540003,0.3983279226191879,0.0,0.231379137091799,0.0,0.0
0.0,0.0,0.0,0.0,0.0,0.0634444144230642,0.0787555161188855,0.1357920193858416,0.0,0.2761262156454079,0.0404616610190564,0.0752022625304051,0.1136373131460981,0.4103959641340929,0.0,0.0,0.0,0.0,0.0,0.0,0.0,0.0,0.116222120132909,0.1169095225743347,0.0,0.0947423351953605,0.0,0.0,0.0,0.0,0.0,0.042526705268837,0.0,0.0,0.0176605451921472,0.0,0.3257631564825888,0.0433342153884663,0.0,0.0,0.2506892729212476,0.0,0.0,0.0,0.194571749481994,0.0,0.0,0.0112619079800906,0.0,0.0,0.1187575182339437,0.0,0.2244187930501334,0.0674745393951384,0.0,0.0,0.1482801524926029,0.0396225689229866,0.0,0.0,0.0,0.0,0.0,0.0,0.0,0.0,0.0,0.1186348363249629,0.0,0.0,0.0,0.0167632708516673,0.0,0.0,0.0,0.0
0.0,0.0,0.2574915866574634,0.0,0.0866463737482203,0.198029478805032,0.3134082235665568,0.0687417421282375,0.334720738422327,0.4351262534849889,0.0,0.1486694733912006,0.3392269658726292,0.2527638585522642,0.0,0.0,0.0,0.0,0.0,0.2387799829179434,0.0,0.0411269159003409,0.1833018577051127,0.1484164943271383,0.0,0.0,0.1947281028207472,0.3700835859373074,0.1089467776475459,0.0,0.2498486700632918,0.2876236862597268,0.0886003784868079,0.0873939298698735,0.2452704785792858,0.3257631564825888,0.0,0.2722725735303777,0.1848354137931391,0.0,0.2699610265270885,0.1475559399126052,0.0,0.0,0.0,0.0,0.0,0.0,0.0,0.0,0.0,0.0,0.0,0.0,0.0,0.0,0.0,0.0,0.0,0.0,0.0,0.0,0.0,0.0,0.0,0.0,0.0,0.2180944615189601,0.0,0.0,0.0,0.0,0.0,0.0,0.0,0.0
0.3319678934321889,0.0,0.0,0.0,0.2387973981401151,0.3139810298232867,0.2555367705399558,0.0,0.3859453834409462,0.3504693771380298,0.2270745584126401,0.329490654024375,0.221103249275189,0.0,0.0,0.0,0.3496608889440927,0.0,0.2949976671247873,0.0,0.0,0.0,0.3206811098743254,0.2689315186399735,0.235805803174875,0.2808591868252333,0.3849424911908485,0.2644317404896756,0.0,0.0,0.271588632826766,0.2674326616295209,0.1466724599082538,0.2247821992933766,0.1859985966824132,0.0433342153884663,0.2722725735303777,0.0,0.0955060894083387,0.2315025673943579,0.1469955835739297,0.0,0.0,0.0,0.2744783839802527,0.0,0.0,0.0,0.0,0.0,0.0,0.0,0.0,0.0,0.4040015581519879,0.0,0.3047813989221892,0.0,0.0,0.0,0.0,0.0,0.0,0.0,0.0,0.0,0.0,0.0,0.258912526143807,0.217562231146644,0.2736168324396569,0.0,0.0180294825571575,0.0,0.0,0.0
0.1889225272973846,0.228331995187882,0.4264526845768186,0.0,0.1788094622548033,0.2898286701279257,0.0705386580194689,0.0822692863935726,0.2774589580915288,0.0300671218794523,0.2063479551762864,0.1204026099582008,0.2205008480745941,0.0,0.2813025559686311,0.2669330607552876,0.0,0.4838485585096023,0.4508817084108916,0.0,0.0868643250035216,0.1216748642571338,0.2079114514406292,0.5386850784164551,0.394723417976989,0.356126563113895,0.1781881383338162,0.1556727062724945,0.0758980196143475,0.0,0.0574113767603732,0.5935433352919479,0.3186354307404905,0.0,0.1003235990709569,0.0,0.1848354137931391,0.0955060894083387,0.0,0.4398536024228309,0.4392217042287921,0.1879802574105636,0.3876743361506746,0.3741767717024725,0.0,0.2908809905594839,0.2836504801610193,0.2647410459808996,0.300829188271418,0.1767308823563283,0.4947921859178191,0.1725501291679108,0.069628890340886,0.2528072634842416,0.0950571870062075,0.0877955622297194,0.2469396877499498,0.2175790351249841,0.2845590477257734,0.2424092258905694,0.4488344618285358,0.219951868697125,0.2397202604579012,0.4311813020003098,0.3269614174246726,0.2383602389729339,0.3379508696239384,0.1901875374538247,0.4622733676673963,0.3139378798707089,0.3612684908329527,0.301493381743419,0.3037394215166323,0.4147483213841667,0.6600821889496145,0.5814208366045811
0.2634494662608173,0.2748156942082146,0.0,0.0,0.0,0.0,0.0,0.0,0.0,0.1855640346999374,0.0,0.1844296964986739,0.2728130270565524,0.0,0.2607830513757852,0.2438642182019032,0.3278562658211042,0.3439563147172702,0.0,0.0777035704589858,0.1773032224249709,0.0801915771645155,0.3457038521981427,0.4019014646778738,0.3588257009105573,0.4498922420102493,0.2222561206528238,0.1498452220258684,0.1496987627529431,0.0,0.1581512635110617,0.2921554399882869,0.5989439067455145,0.2929684282273497,0.140564367933419,0.0,0.0,0.2315025673943579,0.4398536024228309,0.0,0.5273620887525104,0.0,0.2127972923135087,0.1320510827142587,0.2216100326109815,0.3651433444553073,0.2718008364375265,0.3873171365649163,0.0,0.2307360504275763,0.415948331668667,0.2932320845308214,0.2680533026812183,0.3908080862727963,0.2668074205637286,0.1329376323030703,0.1816842324468165,0.1817023309543947,0.0,0.2716370940971414,0.2354307066459038,0.375208981023329,0.349020374737054,0.3142190261138215,0.2629084262549863,0.3550053001620157,0.2318569194106215,0.2820366620071505,0.3613298481033677,0.3494468928281075,0.448578448321666,0.2624996537101089,0.1413937772095137,0.2431671304022821,0.2990601104323676,0.2544154093864052
0.163075887567228,0.2361442825451854,0.3416041801851414,0.0,0.0,0.4403811814233169,0.3924264051198783,0.2285071428178031,0.4734675347103265,0.3604842345053859,0.0,0.0688903775847877,0.4418782976655137,0.0,0.3581496050853947,0.2971691388743048,0.0,0.3864754654968313,0.0,0.2051157816244162,0.2234320994727468,0.1137810855948799,0.3443445317251679,0.262316040341352,0.4374446924972158,0.4598060977516227,0.4695241857847932,0.1507173171083953,0.3162616392367391,0.0,0.1819479741066187,0.4188075057546406,0.4649594340593867,0.3182735997969423,0.2982877226189233,0.2506892729212476,0.2699610265270885,0.1469955835739297,0.4392217042287921,0.5273620887525104,0.0,0.0458516531659976,0.0038346349698705,0.0,0.1383609667075693,0.2876442900327892,0.3542313638065892,0.4845558098928014,0.0,0.1006384590817786,0.4808319034543352,0.1937899319170204,0.2768777507555816,0.5105057998370254,0.2518877165272046,0.039370440436921,0.1241590007689386,0.1382489124234044,0.1605569509540794,0.4371926453899488,0.3334510225417914,0.3685038768705646,0.4766097083312636,0.2323692260525741,0.3317422662765095,0.3710811241123593,0.2774686537418064,0.3400092910880026,0.3167225311602366,0.5040713813066041,0.4729306280542129,0.5374342586044506,0.0,0.3934385223108395,0.2178555973090467,0.2428047253754516
0.0,0.0,0.0,0.0,0.0,0.0,0.0,0.0,0.0,0.0,0.0,0.0,0.0,0.0,0.0,0.0,0.0,0.0,0.0,0.0,0.0,0.0,0.0,0.0,0.0,0.0,0.0,0.0,0.0,0.0,0.0,0.0,0.0456483678420429,0.0,0.0,0.0,0.1475559399126052,0.0,0.1879802574105636,0.0,0.0458516531659976,0.0,0.1941533964055213,0.2656592742159376,0.0,0.0,0.0,0.0,0.0982992195319076,0.0,0.0,0.0,0.0,0.0,0.0,0.0,0.0,0.0,0.0,0.0,0.0527518312402588,0.0,0.0,0.016207812074712,0.0,0.0,0.0,0.0,0.0121892653229568,0.0,0.0,0.0,0.0,0.026872436892245,0.0458422875459398,0.2343720919420458
