0.0,0.1654600592661644,0.0,0.0,0.0,0.3507316507119664,0.0,0.1405891811458269,0.0,0.6112319989956794,0.0,0.0,0.0,0.0,0.7735859549120156,0.7541028188240974,0.3809941381851647,0.4685559684640122,0.0,0.7235239032944679,0.6919470270755662,0.7680416481541448,0.4013041287375777,0.0730268761488523,0.6121037015897539,0.4516108930124952,0.6615473228647188,0.5236257730476919,0.6689882901831522,0.0,0.7309649285456391,0.326828715578549,0.2776649571944579,0.2824465537559266,0.3939387665862967,0.0,0.0,0.0,0.185507448354303,0.2586871928693695,0.1601280282636176,0.0,0.0,0.0,0.0,0.8175544369223785,0.400979979791592,0.0,0.0,0.0,0.0,0.0,0.0,0.0,0.5289636922503212,0.0,0.0,0.0,0.0,0.0,0.573905830992777,0.0,0.3660089917212994,0.0,0.0,0.6771718606501055,0.7599350431674877,0.0,0.0352322324723269,0.4573685303324041,0.4899510562534394,0.0,0.0,0.0,0.0,0.0
0.1654600592661644,0.0,0.0,0.0,0.3381873795981333,0.7985567266900928,0.4672950419531437,0.562282362499304,0.4976412775985017,0.0,0.0,0.0,0.4504218053222382,0.0,0.0810387726549047,0.3154429203266578,0.0,0.66767940253513,0.0,0.0605364547721311,0.3091091327186228,0.1796201609028178,0.5898282843918252,0.0,0.5521050014758118,0.7595091962790619,0.3574370473241466,0.0676181372022527,0.2041997414286179,0.0,0.079693753673999,0.4341850506309879,0.2192846365742637,0.2384506110300731,0.3005147416239298,0.0,0.0,0.0,0.2242045266432203,0.26984795794116,0.2318755943247503,0.0,0.0,0.0,0.0,0.0,0.6493465111481351,0.0,0.0,0.0,0.0,0.0,0.0,0.0,0.0,0.0,0.0,0.0,0.0,0.025280284362875,0.0,0.0,0.3890716509544126,0.0,0.1597215791739063,0.2247304670441485,0.1380098642777944,0.4335860950218884,0.0,0.4072602756835489,0.6050723970516575,0.2066982590222001,0.0,0.0474059124870383,0.0,0.0
0.0,0.0,0.0,0.0,0.4126304405598489,0.7643573982620749,0.3698461809907087,0.5632664255004486,0.8810159301979613,0.6818685098484505,0.5614384097078882,0.0,0.5596160073939249,0.2143779962363025,0.0,0.0,0.0,0.0,0.6303094477062247,0.0,0.0,0.0,0.8294835834563615,0.0,0.0,0.0,0.7206342998232476,0.4097511417348427,0.0,0.4206179213852584,0.6398164209588199,0.6440876012606747,0.0,0.2069163757257992,0.4430403296406418,0.0,0.2528370115350887,0.0,0.4187438654955112,0.0,0.0,0.0,0.0,0.0,0.0,0.0,0.0,0.8702297109378401,0.0,0.1962749196320379,0.8556993654700589,0.0,0.6602811674296882,0.8316668489117481,0.0,0.4901131601427623,0.0,0.0,0.3373756991784933,0.0,0.0,0.0,0.0,0.6789666720043209,0.0,0.0,0.0,0.7709379133479963,0.0,0.0,0.0,0.6700898351109289,0.0,0.0,0.0,0.0
0.0,0.0,0.0,0.0,0.0,0.0,0.0,0.0,0.0,0.0,0.0,0.0,0.0,0.0,0.0,0.0,0.0,0.0,0.0,0.0,0.0,0.0,0.0,0.0,0.0,0.0,0.0,0.1901024672169015,0.0,0.0,0.0,0.0,0.0,0.0,0.0,0.0,0.0,0.0,0.0,0.0,0.0,0.0,0.0,0.0,0.0,0.0,0.0,0.0,0.0,0.0,0.0,0.0,0.0,0.0,0.0,0.0,0.0,0.0,0.0,0.0,0.0,0.0,0.0,0.0,0.0,0.0,0.0,0.0,0.0,0.0,0.0,0.0,0.0,0.0,0.0,0.0
0.0,0.3381873795981333,0.4126304405598489,0.0,0.0,0.4589412784882795,0.6484658252252469,0.2530950756554471,0.5366226499236714,0.2762192591325821,0.4861972822402645,0.1571328194274129,0.5266813503492164,0.2101362717327362,0.0,0.0,0.0,0.0,0.3663358579746208,0.3744521457099567,0.0,0.4144886674870548,0.3430203846874888,0.0,0.3568992140321698,0.0,0.5123877020332275,0.4156815656429238,0.474883844502008,0.0,0.3050952254366908,0.3618983279571539,0.2969180865054945,0.3396779917411093,0.3424324573116174,0.0,0.0850801009976121,0.2344807505824246,0.0,0.0,0.0,0.0,0.0,0.0,0.0,0.0,0.0,0.4594263100843005,0.0,0.0,0.0,0.0,0.2511857280289674,0.4608547797004925,0.0,0.4485780516256466,0.0,0.0,0.0,0.0,0.0,0.0,0.0,0.0,0.0,0.0,0.0,0.3206536750400574,0.0,0.0,0.0,0.4512897960896305,0.0,0.0,0.0,0.0
0.3507316507119664,0.7985567266900928,0.7643573982620749,0.0,0.4589412784882795,0.0,0.6260604808913793,0.7272539794816535,0.7526610226625574,0.5989320110656046,0.4042768046018765,0.0,0.718599926283384,0.3269888835046081,0.3752134741259209,0.4271845848234126,0.0,0.6706129857438269,0.4699478844911031,0.3059224143326461,0.5430016289139812,0.2585934842113322,0.8959134421631593,0.0,0.6967131242252167,0.8841418818461917,0.624369237339086,0.2942499664787731,0.3829221084227769,0.2262409680009335,0.4211257589715774,0.5447740305179067,0.2962963738771621,0.3249425316936009,0.4841196124646373,0.0622975544543147,0.1944497770465861,0.0,0.2845895501425298,0.0,0.4324205823294841,0.0,0.0238850574112784,0.0,0.0,0.0,0.0,0.766736944093375,0.0,0.0,0.8808407359312447,0.4874103588918049,0.7401823195035557,0.7310322851818101,0.0,0.4301033096237345,0.0,0.3896214252393645,0.0,0.3490012411214493,0.0,0.0,0.0,0.5646737974892908,0.4328166676352227,0.5557592909324814,0.3418621561104119,0.776131216903536,0.0,0.0,0.0,0.5200279892980981,0.0,0.2904707935457476,0.0,0.0
0.0,0.4672950419531437,0.3698461809907087,0.0,0.6484658252252469,0.6260604808913793,0.0,0.3327894259934095,0.5384377144805298,0.495674757439848,0.259053359599171,0.1989634650797713,0.744658517876355,0.3410185622073413,0.0,0.4763735980063245,0.4203729096506324,0.4740831157232511,0.087847734087936,0.4491232036856722,0.0,0.3538607376034308,0.4428897585418694,0.0,0.39964783357552,0.4989374532315871,0.5351489467070154,0.4706501037313765,0.5569821112882785,0.0,0.4629515049716184,0.2819316681292564,0.2579650276706414,0.545268998707823,0.444373079225291,0.0773318833282561,0.307742865177581,0.2509175318671617,0.0,0.0,0.0,0.0,0.0,0.0,0.0,0.0,0.0,0.0,0.0,0.0,0.4745181643571332,0.0,0.0,0.0,0.0,0.0,0.0,0.0,0.0,0.0,0.0,0.0,0.0,0.0,0.0,0.0,0.0,0.3900108732518396,0.0,0.0,0.0,0.4081031091268866,0.0,0.0,0.0,0.0
0.1405891811458269,0.562282362499304,0.5632664255004486,0.0,0.2530950756554471,0.7272539794816535,0.3327894259934095,0.0,0.5061994462713667,0.3186685938171067,0.3383122124705149,0.0,0.3090474858930123,0.163130454892777,0.1364810139849085,0.0410793505714854,0.0,0.2312088730207308,0.2626614033586676,0.0350162637476725,0.3930055728605807,0.0,0.8543368691086404,0.4793456762339401,0.2943630054299657,0.6672872667591879,0.2380071028895805,0.0341127701882722,0.0,0.1183003190266585,0.140314031393678,0.3582448794420851,0.1654724429468761,0.2864963754858089,0.3508019670697008,0.1333373599406335,0.067499124429802,0.0,0.0807821365462557,0.0,0.224376508197653,0.0,0.1854214356325388,0.0,0.0,0.0,0.0,0.5201425565286784,0.0,0.1993471096422937,0.6071365901315354,0.3473950237210424,0.8160078251653471,0.4578351925422406,0.0,0.300939116659336,0.0,0.2129862968660423,0.3368656393821937,0.1142630956886411,0.0,0.0,0.0,0.3046203237311956,0.0927973375093747,0.3746155994001799,0.0,0.7646929100819837,0.0,0.0,0.0,0.1618018902930434,0.0,0.0,0.0,0.0
0.0,0.4976412775985017,0.8810159301979613,0.0,0.5366226499236714,0.7526610226625574,0.5384377144805298,0.5061994462713667,0.0,0.7377966293407178,0.6017219924564343,0.4280805155758141,0.646809464267483,0.3124923905929443,0.0,0.5965447295784302,0.0,0.0,0.4734756866565869,0.5450321278677249,0.0,0.5037145452595789,0.7300402769740503,0.0,0.0,0.0,0.7735242938961958,0.4315788802130343,0.51917419559339,0.4594927117518369,0.6368134330424756,0.5294875012532636,0.2802762580167183,0.435380524826527,0.4542238502587651,0.0,0.3286701220032514,0.3789687990652037,0.2724434405727726,0.0,0.0,0.0,0.0,0.0,0.0,0.0,0.0,0.8682819130362823,0.0,0.0,0.8516727351009485,0.0,0.6184690282647467,0.9430030498240302,0.0,0.4756744583225462,0.0,0.0,0.3774590634882571,0.0,0.0,0.0,0.0,0.5570877844805529,0.0,0.0,0.0,0.6928792232478157,0.0,0.0,0.0,0.7414507415949405,0.0,0.0,0.0,0.0
0.6112319989956794,0.0,0.6818685098484505,0.0,0.2762192591325821,0.5989320110656046,0.495674757439848,0.3186685938171067,0.7377966293407178,0.0,0.2625243098693207,0.2897960975769231,0.6540861760576538,0.5362021706927179,0.0,0.6156661452974991,0.6055236935998886,0.5861853842963699,0.1115897217995687,0.0,0.0,0.4540233157747576,0.6087071221640129,0.2177354716579591,0.7251053031684375,0.606493153099384,0.7755544099969726,0.4518024673591828,0.0,0.0,0.7693819542046361,0.3055001519251731,0.1365272022651134,0.3140499244131294,0.3328384605465044,0.2711347895927642,0.4272606456767711,0.3441340787107809,0.0295236102279913,0.1822096659194506,0.3539679014021643,0.0,0.0,0.0,0.3377101696637218,0.0,0.0,0.0,0.0,0.0,0.0,0.0,0.0,0.0,0.8340221849004853,0.0,0.338914985231166,0.0,0.0,0.0,0.0,0.7281420654658635,0.5121039178768763,0.0,0.0,0.0,0.0,0.0,0.2670866971345879,0.6168691891770653,0.6209384443681767,0.0,0.0,0.0,0.0,0.0
0.0,0.0,0.5614384097078882,0.0,0.4861972822402645,0.4042768046018765,0.259053359599171,0.3383122124705149,0.6017219924564343,0.2625243098693207,0.0,0.1688276554736937,0.3204809833540881,0.279276494568519,0.0,0.0,0.0,0.0,0.5421461404454546,0.0,0.0,0.0,0.4700488373110203,0.0,0.0,0.0,0.4614675824621177,0.1782019992988107,0.0,0.0,0.2074917702764303,0.3457757773560019,0.2489909044276728,0.1422241791249388,0.2165933741976536,0.0397302513321069,0.0,0.2229698200628092,0.202617883560416,0.0,0.0,0.0,0.0,0.0,0.0,0.0,0.0,0.4919884510505329,0.0,0.3017135523581823,0.4947880292087621,0.2578220832468821,0.4082666889761467,0.4610477832995459,0.0,0.666267171341539,0.0,0.1124474493907512,0.3454882907058956,0.0,0.0,0.0,0.0,0.5195493726864995,0.0,0.0,0.0,0.5088396030588405,0.0,0.0,0.0,0.458402608440617,0.0,0.0,0.0,0.0
0.0,0.0,0.0,0.0,0.1571328194274129,0.0,0.1989634650797713,0.0,0.4280805155758141,0.2897960975769231,0.1688276554736937,0.0,0.1066932986517511,0.0,0.0,0.0,0.6266905655865344,0.4034936681285888,0.0,0.0,0.0,0.0,0.0,0.6007592368856401,0.2632798456013663,0.5733908707315063,0.0,0.0,0.0,0.0,0.0361458646541454,0.3808255549973169,0.0466818824528476,0.0984328683225133,0.0285043396433543,0.0738428605209485,0.1459820332255389,0.3235345798039112,0.1182261388732408,0.1810958327080413,0.0676450730610957,0.0,0.0,0.0,0.200423598377433,0.0,0.0,0.0,0.0,0.0,0.0,0.0,0.0,0.0,0.5285723578615066,0.0,0.8709918048034124,0.0,0.0,0.0,0.0,0.3705016315904493,0.2100705892283833,0.0,0.0,0.0,0.0,0.0,0.5575374766991242,0.1056883218902944,0.4121797860878124,0.0,0.0,0.0,0.0,0.0
0.0,0.4504218053222382,0.5596160073939249,0.0,0.5266813503492164,0.718599926283384,0.744658517876355,0.3090474858930123,0.646809464267483,0.6540861760576538,0.3204809833540881,0.1066932986517511,0.0,0.3993357847826964,0.5824336878484215,0.7129649425461094,0.6398595112500288,0.6468648209297413,0.3112975353316156,0.5346907005190397,0.5583507843604586,0.4950490260655805,0.5174323536600263,0.058616306833671,0.6493786616507933,0.6438566269442172,0.649386991285331,0.6468912029287416,0.7058643466831585,0.3892538417230622,0.6489873285094968,0.3934675064106072,0.2709810818277737,0.3671620351639262,0.4940980419697653,0.1115831356966152,0.3330948921350516,0.2171064519548884,0.2165149401261692,0.0,0.0,0.0,0.0,0.0,0.0,0.0,0.0,0.6866458609669132,0.0,0.0,0.6346079425329413,0.0,0.3760872249862448,0.0,0.0,0.0,0.0,0.0,0.0,0.0,0.0,0.0,0.0,0.0,0.0,0.0,0.0,0.4925240631181593,0.0,0.0,0.0,0.5662563853881137,0.0,0.5541863124430595,0.0,0.0
0.0,0.0,0.2143779962363025,0.0,0.2101362717327362,0.3269888835046081,0.3410185622073413,0.163130454892777,0.3124923905929443,0.5362021706927179,0.279276494568519,0.0,0.3993357847826964,0.0,0.0,0.0,0.0,0.0,0.0,0.0,0.3665173792832796,0.0,0.3702125338509802,0.0,0.0,0.0,0.4194008166063944,0.2185284335085978,0.0,0.0,0.3393165007428496,0.1273055511834062,0.0,0.1934385697061612,0.0,0.4029773961343443,0.2481947447294584,0.0,0.0,0.0,0.0,0.0,0.0,0.0,0.0,0.0,0.0,0.3532905613661522,0.0,0.0,0.0,0.0,0.0,0.3191839789846364,0.0,0.0853784831497816,0.0,0.0,0.0,0.0,0.0,0.0,0.0,0.0,0.0,0.0,0.0,0.4291582435680153,0.0,0.0,0.0,0.0,0.0,0.0,0.0,0.0
0.7735859549120156,0.0810387726549047,0.0,0.0,0.0,0.3752134741259209,0.0,0.1364810139849085,0.0,0.0,0.0,0.0,0.5824336878484215,0.0,0.0,0.7638629903683157,0.0,0.5012797934056998,0.0,0.683592524188757,0.6520355585874013,0.691501203239637,0.4624673772668219,0.0,0.6050790062008156,0.4252522752501697,0.7157631444626473,0.5782157887867155,0.7242472984726506,0.0,0.785410990507816,0.3698412926341179,0.2789478208481593,0.3229275117045753,0.4601946594000675,0.0,0.0,0.0,0.276217559228082,0.2560689777276801,0.3516754741688904,0.0,0.0,0.0,0.0,0.0,0.4373236912869895,0.0,0.0,0.0,0.4619857639047056,0.0,0.2551941757944235,0.0,0.0,0.0,0.0,0.0,0.0,0.9221858622684748,0.6306487183513985,0.0,0.0,0.0,0.7500731978848862,0.7649781297400124,0.7499526753487599,0.4792909855472455,0.0,0.0,0.5107084586318628,0.7085624594981601,0.031262836241446,0.7357863933070046,0.0,0.3273213393456685
0.7541028188240974,0.3154429203266578,0.0,0.0,0.0,0.4271845848234126,0.4763735980063245,0.0410793505714854,0.5965447295784302,0.6156661452974991,0.0,0.0,0.7129649425461094,0.0,0.7638629903683157,0.0,0.5715188808214391,0.7293806953163561,0.0,0.6899895816480194,0.5496670295055791,0.7902685092828999,0.3131664059483542,0.0,0.6680723076319233,0.4856745276437196,0.7161381276622657,0.6331326550435145,0.7963523402827483,0.5860113301135981,0.7929108538259102,0.428071956418024,0.2253289725240548,0.3314858293515653,0.4050596789906709,0.0,0.0,0.0,0.2621078157829782,0.2394559797114164,0.291797328094398,0.0,0.0,0.0,0.0,0.7163539467837519,0.4480377180746167,0.0,0.0,0.0,0.0,0.0,0.0,0.0,0.0,0.0,0.0,0.0,0.0,0.6737341564401284,0.6922271237444297,0.0,0.5557398038229973,0.0,0.7643607121825515,0.5980744397637586,0.7945911569024829,0.0,0.0,0.5066782424699606,0.4839316127827541,0.0,0.0,0.0,0.0,0.3668060308425204
0.3809941381851647,0.0,0.0,0.0,0.0,0.0,0.4203729096506324,0.0,0.0,0.6055236935998886,0.0,0.6266905655865344,0.6398595112500288,0.0,0.0,0.5715188808214391,0.0,0.7939721426158187,0.0,0.2724522150861823,0.0,0.2784076573878444,0.0,0.4519313818252585,0.6590686976909278,0.797590379191976,0.0,0.3471219575155799,0.0,0.0,0.4926571065204602,0.5165713531998885,0.1878628471091074,0.2047313467950113,0.2387688717830643,0.0,0.0,0.34334020524303,0.0,0.3219297357996179,0.2923538311476081,0.0,0.0,0.0,0.0,0.0,0.0,0.0,0.0,0.0,0.0,0.0,0.0,0.0,0.7215672405218697,0.0,0.6768847660577383,0.0,0.0,0.0,0.0,0.7775781648465137,0.4457420143412235,0.0,0.0,0.0,0.0,0.0,0.4552870357146999,0.5051929255795118,0.738295346534203,0.0,0.0,0.0,0.0,0.0
0.4685559684640122,0.66767940253513,0.0,0.0,0.0,0.6706129857438269,0.4740831157232511,0.2312088730207308,0.0,0.5861853842963699,0.0,0.4034936681285888,0.6468648209297413,0.0,0.5012797934056998,0.7293806953163561,0.7939721426158187,0.0,0.0,0.3938869498652519,0.3736333604571988,0.477379286999305,0.485421485768174,0.3590831572248192,0.7567737959115332,0.7251845600757368,0.5999305318878742,0.3883167719792312,0.4914637533915633,0.0,0.489985858936567,0.6162538310702778,0.2751344674262301,0.1884697424449811,0.3932004042648524,0.0,0.0,0.0,0.4751022165701601,0.3377387503826481,0.3794892990342246,0.0,0.0,0.0,0.0,0.4246502789885379,0.5803305053690541,0.0,0.0,0.0,0.0,0.0,0.0,0.0,0.6256487665423911,0.0,0.4886333303115965,0.0,0.0,0.0,0.5110360790280218,0.7139844580120792,0.6830156378803829,0.0,0.0,0.0,0.6194648407643109,0.0,0.2964458642205043,0.5501795336536706,0.6846901251855566,0.0,0.0,0.0,0.0,0.2332124846240202
0.0,0.0,0.6303094477062247,0.0,0.3663358579746208,0.4699478844911031,0.087847734087936,0.2626614033586676,0.4734756866565869,0.1115897217995687,0.5421461404454546,0.0,0.3112975353316156,0.0,0.0,0.0,0.0,0.0,0.0,0.0,0.0,0.0,0.3964063943774403,0.0,0.0,0.0,0.3439468254586114,0.1230063139786883,0.0,0.0,0.2248938975830641,0.5412380866694189,0.0,0.0,0.1174648181018861,0.0,0.0,0.0,0.4427312953805234,0.0,0.0,0.0,0.1015742476572883,0.0,0.0,0.0,0.0,0.4467991577590276,0.0,0.0,0.5185864465201234,0.0,0.2713336946128607,0.3454056914969725,0.0,0.5925831316954533,0.0,0.0,0.1482818719553632,0.0,0.0,0.0,0.0,0.953745058539993,0.0,0.0,0.0,0.3079382048160122,0.0,0.0,0.0,0.28214992540159,0.0,0.0,0.0,0.0
0.7235239032944679,0.0605364547721311,0.0,0.0,0.3744521457099567,0.3059224143326461,0.4491232036856722,0.0350162637476725,0.5450321278677249,0.0,0.0,0.0,0.5346907005190397,0.0,0.683592524188757,0.6899895816480194,0.2724522150861823,0.3938869498652519,0.0,0.0,0.5660367898205798,0.8779395166372681,0.2867749843134615,0.0,0.4472893736869121,0.2269042585597994,0.7148311689509467,0.539935018131034,0.7761845929447826,0.5713146977362906,0.7962013977455615,0.2015284977431345,0.2516521995748149,0.4447216172337216,0.3656523547597668,0.0,0.2344636501684411,0.0,0.0,0.0762989532803313,0.2014079835299274,0.0,0.0,0.0,0.0,0.0,0.3285295624411703,0.0,0.0,0.0,0.2706627602667689,0.0,0.103358611365416,0.0,0.0,0.0,0.0,0.0,0.0,0.627424030524996,0.0,0.0,0.0,0.0,0.8258702449939068,0.5084142522121423,0.8029605630616313,0.2902592830255611,0.0,0.0,0.2584467174961906,0.611450468276863,0.0,0.5907963729564955,0.0,0.1922989928329284
0.6919470270755662,0.3091091327186228,0.0,0.0,0.0,0.5430016289139812,0.0,0.3930055728605807,0.0,0.0,0.0,0.0,0.5583507843604586,0.3665173792832796,0.6520355585874013,0.5496670295055791,0.0,0.3736333604571988,0.0,0.5660367898205798,0.0,0.5511847230777939,0.5577749712433014,0.1458374080786357,0.5820289510739294,0.5120285731627781,0.6554906291706428,0.344247651297571,0.6298785476847376,0.4990855527267618,0.5724054804573422,0.3170898509737487,0.2139595449576389,0.339728706351167,0.4192280928382375,0.0,0.0,0.0,0.0852941124329605,0.1740981811304994,0.2193932044344818,0.0,0.0,0.0,0.0,0.5745914358179187,0.4597697486734289,0.0,0.0,0.0,0.4055144471982864,0.0,0.4145669337896527,0.0,0.0,0.0,0.0,0.0,0.0,0.5997437150114568,0.3153748374028076,0.0,0.0,0.0,0.5942880749488175,0.7817425033413022,0.5240785567951781,0.561103587456445,0.0,0.4398370447564916,0.4235443650079178,0.5786475372551252,0.0,0.5121908664507063,0.0,0.0510364171972184
0.7680416481541448,0.1796201609028178,0.0,0.0,0.4144886674870548,0.2585934842113322,0.3538607376034308,0.0,0.5037145452595789,0.4540233157747576,0.0,0.0,0.4950490260655805,0.0,0.691501203239637,0.7902685092828999,0.2784076573878444,0.477379286999305,0.0,0.8779395166372681,0.5511847230777939,0.0,0.2310632643329516,0.0,0.4976246570173011,0.2384883259661718,0.6776720124725878,0.5081453062851309,0.7567040585389994,0.5678049920008099,0.7494345599673908,0.313011907488457,0.2485994834174071,0.3676813527311484,0.3310051244422431,0.0,0.0403834806600106,0.0,0.1194753951267386,0.0787419852576914,0.1117243092268378,0.0,0.0,0.0,0.0,0.6739006083311546,0.4010784260452637,0.0,0.0,0.0,0.2608696914350296,0.0,0.0,0.0,0.0,0.0,0.0,0.0,0.0,0.5572888964438769,0.6119418448269901,0.0,0.3124857709473063,0.0,0.7956184684169697,0.4824960300600464,0.884149324064926,0.2272716930833623,0.0,0.3809399259465541,0.3081938923759031,0.5635246175142758,0.0,0.6217056437495284,0.0,0.2682386402104639
0.4013041287375777,0.5898282843918252,0.8294835834563615,0.0,0.3430203846874888,0.8959134421631593,0.4428897585418694,0.8543368691086404,0.7300402769740503,0.6087071221640129,0.4700488373110203,0.0,0.5174323536600263,0.3702125338509802,0.4624673772668219,0.3131664059483542,0.0,0.485421485768174,0.3964063943774403,0.2867749843134615,0.5577749712433014,0.2310632643329516,0.0,0.5000095014672575,0.5740909822038955,0.7787894532002309,0.5725384098934352,0.2666713849810268,0.2240356135184219,0.292244796013148,0.481375949540187,0.5082874990515881,0.2261177225898279,0.3241387651433323,0.4367855959112193,0.1141212181342743,0.1799883814170727,0.0,0.2041531171117498,0.339454698309122,0.3381199497428995,0.0,0.0,0.0,0.0,0.0,0.5981633966247895,0.7749732014495799,0.0,0.1792178858475975,0.833634991218915,0.3989204692837166,0.8737557808979393,0.7062155185806482,0.0,0.4075810424576885,0.0,0.2406683221859949,0.4271658037679893,0.4501755556990156,0.0,0.0,0.0,0.4802765498012689,0.3977655484593227,0.607557816659957,0.3010577904773004,0.9378102824786873,0.0,0.0,0.681096657396873,0.5093899976547043,0.0,0.2029724993688718,0.2043625575621683,0.0
0.0730268761488523,0.0,0.0,0.0,0.0,0.0,0.0,0.4793456762339401,0.0,0.2177354716579591,0.0,0.6007592368856401,0.058616306833671,0.0,0.0,0.0,0.4519313818252585,0.3590831572248192,0.0,0.0,0.1458374080786357,0.0,0.5000095014672575,0.0,0.4622614366365232,0.6190951662535205,0.0525132337317665,0.0,0.0,0.0,0.0,0.5222966084710504,0.2047308769217505,0.0,0.0483960051588504,0.1147961946695007,0.0,0.2640701483228559,0.5289474780647698,0.3946364484362979,0.2575742554487957,0.0,0.0,0.0,0.1043546817152057,0.0840987855814732,0.0,0.0,0.0,0.0,0.0,0.0,0.0,0.0,0.3175052307748076,0.0,0.7338091203662174,0.0,0.0,0.0,0.0,0.2875633809896903,0.2612655365558103,0.0,0.0,0.0,0.0,0.0,0.8824157470625935,0.3409387892690104,0.5648645915856281,0.0,0.0,0.0,0.0,0.0
0.6121037015897539,0.5521050014758118,0.0,0.0,0.3568992140321698,0.6967131242252167,0.39964783357552,0.2943630054299657,0.0,0.7251053031684375,0.0,0.2632798456013663,0.6493786616507933,0.0,0.6050790062008156,0.6680723076319233,0.6590686976909278,0.7567737959115332,0.0,0.4472893736869121,0.5820289510739294,0.4976246570173011,0.5740909822038955,0.4622614366365232,0.0,0.7728457071651109,0.6990243124213789,0.3526407336508182,0.5797954345785996,0.0,0.5050534034780311,0.4390216810314692,0.3071852098500545,0.0998360350702202,0.3740563688546801,0.0,0.0,0.2315432335141837,0.387588156489869,0.3523393484731521,0.4295371751699758,0.0,0.0,0.0,0.0,0.5633197921066762,0.6578601424777513,0.0,0.0,0.0,0.0,0.0,0.0,0.0,0.666656505968714,0.0,0.3648416461725305,0.0,0.0,0.0,0.5817069100097664,0.683846749462498,0.6110397709162401,0.0,0.6488724896034248,0.6295686430305673,0.6835336561883482,0.0,0.4374005748440532,0.8549778109719917,0.7914856140256115,0.0,0.0,0.0,0.0,0.2264537817198477
0.4516108930124952,0.7595091962790619,0.0,0.0,0.0,0.8841418818461917,0.4989374532315871,0.6672872667591879,0.0,0.606493153099384,0.0,0.5733908707315063,0.6438566269442172,0.0,0.4252522752501697,0.4856745276437196,0.797590379191976,0.7251845600757368,0.0,0.2269042585597994,0.5120285731627781,0.2384883259661718,0.7787894532002309,0.6190951662535205,0.7728457071651109,0.0,0.5051841914678323,0.2664422224551706,0.2923352385631381,0.0,0.3765864393993092,0.559379178837313,0.3757737714788569,0.2965519691750968,0.4584075212860924,0.0930297149029443,0.0,0.2757822046960029,0.3496890019391609,0.4417597151786212,0.451494362011076,0.0,0.0,0.0,0.256486733230635,0.3384743658736922,0.6091052556677904,0.0,0.0,0.0,0.0,0.0,0.0,0.0,0.627664963947099,0.0,0.6471530340699148,0.0,0.0,0.3899929034317327,0.1151746536271669,0.6965089675874706,0.492927449949018,0.0,0.3769787323846074,0.5490733507808859,0.3542275623401731,0.6670844833636799,0.5799610725189073,0.611558084859214,0.8800974684043025,0.4127599203368624,0.0,0.2442272361994303,0.0,0.0
0.6615473228647188,0.3574370473241466,0.7206342998232476,0.0,0.5123877020332275,0.624369237339086,0.5351489467070154,0.2380071028895805,0.7735242938961958,0.7755544099969726,0.4614675824621177,0.0,0.649386991285331,0.4194008166063944,0.7157631444626473,0.7161381276622657,0.0,0.5999305318878742,0.3439468254586114,0.7148311689509467,0.6554906291706428,0.6776720124725878,0.5725384098934352,0.0525132337317665,0.6990243124213789,0.5051841914678323,0.0,0.446406518218602,0.8506401120009266,0.4608990856486704,0.7691802361445375,0.3807522720495931,0.2443819495421091,0.3587904159361669,0.4283382224846799,0.0,0.1912080787501261,0.0,0.1749671007591238,0.0,0.4610367799519401,0.0,0.0,0.0,0.0,0.0,0.7133347045221596,0.7798388946695652,0.0,0.0,0.6339680794350852,0.4081231065884581,0.3877403484073329,0.745399273289185,0.0,0.3861099616034502,0.0,0.1187498379735751,0.2314916526498276,0.7330985728058712,0.0,0.0,0.0,0.4348963039232196,0.8031731836138877,0.6728009300621355,0.7168841973835167,0.6046877774757267,0.0,0.0,0.5342200082162467,0.924573922681288,0.0,0.7386259814591108,0.3024848948409288,0.2032495928329377
0.5236257730476919,0.0676181372022527,0.4097511417348427,0.1901024672169015,0.4156815656429238,0.2942499664787731,0.4706501037313765,0.0341127701882722,0.4315788802130343,0.4518024673591828,0.1782019992988107,0.0,0.6468912029287416,0.2185284335085978,0.5782157887867155,0.6331326550435145,0.3471219575155799,0.3883167719792312,0.1230063139786883,0.539935018131034,0.344247651297571,0.5081453062851309,0.2666713849810268,0.0,0.3526407336508182,0.2664422224551706,0.446406518218602,0.0,0.5558487862593802,0.5148783277952667,0.6636701899159544,0.2894205834664697,0.1629927006050399,0.3533671128718503,0.339307654507052,0.0,0.3633937290970738,0.2596517109095758,0.1528586713937059,0.0,0.1479928588694664,0.0,0.0,0.0,0.0,0.0,0.0,0.0,0.0,0.0,0.3228553045473428,0.0,0.0884770821859096,0.0,0.0,0.0,0.0,0.0,0.0,0.521872894935915,0.0,0.0,0.0,0.0,0.4799834080863643,0.4823566341720056,0.0,0.2540503595414425,0.0,0.0,0.0,0.3695840113030382,0.1693687164388529,0.472250856875183,0.0,0.2570156510000342
0.6689882901831522,0.2041997414286179,0.0,0.0,0.474883844502008,0.3829221084227769,0.5569821112882785,0.0,0.51917419559339,0.0,0.0,0.0,0.7058643466831585,0.0,0.7242472984726506,0.7963523402827483,0.0,0.4914637533915633,0.0,0.7761845929447826,0.6298785476847376,0.7567040585389994,0.2240356135184219,0.0,0.5797954345785996,0.2923352385631381,0.8506401120009266,0.5558487862593802,0.0,0.5265923640481954,0.7616516203245881,0.1857705515645694,0.2014575792528231,0.3450432418744624,0.3369220199573319,0.0,0.1069773891813676,0.0,0.0745260406750729,0.0,0.3105447007640618,0.0,0.0,0.0,0.0,0.0,0.5243121182260022,0.0,0.0,0.0,0.2927742375976211,0.0,0.0039245872893969,0.0,0.0,0.0,0.0,0.0553638221015046,0.0,0.6801105369089636,0.0,0.0,0.0,0.0,0.7760372088367126,0.6437871587563306,0.7428642784867758,0.2369803130424435,0.0,0.0,0.3396003404261781,0.7565985484535749,0.0,0.8112596087254625,0.0,0.3619291792527116
0.0,0.0,0.4206179213852584,0.0,0.0,0.2262409680009335,0.0,0.1183003190266585,0.4594927117518369,0.0,0.0,0.0,0.3892538417230622,0.0,0.0,0.5860113301135981,0.0,0.0,0.0,0.5713146977362906,0.4990855527267618,0.5678049920008099,0.292244796013148,0.0,0.0,0.0,0.4608990856486704,0.5148783277952667,0.5265923640481954,0.0,0.6362108249613424,0.1606956296788602,0.0,0.4395163399546107,0.2442746640916922,0.0,0.0,0.0,0.0,0.0,0.0,0.0,0.0,0.0,0.0,0.0,0.0,0.0,0.0,0.0,0.0,0.0,0.0,0.0,0.0,0.0,0.0,0.0,0.0,0.0,0.0,0.0,0.0,0.0,0.5292564193653897,0.0,0.0,0.2730560184107249,0.0,0.0,0.0,0.450192474463782,0.0,0.0,0.0,0.0
0.7309649285456391,0.079693753673999,0.6398164209588199,0.0,0.3050952254366908,0.4211257589715774,0.4629515049716184,0.140314031393678,0.6368134330424756,0.7693819542046361,0.2074917702764303,0.0361458646541454,0.6489873285094968,0.3393165007428496,0.785410990507816,0.7929108538259102,0.4926571065204602,0.489985858936567,0.2248938975830641,0.7962013977455615,0.5724054804573422,0.7494345599673908,0.481375949540187,0.0,0.5050534034780311,0.3765864393993092,0.7691802361445375,0.6636701899159544,0.7616516203245881,0.6362108249613424,0.0,0.3274381650661025,0.1317420992655971,0.4530913821902281,0.3506170356426957,0.0,0.245332252967373,0.2666792308914054,0.0563735736636623,0.1552924247184374,0.1786589714450686,0.0,0.0,0.0,0.0,0.7032746879272096,0.4581582454972995,0.0,0.0,0.0,0.4464206549555305,0.0,0.2801565990738258,0.0,0.6854830492147919,0.0,0.0453298701281549,0.0,0.0,0.7319261845155897,0.5079465356600216,0.0,0.411285917168091,0.0,0.7599998792465915,0.6218947245835851,0.728547348406054,0.4540646228296429,0.0,0.4381324206608974,0.4455218191337703,0.6740697140344922,0.1180266851228899,0.6315006936383937,0.0,0.2295288419419611
0.326828715578549,0.4341850506309879,0.6440876012606747,0.0,0.3618983279571539,0.5447740305179067,0.2819316681292564,0.3582448794420851,0.5294875012532636,0.3055001519251731,0.3457757773560019,0.3808255549973169,0.3934675064106072,0.1273055511834062,0.3698412926341179,0.428071956418024,0.5165713531998885,0.6162538310702778,0.5412380866694189,0.2015284977431345,0.3170898509737487,0.313011907488457,0.5082874990515881,0.5222966084710504,0.4390216810314692,0.559379178837313,0.3807522720495931,0.2894205834664697,0.1857705515645694,0.1606956296788602,0.3274381650661025,0.0,0.2675999008227955,0.1352083375268734,0.291674216106685,0.0417579665812921,0.2824244249089038,0.262598385566796,0.5828140835973036,0.2868742598903721,0.4112368855932037,0.0,0.1941784841293813,0.1136345969513335,0.1483170796530075,0.3473210264635847,0.4883631582360137,0.5146095226874778,0.0,0.0,0.759305306153166,0.0,0.3943682148238602,0.5093195157805026,0.3851699397921543,0.2543067569183821,0.4826363470379983,0.4270915670528228,0.0,0.3228368497818729,0.3350514165921028,0.0,0.4429899715393189,0.542319685607318,0.4315395858190775,0.3845837830815717,0.3834914813261323,0.4836130222191668,0.4863053273813706,0.3625559505273114,0.512067201821727,0.43533650462108,0.2368580716406921,0.352793851957137,0.0,0.3169745173501374
0.2776649571944579,0.2192846365742637,0.0,0.0,0.2969180865054945,0.2962963738771621,0.2579650276706414,0.1654724429468761,0.2802762580167183,0.1365272022651134,0.2489909044276728,0.0466818824528476,0.2709810818277737,0.0,0.2789478208481593,0.2253289725240548,0.1878628471091074,0.2751344674262301,0.0,0.2516521995748149,0.2139595449576389,0.2485994834174071,0.2261177225898279,0.2047308769217505,0.3071852098500545,0.3757737714788569,0.2443819495421091,0.1629927006050399,0.2014575792528231,0.0,0.1317420992655971,0.2675999008227955,0.0,0.3008670125863836,0.298119825982538,0.0,0.0869987839535998,0.1440211189775125,0.3128755821633608,0.5881170310241566,0.4565545434655622,0.0448232000760093,0.0,0.0,0.1427179623936828,0.2694152794258926,0.1666095272694111,0.0,0.0,0.0,0.0,0.0,0.0,0.0,0.1183922179904417,0.0,0.0439328572548768,0.0,0.0,0.2825850286906784,0.1582176674995373,0.1706948091380262,0.1794569834511467,0.0,0.3043985819213927,0.2831069616180422,0.2986999704260286,0.2116059021070658,0.1550876905368756,0.2477472724768102,0.3245674469420457,0.2513730445320934,0.0,0.2456696010841754,0.0,0.2154957324522685
0.2824465537559266,0.2384506110300731,0.2069163757257992,0.0,0.3396779917411093,0.3249425316936009,0.545268998707823,0.2864963754858089,0.435380524826527,0.3140499244131294,0.1422241791249388,0.0984328683225133,0.3671620351639262,0.1934385697061612,0.3229275117045753,0.3314858293515653,0.2047313467950113,0.1884697424449811,0.0,0.4447216172337216,0.339728706351167,0.3676813527311484,0.3241387651433323,0.0,0.0998360350702202,0.2965519691750968,0.3587904159361669,0.3533671128718503,0.3450432418744624,0.4395163399546107,0.4530913821902281,0.1352083375268734,0.3008670125863836,0.0,0.31593299399426,0.0,0.0858141438384176,0.2207188990265004,0.0,0.2876725520576856,0.3125202918968507,0.0,0.0,0.0,0.3121934592158152,0.2722680400508685,0.2305975888905466,0.0,0.0,0.0,0.2146239888530693,0.0,0.3033849227368277,0.0,0.3056229665153123,0.0,0.0,0.0,0.0,0.3023979739562906,0.0,0.0,0.1726795602751109,0.0,0.309464153144082,0.303765696930491,0.1994430973416178,0.3136747925473703,0.0,0.0658042773829445,0.1668544608899251,0.2704572111427162,0.0,0.093673038750054,0.0,0.0
0.3939387665862967,0.3005147416239298,0.4430403296406418,0.0,0.3424324573116174,0.4841196124646373,0.444373079225291,0.3508019670697008,0.4542238502587651,0.3328384605465044,0.2165933741976536,0.0285043396433543,0.4940980419697653,0.0,0.4601946594000675,0.4050596789906709,0.2387688717830643,0.3932004042648524,0.1174648181018861,0.3656523547597668,0.4192280928382375,0.3310051244422431,0.4367855959112193,0.0483960051588504,0.3740563688546801,0.4584075212860924,0.4283382224846799,0.339307654507052,0.3369220199573319,0.2442746640916922,0.3506170356426957,0.291674216106685,0.298119825982538,0.31593299399426,0.0,0.017341302395262,0.2408368196676772,0.1826363724942254,0.0985100884452915,0.1380234406022842,0.2928956916363389,0.0,0.0,0.0,0.0954972140089542,0.0,0.2950171034963348,0.0,0.0,0.0,0.0,0.0,0.0,0.0,0.0,0.0,0.0802436793381198,0.0,0.0,0.3957186718787983,0.1561968466344423,0.0,0.2269672439296463,0.0,0.3015221392912159,0.3783379629329879,0.3133958355598696,0.5562750043170491,0.0,0.2608460640767622,0.3371104844125719,0.3911275039055586,0.0,0.2271965865497624,0.0,0.0
0.0,0.0,0.0,0.0,0.0,0.0622975544543147,0.0773318833282561,0.1333373599406335,0.0,0.2711347895927642,0.0397302513321069,0.0738428605209485,0.1115831356966152,0.4029773961343443,0.0,0.0,0.0,0.0,0.0,0.0,0.0,0.0,0.1141212181342743,0.1147961946695007,0.0,0.0930297149029443,0.0,0.0,0.0,0.0,0.0,0.0417579665812921,0.0,0.0,0.017341302395262,0.0,0.319874462783376,0.0425508796550036,0.0,0.0,0.2461576605748694,0.0,0.0,0.0,0.0,0.0,0.0,0.0110583308559015,0.0,0.0,0.1166107848313413,0.0,0.2203620619363743,0.0662548284269501,0.0,0.0,0.1455997499291897,0.0389063271770423,0.0825718541497488,0.0,0.0,0.0,0.0,0.0,0.0,0.0,0.0,0.1164903205954461,0.0,0.0,0.0,0.0164602477335582,0.0,0.0,0.0,0.0
0.0,0.0,0.2528370115350887,0.0,0.0850801009976121,0.1944497770465861,0.307742865177581,0.067499124429802,0.3286701220032514,0.4272606456767711,0.0,0.1459820332255389,0.3330948921350516,0.2481947447294584,0.0,0.0,0.0,0.0,0.0,0.2344636501684411,0.0,0.0403834806600106,0.1799883814170727,0.0,0.0,0.0,0.1912080787501261,0.3633937290970738,0.1069773891813676,0.0,0.245332252967373,0.2824244249089038,0.0869987839535998,0.0858141438384176,0.2408368196676772,0.319874462783376,0.0,0.2673508082653039,0.1814942160089961,0.0,0.2650810461968756,0.1448886286579292,0.0,0.0,0.0,0.0,0.0,0.0,0.0,0.0,0.0,0.0,0.0,0.0,0.0,0.0,0.0,0.0,0.0,0.0,0.0,0.0,0.0,0.0,0.0,0.0,0.0,0.0,0.0,0.0,0.0,0.0,0.0,0.0,0.0,0.0
0.0,0.0,0.0,0.0,0.2344807505824246,0.0,0.2509175318671617,0.0,0.3789687990652037,0.3441340787107809,0.2229698200628092,0.3235345798039112,0.2171064519548884,0.0,0.0,0.0,0.34334020524303,0.0,0.0,0.0,0.0,0.0,0.0,0.2640701483228559,0.2315432335141837,0.2757822046960029,0.0,0.2596517109095758,0.0,0.0,0.2666792308914054,0.262598385566796,0.1440211189775125,0.2207188990265004,0.1826363724942254,0.0425508796550036,0.2673508082653039,0.0,0.0937796630284869,0.2273177856508165,0.1443384016625364,0.0,0.0,0.0,0.2695167451388111,0.0,0.0,0.0,0.0,0.0,0.0,0.0,0.0,0.0,0.3966985793386397,0.0,0.2992719842822733,0.0,0.0,0.0,0.0,0.0,0.0,0.0,0.0,0.0,0.0,0.0,0.2542322652517751,0.0,0.2686707675298514,0.0,0.0,0.0,0.0,0.0
0.185507448354303,0.2242045266432203,0.4187438654955112,0.0,0.0,0.2845895501425298,0.0,0.0807821365462557,0.2724434405727726,0.0295236102279913,0.202617883560416,0.1182261388732408,0.2165149401261692,0.0,0.276217559228082,0.2621078157829782,0.0,0.4751022165701601,0.4427312953805234,0.0,0.0852941124329605,0.1194753951267386,0.2041531171117498,0.5289474780647698,0.387588156489869,0.3496890019391609,0.1749671007591238,0.1528586713937059,0.0745260406750729,0.0,0.0563735736636623,0.5828140835973036,0.3128755821633608,0.0,0.0985100884452915,0.0,0.1814942160089961,0.0937796630284869,0.0,0.4319025401691047,0.4312820645526034,0.1845822115132242,0.380666498170203,0.3674129239374047,0.0,0.285622848187512,0.2785230409093304,0.2599554252059054,0.2953912162041013,0.1735361870303587,0.4858480202881195,0.1694310076889791,0.0683702360097432,0.248237365047386,0.0933388752602373,0.0862085160465251,0.2424758551942984,0.213645943651241,0.2794151846520917,0.238027288729394,0.4407210560772609,0.2159758844350861,0.235386930677535,0.423387005543573,0.3210510632291167,0.2340514937712407,0.3318418633812255,0.1867495914148502,0.4539170320495518,0.3082629470910172,0.3547379810335553,0.2960434033094037,0.29824884229644,0.4072510775175952,0.6481501403134208,0.5709107185971525
0.2586871928693695,0.26984795794116,0.0,0.0,0.0,0.0,0.0,0.0,0.0,0.1822096659194506,0.0,0.1810958327080413,0.0,0.0,0.2560689777276801,0.2394559797114164,0.3219297357996179,0.3377387503826481,0.0,0.0762989532803313,0.1740981811304994,0.0787419852576914,0.339454698309122,0.3946364484362979,0.3523393484731521,0.4417597151786212,0.0,0.0,0.0,0.0,0.1552924247184374,0.2868742598903721,0.5881170310241566,0.2876725520576856,0.1380234406022842,0.0,0.0,0.2273177856508165,0.4319025401691047,0.0,0.5178291696748227,0.0,0.2089506385421418,0.1296640467242165,0.2176040743657052,0.3585427904361838,0.2668875985801447,0.0,0.0,0.226565124712695,0.408429395683571,0.2879314423488502,0.2632078075319335,0.3837436007119221,0.2619844467402267,0.1305345705014107,0.1783999973405267,0.1784177686884325,0.0,0.2667268161462712,0.2311749174590715,0.3684264744124003,0.3427112693618399,0.0,0.2581559330329959,0.3485880076209454,0.2276657321836976,0.2769383951176679,0.354798229172491,0.3431300774514846,0.4404696704268408,0.2577545497102007,0.138837856969939,0.2387714928964424,0.2936541172961146,0.2498164411224282
0.1601280282636176,0.2318755943247503,0.0,0.0,0.0,0.4324205823294841,0.0,0.224376508197653,0.0,0.3539679014021643,0.0,0.0676450730610957,0.0,0.0,0.3516754741688904,0.291797328094398,0.2923538311476081,0.3794892990342246,0.0,0.2014079835299274,0.2193932044344818,0.1117243092268378,0.3381199497428995,0.2575742554487957,0.4295371751699758,0.451494362011076,0.4610367799519401,0.1479928588694664,0.3105447007640618,0.0,0.1786589714450686,0.4112368855932037,0.4565545434655622,0.3125202918968507,0.2928956916363389,0.2461576605748694,0.2650810461968756,0.1443384016625364,0.4312820645526034,0.5178291696748227,0.0,0.0450228106903398,0.0037653177670607,0.0,0.135859869402198,0.2824446562355855,0.3478280614115778,0.4757966832455704,0.0,0.0988192568543313,0.4721400924133792,0.1902868667964206,0.2718727394954646,0.501277585328757,0.2473344403825398,0.0386587563194185,0.1219146268703584,0.1357498406796842,0.1576546254865318,0.4292896842200978,0.3274233582821504,0.3618425758158543,0.467994220267057,0.2281687780580204,0.3257454905383377,0.3643732351630634,0.2724529609585564,0.3338630755622123,0.3109972613237696,0.4949594792759876,0.4643816452912205,0.5277192688353287,0.0,0.3863264873822263,0.2139175065284197,0.2384156389241299
0.0,0.0,0.0,0.0,0.0,0.0,0.0,0.0,0.0,0.0,0.0,0.0,0.0,0.0,0.0,0.0,0.0,0.0,0.0,0.0,0.0,0.0,0.0,0.0,0.0,0.0,0.0,0.0,0.0,0.0,0.0,0.0,0.0448232000760093,0.0,0.0,0.0,0.1448886286579292,0.0,0.1845822115132242,0.0,0.0450228106903398,0.0,0.1906437610789275,0.2608570549867767,0.0,0.0,0.0,0.0,0.0965223028266999,0.0,0.0,0.0,0.0,0.0,0.0,0.0,0.0,0.0,0.0,0.0,0.0517982569330825,0.0,0.0,0.0159148297685699,0.0,0.0,0.0,0.0,0.0119689247212744,0.0,0.0,0.0,0.0,0.0263866743170094,0.0450136143689481,0.2301354389208984
0.0,0.0,0.0,0.0,0.0,0.0238850574112784,0.0,0.1854214356325388,0.0,0.0,0.0,0.0,0.0,0.0,0.0,0.0,0.0,0.0,0.1015742476572883,0.0,0.0,0.0,0.0,0.0,0.0,0.0,0.0,0.0,0.0,0.0,0.0,0.1941784841293813,0.0,0.0,0.0,0.0,0.0,0.0,0.380666498170203,0.2089506385421418,0.0037653177670607,0.1906437610789275,0.0,0.7245872106671205,0.0,0.0,0.0,0.0,0.5146423572237685,0.3756952030687997,0.0960166933794605,0.229153606647065,0.0498182916193042,0.0,0.0,0.0273614364548768,0.2728337272878092,0.2438445671742649,0.2863684782234516,0.0,0.0,0.0,0.0,0.0341599172422635,0.0,0.0,0.0,0.0,0.3113388272472534,0.0,0.0,0.0,0.2883722447018069,0.0,0.0,0.1664171432366551
0.0,0.0,0.0,0.0,0.0,0.0,0.0,0.0,0.0,0.0,0.0,0.0,0.0,0.0,0.0,0.0,0.0,0.0,0.0,0.0,0.0,0.0,0.0,0.0,0.0,0.0,0.0,0.0,0.0,0.0,0.0,0.1136345969513335,0.0,0.0,0.0,0.0,0.0,0.0,0.3674129239374047,0.1296640467242165,0.0,0.2608570549867767,0.7245872106671205,0.0,0.0,0.0,0.0,0.0,0.5825489637091731,0.2425767196162308,0.0,0.1271354427417045,0.0,0.0,0.0,0.0,0.1000392974409652,0.1625417171929573,0.06571818336329,0.0,0.0,0.0,0.0,0.0,0.0,0.0,0.0,0.0,0.0,0.0,0.0,0.0,0.3245015294890501,0.0,0.0,0.2737084781238316
0.0,0.0,0.0,0.0,0.0,0.0,0.0,0.0,0.0,0.3377101696637218,0.0,0.200423598377433,0.0,0.0,0.0,0.0,0.0,0.0,0.0,0.0,0.0,0.0,0.0,0.1043546817152057,0.0,0.256486733230635,0.0,0.0,0.0,0.0,0.0,0.1483170796530075,0.1427179623936828,0.3121934592158152,0.0954972140089542,0.0,0.0,0.2695167451388111,0.0,0.2176040743657052,0.135859869402198,0.0,0.0,0.0,0.0,0.1863473173102379,0.0,0.0,0.0,0.0,0.0,0.2819263540389473,0.0,0.3453196446831308,0.3477942221412873,0.069824924501408,0.2021380562796463,0.1612085708293711,0.0,0.0,0.0,0.2804704480294733,0.0,0.0,0.0,0.0,0.0,0.0,0.1515530310568159,0.1451028321991714,0.2123404204776488,0.0,0.0,0.0,0.0,0.0
