0.0,0.055548886632444,0.0,0.0,0.0,0.0,0.0,0.0429170573183223,0.0,0.2649657768649385,0.0,0.0,0.0,0.0,0.2710286245952281,0.7005940323152077,0.2904947803888982,0.3627217084680151,0.0,0.2471507964234392,0.3564836542921888,0.4461673800904207,0.2359487773649067,0.280191223399601,0.4608250463332104,0.2989036849394806,0.2181310506358794,0.2941270521031904,0.5311880805789075,0.0,0.5015529967449687,0.0965398661072604,0.2372100451644546,0.1915850747684322,0.0666965076561309,0.0,0.0,0.0645216067098364,0.1072015726613345,0.2440366699797994,0.1952523269099548,0.0,0.0,0.0,0.0,0.7662092827585552,0.1937752241457533,0.0,0.0,0.0,0.0,0.0,0.0,0.0,0.2655137956366729,0.0,0.0,0.0,0.0,0.0,0.5995106671002679,0.0,0.4615684166078614,0.0,0.0,0.4764558605305434,0.3586516131151366,0.0,0.1725484212821568,0.3653411540554666,0.3680217233167686,0.0,0.0,0.0,0.0,0.5015801182316953
0.055548886632444,0.0,0.0,0.0,0.0,0.5333982201333352,0.3397603238826723,0.2584799177793629,0.0,0.0,0.0,0.0,0.5355732246963111,0.0,0.0,0.1427048675766009,0.1968970485381362,0.4468106484155974,0.0,0.0,0.0,0.1020564065593195,0.0767868817838768,0.0,0.5351724266590886,0.4641167452271695,0.0,0.2248201949055761,0.3819865386411364,0.0,0.0,0.30392781762648,0.1415364610073838,0.0408469217787284,0.0,0.0,0.0,0.0,0.1389454550490046,0.1626381714000711,0.1755402265790185,0.1256597420576255,0.0,0.0,0.0,0.0,0.3666300481587217,0.0,0.0,0.0,0.2405119041551092,0.0,0.0,0.0,0.0,0.0,0.0,0.0,0.0,0.0,0.2387346352817611,0.0,0.1882738218284854,0.0,0.0,0.0,0.0377723058709993,0.0,0.0,0.449500831325147,0.1884606204958639,0.0,0.0,0.0,0.0,0.0938028767033126
0.0,0.0,0.0,0.0,0.0,0.2743353453983373,0.0,0.369337803558169,0.4355891321642022,0.1066675900465385,0.2644504840602149,0.0362701260227408,0.0,0.0562534289649069,0.0,0.0,0.0,0.0,0.7831476337572404,0.0,0.0,0.0,0.5552542459446149,0.0,0.0,0.0,0.4165676055608115,0.1153819993368086,0.0,0.0,0.238810518022394,0.3022466396379419,0.2105250450940675,0.1879443428955372,0.0,0.0923551624042059,0.0,0.0,0.1829342035515829,0.0,0.0939078566633993,0.0,0.1141582191473824,0.0,0.0,0.0,0.0,0.7300329441657349,0.0,0.0,0.4602713024883356,0.0,0.3484497311897102,0.2237831589686774,0.0,0.3239222098219599,0.0,0.2226622192294177,0.0,0.0,0.0,0.0,0.0,0.7905587958187429,0.0,0.0,0.0,0.4491230353518017,0.0,0.0,0.0,0.2412643699864961,0.1081736361578142,0.0,0.0,0.0
0.0,0.0,0.0,0.0,0.0,0.2476560791700273,0.5300625919276006,0.1780285080438144,0.0,0.1437684051005854,0.0,0.1850630167651873,0.4480215346316836,0.1728442232241042,0.0,0.0,0.0,0.0,0.0,0.0,0.0,0.0,0.0264489407219363,0.0,0.0,0.0,0.0,0.317360835135634,0.3487487462406344,0.0,0.0946081167991577,0.1433211865073072,0.0,0.0,0.0394180904489316,0.3289554324185252,0.4806367609892025,0.063950373244205,0.0,0.0,0.0,0.0,0.0,0.0,0.0,0.0,0.0,0.0,0.0,0.0,0.0,0.0,0.0,0.0,0.0,0.0,0.0,0.0,0.0,0.0,0.0,0.0,0.0,0.0,0.0,0.0,0.0,0.0,0.0,0.0,0.0,0.0,0.0,0.0,0.0,0.0
0.0,0.0,0.0,0.0,0.0,0.0785550105226869,0.4190755666975507,0.0,0.7150777078322887,0.2556880448944916,0.5669916250724419,0.0681303033903902,0.1247350812206441,0.1466554474056869,0.0,0.0,0.0,0.0,0.255388555769046,0.2978398006536868,0.0,0.1957784693364442,0.0,0.0,0.0475798307311368,0.0,0.4486974768648708,0.0964296235314587,0.0,0.0,0.0,0.2346533330553747,0.0,0.0,0.0,0.0,0.0,0.0,0.0,0.0,0.0,0.0,0.0661826360130712,0.0,0.0,0.0,0.0,0.198870701343,0.0,0.6322443528751982,0.0787974444915981,0.0,0.0670605321284608,0.7276807465143201,0.0,0.5879689978480002,0.0,0.0,0.0,0.0,0.0,0.0,0.0,0.0,0.0,0.0,0.0,0.121704822792356,0.0,0.0,0.0,0.3939578730647458,0.0,0.0,0.0,0.0
0.0,0.5333982201333352,0.2743353453983373,0.2476560791700273,0.0785550105226869,0.0,0.2851020426561991,0.6925275671296487,0.3181825335226543,0.2256385805504853,0.1539608998202618,0.4443701564403661,0.5463551908462201,0.3223874103575723,0.032576941542026,0.0,0.2113217106177468,0.2390465799198128,0.3368941184669154,0.0,0.0975294563275122,0.0,0.5710020848185602,0.0,0.5043797567595361,0.3666893290793843,0.2667116551502637,0.0879209411031087,0.304077536500301,0.0,0.0,0.2171579852185849,0.2124025464801868,0.0229351318749637,0.0,0.2097749583869605,0.0,0.18281577221415,0.1317032828554596,0.0,0.0,0.0,0.3367670103792093,0.0,0.0,0.0,0.538039310037654,0.252124144831121,0.0,0.2150901921099498,0.8205843380658936,0.0590001559831248,0.5809737685320395,0.3058278568593204,0.0,0.2783054239425855,0.0,0.3755231757684257,0.0,0.0348297638909364,0.0,0.0,0.0,0.2175174173329695,0.0,0.1983363849730678,0.0,0.5237898746193337,0.0,0.0,0.5290154201133302,0.0661125775323731,0.0,0.1643005859551495,0.0,0.0
0.0,0.3397603238826723,0.0,0.5300625919276006,0.4190755666975507,0.2851020426561991,0.0,0.0539210820145552,0.1145225037924499,0.424735103827496,0.0851805165591341,0.2969979693459592,0.4470751394763034,0.2201863143667226,0.0,0.1137146857883144,0.3029074559771567,0.3162442498940078,0.0604464083920382,0.0,0.0,0.0,0.0,0.0,0.3232869614375575,0.1547339082232817,0.0371550292888517,0.2716212919606525,0.3324738884661156,0.0,0.0,0.1744898764020122,0.0159706262204749,0.0,0.0,0.1673247611336194,0.1750778607909743,0.0,0.0606883597402204,0.0,0.0,0.0,0.1794963007504176,0.0,0.0,0.0,0.0,0.0,0.0,0.0,0.0965725929682793,0.0,0.0,0.2088715678764928,0.0,0.1581173770462207,0.0,0.0,0.0,0.0,0.0,0.0,0.0,0.0,0.0,0.0,0.0,0.0,0.0,0.0,0.0,0.0,0.0,0.0,0.0,0.0
0.0429170573183223,0.2584799177793629,0.369337803558169,0.1780285080438144,0.0,0.6925275671296487,0.0539210820145552,0.0,0.1703604410728017,0.1256491207314889,0.165678762563547,0.4278378589726934,0.4276788674279389,0.3624488753542789,0.1137541438498428,0.0,0.0,0.0373815284990906,0.3337694459860533,0.0,0.2207239546726145,0.0,0.7045330457711861,0.5414085046295509,0.1702266653755092,0.3219224273661909,0.0,0.1012284254255432,0.0187635368427221,0.0515871065071502,0.0800519482696301,0.0995626359262237,0.286481555994359,0.1653328118100465,0.0,0.2508772062221606,0.0,0.0,0.0357025497987441,0.0,0.0,0.0,0.3370825741902372,0.0,0.0,0.0,0.0,0.2596769048264865,0.0,0.0,0.6206192220498622,0.0,0.6163070207575397,0.0403903292128132,0.0,0.2204251650562418,0.0,0.4241315002943426,0.1225189374036184,0.1314281581528302,0.0,0.0,0.0,0.352014911648308,0.0,0.2960146795852921,0.0,0.537650260435478,0.0,0.0,0.0,0.0,0.0780419296484385,0.0532133003478258,0.0,0.0
0.0,0.0,0.4355891321642022,0.0,0.7150777078322887,0.3181825335226543,0.1145225037924499,0.1703604410728017,0.0,0.2942032755875851,0.600937290183624,0.1456109823193382,0.1440712280902742,0.055363946649317,0.0,0.0,0.0,0.2338723657303217,0.4876398258770038,0.3749615036865749,0.0,0.2930973863594152,0.3328926888940452,0.198090264606463,0.2116394172548749,0.158128249526426,0.6358251631801013,0.0325826001018,0.0451493604365207,0.0,0.0,0.2142530028444128,0.0,0.0,0.0,0.0,0.0,0.0,0.0,0.0,0.0,0.0,0.0,0.0,0.0,0.0,0.0,0.5079699960369132,0.0,0.4840455504102693,0.4458999903292881,0.0026225457603405,0.2879296237488146,0.8152045210508743,0.0,0.6871713231907111,0.0,0.2372576042534862,0.0,0.0,0.0,0.0,0.0,0.2401497466056381,0.0,0.0,0.0,0.3782091652694598,0.0,0.0,0.0,0.4880960955144146,0.0,0.0,0.0,0.0
0.2649657768649385,0.0,0.1066675900465385,0.1437684051005854,0.2556880448944916,0.2256385805504853,0.424735103827496,0.1256491207314889,0.2942032755875851,0.0,0.0618767275477872,0.3278470534085915,0.2136499654390722,0.0,0.0,0.2394384929520634,0.4534026340081438,0.4519544176953187,0.0,0.0,0.0,0.0873016906536382,0.1607099879736013,0.4091624661402138,0.5166631537425329,0.4840182472934222,0.2583218519318885,0.1508633719013509,0.3276054485817234,0.0,0.0,0.0,0.1713720465017124,0.0,0.0,0.0265906163789758,0.0,0.0757051867055001,0.0,0.1980359074273567,0.0,0.0,0.0,0.0,0.0268048535149703,0.0666525399828077,0.0,0.0,0.0,0.0,0.0,0.0,0.0,0.0,0.5367315626596401,0.0,0.2887084911216475,0.1913480570207572,0.0,0.0,0.0,0.3389127802363491,0.198668000112502,0.0,0.0,0.0,0.0,0.0,0.2678332779120747,0.255311750209666,0.3662047914882622,0.0,0.0219201056375622,0.0,0.0,0.0439535990565498
0.0,0.0,0.2644504840602149,0.0,0.5669916250724419,0.1539608998202618,0.0851805165591341,0.165678762563547,0.600937290183624,0.0618767275477872,0.0,0.0464792986691992,0.1354524786465124,0.233877296315491,0.0,0.0,0.1287083523320881,0.0,0.4671526385158748,0.0,0.0,0.0,0.1115998205853288,0.0,0.0,0.0,0.3616814865879575,0.3074954032725739,0.0,0.0,0.0,0.062516971777944,0.0,0.0,0.0,0.0961270988390263,0.0,0.0,0.0,0.0,0.0,0.0,0.1700176882329043,0.0,0.0,0.0,0.0,0.2713999471368766,0.0,0.3555082251917345,0.2076948229381404,0.0779185208031687,0.1313670834491397,0.7245011711620669,0.0,0.8219722766433554,0.0,0.3482343649392007,0.1093227853846419,0.0,0.0,0.0,0.0,0.2369663821929327,0.0,0.0,0.0,0.2015794669022443,0.0,0.0,0.0,0.4291607146319118,0.2878623175776326,0.0,0.0,0.0
0.0,0.0,0.0362701260227408,0.1850630167651873,0.0681303033903902,0.4443701564403661,0.2969979693459592,0.4278378589726934,0.1456109823193382,0.3278470534085915,0.0464792986691992,0.0,0.6323048363350997,0.0,0.0,0.0,0.3185675988102897,0.2211965120263093,0.0040275565089558,0.0,0.0,0.0,0.1579245439348758,0.515803139966748,0.0,0.6219913359811934,0.0,0.0,0.0,0.0,0.0,0.0177713689963004,0.1803864296927365,0.0068678485478743,0.0,0.108748984311976,0.0,0.2659394551226901,0.0,0.2189429820107123,0.0983520508580977,0.0,0.218955333267417,0.0,0.1511981704230325,0.0,0.0,0.0,0.0,0.0,0.0,0.0,0.0,0.0,0.1484230952707586,0.0,0.735103488113093,0.334153672133587,0.0,0.0,0.0,0.1672812355900029,0.0,0.0,0.0,0.0,0.0,0.0,0.3358455481700187,0.0,0.3861517259308372,0.0,0.0,0.0,0.0,0.0
0.0,0.5355732246963111,0.0,0.4480215346316836,0.1247350812206441,0.5463551908462201,0.4470751394763034,0.4276788674279389,0.1440712280902742,0.2136499654390722,0.1354524786465124,0.6323048363350997,0.0,0.1868459935978512,0.0,0.0,0.3770446122130571,0.3979524961480069,0.1019700690671505,0.040919447785013,0.1079102325047747,0.0,0.2566079901188177,0.1810935603490742,0.1149309078933725,0.5509713956094265,0.0,0.4401301133993696,0.0859358759819479,0.0,0.0,0.094986306691341,0.0521006058427837,0.0,0.0,0.2639524824311122,0.1955755037526607,0.2512243516386326,0.0,0.0113043776051219,0.0541741727294165,0.0,0.2901204285787754,0.0,0.1874172932560062,0.0,0.0,0.0,0.0,0.0,0.2994755652901315,0.3619566901455053,0.2263732515037529,0.0,0.0,0.1895480913444799,0.4542003662501013,0.0,0.0,0.0,0.0,0.0,0.0,0.0,0.0368652627838451,0.0,0.0343610849066911,0.1171727046534542,0.0,0.0691082587459506,0.1790200739997011,0.0,0.0,0.0,0.0,0.0
0.0,0.0,0.0562534289649069,0.1728442232241042,0.1466554474056869,0.3223874103575723,0.2201863143667226,0.3624488753542789,0.055363946649317,0.0,0.233877296315491,0.0,0.1868459935978512,0.0,0.0,0.0,0.0,0.0,0.2803717896903104,0.0,0.0,0.0,0.1194935567968749,0.0,0.0,0.0,0.0,0.0045014471466398,0.0,0.0,0.0,0.0893940242164198,0.0,0.1036286142278427,0.0,0.2965261339108349,0.0399313383906674,0.0,0.0171288440267735,0.0,0.0,0.0,0.0651134514467898,0.0,0.0,0.0,0.0,0.0132378611337538,0.0,0.0,0.0,0.0,0.0,0.0639105839518651,0.0,0.1815489720171609,0.0,0.0,0.0,0.0,0.0,0.0,0.0,0.0,0.0,0.0,0.0,0.1110745457863346,0.0,0.0,0.0,0.113002077312844,0.0,0.0,0.0,0.0
0.2710286245952281,0.0,0.0,0.0,0.0,0.032576941542026,0.0,0.1137541438498428,0.0,0.0,0.0,0.0,0.0,0.0,0.0,0.2952789708190995,0.0,0.1861155852737397,0.0,0.6374450730323025,0.299814428588353,0.6187244644178013,0.2160202523154235,0.101154118904442,0.1082087910713044,0.0842732396197137,0.333219863762743,0.2564513644923661,0.0835615817214422,0.0,0.0952197021198143,0.4075667149076312,0.0,0.2249314638433801,0.0,0.0491088034163159,0.0,0.0,0.2598556750855319,0.0,0.1959345310220615,0.0,0.0,0.0,0.0,0.0,0.0965461785685921,0.0,0.0,0.0,0.0592388449151826,0.0,0.1029774202900233,0.0,0.0,0.0,0.0,0.0850995179544955,0.0,0.656314674959625,0.1417975854479394,0.0,0.0,0.0,0.4331754136013772,0.2871287865556276,0.4259926139424416,0.1927093955473547,0.0,0.0,0.0,0.2475964121981781,0.1296190274851959,0.1835452781171651,0.0,0.1339415280482908
0.7005940323152077,0.1427048675766009,0.0,0.0,0.0,0.0,0.1137146857883144,0.0,0.0,0.2394384929520634,0.0,0.0,0.0,0.0,0.2952789708190995,0.0,0.4482139730615925,0.600068359629769,0.0,0.3047245576807209,0.4577669801679512,0.5595949276128045,0.0755911564001004,0.0612796025065123,0.6105467882306704,0.0817744321564333,0.3692180092296744,0.4627212103109335,0.6711521653349952,0.2018343257601661,0.4677185723980334,0.1893864270987202,0.1037123076579471,0.04383516842224,0.0,0.0,0.0,0.0,0.0821289849442554,0.0,0.0,0.035265193237525,0.0,0.0,0.0,0.4791731785954791,0.2967113969788531,0.0,0.0,0.0,0.0,0.0,0.0,0.0,0.0,0.0,0.0,0.0,0.0,0.2810530479704236,0.6397314153262682,0.0,0.5145497354097004,0.0,0.2207321679538526,0.4790918580834712,0.3735111869989628,0.1368098190045186,0.0,0.3472396732157479,0.0960926740121525,0.0359348506761986,0.0,0.4639495610554284,0.0,0.419781147859294
0.2904947803888982,0.1968970485381362,0.0,0.0,0.0,0.2113217106177468,0.3029074559771567,0.0,0.0,0.4534026340081438,0.1287083523320881,0.3185675988102897,0.3770446122130571,0.0,0.0,0.4482139730615925,0.0,0.7922727300014739,0.0,0.1472116099104885,0.0,0.2694716215608501,0.0,0.2558693286737531,0.4223316387926712,0.4739368751518583,0.0,0.3999259615481808,0.3720427692399592,0.0,0.1067391012130606,0.0614219056869087,0.1214819066962127,0.0,0.0,0.0,0.0,0.0,0.0,0.2085447688459988,0.0,0.0,0.0,0.0,0.0,0.0,0.0,0.0,0.0,0.0,0.0,0.0,0.0,0.0,0.3409460872415277,0.0,0.089602321984278,0.0,0.0,0.0,0.0,0.4887068743892083,0.5292529329752023,0.0,0.0,0.0,0.0,0.0,0.1058619547417515,0.2639057569854304,0.311410960896411,0.0,0.0,0.0,0.0,0.0
0.3627217084680151,0.4468106484155974,0.0,0.0,0.0,0.2390465799198128,0.3162442498940078,0.0373815284990906,0.2338723657303217,0.4519544176953187,0.0,0.2211965120263093,0.3979524961480069,0.0,0.1861155852737397,0.600068359629769,0.7922727300014739,0.0,0.0,0.2303059170979537,0.0996191912771179,0.4517412457348893,0.120745616294438,0.1296829467464607,0.5635454736749311,0.5716987732389149,0.2663110594958764,0.4055037469397989,0.5043672794433752,0.1501307224634828,0.1615660696374467,0.2115793866805489,0.1582719222903862,0.0,0.0,0.0,0.0,0.0,0.0,0.0961089630531134,0.0956124607756499,0.0,0.0,0.0,0.0,0.0562826046987129,0.3360031400979024,0.0,0.0,0.0,0.0,0.0,0.0,0.0,0.2185347029887041,0.0,0.0,0.0,0.0,0.0,0.4522385794769134,0.3696344600720147,0.6187226752550207,0.0,0.0,0.0,0.3317569556966709,0.0,0.0,0.2851896417475252,0.1475030580812927,0.0,0.0,0.0,0.0,0.2466606058585871
0.0,0.0,0.7831476337572404,0.0,0.255388555769046,0.3368941184669154,0.0604464083920382,0.3337694459860533,0.4876398258770038,0.0,0.4671526385158748,0.0040275565089558,0.1019700690671505,0.2803717896903104,0.0,0.0,0.0,0.0,0.0,0.0,0.0,0.0,0.3632044567513898,0.0,0.0,0.0,0.3076763140656177,0.1957198273760232,0.0,0.0,0.0547869127637262,0.4930745880592736,0.0,0.1982988128112225,0.0,0.142038652772092,0.0,0.0514033874740035,0.2304554819446677,0.0,0.0,0.0,0.2351855850845431,0.0,0.0,0.0,0.0,0.5704732708410009,0.0,0.1222444136234244,0.3474372647665867,0.0,0.2434978570441292,0.3076472598869741,0.0,0.479574917146178,0.0,0.2438436471683339,0.0832979548575218,0.0,0.0,0.0,0.0,0.8162786895891402,0.0,0.0,0.0,0.2918761449568923,0.0,0.0,0.0,0.240504871809486,0.0,0.0,0.0,0.0
0.2471507964234392,0.0,0.0,0.0,0.2978398006536868,0.0,0.0,0.0,0.3749615036865749,0.0,0.0,0.0,0.040919447785013,0.0,0.6374450730323025,0.3047245576807209,0.1472116099104885,0.2303059170979537,0.0,0.0,0.0865289659422996,0.8175039413598867,0.1083674924337941,0.0,0.0,0.0778281486479907,0.4632487690217182,0.3241416205014367,0.2286108978405588,0.3078603258038895,0.1971581396492983,0.226953956124928,0.0,0.1339530003380196,0.0,0.0293949109204409,0.0,0.0,0.0,0.0,0.0353110982829968,0.0,0.0,0.0,0.0,0.0,0.0,0.0,0.0,0.0,0.0,0.0,0.0,0.0,0.0,0.0,0.0,0.1634885506082454,0.0,0.5615862444228475,0.1071109757152511,0.0,0.0,0.0,0.6248069354403886,0.1795970934613678,0.6303424945889782,0.0853228303582116,0.0,0.0,0.0,0.3344678769727861,0.1492526231287711,0.2277019114347795,0.4138381962589151,0.0865506394705651
0.3564836542921888,0.0,0.0,0.0,0.0,0.0975294563275122,0.0,0.2207239546726145,0.0,0.0,0.0,0.0,0.1079102325047747,0.0,0.299814428588353,0.4577669801679512,0.0,0.0996191912771179,0.0,0.0865289659422996,0.0,0.1849008658084303,0.368856583729276,0.1979830990914363,0.3154290840863213,0.0,0.1706765355977974,0.5108222332168031,0.21798077858984,0.0,0.3013518729216286,0.1926990790244929,0.1364859598657538,0.0454361599922593,0.0245359129669831,0.0,0.0,0.0,0.1833643368539547,0.0,0.0,0.0,0.0,0.0,0.0,0.3552595585618102,0.1968727931961624,0.0,0.0,0.0,0.209588941853809,0.0,0.3893390251940914,0.0,0.0,0.0,0.0,0.395558189898765,0.0,0.1565776341302281,0.2389109289452776,0.0,0.0,0.0,0.0,0.6799991368061336,0.0746770360365774,0.4708029558188853,0.0,0.0764544439925776,0.1921007314376048,0.0,0.466947383445525,0.2590004274133329,0.0,0.1744875454195517
0.4461673800904207,0.1020564065593195,0.0,0.0,0.1957784693364442,0.0,0.0,0.0,0.2930973863594152,0.0873016906536382,0.0,0.0,0.0,0.0,0.6187244644178013,0.5595949276128045,0.2694716215608501,0.4517412457348893,0.0,0.8175039413598867,0.1849008658084303,0.0,0.0483332643354363,0.0,0.1963153994384704,0.1646003205811406,0.4546198166133599,0.3393438567584708,0.4231492398599397,0.2723613221670224,0.2120460054069304,0.3013990685543677,0.0,0.1248648143371013,0.0,0.0,0.0,0.0,0.0,0.0,0.0,0.0,0.0,0.0,0.0,0.2021071940450369,0.0937734337763528,0.0,0.0,0.0,0.0,0.0,0.0,0.0,0.0,0.0,0.0,0.0,0.0,0.5216224523389698,0.2813165015447348,0.0,0.2817836018367933,0.0,0.5562329564120281,0.2381512585473751,0.6572657914851894,0.0,0.0,0.0,0.0,0.2927565280822229,0.1872944745354909,0.2805148312952131,0.0,0.1617577698854644
0.2359487773649067,0.0767868817838768,0.5552542459446149,0.0264489407219363,0.0,0.5710020848185602,0.0,0.7045330457711861,0.3328926888940452,0.1607099879736013,0.1115998205853288,0.1579245439348758,0.2566079901188177,0.1194935567968749,0.2160202523154235,0.0755911564001004,0.0,0.120745616294438,0.3632044567513898,0.1083674924337941,0.368856583729276,0.0483332643354363,0.0,0.4323118647519027,0.3317030765794687,0.2215423295008269,0.3594975709133565,0.0760316311882241,0.2523665393655006,0.0,0.0787009490807866,0.0389458896398403,0.1494985733176296,0.0,0.0,0.1264191297933929,0.0,0.0765636515593327,0.0728976574452389,0.0436544372751681,0.0,0.0,0.1470400662918506,0.0158284909152634,0.0,0.0,0.301956287961883,0.5660883311064321,0.0,0.0736204234534182,0.7972461537227211,0.0,0.8213400500565753,0.2025211419125466,0.0,0.1882190485247182,0.0,0.4423614347847171,0.0,0.2714738464339725,0.0,0.0,0.0,0.3619407397436723,0.1397928016373999,0.5243323515105264,0.0362248468555037,0.8926367564265375,0.0,0.2345304810948157,0.5215505140071917,0.2340810936149666,0.0718900779219602,0.5373500390488514,0.3076097593511934,0.0
0.280191223399601,0.0,0.0,0.0,0.0,0.0,0.0,0.5414085046295509,0.198090264606463,0.4091624661402138,0.0,0.515803139966748,0.1810935603490742,0.0,0.101154118904442,0.0612796025065123,0.2558693286737531,0.1296829467464607,0.0,0.0,0.1979830990914363,0.0,0.4323118647519027,0.0,0.3055746160044877,0.4722537547992355,0.2181396031198958,0.0,0.0,0.0,0.0,0.0665125369294453,0.3151975933740431,0.0442456124489929,0.0,0.0,0.0,0.2006077252081256,0.108040007976182,0.2092398493282,0.0163054013429945,0.0,0.0,0.0,0.2342267447724489,0.2141263612494064,0.0,0.0,0.0,0.0,0.0,0.0,0.0,0.0,0.0871998707418015,0.0,0.4148339758099835,0.0,0.0,0.0,0.0,0.0,0.0,0.0,0.0,0.0,0.0,0.0,0.7664706415685366,0.0760616566630051,0.7283021875121395,0.0,0.0,0.0,0.0,0.0
0.4608250463332104,0.5351724266590886,0.0,0.0,0.0475798307311368,0.5043797567595361,0.3232869614375575,0.1702266653755092,0.2116394172548749,0.5166631537425329,0.0,0.0,0.1149309078933725,0.0,0.1082087910713044,0.6105467882306704,0.4223316387926712,0.5635454736749311,0.0,0.0,0.3154290840863213,0.1963153994384704,0.3317030765794687,0.3055746160044877,0.0,0.3407607582440627,0.3609550304146026,0.3043670027492668,0.7181076626716834,0.0,0.0659741878734125,0.2058697449461606,0.2326956604622465,0.0,0.0,0.0,0.0,0.0,0.1438995468289866,0.1479477824180507,0.0283762685898195,0.0,0.0,0.0,0.0,0.2093457739695881,0.6106304258445324,0.0,0.0,0.0,0.0,0.0,0.0,0.0,0.2378632464021789,0.0,0.0,0.1307950182133055,0.0,0.0611802532774959,0.3964597964584891,0.1042767069228849,0.2792083821178169,0.0,0.0,0.3516860991117347,0.1286266812730017,0.3224849361286713,0.2118225816844175,0.6716470545656715,0.4699541229798648,0.0,0.0,0.428031811090843,0.0,0.1656839217799852
0.2989036849394806,0.4641167452271695,0.0,0.0,0.0,0.3666893290793843,0.1547339082232817,0.3219224273661909,0.158128249526426,0.4840182472934222,0.0,0.6219913359811934,0.5509713956094265,0.0,0.0842732396197137,0.0817744321564333,0.4739368751518583,0.5716987732389149,0.0,0.0778281486479907,0.0,0.1646003205811406,0.2215423295008269,0.4722537547992355,0.3407607582440627,0.0,0.0551310539176447,0.0930506604706675,0.2360080819969232,0.0,0.0,0.0897005712159519,0.2903300646906633,0.087382893701987,0.0,0.0,0.0,0.2156949891327382,0.0396021285048837,0.3316398093964253,0.2882495726957318,0.0155600057829325,0.0,0.0,0.1053203478580732,0.0860636773482615,0.1814556134504191,0.0,0.0,0.0,0.1849417204435719,0.0,0.0,0.0,0.1313328324225899,0.0,0.4321571239797613,0.1257059172418606,0.0,0.0,0.1250180925397346,0.1707743659109003,0.3182496754222776,0.0,0.0799991144231441,0.0,0.1447819246235226,0.0,0.1389130291227798,0.2437109926641035,0.4989253985983883,0.0,0.0,0.0,0.0,0.0859629523256356
0.2181310506358794,0.0,0.4165676055608115,0.0,0.4486974768648708,0.2667116551502637,0.0371550292888517,0.0,0.6358251631801013,0.2583218519318885,0.3616814865879575,0.0,0.0,0.0,0.333219863762743,0.3692180092296744,0.0,0.2663110594958764,0.3076763140656177,0.4632487690217182,0.1706765355977974,0.4546198166133599,0.3594975709133565,0.2181396031198958,0.3609550304146026,0.0551310539176447,0.0,0.0576806523635267,0.3201685868571263,0.0,0.0,0.1865102414651288,0.0,0.0,0.0,0.0,0.0,0.0,0.0397751380667889,0.0,0.0,0.0,0.0,0.0,0.0,0.0,0.3760267034856096,0.6315205896646053,0.0,0.3444581050130382,0.4707847271388817,0.0,0.3073977397961526,0.5984676675579593,0.0,0.4749601345621232,0.0,0.1117176141703267,0.0,0.2171936636663165,0.0,0.0,0.0,0.1965535002565111,0.2894867196340332,0.2350286304878204,0.3270906935098576,0.4896527117744023,0.0,0.0,0.2178519972705428,0.665533862674103,0.0,0.4392589389733011,0.2092348168475194,0.0
0.2941270521031904,0.2248201949055761,0.1153819993368086,0.317360835135634,0.0964296235314587,0.0879209411031087,0.2716212919606525,0.1012284254255432,0.0325826001018,0.1508633719013509,0.3074954032725739,0.0,0.4401301133993696,0.0045014471466398,0.2564513644923661,0.4627212103109335,0.3999259615481808,0.4055037469397989,0.1957198273760232,0.3241416205014367,0.5108222332168031,0.3393438567584708,0.0760316311882241,0.0,0.3043670027492668,0.0930506604706675,0.0576806523635267,0.0,0.3146198794501678,0.3517176014790893,0.4530245860253131,0.0526652442208846,0.0,0.0205152497803713,0.0,0.2071307566795646,0.1463192665917825,0.0,0.0,0.0,0.0032645653292955,0.0,0.2799560742845581,0.0,0.0978301273955491,0.0,0.0,0.1887930987382308,0.0,0.0,0.0480463702632826,0.0,0.0853844973950695,0.0725909840754168,0.1732715027283403,0.0,0.0,0.5869780751173076,0.0,0.1042621584647057,0.0,0.0,0.0,0.0,0.2138616680034939,0.4487387497342013,0.2861543662280022,0.1292311436084428,0.0,0.1216239591468299,0.0569152617069336,0.0,0.8017163808823425,0.2543858831736369,0.0,0.3615054093730069
0.5311880805789075,0.3819865386411364,0.0,0.3487487462406344,0.0,0.304077536500301,0.3324738884661156,0.0187635368427221,0.0451493604365207,0.3276054485817234,0.0,0.0,0.0859358759819479,0.0,0.0835615817214422,0.6711521653349952,0.3720427692399592,0.5043672794433752,0.0,0.2286108978405588,0.21798077858984,0.4231492398599397,0.2523665393655006,0.0,0.7181076626716834,0.2360080819969232,0.3201685868571263,0.3146198794501678,0.0,0.0662319512775249,0.1835811425993347,0.1199453211000651,0.1317997166985295,0.0,0.0,0.0051666423402894,0.2449640961572153,0.0,0.0485290713125489,0.1017897189894106,0.0,0.0603842227194438,0.0156691007639959,0.0,0.0,0.0,0.3879568109999931,0.2354240815998864,0.0,0.0,0.2713494986051216,0.2280287523216048,0.0873402391591704,0.0,0.0,0.0,0.0,0.0,0.0,0.1738571653128672,0.0,0.0,0.0,0.0,0.238141194089685,0.4189593366555033,0.2871440734567454,0.1828135225219424,0.0,0.0,0.2341032949492205,0.0152018897041409,0.1568487634466489,0.5952542781895033,0.1651063729644485,0.2844328060607496
0.0,0.0,0.0,0.0,0.0,0.0,0.0,0.0515871065071502,0.0,0.0,0.0,0.0,0.0,0.0,0.0,0.2018343257601661,0.0,0.1501307224634828,0.0,0.3078603258038895,0.0,0.2723613221670224,0.0,0.0,0.0,0.0,0.0,0.3517176014790893,0.0662319512775249,0.0,0.497159790037915,0.0,0.0,0.221166471877913,0.0,0.0,0.0,0.0,0.0,0.0,0.0,0.0,0.0,0.0,0.0,0.0,0.0,0.0,0.0,0.0,0.0,0.0,0.0,0.0,0.0,0.0,0.0,0.0,0.0,0.0,0.0,0.0,0.0,0.0,0.3133769113514499,0.0,0.0,0.0,0.0,0.0,0.0,0.0,0.0,0.098988958774216,0.0,0.0
0.5015529967449687,0.0,0.238810518022394,0.0946081167991577,0.0,0.0,0.0,0.0800519482696301,0.0,0.0,0.0,0.0,0.0,0.0,0.0952197021198143,0.4677185723980334,0.1067391012130606,0.1615660696374467,0.0547869127637262,0.1971581396492983,0.3013518729216286,0.2120460054069304,0.0787009490807866,0.0,0.0659741878734125,0.0,0.0,0.4530245860253131,0.1835811425993347,0.497159790037915,0.0,0.0,0.0740363249852124,0.2980754168729255,0.062214230913531,0.0510102191613636,0.1408373814633942,0.0,0.0,0.1137104282553104,0.0616211222096806,0.0,0.0,0.0,0.0,0.0,0.0,0.0,0.0,0.0,0.0,0.0,0.0560779697997334,0.0,0.2045041640371079,0.0,0.0,0.0,0.0,0.1631602100828491,0.3280361371496748,0.0,0.3409459044386533,0.0,0.1943852293683606,0.4056530245469772,0.2012601317894984,0.036916260427931,0.0,0.2052873667522227,0.0866296177512455,0.0,0.3973443220453652,0.2263875462243585,0.0,0.4037899595793478
0.0965398661072604,0.30392781762648,0.3022466396379419,0.1433211865073072,0.2346533330553747,0.2171579852185849,0.1744898764020122,0.0995626359262237,0.2142530028444128,0.0,0.062516971777944,0.0177713689963004,0.094986306691341,0.0893940242164198,0.4075667149076312,0.1893864270987202,0.0614219056869087,0.2115793866805489,0.4930745880592736,0.226953956124928,0.1926990790244929,0.3013990685543677,0.0389458896398403,0.0665125369294453,0.2058697449461606,0.0897005712159519,0.1865102414651288,0.0526652442208846,0.1199453211000651,0.0,0.0,0.0,0.0215488193897896,0.1166699650423141,0.0,0.0,0.0,0.0423565067939822,0.6790464229489526,0.0597979525800669,0.1502511425257233,0.0015654968520883,0.1555010368272646,0.0,0.0,0.022168638774024,0.324204080452202,0.2078992277043972,0.0,0.0,0.0333107208449389,0.0,0.0,0.2261951220708887,0.0,0.1565626118316858,0.0,0.0,0.0,0.2775217625768639,0.2000308470693402,0.0,0.0828409259557157,0.3931955044393892,0.0783081942441866,0.0933776621001345,0.3170020259034168,0.0,0.0602034400587509,0.0290328536791742,0.0,0.0,0.0,0.0,0.0,0.15578901250284
0.2372100451644546,0.1415364610073838,0.2105250450940675,0.0,0.0,0.2124025464801868,0.0159706262204749,0.286481555994359,0.0,0.1713720465017124,0.0,0.1803864296927365,0.0521006058427837,0.0,0.0,0.1037123076579471,0.1214819066962127,0.1582719222903862,0.0,0.0,0.1364859598657538,0.0,0.1494985733176296,0.3151975933740431,0.2326956604622465,0.2903300646906633,0.0,0.0,0.1317997166985295,0.0,0.0740363249852124,0.0215488193897896,0.0,0.4935642859762045,0.0,0.0,0.0081695035107497,0.1307711957046981,0.0168305311076454,0.5455297168352777,0.1110496836590481,0.0087753697852795,0.0,0.0,0.0611723589417773,0.1120794677976423,0.0774183902097727,0.0,0.0,0.0,0.0,0.0,0.0,0.0,0.1755846937348302,0.0,0.2016669615703424,0.0,0.0,0.0,0.0,0.0,0.059390079850037,0.0,0.0,0.2058874428362099,0.0,0.0527474242991579,0.2297562182485641,0.1733944468890932,0.243521816325199,0.0,0.0,0.0,0.0,0.0
0.1915850747684322,0.0408469217787284,0.1879443428955372,0.0,0.0,0.0229351318749637,0.0,0.1653328118100465,0.0,0.0,0.0,0.0068678485478743,0.0,0.1036286142278427,0.2249314638433801,0.04383516842224,0.0,0.0,0.1982988128112225,0.1339530003380196,0.0454361599922593,0.1248648143371013,0.0,0.0442456124489929,0.0,0.087382893701987,0.0,0.0205152497803713,0.0,0.221166471877913,0.2980754168729255,0.1166699650423141,0.4935642859762045,0.0,0.1658598112432861,0.0771406425944094,0.0353706061095765,0.154940217321418,0.0180607251297964,0.3142249510558586,0.3250645893698189,0.0688938978757453,0.0,0.0081279156395232,0.0352962525334488,0.1216167633100789,0.0,0.0,0.0,0.0,0.0,0.0,0.0,0.0,0.0,0.0,0.1084850783480638,0.0,0.0,0.2222793541179957,0.0,0.0,0.0,0.0,0.0,0.0719909313041674,0.0,0.0,0.0,0.0,0.0,0.0,0.0,0.0,0.0,0.0
0.0666965076561309,0.0,0.0,0.0394180904489316,0.0,0.0,0.0,0.0,0.0,0.0,0.0,0.0,0.0,0.0,0.0,0.0,0.0,0.0,0.0,0.0,0.0245359129669831,0.0,0.0,0.0,0.0,0.0,0.0,0.0,0.0,0.0,0.062214230913531,0.0,0.0,0.1658598112432861,0.0,0.0368577848475717,0.1082959736304011,0.1413765612316713,0.1038990171003784,0.0229315965770486,0.18749562446135,0.3519807827105607,0.0,0.0,0.0,0.0,0.0,0.0,0.0,0.0,0.0,0.0,0.0,0.0,0.0,0.0,0.0,0.0,0.0,0.0,0.113875569012938,0.0,0.0,0.0,0.0855810555615097,0.0,0.0,0.0,0.0,0.0,0.0,0.0,0.0,0.0,0.0,0.0
0.0,0.0,0.0923551624042059,0.3289554324185252,0.0,0.2097749583869605,0.1673247611336194,0.2508772062221606,0.0,0.0265906163789758,0.0961270988390263,0.108748984311976,0.2639524824311122,0.2965261339108349,0.0491088034163159,0.0,0.0,0.0,0.142038652772092,0.0293949109204409,0.0,0.0,0.1264191297933929,0.0,0.0,0.0,0.0,0.2071307566795646,0.0051666423402894,0.0,0.0510102191613636,0.0,0.0,0.0771406425944094,0.0368577848475717,0.0,0.1993943623370309,0.106547381433831,0.0,0.0202459972605887,0.0160779078556524,0.046788198635173,0.3868872223622243,0.1466124032926187,0.0322970350180135,0.0,0.0,0.1096206820785793,0.0,0.0288322881037728,0.0920329969016163,0.1540088859588275,0.1507166810877191,0.0,0.0,0.0731021125749439,0.2219149703950878,0.2326350196981345,0.0,0.0,0.0,0.0,0.0,0.169238936474037,0.0,0.0,0.0,0.1255924335216975,0.0,0.0,0.0,0.0,0.1798391708550302,0.0669221017151394,0.0,0.0
0.0,0.0,0.0,0.4806367609892025,0.0,0.0,0.1750778607909743,0.0,0.0,0.0,0.0,0.0,0.1955755037526607,0.0399313383906674,0.0,0.0,0.0,0.0,0.0,0.0,0.0,0.0,0.0,0.0,0.0,0.0,0.0,0.1463192665917825,0.2449640961572153,0.0,0.1408373814633942,0.0,0.0081695035107497,0.0353706061095765,0.1082959736304011,0.1993943623370309,0.0,0.0134685620987419,0.0,0.0,0.0227101459316087,0.383452040112656,0.0,0.0,0.0,0.0,0.0,0.0,0.0,0.0,0.0,0.0,0.0,0.0,0.0,0.0,0.0,0.0,0.0,0.0,0.0,0.0,0.0,0.0,0.0,0.0,0.0,0.0,0.0,0.0,0.0,0.0,0.0,0.0,0.0,0.0
0.0645216067098364,0.0,0.0,0.063950373244205,0.0,0.18281577221415,0.0,0.0,0.0,0.0757051867055001,0.0,0.2659394551226901,0.2512243516386326,0.0,0.0,0.0,0.0,0.0,0.0514033874740035,0.0,0.0,0.0,0.0765636515593327,0.2006077252081256,0.0,0.2156949891327382,0.0,0.0,0.0,0.0,0.0,0.0423565067939822,0.1307711957046981,0.154940217321418,0.1413765612316713,0.106547381433831,0.0134685620987419,0.0,0.201886612901542,0.2966631596548026,0.2680672580219548,0.1043603073406768,0.0,0.0,0.1914338276145514,0.0,0.0,0.0,0.0,0.0,0.0,0.0,0.0,0.0,0.0,0.0,0.1928185642399573,0.0,0.0,0.0,0.0,0.0,0.0,0.0,0.0,0.0,0.0,0.0,0.1276416490503143,0.0,0.1727876742896638,0.0,0.0610349825624777,0.0,0.0,0.0
0.1072015726613345,0.1389454550490046,0.1829342035515829,0.0,0.0,0.1317032828554596,0.0606883597402204,0.0357025497987441,0.0,0.0,0.0,0.0,0.0,0.0171288440267735,0.2598556750855319,0.0821289849442554,0.0,0.0,0.2304554819446677,0.0,0.1833643368539547,0.0,0.0728976574452389,0.108040007976182,0.1438995468289866,0.0396021285048837,0.0397751380667889,0.0,0.0485290713125489,0.0,0.0,0.6790464229489526,0.0168305311076454,0.0180607251297964,0.1038990171003784,0.0,0.0,0.201886612901542,0.0,0.2537358440455822,0.3681553098242668,0.0897904509322571,0.1392236635739981,0.1073352898642225,0.0,0.1639509059651243,0.3742902872497791,0.0444917861883642,0.0,0.0,0.0,0.0,0.0,0.01918070181342,0.0,0.0,0.0,0.0,0.0,0.1763353946817117,0.3470311772049079,0.0,0.1025230069630327,0.2724332519160041,0.1401237829131806,0.1217531004236572,0.26405569123182,0.0342556491272537,0.0966064213735888,0.0797064719579602,0.1766506706351161,0.0,0.0,0.0,0.1863356455586433,0.3532745680004988
0.2440366699797994,0.1626381714000711,0.0,0.0,0.0,0.0,0.0,0.0,0.0,0.1980359074273567,0.0,0.2189429820107123,0.0113043776051219,0.0,0.0,0.0,0.2085447688459988,0.0961089630531134,0.0,0.0,0.0,0.0,0.0436544372751681,0.2092398493282,0.1479477824180507,0.3316398093964253,0.0,0.0,0.1017897189894106,0.0,0.1137104282553104,0.0597979525800669,0.5455297168352777,0.3142249510558586,0.0229315965770486,0.0202459972605887,0.0,0.2966631596548026,0.2537358440455822,0.0,0.3916928360618529,0.0800855328482841,0.0136576068277073,0.0931920543207955,0.1953791084020179,0.2755167494295318,0.2579990524015193,0.0,0.0,0.0,0.0257158562057018,0.0,0.0,0.0,0.2950051374173003,0.0,0.1976668539957808,0.0,0.0,0.0,0.2286772612149167,0.1342297373132832,0.1944325336083338,0.1688092611405016,0.0,0.0796397337442748,0.0,0.0,0.2055584607592208,0.3054885698014679,0.3695875692613913,0.0,0.0,0.0,0.074105434942653,0.2707448869023574
0.1952523269099548,0.1755402265790185,0.0939078566633993,0.0,0.0,0.0,0.0,0.0,0.0,0.0,0.0,0.0983520508580977,0.0541741727294165,0.0,0.1959345310220615,0.0,0.0,0.0956124607756499,0.0,0.0353110982829968,0.0,0.0,0.0,0.0163054013429945,0.0283762685898195,0.2882495726957318,0.0,0.0032645653292955,0.0,0.0,0.0616211222096806,0.1502511425257233,0.1110496836590481,0.3250645893698189,0.18749562446135,0.0160779078556524,0.0227101459316087,0.2680672580219548,0.3681553098242668,0.3916928360618529,0.0,0.2271236578939322,0.0,0.0441602793487534,0.0105532596184246,0.177670674687086,0.1283699218931449,0.0,0.0539840748410266,0.0,0.0,0.0,0.0,0.0,0.0116971712655429,0.0,0.0799487417410965,0.0,0.0,0.035052467547293,0.3224427244945629,0.0,0.1767270796800291,0.1475325952473869,0.2227529743644253,0.0,0.2770098604388681,0.0,0.0,0.120961513923585,0.1518543698060833,0.0,0.0784254032798393,0.0,0.2527991378120974,0.4467601184213698
0.0,0.1256597420576255,0.0,0.0,0.0,0.0,0.0,0.0,0.0,0.0,0.0,0.0,0.0,0.0,0.0,0.035265193237525,0.0,0.0,0.0,0.0,0.0,0.0,0.0,0.0,0.0,0.0155600057829325,0.0,0.0,0.0603842227194438,0.0,0.0,0.0015654968520883,0.0087753697852795,0.0688938978757453,0.3519807827105607,0.046788198635173,0.383452040112656,0.1043603073406768,0.0897904509322571,0.0800855328482841,0.2271236578939322,0.0,0.0,0.1458127755127542,0.0,0.1990103300194526,0.0,0.0,0.1615605615960992,0.0,0.0,0.1043182803077907,0.0,0.0,0.1671910855337897,0.0,0.0,0.0,0.0,0.0,0.3408364674940674,0.0452916905502962,0.2678253881885716,0.0,0.0961447867860227,0.0,0.085114571749114,0.0,0.0,0.1479503194400252,0.0,0.0,0.0416941881619043,0.0,0.0051919803621286,0.3513299543595495
0.0,0.0,0.1141582191473824,0.0,0.0661826360130712,0.3367670103792093,0.1794963007504176,0.3370825741902372,0.0,0.0,0.1700176882329043,0.218955333267417,0.2901204285787754,0.0651134514467898,0.0,0.0,0.0,0.0,0.2351855850845431,0.0,0.0,0.0,0.1470400662918506,0.0,0.0,0.0,0.0,0.2799560742845581,0.0156691007639959,0.0,0.0,0.1555010368272646,0.0,0.0,0.0,0.3868872223622243,0.0,0.0,0.1392236635739981,0.0136576068277073,0.0,0.0,0.0,0.3415866549625317,0.0833680228594782,0.0,0.0,0.1776606526805593,0.2538982425064516,0.1259060485497312,0.2355273614476913,0.1734003442040681,0.273759434732314,0.0887973112001027,0.0,0.2787403703074327,0.2480042173071364,0.4769978236344732,0.0966644112187559,0.0,0.0,0.0357839008256057,0.0,0.2286552030111716,0.0,0.0890769349851708,0.0,0.2243121969109427,0.251858903989305,0.0729077378490238,0.1678270321390132,0.0,0.432237517317838,0.0080753863909782,0.0,0.0802618583443505
0.0,0.0,0.0,0.0,0.0,0.0,0.0,0.0,0.0,0.0,0.0,0.0,0.0,0.0,0.0,0.0,0.0,0.0,0.0,0.0,0.0,0.0,0.0158284909152634,0.0,0.0,0.0,0.0,0.0,0.0,0.0,0.0,0.0,0.0,0.0081279156395232,0.0,0.1466124032926187,0.0,0.0,0.1073352898642225,0.0931920543207955,0.0441602793487534,0.1458127755127542,0.3415866549625317,0.0,0.0286925149509193,0.0,0.0,0.0,0.2782743397952184,0.0449939269649083,0.0,0.1062220174069748,0.0,0.0,0.0,0.0,0.0753030255077185,0.0315355598315253,0.0410591079157681,0.0,0.0,0.0,0.0,0.0,0.0,0.0,0.0,0.0,0.0,0.0,0.0,0.0,0.2737243618394219,0.0318303206436363,0.0,0.1754822300974894
0.0,0.0,0.0,0.0,0.0,0.0,0.0,0.0,0.0,0.0268048535149703,0.0,0.1511981704230325,0.1874172932560062,0.0,0.0,0.0,0.0,0.0,0.0,0.0,0.0,0.0,0.0,0.2342267447724489,0.0,0.1053203478580732,0.0,0.0978301273955491,0.0,0.0,0.0,0.0,0.0611723589417773,0.0352962525334488,0.0,0.0322970350180135,0.0,0.1914338276145514,0.0,0.1953791084020179,0.0105532596184246,0.0,0.0833680228594782,0.0286925149509193,0.0,0.1191070260871313,0.0,0.0,0.0,0.0,0.0192761232082294,0.0,0.0,0.0,0.0,0.0,0.1263061890048586,0.0447271229847014,0.0,0.0,0.0,0.0,0.0,0.0456062940042729,0.0,0.0,0.0,0.0366937093142341,0.1999845034571273,0.0,0.1232295335666128,0.0,0.1283620999024574,0.0,0.0,0.1406959003843422
0.7662092827585552,0.0,0.0,0.0,0.0,0.0,0.0,0.0,0.0,0.0666525399828077,0.0,0.0,0.0,0.0,0.0,0.4791731785954791,0.0,0.0562826046987129,0.0,0.0,0.3552595585618102,0.2021071940450369,0.0,0.2141263612494064,0.2093457739695881,0.0860636773482615,0.0,0.0,0.0,0.0,0.0,0.022168638774024,0.1120794677976423,0.1216167633100789,0.0,0.0,0.0,0.0,0.1639509059651243,0.2755167494295318,0.177670674687086,0.1990103300194526,0.0,0.0,0.1191070260871313,0.0,0.1735973988560264,0.0,0.0,0.0,0.0,0.0,0.0,0.0,0.0,0.0,0.0,0.0,0.0,0.0,0.5736748266699703,0.0,0.3100579274067068,0.0,0.2739473966345611,0.4102015480731679,0.3443094822958857,0.0341170801435329,0.2777805673869152,0.3593083443798003,0.35941106144128,0.0,0.2488257874204243,0.207628195210464,0.0,0.5297172581917506
0.1937752241457533,0.3666300481587217,0.0,0.0,0.0,0.538039310037654,0.0,0.0,0.0,0.0,0.0,0.0,0.0,0.0,0.0965461785685921,0.2967113969788531,0.0,0.3360031400979024,0.0,0.0,0.1968727931961624,0.0937734337763528,0.301956287961883,0.0,0.6106304258445324,0.1814556134504191,0.3760267034856096,0.0,0.3879568109999931,0.0,0.0,0.324204080452202,0.0774183902097727,0.0,0.0,0.0,0.0,0.0,0.3742902872497791,0.2579990524015193,0.1283699218931449,0.0,0.0,0.0,0.0,0.1735973988560264,0.0,0.0,0.0,0.0,0.5574234048282984,0.0512366123409694,0.377981536293959,0.3412801155779206,0.2206367322358593,0.0,0.0,0.2034055955943148,0.0,0.0,0.4744448695067979,0.2251190894329829,0.2745949026282914,0.0,0.0,0.2185951450793034,0.2579298831428303,0.3848063299493248,0.0,0.6154332398186821,0.6388600235693747,0.0,0.0372233893628506,0.3260255375353801,0.0,0.1926223299355579
0.0,0.0,0.7300329441657349,0.0,0.198870701343,0.252124144831121,0.0,0.2596769048264865,0.5079699960369132,0.0,0.2713999471368766,0.0,0.0,0.0132378611337538,0.0,0.0,0.0,0.0,0.5704732708410009,0.0,0.0,0.0,0.5660883311064321,0.0,0.0,0.0,0.6315205896646053,0.1887930987382308,0.2354240815998864,0.0,0.0,0.2078992277043972,0.0,0.0,0.0,0.1096206820785793,0.0,0.0,0.0444917861883642,0.0,0.0,0.0,0.1776606526805593,0.0,0.0,0.0,0.0,0.0,0.0969802196717869,0.1476413018766254,0.4910431365041782,0.0,0.4945561915376883,0.3805196935747552,0.0,0.4207824583084382,0.0,0.3281409058841805,0.0,0.0,0.0,0.0,0.0,0.6157618698607324,0.0,0.4175174722342811,0.0,0.6184799197059305,0.0,0.0870773190576484,0.1966694812118968,0.412438962144789,0.1516939526787616,0.4380622127572916,0.4080709266013676,0.0661769901578304
0.0,0.0,0.0,0.0,0.0,0.0,0.0,0.0,0.0,0.0,0.0,0.0,0.0,0.0,0.0,0.0,0.0,0.0,0.0,0.0,0.0,0.0,0.0,0.0,0.0,0.0,0.0,0.0,0.0,0.0,0.0,0.0,0.0,0.0,0.0,0.0,0.0,0.0,0.0,0.0,0.0539840748410266,0.1615605615960992,0.2538982425064516,0.2782743397952184,0.0,0.0,0.0,0.0969802196717869,0.0,0.1392392458002453,0.0871864219703135,0.4519722883249412,0.1388319661202184,0.0,0.0,0.0858042678113873,0.0,0.329939430033365,0.1625715111384823,0.0,0.0,0.0,0.0,0.1740375765639332,0.0,0.0,0.0,0.0758741450854879,0.0,0.0,0.0,0.0,0.5385350765441076,0.0,0.0,0.0
