0.0,0.2051724967900217,0.0,0.0,0.0,0.079707405190528,0.0,0.2798198742200172,0.0,0.2784661378425721,0.0,0.1400087091484488,0.2626647075010795,0.0,0.6711973078232809,0.3906179559432853,0.0,0.1991815122280536,0.0,0.6207061289306094,0.7352239857982684,0.6256927009320128,0.3144049885017789,0.171841518688194,0.3590229565715123,0.3488682021864553,0.2895520106155741,0.4824784236925128,0.1999015028867765,0.0,0.4781764804450958,0.3816724820770998,0.2202539973603242,0.3012425633507257,0.0,0.0,0.0,0.0,0.2842749991563269,0.2087911834136238,0.1542430689347716,0.0,0.0,0.0,0.0,0.6905017347946502,0.379074924385944,0.0,0.0,0.0,0.0,0.0,0.0,0.0,0.1535450065782503,0.0,0.0,0.0,0.0,0.0,0.3393852410434444,0.0,0.2585444843389036,0.0,0.0,0.6392971077352895,0.659800759149386,0.0,0.134246923884824,0.2103786588908996,0.4256881432582304,0.0,0.0,0.0,0.0,0.1725939968020052
0.2051724967900217,0.0,0.0,0.0,0.4278715960532481,0.8119612033113683,0.4583024287241939,0.6222936601545304,0.3900357421390678,0.0,0.0,0.0,0.8075282272606258,0.0,0.3738266440738337,0.0543146628318096,0.1711559105423157,0.1445073169014539,0.0,0.3327744973755655,0.3703546546841531,0.2889715182824409,0.64744973327926,0.0,0.4974984096642549,0.7946013430794551,0.3517576474201183,0.5762480492330977,0.2905234739084514,0.0,0.1858940613443645,0.4140002847204797,0.3496136770547833,0.202722409413343,0.0,0.0,0.0,0.0,0.2077798756544274,0.3618188237355338,0.0,0.0,0.0,0.0,0.0,0.1067485202005073,0.5924111245992848,0.0,0.0,0.0,0.5970614388807983,0.0,0.0,0.0,0.0,0.0,0.0,0.0,0.0,0.313162336165294,0.0,0.0,0.2098941600568104,0.0,0.309516887594221,0.2835570824396478,0.3319288363239224,0.494013356981942,0.0,0.0,0.4019586475558551,0.2933667772029891,0.0,0.0914948883694137,0.0,0.0
0.0,0.0,0.0,0.4125928250686731,0.3257050774873465,0.4877432081127941,0.2820826986056131,0.538341608467163,0.4568616541968939,0.3172144949132349,0.2962949471289412,0.2611545263026716,0.5384155656003816,0.0,0.0,0.0,0.0,0.0,0.7446519516176816,0.0,0.0,0.0,0.5827633726558781,0.0,0.0,0.0,0.4870615566764989,0.5661656603684019,0.0,0.0,0.3145178851964985,0.538391294023583,0.254892311160483,0.1970366828374777,0.0,0.3951773566985836,0.2851142567518675,0.0,0.3394458097088909,0.0,0.0472581328222227,0.0,0.2620799211369342,0.0,0.0,0.0,0.0,0.7530572997203441,0.0,0.4296697924460751,0.671207199060447,0.5423413501795673,0.545962104255638,0.5376274053333779,0.0,0.5331109893914887,0.0,0.587690471987791,0.38148402867027,0.0,0.0,0.0,0.0,0.6707914402193285,0.0,0.0,0.0,0.6343998295195391,0.0,0.0,0.0,0.602306174612255,0.5482889528447236,0.0,0.0,0.0
0.0,0.0,0.4125928250686731,0.0,0.2017903404004433,0.0152052502231956,0.3876690369273946,0.4005691480170384,0.127098781680955,0.3910135752330804,0.0,0.0626329267996651,0.4371297146912988,0.0,0.0,0.0,0.0,0.0,0.5011715629903816,0.620640068676018,0.0,0.0,0.3347609581514544,0.0,0.0,0.0,0.4104846919414061,0.70659227198992,0.238644840767531,0.0,0.5825309084588486,0.4449531009943747,0.0,0.4430759222843964,0.0,0.5050430633431231,0.4836663973508675,0.0,0.0,0.0,0.0,0.0,0.0,0.0,0.0,0.0,0.0,0.0,0.0,0.0,0.0,0.0,0.0,0.0,0.0,0.0,0.0,0.0,0.0,0.0,0.0,0.0,0.0,0.0,0.0,0.0,0.0,0.0,0.0,0.0,0.0,0.0,0.0,0.0,0.0,0.0
0.0,0.4278715960532481,0.3257050774873465,0.2017903404004433,0.0,0.6197324034110161,0.7548950459672898,0.4003607319934742,0.8098450194058999,0.2536613633442413,0.5416497888916586,0.2852810657145125,0.5057592731555014,0.5118947275436234,0.0,0.1795446346147976,0.0,0.0,0.4021205917864076,0.3078777337157336,0.0,0.1938240031113544,0.3289582289571352,0.0,0.3718989253729329,0.4490965769598202,0.6894819635752163,0.2809487126422085,0.4053708755237536,0.0,0.1576755263711448,0.2517845077036514,0.4468825423483905,0.275486522550873,0.1126820390377172,0.2702511230823419,0.0610606186127216,0.0140873170573439,0.1574122816012959,0.0,0.0,0.0,0.1001283025707531,0.0,0.0,0.0,0.0,0.4666352331874655,0.0,0.6908285515282866,0.4734883213225293,0.0,0.3087203830389699,0.6843877989236083,0.0,0.3076860466802444,0.0,0.0,0.0,0.0,0.0,0.0,0.0,0.3246685941728152,0.0,0.0,0.0,0.2775882781673999,0.0,0.0,0.0,0.6338076111464842,0.0,0.0,0.0,0.0
0.079707405190528,0.8119612033113683,0.4877432081127941,0.0152052502231956,0.6197324034110161,0.0,0.3815950373532991,0.6982784753262188,0.5855690703304587,0.4350846695091359,0.404080280996666,0.6798241238696909,0.6610110985601119,0.4946663581595959,0.3045556196937886,0.0,0.2340635133047305,0.0055504906662148,0.4446251512831294,0.1960241500524865,0.3834906768210365,0.0,0.7847855477706792,0.0,0.289581901479605,0.8664570350136233,0.4174088507466576,0.342998985682421,0.1588113735977825,0.0173903433482317,0.0,0.3325843835007239,0.4901411304324674,0.238922641732383,0.0,0.4079662302045614,0.0,0.1611596506228931,0.2692593279162335,0.0,0.0,0.0,0.3901830176717374,0.0,0.0,0.0,0.5484492101996514,0.4529656835622468,0.0,0.5884594437161409,0.7458378653811669,0.5068764939642953,0.5891603353648871,0.4899346251481468,0.0,0.4358300452076921,0.0,0.7355933619206069,0.0,0.1726363836079427,0.0,0.0,0.0,0.4023768738546533,0.3316412347828091,0.2350177422792229,0.282455013478287,0.5466784231745941,0.0,0.0,0.5772797353055912,0.3718651039180483,0.3638902378152834,0.1001903567006686,0.1408973278438729,0.0
0.0,0.4583024287241939,0.2820826986056131,0.3876690369273946,0.7548950459672898,0.3815950373532991,0.0,0.2995341575197272,0.5976888922816016,0.3782589298620394,0.4186959527611441,0.1337037668457418,0.6324786804297552,0.0804436869148646,0.0,0.4068233435276276,0.0226767050946891,0.3737019676165197,0.3682547359299717,0.3661740942418909,0.0,0.3534870756192326,0.1288970015651416,0.0,0.5455338392416217,0.2745893758316963,0.6149550296627916,0.4604740031037995,0.5437284814249154,0.0,0.3859382131895049,0.2378979455297272,0.3033988572437107,0.2531237189945586,0.0,0.1670074852438862,0.253708626289042,0.0,0.1454483589892633,0.0,0.0,0.0,0.0,0.0,0.0,0.0,0.0,0.4593138998628321,0.0,0.0,0.3249129584020524,0.0,0.2501846778105238,0.6264182963235361,0.0,0.4131192179554474,0.0,0.0,0.0,0.0,0.0,0.0,0.0,0.2357703712920924,0.0,0.0,0.0,0.1796916742673854,0.0,0.0,0.0,0.5338254569864564,0.0,0.0,0.0,0.0
0.2798198742200172,0.6222936601545304,0.538341608467163,0.4005691480170384,0.4003607319934742,0.6982784753262188,0.2995341575197272,0.0,0.4282305172220834,0.5170770789518532,0.2638551891844536,0.6438941521370538,0.6422668853867315,0.3123076465993714,0.5762767842396869,0.0,0.0,0.0,0.541394971502335,0.2641303760226886,0.5943599841381882,0.0732559099921946,0.943024596906331,0.4526712280533324,0.173918039071309,0.7166200143212219,0.1854673864022903,0.5034172494625091,0.0,0.2941541666385476,0.0249666786635089,0.5319806975657703,0.3671946654139856,0.2106107158336871,0.0,0.5951688778374556,0.1457545133528879,0.0,0.3169842363912312,0.0,0.0,0.0,0.296424680398536,0.0,0.0,0.0,0.0,0.6736834335851668,0.0,0.6003154549862219,0.6635089068680579,0.5094551138479254,0.8796635163259483,0.6145274042831528,0.0,0.6926934090706468,0.0,0.6982932617449732,0.5393285509408958,0.4310555799306325,0.0,0.0,0.0,0.5424248005598342,0.5025397547242125,0.4782280869822862,0.0,0.8276650904911794,0.0,0.0,0.0,0.2835690160288919,0.411412185277633,0.1010460951671888,0.0,0.0
0.0,0.3900357421390678,0.4568616541968939,0.127098781680955,0.8098450194058999,0.5855690703304587,0.5976888922816016,0.4282305172220834,0.0,0.3363262691857466,0.6618614756790526,0.2573557966264476,0.4354571061681958,0.4060504095618123,0.0,0.1261538081506651,0.0,0.1999396689932052,0.5452828250686858,0.2985659882822905,0.0,0.2179146949719832,0.3490380141723197,0.0957700934150178,0.5028759861497297,0.4728345301872428,0.6223849771243944,0.2437281739880177,0.34474262524257,0.0538739138958482,0.1237734213242213,0.1920998041312447,0.4364801403577322,0.2471922564987287,0.1347055915100483,0.2142110996156715,0.1134768232205505,0.0329908664949754,0.279851885146429,0.0,0.0454708183295927,0.0,0.1403465505467985,0.0,0.0,0.0,0.0,0.6027137606960901,0.0,0.5916092561587234,0.574536410865648,0.6014736839268678,0.3656976486101904,0.8002310785087879,0.0,0.4306343429066112,0.0,0.6227757252230388,0.207778737845986,0.0,0.0,0.0,0.0,0.5180074772118897,0.0,0.0,0.0,0.3261353183217408,0.0,0.0,0.0,0.6238696076661994,0.3986409298367924,0.0,0.0,0.0
0.2784661378425721,0.0,0.3172144949132349,0.3910135752330804,0.2536613633442413,0.4350846695091359,0.3782589298620394,0.5170770789518532,0.3363262691857466,0.0,0.153838791435341,0.580470893751622,0.5232827203297912,0.0,0.0,0.2312972447809219,0.0852559162904192,0.1698804641034124,0.4890144749616599,0.1663485887250878,0.0,0.1716993963687768,0.4951557030385659,0.2225169639280796,0.5601319573682204,0.5997394186340679,0.2281066023431959,0.6131738769521847,0.0630473792844285,0.0,0.3852720996473124,0.2667959464707998,0.2051831902896966,0.2067004539875089,0.0314021098857455,0.3380952578893572,0.1719433136163607,0.0,0.0601128769024059,0.2007356056815161,0.0,0.0,0.0,0.0,0.1038570542656602,0.1442653822138752,0.0,0.0,0.0,0.0,0.0,0.0,0.0,0.0,0.392816992592256,0.0,0.2309496710571081,0.5408275760378071,0.0,0.0,0.0,0.4409404054270286,0.0,0.0,0.0,0.0,0.0,0.0,0.0,0.0,0.2797625146199157,0.0,0.2663404898272146,0.0,0.0,0.0
0.0,0.0,0.2962949471289412,0.0,0.5416497888916586,0.404080280996666,0.4186959527611441,0.2638551891844536,0.6618614756790526,0.153838791435341,0.0,0.2197458213371425,0.2327551025950335,0.2713777471114347,0.0,0.0,0.3147093152995783,0.0,0.285886901167239,0.0,0.0,0.0,0.2698599036583494,0.1481700960372227,0.0,0.3286880445823291,0.3733688467615358,0.0,0.0,0.0,0.0,0.0975956243611592,0.2840660842048864,0.0,0.0,0.0,0.0,0.2309657956677458,0.2908257977384766,0.0,0.0,0.0,0.0,0.0,0.0,0.0,0.0,0.331394315010272,0.0,0.2714499942362831,0.3768526375015996,0.2799811479733994,0.1719199324297809,0.4452371484057357,0.0,0.373392284653009,0.0,0.4065815476776968,0.0240520226613163,0.0,0.0,0.0,0.0,0.2592249235154533,0.0,0.0,0.0,0.232125479025424,0.0,0.0,0.0,0.3610296023793157,0.2221174267584342,0.0,0.0,0.0
0.1400087091484488,0.0,0.2611545263026716,0.0626329267996651,0.2852810657145125,0.6798241238696909,0.1337037668457418,0.6438941521370538,0.2573557966264476,0.580470893751622,0.2197458213371425,0.0,0.4969971106251162,0.0,0.0,0.0,0.3957794807887978,0.0051671954296,0.3154192472107954,0.0,0.2959411857166714,0.0,0.6966336830273596,0.6936387657493551,0.1548369667345496,0.8495469130042141,0.0,0.3797745453321754,0.0,0.0,0.0,0.3295036058020551,0.4058214409059902,0.1521900851705342,0.0,0.3974525283734255,0.0602535757579364,0.2719141944596674,0.232588774725767,0.370476893330203,0.1243363184496375,0.0,0.394112260674211,0.0,0.2198768111407676,0.0,0.0,0.0,0.0,0.0,0.0,0.0,0.0,0.0,0.1548600377265857,0.0,0.7770290388196883,0.535107361418371,0.0,0.0,0.0,0.2254267693188699,0.0,0.0,0.0,0.0,0.0,0.0,0.3609628341126116,0.0,0.4751296174388946,0.0,0.3235914959472399,0.0,0.0,0.0
0.2626647075010795,0.8075282272606258,0.5384155656003816,0.4371297146912988,0.5057592731555014,0.6610110985601119,0.6324786804297552,0.6422668853867315,0.4354571061681958,0.5232827203297912,0.2327551025950335,0.4969971106251162,0.0,0.1430974205682627,0.5055451074701961,0.0882758146767772,0.004057533658497,0.1255275762461729,0.5611124777083467,0.4831362112480648,0.4653971287741627,0.3738525677830983,0.5948766343396795,0.1628321028368047,0.4554189560427236,0.7091202795181628,0.3323519463750911,0.7524846106544029,0.3288387619984634,0.403282415003946,0.273726220011169,0.5854466246427313,0.4088777622505971,0.2919180630325402,0.0,0.4561363001773053,0.302075617936481,0.0,0.3029019083109945,0.4097600499201562,0.0,0.0,0.2855203970793453,0.0,0.2249079485827391,0.0,0.0,0.6405291473132184,0.0,0.0,0.5883295104426453,0.5411393915834772,0.5628422496435477,0.0,0.0,0.5296201545191374,0.2311547113562313,0.0,0.0,0.497668970763404,0.0,0.0,0.0,0.0,0.5095877748927408,0.0,0.5565869691014949,0.5354025420549493,0.0,0.0318562063733939,0.2917754408327305,0.383211069977915,0.0,0.2808070336412033,0.0,0.0
0.0,0.0,0.0,0.0,0.5118947275436234,0.4946663581595959,0.0804436869148646,0.3123076465993714,0.4060504095618123,0.0,0.2713777471114347,0.0,0.1430974205682627,0.0,0.0,0.0,0.0,0.0,0.0,0.0,0.0,0.0,0.3620874787001554,0.0,0.0,0.0,0.1444012818978953,0.0,0.0,0.0,0.0,0.0,0.0,0.1230505799837259,0.0,0.1790747111905896,0.0,0.0,0.0,0.0,0.0,0.0,0.1865338439808747,0.0,0.0,0.0,0.0,0.0441687973471642,0.0,0.0,0.0,0.0,0.0,0.2257243607710783,0.0,0.0892197861400371,0.0,0.0,0.0,0.0,0.0,0.0,0.0,0.0,0.0,0.0,0.0,0.1184504140888118,0.0,0.0,0.0,0.0626459222867314,0.0,0.0,0.0,0.0
0.6711973078232809,0.3738266440738337,0.0,0.0,0.0,0.3045556196937886,0.0,0.5762767842396869,0.0,0.0,0.0,0.0,0.5055451074701961,0.0,0.0,0.3372912001670622,0.0,0.1020372003862224,0.0,0.7352246522827703,0.8594552906245215,0.6236299974667315,0.5421110211930145,0.0,0.4023016364906149,0.4470036644880916,0.5442004327725273,0.6658688644463864,0.2547830881854233,0.0,0.4844346837189304,0.5513726005615555,0.2519029095059912,0.3585826650508548,0.0,0.5270802333896873,0.0,0.0,0.2924975235248112,0.3227264366137243,0.0,0.0,0.1005704434441761,0.0,0.0,0.0,0.6189842366996008,0.0,0.0,0.0,0.5718120596654246,0.0,0.6584134586855422,0.0,0.0,0.0,0.0,0.5494718610814886,0.0,0.8862375287259583,0.0909642336131529,0.0,0.0,0.0,0.8244595020135099,0.837278206106023,0.8126530131650463,0.7092398592111416,0.0,0.0631484485045055,0.3135985855416675,0.6911239821779733,0.650354027990963,0.6179161841691398,0.0,0.0
0.3906179559432853,0.0543146628318096,0.0,0.0,0.1795446346147976,0.0,0.4068233435276276,0.0,0.1261538081506651,0.2312972447809219,0.0,0.0,0.0882758146767772,0.0,0.3372912001670622,0.0,0.0707695408727304,0.6011510802966292,0.0,0.4919112936468424,0.2825725278999891,0.7105012046617865,0.0,0.0,0.4325796991477588,0.0,0.4923688240385691,0.3965250399209516,0.643414578089705,0.4298189712034628,0.7782340024178855,0.0946211790135583,0.0,0.3523115869841587,0.19452465955581,0.0,0.0,0.0,0.0,0.0,0.0529057169961132,0.0,0.0,0.0,0.0,0.2564550229548056,0.0795299549321691,0.0,0.0,0.0,0.0,0.0,0.0,0.0,0.0,0.0,0.0,0.0,0.0,0.4276335444470293,0.5451348004824071,0.0,0.4981224273643072,0.0,0.3664879172660962,0.3898796472746933,0.3739362414570427,0.0,0.0,0.2193741794513561,0.0,0.4776544408677149,0.0,0.6089342648522214,0.0,0.1197600389362625
0.0,0.1711559105423157,0.0,0.0,0.0,0.2340635133047305,0.0226767050946891,0.0,0.0,0.0852559162904192,0.3147093152995783,0.3957794807887978,0.004057533658497,0.0,0.0,0.0707695408727304,0.0,0.5515355432584247,0.0,0.0,0.0,0.0,0.0,0.3937241202959676,0.2505200907064485,0.4023186246685791,0.0,0.0,0.0,0.0,0.0,0.0,0.2321526471268302,0.0,0.0089986789006962,0.0,0.0,0.3876395554059157,0.0,0.0968867457520828,0.0,0.0,0.0,0.0,0.0,0.0,0.0,0.0,0.0,0.0,0.0,0.0,0.0,0.0,0.1524471245774068,0.0,0.4008000963117509,0.0,0.0,0.0,0.0,0.2127447052174678,0.1232337097128617,0.0,0.0,0.0,0.0,0.0,0.4568768752415703,0.0862717799189104,0.3390584053599379,0.0,0.0,0.0,0.0,0.0
0.1991815122280536,0.1445073169014539,0.0,0.0,0.0,0.0055504906662148,0.3737019676165197,0.0,0.1999396689932052,0.1698804641034124,0.0,0.0051671954296,0.1255275762461729,0.0,0.1020372003862224,0.6011510802966292,0.5515355432584247,0.0,0.0,0.1389570440647737,0.1274299462682976,0.3289627342345295,0.0,0.0,0.586296328362441,0.1280964129805718,0.2346406690003522,0.1428343796197772,0.4670601528324788,0.0331912934386489,0.2312861991690355,0.2256706369473614,0.1141658152293046,0.0306769670198356,0.0,0.0,0.0,0.0,0.2120526535838703,0.0263648542670957,0.3478706763909086,0.0,0.0,0.0,0.0,0.2178294464804488,0.0,0.0,0.0,0.0,0.0,0.0,0.0,0.0,0.2097391845867277,0.0,0.0,0.0,0.0,0.0,0.6281569820806049,0.2483142132516768,0.5654285915892379,0.0,0.0,0.0,0.2994021408290852,0.0,0.0,0.29801444814124,0.0624490664867153,0.0,0.0,0.0,0.0,0.4160942327870739
0.0,0.0,0.7446519516176816,0.5011715629903816,0.4021205917864076,0.4446251512831294,0.3682547359299717,0.541394971502335,0.5452828250686858,0.4890144749616599,0.285886901167239,0.3154192472107954,0.5611124777083467,0.0,0.0,0.0,0.0,0.0,0.0,0.0,0.0,0.0,0.51871187353904,0.0,0.0,0.0,0.5690654730737428,0.6579768368631634,0.0,0.0,0.4957738793131765,0.4633168908792024,0.0,0.3889462153906216,0.0369488420936381,0.4531204147603617,0.3249417400071228,0.0,0.1953272439585014,0.0,0.0,0.0,0.1827566819543743,0.0,0.0,0.0,0.0,0.8456647505161,0.0,0.4551986969168661,0.6407882876561616,0.604017208598577,0.6219760156896642,0.7095328001264956,0.0,0.5303712903644134,0.0,0.5517174112496359,0.3718807458364359,0.0,0.0,0.0,0.0,0.8421701966301971,0.0,0.0,0.0,0.6115876606061722,0.0,0.0,0.0,0.6712116089253579,0.0,0.0,0.0,0.0
0.6207061289306094,0.3327744973755655,0.0,0.620640068676018,0.3078777337157336,0.1960241500524865,0.3661740942418909,0.2641303760226886,0.2985659882822905,0.1663485887250878,0.0,0.0,0.4831362112480648,0.0,0.7352246522827703,0.4919112936468424,0.0,0.1389570440647737,0.0,0.0,0.7301070754384608,0.929347755645056,0.2499223897253774,0.0,0.3072040329296231,0.2631624148742743,0.6374497035962866,0.6802103988253736,0.604753605081617,0.6762471594068113,0.6752440364068462,0.4493739409859969,0.1495768433128983,0.3499773312847569,0.0,0.3735392555538914,0.4346330896403452,0.0,0.1864317902538148,0.2377305300828254,0.0278030350559276,0.0,0.1685037077230273,0.0,0.0,0.0,0.424669011962075,0.0,0.0,0.0,0.3647076429940433,0.0,0.3395467868229631,0.0,0.0,0.0,0.0,0.3187078528496292,0.0,0.7448816909497267,0.3301466758278085,0.0,0.0,0.0,0.8158080457299456,0.7076804576722515,0.8112803639156749,0.4020413434483854,0.0,0.2147037349187319,0.1062571322447566,0.7228453306302679,0.6561488099426027,0.6732318943954385,0.2468903916648256,0.0
0.7352239857982684,0.3703546546841531,0.0,0.0,0.0,0.3834906768210365,0.0,0.5943599841381882,0.0,0.0,0.0,0.2959411857166714,0.4653971287741627,0.0,0.8594552906245215,0.2825725278999891,0.0,0.1274299462682976,0.0,0.7301070754384608,0.0,0.6169327639362193,0.579958266180721,0.1637097906961982,0.3767293301931789,0.4800363648721539,0.4604771070804366,0.6360324561711564,0.3281042042383019,0.0,0.4999075362559168,0.4822516709766198,0.255625901513293,0.3607108505042826,0.0,0.0,0.0,0.0,0.3131979555006,0.290132019847482,0.0183888565472664,0.0,0.0,0.0,0.0,0.4389696572369794,0.6203759352457192,0.0,0.0,0.0,0.6359785891113586,0.0,0.7201748834842984,0.0,0.0,0.0,0.0,0.5056347493898923,0.0,0.7737578050715248,0.1423982895694056,0.0,0.0,0.0,0.8007972602119423,0.8510931650347335,0.7586309350746321,0.7328064387907827,0.0,0.1925154914380265,0.4918848649116945,0.6368339974535053,0.64433326324681,0.6365446628504529,0.0,0.0
0.6256927009320128,0.2889715182824409,0.0,0.0,0.1938240031113544,0.0,0.3534870756192326,0.0732559099921946,0.2179146949719832,0.1716993963687768,0.0,0.0,0.3738525677830983,0.0,0.6236299974667315,0.7105012046617865,0.0,0.3289627342345295,0.0,0.929347755645056,0.6169327639362193,0.0,0.0368226759840799,0.0,0.3843292829958532,0.1736703371235192,0.5592042829940854,0.6384490867432772,0.6439794756460279,0.6603153318109042,0.7756960364194235,0.3756790754633655,0.0939014310531899,0.3356627497567572,0.0,0.2324710147202955,0.4104354810760224,0.0,0.1620098435129554,0.15227165110007,0.0968552918391028,0.0,0.0900930321733549,0.0,0.0,0.418979508165849,0.3125674202635276,0.0,0.0,0.0,0.1825007814612294,0.0,0.0,0.0,0.0,0.0,0.0,0.0,0.0,0.6754387410661484,0.5218549088291174,0.0,0.4968141630217541,0.0,0.7081103040236635,0.604182091342702,0.7448237303824128,0.2074031454241586,0.0,0.252558955607686,0.0,0.5951572184708529,0.6043459875561966,0.637898298443236,0.0,0.094015234946665
0.3144049885017789,0.64744973327926,0.5827633726558781,0.3347609581514544,0.3289582289571352,0.7847855477706792,0.1288970015651416,0.943024596906331,0.3490380141723197,0.4951557030385659,0.2698599036583494,0.6966336830273596,0.5948766343396795,0.3620874787001554,0.5421110211930145,0.0,0.0,0.0,0.51871187353904,0.2499223897253774,0.579958266180721,0.0368226759840799,0.0,0.5653304328483301,0.1186084947227327,0.7759326667465876,0.185311969957837,0.4847269299464947,0.0,0.2476128335587459,0.0,0.4845650587454247,0.3736699839870354,0.1940404988690314,0.0,0.6160708949456282,0.1147747393803551,0.0591954162173157,0.3220850213809079,0.4172759115259132,0.0,0.0,0.3529814780426356,0.0,0.0,0.0,0.6218618046284479,0.6683922358654341,0.0,0.547052279889586,0.7719162639130761,0.4573038820296803,0.8773792189686976,0.5283378453166216,0.0,0.6493397468305043,0.0,0.739908871113765,0.6035898872126139,0.399359086424244,0.0,0.0,0.0,0.5717923703454563,0.5008162435247417,0.4220358457126336,0.4155385520599899,0.9111371192447002,0.0,0.0,0.5559670969813483,0.3337513296311658,0.4303925685037539,0.0745612538074012,0.0568432896975652,0.0
0.171841518688194,0.0,0.0,0.0,0.0,0.0,0.0,0.4526712280533324,0.0957700934150178,0.2225169639280796,0.1481700960372227,0.6936387657493551,0.1628321028368047,0.0,0.0,0.0,0.3937241202959676,0.0,0.0,0.0,0.1637097906961982,0.0,0.5653304328483301,0.0,0.0,0.6621250654879294,0.0,0.0,0.0,0.0,0.0,0.2304964948591231,0.4510211830230169,0.0228893244883577,0.0,0.3097442514176465,0.0,0.4946118270808915,0.3593666048744907,0.378180759386448,0.3239284592041987,0.0,0.0,0.0,0.1763082789575042,0.2027911556371703,0.0,0.0,0.0,0.0,0.0,0.0,0.0,0.0,0.1010434094848828,0.0,0.7201678840768364,0.0,0.0,0.0,0.0,0.038280027591271,0.0,0.0,0.0,0.0,0.0,0.0,0.7616909997220461,0.0,0.6188401202104801,0.0,0.1874652182246031,0.0,0.0,0.2081334409890355
0.3590229565715123,0.4974984096642549,0.0,0.0,0.3718989253729329,0.289581901479605,0.5455338392416217,0.173918039071309,0.5028759861497297,0.5601319573682204,0.0,0.1548369667345496,0.4554189560427236,0.0,0.4023016364906149,0.4325796991477588,0.2505200907064485,0.586296328362441,0.0,0.3072040329296231,0.3767293301931789,0.3843292829958532,0.1186084947227327,0.0,0.0,0.365220526057862,0.3970223508198923,0.4158760099595096,0.4494569421954221,0.0,0.330686165435325,0.3498274140614748,0.2247561247663142,0.0888506101238655,0.0,0.0,0.0,0.0,0.2876596915936306,0.1783721458897361,0.0635387414117119,0.0,0.0,0.0,0.0,0.3181268413741527,0.5285602368357619,0.0,0.0,0.0,0.0,0.0,0.0,0.0,0.4440855894690301,0.0,0.0,0.3855716286703077,0.0,0.4631553889196753,0.4400751238361602,0.4486974507911229,0.492109599449499,0.0,0.4300903861970134,0.4223962950566869,0.466071214460463,0.2165574809782936,0.0,0.5820948272352301,0.3778778056617247,0.0,0.0,0.508613507013131,0.0,0.1528356471972174
0.3488682021864553,0.7946013430794551,0.0,0.0,0.4490965769598202,0.8664570350136233,0.2745893758316963,0.7166200143212219,0.4728345301872428,0.5997394186340679,0.3286880445823291,0.8495469130042141,0.7091202795181628,0.0,0.4470036644880916,0.0,0.4023186246685791,0.1280964129805718,0.0,0.2631624148742743,0.4800363648721539,0.1736703371235192,0.7759326667465876,0.6621250654879294,0.365220526057862,0.0,0.2560121589579145,0.5408173340450206,0.0439276845301994,0.0,0.0601395096056562,0.4459438048318579,0.555941489520685,0.2667403527045409,0.0,0.4813844764908764,0.0,0.1723957613213492,0.325383196094874,0.5179902496549584,0.1378838938837004,0.0,0.0,0.0,0.2446766136790464,0.2317204506362551,0.5406963943884915,0.0,0.0,0.0,0.638319471672017,0.0,0.0,0.0,0.2553581923425195,0.0,0.65226172952776,0.6925719369692213,0.0,0.3401467997218513,0.0,0.3772537328828751,0.1035684220496702,0.0,0.4419895097597693,0.3002654242573507,0.4048340227656946,0.6055269349652749,0.338316105231134,0.0,0.6643148675760363,0.2712772919136059,0.5457609677453744,0.0727925347127456,0.0,0.0
0.2895520106155741,0.3517576474201183,0.4870615566764989,0.4104846919414061,0.6894819635752163,0.4174088507466576,0.6149550296627916,0.1854673864022903,0.6223849771243944,0.2281066023431959,0.3733688467615358,0.0,0.3323519463750911,0.1444012818978953,0.5442004327725273,0.4923688240385691,0.0,0.2346406690003522,0.5690654730737428,0.6374497035962866,0.4604771070804366,0.5592042829940854,0.185311969957837,0.0,0.3970223508198923,0.2560121589579145,0.0,0.3547537416565454,0.6871814296500427,0.3493636417489021,0.5041391709958261,0.2411812669730555,0.2238141295335168,0.3866635306063001,0.1677137375216841,0.1646611132020555,0.2314701411386002,0.0,0.0945141283896755,0.2552239993147374,0.0,0.0,0.0,0.0,0.0,0.0,0.4032031395278436,0.569670804222991,0.0,0.5783196170173942,0.4533998377621479,0.6868233014693896,0.2059052607162965,0.6856966081724987,0.0,0.3036255793227455,0.0,0.3604453346674706,0.2873399716540941,0.5302579429775665,0.0,0.0,0.0,0.4690261803644788,0.6153762895824915,0.5892372193511443,0.5750652097391911,0.2920952244475723,0.0,0.0,0.0546351646855833,0.963027894340058,0.4008035446595492,0.7218077125126982,0.079420320956178,0.0
0.4824784236925128,0.5762480492330977,0.5661656603684019,0.70659227198992,0.2809487126422085,0.342998985682421,0.4604740031037995,0.5034172494625091,0.2437281739880177,0.6131738769521847,0.0,0.3797745453321754,0.7524846106544029,0.0,0.6658688644463864,0.3965250399209516,0.0,0.1428343796197772,0.6579768368631634,0.6802103988253736,0.6360324561711564,0.6384490867432772,0.4847269299464947,0.0,0.4158760099595096,0.5408173340450206,0.3547537416565454,0.0,0.3032374602024577,0.6771393303398926,0.6227414751225562,0.5301876540696592,0.1803043745927933,0.3924885304472279,0.0,0.4978401856581469,0.4641754035110303,0.0,0.1461794197203721,0.2774952036598275,0.0,0.0,0.2072202356740948,0.0,0.0757977482491686,0.0,0.0,0.7600437008251313,0.0,0.0,0.5326032460181397,0.0,0.5468328616848215,0.6105916359718201,0.2073681583755427,0.0,0.0385292770948332,0.5943168283552558,0.0,0.6619870431737221,0.0,0.0,0.0,0.0,0.6584404812177821,0.6416015598564718,0.6615501737345105,0.5804003057588961,0.0,0.0,0.1723349534192805,0.4923167954967532,0.6856532107549997,0.4734612017646601,0.0,0.0
0.1999015028867765,0.2905234739084514,0.0,0.238644840767531,0.4053708755237536,0.1588113735977825,0.5437284814249154,0.0,0.34474262524257,0.0630473792844285,0.0,0.0,0.3288387619984634,0.0,0.2547830881854233,0.643414578089705,0.0,0.4670601528324788,0.0,0.604753605081617,0.3281042042383019,0.6439794756460279,0.0,0.0,0.4494569421954221,0.0439276845301994,0.6871814296500427,0.3032374602024577,0.0,0.376549970621732,0.5641474322696723,0.1144416042418514,0.0489976683028793,0.268285762579543,0.1208220224000015,0.0,0.1374354415526902,0.0,0.0,0.0952650917162992,0.0,0.0,0.0,0.0,0.0,0.0,0.1810879195916366,0.2118202201128087,0.0,0.0,0.0927057126527818,0.4213621555304581,0.0,0.2837055963183087,0.0,0.0,0.0,0.1057778340543304,0.0,0.3156744728898562,0.0,0.0,0.0,0.0,0.3611462407090383,0.4009697699553256,0.3991363412708076,0.0,0.0,0.0,0.0,0.5751970322202437,0.3317540236870508,0.6763275979191806,0.1720899110548421,0.0300475760944561
0.0,0.0,0.0,0.0,0.0,0.0173903433482317,0.0,0.2941541666385476,0.0538739138958482,0.0,0.0,0.0,0.403282415003946,0.0,0.0,0.4298189712034628,0.0,0.0331912934386489,0.0,0.6762471594068113,0.0,0.6603153318109042,0.2476128335587459,0.0,0.0,0.0,0.3493636417489021,0.6771393303398926,0.376549970621732,0.0,0.647193626515654,0.3607868678858284,0.0,0.3731397348944568,0.0,0.0,0.0,0.0,0.0,0.0,0.0,0.0,0.0,0.0,0.0,0.0,0.0,0.0,0.0,0.0,0.0,0.0,0.0,0.0,0.0,0.0,0.0,0.0,0.0,0.0,0.0,0.0,0.0,0.0,0.5364381889329802,0.0,0.0,0.4112952519944717,0.0,0.0,0.0,0.4732556524046518,0.0,0.524233575417312,0.0,0.0
0.4781764804450958,0.1858940613443645,0.3145178851964985,0.5825309084588486,0.1576755263711448,0.0,0.3859382131895049,0.0249666786635089,0.1237734213242213,0.3852720996473124,0.0,0.0,0.273726220011169,0.0,0.4844346837189304,0.7782340024178855,0.0,0.2312861991690355,0.4957738793131765,0.6752440364068462,0.4999075362559168,0.7756960364194235,0.0,0.0,0.330686165435325,0.0601395096056562,0.5041391709958261,0.6227414751225562,0.5641474322696723,0.647193626515654,0.0,0.1634689931564909,0.0,0.5168468877584396,0.2228958549892693,0.2731473713293999,0.4111121155159462,0.0,0.0,0.0766595643081605,0.0,0.0,0.0,0.0,0.0,0.0,0.3588939055003178,0.0,0.0,0.0,0.1646788579613202,0.0,0.1212410856333411,0.0,0.3069733556679299,0.0,0.0,0.0,0.0,0.487969606598254,0.2392077577336701,0.3153494701320641,0.3275929180502515,0.0,0.4625379354646207,0.5910524521441746,0.4504301496245689,0.1524949145184763,0.0,0.1401977167429745,0.0,0.571511669657003,0.3766457111114413,0.6011093020959639,0.0,0.0
0.3816724820770998,0.4140002847204797,0.538391294023583,0.4449531009943747,0.2517845077036514,0.3325843835007239,0.2378979455297272,0.5319806975657703,0.1920998041312447,0.2667959464707998,0.0975956243611592,0.3295036058020551,0.5854466246427313,0.0,0.5513726005615555,0.0946211790135583,0.0,0.2256706369473614,0.4633168908792024,0.4493739409859969,0.4822516709766198,0.3756790754633655,0.4845650587454247,0.2304964948591231,0.3498274140614748,0.4459438048318579,0.2411812669730555,0.5301876540696592,0.1144416042418514,0.3607868678858284,0.1634689931564909,0.0,0.2393695051712162,0.0043484230952464,0.0,0.4388171608101751,0.3802313183222577,0.0,0.5361632790996543,0.313934955512747,0.1820982627182698,0.0,0.3021232338914635,0.0819946954003571,0.026634188522397,0.2076673944067978,0.435914549067689,0.560645988460529,0.0,0.4651805218649969,0.4585231720459002,0.3960073822765647,0.4831632892011599,0.4132913768819402,0.0739027567327469,0.5585110976606447,0.1616703988421206,0.4905948639201459,0.0,0.5523465471706941,0.1954548382325834,0.1585769661304956,0.237432793173313,0.428987406743154,0.6911614412684222,0.3985308446298423,0.6974083021275783,0.5427810737299122,0.0,0.0,0.2553880624600279,0.3681385498079464,0.5368832101761686,0.3765951164145439,0.0,0.1117390459441638
0.2202539973603242,0.3496136770547833,0.254892311160483,0.0,0.4468825423483905,0.4901411304324674,0.3033988572437107,0.3671946654139856,0.4364801403577322,0.2051831902896966,0.2840660842048864,0.4058214409059902,0.4088777622505971,0.0,0.2519029095059912,0.0,0.2321526471268302,0.1141658152293046,0.0,0.1495768433128983,0.255625901513293,0.0939014310531899,0.3736699839870354,0.4510211830230169,0.2247561247663142,0.555941489520685,0.2238141295335168,0.1803043745927933,0.0489976683028793,0.0,0.0,0.2393695051712162,0.0,0.4031414651167323,0.0,0.2461926981566821,0.0608981878121986,0.2988829268394614,0.340548080388374,0.6983872212477239,0.4223388318423082,0.0,0.0,0.0,0.1761362834245773,0.2262717328658789,0.2450491907051805,0.0,0.0,0.0,0.0,0.0,0.0,0.0,0.2015047627045951,0.0,0.2899313158847149,0.0,0.0,0.1684564282085812,0.0961135551362558,0.1394208640219474,0.123515249439104,0.0,0.2791332737970391,0.1328842273348344,0.3038601015175058,0.2889732540794614,0.3118084584980504,0.0640129931526444,0.4557316502262932,0.2384901796594178,0.3672554524604963,0.0,0.0,0.1135930358701409
0.3012425633507257,0.202722409413343,0.1970366828374777,0.4430759222843964,0.275486522550873,0.238922641732383,0.2531237189945586,0.2106107158336871,0.2471922564987287,0.2067004539875089,0.0,0.1521900851705342,0.2919180630325402,0.1230505799837259,0.3585826650508548,0.3523115869841587,0.0,0.0306769670198356,0.3889462153906216,0.3499773312847569,0.3607108505042826,0.3356627497567572,0.1940404988690314,0.0228893244883577,0.0888506101238655,0.2667403527045409,0.3866635306063001,0.3924885304472279,0.268285762579543,0.3731397348944568,0.5168468877584396,0.0043484230952464,0.4031414651167323,0.0,0.3341453576333505,0.3005111347030704,0.1945814647729634,0.0,0.0,0.4434435074330444,0.0762651081697873,0.0,0.1902706568458071,0.129398245377293,0.0,0.1940847066548303,0.337137696073899,0.385423044851537,0.0,0.0,0.2814053615616368,0.3955468906072518,0.2949211330468528,0.4180674993670517,0.2726109922894791,0.0,0.1717391559580772,0.2582044108505689,0.0,0.2843880669965634,0.0,0.1919087699879134,0.1316120347618519,0.0,0.2843521327710057,0.3830165547570939,0.2564807001197329,0.2427513016521214,0.0,0.0,0.1690624659306416,0.4341588302263905,0.3638912308369419,0.2985178467521494,0.0,0.0
0.0,0.0,0.0,0.0,0.1126820390377172,0.0,0.0,0.0,0.1347055915100483,0.0314021098857455,0.0,0.0,0.0,0.0,0.0,0.19452465955581,0.0089986789006962,0.0,0.0369488420936381,0.0,0.0,0.0,0.0,0.0,0.0,0.0,0.1677137375216841,0.0,0.1208220224000015,0.0,0.2228958549892693,0.0,0.0,0.3341453576333505,0.0,0.0,0.0,0.0989546312769691,0.0,0.046328311344984,0.0,0.3366704998986978,0.0,0.0173494155410407,0.0375402646252945,0.0,0.0,0.0,0.0,0.0,0.0,0.0,0.0,0.0,0.0,0.0,0.0743842001137776,0.0,0.0,0.0,0.0,0.0,0.0,0.0,0.0,0.0,0.0,0.0,0.0,0.0,0.0,0.0821026538216294,0.0,0.0100907086426567,0.0,0.0
0.0,0.0,0.3951773566985836,0.5050430633431231,0.2702511230823419,0.4079662302045614,0.1670074852438862,0.5951688778374556,0.2142110996156715,0.3380952578893572,0.0,0.3974525283734255,0.4561363001773053,0.1790747111905896,0.5270802333896873,0.0,0.0,0.0,0.4531204147603617,0.3735392555538914,0.0,0.2324710147202955,0.6160708949456282,0.3097442514176465,0.0,0.4813844764908764,0.1646611132020555,0.4978401856581469,0.0,0.0,0.2731473713293999,0.4388171608101751,0.2461926981566821,0.3005111347030704,0.0,0.0,0.3611277493646487,0.0,0.2282012875237558,0.3528990186751523,0.0550357594990017,0.0,0.3117164498672044,0.0,0.1683152532542382,0.0,0.0,0.5946239653434976,0.0,0.3897321221601439,0.582986719824237,0.4304309610193946,0.5903711880663277,0.5343421061511519,0.0,0.3761649817440493,0.3483857449155568,0.514076347297554,0.0,0.0,0.0,0.0,0.0,0.500273937228207,0.506089572703088,0.0,0.506407052966289,0.6486129671537085,0.0,0.0,0.0,0.3280874426124471,0.4828217801747981,0.2506254364051343,0.0,0.0
0.0,0.0,0.2851142567518675,0.4836663973508675,0.0610606186127216,0.0,0.253708626289042,0.1457545133528879,0.1134768232205505,0.1719433136163607,0.0,0.0602535757579364,0.302075617936481,0.0,0.0,0.0,0.0,0.0,0.3249417400071228,0.4346330896403452,0.0,0.4104354810760224,0.1147747393803551,0.0,0.0,0.0,0.2314701411386002,0.4641754035110303,0.1374354415526902,0.0,0.4111121155159462,0.3802313183222577,0.0608981878121986,0.1945814647729634,0.0,0.3611277493646487,0.0,0.0,0.1430039086781104,0.0,0.0322522489050212,0.0,0.0233322437075534,0.0,0.0,0.0,0.0,0.0,0.0,0.0,0.0,0.0,0.0,0.0,0.0,0.0,0.0,0.0,0.0,0.0,0.0,0.0,0.0,0.0,0.0,0.0,0.0,0.3142539737095408,0.0,0.0,0.0,0.0,0.0,0.0,0.0,0.0
0.0,0.0,0.0,0.0,0.0140873170573439,0.1611596506228931,0.0,0.0,0.0329908664949754,0.0,0.2309657956677458,0.2719141944596674,0.0,0.0,0.0,0.0,0.3876395554059157,0.0,0.0,0.0,0.0,0.0,0.0591954162173157,0.4946118270808915,0.0,0.1723957613213492,0.0,0.0,0.0,0.0,0.0,0.0,0.2988829268394614,0.0,0.0989546312769691,0.0,0.0,0.0,0.130727169473911,0.1797114032120498,0.3446887451400269,0.3465788385789486,0.0,0.0,0.2205421860634376,0.0,0.0,0.0,0.0,0.0,0.0,0.0,0.0,0.0,0.0,0.0,0.3791398077057757,0.0,0.0,0.0,0.0,0.0,0.0,0.0,0.0,0.0,0.0,0.0,0.4242219126497736,0.0,0.2069003349735962,0.0,0.0,0.0,0.0,0.0
0.2842749991563269,0.2077798756544274,0.3394458097088909,0.0,0.1574122816012959,0.2692593279162335,0.1454483589892633,0.3169842363912312,0.279851885146429,0.0601128769024059,0.2908257977384766,0.232588774725767,0.3029019083109945,0.0,0.2924975235248112,0.0,0.0,0.2120526535838703,0.1953272439585014,0.1864317902538148,0.3131979555006,0.1620098435129554,0.3220850213809079,0.3593666048744907,0.2876596915936306,0.325383196094874,0.0945141283896755,0.1461794197203721,0.0,0.0,0.0,0.5361632790996543,0.340548080388374,0.0,0.0,0.2282012875237558,0.1430039086781104,0.130727169473911,0.0,0.3139640398223053,0.3950831250008333,0.0,0.3607655204854405,0.053270765803961,0.0398934187453907,0.2945435026770972,0.3090971664867952,0.3283303155219704,0.0835619936434409,0.2623733858215026,0.4174680674612084,0.1583789719915572,0.2823842593138773,0.277732970093283,0.1775321547794297,0.2726535170505227,0.1375019340020913,0.3726198055846347,0.107529910880819,0.3151640670300271,0.3509259377202596,0.1264830427349963,0.2710021216383092,0.2954068602864075,0.4446718102287075,0.2090712041086138,0.4931607510925905,0.3651216351956836,0.2788651808114777,0.2891332186939717,0.4680631521197762,0.1806712793954203,0.3874661094929726,0.2771610470733888,0.4290573522382134,0.4350289482638874
0.2087911834136238,0.3618188237355338,0.0,0.0,0.0,0.0,0.0,0.0,0.0,0.2007356056815161,0.0,0.370476893330203,0.4097600499201562,0.0,0.3227264366137243,0.0,0.0968867457520828,0.0263648542670957,0.0,0.2377305300828254,0.290132019847482,0.15227165110007,0.4172759115259132,0.378180759386448,0.1783721458897361,0.5179902496549584,0.2552239993147374,0.2774952036598275,0.0952650917162992,0.0,0.0766595643081605,0.313934955512747,0.6983872212477239,0.4434435074330444,0.046328311344984,0.3528990186751523,0.0,0.1797114032120498,0.3139640398223053,0.0,0.3555677774414149,0.0,0.4037336599537031,0.0613897390547461,0.1877922370728598,0.2097413403021269,0.4044604194078566,0.3916818130753862,0.0,0.45629961400231,0.4149499347444768,0.3807896632098183,0.3855025001850757,0.4355651428948556,0.2906111542363775,0.2593713932330233,0.3235180547693191,0.5306171379576833,0.0,0.1860658221054035,0.0481400462201137,0.2036350583782866,0.134826907660163,0.2996398345819547,0.3182896704746694,0.2133011405050423,0.3612028910615611,0.3432860731763617,0.2134419258233021,0.1042156056323306,0.4652802720525409,0.2714935112589486,0.39590911494493,0.1632009086514442,0.2555231830739528,0.0
0.1542430689347716,0.0,0.0472581328222227,0.0,0.0,0.0,0.0,0.0,0.0454708183295927,0.0,0.0,0.1243363184496375,0.0,0.0,0.0,0.0529057169961132,0.0,0.3478706763909086,0.0,0.0278030350559276,0.0183888565472664,0.0968552918391028,0.0,0.3239284592041987,0.0635387414117119,0.1378838938837004,0.0,0.0,0.0,0.0,0.0,0.1820982627182698,0.4223388318423082,0.0762651081697873,0.0,0.0550357594990017,0.0322522489050212,0.3446887451400269,0.3950831250008333,0.3555677774414149,0.0,0.3005311468133607,0.3913908459663542,0.2998229181408187,0.0329477712980384,0.1995910461481353,0.0,0.0,0.0,0.0,0.0,0.0,0.0,0.0,0.0422082595242573,0.0,0.2145783194544223,0.0,0.0,0.0,0.4771084003351005,0.0,0.2190480236664263,0.0178830992783869,0.1365047103638219,0.0,0.2048607610001042,0.0,0.3969540622394631,0.2277503906525963,0.3226547770510311,0.0,0.201302321379229,0.0556489074646883,0.4576083859627984,0.6489448948912395
0.0,0.0,0.0,0.0,0.0,0.0,0.0,0.0,0.0,0.0,0.0,0.0,0.0,0.0,0.0,0.0,0.0,0.0,0.0,0.0,0.0,0.0,0.0,0.0,0.0,0.0,0.0,0.0,0.0,0.0,0.0,0.0,0.0,0.0,0.3366704998986978,0.0,0.0,0.3465788385789486,0.0,0.0,0.3005311468133607,0.0,0.1462511814968409,0.1346015252888117,0.0820432144697846,0.0,0.0,0.0,0.0,0.0,0.0,0.0,0.0,0.0,0.0807795954854787,0.0,0.1722572704436814,0.0,0.0,0.0,0.1278919954198691,0.0,0.0,0.0,0.0,0.0,0.0,0.0,0.3222148277438434,0.1818791866243346,0.0996349831117111,0.0,0.0,0.0,0.1534836281883776,0.4357381002211922
0.0,0.0,0.2620799211369342,0.0,0.1001283025707531,0.3901830176717374,0.0,0.296424680398536,0.1403465505467985,0.0,0.0,0.394112260674211,0.2855203970793453,0.1865338439808747,0.1005704434441761,0.0,0.0,0.0,0.1827566819543743,0.1685037077230273,0.0,0.0900930321733549,0.3529814780426356,0.0,0.0,0.0,0.0,0.2072202356740948,0.0,0.0,0.0,0.3021232338914635,0.0,0.1902706568458071,0.0,0.3117164498672044,0.0233322437075534,0.0,0.3607655204854405,0.4037336599537031,0.3913908459663542,0.1462511814968409,0.0,0.4256173043332259,0.2935359161392312,0.0,0.0,0.1956646332432329,0.018189871047184,0.1085555812515258,0.2902776916331195,0.0694806830381332,0.2636440636445418,0.0808222672079357,0.3274727241960014,0.0039777491630826,0.4923835181218126,0.327311789620227,0.1643494931871928,0.0,0.0,0.2036939192599372,0.0,0.1924820799806951,0.1692277052328749,0.0,0.20627667293767,0.2261251217790026,0.4615431260861456,0.1589904375516477,0.4661192441955901,0.0,0.4000553772583395,0.0,0.0,0.2535091672896044
0.0,0.0,0.0,0.0,0.0,0.0,0.0,0.0,0.0,0.0,0.0,0.0,0.0,0.0,0.0,0.0,0.0,0.0,0.0,0.0,0.0,0.0,0.0,0.0,0.0,0.0,0.0,0.0,0.0,0.0,0.0,0.0819946954003571,0.0,0.129398245377293,0.0173494155410407,0.0,0.0,0.0,0.053270765803961,0.0613897390547461,0.2998229181408187,0.1346015252888117,0.4256173043332259,0.0,0.0,0.0,0.0,0.0,0.0,0.0,0.0164315745788878,0.0,0.0,0.0,0.0830033281379715,0.0,0.2034821123319196,0.0128227034028245,0.0,0.0,0.0,0.0,0.0,0.1121661955248224,0.0,0.0,0.0,0.0,0.0,0.0,0.0,0.0,0.2150673891164685,0.0521835674778355,0.0,0.2123861589491799
