0.0,0.6385949648009018,0.0,0.0,0.0,0.0,0.0,0.0,0.0,0.0,0.0,0.0,0.0,0.0,0.0,0.4598107186987314,0.0,0.1844714520337742,0.0,0.0,0.0,0.0767639892363312,0.0,0.1264151255291106,0.578363831124232,0.4224699680395744,0.0,0.0,0.0,0.0,0.0,0.0,0.2902273785759225,0.0,0.1003929596919369,0.0,0.0,0.0,0.1992342770627941,0.0,0.1008465566020344,0.0,0.0,0.0,0.0,0.6398464708484399,0.0,0.0,0.0,0.0,0.0,0.0,0.0,0.0,0.0,0.0,0.0,0.0,0.0,0.0,0.0,0.0,0.1334197530056678,0.0,0.0,0.0,0.0,0.0,0.1359195816987162,0.1722507698015526,0.1139119546293014,0.0,0.0,0.0,0.0,0.4887272081517693
0.6385949648009018,0.0,0.0,0.0,0.0,0.0401631874265731,0.2027223893166997,0.0,0.0,0.0,0.0,0.0,0.1250903301121479,0.0,0.0,0.6486473998889017,0.0569739598206672,0.5810830953107414,0.0,0.0,0.0,0.0,0.0,0.0,0.6844613746414013,0.6680738890896751,0.0,0.0,0.0,0.0,0.0,0.0,0.2981893776624967,0.0,0.0,0.0,0.0,0.0,0.1781390611673128,0.1129432252375323,0.2206585333225055,0.0,0.0,0.0,0.0,0.1662857433603347,0.0,0.0,0.0,0.0,0.431233856686605,0.0,0.0,0.0,0.0,0.0,0.0,0.0,0.0,0.0,0.0,0.0,0.3868864992718462,0.0,0.1669955127204571,0.0,0.0,0.0,0.0,0.236644394899017,0.2232685059177914,0.144799484660638,0.0,0.4516982499675597,0.0,0.4833155873134259
0.0,0.0,0.0,0.700188474362671,0.7713404726029044,0.7322543781236126,0.6320744639169105,0.7656992745976029,0.8930724563154704,0.7298791779378395,0.7532336596697705,0.4531633618831215,0.6699663077061505,0.364452452933263,0.0,0.0,0.0,0.0,0.7465295998324476,0.0,0.0,0.0,0.7323661402129192,0.0,0.0,0.0,0.8970746190857312,0.6620638314062088,0.0,0.0,0.4930372579422787,0.3851467926274315,0.1176105638919315,0.5007992157017532,0.2013898239740828,0.5642804734716174,0.422130311076384,0.0,0.0940608425971905,0.0,0.0333324111281568,0.0,0.0,0.0,0.0,0.0,0.0,0.5740309718856554,0.0,0.6806061620315805,0.0381653223375273,0.5951768804006292,0.7232484371395493,0.8558819331026112,0.0,0.5747972983285347,0.0,0.4346818393939443,0.2150400201144367,0.0,0.0,0.0,0.0,0.8082696005719061,0.0,0.0,0.0,0.5196279037345034,0.0,0.0,0.0,0.1685966032953593,0.3707875675107064,0.0,0.0,0.0
0.0,0.0,0.700188474362671,0.0,0.6301968315718047,0.4453687217505319,0.5754110128126835,0.4194627449520817,0.6458464635471274,0.5033535303335838,0.4494477415260732,0.3373936954698166,0.5442731958455871,0.3165857016393694,0.0,0.0,0.0,0.0,0.5107207733579424,0.6413643122472241,0.0,0.0,0.3692894634433296,0.0,0.0,0.0,0.6745944489379968,0.4873216692297194,0.5257762316211076,0.0,0.2587638551340118,0.3598381651568616,0.0,0.5565584445977309,0.3229925348905167,0.7150391551482482,0.5321930358536858,0.150778281923438,0.0,0.0,0.0,0.0,0.0,0.0,0.0,0.0,0.0,0.0,0.0,0.0,0.0,0.0,0.0,0.0,0.0,0.0,0.0,0.0,0.0,0.0,0.0,0.0,0.0,0.0,0.0,0.0,0.0,0.0,0.0,0.0,0.0,0.0,0.0,0.0,0.0,0.0
0.0,0.0,0.7713404726029044,0.6301968315718047,0.0,0.7572109202569646,0.8741670864938939,0.7277120354556996,0.9483426017530516,0.7909336600013672,0.8268706804032815,0.409924792585126,0.6915463412607609,0.4382123902215547,0.0,0.0,0.0,0.0,0.5727322712463949,0.7751777922590813,0.0,0.7280657444677926,0.7918489928659708,0.0,0.0,0.2656549143223133,0.885796231385263,0.6387148470646395,0.851922233887255,0.0,0.2447934402900244,0.3343767854829416,0.0446629980187477,0.5585031187795105,0.4211143664606043,0.5094961732602359,0.308438674684014,0.0,0.0995067288722147,0.0,0.0,0.0,0.0,0.0,0.0,0.0,0.0,0.6646674409175267,0.0,0.7400229444887001,0.0,0.0,0.6548135915065283,0.8137210641566076,0.0,0.7212882166616362,0.0,0.0,0.0,0.0,0.0,0.0,0.0,0.6549268446501922,0.0,0.0,0.0,0.5427697913986357,0.0,0.0,0.0,0.106248058900984,0.0,0.0,0.0,0.0
0.0,0.0401631874265731,0.7322543781236126,0.4453687217505319,0.7572109202569646,0.0,0.8159521861561201,0.8682405556167677,0.777509150276178,0.785341378821409,0.5960153753619876,0.6615474398031893,0.7436325483311574,0.3398584658729584,0.7850281188932355,0.0,0.8793966261658378,0.21838956266502,0.4383108116956871,0.8508717916015365,0.8391179979814767,0.6752563973896339,0.962932990859262,0.0,0.0,0.5022599413612441,0.8712245448551387,0.472820345026094,0.885565038151864,0.4489747787482041,0.3073510662785574,0.3202225490992531,0.0789861333671597,0.4549944048484541,0.2220477572335756,0.3659216958836357,0.1255719310515216,0.0,0.2026141251574402,0.0,0.0303808410550045,0.0,0.0,0.0,0.0,0.0,0.9008965519233004,0.4930640022956432,0.0,0.4763018284380176,0.3109107714802457,0.6168069084597205,0.8423239457525795,0.6724995391118921,0.0,0.5132502022971486,0.0,0.6710226415352227,0.0,0.5108319316722886,0.0,0.0,0.0,0.6041719411467648,0.0,0.7664861640738819,0.7422117740129344,0.6938039976108512,0.0,0.0,0.7951633260083945,0.1351924354585746,0.3524922944446714,0.0,0.0,0.0
0.0,0.2027223893166997,0.6320744639169105,0.5754110128126835,0.8741670864938939,0.8159521861561201,0.0,0.7004306292824083,0.7747074424336152,0.7184461535545157,0.7064922360483447,0.5303360703718123,0.7885059299964229,0.4629550661769657,0.0,0.0,0.7267417138846501,0.2673124524481088,0.5325763718964753,0.7429588580370914,0.0,0.6898709574851261,0.7615898098893512,0.1939167462310878,0.0,0.4750407245834074,0.7344869321717323,0.4846291363703383,0.7610288847446529,0.0,0.0211533321672119,0.1896086882096546,0.0,0.4883120656813146,0.4623325280199084,0.4914051597599748,0.1538902525148041,0.0,0.0633788293516725,0.0,0.0,0.0,0.0,0.0,0.0,0.0,0.0,0.6038461861037122,0.0,0.0,0.0786227575965037,0.0,0.6114392605197935,0.6833845733364929,0.0,0.6227935653832306,0.0,0.0,0.0,0.0,0.0,0.0,0.0,0.5945235298590699,0.0,0.0,0.0,0.4798272807315852,0.0,0.0,0.0,0.0308445792386647,0.0,0.0,0.0,0.0
0.0,0.0,0.7656992745976029,0.4194627449520817,0.7277120354556996,0.8682405556167677,0.7004306292824083,0.0,0.8353308107058124,0.7349263070263027,0.7551204448326968,0.5148508138890862,0.619651580616409,0.4531136995751424,0.7079594527848453,0.0,0.0,0.0562488284391797,0.4414282032889766,0.7389282112681329,0.8443019150254506,0.5173410098071173,0.9054656115069364,0.2418314168520873,0.0,0.3250257153279066,0.8364240620930187,0.5523337049524207,0.8196884760063727,0.487045702410566,0.3852688940999123,0.2684394441712746,0.1132742559075399,0.5038031584210853,0.1978382471127031,0.4508351267684984,0.1943214889175079,0.0,0.029554316793702,0.0,0.0,0.0,0.0,0.0,0.0,0.0,0.0,0.5107047375246053,0.0,0.6448686262570384,0.1380040822170733,0.6777431117102494,0.9161316486917352,0.7798480695165906,0.0,0.6819879789766626,0.0,0.505347593620671,0.2416751858477381,0.4593907698122862,0.0,0.0,0.0,0.608219072015759,0.0,0.7567680136814188,0.0,0.5833542206045675,0.0,0.0,0.0,0.0,0.1995484165609211,0.0,0.0,0.0
0.0,0.0,0.8930724563154704,0.6458464635471274,0.9483426017530516,0.777509150276178,0.7747074424336152,0.8353308107058124,0.0,0.7883558589191815,0.8603068544130571,0.3820705523020006,0.6696150095066692,0.3756334447739936,0.0,0.0,0.0,0.1123673993424674,0.6515059575062319,0.8517596762562828,0.0,0.7881906635444539,0.8825869576858572,0.0218648747428948,0.0,0.2498453484409586,0.9540014070625892,0.6389413854941501,0.9079253888821296,0.3566078163984271,0.3471179603075021,0.3628025048754489,0.0407167757605441,0.6162849272465951,0.4003937077337465,0.5200213578185177,0.3168136428071633,0.0,0.0806682470733294,0.0,0.0,0.0,0.0,0.0,0.0,0.0,0.0,0.730392986834681,0.0,0.7680364995272093,0.0,0.7338363097996079,0.7570695863311292,0.9483692303782824,0.0,0.775145481757007,0.0,0.401241437479514,0.0682749030243648,0.0,0.0,0.0,0.0,0.7815986598526877,0.0,0.0,0.0,0.6514022413365307,0.0,0.0,0.0,0.1897199344093051,0.2864973094122333,0.0,0.0,0.0
0.0,0.0,0.7298791779378395,0.5033535303335838,0.7909336600013672,0.785341378821409,0.7184461535545157,0.7349263070263027,0.7883558589191815,0.0,0.6346868689461272,0.7233200681441488,0.7005997644787606,0.0,0.0,0.0,0.8633309384550434,0.1916511629571211,0.4663186450218716,0.7680197010152074,0.0,0.6644862656103757,0.7652229619579466,0.3046100923312387,0.0,0.3554977226402439,0.8453118938233456,0.6578487783183415,0.8633948833615723,0.0,0.4494361096837864,0.3029068133739843,0.0788240895827669,0.508080709458488,0.1764043824808878,0.4623724426464938,0.3190799067007901,0.0899082456818883,0.0834553163651003,0.4444214923957789,0.0301953033477867,0.0,0.0,0.0,0.4995348824147023,0.1516834198936435,0.0,0.0,0.0,0.0,0.0,0.0,0.0,0.0,0.8522370313456572,0.0,0.5976722484724801,0.6503832106118076,0.0,0.0,0.0,0.7467752185171753,0.289188392336095,0.0,0.0,0.0,0.0,0.0,0.0983642807228029,0.5897214780657368,0.6564470287781967,0.0,0.3626161941225312,0.0,0.0,0.0
0.0,0.0,0.7532336596697705,0.4494477415260732,0.8268706804032815,0.5960153753619876,0.7064922360483447,0.7551204448326968,0.8603068544130571,0.6346868689461272,0.0,0.2743072689040283,0.5905007214477216,0.5406076227946408,0.0,0.0,0.4996060733101757,0.0,0.7196935285642443,0.0,0.0,0.0,0.7489206247721418,0.0,0.0,0.2091443265462361,0.720403545442445,0.5871866612443607,0.0,0.0,0.1438931333398887,0.1091979012523644,0.0183876221420293,0.4115176220075457,0.3541975952012076,0.4222587168859524,0.1547146114964326,0.0,0.0,0.0,0.0,0.0,0.0,0.0,0.0,0.0,0.0,0.8087340984438322,0.0,0.6520701786438741,0.0,0.5885384469919229,0.6816631142312234,0.8862912206030203,0.0,0.8874821785327477,0.0,0.3000471472406882,0.1463390316039524,0.0,0.0,0.0,0.0,0.8127593292099394,0.0,0.0,0.0,0.5222752423003281,0.0,0.0,0.0,0.0541314673231069,0.2139987868616468,0.0,0.0,0.0
0.0,0.0,0.4531633618831215,0.3373936954698166,0.409924792585126,0.6615474398031893,0.5303360703718123,0.5148508138890862,0.3820705523020006,0.7233200681441488,0.2743072689040283,0.0,0.661081057393373,0.0,0.0,0.0,0.8144723143538092,0.4090289544467731,0.2329592018405797,0.0,0.3837824728614354,0.0,0.4857663287327698,0.7499103746304365,0.2546114360465537,0.6277045470788193,0.5074587203733268,0.3654313816087017,0.0,0.0,0.3960774343385284,0.2382934776942312,0.1950406982589915,0.132348535958024,0.0,0.2443379275033086,0.0,0.1890022163862026,0.3352729591360061,0.5410394257758867,0.4475629972280318,0.0668771755333678,0.0436546343569287,0.0,0.4259920668976066,0.0,0.0,0.0,0.0,0.0,0.0,0.0,0.0,0.0,0.5752105286741509,0.0,0.9101793401273368,0.7522315080187159,0.0,0.0,0.0,0.7593784296567359,0.4398232452939195,0.0,0.0,0.0,0.0,0.0,0.5244689230072005,0.4191167780411067,0.7113168502285513,0.0,0.6146368857486907,0.0,0.0,0.2613021193324751
0.0,0.1250903301121479,0.6699663077061505,0.5442731958455871,0.6915463412607609,0.7436325483311574,0.7885059299964229,0.619651580616409,0.6696150095066692,0.7005997644787606,0.5905007214477216,0.661081057393373,0.0,0.5428588179988625,0.6404751817770201,0.0,0.7580599843020743,0.313623488909348,0.5273697760052443,0.7432208773760821,0.6201039240563794,0.684290821749793,0.6114452585278939,0.3684682595460827,0.0,0.4436846397122452,0.6717569764828665,0.7185797196874814,0.6045677213063876,0.5148470135435301,0.1458953294550345,0.1946059575953514,0.0482185748913525,0.3395894039863349,0.2307848295497622,0.4214853082017444,0.1669049627583894,0.0,0.1428892843966858,0.2939688477767788,0.1156327984487834,0.0,0.0,0.0,0.3623911972280697,0.0,0.0,0.5498891804963926,0.0,0.0,0.1424113189399818,0.3260236792050363,0.6040629377775639,0.0,0.0,0.432451653502298,0.5060126870885763,0.0,0.0,0.370158603362149,0.0,0.0,0.0,0.0,0.0753027517599844,0.0,0.5790208111411043,0.462443273456106,0.0,0.2550350286632922,0.5551631218665934,0.0,0.0,0.0,0.0,0.0
0.0,0.0,0.364452452933263,0.3165857016393694,0.4382123902215547,0.3398584658729584,0.4629550661769657,0.4531136995751424,0.3756334447739936,0.0,0.5406076227946408,0.0,0.5428588179988625,0.0,0.0,0.0,0.0,0.0,0.3418885915952134,0.0,0.2710442978594883,0.0,0.3143449607904919,0.0,0.0,0.0,0.2796316641264345,0.4702645417358212,0.0,0.0,0.0497774588970811,0.0164502421318852,0.0,0.1092171136244466,0.0,0.3716807132166946,0.0,0.0,0.0,0.0,0.0,0.0,0.0669406442040683,0.0,0.0,0.0,0.0,0.2855726358203805,0.0,0.0,0.0,0.0,0.0,0.3190308096553327,0.0,0.2679508966115442,0.0,0.0,0.0,0.0,0.0,0.0,0.0,0.0,0.0,0.0,0.0,0.1503335548709358,0.0,0.0,0.0,0.0,0.0,0.0,0.0,0.0
0.0,0.0,0.0,0.0,0.0,0.7850281188932355,0.0,0.7079594527848453,0.0,0.0,0.0,0.0,0.6404751817770201,0.0,0.0,0.0,0.0,0.0,0.0,0.9301382157035328,0.8972462306555922,0.8776605265129432,0.8700682018434199,0.0,0.0,0.1687355171923551,0.905589053693277,0.6655853595483427,0.9440651179827488,0.0,0.2402468375438607,0.4321780600200886,0.0,0.5843266346634435,0.4813408606955469,0.3821089078585272,0.0,0.0,0.1688359963317212,0.3657606678649679,0.0,0.0,0.0,0.0,0.0,0.0,0.7489438704459628,0.0,0.0,0.0,0.0,0.0,0.6077067463818666,0.0,0.0,0.0,0.0,0.2544058760213204,0.0,0.8352510044265251,0.7787804843286033,0.0,0.0,0.0,0.1559414799970728,0.8350693287089348,0.912087095183874,0.6866788865028336,0.0,0.4607261125324398,0.5465007128244077,0.2564569021270996,0.1881861169484342,0.0,0.0,0.0
0.4598107186987314,0.6486473998889017,0.0,0.0,0.0,0.0,0.0,0.0,0.0,0.0,0.0,0.0,0.0,0.0,0.0,0.0,0.0,0.7867999216065085,0.0,0.0,0.0,0.0,0.0,0.4768110628884285,0.8507069741554363,0.441212915742513,0.0,0.0,0.0,0.0,0.3860578663301981,0.0876804007070674,0.4648569421968135,0.0,0.0,0.0,0.0,0.0,0.3830920262023483,0.2768235724285591,0.5866042890968521,0.300036497415212,0.0,0.0,0.0,0.0,0.0,0.0,0.0,0.0,0.0,0.0,0.0,0.0,0.0,0.0,0.0,0.0,0.0,0.0,0.0,0.0,0.5315615021503644,0.0,0.3886946332444082,0.0,0.0,0.0,0.0,0.0792345948282705,0.0,0.2831054878625005,0.0,0.5612223380093705,0.0,0.3349011440458721
0.0,0.0569739598206672,0.0,0.0,0.0,0.8793966261658378,0.7267417138846501,0.0,0.0,0.8633309384550434,0.4996060733101757,0.8144723143538092,0.7580599843020743,0.0,0.0,0.0,0.0,0.4078656264489338,0.0,0.6868698674089969,0.0,0.5391731962477089,0.0,0.5374822029704079,0.0176437829341031,0.5287257022567259,0.0,0.5279264474662928,0.7607617869763593,0.0,0.5510274678459536,0.2872439939962497,0.204095249025243,0.4176593075104157,0.0654896992746709,0.0,0.0,0.1568834951962535,0.0,0.4643094789995119,0.0,0.0,0.0,0.0,0.0,0.0,0.0,0.0,0.0,0.0,0.0,0.0,0.0,0.0,0.7035196698464978,0.0,0.6824652139433716,0.0,0.0,0.0,0.0,0.83838926242343,0.4141374340864119,0.0,0.0,0.0,0.0,0.0,0.27391220123937,0.462308838423375,0.7142689071781467,0.0,0.0,0.0,0.0,0.0
0.1844714520337742,0.5810830953107414,0.0,0.0,0.0,0.21838956266502,0.2673124524481088,0.0562488284391797,0.1123673993424674,0.1916511629571211,0.0,0.4090289544467731,0.313623488909348,0.0,0.0,0.7867999216065085,0.4078656264489338,0.0,0.0,0.1544941530934077,0.0,0.2758477522318741,0.0,0.604803796946267,0.7289589525416541,0.5113816297692311,0.1496274872918179,0.172977042104769,0.0950757599943749,0.1908311171229315,0.4944451385118723,0.2265636962092725,0.4064278811326069,0.0,0.0,0.0,0.0,0.0,0.2876302213224596,0.3833993390700264,0.5250128821341994,0.0279794912210528,0.0,0.0,0.0,0.0,0.1600521165433343,0.0,0.0,0.0,0.0,0.0,0.0,0.0,0.097253808568517,0.0,0.3303552735013362,0.0,0.0,0.0,0.2281547130699145,0.2931197846660382,0.6562565075689867,0.0,0.0,0.0,0.1071630019446696,0.0,0.4674226715589586,0.2979418372961201,0.1920357717269588,0.0,0.0,0.0,0.0,0.277370782582886
0.0,0.0,0.7465295998324476,0.5107207733579424,0.5727322712463949,0.4383108116956871,0.5325763718964753,0.4414282032889766,0.6515059575062319,0.4663186450218716,0.7196935285642443,0.2329592018405797,0.5273697760052443,0.3418885915952134,0.0,0.0,0.0,0.0,0.0,0.0,0.0,0.0,0.5144611965562125,0.0,0.0,0.0,0.6048890128356618,0.5935518487957556,0.0,0.0,0.2031861825348917,0.2004854398722113,0.0,0.4143890788823141,0.3760836363447447,0.4070005584132199,0.2652557609605909,0.0,0.1079871987330065,0.0,0.0,0.0,0.0,0.0,0.0,0.0,0.0,0.6541737151103447,0.0,0.375735095499885,0.0,0.1944421970219561,0.3849889737902619,0.6438082467328844,0.0,0.5042051226321836,0.0,0.1046508085509786,0.0834796957070456,0.0,0.0,0.0,0.0,0.849810300616646,0.0,0.0,0.0,0.3988313795971151,0.0,0.0,0.0,0.123265363190678,0.0,0.0,0.0,0.0
0.0,0.0,0.0,0.6413643122472241,0.7751777922590813,0.8508717916015365,0.7429588580370914,0.7389282112681329,0.8517596762562828,0.7680197010152074,0.0,0.0,0.7432208773760821,0.0,0.9301382157035328,0.0,0.6868698674089969,0.1544941530934077,0.0,0.0,0.8356127662360059,0.912353157335682,0.8152926226234071,0.0,0.0,0.2501082165975544,0.9365551694768725,0.7203211029154043,0.972653206075146,0.574456057039731,0.3864356492536775,0.4438288036302393,0.0,0.6221667751337521,0.4225088845984069,0.5285637256565104,0.3183154777111277,0.0,0.141669450579055,0.4525309983266631,0.0764866716348872,0.0,0.0,0.0,0.0,0.0,0.7786982191540166,0.0,0.0,0.0,0.0,0.0,0.6660633806882453,0.0,0.0,0.0,0.0,0.4023015928271848,0.0,0.6716648980113584,0.8403515490410708,0.0,0.0,0.0,0.2050660962449086,0.744552943009822,0.8791323070580624,0.6074483224368464,0.0,0.4904016723070533,0.5926847074930212,0.1873023560296161,0.398357068052925,0.0,0.0,0.0829882913455804
0.0,0.0,0.0,0.0,0.0,0.8391179979814767,0.0,0.8443019150254506,0.0,0.0,0.0,0.3837824728614354,0.6201039240563794,0.2710442978594883,0.8972462306555922,0.0,0.0,0.0,0.0,0.8356127662360059,0.0,0.7253273752009849,0.9468677561297704,0.0633130348077934,0.0,0.3065220145271835,0.8344087453755132,0.5837528247577607,0.9040093031194396,0.0,0.2697737762952603,0.3191539886435602,0.0328305658217923,0.5426571427199061,0.3961684149610883,0.0,0.0,0.0,0.1046705893099615,0.3655047304607244,0.0,0.0,0.0,0.0,0.0,0.5058543102401304,0.8178440607826278,0.0,0.0,0.0,0.0,0.0,0.7234292309843908,0.0,0.0,0.0,0.0,0.3928731098773333,0.0,0.7577788677401612,0.8157261047715989,0.0,0.0,0.0,0.0,0.9655895712271548,0.8466309486984142,0.7212253340664333,0.0,0.5455624511965913,0.6982414408787558,0.1586612963942167,0.1096071939666654,0.0,0.0,0.0
0.0767639892363312,0.0,0.0,0.0,0.7280657444677926,0.6752563973896339,0.6898709574851261,0.5173410098071173,0.7881906635444539,0.6644862656103757,0.0,0.0,0.684290821749793,0.0,0.8776605265129432,0.0,0.5391731962477089,0.2758477522318741,0.0,0.912353157335682,0.7253273752009849,0.0,0.6584132013352453,0.0,0.0717546416805632,0.3593112994576229,0.8238784797788811,0.637032218494381,0.814368444287363,0.4446982841609078,0.3652986174790865,0.4871084581144947,0.0826126016557308,0.5487257062097556,0.4105619559976377,0.408923734376014,0.2578803008339042,0.0,0.3165964024957151,0.4393300776786241,0.1733245059825694,0.0051679982217422,0.0,0.0,0.0,0.2988280588285202,0.6465372691929566,0.0,0.0,0.0,0.0,0.0,0.0,0.0,0.0,0.0,0.0,0.0,0.0,0.7303079180514654,0.6984974973387653,0.0,0.2499944919255551,0.0,0.4267708585305154,0.6584250276670747,0.8679627514124489,0.5265707007493687,0.0,0.5240022159469206,0.5439792548224934,0.3243996507092785,0.4545962111827908,0.0,0.0,0.2345297501272136
0.0,0.0,0.7323661402129192,0.3692894634433296,0.7918489928659708,0.962932990859262,0.7615898098893512,0.9054656115069364,0.8825869576858572,0.7652229619579466,0.7489206247721418,0.4857663287327698,0.6114452585278939,0.3143449607904919,0.8700682018434199,0.0,0.0,0.0,0.5144611965562125,0.8152926226234071,0.9468677561297704,0.6584132013352453,0.0,0.1323746496550047,0.0,0.367283073591425,0.902874635903145,0.5173889939912769,0.9211671791453008,0.462356110228716,0.2601579467699216,0.295100243557992,0.0,0.5517244238925245,0.3240058828095067,0.3551608598419832,0.1208647353518442,0.0,0.1429007175924083,0.4120932129253953,0.0,0.0,0.0,0.0,0.0,0.0,0.8608888057850058,0.6673161974443046,0.0,0.6008661162204956,0.1432673477386916,0.6782773140226932,0.8635429470089411,0.7943903454143965,0.0,0.7235178482136473,0.0,0.4804811714467303,0.0573516135326295,0.7067795313391445,0.0,0.0,0.0,0.6811431902769287,0.0,0.8974073751266848,0.8207573491170487,0.8190360981126849,0.0,0.5434565860968734,0.7337349587563438,0.2097866998440913,0.1459265879270526,0.0,0.0,0.0
0.1264151255291106,0.0,0.0,0.0,0.0,0.0,0.1939167462310878,0.2418314168520873,0.0218648747428948,0.3046100923312387,0.0,0.7499103746304365,0.3684682595460827,0.0,0.0,0.4768110628884285,0.5374822029704079,0.604803796946267,0.0,0.0,0.0633130348077934,0.0,0.1323746496550047,0.0,0.6038346029054116,0.6462139650192299,0.1010888166127944,0.1461177554052513,0.0,0.0,0.4731188344714188,0.1528031483811105,0.3472046915376141,0.0,0.0,0.0015720898453198,0.0,0.3453319032510719,0.3592886949415442,0.5768560343132376,0.6479106383459363,0.0,0.0,0.0,0.2284900210275962,0.1337504176745401,0.0,0.0,0.0,0.0,0.0,0.0,0.0,0.0,0.2459485599274983,0.0,0.7134043446663436,0.0,0.0,0.0,0.2519297628407554,0.5016070635405687,0.6858158952833403,0.0,0.0,0.0,0.0,0.0,0.8702274295071496,0.3718317195810847,0.570165570350951,0.0,0.7099890078669092,0.0,0.0,0.4753924583385864
0.578363831124232,0.6844613746414013,0.0,0.0,0.0,0.0,0.0,0.0,0.0,0.0,0.0,0.2546114360465537,0.0,0.0,0.0,0.8507069741554363,0.0176437829341031,0.7289589525416541,0.0,0.0,0.0,0.0717546416805632,0.0,0.6038346029054116,0.0,0.5659365206177785,0.0,0.0,0.0,0.0,0.3669415545763516,0.0993475459485017,0.4125170403217661,0.0,0.0,0.0,0.0,0.4233837531730976,0.345877091381616,0.3586624889148995,0.5927332958646013,0.2907025561215794,0.0,0.0,0.0,0.2282457809578562,0.0,0.0,0.0,0.0,0.0,0.0,0.0,0.0,0.0,0.0,0.2464803371987221,0.2715613619322123,0.0,0.0,0.0,0.1377429175403878,0.7198564891044448,0.0,0.4234097122524596,0.0,0.0,0.0,0.7107175384742094,0.5165205002178697,0.2746489598013177,0.0,0.0,0.6930838136157919,0.0,0.5048508741414339
0.4224699680395744,0.6680738890896751,0.0,0.0,0.2656549143223133,0.5022599413612441,0.4750407245834074,0.3250257153279066,0.2498453484409586,0.3554977226402439,0.2091443265462361,0.6277045470788193,0.4436846397122452,0.0,0.1687355171923551,0.441212915742513,0.5287257022567259,0.5113816297692311,0.0,0.2501082165975544,0.3065220145271835,0.3593112994576229,0.367283073591425,0.6462139650192299,0.5659365206177785,0.0,0.2396940318516841,0.0,0.2562390233956584,0.0,0.2102300063208886,0.1766440098002829,0.4157224854556024,0.0,0.0,0.0,0.0,0.1724059913500964,0.3638496298581001,0.4705854712745392,0.2905738086631815,0.0109068324744087,0.0,0.0,0.1466123044060997,0.3681786627243799,0.406042562057193,0.0,0.0,0.0,0.552265546123564,0.0,0.0,0.0,0.2854779397137348,0.0,0.5339830659818101,0.5627791209914125,0.0,0.1994052421446122,0.3437345705512528,0.4957000101638999,0.5199586024327075,0.0,0.2330322765937427,0.2727725016841646,0.2712358076515233,0.3595933577060781,0.4534796684162497,0.5250289063123229,0.7441298578094552,0.2322144876939019,0.4014727757228373,0.1638796926324042,0.0,0.3231246906095345
0.0,0.0,0.8970746190857312,0.6745944489379968,0.885796231385263,0.8712245448551387,0.7344869321717323,0.8364240620930187,0.9540014070625892,0.8453118938233456,0.720403545442445,0.5074587203733268,0.6717569764828665,0.2796316641264345,0.905589053693277,0.0,0.0,0.1496274872918179,0.6048890128356618,0.9365551694768725,0.8344087453755132,0.8238784797788811,0.902874635903145,0.1010888166127944,0.0,0.2396940318516841,0.0,0.6302700306451259,0.9922510960933676,0.3158706100572339,0.382518958860113,0.4202875778548458,0.0268116558760234,0.6011590075587091,0.3136226541218517,0.5169458964676725,0.4665424576602849,0.0,0.1173935609511428,0.4617415514138744,0.0,0.0,0.0,0.0,0.0,0.0,0.9140989852979138,0.6255041491119808,0.0,0.6750520859986199,0.0,0.6829861394625376,0.7396030645546015,0.8314569238298004,0.0,0.6560616282825721,0.0,0.4469328728879761,0.1099447283476902,0.6803851980362616,0.0,0.0,0.0,0.7447716978094939,0.0939352336920607,0.7463254734720154,0.923390535602707,0.5940906741316191,0.0,0.0,0.5628019567744973,0.2608735949623986,0.244239282628755,0.0,0.0,0.0
0.0,0.0,0.6620638314062088,0.4873216692297194,0.6387148470646395,0.472820345026094,0.4846291363703383,0.5523337049524207,0.6389413854941501,0.6578487783183415,0.5871866612443607,0.3654313816087017,0.7185797196874814,0.4702645417358212,0.6655853595483427,0.0,0.5279264474662928,0.172977042104769,0.5935518487957556,0.7203211029154043,0.5837528247577607,0.637032218494381,0.5173889939912769,0.1461177554052513,0.0,0.0,0.6302700306451259,0.0,0.562887628001214,0.5750003430553735,0.4048334846830472,0.2458483270161163,0.0505508981634776,0.4681617074717403,0.2684473232938817,0.4377934479181039,0.4073105947772805,0.0,0.1190174204382665,0.2835589381252253,0.0608806041513204,0.0,0.0,0.0,0.3933304587882891,0.0,0.0,0.5282939088869681,0.0,0.0,0.0,0.0,0.48413019546866,0.5598372913979599,0.4665199841983585,0.0,0.268875794600631,0.3271088969612041,0.0,0.4024173498001963,0.0,0.0,0.0,0.0,0.1309768960096026,0.4779368778146783,0.5686205688546736,0.331817209975793,0.0,0.1952989082752652,0.2735049618824435,0.0,0.542964510375137,0.0,0.0,0.0878559042063193
0.0,0.0,0.0,0.5257762316211076,0.851922233887255,0.885565038151864,0.7610288847446529,0.8196884760063727,0.9079253888821296,0.8633948833615723,0.0,0.0,0.6045677213063876,0.0,0.9440651179827488,0.0,0.7607617869763593,0.0950757599943749,0.0,0.972653206075146,0.9040093031194396,0.814368444287363,0.9211671791453008,0.0,0.0,0.2562390233956584,0.9922510960933676,0.562887628001214,0.0,0.4109250401209323,0.3444849585833514,0.3674284597163184,0.0,0.5711641422301267,0.3615280335647082,0.4091720326344858,0.313994064007002,0.0,0.0696709996379177,0.4432585009516955,0.0,0.0,0.0,0.0,0.0,0.0,0.9360627975265936,0.6207942393631032,0.0,0.0,0.0,0.6738008943685523,0.7096619008079343,0.7774805150635834,0.0,0.0,0.0,0.4604026353005068,0.0,0.6859424290139541,0.0,0.0,0.0,0.0,0.0,0.825325239413198,0.9228693324507324,0.5952443322255712,0.0,0.0,0.6502329005868942,0.1410431798438819,0.198672150344195,0.0,0.0,0.0
0.0,0.0,0.0,0.0,0.0,0.4489747787482041,0.0,0.487045702410566,0.3566078163984271,0.0,0.0,0.0,0.5148470135435301,0.0,0.0,0.0,0.0,0.1908311171229315,0.0,0.574456057039731,0.0,0.4446982841609078,0.462356110228716,0.0,0.0,0.0,0.3158706100572339,0.5750003430553735,0.4109250401209323,0.0,0.2700543548225492,0.151015506126384,0.0,0.3002534447499547,0.2865587939530936,0.0,0.0,0.0,0.0,0.0,0.0,0.0,0.0,0.0,0.0,0.0,0.0,0.0,0.0,0.0,0.0,0.0,0.0,0.0,0.0,0.0,0.0,0.0,0.0,0.0,0.0,0.0,0.0,0.0,0.0992288825562895,0.0,0.0,0.3689859253532683,0.0,0.0,0.0,0.0,0.0,0.0,0.0,0.0
0.0,0.0,0.4930372579422787,0.2587638551340118,0.2447934402900244,0.3073510662785574,0.0211533321672119,0.3852688940999123,0.3471179603075021,0.4494361096837864,0.1438931333398887,0.3960774343385284,0.1458953294550345,0.0497774588970811,0.2402468375438607,0.3860578663301981,0.5510274678459536,0.4944451385118723,0.2031861825348917,0.3864356492536775,0.2697737762952603,0.3652986174790865,0.2601579467699216,0.4731188344714188,0.3669415545763516,0.2102300063208886,0.382518958860113,0.4048334846830472,0.3444849585833514,0.2700543548225492,0.0,0.3791810765403325,0.4188857729769228,0.1928436555291828,0.0,0.192470692334429,0.2554619818581609,0.4274813793185821,0.2821422067973255,0.4948750859211416,0.3728204984822236,0.0,0.0,0.0,0.0,0.0,0.3637981537021293,0.0,0.0,0.0,0.3344538689614086,0.0,0.4090922883249366,0.0,0.3876384405578459,0.0,0.4051483631890223,0.0,0.0,0.18942897966996,0.42837731001517,0.3165461961165364,0.4583836880569799,0.0,0.3239147247422517,0.2394966961593219,0.3533430975578686,0.1910423194524087,0.4860348307436147,0.3627965999979853,0.3046192024221681,0.2601271881744648,0.4624320883511403,0.074416765029581,0.0,0.0331742407328495
0.0,0.0,0.3851467926274315,0.3598381651568616,0.3343767854829416,0.3202225490992531,0.1896086882096546,0.2684394441712746,0.3628025048754489,0.3029068133739843,0.1091979012523644,0.2382934776942312,0.1946059575953514,0.0164502421318852,0.4321780600200886,0.0876804007070674,0.2872439939962497,0.2265636962092725,0.2004854398722113,0.4438288036302393,0.3191539886435602,0.4871084581144947,0.295100243557992,0.1528031483811105,0.0993475459485017,0.1766440098002829,0.4202875778548458,0.2458483270161163,0.3674284597163184,0.151015506126384,0.3791810765403325,0.0,0.2813775228023462,0.4321799015386227,0.1535274151000092,0.3438658869228192,0.2942339948587691,0.2568953527961477,0.5200292845390293,0.4879807927273878,0.3262233756956669,0.3487331291487109,0.0,0.0,0.2497738495369371,0.0,0.3053139275753385,0.0,0.0,0.3679019162537766,0.0116745177726321,0.3075976506319132,0.2783602411568483,0.2654697292079846,0.2332650022355824,0.0254625641191376,0.2035666433870566,0.1893374610386445,0.0,0.404548175881324,0.3872507640481166,0.1567848348240978,0.1592033080202039,0.1926079064533673,0.3639493217860851,0.2706841803792766,0.4839796827759854,0.2866410015354449,0.1174117127731539,0.2172945293647754,0.2188120386754043,0.2008320346656419,0.2226876354162186,0.0,0.0,0.0
0.2902273785759225,0.2981893776624967,0.1176105638919315,0.0,0.0446629980187477,0.0789861333671597,0.0,0.1132742559075399,0.0407167757605441,0.0788240895827669,0.0183876221420293,0.1950406982589915,0.0482185748913525,0.0,0.0,0.4648569421968135,0.204095249025243,0.4064278811326069,0.0,0.0,0.0328305658217923,0.0826126016557308,0.0,0.3472046915376141,0.4125170403217661,0.4157224854556024,0.0268116558760234,0.0505508981634776,0.0,0.0,0.4188857729769228,0.2813775228023462,0.0,0.112187342985918,0.0,0.0216349552530632,0.0699429150189906,0.4328875884634487,0.4698367196314562,0.6200080203875286,0.3945122993359837,0.2632611812340503,0.0,0.0,0.2307867999259444,0.1211367516586537,0.1056795134187278,0.0,0.0,0.0,0.0,0.0,0.0,0.0,0.1566122144860873,0.0,0.2435504630207959,0.0,0.0,0.0,0.0929026145834603,0.1093427720871165,0.3558986232942343,0.0,0.299624385222177,0.0,0.0258390147896712,0.1051658686304938,0.3926953692383502,0.2184629256248754,0.2206181443934027,0.2399851960722121,0.2932762267106066,0.0,0.0,0.1076161781115105
0.0,0.0,0.5007992157017532,0.5565584445977309,0.5585031187795105,0.4549944048484541,0.4883120656813146,0.5038031584210853,0.6162849272465951,0.508080709458488,0.4115176220075457,0.132348535958024,0.3395894039863349,0.1092171136244466,0.5843266346634435,0.0,0.4176593075104157,0.0,0.4143890788823141,0.6221667751337521,0.5426571427199061,0.5487257062097556,0.5517244238925245,0.0,0.0,0.0,0.6011590075587091,0.4681617074717403,0.5711641422301267,0.3002534447499547,0.1928436555291828,0.4321799015386227,0.112187342985918,0.0,0.6768826902155631,0.5644616262018194,0.4817515345219523,0.0068617876063641,0.1275815708726956,0.2149995957810097,0.0,0.0,0.0,0.0,0.2997964548044716,0.0,0.5352909112457681,0.2300522414333915,0.0,0.0,0.0,0.3918806115155477,0.3893327471231607,0.4312707545589601,0.3276087909904015,0.0,0.0,0.0846356773692522,0.0,0.4611105403167737,0.5215010389951563,0.1988476763245125,0.0,0.0,0.0,0.4648710373855547,0.6625755526748286,0.2850820964425323,0.0,0.1500155034115984,0.1990368907715526,0.0,0.0,0.0,0.0,0.0
0.1003929596919369,0.0,0.2013898239740828,0.3229925348905167,0.4211143664606043,0.2220477572335756,0.4623325280199084,0.1978382471127031,0.4003937077337465,0.1764043824808878,0.3541975952012076,0.0,0.2307848295497622,0.0,0.4813408606955469,0.0,0.0654896992746709,0.0,0.3760836363447447,0.4225088845984069,0.3961684149610883,0.4105619559976377,0.3240058828095067,0.0,0.0,0.0,0.3136226541218517,0.2684473232938817,0.3615280335647082,0.2865587939530936,0.0,0.1535274151000092,0.0,0.6768826902155631,0.0,0.3797533900711194,0.1573302316332668,0.0,0.0,0.0,0.0,0.0,0.0,0.217916130766161,0.0,0.0,0.2820108233710556,0.0,0.0,0.0,0.0,0.0,0.0,0.0,0.0,0.0,0.0,0.0,0.0,0.3980979391271516,0.2341237402315611,0.0,0.0,0.0,0.0,0.0,0.4121025352517327,0.2023624712022626,0.0,0.0269910089403588,0.0491840412822768,0.0,0.0,0.0,0.0,0.0
0.0,0.0,0.5642804734716174,0.7150391551482482,0.5094961732602359,0.3659216958836357,0.4914051597599748,0.4508351267684984,0.5200213578185177,0.4623724426464938,0.4222587168859524,0.2443379275033086,0.4214853082017444,0.3716807132166946,0.3821089078585272,0.0,0.0,0.0,0.4070005584132199,0.5285637256565104,0.0,0.408923734376014,0.3551608598419832,0.0015720898453198,0.0,0.0,0.5169458964676725,0.4377934479181039,0.4091720326344858,0.0,0.192470692334429,0.3438658869228192,0.0216349552530632,0.5644616262018194,0.3797533900711194,0.0,0.6098399221691803,0.0197594645123769,0.0,0.0760401869195183,0.0,0.0,0.0056703146495934,0.0513963977131092,0.3463721997757219,0.0,0.0,0.2876031111640499,0.0,0.4608623916551961,0.0,0.3186132198624865,0.3525789619887354,0.4770272349058501,0.0,0.3199134319552732,0.1438187194457538,0.1832529072943536,0.0,0.0,0.0,0.0,0.0,0.4211465944327882,0.1028579196517799,0.0,0.4914558477929694,0.0568053365919297,0.0,0.0,0.0,0.0,0.1922153004729915,0.0,0.0,0.0
0.0,0.0,0.422130311076384,0.5321930358536858,0.308438674684014,0.1255719310515216,0.1538902525148041,0.1943214889175079,0.3168136428071633,0.3190799067007901,0.1547146114964326,0.0,0.1669049627583894,0.0,0.0,0.0,0.0,0.0,0.2652557609605909,0.3183154777111277,0.0,0.2578803008339042,0.1208647353518442,0.0,0.0,0.0,0.4665424576602849,0.4073105947772805,0.313994064007002,0.0,0.2554619818581609,0.2942339948587691,0.0699429150189906,0.4817515345219523,0.1573302316332668,0.6098399221691803,0.0,0.3005326791140902,0.0,0.0,0.0,0.0,0.0,0.0,0.0,0.0,0.0,0.0,0.0,0.0,0.0,0.0,0.0,0.0,0.0,0.0,0.0,0.0,0.0,0.0,0.0,0.0,0.0,0.0,0.0,0.0,0.0,0.0,0.0,0.0,0.0,0.0,0.0,0.0,0.0,0.0
0.0,0.0,0.0,0.150778281923438,0.0,0.0,0.0,0.0,0.0,0.0899082456818883,0.0,0.1890022163862026,0.0,0.0,0.0,0.0,0.1568834951962535,0.0,0.0,0.0,0.0,0.0,0.0,0.3453319032510719,0.4233837531730976,0.1724059913500964,0.0,0.0,0.0,0.0,0.4274813793185821,0.2568953527961477,0.4328875884634487,0.0068617876063641,0.0,0.0197594645123769,0.3005326791140902,0.0,0.2032145826926567,0.3446921634050959,0.4173654044453128,0.164242926404926,0.0,0.0,0.2958353947690036,0.0,0.0,0.0,0.0,0.0,0.0,0.0,0.0,0.0,0.1747194590116876,0.0,0.2802287002241054,0.0,0.0,0.0,0.0,0.0,0.0,0.0,0.0,0.0,0.0,0.0,0.3961335506668657,0.0989191653354053,0.0,0.0,0.1875514487391185,0.0,0.0,0.0
0.1992342770627941,0.1781390611673128,0.0940608425971905,0.0,0.0995067288722147,0.2026141251574402,0.0633788293516725,0.029554316793702,0.0806682470733294,0.0834553163651003,0.0,0.3352729591360061,0.1428892843966858,0.0,0.1688359963317212,0.3830920262023483,0.0,0.2876302213224596,0.1079871987330065,0.141669450579055,0.1046705893099615,0.3165964024957151,0.1429007175924083,0.3592886949415442,0.345877091381616,0.3638496298581001,0.1173935609511428,0.1190174204382665,0.0696709996379177,0.0,0.2821422067973255,0.5200292845390293,0.4698367196314562,0.1275815708726956,0.0,0.0,0.0,0.2032145826926567,0.0,0.6230680878553054,0.6428122337435598,0.4734564594899396,0.1264388675060134,0.0,0.0429483847419706,0.1579313553229328,0.1355797894973275,0.0,0.0,0.0885915149936369,0.4462687813071439,0.1049848009163852,0.2489058203432292,0.0245074552662896,0.0956303162377304,0.0,0.3807525850155766,0.289967040525942,0.0978718639871547,0.1789010981252088,0.236962666743124,0.1982614210746045,0.4531071299913686,0.0,0.3524859506576143,0.1242678240762754,0.1421976432187002,0.3469516109985731,0.4682239351112818,0.2737620765449328,0.3782488956925877,0.3253521315414965,0.4316314296209141,0.278641155618873,0.3803434220177105,0.3249610003627247
0.0,0.1129432252375323,0.0,0.0,0.0,0.0,0.0,0.0,0.0,0.4444214923957789,0.0,0.5410394257758867,0.2939688477767788,0.0,0.3657606678649679,0.2768235724285591,0.4643094789995119,0.3833993390700264,0.0,0.4525309983266631,0.3655047304607244,0.4393300776786241,0.4120932129253953,0.5768560343132376,0.3586624889148995,0.4705854712745392,0.4617415514138744,0.2835589381252253,0.4432585009516955,0.0,0.4948750859211416,0.4879807927273878,0.6200080203875286,0.2149995957810097,0.0,0.0760401869195183,0.0,0.3446921634050959,0.6230680878553054,0.0,0.6371415347480918,0.2395975016336059,0.0,0.0,0.2934173162186344,0.1371042113902905,0.4922100283015049,0.1126706556925668,0.0,0.3012672186945491,0.4370617606637908,0.3484503352199408,0.5666370526124701,0.2939962870203831,0.452289448572878,0.1351497545729026,0.5536577368107953,0.505169444017657,0.0,0.1983513691677584,0.5310520357893169,0.4509199124391585,0.6066887982305059,0.2236851004622777,0.1613346641730242,0.3259608458350755,0.3552861073539855,0.4350397283901649,0.5900406058368862,0.5259114858418452,0.556482779369414,0.2888565440756148,0.5213373725950964,0.0,0.1804092007828827,0.25937944337974
0.1008465566020344,0.2206585333225055,0.0333324111281568,0.0,0.0,0.0303808410550045,0.0,0.0,0.0,0.0301953033477867,0.0,0.4475629972280318,0.1156327984487834,0.0,0.0,0.5866042890968521,0.0,0.5250128821341994,0.0,0.0764866716348872,0.0,0.1733245059825694,0.0,0.6479106383459363,0.5927332958646013,0.2905738086631815,0.0,0.0608806041513204,0.0,0.0,0.3728204984822236,0.3262233756956669,0.3945122993359837,0.0,0.0,0.0,0.0,0.4173654044453128,0.6428122337435598,0.6371415347480918,0.0,0.3844824621029523,0.3395145577959139,0.0717337830990231,0.1427534669438162,0.0,0.0,0.0,0.0,0.0,0.5197454403632692,0.0,0.1482398005918477,0.0,0.0141711974031064,0.0,0.495479011502327,0.3465602705217393,0.0738992524367597,0.0,0.0867659515167831,0.1143910203917062,0.5928738883508943,0.0,0.2392630953679647,0.0,0.0,0.0589670280009367,0.7777585091469508,0.253771731263534,0.2461715592515987,0.3289463505621589,0.6556571681371526,0.2809356653482752,0.5159907227561665,0.5098501239721172
0.0,0.0,0.0,0.0,0.0,0.0,0.0,0.0,0.0,0.0,0.0,0.0668771755333678,0.0,0.0,0.0,0.300036497415212,0.0,0.0279794912210528,0.0,0.0,0.0,0.0051679982217422,0.0,0.0,0.2907025561215794,0.0109068324744087,0.0,0.0,0.0,0.0,0.0,0.3487331291487109,0.2632611812340503,0.0,0.0,0.0,0.0,0.164242926404926,0.4734564594899396,0.2395975016336059,0.3844824621029523,0.0,0.0837287803212862,0.0,0.0,0.0620698989156247,0.0,0.0,0.0,0.0,0.2952252633477068,0.0,0.0,0.0,0.0,0.0,0.1509665487505399,0.0,0.0,0.0676550331658889,0.0,0.0,0.1375271273637325,0.0,0.3878568696296259,0.0,0.0,0.1275913088194448,0.4039233988791052,0.0507477642488603,0.0247565089317233,0.3682722579785124,0.1435591374432346,0.3527561793352886,0.2719785182359754,0.0826378166863811
0.0,0.0,0.0,0.0,0.0,0.0,0.0,0.0,0.0,0.0,0.0,0.0436546343569287,0.0,0.0669406442040683,0.0,0.0,0.0,0.0,0.0,0.0,0.0,0.0,0.0,0.0,0.0,0.0,0.0,0.0,0.0,0.0,0.0,0.0,0.0,0.0,0.0,0.0056703146495934,0.0,0.0,0.1264388675060134,0.0,0.3395145577959139,0.0837287803212862,0.0,0.6223631735585256,0.0,0.0,0.0,0.0,0.0,0.0,0.0704036902908445,0.0,0.0,0.0,0.0,0.0,0.0,0.0,0.0,0.0,0.0,0.0,0.0,0.0,0.2394682529575578,0.0,0.0,0.0,0.1041285058283475,0.0,0.0,0.0140771992588009,0.2585824431775707,0.3055177671140079,0.0,0.4481737552611745
0.0,0.0,0.0,0.0,0.0,0.0,0.0,0.0,0.0,0.0,0.0,0.0,0.0,0.0,0.0,0.0,0.0,0.0,0.0,0.0,0.0,0.0,0.0,0.0,0.0,0.0,0.0,0.0,0.0,0.0,0.0,0.0,0.0,0.0,0.217916130766161,0.0513963977131092,0.0,0.0,0.0,0.0,0.0717337830990231,0.0,0.6223631735585256,0.0,0.0,0.0,0.0,0.0740983787422862,0.0203395047479478,0.0,0.0,0.0,0.0,0.0,0.0,0.0,0.0,0.0,0.0,0.0,0.0,0.0,0.0,0.0,0.0,0.0,0.0,0.0,0.0,0.0,0.0,0.0,0.2133243708774609,0.1364764272107466,0.0,0.3918447555309516
0.0,0.0,0.0,0.0,0.0,0.0,0.0,0.0,0.0,0.4995348824147023,0.0,0.4259920668976066,0.3623911972280697,0.0,0.0,0.0,0.0,0.0,0.0,0.0,0.0,0.0,0.0,0.2284900210275962,0.0,0.1466123044060997,0.0,0.3933304587882891,0.0,0.0,0.0,0.2497738495369371,0.2307867999259444,0.2997964548044716,0.0,0.3463721997757219,0.0,0.2958353947690036,0.0429483847419706,0.2934173162186344,0.1427534669438162,0.0,0.0,0.0,0.0,0.0,0.0,0.0,0.0,0.3791476788941499,0.0,0.4231501742184423,0.0,0.3137433123151009,0.4097286771668644,0.1795503533437382,0.4213681462975814,0.4129096360660474,0.0,0.0,0.0,0.3569341634439634,0.1197070087617441,0.1684501416074757,0.0,0.0,0.0,0.045237070454079,0.1168144301776995,0.1805283783578832,0.2352062627362501,0.0,0.2787691053015702,0.0,0.0,0.0
0.6398464708484399,0.1662857433603347,0.0,0.0,0.0,0.0,0.0,0.0,0.0,0.1516834198936435,0.0,0.0,0.0,0.0,0.0,0.0,0.0,0.0,0.0,0.0,0.5058543102401304,0.2988280588285202,0.0,0.1337504176745401,0.2282457809578562,0.3681786627243799,0.0,0.0,0.0,0.0,0.0,0.0,0.1211367516586537,0.0,0.0,0.0,0.0,0.0,0.1579313553229328,0.1371042113902905,0.0,0.0620698989156247,0.0,0.0,0.0,0.0,0.2035892198233846,0.0,0.0,0.0,0.32731278371473,0.0,0.2157668374246952,0.0,0.0,0.0,0.0134992299448842,0.1450287917751196,0.0,0.477265393117663,0.3320627216338042,0.0,0.2778652879857299,0.0,0.3197675840372314,0.6292676975021168,0.265276777828821,0.6085597388779347,0.1951853287135422,0.5551521344551779,0.5878516503623348,0.4028995349579329,0.163349283245637,0.425201045873424,0.0,0.39485860242088
