0.0,0.2773681657319465,0.0,0.0,0.0,0.1487750698065837,0.0,0.0,0.0,0.0784673455658233,0.0,0.0,0.2135498820051555,0.0,0.0,0.3550313092669884,0.0,0.1047297589920458,0.0,0.4629124380657504,0.0,0.3279319894982537,0.0,0.2220997037160512,0.4517339471906191,0.6280993713909718,0.1578885595293736,0.0,0.6197987665142733,0.0,0.5300700876649759,0.0,0.4064210703356511,0.0,0.338731737960709,0.0,0.0,0.0403338292555266,0.0455485617881361,0.2576207398070539,0.3772454342604346,0.0,0.0,0.0,0.0,0.8124902515707715,0.0,0.0,0.0,0.0,0.0,0.0,0.0,0.0,0.0,0.0,0.0,0.0,0.0,0.0,0.167309559976583,0.0,0.0,0.0,0.0,0.0,0.0,0.0,0.2079198465606103,0.0,0.1947690094308996,0.0,0.0,0.0,0.0,0.5074050551807786
0.2773681657319465,0.0,0.0,0.0,0.3752000991132663,0.3485184319271253,0.6171865818913703,0.1421912337731344,0.1022559816866182,0.0,0.0,0.0,0.442924344572747,0.0,0.0,0.3946777795403838,0.6760251146105867,0.7322489776048089,0.0,0.0,0.204051125360069,0.4405493130282151,0.0881751076799047,0.0,0.7352054987710697,0.7454634873224075,0.0,0.0238858584653578,0.0,0.0,0.1321033300739232,0.0898136136967879,0.1039277971969305,0.0,0.0,0.0,0.0,0.0,0.2685422550594216,0.0,0.0,0.0,0.0,0.0,0.0,0.1019139732037011,0.3980417782693765,0.0,0.0,0.0,0.1337590948385637,0.0,0.0,0.0,0.0,0.0,0.0,0.0,0.0,0.1779552476741878,0.0876039803412513,0.0,0.3443225218654239,0.0,0.0,0.3319601361015187,0.0695562522032285,0.10453482698639,0.0,0.42824258722613,0.4236367825773968,0.0800405005128472,0.0,0.0,0.0,0.0614755378874751
0.0,0.0,0.0,0.2368419001475173,0.1075454897610373,0.1584187987155104,0.2974094034935517,0.7439913438600351,0.6659973774380417,0.2039641726785552,0.6483493742200249,0.1707410420008297,0.0632951545853563,0.0,0.0,0.0,0.0,0.0,0.7748357476664781,0.0,0.0,0.0,0.6962133351429668,0.0,0.0,0.0,0.6515295145239035,0.1937038790174241,0.0,0.0,0.0,0.3115636961163756,0.0,0.2034622285486631,0.0,0.0,0.1940278439685215,0.0,0.0962679760091859,0.0,0.0617981525480195,0.0,0.4306254015327158,0.0,0.0,0.0,0.0,0.0931756702144211,0.0,0.6507986685266226,0.7273697932684648,0.6462946007826844,0.4344642826164381,0.9116154600245958,0.0,0.0983449463110138,0.0,0.6096633533363804,0.0,0.0,0.0,0.0,0.0,0.7644486672637949,0.0,0.0,0.0,0.404867774790815,0.0,0.0,0.0,0.7558454478947054,0.4998001993634072,0.0,0.0,0.0
0.0,0.0,0.2368419001475173,0.0,0.0,0.0462656212141429,0.3957836507914175,0.1657937877065023,0.0923246081768422,0.2491344197285964,0.0881670658170284,0.1842197607764586,0.1197649318049375,0.0,0.0,0.0,0.0,0.0,0.0561945670334284,0.0693659682674493,0.0,0.0,0.0681716509154353,0.0,0.0,0.0,0.1027735065929459,0.0759014655459153,0.0,0.0,0.0576980092193346,0.0,0.0,0.0403844439928083,0.0,0.0,0.0604691277895279,0.0,0.0,0.0,0.0,0.0,0.0,0.0,0.0,0.0,0.0,0.0,0.0,0.0,0.0,0.0,0.0,0.0,0.0,0.0,0.0,0.0,0.0,0.0,0.0,0.0,0.0,0.0,0.0,0.0,0.0,0.0,0.0,0.0,0.0,0.0,0.0,0.0,0.0,0.0
0.0,0.3752000991132663,0.1075454897610373,0.0,0.0,0.4420668992709642,0.3399298655595679,0.0,0.4024235825822783,0.2136734435382476,0.4839265438783144,0.0751829566161646,0.3158557678199516,0.5398881552559455,0.0,0.1152334996216778,0.0,0.0,0.2359629495141409,0.0968561985428236,0.0,0.0325978111645813,0.0460796681716248,0.0,0.4524102025917456,0.4707845769041295,0.1258584105442256,0.0,0.2578436730880108,0.0,0.1615271889699134,0.0,0.1532329625569228,0.0,0.1022809810068667,0.3375781845668304,0.0867191441798866,0.0,0.0,0.0,0.0,0.0,0.0813650509467413,0.0,0.0,0.0,0.0,0.248102069657146,0.0,0.0,0.0,0.0,0.0,0.0650109496405127,0.0,0.32420448831902,0.0,0.0,0.0,0.0,0.0,0.0,0.0,0.0340472944725815,0.0,0.0,0.0,0.1604684042736013,0.0,0.0,0.0,0.0244835348589944,0.0,0.0,0.0,0.0
0.1487750698065837,0.3485184319271253,0.1584187987155104,0.0462656212141429,0.4420668992709642,0.0,0.0062239392362487,0.3197300950812682,0.5072320102337269,0.1745891172387379,0.2510428588565853,0.2873088686250231,0.5492860187825729,0.4571249618165779,0.2012041601942506,0.0,0.1944561049013881,0.1858668705541649,0.1019386817405281,0.2210474416747586,0.1657980208858475,0.0,0.454747767778734,0.0,0.4424663058695425,0.5563494197186089,0.4113657663033975,0.0263402870625518,0.1457995227495049,0.0106517093347572,0.0875493378739206,0.2335377420132205,0.3122267209644349,0.0,0.1769267778007493,0.3355473772238247,0.148248205801359,0.0,0.0,0.0,0.1653258796989216,0.1235640626287658,0.0352639409421839,0.0,0.0,0.0,0.1601798617419726,0.4297802215489406,0.0,0.0994767085162641,0.2721494704012907,0.0,0.4518927239729862,0.0865737162145522,0.0,0.5213086224124837,0.0,0.0,0.0,0.0531638835005405,0.0,0.0,0.0,0.0921696342099883,0.0,0.1264981416066947,0.0,0.4374636235551571,0.0,0.0,0.4042070660155015,0.1220904021617579,0.0,0.0,0.0,0.0
0.0,0.6171865818913703,0.2974094034935517,0.3957836507914175,0.3399298655595679,0.0062239392362487,0.0,0.1208714914158055,0.0188849442315998,0.6989502260481139,0.1993516050786075,0.4031668126313264,0.1738920827629763,0.0,0.0,0.6238450182713287,0.5726399715447537,0.7809806070257318,0.3208211557226523,0.0,0.0,0.5869435678894496,0.0,0.2216300905697366,0.5201306972343726,0.3151951086879949,0.0777717139148589,0.0,0.0,0.0,0.0,0.0557750597217793,0.0,0.0,0.0,0.0,0.0117382854583312,0.0,0.3399413066541746,0.0,0.0,0.0,0.2440781491050151,0.0,0.0,0.0,0.0,0.0,0.0,0.0,0.2169566638359736,0.0,0.0187809376579413,0.2974691025632352,0.0,0.0,0.0,0.0,0.0,0.0,0.0,0.0,0.0,0.2503035518237156,0.0,0.0,0.0,0.1905780606119594,0.0,0.0,0.0,0.3123873942717495,0.0,0.0,0.0,0.0
0.0,0.1421912337731344,0.7439913438600351,0.1657937877065023,0.0,0.3197300950812682,0.1208714914158055,0.0,0.350902428128879,0.1249919504152146,0.3926430056543133,0.4311985868704544,0.0458042468773569,0.0,0.5227408947510714,0.0,0.0,0.1356764642879159,0.473421506178787,0.0,0.7327703628833852,0.2560596716604356,0.8453700620213721,0.4953925763460369,0.0680138647907091,0.0,0.4190771358786367,0.2063925028020436,0.0,0.0,0.0,0.3588292482485165,0.0,0.2433459165301222,0.0,0.0,0.3545131522473011,0.0,0.2012307573272106,0.0,0.0,0.0,0.4605160941893194,0.0,0.0,0.0,0.0,0.0,0.0,0.6118853165321402,0.8623646316679727,0.5920942750103165,0.7283120947046324,0.7722960334749124,0.0,0.0,0.0,0.6107811362828435,0.0929098572295005,0.6088973452365357,0.0,0.0,0.0,0.5153385239061308,0.3983578797625666,0.5794485082397721,0.0,0.5444137432157437,0.0,0.0,0.0,0.5519240019426019,0.3062777366272923,0.0,0.0,0.0
0.0,0.1022559816866182,0.6659973774380417,0.0923246081768422,0.4024235825822783,0.5072320102337269,0.0188849442315998,0.350902428128879,0.0,0.0,0.7487109483682394,0.0,0.2718919490929196,0.163327073108559,0.0,0.0,0.0,0.1388955608048922,0.6166440888976773,0.4607548998203029,0.0,0.1734690977290111,0.5059568296477948,0.4217651545070488,0.3555189752769869,0.3639871088661715,0.6497885843023387,0.0852088153239565,0.0,0.2196279953320861,0.0,0.2029482895395553,0.1497180687098233,0.0,0.0531915099382586,0.0,0.0366897691145792,0.1697853305996779,0.0,0.0,0.3570262803731026,0.0,0.1276923460063908,0.0,0.0,0.0,0.0,0.6620992001071523,0.0,0.3439874358645854,0.2646033116195612,0.1399743019251399,0.3396310249948995,0.5356655831721777,0.0,0.6086236782321365,0.0,0.0467949278603442,0.0768009413601081,0.0,0.0,0.0,0.0,0.5657843388257681,0.0,0.0,0.0,0.4999893687313849,0.0,0.0,0.0,0.5148126653886363,0.1552658342341636,0.0,0.0,0.0
0.0784673455658233,0.0,0.2039641726785552,0.2491344197285964,0.2136734435382476,0.1745891172387379,0.6989502260481139,0.1249919504152146,0.0,0.0,0.0,0.5080249130538356,0.2341908869372895,0.0,0.0,0.5248878326053834,0.7147708006274535,0.765391087814324,0.1913117249771855,0.0,0.0,0.431605188191354,0.0146997315861228,0.3202470456370417,0.5005072034887982,0.4021930678097202,0.120063670502024,0.1427947266123159,0.0,0.0,0.296208180145317,0.1427135618894827,0.0,0.0414596278098724,0.0,0.0,0.2307250928315806,0.0,0.2385818184300623,0.0,0.0,0.0,0.0,0.0,0.0140443686126855,0.0767959247250462,0.0,0.0,0.0,0.0,0.0,0.0,0.0,0.0,0.175785146187497,0.0,0.2323460261746945,0.380722446072349,0.0,0.0,0.0,0.2613286076134191,0.4742343444517033,0.0,0.0,0.0,0.0,0.0,0.2498609804382004,0.5133778956739301,0.2543484451027306,0.0,0.3266678940244391,0.0,0.0,0.0
0.0,0.0,0.6483493742200249,0.0881670658170284,0.4839265438783144,0.2510428588565853,0.1993516050786075,0.3926430056543133,0.7487109483682394,0.0,0.0,0.0524434515457706,0.1593388692627827,0.1539519651705905,0.0,0.0,0.1027666016036482,0.0,0.698643045916483,0.0,0.0,0.0,0.4340891676493831,0.253506110498326,0.0,0.1945251790724077,0.4465744566078725,0.0,0.0,0.0,0.0,0.0679827340273632,0.018956431458232,0.0,0.0,0.0,0.0901482316804414,0.1828157570087064,0.0,0.0,0.0,0.0,0.2688465674633547,0.0,0.0,0.0,0.0,0.3722472764478338,0.0,0.3616412269066409,0.2648534004444118,0.1771473264973952,0.2372983947274643,0.5741549757478067,0.0,0.4077056605644507,0.0,0.1118525986176532,0.053718851085352,0.0,0.0,0.0,0.0,0.5588285567475247,0.0,0.0,0.0,0.4149541953739673,0.0,0.0,0.0,0.4720018674807371,0.2140870615766971,0.0,0.0,0.0
0.0,0.0,0.1707410420008297,0.1842197607764586,0.0751829566161646,0.2873088686250231,0.4031668126313264,0.4311985868704544,0.0,0.5080249130538356,0.0524434515457706,0.0,0.1933343847302625,0.0,0.0,0.0,0.5407438749780229,0.3341675190941402,0.1337979649630764,0.0,0.1697422122329539,0.0,0.13543036688974,0.4877424884819832,0.0278300570578635,0.3026412574464789,0.0,0.0,0.0,0.0,0.0,0.1617392465134741,0.0,0.0,0.0,0.0,0.3048829952845679,0.0,0.2071444046842453,0.0,0.0,0.0,0.2670147453257561,0.0,0.0,0.0,0.0,0.0,0.0,0.0,0.0,0.0,0.0,0.0,0.0,0.0,0.6794896912969107,0.3244881245810492,0.0,0.0,0.0,0.3332415566676869,0.0912535821001793,0.0,0.0,0.0,0.0,0.0,0.2139122269288966,0.1462927046606742,0.2065416689669533,0.0,0.2465409570161268,0.0,0.0,0.0
0.2135498820051555,0.442924344572747,0.0632951545853563,0.1197649318049375,0.3158557678199516,0.5492860187825729,0.1738920827629763,0.0458042468773569,0.2718919490929196,0.2341908869372895,0.1593388692627827,0.1933343847302625,0.0,0.2187537548104046,0.2154260034066551,0.0,0.3772721069368005,0.1505636484139348,0.1031790866868169,0.3699712752586641,0.0593392857158594,0.0614338363788317,0.1979565836735356,0.2880506219498366,0.3372050339222757,0.5267393745191251,0.2403387444808621,0.478364847375209,0.3686222217422447,0.0,0.1247517523027261,0.1167128034035135,0.3418100095778117,0.0,0.2174831766295284,0.1650448619003345,0.1407820527322802,0.0,0.0508849013751046,0.1332780030921324,0.1567137127195818,0.0462882491108334,0.0,0.0,0.0,0.0,0.0,0.5200979710905708,0.0,0.0,0.0,0.0,0.1406100681671145,0.0,0.0,0.493657092779504,0.2643137900204299,0.0,0.0,0.0,0.0,0.0,0.0,0.0,0.0376858589665139,0.0,0.0,0.0518196996098787,0.0,0.0,0.3031055719057443,0.0,0.0,0.0412077649807213,0.0,0.0
0.0,0.0,0.0,0.0,0.5398881552559455,0.4571249618165779,0.0,0.0,0.163327073108559,0.0,0.1539519651705905,0.0,0.2187537548104046,0.0,0.0,0.0,0.0,0.0,0.0,0.0,0.0,0.0,0.0,0.0,0.0,0.0,0.0,0.0,0.0,0.0,0.101540677037528,0.0,0.0,0.0,0.0,0.7228252734910736,0.0,0.0,0.0,0.0,0.0,0.0,0.0,0.0,0.0,0.0,0.0,0.3115405818212978,0.0,0.0,0.0,0.0,0.0,0.0,0.0,0.4659955569381471,0.0,0.0,0.0,0.0,0.0,0.0,0.0,0.0,0.0,0.0,0.0,0.109513480234309,0.0,0.0,0.0,0.0,0.0,0.0,0.0,0.0
0.0,0.0,0.0,0.0,0.0,0.2012041601942506,0.0,0.5227408947510714,0.0,0.0,0.0,0.0,0.2154260034066551,0.0,0.0,0.0,0.0,0.0,0.0,0.5183691206214941,0.6158728534642736,0.2576099857083864,0.7427082288227221,0.1455455914769303,0.0,0.0,0.6939898828291594,0.5072900514289288,0.0,0.0,0.0517912641384754,0.3322936587792586,0.1956723908283254,0.3437464622636841,0.0,0.0,0.0,0.0,0.1242781568282317,0.4905019865857086,0.1908739468529044,0.0,0.2528980634208311,0.0,0.0,0.0,0.3114335258506192,0.0,0.0,0.0,0.5966358330969946,0.0,0.4238608721261944,0.0,0.0,0.0,0.0,0.3818729266265228,0.0,0.5205489367117321,0.1306800038766882,0.0,0.0,0.0,0.593918215709965,0.4016726607695544,0.6426195396993608,0.2822951966194724,0.0,0.1785175441669556,0.3134001583479592,0.555193709365321,0.0688472268393902,0.0,0.0,0.1638996606737222
0.3550313092669884,0.3946777795403838,0.0,0.0,0.1152334996216778,0.0,0.6238450182713287,0.0,0.0,0.5248878326053834,0.0,0.0,0.0,0.0,0.0,0.0,0.4344024782786024,0.7573472472557938,0.0,0.0,0.4369704815584412,0.782312145187581,0.0,0.1377971824028249,0.4815556154927751,0.204978594162312,0.2331317923764893,0.0,0.0,0.0,0.3951441626606307,0.2036884853173117,0.0,0.1398585093412563,0.0,0.0,0.0,0.0,0.3999122516841845,0.0,0.0,0.0,0.0,0.0,0.0,0.3883891560240771,0.3750139683600305,0.0,0.0,0.0,0.0,0.0,0.0,0.0,0.0,0.0,0.0,0.0,0.0,0.4977387213035558,0.5813294482809158,0.0,0.522562561077914,0.0,0.2767334976276879,0.4394555995897968,0.4652586932056977,0.0,0.0,0.4741317302460227,0.108947035617306,0.4355192800411644,0.0,0.2060558648127701,0.0,0.3716382809107568
0.0,0.6760251146105867,0.0,0.0,0.0,0.1944561049013881,0.5726399715447537,0.0,0.0,0.7147708006274535,0.1027666016036482,0.5407438749780229,0.3772721069368005,0.0,0.0,0.4344024782786024,0.0,0.7772439432436852,0.0,0.0,0.0,0.4171943957298285,0.0,0.5505502974280074,0.4013036542533704,0.5180632167356447,0.0,0.2078506638738877,0.0,0.0,0.2710360302766791,0.196639739545796,0.0,0.0872754340255594,0.0,0.0,0.0,0.0807666950086436,0.0,0.0,0.0,0.0,0.0,0.0,0.0,0.0,0.0,0.0,0.0,0.0,0.0,0.0,0.0,0.0,0.0189496070990244,0.0,0.333867364675564,0.0,0.0,0.0,0.0,0.2385913035950371,0.4721275145186772,0.0,0.0,0.0,0.0,0.0,0.3816484774409016,0.3518676219391355,0.3595723257963017,0.0,0.0,0.0,0.0,0.0
0.1047297589920458,0.7322489776048089,0.0,0.0,0.0,0.1858668705541649,0.7809806070257318,0.1356764642879159,0.1388955608048922,0.765391087814324,0.0,0.3341675190941402,0.1505636484139348,0.0,0.0,0.7573472472557938,0.7772439432436852,0.0,0.0,0.0,0.3685549626664007,0.5932710555340329,0.0,0.4149056292160643,0.6951570030962573,0.5045425468327667,0.1422418279861101,0.0,0.0,0.0,0.2338334110761288,0.1850632562790438,0.0,0.0312663086912075,0.0,0.0,0.0,0.0,0.3259114849677262,0.0,0.0,0.0,0.0,0.0,0.0,0.0770785096294924,0.5068555597899075,0.0,0.0,0.0,0.0,0.0,0.0,0.0,0.0713418107789641,0.0,0.1286486121150453,0.0,0.0,0.0,0.353568319503807,0.2867777928366825,0.5143159540316674,0.0,0.0,0.0,0.2225113679677884,0.0,0.319559076580495,0.5626988098101438,0.3062253905722898,0.0,0.0,0.0,0.0,0.0853525131853246
0.0,0.0,0.7748357476664781,0.0561945670334284,0.2359629495141409,0.1019386817405281,0.3208211557226523,0.473421506178787,0.6166440888976773,0.1913117249771855,0.698643045916483,0.1337979649630764,0.1031790866868169,0.0,0.0,0.0,0.0,0.0,0.0,0.0,0.0,0.0,0.4957267666260342,0.0,0.0,0.0,0.5610011464526795,0.1376805191274964,0.0,0.0,0.0,0.2477423165688921,0.0,0.0693225650442965,0.0,0.0,0.1827164223957696,0.2401910017258649,0.0,0.0,0.0,0.0,0.3478526501438833,0.0,0.0,0.0,0.0,0.2611489625907499,0.0,0.4247506608761668,0.5393035306574618,0.4158281927269948,0.3779288269468259,0.6990293333505968,0.0,0.1219388338810067,0.0,0.436728139891634,0.0562808618157116,0.0,0.0,0.0,0.0,0.8321181636343465,0.0,0.0,0.0,0.5019871791906931,0.0,0.0,0.0,0.7010907366100804,0.0,0.0,0.0,0.0
0.4629124380657504,0.0,0.0,0.0693659682674493,0.0968561985428236,0.2210474416747586,0.0,0.0,0.4607548998203029,0.0,0.0,0.0,0.3699712752586641,0.0,0.5183691206214941,0.0,0.0,0.0,0.0,0.0,0.2325914774007225,0.5221365244421413,0.2716696736571923,0.0,0.1444193074855018,0.2139334114634236,0.6118258151718918,0.4181427788500581,0.2938812272459702,0.3730943023511128,0.2527096299473513,0.2027795612485657,0.2973814756360486,0.0,0.2139776173405148,0.0250172462199351,0.0132196850619025,0.0,0.0,0.4168242373304859,0.346472446745554,0.1124244022824639,0.0356093819155543,0.0,0.0,0.0,0.0106890499266274,0.0,0.0,0.0,0.0416186794720858,0.0,0.1437405904455722,0.0,0.0,0.0,0.0,0.0,0.0,0.3506567656724313,0.2038761799112401,0.0,0.0,0.0,0.5875698414180225,0.2294827276171368,0.3627039358008375,0.2672387240993595,0.0,0.0,0.3308096499119955,0.4281733421034587,0.0,0.2785199716632185,0.0,0.3375228758312799
0.0,0.204051125360069,0.0,0.0,0.0,0.1657980208858475,0.0,0.7327703628833852,0.0,0.0,0.0,0.1697422122329539,0.0593392857158594,0.0,0.6158728534642736,0.4369704815584412,0.0,0.3685549626664007,0.0,0.2325914774007225,0.0,0.6280502483747332,0.7260532345051697,0.3896663285767987,0.2533312361046994,0.0,0.6382452296361714,0.3384759455127672,0.0,0.0,0.0,0.3991988891968472,0.0,0.2575304378322061,0.0,0.0,0.0,0.0,0.3201366993995682,0.1351032147644838,0.0,0.0,0.0,0.0,0.0,0.1125654854442615,0.754430827271486,0.0,0.0,0.0,0.8574749228589279,0.0,0.492093184332587,0.0,0.0,0.0,0.0,0.8072414063506209,0.0,0.8691298295803183,0.3476638767545772,0.0,0.0,0.0,0.6236467703626613,0.8107124407060984,0.8266222153602614,0.4348524057543638,0.0,0.6110277334212709,0.4991924186451598,0.7792421744087207,0.5435253742271632,0.0,0.0,0.1560600384626964
0.3279319894982537,0.4405493130282151,0.0,0.0,0.0325978111645813,0.0,0.5869435678894496,0.2560596716604356,0.1734690977290111,0.431605188191354,0.0,0.0,0.0614338363788317,0.0,0.2576099857083864,0.782312145187581,0.4171943957298285,0.5932710555340329,0.0,0.5221365244421413,0.6280502483747332,0.0,0.2768218777998039,0.0,0.4531475313760301,0.2860267739135855,0.4774354619565902,0.2407957454990585,0.0,0.0881505525789829,0.1999882110432008,0.3453539090977909,0.1102145594919683,0.1849912942487052,0.0,0.0,0.0305530569211663,0.0,0.5262316226230954,0.1362706583345711,0.1227973531000636,0.0,0.3570193169566953,0.0,0.0,0.4350205075296885,0.5917179445379398,0.0,0.0,0.0,0.451522595181012,0.0,0.0,0.0,0.0,0.0,0.0,0.0,0.0,0.7613626076460939,0.529250109582812,0.0,0.4718530790496598,0.0,0.6349393403500113,0.6089007430212704,0.7408391403828222,0.3105964189323624,0.0,0.5315331907994952,0.4685637284888715,0.6370047278375122,0.6359783258559558,0.114058489203197,0.0,0.4430322049929932
0.0,0.0881751076799047,0.6962133351429668,0.0681716509154353,0.0460796681716248,0.454747767778734,0.0,0.8453700620213721,0.5059568296477948,0.0146997315861228,0.4340891676493831,0.13543036688974,0.1979565836735356,0.0,0.7427082288227221,0.0,0.0,0.0,0.4957267666260342,0.2716696736571923,0.7260532345051697,0.2768218777998039,0.0,0.4374765171142424,0.1683484346972378,0.1035410444578359,0.677453267959608,0.3020963512460793,0.0,0.0,0.0,0.3920616571447734,0.1127246446143546,0.2855387538626467,0.0,0.0,0.3479796563093165,0.2988000760346062,0.1666753620820074,0.3206891746349007,0.1731334085870597,0.0,0.3915522415958773,0.0,0.0,0.0,0.5754929863643641,0.1341868519971323,0.0,0.7296018861047369,0.8497434209512114,0.6095822566585125,0.7472814482386259,0.7278581560389923,0.0,0.2631527148942887,0.0,0.4635036409954365,0.2326690098869804,0.5995913023837574,0.0,0.0,0.0,0.5929488083795541,0.5281949135244282,0.5513923423079771,0.5586891513723303,0.6762416766909505,0.0,0.4169840005733365,0.5285148119680507,0.6601912408579238,0.1170786428265331,0.0,0.1012325856130253,0.0
0.2220997037160512,0.0,0.0,0.0,0.0,0.0,0.2216300905697366,0.4953925763460369,0.4217651545070488,0.3202470456370417,0.253506110498326,0.4877424884819832,0.2880506219498366,0.0,0.1455455914769303,0.1377971824028249,0.5505502974280074,0.4149056292160643,0.0,0.0,0.3896663285767987,0.0,0.4374765171142424,0.0,0.4806747593428903,0.6343229011762984,0.274375128746281,0.1394992534928381,0.0,0.0,0.05757334516857,0.2917944098430939,0.0420470549446882,0.0,0.0,0.0,0.2974318770182342,0.1695320274913675,0.2655974732001732,0.0,0.1121912664446747,0.0,0.0,0.0,0.1395300529619799,0.1994534354508666,0.0,0.0,0.0,0.0,0.0,0.0,0.0,0.0,0.1457400399544656,0.0,0.3779407663190929,0.0,0.0,0.0,0.0,0.3332915737161935,0.2931298365078048,0.0,0.0,0.0,0.0,0.0,0.6944785261233997,0.3711838717842693,0.6213816078343627,0.0,0.3887834278074394,0.0,0.0,0.1389507293156292
0.4517339471906191,0.7352054987710697,0.0,0.0,0.4524102025917456,0.4424663058695425,0.5201306972343726,0.0680138647907091,0.3555189752769869,0.5005072034887982,0.0,0.0278300570578635,0.3372050339222757,0.0,0.0,0.4815556154927751,0.4013036542533704,0.6951570030962573,0.0,0.1444193074855018,0.2533312361046994,0.4531475313760301,0.1683484346972378,0.4806747593428903,0.0,0.7470252146358114,0.2975748260647898,0.0,0.163675612236131,0.0,0.1933912314852524,0.0387748457348858,0.1073907000790424,0.0,0.0037670469729284,0.0,0.0,0.0,0.2170276595569904,0.0,0.2027815949927148,0.0,0.0,0.0,0.0,0.2378620293595568,0.4216099926496466,0.0,0.0,0.0,0.0,0.0,0.0,0.0,0.2190263954659078,0.0,0.0,0.0830954170102936,0.0,0.265334812389865,0.2914435694625444,0.2393743558612132,0.2875558381595179,0.0,0.071368863909944,0.4679560792858606,0.1084433287896575,0.2691641557570499,0.4704233237894537,0.5869169811464031,0.5369606059933487,0.0,0.0,0.1950527654191828,0.0,0.2493832844085131
0.6280993713909718,0.7454634873224075,0.0,0.0,0.4707845769041295,0.5563494197186089,0.3151951086879949,0.0,0.3639871088661715,0.4021930678097202,0.1945251790724077,0.3026412574464789,0.5267393745191251,0.0,0.0,0.204978594162312,0.5180632167356447,0.5045425468327667,0.0,0.2139334114634236,0.0,0.2860267739135855,0.1035410444578359,0.6343229011762984,0.7470252146358114,0.0,0.1173528228758263,0.0,0.3222302071093494,0.0,0.2899855796567425,0.0630242826593053,0.2604893018164074,0.0,0.1680638498204022,0.2729207614730047,0.0,0.0,0.1154086574438602,0.0,0.2578128531867895,0.2007156348532501,0.0,0.0,0.0463445829627558,0.4208783770406593,0.1954813761692282,0.0,0.0,0.0,0.0,0.0,0.0,0.0,0.0752892894026507,0.0,0.1808020304077971,0.0,0.0,0.0471668134617167,0.0148630635424701,0.1356105450664268,0.0778784439958592,0.0,0.0,0.1662821735093831,0.0,0.1517443308186434,0.4399761845452948,0.190510928142636,0.5430814356908072,0.0,0.1128692041985735,0.0431501840529437,0.0,0.2306498019259769
0.1578885595293736,0.0,0.6515295145239035,0.1027735065929459,0.1258584105442256,0.4113657663033975,0.0777717139148589,0.4190771358786367,0.6497885843023387,0.120063670502024,0.4465744566078725,0.0,0.2403387444808621,0.0,0.6939898828291594,0.2331317923764893,0.0,0.1422418279861101,0.5610011464526795,0.6118258151718918,0.6382452296361714,0.4774354619565902,0.677453267959608,0.274375128746281,0.2975748260647898,0.1173528228758263,0.0,0.3281922806811466,0.0,0.0825983974067856,0.1307374938162461,0.3563799160323702,0.0966414765964919,0.2287453763461537,0.0141286550827356,0.0,0.0341156959516766,0.2206093564675834,0.1165859221620218,0.2678351330688227,0.2607974071469842,0.0,0.1814907134616699,0.0,0.0,0.0,0.380245378731379,0.4072346238362997,0.0,0.6802396361044352,0.5448510216342274,0.5847734891475436,0.3127321801245781,0.6162336149663866,0.0,0.3687408023881705,0.0,0.3125386055932958,0.0759224833997957,0.6382988539887795,0.0,0.0,0.0,0.6307363443813152,0.6302463766661454,0.5251059183423548,0.6188112177385767,0.3980704324787587,0.0,0.0,0.4280019945564496,0.8475669744424319,0.1454905350479926,0.1637618893723282,0.0316016744314861,0.2656263849244135
0.0,0.0238858584653578,0.1937038790174241,0.0759014655459153,0.0,0.0263402870625518,0.0,0.2063925028020436,0.0852088153239565,0.1427947266123159,0.0,0.0,0.478364847375209,0.0,0.5072900514289288,0.0,0.2078506638738877,0.0,0.1376805191274964,0.4181427788500581,0.3384759455127672,0.2407957454990585,0.3020963512460793,0.1394992534928381,0.0,0.0,0.3281922806811466,0.0,0.0,0.0,0.2252070677887969,0.266321705537521,0.0613562865710552,0.3430989024344619,0.107779010253261,0.0,0.2394431554729881,0.0895968591949455,0.2617760685747808,0.272451031262322,0.0,0.0,0.0304861332246109,0.0,0.1188070403521205,0.0,0.0,0.2178794474431782,0.0,0.0,0.2848234224125566,0.0,0.2326864381235915,0.3504755778208058,0.3320197500255682,0.0,0.1707557906070008,0.3066708291525057,0.0,0.2942370182220741,0.0,0.0,0.0,0.0,0.2933750149779953,0.3051868487120611,0.5000656628522839,0.0,0.0,0.1013024454625673,0.2318810497491598,0.1645864449548247,0.0458533080798673,0.0,0.0,0.0
0.6197987665142733,0.0,0.0,0.0,0.2578436730880108,0.1457995227495049,0.0,0.0,0.0,0.0,0.0,0.0,0.3686222217422447,0.0,0.0,0.0,0.0,0.0,0.0,0.2938812272459702,0.0,0.0,0.0,0.0,0.163675612236131,0.3222302071093494,0.0,0.0,0.0,0.068629011676246,0.4856487640658092,0.0,0.4199007271621066,0.0,0.5192392644349536,0.5250172523328607,0.0,0.0,0.0,0.2195493442904403,0.1570948073673762,0.354048517346169,0.0,0.0,0.0,0.0,0.0,0.47725062455012,0.0,0.0,0.0,0.0,0.0,0.0,0.0,0.0,0.0,0.0,0.0,0.0,0.0,0.0,0.0,0.0,0.0,0.0,0.0,0.0,0.0,0.0,0.0,0.0,0.0,0.6770807107202068,0.0,0.1886328342900868
0.0,0.0,0.0,0.0,0.0,0.0106517093347572,0.0,0.0,0.2196279953320861,0.0,0.0,0.0,0.0,0.0,0.0,0.0,0.0,0.0,0.0,0.3730943023511128,0.0,0.0881505525789829,0.0,0.0,0.0,0.0,0.0825983974067856,0.0,0.068629011676246,0.0,0.0,0.0,0.0,0.0,0.1113234221121708,0.0,0.0,0.0,0.0,0.0,0.0,0.0,0.0,0.0,0.0,0.0,0.0,0.0,0.0,0.0,0.0,0.0,0.0,0.0,0.0,0.0,0.0,0.0,0.0,0.0,0.0,0.0,0.0,0.0,0.1546551066706012,0.0,0.0,0.1693562613737305,0.0,0.0,0.0,0.1710332645253495,0.0,0.0691355681656137,0.0,0.0
0.5300700876649759,0.1321033300739232,0.0,0.0576980092193346,0.1615271889699134,0.0875493378739206,0.0,0.0,0.0,0.296208180145317,0.0,0.0,0.1247517523027261,0.101540677037528,0.0517912641384754,0.3951441626606307,0.2710360302766791,0.2338334110761288,0.0,0.2527096299473513,0.0,0.1999882110432008,0.0,0.05757334516857,0.1933912314852524,0.2899855796567425,0.1307374938162461,0.2252070677887969,0.4856487640658092,0.0,0.0,0.1245159417899597,0.2673389057884598,0.1767308044683758,0.3321382320144339,0.2164525349396325,0.0405185718041797,0.0109869529503408,0.0818239533614322,0.1953777465371455,0.0,0.0,0.0,0.0,0.0,0.0,0.0,0.0,0.0,0.0,0.0,0.0,0.0,0.0,0.2223962192364862,0.0,0.0,0.0,0.0,0.0,0.3072953921723609,0.0,0.2402079367622852,0.0,0.0596283579644784,0.0,0.1268761765638724,0.0,0.1664534653680779,0.0313509161925671,0.0,0.0,0.0,0.2635395364058428,0.0,0.0742351493057874
0.0,0.0898136136967879,0.3115636961163756,0.0,0.0,0.2335377420132205,0.0557750597217793,0.3588292482485165,0.2029482895395553,0.1427135618894827,0.0679827340273632,0.1617392465134741,0.1167128034035135,0.0,0.3322936587792586,0.2036884853173117,0.196639739545796,0.1850632562790438,0.2477423165688921,0.2027795612485657,0.3991988891968472,0.3453539090977909,0.3920616571447734,0.2917944098430939,0.0387748457348858,0.0630242826593053,0.3563799160323702,0.266321705537521,0.0,0.0,0.1245159417899597,0.0,0.0447799754529971,0.0600364231754862,0.0,0.0,0.2309187506056063,0.2524292491910671,0.26942501001607,0.1725562879504464,0.0,0.0,0.3172275323727515,0.2114125048878903,0.0,0.1083897530163871,0.3919723174588329,0.0723137576400341,0.0,0.2558383653989634,0.4317524486873164,0.3067871767574701,0.3216736847418961,0.3522716303560674,0.0,0.0,0.170046079521904,0.3800909038750456,0.0,0.4230244399680437,0.0542188617376626,0.0605079120987038,0.1806384691949119,0.3557196583102354,0.3318573203756935,0.2813032133380609,0.408551101300644,0.2446168866713168,0.1563479260371106,0.2142900431375964,0.3190678368910541,0.3214974840149492,0.1562083227227773,0.0,0.0,0.0
0.4064210703356511,0.1039277971969305,0.0,0.0,0.1532329625569228,0.3122267209644349,0.0,0.0,0.1497180687098233,0.0,0.018956431458232,0.0,0.3418100095778117,0.0,0.1956723908283254,0.0,0.0,0.0,0.0,0.2973814756360486,0.0,0.1102145594919683,0.1127246446143546,0.0420470549446882,0.1073907000790424,0.2604893018164074,0.0966414765964919,0.0613562865710552,0.4199007271621066,0.0,0.2673389057884598,0.0447799754529971,0.0,0.2123621521999086,0.2815287275348692,0.2814414617824837,0.0,0.1195723613955,0.0858200353330002,0.5816594404790036,0.3276287392492173,0.2170977732021478,0.0,0.0,0.0271081560923537,0.2514362689250643,0.0,0.0,0.0,0.0,0.0,0.0,0.0,0.0,0.147346936412234,0.0,0.0050614654858727,0.0,0.0,0.0,0.0,0.0,0.0,0.0,0.0361066073739563,0.0,0.0,0.0110472416097325,0.0292262199618333,0.0,0.1106367407127994,0.0,0.0,0.0,0.0,0.1963883149268005
0.0,0.0,0.2034622285486631,0.0403844439928083,0.0,0.0,0.0,0.2433459165301222,0.0,0.0414596278098724,0.0,0.0,0.0,0.0,0.3437464622636841,0.1398585093412563,0.0872754340255594,0.0312663086912075,0.0693225650442965,0.0,0.2575304378322061,0.1849912942487052,0.2855387538626467,0.0,0.0,0.0,0.2287453763461537,0.3430989024344619,0.0,0.0,0.1767308044683758,0.0600364231754862,0.2123621521999086,0.0,0.0435727702396049,0.0,0.1246348517980101,0.1107781660991929,0.2735960873507991,0.3242395054996125,0.0,0.0,0.2763616106001038,0.0,0.0927232838537652,0.0,0.1924265558762522,0.0,0.0,0.0,0.3552087698457173,0.4422468237233193,0.1852432311996046,0.2809390809508241,0.1297913989283303,0.0,0.0,0.298936567219753,0.0,0.276320808168904,0.0671531209812162,0.134156837809656,0.1726991489868391,0.0,0.2447639098212832,0.1610077538045831,0.4459477885466137,0.0,0.0,0.0539485209598817,0.0,0.176090137084463,0.0506306040714554,0.0,0.0,0.0
0.338731737960709,0.0,0.0,0.0,0.1022809810068667,0.1769267778007493,0.0,0.0,0.0531915099382586,0.0,0.0,0.0,0.2174831766295284,0.0,0.0,0.0,0.0,0.0,0.0,0.2139776173405148,0.0,0.0,0.0,0.0,0.0037670469729284,0.1680638498204022,0.0141286550827356,0.107779010253261,0.5192392644349536,0.1113234221121708,0.3321382320144339,0.0,0.2815287275348692,0.0435727702396049,0.0,0.3988644314529036,0.0,0.0,0.0,0.170602855858909,0.0242542278250354,0.1454151370960129,0.0,0.0,0.0,0.0,0.0,0.0,0.0,0.0,0.0,0.0,0.0,0.0,0.0,0.0,0.0,0.0,0.0,0.0,0.0,0.0,0.0,0.0,0.0,0.0,0.0,0.0,0.0,0.0,0.0,0.0,0.0,0.1870757335980026,0.0,0.0
0.0,0.0,0.0,0.0,0.3375781845668304,0.3355473772238247,0.0,0.0,0.0,0.0,0.0,0.0,0.1650448619003345,0.7228252734910736,0.0,0.0,0.0,0.0,0.0,0.0250172462199351,0.0,0.0,0.0,0.0,0.0,0.2729207614730047,0.0,0.0,0.5250172523328607,0.0,0.2164525349396325,0.0,0.2814414617824837,0.0,0.3988644314529036,0.0,0.0976064778905158,0.0,0.0,0.1070551149191363,0.0377545465483797,0.2465525520697903,0.0,0.0142378458598269,0.0,0.0,0.0,0.2151464356949746,0.0,0.0,0.0,0.0,0.0,0.0,0.0,0.3725348789358985,0.0904658822838413,0.0,0.0,0.0,0.0,0.0,0.0,0.0,0.0,0.0,0.0,0.0,0.0,0.0,0.0,0.0,0.0,0.1699709745661579,0.0,0.0
0.0,0.0,0.1940278439685215,0.0604691277895279,0.0867191441798866,0.148248205801359,0.0117382854583312,0.3545131522473011,0.0366897691145792,0.2307250928315806,0.0901482316804414,0.3048829952845679,0.1407820527322802,0.0,0.0,0.0,0.0,0.0,0.1827164223957696,0.0132196850619025,0.0,0.0305530569211663,0.3479796563093165,0.2974318770182342,0.0,0.0,0.0341156959516766,0.2394431554729881,0.0,0.0,0.0405185718041797,0.2309187506056063,0.0,0.1246348517980101,0.0,0.0976064778905158,0.0,0.0,0.0760523522658095,0.0,0.0,0.0,0.2584165373370205,0.0,0.0,0.0,0.0,0.0,0.0,0.0,0.0,0.0,0.0,0.0,0.0,0.0,0.0,0.0,0.0,0.0,0.0,0.0,0.0,0.0,0.0,0.0,0.0,0.1461122482045654,0.0,0.0,0.0,0.0,0.0,0.0,0.0,0.0
0.0403338292555266,0.0,0.0,0.0,0.0,0.0,0.0,0.0,0.1697853305996779,0.0,0.1828157570087064,0.0,0.0,0.0,0.0,0.0,0.0807666950086436,0.0,0.2401910017258649,0.0,0.0,0.0,0.2988000760346062,0.1695320274913675,0.0,0.0,0.2206093564675834,0.0895968591949455,0.0,0.0,0.0109869529503408,0.2524292491910671,0.1195723613955,0.1107781660991929,0.0,0.0,0.0,0.0,0.1503560573515756,0.1954283555932963,0.0,0.0,0.0,0.0,0.2538047668973458,0.0,0.0,0.0,0.0,0.0,0.0,0.0,0.0,0.0,0.0481369791260679,0.0,0.0,0.0,0.0,0.0,0.0,0.0,0.0,0.0,0.0,0.0,0.0,0.0,0.1432416164820348,0.2212879414271584,0.2240266479281863,0.0,0.1983632174350122,0.0,0.0,0.0
0.0455485617881361,0.2685422550594216,0.0962679760091859,0.0,0.0,0.0,0.3399413066541746,0.2012307573272106,0.0,0.2385818184300623,0.0,0.2071444046842453,0.0508849013751046,0.0,0.1242781568282317,0.3999122516841845,0.0,0.3259114849677262,0.0,0.0,0.3201366993995682,0.5262316226230954,0.1666753620820074,0.2655974732001732,0.2170276595569904,0.1154086574438602,0.1165859221620218,0.2617760685747808,0.0,0.0,0.0818239533614322,0.26942501001607,0.0858200353330002,0.2735960873507991,0.0,0.0,0.0760523522658095,0.1503560573515756,0.0,0.1677963096800048,0.0284767840353667,0.0,0.1767442489224112,0.1198926908778652,0.1357842202642403,0.0285952400857481,0.3600753108738246,0.0,0.0,0.1492652811879181,0.3447373758877737,0.2693078191817962,0.1765788909671354,0.2368406553510334,0.146094486566165,0.0,0.2019565658250934,0.3951531956668404,0.0,0.3826892853866391,0.243981819854566,0.2178550275883899,0.3128902998424995,0.1091228441199255,0.2263757144534124,0.3103249306993914,0.4511166544678093,0.0700517943227303,0.2773212544152856,0.2414190734331476,0.2432715155824132,0.215282714346794,0.2968190010034003,0.0,0.4791022679787409,0.1714779140650735
0.2576207398070539,0.0,0.0,0.0,0.0,0.0,0.0,0.0,0.0,0.0,0.0,0.0,0.1332780030921324,0.0,0.4905019865857086,0.0,0.0,0.0,0.0,0.4168242373304859,0.1351032147644838,0.1362706583345711,0.3206891746349007,0.0,0.0,0.0,0.2678351330688227,0.272451031262322,0.2195493442904403,0.0,0.1953777465371455,0.1725562879504464,0.5816594404790036,0.3242395054996125,0.170602855858909,0.1070551149191363,0.0,0.1954283555932963,0.1677963096800048,0.0,0.2717245991075683,0.1536443745819304,0.0784614885474467,0.0,0.0721556782579645,0.258369991749406,0.0,0.1364211093894171,0.0,0.1604185752469871,0.1010509238155201,0.1480257215732029,0.1682245676389627,0.0616057184791967,0.2286926114667478,0.1898186425716246,0.0,0.0,0.0,0.0335201164876214,0.0416828880943657,0.046994051068487,0.0,0.2072496449752293,0.3145421134918662,0.0429545399987692,0.2587793933933695,0.0,0.0781004490114832,0.0,0.1762145271811538,0.0386835107122584,0.0,0.2572428416426368,0.0,0.2830458258111652
0.3772454342604346,0.0,0.0617981525480195,0.0,0.0,0.1653258796989216,0.0,0.0,0.3570262803731026,0.0,0.0,0.0,0.1567137127195818,0.0,0.1908739468529044,0.0,0.0,0.0,0.0,0.346472446745554,0.0,0.1227973531000636,0.1731334085870597,0.1121912664446747,0.2027815949927148,0.2578128531867895,0.2607974071469842,0.0,0.1570948073673762,0.0,0.0,0.0,0.3276287392492173,0.0,0.0242542278250354,0.0377545465483797,0.0,0.0,0.0284767840353667,0.2717245991075683,0.0,0.430814891602779,0.0,0.0117008490384653,0.0553833486178971,0.3018546598769069,0.0,0.3387670908024655,0.0,0.0,0.0,0.0,0.0937680641767034,0.0,0.0,0.3588518894239014,0.0,0.0,0.0776938280040206,0.0545930510284448,0.0380944655268616,0.0,0.0,0.0947590518663513,0.1076973495393019,0.0611545720486164,0.0,0.3065550486275313,0.0,0.0,0.2205003187531787,0.1532134246059771,0.0,0.2701190621898721,0.106804122279118,0.6124000874215819
0.0,0.0,0.0,0.0,0.0,0.1235640626287658,0.0,0.0,0.0,0.0,0.0,0.0,0.0462882491108334,0.0,0.0,0.0,0.0,0.0,0.0,0.1124244022824639,0.0,0.0,0.0,0.0,0.0,0.2007156348532501,0.0,0.0,0.354048517346169,0.0,0.0,0.0,0.2170977732021478,0.0,0.1454151370960129,0.2465525520697903,0.0,0.0,0.0,0.1536443745819304,0.430814891602779,0.0,0.0,0.0169426222649989,0.0,0.0787069498500781,0.0,0.2184163223634141,0.0,0.0,0.0,0.0,0.0,0.0,0.0,0.2427965938694612,0.0,0.0,0.0,0.0,0.0,0.0,0.0,0.0,0.0,0.0,0.0,0.0257070271324086,0.0,0.0,0.0,0.0,0.0,0.2607926677234198,0.0,0.3044735774705246
0.0,0.0,0.4306254015327158,0.0,0.0813650509467413,0.0352639409421839,0.2440781491050151,0.4605160941893194,0.1276923460063908,0.0,0.2688465674633547,0.2670147453257561,0.0,0.0,0.2528980634208311,0.0,0.0,0.0,0.3478526501438833,0.0356093819155543,0.0,0.3570193169566953,0.3915522415958773,0.0,0.0,0.0,0.1814907134616699,0.0304861332246109,0.0,0.0,0.0,0.3172275323727515,0.0,0.2763616106001038,0.0,0.0,0.2584165373370205,0.0,0.1767442489224112,0.0784614885474467,0.0,0.0,0.0,0.2479485395313093,0.0,0.0,0.0,0.0,0.1480978820618353,0.3178171013946785,0.4817237949790198,0.370115872541682,0.3377633084426836,0.4468163728834975,0.0,0.0,0.1857335072693849,0.5401804910317223,0.1627909492231839,0.4299168198577663,0.0,0.1065753528173438,0.0,0.3666480067497919,0.3226836396339384,0.30296020182251,0.3979025725721155,0.2976163092509345,0.04438183575815,0.2390036421773361,0.2032071043499927,0.3396611208805726,0.4499862486095063,0.0,0.0,0.0
0.0,0.0,0.0,0.0,0.0,0.0,0.0,0.0,0.0,0.0,0.0,0.0,0.0,0.0,0.0,0.0,0.0,0.0,0.0,0.0,0.0,0.0,0.0,0.0,0.0,0.0,0.0,0.0,0.0,0.0,0.0,0.2114125048878903,0.0,0.0,0.0,0.0142378458598269,0.0,0.0,0.1198926908778652,0.0,0.0117008490384653,0.0169426222649989,0.2479485395313093,0.0,0.0,0.0,0.0,0.0435775694381236,0.1300588652471214,0.0,0.0,0.0,0.0,0.0,0.0,0.0,0.1775020337520957,0.1393916744967806,0.0,0.0,0.0,0.0,0.0,0.0,0.0,0.0,0.0,0.0,0.0,0.0,0.0,0.0,0.2871633008403813,0.0188455792231817,0.0,0.0754963828901744
0.0,0.0,0.0,0.0,0.0,0.0,0.0,0.0,0.0,0.0140443686126855,0.0,0.0,0.0,0.0,0.0,0.0,0.0,0.0,0.0,0.0,0.0,0.0,0.0,0.1395300529619799,0.0,0.0463445829627558,0.0,0.1188070403521205,0.0,0.0,0.0,0.0,0.0271081560923537,0.0927232838537652,0.0,0.0,0.0,0.2538047668973458,0.1357842202642403,0.0721556782579645,0.0553833486178971,0.0,0.0,0.0,0.0,0.0654597522031043,0.0,0.0,0.0,0.1024550109152269,0.0708147062909517,0.2117862489681594,0.0,0.0653540735326473,0.165450489885661,0.0,0.0400526695599976,0.1209638207464149,0.0,0.0,0.0,0.2025794611250735,0.2653231398336225,0.0,0.0,0.0,0.0,0.0,0.194394252261276,0.0602630223293645,0.0,0.0,0.0414145541092475,0.0,0.0,0.0698993673139437
0.8124902515707715,0.1019139732037011,0.0,0.0,0.0,0.0,0.0,0.0,0.0,0.0767959247250462,0.0,0.0,0.0,0.0,0.0,0.3883891560240771,0.0,0.0770785096294924,0.0,0.0,0.1125654854442615,0.4350205075296885,0.0,0.1994534354508666,0.2378620293595568,0.4208783770406593,0.0,0.0,0.0,0.0,0.0,0.1083897530163871,0.2514362689250643,0.0,0.0,0.0,0.0,0.0,0.0285952400857481,0.258369991749406,0.3018546598769069,0.0787069498500781,0.0,0.0,0.0654597522031043,0.0,0.0,0.0,0.0,0.0,0.0,0.0,0.0,0.0,0.0,0.0,0.0,0.0,0.0,0.2390082850563534,0.3435571643681561,0.0,0.1447454384542132,0.0,0.4002146334925533,0.1927064823526466,0.2962389515121209,0.0,0.1097017970760979,0.0778302882344287,0.309583870254535,0.2892291696182605,0.1358208876720746,0.454091839370589,0.0,0.583475151654127
0.0,0.3980417782693765,0.0,0.0,0.0,0.1601798617419726,0.0,0.0,0.0,0.0,0.0,0.0,0.0,0.0,0.3114335258506192,0.3750139683600305,0.0,0.5068555597899075,0.0,0.0106890499266274,0.754430827271486,0.5917179445379398,0.5754929863643641,0.0,0.4216099926496466,0.1954813761692282,0.380245378731379,0.0,0.0,0.0,0.0,0.3919723174588329,0.0,0.1924265558762522,0.0,0.0,0.0,0.0,0.3600753108738246,0.0,0.0,0.0,0.0,0.0,0.0,0.0,0.0,0.0,0.0,0.0,0.8134682942039444,0.5958790959202724,0.5843278708445538,0.6624619976282787,0.2690960220248189,0.0,0.0,0.8177282081002519,0.0,0.7441950507105529,0.4197658713456532,0.4757343313401945,0.6798693529865143,0.0,0.3436691417002994,0.8077087977199581,0.6333662599975758,0.5755354446499262,0.0,0.8585118701249372,0.7638880479186597,0.6180954997778677,0.6556313625638163,0.0,0.0,0.0
0.0,0.0,0.0931756702144211,0.0,0.248102069657146,0.4297802215489406,0.0,0.0,0.6620992001071523,0.0,0.3722472764478338,0.0,0.5200979710905708,0.3115405818212978,0.0,0.0,0.0,0.0,0.2611489625907499,0.0,0.0,0.0,0.1341868519971323,0.0,0.0,0.0,0.4072346238362997,0.2178794474431782,0.47725062455012,0.0,0.0,0.0723137576400341,0.0,0.0,0.0,0.2151464356949746,0.0,0.0,0.0,0.1364211093894171,0.3387670908024655,0.2184163223634141,0.0,0.0435775694381236,0.0,0.0,0.0,0.0,0.0210582888678068,0.02752339718881,0.0,0.0,0.1301574093112065,0.1067802854828529,0.26084481358419,0.7881351794879832,0.0050420217153991,0.0,0.0584897261308211,0.0,0.0,0.0,0.0,0.2966305803391723,0.0,0.0750307089854221,0.0,0.3077791086953822,0.0,0.0042720331055655,0.330810309411016,0.1832915084373165,0.0,0.3639042547383566,0.0,0.2179508573757638
0.0,0.0,0.0,0.0,0.0,0.0,0.0,0.0,0.0,0.0,0.0,0.0,0.0,0.0,0.0,0.0,0.0,0.0,0.0,0.0,0.0,0.0,0.0,0.0,0.0,0.0,0.0,0.0,0.0,0.0,0.0,0.0,0.0,0.0,0.0,0.0,0.0,0.0,0.0,0.0,0.0,0.0,0.1480978820618353,0.1300588652471214,0.0,0.0,0.0,0.0210582888678068,0.0,0.3903041132859079,0.2304282491825953,0.4298245696643668,0.1563936892050034,0.2255756266526308,0.0,0.1567832092090263,0.0,0.3319885348565919,0.266649387190672,0.0,0.0,0.0,0.0,0.2175034554117488,0.0,0.0,0.0,0.0,0.0,0.0,0.0,0.1608059695926574,0.0528991500056985,0.0,0.0,0.0
0.0,0.0,0.6507986685266226,0.0,0.0,0.0994767085162641,0.0,0.6118853165321402,0.3439874358645854,0.0,0.3616412269066409,0.0,0.0,0.0,0.0,0.0,0.0,0.0,0.4247506608761668,0.0,0.0,0.0,0.7296018861047369,0.0,0.0,0.0,0.6802396361044352,0.0,0.0,0.0,0.0,0.2558383653989634,0.0,0.0,0.0,0.0,0.0,0.0,0.1492652811879181,0.1604185752469871,0.0,0.0,0.3178171013946785,0.0,0.1024550109152269,0.0,0.0,0.02752339718881,0.3903041132859079,0.0,0.7408444284514948,0.8453205772257725,0.4013938113818157,0.7949199422760429,0.3778457080077578,0.2155255399535379,0.0,0.5489819577225186,0.1254209975455449,0.0,0.0,0.0,0.0,0.5772504101747901,0.0,0.0,0.0,0.2377089374492162,0.0,0.0,0.0,0.6772702964567135,0.1724565553290899,0.0,0.0,0.0
