0.0,0.1811163011925069,0.0,0.0,0.0,0.0971473791230467,0.0,0.0,0.0,0.0512377307459668,0.0,0.0,0.0,0.2409267392068068,0.0,0.2318289028313094,0.0,0.0683866027788975,0.0,0.3022732920240731,0.0,0.2141335463782927,0.0,0.1450270139215539,0.2949739434673444,0.4101373156053181,0.103098319978829,0.0,0.4047171735751004,0.0,0.3461259997062843,0.0,0.2653854698560842,0.0,0.2211855831185857,0.0,0.0,0.0263372472771475,0.0297423715296805,0.1682215959470389,0.2463343171149703,0.0,0.0,0.0,0.0,0.5305411626137406,0.0,0.0,0.0,0.0,0.0,0.0,0.0,0.0,0.0,0.0,0.0,0.0,0.0,0.0,0.1092500596711934,0.0,0.0,0.0,0.0,0.0,0.0,0.0,0.1357678284896053,0.0,0.1271805741728278,0.0,0.0,0.0,0.0,0.331326151139982
0.1811163011925069,0.0,0.0,0.0,0.2449987509530187,0.2275761139404009,0.4030114651507625,0.0928482555127739,0.0667712717824557,0.0,0.0,0.0,0.2892214352913816,0.0,0.0,0.2577173173590081,0.0,0.4781450893104521,0.0,0.0,0.1332416248341208,0.2876705834572283,0.0575767205226752,0.0,0.4800756431525538,0.486773920653833,0.0,0.0155970254359838,0.0,0.0,0.0862610402857998,0.0586466347591429,0.0678629365043425,0.0,0.0,0.0,0.0,0.0,0.1753531441573625,0.0,0.0,0.0,0.0,0.0,0.0,0.0665479465452608,0.2599139465410328,0.0,0.0,0.0,0.0873422241665281,0.0,0.0,0.0,0.0,0.0,0.0,0.0,0.0,0.1162014975708985,0.0572037848946306,0.0,0.2248362619876493,0.0,0.0,0.2167638518840427,0.0454189509838581,0.0682593157711933,0.0,0.2796345182830506,0.2766270127180464,0.0522649719380329,0.0,0.0,0.0,0.0401423934380401
0.0,0.0,0.0,0.1546533965385876,0.0702252230859104,0.1034445563967214,0.1942028601533122,0.4858126380999176,0.4348840152119702,0.1331848463353591,0.4233601943082777,0.0,0.0413305696118944,0.0,0.0,0.0,0.0,0.0,0.5059534654193364,0.0,0.0,0.0,0.4546144788073998,0.0,0.0,0.0,0.4254367673266403,0.1264850636398608,0.0,0.05350665760685,0.0,0.2034453524165366,0.0,0.1328570860678048,0.0,0.0,0.1266966067832635,0.0,0.0628612144153663,0.0,0.0,0.0,0.281190452117413,0.0,0.0,0.0,0.0,0.0608419957129388,0.0,0.4249595383576288,0.4749590718469734,0.4220184651167619,0.2836971707264751,0.5952680971655708,0.0,0.0642174377503733,0.0,0.3980989355339988,0.0,0.0,0.0,0.0,0.0,0.4991708933178889,0.0,0.0,0.0,0.2643711964876998,0.0,0.0,0.0,0.4935531496003814,0.0,0.0,0.0,0.0
0.0,0.0,0.1546533965385876,0.0,0.0,0.0302105981216936,0.258439430908174,0.1082602883097874,0.0602862678848195,0.1626801853122247,0.0575714693344034,0.1202921091912378,0.0782042935743608,0.0,0.0,0.0,0.0,0.0,0.0366940167821742,0.0452946990801339,0.0,0.229619708074166,0.0445148318568136,0.0,0.0,0.0,0.0671092060099173,0.0495622583741352,0.0,0.0,0.0376757368258193,0.0,0.0,0.0263702977679206,0.0,0.0,0.0394852261890807,0.0,0.0,0.0,0.0,0.0,0.0,0.0,0.0,0.0,0.0,0.0,0.0,0.0,0.0,0.0,0.0,0.0,0.0,0.0,0.0,0.0,0.0,0.0,0.0,0.0,0.0,0.0,0.0,0.0,0.0,0.0,0.0,0.0,0.0,0.0,0.0,0.0,0.0,0.0
0.0,0.2449987509530187,0.0702252230859104,0.0,0.0,0.2886615393093608,0.2219679383628847,0.0,0.2627751840143667,0.13952482129515,0.3159951158952298,0.0490930852828872,0.206247996149473,0.3525370169268146,0.0,0.0752453518588582,0.0,0.0,0.1540794579713123,0.0632453128907245,0.0,0.0212857700144525,0.030089174211464,0.0,0.2954155257830015,0.3074136536265613,0.0821832229073024,0.0,0.1683671672715385,0.0,0.1054742779549062,0.0,0.1000583009439545,0.0,0.0667875958779184,0.2204323340087752,0.056626003186031,0.0,0.0,0.0,0.0,0.0,0.0531298789640312,0.0,0.0,0.0,0.0,0.1620060797385605,0.0,0.0,0.0,0.0,0.0,0.0424509521661585,0.0,0.2116995567944774,0.0,0.0,0.0,0.0,0.0,0.0,0.0,0.0222322559051188,0.0,0.0,0.0,0.1047829110583151,0.0,0.0,0.0,0.0159872971077161,0.0,0.0,0.0,0.0
0.0971473791230467,0.2275761139404009,0.1034445563967214,0.0302105981216936,0.2886615393093608,0.0,0.0040641176334766,0.2087778604593416,0.3312131559782361,0.114003476423838,0.1639263608962189,0.1876073970055269,0.3586736486363803,0.2984941766785052,0.1313826090415324,0.0,0.0,0.1213676415249826,0.0665640807645075,0.1443399061984983,0.1082630524978955,0.0,0.2969419127760671,0.0,0.2889223444584142,0.3632859192911564,0.2686142652076935,0.0171997220824854,0.0952044017248286,0.0069553699178057,0.057168104370354,0.1524958421622237,0.2038782954248387,0.0,0.1155299256950362,0.2191062542352398,0.0968033466360958,0.0,0.0,0.0,0.1079547530029228,0.0806850559961854,0.0230267036307683,0.0,0.0,0.0,0.0,0.2806385651620396,0.0,0.0649564576155532,0.1777085893058716,0.0,0.295077621780469,0.0565310414044516,0.0,0.340404924342893,0.0,0.0,0.0,0.0347150362812462,0.0,0.0,0.0,0.0601850727401509,0.0,0.0826009555028459,0.0,0.2856556850909571,0.0,0.0,0.2639397658322227,0.0797227828661967,0.0,0.0,0.0,0.0
0.0,0.4030114651507625,0.1942028601533122,0.258439430908174,0.2219679383628847,0.0040641176334766,0.0,0.0789268566098143,0.0123315205925961,0.4564016181360951,0.130172924687832,0.2632604995409827,0.1135483257553377,0.0,0.0,0.407359301412654,0.3739233494495532,0.5099659453503309,0.2094903029533197,0.0,0.0,0.3832633342919578,0.0,0.1447203651905165,0.3396357609070747,0.2058165979101931,0.0507834960962094,0.0,0.0,0.0,0.0,0.0364200862378791,0.0,0.0,0.0,0.0,0.0076648841042895,0.0,0.0,0.0,0.0,0.0,0.1593785337663281,0.0,0.0,0.0,0.0,0.0,0.0,0.0,0.1416687036500521,0.0,0.0,0.0,0.0,0.0,0.0,0.0,0.0,0.0,0.0,0.0,0.0,0.0,0.0,0.0,0.0,0.1244439618201792,0.0,0.0,0.0,0.203983212133807,0.0,0.0,0.0,0.0
0.0,0.0928482555127739,0.4858126380999176,0.1082602883097874,0.0,0.2087778604593416,0.0789268566098143,0.0,0.2291328195305294,0.0816174404092167,0.2563886475059423,0.0,0.0299093291814628,0.0,0.3413401717876775,0.0,0.0,0.0885942310858146,0.3091355198525282,0.0,0.4784855442898574,0.1672022472129156,0.5520110729655963,0.3234822238134255,0.0444118004248737,0.0,0.2736496474438277,0.1347705011594444,0.0,0.0,0.0,0.2343088870020739,0.0,0.1589003993876863,0.0,0.0,0.2314905558454718,0.0,0.1313999764792531,0.0,0.0,0.0,0.3007085236299094,0.0,0.0,0.0,0.0,0.0,0.0,0.3995498365569763,0.5631082137878973,0.3866266511304118,0.4755743773211134,0.5042950788512576,0.0,0.0,0.0,0.3988288272007847,0.0606684247318901,0.397598746359941,0.0,0.0,0.0,0.3365065600285451,0.2601203549913209,0.3783691984512981,0.3396141355712038,0.3554921424720876,0.0,0.0,0.0,0.360396203030075,0.1999937182739169,0.0,0.0,0.0
0.0,0.0667712717824557,0.4348840152119702,0.0602862678848195,0.2627751840143667,0.3312131559782361,0.0123315205925961,0.2291328195305294,0.0,0.0,0.4888944528761798,0.0,0.17754043263682,0.1066495691311892,0.0,0.0,0.0,0.0,0.4026572272223353,0.3008644593064985,0.0,0.1132721243224537,0.3303804865532246,0.0,0.2321473397496744,0.2376768749421137,0.4242999719718742,0.0556397862737602,0.0,0.1434130338927034,0.0,0.1325214933651508,0.0977631400303327,0.0,0.034733075836007,0.0,0.023957743153775,0.1108666922673413,0.0,0.0,0.0,0.0,0.0833807489703839,0.0,0.0,0.0,0.0,0.432338577246153,0.0,0.224617457003692,0.1727810866735795,0.0914006398671749,0.221772800980856,0.3497797551649518,0.0,0.3974200468488979,0.0,0.0305562256081919,0.0501495995062684,0.0,0.0,0.0,0.0,0.3694467476119906,0.0,0.0,0.0,0.326483844536507,0.0,0.0,0.0,0.3361631841065541,0.0,0.0,0.0,0.0
0.0512377307459668,0.0,0.1331848463353591,0.1626801853122247,0.13952482129515,0.114003476423838,0.4564016181360951,0.0816174404092167,0.0,0.0,0.0,0.3317309069090404,0.1529223337622164,0.0,0.0,0.3427420826451727,0.4667321618125433,0.4997862765715121,0.1249230311315251,0.0,0.2137963009193071,0.2818302347510907,0.0095986538555192,0.2091154196464748,0.3268219810910178,0.2626246621155548,0.0783993644387356,0.0932423252162681,0.0,0.0,0.1934184834417158,0.0931893261478707,0.0,0.0270723729881782,0.0,0.0,0.1506592340749674,0.0,0.1557895311158206,0.0,0.0,0.0,0.0,0.0,0.0091707139101608,0.0501463237360139,0.0,0.0,0.0,0.0,0.0,0.0,0.0,0.0,0.1147844612882934,0.0,0.1517176736792733,0.2486047417576641,0.0,0.0,0.2283513306542139,0.170642765300153,0.3096662882666676,0.0,0.0,0.0,0.0,0.0,0.1631546160673477,0.3352263059211832,0.1660848478033041,0.0,0.2133081153272298,0.0,0.0,0.0
0.0,0.0,0.4233601943082777,0.0575714693344034,0.3159951158952298,0.1639263608962189,0.130172924687832,0.2563886475059423,0.4888944528761798,0.0,0.0,0.0342446074900961,0.1040453455100588,0.1005277964017032,0.0,0.0,0.0,0.0,0.4562010351705122,0.0,0.0,0.0,0.2834522275651874,0.1655348188282283,0.0,0.0,0.2916048911901349,0.0,0.0,0.0,0.0,0.0443914726100518,0.0123782004343003,0.0,0.0,0.0,0.0588651341365026,0.1193753206023073,0.0,0.0,0.0,0.0,0.175551854549602,0.0,0.0,0.0,0.0,0.2430706121638061,0.0,0.2361450572498303,0.1729443900678497,0.1156739399299212,0.1549514790875212,0.3749126192773431,0.0,0.2662242836044977,0.0,0.073037685802694,0.0350774198878059,0.0,0.0,0.0,0.0,0.3649047500882731,0.0,0.0,0.0,0.2709574432672166,0.0,0.0,0.0,0.3082085219422163,0.0,0.0,0.0,0.0
0.0,0.0,0.0,0.1202921091912378,0.0490930852828872,0.1876073970055269,0.2632604995409827,0.0,0.0,0.3317309069090404,0.0342446074900961,0.0,0.1262437906789719,0.0,0.0,0.0,0.3530957861370849,0.2182052323030386,0.0,0.0,0.1108385367684076,0.0,0.0884335340196135,0.3184868574054646,0.018172514437608,0.1976191643778183,0.0,0.0,0.0,0.0,0.0,0.105612747623292,0.0,0.0,0.0,0.0,0.199082977877852,0.0,0.1352614792333148,0.0,0.0,0.0,0.0,0.0,0.0,0.0,0.0,0.0,0.0,0.0,0.0,0.0,0.0,0.0,0.0,0.0,0.4436942475405366,0.0,0.0,0.0,0.0,0.2176005959011649,0.0595869075924298,0.0,0.0,0.0,0.0,0.0,0.1396807424492104,0.0955264404250173,0.1348679039164631,0.0,0.1609867019504133,0.0,0.0,0.0
0.0,0.2892214352913816,0.0413305696118944,0.0782042935743608,0.206247996149473,0.3586736486363803,0.1135483257553377,0.0299093291814628,0.17754043263682,0.1529223337622164,0.1040453455100588,0.1262437906789719,0.0,0.1428421709415723,0.1406692105950062,0.0,0.2463517338811429,0.09831528799572,0.0673740423376385,0.2415844253268835,0.0387474601344417,0.0401151631213247,0.1292620014162148,0.1880917482584292,0.2201886735138838,0.3439511053967017,0.1569367714523239,0.3123634305634269,0.2407035182395116,0.0,0.081460595467864,0.0762113099694408,0.223195637761606,0.0,0.1420125068022543,0.1077712535587273,0.0919280862599088,0.0,0.0332269029478713,0.0,0.1023311666607984,0.0,0.0,0.0,0.0,0.0,0.0,0.339614391338213,0.0,0.0,0.0,0.0,0.0918157835079949,0.0,0.0,0.0,0.0,0.0,0.0,0.0,0.0,0.0,0.0,0.0,0.0246081714722582,0.0,0.0,0.033837308969762,0.0,0.0,0.0,0.0,0.0,0.0269079112017892,0.0,0.0
0.2409267392068068,0.0,0.0,0.0,0.3525370169268146,0.2984941766785052,0.0,0.0,0.1066495691311892,0.0,0.1005277964017032,0.0,0.1428421709415723,0.0,0.0,0.0,0.0,0.0,0.0,0.0,0.0,0.0,0.0,0.0,0.0,0.0,0.0,0.0,0.0,0.0,0.0663041910274341,0.0,0.0,0.0,0.0,0.4719915841736665,0.0,0.0,0.0,0.0,0.0,0.0,0.0,0.0,0.0,0.0,0.0,0.2034302592077752,0.0,0.0,0.0,0.0,0.0,0.0,0.0,0.3042865118354806,0.0,0.0,0.0,0.0,0.0,0.0,0.0,0.0,0.0,0.0,0.0,0.0715102846010286,0.0,0.0,0.0,0.0,0.0,0.0,0.0,0.0
0.0,0.0,0.0,0.0,0.0,0.1313826090415324,0.0,0.3413401717876775,0.0,0.0,0.0,0.0,0.1406692105950062,0.0,0.0,0.0,0.0,0.0,0.0,0.3384854838392294,0.4021536246957869,0.1682145737187736,0.4849747876243617,0.0950385892829991,0.0,0.0,0.4531626054177769,0.3312510558091847,0.0,0.0,0.0338187411309127,0.2169816360468238,0.1277704655788445,0.2244601056826956,0.0,0.0,0.0,0.0,0.0811513463499071,0.3202887588182514,0.1246371700832554,0.0,0.1651377752910358,0.0,0.0,0.1004219235903698,0.2033603536316298,0.0,0.0,0.0,0.3895922048742578,0.0,0.2767733390641396,0.0,0.0,0.0,0.0,0.0,0.0,0.339908863578941,0.0853316345064692,0.0,0.0,0.0,0.3878176507977422,0.2622848459078056,0.4196187179492684,0.1843335615722447,0.0,0.1165686668193048,0.2046445284134879,0.3625312617265977,0.0449559704863984,0.0,0.0,0.1070234582602373
0.2318289028313094,0.2577173173590081,0.0,0.0,0.0752453518588582,0.0,0.407359301412654,0.0,0.0,0.3427420826451727,0.0,0.0,0.0,0.0,0.0,0.0,0.2836568136327296,0.4945337969096925,0.0,0.0,0.285333672454171,0.5108354152339218,0.0,0.0899790209366277,0.3144469433482901,0.1338472448716273,0.1522307645298243,0.0,0.0,0.0,0.2580218569425426,0.1330048275685255,0.0,0.0913250294435953,0.0,0.0,0.0,0.0,0.2611353312139095,0.0,0.0,0.0,0.0,0.0,0.0,0.2536109620825831,0.2448772110009652,0.0,0.0,0.0,0.0,0.0,0.0,0.0,0.0,0.0,0.0,0.0,0.0,0.3250142132385491,0.3795974176383048,0.0,0.3412237231852392,0.0,0.1807018746153803,0.2869564087356696,0.3038053533962921,0.0,0.0,0.309599283081218,0.0711404067039337,0.2843860646045083,0.0,0.0,0.0,0.2426729492999837
0.0,0.0,0.0,0.0,0.0,0.0,0.3739233494495532,0.0,0.0,0.4667321618125433,0.0,0.3530957861370849,0.2463517338811429,0.0,0.0,0.2836568136327296,0.0,0.5075259727557169,0.0,0.0,0.0,0.2724202528196864,0.0,0.3594991992951357,0.262043891452377,0.3382857342386245,0.0,0.1357226534699966,0.0,0.0,0.17698153342173,0.1284021264661321,0.0,0.056989250204568,0.0,0.0,0.0,0.0527391635622876,0.1807081100860639,0.0,0.0,0.0,0.0,0.0,0.0,0.0,0.0,0.0,0.0,0.0,0.0,0.0,0.0,0.0,0.0123737442534894,0.0,0.2180092369986184,0.0,0.0,0.0,0.0,0.1557957247537671,0.3082905671427081,0.0,0.0,0.0,0.0,0.0,0.2492094231774582,0.2297630733031145,0.2347941029481753,0.0,0.0,0.0,0.0,0.0
0.0683866027788975,0.4781450893104521,0.0,0.0,0.0,0.1213676415249826,0.5099659453503309,0.0885942310858146,0.0,0.4997862765715121,0.0,0.2182052323030386,0.09831528799572,0.0,0.0,0.4945337969096925,0.5075259727557169,0.0,0.0,0.0,0.2406595993023605,0.3873950671280028,0.0,0.2709257304610288,0.4539247134458045,0.3294569859358337,0.0928812926015534,0.0,0.0,0.0,0.1526889086120439,0.1208428962114338,0.0,0.0204163234347783,0.0,0.0,0.0,0.0,0.2128141941514568,0.0,0.0,0.0,0.0,0.0,0.0,0.0503308464714586,0.33096734077523,0.0,0.0,0.0,0.0,0.0,0.0,0.0,0.0465848878315363,0.0,0.0840051731183326,0.0,0.0,0.0,0.2308735974742917,0.1872606143018114,0.335838840743295,0.0,0.0,0.0,0.1452958230922497,0.0,0.2086661885296744,0.3674319540214669,0.1999595372645748,0.0,0.0,0.0,0.0,0.05573361832933
0.0,0.0,0.5059534654193364,0.0366940167821742,0.1540794579713123,0.0665640807645075,0.2094903029533197,0.3091355198525282,0.4026572272223353,0.1249230311315251,0.4562010351705122,0.0,0.0673740423376385,0.0,0.0,0.0,0.0,0.0,0.0,0.0,0.0,0.0,0.3237004439081789,0.0,0.0,0.0,0.3663234111316851,0.0899028419675786,0.0,0.0,0.0,0.1617711676010584,0.0,0.0452663575752012,0.0,0.0,0.1193104569304868,0.156840298155749,0.0,0.0,0.0,0.0,0.2271413707042262,0.0,0.0,0.0,0.0,0.1705254604106476,0.0,0.2773543547218393,0.3521552678368134,0.2715281474336975,0.2467805599463875,0.4564532737469156,0.0,0.079623811571797,0.0,0.0,0.0367503656848614,0.0,0.0,0.0,0.0,0.543357827510036,0.0,0.0,0.0,0.3277883779530177,0.0,0.0,0.0,0.4577993320901238,0.0,0.0,0.0,0.0
0.3022732920240731,0.0,0.0,0.0452946990801339,0.0632453128907245,0.1443399061984983,0.0,0.0,0.3008644593064985,0.0,0.0,0.0,0.2415844253268835,0.0,0.3384854838392294,0.0,0.0,0.0,0.0,0.0,0.1518779488069689,0.3409455291126065,0.1773952908731333,0.0,0.0943031465904984,0.1396945755598916,0.3995109832651586,0.2730395295214525,0.1918990260769288,0.2436237044706009,0.1650147317050949,0.1324113169002709,0.1941846237769861,0.0,0.1397234411830557,0.0163358007917741,0.0086322107478459,0.0,0.0,0.2721785462057808,0.2262401233179622,0.0734110630592567,0.0,0.0,0.0,0.0,0.0069797526362262,0.0,0.0,0.0,0.0271762307927773,0.0,0.0938599568700632,0.0,0.0,0.0,0.0,0.0,0.0,0.2289724064732621,0.0,0.0,0.0,0.0,0.3836722793658476,0.1498479924828528,0.2368389865753292,0.1745019624604531,0.0,0.0,0.2160126056021573,0.2795893024939179,0.0,0.1818684092414356,0.0,0.2203962184236283
0.0,0.1332416248341208,0.0,0.0,0.0,0.1082630524978955,0.0,0.4784855442898574,0.0,0.2137963009193071,0.0,0.1108385367684076,0.0387474601344417,0.0,0.4021536246957869,0.285333672454171,0.0,0.2406595993023605,0.0,0.1518779488069689,0.0,0.4101052391808983,0.4740993832346146,0.2544449322252025,0.1654206290715799,0.0,0.4167623740829009,0.2210185553635369,0.0,0.0,0.0,0.2606695186547246,0.0,0.1681626304214471,0.0,0.0,0.0,0.0,0.2090433655867417,0.0882199097102147,0.0,0.0,0.0,0.0,0.0,0.0735031877641878,0.4926294284004664,0.0,0.0,0.0,0.5599153240376782,0.0,0.3213277816261499,0.0,0.0,0.0,0.0,0.0,0.0,0.5675257633631554,0.2270181051595143,0.0,0.0,0.0,0.407229849181385,0.5293802848786201,0.5397690745602487,0.2839506079836413,0.0,0.3989898505881615,0.3259634508155072,0.5088307808853153,0.3549120538924151,0.0,0.0,0.1019043294162307
0.2141335463782927,0.2876705834572283,0.0,0.229619708074166,0.0212857700144525,0.0,0.3832633342919578,0.1672022472129156,0.1132721243224537,0.2818302347510907,0.0,0.0,0.0401151631213247,0.0,0.1682145737187736,0.5108354152339218,0.2724202528196864,0.3873950671280028,0.0,0.3409455291126065,0.4101052391808983,0.0,0.180759585239201,0.0,0.2958969878924688,0.1867702127839661,0.3117565590107443,0.1572351846961023,0.0,0.0575606864942472,0.1305886166520484,0.2255097388451342,0.0719680764375754,0.1207959063316586,0.0,0.0,0.0199505831719477,0.0,0.3436195527648787,0.0889822288491369,0.0801844088020088,0.0,0.0,0.0,0.0,0.2840603753453368,0.386380914266547,0.0,0.0,0.0,0.2948359344996295,0.0,0.0,0.0,0.0,0.0,0.0,0.0,0.0,0.4971557532539865,0.3455905691282706,0.0,0.3081113658384297,0.0,0.4146036892962702,0.3976009650507622,0.4837543073145791,0.2028137382392785,0.0,0.3470813790926967,0.3059634805347095,0.4159523492669568,0.4152821276863886,0.0744780917073686,0.0,0.2892918661582712
0.0,0.0575767205226752,0.4546144788073998,0.0445148318568136,0.030089174211464,0.2969419127760671,0.0,0.5520110729655963,0.3303804865532246,0.0095986538555192,0.2834522275651874,0.0884335340196135,0.1292620014162148,0.0,0.4849747876243617,0.0,0.0,0.0,0.3237004439081789,0.1773952908731333,0.4740993832346146,0.180759585239201,0.0,0.2856641043474517,0.1099284257205591,0.0676103940923609,0.4423645006262104,0.1972633506698796,0.0,0.0,0.0,0.2560090376416531,0.0736071157694514,0.186451544683391,0.0,0.0,0.2272243033899264,0.195110943696862,0.1088359401323252,0.2094041217350178,0.1130529254984636,0.0,0.2556763986751642,0.0,0.0,0.0,0.3757863155545914,0.0876215417088427,0.0,0.4764165873385477,0.5548667957594124,0.39804598089771,0.4879610156327724,0.4752779637371246,0.0,0.1718338737419512,0.0,0.3026593366431315,0.1519285760918133,0.3915220718584301,0.0,0.0,0.0,0.3871846456741384,0.3449015455461192,0.3600490390854943,0.3648137209470776,0.4415733538536263,0.0,0.0,0.3451104333350739,0.4310927150141467,0.0764501963713927,0.0,0.0661030130043982,0.0
0.1450270139215539,0.0,0.0,0.0,0.0,0.0,0.1447203651905165,0.3234822238134255,0.0,0.2091154196464748,0.1655348188282283,0.3184868574054646,0.1880917482584292,0.0,0.0950385892829991,0.0899790209366277,0.3594991992951357,0.2709257304610288,0.0,0.0,0.2544449322252025,0.0,0.2856641043474517,0.0,0.3138717605138476,0.4142011658748876,0.1791619031932066,0.0910904419945433,0.0,0.0,0.0375943334978397,0.1905363727663886,0.0274559520827624,0.0,0.0,0.0,0.1942175349508129,0.110701290005201,0.173430255866421,-0.0018898457328697,0.0732588296531469,0.0,0.0,0.0,0.0911105534803547,0.1302394180445009,0.284052689945871,0.0,0.0,0.0,0.0,0.0,0.0,0.0,0.0951655605557505,0.0,0.2467883561364724,0.0,0.0,0.0,0.0,0.2176332561121815,0.1914083817706952,0.0,0.0,0.0,0.0,0.0,0.4534816804847436,0.2423762285137307,0.4057507397902886,0.0,0.2538684142919191,0.0,0.0,0.0907322658144161
0.2949739434673444,0.4800756431525538,0.0,0.0,0.2954155257830015,0.2889223444584142,0.3396357609070747,0.0444118004248737,0.2321473397496744,0.3268219810910178,0.0,0.018172514437608,0.2201886735138838,0.0,0.0,0.3144469433482901,0.262043891452377,0.4539247134458045,0.0,0.0943031465904984,0.1654206290715799,0.2958969878924688,0.1099284257205591,0.3138717605138476,0.0,0.4877936998117209,0.1943108780441085,0.0,0.1068771587590044,0.0,0.1262809105624718,0.0253192597653744,0.0701241482758589,0.0,0.0024598122583923,0.0,0.0,0.0,0.1417150625476463,0.0,0.1324126448977247,-0.0016887856763096,0.0,0.0,0.0544538754436051,0.1553195221162487,0.2753035562426443,0.0,0.0,0.0,0.0,0.0,0.0,0.0,0.1430202002656987,0.0,0.0,0.0,0.0,0.1732587431973095,0.190307280462784,0.1563070434543685,0.1877686635606736,0.0,0.0466025530275613,0.3055666968022235,0.0708114954272255,0.0,0.3071777619994466,0.3832459736386593,0.3506253812039438,0.0,0.0,0.1273658616044387,0.0,0.1628426893624102
0.4101373156053181,0.486773920653833,0.0,0.0,0.3074136536265613,0.3632859192911564,0.2058165979101931,0.0,0.2376768749421137,0.2626246621155548,0.0,0.1976191643778183,0.3439511053967017,0.0,0.0,0.1338472448716273,0.3382857342386245,0.3294569859358337,0.0,0.1396945755598916,0.0,0.1867702127839661,0.0676103940923609,0.4142011658748876,0.4877936998117209,0.0,0.0766292308912977,0.0,0.2104103875444093,0.0,0.1893552399858014,0.0411536952355081,0.1700947140804932,0.0,0.1097425970399974,0.1782122281632113,0.0,0.0,0.0753597266891308,0.0,0.1683470424439557,0.1310636109958579,0.0,0.0,0.030262158688519,0.2748258247313701,0.1276457365262586,0.0,0.0,0.0,0.0,0.0,0.0,0.0,0.0491625186330809,0.0,0.1180603942386159,0.0,0.0,0.0307990600531961,0.0097053066133152,0.0885511870488679,0.0508531888724,0.0,0.0,0.108579195239641,0.0,0.0990862518496994,0.2872963411188522,0.1244001255547531,0.3546221702085777,0.0,0.0,0.0281762750632234,0.0,0.1506100705009848
0.103098319978829,0.0,0.4254367673266403,0.0671092060099173,0.0821832229073024,0.2686142652076935,0.0507834960962094,0.2736496474438277,0.4242999719718742,0.0783993644387356,0.2916048911901349,0.0,0.1569367714523239,0.0,0.4531626054177769,0.1522307645298243,0.0,0.0928812926015534,0.3663234111316851,0.3995109832651586,0.4167623740829009,0.3117565590107443,0.4423645006262104,0.1791619031932066,0.1943108780441085,0.0766292308912977,0.0,0.2143035117243668,0.0,0.0539352314757104,0.0853691743776402,0.232709518198486,0.0631051034164259,0.1493665156899856,0.0092257514219666,0.0,0.0222769208105419,0.0,0.0761284588567723,0.1748914065275549,0.1702959011839392,0.0,0.1185100915825135,0.0,0.0,0.0,0.2482932255748743,0.2659167053007533,0.0,0.4441839476807055,0.3557776772216798,0.3818463128612781,0.2042083509423759,0.4023891953089572,0.0,0.2407809492162296,0.0,0.2040819503404236,0.0495759826454256,0.4167973897970245,0.0,0.0,0.0,0.4118592103768222,0.4115392704873936,0.342884488612775,0.4040723224220153,0.2599326572117516,0.0,0.0,0.279477415703122,0.5534456162943023,0.0950026384494211,0.1069334961391225,0.0206353110834354,0.173449134689597
0.0,0.0155970254359838,0.1264850636398608,0.0495622583741352,0.0,0.0171997220824854,0.0,0.1347705011594444,0.0556397862737602,0.0932423252162681,0.0,0.0,0.3123634305634269,0.0,0.3312510558091847,0.0,0.1357226534699966,0.0,0.0899028419675786,0.2730395295214525,0.2210185553635369,0.1572351846961023,0.1972633506698796,0.0910904419945433,0.0,0.0,0.2143035117243668,0.0,0.0,0.0,0.1470560654020258,0.1739031662373653,0.0400645245258479,0.224037261046722,0.0703777076642779,0.0,0.1563519683330951,0.0585050980635495,0.1709349490626118,0.1779055029912986,0.0,0.0,0.019906883231292,0.0,0.0,0.0,0.0,0.1422712643415321,0.0,0.0,0.1859844464278104,0.0,0.1519399564091723,0.0,0.0,0.0,0.1115003847695711,0.0,0.0,0.1921313510282063,0.0,0.0,0.0,0.0,0.1915684787938549,0.1992813885669337,0.3265336631915913,0.0,0.0,0.0,0.0,0.1074719157405043,0.0299413652426571,0.0,0.0,0.0
0.4047171735751004,0.0,0.0,0.0,0.1683671672715385,0.0952044017248286,0.0,0.0,0.0,0.0,0.0,0.0,0.2407035182395116,0.0,0.0,0.0,0.0,0.0,0.0,0.1918990260769288,0.0,0.0,0.0,0.0,0.1068771587590044,0.2104103875444093,0.0,0.0,0.0,0.0448134800058903,0.3171196939425157,0.0,0.2741874373757141,0.0,0.3390536717153811,0.3428265913424133,0.0,0.0,0.0,0.0,0.1025800144434221,0.2311871578168051,0.0,0.0,0.0,0.0,0.0,0.0,0.0,0.0,0.0,0.0,0.0,0.0,0.0,0.0,0.0,0.0,0.0,0.0,0.0,0.0,0.0,0.0,0.0,0.0,0.0,0.0,0.0,0.0,0.0,0.0,0.0,0.4421212276139497,0.0,0.1231737648764522
0.0,0.0,0.05350665760685,0.0,0.0,0.0069553699178057,0.0,0.0,0.1434130338927034,0.0,0.0,0.0,0.0,0.0,0.0,0.0,0.0,0.0,0.0,0.2436237044706009,0.0,0.0575606864942472,0.0,0.0,0.0,0.0,0.0539352314757104,0.0,0.0448134800058903,0.0,0.0,0.0,0.0,0.0,0.072692143295687,0.0,0.0,0.0,0.0,0.0,0.0,0.0,0.0,0.0,0.0,0.0,0.0,0.0,0.0,0.0,0.0,0.0,0.0,0.0,0.0,0.0,0.0,0.0,0.0,0.0,0.0,0.0,0.0,0.0,0.1009869348445048,0.0,0.0,0.1105865179692056,0.0,0.0,0.0,0.1116815701252737,0.0,0.0451442520591907,0.0,0.0
0.3461259997062843,0.0862610402857998,0.0,0.0376757368258193,0.1054742779549062,0.057168104370354,0.0,0.0,0.0,0.1934184834417158,0.0,0.0,0.081460595467864,0.0663041910274341,0.0338187411309127,0.2580218569425426,0.17698153342173,0.1526889086120439,0.0,0.1650147317050949,0.0,0.1305886166520484,0.0,0.0375943334978397,0.1262809105624718,0.1893552399858014,0.0853691743776402,0.1470560654020258,0.3171196939425157,0.0,0.0,0.0813066155482801,0.1745673792573994,0.1154019587201737,0.2168801452334239,0.141339516770265,0.0264578807571888,0.0071742778212872,0.0534295337846837,0.1275780682860796,0.0,0.0,0.0,0.0,0.0,0.2900420619624618,0.0,0.0,0.0,0.0,0.0,0.0,0.0,0.0,0.1452206330925415,0.0,0.0,0.0,0.0,0.0,0.200658228592628,0.0,0.1568513564224715,0.0,0.0389362189860897,0.0,0.0828478053638774,0.0,0.1086910456669938,0.0204715705741137,0.0,0.0,0.0,0.1720864610610817,0.0,0.0484741845743443
0.0,0.0586466347591429,0.2034453524165366,0.0,0.0,0.1524958421622237,0.0364200862378791,0.2343088870020739,0.1325214933651508,0.0931893261478707,0.0443914726100518,0.105612747623292,0.0762113099694408,0.0,0.2169816360468238,0.1330048275685255,0.1284021264661321,0.1208428962114338,0.1617711676010584,0.1324113169002709,0.2606695186547246,0.2255097388451342,0.2560090376416531,0.1905363727663886,0.0253192597653744,0.0411536952355081,0.232709518198486,0.1739031662373653,0.0,0.0,0.0813066155482801,0.0,0.0292404988154845,0.0392026780495083,0.0,0.0,0.1507856890328972,0.1648316482377844,0.1759295668776325,0.112676076357289,0.0,0.0,0.2071437331251078,0.1380484700185163,0.0,0.0707765114345144,0.2559507004729858,0.0472195512218649,0.0,0.0,0.2819263931414024,0.2003263732915298,0.2100469886934343,0.2300268833547556,0.0,0.0,0.1110369565087653,0.2481923563401785,0.0,0.2762271642777038,0.0354039176301275,0.0395105516282987,0.1179535917805251,0.2322783820724231,0.216696715109652,0.1836858147686418,0.2667763408263953,0.1597303194698696,0.1020923146974528,0.1399274494715167,0.2083454180644853,0.209931932865568,0.1020011563056469,0.0,0.0288065941626356,0.0
0.2653854698560842,0.0678629365043425,0.0,0.0,0.1000583009439545,0.2038782954248387,0.0,0.0,0.0977631400303327,0.0,0.0123782004343003,0.0,0.223195637761606,0.0,0.1277704655788445,0.0,0.0,0.0,0.0,0.1941846237769861,0.0,0.0719680764375754,0.0736071157694514,0.0274559520827624,0.0701241482758589,0.1700947140804932,0.0631051034164259,0.0400645245258479,0.2741874373757141,0.0,0.1745673792573994,0.0292404988154845,0.0,0.1386685722142253,0.1838330713836341,0.1837760884553621,0.0,0.0780785486454704,0.0560389016767868,0.3798128964629289,0.2139355295536285,0.1417608454659582,0.0,0.0,0.017701126409514,0.1641832504216147,0.0,0.0,0.0,0.0,0.0,0.0,0.0,0.0,0.0962148343325818,0.0,0.0033050436952477,0.0,0.0,0.0,0.0,0.0,0.0,0.0,0.0235769492830008,0.0,0.0,0.007213645204938,0.0190841830869713,0.0,0.0722437529952946,0.0,0.0,0.1397177665345725,0.0,0.1282379508228999
0.0,0.0,0.1328570860678048,0.0263702977679206,0.0,0.0,0.0,0.1589003993876863,0.0,0.0270723729881782,0.0,0.0,0.0,0.0,0.2244601056826956,0.0913250294435953,0.056989250204568,0.0204163234347783,0.0452663575752012,0.0,0.1681626304214471,0.1207959063316586,0.186451544683391,0.0,0.0,0.0,0.1493665156899856,0.224037261046722,0.0,0.0,0.1154019587201737,0.0392026780495083,0.1386685722142253,0.0,0.0284522160561673,0.0,0.0813842615923963,0.0723361011665806,0.1786532035172608,0.2117224223681468,0.0,0.0,0.1804590392390863,0.0,0.0605465957555005,0.0,0.1256509951657583,0.0,0.0,0.0,0.2319447813191742,0.0,0.1209604165181834,0.0,0.08475139184941,0.0,0.0,0.1952000699256559,0.0,0.1804323960033743,0.0438497505780995,0.0876019429974886,0.11276936198157,0.0,0.1598263228776194,0.105135096363516,0.2911956884936713,0.0,0.0,0.0352273900837742,0.0,0.1149836147239809,0.0330608514944947,0.0,0.0,0.0
0.2211855831185857,0.0,0.0,0.0,0.0667875958779184,0.1155299256950362,0.0,0.0,0.034733075836007,0.0,0.0,0.0,0.1420125068022543,0.0,0.0,0.0,0.0,0.0,0.0,0.1397234411830557,0.0,0.0,0.0,0.0,0.0024598122583923,0.1097425970399974,0.0092257514219666,0.0703777076642779,0.3390536717153811,0.072692143295687,0.2168801452334239,0.0,0.1838330713836341,0.0284522160561673,0.0,0.2604511239109428,0.0,0.0,0.0,0.1114005211971777,0.0158375638399545,0.0949534049761275,0.0,0.0,0.0,0.1079479761894902,0.0,0.0,0.0,0.0,0.0,0.0,0.0,0.0,0.0404381196478425,0.0,0.0,0.0,0.0,0.0,0.0,0.0,0.0,0.0,0.0,0.0,0.0,0.0,0.0,0.0,0.0,0.0,0.0,0.1221570068170319,0.0,0.0
0.0,0.0,0.0,0.0,0.2204323340087752,0.2191062542352398,0.0,0.0,0.0,0.0,0.0,0.0,0.1077712535587273,0.4719915841736665,0.0,0.0,0.0,0.0,0.0,0.0163358007917741,0.0,0.0,0.0,0.0,0.0,0.1782122281632113,0.0,0.0,0.3428265913424133,0.0,0.141339516770265,0.0,0.1837760884553621,0.0,0.2604511239109428,0.0,0.0637352314794585,0.0,0.0,0.0699050173502284,0.0246530231975186,0.1609942733067949,0.0,0.0092970509873617,0.0,0.0,0.0,0.1404866580308401,0.0,0.0,0.0,0.0,0.0,0.0,0.0,0.2432584112888952,0.0590725541272126,0.0,0.1609456630700899,0.0,0.0,0.0,0.0,0.0,0.0,0.0,0.0,0.0,0.0,0.0,0.0,0.0,0.0,0.1109879143566133,0.0,0.0
0.0,0.0,0.1266966067832635,0.0394852261890807,0.056626003186031,0.0968033466360958,0.0076648841042895,0.2314905558454718,0.023957743153775,0.1506592340749674,0.0588651341365026,0.199082977877852,0.0919280862599088,0.0,0.0,0.0,0.0,0.0,0.1193104569304868,0.0086322107478459,0.0,0.0199505831719477,0.2272243033899264,0.1942175349508129,0.0,0.0,0.0222769208105419,0.1563519683330951,0.0,0.0,0.0264578807571888,0.1507856890328972,0.0,0.0813842615923963,0.0,0.0637352314794585,0.0,0.0,0.0496607846218543,0.0882770648420941,0.0,0.0,0.16874123707004,0.0286127672920738,0.0,0.0,0.0,0.0,0.0,0.0,0.0,0.0,0.0,0.0,0.0,0.0,0.185504634046893,0.0,0.0,0.0,0.0,0.0,0.0,0.0,0.0,0.0,0.0,0.0,0.0,0.0,0.0,0.0,0.0,0.0,0.0,0.0
0.0263372472771475,0.0,0.0,0.0,0.0,0.0,0.0,0.0,0.1108666922673413,0.0,0.1193753206023073,0.0,0.0,0.0,0.0,0.0,0.0527391635622876,0.0,0.156840298155749,0.0,0.0,0.0,0.195110943696862,0.110701290005201,0.0,0.0,0.0,0.0585050980635495,0.0,0.0,0.0071742778212872,0.1648316482377844,0.0780785486454704,0.0723361011665806,0.0,0.0,0.0,0.0,0.0981797348572555,0.127611115067179,0.0,0.0,0.0,0.0,0.1657298359534819,0.0,0.0,0.0,0.0,0.0,0.0,0.0,0.0,0.0,0.0314325603548892,0.0,0.0,0.0,0.0,0.0,0.0,0.0,0.0,0.0,0.0,0.0,0.0,0.0,0.0935341360664076,0.1444969481051548,0.1462852729845046,0.0,0.0,0.0,0.0,0.0
0.0297423715296805,0.1753531441573625,0.0628612144153663,0.0,0.0,0.0,0.0,0.1313999764792531,0.0,0.1557895311158206,0.0,0.1352614792333148,0.0332269029478713,0.0,0.0811513463499071,0.2611353312139095,0.1807081100860639,0.2128141941514568,0.0,0.0,0.2090433655867417,0.3436195527648787,0.1088359401323252,0.173430255866421,0.1417150625476463,0.0753597266891308,0.0761284588567723,0.1709349490626118,0.0,0.0,0.0534295337846837,0.1759295668776325,0.0560389016767868,0.1786532035172608,0.0,0.0,0.0496607846218543,0.0981797348572555,0.0,0.1095678982582485,0.018594815236756,0.0,0.1154107377009195,0.0782877178947813,0.0886645937527478,0.0186721648548793,0.2351225429353511,0.0,0.0,0.0974674781219908,0.2251071540197777,0.1758530434223134,0.1153027620031559,0.1546525837094213,0.0953970076618443,0.0,0.131873916053983,0.2580277553291474,0.0,0.2498890515871797,0.1593156325408326,0.1422553186263371,0.2043116002045252,0.0712552064165417,0.1478191701395056,0.20263646142583,0.2945708626941297,0.0457425308565966,0.1810856689671567,0.1576422063510722,0.1588518169398098,0.1405756454792875,0.1938173382065203,0.0,0.3128449526291709,0.1119719180812088
0.1682215959470389,0.0,0.0,0.0,0.0,0.0,0.0,0.0,0.0,0.0,0.0,0.0,0.0,0.0,0.3202887588182514,0.0,0.0,0.0,0.0,0.2721785462057808,0.0882199097102147,0.0889822288491369,0.2094041217350178,-0.0018898457328697,0.0,0.0,0.1748914065275549,0.1779055029912986,0.0,0.0,0.1275780682860796,0.112676076357289,0.3798128964629289,0.2117224223681468,0.1114005211971777,0.0699050173502284,0.0882770648420941,0.127611115067179,0.1095678982582485,0.0,0.1774311561801241,0.1003269454152437,0.0512339062208935,0.0,0.0471163282982836,0.1687108436590177,0.0,0.0,0.0,0.1047503736221295,0.0659843911980878,0.0966580685348005,0.1098475428139891,0.0402273989656119,0.1493320611960258,0.1239480758335471,0.0,0.0,0.0,0.0218880183951864,0.0272181578399614,0.0306862493938893,0.0,0.0,0.2053902040797865,0.0280485231009574,0.1689781753885301,0.0,0.0509981540567422,0.0,0.1150648391649984,0.0252596196786183,0.0,0.1679748354091594,0.0,0.1848237086026645
0.2463343171149703,0.0,0.0,0.0,0.0,0.1079547530029228,0.0,0.0,0.0,0.0,0.0,0.0,0.1023311666607984,0.0,0.1246371700832554,0.0,0.0,0.0,0.0,0.2262401233179622,0.0,0.0801844088020088,0.1130529254984636,0.0732588296531469,0.1324126448977247,0.1683470424439557,0.1702959011839392,0.0,0.1025800144434221,0.0,0.0,0.0,0.2139355295536285,0.0,0.0158375638399545,0.0246530231975186,0.0,0.0,0.018594815236756,0.1774311561801241,0.0,0.2813141856414532,0.0,0.0076404388119536,0.0361643061050583,0.1971055306594284,0.0,0.22120866787281,0.0,0.0,0.0,0.0,0.0612288180543355,0.0,0.0,0.234323671272394,0.0,0.0,0.0507326380316265,0.0356482563418664,0.0248749840268203,0.0,0.0,0.0618759147548624,0.0703243847228149,0.039932808659665,0.0,0.2001747979000774,0.0,0.0,0.1439826450124761,0.1000455430220105,0.0,0.1763827701579077,0.0697411237813082,0.3998859724621594
0.0,0.0,0.0,0.0,0.0,0.0806850559961854,0.0,0.0,0.0,0.0,0.0,0.0,0.0,0.0,0.0,0.0,0.0,0.0,0.0,0.0734110630592567,0.0,0.0,0.0,0.0,-0.0016887856763096,0.1310636109958579,0.0,0.0,0.2311871578168051,0.0,0.0,0.0,0.1417608454659582,0.0,0.0949534049761275,0.1609942733067949,0.0,0.0,0.0,0.1003269454152437,0.2813141856414532,0.0,0.0,0.0110632201393434,0.0,0.0513941879284253,0.0,0.1426218337715153,0.0,0.0,0.0,0.0,0.0,0.0,0.0,0.1585417018125785,0.0,0.0,0.0225138170692897,0.0,0.0,0.0,0.0,0.0,0.0,0.0,0.0,0.0167862150171079,0.0,0.0,0.0,0.0,0.0,0.1702928064276845,0.0,0.1988156355895754
0.0,0.0,0.281190452117413,0.0,0.0531298789640312,0.0230267036307683,0.1593785337663281,0.3007085236299094,0.0833807489703839,0.0,0.175551854549602,0.0,0.0,0.0,0.1651377752910358,0.0,0.0,0.0,0.2271413707042262,0.0,0.0,0.0,0.2556763986751642,0.0,0.0,0.0,0.1185100915825135,0.019906883231292,0.0,0.0,0.0,0.2071437331251078,0.0,0.1804590392390863,0.0,0.0,0.16874123707004,0.0,0.1154107377009195,0.0512339062208935,0.0,0.0,0.0,0.1619058273954707,0.0,0.0,0.0,0.0,0.0967051880041847,0.2075287108325073,0.3145567614537843,0.2416788446882171,0.2205532164884515,0.2917628580603553,0.0,0.0,0.1212805577574907,0.3527279068015601,0.1062994901131308,0.2807277613406219,0.0,0.0695917415382774,0.0,0.2394143922280666,0.2107064706276183,0.1978274291782163,0.2598230477858482,0.1943379658002552,0.0289805209312225,0.156064974249894,0.1326904946672165,0.2217924530396272,0.2938327284985132,0.0,0.0,0.0
0.0,0.0,0.0,0.0,0.0,0.0,0.0,0.0,0.0,0.0,0.0,0.0,0.0,0.0,0.0,0.0,0.0,0.0,0.0,0.0,0.0,0.0,0.0,0.0,0.0,0.0,0.0,0.0,0.0,0.0,0.0,0.1380484700185163,0.0,0.0,0.0,0.0092970509873617,0.0286127672920738,0.0,0.0782877178947813,0.0,0.0076404388119536,0.0110632201393434,0.1619058273954707,0.0,0.0,0.0,0.0,0.0284553498443658,0.0849260424270103,0.0,0.0,0.0,0.0,0.0,0.0,0.0,0.1159055572310918,0.0910201948924632,0.0,0.0,0.0,0.0,0.0,0.0,0.0,0.0,0.0,0.0,0.0,0.0,0.0,0.0,0.1875123439245163,0.0123058159674735,0.0,0.0492977468643467
0.0,0.0,0.0,0.0,0.0,0.0,0.0,0.0,0.0,0.0091707139101608,0.0,0.0,0.0,0.0,0.0,0.0,0.0,0.0,0.0,0.0,0.0,0.0,0.0,0.0911105534803547,0.0544538754436051,0.030262158688519,0.0,0.0,0.0,0.0,0.0,0.0,0.017701126409514,0.0605465957555005,0.0,0.0,0.0,0.1657298359534819,0.0886645937527478,0.0471163282982836,0.0361643061050583,0.0,0.0,0.0,0.0,0.042744011969499,0.0,0.0,0.1814467211203065,0.066901234201249,0.0,0.138292518015994,0.0,0.042675005745019,0.1080361211586865,0.0,0.0261536551768636,0.0789871459613605,0.0,0.0,0.0,0.1322806552068518,0.173251121233172,0.0,0.0,0.0,0.0,0.0,0.1269358646466698,0.0393506431214749,0.0,0.0,0.0270429406922379,0.0,0.0,0.0456429988286135
0.5305411626137406,0.0665479465452608,0.0,0.0,0.0,0.0,0.0,0.0,0.0,0.0501463237360139,0.0,0.0,0.0,0.0,0.1004219235903698,0.2536109620825831,0.0,0.0503308464714586,0.0,0.0,0.0735031877641878,0.2840603753453368,0.0,0.1302394180445009,0.1553195221162487,0.2748258247313701,0.0,0.0,0.0,0.0,0.2900420619624618,0.0707765114345144,0.1641832504216147,0.0,0.1079479761894902,0.0,0.0,0.0,0.0186721648548793,0.1687108436590177,0.1971055306594284,0.0513941879284253,0.0,0.0,0.042744011969499,0.0,0.0,0.0,0.0,0.0,0.0,0.0,0.0,0.0,0.0255987455807184,0.0,0.0,0.0,0.0150336654021417,0.1560680059643385,0.2243364976450858,0.0,0.0945161041034901,0.0,0.2613327809628205,0.1258337819966717,0.1934385765772184,0.0,0.0716332520286245,0.0508217440475464,0.2021525626107722,0.1888613181689512,0.0886885368943975,0.2965136036122638,0.0,0.3809985224023889
0.0,0.2599139465410328,0.0,0.0,0.0,0.0,0.0,0.0,0.0,0.0,0.0,0.0,0.0,0.0,0.2033603536316298,0.2448772110009652,0.0,0.33096734077523,0.0,0.0069797526362262,0.4926294284004664,0.386380914266547,0.3757863155545914,0.284052689945871,0.2753035562426443,0.1276457365262586,0.2482932255748743,0.0,0.0,0.0,0.0,0.2559507004729858,0.0,0.1256509951657583,0.0,0.0,0.0,0.0,0.2351225429353511,0.0,0.0,0.0,0.0,0.0,0.0,0.0,0.0,0.0,0.0,0.0,0.5311798064309264,0.3890980694421648,0.3815553323207817,0.4325754773422214,0.1757147437815684,0.0,0.0,0.5339614517082846,0.0,0.4859456549196237,0.2740993790125423,0.3106457520647709,0.4439421596278665,0.0,0.2244096167795823,0.5274189613564452,0.4135764968130958,0.3758140400326896,0.0,0.5605924314946773,0.4988048192159822,0.4036049717821227,0.4281151985124337,0.0,0.0,0.0
0.0,0.0,0.0608419957129388,0.0,0.1620060797385605,0.2806385651620396,0.0,0.0,0.432338577246153,0.0,0.2430706121638061,0.0,0.339614391338213,0.2034302592077752,0.0,0.0,0.0,0.0,0.1705254604106476,0.0,0.0,0.0,0.0876215417088427,0.0,0.0,0.0,0.2659167053007533,0.1422712643415321,0.0,0.0,0.0,0.0472195512218649,0.0,0.0,0.0,0.1404866580308401,0.0,0.0,0.0,0.0,0.22120866787281,0.1426218337715153,0.0,0.0284553498443658,0.0,0.0,0.0,0.0,0.0137506745920742,0.0179722711939013,0.0,0.0,0.084990389884998,0.0697255587925849,0.1703268567138818,0.5146377493317187,0.0,0.0,0.0381927133801459,0.0,0.0,0.0,0.0,0.1936943029847848,0.0,0.0489936703854615,0.0,0.2009740865687736,0.0,0.0,0.2160130362428651,0.1196859775185743,0.0,0.2376227727233938,0.0,0.1423178937116481
0.0,0.0,0.0,0.0,0.0,0.0,0.0,0.0,0.0,0.0,0.0,0.0,0.0,0.0,0.0,0.0,0.0,0.0,0.0,0.0,0.0,0.0,0.0,0.0,0.0,0.0,0.0,0.0,0.0,0.0,0.0,0.0,0.0,0.0,0.0,0.0,0.0,0.0,0.0,0.0,0.0,0.0,0.0967051880041847,0.0849260424270103,0.1814467211203065,0.0,0.0,0.0137506745920742,0.0,0.2548613938878672,0.1504654006420829,0.2806675236642155,0.1021221972028143,0.1472967275487187,0.2300784501068148,0.1023765465878021,0.0,0.216782395747805,0.1741171363187218,0.0,0.0,0.0,0.0,0.1420257484733695,0.0,0.0,0.0,0.0,0.0,0.0,0.0,0.1050033349913824,0.0345421701873273,0.0,0.0,0.0
0.0,0.0,0.4249595383576288,0.0,0.0,0.0649564576155532,0.0,0.3995498365569763,0.224617457003692,0.0,0.2361450572498303,0.0,0.0,0.0,0.0,0.0,0.0,0.0,0.2773543547218393,0.0,0.0,0.0,0.4764165873385477,0.0,0.0,0.0,0.4441839476807055,0.0,0.0,0.0,0.0,0.0,0.0,0.0,0.0,0.0,0.0,0.0,0.0974674781219908,0.1047503736221295,0.0,0.0,0.2075287108325073,0.0,0.066901234201249,0.0,0.0,0.0179722711939013,0.2548613938878672,0.0,0.4837577603259796,0.5519787603059201,0.262102762395937,0.5190680744102986,0.2467262848107989,0.1407342061259724,0.0,0.3584751023670621,0.0818976002793216,0.0,0.0,0.0,0.0,0.3769338809189584,0.0,0.0,0.4392250580023237,0.1552195559198029,0.0,0.2622017689075825,0.0,0.4422450236064146,0.1126109527933045,0.0,0.0,0.0
