0.0,0.0925205709558437,0.0,0.0,0.0,0.1050052072840771,0.0,0.0,0.0,0.3376366344848984,0.0,0.0775107203005545,0.2437167013035304,0.0,0.0996396582159603,0.2966888218093479,0.2567748423242422,0.143081200961239,0.0,0.2940504898574578,0.4618384710985493,0.4462529691401791,0.0,0.3306622960649858,0.3902649115694173,0.2182881422917368,0.3606921402546718,0.3066182709817329,0.2030085526873937,0.0,0.4413037720606325,0.2500700053629047,0.2642908955087075,0.1711217650188743,0.0608859555933449,0.0,0.0,0.1898583034481461,0.3150260578412647,0.2938221017550942,0.0,0.0,0.0,0.0,0.0,0.8903760049404095,0.1663007117827864,0.0,0.0,0.0,0.0,0.0,0.0,0.0,0.3174795275864307,0.0,0.0,0.0,0.0,0.0,0.2946887052101213,0.0,0.1064242657175848,0.0,0.0,0.4032673227679711,0.2683750983487344,0.0,0.2096794831201467,0.5010686646110116,0.3350509915917371,0.0,0.0,0.0,0.0,0.468266220306598
0.0925205709558437,0.0,0.0,0.0,0.2684767755029627,0.7371745765167729,0.4209335355640077,0.4678384960684539,0.1980890559000586,0.0,0.0,0.0,0.544642792915511,0.0,0.3400633266461589,0.5322332763654493,0.4295050677891086,0.67813776894449,0.0,0.3437242189553439,0.551959013235028,0.5297781997781797,0.4653831805048529,0.0,0.6462210213303775,0.8896804234592364,0.3071045454741623,0.3738178094665479,0.3370815554310309,0.0,0.2749280898611111,0.1019366030588846,0.0,0.0,0.0088445408131994,0.0,0.0,0.0,0.0,0.0,0.0,0.0,0.0,0.0,0.0,0.0,0.7467149965576537,0.0,0.0,0.0,0.6088306266650979,0.0,0.0,0.0,0.0,0.0,0.0,0.0,0.0,0.3110098425624739,0.2640939061647329,0.0,0.485189016289948,0.0,0.464541246238741,0.3582929029470011,0.4322089828107898,0.4453850232794635,0.0,0.4215750461533425,0.7444948285667125,0.2856655398724692,0.0,0.3371564731423441,0.0,0.1621820425470184
0.0,0.0,0.0,0.2239335987432402,0.6581959709019717,0.5654692027774247,0.3140124822798695,0.5095430183285176,0.7686612523166599,0.0,0.8227234366972508,0.2730189727814729,0.4128162982324881,0.2885381072067678,0.0,0.0,0.0,0.0,0.8418196456523177,0.0,0.0,0.0,0.6218629706134219,0.0,0.0,0.0,0.8906037918989286,0.3412200343261028,0.0,0.0,0.1181259171317001,0.0,0.1401599092628319,0.0,0.0,0.347474079192842,0.3012281819801125,0.0,0.0804430404286977,0.0,0.0,0.0,0.3858001576254347,0.0,0.0,0.0,0.0,0.8790763950864672,0.0,0.4850685290784711,0.5699356217618372,0.4588349848544822,0.4944098528114882,0.7306261930592461,0.0,0.7244903667173621,0.0,0.374698684286304,0.0739803105496144,0.0,0.0,0.0,0.0,0.8673085905887046,0.0,0.0,0.0,0.4811978442161517,0.0,0.0,0.0,0.7819701516398824,0.4322974021162814,0.0,0.0,0.0
0.0,0.0,0.2239335987432402,0.0,0.0,0.201352144469221,0.1489780798744851,0.2144535143295674,0.0534069266549721,0.0,0.1305939053565804,0.0648502319593871,0.5009656002165889,0.1917966077735544,0.0,0.0,0.0,0.0,0.3222353279283226,0.4506821198684179,0.0,0.0,0.3134909216676105,0.0,0.0,0.0,0.1761687317275445,0.4310563839409174,0.3260137535888951,0.0,0.0791179802606252,0.0,0.0,0.0,0.0,0.42388139081192,0.4161826624274853,0.0,0.0,0.0,0.0,0.0,0.0,0.0,0.0,0.0,0.0,0.0,0.0,0.0,0.0,0.0,0.0,0.0,0.0,0.0,0.0,0.0,0.0,0.0,0.0,0.0,0.0,0.0,0.0,0.0,0.0,0.0,0.0,0.0,0.0,0.0,0.0,0.0,0.0,0.0
0.0,0.2684767755029627,0.6581959709019717,0.0,0.0,0.4214554741795566,0.621945044333535,0.4879584267045562,0.7515524213841781,0.0317648110621058,0.8139066978743933,0.2160620665746959,0.4477994771508105,0.3412815611077577,0.0,0.3606322904308434,0.0,0.0,0.7016773184982694,0.6928284585897593,0.0,0.6577809390188902,0.466471396059443,0.0,0.0,0.1548927953505739,0.7577117366066537,0.3867873616232319,0.6294662056217419,0.0,0.3364331187479397,0.0979570379451156,0.1395191161080562,0.0,0.3922464128253028,0.0377177509976366,0.1010168260853197,0.0,0.3797158670930624,0.0,0.0,0.0,0.0974719868775389,0.0,0.0,0.0,0.0,0.823544228975331,0.0,0.837926013522347,0.6578615885547182,0.0,0.4718336990627036,0.8448747987756743,0.0,0.7910991800666256,0.0,0.0,0.0,0.0,0.0,0.0,0.0,0.662202605022896,0.0,0.0,0.0,0.4257649535513718,0.0,0.0,0.0,0.8640500338930451,0.0,0.0,0.0,0.0
0.1050052072840771,0.7371745765167729,0.5654692027774247,0.201352144469221,0.4214554741795566,0.0,0.4257185021877837,0.7484151889960043,0.5578407383284522,0.3589266443734387,0.5184154362868554,0.6959860628610989,0.6636548402303118,0.4767097434737412,0.3923268029064711,0.3673168590577111,0.3299933198802279,0.4174778696140699,0.4820001061289095,0.5133321159641557,0.5729498874401582,0.4649389677143909,0.7791014365012094,0.0,0.4216024874683773,0.6639271182878179,0.5494409485413468,0.3634374393080755,0.4134965391765813,0.4311232264472287,0.2089154245095851,0.0311601759750512,0.0909559670674421,0.0,0.0,0.2579777673486373,0.1489082794927551,0.0,0.1306180537106838,0.0,0.0710219736805199,0.0,0.4267591657116123,0.0,0.0,0.0,0.628265545617725,0.6107634631928727,0.0,0.2896147978458539,0.7453416410480492,0.4184684041710522,0.7608732680114737,0.4287926564395463,0.0,0.3035788287728949,0.0,0.6376191649415727,0.0,0.3948698460446337,0.0,0.0,0.0,0.4826718400920745,0.4650613489825557,0.4041173773947222,0.4329594299066681,0.6882582310364487,0.0,0.0,0.5677211160556358,0.4594736371988164,0.3054740248256972,0.2719841095725718,0.0724364820968951,0.131326088629081
0.0,0.4209335355640077,0.3140124822798695,0.1489780798744851,0.621945044333535,0.4257185021877837,0.0,0.3097879168498253,0.4654003695013056,0.6067227237538803,0.3632046527999192,0.4110633705659455,0.6987185949090978,0.2378806472895529,0.0,0.5761649364746838,0.5808847740378283,0.4413104103345068,0.2129785573421658,0.5382300177656971,0.0,0.5834519889785226,0.2926473936891273,0.189768174663528,0.4041164859484636,0.4004640991556318,0.4281657264913986,0.6140406186989675,0.6162090945137149,0.0,0.6306594363304514,0.3810869597419502,0.018834296136812,0.1596010068358146,0.2641874333310011,0.0,0.0,0.0878866498763016,0.3958665952634937,0.0,0.2514095994114363,0.0,0.1993306345334114,0.0,0.0,0.0,0.0,0.4632254401955576,0.0,0.0,0.3977735447862011,0.0,0.363281325552416,0.4146335535797401,0.0,0.3241240195153512,0.0,0.0,0.0,0.0,0.0,0.0,0.0,0.191041992025351,0.0,0.0,0.0,0.3107247180373045,0.0,0.0,0.0,0.4506688196170249,0.0,0.0,0.0,0.0
0.0,0.4678384960684539,0.5095430183285176,0.2144535143295674,0.4879584267045562,0.7484151889960043,0.3097879168498253,0.0,0.4338830670428538,0.0741304703160698,0.5717195134300201,0.5846135729846769,0.4315339004765416,0.490390935623533,0.3517623290144155,0.0720955588166866,0.0,0.1584579289344041,0.5481970157136061,0.4590131291424631,0.4960849932919778,0.3276171040867715,0.8777710018659033,0.4480558840452435,0.041173586793258,0.4531896725794184,0.442414604622577,0.1739031697382644,0.2868510150921298,0.3846593446657771,0.0644080485350759,0.0,0.0559118288425148,0.0,0.1000003778347622,0.2053088307054457,0.2313790361954466,0.0,0.1664287695290141,0.0,0.3522848446335311,0.0,0.2391050373770808,0.0,0.0,0.0,0.0,0.5454546191436662,0.0,0.3953835085680218,0.5857837818587276,0.3352532586304914,0.9441624586912516,0.4263986118794295,0.0,0.4450918705206892,0.0,0.4313487335939242,0.3336090439852425,0.3514617743959419,0.0,0.0,0.0,0.4984622567015554,0.436869982598683,0.3119366943172137,0.0,0.7142647422165819,0.0,0.0,0.0,0.4682348006105113,0.274529194139043,0.137046189415618,0.0,0.0559084420430661
0.0,0.1980890559000586,0.7686612523166599,0.0534069266549721,0.7515524213841781,0.5578407383284522,0.4654003695013056,0.4338830670428538,0.0,0.1277913282452959,0.7995884421524353,0.1932360341647934,0.4249234986228377,0.336327139534221,0.0,0.2220438517711699,0.0,0.0,0.7022285155539225,0.6344564509879279,0.0,0.5097192735466514,0.4883670743203936,0.2391801201267528,0.1406959618345764,0.1256208258668928,0.8140444471299547,0.2671368737425367,0.6026923728947705,0.6429493104356476,0.2088967265189511,0.0662843849931033,0.344096265646404,0.0,0.1113208952618902,0.322223391765254,0.203702705188688,0.0415173589521498,0.2878209397481077,0.0,0.1811722579451128,0.0,0.3636962978671151,0.0,0.0,0.0,0.0,0.8745705581679645,0.0,0.6461874019252444,0.6622523075713823,0.5560592727832995,0.5069134620594696,0.8882273603503817,0.0,0.7770797821151744,0.0,0.500993654450207,0.2087490817213603,0.0,0.0,0.0,0.0,0.7037520932266728,0.0,0.0,0.0,0.4207731767770409,0.0,0.0,0.0,0.7883632765271317,0.4775146435552511,0.0,0.0,0.0
0.3376366344848984,0.0,0.0,0.0,0.0317648110621058,0.3589266443734387,0.6067227237538803,0.0741304703160698,0.1277913282452959,0.0,0.0,0.5241131196717582,0.4861277923344678,0.0,0.0,0.5537003885135928,0.9031271901941093,0.5752942583436804,0.0,0.0969223278422885,0.0,0.2521445234068326,0.1166374323662658,0.368786187581932,0.7354514719618713,0.526995040723419,0.0623765355070671,0.4776068357522915,0.2481216768914128,0.0,0.7232439670174355,0.5732575431095802,0.0,0.4151860189033303,0.0485167626168785,0.0,0.0,0.2882190160932743,0.4037947525422397,0.0,0.0111052819941736,0.1861835726055073,0.0,0.0,0.0,0.222732335359606,0.0,0.0,0.0,0.0,0.0,0.0,0.0,0.0,0.6554572811357886,0.0,0.3878710171287831,0.3026021786761677,0.0,0.0,0.0,0.4823509437161988,0.0,0.0,0.0,0.0,0.0,0.0,0.0,0.4298778117874469,0.5599204591799976,0.0,0.1551699691839221,0.0,0.0,0.5169814802968096
0.0,0.0,0.8227234366972508,0.1305939053565804,0.8139066978743933,0.5184154362868554,0.3632046527999192,0.5717195134300201,0.7995884421524353,0.0,0.0,0.2186181337412288,0.4529099455791157,0.4198856335855932,0.0,0.0,0.0,0.0,0.8622193117253887,0.0,0.0,0.0,0.5957338555960604,0.1197577304531931,0.0,0.1706311416362361,0.7862599477231915,0.2893497316377592,0.0,0.0,0.0225084757411764,0.0,0.2393735071345552,0.0,0.1817793446016412,0.3387591213096813,0.3904555443906624,0.0,0.0862335549867915,0.0,0.0,0.0,0.2804503033707756,0.0,0.0,0.0,0.0,0.8894666307034311,0.0,0.6986303190328284,0.6345390853771871,0.5251244515878516,0.5519179569885886,0.795320610202006,0.0,0.9060965157011216,0.0,0.5596145998980367,0.2718574734666901,0.0,0.0,0.0,0.0,0.8254538814449991,0.0,0.0,0.0,0.4843559067094646,0.0,0.0,0.0,0.8591297792592995,0.5392573123455583,0.0,0.0,0.0
0.0775107203005545,0.0,0.2730189727814729,0.0648502319593871,0.2160620665746959,0.6959860628610989,0.4110633705659455,0.5846135729846769,0.1932360341647934,0.5241131196717582,0.2186181337412288,0.0,0.4538498127115799,0.0,0.0,0.0,0.5681822963680878,0.4420962987976325,0.103570646754056,0.0,0.4188410960683641,0.0,0.5307655925567956,0.5984349446528464,0.3902380815623077,0.7046799838131497,0.1994771963381438,0.2640906590957725,0.0,0.0,0.2741742147107001,0.1839684248274803,0.0,0.0637134301892392,0.107873580779649,0.0,0.0,0.0,0.1764440356343465,0.0,0.0551030247648399,0.0975381186125283,0.2138717122991158,0.0,0.0,0.0,0.0,0.0,0.0,0.0,0.0,0.0,0.0,0.0,0.5045174701767479,0.0,0.6167812252965343,0.47491993202814,0.0,0.0,0.0,0.5010049941104106,0.106733273878685,0.0,0.0,0.0,0.0,0.0,0.2862794825030895,0.0780230031026273,0.5828583283460517,0.0,0.1313580657158628,0.0,0.0,0.1403080405390772
0.2437167013035304,0.544642792915511,0.4128162982324881,0.5009656002165889,0.4477994771508105,0.6636548402303118,0.6987185949090978,0.4315339004765416,0.4249234986228377,0.4861277923344678,0.4529099455791157,0.4538498127115799,0.0,0.4469519702094149,0.7844832646077531,0.6161415418713433,0.4640770482354044,0.685788108517124,0.419520130418044,0.791301972255239,0.6979251607046836,0.8157627288568134,0.5252476465758713,0.2065087194492995,0.4034901090128252,0.5569617714717079,0.5515328293468098,0.8852548290260358,0.706339399895268,0.5915259380182429,0.5020229793222177,0.0,0.0,0.0,0.0,0.2939905195768482,0.122107511711131,0.0,0.0678152754588291,0.0,0.0078855236796971,0.0346009916815413,0.5509498884231439,0.0,0.0,0.0,0.0,0.5845184558996862,0.0,0.0,0.4706866285584851,0.5775525265741368,0.4852832782962576,0.0,0.0,0.2207425934950031,0.5478915925612735,0.0,0.0,0.7689325200459488,0.0,0.0,0.0,0.0,0.7505819619073381,0.0,0.8063569831361297,0.5680197114580166,0.0,0.2337207780659565,0.4832214678974397,0.5123288811100685,0.0,0.5452471044061032,0.0,0.0
0.0,0.0,0.2885381072067678,0.1917966077735544,0.3412815611077577,0.4767097434737412,0.2378806472895529,0.490390935623533,0.336327139534221,0.0,0.4198856335855932,0.0,0.4469519702094149,0.0,0.0,0.0,0.0,0.0,0.3059245677705736,0.0,0.3683691287019386,0.0,0.4543784656802915,0.0,0.0,0.0,0.3278472702510948,0.3520732501276883,0.0,0.0,0.1275473868992047,0.0,0.0,0.0,0.0,0.3446355701839911,0.1737132562766835,0.0,0.1041766930203611,0.0,0.0,0.0,0.4430614571976354,0.0,0.0,0.0,0.0,0.3506165707430507,0.0,0.0,0.0,0.0,0.0,0.3560327700516127,0.0,0.2704701465762789,0.0,0.0,0.0,0.0,0.0,0.0,0.0,0.0,0.0,0.0,0.0,0.4288720022972949,0.0,0.0,0.0,0.3233577260067862,0.0,0.0,0.0,0.0
0.0996396582159603,0.3400633266461589,0.0,0.0,0.0,0.3923268029064711,0.0,0.3517623290144155,0.0,0.0,0.0,0.0,0.7844832646077531,0.0,0.0,0.4572194162760118,0.0,0.4789913890688136,0.0,0.861646628437333,0.5938298373680061,0.8376350361404405,0.4665635203077419,0.0,0.0,0.2743539585621311,0.5435238841531509,0.7719585331632128,0.650824000227544,0.0,0.3063348228693409,0.0,0.0,0.0,0.0,0.3073789534588462,0.0,0.0,0.0,0.0,0.1691267537042559,0.0994632048395828,0.3376031962821634,0.0,0.0,0.0,0.3513459357277548,0.0,0.0,0.0,0.3348290292430253,0.0,0.3485595296839003,0.0,0.0,0.0,0.0,0.3865450042081766,0.0,0.978181936804169,0.5399724496936448,0.0,0.0,0.0,0.8421166013399216,0.4797266844614005,0.8747772696081397,0.4674028716525539,0.0,0.0,0.1869208542032692,0.5664984080397001,0.6652300767191732,0.5778469131210797,0.0,0.4456840674486466
0.2966888218093479,0.5322332763654493,0.0,0.0,0.3606322904308434,0.3673168590577111,0.5761649364746838,0.0720955588166866,0.2220438517711699,0.5537003885135928,0.0,0.0,0.6161415418713433,0.0,0.4572194162760118,0.0,0.6237627516268032,0.7598859039331124,0.0,0.4350540106937063,0.5142590589414032,0.6502798494906575,0.1266481795032357,0.0375772858894943,0.5961606064147861,0.4822613481636301,0.2190911240146326,0.627646764775885,0.528562219389868,0.4199318250328899,0.7284148903504399,0.3694158130560507,0.0170279036411837,0.3399697543775123,0.2324977615879862,0.0,0.0,0.0,0.3682133189705731,0.0,0.3119652490095122,0.3935971205383808,0.0,0.0,0.0,0.2096216183151143,0.4453897224796226,0.0,0.0,0.0,0.0,0.0,0.0,0.0,0.0,0.0,0.0,0.0,0.0,0.4584139588092853,0.7523446963094221,0.0,0.3396473745729976,0.0,0.5590593769935165,0.5059408117229017,0.6461196112867644,0.2393163726294322,0.0,0.4143076319146465,0.4333177578958093,0.273433888943919,0.0,0.5594583548161395,0.0,0.6561664280907697
0.2567748423242422,0.4295050677891086,0.0,0.0,0.0,0.3299933198802279,0.5808847740378283,0.0,0.0,0.9031271901941093,0.0,0.5681822963680878,0.4640770482354044,0.0,0.0,0.6237627516268032,0.0,0.653612957105571,0.0,0.0433425248803985,0.0,0.2307191277220295,0.0,0.3142141035830014,0.7029782535091542,0.5625935496373226,0.0,0.4667959457326054,0.1130510229667461,0.0,0.7020164659619637,0.5170819040629356,0.0,0.4237339699005853,0.1006827925472542,0.0,0.0,0.1850154040087446,0.0,0.0,0.0,0.0,0.0,0.0,0.0,0.0,0.0,0.0,0.0,0.0,0.0,0.0,0.0,0.0,0.4961732355964754,0.0,0.3553261928043623,0.0,0.0,0.0,0.0,0.3711066279536671,0.0,0.0,0.0,0.0,0.0,0.0,0.0,0.296855159618836,0.5444849021190797,0.0,0.0,0.0,0.0,0.0
0.143081200961239,0.67813776894449,0.0,0.0,0.0,0.4174778696140699,0.4413104103345068,0.1584579289344041,0.0,0.5752942583436804,0.0,0.4420962987976325,0.685788108517124,0.0,0.4789913890688136,0.7598859039331124,0.653612957105571,0.0,0.0,0.3719798954950345,0.4404876512313747,0.5903348928091139,0.159783567704724,0.2865905087399972,0.6543684095840675,0.7446593112182891,0.1339875179749015,0.7098701806809823,0.3629579569227577,0.3083034247941466,0.5322127027233313,0.1570088446191768,0.0,0.0955288009645866,0.0,0.0,0.0,0.0,0.0667821622511557,0.0,0.0,0.1523482129502829,0.0,0.0,0.0,0.025790054098201,0.4392785622814502,0.0,0.0,0.0,0.0,0.0,0.0,0.0,0.4296350377979026,0.0,0.2948897842845336,0.0,0.0,0.0,0.5232255650255814,0.5957822648849194,0.4667244625962296,0.0,0.0,0.0,0.6166739656277558,0.0,0.0286779878463354,0.2775245279284297,0.5935587229916675,0.0,0.0,0.0,0.0,0.5255930376555069
0.0,0.0,0.8418196456523177,0.3222353279283226,0.7016773184982694,0.4820001061289095,0.2129785573421658,0.5481970157136061,0.7022285155539225,0.0,0.8622193117253887,0.103570646754056,0.419520130418044,0.3059245677705736,0.0,0.0,0.0,0.0,0.0,0.0,0.0,0.0,0.621542661785321,0.0,0.0,0.0,0.7972617329500186,0.3088814731980163,0.0,0.0,0.0232723702545574,0.0,0.0,0.0,0.1221008314087585,0.4364360367470351,0.5114413302498426,0.0,0.0615020592350614,0.0,0.0,0.0,0.3008999835263491,0.0,0.0,0.0,0.0,0.8566973755002447,0.0,0.5328006861327496,0.5633483660490813,0.3644696756641955,0.499400393710262,0.6616836378039476,0.0,0.7837774707641559,0.0,0.441329181932329,0.1164752649078331,0.0,0.0,0.0,0.0,0.9263669715294266,0.0,0.0,0.0,0.5001440832861871,0.0,0.0,0.0,0.7911237711495042,0.0,0.0,0.0,0.0
0.2940504898574578,0.3437242189553439,0.0,0.4506821198684179,0.6928284585897593,0.5133321159641557,0.5382300177656971,0.4590131291424631,0.6344564509879279,0.0969223278422885,0.0,0.0,0.791301972255239,0.0,0.861646628437333,0.4350540106937063,0.0433425248803985,0.3719798954950345,0.0,0.0,0.7293846564786848,0.9194033234749144,0.5518029362990081,0.0,0.0628116438881046,0.2809087894772521,0.7866829008265256,0.7391474366965518,0.85159937237155,0.7759356221469674,0.3542434732739649,0.0,0.1038973766048337,0.0,0.0,0.4448895908274808,0.4526189704243926,0.0,0.1643658437688847,0.1528658926021751,0.210980805045369,0.0,0.4567787478679116,0.0,0.0,0.0,0.383813612272449,0.0,0.0,0.0,0.5012231390020442,0.0,0.4775444203082489,0.0,0.0,0.0,0.0,0.4854608229913681,0.0,0.8532830057871744,0.5451112604538125,0.0,0.0,0.0,0.9224158352946829,0.5666409249208703,0.8814337146954457,0.4939083493055024,0.0,0.1719675497515416,0.2047892003560088,0.7993650971136894,0.7499049388974286,0.7551821852476244,0.3742095636275089,0.497092055444338
0.4618384710985493,0.551959013235028,0.0,0.0,0.0,0.5729498874401582,0.0,0.4960849932919778,0.0,0.0,0.0,0.4188410960683641,0.6979251607046836,0.3683691287019386,0.5938298373680061,0.5142590589414032,0.0,0.4404876512313747,0.0,0.7293846564786848,0.0,0.7821798222632098,0.5661444669120199,0.3418767906588631,0.3940613298167962,0.4915006537660407,0.6326316340840514,0.615821731203334,0.6575903911342963,0.0,0.564990841818261,0.2845011815825196,0.0402559847315114,0.0348016763059738,0.0937571741944887,0.0,0.0,0.0,0.4067032249416789,0.1405028320114943,0.1750688033317919,0.0692724011357939,0.0,0.0,0.0,0.345767258303348,0.6378525168029306,0.0,0.0,0.0,0.7090629485084622,0.0,0.5124631642809198,0.0,0.0,0.0,0.0,0.6593279650021928,0.0,0.5905550680059335,0.5554513964954992,0.0,0.0,0.0,0.7563936383818828,0.8016604554042478,0.7431964321499397,0.6253203833561619,0.0,0.4459502656433447,0.5403243879798098,0.6252414288035943,0.6478817994999467,0.703130623402663,0.0,0.5537896156712436
0.4462529691401791,0.5297781997781797,0.0,0.0,0.6577809390188902,0.4649389677143909,0.5834519889785226,0.3276171040867715,0.5097192735466514,0.2521445234068326,0.0,0.0,0.8157627288568134,0.0,0.8376350361404405,0.6502798494906575,0.2307191277220295,0.5903348928091139,0.0,0.9194033234749144,0.7821798222632098,0.0,0.4201061193821582,0.0,0.2704492298065759,0.4468277538203871,0.6876136669058206,0.8145070215331346,0.7729359590278477,0.6999124889642929,0.4812674171282376,0.0,0.0399905376335311,0.0,0.0417459874726367,0.305101747365863,0.2629167568219258,0.0,0.1954742224663382,0.1121769124967599,0.1797003007652907,0.102384142962834,0.4284475824464789,0.0,0.0,0.3346652770222599,0.4860940045555946,0.0,0.0,0.0,0.5448897285997382,0.0,0.0,0.0,0.0,0.0,0.0,0.0,0.0,0.815424650148132,0.6877857762714101,0.0,0.5586110996069178,0.0,0.93552151256009,0.6114820006514319,0.9279129094892494,0.4595213590731002,0.0,0.3108248405061122,0.3926288522118077,0.723100480024901,0.8359280033411877,0.8149647672277579,0.0,0.6257767212077867
0.0,0.4653831805048529,0.6218629706134219,0.3134909216676105,0.466471396059443,0.7791014365012094,0.2926473936891273,0.8777710018659033,0.4883670743203936,0.1166374323662658,0.5957338555960604,0.5307655925567956,0.5252476465758713,0.4543784656802915,0.4665635203077419,0.1266481795032357,0.0,0.159783567704724,0.621542661785321,0.5518029362990081,0.5661444669120199,0.4201061193821582,0.0,0.3128977005939984,0.1159072426186506,0.4222926402059493,0.6208229800249924,0.3087728751101579,0.4257999124393206,0.4545879512498303,0.123650540026922,0.0,0.0,0.0,0.0,0.2912221923873437,0.2873765397087001,0.0,0.1371645944665374,0.1333408260590608,0.2037124983141327,0.0,0.4095560637083261,0.3530745805887033,0.0,0.0,0.6033159261433358,0.6568994238233123,0.0,0.2921981790122432,0.716564755744475,0.3815017231323902,0.8917735878320376,0.3819247249889571,0.0,0.417954307845555,0.0,0.4243147147533627,0.4367863041909692,0.4686327029427596,0.0,0.0,0.0,0.6048705060216386,0.5039808704369008,0.5047196755459001,0.4721107801067252,0.9234544683421362,0.0,0.1446587609562635,0.4141951474326348,0.601707911947537,0.3144730617437616,0.3188059085735935,0.2663433145976874,0.1532378911460187
0.3306622960649858,0.0,0.0,0.0,0.0,0.0,0.189768174663528,0.4480558840452435,0.2391801201267528,0.368786187581932,0.1197577304531931,0.5984349446528464,0.2065087194492995,0.0,0.0,0.0375772858894943,0.3142141035830014,0.2865905087399972,0.0,0.0,0.3418767906588631,0.0,0.3128977005939984,0.0,0.4700377435619761,0.7456868444363768,0.1162419770179666,0.0981299103221811,0.0,0.0,0.1152488538793559,0.1082198572615637,0.0523412497434071,0.063280759898187,0.0,0.137842600629845,0.0,0.1286847235317627,0.0703535738744116,0.2471163521641234,0.002646403036493,0.0,0.0,0.0,0.3188059925587847,0.2357472776593356,0.0,0.0,0.0,0.0,0.0,0.0,0.0,0.0,0.3979373890742567,0.0,0.2611402932018723,0.0,0.0,0.0,0.0,0.4961801520422094,0.323333606852985,0.0,0.0,0.0,0.0,0.0,0.638018395565773,0.3324122960238784,0.6974336467195373,0.0,0.2410862668073004,0.0,0.0,0.1110617526347794
0.3902649115694173,0.6462210213303775,0.0,0.0,0.0,0.4216024874683773,0.4041164859484636,0.041173586793258,0.1406959618345764,0.7354514719618713,0.0,0.3902380815623077,0.4034901090128252,0.0,0.0,0.5961606064147861,0.7029782535091542,0.6543684095840675,0.0,0.0628116438881046,0.3940613298167962,0.2704492298065759,0.1159072426186506,0.4700377435619761,0.0,0.7196710198522209,0.0957100477804915,0.3506604463888654,0.2618223396661523,0.0,0.5326325186598548,0.393004256138649,0.0,0.230375891820816,0.0,0.0,0.0,0.1596936534971759,0.1925183274715074,0.0,0.0,0.0,0.0,0.0,0.0,0.3351139061345283,0.5899642553749156,0.0,0.0,0.0,0.0,0.0,0.0,0.0,0.4878693489634906,0.0,0.0767992149518703,0.4463321541827368,0.0,0.0,0.3638286815930444,0.5869365960697276,0.2826984678581513,0.0,0.1803617029291121,0.3590299453776486,0.2262004153825532,0.1987097018616413,0.1775326103948217,0.7672237865660252,0.7530642199227402,0.0,0.0,0.3135338694054373,0.0,0.3967746195832642
0.2182881422917368,0.8896804234592364,0.0,0.0,0.1548927953505739,0.6639271182878179,0.4004640991556318,0.4531896725794184,0.1256208258668928,0.526995040723419,0.1706311416362361,0.7046799838131497,0.5569617714717079,0.0,0.2743539585621311,0.4822613481636301,0.5625935496373226,0.7446593112182891,0.0,0.2809087894772521,0.4915006537660407,0.4468277538203871,0.4222926402059493,0.7456868444363768,0.7196710198522209,0.0,0.1727431288981528,0.449259417771441,0.1774961894590409,0.0,0.3133275628542963,0.081078022318856,0.0,0.0,0.0,0.0,0.0,0.0,0.0179782089600267,0.0,0.0,0.0,0.0,0.0,0.0647234373945041,0.0611358442281378,0.7024444680463481,0.0,0.0,0.0,0.5100111556523282,0.0,0.0,0.0,0.494988975662849,0.0,0.3633820846830432,0.5948071228021418,0.0,0.2469464006454161,0.1988273606025721,0.6849097588728019,0.4430226459146282,0.0,0.4369300460207624,0.3284898718128096,0.4258562112909496,0.4397800090545335,0.3653728734661775,0.4157860645309404,0.9006227666699606,0.1766101864843758,0.359346578178601,0.2366006001817703,0.0,0.2691502760506984
0.3606921402546718,0.3071045454741623,0.8906037918989286,0.1761687317275445,0.7577117366066537,0.5494409485413468,0.4281657264913986,0.442414604622577,0.8140444471299547,0.0623765355070671,0.7862599477231915,0.1994771963381438,0.5515328293468098,0.3278472702510948,0.5435238841531509,0.2190911240146326,0.0,0.1339875179749015,0.7972617329500186,0.7866829008265256,0.6326316340840514,0.6876136669058206,0.6208229800249924,0.1162419770179666,0.0957100477804915,0.1727431288981528,0.0,0.478317423388026,0.7173878383847763,0.6617608086485317,0.2057869803321239,0.0,0.0713053702225147,0.0,0.0239987423635361,0.430014009642646,0.3477639490670263,0.0,0.153373399101877,0.1111967522705993,0.0274605106368167,0.0,0.4369334823656283,0.4758479068774008,0.0,0.0,0.4617414863917853,0.9242116592922058,0.0,0.591883578748676,0.6925609274031249,0.6251593430700717,0.4946668615874435,0.7501355990337997,0.0,0.7158623344995494,0.0,0.5059079132031776,0.2012686562062605,0.535190869310635,0.0,0.0,0.0,0.8461379957432184,0.740834730597105,0.495954547596792,0.6724122567655046,0.5924554722370605,0.0,0.0,0.1441149310557881,0.9563056868639624,0.6201892170649439,0.7455618115379663,0.3231164982571511,0.3700845216348407
0.3066182709817329,0.3738178094665479,0.3412200343261028,0.4310563839409174,0.3867873616232319,0.3634374393080755,0.6140406186989675,0.1739031697382644,0.2671368737425367,0.4776068357522915,0.2893497316377592,0.2640906590957725,0.8852548290260358,0.3520732501276883,0.7719585331632128,0.627646764775885,0.4667959457326054,0.7098701806809823,0.3088814731980163,0.7391474366965518,0.615821731203334,0.8145070215331346,0.3087728751101579,0.0981299103221811,0.3506604463888654,0.449259417771441,0.478317423388026,0.0,0.5965629561842019,0.5610032751518652,0.6209063005987061,0.0564976077984688,0.0,0.0,0.0,0.2083442391202669,0.0299410337232469,0.0,0.1260240675476828,0.0,0.0,0.1297838571893333,0.4919598748035413,0.0,0.0,0.0,0.0,0.4369790226776474,0.0,0.0,0.3126437776096266,0.0,0.2267754575363262,0.1746339383666621,0.3646781879619417,0.0,0.3867943710278739,0.4053916898069366,0.0,0.7626740816258928,0.0,0.0,0.0,0.0,0.7760153981942625,0.5834700235179425,0.8311633315282972,0.3993558399601076,0.0,0.1378498153384691,0.3665804084797375,0.4624364422281008,0.6841081404215453,0.5909521130205466,0.0,0.6284955448564566
0.2030085526873937,0.3370815554310309,0.0,0.3260137535888951,0.6294662056217419,0.4134965391765813,0.6162090945137149,0.2868510150921298,0.6026923728947705,0.2481216768914128,0.0,0.0,0.706339399895268,0.0,0.650824000227544,0.528562219389868,0.1130510229667461,0.3629579569227577,0.0,0.85159937237155,0.6575903911342963,0.7729359590278477,0.4257999124393206,0.0,0.2618223396661523,0.1774961894590409,0.7173878383847763,0.5965629561842019,0.0,0.7032760758673862,0.4428455247391611,0.1007681887103937,0.1631478036775358,0.0,0.0086848472854489,0.2953488495840819,0.341668731742449,0.0,0.2276241462337418,0.1730199260716305,0.2839477914124196,0.0637249932649001,0.2772565790546091,0.0,0.0,0.0,0.495927566662942,0.7062532593442016,0.0,0.0,0.4932655522307657,0.5311720817757379,0.3214424568971117,0.4527353708794379,0.0,0.0,0.0,0.4638261504022164,0.0,0.6053457588592667,0.0,0.0,0.0,0.0,0.7271560135531824,0.6081729779763428,0.7373050048478421,0.3926601266719142,0.0,0.0,0.2046199474605356,0.6821915035803431,0.6447543580302483,0.8491313710395769,0.3855508813554744,0.5651239611328248
0.0,0.0,0.0,0.0,0.0,0.4311232264472287,0.0,0.3846593446657771,0.6429493104356476,0.0,0.0,0.0,0.5915259380182429,0.0,0.0,0.4199318250328899,0.0,0.3083034247941466,0.0,0.7759356221469674,0.0,0.6999124889642929,0.4545879512498303,0.0,0.0,0.0,0.6617608086485317,0.5610032751518652,0.7032760758673862,0.0,0.5084671803995934,0.228096829648912,0.0,0.0,0.0151982810314307,0.0,0.0,0.0,0.0,0.0,0.0,0.0,0.0,0.0,0.0,0.0,0.0,0.0,0.0,0.0,0.0,0.0,0.0,0.0,0.0,0.0,0.0,0.0,0.0,0.0,0.0,0.0,0.0,0.0,0.6557672819572511,0.0,0.0,0.4309785172295799,0.0,0.0,0.0,0.6314435890245201,0.0,0.6515183656832414,0.0,0.0
0.4413037720606325,0.2749280898611111,0.1181259171317001,0.0791179802606252,0.3364331187479397,0.2089154245095851,0.6306594363304514,0.0644080485350759,0.2088967265189511,0.7232439670174355,0.0225084757411764,0.2741742147107001,0.5020229793222177,0.1275473868992047,0.3063348228693409,0.7284148903504399,0.7020164659619637,0.5322127027233313,0.0232723702545574,0.3542434732739649,0.564990841818261,0.4812674171282376,0.123650540026922,0.1152488538793559,0.5326325186598548,0.3133275628542963,0.2057869803321239,0.6209063005987061,0.4428455247391611,0.5084671803995934,0.0,0.581451057863397,0.069955397887119,0.5152299732097654,0.2577941172157506,0.0,0.0,0.2495260723843333,0.5607860336953179,0.0,0.2633760443251692,0.0,0.1725493716169616,0.0,0.0,0.0,0.3860052937520222,0.0,0.0,0.0,0.3366211400086328,0.0,0.1090118212189645,0.0,0.5552891667714531,0.0,0.4515986641363244,0.0,0.0,0.3105465742872915,0.6579453510242598,0.3555833015196338,0.0659308576208935,0.0,0.3985278070898974,0.5932759604376209,0.507098688118201,0.2656780373334813,0.0414975637100237,0.3674386725845099,0.3797911015039885,0.2032802101705543,0.4302475187547617,0.4566028966470242,0.0,0.7023529267455457
0.2500700053629047,0.1019366030588846,0.0,0.0,0.0979570379451156,0.0311601759750512,0.3810869597419502,0.0,0.0662843849931033,0.5732575431095802,0.0,0.1839684248274803,0.0,0.0,0.0,0.3694158130560507,0.5170819040629356,0.1570088446191768,0.0,0.0,0.2845011815825196,0.0,0.0,0.1082198572615637,0.393004256138649,0.081078022318856,0.0,0.0564976077984688,0.1007681887103937,0.228096829648912,0.581451057863397,0.0,0.042773221086645,0.554171572206484,0.3108602007729173,0.0,0.0,0.2451072393105634,0.7452726639502333,0.0,0.2429586462545188,0.3323744355295317,0.0,0.0,0.0554563440816699,0.2215578890809773,0.2074342814051972,0.0,0.0,0.1143148390301554,0.2144116990854002,0.3241991442466194,0.0,0.102252585348828,0.3590070522605919,0.0,0.1960675044305199,0.1381657723217833,0.0,0.0,0.3101775908065143,0.1282968679927649,0.0,0.0,0.0,0.3665366497964168,0.0215531426278218,0.0985251018163898,0.0258560232501111,0.3424470242264671,0.2414347962088793,0.0,0.0,0.1677335295120433,0.0,0.4132539680953446
0.2642908955087075,0.0,0.1401599092628319,0.0,0.1395191161080562,0.0909559670674421,0.018834296136812,0.0559118288425148,0.344096265646404,0.0,0.2393735071345552,0.0,0.0,0.0,0.0,0.0170279036411837,0.0,0.0,0.0,0.1038973766048337,0.0402559847315114,0.0399905376335311,0.0,0.0523412497434071,0.0,0.0,0.0713053702225147,0.0,0.1631478036775358,0.0,0.069955397887119,0.042773221086645,0.0,0.2396803350367885,0.0849023281689485,0.1648679563789591,0.3049601479143909,0.2844915834586858,0.2386100119482061,0.7449139851957568,0.4102451608084161,0.1191004935870153,0.0,0.0,0.18199939912736,0.3224561836553045,0.0,0.0,0.0,0.0,0.0,0.0,0.0,0.0,0.1195451416078224,0.0,0.1195988647009037,0.0,0.0,0.0,0.0,0.0,0.0,0.0,0.0,0.0,0.0,0.0,0.2167497015862773,0.1381868483513666,0.0,0.0,0.0,0.0,0.0,0.0180556831868016
0.1711217650188743,0.0,0.0,0.0,0.0,0.0,0.1596010068358146,0.0,0.0,0.4151860189033303,0.0,0.0637134301892392,0.0,0.0,0.0,0.3399697543775123,0.4237339699005853,0.0955288009645866,0.0,0.0,0.0348016763059738,0.0,0.0,0.063280759898187,0.230375891820816,0.0,0.0,0.0,0.0,0.0,0.5152299732097654,0.554171572206484,0.2396803350367885,0.0,0.413092551320583,0.0,0.0,0.4153858303860494,0.5430581713812429,0.1905552076320066,0.4747492576635923,0.4629984903094516,0.0,0.0,0.1269815060664787,0.1775848088051159,0.0,0.0,0.0,0.0,0.0,0.0924804748290641,0.0,0.0,0.28366529987958,0.0,0.2000174998886844,0.0,0.0,0.0,0.2211029227580722,0.0,0.0,0.0,0.0,0.1010721271874587,0.0,0.0,0.0685418162488668,0.1227619139779032,0.0688113223414349,0.0,0.0,0.0,0.0,0.2778635251186851
0.0608859555933449,0.0088445408131994,0.0,0.0,0.3922464128253028,0.0,0.2641874333310011,0.1000003778347622,0.1113208952618902,0.0485167626168785,0.1817793446016412,0.107873580779649,0.0,0.0,0.0,0.2324977615879862,0.1006827925472542,0.0,0.1221008314087585,0.0,0.0937571741944887,0.0417459874726367,0.0,0.0,0.0,0.0,0.0239987423635361,0.0,0.0086848472854489,0.0151982810314307,0.2577941172157506,0.3108602007729173,0.0849023281689485,0.413092551320583,0.0,0.0,0.0,0.0687462237442241,0.4058736416792796,0.0578334577406427,0.471192765787058,0.6097172988789634,0.0,0.0,0.0,0.0,0.096906820392884,0.0,0.0,0.0,0.1932126709270284,0.0,0.0,0.0,0.0,0.0,0.256637814295305,0.2815011782173711,0.0,0.0,0.3138195387464704,0.0,0.0,0.0,0.0854652748428352,0.0,0.0863256104026087,0.0434668146332826,0.0,0.0633110003670098,0.0,0.1580523933686761,0.0711110238521136,0.183027839465399,0.0,0.0
0.0,0.0,0.347474079192842,0.42388139081192,0.0377177509976366,0.2579777673486373,0.0,0.2053088307054457,0.322223391765254,0.0,0.3387591213096813,0.0,0.2939905195768482,0.3446355701839911,0.3073789534588462,0.0,0.0,0.0,0.4364360367470351,0.4448895908274808,0.0,0.305101747365863,0.2912221923873437,0.137842600629845,0.0,0.0,0.430014009642646,0.2083442391202669,0.2953488495840819,0.0,0.0,0.0,0.1648679563789591,0.0,0.0,0.0,0.6806792471611629,0.0,0.0,0.2454233563005588,0.0,0.0,0.6120044869278513,0.4819840726474994,0.1732937116919866,0.0,0.0,0.3652903046221261,0.0,0.0,0.1480394586658792,0.0,0.235998213840615,0.1585569490306644,0.0,0.3035139312721607,0.0,0.0331043644509584,0.0,0.0,0.0,0.0,0.0,0.4741362341995903,0.2334704816962371,0.0,0.1794799999003156,0.2267380092106288,0.0,0.0,0.0,0.3161999547109924,0.3299025454068881,0.1750678459866974,0.0,0.0
0.0,0.0,0.3012281819801125,0.4161826624274853,0.1010168260853197,0.1489082794927551,0.0,0.2313790361954466,0.203702705188688,0.0,0.3904555443906624,0.0,0.122107511711131,0.1737132562766835,0.0,0.0,0.0,0.0,0.5114413302498426,0.4526189704243926,0.0,0.2629167568219258,0.2873765397087001,0.0,0.0,0.0,0.3477639490670263,0.0299410337232469,0.341668731742449,0.0,0.0,0.0,0.3049601479143909,0.0,0.0,0.6806792471611629,0.0,0.0,0.0,0.0,0.0750762944989653,0.0,0.2020148603465377,0.0,0.0,0.0,0.0,0.0,0.0,0.0,0.0,0.0,0.0,0.0,0.0,0.0,0.0,0.0,0.0,0.0,0.0,0.0,0.0,0.0,0.0,0.0,0.0,0.0671826811473627,0.0,0.0,0.0,0.0,0.0,0.0,0.0,0.0
0.1898583034481461,0.0,0.0,0.0,0.0,0.0,0.0878866498763016,0.0,0.0415173589521498,0.2882190160932743,0.0,0.0,0.0,0.0,0.0,0.0,0.1850154040087446,0.0,0.0,0.0,0.0,0.0,0.0,0.1286847235317627,0.1596936534971759,0.0,0.0,0.0,0.0,0.0,0.2495260723843333,0.2451072393105634,0.2844915834586858,0.4153858303860494,0.0687462237442241,0.0,0.0,0.0,0.2305625200169377,0.068104701657108,0.0354681651457601,0.1295342065283971,0.0,0.0,0.2123174025525134,0.0,0.0,0.0,0.0,0.0,0.0,0.0,0.0,0.0,0.0899655590360008,0.0,0.0409368743945078,0.0,0.0,0.0,0.0,0.0,0.0,0.0,0.0,0.0,0.0,0.0,0.017603185317723,0.0,0.0,0.0,0.0,0.0,0.0,0.0
0.3150260578412647,0.0,0.0804430404286977,0.0,0.3797158670930624,0.1306180537106838,0.3958665952634937,0.1664287695290141,0.2878209397481077,0.4037947525422397,0.0862335549867915,0.1764440356343465,0.0678152754588291,0.1041766930203611,0.0,0.3682133189705731,0.0,0.0667821622511557,0.0615020592350614,0.1643658437688847,0.4067032249416789,0.1954742224663382,0.1371645944665374,0.0703535738744116,0.1925183274715074,0.0179782089600267,0.153373399101877,0.1260240675476828,0.2276241462337418,0.0,0.5607860336953179,0.7452726639502333,0.2386100119482061,0.5430581713812429,0.4058736416792796,0.0,0.0,0.2305625200169377,0.0,0.1742646082646111,0.4682380921640686,0.4248351513257373,0.0,0.0148289731093447,0.0530646003953441,0.2910345276941593,0.1944387054905248,0.2319945452757241,0.0,0.3473298863228198,0.2923284813697738,0.3669876679378753,0.209856319546595,0.3056523764753451,0.3143145346985488,0.114143725463088,0.3481465296209733,0.2198436541753319,0.2218462283634912,0.0213095450794424,0.3675381756439037,0.0718706148486426,0.0,0.0,0.1833057093496942,0.4288203480936103,0.223352251887453,0.1995725649941065,0.1119014107966293,0.275350396435826,0.1830427490741261,0.2075052823527965,0.1257491189324168,0.2757758260750166,0.396039495810969,0.4856800243722828
0.2938221017550942,0.0,0.0,0.0,0.0,0.0,0.0,0.0,0.0,0.0,0.0,0.0,0.0,0.0,0.0,0.0,0.0,0.0,0.0,0.1528658926021751,0.1405028320114943,0.1121769124967599,0.1333408260590608,0.2471163521641234,0.0,0.0,0.1111967522705993,0.0,0.1730199260716305,0.0,0.0,0.0,0.7449139851957568,0.1905552076320066,0.0578334577406427,0.2454233563005588,0.0,0.068104701657108,0.1742646082646111,0.0,0.4006879631839189,0.0,0.0179073752267292,0.1322596978285316,0.2323069428620425,0.3004689261986021,0.0,0.2517426237872622,0.0,0.2288340576128006,0.2059623507528771,0.0,0.2248891814103274,0.3494489273137505,0.0855973358761489,0.3620203795205938,0.1245236255364586,0.1837528332057489,0.0,0.0,0.0,0.027402235050066,0.1712142211759347,0.1816303518251674,0.0,0.0536058409490908,0.0,0.0,0.422553242153868,0.2260125898242921,0.0,0.1204136678165355,0.082469948843286,0.0898372555111625,0.2371089848305234,0.0
0.0,0.0,0.0,0.0,0.0,0.0710219736805199,0.2514095994114363,0.3522848446335311,0.1811722579451128,0.0111052819941736,0.0,0.0551030247648399,0.0078855236796971,0.0,0.1691267537042559,0.3119652490095122,0.0,0.0,0.0,0.210980805045369,0.1750688033317919,0.1797003007652907,0.2037124983141327,0.002646403036493,0.0,0.0,0.0274605106368167,0.0,0.2839477914124196,0.0,0.2633760443251692,0.2429586462545188,0.4102451608084161,0.4747492576635923,0.471192765787058,0.0,0.0750762944989653,0.0354681651457601,0.4682380921640686,0.4006879631839189,0.0,0.4793181920899181,0.0,0.0,0.0,0.0,0.1018233348879623,0.2013442848456929,0.0960668800938117,0.3741376622590243,0.1533072312559593,0.1341977646560397,0.3501679372456825,0.2458576203093903,0.3436858897714264,0.4301836680691718,0.4030391182256704,0.2089771904586037,0.3728383438427665,0.1577431592696395,0.3953771499214373,0.1458237387001297,0.1227572133680134,0.0152253793592416,0.1972327203100248,0.2018908540661709,0.2572989954807614,0.1384085685898601,0.3367231689590897,0.0919024164742157,0.0,0.1846273490216632,0.1747437905887709,0.2056325360155566,0.6707113387180088,0.3870795455145926
0.0,0.0,0.0,0.0,0.0,0.0,0.0,0.0,0.0,0.1861835726055073,0.0,0.0975381186125283,0.0346009916815413,0.0,0.0994632048395828,0.3935971205383808,0.0,0.1523482129502829,0.0,0.0,0.0692724011357939,0.102384142962834,0.0,0.0,0.0,0.0,0.0,0.1297838571893333,0.0637249932649001,0.0,0.0,0.3323744355295317,0.1191004935870153,0.4629984903094516,0.6097172988789634,0.0,0.0,0.1295342065283971,0.4248351513257373,0.0,0.4793181920899181,0.0,0.0,0.0,0.0,0.042543014481936,0.0037527833405996,0.0574905324607205,0.0,0.2814078173588422,0.0145427381096075,0.2603184384930682,0.0101973049670547,0.1636975045436402,0.3148780831461594,0.2026994276707097,0.3188086347601808,0.1606395383018337,0.0,0.1157220294138223,0.3552184993562627,0.0456406293091346,0.0,0.0,0.1374719432400626,0.1427040310001665,0.1993987412734485,0.0,0.0538910674255112,0.0,0.0,0.0330301878813875,0.1512888172670094,0.1257482455477787,0.5191263019831398,0.3920408263167703
0.0,0.0,0.3858001576254347,0.0,0.0974719868775389,0.4267591657116123,0.1993306345334114,0.2391050373770808,0.3636962978671151,0.0,0.2804503033707756,0.2138717122991158,0.5509498884231439,0.4430614571976354,0.3376031962821634,0.0,0.0,0.0,0.3008999835263491,0.4567787478679116,0.0,0.4284475824464789,0.4095560637083261,0.0,0.0,0.0,0.4369334823656283,0.4919598748035413,0.2772565790546091,0.0,0.1725493716169616,0.0,0.0,0.0,0.0,0.6120044869278513,0.2020148603465377,0.0,0.0,0.0179073752267292,0.0,0.0,0.0,0.6535721454105257,0.1557269699919534,0.0,0.0,0.3997969238689861,0.1451712169446041,0.0,0.3399757577585795,0.2137249252921162,0.3542160691376259,0.1576069474703376,0.190064476670803,0.067075462766344,0.2228984613438832,0.2131230207768022,0.2679923437662588,0.358834972845623,0.0,0.3090915241500317,0.0,0.3845489410493135,0.3437892329383804,0.2952409566747066,0.3744587842197207,0.458194862527628,0.0454956065446549,0.135165895670125,0.341849567459093,0.3240491817160945,0.3663455884446175,0.2133327229814146,0.0,0.2339238327420263
