0.0,0.3677427021117582,0.0,0.0,0.0,0.402416713541648,0.0,0.0450360957974276,0.0,0.6719924867174308,0.0,0.3688495890415827,0.4503737383803892,0.0,0.1043784746818764,0.6533753716903471,0.5368110684233117,0.6027441424687361,0.0,0.333666925380598,0.5451032672281324,0.4911890918484354,0.5097587322847472,0.3952766883627455,0.6049510921365107,0.5018866031485438,0.5421905741375442,0.323950126065885,0.5701232728761743,0.0,0.2477771773650621,0.31542424965285,0.6095118640518784,0.1415653618434385,0.0,0.0,0.0,0.2680637575534106,0.0819329364503844,0.4715325027695554,0.2263315015596873,0.0,0.0,0.0,0.0,0.9271779621497214,0.130181769503245,0.0,0.0,0.0,0.0,0.0,0.0,0.0,0.3474364836884878,0.0,0.0,0.0,0.0,0.0,0.7175822721031662,0.0,0.5930238771495564,0.0,0.0,0.3035929611666316,0.2883373105562808,0.0,0.3688566004083204,0.181094066985029,0.3856603789362781,0.0,0.0,0.0,0.0,0.0
0.3677427021117582,0.0,0.0,0.0,0.0,0.7079899104808851,0.3162044292248596,0.1725554937383557,0.5405331775748119,0.0,0.0,0.0,0.4632106976445198,0.0,0.4859113244051887,0.6405321079366232,0.7331077974313466,0.7032489763717367,0.0,0.3737675265942742,0.4427776980642946,0.5849681362503633,0.4384418859236122,0.0,0.8498759910823313,0.8387020649270253,0.5925345787519501,0.1454119176207725,0.3808919046810644,0.0,0.0,0.2650947450682489,0.3475854419031209,0.0,0.0,0.0,0.0,0.0,0.2902846134434312,0.3634338170302187,0.1081838752765368,0.0,0.0,0.0,0.0,0.2971655236079486,0.8351846010388051,0.0,0.0,0.0,0.630179955907072,0.0,0.0,0.0,0.0,0.0,0.0,0.0,0.0,0.5232656397288197,0.4461553738172513,0.0,0.6063757178340762,0.0,0.3195527336848775,0.3587654578371403,0.4514821749870057,0.4865427980184316,0.0,0.7144072005404358,0.7735928909311073,0.5344016288495291,0.0,0.4925663489656746,0.0,0.07095285409178
0.0,0.0,0.0,0.0,0.3157935638642655,0.7036618658690226,0.1239813675801184,0.2704219135603538,0.7475650477651207,0.6629890559935173,0.549148504567568,0.3490234937767633,0.3555874640805292,0.0,0.0,0.0,0.0,0.0,0.6523437779235143,0.0,0.0,0.0,0.684194957617963,0.0,0.0,0.0,0.7850656210806025,0.1605201392652319,0.0,0.0,0.0461482548662719,0.2345584389962182,0.2645680272343609,0.0,0.0,0.0,0.0,0.0,0.0968790779338673,0.0,0.0,0.0,0.0,0.0,0.0,0.0,0.0,0.6297584494435358,0.0,0.1209703871963665,0.5351708325542336,0.1844460786535205,0.1422899930897571,0.3624250105715497,0.0,0.1244095902499961,0.0,0.2263945452251491,0.0,0.0,0.0,0.0,0.0,0.5474802596002394,0.0,0.0,0.0,0.6468450969270405,0.0,0.0,0.0,0.6728895271061639,0.1125474709264324,0.0,0.0,0.0
0.0,0.0,0.0,0.0,0.0,0.0,0.0,0.0,0.0,0.0,0.1258037747702121,0.0,0.1457187787382195,0.3577074363302083,0.0,0.0,0.0,0.0,0.0099162683545298,0.0,0.0,0.0,0.0,0.0,0.0,0.0,0.0,0.06915546239552,0.0,0.0,0.0,0.0831479451701939,0.0,0.2487182035090538,0.2358897672833024,0.0,0.0,0.0,0.0,0.0,0.0,0.0,0.0,0.0,0.0,0.0,0.0,0.0,0.0,0.0,0.0,0.0,0.0,0.0,0.0,0.0,0.0,0.0,0.0,0.0,0.0,0.0,0.0,0.0,0.0,0.0,0.0,0.0,0.0,0.0,0.0,0.0,0.0,0.0,0.0,0.0
0.0,0.0,0.3157935638642655,0.0,0.0,0.2459933374869492,0.5001968874305904,0.4979151012995624,0.2622348264791274,0.1319645149654907,0.721084005207675,0.0,0.3572042431629848,0.5396209714241809,0.0,0.0,0.0,0.0,0.2274397779778433,0.4409943713056735,0.0,0.1362663756130207,0.4670257533436226,0.0,0.0,0.0,0.2331372148297663,0.2460361643349302,0.5141051083329444,0.0,0.4606861340739109,0.0,0.0,0.0,0.0132683870596589,0.3161219377135156,0.2595229392102146,0.0,0.0,0.0,0.0,0.0,0.1902627562485708,0.0,0.0,0.0,0.0,0.0,0.0,0.1937919653527231,0.1144142263248653,0.0,0.5499702026139462,0.1136882320973479,0.0,0.0823034955023414,0.0,0.0,0.0,0.0,0.0,0.0,0.0,0.2383555897812294,0.0,0.0,0.0,0.2548394895560351,0.0,0.0,0.0,0.0635276008927432,0.0,0.0,0.0,0.0
0.402416713541648,0.7079899104808851,0.7036618658690226,0.0,0.2459933374869492,0.0,0.2860643206170162,0.4410062843275422,0.7789569369997452,0.5644197891113497,0.3056506487146641,0.4769367424109569,0.5553084721876791,0.0,0.3111342996383869,0.4114514470739347,0.5726511024963261,0.5863091419177595,0.5483310115287391,0.5026775728246723,0.4359825114481561,0.4806250909510745,0.7120909088151057,0.0,0.6587364134556727,0.6932711096572445,0.7722192508529203,0.0995573095226531,0.6529570097752655,0.232647552894197,0.0,0.1138932170004651,0.3200650008784192,0.0,0.0,0.0,0.0,0.0766100102058552,0.074416253103002,0.0,0.0,0.0,0.0,0.0,0.0,0.0,0.5543865785086431,0.5834479478094743,0.0,0.0455081636816425,0.7779330693394162,0.2339789023968113,0.3491731188370442,0.1994647371114569,0.0,0.0827137316771093,0.0,0.3457295669031246,0.0,0.4086206909456979,0.0,0.0,0.0,0.3865145215877444,0.3755960106212672,0.3483985997039708,0.4135145789272731,0.7341552652254503,0.0,0.0,0.596298038383059,0.6201752842329584,0.0794934511654506,0.5103139276080418,0.4176457524705321,0.0
0.0,0.3162044292248596,0.1239813675801184,0.0,0.5001968874305904,0.2860643206170162,0.0,0.2928838501822035,0.1686618338459737,0.0623071476234655,0.3271683055458009,0.0,0.5044399994314418,0.3555108347050716,0.0,0.0,0.0601670361118284,0.0,0.1169360260223426,0.4069058710951552,0.0,0.2036376331923472,0.2642181939507141,0.0,0.0916701107704481,0.1340178565203115,0.1896046969312543,0.3590839704877852,0.3583158263517708,0.0,0.3191636157328417,0.1487520271654543,0.0,0.0,0.0,0.3538123215150567,0.2745530323272848,0.0,0.1261601183672284,0.0,0.1954453409607951,0.0,0.4477350691084851,0.0,0.0,0.0,0.0,0.145378918995785,0.0,0.0,0.3708015007962187,0.0,0.5382765409705101,0.2274702408084391,0.0,0.0,0.0,0.0,0.0,0.0,0.0,0.0,0.0,0.2086403307072784,0.0,0.0,0.0,0.262827884915729,0.0,0.0,0.0,0.201169661643642,0.0,0.0,0.0,0.0
0.0450360957974276,0.1725554937383557,0.2704219135603538,0.0,0.4979151012995624,0.4410062843275422,0.2928838501822035,0.0,0.3715801044468162,0.2055990652693952,0.2634643385937099,0.2492866189253552,0.1916228686225341,0.1336622671442038,0.095566077690905,0.0,0.0,0.0,0.3026968601074669,0.2331332607308825,0.3862572674184542,0.0336988136256145,0.5633496033049974,0.2750385069694405,0.1470404073238711,0.2552868197716333,0.2285483606930105,0.1202231542630049,0.3769201130474431,0.5886078903890021,0.4125439146123346,0.0268299503244159,0.0,0.0,0.0,0.3121916710065341,0.2019103641024162,0.0,0.0,0.0,0.0,0.0,0.1033724098532268,0.0,0.0,0.0,0.0,0.0177901098742334,0.0,0.0,0.2037379656329019,0.0,0.6854980555611588,0.0,0.0,0.0,0.0,0.0,0.0486917129114188,0.0070919995332206,0.0,0.0,0.0,0.1685877881355607,0.0,0.2716823364838076,0.0,0.4456539549117705,0.0,0.0,0.0,0.0,0.0,0.0,0.0,0.0606506208973578
0.0,0.5405331775748119,0.7475650477651207,0.0,0.2622348264791274,0.7789569369997452,0.1686618338459737,0.3715801044468162,0.0,0.5875270582945847,0.4840756452326889,0.5268721661689165,0.4987478035543702,0.0,0.0,0.2510758691344993,0.0,0.4497899344840906,0.4066903650289478,0.5794219819127474,0.0,0.4600719475620815,0.5959617708582158,0.4008079048305134,0.6064044204344194,0.5946155030743298,0.7600978783676609,0.3065467567974156,0.4865846923579368,0.1923334260738163,0.0,0.0,0.1118044749398009,0.0,0.0,0.0,0.0,0.0854550146114357,0.0,0.0,0.0,0.0,0.0,0.0,0.0,0.0,0.0,0.671817728937432,0.0,0.1448911737977378,0.5935704093184149,0.1702882523940982,0.3311541099815741,0.454203270277549,0.0,0.3843745650656316,0.0,0.3436685882296096,0.0,0.0,0.0,0.0,0.0,0.2113419893549817,0.0,0.0,0.0,0.6386447145225959,0.0,0.0,0.0,0.6745641416282843,0.2493875084702105,0.0,0.0,0.0
0.6719924867174308,0.0,0.6629890559935173,0.0,0.1319645149654907,0.5644197891113497,0.0623071476234655,0.2055990652693952,0.5875270582945847,0.0,0.2150462192839369,0.5072983950196102,0.4137679690903675,0.0,0.0,0.5297971603877257,0.8149542594252434,0.6234185239663844,0.3943740665325567,0.3656611164663701,0.0,0.4948927608945457,0.5611988934076297,0.4310152393988533,0.8727604876610493,0.742664687086132,0.6571719148642255,0.2331544264123223,0.5204976414380638,0.0,0.1085443026847249,0.1259971173177997,0.3475434436194857,0.0,0.0,0.0,0.0,0.2004665314277498,0.0,0.3149021067160884,0.0,0.0875927044672768,0.0,0.0,0.0,0.656379812646792,0.0,0.0,0.0,0.0,0.0,0.0,0.0,0.0,0.6554160101787153,0.0,0.6460900384313473,0.0509121256193948,0.0,0.0,0.0,0.5588379511210971,0.6326293036722321,0.0,0.0,0.0,0.0,0.0,0.417651983996768,0.6018444395753165,0.6754605620324065,0.0,0.0,0.0,0.0,0.0
0.0,0.0,0.549148504567568,0.1258037747702121,0.721084005207675,0.3056506487146641,0.3271683055458009,0.2634643385937099,0.4840756452326889,0.2150462192839369,0.0,0.0,0.2985584871152488,0.4141013888034861,0.0,0.0,0.0045450359303199,0.0,0.400871576283739,0.0,0.0,0.0,0.4288464771691341,0.0145787992931527,0.0,0.0727126200635545,0.3617154252424981,0.1840730237188522,0.0,0.0,0.2735257578477903,0.0,0.0,0.0,0.0,0.0320572738847954,0.100050210762948,0.0,0.0,0.0,0.0,0.0,0.1917481546885623,0.0,0.0,0.0,0.0,0.1707388399826443,0.0,0.3809850399777238,0.3193706511084149,0.2475205497049871,0.4763093365989452,0.4574469774826589,0.0,0.4156943786608958,0.0,0.1486069332414027,0.3438273249017619,0.0,0.0,0.0,0.0,0.459448088396342,0.0,0.0,0.0,0.3020520104156953,0.0,0.0,0.0,0.2992319153125293,0.2041756995581485,0.0,0.0,0.0
0.3688495890415827,0.0,0.3490234937767633,0.0,0.0,0.4769367424109569,0.0,0.2492866189253552,0.5268721661689165,0.5072983950196102,0.0,0.0,0.37982650669981,0.0,0.0,0.0,0.5645650338664724,0.5741854891758118,0.0903079332574244,0.0,0.0633576579331474,0.0,0.3090783289685557,0.5844859767548264,0.5557743083965776,0.6232783196769062,0.3347011917088321,0.1355487694377339,0.0,0.0,0.0,0.03377322512173,0.3936464902531209,0.0,0.0,0.0,0.0,0.3239227208781065,0.0723879342684947,0.4394847686179549,0.0,0.2764904609104163,0.0,0.0,0.0735618609255418,0.0,0.0,0.0,0.0,0.0,0.0,0.0,0.0,0.0,0.3030298891684623,0.0,0.7628831901799337,0.2338454153757155,0.0,0.0,0.0,0.3618545467010606,0.3669853323524448,0.0,0.0,0.0,0.0,0.0,0.6090065632533811,0.2232001590953318,0.4992846480506835,0.0,0.0252995491717606,0.0,0.0,0.0
0.4503737383803892,0.4632106976445198,0.3555874640805292,0.1457187787382195,0.3572042431629848,0.5553084721876791,0.5044399994314418,0.1916228686225341,0.4987478035543702,0.4137679690903675,0.2985584871152488,0.37982650669981,0.0,0.1142743813759292,0.3064090363986701,0.2746891323150958,0.3730112772366631,0.4043923133448593,0.1121787465697043,0.4530434755718528,0.3455509739885726,0.3543903245442339,0.4621712819170251,0.2934434441040723,0.3868932689671936,0.3957054839533767,0.4015769875821872,0.6119388802718266,0.5284014059667129,0.3656651419205786,0.0616121230901824,0.0976973505194646,0.2304532591202524,0.0,0.0,0.0,0.0,0.1875476180755808,0.0442627985338495,0.2868552553256329,0.3501430505875155,0.1218368795876773,0.0,0.0,0.1270918134482515,0.0,0.0,0.3065897599363265,0.0,0.0,0.411993989898573,0.2389925569363041,0.2668967569625066,0.0,0.0,0.1247629239413406,0.4796365445679367,0.0,0.0,0.1697708473179694,0.0,0.0,0.0,0.0,0.2374981564524241,0.0,0.3037867483531976,0.3656051047195137,0.0,0.4032943921669434,0.3926488354200501,0.3017703743764334,0.0,0.3657372367692016,0.0,0.0
0.0,0.0,0.0,0.3577074363302083,0.5396209714241809,0.0,0.3555108347050716,0.1336622671442038,0.0,0.0,0.4141013888034861,0.0,0.1142743813759292,0.0,0.0,0.0,0.0,0.0,0.0,0.0,0.0,0.0,0.0,0.0,0.0,0.0,0.0,0.3007519317800223,0.0,0.0,0.3596274959639549,0.0,0.0,0.172509941004858,0.0,0.565247262714259,0.4366237734503522,0.0,0.0,0.0,0.0,0.0,0.4759768765897204,0.0,0.0,0.0,0.0,0.0,0.0,0.0,0.0,0.0,0.0,0.0,0.0,0.1885149064237081,0.0,0.0,0.0,0.0,0.0,0.0,0.0,0.0,0.0,0.0,0.0,0.0,0.0,0.0,0.0,0.0,0.0,0.0,0.0,0.0
0.1043784746818764,0.4859113244051887,0.0,0.0,0.0,0.3111342996383869,0.0,0.095566077690905,0.0,0.0,0.0,0.0,0.3064090363986701,0.0,0.0,0.2326678961092967,0.0,0.0886057379309961,0.0,0.6303941677902916,0.4264969490495307,0.6832423330272781,0.3019942894043523,0.0,0.2739950728581622,0.3929245428749594,0.4243660529448932,0.1945080797684968,0.2421776161767281,0.0,0.0924754182476357,0.1358709848955861,0.0,0.0230093951004212,0.0,0.0,0.0,0.0,0.2690563076237605,0.0142043386414567,0.150070018265107,0.0,0.2893999976056183,0.0,0.0,0.0,0.5668560661027914,0.0,0.0,0.0,0.5276074902289343,0.0,0.2049315361038001,0.0,0.0,0.0,0.0,0.4643972703197897,0.0,0.6787633695310886,0.1476132784398237,0.0,0.0,0.0,0.5365353039705653,0.3561971410404093,0.5907047076685575,0.3768577895271111,0.0,0.453624473469768,0.5325357040034907,0.5118893419254418,0.452993670272168,0.5413365311580467,0.0,0.3798081850650188
0.6533753716903471,0.6405321079366232,0.0,0.0,0.0,0.4114514470739347,0.0,0.0,0.2510758691344993,0.5297971603877257,0.0,0.0,0.2746891323150958,0.0,0.2326678961092967,0.0,0.5319390654727557,0.7466694994022087,0.0,0.3250783185814673,0.3586517193553261,0.6972065301004925,0.2425237445913976,0.0,0.6369150712811081,0.480986368113321,0.5151975255833079,0.0,0.4439271192545032,0.0,0.1731251507819178,0.3727100887541221,0.5887319434819234,0.2954400863918681,0.0,0.0,0.0,0.0,0.2901739704386389,0.504365176038381,0.1803731994000386,0.3007511697863014,0.0,0.0,0.0,0.5743475654780017,0.5762029924241382,0.0,0.0,0.0,0.0,0.0,0.0,0.0,0.0,0.0,0.0,0.0,0.0,0.2847494102039022,0.613899567034706,0.0,0.4848075494282725,0.0,0.2637147197053466,0.1983790514020876,0.4263591131226919,0.2438918782850497,0.0,0.3113706212507593,0.3814263317550499,0.4516594228874278,0.0,0.5591212265602901,0.0,0.0
0.5368110684233117,0.7331077974313466,0.0,0.0,0.0,0.5726511024963261,0.0601670361118284,0.0,0.0,0.8149542594252434,0.0045450359303199,0.5645650338664724,0.3730112772366631,0.0,0.0,0.5319390654727557,0.0,0.7106808410975258,0.0,0.1588829250453349,0.0,0.2804515982920889,0.0,0.4320273235219736,0.8625755107590498,0.7328732725044803,0.0,0.1827313010660515,0.3525563549053118,0.0,0.0662446556653966,0.1935895030156946,0.4375043450049185,0.0,0.0,0.0,0.0,0.2077683645104478,0.0,0.3375490609603444,0.0,0.0,0.0,0.0,0.0,0.0,0.0,0.0,0.0,0.0,0.0,0.0,0.0,0.0,0.608657288311816,0.0,0.6772952869088528,0.0,0.0,0.0,0.0,0.60915945672062,0.5246828143814417,0.0,0.0,0.0,0.0,0.0,0.4998980867765885,0.4515225469889418,0.5760110873879047,0.0,0.0,0.0,0.0,0.0
0.6027441424687361,0.7032489763717367,0.0,0.0,0.0,0.5863091419177595,0.0,0.0,0.4497899344840906,0.6234185239663844,0.0,0.5741854891758118,0.4043923133448593,0.0,0.0886057379309961,0.7466694994022087,0.7106808410975258,0.0,0.0,0.1385045207247341,0.1624991469651678,0.3707950939630605,0.2874108375672828,0.4277284662351812,0.7749898369303829,0.7305606663970122,0.5135697911615498,0.0942088534957323,0.2544206116137256,0.0,0.0,0.3341706477049653,0.7009221328132273,0.0,0.0,0.0,0.0,0.0,0.3172579870715898,0.7507440916970571,0.157341345063215,0.5304478030154777,0.0,0.0,0.0,0.6096247751806757,0.510911679499767,0.0,0.0,0.0,0.0,0.0,0.0,0.0,0.3576588467797791,0.0,0.5084936968491364,0.0,0.0,0.0,0.8092097556889182,0.4300299728454294,0.6548285132034427,0.0,0.0,0.0,0.3398984923221859,0.0,0.4882958233114276,0.3340169175960775,0.5166722524955157,0.0,0.0,0.0,0.0,0.0
0.0,0.0,0.6523437779235143,0.0099162683545298,0.2274397779778433,0.5483310115287391,0.1169360260223426,0.3026968601074669,0.4066903650289478,0.3943740665325567,0.400871576283739,0.0903079332574244,0.1121787465697043,0.0,0.0,0.0,0.0,0.0,0.0,0.0,0.0,0.0,0.5324341727404649,0.0,0.0,0.0,0.5322592409615875,0.0,0.0,0.0,0.2422172263380924,0.1422879928989231,0.0,0.0304272031201852,0.0,0.0,0.0,0.0,0.0695532895596627,0.0,0.0,0.0,0.0,0.0,0.0,0.0,0.0,0.228132861986055,0.0,0.0,0.4100695025610179,0.1461006652951663,0.219803285200317,0.0631851634440513,0.0,0.0751288503011107,0.0,0.0251240845341029,0.0,0.0,0.0,0.0,0.0,0.8481861900796365,0.0,0.0,0.0,0.4396144442442729,0.0,0.0,0.0,0.3891455017423407,0.0,0.0,0.0,0.0
0.333666925380598,0.3737675265942742,0.0,0.0,0.4409943713056735,0.5026775728246723,0.4069058710951552,0.2331332607308825,0.5794219819127474,0.3656611164663701,0.0,0.0,0.4530434755718528,0.0,0.6303941677902916,0.3250783185814673,0.1588829250453349,0.1385045207247341,0.0,0.0,0.5642704991956325,0.8423458064859994,0.5301784128387991,0.0,0.347999266501124,0.3474601680082691,0.670295748421226,0.3562398039764189,0.7047039424149437,0.5426083331201552,0.4129381629518706,0.1074582942882718,0.0,0.0606185345498002,0.0,0.0588578527447088,0.091408406645753,0.0,0.0,0.0,0.0709101415560483,0.0,0.171005483008295,0.0,0.0,0.0,0.3625836233575509,0.0,0.0,0.0,0.4899762722273353,0.0,0.3069893151664833,0.0,0.0,0.0,0.0,0.2774989213241415,0.0,0.6152744856762874,0.2416988411945889,0.0,0.0,0.0,0.6181285194439016,0.5346184297149676,0.6938418839994812,0.4999521152091812,0.0,0.4220775378323217,0.4056577884501165,0.6237664524794615,0.3363268280140188,0.6068834211297853,0.2747485031102856,0.3656201911395815
0.5451032672281324,0.4427776980642946,0.0,0.0,0.0,0.4359825114481561,0.0,0.3862572674184542,0.0,0.0,0.0,0.0633576579331474,0.3455509739885726,0.0,0.4264969490495307,0.3586517193553261,0.0,0.1624991469651678,0.0,0.5642704991956325,0.0,0.619648234552391,0.6905493909030761,0.0786183369565765,0.4946599058023637,0.5129083026671786,0.5409268009680119,0.2065082781606796,0.7159763322108389,0.0,0.5203764967172039,0.33425636884789,0.120472834242203,0.2167145044234717,0.0,0.0,0.0,0.0,0.1469004795013715,0.0446837927779492,0.1030013584330214,0.0,0.0,0.0,0.0,0.4725223832635779,0.3230998667351458,0.0,0.0,0.0,0.3853221919601799,0.0,0.2905837711417264,0.0,0.0,0.0,0.0,0.0351569850537872,0.0,0.3969810200464618,0.2967457286773453,0.0,0.0,0.0,0.253346765084436,0.7802386555094711,0.5071925750520846,0.5413226571159466,0.0,0.5110051303922075,0.5724117816603318,0.3758236247772382,0.0150552152947407,0.5448378172305796,0.0,0.3339707756165934
0.4911890918484354,0.5849681362503633,0.0,0.0,0.1362663756130207,0.4806250909510745,0.2036376331923472,0.0336988136256145,0.4600719475620815,0.4948927608945457,0.0,0.0,0.3543903245442339,0.0,0.6832423330272781,0.6972065301004925,0.2804515982920889,0.3707950939630605,0.0,0.8423458064859994,0.619648234552391,0.0,0.4788190616569473,0.0,0.5283282400103633,0.4973488042185778,0.6669512007088662,0.1420667879700946,0.6418758334754601,0.2704703477465819,0.2978119413729402,0.231094752272565,0.2065768169433719,0.2434850148015906,0.0,0.0,0.0,0.0,0.2462926599366091,0.2073189537693981,0.143615011434336,0.0,0.0312764859979612,0.0,0.0,0.3449909823781846,0.6127019241371529,0.0,0.0,0.0,0.5045747997722615,0.0,0.0,0.0,0.0,0.0,0.0,0.0,0.0,0.6787100595764569,0.4576789165724736,0.0,0.5033888551779354,0.0,0.6052373672847114,0.5370657402051583,0.7951259789887171,0.4853102034190264,0.0,0.4981260863199852,0.5636182762904084,0.6374675560210238,0.2714667149275602,0.7776643776148138,0.0,0.2837751272591643
0.5097587322847472,0.4384418859236122,0.684194957617963,0.0,0.4670257533436226,0.7120909088151057,0.2642181939507141,0.5633496033049974,0.5959617708582158,0.5611988934076297,0.4288464771691341,0.3090783289685557,0.4621712819170251,0.0,0.3019942894043523,0.2425237445913976,0.0,0.2874108375672828,0.5324341727404649,0.5301784128387991,0.6905493909030761,0.4788190616569473,0.0,0.4018295293518784,0.5203995604922443,0.5641263511174848,0.7778475684929411,0.2651495603666123,0.748514144670906,0.545837689030583,0.362605827049829,0.2056020824390149,0.1508772519103085,0.0,0.0,0.0,0.0,0.0,0.0173430910733065,0.1239408559323415,0.0,0.0,0.0,0.0227301286948885,0.0,0.0,0.2318398783117503,0.4053243793451486,0.0,0.0,0.4912458382995601,0.0867602283501686,0.5242620629664153,0.0,0.0,0.0,0.0,0.0719414596046844,0.0,0.3448466674822587,0.0,0.0,0.0,0.3926649046571656,0.2356764955666345,0.47483496023436,0.4215708323625555,0.8746592970751428,0.0,0.4090771213241945,0.5102974518521666,0.5470347773657077,0.0,0.5187907783360537,0.3345755418903619,0.1997846634757092
0.3952766883627455,0.0,0.0,0.0,0.0,0.0,0.0,0.2750385069694405,0.4008079048305134,0.4310152393988533,0.0145787992931527,0.5844859767548264,0.2934434441040723,0.0,0.0,0.0,0.4320273235219736,0.4277284662351812,0.0,0.0,0.0786183369565765,0.0,0.4018295293518784,0.0,0.398916485741795,0.523147488410043,0.3780858913549393,0.478956256399784,0.0,0.0,0.0,0.287868721510807,0.4035967828702155,0.0,0.0,0.0,0.0,0.3665064813287904,0.1466470760359436,0.3711131022108141,0.0,0.0,0.0,0.0,0.1872324059597563,0.483825054402489,0.0,0.0,0.0,0.0,0.0,0.0,0.0,0.0,0.1479225795320246,0.0,0.4730368445586695,0.0,0.0,0.0,0.3948205512188126,0.3283195979387834,0.2764616836928795,0.0,0.0,0.0,0.0,0.0,0.8773055734318538,0.0746162379066434,0.3220947472411436,0.0,0.1248779937784534,0.0,0.0,0.0
0.6049510921365107,0.8498759910823313,0.0,0.0,0.0,0.6587364134556727,0.0916701107704481,0.1470404073238711,0.6064044204344194,0.8727604876610493,0.0,0.5557743083965776,0.3868932689671936,0.0,0.2739950728581622,0.6369150712811081,0.8625755107590498,0.7749898369303829,0.0,0.347999266501124,0.4946599058023637,0.5283282400103633,0.5203995604922443,0.398916485741795,0.0,0.9107739941512184,0.6621330526879269,0.1698622372751316,0.4636157666564828,0.0,0.0346373087715759,0.2071948223736449,0.4018383318757318,0.0,0.0,0.0,0.0,0.2422806109570358,0.142114629052505,0.3668146556175352,0.0222891762045633,0.0779119785761181,0.0,0.0,0.0,0.5763735364805463,0.6424195185874582,0.0,0.0,0.0,0.0,0.0,0.0,0.0,0.732599148957543,0.0,0.6713196132998535,0.1447335781396772,0.0,0.3973503497438628,0.5696636913328078,0.676434166359902,0.6832244998551108,0.0,0.2659866077235134,0.3846280180674994,0.4236609201243227,0.4708327233238165,0.4651634047331254,0.7414130267922832,0.83020510626428,0.0,0.0,0.4870747840059484,0.0,0.0
0.5018866031485438,0.8387020649270253,0.0,0.0,0.0,0.6932711096572445,0.1340178565203115,0.2552868197716333,0.5946155030743298,0.742664687086132,0.0727126200635545,0.6232783196769062,0.3957054839533767,0.0,0.3929245428749594,0.480986368113321,0.7328732725044803,0.7305606663970122,0.0,0.3474601680082691,0.5129083026671786,0.4973488042185778,0.5641263511174848,0.523147488410043,0.9107739941512184,0.0,0.6581679359901501,0.1601353473365334,0.3704720740771267,0.0,0.0,0.3145363588918466,0.4264947952704382,0.0,0.0,0.0,0.0,0.340573002361319,0.3064711103420002,0.4557468292219868,0.0,0.0283333765327891,0.0,0.0,0.0369721778312903,0.4809854258931559,0.723065732738814,0.0,0.0,0.0,0.5844547571150674,0.0,0.0,0.0,0.5889444332221786,0.0,0.5786786661091968,0.3563796548753291,0.0,0.5801105934540521,0.5978455812888603,0.6195040374524328,0.6542525818209518,0.0,0.4122920995177479,0.457487844244198,0.524543244065122,0.6291160121349197,0.5673203621806203,0.7021141986248421,0.91556749297209,0.5882612991201556,0.1581305593085058,0.5321726237336574,0.0,0.0
0.5421905741375442,0.5925345787519501,0.7850656210806025,0.0,0.2331372148297663,0.7722192508529203,0.1896046969312543,0.2285483606930105,0.7600978783676609,0.6571719148642255,0.3617154252424981,0.3347011917088321,0.4015769875821872,0.0,0.4243660529448932,0.5151975255833079,0.0,0.5135697911615498,0.5322592409615875,0.670295748421226,0.5409268009680119,0.6669512007088662,0.7778475684929411,0.3780858913549393,0.6621330526879269,0.6581679359901501,0.0,0.2517838530275146,0.6636747986060039,0.2471131800520575,0.1471821298085323,0.2938801177695326,0.2933795243692673,0.0,0.0,0.0,0.0,0.1535933781362953,0.0976311026694681,0.2812864560969442,0.0,0.0,0.0,0.0,0.0,0.0,0.4522499886569484,0.6010197910653015,0.0,0.0411962850667621,0.5917914587649835,0.1940965040804118,0.1703290708410965,0.224003413184976,0.0,0.0568810387004471,0.0,0.1146876062744032,0.0,0.5531243109712524,0.0,0.0,0.0,0.3461828812778659,0.4723149573896621,0.3731370636688286,0.5653272586179279,0.770194794222736,0.0,0.0,0.5527257646532348,0.8775200708263016,0.0837090915343512,0.6402222675326019,0.3329714462892928,0.0765029974495105
0.323950126065885,0.1454119176207725,0.1605201392652319,0.06915546239552,0.2460361643349302,0.0995573095226531,0.3590839704877852,0.1202231542630049,0.3065467567974156,0.2331544264123223,0.1840730237188522,0.1355487694377339,0.6119388802718266,0.3007519317800223,0.1945080797684968,0.0,0.1827313010660515,0.0942088534957323,0.0,0.3562398039764189,0.2065082781606796,0.1420667879700946,0.2651495603666123,0.478956256399784,0.1698622372751316,0.1601353473365334,0.2517838530275146,0.0,0.1622800225692506,0.4321493724554187,0.2256499662842958,0.1406672747635301,0.0302939823548605,0.0,0.0,0.4113198916710344,0.2421267869869108,0.2344474445227347,0.0,0.0313811837723849,0.2654926330357706,0.0469328503248121,0.2325485927307987,0.0,0.1581346605689877,0.0,0.0,0.158809400894287,0.0,0.0,0.0812618346468368,0.0,0.1984243739620142,0.1247966641649835,0.2648527949735796,0.0,0.2207540265706418,0.2455926612294289,0.0,0.0813843866786362,0.0,0.0,0.0,0.0,0.1345472238206342,0.0445534347763483,0.1168645652237003,0.1690502404498565,0.0,0.1275383531946128,0.1340351929688763,0.2360742029966875,0.5569718816023347,0.0791639276060246,0.0,0.4363816407529952
0.5701232728761743,0.3808919046810644,0.0,0.0,0.5141051083329444,0.6529570097752655,0.3583158263517708,0.3769201130474431,0.4865846923579368,0.5204976414380638,0.0,0.0,0.5284014059667129,0.0,0.2421776161767281,0.4439271192545032,0.3525563549053118,0.2544206116137256,0.0,0.7047039424149437,0.7159763322108389,0.6418758334754601,0.748514144670906,0.0,0.4636157666564828,0.3704720740771267,0.6636747986060039,0.1622800225692506,0.0,0.5927068882375118,0.5372400232578645,0.0851091331774736,0.1455277316791942,0.1165956814500397,0.0,0.0,0.0419868492930402,0.0,0.0,0.070014659985791,0.079822139525492,0.0,0.0,0.0,0.0,0.0,0.2345913820101393,0.1492518651750818,0.0,0.0,0.3824452882736271,0.1157056510936442,0.2877364630867856,0.0,0.0,0.0,0.0,0.0,0.0,0.2494072412280189,0.0,0.0,0.0,0.0,0.2045399052289141,0.5385553711792268,0.4933408651942699,0.499961710843575,0.0,0.0,0.3862123431241632,0.370223755701855,0.0,0.5375367497643189,0.1807181543280273,0.2198780403370359
0.0,0.0,0.0,0.0,0.0,0.232647552894197,0.0,0.5886078903890021,0.1923334260738163,0.0,0.0,0.0,0.3656651419205786,0.0,0.0,0.0,0.0,0.0,0.0,0.5426083331201552,0.0,0.2704703477465819,0.545837689030583,0.0,0.0,0.0,0.2471131800520575,0.4321493724554187,0.5927068882375118,0.0,0.7268862483412298,0.0,0.0,0.1138444398753416,0.0225904630692684,0.0,0.0,0.0,0.0,0.0,0.0,0.0,0.0,0.0,0.0,0.0,0.0,0.0,0.0,0.0,0.0,0.0,0.0,0.0,0.0,0.0,0.0,0.0,0.0,0.0,0.0,0.0,0.0,0.0,0.0,0.0,0.0,0.2568367172645875,0.0,0.0,0.0,0.0,0.0,0.0616235265853302,0.0,0.0
0.2477771773650621,0.0,0.0461482548662719,0.0,0.4606861340739109,0.0,0.3191636157328417,0.4125439146123346,0.0,0.1085443026847249,0.2735257578477903,0.0,0.0616121230901824,0.3596274959639549,0.0924754182476357,0.1731251507819178,0.0662446556653966,0.0,0.2422172263380924,0.4129381629518706,0.5203764967172039,0.2978119413729402,0.362605827049829,0.0,0.0346373087715759,0.0,0.1471821298085323,0.2256499662842958,0.5372400232578645,0.7268862483412298,0.0,0.0621109131409465,0.0,0.4618081839102369,0.3073504837606342,0.5299201831885065,0.5106905794805725,0.0,0.0,0.0,0.0097341429207038,0.0,0.2844820730923308,0.0,0.0,0.0,0.0,0.0,0.0,0.0,0.0,0.0,0.3076744298414237,0.0,0.2069759441754146,0.0,0.0,0.0,0.0,0.0,0.0,0.1285564614812729,0.0174657125429762,0.0,0.0,0.344627061541015,0.0420516840336991,0.0468182399815585,0.0,0.1202224382930248,0.0,0.0,0.0,0.0,0.0,0.3629833928591322
0.31542424965285,0.2650947450682489,0.2345584389962182,0.0831479451701939,0.0,0.1138932170004651,0.1487520271654543,0.0268299503244159,0.0,0.1259971173177997,0.0,0.03377322512173,0.0976973505194646,0.0,0.1358709848955861,0.3727100887541221,0.1935895030156946,0.3341706477049653,0.1422879928989231,0.1074582942882718,0.33425636884789,0.231094752272565,0.2056020824390149,0.287868721510807,0.2071948223736449,0.3145363588918466,0.2938801177695326,0.1406672747635301,0.0851091331774736,0.0,0.0621109131409465,0.0,0.4813757476813083,0.1424072603765366,0.0,0.0,0.0,0.3900854213335111,0.7919531778024815,0.4470806451362576,0.2629123128864067,0.3463750057939114,0.0481787311416099,0.0,0.2730551718318035,0.2691416608522411,0.2300667913461453,0.3680387769985423,0.0,0.0,0.1508601914803763,0.157382169208243,0.0,0.0,0.0,0.0,0.0,0.1468369823642951,0.0,0.3377507578092795,0.3701384836717927,0.0,0.1008936396740801,0.1018331500626542,0.2546853121649276,0.3138424151919203,0.2574419704801831,0.3670603828970651,0.28423612523878,0.0818253790149004,0.1592527037686072,0.353724583545828,0.1123669134537121,0.2876975911287011,0.0,0.1698881713446588
0.6095118640518784,0.3475854419031209,0.2645680272343609,0.0,0.0,0.3200650008784192,0.0,0.0,0.1118044749398009,0.3475434436194857,0.0,0.3936464902531209,0.2304532591202524,0.0,0.0,0.5887319434819234,0.4375043450049185,0.7009221328132273,0.0,0.0,0.120472834242203,0.2065768169433719,0.1508772519103085,0.4035967828702155,0.4018383318757318,0.4264947952704382,0.2933795243692673,0.0302939823548605,0.1455277316791942,0.0,0.0,0.4813757476813083,0.0,0.1399996425346902,0.0,0.0,0.0,0.490385784530817,0.3565959598813956,0.7778972583657753,0.2297676870908742,0.4975936074466593,0.0,0.0,0.4378451753715195,0.585379157777294,0.2042640590655617,0.0,0.0,0.0,0.0,0.0,0.0,0.0,0.0,0.0,0.2777467476449163,0.0,0.0,0.0342030541613479,0.6589211884499088,0.0939445323498552,0.3226192132335739,0.0,0.1564496168935308,0.0,0.1118108534897752,0.225440561565426,0.3956932910481561,0.0,0.1753284382723907,0.234904644654326,0.0,0.0,0.0,0.0
0.1415653618434385,0.0,0.0,0.2487182035090538,0.0,0.0,0.0,0.0,0.0,0.0,0.0,0.0,0.0,0.172509941004858,0.0230093951004212,0.2954400863918681,0.0,0.0,0.0304272031201852,0.0606185345498002,0.2167145044234717,0.2434850148015906,0.0,0.0,0.0,0.0,0.0,0.0,0.1165956814500397,0.1138444398753416,0.4618081839102369,0.1424072603765366,0.1399996425346902,0.0,0.5523555508736692,0.1271194115761486,0.2365324689712164,0.0,0.0905255055515804,0.0,0.289336814114355,0.0,0.093653048892907,0.0082433743088695,0.0300519006834711,0.0118733896066273,0.0,0.0,0.0,0.0,0.0,0.0735129809755889,0.0,0.0,0.0,0.0,0.0,0.0,0.0,0.0,0.0,0.0,0.0,0.0,0.0,0.1478299179014039,0.0,0.0,0.0,0.0,0.0,0.0,0.0,0.0,0.0,0.022841153648851
0.0,0.0,0.0,0.2358897672833024,0.0132683870596589,0.0,0.0,0.0,0.0,0.0,0.0,0.0,0.0,0.0,0.0,0.0,0.0,0.0,0.0,0.0,0.0,0.0,0.0,0.0,0.0,0.0,0.0,0.0,0.0,0.0225904630692684,0.3073504837606342,0.0,0.0,0.5523555508736692,0.0,0.3350145470555746,0.3219106639854819,0.0,0.0,0.0,0.0,0.0,0.1366948519776818,0.1166486465182809,0.0,0.0,0.0,0.0,0.0,0.0,0.0,0.0,0.0,0.0,0.0,0.0,0.0,0.0,0.0,0.0,0.0,0.0,0.0,0.0,0.0,0.0,0.0,0.0,0.0,0.0,0.0,0.0,0.0,0.0,0.0,0.0
0.0,0.0,0.0,0.0,0.3161219377135156,0.0,0.3538123215150567,0.3121916710065341,0.0,0.0,0.0320572738847954,0.0,0.0,0.565247262714259,0.0,0.0,0.0,0.0,0.0,0.0588578527447088,0.0,0.0,0.0,0.0,0.0,0.0,0.0,0.4113198916710344,0.0,0.0,0.5299201831885065,0.0,0.0,0.1271194115761486,0.3350145470555746,0.0,0.7257436454630921,0.0,0.0,0.0,0.0,0.0,0.5354740947656723,0.4985255683392308,0.0,0.0,0.0,0.0,0.0,0.0,0.0,0.0,0.3674982372597468,0.0,0.0,0.0,0.0,0.0,0.0,0.0,0.0,0.0,0.0,0.0,0.0,0.0,0.0,0.0,0.0,0.0,0.0,0.0,0.0730817333746998,0.0,0.0,0.0
0.0,0.0,0.0,0.0,0.2595229392102146,0.0,0.2745530323272848,0.2019103641024162,0.0,0.0,0.100050210762948,0.0,0.0,0.4366237734503522,0.0,0.0,0.0,0.0,0.0,0.091408406645753,0.0,0.0,0.0,0.0,0.0,0.0,0.0,0.2421267869869108,0.0419868492930402,0.0,0.5106905794805725,0.0,0.0,0.2365324689712164,0.3219106639854819,0.7257436454630921,0.0,0.0,0.0,0.0,0.0267658719681348,0.0,0.5208292740159447,0.0,0.0,0.0,0.0,0.0,0.0,0.0,0.0,0.0,0.0,0.0,0.0,0.0,0.0,0.0,0.0,0.0,0.0,0.0,0.0,0.0,0.0,0.0,0.0,0.0,0.0,0.0,0.0,0.0,0.0,0.0,0.0,0.0
0.2680637575534106,0.0,0.0,0.0,0.0,0.0766100102058552,0.0,0.0,0.0854550146114357,0.2004665314277498,0.0,0.3239227208781065,0.1875476180755808,0.0,0.0,0.0,0.2077683645104478,0.0,0.0,0.0,0.0,0.0,0.0,0.3665064813287904,0.2422806109570358,0.340573002361319,0.1535933781362953,0.2344474445227347,0.0,0.0,0.0,0.3900854213335111,0.490385784530817,0.0,0.0,0.0,0.0,0.0,0.3988114167351159,0.4996559727679058,0.2002247071160345,0.4568080256708498,0.0,0.0,0.5476628502519415,0.0,0.0,0.0,0.0,0.0,0.0,0.0,0.0,0.0,0.0,0.0,0.2144606143612724,0.0,0.0,0.0,0.0,0.0,0.0,0.0,0.0,0.0,0.0,0.0,0.3738359247492228,0.0,0.2211593958832332,0.0,0.3019939559325825,0.0,0.0,0.0
0.0819329364503844,0.2902846134434312,0.0968790779338673,0.0,0.0,0.074416253103002,0.1261601183672284,0.0,0.0,0.0,0.0,0.0723879342684947,0.0442627985338495,0.0,0.2690563076237605,0.2901739704386389,0.0,0.3172579870715898,0.0695532895596627,0.0,0.1469004795013715,0.2462926599366091,0.0173430910733065,0.1466470760359436,0.142114629052505,0.3064711103420002,0.0976311026694681,0.0,0.0,0.0,0.0,0.7919531778024815,0.3565959598813956,0.0905255055515804,0.0,0.0,0.0,0.3988114167351159,0.0,0.5079686594183601,0.3972927855530862,0.3938273835293929,0.1674088430064018,0.0710941542848337,0.316710929980724,0.0600646936488325,0.4006646772870231,0.442814927596747,0.4303746873711394,0.2406387104832014,0.3435551600321032,0.4424530620209438,0.0,0.2942337372230181,0.0,0.0472658858888964,0.0,0.4344109814554246,0.0,0.4964345492965177,0.3924817480457595,0.0,0.0615268005133879,0.0612496633501004,0.4659926142061716,0.3084774469626897,0.3961048944525731,0.319784512625382,0.2168856886028501,0.1474970976747099,0.2529453245301281,0.3693619648148371,0.3291347920988314,0.454711937686217,0.4370999781329432,0.2326854120630745
0.4715325027695554,0.3634338170302187,0.0,0.0,0.0,0.0,0.0,0.0,0.0,0.3149021067160884,0.0,0.4394847686179549,0.2868552553256329,0.0,0.0142043386414567,0.504365176038381,0.3375490609603444,0.7507440916970571,0.0,0.0,0.0446837927779492,0.2073189537693981,0.1239408559323415,0.3711131022108141,0.3668146556175352,0.4557468292219868,0.2812864560969442,0.0313811837723849,0.070014659985791,0.0,0.0,0.4470806451362576,0.7778972583657753,0.0,0.0,0.0,0.0,0.4996559727679058,0.5079686594183601,0.0,0.3445121385537585,0.5496558584520524,0.0,0.0,0.4485349241355635,0.4850026792387426,0.3528553051856687,0.4745262585538241,0.0,0.0,0.2756505873723306,0.0665221666912074,0.0,0.0503711147190049,0.0,0.0889441729990586,0.3239134216360604,0.2948978399720701,0.0,0.2069363807265397,0.837047533798203,0.12259027028839,0.4419159488719569,0.0485559262814768,0.3845763097216451,0.0,0.3084011573507412,0.279883923969316,0.4167498574961235,0.0818112490800199,0.2970769713193121,0.34954759157302,0.1453644549046479,0.4201441757875681,0.493727450491298,0.0
0.2263315015596873,0.1081838752765368,0.0,0.0,0.0,0.0,0.1954453409607951,0.0,0.0,0.0,0.0,0.0,0.3501430505875155,0.0,0.150070018265107,0.1803731994000386,0.0,0.157341345063215,0.0,0.0709101415560483,0.1030013584330214,0.143615011434336,0.0,0.0,0.0222891762045633,0.0,0.0,0.2654926330357706,0.079822139525492,0.0,0.0097341429207038,0.2629123128864067,0.2297676870908742,0.289336814114355,0.0,0.0,0.0267658719681348,0.2002247071160345,0.3972927855530862,0.3445121385537585,0.0,0.3374000986781078,0.1114202840071845,0.0,0.2853609138734103,0.1498686817210389,0.0395317214211664,0.0,0.2960576481285727,0.1593280778270361,0.0760345694439875,0.2061919408872652,0.0,0.0075876884451094,0.0594307254490014,0.0,0.0955139629858323,0.2128311531346164,0.1614184460847902,0.0214234804256006,0.2861339851898313,0.0072572875526081,0.2177899641676508,0.0212434967632002,0.1013659053256904,0.1164811312882602,0.1459629951912368,0.0,0.0,0.0780940756693791,0.0446096443760259,0.0,0.3321371435030391,0.1359976685847692,0.4398821183225683,0.3613277558041244
0.0,0.0,0.0,0.0,0.0,0.0,0.0,0.0,0.0,0.0875927044672768,0.0,0.2764904609104163,0.1218368795876773,0.0,0.0,0.3007511697863014,0.0,0.5304478030154777,0.0,0.0,0.0,0.0,0.0,0.0,0.0779119785761181,0.0283333765327891,0.0,0.0469328503248121,0.0,0.0,0.0,0.3463750057939114,0.4975936074466593,0.0,0.0,0.0,0.0,0.4568080256708498,0.3938273835293929,0.5496558584520524,0.3374000986781078,0.0,0.0,0.0,0.4710164920645051,0.3126146819105184,0.0,0.3659371400938354,0.1541277276796162,0.0,0.0,0.0,0.0,0.0,0.0,0.2841776874981486,0.1001965706620605,0.0301077589552322,0.0,0.0,0.5364461122183497,0.0,0.0114589200527477,0.0,0.1003599924951655,0.0,0.0,0.0,0.1615048545537296,0.0,0.0,0.0798724069426816,0.0314535311251364,0.1056582640993162,0.2317805167650713,0.0
0.0,0.0,0.0,0.0,0.1902627562485708,0.0,0.4477350691084851,0.1033724098532268,0.0,0.0,0.1917481546885623,0.0,0.0,0.4759768765897204,0.2893999976056183,0.0,0.0,0.0,0.0,0.171005483008295,0.0,0.0312764859979612,0.0,0.0,0.0,0.0,0.0,0.2325485927307987,0.0,0.0,0.2844820730923308,0.0481787311416099,0.0,0.093653048892907,0.1366948519776818,0.5354740947656723,0.5208292740159447,0.0,0.1674088430064018,0.0,0.1114202840071845,0.0,0.0,0.8186931049511667,0.0,0.0,0.0,0.0,0.4321289561680415,0.5290330650405224,0.1073006173722542,0.5097008133083952,0.3712904980961412,0.3761607169301585,0.0816698807876025,0.0,0.0,0.3961008746067398,0.7456056288373144,0.2090461156238775,0.0,0.0,0.0,0.1514885092163674,0.1208123329616202,0.248552095358972,0.1715043742693684,0.0,0.0,0.1769504229834583,0.0,0.0,0.5419948961708602,0.0,0.0,0.6380634575764141
0.0,0.0,0.0,0.0,0.0,0.0,0.0,0.0,0.0,0.0,0.0,0.0,0.0,0.0,0.0,0.0,0.0,0.0,0.0,0.0,0.0,0.0,0.0227301286948885,0.0,0.0,0.0,0.0,0.0,0.0,0.0,0.0,0.0,0.0,0.0082433743088695,0.1166486465182809,0.4985255683392308,0.0,0.0,0.0710941542848337,0.0,0.0,0.0,0.8186931049511667,0.0,0.0,0.0,0.0,0.0,0.2471276745947834,0.4127034837829578,0.1775887086340038,0.4143826380479063,0.5023062420417773,0.2947792629779541,0.1655536304303592,0.0,0.0,0.2565554731026734,0.6158768805053677,0.0,0.0,0.0,0.0,0.1840157018670925,0.0,0.0,0.0,0.0551178273996731,0.0,0.0,0.0,0.0520106021224841,0.3748298040164813,0.0240228394457491,0.0,0.5303863259928902
0.0,0.0,0.0,0.0,0.0,0.0,0.0,0.0,0.0,0.0,0.0,0.0735618609255418,0.1270918134482515,0.0,0.0,0.0,0.0,0.0,0.0,0.0,0.0,0.0,0.0,0.1872324059597563,0.0,0.0369721778312903,0.0,0.1581346605689877,0.0,0.0,0.0,0.2730551718318035,0.4378451753715195,0.0300519006834711,0.0,0.0,0.0,0.5476628502519415,0.316710929980724,0.4485349241355635,0.2853609138734103,0.4710164920645051,0.0,0.0,0.0,0.195640792750975,0.0,0.0,0.0,0.0,0.0863853670416962,0.004987126788488,0.0,0.0196591199747305,0.0,0.2238091924714194,0.0,0.1540477393573547,0.0,0.0,0.0,0.0,0.0569962094912969,0.0,0.0,0.0,0.0,0.1396621288843278,0.1986191957226458,0.0,0.0,0.2537602951056626,0.2085155215475093,0.0,0.0,0.0
0.9271779621497214,0.2971655236079486,0.0,0.0,0.0,0.0,0.0,0.0,0.0,0.656379812646792,0.0,0.0,0.0,0.0,0.0,0.5743475654780017,0.0,0.6096247751806757,0.0,0.0,0.4725223832635779,0.3449909823781846,0.0,0.483825054402489,0.5763735364805463,0.4809854258931559,0.0,0.0,0.0,0.0,0.0,0.2691416608522411,0.585379157777294,0.0118733896066273,0.0,0.0,0.0,0.0,0.0600646936488325,0.4850026792387426,0.1498686817210389,0.3126146819105184,0.0,0.0,0.195640792750975,0.0,0.0538203997903048,0.0,0.0,0.0,0.0458380384832428,0.0,0.0,0.0,0.0,0.0,0.390724217741257,0.0,0.0,0.0,0.6876590332420466,0.0,0.5671902345644169,0.0,0.1275054629130129,0.2306146111760373,0.1780947779441307,0.3095281738511868,0.4533148477590047,0.0904263147503178,0.3434286974548402,0.2599349102224781,0.0,0.3229381580212115,0.0,0.0
0.130181769503245,0.8351846010388051,0.0,0.0,0.0,0.5543865785086431,0.0,0.0,0.0,0.0,0.0,0.0,0.0,0.0,0.5668560661027914,0.5762029924241382,0.0,0.510911679499767,0.0,0.3625836233575509,0.3230998667351458,0.6127019241371529,0.2318398783117503,0.0,0.6424195185874582,0.723065732738814,0.4522499886569484,0.0,0.2345913820101393,0.0,0.0,0.2300667913461453,0.2042640590655617,0.0,0.0,0.0,0.0,0.0,0.4006646772870231,0.3528553051856687,0.0395317214211664,0.0,0.0,0.0,0.0,0.0538203997903048,0.0,0.0,0.0,0.0,0.7506775163907491,0.6139595599886073,0.1233816742869487,0.4373374757867195,0.5277018437812578,0.0,0.0,0.5520280630686043,0.0,0.6282493052370673,0.4242638970858762,0.4793388758595492,0.5078322867195834,0.0,0.4950713704412787,0.3507594918474339,0.6085181042619832,0.4520198461755745,0.0,0.7507236589719004,0.787948332404619,0.6386301991402726,0.3538082799117663,0.6435902515391965,0.0,0.1472663522624456
