0.0,0.4439840290283285,0.0,0.0,0.0,0.1835913993661869,0.0,0.2028392983389183,0.0,0.4166536340280483,0.0,0.1151127150179576,0.0,0.0,0.6097538962604281,0.5394143819082187,0.2674709764257293,0.2524607448422752,0.0,0.4887272931989657,0.6152012530159982,0.6758132576222569,0.3530638473133944,0.5209612930569653,0.6005977801902723,0.4493414224044732,0.4208345316257525,0.4683400500258612,0.5493975136101176,0.0,0.5814038267534937,0.2674143577044287,0.2269010496667057,0.2450064318536156,0.1747842918920614,0.0,0.0,0.0,0.2263691211192322,0.591117333589145,0.4934529458668487,0.0,0.0,0.0,0.0,0.8906176823578538,0.4087948772034986,0.0,0.0,0.0,0.0,0.0,0.0,0.0,0.3655191097597997,0.0,0.0,0.0,0.0,0.0,0.5689331624388896,0.0,0.3390118795730218,0.0,0.0,0.5592409347457485,0.71159597734646,0.0,0.6419045368821579,0.4594467775263528,0.6156629241969279,0.0,0.0,0.0,0.0,0.0
0.4439840290283285,0.0,0.0,0.0,0.2127212955254003,0.7586286580374202,0.3601553195572325,0.5472225073058801,0.3208440398298121,0.0,0.0,0.0,0.6062865118683423,0.0,0.5597736363603867,0.6103928075133711,0.0,0.4864342112007577,0.0,0.692193940905213,0.2823623869800405,0.7536380991398797,0.639483332493982,0.0,0.7812636168423402,0.9243181355327204,0.5779834125769427,0.4940101603517169,0.6495736010550652,0.0,0.0523343627553642,0.0,0.2297279403419573,0.0,0.0,0.0,0.0,0.0,0.0,0.3873506584346852,0.2130924799454024,0.0,0.0,0.0,0.0,0.5365890756812685,0.8712333270413205,0.0,0.0,0.0,0.0,0.0,0.0,0.0,0.0,0.0,0.0,0.0,0.0,0.5513901556401757,0.2334207803106422,0.0,0.2548661877501965,0.0,0.6391332204203906,0.2822260054918604,0.5606291144949487,0.4666428403541483,0.0,0.5355093663422126,0.7882171960072826,0.5259099774504117,0.0,0.4782670884555516,0.0,0.2711145102247567
0.0,0.0,0.0,0.0,0.5819017692315872,0.6315521505357302,0.3253267387174348,0.7712537868071303,0.7525339844279285,0.2289203887533895,0.902654147136528,0.0,0.6011574352060227,0.0,0.0,0.0,0.0,0.0,0.8644814586769359,0.0,0.0,0.0,0.8468666974456441,0.0,0.0,0.0,0.8369243174224228,0.5045472866226068,0.0,0.4600762297177498,0.0806097448321966,0.0,0.0,0.0,0.0,0.0,0.0,0.0,0.0,0.0,0.0,0.0,0.0,0.0,0.0,0.0,0.0,0.9204431579223732,0.0,0.502455441902775,0.5587771182907053,0.0,0.6893949727587139,0.5966905553604848,0.0,0.8031163523190143,0.0,0.0,0.0659279029034827,0.0,0.0,0.0,0.0,0.8439463666142359,0.0,0.0,0.0,0.8465344475377911,0.0,0.0,0.0,0.792320533573844,0.0,0.0,0.0,0.0
0.0,0.0,0.0,0.0,0.1045879927613467,0.0,0.2918767630475353,0.0,0.0,0.0,0.0,0.0,0.1146779272637159,0.3101493655074435,0.0,0.0,0.0,0.0,0.0,0.0,0.0,0.0,0.0,0.0,0.0,0.0,0.0,0.2546654267381446,0.0,0.0,0.0,0.06714486797806,0.0,0.3193311576964994,0.0174033800474129,0.4428853503810237,0.272430731090777,0.0,0.0,0.0,0.0,0.0,0.0,0.0,0.0,0.0,0.0,0.0,0.0,0.0,0.0,0.0,0.0,0.0,0.0,0.0,0.0,0.0,0.0,0.0,0.0,0.0,0.0,0.0,0.0,0.0,0.0,0.0,0.0,0.0,0.0,0.0,0.0,0.0,0.0,0.0
0.0,0.2127212955254003,0.5819017692315872,0.1045879927613467,0.0,0.5399794022045916,0.3302643597518354,0.5292505657953174,0.897808012276269,0.2849427864280522,0.7249560912041766,0.2979920701712195,0.5340859317125334,0.103644502009637,0.0,0.0,0.0,0.0,0.4916583198129741,0.3026552590943138,0.0,0.2343793808105352,0.5402952245449198,0.0,0.1547952189597548,0.0,0.6638397109203947,0.3721504058539065,0.2227284079334995,0.0,0.0562165282801759,0.0,0.0,0.0,0.0,0.0,0.0333678193919323,0.0,0.0,0.0,0.0,0.0,0.0,0.0,0.0,0.0,0.0,0.7204872392087626,0.0,0.0,0.0,0.0,0.5782587028665791,0.8713616075610738,0.0,0.8290395965467308,0.0,0.0,0.0,0.0,0.0,0.0,0.0,0.0,0.0,0.0,0.0,0.6745815379589631,0.0,0.0,0.0,0.7069632576286838,0.0,0.0,0.0,0.0
0.1835913993661869,0.7586286580374202,0.6315521505357302,0.0,0.5399794022045916,0.0,0.5106062893088658,0.7473832566348337,0.5725066558765616,0.4272397475439837,0.6068961140772858,0.0,0.7783251689099452,0.0386518519248977,0.4052700315734113,0.4430062141199218,0.0,0.5043593060947335,0.5603413270856912,0.5009969351127982,0.1934343141233641,0.4390241765572708,0.7646145166601809,0.0,0.3993521107017723,0.6011441025038996,0.6383575162557615,0.4851504645915275,0.5244117602632954,0.3184046204963227,0.0,0.0,0.1200451704817029,0.0,0.0,0.0,0.0,0.0,0.0,0.0,0.0,0.0,0.0,0.0,0.0,0.0,0.0,0.580389253380864,0.0,0.0,0.691700033791092,0.3311100507334223,0.5773767542132879,0.3529336319896382,0.0,0.511146104317419,0.0,0.5752651260497885,0.0,0.3931526737769405,0.0,0.0,0.0,0.5701476519180482,0.4058242128568248,0.1788857132677964,0.2631836223576455,0.5969226147345532,0.0,0.0,0.0,0.5923541038142245,0.4759900007516537,0.3547891762238488,0.0,0.0667859187852626
0.0,0.3601553195572325,0.3253267387174348,0.2918767630475353,0.3302643597518354,0.5106062893088658,0.0,0.2881627099791361,0.2767447471637454,0.1636658843017344,0.3761654912762869,0.0785121857112853,0.6310038524259972,0.2985097703067997,0.0,0.2018198824727132,0.1649609999996319,0.1509452636084215,0.3056407845452752,0.460810936932773,0.0,0.3938049909404824,0.3096195141557799,0.1213311617594774,0.2145769710190271,0.3623573580531622,0.4908738978696473,0.3830838565944277,0.5678052554295405,0.0,0.2529701859744893,0.0,0.5775487700233176,0.0306945611135932,0.0,0.2851726000541806,0.2488105449698319,0.2987622175393672,0.0,0.0,0.0,0.0,0.0,0.0,0.0,0.0,0.0,0.0,0.0,0.0,0.0214605260193579,0.0,0.0,0.0,0.0,0.0,0.0,0.0,0.0,0.0,0.0,0.0,0.0,0.0,0.0,0.0,0.0,0.1433497512094753,0.0,0.0,0.0,0.3415174602040117,0.0,0.0,0.0,0.0
0.2028392983389183,0.5472225073058801,0.7712537868071303,0.0,0.5292505657953174,0.7473832566348337,0.2881627099791361,0.0,0.5931506309005334,0.243093223127615,0.7093801213572948,0.0,0.6000848894681651,0.0813379337713487,0.5705802683914735,0.2531375646509957,0.0,0.2403620859846536,0.6704256841025069,0.5992803927073584,0.3642176452572098,0.5079785867264885,0.9051505108643028,0.4059572880209555,0.19833720014463,0.5401266927079773,0.6420659700068526,0.4967363905893891,0.350463890475808,0.3380936473751708,0.0,0.0,0.1015938501525837,0.0,0.0,0.0,0.0,0.0,0.0,0.0,0.0,0.0,0.0,0.0,0.0,0.0,0.0,0.7123390947188658,0.0,0.439503506366364,0.6550673896010184,0.3159011748934633,0.858904200820504,0.4363236933434307,0.0,0.6357768712777945,0.0,0.5215073016973131,0.1613036705697191,0.5616687714470825,0.0,0.0,0.0,0.6495173470092152,0.5463847283230806,0.3943332740289906,0.0,0.8015700524506799,0.0,0.0,0.0,0.615014246876126,0.4730153654319812,0.232574793500692,0.0,0.0833688876618651
0.0,0.3208440398298121,0.7525339844279285,0.0,0.897808012276269,0.5725066558765616,0.2767447471637454,0.5931506309005334,0.0,0.2653630981324105,0.845769887017088,0.2949409835685135,0.5403775831250237,0.0,0.0,0.4239744535332299,0.0,0.0,0.6503627570502476,0.4977080546920578,0.0,0.3994640090501078,0.6568087771296346,0.0,0.0,0.0,0.8184895771690076,0.3954075698698248,0.37544960722804,0.260191439607722,0.050080589619245,0.0,0.0,0.0,0.0,0.0,0.0,0.0,0.0,0.0,0.0,0.0,0.0,0.0,0.0,0.0,0.0,0.8377789342849807,0.0,0.0,0.788220805750317,0.0,0.6374977224536282,0.941235895896913,0.0,0.8798117896296921,0.0,0.0,0.4199409113885546,0.0,0.0,0.0,0.0,0.6403989713132666,0.0,0.0,0.0,0.7631867252576432,0.0,0.0,0.0,0.8312634740783398,0.0,0.0,0.0,0.0
0.4166536340280483,0.0,0.2289203887533895,0.0,0.2849427864280522,0.4272397475439837,0.1636658843017344,0.243093223127615,0.2653630981324105,0.0,0.1634836235828153,0.6479702901625746,0.453413402750251,0.0119232074058848,0.0,0.5144599156913365,0.6714120369409233,0.4830269257132653,0.0573283168092092,0.0,0.0,0.4645132461484942,0.3532843855103899,0.7313839784571885,0.6768594313514208,0.5170149362506953,0.2613955671623695,0.5578432359265383,0.0,0.0,0.3497004828638673,0.0750679638065873,0.0,0.0,0.0,0.0,0.0,0.0,0.0190680769935518,0.3118947975435164,0.2081463658015565,0.0,0.0,0.0,0.0070144079959923,0.0,0.0,0.0,0.0,0.0,0.0,0.0,0.0,0.0,0.6741402462663583,0.0,0.6058006998055698,0.0,0.0,0.0,0.0,0.333248734821522,0.3651505076331923,0.0,0.0,0.0,0.0,0.0,0.6267657066835393,0.5568411928987808,0.5277959955702649,0.0,0.5549948085610521,0.0,0.0,0.5694283359829909
0.0,0.0,0.902654147136528,0.0,0.7249560912041766,0.6068961140772858,0.3761654912762869,0.7093801213572948,0.845769887017088,0.1634836235828153,0.0,0.2892890776576196,0.5935732490763519,0.0,0.0,0.0,0.0,0.0,0.9070031094290704,0.0,0.0,0.0,0.7267641685044692,0.0,0.0,0.0,0.7869927400143273,0.3771195549895236,0.0,0.0,0.0,0.0,0.042277776830988,0.0,0.0,0.0,0.0,0.0,0.0,0.0,0.0,0.0,0.0,0.0,0.0,0.0,0.0,0.9287551475843464,0.0,0.6265872274838471,0.636144679300052,0.4595013094760258,0.7457559635243681,0.6977029330240853,0.0,0.919541519134775,0.0,0.4988241489362411,0.2490187239431784,0.0,0.0,0.0,0.0,0.888112706147209,0.0,0.0,0.0,0.7914967635939139,0.0,0.0,0.0,0.7461164584838896,0.0,0.0,0.0,0.0
0.1151127150179576,0.0,0.0,0.0,0.2979920701712195,0.0,0.0785121857112853,0.0,0.2949409835685135,0.6479702901625746,0.2892890776576196,0.0,0.5572773835592161,0.0,0.0,0.0,0.5038635382270381,0.301183036110509,0.0,0.0,0.0,0.0,0.0,0.6422177404097111,0.2597610737805234,0.4417270804637324,0.0,0.4822608585399478,0.0,0.0,0.0,0.0,0.0,0.0,0.0,0.0,0.0,0.0,0.0,0.166730566287345,0.0,0.0,0.0,0.0,0.0,0.0,0.0,0.0,0.0,0.0,0.0,0.0,0.0,0.0,0.5537366057437616,0.0,0.8846423075049116,0.0,0.0,0.0,0.0,0.5319958287815317,0.2197415416696345,0.0,0.0,0.0,0.0,0.0,0.4985935129971628,0.2457984398590685,0.3999070688491887,0.0,0.0,0.0,0.0,0.2695127762981173
0.0,0.6062865118683423,0.6011574352060227,0.1146779272637159,0.5340859317125334,0.7783251689099452,0.6310038524259972,0.6000848894681651,0.5403775831250237,0.453413402750251,0.5935732490763519,0.5572773835592161,0.0,0.1723388406799494,0.415871400461756,0.3875427215237765,0.6004373466493163,0.2790777724748816,0.5097137412384865,0.5874878156795352,0.1550743913679848,0.4631751033404058,0.6124646181778726,0.4290673552309131,0.3246415250855986,0.5846396111447328,0.5702176033671228,0.754584943109626,0.5776757852165655,0.4740567306251541,0.1731572020683488,0.0,0.2672240975409315,0.0,0.0,0.0,0.0517762885723007,0.0,0.0,0.0,0.0,0.0,0.0,0.0,0.0,0.0,0.0,0.5222857720329493,0.0,0.0,0.4526570664516215,0.0,0.4856581431445829,0.0,0.0,0.0,0.0,0.0,0.0,0.0,0.0,0.0,0.0,0.0,0.0,0.0,0.0,0.4919834964438069,0.0,0.0,0.0,0.5173499525952777,0.0,0.1810557650203847,0.0,0.0
0.0,0.0,0.0,0.3101493655074435,0.103644502009637,0.0386518519248977,0.2985097703067997,0.0813379337713487,0.0,0.0119232074058848,0.0,0.0,0.1723388406799494,0.0,0.0,0.0,0.0,0.0,0.0,0.0,0.0,0.0,0.0,0.0,0.0,0.0,0.0,0.1895754318183844,0.0,0.0,0.2410375379272513,0.0,0.0,0.1372228762474623,0.0,0.4528861728561333,0.2846776012266787,0.0,0.0,0.0,0.0,0.0,0.1772597175090177,0.0,0.0,0.0,0.0,0.0,0.0,0.0,0.0,0.0,0.0,0.0,0.0,0.0,0.0,0.0,0.0,0.0,0.0,0.0,0.0,0.0,0.0,0.0,0.0,0.0,0.0,0.0,0.0,0.0,0.0,0.0,0.0,0.0
0.6097538962604281,0.5597736363603867,0.0,0.0,0.0,0.4052700315734113,0.0,0.5705802683914735,0.0,0.0,0.0,0.0,0.415871400461756,0.0,0.0,0.5651739290788736,0.0,0.3342312807517871,0.0,0.8154709030559252,0.783152028506408,0.8449087902412434,0.7046948170159751,0.4688925822351152,0.549358423386163,0.6277387338087698,0.7315017342450844,0.5374295703714562,0.6400554611208162,0.0,0.4330010825186984,0.0471200531689408,0.2600537048224422,0.0182877132770018,0.0,0.0,0.0,0.0,0.0853062814577774,0.3737690819621559,0.2034922154159414,0.0,0.0,0.0,0.0,0.0,0.4962357536817147,0.0,0.0,0.0,0.336182313564032,0.0,0.5012359474002721,0.0,0.0,0.0,0.0,0.0,0.0,0.9967780230494708,0.4919221496014443,0.0,0.0,0.0,0.7730867606360805,0.7076768128845045,0.8158589106446009,0.6671773471271374,0.0,0.0,0.7024019373184335,0.7413755968099224,0.5841600198030418,0.5016869946150319,0.0,0.4528057865926435
0.5394143819082187,0.6103928075133711,0.0,0.0,0.0,0.4430062141199218,0.2018198824727132,0.2531375646509957,0.4239744535332299,0.5144599156913365,0.0,0.0,0.3875427215237765,0.0,0.5651739290788736,0.0,0.6429442325043666,0.8417583525287995,0.0,0.4189510122734053,0.4556852279443458,0.6251422258660945,0.3972619888710638,0.4907127664865343,0.7667821711257717,0.5222054435452167,0.5652110345299928,0.4400506285002518,0.5189123985862945,0.409984186127076,0.3752174389802805,0.2140337194683571,0.1654484884538181,0.0997817795683013,0.0,0.0,0.0,0.0,0.1205733541261228,0.377479823543598,0.2354315312911425,0.0,0.0,0.0,0.0,0.6351073968076623,0.6109397316940645,0.0,0.0,0.0,0.0,0.0,0.0,0.0,0.0,0.0,0.0,0.0,0.0,0.5760206323306484,0.6874751127769274,0.0,0.6765307171388586,0.0,0.4605639851309284,0.4251403435837249,0.5238382158448217,0.0,0.0,0.6640385001977389,0.5941206013700155,0.0,0.0,0.0,0.0,0.5938830910525367
0.2674709764257293,0.0,0.0,0.0,0.0,0.0,0.1649609999996319,0.0,0.0,0.6714120369409233,0.0,0.5038635382270381,0.6004373466493163,0.0,0.0,0.6429442325043666,0.0,0.6292554286821542,0.0,0.3456320908279729,0.0,0.4106814975378712,0.0,0.5807613300325348,0.5698278954042695,0.5237313124073707,0.0,0.5793244543312294,0.0,0.0,0.361478951066293,0.1816730669971762,0.1019141101395322,0.0654058711002487,0.0,0.0,0.0,0.0,0.0,0.1563096094545333,0.1807702694385168,0.0,0.0,0.0,0.0,0.0,0.0,0.0,0.0,0.0,0.0,0.0,0.0,0.0,0.4700325496380044,0.0,0.4291450185423665,0.0,0.0,0.0,0.0,0.4922938620906307,0.4327853966729557,0.0,0.0,0.0,0.0,0.0,0.4438211942336085,0.4218826799048798,0.4739836366238371,0.0,0.0,0.0,0.0,0.0
0.2524607448422752,0.4864342112007577,0.0,0.0,0.0,0.5043593060947335,0.1509452636084215,0.2403620859846536,0.0,0.4830269257132653,0.0,0.301183036110509,0.2790777724748816,0.0,0.3342312807517871,0.8417583525287995,0.6292554286821542,0.0,0.0,0.1497374324934035,0.3504535922536682,0.3050935039268264,0.3331508322724407,0.3400561141145653,0.6296651266995758,0.3166678276868731,0.3604280156848835,0.1976284001326698,0.2592719622221907,0.0,0.0949482448207353,0.2206863654366528,0.0566696968071246,0.0,0.0055579218389517,0.0,0.0,0.0,0.0960442604242541,0.1491277062815282,0.0036475410929641,0.0,0.0,0.0,0.0,0.2713636814720088,0.4176174573175733,0.0,0.0,0.0,0.0,0.0,0.0,0.0,0.428771173750071,0.0,0.1429368969187658,0.0,0.0,0.0,0.5814265984437518,0.4764843556210634,0.694717492520128,0.0,0.0,0.0,0.2604487830752857,0.0,0.2185351020748488,0.6716472776724527,0.3291825414732533,0.0,0.0,0.0,0.0,0.4108718900588686
0.0,0.0,0.8644814586769359,0.0,0.4916583198129741,0.5603413270856912,0.3056407845452752,0.6704256841025069,0.6503627570502476,0.0573283168092092,0.9070031094290704,0.0,0.5097137412384865,0.0,0.0,0.0,0.0,0.0,0.0,0.0,0.0,0.0,0.6660650753994296,0.0,0.0,0.0,0.647302542461316,0.2940960973188037,0.0,0.0,0.0,0.0,0.0,0.0,0.0,0.0,0.0,0.0,0.0,0.0,0.0,0.0,0.0,0.0,0.0,0.0,0.0,0.8307017487539661,0.0,0.0,0.4797989144716859,0.0,0.6393308808093231,0.4523028642493273,0.0,0.7438254527887393,0.0,0.0,0.0822531722733005,0.0,0.0,0.0,0.0,0.9767768613303588,0.0,0.0,0.0,0.6619071903178138,0.0,0.0,0.0,0.5567620210166835,0.0,0.0,0.0,0.0
0.4887272931989657,0.692193940905213,0.0,0.0,0.3026552590943138,0.5009969351127982,0.460810936932773,0.5992803927073584,0.4977080546920578,0.0,0.0,0.0,0.5874878156795352,0.0,0.8154709030559252,0.4189510122734053,0.3456320908279729,0.1497374324934035,0.0,0.0,0.5319563282471607,0.9222122520734812,0.7056019424680755,0.0,0.572258800281812,0.7754477279950462,0.7822244763127991,0.6364683987973335,0.7712285650107967,0.662411896161535,0.3688115904871836,0.0,0.2974534172747029,0.0,0.0,0.0,0.0,0.0,0.0,0.4565012472139333,0.2083465711318669,0.0,0.0,0.0,0.0,0.0,0.6526988052037974,0.0,0.0,0.0,0.2721082610439184,0.0,0.4855107931914793,0.0,0.0,0.0,0.0,0.0,0.0,0.8163333307047327,0.0,0.0,0.0,0.0,0.9204092946593098,0.5499029956724454,0.8397153245867716,0.6258494806969261,0.0,0.0,0.7949771329733574,0.7535856575296984,0.6247786881898523,0.4633112394732755,0.0,0.2905936072746892
0.6152012530159982,0.2823623869800405,0.0,0.0,0.0,0.1934343141233641,0.0,0.3642176452572098,0.0,0.0,0.0,0.0,0.1550743913679848,0.0,0.783152028506408,0.4556852279443458,0.0,0.3504535922536682,0.0,0.5319563282471607,0.0,0.5974867028298569,0.438955932523671,0.2933915290329879,0.429659193004251,0.3279611587988166,0.5470577980818161,0.3202346718603272,0.5026454717108576,0.4884306243196811,0.5360997140969689,0.2771158590351821,0.3972076566347917,0.3162640829872158,0.0423767077343432,0.0492441720289424,0.0,0.0,0.314653915220959,0.3820526925447667,0.3142705776476093,0.0,0.0,0.0,0.0,0.6166758006271698,0.2996874041894597,0.0,0.0,0.0,0.1957689730709873,0.0,0.4624090168652808,0.0,0.0,0.0,0.0,0.0,0.0,0.7769330261824382,0.4474924404725343,0.0,0.0,0.0,0.5334064692851321,0.8999685530746351,0.6451768662105849,0.420566948130411,0.0,0.2404178854128341,0.4265180719270121,0.5808617140730856,0.2313148852654617,0.4841208947098248,0.0,0.3554819297316193
0.6758132576222569,0.7536380991398797,0.0,0.0,0.2343793808105352,0.4390241765572708,0.3938049909404824,0.5079785867264885,0.3994640090501078,0.4645132461484942,0.0,0.0,0.4631751033404058,0.0,0.8449087902412434,0.6251422258660945,0.4106814975378712,0.3050935039268264,0.0,0.9222122520734812,0.5974867028298569,0.0,0.6208282843666059,0.0,0.7470649275350734,0.8463116489285554,0.7395094275539804,0.6189053678330111,0.7745299826955023,0.683189643451296,0.4859770096929735,0.0,0.3321017236399513,0.0,0.0,0.0,0.0,0.0,0.0490516095428404,0.516485202476196,0.3477369286102976,0.0,0.0,0.0,0.0,0.8377729983940275,0.7209691019839071,0.0,0.0,0.0,0.1824327927291001,0.0,0.0,0.0,0.0,0.0,0.0,0.0,0.0,0.8520009882593184,0.4583387408208745,0.0,0.2954893019081379,0.0,0.8754511753841161,0.5906646140031325,0.9073616467339568,0.522487440984351,0.0,0.4000425849279321,0.8649706215318848,0.7148439815739488,0.0,0.5645360542795437,0.0,0.4662068039082215
0.3530638473133944,0.639483332493982,0.8468666974456441,0.0,0.5402952245449198,0.7646145166601809,0.3096195141557799,0.9051505108643028,0.6568087771296346,0.3532843855103899,0.7267641685044692,0.0,0.6124646181778726,0.0,0.7046948170159751,0.3972619888710638,0.0,0.3331508322724407,0.6660650753994296,0.7056019424680755,0.438955932523671,0.6208282843666059,0.0,0.4074648394554597,0.3716595361496411,0.5688668659353617,0.7834632908009952,0.5940331793242946,0.5298249127016029,0.4910395031270509,0.0501869372953442,0.0,0.0259678827723802,0.0,0.0,0.0,0.0,0.0,0.0,0.2714116264852578,0.0,0.0,0.0,0.0,0.0,0.0,0.4895712085971181,0.8045363709496012,0.0,0.479691859740764,0.6633926158940666,0.3433529503979952,0.7815583737139421,0.5150108383323925,0.0,0.6744682635736684,0.0,0.5589815043624117,0.0693010301348983,0.6898727281813002,0.0,0.0,0.0,0.6628386199120733,0.6698059326821793,0.4261716615306044,0.5720164414602356,0.9077623689717436,0.0,0.0,0.578252196493792,0.7972969767993072,0.6239535533959181,0.4408963790055238,0.5788701466075898,0.2820127980950369
0.5209612930569653,0.0,0.0,0.0,0.0,0.0,0.1213311617594774,0.4059572880209555,0.0,0.7313839784571885,0.0,0.6422177404097111,0.4290673552309131,0.0,0.4688925822351152,0.4907127664865343,0.5807613300325348,0.3400561141145653,0.0,0.0,0.2933915290329879,0.0,0.4074648394554597,0.0,0.6753448547951116,0.7190579599509982,0.2638415484237162,0.5059653907184403,0.0,0.0,0.3541040969528763,0.1057596211550384,0.2129116374418175,0.0368234902018066,0.0,0.0,0.0,0.0,0.0914082160988503,0.4298034534324134,0.2709989939124679,0.0,0.0,0.0,0.0252200433981151,0.6154704541111174,0.0,0.0,0.0,0.0,0.0,0.0,0.0,0.0,0.4481901859219112,0.0,0.5312248162346248,0.0,0.0,0.0,0.1864692204579325,0.166446944538048,0.2087452991451636,0.0,0.0,0.0,0.0,0.0,0.8628170773912976,0.441604050968493,0.6999429511617072,0.0,0.0,0.0,0.0,0.4951396245426757
0.6005977801902723,0.7812636168423402,0.0,0.0,0.1547952189597548,0.3993521107017723,0.2145769710190271,0.19833720014463,0.0,0.6768594313514208,0.0,0.2597610737805234,0.3246415250855986,0.0,0.549358423386163,0.7667821711257717,0.5698278954042695,0.6296651266995758,0.0,0.572258800281812,0.429659193004251,0.7470649275350734,0.3716595361496411,0.6753448547951116,0.0,0.7630541305656732,0.4596422070327747,0.4323740474294188,0.6297866542061374,0.0,0.352432425011052,0.0884021370241458,0.2412990501168234,0.0,0.0,0.0,0.0,0.0,0.1203065974118099,0.4113134359637942,0.3127900323552099,0.0,0.0,0.0,0.0,0.6892234473797566,0.766779312278324,0.0,0.0,0.0,0.0,0.0,0.0,0.0,0.4179134330314129,0.0,0.1278968567298707,0.0,0.0,0.0,0.5203280501199454,0.1346962009796859,0.4943523230873811,0.0,0.5962015299333709,0.4236079657051689,0.6248485763955436,0.0,0.6000175273472291,0.7416855995311937,0.7782877019579935,0.0,0.0,0.0,0.0,0.545230245402999
0.4493414224044732,0.9243181355327204,0.0,0.0,0.0,0.6011441025038996,0.3623573580531622,0.5401266927079773,0.0,0.5170149362506953,0.0,0.4417270804637324,0.5846396111447328,0.0,0.6277387338087698,0.5222054435452167,0.5237313124073707,0.3166678276868731,0.0,0.7754477279950462,0.3279611587988166,0.8463116489285554,0.5688668659353617,0.7190579599509982,0.7630541305656732,0.0,0.536366843690985,0.5650188239270796,0.6487585506014879,0.0,0.1520049074422715,0.0,0.3214908494172082,0.0,0.0,0.0,0.0,0.0,0.0,0.3917641357606574,0.1988942247908422,0.0,0.0,0.0,0.0,0.5729559337444954,0.839639142531023,0.0,0.0,0.0,0.0,0.0,0.0,0.0,0.2600221884339374,0.0,0.2862410969231117,0.0,0.0,0.6223522711877086,0.1445958189905963,0.0406509814275511,0.15698876034073,0.0,0.7393419816342757,0.3886565130587613,0.6574981634564765,0.3763604221117101,0.547190664062418,0.4098757797980664,0.8967732400092916,0.4843922661571881,0.0,0.3551122810887148,0.0,0.1834706741350235
0.4208345316257525,0.5779834125769427,0.8369243174224228,0.0,0.6638397109203947,0.6383575162557615,0.4908738978696473,0.6420659700068526,0.8184895771690076,0.2613955671623695,0.7869927400143273,0.0,0.5702176033671228,0.0,0.7315017342450844,0.5652110345299928,0.0,0.3604280156848835,0.647302542461316,0.7822244763127991,0.5470577980818161,0.7395094275539804,0.7834632908009952,0.2638415484237162,0.4596422070327747,0.536366843690985,0.0,0.5234474502396822,0.6882618890450961,0.4965443779493191,0.2464920198458026,0.0,0.2022810178567377,0.0,0.0,0.0,0.0,0.0,0.0,0.0,0.0487406758794848,0.0,0.0,0.0,0.0,0.0,0.5513458321749048,0.814394387645173,0.0,0.0,0.5680532399611072,0.519474382718554,0.6091372730037294,0.6699814392051741,0.0,0.6994964517238091,0.0,0.5000018139531639,0.1579270246937999,0.7113663461671691,0.0,0.0,0.0,0.6229038223305817,0.6900354914755698,0.5369196251443493,0.6669052766467659,0.7591348815121572,0.0,0.0,0.592709415920843,0.979346405100375,0.606895283299757,0.5715899874094419,0.5657273846875416,0.2915197272230886
0.4683400500258612,0.4940101603517169,0.5045472866226068,0.2546654267381446,0.3721504058539065,0.4851504645915275,0.3830838565944277,0.4967363905893891,0.3954075698698248,0.5578432359265383,0.3771195549895236,0.4822608585399478,0.754584943109626,0.1895754318183844,0.5374295703714562,0.4400506285002518,0.5793244543312294,0.1976284001326698,0.2940960973188037,0.6364683987973335,0.3202346718603272,0.6189053678330111,0.5940331793242946,0.5059653907184403,0.4323740474294188,0.5650188239270796,0.5234474502396822,0.0,0.5411771962699581,0.6904041765077835,0.5047668244932502,0.0,0.2384393586693301,0.0,0.0,0.0691599755181633,0.1486286622844339,0.0,0.0085151215151355,0.0,0.4038650136324876,0.0,0.1305905517878327,0.0,0.0,0.0,0.0,0.0,0.0,0.0,0.2966294264046138,0.0,0.3268868060350223,0.0,0.0,0.0,0.0,0.0,0.0,0.5279937389000221,0.0,0.0,0.0,0.0,0.5687224806266814,0.3196202455172113,0.0,0.4722518202647446,0.0,0.0,0.0,0.5362778661296554,0.76511772082965,0.2873331603916632,0.0,0.4064640178139284
0.5493975136101176,0.6495736010550652,0.0,0.0,0.2227284079334995,0.5244117602632954,0.5678052554295405,0.350463890475808,0.37544960722804,0.0,0.0,0.0,0.5776757852165655,0.0,0.6400554611208162,0.5189123985862945,0.0,0.2592719622221907,0.0,0.7712285650107967,0.5026454717108576,0.7745299826955023,0.5298249127016029,0.0,0.6297866542061374,0.6487585506014879,0.6882618890450961,0.5411771962699581,0.0,0.6655909225703112,0.4827486163435604,0.0,0.4525559075599499,0.0,0.0,0.0,0.0,0.0,0.0,0.0,0.4324461050455833,0.0,0.0,0.0,0.0,0.0,0.6068434212292696,0.0,0.0,0.0,0.1287595671656476,0.0,0.2388138052984742,0.0,0.0,0.0,0.0,0.2598108262984356,0.0,0.6516848955463128,0.0,0.0,0.0,0.0,0.6505947237650227,0.468752465129579,0.6317082098667554,0.4029094408143407,0.0,0.0,0.6091046194495661,0.63884079131888,0.4780415865121447,0.580765932424728,0.0,0.2955472470242954
0.0,0.0,0.4600762297177498,0.0,0.0,0.3184046204963227,0.0,0.3380936473751708,0.260191439607722,0.0,0.0,0.0,0.4740567306251541,0.0,0.0,0.409984186127076,0.0,0.0,0.0,0.662411896161535,0.4884306243196811,0.683189643451296,0.4910395031270509,0.0,0.0,0.0,0.4965443779493191,0.6904041765077835,0.6655909225703112,0.0,0.6178979539453678,0.0450191538247451,0.0,0.1289379020914029,0.0,0.0,0.0,0.0,0.0622678895593823,0.0,0.0,0.0,0.0,0.0,0.0,0.0,0.0,0.0,0.0,0.0,0.0,0.0,0.0,0.0,0.0,0.0,0.0,0.0,0.0,0.0,0.0,0.0,0.0,0.0,0.5437273204295816,0.0,0.0,0.4100356582973516,0.0,0.0,0.0,0.4545819685621677,0.0,0.0,0.0,0.0
0.5814038267534937,0.0523343627553642,0.0806097448321966,0.0,0.0562165282801759,0.0,0.2529701859744893,0.0,0.050080589619245,0.3497004828638673,0.0,0.0,0.1731572020683488,0.2410375379272513,0.4330010825186984,0.3752174389802805,0.361478951066293,0.0949482448207353,0.0,0.3688115904871836,0.5360997140969689,0.4859770096929735,0.0501869372953442,0.3541040969528763,0.352432425011052,0.1520049074422715,0.2464920198458026,0.5047668244932502,0.4827486163435604,0.6178979539453678,0.0,0.3446315689135665,0.381395969571415,0.5263744443281253,0.175120751563449,0.2426378053478296,0.300489819405255,0.31276601765154,0.3747826595092307,0.3975300706571276,0.5930191456230027,0.0,0.0,0.0,0.0,0.5809466223567578,0.1097205387210808,0.0,0.0,0.0,0.0,0.0,0.0,0.0,0.2638999249423815,0.0,0.0,0.0,0.0,0.4536773667162891,0.2981756209419804,0.0,0.0564729751052025,0.0,0.3664608546576137,0.4741475947129735,0.4766882582943447,0.0720016591951553,0.4053708190336773,0.0362436583433652,0.2148961031198994,0.2930531266580977,0.3581874429337511,0.3667652573553763,0.0,0.5061446740764455
0.2674143577044287,0.0,0.0,0.06714486797806,0.0,0.0,0.0,0.0,0.0,0.0750679638065873,0.0,0.0,0.0,0.0,0.0471200531689408,0.2140337194683571,0.1816730669971762,0.2206863654366528,0.0,0.0,0.2771158590351821,0.0,0.0,0.1057596211550384,0.0884021370241458,0.0,0.0,0.0,0.0,0.0450191538247451,0.3446315689135665,0.0,0.0893759462827672,0.6040122687592623,0.6077648814934944,0.0398071783823591,0.1269711142452385,0.0390872810717268,0.8656563668780766,0.0342136922376039,0.3752809867095964,0.2807442565545949,0.3432309219477715,0.3256706266509645,0.2074940296484881,0.1339039880076423,0.0,0.0,0.0,0.0,0.0,0.0,0.0,0.0,0.0,0.0,0.0,0.0,0.0,0.0703254572524496,0.2926856592653561,0.0,0.2860201929466529,0.0,0.0,0.1815030317411521,0.1056037040302962,0.0,0.1617652342286381,0.1310006873358914,0.0,0.0,0.0,0.2584470657358698,0.0,0.4222697567086073
0.2269010496667057,0.2297279403419573,0.0,0.0,0.0,0.1200451704817029,0.5775487700233176,0.1015938501525837,0.0,0.0,0.042277776830988,0.0,0.2672240975409315,0.0,0.2600537048224422,0.1654484884538181,0.1019141101395322,0.0566696968071246,0.0,0.2974534172747029,0.3972076566347917,0.3321017236399513,0.0259678827723802,0.2129116374418175,0.2412990501168234,0.3214908494172082,0.2022810178567377,0.2384393586693301,0.4525559075599499,0.0,0.381395969571415,0.0893759462827672,0.0,0.3837866309344683,0.0,0.4026536777666748,0.3953171440826372,0.5143767489220209,0.2374612705486495,0.6107072355149686,0.5004857204332885,0.2310107925659597,0.0,0.0,0.198318432682567,0.2488627438363463,0.2362568163819522,0.0,0.0,0.0,0.0,0.0,0.0,0.0,0.0485188694767906,0.0,0.0,0.0,0.0,0.2716472381400115,0.0,0.0,0.0,0.0,0.1463929496744236,0.4416070678876919,0.1759364834774623,0.0,0.0973590550001499,0.0,0.2003877913901622,0.0571321831149371,0.0,0.0,0.0,0.0
0.2450064318536156,0.0,0.0,0.3193311576964994,0.0,0.0,0.0306945611135932,0.0,0.0,0.0,0.0,0.0,0.0,0.1372228762474623,0.0182877132770018,0.0997817795683013,0.0654058711002487,0.0,0.0,0.0,0.3162640829872158,0.0,0.0,0.0368234902018066,0.0,0.0,0.0,0.0,0.0,0.1289379020914029,0.5263744443281253,0.6040122687592623,0.3837866309344683,0.0,0.502301329343905,0.3515233949457086,0.3014431202064553,0.4037269488743789,0.5869812728005064,0.1849338359086418,0.5955776149480455,0.3875977948340535,0.3405819845531991,0.0,0.3525016694334856,0.1141053279425356,0.0,0.0,0.0,0.0,0.0,0.0,0.0,0.0,0.0,0.0,0.0,0.0,0.0,0.045872439665973,0.0,0.0,0.0,0.0,0.0,0.2891418900330462,0.0,0.0,0.0954545767208133,0.0,0.0,0.0,0.0,0.0,0.0,0.1109892625114938
0.1747842918920614,0.0,0.0,0.0174033800474129,0.0,0.0,0.0,0.0,0.0,0.0,0.0,0.0,0.0,0.0,0.0,0.0,0.0,0.0055579218389517,0.0,0.0,0.0423767077343432,0.0,0.0,0.0,0.0,0.0,0.0,0.0,0.0,0.0,0.175120751563449,0.6077648814934944,0.0,0.502301329343905,0.0,0.0,0.0827277525834029,0.0,0.476092812137885,0.0,0.1630502719591223,0.22801464675243,0.3483391878270257,0.271448502044593,0.2771209214255155,0.0,0.0,0.0,0.0,0.0,0.0,0.0,0.0,0.0,0.0,0.0,0.0,0.0,0.0,0.0,0.2240733151441586,0.0,0.1785612713569012,0.0,0.0,0.0,0.0,0.0,0.0,0.0548003032563214,0.0,0.0,0.0,0.1234749269159078,0.0,0.0
0.0,0.0,0.0,0.4428853503810237,0.0,0.0,0.2851726000541806,0.0,0.0,0.0,0.0,0.0,0.0,0.4528861728561333,0.0,0.0,0.0,0.0,0.0,0.0,0.0492441720289424,0.0,0.0,0.0,0.0,0.0,0.0,0.0691599755181633,0.0,0.0,0.2426378053478296,0.0398071783823591,0.4026536777666748,0.3515233949457086,0.0,0.0,0.6479805491386322,0.6187407414779723,0.1931446310443591,0.0013855032276574,0.2313991446709228,0.2714891176522898,0.405070857787643,0.1336227316843814,0.0,0.0,0.0,0.0,0.0,0.0,0.0,0.0,0.0592982157606137,0.0,0.0,0.0,0.0,0.0,0.1505838314389631,0.0,0.0,0.0,0.0,0.0,0.0,0.0,0.0,0.0,0.0,0.0,0.0,0.0,0.0,0.0,0.0,0.0
0.0,0.0,0.0,0.272430731090777,0.0333678193919323,0.0,0.2488105449698319,0.0,0.0,0.0,0.0,0.0,0.0517762885723007,0.2846776012266787,0.0,0.0,0.0,0.0,0.0,0.0,0.0,0.0,0.0,0.0,0.0,0.0,0.0,0.1486286622844339,0.0,0.0,0.300489819405255,0.1269711142452385,0.3953171440826372,0.3014431202064553,0.0827277525834029,0.6479805491386322,0.0,0.4130104241542237,0.2152934388888271,0.0,0.1875184719547369,0.1665362240780122,0.0,0.0,0.0,0.0,0.0,0.0,0.0,0.0,0.0,0.0,0.0,0.0,0.0,0.0,0.0,0.0,0.0,0.0,0.0,0.0,0.0,0.0,0.0,0.0,0.0,0.0,0.0,0.0,0.0,0.0,0.0,0.0,0.0,0.0
0.0,0.0,0.0,0.0,0.0,0.0,0.2987622175393672,0.0,0.0,0.0,0.0,0.0,0.0,0.0,0.0,0.0,0.0,0.0,0.0,0.0,0.0,0.0,0.0,0.0,0.0,0.0,0.0,0.0,0.0,0.0,0.31276601765154,0.0390872810717268,0.5143767489220209,0.4037269488743789,0.0,0.6187407414779723,0.4130104241542237,0.0,0.1705549164913898,0.0899464359559282,0.2106097508895387,0.37062737842047,0.0,0.0,0.3897466137931409,0.0,0.0,0.0,0.0,0.0,0.0,0.0,0.0,0.0,0.0,0.0,0.0,0.0,0.0,0.0,0.0,0.0,0.0,0.0,0.0,0.0,0.0,0.0,0.0,0.0,0.0,0.0,0.0,0.0,0.0,0.0
0.2263691211192322,0.0,0.0,0.0,0.0,0.0,0.0,0.0,0.0,0.0190680769935518,0.0,0.0,0.0,0.0,0.0853062814577774,0.1205733541261228,0.0,0.0960442604242541,0.0,0.0,0.314653915220959,0.0490516095428404,0.0,0.0914082160988503,0.1203065974118099,0.0,0.0,0.0085151215151355,0.0,0.0622678895593823,0.3747826595092307,0.8656563668780766,0.2374612705486495,0.5869812728005064,0.476092812137885,0.1931446310443591,0.2152934388888271,0.1705549164913898,0.0,0.14214916527368,0.4614218060663279,0.3143923444653037,0.4379142570910622,0.3764129180933155,0.2531819483303721,0.1878708111234294,0.0,0.0,0.0,0.0,0.0,0.0,0.0,0.0,0.0,0.0,0.0,0.0,0.0,0.1067266099378424,0.2405121762679147,0.0,0.1665405945580468,0.0,0.0353241930524253,0.2439051419277974,0.2010690938123853,0.0,0.1739929879314323,0.0931190598654804,0.0,0.0,0.0,0.2569170717374929,0.0728352208640933,0.3421169759103347
0.591117333589145,0.3873506584346852,0.0,0.0,0.0,0.0,0.0,0.0,0.0,0.3118947975435164,0.0,0.166730566287345,0.0,0.0,0.3737690819621559,0.377479823543598,0.1563096094545333,0.1491277062815282,0.0,0.4565012472139333,0.3820526925447667,0.516485202476196,0.2714116264852578,0.4298034534324134,0.4113134359637942,0.3917641357606574,0.0,0.0,0.0,0.0,0.3975300706571276,0.0342136922376039,0.6107072355149686,0.1849338359086418,0.0,0.0013855032276574,0.0,0.0899464359559282,0.14214916527368,0.0,0.5824561318808678,0.1164805984586552,0.0,0.0300377091812925,0.1911725639662558,0.5999229061122386,0.414526745986282,0.0,0.0,0.1274662349620905,0.04726909998493,0.2725791229219972,0.1622751829148495,0.1095999853732074,0.3672308847204321,0.0936887049202785,0.2293998587615155,0.2360987894375978,0.0,0.4021720755679705,0.2181517052555546,0.023996052670484,0.0,0.0,0.3524810244511927,0.392685827421933,0.365772492809197,0.2021385565696961,0.4920775509772328,0.2276714591901658,0.470543304298818,0.3379027573065939,0.4016884660094746,0.2690717707960295,0.4018748148280452,0.2752945055636636
0.4934529458668487,0.2130924799454024,0.0,0.0,0.0,0.0,0.0,0.0,0.0,0.2081463658015565,0.0,0.0,0.0,0.0,0.2034922154159414,0.2354315312911425,0.1807702694385168,0.0036475410929641,0.0,0.2083465711318669,0.3142705776476093,0.3477369286102976,0.0,0.2709989939124679,0.3127900323552099,0.1988942247908422,0.0487406758794848,0.4038650136324876,0.4324461050455833,0.0,0.5930191456230027,0.3752809867095964,0.5004857204332885,0.5955776149480455,0.1630502719591223,0.2313991446709228,0.1875184719547369,0.2106097508895387,0.4614218060663279,0.5824561318808678,0.0,0.3351595970693647,0.1897109098497715,0.3801819900945006,0.2525277261858245,0.4384893322667464,0.2144175297503827,0.0,0.1868448576340085,0.0,0.0,0.0,0.0,0.0,0.1063394021469641,0.0,0.0207611322929155,0.0,0.0,0.2398213781480957,0.1233559299691422,0.0,0.0,0.0,0.1806406573619561,0.2664451291163289,0.2709163583847805,0.0,0.3589140985669126,0.0504105124458736,0.1854423658631736,0.0302880583668394,0.2004638684077506,0.1699406096369213,0.1800779705631353,0.3376755783778868
0.0,0.0,0.0,0.0,0.0,0.0,0.0,0.0,0.0,0.0,0.0,0.0,0.0,0.0,0.0,0.0,0.0,0.0,0.0,0.0,0.0,0.0,0.0,0.0,0.0,0.0,0.0,0.0,0.0,0.0,0.0,0.2807442565545949,0.2310107925659597,0.3875977948340535,0.22801464675243,0.2714891176522898,0.1665362240780122,0.37062737842047,0.3143923444653037,0.1164805984586552,0.3351595970693647,0.0,0.191237527915891,0.2956645199186606,0.2265355827076779,0.0,0.0,0.0,0.0,0.0,0.0,0.0,0.0,0.0,0.0,0.0,0.0,0.0,0.0,0.0,0.0,0.0,0.0,0.0,0.0,0.0,0.0,0.0,0.0023849133459718,0.0,0.0,0.0,0.0,0.0,0.0,0.0
0.0,0.0,0.0,0.0,0.0,0.0,0.0,0.0,0.0,0.0,0.0,0.0,0.0,0.1772597175090177,0.0,0.0,0.0,0.0,0.0,0.0,0.0,0.0,0.0,0.0,0.0,0.0,0.0,0.1305905517878327,0.0,0.0,0.0,0.3432309219477715,0.0,0.3405819845531991,0.3483391878270257,0.405070857787643,0.0,0.0,0.4379142570910622,0.0,0.1897109098497715,0.191237527915891,0.0,0.6206792712609799,0.378556586644187,0.0,0.0,0.0,0.0,0.0260287819821894,0.0582157965476516,0.0516042101370603,0.0,0.0,0.1693922720639704,0.0,0.2834834125063515,0.0976898969923587,0.2638509583589789,0.0,0.0,0.1875582688262007,0.0,0.0,0.0,0.0,0.0,0.0,0.1737204973687556,0.0,0.0,0.0,0.0564797818419309,0.0,0.0,0.1671489960893162
0.0,0.0,0.0,0.0,0.0,0.0,0.0,0.0,0.0,0.0,0.0,0.0,0.0,0.0,0.0,0.0,0.0,0.0,0.0,0.0,0.0,0.0,0.0,0.0,0.0,0.0,0.0,0.0,0.0,0.0,0.0,0.3256706266509645,0.0,0.0,0.271448502044593,0.1336227316843814,0.0,0.0,0.3764129180933155,0.0300377091812925,0.3801819900945006,0.2956645199186606,0.6206792712609799,0.0,0.3108855983556444,0.0,0.0,0.0,0.0,0.0,0.0,0.0,0.0,0.0,0.0436313444867371,0.0,0.2215487741883758,0.0,0.0,0.0,0.0,0.0,0.0,0.0,0.0,0.0,0.0,0.0,0.0,0.0,0.0,0.0,0.027638299816397,0.0380825608963936,0.0,0.3311989570943742
0.0,0.0,0.0,0.0,0.0,0.0,0.0,0.0,0.0,0.0070144079959923,0.0,0.0,0.0,0.0,0.0,0.0,0.0,0.0,0.0,0.0,0.0,0.0,0.0,0.0252200433981151,0.0,0.0,0.0,0.0,0.0,0.0,0.0,0.2074940296484881,0.198318432682567,0.3525016694334856,0.2771209214255155,0.0,0.0,0.3897466137931409,0.2531819483303721,0.1911725639662558,0.2525277261858245,0.2265355827076779,0.378556586644187,0.3108855983556444,0.0,0.0480214192277211,0.0,0.0,0.0,0.0,0.0,0.0380223877931944,0.0,0.0,0.030444852493537,0.0,0.049119971309188,0.0,0.0,0.0,0.0,0.0,0.0,0.0,0.0,0.0,0.0,0.0,0.0835322327726831,0.0,0.0,0.0,0.0,0.0,0.0,0.0555924177260722
0.8906176823578538,0.5365890756812685,0.0,0.0,0.0,0.0,0.0,0.0,0.0,0.0,0.0,0.0,0.0,0.0,0.0,0.6351073968076623,0.0,0.2713636814720088,0.0,0.0,0.6166758006271698,0.8377729983940275,0.0,0.6154704541111174,0.6892234473797566,0.5729559337444954,0.0,0.0,0.0,0.0,0.5809466223567578,0.1339039880076423,0.2488627438363463,0.1141053279425356,0.0,0.0,0.0,0.0,0.1878708111234294,0.5999229061122386,0.4384893322667464,0.0,0.0,0.0,0.0480214192277211,0.0,0.5393142804172367,0.0,0.0,0.0,0.150820853042376,0.0,0.1976289852288634,0.0,0.4094633747451284,0.0,0.1410072043818271,0.3591710938277619,0.0,0.7947804152101812,0.5909465494076461,0.0,0.3753465444475014,0.0,0.694671224797009,0.5835453823871277,0.8143455673527253,0.4323513693907675,0.7237707290774087,0.4532147844724368,0.7568390795633445,0.6232988910291068,0.6355048123888285,0.5950665733120741,0.0,0.6821772557373085
0.4087948772034986,0.8712333270413205,0.0,0.0,0.0,0.0,0.0,0.0,0.0,0.0,0.0,0.0,0.0,0.0,0.4962357536817147,0.6109397316940645,0.0,0.4176174573175733,0.0,0.6526988052037974,0.2996874041894597,0.7209691019839071,0.4895712085971181,0.0,0.766779312278324,0.839639142531023,0.5513458321749048,0.0,0.6068434212292696,0.0,0.1097205387210808,0.0,0.2362568163819522,0.0,0.0,0.0,0.0,0.0,0.0,0.414526745986282,0.2144175297503827,0.0,0.0,0.0,0.0,0.5393142804172367,0.0,0.0,0.0,0.0,0.4330754915635949,0.1940052131687684,0.3326473250522319,0.1427536483938694,0.3270126145055381,0.0,0.0,0.3535502250674386,0.0,0.5209651241315146,0.3190154415070376,0.0648453580136955,0.3294203466299456,0.0,0.6532927401763219,0.3995233980648023,0.609973843685014,0.4551724928085707,0.0,0.6539030658772464,0.8676741487789317,0.6002439090345326,0.4857049254694142,0.6207326673855849,0.0,0.2720199356861109
0.0,0.0,0.9204431579223732,0.0,0.7204872392087626,0.580389253380864,0.0,0.7123390947188658,0.8377789342849807,0.0,0.9287551475843464,0.0,0.5222857720329493,0.0,0.0,0.0,0.0,0.0,0.8307017487539661,0.0,0.0,0.0,0.8045363709496012,0.0,0.0,0.0,0.814394387645173,0.0,0.0,0.0,0.0,0.0,0.0,0.0,0.0,0.0,0.0,0.0,0.0,0.0,0.0,0.0,0.0,0.0,0.0,0.0,0.0,0.0,0.2056158441851878,0.7023172023083956,0.6862424091096891,0.5380633313034459,0.7539205368772788,0.7760107114849257,0.0,0.9370073536807116,0.0,0.5597188559395251,0.2558424135286472,0.0,0.0,0.0,0.0,0.8228423265686874,0.0,0.0,0.0,0.8625750677869046,0.0,0.0,0.0,0.7877979090096662,0.5855048481798236,0.3452154246085008,0.5208321970921579,0.2092735522438032
0.0,0.0,0.0,0.0,0.0,0.0,0.0,0.0,0.0,0.0,0.0,0.0,0.0,0.0,0.0,0.0,0.0,0.0,0.0,0.0,0.0,0.0,0.0,0.0,0.0,0.0,0.0,0.0,0.0,0.0,0.0,0.0,0.0,0.0,0.0,0.0,0.0,0.0,0.0,0.0,0.1868448576340085,0.0,0.0,0.0,0.0,0.0,0.0,0.2056158441851878,0.0,0.229902923345334,0.0181838432258135,0.4057267691776676,0.2547239352169176,0.1162629032863604,0.0,0.2275573725141533,0.0,0.1547692001191572,0.4182784689049825,0.0,0.0,0.0,0.0,0.1625878877701542,0.0,0.0,0.0,0.084573707569477,0.0,0.0,0.0,0.1209940036813014,0.1804576890989549,0.0,0.0,0.0
0.0,0.0,0.502455441902775,0.0,0.0,0.0,0.0,0.439503506366364,0.0,0.0,0.6265872274838471,0.0,0.0,0.0,0.0,0.0,0.0,0.0,0.0,0.0,0.0,0.0,0.479691859740764,0.0,0.0,0.0,0.0,0.0,0.0,0.0,0.0,0.0,0.0,0.0,0.0,0.0,0.0,0.0,0.0,0.1274662349620905,0.0,0.0,0.0260287819821894,0.0,0.0,0.0,0.0,0.7023172023083956,0.229902923345334,0.0,0.7932618931143438,0.8478353715326791,0.5217546426612596,0.8956758513012057,0.54963574296603,0.831327211292386,0.4150107312391121,0.7383083621886282,0.5354090890349935,0.0,0.0,0.0,0.0,0.4318381916151732,0.0,0.0,0.0,0.6747405768442308,0.0,0.0,0.0,0.6014133223474826,0.5659158197912605,0.0,0.0,0.3560682062344196
0.0,0.0,0.5587771182907053,0.0,0.0,0.691700033791092,0.0214605260193579,0.6550673896010184,0.788220805750317,0.0,0.636144679300052,0.0,0.4526570664516215,0.0,0.336182313564032,0.0,0.0,0.0,0.4797989144716859,0.2721082610439184,0.1957689730709873,0.1824327927291001,0.6633926158940666,0.0,0.0,0.0,0.5680532399611072,0.2966294264046138,0.1287595671656476,0.0,0.0,0.0,0.0,0.0,0.0,0.0,0.0,0.0,0.0,0.04726909998493,0.0,0.0,0.0582157965476516,0.0,0.0,0.150820853042376,0.4330754915635949,0.6862424091096891,0.0181838432258135,0.7932618931143438,0.0,0.6200154598325132,0.6669064630442817,0.7737905385706438,0.4525281999927374,0.7943269675500522,0.0,0.7482115164337411,0.3990642029025099,0.3220541665737016,0.3353315120998181,0.5184918257501832,0.4666871818849734,0.5194836385563315,0.3213421691126951,0.2106476940838556,0.2313459927580964,0.7920509804304635,0.0,0.5206920249857528,0.3742901719043966,0.660770937180573,0.5007959906172234,0.5329438151616249,0.4089540779954247,0.2988048398386804
