0.0,0.4367755091676148,0.0,0.0,0.0,0.1939661362857964,0.0,0.208718649951679,0.0,0.4195100070481701,0.0,0.1171345081407776,0.1371713242276888,0.0,0.6104347947004466,0.5420569770846665,0.2630832147933483,0.2442690172213892,0.0,0.474212611707808,0.6164145939922072,0.6739176016468464,0.3562724448345941,0.5256396014274562,0.6030185937994631,0.4549422897273728,0.4242786686019779,0.4617316200779071,0.5636533097213448,0.0,0.5954935105855085,0.2777461496377958,0.2413214738988452,0.2513054750279098,0.1588292706242589,0.0,0.0,0.0,0.2283006703210343,0.5769786457606504,0.4757763233201423,0.0,0.0,0.0,0.0,0.8969138880215451,0.4036621118868051,0.0,0.0,0.0,0.0,0.0,0.0,0.0,0.3837198788271824,0.0,0.0,0.0,0.0,0.0,0.5686302477257306,0.0,0.3500935884799196,0.0,0.0,0.564802810970951,0.6971089880489845,0.0,0.6452773438609761,0.4717427739389612,0.6262080274050961,0.0,0.0,0.0,0.0,0.6717893179272069
0.4367755091676148,0.0,0.0,0.0,0.2189312026953443,0.7692835203732266,0.3562306582006421,0.5552855417901339,0.3128240428567336,0.0,0.0,0.0,0.6117058089995987,0.0,0.5494105205953831,0.6138041042074597,0.5293526039455833,0.4792131108285464,0.0,0.6808932429942375,0.2794970109134795,0.7524248609133729,0.6437924964150905,0.0,0.7826915022027575,0.9379227659211692,0.5738278249286655,0.4856003956894028,0.6283825846181489,0.0,0.0604315056584995,0.0,0.2309020503585866,0.0,0.0,0.0,0.0,0.0,0.0,0.3727748261914163,0.1993714801263386,0.0,0.0,0.0,0.0,0.5199833344765324,0.876555805843255,0.0,0.0,0.0,0.3726085933567179,0.0,0.0,0.0,0.0,0.0,0.0,0.0,0.0,0.5642121454631606,0.2363861232413635,0.0,0.2665150893972002,0.0,0.6418718338381314,0.286586829866164,0.5632436219534321,0.4685012527943162,0.0,0.5505943472400502,0.8088058499305204,0.53126109840573,0.0,0.473607571408364,0.0,0.2795712209238849
0.0,0.0,0.0,0.0,0.5960988825066275,0.6419969511616432,0.3352885801251219,0.7789819661200595,0.7628326826576054,0.2249744318539305,0.918611029448276,0.3216908054748434,0.6150934733513379,0.0,0.0,0.0,0.0,0.0,0.8787735848478156,0.0,0.0,0.0,0.8574152204988805,0.0,0.0,0.0,0.8587948852315687,0.511346740452282,0.0,0.0,0.0831161333583583,0.0,0.0611433159919847,0.0,0.0,0.0,0.0,0.0,0.0,0.0,0.0,0.0,0.0,0.0,0.0,0.0,0.0,0.9373722349212972,0.0,0.5298480624728846,0.5592064791765722,0.3308402324153687,0.6983995462023466,0.6049805727458152,0.0,0.8241813892599306,0.0,0.5226406174519519,0.0694361220207868,0.0,0.0,0.0,0.0,0.8642804596088826,0.0,0.0,0.0,0.8536349141909146,0.0,0.0,0.0,0.8081477442947252,0.664755867444518,0.0,0.0,0.0
0.0,0.0,0.0,0.0,0.1021323369298124,0.0,0.2928642958835026,0.0,0.0,0.0,0.0,0.0,0.1131186533708971,0.3065030902019047,0.0,0.0,0.0,0.0,0.0,0.0513707849574628,0.0,0.0,0.0,0.0,0.0,0.0,0.0,0.2518328012789366,0.0,0.0,0.1704816806266767,0.0747252043926687,0.0,0.3161952927996531,0.0192366647489186,0.4422885508400346,0.2720048904734769,0.3690628252274693,0.0,0.0,0.0,0.0,0.0,0.0,0.0,0.0,0.0,0.0,0.0,0.0,0.0,0.0,0.0,0.0,0.0,0.0,0.0,0.0,0.0,0.0,0.0,0.0,0.0,0.0,0.0,0.0,0.0,0.0,0.0,0.0,0.0,0.0,0.0,0.0,0.0,0.0
0.0,0.2189312026953443,0.5960988825066275,0.1021323369298124,0.0,0.5590798021050997,0.3362667747283405,0.5435524667040014,0.9146157113399191,0.2755141364735909,0.7411114335578922,0.3008663653434368,0.544959129267246,0.1063125527016498,0.0,0.3965331996302035,0.0,0.0,0.5084344625013264,0.316324403562667,0.0,0.2409304810666824,0.5547208097657925,0.0,0.153454793443011,0.124727463734449,0.681603022085366,0.3748542052863083,0.2279759263789659,0.0,0.0517533981861343,0.0,0.0,0.0,0.0,0.0,0.0401120699752955,0.0,0.0,0.0,0.0,0.0,0.0,0.0,0.0,0.0,0.0,0.736157354846798,0.0,0.9283373969995756,0.8272619770605986,0.0,0.5984341911463817,0.8953570947309524,0.0,0.8343187674229986,0.0,0.0,0.0,0.0,0.0,0.0,0.0,0.529269991940782,0.0,0.0,0.0,0.6821468356930153,0.0,0.0,0.0,0.7234390974499328,0.0,0.0,0.0,0.0
0.1939661362857964,0.7692835203732266,0.6419969511616432,0.0,0.5590798021050997,0.0,0.5256102116811863,0.7585520567824333,0.5935184110563181,0.4339876358809217,0.6206967393130435,0.5335589405616125,0.7908070961045321,0.0420768621110365,0.4116392570449879,0.4451019615512388,0.5051730434797168,0.5018799811196438,0.5761385941497237,0.5064302314717736,0.2054887458623458,0.4477354359949612,0.7761421415978147,0.0,0.3976596642132951,0.6071316048131515,0.6532921494489318,0.4864519395328596,0.5396714341340241,0.3361061563686564,0.0,0.0,0.1187380771059735,0.0,0.0,0.0,0.0,0.0,0.0,0.0,0.0,0.0,0.0,0.0,0.0,0.0,0.5675277200212193,0.600030664887263,0.0,0.4090293296932822,0.7023997929335511,0.3525513096229776,0.5951430501059892,0.3731232427261607,0.0,0.5260395129014809,0.0,0.5851917065662149,0.0,0.4010825885866338,0.0,0.0,0.0,0.5814268832864038,0.4126194544610825,0.1941652030357419,0.2702948413417028,0.6106249357054214,0.0,0.0,0.4753210419836963,0.6010132617417351,0.4833627391369699,0.3548586004884443,0.4025639706264063,0.070109391868559
0.0,0.3562306582006421,0.3352885801251219,0.2928642958835026,0.3362667747283405,0.5256102116811863,0.0,0.3003455688267825,0.293639105616654,0.1463788482378633,0.3905124608409906,0.0779151079264291,0.6398237794113133,0.3009687747815141,0.0,0.1938921712900196,0.1626903503301094,0.1460294006551624,0.3139922179844348,0.460607982097985,0.0,0.3919443574678214,0.3194614782058889,0.1226051729426624,0.2053988168543492,0.3480722154791475,0.5005499733764736,0.384675506305256,0.5749898414131163,0.0,0.249337846250837,0.0,0.5853099577022084,0.0312414619990069,0.0,0.3014222958492282,0.2438930233050865,0.2781992201961646,0.0,0.0,0.279956979585946,0.0,0.0,0.0,0.0,0.0,0.0,0.2816577093127667,0.0,0.0,0.032232088761026,0.0,0.3535325877840138,0.0997264224677759,0.0,0.2168978369460211,0.0,0.0,0.0,0.0,0.0,0.0,0.0,0.2748879882820106,0.0,0.0,0.0,0.1542955411746912,0.0,0.0,0.0,0.3519392017841941,0.0,0.0,0.0,0.0
0.208718649951679,0.5552855417901339,0.7789819661200595,0.0,0.5435524667040014,0.7585520567824333,0.3003455688267825,0.0,0.5881412936808297,0.2437684576056763,0.7270215134612756,0.5363775102459368,0.6067346761569903,0.0827699452521982,0.5737939357413666,0.240129747795897,0.0,0.2313388984392262,0.6935667231288872,0.6126005652176765,0.3867550169765196,0.5130163576344188,0.9239659143868848,0.4194755529999416,0.1958100406473029,0.5397091726206591,0.6450151217056772,0.4719638866485877,0.3648689576493668,0.3494993914427291,0.0,0.0,0.1056154867798531,0.0,0.0,0.0,0.0,0.0,0.0,0.0,0.0,0.0,0.0,0.0,0.0,0.0,0.0,0.7315749072655708,0.0,0.4455134031187203,0.6669615841031366,0.3263846469908611,0.8721865811405946,0.4341197138192262,0.0,0.6513655262245821,0.0,0.5347207478801933,0.1699548326663004,0.5714230330327423,0.0,0.0,0.0,0.6676764900022901,0.5506654275923603,0.4094281394558133,0.0,0.816875973334806,0.0,0.0,0.0,0.6084731392728997,0.4729775622173433,0.2298238800925212,0.0,0.0841045789425753
0.0,0.3128240428567336,0.7628326826576054,0.0,0.9146157113399191,0.5935184110563181,0.293639105616654,0.5881412936808297,0.0,0.2547806232882317,0.8584867092120807,0.293327030323588,0.548335139822939,0.0,0.0,0.4090803575999745,0.0,0.3031181695214455,0.6654168106946947,0.4949606262892638,0.0,0.396485283334691,0.6593617358700817,0.2081712247372793,0.1788705632100348,0.2582764781984843,0.8352740704399696,0.3906917483133185,0.3777685003299631,0.2649895601938354,0.0522370245047409,0.0,0.0,0.0,0.0,0.0,0.0,0.0,0.0,0.0,0.0,0.0,0.0,0.0,0.0,0.0,0.0,0.8531150164378634,0.0,0.8508528734373224,0.8026381527003792,0.7455538423750137,0.6333458215335244,0.9606367153187232,0.0,0.8961381926733054,0.0,0.6928392548446646,0.3962711595694501,0.0,0.0,0.0,0.0,0.6613763064898397,0.0,0.0,0.0,0.7560045720364164,0.0,0.0,0.0,0.8457858355600083,0.6014960505375343,0.0,0.0,0.0
0.4195100070481701,0.0,0.2249744318539305,0.0,0.2755141364735909,0.4339876358809217,0.1463788482378633,0.2437684576056763,0.2547806232882317,0.0,0.1514533488885309,0.6646976685083522,0.4462207265219526,0.0,0.0,0.5235533799340417,0.6779599467761079,0.4879481329696202,0.0526356586892731,0.3476954227791794,0.0,0.4647089395355196,0.3556019158202472,0.7632984325661759,0.6853205043849285,0.5226642308775459,0.2576832564280264,0.5569990763638639,0.364291854324063,0.0,0.3533195155534606,0.0823675814563238,0.0,0.0,0.0,0.0,0.0,0.0,0.0186134665133043,0.3103210445754054,0.2143889099637592,0.0,0.0,0.0,0.0059763309962714,0.4827363940632745,0.0,0.0,0.0,0.0,0.0,0.0,0.0,0.0,0.6935646781195698,0.0,0.6231411543937871,0.5338820956712589,0.0,0.0,0.0,0.3519803232267514,0.3850034938300679,0.0,0.0,0.0,0.0,0.0,0.6529357119917343,0.5790110251616407,0.5432224224310805,0.0,0.5698730968103265,0.0,0.0,0.5868319053054109
0.0,0.0,0.918611029448276,0.0,0.7411114335578922,0.6206967393130435,0.3905124608409906,0.7270215134612756,0.8584867092120807,0.1514533488885309,0.0,0.284129657579159,0.599848421919956,0.0,0.0,0.0,0.2100684209417576,0.0,0.9210044477954812,0.0,0.0,0.0,0.7471798303965159,0.1540957620200258,0.0,0.3975191264863318,0.8144627282989723,0.3807534274223098,0.0,0.0,0.0,0.0,0.0348498721554696,0.0,0.0,0.0,0.0,0.0,0.0,0.0,0.0,0.0,0.0,0.0,0.0,0.0,0.0,0.9504367754727766,0.0,0.6536394394737114,0.631867636859589,0.474082264945089,0.7710787926224812,0.7154135266325119,0.0,0.9403081154993312,0.0,0.5073616065402576,0.2547382698804971,0.0,0.0,0.0,0.0,0.915407061200043,0.0,0.0,0.0,0.8031135684425792,0.0,0.0,0.0,0.7636841516635029,0.5569910899150216,0.0,0.0,0.0
0.1171345081407776,0.0,0.3216908054748434,0.0,0.3008663653434368,0.5335589405616125,0.0779151079264291,0.5363775102459368,0.293327030323588,0.6646976685083522,0.284129657579159,0.0,0.5541041764986968,0.0,0.0,0.0,0.5183080274489433,0.3065093650699538,0.2307802022952537,0.0,0.0337480904402896,0.0,0.4940470021678602,0.6531142270419108,0.2665911574428504,0.4530126952378606,0.2215381525484813,0.4877686521569543,0.0,0.0,0.0,0.0,0.0,0.0,0.0,0.0,0.0,0.0,0.0,0.1606594432283735,0.0,0.0,0.1845298475222747,0.0,0.0,0.0,0.0,0.0,0.0,0.0,0.0,0.0,0.0,0.0,0.567620225039093,0.0,0.8964471458236201,0.660984108677317,0.0,0.0,0.0,0.5431017999494823,0.2334069323772993,0.0,0.0,0.0,0.0,0.0,0.501907608405006,0.2632049671798721,0.4111645541336896,0.0,0.5615426227896272,0.0,0.0,0.2806635907674285
0.1371713242276888,0.6117058089995987,0.6150934733513379,0.1131186533708971,0.544959129267246,0.7908070961045321,0.6398237794113133,0.6067346761569903,0.548335139822939,0.4462207265219526,0.599848421919956,0.5541041764986968,0.0,0.1737763295123494,0.4179871422183825,0.3892426755088794,0.5936776880396062,0.2596108375020013,0.5215857004724143,0.5957216568667143,0.1636535472905245,0.4666084182718281,0.6188498216977555,0.4382749518858419,0.3137909097860591,0.5886779983152008,0.5781028998224942,0.7633566563918408,0.5859005976798196,0.5021271427663846,0.1759284443375882,0.0,0.2710167519719247,0.0,0.0,0.0,0.0525984432278873,0.0,0.0,0.3346558273880091,0.1350178500160044,0.0,0.0,0.0,0.0,0.0,0.0,0.5383524182873368,0.0,0.0,0.4667438461472769,0.4128921764151366,0.4881974647336261,0.0,0.0,0.4961598595264861,0.5039841866453775,0.0,0.0,0.3896594168959376,0.0,0.0,0.0,0.0,0.4686792295427393,0.0,0.2712072903803525,0.4931315282528222,0.0,0.1216243356492139,0.4622341766898296,0.5251780861909967,0.0,0.1938954503535025,0.0,0.0
0.0,0.0,0.0,0.3065030902019047,0.1063125527016498,0.0420768621110365,0.3009687747815141,0.0827699452521982,0.0,0.0,0.0,0.0,0.1737763295123494,0.0,0.0,0.0,0.0,0.0,0.0,0.0,0.0,0.0,0.0,0.0,0.0,0.0,0.0,0.1786834555843323,0.0,0.0,0.2324028022884992,0.0,0.0,0.1273230994573924,0.0,0.4624532105967481,0.2855888932397958,0.0,0.0,0.0,0.0,0.0,0.1815351018065448,0.0,0.0,0.0,0.0,0.0,0.0,0.0,0.0,0.0,0.0,0.0,0.0,0.0,0.0,0.0,0.0,0.0,0.0,0.0,0.0,0.0,0.0,0.0,0.0,0.0,0.0,0.0,0.0,0.0,0.0,0.0,0.0,0.0
0.6104347947004466,0.5494105205953831,0.0,0.0,0.0,0.4116392570449879,0.0,0.5737939357413666,0.0,0.0,0.0,0.0,0.4179871422183825,0.0,0.0,0.5420346944789646,0.0,0.3203216972774331,0.0,0.834486614648031,0.7824597070137049,0.8593389096050832,0.7066638503330184,0.4798020686511467,0.5249946672960282,0.6306068209789168,0.7383569749911321,0.5357688026744248,0.645073282213627,0.0,0.4306040903237286,0.0564290353047057,0.2626988573499818,0.011777364768709,0.0,0.0,0.0,0.0,0.0901990749444937,0.3489201289682079,0.1777905281715676,0.0,0.0,0.0,0.0,0.0,0.4916177199735183,0.0,0.0,0.0,0.333207857778382,0.0,0.5062484184222283,0.0,0.0,0.0,0.0,0.3770444764907351,0.0,1.0,0.4866075698406533,0.0,0.0,0.0,0.7914495177367197,0.7045028282664265,0.8272845817695967,0.6649191940461139,0.0,0.2932476600237838,0.71134069985177,0.7457823007852227,0.5956569725503535,0.4976040234949965,0.0,0.4490867164446416
0.5420569770846665,0.6138041042074597,0.0,0.0,0.3965331996302035,0.4451019615512388,0.1938921712900196,0.240129747795897,0.4090803575999745,0.5235533799340417,0.0,0.0,0.3892426755088794,0.0,0.5420346944789646,0.0,0.6381512360366263,0.8564836267066304,0.0,0.3972763256514334,0.4348156800634133,0.6182999824898343,0.3836549336956667,0.5233704021329615,0.7795477932473168,0.5456780953718736,0.5531577799744762,0.4350114516904846,0.5006837401908045,0.4004763657723718,0.3711116644830036,0.2266335638047334,0.1741349164681988,0.0977908338055665,0.0,0.0,0.0,0.0,0.1232672680268554,0.3759869689449618,0.2255105291388228,0.0,0.0,0.0,0.0,0.6267467650899655,0.6100991268109265,0.0,0.0,0.0,0.0,0.0,0.0,0.0,0.0,0.0,0.0,0.0,0.0,0.5587320468276112,0.6915169466070251,0.0,0.6880430273543953,0.0,0.4600249165218063,0.4056202811515554,0.5264911658922167,0.4141022552654338,0.0,0.6856915450428566,0.6306183016988528,0.5970548288812223,0.0,0.6690440720267251,0.0,0.6091363815017633
0.2630832147933483,0.5293526039455833,0.0,0.0,0.0,0.5051730434797168,0.1626903503301094,0.0,0.0,0.6779599467761079,0.2100684209417576,0.5183080274489433,0.5936776880396062,0.0,0.0,0.6381512360366263,0.0,0.630025285599698,0.0,0.3226897265930694,0.0,0.3971061879643066,0.0,0.6011365203890293,0.570675076316507,0.5303053329454542,0.0,0.5789203237218224,0.2895895511358089,0.0,0.3526936899853943,0.1911926526363287,0.1029775035995728,0.0709091909104348,0.0,0.0,0.0,0.0,0.0,0.1481423333691942,0.0,0.0,0.0,0.0,0.0,0.0,0.0,0.0,0.0,0.0,0.0,0.0,0.0,0.0,0.4837066876358475,0.0,0.4474872561794168,0.0,0.0,0.0,0.0,0.5247297235631064,0.4490074761500586,0.0,0.0,0.0,0.0,0.0,0.4670248448102316,0.430947551260693,0.4852363279063195,0.0,0.0,0.0,0.0,0.0
0.2442690172213892,0.4792131108285464,0.0,0.0,0.0,0.5018799811196438,0.1460294006551624,0.2313388984392262,0.3031181695214455,0.4879481329696202,0.0,0.3065093650699538,0.2596108375020013,0.0,0.3203216972774331,0.8564836267066304,0.630025285599698,0.0,0.0,0.135137645001906,0.3311572249967481,0.3072851535799101,0.3258216135696489,0.3506747173976559,0.6374137950126637,0.321881660012202,0.3449695508208688,0.1889447183982152,0.2394171479693482,0.134489579341332,0.0889094515249869,0.2328521095245277,0.0523975577536881,0.0,0.0046597402568949,0.0,0.0,0.0,0.0929858886064731,0.1443009498076252,0.0107459863079746,0.0,0.0,0.0,0.0,0.2580359941598237,0.422499753430465,0.0,0.0,0.0,0.0,0.0,0.0,0.0,0.4458525814583833,0.0,0.1540981975041605,0.0,0.0,0.0,0.5845491048701612,0.5019986403968055,0.7125954069576704,0.0,0.0,0.0,0.2510972098633163,0.0,0.2230281997222926,0.6803708523059742,0.3462928142567003,0.0,0.0,0.0,0.0,0.420499680985676
0.0,0.0,0.8787735848478156,0.0,0.5084344625013264,0.5761385941497237,0.3139922179844348,0.6935667231288872,0.6654168106946947,0.0526356586892731,0.9210044477954812,0.2307802022952537,0.5215857004724143,0.0,0.0,0.0,0.0,0.0,0.0,0.0,0.0,0.0,0.6793556942932402,0.0,0.0,0.0,0.6723409651697261,0.300209633429331,0.0,0.0,0.0,0.0,0.0,0.0,0.0,0.0,0.0,0.0,0.0,0.0,0.0,0.0,0.0,0.0,0.0,0.0,0.0,0.8560507380664826,0.0,0.4272457202985493,0.4825512551470307,0.2266723201115472,0.6562634423536896,0.462659112368654,0.0,0.7619503230143829,0.0,0.3533825611825957,0.0899035191882747,0.0,0.0,0.0,0.0,0.9984822691241514,0.0,0.0,0.0,0.6736019590372964,0.0,0.0,0.0,0.5760139190761154,0.0,0.0,0.0,0.0
0.474212611707808,0.6808932429942375,0.0,0.0513707849574628,0.316324403562667,0.5064302314717736,0.460607982097985,0.6126005652176765,0.4949606262892638,0.3476954227791794,0.0,0.0,0.5957216568667143,0.0,0.834486614648031,0.3972763256514334,0.3226897265930694,0.135137645001906,0.0,0.0,0.532292495457151,0.9359109697847556,0.7111074576699775,0.0,0.5340104066746271,0.7659930994584072,0.7929083483420241,0.635879449253477,0.7700032964359856,0.6795246618113011,0.3656441363818107,0.0,0.2889846018472855,0.0,0.0,0.0,0.0,0.0,0.0,0.4059617864111744,0.1815020181066896,0.0,0.0,0.0,0.0,0.0,0.6348008182120586,0.0,0.0,0.0,0.2654926119397871,0.0,0.4984368451660931,0.0,0.0,0.0,0.0,0.3685490635032686,0.0,0.8296474253267329,0.2627486926036911,0.0,0.0,0.0,0.9363513525634742,0.5479304704921936,0.8459466639406865,0.6228330363000523,0.0,0.2251516655225919,0.7899696209457785,0.7569563530457036,0.6287819808955365,0.4537113057240733,0.5380009711549731,0.2885040351805334
0.6164145939922072,0.2794970109134795,0.0,0.0,0.0,0.2054887458623458,0.0,0.3867550169765196,0.0,0.0,0.0,0.0337480904402896,0.1636535472905245,0.0,0.7824597070137049,0.4348156800634133,0.0,0.3311572249967481,0.0,0.532292495457151,0.0,0.5946486792479491,0.461119386931983,0.3130334866909861,0.4209710226094726,0.3266189341441311,0.5529324193425772,0.3161338734502657,0.5167592350701941,0.0,0.5430356714046853,0.3041641887947555,0.4171042316318304,0.3222385699280886,0.041848826896283,0.0,0.0,0.0,0.3323445811998702,0.3846678277589666,0.2832037035896255,0.0,0.0,0.0,0.0,0.6116528622827595,0.3094146829927158,0.0,0.0,0.0,0.2110740432051613,0.0,0.4826951351382259,0.0,0.0,0.0,0.0,0.116909058732398,0.0,0.7756637401611393,0.4539209036919243,0.0,0.0,0.0,0.5334220099406349,0.913976730240623,0.6427620120189781,0.4368686871209412,0.0,0.2491945591358807,0.4419156776106246,0.5874588547151807,0.2426577612248572,0.4892042580630271,0.0,0.355758227553801
0.6739176016468464,0.7524248609133729,0.0,0.0,0.2409304810666824,0.4477354359949612,0.3919443574678214,0.5130163576344188,0.396485283334691,0.4647089395355196,0.0,0.0,0.4666084182718281,0.0,0.8593389096050832,0.6182999824898343,0.3971061879643066,0.3072851535799101,0.0,0.9359109697847556,0.5946486792479491,0.0,0.6207702921482241,0.0,0.7274168343625083,0.8504976728353711,0.749608038778341,0.6173266287069429,0.7702661236969106,0.707510351784293,0.488367032267892,0.0,0.3354359745920468,0.0,0.0,0.0,0.0,0.0,0.0483360969821511,0.487798566681541,0.3142421445017452,0.0,0.0,0.0,0.0,0.8138037850448575,0.7117602415968175,0.0,0.0,0.0,0.1836483059797685,0.0,0.0,0.0,0.0,0.0,0.0,0.0,0.0,0.8605703804787789,0.4510872463056843,0.0,0.2956233077059755,0.0,0.8889489397670408,0.5876919739663008,0.9158786388712784,0.5194201733189975,0.0,0.4071232296148648,0.8828886843064598,0.7222599898291423,0.6169214206320661,0.5642599438488936,0.0,0.4676612144624413
0.3562724448345941,0.6437924964150905,0.8574152204988805,0.0,0.5547208097657925,0.7761421415978147,0.3194614782058889,0.9239659143868848,0.6593617358700817,0.3556019158202472,0.7471798303965159,0.4940470021678602,0.6188498216977555,0.0,0.7066638503330184,0.3836549336956667,0.0,0.3258216135696489,0.6793556942932402,0.7111074576699775,0.461119386931983,0.6207702921482241,0.0,0.4242396721448262,0.3746024435723932,0.5723738818157793,0.7937920522858728,0.5747445257235603,0.5406243801439248,0.507495138167956,0.0597989504425172,0.0,0.0353652102925868,0.0,0.0,0.0,0.0,0.0,0.0,0.2668598246590019,0.0,0.0,0.0,0.0,0.0,0.0,0.4954489192708851,0.8213283611334481,0.0,0.491991625473046,0.6754850810516301,0.3595691673953363,0.7975033240103365,0.5213497645481313,0.0,0.690904555203267,0.0,0.5681546921036973,0.0686741579470833,0.6934303745226964,0.0,0.0,0.0,0.6749071599446202,0.6726606662890364,0.4392914372610415,0.5679047219120787,0.9226612339536427,0.0,0.2997927815567275,0.5920849613832873,0.7964926838563731,0.6192224088504633,0.4444781515586302,0.6203197383024778,0.2888050156456419
0.5256396014274562,0.0,0.0,0.0,0.0,0.0,0.1226051729426624,0.4194755529999416,0.2081712247372793,0.7632984325661759,0.1540957620200258,0.6531142270419108,0.4382749518858419,0.0,0.4798020686511467,0.5233704021329615,0.6011365203890293,0.3506747173976559,0.0,0.0,0.3130334866909861,0.0,0.4242396721448262,0.0,0.7014370829307878,0.7310094504009765,0.2728266548926549,0.5287968220958922,0.0,0.0,0.3786144739382107,0.1040763300631471,0.2074685801917928,0.0392482854035242,0.0,0.0,0.0,0.0,0.084751462859849,0.4107992791831695,0.2729918507622417,0.0,0.0,0.0,0.0255045286931548,0.6251497482487288,0.0,0.0,0.0,0.0,0.0,0.0,0.0,0.0,0.4757128218680931,0.0,0.547004969276618,0.0,0.0,0.0,0.1902939611847868,0.1968264531751385,0.2171770602168733,0.0,0.0,0.0,0.0,0.0,0.8697698821872805,0.4638300287983249,0.718879420982873,0.0,0.5380188662563788,0.0,0.0,0.4940569716031275
0.6030185937994631,0.7826915022027575,0.0,0.0,0.153454793443011,0.3976596642132951,0.2053988168543492,0.1958100406473029,0.1788705632100348,0.6853205043849285,0.0,0.2665911574428504,0.3137909097860591,0.0,0.5249946672960282,0.7795477932473168,0.570675076316507,0.6374137950126637,0.0,0.5340104066746271,0.4209710226094726,0.7274168343625083,0.3746024435723932,0.7014370829307878,0.0,0.7715900343972792,0.4511223169867019,0.4108321091679761,0.607204290455141,0.0,0.3523195801661093,0.0972994090279184,0.2443765196349849,0.0,0.0,0.0,0.0,0.0,0.1202557729267366,0.408155651809364,0.3105655301632478,0.0,0.0,0.0,0.0,0.68402258571986,0.774133819956015,0.0,0.0,0.0,0.0,0.0,0.0,0.0,0.4361141076251119,0.0,0.1398748081771909,0.2754623097901469,0.0,0.5349658527965583,0.5289413686472272,0.1668839236313008,0.5082031288253807,0.0,0.5825856736469344,0.4210082362363215,0.6200882002345273,0.2763246802386699,0.6216999539222262,0.7549508367153938,0.79759314036643,0.0,0.0,0.6949283607370036,0.0,0.5663915685284896
0.4549422897273728,0.9379227659211692,0.0,0.0,0.124727463734449,0.6071316048131515,0.3480722154791475,0.5397091726206591,0.2582764781984843,0.5226642308775459,0.3975191264863318,0.4530126952378606,0.5886779983152008,0.0,0.6306068209789168,0.5456780953718736,0.5303053329454542,0.321881660012202,0.0,0.7659930994584072,0.3266189341441311,0.8504976728353711,0.5723738818157793,0.7310094504009765,0.7715900343972792,0.0,0.5363429261443298,0.5659879868015407,0.6385088583643442,0.0,0.1575272208817659,0.0,0.3239954797857368,0.0,0.0,0.0,0.0,0.0,0.0,0.3851259423045307,0.1983649320421781,0.0,0.0,0.0,0.0,0.5886537414648797,0.8516541767280493,0.0,0.0,0.0,0.2308215232136121,0.0,0.0,0.0,0.2719116050977528,0.0,0.3024393549069692,0.3597944193281056,0.0,0.636092068081564,0.1530700931768453,0.0847392299401902,0.1820428384149707,0.0,0.7417070498651993,0.3937129560506685,0.665948988903167,0.3818807507910846,0.5555785512373467,0.4232910664254165,0.9151996243443614,0.4891700527625425,0.5337563055608258,0.3507837961624481,0.0,0.1892840071169984
0.4242786686019779,0.5738278249286655,0.8587948852315687,0.0,0.681603022085366,0.6532921494489318,0.5005499733764736,0.6450151217056772,0.8352740704399696,0.2576832564280264,0.8144627282989723,0.2215381525484813,0.5781028998224942,0.0,0.7383569749911321,0.5531577799744762,0.0,0.3449695508208688,0.6723409651697261,0.7929083483420241,0.5529324193425772,0.749608038778341,0.7937920522858728,0.2728266548926549,0.4511223169867019,0.5363429261443298,0.0,0.5263895620856194,0.6963681715236925,0.5129647809614374,0.2514552636225834,0.0,0.1971422035602188,0.0,0.0,0.0,0.0,0.0,0.0,0.3596758199266023,0.0396621328173946,0.0,0.0,0.0,0.0,0.0,0.5450960702268104,0.8392448958929076,0.0,0.5417225480775946,0.5699360175152516,0.5369777933229068,0.6200631195311822,0.6844079964693124,0.0,0.7261937330311253,0.0,0.4981413452525208,0.152868234407808,0.7149431236316176,0.0,0.0,0.0,0.6481293312641047,0.7006241448362229,0.5405346752371757,0.6699708236781667,0.7629999614106789,0.0,0.0,0.6007309770017933,0.9952649479062586,0.6076452325074709,0.57117826379229,0.6068860097955865,0.2951097030419782
0.4617316200779071,0.4856003956894028,0.511346740452282,0.2518328012789366,0.3748542052863083,0.4864519395328596,0.384675506305256,0.4719638866485877,0.3906917483133185,0.5569990763638639,0.3807534274223098,0.4877686521569543,0.7633566563918408,0.1786834555843323,0.5357688026744248,0.4350114516904846,0.5789203237218224,0.1889447183982152,0.300209633429331,0.635879449253477,0.3161338734502657,0.6173266287069429,0.5747445257235603,0.5287968220958922,0.4108321091679761,0.5659879868015407,0.5263895620856194,0.0,0.5352374592203054,0.7053377211321316,0.499230928126013,0.0,0.2382813592163539,0.0,0.0,0.0934568644458964,0.1523913242121692,0.0,0.0075117885258092,0.4356740539237363,0.3896077079114319,0.0,0.1250471854105171,0.0,0.1605815372489685,0.0,0.0,0.3950399891617647,0.0,0.0,0.2981906296603378,0.0,0.3151938068169301,0.2818707226630026,0.4573367145546192,0.0,0.4467400197613811,0.6469308950662598,0.0,0.5307417545661298,0.0,0.0,0.0,0.0,0.5780081863820079,0.3097316737036837,0.5193002631436349,0.451128769018122,0.0,0.1404214402490194,0.560462201612781,0.5340786604692204,0.7766992256234646,0.292626435234099,0.0,0.4162768704599258
0.5636533097213448,0.6283825846181489,0.0,0.0,0.2279759263789659,0.5396714341340241,0.5749898414131163,0.3648689576493668,0.3777685003299631,0.364291854324063,0.0,0.0,0.5859005976798196,0.0,0.645073282213627,0.5006837401908045,0.2895895511358089,0.2394171479693482,0.0,0.7700032964359856,0.5167592350701941,0.7702661236969106,0.5406243801439248,0.0,0.607204290455141,0.6385088583643442,0.6963681715236925,0.5352374592203054,0.0,0.6869199667717845,0.4874056088261548,0.0,0.4552333644166717,0.0,0.0,0.0,0.0,0.0,0.0,0.5812272317819113,0.3888690086616483,0.0,0.0,0.0,0.0,0.0,0.59298646936837,0.3872544297053698,0.0,0.0,0.1386989539886964,0.1842656145542183,0.2597322937019631,0.1961613022835988,0.0,0.0,0.0,0.2645123531063809,0.0,0.6442198024775815,0.0,0.0,0.0,0.0,0.6419727308403782,0.4768379970172713,0.6229666670295675,0.4095391635150336,0.0,0.0,0.6046902729229353,0.6314026133277163,0.4746335561520085,0.5777165875497615,0.453312436944688,0.2856128184691306
0.0,0.0,0.0,0.0,0.0,0.3361061563686564,0.0,0.3494993914427291,0.2649895601938354,0.0,0.0,0.0,0.5021271427663846,0.0,0.0,0.4004763657723718,0.0,0.134489579341332,0.0,0.6795246618113011,0.0,0.707510351784293,0.507495138167956,0.0,0.0,0.0,0.5129647809614374,0.7053377211321316,0.6869199667717845,0.0,0.6262081347772295,0.0503482220788747,0.0,0.1246716124152728,0.0,0.0,0.0,0.0,0.0,0.0,0.0,0.0,0.0,0.0,0.0,0.0,0.0,0.0,0.0,0.0,0.0,0.0,0.0,0.0,0.0,0.0,0.0,0.0,0.0,0.0,0.0,0.0,0.0,0.0,0.5645259218606711,0.0,0.0,0.4150122939885124,0.0,0.0,0.0,0.4715331895569272,0.0,0.3296821582818675,0.0,0.0
0.5954935105855085,0.0604315056584995,0.0831161333583583,0.1704816806266767,0.0517533981861343,0.0,0.249337846250837,0.0,0.0522370245047409,0.3533195155534606,0.0,0.0,0.1759284443375882,0.2324028022884992,0.4306040903237286,0.3711116644830036,0.3526936899853943,0.0889094515249869,0.0,0.3656441363818107,0.5430356714046853,0.488367032267892,0.0597989504425172,0.3786144739382107,0.3523195801661093,0.1575272208817659,0.2514552636225834,0.499230928126013,0.4874056088261548,0.6262081347772295,0.0,0.3642240342433236,0.3904376591294417,0.5209946310254109,0.169995338953424,0.2605296137405366,0.2994327333798386,0.2961486679858086,0.393320018147213,0.3833495595385926,0.5383082235268015,0.0,0.2177619694570456,0.0,0.0,0.0,0.1242874876723724,0.0,0.0,0.0,0.0,0.0,0.0,0.0,0.2718048018680798,0.0,0.0,0.0,0.0,0.4527021399867837,0.3112951564455512,0.0,0.0762366136530146,0.0,0.3790907405375847,0.4772005886249051,0.4869654990816142,0.0757761903180293,0.4338625226249637,0.0458884815068435,0.2367307069056498,0.2976749988468387,0.3591581234711107,0.3810323667225196,0.0,0.5240173128469742
0.2777461496377958,0.0,0.0,0.0747252043926687,0.0,0.0,0.0,0.0,0.0,0.0823675814563238,0.0,0.0,0.0,0.0,0.0564290353047057,0.2266335638047334,0.1911926526363287,0.2328521095245277,0.0,0.0,0.3041641887947555,0.0,0.0,0.1040763300631471,0.0972994090279184,0.0,0.0,0.0,0.0,0.0503482220788747,0.3642240342433236,0.0,0.0981938136920461,0.6232918367265327,0.5947193692257221,0.0523786642211609,0.1402122666688211,0.0377840298354057,0.8724434393685174,0.0476583904453899,0.3690917102735919,0.2789218948996073,0.3691025573859047,0.3334683118274485,0.2034790907216661,0.1417525194044843,0.0,0.0,0.0,0.0,0.0,0.0,0.0,0.0,0.0,0.0,0.0,0.0,0.0,0.08021111468434,0.2903063077979355,0.0452634740520693,0.2899310484835277,0.0,0.0,0.2062014346306346,0.1099622942107787,0.0,0.1700646633476808,0.1342472394378154,0.0,0.0,0.0,0.2559372847340504,0.0,0.4142000320338608
0.2413214738988452,0.2309020503585866,0.0611433159919847,0.0,0.0,0.1187380771059735,0.5853099577022084,0.1056154867798531,0.0,0.0,0.0348498721554696,0.0,0.2710167519719247,0.0,0.2626988573499818,0.1741349164681988,0.1029775035995728,0.0523975577536881,0.0,0.2889846018472855,0.4171042316318304,0.3354359745920468,0.0353652102925868,0.2074685801917928,0.2443765196349849,0.3239954797857368,0.1971422035602188,0.2382813592163539,0.4552333644166717,0.0,0.3904376591294417,0.0981938136920461,0.0,0.4054700905912864,0.0,0.4103107043467726,0.4020374356928817,0.5293045598445498,0.2394633692658577,0.6163575029401144,0.5011105212373088,0.2212515745914674,0.0,0.0,0.2019658886128697,0.2590417439788434,0.248372188899318,0.0,0.0,0.0,0.0,0.0,0.0,0.0,0.0567113981405724,0.0,0.0,0.0,0.0,0.2661735126872456,0.0,0.0,0.0,0.0,0.1329727200579935,0.4604410005572481,0.1713470135691774,0.0,0.1054008211127841,0.0,0.2121924326471381,0.0561129664195157,0.0379359144722369,0.0,0.0,0.0
0.2513054750279098,0.0,0.0,0.3161952927996531,0.0,0.0,0.0312414619990069,0.0,0.0,0.0,0.0,0.0,0.0,0.1273230994573924,0.011777364768709,0.0977908338055665,0.0709091909104348,0.0,0.0,0.0,0.3222385699280886,0.0,0.0,0.0392482854035242,0.0,0.0,0.0,0.0,0.0,0.1246716124152728,0.5209946310254109,0.6232918367265327,0.4054700905912864,0.0,0.4986660172781111,0.3615777806956544,0.3010290470025047,0.4077712700909675,0.6125356929075282,0.2073561390947214,0.5876779934037711,0.3856892493427632,0.3406408030893718,0.2755258411208838,0.3366407853474714,0.1182437103429357,0.0,0.0,0.0,0.0,0.0,0.0,0.0,0.0,0.0,0.0,0.0,0.0,0.0,0.0453805654394241,0.0,0.0,0.0,0.0,0.0,0.2918773958683391,0.0,0.0,0.1018036519653603,0.0,0.0,0.0,0.0,0.0,0.0,0.1132620809925399
0.1588292706242589,0.0,0.0,0.0192366647489186,0.0,0.0,0.0,0.0,0.0,0.0,0.0,0.0,0.0,0.0,0.0,0.0,0.0,0.0046597402568949,0.0,0.0,0.041848826896283,0.0,0.0,0.0,0.0,0.0,0.0,0.0,0.0,0.0,0.169995338953424,0.5947193692257221,0.0,0.4986660172781111,0.0,0.0,0.0830422793982299,0.0,0.4684903912545761,0.0,0.1461650989462162,0.2284792529809538,0.3243890076103574,0.2564289703051539,0.2556947910389869,0.0,0.0,0.0,0.0,0.0,0.0454103518329377,0.0,0.0,0.0,0.0,0.0,0.0,0.0,0.0,0.0,0.2069867583799985,0.0,0.0,0.0,0.0,0.0,0.0,0.0,0.0,0.05133576608166,0.0,0.0,0.0,0.1145749079661595,0.0,0.0
0.0,0.0,0.0,0.4422885508400346,0.0,0.0,0.3014222958492282,0.0,0.0,0.0,0.0,0.0,0.0,0.4624532105967481,0.0,0.0,0.0,0.0,0.0,0.0,0.0,0.0,0.0,0.0,0.0,0.0,0.0,0.0934568644458964,0.0,0.0,0.2605296137405366,0.0523786642211609,0.4103107043467726,0.3615777806956544,0.0,0.0,0.6592530668160351,0.6071428067666423,0.1980557438736352,0.0041870961504202,0.2248791994200814,0.2626291008522544,0.421138252204269,0.1444344372496824,0.2776124757037432,0.0,0.0,0.0,0.0,0.0,0.0,0.0,0.0718113753255806,0.0,0.0,0.0,0.0,0.0,0.0,0.0,0.0,0.0,0.0,0.0,0.0,0.0,0.0,0.0,0.0,0.0,0.0,0.0,0.0,0.0,0.0,0.0
0.0,0.0,0.0,0.2720048904734769,0.0401120699752955,0.0,0.2438930233050865,0.0,0.0,0.0,0.0,0.0,0.0525984432278873,0.2855888932397958,0.0,0.0,0.0,0.0,0.0,0.0,0.0,0.0,0.0,0.0,0.0,0.0,0.0,0.1523913242121692,0.0,0.0,0.2994327333798386,0.1402122666688211,0.4020374356928817,0.3010290470025047,0.0830422793982299,0.6592530668160351,0.0,0.4036262108024496,0.2250165831238091,0.0,0.2027491017473544,0.1748541558035532,0.2673150448479562,0.0,0.0,0.0,0.0,0.0,0.0,0.0,0.0,0.0,0.0,0.0,0.0,0.0,0.0,0.0,0.0,0.0,0.0,0.0,0.0,0.0,0.0,0.0,0.0,0.0,0.0,0.0,0.0,0.0,0.0,0.0,0.0,0.0
0.0,0.0,0.0,0.3690628252274693,0.0,0.0,0.2781992201961646,0.0,0.0,0.0,0.0,0.0,0.0,0.0,0.0,0.0,0.0,0.0,0.0,0.0,0.0,0.0,0.0,0.0,0.0,0.0,0.0,0.0,0.0,0.0,0.2961486679858086,0.0377840298354057,0.5293045598445498,0.4077712700909675,0.0,0.6071428067666423,0.4036262108024496,0.0,0.1688074206019993,0.0882818323682152,0.1967575484629634,0.3698805779450482,0.0,0.0,0.3709751072651943,0.0,0.0,0.0,0.0,0.0,0.0,0.0,0.0,0.0,0.0,0.0,0.0,0.0,0.0,0.0,0.0,0.0,0.0,0.0,0.0,0.0,0.0,0.0,0.0,0.0,0.0,0.0,0.0,0.0,0.0,0.0
0.2283006703210343,0.0,0.0,0.0,0.0,0.0,0.0,0.0,0.0,0.0186134665133043,0.0,0.0,0.0,0.0,0.0901990749444937,0.1232672680268554,0.0,0.0929858886064731,0.0,0.0,0.3323445811998702,0.0483360969821511,0.0,0.084751462859849,0.1202557729267366,0.0,0.0,0.0075117885258092,0.0,0.0,0.393320018147213,0.8724434393685174,0.2394633692658577,0.6125356929075282,0.4684903912545761,0.1980557438736352,0.2250165831238091,0.1688074206019993,0.0,0.1624894886681822,0.4702878160696749,0.3042595832170261,0.4315201278467997,0.369835162211251,0.2441341312893144,0.1893532504957522,0.0,0.0,0.0,0.0,0.0,0.0,0.0,0.0,0.0,0.0,0.0,0.0,0.0,0.1082042920738769,0.2312301648745657,0.0,0.1657778141311024,0.0,0.0233958609690245,0.2635786286916802,0.1948231933332577,0.0,0.1804043125020341,0.0868256740594923,0.0,0.0,0.0,0.2444288437872591,0.0608608464765359,0.3305674230654572
0.5769786457606504,0.3727748261914163,0.0,0.0,0.0,0.0,0.0,0.0,0.0,0.3103210445754054,0.0,0.1606594432283735,0.3346558273880091,0.0,0.3489201289682079,0.3759869689449618,0.1481423333691942,0.1443009498076252,0.0,0.4059617864111744,0.3846678277589666,0.487798566681541,0.2668598246590019,0.4107992791831695,0.408155651809364,0.3851259423045307,0.3596758199266023,0.4356740539237363,0.5812272317819113,0.0,0.3833495595385926,0.0476583904453899,0.6163575029401144,0.2073561390947214,0.0,0.0041870961504202,0.0,0.0882818323682152,0.1624894886681822,0.0,0.5879096332129917,0.1092194963804598,0.0,0.0238402725225606,0.1915607351436369,0.5905585006845774,0.4229064750837675,0.1424859792559268,0.0,0.119783997600865,0.0570619293811217,0.2768359253636086,0.1573437709712725,0.1019676971808501,0.3801417566569418,0.0853262156428535,0.2256833645914132,0.2373890967502145,0.0,0.3707400079711635,0.2303349852791325,0.039699693519985,0.0,0.0032000398220039,0.3240365716870548,0.3893945482445644,0.3568085678827282,0.2005008854528847,0.4715291392145753,0.2324080609600387,0.4759916414372722,0.3125574308628785,0.3783112718229884,0.2618854706947852,0.3903600183947752,0.2725645646109488
0.4757763233201423,0.1993714801263386,0.0,0.0,0.0,0.0,0.279956979585946,0.0,0.0,0.2143889099637592,0.0,0.0,0.1350178500160044,0.0,0.1777905281715676,0.2255105291388228,0.0,0.0107459863079746,0.0,0.1815020181066896,0.2832037035896255,0.3142421445017452,0.0,0.2729918507622417,0.3105655301632478,0.1983649320421781,0.0396621328173946,0.3896077079114319,0.3888690086616483,0.0,0.5383082235268015,0.3690917102735919,0.5011105212373088,0.5876779934037711,0.1461650989462162,0.2248791994200814,0.2027491017473544,0.1967575484629634,0.4702878160696749,0.5879096332129917,0.0,0.3543375662365537,0.1766506543590494,0.3794250947718666,0.2487977075651163,0.4217165777461268,0.2111752038856607,0.0,0.1809296977781872,0.0,0.0,0.0,0.0,0.0,0.1053049028046774,0.0,0.0169484228366891,0.0,0.0,0.2189547081977501,0.1281019870562165,0.0,0.0,0.0,0.1800633473350805,0.2502420128745437,0.2701918598819869,0.0,0.3662245228501199,0.0459995566412794,0.1875614005739824,0.0334706319037102,0.2046683996614973,0.1662688638336258,0.1784158393606709,0.3593877943751277
0.0,0.0,0.0,0.0,0.0,0.0,0.0,0.0,0.0,0.0,0.0,0.0,0.0,0.0,0.0,0.0,0.0,0.0,0.0,0.0,0.0,0.0,0.0,0.0,0.0,0.0,0.0,0.0,0.0,0.0,0.0,0.2789218948996073,0.2212515745914674,0.3856892493427632,0.2284792529809538,0.2626291008522544,0.1748541558035532,0.3698805779450482,0.3042595832170261,0.1092194963804598,0.3543375662365537,0.0,0.1889942281506176,0.2833626973913787,0.2338503503875751,0.0,0.0,0.0,0.0,0.0,0.0,0.0,0.0,0.0,0.0,0.0,0.0,0.0,0.0,0.0,0.0,0.0,0.0,0.0,0.0,0.0,0.0,0.0,0.0054750382388489,0.0,0.0,0.0,0.0,0.0,0.0,0.0
0.0,0.0,0.0,0.0,0.0,0.0,0.0,0.0,0.0,0.0,0.0,0.1845298475222747,0.0,0.1815351018065448,0.0,0.0,0.0,0.0,0.0,0.0,0.0,0.0,0.0,0.0,0.0,0.0,0.0,0.1250471854105171,0.0,0.0,0.2177619694570456,0.3691025573859047,0.0,0.3406408030893718,0.3243890076103574,0.421138252204269,0.2673150448479562,0.0,0.4315201278467997,0.0,0.1766506543590494,0.1889942281506176,0.0,0.6480793081003449,0.3606101866077428,0.0,0.0,0.0,0.0,0.0148504987392389,0.0535617427461976,0.0406686932925499,0.0,0.0,0.1702644829670582,0.0,0.2868571290830708,0.0968652392906337,0.261716186266416,0.0,0.0,0.1953048472009288,0.0,0.0,0.0,0.0,0.0,0.0,0.1683049562816538,0.0,0.0,0.0,0.0661774944359864,0.0,0.0,0.1760175194547202
0.0,0.0,0.0,0.0,0.0,0.0,0.0,0.0,0.0,0.0,0.0,0.0,0.0,0.0,0.0,0.0,0.0,0.0,0.0,0.0,0.0,0.0,0.0,0.0,0.0,0.0,0.0,0.0,0.0,0.0,0.0,0.3334683118274485,0.0,0.2755258411208838,0.2564289703051539,0.1444344372496824,0.0,0.0,0.369835162211251,0.0238402725225606,0.3794250947718666,0.2833626973913787,0.6480793081003449,0.0,0.2945150705785601,0.0,0.0,0.0,0.0,0.0,0.0,0.0,0.0,0.0,0.0473757682543772,0.0,0.2341264368126757,0.0,0.0,0.0,0.0,0.0,0.0,0.0,0.0,0.0,0.0,0.0,0.0,0.0,0.0,0.0,0.0333284481602716,0.0317808840112517,0.0,0.324982397196804
0.0,0.0,0.0,0.0,0.0,0.0,0.0,0.0,0.0,0.0059763309962714,0.0,0.0,0.0,0.0,0.0,0.0,0.0,0.0,0.0,0.0,0.0,0.0,0.0,0.0255045286931548,0.0,0.0,0.0,0.1605815372489685,0.0,0.0,0.0,0.2034790907216661,0.2019658886128697,0.3366407853474714,0.2556947910389869,0.2776124757037432,0.0,0.3709751072651943,0.2441341312893144,0.1915607351436369,0.2487977075651163,0.2338503503875751,0.3606101866077428,0.2945150705785601,0.0,0.039217135342731,0.0,0.0,0.0,0.0,0.0,0.0386665121792108,0.0,0.0,0.0298389737206838,0.0,0.048390645076163,0.0,0.0,0.0,0.0,0.0,0.0,0.0,0.0,0.0,0.0,0.0,0.0822032646538646,0.0,0.0,0.0,0.0,0.0,0.0,0.0519128786928055
0.8969138880215451,0.5199833344765324,0.0,0.0,0.0,0.0,0.0,0.0,0.0,0.4827363940632745,0.0,0.0,0.0,0.0,0.0,0.6267467650899655,0.0,0.2580359941598237,0.0,0.0,0.6116528622827595,0.8138037850448575,0.0,0.6251497482487288,0.68402258571986,0.5886537414648797,0.0,0.0,0.0,0.0,0.0,0.1417525194044843,0.2590417439788434,0.1182437103429357,0.0,0.0,0.0,0.0,0.1893532504957522,0.5905585006845774,0.4217165777461268,0.0,0.0,0.0,0.039217135342731,0.0,0.535629631927716,0.0,0.0,0.0,0.1581958503149908,0.0,0.2019843993886744,0.0,0.0,0.0,0.1482304087975712,0.3572861148209585,0.0,0.7650771427415304,0.5884760995030174,0.0,0.3864430553971556,0.0,0.6709490182985246,0.5837031835539253,0.7983062856783066,0.4354802198638781,0.7291902421606545,0.4581744143744738,0.7700907267756272,0.6183874168670062,0.6234516122390468,0.5983820581699774,0.0,0.6716511014277728
0.4036621118868051,0.876555805843255,0.0,0.0,0.0,0.5675277200212193,0.0,0.0,0.0,0.0,0.0,0.0,0.0,0.0,0.4916177199735183,0.6100991268109265,0.0,0.422499753430465,0.0,0.6348008182120586,0.3094146829927158,0.7117602415968175,0.4954489192708851,0.0,0.774133819956015,0.8516541767280493,0.5450960702268104,0.0,0.59298646936837,0.0,0.1242874876723724,0.0,0.248372188899318,0.0,0.0,0.0,0.0,0.0,0.0,0.4229064750837675,0.2111752038856607,0.0,0.0,0.0,0.0,0.535629631927716,0.0,0.0,0.0,0.0,0.4396855962415483,0.1963364742480786,0.3396979968963259,0.1556405387392419,0.3551530019476326,0.0,0.0,0.3747955248290938,0.0,0.5207345678520162,0.3468813380405031,0.109386440909461,0.356279299042394,0.0,0.6533457047895387,0.4010634684623667,0.6173989101882926,0.4587285173569509,0.0,0.676931732871875,0.8933010014936552,0.5925963997276422,0.4999260029224671,0.6282708762222303,0.0,0.2841708284369915
