0.0,0.8003530624780657,0.0,0.0,0.0,0.5654140428231386,0.0,0.0,0.0,0.0,0.0,0.1563829628038972,0.0,0.0,0.5527854150966521,0.4037796868664813,0.0,0.5407960951342525,0.0,0.2892033749501052,0.7979292864911601,0.4824015230184351,0.3036286868801605,0.6376611520343133,0.7532190126935164,0.6039215073395736,0.2301674608173838,0.0,0.6458387536071937,0.0,0.0,0.0,0.2828561943174142,0.0,0.0,0.0,0.0,0.0,0.0,0.0574297419636636,0.1558576692987616,0.0,0.0,0.0,0.0,0.8564866409296132,0.7226970063322964,0.0,0.0,0.0,0.0,0.0,0.0,0.0,0.0,0.0,0.0,0.0,0.0,0.0,0.6357546854480973,0.0,0.3379888646499808,0.0,0.0,0.7346244030572792,0.5920674582854032,0.0,0.5756671838560731,0.5342214632555874,0.6245519709796686,0.0,0.0,0.0,0.0,0.0
0.8003530624780657,0.0,0.0,0.0,0.0,0.6786142211981999,0.0,0.062404502399966,0.1022738666076015,0.0,0.0,0.0,0.4166371567026724,0.0,0.745732568996132,0.4778750068653407,0.0,0.6010865800358703,0.0,0.4072853281715911,0.7087403370807183,0.6402086981984393,0.2929500263848179,0.0,0.8101314323017583,0.605266362049705,0.3740149211795659,0.0962416951028918,0.702314322107668,0.0,0.0,0.0,0.2024275498775885,0.0,0.0,0.0,0.0,0.0,0.0,0.0,0.0,0.0710663199384089,0.0,0.0,0.0,0.7460141745481575,0.8473957359541291,0.0,0.0,0.0,0.0,0.0,0.0,0.0,0.0,0.0,0.0,0.0,0.0,0.7196258241405864,0.650796955729524,0.0,0.4314257895140025,0.0,0.725096577031415,0.630289391157163,0.631818876856731,0.3985389806939853,0.0,0.5136518291097516,0.6138486677478312,0.5739901018404692,0.0,0.4424410833357556,0.0,0.307828161823494
0.0,0.0,0.0,0.0,0.0180653150335102,0.3970375005764323,0.0,0.4512239937374392,0.3656263679068692,0.0,0.5212664365349449,0.0,0.19056970476042,0.2992472840681592,0.0,0.0,0.0,0.0,0.8570890952433263,0.0,0.0,0.0,0.5930884160634472,0.0,0.0,0.0,0.5571641776528267,0.0,0.0,0.0,0.0,0.0,0.0,0.0,0.0,0.0,0.0,0.0,0.0,0.0,0.0,0.0,0.0,0.0,0.0,0.0,0.0,0.732031962985011,0.0,0.0,0.4479430770704907,0.0,0.3251389741798659,0.3641464308057963,0.0,0.3762249013333865,0.0,0.0,0.0,0.0,0.0,0.0,0.0,0.6980073209244289,0.0,0.0,0.0,0.577414365873498,0.0,0.0,0.0,0.570527157997738,0.0,0.0,0.0,0.0
0.0,0.0,0.0,0.0,0.7520240817297045,0.0,0.6745161251573012,0.0,0.4816910850967178,0.4715502166076499,0.2983777905822593,0.0,0.3371426420297651,0.0819462758230848,0.0,0.0,0.0,0.0,0.0,0.0,0.0,0.0,0.0,0.0,0.0,0.0,0.1333826920912166,0.4195219332930561,0.0,0.0,0.0,0.3377322927069819,0.0,0.2653269005839195,0.0373853232013777,0.4784391307435766,0.0,0.0,0.0,0.0,0.0,0.0,0.0,0.0,0.0,0.0,0.0,0.0,0.0,0.0,0.0,0.0,0.0,0.0,0.0,0.0,0.0,0.0,0.0,0.0,0.0,0.0,0.0,0.0,0.0,0.0,0.0,0.0,0.0,0.0,0.0,0.0,0.0,0.0,0.0,0.0
0.0,0.0,0.0180653150335102,0.7520240817297045,0.0,0.0,0.8688116213813245,0.0,0.807644047172686,0.4119184295792287,0.6156247285980255,0.392305931226745,0.3604643260219465,0.0,0.0,0.0,0.0,0.0,0.0,0.4663053720267061,0.0,0.4193620861386294,0.0,0.0,0.0,0.0,0.2805264172596881,0.330867243860259,0.0,0.0,0.2652634199527402,0.1910856655438418,0.0,0.0,0.0,0.2565090010041119,0.0,0.0,0.0,0.0,0.0,0.0,0.0,0.0,0.0,0.0,0.0,0.0896476595393439,0.0,0.0,0.0,0.0,0.0,0.7291060181045834,0.0,0.4246751737981915,0.0,0.0,0.0,0.0,0.0,0.0,0.0,0.0,0.0,0.0,0.0,0.0499562774871915,0.0,0.0,0.0,0.0,0.0,0.0,0.0,0.0
0.5654140428231386,0.6786142211981999,0.3970375005764323,0.0,0.0,0.0,0.0,0.3592186164402391,0.0,0.0,0.1134977424126251,0.0,0.3630347322614315,0.6716069336676258,0.6287989507309091,0.3574003314760714,0.0,0.4921879128090319,0.419673187843595,0.2078452442341117,0.6965147769714901,0.2854390873348794,0.5076043740588839,0.0,0.708566734812312,0.488530758735084,0.4124001247284616,0.0,0.8520383844019331,0.4508200050734061,0.0,0.0,0.4095773531228697,0.0,0.0,0.0,0.0,0.0,0.0,0.0,0.2524338930603633,0.4587582145913252,0.0,0.0,0.0,0.0,0.0,0.1775223833233178,0.0,0.0,0.5010090901075568,0.0,0.4022038402624284,0.0,0.0,0.0,0.0,0.4183416185597521,0.0,0.5379825512607006,0.0,0.0,0.0,0.0,0.6874183680447169,0.6852137700104449,0.5815771412465695,0.5499020997188206,0.0,0.0,0.0,0.6430578182101828,0.5420941072018515,0.4837828988401926,0.0,0.5277917621357909
0.0,0.0,0.0,0.6745161251573012,0.8688116213813245,0.0,0.0,0.0,0.6159753007776073,0.4134732692206869,0.4723332894545201,0.2095291922341383,0.1381859307175163,0.0,0.0,0.0620562196982659,0.5729690033519931,0.0,0.0,0.2807013434090867,0.0,0.2153900999547217,0.0,0.0,0.0,0.0,0.0503945432367161,0.368178465260965,0.0,0.0,0.4777099988756698,0.258694761919413,0.0,0.1460710452143525,0.0,0.1305782819112057,0.0,0.0,0.0,0.0,0.0,0.0,0.0,0.0,0.0,0.0,0.0,0.0,0.0,0.0,0.0,0.0,0.0,0.0,0.0,0.0,0.0,0.0,0.0,0.0,0.0,0.0,0.0,0.0,0.0,0.0,0.0,0.0,0.0,0.0,0.0,0.0,0.0,0.0,0.0,0.0
0.0,0.062404502399966,0.4512239937374392,0.0,0.0,0.3592186164402391,0.0,0.0,0.0,0.0,0.1363440072878065,0.0,0.0715963432797926,0.1648142338500459,0.1675452441373124,0.0614301719249562,0.0,0.0881156544543454,0.3389454597307094,0.0,0.1227863870969061,0.0,0.47386581669375,0.1177030236357251,0.030763823193799,0.1552979017518495,0.1916968169903302,0.0,0.148830682247581,0.1242626912664312,0.0,0.0,0.5063801352158381,0.0,0.0471359932943383,0.0,0.0,0.0,0.2570204410046328,0.0,0.3078039623142231,0.0,0.1018487214679087,0.0,0.0,0.0,0.0,0.2817291314808354,0.0,0.0,0.5183529441122933,0.0,0.6034596870454683,0.0,0.0,0.1603103111586096,0.0,0.0940513728257919,0.0,0.159814356181375,0.0,0.0,0.0,0.2089031031411943,0.1172064860232104,0.1021285055933034,0.0,0.4503148311568483,0.0,0.0,0.0,0.2445983659360431,0.2333967293111996,0.1156442038275065,0.0,0.2410050556846484
0.0,0.1022738666076015,0.3656263679068692,0.4816910850967178,0.807644047172686,0.0,0.6159753007776073,0.0,0.0,0.1250339785603153,0.8357546882359355,0.2812607535675387,0.3467812492738178,0.0756633956258823,0.0,0.2358800682997297,0.0,0.0,0.3995150971401877,0.5615965775640974,0.0,0.515906225679731,0.2224589219387659,0.0,0.0,0.0,0.5921205537140614,0.1031777994562784,0.0,0.0,0.0,0.0,0.0,0.0,0.0,0.0540944666125234,0.0,0.0,0.0,0.0,0.0,0.0,0.0,0.0,0.0,0.0,0.0,0.4509775407095217,0.0,0.0,0.0805888722449651,0.0,0.0,0.9333355220242532,0.0,0.6685072816086207,0.0,0.0,0.4406162033853164,0.0,0.0,0.0,0.0,0.3830141262200165,0.0,0.0,0.0,0.3438181543422192,0.0,0.0,0.0,0.155648539094127,0.0,0.0,0.0,0.0
0.0,0.0,0.0,0.4715502166076499,0.4119184295792287,0.0,0.4134732692206869,0.0,0.1250339785603153,0.0,0.0,0.6872406291689971,0.2123414591431827,0.0,0.0,0.0,0.6890547554013992,0.0,0.0,0.0,0.0,0.0,0.0,0.0,0.0,0.281047024516283,0.0,0.3101896050108497,0.0,0.0,0.5091404065504335,0.5011870795805172,0.0,0.3034836651587201,0.3542610446399757,0.5586435171049051,0.2816986119414906,0.1110551272199231,0.0332464750548217,0.0,0.0,0.0,0.0,0.0,0.0,0.0,0.0,0.0,0.0,0.0,0.0,0.0,0.0,0.0,0.8765370901767167,0.0,0.1920651957663974,0.0,0.0,0.0,0.0,0.04655782511289,0.2080810888704223,0.0,0.0,0.0,0.0,0.0,0.0,0.5006971263328732,0.3300402139030045,0.0,0.0,0.0,0.0,0.0
0.0,0.0,0.5212664365349449,0.2983777905822593,0.6156247285980255,0.1134977424126251,0.4723332894545201,0.1363440072878065,0.8357546882359355,0.0,0.0,0.0407376889239458,0.2903168310797585,0.2162366336472989,0.0,0.0,0.0,0.0,0.516307306545444,0.0,0.0,0.0,0.5127250068102899,0.0,0.0,0.0,0.5726493112840414,0.0,0.0,0.0,0.0,0.0,0.0,0.0,0.0,0.0,0.0,0.0,0.0,0.0,0.0,0.0,0.0,0.0,0.0,0.0,0.0,0.4406417513353213,0.0,0.5902690220020884,0.2593771572727424,0.1870488912821518,0.1965719565597872,0.8184586438517971,0.0,0.7146901463347685,0.0,0.2191740689915247,0.3264915014859268,0.0,0.0,0.0,0.0,0.383426815654696,0.0,0.0,0.0,0.516219806057754,0.0,0.0,0.0,0.1661260602391678,0.0,0.0,0.0,0.0
0.1563829628038972,0.0,0.0,0.0,0.392305931226745,0.0,0.2095291922341383,0.0,0.2812607535675387,0.6872406291689971,0.0407376889239458,0.0,0.5411831309200542,0.0,0.0,0.0,0.5404685831827132,0.0941401283308023,0.0,0.0,0.0,0.0,0.0,0.0716282776515185,0.3905841295035079,0.5334510354367412,0.0,0.2233897681782636,0.0,0.0,0.0727683153583119,0.1540705145631379,0.0,0.0,0.0209835697900982,0.4974120414491109,0.0,0.0,0.0,0.0,0.0,0.0,0.0,0.0,0.1144566377895779,0.0,0.0,0.0,0.0,0.0,0.0,0.0,0.0,0.0,0.5977499021705327,0.0,0.6206440072820748,0.0,0.0,0.0,0.0,0.0585042613290609,0.3695273910033293,0.0,0.0,0.0,0.0,0.0,0.0,0.6972487452574287,0.5559081052245085,0.0,0.0,0.0,0.0,0.0
0.0,0.4166371567026724,0.19056970476042,0.3371426420297651,0.3604643260219465,0.3630347322614315,0.1381859307175163,0.0715963432797926,0.3467812492738178,0.2123414591431827,0.2903168310797585,0.5411831309200542,0.0,0.4946793485623023,0.3144580399719161,0.3314837780978298,0.4407229692978719,0.370514472507727,0.1214326707373108,0.5808968409949197,0.3600541005889155,0.4834304366426661,0.1732353440766039,0.101236934314929,0.5624368619499968,0.3742969902251927,0.4160209270564357,0.1409268839613786,0.2217992806899755,0.3534963733081263,0.0,0.0,0.0884404345975173,0.0,0.0,0.3043391967760164,0.0,0.0,0.0,0.0,0.0,0.0,0.0,0.0,0.0,0.0,0.0,0.0,0.0,0.0,0.4228321580828637,0.0,0.0,0.0,0.0,0.0,0.0,0.0,0.0,0.0,0.0,0.0,0.0,0.0,0.0,0.0,0.0,0.3046703935441552,0.0,0.0,0.0,0.3800390820014228,0.0,0.1408758294118241,0.0,0.0
0.0,0.0,0.2992472840681592,0.0819462758230848,0.0,0.6716069336676258,0.0,0.1648142338500459,0.0756633956258823,0.0,0.2162366336472989,0.0,0.4946793485623023,0.0,0.0,0.0,0.0,0.0,0.2668202319717435,0.0,0.5905888735979492,0.0,0.2957790163599832,0.0,0.0,0.0,0.3477453770185438,0.0,0.0,0.0,0.0,0.0,0.0,0.0,0.0,0.1381462842689621,0.0,0.0,0.0,0.0,0.0,0.0,0.0,0.0,0.0,0.0,0.0,0.0085536123332082,0.0,0.0,0.0,0.0,0.0,0.1268575081362496,0.0,0.0,0.0,0.0,0.0,0.0,0.0,0.0,0.0,0.0,0.0,0.0,0.0,0.3830560178649435,0.0,0.0,0.0,0.0,0.0,0.0,0.0,0.0
0.5527854150966521,0.745732568996132,0.0,0.0,0.0,0.6287989507309091,0.0,0.1675452441373124,0.0,0.0,0.0,0.0,0.3144580399719161,0.0,0.0,0.4134475294106871,0.0,0.5323584664558632,0.0,0.5773273680786073,0.5642197048927159,0.6842581248527287,0.4823984274710138,0.5046356827337385,0.6867819007301409,0.4261446366100395,0.5761373066680003,0.0,0.612034582557636,0.0,0.0,0.0,0.1189380539715355,0.0,0.0,0.0,0.0,0.0,0.0,0.0242571341452991,0.0,0.0521870394916566,0.0,0.0,0.0,0.0,0.6569062035285865,0.0,0.0,0.0,0.2771349164000523,0.0,0.2695848121872302,0.0,0.0,0.0,0.0,0.0,0.0,0.7943620585600616,0.4825115857325946,0.0,0.0,0.0,0.6051248893359737,0.5686927673827833,0.5252414419574261,0.581273343939377,0.0,0.0,0.4435072500427496,0.638231668249652,0.4787701429676985,0.4411017030846599,0.0,0.167088754766957
0.4037796868664813,0.4778750068653407,0.0,0.0,0.0,0.3574003314760714,0.0620562196982659,0.0614301719249562,0.2358800682997297,0.0,0.0,0.0,0.3314837780978298,0.0,0.4134475294106871,0.0,0.0,0.7548955144215643,0.0,0.4370653199639792,0.3142417504094428,0.5478984619828436,0.4053808536680213,0.4146412998678926,0.4336415498543861,0.0,0.232609324639876,0.0,0.2984204354328061,0.2328748514358562,0.0,0.0,0.3621951737750275,0.0,0.0,0.0,0.0,0.0,0.0,0.5603424647356295,0.1004393338014513,0.0,0.0,0.0,0.0,0.3829664144793868,0.5248182587060255,0.0,0.0,0.0,0.0,0.0,0.0,0.0,0.0,0.0,0.0,0.0,0.0,0.4335729295957149,0.2797749386109636,0.0,0.124323226697254,0.0,0.1141806950348407,0.4724625732059005,0.0,0.0,0.0,0.0,0.0368533683368897,0.0,0.0,0.0,0.0,0.2064790238798109
0.0,0.0,0.0,0.0,0.0,0.0,0.5729690033519931,0.0,0.0,0.6890547554013992,0.0,0.5404685831827132,0.4407229692978719,0.0,0.0,0.0,0.0,0.0658123610172252,0.0,0.2224057925371903,0.0,0.1299027477433084,0.0,0.0,0.2380398801527687,0.2891079875648124,0.0,0.2465075069548731,0.0,0.0,0.1853190539739101,0.1654767603223171,0.0,0.0,0.0960427111576575,0.0,0.0,0.0,0.0,0.0,0.0,0.0,0.0,0.0,0.0,0.0,0.0,0.0,0.0,0.0,0.0,0.0,0.0,0.0,0.6452278942397713,0.0,0.1564411249595332,0.0,0.0,0.0,0.0,0.2831228139133496,0.2887276926799539,0.0,0.0,0.0,0.0,0.0,0.0,0.3461191569250945,0.2948015031531818,0.0,0.0,0.0,0.0,0.0
0.5407960951342525,0.6010865800358703,0.0,0.0,0.0,0.4921879128090319,0.0,0.0881156544543454,0.0,0.0,0.0,0.0941401283308023,0.370514472507727,0.0,0.5323584664558632,0.7548955144215643,0.0658123610172252,0.0,0.0,0.3257186040731138,0.5043174185234252,0.5122539318847992,0.3970798995214715,0.6651785920330174,0.7039700795102035,0.2968161478477679,0.2706087143518849,0.043224783425092,0.4279316654903867,0.0,0.0,0.0,0.441332208920315,0.0,0.0,0.0,0.0,0.0,0.0,0.3935887813085398,0.0,0.0,0.0,0.0,0.0,0.499236930384025,0.5757466321549141,0.0,0.0,0.0,0.0,0.0,0.0,0.0,0.0,0.0,0.3876901560098539,0.0,0.0,0.0,0.4724556092828392,0.3425841816249118,0.3434281366827421,0.0,0.0,0.0,0.2081957336029811,0.0,0.6954833602895392,0.127357761989987,0.3395750458304905,0.0,0.0,0.0,0.0,0.2764278310106896
0.0,0.0,0.8570890952433263,0.0,0.0,0.419673187843595,0.0,0.3389454597307094,0.3995150971401877,0.0,0.516307306545444,0.0,0.1214326707373108,0.2668202319717435,0.0,0.0,0.0,0.0,0.0,0.0,0.0,0.0,0.5008504735381468,0.0,0.0,0.0,0.4546783172947966,0.0,0.0,0.0,0.0,0.0,0.0,0.0,0.0,0.0,0.0,0.0,0.0,0.0,0.0,0.0,0.0,0.0,0.0,0.0,0.0,0.7888371096927856,0.0,0.0,0.2027064312259115,0.0,0.3526332245118992,0.3682300190695594,0.0,0.4581931731326136,0.0,0.0,0.0,0.0,0.0,0.0,0.0,0.7666878216961572,0.0,0.0,0.0,0.4965470393932606,0.0,0.0,0.0,0.4819969109095411,0.0,0.0,0.0,0.0
0.2892033749501052,0.4072853281715911,0.0,0.0,0.4663053720267061,0.2078452442341117,0.2807013434090867,0.0,0.5615965775640974,0.0,0.0,0.0,0.5808968409949197,0.0,0.5773273680786073,0.4370653199639792,0.2224057925371903,0.3257186040731138,0.0,0.0,0.3416027402538057,0.8693692958566406,0.2244359308757477,0.0,0.4240957778205947,0.1049026492863315,0.6586843732323652,0.2006132768330509,0.2224828313927525,0.3099000576606686,0.0,0.0,0.0,0.0,0.0,0.2266365269433377,0.0,0.0,0.0,0.2109386986111114,0.0,0.0,0.0,0.0,0.0,0.0,0.4705681774246343,0.0,0.0,0.0,0.3485786668762234,0.0,0.0485107102207882,0.0,0.0,0.0,0.0,0.0,0.0,0.3544842805457188,0.0,0.0,0.0,0.0,0.4428367766870629,0.2776380459360288,0.1831168815474738,0.4568020256937229,0.0,0.0,0.2409067929008324,0.5343331758995687,0.2041677282954472,0.3973551428277056,0.0,0.0
0.7979292864911601,0.7087403370807183,0.0,0.0,0.0,0.6965147769714901,0.0,0.1227863870969061,0.0,0.0,0.0,0.0,0.3600541005889155,0.5905888735979492,0.5642197048927159,0.3142417504094428,0.0,0.5043174185234252,0.0,0.3416027402538057,0.0,0.4171373843072411,0.3000409372763787,0.5512265975474324,0.7324384510171493,0.6118532747272395,0.3109320572408338,0.0,0.7696929064436747,0.4093815909933265,0.0,0.0,0.4115204434930001,0.0,0.0,0.0427206496136573,0.0,0.0,0.0,0.0427144419488425,0.3441004726387145,0.2708060798027966,0.0,0.0,0.0,0.7391376209665497,0.5123528434999047,0.0,0.0,0.0,0.4604319561250332,0.0,0.0746174633544913,0.0,0.0,0.0,0.0,0.0,0.0,0.5318416085056262,0.63788850946678,0.0,0.0,0.0,0.73531909950722,0.8028481413784088,0.6110847611518242,0.3670613913798965,0.0,0.4008905190686169,0.4961485747807718,0.6302410791611655,0.2921564019560769,0.6026053221940354,0.0,0.4632682339921311
0.4824015230184351,0.6402086981984393,0.0,0.0,0.4193620861386294,0.2854390873348794,0.2153900999547217,0.0,0.515906225679731,0.0,0.0,0.0,0.4834304366426661,0.0,0.6842581248527287,0.5478984619828436,0.1299027477433084,0.5122539318847992,0.0,0.8693692958566406,0.4171373843072411,0.0,0.2111941226709498,0.0,0.5268757099209681,0.2311929823832038,0.636051160560948,0.2340634961369917,0.3359428590890253,0.3152051164687016,0.0,0.0,0.0371964431347889,0.0,0.0,0.2000798237412306,0.0,0.0,0.0,0.1933372906743318,0.0,0.0,0.0,0.0,0.0,0.5256688003480935,0.7145484552179879,0.0,0.0,0.0,0.2686447802677758,0.0,0.0,0.0,0.0,0.0,0.0,0.0,0.0,0.5219317850167581,0.1919788567477392,0.0,0.3412141048726668,0.0,0.4941901087453697,0.4069590909819361,0.3442564303785261,0.4093744876622833,0.0,0.3205027816758801,0.3812485215925447,0.5243218500224026,0.0,0.3878758296516145,0.0,0.0
0.3036286868801605,0.2929500263848179,0.5930884160634472,0.0,0.0,0.5076043740588839,0.0,0.47386581669375,0.2224589219387659,0.0,0.5127250068102899,0.0,0.1732353440766039,0.2957790163599832,0.4823984274710138,0.4053808536680213,0.0,0.3970798995214715,0.5008504735381468,0.2244359308757477,0.3000409372763787,0.2111941226709498,0.0,0.411332718419637,0.4017821686416155,0.0995844355094128,0.5409421653991789,0.0,0.3614738289493784,0.0,0.0,0.0,0.351322614284465,0.0,0.0,0.0,0.0,0.0,0.0,0.1956315309710042,0.0,0.0,0.0,0.0,0.0,0.0,0.2763329771211804,0.3644888062037401,0.0,0.016930883339449,0.5217202910179352,0.0,0.5642132055454868,0.2084742881795895,0.0,0.3481680447331122,0.0,0.3383715711818572,0.0,0.4009597764176689,0.0,0.0,0.0,0.1807344223576187,0.1069808741388928,0.4173701457757273,0.0,0.7993319506664053,0.0,0.0,0.1001091509837583,0.3866454442043425,0.2861706017165849,0.3478232665717751,0.1694770641761578,0.0659831773638126
0.6376611520343133,0.0,0.0,0.0,0.0,0.0,0.0,0.1177030236357251,0.0,0.0,0.0,0.0716282776515185,0.101236934314929,0.0,0.5046356827337385,0.4146412998678926,0.0,0.6651785920330174,0.0,0.0,0.5512265975474324,0.0,0.411332718419637,0.0,0.6520112801124667,0.465177831978043,0.0528002797298694,0.0,0.0,0.0,0.0,0.0,0.305127365170193,0.0,0.0,0.0,0.0,0.0415810873109233,0.0,0.1050765173777914,0.0,0.0,0.0,0.0,0.4252990872294232,0.5549526813202407,0.0,0.0,0.0,0.0,0.0,0.0,0.0,0.0,0.0,0.0,0.4635574023179534,0.0,0.0,0.0,0.6613303495702814,0.2483246198224762,0.3597644956386528,0.0,0.0,0.0,0.0,0.0,0.9156276515827216,0.2419994572573478,0.4886692263269,0.0,0.0,0.0,0.0,0.4868954107701972
0.7532190126935164,0.8101314323017583,0.0,0.0,0.0,0.708566734812312,0.0,0.030763823193799,0.0,0.0,0.0,0.3905841295035079,0.5624368619499968,0.0,0.6867819007301409,0.4336415498543861,0.2380398801527687,0.7039700795102035,0.0,0.4240957778205947,0.7324384510171493,0.5268757099209681,0.4017821686416155,0.6520112801124667,0.0,0.6530370065338463,0.4166942494449482,0.0,0.7132904784353364,0.0,0.0,0.0,0.2827772657667323,0.0,0.0,0.0,0.0,0.0,0.0,0.1498400181362578,0.0706263830349774,0.0156651836584429,0.0,0.0,0.0,0.7138256885007443,0.6449836529330202,0.0,0.0,0.0,0.0,0.0,0.0,0.0,0.0,0.0,0.6402346931878466,0.0,0.0,0.0,0.5934166451871161,0.247390789300763,0.3869670470535,0.0,0.6788918718930451,0.6511146273179238,0.5312645133938071,0.0,0.6593514655024156,0.5324342838338346,0.6193643448678524,0.0,0.0,0.0,0.0,0.2671502084888079
0.6039215073395736,0.605266362049705,0.0,0.0,0.0,0.488530758735084,0.0,0.1552979017518495,0.0,0.281047024516283,0.0,0.5334510354367412,0.3742969902251927,0.0,0.4261446366100395,0.0,0.2891079875648124,0.2968161478477679,0.0,0.1049026492863315,0.6118532747272395,0.2311929823832038,0.0995844355094128,0.465177831978043,0.6530370065338463,0.0,0.0821326412854409,0.0,0.4634312507404569,0.0,0.0,0.0,0.1772478448795206,0.0,0.1014383687232267,0.2699787747336628,0.0,0.0802557625155952,0.0578357296799808,0.0,0.0,0.286054840580985,0.0,0.0,0.0,0.4778292679026356,0.4430398495221955,0.0,0.0,0.0,0.0,0.0,0.0,0.0,0.080934741473445,0.0,0.6798405289905787,0.0,0.0,0.441201981951774,0.4290549222789536,0.1452210110328812,0.2782531675053737,0.0,0.6294183872555964,0.3174770244243766,0.657919015292392,0.1102788674983345,0.2924419467835661,0.675068232801286,0.836907977520527,0.4092978328933038,0.0,0.0843266484236425,0.0,0.1781344785065628
0.2301674608173838,0.3740149211795659,0.5571641776528267,0.1333826920912166,0.2805264172596881,0.4124001247284616,0.0503945432367161,0.1916968169903302,0.5921205537140614,0.0,0.5726493112840414,0.0,0.4160209270564357,0.3477453770185438,0.5761373066680003,0.232609324639876,0.0,0.2706087143518849,0.4546783172947966,0.6586843732323652,0.3109320572408338,0.636051160560948,0.5409421653991789,0.0528002797298694,0.4166942494449482,0.0821326412854409,0.0,0.0,0.3697519954431054,0.1580403461753695,0.0,0.0,0.0850055840668841,0.0,0.0,0.0565493385329526,0.0,0.0,0.0,0.0,0.0,0.0,0.0,0.0,0.0,0.0,0.3472512826019038,0.4513548907213802,0.0,0.0,0.4281929124346338,0.0,0.2095872058436223,0.5210145385567682,0.0,0.281408744865915,0.0,0.1191915155996088,0.0624597852653719,0.3695694768842323,0.0,0.0,0.0,0.266672495056818,0.3326099566057817,0.3483742949909432,0.1250090214533935,0.6307852953062184,0.0,0.0,0.1105371246319447,0.7585801209781285,0.0731994847415654,0.3447961982847026,0.0,0.0
0.0,0.0962416951028918,0.0,0.4195219332930561,0.330867243860259,0.0,0.368178465260965,0.0,0.1031777994562784,0.3101896050108497,0.0,0.2233897681782636,0.1409268839613786,0.0,0.0,0.0,0.2465075069548731,0.043224783425092,0.0,0.2006132768330509,0.0,0.2340634961369917,0.0,0.0,0.0,0.0,0.0,0.0,0.0,0.1577863599025463,0.4582409648060056,0.3948826682623351,0.0,0.2996066682561927,0.3555399465757844,0.364086417152272,0.030104664138802,0.1255301587701545,0.2459516751007201,0.0,0.0,0.0,0.0,0.0,0.0,0.0,0.0,0.0,0.0,0.0,0.0,0.0,0.0,0.0,0.0,0.0,0.0,0.0,0.0,0.0,0.0,0.0,0.0,0.0,0.1413909528113316,0.0,0.0,0.0,0.0,0.0,0.0,0.0,0.1384553252444055,0.0,0.0,0.0
0.6458387536071937,0.702314322107668,0.0,0.0,0.0,0.8520383844019331,0.0,0.148830682247581,0.0,0.0,0.0,0.0,0.2217992806899755,0.0,0.612034582557636,0.2984204354328061,0.0,0.4279316654903867,0.0,0.2224828313927525,0.7696929064436747,0.3359428590890253,0.3614738289493784,0.0,0.7132904784353364,0.4634312507404569,0.3697519954431054,0.0,0.0,0.4881085919830478,0.0,0.0,0.3887684978444812,0.0,0.0,0.0,0.0,0.0,0.0570828337598606,0.0,0.3305283545960305,0.5095066666902199,0.0,0.0,0.0,0.0,0.4335167293389181,0.0,0.0,0.0,0.3995187345505316,0.0,0.2144611507207259,0.0,0.0,0.0,0.0,0.337693187080965,0.0,0.6069272902891871,0.0,0.0,0.0,0.0,0.8135646856109984,0.7836039107619311,0.7425042330180899,0.4299657314498218,0.0,0.0,0.274935302147589,0.7145815601137033,0.5246290356904509,0.6869688401325936,0.0,0.6685990567973042
0.0,0.0,0.0,0.0,0.0,0.4508200050734061,0.0,0.1242626912664312,0.0,0.0,0.0,0.0,0.3534963733081263,0.0,0.0,0.2328748514358562,0.0,0.0,0.0,0.3099000576606686,0.4093815909933265,0.3152051164687016,0.0,0.0,0.0,0.0,0.1580403461753695,0.1577863599025463,0.4881085919830478,0.0,0.0,0.0564831377699373,0.0,0.2357816912159496,0.0820043422696127,0.0,0.0,0.0,0.4075902485099637,0.0,0.0,0.0,0.0,0.0,0.0,0.0,0.0,0.0,0.0,0.0,0.0,0.0,0.0,0.0,0.0,0.0,0.0,0.0,0.0,0.0,0.0,0.0,0.0,0.0,0.4923473295287081,0.0,0.0,0.1384960016208608,0.0,0.0,0.0,0.392346730839755,0.0,0.0,0.0,0.0
0.0,0.0,0.0,0.0,0.2652634199527402,0.0,0.4777099988756698,0.0,0.0,0.5091404065504335,0.0,0.0727683153583119,0.0,0.0,0.0,0.0,0.1853190539739101,0.0,0.0,0.0,0.0,0.0,0.0,0.0,0.0,0.0,0.0,0.4582409648060056,0.0,0.0,0.0,0.6801514778184543,0.0,0.7685836836218685,0.4144254245386469,0.1940132056162733,0.4660462820300429,0.0653779841762238,0.0733843066896332,0.0166267938995959,0.0,0.0,0.0,0.0,0.0,0.0,0.0,0.0,0.0,0.0,0.0,0.0,0.0,0.0,0.6370430635422193,0.0,0.0,0.0,0.0,0.0,0.0,0.0,0.1358220700202252,0.0,0.0,0.0,0.0,0.0,0.0,0.1129269847664001,0.0,0.0,0.0,0.0,0.0,0.0
0.0,0.0,0.0,0.3377322927069819,0.1910856655438418,0.0,0.258694761919413,0.0,0.0,0.5011870795805172,0.0,0.1540705145631379,0.0,0.0,0.0,0.0,0.1654767603223171,0.0,0.0,0.0,0.0,0.0,0.0,0.0,0.0,0.0,0.0,0.3948826682623351,0.0,0.0564831377699373,0.6801514778184543,0.0,0.0,0.6359059898550107,0.7882018409596472,0.5238379300269016,0.3970302067530674,0.2193395413230537,0.4989642544076154,0.0,0.0,0.0,0.1278389197650031,0.7471503118666756,0.0,0.0,0.0,0.0,0.0,0.0,0.0,0.0,0.0,0.0,0.5601342009503452,0.0,0.0,0.0,0.0,0.0,0.0,0.0,0.0,0.1127091250835582,0.0,0.0,0.0,0.0,0.0,0.1526270130566314,0.0,0.0,0.0,0.0,0.0,0.0
0.2828561943174142,0.2024275498775885,0.0,0.0,0.0,0.4095773531228697,0.0,0.5063801352158381,0.0,0.0,0.0,0.0,0.0884404345975173,0.0,0.1189380539715355,0.3621951737750275,0.0,0.441332208920315,0.0,0.0,0.4115204434930001,0.0371964431347889,0.351322614284465,0.305127365170193,0.2827772657667323,0.1772478448795206,0.0850055840668841,0.0,0.3887684978444812,0.0,0.0,0.0,0.0,0.0,0.0,0.0,0.0,0.0853367506309679,0.2041624670380272,0.3153653643652469,0.3929828486114184,0.2684378655385532,0.0,0.0,0.195153220560474,0.2643866573932861,0.1374844392726118,0.0,0.0,0.0,0.0,0.0,0.0,0.0,0.0,0.0,0.3161267947980509,0.0,0.0,0.1898625421863284,0.2410459115712178,0.1749350538287176,0.0,0.0,0.1904064800875226,0.5529859092509712,0.0937910415467645,0.2412434806313907,0.3761052171767188,0.0,0.1251299615333213,0.1509896786613615,0.0,0.351600689937435,0.0,0.5392312032254108
0.0,0.0,0.0,0.2653269005839195,0.0,0.0,0.1460710452143525,0.0,0.0,0.3034836651587201,0.0,0.0,0.0,0.0,0.0,0.0,0.0,0.0,0.0,0.0,0.0,0.0,0.0,0.0,0.0,0.0,0.0,0.2996066682561927,0.0,0.2357816912159496,0.7685836836218685,0.6359059898550107,0.0,0.0,0.4259612095179829,0.2547770642357851,0.3840391261565342,0.0,0.2697378300499906,0.0,0.1737221298532166,0.0073576845736506,0.2753456260178198,0.0,0.0,0.0,0.0,0.0,0.0,0.0,0.0,0.0,0.0,0.0,0.3393426262373099,0.0,0.0,0.0,0.0,0.0,0.0,0.0,0.0,0.0,0.0,0.0,0.0,0.0,0.0,0.0,0.0,0.0,0.0,0.0,0.0,0.0
0.0,0.0,0.0,0.0373853232013777,0.0,0.0,0.0,0.0471359932943383,0.0,0.3542610446399757,0.0,0.0209835697900982,0.0,0.0,0.0,0.0,0.0960427111576575,0.0,0.0,0.0,0.0,0.0,0.0,0.0,0.0,0.1014383687232267,0.0,0.3555399465757844,0.0,0.0820043422696127,0.4144254245386469,0.7882018409596472,0.0,0.4259612095179829,0.0,0.5072476031668728,0.3412673855090881,0.5711600341665177,0.6501938811802995,0.0,0.0758204422348768,0.2679153608154758,0.1707425876613829,0.5511673238794986,0.0,0.0,0.0,0.0,0.0,0.0,0.0,0.0,0.0,0.0,0.0,0.0,0.0,0.0,0.0,0.0,0.0,0.0,0.0,0.0,0.0,0.0,0.082764545118638,0.0,0.0,0.09800383885983,0.0,0.0,0.0,0.0,0.0,0.0
0.0,0.0,0.0,0.4784391307435766,0.2565090010041119,0.0,0.1305782819112057,0.0,0.0540944666125234,0.5586435171049051,0.0,0.4974120414491109,0.3043391967760164,0.1381462842689621,0.0,0.0,0.0,0.0,0.0,0.2266365269433377,0.0427206496136573,0.2000798237412306,0.0,0.0,0.0,0.2699787747336628,0.0565493385329526,0.364086417152272,0.0,0.0,0.1940132056162733,0.5238379300269016,0.0,0.2547770642357851,0.5072476031668728,0.0,0.0,0.0,0.3770032127150749,0.0,0.2045140894840872,0.0,0.140575073945535,0.6502067328440643,0.0,0.0,0.0,0.0,0.0,0.0,0.0,0.0883897903908894,0.0,0.0826219331595703,0.0,0.0,0.3442099985544957,0.0,0.0662470532593011,0.0,0.0,0.0,0.0,0.0538022762656622,0.0,0.0,0.0,0.0,0.0,0.0,0.0,0.1720921466199086,0.0,0.0,0.0,0.0
0.0,0.0,0.0,0.0,0.0,0.0,0.0,0.0,0.0,0.2816986119414906,0.0,0.0,0.0,0.0,0.0,0.0,0.0,0.0,0.0,0.0,0.0,0.0,0.0,0.0,0.0,0.0,0.0,0.030104664138802,0.0,0.0,0.4660462820300429,0.3970302067530674,0.0,0.3840391261565342,0.3412673855090881,0.0,0.0,0.4558491845647228,0.0759723492309969,0.0,0.0,0.0294386737475014,0.0,0.0,0.0,0.0,0.0,0.0,0.0,0.0,0.0,0.0,0.0,0.0,0.0,0.0,0.0,0.0,0.0,0.0,0.0,0.0,0.0,0.0,0.0,0.0,0.0,0.0,0.0,0.0,0.0,0.0,0.0,0.0,0.0,0.0
0.0,0.0,0.0,0.0,0.0,0.0,0.0,0.0,0.0,0.1110551272199231,0.0,0.0,0.0,0.0,0.0,0.0,0.0,0.0,0.0,0.0,0.0,0.0,0.0,0.0415810873109233,0.0,0.0802557625155952,0.0,0.1255301587701545,0.0,0.0,0.0653779841762238,0.2193395413230537,0.0853367506309679,0.0,0.5711600341665177,0.0,0.4558491845647228,0.0,0.4615991428535868,0.0,0.0,0.3623140064274863,0.0,0.0,0.0,0.0,0.0,0.0,0.0,0.0,0.0,0.0,0.0,0.0,0.0379539546604925,0.0,0.0,0.0,0.0,0.0,0.0,0.0,0.0,0.0,0.0,0.0,0.0,0.0,0.0,0.0,0.0,0.0,0.0,0.0,0.0,0.0
0.0,0.0,0.0,0.0,0.0,0.0,0.0,0.2570204410046328,0.0,0.0332464750548217,0.0,0.0,0.0,0.0,0.0,0.0,0.0,0.0,0.0,0.0,0.0,0.0,0.0,0.0,0.0,0.0578357296799808,0.0,0.2459516751007201,0.0570828337598606,0.4075902485099637,0.0733843066896332,0.4989642544076154,0.2041624670380272,0.2697378300499906,0.6501938811802995,0.3770032127150749,0.0759723492309969,0.4615991428535868,0.0,0.0,0.3953774992575469,0.5473500003719558,0.1626085416287243,0.3487084221709853,0.0,0.0,0.0,0.0,0.0424604470134701,0.0,0.0,0.0,0.0690609024071887,0.0,0.0,0.0,0.1618408425470414,0.0,0.0,0.0,0.1087560386810136,0.0,0.0,0.0,0.2290623148158759,0.0,0.3684771133346764,0.0,0.0,0.0,0.0,0.0,0.0326888144487943,0.0,0.4744123030945235,0.52600999012959
0.0574297419636636,0.0,0.0,0.0,0.0,0.0,0.0,0.0,0.0,0.0,0.0,0.0,0.0,0.0,0.0242571341452991,0.5603424647356295,0.0,0.3935887813085398,0.0,0.2109386986111114,0.0427144419488425,0.1933372906743318,0.1956315309710042,0.1050765173777914,0.1498400181362578,0.0,0.0,0.0,0.0,0.0,0.0166267938995959,0.0,0.3153653643652469,0.0,0.0,0.0,0.0,0.0,0.0,0.0,0.119657643998495,0.0,0.0,0.0,0.3374856436410119,0.0529465175482118,0.1173057949007283,0.0,0.0,0.4004630674990534,0.2092644944091972,0.2312815169584431,0.0,0.3269175691022804,0.0,0.1197285164881022,0.0,0.1141011931034626,0.0,0.1113283007595406,0.0972000317437226,0.2919776593433844,0.1250450074860176,0.0,0.0,0.2548981711640493,0.0,0.1251127800985227,0.3437325600768242,0.0,0.0,0.0,0.3057249228366481,0.2981688986025257,0.0193056024793384,0.0903803388322249
0.1558576692987616,0.0,0.0,0.0,0.0,0.2524338930603633,0.0,0.3078039623142231,0.0,0.0,0.0,0.0,0.0,0.0,0.0,0.1004393338014513,0.0,0.0,0.0,0.0,0.3441004726387145,0.0,0.0,0.0,0.0706263830349774,0.0,0.0,0.0,0.3305283545960305,0.0,0.0,0.0,0.3929828486114184,0.1737221298532166,0.0758204422348768,0.2045140894840872,0.0,0.0,0.3953774992575469,0.119657643998495,0.0,0.1784383097417083,0.1523499851507136,0.0822794338704136,0.0,0.2294345414814497,0.0,0.0,0.2048274177999056,0.0,0.4227681081716171,0.0,0.1150688955613803,0.0,0.0,0.0,0.1419805204603678,0.0,0.0,0.0,0.1959999791279006,0.0,0.0,0.0,0.1933704933932879,0.35772390115505,0.2299137142661952,0.0,0.0,0.0,0.0,0.191566755839501,0.0754632822619749,0.2838976531544891,0.2539461505126235,0.428576880912111
0.0,0.0710663199384089,0.0,0.0,0.0,0.4587582145913252,0.0,0.0,0.0,0.0,0.0,0.0,0.0,0.0,0.0521870394916566,0.0,0.0,0.0,0.0,0.0,0.2708060798027966,0.0,0.0,0.0,0.0156651836584429,0.286054840580985,0.0,0.0,0.5095066666902199,0.0,0.0,0.0,0.2684378655385532,0.0073576845736506,0.2679153608154758,0.0,0.0294386737475014,0.3623140064274863,0.5473500003719558,0.0,0.1784383097417083,0.0,0.1777057058294427,0.0,0.0,0.0564433881151995,0.0,0.0958813127797738,0.0,0.0,0.0,0.0,0.2936924771178625,0.0,0.0,0.0,0.2081958255823195,0.0,0.0,0.0923504231783348,0.506381766767808,0.0,0.0,0.0541393563692798,0.425770536832725,0.2964011713830831,0.5574714466048821,0.0,0.0821879965825399,0.0,0.0,0.1822306667075632,0.1789862441840788,0.1364416680045224,0.7544365871201019,0.6539121925777562
0.0,0.0,0.0,0.0,0.0,0.0,0.0,0.1018487214679087,0.0,0.0,0.0,0.0,0.0,0.0,0.0,0.0,0.0,0.0,0.0,0.0,0.0,0.0,0.0,0.0,0.0,0.0,0.0,0.0,0.0,0.0,0.0,0.1278389197650031,0.0,0.2753456260178198,0.1707425876613829,0.140575073945535,0.0,0.0,0.1626085416287243,0.0,0.1523499851507136,0.1777057058294427,0.0,0.2180132918999338,0.0,0.0,0.0,0.0,0.0,0.0,0.0360427010095945,0.0,0.0417542055126609,0.0,0.1210860451203273,0.0,0.237799059906777,0.083364517488956,0.0,0.0,0.0,0.0852785717788393,0.0,0.0,0.0,0.0,0.0,0.0,0.0,0.0866262717383648,0.0382821258235087,0.0,0.0968415181990191,0.0,0.0,0.2505322899433099
0.0,0.0,0.0,0.0,0.0,0.0,0.0,0.0,0.0,0.0,0.0,0.0,0.0,0.0,0.0,0.0,0.0,0.0,0.0,0.0,0.0,0.0,0.0,0.0,0.0,0.0,0.0,0.0,0.0,0.0,0.0,0.7471503118666756,0.0,0.0,0.5511673238794986,0.6502067328440643,0.0,0.0,0.3487084221709853,0.0,0.0822794338704136,0.0,0.2180132918999338,0.0,0.0,0.0,0.0,0.0,0.0,0.0,0.0,0.1544025920353544,0.0,0.0,0.5739614193849977,0.0,0.1195008198056409,0.0,0.1903421760608207,0.0,0.0,0.0,0.0,0.0364338479120988,0.0,0.0,0.0,0.0,0.0,0.0,0.0,0.0,0.0,0.0,0.0,0.0
0.0,0.0,0.0,0.0,0.0,0.0,0.0,0.0,0.0,0.0,0.0,0.1144566377895779,0.0,0.0,0.0,0.0,0.0,0.0,0.0,0.0,0.0,0.0,0.0,0.4252990872294232,0.0,0.0,0.0,0.0,0.0,0.0,0.0,0.0,0.195153220560474,0.0,0.0,0.0,0.0,0.0,0.0,0.3374856436410119,0.0,0.0,0.0,0.0,0.0,0.4642270732066508,0.0,0.0,0.0,0.0,0.0,0.0,0.0,0.3168432534816143,0.0,0.0445654476168502,0.1721877274605554,0.4977878130304718,0.0,0.0,0.0,0.0622808734868658,0.0,0.0,0.0,0.0,0.0,0.0,0.5023062953222922,0.2359139756431412,0.2297455469158862,0.0,0.3272071158960382,0.0,0.0,0.0879199189264473
0.8564866409296132,0.7460141745481575,0.0,0.0,0.0,0.0,0.0,0.0,0.0,0.0,0.0,0.0,0.0,0.0,0.0,0.3829664144793868,0.0,0.499236930384025,0.0,0.0,0.7391376209665497,0.5256688003480935,0.0,0.5549526813202407,0.7138256885007443,0.4778292679026356,0.0,0.0,0.0,0.0,0.0,0.0,0.2643866573932861,0.0,0.0,0.0,0.0,0.0,0.0,0.0529465175482118,0.2294345414814497,0.0564433881151995,0.0,0.0,0.4642270732066508,0.0,0.6871157169193413,0.0,0.0,0.0,0.4821141818651476,0.0,0.0,0.0,0.0,0.0,0.4602900045964407,0.3271915946985779,0.0,0.6130551981448793,0.5267116680405384,0.0,0.2713204384845062,0.0,0.72323685651749,0.692240751821247,0.5820670269596872,0.3395202986328406,0.4969465734520619,0.5223658830298451,0.5189890442095012,0.6152241711038428,0.2486522475766694,0.6151569574905617,0.0,0.4134943284646564
0.7226970063322964,0.8473957359541291,0.0,0.0,0.0,0.0,0.0,0.0,0.0,0.0,0.0,0.0,0.0,0.0,0.6569062035285865,0.5248182587060255,0.0,0.5757466321549141,0.0,0.4705681774246343,0.5123528434999047,0.7145484552179879,0.2763329771211804,0.0,0.6449836529330202,0.4430398495221955,0.3472512826019038,0.0,0.4335167293389181,0.0,0.0,0.0,0.1374844392726118,0.0,0.0,0.0,0.0,0.0,0.0,0.1173057949007283,0.0,0.0,0.0,0.0,0.0,0.6871157169193413,0.0,0.0,0.0,0.0,0.3206692117304521,0.0,0.0819845115020097,0.2503533627512003,0.0,0.0,0.0,0.5630913039556213,0.0,0.7314652520409624,0.5077874289562444,0.1260351936915628,0.5724245371696436,0.0,0.5745432262791901,0.4829866959340663,0.4958105190353911,0.4196058034679485,0.0,0.4896050260251722,0.6679268151675857,0.5029592324498594,0.502270158733079,0.4030557991815196,0.0,0.2201962979350547
0.0,0.0,0.732031962985011,0.0,0.0896476595393439,0.1775223833233178,0.0,0.2817291314808354,0.4509775407095217,0.0,0.4406417513353213,0.0,0.0,0.0085536123332082,0.0,0.0,0.0,0.0,0.7888371096927856,0.0,0.0,0.0,0.3644888062037401,0.0,0.0,0.0,0.4513548907213802,0.0,0.0,0.0,0.0,0.0,0.0,0.0,0.0,0.0,0.0,0.0,0.0,0.0,0.0,0.0958813127797738,0.0,0.0,0.0,0.0,0.0,0.0,0.0,0.1149504398437707,0.1002388489172715,0.0,0.3971328012175822,0.4492807549351665,0.0,0.6332821238736897,0.0,0.1711006447363374,0.0,0.0,0.0,0.0,0.0,0.8031062398160366,0.0,0.0,0.0,0.5016130298222169,0.0,0.0,0.0,0.4253233644795582,0.1780034085480219,0.1056421949132078,0.1205739050803341,0.0
0.0,0.0,0.0,0.0,0.0,0.0,0.0,0.0,0.0,0.0,0.0,0.0,0.0,0.0,0.0,0.0,0.0,0.0,0.0,0.0,0.0,0.0,0.0,0.0,0.0,0.0,0.0,0.0,0.0,0.0,0.0,0.0,0.0,0.0,0.0,0.0,0.0,0.0,0.0424604470134701,0.0,0.2048274177999056,0.0,0.0,0.0,0.0,0.0,0.0,0.0,0.0,0.5174842665131129,0.292271750917654,0.2957950100000517,0.1433739077811996,0.3815520145333727,0.0,0.264111719569329,0.0,0.0,0.3683107309766361,0.0,0.0,0.0,0.0,0.0,0.0,0.0,0.0,0.1775223292466944,0.0,0.0,0.0,0.0,0.2323711559925535,0.0,0.0,0.0047821443820044
0.0,0.0,0.0,0.0,0.0,0.0,0.0,0.0,0.0,0.0,0.5902690220020884,0.0,0.0,0.0,0.0,0.0,0.0,0.0,0.0,0.0,0.0,0.0,0.016930883339449,0.0,0.0,0.0,0.0,0.0,0.0,0.0,0.0,0.0,0.0,0.0,0.0,0.0,0.0,0.0,0.0,0.4004630674990534,0.0,0.0,0.0,0.0,0.0,0.0,0.0,0.1149504398437707,0.5174842665131129,0.0,0.0,0.8165064172097638,0.0,0.6922393765089279,0.3635923454690356,0.7419924047771087,0.0,0.0,0.5640198129064826,0.0,0.0,0.0,0.0,0.1273804177435755,0.0,0.0,0.0,0.0659545613682226,0.0,0.0,0.0,0.0,0.0,0.0,0.0,0.0
0.0,0.0,0.4479430770704907,0.0,0.0,0.5010090901075568,0.0,0.5183529441122933,0.0805888722449651,0.0,0.2593771572727424,0.0,0.4228321580828637,0.0,0.2771349164000523,0.0,0.0,0.0,0.2027064312259115,0.3485786668762234,0.4604319561250332,0.2686447802677758,0.5217202910179352,0.0,0.0,0.0,0.4281929124346338,0.0,0.3995187345505316,0.0,0.0,0.0,0.0,0.0,0.0,0.0,0.0,0.0,0.0,0.2092644944091972,0.4227681081716171,0.0,0.0360427010095945,0.0,0.0,0.4821141818651476,0.3206692117304521,0.1002388489172715,0.292271750917654,0.0,0.0,0.0,0.3186536116085682,0.2624821393553962,0.0,0.0,0.0,0.3172914864904885,0.0,0.2805741514203341,0.1701536453969623,0.2069101204595124,0.0,0.0,0.385739295076581,0.4793468322250229,0.1617686870537496,0.569557129468286,0.0,0.0969428356709441,0.1633082820425232,0.5755649967759863,0.3668668976290979,0.657721796722494,0.2517593344301783,0.3159543093246073
0.0,0.0,0.0,0.0,0.0,0.0,0.0,0.0,0.0,0.0,0.1870488912821518,0.0,0.0,0.0,0.0,0.0,0.0,0.0,0.0,0.0,0.0,0.0,0.0,0.0,0.0,0.0,0.0,0.0,0.0,0.0,0.0,0.0,0.0,0.0,0.0,0.0883897903908894,0.0,0.0,0.0,0.2312815169584431,0.0,0.0,0.0,0.1544025920353544,0.0,0.0,0.0,0.0,0.2957950100000517,0.8165064172097638,0.0,0.0,0.0,0.313560534635883,0.6288850560910546,0.480739084172093,0.0,0.0,0.5505767785777227,0.0,0.0,0.1863828423910045,0.2266952070170483,0.0031572137665815,0.0,0.0,0.0,0.0,0.0,0.0,0.0,0.0,0.0,0.0,0.0,0.0
0.0,0.0,0.3251389741798659,0.0,0.0,0.4022038402624284,0.0,0.6034596870454683,0.0,0.0,0.1965719565597872,0.0,0.0,0.0,0.2695848121872302,0.0,0.0,0.0,0.3526332245118992,0.0485107102207882,0.0746174633544913,0.0,0.5642132055454868,0.0,0.0,0.0,0.2095872058436223,0.0,0.2144611507207259,0.0,0.0,0.0,0.0,0.0,0.0,0.0,0.0,0.0,0.0690609024071887,0.0,0.1150688955613803,0.2936924771178625,0.0417542055126609,0.0,0.0,0.0,0.0819845115020097,0.3971328012175822,0.1433739077811996,0.0,0.3186536116085682,0.0,0.0,0.0,0.0,0.267934562147735,0.0,0.1194692396148368,0.0,0.1597503415257958,0.0711554778749515,0.0,0.0,0.2214152644965991,0.093171803998201,0.2436393012888418,0.0,0.5406498360518174,0.203585972998063,0.0,0.0,0.1666833764575403,0.2803116500142146,0.0377178927955846,0.3584664656192137,0.1812610755066668
0.0,0.0,0.3641464308057963,0.0,0.7291060181045834,0.0,0.0,0.0,0.9333355220242532,0.0,0.8184586438517971,0.0,0.0,0.1268575081362496,0.0,0.0,0.0,0.0,0.3682300190695594,0.0,0.0,0.0,0.2084742881795895,0.0,0.0,0.0,0.5210145385567682,0.0,0.0,0.0,0.0,0.0,0.0,0.0,0.0,0.0826219331595703,0.0,0.0,0.0,0.3269175691022804,0.0,0.0,0.0,0.0,0.3168432534816143,0.0,0.2503533627512003,0.4492807549351665,0.3815520145333727,0.6922393765089279,0.2624821393553962,0.313560534635883,0.0,0.0,0.213683055146802,0.670920168192213,0.0,0.211677620523979,0.3847113274281385,0.0,0.0,0.0,0.0,0.362692816381872,0.0619748423364827,0.0,0.0,0.3852082961290116,0.0,0.0,0.0,0.1669594248192583,0.149279496516953,0.1807052831150597,0.0,0.0
0.0,0.0,0.0,0.0,0.0,0.0,0.0,0.0,0.0,0.8765370901767167,0.0,0.5977499021705327,0.0,0.0,0.0,0.0,0.6452278942397713,0.0,0.0,0.0,0.0,0.0,0.0,0.0,0.0,0.080934741473445,0.0,0.0,0.0,0.0,0.6370430635422193,0.5601342009503452,0.0,0.3393426262373099,0.0,0.0,0.0,0.0379539546604925,0.0,0.0,0.0,0.0,0.1210860451203273,0.5739614193849977,0.0,0.0,0.0,0.0,0.0,0.3635923454690356,0.0,0.6288850560910546,0.0,0.213683055146802,0.0,0.0826217345062219,0.0221667694723145,0.0,0.5091198664122263,0.0,0.0,0.1071437274980374,0.3759189112724401,0.0184680245046921,0.0,0.0,0.0,0.0,0.0,0.4460375786653723,0.2527540105342705,0.0,0.0,0.0,0.0,0.0
0.0,0.0,0.3762249013333865,0.0,0.4246751737981915,0.0,0.0,0.1603103111586096,0.6685072816086207,0.0,0.7146901463347685,0.0,0.0,0.0,0.0,0.0,0.0,0.0,0.4581931731326136,0.0,0.0,0.0,0.3481680447331122,0.0,0.0,0.0,0.281408744865915,0.0,0.0,0.0,0.0,0.0,0.0,0.0,0.0,0.0,0.0,0.0,0.0,0.1197285164881022,0.0,0.0,0.0,0.0,0.0445654476168502,0.0,0.0,0.6332821238736897,0.264111719569329,0.7419924047771087,0.0,0.480739084172093,0.267934562147735,0.670920168192213,0.0826217345062219,0.0,0.0,0.0138633790553016,0.2990242516705751,0.0,0.0,0.0,0.0,0.6082958436301578,0.0,0.0,0.0,0.3223754666046254,0.0,0.0,0.0,0.0,0.0,0.0,0.0,0.0
0.0,0.0,0.0,0.0,0.0,0.0,0.0,0.0,0.0,0.1920651957663974,0.0,0.6206440072820748,0.0,0.0,0.0,0.0,0.1564411249595332,0.3876901560098539,0.0,0.0,0.0,0.0,0.0,0.4635574023179534,0.6402346931878466,0.6798405289905787,0.0,0.0,0.0,0.0,0.0,0.0,0.3161267947980509,0.0,0.0,0.3442099985544957,0.0,0.0,0.1618408425470414,0.0,0.1419805204603678,0.2081958255823195,0.237799059906777,0.1195008198056409,0.1721877274605554,0.4602900045964407,0.0,0.0,0.0,0.0,0.0,0.0,0.0,0.0,0.0221667694723145,0.0,0.0,0.4852779866522246,0.0,0.0,0.0,0.1354956408174629,0.2252345396971239,0.0,0.0,0.0,0.0,0.0,0.3501768898418945,0.5842177795563986,0.6071164667534786,0.0,0.3886761565151089,0.0,0.0,0.3969638330660682
0.0,0.0,0.0,0.0,0.0,0.4183416185597521,0.0,0.0940513728257919,0.0,0.0,0.2191740689915247,0.0,0.0,0.0,0.0,0.0,0.0,0.0,0.0,0.0,0.0,0.0,0.3383715711818572,0.0,0.0,0.0,0.1191915155996088,0.0,0.337693187080965,0.0,0.0,0.0,0.0,0.0,0.0,0.0,0.0,0.0,0.0,0.1141011931034626,0.0,0.0,0.083364517488956,0.0,0.4977878130304718,0.3271915946985779,0.5630913039556213,0.1711006447363374,0.0,0.0,0.3172914864904885,0.0,0.1194692396148368,0.211677620523979,0.0,0.0138633790553016,0.4852779866522246,0.0,0.0,0.4749414533001204,0.4461249714569822,0.3670941130275043,0.4665547834761922,0.0361404559517465,0.3946369704695919,0.3404880082589711,0.2367547350421731,0.3118692959932496,0.7048111641436042,0.3283307019794188,0.4232480955269189,0.235223349079343,0.7316484751806067,0.3313506735473961,0.3214643800760798,0.2346888095389988
