0.0,0.751808943943349,0.0,0.0,0.0,0.4271924251355497,0.0,0.0276684899383598,0.0,0.3006133336190609,0.0,0.5789897756108946,0.5882138448065481,0.0,0.0,0.451644381764632,0.1725835801403383,0.2054690117931201,0.0,0.4103086705791645,0.1646310517634961,0.585884491151973,0.1689416832115788,0.0450833294062936,0.4927782363553349,0.6879739680172605,0.398190897324189,0.5635509337639022,0.4795249248488491,0.0,0.3916538435554285,0.2201232146330728,0.0,0.1868341102290214,0.0,0.0,0.0,0.0,0.0815449396024092,0.0,0.0678010142776891,0.0,0.0,0.0,0.0,0.7950877361231533,0.1098390183852058,0.0,0.0,0.0,0.0,0.0,0.0,0.0,0.0547194025429729,0.0,0.0,0.0,0.0,0.0,0.0256100852871486,0.0,0.3397176453034585,0.0,0.0,0.1353054021556374,0.2115297894197095,0.0,0.0,0.0771209149719336,0.6377927081719506,0.0,0.0,0.0,0.0,0.2696523183207436
0.751808943943349,0.0,0.0,0.0,0.5230209907015755,0.7656634151406929,0.4204927422277412,0.1872135216134784,0.4233599615564813,0.0,0.0,0.0,0.7482791276049728,0.0,0.0543544907841721,0.2255535280782563,0.4168312824631427,0.2615933351428707,0.0,0.398336899749008,0.0,0.4969323950047279,0.3165758148346365,0.0,0.7494141724922921,0.8326302231519216,0.5131880967049233,0.5792695328361744,0.5541634243529032,0.0,0.1150395152458418,0.0447782569275631,0.0,0.1193226084487374,0.0,0.0,0.0,0.0,0.0,0.0773579458182101,0.1160596842461088,0.0217994118779033,0.0,0.0,0.0,0.5601926101563333,0.5104138485362748,0.0,0.0,0.0,0.6232908848882984,0.0,0.0,0.0,0.0,0.0,0.0,0.0,0.0,0.2410458349975516,0.1650190885680451,0.0,0.3076305295886256,0.0,0.3767674362564374,0.0,0.2451027425687117,0.2336553310988572,0.0,0.3811509658714866,0.7289821617064176,0.590258874132952,0.0,0.315393872345306,0.0,0.1839965316805643
0.0,0.0,0.0,0.0,0.815763933600594,0.5064989130150926,0.4157809618118401,0.5419997632054061,0.8522140297433427,0.2462194814452332,0.9929956105860506,0.3945787139397409,0.3999258193852349,0.3278991936597774,0.0,0.0,0.0,0.0,0.837731527543618,0.0,0.0,0.0,0.7560605935545032,0.0,0.0,0.0,0.827872313208294,0.7110598022328561,0.0,0.0,0.1662110346845438,0.0,0.0,0.0,0.0,0.2072673692798397,0.0450172314852286,0.0,0.0,0.0,0.0,0.0,0.0,0.0,0.0,0.0,0.0,0.99345363638685,0.0,0.7705876580781297,0.4376278731920238,0.2284378158881635,0.3906038102378539,0.7631970429998359,0.0,0.9705798659590748,0.0,0.0342548987966812,0.1120270386751655,0.0,0.0,0.0,0.0,0.876895627341592,0.0,0.0,0.0,0.740519056781553,0.0,0.0,0.0,0.6601654939404362,0.6101189816208139,0.0,0.0,0.0
0.0,0.0,0.0,0.0,0.0644675885228305,0.1435733847721311,0.0725102203068083,0.0835887153868318,0.0,0.1588684850722645,0.0,0.4217429310502136,0.4087904570727241,0.5433238817905826,0.0,0.0,0.0,0.0,0.0,0.0,0.0,0.0,0.0,0.0,0.0,0.0,0.0,0.3513028405011343,0.2931365806573783,0.0,0.2000205564792755,0.3412173566800086,0.0,0.2034729796356723,0.2815869246445787,0.3033091482139767,0.2047965473123499,0.0,0.0,0.0,0.0,0.0,0.0,0.0,0.0,0.0,0.0,0.0,0.0,0.0,0.0,0.0,0.0,0.0,0.0,0.0,0.0,0.0,0.0,0.0,0.0,0.0,0.0,0.0,0.0,0.0,0.0,0.0,0.0,0.0,0.0,0.0,0.0,0.0,0.0,0.0
0.0,0.5230209907015755,0.815763933600594,0.0644675885228305,0.0,0.5566721323985995,0.6168940843123573,0.3923774827555136,0.9409676230480976,0.300575414097534,0.8544005824911134,0.4735093870546672,0.561072577622703,0.4218121346393092,0.0,0.2908020213216274,0.0,0.0,0.520920040677587,0.6408160654811327,0.0,0.6795664271392908,0.5506615603454581,0.0,0.249720322611931,0.5052477714380752,0.8205973351033365,0.700317914784574,0.4729377381291613,0.0,0.2803853356495278,0.0,0.0,0.0,0.0,0.3158862735914284,0.0364159263389574,0.0,0.0,0.0,0.0,0.0,0.0,0.0,0.0,0.0,0.0,0.8572486279167458,0.0,0.8769909695250175,0.5775283563279419,0.0,0.2305562175857132,0.8461266365371886,0.0,0.7948141019894504,0.0,0.0,0.0,0.0,0.0,0.0,0.0,0.5787678742121966,0.0,0.0,0.0,0.5788888499692467,0.0,0.0,0.0,0.7838518360950174,0.0,0.0,0.0,0.0
0.4271924251355497,0.7656634151406929,0.5064989130150926,0.1435733847721311,0.5566721323985995,0.0,0.3683889948933827,0.4865843444074628,0.5126696768373371,0.5420033599455258,0.4967283832222268,0.431151489081276,0.7653758341119563,0.3384170748613787,0.2743073235579267,0.0,0.6017014700317067,0.2651294407251299,0.378959768004677,0.4455997821667724,0.1790630021649457,0.3892969728108525,0.607152327097866,0.0,0.730101904990028,0.7173613881021991,0.6348580499659211,0.5502996814404474,0.7604255366066236,0.4045930156773337,0.0600667935033147,0.0,0.0,0.0,0.0,0.2298117936512628,0.0,0.0,0.0,0.0,0.0,0.0352653791962598,0.0,0.0,0.0,0.0,0.5836626660724127,0.4980131217996408,0.0,0.5138510250602012,0.5249634871890192,0.1824653790592304,0.3964643770578701,0.5030706576218021,0.0,0.521423238004015,0.0,0.413626463563819,0.0,0.4424355124042117,0.0,0.0,0.0,0.403512524457734,0.3651617628895821,0.0977861173814603,0.4203247728377365,0.4628081048223553,0.0,0.0,0.5833729539359636,0.6044403087495188,0.3903877418628984,0.1194113238020652,0.0,0.1360355946954836
0.0,0.4204927422277412,0.4157809618118401,0.0725102203068083,0.6168940843123573,0.3683889948933827,0.0,0.0,0.5597288243614554,0.3277070315652201,0.4369203777441631,0.3015260003191953,0.4272676777294154,0.1967830974663574,0.0,0.4398421470381269,0.2246807321776169,0.3236954943683047,0.2131841041994985,0.4023492857934584,0.0,0.4562435818687513,0.1390236182973973,0.0,0.2895531256550915,0.3072336594488944,0.5916568716631506,0.4019021118577831,0.4711323213045784,0.0,0.4252458952588439,0.0214297956522341,0.0,0.0955886119002588,0.0,0.1605175798319941,0.0,0.0,0.0,0.0,0.0,0.0,0.0,0.0,0.0,0.0,0.0,0.4385856273290354,0.0,0.0,0.4434649972074224,0.0,0.0,0.4918486904919723,0.0,0.3663252909961585,0.0,0.0,0.0,0.0,0.0,0.0,0.0,0.2344607707073436,0.0,0.0,0.0,0.1378347019903202,0.0,0.0,0.0,0.5983750109620659,0.0,0.0,0.0,0.0
0.0276684899383598,0.1872135216134784,0.5419997632054061,0.0835887153868318,0.3923774827555136,0.4865843444074628,0.0,0.0,0.3462046028062391,0.3085619222028385,0.5650723586822409,0.4844923156157004,0.2539245977127145,0.3288158781434095,0.5032945577102141,0.0,0.0,0.0,0.5925623452380107,0.4320558762355154,0.5205014986191133,0.4308371941726792,0.8082626696637413,0.0786895799766466,0.1012532304636109,0.3357772337293133,0.3505989843543191,0.4074603961439963,0.284165256255212,0.5424421479080692,0.0624180021423107,0.0332502038954204,0.0,0.0,0.0,0.1642227906722368,0.0,0.0,0.0,0.0,0.0,0.0,0.0799318248238063,0.0,0.0,0.0,0.0,0.4308359803437164,0.0,0.3541229977257923,0.0843216084422029,0.1462612627000652,0.8614531697870983,0.3087361765626953,0.0,0.5411832356265784,0.0,0.0,0.4012814536144123,0.5643969624791783,0.0,0.0,0.0,0.5589216292737446,0.2950387329809212,0.5057372906725732,0.0,0.7747252571938665,0.0,0.0,0.0,0.141855821806192,0.1588865852466557,0.0,0.0,0.0
0.0,0.4233599615564813,0.8522140297433427,0.0,0.9409676230480976,0.5126696768373371,0.5597288243614554,0.3462046028062391,0.0,0.351538140186652,0.8507093698382789,0.3714918170340801,0.445909556837989,0.3205522647826352,0.0,0.2561755043355394,0.0,0.2527175903476281,0.479036747253387,0.6133604893367935,0.0,0.6354961207834202,0.5413915883786217,0.0,0.2500630054918464,0.4804614982711517,0.8198633030370629,0.658881829988722,0.4573122782263003,0.5185976109178543,0.2581227383751431,0.0,0.0,0.0,0.0,0.1844036317085721,0.0,0.0,0.0,0.0,0.0,0.0,0.0,0.0,0.0,0.0,0.0,0.8840049304552368,0.0,0.8962445599772466,0.5397073412841727,0.395718108981142,0.2143026798181437,0.9712748670640464,0.0,0.8312361464309662,0.0,0.2360156496727983,0.0894970353898121,0.0,0.0,0.0,0.0,0.5642101618159674,0.0,0.0,0.0,0.5927769356795991,0.0,0.0,0.0,0.7760398825744341,0.614278089671825,0.0,0.0,0.0
0.3006133336190609,0.0,0.2462194814452332,0.1588684850722645,0.300575414097534,0.5420033599455258,0.3277070315652201,0.3085619222028385,0.351538140186652,0.0,0.2272804251084348,0.506225549657752,0.62196311792564,0.0,0.0,0.1929458214369374,0.6153146180097383,0.3855220855338554,0.1490428546261955,0.1581930309495239,0.0,0.2225639589793752,0.276720733179055,0.2467120474165303,0.6638439746871575,0.5333304655585014,0.3013585220636353,0.4466386047437215,0.5168529368257432,0.0,0.3652727953900886,0.1947090208323177,0.0176702341552635,0.3355122348176749,0.0765996491860773,0.1240592923161928,0.0,0.2586367738324239,0.040612886086997,0.1018369695017162,0.0141899148586579,0.0,0.0,0.0,0.2392218261727256,0.331488059012162,0.0,0.0,0.0,0.0,0.0,0.0,0.0,0.0,0.3894749288276019,0.0,0.2930814473625499,0.3197653697324297,0.0,0.0,0.0,0.2251359805748076,0.3410454533322569,0.0,0.0,0.0,0.0,0.0,0.0,0.5371751640844519,0.4865054865080659,0.0,0.264654337659105,0.0,0.0,0.0726184703650033
0.0,0.0,0.9929956105860506,0.0,0.8544005824911134,0.4967283832222268,0.4369203777441631,0.5650723586822409,0.8507093698382789,0.2272804251084348,0.0,0.3958758720963214,0.35470410069658,0.3353385668899816,0.0,0.0,0.1183906606554067,0.0,0.8370993906648111,0.0,0.0,0.0,0.753483862343338,0.0,0.0,0.4350382494403482,0.8233215202398272,0.6599177532129755,0.0,0.0,0.1387093998369617,0.0,0.0,0.0,0.0,0.2106645475997683,0.0,0.0,0.0,0.0,0.0,0.0,0.0,0.0,0.0,0.0,0.0,0.9561827576342072,0.0,0.7860275830242489,0.4449521701159176,0.2052810728759468,0.4162347241887855,0.7455295710916803,0.0,0.9650397158751678,0.0,0.0249640585667326,0.1804509598000427,0.0,0.0,0.0,0.0,0.8626375632718271,0.0,0.0,0.0,0.7226790757310098,0.0,0.0,0.0,0.651651640827064,0.5784805213408578,0.0,0.0,0.0
0.5789897756108946,0.0,0.3945787139397409,0.4217429310502136,0.4735093870546672,0.431151489081276,0.3015260003191953,0.4844923156157004,0.3714918170340801,0.506225549657752,0.3958758720963214,0.0,0.5666417746061826,0.0,0.0,0.0,0.0,0.0,0.3614851510556202,0.0,0.2375296794355804,0.0,0.3295167344962584,0.0,0.2342490357399962,0.5191085575580497,0.2369924157359849,0.6351040828287613,0.0,0.0,0.29218705312821,0.3420229730430447,0.0,0.2480577106849365,0.1250355416492804,0.2660254046833761,0.0723269080426649,0.0,0.1007495001870566,0.0,0.0,0.0,0.0,0.0,0.0,0.0,0.0,0.0,0.0,0.0,0.0,0.0,0.0,0.0,0.305326867511367,0.0,0.6713752647864819,0.0331491776633774,0.0,0.0,0.0,0.0,0.2032321123208027,0.0,0.0,0.0,0.0,0.0,0.0,0.1477378838029012,0.5156269358681426,0.0,0.2834495937315023,0.0,0.0,0.0
0.5882138448065481,0.7482791276049728,0.3999258193852349,0.4087904570727241,0.561072577622703,0.7653758341119563,0.4272676777294154,0.2539245977127145,0.445909556837989,0.62196311792564,0.35470410069658,0.5666417746061826,0.0,0.4894245619482488,0.0,0.0333088965406807,0.505514488308803,0.1307877674361343,0.1869279552602546,0.3111316837513501,0.0,0.3084006147922858,0.3034087166143307,0.0195238579228433,0.5968070963543384,0.6836079197783007,0.4472343717631783,0.7326184633136985,0.7200123787549852,0.4882305444079073,0.2688399047998551,0.0785597868400502,0.0,0.186411597079532,0.114363421019093,0.3908163656549495,0.1348195327817387,0.0454644288320077,0.0,0.0,0.0,0.0649734913763621,0.0,0.0,0.1559707293393686,0.0,0.0,0.4409770557910988,0.0,0.0,0.4340999858985889,0.150749239330341,0.0868414875598002,0.0,0.0,0.3623926995809828,0.3151427074387762,0.0,0.0,0.2350427311528183,0.0,0.0,0.0,0.0,0.241915114000449,0.0,0.1828424642906138,0.2654747502703674,0.0,0.3705011212188582,0.5879822314835206,0.5036960577310811,0.0,0.2063293002819739,0.0,0.0
0.0,0.0,0.3278991936597774,0.5433238817905826,0.4218121346393092,0.3384170748613787,0.1967830974663574,0.3288158781434095,0.3205522647826352,0.0,0.3353385668899816,0.0,0.4894245619482488,0.0,0.0,0.0,0.0,0.0,0.2836362440762418,0.0,0.1237368922147341,0.0,0.2511736432379462,0.0,0.0,0.0,0.1798342954741643,0.5492386684468278,0.0,0.0,0.3440795006824789,0.2600646491516265,0.0,0.1888881153119875,0.0,0.5839058228491781,0.2409559258811745,0.0,0.1552682135469996,0.0,0.0,0.0,0.1090290144473577,0.0,0.0,0.0,0.0,0.3149192015070856,0.0,0.0,0.0,0.0,0.0,0.2563662016187228,0.0,0.3145857414985049,0.0,0.0,0.0,0.0,0.0,0.0,0.0,0.0,0.0,0.0,0.0,0.2288827818016146,0.0,0.0,0.0,0.1169873123334326,0.0,0.0,0.0,0.0
0.0,0.0543544907841721,0.0,0.0,0.0,0.2743073235579267,0.0,0.5032945577102141,0.0,0.0,0.0,0.0,0.0,0.0,0.0,0.1756620602963188,0.0,0.4350893019645434,0.0,0.7619402467561193,0.5596368465335861,0.6690206027302416,0.65535406394049,0.1178695240945275,0.182223850130477,0.2157415337961402,0.5183596473084646,0.377438024996983,0.4044878198522853,0.0,0.204001106142198,0.0,0.0,0.0,0.0,0.1006759918054792,0.0,0.0,0.0,0.0,0.0,0.0,0.0,0.0,0.0,0.0,0.3761106636195281,0.0,0.0,0.0,0.0741409723874472,0.0,0.4800199123479103,0.0,0.0,0.0,0.0,0.1061536371701771,0.0,0.8948176217737583,0.5757013058113833,0.0,0.0,0.0,0.6640117090426093,0.4388416086442391,0.8697675881742563,0.5777247766537834,0.0,0.2510537478582876,0.185191133783273,0.2755949038270461,0.4829417234142067,0.0944261865093707,0.0,0.3374993709136689
0.451644381764632,0.2255535280782563,0.0,0.0,0.2908020213216274,0.0,0.4398421470381269,0.0,0.2561755043355394,0.1929458214369374,0.0,0.0,0.0333088965406807,0.0,0.1756620602963188,0.0,0.0904403507426287,0.5994296202591297,0.0,0.242388420848598,0.2840510551959035,0.462690058524684,0.0,0.204115662998301,0.2243865824383649,0.1507480959310945,0.3198156370336707,0.1307223055867611,0.0607811056449965,0.099348948266449,0.6897370071700094,0.0694850558480141,0.1086920620505071,0.2903908249897439,0.0385150112011137,0.0,0.0,0.0,0.0,0.0,0.0,0.0084035139400108,0.0,0.0,0.0,0.3581139473875994,0.0,0.0,0.0,0.0,0.0,0.0,0.0,0.0,0.0,0.0,0.0,0.0,0.0,0.2325033559973124,0.1327513102362488,0.0,0.2622313870526734,0.0,0.3698076580650405,0.2426221233058559,0.1151715526623116,0.0701763491657504,0.0,0.0758710156238892,0.1595472561261217,0.3939916701460925,0.0,0.6240216603589833,0.0,0.3196667104444977
0.1725835801403383,0.4168312824631427,0.0,0.0,0.0,0.6017014700317067,0.2246807321776169,0.0,0.0,0.6153146180097383,0.1183906606554067,0.0,0.505514488308803,0.0,0.0,0.0904403507426287,0.0,0.4877436840760572,0.0,0.1822471664773635,0.0,0.1456319499194882,0.0,0.3143666663217762,0.6545544962693395,0.5479699467023469,0.0,0.2756612935090073,0.4492399066252796,0.0,0.2058498367839568,0.0,0.0576412792557865,0.1193161564484047,0.0,0.0,0.0,0.4479400624684671,0.0,0.2103090679404733,0.0,0.0,0.0,0.0,0.0,0.0,0.0,0.0,0.0,0.0,0.0,0.0,0.0,0.0,0.0,0.0,0.0,0.0,0.0,0.0,0.0,0.4984910494316818,0.2644665572274283,0.0,0.0,0.0,0.0,0.0,0.080839113234983,0.4831583873259762,0.4485303385921793,0.0,0.0,0.0,0.0,0.0
0.2054690117931201,0.2615933351428707,0.0,0.0,0.0,0.2651294407251299,0.3236954943683047,0.0,0.2527175903476281,0.3855220855338554,0.0,0.0,0.1307877674361343,0.0,0.4350893019645434,0.5994296202591297,0.4877436840760572,0.0,0.0,0.3664766238038057,0.2275415254008886,0.3386370815058342,0.141703102666818,0.3757356514531566,0.5605531006239929,0.3229483507994816,0.4640032866459808,0.1494272398642984,0.3281419904543812,0.0486843429009408,0.3435872456578074,0.0,0.2562751491661854,0.0615215362607601,0.0,0.0,0.0,0.0,0.0,0.0808034842379571,0.1768271275011345,0.0,0.0,0.0,0.0,0.0285315607281498,0.2623934803475197,0.0,0.0,0.0,0.0,0.0,0.0,0.0,0.2538743909838785,0.0,0.0,0.0,0.0,0.0,0.5698235181447282,0.5890418338244854,0.6031895316055074,0.0,0.0,0.0,0.424684658053681,0.0,0.1318816288907473,0.346878211836679,0.1753253939557294,0.0,0.0,0.0,0.0,0.5518799532429632
0.0,0.0,0.837731527543618,0.0,0.520920040677587,0.378959768004677,0.2131841041994985,0.5925623452380107,0.479036747253387,0.1490428546261955,0.8370993906648111,0.3614851510556202,0.1869279552602546,0.2836362440762418,0.0,0.0,0.0,0.0,0.0,0.0,0.0,0.0,0.6991087891268621,0.0,0.0,0.0,0.6066642812301236,0.4836313919136819,0.0,0.0,0.1256745606875792,0.0,0.0,0.0,0.0,0.169988305852272,0.0347165612164363,0.0,0.0,0.0,0.0,0.0,0.0,0.0,0.0,0.0,0.0,0.7222731231717651,0.0,0.4622733404852636,0.2359901677536319,0.0193550218515253,0.4266195988706532,0.3097153916719562,0.0,0.7768335295674507,0.0,0.0,0.2340400694862166,0.0,0.0,0.0,0.0,0.978317305430021,0.0,0.0,0.0,0.5813722537503301,0.0,0.0,0.0,0.3656772428042947,0.0,0.0,0.0,0.0
0.4103086705791645,0.398336899749008,0.0,0.0,0.6408160654811327,0.4455997821667724,0.4023492857934584,0.4320558762355154,0.6133604893367935,0.1581930309495239,0.0,0.0,0.3111316837513501,0.0,0.7619402467561193,0.242388420848598,0.1822471664773635,0.3664766238038057,0.0,0.0,0.3173373006851784,0.9371998836971652,0.6302005649411244,0.0,0.2217988002967943,0.4770192623697175,0.7798038956121143,0.7253548695379237,0.5853506377269686,0.6821701324315126,0.3053796162550984,0.0,0.0,0.0,0.0,0.3347945827585937,0.1638357011986745,0.0,0.0,0.0,0.0,0.0,0.0,0.0,0.0,0.0,0.2041092568979551,0.0,0.0,0.0,0.3261787022844069,0.0,0.302917836767635,0.0,0.0,0.0,0.0,0.0570339152284157,0.0,0.8515354111089722,0.431441882671387,0.0,0.0,0.0,0.9392680234137196,0.2950364522690388,0.863131008816297,0.5007948788927882,0.0,0.0586240152064168,0.3633340836606371,0.542401489658969,0.7292314560346188,0.3483074973377896,0.0965657163083334,0.4611743862248194
0.1646310517634961,0.0,0.0,0.0,0.0,0.1790630021649457,0.0,0.5205014986191133,0.0,0.0,0.0,0.2375296794355804,0.0,0.1237368922147341,0.5596368465335861,0.2840510551959035,0.0,0.2275415254008886,0.0,0.3173373006851784,0.0,0.3898232500409818,0.4755121354121553,0.1403266232191969,0.1657682233702732,0.0833029174502663,0.1183902368563817,0.1528531983921364,0.3407744752418377,0.0,0.413877390943286,0.2348134820046939,0.0449322992625498,0.2033442824591707,0.0775190450533614,0.0,0.0,0.0,0.0,0.0,0.0,0.0,0.0,0.0,0.0,0.1961790862057121,0.3018971086859159,0.0,0.0,0.0,0.0,0.0,0.4420095301504746,0.0,0.0,0.0,0.0,0.1297428363480816,0.0,0.5186109092754327,0.4129153420145475,0.0,0.0,0.0,0.2198050199725901,0.8035793787688292,0.4460684198891529,0.4547761254543142,0.0,0.3039429812869363,0.1799982526779061,0.0,0.2207133869808973,0.0,0.0,0.0
0.585884491151973,0.4969323950047279,0.0,0.0,0.6795664271392908,0.3892969728108525,0.4562435818687513,0.4308371941726792,0.6354961207834202,0.2225639589793752,0.0,0.0,0.3084006147922858,0.0,0.6690206027302416,0.462690058524684,0.1456319499194882,0.3386370815058342,0.0,0.9371998836971652,0.3898232500409818,0.0,0.5496062316026865,0.0,0.257422426667601,0.5350570335262843,0.7236169642540449,0.6958487190007537,0.4953505305762861,0.6799611981817958,0.4176097215309689,0.055292234501589,0.0,0.0,0.0,0.4239951196691098,0.175701679471428,0.0,0.0,0.0,0.0,0.0,0.0,0.0,0.0,0.5100338389611693,0.2581360501406471,0.0,0.0,0.0,0.4639270634989432,0.0,0.0,0.0,0.0,0.0,0.0,0.0,0.0,0.8156755951247282,0.3534645641895146,0.0,0.39041794663896,0.0,0.8857124628174433,0.3553874314223543,0.7936580862064476,0.4911484158460089,0.0,0.1135917444979545,0.5043104978392277,0.571036874851224,0.7526782630472807,0.420768705515529,0.0,0.3392757223497724
0.1689416832115788,0.3165758148346365,0.7560605935545032,0.0,0.5506615603454581,0.607152327097866,0.1390236182973973,0.8082626696637413,0.5413915883786217,0.276720733179055,0.753483862343338,0.3295167344962584,0.3034087166143307,0.2511736432379462,0.65535406394049,0.0,0.0,0.141703102666818,0.6991087891268621,0.6302005649411244,0.4755121354121553,0.5496062316026865,0.0,0.0,0.3268224558513571,0.4162914711638173,0.6514933203848169,0.5016708087322826,0.4967378307175913,0.5793455345706809,0.0993802459507165,0.0,0.0,0.0,0.0,0.1511202154738318,0.0,0.0,0.0,0.0,0.0,0.0,0.0,0.0,0.0,0.0,0.3983097765862349,0.693364870030202,0.0,0.5625697207440423,0.3051011182356366,0.1614133185303824,0.7414570133646541,0.5141930645377428,0.0,0.7693070235726565,0.0,0.0921844967027337,0.29570322809964,0.7474844296030834,0.0,0.0,0.0,0.6998346977289169,0.5357811913408769,0.4495637391704094,0.6404835667990533,0.9072187259546352,0.0,0.2385624188346173,0.3729169445247059,0.4481255855324723,0.3905219284096214,0.0,0.0,0.0540201909256193
0.0450833294062936,0.0,0.0,0.0,0.0,0.0,0.0,0.0786895799766466,0.0,0.2467120474165303,0.0,0.0,0.0195238579228433,0.0,0.1178695240945275,0.204115662998301,0.3143666663217762,0.3757356514531566,0.0,0.0,0.1403266232191969,0.0,0.0,0.0,0.2491223850287225,0.3702652803758173,0.0,0.0221150737240513,0.0,0.0,0.0638354928067591,0.0,0.4878985922954856,0.1468449188108765,0.0485494777735587,0.0,0.1367690461313297,0.4077324368778431,0.0255440301539622,0.3490289643866928,0.3797358802703299,0.0,0.0,0.0,0.4294005522276203,0.072948443224734,0.0,0.0,0.0,0.0,0.0,0.0,0.0,0.0,0.3152698106382551,0.0,0.1076321311674941,0.0,0.0,0.0,0.0521408015700975,0.4878287093689606,0.3589451101123458,0.0,0.0,0.0,0.0,0.0,0.7353484875236708,0.2240664120323779,0.3746130832941404,0.0,0.1799648382763364,0.0,0.0,0.3608069499338682
0.4927782363553349,0.7494141724922921,0.0,0.0,0.249720322611931,0.730101904990028,0.2895531256550915,0.1012532304636109,0.2500630054918464,0.6638439746871575,0.0,0.2342490357399962,0.5968070963543384,0.0,0.182223850130477,0.2243865824383649,0.6545544962693395,0.5605531006239929,0.0,0.2217988002967943,0.1657682233702732,0.257422426667601,0.3268224558513571,0.2491223850287225,0.0,0.7058573377682984,0.4063129905154009,0.3232934755157192,0.6187095387351,0.0,0.2158946214646177,0.0669072332142566,0.1480521637422027,0.2428344794360823,0.0,0.0,0.0,0.2354048366933256,0.0065423512058424,0.2708219179920749,0.2661125740922425,0.0838952705541501,0.0,0.0,0.0,0.3560339938304858,0.5884620439290787,0.0,0.0,0.0,0.0,0.0,0.0,0.0,0.3267204069785704,0.0,0.2652757969509856,0.4050117666289253,0.0,0.2474173856139334,0.4414626117365909,0.4135562857324277,0.4555641972753911,0.0,0.2679007926678114,0.0404370967673987,0.3022676493907577,0.1623347582573104,0.1100452366251827,0.6586829298120119,0.604338593613802,0.0,0.0,0.3176293425053835,0.0,0.2625192869151427
0.6879739680172605,0.8326302231519216,0.0,0.0,0.5052477714380752,0.7173613881021991,0.3072336594488944,0.3357772337293133,0.4804614982711517,0.5333304655585014,0.4350382494403482,0.5191085575580497,0.6836079197783007,0.0,0.2157415337961402,0.1507480959310945,0.5479699467023469,0.3229483507994816,0.0,0.4770192623697175,0.0833029174502663,0.5350570335262843,0.4162914711638173,0.3702652803758173,0.7058573377682984,0.0,0.4896179145699926,0.669191796317137,0.5174693608768439,0.0,0.0637447625255796,0.0,0.0,0.0829941259174294,0.0,0.3491130889654887,0.0,0.037529911639801,0.0,0.09999384653673,0.1653964600287116,0.0,0.0,0.0,0.1446427088104809,0.5829741605294191,0.4354686745494704,0.0,0.0,0.0,0.567038556995804,0.0,0.0,0.0,0.3084782379726928,0.0,0.4155181150357177,0.3590640156163703,0.0,0.3915717083548057,0.1689453424552559,0.3853023889886562,0.5320986075198854,0.0,0.5081836549618286,0.0,0.4315816473318648,0.313653003756899,0.1507453246282072,0.3519583309470238,0.8943797710256586,0.4801578674382519,0.5475591205262932,0.2580829167379833,0.0,0.2804171458243956
0.398190897324189,0.5131880967049233,0.827872313208294,0.0,0.8205973351033365,0.6348580499659211,0.5916568716631506,0.3505989843543191,0.8198633030370629,0.3013585220636353,0.8233215202398272,0.2369924157359849,0.4472343717631783,0.1798342954741643,0.5183596473084646,0.3198156370336707,0.0,0.4640032866459808,0.6066642812301236,0.7798038956121143,0.1183902368563817,0.7236169642540449,0.6514933203848169,0.0,0.4063129905154009,0.4896179145699926,0.0,0.5584115557588533,0.5610618236802709,0.4442931896546116,0.2221612397749779,0.0,0.0,0.0,0.0,0.2108650954769432,0.0,0.0,0.0,0.0,0.0,0.0,0.0,0.0,0.0,0.0,0.295721224123022,0.8164999103399704,0.0,0.7606692017587324,0.4757908918290973,0.3037547667240641,0.2340151623623058,0.7053408613614779,0.0,0.7884695942362394,0.0,0.2059586780579763,0.1029587329478598,0.66759139113805,0.0,0.0,0.0,0.6604682121472408,0.7825501240369032,0.1387132515807535,0.6658946640615793,0.5288367151644658,0.0,0.0,0.3075990007379212,0.8956457736104191,0.6437074165737824,0.3894865201068099,0.1391409999875069,0.4146393739658608
0.5635509337639022,0.5792695328361744,0.7110598022328561,0.3513028405011343,0.700317914784574,0.5502996814404474,0.4019021118577831,0.4074603961439963,0.658881829988722,0.4466386047437215,0.6599177532129755,0.6351040828287613,0.7326184633136985,0.5492386684468278,0.377438024996983,0.1307223055867611,0.2756612935090073,0.1494272398642984,0.4836313919136819,0.7253548695379237,0.1528531983921364,0.6958487190007537,0.5016708087322826,0.0221150737240513,0.3232934755157192,0.669191796317137,0.5584115557588533,0.0,0.6640322677125052,0.7984699736158378,0.3844648810525023,0.0423081962491954,0.0,0.0,0.0,0.4552670072461083,0.2714566403680873,0.0,0.0,0.0,0.0,0.0,0.0,0.0,0.0,0.0,0.0,0.6970699214876523,0.0,0.0,0.3633333032734823,0.0,0.2012249453464931,0.5751808726190137,0.1225618430135484,0.0,0.3403553281165133,0.1917402977505552,0.0,0.6277702663108968,0.0,0.0,0.0,0.0,0.6252989560637835,0.210267234253794,0.5686511762461036,0.4694179837514609,0.0,0.1830048610236845,0.6045452270637934,0.4486439564199994,0.7123576074115666,0.2381135667163872,0.0,0.2594044001370955
0.4795249248488491,0.5541634243529032,0.0,0.2931365806573783,0.4729377381291613,0.7604255366066236,0.4711323213045784,0.284165256255212,0.4573122782263003,0.5168529368257432,0.0,0.0,0.7200123787549852,0.0,0.4044878198522853,0.0607811056449965,0.4492399066252796,0.3281419904543812,0.0,0.5853506377269686,0.3407744752418377,0.4953505305762861,0.4967378307175913,0.0,0.6187095387351,0.5174693608768439,0.5610618236802709,0.6640322677125052,0.0,0.5948884161493986,0.3831478253861131,0.1087453154161627,0.0,0.093356809408366,0.0,0.3248366866686668,0.0423103918439168,0.0,0.0,0.0,0.0,0.0986951284354646,0.0,0.0,0.0,0.0,0.4274943646704993,0.44949033700434,0.0,0.0,0.190734447740489,0.2818968519253086,0.140624509178807,0.4286726612152847,0.0,0.0,0.0,0.3585014407016515,0.0,0.5923840543217611,0.0,0.0,0.0,0.0,0.4463452690572456,0.3211533389454033,0.5688315282683256,0.3217893649023629,0.0,0.0,0.4292278485484718,0.420870946122974,0.5030197941094867,0.2598131733540196,0.0,0.2821923196803735
0.0,0.0,0.0,0.0,0.0,0.4045930156773337,0.0,0.5424421479080692,0.5185976109178543,0.0,0.0,0.0,0.4882305444079073,0.0,0.0,0.099348948266449,0.0,0.0486843429009408,0.0,0.6821701324315126,0.0,0.6799611981817958,0.5793455345706809,0.0,0.0,0.0,0.4442931896546116,0.7984699736158378,0.5948884161493986,0.0,0.4120349689556865,0.2029375748189706,0.0,0.0733048429615058,0.0,0.0,0.0,0.0,0.0,0.0,0.0,0.0,0.0,0.0,0.0,0.0,0.0,0.0,0.0,0.0,0.0,0.0,0.0,0.0,0.0,0.0,0.0,0.0,0.0,0.0,0.0,0.0,0.0,0.0,0.4862477901955805,0.0,0.0,0.5568830035329814,0.0,0.0,0.0,0.2565144657093051,0.0,0.0477402257384199,0.0,0.0
0.3916538435554285,0.1150395152458418,0.1662110346845438,0.2000205564792755,0.2803853356495278,0.0600667935033147,0.4252458952588439,0.0624180021423107,0.2581227383751431,0.3652727953900886,0.1387093998369617,0.29218705312821,0.2688399047998551,0.3440795006824789,0.204001106142198,0.6897370071700094,0.2058498367839568,0.3435872456578074,0.1256745606875792,0.3053796162550984,0.413877390943286,0.4176097215309689,0.0993802459507165,0.0638354928067591,0.2158946214646177,0.0637447625255796,0.2221612397749779,0.3844648810525023,0.3831478253861131,0.4120349689556865,0.0,0.254892838066086,0.0,0.4026893756569792,0.2100504073750497,0.4667165014723167,0.223997289289242,0.1526299255606922,0.0228946483022814,0.0,0.0,0.0,0.1409959101435634,0.0,0.0,0.0,0.0445989691716011,0.0,0.0,0.0,0.153918380483439,0.0,0.0,0.0,0.0,0.0,0.0,0.0,0.0,0.321788008589743,0.2015484736869074,0.0,0.2464653968099149,0.0,0.2882755876137667,0.4615983050634928,0.2046030187461343,0.1408438042691508,0.0,0.1942961419211804,0.1655106706429846,0.1995904492001907,0.4608589101655693,0.4560644530933649,0.0,0.2453644535473798
0.2201232146330728,0.0447782569275631,0.0,0.3412173566800086,0.0,0.0,0.0214297956522341,0.0332502038954204,0.0,0.1947090208323177,0.0,0.3420229730430447,0.0785597868400502,0.2600646491516265,0.0,0.0694850558480141,0.0,0.0,0.0,0.0,0.2348134820046939,0.055292234501589,0.0,0.0,0.0669072332142566,0.0,0.0,0.0423081962491954,0.1087453154161627,0.2029375748189706,0.254892838066086,0.0,0.0570750780796807,0.3772837777407577,0.3232026574547919,0.0845629222578692,0.1130406888543377,0.0,0.7382903043743027,0.130582838794159,0.0803942759781113,0.2099028908867882,0.2647339034475388,0.0,0.0,0.3431872546615628,0.068729042804977,0.0,0.0,0.0,0.0,0.1107673585650432,0.0499718673348703,0.0,0.2844732727157499,0.0,0.2122921858751449,0.0525325033118437,0.0,0.0388818183194292,0.027858880483479,0.0,0.0929057128764941,0.0,0.0,0.2889326811525018,0.0,0.0,0.0,0.1036619728752455,0.1056617517850708,0.0,0.0,0.0,0.0,0.0
0.0,0.0,0.0,0.0,0.0,0.0,0.0,0.0,0.0,0.0176702341552635,0.0,0.0,0.0,0.0,0.0,0.1086920620505071,0.0576412792557865,0.2562751491661854,0.0,0.0,0.0449322992625498,0.0,0.0,0.4878985922954856,0.1480521637422027,0.0,0.0,0.0,0.0,0.0,0.0,0.0570750780796807,0.0,0.3340043776710176,0.1899682755273417,0.0,0.0,0.2717990640157068,0.1189953850993285,0.644419113020382,0.5939570459081931,0.0213395787877285,0.0,0.0,0.3118261465942756,0.0,0.0223442727838334,0.0,0.0,0.0,0.0,0.0,0.0,0.0,0.2818017322175092,0.0,0.0,0.0,0.0,0.0,0.0480885601434206,0.2613887631096201,0.1185248549585302,0.0,0.0,0.0,0.0,0.0,0.5315116151684834,0.1662316647832702,0.0,0.0,0.0,0.0,0.0,0.1238799949196289
0.1868341102290214,0.1193226084487374,0.0,0.2034729796356723,0.0,0.0,0.0955886119002588,0.0,0.0,0.3355122348176749,0.0,0.2480577106849365,0.186411597079532,0.1888881153119875,0.0,0.2903908249897439,0.1193161564484047,0.0615215362607601,0.0,0.0,0.2033442824591707,0.0,0.0,0.1468449188108765,0.2428344794360823,0.0829941259174294,0.0,0.0,0.093356809408366,0.0733048429615058,0.4026893756569792,0.3772837777407577,0.3340043776710176,0.0,0.3239097607715713,0.1767268158423926,0.0303978607477359,0.1668805625475767,0.2173881593863772,0.3447235367760407,0.316891790665247,0.0499870010574613,0.2931666551766703,0.0298518579805143,0.1673120570931391,0.2654859513317757,0.1680036750413242,0.0,0.0,0.0,0.0,0.076605110053821,0.0,0.0,0.2026184543757861,0.0,0.106807571792082,0.1704173520962105,0.0,0.0,0.0519617793019588,0.0,0.1080503784631435,0.0,0.0,0.1980357415488845,0.0,0.0,0.0371811036259674,0.3325071004811804,0.2253927311594042,0.0,0.0,0.0,0.0,0.0
0.0,0.0,0.0,0.2815869246445787,0.0,0.0,0.0,0.0,0.0,0.0765996491860773,0.0,0.1250355416492804,0.114363421019093,0.0,0.0,0.0385150112011137,0.0,0.0,0.0,0.0,0.0775190450533614,0.0,0.0,0.0485494777735587,0.0,0.0,0.0,0.0,0.0,0.0,0.2100504073750497,0.3232026574547919,0.1899682755273417,0.3239097607715713,0.0,0.0258629887809139,0.0533933020435144,0.1779457057128381,0.3579687964647527,0.0746927171471315,0.0363321648520114,0.2371691149341642,0.2684287198391256,0.099517437657162,0.1474805635849918,0.0,0.0,0.0,0.0,0.0,0.0,0.0,0.0,0.0,0.0,0.0,0.0306262419840276,0.0740853692778559,0.0,0.0,0.0,0.0,0.0,0.0,0.0,0.0,0.0,0.0,0.0,0.1091901979598642,0.0,0.0,0.0,0.0,0.0,0.0
0.0,0.0,0.2072673692798397,0.3033091482139767,0.3158862735914284,0.2298117936512628,0.1605175798319941,0.1642227906722368,0.1844036317085721,0.1240592923161928,0.2106645475997683,0.2660254046833761,0.3908163656549495,0.5839058228491781,0.1006759918054792,0.0,0.0,0.0,0.169988305852272,0.3347945827585937,0.0,0.4239951196691098,0.1511202154738318,0.0,0.0,0.3491130889654887,0.2108650954769432,0.4552670072461083,0.3248366866686668,0.0,0.4667165014723167,0.0845629222578692,0.0,0.1767268158423926,0.0258629887809139,0.0,0.5168410916794983,0.0972393593194668,0.0,0.0,0.0,0.164522935998219,0.2133770842633171,0.0927563608679886,0.0,0.0,0.0,0.2170963953813175,0.0,0.2165508178954254,0.2501301770554534,0.0,0.0,0.1671960151859799,0.0,0.1999569371595294,0.0733453977160435,0.029390653783106,0.0,0.0,0.0,0.0,0.0,0.1992445378949903,0.3079413169281785,0.0,0.2269012788004218,0.0653051424181909,0.0,0.0,0.0,0.1872764969183905,0.3617982598755737,0.2795372500283566,0.0,0.0
0.0,0.0,0.0450172314852286,0.2047965473123499,0.0364159263389574,0.0,0.0,0.0,0.0,0.0,0.0,0.0723269080426649,0.1348195327817387,0.2409559258811745,0.0,0.0,0.0,0.0,0.0347165612164363,0.1638357011986745,0.0,0.175701679471428,0.0,0.1367690461313297,0.0,0.0,0.0,0.2714566403680873,0.0423103918439168,0.0,0.223997289289242,0.1130406888543377,0.0,0.0303978607477359,0.0533933020435144,0.5168410916794983,0.0,0.0798701725646038,0.1388627482870822,0.0,0.1086378611262631,0.0483857333508117,0.1369867801586693,0.0,0.0,0.0,0.0,0.0,0.0,0.0,0.0,0.0,0.0,0.0,0.0,0.0,0.0,0.0,0.0,0.0,0.0,0.0,0.0,0.0,0.0,0.0,0.0,0.0,0.0,0.0,0.0,0.0,0.0,0.0,0.0,0.0
0.0,0.0,0.0,0.0,0.0,0.0,0.0,0.0,0.0,0.2586367738324239,0.0,0.0,0.0454644288320077,0.0,0.0,0.0,0.4479400624684671,0.0,0.0,0.0,0.0,0.0,0.0,0.4077324368778431,0.2354048366933256,0.037529911639801,0.0,0.0,0.0,0.0,0.1526299255606922,0.0,0.2717990640157068,0.1668805625475767,0.1779457057128381,0.0972393593194668,0.0798701725646038,0.0,0.0512230627726839,0.3116660656371188,0.3201215817588292,0.0782137297538191,0.0,0.0,0.4411307379784123,0.0,0.0,0.0,0.0,0.0,0.0,0.0,0.0,0.0,0.0,0.0,0.0,0.0,0.0,0.0,0.0,0.0,0.0,0.0,0.0,0.0,0.0,0.0,0.328490153802639,0.1934498688204185,0.0674148611081956,0.0,0.0,0.0,0.0,0.0
0.0815449396024092,0.0,0.0,0.0,0.0,0.0,0.0,0.0,0.0,0.040612886086997,0.0,0.1007495001870566,0.0,0.1552682135469996,0.0,0.0,0.0,0.0,0.0,0.0,0.0,0.0,0.0,0.0255440301539622,0.0065423512058424,0.0,0.0,0.0,0.0,0.0,0.0228946483022814,0.7382903043743027,0.1189953850993285,0.2173881593863772,0.3579687964647527,0.0,0.1388627482870822,0.0512230627726839,0.0,0.3299053215624052,0.3925740414725766,0.2346343171341328,0.172092442779156,0.0129419610707749,0.1664279329658864,0.3162604685417078,0.0,0.0,0.1185678737639368,0.0,0.0,0.0,0.0,0.0,0.3438200413198237,0.0,0.2018827518129596,0.1277037843510026,0.0412961572499662,0.0,0.0,0.0648692793398081,0.186273775730848,0.0,0.0,0.0349483325760181,0.0,0.0,0.3187712802249551,0.0646857835571661,0.1415458119437044,0.0,0.0,0.0,0.0971967770006728,0.1597657070442659
0.0,0.0773579458182101,0.0,0.0,0.0,0.0,0.0,0.0,0.0,0.1018369695017162,0.0,0.0,0.0,0.0,0.0,0.0,0.2103090679404733,0.0808034842379571,0.0,0.0,0.0,0.0,0.0,0.3490289643866928,0.2708219179920749,0.09999384653673,0.0,0.0,0.0,0.0,0.0,0.130582838794159,0.644419113020382,0.3447235367760407,0.0746927171471315,0.0,0.0,0.3116660656371188,0.3299053215624052,0.0,0.6942141364189873,0.068657294165343,0.0284055384910394,0.0,0.4513637491932664,0.0291546017394555,0.1444473475950927,0.0,0.0,0.0,0.0,0.0,0.0,0.0,0.300628829379981,0.0,0.111847639218652,0.2183018255954782,0.0,0.0,0.0671305591960671,0.2952944323339073,0.214915980614446,0.0,0.0,0.0,0.0,0.0,0.5187732894869358,0.2675331872100578,0.175595696554672,0.0,0.0,0.0278519942187016,0.2763882886807061,0.1867788207462501
0.0678010142776891,0.1160596842461088,0.0,0.0,0.0,0.0,0.0,0.0,0.0,0.0141899148586579,0.0,0.0,0.0,0.0,0.0,0.0,0.0,0.1768271275011345,0.0,0.0,0.0,0.0,0.0,0.3797358802703299,0.2661125740922425,0.1653964600287116,0.0,0.0,0.0,0.0,0.0,0.0803942759781113,0.5939570459081931,0.316891790665247,0.0363321648520114,0.0,0.1086378611262631,0.3201215817588292,0.3925740414725766,0.6942141364189873,0.0,0.160325437124681,0.0032858079662302,0.1279158373504079,0.405196937364469,0.0580808721997137,0.0,0.0,0.0,0.0,0.0,0.0,0.0,0.0,0.2550433563058801,0.0,0.0875774268598839,0.2848841467051958,0.0,0.0,0.0964730634158645,0.392397005827349,0.3024564257600744,0.0,0.0,0.0,0.0,0.0,0.5540299240611278,0.0940032029318593,0.1269703708810492,0.0,0.0195269491371625,0.2519510986079228,0.508947317552297,0.4958018000580942
0.0,0.0217994118779033,0.0,0.0,0.0,0.0352653791962598,0.0,0.0,0.0,0.0,0.0,0.0,0.0649734913763621,0.0,0.0,0.0084035139400108,0.0,0.0,0.0,0.0,0.0,0.0,0.0,0.0,0.0838952705541501,0.0,0.0,0.0,0.0986951284354646,0.0,0.0,0.2099028908867882,0.0213395787877285,0.0499870010574613,0.2371691149341642,0.164522935998219,0.0483857333508117,0.0782137297538191,0.2346343171341328,0.068657294165343,0.160325437124681,0.0,0.0984821611067295,0.172840819040783,0.0,0.148337110580984,0.0,0.0,0.1093235686208261,0.0,0.1308818107240338,0.0294061655357935,0.0,0.0,0.0,0.0,0.0,0.1686712265990317,0.0,0.0,0.0,0.0,0.0,0.0,0.0,0.0,0.0,0.0,0.0,0.0,0.0,0.0473394260432547,0.0761730460837595,0.2276218245101436,0.099729610312734,0.0695093642367282
0.0,0.0,0.0,0.0,0.0,0.0,0.0,0.0799318248238063,0.0,0.0,0.0,0.0,0.0,0.1090290144473577,0.0,0.0,0.0,0.0,0.0,0.0,0.0,0.0,0.0,0.0,0.0,0.0,0.0,0.0,0.0,0.0,0.1409959101435634,0.2647339034475388,0.0,0.2931666551766703,0.2684287198391256,0.2133770842633171,0.1369867801586693,0.0,0.172092442779156,0.0284055384910394,0.0032858079662302,0.0984821611067295,0.0,0.1116742809275564,0.0029147550868806,0.0,0.0,0.0,0.1910768789326762,0.0,0.0,0.1276783240397413,0.107366528371993,0.0,0.085596950130864,0.0,0.0,0.2098320992407782,0.322501226321098,0.0,0.0,0.0,0.0,0.0,0.0,0.1721940574485305,0.0,0.0,0.0172798519321359,0.1280675912952243,0.0,0.0,0.0,0.0,0.0,0.0
0.0,0.0,0.0,0.0,0.0,0.0,0.0,0.0,0.0,0.0,0.0,0.0,0.0,0.0,0.0,0.0,0.0,0.0,0.0,0.0,0.0,0.0,0.0,0.0,0.0,0.0,0.0,0.0,0.0,0.0,0.0,0.0,0.0,0.0298518579805143,0.099517437657162,0.0927563608679886,0.0,0.0,0.0129419610707749,0.0,0.1279158373504079,0.172840819040783,0.1116742809275564,0.0,0.0,0.0,0.0,0.0,0.0,0.0,0.3236828814461371,0.0,0.0,0.0,0.0,0.0,0.0702668977770687,0.1052079900179833,0.0,0.0,0.0,0.0,0.0,0.0,0.0,0.0,0.0,0.0,0.0,0.0,0.0,0.186622210999169,0.2458506865542508,0.3761782606387382,0.0,0.2456563005099615
0.0,0.0,0.0,0.0,0.0,0.0,0.0,0.0,0.0,0.2392218261727256,0.0,0.0,0.1559707293393686,0.0,0.0,0.0,0.0,0.0,0.0,0.0,0.0,0.0,0.0,0.4294005522276203,0.0,0.1446427088104809,0.0,0.0,0.0,0.0,0.0,0.0,0.3118261465942756,0.1673120570931391,0.1474805635849918,0.0,0.0,0.4411307379784123,0.1664279329658864,0.4513637491932664,0.405196937364469,0.0,0.0029147550868806,0.0,0.0,0.0473035326394371,0.0,0.0,0.0,0.0,0.0,0.0291583143744145,0.0,0.0,0.3517268115657195,0.0,0.0977920088768267,0.2066835353644249,0.0,0.0,0.0,0.3354075478904984,0.275741025592101,0.0,0.0,0.0,0.0,0.0,0.4849064810439534,0.301436288012702,0.1920280470548452,0.0,0.0061338500202033,0.0,0.0,0.24993288436383
0.7950877361231533,0.5601926101563333,0.0,0.0,0.0,0.0,0.0,0.0,0.0,0.331488059012162,0.0,0.0,0.0,0.0,0.0,0.3581139473875994,0.0,0.0285315607281498,0.0,0.0,0.1961790862057121,0.5100338389611693,0.0,0.072948443224734,0.3560339938304858,0.5829741605294191,0.0,0.0,0.0,0.0,0.0,0.3431872546615628,0.0,0.2654859513317757,0.0,0.0,0.0,0.0,0.3162604685417078,0.0291546017394555,0.0580808721997137,0.148337110580984,0.0,0.0,0.0473035326394371,0.0,0.1454508852965443,0.0,0.0,0.0,0.4624666277791543,0.0,0.0,0.0,0.0,0.0,0.3716128278653545,0.2415688914813183,0.0,0.2728567522020168,0.0475232645797384,0.0,0.3667418653749561,0.0,0.3601755341893801,0.292610850740674,0.1975376287890689,0.1679779067151032,0.0194395495995821,0.1894029021738828,0.6773710514074158,0.3549042789434358,0.5704912679473653,0.4417242961358822,0.0,0.2766686269125685
0.1098390183852058,0.5104138485362748,0.0,0.0,0.0,0.5836626660724127,0.0,0.0,0.0,0.0,0.0,0.0,0.0,0.0,0.3761106636195281,0.0,0.0,0.2623934803475197,0.0,0.2041092568979551,0.3018971086859159,0.2581360501406471,0.3983097765862349,0.0,0.5884620439290787,0.4354686745494704,0.295721224123022,0.0,0.4274943646704993,0.0,0.0445989691716011,0.068729042804977,0.0223442727838334,0.1680036750413242,0.0,0.0,0.0,0.0,0.0,0.1444473475950927,0.0,0.0,0.0,0.0,0.0,0.1454508852965443,0.0,0.0,0.0,0.0,0.254155473699051,0.3167151557806187,0.5009710793469565,0.3814842254565178,0.5167660707884016,0.0,0.0,0.5127677064538103,0.0,0.3304279804486833,0.6465439978441259,0.42041825885528,0.3731372945151651,0.0,0.1049795893614627,0.3170460013091034,0.4462667052961396,0.4788049172580611,0.0,0.906750328335679,0.5995707182772926,0.3569027311521532,0.1915332236875782,0.0,0.0,0.0
0.0,0.0,0.99345363638685,0.0,0.8572486279167458,0.4980131217996408,0.4385856273290354,0.4308359803437164,0.8840049304552368,0.0,0.9561827576342072,0.0,0.4409770557910988,0.3149192015070856,0.0,0.0,0.0,0.0,0.7222731231717651,0.0,0.0,0.0,0.693364870030202,0.0,0.0,0.0,0.8164999103399704,0.6970699214876523,0.44949033700434,0.0,0.0,0.0,0.0,0.0,0.0,0.2170963953813175,0.0,0.0,0.0,0.0,0.0,0.0,0.0,0.0,0.0,0.0,0.0,0.0,0.0,0.848524076029566,0.5330732161480402,0.284997099695193,0.3263672710559886,0.857906372347322,0.0204891080804382,0.9740163278188614,0.1204063425593056,0.1372392455693506,0.0376499688439613,0.0,0.0,0.0,0.0,0.7910735100548341,0.0,0.1859887088123148,0.0,0.7444564641137571,0.0,0.1218109619805756,0.4316696412211092,0.7423680468699161,0.6406782347418367,0.3066924537092556,0.0,0.2417209126944162
