0.0,0.3325138444025406,0.0,0.0,0.0,0.3308046226778134,0.0,0.2893322304317178,0.0,0.4651654359531227,0.0,0.1284574265693068,0.0,0.0,0.3065563168132363,0.4314901105820354,0.3120998677669914,0.3293030308746564,0.0,0.2533138114781254,0.4876509596113302,0.3315037927607345,0.3889286627229705,0.2472440141264387,0.383746127754713,0.3828595604341409,0.3931435239642177,0.1450039316853839,0.412107260780338,0.0,0.4009936425089834,0.0,0.2098138632894878,0.0,0.0,0.0,0.0,0.0,0.0,0.2444162724937522,0.0,0.0,0.0,0.0,0.0,0.4847976913228309,0.3942769575324801,0.0,0.0,0.0,0.0,0.0,0.0,0.0,0.1882853782511867,0.0,0.0,0.0,0.0,0.0,0.2446316513605543,0.0,0.1267033093678805,0.0,0.0,0.4682994882957174,0.1832288028882016,0.0,0.0459401222935448,0.2093676618277625,0.3991215567965951,0.0,0.0,0.0,0.0,0.0
0.3325138444025406,0.0,0.0,0.0,0.0,0.5801883117419462,0.2294380144456872,0.353913314358541,0.0930708577774956,0.0,0.0,0.0,0.384763279619192,0.0,0.1943371249485016,0.3153216552869606,0.0,0.39708914722599,0.0,0.1650408145598294,0.3428660417661911,0.1959575694106564,0.4348463820802355,0.0,0.4784379822864898,0.4911385824812717,0.3631267109167198,0.0815452458040355,0.4601822805823908,0.0,0.2163949774644987,0.0,0.2928904911593173,0.0,0.0,0.0,0.0,0.0,0.0,0.2661902433213435,0.0,0.0,0.0,0.0,0.0,0.273209159105287,0.4470532789384789,0.0,0.0,0.0,0.0,0.0,0.0,0.0,0.0,0.0,0.0,0.0,0.0,0.1805398303197011,0.0869508929374339,0.0,0.0,0.0,0.0211995337794899,0.2327392156230413,0.0,0.3955233345938234,0.0,0.172361228013951,0.3412563251548847,0.2904486653973738,0.0,0.0803308180282679,0.0,0.0
0.0,0.0,0.0,0.0,0.2990873143396701,0.3026513614999594,0.167347651037666,0.3503813038789854,0.5647065536519027,0.2712403710464173,0.5589168745420994,0.0,0.0527578109920482,0.1865266255026037,0.0,0.0,0.0,0.0,0.4770533495607558,0.0,0.0,0.0,0.4168322138930835,0.0,0.0,0.0,0.4486984462056647,0.4059657471634571,0.0,0.3558409673509889,0.3446012332358652,0.0,0.0,0.0,0.0,0.2795634744938828,0.21898938405413,0.0,0.0,0.0,0.0,0.0,0.0,0.0,0.0,0.0,0.0,0.5968747597740833,0.0,0.4708538265754624,0.2996026914604077,0.0,0.2993209710064085,0.5662158689019745,0.0,0.5753552221494668,0.0,0.0,0.0,0.0,0.0,0.0,0.0,0.4945755567345427,0.0,0.0,0.0,0.4312481549216843,0.0,0.0,0.0,0.4621302297696185,0.0,0.0,0.0,0.0
0.0,0.0,0.0,0.0,0.0676259456473361,0.0438788366644527,0.1927288221656631,0.0,0.0,0.0196451959991577,0.0,0.0,0.3229202449718086,0.1360835443786986,0.0,0.0,0.0,0.0,0.0,0.0,0.0,0.0,0.0,0.0,0.0,0.0,0.0,0.1107583825174913,0.0,0.0,0.0,0.1481985637528594,0.0,0.2210899200940136,0.0261081073382091,0.104664803080204,0.0,0.0,0.0,0.0,0.0,0.0,0.0,0.0,0.0,0.0,0.0,0.0,0.0,0.0,0.0,0.0,0.0,0.0,0.0,0.0,0.0,0.0,0.0,0.0,0.0,0.0,0.0,0.0,0.0,0.0,0.0,0.0,0.0,0.0,0.0,0.0,0.0,0.0,0.0,0.0
0.0,0.0,0.2990873143396701,0.0676259456473361,0.0,0.0,0.2268344141248057,0.0625641760106178,0.4125845667877469,0.0,0.3991290207798627,0.2582931850934337,0.0563337100653257,0.374492352199274,0.0,0.0,0.0,0.0,0.0934224332606383,0.2366667887513713,0.0,0.1404447022719589,0.0,0.0,0.0,0.0,0.030027143683883,0.2353802329965618,0.0,0.0,0.0,0.1634675047631675,0.0,0.0452626380342482,0.056820169402123,0.06535713060735,0.0,0.0393336740219116,0.0,0.0,0.0,0.0,0.1521309551449765,0.0,0.0,0.0,0.0,0.2702265271698065,0.0,0.0,0.0,0.0,0.0446764722035668,0.2868379020984005,0.0,0.3194666441141831,0.0,0.0,0.0,0.0,0.0,0.0,0.0,0.0,0.0,0.0,0.0,0.0,0.0,0.0,0.0,0.0456512571257114,0.0,0.0,0.0,0.0
0.3308046226778134,0.5801883117419462,0.3026513614999594,0.0438788366644527,0.0,0.0,0.2087490971671786,0.4949679654940891,0.2450334269879668,0.4983376793857672,0.182955841009928,0.0,0.3851067745753618,0.0,0.2909119246258033,0.2051939547055356,0.0,0.3054957137260804,0.3687022515936978,0.288167934657352,0.3630551452336055,0.2391346286234273,0.5846014437942841,0.0,0.4847875391084441,0.5009508796281132,0.4107801287220724,0.2304438028711337,0.4027973702560465,0.0160899517323686,0.2620153831137652,0.0,0.2031284306025479,0.0,0.0,0.253300731154547,0.1619024015979689,0.0,0.0,0.0,0.0,0.0,0.0447664537844846,0.0,0.0,0.0,0.0,0.3004757863388451,0.0,0.0,0.5312557999125053,0.0417831600801731,0.4400044318687156,0.2916245929420851,0.0,0.2396506897819711,0.0,0.2451060440410448,0.0,0.2806481368969817,0.0,0.0,0.0,0.3787589023818921,0.158934234743798,0.3040372496703156,0.0863726541228778,0.517302076524421,0.0,0.0,0.0,0.3620359055810309,0.1294825028100606,0.0591407342905923,0.0,0.0
0.0,0.2294380144456872,0.167347651037666,0.1927288221656631,0.2268344141248057,0.2087490971671786,0.0,0.0302008500815442,0.2170850547217289,0.3183875229552512,0.1537247564594283,0.1495904822159531,0.2878863727570405,0.0297148663532918,0.0,0.2023842542859546,0.275347792735138,0.2271103969307908,0.234217641349276,0.1906560426974236,0.0,0.2335636042555642,0.0679650277656324,0.1271207394567871,0.2373137596844402,0.2665923939161692,0.272014614641461,0.131531746674234,0.2980264704720907,0.0,0.0968262252905583,0.0210915551469929,0.0743966326271129,0.0359417975006027,0.0,0.1618415432893349,0.1071207931552092,0.0720083082067289,0.0,0.0,0.0,0.0,0.0,0.0,0.0,0.0,0.0,0.0,0.0,0.0,0.094330900982866,0.0,0.0,0.0,0.0,0.0,0.0,0.0,0.0,0.0,0.0,0.0,0.0,0.0,0.0,0.0,0.0,0.1053751801523345,0.0,0.0,0.0,0.2088298181163655,0.0,0.0,0.0,0.0
0.2893322304317178,0.353913314358541,0.3503813038789854,0.0,0.0625641760106178,0.4949679654940891,0.0302008500815442,0.0,0.3107050617076718,0.3416906653011502,0.2920476883921657,0.0,0.2122021833014905,0.091378231943694,0.2274142090325537,0.1013022203139007,0.0,0.1211663844805986,0.2777659266328402,0.2629502182952807,0.2806593337659946,0.1628513856843365,0.5635534475883305,0.4012331253711057,0.4026164019679221,0.4500662793310718,0.2523330872941261,0.1889861953990254,0.1378711489969442,0.1641825917003433,0.2649067876231832,0.0,0.1749750647420119,0.0,0.0,0.1953840085018468,0.1123809322998591,0.0,0.0,0.0,0.0,0.0,0.0536182878939536,0.0,0.0,0.0,0.0,0.3703199780622215,0.0,0.2096520066235978,0.4212700152293305,0.0734625829182421,0.584730702062561,0.2908276822555217,0.0,0.3189256038159122,0.0,0.1263480156994388,0.010490363613436,0.1968924909625407,0.0,0.0,0.0,0.3064498258781959,0.2037590481129436,0.2418919032464513,0.0,0.4770374089704104,0.0,0.0,0.0,0.2368165225211061,0.1481063278812232,0.0,0.0,0.0
0.0,0.0930708577774956,0.5647065536519027,0.0,0.4125845667877469,0.2450334269879668,0.2170850547217289,0.3107050617076718,0.0,0.2893727284261123,0.5827244801447633,0.2972284258029339,0.0322983637362328,0.1816186404102966,0.0,0.1205931323191325,0.0,0.0,0.438540348633105,0.5313003310510139,0.0,0.4541137876778134,0.3397357083047792,0.0,0.0,0.0,0.4567411098589422,0.3819545921751591,0.1226783111126137,0.340713933858135,0.2756428864524448,0.0,0.0,0.0,0.0,0.2342789349548736,0.2116869998789122,0.2437488797169364,0.0,0.0,0.0,0.0,0.0,0.0,0.0,0.0,0.0,0.557093488320503,0.0,0.0,0.3016381377294853,0.0,0.2944514757132441,0.6082783018825694,0.0,0.5827753650176817,0.0,0.0,0.0,0.0,0.0,0.0,0.0,0.4730924618900177,0.0,0.0,0.0,0.3790942585177416,0.0,0.0,0.0,0.451607311787769,0.0,0.0,0.0,0.0
0.4651654359531227,0.0,0.2712403710464173,0.0196451959991577,0.0,0.4983376793857672,0.3183875229552512,0.3416906653011502,0.2893727284261123,0.0,0.2067436606238065,0.2772962077315515,0.3542169483885646,0.0,0.0,0.3709061705463941,0.4236970978687391,0.4075321342688677,0.3546016658895155,0.0,0.0,0.2944330639293146,0.431881486140009,0.2682469044495202,0.4883829048952841,0.5079830633136239,0.4291883934474647,0.2676958129856201,0.0,0.0,0.3598298951022626,0.0,0.2304879304425631,0.0,0.0,0.2842409311401939,0.2455129494343403,0.2006926728285116,0.0,0.1538747465612285,0.0,0.0,0.0,0.0,0.1897708841991704,0.0,0.0,0.0,0.0,0.0,0.0,0.0,0.0,0.0,0.2165247639581702,0.0,0.1468876811266662,0.0,0.0,0.0,0.0,0.1988892421010152,0.0175691221327831,0.0,0.0,0.0,0.0,0.0,0.0,0.1763496452604148,0.3821525330274835,0.0,0.1362787276973298,0.0,0.0,0.0
0.0,0.0,0.5589168745420994,0.0,0.3991290207798627,0.182955841009928,0.1537247564594283,0.2920476883921657,0.5827244801447633,0.2067436606238065,0.0,0.2567988684797683,0.0,0.2326384866902656,0.0,0.0,0.0,0.0,0.434438951042025,0.0,0.0,0.0,0.3087002625887127,0.0,0.0,0.0,0.3842741966266501,0.3606774617916278,0.0,0.0,0.2488599126483966,0.0,0.0,0.0,0.0,0.2379415170145692,0.1683641125253505,0.1811529722427354,0.0,0.0,0.0,0.0,0.0,0.0,0.0,0.0,0.0,0.5460443485726375,0.0,0.4995844250857633,0.2502588745264471,0.1535554457227892,0.2631593944494516,0.5504006794250833,0.0,0.6040579923368147,0.0,0.0,0.0,0.0,0.0,0.0,0.0,0.4621506432005204,0.0,0.0,0.0,0.3375063215059753,0.0,0.0,0.0,0.398112706771805,0.0,0.0,0.0,0.0
0.1284574265693068,0.0,0.0,0.0,0.2582931850934337,0.0,0.1495904822159531,0.0,0.2972284258029339,0.2772962077315515,0.2567988684797683,0.0,0.3274068849937423,0.0,0.0,0.0,0.0361517968773332,0.0160230612173259,0.0,0.0,0.0,0.0,0.0,0.4022023422793591,0.2807644600676771,0.4060024160455665,0.0,0.2179118581498338,0.0,0.0,0.0794068158293573,0.1463067037564558,0.2044617711270505,0.0,0.0,0.1873816564454744,0.0479707811774187,0.248137609664113,0.0684250541545989,0.1428862354612677,0.0,0.0,0.0,0.0,0.1667499526877604,0.0,0.0,0.0,0.0,0.0,0.0,0.0,0.0,0.0,0.0646843769738644,0.0,0.5182626057319036,0.0,0.0,0.0,0.0,0.0739635887412721,0.0,0.0,0.0,0.0,0.0,0.0,0.2164746683816151,0.0,0.3430879619362745,0.0,0.0,0.0,0.0,0.1068136595668554
0.0,0.384763279619192,0.0527578109920482,0.3229202449718086,0.0563337100653257,0.3851067745753618,0.2878863727570405,0.2122021833014905,0.0322983637362328,0.3542169483885646,0.0,0.3274068849937423,0.0,0.1542489817650104,0.0,0.1829987280737116,0.2869842119073074,0.123605636243473,0.0702905756380826,0.0377153175819461,0.0487649859031805,0.0317252283543249,0.2037670630767428,0.1299019918905481,0.2182081522519664,0.3841675652373794,0.0547623225937826,0.3075020478911606,0.2214482545098859,0.0,0.1501257799939453,0.0891067458560663,0.2417513538810755,0.1728019749758169,0.0343079191464635,0.2074068183860664,0.0451792033689883,0.1541521055139978,0.0,0.0,0.0,0.0,0.1603775408980987,0.0,0.0,0.0,0.0,0.0702338246181468,0.0,0.0,0.179540654323424,0.0,0.1537119138851331,0.0,0.0,0.0,0.0,0.0,0.0,0.0,0.0,0.0,0.0,0.0,0.0,0.0,0.0,0.1444516215090512,0.0,0.0,0.0,0.0176698060227466,0.0,0.0,0.0,0.0
0.0,0.0,0.1865266255026037,0.1360835443786986,0.374492352199274,0.0,0.0297148663532918,0.091378231943694,0.1816186404102966,0.0,0.2326384866902656,0.0,0.1542489817650104,0.0,0.0,0.0,0.0,0.0,0.1162086222588033,0.0,0.0,0.0,0.0,0.0,0.0,0.0,0.0,0.2325024595027942,0.0,0.0,0.0382911613018876,0.2035512160018021,0.0,0.1197144714137719,0.0,0.1692396275947339,0.0,0.0,0.0,0.0,0.0,0.0,0.2433887645210725,0.0,0.0,0.0,0.0,0.1557629408322531,0.0,0.0,0.0,0.0,0.0,0.1243192970008258,0.0,0.2091142496944181,0.0,0.0,0.0,0.0,0.0,0.0,0.0,0.0,0.0,0.0,0.0,0.0,0.0,0.0,0.0,0.0,0.0,0.0,0.0,0.0
0.3065563168132363,0.1943371249485016,0.0,0.0,0.0,0.2909119246258033,0.0,0.2274142090325537,0.0,0.0,0.0,0.0,0.0,0.0,0.0,0.1225619293684401,0.0,0.2165105279564349,0.0,0.599174928461808,0.404182734420373,0.5724308079220023,0.3861753239860431,0.152747992801659,0.1813002027709125,0.2354491721071394,0.5679863823920336,0.3615715195373858,0.2360602942711316,0.0,0.2672249046576241,0.0,0.0,0.0,0.0,0.2271720574853794,0.0,0.0,0.0,0.0,0.0,0.0,0.0,0.0,0.0,0.0,0.2633592908049485,0.0,0.0,0.0,0.4027747110896307,0.0,0.2202142459674546,0.0,0.0,0.0,0.0,0.0,0.0,0.6357975577916046,0.1008486627539158,0.0,0.0,0.0,0.522539220189004,0.3621589070046803,0.4832221302987861,0.4603741197480543,0.0,0.0,0.2480332156537606,0.6012517177634135,0.3439364865894506,0.1924886089390484,0.0,0.1525518447476578
0.4314901105820354,0.3153216552869606,0.0,0.0,0.0,0.2051939547055356,0.2023842542859546,0.1013022203139007,0.1205931323191325,0.3709061705463941,0.0,0.0,0.1829987280737116,0.0,0.1225619293684401,0.0,0.3732446359552837,0.4772194229892003,0.0,0.074417145648957,0.314477204657423,0.206605478696593,0.206261967898836,0.0,0.3228833102861139,0.3185789140938815,0.256083718228676,0.1374663428604965,0.4134223549237126,0.0,0.3348095873998154,0.0,0.2793221198413625,0.0200204964329588,0.0104051035945507,0.0,0.0,0.0,0.0,0.2510949639757793,0.0375986055129909,0.0,0.0,0.0,0.0,0.4056436001847145,0.2427612695556575,0.0,0.0,0.0,0.0,0.0,0.0,0.0,0.0,0.0,0.0,0.0,0.0,0.1244450600283239,0.3384692900355458,0.0,0.2703575924411063,0.0,0.0,0.2633786317286378,0.0903587358097584,0.0,0.0,0.1773491602154406,0.1984414037654619,0.0,0.0,0.0,0.0,0.0
0.3120998677669914,0.0,0.0,0.0,0.0,0.0,0.275347792735138,0.0,0.0,0.4236970978687391,0.0,0.0361517968773332,0.2869842119073074,0.0,0.0,0.3732446359552837,0.0,0.3562471576541063,0.0,0.3108384357478077,0.0,0.3448715246514803,0.0,0.0355554460539866,0.2685771574734346,0.4273275241280165,0.0,0.2872735090533071,0.0,0.0,0.2340242583880546,0.0,0.1854440516453905,0.0,0.0,0.0,0.0,0.0,0.0,0.1055887176315013,0.0,0.0,0.0,0.0,0.0,0.0,0.0,0.0,0.0,0.0,0.0,0.0,0.0,0.0,0.0774099571131236,0.0,0.0,0.0,0.0,0.0,0.0,0.2916288463853644,0.0334121605219243,0.0,0.0,0.0,0.0,0.0,0.0,0.0766684171734949,0.2202362226540017,0.0,0.0,0.0,0.0,0.0
0.3293030308746564,0.39708914722599,0.0,0.0,0.0,0.3054957137260804,0.2271103969307908,0.1211663844805986,0.0,0.4075321342688677,0.0,0.0160230612173259,0.123605636243473,0.0,0.2165105279564349,0.4772194229892003,0.3562471576541063,0.0,0.0,0.1738669494704493,0.3204965348027345,0.2560415932084174,0.2014554930269727,0.0824352308816746,0.385634352913874,0.3016150722854574,0.3533293340359572,0.0538697262849738,0.4227788139028206,0.0,0.2413707774368777,0.0,0.1546409389033939,0.0,0.0,0.0,0.0,0.0,0.0,0.143987078138505,0.0,0.0,0.0,0.0,0.0,0.2721519620437528,0.3403257797091307,0.0,0.0,0.0,0.0,0.0,0.0,0.0,0.1504665370760901,0.0,0.0,0.0,0.0,0.0,0.2873751202436597,0.1294855926020987,0.2399296284735924,0.0,0.0,0.0,0.09432259094621,0.0,0.0,0.2317014405687732,0.1336499734697895,0.0,0.0,0.0,0.0,0.0
0.0,0.0,0.4770533495607558,0.0,0.0934224332606383,0.3687022515936978,0.234217641349276,0.2777659266328402,0.438540348633105,0.3546016658895155,0.434438951042025,0.0,0.0702905756380826,0.1162086222588033,0.0,0.0,0.0,0.0,0.0,0.0,0.0,0.0,0.3740458219367925,0.0,0.0,0.0,0.435869747333896,0.2102143699793167,0.0,0.0,0.3275848222115757,0.0,0.0,0.0,0.0,0.2752340841433141,0.217086971564535,0.0,0.0,0.0,0.0,0.0,0.0,0.0,0.0,0.0,0.0,0.4217393506211669,0.0,0.0,0.3418474866514172,0.0,0.2314041967154592,0.4194637060772251,0.0,0.4376050618053161,0.0,0.0,0.04192086815021,0.0,0.0,0.0,0.0,0.5919782093042499,0.0,0.0,0.0,0.3915675553447804,0.0,0.0,0.0,0.396581776327808,0.0,0.0,0.0,0.0
0.2533138114781254,0.1650408145598294,0.0,0.0,0.2366667887513713,0.288167934657352,0.1906560426974236,0.2629502182952807,0.5313003310510139,0.0,0.0,0.0,0.0377153175819461,0.0,0.599174928461808,0.074417145648957,0.3108384357478077,0.1738669494704493,0.0,0.0,0.3089878326079203,0.5884652251250605,0.3657702027980473,0.0,0.1721388627996805,0.2827782528407335,0.5405876741870205,0.4507425679608913,0.1512711192855808,0.3959491154834809,0.2811689511274532,0.0,0.0,0.0,0.0,0.2708819270344064,0.2990254522792704,0.0,0.0,0.0,0.0,0.0,0.0,0.0,0.0,0.0,0.1602465597888784,0.0,0.0,0.0,0.3888429674412578,0.0,0.2434602767588489,0.0,0.0,0.0,0.0,0.0,0.0,0.5917224552778664,0.0,0.0,0.0,0.0,0.6152203162511867,0.2584480152281904,0.5588170160078835,0.4149146240955422,0.0,0.0,0.2505216726795706,0.5741841246498303,0.4626126842053387,0.1115768278036155,0.0,0.2221031920641393
0.4876509596113302,0.3428660417661911,0.0,0.0,0.0,0.3630551452336055,0.0,0.2806593337659946,0.0,0.0,0.0,0.0,0.0487649859031805,0.0,0.404182734420373,0.314477204657423,0.0,0.3204965348027345,0.0,0.3089878326079203,0.0,0.3583385443186932,0.3884376703295094,0.2721461917156491,0.3508375564903059,0.307623237682486,0.4647978076872073,0.1499728039309422,0.4895796234408717,0.1098124545425889,0.4032974438337349,0.0,0.0988927912220336,0.0,0.0,0.1873235404192033,0.0,0.0,0.0,0.1406875357801778,0.0,0.0,0.0,0.0,0.0,0.4804240709517589,0.4793742672272065,0.0,0.0,0.0,0.4663344629260223,0.0,0.3028043198446895,0.0,0.0,0.0,0.0,0.0,0.0,0.3873849487029429,0.2611107459472188,0.0,0.0,0.0,0.1647231799279005,0.5821992750660454,0.1838155734137197,0.4918140791030636,0.0,0.3029158525423969,0.3978081975193827,0.4763840381154658,0.1113796223887795,0.4207810430741989,0.0,0.0729078684538537
0.3315037927607345,0.1959575694106564,0.0,0.0,0.1404447022719589,0.2391346286234273,0.2335636042555642,0.1628513856843365,0.4541137876778134,0.2944330639293146,0.0,0.0,0.0317252283543249,0.0,0.5724308079220023,0.206605478696593,0.3448715246514803,0.2560415932084174,0.0,0.5884652251250605,0.3583385443186932,0.0,0.2915372224582876,0.0,0.1486968922878662,0.2581832522000402,0.544003726640653,0.3807799373042157,0.2810686873214664,0.3031967824528371,0.3268926512162538,0.0,0.0,0.0,0.0,0.2530542190064332,0.2986576568993583,0.0,0.0,0.0,0.0,0.0,0.0,0.0,0.0,0.2531388242527464,0.1926928545470785,0.0,0.0,0.0,0.3232154090095798,0.0,0.0,0.0,0.0,0.0,0.0,0.0,0.0,0.5809911978983051,0.2263497573241512,0.0,0.0761646502241499,0.0,0.5196336674011985,0.3050942514071579,0.5606357510980009,0.3947063715124954,0.0,0.0,0.2160032456439668,0.5546939570626075,0.0,0.2136794511875108,0.0,0.2109652572465654
0.3889286627229705,0.4348463820802355,0.4168322138930835,0.0,0.0,0.5846014437942841,0.0679650277656324,0.5635534475883305,0.3397357083047792,0.431881486140009,0.3087002625887127,0.0,0.2037670630767428,0.0,0.3861753239860431,0.206261967898836,0.0,0.2014554930269727,0.3740458219367925,0.3657702027980473,0.3884376703295094,0.2915372224582876,0.0,0.3101525051750781,0.4319761961453594,0.4419844390263412,0.4349202269683616,0.2806647794901296,0.3341687267968141,0.1645291591914141,0.387346004268505,0.0,0.1490469022218148,0.0,0.0,0.2435397727792402,0.2415483527226004,0.0,0.0,0.0640064038612046,0.0,0.0,0.0,0.0,0.0,0.0,0.378604073399246,0.4351732722555105,0.0,0.2609183207634807,0.53257634381733,0.0,0.5090210132166014,0.386553386301489,0.0,0.3736377480431666,0.0,0.0747870836815828,0.0,0.3433257498361063,0.0,0.0,0.0,0.4187855926879523,0.2606115476995578,0.3509342592835249,0.1840330859332837,0.6215624534866668,0.0,0.0,0.4299339856251989,0.4224239699111389,0.1928292924440512,0.0731600700673329,0.0443566801377374,0.0
0.2472440141264387,0.0,0.0,0.0,0.0,0.0,0.1271207394567871,0.4012331253711057,0.0,0.2682469044495202,0.0,0.4022023422793591,0.1299019918905481,0.0,0.152747992801659,0.0,0.0355554460539866,0.0824352308816746,0.0,0.0,0.2721461917156491,0.0,0.3101525051750781,0.0,0.3708707237208508,0.3933917295314951,0.1851160002616711,0.0633617663331315,0.0,0.0,0.1733324509571696,0.0445031218430463,0.1637936916390564,0.0,0.0,0.2284940385040797,0.0,0.1720444288096302,0.0729029850781213,0.2033567498098577,0.0,0.0,0.0,0.0,0.1928573475004155,0.2207801070344963,0.0,0.0,0.0,0.0,0.0,0.0,0.0,0.0,0.1030948681472514,0.0,0.3587931522139087,0.0,0.0,0.0,0.0,0.0423012060453053,0.0,0.0,0.0,0.0,0.0,0.0,0.4023226115989112,0.1275676740725184,0.4092894057881153,0.0,0.0,0.0,0.0,0.1607263274443334
0.383746127754713,0.4784379822864898,0.0,0.0,0.0,0.4847875391084441,0.2373137596844402,0.4026164019679221,0.0,0.4883829048952841,0.0,0.2807644600676771,0.2182081522519664,0.0,0.1813002027709125,0.3228833102861139,0.2685771574734346,0.385634352913874,0.0,0.1721388627996805,0.3508375564903059,0.1486968922878662,0.4319761961453594,0.3708707237208508,0.0,0.5115448463322184,0.3448539050410595,0.0686464947098278,0.421923203834302,0.0,0.2504702554612549,0.0,0.2717998689409934,0.0,0.0,0.0,0.0,0.194158663608035,0.0,0.2938096058374169,0.0,0.0,0.0,0.0,0.0,0.340530599814028,0.4384285387274539,0.0,0.0,0.0,0.0,0.0,0.0,0.0,0.1880305139930582,0.0,0.184078982946402,0.0,0.0,0.0,0.1099572123402964,0.1737818011445613,0.0362196350798388,0.0,0.0710721607833786,0.285566837970106,0.0562390374158884,0.0,0.1082037897571638,0.3436217360215788,0.4247165392190129,0.0,0.0,0.0,0.0,0.0
0.3828595604341409,0.4911385824812717,0.0,0.0,0.0,0.5009508796281132,0.2665923939161692,0.4500662793310718,0.0,0.5079830633136239,0.0,0.4060024160455665,0.3841675652373794,0.0,0.2354491721071394,0.3185789140938815,0.4273275241280165,0.3016150722854574,0.0,0.2827782528407335,0.307623237682486,0.2581832522000402,0.4419844390263412,0.3933917295314951,0.5115448463322184,0.0,0.3315453889340842,0.2508901590848117,0.329878139696433,0.0,0.2367555847454978,0.0,0.3571265418119995,0.0,0.0,0.1802476502525256,0.0,0.2040144509116636,0.0,0.2447648886783414,0.0,0.0,0.0,0.0,0.157765384785336,0.302104691226138,0.2647270184744143,0.0,0.0,0.0,0.0,0.0,0.0,0.0,0.1089660419272159,0.0,0.2903288140558908,0.0,0.0,0.2285725650067044,0.0132379314976394,0.2586662841314222,0.0,0.0,0.1968164543118569,0.2034496686643603,0.1884848295204129,0.3776794907436811,0.0604949154730285,0.0543415159323348,0.4487833771277158,0.288494336117412,0.0,0.0,0.0,0.0
0.3931435239642177,0.3631267109167198,0.4486984462056647,0.0,0.030027143683883,0.4107801287220724,0.272014614641461,0.2523330872941261,0.4567411098589422,0.4291883934474647,0.3842741966266501,0.0,0.0547623225937826,0.0,0.5679863823920336,0.256083718228676,0.0,0.3533293340359572,0.435869747333896,0.5405876741870205,0.4647978076872073,0.544003726640653,0.4349202269683616,0.1851160002616711,0.3448539050410595,0.3315453889340842,0.0,0.2936769877435133,0.4399220800384332,0.1720340601599558,0.2916971413445151,0.0,0.0,0.0,0.0,0.2416599082629096,0.3258489133390619,0.0,0.0,0.0,0.0,0.0,0.0,0.0,0.0,0.0,0.3679321232380124,0.4318130031751351,0.0,0.0,0.4738897388227623,0.006300649752028,0.2264301705319561,0.5502988716616213,0.0,0.4228171823225189,0.0,0.0,0.0,0.5457589339031511,0.0,0.0,0.0,0.5003416470475797,0.4064319635706184,0.4092162556988567,0.3700946976465988,0.5289263609375664,0.0,0.0,0.2404248267783154,0.652916703359259,0.2429504728774242,0.2561200011310833,0.1273479239248773,0.0308157054532749
0.1450039316853839,0.0815452458040355,0.4059657471634571,0.1107583825174913,0.2353802329965618,0.2304438028711337,0.131531746674234,0.1889861953990254,0.3819545921751591,0.2676958129856201,0.3606774617916278,0.2179118581498338,0.3075020478911606,0.2325024595027942,0.3615715195373858,0.1374663428604965,0.2872735090533071,0.0538697262849738,0.2102143699793167,0.4507425679608913,0.1499728039309422,0.3807799373042157,0.2806647794901296,0.0633617663331315,0.0686464947098278,0.2508901590848117,0.2936769877435133,0.0,0.1099368699695278,0.3735242701248465,0.314440428148638,0.0,0.0107027749519404,0.0216668183150755,0.0,0.340514660314697,0.2347813650439992,0.1935531331307266,0.0,0.0,0.0,0.0,0.0205766198608942,0.0,0.0,0.0,0.0,0.0,0.0,0.0,0.2217465088630839,0.0,0.1392271753353364,0.0,0.0,0.0,0.0,0.0,0.0,0.3726390249208749,0.0,0.0,0.0,0.0,0.4486653170199757,0.1311537303163262,0.0,0.279427414896466,0.0,0.0,0.0,0.3262997457461061,0.519682951551205,0.0443671174062279,0.0,0.1423741156094854
0.412107260780338,0.4601822805823908,0.0,0.0,0.0,0.4027973702560465,0.2980264704720907,0.1378711489969442,0.1226783111126137,0.0,0.0,0.0,0.2214482545098859,0.0,0.2360602942711316,0.4134223549237126,0.0,0.4227788139028206,0.0,0.1512711192855808,0.4895796234408717,0.2810686873214664,0.3341687267968141,0.0,0.421923203834302,0.329878139696433,0.4399220800384332,0.1099368699695278,0.0,0.0,0.3243085280183983,0.0,0.1904452765139006,0.0,0.0,0.1488409742727401,0.2404584639348614,0.0,0.0,0.0,0.0,0.0,0.0,0.0,0.0,0.0,0.5178347498838003,0.0,0.0,0.0,0.4180989044848619,0.0,0.1401216694872349,0.0,0.0,0.0,0.0,0.2740461549359322,0.0,0.2322442985295344,0.0,0.0,0.0,0.0,0.0,0.4363191201888031,0.048737354477407,0.4302600688732453,0.0,0.0,0.3059327643875409,0.4048509684545043,0.0322049253371117,0.4369174150984861,0.0,0.0
0.0,0.0,0.3558409673509889,0.0,0.0,0.0160899517323686,0.0,0.1641825917003433,0.340713933858135,0.0,0.0,0.0,0.0,0.0,0.0,0.0,0.0,0.0,0.0,0.3959491154834809,0.1098124545425889,0.3031967824528371,0.1645291591914141,0.0,0.0,0.0,0.1720340601599558,0.3735242701248465,0.0,0.0,0.2237001753616845,0.0,0.0,0.0,0.0,0.0,0.0,0.0,0.0,0.0,0.0,0.0,0.0,0.0,0.0,0.0,0.0,0.0,0.0,0.0,0.0,0.0,0.0,0.0,0.0,0.0,0.0,0.0,0.0,0.0,0.0,0.0,0.0,0.0,0.4348298922831174,0.0,0.0,0.1522610360100399,0.0,0.0,0.0,0.2210748019671412,0.0,0.0,0.0,0.0
0.4009936425089834,0.2163949774644987,0.3446012332358652,0.0,0.0,0.2620153831137652,0.0968262252905583,0.2649067876231832,0.2756428864524448,0.3598298951022626,0.2488599126483966,0.0794068158293573,0.1501257799939453,0.0382911613018876,0.2672249046576241,0.3348095873998154,0.2340242583880546,0.2413707774368777,0.3275848222115757,0.2811689511274532,0.4032974438337349,0.3268926512162538,0.387346004268505,0.1733324509571696,0.2504702554612549,0.2367555847454978,0.2916971413445151,0.314440428148638,0.3243085280183983,0.2237001753616845,0.0,0.0,0.13223741032567,0.0243644584908785,0.0,0.3079815173587564,0.2235658133213839,0.2550454309685852,0.0,0.0,0.0,0.0,0.0,0.0,0.0,0.414705603307526,0.3178097901095948,0.0,0.0,0.0,0.31727592677475,0.0,0.259996420817133,0.0,0.2471366695944911,0.0,0.0699477737988687,0.0,0.0,0.2665489234171235,0.1548508924389783,0.0,0.2164786770380294,0.0,0.1826879142877036,0.3701120232042379,0.2011120516930318,0.4307554126821963,0.0722188032525328,0.2287952723569566,0.3544765224477837,0.3011020188394683,0.2362549734833813,0.2304030657184306,0.0,0.1611658453129222
0.0,0.0,0.0,0.1481985637528594,0.1634675047631675,0.0,0.0210915551469929,0.0,0.0,0.0,0.0,0.1463067037564558,0.0891067458560663,0.2035512160018021,0.0,0.0,0.0,0.0,0.0,0.0,0.0,0.0,0.0,0.0445031218430463,0.0,0.0,0.0,0.0,0.0,0.0,0.0,0.0,0.1135401795047142,0.2830434643394045,0.2154546849692008,0.0,0.0,0.0133710932905317,0.5332897963552292,0.1344411381611545,0.3269985652703168,0.2609807686396758,0.2772876720565381,0.0731710413826324,-0.0046614922841817,0.0,0.0,0.0,0.0,0.0,0.0,0.0,0.0,0.0,0.0399004631189665,0.0,0.1312147914635957,0.1673927139491061,0.0,0.0,0.1049958028662449,0.0,0.0964941287364346,0.0,0.0,0.0,0.0,0.0,0.2034595735362529,0.0,0.0,0.0,0.0,0.0,0.0,0.1612214182855245
0.2098138632894878,0.2928904911593173,0.0,0.0,0.0,0.2031284306025479,0.0743966326271129,0.1749750647420119,0.0,0.2304879304425631,0.0,0.2044617711270505,0.2417513538810755,0.0,0.0,0.2793221198413625,0.1854440516453905,0.1546409389033939,0.0,0.0,0.0988927912220336,0.0,0.1490469022218148,0.1637936916390564,0.2717998689409934,0.3571265418119995,0.0,0.0107027749519404,0.1904452765139006,0.0,0.13223741032567,0.1135401795047142,0.0,0.1446551509740058,0.0307762459557891,0.0255955371427455,0.0632347169892129,0.189077616567742,0.0183470781562974,0.4259850570974686,0.1411094872257551,0.1179113349651317,0.0,0.0,0.1061450103492959,0.2010209207284679,0.1675630602952549,0.0,0.0,0.0,0.0,0.0,0.0,0.0,0.1016127010951853,0.0,0.058531182683279,0.0,0.0,0.0,0.0852693746401253,0.2377172224163004,0.0362752726655527,0.0,0.0,0.0238032977491367,0.0,0.1142830776792836,0.0650672993503092,0.0893768165109997,0.2731196397505542,0.0,0.0,0.0,0.0,0.0
0.0,0.0,0.0,0.2210899200940136,0.0452626380342482,0.0,0.0359417975006027,0.0,0.0,0.0,0.0,0.0,0.1728019749758169,0.1197144714137719,0.0,0.0200204964329588,0.0,0.0,0.0,0.0,0.0,0.0,0.0,0.0,0.0,0.0,0.0,0.0216668183150755,0.0,0.0,0.0243644584908785,0.2830434643394045,0.1446551509740058,0.0,0.1667786084391044,0.0,0.0,0.0470559759328478,0.1664957160415992,0.092969138073104,0.3592848489217059,0.2328122439662545,0.1415163987129434,0.0,0.0246329210094732,0.0,0.0,0.0,0.0,0.0,0.0,0.0,0.0,0.0,0.122450926747428,0.0,0.0,0.0,0.0,0.0,0.0,0.0,0.1363630897616559,0.0,0.0,0.0,0.0,0.0,0.0,0.0,0.0,0.0,0.0,0.0,0.0,0.0
0.0,0.0,0.0,0.0261081073382091,0.056820169402123,0.0,0.0,0.0,0.0,0.0,0.0,0.0,0.0343079191464635,0.0,0.0,0.0104051035945507,0.0,0.0,0.0,0.0,0.0,0.0,0.0,0.0,0.0,0.0,0.0,0.0,0.0,0.0,0.0,0.2154546849692008,0.0307762459557891,0.1667786084391044,0.0,0.0,0.0,0.0,0.2698507134262971,0.0972971521111413,0.2263826156182769,0.1586784990667796,0.0653598810521507,0.0301393453429453,0.0097365088564587,0.0,0.0,0.0,0.0,0.0,0.0,0.0,0.0,0.0,0.0,0.0,0.0,0.0,0.0,0.0,0.0498355616231747,0.0,0.0333897943770432,0.0,0.0,0.0,0.0,0.0,0.0,0.0,0.0,0.0,0.0,0.0,0.0,0.0
0.0,0.0,0.2795634744938828,0.104664803080204,0.06535713060735,0.253300731154547,0.1618415432893349,0.1953840085018468,0.2342789349548736,0.2842409311401939,0.2379415170145692,0.1873816564454744,0.2074068183860664,0.1692396275947339,0.2271720574853794,0.0,0.0,0.0,0.2752340841433141,0.2708819270344064,0.1873235404192033,0.2530542190064332,0.2435397727792402,0.2284940385040797,0.0,0.1802476502525256,0.2416599082629096,0.340514660314697,0.1488409742727401,0.0,0.3079815173587564,0.0,0.0255955371427455,0.0,0.0,0.0,0.3008414607855613,0.1702040651338665,0.0,0.0,0.0,0.0,0.0905974559465605,0.1230335574368204,0.0,0.0,0.0,0.2730857862112795,0.0,0.0,0.2229543328444418,0.0293750857650249,0.1687225265649004,0.2823686241357468,0.0,0.2707539800400188,0.201603700970376,0.0132710121202452,0.0,0.0,0.0,0.0,0.0,0.2317224701557786,0.0,0.0,0.0,0.2516798052686695,0.0,0.0,0.0,0.2290870353727546,0.289428627866565,0.0473464254316831,0.0,0.0
0.0,0.0,0.21898938405413,0.0,0.0,0.1619024015979689,0.1071207931552092,0.1123809322998591,0.2116869998789122,0.2455129494343403,0.1683641125253505,0.0479707811774187,0.0451792033689883,0.0,0.0,0.0,0.0,0.0,0.217086971564535,0.2990254522792704,0.0,0.2986576568993583,0.2415483527226004,0.0,0.0,0.0,0.3258489133390619,0.2347813650439992,0.2404584639348614,0.0,0.2235658133213839,0.0,0.0632347169892129,0.0,0.0,0.3008414607855613,0.0,0.1425888301545383,0.0,0.0,0.0,0.0,0.0,0.0,0.0,0.0,0.0,0.0,0.0,0.0,0.0,0.0,0.0,0.0,0.0,0.0,0.0,0.0,0.0,0.0,0.0,0.0,0.0,0.0,0.0,0.0,0.0,0.0,0.0,0.0,0.0,0.0,0.0,0.0,0.0,0.0
0.0,0.0,0.0,0.0,0.0393336740219116,0.0,0.0720083082067289,0.0,0.2437488797169364,0.2006926728285116,0.1811529722427354,0.248137609664113,0.1541521055139978,0.0,0.0,0.0,0.0,0.0,0.0,0.0,0.0,0.0,0.0,0.1720444288096302,0.194158663608035,0.2040144509116636,0.0,0.1935531331307266,0.0,0.0,0.2550454309685852,0.0133710932905317,0.189077616567742,0.0470559759328478,0.0,0.1702040651338665,0.1425888301545383,0.0,0.0,0.0926961997324353,0.0,0.0009688707640876,0.0,0.0,0.3163863814399424,0.0,0.0,0.0,0.0,0.0,0.0,0.0,0.0,0.0,0.1764450998334824,0.0,0.2103308401349016,0.0,0.0,0.0,0.0,0.0,0.0,0.0,0.0,0.0,0.0,0.0,0.0409831631741392,0.0,0.2558116997427578,0.0,0.0,0.0,0.0,0.0
0.0,0.0,0.0,0.0,0.0,0.0,0.0,0.0,0.0,0.0,0.0,0.0684250541545989,0.0,0.0,0.0,0.0,0.0,0.0,0.0,0.0,0.0,0.0,0.0,0.0729029850781213,0.0,0.0,0.0,0.0,0.0,0.0,0.0,0.5332897963552292,0.0183470781562974,0.1664957160415992,0.2698507134262971,0.0,0.0,0.0,0.0,0.1618187343623759,0.3362473824721208,0.256372649977001,0.2400580155359691,0.081968199049325,0.0,0.0,0.0,0.0,0.2139748181834931,0.0,0.0,0.1873057436035524,0.0,0.0,0.0,0.0,0.0879482039027984,0.118763994955504,0.2665090660957553,0.0,0.1393871428121364,0.0,0.1068032342812499,0.0,0.0,0.0,0.0,0.0,0.2676997986803611,0.0,0.0,0.0,0.0,0.0,0.116747649231578,0.2453895567225818
0.2444162724937522,0.2661902433213435,0.0,0.0,0.0,0.0,0.0,0.0,0.0,0.1538747465612285,0.0,0.1428862354612677,0.0,0.0,0.0,0.2510949639757793,0.1055887176315013,0.143987078138505,0.0,0.0,0.1406875357801778,0.0,0.0640064038612046,0.2033567498098577,0.2938096058374169,0.2447648886783414,0.0,0.0,0.0,0.0,0.0,0.1344411381611545,0.4259850570974686,0.092969138073104,0.0972971521111413,0.0,0.0,0.0926961997324353,0.1618187343623759,0.0,0.2028962401115364,0.1054974384498754,0.0618169859143585,0.0,0.0803977367537887,0.2552688943305175,0.2679697502961727,0.0,0.0,0.0,0.1721030398098063,0.0590957493317328,0.151150131009715,0.0,0.1376524092606851,0.0,0.0456315664193922,0.328011000146957,0.0,0.0,0.2597941930072572,0.2545061913409041,0.1310016268965015,0.0,0.0,0.1065546993347288,0.0,0.0684401307430884,0.1896176356240212,0.23281109749021,0.3146314001512993,0.0,0.0,0.1714567152841117,0.0,0.0418328406613841
0.0,0.0,0.0,0.0,0.0,0.0,0.0,0.0,0.0,0.0,0.0,0.0,0.0,0.0,0.0,0.0375986055129909,0.0,0.0,0.0,0.0,0.0,0.0,0.0,0.0,0.0,0.0,0.0,0.0,0.0,0.0,0.0,0.3269985652703168,0.1411094872257551,0.3592848489217059,0.2263826156182769,0.0,0.0,0.0,0.3362473824721208,0.2028962401115364,0.0,0.1937895454246807,0.0880944277484211,0.0627905706139714,0.0,0.0,0.0,0.0,0.1053529552744409,0.0,0.0,0.1296844278766104,0.0,0.0,0.0,0.0,0.0,0.0694606897909789,0.246487560727864,0.0,0.1925273009747226,0.1239196843696305,0.1362114823369623,0.0,0.0,0.0,0.0145783567225965,0.0,0.0092390442396411,0.0,0.0,0.0,0.0,0.0282849519432378,0.0250010351147395,0.1731700475872185
0.0,0.0,0.0,0.0,0.0,0.0,0.0,0.0,0.0,0.0,0.0,0.0,0.0,0.0,0.0,0.0,0.0,0.0,0.0,0.0,0.0,0.0,0.0,0.0,0.0,0.0,0.0,0.0,0.0,0.0,0.0,0.2609807686396758,0.1179113349651317,0.2328122439662545,0.1586784990667796,0.0,0.0,0.0009688707640876,0.256372649977001,0.1054974384498754,0.1937895454246807,0.0,0.0930366657896844,0.0,-0.0016378891853093,0.0,0.0,0.0,0.1648600682973887,0.0,0.0,0.0981558809921813,0.0,0.0,0.0715511355665671,0.0,0.0,0.1163656130277893,0.0,0.0,0.0,0.0273654649464598,0.0686438318463422,0.0,0.0,0.0,0.0,0.0,0.093918690962982,0.0202472548426799,0.0,0.0,0.0,0.0,0.0,0.0022528157601419
0.0,0.0,0.0,0.0,0.1521309551449765,0.0447664537844846,0.0,0.0536182878939536,0.0,0.0,0.0,0.0,0.1603775408980987,0.2433887645210725,0.0,0.0,0.0,0.0,0.0,0.0,0.0,0.0,0.0,0.0,0.0,0.0,0.0,0.0205766198608942,0.0,0.0,0.0,0.2772876720565381,0.0,0.1415163987129434,0.0653598810521507,0.0905974559465605,0.0,0.0,0.2400580155359691,0.0618169859143585,0.0880944277484211,0.0930366657896844,0.0,0.2296619030778186,0.0,0.0,0.0,0.0,0.2971887002916222,0.0,0.0,0.2240979793030485,0.0578886395007959,0.0,0.0833419345625745,0.0,0.2163665755312193,0.2380143715298984,0.3180151987543509,0.0,0.0,0.0,0.0,0.0,0.0,0.0,0.0,0.0,0.1137522559937828,0.0,0.0542730980970473,0.0,0.1365046246232438,0.0,0.0,0.0
0.0,0.0,0.0,0.0,0.0,0.0,0.0,0.0,0.0,0.0,0.0,0.0,0.0,0.0,0.0,0.0,0.0,0.0,0.0,0.0,0.0,0.0,0.0,0.0,0.0,0.0,0.0,0.0,0.0,0.0,0.0,0.0731710413826324,0.0,0.0,0.0301393453429453,0.1230335574368204,0.0,0.0,0.081968199049325,0.0,0.0627905706139714,0.0,0.2296619030778186,0.0,0.0,0.0,0.0,0.0030058748107286,0.0938181931410861,0.0,0.0,0.0582961062790212,0.0,0.0,0.0,0.0102384727747746,0.0226134655405212,0.0713921056725888,0.0841128486637142,0.0,0.0,0.0,0.0,0.0,0.0,0.0,0.0,0.0,0.0,0.0,0.0,0.0,0.2331861890489024,0.0,0.0,0.1424428165049016
0.0,0.0,0.0,0.0,0.0,0.0,0.0,0.0,0.0,0.1897708841991704,0.0,0.1667499526877604,0.0,0.0,0.0,0.0,0.0,0.0,0.0,0.0,0.0,0.0,0.0,0.1928573475004155,0.0,0.157765384785336,0.0,0.0,0.0,0.0,0.0,-0.0046614922841817,0.1061450103492959,0.0246329210094732,0.0097365088564587,0.0,0.0,0.3163863814399424,0.0,0.0803977367537887,0.0,-0.0016378891853093,0.0,0.0,0.0,0.1992619405951844,0.0,0.0,0.0,0.0,0.0,0.0297663416764119,0.0,0.1336995734469959,0.1790647908058878,0.1738874827392461,0.1398222420164486,0.1100061894399177,0.0,0.0,0.0,0.0,0.0,0.0,0.0,0.0,0.0,0.0,0.0793613633508416,0.1443924970633539,0.2303478742098497,0.0,0.0,0.0,0.0,0.0
0.4847976913228309,0.273209159105287,0.0,0.0,0.0,0.0,0.0,0.0,0.0,0.0,0.0,0.0,0.0,0.0,0.0,0.4056436001847145,0.0,0.2721519620437528,0.0,0.0,0.4804240709517589,0.2531388242527464,0.0,0.2207801070344963,0.340530599814028,0.302104691226138,0.0,0.0,0.0,0.0,0.414705603307526,0.0,0.2010209207284679,0.0,0.0,0.0,0.0,0.0,0.0,0.2552688943305175,0.0,0.0,0.0,0.0,0.1992619405951844,0.0,0.3981553042699158,0.0,0.0,0.0,0.3919230139208343,0.0,0.2953301111140263,0.0,0.2138416431319312,0.0,0.0753884796433757,0.2208755728203481,0.0,0.2312807402192251,0.3259212059343643,0.0,0.2770105602900645,0.0,0.0552942832727307,0.4993928423511456,0.1262364436263065,0.4112930147050849,0.1355572864375197,0.3162910124141515,0.4465289664578424,0.2796739972533206,0.0976422368476932,0.3610072706222503,0.0,0.1349862789354367
0.3942769575324801,0.4470532789384789,0.0,0.0,0.0,0.0,0.0,0.0,0.0,0.0,0.0,0.0,0.0,0.0,0.2633592908049485,0.2427612695556575,0.0,0.3403257797091307,0.0,0.1602465597888784,0.4793742672272065,0.1926928545470785,0.378604073399246,0.0,0.4384285387274539,0.2647270184744143,0.3679321232380124,0.0,0.5178347498838003,0.0,0.3178097901095948,0.0,0.1675630602952549,0.0,0.0,0.0,0.0,0.0,0.0,0.2679697502961727,0.0,0.0,0.0,0.0,0.0,0.3981553042699158,0.0,0.0,0.0,0.0,0.537449404226079,0.0,0.3309398047859979,0.18551520575704,0.2535132669232782,0.0,0.0,0.3407434696009768,0.0,0.2058979969938829,0.2553052913299743,0.105143019886386,0.2574109267440557,0.0,0.0,0.4400916954699158,0.0,0.457065712184345,0.0,0.5000416976021947,0.4464693310971903,0.3482563248473233,0.0,0.3775891367892494,0.0,0.0
0.0,0.0,0.5968747597740833,0.0,0.2702265271698065,0.3004757863388451,0.0,0.3703199780622215,0.557093488320503,0.0,0.5460443485726375,0.0,0.0702338246181468,0.1557629408322531,0.0,0.0,0.0,0.0,0.4217393506211669,0.0,0.0,0.0,0.4351732722555105,0.0,0.0,0.0,0.4318130031751351,0.0,0.0,0.0,0.0,0.0,0.0,0.0,0.0,0.2730857862112795,0.0,0.0,0.0,0.0,0.0,0.0,0.0,0.0030058748107286,0.0,0.0,0.0,0.0,0.0,0.4701043082101978,0.3671539841051388,0.1664302445762396,0.3644173815745564,0.5612553509356047,0.0,0.5995236732194785,0.0,0.0326610663768651,0.0,0.0,0.0,0.0,0.0,0.4776118540876009,0.0,0.0,0.0,0.478072071791912,0.0,0.0,0.0,0.4527129579690585,0.3542394186895521,0.1307913842287369,0.1825384876964621,0.1530413334220425
0.0,0.0,0.0,0.0,0.0,0.0,0.0,0.0,0.0,0.0,0.0,0.0,0.0,0.0,0.0,0.0,0.0,0.0,0.0,0.0,0.0,0.0,0.0,0.0,0.0,0.0,0.0,0.0,0.0,0.0,0.0,0.0,0.0,0.0,0.0,0.0,0.0,0.0,0.2139748181834931,0.0,0.1053529552744409,0.1648600682973887,0.2971887002916222,0.0938181931410861,0.0,0.0,0.0,0.0,0.0,0.0,0.0,0.240132447342541,0.0120184981219225,0.0,0.0,0.0,0.0,0.329101113645283,0.4641720396034233,0.0,0.0,0.0,0.0,0.0,0.0,0.0,0.0,0.0,0.0,0.0,0.0,0.0,0.0,0.0,0.0,0.0
0.0,0.0,0.4708538265754624,0.0,0.0,0.0,0.0,0.2096520066235978,0.0,0.0,0.4995844250857633,0.0,0.0,0.0,0.0,0.0,0.0,0.0,0.0,0.0,0.0,0.0,0.2609183207634807,0.0,0.0,0.0,0.0,0.0,0.0,0.0,0.0,0.0,0.0,0.0,0.0,0.0,0.0,0.0,0.0,0.0,0.0,0.0,0.0,0.0,0.0,0.0,0.0,0.4701043082101978,0.0,0.0,0.2417758298166271,0.2013544560508361,0.1787504693768746,0.5834840341938826,0.0470962619555332,0.5238372802260732,0.2165518978591135,0.0,0.0,0.0,0.0,0.0,0.0,0.3234168740253012,0.0,0.0,0.0,0.3254795500276921,0.0,0.0,0.0,0.4641267959593173,0.3955396041267329,0.0,0.0,0.1760265999302964
0.0,0.0,0.2996026914604077,0.0,0.0,0.5312557999125053,0.094330900982866,0.4212700152293305,0.3016381377294853,0.0,0.2502588745264471,0.0,0.179540654323424,0.0,0.4027747110896307,0.0,0.0,0.0,0.3418474866514172,0.3888429674412578,0.4663344629260223,0.3232154090095798,0.53257634381733,0.0,0.0,0.0,0.4738897388227623,0.2217465088630839,0.4180989044848619,0.0,0.31727592677475,0.0,0.0,0.0,0.0,0.2229543328444418,0.0,0.0,0.0,0.1721030398098063,0.0,0.0,0.0,0.0,0.0,0.3919230139208343,0.537449404226079,0.3671539841051388,0.0,0.2417758298166271,0.0,0.0030942809590527,0.4964415779235772,0.3722496270595399,0.1331718056791688,0.3101671534416328,0.0,0.2318723013083642,0.0,0.373214306365795,0.1565639173255133,0.0953750756476253,0.0960756839098451,0.3980960781199922,0.2390540811314307,0.4198010120834705,0.1743448383329902,0.5904250083469242,0.0,0.2912601354591791,0.494576790841486,0.4716013879052654,0.1811037889752011,0.2759375089684484,0.0747668146044199,0.0255683143803449
0.0,0.0,0.0,0.0,0.0,0.0417831600801731,0.0,0.0734625829182421,0.0,0.0,0.1535554457227892,0.0,0.0,0.0,0.0,0.0,0.0,0.0,0.0,0.0,0.0,0.0,0.0,0.0,0.0,0.0,0.006300649752028,0.0,0.0,0.0,0.0,0.0,0.0,0.0,0.0,0.0293750857650249,0.0,0.0,0.1873057436035524,0.0590957493317328,0.1296844278766104,0.0981558809921813,0.2240979793030485,0.0582961062790212,0.0297663416764119,0.0,0.0,0.1664302445762396,0.240132447342541,0.2013544560508361,0.0030942809590527,0.0,0.0503129661979612,0.1446032817232472,0.1393680131494574,0.1649841057009936,0.2178308712500956,0.2896095810172578,0.2480957637411657,0.0,0.0569932099102871,0.0914526385372468,0.1560113190438996,0.049384215862189,0.2078968220219607,0.0,0.2009363024716662,0.0,0.0,0.0600184486352084,0.1610075825434694,0.0192038614528892,0.2375955109938703,0.0177195057298348,0.0,0.139035877168623
