0.0,0.5092239323305383,0.0,0.0,0.0,0.5066063673101879,0.0,0.4430940203260874,0.0,0.7123714590167256,0.0,0.1967244281579272,0.1585203875178175,0.0,0.469471619772382,0.6607998270481759,0.4779612176139939,0.5043067743890786,0.0,0.3879340886581806,0.7468066170424535,0.5076771020930739,0.5956196602391317,0.3786385777256086,0.5876829355571309,0.5863252137513856,0.6020744537811927,0.2220643547305356,0.6311162178934134,0.0,0.6140964140752344,0.0,0.3213166679231315,0.0,0.0,0.0,0.0,0.3730013946599896,0.0,0.3743080701751675,0.0,0.0,0.0,0.0,0.0,0.7424370170323418,0.6038102356392476,0.0,0.0,0.0,0.0,0.0,0.0,0.0,0.2883471540431281,0.0,0.0,0.0,0.0,0.0,0.3746379092941699,0.0,0.1940381085531483,0.0,0.0,0.7171710620554903,0.2806033285338727,0.0,0.0703543931173711,0.320633338591808,0.6112294331534774,0.0,0.0,0.0,0.0,0.1326940105242048
0.5092239323305383,0.0,0.0,0.0,0.0,0.8885217219400466,0.3513698148480792,0.5419958677678842,0.1425321350694126,0.0,0.0,0.0,0.5892406393367674,0.0,0.2976150215396296,0.4828951815305941,0.6270646406608006,0.6081169263779795,0.0,0.2527495741905096,0.5250776681629573,0.300096629794541,0.6659397446758263,0.0,0.7326975246819326,0.7521476909923474,0.5561056021577603,0.1248813889412721,0.7047400715842487,0.0,0.3313952282469485,0.0,0.4485432716895044,0.0,0.0,0.0,0.0,0.0,0.0,0.4076535300227086,0.0,0.0,0.0,0.0,0.0,0.4184025558343066,0.6846338355365449,0.0,0.0,0.0,0.6840253751532905,0.0,0.0,0.0,0.0,0.0,0.0,0.0,0.0,0.2764853370327335,0.1331597957998089,0.0,0.0,0.0,0.0324657458222917,0.3564253957607085,0.0,0.6057189833170601,0.0,0.2639603246243484,0.5226124889334426,0.4448037698988433,0.0,0.1230215695745959,0.0,0.0
0.0,0.0,0.0,0.0,0.4580333146485462,0.4634914275678293,0.2562823484261152,0.536586816999897,0.8648123881281945,0.4153874813821003,0.8559458605749631,0.402586970193705,0.0807952523684961,0.285653735390922,0.0,0.0,0.0,0.0,0.7305770471941494,0.0,0.0,0.0,0.6383521848904354,0.0,0.0,0.0,0.6871533052044715,0.6217108780343499,0.0,0.0,0.5277350042059769,0.0,0.0,0.0,0.0,0.4281337881541615,0.3353683979295827,0.0,0.0,0.0,0.0,0.0,0.0,0.0,0.0,0.0,0.0,0.9140759622418952,0.0,0.7210828696545132,0.4588225821286019,0.2312872465429163,0.4583911450626919,0.8671238090200042,0.0,0.8811201507603252,0.0,0.0,0.0,0.0,0.0,0.0,0.0,0.7574111997876405,0.0,0.0,0.0,0.6604292872499458,0.0,0.0,0.0,0.7077232326218966,0.5601592200759449,0.0,0.0,0.0
0.0,0.0,0.0,0.0,0.1035648606811651,0.0671976644837448,0.2951520074990361,0.0,0.0,0.0300853757715564,0.0,0.1323267999831175,0.4945319412764538,0.2084033454862933,0.0,0.0,0.0,0.0,0.0,0.0,0.0,0.0,0.0,0.0,0.0,0.0,0.0,0.1696194610647494,0.041619939017984,0.0,0.0531798413332555,0.2269567317883153,0.0,0.3385852360860614,0.0399829159244747,0.1602875293715009,0.0,0.0,0.0,0.0,0.0,0.0,0.0,0.0,0.0,0.0,0.0,0.0,0.0,0.0,0.0,0.0,0.0,0.0,0.0,0.0,0.0,0.0,0.0,0.0,0.0,0.0,0.0,0.0,0.0,0.0,0.0,0.0,0.0,0.0,0.0,0.0,0.0,0.0,0.0,0.0
0.0,0.0,0.4580333146485462,0.1035648606811651,0.0,0.0,0.3473825655472311,0.0958130804700512,0.6318471818701299,0.0,0.6112408637720045,0.3955596845712958,0.0862715157432837,0.5735113632855708,0.0,0.0,0.0,0.0,0.1430705506964631,0.362440225719195,0.0,0.2150821831025457,0.0,0.0,0.0,0.054163111268495,0.0459846723399892,0.3604699469122968,0.0,0.0,0.0,0.2503401496961104,0.0,0.0693168688024635,0.0870164974653168,0.1000903138740441,0.0,0.0602370352261108,0.2756154909861066,0.0,0.0,0.0,0.232978940613198,0.0,0.0,0.0,0.0,0.4138348435767642,0.0,0.5527612402041443,0.0,0.0,0.0684191928881457,0.4392741141663979,0.0,0.4892429698876682,0.0,0.0,0.0,0.0,0.0,0.0,0.0,0.1244993762947382,0.0,0.0,0.0,0.0,0.0,0.0,0.0,0.0699120143738883,0.0,0.0,0.0,0.0
0.5066063673101879,0.8885217219400466,0.4634914275678293,0.0671976644837448,0.0,0.0,0.3196860459176362,0.7580121489961651,0.3752532032686906,0.7631726527996453,0.2801853046729998,0.4860877965977728,0.5897666801475818,0.0,0.4455132221215414,0.3142415699814057,0.4724547863903573,0.4678473731920513,0.5646441902382088,0.4413109749503868,0.5559960038382051,0.3662195664749716,0.8952801546953003,0.0,0.7424214695577961,0.7671746037733426,0.6290837990428653,0.3529101162391947,0.6168587090944494,0.0246407439271803,0.4012599955349848,0.0,0.3110783503929497,0.0,0.0,0.3879140569695131,0.2479432931390023,0.334928576273843,0.0,0.0,0.0,0.0,0.0685569939909979,0.0,0.0,0.0,0.6568485092755811,0.4601596717408988,0.0,0.2618246661035737,0.8135846734169382,0.0639882682763255,0.6738389718528659,0.4466046285955078,0.0,0.3670098815156849,0.0,0.3753644116948813,0.0,0.4297948800559125,0.0,0.0,0.0,0.580045315173746,0.2433977332390534,0.4656138276896865,0.1322742596095684,0.7922154281540826,0.0,0.0,0.6240134600534377,0.5544351027430828,0.1982942676188771,0.090570295893944,0.0,0.0
0.0,0.3513698148480792,0.2562823484261152,0.2951520074990361,0.3473825655472311,0.3196860459176362,0.0,0.0462506927068914,0.3324520379421058,0.4875903640510608,0.2354197465716898,0.2290883669222859,0.4408797806994264,0.0455064393492785,0.0,0.3099386914083328,0.421677738041423,0.3478052157679216,0.3586895112994902,0.291977676777356,0.0,0.3576878948364272,0.1040841435097406,0.1946773763458263,0.3634310208039317,0.4082693982361184,0.4165731865029149,0.2014325550507691,0.4564086993282183,0.0,0.1482832430143592,0.0323003833726572,0.1139337397713459,0.0550425907563956,0.0,0.2478500924865806,0.1640487229121973,0.1102761719031141,0.0,0.0,0.0,0.0,0.0447880135311329,0.0,0.0,0.0,0.0,0.2172955890521681,0.0,0.0,0.1444618115828764,0.0,0.010350275217033,0.275140735371129,0.0,0.2377447298102957,0.0,0.0,0.0,0.0,0.0,0.0,0.0,0.3480686775659962,0.0,0.0,0.0,0.1613754269498943,0.0,0.0,0.0,0.3198096649484175,0.0,0.0,0.0,0.0
0.4430940203260874,0.5419958677678842,0.536586816999897,0.0,0.0958130804700512,0.7580121489961651,0.0462506927068914,0.0,0.4758251603089472,0.5232776534099706,0.4472525725306794,0.6477556254788761,0.3249742290402061,0.13993998560688,0.3482704847958241,0.1551379464357273,0.0,0.1855586581134633,0.425380957239716,0.402691636518438,0.4298120273529786,0.2493966022757918,0.8630464790871996,0.6144631669392988,0.6165815676013745,0.6892480551663664,0.3864321715683671,0.2894204112018137,0.2111409489529725,0.2514352601350791,0.4056879987565939,0.0,0.2679632503356815,0.0,0.0,0.2992182575212305,0.1721042934844761,0.0,0.0,0.0,0.0,0.0,0.082113018347399,0.0,0.0,0.0,0.0,0.5671216360576964,0.0,0.321068794671338,0.6451483970944892,0.1125033016895933,0.8954781055619068,0.4453842102569656,0.0,0.4884144008735573,0.0,0.1934939987603633,0.0160653287095743,0.301528403048754,0.0,0.0,0.0,0.4693085356373552,0.3120441012446691,0.3704421582547945,0.0,0.7305526351877443,0.0,0.0,0.0,0.3626695335218943,0.2268154783817364,0.0,0.0,0.0
0.0,0.1425321350694126,0.8648123881281945,0.0,0.6318471818701299,0.3752532032686906,0.3324520379421058,0.4758251603089472,0.0,0.4431560404443598,0.892405703521191,0.4551865443670206,0.0494629022715088,0.2781374664878485,0.0,0.1846807586671913,0.0,0.2458429743291441,0.6715968209317924,0.81365287004046,0.0,0.6954465583299618,0.5202837603556292,0.3629743291210333,0.3959175663591774,0.4278275147889985,0.699470136160165,0.5849393120717096,0.1878740781716366,0.521781850950567,0.422129655414677,0.0,0.0,0.0,0.0,0.3587833785816938,0.3241852581966366,0.3732860003277307,0.0,0.0,0.0,0.0,0.0,0.0,0.0,0.0,0.0,0.8531534598447409,0.0,0.8100239449052284,0.4619397394158407,0.3606016343345764,0.4509338208538138,0.9315397660886616,0.0,0.8924836304873002,0.0,0.0,0.0,0.0,0.0,0.0,0.0,0.7245111981199946,0.0,0.0,0.0,0.5805588918957477,0.0,0.0,0.0,0.6916080489550712,0.5872899530141003,0.0,0.0,0.0
0.7123714590167256,0.0,0.4153874813821003,0.0300853757715564,0.0,0.7631726527996453,0.4875903640510608,0.5232776534099706,0.4431560404443598,0.0,0.3166148466282045,0.4246616124363922,0.5424608640901751,0.0,0.0,0.568019352790151,0.6488653207249971,0.6241097008647262,0.5430500346223754,0.4627856181679739,0.0,0.4509056243706549,0.6613991939738071,0.4108031765255281,0.7479275449737867,0.77794394853744,0.6572748927631548,0.409959214786656,0.7126386989952433,0.0,0.5510567371511803,0.0,0.3529776948252469,0.0,0.0,0.435297017315401,0.3759875615815656,0.3073481413421715,0.0,0.2356494469307428,0.0,0.0,0.0,0.0,0.2906221124939315,0.5627882021983228,0.0,0.0,0.0,0.0,0.0,0.0,0.0,0.0,0.3315939880573544,0.0,0.2249491979157535,0.296045393199918,0.0,0.0,0.0,0.3045863011896463,0.0269059998873928,0.0,0.0,0.0,0.0,0.0,0.0,0.2700683335034027,0.5852424459739102,0.0,0.2087022563999645,0.0,0.0,0.0
0.0,0.0,0.8559458605749631,0.0,0.6112408637720045,0.2801853046729998,0.2354197465716898,0.4472525725306794,0.892405703521191,0.3166148466282045,0.0,0.3932712331429807,0.0,0.3562711357678962,0.0,0.0,0.1313736475565017,0.0,0.6653157897971839,0.0,0.0,0.0,0.4727549371947082,0.3136258129742358,0.0,0.2882874249531694,0.5884916396518199,0.5523547319557167,0.0,0.0,0.3811132241604872,0.0,0.0,0.0,0.0,0.3643923914703831,0.2578389949373343,0.2774243251271548,0.0,0.0,0.0,0.0,0.0,0.0,0.0,0.0,0.0,0.8362324008091769,0.0,0.7650819650242504,0.3832556458392036,0.2351604578817646,0.4030119765751597,0.8429038461175707,0.0,0.92507662881267,0.0,0.0,0.0,0.0,0.0,0.0,0.0,0.7077544945008566,0.0,0.0,0.0,0.5168695954073621,0.0,0.0,0.0,0.6096844431165108,0.5668561293342703,0.0,0.0,0.0
0.1967244281579272,0.0,0.402586970193705,0.1323267999831175,0.3955596845712958,0.4860877965977728,0.2290883669222859,0.6477556254788761,0.4551865443670206,0.4246616124363922,0.3932712331429807,0.0,0.5014029468402247,0.0,0.0,0.0,0.0553641915264261,0.0245383053319789,0.2582319246790569,0.0,0.0244593399069465,0.0,0.4677991708943347,0.6159474613637577,0.429973021638285,0.621767034109221,0.1319121791308547,0.3337182351246034,0.0,0.0,0.1216065186191785,0.2240594678006506,0.3131202771170622,0.0,0.0,0.2869631612278378,0.0734642188268126,0.3800070628015461,0.1047886448431699,0.218821236836712,0.0,0.0406159861468532,0.2867794306578329,0.0,0.2553670111876515,0.0,0.0,0.0,0.0,0.0,0.0,0.0,0.0,0.0,0.0990600342135122,0.0,0.7936864179140173,0.2571905943322241,0.0,0.0,0.0,0.1132705604357133,0.0,0.0,0.0,0.0,0.0,0.0,0.3315172698487288,0.0,0.5254175248744165,0.0,0.3633214344788218,0.0,0.0,0.1635783672375536
0.1585203875178175,0.5892406393367674,0.0807952523684961,0.4945319412764538,0.0862715157432837,0.5897666801475818,0.4408797806994264,0.3249742290402061,0.0494629022715088,0.5424608640901751,0.0,0.5014029468402247,0.0,0.2362225644874832,0.0,0.2802509835000131,0.4394981783895401,0.1892942179872692,0.1076455730633274,0.0577586246451847,0.0746804931574486,0.0485851816657477,0.3120563756550493,0.198936688626999,0.334171990811334,0.5883283404200185,0.0838650351682812,0.4709199471323845,0.339134002591311,0.0,0.229908141629612,0.1364613482591503,0.3702269157867649,0.2646353007339518,0.052540409345154,0.3176304308185719,0.0691890938870682,0.236074204633238,0.0,0.1708945395697764,0.0355331138263629,0.0850577694239037,0.2456080653735559,0.0,0.1658261766506061,0.0,0.0,0.1075586624638983,0.0,0.0,0.2749551621588761,0.345387718119276,0.2354000789810198,0.0,0.0,0.0511277069472615,0.3240601704359729,0.0,0.0,0.0215554795884907,0.0,0.0,0.0,0.0,0.0406947915875352,0.0,0.0,0.2212185266106159,0.0,0.0518279875528034,0.3826141728700605,0.0270601908999856,0.0,0.0,0.0,0.0
0.0,0.0,0.285653735390922,0.2084033454862933,0.5735113632855708,0.0,0.0455064393492785,0.13993998560688,0.2781374664878485,0.0,0.3562711357678962,0.0,0.2362225644874832,0.0,0.0,0.0,0.0,0.0,0.177966158683316,0.0,0.0,0.0,0.0,0.0,0.0,0.0,0.0,0.3560628187294507,0.0,0.0,0.0586404928994324,0.311725819504881,0.0,0.1833351450365264,0.0,0.2591797909190689,0.0,0.0,0.2793785372181803,0.0,0.0,0.0,0.3727345066704988,0.0,0.0,0.0,0.0,0.2385410970917241,0.0,0.0,0.0,0.0,0.0,0.1903871443219972,0.0,0.3202452539294272,0.0,0.0,0.0,0.0,0.0,0.0,0.0,0.0,0.0,0.0,0.0,0.0,0.0,0.0,0.0,0.0,0.0,0.0,0.0,0.0
0.469471619772382,0.2976150215396296,0.0,0.0,0.0,0.4455132221215414,0.0,0.3482704847958241,0.0,0.0,0.0,0.0,0.0,0.0,0.0,0.1876958468876849,0.0,0.3315721865206475,0.0,0.917598525178459,0.618980306734198,0.8766415952422879,0.5914030960200526,0.2339238947774268,0.2776497993736547,0.360575522802055,0.8698352385043078,0.5537239248741154,0.3615114177631853,0.0,0.4092380484515214,0.0,0.0,0.0,0.0,0.3478996450093076,0.0,0.0,0.0,0.0,0.0,0.0,0.0,0.0,0.0,0.0,0.4033181052068489,0.0,0.0,0.0,0.6168240080135176,0.0,0.3372441965183174,0.0,0.0,0.0,0.0,0.0,0.0,0.9736837668414384,0.1544433517049462,0.0,0.0,0.0,0.8002357826023335,0.5546234716476786,0.7400241449255203,0.7050338611390558,0.0,0.1060323199965298,0.3798471899741188,0.9207789967064512,0.5267169867399702,0.2947841361279227,0.0,0.2336235064325235
0.6607998270481759,0.4828951815305941,0.0,0.0,0.0,0.3142415699814057,0.3099386914083328,0.1551379464357273,0.1846807586671913,0.568019352790151,0.0,0.0,0.2802509835000131,0.0,0.1876958468876849,0.0,0.5716005647341931,0.7308313781512261,0.0,0.1139651541675381,0.4816019587746972,0.3164032297420591,0.3158771646708554,0.0,0.4944753781401951,0.4878834674807891,0.3921760257427513,0.2105210139454429,0.633130201438301,0.0,0.5127397176019549,0.0,0.4277641687614308,0.030660124660731,0.0159347583804942,0.0,0.0,0.0,0.0,0.3845360639761809,0.0575798874897121,0.0,0.0,0.0,0.0,0.6212175303014202,0.371773537799021,0.0,0.0,0.0,0.0,0.0,0.0,0.0,0.0,0.0,0.0,0.0,0.0,0.1905797424483082,0.5183443208348688,0.0,0.414035561754268,0.0,0.0,0.4033477246088131,0.1383786917267673,0.4022645600829864,0.0,0.271599027471156,0.3039004650895328,0.3646379438025035,0.0,0.357226533623034,0.0,0.0
0.4779612176139939,0.6270646406608006,0.0,0.0,0.0,0.4724547863903573,0.421677738041423,0.0,0.0,0.6488653207249971,0.1313736475565017,0.0553641915264261,0.4394981783895401,0.0,0.0,0.5716005647341931,0.0,0.545570001237564,0.0,0.4760294142199711,0.0,0.5281489384221056,0.0,0.0544509179397014,0.4113089381542021,0.6544250890381241,0.0,0.4399412186802764,0.6257909858796659,0.0,0.3583933575193798,0.0,0.2839958419651645,0.0,0.0,0.0,0.0,0.0,0.0,0.1617024461001393,0.0,0.0,0.0,0.0,0.0,0.0,0.0,0.0,0.0,0.0,0.0,0.0,0.0,0.0,0.1185484557297486,0.0,0.0,0.0,0.0,0.0,0.0,0.4466111424750021,0.0511686116384255,0.0,0.0,0.0,0.0,0.0,0.0,0.1174128341897904,0.3372778524244744,0.0,0.0,0.0,0.0,0.0
0.5043067743890786,0.6081169263779795,0.0,0.0,0.0,0.4678473731920513,0.3478052157679216,0.1855586581134633,0.2458429743291441,0.6241097008647262,0.0,0.0245383053319789,0.1892942179872692,0.0,0.3315721865206475,0.7308313781512261,0.545570001237564,0.0,0.0,0.2662662418484874,0.4908201823710674,0.392111513937223,0.3085163522532675,0.1262443448259066,0.5905746330213405,0.4619044161464294,0.5411015388210577,0.0824980803481833,0.6474590268819203,0.0,0.3696440870211988,0.0,0.2368228220667468,0.0,0.0,0.0,0.0,0.0,0.0,0.220507107805445,0.0,0.0,0.0,0.0,0.0,0.4167835253668985,0.5211874174091259,0.0,0.0,0.0,0.0,0.0,0.0,0.0,0.2304299895594359,0.0,0.0,0.0,0.0,0.0,0.4400968297947944,0.1982989994400575,0.3674370584883662,0.0,0.0,0.0,0.1444490852870694,0.0,0.0,0.3548361088696364,0.2046764854812112,0.0,0.0,0.0,0.0,0.0
0.0,0.0,0.7305770471941494,0.0,0.1430705506964631,0.5646441902382088,0.3586895112994902,0.425380957239716,0.6715968209317924,0.5430500346223754,0.6653157897971839,0.2582319246790569,0.1076455730633274,0.177966158683316,0.0,0.0,0.0,0.0,0.0,0.0,0.0,0.0,0.5728275304166748,0.0,0.0,0.0,0.6675069638682053,0.3219300185999606,0.0,0.0,0.5016754464407627,0.0,0.0,0.0,0.0,0.4215036005213075,0.3324549734656871,0.3500615775340428,0.0,0.0,0.0,0.0,0.0,0.0,0.0,0.0,0.0,0.6458671545773311,0.0,0.4093245491903731,0.5235178153942027,0.0318767192505515,0.3543808986990114,0.6423821488166395,0.0,0.670164488280623,0.0,0.1321511390098987,0.0641991594801605,0.0,0.0,0.0,0.0,0.9065772047402828,0.0,0.0,0.0,0.5996609574677946,0.0,0.0,0.0,0.6073399199216422,0.0,0.0,0.0,0.0
0.3879340886581806,0.2527495741905096,0.0,0.0,0.362440225719195,0.4413109749503868,0.291977676777356,0.402691636518438,0.81365287004046,0.4627856181679739,0.0,0.0,0.0577586246451847,0.0,0.917598525178459,0.1139651541675381,0.4760294142199711,0.2662662418484874,0.0,0.0,0.4731953324999454,0.9011972915485296,0.5601539428616255,0.0,0.2636197863558507,0.4330570179652265,0.8278758489396332,0.6902837484503134,0.2316621563503744,0.6063710398331794,0.4305924741258103,0.0,0.0,0.0,0.0,0.4148385470372928,0.4579385768137489,0.0,0.0,0.0,0.0,0.0,0.0,0.0,0.0,0.0,0.2454074760849563,0.0,0.0,0.0,0.5954884233325471,0.0,0.3728440231418977,0.0,0.0,0.0,0.0,0.0,0.0,0.9061855336167588,0.0912205706416029,0.0,0.0,0.0,0.9421710222441282,0.3957967971348516,0.8557929335425217,0.6354155173388768,0.0,0.0,0.3836581045975246,0.8793266889723541,0.7084620810911059,0.1708728582811763,0.5318910191628711,0.3401369980527695
0.7468066170424535,0.5250776681629573,0.0,0.0,0.0,0.5559960038382051,0.0,0.4298120273529786,0.0,0.0,0.0,0.0244593399069465,0.0746804931574486,0.0,0.618980306734198,0.4816019587746972,0.0,0.4908201823710674,0.0,0.4731953324999454,0.0,0.5487728277041677,0.594867736427382,0.4167746884741877,0.5372855390314266,0.4711055416366011,0.7118084595676601,0.2296738684597389,0.7497602437739584,0.0,0.6176245401657622,0.0,0.1514480580972831,0.0,0.0,0.0,0.0,0.0,0.0,0.2154540672692908,0.0,0.0,0.0,0.0,0.0,0.7357390939191554,0.7341313858799536,0.0,0.0,0.0,0.7141617499238908,0.0,0.4637256736032875,0.0,0.0,0.0,0.0,0.1678118260468132,0.0,0.5932555598057055,0.3998746009024429,0.0,0.0,0.0,0.2522631368314703,0.891601385144778,0.2815019305001062,0.7531821713660681,0.0,0.4638964788791161,0.6092181064464448,0.7295520390272359,0.1705708506549974,0.6443995671500288,0.0,0.1116537915545068
0.5076771020930739,0.300096629794541,0.0,0.0,0.2150821831025457,0.3662195664749716,0.3576878948364272,0.2493966022757918,0.6954465583299618,0.4509056243706549,0.0,0.0,0.0485851816657477,0.0,0.8766415952422879,0.3164032297420591,0.5281489384221056,0.392111513937223,0.0,0.9011972915485296,0.5487728277041677,0.0,0.4464708262228309,0.0,0.2277198904370767,0.3953913292946398,0.8331073173213835,0.5831404023944665,0.4304389264452716,0.4643267052775407,0.5006154303180768,0.0,0.0,0.0,0.0,0.3875365391983197,0.4573753214401619,0.0,0.0,0.0,0.0,0.0,0.0,0.0,0.0,0.3876661067845982,0.2950969253649219,0.0,0.0,0.0,0.4949839663410537,0.0,0.0,0.0,0.0,0.0,0.0,0.0,0.0,0.8897512913328322,0.3466403442953508,0.0,0.1166413469532677,0.0,0.7957861121867791,0.4672325590296769,0.8585782113589122,0.6044678560035787,0.0,0.0,0.3307953157277309,0.8494787294133176,0.5494342247004053,0.3272365714198942,0.0,0.3230799549812633
0.5956196602391317,0.6659397446758263,0.6383521848904354,0.0,0.0,0.8952801546953003,0.1040841435097406,0.8630464790871996,0.5202837603556292,0.6613991939738071,0.4727549371947082,0.4677991708943347,0.3120563756550493,0.0,0.5914030960200526,0.3158771646708554,0.0,0.3085163522532675,0.5728275304166748,0.5601539428616255,0.594867736427382,0.4464708262228309,0.0,0.4749789549099875,0.6615442363597632,0.6768712276455846,0.6660528334537735,0.4298203671352315,0.5117582801014431,0.2519660063388593,0.5931959188662959,0.0,0.2282559085245049,0.0,0.0,0.3729657662716642,0.3699160323455894,0.4391633577112481,0.0,0.0980217612505825,0.0,0.0,0.0,0.0028347226697648,0.0,0.0,0.5798082043745747,0.6664403563143967,0.0,0.3995799138980007,0.8156070029269716,0.0,0.7795335031982572,0.5919820745563696,0.0,0.572202591045603,0.0,0.1145316908783051,0.0,0.5257816820108827,0.0,0.0,0.0,0.6413436610289446,0.399110110343732,0.5374336332460263,0.2818350371734314,0.9518836044923472,0.0,0.1441325543849039,0.6584167200496033,0.6469156057406661,0.295305871379005,0.112040022382239,0.0679294515554732,0.0
0.3786385777256086,0.0,0.0,0.0,0.0,0.0,0.1946773763458263,0.6144631669392988,0.3629743291210333,0.4108031765255281,0.3136258129742358,0.6159474613637577,0.198936688626999,0.0,0.2339238947774268,0.0,0.0544509179397014,0.1262443448259066,0.0,0.0,0.4167746884741877,0.0,0.4749789549099875,0.0,0.5679650682176569,0.6024545649167831,0.2834934520092689,0.0970345396280872,0.0,0.0,0.2654476911645417,0.0681537177696171,0.2508396842761313,0.0,0.0,0.3499241753683922,0.2164238324663346,0.263475166669878,0.1116463129732827,0.3114280068253963,0.0,0.0,0.0,0.0,0.2953488359242835,0.3381107769707178,0.0,0.0,0.0,0.0,0.0,0.0,0.0,0.0,0.1578832732675254,0.0,0.5494690309569559,0.0,0.0,0.0,0.0,0.0647816229228563,0.0,0.0,0.0,0.0,0.0,0.0,0.6161316462236424,0.1953618284561626,0.6268008511078433,0.0,0.2428179828198095,0.0,0.0,0.2461422099200385
0.5876829355571309,0.7326975246819326,0.0,0.0,0.0,0.7424214695577961,0.3634310208039317,0.6165815676013745,0.3959175663591774,0.7479275449737867,0.0,0.429973021638285,0.334171990811334,0.0,0.2776497993736547,0.4944753781401951,0.4113089381542021,0.5905746330213405,0.0,0.2636197863558507,0.5372855390314266,0.2277198904370767,0.6615442363597632,0.5679650682176569,0.0,0.7833985940668488,0.5281219551025969,0.1051277670547992,0.646148714150685,0.0,0.3835793623780923,0.0,0.4162443170381273,0.0,0.0,0.0,0.0,0.2973417192784119,0.0,0.4499508377157717,0.0,0.0,0.0,0.0,0.0,0.5215010864517594,0.6714255911295223,0.0,0.0,0.0,0.0,0.0,0.0,0.0,0.2879568455434388,0.0,0.2819053255475721,0.363015884959607,0.0,0.2269037407385568,0.1683925195855753,0.2661358425701718,0.0554680814450676,0.0,0.1088425213042461,0.4373275598061805,0.086126530565547,0.6018050045816692,0.1657072637448018,0.5262349661427138,0.6504265307073951,0.0,0.0,0.1890754981261866,0.0,0.0
0.5863252137513856,0.7521476909923474,0.0,0.0,0.054163111268495,0.7671746037733426,0.4082693982361184,0.6892480551663664,0.4278275147889985,0.77794394853744,0.2882874249531694,0.621767034109221,0.5883283404200185,0.0,0.360575522802055,0.4878834674807891,0.6544250890381241,0.4619044161464294,0.0,0.4330570179652265,0.4711055416366011,0.3953913292946398,0.6768712276455846,0.6024545649167831,0.7833985940668488,0.0,0.5077408040029932,0.3842224182327189,0.5051875171932445,0.0,0.3625762111708251,0.0,0.546916722483761,0.0,0.0,0.2760378817304647,0.0,0.3124352344852296,0.0,0.3748419538235598,0.0,0.0,0.0,0.0,0.2416077134183092,0.4626542366020704,0.4054126936696364,0.0,0.0,0.0,0.5390606037986581,0.0,0.0,0.0,0.1668746047562982,0.0,0.4446202251459481,0.2587182024271138,0.0,0.3500444337429888,0.0202730552325199,0.3961310621619481,0.0,0.0,0.3014119577250052,0.3115703061770595,0.2886526010533306,0.5783922644864857,0.0926441387682074,0.0832205963682116,0.6872833715425544,0.4418108381525005,0.2499594885160243,0.0,0.0,0.0
0.6020744537811927,0.5561056021577603,0.6871533052044715,0.0,0.0459846723399892,0.6290837990428653,0.4165731865029149,0.3864321715683671,0.699470136160165,0.6572748927631548,0.5884916396518199,0.1319121791308547,0.0838650351682812,0.0,0.8698352385043078,0.3921760257427513,0.0,0.5411015388210577,0.6675069638682053,0.8278758489396332,0.7118084595676601,0.8331073173213835,0.6660528334537735,0.2834934520092689,0.5281219551025969,0.5077408040029932,0.0,0.4497477414886144,0.6737128552307855,0.2634592877383718,0.446715731887571,0.0,0.0,0.0,0.0,0.3700868726034185,0.499017011740646,0.1985804059793658,0.0,0.0,0.0,0.0,0.0,0.0,0.0,0.0,0.5634647873463201,0.6612943166423583,0.0,0.6539923089990454,0.7257321773414105,0.0096490467900068,0.3467634920396598,0.8427479339637622,0.0,0.6475177856911698,0.0,0.0,0.0,0.835795306285784,0.0,0.0,0.0,0.7662416025898262,0.6224248589893331,0.6266888263704389,0.5667766333426167,0.8100172848858719,0.0,0.0,0.3681954233873302,0.999900656065294,0.372063290725529,0.3922315907141088,0.1950252949968924,0.047192304839673
0.2220643547305356,0.1248813889412721,0.6217108780343499,0.1696194610647494,0.3604699469122968,0.3529101162391947,0.2014325550507691,0.2894204112018137,0.5849393120717096,0.409959214786656,0.5523547319557167,0.3337182351246034,0.4709199471323845,0.3560628187294507,0.5537239248741154,0.2105210139454429,0.4399412186802764,0.0824980803481833,0.3219300185999606,0.6902837484503134,0.2296738684597389,0.5831404023944665,0.4298203671352315,0.0970345396280872,0.1051277670547992,0.3842224182327189,0.4497477414886144,0.0,0.1683613665307173,0.5720288067873761,0.4815456378763762,0.0,0.0163906232465858,0.0331813625484334,0.0,0.521476676116174,0.3595528185013021,0.2964143876319507,0.0,0.0,0.0,0.0,0.0315117925344197,0.0,0.0929918648712323,0.0,0.0,0.5919909025335633,0.0,0.0,0.339590760278628,0.0,0.2132176175669383,0.6895887422938264,0.2476440344707956,0.0,0.352661235484197,0.0,0.0,0.570673109719625,0.0,0.0,0.0,0.0,0.687102569950901,0.2008536468955164,0.5931875453044085,0.4279254214819336,0.0,0.0,0.3433819647481389,0.4997074330719729,0.7958615877469409,0.0679454355723584,0.0,0.2180369576581483
0.6311162178934134,0.7047400715842487,0.0,0.041619939017984,0.0,0.6168587090944494,0.4564086993282183,0.2111409489529725,0.1878740781716366,0.7126386989952433,0.0,0.0,0.339134002591311,0.0,0.3615114177631853,0.633130201438301,0.6257909858796659,0.6474590268819203,0.0,0.2316621563503744,0.7497602437739584,0.4304389264452716,0.5117582801014431,0.0,0.646148714150685,0.5051875171932445,0.6737128552307855,0.1683613665307173,0.0,0.0,0.4966580089998669,0.0,0.2916549016911977,0.0,0.0,0.2279405428885478,0.368246936566156,0.0,0.0,0.3386953453525767,0.0,0.0,0.0,0.0,0.0,0.0,0.7930311837302098,0.2789854569129259,0.0,0.0,0.6402920414559581,0.0,0.214587478813753,0.3229459050228195,0.0,0.0,0.0,0.4196843620369664,0.0,0.3556674615189447,0.0,0.0,0.0,0.0,0.0,0.6681951499877022,0.0746381773756393,0.6589160959301344,0.0,0.0,0.468516688651251,0.6200036649140322,0.0493198072701063,0.6691114008197527,0.0,0.0
0.0,0.0,0.0,0.0,0.0,0.0246407439271803,0.0,0.2514352601350791,0.521781850950567,0.0,0.0,0.0,0.0,0.0,0.0,0.0,0.0,0.0,0.0,0.6063710398331794,0.0,0.4643267052775407,0.2519660063388593,0.0,0.0,0.0,0.2634592877383718,0.5720288067873761,0.0,0.0,0.3425826770172149,0.0,0.0,0.0,0.0,0.0,0.0,0.0,0.0,0.0,0.0,0.0,0.0,0.0,0.0,0.0,0.0,0.0,0.0,0.0,0.0,0.0,0.0,0.0,0.0,0.0,0.0,0.0,0.0,0.0,0.0,0.0,0.0,0.0,0.6659144915939675,0.0,0.0,0.2331781512347816,0.0,0.0,0.0,0.3385620836304719,0.0,0.0,0.0,0.0
0.6140964140752344,0.3313952282469485,0.5277350042059769,0.0531798413332555,0.0,0.4012599955349848,0.1482832430143592,0.4056879987565939,0.422129655414677,0.5510567371511803,0.3811132241604872,0.1216065186191785,0.229908141629612,0.0586404928994324,0.4092380484515214,0.5127397176019549,0.3583933575193798,0.3696440870211988,0.5016754464407627,0.4305924741258103,0.6176245401657622,0.5006154303180768,0.5931959188662959,0.2654476911645417,0.3835793623780923,0.3625762111708251,0.446715731887571,0.4815456378763762,0.4966580089998669,0.3425826770172149,0.0,0.0,0.2025132343233349,0.0373126279422202,0.0,0.4716542243116107,0.3423769100463967,0.3905859544408416,0.0,0.0,0.0,0.0,0.0,0.0,0.0,0.0,0.4867056027202047,0.0,0.0,0.0,0.4858880247718782,0.0,0.3981680824094863,0.0,0.3784741863608798,0.0,0.1071205937173146,0.0,0.0,0.4082028259148842,0.2371443526339599,0.226686032248631,0.3315234088526141,0.0,0.2797749918353113,0.5668031663388794,0.3079903935615069,0.6596746836596253,0.1105985317589959,0.3503854959711138,0.5428583853524975,0.4611187072273566,0.3618095566698012,0.3528477298650915,0.0,0.2468153037509871
0.0,0.0,0.0,0.2269567317883153,0.2503401496961104,0.0,0.0323003833726572,0.0,0.0,0.0,0.0,0.2240594678006506,0.1364613482591503,0.311725819504881,0.0,0.0,0.0,0.0,0.0,0.0,0.0,0.0,0.0,0.0681537177696171,0.0,0.0,0.0,0.0,0.0,0.0,0.0,0.0,0.1738796072951242,0.43346317260969,0.3299552297324301,0.0,0.0,0.0204769841003077,0.8166996103867695,0.2058881041913491,0.5007776309963552,0.3996755488726554,0.4246485405897048,0.1120568242580516,0.0,0.0,0.0,0.0,0.0,0.0,0.0,0.3571974313652448,0.0,0.0,0.0611050368978095,0.0,0.2009471581824856,0.2563513594262649,0.0,0.0,0.1607944346191641,0.0,0.147774658135711,0.0,0.0,0.0,0.0,0.0,0.3115854748622113,0.0,0.0,0.0,0.0,0.0,0.0,0.2469004102453969
0.3213166679231315,0.4485432716895044,0.0,0.0,0.0,0.3110783503929497,0.1139337397713459,0.2679632503356815,0.0,0.3529776948252469,0.0,0.3131202771170622,0.3702269157867649,0.0,0.0,0.4277641687614308,0.2839958419651645,0.2368228220667468,0.0,0.0,0.1514480580972831,0.0,0.2282559085245049,0.2508396842761313,0.4162443170381273,0.546916722483761,0.0,0.0163906232465858,0.2916549016911977,0.0,0.2025132343233349,0.1738796072951242,0.0,0.221530219119767,0.0471318751137659,0.0391979470730321,0.0968399715894947,0.2895604169423741,0.0280973903577235,0.6523691856469495,0.2161002592338855,0.1805737555534662,0.0,0.0,0.1625543732305457,0.3078508322502608,0.2566122340866866,0.0,0.0,0.0,0.0,0.0,0.0,0.0,0.1556134281247464,0.0,0.0896368061410821,0.0,0.0,0.0,0.1305846568272353,0.3640488984722611,0.0555532868903731,0.0,0.0,0.0364532457408786,0.0,0.1750173088860312,0.0996464556260129,0.1368749443942507,0.4182654626016365,0.0,0.0,0.0,0.0,0.0
0.0,0.0,0.0,0.3385852360860614,0.0693168688024635,0.0,0.0550425907563956,0.0,0.0,0.0,0.0,0.0,0.2646353007339518,0.1833351450365264,0.0,0.030660124660731,0.0,0.0,0.0,0.0,0.0,0.0,0.0,0.0,0.0,0.0,0.0,0.0331813625484334,0.0,0.0,0.0373126279422202,0.43346317260969,0.221530219119767,0.0,0.2554108956593175,0.0,0.0,0.0720632524255668,0.2549776638360146,0.1423763577725039,0.5502220333815868,0.3565372340517408,0.2167234184529815,0.0519087257030673,0.0377237613181788,0.0,0.0,0.0,0.0,0.0,0.0,0.2296413005424686,0.0,0.0,0.1875258533908056,0.0,0.0,0.2052538936022081,0.0,0.0,0.0,0.0925908995008772,0.2088314515684029,0.0,0.0,0.0,0.0,0.0,0.0,0.0,0.0,0.0,0.0,0.0,0.0,0.0
0.0,0.0,0.0,0.0399829159244747,0.0870164974653168,0.0,0.0,0.0,0.0,0.0,0.0,0.0,0.052540409345154,0.0,0.0,0.0159347583804942,0.0,0.0,0.0,0.0,0.0,0.0,0.0,0.0,0.0,0.0,0.0,0.0,0.0,0.0,0.0,0.3299552297324301,0.0471318751137659,0.2554108956593175,0.0,0.0,0.0,0.0,0.413259308586221,0.1490044376697218,0.3466906646956168,0.2430060902164222,0.1000945260063829,0.0461565020878434,0.0149108478053467,0.0,0.0,0.0,0.0,0.0,0.0,0.0,0.0,0.0,0.0,0.0,0.0,0.0119799169561997,0.0,0.0,0.0763200121945358,0.0,0.0,0.0,0.0,0.0,0.0,0.0,0.0,0.0,0.0,0.0,0.0,0.0,0.0,0.0
0.0,0.0,0.4281337881541615,0.1602875293715009,0.1000903138740441,0.3879140569695131,0.2478500924865806,0.2992182575212305,0.3587833785816938,0.435297017315401,0.3643923914703831,0.2869631612278378,0.3176304308185719,0.2591797909190689,0.3478996450093076,0.0,0.0,0.0,0.4215036005213075,0.4148385470372928,0.0,0.3875365391983197,0.3729657662716642,0.3499241753683922,0.0,0.2760378817304647,0.3700868726034185,0.521476676116174,0.2279405428885478,0.0,0.4716542243116107,0.0,0.0391979470730321,0.0,0.0,0.0,0.4607196790393744,0.2606567660418543,0.0,0.0,0.0,0.0,0.1387442765252205,0.1884181154597187,0.153410739321231,0.0,0.0,0.4182136180463407,0.0,0.3052441297090096,0.3414404663516347,0.0449860868580981,0.2583878833812124,0.4324296974988453,0.0,0.4146426043037534,0.3087433233493974,0.0203237161147985,0.0,0.0,0.0,0.0,0.0,0.3548683143527175,0.3032276659456473,0.0,0.2475451972390255,0.3854317114446042,0.0,0.0,0.0,0.3508323125855626,0.4432416469036443,0.0725080574718231,0.0,0.0
0.0,0.0,0.3353683979295827,0.0,0.0,0.2479432931390023,0.1640487229121973,0.1721042934844761,0.3241852581966366,0.3759875615815656,0.2578389949373343,0.0734642188268126,0.0691890938870682,0.0,0.0,0.0,0.0,0.0,0.3324549734656871,0.4579385768137489,0.0,0.4573753214401619,0.3699160323455894,0.2164238324663346,0.0,0.0,0.499017011740646,0.3595528185013021,0.368246936566156,0.0,0.3423769100463967,0.0,0.0968399715894947,0.0,0.0,0.4607196790393744,0.0,0.218365779410388,0.0,0.0,0.0,0.0,0.0,0.0,0.0,0.0,0.0,0.0,0.0,0.0,0.0,0.0,0.0,0.0,0.0,0.0,0.0,0.0,0.0,0.0,0.0,0.0,0.0,0.0,0.0,0.0,0.0,0.4171961210936201,0.0,0.0,0.0,0.0,0.0,0.0,0.0,0.0
0.3730013946599896,0.0,0.0,0.0,0.0602370352261108,0.334928576273843,0.1102761719031141,0.0,0.3732860003277307,0.3073481413421715,0.2774243251271548,0.3800070628015461,0.236074204633238,0.0,0.0,0.0,0.0,0.0,0.3500615775340428,0.0,0.0,0.0,0.4391633577112481,0.263475166669878,0.2973417192784119,0.3124352344852296,0.1985804059793658,0.2964143876319507,0.0,0.0,0.3905859544408416,0.0204769841003077,0.2895604169423741,0.0720632524255668,0.0,0.2606567660418543,0.218365779410388,0.0,0.0,0.1419583699579849,0.0,0.001483764326551,0.0,0.0,0.4845257423255912,0.0,0.0,0.0,0.0,0.0,0.0,0.0,0.0,0.0,0.2702145161477488,0.0,0.3221083852803997,0.0,0.0,0.0,0.0,0.0,0.0,0.0,0.0,0.0,0.0,0.0,0.0627631235877643,0.1865433853672612,0.3917594466276328,0.0,0.1614522154947252,0.0,0.0,0.0
0.0,0.0,0.0,0.0,0.2756154909861066,0.0,0.0,0.0,0.0,0.0,0.0,0.1047886448431699,0.0,0.2793785372181803,0.0,0.0,0.0,0.0,0.0,0.0,0.0,0.0,0.0,0.1116463129732827,0.0,0.0,0.0,0.0,0.0,0.0,0.0,0.8166996103867695,0.0280973903577235,0.2549776638360146,0.413259308586221,0.0,0.0,0.0,0.0,0.2478151620568442,0.514941609862773,0.392618506450048,0.3676336751582114,0.1255291150987957,0.0,0.0,0.0,0.0,0.327688907302164,0.0,0.0,0.2868469055093809,0.0,0.0,0.0,0.0,0.1346871144967245,0.1818795504265141,0.4081417869468504,0.0,0.2134625976450684,0.0,0.1635624015716991,0.0,0.0,0.0,0.0,0.0,0.4099653186261901,0.0,0.0,0.0,0.0,0.0,0.1787916444167046,0.3757985934439669
0.3743080701751675,0.4076535300227086,0.0,0.0,0.0,0.0,0.0,0.0,0.0,0.2356494469307428,0.0,0.218821236836712,0.1708945395697764,0.0,0.0,0.3845360639761809,0.1617024461001393,0.220507107805445,0.0,0.0,0.2154540672692908,0.0,0.0980217612505825,0.3114280068253963,0.4499508377157717,0.3748419538235598,0.0,0.0,0.3386953453525767,0.0,0.0,0.2058881041913491,0.6523691856469495,0.1423763577725039,0.1490044376697218,0.0,0.0,0.1419583699579849,0.2478151620568442,0.0,0.3107227653342431,0.1615626578038326,0.0946688060723965,0.0,0.1231240513723613,0.3909281744530622,0.4103787324604008,0.0,0.0,0.0,0.2635649257114635,0.0905014042732436,0.231476870454345,0.0,0.2108059628748592,0.0,0.0698818593019386,0.5023281110073083,0.0,0.0,0.3978583833028024,0.3897601430399069,0.2006207101235056,0.0420047453925447,0.0,0.1631817860126194,0.0,0.104811733685352,0.2903874219889338,0.3565354782961549,0.4818380994258645,0.0,0.0,0.2625751205587571,0.0,0.0640643509458161
0.0,0.0,0.0,0.0,0.0,0.0,0.0,0.0,0.0,0.0,0.0,0.0,0.0355331138263629,0.0,0.0,0.0575798874897121,0.0,0.0,0.0,0.0,0.0,0.0,0.0,0.0,0.0,0.0,0.0,0.0,0.0,0.0,0.0,0.5007776309963552,0.2161002592338855,0.5502220333815868,0.3466906646956168,0.0,0.0,0.0,0.514941609862773,0.3107227653342431,0.0,0.296776438114976,0.1349110470725313,0.0961597894932057,0.0,0.0,0.0,0.0,0.1613413909543798,0.0,0.0,0.1986035030932958,0.0,0.0,0.0,0.0,0.0,0.106374655350993,0.3774801171660517,0.0,0.2948433905345815,0.1897751628394461,0.2085992743815801,0.0,0.0,0.0,0.0223258317275082,0.0,0.0141490121926783,0.0,0.0,0.0,0.0,0.0433166158245103,0.0382875047994971,0.2651989806700395
0.0,0.0,0.0,0.0,0.0,0.0,0.0,0.0,0.0,0.0,0.0,0.0406159861468532,0.0850577694239037,0.0,0.0,0.0,0.0,0.0,0.0,0.0,0.0,0.0,0.0,0.0,0.0,0.0,0.0,0.0,0.0,0.0,0.0,0.3996755488726554,0.1805737555534662,0.3565372340517408,0.2430060902164222,0.0,0.0,0.001483764326551,0.392618506450048,0.1615626578038326,0.296776438114976,0.0,0.1424797722015787,0.0,0.0,0.0,0.0,0.0,0.2524727727157335,0.0,0.0,0.1503195266651731,0.0,0.0,0.1095760409055748,0.0,0.0,0.1782065801216061,0.0,0.0,0.0,0.0419084796157237,0.1051236890477079,0.0,0.0,0.0,0.0,0.0,0.1438305379959117,0.0310073908303387,0.0,0.0,0.0,0.0,0.0,0.0034500449214586
0.0,0.0,0.0,0.0,0.232978940613198,0.0685569939909979,0.0447880135311329,0.082113018347399,0.0,0.0,0.0,0.2867794306578329,0.2456080653735559,0.3727345066704988,0.0,0.0,0.0,0.0,0.0,0.0,0.0,0.0,0.0,0.0,0.0,0.0,0.0,0.0315117925344197,0.0,0.0,0.0,0.4246485405897048,0.0,0.2167234184529815,0.1000945260063829,0.1387442765252205,0.0,0.0,0.3676336751582114,0.0946688060723965,0.1349110470725313,0.1424797722015787,0.0,0.3517126861347257,0.0,0.0,0.0,0.0,0.4551257072577558,0.0,0.0,0.3431918886056283,0.0886527918764605,0.0,0.1276329041945429,0.0,0.3313517324816028,0.364503963555,0.4870201730744266,0.0,0.0,0.0,0.0,0.0,0.0,0.0,0.0,0.0,0.1742043890313926,0.0,0.083115818778607,0.0,0.2090482032615817,0.0,0.0,0.0
0.0,0.0,0.0,0.0,0.0,0.0,0.0,0.0,0.0,0.0,0.0,0.0,0.0,0.0,0.0,0.0,0.0,0.0,0.0,0.0,0.0,0.0,0.0028347226697648,0.0,0.0,0.0,0.0,0.0,0.0,0.0,0.0,0.1120568242580516,0.0,0.0519087257030673,0.0461565020878434,0.1884181154597187,0.0,0.0,0.1255291150987957,0.0,0.0961597894932057,0.0,0.3517126861347257,0.0,0.0,0.0,0.0,0.0046033072516509,0.1436766319348018,0.0,0.0,0.0892768014886761,0.0,0.0,0.0,0.0156795738138296,0.0346310929304493,0.1093324966762654,0.1288135104059228,0.0,0.0,0.0,0.0,0.0,0.0,0.0,0.0,0.0,0.0,0.0,0.0,0.0,0.357109907306305,0.0,0.0,0.2181421687364459
0.0,0.0,0.0,0.0,0.0,0.0,0.0,0.0,0.0,0.2906221124939315,0.0,0.2553670111876515,0.1658261766506061,0.0,0.0,0.0,0.0,0.0,0.0,0.0,0.0,0.0,0.0,0.2953488359242835,0.0,0.2416077134183092,0.0,0.0929918648712323,0.0,0.0,0.0,0.0,0.1625543732305457,0.0377237613181788,0.0149108478053467,0.153410739321231,0.0,0.4845257423255912,0.0,0.1231240513723613,0.0,0.0,0.0,0.0,0.0,0.3051570653727604,0.0,0.0,0.0,0.1649606971087677,0.2966967767642656,0.0455852705525456,0.0,0.2047524447107643,0.2742264072642105,0.2662976872516078,0.21412892457101,0.168467524917483,0.0,0.0,0.0,0.0,0.0541388834614922,0.2787236461563995,0.0,0.0,0.0,0.3847216108186811,0.1215369110216798,0.2211279812596729,0.3527632075587155,0.1143477390950965,0.0,0.0,0.0,0.0
0.7424370170323418,0.4184025558343066,0.0,0.0,0.0,0.0,0.0,0.0,0.0,0.5627882021983228,0.0,0.0,0.0,0.0,0.0,0.6212175303014202,0.0,0.4167835253668985,0.0,0.0,0.7357390939191554,0.3876661067845982,0.0,0.3381107769707178,0.5215010864517594,0.4626542366020704,0.0,0.0,0.0,0.0,0.0,0.0,0.3078508322502608,0.0,0.0,0.0,0.0,0.0,0.0,0.3909281744530622,0.0,0.0,0.0,0.0,0.3051570653727604,0.0,0.6097496784920015,0.0,0.0,0.0,0.6002053198061629,0.0,0.4522793954258292,0.0,0.0,0.0,0.1154526907756242,0.338256976786734,0.0,0.3541918328795204,0.4991277232802643,0.0,0.4242241614373953,0.0,0.0846796993193812,0.7647885681773795,0.1933231331835606,0.629869251502976,0.2075974147175796,0.4843796906914915,0.6838308841176667,0.428303046773375,0.1495329131286908,0.5528598133304448,0.0,0.2067229528252532
0.6038102356392476,0.6846338355365449,0.0,0.0,0.0,0.6568485092755811,0.0,0.0,0.0,0.0,0.0,0.0,0.0,0.0,0.4033181052068489,0.371773537799021,0.0,0.5211874174091259,0.0,0.2454074760849563,0.7341313858799536,0.2950969253649219,0.5798082043745747,0.0,0.6714255911295223,0.4054126936696364,0.5634647873463201,0.0,0.7930311837302098,0.0,0.4867056027202047,0.0,0.2566122340866866,0.0,0.0,0.0,0.0,0.0,0.0,0.4103787324604008,0.0,0.0,0.0,0.0,0.0,0.6097496784920015,0.0,0.0,0.0,0.0,0.8230697868849934,0.0,0.5068133901631284,0.2841048099890394,0.3882395420635507,0.0,0.0,0.5218270830735819,0.0,0.315319766238898,0.3909839141568382,0.1610198881789608,0.3942085616825363,0.0,0.0,0.6739726105416017,0.0,0.6999672441012861,0.0,0.7657822489759828,0.6837395563327686,0.5333325459467105,0.0,0.5782538931171373,0.0,0.0
0.0,0.0,0.9140759622418952,0.0,0.4138348435767642,0.4601596717408988,0.2172955890521681,0.5671216360576964,0.8531534598447409,0.0,0.8362324008091769,0.0,0.1075586624638983,0.2385410970917241,0.0,0.0,0.0,0.0,0.6458671545773311,0.0,0.0,0.0,0.6664403563143967,0.0,0.0,0.0,0.6612943166423583,0.5919909025335633,0.2789854569129259,0.0,0.0,0.0,0.0,0.0,0.0,0.4182136180463407,0.0,0.0,0.0,0.0,0.0,0.0,0.0,0.0046033072516509,0.0,0.0,0.0,0.0,0.0,0.7199350296600621,0.5622731164555813,0.2548773984256954,0.5580821826785146,0.8595270893412498,0.2640189610835395,0.9181326057283974,0.4102631053623314,0.0500183584368341,0.0,0.0,0.0,0.0,0.0,0.7314323615702937,0.0,0.5205250896050911,0.0,0.732137155891079,0.0,0.2321975986060055,0.5007025335378362,0.6933012761865993,0.5424952759356431,0.2002987367686363,0.2795461544570558,0.2343731273935674
0.0,0.0,0.0,0.0,0.0,0.0,0.0,0.0,0.0,0.0,0.0,0.0,0.0,0.0,0.0,0.0,0.0,0.0,0.0,0.0,0.0,0.0,0.0,0.0,0.0,0.0,0.0,0.0,0.0,0.0,0.0,0.0,0.0,0.0,0.0,0.0,0.0,0.0,0.327688907302164,0.0,0.1613413909543798,0.2524727727157335,0.4551257072577558,0.1436766319348018,0.0,0.0,0.0,0.0,0.0,0.0,0.0,0.3677476627646556,0.018405570105958,0.0,0.0,0.0,0.0,0.5039975509168001,0.7108501353062328,0.0,0.0,0.0,0.0,0.0,0.0,0.0,0.0,0.0,0.0,0.0,0.0,0.0,0.0,0.0,0.0,0.0
