0.0,0.6789071080767672,0.0,0.0,0.0,0.649300102180849,0.0,0.5020859311192654,0.0,0.0,0.0,0.0,0.6039266671004416,0.0,0.6152139123299264,0.7472019317984567,0.3204040038037473,0.6797483434614527,0.0,0.7249568486802258,0.7502141820968261,0.7977183547707449,0.5786693273683634,0.5131340472040755,0.8020515854743309,0.717003199722745,0.7472325288847387,0.7004693819178881,0.6755105461915053,0.0,0.6167832265633661,0.2178267729665004,0.6083710857950559,0.2342991323482527,0.0,0.0,0.0,0.444964474204494,0.074211571391841,0.5312764320465991,0.3738689666854735,0.0,0.0,0.0,0.0,0.8037563245275722,0.728369355758299,0.0,0.0,0.0,0.0,0.0,0.0,0.0,0.0,0.0,0.0,0.0,0.0,0.0,0.6770704642231269,0.0,0.3281837939924858,0.0,0.0,0.6541574424308578,0.774851486652266,0.0,0.3938417903505826,0.5494900791935947,0.8122325394058031,0.0,0.0,0.0,0.0,0.3382138863130379
0.6789071080767672,0.0,0.0,0.0,0.5152581447330523,0.7782102246215576,0.4765012809655614,0.6203540241021993,0.5846586091856943,0.0,0.0,0.0,0.800087342188193,0.0,0.4430158917996615,0.805046769264484,0.5066465355334875,0.845722080438473,0.0,0.4782969914250771,0.608612664263403,0.6292519912702094,0.6428716080825677,0.0,0.8767253832550987,0.8920786098121308,0.6898265223565502,0.6115483400605927,0.481049005527069,0.0,0.5813806395197471,0.3275538365518617,0.6274051679889776,0.3388900921692729,0.0,0.0,0.0,0.0,0.1615969350649817,0.5012913355207266,0.4357128782308888,0.0,0.0,0.0,0.0,0.5068612396117165,0.8061738752165151,0.0,0.0,0.0,0.681197919258886,0.0,0.0,0.0,0.0,0.0,0.0,0.0,0.0,0.3544350285980229,0.5507740901940686,0.0,0.4582392998891151,0.0,0.4453281414008269,0.4507208669184564,0.5767254293270999,0.5130663428319902,0.0,0.678004772498251,0.8071578894700614,0.5202196685042481,0.0,0.2515430542392239,0.0,0.2054290821461542
0.0,0.0,0.0,0.0,0.4224640270864541,0.5796040814143045,0.3300285355469562,0.7459922860405825,0.7280334641713287,0.1793616585398803,0.8560968183564939,0.0938158916864073,0.5681170198744041,0.0290802188308422,0.0,0.0,0.0,0.0,0.755356238387878,0.0,0.0,0.0,0.830671758771424,0.0,0.0,0.0,0.7179932148444542,0.5069747486311097,0.0,0.0,0.4045593807647383,0.3745381191353639,0.4664045047684141,0.1887672516072986,0.0,0.1146080688099718,0.1731287626370565,0.0,0.2939637409954353,0.0,0.1104833820341913,0.0,0.3822699188774796,0.0,0.0,0.0,0.0,0.4834320719842463,0.0,0.5387241276822233,0.6088778073675425,0.3197943031733063,0.5325983348902082,0.5252685677524696,0.0,0.5915572980491043,0.0,0.477545031518836,0.0835408338950719,0.0,0.0,0.0,0.0,0.4678943765313572,0.0,0.0,0.0,0.6275590627637817,0.0,0.0,0.0,0.5487039937665052,0.4192010187914627,0.0,0.0,0.0
0.0,0.0,0.0,0.0,0.3563966219383176,0.0,0.365996953989922,0.0,0.0,0.2549548817700094,0.0603909190838327,0.2004033933440534,0.1034270392153125,0.0066320066627906,0.0,0.0,0.0,0.0,0.0,0.0,0.0,0.0,0.0,0.0,0.0,0.0,0.0,0.0413293838366254,0.0,0.0,0.1813322312553724,0.1692412730976945,0.0,0.2634392695649337,0.2230556624871558,0.1551112083471221,0.244959937033579,0.1152710104657629,0.0,0.0,0.0,0.0,0.0,0.0,0.0,0.0,0.0,0.0,0.0,0.0,0.0,0.0,0.0,0.0,0.0,0.0,0.0,0.0,0.0,0.0,0.0,0.0,0.0,0.0,0.0,0.0,0.0,0.0,0.0,0.0,0.0,0.0,0.0,0.0,0.0,0.0
0.0,0.5152581447330523,0.4224640270864541,0.3563966219383176,0.0,0.1624666974049336,0.8349054263345635,0.3624165752629019,0.4855498503471967,0.579269336004155,0.6882714863686286,0.3397996743147217,0.4965033266677446,0.0,0.0,0.3779205444345253,0.0,0.0,0.4591390233429238,0.0883004573055774,0.0,0.415649145240241,0.3232492331163012,0.0,0.5467370033563158,0.5238190111933922,0.3004074743054437,0.3525819563952665,0.0768521568058482,0.0,0.5791778960966738,0.6645667261987857,0.4896367172781216,0.4477708196832263,0.347482084065522,0.0395035245876425,0.0646691003198146,0.308570206907835,0.5416542980592475,0.0,0.0,0.0,0.1492188301770075,0.0,0.0,0.0,0.0,0.469342392363201,0.0,0.6218637125917388,0.4183631554679795,0.0,0.4341019161698768,0.4883821320558321,0.0,0.4537707647954799,0.0,0.0,0.0,0.0,0.0,0.0,0.0,0.415522363389494,0.0,0.0,0.0,0.2697136927523451,0.0,0.0,0.0,0.1641179377862577,0.0,0.0,0.0,0.0
0.649300102180849,0.7782102246215576,0.5796040814143045,0.0,0.1624666974049336,0.0,0.0949737982971428,0.6593489971667241,0.652558391338157,0.0,0.3729713838755759,0.0,0.7851931016449054,0.3920672038781668,0.3431681733384661,0.6753318761313349,0.0636013436108417,0.7554408295236407,0.5031092314476562,0.7059122182060367,0.5007556448952053,0.5459421091307289,0.791748889552573,0.0,0.7115477636877162,0.7633055712259208,0.7988261332060997,0.6879595254918867,0.654735654862728,0.291578539845122,0.1940451034552391,0.0,0.2444188733543582,0.0,0.0,0.387586785963369,0.2418576625202249,0.3090681325978119,0.0,0.0,0.1568976371192691,0.0,0.2860048619884638,0.0,0.0,0.0,0.7159522560735699,0.1858404869625812,0.0,0.0749703292780454,0.6040057687545739,0.0,0.5606328352690355,0.1707425140453169,0.0,0.2175034317506459,0.0,0.2483104483850964,0.0,0.4013667040582399,0.0,0.0,0.0,0.0,0.451947279088349,0.2954311308812142,0.3601138128950715,0.749640825693188,0.0,0.0,0.6988168583326008,0.5416727730853826,0.0811162407505777,0.0,0.0,0.0
0.0,0.4765012809655614,0.3300285355469562,0.365996953989922,0.8349054263345635,0.0949737982971428,0.0,0.4006340328686419,0.4813938910492182,0.7915462214253832,0.6099133403198606,0.6225472175840723,0.5526790601390155,0.0,0.0,0.2747087981720554,0.7351812744671062,0.4409797970493064,0.3433834648626636,0.0,0.0,0.3271553780940021,0.2518264350824907,0.3519594004304838,0.4682959851138535,0.4013631183915059,0.2035040688541607,0.3104716482446477,0.0246040349692103,0.0,0.6423849806748748,0.7426965735298473,0.4999764365947843,0.5874874771454168,0.5057017954370371,0.0,0.1506746192399043,0.4651835376277864,0.6065606857108661,0.0,0.2569107257518759,0.0,0.2637762094869408,0.0,0.0,0.0,0.0,0.5276436770921112,0.0,0.0,0.5022508984783578,0.0,0.4460218377300557,0.5939647655996497,0.0,0.5049331079587841,0.0,0.0,0.0,0.0,0.0,0.0,0.0,0.5072546054153747,0.0,0.0,0.0,0.2071006384108896,0.0,0.0,0.0,0.1213129519248673,0.0,0.0,0.0,0.0
0.5020859311192654,0.6203540241021993,0.7459922860405825,0.0,0.3624165752629019,0.6593489971667241,0.4006340328686419,0.0,0.6158152197324943,0.267105698864801,0.6370319349270741,0.4217883602707011,0.7259711430591272,0.0684429738957314,0.2927062029668352,0.3883206891937863,0.0,0.6030952764385288,0.545337373706762,0.3540023259607274,0.4925447746247822,0.435842904982802,0.8670679000077547,0.5900899956055033,0.6070794009627539,0.7017584692398,0.5124587888615841,0.4843626701181631,0.1701696632966134,0.3823582975896326,0.3135679717955165,0.3818212345400923,0.4536191603667048,0.2514838784239186,0.0226416445099097,0.1155207424820059,0.144233411386019,0.0,0.2350725276277032,0.0,0.1192751808254304,0.0,0.4644524674076748,0.0,0.0,0.0,0.0,0.2987911739976839,0.0,0.4999660146026572,0.711907050783468,0.3743167259503029,0.7017487351499294,0.3937437945616194,0.0,0.4035628003529414,0.0,0.612582789991221,0.0674136457018315,0.0608070481794517,0.0,0.0,0.0,0.2817690321403027,0.4066711805013464,0.2395743395130531,0.0,0.695344092507766,0.0,0.0,0.0,0.2738646463582965,0.4178775880173704,0.1132393984052675,0.0,0.1024332734261058
0.0,0.5846586091856943,0.7280334641713287,0.0,0.4855498503471967,0.652558391338157,0.4813938910492182,0.6158152197324943,0.0,0.1479605646713213,0.7323806928923515,0.2398768015659046,0.7167173012969352,0.0,0.0,0.5337622663593423,0.0,0.6952167985183546,0.6178041804084787,0.6739348358000845,0.0,0.7521012833165562,0.6715562055244777,0.2511028954424661,0.6924978414978213,0.5968062795102815,0.7618218157237836,0.7390022404569487,0.5134255353901254,0.5419686364423193,0.5485707849522379,0.4443584891812741,0.3385556722375605,0.2138861986883961,0.0597280837383847,0.0639117068619426,0.3034925131469801,0.5299690503376459,0.2229517007355132,0.0,0.2085451333226788,0.0,0.3292647253113511,0.0,0.0,0.0,0.0,0.7462260655071524,0.0,0.6130321900793162,0.6245629968353708,0.3759205362591472,0.560102837304101,0.6987158915472658,0.0,0.6720034600180174,0.0,0.5497071237317559,0.0180995375413149,0.0,0.0,0.0,0.0,0.4141335163238911,0.0,0.0,0.0,0.6633796091133953,0.0,0.0,0.0,0.4809163613084256,0.5141869605798169,0.0,0.0,0.0
0.0,0.0,0.1793616585398803,0.2549548817700094,0.579269336004155,0.0,0.7915462214253832,0.267105698864801,0.1479605646713213,0.0,0.4786721894156479,0.8016579519632815,0.3029993306298619,0.0,0.0,0.0686714131812444,0.9115017501390092,0.2293074605847456,0.1202058130809903,0.0,0.0,0.1404542492106094,0.0257813812382061,0.3854004256919039,0.238938578078882,0.2597005493714973,0.0,0.0756947273836657,0.0,0.0,0.5810976217591365,0.8694314300234988,0.4892423686798464,0.7256573056944866,0.7287880589842868,0.0,0.0496932208549298,0.4596130416462141,0.8327729846037452,0.19105577877802,0.2403751625399527,0.0278583994540224,0.0,0.0,0.5106562997125415,0.1918798027664886,0.0,0.0,0.0,0.0,0.0,0.0,0.0,0.0,0.9806646053381188,0.0,0.7892687208953106,0.7457139369931378,0.0,0.0,0.0,0.8931324771374064,0.6252112687582018,0.0,0.0,0.0,0.0,0.0,0.4731938613915651,0.5360831128163477,0.224878726992718,0.0,0.7924762563157712,0.0,0.0,0.5369023546309744
0.0,0.0,0.8560968183564939,0.0603909190838327,0.6882714863686286,0.3729713838755759,0.6099133403198606,0.6370319349270741,0.7323806928923515,0.4786721894156479,0.0,0.2608521881146159,0.577531462002572,0.0,0.0,0.0,0.6525347719563968,0.0,0.6700455426304464,0.0,0.0,0.0,0.5986695211487113,0.5014102233219571,0.0,0.6045639486559794,0.5173207654201228,0.514737403709172,0.0,0.0,0.6026333358840587,0.6997853157408406,0.6090385079432069,0.4552371882909548,0.3014969619845962,0.1255705765124794,0.2296748456705367,0.5320439094046877,0.5681828736544723,0.0,0.0,0.0,0.3860355684955352,0.0,0.0,0.0,0.0,0.6448743903128764,0.0,0.7760962766030786,0.6464137692290834,0.6218858090751422,0.5341798154613729,0.664648074365464,0.0,0.6933500431902914,0.0,0.6577580959699159,0.0,0.0,0.0,0.0,0.0,0.5889205303944074,0.0,0.0,0.0,0.4433432910915419,0.0,0.0,0.0,0.3469614134477248,0.5989319772057982,0.0,0.0,0.0
0.0,0.0,0.0938158916864073,0.2004033933440534,0.3397996743147217,0.0,0.6225472175840723,0.4217883602707011,0.2398768015659046,0.8016579519632815,0.2608521881146159,0.0,0.460443753365008,0.0,0.0,0.0,0.6828238918981826,0.2379091461999242,0.0755622030088698,0.0,0.0,0.0,0.1725951260976792,0.3505167566265211,0.0854083538954262,0.2733017067146934,0.0,0.231288834220302,0.0,0.0,0.4257862795718334,0.6673725066363833,0.2105370636767868,0.5715677491146238,0.6491609279371695,0.0,0.0748621868219427,0.4552802830212654,0.4987782760075909,0.0,0.1657364416702393,0.0,0.3473605065310986,0.0,0.2942938067527366,0.0,0.0,0.0,0.0,0.0,0.0,0.0,0.0,0.0,0.7573654800357276,0.0,0.9137485703958964,0.6752358177358061,0.0,0.0,0.0,0.7190028372549548,0.3822758786425029,0.0,0.0,0.0,0.0,0.0,0.2907233992601266,0.3922855313785353,0.1934671345058974,0.0,0.6894821574831643,0.0,0.0,0.1840714066923751
0.6039266671004416,0.800087342188193,0.5681170198744041,0.1034270392153125,0.4965033266677446,0.7851931016449054,0.5526790601390155,0.7259711430591272,0.7167173012969352,0.3029993306298619,0.577531462002572,0.460443753365008,0.0,0.0,0.3353965326613487,0.727836138299085,0.5975491216872085,0.9030869323445402,0.4649190428930425,0.5215185043005199,0.500325967894165,0.6060091108239448,0.6852635995810926,0.4787030496268107,0.7193589029494094,0.8503432972974244,0.5630176889884859,0.798345136929126,0.4277539444973484,0.5273549547434598,0.5546702576190796,0.4470087553541106,0.497664236317955,0.4003676370625453,0.1607525617611563,0.1529683143517544,0.2651795208339998,0.5940276899675512,0.1878573677674745,0.3142128937470765,0.2974748153580605,0.0,0.4351312585572305,0.0,0.1507922193096177,0.0,0.0,0.4133239539071208,0.0,0.0,0.7255531578033635,0.38246416353303,0.6132567746056915,0.0,0.0,0.4402363357945026,0.5055174570967417,0.0,0.0,0.1371143699878379,0.0,0.0,0.0,0.0,0.3419754155492571,0.0,0.494737041086876,0.5922881425950421,0.0,0.5974893532114792,0.7820772500867121,0.2716750431718084,0.0,0.1184886321678099,0.0,0.0
0.0,0.0,0.0290802188308422,0.0066320066627906,0.0,0.3920672038781668,0.0,0.0684429738957314,0.0,0.0,0.0,0.0,0.0,0.0,0.0,0.0,0.0,0.0,0.0,0.0,0.2645167473277052,0.0,0.1783156945615916,0.0,0.0,0.0,0.3183593906313827,0.1419963824792822,0.0,0.0,0.0,0.0,0.0,0.0,0.0,0.348039852662013,0.1630116403480215,0.0,0.0,0.0,0.0,0.0,0.2298691103669241,0.0,0.0,0.0,0.0,0.0,0.0,0.0,0.0,0.0,0.0,0.0,0.0,0.0,0.0,0.0,0.0,0.0,0.0,0.0,0.0,0.0,0.0,0.0,0.0,0.2488383413569508,0.0,0.0,0.0,0.2560488062587951,0.0,0.0,0.0,0.0
0.6152139123299264,0.4430158917996615,0.0,0.0,0.0,0.3431681733384661,0.0,0.2927062029668352,0.0,0.0,0.0,0.0,0.3353965326613487,0.0,0.0,0.4387689747746107,0.0,0.3517548974699362,0.0,0.6146558877892563,0.6417913015155414,0.66950063319972,0.3500238062189844,0.4058804240097682,0.469980681355464,0.4382854657023184,0.5035459135821458,0.4753907174715231,0.4566905968226658,0.0,0.4557036831770426,0.1996012600875705,0.5643218841788943,0.3701142212876236,0.0,0.1192281745430876,0.0,0.0,0.1750671940490172,0.5207685974527919,0.4302770440845686,0.0,0.2870342856400797,0.0,0.0,0.0,0.4918297258401979,0.0,0.0,0.0,0.3243642335134112,0.0,0.2003190437616815,0.0,0.0,0.0,0.0,0.1793597731635497,0.0,0.6737501935386975,0.5157533464884428,0.0,0.0,0.0,0.740601209283528,0.6021804918254859,0.7724149087637836,0.2964915666435694,0.0,0.3917609163726079,0.5199317469280289,0.522177572546847,0.3430597850096168,0.5079384600768738,0.0,0.3856799068890283
0.7472019317984567,0.805046769264484,0.0,0.0,0.3779205444345253,0.6753318761313349,0.2747087981720554,0.3883206891937863,0.5337622663593423,0.0686714131812444,0.0,0.0,0.727836138299085,0.0,0.4387689747746107,0.0,0.3956553637512418,0.8929977971804011,0.0,0.6055165376948562,0.5511098569490086,0.753923498701851,0.4199452520091755,0.445540219221186,0.7836772134589247,0.8081187523142555,0.583972980199394,0.7822044117627682,0.6372336760701339,0.5660176181952262,0.629320736084233,0.2363028597544123,0.5249712668826533,0.2645838306086476,0.0,0.0,0.0,0.0,0.0264852189014753,0.4018576329706514,0.4476954235459648,0.0,0.0,0.0,0.0,0.6315790268584732,0.7259399427830293,0.0,0.0,0.0,0.0,0.0,0.0,0.0,0.0,0.0,0.0,0.0,0.0,0.3432037932351009,0.625083390187282,0.0,0.3632736430419751,0.0,0.4029787064086123,0.4879637075221311,0.5829079608126254,0.3417673709793585,0.0,0.4645621515940051,0.7778195423294072,0.3417106883562953,0.0,0.1594752422550698,0.0,0.1157160529074634
0.3204040038037473,0.5066465355334875,0.0,0.0,0.0,0.0636013436108417,0.7351812744671062,0.0,0.0,0.9115017501390092,0.6525347719563968,0.6828238918981826,0.5975491216872085,0.0,0.0,0.3956553637512418,0.0,0.5695614283336207,0.0,0.0,0.0,0.3858835427376535,0.0,0.5829610450707838,0.5289232876611291,0.5954534441706593,0.0,0.357570328851893,0.0,0.0,0.6862840237403023,0.8635203358345986,0.6957391365873492,0.7209216676622415,0.5383147390423165,0.0,0.0,0.6185973003381828,0.0,0.3966471387404019,0.0,0.0,0.0,0.0,0.0,0.0,0.0,0.0,0.0,0.0,0.0,0.0,0.0,0.0,0.8282494819626153,0.0,0.7351953080459628,0.0,0.0,0.0,0.0,0.8910079483607929,0.6189053569400208,0.0,0.0,0.0,0.0,0.0,0.603438946328795,0.6304730021374484,0.5215474057205068,0.0,0.0,0.0,0.0,0.0
0.6797483434614527,0.845722080438473,0.0,0.0,0.0,0.7554408295236407,0.4409797970493064,0.6030952764385288,0.6952167985183546,0.2293074605847456,0.0,0.2379091461999242,0.9030869323445402,0.0,0.3517548974699362,0.8929977971804011,0.5695614283336207,0.0,0.0,0.5671027074199761,0.5256717575630047,0.7374044333495291,0.5890105532793569,0.4753376499521931,0.8560255516978608,0.8693414120886618,0.6036073341103528,0.8247084406628316,0.5130864281799833,0.5714313631628443,0.6285534429916095,0.4115124153292824,0.5561771980282314,0.3077945975678336,0.1271683425155459,0.0,0.0,0.0,0.1781431630900331,0.4096447817314456,0.3569951833025346,0.0,0.0,0.0,0.0,0.5631292710648875,0.7572576261566489,0.0,0.0,0.0,0.0,0.0,0.0,0.0,0.1374040826083087,0.0,0.3382908029076957,0.0,0.0,0.0,0.469659579376515,0.388880361210058,0.4064574763094286,0.0,0.0,0.0,0.5686582740424616,0.0,0.3634069711652,0.6038991487755871,0.7945856875337566,0.0,0.0,0.0,0.0,0.0866076750313799
0.0,0.0,0.755356238387878,0.0,0.4591390233429238,0.5031092314476562,0.3433834648626636,0.545337373706762,0.6178041804084787,0.1202058130809903,0.6700455426304464,0.0755622030088698,0.4649190428930425,0.0,0.0,0.0,0.0,0.0,0.0,0.0,0.0,0.0,0.6221808766977397,0.0,0.0,0.0,0.630665122158584,0.385618754372752,0.0,0.0,0.3531780613744752,0.2942647358817732,0.0,0.2335259670504283,0.0,0.1839033756054169,0.0413467068499553,0.2127621227515354,0.2795508054886167,0.0,0.0,0.0,0.1249056171183642,0.0,0.0,0.0,0.0,0.4906560453060217,0.0,0.4153391189610752,0.590195538295196,0.2189233953429785,0.4192272949057622,0.4716302562183412,0.0,0.4735924064417422,0.0,0.3882875470517485,0.0,0.0,0.0,0.0,0.0,0.4612550640085682,0.0,0.0,0.0,0.477847303044366,0.0,0.0,0.0,0.6193535150670694,0.0,0.0,0.0,0.0
0.7249568486802258,0.4782969914250771,0.0,0.0,0.0883004573055774,0.7059122182060367,0.0,0.3540023259607274,0.6739348358000845,0.0,0.0,0.0,0.5215185043005199,0.0,0.6146558877892563,0.6055165376948562,0.0,0.5671027074199761,0.0,0.0,0.6624732117894809,0.8621262658417832,0.4742006644137803,0.0,0.588454339993352,0.423088602392146,0.7996039108895162,0.7828548785927003,0.917148838235744,0.6024920711394461,0.437610037195046,0.0,0.2606240463485943,0.0,0.0,0.2344810644555525,0.3452974837263515,0.0,0.0,0.199683470711773,0.1630889006072936,0.0,0.3305029037174561,0.0,0.0,0.0,0.6242844086319272,0.0,0.0,0.0,0.2680703219570465,0.0,0.3521522509920145,0.0,0.0,0.0,0.0,0.0717421820854997,0.0,0.5964182734024851,0.5562561039234258,0.0,0.0,0.0,0.6532941340495785,0.5054985755164192,0.5760583067397342,0.5203948407019807,0.0,0.3137662890995478,0.5085459714700863,0.5338618869655554,0.1397187190904604,0.0798466886397381,0.0,0.0
0.7502141820968261,0.608612664263403,0.0,0.0,0.0,0.5007556448952053,0.0,0.4925447746247822,0.0,0.0,0.0,0.0,0.500325967894165,0.2645167473277052,0.6417913015155414,0.5511098569490086,0.0,0.5256717575630047,0.0,0.6624732117894809,0.0,0.7101204116190721,0.5552635263313175,0.4680736609328421,0.7525392698410991,0.579268766695817,0.6992679244019173,0.5840483390899105,0.6214419205297491,0.0,0.556258784921416,0.2678976833004004,0.5802369311118057,0.2561315100388887,0.0,0.0,0.0,0.0,0.1481990118159694,0.4634955509799565,0.2870657840318023,0.0,0.0,0.0,0.0,0.716522197191657,0.6835991538230249,0.0,0.0,0.0,0.5099036268732594,0.0,0.4266985940135024,0.0,0.0,0.0,0.0,0.3259618627703216,0.0,0.512592481668134,0.5874888184917366,0.0,0.0,0.0,0.713892557926018,0.7232438444639644,0.6908967080832912,0.5720942310961403,0.0,0.5452725600323067,0.6863412911244814,0.672070446366294,0.3746773435041341,0.479069275966398,0.0,0.2889511095289302
0.7977183547707449,0.6292519912702094,0.0,0.0,0.415649145240241,0.5459421091307289,0.3271553780940021,0.435842904982802,0.7521012833165562,0.1404542492106094,0.0,0.0,0.6060091108239448,0.0,0.66950063319972,0.753923498701851,0.3858835427376535,0.7374044333495291,0.0,0.8621262658417832,0.7101204116190721,0.0,0.4618336282030239,0.0,0.7293859048023819,0.6078522834106451,0.7087623262742501,0.8344194401043915,0.682628200393457,0.767462168980311,0.7758530628688932,0.4241228660746757,0.59344928904537,0.3398047181722677,0.0968765487326921,0.1551865798908683,0.4125767950643131,0.0,0.2228150486298892,0.4230321331495664,0.4003886938647346,0.0,0.4335566761122129,0.0,0.0,0.7742890965602429,0.6941688342315813,0.0,0.0,0.0,0.4422220467706774,0.0,0.0,0.0,0.0,0.0,0.0,0.0,0.0,0.4227010137931868,0.5745426480779681,0.0,0.2413463992509583,0.0,0.66907265071144,0.5768531446548634,0.8416584281415215,0.4307383293858544,0.0,0.5305636919873243,0.6681870030708799,0.4533539761074076,0.5094031762277769,0.3639992123723279,0.0,0.2634723093238409
0.5786693273683634,0.6428716080825677,0.830671758771424,0.0,0.3232492331163012,0.791748889552573,0.2518264350824907,0.8670679000077547,0.6715562055244777,0.0257813812382061,0.5986695211487113,0.1725951260976792,0.6852635995810926,0.1783156945615916,0.3500238062189844,0.4199452520091755,0.0,0.5890105532793569,0.6221808766977397,0.4742006644137803,0.5552635263313175,0.4618336282030239,0.0,0.4843572207430695,0.6710355963251251,0.7135891248665752,0.7514403436062519,0.5288526729408478,0.3293102306332674,0.2679050968830936,0.2397038352553243,0.2260403665004971,0.3788459314898183,0.064227240646732,0.0,0.1439378179226082,0.1223186584080649,0.3063439280193889,0.0910198962508226,0.3243435363805799,0.0792863279947041,0.0,0.3339864973308037,0.0201159068737027,0.0,0.0,0.5678778308492145,0.3391289752521148,0.0,0.3844951079246632,0.6930735256312919,0.1811965300204418,0.6366507304780127,0.3350985911395062,0.0,0.3569827552213309,0.0,0.4527307693258219,0.1205758819480128,0.2052186905470036,0.0,0.0,0.0,0.1963882679544293,0.5453276622193101,0.2331865310478122,0.4428434895169227,0.8665470942379947,0.0,0.4180948515152501,0.6717106248761643,0.5300589346610048,0.296616419398463,0.1717366595025684,0.0757303804925162,0.105519867359999
0.5131340472040755,0.0,0.0,0.0,0.0,0.0,0.3519594004304838,0.5900899956055033,0.2511028954424661,0.3854004256919039,0.5014102233219571,0.3505167566265211,0.4787030496268107,0.0,0.4058804240097682,0.445540219221186,0.5829610450707838,0.4753376499521931,0.0,0.0,0.4680736609328421,0.0,0.4843572207430695,0.0,0.5917356528389786,0.769490735930008,0.2996833439222961,0.2997245778363778,0.0,0.0,0.456593244607259,0.4525904200571323,0.6372316306242131,0.500097698439932,0.0059251170778915,0.2991944656684572,0.1635379042336664,0.2851887241375151,0.4306643439824002,0.6242719306362083,0.4267314654158848,0.0,0.0,0.0,0.5119851882812906,0.4330889806941935,0.0,0.0,0.0,0.0,0.0,0.0,0.0,0.0,0.4319502071162747,0.0,0.4573387778732725,0.0,0.0,0.0,0.3322835125226978,0.5533725944216467,0.6021507180766678,0.0,0.0,0.0,0.0,0.0,0.8817848128843334,0.564370418459987,0.7836569631263218,0.0,0.4395341329584147,0.0,0.0,0.5553878700068131
0.8020515854743309,0.8767253832550987,0.0,0.0,0.5467370033563158,0.7115477636877162,0.4682959851138535,0.6070794009627539,0.6924978414978213,0.238938578078882,0.0,0.0854083538954262,0.7193589029494094,0.0,0.469980681355464,0.7836772134589247,0.5289232876611291,0.8560255516978608,0.0,0.588454339993352,0.7525392698410991,0.7293859048023819,0.6710355963251251,0.5917356528389786,0.0,0.8460121701341664,0.7856585648050212,0.6608103522073682,0.5904074166301292,0.0,0.6808348323930514,0.3599138111802895,0.6412832123652453,0.3060612029260702,0.0,0.0,0.0,0.5325552809680079,0.2292974736623466,0.5292398955604717,0.3556209832054374,0.0,0.0,0.0,0.0,0.7083893744912441,0.8099438198405209,0.0,0.0,0.0,0.0,0.0,0.0,0.0,0.1188034261369834,0.0,0.1779525895378079,0.4933755728551066,0.0,0.3757931725884668,0.6507752084315277,0.4210463830840189,0.4559023150220561,0.0,0.603374294595327,0.5162175813497111,0.6852740804170575,0.5539787022697567,0.5095859743450573,0.7734812820014932,0.8433826242221059,0.0,0.0,0.4133271915590024,0.0,0.3172675592274857
0.717003199722745,0.8920786098121308,0.0,0.0,0.5238190111933922,0.7633055712259208,0.4013631183915059,0.7017584692398,0.5968062795102815,0.2597005493714973,0.6045639486559794,0.2733017067146934,0.8503432972974244,0.0,0.4382854657023184,0.8081187523142555,0.5954534441706593,0.8693414120886618,0.0,0.423088602392146,0.579268766695817,0.6078522834106451,0.7135891248665752,0.769490735930008,0.8460121701341664,0.0,0.6310720376348334,0.6588629754296222,0.3531926637084396,0.0,0.5760036546654315,0.4053374158175827,0.6800989987842831,0.434728785158439,0.0,0.3148575443650914,0.0,0.4632980837495431,0.2678884074237139,0.5540936004655356,0.4626275613056073,0.0,0.0,0.0,0.3361287730010541,0.5775254162301062,0.720336721066942,0.0,0.0,0.0,0.71798849777418,0.0,0.0,0.0,0.1914888739187484,0.0,0.3492780600848817,0.606797857434568,0.0,0.2471568216561152,0.4479503096132871,0.4307634127192073,0.4739715813506097,0.0,0.4669600395029959,0.3971462695328573,0.6132833376743222,0.545905526477378,0.6496630240992108,0.5935530978293606,0.9028226286956188,0.3989236550290615,0.4639271481782652,0.2274170800899574,0.0,0.2647998661188653
0.7472325288847387,0.6898265223565502,0.7179932148444542,0.0,0.3004074743054437,0.7988261332060997,0.2035040688541607,0.5124587888615841,0.7618218157237836,0.0,0.5173207654201228,0.0,0.5630176889884859,0.3183593906313827,0.5035459135821458,0.583972980199394,0.0,0.6036073341103528,0.630665122158584,0.7996039108895162,0.6992679244019173,0.7087623262742501,0.7514403436062519,0.2996833439222961,0.7856585648050212,0.6310720376348334,0.0,0.612267532228491,0.7735361259059621,0.3859172989662475,0.4103614576416894,0.0528932084607976,0.3957788398178486,0.0,0.0,0.2406450131859488,0.2910904205939851,0.3316614837590747,0.0,0.3913327815006609,0.2404554459297333,0.0,0.2125561955447813,0.0,0.0,0.0,0.6750477775001661,0.418474685227438,0.0,0.2525317071668294,0.5229019455250878,0.0,0.437147905254845,0.3378630348123345,0.0,0.3508052054785853,0.0,0.1764996995161797,0.3023004075367547,0.4898316626273477,0.0,0.0,0.0,0.1351836618498615,0.7291153893783624,0.4125672076266919,0.6107483685945369,0.693230745106876,0.0,0.0,0.6393706685807157,0.835501798817369,0.1552076390842341,0.3158996760894579,0.0,0.1092083774925505
0.7004693819178881,0.6115483400605927,0.5069747486311097,0.0413293838366254,0.3525819563952665,0.6879595254918867,0.3104716482446477,0.4843626701181631,0.7390022404569487,0.0756947273836657,0.514737403709172,0.231288834220302,0.798345136929126,0.1419963824792822,0.4753907174715231,0.7822044117627682,0.357570328851893,0.8247084406628316,0.385618754372752,0.7828548785927003,0.5840483390899105,0.8344194401043915,0.5288526729408478,0.2997245778363778,0.6608103522073682,0.6588629754296222,0.612267532228491,0.0,0.6646443626005271,0.7231011165432525,0.6524644152039389,0.2981798826552275,0.4208709245394276,0.2634794174102739,0.1160524583822966,0.2461315385215927,0.4529801734805603,0.5990882766159246,0.0497155081119679,0.2610924682600899,0.3258402798586163,0.0,0.5019270921399136,0.0,0.0549840101083284,0.0,0.0,0.4173644163808703,0.0,0.0,0.514151396245245,0.0,0.4417212838013895,0.4782341082071255,0.0,0.0,0.2918092654190797,0.5323105298647701,0.0,0.3217039003435462,0.0,0.0,0.0,0.0,0.5038037631592324,0.519188533459778,0.6239470385216087,0.5354909402310403,0.0,0.4740706307052433,0.709553525997738,0.332379185875356,0.5449889016596898,0.1772302546780351,0.0,0.0264035161099104
0.6755105461915053,0.481049005527069,0.0,0.0,0.0768521568058482,0.654735654862728,0.0246040349692103,0.1701696632966134,0.5134255353901254,0.0,0.0,0.0,0.4277539444973484,0.0,0.4566905968226658,0.6372336760701339,0.0,0.5130864281799833,0.0,0.917148838235744,0.6214419205297491,0.682628200393457,0.3293102306332674,0.0,0.5904074166301292,0.3531926637084396,0.7735361259059621,0.6646443626005271,0.0,0.4864498868918397,0.4145575034273948,0.0,0.1557352492974578,0.0,0.0,0.3167879307611588,0.3091868188477705,0.0,0.0,0.1794328491550207,0.103099580295579,0.0,0.214666770092004,0.0,0.0,0.0,0.6006048339922604,0.1057977300669876,0.0,0.0,0.1655251896352234,0.0,0.2409094835974652,0.0766250409523486,0.0,0.0,0.0,0.0,0.0,0.6819189654018997,0.0,0.0,0.0,0.0,0.5579177749285048,0.5280934617760608,0.4375652324075579,0.4210635356910314,0.0,0.0,0.4595900152287898,0.6077709827580545,0.0,0.0971002075248247,0.0,0.0
0.0,0.0,0.0,0.0,0.0,0.291578539845122,0.0,0.3823582975896326,0.5419686364423193,0.0,0.0,0.0,0.5273549547434598,0.0,0.0,0.5660176181952262,0.0,0.5714313631628443,0.0,0.6024920711394461,0.0,0.767462168980311,0.2679050968830936,0.0,0.0,0.0,0.3859172989662475,0.7231011165432525,0.4864498868918397,0.0,0.7588610765461786,0.5213228845907648,0.0,0.4568485285405632,0.4347621740520934,0.0,0.0,0.0,0.0,0.0,0.0,0.0,0.0,0.0,0.0,0.0,0.0,0.0,0.0,0.0,0.0,0.0,0.0,0.0,0.0,0.0,0.0,0.0,0.0,0.0,0.0,0.0,0.0,0.0,0.4109754365362728,0.0,0.0,0.2782900705023501,0.0,0.0,0.0,0.1883231838929617,0.0,0.3839981069745924,0.0,0.0
0.6167832265633661,0.5813806395197471,0.4045593807647383,0.1813322312553724,0.5791778960966738,0.1940451034552391,0.6423849806748748,0.3135679717955165,0.5485707849522379,0.5810976217591365,0.6026333358840587,0.4257862795718334,0.5546702576190796,0.0,0.4557036831770426,0.629320736084233,0.6862840237403023,0.6285534429916095,0.3531780613744752,0.437610037195046,0.556258784921416,0.7758530628688932,0.2397038352553243,0.456593244607259,0.6808348323930514,0.5760036546654315,0.4103614576416894,0.6524644152039389,0.4145575034273948,0.7588610765461786,0.0,0.6598215135109312,0.6439563595016183,0.6290422010562235,0.4881587702534849,0.1307521341524648,0.4185381658455828,0.6644985871385677,0.5120428821249462,0.4297323759025074,0.4316876319835721,0.0,0.450445030571065,0.0,0.0,0.0,0.5931472928418672,0.0,0.0,0.0,0.5459862385840308,0.0,0.3132802447266736,0.0,0.5302112004247493,0.0,0.4840131597157739,0.0,0.0,0.1584364459735898,0.5125902540776268,0.653554561550963,0.5211965703927751,0.0,0.4837959968118622,0.5852130589148945,0.7336781414387351,0.1742615569175729,0.4429642463667088,0.6787453297634145,0.6472168711408478,0.3107045897900213,0.7623397803197542,0.655695079469691,0.0,0.5413411580245278
0.2178267729665004,0.3275538365518617,0.3745381191353639,0.1692412730976945,0.6645667261987857,0.0,0.7426965735298473,0.3818212345400923,0.4443584891812741,0.8694314300234988,0.6997853157408406,0.6673725066363833,0.4470087553541106,0.0,0.1996012600875705,0.2363028597544123,0.8635203358345986,0.4115124153292824,0.2942647358817732,0.0,0.2678976833004004,0.4241228660746757,0.2260403665004971,0.4525904200571323,0.3599138111802895,0.4053374158175827,0.0528932084607976,0.2981798826552275,0.0,0.5213228845907648,0.6598215135109312,0.0,0.5998270397038323,0.6856906653753713,0.6611714540626953,0.0,0.123244080794015,0.5322136615740655,0.9265537261310246,0.3454637239590379,0.3633631415281612,0.0,0.3384978128148471,0.4850271712577067,0.5278610702419178,0.3814051225605699,0.2952086101174442,0.6497539274193322,0.0,0.9220985401044636,0.6027428861343783,1.0,0.3885737292663423,0.7147260344429084,0.848731370095215,0.5313279721983846,0.6571666447760298,0.8615855765490479,0.0,0.0,0.0,0.8845075446360837,0.5860678287811651,0.6743333697730824,0.1741614691245375,0.1838991369686692,0.5224218407608993,0.1295969120670274,0.5468824521742394,0.5194162450135111,0.3792556056515326,0.0,0.8298775963719053,0.5691635464707833,0.0,0.6442293984917266
0.6083710857950559,0.6274051679889776,0.4664045047684141,0.0,0.4896367172781216,0.2444188733543582,0.4999764365947843,0.4536191603667048,0.3385556722375605,0.4892423686798464,0.6090385079432069,0.2105370636767868,0.497664236317955,0.0,0.5643218841788943,0.5249712668826533,0.6957391365873492,0.5561771980282314,0.0,0.2606240463485943,0.5802369311118057,0.59344928904537,0.3788459314898183,0.6372316306242131,0.6412832123652453,0.6800989987842831,0.3957788398178486,0.4208709245394276,0.1557352492974578,0.0,0.6439563595016183,0.5998270397038323,0.0,0.6810718127020646,0.2396649603817377,0.0711364765574647,0.1516399802844021,0.4988441139612685,0.5531187365571295,0.7648548384911101,0.5550163356679534,0.0,0.0,0.0,0.4994126911300954,0.6179530452010977,0.532602336243288,0.0,0.0,0.0,0.0,0.0,0.0,0.0,0.4314128172112708,0.0,0.305870835365127,0.0,0.0,0.2047007495386887,0.3608580884235546,0.5928502484241085,0.5491971067553172,0.0,0.5001416639034403,0.5252475245302154,0.7237830477891534,0.2016645866554313,0.6326112893451754,0.5818277379791482,0.7181013958065402,0.303946486606753,0.571061427707365,0.0,0.0,0.5743283318121373
0.2342991323482527,0.3388900921692729,0.1887672516072986,0.2634392695649337,0.4477708196832263,0.0,0.5874874771454168,0.2514838784239186,0.2138861986883961,0.7256573056944866,0.4552371882909548,0.5715677491146238,0.4003676370625453,0.0,0.3701142212876236,0.2645838306086476,0.7209216676622415,0.3077945975678336,0.2335259670504283,0.0,0.2561315100388887,0.3398047181722677,0.064227240646732,0.500097698439932,0.3060612029260702,0.434728785158439,0.0,0.2634794174102739,0.0,0.4568485285405632,0.6290422010562235,0.6856906653753713,0.6810718127020646,0.0,0.5684801475639095,0.0,0.0965949842181912,0.5784972569102483,0.69552437133548,0.5155604211814138,0.6451728283693785,0.1101503483872496,0.3710403545485845,0.2799911720031868,0.5567664606215098,0.3855031655180611,0.3125680551554348,0.3723807069221025,0.0,0.0,0.5053171328484886,0.7209683144866715,0.2343318775758672,0.5361998502108918,0.7230322607553032,0.0,0.6102661438959007,0.6903960724305036,0.0,0.0,0.1059612796856691,0.7258717891154118,0.5253126102929481,0.0,0.288775227394669,0.3352983231650654,0.5532420817632243,0.0,0.5093770529571275,0.4966557527666372,0.4297408899497954,0.0343518113298624,0.7982857639445671,0.5853438443216836,0.0,0.5732933877067413
0.0,0.0,0.0,0.2230556624871558,0.347482084065522,0.0,0.5057017954370371,0.0226416445099097,0.0597280837383847,0.7287880589842868,0.3014969619845962,0.6491609279371695,0.1607525617611563,0.0,0.0,0.0,0.5383147390423165,0.1271683425155459,0.0,0.0,0.0,0.0968765487326921,0.0,0.0059251170778915,0.0,0.0,0.0,0.1160524583822966,0.0,0.4347621740520934,0.4881587702534849,0.6611714540626953,0.2396649603817377,0.5684801475639095,0.0,0.0,0.0141453131457187,0.4428826092671978,0.606764696327427,0.0,0.1326266076625299,0.1706925399810724,0.1978739690693368,0.2577808826289594,0.2150231257366835,0.0,0.0,0.0,0.0,0.0,0.1096372696660805,0.0,0.0,0.0,0.0,0.0,0.5551796305426231,0.5301271670062602,0.0,0.0,0.0,0.0,0.0,0.0,0.0,0.0,0.1209952955764304,0.0,0.0,0.1809301266832934,0.0,0.0,0.6426077869704622,0.248296736748237,0.0,0.0
0.0,0.0,0.1146080688099718,0.1551112083471221,0.0395035245876425,0.387586785963369,0.0,0.1155207424820059,0.0639117068619426,0.0,0.1255705765124794,0.0,0.1529683143517544,0.348039852662013,0.1192281745430876,0.0,0.0,0.0,0.1839033756054169,0.2344810644555525,0.0,0.1551865798908683,0.1439378179226082,0.2991944656684572,0.0,0.3148575443650914,0.2406450131859488,0.2461315385215927,0.3167879307611588,0.0,0.1307521341524648,0.0,0.0711364765574647,0.0,0.0,0.0,0.3657737337109071,0.0,0.0,0.1277692725355458,0.0758531039297164,0.0045861488921602,0.1765623616996208,0.1367790336673735,0.0,0.0,0.0,0.0,0.0,0.0,0.0993745333375053,0.0,0.1803482246175785,0.0,0.0,0.0,0.0,0.0,0.0,0.0,0.0,0.0,0.0,0.0,0.0977053897112455,0.0,0.0904897296139109,0.1620970909584952,0.0,0.0,0.0,0.2074570844281641,0.0,0.0,0.0,0.0
0.0,0.0,0.1731287626370565,0.244959937033579,0.0646691003198146,0.2418576625202249,0.1506746192399043,0.144233411386019,0.3034925131469801,0.0496932208549298,0.2296748456705367,0.0748621868219427,0.2651795208339998,0.1630116403480215,0.0,0.0,0.0,0.0,0.0413467068499553,0.3452974837263515,0.0,0.4125767950643131,0.1223186584080649,0.1635379042336664,0.0,0.0,0.2910904205939851,0.4529801734805603,0.3091868188477705,0.0,0.4185381658455828,0.123244080794015,0.1516399802844021,0.0965949842181912,0.0141453131457187,0.3657737337109071,0.0,0.2462452080154185,0.0294243082260817,0.0,0.1645917952233748,0.0808482248597023,0.4387912568043459,0.0,0.0,0.0,0.0,0.0,0.0,0.0,0.0,0.0,0.0,0.0,0.0,0.0,0.0,0.0,0.0,0.0,0.0,0.0,0.0,0.0,0.0,0.0,0.0,0.1548134542773542,0.0,0.0,0.0,0.0,0.0,0.0,0.0,0.0
0.444964474204494,0.0,0.0,0.1152710104657629,0.308570206907835,0.3090681325978119,0.4651835376277864,0.0,0.5299690503376459,0.4596130416462141,0.5320439094046877,0.4552802830212654,0.5940276899675512,0.0,0.0,0.0,0.6185973003381828,0.0,0.2127621227515354,0.0,0.0,0.0,0.3063439280193889,0.2851887241375151,0.5325552809680079,0.4632980837495431,0.3316614837590747,0.5990882766159246,0.0,0.0,0.6644985871385677,0.5322136615740655,0.4988441139612685,0.5784972569102483,0.4428826092671978,0.0,0.2462452080154185,0.0,0.3573925051250525,0.2549579707614782,0.3715735695459595,0.0186873537165636,0.0,0.0,0.3635716151987737,0.0,0.0,0.0,0.0,0.0,0.0,0.0,0.0,0.0,0.3690991419841656,0.0,0.4765447787186546,0.0,0.0,0.0,0.0,0.0,0.0,0.0,0.0,0.0,0.0,0.0,0.3174081552200987,0.5244447322500415,0.4940586455071946,0.0,0.6155933855403405,0.0,0.0,0.0
0.074211571391841,0.1615969350649817,0.2939637409954353,0.0,0.5416542980592475,0.0,0.6065606857108661,0.2350725276277032,0.2229517007355132,0.8327729846037452,0.5681828736544723,0.4987782760075909,0.1878573677674745,0.0,0.1750671940490172,0.0264852189014753,0.0,0.1781431630900331,0.2795508054886167,0.0,0.1481990118159694,0.2228150486298892,0.0910198962508226,0.4306643439824002,0.2292974736623466,0.2678884074237139,0.0,0.0497155081119679,0.0,0.0,0.5120428821249462,0.9265537261310246,0.5531187365571295,0.69552437133548,0.606764696327427,0.0,0.0294243082260817,0.3573925051250525,0.0,0.3800574597758404,0.3754659518410022,0.0264520737648761,0.1734327783462123,0.4688271357628771,0.6074760664931723,0.2949377152535372,0.1290945065986361,0.5441765634073557,0.4269130055486654,0.8051320401052454,0.5129898125323443,0.8946486186963756,0.1836433780690832,0.6742950562359289,0.7877090312157198,0.467006167643522,0.4680672706684661,0.7038683340454938,0.0,0.0,0.0,0.8101571987693954,0.5871242953425233,0.6952262152988029,0.1860959121969847,0.09841557617675,0.4696504551264479,0.0,0.5756021461373477,0.4639506462604983,0.2649074923115149,0.0,0.7280507945181828,0.6525769475388182,0.7869788530376864,0.7491180589376326
0.5312764320465991,0.5012913355207266,0.0,0.0,0.0,0.0,0.0,0.0,0.0,0.19105577877802,0.0,0.0,0.3142128937470765,0.0,0.5207685974527919,0.4018576329706514,0.3966471387404019,0.4096447817314456,0.0,0.199683470711773,0.4634955509799565,0.4230321331495664,0.3243435363805799,0.6242719306362083,0.5292398955604717,0.5540936004655356,0.3913327815006609,0.2610924682600899,0.1794328491550207,0.0,0.4297323759025074,0.3454637239590379,0.7648548384911101,0.5155604211814138,0.0,0.1277692725355458,0.0,0.2549579707614782,0.3800574597758404,0.0,0.5518751975030983,0.0108123707008911,0.1563494342716453,0.1481957310747465,0.4786370404310899,0.4503146490988906,0.4565898296995527,0.1731799981264351,0.0,0.3328360278607049,0.4808597740726607,0.240595304109057,0.2341146520419375,0.2309352972435738,0.1944262442103952,0.1864552401553006,0.094853697761636,0.3309774481999334,0.0,0.3228192862308098,0.4170242324726125,0.3522742175905404,0.4929564334863682,0.2807023490236887,0.5133474579407432,0.4952216892070468,0.6221395884781212,0.1816813202380402,0.5747100075964718,0.4824517317841161,0.6309846539872966,0.4206921755928365,0.3355842705573152,0.5533873370643267,0.4985587332836503,0.5599273661312305
0.3738689666854735,0.4357128782308888,0.1104833820341913,0.0,0.0,0.1568976371192691,0.2569107257518759,0.1192751808254304,0.2085451333226788,0.2403751625399527,0.0,0.1657364416702393,0.2974748153580605,0.0,0.4302770440845686,0.4476954235459648,0.0,0.3569951833025346,0.0,0.1630889006072936,0.2870657840318023,0.4003886938647346,0.0792863279947041,0.4267314654158848,0.3556209832054374,0.4626275613056073,0.2404554459297333,0.3258402798586163,0.103099580295579,0.0,0.4316876319835721,0.3633631415281612,0.5550163356679534,0.6451728283693785,0.1326266076625299,0.0758531039297164,0.1645917952233748,0.3715735695459595,0.3754659518410022,0.5518751975030983,0.0,0.1803574145691936,0.1283688858245492,0.2398515933864866,0.4790261409690044,0.3890272786666228,0.3471680384060186,0.2320692911963293,0.1975723064155458,0.3326575292616592,0.3269963199891748,0.2675591876279663,0.0334363116637331,0.285972945385499,0.21916719340593,0.1916949680330359,0.1709928500613236,0.3289092456919468,0.0,0.1278175571451637,0.3319521899751971,0.332686619325453,0.4010528043879052,0.3315614110345073,0.2982560585523592,0.398572905881455,0.5166783594162511,0.0175992443353439,0.4576928422225897,0.3486305449133223,0.4826288803996481,0.2301316668034653,0.4306951525379021,0.3792006751954385,0.4913913506262762,0.4185882027108643
0.0,0.0,0.0,0.0,0.0,0.0,0.0,0.0,0.0,0.0278583994540224,0.0,0.0,0.0,0.0,0.0,0.0,0.0,0.0,0.0,0.0,0.0,0.0,0.0,0.0,0.0,0.0,0.0,0.0,0.0,0.0,0.0,0.0,0.0,0.1101503483872496,0.1706925399810724,0.0045861488921602,0.0808482248597023,0.0186873537165636,0.0264520737648761,0.0108123707008911,0.1803574145691936,0.0,0.0581506933205011,0.1603249841533608,0.1060024101104717,0.0,0.0,0.0,0.0896091611178863,0.0026602686515365,0.0,0.0326688546813938,0.0,0.0,0.0900435254813829,0.0,0.0981711850612049,0.0,0.0,0.0,0.0,0.0437302990488985,0.0274403539021479,0.0,0.0,0.0,0.0,0.0,0.0,0.0,0.0,0.0,0.0683994010866757,0.0682391486630651,0.0,0.0506577128070704
