0.0,0.4582565030597229,0.0,0.0,0.0,0.434716016655829,0.0,0.3298670001436963,0.0,0.0,0.0,0.0,0.0,0.0,0.4086491417786839,0.4960745985221595,0.2174816502163208,0.4586841121462735,0.0,0.4969478831649166,0.4955522959001044,0.5319239106468552,0.3863820103967158,0.3381559196320219,0.5312532848310747,0.467420585571534,0.4963607225870311,0.470922691841567,0.4380773906448154,0.0,0.4006466011509318,0.1372037628848823,0.3933772300495349,0.1518523453267666,0.0,0.0,0.0,0.0,0.0475725003277304,0.3616749932405206,0.2591162959557875,0.0,0.0,0.0,0.0,0.5307412101292831,0.4937386346389266,0.0,0.0,0.0,0.0,0.0,0.0,0.0,0.0,0.0,0.0,0.0,0.0,0.0,0.4519526650739721,0.0,0.210253669171936,0.0,0.0,0.4311503987099477,0.5265373845660868,0.0,0.2599055651845058,0.3561416504404015,0.5324140579113696,0.0,0.0,0.0,0.0,0.0
0.4582565030597229,0.0,0.0,0.0,0.3424886011502034,0.5102019680869986,0.3230993494191307,0.4066955202624905,0.3985396810813758,0.0,0.0,0.0,0.5266484721571312,0.0,0.2982486932373821,0.5350508474664759,0.0,0.5616112562550972,0.0,0.322015219605364,0.4022157290115693,0.4175060415139212,0.4246498843300841,0.0,0.5832016932266033,0.5853305560329779,0.4622328115616929,0.4126248109581003,0.3301103874626674,0.0,0.4006991077225953,0.2078619223240779,0.4099328819317471,0.2527474979108992,0.0,0.0,0.0,0.0,0.108044258953578,0.3478216437749211,0.3113925406397495,0.0,0.0,0.0,0.0,0.3479702250761589,0.5325794553430164,0.0,0.0,0.0,0.0,0.0,0.0,0.0,0.0,0.0,0.0,0.0,0.0,0.2261634115327689,0.3619756669333564,0.0,0.2956860540479494,0.0,0.2934827490736449,0.2958488887602808,0.3817899274164746,0.3403999371389644,0.0,0.4394504961346728,0.5230929320191964,0.342392725791551,0.0,0.1659006913253916,0.0,0.1319468853550536
0.0,0.0,0.0,0.0,0.2719546898210443,0.3765908186845455,0.2128502406651686,0.4918284983353752,0.4773989743402008,0.1224875838824848,0.5594473862518764,0.0,0.368418237601794,0.0156754547480832,0.0,0.0,0.0,0.0,0.4939674870707796,0.0,0.0,0.0,0.5456947010576954,0.0,0.0,0.0,0.4630259239863423,0.3325695779037332,0.0,0.2352958947026374,0.2609579087068771,0.2324404183636148,0.0,0.1251868567446822,0.0,0.0629717270222789,0.1035750261353286,0.0,0.1909112672685445,0.0,0.0,0.0,0.253661485096162,0.0,0.0,0.0,0.0,0.3149535854609318,0.0,0.3400495353858592,0.4056976690167316,0.0,0.3513493898471136,0.3446158685381785,0.0,0.3831536995005846,0.0,0.0,0.0533212174178497,0.0,0.0,0.0,0.0,0.3019666154411158,0.0,0.0,0.0,0.4151363134406061,0.0,0.0,0.0,0.3536199387269363,0.0,0.0,0.0,0.0
0.0,0.0,0.0,0.0,0.2416786541128229,0.0,0.2429007083032506,0.0,0.0,0.1614122050842698,0.0414616175834229,0.0,0.0697260086366265,0.0102472572797991,0.0,0.0,0.0,0.0,0.0,0.0,0.0,0.0,0.0,0.0,0.0,0.0,0.0,0.0311736212800835,0.0,0.0,0.0,0.108937220466998,0.0,0.1767640086420962,0.1457052466186023,0.1072070886434508,0.1637006016774027,0.0,0.0,0.0,0.0,0.0,0.0,0.0,0.0,0.0,0.0,0.0,0.0,0.0,0.0,0.0,0.0,0.0,0.0,0.0,0.0,0.0,0.0,0.0,0.0,0.0,0.0,0.0,0.0,0.0,0.0,0.0,0.0,0.0,0.0,0.0,0.0,0.0,0.0,0.0
0.0,0.3424886011502034,0.2719546898210443,0.2416786541128229,0.0,0.0970239732011003,0.5471848858363241,0.2344878458688264,0.3151847485062359,0.3890049053443664,0.4484368723562329,0.2235075305947328,0.3240479739856379,0.0,0.0,0.0,0.0,0.0,0.2945279211356593,0.0491768551202635,0.0,0.2697286417383192,0.2079952224165511,0.0,0.3711819724971479,0.0,0.1906841734274406,0.2332122761021721,0.0509368599990629,0.0,0.3812048299476486,0.4353536022565655,0.3244739467654848,0.3014355595140547,0.2404544459987138,0.0173386975284484,0.0385436781538306,0.2199900534764442,0.0,0.0,0.0,0.0,0.1059627152084519,0.0,0.0,0.0,0.0,0.3020024102865477,0.0,0.0,0.0,0.0,0.2792117704187961,0.3132784937032845,0.0,0.300509395662411,0.0,0.0,0.0,0.0,0.0,0.0,0.0,0.0,0.0,0.0,0.0,0.1758201208120627,0.0,0.0,0.0,0.1009509101765254,0.0,0.0,0.0,0.0
0.434716016655829,0.5102019680869986,0.3765908186845455,0.0,0.0970239732011003,0.0,0.0522100339286271,0.4311647404467047,0.419827058175929,0.0,0.239323744696471,0.0,0.5139269364736555,0.2525045354300411,0.2227227817816534,0.4470451160285331,0.0,0.4969942474853037,0.3234184232567709,0.4688622411017923,0.3249728472249493,0.3580615848918386,0.5190546539512678,0.0,0.4741167040446479,0.5011364366482535,0.5218636410433932,0.4571083298508508,0.425673355475768,0.1829376512077227,0.1232759172207943,0.0,0.1615440614978059,0.0,0.0,0.2351390917084371,0.1567779445356683,0.0,0.0,0.0,0.108730864418659,0.0,0.1883505914711443,0.0,0.0,0.0,0.0,0.09108361611155,0.0,0.0,0.395398093218864,0.0,0.3608499955858893,0.0972358993390076,0.0,0.1337968356163637,0.0,0.1508379390360647,0.0,0.2616403665331111,0.0,0.0,0.0,0.0,0.2974821978787804,0.1879563026064273,0.2373729327642184,0.4908394466353975,0.0,0.0,0.0,0.3540786962618621,0.0393313960183649,0.0,0.0,0.0
0.0,0.3230993494191307,0.2128502406651686,0.2429007083032506,0.5471848858363241,0.0522100339286271,0.0,0.2586564956657565,0.3122591359323262,0.5236912529983814,0.3954378642788301,0.407792661227554,0.3622900083789457,0.0,0.0,0.1910521169187053,0.5172960188936633,0.3098843380727834,0.2227479959845159,0.0,0.0,0.218026268109691,0.1595445573609489,0.2339938058736296,0.3234256554707672,0.2779250298021667,0.1296907681757927,0.2067986270671939,0.0102130482755585,0.0,0.4238301111847796,0.4907217153847518,0.3281804851100892,0.4000578366596382,0.378905002969072,0.0,0.10261853728169,0.3318400016474504,0.0,0.0,0.0,0.0,0.0,0.0,0.0,0.0,0.0,0.0,0.0,0.0,0.3223994157341932,0.0,0.0,0.0,0.0,0.0,0.0,0.0,0.0,0.0,0.0,0.0,0.0,0.0,0.0,0.0,0.0,0.1306155681722746,0.0,0.0,0.0,0.0774213021144218,0.0,0.0,0.0,0.0
0.3298670001436963,0.4066955202624905,0.4918284983353752,0.0,0.2344878458688264,0.4311647404467047,0.2586564956657565,0.0,0.4128824633408267,0.1769878247508814,0.415509448708579,0.0,0.4771074834719004,0.0448281268866886,0.1924285005342098,0.2730277350792578,0.0,0.4104488179128686,0.3550255819462098,0.2323220729555279,0.3117088394514711,0.2861929439858143,0.5651543461611603,0.3842087383230481,0.4090214569433627,0.4677653897671772,0.3386071042198475,0.3389965291294681,0.1013600139054285,0.2466544220990351,0.2134698316831582,0.2334512445300058,0.2976138915009856,0.1699005710357859,0.0159201468456186,0.0729825330879811,0.1036456483545377,0.0,0.1452846022430065,0.0,0.0824040117637599,0.0,0.3078946891990851,0.0,0.0,0.0,0.0,0.2003779714604414,0.0,0.3276848001233895,0.4643969130694114,0.2429491446984103,0.4612539747187948,0.2637502874707287,0.0,0.2646464110553441,0.0,0.3989261798446105,0.0380133042647824,0.0312435336866935,0.0,0.0,0.0,0.1874676247685811,0.2683783969870457,0.1459694217487643,0.0,0.4543420410982254,0.0,0.0,0.0,0.1836304082930474,0.2778101995897351,0.0735487221204909,0.0,0.067560293967389
0.0,0.3985396810813758,0.4773989743402008,0.0,0.3151847485062359,0.419827058175929,0.3122591359323262,0.4128824633408267,0.0,0.1067850818410117,0.4806607492013486,0.1620926941885911,0.4734403612160162,0.0,0.0,0.3670087268968333,0.0,0.0,0.4014906338277906,0.4495990055339429,0.0,0.5015158066548665,0.4451014778417505,0.0,0.0,0.0,0.4958329271651923,0.4909358318704079,0.3418012297046723,0.3532531891157449,0.3722901112787836,0.2698600226723824,0.2271117946398134,0.149051073156167,0.0436655807547358,0.0294398376188222,0.2014376788442521,0.3811151734042796,0.1472841956851471,0.0,0.0,0.0,0.2303832134351933,0.0,0.0,0.0,0.0,0.4853962854515659,0.0,0.0,0.4062955529474674,0.0,0.3741077749931986,0.4544164353822114,0.0,0.4404785972390879,0.0,0.0,0.0090199645736993,0.0,0.0,0.0,0.0,0.2618417842506454,0.0,0.0,0.0,0.4435938406346028,0.0,0.0,0.0,0.3095650193589815,0.0,0.0,0.0,0.0
0.0,0.0,0.1224875838824848,0.1614122050842698,0.3890049053443664,0.0,0.5236912529983814,0.1769878247508814,0.1067850818410117,0.0,0.3205731579781849,0.5185814232032658,0.2085058430393016,0.0,0.0,0.0407705376893082,0.5898519659373392,0.1442976518865346,0.0813321559873667,0.0,0.0,0.0929984318445767,0.0156286579438974,0.2393492000550781,0.156817808589167,0.1688234534769164,0.0,0.0508202125965014,0.0,0.0,0.3823251601176779,0.559142990062681,0.321832017774497,0.4953659358756353,0.4721875650281475,0.0,0.0328031932709089,0.3086064166651558,0.5535125197666081,0.1273572775440174,0.1551798264326017,0.0,0.0,0.0,0.3393841918269903,0.0,0.0,0.0,0.0,0.0,0.0,0.0,0.0,0.0,0.6386486587298023,0.0,0.5142788521908936,0.0,0.0,0.0,0.0,0.5797658208077308,0.4002625085515246,0.0,0.0,0.0,0.0,0.0,0.2996432918508966,0.3420789467600447,0.1401062969513672,0.0,0.5137541888864373,0.0,0.0,0.3460735039891372
0.0,0.0,0.5594473862518764,0.0414616175834229,0.4484368723562329,0.239323744696471,0.3954378642788301,0.415509448708579,0.4806607492013486,0.3205731579781849,0.0,0.1767879762460031,0.3798865323844951,0.0,0.0,0.0,0.0,0.0,0.439999616722098,0.0,0.0,0.0,0.3879630158881173,0.0,0.0,0.0,0.3317942395827277,0.3392752551287873,0.0,0.0,0.4012518026309375,0.44217576790028,0.4039964139665565,0.3119885828270554,0.212737530595305,0.0701005571177646,0.1443672515202135,0.3705192408970097,0.3847155743606321,0.0,0.0,0.0,0.2626886661941261,0.0,0.0,0.0,0.0,0.4216605788700169,0.0,0.497290960117975,0.4328816662665579,0.4020203695246948,0.3473844402274849,0.4319876996949605,0.0,0.4549060024772444,0.0,0.4307516951251692,0.0,0.0,0.0,0.0,0.0,0.3792478571213815,0.0,0.0,0.0,0.2922455777425212,0.0,0.0,0.0,0.2204865172400072,0.0,0.0,0.0,0.0
0.0,0.0,0.0,0.0,0.2235075305947328,0.0,0.407792661227554,0.0,0.1620926941885911,0.5185814232032658,0.1767879762460031,0.0,0.308709714670318,0.0,0.0,0.0,0.4392403453484017,0.1572422445336352,0.0,0.0,0.0,0.0,0.0,0.2121945578992935,0.0580820782657829,0.177264539245372,0.0,0.151531628246321,0.0,0.0,0.2842382883017277,0.4322625982920567,0.1464851387222211,0.4104479827743546,0.510921809065489,0.0,0.0519169566843131,0.3059091379715581,0.3406969888706578,0.0,0.1092010070265544,0.0,0.0,0.0,0.1976173435150483,0.0,0.0,0.0,0.0,0.0,0.0,0.0,0.0,0.0,0.491064254889055,0.0,0.5992733849864919,0.0,0.0,0.0,0.0,0.4668589071015473,0.2438402546051552,0.0,0.0,0.0,0.0,0.0,0.1939255710995093,0.2462732560367716,0.1260470752967476,0.0,0.0,0.0,0.0,0.1160406653929063
0.0,0.5266484721571312,0.368418237601794,0.0697260086366265,0.3240479739856379,0.5139269364736555,0.3622900083789457,0.4771074834719004,0.4734403612160162,0.2085058430393016,0.3798865323844951,0.308709714670318,0.0,0.0,0.2223971593152149,0.4721059467501607,0.4017853606829169,0.5907112296982077,0.3015904849605131,0.3424314323879991,0.3273818817158671,0.4003047115514305,0.4531898859348097,0.310800367520439,0.4833781096378046,0.5528177282380039,0.3691579954378141,0.5246358894039744,0.2804926749530181,0.3319929918518419,0.3601621476268491,0.275963483739143,0.3267308473160593,0.2576016783456059,0.1143929243203804,0.084750846008485,0.1746822657338735,0.4052563409449767,0.1253455628555735,0.0,0.0,0.0,0.2835815161089169,0.0,0.0,0.0,0.0,0.2635478321329237,0.0,0.0,0.470855387346678,0.0,0.4078222321365892,0.0,0.0,0.0,0.0,0.0,0.0,0.0,0.0,0.0,0.0,0.0,0.0,0.0,0.0,0.3945258618668219,0.0,0.0,0.0,0.1757925517742782,0.0,0.0718043431386918,0.0,0.0
0.0,0.0,0.0156754547480832,0.0102472572797991,0.0,0.2525045354300411,0.0,0.0448281268866886,0.0,0.0,0.0,0.0,0.0,0.0,0.0,0.0,0.0,0.0,0.0,0.0,0.162232986842904,0.0,0.1156748320886212,0.0,0.0,0.0,0.2059537883075759,0.1014976532671938,0.0,0.0,0.0,0.0,0.0,0.0,0.0,0.2264745306777262,0.1111367388501947,0.0,0.0,0.0,0.0,0.0,0.1495358813576879,0.0,0.0,0.0,0.0,0.0,0.0,0.0,0.0,0.0,0.0,0.0,0.0,0.0,0.0,0.0,0.0,0.0,0.0,0.0,0.0,0.0,0.0,0.0,0.0,0.1628759914820252,0.0,0.0,0.0,0.0,0.0,0.0,0.0,0.0
0.4086491417786839,0.2982486932373821,0.0,0.0,0.0,0.2227227817816534,0.0,0.1924285005342098,0.0,0.0,0.0,0.0,0.2223971593152149,0.0,0.0,0.3034338496402293,0.0,0.2445078315967126,0.0,0.3933749660423634,0.4294000234994194,0.436023156380841,0.2300681116294995,0.2628320054097895,0.3263069289263866,0.2892243038467149,0.3284728211076854,0.3171874028153305,0.2989430055033234,0.0,0.3048236578444167,0.1268703172393563,0.3708069101196389,0.2484216466051992,0.0,0.0710554719665146,0.0,0.0,0.113564157753583,0.3688500204406766,0.3247994983980414,0.0,0.0,0.0,0.0,0.0,0.3301473695309977,0.0,0.0,0.0,0.2175271673041169,0.0,0.1290534791301814,0.0,0.0,0.0,0.0,0.0,0.0,0.4364122801130091,0.3471799764710953,0.0,0.0,0.0,0.4802608829695846,0.4048465927768288,0.5061680886475626,0.196981934057101,0.0,0.0,0.3410416269689461,0.3445887698688793,0.2227227166250186,0.3404410975669248,0.0,0.2577137911871751
0.4960745985221595,0.5350508474664759,0.0,0.0,0.0,0.4470451160285331,0.1910521169187053,0.2730277350792578,0.3670087268968333,0.0407705376893082,0.0,0.0,0.4721059467501607,0.0,0.3034338496402293,0.0,0.2631553658625636,0.5836020657633574,0.0,0.4237371678701582,0.3827580738044321,0.5101242978130869,0.2895415252646259,0.2769013127586184,0.5126373185984355,0.5181701729228481,0.3967896326936284,0.5184341133445836,0.4360075521758745,0.382838404827103,0.4188416478946545,0.1487522145109331,0.3383501354737863,0.1839316818772688,0.0,0.0,0.0,0.0,0.0169225231688147,0.2687293672428252,0.3118889714982116,0.0,0.0,0.0,0.0,0.4255875496496288,0.4861858502074683,0.0,0.0,0.0,0.0,0.0,0.0,0.0,0.0,0.0,0.0,0.0,0.0,0.231448269691263,0.413027264558043,0.0,0.2297394217105293,0.0,0.2671953254831871,0.3402550514309293,0.385833538430974,0.0,0.0,0.2975655451946511,0.4909914454620161,0.0,0.0,0.0,0.0,0.0699243041142149
0.2174816502163208,0.0,0.0,0.0,0.0,0.0,0.5172960188936633,0.0,0.0,0.5898519659373392,0.0,0.4392403453484017,0.4017853606829169,0.0,0.0,0.2631553658625636,0.0,0.3780484686546504,0.0,0.0,0.0,0.2651710678136072,0.0,0.3742219775252016,0.3508274419683596,0.3912457864409916,0.0,0.2406866636008937,0.0,0.0,0.4678246532222633,0.5616329381740872,0.4571013191350938,0.5262957952794857,0.4508954301516475,0.0,0.0,0.4352646516085182,0.0,0.2694614055920281,0.2434553792415732,0.0,0.0,0.0,0.0,0.0,0.0,0.0,0.0,0.0,0.0,0.0,0.0,0.0,0.5337674011649789,0.0,0.4689609642606289,0.0,0.0,0.0,0.0,0.5910796934127047,0.3998553447413219,0.0,0.0,0.0,0.0,0.0,0.3819091855474278,0.4151911814301631,0.3393934659881147,0.0,0.0,0.0,0.0,0.0
0.4586841121462735,0.5616112562550972,0.0,0.0,0.0,0.4969942474853037,0.3098843380727834,0.4104488179128686,0.0,0.1442976518865346,0.0,0.1572422445336352,0.5907112296982077,0.0,0.2445078315967126,0.5836020657633574,0.3780484686546504,0.0,0.0,0.4025762518203657,0.3645415172609462,0.5121598247254249,0.3968301835590661,0.3052753732523355,0.5666026796771267,0.5707699015208806,0.4100284711698211,0.5497650069368039,0.3594282972578068,0.0,0.4163974707440923,0.263595661489492,0.365214986199037,0.2128410968254921,0.0923101337891875,0.0,0.0,0.0,0.119969833970774,0.2756168974289746,0.2431013537704401,0.0,0.0,0.0,0.0,0.3880789897333069,0.508288938004856,0.0,0.0,0.0,0.0,0.0,0.0,0.0,0.0826614776462447,0.0,0.2134615182869111,0.0,0.0,0.0,0.3133552794389596,0.240937064014017,0.2681794353798415,0.0,0.0,0.0,0.3837137239946841,0.0,0.234606133184417,0.3959188141810768,0.512705267921211,0.0,0.0,0.0,0.0,0.0494926564515026
0.0,0.0,0.4939674870707796,0.0,0.2945279211356593,0.3234184232567709,0.2227479959845159,0.3550255819462098,0.4014906338277906,0.0813321559873667,0.439999616722098,0.0,0.3015904849605131,0.0,0.0,0.0,0.0,0.0,0.0,0.0,0.0,0.0,0.4057633471116047,0.0,0.0,0.0,0.4031271282605532,0.253651603021769,0.0,0.0,0.2305431049128894,0.1883047656521227,0.0,0.1601598900654254,0.0,0.1094944557562097,0.0205634022695935,0.0,0.1811721728466856,0.0,0.0,0.0,0.0846847870660353,0.0,0.0,0.0,0.0,0.3176174896315828,0.0,0.0,0.3923567706285819,0.0,0.2729363182405075,0.3065759975829358,0.0,0.309954666108811,0.0,0.0,0.0,0.0,0.0,0.0,0.0,0.292777647117398,0.0,0.0,0.0,0.311902766928317,0.0,0.0,0.0,0.3989651065547757,0.0,0.0,0.0,0.0
0.4969478831649166,0.322015219605364,0.0,0.0,0.0491768551202635,0.4688622411017923,0.0,0.2323220729555279,0.4495990055339429,0.0,0.0,0.0,0.3424314323879991,0.0,0.3933749660423634,0.4237371678701582,0.0,0.4025762518203657,0.0,0.0,0.4376558319057496,0.565176888867965,0.3124191281770817,0.0,0.4191412266490359,0.2848033024441056,0.524724110858463,0.5198240454216713,0.6125655541422244,0.3908320644412347,0.2936003220927299,0.0,0.1789605134983182,0.0,0.0,0.1437473699669963,0.2265414174366969,0.0,0.0,0.1518152249216875,0.1249252961550599,0.0,0.0,0.0,0.0,0.0,0.4266703284747156,0.0,0.0,0.0,0.182783825688178,0.0,0.2286541168057161,0.0,0.0,0.0,0.0,0.0,0.0,0.3837614927438259,0.0,0.0,0.0,0.0,0.4224503825242893,0.3379359070109757,0.3812912116530994,0.3478567996990976,0.0,0.0,0.3415957896319148,0.3505928349036193,0.0878521678381711,0.0534354247220015,0.0,0.0
0.4955522959001044,0.4022157290115693,0.0,0.0,0.0,0.3249728472249493,0.0,0.3117088394514711,0.0,0.0,0.0,0.0,0.3273818817158671,0.162232986842904,0.4294000234994194,0.3827580738044321,0.0,0.3645415172609462,0.0,0.4376558319057496,0.0,0.4744473074839819,0.3553243593105443,0.2930057087265618,0.50168037514,0.3858915779626991,0.4586662425030511,0.3934414945503257,0.4051563707603002,0.3056930924427832,0.3657010431923459,0.1610670463500585,0.369686605792037,0.1664934881251507,0.0,0.0790043819939757,0.0,0.0,0.0885107519500664,0.3064311375353222,0.2117797635544822,0.0,0.0,0.0,0.0,0.479311573364845,0.4489842682536346,0.0,0.0,0.0,0.3300637837288196,0.0,0.2716797599048046,0.0,0.0,0.0,0.0,0.0,0.0,0.3418443125114474,0.3868714647894404,0.0,0.0,0.0,0.4737517808330792,0.4717687539420336,0.460672374623228,0.3696542745066932,0.0,0.3490390546603831,0.4430652549951783,0.4409891476065,0.2415269253168962,0.3152831339959902,0.0,0.1906954082134357
0.5319239106468552,0.4175060415139212,0.0,0.0,0.2697286417383192,0.3580615848918386,0.218026268109691,0.2861929439858143,0.5015158066548665,0.0929984318445767,0.0,0.0,0.4003047115514305,0.0,0.436023156380841,0.5101242978130869,0.2651710678136072,0.5121598247254249,0.0,0.565176888867965,0.4744473074839819,0.0,0.3044351826698295,0.0,0.4981637410251263,0.4012794747500903,0.4648457424718502,0.5544571325394588,0.4555703924156567,0.492241581903687,0.5140066962278976,0.2721982908079638,0.3896050891688423,0.2378771969793152,0.0777739383499067,0.0944913105351832,0.2693937033354101,0.0,0.1472816869330875,0.2977135269436471,0.2937284302352537,0.0,0.0,0.0,0.0,0.5300934486949774,0.4671517692332041,0.0,0.0,0.0,0.29794101847851,0.0,0.0,0.0,0.0,0.0,0.0,0.0,0.0,0.2672327684572895,0.3876979653179621,0.0,0.1598014759542027,0.0,0.4356028067615299,0.385611337069097,0.5546411920938147,0.2873159252735435,0.0,0.3483147896323669,0.4343849527474382,0.2976164335677419,0.0,0.2401500806926054,0.0,0.17452744017989
0.3863820103967158,0.4246498843300841,0.5456947010576954,0.0,0.2079952224165511,0.5190546539512678,0.1595445573609489,0.5651543461611603,0.4451014778417505,0.0156286579438974,0.3879630158881173,0.0,0.4531898859348097,0.1156748320886212,0.2300681116294995,0.2895415252646259,0.0,0.3968301835590661,0.4057633471116047,0.3124191281770817,0.3553243593105443,0.3044351826698295,0.0,0.3113293525926386,0.4470052957475546,0.4728321732217524,0.4928519022251441,0.3632892899779954,0.2077410255312253,0.1699741246029827,0.1585461742643151,0.1401728874355812,0.2446141429305661,0.0418585477012051,0.0,0.0880745475826016,0.089344111360644,0.0,0.0540884084298483,0.2208218564736479,0.0583162888906534,0.0,0.2227031546646903,0.0,0.0,0.0,0.3740009424628236,0.218352530952904,0.0,0.2469480913925412,0.4528446108388618,0.1041744805996465,0.4135193117501645,0.2159174165986228,0.0,0.2287486033240797,0.0,0.290682671500708,0.0802443691138513,0.1301183546713938,0.0,0.0,0.0,0.1168760303729075,0.3594155026686316,0.1433442650916593,0.295696735052088,0.567139333972379,0.0,0.0,0.4388210245354565,0.3489439593313336,0.1929002729839847,0.1076183865835588,0.0359651022107207,0.0665716152732759
0.3381559196320219,0.0,0.0,0.0,0.0,0.0,0.2339938058736296,0.3842087383230481,0.0,0.2393492000550781,0.0,0.2121945578992935,0.310800367520439,0.0,0.2628320054097895,0.2769013127586184,0.3742219775252016,0.3052753732523355,0.0,0.0,0.2930057087265618,0.0,0.3113293525926386,0.0,0.3788248216879295,0.5042147193540786,0.1931267250862605,0.1910750053175813,0.0,0.0,0.2857257325968922,0.3098355855986647,0.4461719521813404,0.3384804809739751,0.0026656336686996,0.1946172555093482,0.0,0.1971718627355168,0.297981166555584,0.4321908970917124,0.2862604932373501,0.0,0.0,0.0,0.346713758377874,0.283271129855952,0.0,0.0,0.0,0.0,0.0,0.0,0.0,0.0,0.269993679394983,0.0,0.2935371389185983,0.0,0.0,0.0,0.2155938051757066,0.3511727845103997,0.3861244694692233,0.0,0.0,0.0,0.0,0.0,0.5815155341331129,0.3583753294134392,0.5068109059432271,0.0,0.0,0.0,0.0,0.370209771491209
0.5312532848310747,0.5832016932266033,0.0,0.0,0.3711819724971479,0.4741167040446479,0.3234256554707672,0.4090214569433627,0.0,0.156817808589167,0.0,0.0580820782657829,0.4833781096378046,0.0,0.3263069289263866,0.5126373185984355,0.3508274419683596,0.5666026796771267,0.0,0.4191412266490359,0.50168037514,0.4981637410251263,0.4470052957475546,0.3788248216879295,0.0,0.5566741352445832,0.5316377104196244,0.4567327728689114,0.4074639065577342,0.0,0.4452962839952817,0.2307422033088557,0.4246364602986371,0.2188616649958556,0.0,0.0,0.0,0.3732901794630061,0.1506616397292974,0.3545530775954292,0.2377486362647958,0.0,0.0,0.0,0.0,0.474448684992073,0.5337324992726772,0.0,0.0,0.0,0.0,0.0,0.0,0.0,0.0742732801268118,0.0,0.1093349491963264,0.0,0.0,0.0,0.4250056787107574,0.2631930949517811,0.2940787538221681,0.0,0.4105932542648935,0.3450450307647448,0.4586206137752597,0.0,0.3268274508611929,0.5051855757381244,0.547731131531306,0.0,0.0,0.0,0.0,0.2062630553533499
0.467420585571534,0.5853305560329779,0.0,0.0,0.0,0.5011364366482535,0.2779250298021667,0.4677653897671772,0.0,0.1688234534769164,0.0,0.177264539245372,0.5528177282380039,0.0,0.2892243038467149,0.5181701729228481,0.3912457864409916,0.5707699015208806,0.0,0.2848033024441056,0.3858915779626991,0.4012794747500903,0.4728321732217524,0.5042147193540786,0.5566741352445832,0.0,0.4203218490507561,0.4366390769818207,0.2388648481911986,0.0,0.3777621247705,0.2680114171169708,0.4508148034431314,0.3183849334392877,0.0,0.1995312520783894,0.0,0.3296685466144949,0.1833569988386176,0.373189109626758,0.3119118735396217,0.0,0.0,0.0,0.233739279029243,0.374060413210824,0.4714073106800919,0.0,0.0,0.0,0.0,0.0,0.0,0.0,0.1207770005124867,0.0,0.2215291906941715,0.0,0.0,0.1548771143766754,0.2915847822190892,0.2685700396156211,0.298474029996801,0.0,0.3068179975536817,0.2607595221833356,0.4026706250072392,0.3619760970546306,0.4253800525846203,0.3864730482673933,0.5882614926642614,0.2608161118613302,0.0,0.1503431200892394,0.0,0.1716559581601335
0.4963607225870311,0.4622328115616929,0.4630259239863423,0.0,0.1906841734274406,0.5218636410433932,0.1296907681757927,0.3386071042198475,0.4958329271651923,0.0,0.3317942395827277,0.0,0.3691579954378141,0.2059537883075759,0.3284728211076854,0.3967896326936284,0.0,0.4100284711698211,0.4031271282605532,0.524724110858463,0.4586662425030511,0.4648457424718502,0.4928519022251441,0.1931267250862605,0.5316377104196244,0.4203218490507561,0.0,0.4051185682822187,0.5089024146503348,0.2477493067319612,0.2709845074129221,0.0305125347979795,0.2674601071684494,0.0,0.0,0.1426385785556287,0.1922906514115773,0.0,0.0,0.0,0.1722584190202551,0.0,0.1454699763628383,0.0,0.0,0.0,0.4554939045260486,0.2619620431178714,0.0,0.0,0.345892539502846,0.0,0.283820293549344,0.2140349126911228,0.0,0.2241464344090395,0.0,0.1099178368101726,0.2086414049226125,0.3178884823954296,0.0,0.0,0.0,0.0810600606165774,0.4779936914607993,0.2740973723596323,0.4032981381279453,0.4582176960810403,0.0,0.0,0.4200224865119545,0.5460317640162349,0.0957206325809045,0.2058279334796683,0.0,0.0715045655387954
0.470922691841567,0.4126248109581003,0.3325695779037332,0.0311736212800835,0.2332122761021721,0.4571083298508508,0.2067986270671939,0.3389965291294681,0.4909358318704079,0.0508202125965014,0.3392752551287873,0.151531628246321,0.5246358894039744,0.1014976532671938,0.3171874028153305,0.5184341133445836,0.2406866636008937,0.5497650069368039,0.253651603021769,0.5198240454216713,0.3934414945503257,0.5544571325394588,0.3632892899779954,0.1910750053175813,0.4567327728689114,0.4366390769818207,0.4051185682822187,0.0,0.4467811389104577,0.4708289313160861,0.4374071183879729,0.188573862243465,0.2787019169576024,0.1819528422358926,0.0810940384431616,0.1493274071447221,0.2980552143082289,0.4057994544640273,0.0334429792672409,0.0,0.2251539426183898,0.0,0.330525382701879,0.0,0.0,0.0,0.0,0.0,0.0,0.0,0.3451536084848243,0.0,0.3078879031819626,0.0,0.0,0.0,0.0,0.0,0.0,0.2094749321394816,0.0,0.0,0.0,0.0,0.3284007444443855,0.3517891647718753,0.0,0.3736251778613338,0.0,0.0,0.0,0.2204221225244241,0.3528944670957565,0.113881188299833,0.0,0.0092973016347604
0.4380773906448154,0.3301103874626674,0.0,0.0,0.0509368599990629,0.425673355475768,0.0102130482755585,0.1013600139054285,0.3418012297046723,0.0,0.0,0.0,0.2804926749530181,0.0,0.2989430055033234,0.4360075521758745,0.0,0.3594282972578068,0.0,0.6125655541422244,0.4051563707603002,0.4555703924156567,0.2077410255312253,0.0,0.4074639065577342,0.2388648481911986,0.5089024146503348,0.4467811389104577,0.0,0.3131483358017857,0.273498173123906,0.0,0.1029339296670763,0.0,0.0,0.193001017077391,0.2087935871986406,0.0,0.0,0.0,0.0801873584652317,0.0,0.0,0.0,0.0,0.0,0.4088071572855134,0.0,0.0,0.0,0.1041068619610028,0.0,0.1464075415180764,0.0,0.0,0.0,0.0,0.0,0.0,0.4587921485403352,0.0,0.0,0.0,0.0,0.3751008922273644,0.3459076552411741,0.2960005668449473,0.2758095472118399,0.0,0.0,0.3058717504217032,0.4092924883011204,0.0,0.0803311687095312,0.0,0.0
0.0,0.0,0.2352958947026374,0.0,0.0,0.1829376512077227,0.0,0.2466544220990351,0.3532531891157449,0.0,0.0,0.0,0.3319929918518419,0.0,0.0,0.382838404827103,0.0,0.0,0.0,0.3908320644412347,0.3056930924427832,0.492241581903687,0.1699741246029827,0.0,0.0,0.0,0.2477493067319612,0.4708289313160861,0.3131483358017857,0.0,0.4984709796621032,0.3306202937630268,0.0,0.3177661861817568,0.316832057302354,0.0,0.0,0.0,0.1874870258579049,0.0,0.0,0.0,0.0,0.0,0.0,0.0,0.0,0.0,0.0,0.0,0.0,0.0,0.0,0.0,0.0,0.0,0.0,0.0,0.0,0.0,0.0,0.0,0.0,0.0,0.2636819674735511,0.0,0.0,0.1817213672550581,0.0,0.0,0.0,0.1239839940159121,0.0,0.0,0.0,0.0
0.4006466011509318,0.4006991077225953,0.2609579087068771,0.0,0.3812048299476486,0.1232759172207943,0.4238301111847796,0.2134698316831582,0.3722901112787836,0.3823251601176779,0.4012518026309375,0.2842382883017277,0.3601621476268491,0.0,0.3048236578444167,0.4188416478946545,0.4678246532222633,0.4163974707440923,0.2305431049128894,0.2936003220927299,0.3657010431923459,0.5140066962278976,0.1585461742643151,0.2857257325968922,0.4452962839952817,0.3777621247705,0.2709845074129221,0.4374071183879729,0.273498173123906,0.4984709796621032,0.0,0.4225349293321712,0.4219191383230438,0.4207207797134497,0.3314573527433985,0.0719951719854961,0.2795371320834096,0.4597630438431747,0.325841248629819,0.2969939644008798,0.3174537560386501,0.0,0.0,0.0,0.0,0.4794732153421137,0.4025204759551514,0.0,0.0,0.0,0.3508308286663941,0.0,0.2114931814639038,0.0,0.3392076594197809,0.0,0.3076060096009667,0.0,0.0,0.1018420703115869,0.3355363584861757,0.0,0.3412266157962673,0.0,0.3138508011627641,0.3882719667661803,0.4783561317731683,0.1172124184465639,0.2753332779042959,0.4247910327038614,0.4151415882074662,0.2034581984120423,0.5044977413946212,0.4260468042738892,0.0,0.3477534345608715
0.1372037628848823,0.2078619223240779,0.2324404183636148,0.108937220466998,0.4353536022565655,0.0,0.4907217153847518,0.2334512445300058,0.2698600226723824,0.559142990062681,0.44217576790028,0.4322625982920567,0.275963483739143,0.0,0.1268703172393563,0.1487522145109331,0.5616329381740872,0.263595661489492,0.1883047656521227,0.0,0.1610670463500585,0.2721982908079638,0.1401728874355812,0.3098355855986647,0.2307422033088557,0.2680114171169708,0.0305125347979795,0.188573862243465,0.0,0.3306202937630268,0.4225349293321712,0.0,0.4075200797395868,0.4425338479562192,0.4485444527710266,0.0,0.0734784831631832,0.3580134178658126,0.6131101186887321,0.2282180689687422,0.2457470590322861,0.0,0.2091639410242025,0.3135393723450719,0.3606279414293428,0.2550106574511732,0.1868756177162859,0.4053862018065936,0.0,0.0,0.3860670415513872,0.0,0.2380472922506422,0.4336530416369351,0.5437975820840917,0.3425711905783959,0.4315219288211512,0.5609448050888408,0.0,0.0,0.0,0.0,0.3851555267024884,0.4380036039858979,0.1192405573595529,0.1064147263026631,0.3431949037151298,0.0790917926605223,0.3784801477372192,0.3348446445727615,0.2488422091878633,0.0,0.5480611454325638,0.3760081687273941,0.0,0.4371989832518059
0.3933772300495349,0.4099328819317471,0.0,0.0,0.3244739467654848,0.1615440614978059,0.3281804851100892,0.2976138915009856,0.2271117946398134,0.321832017774497,0.4039964139665565,0.1464851387222211,0.3267308473160593,0.0,0.3708069101196389,0.3383501354737863,0.4571013191350938,0.365214986199037,0.0,0.1789605134983182,0.369686605792037,0.3896050891688423,0.2446141429305661,0.4461719521813404,0.4246364602986371,0.4508148034431314,0.2674601071684494,0.2787019169576024,0.1029339296670763,0.0,0.4219191383230438,0.4075200797395868,0.0,0.4423543371344323,0.1622952773892183,0.044673964515257,0.0975369414331398,0.3221921511333965,0.390464764149622,0.5053172360669457,0.3699703276455608,0.0,0.0,0.0,0.331792561848487,0.4067979587727802,0.3451288827330992,0.0,0.0,0.0,0.0,0.0,0.0,0.0,0.2784154047924455,0.0,0.2110465194480343,0.0,0.0,0.1387014107522886,0.2315229674356572,0.3686496679042592,0.3482802631896208,0.0,0.3522063960398363,0.3362712545434757,0.4867620339181266,0.1234473638139843,0.4482227318865838,0.3695133042675624,0.4644860645661768,0.2071075209206775,0.0,0.3678724241154091,0.0,0.4164772173649011
0.1518523453267666,0.2527474979108992,0.1251868567446822,0.1767640086420962,0.3014355595140547,0.0,0.4000578366596382,0.1699005710357859,0.149051073156167,0.4953659358756353,0.3119885828270554,0.4104479827743546,0.2576016783456059,0.0,0.2484216466051992,0.1839316818772688,0.5262957952794857,0.2128410968254921,0.1601598900654254,0.0,0.1664934881251507,0.2378771969793152,0.0418585477012051,0.3384804809739751,0.2188616649958556,0.3183849334392877,0.0,0.1819528422358926,0.0,0.3177661861817568,0.4207207797134497,0.4425338479562192,0.4423543371344323,0.0,0.3810915684243678,0.0,0.0647623236106551,0.3816743590267064,0.4445555906271481,0.3326687796421179,0.4345437422742718,0.074462356620356,0.2465944994704654,0.0,0.3890111070104078,0.2575797747912503,0.2168041984846694,0.0,0.0,0.0,0.3441523737634897,0.0,0.1543998974670437,0.0,0.480394210720465,0.0,0.4087652806049232,0.0,0.0,0.0,0.0696433066454678,0.0,0.3564350253955535,0.0,0.1948642687912382,0.2211125937410648,0.3834651432308489,0.0,0.3456153963108339,0.3303918765585853,0.2895976061430758,0.0232655558146735,0.5314570350278319,0.3826248299238125,0.0,0.3835151837640407
0.0,0.0,0.0,0.1457052466186023,0.2404544459987138,0.0,0.378905002969072,0.0159201468456186,0.0436655807547358,0.4721875650281475,0.212737530595305,0.510921809065489,0.1143929243203804,0.0,0.0,0.0,0.4508954301516475,0.0923101337891875,0.0,0.0,0.0,0.0777739383499067,0.0,0.0026656336686996,0.0,0.0,0.0,0.0810940384431616,0.0,0.316832057302354,0.3314573527433985,0.4485444527710266,0.1622952773892183,0.3810915684243678,0.0,0.0,0.0092709614368388,0.3079921484791345,0.4097353775630028,0.0,0.0986236295207507,0.1114704651661249,0.1416921947067757,0.1814716179552928,0.1552469913045518,0.0,0.0,0.0,0.0,0.0,0.0,0.0,0.0,0.0,0.0,0.0,0.3910722462820659,0.0,0.0,0.0,0.0,0.0,0.1541629651907459,0.0,0.0,0.0268579034519364,0.0865446667999527,0.0,0.0,0.1219851580704613,0.0,0.0,0.0,0.1745163561510397,0.0,0.0
0.0,0.0,0.0629717270222789,0.1072070886434508,0.0173386975284484,0.2351390917084371,0.0,0.0729825330879811,0.0294398376188222,0.0,0.0701005571177646,0.0,0.084750846008485,0.2264745306777262,0.0710554719665146,0.0,0.0,0.0,0.1094944557562097,0.1437473699669963,0.0790043819939757,0.0944913105351832,0.0880745475826016,0.1946172555093482,0.0,0.1995312520783894,0.1426385785556287,0.1493274071447221,0.193001017077391,0.0,0.0719951719854961,0.0,0.044673964515257,0.0,0.0,0.0,0.2374180256173845,0.0,0.0,0.0841827988996104,0.0535729019779472,0.0055073189463729,0.1099378810894834,0.083827890784202,0.0,0.0,0.0,0.0,0.0,0.0,0.0557165687917757,0.0,0.1136248980945202,0.0,0.0,0.0,0.0,0.0,0.25960047115043,0.0,0.0,0.0,0.0,0.0,0.0,0.0,0.0,0.1018311154878003,0.0,0.0,0.0,0.1246974152625803,0.0,0.0,0.0,0.0
0.0,0.0,0.1035750261353286,0.1637006016774027,0.0385436781538306,0.1567779445356683,0.10261853728169,0.1036456483545377,0.2014376788442521,0.0328031932709089,0.1443672515202135,0.0519169566843131,0.1746822657338735,0.1111367388501947,0.0,0.0,0.0,0.0,0.0205634022695935,0.2265414174366969,0.0,0.2693937033354101,0.089344111360644,0.0,0.0,0.0,0.1922906514115773,0.2980552143082289,0.2087935871986406,0.0,0.2795371320834096,0.0734784831631832,0.0975369414331398,0.0647623236106551,0.0092709614368388,0.2374180256173845,0.0,0.1666731338525952,0.016693779781926,0.0,0.1010771795519708,0.0526754180579195,0.0,0.0,0.0,0.0,0.0,0.0,0.0,0.0,0.0,0.0,0.0,0.0,0.0,0.0,0.0,0.0,0.0,0.0,0.0,0.0,0.0,0.0,0.0,0.0,0.0,0.0,0.0,0.0,0.0,0.0,0.0,0.0,0.0,0.0
0.0,0.0,0.0,0.0,0.2199900534764442,0.0,0.3318400016474504,0.0,0.3811151734042796,0.3086064166651558,0.3705192408970097,0.3059091379715581,0.4052563409449767,0.0,0.0,0.0,0.4352646516085182,0.0,0.0,0.0,0.0,0.0,0.0,0.1971718627355168,0.3732901794630061,0.3296685466144949,0.0,0.4057994544640273,0.0,0.0,0.4597630438431747,0.3580134178658126,0.3221921511333965,0.3816743590267064,0.3079921484791345,0.0,0.1666731338525952,0.0,0.2393052183820663,0.1771077506115022,0.2600963128703166,0.0101375478795745,0.0,0.0,0.2541416461550155,0.0,0.0,0.0,0.0,0.0,0.0,0.0,0.0,0.0,0.2405243769448749,0.0,0.3131464286599019,0.0,0.0,0.0,0.0,0.0,0.0,0.0,0.0,0.0,0.0,0.0,0.2159109141010704,0.0,0.3459762026319635,0.0,0.0,0.0,0.0,0.0
0.0475725003277304,0.108044258953578,0.1909112672685445,0.0,0.0,0.0,0.0,0.1452846022430065,0.1472841956851471,0.5535125197666081,0.3847155743606321,0.3406969888706578,0.1253455628555735,0.0,0.113564157753583,0.0169225231688147,0.0,0.119969833970774,0.1811721728466856,0.0,0.0885107519500664,0.1472816869330875,0.0540884084298483,0.297981166555584,0.1506616397292974,0.1833569988386176,0.0,0.0334429792672409,0.0,0.1874870258579049,0.325841248629819,0.6131101186887321,0.390464764149622,0.4445555906271481,0.4097353775630028,0.0,0.016693779781926,0.2393052183820663,0.0,0.2505112272820842,0.2421677401631296,0.019574996306308,0.1146826500213105,0.316480227498508,0.4192419007829117,0.196597172782685,0.0850432454149747,0.3687560044952859,0.3111184580639886,0.5895551442677966,0.3267967039986898,0.5951920847407802,0.1140628662855051,0.4346854952196386,0.5207229954149378,0.3346623065893883,0.3249037069150151,0.4773938789337221,0.0,0.0,0.0,0.5257166797975541,0.3859312733633148,0.4559149045163079,0.1359654003368389,0.0550080971203108,0.315310321540958,0.0,0.3938147355303366,0.3075976562843672,0.1771786949093263,0.0,0.4977728508764292,0.4417868559671061,0.5472484380235705,0.5099041017882182
0.3616749932405206,0.3478216437749211,0.0,0.0,0.0,0.0,0.0,0.0,0.0,0.1273572775440174,0.0,0.0,0.0,0.0,0.3688500204406766,0.2687293672428252,0.2694614055920281,0.2756168974289746,0.0,0.1518152249216875,0.3064311375353222,0.2977135269436471,0.2208218564736479,0.4321908970917124,0.3545530775954292,0.373189109626758,0.0,0.0,0.0,0.0,0.2969939644008798,0.2282180689687422,0.5053172360669457,0.3326687796421179,0.0,0.0841827988996104,0.0,0.1771077506115022,0.2505112272820842,0.0,0.3619210067308069,0.0090947301525863,0.1086161339931078,0.1077678092360422,0.3191601418975404,0.3019957239013797,0.29830773533033,0.0,0.0,0.2294441941098693,0.3215557123574378,0.1573512963923417,0.162134086584574,0.1636907282017882,0.1226944477256727,0.131128839421161,0.0642875954343569,0.2213808115148325,0.0,0.232813109300637,0.269845534342177,0.2211616598798532,0.3246846272428766,0.0,0.3686040959405204,0.3330127867653481,0.4234394625450856,0.1209427801460413,0.4005139919205607,0.3174740086984611,0.4153698173667001,0.3036470149459487,0.2374227306559614,0.3777901587741153,0.3430947060943202,0.3815556783364825
0.2591162959557875,0.3113925406397495,0.0,0.0,0.0,0.108730864418659,0.0,0.0824040117637599,0.0,0.1551798264326017,0.0,0.1092010070265544,0.0,0.0,0.3247994983980414,0.3118889714982116,0.2434553792415732,0.2431013537704401,0.0,0.1249252961550599,0.2117797635544822,0.2937284302352537,0.0583162888906534,0.2862604932373501,0.2377486362647958,0.3119118735396217,0.1722584190202551,0.2251539426183898,0.0801873584652317,0.0,0.3174537560386501,0.2457470590322861,0.3699703276455608,0.4345437422742718,0.0986236295207507,0.0535729019779472,0.1010771795519708,0.2600963128703166,0.2421677401631296,0.3619210067308069,0.0,0.1082488757489829,0.0923869485897947,0.1590597118023913,0.3214050671248959,0.2690265215889473,0.2330496300805694,0.1599154854998154,0.1363627188111486,0.2564942151719324,0.2157522101374647,0.196376636650868,0.0246063991852347,0.2162485105126341,0.1453266387481501,0.1766783636028889,0.1128857062644779,0.2247137733805064,0.0,0.093052662954176,0.2131882091981755,0.2243502858068312,0.2580207986837738,0.2158672286177543,0.1997354081950806,0.2794775702580417,0.3447568438234126,0.0115452177721757,0.3007441774549399,0.2281246908054638,0.3142991895362581,0.1583604716064762,0.2832994211637809,0.2561613086758298,0.3309792550217958,0.2639876793265066
0.0,0.0,0.0,0.0,0.0,0.0,0.0,0.0,0.0,0.0,0.0,0.0,0.0,0.0,0.0,0.0,0.0,0.0,0.0,0.0,0.0,0.0,0.0,0.0,0.0,0.0,0.0,0.0,0.0,0.0,0.0,0.0,0.0,0.074462356620356,0.1114704651661249,0.0055073189463729,0.0526754180579195,0.0101375478795745,0.019574996306308,0.0090947301525863,0.1082488757489829,0.0,0.0393645745551953,0.112224927809297,0.0679590357816536,0.0,0.0,0.0,0.0556943919329927,0.0023994661085839,0.0,0.0219865983562393,0.0,0.0,0.0520939675664575,0.0,0.0628642991547224,0.0,0.0,0.0,0.0,0.0250454877293556,0.0200235798007589,0.0,0.0,0.0,0.0,0.0,0.0,0.0,0.0,0.0,0.0462422658741294,0.0481508535918552,0.0,0.0271916343187029
0.0,0.0,0.253661485096162,0.0,0.1059627152084519,0.1883505914711443,0.0,0.3078946891990851,0.2303832134351933,0.0,0.2626886661941261,0.0,0.2835815161089169,0.1495358813576879,0.0,0.0,0.0,0.0,0.0846847870660353,0.0,0.0,0.0,0.2227031546646903,0.0,0.0,0.0,0.1454699763628383,0.330525382701879,0.0,0.0,0.0,0.2091639410242025,0.0,0.2465944994704654,0.1416921947067757,0.1099378810894834,0.0,0.0,0.1146826500213105,0.1086161339931078,0.0923869485897947,0.0393645745551953,0.0,0.1280430278096677,0.0993546515710574,0.0,0.0,0.0854527239554078,0.3922698297328437,0.2899116143657447,0.2456776220412005,0.2243036944281325,0.2513662983339678,0.180361849199608,0.1782483226677658,0.1991346569082053,0.3329150537930782,0.313656019973123,0.2113096405580709,0.1129553336073629,0.0,0.2852905609424594,0.0,0.1364669703189261,0.1817671805733465,0.2033854406328868,0.2575444883325932,0.2410813993996434,0.2069587689380773,0.186861394989564,0.3201178933093496,0.0696811308623631,0.3018558567838261,0.0444801170435082,0.0,0.0438303218159471
0.0,0.0,0.0,0.0,0.0,0.0,0.0,0.0,0.0,0.0,0.0,0.0,0.0,0.0,0.0,0.0,0.0,0.0,0.0,0.0,0.0,0.0,0.0,0.0,0.0,0.0,0.0,0.0,0.0,0.0,0.0,0.3135393723450719,0.0,0.0,0.1814716179552928,0.083827890784202,0.0,0.0,0.316480227498508,0.1077678092360422,0.1590597118023913,0.112224927809297,0.1280430278096677,0.0,0.2564371122521789,0.0,0.0,0.1991096997537841,0.2591546514254937,0.3147801343657647,0.2289939610126661,0.3371752086451938,0.0700358693347789,0.1845679310779003,0.3275695367808798,0.1603130836861162,0.242304058038654,0.3236362834831385,0.0,0.0,0.0,0.0,0.0,0.1801566683418929,0.0,0.0,0.0,0.0485247637121011,0.0,0.0,0.0,0.0,0.3015634723368003,0.1819214109549334,0.0,0.2527146485735028
