0.0,0.2026212175594121,0.0,0.0,0.0,0.4493571829223437,0.0,0.2490282242809118,0.0,0.1033983246337924,0.0,0.0,0.4513140751457623,0.0,0.512433201632345,0.368908223166933,0.0,0.2179157443644155,0.0,0.3521938634870174,0.5037313733067512,0.3749449395863218,0.3760422622192531,0.2733279554168225,0.1270061165495727,0.4102276469977718,0.5567184047018912,0.5402866864546169,0.4918301740395714,0.0,0.6120373740433418,0.1995855792873065,0.2386193285439667,0.3053191912574484,0.2692878628535006,0.0,0.0,0.2284098455293198,0.0,0.1514146002434489,0.0,0.0,0.0,0.0,0.0,0.7135317838151806,0.2549777031830567,0.0,0.0,0.0,0.0,0.0,0.0,0.0,0.0,0.0,0.0,0.0,0.0,0.0,0.463828660482963,0.0,0.430110562892929,0.0,0.0,0.525546530929167,0.4542778431687544,0.0,0.1141117466416283,0.2752891372237662,0.4589926073101103,0.0,0.0,0.0,0.0,0.1749095531082268
0.2026212175594121,0.0,0.0,0.0,0.0,0.5252642960328261,0.6115604521758615,0.0848580238714646,0.1490486178637907,0.0,0.0,0.0,0.6011537687558188,0.0,0.0,0.5190446772153726,0.8716727303854201,0.7084815671294892,0.0,0.2886152069384263,0.0,0.5598258506303612,0.3745589158143157,0.0,0.9136237683652464,0.8024723239401866,0.3027658495804891,0.2442654274251954,0.2611255532288529,0.0,0.1217778775287388,0.1263139547425709,0.3722769459627127,0.0,0.0,0.0,0.0,0.0,0.0776736512667929,0.2956640692262269,0.3931011363312675,0.0,0.0,0.0,0.0,0.0,0.9021013301480868,0.0,0.0,0.0,0.633925755324192,0.0,0.0,0.0,0.0,0.0,0.0,0.0,0.0,0.0534446941706583,0.4816505892777286,0.0,0.3812619300882473,0.0,0.368245648071332,0.0,0.6521910900286405,0.2980300157341168,0.0,0.7897427053565436,0.7243447486815291,0.3535944207849857,0.0,0.334599162954148,0.0,0.6790295089581599
0.0,0.0,0.0,0.0,0.0,0.6075793557782473,0.2504405603202561,0.4934928355164537,0.5817308148777963,0.6442266634868509,0.5563721961260775,0.697383531866713,0.6089036660191557,0.0,0.0,0.0,0.0,0.0,0.785055777886928,0.0,0.0,0.0,0.672836143746618,0.0,0.0,0.0,0.5810858984651364,0.4962632507331241,0.0,0.0,0.2131080452916275,0.0488426454028229,0.2583622419930819,0.1185271132005764,0.0,0.0,0.2886641194706332,0.0,0.0,0.0,0.1091835787258575,0.0,0.0,0.0,0.0,0.0,0.0,0.2494178255049466,0.0,0.3552191571504248,0.6918774564086548,0.4048128160545217,0.0914046988259243,0.6795721555116604,0.0,0.0,0.0,0.5559319416054848,0.0,0.0,0.0,0.0,0.0,0.7361388748358075,0.0,0.0,0.0,0.4678305429905334,0.0,0.0,0.0,0.6036410646447026,0.7430264784660554,0.0,0.0,0.0
0.0,0.0,0.0,0.0,0.1118401820790154,0.0,0.3400110806331978,0.0,0.0,0.0793957636875166,0.0,0.0,0.0,0.1231623405153047,0.0,0.0,0.0,0.0,0.0,0.0,0.0,0.0,0.0,0.0,0.0,0.0,0.0,0.0,0.0,0.0,0.0,0.0,0.0,0.0,0.0,0.320228510905248,0.3276891324625495,0.2932431725550845,0.0,0.0,0.0,0.0,0.0,0.0,0.0,0.0,0.0,0.0,0.0,0.0,0.0,0.0,0.0,0.0,0.0,0.0,0.0,0.0,0.0,0.0,0.0,0.0,0.0,0.0,0.0,0.0,0.0,0.0,0.0,0.0,0.0,0.0,0.0,0.0,0.0,0.0
0.0,0.0,0.0,0.1118401820790154,0.0,0.0124184547828251,0.4066950278063159,0.0,0.2711485477813402,0.0,0.3595972862896383,0.0,0.0,0.3419272397787735,0.0,0.1284522325787662,0.0,0.0,0.0897323029111936,0.0,0.0,0.0,0.0,0.0,0.0,0.0,0.1674330886421445,0.1124343987401342,0.2426941983553628,0.0,0.1611497407694515,0.0,0.0,0.0,0.1876294093358168,0.4157933796476791,0.0,0.0,0.0,0.0,0.0,0.0,0.1003829522984618,0.0,0.0,0.0,0.0,0.4032424978307992,0.0,0.2441429917391496,0.0,0.0,0.1380496963282882,0.21788839433895,0.0,0.4958750779394107,0.0,0.0,0.0,0.0,0.0,0.0,0.0,0.0,0.0,0.0,0.0,0.07935223521026,0.0,0.0,0.0,0.1391910263986077,0.0,0.0,0.0,0.0
0.4493571829223437,0.5252642960328261,0.6075793557782473,0.0,0.0124184547828251,0.0,0.5746190415837434,0.5573548957770057,0.8001492456491768,0.5115814929193848,0.4629424035862007,0.4688544964206921,0.8112498723329992,0.3036012016231354,0.4726101868145101,0.2597549108499429,0.3101318298720151,0.2673530939594428,0.4055604594065775,0.670591288442258,0.2466000223290579,0.5709589370436262,0.7775544865387041,0.0,0.4519301763886476,0.7638490671077295,0.8660980080681124,0.6025670681122658,0.6425318508046847,0.6174433292128914,0.7112357269563571,0.3557540285596444,0.2498562917590332,0.2966910631955418,0.2194844442140703,0.2167863418583068,0.1823301345455928,0.3708003235698922,0.0,0.0,0.0338636328942284,0.0,0.0681309357300891,0.0,0.0,0.0,0.6934666918670869,0.257479357192343,0.0,0.4284926699448485,0.9075279110081488,0.5284447383328056,0.5347860917227119,0.8398845584328933,0.0,0.0,0.0,0.557273510624567,0.0,0.576343760705982,0.0,0.0,0.0,0.5153923179819646,0.6770157199694598,0.265732331993202,0.7119267024881971,0.7453904353058403,0.0,0.0,0.7645220987596242,0.9025689082463398,0.4937260275922387,0.3926636516924106,0.0997683913329802,0.2970927061527328
0.0,0.6115604521758615,0.2504405603202561,0.3400110806331978,0.4066950278063159,0.5746190415837434,0.0,0.0491178935719488,0.3687941568753061,0.5525377534824889,0.2004084661159581,0.213047312057053,0.5598520094693816,0.1834819759736537,0.0,0.569774107560445,0.4498230273090818,0.3962358923067793,0.0270700271686334,0.1452618430379681,0.0,0.2358219390306971,0.2087204083421798,0.251321457731378,0.6175735350569401,0.4928060406921312,0.4059466150314036,0.3513183655392468,0.4432569304670712,0.0,0.3425571726621587,0.0,0.0,0.0,0.0,0.2806381975914404,0.2622532221176145,0.3244317020176714,0.0,0.0,0.1472223464196814,0.0,0.2872746130912393,0.0,0.0,0.0,0.0,0.0211554394231707,0.0,0.0,0.5821586024192441,0.0,0.2798193103787931,0.336262797406416,0.0,0.0,0.0,0.0,0.0,0.0,0.0,0.0,0.0,0.2089647304697288,0.0,0.0,0.0,0.3224578006545282,0.0,0.0,0.0,0.4874269231340867,0.0,0.0,0.0,0.0
0.2490282242809118,0.0848580238714646,0.4934928355164537,0.0,0.0,0.5573548957770057,0.0491178935719488,0.0,0.4425859770139678,0.2124734575960233,0.4116764345429891,0.4456820593289283,0.3795765926186689,0.2419780757679594,0.3394713994926801,0.0,0.0,0.0,0.3938822064343013,0.4703572865635078,0.1451752739168102,0.378104189315593,0.8246623825353476,0.3783787683185742,0.0753365996310584,0.4384051141252832,0.4018365465602817,0.2765319248194531,0.1331744665457486,0.4844369878034868,0.1940536426615939,0.2540866935396476,0.275420400153104,0.3565057391182138,0.0481930392251913,0.0296822467605692,0.0,0.0,0.0,0.0,0.0,0.0,0.0417446688198772,0.0,0.0,0.0,0.0,0.2724253178617682,0.0,0.3790467111363436,0.3756322238398535,0.009687927285781,0.6696227519900417,0.5433920498553653,0.0,0.1238138399534054,0.0,0.3047030525577122,0.2180406235826266,0.3307919230974059,0.0,0.0,0.0,0.3221050156369003,0.4395669573749204,0.0635425251662838,0.0,0.6807818335221502,0.0,0.0,0.0,0.3333190783110105,0.2556130881447479,0.0,0.0,0.0
0.0,0.1490486178637907,0.5817308148777963,0.0,0.2711485477813402,0.8001492456491768,0.3687941568753061,0.4425859770139678,0.0,0.118830621959661,0.7945785760019746,0.241898123173384,0.6154060264542452,0.4454654257262932,0.0,0.1315377745353068,0.0,0.0,0.6568697242225642,0.7447091614237047,0.0,0.533732860116897,0.5697493588622138,0.106203481247669,0.0588525411445338,0.4778074494279938,0.9128578853897276,0.6804946285601411,0.6700349851043722,0.6627486479771488,0.8299280838319597,0.2467606073106781,0.0303716746320127,0.3136822692884005,0.3409780872418674,0.3689225361846493,0.0311527098138364,0.1625222024575607,0.0,0.0,0.0,0.0,0.0419085966986916,0.0,0.0,0.0,0.0,0.722329104821687,0.0,0.6194373828558167,0.7139753774719858,0.2267116420000879,0.3649292408520041,0.9501657796891352,0.0,0.4552465789327943,0.0,0.2577058662316441,0.4536395180792162,0.0,0.0,0.0,0.0,0.5772034393061292,0.0,0.0,0.0,0.6657833640899486,0.0,0.0,0.0,0.9430191302474408,0.3285065663223803,0.0,0.0,0.0
0.1033983246337924,0.0,0.6442266634868509,0.0793957636875166,0.0,0.5115814929193848,0.5525377534824889,0.2124734575960233,0.118830621959661,0.0,0.0235467571709197,0.657968841511745,0.5920899149749524,0.0,0.0,0.3214223335340411,0.9516073499922114,0.690180938396637,0.235258684314888,0.3273251614049903,0.0,0.5462620924927142,0.4519940195574336,0.4850450854623828,0.9123410522407288,0.8113316398688677,0.2666530406932883,0.231350981310368,0.1840771638139562,0.0,0.0754016445575143,0.0876472470574778,0.3583745088209138,0.0,0.0,0.0,0.4663026214310348,0.3077707447845211,0.0,0.2565436108059863,0.4087852688727109,0.0,0.0,0.0,0.2433333054170501,0.0,0.0,0.0,0.0,0.0,0.0,0.0,0.0,0.0,0.9149168129790156,0.0,0.8103755138626282,0.7451108899670333,0.0,0.0,0.0,0.90296253475682,0.2918351499726512,0.0,0.0,0.0,0.0,0.0,0.2680424340144042,0.8233553128458154,0.7090407355846738,0.0,0.7367513800096938,0.0,0.0,0.6798069104620241
0.0,0.0,0.5563721961260775,0.0,0.3595972862896383,0.4629424035862007,0.2004084661159581,0.4116764345429891,0.7945785760019746,0.0235467571709197,0.0,0.1974435901148836,0.3329754765285697,0.2347084947032857,0.0,0.0,0.0,0.0,0.7604936131114896,0.0,0.0,0.0,0.4258207670001779,0.0,0.0,0.239418685400766,0.5912220868914486,0.417865656708378,0.0,0.0,0.4394012746263642,0.1291940522993364,0.0,0.167526682170886,0.1346363053182904,0.239881671361671,0.0,0.0497085492258028,0.0,0.0,0.0,0.0,0.0355728049391037,0.0,0.0,0.0,0.0,0.7105054614478219,0.0,0.550949697137173,0.3876284044269872,0.0972348564956994,0.2322596175615153,0.7408685119189415,0.0,0.6431005397857459,0.0,0.1172060782810603,0.3356732176514053,0.0,0.0,0.0,0.0,0.5937863341751397,0.0,0.0,0.0,0.4584018166232566,0.0,0.0,0.0,0.6117493595418662,0.1910654208350169,0.0,0.0,0.0
0.0,0.0,0.697383531866713,0.0,0.0,0.4688544964206921,0.213047312057053,0.4456820593289283,0.241898123173384,0.657968841511745,0.1974435901148836,0.0,0.6272868225723546,0.0,0.0,0.0,0.5915542039605558,0.2592629024387849,0.448709538813074,0.0,0.0,0.0,0.6211767080301076,0.1203400948542993,0.4322437175499078,0.6369785636598086,0.3452514679990414,0.4742866223276893,0.0,0.0,0.0,0.0551891439933518,0.2070719828552379,0.0,0.0,0.0,0.2171843073915102,0.0,0.0,0.1797011499534773,0.0,0.0,0.0,0.0,0.0,0.0,0.0,0.0,0.0,0.0,0.0,0.0,0.0,0.0,0.6362506858777044,0.0,0.9106612870536546,0.6267493311057571,0.0,0.0,0.0,0.6197107241972553,0.1697184917555489,0.0,0.0,0.0,0.0,0.0,0.0351042686864977,0.5148671813673046,0.5356489214313688,0.0,0.7036855783448588,0.0,0.0,0.2731898260128377
0.4513140751457623,0.6011537687558188,0.6089036660191557,0.0,0.0,0.8112498723329992,0.5598520094693816,0.3795765926186689,0.6154060264542452,0.5920899149749524,0.3329754765285697,0.6272868225723546,0.0,0.0007599584089327,0.4446540170349639,0.3761982863727268,0.4644864287193477,0.4771988988195812,0.3515729485274189,0.659596946785792,0.0636823464049603,0.6762727150094962,0.6594648254173616,0.2068917361593885,0.5237027911573771,0.8084805113971222,0.6945304531374359,0.818409627289235,0.6492395410229018,0.5300092488479349,0.505881527532221,0.1048861043503788,0.254674804362562,0.1126005979623289,0.0479397273087793,0.0,0.039821259415446,0.1588556440275726,0.0,0.1117603860049015,0.0234861022748258,0.0,0.0,0.0,0.0,0.0,0.0,0.1390239619431649,0.0,0.0,0.7841059961870979,0.5247180889312072,0.2690755625709446,0.0,0.0,0.0,0.4809067711608235,0.0,0.0,0.5034198208539349,0.0,0.0,0.0,0.0,0.5381486320219974,0.0,0.6838623541208357,0.6926674352923506,0.0,0.6325140033095575,0.7901493073097278,0.7193966797168613,0.0,0.2911962051396923,0.0,0.0
0.0,0.0,0.0,0.1231623405153047,0.3419272397787735,0.3036012016231354,0.1834819759736537,0.2419780757679594,0.4454654257262932,0.0,0.2347084947032857,0.0,0.0007599584089327,0.0,0.0,0.0,0.0,0.0,0.0,0.0,0.5564314170469943,0.0,0.2028717042025984,0.0,0.0,0.0,0.367520365768559,0.1141186062097265,0.0,0.0,0.6202318730519553,0.3110558758618629,0.0,0.3977893239567235,0.0,0.4837811824486723,0.0,0.0,0.0,0.0,0.0,0.0,0.222334370169869,0.0,0.0,0.0,0.0,0.2599196179681224,0.0,0.0,0.0,0.0,0.0,0.432392303558085,0.0,0.1312509775729888,0.0,0.0,0.0,0.0,0.0,0.0,0.0,0.0,0.0,0.0,0.0,0.2738038119024389,0.0,0.0,0.0,0.3671266581927513,0.0,0.0,0.0,0.0
0.512433201632345,0.0,0.0,0.0,0.0,0.4726101868145101,0.0,0.3394713994926801,0.0,0.0,0.0,0.0,0.4446540170349639,0.0,0.0,0.0,0.0,0.0,0.0,0.6918880561187867,0.412527698464592,0.5550930406732086,0.4355720324970658,0.0,0.0,0.2389715376293719,0.6364029599490623,0.5941028417721586,0.4885897597477051,0.0,0.5750499025098958,0.1949769231978983,0.1596148170442793,0.1816618042686132,0.2812927732079984,0.08983555208557,0.0,0.0,0.0,0.0648529190860476,0.0,0.0,0.0,0.0,0.0,0.0,0.0609786726012728,0.0,0.0,0.0,0.320038069070353,0.0,0.2761900983498508,0.0,0.0,0.0,0.0,0.0492100569641126,0.0,0.8746566517414314,0.325279315337427,0.0,0.0,0.0,0.6229775440076445,0.4845642023892186,0.4456450009587981,0.4901255646287291,0.0,0.0382286100457158,0.3089582838134322,0.6034438178835713,0.1812692022612179,0.0604832796567991,0.0,0.0
0.368908223166933,0.5190446772153726,0.0,0.0,0.1284522325787662,0.2597549108499429,0.569774107560445,0.0,0.1315377745353068,0.3214223335340411,0.0,0.0,0.3761982863727268,0.0,0.0,0.0,0.3831757172807468,0.5795998718763449,0.0,0.0,0.0816815481487348,0.1825144635298045,0.0,0.036490769928588,0.4825848522888061,0.3016818982335006,0.2473367940318135,0.3040311153725203,0.4941241920808065,0.0,0.380368929734574,0.0,0.1048518965038583,0.0,0.1144568511726283,0.0,0.0,0.0,0.0,0.1009721544478026,0.319126905429454,0.0757977581881732,0.0,0.0,0.0,0.2657714530817824,0.4236135677460901,0.0,0.0,0.0,0.0,0.0,0.0,0.0,0.0,0.0,0.0,0.0,0.0,0.100318952817307,0.3264582954676464,0.0,0.4296368144866014,0.0,0.1054048989991015,0.2256034375772233,0.2121390798490747,0.0,0.0,0.4137252029332076,0.3331862588102615,0.3259745171004655,0.0,0.5899752476514155,0.0,0.4196415829350581
0.0,0.8716727303854201,0.0,0.0,0.0,0.3101318298720151,0.4498230273090818,0.0,0.0,0.9516073499922114,0.0,0.5915542039605558,0.4644864287193477,0.0,0.0,0.3831757172807468,0.0,0.7842226206423443,0.0,0.1780582767857524,0.0,0.478574585429295,0.0,0.4452260918985344,0.9234568313995284,0.7535356610101636,0.0,0.0944020441837728,0.0,0.0,0.0,0.0580945981406828,0.3786731999517502,0.0,0.0,0.0,0.0,0.2393190175520342,0.0,0.2940134253091784,0.0,0.0,0.0,0.0,0.0,0.0,0.0,0.0,0.0,0.0,0.0,0.0,0.0,0.0,0.9408635403691752,0.0,0.8091259226366267,0.0,0.0,0.0,0.0,0.9151916106405538,0.2853138036516103,0.0,0.0,0.0,0.0,0.0,0.213693341138342,0.7127551451798957,0.6244228134892464,0.0,0.0,0.0,0.0,0.0
0.2179157443644155,0.7084815671294892,0.0,0.0,0.0,0.2673530939594428,0.3962358923067793,0.0,0.0,0.690180938396637,0.0,0.2592629024387849,0.4771988988195812,0.0,0.0,0.5795998718763449,0.7842226206423443,0.0,0.0,0.1080804048065613,0.0,0.3769651497315587,0.1263268030391121,0.3194422053530348,0.8130942463881566,0.6319824371176337,0.1060271320867835,0.1819716856150922,0.2447180867170346,0.0908384726755307,0.0,0.0305629207542338,0.3967006486034336,0.0,0.0,0.0,0.0,0.0,0.1464254531774048,0.2556548887484505,0.3505017459898508,0.0,0.0,0.0,0.0,0.0,0.592973959237915,0.0,0.0,0.0,0.0,0.0,0.0,0.0,0.6575212378392082,0.0,0.4364666323240201,0.0,0.0,0.0,0.457959414455776,0.7035329294745737,0.575546898954988,0.0,0.0,0.0,0.4640185654456217,0.0,0.1485064111037297,0.6713701814632742,0.5439187708307782,0.0,0.0,0.0,0.0,0.6331792648402396
0.0,0.0,0.785055777886928,0.0,0.0897323029111936,0.4055604594065775,0.0270700271686334,0.3938822064343013,0.6568697242225642,0.235258684314888,0.7604936131114896,0.448709538813074,0.3515729485274189,0.0,0.0,0.0,0.0,0.0,0.0,0.0,0.0,0.0,0.4608551173049245,0.0,0.0,0.0,0.5287143300648612,0.3667789651316803,0.0,0.0,0.2305168761725596,0.1117613319370373,0.0,0.1174630344508387,0.0,0.0,0.1232945594538253,0.0,0.0,0.0,0.0,0.0,0.0,0.0,0.0,0.0,0.0,0.5903237615934149,0.0,0.4839988985141218,0.3713812143483727,0.0801578903164701,0.0328982359187616,0.6258326980927982,0.0,0.4558959374843883,0.0,0.2117721352557766,0.0691050732027464,0.0,0.0,0.0,0.0,0.7941429264835738,0.0,0.0,0.0,0.3800555226437066,0.0,0.0,0.0,0.5073069815103675,0.0,0.0,0.0,0.0
0.3521938634870174,0.2886152069384263,0.0,0.0,0.0,0.670591288442258,0.1452618430379681,0.4703572865635078,0.7447091614237047,0.3273251614049903,0.0,0.0,0.659596946785792,0.0,0.6918880561187867,0.0,0.1780582767857524,0.1080804048065613,0.0,0.0,0.0,0.8936575839050722,0.6419644955292725,0.0,0.0662561526769867,0.5330702833634346,0.7812341959497143,0.6867990379796042,0.6243416733462408,0.8910543008331389,0.5213003705427935,0.3398412411773865,0.2942207346056358,0.3687227417331956,0.1002159766017989,0.0,0.0,0.0,0.0,0.1186787211256269,0.0,0.0,0.0,0.0,0.0,0.0,0.5043285302112497,0.0,0.0,0.0,0.6227806604597632,0.0,0.1596133894013265,0.0,0.0,0.0,0.0,0.407800563666667,0.0,0.7264429656846839,0.7116870482692192,0.0,0.0,0.0,0.7618316057152839,0.0,0.7249366954028694,0.5795907230846385,0.0,0.4816159362745561,0.5495243508610357,0.6537936253734137,0.4829622180385457,0.0,0.0190607296208079,0.1537990781299782
0.5037313733067512,0.0,0.0,0.0,0.0,0.2466000223290579,0.0,0.1451752739168102,0.0,0.0,0.0,0.0,0.0636823464049603,0.5564314170469943,0.412527698464592,0.0816815481487348,0.0,0.0,0.0,0.0,0.0,0.0,0.0,0.0524321368281516,0.0,0.0,0.3570696166387138,0.2718730046804335,0.3670303213694195,0.0,0.4116862994872169,0.0,0.0,0.100136048190671,0.3504859390035844,0.0,0.0,0.0,0.0,0.0,0.0,0.1754763817568169,0.0,0.0,0.0,0.6388655037395353,0.0,0.0,0.0,0.0,0.0496055631457713,0.0,0.3417974801523416,0.0,0.0,0.0,0.0,0.0,0.0,0.3411262227685741,0.0,0.0,0.0,0.0,0.1673208222221444,0.8506857259587457,0.0,0.0835776370064959,0.0,0.0,0.0,0.4018150534729016,0.0,0.4254940048569739,0.0,0.0
0.3749449395863218,0.5598258506303612,0.0,0.0,0.0,0.5709589370436262,0.2358219390306971,0.378104189315593,0.533732860116897,0.5462620924927142,0.0,0.0,0.6762727150094962,0.0,0.5550930406732086,0.1825144635298045,0.478574585429295,0.3769651497315587,0.0,0.8936575839050722,0.0,0.0,0.5839761876710685,0.0,0.3413570145881067,0.6745903905416373,0.6319910040372627,0.6191126817253954,0.525280757513192,0.7673527748503948,0.3598954521274911,0.2707792958296117,0.4491078411851229,0.1709394848067534,0.0,0.0,0.0335440885219694,0.0,0.0,0.2939182450517104,0.0719356923793655,0.0,0.0,0.0,0.0,0.1811904663543978,0.6470048027483026,0.0,0.0,0.0,0.5997660816657326,0.0,0.0,0.0,0.0,0.0,0.0,0.0,0.0,0.6015871983843332,0.678963220603448,0.0,0.3868128702383938,0.0,0.7025110494277178,0.0,0.78292999750639,0.4864273399224477,0.0,0.5697633358570243,0.6500653249512213,0.540450347117546,0.6509063342048934,0.064784779010519,0.0,0.3839439691078018
0.3760422622192531,0.3745589158143157,0.672836143746618,0.0,0.0,0.7775544865387041,0.2087204083421798,0.8246623825353476,0.5697493588622138,0.4519940195574336,0.4258207670001779,0.6211767080301076,0.6594648254173616,0.2028717042025984,0.4355720324970658,0.0,0.0,0.1263268030391121,0.4608551173049245,0.6419644955292725,0.0,0.5839761876710685,0.0,0.445446152284922,0.2917058007207872,0.7138855347904736,0.626100682921689,0.4931951515776401,0.3130913349144599,0.6419238265593629,0.3941433860246273,0.3684978037811872,0.3777733464251032,0.3771802301655795,0.0556465522659375,0.0,0.0374511883163523,0.321202067206993,0.0,0.2695163029374416,0.0,0.0,0.0,0.0,0.0,0.0,0.518170609691869,0.2445596712673172,0.0,0.3889061726124732,0.6831082556033777,0.2433628118510233,0.6330321997679877,0.6827663308213329,0.0,0.0,0.0,0.5601650615579353,0.1186966169995186,0.4811513869204532,0.0,0.0,0.0,0.5015625642965401,0.6069094203199668,0.0,0.6204624110174367,0.8992000980112045,0.0,0.5235184414597341,0.6908567464277378,0.6019093389691589,0.5121408641007946,0.0,0.0039212441145596,0.1640512067527866
0.2733279554168225,0.0,0.0,0.0,0.0,0.0,0.251321457731378,0.3783787683185742,0.106203481247669,0.4850450854623828,0.0,0.1203400948542993,0.2068917361593885,0.0,0.0,0.036490769928588,0.4452260918985344,0.3194422053530348,0.0,0.0,0.0524321368281516,0.0,0.445446152284922,0.0,0.5305903633889333,0.5892083523739896,0.1009107254698876,0.0,0.0,0.0,0.1275090669740862,0.3331415592358049,0.3948536522174292,0.1928891425379825,0.0366977249729286,0.0260725827584369,0.2288480445841421,0.564661290546219,0.3267561495177817,0.2451425783118161,0.2273487880782936,0.0,0.0,0.0,0.3690779075513813,0.1340349883527419,0.0,0.0,0.0,0.0,0.0,0.0,0.0,0.0,0.3134863179450128,0.0,0.2163997037909187,0.0,0.0,0.0,0.1830872982283176,0.2877635773480111,0.2520109374902944,0.0,0.0,0.0,0.0,0.0,0.7642574514361641,0.4341926333891013,0.5223350200057376,0.0,0.2951935233736754,0.0,0.0,0.2986776521865398
0.1270061165495727,0.9136237683652464,0.0,0.0,0.0,0.4519301763886476,0.6175735350569401,0.0753365996310584,0.0588525411445338,0.9123410522407288,0.0,0.4322437175499078,0.5237027911573771,0.0,0.0,0.4825848522888061,0.9234568313995284,0.8130942463881566,0.0,0.0662561526769867,0.0,0.3413570145881067,0.2917058007207872,0.5305903633889333,0.0,0.7916021441531599,0.149733702433548,0.1266531498868847,0.0999985026821624,0.0,0.0,0.0,0.2962856835920273,0.0,0.0,0.0,0.0,0.4253700966819644,0.1080244308981232,0.2469923580523148,0.4700480403180843,0.0,0.0,0.0,0.0,0.0,0.7875108268048711,0.0,0.0,0.0,0.0,0.0,0.0,0.0,0.8450656921053188,0.0,0.6277903597872476,0.6965081651101772,0.0,0.0,0.3511346473735153,0.8402161024836671,0.3273457262260312,0.0,0.2695532742177185,0.0,0.5475834900476027,0.1439334621944424,0.2758466155743247,0.7884742900064717,0.684238709842234,0.0,0.0,0.4294805780067937,0.0,0.7585345235701811
0.4102276469977718,0.8024723239401866,0.0,0.0,0.0,0.7638490671077295,0.4928060406921312,0.4384051141252832,0.4778074494279938,0.8113316398688677,0.239418685400766,0.6369785636598086,0.8084805113971222,0.0,0.2389715376293719,0.3016818982335006,0.7535356610101636,0.6319824371176337,0.0,0.5330702833634346,0.0,0.6745903905416373,0.7138855347904736,0.5892083523739896,0.7916021441531599,0.0,0.5079213432058266,0.4896726386068733,0.3252584102262608,0.0,0.3690642252863496,0.2491675134511907,0.4474947213340687,0.1478326288952184,0.0,0.0,0.0,0.4079263616699472,0.0,0.3205527054142838,0.2000113252405083,0.0,0.0,0.0,0.0943774516465033,0.1833636645425041,0.8498801191987684,0.0,0.0,0.0,0.7679205079593759,0.0,0.0,0.0,0.6158601154648256,0.0,0.65784453806265,0.7941166550391585,0.0,0.3693832080056653,0.5539613337681647,0.6415962027338765,0.5442100799105848,0.0,0.5790847623524025,0.0,0.8073810648095382,0.6311083811486621,0.2707203445842669,0.8096299054819249,0.9331315645643892,0.5723536248076267,0.7794794682326384,0.163288655127588,0.0,0.4876516300845023
0.5567184047018912,0.3027658495804891,0.5810858984651364,0.0,0.1674330886421445,0.8660980080681124,0.4059466150314036,0.4018365465602817,0.9128578853897276,0.2666530406932883,0.5912220868914486,0.3452514679990414,0.6945304531374359,0.367520365768559,0.6364029599490623,0.2473367940318135,0.0,0.1060271320867835,0.5287143300648612,0.7812341959497143,0.3570696166387138,0.6319910040372627,0.626100682921689,0.1009107254698876,0.149733702433548,0.5079213432058266,0.0,0.72306823969059,0.8714127658911205,0.7280710817345463,0.8181230547161211,0.343263735679908,0.2000367762384228,0.4050505284395344,0.3526189672045661,0.2205424705102292,0.0351649110621642,0.1235560847447878,0.0,0.0,0.0,0.0,0.0,0.0,0.0,0.0,0.5373381613612476,0.4624340022095635,0.0,0.5436929084403518,0.7662972194351323,0.3873016702854288,0.2826672055488576,0.8954879986012428,0.0,0.1664197236295267,0.0,0.3193183582038532,0.2977572132920743,0.6797803907735245,0.0,0.0,0.0,0.5231490774393328,0.7504791401963986,0.3653372110415332,0.6383808229623694,0.631893218222908,0.0,0.0,0.5749866497468014,0.9616274845920344,0.3847177312586313,0.4320579096315321,0.0,0.2592004609325941
0.5402866864546169,0.2442654274251954,0.4962632507331241,0.0,0.1124343987401342,0.6025670681122658,0.3513183655392468,0.2765319248194531,0.6804946285601411,0.231350981310368,0.417865656708378,0.4742866223276893,0.818409627289235,0.1141186062097265,0.5941028417721586,0.3040311153725203,0.0944020441837728,0.1819716856150922,0.3667789651316803,0.6867990379796042,0.2718730046804335,0.6191126817253954,0.4931951515776401,0.0,0.1266531498868847,0.4896726386068733,0.72306823969059,0.0,0.7126708502420672,0.5743654379139689,0.6063027872043918,0.1014178831786157,0.079589578004705,0.1903212085510383,0.2330976914638648,0.0362694558722956,0.0,0.0,0.0,0.0350094451221502,0.0,0.0,0.0,0.0,0.0,0.0,0.0,0.3675389071115991,0.0,0.0,0.5549360652883705,0.0,0.1269301916474321,0.6493034684018408,0.0,0.0,0.2257110372981843,0.4303652172847363,0.0,0.6186654514422727,0.0,0.0,0.0,0.0,0.5288274466926922,0.3403820580905088,0.5127013901872999,0.5757299698175554,0.0,0.3616619375058321,0.5444561313019805,0.6854602739811495,0.570582116405216,0.215915660013192,0.0,0.1166545324125353
0.4918301740395714,0.2611255532288529,0.0,0.0,0.2426941983553628,0.6425318508046847,0.4432569304670712,0.1331744665457486,0.6700349851043722,0.1840771638139562,0.0,0.0,0.6492395410229018,0.0,0.4885897597477051,0.4941241920808065,0.0,0.2447180867170346,0.0,0.6243416733462408,0.3670303213694195,0.525280757513192,0.3130913349144599,0.0,0.0999985026821624,0.3252584102262608,0.8714127658911205,0.7126708502420672,0.0,0.553805197388098,0.6749606658443854,0.2151200855485027,0.1416975724282102,0.2994615000872737,0.2974020899913789,0.0832846539036681,0.0101358204272979,0.0,0.0,0.0,0.0,0.0,0.0,0.0,0.0,0.0,0.4681975105868446,0.2681290026383848,0.0,0.0,0.564118553282652,0.4108475854335245,0.0597908893068538,0.6252546722171517,0.0,0.0,0.0,0.277881162208776,0.0,0.5199858442104838,0.0,0.0,0.0,0.0,0.5016668490136039,0.4017170264593822,0.4156370127692916,0.3779381574071824,0.0,0.0,0.4261264600492578,0.7673935048744763,0.3225539367902821,0.5891905173802007,0.0,0.2491897399362623
0.0,0.0,0.0,0.0,0.0,0.6174433292128914,0.0,0.4844369878034868,0.6627486479771488,0.0,0.0,0.0,0.5300092488479349,0.0,0.0,0.0,0.0,0.0908384726755307,0.0,0.8910543008331389,0.0,0.7673527748503948,0.6419238265593629,0.0,0.0,0.0,0.7280710817345463,0.5743654379139689,0.553805197388098,0.0,0.4904473165721597,0.4628636537233614,0.0,0.3674210544426763,0.2032862581317816,0.0,0.0,0.0,0.0,0.0,0.0,0.0,0.0,0.0,0.0,0.0,0.0,0.0,0.0,0.0,0.0,0.0,0.0,0.0,0.0,0.0,0.0,0.0,0.0,0.0,0.0,0.0,0.0,0.0,0.6935393428849763,0.0,0.0,0.5827952782415544,0.0,0.0,0.0,0.5948302643831657,0.0,0.0,0.0,0.0
0.6120373740433418,0.1217778775287388,0.2131080452916275,0.0,0.1611497407694515,0.7112357269563571,0.3425571726621587,0.1940536426615939,0.8299280838319597,0.0754016445575143,0.4394012746263642,0.0,0.505881527532221,0.6202318730519553,0.5750499025098958,0.380368929734574,0.0,0.0,0.2305168761725596,0.5213003705427935,0.4116862994872169,0.3598954521274911,0.3941433860246273,0.1275090669740862,0.0,0.3690642252863496,0.8181230547161211,0.6063027872043918,0.6749606658443854,0.4904473165721597,0.0,0.4197783438303566,0.0944226316498981,0.4664438612257793,0.5489019333298125,0.3529464746387354,0.0,0.1960820824072543,0.0,0.0,0.0,0.0,0.0705496740529541,0.0,0.0,0.0,0.4063403901488406,0.0,0.0,0.0,0.6341618991260198,0.0,0.2842511259278691,0.0,0.0,0.0,0.0,0.0,0.0,0.6617565233292713,0.570013043774219,0.0,0.443221267781178,0.0,0.5912993006134836,0.5871476617412167,0.4849986361943396,0.4883935373534232,0.0,0.4048264979389488,0.5483925800967269,0.8722919173384316,0.0753910795260057,0.3859760935576805,0.0,0.0247981876770038
0.1995855792873065,0.1263139547425709,0.0488426454028229,0.0,0.0,0.3557540285596444,0.0,0.2540866935396476,0.2467606073106781,0.0876472470574778,0.1291940522993364,0.0551891439933518,0.1048861043503788,0.3110558758618629,0.1949769231978983,0.0,0.0580945981406828,0.0305629207542338,0.1117613319370373,0.3398412411773865,0.0,0.2707792958296117,0.3684978037811872,0.3331415592358049,0.0,0.2491675134511907,0.343263735679908,0.1014178831786157,0.2151200855485027,0.4628636537233614,0.4197783438303566,0.0,0.405656781604198,0.5311688140662191,0.3284830130067852,0.0232381671478127,0.0,0.1751950038076218,0.2956086295578556,0.2834201199432644,0.0501063326934296,0.0,0.0,0.0,0.0,0.2100477523460313,0.2675640580573797,0.2272558249422527,0.0,0.3666201584670071,0.2326211216971009,0.0917919232188615,0.264452455938858,0.285707502574718,0.0,0.1242248000979106,0.0,0.1077431390286036,0.0,0.2867587121513701,0.4816407174221342,0.0724486361370066,0.3629051996822753,0.2130626083821389,0.3330810059314076,0.0075867177028689,0.3023990494962661,0.3315197971174605,0.2399057725652366,0.3253372456590837,0.3067175287062237,0.2426936239241145,0.0,0.0,0.0,0.0
0.2386193285439667,0.3722769459627127,0.2583622419930819,0.0,0.0,0.2498562917590332,0.0,0.275420400153104,0.0303716746320127,0.3583745088209138,0.0,0.2070719828552379,0.254674804362562,0.0,0.1596148170442793,0.1048518965038583,0.3786731999517502,0.3967006486034336,0.0,0.2942207346056358,0.0,0.4491078411851229,0.3777733464251032,0.3948536522174292,0.2962856835920273,0.4474947213340687,0.2000367762384228,0.079589578004705,0.1416975724282102,0.0,0.0944226316498981,0.405656781604198,0.0,0.3109574009307692,0.0160219783867401,0.0,0.0,0.1047113277642095,0.2951278070237618,0.5303105205351686,0.2425633126251273,0.0,0.0,0.0,0.0710291850689645,0.0588355294828434,0.3728716455416334,0.0,0.0,0.0,0.0,0.0,0.0,0.0,0.3029614648810942,0.0,0.260876799759291,0.0,0.0,0.157443685558404,0.4137037762472043,0.3318405365634334,0.3072858078858565,0.0,0.264485714236863,0.0,0.363055849758098,0.2618153781061937,0.3358621143115631,0.3867326233366121,0.406452173073047,0.1248076716651144,0.2015431296121958,0.0,0.0,0.2575399304517928
0.3053191912574484,0.0,0.1185271132005764,0.0,0.0,0.2966910631955418,0.0,0.3565057391182138,0.3136822692884005,0.0,0.167526682170886,0.0,0.1126005979623289,0.3977893239567235,0.1816618042686132,0.0,0.0,0.0,0.1174630344508387,0.3687227417331956,0.100136048190671,0.1709394848067534,0.3771802301655795,0.1928891425379825,0.0,0.1478326288952184,0.4050505284395344,0.1903212085510383,0.2994615000872737,0.3674210544426763,0.4664438612257793,0.5311688140662191,0.3109574009307692,0.0,0.4494205656042295,0.0791507855674063,0.0,0.1767161808072948,0.1684986915143219,0.1553326773223125,0.0491799593980105,0.0,0.0,0.0,0.0,0.3054325987269944,0.1120698851510021,0.1752806198760509,0.0,0.0,0.2152626805602444,0.0695714402393018,0.1979581707928946,0.3854227987511674,0.0,0.0,0.0,0.0,0.0,0.1742359527492278,0.4654755307787096,0.0,0.2603803041924442,0.0,0.43865133328251,0.1327811905646431,0.2393751986914939,0.235902143753627,0.1322123422013463,0.2529177359053421,0.178932302516686,0.3763857734980313,0.0,0.1233617856490162,0.0,0.0
0.2692878628535006,0.0,0.0,0.0,0.1876294093358168,0.2194844442140703,0.0,0.0481930392251913,0.3409780872418674,0.0,0.1346363053182904,0.0,0.0479397273087793,0.0,0.2812927732079984,0.1144568511726283,0.0,0.0,0.0,0.1002159766017989,0.3504859390035844,0.0,0.0556465522659375,0.0366977249729286,0.0,0.0,0.3526189672045661,0.2330976914638648,0.2974020899913789,0.2032862581317816,0.5489019333298125,0.3284830130067852,0.0160219783867401,0.4494205656042295,0.0,0.2827969644284344,0.0,0.0873797655601487,0.0044637397882064,0.0,0.0,0.1303380219075927,0.0,0.1278842282335443,0.0,0.0,0.0,0.0,0.0,0.0,0.1049266473180763,0.0,0.0,0.0,0.0,0.0,0.0,0.0,0.0,0.2558264896078625,0.1579215282605598,0.0,0.0,0.0,0.1522293534548398,0.0,0.0,0.1284853309248428,0.0,0.0,0.0297971316343919,0.337028975854764,0.0,0.1377901529028952,0.0,0.0
0.0,0.0,0.0,0.320228510905248,0.4157933796476791,0.2167863418583068,0.2806381975914404,0.0296822467605692,0.3689225361846493,0.0,0.239881671361671,0.0,0.0,0.4837811824486723,0.08983555208557,0.0,0.0,0.0,0.0,0.0,0.0,0.0,0.0,0.0260725827584369,0.0,0.0,0.2205424705102292,0.0362694558722956,0.0832846539036681,0.0,0.3529464746387354,0.0232381671478127,0.0,0.0791507855674063,0.2827969644284344,0.0,0.1415429916429052,0.1867364299405146,0.0,0.0,0.042867970346484,0.0955288342189299,0.3044688406376426,0.0605886480141875,0.0127456992826131,0.0,0.0,0.2615237204455258,0.0,0.1558051076494403,0.1516449533341864,0.0492485892661537,0.2235343341927383,0.2864450537403525,0.0,0.2046146839374694,0.0,0.0,0.0,0.0,0.0,0.0,0.0,0.0,0.0730707175199801,0.0,0.0,0.0868789192534812,0.0,0.0,0.0,0.3085737844255298,0.0,0.2560629847629283,0.0,0.0
0.0,0.0,0.2886641194706332,0.3276891324625495,0.0,0.1823301345455928,0.2622532221176145,0.0,0.0311527098138364,0.4663026214310348,0.0,0.2171843073915102,0.039821259415446,0.0,0.0,0.0,0.0,0.0,0.1232945594538253,0.0,0.0,0.0335440885219694,0.0374511883163523,0.2288480445841421,0.0,0.0,0.0351649110621642,0.0,0.0101358204272979,0.0,0.0,0.0,0.0,0.0,0.0,0.1415429916429052,0.0,0.2247621349205795,0.0,0.0,0.2095786466931615,0.0246365606530653,0.2500509290983022,0.0,0.0,0.0,0.0,0.0,0.0,0.0,0.0,0.0,0.0,0.0,0.0,0.0,0.0,0.0,0.0,0.0,0.0,0.0,0.0,0.0,0.0,0.0,0.0,0.0,0.0,0.0,0.0,0.0,0.0,0.0,0.0,0.0
0.2284098455293198,0.0,0.0,0.2932431725550845,0.0,0.3708003235698922,0.3244317020176714,0.0,0.1625222024575607,0.3077707447845211,0.0497085492258028,0.0,0.1588556440275726,0.0,0.0,0.0,0.2393190175520342,0.0,0.0,0.0,0.0,0.0,0.321202067206993,0.564661290546219,0.4253700966819644,0.4079263616699472,0.1235560847447878,0.0,0.0,0.0,0.1960820824072543,0.1751950038076218,0.1047113277642095,0.1767161808072948,0.0873797655601487,0.1867364299405146,0.2247621349205795,0.0,0.3037522643916469,0.1155423136788917,0.1801944147583095,0.0109190493759453,0.0,0.0,0.368666320583397,0.0,0.0,0.0,0.0,0.0,0.0,0.0,0.0,0.0,0.1695502054101512,0.0,0.0148745572349991,0.0,0.0,0.0,0.0,0.0,0.0,0.0,0.0,0.0,0.0,0.0,0.3858351533372773,0.379368370416403,0.3680093010461863,0.0,0.0800903542708788,0.0,0.0,0.0
0.0,0.0776736512667929,0.0,0.0,0.0,0.0,0.0,0.0,0.0,0.0,0.0,0.0,0.0,0.0,0.0,0.0,0.0,0.1464254531774048,0.0,0.0,0.0,0.0,0.0,0.3267561495177817,0.1080244308981232,0.0,0.0,0.0,0.0,0.0,0.0,0.2956086295578556,0.2951278070237618,0.1684986915143219,0.0044637397882064,0.0,0.0,0.3037522643916469,0.0,0.224397410387182,0.2814484169999479,0.0371072635113079,0.1348890873354045,0.0,0.2705284854390904,0.0,0.0,0.0,0.0,0.0,0.0,0.0,0.0849488981219895,0.0,0.0323689345925967,0.0175758263582836,0.0,0.0,0.0987368805840616,0.0,0.0,0.0,0.0,0.0,0.0,0.0,0.0,0.0,0.3182322836354557,0.0,0.0,0.0,0.0,0.0785574384300667,0.1504943527794582,0.1261401242375877
0.1514146002434489,0.2956640692262269,0.0,0.0,0.0,0.0,0.0,0.0,0.0,0.2565436108059863,0.0,0.1797011499534773,0.1117603860049015,0.0,0.0648529190860476,0.1009721544478026,0.2940134253091784,0.2556548887484505,0.0,0.1186787211256269,0.0,0.2939182450517104,0.2695163029374416,0.2451425783118161,0.2469923580523148,0.3205527054142838,0.0,0.0350094451221502,0.0,0.0,0.0,0.2834201199432644,0.5303105205351686,0.1553326773223125,0.0,0.0,0.0,0.1155423136788917,0.224397410387182,0.0,0.2465562964185143,0.0,0.0,0.0,0.2065207552232781,0.0,0.2390669838887763,0.0,0.0,0.0,0.0579906867171291,0.0750594583672129,0.0462122743804671,0.0,0.2857429167195642,0.0,0.2593217303487525,0.2207457393003384,0.0,0.1199206575433223,0.1678750246750266,0.2475716179679655,0.0840379884563819,0.2064715149414892,0.1722359733087757,0.0,0.2667028359718354,0.1724062701400361,0.2083784869452487,0.1913587621275528,0.2911835574639358,0.0,0.2247221004422541,0.0,0.1855803941557576,0.2565425587490085
0.0,0.3931011363312675,0.1091835787258575,0.0,0.0,0.0338636328942284,0.1472223464196814,0.0,0.0,0.4087852688727109,0.0,0.0,0.0234861022748258,0.0,0.0,0.319126905429454,0.0,0.3505017459898508,0.0,0.0,0.0,0.0719356923793655,0.0,0.2273487880782936,0.4700480403180843,0.2000113252405083,0.0,0.0,0.0,0.0,0.0,0.0501063326934296,0.2425633126251273,0.0491799593980105,0.0,0.042867970346484,0.2095786466931615,0.1801944147583095,0.2814484169999479,0.2465562964185143,0.0,0.3442611862055915,0.1243561292690022,0.0340959069920742,0.2240751336964679,0.0,0.3554229695020657,0.0,0.3743869802406278,0.0,0.2234294810362545,0.3377186567454553,0.0,0.0,0.4156887729453154,0.0,0.2010535432688239,0.2463887161169693,0.0,0.0,0.0,0.3937320469010807,0.0465290413111095,0.0139392250733768,0.0216563827341354,0.0,0.1585720354384481,0.0,0.1157274970356696,0.2921859019006529,0.1964939960078126,0.0195518447681165,0.1882587382840893,0.2688469022715564,0.416567474826568,0.4578400899836181
0.0,0.0,0.0,0.0,0.0,0.0,0.0,0.0,0.0,0.0,0.0,0.0,0.0,0.0,0.0,0.0757977581881732,0.0,0.0,0.0,0.0,0.1754763817568169,0.0,0.0,0.0,0.0,0.0,0.0,0.0,0.0,0.0,0.0,0.0,0.0,0.0,0.1303380219075927,0.0955288342189299,0.0246365606530653,0.0109190493759453,0.0371072635113079,0.0,0.3442611862055915,0.0,0.1927179592283351,0.2373846833973806,0.1649873130936412,0.0,0.0,0.0,0.247257107856107,0.0,0.0,0.0,0.0104879815907823,0.0,0.0,0.0,0.0,0.0,0.0,0.0,0.0,0.0,0.0,0.0,0.0,0.1593039478262894,0.0,0.0,0.0,0.0,0.0,0.0,0.0,0.0707254089595316,0.1328852264004481,0.0
0.0,0.0,0.0,0.0,0.1003829522984618,0.0681309357300891,0.2872746130912393,0.0417446688198772,0.0419085966986916,0.0,0.0355728049391037,0.0,0.0,0.222334370169869,0.0,0.0,0.0,0.0,0.0,0.0,0.0,0.0,0.0,0.0,0.0,0.0,0.0,0.0,0.0,0.0,0.0705496740529541,0.0,0.0,0.0,0.0,0.3044688406376426,0.2500509290983022,0.0,0.1348890873354045,0.0,0.1243561292690022,0.1927179592283351,0.0,0.3701140353903245,0.2815315159385897,0.0,0.0,0.0241434710856834,0.2162644392786781,0.0,0.1219798572841061,0.1377164525902894,0.2268115022717065,0.0,0.0887689587100795,0.0,0.0311313415453935,0.0514364764441066,0.1359672541530514,0.0621396499306394,0.0,0.0,0.0,0.0558703432546146,0.0573146431511297,0.1996190609643966,0.1337736955160946,0.0399195026305933,0.1815307341552746,0.0,0.1274852451200744,0.0690357929961767,0.095243892730699,0.0312512312438746,0.0,0.1542998351795181
0.0,0.0,0.0,0.0,0.0,0.0,0.0,0.0,0.0,0.0,0.0,0.0,0.0,0.0,0.0,0.0,0.0,0.0,0.0,0.0,0.0,0.0,0.0,0.0,0.0,0.0,0.0,0.0,0.0,0.0,0.0,0.0,0.0,0.0,0.1278842282335443,0.0605886480141875,0.0,0.0,0.0,0.0,0.0340959069920742,0.2373846833973806,0.3701140353903245,0.0,0.1056436759470299,0.0,0.0,0.0589950424601736,0.1513895695046724,0.0425123339742,0.0146127111834621,0.0,0.0318081280952401,0.0109044900819557,0.0,0.0262940098130915,0.0,0.0,0.1031986222024838,0.0,0.0,0.0,0.0,0.0,0.0,0.0,0.0,0.0,0.0,0.0,0.0,0.0699655386636741,0.0,0.0,0.0,0.0
0.0,0.0,0.0,0.0,0.0,0.0,0.0,0.0,0.0,0.2433333054170501,0.0,0.0,0.0,0.0,0.0,0.0,0.0,0.0,0.0,0.0,0.0,0.0,0.0,0.3690779075513813,0.0,0.0943774516465033,0.0,0.0,0.0,0.0,0.0,0.0,0.0710291850689645,0.0,0.0,0.0127456992826131,0.0,0.368666320583397,0.2705284854390904,0.2065207552232781,0.2240751336964679,0.1649873130936412,0.2815315159385897,0.1056436759470299,0.0,0.0203293242027093,0.0,0.0,0.0,0.0,0.1119090096278776,0.2569772420152159,0.0,0.0,0.216260904866423,0.0,0.0412225612896249,0.0605350544765718,0.0,0.0,0.0,0.1639322636811748,0.0,0.0,0.0,0.0,0.0,0.0,0.3365365117858063,0.1896241949639278,0.1119200499211427,0.0,0.0277922107209374,0.0,0.0,0.2352253260019773
0.7135317838151806,0.0,0.0,0.0,0.0,0.0,0.0,0.0,0.0,0.0,0.0,0.0,0.0,0.0,0.0,0.2657714530817824,0.0,0.0,0.0,0.0,0.6388655037395353,0.1811904663543978,0.0,0.1340349883527419,0.0,0.1833636645425041,0.0,0.0,0.0,0.0,0.0,0.2100477523460313,0.0588355294828434,0.3054325987269944,0.0,0.0,0.0,0.0,0.0,0.0,0.0,0.0,0.0,0.0,0.0203293242027093,0.0,0.1713146251212348,0.0,0.0,0.0,0.4094419295432725,0.0,0.3708107638136353,0.0,0.0,0.0,0.0,0.0396061146262802,0.0,0.6398738164206141,0.3933301936562166,0.0,0.3894462143048304,0.0,0.4732370811914129,0.7676910374738722,0.3148082338753881,0.4137846536876464,0.0794150689922184,0.1975598954766396,0.3526530763432971,0.7152768223851452,0.0611134886996965,0.4414003182383108,0.0,0.014011656905504
0.2549777031830567,0.9021013301480868,0.0,0.0,0.0,0.6934666918670869,0.0,0.0,0.0,0.0,0.0,0.0,0.0,0.0,0.0609786726012728,0.4236135677460901,0.0,0.592973959237915,0.0,0.5043285302112497,0.0,0.6470048027483026,0.518170609691869,0.0,0.7875108268048711,0.8498801191987684,0.5373381613612476,0.0,0.4681975105868446,0.0,0.4063403901488406,0.2675640580573797,0.3728716455416334,0.1120698851510021,0.0,0.0,0.0,0.0,0.0,0.2390669838887763,0.3554229695020657,0.0,0.0,0.0,0.0,0.1713146251212348,0.0,0.0,0.0,0.0,0.8597827519305775,0.7528149622964672,0.1439233397664858,0.4767141256638327,0.7114311001018134,0.0,0.0,0.7939971992428513,0.0,0.2364372087980639,0.7303981882454381,0.8167679435125027,0.5904291065839901,0.0,0.5500312509640838,0.0,0.7778673133966264,0.4899191400656676,0.0,0.957019970758987,0.8991062728568839,0.636986212451548,0.7986926988864118,0.4283828464584995,0.0,0.6550960308331307
