0.0,0.5405294535977526,0.0,0.0,0.0,0.0,0.0,0.0,0.0,0.0,0.0,0.0,0.0,0.0,0.0,0.8607816163424252,0.0,0.6154765708822567,0.0,0.0,0.0,0.0598935206452021,0.0,0.5789976349786756,0.8503751353077986,0.5667087258926768,0.0,0.0,0.0,0.0,0.5253756598637839,0.2170723415666269,0.7715184246991983,0.8365458925303426,0.3216916759472618,0.0,0.0,0.0,0.3172849811367853,0.4105281421528463,0.0,0.0,0.0,0.0,0.0,0.4954506810768759,0.0,0.0,0.0,0.0,0.0,0.0,0.0,0.0,0.0,0.0,0.0,0.0,0.0,0.0,0.0,0.0,0.0,0.0,0.0,0.0,0.6123621959293505,0.0,0.3268139230228455,0.0,0.0,0.0,0.0,0.0,0.0,0.0
0.5405294535977526,0.0,0.0,0.0,0.0,0.0,0.0,0.2003509292415968,0.0,0.0,0.0,0.0,0.2430519035825895,0.0,0.0,0.4919598467219229,0.0,0.436360469549699,0.0,0.0,0.0,0.0,0.0,0.0,0.7514012372944161,0.6124181750895122,0.0,0.0,0.0,0.0,0.0,0.0,0.6615845622320963,0.4391649045310558,0.5458925029000723,0.0,0.0,0.0,0.0,0.4751157760517186,0.0,0.0,0.0,0.0,0.0,0.0,0.0,0.0,0.0,0.0,0.0,0.0,0.0,0.0,0.0,0.0,0.0,0.0,0.0,0.0,0.0,0.0,0.0,0.0,0.4338065463945369,0.0,0.2708651223662509,0.0,0.0,0.0,0.0,0.6717571629615848,0.0,0.4591521707923985,0.0,0.0
0.0,0.0,0.0,0.0,0.4154503946534802,0.4727597997138569,0.368347237245816,0.4509313892217402,0.4706773274773029,0.4057206419884483,0.6336375007136029,0.0,0.4027337760777357,0.3012283209394229,0.0,0.0,0.0,0.0,0.4337256277579428,0.0,0.0,0.0,0.5008565906639414,0.0,0.0,0.0,0.4035777290822523,0.3365554696174643,0.0,0.0,0.1529021682440686,0.3145075139540403,0.0,0.0584412366163207,0.0,0.1726628686503193,0.0,0.0,0.3669332376967806,0.0,0.0,0.0,0.105048601986284,0.0,0.0,0.0,0.0,0.6374927710953527,0.0,0.2064299895188978,0.1741360514602493,0.0,0.2538534969699441,0.5627854536550265,0.0,0.5686686054040578,0.0,0.0,0.1994385264529394,0.0,0.0,0.0,0.0,0.1850075156867513,0.0,0.0,0.0,0.3062336380833741,0.0,0.0,0.0,0.0,0.0,0.0,0.0,0.0
0.0,0.0,0.0,0.0,0.140030740141444,0.0,0.0851042918039611,0.2340507365963686,0.0,0.0,0.0,0.0,0.1882566879073684,0.1659275030507493,0.0,0.0,0.0,0.0,0.0,0.0,0.0,0.0,0.0,0.0,0.0,0.0,0.0,0.0,0.0,0.0,0.0,0.0,0.0,0.3011380334652055,0.3304735312819951,0.3385719959188599,0.2236751071253293,0.0,0.0,0.0,0.0,0.0,0.0,0.0,0.0,0.0,0.0,0.0,0.0,0.0,0.0,0.0,0.0,0.0,0.0,0.0,0.0,0.0,0.0,0.0,0.0,0.0,0.0,0.0,0.0,0.0,0.0,0.0,0.0,0.0,0.0,0.0,0.0,0.0,0.0,0.0
0.0,0.0,0.4154503946534802,0.140030740141444,0.0,0.1803466008002134,0.6690351719819678,0.1398197933092161,0.5031001390723142,0.5171706118094983,0.4897334632151177,0.3005639583358719,0.3790800994357714,0.2921091706795505,0.0,0.0,0.0,0.0,0.1611356051195811,0.2092173744689136,0.0,0.3625247751613601,0.1668983030657241,0.0,0.06845376911489,0.0,0.2123025759327113,0.4094275670988161,0.1962744939124239,0.0,0.4170808725463223,0.5258602372428933,0.0,0.2383159658915499,0.0,0.181742931604122,0.0876729625874359,0.1091833252154722,0.0,0.0,0.0,0.0,0.1627145939087849,0.0,0.0,0.0,0.0,0.1901176693871731,0.0,0.0,0.0,0.0,0.1147472390204218,0.4759429751903644,0.0,0.3183773794676017,0.0,0.0,0.0,0.0,0.0,0.0,0.0,0.0,0.0,0.0,0.0,0.1722736155072976,0.0,0.0,0.0,0.0,0.0,0.0,0.0,0.0
0.0,0.0,0.4727597997138569,0.0,0.1803466008002134,0.0,0.4809776619892021,0.6755437806955312,0.4529033032684931,0.6202707947453034,0.0,0.0,0.8151979792614448,0.0060913433844495,0.5449999756095912,0.0,0.0,0.0,0.3105278793021632,0.6764182233460826,0.5317919235425677,0.3891302389762447,0.820159194292445,0.0,0.0,0.3061585650023211,0.8186237136704098,0.7224111226560411,0.7561745140230687,0.3348424148426423,0.0,0.2782040593716411,0.0,0.0,0.0,0.0,0.211183940441574,0.0,0.1070655307591123,0.0,0.3167320466426009,0.3275661792219777,0.1953603315267959,0.0,0.0,0.0,0.0,0.4627462499004026,0.0,0.0,0.1877418136021972,0.5577127970364597,0.5525386264441366,0.3092157550701739,0.0,0.0174868910930753,0.0,0.5563087992029753,0.0,0.0,0.0,0.0,0.0,0.0,0.0,0.2254305465752759,0.0,0.372813543999628,0.0,0.0,0.0,0.0,0.20186429872657,0.0,0.0,0.1052790550297662
0.0,0.0,0.368347237245816,0.0851042918039611,0.6690351719819678,0.4809776619892021,0.0,0.2981095494112599,0.3675699653662106,0.7222397905461313,0.1442097981330932,0.5436640727630367,0.6302211029038727,0.2346341899619722,0.0,0.0,0.6847011954780917,0.3567868232834988,0.0349154944674123,0.4082144643807011,0.0,0.4023751304854824,0.3293859285271484,0.0,0.0,0.2345877926827731,0.4805512870535398,0.5132510190423791,0.5350499959146504,0.0,0.2887924482933019,0.529635953169905,0.0,0.0249605079066497,0.0,0.0602579457306921,0.0850354548568346,0.1112585936226119,0.0,0.0,0.0,0.0,0.0,0.0,0.0,0.0,0.0,0.0,0.0,0.0,0.0549229600766565,0.0,0.0,0.0,0.0,0.0,0.0,0.0,0.0,0.0,0.0,0.0,0.0,0.0,0.0,0.0,0.0,0.2060734106679916,0.0,0.0,0.0,0.0,0.0,0.0,0.0,0.0
0.0,0.2003509292415968,0.4509313892217402,0.2340507365963686,0.1398197933092161,0.6755437806955312,0.2981095494112599,0.0,0.0,0.3486541058377311,0.0,0.0,0.6316874764108441,0.3235353719032507,0.0129600708140524,0.0,0.0,0.0,0.1788493506447225,0.127416588680426,0.0570102544967401,0.0,0.7426879363947672,0.3348651773095928,0.0,0.4859887567314894,0.3275006563677382,0.2980718406234741,0.2112313077456704,0.1016337314266636,0.0,0.162599029847251,0.0,0.0,0.0,0.1358846992702519,0.1732777461210483,0.0,0.1508879258785292,0.0,0.0,0.0,0.3263986902337649,0.0,0.0,0.0,0.0,0.5271289014924658,0.0,0.0101029554918053,0.5284525828446239,0.2638290679405691,0.7711020260644026,0.0920869038849883,0.0,0.2230438984099865,0.0,0.5861576329639575,0.4308096329447352,0.0,0.0,0.0,0.0,0.0,0.0,0.0,0.0,0.531413906868764,0.0,0.0,0.0,0.0,0.2047513665456339,0.0,0.0,0.0
0.0,0.0,0.4706773274773029,0.0,0.5031001390723142,0.4529033032684931,0.3675699653662106,0.0,0.0,0.5298593779330024,0.4721382716017822,0.3729689877929312,0.2228141795700395,0.0,0.0,0.0,0.0,0.0,0.5374937563418404,0.7507222305798341,0.0,0.6322135661008875,0.3350512187526813,0.0,0.0,0.0,0.6797700393994948,0.6484897367900837,0.6443509153201498,0.3405794764612083,0.1563791212837648,0.252048641252049,0.0,0.0,0.0,0.0,0.0821848283496398,0.1117584500629622,0.0970591555327395,0.0,0.0,0.0,0.0,0.0,0.0,0.0,0.0,0.3457846116421461,0.0,0.0,0.0,0.0,0.0,0.7537933473727448,0.0,0.1823165050132358,0.0,0.0,0.0944531175494346,0.0,0.0,0.0,0.0,0.0738368375286686,0.0,0.0,0.0,0.0862984250217504,0.0,0.0,0.0,0.0,0.0,0.0,0.0,0.0
0.0,0.0,0.4057206419884483,0.0,0.5171706118094983,0.6202707947453034,0.7222397905461313,0.3486541058377311,0.5298593779330024,0.0,0.1604285672276694,0.7542073161719354,0.575567736189387,0.0866927785885384,0.0,0.0,0.7025196938560639,0.044020439849397,0.2592998038650671,0.0,0.0,0.6042818312309256,0.5442632947353617,0.0,0.0,0.1939354300795461,0.7227343305339026,0.6175684616159984,0.0,0.0,0.1854442021484685,0.4523010005021725,0.0,0.0,0.0,0.0,0.0613354580187993,0.1116785559640663,0.3005999219698031,0.0,0.4279998249415176,0.0,0.0,0.0,0.2133588579920539,0.0,0.0,0.0,0.0,0.0,0.0,0.0,0.0,0.0,0.8054999112659034,0.0,0.6391658036059882,0.0,0.0,0.0,0.0,0.7310110571460479,0.5416227118272553,0.0,0.0,0.0,0.0,0.0,0.0437273427321645,0.727779527385927,0.7553775917808685,0.0,0.3836950759901834,0.0,0.0,0.3673183821616819
0.0,0.0,0.6336375007136029,0.0,0.4897334632151177,0.0,0.1442097981330932,0.0,0.4721382716017822,0.1604285672276694,0.0,0.0,0.0,0.1797328170752842,0.0,0.0,0.0,0.0,0.5015947429471341,0.0,0.0,0.0,0.0756893232762167,0.0,0.0,0.0,0.1107843037828456,0.0,0.0,0.0,0.1523985439155671,0.1150668995142709,0.0819716120536258,0.1285961330481512,0.0,0.1060235753830283,0.0,0.0,0.1644851997879299,0.0,0.0,0.0,0.0,0.0,0.0,0.0,0.0,0.4967330028849923,0.0,0.320183120003788,0.0,0.0541128426766879,0.0,0.5610121845716571,0.0,0.7559020609833395,0.0,0.0,0.0481730213456514,0.0,0.0,0.0,0.0,0.3568167578211204,0.0,0.0,0.0,0.0856280328315115,0.0,0.0,0.0,0.1408538146012407,0.0,0.0,0.0,0.0
0.0,0.0,0.0,0.0,0.3005639583358719,0.0,0.5436640727630367,0.0,0.3729689877929312,0.7542073161719354,0.0,0.0,0.7629514578906001,0.0,0.0,0.0,0.5292155748351516,0.0,0.0,0.0,0.0,0.0,0.0,0.0722942262850001,0.0,0.3860004410906854,0.0,0.6769703412702175,0.0,0.0,0.0,0.2918546865587171,0.0,0.0,0.0,0.0733351940748341,0.2285427626424663,0.0,0.1162907342073064,0.0,0.2411118045973446,0.0,0.0,0.0,0.1691789572598525,0.0,0.0,0.0,0.0,0.0,0.0,0.0,0.0,0.0,0.5663439021535775,0.0,0.8471683057725364,0.0,0.0,0.0,0.0,0.7113432288578796,0.3129592924283214,0.0,0.0,0.0,0.0,0.0,0.0,0.4546813110110273,0.6621713877739536,0.0,0.0,0.0,0.0,0.050903441854377
0.0,0.2430519035825895,0.4027337760777357,0.1882566879073684,0.3790800994357714,0.8151979792614448,0.6302211029038727,0.6316874764108441,0.2228141795700395,0.575567736189387,0.0,0.7629514578906001,0.0,0.0599204241243875,0.2029531458600413,0.0,0.5521110820852146,0.3490494024328554,0.0719085972407914,0.331026481792583,0.225010414056999,0.2739775028654871,0.5043055322874128,0.0507987234262293,0.0,0.5772409687499549,0.4688857646617085,0.7150677616512447,0.4887004431461671,0.0630658620430875,0.0,0.4051757068720723,0.0,0.0,0.0,0.1195702560820887,0.2415153238165359,0.0,0.2230268231199903,0.0,0.0,0.0,0.2471804908766176,0.0,0.0,0.0,0.0,0.3664820863986796,0.0,0.0,0.3185825493658816,0.0,0.3931864993759901,0.0,0.0,0.0,0.0,0.0,0.0,0.0,0.0,0.0,0.0,0.0,0.0,0.0,0.0,0.1758171099811788,0.0,0.0,0.0,0.0,0.0,0.0,0.0,0.0
0.0,0.0,0.3012283209394229,0.1659275030507493,0.2921091706795505,0.0060913433844495,0.2346341899619722,0.3235353719032507,0.0,0.0866927785885384,0.1797328170752842,0.0,0.0599204241243875,0.0,0.0,0.0,0.0,0.0,0.0,0.0,0.0,0.0,0.1947611933732258,0.0,0.0,0.0,0.0,0.0,0.0,0.0,0.2270005626108187,0.2520202327415328,0.0,0.3311622016345888,0.0,0.3413193054170849,0.0332952556075278,0.0,0.0,0.0,0.0,0.0,0.234204504947435,0.0,0.0,0.0,0.0,0.1708620842681518,0.0,0.0,0.0,0.0,0.0,0.0090806763161569,0.0,0.2540397364622286,0.0,0.0,0.0,0.0,0.0,0.0,0.0,0.0,0.0,0.0,0.0,0.3750410430959345,0.0,0.0,0.0,0.0,0.0,0.0,0.0,0.0
0.0,0.0,0.0,0.0,0.0,0.5449999756095912,0.0,0.0129600708140524,0.0,0.0,0.0,0.0,0.2029531458600413,0.0,0.0,0.0,0.0,0.0,0.0,0.9056683216463496,0.8976902921988585,0.7172395008504455,0.4500691548043213,0.0,0.0,0.0,0.7798468559689561,0.5782811243347077,0.8540462504011842,0.0,0.1167685061726801,0.2094272954792354,0.0,0.0,0.0,0.0,0.0,0.0,0.0223950042069667,0.0,0.5854695905490616,0.5577330022878528,0.0,0.0,0.0,0.0,0.5957364234645905,0.0,0.0,0.0,0.0,0.0,0.0323985844767046,0.0,0.0,0.0,0.0,0.0,0.0,0.2648617956236894,0.7999676856808497,0.0,0.0,0.0,0.0,0.7243539306458665,0.0,0.1785986040757938,0.0,0.0,0.5291560522781305,0.0,0.1699564668105724,0.0,0.0,0.7438741791369632
0.8607816163424252,0.4919598467219229,0.0,0.0,0.0,0.0,0.0,0.0,0.0,0.0,0.0,0.0,0.0,0.0,0.0,0.0,0.1974732416432227,0.8343747354767389,0.0,0.0,0.0,0.0502191449680703,0.0,0.3679566917555423,0.7670600480658066,0.4893860850818137,0.0,0.0,0.0,0.0,0.5773218377701966,0.3194010986957978,0.6111134023001573,0.7832959612562879,0.2752012441697503,0.0,0.0,0.0,0.337572588937801,0.1383937403004185,0.0,0.0,0.0,0.0,0.0,0.280221819738748,0.0,0.0,0.0,0.0,0.0,0.0,0.0,0.0,0.0,0.0,0.0,0.0,0.0,0.2300040039224147,0.0,0.0,0.0,0.0,0.5835520522607822,0.0,0.5066863148463955,0.0,0.0,0.0,0.0,0.0,0.0,0.0,0.0,0.0
0.0,0.0,0.0,0.0,0.0,0.0,0.6847011954780917,0.0,0.0,0.7025196938560639,0.0,0.5292155748351516,0.5521110820852146,0.0,0.0,0.1974732416432227,0.0,0.4297137395093165,0.0,0.5162504496143089,0.0,0.5323155252767175,0.0,0.0,0.0,0.2766903246473968,0.0,0.696104146813843,0.0,0.0,0.4219683416365138,0.5341606269411832,0.0,0.0,0.0,0.0,0.0,0.1702580393988954,0.0,0.0,0.494546110810113,0.0,0.0,0.0,0.0,0.0,0.0,0.0,0.0,0.0,0.0,0.0,0.0,0.0,0.633766791960599,0.0,0.4089775399744844,0.0,0.0,0.0,0.0,0.6355242285933633,0.3780460650404893,0.0,0.0,0.0,0.0,0.0,0.0,0.3475540514144917,0.4924600471985791,0.0,0.0,0.0,0.0,0.0
0.6154765708822567,0.436360469549699,0.0,0.0,0.0,0.0,0.3567868232834988,0.0,0.0,0.044020439849397,0.0,0.0,0.3490494024328554,0.0,0.0,0.8343747354767389,0.4297137395093165,0.0,0.0,0.0,0.0,0.1258475470230194,0.0,0.2627569114275708,0.6708086133869964,0.568226931449871,0.0,0.1244810329923597,0.0,0.0,0.5700540451032718,0.5532281364049435,0.3425172011202895,0.6380761376705212,0.0603648754836851,0.0,0.0,0.0,0.5385656730749119,0.0,0.1338208828203847,0.0,0.0,0.0,0.0,0.1744514353213308,0.0,0.0,0.0,0.0,0.0,0.0,0.0,0.0,0.0610994894487306,0.0,0.0,0.0,0.0,0.0,0.0,0.0,0.0,0.0,0.0,0.0,0.2339862372154815,0.0,0.0245979941300948,0.0,0.0,0.0,0.0,0.0,0.0,0.0
0.0,0.0,0.4337256277579428,0.0,0.1611356051195811,0.3105278793021632,0.0349154944674123,0.1788493506447225,0.5374937563418404,0.2592998038650671,0.5015947429471341,0.0,0.0719085972407914,0.0,0.0,0.0,0.0,0.0,0.0,0.0,0.0,0.0,0.4568828122212938,0.0,0.0,0.0,0.4968437939654831,0.2314912320039474,0.0,0.0,0.0,0.0,0.0,0.0,0.0,0.0,0.2393724534177206,0.0,0.0,0.0,0.0,0.0,0.1631286805984814,0.0,0.0,0.0,0.0,0.6082549251053878,0.0,0.0,0.0,0.0,0.148866159337547,0.5427188169604696,0.0,0.4706670343044597,0.0,0.0,0.0955110214435243,0.0,0.0,0.0,0.0,0.5631093058983326,0.0,0.0,0.0,0.2431369468288358,0.0,0.0,0.0,0.0,0.0,0.0,0.0,0.0
0.0,0.0,0.0,0.0,0.2092173744689136,0.6764182233460826,0.4082144643807011,0.127416588680426,0.7507222305798341,0.0,0.0,0.0,0.331026481792583,0.0,0.9056683216463496,0.0,0.5162504496143089,0.0,0.0,0.0,0.8817133909593212,0.7660168924430008,0.5796637767165257,0.0,0.0,0.0,0.9376154665463992,0.6727661497441475,0.945066903144432,0.6329982420387217,0.0,0.1806835765759962,0.0,0.0,0.0,0.0,0.1222657104825442,0.0,0.0,0.0,0.5242176501530068,0.3093505124391023,0.0,0.0,0.0,0.0,0.7901748785964744,0.0,0.0,0.0,0.0,0.0,0.1716571436025311,0.0,0.0,0.0,0.0,0.0,0.0,0.0785049995144661,0.0,0.0,0.0,0.0,0.0,0.6847482949610377,0.0,0.2729099338456845,0.0,0.0,0.6597832695848875,0.0,0.2052346331822981,0.0,0.0,0.6969675391971465
0.0,0.0,0.0,0.0,0.0,0.5317919235425677,0.0,0.0570102544967401,0.0,0.0,0.0,0.0,0.225010414056999,0.0,0.8976902921988585,0.0,0.0,0.0,0.0,0.8817133909593212,0.0,0.6009905931780103,0.468336455862944,0.0,0.0,0.0,0.7689105685255954,0.5759095186131928,0.8937713793526804,0.6146043338972162,0.1588097564652482,0.1466896614556907,0.0,0.0,0.0,0.0,0.0,0.0,0.0340710409749662,0.0,0.550711282519364,0.3745126145765013,0.0,0.0,0.0,0.3363361124669115,0.5794490806349244,0.0,0.0,0.0,0.0,0.0,0.1144386317839437,0.0,0.0,0.0,0.0,0.0,0.0,0.2140423046744087,0.8664248676681936,0.0,0.0,0.0,0.0,0.8336364978971186,0.0,0.2545837245938894,0.0,0.7515984693987682,0.6093519208410336,0.0,0.1518252480363609,0.0,0.0,0.6942667670543944
0.0598935206452021,0.0,0.0,0.0,0.3625247751613601,0.3891302389762447,0.4023751304854824,0.0,0.6322135661008875,0.6042818312309256,0.0,0.0,0.2739775028654871,0.0,0.7172395008504455,0.0502191449680703,0.5323155252767175,0.1258475470230194,0.0,0.7660168924430008,0.6009905931780103,0.0,0.3253478519762266,0.0,0.0,0.1171803179590599,0.6644050331688335,0.5177516675383297,0.5187020747898856,0.3217725941913097,0.3179166283819558,0.4168584612026727,0.0,0.0,0.0,0.0,0.0412158229217143,0.0,0.2484133353205158,0.0,0.4467723475982351,0.18364910041776,0.0,0.0,0.0,0.3360574504952334,0.5185267646725957,0.0,0.0,0.0,0.0,0.0,0.0,0.0,0.0,0.0,0.0,0.0,0.0,0.2808812656878056,0.4502886600898824,0.0,0.2366661740689933,0.0,0.0,0.5024670612292258,0.1876179831852035,0.050728328979048,0.0,0.4296470952383894,0.4891595201518723,0.0,0.0,0.0,0.0,0.6052185732060382
0.0,0.0,0.5008565906639414,0.0,0.1668983030657241,0.820159194292445,0.3293859285271484,0.7426879363947672,0.3350512187526813,0.5442632947353617,0.0756893232762167,0.0,0.5043055322874128,0.1947611933732258,0.4500691548043213,0.0,0.0,0.0,0.4568828122212938,0.5796637767165257,0.468336455862944,0.3253478519762266,0.0,0.0,0.0,0.1300866913482297,0.7844963818036658,0.4036650005771912,0.6073204220978883,0.4471399870102752,0.0,0.0869675744274307,0.0,0.0,0.0,0.0,0.2777897139085096,0.0,0.0386918263812618,0.0,0.1052176961599146,0.1487974337341564,0.30868217266804,0.0,0.0,0.0,0.7044812751008064,0.7103855212209673,0.0,0.169647898166885,0.3318340639830588,0.5751479753737195,0.754427876191371,0.2749411042320752,0.0,0.2810086044516341,0.0,0.4463469755160654,0.3902093654120184,0.0,0.0,0.0,0.0,0.1155040842205803,0.0,0.3037788132136805,0.0,0.7966893203879851,0.0,0.0,0.6970516085836178,0.0,0.0796096991594846,0.0,0.0,0.1197707747336126
0.5789976349786756,0.0,0.0,0.0,0.0,0.0,0.0,0.3348651773095928,0.0,0.0,0.0,0.0722942262850001,0.0507987234262293,0.0,0.0,0.3679566917555423,0.0,0.2627569114275708,0.0,0.0,0.0,0.0,0.0,0.0,0.4999202715666857,0.5784347724687878,0.0,0.0,0.0,0.0,0.2477522205761676,0.0662938827236397,0.5434805469783395,0.5294938608860129,0.1783747582611666,0.3565374481453757,0.0,0.1197671855973631,0.2038853336177207,0.3516451486291807,0.0,0.0,0.0,0.0,0.0,0.4082897893878794,0.0,0.0,0.0,0.0,0.0,0.0,0.0,0.0,0.0,0.0,0.174458659656219,0.0,0.0,0.0,0.0,0.0,0.0,0.0,0.0,0.0,0.0,0.0,0.7246907125721891,0.0,0.0727186267057884,0.0,0.0,0.0,0.0,0.0
0.8503751353077986,0.7514012372944161,0.0,0.0,0.06845376911489,0.0,0.0,0.0,0.0,0.0,0.0,0.0,0.0,0.0,0.0,0.7670600480658066,0.0,0.6708086133869964,0.0,0.0,0.0,0.0,0.0,0.4999202715666857,0.0,0.5431924920310861,0.0,0.0,0.0,0.0,0.3467980375507742,0.1306256023736997,0.76516679999348,0.7585591173424048,0.4779307137303108,0.0,0.0,0.0,0.2297052209643034,0.4277915187983919,0.0,0.0,0.0,0.0,0.0,0.1839808048809114,0.0,0.0,0.0,0.0,0.0,0.0,0.0,0.0,0.0,0.0,0.0,0.0,0.0,0.0,0.0,0.0,0.0,0.0,0.6594727451257457,0.0,0.566663188718964,0.0,0.2438186668356741,0.0,0.0,0.0,0.0,0.0,0.0,0.0
0.5667087258926768,0.6124181750895122,0.0,0.0,0.0,0.3061585650023211,0.2345877926827731,0.4859887567314894,0.0,0.1939354300795461,0.0,0.3860004410906854,0.5772409687499549,0.0,0.0,0.4893860850818137,0.2766903246473968,0.568226931449871,0.0,0.0,0.0,0.1171803179590599,0.1300866913482297,0.5784347724687878,0.5431924920310861,0.0,0.0,0.2153549930335389,0.0,0.0,0.0625458237770197,0.3349478370368277,0.3733513669630881,0.4449897500738134,0.0,0.4275314771094618,0.0,0.0,0.2810419427714913,0.1752838000687535,0.0,0.0,0.0,0.0,0.0,0.0380056456894758,0.1401186406562408,0.0,0.0,0.0,0.0,0.0,0.0,0.0,0.0,0.0,0.3592941419854027,0.0,0.0,0.0,0.0,0.0,0.0,0.0,0.0,0.0,0.0,0.0,0.1649531749510459,0.0,0.256048335122635,0.1620858562781487,0.0,0.0,0.0,0.0
0.0,0.0,0.4035777290822523,0.0,0.2123025759327113,0.8186237136704098,0.4805512870535398,0.3275006563677382,0.6797700393994948,0.7227343305339026,0.1107843037828456,0.0,0.4688857646617085,0.0,0.7798468559689561,0.0,0.0,0.0,0.4968437939654831,0.9376154665463992,0.7689105685255954,0.6644050331688335,0.7844963818036658,0.0,0.0,0.0,0.0,0.6093363878513455,0.9081730372727322,0.5250379537068289,0.0,0.2263117800947179,0.0,0.0,0.0,0.0,0.1520647099916812,0.0,0.0498175641175179,0.0,0.4717367105942511,0.4085602603910078,0.100305401308484,0.0,0.0,0.0,0.8409763082731803,0.4770591098511316,0.0,0.0,0.0,0.7101652238477271,0.3223142946075801,0.4124544954694528,0.0,0.0748155942687415,0.0,0.2439177527366412,0.150899087294039,0.0,0.0,0.0,0.0,0.0,0.0,0.567314280255294,0.0,0.4437393751749878,0.0,0.0,0.7017570549651414,0.0,0.1328787891588027,0.0,0.0,0.5277116649744146
0.0,0.0,0.3365554696174643,0.0,0.4094275670988161,0.7224111226560411,0.5132510190423791,0.2980718406234741,0.6484897367900837,0.6175684616159984,0.0,0.6769703412702175,0.7150677616512447,0.0,0.5782811243347077,0.0,0.696104146813843,0.1244810329923597,0.2314912320039474,0.6727661497441475,0.5759095186131928,0.5177516675383297,0.4036650005771912,0.0,0.0,0.2153549930335389,0.6093363878513455,0.0,0.6864957746105824,0.2958863565947362,0.0869990982240517,0.3569098703956768,0.0,0.0,0.0,0.0635178021717906,0.2147417134414222,0.1202837212014139,0.2101977480412709,0.0,0.3895542819827148,0.1666109060928831,0.1770236399680785,0.0,0.0,0.0,0.0,0.0,0.0,0.0,0.0,0.0,0.2004149548305165,0.0,0.0,0.0,0.0,0.0,0.0,0.0,0.0,0.0,0.0,0.0,0.0,0.3246574416578895,0.0,0.0826062615431544,0.0,0.0,0.0,0.0,0.5437476724838763,0.0,0.0,0.2553655977126787
0.0,0.0,0.0,0.0,0.1962744939124239,0.7561745140230687,0.5350499959146504,0.2112313077456704,0.6443509153201498,0.0,0.0,0.0,0.4887004431461671,0.0,0.8540462504011842,0.0,0.0,0.0,0.0,0.945066903144432,0.8937713793526804,0.5187020747898856,0.6073204220978883,0.0,0.0,0.0,0.9081730372727322,0.6864957746105824,0.0,0.6017151773323021,0.0,0.1891836643795159,0.0,0.0,0.0,0.0,0.004747614581046,0.0,0.0139275618595071,0.0,0.5367465390813556,0.3868813676483737,0.0,0.0,0.0,0.0,0.7950660246412891,0.0,0.0,0.0,0.0,0.0,0.2501484027375405,0.0,0.0,0.0,0.0,0.311329801286839,0.0,0.0,0.0,0.0,0.0,0.0,0.0,0.651369361948873,0.0,0.2862803980872367,0.0,0.0,0.6924054214812891,0.0,0.1728685367871022,0.0,0.0,0.5570812209453982
0.0,0.0,0.0,0.0,0.0,0.3348424148426423,0.0,0.1016337314266636,0.3405794764612083,0.0,0.0,0.0,0.0630658620430875,0.0,0.0,0.0,0.0,0.0,0.0,0.6329982420387217,0.6146043338972162,0.3217725941913097,0.4471399870102752,0.0,0.0,0.0,0.5250379537068289,0.2958863565947362,0.6017151773323021,0.0,0.0,0.0,0.0,0.0,0.0,0.0,0.0,0.0,0.0,0.0,0.0,0.0,0.0,0.0,0.0,0.0,0.0,0.0,0.0,0.0,0.0,0.0,0.0,0.0,0.0,0.0,0.0,0.0,0.0,0.0,0.0,0.0,0.0,0.0,0.0,0.0,0.0,0.3611451273775713,0.0,0.0,0.0,0.0,0.0,0.0,0.0,0.0
0.5253756598637839,0.0,0.1529021682440686,0.0,0.4170808725463223,0.0,0.2887924482933019,0.0,0.1563791212837648,0.1854442021484685,0.1523985439155671,0.0,0.0,0.2270005626108187,0.1167685061726801,0.5773218377701966,0.4219683416365138,0.5700540451032718,0.0,0.0,0.1588097564652482,0.3179166283819558,0.0,0.2477522205761676,0.3467980375507742,0.0625458237770197,0.0,0.0869990982240517,0.0,0.0,0.0,0.4923242368091762,0.2170385747599187,0.6338326222100207,0.0258551468558242,0.108679315926776,0.0,0.2972900803962737,0.5851127407905973,0.0,0.3914940543063037,0.0,0.0,0.0,0.0,0.6948280215060676,0.0,0.0,0.0,0.0,0.0,0.0,0.0,0.0,0.2626896908811907,0.0,0.0,0.0,0.0,0.4934151763770891,0.0129855113968318,0.0,0.0,0.0,0.3181156290117072,0.4398919362538896,0.3917841297749071,0.0,0.2558615835002317,0.0,0.0927138913159897,0.0,0.3863203624638635,0.3253524276278701,0.0,0.3171153039303149
0.2170723415666269,0.0,0.3145075139540403,0.0,0.5258602372428933,0.2782040593716411,0.529635953169905,0.162599029847251,0.252048641252049,0.4523010005021725,0.1150668995142709,0.2918546865587171,0.4051757068720723,0.2520202327415328,0.2094272954792354,0.3194010986957978,0.5341606269411832,0.5532281364049435,0.0,0.1806835765759962,0.1466896614556907,0.4168584612026727,0.0869675744274307,0.0662938827236397,0.1306256023736997,0.3349478370368277,0.2263117800947179,0.3569098703956768,0.1891836643795159,0.0,0.4923242368091762,0.0,0.0,0.163375008563232,0.0,0.0,0.0,0.1188711133503398,0.7162648186428611,0.0,0.4864571972817558,0.20322407159066,0.0,0.0,0.1630333734994302,0.2833040131611008,0.2586202925779448,0.0,0.0,0.0,0.042795044074637,0.0,0.0398010600528994,0.1627514509640218,0.4141750311011423,0.0,0.2623805368556821,0.3073286857475196,0.0,0.0391338041343285,0.0561619854142543,0.0,0.0487204072823768,0.0,0.0,0.2378073831313584,0.0,0.0261057531033144,0.0273497941892464,0.201715013746327,0.4035523767833672,0.0,0.406111637649455,0.0,0.0,0.1566037551847545
0.7715184246991983,0.6615845622320963,0.0,0.0,0.0,0.0,0.0,0.0,0.0,0.0,0.0819716120536258,0.0,0.0,0.0,0.0,0.6111134023001573,0.0,0.3425172011202895,0.0,0.0,0.0,0.0,0.0,0.5434805469783395,0.76516679999348,0.3733513669630881,0.0,0.0,0.0,0.0,0.2170385747599187,0.0,0.0,0.7146259535512222,0.5309098399165603,0.3506995900615057,0.0,0.0,0.0661658344091457,0.6833176095667559,0.0,0.0,0.0,0.0,0.0,0.1616908171067299,0.0,0.0,0.0,0.0,0.0,0.0,0.0,0.0,0.0,0.0,0.0,0.0,0.0,0.1448721780295184,0.0,0.0,0.0,0.0,0.7415308048679075,0.0,0.5542546987573804,0.0,0.3848032825096578,0.0,0.0,0.7709590754337954,0.0,0.7109656221159523,0.0,0.0
0.8365458925303426,0.4391649045310558,0.0584412366163207,0.3011380334652055,0.2383159658915499,0.0,0.0249605079066497,0.0,0.0,0.0,0.1285961330481512,0.0,0.0,0.3311622016345888,0.0,0.7832959612562879,0.0,0.6380761376705212,0.0,0.0,0.0,0.0,0.0,0.5294938608860129,0.7585591173424048,0.4449897500738134,0.0,0.0,0.0,0.0,0.6338326222100207,0.163375008563232,0.7146259535512222,0.0,0.3157806919158515,0.3585557021917749,0.0,0.1966630125498771,0.3766004921457211,0.3125672914673731,0.0444490301950451,0.0,0.0,0.0,0.0,0.445241395495968,0.0,0.0,0.0,0.0,0.2262620341658289,0.0,0.0,0.0,0.0,0.0,0.0,0.0,0.0,0.2485669577779634,0.0,0.0,0.0,0.0,0.6397551463905317,0.0,0.4986113861711939,0.0,0.4240017349671734,0.0,0.0,0.5639298133003724,0.2346272991635503,0.5813231688932725,0.0,0.0
0.3216916759472618,0.5458925029000723,0.0,0.3304735312819951,0.0,0.0,0.0,0.0,0.0,0.0,0.0,0.0,0.0,0.0,0.0,0.2752012441697503,0.0,0.0603648754836851,0.0,0.0,0.0,0.0,0.0,0.1783747582611666,0.4779307137303108,0.0,0.0,0.0,0.0,0.0,0.0258551468558242,0.0,0.5309098399165603,0.3157806919158515,0.0,0.0,0.0,0.0,0.0,0.4729420916922072,0.0,0.0,0.0,0.1990182894482469,0.0,0.0,0.0,0.0,0.0,0.0,0.0,0.0,0.0,0.0,0.0,0.0,0.0,0.0,0.0,0.2329856484163164,0.0,0.0,0.0,0.0,0.4368640295177328,0.0,0.3622181284303107,0.0,0.0,0.0,0.0,0.5342751954069139,0.0,0.4603709167177278,0.0,0.0
0.0,0.0,0.1726628686503193,0.3385719959188599,0.181742931604122,0.0,0.0602579457306921,0.1358846992702519,0.0,0.0,0.1060235753830283,0.0733351940748341,0.1195702560820887,0.3413193054170849,0.0,0.0,0.0,0.0,0.0,0.0,0.0,0.0,0.0,0.3565374481453757,0.0,0.4275314771094618,0.0,0.0635178021717906,0.0,0.0,0.108679315926776,0.0,0.3506995900615057,0.3585557021917749,0.0,0.0,0.2639383994860634,0.0,0.0965810021743512,0.123546657430963,0.0,0.0,0.3676085056030446,0.3399977109016909,0.0,0.0,0.0,0.044251968595954,0.0,0.0,0.2954528168294371,0.0,0.109989461005247,0.0855919302371936,0.0,0.064503129435774,0.1963553443831135,0.1397831760197537,0.1569983093061871,0.0,0.0,0.0,0.0,0.1266314641219645,0.0,0.0,0.0,0.0474808058383423,0.0,0.0,0.0,0.2241088932583254,0.1374524359061633,0.1655105375425787,0.0,0.0
0.0,0.0,0.0,0.2236751071253293,0.0876729625874359,0.211183940441574,0.0850354548568346,0.1732777461210483,0.0821848283496398,0.0613354580187993,0.0,0.2285427626424663,0.2415153238165359,0.0332952556075278,0.0,0.0,0.0,0.0,0.2393724534177206,0.1222657104825442,0.0,0.0412158229217143,0.2777897139085096,0.0,0.0,0.0,0.1520647099916812,0.2147417134414222,0.004747614581046,0.0,0.0,0.0,0.0,0.0,0.0,0.2639383994860634,0.0,0.0,0.0,0.0,0.0,0.0,0.0,0.0,0.0,0.0,0.0,0.0,0.0,0.0,0.0,0.0,0.0,0.0,0.0,0.0,0.0,0.0,0.0,0.0,0.0,0.0,0.0,0.0,0.0,0.0,0.0,0.0,0.0,0.0,0.0,0.0,0.0,0.0,0.0,0.0
0.0,0.0,0.0,0.0,0.1091833252154722,0.0,0.1112585936226119,0.0,0.1117584500629622,0.1116785559640663,0.0,0.0,0.0,0.0,0.0,0.0,0.1702580393988954,0.0,0.0,0.0,0.0,0.0,0.0,0.1197671855973631,0.0,0.0,0.0,0.1202837212014139,0.0,0.0,0.2972900803962737,0.1188711133503398,0.0,0.1966630125498771,0.0,0.0,0.0,0.0,0.3119933804604259,0.0,0.2255381769819048,0.0803424653992489,0.0,0.0,0.0,0.0,0.0,0.0,0.0,0.0,0.0,0.0,0.0,0.0,0.2802777934751794,0.0,0.0618842976379283,0.0,0.0,0.0,0.0,0.0,0.0,0.0,0.0,0.0,0.0,0.0,0.2551033739022898,0.0,0.2094052035841249,0.0,0.0,0.0,0.0,0.0
0.3172849811367853,0.0,0.3669332376967806,0.0,0.0,0.1070655307591123,0.0,0.1508879258785292,0.0970591555327395,0.3005999219698031,0.1644851997879299,0.1162907342073064,0.2230268231199903,0.0,0.0223950042069667,0.337572588937801,0.0,0.5385656730749119,0.0,0.0,0.0340710409749662,0.2484133353205158,0.0386918263812618,0.2038853336177207,0.2297052209643034,0.2810419427714913,0.0498175641175179,0.2101977480412709,0.0139275618595071,0.0,0.5851127407905973,0.7162648186428611,0.0661658344091457,0.3766004921457211,0.0,0.0965810021743512,0.0,0.3119933804604259,0.0,0.0419406170379908,0.4635739260139286,0.1223792280796659,0.1364983705667203,0.0,0.033580912019728,0.4445530144464326,0.1928717036106007,0.0,0.137025231127319,0.2939324147894762,0.2282099825504431,0.2041297306195583,0.1713963227403493,0.0,0.4208157390554415,0.0,0.2381763239034209,0.3548062453221088,0.2726665578941891,0.0637483524229388,0.0399378426219923,0.1748508101306606,0.0,0.0,0.0,0.2459807688673806,0.0372957537041111,0.1614199855325646,0.3164639597158776,0.1862135438130102,0.4253137568464544,0.0,0.500124444055246,0.1028366491055898,0.2781117200629249,0.0998197674677308
0.4105281421528463,0.4751157760517186,0.0,0.0,0.0,0.0,0.0,0.0,0.0,0.0,0.0,0.0,0.0,0.0,0.0,0.1383937403004185,0.0,0.0,0.0,0.0,0.0,0.0,0.0,0.3516451486291807,0.4277915187983919,0.1752838000687535,0.0,0.0,0.0,0.0,0.0,0.0,0.6833176095667559,0.3125672914673731,0.4729420916922072,0.123546657430963,0.0,0.0,0.0419406170379908,0.0,0.0,0.0,0.1530967039333042,0.2334156925526243,0.0,0.1526198430297946,0.0,0.0,0.0,0.0,0.4392780541524672,0.0,0.1640706782456957,0.0,0.0,0.2795706914894019,0.0,0.0233720688143301,0.0,0.1426005403813868,0.0,0.0,0.0,0.0,0.465176772385919,0.0,0.3640941164630401,0.1295589502974168,0.3762317506990265,0.0,0.0,0.5816950667260345,0.0,0.5143948368049854,0.5274832877787704,0.0
0.0,0.0,0.0,0.0,0.0,0.3167320466426009,0.0,0.0,0.0,0.4279998249415176,0.0,0.2411118045973446,0.0,0.0,0.5854695905490616,0.0,0.494546110810113,0.1338208828203847,0.0,0.5242176501530068,0.550711282519364,0.4467723475982351,0.1052176961599146,0.0,0.0,0.0,0.4717367105942511,0.3895542819827148,0.5367465390813556,0.0,0.3914940543063037,0.4864571972817558,0.0,0.0444490301950451,0.0,0.0,0.0,0.2255381769819048,0.4635739260139286,0.0,0.0,0.4438782645787974,0.0258631815576018,0.0,0.1373702195846998,0.2800546406904886,0.3522273649256779,0.0,0.1400897731395217,0.4152456612172374,0.0,0.4097615248096737,0.0,0.2609737232034507,0.5125110257421389,0.0,0.2132305294342842,0.13021570508359,0.0484411896521915,0.1628116796112781,0.5121809225507252,0.3943122593641757,0.3536712495336087,0.0,0.0,0.5819090810091351,0.0,0.0,0.0,0.4381886527588193,0.3834925392497105,0.0,0.3580650169365557,0.0,0.0,0.4719861928432619
0.0,0.0,0.0,0.0,0.0,0.3275661792219777,0.0,0.0,0.0,0.0,0.0,0.0,0.0,0.0,0.5577330022878528,0.0,0.0,0.0,0.0,0.3093505124391023,0.3745126145765013,0.18364910041776,0.1487974337341564,0.0,0.0,0.0,0.4085602603910078,0.1666109060928831,0.3868813676483737,0.0,0.0,0.20322407159066,0.0,0.0,0.0,0.0,0.0,0.0803424653992489,0.1223792280796659,0.0,0.4438782645787974,0.0,0.0,0.0,0.0007290561488941,0.1255448458909431,0.2171608059791175,0.0,0.0366606762426124,0.0780223185490804,0.0,0.2863445165828551,0.0,0.0115408997619434,0.196347418974272,0.0,0.0656315017529002,0.0322153477317661,0.0,0.1523630718357045,0.3489938164003276,0.2311462636952091,0.2246545485921628,0.0,0.0,0.4033688195493447,0.0,0.0,0.0,0.3434794719841265,0.2165584932536154,0.0,0.0238804929585698,0.0,0.0,0.3722955222815258
0.0,0.0,0.105048601986284,0.0,0.1627145939087849,0.1953603315267959,0.0,0.3263986902337649,0.0,0.0,0.0,0.0,0.2471804908766176,0.234204504947435,0.0,0.0,0.0,0.0,0.1631286805984814,0.0,0.0,0.0,0.30868217266804,0.0,0.0,0.0,0.100305401308484,0.1770236399680785,0.0,0.0,0.0,0.0,0.0,0.0,0.0,0.3676085056030446,0.0,0.0,0.1364983705667203,0.1530967039333042,0.0258631815576018,0.0,0.0,0.1708997992476117,0.1053513443291518,0.0,0.0,0.2894002551283643,0.011033045877285,0.2551281300575486,0.3919906280042747,0.2881672102954558,0.3686021245657442,0.086040020155572,0.2868668484443111,0.152454658988718,0.4619171277336161,0.4196331592347888,0.4155636083698865,0.0,0.0,0.2032307078416201,0.0,0.0958863792838409,0.0,0.0,0.0,0.3512098957860262,0.3479371743588189,0.14068843651488,0.3199564948307189,0.0524939192632355,0.2543513177291386,0.0210589895183669,0.0,0.0
0.0,0.0,0.0,0.0,0.0,0.0,0.0,0.0,0.0,0.0,0.0,0.0,0.0,0.0,0.0,0.0,0.0,0.0,0.0,0.0,0.0,0.0,0.0,0.0,0.0,0.0,0.0,0.0,0.0,0.0,0.0,0.0,0.0,0.0,0.1990182894482469,0.3399977109016909,0.0,0.0,0.0,0.2334156925526243,0.0,0.0,0.1708997992476117,0.0,0.0,0.0,0.0,0.0,0.3072823046816126,0.0,0.1360526743516053,0.0,0.0,0.0,0.0,0.0,0.0,0.0,0.0,0.0,0.0,0.0,0.0,0.1285256229783156,0.0,0.0,0.0,0.0,0.0,0.0,0.0,0.4629753446029221,0.0691827473061306,0.4001071622097026,0.0,0.0
0.0,0.0,0.0,0.0,0.0,0.0,0.0,0.0,0.0,0.2133588579920539,0.0,0.1691789572598525,0.0,0.0,0.0,0.0,0.0,0.0,0.0,0.0,0.0,0.0,0.0,0.0,0.0,0.0,0.0,0.0,0.0,0.0,0.0,0.1630333734994302,0.0,0.0,0.0,0.0,0.0,0.0,0.033580912019728,0.0,0.1373702195846998,0.0007290561488941,0.1053513443291518,0.0,0.0,0.0597945469615272,0.0,0.0,0.0,0.0,0.0,0.2629747212936922,0.0,0.0847818779069257,0.1881222140592241,0.148993469730672,0.1295332494985758,0.074753342375178,0.0,0.0,0.0,0.2458259281925253,0.0,0.0,0.0,0.0,0.0,0.0,0.0,0.2277273425014225,0.1628294736455375,0.0,0.0588189815912691,0.0,0.0,0.1896466264482437
0.4954506810768759,0.0,0.0,0.0,0.0,0.0,0.0,0.0,0.0,0.0,0.0,0.0,0.0,0.0,0.0,0.280221819738748,0.0,0.1744514353213308,0.0,0.0,0.3363361124669115,0.3360574504952334,0.0,0.4082897893878794,0.1839808048809114,0.0380056456894758,0.0,0.0,0.0,0.0,0.6948280215060676,0.2833040131611008,0.1616908171067299,0.445241395495968,0.0,0.0,0.0,0.0,0.4445530144464326,0.1526198430297946,0.2800546406904886,0.1255448458909431,0.0,0.0,0.0597945469615272,0.0,0.0271497473451283,0.0,0.0,0.0,0.0,0.0,0.0,0.0,0.337066265508326,0.0,0.0367519838579247,0.0,0.0,0.5148565994759038,0.2150431771584087,0.0,0.1062945337388366,0.0,0.236684065504871,0.6069689633168155,0.4238130006493206,0.1520894038109818,0.5052469563964622,0.2535360757689456,0.3891480216434597,0.0,0.3253049864661641,0.2950291587437867,0.0,0.3926085372827734
0.0,0.0,0.0,0.0,0.0,0.0,0.0,0.0,0.0,0.0,0.0,0.0,0.0,0.0,0.5957364234645905,0.0,0.0,0.0,0.0,0.7901748785964744,0.5794490806349244,0.5185267646725957,0.7044812751008064,0.0,0.0,0.1401186406562408,0.8409763082731803,0.0,0.7950660246412891,0.0,0.0,0.2586202925779448,0.0,0.0,0.0,0.0,0.0,0.0,0.1928717036106007,0.0,0.3522273649256779,0.2171608059791175,0.0,0.0,0.0,0.0271497473451283,0.0,0.0,0.0,0.0,0.0948470895738909,0.6185613149496065,0.4906435632194798,0.1910351166131115,0.6260804073224469,0.0,0.0,0.5294040009384038,0.0,0.0,0.6016782875610036,0.7549013388539368,0.4959657328781537,0.0,0.0,0.4048280618141796,0.0,0.4180775054149043,0.0,0.7751586048512018,0.8982220932508784,0.0,0.3091040689762362,0.0,0.0,0.2814422409067644
0.0,0.0,0.6374927710953527,0.0,0.1901176693871731,0.4627462499004026,0.0,0.5271289014924658,0.3457846116421461,0.0,0.4967330028849923,0.0,0.3664820863986796,0.1708620842681518,0.0,0.0,0.0,0.0,0.6082549251053878,0.0,0.0,0.0,0.7103855212209673,0.0,0.0,0.0,0.4770591098511316,0.0,0.0,0.0,0.0,0.0,0.0,0.0,0.0,0.044251968595954,0.0,0.0,0.0,0.0,0.0,0.0,0.2894002551283643,0.0,0.0,0.0,0.0,0.0,0.0,0.3003907377724157,0.3663325057536629,0.4139482768863283,0.4861414911643453,0.5435746700916978,0.0,0.7613495315186118,0.0,0.3885810714115105,0.3206423318682617,0.0,0.0,0.0,0.0,0.5008759511890518,0.0,0.0,0.0,0.5942400911876763,0.0,0.0,0.0,0.0888254635624925,0.1165867441235106,0.0,0.0,0.0
0.0,0.0,0.0,0.0,0.0,0.0,0.0,0.0,0.0,0.0,0.0,0.0,0.0,0.0,0.0,0.0,0.0,0.0,0.0,0.0,0.0,0.0,0.0,0.0,0.0,0.0,0.0,0.0,0.0,0.0,0.0,0.0,0.0,0.0,0.0,0.0,0.0,0.0,0.137025231127319,0.0,0.1400897731395217,0.0366606762426124,0.011033045877285,0.3072823046816126,0.0,0.0,0.0,0.0,0.0,0.0,0.0332381851695246,0.0,0.0,0.0,0.0,0.0,0.0,0.0,0.0,0.0,0.0,0.0,0.0,0.0,0.0,0.0,0.0,0.0,0.0,0.0,0.0,0.0849141273152078,0.1162774739911007,0.0,0.0,0.0369380497378293
0.0,0.0,0.2064299895188978,0.0,0.0,0.0,0.0,0.0101029554918053,0.0,0.0,0.320183120003788,0.0,0.0,0.0,0.0,0.0,0.0,0.0,0.0,0.0,0.0,0.0,0.169647898166885,0.0,0.0,0.0,0.0,0.0,0.0,0.0,0.0,0.0,0.0,0.0,0.0,0.0,0.0,0.0,0.2939324147894762,0.0,0.4152456612172374,0.0780223185490804,0.2551281300575486,0.0,0.0,0.0,0.0,0.3003907377724157,0.0,0.0,0.0965458431175367,0.6693268588062283,0.0589441188189914,0.5786338736387102,0.4062566524909532,0.3653074987091698,0.2554519969027456,0.3151560101602387,0.4181209377185101,0.0,0.0,0.0,0.0,0.0,0.0,0.0,0.0,0.2364524454833393,0.0,0.0,0.0,0.0,0.4936326864263659,0.0,0.0,0.2584321188042787
0.0,0.0,0.1741360514602493,0.0,0.0,0.1877418136021972,0.0549229600766565,0.5284525828446239,0.0,0.0,0.0,0.0,0.3185825493658816,0.0,0.0,0.0,0.0,0.0,0.0,0.0,0.0,0.0,0.3318340639830588,0.0,0.0,0.0,0.0,0.0,0.0,0.0,0.0,0.042795044074637,0.0,0.2262620341658289,0.0,0.2954528168294371,0.0,0.0,0.2282099825504431,0.4392780541524672,0.0,0.0,0.3919906280042747,0.1360526743516053,0.0,0.0,0.0948470895738909,0.3663325057536629,0.0332381851695246,0.0965458431175367,0.0,0.1199544772581247,0.6448468742019503,0.0,0.0119592666799666,0.2357253280128079,0.0,0.6885281353827175,0.5741262236222332,0.0,0.0,0.0,0.0,0.1153194661039901,0.157891988464667,0.0,0.0,0.5899741645265301,0.0,0.0,0.2044001503793139,0.4993502424435858,0.224103574773012,0.3804495600343807,0.3727303196682923,0.0
0.0,0.0,0.0,0.0,0.0,0.5577127970364597,0.0,0.2638290679405691,0.0,0.0,0.0541128426766879,0.0,0.0,0.0,0.0,0.0,0.0,0.0,0.0,0.0,0.0,0.0,0.5751479753737195,0.0,0.0,0.0,0.7101652238477271,0.0,0.0,0.0,0.0,0.0,0.0,0.0,0.0,0.0,0.0,0.0,0.2041297306195583,0.0,0.4097615248096737,0.2863445165828551,0.2881672102954558,0.0,0.2629747212936922,0.0,0.6185613149496065,0.4139482768863283,0.0,0.6693268588062283,0.1199544772581247,0.0,0.4010304859742105,0.2591776134450885,0.6778225004605992,0.1450216111019973,0.4855263578384609,0.5802789177914366,0.4452564122691991,0.0,0.6494449389798524,0.7128363583142241,0.5747668922297877,0.0,0.0,0.0,0.0,0.5431139611592671,0.0,0.7216065579320299,0.5960672492549203,0.0,0.3973608923365054,0.0,0.0,0.4160750052088188
0.0,0.0,0.2538534969699441,0.0,0.1147472390204218,0.5525386264441366,0.0,0.7711020260644026,0.0,0.0,0.0,0.0,0.3931864993759901,0.0,0.0323985844767046,0.0,0.0,0.0,0.148866159337547,0.1716571436025311,0.1144386317839437,0.0,0.754427876191371,0.0,0.0,0.0,0.3223142946075801,0.2004149548305165,0.2501484027375405,0.0,0.0,0.0398010600528994,0.0,0.0,0.0,0.109989461005247,0.0,0.0,0.1713963227403493,0.1640706782456957,0.0,0.0,0.3686021245657442,0.0,0.0,0.0,0.4906435632194798,0.4861414911643453,0.0,0.0589441188189914,0.6448468742019503,0.4010304859742105,0.0,0.0,0.0,0.1096389183228035,0.0,0.6620112629783814,0.5126946499028013,0.0,0.1182723343913383,0.0,0.0887817407138911,0.0,0.0,0.0859218346241685,0.0,0.816180887598924,0.4023901825898046,0.3216435643667603,0.5594686335302572,0.0,0.1710058333322817,0.0,0.0,0.0
0.0,0.0,0.5627854536550265,0.0,0.4759429751903644,0.3092157550701739,0.0,0.0920869038849883,0.7537933473727448,0.0,0.5610121845716571,0.0,0.0,0.0090806763161569,0.0,0.0,0.0,0.0,0.5427188169604696,0.0,0.0,0.0,0.2749411042320752,0.0,0.0,0.0,0.4124544954694528,0.0,0.0,0.0,0.0,0.1627514509640218,0.0,0.0,0.0,0.0855919302371936,0.0,0.0,0.0,0.0,0.2609737232034507,0.0115408997619434,0.086040020155572,0.0,0.0847818779069257,0.0,0.1910351166131115,0.5435746700916978,0.0,0.5786338736387102,0.0,0.2591776134450885,0.0,0.0,0.0959970848623695,0.562390791880395,0.1789639718121688,0.0,0.1525028030543897,0.0,0.0,0.0,0.0,0.3881762305282454,0.0,0.0,0.0,0.0528046159737749,0.0,0.0,0.1667640519978577,0.0,0.2365186620534907,0.0,0.0,0.1484222468301148
0.0,0.0,0.0,0.0,0.0,0.0,0.0,0.0,0.0,0.8054999112659034,0.0,0.5663439021535775,0.0,0.0,0.0,0.0,0.633766791960599,0.0610994894487306,0.0,0.0,0.0,0.0,0.0,0.0,0.0,0.0,0.0,0.0,0.0,0.0,0.2626896908811907,0.4141750311011423,0.0,0.0,0.0,0.0,0.0,0.2802777934751794,0.4208157390554415,0.0,0.5125110257421389,0.196347418974272,0.2868668484443111,0.0,0.1881222140592241,0.337066265508326,0.6260804073224469,0.0,0.0,0.4062566524909532,0.0119592666799666,0.6778225004605992,0.0,0.0959970848623695,0.0,0.0,0.65098521107656,0.5896554254117826,0.2712920235985002,0.0,0.6797841139811215,0.7739781796610152,0.5872777631079096,0.0,0.0,0.0,0.0,0.0,0.215167764451087,0.7886142134491363,0.7718996879648712,0.0,0.506477611633116,0.0,0.0,0.3148948541565492
0.0,0.0,0.5686686054040578,0.0,0.3183773794676017,0.0174868910930753,0.0,0.2230438984099865,0.1823165050132358,0.0,0.7559020609833395,0.0,0.0,0.2540397364622286,0.0,0.0,0.0,0.0,0.4706670343044597,0.0,0.0,0.0,0.2810086044516341,0.0,0.0,0.0,0.0748155942687415,0.0,0.0,0.0,0.0,0.0,0.0,0.0,0.0,0.064503129435774,0.0,0.0,0.0,0.2795706914894019,0.0,0.0,0.152454658988718,0.0,0.148993469730672,0.0,0.0,0.7613495315186118,0.0,0.3653074987091698,0.2357253280128079,0.1450216111019973,0.1096389183228035,0.562390791880395,0.0,0.0,0.0989006465836163,0.0858571038124315,0.1942942731355082,0.0,0.0,0.0,0.0,0.5218961851394593,0.0,0.0,0.0,0.2782990019118297,0.0,0.0,0.0,0.3728725452297525,0.0,0.0,0.0,0.0
