0.0,0.5504802710526479,0.0,0.0,0.0,0.0,0.0,0.0,0.0,0.0,0.0,0.0,0.0,0.0,0.0,0.87662808072238,0.0,0.6268071190399006,0.0,0.0,0.0,0.0609961238182661,0.0,0.5896566281827285,0.8660300227210697,0.5771414877781205,0.0,0.0,0.0,0.0,0.5350475052216136,0.2210685109354909,0.7857216081819308,0.8519461920215274,0.3276138234321104,0.0,0.0,0.0,0.3231260040587694,0.4180857147799622,0.0,0.0,0.0,0.0,0.0,0.5045716258329564,0.0,0.0,0.0,0.0,0.0,0.0,0.0,0.0,0.0,0.0,0.0,0.0,0.0,0.0,0.0,0.0,0.0,0.0,0.0,0.0,0.6236354103442423,0.0,0.3328303679511891,0.0,0.0,0.0,0.0,0.0,0.0,0.0
0.5504802710526479,0.0,0.0,0.0,0.0,0.0,0.0,0.2040392676115636,0.0,0.0,0.0,0.0,0.2475263408376127,0.0,0.0,0.5010165273473438,0.0,0.4443935995634665,0.0,0.0,0.0,0.0,0.0,0.0,0.7652340756308509,0.6236924200465889,0.0,0.0,0.0,0.0,0.0,0.0,0.6737639303792529,0.4472496624817985,0.5559420508205394,0.0,0.0,0.0,0.0,0.4838623676129434,0.0,0.0,0.0,0.0,0.0,0.0,0.0,0.0,0.0,0.0,0.5288538751179315,0.0,0.0,0.0,0.0,0.0,0.0,0.0,0.0,0.0,0.0,0.0,0.0,0.0,0.441792660241208,0.0,0.2758515840097827,0.0,0.0,0.0,0.0,0.6841238024817016,0.0,0.4676048821204552,0.0,0.0
0.0,0.0,0.0,0.0,0.4230985829459863,0.4814630191881212,0.3751282851488518,0.4592327609767141,0.4793422099082426,0.4131897114706719,0.6453023805091622,0.3818858341184364,0.4101478591808786,0.306773750543604,0.0,0.0,0.0,0.0,0.441710251941884,0.0,0.0,0.0,0.5100770549172862,0.0,0.0,0.0,0.4110073488452989,0.3427512504751383,0.0,0.0,0.1557170038733341,0.3202974053997682,0.0,0.0595171041264751,0.0,0.1758414867177382,0.0,0.0,0.3736882547308228,0.0,0.198504020007827,0.0,0.1069824826569854,0.0,0.0,0.0,0.0,0.6492286240664767,0.0,0.2102302396796358,0.1773417899243862,0.1808399936268941,0.2585267849690002,0.5731459904922275,0.0,0.5791374474755515,0.0,0.2367107236867475,0.2031100680442388,0.0,0.0,0.0,0.0,0.1884133911744404,0.0,0.0,0.0,0.3118712125223497,0.0,0.0,0.0,0.0,0.2541652691991365,0.0,0.0,0.0
0.0,0.0,0.0,0.0,0.1426086206324086,0.0,0.0866710098925549,0.2383594678589344,0.0,0.0,0.0,0.075874405269182,0.191722378673266,0.1689821271468366,0.0,0.0,0.0,0.0,0.0,0.0,0.0,0.0,0.0,0.0,0.0,0.0,0.0,0.0,0.0,0.0,0.0340137211925967,0.0,0.0,0.3066818009320721,0.3365573473656029,0.344804899795427,0.2277928293796741,0.0,0.0,0.0,0.0,0.0,0.0,0.0,0.0,0.0,0.0,0.0,0.0,0.0,0.0,0.0,0.0,0.0,0.0,0.0,0.0,0.0,0.0,0.0,0.0,0.0,0.0,0.0,0.0,0.0,0.0,0.0,0.0,0.0,0.0,0.0,0.0,0.0,0.0,0.0
0.0,0.0,0.4230985829459863,0.1426086206324086,0.0,0.1836666716885415,0.6813517013088809,0.1423937903977014,0.5123619056830317,0.5266914072386824,0.4987491574785311,0.3060971574298601,0.3860587327834299,0.2974867222911897,0.0,0.1924277415798017,0.0,0.0,0.1641020132983707,0.2130689386859524,0.0,0.3691986350898001,0.1699707989977862,0.0,0.0697139612395336,0.2396523630016371,0.2162109368263668,0.4169648788106662,0.1998877875950803,0.0,0.4247590769420543,0.5355410033746238,0.0,0.242703217423154,0.0,0.1850887080906259,0.0892869683379656,0.1111933236181608,0.5785913591441655,0.0,0.0,0.0,0.1657100703078169,0.0,0.0,0.0,0.0,0.1936176196866987,0.0,0.6512159707022874,0.0452601385270766,0.0,0.1168596656816249,0.484704794983044,0.0,0.3242385127763661,0.0,0.0,0.0,0.0,0.0,0.0,0.0,0.0,0.0,0.0,0.0,0.1754450676618432,0.0,0.0,0.0,0.0,0.0,0.0,0.0,0.0
0.0,0.0,0.4814630191881212,0.0,0.1836666716885415,0.0,0.4898321672941036,0.6879801295378527,0.4612409767579709,0.6316896016392317,0.0,0.8215724551127774,0.8302052766940594,0.0062034812997293,0.555033092647186,0.0,0.4362896601003155,0.0,0.31624450810199,0.6888706701440889,0.5415818884000566,0.3962938892610892,0.8352578246668622,0.0,0.0,0.3117947573916778,0.8336940767833969,0.7357102706693254,0.770095225471824,0.3410066594070745,0.0,0.283325626367837,0.0,0.0,0.0,0.0,0.2150717079383355,0.0493408108281326,0.1090365418579603,0.0,0.3225628903779015,0.3335964727279835,0.1989567960376783,0.0,0.0,0.0,0.874684029894619,0.4712651260320314,0.0,0.1908305848350916,0.1911980258462698,0.5679799493602233,0.5627105254441416,0.3149082284634383,0.0,0.0178088140890612,0.0,0.5665501047832264,0.0,0.0,0.0,0.0,0.0,0.0,0.0,0.229580585398872,0.0,0.3796768138850349,0.0,0.0,0.7408732030311902,0.0,0.2055804973054238,0.0,0.0,0.1072171782003949
0.0,0.0,0.3751282851488518,0.0866710098925549,0.6813517013088809,0.4898321672941036,0.0,0.3035975643344208,0.3743367041681691,0.7355357844398047,0.1468646125319725,0.5536725966442826,0.6418230889001549,0.2389536622450243,0.0,0.0,0.6973061267394719,0.3633550510186855,0.0355582674180445,0.4157294436116443,0.0,0.4097826111420876,0.3354497225076037,0.0,0.0,0.2389064108202229,0.4893979430560142,0.522699657160128,0.5448999398967064,0.0,0.2941089410693967,0.5393862279282259,0.0,0.025420015628398,0.0,0.0613672577472382,0.0866009056992304,0.1133067964505208,0.4451548476141559,0.0,0.5039245705270649,0.0,0.1914431555767572,0.0,0.0,0.0,0.0,0.238796443025367,0.0,0.0,0.0559340582622737,0.0,0.1810909279779061,0.3076393734686015,0.0,0.1522559855133627,0.0,0.0,0.0,0.0,0.0,0.0,0.0,0.0,0.0,0.0,0.0,0.209867096429639,0.0,0.0,0.0,0.0,0.0,0.0,0.0,0.0
0.0,0.2040392676115636,0.4592327609767141,0.2383594678589344,0.1423937903977014,0.6879801295378527,0.3035975643344208,0.0,0.0,0.3550726152066448,0.0,0.6555806444145356,0.6433164574487312,0.3294914607057801,0.0131986578105884,0.0,0.0,0.0,0.1821418580711848,0.1297622503390929,0.0580597784991386,0.0,0.7563603681777665,0.3410298409171538,0.0,0.4949355132332459,0.333529743637974,0.3035591613508587,0.2151199472456008,0.1035047464138306,0.0,0.1655923787824176,0.0,0.0,0.0,0.138386253678345,0.1764676837075565,0.0,0.1536656805347673,0.0,0.0,0.0,0.3324074909798019,0.0,0.0,0.0,0.0,0.5368330229589983,0.0,0.0102889447384314,0.53818107247725,0.2686860001149357,0.7852975439023202,0.0937821676017883,0.0,0.2271500004969925,0.0,0.5969484373624879,0.4387405754432612,0.0,0.0,0.0,0.0,0.0,0.0,0.0,0.0,0.5411969126699223,0.0,0.0,0.0,0.0,0.2085207142815895,0.0,0.0,0.0
0.0,0.0,0.4793422099082426,0.0,0.5123619056830317,0.4612409767579709,0.3743367041681691,0.0,0.0,0.5396137658048968,0.4808300491227077,0.3798351193037339,0.2269160526733574,0.0,0.0,0.0,0.0,0.0,0.5473886884623828,0.7645425688169266,0.0,0.6438522321289925,0.3412193072697026,0.0,0.0,0.0,0.6922841910860468,0.6604280371902195,0.6562130225421865,0.3468493368297634,0.1592579654971454,0.2566887029585105,0.0,0.0,0.0,0.0,0.0836978008972519,0.1138158549429674,0.0988459553687228,0.0,0.5001832071448773,0.0,0.0,0.0,0.0,0.0,0.0,0.3521502953736444,0.0,0.51543502866376,0.0,0.4217660049139381,0.0,0.7676702229962563,0.0,0.1856728406362549,0.0,0.0,0.0961919418161315,0.0,0.0,0.0,0.0,0.075196128658512,0.0,0.0,0.0,0.0878871263743236,0.0,0.0,0.0,0.0,0.3344552472508991,0.0,0.0,0.0
0.0,0.0,0.4131897114706719,0.0,0.5266914072386824,0.6316896016392317,0.7355357844398047,0.3550726152066448,0.5396137658048968,0.0,0.1633819592702443,0.7680918127084708,0.5861635870493663,0.0,0.0,0.0,0.7154526528012259,0.0448308292894358,0.2640733550511817,0.7327941160603261,0.0,0.6154062910616818,0.554282849927523,0.0,0.0,0.1975056630241402,0.7360394286070239,0.6289375202057539,0.7829246634247576,0.0,0.1888581167674882,0.4606275859651969,0.0,0.0,0.0,0.0,0.0624646063791616,0.1137344900424555,0.3061337831323499,0.0,0.4358790405890141,0.1982325401563349,0.0,0.0,0.217286664393967,0.2994681879919738,0.0,0.0,0.0,0.0,0.0,0.0,0.0,0.0,0.8203286731836695,0.0,0.6509324560848885,0.4293900373466736,0.0,0.0,0.0,0.7444685247063328,0.5515936554991411,0.0,0.0,0.0,0.0,0.0,0.0445323364330984,0.7411775044549372,0.7692836323773602,0.0,0.3907586682405361,0.0,0.0,0.37408048947034
0.0,0.0,0.6453023805091622,0.0,0.4987491574785311,0.0,0.1468646125319725,0.0,0.4808300491227077,0.1633819592702443,0.0,0.0,0.0,0.1830415885797158,0.0,0.0,0.1152566704192945,0.0,0.5108287961336538,0.0,0.0,0.0,0.0770827175384407,0.0267847712702125,0.0,0.1146146104654594,0.1128237752241764,0.0,0.0,0.0,0.1552041081282143,0.1171852109301357,0.0834806594193151,0.1309635093989686,0.0,0.1079754047191166,0.0,0.0,0.1675132719609215,0.0,0.0,0.0,0.0,0.0,0.0,0.0,0.0,0.5058775544031948,0.0,0.3260774958941119,0.0,0.0551090270952374,0.0,0.5713400766069336,0.0,0.7698177567378613,0.0,0.0,0.0490598572774785,0.0,0.0,0.0,0.0,0.3633855366328812,0.0,0.0,0.0,0.0872043926728796,0.0,0.0,0.0,0.143446847390839,0.1565785897547615,0.0,0.0,0.0
0.0,0.0,0.3818858341184364,0.075874405269182,0.3060971574298601,0.8215724551127774,0.5536725966442826,0.6555806444145356,0.3798351193037339,0.7680918127084708,0.0,0.0,0.7769969287412327,0.0,0.0,0.0,0.5389581106848094,0.0,0.2869399366998384,0.0,0.4346110756168563,0.0,0.6784106433347137,0.0736251188830199,0.0,0.3931064737059975,0.7081347512304483,0.689432952222351,0.0,0.0,0.0,0.2972275532729567,0.0,0.0,0.0,0.0746852502547533,0.2327500954650455,0.0,0.1184315756731885,0.0,0.2455505258137356,0.1134632180947077,0.3121740758502824,0.0,0.1722934386441642,0.0,0.0,0.0,0.0,0.0,0.0,0.0,0.0,0.0,0.5767699478565693,0.0,0.8627641574106024,0.520432602648692,0.0,0.0,0.0,0.7244386236990423,0.318720682060356,0.0,0.0,0.0,0.0,0.0,0.0,0.4630517165382535,0.6743615590213039,0.0,0.327632053664605,0.0,0.0,0.0518405431618957
0.0,0.2475263408376127,0.4101478591808786,0.191722378673266,0.3860587327834299,0.8302052766940594,0.6418230889001549,0.6433164574487312,0.2269160526733574,0.5861635870493663,0.0,0.7769969287412327,0.0,0.061023522574089,0.2066893894502988,0.0,0.5622751102544236,0.3554751889709084,0.0732323906433859,0.3371204773577266,0.2291527184972633,0.2790212615350958,0.5135894894517902,0.0517338969313762,0.0,0.5878676228005079,0.4775176655142748,0.7282317228687352,0.4976971201403736,0.0642268660857893,0.0,0.4126347444312772,0.0,0.0,0.0,0.1217714715447957,0.2459614735755585,0.0,0.2271326108613255,0.0,0.2458659836351622,0.1359508710524598,0.2517309329048055,0.0,0.0368648906840174,0.0,0.0,0.3732287980125786,0.0,0.0,0.3244474597272959,0.44179199315437,0.4004248229400033,0.0,0.0,0.0985503891187012,0.6802943024171266,0.0,0.0,0.0,0.0,0.0,0.0,0.0,0.0,0.0,0.0,0.1790537957070447,0.0,0.2590886452496608,0.5364949051745842,0.0,0.0,0.0,0.0,0.0
0.0,0.0,0.306773750543604,0.1689821271468366,0.2974867222911897,0.0062034812997293,0.2389536622450243,0.3294914607057801,0.0,0.0,0.1830415885797158,0.0,0.061023522574089,0.0,0.0,0.0,0.0,0.0,0.0,0.0,0.0,0.0,0.1983466281162449,0.0,0.0,0.0,0.0,0.0,0.0,0.0,0.2311795044717367,0.2566597714646483,0.0,0.3372586957192189,0.0,0.3476027855853359,0.0339082009492837,0.0,0.3907594245930754,0.0,0.0,0.0,0.2385160669915273,0.0,0.0,0.0,0.0,0.174007550993783,0.0,0.0,0.0,0.0,0.0,0.0092478460268686,0.0,0.25871645301671,0.0,0.0,0.0,0.0,0.0,0.0,0.0,0.0,0.0,0.0,0.0,0.3819453198806709,0.0,0.0,0.0,0.2391474704014415,0.0,0.0,0.0,0.0
0.0,0.0,0.0,0.0,0.0,0.555033092647186,0.0,0.0131986578105884,0.0,0.0,0.0,0.0,0.2066893894502988,0.0,0.0,0.0,0.0,0.0,0.0,0.9223411228848382,0.9142162227827448,0.7304434424615797,0.4583546533497339,0.0,0.0,0.0,0.7942033607900532,0.5889269270149601,0.8697687208035173,0.0,0.1189181431289483,0.213282724213998,0.0,0.0,0.0,0.0,0.0,0.0,0.0228072825708595,0.0,0.5962477285065195,0.5680005265779671,0.0,0.0,0.0,0.0,0.6067035675520612,0.0,0.0,0.0,0.0,0.0,0.0329950226500158,0.0,0.0,0.0,0.0,0.0,0.0,0.2697377396846183,0.8146946027008962,0.0,0.0,0.0,0.0,0.7376888445689047,0.0,0.1818864954109067,0.0,0.688791376075273,0.5388974923538292,0.0,0.1730852616713415,0.0,0.0,0.7575684489251003
0.87662808072238,0.5010165273473438,0.0,0.0,0.1924277415798017,0.0,0.0,0.0,0.0,0.0,0.0,0.0,0.0,0.0,0.0,0.0,0.2011086035402275,0.8497350652912252,0.0,0.0,0.0,0.0511436487874127,0.0,0.3747305499543803,0.7811811555548469,0.4983953843257342,0.0,0.0,0.0,0.0,0.5879499805700726,0.3252810780509656,0.622363627186245,0.7977159620013693,0.2802675311701459,0.0,0.0,0.0,0.3437870943416014,0.1409414846230701,0.0,0.0,0.0,0.0,0.0,0.2853805324722339,0.0,0.0,0.0,0.0,0.0,0.0,0.0,0.0,0.0,0.0,0.0,0.0,0.0,0.2342382373054306,0.0,0.0,0.0,0.0,0.5942948895082745,0.0,0.5160141007651294,0.0,0.0,0.0,0.0,0.499830480222208,0.0,0.5741602055509204,0.0,0.0
0.0,0.0,0.0,0.0,0.0,0.4362896601003155,0.6973061267394719,0.0,0.0,0.7154526528012259,0.1152566704192945,0.5389581106848094,0.5622751102544236,0.0,0.0,0.2011086035402275,0.0,0.437624507278319,0.0,0.5257543054188855,0.0,0.5421151293226742,0.0,0.0,0.0,0.2817840247108736,0.0,0.7089189994521877,0.5822487979559482,0.0,0.4297365213562717,0.543994198183056,0.0,0.0,0.0,0.0,0.0,0.1733923860270212,0.0,0.0,0.0,0.0,0.0,0.0,0.0,0.0,0.0,0.0,0.0,0.0,0.0,0.0,0.0,0.0,0.645434051929133,0.0,0.4165065669615443,0.0,0.0,0.0,0.0,0.6472238418980656,0.3850056624458119,0.0,0.0,0.0,0.0,0.0,0.0,0.3539523094526348,0.5015259362095947,0.0,0.0,0.0,0.0,0.0
0.6268071190399006,0.4443935995634665,0.0,0.0,0.0,0.0,0.3633550510186855,0.0,0.0,0.0448308292894358,0.0,0.0,0.3554751889709084,0.0,0.0,0.8497350652912252,0.437624507278319,0.0,0.0,0.0,0.0,0.1281643235820713,0.0,0.2675941058546734,0.6831577906881704,0.5786876425733406,0.0,0.1267726528618397,0.0,0.0,0.5805483922743487,0.5634127288626455,0.3488227338175808,0.6498227300643725,0.0614761560117442,0.0,0.0,0.0,0.5484803385285162,0.0,0.1362844436268038,0.0,0.0,0.0,0.0,0.1776629798099293,0.0,0.0,0.0,0.0,0.0,0.0,0.0,0.0,0.0622242937716862,0.0,0.0,0.0,0.0,0.0,0.0,0.0,0.0,0.0,0.0,0.0,0.2382937810837973,0.0,0.0250508281943922,0.0,0.0,0.0,0.0,0.0,0.0,0.0
0.0,0.0,0.441710251941884,0.0,0.1641020132983707,0.31624450810199,0.0355582674180445,0.1821418580711848,0.5473886884623828,0.2640733550511817,0.5108287961336538,0.2869399366998384,0.0732323906433859,0.0,0.0,0.0,0.0,0.0,0.0,0.0,0.0,0.0,0.4652937460426292,0.0,0.0,0.0,0.505990385079882,0.2357528443485622,0.0,0.0,0.0,0.0,0.0,0.0,0.0,0.0,0.2437791542401012,0.0,0.0,0.0,0.0,0.0,0.1661317800808297,0.0,0.0,0.0,0.0,0.6194525271703234,0.0,0.2257906217342148,0.0,0.2685161825110327,0.1516066945052784,0.5527099392591062,0.0,0.4793317272443674,0.0,0.0,0.097269321075467,0.0,0.0,0.0,0.0,0.5734758046577453,0.0,0.0,0.0,0.2476129496781361,0.0,0.0,0.0,0.0,0.0,0.0,0.0,0.0
0.0,0.0,0.0,0.0,0.2130689386859524,0.6888706701440889,0.4157294436116443,0.1297622503390929,0.7645425688169266,0.7327941160603261,0.0,0.0,0.3371204773577266,0.0,0.9223411228848382,0.0,0.5257543054188855,0.0,0.0,0.0,0.8979451965391558,0.7801187960734713,0.5903350331835485,0.0,0.0,0.0,0.9548763952310234,0.6851513640953318,0.9624650082305828,0.6446513534720987,0.0,0.184009850982762,0.0,0.0,0.0,0.0,0.1245165476162229,0.0,0.0,0.0,0.5338681772585817,0.3150454666333109,0.0543750448545383,0.0,0.0,0.0,0.804721516012849,0.0,0.0,0.0,0.0,0.0,0.1748172468854295,0.0,0.0,0.0,0.0,0.0801267209356869,0.0,0.0799502286583463,0.8550515831156408,0.0,0.0,0.0,0.0,0.6973540932951627,0.0,0.27793403922098,0.0,0.7772754664848629,0.671929477033407,0.0,0.2090128775621857,0.0,0.0,0.7097982863624981
0.0,0.0,0.0,0.0,0.0,0.5415818884000566,0.0,0.0580597784991386,0.0,0.0,0.0,0.4346110756168563,0.2291527184972633,0.0,0.9142162227827448,0.0,0.0,0.0,0.0,0.8979451965391558,0.0,0.6120544633242503,0.4769582442756673,0.0,0.0,0.0,0.7830657429672675,0.5865116614790674,0.9102251651420612,0.0,0.1617333471893497,0.149390128625334,0.0,0.0,0.0,0.0,0.0,0.0,0.0346982680520173,0.0,0.5608495412326061,0.3814071633145977,0.0,0.0,0.0,0.3425278550932771,0.5901163846780745,0.0,0.0,0.0,0.0,0.0,0.1165453771742096,0.0,0.0,0.0,0.0,0.0034277070969436,0.0,0.217982692912762,0.8823752208620159,0.0,0.0,0.0,0.0,0.8489832372081748,0.0,0.2592704556379785,0.0,0.7654349386579097,0.6205697179281675,0.0,0.1546202582216492,0.0,0.0,0.707047794652383
0.0609961238182661,0.0,0.0,0.0,0.3691986350898001,0.3962938892610892,0.4097826111420876,0.0,0.6438522321289925,0.6154062910616818,0.0,0.0,0.2790212615350958,0.0,0.7304434424615797,0.0511436487874127,0.5421151293226742,0.1281643235820713,0.0,0.7801187960734713,0.6120544633242503,0.0,0.3313373074310758,0.0,0.0,0.1193375361190622,0.67663632446512,0.5272831598489699,0.5282510635181681,0.3276962313316617,0.3237692795443452,0.4245325711412649,0.0,0.0,0.0,0.0,0.041974581075257,0.0,0.2529864732627373,0.0,0.4549971539344194,0.1870299683091383,0.0,0.0,0.0,0.3422440631247168,0.5280725260485784,0.0,0.0,0.0,0.0,0.0,0.0,0.0,0.0,0.0,0.0,0.0,0.0,0.2860521184188748,0.4585781995936784,0.0,0.2410230539397091,0.0,0.0,0.5117171732631032,0.1910719157868502,0.0516622065653711,0.0,0.4375566361270249,0.4981646484736635,0.0,0.2979253944133896,0.0,0.0,0.6163602778850347
0.0,0.0,0.5100770549172862,0.0,0.1699707989977862,0.8352578246668622,0.3354497225076037,0.7563603681777665,0.3412193072697026,0.554282849927523,0.0770827175384407,0.6784106433347137,0.5135894894517902,0.1983466281162449,0.4583546533497339,0.0,0.0,0.0,0.4652937460426292,0.5903350331835485,0.4769582442756673,0.3313373074310758,0.0,0.0,0.0,0.1324815079679376,0.7989384815586282,0.4110962269552138,0.6185008205326114,0.4553715613637324,0.0,0.0885685944123035,0.0,0.0,0.0,0.0,0.2829036530575281,0.0238552419751649,0.0394041192984262,0.0,0.1071546897511854,0.15153670370546,0.3143648231348284,0.0,0.0,0.0,0.7174503455598914,0.7234632852488476,0.0,0.1727710124671866,0.3379429266436101,0.5857360986931853,0.768316433103297,0.2800026022149338,0.0,0.2861818014116539,0.0,0.4545639510117434,0.3973928817561528,0.0,0.0,0.0,0.0,0.1176304439401548,0.0,0.3093711958245337,0.0,0.8113558847031741,0.0,0.5827203562201592,0.7098839034150821,0.0,0.0810752651498343,0.0,0.0,0.1219756816223544
0.5896566281827285,0.0,0.0,0.0,0.0,0.0,0.0,0.3410298409171538,0.0,0.0,0.0267847712702125,0.0736251188830199,0.0517338969313762,0.0,0.0,0.3747305499543803,0.0,0.2675941058546734,0.0,0.0,0.0,0.0,0.0,0.0,0.5091234987567136,0.5890834037174453,0.0,0.0,0.0,0.0,0.2523131877993025,0.0675143126576023,0.5534856922618611,0.5392415198120802,0.1816585287314041,0.3631010850364173,0.0051753350658899,0.1219720264122964,0.2076387382158541,0.358118721271001,0.0,0.0,0.0,0.0,0.0,0.4158061553062477,0.0,0.0,0.0,0.0,0.0,0.0,0.0,0.0,0.0,0.0,0.1776703371404151,0.0,0.0,0.0,0.0,0.0,0.0,0.0,0.0,0.0,0.0,0.0,0.7380318264450147,0.0,0.0740573322566213,0.0,0.1666077824888855,0.0,0.0,0.0
0.8660300227210697,0.7652340756308509,0.0,0.0,0.0697139612395336,0.0,0.0,0.0,0.0,0.0,0.0,0.0,0.0,0.0,0.0,0.7811811555548469,0.0,0.6831577906881704,0.0,0.0,0.0,0.0,0.0,0.5091234987567136,0.0,0.5531923343987758,0.0,0.0,0.0,0.0,0.3531823778349426,0.1330303400165882,0.7792530539406103,0.7725237278833837,0.4867291265767591,0.0,0.0,0.0,0.2339339539353528,0.4356668996568845,0.0,0.0,0.0,0.0,0.0,0.1873677792490779,0.0,0.0,0.0,0.0,0.0,0.0,0.0,0.0,0.0,0.0,0.0,0.0,0.0,0.1201953603338031,0.0,0.0,0.0,0.0,0.6716132360084285,0.0,0.5770951122928225,0.0,0.2483072197343719,0.0,0.0,0.0,0.0,0.7455036067000838,0.0,0.0
0.5771414877781205,0.6236924200465889,0.0,0.0,0.2396523630016371,0.3117947573916778,0.2389064108202229,0.4949355132332459,0.0,0.1975056630241402,0.1146146104654594,0.3931064737059975,0.5878676228005079,0.0,0.0,0.4983953843257342,0.2817840247108736,0.5786876425733406,0.0,0.0,0.0,0.1193375361190622,0.1324815079679376,0.5890834037174453,0.5531923343987758,0.0,0.0,0.2193195470636912,0.0,0.0,0.063697254232527,0.3411140223595351,0.3802245378411177,0.453181739877165,0.0,0.4354020707591168,0.0,0.0,0.2862157534696395,0.1785106678845127,0.0,0.0,0.0,0.0,0.0,0.0387053064387544,0.1426981393420533,0.0,0.0,0.0,0.3839208860130731,0.0,0.0,0.0,0.0,0.0,0.3659085279281354,0.3027640191623478,0.0,0.0,0.0,0.0,0.0,0.0,0.0,0.0,0.0,0.0,0.1679898622612711,0.0,0.2607620287529755,0.1650697580010038,0.1605927886101004,0.0,0.0,0.0
0.0,0.0,0.4110073488452989,0.0,0.2162109368263668,0.8336940767833969,0.4893979430560142,0.333529743637974,0.6922841910860468,0.7360394286070239,0.1128237752241764,0.7081347512304483,0.4775176655142748,0.0,0.7942033607900532,0.0,0.0,0.0,0.505990385079882,0.9548763952310234,0.7830657429672675,0.67663632446512,0.7989384815586282,0.0,0.0,0.0,0.0,0.6205538989856161,0.9248919487977346,0.5347035821003492,0.0,0.230478041889752,0.0,0.0,0.0,0.0,0.1548641285254673,0.0360824477708891,0.0507346750784127,0.0,0.4804210956220269,0.416081605515525,0.1021519625486112,0.0,0.0,0.0,0.8564581690151217,0.4858414770019439,0.0,0.3240490781862278,0.0,0.7232389323353731,0.3282479041220954,0.4200475310858277,0.0,0.0761929037130142,0.0,0.2484081297463218,0.153677047425127,0.0,0.0,0.0,0.0,0.0,0.0,0.5777581900270947,0.0,0.4519083463393261,0.0,0.0,0.71467597419362,0.0,0.1353250065956988,0.0,0.0,0.5374265147610962
0.0,0.0,0.3427512504751383,0.0,0.4169648788106662,0.7357102706693254,0.522699657160128,0.3035591613508587,0.6604280371902195,0.6289375202057539,0.0,0.689432952222351,0.7282317228687352,0.0,0.5889269270149601,0.0,0.7089189994521877,0.1267726528618397,0.2357528443485622,0.6851513640953318,0.5865116614790674,0.5272831598489699,0.4110962269552138,0.0,0.0,0.2193195470636912,0.6205538989856161,0.0,0.6991337429788897,0.3013334438945512,0.0886006985427871,0.3634803633531257,0.0,0.0,0.0,0.0646871261565257,0.2186949773684555,0.122498071121671,0.2140673603376348,0.0,0.3967257386405928,0.1696781112220207,0.1802825371748796,0.0,0.0704478139596591,0.0,0.0,0.1752915227154073,0.0,0.0,0.0,0.0,0.2041044718725123,0.4011231698721353,0.5437262857890647,0.0,0.5805039564517087,0.4222015435153817,0.0,0.0,0.0,0.0,0.0,0.0,0.0,0.3306341870800088,0.0,0.0841269924187358,0.0,0.4205170226594757,0.6174989959438212,0.0,0.5537577353849773,0.0,0.0,0.2600667225638512
0.0,0.0,0.0,0.0,0.1998877875950803,0.770095225471824,0.5448999398967064,0.2151199472456008,0.6562130225421865,0.7829246634247576,0.0,0.0,0.4976971201403736,0.0,0.8697687208035173,0.0,0.5822487979559482,0.0,0.0,0.9624650082305828,0.9102251651420612,0.5282510635181681,0.6185008205326114,0.0,0.0,0.0,0.9248919487977346,0.6991337429788897,0.0,0.612792386630742,0.0,0.1926664202167022,0.0,0.0,0.0,0.0,0.004835015268886,0.0,0.0141839597759079,0.0,0.5466277153880219,0.3940036175841452,0.0338035378965291,0.0,0.0,0.0,0.8097027050721806,0.2875995310301662,0.0,0.0,0.0,0.7562176375329073,0.2547534822123165,0.28562905761917,0.0,0.0,0.0,0.317061192981138,0.0,0.0,0.0,0.0,0.0,0.0,0.0,0.6633606744912757,0.0,0.2915506455516807,0.0,0.0,0.7051521828429141,0.0,0.1760509410794378,0.0,0.0,0.5673367463386603
0.0,0.0,0.0,0.0,0.0,0.3410066594070745,0.0,0.1035047464138306,0.3468493368297634,0.0,0.0,0.0,0.0642268660857893,0.0,0.0,0.0,0.0,0.0,0.0,0.6446513534720987,0.0,0.3276962313316617,0.4553715613637324,0.0,0.0,0.0,0.5347035821003492,0.3013334438945512,0.612792386630742,0.0,0.0,0.0,0.0,0.0,0.0,0.0,0.0,0.0,0.0,0.0,0.0,0.0,0.0,0.0,0.0,0.0,0.0,0.0,0.0,0.0,0.0,0.0,0.0,0.0,0.0,0.0,0.0,0.0,0.0,0.0,0.0,0.0,0.0,0.0,0.0,0.0,0.0,0.3677935888320574,0.0,0.0,0.0,0.0,0.0,0.0,0.0,0.0
0.5350475052216136,0.0,0.1557170038733341,0.0340137211925967,0.4247590769420543,0.0,0.2941089410693967,0.0,0.1592579654971454,0.1888581167674882,0.1552041081282143,0.0,0.0,0.2311795044717367,0.1189181431289483,0.5879499805700726,0.4297365213562717,0.5805483922743487,0.0,0.0,0.1617333471893497,0.3237692795443452,0.0,0.2523131877993025,0.3531823778349426,0.063697254232527,0.0,0.0886006985427871,0.0,0.0,0.0,0.5013876256337831,0.221034122502473,0.6455010940732822,0.0263311243347929,0.110680035825964,0.0,0.3027630093948402,0.5958843093617219,0.0,0.3987012209891723,0.0,0.0,0.0,0.0,0.0,0.0,0.0,0.0,0.0,0.0,0.0,0.0,0.0,0.2675256478190468,0.0,0.0,0.0,0.0,0.5024986487335412,0.0132245667389751,0.0,0.0,0.0,0.3239719436542769,0.4479900784150758,0.3989966365701729,0.0,0.2605718391471441,0.0,0.0944206974888592,0.0,0.3934322846364665,0.3313419673176743,0.0,0.3229532031984508
0.2210685109354909,0.0,0.3202974053997682,0.0,0.5355410033746238,0.283325626367837,0.5393862279282259,0.1655923787824176,0.2566887029585105,0.4606275859651969,0.1171852109301357,0.2972275532729567,0.4126347444312772,0.2566597714646483,0.213282724213998,0.3252810780509656,0.543994198183056,0.5634127288626455,0.0,0.184009850982762,0.149390128625334,0.4245325711412649,0.0885685944123035,0.0675143126576023,0.1330303400165882,0.3411140223595351,0.230478041889752,0.3634803633531257,0.1926664202167022,0.0,0.5013876256337831,0.0,0.0,0.1663826427931226,0.0,0.0,0.0,0.1210594580219137,0.7294508169492232,0.0,0.4954125774882394,0.2069653027583221,0.0,0.0,0.1660347184362333,0.2885194671949956,0.2633813343758444,0.0,0.0,0.3878933404497795,0.0435828747260964,0.3119282290974108,0.0405337732851971,0.1657476058789536,0.4217997407287698,0.0,0.2672108024565484,0.3129864193458856,0.0,0.039854233592269,0.057195893300387,0.3159694715582605,0.0496173202553299,0.0,0.0,0.242185271964642,0.0,0.0265863440904005,0.0278532872137147,0.2054284640797757,0.4109815298260593,0.0,0.4135879051232449,0.0,0.0,0.1594867347711995
0.7857216081819308,0.6737639303792529,0.0,0.0,0.0,0.0,0.0,0.0,0.0,0.0,0.0834806594193151,0.0,0.0,0.0,0.0,0.622363627186245,0.0,0.3488227338175808,0.0,0.0,0.0,0.0,0.0,0.5534856922618611,0.7792530539406103,0.3802245378411177,0.0,0.0,0.0,0.0,0.221034122502473,0.0,0.0,0.7277817813511455,0.540683566152668,0.3571557555469958,0.0,0.0,0.0673839070517628,0.6958970698556567,0.0,0.0,0.0,0.0,0.0,0.164667446399459,0.0,0.0,0.0,0.0,0.0,0.0,0.0,0.0,0.0,0.0,0.0,0.0,0.0,0.1475391864381622,0.0,0.0,0.0,0.0,0.7551819345654822,0.0,0.5644581896016685,0.0,0.3918872761658991,0.0,0.0,0.7851519616378201,0.0,0.0,0.0,0.0
0.8519461920215274,0.4472496624817985,0.0595171041264751,0.3066818009320721,0.242703217423154,0.0,0.025420015628398,0.0,0.0,0.0,0.1309635093989686,0.0,0.0,0.3372586957192189,0.0,0.7977159620013693,0.0,0.6498227300643725,0.0,0.0,0.0,0.0,0.0,0.5392415198120802,0.7725237278833837,0.453181739877165,0.0,0.0,0.0,0.0,0.6455010940732822,0.1663826427931226,0.7277817813511455,0.0,0.3215940217910696,0.3651564939084411,0.0,0.2002834586236075,0.3835334774360187,0.3183214646008828,0.0452673097218573,0.0,0.0,0.3447528655637188,0.0,0.4534380179380084,0.0,0.0,0.0,0.0,0.2304273801686629,0.0,0.0,0.0,0.0,0.0,0.0,0.0,0.0,0.2531429238158989,0.0,0.0,0.0,0.0,0.6515326483105278,0.0,0.5077905175796631,0.0,0.4318073482175423,0.0,0.0,0.5743114171004516,0.2389466445912076,0.592024973757847,0.0,0.0
0.3276138234321104,0.5559420508205394,0.0,0.3365573473656029,0.0,0.0,0.0,0.0,0.0,0.0,0.0,0.0,0.0,0.0,0.0,0.2802675311701459,0.0,0.0614761560117442,0.0,0.0,0.0,0.0,0.0,0.1816585287314041,0.4867291265767591,0.0,0.0,0.0,0.0,0.0,0.0263311243347929,0.0,0.540683566152668,0.3215940217910696,0.0,0.0,0.0,0.0,0.0,0.4816486670505737,0.0,0.0,0.0,0.2026820947326834,0.0,0.0,0.0,0.0,0.0,0.0,0.2369895296225717,0.0,0.0,0.0,0.0,0.0,0.0,0.0,0.0,0.2372747720553152,0.0,0.0,0.0,0.0,0.4449064297632816,0.0,0.3688863431795223,0.0,0.0,0.0,0.0,0.5441108757843408,0.0,0.4688460644146932,0.0,0.0
0.0,0.0,0.1758414867177382,0.344804899795427,0.1850887080906259,0.0,0.0613672577472382,0.138386253678345,0.0,0.0,0.1079754047191166,0.0746852502547533,0.1217714715447957,0.3476027855853359,0.0,0.0,0.0,0.0,0.0,0.0,0.0,0.0,0.0,0.3631010850364173,0.0,0.4354020707591168,0.0,0.0646871261565257,0.0,0.0,0.110680035825964,0.0,0.3571557555469958,0.3651564939084411,0.0,0.0,0.2687973443874777,0.0,0.0983589994987357,0.1258210760164354,0.0,0.0,0.3743759539072492,0.34625686132124,0.0,0.0,0.0,0.0450666203389574,0.0,0.0333030485604662,0.3008919229266827,0.0,0.1120142998759888,0.0871676254518271,0.0,0.0656905926942748,0.1999701264736071,0.1423564990062808,0.0,0.0,0.0,0.0,0.0,0.1289626721165274,0.1286805466859405,0.0,0.048298861579345,0.0483548985050118,0.0,0.0,0.0,0.2282346012507187,0.1399828513892219,0.1685574855580581,0.0,0.0
0.0,0.0,0.0,0.2277928293796741,0.0892869683379656,0.2150717079383355,0.0866009056992304,0.1764676837075565,0.0836978008972519,0.0624646063791616,0.0,0.2327500954650455,0.2459614735755585,0.0339082009492837,0.0,0.0,0.0,0.0,0.2437791542401012,0.1245165476162229,0.0,0.041974581075257,0.2829036530575281,0.0051753350658899,0.0,0.0,0.1548641285254673,0.2186949773684555,0.004835015268886,0.0,0.0,0.0,0.0,0.0,0.0,0.2687973443874777,0.0,0.0,0.0,0.0,0.0,0.0,0.3205695396761752,0.0,0.0,0.0,0.0,0.0,0.0,0.0,0.0,0.0,0.0,0.0,0.0,0.0,0.0,0.0,0.0,0.0,0.0,0.0,0.0,0.0,0.0,0.0,0.0,0.2717282212006064,0.0,0.0,0.0,0.0,0.0,0.0,0.0,0.0
0.0,0.0,0.0,0.0,0.1111933236181608,0.0493408108281326,0.1133067964505208,0.0,0.1138158549429674,0.1137344900424555,0.0,0.0,0.0,0.0,0.0,0.0,0.1733923860270212,0.0,0.0,0.0,0.0,0.0,0.0238552419751649,0.1219720264122964,0.0,0.0,0.0360824477708891,0.122498071121671,0.0,0.0,0.3027630093948402,0.1210594580219137,0.0,0.2002834586236075,0.0,0.0,0.0,0.0,0.3177369882424503,0.0,0.2296901972156198,0.081821521169,0.0,0.0,0.0,0.0,0.0,0.0,0.0,0.0,0.0,0.0,0.0,0.0,0.2854375366510024,0.0,0.0630235498008228,0.0,0.0,0.0,0.0,0.0,0.0,0.0,0.0,0.0,0.0,0.0,0.2597996713731,0.2144602494675346,0.2132602256205771,0.0,0.2062416927363691,0.0,0.0,0.0
0.3231260040587694,0.0,0.3736882547308228,0.0,0.5785913591441655,0.1090365418579603,0.4451548476141559,0.1536656805347673,0.0988459553687228,0.3061337831323499,0.1675132719609215,0.1184315756731885,0.2271326108613255,0.3907594245930754,0.0228072825708595,0.3437870943416014,0.0,0.5484803385285162,0.0,0.0,0.0346982680520173,0.2529864732627373,0.0394041192984262,0.2076387382158541,0.2339339539353528,0.2862157534696395,0.0507346750784127,0.2140673603376348,0.0141839597759079,0.0,0.5958843093617219,0.7294508169492232,0.0673839070517628,0.3835334774360187,0.0,0.0983589994987357,0.0,0.3177369882424503,0.0,0.0427127182090054,0.4721080391578287,0.1246321550030487,0.1390112222889705,0.0,0.0341991161217489,0.4527369642133437,0.1964223539998985,0.0,0.1395477820310436,0.2993435312127882,0.2324111890945627,0.2078876344173849,0.1745516244703059,0.0,0.4285627000649034,0.0,0.2425610047112214,0.3613380118254092,0.2776861828667051,0.0649219206971351,0.0406730739379338,0.1780697068658338,0.0,0.0,0.0,0.2505091247453485,0.037982345775056,0.1643916289812521,0.3222898681344214,0.1896416215426863,0.4331435236191349,0.0,0.5093314299362194,0.1047298090733061,0.283231587148785,0.1016573884851429
0.4180857147799622,0.4838623676129434,0.0,0.0,0.0,0.0,0.0,0.0,0.0,0.0,0.0,0.0,0.0,0.0,0.0,0.1409414846230701,0.0,0.0,0.0,0.0,0.0,0.0,0.0,0.358118721271001,0.4356668996568845,0.1785106678845127,0.0,0.0,0.0,0.0,0.0,0.0,0.6958970698556567,0.3183214646008828,0.4816486670505737,0.1258210760164354,0.0,0.0,0.0427127182090054,0.0,0.0,0.0,0.1559151208459192,0.2377127330417955,0.0,0.1554294812241166,0.0,0.1478791113216402,0.0,0.0,0.4473648951187056,0.0,0.1670911193300011,0.0,0.0,0.2847174173490812,0.0,0.0238023343415213,0.0,0.1452257293268916,0.0,0.0,0.0,0.317624701006464,0.4737403929536047,0.0,0.3707968670073633,0.1319440515263626,0.3831579476842656,0.0,0.0,0.5924037180028092,0.0,0.523864531909882,0.5371939332806168,0.0
0.0,0.0,0.198504020007827,0.0,0.0,0.3225628903779015,0.5039245705270649,0.0,0.5001832071448773,0.4358790405890141,0.0,0.2455505258137356,0.2458659836351622,0.0,0.5962477285065195,0.0,0.0,0.1362844436268038,0.0,0.5338681772585817,0.5608495412326061,0.4549971539344194,0.1071546897511854,0.0,0.0,0.0,0.4804210956220269,0.3967257386405928,0.5466277153880219,0.0,0.3987012209891723,0.4954125774882394,0.0,0.0452673097218573,0.0,0.0,0.0,0.2296901972156198,0.4721080391578287,0.0,0.0,0.4520497926123211,0.0263393069505281,0.0,0.1398991215154418,0.2852102757596946,0.3587116558142971,0.0,0.1426687403919639,0.4228900804920933,0.0,0.4173049844792275,0.0,0.2657780902232994,0.5219460410347124,0.0,0.2171559733857441,0.1326128967674525,0.0493329623989281,0.1658089432988594,0.5216098608449461,0.4015713074827268,0.3601821214569223,0.0,0.0,0.5926216721582881,0.0,0.0,0.0,0.4462554385100623,0.3905524029222421,0.0,0.3646567754370484,0.0,0.0,0.4806751706870287
0.0,0.0,0.0,0.0,0.0,0.3335964727279835,0.0,0.0,0.0,0.1982325401563349,0.0,0.1134632180947077,0.1359508710524598,0.0,0.5680005265779671,0.0,0.0,0.0,0.0,0.3150454666333109,0.3814071633145977,0.1870299683091383,0.15153670370546,0.0,0.0,0.0,0.416081605515525,0.1696781112220207,0.3940036175841452,0.0,0.0,0.2069653027583221,0.0,0.0,0.0,0.0,0.0,0.081821521169,0.1246321550030487,0.0,0.4520497926123211,0.0,0.0,0.0,0.0007424776277862,0.1278560499068364,0.2211586039238419,0.0,0.0373355769249621,0.0794586618308794,0.0,0.2916159444296837,0.0,0.0117533606852695,0.1999620551628243,0.0,0.066839737657321,0.0328084126283986,0.0,0.1551679830290036,0.3554185796334358,0.2354015253837309,0.2287903017663388,0.0,0.0,0.4107945934153497,0.0,0.0,0.0,0.3498027195009239,0.2205452029885442,0.0,0.0243201182640587,0.0,0.0,0.3791492557031558
0.0,0.0,0.1069824826569854,0.0,0.1657100703078169,0.1989567960376783,0.1914431555767572,0.3324074909798019,0.0,0.0,0.0,0.3121740758502824,0.2517309329048055,0.2385160669915273,0.0,0.0,0.0,0.0,0.1661317800808297,0.0543750448545383,0.0,0.0,0.3143648231348284,0.0,0.0,0.0,0.1021519625486112,0.1802825371748796,0.0338035378965291,0.0,0.0,0.0,0.0,0.0,0.0,0.3743759539072492,0.3205695396761752,0.0,0.1390112222889705,0.1559151208459192,0.0263393069505281,0.0,0.0,0.1740459602830041,0.1072907983016773,0.0,0.0,0.2947279372574598,0.0112361575204445,0.2598248832740731,0.3992069363059553,0.2934721928214782,0.3753878647888289,0.0876239644322159,0.2921478921020259,0.1552612562456253,0.4704207402320154,0.4273583496712638,0.4232138808578379,0.0,0.0,0.2069720611786134,0.0,0.0976515890246119,0.0,0.0,0.0,0.3576754556885589,0.3543424854566174,0.1432784247948082,0.3258466986898743,0.0534603002894749,0.2590337703046428,0.0214466726669669,0.0,0.0
0.0,0.0,0.0,0.0,0.0,0.0,0.0,0.0,0.0,0.0,0.0,0.0,0.0,0.0,0.0,0.0,0.0,0.0,0.0,0.0,0.0,0.0,0.0,0.0,0.0,0.0,0.0,0.0,0.0,0.0,0.0,0.0,0.0,0.3447528655637188,0.2026820947326834,0.34625686132124,0.0,0.0,0.0,0.2377127330417955,0.0,0.0,0.1740459602830041,0.0,0.0,0.0,0.0,0.0,0.3129391844328532,0.0,0.1385573210784618,0.0,0.0,0.0,0.0,0.0,0.0,0.0,0.0,0.0,0.0,0.0,0.0,0.1308917012817667,0.0,0.0,0.0,0.0,0.0,0.0,0.0,0.4714984382282499,0.0704563594745134,0.4074728909540751,0.0,0.0
0.0,0.0,0.0,0.0,0.0,0.0,0.0,0.0,0.0,0.217286664393967,0.0,0.1722934386441642,0.0368648906840174,0.0,0.0,0.0,0.0,0.0,0.0,0.0,0.0,0.0,0.0,0.0,0.0,0.0,0.0,0.0704478139596591,0.0,0.0,0.0,0.1660347184362333,0.0,0.0,0.0,0.0,0.0,0.0,0.0341991161217489,0.0,0.1398991215154418,0.0007424776277862,0.1072907983016773,0.0,0.0,0.0608953280894601,0.0,0.0,0.0,0.1801116105510161,0.0,0.2678159254675407,0.0,0.0863426605523851,0.191585429243622,0.1517363486050667,0.1319178775914955,0.0761295058000711,0.0,0.0,0.0,0.2503514335481398,0.2431288963090238,0.0,0.0,0.0,0.0,0.15250129708385,0.0,0.2319196639367062,0.1658270649104331,0.0,0.059901803155944,0.0,0.0,0.1931379051346547
0.5045716258329564,0.0,0.0,0.0,0.0,0.0,0.0,0.0,0.0,0.2994681879919738,0.0,0.0,0.0,0.0,0.0,0.2853805324722339,0.0,0.1776629798099293,0.0,0.0,0.3425278550932771,0.3422440631247168,0.0,0.4158061553062477,0.1873677792490779,0.0387053064387544,0.0,0.0,0.0,0.0,0.0,0.2885194671949956,0.164667446399459,0.4534380179380084,0.0,0.0,0.0,0.0,0.4527369642133437,0.1554294812241166,0.2852102757596946,0.1278560499068364,0.0,0.0,0.0608953280894601,0.0,0.0276495576292483,0.0,0.0,0.0,0.0,0.0,0.0,0.0,0.0,0.0,0.0374285654577641,0.0,0.0,0.5243347953498431,0.2190019908485438,0.0,0.1082513512529391,0.0,0.2410412747460054,0.6181428916098097,0.4316151394160477,0.1548892769429151,0.514548244604309,0.2582035202373551,0.3963119992963581,0.0,0.331293652793126,0.3004604655541561,0.0,0.3998362209172745
0.0,0.0,0.0,0.0,0.0,0.874684029894619,0.0,0.0,0.0,0.0,0.0,0.0,0.0,0.0,0.6067035675520612,0.0,0.0,0.0,0.0,0.804721516012849,0.5901163846780745,0.5280725260485784,0.7174503455598914,0.0,0.0,0.1426981393420533,0.8564581690151217,0.0,0.8097027050721806,0.0,0.0,0.2633813343758444,0.0,0.0,0.0,0.0,0.0,0.0,0.1964223539998985,0.0,0.3587116558142971,0.2211586039238419,0.0,0.0,0.0,0.0276495576292483,0.0,0.0,0.0,0.0,0.0965931666251893,0.6299486513634776,0.4996760118687067,0.1945519565563171,0.637606165639381,0.0,0.0,0.5391500055976607,0.0,0.0,0.612754817741261,0.7687986119246134,0.5050961594236544,0.0,0.0,0.4122806994399726,0.0,0.4257740572136849,0.0,0.7894288018295995,0.914757813967672,0.0,0.3147944862966527,0.0,0.0,0.2866234208493545
0.0,0.0,0.6492286240664767,0.0,0.1936176196866987,0.4712651260320314,0.238796443025367,0.5368330229589983,0.3521502953736444,0.0,0.5058775544031948,0.0,0.3732287980125786,0.174007550993783,0.0,0.0,0.0,0.0,0.6194525271703234,0.0,0.0,0.0,0.7234632852488476,0.0,0.0,0.0,0.4858414770019439,0.1752915227154073,0.2875995310301662,0.0,0.0,0.0,0.0,0.0,0.0,0.0450666203389574,0.0,0.0,0.0,0.1478791113216402,0.0,0.0,0.2947279372574598,0.0,0.0,0.0,0.0,0.0,0.0,0.3059207479815153,0.3730764636791486,0.4215688121072076,0.4950910594138249,0.5535815481243104,0.2273902324242927,0.7753655118820976,0.4626741582964003,0.3957346118565443,0.3265451615688379,0.0,0.0,0.0,0.0,0.5100967718578517,0.0,0.056940888182671,0.0,0.6051796887108657,0.0,0.3567814283891681,0.442236265837887,0.0904606861528133,0.1187330349513495,0.0,0.0,0.0
0.0,0.0,0.0,0.0,0.0,0.0,0.0,0.0,0.0,0.0,0.0,0.0,0.0,0.0,0.0,0.0,0.0,0.0,0.0,0.0,0.0,0.0,0.0,0.0,0.0,0.0,0.0,0.0,0.0,0.0,0.0,0.0,0.0,0.0,0.0,0.0,0.0,0.0,0.1395477820310436,0.0,0.1426687403919639,0.0373355769249621,0.0112361575204445,0.3129391844328532,0.0,0.0,0.0,0.0,0.0,0.0,0.0338500798793365,0.0,0.0,0.0,0.0,0.0,0.0,0.0,0.0,0.0,0.0,0.0,0.0,0.0,0.0,0.0,0.0,0.0,0.0,0.0,0.0,0.0864773445915862,0.1184180713444927,0.0,0.0,0.0
0.0,0.0,0.2102302396796358,0.0,0.6512159707022874,0.1908305848350916,0.0,0.0102889447384314,0.51543502866376,0.0,0.3260774958941119,0.0,0.0,0.0,0.0,0.0,0.0,0.0,0.2257906217342148,0.0,0.0,0.0,0.1727710124671866,0.0,0.0,0.0,0.3240490781862278,0.0,0.0,0.0,0.0,0.3878933404497795,0.0,0.0,0.0,0.0333030485604662,0.0,0.0,0.2993435312127882,0.0,0.4228900804920933,0.0794586618308794,0.2598248832740731,0.0,0.1801116105510161,0.0,0.0,0.3059207479815153,0.0,0.0,0.0983231931851364,0.6816487579096131,0.0600292440836803,0.5892861702184311,0.4137355895994992,0.3720325868803401,0.2601547123102937,0.3209578400254646,0.4258182890795013,0.0,0.0,0.0,0.0,0.0,0.0,0.0,0.0,0.2408053907411924,0.0,0.0,0.0,0.0,0.5027201630101188,0.0,0.0,0.263189696437813
0.0,0.5288538751179315,0.1773417899243862,0.0,0.0452601385270766,0.1911980258462698,0.0559340582622737,0.53818107247725,0.0,0.0,0.0,0.0,0.3244474597272959,0.0,0.0,0.0,0.0,0.0,0.0,0.0,0.0,0.0,0.3379429266436101,0.0,0.0,0.3839208860130731,0.0,0.0,0.0,0.0,0.0,0.0435828747260964,0.0,0.2304273801686629,0.2369895296225717,0.3008919229266827,0.0,0.0,0.2324111890945627,0.4473648951187056,0.0,0.0,0.3992069363059553,0.1385573210784618,0.0,0.0,0.0965931666251893,0.3730764636791486,0.0338500798793365,0.0983231931851364,0.0,0.1221627659982629,0.6567181117244084,0.0,0.012179429483001,0.2400648874816548,0.3330962127996453,0.7012035182728633,0.5846955371153416,0.0,0.0,0.0,0.0,0.1174424271166766,0.1607986836398231,0.0,0.0,0.6008352289425992,0.0,0.0,0.2081630324399302,0.5085429757452415,0.2282291848553355,0.3874534043161294,0.3795920574445357,0.0
0.0,0.0,0.1808399936268941,0.0,0.0,0.5679799493602233,0.0,0.2686860001149357,0.4217660049139381,0.0,0.0551090270952374,0.0,0.44179199315437,0.0,0.0,0.0,0.0,0.0,0.2685161825110327,0.0,0.0,0.0,0.5857360986931853,0.0,0.0,0.0,0.7232389323353731,0.0,0.7562176375329073,0.0,0.0,0.3119282290974108,0.0,0.0,0.0,0.0,0.0,0.0,0.2078876344173849,0.0,0.4173049844792275,0.2916159444296837,0.2934721928214782,0.0,0.2678159254675407,0.0,0.6299486513634776,0.4215688121072076,0.0,0.6816487579096131,0.1221627659982629,0.0,0.4084132125457527,0.2639489151801217,0.6903007991435114,0.1476913704823338,0.4944646018587138,0.5909614986303409,0.4534533111608728,0.0,0.6614008240695174,0.7259592407576956,0.5853480000410788,0.0,0.0,0.0,0.0,0.5531123578215197,0.0,0.7348908943996233,0.6070404836433486,0.0,0.4046760639280564,0.0,0.0,0.4237346922005634
