0.0,0.1141212918483981,0.0,0.0,0.0,0.0,0.0,0.0,0.0,0.0420452358834096,0.0,0.0,0.0,0.0984460584544902,0.111261444040735,0.20243664175806,0.0326306005039278,0.0,0.0,0.090189335912786,0.0,0.2482024661063334,0.0,0.2425233052100357,0.1630714016060647,0.1306011267403882,0.0,0.2245901997408834,0.0,0.0,0.3971782680581509,0.0518199284178899,0.3262225506315092,0.1971677157296451,0.1423639886480876,0.0,0.0,0.0865721986599487,0.0551277903217327,0.3977492003391587,0.3816308862119212,0.0,0.0,0.0,0.0,0.5511020823735672,0.0,0.0,0.0,0.0,0.0,0.0,0.0,0.0,0.0488050958901712,0.0,0.0,0.0,0.0,0.0,0.1550667455716342,0.0,0.0,0.0,0.0,0.0,0.1274032249190212,0.0,0.1514945234800963,0.0,0.1133275800435469,0.0,0.0,0.0,0.0,0.3210699461085953
0.1141212918483981,0.0,0.0,0.0,0.0,0.4586229022163198,-0.0002960401372968,0.2191011254727405,0.0,0.0,0.0,0.0,0.1866039403388772,0.0,0.2198998386131067,0.3028558976032726,0.0,0.2172025836888955,0.0,0.1995846486300785,0.1615422463782713,0.1697698733640473,0.2840129530866901,0.0,0.4427683118788796,0.4975410526977913,0.1518825022449375,0.0538102329079616,0.0248496190368835,0.0,0.0489331058850463,0.0634866269613853,0.0477975521891396,0.1468672440844356,0.12216796526787,0.0,0.0,0.0,0.0,0.0640429290757075,0.0342989414272002,0.0,0.0,0.0,0.0,0.0,0.3590198276770605,0.0,0.0,0.0,0.0846104687558038,0.0,0.0,0.0,0.0,0.0,0.0,0.0,0.0,0.1548230282174974,0.1805340044561024,0.0,0.0650186013881939,0.0,0.053177473613918,0.0,0.1235747139168811,0.0664210787464396,0.0,0.2179607041552866,0.3796097526624176,0.0,0.0,0.0,0.0,0.0
0.0,0.0,0.0,0.074975611193578,0.0,0.1727475329541304,0.0,0.0378971217628547,0.1736053428588612,0.0432874060389911,0.2077072998302086,0.0,0.0,0.0520661843747467,0.0,0.0,0.0,0.0,0.3572528201184539,0.0,0.0,0.0,0.4416202687713511,0.0,0.0,0.0,0.3202797015324777,0.067110063898553,0.0679504181690237,0.0,0.2307271610446428,0.2143864782497873,0.0,0.1988237738280785,0.1406374884360079,0.0423311797166236,0.1117390363481229,0.0,0.2465004487145281,0.0,0.0,0.0,0.0,0.0,0.0,0.0,0.0,0.41433102137848,0.0,0.0773202619537207,0.0,0.0711351938131809,0.1040357094300509,0.4073927924648525,0.0,0.2787296423773846,0.0,0.0,0.0,0.0,0.0,0.0,0.0,0.3829785043023333,0.0,0.0,0.0,0.2691500963946511,0.0,0.0,0.0,0.0,0.0,0.0,0.0,0.0
0.0,0.0,0.074975611193578,0.0,0.3179887554752612,0.0397687977966911,0.2507515766444613,0.0284832154591612,0.1589928300294494,0.0336881493855858,0.2005062580670242,0.0,0.225964677860789,0.2796814425724362,0.0,0.0,0.0,0.0,0.0492057926501883,0.0477553303025449,0.0,0.1273856683587098,0.0565316434164863,0.0,0.0,0.0,0.0765631311450505,0.2929671009461513,0.0,0.0,0.1592597032759659,0.0686726486596794,0.0,0.0853978527140619,0.0040228361523091,0.2706032418375578,0.1626465978078391,0.0,0.0,0.0,0.0,0.0,0.0,0.0,0.0,0.0,0.0,0.0,0.0,0.0,0.0,0.0,0.0,0.0,0.0,0.0,0.0,0.0,0.0,0.0,0.0,0.0,0.0,0.0,0.0,0.0,0.0,0.0,0.0,0.0,0.0,0.0,0.0,0.0,0.0,0.0
0.0,0.0,0.0,0.3179887554752612,0.0,0.089195357263318,0.5018123120742596,0.0,0.4241795025348049,0.097846137881686,0.3912847646913679,0.0951393848915511,0.3974475488191116,0.3475074226577412,0.0,0.0710553309283826,0.0,0.0,0.0363103912929776,0.1416127960639542,0.0,0.2811930188733271,0.0,0.0,0.0,0.0,0.0803893318059037,0.3312034282683982,0.2369863136516055,0.0,0.2572507921722727,0.0861999453423965,0.1449956267271522,0.2319075835771505,0.035899436681211,0.2441408339352442,0.0946839485971692,0.0,0.0818025918012509,0.0,0.0,0.0,0.0,0.0,0.0,0.0,0.0,0.1600194929626977,0.0,0.0,0.0,0.0,0.0,0.1690551676243637,0.0,0.1683549156116892,0.0,0.0,0.0,0.0,0.0,0.0,0.0,0.1080892252191207,0.0,0.0,0.0,0.0,0.0,0.0,0.0,0.0,0.0,0.0,0.0,0.0
0.0,0.4586229022163198,0.1727475329541304,0.0397687977966911,0.089195357263318,0.0,0.0231064185825083,0.31619487912603,0.2497467659302948,0.0855247602902195,0.0985324546046367,0.2885382392736587,0.0831431558930486,0.1396500660287822,0.1142142301270505,0.2087993055922522,0.0,0.2515638637920998,0.0875503019509597,0.2919482104039745,0.3009361595192809,0.1559089686725829,0.3387442085339474,0.0,0.3788000246086176,0.3619260099960079,0.415242341108487,0.0,0.3544266930041456,0.0,0.0,0.0454328763210297,0.0,0.2423478145030108,0.0953727634108087,0.0412264640050253,0.0,0.1242322619991466,0.0,0.0,0.008702712880505,0.0,0.1231893501689753,0.0,0.0,0.0,0.0,0.2385051505892216,0.0,0.0,0.2342956219402684,0.0805416814759688,0.2370098955207374,0.3602488567258595,0.0,0.1304220545090857,0.0,0.1512800676881154,0.0,0.2123418294168899,0.0,0.0,0.0,0.3764794268798543,0.1404284537829034,0.2084681357831522,0.236515073977982,0.2747685697293153,0.0,0.0,0.3155523462609939,0.2008010699803006,0.0,0.0561260323091411,0.0,0.0
0.0,-0.0002960401372968,0.0,0.2507515766444613,0.5018123120742596,0.0231064185825083,0.0,0.0,0.2971807257228673,0.0809185490899683,0.3447904253507695,0.1300438997553846,0.4519871958205514,0.1676194453360764,0.0,0.0,0.0,0.0,0.1148834168551152,0.0555484107536469,0.0,0.2825719832045635,0.0,0.0,0.0200676278834053,0.0,0.0,0.3200271353651341,0.1068738862467107,0.0,0.1778227950772231,0.0311720421173703,0.1096105726239598,0.0812686053006215,0.0,0.1434720987198103,0.0078860167900253,0.0,0.0,0.0,0.0,0.0,0.0,0.0,0.0,0.0,0.0,0.0,0.0,0.0,0.0,0.0,0.0,0.0,0.0,0.0,0.0,0.0,0.0,0.0,0.0,0.0,0.0,0.0,0.0,0.0,0.0,0.0,0.0,0.0,0.0,0.0,0.0,0.0,0.0,0.0
0.0,0.2191011254727405,0.0378971217628547,0.0284832154591612,0.0,0.31619487912603,0.0,0.0,0.0068121102381454,0.0515376239091913,0.0,0.0,0.1264954427383364,0.0513361859888928,0.0817020377639843,0.0,0.0,0.0097395746182931,0.0987423148147597,0.1705843784137972,0.2145059619803958,0.0,0.3284815322530998,0.1395016977157643,0.0,0.1819678447005314,0.0976979814607424,0.0654401916141085,0.0331481566604412,0.0,0.0,0.0,0.0,0.0,0.0,0.0425614234773629,0.0,0.0,0.0,0.0,0.0,0.0,0.2410067193781389,0.0,0.0,0.0,0.0,0.1884727028426875,0.0,0.0,0.3790470282167489,-0.0029512151721926,0.4762007220900882,0.1042790565722418,0.0,0.1440370060290074,0.0,0.3709012941343483,0.1797254028129329,0.1656219114190401,0.0,0.0,0.0,0.2197245172618114,0.2275896821686553,0.2167433342313633,0.0116392505955658,0.3339061194974085,0.0,0.0,0.0,0.2353502186993924,0.1257969533417268,0.2539315052396687,0.0,0.0
0.0,0.0,0.1736053428588612,0.1589928300294494,0.4241795025348049,0.2497467659302948,0.2971807257228673,0.0068121102381454,0.0,0.0,0.4669450336233992,0.1001767425282667,0.2075274376067685,0.3222919855033314,0.0,0.1511760104805482,0.0,0.0,0.2444640932529637,0.3770760120839741,0.0,0.3829032785329303,0.0244676518658121,0.0,0.1308899718203567,0.0750244641055599,0.3338000444957312,0.2133505792505516,0.441904121823969,0.1000304702773157,0.2239222909240691,0.2434930270771556,0.0548462060171873,0.2938696714266623,0.0433473826445534,0.1561698956598508,0.0,0.0734408753070767,0.2643294852648437,0.0,0.0,0.0,0.0,0.0,0.0,0.0,0.0,0.3224938875738156,0.0,0.0507076630682454,0.0,0.0979789369492505,0.0,0.4289770720700411,0.0,0.2166324055136312,0.0,0.0,0.0,0.0,0.0,0.0,0.0,0.357529421899013,0.0,0.0,0.0,0.0930574368710983,0.0,0.0,0.0,0.0779263685786507,0.0,0.0,0.0,0.0
0.0420452358834096,0.0,0.0432874060389911,0.0336881493855858,0.097846137881686,0.0855247602902195,0.0809185490899683,0.0515376239091913,0.0,0.0,0.0505459161480652,0.2357368051425089,0.1750906449979893,0.0,0.0,0.0879972160796489,0.2678571625835839,0.0897925765206663,0.0,0.0,0.0946973910474358,0.1544653424755128,0.0810662801176098,0.1575914974193644,0.2040922963712733,0.2279190091910332,0.0,0.3537631681143636,0.0,0.0,0.256540216705807,0.0424826979766766,0.1163088557997863,0.1024783297453544,0.0715573100669983,0.0287901703739318,0.2120267473146802,0.0886150493798153,0.0655938534627738,0.0301401998574114,0.1040776810090712,0.1588928741249332,0.0,0.0,0.0,0.0784442336472946,0.0,0.0,0.0,0.0,0.0,0.0,0.0,0.0,0.352144922827918,0.0,0.1909016720855428,0.1715865818556925,0.0,0.0,0.133916515994913,0.2251330011049603,0.1755684170596853,0.0,0.0,0.0,0.0,0.0,0.2559525840463376,0.0849017747921801,0.2078747482743281,0.0,0.1086590439045146,0.0,0.0,0.1381140460265343
0.0,0.0,0.2077072998302086,0.2005062580670242,0.3912847646913679,0.0985324546046367,0.3447904253507695,0.0,0.4669450336233992,0.0505459161480652,0.0,0.1310240139154948,0.2625516887167716,0.2717740834879526,0.0,0.0,0.0,0.0,0.3602287733801292,0.0,0.0,0.0,0.0,0.0166277916867784,0.0,0.0,0.1168968525828566,0.204916600254491,0.0,0.0,0.2558724489142412,0.2382652376268185,0.1206827406213973,0.171302843850212,0.0482623310872459,0.263982667891642,0.1246541413184979,0.0958773788845701,0.2670707902291551,0.0,0.0,0.0,0.0,0.0,0.0,0.0,0.0,0.3499776151559686,0.0,0.1173610887088791,0.0,0.0,0.0,0.292760980327643,0.0,0.299092589461108,0.0,0.0,0.0,0.0,0.0,0.0,0.0,0.2686868561112799,0.0,0.0,0.0,0.0,0.0,0.0,0.0,0.0,0.0,0.0,0.0,0.0
0.0,0.0,0.0,0.0,0.0951393848915511,0.2885382392736587,0.1300438997553846,0.0,0.1001767425282667,0.2357368051425089,0.1310240139154948,0.0,0.3151716493741269,0.0,0.0,0.0,0.2354947468269467,0.1360676356499709,0.0,0.0,0.0429171418675154,0.0,0.16183996884635,0.2356489376248822,0.0,0.2055695550794953,0.0,0.1399828186285765,0.0,0.0,0.0,0.096214306921184,0.0964495632755945,0.1137255045943318,0.0708424235670881,0.0,0.0308226956686198,0.1136974804752566,0.1385594648702759,0.0981032355780952,0.0460188921506418,0.0859334381698431,0.0,0.0,0.0,0.0,0.0,0.0,0.0,0.0,0.0,0.0,0.0,0.0,0.1450928384587337,0.0,0.4407869402565334,0.0,0.0,0.0,0.0,0.1563001467912869,0.054875251851152,0.0,0.0,0.0,0.0,0.0,0.180651382557333,0.0,0.1956309638450079,0.0,0.0,0.0,0.0,0.0
0.0,0.1866039403388772,0.0,0.225964677860789,0.3974475488191116,0.0831431558930486,0.4519871958205514,0.1264954427383364,0.2075274376067685,0.1750906449979893,0.2625516887167716,0.3151716493741269,0.0,0.0714749861906772,0.0639791747441983,0.0,0.1905267839959046,0.0,0.0822819854610474,0.136432681732703,0.0,0.2317181481870212,0.0,0.162967220165852,0.0,0.112961722035436,0.0,0.4343632658700802,0.0302215754244778,0.241297061623406,0.0970980909198233,0.1192190985049645,0.1810859785934082,0.054180870493918,0.0,0.144434366878065,0.1229169700721408,0.0987947560707032,0.0967503325957171,0.0,0.2286066676852849,0.0,0.0,0.0,0.0,0.0,0.0,0.1916407415113754,0.0,0.0,0.0,0.0,0.0,0.0,0.0,0.0,0.0,0.0,0.0,0.0,0.0,0.0,0.0,0.0,0.0,0.0,0.0,0.0,0.0,0.0,0.0,0.0,0.0,0.0,0.0,0.0
0.0984460584544902,0.0,0.0520661843747467,0.2796814425724362,0.3475074226577412,0.1396500660287822,0.1676194453360764,0.0513361859888928,0.3222919855033314,0.0,0.2717740834879526,0.0,0.0714749861906772,0.0,0.0,0.0,0.0,0.0,0.0631426981554192,0.0,0.0932782454452674,0.0,0.0756293746680859,0.0,0.0,0.0,0.258421187062888,0.0788645944756644,0.0,0.0,0.0727972281149419,0.0873358390288518,0.0,0.145598291417378,0.0,0.1745485356331295,0.011936084912689,0.0,0.114390657934891,0.0,0.0,0.0,0.0826703402526966,0.0,0.0,0.0,0.0,0.1168275069185536,0.0,0.0,0.0,0.0,0.0,0.2021505291685391,0.0,0.0850361975397738,0.0,0.0,0.0,0.0,0.0,0.0,0.0,0.1610988741380261,0.0,0.0,0.0,0.1355348445891392,0.0,0.0,0.0,0.0856827260766391,0.0,0.0,0.0,0.0
0.111261444040735,0.2198998386131067,0.0,0.0,0.0,0.1142142301270505,0.0,0.0817020377639843,0.0,0.0,0.0,0.0,0.0639791747441983,0.0,0.0,0.1423665025252138,0.0,0.1224767114028788,0.0,0.4838008860677482,0.3722242974098775,0.4273497486995251,0.2461808971132972,0.0493811607700297,0.2294071036815368,0.2367930383753649,0.3081987670473613,0.1522930877353877,0.1543851349584908,0.0467090928903642,0.0892727076938574,0.3155303580172862,0.0243906800733349,0.141807239609415,0.0,0.0,0.0,0.0,0.3283935456170511,0.0,0.0272362871181646,0.0,0.0,0.0,0.0,0.0630070314920225,0.1102211602774962,0.0,0.0,0.0,0.0492770072177118,0.0,0.1422218444837512,0.0,0.0,0.0,0.0,0.0,0.0,0.5054632755577986,0.075836972988963,0.0,0.0,0.0,0.3295012168274074,0.2201334705434503,0.406052540528465,0.1821026277264665,0.0,0.1225738383498877,0.1860556619472777,0.1763692711374574,0.2033895593146442,0.064689389760363,0.0,0.0630162388724936
0.20243664175806,0.3028558976032726,0.0,0.0,0.0710553309283826,0.2087993055922522,0.0,0.0,0.1511760104805482,0.0879972160796489,0.0,0.0,0.0,0.0,0.1423665025252138,0.0,0.4569845750819807,0.5672882057378547,0.0,0.1836303493515421,0.2282467065991102,0.2513870610872715,0.1295280049165694,0.0,0.2952281861706999,0.3483136115017535,0.2714577349630606,0.0,0.1864824438276904,0.0,0.2692858045149464,0.1718008114695718,0.0785235544709263,0.3496989830777922,0.1937195578599382,0.0,0.0,0.0,0.0158730827572154,0.1140059938129682,0.050240938537664,0.0,0.0,0.0,0.0,0.1487335723833258,0.0612021895423645,0.0,0.0,0.0,0.0,0.0,0.0,0.0,0.0,0.0,0.0,0.0,0.0,0.1558724226177357,0.3855083067653675,0.0,0.3243717019213343,0.0,0.0,0.0,0.3150611769384914,0.0,0.0,0.1862903567736012,0.2380700209057774,0.0,0.0,0.0,0.0,0.0
0.0326306005039278,0.0,0.0,0.0,0.0,0.0,0.0,0.0,0.0,0.2678571625835839,0.0,0.2354947468269467,0.1905267839959046,0.0,0.0,0.4569845750819807,0.0,0.4448253897008138,0.0,0.0758484357506975,0.0,0.0926341244532148,0.0,0.0066188246180983,0.1579913488186475,0.3786626357540655,0.0,0.1215691698737322,0.0482832212222407,0.0,0.1775566712986317,0.1223103157219838,0.0683287409964514,0.1938684176837991,0.132299211988745,0.0,0.0,0.1591958981184549,0.0292970238522894,0.0070008829384882,0.0,0.0,0.0,0.0,0.0,0.0,0.0,0.0,0.0,0.0,0.0,0.0,0.0,0.0,0.008752993016178,0.0,0.1237116145564179,0.0,0.0,0.0,0.0,0.1194958555855519,0.2601281245432374,0.0,0.0,0.0,0.0,0.0,0.087287905886623,0.0,0.2037905517225857,0.0,0.0,0.0,0.0,0.0
0.0,0.2172025836888955,0.0,0.0,0.0,0.2515638637920998,0.0,0.0097395746182931,0.0,0.0897925765206663,0.0,0.1360676356499709,0.0,0.0,0.1224767114028788,0.5672882057378547,0.4448253897008138,0.0,0.0,0.201873029173935,0.279789944754052,0.2513862473206343,0.0994268290545283,0.0,0.2550129047998892,0.235854880799632,0.3441138576516289,0.0,0.3090369549222533,0.0,0.1144388177028799,0.1581492790774807,0.0121883078201757,0.2657977076692083,0.1295980333012877,0.0,0.0,0.0,0.0324914435139247,0.0,0.0,0.0,0.0,0.0,0.0,0.0,0.099805350491761,0.0,0.0,0.0,0.0,0.0,0.0,0.0,0.0,0.0,0.0697567271139049,0.0,0.0,0.0,0.3693563959985231,0.1412498982930289,0.388182559849743,0.0,0.0,0.0,0.3096814716015535,0.0,0.0,0.2148020721288789,0.1299251239716546,0.0,0.0,0.0,0.0,0.0
0.0,0.0,0.3572528201184539,0.0492057926501883,0.0363103912929776,0.0875503019509597,0.1148834168551152,0.0987423148147597,0.2444640932529637,0.0,0.3602287733801292,0.0,0.0822819854610474,0.0631426981554192,0.0,0.0,0.0,0.0,0.0,0.0,0.0,0.0,0.1451124787898466,0.0,0.0,0.0,0.1301676449475226,0.0827789435089233,0.0,0.0,0.1561856021487721,0.3308158223294464,0.0,0.1105067062851442,0.0421397799035736,0.0487451981871393,0.0281717902222959,0.1522372058655927,0.3664812345432384,0.0,0.0,0.0,0.0,0.0,0.0,0.0,0.0,0.3944435918196614,0.0,0.2440824621519987,0.0,0.0411963242357631,0.0783660603906112,0.2895366436388465,0.0,0.2797239111378911,0.0,0.0,0.0208846956250359,0.0,0.0,0.0,0.0,0.3688381725065428,0.0,0.0,0.0,0.1165397910904765,0.0,0.0,0.0,0.0,0.0,0.0,0.0,0.0
0.090189335912786,0.1995846486300785,0.0,0.0477553303025449,0.1416127960639542,0.2919482104039745,0.0555484107536469,0.1705843784137972,0.3770760120839741,0.0,0.0,0.0,0.136432681732703,0.0,0.4838008860677482,0.1836303493515421,0.0758484357506975,0.201873029173935,0.0,0.0,0.4220819183609406,0.4882007661297518,0.2393121285215849,0.0,0.2102712386583735,0.2779079854895724,0.4271426939699368,0.2213244490657645,0.4157336183416364,0.0,0.1537832833418363,0.3218197610255534,0.0,0.240027445571726,0.0,0.044987596806659,0.0263890915602625,0.0,0.2564754641905279,0.0,0.0633822071175739,0.0,0.0,0.0,0.0,0.0,0.1633217777846168,0.0,0.0,0.0,0.144687592636263,0.0,0.235894854838298,0.0,0.0,0.0,0.0,0.1979484683991559,0.0,0.5440964786196109,0.0,0.0,0.0,0.0,0.4274434006420926,0.3080645016594446,0.5113476128863386,0.2851824536959698,0.0,0.0,0.1889890045032866,0.2963633919557723,0.1997603220632764,0.1566715295678246,0.0,0.1314671190584873
0.0,0.1615422463782713,0.0,0.0,0.0,0.3009361595192809,0.0,0.2145059619803958,0.0,0.0946973910474358,0.0,0.0429171418675154,0.0,0.0932782454452674,0.3722242974098775,0.2282467065991102,0.0,0.279789944754052,0.0,0.4220819183609406,0.0,0.296101000295708,0.399760728650507,0.0,0.3102838448726723,0.2263694540454511,0.4884750972231414,0.0548149038255943,0.3754909329247149,0.0,0.1247523840446494,0.1715780609181051,0.0,0.2165777039475453,0.0438073745617567,0.021497269156226,0.0,0.0,0.1518018511590024,0.0,0.0,0.0,0.0,0.0,0.0,0.0,0.2759165767140777,0.0,0.0,0.0,0.2549796236691615,0.0,0.3275605172255829,0.0,0.0,0.0,0.0,0.0,0.0,0.4199703550157432,0.264191828271436,0.0,0.0,0.0,0.44135974712267,0.5013311334351676,0.4627079805666685,0.4488072691849833,0.0,0.3555183035956703,0.2293873349314671,0.4032676022260901,0.1021339504943651,0.2561186436597316,0.0,0.050512774586792
0.2482024661063334,0.1697698733640473,0.0,0.1273856683587098,0.2811930188733271,0.1559089686725829,0.2825719832045635,0.0,0.3829032785329303,0.1544653424755128,0.0,0.0,0.2317181481870212,0.0,0.4273497486995251,0.2513870610872715,0.0926341244532148,0.2513862473206343,0.0,0.4882007661297518,0.296101000295708,0.0,0.0638207818857067,0.0,0.2491062632614126,0.1339795974889806,0.3397527848118533,0.2737048001996021,0.3563564239456395,0.0731107947247379,0.277936604459475,0.246772600768147,0.1010807055160805,0.2388346874165823,0.0,0.0,0.0440264070748946,0.0,0.2097697062392093,0.093378109095284,0.1309864698037846,0.014922392970801,0.0,0.0,0.0,0.2259947562881633,0.039462075088512,0.0,0.0,0.0,0.0,0.0,0.0,0.0,0.0,0.0,0.0,0.0,0.0,0.403451613226107,0.3152384496062625,0.0,0.1592568172473386,0.0,0.2065097332628735,0.1935305599215921,0.4200884366110408,0.0837808385175217,0.0,0.1887205588004991,0.0674286648290861,0.1621078919053862,0.1816796563413125,0.0,0.0,0.1374119871985566
0.0,0.2840129530866901,0.4416202687713511,0.0565316434164863,0.0,0.3387442085339474,0.0,0.3284815322530998,0.0244676518658121,0.0810662801176098,0.0,0.16183996884635,0.0,0.0756293746680859,0.2461808971132972,0.1295280049165694,0.0,0.0994268290545283,0.1451124787898466,0.2393121285215849,0.399760728650507,0.0638207818857067,0.0,0.2601575846587001,0.2483207082751425,0.3432679112755354,0.3582180621252049,0.0304049811428281,0.1312586277825389,0.0,0.0935488184527212,0.0578329828997562,0.0049758149798979,0.135713654745738,0.1350004659189445,0.0436240429067382,0.0809786598395839,0.2076081560285539,0.0571885912022221,0.0,0.0405418465014717,0.0,0.0694268386181662,0.0,0.0,0.0,0.4430463005397545,0.3718750792445106,0.0,0.0,0.2296394330789363,0.0666735043581606,0.3831438780475312,0.3513821293298085,0.0,0.2025017311033901,0.0,0.1743428192340431,0.0486037545858559,0.2030722348575052,0.0,0.0,0.0,0.3635717693070805,0.2323650078429364,0.3192667629328297,0.2747679857609163,0.537591395289752,0.0,0.0,0.4444294643545788,0.1893520836646258,0.0,0.0905078893101003,0.0,0.0604792039149401
0.2425233052100357,0.0,0.0,0.0,0.0,0.0,0.0,0.1395016977157643,0.0,0.1575914974193644,0.0166277916867784,0.2356489376248822,0.162967220165852,0.0,0.0493811607700297,0.0,0.0066188246180983,0.0,0.0,0.0,0.0,0.0,0.2601575846587001,0.0,0.0450730812224756,0.2744338256050586,0.0,0.1648517216526757,0.0,0.0,0.1666464577190284,0.0,0.2266106805228321,0.0858382109643761,0.1912051504787481,0.1114224839178325,0.1466784958288059,0.1353430547380479,0.020216091668524,0.2428661223396455,0.2745057612219188,0.1396294118152103,0.0,0.0,0.1523276497433704,0.2185265464781343,0.0977159802908093,0.0,0.0,0.0,0.0,0.0,0.0,0.0,0.2204668924201429,0.0,0.2911970650934362,0.0,0.0,0.0,0.0,0.1748162306462842,0.0,0.0,0.0,0.0,0.0,0.0,0.4779495043600519,0.0,0.3466564253704997,0.0,0.0337949630453675,0.0,0.0,0.2339011464308922
0.1630714016060647,0.4427683118788796,0.0,0.0,0.0,0.3788000246086176,0.0200676278834053,0.0,0.1308899718203567,0.2040922963712733,0.0,0.0,0.0,0.0,0.2294071036815368,0.2952281861706999,0.1579913488186475,0.2550129047998892,0.0,0.2102712386583735,0.3102838448726723,0.2491062632614126,0.2483207082751425,0.0450730812224756,0.0,0.3979465906339063,0.3042904481370574,0.0639974464102926,0.2101704031553683,0.0,0.2443115788272571,0.0588871988409782,0.0208411507010122,0.2362276061237016,0.0848908435536665,0.0,0.0,0.1412571866045628,0.0,0.0,0.0971850248063734,0.0,0.0,0.0,0.0,0.0756480955984288,0.3176682055939265,0.0,0.0,0.0,0.0,0.0,0.0,0.0,0.1942660552168158,0.0,0.0291455687006186,0.0,0.0,0.1863492509471068,0.3449792379831594,0.2244776888910213,0.1490476622866461,0.0,0.1690227350844864,0.1772742265889754,0.2551578657930156,0.0,0.136188374461542,0.4521608357392465,0.3187392391902693,0.0,0.0,0.0423277301822501,0.0,0.119983341927733
0.1306011267403882,0.4975410526977913,0.0,0.0,0.0,0.3619260099960079,0.0,0.1819678447005314,0.0750244641055599,0.2279190091910332,0.0,0.2055695550794953,0.112961722035436,0.0,0.2367930383753649,0.3483136115017535,0.3786626357540655,0.235854880799632,0.0,0.2779079854895724,0.2263694540454511,0.1339795974889806,0.3432679112755354,0.2744338256050586,0.3979465906339063,0.0,0.2329529470688629,0.1081545623503084,0.1113605428803138,0.0,0.1130166229510256,0.1881175457124004,0.0438643621289371,0.2288804298304808,0.138654309687547,0.0,0.0,0.1684580809123546,0.0884854410458485,0.0317127009127726,0.0820050565464553,0.0,0.0,0.0,0.008130234099599,0.0,0.2872032785571141,0.0,0.0,0.0,0.1030578381481741,0.0,0.0,0.0,0.1467710849764726,0.0,0.1403937990784167,0.0,0.0,0.2405662149367907,0.1055857548146449,0.3326395860209888,0.0819952289286706,0.0,0.1886230652419961,0.063970138938505,0.2719340826669133,0.2064438534667315,0.3233844837703253,0.1466692849506219,0.498474083996523,0.0795082165179285,0.0,0.0,0.0,0.0143985325451906
0.0,0.1518825022449375,0.3202797015324777,0.0765631311450505,0.0803893318059037,0.415242341108487,0.0,0.0976979814607424,0.3338000444957312,0.0,0.1168968525828566,0.0,0.0,0.258421187062888,0.3081987670473613,0.2714577349630606,0.0,0.3441138576516289,0.1301676449475226,0.4271426939699368,0.4884750972231414,0.3397527848118533,0.3582180621252049,0.0,0.3042904481370574,0.2329529470688629,0.0,0.0108205192059998,0.550120773336483,0.0,0.0778926592565161,0.1714570761567214,0.0,0.2686651225648919,0.0321978014242581,0.0,0.0,0.0,0.1526020787826655,0.0,0.0,0.0,0.1360845953815081,0.0,0.0,0.0,0.3698763942910557,0.1822020995828041,0.0,0.0,0.2442099943010128,0.1744057403215,0.2610274950846143,0.4583150039135119,0.0,0.0730417183165426,0.0,0.1570027373937101,0.0188741756608272,0.3871559554842584,0.0,0.0,0.0,0.4333457431644349,0.3869549877716502,0.3784386703682607,0.5196419529030117,0.4083039800482375,0.0,0.0,0.2184906498375972,0.4411168528160989,0.0,0.2124848755253601,0.0311114461270542,0.0643331893588099
0.2245901997408834,0.0538102329079616,0.067110063898553,0.2929671009461513,0.3312034282683982,0.0,0.3200271353651341,0.0654401916141085,0.2133505792505516,0.3537631681143636,0.204916600254491,0.1399828186285765,0.4343632658700802,0.0788645944756644,0.1522930877353877,0.0,0.1215691698737322,0.0,0.0827789435089233,0.2213244490657645,0.0548149038255943,0.2737048001996021,0.0304049811428281,0.1648517216526757,0.0639974464102926,0.1081545623503084,0.0108205192059998,0.0,0.0506821269389443,0.2800467012751179,0.228773496576636,0.1138277223229038,0.1158252113122174,0.0425243553673612,0.0,0.2237576661172983,0.2548617317618056,0.0483523029651709,0.1578081311171647,0.0732237212655356,0.1876236837219975,0.1571141134296236,0.017636738538945,0.0,0.0,0.0,0.0,0.2067187383314343,0.0,0.0,0.0186010320798031,0.0,0.0624140552348141,0.0,0.0,0.0,0.0671946853042095,0.0,0.0,0.1327430036753423,0.0,0.0,0.0,0.0,0.1058354601975457,0.0529671475389765,0.130076053502127,0.0865158534126915,0.0,0.0,0.0,0.0496443941832946,0.3170245459043179,0.0978188538068163,0.0,0.2899387828056685
0.0,0.0248496190368835,0.0679504181690237,0.0,0.2369863136516055,0.3544266930041456,0.1068738862467107,0.0331481566604412,0.441904121823969,0.0,0.0,0.0,0.0302215754244778,0.0,0.1543851349584908,0.1864824438276904,0.0482832212222407,0.3090369549222533,0.0,0.4157336183416364,0.3754909329247149,0.3563564239456395,0.1312586277825389,0.0,0.2101704031553683,0.1113605428803138,0.550120773336483,0.0506821269389443,0.0,0.0,0.1148292336308833,0.1423204568546356,0.0,0.2626570725973307,0.025464471734399,0.005863978101226,0.0,0.0,0.1223396540520193,0.0,0.0102654002949004,0.0,0.1612045354886204,0.0,0.0,0.0,0.1861120625375465,0.0,0.0,0.0,0.1630773661714506,0.0,0.1536736926308271,0.0,0.0,0.0,0.0,0.1804229794847058,0.0,0.3700492173207595,0.0,0.0,0.0,0.0,0.2979682549841199,0.379566888905934,0.4399166136325525,0.2733776018779431,0.0,0.0,0.046896148636576,0.4035046404571091,0.0,0.2239419248387853,0.1037466620930283,0.0664350487067425
0.0,0.0,0.0,0.0,0.0,0.0,0.0,0.0,0.1000304702773157,0.0,0.0,0.0,0.241297061623406,0.0,0.0467090928903642,0.0,0.0,0.0,0.0,0.0,0.0,0.0731107947247379,0.0,0.0,0.0,0.0,0.0,0.2800467012751179,0.0,0.0,0.0802046582922512,0.0232880433893553,0.1548993977166467,0.0,0.0,0.0,0.0,0.0,0.1133359047615458,0.0,0.0,0.0,0.0,0.0,0.0,0.0,0.0,0.0,0.0,0.0,0.0,0.0,0.0,0.0,0.0,0.0,0.0,0.0,0.0,0.0,0.0,0.0,0.0,0.0,0.0,0.0,0.0,0.0,0.0,0.0,0.0,0.0,0.0,0.0661714446115317,0.0,0.0
0.3971782680581509,0.0489331058850463,0.2307271610446428,0.1592597032759659,0.2572507921722727,0.0,0.1778227950772231,0.0,0.2239222909240691,0.256540216705807,0.2558724489142412,0.0,0.0970980909198233,0.0727972281149419,0.0892727076938574,0.2692858045149464,0.1775566712986317,0.1144388177028799,0.1561856021487721,0.1537832833418363,0.1247523840446494,0.277936604459475,0.0935488184527212,0.1666464577190284,0.2443115788272571,0.1130166229510256,0.0778926592565161,0.228773496576636,0.1148292336308833,0.0802046582922512,0.0,0.1215519574919938,0.2408875732518748,0.3315339082652592,0.2575040392835067,0.1493221679980866,0.1830838824805726,0.1247164448439403,0.0476317768904093,0.3403089504043124,0.3309628490731435,0.1880442580360616,0.0,0.0,0.0,0.4427561653251941,0.0,0.0,0.0,0.0,0.0,0.0,0.0,0.0,0.1390982732593389,0.0,0.0305752972331046,0.0,0.0,0.0270039160760979,0.3407678644918102,0.0,0.1293730869038981,0.0,0.0,0.0562269727442929,0.2032774551288867,0.0,0.1674044320297729,0.085748789059117,0.1833923152948224,0.0,0.0,0.0,0.0,0.2412555871502603
0.0518199284178899,0.0634866269613853,0.2143864782497873,0.0686726486596794,0.0861999453423965,0.0454328763210297,0.0311720421173703,0.0,0.2434930270771556,0.0424826979766766,0.2382652376268185,0.096214306921184,0.1192190985049645,0.0873358390288518,0.3155303580172862,0.1718008114695718,0.1223103157219838,0.1581492790774807,0.3308158223294464,0.3218197610255534,0.1715780609181051,0.246772600768147,0.0578329828997562,0.0,0.0588871988409782,0.1881175457124004,0.1714570761567214,0.1138277223229038,0.1423204568546356,0.0232880433893553,0.1215519574919938,0.0,0.0,0.1550337445356381,0.0127920975469262,0.0323361665193393,0.0664385139970987,0.0353669718636633,0.4567479259059677,0.0164273252759659,0.1878181683181895,2.9093700706569696e-05,0.0,0.0,0.0,0.0454453392058922,0.0,0.1442137684762423,0.0,0.0,0.0,0.0,0.0079147254696397,0.2119839338079239,0.0,0.1471901421995018,0.0179268451437,0.0,0.0,0.3647447247761883,0.0790413419925832,0.0,0.0486269323232163,0.2509195869677582,0.1798796416519913,0.0401454673033803,0.2850294834822215,0.0790391767577145,0.0706458219612883,0.0,0.1114456882969146,0.0,0.0238250994831073,0.0,0.0896373418481866,0.1770028439592216
0.3262225506315092,0.0477975521891396,0.0,0.0,0.1449956267271522,0.0,0.1096105726239598,0.0,0.0548462060171873,0.1163088557997863,0.1206827406213973,0.0964495632755945,0.1810859785934082,0.0,0.0243906800733349,0.0785235544709263,0.0683287409964514,0.0121883078201757,0.0,0.0,0.0,0.1010807055160805,0.0049758149798979,0.2266106805228321,0.0208411507010122,0.0438643621289371,0.0,0.1158252113122174,0.0,0.1548993977166467,0.2408875732518748,0.0,0.0,0.1060300957276709,0.1780715267153985,0.0,0.0586685622232691,0.1897374534474588,0.0342540074210424,0.4473971359313656,0.3568898039885307,0.2287463617715529,0.0,0.0,0.1751344361123986,0.3567542827674289,0.0,0.0,0.0,0.0,0.0,0.0,0.0,0.0,0.160534390525712,0.0,0.0942141828773371,0.0,0.0,0.0,0.0531109780155334,0.0,0.0307655694979359,0.0,0.0,0.0,0.0,0.0,0.1910075003291088,0.0,0.1882858486714395,0.0,0.0,0.0,0.0,0.1277498969997614
0.1971677157296451,0.1468672440844356,0.1988237738280785,0.0853978527140619,0.2319075835771505,0.2423478145030108,0.0812686053006215,0.0,0.2938696714266623,0.1024783297453544,0.171302843850212,0.1137255045943318,0.054180870493918,0.145598291417378,0.141807239609415,0.3496989830777922,0.1938684176837991,0.2657977076692083,0.1105067062851442,0.240027445571726,0.2165777039475453,0.2388346874165823,0.135713654745738,0.0858382109643761,0.2362276061237016,0.2288804298304808,0.2686651225648919,0.0425243553673612,0.2626570725973307,0.0,0.3315339082652592,0.1550337445356381,0.1060300957276709,0.0,0.2589842619457798,0.1032446233167904,0.0462539203326003,0.0839752396098407,0.0539623954334934,0.2626654733790522,0.251406936635592,0.0095998740898957,0.0,0.0,0.0876319652732748,0.2319316403546081,0.1123699119664415,0.0,0.0,0.0,0.0,0.0,0.0,0.0,0.0,0.0,0.0480693116953567,0.0,0.0,0.1075722361136604,0.337895017250484,0.0,0.0875322601717056,0.0,0.0,0.092975514631612,0.369620898126578,0.0457983143382144,0.1301672158781818,0.1679633547240536,0.2734545145033832,0.0,0.0,0.0,0.0,0.0471912362886623
0.1423639886480876,0.12216796526787,0.1406374884360079,0.0040228361523091,0.035899436681211,0.0953727634108087,0.0,0.0,0.0433473826445534,0.0715573100669983,0.0482623310872459,0.0708424235670881,0.0,0.0,0.0,0.1937195578599382,0.132299211988745,0.1295980333012877,0.0421397799035736,0.0,0.0438073745617567,0.0,0.1350004659189445,0.1912051504787481,0.0848908435536665,0.138654309687547,0.0321978014242581,0.0,0.025464471734399,0.0,0.2575040392835067,0.0127920975469262,0.1780715267153985,0.2589842619457798,0.0,0.1065664057954002,0.1140289706181391,0.1064638503576802,0.0,0.2788309388948572,0.1748421845070988,0.1560192727283456,0.0,0.0939677969258601,0.1453583322118739,0.167978818087434,0.1065861565790289,0.0,0.0,0.0,0.0,0.0,0.0,0.0,0.030780564661811,0.0,0.1325382712375238,0.0,0.0,0.0,0.2262316769122723,0.0,0.0684771314533619,0.0,0.0,0.0419647270449517,0.0622982346334859,0.0294726039108171,0.0,0.0560843196673118,0.2510042602235693,0.0,0.0,0.0,0.0,0.0
0.0,0.0,0.0423311797166236,0.2706032418375578,0.2441408339352442,0.0412264640050253,0.1434720987198103,0.0425614234773629,0.1561698956598508,0.0287901703739318,0.263982667891642,0.0,0.144434366878065,0.1745485356331295,0.0,0.0,0.0,0.0,0.0487451981871393,0.044987596806659,0.021497269156226,0.0,0.0436240429067382,0.1114224839178325,0.0,0.0,0.0,0.2237576661172983,0.005863978101226,0.0,0.1493221679980866,0.0323361665193393,0.0,0.1032446233167904,0.1065664057954002,0.0,0.2441348329939976,0.0,0.0245578503985525,0.1150507967072145,0.1816552296223449,0.0,0.08519344615286,0.064560222096,0.0,0.0,0.0,0.0790586605961893,0.0,0.0,0.0,0.0,0.0,0.0398979355023962,0.0,0.1385161971720896,0.0,0.0,0.0018873409156909,0.0,0.0,0.0,0.0,0.1045349611999357,0.0,0.0,0.0469156490163523,0.0,0.0,0.0,0.0,0.0,0.0,0.0,0.0,0.0
0.0,0.0,0.1117390363481229,0.1626465978078391,0.0946839485971692,0.0,0.0078860167900253,0.0,0.0,0.2120267473146802,0.1246541413184979,0.0308226956686198,0.1229169700721408,0.011936084912689,0.0,0.0,0.0,0.0,0.0281717902222959,0.0263890915602625,0.0,0.0440264070748946,0.0809786598395839,0.1466784958288059,0.0,0.0,0.0,0.2548617317618056,0.0,0.0,0.1830838824805726,0.0664385139970987,0.0586685622232691,0.0462539203326003,0.1140289706181391,0.2441348329939976,0.0,0.0522724850118133,0.0208823168116998,0.1214101367678287,0.1068452836682799,0.1139012131224962,0.0,0.2340568211776201,0.0,0.0,0.0,0.0,0.0,0.0,0.0,0.0,0.0,0.0,0.0,0.0,0.126286048682342,0.0,0.0,0.0,0.0,0.0,0.0,0.0,0.0,0.0,0.0,0.0,0.0,0.0,0.0,0.0,0.0,0.0,0.0,0.0
0.0865721986599487,0.0,0.0,0.0,0.0,0.1242322619991466,0.0,0.0,0.0734408753070767,0.0886150493798153,0.0958773788845701,0.1136974804752566,0.0987947560707032,0.0,0.0,0.0,0.1591958981184549,0.0,0.1522372058655927,0.0,0.0,0.0,0.2076081560285539,0.1353430547380479,0.1412571866045628,0.1684580809123546,0.0,0.0483523029651709,0.0,0.0,0.1247164448439403,0.0353669718636633,0.1897374534474588,0.0839752396098407,0.1064638503576802,0.0,0.0522724850118133,0.0,0.0,0.1667449009230321,0.135701625234441,0.0422325167636302,0.0,0.0,0.2230554773817593,0.0,0.0,0.0,0.0,0.0,0.0,0.0,0.0,0.0,0.0932776262640005,0.0,0.1543763393313076,0.0,0.0,0.0,0.0,0.0,0.0,0.0,0.0,0.0,0.0,0.0,0.170689561942778,0.044782744899671,0.238059823913524,0.0,0.0,0.0,0.0,0.0
0.0551277903217327,0.0,0.2465004487145281,0.0,0.0818025918012509,0.0,0.0,0.0,0.2643294852648437,0.0655938534627738,0.2670707902291551,0.1385594648702759,0.0967503325957171,0.114390657934891,0.3283935456170511,0.0158730827572154,0.0292970238522894,0.0324914435139247,0.3664812345432384,0.2564754641905279,0.1518018511590024,0.2097697062392093,0.0571885912022221,0.020216091668524,0.0,0.0884854410458485,0.1526020787826655,0.1578081311171647,0.1223396540520193,0.1133359047615458,0.0476317768904093,0.4567479259059677,0.0342540074210424,0.0539623954334934,0.0,0.0245578503985525,0.0208823168116998,0.0,0.0,0.0138858487003999,0.1388224018524681,0.0493074022149795,0.0,0.0,0.0,0.0419294186770367,0.0,0.1980464268554502,0.0401653197636068,0.1282341394692388,0.0,0.0405474113167031,0.0332988088386003,0.2286710156266072,0.0598042175134741,0.1774380629529072,0.0755578818705196,0.0250721310191339,0.0538497611316563,0.3482778184378621,0.0,0.0,0.019332024158678,0.2699375723874913,0.1572155077114523,0.0660852662204619,0.2018549095562265,0.0954709468879736,0.0561039624468868,0.0,0.0724636239227522,0.0201850383963479,0.069084267869472,0.0,0.1569139242860692,0.1449115516999281
0.3977492003391587,0.0640429290757075,0.0,0.0,0.0,0.0,0.0,0.0,0.0,0.0301401998574114,0.0,0.0981032355780952,0.0,0.0,0.0,0.1140059938129682,0.0070008829384882,0.0,0.0,0.0,0.0,0.093378109095284,0.0,0.2428661223396455,0.0,0.0317127009127726,0.0,0.0732237212655356,0.0,0.0,0.3403089504043124,0.0164273252759659,0.4473971359313656,0.2626654733790522,0.2788309388948572,0.1150507967072145,0.1214101367678287,0.1667449009230321,0.0138858487003999,0.0,0.4148819502186036,0.2816055451017921,0.0,0.1065927892913458,0.2430504038007296,0.4082709132297971,0.0,0.0,0.0,0.1291390631226928,0.0,0.0,0.0,0.0677068799641956,0.0,0.0945176206993498,0.0900043813655066,0.0,0.0,0.0,0.1621052271737333,0.0,0.0,0.0,0.0,0.0,0.0312452483487108,0.0,0.1844834403672335,0.0,0.2243074861488822,0.0,0.0,0.0,0.0,0.1170294322521437
0.3816308862119212,0.0342989414272002,0.0,0.0,0.0,0.008702712880505,0.0,0.0,0.0,0.1040776810090712,0.0,0.0460188921506418,0.2286066676852849,0.0,0.0272362871181646,0.050240938537664,0.0,0.0,0.0,0.0633822071175739,0.0,0.1309864698037846,0.0405418465014717,0.2745057612219188,0.0971850248063734,0.0820050565464553,0.0,0.1876236837219975,0.0102654002949004,0.0,0.3309628490731435,0.1878181683181895,0.3568898039885307,0.251406936635592,0.1748421845070988,0.1816552296223449,0.1068452836682799,0.135701625234441,0.1388224018524681,0.4148819502186036,0.0,0.2111669512518601,0.0,0.0778589878950426,0.1993695388419259,0.4055133799946251,0.0,0.2165590475311876,0.0,0.0,0.0,0.085654860811265,0.0,0.1117773651775543,0.1043966193173596,0.1731526652862665,0.0273947889904987,0.0,0.0,0.0,0.1824649369446816,0.0171860352955899,0.0,0.0828647391288009,0.0,0.0,0.1102050432616075,0.0,0.279047191663119,0.0,0.2324220397916461,0.0,0.0,0.0,0.0,0.3650335426633574
0.0,0.0,0.0,0.0,0.0,0.0,0.0,0.0,0.0,0.1588928741249332,0.0,0.0859334381698431,0.0,0.0,0.0,0.0,0.0,0.0,0.0,0.0,0.0,0.014922392970801,0.0,0.1396294118152103,0.0,0.0,0.0,0.1571141134296236,0.0,0.0,0.1880442580360616,2.9093700706569696e-05,0.2287463617715529,0.0095998740898957,0.1560192727283456,0.0,0.1139012131224962,0.0422325167636302,0.0493074022149795,0.2816055451017921,0.2111669512518601,0.0,0.0,0.1768357693538589,0.1058357109264086,0.1879445965212142,0.0,0.0701732094151288,0.0253379217150505,0.1322873158039218,0.0,0.0973536741338177,0.0,0.0,0.1386846285416747,-0.0037681651124141,0.1204350920401775,0.0,0.0,0.0,0.0386998792853582,0.0016455726887193,0.0131442271982328,0.0,0.0,0.0,0.0,0.0,0.1066599497836762,0.0,0.0694213649666258,0.0,0.0,0.0,0.0,0.1080415420681659
0.0,0.0,0.0,0.0,0.0,0.1231893501689753,0.0,0.2410067193781389,0.0,0.0,0.0,0.0,0.0,0.0826703402526966,0.0,0.0,0.0,0.0,0.0,0.0,0.0,0.0,0.0694268386181662,0.0,0.0,0.0,0.1360845953815081,0.017636738538945,0.1612045354886204,0.0,0.0,0.0,0.0,0.0,0.0,0.08519344615286,0.0,0.0,0.0,0.0,0.0,0.0,0.0,0.0,0.0,0.0,0.0,0.0,0.035953924879937,0.0,0.5210493990435793,0.1200907989750804,0.3666139980449215,0.0239537002615073,0.0,0.010812070426476,0.0,0.3736748174226048,0.394398627452953,0.1383920735764302,0.0,0.0880220789969625,0.0,0.0626373280672561,0.3770010003442275,0.2269250392518871,0.0,0.2525263223845894,0.0,0.123977518844964,0.0,0.4651526243308579,0.2457114252050782,0.5240332844790094,0.0,0.0142281645803494
0.0,0.0,0.0,0.0,0.0,0.0,0.0,0.0,0.0,0.0,0.0,0.0,0.0,0.0,0.0,0.0,0.0,0.0,0.0,0.0,0.0,0.0,0.0,0.0,0.0,0.0,0.0,0.0,0.0,0.0,0.0,0.0,0.0,0.0,0.0939677969258601,0.064560222096,0.2340568211776201,0.0,0.0,0.1065927892913458,0.0778589878950426,0.1768357693538589,0.0,0.0,0.1363459694724509,0.0,0.0,0.070011270279261,0.1047733120311404,0.1231377239388399,0.0,0.0394361619662281,0.0339266114544676,0.0,0.1376087546113937,0.0896110317027433,0.2340069503871379,0.0,0.0675739976116237,0.0,0.0,0.0,0.0,0.0,0.0,0.0,0.0,0.0,0.0,0.0,0.0,0.0,0.1229891241203067,0.0,0.0,0.0654702202096517
0.0,0.0,0.0,0.0,0.0,0.0,0.0,0.0,0.0,0.0,0.0,0.0,0.0,0.0,0.0,0.0,0.0,0.0,0.0,0.0,0.0,0.0,0.0,0.1523276497433704,0.0,0.008130234099599,0.0,0.0,0.0,0.0,0.0,0.0,0.1751344361123986,0.0876319652732748,0.1453583322118739,0.0,0.0,0.2230554773817593,0.0,0.2430504038007296,0.1993695388419259,0.1058357109264086,0.0,0.1363459694724509,0.0,0.1481223849078552,0.0,0.0,0.0,0.0,0.0,0.0,0.0,0.0,0.0562303838554576,0.0,0.0457359057475577,0.0,0.0,0.0,0.0,0.0111017359217183,0.0557018763557462,0.0,0.0,0.0,0.0,0.0,0.1359547793421286,0.0,0.1287198957943177,0.0,0.0,0.0,0.0,0.0
0.5511020823735672,0.0,0.0,0.0,0.0,0.0,0.0,0.0,0.0,0.0784442336472946,0.0,0.0,0.0,0.0,0.0630070314920225,0.1487335723833258,0.0,0.0,0.0,0.0,0.0,0.2259947562881633,0.0,0.2185265464781343,0.0756480955984288,0.0,0.0,0.0,0.0,0.0,0.4427561653251941,0.0454453392058922,0.3567542827674289,0.2319316403546081,0.167978818087434,0.0,0.0,0.0,0.0419294186770367,0.4082709132297971,0.4055133799946251,0.1879445965212142,0.0,0.0,0.1481223849078552,0.0,0.0,0.0,0.0,0.0,0.0,0.0,0.0,0.0,0.1417775131454744,0.0,0.0,0.0,0.0,0.0,0.2093576364514743,0.0,0.0556270331784946,0.0,0.0,0.0,0.106230804417119,0.0,0.1811778167505124,0.0,0.1373892210042268,0.0,0.0,0.0,0.0,0.2978944985038488
0.0,0.3590198276770605,0.0,0.0,0.0,0.0,0.0,0.0,0.0,0.0,0.0,0.0,0.0,0.0,0.1102211602774962,0.0612021895423645,0.0,0.099805350491761,0.0,0.1633217777846168,0.2759165767140777,0.039462075088512,0.4430463005397545,0.0977159802908093,0.3176682055939265,0.2872032785571141,0.3698763942910557,0.0,0.1861120625375465,0.0,0.0,0.0,0.0,0.1123699119664415,0.1065861565790289,0.0,0.0,0.0,0.0,0.0,0.0,0.0,0.0,0.0,0.0,0.0,0.0,0.0,0.0,0.0,0.3645991503523069,0.167378598598452,0.3619638304814538,0.2545609812004419,0.1311029206674948,0.0,0.0,0.2140162369322386,0.0,0.0895829634960887,0.253600631517857,0.428095967012448,0.1704052696343206,0.0,0.2135505472939115,0.2428369316480352,0.235272816931876,0.4049839064812864,0.0,0.4647969471126447,0.4312781982234679,0.2696293090976634,0.0,0.1867803789632254,0.0,0.0
0.0,0.0,0.41433102137848,0.0,0.1600194929626977,0.2385051505892216,0.0,0.1884727028426875,0.3224938875738156,0.0,0.3499776151559686,0.0,0.1916407415113754,0.1168275069185536,0.0,0.0,0.0,0.0,0.3944435918196614,0.0,0.0,0.0,0.3718750792445106,0.0,0.0,0.0,0.1822020995828041,0.2067187383314343,0.0,0.0,0.0,0.1442137684762423,0.0,0.0,0.0,0.0790586605961893,0.0,0.0,0.1980464268554502,0.0,0.2165590475311876,0.0701732094151288,0.0,0.070011270279261,0.0,0.0,0.0,0.0,0.0709473121798179,0.2056697873436347,0.0,0.151949561427145,0.151629836150408,0.461852588434908,0.2360460222700897,0.4620095418249633,0.0,0.047215785797191,0.0,0.0,0.0,0.0,0.0,0.4085485419076237,0.0,0.1925016409772797,0.0,0.2546854770315959,0.0,0.0,0.3598713365249575,0.0,0.0351416182616707,0.0,0.0,0.0650268123724427
