0.0,0.4318101182272034,0.0,0.0,0.0,0.0903647605986964,0.0,0.035571028517461,0.0,0.1994869840886223,0.0,0.1861931682054964,0.0,0.0,0.0,0.2845527625181055,0.1180661544415562,0.117384326978545,0.0,0.0,0.2200927522014268,0.3450587778211069,0.0,0.3517438017553688,0.4377326277890029,0.4073568698359516,0.0,0.0,0.1180387638685484,0.0,0.3248401095847679,0.4484578356690916,0.2516689348131268,0.1777858025702947,0.2548285376052313,0.0,0.0,0.0,0.4141309024753468,0.3974023081126145,0.3271228025357739,0.0,0.0,0.0,0.0,0.5287330234769265,0.0,0.0,0.0,0.0,0.0,0.0,0.0,0.0,0.0885732379277943,0.0,0.0,0.0,0.0,0.0,0.3624471244631584,0.0,0.3831516025795984,0.0,0.0,0.185201642045323,0.1327442666138672,0.0,0.2502219341980206,0.3045054557289364,0.3832380463685005,0.0,0.0,0.0,0.0,0.0
0.4318101182272034,0.0,0.0,0.0,0.0,0.0889620036783986,0.2403323564106781,0.1231630290444339,0.0575861496725062,0.0,0.0,0.0,0.0473703810247922,0.0,0.0,0.1225449767341952,0.0,0.0,0.0,0.0,0.0,0.2376851521237618,0.0,0.0,0.2828591527361888,0.606478402930661,0.0,0.0,0.0,0.0,0.1094407806371769,0.4902880922016898,0.0835148949000695,0.0,0.2356038023331002,0.0,0.0,0.0,0.3794382007321844,0.321624996171445,0.2185661208880809,0.166717371307064,0.0,0.0,0.0,0.3145096365962972,0.0,0.0,0.0,0.0,0.0,0.0,0.0,0.0,0.0,0.0,0.0,0.0,0.0,0.0,0.1488737498789593,0.0,0.2078838086200051,0.0,0.0769858207165143,0.0,0.0,0.0,0.0,0.1893508807079215,0.3978151526207882,0.3555562216305292,0.0,0.4929527822473906,0.0,0.2680489952352394
0.0,0.0,0.0,0.0,0.4222186985118341,0.3757983912001809,0.1581585178202802,0.3432684454839889,0.5763274716293735,0.0578851144312864,0.6226646313382166,0.0,0.2613336650051332,0.1459520864288211,0.0,0.0,0.0,0.0,0.5325761500183444,0.0,0.0,0.0,0.3707264550026105,0.0,0.0,0.0,0.3460574215470374,0.3801198098446026,0.0,0.2465987820148291,0.1878352390198739,0.0140044369629505,0.0,0.1046211062501573,0.0,0.2307784954528265,0.1181635381654397,0.0,0.0132573441571218,0.0,0.0,0.0,0.1919675399438079,0.0,0.0,0.0,0.0,0.6169010932929371,0.0,0.491000701199319,0.2845224881251214,0.0,0.3533866926987092,0.5068951525640164,0.0,0.5851985360296359,0.0,0.0,0.1802426007447105,0.0,0.0,0.0,0.0,0.5534421300822915,0.0,0.0,0.0,0.3386300400815026,0.0,0.0,0.0,0.4062810013292819,0.0,0.0,0.0,0.0
0.0,0.0,0.0,0.0,0.4389229864103592,0.0330182205394933,0.2514473006528778,0.070742021628238,0.175779296676019,0.0627763101869099,0.2387240287561007,0.0,0.3481476794555746,0.425655328306439,0.0,0.0,0.0,0.0,0.1293398790397291,0.0,0.0,0.0,0.0682832945082194,0.0,0.0,0.0,0.0736855025284551,0.3069970480556214,0.0,0.0,0.0,0.0,0.0,0.0,0.0,0.3329987099751468,0.2351305264454615,0.0,0.0,0.0,0.0,0.0,0.0,0.0,0.0,0.0,0.0,0.0,0.0,0.0,0.0,0.0,0.0,0.0,0.0,0.0,0.0,0.0,0.0,0.0,0.0,0.0,0.0,0.0,0.0,0.0,0.0,0.0,0.0,0.0,0.0,0.0,0.0,0.0,0.0,0.0
0.0,0.0,0.4222186985118341,0.4389229864103592,0.0,0.2361874803478764,0.3882142481457843,0.2240001483300724,0.4191397362703352,0.0605666733848206,0.4781854236511398,0.0022837042122179,0.4291195743161046,0.4272418159962429,0.0,0.0,0.0,0.0,0.325932171079077,0.2743574021296221,0.0,0.1769138080180138,0.27936425651023,0.0,0.0,0.0,0.2772713111117038,0.386318740203672,0.1399863043450566,0.0,0.0,0.0,0.0,0.0,0.0,0.2952096602767,0.2260399557418976,0.2062106222094057,0.0,0.0,0.0,0.0,0.0737415875367945,0.0,0.0,0.0,0.0,0.4190135920437425,0.0,0.0,0.0,0.0,0.2667210148198428,0.3704555507271272,0.0,0.4696156107138396,0.0,0.0,0.0,0.0,0.0,0.0,0.0,0.0,0.0,0.0,0.0,0.2520477158328468,0.0,0.0,0.0,0.252962726468777,0.0,0.0,0.0,0.0
0.0903647605986964,0.0889620036783986,0.3757983912001809,0.0330182205394933,0.2361874803478764,0.0,0.2127861059343389,0.449251954890506,0.2813700007515637,0.2298971036208412,0.3221122947038175,0.0,0.373506263545193,0.0859228491178316,0.2854201781228448,0.385424587239476,0.0,0.221482293050996,0.2731390219154847,0.3704290301396126,0.4587391340412914,0.3149018264940289,0.5738102030249189,0.0,0.1168774502505936,0.1497508974450798,0.3561766157296838,0.2190567409585338,0.3873788761395408,0.1558357574638115,0.2128464159483629,0.0557300257513498,0.2179139578475449,0.2358832947708445,0.0,0.1387572867324172,0.0460763390168332,0.0,0.0792826787728874,0.0,0.0557854154375713,0.0,0.1119951248123474,0.0,0.0,0.0,0.0,0.3049079592385379,0.0,0.0,0.5094843071917277,0.2023759280245887,0.4562724813380189,0.2476886620894493,0.0,0.3140905903138947,0.0,0.3896123574396711,0.0,0.2787962590976744,0.0,0.0,0.0,0.3158982374824929,0.3120809326806697,0.4010431938318989,0.331780868542947,0.5209016367652061,0.0,0.0,0.0,0.2516361997651512,0.2447788679053181,0.1224411854301725,0.0,0.0
0.0,0.2403323564106781,0.1581585178202802,0.2514473006528778,0.3882142481457843,0.2127861059343389,0.0,0.1724131112492815,0.2183325032652999,0.2309959231536185,0.2107793556549736,0.1144025732423042,0.3232095099757086,0.1530154920359453,0.0,0.0459591620771019,-0.0056661118159531,0.1128373437306859,0.1394833334753943,0.0,0.0,0.071772029355829,0.1214701122871228,0.0,0.2288866449129035,0.1846653438442203,0.0763072524223148,0.053316288526425,0.1106371302577782,0.0,0.0,0.0965461067055685,0.0047324839066934,0.0,0.0,0.0829525775594768,0.1445513974624451,0.0548928989428514,0.0,0.0,0.0,0.0,0.0,0.0,0.0,0.0,0.0,0.0,0.0,0.0,0.0978840640758418,0.0,0.0,0.0,0.0,0.0,0.0,0.0,0.0,0.0,0.0,0.0,0.0,0.0,0.0,0.0,0.0,0.0909242255477696,0.0,0.0,0.0,0.2915926426990727,0.0,0.0,0.0,0.0
0.035571028517461,0.1231630290444339,0.3432684454839889,0.070742021628238,0.2240001483300724,0.449251954890506,0.1724131112492815,0.0,0.3176226041332899,0.1241897241781905,0.3285021136502787,0.0,0.2823137919846485,0.1070741333373496,0.1069356464199744,0.1167273422831576,0.0,0.0,0.2832918333497697,0.2143392383703365,0.3611568852327848,0.1335808152375837,0.5320550855028384,0.0859198845849839,0.0,0.1939559866031824,0.1298655642859166,0.1837969886089865,0.0832078196684067,0.1125720759657822,0.067212997549223,0.0844923885590059,0.0895905139197783,0.121466564790079,0.0,0.1603948218468011,0.0812367970417149,0.0,0.0773708131498865,0.0,0.0312539523466044,0.0,0.2055266925428847,0.0,0.0,0.0,0.0,0.3173470842948043,0.0,0.2573588877626369,0.3681900729457474,0.1530978510376563,0.5918312526103889,0.2763710659161805,0.0,0.3195778277161668,0.0,0.2680730011867927,0.2311094674170661,0.0691296795165993,0.0,0.0,0.0,0.2821035360839592,0.2156836018680849,0.3186633417432462,0.0,0.4923077512559359,0.0,0.0,0.0,0.1413026113604539,0.219344193253658,0.0465290623008106,0.0,0.0
0.0,0.0575861496725062,0.5763274716293735,0.175779296676019,0.4191397362703352,0.2813700007515637,0.2183325032652999,0.3176226041332899,0.0,0.0818605290085666,0.541786544642432,0.1139460111414591,0.208038745035397,0.0952601569115129,0.0,0.0,0.0,0.0,0.3827099772846166,0.3223067347322804,0.0,0.2309763703288085,0.3152524704103875,0.0,0.0,0.0,0.3030012993388603,0.2647774568692525,0.0976814535007055,0.0785691626246346,0.0250295320350272,0.0,0.0,0.0261914230512185,0.0,0.1693862612303974,0.1154501722773229,0.1296371511759802,0.0,0.0,0.0,0.0,0.192559012303431,0.0,0.0,0.0,0.0,0.5891570422427852,0.0,0.0,0.175477763588349,0.0,0.3049911647097677,0.6369627747629322,0.0,0.5709292269565293,0.0,0.0,0.1258128640286518,0.0,0.0,0.0,0.0,0.4218835418614791,0.0,0.0,0.0,0.2850432432937531,0.0,0.0,0.0,0.4167037478945215,0.0,0.0,0.0,0.0
0.1994869840886223,0.0,0.0578851144312864,0.0627763101869099,0.0605666733848206,0.2298971036208412,0.2309959231536185,0.1241897241781905,0.0818605290085666,0.0,0.0,0.3107749180046441,0.3318779063411332,0.0550827179645172,0.0,0.2031511765883314,0.3475135980216157,0.3024471250315898,0.0,0.0,0.0,0.0895139136294113,0.1458187958088336,0.2289719568665116,0.370565828798991,0.2481646357832411,0.0663338750240157,0.1544478997460661,0.0,0.0,0.094998058527279,0.1067048925371818,0.1272934516760832,0.0410423213210005,0.0,0.0855053041128816,0.1822316939050722,0.1295380721066294,0.0830333406686111,0.1507813895263191,0.0214644214253181,0.0,0.0,0.0,0.0812558242381349,0.0,0.0,0.0,0.0,0.0,0.0,0.0,0.0,0.0,0.4488546679920988,0.0,0.2590606879613947,0.0,0.0,0.0,0.0,0.3506262109539097,0.1689782199578686,0.0,0.0,0.0,0.0,0.0,0.1705807117588253,0.3216881829749519,0.2524970009930509,0.0,0.1816230704133345,0.0,0.0,0.1181748514205352
0.0,0.0,0.6226646313382166,0.2387240287561007,0.4781854236511398,0.3221122947038175,0.2107793556549736,0.3285021136502787,0.541786544642432,0.0,0.0,0.0714200971912804,0.2488631418512823,0.1910312972531059,0.0,0.0,0.0,0.0,0.5681970631165549,0.0,0.0,0.0,0.3422088446209774,0.0,0.0,0.0,0.3417350907091508,0.3282436629317105,0.0,0.0,0.1179760862652916,0.0062091598980576,0.0,0.0283694287510572,0.0,0.2477112923627096,0.1184081122332841,0.1496698781229926,0.0,0.0,0.0,0.0,0.1531933951361855,0.0,0.0,0.0,0.0,0.6002908179820289,0.0,0.501581669218094,0.2996670000344615,0.1874282221189304,0.3565139896804367,0.4851383260824808,0.0,0.6257013048051104,0.0,0.1899244562187257,0.1862099279370615,0.0,0.0,0.0,0.0,0.5912597753750692,0.0,0.0,0.0,0.351144851767715,0.0,0.0,0.0,0.439800990799261,0.0,0.0,0.0,0.0
0.1861931682054964,0.0,0.0,0.0,0.0022837042122179,0.0,0.1144025732423042,0.0,0.1139460111414591,0.3107749180046441,0.0714200971912804,0.0,0.1836149842972987,0.0,0.0,0.0,0.1769582821499913,0.0139176005757615,0.0,0.0,0.0,0.0,0.0,0.436802929959526,0.1325057061843212,0.436603873493158,0.0,0.0648800115245238,0.0,0.0,0.0,0.1959808529111752,0.0695048676811784,0.0,0.0869453303599782,0.0,0.1358347381427417,0.0,0.1429383398935601,0.1818447816484863,0.0387550158485552,0.0,0.0,0.0,0.0,0.0,0.0,0.0,0.0,0.0,0.0,0.0,0.0,0.0,0.0619682966530064,0.0,0.4875868727584386,0.0,0.0,0.0,0.0,0.1532503880897469,0.0,0.0,0.0,0.0,0.0,0.0,0.3107315641090193,0.0567910231859571,0.3172233784423161,0.0,0.0,0.0,0.0,0.0506861858278988
0.0,0.0473703810247922,0.2613336650051332,0.3481476794555746,0.4291195743161046,0.373506263545193,0.3232095099757086,0.2823137919846485,0.208038745035397,0.3318779063411332,0.2488631418512823,0.1836149842972987,0.0,0.3678483156723974,0.1673896151840159,0.199453671970072,0.292743108756825,0.1975860086123397,0.1785846495068971,0.2401166714337348,0.2381286702700798,0.1368347812155729,0.3224785468724069,0.0,0.0804972440999493,0.1919437279211363,0.1570700647764318,0.3814790886085059,0.2074210094236448,0.048542112061747,0.0372899009236671,0.0,0.0,0.0,0.0,0.2144334228126841,0.2929091810214688,0.2366647321949218,0.0,0.0,0.0,0.0,0.0613591274910899,0.0,0.0,0.0,0.0,0.2281779965600303,0.0,0.0,0.2469217674904625,0.0,0.2897743567031355,0.0,0.0,0.0,0.0,0.0,0.0,0.0,0.0,0.0,0.0,0.0,0.0,0.0,0.0,0.2508865952479439,0.0,0.0,0.0,0.0554565576829621,0.0,0.0327706634635397,0.0,0.0
0.0,0.0,0.1459520864288211,0.425655328306439,0.4272418159962429,0.0859228491178316,0.1530154920359453,0.1070741333373496,0.0952601569115129,0.0550827179645172,0.1910312972531059,0.0,0.3678483156723974,0.0,0.0,0.0,0.0,0.0,0.1143717130752122,0.0,0.0573463295538005,0.0,0.1002214620365909,0.0,0.0,0.0,0.1062300947648582,0.3703446834785368,0.0,0.0,0.0,0.0,0.0,0.0,0.0,0.3322108360093257,0.2679374477843551,0.0,0.0,0.0,0.0,0.0,0.0,0.0,0.0,0.0,0.0,0.122071936801065,0.0,0.0,0.0,0.0,0.0,0.0241982286520399,0.0,0.1314885207090256,0.0,0.0,0.0,0.0,0.0,0.0,0.0,0.0,0.0,0.0,0.0,0.0722655160738373,0.0,0.0,0.0,0.0,0.0,0.0,0.0,0.0
0.0,0.0,0.0,0.0,0.0,0.2854201781228448,0.0,0.1069356464199744,0.0,0.0,0.0,0.0,0.1673896151840159,0.0,0.0,0.2599085003308847,0.0,0.1649397666214343,0.0,0.5616433244701354,0.3141006205403261,0.2939928088618197,0.3537188887162936,0.0,0.0,0.0,0.4963535741936106,0.348250832593781,0.4335248406419986,0.0,0.1984024676810024,0.0,0.1072833948105973,0.1787334939636111,0.0,0.1262417866962523,0.0,0.0,0.0,0.0,0.0,0.0,0.0,0.0,0.0,0.0,0.42337629792386,0.0,0.0,0.0,0.1890254847521082,0.0,0.1619302906729923,0.0,0.0,0.0,0.0,0.0,0.0,0.6379807240490879,0.1565300231280358,0.0,0.0,0.0,0.3589193156168156,0.317945223096585,0.4967418094095054,0.3101722912308424,0.0,0.0,0.0,0.0,0.2694198364495071,0.0,0.0,0.0223763102132161
0.2845527625181055,0.1225449767341952,0.0,0.0,0.0,0.385424587239476,0.0459591620771019,0.1167273422831576,0.0,0.2031511765883314,0.0,0.0,0.199453671970072,0.0,0.2599085003308847,0.0,0.4275797479985894,0.4444193631984114,0.0,0.2589111784883555,0.4115866826520435,0.4165346072382607,0.2127896321334902,0.2365456312616779,0.2606375438579181,0.186934988074661,0.1986587984796712,0.1171490805323833,0.437486187618365,0.3253672301285447,0.4337595124515664,0.22486006493685,0.3648486813475907,0.3074597582249159,0.142953029288135,0.0,0.0,0.0,0.2692368484757182,0.258260425978463,0.2840281802969346,0.0516403601658551,0.0,0.0,0.0,0.1725733030342849,0.2809730877355993,0.0,0.0,0.0,0.0,0.0,0.0,0.0,0.0,0.0,0.0,0.0,0.0,0.2983984987829345,0.498868736648166,0.0,0.402316962805761,0.0,0.261058871851957,0.3765690196062882,0.3694622419090318,0.0,0.0,0.2200326224873731,0.2731356128892391,0.0,0.0,0.0,0.0,0.2594304267510283
0.1180661544415562,0.0,0.0,0.0,0.0,0.0,-0.0056661118159531,0.0,0.0,0.3475135980216157,0.0,0.1769582821499913,0.292743108756825,0.0,0.0,0.4275797479985894,0.0,0.4550927912305938,0.0,0.2283761236761001,0.0,0.1853154676579643,0.0,0.1926320416752123,0.1846297660002927,0.2013270394046939,0.0,0.2397953782373972,0.0,0.0,0.299769753916125,0.0569441802735907,0.1813503415317826,0.1689753511500116,0.0,0.0,0.0,0.1270230909953868,0.0,0.097401029689492,0.0322845650849789,0.0,0.0,0.0,0.0,0.0,0.0,0.0,0.0,0.0,0.0,0.0,0.0,0.0,0.3131240927312758,0.0,0.1829269464027691,0.0,0.0,0.0,0.0,0.4617788740531406,0.2259150335545406,0.0,0.0,0.0,0.0,0.0,0.0955984516408113,0.095937700362666,0.1672744699700555,0.0,0.0,0.0,0.0,0.0
0.117384326978545,0.0,0.0,0.0,0.0,0.221482293050996,0.1128373437306859,0.0,0.0,0.3024471250315898,0.0,0.0139176005757615,0.1975860086123397,0.0,0.1649397666214343,0.4444193631984114,0.4550927912305938,0.0,0.0,0.1221020589385489,0.2411218151864571,0.1644040424594654,0.0636577423708728,0.1210232182926229,0.3506644546271062,0.0414021749400866,0.1885760301648742,0.0604052236504681,0.3733775585123571,0.0,0.2023381515337814,0.0080186938462215,0.1667614910629203,0.1015703748697456,0.0,0.0,0.0,0.0,0.0700153069001275,0.1639863831508031,0.1257109721979875,0.0288554961732647,0.0,0.0,0.0,0.0516804011674399,0.2734344495473949,0.0,0.0,0.0,0.0,0.0,0.0,0.0,0.3290343636693055,0.0,-0.0016745285953312,0.0,0.0,0.0,0.3567705745683561,0.3742433478992849,0.3800394734843274,0.0,0.0,0.0,0.2161347714888479,0.0,0.1103958031514884,0.2917551256646474,0.1387692576746662,0.0,0.0,0.0,0.0,0.2076727217992871
0.0,0.0,0.5325761500183444,0.1293398790397291,0.325932171079077,0.2731390219154847,0.1394833334753943,0.2832918333497697,0.3827099772846166,0.0,0.5681970631165549,0.0,0.1785846495068971,0.1143717130752122,0.0,0.0,0.0,0.0,0.0,0.0,0.0,0.0,0.229771816100611,0.0,0.0,0.0,0.1490834663671105,0.2844829578783163,0.0,0.0,0.2180855471113303,0.1553275796673127,0.0,0.0738370934492137,0.0,0.2367652870326995,0.0983128781408565,0.0,0.1332161281281771,0.0,0.0,0.0,0.2338902252246927,0.0,0.0,0.0,0.0,0.464188570065922,0.0,0.0,0.3516704982951222,0.0,0.3065779688482762,0.2856649262907771,0.0,0.4955613561705395,0.0,0.0,0.2754026875172132,0.0,0.0,0.0,0.0,0.6213105370581866,0.0,0.0,0.0,0.2794728554347421,0.0,0.0,0.0,0.4411049628789402,0.0,0.0,0.0,0.0
0.0,0.0,0.0,0.0,0.2743574021296221,0.3704290301396126,0.0,0.2143392383703365,0.3223067347322804,0.0,0.0,0.0,0.2401166714337348,0.0,0.5616433244701354,0.2589111784883555,0.2283761236761001,0.1221020589385489,0.0,0.0,0.3617300102984422,0.4406257784260475,0.3706438670306498,0.0,0.0,0.0,0.4621193722665882,0.4937556579119534,0.4076499479194178,0.3034903483758905,0.3097799189620079,0.0,0.0600329079986996,0.2683799675774075,0.0,0.2400009839586907,0.1684646744829913,0.0,0.0,0.0,0.0,0.0,0.0,0.0,0.0,0.0,0.2594174895227109,0.0,0.0,0.0,0.2514812207521424,0.0,0.2704701217039601,0.0,0.0,0.0,0.0,0.0,0.0,0.581836540769695,0.0,0.0,0.0,0.0,0.541411570285628,0.3061146796557132,0.5364623524646321,0.3228977419298766,0.0,0.0,0.0189102859108874,0.1328978715200989,0.4596961632206571,0.0,0.0,0.1036773627063651
0.2200927522014268,0.0,0.0,0.0,0.0,0.4587391340412914,0.0,0.3611568852327848,0.0,0.0,0.0,0.0,0.2381286702700798,0.0573463295538005,0.3141006205403261,0.4115866826520435,0.0,0.2411218151864571,0.0,0.3617300102984422,0.0,0.3528788986161778,0.4266352012607706,0.0354569164823493,0.1984552587395592,0.0461075511545297,0.3406522956663655,0.2086476166034177,0.4644069696373803,0.2637815627460445,0.3952640763441931,0.1401389341994396,0.2655824006494207,0.350345217505396,0.0,0.1224515839444101,0.0,0.0,0.2243532774132678,0.053175775534789,0.1979952357320482,0.0593053213151053,0.0,0.0,0.0,0.2133198998063892,0.3071335082515178,0.0,0.0,0.0,0.2735065571608552,0.0,0.3887429758826929,0.0,0.0,0.0,0.0,0.0,0.0,0.2980684274289207,0.2756424233223048,0.0,0.0,0.0,0.2816789344526646,0.5488474933834425,0.3489829778512283,0.398181633315541,0.0,0.1407346233532252,0.1278209023486593,0.2088291645202864,0.1809216562213523,0.1952354230372857,0.0,0.1173198741188202
0.3450587778211069,0.2376851521237618,0.0,0.0,0.1769138080180138,0.3149018264940289,0.071772029355829,0.1335808152375837,0.2309763703288085,0.0895139136294113,0.0,0.0,0.1368347812155729,0.0,0.2939928088618197,0.4165346072382607,0.1853154676579643,0.1644040424594654,0.0,0.4406257784260475,0.3528788986161778,0.0,0.1602103018278612,0.0,0.1879915399102866,0.3100939432895628,0.2062125423330171,0.3377313339110223,0.3348870004131219,0.4565129206506623,0.4476068715633792,0.2618348670394148,0.1843629285208322,0.3160831166261295,0.057121635416139,0.2536039119783311,0.1224990556319818,0.0,0.2637678185144341,0.1485609011419721,0.3021278125992334,0.1157725955453742,0.0,0.0,0.0,0.2891994954317102,0.0,0.0,0.0,0.0,0.2971845981488596,0.0,0.0,0.0,0.0,0.0,0.0,0.0,0.0,0.326076722549548,0.4140277717556754,0.0,0.2932421708128681,0.0,0.5414973438333127,0.2937286952849378,0.5433203726495794,0.1993316745747902,0.0,0.1265298918499591,0.3618238719431774,0.4030992876093201,0.0,0.4028258949746118,0.0,0.4461435450253888
0.0,0.0,0.3707264550026105,0.0682832945082194,0.27936425651023,0.5738102030249189,0.1214701122871228,0.5320550855028384,0.3152524704103875,0.1458187958088336,0.3422088446209774,0.0,0.3224785468724069,0.1002214620365909,0.3537188887162936,0.2127896321334902,0.0,0.0636577423708728,0.229771816100611,0.3706438670306498,0.4266352012607706,0.1602103018278612,0.0,0.0,0.0,0.0,0.4150636561347731,0.2342041282300969,0.2909998424406068,0.0555986742451313,0.0672579665042421,0.0,0.1113592930751449,0.1491218311228963,0.0,0.1087526406796141,0.0112456197791567,0.0,0.0,0.0,0.0,0.0,0.1095485466529027,0.0,0.0,0.0,0.3642693172829896,0.3210765083948748,0.0,0.2789634087992809,0.412857480521042,0.1254573692418283,0.5350393464230894,0.314245571572524,0.0,0.3515690719741351,0.0,0.2811055587193087,0.1229920511959593,0.3064986451880091,0.0,0.0,0.0,0.2918991915276025,0.2417159733066135,0.4112374382381431,0.2930952571380368,0.5973503413224283,0.0,0.0,0.0721370246580939,0.0989757994153895,0.2063144198569148,0.0,0.0,0.0
0.3517438017553688,0.0,0.0,0.0,0.0,0.0,0.0,0.0859198845849839,0.0,0.2289719568665116,0.0,0.436802929959526,0.0,0.0,0.0,0.2365456312616779,0.1926320416752123,0.1210232182926229,0.0,0.0,0.0354569164823493,0.0,0.0,0.0,0.2952641109237545,0.3996753009871044,0.0,0.0,0.0,0.0,0.1316109635512315,0.3671742741281382,0.2357278373517476,0.0,0.2837026583747611,0.0,0.0,0.0,0.3035876116410503,0.4093321761126969,0.2154392896716497,0.0,0.0,0.0,0.0,0.2875306871289702,0.0,0.0,0.0,0.0,0.0,0.0,0.0,0.0,0.0449924268618252,0.0,0.2460408485426497,0.0,0.0,0.0,0.2452568971912722,0.1811608170043342,0.2221706187942291,0.0,0.0,0.0,0.0,0.0,0.52000470120417,0.2316816748326761,0.367795228710075,0.0,0.0,0.0,0.0,0.2166188098837679
0.4377326277890029,0.2828591527361888,0.0,0.0,0.0,0.1168774502505936,0.2288866449129035,0.0,0.0,0.370565828798991,0.0,0.1325057061843212,0.0804972440999493,0.0,0.0,0.2606375438579181,0.1846297660002927,0.3506644546271062,0.0,0.0,0.1984552587395592,0.1879915399102866,0.0,0.2952641109237545,0.0,0.2862999851593955,0.0,0.0,0.1690156539815647,0.0,0.1838465253838395,0.2771019778984803,0.1983957290748401,0.0553348474489109,0.0657295524986424,0.0,0.0,0.0,0.2390240185499341,0.3631873929042647,0.2071682499586512,0.1893846780041801,0.0,0.0,0.0,0.413468294737524,0.0730655138906964,0.0,0.0,0.0,0.0,0.0,0.0,0.0,0.30535457531836,0.0,0.0130734800930859,0.0,0.0,0.0,0.3391547179936261,0.2092062238645539,0.3970861240989682,0.0,0.0,0.1487870171862103,0.0658520585183621,0.0,0.2228105639853306,0.5135895601796678,0.3336222286703624,0.0,0.0,0.0,0.0,0.2992562131968743
0.4073568698359516,0.606478402930661,0.0,0.0,0.0,0.1497508974450798,0.1846653438442203,0.1939559866031824,0.0,0.2481646357832411,0.0,0.436603873493158,0.1919437279211363,0.0,0.0,0.186934988074661,0.2013270394046939,0.0414021749400866,0.0,0.0,0.0461075511545297,0.3100939432895628,0.0,0.3996753009871044,0.2862999851593955,0.0,0.0,0.1012556291238137,0.0,0.0,0.1600084244221838,0.4575937811055185,0.0688937259752393,0.0,0.1523226630302717,0.1109086103033244,0.0,0.0,0.3185634625876228,0.2787795251936316,0.1747300234361509,0.0752163054375543,0.0,0.0,0.0,0.2643716634160374,0.0,0.0,0.0,0.0,0.0,0.0,0.0,0.0,0.0825250240104014,0.0,0.281760221580002,0.0,0.0,0.0,0.2066057169594208,0.1595208602376309,0.1984727839319671,0.0,0.2120748236625561,0.0,0.0357642612888118,0.0038587625370254,0.1496000099239332,0.1607946725316735,0.4881177093455561,0.2713820218080577,0.0,0.4313733546856955,0.0,0.3088743728031774
0.0,0.0,0.3460574215470374,0.0736855025284551,0.2772713111117038,0.3561766157296838,0.0763072524223148,0.1298655642859166,0.3030012993388603,0.0663338750240157,0.3417350907091508,0.0,0.1570700647764318,0.1062300947648582,0.4963535741936106,0.1986587984796712,0.0,0.1885760301648742,0.1490834663671105,0.4621193722665882,0.3406522956663655,0.2062125423330171,0.4150636561347731,0.0,0.0,0.0,0.0,0.218159201581238,0.5020899891627094,0.0,0.0910239551823049,0.0,0.0600917596229137,0.1577648625038604,0.0,0.0656719804824362,0.0,0.0,0.0,0.0,0.0,0.0,0.0,0.0,0.0,0.0,0.5083323421090544,0.3107505901711415,0.0,0.0,0.1566623236849884,0.0593106189366644,0.1712550021222427,0.334912174596535,0.0,0.3394784859277024,0.0,0.0591721067569111,0.0,0.4640419959027942,0.0,0.0,0.0,0.2811913378119129,0.2839562640876492,0.3654594181169069,0.4233855954308374,0.3500334216066817,0.0,0.0,0.0,0.1997386376964939,0.1351876680696603,0.0,0.0,0.0
0.0,0.0,0.3801198098446026,0.3069970480556214,0.386318740203672,0.2190567409585338,0.053316288526425,0.1837969886089865,0.2647774568692525,0.1544478997460661,0.3282436629317105,0.0648800115245238,0.3814790886085059,0.3703446834785368,0.348250832593781,0.1171490805323833,0.2397953782373972,0.0604052236504681,0.2844829578783163,0.4937556579119534,0.2086476166034177,0.3377313339110223,0.2342041282300969,0.0,0.0,0.1012556291238137,0.218159201581238,0.0,0.2007601421420605,0.2699486929174949,0.2064960671302531,0.0,0.0,0.1287306402838807,0.0,0.3880075088930338,0.3442171254911566,0.3237606883354628,0.0,0.0,0.0,0.0,0.1707394090415227,0.0,0.0,0.0,0.0,0.0,0.0,0.0,0.1542593199156994,0.0,0.2353683064452426,0.0,0.0,0.0,0.0,0.0,0.0,0.3549546590193442,0.0,0.0,0.0,0.0,0.4522815463393754,0.0576317176037015,0.0,0.1701262695274239,0.0,0.0,0.0,0.0588596615757325,0.5693398214128852,0.0,0.0,0.1287156943115411
0.1180387638685484,0.0,0.0,0.0,0.1399863043450566,0.3873788761395408,0.1106371302577782,0.0832078196684067,0.0976814535007055,0.0,0.0,0.0,0.2074210094236448,0.0,0.4335248406419986,0.437486187618365,0.0,0.3733775585123571,0.0,0.4076499479194178,0.4644069696373803,0.3348870004131219,0.2909998424406068,0.0,0.1690156539815647,0.0,0.5020899891627094,0.2007601421420605,0.0,0.1862906803991591,0.3721301423292557,0.0,0.2446452619611925,0.3421448223927003,0.0,0.0586383798566959,0.0,0.0,0.0423093488082159,0.0,0.1167871802477927,0.0567494034686367,0.0,0.0,0.0,0.0,0.4690554505953464,0.0,0.0,0.0,0.1487391231192025,0.0,0.1285372605874866,0.0,0.0,0.0,0.0,0.2014721843017788,0.0,0.4296829140346197,0.0,0.0,0.0,0.0,0.2475783503703145,0.433983332129385,0.4314684948821694,0.249925403153575,0.0,0.0,0.0075525966936329,0.1298858357675623,0.1322551284288523,0.1287718095669087,0.0,0.1343620568161581
0.0,0.0,0.2465987820148291,0.0,0.0,0.1558357574638115,0.0,0.1125720759657822,0.0785691626246346,0.0,0.0,0.0,0.048542112061747,0.0,0.0,0.3253672301285447,0.0,0.0,0.0,0.3034903483758905,0.2637815627460445,0.4565129206506623,0.0555986742451313,0.0,0.0,0.0,0.0,0.2699486929174949,0.1862906803991591,0.0,0.4576071790586516,0.3117929342026211,0.0,0.3445382169407871,0.1198449347440557,0.0,0.0,0.0,0.3132249734999427,0.0,0.0,0.0,0.0,0.0,0.0,0.0,0.0,0.0,0.0,0.0,0.0,0.0,0.0,0.0,0.0,0.0,0.0,0.0,0.0,0.0,0.0,0.0,0.0,0.0,0.3632114183930629,0.0,0.0,0.0867740950498802,0.0,0.0,0.0,0.1874098552772788,0.0,0.0,0.0,0.0
0.3248401095847679,0.1094407806371769,0.1878352390198739,0.0,0.0,0.2128464159483629,0.0,0.067212997549223,0.0250295320350272,0.094998058527279,0.1179760862652916,0.0,0.0372899009236671,0.0,0.1984024676810024,0.4337595124515664,0.299769753916125,0.2023381515337814,0.2180855471113303,0.3097799189620079,0.3952640763441931,0.4476068715633792,0.0672579665042421,0.1316109635512315,0.1838465253838395,0.1600084244221838,0.0910239551823049,0.2064960671302531,0.3721301423292557,0.4576071790586516,0.0,0.2353081084381704,0.3250590710298067,0.4989538976037747,0.1489318069626937,0.1697969196639279,0.0,0.1402760868684239,0.2557015337338016,0.1471888645334718,0.2381779813596583,0.0,0.0,0.0,0.0,0.2918683506174254,0.0530074489200424,0.0,0.0,0.0,0.0767352565388681,0.0,0.0549506616705314,0.0,0.2038035849123552,0.0,0.0,0.0,0.0,0.2417184063837691,0.3526233953654857,0.0,0.3887153434304404,0.0,0.2615099007209037,0.3074670838044031,0.2830731611598893,0.0424154382082576,0.0500766169585515,0.0700381253770578,0.1711313577903919,0.1218066369459121,0.1949785152990187,0.2702621999294425,0.0,0.2980347960935343
0.4484578356690916,0.4902880922016898,0.0140044369629505,0.0,0.0,0.0557300257513498,0.0965461067055685,0.0844923885590059,0.0,0.1067048925371818,0.0062091598980576,0.1959808529111752,0.0,0.0,0.0,0.22486006493685,0.0569441802735907,0.0080186938462215,0.1553275796673127,0.0,0.1401389341994396,0.2618348670394148,0.0,0.3671742741281382,0.2771019778984803,0.4575937811055185,0.0,0.0,0.0,0.3117929342026211,0.2353081084381704,0.0,0.2303737821895375,0.1209500097098854,0.2584027611280265,0.0,0.0,0.0,0.5639235236917611,0.3390222163392545,0.2732957305463273,0.147410584892829,0.2054018074801038,0.1464177809813301,0.0,0.3753136798084098,0.0,0.0119278451149875,0.0,0.0,0.0975070001032864,0.0,0.0753074697536615,0.0,0.0181680842570076,0.0,0.0505654790512047,0.2244242619646555,0.0,0.0,0.2429521073011247,0.0,0.3232759238188439,0.0946829207271616,0.1083536985840624,0.1211541652102712,0.0,0.0084083760307165,0.2430788456268234,0.181000927019082,0.3424173390354113,0.2440134193676835,0.0220242621986746,0.4644431395491929,0.0,0.2903680215078459
0.2516689348131268,0.0835148949000695,0.0,0.0,0.0,0.2179139578475449,0.0047324839066934,0.0895905139197783,0.0,0.1272934516760832,0.0,0.0695048676811784,0.0,0.0,0.1072833948105973,0.3648486813475907,0.1813503415317826,0.1667614910629203,0.0,0.0600329079986996,0.2655824006494207,0.1843629285208322,0.1113592930751449,0.2357278373517476,0.1983957290748401,0.0688937259752393,0.0600917596229137,0.0,0.2446452619611925,0.0,0.3250590710298067,0.2303737821895375,0.0,0.4405024728848095,0.2025218824614329,0.0,0.0,0.0643342607806669,0.3248097697858269,0.4106096071092769,0.3790117813181796,0.1457194451649181,0.0,0.0,-1.1559302865406576e-05,0.1799179759308898,0.2360975288681168,0.0,0.0,0.0,0.0,0.0,0.0,0.0,0.1149243885659334,0.0,0.0403920064397064,0.0,0.0,0.1125646539135495,0.2751499596012156,0.1720191870741182,0.2557876540150076,0.0,0.0,0.3063331974356746,0.1364023860193743,0.0878009157447079,0.2554602587969031,0.2039178485004144,0.1293073806811953,0.0,0.0,0.1336398669530869,0.0,0.0244099557512076
0.1777858025702947,0.0,0.1046211062501573,0.0,0.0,0.2358832947708445,0.0,0.121466564790079,0.0261914230512185,0.0410423213210005,0.0283694287510572,0.0,0.0,0.0,0.1787334939636111,0.3074597582249159,0.1689753511500116,0.1015703748697456,0.0738370934492137,0.2683799675774075,0.350345217505396,0.3160831166261295,0.1491218311228963,0.0,0.0553348474489109,0.0,0.1577648625038604,0.1287306402838807,0.3421448223927003,0.3445382169407871,0.4989538976037747,0.1209500097098854,0.4405024728848095,0.0,0.0506357616644411,0.1593027627339677,0.0,0.192366957926778,0.1905241348594772,0.1467470004567984,0.326435361604711,0.1332975676387542,0.1244604552673361,0.0,0.1152088705186915,0.1499107630896457,0.1447342791647766,0.0,0.0,0.0,0.035010448825103,0.0,0.1042095804981638,0.0,0.1571441276187005,0.0,0.0,0.0,0.0,0.204267155686456,0.2207287455680661,0.0,0.2402635311746244,0.0,0.1307919852409365,0.328462896682323,0.2152494149167607,0.1088997745827682,0.0,0.0165101685922337,0.0,0.054763592887956,0.0791185430253149,0.1096215425190947,0.0,0.0606438051684681
0.2548285376052313,0.2356038023331002,0.0,0.0,0.0,0.0,0.0,0.0,0.0,0.0,0.0,0.0869453303599782,0.0,0.0,0.0,0.142953029288135,0.0,0.0,0.0,0.0,0.0,0.057121635416139,0.0,0.2837026583747611,0.0657295524986424,0.1523226630302717,0.0,0.0,0.0,0.1198449347440557,0.1489318069626937,0.2584027611280265,0.2025218824614329,0.0506357616644411,0.0,0.0,0.0,0.0,0.3145792365609686,0.2554637583788104,0.2035975337043631,0.1036298188620686,0.0293476382942688,0.082822825854622,0.0,0.0,0.0,0.0,0.0,0.0,0.0,0.0,0.0,0.0,0.0,0.0,0.0,0.0,0.0,0.0,0.1863091889301443,0.0,0.1883433696369407,0.0,0.0,0.0514060691745967,0.0,0.0,0.0,0.0768627621659436,0.1704911200681975,0.0326910650014952,0.0,0.2051969691994313,0.0,0.0
0.0,0.0,0.2307784954528265,0.3329987099751468,0.2952096602767,0.1387572867324172,0.0829525775594768,0.1603948218468011,0.1693862612303974,0.0855053041128816,0.2477112923627096,0.0,0.2144334228126841,0.3322108360093257,0.1262417866962523,0.0,0.0,0.0,0.2367652870326995,0.2400009839586907,0.1224515839444101,0.2536039119783311,0.1087526406796141,0.0,0.0,0.1109086103033244,0.0656719804824362,0.3880075088930338,0.0586383798566959,0.0,0.1697969196639279,0.0,0.0,0.1593027627339677,0.0,0.0,0.2964663337317503,0.3206376044848752,0.0,0.0,0.0,0.0148410380813828,0.1894083884352698,0.03326178648792,0.0,0.0,0.0,0.1842619645897034,0.0,0.0,0.1100929758888985,0.0,0.181840551538421,0.0538417210427701,0.0,0.1937851434650629,0.1146848007011305,0.0211689396256644,0.1776329037781464,0.0,0.0,0.0,0.0,0.1765616220223768,0.0,0.0,0.0,0.0954211767040154,0.0,0.0,0.0,0.1052601688313603,0.3464352220674868,0.006270169699298,0.0,0.0
0.0,0.0,0.1181635381654397,0.2351305264454615,0.2260399557418976,0.0460763390168332,0.1445513974624451,0.0812367970417149,0.1154501722773229,0.1822316939050722,0.1184081122332841,0.1358347381427417,0.2929091810214688,0.2679374477843551,0.0,0.0,0.0,0.0,0.0983128781408565,0.1684646744829913,0.0,0.1224990556319818,0.0112456197791567,0.0,0.0,0.0,0.0,0.3442171254911566,0.0,0.0,0.0,0.0,0.0,0.0,0.0,0.2964663337317503,0.0,0.1371854905925567,0.0,0.0,0.0,0.0,0.0,0.0,0.0,0.0,0.0,0.0,0.0,0.0,0.0,0.0,0.0,0.0,0.0,0.0,0.0,0.0,0.0,0.0,0.0,0.0,0.0,0.0,0.0,0.0,0.0,0.0,0.0,0.0,0.0,0.0,0.0,0.0,0.0,0.0
0.0,0.0,0.0,0.0,0.2062106222094057,0.0,0.0548928989428514,0.0,0.1296371511759802,0.1295380721066294,0.1496698781229926,0.0,0.2366647321949218,0.0,0.0,0.0,0.1270230909953868,0.0,0.0,0.0,0.0,0.0,0.0,0.0,0.0,0.0,0.0,0.3237606883354628,0.0,0.0,0.1402760868684239,0.0,0.0643342607806669,0.192366957926778,0.0,0.3206376044848752,0.1371854905925567,0.0,0.0,0.0,0.0,0.0,0.0,0.0,0.3349793799264572,0.0,0.0,0.0,0.0,0.0,0.0,0.0,0.0,0.0,0.2510387784256567,0.0,0.0531087191929207,0.0,0.0,0.0,0.0,0.0,0.0,0.0,0.0,0.0,0.0,0.0,0.0,0.0,0.0,0.0,0.0,0.0,0.0,0.0
0.4141309024753468,0.3794382007321844,0.0132573441571218,0.0,0.0,0.0792826787728874,0.0,0.0773708131498865,0.0,0.0830333406686111,0.0,0.1429383398935601,0.0,0.0,0.0,0.2692368484757182,0.0,0.0700153069001275,0.1332161281281771,0.0,0.2243532774132678,0.2637678185144341,0.0,0.3035876116410503,0.2390240185499341,0.3185634625876228,0.0,0.0,0.0423093488082159,0.3132249734999427,0.2557015337338016,0.5639235236917611,0.3248097697858269,0.1905241348594772,0.3145792365609686,0.0,0.0,0.0,0.0,0.3415904080298438,0.3016970540985078,0.1378280380863434,0.1735059061497538,0.1253119104578805,0.0,0.349432185957527,0.0,0.0,0.0722724707650009,0.0633278349125594,0.1006759037033511,0.2178135137596278,0.0735063189462999,0.0,0.023541603877142,0.0,0.0,0.2682566066806395,0.208169899027388,0.0,0.2834004671102243,0.107563857398366,0.323558202565858,0.0932418569723231,0.11413776127127,0.2356717594563857,0.0889165555842436,0.0426600777661173,0.2479617979014741,0.1942758923269353,0.2839518277855293,0.2314076363670783,0.0,0.4407822380392698,0.2071840145128467,0.2442251812897098
0.3974023081126145,0.321624996171445,0.0,0.0,0.0,0.0,0.0,0.0,0.0,0.1507813895263191,0.0,0.1818447816484863,0.0,0.0,0.0,0.258260425978463,0.097401029689492,0.1639863831508031,0.0,0.0,0.053175775534789,0.1485609011419721,0.0,0.4093321761126969,0.3631873929042647,0.2787795251936316,0.0,0.0,0.0,0.0,0.1471888645334718,0.3390222163392545,0.4106096071092769,0.1467470004567984,0.2554637583788104,0.0,0.0,0.0,0.3415904080298438,0.0,0.4069983806826648,0.1791722244835363,0.0192048685714657,0.1697679874405722,0.0,0.3397184229769047,0.0,0.0,0.0,0.0,0.0734209076869118,0.0959311601512384,0.0,0.0,0.0612375882482025,0.0,0.0938959014362004,0.1700436538772602,0.0,0.0,0.3351617728066681,0.1449743149611071,0.3263214050191179,0.0,0.0,0.1119520389613835,0.0334280121988797,0.0,0.4213786968702783,0.3589167355740611,0.3442976728817495,0.0668060894600367,0.0,0.3395310925577569,0.0768133714525252,0.2429106484051335
0.3271228025357739,0.2185661208880809,0.0,0.0,0.0,0.0557854154375713,0.0,0.0312539523466044,0.0,0.0214644214253181,0.0,0.0387550158485552,0.0,0.0,0.0,0.2840281802969346,0.0322845650849789,0.1257109721979875,0.0,0.0,0.1979952357320482,0.3021278125992334,0.0,0.2154392896716497,0.2071682499586512,0.1747300234361509,0.0,0.0,0.1167871802477927,0.0,0.2381779813596583,0.2732957305463273,0.3790117813181796,0.326435361604711,0.2035975337043631,0.0,0.0,0.0,0.3016970540985078,0.4069983806826648,0.0,0.117655859607864,0.1216468781912102,0.1483803948100718,0.0,0.2600495195097446,0.0,0.0,-0.0065337315812313,0.0338356528992381,0.0301952909988087,0.0836492809626684,0.016149135041306,0.0,0.0,0.0,0.0,0.1282426125355241,0.0794852932889167,0.0372870023713806,0.2462497516521589,0.0,0.1962451817999315,0.0367687529780851,0.0962116874834026,0.2116810848351208,0.2021928446407077,0.0267373556542046,0.2046056140074761,0.1471387547472357,0.174788701410961,0.1717930850315374,0.0,0.2833879096790063,0.1493859766706806,0.2377758899557213
0.0,0.166717371307064,0.0,0.0,0.0,0.0,0.0,0.0,0.0,0.0,0.0,0.0,0.0,0.0,0.0,0.0516403601658551,0.0,0.0288554961732647,0.0,0.0,0.0593053213151053,0.1157725955453742,0.0,0.0,0.1893846780041801,0.0752163054375543,0.0,0.0,0.0567494034686367,0.0,0.0,0.147410584892829,0.1457194451649181,0.1332975676387542,0.1036298188620686,0.0148410380813828,0.0,0.0,0.1378280380863434,0.1791722244835363,0.117655859607864,0.0,0.0,0.0,0.0,0.1926935267544727,0.0,0.0,0.0,0.0185218517814442,0.0,0.0935771344273598,0.0,0.0,0.0310458297277469,0.0,0.0,0.023026356284366,0.0,0.0,0.1184277640716824,-0.0064674859499772,0.2176198557074828,0.0,0.0,0.0791260020198596,0.0,0.0,0.0043474082438837,0.1110818682270507,0.0964378506745613,0.1287364880363044,0.0,0.1947958124170442,0.0539028135594647,0.1347596743388525
0.0,0.0,0.1919675399438079,0.0,0.0737415875367945,0.1119951248123474,0.0,0.2055266925428847,0.192559012303431,0.0,0.1531933951361855,0.0,0.0613591274910899,0.0,0.0,0.0,0.0,0.0,0.2338902252246927,0.0,0.0,0.0,0.1095485466529027,0.0,0.0,0.0,0.0,0.1707394090415227,0.0,0.0,0.0,0.2054018074801038,0.0,0.1244604552673361,0.0293476382942688,0.1894083884352698,0.0,0.0,0.1735059061497538,0.0192048685714657,0.1216468781912102,0.0,0.0,0.3205139513323671,0.0,0.0,0.0,0.1625997434238282,0.2241509617662745,0.2448992804037394,0.1455676531682814,0.1552105851298284,0.2004021345926236,0.116441285525979,0.0378104494946823,0.1157819726614402,0.1729721196004003,0.1845188830903224,0.2948290459645157,0.0407205999788468,0.0,0.0921954637488422,0.0,0.1849651253661552,0.2110327984527535,0.1053104819303639,0.096142065306236,0.1270171144771949,0.0180743119686346,0.0,0.1226405627418564,0.1416006277252642,0.2521273628907806,0.0911453957971784,0.0,0.0734510908968144
0.0,0.0,0.0,0.0,0.0,0.0,0.0,0.0,0.0,0.0,0.0,0.0,0.0,0.0,0.0,0.0,0.0,0.0,0.0,0.0,0.0,0.0,0.0,0.0,0.0,0.0,0.0,0.0,0.0,0.0,0.0,0.1464177809813301,0.0,0.0,0.082822825854622,0.03326178648792,0.0,0.0,0.1253119104578805,0.1697679874405722,0.1483803948100718,0.0,0.3205139513323671,0.0,0.0,0.0,0.0,0.1389002699961174,0.0766848994674033,0.1309731983366595,0.1563494991151919,0.0551523377289686,0.050032415489912,0.0702904848056997,0.0223534697978514,0.0538269107978395,0.2103654246941328,0.1566847865762677,0.1832979405754741,0.0,0.0,0.0,0.0,0.0917309920686685,0.0,0.0,0.0,0.0564881038198442,0.0,0.0,0.0,0.1600169774769176,0.1694051539812434,0.1200097031046042,0.0,0.0992745328281023
0.0,0.0,0.0,0.0,0.0,0.0,0.0,0.0,0.0,0.0812558242381349,0.0,0.0,0.0,0.0,0.0,0.0,0.0,0.0,0.0,0.0,0.0,0.0,0.0,0.0,0.0,0.0,0.0,0.0,0.0,0.0,0.0,0.0,-1.1559302865406576e-05,0.1152088705186915,0.0,0.0,0.0,0.3349793799264572,0.0,0.0,0.0,0.0,0.0,0.0,0.0,0.0211103615544277,0.0,0.0,0.0,0.0,0.0,0.0,0.0,0.1204814692691965,0.2661208482555539,0.1594023940999632,0.0191521647117223,0.020085764513643,0.0,0.0,0.0,0.1338761552175426,0.0,0.0,0.0,0.0,0.0,0.0,0.0,0.1339194846380432,0.028900538739408,0.0,0.1464639255726228,0.0,0.0,0.0
0.5287330234769265,0.3145096365962972,0.0,0.0,0.0,0.0,0.0,0.0,0.0,0.0,0.0,0.0,0.0,0.0,0.0,0.1725733030342849,0.0,0.0516804011674399,0.0,0.0,0.2133198998063892,0.2891994954317102,0.0,0.2875306871289702,0.413468294737524,0.2643716634160374,0.0,0.0,0.0,0.0,0.2918683506174254,0.3753136798084098,0.1799179759308898,0.1499107630896457,0.0,0.0,0.0,0.0,0.349432185957527,0.3397184229769047,0.2600495195097446,0.1926935267544727,0.0,0.0,0.0211103615544277,0.0,0.0,0.0,0.0,0.0,0.0142592150879513,0.0,0.0676902031560426,0.0,0.1238591089375022,0.0,0.0,0.2196581877496701,0.0,0.0,0.3756130299370536,0.0,0.3762895957056862,0.0,0.1282628301688398,0.25754936911826,0.1556242990837726,0.0482431048385353,0.2668587252038658,0.3581855303689819,0.3687579882679156,0.3208910479119934,0.0169065954470952,0.5031036661755928,0.0,0.4074527374785816
0.0,0.0,0.0,0.0,0.0,0.0,0.0,0.0,0.0,0.0,0.0,0.0,0.0,0.0,0.42337629792386,0.2809730877355993,0.0,0.2734344495473949,0.0,0.2594174895227109,0.3071335082515178,0.0,0.3642693172829896,0.0,0.0730655138906964,0.0,0.5083323421090544,0.0,0.4690554505953464,0.0,0.0530074489200424,0.0,0.2360975288681168,0.1447342791647766,0.0,0.0,0.0,0.0,0.0,0.0,0.0,0.0,0.0,0.0,0.0,0.0,0.0,0.0,0.0,0.0,0.2135316556687176,0.073772624898265,0.1402513015563611,0.0341834784828924,0.2614788083474459,0.0,0.0,0.1633261882937058,0.0,0.3639653240139825,0.2432044555240356,0.2304937261047744,0.1261787933091533,0.0,0.0,0.414818002437597,0.2672755148532634,0.3461468822764025,0.0,0.24021122242411,0.0,0.0,0.0,0.0,0.0,0.0
0.0,0.0,0.6169010932929371,0.0,0.4190135920437425,0.3049079592385379,0.0,0.3173470842948043,0.5891570422427852,0.0,0.6002908179820289,0.0,0.2281779965600303,0.122071936801065,0.0,0.0,0.0,0.0,0.464188570065922,0.0,0.0,0.0,0.3210765083948748,0.0,0.0,0.0,0.3107505901711415,0.0,0.0,0.0,0.0,0.0119278451149875,0.0,0.0,0.0,0.1842619645897034,0.0,0.0,0.0,0.0,0.0,0.0,0.1625997434238282,0.1389002699961174,0.0,0.0,0.0,0.0,0.1955145498902352,0.45640943136995,0.2292875123193693,0.1401234195761703,0.3117507993732444,0.5674387104595451,0.0,0.6085159133471172,0.0,0.159019951085345,0.1343648396051006,0.0,0.0,0.0,0.0,0.4957500551043711,0.0,0.0,0.0,0.3068697129862688,0.0,0.0,0.0,0.4349106108223854,0.3486226806417334,0.1389761885639433,0.1672993747142688,0.1865421600687515
