0.0,0.2464589612026434,0.0,0.0,0.0,0.0,0.0,0.2554711894143284,0.0,0.3288152442310021,0.0,0.1489153993326799,0.0,0.0,0.0,0.4775867853089686,0.3933292460710139,0.4521062263630233,0.0,0.0,0.6188398277367774,0.0,0.1679009356534616,0.2880890003661137,0.3366418245912568,0.2441389577340159,0.0,0.0,0.2930036643330407,0.0,0.4445559369286659,0.3653570710696832,0.2618015925460545,0.2864894298434308,0.0,0.0,0.0,0.0236431448668798,0.268712413875927,0.2136986859371628,0.3227800272304279,0.0,0.0,0.0,0.0,0.7718972428921316,0.2401357728859833,0.0,0.0,0.0,0.0,0.0,0.0,0.0,0.4083266554943637,0.0,0.0,0.0,0.0,0.0,0.5246075529635752,0.0,0.2842780625075976,0.0,0.0,0.6015414460786465,0.0,0.0,0.4219760636890314,0.0,0.1304187676354536,0.0,0.0,0.0,0.0,0.0194865647173319
0.2464589612026434,0.0,0.0,0.0,0.0,0.0,0.2857151110673848,0.1581199643524209,0.0,0.0,0.0,0.0,0.3896344045092126,0.0,0.0453712144378897,0.2861014041713187,0.3063918442449022,0.3484889979581127,0.0,0.0954951723406788,0.4161073033399155,0.6440482104588029,0.084914996413824,0.0,0.6643462868101929,0.8319106713260362,0.0,0.0,0.406785148414565,0.0,0.0517233281572783,0.178412411213255,0.2660140604403891,0.4453763472127542,0.0187204778012915,0.0,0.0,0.0,0.1901568737285212,0.3238923173175698,0.163731949686478,0.0,0.0,0.0,0.0,0.0569602567160072,0.6143582281982078,0.0,0.0,0.0,0.0,0.0,0.0,0.0,0.0,0.0,0.0,0.0,0.0,0.176859134584627,0.244180579156809,0.0,0.3404840493389979,0.0,0.3000928629375116,0.2632981164276138,0.5256603677462723,0.0,0.0,0.4384116044193138,0.6406711263024402,0.0,0.0,0.3683878856346236,0.0,0.3680191483014876
0.0,0.0,0.0,0.0,0.6424990841894338,0.5942788165910121,0.0570570710786938,0.3015389261091085,0.8252696372318499,0.0,0.9289751594598104,0.269190757539982,0.1726957882212772,0.3678709820490282,0.0,0.0,0.0,0.0,0.9124732997039458,0.0,0.0,0.0,0.4336334774881386,0.0,0.0,0.0,0.8099933502494963,0.4604550237889568,0.0,0.0,0.0,0.0,0.0,0.0,0.0,0.0,0.0,0.0,0.0,0.0,0.0,0.0,0.0,0.0,0.0,0.0,0.0,0.9475195349760696,0.0,0.5807673027457381,0.5208928214752476,0.1705912409963814,0.4506083335814812,0.7008405481451259,0.0,0.8513346988900469,0.0,0.2017198598239765,0.162127254928198,0.0,0.0,0.0,0.0,0.8007429104380066,0.0,0.0,0.0,0.5630685239473384,0.0,0.0,0.0,0.8119460663199835,0.3632923396086607,0.0,0.0,0.0
0.0,0.0,0.0,0.0,0.0,0.0,0.0,0.0,0.0,0.0,0.0,0.0,0.0,0.1177837545332534,0.0,0.0,0.0,0.0,0.0,0.0,0.0,0.0,0.0,0.0,0.0,0.0,0.0,0.0,0.0,0.0,0.0,0.2723513658441185,0.0,0.0,0.227854286623912,0.3221180061027354,0.1793598556624857,0.374249785521896,0.0,0.0,0.0,0.0,0.0,0.0,0.0,0.0,0.0,0.0,0.0,0.0,0.0,0.0,0.0,0.0,0.0,0.0,0.0,0.0,0.0,0.0,0.0,0.0,0.0,0.0,0.0,0.0,0.0,0.0,0.0,0.0,0.0,0.0,0.0,0.0,0.0,0.0
0.0,0.0,0.6424990841894338,0.0,0.0,0.2881352291949437,0.2661440891922309,0.1744080303024258,0.8039125622525748,0.2347216628152156,0.8078591562181392,0.4023145413844223,0.479984613766657,0.4837654702116379,0.0,0.0,0.0,0.0,0.5339716143808031,0.4509818416697467,0.0,0.0,0.309432184618624,0.0,0.0,0.0,0.4754258645413524,0.5354425378081018,0.1534116885838324,0.0,0.1132730539444756,0.0,0.0,0.0,0.0,0.0,0.0,0.0,0.0,0.0,0.0,0.0,0.0782504876122925,0.0,0.0,0.0,0.0,0.6493290249795486,0.0,0.5947893685542522,0.259377992075504,0.0,0.5428007831738922,0.6941519510148028,0.0,0.5832874874884929,0.0,0.0,0.0,0.0,0.0,0.0,0.0,0.561823252978382,0.0,0.0,0.0,0.4395995198574636,0.0,0.0,0.0,0.4639053259251205,0.0,0.0,0.0,0.0
0.0,0.0,0.5942788165910121,0.0,0.2881352291949437,0.0,0.2604015154707677,0.5112215755816796,0.435290935970674,0.0,0.5702905947987061,0.2486807025593322,0.1630206899700282,0.3612882833666594,0.1241835359468909,0.4787988891876258,0.3252464113341473,0.4421052013823819,0.6107959247427072,0.3695709155306173,0.0,0.0,0.8321956434140445,0.0,0.3882596733875739,0.0296836973079832,0.9434680640113896,0.0,0.3622288491015805,0.0,0.0,0.0799438161997476,0.0,0.2734749646799576,0.0932134563734666,0.0,0.0,0.0,0.0,0.0,0.0,0.0841508427044993,0.0,0.0,0.0,0.0,0.3321157401295388,0.5994308107058562,0.0,0.4486622863387564,0.9552133431584862,0.3254809573251039,0.4715848417315592,0.5374371191104708,0.0,0.6781792010950217,0.0,0.221464781488533,0.0,0.0556482835355286,0.0,0.0,0.0,0.5386112755199146,0.1002145222910625,0.0,0.0,0.8204140232117503,0.0,0.0,0.0186091812777791,0.8247667510020438,0.0,0.216079769700982,0.0,0.0
0.0,0.2857151110673848,0.0570570710786938,0.0,0.2661440891922309,0.2604015154707677,0.0,0.3745991165465571,0.3568796999640059,0.6051804733661478,0.0544029692461328,0.5661101374502173,0.6266894764386645,0.106135847299653,0.0,0.3192745520137176,0.5389593530586797,0.5151758563094488,0.0372793969611232,0.1450636464707536,0.0,0.0141889260168916,0.2919601707624618,0.3449457457274239,0.3865799042632346,0.0758641351975621,0.2120011573176237,0.0,0.5610452160175707,0.0,0.4417638696511127,0.2812500428084686,0.220835714111074,0.3323846779215231,0.0,0.0,0.0,0.0,0.1482866160115301,0.0,0.2079204380026448,0.0,0.2479744220920845,0.0,0.0,0.0,0.0,0.0373981078320104,0.0,0.0,0.177835733998548,0.0,0.4329348273007638,0.5700041855457508,0.0,0.0612277487827928,0.0,0.0,0.0,0.0,0.0,0.0,0.0,0.2156327178399081,0.0,0.0,0.0,0.1704024332783729,0.0,0.0,0.0,0.2794587778591411,0.0,0.0,0.0,0.0
0.2554711894143284,0.1581199643524209,0.3015389261091085,0.0,0.1744080303024258,0.5112215755816796,0.3745991165465571,0.0,0.4216463186276193,0.1415754821988858,0.3597277066223949,0.4536890086708346,0.3471453943563446,0.1440971024367083,0.2029106626913388,0.1354820644316846,0.0,0.1234913301580026,0.4366723185851948,0.3456209121540985,0.4132216979068909,0.0657891150315747,0.7631980465839511,0.4281021716194118,0.104042261492438,0.2635848183447808,0.4251959257631091,0.2015563537195042,0.3024506191177386,0.0,0.1444686425414598,0.0547792915101604,0.1137517085604437,0.0441247472553453,0.0,0.0,0.0,0.0,0.0909053134662269,0.0,0.1371806923153553,0.0,0.1358251320317238,0.0,0.0,0.0,0.0,0.340862814633441,0.0,0.3337894932720805,0.4727037565142853,0.3595018486641799,0.7781883237299019,0.4996918388204982,0.0,0.4771528802285514,0.0,0.3315286256093996,0.138866818434482,0.157022107305375,0.0,0.0,0.0,0.5297296433788757,0.1652668389696439,0.2910987390119596,0.0,0.654446777131288,0.0,0.0,0.0,0.5061382585063313,0.1056758580135135,0.1888827295807142,0.0,0.0
0.0,0.0,0.8252696372318499,0.0,0.8039125622525748,0.435290935970674,0.3568796999640059,0.4216463186276193,0.0,0.2604249602649829,0.8508712219093465,0.5740735820307946,0.5567999766362376,0.4035983203839746,0.0,0.0,0.0,0.0217846414612417,0.7213756402870405,0.7406039723744077,0.0,0.0945554462922644,0.4700868599774633,0.3851853261454408,0.0,0.0398111866158486,0.6063339372123164,0.5193701840470657,0.4043383943240084,0.1546026752118098,0.2099646779391341,0.0,0.0523279183679852,0.0,0.0,0.0,0.0,0.0,0.0,0.0,0.0,0.0,0.0239622241716338,0.0,0.0,0.0,0.0,0.756781479931651,0.0,0.6005670532545603,0.3753821896622403,0.4895081918984647,0.6966837455693583,0.9311189309166784,0.0,0.7113176077472483,0.0,0.4434846127661475,0.0221683741177733,0.0,0.0,0.0,0.0,0.750557520969693,0.0,0.0,0.0,0.5457915745572203,0.0,0.0,0.0,0.7297024058916912,0.4651690002473517,0.0,0.0,0.0
0.3288152442310021,0.0,0.0,0.0,0.2347216628152156,0.0,0.6051804733661478,0.1415754821988858,0.2604249602649829,0.0,0.0,0.7565812380589342,0.7355941554961957,0.0,0.0,0.099707105617702,0.5815155716516534,0.4748650798280224,0.0,0.0266083677649135,0.0,0.1617371142674603,0.0507202486518948,0.6464876504928522,0.4055954198501051,0.4432170957923974,0.0,0.1229633358876381,0.3905186107417669,0.0,0.5122308963692056,0.0459831920457172,0.4424172463250078,0.101141928577261,0.0,0.0,0.0,0.0,0.2034154653995845,0.6418163512722834,0.324594302016695,0.0,0.0,0.0,0.0256549051906142,0.1498691010730698,0.0,0.0,0.0,0.0,0.0,0.0,0.0,0.0,0.7691092761268593,0.0,0.6208920099178548,0.5857626982665534,0.0,0.0,0.0,0.7653489093769322,0.4192185053516564,0.0,0.0,0.0,0.0,0.0,0.5483157198443049,0.3645402971808466,0.3792841899941433,0.0,0.4352493858787692,0.0,0.0,0.5494238186527773
0.0,0.0,0.9289751594598104,0.0,0.8078591562181392,0.5702905947987061,0.0544029692461328,0.3597277066223949,0.8508712219093465,0.0,0.0,0.3289878286829622,0.2679497622151118,0.428478683517047,0.0,0.0,0.0,0.0,0.8820606960230787,0.0,0.0,0.0,0.4935121696871045,0.1711569452381774,0.0,0.0,0.764091340114651,0.4851852354542367,0.0,0.0,0.0,0.0,0.0,0.0,0.0,0.0,0.0,0.0,0.0,0.0,0.0,0.0,0.0,0.0,0.0,0.0,0.0,0.9137023591328644,0.0,0.5882175617008163,0.4932247491157979,0.2267864752943842,0.5858564276828998,0.71449644676575,0.0,0.8958153556410956,0.0,0.2191565516407974,0.0635175685762446,0.0,0.0,0.0,0.0,0.7935975528927244,0.0,0.0,0.0,0.6236888205632242,0.0,0.0,0.0,0.7624565448443087,0.3603261259671253,0.0,0.0,0.0
0.1489153993326799,0.0,0.269190757539982,0.0,0.4023145413844223,0.2486807025593322,0.5661101374502173,0.4536890086708346,0.5740735820307946,0.7565812380589342,0.3289878286829622,0.0,0.7258164994846843,0.0,0.0,0.0,0.6524758595457941,0.4918883091474085,0.3344232138342752,0.0,0.3853324194984272,0.0,0.470838861946105,0.7739819300766011,0.4303624209907498,0.577986256996782,0.2233535090101937,0.1395464876579321,0.0,0.0,0.181140002870436,0.0,0.1088256325325733,0.136597140514111,0.0,0.0,0.0,0.0,0.1530279520688824,0.4004926904958636,0.1223189968441516,0.0,0.1577015559686133,0.0,0.0,0.0,0.0,0.0,0.0,0.0,0.0,0.0,0.0,0.0,0.6783970018710316,0.0,0.9045399877113434,0.5712777822179227,0.0,0.0,0.0,0.8409108042384482,0.2558917317494903,0.0,0.0,0.0,0.0,0.0,0.5475707678677002,0.1412598550455789,0.4988983615353821,0.0,0.4018783331769779,0.0,0.0,0.2869762919007306
0.0,0.3896344045092126,0.1726957882212772,0.0,0.479984613766657,0.1630206899700282,0.6266894764386645,0.3471453943563446,0.5567999766362376,0.7355941554961957,0.2679497622151118,0.7258164994846843,0.0,0.01603815169725,0.0876611539026563,0.0795685461131167,0.4533910826474298,0.3393662910897442,0.1889489103681293,0.281991296874804,0.3287174668516698,0.1954556565284345,0.3130499361083161,0.6396014495920774,0.277449002142175,0.3965133204864853,0.1653847714613728,0.4066514730229214,0.4803217549813484,0.2074139782748782,0.310760976780344,0.0,0.2413140132045173,0.1230091061263794,0.0,0.0,0.0,0.0,0.1752625403091993,0.5072568854111528,0.0891520701524868,0.0,0.3531134697110543,0.0,0.0,0.0,0.0,0.1092488027564966,0.0,0.0,0.0462973594143583,0.6483752583294978,0.5606909480537908,0.0,0.0,0.1525995296868888,0.6783215775047403,0.0,0.0,0.1249920733968278,0.0,0.0,0.0,0.0,0.4169383965582977,0.0,0.5357010745790795,0.1841788857699018,0.0,0.2116202692388431,0.4184214526048273,0.284283662727336,0.0,0.4923915059521342,0.0,0.0
0.0,0.0,0.3678709820490282,0.1177837545332534,0.4837654702116379,0.3612882833666594,0.106135847299653,0.1440971024367083,0.4035983203839746,0.0,0.428478683517047,0.0,0.01603815169725,0.0,0.0,0.0,0.0,0.0,0.2709607441528828,0.0,0.0,0.0,0.2277021723673476,0.0,0.0,0.0,0.4209672062977551,0.0333352756646844,0.0,0.0,0.0,0.1611340058869748,0.0,0.0,0.0,0.0,0.0,0.0,0.0180316486642644,0.0,0.0,0.0,0.0135134753080925,0.0,0.0,0.0,0.0,0.3551234189542906,0.0,0.0,0.0,0.0,0.0,0.38365429514267,0.0,0.3460160726014767,0.0,0.0,0.0,0.0,0.0,0.0,0.0,0.0,0.0,0.0,0.0,0.3665490445897129,0.0,0.0,0.0,0.3005915479756649,0.0,0.0,0.0,0.0
0.0,0.0453712144378897,0.0,0.0,0.0,0.1241835359468909,0.0,0.2029106626913388,0.0,0.0,0.0,0.0,0.0876611539026563,0.0,0.0,0.0,0.0,0.0,0.0,0.8003868788821954,0.2617470019133499,0.5249359989687209,0.1948049969139726,0.0,0.0,0.0433086217238837,0.3052234003989689,0.4169830991031754,0.4755893293787928,0.0,0.3366411934569734,0.0,0.1981334767401729,0.0,0.0,0.0,0.0,0.0,0.0,0.1381428444273978,0.0,0.0,0.0,0.0,0.0,0.0,0.1187519309875073,0.0,0.0,0.0,0.0822847010691252,0.0,0.2993200831079504,0.0,0.0,0.0,0.0,0.0,0.0,0.789125191696137,0.134037385025855,0.0,0.0,0.0,0.6584428853786551,0.2236722220199237,0.5359340527639237,0.2606065309053891,0.0,0.0805188593744456,0.1208672383209071,0.4461604909696309,0.3184271986167459,0.2128849443064513,0.0,0.2752179166397897
0.4775867853089686,0.2861014041713187,0.0,0.0,0.0,0.4787988891876258,0.3192745520137176,0.1354820644316846,0.0,0.099707105617702,0.0,0.0,0.0795685461131167,0.0,0.0,0.0,0.6037554319238158,0.8012155055904141,0.0,0.0,0.3063668018985971,0.0982763942205234,0.4340539764667091,0.0773032076523723,0.4380686564970065,0.1652530065871014,0.2282958480969919,0.0,0.5140766390520435,0.0,0.156344613136052,0.4706940514260306,0.0,0.326945039126213,0.1095383151946862,0.0,0.0,0.0,0.2591752641112488,0.0,0.0,0.0,0.0,0.0,0.0,0.6335178495022883,0.2610419874841745,0.0,0.0,0.0,0.0,0.0,0.0,0.0,0.0,0.0,0.0,0.0,0.0,0.0,0.2020587694975387,0.0,0.1106628330708316,0.0,0.0,0.2085607001227226,0.0,0.3036182956441882,0.0,0.0,0.0,0.1729377319604344,0.0,0.2696987116870188,0.0,0.0
0.3933292460710139,0.3063918442449022,0.0,0.0,0.0,0.3252464113341473,0.5389593530586797,0.0,0.0,0.5815155716516534,0.0,0.6524758595457941,0.4533910826474298,0.0,0.0,0.6037554319238158,0.0,0.8860177545231847,0.0,0.0,0.0,0.0,0.0,0.5854330492048437,0.6550319350587874,0.4314888958124163,0.0,0.0,0.3069802468699973,0.0,0.0615233348099715,0.2866591152377824,0.0,0.3123941109464765,0.0,0.0,0.0,0.0,0.0,0.1583742742571248,0.0,0.0,0.0,0.0,0.0,0.0,0.0,0.0,0.0,0.0,0.0,0.0,0.0,0.0,0.6206750297458916,0.0,0.5729360847227144,0.0,0.0,0.0,0.0,0.6692984280950793,0.1552842347179984,0.0,0.0,0.0,0.0,0.0,0.556224546007529,0.0,0.2660511706621184,0.0,0.0,0.0,0.0,0.0
0.4521062263630233,0.3484889979581127,0.0,0.0,0.0,0.4421052013823819,0.5151758563094488,0.1234913301580026,0.0217846414612417,0.4748650798280224,0.0,0.4918883091474085,0.3393662910897442,0.0,0.0,0.8012155055904141,0.8860177545231847,0.0,0.0,0.0,0.2655647930060076,0.0697232276391499,0.4005001589384622,0.3805273901461931,0.6937371505353344,0.3062728826554405,0.2689768480832952,0.0,0.5126651028822099,0.0,0.0927943127484673,0.3319759418445265,0.0,0.4110721881506949,0.0,0.0,0.0,0.0,0.2542603735585859,0.0695609619741477,0.1184127479514068,0.0,0.0,0.0,0.0,0.6062450236028634,0.4881257085727695,0.0,0.0,0.0,0.0,0.0,0.0,0.0,0.5645354323224575,0.0,0.3844640867680418,0.0,0.0,0.0,0.2019339556812862,0.5804006096948826,0.232453845171849,0.0,0.0,0.0,0.1753040515497605,0.0,0.4683220212939015,0.0,0.1413666838181533,0.0,0.0,0.0,0.0,0.0
0.0,0.0,0.9124732997039458,0.0,0.5339716143808031,0.6107959247427072,0.0372793969611232,0.4366723185851948,0.7213756402870405,0.0,0.8820606960230787,0.3344232138342752,0.1889489103681293,0.2709607441528828,0.0,0.0,0.0,0.0,0.0,0.0,0.0,0.0,0.4989718359572646,0.0,0.0,0.0,0.767234078288922,0.4674955640882524,0.0,0.0,0.0,0.0,0.0,0.0674980016168068,0.0,0.0,0.0,0.0,0.0,0.0,0.0,0.0,0.0,0.0,0.0,0.0,0.0,0.8729080982635818,0.0,0.4651654488576887,0.5079784077622586,0.1071405041713053,0.4658612325071031,0.5887352385030705,0.0,0.84274381786326,0.0,0.205830348557765,0.0594541559364539,0.0,0.0,0.0,0.0,0.8862457826762886,0.0,0.0,0.0,0.5456643280989665,0.0,0.0,0.0,0.7624300435958069,0.0,0.0,0.0,0.0
0.0,0.0954951723406788,0.0,0.0,0.4509818416697467,0.3695709155306173,0.1450636464707536,0.3456209121540985,0.7406039723744077,0.0266083677649135,0.0,0.0,0.281991296874804,0.0,0.8003868788821954,0.0,0.0,0.0,0.0,0.0,0.1984220984782777,0.6221575427778551,0.3050935555627921,0.0,0.0,0.1008772327676649,0.5520499490732106,0.5925533719076038,0.5683916208351781,0.4184243943070646,0.3289332001833459,0.0,0.075907686269896,0.0,0.0,0.0,0.0,0.0,0.0,0.055450310118466,0.0,0.0,0.0,0.0,0.0,0.0,0.2807499971042266,0.0,0.0,0.0,0.2625725545273248,0.0,0.4507931334026749,0.0,0.0,0.0,0.0,0.2334177662772527,0.0,0.8011293081943599,0.0,0.0,0.0,0.0,0.8850462278406528,0.1241764883594416,0.6788161990733353,0.3618964728211548,0.0,0.1415428909650981,0.1961684851774976,0.6872827428602916,0.5076163789171931,0.3310583855078441,0.5540349143542247,0.2520094367272273
0.6188398277367774,0.4161073033399155,0.0,0.0,0.0,0.0,0.0,0.4132216979068909,0.0,0.0,0.0,0.3853324194984272,0.3287174668516698,0.0,0.2617470019133499,0.3063668018985971,0.0,0.2655647930060076,0.0,0.1984220984782777,0.0,0.1995364975915359,0.2383595093138075,0.3094836023560315,0.2374134501539325,0.2241255739478149,0.0,0.0,0.612998086440204,0.0,0.6361152029091778,0.3661263399031452,0.4485679790469909,0.2654926474266225,0.0,0.0,0.0,0.0,0.2753295916276429,0.4822222532494943,0.2364410603998596,0.0,0.0,0.0,0.0,0.5042804149570539,0.3281105537030916,0.0,0.0,0.0,0.0,0.0,0.3705671540700917,0.0,0.0,0.0,0.0,0.2413063017594648,0.0,0.1488747173904947,0.3759951471433819,0.0,0.0,0.0,0.1189513159718847,0.9301210783234074,0.252367775658468,0.1302880715335596,0.0,0.0,0.1387104284105206,0.1525246479634082,0.0,0.5070926597148415,0.0,0.2199055474929711
0.0,0.6440482104588029,0.0,0.0,0.0,0.0,0.0141889260168916,0.0657891150315747,0.0945554462922644,0.1617371142674603,0.0,0.0,0.1954556565284345,0.0,0.5249359989687209,0.0982763942205234,0.0,0.0697232276391499,0.0,0.6221575427778551,0.1995364975915359,0.0,0.0,0.0,0.2395236284934988,0.4809824964333644,0.0773295811404507,0.2926635018929034,0.4880470391727221,0.5277241847471993,0.2374644775738404,0.0,0.2158561016106937,0.2786811592363871,0.0875018908523892,0.0,0.1196787133142684,0.0,0.0,0.1132247100815593,0.0359307565590772,0.0,0.0,0.0,0.0,0.0,0.3293038681386284,0.0,0.0,0.0,0.0,0.0,0.0,0.0,0.0,0.0,0.0,0.0,0.0,0.5819660664730131,0.1588262684902185,0.0,0.2549607485737052,0.0,0.677175997700764,0.033103614587836,0.7636239041568721,0.0,0.0,0.3753540892865752,0.349412081027086,0.2022064298494301,0.4394645658506941,0.2093736401876366,0.0,0.4488223772492944
0.1679009356534616,0.084914996413824,0.4336334774881386,0.0,0.309432184618624,0.8321956434140445,0.2919601707624618,0.7631980465839511,0.4700868599774633,0.0507202486518948,0.4935121696871045,0.470838861946105,0.3130499361083161,0.2277021723673476,0.1948049969139726,0.4340539764667091,0.0,0.4005001589384622,0.4989718359572646,0.3050935555627921,0.2383595093138075,0.0,0.0,0.4046043037038199,0.2529295161320148,0.2885600489035844,0.6625321004586603,0.048099895572272,0.4283431128908213,0.0,0.0,0.1320098771630685,0.0,0.1102303597900516,0.0,0.0,0.0,0.0,0.1866165584799294,0.0,0.0,0.0,0.0,0.0,0.0,0.0,0.2986216426121978,0.4158077373978864,0.0,0.2852565594767474,0.7638520408011129,0.3687493587192844,0.7226629005760672,0.5255440680052432,0.0,0.5057556926014959,0.0,0.3243337286794426,0.0,0.051282425706376,0.0,0.0,0.0,0.5557783763589705,0.0793081241941704,0.1576635760805483,0.0,0.919012590157382,0.0,0.0,0.2116566280984267,0.669889806016886,0.0,0.2625944968125211,0.0,0.0
0.2880890003661137,0.0,0.0,0.0,0.0,0.0,0.3449457457274239,0.4281021716194118,0.3851853261454408,0.6464876504928522,0.1711569452381774,0.7739819300766011,0.6396014495920774,0.0,0.0,0.0773032076523723,0.5854330492048437,0.3805273901461931,0.0,0.0,0.3094836023560315,0.0,0.4046043037038199,0.0,0.4483199169551124,0.6491220954082506,0.0904708982772673,0.1987703477204317,0.0,0.0,0.2298943784685745,0.0357960885851782,0.0715293877311333,0.0604119687377552,0.0,0.0,0.0,0.0,0.161192241369997,0.2624791184364622,0.1372245119771175,0.0,0.0,0.0,0.0,0.2199588134790445,0.0,0.0,0.0,0.0,0.0,0.0,0.0,0.0,0.6718296188081249,0.0,0.8077107910217869,0.0,0.0,0.0,0.1607239216723178,0.7055090919653856,0.4056861281320091,0.0,0.0,0.0,0.0,0.0,0.8210815770473633,0.2894894924069123,0.6720054188070688,0.0,0.448112159376173,0.0,0.0,0.3289589881344776
0.3366418245912568,0.6643462868101929,0.0,0.0,0.0,0.3882596733875739,0.3865799042632346,0.104042261492438,0.0,0.4055954198501051,0.0,0.4303624209907498,0.277449002142175,0.0,0.0,0.4380686564970065,0.6550319350587874,0.6937371505353344,0.0,0.0,0.2374134501539325,0.2395236284934988,0.2529295161320148,0.4483199169551124,0.0,0.6236827832795665,0.2366486224051862,0.0,0.365941889603049,0.0,0.0,0.215591872424281,0.0,0.5086375688579009,0.0699779493590041,0.0,0.0,0.0,0.0881189334645751,0.0,0.1876651729180339,0.0723562961241852,0.0,0.0,0.0,0.4254467816420258,0.721394397083065,0.0,0.0,0.0,0.0,0.0,0.0,0.0,0.4927971768318549,0.0,0.4007746476711041,0.2738340352745427,0.0,0.0,0.1274632256488449,0.3661789257347782,0.2058809457276763,0.0,0.168649140731013,0.0910867002167997,0.3396445815194972,0.0249158178680115,0.4333020407149221,0.4305024295588685,0.5643017460289709,0.0,0.0,0.5672378950830643,0.0,0.1060609497328157
0.2441389577340159,0.8319106713260362,0.0,0.0,0.0,0.0296836973079832,0.0758641351975621,0.2635848183447808,0.0398111866158486,0.4432170957923974,0.0,0.577986256996782,0.3965133204864853,0.0,0.0433086217238837,0.1652530065871014,0.4314888958124163,0.3062728826554405,0.0,0.1008772327676649,0.2241255739478149,0.4809824964333644,0.2885600489035844,0.6491220954082506,0.6236827832795665,0.0,0.0,0.0,0.3008315482367409,0.0,0.0,0.0477396277216271,0.1839559192113686,0.2619430744664177,0.0,0.0,0.0,0.0,0.2249193865532128,0.295364178195382,0.1714138358851687,0.0,0.0,0.0,0.0,0.0,0.5512317395259562,0.0,0.0,0.0,0.0,0.0,0.0,0.0,0.3012440017786981,0.0,0.5404846463285505,0.2418177990937517,0.0,0.1992715034444278,0.2084592305725311,0.4437609796233261,0.5137489731964966,0.0,0.3510846340133558,0.1271227837764552,0.4657344266543502,0.0,0.4262079606975432,0.4818323636050921,0.8603051725159556,0.0,0.3166031492498415,0.3207037472806327,0.0,0.4262375939237834
0.0,0.0,0.8099933502494963,0.0,0.4754258645413524,0.9434680640113896,0.2120011573176237,0.4251959257631091,0.6063339372123164,0.0,0.764091340114651,0.2233535090101937,0.1653847714613728,0.4209672062977551,0.3052234003989689,0.2282958480969919,0.0,0.2689768480832952,0.767234078288922,0.5520499490732106,0.0,0.0773295811404507,0.6625321004586603,0.0904708982772673,0.2366486224051862,0.0,0.0,0.1458026359231774,0.2819442795182204,0.0,0.0,0.0,0.0,0.1839208157294793,0.0474975434874076,0.0,0.0,0.0,0.0,0.0,0.0,0.0807278102115651,0.0,0.0,0.0,0.0,0.2649608801218047,0.7898334541008278,0.0,0.5814735731216961,0.8617194964641588,0.3305166656023529,0.4467353220856292,0.6558264822142893,0.0,0.8355284474272996,0.0,0.135105390168003,0.3405049401631678,0.2772443889659436,0.0,0.0,0.0,0.6376841052804857,0.3365778169699487,0.0,0.160707721367252,0.7281586641641463,0.0,0.0,0.0,0.9320002063889886,0.0289037677438044,0.1914860605313939,0.0,0.0
0.0,0.0,0.4604550237889568,0.0,0.5354425378081018,0.0,0.0,0.2015563537195042,0.5193701840470657,0.1229633358876381,0.4851852354542367,0.1395464876579321,0.4066514730229214,0.0333352756646844,0.4169830991031754,0.0,0.0,0.0,0.4674955640882524,0.5925533719076038,0.0,0.2926635018929034,0.048099895572272,0.1987703477204317,0.0,0.0,0.1458026359231774,0.0,0.2952432073307384,0.6856038526620208,0.4639521393192005,0.0,0.1571594490718725,0.0,0.0,0.1951245175740686,0.1043300998410152,0.0583377847048627,0.0,0.1021002202122265,0.0,0.0,0.1241955615304202,0.0,0.0,0.0,0.0,0.5135474239949551,0.0,0.0,0.0,0.0,0.3745253307744824,0.3605672066149235,0.0314676665419485,0.0,0.1964208696389744,0.4175314772222508,0.0,0.4055055859338217,0.0,0.0,0.0,0.0,0.5198993480553575,0.0056786929285744,0.3251271940028708,0.1764161568391447,0.0,0.0963039214347322,0.0388455565201949,0.2118751815065141,0.7399714834170881,0.0815062839789157,0.0,0.286479877577897
0.2930036643330407,0.406785148414565,0.0,0.0,0.1534116885838324,0.3622288491015805,0.5610452160175707,0.3024506191177386,0.4043383943240084,0.3905186107417669,0.0,0.0,0.4803217549813484,0.0,0.4755893293787928,0.5140766390520435,0.3069802468699973,0.5126651028822099,0.0,0.5683916208351781,0.612998086440204,0.4880470391727221,0.4283431128908213,0.0,0.365941889603049,0.3008315482367409,0.2819442795182204,0.2952432073307384,0.0,0.2749780882787579,0.5569200708854934,0.2421898209248615,0.2250598315943092,0.284409610934706,0.0,0.0,0.0,0.0,0.1504417573181252,0.2727661719812733,0.059777895112339,0.0,0.1397384768671183,0.0,0.0,0.0,0.511153475164609,0.2340603103221553,0.0,0.0,0.2383834735786261,0.3650734939611142,0.4066597715162836,0.4107996630442951,0.0,0.0,0.0,0.4906858041004056,0.0,0.3747789812391378,0.0,0.0,0.0,0.0,0.4547912743002271,0.5624798070171783,0.5577415901499996,0.3327142014601179,0.0,0.0,0.2608455721279905,0.4029267131801636,0.3459534777357253,0.6917450741593275,0.3674905683763256,0.2621851626711913
0.0,0.0,0.0,0.0,0.0,0.0,0.0,0.0,0.1546026752118098,0.0,0.0,0.0,0.2074139782748782,0.0,0.0,0.0,0.0,0.0,0.0,0.4184243943070646,0.0,0.5277241847471993,0.0,0.0,0.0,0.0,0.0,0.6856038526620208,0.2749780882787579,0.0,0.4358478183251136,0.0,0.0,0.0,0.0,0.0,0.0,0.0,0.0,0.0,0.0,0.0,0.0,0.0,0.0,0.0,0.0,0.0,0.0,0.0,0.0,0.0,0.0,0.0,0.0,0.0,0.0,0.0,0.0,0.0,0.0,0.0,0.0,0.0,0.5179222706796489,0.0,0.0,0.0,0.0,0.0,0.0,0.0,0.0,0.0315573152809391,0.0,0.0
0.4445559369286659,0.0517233281572783,0.0,0.0,0.1132730539444756,0.0,0.4417638696511127,0.1444686425414598,0.2099646779391341,0.5122308963692056,0.0,0.181140002870436,0.310760976780344,0.0,0.3366411934569734,0.156344613136052,0.0615233348099715,0.0927943127484673,0.0,0.3289332001833459,0.6361152029091778,0.2374644775738404,0.0,0.2298943784685745,0.0,0.0,0.0,0.4639521393192005,0.5569200708854934,0.4358478183251136,0.0,0.1353984599247783,0.574167282872444,0.0,0.0,0.0,0.0,0.1005361621715649,0.11106654321735,0.4637363817023617,0.176458926009381,0.0,0.2090960764857219,0.0,0.0,0.0,0.0,0.0,0.0,0.0,0.0,0.0,0.2325786508878161,0.0,0.4777041584330713,0.0,0.0635187295280163,0.0,0.0,0.2498847457583055,0.5531043026917468,0.3574162714484767,0.3260570609103778,0.0,0.2630583469440199,0.6977704412590653,0.3211476575643152,0.0,0.3455739781121297,0.1051561192789913,0.0,0.0,0.3692778381555328,0.3994459557327711,0.0,0.4279794700506664
0.3653570710696832,0.178412411213255,0.0,0.2723513658441185,0.0,0.0799438161997476,0.2812500428084686,0.0547792915101604,0.0,0.0459831920457172,0.0,0.0,0.0,0.1611340058869748,0.0,0.4706940514260306,0.2866591152377824,0.3319759418445265,0.0,0.0,0.3661263399031452,0.0,0.1320098771630685,0.0357960885851782,0.215591872424281,0.0477396277216271,0.0,0.0,0.2421898209248615,0.0,0.1353984599247783,0.0,0.0230990958232624,0.1325622843897756,0.1348626190658398,0.0,0.0,0.0,0.4394366439392038,0.0,0.0276465885161749,0.0,0.0670015979231996,0.1461130567834708,0.0,0.4799633936569032,0.0696725788585456,0.0,0.0,0.0,0.1110230120760672,0.1578763156946382,0.0268193250403918,0.0,0.1905069216517221,0.0,0.0,0.0454302955113632,0.0,0.0,0.2046142624911006,0.0671929403721386,0.0,0.0,0.0,0.3553657889035095,0.0,0.0836617611533909,0.1428399489663799,0.0,0.0,0.0,0.0,0.1693123252164162,0.0,0.0
0.2618015925460545,0.2660140604403891,0.0,0.0,0.0,0.0,0.220835714111074,0.1137517085604437,0.0523279183679852,0.4424172463250078,0.0,0.1088256325325733,0.2413140132045173,0.0,0.1981334767401729,0.0,0.0,0.0,0.0,0.075907686269896,0.4485679790469909,0.2158561016106937,0.0,0.0715293877311333,0.0,0.1839559192113686,0.0,0.1571594490718725,0.2250598315943092,0.0,0.574167282872444,0.0230990958232624,0.0,0.0,0.0,0.0,0.1089515166890378,0.1845011542871039,0.1967243981243112,0.6510344590507496,0.3330572720465464,0.0,0.0,0.0,0.3430517699851756,0.0,0.1003173949860499,0.0,0.0,0.0,0.0,0.0,0.0,0.0,0.27629055091379,0.0,0.0,0.0,0.0,0.1426451800415748,0.5664461540646819,0.2223729965198657,0.4069648464984059,0.0,0.1779700373652645,0.5856102836761523,0.3213587202583901,0.0,0.0628415626710567,0.2859406992673023,0.2193051804983893,0.0,0.1831342525070616,0.0,0.0,0.5347337989263427
0.2864894298434308,0.4453763472127542,0.0,0.0,0.0,0.2734749646799576,0.3323846779215231,0.0441247472553453,0.0,0.101141928577261,0.0,0.136597140514111,0.1230091061263794,0.0,0.0,0.326945039126213,0.3123941109464765,0.4110721881506949,0.0674980016168068,0.0,0.2654926474266225,0.2786811592363871,0.1102303597900516,0.0604119687377552,0.5086375688579009,0.2619430744664177,0.1839208157294793,0.0,0.284409610934706,0.0,0.0,0.1325622843897756,0.0,0.0,0.2200860129073273,0.0,0.0,0.0,0.0616182560375904,0.0,0.1570711041552266,0.0,0.1676638760756157,0.1743649154159555,0.1488258317258002,0.3576282335156743,0.4522883406266734,0.0,0.0,0.0,0.1897343164908483,0.0693894769731084,0.0,0.0307429661309935,0.2565081594842032,0.0,0.0463453562627398,0.1479610069773895,0.0,0.0,0.0942758457223805,0.173792545930723,0.0580992057821727,0.0,0.0455963800904631,0.1679325382615832,0.2494517411868431,0.0,0.1095077950130752,0.1339347227422192,0.1942601694837344,0.2361365460851197,0.0,0.3869757681362932,0.0,0.0
0.0,0.0187204778012915,0.0,0.227854286623912,0.0,0.0932134563734666,0.0,0.0,0.0,0.0,0.0,0.0,0.0,0.0,0.0,0.1095383151946862,0.0,0.0,0.0,0.0,0.0,0.0875018908523892,0.0,0.0,0.0699779493590041,0.0,0.0474975434874076,0.0,0.0,0.0,0.0,0.1348626190658398,0.0,0.2200860129073273,0.0,0.3339688942656547,0.2149232153348055,0.1203655222876536,0.0,0.0,0.0,0.086932037800051,0.035456443194904,0.0,0.0,0.0,0.0,0.0,0.0,0.0,0.0617027187628762,0.0,0.0,0.0,0.0,0.0,0.0,0.0,0.0,0.0,0.0,0.0,0.0,0.0,0.0,0.0,0.0,0.0,0.0,0.0,0.0,0.0,0.0,0.0,0.0,0.0
0.0,0.0,0.0,0.3221180061027354,0.0,0.0,0.0,0.0,0.0,0.0,0.0,0.0,0.0,0.0,0.0,0.0,0.0,0.0,0.0,0.0,0.0,0.0,0.0,0.0,0.0,0.0,0.0,0.1951245175740686,0.0,0.0,0.0,0.0,0.0,0.0,0.3339688942656547,0.0,0.6498612922168819,0.3898359754349022,0.0,0.0,0.0,0.0740071613269012,0.0636622119130009,0.0,0.0,0.0,0.0,0.0,0.0,0.0311865172600385,0.0,0.0,0.0,0.0,0.0,0.0,0.0,0.0,0.0,0.0,0.0,0.0,0.0,0.0,0.0,0.0,0.0,0.0,0.0,0.0,0.0,0.0,0.0880833867411509,0.0,0.0,0.0
0.0,0.0,0.0,0.1793598556624857,0.0,0.0,0.0,0.0,0.0,0.0,0.0,0.0,0.0,0.0,0.0,0.0,0.0,0.0,0.0,0.0,0.0,0.1196787133142684,0.0,0.0,0.0,0.0,0.0,0.1043300998410152,0.0,0.0,0.0,0.0,0.1089515166890378,0.0,0.2149232153348055,0.6498612922168819,0.0,0.2208861586024388,0.0,0.0,0.0,0.0394268254291863,0.0,0.0,0.0,0.0,0.0,0.0,0.0,0.0,0.0,0.0,0.0,0.0,0.0,0.0,0.0,0.0,0.0,0.0,0.0,0.0,0.0,0.0,0.0,0.0,0.0,0.0,0.0,0.0,0.0,0.0,0.0,0.0,0.0,0.0
0.0236431448668798,0.0,0.0,0.374249785521896,0.0,0.0,0.0,0.0,0.0,0.0,0.0,0.0,0.0,0.0,0.0,0.0,0.0,0.0,0.0,0.0,0.0,0.0,0.0,0.0,0.0,0.0,0.0,0.0583377847048627,0.0,0.0,0.1005361621715649,0.0,0.1845011542871039,0.0,0.1203655222876536,0.3898359754349022,0.2208861586024388,0.0,0.0,0.0,0.0,0.0,0.0,0.0,0.1754369564169872,0.0,0.0,0.0,0.0,0.0,0.0,0.0,0.0,0.0,0.0,0.0,0.0,0.0,0.0,0.0,0.0,0.0,0.0,0.0,0.0,0.0,0.0,0.0,0.0,0.0,0.0,0.0,0.0,0.0,0.0,0.0
0.268712413875927,0.1901568737285212,0.0,0.0,0.0,0.0,0.1482866160115301,0.0909053134662269,0.0,0.2034154653995845,0.0,0.1530279520688824,0.1752625403091993,0.0180316486642644,0.0,0.2591752641112488,0.0,0.2542603735585859,0.0,0.0,0.2753295916276429,0.0,0.1866165584799294,0.161192241369997,0.0881189334645751,0.2249193865532128,0.0,0.0,0.1504417573181252,0.0,0.11106654321735,0.4394366439392038,0.1967243981243112,0.0616182560375904,0.0,0.0,0.0,0.0,0.0,0.3262891035290074,0.1581936502180691,0.0421453180419154,0.0840915516104836,0.1888596351170192,0.0549540844818658,0.1686618149512723,0.0429473814455656,0.0,0.0,0.0,0.0,0.1441395463149715,0.1578617138714474,0.0,0.1340567065595979,0.0,0.1135638401820956,0.0237219847021467,0.0,0.0,0.200348805919949,0.203833279657883,0.176787846891743,0.0,0.0,0.324165287991019,0.0,0.0875318867075297,0.1383886625024767,0.0,0.0863482561506443,0.0,0.0,0.071788790292992,0.0,0.1006007002284428
0.2136986859371628,0.3238923173175698,0.0,0.0,0.0,0.0,0.0,0.0,0.0,0.6418163512722834,0.0,0.4004926904958636,0.5072568854111528,0.0,0.1381428444273978,0.0,0.1583742742571248,0.0695609619741477,0.0,0.055450310118466,0.4822222532494943,0.1132247100815593,0.0,0.2624791184364622,0.0,0.295364178195382,0.0,0.1021002202122265,0.2727661719812733,0.0,0.4637363817023617,0.0,0.6510344590507496,0.0,0.0,0.0,0.0,0.0,0.3262891035290074,0.0,0.3488975394066487,0.0,0.2241861520175872,0.4784414593637793,0.227500404838631,0.0,0.2363644235461608,0.0,0.0,0.0,0.0,0.2984620373051235,0.2586058706935556,0.186788369994354,0.4413869894530929,0.0,0.3156166237483209,0.3035762124916165,0.0,0.1092277044834269,0.431104440949093,0.5056677398635984,0.4205268259731638,0.0078820699536705,0.2219254706185968,0.6286467992717736,0.3826581806623907,0.0,0.1399737875849659,0.2326687538233431,0.2694152582960017,0.0,0.2189698416018955,0.260775711299787,0.3762096901188776,0.6141232903911836
0.3227800272304279,0.163731949686478,0.0,0.0,0.0,0.0,0.2079204380026448,0.1371806923153553,0.0,0.324594302016695,0.0,0.1223189968441516,0.0891520701524868,0.0,0.0,0.0,0.0,0.1184127479514068,0.0,0.0,0.2364410603998596,0.0359307565590772,0.0,0.1372245119771175,0.1876651729180339,0.1714138358851687,0.0,0.0,0.059777895112339,0.0,0.176458926009381,0.0276465885161749,0.3330572720465464,0.1570711041552266,0.0,0.0,0.0,0.0,0.1581936502180691,0.3488975394066487,0.0,0.0933197610423633,0.377933431714857,0.258217416634691,0.2406596243766656,0.1519173375760754,0.2462778137102518,0.0,0.0,0.0,0.0,0.1595691613978642,0.0,0.0937166227577616,0.3450760921780985,0.0,0.1076969456120672,0.177384496228709,0.0024833030690091,0.0402367377192803,0.3487039219435831,0.216360152788552,0.3663979907753875,0.0,0.0974948688678312,0.3484678808171145,0.2404682783939068,0.0,0.1619623287445019,0.320768708993473,0.2452463297239237,0.0,0.0846347796513659,0.3343224928454662,0.0983771822530812,0.2978552536543457
0.0,0.0,0.0,0.0,0.0,0.0841508427044993,0.0,0.0,0.0,0.0,0.0,0.0,0.0,0.0,0.0,0.0,0.0,0.0,0.0,0.0,0.0,0.0,0.0,0.0,0.0723562961241852,0.0,0.0807278102115651,0.0,0.0,0.0,0.0,0.0,0.0,0.0,0.086932037800051,0.0740071613269012,0.0394268254291863,0.0,0.0421453180419154,0.0,0.0933197610423633,0.0,0.017155636575549,0.0248186498005734,0.1214805161978007,0.0688399044464249,0.0672052144394113,0.0407047126276972,0.1568950021532137,0.0905058204399677,0.1487628676509692,0.0,0.0,0.0,0.0,0.0,0.0,0.0,0.0,0.0,0.0513677179494983,0.0,0.0702016946902686,0.0,0.0,0.0,0.0,0.0383864585314243,0.0075480904016105,0.0257798954902189,0.0810863742765643,0.0,0.0,0.0209911637690657,0.0,0.0
0.0,0.0,0.0,0.0,0.0782504876122925,0.0,0.2479744220920845,0.1358251320317238,0.0239622241716338,0.0,0.0,0.1577015559686133,0.3531134697110543,0.0135134753080925,0.0,0.0,0.0,0.0,0.0,0.0,0.0,0.0,0.0,0.0,0.0,0.0,0.0,0.1241955615304202,0.1397384768671183,0.0,0.2090960764857219,0.0670015979231996,0.0,0.1676638760756157,0.035456443194904,0.0636622119130009,0.0,0.0,0.0840915516104836,0.2241861520175872,0.377933431714857,0.017155636575549,0.0,0.5730109206255042,0.2881602953683568,0.0,0.0,0.0,0.0,0.1654122788518111,0.0241492548498067,0.3568832906584924,0.153086133852899,0.1089061814949253,0.4030105266957898,0.0,0.1422837165382591,0.5170282024053665,0.1137289532085737,0.0,0.0,0.2931365692156008,0.0,0.0896147689095617,0.0,0.152032372998962,0.0844653330629914,0.0,0.339350735169285,0.2806178043937992,0.243156698454447,0.0,0.2538946410524176,0.3561432712358034,0.0,0.1739142565159139
0.0,0.0,0.0,0.0,0.0,0.0,0.0,0.0,0.0,0.0,0.0,0.0,0.0,0.0,0.0,0.0,0.0,0.0,0.0,0.0,0.0,0.0,0.0,0.0,0.0,0.0,0.0,0.0,0.0,0.0,0.0,0.1461130567834708,0.0,0.1743649154159555,0.0,0.0,0.0,0.0,0.1888596351170192,0.4784414593637793,0.258217416634691,0.0248186498005734,0.5730109206255042,0.0,0.2210354028087962,0.0,0.0,0.0,0.0,0.017938992867085,0.0,0.3636794999705492,0.1544993002650713,0.0970463733591406,0.454439215079141,0.0,0.2421452527137117,0.4709983228119536,0.0,0.0,0.0,0.0,0.0,0.0126512785603459,0.0,0.0,0.0,0.0,0.0,0.0,0.0,0.0,0.3276871946906005,0.4181464658649508,0.0,0.4680025064038359
0.0,0.0,0.0,0.0,0.0,0.0,0.0,0.0,0.0,0.0256549051906142,0.0,0.0,0.0,0.0,0.0,0.0,0.0,0.0,0.0,0.0,0.0,0.0,0.0,0.0,0.0,0.0,0.0,0.0,0.0,0.0,0.0,0.0,0.3430517699851756,0.1488258317258002,0.0,0.0,0.0,0.1754369564169872,0.0549540844818658,0.227500404838631,0.2406596243766656,0.1214805161978007,0.2881602953683568,0.2210354028087962,0.0,0.1156011163092664,0.0,0.0,0.0,0.0,0.0,0.0682435573934852,0.0,0.0,0.0803335766419227,0.0,0.0,0.0015458236613801,0.0,0.0,0.0,0.0,0.0628754866126023,0.0,0.0,0.0,0.0,0.0,0.0,0.1271653685133753,0.0,0.0,0.0,0.0,0.0,0.0821891733313595
0.7718972428921316,0.0569602567160072,0.0,0.0,0.0,0.0,0.0,0.0,0.0,0.1498691010730698,0.0,0.0,0.0,0.0,0.0,0.6335178495022883,0.0,0.6062450236028634,0.0,0.0,0.5042804149570539,0.0,0.0,0.2199588134790445,0.4254467816420258,0.0,0.0,0.0,0.0,0.0,0.0,0.4799633936569032,0.0,0.3576282335156743,0.0,0.0,0.0,0.0,0.1686618149512723,0.0,0.1519173375760754,0.0688399044464249,0.0,0.0,0.1156011163092664,0.0,0.2948812198331177,0.0,0.0,0.0,0.4659081562777506,0.0,0.1104174760908535,0.0,0.0,0.0,0.0224171632919297,0.1757510065096867,0.0,0.0,0.3292381887404236,0.0,0.0926619042056653,0.0,0.0,0.4588278147591103,0.0,0.3098587210973969,0.4537416681749967,0.0,0.0,0.1818725935984886,0.0,0.4637104488340395,0.0,0.0
0.2401357728859833,0.6143582281982078,0.0,0.0,0.0,0.3321157401295388,0.0,0.0,0.0,0.0,0.0,0.0,0.0,0.0,0.1187519309875073,0.2610419874841745,0.0,0.4881257085727695,0.0,0.2807499971042266,0.3281105537030916,0.3293038681386284,0.2986216426121978,0.0,0.721394397083065,0.5512317395259562,0.2649608801218047,0.0,0.511153475164609,0.0,0.0,0.0696725788585456,0.1003173949860499,0.4522883406266734,0.0,0.0,0.0,0.0,0.0429473814455656,0.2363644235461608,0.2462778137102518,0.0672052144394113,0.0,0.0,0.0,0.2948812198331177,0.0,0.0,0.0,0.0,0.2908181561831653,0.3181829952600369,0.3352929373075343,0.3568701524603477,0.592031510636117,0.0,0.0,0.491697040017629,0.0,0.2530664267041619,0.3143061117551362,0.4945323877275236,0.4230896013368354,0.0,0.3908006026773993,0.2344216112849311,0.5994750301103582,0.2231885656250375,0.0,0.4626862804305447,0.6614617078080666,0.4646650501905004,0.2845151122984599,0.7780248134634807,0.0,0.3238693951718008
0.0,0.0,0.9475195349760696,0.0,0.6493290249795486,0.5994308107058562,0.0373981078320104,0.340862814633441,0.756781479931651,0.0,0.9137023591328644,0.0,0.1092488027564966,0.3551234189542906,0.0,0.0,0.0,0.0,0.8729080982635818,0.0,0.0,0.0,0.4158077373978864,0.0,0.0,0.0,0.7898334541008278,0.5135474239949551,0.2340603103221553,0.0,0.0,0.0,0.0,0.0,0.0,0.0,0.0,0.0,0.0,0.0,0.0,0.0407047126276972,0.0,0.0,0.0,0.0,0.0,0.0,0.0,0.6795090623686912,0.6094585274930617,0.1972783718035899,0.4880270908766357,0.7038957724083806,0.103055106963655,0.9329973517952516,0.2914654227130948,0.2437645287467765,0.2169535839374391,0.0,0.0,0.0,0.0,0.7920426726646052,0.0,0.0,0.0,0.6161738310254551,0.0,0.0,0.0046322800530977,0.7948637547745422,0.3607801747334951,0.1343425492733699,0.216859442892488,0.0
0.0,0.0,0.0,0.0,0.0,0.0,0.0,0.0,0.0,0.0,0.0,0.0,0.0,0.0,0.0,0.0,0.0,0.0,0.0,0.0,0.0,0.0,0.0,0.0,0.0,0.0,0.0,0.0,0.0,0.0,0.0,0.0,0.0,0.0,0.0,0.0,0.0,0.0,0.0,0.0,0.0,0.1568950021532137,0.0,0.0,0.0,0.0,0.0,0.0,0.0,0.4137603643779552,0.2457002291292296,0.0057848965901738,0.0,0.0,0.0,0.0807459762009489,0.0,0.0,0.6441189905422569,0.0,0.0,0.0,0.0,0.0,0.0,0.0,0.0,0.032272454673539,0.0,0.0,0.0,0.0,0.0,0.0,0.0,0.0
0.0,0.0,0.5807673027457381,0.0,0.5947893685542522,0.4486622863387564,0.0,0.3337894932720805,0.6005670532545603,0.0,0.5882175617008163,0.0,0.0,0.0,0.0,0.0,0.0,0.0,0.4651654488576887,0.0,0.0,0.0,0.2852565594767474,0.0,0.0,0.0,0.5814735731216961,0.0,0.0,0.0,0.0,0.0,0.0,0.0,0.0,0.0311865172600385,0.0,0.0,0.0,0.0,0.0,0.0905058204399677,0.1654122788518111,0.017938992867085,0.0,0.0,0.0,0.6795090623686912,0.4137603643779552,0.0,0.5579983516404612,0.5269689860289429,0.4978690166113874,0.6901701813402175,0.1285547278981144,0.6995195286237176,0.1682983020384953,0.2816581515696613,0.5517703908356756,0.0,0.0,0.0,0.0,0.5207960016986611,0.0,0.0,0.0,0.5290544752163246,0.0,0.0,0.0,0.5779737946568009,0.2307971124155563,0.0,0.0,0.0
0.0,0.0,0.5208928214752476,0.0,0.259377992075504,0.9552133431584862,0.177835733998548,0.4727037565142853,0.3753821896622403,0.0,0.4932247491157979,0.0,0.0462973594143583,0.0,0.0822847010691252,0.0,0.0,0.0,0.5079784077622586,0.2625725545273248,0.0,0.0,0.7638520408011129,0.0,0.0,0.0,0.8617194964641588,0.0,0.2383834735786261,0.0,0.0,0.1110230120760672,0.0,0.1897343164908483,0.0617027187628762,0.0,0.0,0.0,0.0,0.0,0.0,0.1487628676509692,0.0241492548498067,0.0,0.0,0.4659081562777506,0.2908181561831653,0.6094585274930617,0.2457002291292296,0.5579983516404612,0.0,0.3550515682271237,0.4692607332025339,0.5291081787679228,0.1338462903017028,0.675155068022749,0.1857135926275114,0.261918812174972,0.3931451346847691,0.0,0.0,0.0978274083116446,0.0,0.5012172321153042,0.0,0.0,0.0,0.8945489238650541,0.0,0.0,0.0,0.767820790434483,0.0,0.274442201126355,0.0,0.0
