0.0,0.1671270662579897,0.0,0.0,0.0,0.0,0.0,0.1659614196166416,0.0,0.2156182538874271,0.0,0.0974232545212251,0.0,0.0,0.0,0.3155434651061887,0.2678782081238308,0.3066730832024486,0.0,0.0,0.4106772457769598,0.0,0.1063876259645484,0.1890681272639642,0.2229313299172735,0.1631844284170478,0.0,0.0,0.1893814714920971,0.0,0.2872973283065702,0.2372345583651102,0.1644197542455864,0.1858479659328987,0.0,0.0,0.0,0.0231147489977342,0.1775394906867113,0.1433453086763024,0.2245090817126522,0.0,0.0,0.0,0.0,0.5097012747502543,0.1601037685456901,0.0,0.0,0.0,0.0,0.0,0.0,0.0,0.2587737670726763,0.0,0.0,0.0,0.0,0.0,0.3484588254569523,0.0,0.1798137454650122,0.0,0.0,0.3962591497395309,0.0,0.0409386247020472,0.2785877734951575,0.0,0.0816089573566174,0.0,0.0,0.0,0.0,0.0086563207962209
0.1671270662579897,0.0,0.0,0.0,0.0,0.0,0.1904917697528,0.1027153776967164,0.0,0.0,0.0,0.0,0.257635155816696,0.0,0.0216690795549996,0.1846290416516535,0.0,0.2385448398717377,0.0,0.0607084142616839,0.2767837645245027,0.4275563801435217,0.0561646088084719,0.0,0.4394245541721435,0.5468189864656645,0.0,0.0,0.2787687484007349,0.0,0.0286861633318843,0.1116444723251763,0.1755425481358787,0.3326442459531529,0.0163807783785403,0.0,0.0,0.0,0.1265638700352694,0.223268383783513,0.1161190134295271,0.0,0.0,0.0,0.0,0.0440994215235768,0.4050521423176467,0.0,0.0,0.0,0.0,0.0,0.0,0.0,0.0,0.0,0.0,0.0,0.0,0.107219908709878,0.160351268196925,0.0,0.2181755497578709,0.0,0.1962798890172817,0.1723332531661971,0.3478137604525347,0.0,0.0,0.2827396858260513,0.4146390052450894,0.0,0.0,0.2459572672261494,0.0,0.2379650052857426
0.0,0.0,0.0,0.0,0.4177005276321138,0.3867968008256289,0.0315865184493514,0.2081347844848858,0.5417720404526006,0.0,0.6070347950227294,0.0,0.1045064138950187,0.2317536782653645,0.0,0.0,0.0,0.0,0.5969766003699774,0.0,0.0,0.0,0.2862751217283847,0.0,0.0,0.0,0.5241392254745703,0.3011201622511373,0.1910637919316728,0.1195862624193538,0.0,0.0,0.0,0.0,0.0,0.0,0.0,0.0,0.0,0.0,0.0,0.0,0.0,0.0,0.0,0.0,0.0,0.6187393553768217,0.0,0.3680688485665342,0.3452781121732406,0.1040199538027827,0.2983875809724206,0.4595571876753774,0.0,0.551690827845496,0.0,0.1253089748418463,0.1061347828222065,0.0,0.0,0.0,0.0,0.5196691933167167,0.0,0.0,0.0,0.3729715792435342,0.0,0.0,0.0,0.529431980912136,0.0,0.0,0.0,0.0
0.0,0.0,0.0,0.0,0.0,0.0,0.0,0.0,0.0,0.0,0.0,0.0,0.0,0.0828986811456708,0.0,0.0,0.0,0.0,0.0,0.0,0.0,0.0,0.0,0.0,0.0,0.0,0.0,0.0,0.0,0.0,0.0,0.1790682121021024,0.0,0.0,0.1488631898930954,0.2161380773008804,0.1213338800697873,0.0,0.0,0.0,0.0,0.0,0.0,0.0,0.0,0.0,0.0,0.0,0.0,0.0,0.0,0.0,0.0,0.0,0.0,0.0,0.0,0.0,0.0,0.0,0.0,0.0,0.0,0.0,0.0,0.0,0.0,0.0,0.0,0.0,0.0,0.0,0.0,0.0,0.0,0.0
0.0,0.0,0.4177005276321138,0.0,0.0,0.1800599643361116,0.173562701547777,0.1125658483284215,0.5243220509055198,0.1626937360715869,0.5246181600987523,0.2641990173583909,0.3134388982692782,0.3170253782153178,0.0,0.0,0.0,0.0,0.3437521665015414,0.2910816746507862,0.0,0.0,0.1989636434852706,0.0,0.0,0.0,0.3058206854832457,0.3503617621373453,0.1001674347888326,0.0,0.0774879434616963,0.0,0.0,0.0,0.0,0.0,0.0,0.0,0.0,0.0,0.0,0.0,0.0562537063661871,0.0,0.0,0.0,0.0,0.421485416110525,0.0,0.0,0.1694427274264063,0.0,0.3488842796119145,0.4478608465211663,0.0,0.3858687197014692,0.0,0.0,0.0,0.0,0.0,0.0,0.0,0.3508906998015036,0.0,0.0,0.0,0.2881805686478926,0.0,0.0,0.0,0.2988264002832802,0.0,0.0,0.0,0.0
0.0,0.0,0.3867968008256289,0.0,0.1800599643361116,0.0,0.1625925662008538,0.3328436535827846,0.2759069601507672,0.0,0.3701637596965795,0.1710819762779155,0.1081626639430037,0.232559160587388,0.0731016530582457,0.3169124128045109,0.0,0.2973058393000832,0.3959818639963959,0.2400654419349538,0.0,0.0,0.5464844562428396,0.0,0.2593248460269293,0.0249352223061266,0.6186211615697733,0.0,0.2300874129639945,0.0,0.0,0.049529950458913,0.0,0.1753918709075576,0.0659742742242208,0.0,0.0,0.0,0.0,0.0,0.0,0.0594289387236324,0.0,0.0,0.0,0.0,0.0,0.3855332849406738,0.0,0.2861873477338562,0.6259249138253472,0.2028317380885371,0.3012260720602865,0.346310965646626,0.0,0.4415499486122457,0.0,0.1323728585085539,0.0,0.0270004546165687,0.0,0.0,0.0,0.3488752144319313,0.0505664974813002,0.0,0.0,0.5386361231043157,0.0,0.0,0.006706512992461,0.544134150292213,0.0,0.1406132504666485,0.0,0.0
0.0,0.1904917697528,0.0315865184493514,0.0,0.173562701547777,0.1625925662008538,0.0,0.2412561218250083,0.2272247963808398,0.4038550730699277,0.0275799469491006,0.3709457670347003,0.4109786259402871,0.0712173642853927,0.0,0.2223968899794906,0.3775918401212643,0.36258632319618,0.0197000434305397,0.0921492200708537,0.0,0.0061821700625693,0.1870499384139309,0.2293056372929965,0.2672490775129554,0.0521962741825528,0.1353186224454825,0.0,0.3682840058851676,0.0,0.2933632743749907,0.1853785916784782,0.1453515803542678,0.2259465212863083,0.0,0.0,0.0,0.0,0.0,0.0,0.0,0.0,0.1728309951926636,0.0,0.0,0.0,0.0,0.0,0.0,0.0,0.109724029763199,0.0,0.0,0.0,0.0,0.0,0.0,0.0,0.0,0.0,0.0,0.0,0.0,0.0,0.0,0.0,0.0,0.1060915689162205,0.0,0.0,0.0,0.1800663425175332,0.0,0.0,0.0,0.0
0.1659614196166416,0.1027153776967164,0.2081347844848858,0.0,0.1125658483284215,0.3328436535827846,0.2412561218250083,0.0,0.2835313334070182,0.0945271656202728,0.2422353970525746,0.0,0.2291367226139523,0.0937354622917795,0.132687152818815,0.0944079868951927,0.0,0.0871394898777895,0.2884544965815313,0.2269353435762755,0.2595941027811617,0.0386985033183292,0.4980234807479104,0.2757391568162524,0.0700586239950563,0.1741708604097468,0.280433491806773,0.141342162455505,0.1908380929921757,0.0,0.0957823654561156,0.028294744856229,0.0729387581522094,0.0300608043591648,0.0,0.0,0.0,0.0,0.0535600709898596,0.0,0.0944773807185166,0.0,0.0879759705597285,0.0,0.0,0.0,0.0,0.2269487814832806,0.0,0.2196101142801979,0.3112518822504488,0.2327884116153797,0.5105517290710714,0.3330409297620749,0.0,0.3116113445687252,0.0,0.2107826193298566,0.0862711972959607,0.095736816746974,0.0,0.0,0.0,0.3445446981507811,0.109164449599709,0.181237354811091,0.0562823068670391,0.4278569214302631,0.0,0.0,0.0,0.3400644812051118,0.0696025307452594,0.1261778676568413,0.0,0.0
0.0,0.0,0.5417720404526006,0.0,0.5243220509055198,0.2759069601507672,0.2272247963808398,0.2835313334070182,0.0,0.1801491182713996,0.5575005830548257,0.374951163656506,0.3650878568702906,0.2627575999056852,0.0,0.0,0.0,0.0,0.4689296756954084,0.4937864771634256,0.0,0.065382066770276,0.3076113630514357,0.0,0.0,0.0284134275042086,0.3932400270073092,0.3471743130909229,0.2677188775024414,0.1012012496508832,0.1410286674023799,0.0,0.0366305037904012,0.0,0.0,0.0,0.0,0.0,0.0,0.0,0.0,0.0,0.0211270826346574,0.0,0.0,0.0,0.0,0.4924795974850525,0.0,0.3841240970216667,0.2413552772951763,0.3124300548384596,0.4670286968711701,0.6065958042027625,0.0,0.4658417648454502,0.0,0.2890312285597837,0.0119275592555394,0.0,0.0,0.0,0.0,0.485031330310717,0.0,0.0,0.0,0.36243770192233,0.0,0.0,0.0,0.4754094322724336,0.0,0.0,0.0,0.0
0.2156182538874271,0.0,0.0,0.0,0.1626937360715869,0.0,0.4038550730699277,0.0945271656202728,0.1801491182713996,0.0,0.0,0.4897241191485075,0.4894548464003871,0.0,0.0,0.0613308190094949,0.387287685460745,0.3122650191357528,0.0,0.0,0.3068645063271222,0.1071695673537597,0.0322111680681095,0.4100157664187656,0.2663197630313542,0.2909470681687369,0.0,0.0822616525942568,0.0,0.0,0.3370424652035923,0.026380044915918,0.2915344055304486,0.0723564521457587,0.0,0.0,0.0,0.0,0.1354411174031945,0.4299180410610718,0.209503849252066,0.0,0.0,0.0,0.0177160472477983,0.0953344193349235,0.0,0.0,0.0,0.0,0.0,0.0,0.0,0.0,0.4983901180845987,0.0,0.4013505444211769,0.3793484267694396,0.0,0.0,0.2757618727996135,0.4951939184345263,0.265251156614644,0.0,0.0,0.0,0.0,0.0,0.3486084601324309,0.2293024419148716,0.2423886130725208,0.0,0.2815741128966941,0.0,0.0,0.3542484660731387
0.0,0.0,0.6070347950227294,0.0,0.5246181600987523,0.3701637596965795,0.0275799469491006,0.2422353970525746,0.5575005830548257,0.0,0.0,0.2224215797055921,0.1740088381889255,0.2804769681700106,0.0,0.0,0.0,0.0,0.5778402935729564,0.0,0.0,0.0,0.320456668075476,0.1143344673339314,0.0,0.0,0.490879362841449,0.319757510953181,0.0,0.0,0.0,0.0,0.0,0.0,0.0,0.0,0.0,0.0,0.0,0.0,0.0,0.0,0.0,0.0,0.0,0.0,0.0,0.5940659548326631,0.0,0.3736172901506018,0.3292138673909044,0.1441939763798706,0.3797877549566518,0.4633964023068046,0.0,0.5832854474565605,0.0,0.1419434616255264,0.0318310359913305,0.0,0.0,0.0,0.0,0.5117444714140177,0.0,0.0,0.0,0.4095960534237049,0.0,0.0,0.0,0.4953572360030499,0.0,0.0,0.0,0.0
0.0974232545212251,0.0,0.0,0.0,0.2641990173583909,0.1710819762779155,0.3709457670347003,0.0,0.374951163656506,0.4897241191485075,0.2224215797055921,0.0,0.484040732996479,0.0,0.0,0.0,0.4200242748238512,0.3166090224055513,0.0,0.0,0.2437511071269391,0.0,0.315236408743397,0.5129075660273419,0.2763827659431155,0.3747550286336584,0.0,0.0910187370118886,0.0,0.0,0.1184453776486753,0.0,0.0770434922059547,0.1034261475908057,0.0,0.0,0.0,0.0,0.1075121573764882,0.2750049072663701,0.0806212392954387,0.0,0.0,0.0,0.0,0.0,0.0,0.0,0.0,0.0,0.0,0.0,0.0,0.0,0.4399455085344584,0.0,0.5934272249520867,0.0,0.0,0.0,0.0,0.5452290614623027,0.1608868034238277,0.0,0.0,0.0,0.0,0.0,0.3613271642477191,0.0852179573183619,0.3223168865796711,0.0,0.260869657482507,0.0,0.0,0.1833561571313419
0.0,0.257635155816696,0.1045064138950187,0.0,0.3134388982692782,0.1081626639430037,0.4109786259402871,0.2291367226139523,0.3650878568702906,0.4894548464003871,0.1740088381889255,0.484040732996479,0.0,0.0088720494078081,0.0599458944569358,0.0616388711066524,0.3089557204493247,0.2358003831976626,0.1195940268677301,0.1866825060517334,0.2130737067671325,0.1284923455264526,0.1959486421945714,0.4121654598477606,0.1919182948447469,0.268324010854972,0.1045605474333838,0.2689999914902106,0.3149502342164519,0.119643714465991,0.202374603112263,0.0,0.1581744499121794,0.0800801659592077,0.0,0.0,0.0,0.0,0.1170541414155307,0.0,0.0671703971356127,0.0,0.2304598399599002,0.0,0.0,0.0,0.0,0.0598065973276993,0.0,0.0,0.0251103932446132,0.0,0.3721539737112118,0.0,0.0,0.0,0.0,0.0,0.0,0.0,0.0,0.0,0.0,0.0,0.2711016255249394,0.0,0.0,0.1173034732515203,0.0,0.0,0.0,0.1841607197006377,0.0,0.3127773610063942,0.0,0.0
0.0,0.0,0.2317536782653645,0.0828986811456708,0.3170253782153178,0.232559160587388,0.0712173642853927,0.0937354622917795,0.2627575999056852,0.0,0.2804769681700106,0.0,0.0088720494078081,0.0,0.0,0.0,0.0,0.0,0.169454422157023,0.0,0.0,0.0,0.1475062282983623,0.0,0.0,0.0,0.2727123479487087,0.0287238672351754,0.0,0.0,0.0,0.1077979213159573,0.0,0.0,0.0,0.0,0.0,0.0,0.0118443740210164,0.0,0.0,0.0,0.0078276903780108,0.0,0.0,0.0,0.0,0.2255658226051185,0.0,0.0,0.0,0.0,0.0,0.243380627564596,0.0,0.2277612245197409,0.0,0.0,0.0,0.0,0.0,0.0,0.0,0.1161549819626719,0.0,0.0,0.0,0.2393229568872768,0.0,0.0,0.0,0.2012213222376526,0.0,0.0,0.0,0.0
0.0,0.0216690795549996,0.0,0.0,0.0,0.0731016530582457,0.0,0.132687152818815,0.0,0.0,0.0,0.0,0.0599458944569358,0.0,0.0,0.0,0.0,0.0,0.0,0.5191907803328281,0.1824695138941496,0.3401915929019611,0.1262425877933911,0.0,0.0,0.0258872511694082,0.1950441144172112,0.2782948596616085,0.3116532219940022,0.1520485098387311,0.2247666996990136,0.0,0.1305802445811227,0.0,0.0,0.0,0.0,0.0,0.0,0.1010149009530147,0.0,0.0,0.0,0.0,0.0,0.0,0.067380732167359,0.0,0.0,0.0,0.0523308765780667,0.0,0.1951566893825435,0.0,0.0,0.0,0.0,0.0,0.0,0.5147912159862307,0.0845830918637569,0.0,0.0,0.0,0.4255776564359942,0.1615876964372488,0.3493744422199307,0.1729539400120381,0.0,0.0441601431123823,0.0782270673611489,0.2941289420495575,0.2065596988192659,0.1457848354344839,0.0,0.1821003682865967
0.3155434651061887,0.1846290416516535,0.0,0.0,0.0,0.3169124128045109,0.2223968899794906,0.0944079868951927,0.0,0.0613308190094949,0.0,0.0,0.0616388711066524,0.0,0.0,0.0,0.4042403440695121,0.5237012870777868,0.0,0.0,0.2149728830747144,0.0537496958376033,0.2994013274752956,0.0430624373483918,0.2845532223128862,0.0995338989138837,0.155292665585458,0.0,0.3539964933517813,0.0,0.1086866583412868,0.3043595908361682,0.0,0.2278916527551893,0.0817697897342153,0.0,0.0,0.0,0.1690143130482107,0.0,0.0,0.0,0.0,0.0,0.0,0.426887317542555,0.1654897436233674,0.0,0.0,0.0,0.0,0.0,0.0,0.0,0.0,0.0,0.0,0.0,0.0,0.0,0.1319251696787874,0.0,0.0584991620425245,0.0,0.0,0.1450284329412189,0.0,0.0,0.0,0.0,0.0,0.1110897495485318,0.0,0.0,0.0,0.0
0.2678782081238308,0.0,0.0,0.0,0.0,0.0,0.3775918401212643,0.0,0.0,0.387287685460745,0.0,0.4200242748238512,0.3089557204493247,0.0,0.0,0.4042403440695121,0.0,0.5895362835395429,0.0,0.0,0.0,0.0,0.0,0.3758521378879977,0.4357306284233504,0.2831163496064979,0.0,0.0,0.2213355688218594,0.0,0.0418659359566276,0.1834068114488115,0.0,0.2228594661567713,0.0,0.0,0.0,0.0,0.1712503310284447,0.1107612132983163,0.1160009624850539,0.0,0.0,0.0,0.0,0.0,0.0,0.0,0.0,0.0,0.0,0.0,0.0,0.0,0.4005057620799429,0.0,0.3654279118390779,0.0,0.0,0.0,0.0,0.4314593164472463,0.0940854990687934,0.0,0.0,0.0,0.0,0.0,0.3518782019692404,0.0,0.1691629352722068,0.0,0.0,0.0,0.0,0.0
0.3066730832024486,0.2385448398717377,0.0,0.0,0.0,0.2973058393000832,0.36258632319618,0.0871394898777895,0.0,0.3122650191357528,0.0,0.3166090224055513,0.2358003831976626,0.0,0.0,0.5237012870777868,0.5895362835395429,0.0,0.0,0.0,0.1887130131653899,0.0320720459184359,0.2712821237236834,0.2450889416291853,0.4568272694204843,0.2003155835035404,0.1896355646510603,0.0,0.3591403848086473,0.0,0.0656838974951152,0.2115811128481964,0.0,0.2843935065725874,0.0,0.0,0.0,0.0,0.1701145489679543,0.049470203412905,0.0772641411705858,0.0,0.0,0.0,0.0,0.4174200324176279,0.3229180808637947,0.0,0.0,0.0,0.0,0.0,0.0,0.0,0.3630399927336647,0.0,0.2431439884352217,0.0,0.0,0.0,0.14255709068695,0.3694875980838282,0.1580213994291608,0.0,0.0,0.0,0.1229550162193152,0.0,0.3013312314032123,0.0,0.0846046442781349,0.0,0.0,0.0,0.0,0.0
0.0,0.0,0.5969766003699774,0.0,0.3437521665015414,0.3959818639963959,0.0197000434305397,0.2884544965815313,0.4689296756954084,0.0,0.5778402935729564,0.0,0.1195940268677301,0.169454422157023,0.0,0.0,0.0,0.0,0.0,0.0,0.0,0.0,0.3256602194314992,0.0,0.0,0.0,0.492688083893719,0.3093266272384005,0.0,0.0,0.0,0.0,0.0,0.0450375590310433,0.0,0.0,0.0,0.0,0.0,0.0,0.0,0.0,0.0,0.0,0.0,0.0,0.0,0.5632512726022084,0.0,0.287838564714057,0.3363795035555889,0.0630761254975714,0.3028837956132575,0.3822006692462442,0.0,0.5463934858010012,0.0,0.0,0.0339017530574484,0.0,0.0,0.0,0.0,0.5750210118750665,0.0,0.0,0.0,0.3563395172897842,0.0,0.0,0.0,0.4937680036154975,0.0,0.0,0.0,0.0
0.0,0.0607084142616839,0.0,0.0,0.2910816746507862,0.2400654419349538,0.0921492200708537,0.2269353435762755,0.4937864771634256,0.0,0.0,0.0,0.1866825060517334,0.0,0.5191907803328281,0.0,0.0,0.0,0.0,0.0,0.1385676273641576,0.4087530639847066,0.2004875844446445,0.0,0.0,0.0678641866315418,0.3567628836486638,0.394785506235688,0.376269562144127,0.2721382217884766,0.2206018299321983,0.0,0.0562087873561409,0.0,0.0,0.0,0.0,0.0,0.0,0.0457026657893516,0.0,0.0,0.0,0.0,0.0,0.0,0.1857204602373074,0.0,0.0,0.0,0.1788783635447157,0.0,0.2921818980679045,0.0,0.0,0.0,0.0,0.1527023735776827,0.0,0.5234095141730429,0.0,0.0,0.0,0.0,0.5777044907896511,0.0885464400730292,0.4487288956317687,0.2421253385780982,0.0,0.0,0.1339543192557521,0.454120826129113,0.3343096563564164,0.2245548934110101,0.0,0.1693242320880244
0.4106772457769598,0.2767837645245027,0.0,0.0,0.0,0.0,0.0,0.2595941027811617,0.0,0.3068645063271222,0.0,0.2437511071269391,0.2130737067671325,0.0,0.1824695138941496,0.2149728830747144,0.0,0.1887130131653899,0.0,0.1385676273641576,0.0,0.133456843755367,0.1418509271361887,0.1928645571426442,0.166170368284635,0.1500243795829247,0.0,0.0,0.3994378249525817,0.0,0.4212211470792046,0.2239473282319999,0.2845003140651063,0.1726990665926095,0.0,0.0,0.0,0.0,0.1718638243307559,0.3188712526668475,0.175220834003088,0.0,0.0,0.0,0.0,0.3392181885651339,0.2117685511349279,0.0,0.0,0.0,0.0,0.0,0.2357700366500886,0.0,0.0,0.0,0.0,0.0,0.0,0.1001437765761406,0.245491598757458,0.0,0.0,0.0,0.0813392949398576,0.6092068308194772,0.1725259947028668,0.0756859370250123,0.0,0.0,0.0858662215170326,0.1050215915324847,-0.0077163715302475,0.3336939987334115,0.0,0.1434631606750867
0.0,0.4275563801435217,0.0,0.0,0.0,0.0,0.0061821700625693,0.0386985033183292,0.065382066770276,0.1071695673537597,0.0,0.0,0.1284923455264526,0.0,0.3401915929019611,0.0537496958376033,0.0,0.0320720459184359,0.0,0.4087530639847066,0.133456843755367,0.0,0.0,0.0,0.1589176079174674,0.3168270118044973,0.0485367879309527,0.1978908757838531,0.3234766866988699,0.3406105382635206,0.1566290147584377,0.0,0.1426358999581878,0.1939895460725471,0.0703802273199657,0.0,0.0729272434407613,0.0,0.0,0.078868198538777,0.0293854453559776,0.0,0.0,0.0,0.0,0.0,0.212149747296872,0.0,0.0,0.0,0.0,0.0,0.0,0.0,0.0,0.0,0.0,0.0,0.0,0.3761145697823624,0.1085402930452554,0.0,0.169006902587314,0.0,0.4410046797964765,0.0253059279122008,0.503378868278429,0.0,0.0,0.2448520280669118,0.2253006344290302,0.1315987778690432,0.2912745880438134,0.1357069001554134,0.0,0.297527127754461
0.1063876259645484,0.0561646088084719,0.2862751217283847,0.0,0.1989636434852706,0.5464844562428396,0.1870499384139309,0.4980234807479104,0.3076113630514357,0.0322111680681095,0.320456668075476,0.315236408743397,0.1959486421945714,0.1475062282983623,0.1262425877933911,0.2994013274752956,0.0,0.2712821237236834,0.3256602194314992,0.2004875844446445,0.1418509271361887,0.0,0.0,0.2577815634272929,0.165124496546152,0.1883033703290141,0.4337503621907772,0.03074312706282,0.2755053033784935,0.0,0.0,0.0808452838216263,0.0,0.0729180352315391,0.0,0.0,0.0,0.0,0.1160613813474716,0.0,0.0,0.0,0.0,0.0,0.0,0.0,0.1939433085395271,0.2687084095688525,0.0,0.1804346681926464,0.4998741089058273,0.2347204567166896,0.4703174491868525,0.3453337480037213,0.0,0.3266652450174594,0.0,0.2005325209676493,0.0,0.0264932936375668,0.0,0.0,0.0,0.3601501346366853,0.044642300687502,0.0920217637575931,0.0,0.6012893839776899,0.0,0.0,0.1251963472804416,0.444073890573864,0.0,0.1694398997458868,0.0,0.0
0.1890681272639642,0.0,0.0,0.0,0.0,0.0,0.2293056372929965,0.2757391568162524,0.0,0.4100157664187656,0.1143344673339314,0.5129075660273419,0.4121654598477606,0.0,0.0,0.0430624373483918,0.3758521378879977,0.2450889416291853,0.0,0.0,0.1928645571426442,0.0,0.2577815634272929,0.0,0.2869441994391143,0.4227642464779465,0.0554671394622881,0.1269988600508403,0.0,0.0,0.1396523798499853,0.023407006385147,0.045242854193446,0.0389072704558145,0.0,0.0,0.0,0.0,0.1132025832743566,0.1841226143411625,0.0865663535164544,0.0,0.0,0.0,0.0,0.143428402321045,0.2699313598452413,0.0,0.0,0.0,0.0,0.0,0.0,0.0,0.423767937099593,0.0,0.5269280513506175,0.0,0.0,0.0,0.1049281612622689,0.4537866192528148,0.2599149880591727,0.0,0.0,0.0,0.0,0.0,0.5424107835986491,0.1814627642774325,0.4355445136240256,0.0,0.3026773685750061,0.0,0.0,0.2190600892414325
0.2229313299172735,0.4394245541721435,0.0,0.0,0.0,0.2593248460269293,0.2672490775129554,0.0700586239950563,0.0,0.2663197630313542,0.0,0.2763827659431155,0.1919182948447469,0.0,0.0,0.2845532223128862,0.4357306284233504,0.4568272694204843,0.0,0.0,0.166170368284635,0.1589176079174674,0.165124496546152,0.2869441994391143,0.0,0.4095705694817687,0.1607893254692488,0.0,0.2558435110504241,0.0,0.0,0.1362431407710837,0.0,0.3620192930944412,0.0547189965440064,0.0,0.0,0.0,0.0591799891010872,0.0,0.1268759445777896,0.0473490047397626,0.0,0.0,0.0214437579088068,0.2873437776724433,0.4748257696967058,0.0,0.0,0.0,0.0,0.0,0.0,0.0,0.3142909535911422,0.0,0.2514344869988252,0.0,0.0,0.0,0.0857368841817512,0.2257128326783035,0.1283558425329396,0.0,0.1153681645730287,0.062197107781812,0.23012324450639,0.0,0.2777112519952149,0.2837677980042866,0.3638622811180017,0.0,0.0,0.375895021388311,0.0,0.0737384187138474
0.1631844284170478,0.5468189864656645,0.0,0.0,0.0,0.0249352223061266,0.0521962741825528,0.1741708604097468,0.0284134275042086,0.2909470681687369,0.0,0.3747550286336584,0.268324010854972,0.0,0.0258872511694082,0.0995338989138837,0.2831163496064979,0.2003155835035404,0.0,0.0678641866315418,0.1500243795829247,0.3168270118044973,0.1883033703290141,0.4227642464779465,0.4095705694817687,0.0,0.0,0.0,0.2035260831370677,0.0,0.0,0.0343572171894252,0.1205818839168897,0.1917639028448493,0.0,0.0,0.0,0.0,0.1548070425728827,0.200672434847045,0.1139437158130579,0.0,0.0,0.0,0.0,0.0,0.359430558231764,0.0,0.0,0.0,0.0,0.0,0.0,0.0,0.1919317483785284,0.0,0.3488056212889607,0.0,0.0,0.1229906796384011,0.1328650516975106,0.2776427978165833,0.3249182953485114,0.0,0.2288584888849499,0.0797160721699965,0.305826224007078,0.0,0.279322114427347,0.3117323336586189,0.560453504906264,0.0,0.0,0.215228463718491,0.0,0.2777923108234176
0.0,0.0,0.5241392254745703,0.0,0.3058206854832457,0.6186211615697733,0.1353186224454825,0.280433491806773,0.3932400270073092,0.0,0.490879362841449,0.0,0.1045605474333838,0.2727123479487087,0.1950441144172112,0.155292665585458,0.0,0.1896355646510603,0.492688083893719,0.3567628836486638,0.0,0.0485367879309527,0.4337503621907772,0.0554671394622881,0.1607893254692488,0.0,0.0,0.0953766497241749,0.1826958370631231,0.0,0.0,0.0,0.0,0.1227967829614832,0.0336985357038766,0.0,0.0,0.0,0.0,0.0,0.0,0.0557565530465737,0.0,0.0,0.0,0.0,0.1751189778616348,0.5087392199481304,0.0,0.3717725553129465,0.5754323437788441,0.2060699606915758,0.2901759525647406,0.4264458993012248,0.0,0.5353659571709637,0.0,0.0812718636530795,0.2351332611834206,0.1713495883993551,0.0,0.0,0.0,0.4074481730651541,0.2145914151318231,0.0,0.0978456604627718,0.4815511035337926,0.0,0.0,0.0,0.6095953385122106,0.0097757319607834,0.1208896943548971,0.0,0.0
0.0,0.0,0.3011201622511373,0.0,0.3503617621373453,0.0,0.0,0.141342162455505,0.3471743130909229,0.0822616525942568,0.319757510953181,0.0910187370118886,0.2689999914902106,0.0287238672351754,0.2782948596616085,0.0,0.0,0.0,0.3093266272384005,0.394785506235688,0.0,0.1978908757838531,0.03074312706282,0.1269988600508403,0.0,0.0,0.0953766497241749,0.0,0.1987277510669125,0.4461133684290184,0.3122486846118332,0.0,0.1051867019240297,0.0,0.0,0.1148039755849447,0.0669856234006045,0.04246749450686,0.0,0.0743698178261987,0.0,0.0,0.0862924105336654,0.0,0.0,0.0,0.0,0.3375506778632887,0.0,0.0,0.0,0.0,0.259821451416296,0.0,0.0,0.0,0.1247991135799524,0.0,0.0,0.2662582362039763,0.0,0.0,0.0,0.0,0.3392030501807803,0.0104226277716749,0.2123155037925745,0.1200468189974388,0.0,0.0,0.0,0.1390479316739597,0.4840922744187552,0.0498451237816071,0.0,0.1834064864236854
0.1893814714920971,0.2787687484007349,0.1910637919316728,0.0,0.1001674347888326,0.2300874129639945,0.3682840058851676,0.1908380929921757,0.2677188775024414,0.0,0.0,0.0,0.3149502342164519,0.0,0.3116532219940022,0.3539964933517813,0.2213355688218594,0.3591403848086473,0.0,0.376269562144127,0.3994378249525817,0.3234766866988699,0.2755053033784935,0.0,0.2558435110504241,0.2035260831370677,0.1826958370631231,0.1987277510669125,0.0,0.1765716648346783,0.3663848754106389,0.1586631537487556,0.1487687408813495,0.1874722770299365,0.0,0.0,0.0,0.0,0.1034402791681007,0.0,0.0487476689956381,0.0,0.0920764184983584,0.0,0.0,0.0,0.3471085719054406,0.0,0.0,0.0,0.1543011763931084,0.0,0.2556371557847706,0.0,0.0,0.0,0.0,0.3327792522201,0.0,0.2516919299432394,0.0,0.0,0.0,0.0,0.3044977350916796,0.368842454143463,0.3764331985472076,0.2154471022149767,0.0,0.0,0.1700184755373914,0.2746032223650106,0.231474238849258,0.4587822180954358,0.2318817226172615,0.1811297891061874
0.0,0.0,0.1195862624193538,0.0,0.0,0.0,0.0,0.0,0.1012012496508832,0.0,0.0,0.0,0.119643714465991,0.0,0.1520485098387311,0.0,0.0,0.0,0.0,0.2721382217884766,0.0,0.3406105382635206,0.0,0.0,0.0,0.0,0.0,0.4461133684290184,0.1765716648346783,0.0,0.2852425054198094,0.0,0.1631762407787739,0.0,0.0,0.0,0.0,0.0,0.0,0.0,0.0,0.0,0.0,0.0,0.0,0.0,0.0,0.0,0.0,0.0,0.0,0.0,0.0,0.0,0.0,0.0,0.0,0.0,0.0,0.0,0.0,0.0,0.0,0.0,0.3318673031573231,0.0,0.0,0.0,0.0,0.0,0.0,0.0,0.0,0.0230841002134437,0.0,0.0
0.2872973283065702,0.0286861633318843,0.0,0.0,0.0774879434616963,0.0,0.2933632743749907,0.0957823654561156,0.1410286674023799,0.3370424652035923,0.0,0.1184453776486753,0.202374603112263,0.0,0.2247666996990136,0.1086866583412868,0.0418659359566276,0.0656838974951152,0.0,0.2206018299321983,0.4212211470792046,0.1566290147584377,0.0,0.1396523798499853,0.0,0.0,0.0,0.3122486846118332,0.3663848754106389,0.2852425054198094,0.0,0.0795031736158487,0.3755920132277562,0.0,0.0,0.0,0.0,0.0742860453699339,0.0670981258631185,0.3209195479465542,0.1333571360146387,0.0,0.0,0.0,0.0,0.1740799107554482,0.0,0.0,0.0,0.0,0.0,0.0,0.1550616764322812,0.0,0.3059417907601879,0.0,0.0341732316774092,0.0,0.0,0.1639504250528015,0.3631600057955756,0.2315743330532449,0.20804970178472,0.0,0.1659547396054632,0.4643046621359331,0.2085492414613604,0.0,0.2136932402883556,0.0616270179587086,0.0,0.0,0.2448796573071879,0.2561111028821321,0.0,0.2746871834184686
0.2372345583651102,0.1116444723251763,0.0,0.1790682121021024,0.0,0.049529950458913,0.1853785916784782,0.028294744856229,0.0,0.026380044915918,0.0,0.0,0.0,0.1077979213159573,0.0,0.3043595908361682,0.1834068114488115,0.2115811128481964,0.0,0.0,0.2239473282319999,0.0,0.0808452838216263,0.023407006385147,0.1362431407710837,0.0343572171894252,0.0,0.0,0.1586631537487556,0.0,0.0795031736158487,0.0,0.0073267767100821,0.0802976346667788,0.0970552551512113,0.0,0.0,0.0,0.2760062339654606,0.0,0.0221285916514731,0.0,0.0398554957318272,0.0967016481550757,0.0,0.3232642071525126,0.0380083366355894,0.0,0.0,0.0,0.0663179964694258,0.0976628477593272,0.0105937507389401,0.0,0.1178739450709371,0.0,0.0,0.0262841928032287,0.0,0.0,0.1383809962237021,0.0365623769802011,0.0,0.0,0.0,0.2162439896771154,0.0,0.0501653206147279,0.0880016145871065,0.0,0.0,0.0,0.0,0.1154115296973983,0.0,0.0
0.1644197542455864,0.1755425481358787,0.0,0.0,0.0,0.0,0.1453515803542678,0.0729387581522094,0.0366305037904012,0.2915344055304486,0.0,0.0770434922059547,0.1581744499121794,0.0,0.1305802445811227,0.0,0.0,0.0,0.0,0.0562087873561409,0.2845003140651063,0.1426358999581878,0.0,0.045242854193446,0.0,0.1205818839168897,0.0,0.1051867019240297,0.1487687408813495,0.1631762407787739,0.3755920132277562,0.0073267767100821,0.0,0.0,0.0,0.0,0.0693476121311628,0.1171425474294165,0.1262245471244266,0.4292858836587739,0.2170202192558415,0.0,0.0,0.0,0.2267043320881004,0.0,0.0591735328515019,0.0,0.0,0.0,0.0,0.0,0.0,0.0,0.1765119160088154,0.0,0.0,0.0,0.0,0.0963590450828269,0.3670283949664838,0.1332333602650051,0.2563814783179489,0.0,0.1285846614525186,0.3759515087114762,0.2174060400813689,0.0,0.033787561770679,0.179314827808219,0.1379152389170058,0.0,0.1278705825741183,0.1680127577068942,0.0,0.3876331976438922
0.1858479659328987,0.3326442459531529,0.0,0.0,0.0,0.1753918709075576,0.2259465212863083,0.0300608043591648,0.0,0.0723564521457587,0.0,0.1034261475908057,0.0800801659592077,0.0,0.0,0.2278916527551893,0.2228594661567713,0.2843935065725874,0.0450375590310433,0.0,0.1726990665926095,0.1939895460725471,0.0729180352315391,0.0389072704558145,0.3620192930944412,0.1917639028448493,0.1227967829614832,0.0,0.1874722770299365,0.0,0.0,0.0802976346667788,0.0,0.0,0.1462481120243094,0.0,0.0,0.0,0.0304626527234518,0.0,0.1078419148130188,0.0,0.1120790042427894,0.1146436948539429,0.1025100839429769,0.2386286791117582,0.315470358344394,0.0,0.0,0.0,0.1254587459599114,0.0,0.0,0.0,0.1713653773735964,0.0,0.0345536130459019,0.0947260695811615,0.0,0.0,0.0615263779406124,0.1201076743657833,0.0360401185313432,0.0,0.0276534963820736,0.1099778605552377,0.1716296870622645,0.0,0.0688106401526136,0.0885458934684917,0.1280156631172327,0.1715626887876892,0.0,0.2525061789100303,0.0,0.0
0.0,0.0163807783785403,0.0,0.1488631898930954,0.0,0.0659742742242208,0.0,0.0,0.0,0.0,0.0,0.0,0.0,0.0,0.0,0.0817697897342153,0.0,0.0,0.0,0.0,0.0,0.0703802273199657,0.0,0.0,0.0547189965440064,0.0,0.0336985357038766,0.0,0.0,0.0,0.0,0.0970552551512113,0.0,0.1462481120243094,0.0,0.2240032858132992,0.1425747263690672,0.0830017999327534,0.0,0.0,0.0,0.0532596783352087,0.0262106809365567,0.0,0.0,0.0,0.0,0.0,0.0,0.0,0.0,0.0,0.0,0.0,0.0,0.0,0.0,0.0,0.0,0.0,0.0,0.0,0.0,0.0,0.0,0.0,0.0,0.0,0.0,0.0013744286171441,0.0,0.0,0.0,0.0,0.0,0.0
0.0,0.0,0.0,0.2161380773008804,0.0,0.0,0.0,0.0,0.0,0.0,0.0,0.0,0.0,0.0,0.0,0.0,0.0,0.0,0.0,0.0,0.0,0.0,0.0,0.0,0.0,0.0,0.0,0.1148039755849447,0.0,0.0,0.0,0.0,0.0,0.0,0.2240032858132992,0.0,0.424716737684215,0.2612058089128247,0.0,0.0,0.0,0.0525964274134884,0.0363400019544924,0.0,0.0,0.0,0.0,0.0,0.0,0.015401474060964,0.0,0.0,0.0,0.0,0.0,0.0,0.0,0.0,0.0391396668650096,0.0,0.0,0.0,0.0,0.0,0.0,0.0,0.0,0.0,0.0,0.0,0.0,0.0,0.0420197930629355,0.0,0.0,0.0
0.0,0.0,0.0,0.1213338800697873,0.0,0.0,0.0,0.0,0.0,0.0,0.0,0.0,0.0,0.0,0.0,0.0,0.0,0.0,0.0,0.0,0.0,0.0729272434407613,0.0,0.0,0.0,0.0,0.0,0.0669856234006045,0.0,0.0,0.0,0.0,0.0693476121311628,0.0,0.1425747263690672,0.424716737684215,0.0,0.1492741689165296,0.0,0.0,0.0,0.0270875977952889,0.0,0.0,0.0,0.0,0.0,0.0,0.0,0.0,0.0,0.0,0.0,0.0,0.0,0.0,0.0,0.0,0.0,0.0,0.0,0.0,0.0,0.0,0.0,0.0,0.0,0.0,0.0,0.0,0.0,0.0,0.0,0.0,0.0,0.0
0.0231147489977342,0.0,0.0,0.0,0.0,0.0,0.0,0.0,0.0,0.0,0.0,0.0,0.0,0.0,0.0,0.0,0.0,0.0,0.0,0.0,0.0,0.0,0.0,0.0,0.0,0.0,0.0,0.04246749450686,0.0,0.0,0.0742860453699339,0.0,0.1171425474294165,0.0,0.0830017999327534,0.2612058089128247,0.1492741689165296,0.0,0.0,0.0,0.0,0.0,0.0,0.0,0.1260454795284516,0.0,0.0,0.0,0.0,0.0,0.0,0.0,0.0,0.0,0.0,0.0,0.0,0.0,0.0,0.0,0.0,0.0,0.0,0.0,0.0,0.0,0.0,0.0,0.0,0.0,0.0,0.0,0.0,0.0,0.0,0.0
0.1775394906867113,0.1265638700352694,0.0,0.0,0.0,0.0,0.0,0.0535600709898596,0.0,0.1354411174031945,0.0,0.1075121573764882,0.1170541414155307,0.0118443740210164,0.0,0.1690143130482107,0.1712503310284447,0.1701145489679543,0.0,0.0,0.1718638243307559,0.0,0.1160613813474716,0.1132025832743566,0.0591799891010872,0.1548070425728827,0.0,0.0,0.1034402791681007,0.0,0.0670981258631185,0.2760062339654606,0.1262245471244266,0.0304626527234518,0.0,0.0,0.0,0.0,0.0,0.2119629159942264,0.0939641240130019,0.0302795964520553,0.0535733522404116,0.1293543728851572,0.0377442534253728,0.1108908188100607,0.0289955031335945,0.0,0.0,0.0,0.0,0.0969186111329457,0.0973422610569876,0.0,0.0899280216922136,0.0,0.0814796497105075,0.015647368255142,0.0,0.0,0.1396662226305355,0.1279370949638787,0.1179405740896428,0.0,0.0,0.2015177833139363,0.0,0.0512218799261216,0.0861384947625101,0.0,0.0606927966386381,0.0,0.0,0.0562488157300296,0.0,0.0723504917959822
0.1433453086763024,0.223268383783513,0.0,0.0,0.0,0.0,0.0,0.0,0.0,0.4299180410610718,0.0,0.2750049072663701,0.0,0.0,0.1010149009530147,0.0,0.1107612132983163,0.049470203412905,0.0,0.0457026657893516,0.3188712526668475,0.078868198538777,0.0,0.1841226143411625,0.0,0.200672434847045,0.0,0.0743698178261987,0.0,0.0,0.3209195479465542,0.0,0.4292858836587739,0.0,0.0,0.0,0.0,0.0,0.2119629159942264,0.0,0.2187680309302054,0.0,0.1550845351066724,0.3409151902552221,0.1511708608970645,0.0,0.1502432220163372,0.0,0.0,0.0,0.0,0.1955364896945997,0.1794314049796932,0.132606750225766,0.284282689052226,0.0,0.2132247372200162,0.2025329408389896,0.0,0.0784502631647829,0.2792560667412455,0.3218640401833608,0.2757209010530416,0.0,0.1620137820143821,0.4236324864317551,0.2607954353478501,0.0,0.0917554577897005,0.1515752492444693,0.1763562768402779,0.0,0.1563596982789002,0.1781763622234877,0.2573284519042862,0.4189893009059317
0.2245090817126522,0.1161190134295271,0.0,0.0,0.0,0.0,0.0,0.0944773807185166,0.0,0.209503849252066,0.0,0.0806212392954387,0.0671703971356127,0.0,0.0,0.0,0.1160009624850539,0.0772641411705858,0.0,0.0,0.175220834003088,0.0293854453559776,0.0,0.0865663535164544,0.1268759445777896,0.1139437158130579,0.0,0.0,0.0487476689956381,0.0,0.1333571360146387,0.0221285916514731,0.2170202192558415,0.1078419148130188,0.0,0.0,0.0,0.0,0.0939641240130019,0.2187680309302054,0.0,0.0509009693904337,0.2669480240763432,0.1713974519363596,0.1625066261325823,0.1053162638700549,0.1659382025125281,0.0,0.0,0.0,0.0,0.1166825408271164,0.0,0.0698693571320617,0.2278310959252358,0.0,0.0721745511802066,0.1198491121068078,-0.0007759213706008,0.0292156769647551,0.2239661896231224,0.1432827131087707,0.234867413810079,0.0,0.0645123573115746,0.2449245058649079,0.1603114993835007,0.0,0.1000776827212134,0.2102086239030279,0.1606556552686227,0.0,0.0536551644889494,0.2259904842907951,0.0657342815341918,0.1835691721725115
0.0,0.0,0.0,0.0,0.0,0.0594289387236324,0.0,0.0,0.0,0.0,0.0,0.0,0.0,0.0,0.0,0.0,0.0,0.0,0.0,0.0,0.0,0.0,0.0,0.0,0.0473490047397626,0.0,0.0557565530465737,0.0,0.0,0.0,0.0,0.0,0.0,0.0,0.0532596783352087,0.0525964274134884,0.0270875977952889,0.0,0.0302795964520553,0.0,0.0509009693904337,0.0,0.0118528621868314,0.0192798456662145,0.0779697493848884,0.0501665239963041,0.0432411279209775,0.0216423721133052,0.1012259214937801,0.0624612767188023,0.0936064381372602,0.0,0.0,0.0,0.0,0.0,0.0,0.0,0.1303492126004037,0.0,0.0345439602987245,0.0,0.0485702027872864,0.0,0.0,0.0,0.0,0.024824404926004,0.0031054538703414,0.0194144080281,0.0552488548508174,0.0,0.0,0.0167230021419404,0.0,0.0
0.0,0.0,0.0,0.0,0.0562537063661871,0.0,0.1728309951926636,0.0879759705597285,0.0211270826346574,0.0,0.0,0.0,0.2304598399599002,0.0078276903780108,0.0,0.0,0.0,0.0,0.0,0.0,0.0,0.0,0.0,0.0,0.0,0.0,0.0,0.0862924105336654,0.0920764184983584,0.0,0.0,0.0398554957318272,0.0,0.1120790042427894,0.0262106809365567,0.0363400019544924,0.0,0.0,0.0535733522404116,0.1550845351066724,0.2669480240763432,0.0118528621868314,0.0,0.3640013949200241,0.2017527532464615,0.0,0.0,0.0,0.0,0.1175556425016332,0.0191047782897253,0.2424011889054054,0.0981407523537248,0.0786327673271818,0.2637220319183332,0.0,0.0933761113218265,0.3366647036032079,0.0792867005019646,0.0,0.0,0.1895500838060722,0.0,0.0601818071571631,0.0,0.0972228284165229,0.0569945772828619,0.0,0.229649420954457,0.1882757951430863,0.1641140676229041,0.0,0.1621113744197285,0.2422337814996071,0.0,0.1097620190507225
0.0,0.0,0.0,0.0,0.0,0.0,0.0,0.0,0.0,0.0,0.0,0.0,0.0,0.0,0.0,0.0,0.0,0.0,0.0,0.0,0.0,0.0,0.0,0.0,0.0,0.0,0.0,0.0,0.0,0.0,0.0,0.0967016481550757,0.0,0.1146436948539429,0.0,0.0,0.0,0.0,0.1293543728851572,0.3409151902552221,0.1713974519363596,0.0192798456662145,0.3640013949200241,0.0,0.155286029007176,0.0,0.0,0.0,0.0,0.0099626250156375,0.0,0.2381508740703751,0.1027126007621635,0.0679750632785167,0.2969008867969218,0.0,0.1525107038543633,0.3171472711217387,0.0,0.0,0.0,0.0,0.0,0.0061291950138728,0.0,0.0,0.0,0.0,0.0,0.0,0.0,0.0,0.2158032875233521,0.3103697715557802,0.0,0.317169820037468
0.0,0.0,0.0,0.0,0.0,0.0,0.0,0.0,0.0,0.0177160472477983,0.0,0.0,0.0,0.0,0.0,0.0,0.0,0.0,0.0,0.0,0.0,0.0,0.0,0.0,0.0214437579088068,0.0,0.0,0.0,0.0,0.0,0.0,0.0,0.2267043320881004,0.1025100839429769,0.0,0.0,0.0,0.1260454795284516,0.0377442534253728,0.1511708608970645,0.1625066261325823,0.0779697493848884,0.2017527532464615,0.155286029007176,0.0,0.0835308404064083,0.0,0.0,0.0567077986144189,0.0,0.0,0.0460340681354377,0.0,0.0,0.0536512922553948,0.0,0.0,0.0066492391561688,0.0,0.0,0.0,0.0,0.0446740145200318,0.0,0.0,0.0,0.0,0.0,0.0,0.085236568760376,0.0,0.0,0.0,0.0,0.0,0.0570954984580814
0.5097012747502543,0.0440994215235768,0.0,0.0,0.0,0.0,0.0,0.0,0.0,0.0953344193349235,0.0,0.0,0.0,0.0,0.0,0.426887317542555,0.0,0.4174200324176279,0.0,0.0,0.3392181885651339,0.0,0.0,0.143428402321045,0.2873437776724433,0.0,0.0,0.0,0.0,0.0,0.1740799107554482,0.3232642071525126,0.0,0.2386286791117582,0.0,0.0,0.0,0.0,0.1108908188100607,0.0,0.1053162638700549,0.0501665239963041,0.0,0.0,0.0835308404064083,0.0,0.1972826837548121,0.0,0.0,0.0,0.3144596150851453,0.0,0.069960582869275,0.0,0.3099689083175763,0.0,0.0133269749341834,0.1131327666622422,0.1427306422782529,0.0,0.2158176926775311,0.1207083930120685,0.0433293499896179,0.0,0.0,0.3043630543306376,0.0,0.2021600052657216,0.2993855838061148,0.0,0.0,0.1200451211442634,0.0,0.3067688882398958,0.0,0.0
0.1601037685456901,0.4050521423176467,0.0,0.0,0.0,0.0,0.0,0.0,0.0,0.0,0.0,0.0,0.0,0.0,0.067380732167359,0.1654897436233674,0.0,0.3229180808637947,0.0,0.1857204602373074,0.2117685511349279,0.212149747296872,0.1939433085395271,0.2699313598452413,0.4748257696967058,0.359430558231764,0.1751189778616348,0.0,0.3471085719054406,0.0,0.0,0.0380083366355894,0.0591735328515019,0.315470358344394,0.0,0.0,0.0,0.0,0.0289955031335945,0.1502432220163372,0.1659382025125281,0.0432411279209775,0.0,0.0,0.0,0.1972826837548121,0.0,0.0,0.0,0.0,0.1909864761013307,0.2090301377262451,0.2183376767104881,0.2363353877855779,0.3775624280611788,0.0,0.0,0.3125552952893261,0.0,0.1606164492978073,0.1895897220274807,0.3107062903353244,0.2663316933770536,0.0,0.2546713931976457,0.1555542472977134,0.3935238397816537,0.1462911078203569,0.0,0.2916505724898294,0.4266122039442124,0.312024180321645,0.1787190023546301,0.5131256317587195,0.0,0.207087263899691
0.0,0.0,0.6187393553768217,0.0,0.421485416110525,0.3855332849406738,0.0,0.2269487814832806,0.4924795974850525,0.0,0.5940659548326631,0.0,0.0598065973276993,0.2255658226051185,0.0,0.0,0.0,0.0,0.5632512726022084,0.0,0.0,0.0,0.2687084095688525,0.0,0.0,0.0,0.5087392199481304,0.3375506778632887,0.0,0.0,0.0,0.0,0.0,0.0,0.0,0.0,0.0,0.0,0.0,0.0,0.0,0.0216423721133052,0.0,0.0,0.0,0.0,0.0,0.0,0.0,0.4338348346486482,0.4019068962294269,0.1219144300390503,0.3182838799274738,0.4579905200827916,0.0681365005189489,0.6058638758053135,0.0,0.1572146457805583,0.1475660873984328,0.0,0.0,0.0,0.0,0.512405569597645,0.0,0.0,0.0,0.4023699090290566,0.0,0.0,0.0026565132144114,0.5136089991644944,0.2350475640803471,0.0765562221153959,0.1260658918470946,0.0
0.0,0.0,0.0,0.0,0.0,0.0,0.0,0.0,0.0,0.0,0.0,0.0,0.0,0.0,0.0,0.0,0.0,0.0,0.0,0.0,0.0,0.0,0.0,0.0,0.0,0.0,0.0,0.0,0.0,0.0,0.0,0.0,0.0,0.0,0.0,0.0,0.0,0.0,0.0,0.0,0.0,0.1012259214937801,0.0,0.0,0.0567077986144189,0.0,0.0,0.0,0.0,0.2742290035847125,0.1585271206204838,0.0148565184359441,0.0,0.0,0.0,0.0503846686011001,0.0,0.0,0.42740639753048,0.0,0.0,0.0,0.0,0.0,0.0,0.0,0.0,0.0200841883231951,0.0,0.0,0.0,0.0,0.0,0.0,0.0,0.0
0.0,0.0,0.3680688485665342,0.0,0.0,0.2861873477338562,0.0,0.2196101142801979,0.3841240970216667,0.0,0.3736172901506018,0.0,0.0,0.0,0.0,0.0,0.0,0.0,0.287838564714057,0.0,0.0,0.0,0.1804346681926464,0.0,0.0,0.0,0.3717725553129465,0.0,0.0,0.0,0.0,0.0,0.0,0.0,0.0,0.015401474060964,0.0,0.0,0.0,0.0,0.0,0.0624612767188023,0.1175556425016332,0.0099626250156375,0.0,0.0,0.0,0.4338348346486482,0.2742290035847125,0.0,0.3651673116994559,0.3492065117881714,0.327951440882165,0.4412565499455367,0.0845269351622672,0.4512161171294845,0.1082446316745371,0.1873146885518275,0.3727673339270331,0.0,0.0,0.0,0.0,0.31820156753469,0.0,0.0,0.0,0.3481958698784641,0.0,0.0,0.0,0.3674854887935583,0.1450860226381255,0.0719392935262568,0.0,0.0
0.0,0.0,0.3452781121732406,0.0,0.1694427274264063,0.6259249138253472,0.109724029763199,0.3112518822504488,0.2413552772951763,0.0,0.3292138673909044,0.0,0.0251103932446132,0.0,0.0523308765780667,0.0,0.0,0.0,0.3363795035555889,0.1788783635447157,0.0,0.0,0.4998741089058273,0.0,0.0,0.0,0.5754323437788441,0.0,0.1543011763931084,0.0,0.0,0.0663179964694258,0.0,0.1254587459599114,0.0,0.0,0.0,0.0,0.0,0.0,0.0,0.0936064381372602,0.0191047782897253,0.0,0.0,0.3144596150851453,0.1909864761013307,0.4019068962294269,0.1585271206204838,0.3651673116994559,0.0,0.2229050955576778,0.3041064267847368,0.343039309648874,0.076228428541036,0.4537564752556957,0.1191524354203555,0.1577289946017499,0.2725843183412951,0.0,0.0,0.0444146307450507,0.0,0.3287271942235556,0.0,0.0,0.0,0.5824313211824006,0.0,0.0,0.0,0.5075307047401468,0.0,0.1673184400909362,0.0,0.0
0.0,0.0,0.1040199538027827,0.0,0.0,0.2028317380885371,0.0,0.2327884116153797,0.3124300548384596,0.0,0.1441939763798706,0.0,0.0,0.0,0.0,0.0,0.0,0.0,0.0630761254975714,0.0,0.0,0.0,0.2347204567166896,0.0,0.0,0.0,0.2060699606915758,0.0,0.0,0.0,0.0,0.0976628477593272,0.0,0.0,0.0,0.0,0.0,0.0,0.0969186111329457,0.1955364896945997,0.1166825408271164,0.0,0.2424011889054054,0.2381508740703751,0.0460340681354377,0.0,0.2090301377262451,0.1219144300390503,0.0148565184359441,0.3492065117881714,0.2229050955576778,0.0,0.3654604805844681,0.4613198070456313,0.3948424815929252,0.1605787963366982,0.273720156914301,0.4162825284458639,0.1109348848905503,0.0,0.0878973334922253,0.3447571101547788,0.0,0.2121292168193775,0.0212055144802298,0.0,0.1135374908173217,0.2476754999143773,0.2327832616342221,0.0,0.0,0.2431025198997852,0.0858505800937041,0.2526911386103225,0.0,0.0
