0.0,0.7313954857367891,0.0,0.0,0.0,0.4122325119281106,0.0,0.0,0.0,0.8555646551359792,0.0,0.7701404703625718,0.4343306400033709,0.0,0.273785501924249,0.8274639598636273,0.7901326393329191,0.7848708170879047,0.0,0.4412372637768667,0.5296334872568829,0.8174929908255376,0.2061502892115553,0.8250759849362331,0.9475252518642758,0.8997449997355847,0.419538382335312,0.5656271641537358,0.4421830627317912,0.0,0.8714035657111939,0.0,0.8248771382442803,0.5021822682356962,0.0,0.0,0.0,0.6276956429982956,0.0552687307221453,0.7445703760814555,0.6519786063219231,0.0,0.0,0.0,0.0,0.9521880011207636,0.8409018616926381,0.0,0.0,0.0,0.0,0.0,0.0,0.0,0.8168008472207205,0.0,0.0,0.0,0.0,0.0,0.9347207981471892,0.0,0.9130784683087444,0.0,0.0,0.5535900613775309,0.8122671290526653,0.0,0.888609970298565,0.9793581612793324,0.952788840316756,0.0,0.0,0.0,0.0,0.837923421747009
0.7313954857367891,0.0,0.0,0.0,0.0,0.6686505636932442,0.4858727886112245,0.279069705248245,0.3585086280116892,0.0,0.0,0.0,0.7678098217567104,0.0,0.2791431665100539,0.9180047031545782,0.8852580119700021,0.8867143141579218,0.0,0.4579017054037146,0.4521637141606447,0.821079972749717,0.3266613497663386,0.0,0.8816635796291206,0.9673715321769392,0.5370842619865129,0.5358692729423544,0.4927375185732941,0.0,0.6743534932838442,0.0,0.7441014482838056,0.2913596904870491,0.0,0.0,0.0,0.0,0.0,0.6884382525789338,0.5135005295250235,0.0,0.0,0.0,0.0,0.6908276008208172,0.9256810943249164,0.0,0.0,0.0,0.2376725671220224,0.0,0.0,0.0,0.0,0.0,0.0,0.0,0.0,0.3606533413131566,0.6206145514197756,0.0,0.7342593869402683,0.0,0.3653607140530243,0.3610056147633904,0.7399033002166491,0.2566414354486798,0.0,0.7953422771832707,0.8102988549734245,0.4398213831074761,0.0,0.0395399080162272,0.0,0.6352876783102894
0.0,0.0,0.0,0.1307916781987044,0.3669472505892538,0.6972657238874288,0.1287833625801429,0.4332989424006058,0.8481811955675271,0.3272125905661786,0.5806485986716493,0.3907630421890635,0.449048082459195,0.0,0.0,0.0,0.0,0.0,0.7231718697213595,0.0,0.0,0.0,0.7471560370366133,0.0,0.0,0.0,0.7386757948990621,0.5157480541932437,0.0,0.0,0.3722013071903683,0.0,0.1832136526751866,0.0992168147540556,0.0,0.5002629585778047,0.0700201674459806,0.0,0.0,0.0,0.1338751323915626,0.0,0.2870050858444034,0.0,0.0,0.0,0.0,0.936977536610019,0.0,0.4279587090094724,0.6749684539161515,0.4361311143912891,0.573575689778423,0.8007238105158014,0.0,0.5511555234578575,0.0,0.4898069443723808,0.0,0.0,0.0,0.0,0.0,0.5893704985099478,0.0,0.0,0.0,0.7937881695095436,0.0,0.0,0.0,0.7271627403135641,0.4192959380757611,0.0,0.0,0.0
0.0,0.0,0.1307916781987044,0.0,0.1068813031414504,0.3841060232433723,0.5615612700816824,0.1636659037871069,0.1336909017153535,0.3028059686192254,0.0,0.3241214641348421,0.5080379984435063,0.0,0.0,0.0,0.0,0.0,0.1835931687242451,0.1010610292328093,0.0,0.0,0.1552018511962459,0.0,0.0,0.0,0.362728944786763,0.2763142801682215,0.2743108888712427,0.0,0.1188082065332775,0.0540804216385446,0.0,0.0590709250300537,0.0,0.3322236911275885,0.4754588354177672,0.055041369950068,0.0,0.0,0.0,0.0,0.0,0.0,0.0,0.0,0.0,0.0,0.0,0.0,0.0,0.0,0.0,0.0,0.0,0.0,0.0,0.0,0.0,0.0,0.0,0.0,0.0,0.0,0.0,0.0,0.0,0.0,0.0,0.0,0.0,0.0,0.0,0.0,0.0,0.0
0.0,0.0,0.3669472505892538,0.1068813031414504,0.0,0.2003037658057583,0.4092873905188763,0.1993271131189198,0.2762922519784138,0.0,0.5346256293696487,0.0,0.2848365257858844,0.2923298047785949,0.0,0.0,0.0,0.0,0.2592596609395292,0.2746647605667311,0.0,0.0524049385021544,0.2704420380585692,0.0,0.0,0.0,0.2957819955621705,0.1475035510645444,0.3005096092583434,0.0,0.0,0.0,0.0,0.0,0.0,0.3701541788745819,0.021431560630562,0.0,0.0,0.0,0.0,0.0,0.174792299693413,0.0,0.0,0.0,0.0,0.3292671361254832,0.0,0.6138979059638563,0.4194939796682055,0.0,0.2019895488937602,0.3522853152914441,0.0,0.4486458684799659,0.0,0.0,0.0,0.0,0.0,0.0,0.0,0.1751555923085833,0.0,0.0,0.0,0.2894601441634222,0.0,0.0,0.0,0.3331294571321005,0.0,0.0,0.0,0.0
0.4122325119281106,0.6686505636932442,0.6972657238874288,0.3841060232433723,0.2003037658057583,0.0,0.5448435376319603,0.7134243741769489,0.6660322604913841,0.5883706219732349,0.1435446491755031,0.6458948139200925,0.7622147372176726,0.0,0.3425371698490033,0.6052545420954929,0.6209932339593547,0.6831445187326923,0.6423129221235432,0.587200688796215,0.5283354625212566,0.6171073571367697,0.8519494097049913,0.0,0.5379580539620179,0.5165107701417871,0.8351368606150664,0.4367877422723454,0.7385586277268877,0.0,0.4171822761510691,0.0,0.5126792867513126,0.2849178342194834,0.0,0.4478164196716133,0.2524867982617373,0.3229232255514459,0.0,0.0,0.3442424561243187,0.0,0.5450336352202345,0.0,0.0,0.0,0.557192986279926,0.6268453450639668,0.0,0.2717127445551101,0.6679862471414171,0.6259499450762045,0.6083671521789387,0.6311469742399415,0.0,0.1512153569047758,0.0,0.4818777349151012,0.0,0.3311200164024161,0.0,0.0,0.0,0.6195848891189294,0.4585915690212594,0.3770257485212345,0.4590194697247574,0.7348359084730204,0.0,0.0,0.3648972075633545,0.7358203153347342,0.3317630219795592,0.0781109405120438,0.0663288227631746,0.3212446616759893
0.0,0.4858727886112245,0.1287833625801429,0.5615612700816824,0.4092873905188763,0.5448435376319603,0.0,0.3344325365177208,0.254333867304483,0.4663946312544778,0.0,0.454916076852263,0.7775973889594852,0.0,0.0,0.4365028431682523,0.5101244938899372,0.5630018942602526,0.1947486989602974,0.0899365435994738,0.0,0.2632525267593192,0.2003296648169517,0.2472050695016877,0.3483210073356066,0.3513096746556719,0.3216820130231969,0.3564448175938888,0.2767025195835175,0.0,0.1963764832478771,0.0617373104411657,0.3744524516432392,0.1867846635507071,0.0,0.1627531483506168,0.3673434887720465,0.2740086463552698,0.0,0.0,0.2636959902731889,0.0,0.4383466868841663,0.0,0.0,0.0,0.0,0.1794761739374707,0.0,0.0,0.1801760163393256,0.0,0.0845259755890282,0.3360260039887118,0.0,0.0,0.0,0.0,0.0,0.0,0.0,0.0,0.0,0.1833114860546478,0.0,0.0,0.0,0.1024790814038361,0.0,0.0,0.0,0.2150113480814531,0.0,0.0,0.0,0.0
0.0,0.279069705248245,0.4332989424006058,0.1636659037871069,0.1993271131189198,0.7134243741769489,0.3344325365177208,0.0,0.270651641749792,0.0998384569225856,0.3367802907428205,0.3133632917983599,0.3889568672667731,0.0,0.2564043692958826,0.0570509440464623,0.0,0.1297246592576902,0.5347228827567491,0.2862204661915186,0.4298822599866345,0.1667420973952892,0.8540134807861562,0.0257259630075579,0.042984255998462,0.1062794857032482,0.5224417321496131,0.0025487027637249,0.4230602000190515,0.0,0.0,0.0,0.1417057156339827,0.1166884883408456,0.0,0.4986774564718577,0.197618013177888,0.0,0.0,0.0,0.0542266955756724,0.0,0.5257360187833606,0.0,0.0,0.0,0.0,0.3715302609325406,0.0,0.4207714801037627,0.690559917847939,0.4328714172166144,0.7877506275812713,0.2683481655289151,0.0,0.3981344859614498,0.0,0.2728779064323461,0.1734130569864013,0.1959313053858634,0.0,0.0,0.0,0.5599072178872782,0.1741788826729193,0.2834679218310764,0.0,0.668246897653552,0.0,0.0,0.0,0.46420363648859,0.0463893719624881,0.0560981982842212,0.0,0.0
0.0,0.3585086280116892,0.8481811955675271,0.1336909017153535,0.2762922519784138,0.6660322604913841,0.254333867304483,0.270651641749792,0.0,0.5641904048356435,0.3139140291251723,0.5910354665461933,0.6350495340173966,0.0,0.0,0.4541827300374913,0.0,0.4964296468675367,0.5753107182493348,0.5607699372460341,0.0,0.4886332132755193,0.5098061713090989,0.4485198126631671,0.495882614204466,0.4353802054478008,0.5559845522631837,0.7024001539542954,0.4472408899935481,0.0,0.5272988354841749,0.0,0.3713575363634734,0.2387982947460763,0.0,0.3409893977869198,0.1075667407915105,0.4481117397141408,0.0,0.0,0.2896866741999782,0.0,0.2487147898822735,0.0,0.0,0.0,0.0,0.8883559715505639,0.0,0.248622070710991,0.4083295286843963,0.3852119259238681,0.3207388632559219,0.9740810113333472,0.0,0.3569642673728557,0.0,0.5496216187965182,0.0,0.0,0.0,0.0,0.0,0.3987525680234612,0.0,0.0,0.0,0.5416397887378598,0.0,0.0,0.0,0.5101862681374496,0.5568055317313,0.0,0.0,0.0
0.8555646551359792,0.0,0.3272125905661786,0.3028059686192254,0.0,0.5883706219732349,0.4663946312544778,0.0998384569225856,0.5641904048356435,0.0,0.0,0.9385840720086412,0.7675055086007325,0.0,0.0,0.8934507489207313,1.0,0.9334033518639496,0.2062678733907751,0.4014865467023893,0.0,0.7584338901202602,0.2354130210168375,0.9038277223139184,0.9511197791497076,0.9167343459683228,0.4283103911964633,0.7947892802026106,0.4092921822707112,0.0,0.8735903507858989,0.0,0.8268667693517132,0.4281227127683488,0.0,0.0457759881585497,0.3500746722789015,0.760507403705302,0.0,0.7826959357716768,0.6635417681667531,0.0,0.0,0.0,0.7229341711207011,0.8649737458425638,0.0,0.0,0.0,0.0,0.0,0.0,0.0,0.0,0.9829715709419384,0.0,0.8667917748129244,0.644255346997435,0.0,0.0,0.0,0.9323116595601858,0.9658948691186452,0.0,0.0,0.0,0.0,0.0,0.938099109442964,0.9431617336787198,0.8887970776133312,0.0,0.7248151446793332,0.0,0.0,0.8689098867308958
0.0,0.0,0.5806485986716493,0.0,0.5346256293696487,0.1435446491755031,0.0,0.3367802907428205,0.3139140291251723,0.0,0.0,0.0,0.0,0.2506237297324126,0.0,0.0,0.0,0.0,0.443480691205795,0.0,0.0,0.0,0.4941361803707131,0.0,0.0,0.0,0.347545903120841,0.0520586083645681,0.0,0.0,0.0,0.0,0.0,0.0,0.0,0.4091683531538733,0.0,0.0,0.0,0.0,0.0,0.0,0.0538589055360934,0.0,0.0,0.0,0.0,0.4740184521443734,0.0,0.6413216041856937,0.5454496571614802,0.1356179884721297,0.4787376210028146,0.2926317651957998,0.0,0.8570281842885598,0.0,0.1350668537894254,0.0,0.0,0.0,0.0,0.0,0.4279615247424086,0.0,0.0,0.0,0.5019852070918075,0.0,0.0,0.0,0.414117337117859,0.0,0.0,0.0,0.0
0.7701404703625718,0.0,0.3907630421890635,0.3241214641348421,0.0,0.6458948139200925,0.454916076852263,0.3133632917983599,0.5910354665461933,0.9385840720086412,0.0,0.0,0.6964265891550806,0.0,0.0,0.0,0.9600403723171816,0.9155405053569006,0.3596742586303372,0.0,0.3170521531349503,0.0,0.369046816069302,0.8685545847172987,0.8767655211282744,0.8273472701054306,0.4199713727825599,0.7074057298909411,0.0,0.0,0.7564034212702456,0.0,0.7675307030956094,0.415009117375073,0.0,0.1175179335506834,0.3436493571161705,0.6793006920166398,0.0,0.7142190881785584,0.6035224247167134,0.0,0.4023420546040045,0.0,0.6433182233744806,0.0,0.0,0.0,0.0,0.0,0.0,0.0,0.0,0.0,0.9123342782627404,0.0,0.9641533660882342,0.5735302343034502,0.0,0.0,0.0,0.9095573849881328,0.8461331996747419,0.0,0.0,0.0,0.0,0.0,0.8812328509944797,0.8448459101352659,0.792818328826774,0.0,0.6864294180977156,0.0,0.0,0.8276108962403118
0.4343306400033709,0.7678098217567104,0.449048082459195,0.5080379984435063,0.2848365257858844,0.7622147372176726,0.7775973889594852,0.3889568672667731,0.6350495340173966,0.7675055086007325,0.0,0.6964265891550806,0.0,0.0,0.1036638804473202,0.7481276115230249,0.7956795429727898,0.8054762018037523,0.3635922709664424,0.4472820360240208,0.2847507010240528,0.5890808717014459,0.4054740356470852,0.5034323175004382,0.6228191882487104,0.6714384917814943,0.5029593948653881,0.7537936809938404,0.4755439450467256,0.0,0.5403700256612324,0.0,0.5205793853252321,0.2387790665937295,0.0,0.3583071900439695,0.4984721074269911,0.5173011399652757,0.0,0.5207019766868768,0.3437694850748746,0.0,0.5158426281578562,0.0,0.4449505654426111,0.0,0.0,0.544294249337024,0.0,0.0,0.307947359137124,0.6208331017862074,0.1970782112852039,0.0,0.0,0.1276569463622598,0.5816442092391946,0.0,0.0,0.1263654350309726,0.0,0.0,0.0,0.0,0.3106552215872131,0.0,0.4693172433213019,0.3001177547159129,0.0,0.5397444129919909,0.4992439214765086,0.4014090129252649,0.0,0.0,0.0,0.0
0.0,0.0,0.0,0.0,0.2923298047785949,0.0,0.0,0.0,0.0,0.0,0.2506237297324126,0.0,0.0,0.0,0.0,0.0,0.0,0.0,0.0,0.0,0.0,0.0,0.0,0.0,0.0,0.0,0.0,0.0,0.0,0.0,0.0,0.2175986428987161,0.0,0.0,0.0,0.0297637763863961,0.0,0.0,0.1925168470141212,0.0,0.0,0.0,0.0,0.0,0.0,0.0,0.0,0.0,0.0,0.0,0.0,0.0,0.0,0.0,0.0,0.1200586993430769,0.0,0.0,0.0,0.0,0.0,0.0,0.0,0.0,0.0,0.0,0.0,0.0,0.0,0.0,0.0,0.0,0.0,0.0,0.0,0.0
0.273785501924249,0.2791431665100539,0.0,0.0,0.0,0.3425371698490033,0.0,0.2564043692958826,0.0,0.0,0.0,0.0,0.1036638804473202,0.0,0.0,0.1437461284531942,0.0,0.0522277142245711,0.0,0.8516404424411005,0.7027874359648926,0.6264953419033259,0.5577471848704171,0.0,0.2088317377121762,0.1736339985570983,0.6343571851833545,0.1774728302672666,0.7103840285879408,0.0,0.2440305043461192,0.0,0.0243770206683566,0.0306534591104141,0.0,0.3940624845071538,0.0,0.0,0.0,0.0,0.0,0.0,0.2340635146894716,0.0,0.0,0.0,0.360834851156308,0.0,0.0,0.0,0.5822178470617315,0.0,0.445301957899837,0.0,0.0,0.0,0.0,0.3668901363151294,0.0,0.9404738928934282,0.1301305556199851,0.0,0.0,0.0,0.8563339462875708,0.6649294221911091,0.6363915735034289,0.6112690563608053,0.0,0.1954672695910558,0.1921811577948067,0.7009595074759961,0.1843212175672158,0.6661319755874145,0.0,0.0
0.8274639598636273,0.9180047031545782,0.0,0.0,0.0,0.6052545420954929,0.4365028431682523,0.0570509440464623,0.4541827300374913,0.8934507489207313,0.0,0.0,0.7481276115230249,0.0,0.1437461284531942,0.0,0.9042936046081098,0.9934457260351796,0.0,0.3870229256476371,0.3067514702129205,0.832645181480562,0.1893860711375002,0.8374625251295327,0.9538822386576165,0.988557093126437,0.4292231233207228,0.64093019923315,0.4516112958812708,0.0359913889825176,0.7683082299452054,0.0,0.7928359815371087,0.4052249342752791,0.0,0.0,0.0,0.0,0.0,0.7978963109189451,0.6363799708862548,0.0,0.0,0.0,0.0,0.8050832073906006,0.852941475422446,0.0,0.0,0.0,0.0,0.0,0.0,0.0,0.0,0.0,0.0,0.0,0.0,0.2417921469017086,0.7848993464652767,0.0,0.8326800973339402,0.0,0.3282007649118125,0.2449734204320776,0.7420464603856539,0.1500420758405847,0.0,0.8799764191159701,0.894154817431741,0.3384892929673617,0.0,0.0,0.0,0.7849109111528519
0.7901326393329191,0.8852580119700021,0.0,0.0,0.0,0.6209932339593547,0.5101244938899372,0.0,0.0,1.0,0.0,0.9600403723171816,0.7956795429727898,0.0,0.0,0.9042936046081098,0.0,0.964682963703711,0.0,0.3644542940663078,0.0,0.7218074974470331,0.0,0.890867956597683,0.954421646245717,0.930332563339967,0.0,0.7406072743707036,0.3763556268409156,0.0,0.8202246789574328,0.0,0.8177964281537896,0.4121710860494666,0.0,0.0,0.0,0.7195447250692222,0.0,0.8052110186384986,0.0,0.0,0.0,0.0,0.0,0.0,0.0,0.0,0.0,0.0,0.0,0.0,0.0,0.0,0.9669361476227154,0.0,0.8726877735593307,0.0,0.0,0.0,0.0,0.9286811264558388,0.9151901718740328,0.0,0.0,0.0,0.0,0.0,0.9257409924677216,0.8837641293474507,0.8554015080559,0.0,0.0,0.0,0.0,0.0
0.7848708170879047,0.8867143141579218,0.0,0.0,0.0,0.6831445187326923,0.5630018942602526,0.1297246592576902,0.4964296468675367,0.9334033518639496,0.0,0.9155405053569006,0.8054762018037523,0.0,0.0522277142245711,0.9934457260351796,0.964682963703711,0.0,0.0,0.3601642479877709,0.2430646840722609,0.7565540186657846,0.2153202155639595,0.8506067003386835,0.928686197395838,0.9271862406042616,0.4571303778706279,0.6585978220884977,0.4427066519468403,0.0167938707387384,0.7604903613120182,0.0,0.786396221839081,0.3962899427387834,0.0,0.0,0.0,0.0,0.0,0.7940536920442306,0.6503721776086406,0.0,0.0,0.0,0.0,0.7730940854301366,0.7932727856188507,0.0,0.0,0.0,0.0,0.0,0.0,0.0,0.8659985908389588,0.0,0.8055552458738316,0.0,0.0,0.0,0.7566124688437202,0.8855323664200747,0.8805661844929227,0.0,0.0,0.0,0.6679359098473057,0.0,0.8693260776029613,0.8524647480485731,0.8071588305395397,0.0,0.0,0.0,0.0,0.794768514858867
0.0,0.0,0.7231718697213595,0.1835931687242451,0.2592596609395292,0.6423129221235432,0.1947486989602974,0.5347228827567491,0.5753107182493348,0.2062678733907751,0.443480691205795,0.3596742586303372,0.3635922709664424,0.0,0.0,0.0,0.0,0.0,0.0,0.0,0.0,0.0,0.6527105968363979,0.0,0.0,0.0,0.5669401603877324,0.3446247123346758,0.0,0.0,0.2021738484966613,0.0,0.0,0.1203436943234424,0.0,0.4229632653712594,0.0,0.1653334207923422,0.0,0.0,0.0,0.0,0.2885259737255993,0.0,0.0,0.0,0.0,0.5918171276727457,0.0,0.3703532927065419,0.549435693567118,0.3178176615287754,0.5794363990622009,0.5021008223067417,0.0,0.4239917248074439,0.0,0.2762286733171653,0.0,0.0,0.0,0.0,0.0,0.8456829726925696,0.0,0.0,0.0,0.610165204264084,0.0,0.0,0.0,0.5334505717559619,0.0,0.0,0.0,0.0
0.4412372637768667,0.4579017054037146,0.0,0.1010610292328093,0.2746647605667311,0.587200688796215,0.0899365435994738,0.2862204661915186,0.5607699372460341,0.4014865467023893,0.0,0.0,0.4472820360240208,0.0,0.8516404424411005,0.3870229256476371,0.3644542940663078,0.3601642479877709,0.0,0.0,0.7007796686940949,0.828498512269874,0.591230176165796,0.0,0.4482855431307793,0.389649734398559,0.789658804098659,0.5120535638513254,0.8772190430946215,0.0,0.6036777030404044,0.0,0.2268660312564585,0.1884367723896334,0.0,0.4827626608152667,0.1212622118035516,0.0,0.0,0.2088632773064899,0.1250365458517943,0.0,0.405446501620777,0.0,0.0,0.0,0.5565432628690234,0.0,0.0,0.0,0.5996155799781628,0.0,0.4752463748191205,0.0,0.0,0.0,0.0,0.6237219858505267,0.0,0.8443238854414579,0.3395020481937319,0.0,0.0,0.0,0.9470454097944528,0.665074685185204,0.7971340212657934,0.6778825012221329,0.0,0.4220472933826345,0.3907342825217793,0.7969192156582091,0.4547500840467487,0.5780331015610585,0.0,0.2664009783634247
0.5296334872568829,0.4521637141606447,0.0,0.0,0.0,0.5283354625212566,0.0,0.4298822599866345,0.0,0.0,0.0,0.3170521531349503,0.2847507010240528,0.0,0.7027874359648926,0.3067514702129205,0.0,0.2430646840722609,0.0,0.7007796686940949,0.0,0.6551607193843956,0.6767345964615795,0.1980393663592063,0.4306005983438047,0.394352726793588,0.6230478625990965,0.2898162234595849,0.7363602838612618,0.0,0.4357621553919094,0.0,0.3328498429186356,0.2779646171017323,0.0,0.0,0.0,0.0,0.0,0.2457607456513543,0.2744081964366438,0.0214739201383948,0.0,0.0,0.0,0.516610918614581,0.5402292821767142,0.0,0.0,0.0,0.599049394603612,0.0,0.5976436727463147,0.0,0.0,0.0,0.0,0.558881758324468,0.0,0.7080208940280099,0.2876605303686502,0.0,0.0,0.0,0.5373557115699392,0.8683280425789723,0.601657345979796,0.7145888579383486,0.0,0.4455370600968005,0.4621966189390918,0.6336605950918489,0.2547694414954269,0.5989642115847709,0.0,0.2123383897348079
0.8174929908255376,0.821079972749717,0.0,0.0,0.0524049385021544,0.6171073571367697,0.2632525267593192,0.1667420973952892,0.4886332132755193,0.7584338901202602,0.0,0.0,0.5890808717014459,0.0,0.6264953419033259,0.832645181480562,0.7218074974470331,0.7565540186657846,0.0,0.828498512269874,0.6551607193843956,0.0,0.4350562200093149,0.0,0.8450048529690845,0.8197483074263828,0.7227034754571348,0.5706808270497373,0.780606597505506,0.0,0.8284057567990203,0.0,0.6375886814515064,0.3941926951746574,0.0,0.1642139418669962,0.1112186206500907,0.0,0.0,0.6327868628326989,0.4808795753787125,0.0,0.3795689149943863,0.0,0.0,0.8098465023690155,0.8695258357540532,0.0,0.0,0.0,0.3353930303464272,0.0,0.0,0.0,0.0,0.0,0.0,0.0,0.0,0.6728129124906473,0.7352299868484101,0.0,0.6926243573004304,0.0,0.714360261246935,0.615211000211738,0.957296310555555,0.4772978616767118,0.0,0.7897610626163524,0.7934335790044503,0.6650802160651507,0.5114715559106318,0.4131644156567629,0.0,0.6257421393339164
0.2061502892115553,0.3266613497663386,0.7471560370366133,0.1552018511962459,0.2704420380585692,0.8519494097049913,0.2003296648169517,0.8540134807861562,0.5098061713090989,0.2354130210168375,0.4941361803707131,0.369046816069302,0.4054740356470852,0.0,0.5577471848704171,0.1893860711375002,0.0,0.2153202155639595,0.6527105968363979,0.591230176165796,0.6767345964615795,0.4350562200093149,0.0,0.0579935034762974,0.2317289344352177,0.1965776331160382,0.8117876059566212,0.1990652069231483,0.7255981998088994,0.0,0.1614694172320665,0.0,0.2320970637861032,0.1507313945996643,0.0,0.5447463744157701,0.0799872228161321,0.0667919087089737,0.0,0.0706794861077563,0.1492754118931226,0.0165083896065738,0.4595128405182578,0.0,0.0,0.0,0.3075281656435121,0.6242677337924806,0.0,0.5170810031819831,0.8452941489454928,0.5304467268221158,0.8699146424272566,0.4596732231802778,0.0,0.4778128154532919,0.0,0.4228134742429585,0.0416207122703137,0.5244800601988715,0.0,0.0,0.0,0.6463384984022092,0.4948576125679857,0.5659223462766714,0.3304478643251221,0.9488983476339758,0.0,0.1563621945389987,0.1509396294319351,0.7872928440050491,0.1492156366835733,0.3783812915687719,0.0,0.0
0.8250759849362331,0.0,0.0,0.0,0.0,0.0,0.2472050695016877,0.0257259630075579,0.4485198126631671,0.9038277223139184,0.0,0.8685545847172987,0.5034323175004382,0.0,0.0,0.8374625251295327,0.890867956597683,0.8506067003386835,0.0,0.0,0.1980393663592063,0.0,0.0579935034762974,0.0,0.9210829296951796,0.8975119002870802,0.1197551463824655,0.6367528451634606,0.0,0.0,0.8041929164064331,0.0783814760087853,0.8130086604604893,0.4354853613279396,0.0,0.0,0.2379097575597434,0.6899039151911232,0.1752295226839881,0.8370176505961507,0.6444851614171976,0.0,0.0,0.0,0.5833018474753108,0.8301994213409095,0.0,0.0,0.0,0.0,0.0,0.0,0.0,0.0,0.8502450950954314,0.0,0.8577960966928679,0.0,0.0,0.0,0.8731417538222598,0.8875672284688081,0.92861548702557,0.0,0.0,0.0,0.0,0.0,0.9755145295161995,0.9273813701782398,0.9214613712146432,0.0,0.6173941313498181,0.0,0.0,0.914435117423064
0.9475252518642758,0.8816635796291206,0.0,0.0,0.0,0.5379580539620179,0.3483210073356066,0.042984255998462,0.495882614204466,0.9511197791497076,0.0,0.8767655211282744,0.6228191882487104,0.0,0.2088317377121762,0.9538822386576165,0.954421646245717,0.928686197395838,0.0,0.4482855431307793,0.4306005983438047,0.8450048529690845,0.2317289344352177,0.9210829296951796,0.0,0.99907858069349,0.4672828414888986,0.6734070335255626,0.4471393490854423,0.0,0.91289003790771,0.0,0.818198198135649,0.4435149097257471,0.0,0.0,0.0,0.685403303814902,0.0,0.8174430817039925,0.6765380390238053,0.0,0.0,0.0,0.0,0.9447749037498988,0.9000404247189481,0.0,0.0,0.0,0.0,0.0,0.0,0.0,0.9313719687522812,0.0,0.7759895222996239,0.5896752303338983,0.0,0.3298463974164276,0.9075294568397776,0.8624457298795297,0.9759721223002452,0.0,0.3618623469779882,0.4365654599739887,0.8244671396521202,0.2664775048383682,0.9722767167110348,0.9820423847390906,0.9666983088870134,0.0,0.0,0.1114956821169581,0.0,0.8793309462904789
0.8997449997355847,0.9673715321769392,0.0,0.0,0.0,0.5165107701417871,0.3513096746556719,0.1062794857032482,0.4353802054478008,0.9167343459683228,0.0,0.8273472701054306,0.6714384917814943,0.0,0.1736339985570983,0.988557093126437,0.930332563339967,0.9271862406042616,0.0,0.389649734398559,0.394352726793588,0.8197483074263828,0.1965776331160382,0.8975119002870802,0.99907858069349,0.0,0.3954213156918432,0.6538810584615475,0.3683403487114752,0.0,0.8709987223839746,0.0,0.8259611270436248,0.4155099830688481,0.0,0.0,0.0,0.6512687009674727,0.0117491369118781,0.8025858250056808,0.6075521733356604,0.0,0.0,0.0,0.6484800705833803,0.8912077371732181,0.9202077184034552,0.0,0.0,0.0,0.0700597259086315,0.0,0.0,0.0,0.8668137962766422,0.0,0.7038400026571795,0.5219953509946672,0.0,0.3035091568602534,0.8291837058417073,0.8408144664228088,0.8947475860702553,0.0,0.3025199123541168,0.3831500785258574,0.7985699926150708,0.1586998916497041,0.9407015694182964,0.9464509875887032,0.952002676517909,0.2932265932223371,0.6185233593115149,0.0,0.0,0.823535090799853
0.419538382335312,0.5370842619865129,0.7386757948990621,0.362728944786763,0.2957819955621705,0.8351368606150664,0.3216820130231969,0.5224417321496131,0.5559845522631837,0.4283103911964633,0.347545903120841,0.4199713727825599,0.5029593948653881,0.0,0.6343571851833545,0.4292231233207228,0.0,0.4571303778706279,0.5669401603877324,0.789658804098659,0.6230478625990965,0.7227034754571348,0.8117876059566212,0.1197551463824655,0.4672828414888986,0.3954213156918432,0.0,0.3304228427286587,0.9243406435283272,0.0,0.4177630096640839,0.0,0.3249105531626287,0.1986585516907168,0.0,0.498918101973574,0.1244011562859028,0.1183586950532431,0.0,0.2421407052539683,0.2645391150838131,0.0,0.4914187953769927,0.0,0.0,0.0,0.5167426857698909,0.6252680407940949,0.0,0.4869192146603082,0.7175390081039056,0.7184512049239671,0.5547104931446092,0.5377272119923032,0.0,0.2775222331330625,0.0,0.4962590850963727,0.0,0.6229008348421531,0.0,0.0,0.0,0.4980220462718777,0.7259026663705681,0.536601566110397,0.5855439187962073,0.8318033115088184,0.0,0.0,0.2935373251868541,0.9930618485858574,0.2525736621094769,0.5359533898101423,0.0,0.1925060884434963
0.5656271641537358,0.5358692729423544,0.5157480541932437,0.2763142801682215,0.1475035510645444,0.4367877422723454,0.3564448175938888,0.0025487027637249,0.7024001539542954,0.7947892802026106,0.0520586083645681,0.7074057298909411,0.7537936809938404,0.0,0.1774728302672666,0.64093019923315,0.7406072743707036,0.6585978220884977,0.3446247123346758,0.5120535638513254,0.2898162234595849,0.5706808270497373,0.1990652069231483,0.6367528451634606,0.6734070335255626,0.6538810584615475,0.3304228427286587,0.0,0.3336698993254647,0.3358261714137682,0.7532851094176929,0.0,0.48228431772608,0.2434939614466471,0.0,0.2810525020010558,0.339738066240788,0.6117180369864568,0.0,0.5327113610389362,0.3582076888781636,0.0,0.2541258604200123,0.0,0.6047446898580151,0.0,0.0,0.6455648392772803,0.0,0.0,0.1576584602828949,0.0,0.0997162223551769,0.7396271062635141,0.801249094555512,0.0,0.6550706763060381,0.6645601610363969,0.0,0.2694505176392601,0.0,0.0,0.0,0.0,0.4287495331886634,0.3107217266211452,0.6301034596732764,0.2706074797895293,0.0,0.6669528872147191,0.6406521525863107,0.2926144255691704,0.8673050076372657,0.0,0.0,0.7435184415168772
0.4421830627317912,0.4927375185732941,0.0,0.2743108888712427,0.3005096092583434,0.7385586277268877,0.2767025195835175,0.4230602000190515,0.4472408899935481,0.4092921822707112,0.0,0.0,0.4755439450467256,0.0,0.7103840285879408,0.4516112958812708,0.3763556268409156,0.4427066519468403,0.0,0.8772190430946215,0.7363602838612618,0.780606597505506,0.7255981998088994,0.0,0.4471393490854423,0.3683403487114752,0.9243406435283272,0.3336698993254647,0.0,0.0,0.5227667337978481,0.0,0.2928182073396255,0.2791987464290629,0.0,0.4415057281579548,0.0773926700599207,0.0,0.0,0.2484159860516561,0.257371403058602,0.0,0.4472604209113622,0.0,0.0,0.0,0.5220798780285396,0.509283304149187,0.0,0.0,0.6424192998007837,0.7077716698555301,0.5223871616681315,0.4348660340148908,0.0,0.0,0.0,0.5713795240437058,0.0,0.6822935257411327,0.0,0.0,0.0,0.0,0.7416446869579937,0.6192340371029897,0.6316554772216838,0.7551476915398635,0.0,0.0,0.2922662862367302,0.8942398092473339,0.260685086982549,0.6401748121047676,0.0,0.1969640401818148
0.0,0.0,0.0,0.0,0.0,0.0,0.0,0.0,0.0,0.0,0.0,0.0,0.0,0.0,0.0,0.0359913889825176,0.0,0.0167938707387384,0.0,0.0,0.0,0.0,0.0,0.0,0.0,0.0,0.0,0.3358261714137682,0.0,0.0,0.3541539512193108,0.232044935608967,0.0,0.2071902690278953,0.3467304874033938,0.0,0.0,0.0,0.0,0.0,0.0,0.0,0.0,0.0,0.0,0.0,0.0,0.0,0.0,0.0,0.0,0.0,0.0,0.0,0.0,0.0,0.0,0.0,0.0,0.0,0.0,0.0,0.0,0.0,0.0,0.0,0.0,0.0,0.0,0.0,0.0,0.0,0.0,0.0,0.0,0.0
0.8714035657111939,0.6743534932838442,0.3722013071903683,0.1188082065332775,0.0,0.4171822761510691,0.1963764832478771,0.0,0.5272988354841749,0.8735903507858989,0.0,0.7564034212702456,0.5403700256612324,0.0,0.2440305043461192,0.7683082299452054,0.8202246789574328,0.7604903613120182,0.2021738484966613,0.6036777030404044,0.4357621553919094,0.8284057567990203,0.1614694172320665,0.8041929164064331,0.91289003790771,0.8709987223839746,0.4177630096640839,0.7532851094176929,0.5227667337978481,0.3541539512193108,0.0,0.0,0.6338534725502362,0.4813901382910322,0.0,0.0568742094451967,0.2287742015556856,0.6917810353093184,0.0,0.6907645892860441,0.5198275918927743,0.0,0.2439178477883644,0.0,0.0,0.0,0.7943684544202944,0.0,0.0,0.0,0.1189689359393122,0.0,0.0929581816404694,0.0,0.8879836025931724,0.0,0.700531271070954,0.0,0.0,0.3786650350653378,0.8764002871392106,0.786098473316154,0.8930665268008883,0.0,0.4795363275718692,0.5015748517760102,0.8284409572468535,0.2847074212524144,0.8945232486460728,0.9269480841807948,0.9245954524919664,0.3818700156680629,0.7212028128389263,0.2742221480776539,0.0,0.8486205303917309
0.0,0.0,0.0,0.0540804216385446,0.0,0.0,0.0617373104411657,0.0,0.0,0.0,0.0,0.0,0.0,0.2175986428987161,0.0,0.0,0.0,0.0,0.0,0.0,0.0,0.0,0.0,0.0783814760087853,0.0,0.0,0.0,0.0,0.0,0.232044935608967,0.0,0.0,0.0294682501980168,0.0666711838399894,0.4662908764995477,0.0,0.0,0.0,0.8039078015257151,0.1195552483681324,0.0935716247668647,0.0570464227957221,0.0,0.1689474596459864,0.0,0.0,0.0,0.0,0.0,0.0,0.0,0.0,0.0,0.0,0.0,0.0,0.0,0.0,0.0,0.0,0.0357323250942283,0.0,0.0,0.0,0.0,0.0,0.0,0.0,0.0,0.0,0.0,0.0,0.0,0.0,0.0,0.0403622937819478
0.8248771382442803,0.7441014482838056,0.1832136526751866,0.0,0.0,0.5126792867513126,0.3744524516432392,0.1417057156339827,0.3713575363634734,0.8268667693517132,0.0,0.7675307030956094,0.5205793853252321,0.0,0.0243770206683566,0.7928359815371087,0.8177964281537896,0.786396221839081,0.0,0.2268660312564585,0.3328498429186356,0.6375886814515064,0.2320970637861032,0.8130086604604893,0.818198198135649,0.8259611270436248,0.3249105531626287,0.48228431772608,0.2928182073396255,0.0,0.6338534725502362,0.0294682501980168,0.0,0.5808591197453238,0.0,0.0,0.1381922852263788,0.611919251242193,0.1153469637864703,0.8928692350373444,0.7425849523900035,0.0,0.0,0.0,0.5777691788535596,0.7784481839502895,0.7423108273717118,0.0,0.0,0.0,0.0,0.0,0.0,0.0,0.748214654595242,0.0,0.6886820534532747,0.0,0.0,0.1681359475961975,0.7914171722949683,0.7538162188336327,0.8411297964998523,0.0,0.0932592624047444,0.3581044924126867,0.6019406157376126,0.2343387306349422,0.8107357624786274,0.8423021833737127,0.8482765714406924,0.2109449864407926,0.4614897919447353,0.0,0.0,0.7219167162213068
0.5021822682356962,0.2913596904870491,0.0992168147540556,0.0590709250300537,0.0,0.2849178342194834,0.1867846635507071,0.1166884883408456,0.2387982947460763,0.4281227127683488,0.0,0.415009117375073,0.2387790665937295,0.0,0.0306534591104141,0.4052249342752791,0.4121710860494666,0.3962899427387834,0.1203436943234424,0.1884367723896334,0.2779646171017323,0.3941926951746574,0.1507313945996643,0.4354853613279396,0.4435149097257471,0.4155099830688481,0.1986585516907168,0.2434939614466471,0.2791987464290629,0.2071902690278953,0.4813901382910322,0.0666711838399894,0.5808591197453238,0.0,0.0619931308475077,0.0,0.0146330926265172,0.5319650261695151,0.1146143892929776,0.6116837105682503,0.6749447258302973,0.0731479014860575,0.1373742392503676,0.0717659312697546,0.378185134942466,0.4475382903867244,0.3484486490203861,0.1590458250028671,0.0,0.0,0.0,0.2412589196977384,0.1542952357465561,0.1890709485892328,0.4092155538966274,0.0,0.3965732913307984,0.2954576487850249,0.0,0.0678137433492747,0.4423302178381526,0.3752864359822602,0.4537498138563848,0.0,0.0364224024296254,0.2673067591726685,0.3289684682198475,0.1296022650699262,0.4335797336686449,0.4234555787156663,0.437915160088873,0.1248828425253148,0.2592197118853355,0.0,0.0,0.3771973735466266
0.0,0.0,0.0,0.0,0.0,0.0,0.0,0.0,0.0,0.0,0.0,0.0,0.0,0.0,0.0,0.0,0.0,0.0,0.0,0.0,0.0,0.0,0.0,0.0,0.0,0.0,0.0,0.0,0.0,0.3467304874033938,0.0,0.4662908764995477,0.0,0.0619931308475077,0.0,0.0,0.0,0.0,0.4137397319996636,0.0,0.0,0.1008843694315663,0.0,0.0221838073405615,0.0,0.0,0.0,0.0,0.0,0.0,0.0,0.0,0.0,0.0,0.0,0.0,0.0,0.0,0.0,0.0,0.0,0.0,0.0,0.0,0.0,0.0,0.0,0.0,0.0,0.0,0.0,0.0,0.0,0.0,0.0,0.0
0.0,0.0,0.5002629585778047,0.3322236911275885,0.3701541788745819,0.4478164196716133,0.1627531483506168,0.4986774564718577,0.3409893977869198,0.0457759881585497,0.4091683531538733,0.1175179335506834,0.3583071900439695,0.0297637763863961,0.3940624845071538,0.0,0.0,0.0,0.4229632653712594,0.4827626608152667,0.0,0.1642139418669962,0.5447463744157701,0.0,0.0,0.0,0.498918101973574,0.2810525020010558,0.4415057281579548,0.0,0.0568742094451967,0.0,0.0,0.0,0.0,0.0,0.4057787077311474,0.0,0.0,0.0,0.0,0.0,0.5742796483481809,0.1220848281999424,0.0816000177796468,0.0,0.0,0.4264407385638651,0.0,0.6326585714610538,0.6122137197332803,0.5455599562522203,0.4599632709660979,0.4267668735718704,0.0,0.5224576526951976,0.0,0.4194534691998433,0.0,0.0,0.0,0.0,0.0,0.3989575511612203,0.3984095311688262,0.0,0.1150854003282221,0.5310957309787913,0.0,0.0,0.0,0.4973503695351059,0.2941190923736039,0.2679491035699557,0.0,0.0
0.0,0.0,0.0700201674459806,0.4754588354177672,0.021431560630562,0.2524867982617373,0.3673434887720465,0.197618013177888,0.1075667407915105,0.3500746722789015,0.0,0.3436493571161705,0.4984721074269911,0.0,0.0,0.0,0.0,0.0,0.0,0.1212622118035516,0.0,0.1112186206500907,0.0799872228161321,0.2379097575597434,0.0,0.0,0.1244011562859028,0.339738066240788,0.0773926700599207,0.0,0.2287742015556856,0.0,0.1381922852263788,0.0146330926265172,0.0,0.4057787077311474,0.0,0.120877990154257,0.0,0.0,0.0936836876245226,0.0,0.448952701547766,0.0,0.0,0.0,0.0,0.0,0.0,0.0,0.0,0.0,0.0,0.0,0.0,0.0,0.0,0.0,0.0,0.0,0.0,0.0,0.0,0.0,0.0,0.0,0.0,0.0551161258616782,0.0,0.0,0.0,0.0,0.0,0.0,0.0,0.0
0.6276956429982956,0.0,0.0,0.055041369950068,0.0,0.3229232255514459,0.2740086463552698,0.0,0.4481117397141408,0.760507403705302,0.0,0.6793006920166398,0.5173011399652757,0.0,0.0,0.0,0.7195447250692222,0.0,0.1653334207923422,0.0,0.0,0.0,0.0667919087089737,0.6899039151911232,0.685403303814902,0.6512687009674727,0.1183586950532431,0.6117180369864568,0.0,0.0,0.6917810353093184,0.0,0.611919251242193,0.5319650261695151,0.0,0.0,0.120877990154257,0.0,0.0,0.6156034672416191,0.5391301442163942,0.0,0.0,0.0,0.6215931977502327,0.0,0.0,0.0,0.0,0.0,0.0,0.0,0.0,0.0,0.7294133695035251,0.0,0.6916775735854771,0.0,0.0,0.0,0.0,0.0,0.0,0.0,0.0,0.0,0.0,0.0,0.7073307192591319,0.6675788756773605,0.6715535605750528,0.0,0.5060204106730817,0.0,0.0,0.0
0.0552687307221453,0.0,0.0,0.0,0.0,0.0,0.0,0.0,0.0,0.0,0.0,0.0,0.0,0.1925168470141212,0.0,0.0,0.0,0.0,0.0,0.0,0.0,0.0,0.0,0.1752295226839881,0.0,0.0117491369118781,0.0,0.0,0.0,0.0,0.0,0.8039078015257151,0.1153469637864703,0.1146143892929776,0.4137397319996636,0.0,0.0,0.0,0.0,0.2132314299854118,0.1736739636434864,0.0742957795755511,0.0,0.1874555504365736,0.0,0.0,0.0,0.0,0.1571517590348317,0.0,0.0,0.0,0.0,0.0,0.0,0.0,0.0354742696130046,0.0,0.0316204666145803,0.0,0.1717300563147836,0.0351390328689591,0.1154357909276007,0.0,0.0,0.0,0.0,0.0,0.0730638854978417,0.0673137179351336,0.1261796469679383,0.0,0.0,0.0,0.3812168138551254,0.1534345790641366
0.7445703760814555,0.6884382525789338,0.0,0.0,0.0,0.0,0.0,0.0,0.0,0.7826959357716768,0.0,0.7142190881785584,0.5207019766868768,0.0,0.0,0.7978963109189451,0.8052110186384986,0.7940536920442306,0.0,0.2088632773064899,0.2457607456513543,0.6327868628326989,0.0706794861077563,0.8370176505961507,0.8174430817039925,0.8025858250056808,0.2421407052539683,0.5327113610389362,0.2484159860516561,0.0,0.6907645892860441,0.1195552483681324,0.8928692350373444,0.6116837105682503,0.0,0.0,0.0,0.6156034672416191,0.2132314299854118,0.0,0.796392195297344,0.0,0.198020899334642,0.4075588752673884,0.623895617490917,0.7599236553605351,0.734459632271959,0.3123444992065683,0.0,0.0,0.0,0.2883629585813506,0.0770227630743303,0.3701573671718765,0.7704397331943216,0.0,0.6888420555529732,0.491212946879704,0.0,0.0637059155245924,0.8378397487080804,0.7911057292474629,0.8643188461107002,0.0641533901631803,0.0700194288592121,0.306314094198458,0.5695624555303657,0.1126502558601155,0.8548655786012775,0.8580934074765115,0.8411480774248705,0.1401075707028484,0.5371392522748105,0.0,0.5446734043281595,0.7957672563501939
0.6519786063219231,0.5135005295250235,0.1338751323915626,0.0,0.0,0.3442424561243187,0.2636959902731889,0.0542266955756724,0.2896866741999782,0.6635417681667531,0.0,0.6035224247167134,0.3437694850748746,0.0,0.0,0.6363799708862548,0.0,0.6503721776086406,0.0,0.1250365458517943,0.2744081964366438,0.4808795753787125,0.1492754118931226,0.6444851614171976,0.6765380390238053,0.6075521733356604,0.2645391150838131,0.3582076888781636,0.257371403058602,0.0,0.5198275918927743,0.0935716247668647,0.7425849523900035,0.6749447258302973,0.0,0.0,0.0936836876245226,0.5391301442163942,0.1736739636434864,0.796392195297344,0.0,0.0092386723652806,0.1978680401401172,0.269037612138226,0.4957133131798536,0.6366998867256849,0.5640837285252319,0.2135268579044895,0.0,0.0,0.0,0.2625192265779743,0.1037059643024887,0.2579991176676203,0.5986333475162734,0.0,0.575538182155114,0.3727918839155093,0.0,0.0417013123428943,0.6908727464312879,0.5985566074065212,0.6862798294166509,0.098729631208157,0.0,0.2739014071446337,0.4629706237337828,0.135067789301355,0.6632472619639481,0.6759935000894052,0.6564752947304755,0.1375062824275532,0.4189206771785377,0.0,0.5381890846355845,0.6800513934398656
0.0,0.0,0.0,0.0,0.0,0.0,0.0,0.0,0.0,0.0,0.0,0.0,0.0,0.0,0.0,0.0,0.0,0.0,0.0,0.0,0.0214739201383948,0.0,0.0165083896065738,0.0,0.0,0.0,0.0,0.0,0.0,0.0,0.0,0.0570464227957221,0.0,0.0731479014860575,0.1008843694315663,0.0,0.0,0.0,0.0742957795755511,0.0,0.0092386723652806,0.0,0.0,0.0,0.0,0.0,0.0,0.0,0.0963166171532353,0.0622515969185452,0.0,0.0,0.0040549347003579,0.0,0.0,0.0475823109322177,0.0,0.0,0.0,0.0,0.0,0.0,0.0,0.0551893151938627,0.0,0.0248079517499384,0.0,0.0,0.0,0.0,0.0,0.0,0.0,0.0,0.0,0.0
0.0,0.0,0.2870050858444034,0.0,0.174792299693413,0.5450336352202345,0.4383466868841663,0.5257360187833606,0.2487147898822735,0.0,0.0538589055360934,0.4023420546040045,0.5158426281578562,0.0,0.2340635146894716,0.0,0.0,0.0,0.2885259737255993,0.405446501620777,0.0,0.3795689149943863,0.4595128405182578,0.0,0.0,0.0,0.4914187953769927,0.2541258604200123,0.4472604209113622,0.0,0.2439178477883644,0.0,0.0,0.1373742392503676,0.0,0.5742796483481809,0.448952701547766,0.0,0.0,0.198020899334642,0.1978680401401172,0.0,0.0,0.4996278009187971,0.2193216463190938,0.0,0.0,0.2593058907369464,0.3636948879765959,0.3719130558405928,0.4296327473370148,0.665341996162486,0.4003574255551084,0.2940105308848668,0.4028415362880199,0.1673088716568219,0.2949457488155683,0.4754588167112181,0.2570349066485768,0.1716294720107098,0.0,0.3792392292399982,0.0,0.2902959590106365,0.3046919193003398,0.2195299100183061,0.2932713772498587,0.3768405667255904,0.2423800441706997,0.2327182617459157,0.2297886838205554,0.4325128225668529,0.3745571616822674,0.1347249076139907,0.0,0.2311989871959933
0.0,0.0,0.0,0.0,0.0,0.0,0.0,0.0,0.0,0.0,0.0,0.0,0.0,0.0,0.0,0.0,0.0,0.0,0.0,0.0,0.0,0.0,0.0,0.0,0.0,0.0,0.0,0.0,0.0,0.0,0.0,0.1689474596459864,0.0,0.0717659312697546,0.0221838073405615,0.1220848281999424,0.0,0.0,0.1874555504365736,0.4075588752673884,0.269037612138226,0.0,0.4996278009187971,0.0,0.1865235020276311,0.0,0.0,0.1031335980566413,0.2480586196401874,0.0,0.0,0.3327238668125823,0.0,0.2122878867694117,0.4152457723697063,0.0,0.4158211267492595,0.3395540012648253,0.258234283836437,0.0,0.0,0.0,0.0,0.0,0.0,0.0,0.0,0.0,0.0,0.0,0.0,0.0,0.4861820102680395,0.0,0.0,0.4965543681486697
0.0,0.0,0.0,0.0,0.0,0.0,0.0,0.0,0.0,0.7229341711207011,0.0,0.6433182233744806,0.4449505654426111,0.0,0.0,0.0,0.0,0.0,0.0,0.0,0.0,0.0,0.0,0.5833018474753108,0.0,0.6484800705833803,0.0,0.6047446898580151,0.0,0.0,0.0,0.0,0.5777691788535596,0.378185134942466,0.0,0.0816000177796468,0.0,0.6215931977502327,0.0,0.623895617490917,0.4957133131798536,0.0,0.2193216463190938,0.1865235020276311,0.0,0.6649339837154634,0.0,0.0,0.0,0.0,0.2377436777830907,0.3598734651809943,0.0,0.4218942648874789,0.7890668207659648,0.1191917948970858,0.5959506197495237,0.6563551496947471,0.0,0.0,0.0,0.6792673387765256,0.7162727756761321,0.1566983385001276,0.0,0.0,0.0,0.3450515822311122,0.690547973443138,0.7529287559684466,0.7284039363412241,0.3406758887755767,0.6563692894671095,0.0,0.0,0.6497591327407125
0.9521880011207636,0.6908276008208172,0.0,0.0,0.0,0.0,0.0,0.0,0.0,0.8649737458425638,0.0,0.0,0.0,0.0,0.0,0.8050832073906006,0.0,0.7730940854301366,0.0,0.0,0.516610918614581,0.8098465023690155,0.0,0.8301994213409095,0.9447749037498988,0.8912077371732181,0.0,0.0,0.0,0.0,0.0,0.0,0.7784481839502895,0.4475382903867244,0.0,0.0,0.0,0.0,0.0,0.7599236553605351,0.6366998867256849,0.0,0.0,0.0,0.6649339837154634,0.0,0.8192040744163517,0.0,0.0,0.0,0.1215001148779761,0.0,0.1720204106996692,0.0,0.0,0.0,0.6584606564906306,0.6229046363566018,0.0,0.4091893709813905,0.9345503093705578,0.0,0.9480736183469451,0.0,0.3561392886306123,0.5945563668630064,0.835912996856988,0.353669918509483,0.911904022313666,0.9851940371458388,0.9466861551078988,0.381865035512571,0.6383828133426664,0.2227900872613953,0.0,0.8317843799009982
