0.0,0.7559054464751532,0.0,0.0,0.0,0.4164712180348561,0.0,0.0,0.0,0.8768385203682031,0.0,0.7740348274323767,0.4336957575581224,0.0,0.2799542316584489,0.8420101452531669,0.8301884064596454,0.8099478660246251,0.0,0.4630953051706855,0.5406661745210163,0.83479019200817,0.2028537325312872,0.8343438273009273,0.961169288921151,0.895882623530702,0.4237151848148161,0.5832460441718581,0.4385636692626668,0.0,0.8701958366999302,0.0,0.8214774953742302,0.4997776143575331,0.0,0.0,0.0,0.6406998663201925,0.0534697254438312,0.7784464859097637,0.6853262408965087,0.0,0.0,0.0,0.0,0.9629160103441308,0.8738957562426657,0.0,0.0,0.0,0.0,0.0,0.0,0.0,0.7954870199767952,0.0,0.0,0.0,0.0,0.0,0.959979796531255,0.0,0.9430009036474358,0.0,0.0,0.5581492035776324,0.8456610588979874,0.0,0.9011741532471194,0.97392855837256,0.957680605743557,0.0,0.0,0.0,0.0,0.8552148331898252
0.7559054464751532,0.0,0.0,0.0,0.0,0.6739816692245255,0.5047816210112042,0.2791133261225085,0.3744104100547141,0.0,0.0,0.0,0.7741314801942373,0.0,0.2821946427631225,0.9362079679656063,0.8988133636081089,0.9008601401732552,0.0,0.471825048768744,0.4598556620120206,0.8389291642249931,0.3305124648024799,0.0,0.8982562368106554,0.9702006446095208,0.5508482049831273,0.5545134749880705,0.5179183426933947,0.0,0.7136495701371315,0.0,0.743695604736789,0.3324525483914874,0.0,0.0,0.0,0.0,0.0,0.7338935748284493,0.5624072384570253,0.0,0.0,0.0,0.0,0.7231815799100682,0.9372898605829568,0.0,0.0,0.0,0.2426589695619512,0.0,0.0,0.0,0.0,0.0,0.0,0.0,0.0,0.3527336112431297,0.6246802492204435,0.0,0.7310648068122128,0.0,0.3674870367175332,0.3625287634878196,0.7509559752438252,0.2562311004370365,0.0,0.7905238239632862,0.8042172436516222,0.4425170521158789,0.0,0.0316182266749819,0.0,0.6313187851699781
0.0,0.0,0.0,0.1325005135260898,0.3601659605496601,0.7020444912674872,0.1213136524498487,0.4475424089231137,0.8529186056698002,0.3352381411834394,0.5813147457894889,0.395536561546949,0.4425076050303497,0.0,0.0,0.0,0.0,0.0,0.7241655592087402,0.0,0.0,0.0,0.7521293855426301,0.0,0.0,0.0,0.7301351900165833,0.5183924615732188,0.0,0.0,0.3676747005614884,0.0,0.1920978820470502,0.1020188274351273,0.0,0.4680271938668793,0.0581188991173646,0.0,0.0,0.0,0.1445283898948817,0.0,0.2926861649746216,0.0,0.0,0.0,0.0,0.9369922859668476,0.0,0.4077157514524221,0.6908040519894642,0.4262142824194757,0.5786057547054676,0.8039239745930961,0.0,0.5466341561054211,0.0,0.4953552804511075,0.0,0.0,0.0,0.0,0.0,0.5841193404396227,0.0,0.0,0.0,0.8021957102570874,0.0,0.0,0.0,0.7240748902217153,0.4174776603577553,0.0,0.0,0.0
0.0,0.0,0.1325005135260898,0.0,0.1114367667505669,0.3850220534742778,0.5718416878634658,0.1725225531157034,0.1460450256930105,0.2935013861444442,0.0,0.3281664335587659,0.5246049107629032,0.0,0.0,0.0,0.0,0.0,0.1913416790966661,0.1091218588345953,0.0,0.0,0.1680487721698625,0.0,0.0,0.0,0.3663118917680545,0.2839642117793471,0.2668001758790468,0.0,0.1356160188022106,0.0468770164083666,0.0,0.0595517724771733,0.0,0.3410962395080054,0.4786727448547723,0.0486167373203184,0.0,0.0,0.0,0.0,0.0,0.0,0.0,0.0,0.0,0.0,0.0,0.0,0.0,0.0,0.0,0.0,0.0,0.0,0.0,0.0,0.0,0.0,0.0,0.0,0.0,0.0,0.0,0.0,0.0,0.0,0.0,0.0,0.0,0.0,0.0,0.0,0.0,0.0
0.0,0.0,0.3601659605496601,0.1114367667505669,0.0,0.1868735265274617,0.4098036873944146,0.1971352243412497,0.2721673323742148,0.0,0.5368595549224291,0.0,0.288072199341863,0.292801287174552,0.0,0.0,0.0,0.0,0.2496991861106195,0.265673596113763,0.0,0.0505359870851634,0.2656699015642376,0.0,0.0,0.0,0.2873607654663261,0.1559446131990843,0.2982576808119662,0.0,0.0,0.0,0.0,0.0,0.0,0.3606521354886854,0.0149303126339555,0.0,0.0,0.0,0.0,0.0,0.1897073068332935,0.0,0.0,0.0,0.0,0.3200922229163546,0.0,0.6054343022889102,0.4248777441040712,0.0,0.1997531729479662,0.3434481218022492,0.0,0.4550385377350909,0.0,0.0,0.0,0.0,0.0,0.0,0.0,0.1540151562340473,0.0,0.0,0.0,0.2892580658358468,0.0,0.0,0.0,0.3254416925924464,0.0,0.0,0.0,0.0
0.4164712180348561,0.6739816692245255,0.7020444912674872,0.3850220534742778,0.1868735265274617,0.0,0.5396599947562205,0.7152695308608201,0.6566070149492629,0.5851067630935943,0.1335315072747855,0.6532403852844467,0.7640966910351648,0.0,0.340425607947189,0.6135609354377652,0.6200657406822712,0.6905553182813765,0.6389448763391236,0.5943636352668369,0.5257608124347272,0.6217137177138783,0.8574221758685708,0.0,0.5494551729247688,0.5221272763956406,0.8363996001266748,0.4433225220877345,0.7377267125874877,0.0,0.4131244737682902,0.0,0.5144993203666003,0.2797081112491802,0.0,0.4172041887188875,0.2506517627640871,0.3368182423613375,0.0,0.0,0.3633885005861978,0.0,0.5451536253582843,0.0,0.0,0.0,0.5664308576054845,0.6203094913465178,0.0,0.2595198018496815,0.6698409801234011,0.6056680391609417,0.6015659701370568,0.6278321289808662,0.0,0.1370839284857684,0.0,0.4770287861758672,0.0,0.3276719923381138,0.0,0.0,0.0,0.6219635692296237,0.4627182277788156,0.3729817883060908,0.4686753135744095,0.7363775121746648,0.0,0.0,0.3578255685341316,0.7418583963696289,0.3247587975417352,0.0702120136198903,0.0503203909744994,0.3230334255792372
0.0,0.5047816210112042,0.1213136524498487,0.5718416878634658,0.4098036873944146,0.5396599947562205,0.0,0.3283567152402966,0.2407315767473809,0.4818107470899012,0.0,0.4569024639359957,0.7814235214991886,0.0,0.0,0.4668553824716723,0.546818304995704,0.6073027359302955,0.1901341942631088,0.0837872304674356,0.0,0.2676507669065185,0.1902834680858004,0.2511133647625884,0.3689960129763411,0.3724664110669329,0.318482578834863,0.3621971917670677,0.2733417524256641,0.0,0.2048821601939538,0.061449108560908,0.3766813693653266,0.1938376680931775,0.0,0.1557963604856415,0.3808392856432824,0.2996919038543335,0.0,0.0,0.3057715316788456,0.0,0.4637275775342397,0.0,0.0,0.0,0.0,0.1677296682881802,0.0,0.0,0.170384958291058,0.0,0.0639927782933565,0.3239181667098598,0.0,0.0,0.0,0.0,0.0,0.0,0.0,0.0,0.0,0.1720528649321501,0.0,0.0,0.0,0.0929597516350959,0.0,0.0,0.0,0.2117005186349951,0.0,0.0,0.0,0.0
0.0,0.2791133261225085,0.4475424089231137,0.1725225531157034,0.1971352243412497,0.7152695308608201,0.3283567152402966,0.0,0.2801640154650187,0.1027749680736273,0.349009331757211,0.3265963317974149,0.3928220595971045,0.0,0.2577051880350738,0.0597256241009302,0.0,0.1398837099849175,0.5337407341043099,0.2890720383339296,0.4143148796125148,0.1626639020485946,0.8525773554635011,0.0096507343425261,0.0442826405158087,0.1053165396089779,0.5287472534071054,0.0034533729401682,0.4171961038063617,0.0,0.0,0.0,0.1400012367637492,0.1209783917363828,0.0,0.5053310571976647,0.2164691453407739,0.0,0.0,0.0,0.0590261241311606,0.0,0.5343273067029793,0.0,0.0,0.0,0.0,0.37721913843308,0.0,0.4229518798282958,0.6902642664337835,0.4335630464113024,0.7913220115790102,0.2783245625394854,0.0,0.39998384396604,0.0,0.2626729499795328,0.1678500091080311,0.1865562371945735,0.0,0.0,0.0,0.5569245435684027,0.1761799023575886,0.2695545241576879,0.0,0.668922223250849,0.0,0.0,0.0,0.4775355449217804,0.0460415895329463,0.0517510884146949,0.0,0.0
0.0,0.3744104100547141,0.8529186056698002,0.1460450256930105,0.2721673323742148,0.6566070149492629,0.2407315767473809,0.2801640154650187,0.0,0.5793498882983987,0.3205138191305318,0.5907588165199967,0.6403030600388405,0.0,0.0,0.4789037681631521,0.0,0.5234093126884017,0.5724842056713302,0.5736681379619119,0.0,0.5004184283304901,0.5125983647361461,0.4506399070168685,0.524081233949984,0.4526503622987324,0.5513461186088144,0.7151468423490526,0.4546138449482508,0.0,0.5478895493743867,0.0,0.3812374952809573,0.2553262597341451,0.0,0.3184938360628288,0.1049368184083797,0.4949523212425731,0.0,0.0,0.3304764259453498,0.0,0.2682676218079201,0.0,0.0,0.0,0.0,0.8894185460430913,0.0,0.2209361646934685,0.4030192020971845,0.3718659809195148,0.3235310644776643,0.9720453749064218,0.0,0.3633087288016298,0.0,0.5533716377876118,0.0,0.0,0.0,0.0,0.0,0.3853673756375312,0.0,0.0,0.0,0.5506621693628282,0.0,0.0,0.0,0.5039602655414214,0.5612794264358184,0.0,0.0,0.0
0.8768385203682031,0.0,0.3352381411834394,0.2935013861444442,0.0,0.5851067630935943,0.4818107470899012,0.1027749680736273,0.5793498882983987,0.0,0.0,0.928416811815422,0.7813079532267949,0.0,0.0,0.8992043365474303,1.0,0.9585512734768464,0.2088355125899763,0.414777212904708,0.0,0.77257682121183,0.2374006645190153,0.885527143468405,0.9567755349067288,0.9281359112762834,0.4331260838867957,0.8103398416598501,0.4251639408880741,0.0,0.8800418616848826,0.0,0.8274164288629616,0.4499877995312913,0.0,0.0403311038512372,0.3691950332222732,0.7702170901889615,0.0,0.80320739309093,0.655662823913334,0.0,0.0,0.0,0.735355417920398,0.8831031314089307,0.0,0.0,0.0,0.0,0.0,0.0,0.0,0.0,0.9803923639851312,0.0,0.8672107895639519,0.6386700074401092,0.0,0.0,0.0,0.9275852200619662,0.9549314660441346,0.0,0.0,0.0,0.0,0.0,0.9229557812898344,0.9337208908663948,0.8880857080001116,0.0,0.7194349418171276,0.0,0.0,0.8619434962021532
0.0,0.0,0.5813147457894889,0.0,0.5368595549224291,0.1335315072747855,0.0,0.349009331757211,0.3205138191305318,0.0,0.0,0.0,0.0,0.2458552092814098,0.0,0.0,0.0,0.0,0.4482508123727114,0.0,0.0,0.0,0.4913726028734911,0.0,0.0,0.0,0.3405085332952364,0.0516076053900913,0.0,0.0,0.0,0.0,0.0,0.0,0.0,0.3885183682622204,0.0,0.0,0.0,0.0,0.0,0.0,0.0566103721448606,0.0,0.0,0.0,0.0,0.4779412857872181,0.0,0.6257048456279997,0.5582946139956714,0.1297142006642803,0.4787576967289566,0.3025902715611231,0.0,0.8556003031827437,0.0,0.1325802836600584,0.0,0.0,0.0,0.0,0.0,0.4212245593960834,0.0,0.0,0.0,0.5059924642812718,0.0,0.0,0.0,0.4056982855946777,0.0,0.0,0.0,0.0
0.7740348274323767,0.0,0.395536561546949,0.3281664335587659,0.0,0.6532403852844467,0.4569024639359957,0.3265963317974149,0.5907588165199967,0.928416811815422,0.0,0.0,0.7115406038839704,0.0,0.0,0.0,0.9414829960860354,0.8919733943653517,0.3555140225802682,0.0,0.3069864858123908,0.0,0.3750729514772036,0.8883342992011791,0.8558961993979172,0.8214410931678376,0.4240476252889715,0.7130009185598755,0.0,0.0,0.7784175155338432,0.0,0.8067034802909296,0.4593419869081495,0.0,0.1197026649711754,0.346799282944018,0.6948372617674916,0.0,0.7499475926141551,0.6085562181080214,0.0,0.4131601222058939,0.0,0.6557346622857155,0.0,0.0,0.0,0.0,0.0,0.0,0.0,0.0,0.0,0.90566164666945,0.0,0.966755258280404,0.5734975671400013,0.0,0.0,0.0,0.9025667050001062,0.8396829162913827,0.0,0.0,0.0,0.0,0.0,0.8863851085201041,0.8218164399325428,0.782854516154004,0.0,0.6872818165146156,0.0,0.0,0.8224024647996437
0.4336957575581224,0.7741314801942373,0.4425076050303497,0.5246049107629032,0.288072199341863,0.7640966910351648,0.7814235214991886,0.3928220595971045,0.6403030600388405,0.7813079532267949,0.0,0.7115406038839704,0.0,0.0,0.1078738009502381,0.742676406009426,0.8106969483358404,0.8105233952993578,0.359531776039583,0.4504878992516468,0.2814589493034786,0.5958776818122461,0.3979040694314034,0.4998298289652793,0.642752819502835,0.6748538866304122,0.5041387557920682,0.7589183831629638,0.4775302257462628,0.0,0.5373982785750532,0.0,0.5234421910762821,0.2361138166490204,0.0,0.3349196822013596,0.5032265081391456,0.5402729620593969,0.0,0.5238774334662044,0.3730828077848097,0.0,0.5143438317114488,0.0,0.4815455222154504,0.0,0.0,0.5379977510165129,0.0,0.0,0.3014048332167202,0.6221121792915044,0.1920827710714132,0.0,0.0,0.1144607509671468,0.5869622516616492,0.0,0.0,0.1166101911101732,0.0,0.0,0.0,0.0,0.3076543311502853,0.0,0.4736898083724351,0.3002519293955083,0.0,0.5254553509997529,0.4899926048496496,0.4010759561088489,0.0,0.0,0.0,0.0
0.0,0.0,0.0,0.0,0.292801287174552,0.0,0.0,0.0,0.0,0.0,0.2458552092814098,0.0,0.0,0.0,0.0,0.0,0.0,0.0,0.0,0.0,0.0,0.0,0.0,0.0,0.0,0.0,0.0,0.0,0.0,0.0,0.0,0.2226075023815304,0.0,0.0,0.0,0.0286144743849094,0.0,0.0,0.198645570606946,0.0,0.0,0.0,0.0,0.0,0.0,0.0,0.0,0.0,0.0,0.0,0.0,0.0,0.0,0.0,0.0,0.1206110949021192,0.0,0.0,0.0,0.0,0.0,0.0,0.0,0.0,0.0,0.0,0.0,0.0,0.0,0.0,0.0,0.0,0.0,0.0,0.0,0.0
0.2799542316584489,0.2821946427631225,0.0,0.0,0.0,0.340425607947189,0.0,0.2577051880350738,0.0,0.0,0.0,0.0,0.1078738009502381,0.0,0.0,0.1478886616265327,0.0,0.0498520756778227,0.0,0.8482787568803408,0.7182924537055569,0.6240835338780623,0.5651213492988784,0.0,0.2160719722962402,0.1727110859667876,0.6378141343814605,0.1819491482242931,0.7191057906649639,0.0,0.2488520233268713,0.0,0.0254106015272753,0.0376838318374009,0.0,0.3849379516512031,0.0,0.0,0.0,0.0,0.0,0.0,0.2363927847145,0.0,0.0,0.0,0.3643056694576548,0.0,0.0,0.0,0.602601645324345,0.0,0.4481429769916331,0.0,0.0,0.0,0.0,0.3776774280813638,0.0,0.9458284568725664,0.1254176827332843,0.0,0.0,0.0,0.8534554550141461,0.681755751304992,0.6370481201507705,0.6244455705923908,0.0,0.187811357164137,0.191724779598111,0.7094587444381084,0.1815735377460486,0.6811929292761937,0.0,0.0
0.8420101452531669,0.9362079679656063,0.0,0.0,0.0,0.6135609354377652,0.4668553824716723,0.0597256241009302,0.4789037681631521,0.8992043365474303,0.0,0.0,0.742676406009426,0.0,0.1478886616265327,0.0,0.931106376338558,0.9941450282184628,0.0,0.4157197841553721,0.3296212386328676,0.8651391116134426,0.1966618237157682,0.8052001929026615,0.9570928450409192,0.9734918046129014,0.4467474856548641,0.6532427260491265,0.4784214969994772,0.0459574457903372,0.7810066647489934,0.0,0.7851341740414879,0.4335085620024391,0.0,0.0,0.0,0.0,0.0,0.8265995293325069,0.6796451198292076,0.0,0.0,0.0,0.0,0.8298902932573833,0.8787293936831392,0.0,0.0,0.0,0.0,0.0,0.0,0.0,0.0,0.0,0.0,0.0,0.0,0.2452033489297342,0.7951615068997112,0.0,0.8391377585379619,0.0,0.3307395957864881,0.2610655736383511,0.7527856821517045,0.1532085880103053,0.0,0.8700478427559044,0.867991394028171,0.3430536584521607,0.0,0.0,0.0,0.7821264319679776
0.8301884064596454,0.8988133636081089,0.0,0.0,0.0,0.6200657406822712,0.546818304995704,0.0,0.0,1.0,0.0,0.9414829960860354,0.8106969483358404,0.0,0.0,0.931106376338558,0.0,0.9833482018765068,0.0,0.3972951861257469,0.0,0.7697499459447333,0.0,0.8840538077842164,0.9759785861452568,0.937374047646371,0.0,0.7517078677405262,0.4141522066878558,0.0,0.8562947960317545,0.0,0.8227935533432501,0.4547898959185966,0.0,0.0,0.0,0.7735552529825822,0.0,0.8293999637142054,0.0,0.0,0.0,0.0,0.0,0.0,0.0,0.0,0.0,0.0,0.0,0.0,0.0,0.0,0.9537841366998874,0.0,0.8525371421768018,0.0,0.0,0.0,0.0,0.9467382032191092,0.9116071444046346,0.0,0.0,0.0,0.0,0.0,0.8988174093197446,0.8975903062538793,0.8604099095144793,0.0,0.0,0.0,0.0,0.0
0.8099478660246251,0.9008601401732552,0.0,0.0,0.0,0.6905553182813765,0.6073027359302955,0.1398837099849175,0.5234093126884017,0.9585512734768464,0.0,0.8919733943653517,0.8105233952993578,0.0,0.0498520756778227,0.9941450282184628,0.9833482018765068,0.0,0.0,0.3942223783120353,0.265709287555322,0.805427159058223,0.2265793595820089,0.8323353472646777,0.94298514506993,0.9323803672506724,0.4801918684478974,0.6745394731672718,0.4767888134026046,0.0212917223458323,0.7699524591709748,0.0,0.7885223834472419,0.419846647488056,0.0,0.0,0.0,0.0,0.0,0.8135583292102662,0.6845919584760177,0.0,0.0,0.0,0.0,0.8131375103348474,0.8164016218186148,0.0,0.0,0.0,0.0,0.0,0.0,0.0,0.8590244135782533,0.0,0.7869168591392735,0.0,0.0,0.0,0.7602353749302261,0.8794971734944963,0.8703579113736218,0.0,0.0,0.0,0.6884205400411241,0.0,0.8520400801861412,0.8588413073489531,0.7977948527767208,0.0,0.0,0.0,0.0,0.8025115216029313
0.0,0.0,0.7241655592087402,0.1913416790966661,0.2496991861106195,0.6389448763391236,0.1901341942631088,0.5337407341043099,0.5724842056713302,0.2088355125899763,0.4482508123727114,0.3555140225802682,0.359531776039583,0.0,0.0,0.0,0.0,0.0,0.0,0.0,0.0,0.0,0.6517977801566875,0.0,0.0,0.0,0.553364388615288,0.3457620670251187,0.0,0.0,0.2014768819344588,0.0,0.0,0.1250882122015635,0.0,0.3992192163813644,0.0,0.1756173261548325,0.0,0.0,0.0,0.0,0.2939459989849167,0.0,0.0,0.0,0.0,0.5859632952070685,0.0,0.3465412904143555,0.5583703696267374,0.3102865099163777,0.5755441557635448,0.4996365188821155,0.0,0.4260239466041273,0.0,0.2757385896936716,0.0,0.0,0.0,0.0,0.0,0.8393538217634258,0.0,0.0,0.0,0.6104358757965612,0.0,0.0,0.0,0.5238211868274545,0.0,0.0,0.0,0.0
0.4630953051706855,0.471825048768744,0.0,0.1091218588345953,0.265673596113763,0.5943636352668369,0.0837872304674356,0.2890720383339296,0.5736681379619119,0.414777212904708,0.0,0.0,0.4504878992516468,0.0,0.8482787568803408,0.4157197841553721,0.3972951861257469,0.3942223783120353,0.0,0.0,0.7080520521231896,0.8319631521820476,0.5970775677573916,0.0,0.4897462192998231,0.4016798103882136,0.793248298846076,0.523587075411889,0.8966740506258852,0.0,0.6204591191440798,0.0,0.2397110589373959,0.2049695904208006,0.0,0.4683335490230195,0.1195037243844414,0.0,0.0,0.2428381279762956,0.1481918558246121,0.0,0.4239075091235089,0.0,0.0,0.0,0.5806560606290113,0.0,0.0,0.0,0.6406067759238022,0.0,0.4715761593562602,0.0,0.0,0.0,0.0,0.6540761672952902,0.0,0.8466940629007356,0.3621996201740261,0.0,0.0,0.0,0.9483248420373876,0.6773555622898546,0.8061149530551258,0.6936092141660933,0.0,0.4393056755221495,0.4032040163134276,0.8087567125971464,0.4577374442606661,0.6015303449762303,0.0,0.2737558325284492
0.5406661745210163,0.4598556620120206,0.0,0.0,0.0,0.5257608124347272,0.0,0.4143148796125148,0.0,0.0,0.0,0.3069864858123908,0.2814589493034786,0.0,0.7182924537055569,0.3296212386328676,0.0,0.265709287555322,0.0,0.7080520521231896,0.0,0.6703754260747772,0.6694674546852405,0.1875910124711523,0.4471739791063675,0.4028906806563582,0.6267430841666919,0.2989787230766744,0.7396598870968643,0.0,0.4317516448051939,0.0,0.3210408722441232,0.2771392792421336,0.0,0.0,0.0,0.0,0.0,0.2477716046979628,0.3103288418261935,0.0220953165822748,0.0,0.0,0.0,0.5319554754774315,0.5410784986553416,0.0,0.0,0.0,0.596786131083672,0.0,0.5835398375032688,0.0,0.0,0.0,0.0,0.5487187744937249,0.0,0.7223969693056055,0.285523268923458,0.0,0.0,0.0,0.5471996204774046,0.8700932673775942,0.6156918373424375,0.7113020648916326,0.0,0.436948451120605,0.454628614668314,0.6373092181953411,0.2478950548245372,0.6034656882114614,0.0,0.2117772895445558
0.83479019200817,0.8389291642249931,0.0,0.0,0.0505359870851634,0.6217137177138783,0.2676507669065185,0.1626639020485946,0.5004184283304901,0.77257682121183,0.0,0.0,0.5958776818122461,0.0,0.6240835338780623,0.8651391116134426,0.7697499459447333,0.805427159058223,0.0,0.8319631521820476,0.6703754260747772,0.0,0.4382500605335158,0.0,0.8855284473826368,0.830545209535371,0.7259580969330551,0.583282765322595,0.7995389136148825,0.0,0.8405914378695247,0.0,0.6408679605218376,0.4240986397777914,0.0,0.15391037406348,0.1029929366578351,0.0,0.0,0.6828408367937853,0.5392324131956707,0.0,0.4022824174167886,0.0,0.0,0.8490506700085564,0.90310016579373,0.0,0.0,0.0,0.3445270682813217,0.0,0.0,0.0,0.0,0.0,0.0,0.0,0.0,0.6711095314171062,0.7589817653666829,0.0,0.712019882365211,0.0,0.7133318364447574,0.6294640863369954,0.9657330074004378,0.4883602692227964,0.0,0.7980253131513325,0.7910393539934694,0.6701187155983708,0.5190028751575227,0.4186322461110374,0.0,0.6354427422986898
0.2028537325312872,0.3305124648024799,0.7521293855426301,0.1680487721698625,0.2656699015642376,0.8574221758685708,0.1902834680858004,0.8525773554635011,0.5125983647361461,0.2374006645190153,0.4913726028734911,0.3750729514772036,0.3979040694314034,0.0,0.5651213492988784,0.1966618237157682,0.0,0.2265793595820089,0.6517977801566875,0.5970775677573916,0.6694674546852405,0.4382500605335158,0.0,0.0383774503260847,0.2309887308344422,0.1940747536467397,0.8162061858304842,0.2070024809933631,0.7334130126018215,0.0,0.1594429572914144,0.0,0.2258608464088928,0.1535460372025742,0.0,0.5251031067457643,0.0893456327071705,0.0744930596703942,0.0,0.0656112952970503,0.162864882907912,0.0160591714486539,0.4710601385551137,0.0,0.0,0.0,0.3061331404731398,0.6211609166374567,0.0,0.5142751031692085,0.8483993448709599,0.5318216887875075,0.8691748157153352,0.4603062880145219,0.0,0.4721026252891356,0.0,0.412993485017808,0.0433093333942851,0.5283994227197027,0.0,0.0,0.0,0.6454255975948299,0.4982153983981847,0.5658027249923371,0.3362708115679496,0.9506273935481632,0.0,0.1425981323473363,0.1283417455235273,0.8023896980544533,0.1400546643823196,0.3801387218268416,0.0,0.0
0.8343438273009273,0.0,0.0,0.0,0.0,0.0,0.2511133647625884,0.0096507343425261,0.4506399070168685,0.885527143468405,0.0,0.8883342992011791,0.4998298289652793,0.0,0.0,0.8052001929026615,0.8840538077842164,0.8323353472646777,0.0,0.0,0.1875910124711523,0.0,0.0383774503260847,0.0,0.903278492978286,0.9048394159741,0.1144532546470606,0.6202142865276283,0.0,0.0,0.7805756051567431,0.0806645311102861,0.8740676658587604,0.4509435734600907,0.0,0.0,0.2352184210255861,0.7245095203860816,0.1881033608334331,0.8852668866742038,0.6684126726258564,0.0,0.0,0.0,0.6050436521967117,0.8328416366470711,0.0,0.0,0.0,0.0,0.0,0.0,0.0,0.0,0.8241286947331142,0.0,0.8580502980169566,0.0,0.0,0.0,0.8644623353553483,0.8829991290130125,0.9125012197841036,0.0,0.0,0.0,0.0,0.0,0.983022830891496,0.9066230155823496,0.9108534007927604,0.0,0.6342772315244016,0.0,0.0,0.9340035918311927
0.961169288921151,0.8982562368106554,0.0,0.0,0.0,0.5494551729247688,0.3689960129763411,0.0442826405158087,0.524081233949984,0.9567755349067288,0.0,0.8558961993979172,0.642752819502835,0.0,0.2160719722962402,0.9570928450409192,0.9759785861452568,0.94298514506993,0.0,0.4897462192998231,0.4471739791063675,0.8855284473826368,0.2309887308344422,0.903278492978286,0.0,1.0,0.4848214156422359,0.7125148935290059,0.4758024004077411,0.0,0.9101184507259676,0.0,0.8306314163739043,0.4839311186548167,0.0,0.0,0.0,0.7331150510241149,0.0,0.8383334531723586,0.6885273246500533,0.0,0.0,0.0,0.0,0.9659786120817512,0.9091657447508086,0.0,0.0,0.0,0.0,0.0,0.0,0.0,0.9123607392761178,0.0,0.7515050760528339,0.6003980694045321,0.0,0.3397052317020095,0.9057870046517384,0.8648259657046363,0.9782806200527432,0.0,0.3776227417137442,0.44725750680757,0.8432731574269243,0.2642809607882989,0.9567431789367988,0.9798544899127236,0.9632371136677944,0.0,0.0,0.0916222203852668,0.0,0.8559779723396468
0.895882623530702,0.9702006446095208,0.0,0.0,0.0,0.5221272763956406,0.3724664110669329,0.1053165396089779,0.4526503622987324,0.9281359112762834,0.0,0.8214410931678376,0.6748538866304122,0.0,0.1727110859667876,0.9734918046129014,0.937374047646371,0.9323803672506724,0.0,0.4016798103882136,0.4028906806563582,0.830545209535371,0.1940747536467397,0.9048394159741,1.0,0.0,0.4012638515757888,0.6636823237981888,0.3814626673448311,0.0,0.8772070990458543,0.0,0.8390752262882255,0.4660177262220046,0.0,0.0,0.0,0.705791706777361,0.0201691555175128,0.8252603220796846,0.6285509006487051,0.0,0.0,0.0,0.6820938297518486,0.8731571615886268,0.9246148940053792,0.0,0.0,0.0,0.0709565760268806,0.0,0.0,0.0,0.8554501961370268,0.0,0.7006980495993125,0.529962499631025,0.0,0.2946509873489547,0.8334729353855492,0.8496412453218148,0.8854899462232603,0.0,0.3004445544393933,0.3849656172525517,0.8029083637386479,0.1505430810325206,0.9427722180090876,0.9534117345739768,0.9501448235956425,0.2894633173250077,0.6227479117418531,0.0,0.0,0.8254342894357964
0.4237151848148161,0.5508482049831273,0.7301351900165833,0.3663118917680545,0.2873607654663261,0.8363996001266748,0.318482578834863,0.5287472534071054,0.5513461186088144,0.4331260838867957,0.3405085332952364,0.4240476252889715,0.5041387557920682,0.0,0.6378141343814605,0.4467474856548641,0.0,0.4801918684478974,0.553364388615288,0.793248298846076,0.6267430841666919,0.7259580969330551,0.8162061858304842,0.1144532546470606,0.4848214156422359,0.4012638515757888,0.0,0.3338043952466558,0.9326022247931,0.0,0.4226328639223246,0.0,0.3369615325522493,0.2031502835993147,0.0,0.4667955662181212,0.1220876661131285,0.1310268086578901,0.0,0.265331325169773,0.2894903730680266,0.0,0.5081539419872939,0.0,0.0,0.0,0.5318087077586837,0.6116273553880257,0.0,0.4725681435441785,0.7316499412046336,0.7166579493407562,0.5540041477216655,0.5322529233222132,0.0,0.2712092668469326,0.0,0.5072117317083678,0.0,0.6272988947059739,0.0,0.0,0.0,0.4850577213968007,0.7287156263287873,0.5428993480984198,0.5914275992445147,0.8435006015586863,0.0,0.0,0.2886569698037343,0.9951531795729296,0.2480536251535562,0.5452841244489025,0.0,0.1934657539306824
0.5832460441718581,0.5545134749880705,0.5183924615732188,0.2839642117793471,0.1559446131990843,0.4433225220877345,0.3621971917670677,0.0034533729401682,0.7151468423490526,0.8103398416598501,0.0516076053900913,0.7130009185598755,0.7589183831629638,0.0,0.1819491482242931,0.6532427260491265,0.7517078677405262,0.6745394731672718,0.3457620670251187,0.523587075411889,0.2989787230766744,0.583282765322595,0.2070024809933631,0.6202142865276283,0.7125148935290059,0.6636823237981888,0.3338043952466558,0.0,0.3438555347557001,0.3301233832569119,0.7723720602880754,0.0,0.4886972735371,0.2579563802411918,0.0,0.2648822100112063,0.3415156675437587,0.6344519467642509,0.0,0.5776086007850268,0.3785588291831209,0.0,0.2608075265677991,0.0,0.6692863014197267,0.0,0.0,0.6500495045507918,0.0,0.0,0.15470585399765,0.0,0.0968567048584009,0.74699736003299,0.8045884577381501,0.0,0.6529011620660422,0.6638784766993964,0.0,0.2665748850214636,0.0,0.0,0.0,0.0,0.4257842133104718,0.3265121875751826,0.6374297663254818,0.2857119902543089,0.0,0.6911631572494883,0.6464174545545212,0.2964397491743359,0.8725684251162285,0.0,0.0,0.7494435433619856
0.4385636692626668,0.5179183426933947,0.0,0.2668001758790468,0.2982576808119662,0.7377267125874877,0.2733417524256641,0.4171961038063617,0.4546138449482508,0.4251639408880741,0.0,0.0,0.4775302257462628,0.0,0.7191057906649639,0.4784214969994772,0.4141522066878558,0.4767888134026046,0.0,0.8966740506258852,0.7396598870968643,0.7995389136148825,0.7334130126018215,0.0,0.4758024004077411,0.3814626673448311,0.9326022247931,0.3438555347557001,0.0,0.0,0.5269689163887803,0.0,0.2964372090905394,0.2820120811370403,0.0,0.4167290364845853,0.0792912464737896,0.0,0.0,0.2633549552647015,0.2942602008978497,0.0,0.4507384564269115,0.0,0.0,0.0,0.5431163957829992,0.5153340430863138,0.0,0.0,0.6625820870974136,0.7091373472405987,0.5082863612309025,0.4437547528171645,0.0,0.0,0.0,0.5970540657509736,0.0,0.7029979531803416,0.0,0.0,0.0,0.0,0.7670740870764089,0.6228292923595439,0.6522433661922091,0.7719422815660091,0.0,0.0,0.2932645443637621,0.9152655788900887,0.2667853724143116,0.652332727623331,0.0,0.2116899362337498
0.0,0.0,0.0,0.0,0.0,0.0,0.0,0.0,0.0,0.0,0.0,0.0,0.0,0.0,0.0,0.0459574457903372,0.0,0.0212917223458323,0.0,0.0,0.0,0.0,0.0,0.0,0.0,0.0,0.0,0.3301233832569119,0.0,0.0,0.3542435438158242,0.2234944348728612,0.0,0.219581183133921,0.3883286555181767,0.0,0.0,0.0,0.0,0.0,0.0,0.0,0.0,0.0,0.0,0.0,0.0,0.0,0.0,0.0,0.0,0.0,0.0,0.0,0.0,0.0,0.0,0.0,0.0,0.0,0.0,0.0,0.0,0.0,0.0,0.0,0.0,0.0,0.0,0.0,0.0,0.0,0.0,0.0,0.0,0.0
0.8701958366999302,0.7136495701371315,0.3676747005614884,0.1356160188022106,0.0,0.4131244737682902,0.2048821601939538,0.0,0.5478895493743867,0.8800418616848826,0.0,0.7784175155338432,0.5373982785750532,0.0,0.2488520233268713,0.7810066647489934,0.8562947960317545,0.7699524591709748,0.2014768819344588,0.6204591191440798,0.4317516448051939,0.8405914378695247,0.1594429572914144,0.7805756051567431,0.9101184507259676,0.8772070990458543,0.4226328639223246,0.7723720602880754,0.5269689163887803,0.3542435438158242,0.0,0.0,0.6358719673005979,0.4963886960112961,0.0,0.0323528005868364,0.233603347648637,0.732656229239378,0.0,0.736098922161025,0.5835220749391885,0.0,0.2570362143182892,0.0,0.0,0.0,0.8330349330497646,0.0,0.0,0.0,0.1051462219356325,0.0,0.0879511485704545,0.0,0.8666011531613326,0.0,0.6866964718329948,0.0,0.0,0.3850235869236268,0.8937350764180751,0.8006128484465553,0.9112306233352084,0.0,0.4762719196715568,0.5080912464871434,0.8274869942576837,0.2985741641195694,0.859339752538499,0.8912026041730976,0.9174830713043448,0.3833262309749962,0.7309956724181416,0.2650410682676553,0.0,0.8358697986970678
0.0,0.0,0.0,0.0468770164083666,0.0,0.0,0.061449108560908,0.0,0.0,0.0,0.0,0.0,0.0,0.2226075023815304,0.0,0.0,0.0,0.0,0.0,0.0,0.0,0.0,0.0,0.0806645311102861,0.0,0.0,0.0,0.0,0.0,0.2234944348728612,0.0,0.0,0.0179887964722301,0.0568874458848415,0.4876029466422555,0.0,0.0,0.0,0.8089575741261363,0.1108090134017793,0.1011373119102717,0.056256090793233,0.0,0.1704659604618718,0.0,0.0,0.0,0.0,0.0,0.0,0.0,0.0,0.0,0.0,0.0,0.0,0.0,0.0,0.0,0.0,0.0421331817080538,0.0,0.0,0.0,0.0,0.0,0.0,0.0,0.0,0.0,0.0,0.0,0.0,0.0,0.0,0.040815751158578
0.8214774953742302,0.743695604736789,0.1920978820470502,0.0,0.0,0.5144993203666003,0.3766813693653266,0.1400012367637492,0.3812374952809573,0.8274164288629616,0.0,0.8067034802909296,0.5234421910762821,0.0,0.0254106015272753,0.7851341740414879,0.8227935533432501,0.7885223834472419,0.0,0.2397110589373959,0.3210408722441232,0.6408679605218376,0.2258608464088928,0.8740676658587604,0.8306314163739043,0.8390752262882255,0.3369615325522493,0.4886972735371,0.2964372090905394,0.0,0.6358719673005979,0.0179887964722301,0.0,0.573231045810629,0.0,0.0,0.135772216101983,0.6063760559933433,0.1009050809694429,0.9048189624143408,0.7645273485216983,0.0,0.0,0.0,0.5887685016149248,0.7882338920283335,0.7409864490861766,0.0,0.0,0.0,0.0,0.0,0.0,0.0,0.7450899858886598,0.0,0.7258866467955761,0.0,0.0,0.1742042358405104,0.7891636881706888,0.7212056342368574,0.8222332322583996,0.0,0.1068732750110211,0.3467135856609052,0.6205517219679765,0.2213782453818396,0.8848422454398861,0.8223023650533816,0.8418523718645129,0.2199847217095434,0.492924355235916,0.0,0.0,0.8024623509332818
0.4997776143575331,0.3324525483914874,0.1020188274351273,0.0595517724771733,0.0,0.2797081112491802,0.1938376680931775,0.1209783917363828,0.2553262597341451,0.4499877995312913,0.0,0.4593419869081495,0.2361138166490204,0.0,0.0376838318374009,0.4335085620024391,0.4547898959185966,0.419846647488056,0.1250882122015635,0.2049695904208006,0.2771392792421336,0.4240986397777914,0.1535460372025742,0.4509435734600907,0.4839311186548167,0.4660177262220046,0.2031502835993147,0.2579563802411918,0.2820120811370403,0.219581183133921,0.4963886960112961,0.0568874458848415,0.573231045810629,0.0,0.0607701646643908,0.0,0.0158627864457161,0.5372625057837008,0.0996687478609029,0.6096135610169687,0.6959936203901218,0.0763390104085657,0.1409612473385199,0.0719792816148068,0.4036737971890359,0.4590559457643501,0.3708251168386342,0.1641985336540989,0.0,0.0,0.0,0.2465551838951057,0.1564568433147134,0.1979096458375366,0.4173468847881737,0.0,0.4088339573535504,0.2943546693477136,0.0,0.0708419885992167,0.4644720416930128,0.4084560306103788,0.4707029151798298,0.0,0.0326891793108304,0.269478707567409,0.3477545950697358,0.1336534073177328,0.4489339548752097,0.4312301015803207,0.4520902754712085,0.1375219393759295,0.2629282370197227,0.0,0.0,0.3851523612521412
0.0,0.0,0.0,0.0,0.0,0.0,0.0,0.0,0.0,0.0,0.0,0.0,0.0,0.0,0.0,0.0,0.0,0.0,0.0,0.0,0.0,0.0,0.0,0.0,0.0,0.0,0.0,0.0,0.0,0.3883286555181767,0.0,0.4876029466422555,0.0,0.0607701646643908,0.0,0.0,0.0,0.0,0.4283834740679455,0.0,0.0,0.0964132699947188,0.0,0.0223273583924697,0.0,0.0,0.0,0.0,0.0,0.0,0.0,0.0,0.0,0.0,0.0,0.0,0.0,0.0,0.0,0.0,0.0,0.0,0.0,0.0,0.0,0.0,0.0,0.0,0.0,0.0,0.0,0.0,0.0,0.0,0.0,0.0
0.0,0.0,0.4680271938668793,0.3410962395080054,0.3606521354886854,0.4172041887188875,0.1557963604856415,0.5053310571976647,0.3184938360628288,0.0403311038512372,0.3885183682622204,0.1197026649711754,0.3349196822013596,0.0286144743849094,0.3849379516512031,0.0,0.0,0.0,0.3992192163813644,0.4683335490230195,0.0,0.15391037406348,0.5251031067457643,0.0,0.0,0.0,0.4667955662181212,0.2648822100112063,0.4167290364845853,0.0,0.0323528005868364,0.0,0.0,0.0,0.0,0.0,0.4039827240715355,0.0,0.0,0.0,0.0,0.0,0.5654121132502836,0.113586696032519,0.0762928638512003,0.0,0.0,0.4022424921164479,0.0,0.6277215140129127,0.5761296023276667,0.5312023634983459,0.466718403618567,0.4026561590962346,0.0,0.5093933691693803,0.0,0.3966389053456842,0.0,0.0,0.0,0.0,0.0,0.3783714275095604,0.3854273103633892,0.0,0.1068989789411772,0.51842108809336,0.0,0.0,0.0,0.4752895140159039,0.2700196250713588,0.2532000025124822,0.0,0.0
0.0,0.0,0.0581188991173646,0.4786727448547723,0.0149303126339555,0.2506517627640871,0.3808392856432824,0.2164691453407739,0.1049368184083797,0.3691950332222732,0.0,0.346799282944018,0.5032265081391456,0.0,0.0,0.0,0.0,0.0,0.0,0.1195037243844414,0.0,0.1029929366578351,0.0893456327071705,0.2352184210255861,0.0,0.0,0.1220876661131285,0.3415156675437587,0.0792912464737896,0.0,0.233603347648637,0.0,0.135772216101983,0.0158627864457161,0.0,0.4039827240715355,0.0,0.1235227610560914,0.0,0.0,0.0875647400701068,0.0,0.4372901647759676,0.0,0.0,0.0,0.0,0.0,0.0,0.0,0.0,0.0,0.0,0.0,0.0,0.0,0.0,0.0,0.0,0.0,0.0,0.0,0.0,0.0,0.0,0.0,0.0,0.062624502138013,0.0,0.0,0.0,0.0,0.0,0.0,0.0,0.0
0.6406998663201925,0.0,0.0,0.0486167373203184,0.0,0.3368182423613375,0.2996919038543335,0.0,0.4949523212425731,0.7702170901889615,0.0,0.6948372617674916,0.5402729620593969,0.0,0.0,0.0,0.7735552529825822,0.0,0.1756173261548325,0.0,0.0,0.0,0.0744930596703942,0.7245095203860816,0.7331150510241149,0.705791706777361,0.1310268086578901,0.6344519467642509,0.0,0.0,0.732656229239378,0.0,0.6063760559933433,0.5372625057837008,0.0,0.0,0.1235227610560914,0.0,0.0,0.659897310024967,0.5745212400755909,0.0,0.0,0.0,0.6582453205059742,0.0,0.0,0.0,0.0,0.0,0.0,0.0,0.0,0.0,0.7230188946990765,0.0,0.6978004375234772,0.0,0.0,0.0,0.0,0.0,0.0,0.0,0.0,0.0,0.0,0.0,0.7271671730554116,0.6992621364923697,0.7190078110735723,0.0,0.526330530017154,0.0,0.0,0.0
0.0534697254438312,0.0,0.0,0.0,0.0,0.0,0.0,0.0,0.0,0.0,0.0,0.0,0.0,0.198645570606946,0.0,0.0,0.0,0.0,0.0,0.0,0.0,0.0,0.0,0.1881033608334331,0.0,0.0201691555175128,0.0,0.0,0.0,0.0,0.0,0.8089575741261363,0.1009050809694429,0.0996687478609029,0.4283834740679455,0.0,0.0,0.0,0.0,0.2004775316780608,0.1600709811257283,0.0799561832361602,0.0,0.1966608402940703,0.0,0.0,0.0,0.0,0.1724080893112578,0.0,0.0,0.0,0.0,0.0,0.0,0.0,0.0426635377912591,0.0,0.0458605484778343,0.0,0.1851150784297013,0.0264402836057268,0.1192553585119184,0.0,0.0,0.0,0.0,0.0,0.0615148870188161,0.0753675162125118,0.1327409964832838,0.0,0.0,0.0,0.4112012149416862,0.1653912278587501
0.7784464859097637,0.7338935748284493,0.0,0.0,0.0,0.0,0.0,0.0,0.0,0.80320739309093,0.0,0.7499475926141551,0.5238774334662044,0.0,0.0,0.8265995293325069,0.8293999637142054,0.8135583292102662,0.0,0.2428381279762956,0.2477716046979628,0.6828408367937853,0.0656112952970503,0.8852668866742038,0.8383334531723586,0.8252603220796846,0.265331325169773,0.5776086007850268,0.2633549552647015,0.0,0.736098922161025,0.1108090134017793,0.9048189624143408,0.6096135610169687,0.0,0.0,0.0,0.659897310024967,0.2004775316780608,0.0,0.8183541989630422,0.0,0.2100537694284222,0.4454542177198838,0.6375768114081883,0.7902783516417219,0.7429434787447725,0.3421227098150979,0.0,0.0,0.0,0.289245977377098,0.0783872119332688,0.400803632665199,0.7650818222861234,0.0,0.7121492192906066,0.5078219779060952,0.0,0.069759428752168,0.8439722595377043,0.7798890995506931,0.8816976868590141,0.0747590407941334,0.0831982566655137,0.313501157625634,0.5937865146160393,0.1094945776385628,0.9180752101267312,0.8682703521837621,0.8488711809492754,0.1513272321705704,0.5781650203482553,0.0,0.5749334219202907,0.833794518330782
0.6853262408965087,0.5624072384570253,0.1445283898948817,0.0,0.0,0.3633885005861978,0.3057715316788456,0.0590261241311606,0.3304764259453498,0.655662823913334,0.0,0.6085562181080214,0.3730828077848097,0.0,0.0,0.6796451198292076,0.0,0.6845919584760177,0.0,0.1481918558246121,0.3103288418261935,0.5392324131956707,0.162864882907912,0.6684126726258564,0.6885273246500533,0.6285509006487051,0.2894903730680266,0.3785588291831209,0.2942602008978497,0.0,0.5835220749391885,0.1011373119102717,0.7645273485216983,0.6959936203901218,0.0,0.0,0.0875647400701068,0.5745212400755909,0.1600709811257283,0.8183541989630422,0.0,0.0,0.2159310709118037,0.2736160088328904,0.509247094104289,0.6738776227733382,0.5778728686772249,0.2252309510328149,0.0,0.0,0.0,0.2950424208516735,0.1118542356759641,0.2985535060704652,0.6033551984403014,0.0,0.571355079065221,0.3906439796054048,0.0,0.0463767974403568,0.6801354209222921,0.627329033607193,0.6869797555144616,0.1004734263702805,0.0,0.2963368683935127,0.4730490677656032,0.1495024094727795,0.6741723542938582,0.6717336887722533,0.6536472061760373,0.1428229889070551,0.421889282211068,0.0,0.5552423318641745,0.6709907676064313
0.0,0.0,0.0,0.0,0.0,0.0,0.0,0.0,0.0,0.0,0.0,0.0,0.0,0.0,0.0,0.0,0.0,0.0,0.0,0.0,0.0220953165822748,0.0,0.0160591714486539,0.0,0.0,0.0,0.0,0.0,0.0,0.0,0.0,0.056256090793233,0.0,0.0763390104085657,0.0964132699947188,0.0,0.0,0.0,0.0799561832361602,0.0,0.0,0.0,0.0,0.0,0.0,0.0,0.0,0.0,0.0922434112323039,0.0660712104689267,0.0,0.0,0.0041941112726004,0.0,0.0,0.0475513199955149,0.0,0.0,0.0,0.0,0.0,0.0,0.0,0.051960034735057,0.0,0.0251408667516388,0.0,0.0,0.0,0.0,0.0,0.0,0.0,0.0,0.0,0.0
0.0,0.0,0.2926861649746216,0.0,0.1897073068332935,0.5451536253582843,0.4637275775342397,0.5343273067029793,0.2682676218079201,0.0,0.0566103721448606,0.4131601222058939,0.5143438317114488,0.0,0.2363927847145,0.0,0.0,0.0,0.2939459989849167,0.4239075091235089,0.0,0.4022824174167886,0.4710601385551137,0.0,0.0,0.0,0.5081539419872939,0.2608075265677991,0.4507384564269115,0.0,0.2570362143182892,0.0,0.0,0.1409612473385199,0.0,0.5654121132502836,0.4372901647759676,0.0,0.0,0.2100537694284222,0.2159310709118037,0.0,0.0,0.4844607630435171,0.2362334024918606,0.0,0.0,0.2702294876194031,0.367181923371609,0.3905885946019115,0.4432509396963033,0.6820739175382242,0.4038639737305441,0.3114543016205966,0.4037056341161267,0.1781400409522878,0.2968539625191888,0.4744140514774132,0.2640492047403759,0.1723188441936762,0.0,0.377654997883643,0.0,0.2912656975539826,0.3119201723242547,0.2167010839400833,0.3041584864813991,0.3926819905625336,0.2526086872117539,0.2392859442245212,0.2378086353399263,0.4557307692966788,0.3708713301933237,0.1412272062585423,0.0,0.2261750021273567
0.0,0.0,0.0,0.0,0.0,0.0,0.0,0.0,0.0,0.0,0.0,0.0,0.0,0.0,0.0,0.0,0.0,0.0,0.0,0.0,0.0,0.0,0.0,0.0,0.0,0.0,0.0,0.0,0.0,0.0,0.0,0.1704659604618718,0.0,0.0719792816148068,0.0223273583924697,0.113586696032519,0.0,0.0,0.1966608402940703,0.4454542177198838,0.2736160088328904,0.0,0.4844607630435171,0.0,0.2008008882728784,0.0,0.0,0.1080649105954909,0.2296195781908325,0.0,0.0,0.3335936270237739,0.0,0.2306560251511979,0.4151846488314576,0.0,0.4053809729029603,0.3514446168104833,0.2514640020402335,0.0,0.0,0.0,0.0,0.0,0.0,0.0,0.0,0.0,0.0,0.0,0.0,0.0,0.4932824127869386,0.0,0.0,0.5153572763583742
0.0,0.0,0.0,0.0,0.0,0.0,0.0,0.0,0.0,0.735355417920398,0.0,0.6557346622857155,0.4815455222154504,0.0,0.0,0.0,0.0,0.0,0.0,0.0,0.0,0.0,0.0,0.6050436521967117,0.0,0.6820938297518486,0.0,0.6692863014197267,0.0,0.0,0.0,0.0,0.5887685016149248,0.4036737971890359,0.0,0.0762928638512003,0.0,0.6582453205059742,0.0,0.6375768114081883,0.509247094104289,0.0,0.2362334024918606,0.2008008882728784,0.0,0.6961891381834444,0.0,0.0,0.0,0.0,0.2371597719116131,0.3838089828211231,0.0,0.4654991171225588,0.8002114812662157,0.1317424130241508,0.6129724756333218,0.6638893586695116,0.0,0.0,0.0,0.69361147087611,0.738909404325711,0.1588884530225419,0.0,0.0,0.0,0.3650881146942266,0.7112444202531086,0.7571794834181564,0.7552418348935153,0.3538764858961397,0.6834853600102309,0.0,0.0,0.665243830431348
0.9629160103441308,0.7231815799100682,0.0,0.0,0.0,0.0,0.0,0.0,0.0,0.8831031314089307,0.0,0.0,0.0,0.0,0.0,0.8298902932573833,0.0,0.8131375103348474,0.0,0.0,0.5319554754774315,0.8490506700085564,0.0,0.8328416366470711,0.9659786120817512,0.8731571615886268,0.0,0.0,0.0,0.0,0.0,0.0,0.7882338920283335,0.4590559457643501,0.0,0.0,0.0,0.0,0.0,0.7902783516417219,0.6738776227733382,0.0,0.0,0.0,0.6961891381834444,0.0,0.8403183746063104,0.0,0.0,0.0,0.1144849267039428,0.0,0.1704654750642393,0.0,0.0,0.0,0.6432096158518843,0.6474856327404181,0.0,0.4339494093666426,0.9640213954112667,0.0,0.9861728441542456,0.0,0.373673248963709,0.6054280859103697,0.8683521862969706,0.3551830011554207,0.9219023190286414,0.9785166132052088,0.9473384746825648,0.3904392580456864,0.6626532316413546,0.2260992483904289,0.0,0.8642944743322117
