0.0,0.4992479572772286,0.0,0.0,0.0,0.3187970539802793,0.0,0.3102448351308543,0.0,0.7158798477614688,0.0,0.1380095056331159,0.6157888695175355,0.0,0.6947090410759627,0.7068966238232961,0.7011270056112534,0.5513130007263713,0.0,0.608170363751328,0.728535284713719,0.687325692910828,0.3854118808654607,0.4750037042937282,0.6355341539126129,0.6303207783235022,0.5781563127141831,0.6369383457451718,0.6589577342830353,0.0,0.6773340951428134,0.6135539229675093,0.4487218543491171,0.5029363942938894,0.0,0.0,0.0,0.4107993833185467,0.2847331449048942,0.4533331503394842,0.3498519212133852,0.0,0.0,0.0,0.0,0.883677156826603,0.5888211347977941,0.0,0.0,0.0,0.0,0.0,0.0,0.0,0.5051917383148348,0.0,0.0,0.0,0.0,0.0,0.4180394411832511,0.0,0.6303655214432532,0.0,0.0,0.7112819372746901,0.6528088758436952,0.0,0.54211488703198,0.4360043060882393,0.744161431394374,0.0,0.0,0.0,0.0,0.1655759532085573
0.4992479572772286,0.0,0.0,0.0,0.0417641944534164,0.8458097497419719,0.4448412346908212,0.5185458247428856,0.247373256192521,0.0,0.0,0.0,0.7023516350383657,0.0,0.5912041251423108,0.3689827947347188,0.6515944810461559,0.5793511508126242,0.0,0.5672589583243158,0.5879538914737699,0.6099258498846357,0.693711740648074,0.0,0.8489743620900444,0.7226783702658102,0.7246069028626186,0.5940502834502205,0.5809906589202216,0.0,0.2977054641118394,0.4371177203008642,0.5273581149496752,0.2471850200944257,0.0,0.0,0.0,0.0,0.3544236092762244,0.3891386035939468,0.0835911496132788,0.0,0.0,0.0,0.0,0.3734766909110196,0.7842733540076364,0.0,0.0,0.0,0.5838261354950937,0.0,0.0,0.0,0.0,0.0,0.0,0.0,0.0,0.4767570694052036,0.2884123832837129,0.0,0.3277934929994574,0.0,0.4651489497258932,0.4806161495137642,0.5101562182983522,0.5199820451031274,0.0,0.5366410887742877,0.5522594052041537,0.4782349284933103,0.0,0.3132785211888242,0.0,0.0467334321588564
0.0,0.0,0.0,0.0887643339910465,0.658522897127939,0.3166826756190319,0.4189180174064608,0.1991506332842445,0.8581502281511276,0.5291644755944205,0.8083200240943049,0.3512826283003568,0.5672979540397017,0.0488134089334157,0.0,0.0,0.0,0.0,0.595443072868373,0.0,0.0,0.0,0.4293707142383606,0.0,0.0,0.0,0.7228022952846913,0.5515098510513243,0.0,0.0,0.2427952754389525,0.2227478783143848,0.4526126017778681,0.0620197189633848,0.0,0.0,0.0,0.0,0.4098766394761038,0.0,0.1377153760527488,0.0,0.4086210775677695,0.0,0.0,0.0,0.0,0.7891895421352367,0.0,0.6020254101907937,0.4790790056441537,0.6887286763459854,0.1858993831065414,0.7947835248607251,0.0,0.7535066724967351,0.0,0.8080943303865799,0.4164124272174955,0.0,0.0,0.0,0.0,0.5204975505272432,0.0,0.0,0.0,0.3881930292726243,0.0,0.0,0.0,0.7712481534215474,0.7612309997720406,0.0,0.0,0.0
0.0,0.0,0.0887643339910465,0.0,0.0,0.0132502451664723,0.2084339889604449,0.0611564156362085,0.1606995187865224,0.1167204431651699,0.0280163660637548,0.3421390589312986,0.219538057584703,0.0,0.0,0.0,0.0,0.0,0.1733544112889921,0.2454817138563058,0.0,0.0,0.0757819255853936,0.0,0.0,0.0,0.1321968716877953,0.2078083415983764,0.1453517362698814,0.0,0.1306730331181631,0.0,0.0,0.0,0.0960092288816683,0.2932854751243557,0.1270581730607023,0.0,0.0,0.0,0.0,0.0,0.0,0.0,0.0,0.0,0.0,0.0,0.0,0.0,0.0,0.0,0.0,0.0,0.0,0.0,0.0,0.0,0.0,0.0,0.0,0.0,0.0,0.0,0.0,0.0,0.0,0.0,0.0,0.0,0.0,0.0,0.0,0.0,0.0,0.0
0.0,0.0417641944534164,0.658522897127939,0.0,0.0,0.0,0.460332879844302,0.0,0.8036418352969894,0.3213611316465332,0.58502954020223,0.1637984170407559,0.3215729439667958,0.2999112218055844,0.0,0.2278982760917372,0.0,0.0,0.2648954722963128,0.4586934249561928,0.0,0.5039473313152768,0.0,0.0,0.2071979019073669,0.189619818918253,0.3792383281630511,0.3234962445467051,0.2956915327433299,0.0,0.2391180176023144,0.1470464193573363,0.2494339091085966,0.0463598157166134,0.0,0.0,0.0,0.3794322012022074,0.3264776866938597,0.0,0.0,0.0,0.4750566850007539,0.0,0.0,0.0,0.0,0.4941055546625408,0.0,0.8077403471004716,0.212878453375571,0.0,0.0,0.875767466319643,0.0,0.4591247356697918,0.0,0.0,0.0,0.0,0.0,0.0,0.0,0.1753839337530758,0.0,0.0,0.0,0.0,0.0,0.0,0.0,0.5178266285932186,0.0,0.0,0.0,0.0
0.3187970539802793,0.8458097497419719,0.3166826756190319,0.0132502451664723,0.0,0.0,0.2567829369349277,0.7495295914445806,0.2008375109914089,0.4267309695684324,0.4109071811549909,0.4695066352910861,0.6949290482624821,0.0,0.4470266226292645,0.1696060523748994,0.4591026715574366,0.2610894616471753,0.4887755327002388,0.4456606545913996,0.4736349505262575,0.41334108501001,0.7872429249969063,0.0,0.6072765015399811,0.7095307630556748,0.4663637741883494,0.4968737929439236,0.254965345462155,0.2972668235989155,0.1133086922762735,0.3714464767287906,0.4359921033767714,0.1682660515862754,0.0137088195010777,0.1962524867156728,0.0,0.0,0.2714615440949468,0.0,0.0,0.0,0.0,0.0,0.0,0.0,0.6200163093614265,0.1815067086897971,0.0,0.0,0.7114804147566354,0.2290040561123333,0.7220922741007787,0.1072417113608823,0.0,0.2752152190642996,0.0,0.585123405573475,0.0,0.3804322634720965,0.0,0.0,0.0,0.4953395370851493,0.2658922711842794,0.3680787859029158,0.3104880899769523,0.6619924203572439,0.0,0.0,0.4809074420134572,0.2584268426776545,0.1481696808699587,0.095199732291967,0.1869841915315462,0.0
0.0,0.4448412346908212,0.4189180174064608,0.2084339889604449,0.460332879844302,0.2567829369349277,0.0,0.1502614049433566,0.3863185906141074,0.5289357581140217,0.4000691875942515,0.2210909188324136,0.4753220257784107,0.14240035266858,0.0,0.4768735158172006,0.5124751284875817,0.7446044532588072,0.3849285578037771,0.4938056192744988,0.0,0.5728608187669909,0.1292229954928881,0.2888053414159474,0.4925760162709992,0.3469066603278927,0.5038421934264327,0.3776877446645308,0.6172263202678427,0.0,0.4050854578922536,0.3018770567910049,0.3817180545039573,0.2413545258091516,0.0,0.0107294299666475,0.0,0.2190575001154646,0.3141161956227357,0.0,0.3343645773744623,0.0,0.2022983497881512,0.0,0.0,0.0,0.0,0.2930318100396376,0.0,0.0,0.1740270277945826,0.0,0.0489236291140914,0.3936743951259597,0.0,0.2963601657011712,0.0,0.0,0.0,0.0,0.0,0.0,0.0,0.2972352926654089,0.0,0.0,0.0,0.0,0.0,0.0,0.0,0.424512205321373,0.0,0.0,0.0,0.0
0.3102448351308543,0.5185458247428856,0.1991506332842445,0.0611564156362085,0.0,0.7495295914445806,0.1502614049433566,0.0,0.0368517760620193,0.3858134094666225,0.3032205105723161,0.4933731197646958,0.4988938032334341,0.22347947105799,0.4082976324009717,0.1203689198730554,0.0,0.0866200433372543,0.3899892402459791,0.327380393954938,0.4842685193259128,0.2312510511158137,0.7327198694349197,0.3711462093232599,0.4119337310919168,0.6287913935629631,0.2293106236698247,0.3206796860373764,0.1108933885106035,0.2407836393583592,0.1770148530930667,0.3186152685504384,0.2899135835892029,0.2636741192662393,0.0684118868282197,0.2622686936211324,0.0,0.0,0.1372142012836025,0.0,0.0,0.0,0.0,0.0,0.0,0.0,0.0,0.1301549695206262,0.0,0.0,0.3905699903171997,0.0206658716182842,0.8123631169306539,0.0,0.0,0.2321824960234282,0.0,0.3135444202642212,0.0,0.3951620805755328,0.0,0.0,0.0,0.3556531308674858,0.1234976669078171,0.421677832659637,0.0,0.6196796495126244,0.0,0.0,0.0,0.0405596940277419,0.0,0.0,0.0,0.0
0.0,0.247373256192521,0.8581502281511276,0.1606995187865224,0.8036418352969894,0.2008375109914089,0.3863185906141074,0.0368517760620193,0.0,0.3157010533570903,0.7274325594109613,0.4235822719702836,0.4638053588851299,0.0,0.0,0.3567113435271107,0.0,0.5149487782638529,0.5477743775768182,0.6420120317649853,0.0,0.6860754559306201,0.2454537933328006,0.3021717892569473,0.3571422681944222,0.3719764192062252,0.5629469036288803,0.443102348829488,0.3338298449346768,0.4075291271628218,0.0743857508639698,0.0646603286815545,0.2838526544733989,0.0,0.0,0.0,0.0,0.3273506680490156,0.3120641989292426,0.0,0.0592203931069118,0.0,0.4661271107956408,0.0,0.0,0.0,0.0,0.8122430441260206,0.0,0.7253557971674903,0.4824089283351809,0.6798706753229875,0.0,0.9177420902420054,0.0,0.7471032929963891,0.0,0.7220582865653689,0.3777269884286019,0.0,0.0,0.0,0.0,0.5175796988809943,0.0,0.0,0.0,0.2674482188870372,0.0,0.0,0.0,0.6861955055612402,0.7286681605745005,0.0,0.0,0.0
0.7158798477614688,0.0,0.5291644755944205,0.1167204431651699,0.3213611316465332,0.4267309695684324,0.5289357581140217,0.3858134094666225,0.3157010533570903,0.0,0.553516484577011,0.4031619549255573,0.697006382767626,0.0,0.0,0.4199767754243159,0.8259466296171726,0.6852527356032603,0.3991799746203687,0.6112786306305596,0.0,0.5933024049200388,0.5648683456774154,0.6848806279505876,0.8609939654859087,0.7854369759162835,0.5816184476564319,0.661644675710047,0.7014039642930715,0.0,0.5475385186992333,0.3911054499224427,0.4921937056226572,0.2196576971901758,0.0,0.0797483555152385,0.0,0.3306421513764342,0.4187875396893524,0.5027393420117239,0.336899576819661,0.0,0.0,0.0,0.3390009592977715,0.6760054282427684,0.0,0.0,0.0,0.0,0.0,0.0,0.0,0.0,0.8599783215818003,0.0,0.4726012981894545,0.5972964631038736,0.0,0.0,0.0,0.6287386799028817,0.692452279609237,0.0,0.0,0.0,0.0,0.0,0.6462838628006684,0.5815980770915228,0.7628648307959432,0.0,0.5182530708099523,0.0,0.0,0.3994916721653528
0.0,0.0,0.8083200240943049,0.0280163660637548,0.58502954020223,0.4109071811549909,0.4000691875942515,0.3032205105723161,0.7274325594109613,0.553516484577011,0.0,0.348183709075678,0.5107930670360069,0.0424158823810138,0.0,0.0,0.6602567935421624,0.0,0.6550994668260454,0.0,0.0,0.0,0.4785904305469117,0.397181628524438,0.0,0.579807381922352,0.6028975826562909,0.479873678934191,0.0,0.0,0.248384645794408,0.2436819439760557,0.4568462044727224,0.0947466801336727,0.0,0.0,0.0,0.3756197655304616,0.307885719227439,0.0,0.0,0.0,0.4092642640715315,0.0,0.0,0.0,0.0,0.674006051385481,0.0,0.5753903030566248,0.4577447822810593,0.5996279657294498,0.2620638373641781,0.6978584014451185,0.0,0.7500050380913745,0.0,0.7070953900780993,0.4861788282462957,0.0,0.0,0.0,0.0,0.564953823054017,0.0,0.0,0.0,0.3879209673772429,0.0,0.0,0.0,0.5918225734584598,0.642746609775113,0.0,0.0,0.0
0.1380095056331159,0.0,0.3512826283003568,0.3421390589312986,0.1637984170407559,0.4695066352910861,0.2210909188324136,0.4933731197646958,0.4235822719702836,0.4031619549255573,0.348183709075678,0.0,0.4886691671440584,0.0,0.0,0.0,0.3683635928853621,0.3197557510635944,0.5004007864078744,0.0,0.0670333742627327,0.0,0.58064691618758,0.6385449261499808,0.3783000788702206,0.6936251627020364,0.2126627874189086,0.2690760012094365,0.0,0.0,0.0,0.0,0.077780052143795,0.0,0.0,0.1008236498195749,0.084105621737196,0.0,0.1351188207046921,0.3047727205926632,0.0,0.0977700008950758,0.1834334764041413,0.0,0.3777568613718489,0.0,0.0,0.0,0.0,0.0,0.0,0.0,0.0,0.0,0.2831145959589037,0.0,0.6935050304601256,0.4017974701802244,0.0,0.0,0.0,0.1601620505402152,0.249095413133294,0.0,0.0,0.0,0.0,0.0,0.3930518912518621,0.2540551753500857,0.4512759541405399,0.0,0.1346227035294669,0.0,0.0,0.2536480579231721
0.6157888695175355,0.7023516350383657,0.5672979540397017,0.219538057584703,0.3215729439667958,0.6949290482624821,0.4753220257784107,0.4988938032334341,0.4638053588851299,0.697006382767626,0.5107930670360069,0.4886691671440584,0.0,0.0,0.7239357200381044,0.538065892290376,0.7462175849831428,0.5274050260129477,0.393001754138634,0.822561140402533,0.6743386305504719,0.7316111168261714,0.5444861939929746,0.2956807842271111,0.6422083684106644,0.7462277788521784,0.7204574839545976,0.8825418732678346,0.6805548125577389,0.5599470487885057,0.559797983627992,0.4564443242383693,0.3559115634840621,0.3881307200382505,0.0,0.2956066940818158,0.0292882631752349,0.2232014354013687,0.2165450389065159,0.4013652599258497,0.1645498079684767,0.0,0.0,0.0,0.1716707530772043,0.0,0.0,0.3449137644231799,0.0,0.0,0.3134652565098136,0.3800646757241177,0.4530834452717598,0.0,0.0,0.3179454341066283,0.4989100250360953,0.0,0.0,0.6842495490003219,0.0,0.0,0.0,0.0,0.6636254985273402,0.0,0.6971997857187271,0.4212529830237005,0.0,0.2321117026862216,0.5677634945414819,0.4312938956824291,0.0,0.2938213021320037,0.0,0.0
0.0,0.0,0.0488134089334157,0.0,0.2999112218055844,0.0,0.14240035266858,0.22347947105799,0.0,0.0,0.0424158823810138,0.0,0.0,0.0,0.0,0.0,0.0,0.0,0.0,0.0,0.0,0.0,0.0,0.0,0.0,0.0,0.0,0.0,0.0,0.0,0.1997879021048298,0.0,0.0,0.1533100111054169,0.0,0.0815084877695245,0.0891851658708184,0.0,0.0,0.0,0.0,0.0,0.113225850957183,0.0,0.0,0.0,0.0,0.0,0.0,0.0,0.0,0.0,0.0,0.0223280631004642,0.0,0.0310615513558612,0.0,0.0,0.0,0.0,0.0,0.0,0.0,0.0,0.0,0.0,0.0,0.0,0.0,0.0,0.0,0.0,0.0,0.0,0.0,0.0
0.6947090410759627,0.5912041251423108,0.0,0.0,0.0,0.4470266226292645,0.0,0.4082976324009717,0.0,0.0,0.0,0.0,0.7239357200381044,0.0,0.0,0.6887780187663629,0.0,0.5217100359629078,0.0,0.8200331861937867,0.7951946116677179,0.8208633602088781,0.4425089633655117,0.2644276250864155,0.6036639447853073,0.6043300448534966,0.758876753664597,0.7963170661897786,0.7539056105187834,0.0,0.5987660623873102,0.5679143509283416,0.2525463977425006,0.3875978072269104,0.0,0.3325314942943776,0.0,0.0,0.148753910607403,0.3245039642347672,0.0762056135967311,0.0,0.0,0.0,0.0,0.0,0.5538220143714903,0.0,0.0,0.0,0.1622362409745937,0.0,0.5223765828877327,0.0,0.0,0.0,0.0,0.4134220741167204,0.0,0.9195587312983322,0.2595050611004977,0.0,0.0,0.0,0.6907830152513856,0.6718363260441839,0.7210168993898535,0.3909495232602269,0.0,0.2459983195513096,0.5470571092214601,0.5442711012938383,0.3456528599776184,0.3488387228518035,0.0,0.0634396606105939
0.7068966238232961,0.3689827947347188,0.0,0.0,0.2278982760917372,0.1696060523748994,0.4768735158172006,0.1203689198730554,0.3567113435271107,0.4199767754243159,0.0,0.0,0.538065892290376,0.0,0.6887780187663629,0.0,0.507912663491922,0.6065832253202723,0.0,0.6749132645953273,0.499716296841651,0.7927226806935805,0.1368278047743123,0.1212474157860546,0.4030802376436405,0.4278682596169398,0.6554587103619861,0.6424828813017539,0.7251584759420849,0.5186928128851628,0.6883395149324847,0.4695709075734324,0.2742437761522459,0.4665542876072007,0.0153555796934113,0.0,0.0,0.0,0.0,0.1743172148275931,0.1325094098799352,0.0,0.0,0.0,0.0,0.5529472392972522,0.2450485904757334,0.0,0.0,0.0,0.0,0.0,0.0,0.0,0.0,0.0,0.0,0.0,0.0,0.6580761232692531,0.2959549071142885,0.0,0.432408582209061,0.0,0.5312371656042055,0.3672340172148587,0.6193079958195858,0.0567513973846726,0.0,0.1311146197543854,0.2924231322087128,0.4688468027099761,0.0,0.2697752332671083,0.0,0.074632594257858
0.7011270056112534,0.6515944810461559,0.0,0.0,0.0,0.4591026715574366,0.5124751284875817,0.0,0.0,0.8259466296171726,0.6602567935421624,0.3683635928853621,0.7462175849831428,0.0,0.0,0.507912663491922,0.0,0.7324030441909232,0.0,0.6522420790744944,0.0,0.7250936601944313,0.0,0.568091775353838,0.810339087728768,0.7927796055336309,0.0,0.6874489432194076,0.6193739035587572,0.0,0.4685343578499248,0.4314575558869268,0.6071551862848968,0.1805905477540772,0.0,0.0,0.0,0.3976817404771708,0.0,0.5110344919990294,0.0,0.0,0.0,0.0,0.0,0.0,0.0,0.0,0.0,0.0,0.0,0.0,0.0,0.0,0.7455267418649292,0.0,0.4215627421643708,0.0,0.0,0.0,0.0,0.7430103825640256,0.766496281957838,0.0,0.0,0.0,0.0,0.0,0.5176225666578239,0.4822212803194377,0.7012837455876194,0.0,0.0,0.0,0.0,0.0
0.5513130007263713,0.5793511508126242,0.0,0.0,0.0,0.2610894616471753,0.7446044532588072,0.0866200433372543,0.5149487782638529,0.6852527356032603,0.0,0.3197557510635944,0.5274050260129477,0.0,0.5217100359629078,0.6065832253202723,0.7324030441909232,0.0,0.0,0.6399945184640101,0.3484029569657812,0.7633591670532518,0.3237915673459678,0.4844648121996547,0.7522800716615841,0.5576233278803778,0.697612790191765,0.4603869832780927,0.7572836870308207,0.4209801330270913,0.4374719055340054,0.2825303916985791,0.500718035967194,0.1346936754712113,0.0,0.0,0.0,0.0,0.3881842687492392,0.3134452969242766,0.2078881155818306,0.0724831896385219,0.0,0.0,0.0,0.5011379044962022,0.4145544473104836,0.0,0.0,0.0,0.0,0.0,0.0,0.0,0.5856012992304819,0.0,0.2151157697153778,0.0,0.0,0.0,0.6606752701178578,0.2984379541331347,0.7566292180121015,0.0,0.0,0.0,0.6373728422409667,0.0,0.4391348259864436,0.5889136396509866,0.4781705115025517,0.0,0.0,0.0,0.0,0.4845978026325066
0.0,0.0,0.595443072868373,0.1733544112889921,0.2648954722963128,0.4887755327002388,0.3849285578037771,0.3899892402459791,0.5477743775768182,0.3991799746203687,0.6550994668260454,0.5004007864078744,0.393001754138634,0.0,0.0,0.0,0.0,0.0,0.0,0.0,0.0,0.0,0.5973413708678281,0.0,0.0,0.0,0.3603634509100294,0.2328510747380319,0.0,0.0,0.0,0.1435933943753168,0.0,0.0,0.0,0.0,0.0,0.2632196158564335,0.4823790491363225,0.0,0.0,0.0,0.3466855325877818,0.0,0.0,0.0,0.0,0.5912918966198754,0.0,0.3285375763215385,0.5887524347365847,0.4508968197910616,0.3352248439288272,0.453267745515733,0.0,0.7259671202516126,0.0,0.5252874931836798,0.2967963508492344,0.0,0.0,0.0,0.0,0.8805990968115158,0.0,0.0,0.0,0.531242436738323,0.0,0.0,0.0,0.3685084017030605,0.0,0.0,0.0,0.0
0.608170363751328,0.5672589583243158,0.0,0.2454817138563058,0.4586934249561928,0.4456606545913996,0.4938056192744988,0.327380393954938,0.6420120317649853,0.6112786306305596,0.0,0.0,0.822561140402533,0.0,0.8200331861937867,0.6749132645953273,0.6522420790744944,0.6399945184640101,0.0,0.0,0.6137646694895439,0.9426306347420488,0.3414024249542327,0.0,0.5433450133469168,0.5706531176323507,0.9086220563301318,0.8522824482750484,0.7835983327846924,0.7363578730140303,0.6205207219368436,0.4807867712158611,0.2584149806279446,0.4267914307400122,0.0,0.2389636554309462,0.0,0.0,0.1311025259848788,0.3662049818750754,0.0253894241661012,0.0,0.0848777079266885,0.0,0.0,0.0,0.5219966239007734,0.0,0.0,0.0,0.2391195021067743,0.0,0.3560330866991182,0.0,0.0,0.0,0.0,0.6321339665898691,0.0,0.7777787826578074,0.2983813851167205,0.0,0.0,0.0,0.8890860666832424,0.4358151574085137,0.8859462143603637,0.2725843101872283,0.0,0.2522821649196628,0.5161928070725512,0.753334557799146,0.6024708923390036,0.4398282959101199,0.4934031495804361,0.1606944611686614
0.728535284713719,0.5879538914737699,0.0,0.0,0.0,0.4736349505262575,0.0,0.4842685193259128,0.0,0.0,0.0,0.0670333742627327,0.6743386305504719,0.0,0.7951946116677179,0.499716296841651,0.0,0.3484029569657812,0.0,0.6137646694895439,0.0,0.5682357617470244,0.4806048957544291,0.3259661575086531,0.6592722800383151,0.5785432789532223,0.5801176747428171,0.7243300485764486,0.7149371356734766,0.0,0.6742337828426761,0.5986581835403967,0.3149615039047699,0.442110970028919,0.0,0.0,0.0,0.0,0.158494097784494,0.4553175413462614,0.2615145935872694,0.0,0.0,0.0,0.0,0.7562207821941932,0.5790324204529385,0.0,0.0,0.0,0.0686086924497647,0.0,0.6196584042978698,0.0,0.0,0.0,0.0,0.3443979371210179,0.0,0.7722793386915565,0.2229478823144086,0.0,0.0,0.0,0.5493339775035456,0.920898722563633,0.5223550341247475,0.3920140608365789,0.0,0.3241718048408012,0.6343020365413092,0.3076850248402767,0.2354549746724576,0.3372041108309155,0.0,0.0
0.687325692910828,0.6099258498846357,0.0,0.0,0.5039473313152768,0.41334108501001,0.5728608187669909,0.2312510511158137,0.6860754559306201,0.5933024049200388,0.0,0.0,0.7316111168261714,0.0,0.8208633602088781,0.7927226806935805,0.7250936601944313,0.7633591670532518,0.0,0.9426306347420488,0.5682357617470244,0.0,0.3413148300209625,0.0,0.6142503858670333,0.598006326072785,0.8927948953037498,0.7751036857486866,0.7983441946857643,0.6707232371175359,0.5886388053487455,0.5256835916636778,0.3626816559621404,0.3899445092010929,0.0,0.1196479596670527,0.0,0.0,0.2649475415840224,0.37207294371575,0.1290889321021236,0.0,0.1379259369947334,0.0,0.0,0.583685845132653,0.5602877935357072,0.0,0.0,0.0,0.2873188638063013,0.0,0.0,0.0,0.0,0.0,0.0,0.0,0.0,0.7287264016221152,0.4389001509556298,0.0,0.5902904280046499,0.0,0.8379070500434439,0.4182656552492271,0.9391259167728516,0.2536917671879531,0.0,0.3509881544828315,0.5353834789226107,0.7612775205235244,0.6383579738236242,0.526321916255736,0.0,0.2903629223240708
0.3854118808654607,0.693711740648074,0.4293707142383606,0.0757819255853936,0.0,0.7872429249969063,0.1292229954928881,0.7327198694349197,0.2454537933328006,0.5648683456774154,0.4785904305469117,0.58064691618758,0.5444861939929746,0.0,0.4425089633655117,0.1368278047743123,0.0,0.3237915673459678,0.5973413708678281,0.3414024249542327,0.4806048957544291,0.3413148300209625,0.0,0.610260987242916,0.7245923577199415,0.7834127670034949,0.4016947051284762,0.3555775690059398,0.2329992737836804,0.2029288944653022,0.0,0.2521370428007017,0.4539100179255695,0.0,0.0,0.0523296246273679,0.0,0.1157078458530668,0.4667336649760828,0.5031152932423949,0.0449972922852863,0.0512348212618408,0.080509529257981,0.0,0.0,0.0,0.5925463592835122,0.4262214310771786,0.0,0.1492128680183641,0.7318466481216488,0.3091598288246391,0.7577176432403008,0.1325430600039499,0.0,0.5131894826476804,0.0,0.6007919106527112,0.1920428631877098,0.3506297422465547,0.0,0.0,0.0,0.5715809160794022,0.2425759622187683,0.4423105299819141,0.2765590190861037,0.9564789709934524,0.0,0.514986145861532,0.7358991108968737,0.3569801787515097,0.1876778239984776,0.3388088043841283,0.3143691747034338,0.2143750995164366
0.4750037042937282,0.0,0.0,0.0,0.0,0.0,0.2888053414159474,0.3711462093232599,0.3021717892569473,0.6848806279505876,0.397181628524438,0.6385449261499808,0.2956807842271111,0.0,0.2644276250864155,0.1212474157860546,0.568091775353838,0.4844648121996547,0.0,0.0,0.3259661575086531,0.0,0.610260987242916,0.0,0.6872887899524515,0.713513106417259,0.2045176032387663,0.1428748008703028,0.0,0.0,0.0518809411485358,0.0178744948954075,0.4286744581483387,0.0,0.0,0.0,0.0,0.3391349439366639,0.4873490123024584,0.4909192837402063,0.120194575650133,0.0,0.0,0.0,0.4764370347863977,0.4748872561142772,0.0,0.0,0.0,0.0,0.0,0.0,0.0,0.0,0.6865593556544197,0.0,0.6095811657706126,0.0,0.0,0.0,0.5382718707321894,0.3344215834422288,0.6434344673833132,0.0,0.0,0.0,0.0,0.0,0.8783610367744175,0.6646302664106272,0.7894902545948065,0.0,0.3287588441052362,0.0,0.0,0.5639610882642908
0.6355341539126129,0.8489743620900444,0.0,0.0,0.2071979019073669,0.6072765015399811,0.4925760162709992,0.4119337310919168,0.3571422681944222,0.8609939654859087,0.0,0.3783000788702206,0.6422083684106644,0.0,0.6036639447853073,0.4030802376436405,0.810339087728768,0.7522800716615841,0.0,0.5433450133469168,0.6592722800383151,0.6142503858670333,0.7245923577199415,0.6872887899524515,0.0,0.8273164494670542,0.6609482583127133,0.5610964059416536,0.6913104985159361,0.0,0.352084542680455,0.3718516656430076,0.5502842372303169,0.055484561334647,0.0,0.0,0.0,0.3010689375002525,0.4885383356556533,0.4733350607173536,0.2182933873779551,0.0109208286253777,0.0,0.0,0.0,0.5953873115568447,0.7019893160717927,0.0,0.0,0.0,0.0,0.0,0.0,0.0,0.7667485610087856,0.0,0.4209067004274148,0.6454543491551067,0.0,0.4744663369603223,0.5993770611243145,0.5773342520260386,0.6745710871927478,0.0,0.5132514136518898,0.6187569252854999,0.5689792998489972,0.5457204784089136,0.6763280913546744,0.7932243138712816,0.7930758049087324,0.0,0.0,0.6320396704077456,0.0,0.4136917628890511
0.6303207783235022,0.7226783702658102,0.0,0.0,0.189619818918253,0.7095307630556748,0.3469066603278927,0.6287913935629631,0.3719764192062252,0.7854369759162835,0.579807381922352,0.6936251627020364,0.7462277788521784,0.0,0.6043300448534966,0.4278682596169398,0.7927796055336309,0.5576233278803778,0.0,0.5706531176323507,0.5785432789532223,0.598006326072785,0.7834127670034949,0.713513106417259,0.8273164494670542,0.0,0.5115550484326058,0.6141069533827351,0.4943787892686089,0.0,0.3010749902320693,0.3474603281228589,0.4493339316892222,0.1357894049779849,0.0,0.0985373930724063,0.0,0.185715998289294,0.3574556664502255,0.491728043887786,0.047960245540704,0.0,0.0,0.0,0.3106057475405832,0.4787121011146088,0.498945520646929,0.0,0.0,0.0,0.4425363480339376,0.0,0.0,0.0,0.5950678602013746,0.0,0.6249574018173127,0.5986454230004243,0.0,0.5112235421767273,0.2990655550390693,0.5671970695365419,0.5092620354831393,0.0,0.43601325228741,0.4665650082715146,0.5127359850578292,0.6249841119767804,0.5881851972245037,0.4868510049208973,0.7832136982659554,0.3129094000533181,0.3866492047983599,0.3107320910506905,0.0,0.2542222628177727
0.5781563127141831,0.7246069028626186,0.7228022952846913,0.1321968716877953,0.3792383281630511,0.4663637741883494,0.5038421934264327,0.2293106236698247,0.5629469036288803,0.5816184476564319,0.6028975826562909,0.2126627874189086,0.7204574839545976,0.0,0.758876753664597,0.6554587103619861,0.0,0.697612790191765,0.3603634509100294,0.9086220563301318,0.5801176747428171,0.8927948953037498,0.4016947051284762,0.2045176032387663,0.6609482583127133,0.5115550484326058,0.0,0.7743993902545488,0.8375757502166497,0.5871412304170195,0.5001852295168885,0.4410177350455167,0.3389764064511836,0.290951110300978,0.0,0.1127727040959304,0.0,0.2705274765437456,0.229815156953887,0.2630319879089243,0.0492119163478886,0.0,0.0928833260449232,0.0426057099150557,0.0,0.0,0.7080666934173885,0.4872545399285636,0.0,0.2576322511500141,0.3579638734933253,0.5147994588910195,0.3409262257322548,0.4229480924407741,0.0,0.455753587866851,0.0,0.6160591412425475,0.0858507038078918,0.6792454430692416,0.0,0.0,0.0,0.2553220923498366,0.836182267034838,0.4462877116541949,0.8303112000717311,0.3392012911559789,0.0,0.0,0.4805353519985478,0.910524789832209,0.58567904634657,0.5571172154379419,0.4890111113378939,0.2141307443200648
0.6369383457451718,0.5940502834502205,0.5515098510513243,0.2078083415983764,0.3234962445467051,0.4968737929439236,0.3776877446645308,0.3206796860373764,0.443102348829488,0.661644675710047,0.479873678934191,0.2690760012094365,0.8825418732678346,0.0,0.7963170661897786,0.6424828813017539,0.6874489432194076,0.4603869832780927,0.2328510747380319,0.8522824482750484,0.7243300485764486,0.7751036857486866,0.3555775690059398,0.1428748008703028,0.5610964059416536,0.6141069533827351,0.7743993902545488,0.0,0.7327981849715556,0.6852967850450855,0.67868903889571,0.5657665220293315,0.2864976474551877,0.4503577357128011,0.0,0.2911717980439027,0.0493939488108064,0.2103982611170527,0.0865044000400481,0.3753366042608265,0.117652524696543,0.0,0.0,0.0,0.0559864448364136,0.0,0.0,0.2838336831989037,0.0,0.0,0.1767129771053323,0.0,0.341634540602531,0.3705169278384432,0.4099995649891205,0.0,0.3883012078044472,0.5647276530548926,0.0,0.7482196782059727,0.0,0.0,0.0,0.0,0.7824842352188756,0.5647250425175436,0.7771949193144576,0.2895689455209606,0.0,0.14088301833008,0.5023634450856221,0.50581432055689,0.5822026987174268,0.3382126084436115,0.0,0.0853508594652884
0.6589577342830353,0.5809906589202216,0.0,0.1453517362698814,0.2956915327433299,0.254965345462155,0.6172263202678427,0.1108933885106035,0.3338298449346768,0.7014039642930715,0.0,0.0,0.6805548125577389,0.0,0.7539056105187834,0.7251584759420849,0.6193739035587572,0.7572836870308207,0.0,0.7835983327846924,0.7149371356734766,0.7983441946857643,0.2329992737836804,0.0,0.6913104985159361,0.4943787892686089,0.8375757502166497,0.7327981849715556,0.0,0.5039957331557345,0.7246496245745198,0.5225460806408042,0.2769916598723932,0.36926415228026,0.0,0.2114362895685936,0.0,0.0,0.1779144527193348,0.2525635245270873,0.2249574354155033,0.0,0.0,0.0,0.0,0.0,0.5328693132460027,0.2129637891798508,0.0,0.0,0.0,0.4088160207350754,0.2306376390058917,0.2446429809220002,0.0,0.0,0.0,0.4413290091526929,0.0,0.7339675330238595,0.0,0.0,0.0,0.0,0.7024100421226245,0.6339382282900641,0.7034234519709412,0.103210251020148,0.0,0.0,0.4671623141327155,0.6414155866513609,0.4598187590858103,0.5906036489869718,0.3728440458475034,0.2332098349982149
0.0,0.0,0.0,0.0,0.0,0.2972668235989155,0.0,0.2407836393583592,0.4075291271628218,0.0,0.0,0.0,0.5599470487885057,0.0,0.0,0.5186928128851628,0.0,0.4209801330270913,0.0,0.7363578730140303,0.0,0.6707232371175359,0.2029288944653022,0.0,0.0,0.0,0.5871412304170195,0.6852967850450855,0.5039957331557345,0.0,0.4665979667694611,0.4166011712138436,0.0,0.3457094883964988,0.0,0.0,0.0,0.0,0.0,0.0,0.0,0.0,0.0,0.0,0.0,0.0,0.0,0.0,0.0,0.0,0.0,0.0,0.0,0.0,0.0,0.0,0.0,0.0,0.0,0.0,0.0,0.0,0.0,0.0,0.5917896950797266,0.0,0.0,0.161512334901094,0.0,0.0,0.0,0.4528623228664553,0.0,0.2183547305792839,0.0,0.0
0.6773340951428134,0.2977054641118394,0.2427952754389525,0.1306730331181631,0.2391180176023144,0.1133086922762735,0.4050854578922536,0.1770148530930667,0.0743857508639698,0.5475385186992333,0.248384645794408,0.0,0.559797983627992,0.1997879021048298,0.5987660623873102,0.6883395149324847,0.4685343578499248,0.4374719055340054,0.0,0.6205207219368436,0.6742337828426761,0.5886388053487455,0.0,0.0518809411485358,0.352084542680455,0.3010749902320693,0.5001852295168885,0.67868903889571,0.7246496245745198,0.4665979667694611,0.0,0.5583071157511835,0.2180787606775016,0.639860507132052,0.1893390744228847,0.3266377157382472,0.0684100726946399,0.3075659917399748,0.0,0.2369703234900689,0.3189028217437052,0.0,0.0,0.0,0.0,0.0,0.3089012166990902,0.0,0.0,0.0,0.0,0.0,0.1924858054230083,0.0,0.2730642777507964,0.0,0.0424544353750426,0.0,0.0,0.6588234389481049,0.1568919685483622,0.2820557359351522,0.3161677110468273,0.0,0.575687505716158,0.6173493464908193,0.538232478228939,0.0,0.1265283732515186,0.0782867864700624,0.3148938310664679,0.2281808822669939,0.3672696201234101,0.1996099051281935,0.0,0.0
0.6135539229675093,0.4371177203008642,0.2227478783143848,0.0,0.1470464193573363,0.3714464767287906,0.3018770567910049,0.3186152685504384,0.0646603286815545,0.3911054499224427,0.2436819439760557,0.0,0.4564443242383693,0.0,0.5679143509283416,0.4695709075734324,0.4314575558869268,0.2825303916985791,0.1435933943753168,0.4807867712158611,0.5986581835403967,0.5256835916636778,0.2521370428007017,0.0178744948954075,0.3718516656430076,0.3474603281228589,0.4410177350455167,0.5657665220293315,0.5225460806408042,0.4166011712138436,0.5583071157511835,0.0,0.3947802554434338,0.4683198038722794,0.0342120904418235,0.2723863477882587,0.0,0.1856429771027622,0.3574608147653014,0.380957916325816,0.4341289534633287,0.0,0.0,0.0,0.0,0.4985495623317687,0.4942135740118008,0.0,0.0,0.0,0.0732228884197386,0.2604175008463791,0.3941516062341917,0.1431300465094177,0.2999420161103003,0.0,0.0769969508695968,0.3383565812670845,0.0,0.5885378482343893,0.1672248143977047,0.4382278881885386,0.2896247423767238,0.1212442477815137,0.5660292951688436,0.5851122086398515,0.5354063899884468,0.1666893361553197,0.1298871984917458,0.0622578180468749,0.3334262342060677,0.2750420936817794,0.3297353884977169,0.1585321438985852,0.0,0.0
0.4487218543491171,0.5273581149496752,0.4526126017778681,0.0,0.2494339091085966,0.4359921033767714,0.3817180545039573,0.2899135835892029,0.2838526544733989,0.4921937056226572,0.4568462044727224,0.077780052143795,0.3559115634840621,0.0,0.2525463977425006,0.2742437761522459,0.6071551862848968,0.500718035967194,0.0,0.2584149806279446,0.3149615039047699,0.3626816559621404,0.4539100179255695,0.4286744581483387,0.5502842372303169,0.4493339316892222,0.3389764064511836,0.2864976474551877,0.2769916598723932,0.0,0.2180787606775016,0.3947802554434338,0.0,0.1755718968241066,0.0,0.0,0.0,0.4347861266639241,0.5580564883796983,0.524332159255721,0.4362608941906957,0.1823096097407496,0.0,0.0,0.2726490937041472,0.3987188927106556,0.5064769139429391,0.0,0.0,0.0,0.0,0.0,0.0,0.0,0.535835646620446,0.0,0.2704146308401494,0.0,0.0,0.1829348896424522,0.4207359394184877,0.4585469483884156,0.5082049522845561,0.0,0.3390263939974909,0.3044259074737267,0.4156984446390434,0.3750417879254948,0.4681929705883918,0.485494801664745,0.5217770573532038,0.2779263082918116,0.4920427095447063,0.0,0.0,0.3589753545727182
0.5029363942938894,0.2471850200944257,0.0620197189633848,0.0,0.0463598157166134,0.1682660515862754,0.2413545258091516,0.2636741192662393,0.0,0.2196576971901758,0.0947466801336727,0.0,0.3881307200382505,0.1533100111054169,0.3875978072269104,0.4665542876072007,0.1805905477540772,0.1346936754712113,0.0,0.4267914307400122,0.442110970028919,0.3899445092010929,0.0,0.0,0.055484561334647,0.1357894049779849,0.290951110300978,0.4503577357128011,0.36926415228026,0.3457094883964988,0.639860507132052,0.4683198038722794,0.1755718968241066,0.0,0.2445344269666928,0.3609340902431924,0.0244680853147537,0.1979026203151269,0.0,0.2376374426084208,0.2611179868283171,0.0,0.0,0.0,0.0,0.4823127950155919,0.3000694743328195,0.0,0.0,0.0,0.0,0.0,0.3137953982205654,0.0,0.0,0.0,0.0,0.0201101500638271,0.0,0.4917547685301064,0.0,0.0871760194431942,0.0,0.0,0.34449359286384,0.4066899289789328,0.311454233800862,0.0,0.0,0.0,0.0844668119378844,0.0375946582545789,0.0500116506004053,0.0,0.0,0.0
0.0,0.0,0.0,0.0960092288816683,0.0,0.0137088195010777,0.0,0.0684118868282197,0.0,0.0,0.0,0.0,0.0,0.0,0.0,0.0153555796934113,0.0,0.0,0.0,0.0,0.0,0.0,0.0,0.0,0.0,0.0,0.0,0.0,0.0,0.0,0.1893390744228847,0.0342120904418235,0.0,0.2445344269666928,0.0,0.3144733854848385,0.2979410368430791,0.0,0.0,0.0,0.0,0.0,0.0,0.0,0.0,0.0,0.0,0.0,0.0,0.0,0.0,0.0,0.0,0.0,0.0,0.0,0.0,0.0,0.0,0.0526574402958968,0.0,0.0,0.0,0.0,0.0,0.0,0.0,0.0,0.0,0.0,0.0,0.0,0.0,0.0,0.0,0.0
0.0,0.0,0.0,0.2932854751243557,0.0,0.1962524867156728,0.0107294299666475,0.2622686936211324,0.0,0.0797483555152385,0.0,0.1008236498195749,0.2956066940818158,0.0815084877695245,0.3325314942943776,0.0,0.0,0.0,0.0,0.2389636554309462,0.0,0.1196479596670527,0.0523296246273679,0.0,0.0,0.0985373930724063,0.1127727040959304,0.2911717980439027,0.2114362895685936,0.0,0.3266377157382472,0.2723863477882587,0.0,0.3609340902431924,0.3144733854848385,0.0,0.3845564970022687,0.0,0.0,0.0439477318595897,0.0,0.0,0.0,0.0,0.0,0.0,0.0,0.0,0.0,0.0,0.0,0.0,0.2704182790736025,0.0,0.0,0.0,0.0811538223879505,0.0,0.0,0.0,0.0,0.0,0.0,0.0,0.0791632318325571,0.0,0.0184167797856928,0.0161024471876184,0.0,0.0,0.0,0.0,0.0,0.0,0.0,0.0
0.0,0.0,0.0,0.1270581730607023,0.0,0.0,0.0,0.0,0.0,0.0,0.0,0.084105621737196,0.0292882631752349,0.0891851658708184,0.0,0.0,0.0,0.0,0.0,0.0,0.0,0.0,0.0,0.0,0.0,0.0,0.0,0.0493939488108064,0.0,0.0,0.0684100726946399,0.0,0.0,0.0244680853147537,0.2979410368430791,0.3845564970022687,0.0,0.0,0.0,0.0,0.0375815170599321,0.0,0.0,0.0,0.0,0.0,0.0,0.0,0.0,0.0,0.0,0.0,0.0,0.0,0.0,0.0,0.0,0.0,0.0,0.0,0.0,0.0,0.0,0.0,0.0,0.0,0.0,0.0,0.0,0.0,0.0,0.0,0.0,0.0,0.0,0.0
0.4107993833185467,0.0,0.0,0.0,0.3794322012022074,0.0,0.2190575001154646,0.0,0.3273506680490156,0.3306421513764342,0.3756197655304616,0.0,0.2232014354013687,0.0,0.0,0.0,0.3976817404771708,0.0,0.2632196158564335,0.0,0.0,0.0,0.1157078458530668,0.3391349439366639,0.3010689375002525,0.185715998289294,0.2705274765437456,0.2103982611170527,0.0,0.0,0.3075659917399748,0.1856429771027622,0.4347861266639241,0.1979026203151269,0.0,0.0,0.0,0.0,0.2829241875944177,0.3410247184157347,0.3533797815291247,0.1977181643477498,0.0,0.0,0.3167448901436026,0.0,0.0,0.0,0.0,0.0,0.0,0.0,0.0,0.0,0.3696325237862662,0.0,0.1849538557099529,0.0,0.0,0.0,0.0,0.0,0.0,0.0,0.0,0.0,0.0,0.0,0.4281619909910474,0.3634426069898565,0.4813157703103906,0.0,0.4559684184175613,0.0,0.0,0.0
0.2847331449048942,0.3544236092762244,0.4098766394761038,0.0,0.3264776866938597,0.2714615440949468,0.3141161956227357,0.1372142012836025,0.3120641989292426,0.4187875396893524,0.307885719227439,0.1351188207046921,0.2165450389065159,0.0,0.148753910607403,0.0,0.0,0.3881842687492392,0.4823790491363225,0.1311025259848788,0.158494097784494,0.2649475415840224,0.4667336649760828,0.4873490123024584,0.4885383356556533,0.3574556664502255,0.229815156953887,0.0865044000400481,0.1779144527193348,0.0,0.0,0.3574608147653014,0.5580564883796983,0.0,0.0,0.0,0.0,0.2829241875944177,0.0,0.4058039727182232,0.6020594979453234,0.3334415743380425,0.2574121589620863,0.1491780884033421,0.3893434468131367,0.2153703901555498,0.3875747190175008,0.3700902402762288,0.0005936917897776,0.5359737359323196,0.5609251816997486,0.6162246338671162,0.1254248346393335,0.4055825667515286,0.5346715024980037,0.4721833240701293,0.1935281726212295,0.5913732703738822,0.5132551972176406,0.0924298983156928,0.5978948898724256,0.4220484566193952,0.5989112551378004,0.4453358264450828,0.3071258774409585,0.2061945069868185,0.3871273539844565,0.4083921718471965,0.4788493791662802,0.4181947557083448,0.4504785183933423,0.3219681574265099,0.4130149106935291,0.4797161660025959,0.5590466148895743,0.6477036897948295
0.4533331503394842,0.3891386035939468,0.0,0.0,0.0,0.0,0.0,0.0,0.0,0.5027393420117239,0.0,0.3047727205926632,0.4013652599258497,0.0,0.3245039642347672,0.1743172148275931,0.5110344919990294,0.3134452969242766,0.0,0.3662049818750754,0.4553175413462614,0.37207294371575,0.5031152932423949,0.4909192837402063,0.4733350607173536,0.491728043887786,0.2630319879089243,0.3753366042608265,0.2525635245270873,0.0,0.2369703234900689,0.380957916325816,0.524332159255721,0.2376374426084208,0.0,0.0439477318595897,0.0,0.3410247184157347,0.4058039727182232,0.0,0.362468628566641,0.0977863080846531,0.1795355380270033,0.2069366472232743,0.3627704846763914,0.5030452935016619,0.4251666773299387,0.1929477623328712,0.0,0.2643520261404981,0.3227694926673825,0.3643099970806892,0.4391537124373804,0.3167157246786952,0.5045872482208137,0.2705333195598884,0.4675777740003226,0.541508930104894,0.0,0.3137854510483818,0.2856381256315379,0.5232274780934543,0.4716982652885834,0.3609000400433569,0.3234594583205519,0.5032360142439247,0.349396795173868,0.4255192266185293,0.5021845195490424,0.3984241592305019,0.6197205001988038,0.1782164847233062,0.4014265166109763,0.369946891053304,0.4305231812136337,0.2808169830831644
0.3498519212133852,0.0835911496132788,0.1377153760527488,0.0,0.0,0.0,0.3343645773744623,0.0,0.0592203931069118,0.336899576819661,0.0,0.0,0.1645498079684767,0.0,0.0762056135967311,0.1325094098799352,0.0,0.2078881155818306,0.0,0.0253894241661012,0.2615145935872694,0.1290889321021236,0.0449972922852863,0.120194575650133,0.2182933873779551,0.047960245540704,0.0492119163478886,0.117652524696543,0.2249574354155033,0.0,0.3189028217437052,0.4341289534633287,0.4362608941906957,0.2611179868283171,0.0,0.0,0.0375815170599321,0.3533797815291247,0.6020594979453234,0.362468628566641,0.0,0.2207997157332609,0.1363687288414349,0.1623316285073772,0.2733291769093012,0.3747306393674698,0.1719246230623791,0.0,0.1727965339222237,0.3153684972467271,0.0,0.3560328766971138,0.0,0.2405940633921179,0.3793588642300352,0.0,0.0,0.2929182205007213,0.3777754595010218,0.1027415901598347,0.4390323561350911,0.3720836187489969,0.3998641417121464,0.1107434327624029,0.2254513093163208,0.3751283169253636,0.2733749551491997,0.0,0.1757761308332145,0.1042597728220498,0.2023969648482487,0.0,0.365395664921438,0.2215367503085551,0.4904829383569897,0.4520436430758024
0.0,0.0,0.0,0.0,0.0,0.0,0.0,0.0,0.0,0.0,0.0,0.0977700008950758,0.0,0.0,0.0,0.0,0.0,0.0724831896385219,0.0,0.0,0.0,0.0,0.0512348212618408,0.0,0.0109208286253777,0.0,0.0,0.0,0.0,0.0,0.0,0.0,0.1823096097407496,0.0,0.0,0.0,0.0,0.1977181643477498,0.3334415743380425,0.0977863080846531,0.2207997157332609,0.0,0.2093854277315021,0.0385334119653386,0.2499055708624626,0.0,0.0,0.2626087652721495,0.0,0.3876875025915178,0.1875936205214871,0.1266528394825367,0.0,0.1549661634197505,0.0712425238448551,0.3577790142827596,0.0,0.111184280679755,0.0,0.0,0.2889504467640607,0.0,0.2045395226326005,0.2621410608303171,0.0,0.0,0.0,0.0961558820169572,0.1989614175117498,0.255106139555782,0.1257961978314299,0.0,0.0302549673838889,0.3057487396578382,0.1900612833994659,0.4260498479672591
0.0,0.0,0.4086210775677695,0.0,0.4750566850007539,0.0,0.2022983497881512,0.0,0.4661271107956408,0.0,0.4092642640715315,0.1834334764041413,0.0,0.113225850957183,0.0,0.0,0.0,0.0,0.3466855325877818,0.0848777079266885,0.0,0.1379259369947334,0.080509529257981,0.0,0.0,0.0,0.0928833260449232,0.0,0.0,0.0,0.0,0.0,0.0,0.0,0.0,0.0,0.0,0.0,0.2574121589620863,0.1795355380270033,0.1363687288414349,0.2093854277315021,0.0,0.4141530061968023,0.3878578857671939,0.0,0.0,0.3215347108355764,0.0,0.5653068194289125,0.2606689497428667,0.3932633301147804,0.0,0.483326389597544,0.2948963280844262,0.4393117898737292,0.2619601890126525,0.4286844436992623,0.4950114236440524,0.0,0.0,0.1017409484451951,0.0,0.3250717649454304,0.1639155267746302,0.0,0.2529479067251446,0.1596066573554092,0.276381711261483,0.2340081914926331,0.2651843586766115,0.2408298474218,0.4357922096230561,0.2929690095687813,0.0,0.389736586740266
