0.0,0.4902232464041301,0.0,0.0,0.0,0.3130342838027941,0.0,0.3046366600825319,0.0,0.7029391665793974,0.0,0.1355147615526979,0.0,0.0,0.6821510563205906,0.6941183288815058,0.6884530058106907,0.5413471303415016,0.0,0.5971767049602613,0.7153658361269902,0.6749011740645188,0.3784449404079829,0.4664172473389904,0.6240458505446419,0.6189267151155133,0.5677052062336314,0.6254246593483581,0.6470460119758888,0.0,0.6650901905177589,0.6024629476733182,0.4406104841593885,0.493845008981439,0.0,0.0,0.0,0.0,0.2795861347443142,0.4451384235481777,0.3435277842963951,0.0,0.0,0.0,0.0,0.8677032690434359,0.5781772444822468,0.0,0.0,0.0,0.0,0.0,0.0,0.0,0.496059584026945,0.0,0.0,0.0,0.0,0.0,0.41048270502592,0.0,0.6189706494313155,0.0,0.0,0.6984243707296617,0.6410083040556561,0.0,0.5323152873658178,0.4281228260651025,0.7307095150402804,0.0,0.0,0.0,0.0,0.0
0.4902232464041301,0.0,0.0,0.0,0.0410092393768938,0.83052037632781,0.4368000129512046,0.5091722738358794,0.2429015861890026,0.0,0.0,0.0,0.6896554980886265,0.0,0.5805171584384494,0.3623128364683105,0.0,0.5688784457091409,0.0,0.5570048390746917,0.5773256779780109,0.5989004578544763,0.6811717837041013,0.0,0.8336277832110418,0.709614794840364,0.7115084661045584,0.5833118678511688,0.5704883170672443,0.0,0.2923239583895054,0.4292161135226662,0.5178252677048735,0.242716752761537,0.0,0.0,0.0,0.0,0.3480168317347355,0.3821042966212163,0.0820801049593878,0.0,0.0,0.0,0.0,0.3667254982337466,0.7700963500515363,0.0,0.0,0.0,0.0,0.0,0.0,0.0,0.0,0.0,0.0,0.0,0.0,0.4681389175522586,0.2831988649639746,0.0,0.3218680976978188,0.0,0.4567406333311791,0.4719282385727584,0.500934323039401,0.5105825322000582,0.0,0.5269404368272564,0.5422764270341514,0.4695900619572366,0.0,0.3076155073792133,0.0,0.0458886501077863
0.0,0.0,0.0,0.0,0.6466190352026817,0.31095812623566,0.4113453995689368,0.195550664852953,0.8426377807152197,0.5195989754717979,0.7937083378489141,0.0,0.5570431298797188,0.0479310279523158,0.0,0.0,0.0,0.0,0.5846794803574827,0.0,0.0,0.0,0.4216091470713962,0.0,0.0,0.0,0.7097364797149461,0.541540422279801,0.0,0.4488356573879757,0.2384063598104522,0.2187213516755043,0.0,0.0608986126595596,0.0,0.0,0.0,0.0,0.4024674591059274,0.0,0.0,0.0,0.4012345935011851,0.0,0.0,0.0,0.0,0.7749236701611455,0.0,0.5911428313318611,0.4704188810541813,0.0,0.1825389523635223,0.7804165326396889,0.0,0.7398858258590842,0.0,0.0,0.4088851019579225,0.0,0.0,0.0,0.0,0.511088719033405,0.0,0.0,0.0,0.3811758150786113,0.0,0.0,0.0,0.7573066009432954,0.0,0.0,0.0,0.0
0.0,0.0,0.0,0.0,0.0,0.0130107256453965,0.2046662089243413,0.0600509149303832,0.1577946161757961,0.1146105331751714,0.0275099251264313,0.0,0.2155695536249694,0.0,0.0,0.0,0.0,0.0,0.170220751115415,0.0,0.0,0.0,0.0744120452326633,0.0,0.0,0.0,0.1298072003272614,0.2040518711459554,0.0,0.0,0.0,0.0,0.0,0.0,0.0942737074455234,0.2879838678214201,0.1247613919537939,0.0,0.0,0.0,0.0,0.0,0.0,0.0,0.0,0.0,0.0,0.0,0.0,0.0,0.0,0.0,0.0,0.0,0.0,0.0,0.0,0.0,0.0,0.0,0.0,0.0,0.0,0.0,0.0,0.0,0.0,0.0,0.0,0.0,0.0,0.0,0.0,0.0,0.0,0.0
0.0,0.0410092393768938,0.6466190352026817,0.0,0.0,0.0,0.4520116216690408,0.0,0.7891147148483938,0.3155520116357501,0.5744541890654098,0.1608374968532684,0.3157599951071975,0.2944898434605346,0.0,0.0,0.0,0.0,0.260107060016962,0.4504018025683975,0.0,0.4948376716880376,0.0,0.0,0.2034524661354819,0.0,0.372382984613256,0.3176485289316244,0.2903464320739443,0.0,0.2347955743314828,0.1443883185072862,0.2449249894849119,0.0455217873844509,0.0,0.0,0.0,0.3725733530849946,0.0,0.0,0.0,0.0,0.4664692703344105,0.0,0.0,0.0,0.0,0.4851738009986089,0.0,0.0,0.0,0.0,0.0,0.8599365589310484,0.0,0.4508253166462166,0.0,0.0,0.0,0.0,0.0,0.0,0.0,0.0,0.0,0.0,0.0,0.0,0.0,0.0,0.0,0.5084660783148923,0.0,0.0,0.0,0.0
0.3130342838027941,0.83052037632781,0.31095812623566,0.0130107256453965,0.0,0.0,0.2521411717975774,0.7359806369520882,0.197207049528822,0.4190171200377199,0.403479372084268,0.0,0.6823670865228894,0.0,0.4389458964830649,0.1665401498254752,0.0,0.2563698491399372,0.479940127767345,0.4376046205173937,0.4650732360002624,0.4058692792072738,0.7730122412626425,0.0,0.5962990007479613,0.6967048518049439,0.4579334978849858,0.487891998914772,0.2503564362179296,0.2918932470102888,0.1112604551782609,0.3647319834425477,0.4281108439372971,0.1652243717091943,0.0134610105103641,0.1927049069511109,0.0,0.0,0.2665544394930918,0.0,0.0,0.0,0.0,0.0,0.0,0.0,0.0,0.1782256826113197,0.0,0.0,0.6986192604114702,0.2248644389840993,0.709039293307431,0.1053031447138668,0.0,0.2702402607420313,0.0,0.5745463576688982,0.0,0.3735553376187422,0.0,0.0,0.0,0.486385477201584,0.261085840159671,0.3614251690520603,0.3048755177055216,0.6500258412119049,0.0,0.0,0.0,0.2537553612964729,0.1454912752590407,0.0934788438103857,0.0,0.0
0.0,0.4368000129512046,0.4113453995689368,0.2046662089243413,0.4520116216690408,0.2521411717975774,0.0,0.1475451880510632,0.379335259917655,0.5193743924282097,0.3928372927118682,0.2170943444047245,0.4667298146501765,0.1398262369564799,0.0,0.4682532590078203,0.5032113151923252,0.7311445285710215,0.3779703541890373,0.4848792874257556,0.0,0.5625054368679964,0.1268870817340433,0.2835847197451047,0.4836719114768358,0.3406357637447887,0.4947344343358603,0.3708604304087064,0.6060689604780045,0.0,0.3977628858454655,0.2964201428125908,0.3748178859069189,0.2369916540505559,0.0,0.0105354782401142,0.0,0.2150976830059316,0.0,0.0,0.0,0.0,0.0,0.0,0.0,0.0,0.0,0.0,0.0,0.0,0.1708812089944094,0.0,0.0,0.0,0.0,0.0,0.0,0.0,0.0,0.0,0.0,0.0,0.0,0.0,0.0,0.0,0.0,0.0,0.0,0.0,0.0,0.4168384635277747,0.0,0.0,0.0,0.0
0.3046366600825319,0.5091722738358794,0.195550664852953,0.0600509149303832,0.0,0.7359806369520882,0.1475451880510632,0.0,0.0361856208594348,0.3788392107330117,0.2977393115031551,0.0,0.4898754942650469,0.2194397197020292,0.4009169951266897,0.1181930577906428,0.0,0.0850542465512298,0.3829395566458017,0.3214624660838305,0.4755145859183635,0.2270708159340772,0.7194747777400272,0.3644371438539565,0.4044873654778118,0.617424976447615,0.225165464839258,0.3148828842534558,0.1088888119180334,0.2364310872917817,0.173815024538692,0.3128557844373654,0.2846729286562402,0.258907784909912,0.0671752317955683,0.2575277645967966,0.0,0.0,0.13473383361015,0.0,0.0,0.0,0.0,0.0,0.0,0.0,0.0,0.1278022088302737,0.0,0.0,0.3835098087241795,0.0202923027061293,0.7976783452707926,0.0,0.0,0.2279854234748825,0.0,0.3078765999005885,0.0,0.3880188895554723,0.0,0.0,0.0,0.3492241277430744,0.1212652476838635,0.4140553267166936,0.0,0.6084779418455682,0.0,0.0,0.0,0.039826512236277,0.0,0.0,0.0,0.0
0.0,0.2429015861890026,0.8426377807152197,0.1577946161757961,0.7891147148483938,0.197207049528822,0.379335259917655,0.0361856208594348,0.0,0.3099942483770185,0.7142830443600333,0.415925340219676,0.4554213300587332,0.0,0.0,0.3502632115046113,0.0,0.0,0.5378724735043752,0.6304066303221263,0.0,0.673673537131251,0.2410168207117915,0.0,0.0,0.0,0.5527707317124961,0.4350925602523133,0.327795332850186,0.4001623818584071,0.0730411086178867,0.0634914891043372,0.2787215605954094,0.0,0.0,0.0,0.0,0.3214332775215316,0.3064231359501553,0.0,0.0,0.0,0.45770111256425,0.0,0.0,0.0,0.0,0.7975604429754818,0.0,0.0,0.4736886100296845,0.0,0.0,0.9011524239253376,0.0,0.7335981977559328,0.0,0.0,0.3708989647785393,0.0,0.0,0.0,0.0,0.5082236122549001,0.0,0.0,0.0,0.2626136616018276,0.0,0.0,0.0,0.6737914166714561,0.0,0.0,0.0,0.0
0.7029391665793974,0.0,0.5195989754717979,0.1146105331751714,0.3155520116357501,0.4190171200377199,0.5193743924282097,0.3788392107330117,0.3099942483770185,0.0,0.5435107826728015,0.3958741532927187,0.6844068698612785,0.1261665864189227,0.0,0.4123850188304756,0.811016314089079,0.67286568879881,0.3919641536945773,0.0,0.0,0.5825775084298883,0.5546574406014967,0.6725003075912436,0.8454301129177987,0.7712389376201564,0.5711047575109858,0.6496843826092533,0.0,0.0,0.5376408781558563,0.3840355890346931,0.4832965117091789,0.2156870305518921,0.0,0.0783067755535393,0.0,0.3246652619868305,0.4112172804467012,0.4936515187366289,0.3308095743875062,0.0,0.0,0.0,0.332872970993021,0.0,0.0,0.0,0.0,0.0,0.0,0.0,0.0,0.0,0.8444328284129646,0.0,0.4640582685941576,0.0,0.0,0.0,0.0,0.6173732156718357,0.6799350894519196,0.0,0.0,0.0,0.0,0.0,0.6346012411320001,0.5710847551768444,0.7490748203755989,0.0,0.5088848119017679,0.0,0.0,0.3922702168044429
0.0,0.0,0.7937083378489141,0.0275099251264313,0.5744541890654098,0.403479372084268,0.3928372927118682,0.2977393115031551,0.7142830443600333,0.5435107826728015,0.0,0.3418897277797542,0.5015596597104695,0.0416491469956481,0.0,0.0,0.0,0.0,0.6432574889169738,0.0,0.0,0.0,0.4699391377386785,0.0,0.0,0.0,0.5919992378753993,0.4711991893446695,0.0,0.0,0.2438946932949794,0.2392770003857561,0.4485879735701383,0.093033981299499,0.0,0.0,0.0,0.3688298333279927,0.3023201889984576,0.0,0.0,0.0,0.4018661533730314,0.0,0.0,0.0,0.0,0.6618223065111979,0.0,0.5649891966553279,0.4494703081374184,0.5887887245402713,0.2573266114466104,0.6852434869289882,0.0,0.7364474891350282,0.0,0.6943135021161378,0.4773903629284332,0.0,0.0,0.0,0.0,0.5547413728368537,0.0,0.0,0.0,0.3809086711401482,0.0,0.0,0.0,0.581124427305265,0.0,0.0,0.0,0.0
0.1355147615526979,0.0,0.0,0.0,0.1608374968532684,0.0,0.2170943444047245,0.0,0.415925340219676,0.3958741532927187,0.3418897277797542,0.0,0.4798356849398957,0.0,0.0,0.0,0.3617048276896136,0.3139756508923342,0.0,0.0,0.0,0.0,0.0,0.6270021982249316,0.3714616956874561,0.6810867707938733,0.0,0.2642120191371849,0.0,0.0,0.0,0.0,0.0763740524355128,0.0,0.0,0.0990010999712899,0.0825852771711011,0.0,0.1326763304098409,0.29926346282753,0.0,0.0,0.0,0.0,0.3709282977202264,0.0,0.0,0.0,0.0,0.0,0.0,0.0,0.0,0.0,0.2779968436772165,0.0,0.6809688101357094,0.0,0.0,0.0,0.0,0.1572668635336404,0.244592612369515,0.0,0.0,0.0,0.0,0.0,0.3859468453023142,0.2494627188964768,0.4431184144836705,0.0,0.0,0.0,0.0,0.2490629607727226
0.0,0.6896554980886265,0.5570431298797188,0.2155695536249694,0.3157599951071975,0.6823670865228894,0.4667298146501765,0.4898754942650469,0.4554213300587332,0.6844068698612785,0.5015596597104695,0.4798356849398957,0.0,0.0,0.710849415990546,0.5283394847251269,0.7327285003414702,0.5178713307751265,0.3858976144981542,0.8076920230443684,0.6621488737721586,0.7183860676203425,0.5346437291344718,0.2903358778544668,0.630599417866732,0.7327385099399056,0.7074340546259928,0.8665885075633812,0.6682526882784023,0.5498251040796664,0.5496787335120005,0.4481933579682545,0.349477888773897,0.3811146321839987,0.0,0.2902631270078708,0.0287588306492147,0.2191667099876813,0.2126306385796859,0.0,0.0,0.0,0.0,0.0,0.0,0.0,0.0,0.3386788926431383,0.0,0.0,0.3077988671585361,0.0,0.4448932323017057,0.0,0.0,0.0,0.0,0.0,0.0,0.0,0.0,0.0,0.0,0.0,0.0,0.0,0.0,0.4136381569221524,0.0,0.0,0.0,0.4234975639135545,0.0,0.2885100088929486,0.0,0.0
0.0,0.0,0.0479310279523158,0.0,0.2944898434605346,0.0,0.1398262369564799,0.2194397197020292,0.0,0.1261665864189227,0.0416491469956481,0.0,0.0,0.0,0.0,0.0,0.0,0.0,0.0,0.0,0.0,0.0,0.0,0.0,0.0,0.0,0.0,0.0,0.0,0.0,0.1961764140132765,0.0,0.0,0.1505386857469245,0.0,0.0800350905826133,0.0875730003638367,0.0,0.0,0.0,0.0,0.0,0.1111791113494299,0.0,0.0,0.0,0.0,0.0,0.0,0.0,0.0,0.0,0.0,0.021924447400288,0.0,0.0305000637900725,0.0,0.0,0.0,0.0,0.0,0.0,0.0,0.0,0.0,0.0,0.0,0.0,0.0,0.0,0.0,0.0,0.0,0.0,0.0,0.0
0.6821510563205906,0.5805171584384494,0.0,0.0,0.0,0.4389458964830649,0.0,0.4009169951266897,0.0,0.0,0.0,0.0,0.710849415990546,0.0,0.0,0.6763272467912251,0.0,0.5122792868420964,0.0,0.8052097656792483,0.7808201883905846,0.8060249329620107,0.4345099011862532,0.2596476698988575,0.5927517467746977,0.5934058060113916,0.7451588341612516,0.7819223527394316,0.7402775524338892,0.0,0.5879424014891474,0.5576483844018814,0.2479812148740547,0.3805913526299866,0.0,0.3265204519887208,0.0,0.0,0.1460649441030712,0.3186380324633791,0.0748280744008408,0.0,0.0,0.0,0.0,0.0,0.5438107895241859,0.0,0.0,0.0,0.1593035596354069,0.0,0.5129337848577727,0.0,0.0,0.0,0.0,0.0,0.0,0.9029362262688474,0.2548140891848384,0.0,0.0,0.0,0.6782959997357083,0.6596918024498155,0.7079833577263107,0.3838824809980188,0.0,0.0,0.53716817092971,0.534432524582282,0.3394046278551073,0.3425329011269681,0.0,0.0622928865746609
0.6941183288815058,0.3623128364683105,0.0,0.0,0.0,0.1665401498254752,0.4682532590078203,0.1181930577906428,0.3502632115046113,0.4123850188304756,0.0,0.0,0.5283394847251269,0.0,0.6763272467912251,0.0,0.4987313240993711,0.595618256612454,0.0,0.6627131203811976,0.4906831199766586,0.7783929415498818,0.1343544218400617,0.1190556734751855,0.3957939131822793,0.4201338517369802,0.643610238547436,0.6308689684952086,0.7120500686122978,0.5093166049307586,0.6758966696203604,0.4610826571690036,0.2692863782251343,0.4581205674669671,0.0150780028600925,0.0,0.0,0.0,0.0,0.1711661504294482,0.1301140888882316,0.0,0.0,0.0,0.0,0.5429518274182513,0.2406189425489502,0.0,0.0,0.0,0.0,0.0,0.0,0.0,0.0,0.0,0.0,0.0,0.0,0.6461803375010268,0.29060504552898,0.0,0.4245921006860003,0.0,0.5216341982715619,0.3605956709185508,0.6081130063915845,0.0,0.0,0.1287445118405286,0.2871371131427919,0.0,0.0,0.0,0.0,0.0732834899198859
0.6884530058106907,0.0,0.0,0.0,0.0,0.0,0.5032113151923252,0.0,0.0,0.811016314089079,0.0,0.3617048276896136,0.7327285003414702,0.0,0.0,0.4987313240993711,0.0,0.7191636796225671,0.0,0.6404517530508921,0.0,0.7119864245136697,0.0,0.5578226015951426,0.7956909036564561,0.7784488373817701,0.0,0.6750221964252746,0.0,0.0,0.4600648447511252,0.423658265696279,0.5961798784614923,0.1773260827600021,0.0,0.0,0.0,0.3904930025464432,0.0,0.5017967205284671,0.4238162778994191,0.0,0.0,0.0,0.0,0.0,0.0,0.0,0.0,0.0,0.0,0.0,0.0,0.0,0.73205014532523,0.0,0.413942316667484,0.0,0.0,0.0,0.0,0.7295792732713197,0.7526406272092432,0.0,0.0,0.0,0.0,0.0,0.5082657051276244,0.4735043540540354,0.6886069124595522,0.0,0.0,0.0,0.0,0.0
0.5413471303415016,0.5688784457091409,0.0,0.0,0.0,0.2563698491399372,0.7311445285710215,0.0850542465512298,0.0,0.67286568879881,0.0,0.3139756508923342,0.5178713307751265,0.0,0.5122792868420964,0.595618256612454,0.7191636796225671,0.0,0.0,0.6284255868232976,0.3421050124111422,0.7495602207089216,0.3179385132956693,0.4757073304822802,0.7386813978094852,0.5475433881693357,0.6850023154945992,0.4520647470961313,0.7435945647725354,0.0,0.4295638962872984,0.2774231998497659,0.4916667510541935,0.1322588703611573,0.0,0.0,0.0,0.0,0.3811672129157955,0.3077792683746528,0.2041302030861817,0.0711729392506883,0.0,0.0,0.0,0.4920790297833362,0.4070607080300306,0.0,0.0,0.0,0.0,0.0,0.0,0.0,0.5750156126284007,0.0,0.2112272057310342,0.0,0.0,0.0,0.648732500584383,0.2930432074739811,0.7429519263353604,0.0,0.0,0.0,0.6258513016202293,0.0,0.4311967567744039,0.5782680771612376,0.4695268094073303,0.0,0.0,0.0,0.0,0.4758379168988756
0.0,0.0,0.5846794803574827,0.170220751115415,0.260107060016962,0.479940127767345,0.3779703541890373,0.3829395566458017,0.5378724735043752,0.3919641536945773,0.6432574889169738,0.0,0.3858976144981542,0.0,0.0,0.0,0.0,0.0,0.0,0.0,0.0,0.0,0.5865434635633643,0.0,0.0,0.0,0.3538493011648174,0.228641916552465,0.0,0.0,0.0,0.1409977125129583,0.0,0.0,0.0,0.0,0.0,0.0,0.4736592709454663,0.0,0.0,0.0,0.3404186332447094,0.0,0.0,0.0,0.0,0.5806033433052,0.0,0.0,0.5781097862852861,0.0,0.3291651149908531,0.4450742010219511,0.0,0.7128440953735986,0.0,0.0,0.2914312788132607,0.0,0.0,0.0,0.0,0.8646808499203771,0.0,0.0,0.0,0.5216393741214409,0.0,0.0,0.0,0.3618470188547155,0.0,0.0,0.0,0.0
0.5971767049602613,0.5570048390746917,0.0,0.0,0.4504018025683975,0.4376046205173937,0.4848792874257556,0.3214624660838305,0.6304066303221263,0.0,0.0,0.0,0.8076920230443684,0.0,0.8052097656792483,0.6627131203811976,0.6404517530508921,0.6284255868232976,0.0,0.0,0.6026698846125569,0.925591067900219,0.3352310262901501,0.0,0.5335231771664777,0.5603376434868962,0.8921972493143542,0.8368760704105361,0.7694335309243274,0.7230470185453934,0.6093038105311617,0.4720957760128015,0.2537437136724154,0.4190764882762499,0.0,0.2346440025049644,0.0,0.0,0.128732636685383,0.3595852370498089,0.0249304694343019,0.0,0.0,0.0,0.0,0.0,0.5125606942414316,0.0,0.0,0.0,0.2347970320011338,0.0,0.3495972152611262,0.0,0.0,0.0,0.0,0.0,0.0,0.763719178538447,0.0,0.0,0.0,0.0,0.8730144041432971,0.4279370965523894,0.8699313097079273,0.267656909780026,0.0,0.0,0.5068617907495018,0.7397168224118471,0.5915802606727874,0.4318776911123674,0.0,0.1577896499825233
0.7153658361269902,0.5773256779780109,0.0,0.0,0.0,0.4650732360002624,0.0,0.4755145859183635,0.0,0.0,0.0,0.0,0.6621488737721586,0.0,0.7808201883905846,0.4906831199766586,0.0,0.3421050124111422,0.0,0.6026698846125569,0.0,0.5579639852023802,0.4719171882432477,0.3200737942389583,0.6473548718100619,0.5680851774346859,0.5696311134847988,0.7112366164054883,0.7020134955306456,0.4437142889341001,0.6620459213555396,0.5878364727261322,0.3092680674721028,0.4341191022201929,0.0,0.3190146654542704,0.0,0.0,0.1556290617102384,0.44708694349162,0.2567872961355336,0.0,0.0,0.0,0.0,0.7425508736526519,0.5685654769140258,0.0,0.0,0.0,0.0673684798385459,0.0,0.608457080672286,0.0,0.0,0.0,0.0,0.0,0.0,0.7583191458788119,0.2189177402811185,0.0,0.0,0.0,0.5394038811506711,0.9042519950339546,0.512912625623383,0.3849277753432267,0.0,0.3183118773854062,0.6228360056791655,0.3021231224855642,0.2311987468019613,0.3311086034560512,0.0,0.0
0.6749011740645188,0.5989004578544763,0.0,0.0,0.4948376716880376,0.4058692792072738,0.5625054368679964,0.2270708159340772,0.673673537131251,0.5825775084298883,0.0,0.0,0.7183860676203425,0.0,0.8060249329620107,0.7783929415498818,0.7119864245136697,0.7495602207089216,0.0,0.925591067900219,0.5579639852023802,0.0,0.3351450147763715,0.0,0.6031468208842707,0.5871963986320725,0.8766561897133722,0.7610924383142367,0.7839128376231356,0.6585988343981609,0.5779982109316336,0.5161810141241121,0.3561256009271122,0.3828956341865918,0.0,0.1174851301014793,0.0,0.0,0.2601581880684379,0.3653471260297846,0.1267554417549777,0.0,0.0,0.0,0.0,0.5731347834482537,0.5501596893167885,0.0,0.0,0.0,0.2821251126122445,0.0,0.0,0.0,0.0,0.0,0.0,0.0,0.0,0.7155534982894709,0.4309663238727192,0.0,0.579619977848073,0.0,0.8227605306537333,0.4107048299083328,0.9221497033527088,0.2491058799221483,0.0,0.3446434783195777,0.5257055602990455,0.7475162032927377,0.0,0.5168077999711388,0.0,0.2851141448698095
0.3784449404079829,0.6811717837041013,0.4216091470713962,0.0744120452326633,0.0,0.7730122412626425,0.1268870817340433,0.7194747777400272,0.2410168207117915,0.5546574406014967,0.4699391377386785,0.0,0.5346437291344718,0.0,0.4345099011862532,0.1343544218400617,0.0,0.3179385132956693,0.5865434635633643,0.3352310262901501,0.4719171882432477,0.3351450147763715,0.0,0.5992295370652626,0.7114941838887603,0.7692513195434812,0.3944334263987447,0.3491499317838692,0.2287874366616869,0.1992606278782245,0.0,0.2475792596821002,0.4457048633235917,0.0,0.0,0.0513836823846888,0.0,0.0,0.4582967023010171,0.4940206740433313,0.0441838937585067,0.0503086693531887,0.0790541898550015,0.0,0.0,0.0,0.5818351295358632,0.4185167922753138,0.0,0.1465156051196722,0.7186173413083279,0.3035712670127183,0.744020676524637,0.1301471307320607,0.0,0.5039127562505035,0.0,0.5899316292844965,0.1885713791480692,0.3442915449616991,0.0,0.0,0.0,0.5612486704827857,0.2381910110299296,0.4343150548056438,0.271559769414234,0.9391890731709532,0.0,0.0,0.7225965492923467,0.3505271870993667,0.1842852450721346,0.3326842895889099,0.3086864455750346,0.2104999243387979
0.4664172473389904,0.0,0.0,0.0,0.0,0.0,0.2835847197451047,0.3644371438539565,0.0,0.6725003075912436,0.0,0.6270021982249316,0.2903358778544668,0.0,0.2596476698988575,0.1190556734751855,0.5578226015951426,0.4757073304822802,0.0,0.0,0.3200737942389583,0.0,0.5992295370652626,0.0,0.6748649381865476,0.7006152078966518,0.2008206181819721,0.1402921087428515,0.0,0.0,0.0509431095823472,0.0175513846130671,0.4209254769315309,0.0,0.0,0.0,0.0,0.3330045336437814,0.4785393940231841,0.4820451270547262,0.1180218651203333,0.0,0.0,0.0,0.4678246680746076,0.4663029041479243,0.0,0.0,0.0,0.0,0.0,0.0,0.0,0.0,0.6741486895882162,0.0,0.5985620044609323,0.0,0.0,0.0,0.5285417397748735,0.3283763747312114,0.6318033531258019,0.0,0.0,0.0,0.0,0.0,0.862483246422874,0.6526160039495879,0.7752189467587072,0.0,0.0,0.0,0.0,0.5537665833272641
0.6240458505446419,0.8336277832110418,0.0,0.0,0.2034524661354819,0.5962990007479613,0.4836719114768358,0.4044873654778118,0.0,0.8454301129177987,0.0,0.3714616956874561,0.630599417866732,0.0,0.5927517467746977,0.3957939131822793,0.7956909036564561,0.7386813978094852,0.0,0.5335231771664777,0.6473548718100619,0.6031468208842707,0.7114941838887603,0.6748649381865476,0.0,0.8123613722390615,0.6490005540779655,0.5509536847512165,0.6788139478907333,0.0,0.3457200475347817,0.3651298479145782,0.5403369634024754,0.0544815885299174,0.0,0.0,0.0,0.2956266315795054,0.4797072184413493,0.464778767182631,0.214347382836766,0.0107234170598378,0.0,0.0,0.0,0.5846247270214646,0.6892997286208936,0.0,0.0,0.0,0.0,0.0,0.0,0.0,0.7528883459100463,0.0,0.4132981339414873,0.0,0.0,0.0,0.588542355439959,0.5668980056163645,0.6623771283862508,0.0,0.503973567752071,0.6075718973449084,0.5586940826556821,0.0,0.6641023718682726,0.7788855069000091,0.7787396824761336,0.0,0.0,0.0,0.0,0.4062136180188799
0.6189267151155133,0.709614794840364,0.0,0.0,0.0,0.6967048518049439,0.3406357637447887,0.617424976447615,0.0,0.7712389376201564,0.0,0.6810867707938733,0.7327385099399056,0.0,0.5934058060113916,0.4201338517369802,0.7784488373817701,0.5475433881693357,0.0,0.5603376434868962,0.5680851774346859,0.5871963986320725,0.7692513195434812,0.7006152078966518,0.8123613722390615,0.0,0.5023078670661438,0.6030059811731261,0.4854420964491245,0.0,0.2956325748984466,0.3411794231026717,0.4412114972158127,0.1333347927924093,0.0,0.0967561709968725,0.0,0.1823588825221903,0.3509940795921491,0.4828392675601198,0.0470932868619581,0.0,0.0,0.0,0.3049910484192009,0.4700586089149124,0.4899262768030012,0.0,0.0,0.0,0.0,0.0,0.0,0.0,0.5843110502637252,0.0,0.6136602902774607,0.0,0.0,0.5019823533197355,0.2936594634827815,0.5569440690264295,0.5000563040186661,0.0,0.4281316105473153,0.4581310943380078,0.5034674563599526,0.613686517607779,0.5775528025047793,0.4780503889270921,0.7690558492939755,0.3072530587027058,0.0,0.3051151080668851,0.0,0.2496267859890889
0.5677052062336314,0.7115084661045584,0.7097364797149461,0.1298072003272614,0.372382984613256,0.4579334978849858,0.4947344343358603,0.225165464839258,0.5527707317124961,0.5711047575109858,0.5919992378753993,0.0,0.7074340546259928,0.0,0.7451588341612516,0.643610238547436,0.0,0.6850023154945992,0.3538493011648174,0.8921972493143542,0.5696311134847988,0.8766561897133722,0.3944334263987447,0.2008206181819721,0.6490005540779655,0.5023078670661438,0.0,0.7604008740954326,0.822435219604871,0.5765277070786625,0.491143575938569,0.4330456292197848,0.3328488619786779,0.2856917004017498,0.0,0.1107341558474934,0.0,0.0,0.2256608778716535,0.0,0.0483223317034708,0.0,0.0912043103368596,0.0,0.0,0.0,0.6952672475832727,0.4784466293895965,0.0,0.0,0.3514930999744708,0.5054936295803567,0.3347634351360345,0.4153026245065167,0.0,0.4475151077690912,0.0,0.6049228800933485,0.0842988140728918,0.6669669877521662,0.0,0.0,0.0,0.250706734331071,0.8210669258757933,0.4382203425138954,0.8153019879034741,0.3330696815302543,0.0,0.0,0.471848901602755,0.8940655878440043,0.5750919543401528,0.5470464245243974,0.480171447941722,0.2102599862561377
0.6254246593483581,0.5833118678511688,0.541540422279801,0.2040518711459554,0.3176485289316244,0.487891998914772,0.3708604304087064,0.3148828842534558,0.4350925602523133,0.6496843826092533,0.4711991893446695,0.2642120191371849,0.8665885075633812,0.0,0.7819223527394316,0.6308689684952086,0.6750221964252746,0.4520647470961313,0.228641916552465,0.8368760704105361,0.7112366164054883,0.7610924383142367,0.3491499317838692,0.1402921087428515,0.5509536847512165,0.6030059811731261,0.7604008740954326,0.0,0.7195516775972103,0.6729089419760319,0.6664206414801673,0.5555393809693272,0.2813187410692568,0.4422167943328157,0.0,0.2859083988583006,0.0485010736364557,0.2065949736982326,0.0849406936928657,0.0,0.1155257658317355,0.0,0.0,0.0,0.0,0.0,0.0,0.0,0.0,0.0,0.173518605445611,0.0,0.3354589460742802,0.0,0.0,0.0,0.0,0.0,0.0,0.7346944025049004,0.0,0.0,0.0,0.0,0.7683395724662814,0.5545167278770311,0.0,0.2843345204761255,0.0,0.0,0.0,0.4966709120922983,0.5716784472931092,0.3320988708501993,0.0,0.0838080052217868
0.6470460119758888,0.5704883170672443,0.0,0.0,0.2903464320739443,0.2503564362179296,0.6060689604780045,0.1088888119180334,0.327795332850186,0.0,0.0,0.0,0.6682526882784023,0.0,0.7402775524338892,0.7120500686122978,0.0,0.7435945647725354,0.0,0.7694335309243274,0.7020134955306456,0.7839128376231356,0.2287874366616869,0.0,0.6788139478907333,0.4854420964491245,0.822435219604871,0.7195516775972103,0.0,0.4948851985872774,0.711550415552713,0.5131002186659791,0.2719845895215377,0.3625891080230861,0.0,0.2076142381137537,0.0,0.0,0.1746983624528984,0.0,0.2208909674734997,0.0,0.0,0.0,0.0,0.0,0.5232368422161385,0.0,0.0,0.0,0.0,0.0,0.2264684922359502,0.0,0.0,0.0,0.0,0.4333512765461628,0.0,0.7206998878002185,0.0,0.0,0.0,0.0,0.6897128493707718,0.6224787738479796,0.6907079402039706,0.1013445595115105,0.0,0.0,0.4587176029337986,0.6298209669145133,0.4515067944712569,0.579927536856693,0.0,0.2289941916431571
0.0,0.0,0.4488356573879757,0.0,0.0,0.2918932470102888,0.0,0.2364310872917817,0.4001623818584071,0.0,0.0,0.0,0.5498251040796664,0.0,0.0,0.5093166049307586,0.0,0.0,0.0,0.7230470185453934,0.4437142889341001,0.6585988343981609,0.1992606278782245,0.0,0.0,0.0,0.5765277070786625,0.6729089419760319,0.4948851985872774,0.0,0.4581634570580238,0.409070434102562,0.0,0.3394602326241157,0.0,0.0,0.0,0.0,0.034091549370258,0.0,0.0,0.0,0.0,0.0,0.0,0.0,0.0,0.0,0.0,0.0,0.0,0.0,0.0,0.0,0.0,0.0,0.0,0.0,0.0,0.0,0.0,0.0,0.0,0.0,0.5810921432561784,0.0,0.0,0.1585927393300458,0.0,0.0,0.0,0.4446761070399975,0.0,0.0,0.0,0.0
0.6650901905177589,0.2923239583895054,0.2384063598104522,0.0,0.2347955743314828,0.1112604551782609,0.3977628858454655,0.173815024538692,0.0730411086178867,0.5376408781558563,0.2438946932949794,0.0,0.5496787335120005,0.1961764140132765,0.5879424014891474,0.6758966696203604,0.4600648447511252,0.4295638962872984,0.0,0.6093038105311617,0.6620459213555396,0.5779982109316336,0.0,0.0509431095823472,0.3457200475347817,0.2956325748984466,0.491143575938569,0.6664206414801673,0.711550415552713,0.4581634570580238,0.0,0.5482148154731273,0.2141366358595822,0.6282939979619917,0.1859164657196551,0.3207332129719993,0.0671734504553746,0.3020062411002546,0.0,0.2326867032492054,0.3131381396435557,0.0,0.0,0.0,0.0,0.6303031947496052,0.3033173297178368,0.0,0.0,0.0,0.0,0.0,0.1890063144891004,0.0,0.2681282011568885,0.0,0.0416870030822197,0.0,0.0,0.6469141442454217,0.1540558935402997,0.0,0.3104524704774551,0.0,0.5652810268981413,0.6061897628038655,0.5285030593545617,0.0,0.1242411691294106,0.0768716267227307,0.3092016179293411,0.2240561453317466,0.3606306302471911,0.1960016346186593,0.0,0.0
0.6024629476733182,0.4292161135226662,0.2187213516755043,0.0,0.1443883185072862,0.3647319834425477,0.2964201428125908,0.3128557844373654,0.0634914891043372,0.3840355890346931,0.2392770003857561,0.0,0.4481933579682545,0.0,0.5576483844018814,0.4610826571690036,0.423658265696279,0.2774231998497659,0.1409977125129583,0.4720957760128015,0.5878364727261322,0.5161810141241121,0.2475792596821002,0.0175513846130671,0.3651298479145782,0.3411794231026717,0.4330456292197848,0.5555393809693272,0.5131002186659791,0.409070434102562,0.5482148154731273,0.0,0.3876439665275703,0.4598541691821676,0.033593651808072,0.2674625258702388,0.0,0.1822871813112065,0.3509991348431386,0.3740714884505599,0.4262813734591669,0.0,0.0,0.0,0.0,0.4895374760720835,0.4852798677241645,0.0,0.0,0.0,0.07189926678514,0.0,0.387026681165233,0.1405427404059631,0.2945200811085982,0.0,0.0756051069780404,0.3322402411330178,0.0,0.5778990787797122,0.164201956559733,0.0,0.2843893087138592,0.1190525627374287,0.555797404061143,0.5745353631378827,0.525728057210468,0.1636761579489737,0.1275392781939891,0.0611324077186539,0.3273990180355169,0.2700702648796209,0.3237748903074994,0.1556664200795437,0.0,0.0
0.4406104841593885,0.5178252677048735,0.0,0.0,0.2449249894849119,0.4281108439372971,0.3748178859069189,0.2846729286562402,0.2787215605954094,0.4832965117091789,0.4485879735701383,0.0763740524355128,0.349477888773897,0.0,0.2479812148740547,0.2692863782251343,0.5961798784614923,0.4916667510541935,0.0,0.2537437136724154,0.3092680674721028,0.3561256009271122,0.4457048633235917,0.4209254769315309,0.5403369634024754,0.4412114972158127,0.3328488619786779,0.2813187410692568,0.2719845895215377,0.0,0.2141366358595822,0.3876439665275703,0.0,0.1723981520281931,0.0,0.0,0.0,0.4269266671957756,0.5479687185950204,0.5148540110334284,0.4283747759243686,0.1790140699326937,0.0,0.0,0.2677205222305419,0.3915114065829606,0.4973215280357793,0.0,0.0,0.0,0.0,0.0,0.0,0.0,0.5261495543375204,0.0,0.2655264508814423,0.0,0.0,0.1796280468931516,0.4131304597128093,0.4502579738004852,0.4990183293013434,0.0,0.33289794591958,0.2989229189142653,0.4081840257644542,0.3682623035990761,0.459729628614153,0.4767187012289776,0.512345096712824,0.2729023426655116,0.0,0.4015020108212349,0.0,0.3524862969043503
0.493845008981439,0.242716752761537,0.0608986126595596,0.0,0.0455217873844509,0.1652243717091943,0.2369916540505559,0.258907784909912,0.0,0.2156870305518921,0.093033981299499,0.0,0.3811146321839987,0.1505386857469245,0.3805913526299866,0.4581205674669671,0.1773260827600021,0.1322588703611573,0.0,0.4190764882762499,0.4341191022201929,0.3828956341865918,0.0,0.0,0.0544815885299174,0.1333347927924093,0.2856917004017498,0.4422167943328157,0.3625891080230861,0.3394602326241157,0.6282939979619917,0.4598541691821676,0.1723981520281931,0.0,0.2401140733734025,0.3544096252730114,0.0240257852665207,0.1943252117281932,0.0,0.2333417631150891,0.2563978586824897,0.0,0.0,0.0,0.0,0.473594214474671,0.2946452353184722,0.0,0.0,0.0,0.0,0.0,0.3081230410261685,0.0,0.0,0.0,0.0,0.0,0.0,0.4828655091114898,0.0,0.0,0.0,0.0,0.3382663163614252,0.3993383535332315,0.3058241969238269,0.0,0.0,0.0,0.0829399382772106,0.0369150742599425,0.0491076094713908,0.0,0.0,0.0
0.0,0.0,0.0,0.0942737074455234,0.0,0.0134610105103641,0.0,0.0671752317955683,0.0,0.0,0.0,0.0,0.0,0.0,0.0,0.0150780028600925,0.0,0.0,0.0,0.0,0.0,0.0,0.0,0.0,0.0,0.0,0.0,0.0,0.0,0.0,0.1859164657196551,0.033593651808072,0.0,0.2401140733734025,0.0,0.3087887725787327,0.292555272764235,0.0,0.0,0.0,0.0,0.0,0.0,0.0,0.0,0.0,0.0,0.0,0.0,0.0,0.0,0.0,0.0,0.0,0.0,0.0,0.0,0.0,0.0,0.0517055722570577,0.0,0.0,0.0,0.0,0.0,0.0,0.0,0.0,0.0,0.0,0.0,0.0,0.0,0.0,0.0,0.0
0.0,0.0,0.0,0.2879838678214201,0.0,0.1927049069511109,0.0105354782401142,0.2575277645967966,0.0,0.0783067755535393,0.0,0.0990010999712899,0.2902631270078708,0.0800350905826133,0.3265204519887208,0.0,0.0,0.0,0.0,0.2346440025049644,0.3190146654542704,0.1174851301014793,0.0513836823846888,0.0,0.0,0.0967561709968725,0.1107341558474934,0.2859083988583006,0.2076142381137537,0.0,0.3207332129719993,0.2674625258702388,0.0,0.3544096252730114,0.3087887725787327,0.0,0.3776050189857249,0.0,0.0,0.0431533058278353,0.0,0.0,0.0,0.0,0.0,0.0,0.0,0.0,0.0,0.0,0.0,0.0,0.2655300331672002,0.0,0.0,0.0,0.0796868363490044,0.0,0.0,0.0,0.0,0.0,0.0,0.0,0.0,0.0,0.0,0.0158113695215021,0.0,0.0,0.0,0.0,0.0,0.0,0.0,0.0
0.0,0.0,0.0,0.1247613919537939,0.0,0.0,0.0,0.0,0.0,0.0,0.0,0.0825852771711011,0.0287588306492147,0.0875730003638367,0.0,0.0,0.0,0.0,0.0,0.0,0.0,0.0,0.0,0.0,0.0,0.0,0.0,0.0485010736364557,0.0,0.0,0.0671734504553746,0.0,0.0,0.0240257852665207,0.292555272764235,0.3776050189857249,0.0,0.0,0.0,0.0,0.036902170613553,0.0,0.0,0.0,0.0,0.0,0.0,0.0,0.0,0.0,0.0,0.0,0.0,0.0,0.0,0.0,0.0,0.0,0.0,0.0,0.0,0.0,0.0,0.0,0.0,0.0,0.0,0.0,0.0,0.0,0.0,0.0,0.0,0.0,0.0,0.0
0.0,0.0,0.0,0.0,0.3725733530849946,0.0,0.2150976830059316,0.0,0.3214332775215316,0.3246652619868305,0.3688298333279927,0.0,0.2191667099876813,0.0,0.0,0.0,0.3904930025464432,0.0,0.0,0.0,0.0,0.0,0.0,0.3330045336437814,0.2956266315795054,0.1823588825221903,0.0,0.2065949736982326,0.0,0.0,0.3020062411002546,0.1822871813112065,0.4269266671957756,0.1943252117281932,0.0,0.0,0.0,0.0,0.2778098772505737,0.3348601474056367,0.3469918728552628,0.1941440900994953,0.0,0.0,0.3110192161325018,0.0,0.0,0.0,0.0,0.0,0.0,0.0,0.0,0.0,0.3629508206208542,0.0,0.1816105168974112,0.0,0.0,0.0,0.0,0.0,0.0,0.0,0.0,0.0,0.0,0.0,0.4204222734434426,0.0,0.4726152125967375,0.0,0.0,0.0,0.0,0.0
0.2795861347443142,0.3480168317347355,0.4024674591059274,0.0,0.0,0.2665544394930918,0.0,0.13473383361015,0.3064231359501553,0.4112172804467012,0.3023201889984576,0.1326763304098409,0.2126306385796859,0.0,0.1460649441030712,0.0,0.0,0.3811672129157955,0.4736592709454663,0.128732636685383,0.1556290617102384,0.2601581880684379,0.4582967023010171,0.4785393940231841,0.4797072184413493,0.3509940795921491,0.2256608778716535,0.0849406936928657,0.1746983624528984,0.034091549370258,0.0,0.3509991348431386,0.5479687185950204,0.0,0.0,0.0,0.0,0.2778098772505737,0.0,0.3984684123587782,0.591176302895329,0.3274140808699007,0.2527590196232248,0.1464814542022049,0.3823054369693167,0.2114772234966806,0.380568681777146,0.3634002631481023,0.000582959854529,0.5262851474626872,0.5507855556632428,0.6050853811722001,0.1231575787549041,0.3982510086615088,0.5250064539949605,0.4636478500301921,0.1900298392214679,0.5806832460975496,0.5039772829237775,0.0907590790440862,0.587086976820504,0.4144192510514844,0.5880849696468378,0.4372856641629615,0.3015740825760028,0.202467209194103,0.3801294035875611,0.401009825620167,0.4701934054447118,0.4106352119908366,0.4423353936718841,0.3161480644471309,0.4055490010168712,0.4710445237129896,0.5489409469736186,0.635995402466592
0.4451384235481777,0.3821042966212163,0.0,0.0,0.0,0.0,0.0,0.0,0.0,0.4936515187366289,0.0,0.29926346282753,0.0,0.0,0.3186380324633791,0.1711661504294482,0.5017967205284671,0.3077792683746528,0.0,0.3595852370498089,0.44708694349162,0.3653471260297846,0.4940206740433313,0.4820451270547262,0.464778767182631,0.4828392675601198,0.0,0.0,0.0,0.0,0.2326867032492054,0.3740714884505599,0.5148540110334284,0.2333417631150891,0.0,0.0431533058278353,0.0,0.3348601474056367,0.3984684123587782,0.0,0.3559164243448699,0.0960186630799052,0.1762901440328518,0.2031959340505584,0.3562128239192934,0.4939519396606475,0.4174811049007499,0.0,0.0,0.2595734375256407,0.3169349142629639,0.3577245071574788,0.4312153018223232,0.3109905778803439,0.4954660210649125,0.2656429941114223,0.4591255526951952,0.5317202840860904,0.0,0.3081132736651423,0.2804747564868406,0.5137692987622731,0.463171559467316,0.0,0.3176124076757536,0.4941392128183356,0.3430808853930285,0.4178272812931641,0.4931067255835092,0.3912220008851328,0.6085180540898043,0.1749949347419716,0.3941700858206197,0.3632595051932477,0.4227407813500282,0.2757407638545415
0.3435277842963951,0.0820801049593878,0.0,0.0,0.0,0.0,0.0,0.0,0.0,0.3308095743875062,0.0,0.0,0.0,0.0,0.0748280744008408,0.1301140888882316,0.4238162778994191,0.2041302030861817,0.0,0.0249304694343019,0.2567872961355336,0.1267554417549777,0.0441838937585067,0.1180218651203333,0.214347382836766,0.0470932868619581,0.0483223317034708,0.1155257658317355,0.2208909674734997,0.0,0.3131381396435557,0.4262813734591669,0.4283747759243686,0.2563978586824897,0.0,0.0,0.036902170613553,0.3469918728552628,0.591176302895329,0.3559164243448699,0.0,0.2168084052705753,0.1339036444440189,0.1593972228849125,0.26838831183648,0.3679567795523462,0.1688168086136905,0.0,0.1696729582805197,0.309667703753936,0.0,0.3495970090552463,0.0,0.2362449382164448,0.3725013417967046,0.0,0.0,0.2876232519165763,0.370946559658262,0.1008843704510317,0.4310961392306436,0.3653576080946132,0.3926359533643112,0.1087415668614872,0.2213759138081696,0.3683472684479161,0.2684332625609658,0.0,0.1725986941786648,0.1023751095165744,0.1987383137456788,0.0,0.3587905498035239,0.2175321167589173,0.4816166693170512,0.4438722262050552
0.0,0.0,0.0,0.0,0.0,0.0,0.0,0.0,0.0,0.0,0.0,0.0,0.0,0.0,0.0,0.0,0.0,0.0711729392506883,0.0,0.0,0.0,0.0,0.0503086693531887,0.0,0.0107234170598378,0.0,0.0,0.0,0.0,0.0,0.0,0.0,0.1790140699326937,0.0,0.0,0.0,0.0,0.1941440900994953,0.3274140808699007,0.0960186630799052,0.2168084052705753,0.0,0.2056004489073072,0.0378368584855052,0.2453881251929593,0.0,0.0,0.2578616889050318,0.0,0.3806794266064232,0.1842025637086014,0.1243633854328486,0.0,0.1521649004409218,0.0699547004893504,0.3513115823918543,0.0,0.1091744457427418,0.0,0.0,0.2837272020803568,0.0,0.2008421413474613,0.2574024389742296,0.0,0.0,0.0,0.0944177095892051,0.1953648694602806,0.2504946852315636,0.123522228959218,0.0,0.0297080601224076,0.3002218387762106,0.1866256196058577,0.4183483108064431
0.0,0.0,0.4012345935011851,0.0,0.4664692703344105,0.0,0.0,0.0,0.45770111256425,0.0,0.4018661533730314,0.0,0.0,0.1111791113494299,0.0,0.0,0.0,0.0,0.3404186332447094,0.0,0.0,0.0,0.0790541898550015,0.0,0.0,0.0,0.0912043103368596,0.0,0.0,0.0,0.0,0.0,0.0,0.0,0.0,0.0,0.0,0.0,0.2527590196232248,0.1762901440328518,0.1339036444440189,0.2056004489073072,0.0,0.4066665236110052,0.3808467298317946,0.0,0.0,0.3157224531013999,0.0,0.5550879882337677,0.2559569386655388,0.3861544620672603,0.0,0.4745894867021471,0.2895656020199377,0.4313705217544242,0.2572248367059656,0.4209352819775397,0.4860632949393659,0.0,0.0,0.0999018169469307,0.0,0.3191955692617467,0.1609524896400962,0.0,0.248375465935202,0.1567215099751177,0.2713856667140998,0.2297781165581753,0.2603907243106815,0.2364764600700571,0.4279145635851116,0.2876731228904345,0.0,0.3826914702591062
0.0,0.0,0.0,0.0,0.0,0.0,0.0,0.0,0.0,0.0,0.0,0.0,0.0,0.0,0.0,0.0,0.0,0.0,0.0,0.0,0.0,0.0,0.0,0.0,0.0,0.0,0.0,0.0,0.0,0.0,0.0,0.0,0.0,0.0,0.0,0.0,0.0,0.0,0.1464814542022049,0.2031959340505584,0.1593972228849125,0.0378368584855052,0.4066665236110052,0.0,0.1927072045651376,0.0,0.0,0.1141717216183942,0.0,0.4964641568050901,0.0,0.3107236417994946,0.0,0.4367815461300112,0.1270909443399764,0.1115103642412134,0.1165382389304878,0.2921626014625987,0.3871808152061493,0.0,0.0,0.0,0.0,0.0,0.0,0.0,0.0,0.0,0.0,0.0,0.0,0.163494702348316,0.4883902644219483,0.1887493465864376,0.0,0.3394937972353373
0.0,0.0,0.0,0.0,0.0,0.0,0.0,0.0,0.0,0.332872970993021,0.0,0.3709282977202264,0.0,0.0,0.0,0.0,0.0,0.0,0.0,0.0,0.0,0.0,0.0,0.4678246680746076,0.0,0.3049910484192009,0.0,0.0,0.0,0.0,0.0,0.0,0.2677205222305419,0.0,0.0,0.0,0.0,0.3110192161325018,0.3823054369693167,0.3562128239192934,0.26838831183648,0.2453881251929593,0.3808467298317946,0.1927072045651376,0.0,0.2171985312053543,0.0,0.0,0.0,0.0,0.0,0.3397570045966285,0.0,0.2776246034844831,0.4235983629473234,0.3919056110115268,0.315821057282231,0.3736776693033906,0.0,0.0,0.0,0.163084014916,0.0,0.0,0.0,0.0,0.0,0.0,0.3653128843498892,0.3617069191731104,0.3759482333241418,0.0,0.3310574726964324,0.0,0.0,0.5083909929392855
0.8677032690434359,0.3667254982337466,0.0,0.0,0.0,0.0,0.0,0.0,0.0,0.0,0.0,0.0,0.0,0.0,0.0,0.5429518274182513,0.0,0.4920790297833362,0.0,0.0,0.7425508736526519,0.5731347834482537,0.0,0.4663029041479243,0.5846247270214646,0.4700586089149124,0.0,0.0,0.0,0.0,0.6303031947496052,0.4895374760720835,0.3915114065829606,0.473594214474671,0.0,0.0,0.0,0.0,0.2114772234966806,0.4939519396606475,0.3679567795523462,0.0,0.0,0.0,0.2171985312053543,0.0,0.5017062286223639,0.0,0.0,0.0,0.0,0.0,0.3732817172852435,0.0,0.5290272645442577,0.0,0.2593523182921586,0.4357868728580253,0.0,0.6107126434647437,0.4242891519808122,0.0,0.6118057097970493,0.0,0.5443608211925638,0.7521177395421543,0.5562647811012019,0.2848000023366704,0.5727429059036402,0.4603206859709095,0.7170333906088838,0.3311346727591286,0.417288483304763,0.522997778215715,0.0,0.2025679118937316
