0.0,0.3457260119656733,0.0,0.0,0.0,0.0,0.0,0.1739908149332991,0.0,0.2704550813716019,0.0,0.0,0.0,0.0,0.4251564088062891,0.1865027866236693,0.2248092879282501,0.2284654492957088,0.0,0.055839142117282,0.5610223060276406,0.1387639932436341,0.1018477166572067,0.050097891953423,0.4705046718964186,0.3223232587146656,0.0,0.0942832546798425,0.1041498708297995,0.0,0.1231568683164715,0.1120319022125303,0.059350612836388,0.0,0.0,0.0,0.0,0.0,0.0650605629708104,0.1954758138419174,0.0459313676012569,0.0,0.0,0.0,0.0,0.5548414060445892,0.0,0.0,0.0,0.0,0.0,0.0,0.0,0.0,0.2185288961739881,0.0,0.0,0.0,0.0,0.0,0.2331498329267993,0.0,0.1746416009471603,0.0,0.0,0.4965488115321109,0.0,0.0,0.0350841874658439,0.230034900061287,0.2765994394142839,0.0,0.0,0.0,0.0,0.0
0.3457260119656733,0.0,0.0,0.0,0.2363356523860569,0.2669806012028594,0.3037546637694952,0.2333788418421835,0.2297635910635445,0.0,0.0,0.0,0.3098460241426127,0.0,0.2308128794142843,0.2799278741941572,0.0,0.4105973380617686,0.0,0.1710242108306156,0.2757580192779517,0.2652530765579577,0.2546863164853536,0.0,0.5129145054946874,0.4293414899951927,0.1255063235898658,0.2215684304980988,0.2985596057832841,0.0,0.1113786841261538,0.2759566521095348,0.1582890566117349,0.0,0.0251436058781002,0.0,0.0,0.0,0.2266954262232265,0.2119536104507753,0.0609479892114487,0.0401660223964419,0.0,0.0,0.0,0.2536673186045896,0.2823010885986072,0.0,0.0,0.0,0.0,0.0,0.0,0.0,0.0,0.0,0.0,0.0,0.0,0.1955727593182679,0.2493984288795337,0.0,0.264996920152358,0.0,0.086948461485925,0.2769817881084796,0.1117511312891679,0.2673049226523261,0.0,0.3637791876079259,0.3740218808276809,0.2260308775333968,0.0,0.1882349218580205,0.0,0.1522864171877091
0.0,0.0,0.0,0.0,0.3002798184681506,0.2625917461704473,0.2273667030090786,0.4042258474230452,0.4898583892232035,0.2032656386764347,0.5783940954744775,0.0,0.3246324505084252,0.2514057582528418,0.0,0.0,0.0,0.0,0.6394364314068978,0.0,0.0,0.0,0.3767625360072609,0.0,0.0,0.0,0.3937808672392055,0.3604166189048854,0.0,0.2594952084882695,0.1468723104407491,0.1991550808162898,0.0,0.0,0.0,0.170827710957759,0.0,0.0,0.1996648381655317,0.0,0.0,0.0,0.1854116185546327,0.0,0.0,0.0,0.0,0.6255257271747909,0.0,0.4022172121343179,0.1875093782794233,0.0,0.3418871653516555,0.4656678373886704,0.0,0.5810298285567772,0.0,0.0,0.33089597943534,0.0,0.0,0.0,0.0,0.6070546445788042,0.0,0.0,0.0,0.3465058165680618,0.0,0.0,0.0,0.3751427314119495,0.0,0.0,0.0,0.0
0.0,0.0,0.0,0.0,0.1932011154876032,0.0,0.266360739405772,0.0891154187414663,0.0,0.0,0.0647645624468957,0.0,0.1363408116857741,0.3470927032527095,0.0,0.0,0.0,0.0,0.0178861707492159,0.0,0.0,0.0,0.0,0.0,0.0,0.0,0.0,0.2671253365003961,0.0,0.0,0.0,0.0,0.0,0.0,0.0,0.4443193334988572,0.3366086852370082,0.0,0.0,0.0,0.0,0.0,0.0,0.0,0.0,0.0,0.0,0.0,0.0,0.0,0.0,0.0,0.0,0.0,0.0,0.0,0.0,0.0,0.0,0.0,0.0,0.0,0.0,0.0,0.0,0.0,0.0,0.0,0.0,0.0,0.0,0.0,0.0,0.0,0.0,0.0
0.0,0.2363356523860569,0.3002798184681506,0.1932011154876032,0.0,0.3712308337102215,0.4688061466663388,0.2083256059275318,0.5411372260191443,0.0949056204752459,0.4426471951266436,0.1489169137814459,0.5506878024187234,0.2178126477993442,0.0,0.0,0.0,0.0,0.3870798327063228,0.4808860204720966,0.0,0.4664249577165403,0.2290197326654052,0.0,0.0717905728985038,0.0,0.439030045984753,0.5040099008025238,0.3060888592664958,0.0,0.2114218111156414,0.0687709931867707,0.0,0.0,0.0,0.2468046237116633,0.0584690597014597,0.1011514002745421,0.0,0.0,0.0,0.0,0.1586943402012065,0.0,0.0,0.0,0.0,0.3096789125677999,0.0,0.0,0.0,0.0,0.1705480598884205,0.5338319635716672,0.0,0.4028456250172517,0.0,0.0,0.0,0.0,0.0,0.0,0.0,0.0,0.0,0.0,0.0,0.2386661502165719,0.0,0.0,0.0,0.4155052541583397,0.0,0.0,0.0,0.0
0.0,0.2669806012028594,0.2625917461704473,0.0,0.3712308337102215,0.0,0.2627709385512872,0.3040808071803856,0.4204999830297331,0.2487840134131443,0.342116506535326,0.0,0.4332068130325873,0.0882136807710847,0.0,0.2133122623406257,0.0,0.164885810693884,0.3249439235730316,0.3425189966602129,0.0,0.3153742085134532,0.3478946233196112,0.0,0.0874104778633338,0.2051458600941188,0.4438590870644601,0.2395239434587533,0.2947574468787567,0.1901198525709273,0.2213147381879555,0.1548704393604039,0.1172834684020138,0.1409044278679709,0.0,0.0,0.0,0.0,0.1635383403160868,0.0,0.2656498184359286,0.2005523171297189,0.0,0.0,0.0,0.0,0.0,0.2801677343438364,0.0,0.0,0.4189584471861293,0.1586878593155194,0.2590796925488058,0.3585344180522543,0.0,0.3240768327124355,0.0,0.3364475787152691,0.0,0.0,0.0,0.0,0.0,0.2841056228232997,0.2237581783498307,0.0,0.2858180133522062,0.3466259492682796,0.0,0.0,0.0,0.2526876879912348,0.0696829325536674,0.0,0.0,0.0
0.0,0.3037546637694952,0.2273667030090786,0.266360739405772,0.4688061466663388,0.2627709385512872,0.0,0.1523528883453213,0.3800714170700927,0.3093864080279151,0.3397673805872934,0.0421455993818207,0.4960335504487383,0.2370397555619971,0.0,0.2821772643819577,0.2937533949771804,0.3249242620963293,0.2560796194996425,0.3591008261752073,0.0,0.3807654649660161,0.1654461774802311,0.0,0.3094266762483814,0.0992866281532231,0.3661973870038934,0.3645416462447722,0.4144197877437935,0.0,0.2557407390285546,0.093546172077687,0.0,0.0396971482351955,0.0,0.2067423297661699,0.0,0.1250167612174964,0.0,0.0,0.0,0.0,0.0,0.0,0.0,0.0,0.0,0.0,0.0,0.0,0.0524486737875558,0.0,0.0,0.0,0.0,0.0,0.0,0.0,0.0,0.0,0.0,0.0,0.0,0.0,0.0,0.0,0.0,0.1521951439779367,0.0,0.0,0.0,0.3381776030834468,0.0,0.0,0.0,0.0
0.1739908149332991,0.2333788418421835,0.4042258474230452,0.0891154187414663,0.2083256059275318,0.3040808071803856,0.1523528883453213,0.0,0.3144214352080731,0.298541155102686,0.4354891311557092,0.0,0.2340093342848355,0.1877540410384962,0.2148011221325504,0.0956343583285322,0.0,0.1245007253573849,0.410987320067578,0.3699003509297813,0.2036799221180623,0.3006786211107168,0.537976437352934,0.2983030879046271,0.1316374806831064,0.3455084234198055,0.1766789566428347,0.2821553911573337,0.0151201568157645,0.266973264398251,0.215594789791542,0.2170412403253052,0.1304832513836118,0.0664677849978217,0.0,0.2251223813934704,0.0,0.0,0.1714354967694075,0.0,0.2313748005051977,0.0,0.178458479012983,0.0,0.0,0.0,0.0,0.4214423249158758,0.0,0.2605606961454625,0.2557529189144178,0.1522021581662666,0.5608036582967142,0.2629765837655713,0.0,0.4340444187343144,0.0,0.2872113587576524,0.2851667796525281,0.152224939668101,0.0,0.0,0.0,0.407838774281702,0.235486492684051,0.2323623282730575,0.0,0.4791283429460419,0.0,0.0,0.0,0.1749768273464348,0.1873629681620062,0.0,0.0,0.1582516338190643
0.0,0.2297635910635445,0.4898583892232035,0.0,0.5411372260191443,0.4204999830297331,0.3800714170700927,0.3144214352080731,0.0,0.2180867374274278,0.570985790226596,0.3003118019538839,0.5206098943878761,0.1842073672534636,0.0,0.1474440029076427,0.0,0.0,0.5377910902425307,0.4973807399637102,0.0,0.4551035319480348,0.347675098967763,0.0,0.0,0.0,0.5088620832735599,0.4238010585055989,0.2218114044303793,0.2029520709496358,0.1434944372519306,0.1524722144579215,0.0,0.0212977004392388,0.0,0.1170239902497876,0.0,0.1025158302727878,0.1906611130024968,0.0,0.0,0.0,0.104257987578047,0.0,0.0,0.0,0.0,0.4762283017607233,0.0,0.0,0.2287653438323147,0.0,0.266662964116514,0.6397867779582425,0.0,0.532057710375635,0.0,0.0,0.2598356534885868,0.0,0.0,0.0,0.0,0.447081175355323,0.0,0.0,0.0,0.3599419533809763,0.0,0.0,0.0,0.4494532185234359,0.0,0.0,0.0,0.0
0.2704550813716019,0.0,0.2032656386764347,0.0,0.0949056204752459,0.2487840134131443,0.3093864080279151,0.298541155102686,0.2180867374274278,0.0,0.224588920730196,0.3831803838566771,0.2660035465141551,0.0,0.0,0.3133858845118663,0.4359299270032386,0.3365459256172492,0.1998089501263781,0.0,0.0,0.2221110130027028,0.2699603870851005,0.430947650883033,0.4500066268317274,0.3394608607500539,0.1183762175194809,0.1195624055714282,0.0,0.0,0.3434719065728054,0.319550978795765,0.351921332964503,0.2919388936395451,0.1076244301541844,0.0,0.0,0.1469060108624429,0.2895943355375792,0.3745619380414354,0.3269775553319636,0.0,0.0,0.0,0.2694643584524417,0.0,0.0,0.0,0.0,0.0,0.0,0.0,0.0,0.0,0.4266837419389951,0.0,0.3375141968969626,0.0,0.0,0.0,0.0,0.2121103432661534,0.2469575971240974,0.0,0.0,0.0,0.0,0.0,0.3532084645558203,0.2904097976789564,0.3002838903447109,0.0,0.0,0.0,0.0,0.2770071872566015
0.0,0.0,0.5783940954744775,0.0647645624468957,0.4426471951266436,0.342116506535326,0.3397673805872934,0.4354891311557092,0.570985790226596,0.224588920730196,0.0,0.2126352114510215,0.4371203841291983,0.225213165095092,0.0,0.0,0.0,0.0,0.6018281147572272,0.0,0.0,0.0,0.4277161837614567,0.0,0.0,0.0,0.4882767580607615,0.4036614995399301,0.0,0.0,0.1680880479098392,0.161979068587088,0.0,0.029653605746742,0.0,0.1879119446325066,0.0,0.0916869625421924,0.1536322729830953,0.0,0.0,0.0,0.1264942982484347,0.0,0.0,0.0,0.0,0.5668897738134234,0.0,0.4797947659343481,0.1993740566998331,0.3507938868348565,0.384050842519497,0.5447843259539563,0.0,0.6393227357000816,0.0,0.3209039658185537,0.353044709793653,0.0,0.0,0.0,0.0,0.5619549682465211,0.0,0.0,0.0,0.4105566354949447,0.0,0.0,0.0,0.4434059480972696,0.0,0.0,0.0,0.0
0.0,0.0,0.0,0.0,0.1489169137814459,0.0,0.0421455993818207,0.0,0.3003118019538839,0.3831803838566771,0.2126352114510215,0.0,0.2447697692663251,0.0,0.0,0.0,0.3592336833154496,0.1457247217144537,0.0,0.0,0.0,0.0,0.0,0.5276905013664903,0.0376368561576677,0.2627703212233951,0.0,0.1126790554058834,0.0,0.0,0.1118911232688345,0.2707568295587075,0.2568236027173371,0.2143425199641009,0.247067537191631,0.0,0.0,0.0659771754909598,0.389238723600015,0.2302146073822916,0.1882980901016052,0.0,0.0,0.0,0.1604689482988954,0.0,0.0,0.0,0.0,0.0,0.0,0.0,0.0,0.0,0.3368638053762022,0.0,0.5874635803863396,0.0,0.0,0.0,0.0,0.3773514587574675,0.1510234186161436,0.0,0.0,0.0,0.0,0.0,0.5053087680053961,0.0673654972526302,0.3287225226294646,0.0,0.0,0.0,0.0,0.0524618904625538
0.0,0.3098460241426127,0.3246324505084252,0.1363408116857741,0.5506878024187234,0.4332068130325873,0.4960335504487383,0.2340093342848355,0.5206098943878761,0.2660035465141551,0.4371203841291983,0.2447697692663251,0.0,0.1482312450955127,0.0790134030028387,0.317657452296373,0.3885162196779438,0.3596252563807912,0.3600445449122195,0.4482967854937795,0.0,0.468387358061055,0.2553296445326307,0.0986268032659185,0.1466185870987946,0.2021464192105063,0.3907632596457964,0.5367367750962456,0.4214223465242834,0.2673893462077761,0.2874925964440542,0.1370275278451177,0.0,0.0420371586596062,0.0,0.202348768160713,0.0527423661751874,0.0666558732927912,0.0681131697230654,0.0,0.0,0.0,0.1092893142255154,0.0,0.0,0.0,0.0,0.301985474697802,0.0,0.0,0.2050276122750773,0.0,0.1583455586198072,0.0,0.0,0.0,0.0,0.0,0.0,0.0,0.0,0.0,0.0,0.0,0.0,0.0,0.0,0.2215714748801246,0.0,0.0,0.0,0.2936287623180692,0.0,0.0863593584858665,0.0,0.0
0.0,0.0,0.2514057582528418,0.3470927032527095,0.2178126477993442,0.0882136807710847,0.2370397555619971,0.1877540410384962,0.1842073672534636,0.0,0.225213165095092,0.0,0.1482312450955127,0.0,0.0,0.0,0.0,0.0,0.2152943509360361,0.0,0.0964673491358088,0.0,0.222139395930645,0.0,0.0,0.0,0.2131107919710053,0.247222900277946,0.0,0.0,0.0597576297644565,0.0444677136859515,0.0,0.0,0.0,0.3168104003263602,0.1700345839076175,0.0,0.0,0.0,0.0,0.0,0.2499735622919729,0.0,0.0,0.0,0.0,0.2067557323109531,0.0,0.0,0.0,0.0,0.0,0.23058854071335,0.0,0.2296065294835307,0.0,0.0,0.0,0.0,0.0,0.0,0.0,0.0,0.0,0.0,0.0,0.1965914957435679,0.0,0.0,0.0,0.0,0.0,0.0,0.0,0.0
0.4251564088062891,0.2308128794142843,0.0,0.0,0.0,0.0,0.0,0.2148011221325504,0.0,0.0,0.0,0.0,0.0790134030028387,0.0,0.0,0.1268222377513953,0.0,0.1287522414890968,0.0,0.3308701286376925,0.4054434178066935,0.342459238832061,0.1797390774325162,0.0,0.2736921820868796,0.2242659123409093,0.0885507405319642,0.2400688720258652,0.1126709364001653,0.0,0.1327474323425059,0.1033813657921631,0.0,0.0,0.0,0.2758592524893564,0.0,0.0,0.066596110036585,0.0460885666064773,0.0296302538797337,0.0,0.0,0.0,0.0,0.0,0.0,0.0,0.0,0.0,0.1838434184176465,0.0,0.1685118393058802,0.0,0.0,0.0,0.0,0.0,0.0,0.6027599028268784,0.2307688835086883,0.0,0.0,0.0,0.378046355683614,0.2921341168711646,0.2866393175512255,0.1970476300258598,0.0,0.0,0.2249343888792649,0.312170368713133,0.3530156919989381,0.3670704238333229,0.0,0.3644066776991365
0.1865027866236693,0.2799278741941572,0.0,0.0,0.0,0.2133122623406257,0.2821772643819577,0.0956343583285322,0.1474440029076427,0.3133858845118663,0.0,0.0,0.317657452296373,0.0,0.1268222377513953,0.0,0.3903994927881242,0.53263401967526,0.0,0.2270867413145582,0.1327631252201896,0.3617834097747778,0.0025566876979683,0.1164335590764188,0.3266651798832335,0.23813685894519,0.1242270447350976,0.2816102457926633,0.4745604608242206,0.3379303133427586,0.4405572028206515,0.0468116215269279,0.0875347511003237,0.1825658653106982,0.0276538575084687,0.0,0.0,0.0,0.0,0.163040844109432,0.2909090948163605,0.024904617865137,0.0,0.0,0.0,0.2912099005375828,0.0152451191015741,0.0,0.0,0.0,0.0,0.0,0.0,0.0,0.0,0.0,0.0,0.0,0.0,0.2088691869797278,0.538279253452912,0.0,0.4730033963953368,0.0,0.2208612661703163,0.1248352122087717,0.3034378022681949,0.0,0.0,0.216363185932106,0.1639099361672689,0.0,0.0,0.0,0.0,0.3291309718044882
0.2248092879282501,0.0,0.0,0.0,0.0,0.0,0.2937533949771804,0.0,0.0,0.4359299270032386,0.0,0.3592336833154496,0.3885162196779438,0.0,0.0,0.3903994927881242,0.0,0.5320241119032135,0.0,0.2478570567893417,0.0,0.2990283499850015,0.0,0.3255530465237306,0.2628514580225504,0.3483122621525463,0.0,0.3510080149796947,0.0,0.0,0.277375662096298,0.2520068200075219,0.1270645541831118,0.0901579837732041,0.1054703626366135,0.0,0.0,0.140629184326142,0.0,0.1325305258104139,0.0978517133510882,0.0,0.0,0.0,0.0,0.0,0.0,0.0,0.0,0.0,0.0,0.0,0.0,0.0,0.2776276571655167,0.0,0.3559120028289712,0.0,0.0,0.0,0.0,0.2267181469861613,0.4235862565155497,0.0,0.0,0.0,0.0,0.0,0.2442040392888972,0.0420077036970635,0.2570357712235635,0.0,0.0,0.0,0.0,0.0
0.2284654492957088,0.4105973380617686,0.0,0.0,0.0,0.164885810693884,0.3249242620963293,0.1245007253573849,0.0,0.3365459256172492,0.0,0.1457247217144537,0.3596252563807912,0.0,0.1287522414890968,0.53263401967526,0.5320241119032135,0.0,0.0,0.2235315131192579,0.197025815810281,0.3127632853593958,0.0258172953499895,0.1605419962891003,0.3553002687902271,0.3213883838271375,0.0512098282281662,0.3503188160367617,0.4120958051641217,0.0,0.3331827967142654,0.1161665649775155,0.0461077687385684,0.0407473954500007,0.0447533756137044,0.0,0.0,0.0,0.0468557409037984,0.0508859337131557,0.0959320202974504,0.0,0.0,0.0,0.0,0.2581326660472453,0.0022404316881148,0.0,0.0,0.0,0.0,0.0,0.0,0.0,0.2404473208950381,0.0,0.1600237645149583,0.0,0.0,0.0,0.4328285237652902,0.2716774284495272,0.5176523811620924,0.0,0.0,0.0,0.2684706005023748,0.0,0.0962491906142542,0.1413114203076093,0.2053179195122124,0.0,0.0,0.0,0.0,0.2451053622926354
0.0,0.0,0.6394364314068978,0.0178861707492159,0.3870798327063228,0.3249439235730316,0.2560796194996425,0.410987320067578,0.5377910902425307,0.1998089501263781,0.6018281147572272,0.0,0.3600445449122195,0.2152943509360361,0.0,0.0,0.0,0.0,0.0,0.0,0.0,0.0,0.3932616876436079,0.0,0.0,0.0,0.4307270039852613,0.3838378710306772,0.0,0.0,0.1760083195128301,0.2078481809445271,0.0,0.0297908282409001,0.0,0.1676253355756469,0.0,0.0,0.2170293961858935,0.0,0.0,0.0,0.144027589606968,0.0,0.0,0.0,0.0,0.6046767944890487,0.0,0.0,0.2260742683116876,0.0,0.3507842054921741,0.5061806909063403,0.0,0.5952584760901374,0.0,0.0,0.2877935167429664,0.0,0.0,0.0,0.0,0.6300526865729656,0.0,0.0,0.0,0.360636411549819,0.0,0.0,0.0,0.3916019265642202,0.0,0.0,0.0,0.0
0.055839142117282,0.1710242108306156,0.0,0.0,0.4808860204720966,0.3425189966602129,0.3591008261752073,0.3699003509297813,0.4973807399637102,0.0,0.0,0.0,0.4482967854937795,0.0,0.3308701286376925,0.2270867413145582,0.2478570567893417,0.2235315131192579,0.0,0.0,0.0,0.6111244437914273,0.3072058633189209,0.0,0.0759739854111997,0.1802051568964175,0.4045481189906001,0.4746250534920815,0.2832831334323239,0.3589615139606623,0.3088130396064738,0.2179917291744857,0.0,0.051021051165406,0.0,0.2099613635929239,0.0,0.0,0.2067518873653864,0.0,0.2484569464502752,0.0,0.0,0.0,0.0,0.0,0.0953589387369841,0.0,0.0,0.0,0.1949182405674051,0.0,0.2598837967932527,0.0,0.0,0.0,0.0,0.0,0.0,0.3522801471033238,0.0,0.0,0.0,0.0,0.5852693347036505,0.0,0.5523453909534715,0.2922148815765228,0.0,0.0,0.1988169941428124,0.3741537374465815,0.3684880715987624,0.1262240797118418,0.0,0.1593259858041597
0.5610223060276406,0.2757580192779517,0.0,0.0,0.0,0.0,0.0,0.2036799221180623,0.0,0.0,0.0,0.0,0.0,0.0964673491358088,0.4054434178066935,0.1327631252201896,0.0,0.197025815810281,0.0,0.0,0.0,0.0512372107401588,0.1330255015160751,0.0675967034873292,0.4009491832875101,0.2854457770058511,0.0,0.0151571063299427,0.0861291489022229,0.0218868529940642,0.1477955526072951,0.0945181398296946,0.084195054352536,0.0,0.0,0.2397758438558559,0.0,0.0,0.0290386129218503,0.1725227000850099,0.0422177982228594,0.0,0.0,0.0,0.0,0.5064541299261879,0.0,0.0,0.0,0.0,0.0717048126791947,0.0,0.2692875151200118,0.0,0.0,0.0,0.0,0.0,0.0,0.3454470843239534,0.1599457703828234,0.0,0.0,0.0,0.0524920452221247,0.5834071697667726,0.0,0.1663254622261336,0.0,0.2036581207972246,0.2537179403567886,0.095933103353279,0.1440896678707678,0.3224813143683815,0.0,0.3979857581219447
0.1387639932436341,0.2652530765579577,0.0,0.0,0.4664249577165403,0.3153742085134532,0.3807654649660161,0.3006786211107168,0.4551035319480348,0.2221110130027028,0.0,0.0,0.468387358061055,0.0,0.342459238832061,0.3617834097747778,0.2990283499850015,0.3127632853593958,0.0,0.6111244437914273,0.0512372107401588,0.0,0.240413286377824,0.0,0.2000944449764447,0.2247908318484762,0.430073260588263,0.4803124686048216,0.4100246199222089,0.3560469470954426,0.3422285346634378,0.2051821022115569,0.0,0.0723503098146501,0.0,0.2006778298158863,0.0058680681519456,0.0,0.1706274545576002,0.0346351043104087,0.2397955843767879,0.0,0.0,0.0,0.0,0.1651290598841236,0.122507426554669,0.0,0.0,0.0,0.1794747738858596,0.0,0.0,0.0,0.0,0.0,0.0,0.0,0.0,0.3923395755603658,0.4485964104354775,0.0,0.3123093760382,0.0,0.5450293308155303,0.0495703056237161,0.5844401643336141,0.2319788555134275,0.0,0.2371748329534873,0.2187296281296158,0.393937533375645,0.0,0.2292190555056281,0.0,0.2232453923527607
0.1018477166572067,0.2546863164853536,0.3767625360072609,0.0,0.2290197326654052,0.3478946233196112,0.1654461774802311,0.537976437352934,0.347675098967763,0.2699603870851005,0.4277161837614567,0.0,0.2553296445326307,0.222139395930645,0.1797390774325162,0.0025566876979683,0.0,0.0258172953499895,0.3932616876436079,0.3072058633189209,0.1330255015160751,0.240413286377824,0.0,0.3072470824681556,0.1773167697028721,0.3358783112610654,0.2769611275318808,0.2479593446986364,0.0408298232450902,0.1899233221529605,0.1175552558721344,0.2433985876328706,0.1505725146440834,0.0967682647609189,0.0,0.1476717066129916,0.0,0.0,0.2236387786754518,0.2079269159371082,0.2169085167969432,0.0606597704751906,0.109599581858348,0.0,0.0,0.0,0.2266501221987183,0.392585938502414,0.0,0.2288058511379097,0.3952251603853623,0.126615079999906,0.569404029202951,0.3088930549092128,0.0,0.4064209572281331,0.0,0.3275480775103465,0.3151277097242795,0.1571797900320915,0.0,0.0,0.0,0.3655498747867445,0.178683330170394,0.2023294888386992,0.1578221089640015,0.6289631760277674,0.0,0.0,0.3722993506921365,0.2977060571030658,0.1365830370022372,0.0,0.10043905005988,0.070830760259398
0.050097891953423,0.0,0.0,0.0,0.0,0.0,0.0,0.2983030879046271,0.0,0.430947650883033,0.0,0.5276905013664903,0.0986268032659185,0.0,0.0,0.1164335590764188,0.3255530465237306,0.1605419962891003,0.0,0.0,0.0675967034873292,0.0,0.3072470824681556,0.0,0.1608477822589248,0.3530406270295163,0.0,0.0485392895924619,0.0,0.0,0.1634281332944232,0.3378718996567067,0.370191143980621,0.2127895908815326,0.1787794618787605,0.0,0.0,0.2354238055561316,0.3965396091268165,0.3205902214363573,0.1877557531289382,0.0,0.0,0.0,0.2067565804473878,0.2146236921365364,0.0,0.0,0.0,0.0,0.0,0.0,0.0,0.0,0.3778277995405793,0.0,0.4867325780298744,0.0,0.0,0.0,0.1520261614064899,0.2879118263017846,0.1550317966521718,0.0,0.0,0.0,0.0,0.0,0.6031276758059921,0.162937422732242,0.4075031798621835,0.0,0.0,0.0,0.0,0.1738696884965572
0.4705046718964186,0.5129145054946874,0.0,0.0,0.0717905728985038,0.0874104778633338,0.3094266762483814,0.1316374806831064,0.0,0.4500066268317274,0.0,0.0376368561576677,0.1466185870987946,0.0,0.2736921820868796,0.3266651798832335,0.2628514580225504,0.3553002687902271,0.0,0.0759739854111997,0.4009491832875101,0.2000944449764447,0.1773167697028721,0.1608477822589248,0.0,0.3618912594172047,0.1172293622016553,0.0784163069613414,0.3673907163328471,0.0,0.2241523792247086,0.255392572175918,0.1997285887633566,0.121157168912924,0.0,0.0,0.0,0.170092588952075,0.1793078786711489,0.2883123071600747,0.1760626925027631,0.0564275613836446,0.0,0.0,0.0,0.4509983640714696,0.1219781129179478,0.0,0.0,0.0,0.0,0.0,0.0,0.0,0.2731326109235714,0.0,0.0127801301815291,0.0,0.0,0.0,0.3137475514995554,0.0006307967745058,0.2612579922366757,0.0,0.0,0.4068383944421625,0.0480068617942023,0.0,0.1113722394139359,0.4776934666198527,0.2992670099761316,0.0,0.0,0.0,0.0,0.2904108905335135
0.3223232587146656,0.4293414899951927,0.0,0.0,0.0,0.2051458600941188,0.0992866281532231,0.3455084234198055,0.0,0.3394608607500539,0.0,0.2627703212233951,0.2021464192105063,0.0,0.2242659123409093,0.23813685894519,0.3483122621525463,0.3213883838271375,0.0,0.1802051568964175,0.2854457770058511,0.2247908318484762,0.3358783112610654,0.3530406270295163,0.3618912594172047,0.0,0.0,0.1831238464015386,0.1524813516741241,0.0,0.0858534400130718,0.2442102136510068,0.1988855904165829,0.0,0.0,0.153729767995137,0.0,0.1650759383546084,0.2050418151238553,0.1794593835012784,0.085892601318619,0.0,0.0,0.0,0.1306939206282142,0.3061665371216855,0.1927897314786012,0.0,0.0,0.0,0.0,0.0,0.0,0.0,0.3687636555834295,0.0,0.2860900010374764,0.0,0.0,0.1734323489340933,0.2458211280238021,0.2505159230825047,0.2414853340726223,0.0,0.1083357872830703,0.263139573746622,0.1298266720271149,0.3080200486417035,0.2983782955852427,0.2947435672444453,0.5653128679354449,0.095573036709534,0.0,0.0871923051999047,0.0,0.1059963108894767
0.0,0.1255063235898658,0.3937808672392055,0.0,0.439030045984753,0.4438590870644601,0.3661973870038934,0.1766789566428347,0.5088620832735599,0.1183762175194809,0.4882767580607615,0.0,0.3907632596457964,0.2131107919710053,0.0885507405319642,0.1242270447350976,0.0,0.0512098282281662,0.4307270039852613,0.4045481189906001,0.0,0.430073260588263,0.2769611275318808,0.0,0.1172293622016553,0.0,0.0,0.2393181684170727,0.324127490034563,0.1007119923930751,0.1220265070176945,0.0743965537646324,0.0,0.082409385151058,0.0,0.0,0.0,0.0,0.13195570380425,0.0,0.2518821081255321,0.1586252548381554,0.0,0.0,0.0,0.0,0.2728739935194413,0.3915002819664755,0.0,0.0,0.2635028373706702,0.3186447698514165,0.1390787194245003,0.4717109724721827,0.0,0.4701444171204999,0.0,0.1718702306236358,0.1862289220408244,0.1641852126178958,0.0,0.0,0.0,0.3860563613274597,0.3243733713820993,0.0,0.3745956101455072,0.3159486794112218,0.0,0.0,0.038558497863375,0.5623584228476493,0.0938644347198983,0.1388459078822624,0.0,0.0
0.0942832546798425,0.2215684304980988,0.3604166189048854,0.2671253365003961,0.5040099008025238,0.2395239434587533,0.3645416462447722,0.2821553911573337,0.4238010585055989,0.1195624055714282,0.4036614995399301,0.1126790554058834,0.5367367750962456,0.247222900277946,0.2400688720258652,0.2816102457926633,0.3510080149796947,0.3503188160367617,0.3838378710306772,0.4746250534920815,0.0151571063299427,0.4803124686048216,0.2479593446986364,0.0485392895924619,0.0784163069613414,0.1831238464015386,0.2393181684170727,0.0,0.2761690102866035,0.3689998069718906,0.3272017476120319,0.0751184169984928,0.0,0.0,0.0,0.4077776378530986,0.2416468109273624,0.1774075575643237,0.0,0.0,0.0245074294106867,0.0,0.2748690285289243,0.0,0.0,0.0,0.0,0.0,0.0,0.0,0.1863405229538833,0.0,0.1784810643425294,0.0,0.0,0.0,0.0,0.0,0.0,0.2673107073921931,0.0,0.0,0.0,0.0,0.4336171697028817,0.0,0.0,0.2145299352544408,0.0,0.0,0.0,0.2491527704498954,0.498071083066021,0.1621921085095429,0.0,0.1035064182213118
0.1041498708297995,0.2985596057832841,0.0,0.0,0.3060888592664958,0.2947574468787567,0.4144197877437935,0.0151201568157645,0.2218114044303793,0.0,0.0,0.0,0.4214223465242834,0.0,0.1126709364001653,0.4745604608242206,0.0,0.4120958051641217,0.0,0.2832831334323239,0.0861291489022229,0.4100246199222089,0.0408298232450902,0.0,0.3673907163328471,0.1524813516741241,0.324127490034563,0.2761690102866035,0.0,0.1775380679602904,0.3817888350724743,0.1022104431759564,0.0,0.1651306471236829,0.0,0.0547021286701656,0.0,0.0,0.0157167446585866,0.0,0.3157032707237265,0.0792120105170364,0.0,0.0,0.0,0.0,0.1223190800250483,0.0,0.0,0.0,0.1280015223157484,0.0,0.0,0.0,0.0,0.0,0.0,0.1825018206847401,0.0,0.2313076868134393,0.0,0.0,0.0,0.0,0.2616999428557967,0.1212579883068795,0.3232691680604689,0.0418554179551154,0.0,0.0,0.0434382992515686,0.2730303817455526,0.1567571933416067,0.4250122947913723,0.0,0.2364214986756607
0.0,0.0,0.2594952084882695,0.0,0.0,0.1901198525709273,0.0,0.266973264398251,0.2029520709496358,0.0,0.0,0.0,0.2673893462077761,0.0,0.0,0.3379303133427586,0.0,0.0,0.0,0.3589615139606623,0.0218868529940642,0.3560469470954426,0.1899233221529605,0.0,0.0,0.0,0.1007119923930751,0.3689998069718906,0.1775380679602904,0.0,0.446920592894096,0.1215670762591471,0.0,0.2649864243496334,0.0059731403453655,0.0,0.0,0.0,0.0828602441937663,0.0,0.0,0.0,0.0,0.0,0.0,0.0,0.0,0.0,0.0,0.0,0.0,0.0,0.0,0.0,0.0,0.0,0.0,0.0,0.0,0.0,0.0,0.0,0.0,0.0,0.3018074349164765,0.0,0.0,0.1351526048012173,0.0,0.0,0.0,0.0,0.0,0.0,0.0,0.0
0.1231568683164715,0.1113786841261538,0.1468723104407491,0.0,0.2114218111156414,0.2213147381879555,0.2557407390285546,0.215594789791542,0.1434944372519306,0.3434719065728054,0.1680880479098392,0.1118911232688345,0.2874925964440542,0.0597576297644565,0.1327474323425059,0.4405572028206515,0.277375662096298,0.3331827967142654,0.1760083195128301,0.3088130396064738,0.1477955526072951,0.3422285346634378,0.1175552558721344,0.1634281332944232,0.2241523792247086,0.0858534400130718,0.1220265070176945,0.3272017476120319,0.3817888350724743,0.446920592894096,0.0,0.1093280912669334,0.1299401298317774,0.2805791820595811,0.0136468575791005,0.1624966847938299,0.0700454095815888,0.1006902169291542,0.0,0.2270815296966852,0.3554147597683691,0.0,0.0,0.0,0.0,0.2927741266045189,0.0,0.0,0.0,0.0,0.0376994315465463,0.0,0.1468711312699652,0.0,0.3037300795184997,0.0,0.1099741507549168,0.0,0.0,0.2351020824720903,0.3630576534232346,0.0,0.3368532673128124,0.0,0.2308996477697457,0.1898430821384864,0.2815226854681047,0.0848624882337646,0.1217753554109723,0.166616523128783,0.0738679383062908,0.0370920816775517,0.1798703082099542,0.1540795281443347,0.0,0.3757460840911916
0.1120319022125303,0.2759566521095348,0.1991550808162898,0.0,0.0687709931867707,0.1548704393604039,0.093546172077687,0.2170412403253052,0.1524722144579215,0.319550978795765,0.161979068587088,0.2707568295587075,0.1370275278451177,0.0444677136859515,0.1033813657921631,0.0468116215269279,0.2520068200075219,0.1161665649775155,0.2078481809445271,0.2179917291744857,0.0945181398296946,0.2051821022115569,0.2433985876328706,0.3378718996567067,0.255392572175918,0.2442102136510068,0.0743965537646324,0.0751184169984928,0.1022104431759564,0.1215670762591471,0.1093280912669334,0.0,0.2393323815394746,0.142175791325615,0.0702900577736207,0.0,0.0,0.1889605916005031,0.5470190667282522,0.2635614257000039,0.2041526574480565,0.1980582405445191,0.0,0.0,0.229724007511619,0.1176000731392988,0.142289973542193,0.196439038536884,0.0,0.0,0.0951435019326078,0.0,0.1760139709960401,0.0936143237788525,0.2959683538589673,0.1790857526388218,0.2671771896812836,0.1548361681819081,0.0,0.0877865685972113,0.1773432270868007,0.0,0.1558205387585902,0.1841055903731351,0.1124648935749593,0.1307160372202316,0.0778887558879856,0.2185795292625178,0.3012677551444407,0.2468425706494335,0.2641984401620685,0.063823143673248,0.0,0.0,0.0,0.0826983077721042
0.059350612836388,0.1582890566117349,0.0,0.0,0.0,0.1172834684020138,0.0,0.1304832513836118,0.0,0.351921332964503,0.0,0.2568236027173371,0.0,0.0,0.0,0.0875347511003237,0.1270645541831118,0.0461077687385684,0.0,0.0,0.084195054352536,0.0,0.1505725146440834,0.370191143980621,0.1997285887633566,0.1988855904165829,0.0,0.0,0.0,0.0,0.1299401298317774,0.2393323815394746,0.0,0.3434213380155999,0.2168391547579733,0.0,0.0,0.1539027037644422,0.2182833383720817,0.4926023558489362,0.2787803907001104,0.2326685892558002,0.0,0.0,0.1927409333760863,0.1765295222589246,0.1022177889706559,0.0,0.0,0.0,0.0,0.0,0.0,0.0,0.1406573941309154,0.0,0.1460363666575414,0.0,0.0,0.0,0.0209990801136057,0.0694855538933801,0.0,0.0,0.0,0.1965354576412515,0.0,0.1366529983685806,0.3248049644804854,0.120801764997908,0.18279909975931,0.0,0.0,0.0,0.0,0.1255578517671915
0.0,0.0,0.0,0.0,0.0,0.1409044278679709,0.0396971482351955,0.0664677849978217,0.0212977004392388,0.2919388936395451,0.029653605746742,0.2143425199641009,0.0420371586596062,0.0,0.0,0.1825658653106982,0.0901579837732041,0.0407473954500007,0.0297908282409001,0.051021051165406,0.0,0.0723503098146501,0.0967682647609189,0.2127895908815326,0.121157168912924,0.0,0.082409385151058,0.0,0.1651306471236829,0.2649864243496334,0.2805791820595811,0.142175791325615,0.3434213380155999,0.0,0.2567944343274114,0.0,0.0,0.0346433793541757,0.1212470978084213,0.4037458580612531,0.4905823014176735,0.2809316631336944,0.0,0.0,0.225322513989025,0.1275680637068281,0.0223411690955726,0.0,0.0,0.0,0.0,0.0,0.0792154970183036,0.0,0.0875994931834129,0.0,0.1328442166522335,0.0,0.0,0.0,0.1522069668276052,0.0,0.0871031133627034,0.0,0.0,0.1401807522212076,0.0,0.0935800228592391,0.2150702278939898,0.101814555371937,0.0237450567530957,0.0,0.0,0.0,0.0,0.1900619728122365
0.0,0.0251436058781002,0.0,0.0,0.0,0.0,0.0,0.0,0.0,0.1076244301541844,0.0,0.247067537191631,0.0,0.0,0.0,0.0276538575084687,0.1054703626366135,0.0447533756137044,0.0,0.0,0.0,0.0,0.0,0.1787794618787605,0.0,0.0,0.0,0.0,0.0,0.0059731403453655,0.0136468575791005,0.0702900577736207,0.2168391547579733,0.2567944343274114,0.0,0.0,0.0,0.0,0.1269386410316913,0.1568558309359159,0.0707375661717863,0.2379109918617821,0.0,0.0,0.0,0.0,0.0,0.0,0.0,0.0,0.0,0.0,0.0,0.0,0.0,0.0,0.0597402448439139,0.0,0.0,0.0,0.0,0.0,0.0222203613215183,0.0,0.0,0.0,0.0,0.0,0.0,0.0,0.0,0.0,0.0,0.0,0.0,0.0
0.0,0.0,0.170827710957759,0.4443193334988572,0.2468046237116633,0.0,0.2067423297661699,0.2251223813934704,0.1170239902497876,0.0,0.1879119446325066,0.0,0.202348768160713,0.3168104003263602,0.2758592524893564,0.0,0.0,0.0,0.1676253355756469,0.2099613635929239,0.2397758438558559,0.2006778298158863,0.1476717066129916,0.0,0.0,0.153729767995137,0.0,0.4077776378530986,0.0547021286701656,0.0,0.1624966847938299,0.0,0.0,0.0,0.0,0.0,0.4273865754431467,0.1659272844285405,0.0,0.0,0.0,0.0,0.4257340248550811,0.1483696879316813,0.0,0.0,0.0,0.0979261877698066,0.0,0.0,0.1480164661656551,0.3453945758431719,0.1798490835447931,0.2089174749193333,0.0,0.147857651716164,0.0,0.2041755483127666,0.3126982948168436,0.0,0.0,0.0,0.0,0.1602451018523721,0.0,0.0,0.0,0.1291604084066401,0.0,0.0,0.0,0.1662812623410178,0.387309413073065,0.2004676673365495,0.0,0.0
0.0,0.0,0.0,0.3366086852370082,0.0584690597014597,0.0,0.0,0.0,0.0,0.0,0.0,0.0,0.0527423661751874,0.1700345839076175,0.0,0.0,0.0,0.0,0.0,0.0,0.0,0.0058680681519456,0.0,0.0,0.0,0.0,0.0,0.2416468109273624,0.0,0.0,0.0700454095815888,0.0,0.0,0.0,0.0,0.4273865754431467,0.0,0.0,0.0,0.0,0.0,0.0,0.0,0.0,0.0,0.0,0.0,0.0,0.0,0.0,0.0,0.0,0.0,0.0,0.0,0.0,0.0,0.0,0.0,0.0,0.0,0.0,0.0,0.0,0.0,0.0,0.0,0.0,0.0,0.0,0.0,0.0,0.0,0.0,0.0,0.0
0.0,0.0,0.0,0.0,0.1011514002745421,0.0,0.1250167612174964,0.0,0.1025158302727878,0.1469060108624429,0.0916869625421924,0.0659771754909598,0.0666558732927912,0.0,0.0,0.0,0.140629184326142,0.0,0.0,0.0,0.0,0.0,0.0,0.2354238055561316,0.170092588952075,0.1650759383546084,0.0,0.1774075575643237,0.0,0.0,0.1006902169291542,0.1889605916005031,0.1539027037644422,0.0346433793541757,0.0,0.1659272844285405,0.0,0.0,0.1769863775606488,0.0938258946129027,0.0591387236293601,0.0040566312822045,0.0,0.0,0.1853370598691675,0.0,0.0,0.0,0.0,0.0,0.0,0.0,0.0,0.0,0.1542863410585726,0.0,0.1549506239996185,0.0,0.0,0.0,0.0,0.0,0.0,0.0,0.0,0.0,0.0,0.0,0.2133682337708879,0.0,0.2114586062618736,0.0,0.0,0.0,0.0,0.0
0.0650605629708104,0.2266954262232265,0.1996648381655317,0.0,0.0,0.1635383403160868,0.0,0.1714354967694075,0.1906611130024968,0.2895943355375792,0.1536322729830953,0.389238723600015,0.0681131697230654,0.0,0.066596110036585,0.0,0.0,0.0468557409037984,0.2170293961858935,0.2067518873653864,0.0290386129218503,0.1706274545576002,0.2236387786754518,0.3965396091268165,0.1793078786711489,0.2050418151238553,0.13195570380425,0.0,0.0157167446585866,0.0828602441937663,0.0,0.5470190667282522,0.2182833383720817,0.1212470978084213,0.1269386410316913,0.0,0.0,0.1769863775606488,0.0,0.2439791677791556,0.1646234283955468,0.247442262654266,0.0,0.0259220330643859,0.1731811559950186,0.0710852770955964,0.1608855228419133,0.2259293663007765,0.0,0.056897980137662,0.1448439444435409,0.0,0.1522532792128637,0.1076953260936766,0.2688193161879252,0.2021439022015237,0.3547623437521748,0.1889913793315893,0.0,0.0437046969389195,0.1845992771806969,0.1480850899376525,0.1106507258769811,0.1922529488188922,0.118875852241497,0.0645019375123065,0.073703730574843,0.2614381105971749,0.4166232803017408,0.2563632422211902,0.3129533808076642,0.1067164986943087,0.0,0.0,0.2230015784959469,0.1204630402174157
0.1954758138419174,0.2119536104507753,0.0,0.0,0.0,0.0,0.0,0.0,0.0,0.3745619380414354,0.0,0.2302146073822916,0.0,0.0,0.0460885666064773,0.163040844109432,0.1325305258104139,0.0508859337131557,0.0,0.0,0.1725227000850099,0.0346351043104087,0.2079269159371082,0.3205902214363573,0.2883123071600747,0.1794593835012784,0.0,0.0,0.0,0.0,0.2270815296966852,0.2635614257000039,0.4926023558489362,0.4037458580612531,0.1568558309359159,0.0,0.0,0.0938258946129027,0.2439791677791556,0.0,0.4116457639954633,0.2056332034926497,0.0,0.0,0.2573092753534186,0.321915727919688,0.0517074106624055,0.0,0.0,0.0,0.0277789752462291,0.0,0.1805697797394903,0.0,0.2576680940593433,0.0186519204275224,0.1470212700879258,0.0275881380558784,0.0,0.0546218748748085,0.1508065709273766,0.1052069983670285,0.0745918057376358,0.0,0.0,0.3005285187118234,0.0,0.1822039093479027,0.3292999848984795,0.232599478348682,0.2495623492618445,0.0,0.0,0.0,0.1012630390440565,0.2502763617424252
0.0459313676012569,0.0609479892114487,0.0,0.0,0.0,0.2656498184359286,0.0,0.2313748005051977,0.0,0.3269775553319636,0.0,0.1882980901016052,0.0,0.0,0.0296302538797337,0.2909090948163605,0.0978517133510882,0.0959320202974504,0.0,0.2484569464502752,0.0422177982228594,0.2397955843767879,0.2169085167969432,0.1877557531289382,0.1760626925027631,0.085892601318619,0.2518821081255321,0.0245074294106867,0.3157032707237265,0.0,0.3554147597683691,0.2041526574480565,0.2787803907001104,0.4905823014176735,0.0707375661717863,0.0,0.0,0.0591387236293601,0.1646234283955468,0.4116457639954633,0.0,0.2279447922746666,0.0,0.0,0.3272972761302025,0.2169530692025371,0.0730750734161164,0.178580887279674,0.0036656123505245,0.0,0.0145373551637532,0.0263046108215895,0.1731240632770649,0.0013095820971529,0.2425005969367237,0.2059004805622244,0.143340786682863,0.0568415396437477,0.0,0.0834716563276299,0.2548688981081512,0.1763522121469692,0.1425685066462459,0.1373622175572832,0.0779347987300157,0.1984970074522696,0.0952712463155559,0.1965959060121506,0.2178437178507645,0.1942856255762467,0.1375320004368479,0.0620602422194809,0.0,0.0,0.0496280312862635,0.287941916703069
0.0,0.0401660223964419,0.0,0.0,0.0,0.2005523171297189,0.0,0.0,0.0,0.0,0.0,0.0,0.0,0.0,0.0,0.024904617865137,0.0,0.0,0.0,0.0,0.0,0.0,0.0606597704751906,0.0,0.0564275613836446,0.0,0.1586252548381554,0.0,0.0792120105170364,0.0,0.0,0.1980582405445191,0.2326685892558002,0.2809316631336944,0.2379109918617821,0.0,0.0,0.0040566312822045,0.247442262654266,0.2056332034926497,0.2279447922746666,0.0,0.0,0.0,0.1074977434215636,0.0,0.1076002324145068,0.0626756005533746,0.0,0.0,0.0,0.0,0.0463941091134258,0.0,0.0014117339494718,0.0632967068104817,0.1505149882844645,0.0,0.0,0.0,0.0200447559798821,0.0231489005809821,0.0,0.046842790493512,0.0,0.0142127377970366,0.0,0.0841179947373748,0.2371508637973448,0.070606614383744,0.0039797923875569,0.011679994764125,0.0,0.0,0.0,0.0
0.0,0.0,0.1854116185546327,0.0,0.1586943402012065,0.0,0.0,0.178458479012983,0.104257987578047,0.0,0.1264942982484347,0.0,0.1092893142255154,0.2499735622919729,0.0,0.0,0.0,0.0,0.144027589606968,0.0,0.0,0.0,0.109599581858348,0.0,0.0,0.0,0.0,0.2748690285289243,0.0,0.0,0.0,0.0,0.0,0.0,0.0,0.4257340248550811,0.0,0.0,0.0,0.0,0.0,0.0,0.0,0.3749325403802702,0.0,0.0,0.0,0.1276190670891132,0.3422476269358973,0.3055853291629524,0.1258970211257501,0.2447719922296759,0.1780018374834399,0.1241382286610351,0.1168124144804696,0.1340198676619787,0.098597654687904,0.189402610580104,0.329339288065947,0.2473262877581204,0.0,0.0,0.0,0.136017465612093,0.2157518524599787,0.1833749701371939,0.1494093215509753,0.1309048960252453,0.0,0.0,0.1841027495065686,0.177179378879693,0.3940121017419618,0.2155709642577324,0.0,0.1352094538741775
0.0,0.0,0.0,0.0,0.0,0.0,0.0,0.0,0.0,0.0,0.0,0.0,0.0,0.0,0.0,0.0,0.0,0.0,0.0,0.0,0.0,0.0,0.0,0.0,0.0,0.0,0.0,0.0,0.0,0.0,0.0,0.0,0.0,0.0,0.0,0.1483696879316813,0.0,0.0,0.0259220330643859,0.0,0.0,0.0,0.3749325403802702,0.0,0.0,0.0,0.0,0.0,0.1118525655466653,0.0701046578955715,0.0710849650947674,0.0679549535542027,0.0,0.0,0.0,0.0,0.0180558637385829,0.1010093804439694,0.0828545525614618,0.0,0.0,0.0,0.0,0.012517418772029,0.0,0.0,0.0,0.0,0.0,0.0,0.0,0.0276398217581348,0.2936964309781808,0.1755289018128373,0.0,0.0865845590727684
0.0,0.0,0.0,0.0,0.0,0.0,0.0,0.0,0.0,0.2694643584524417,0.0,0.1604689482988954,0.0,0.0,0.0,0.0,0.0,0.0,0.0,0.0,0.0,0.0,0.0,0.2067565804473878,0.0,0.1306939206282142,0.0,0.0,0.0,0.0,0.0,0.229724007511619,0.1927409333760863,0.225322513989025,0.0,0.0,0.0,0.1853370598691675,0.1731811559950186,0.2573092753534186,0.3272972761302025,0.1074977434215636,0.0,0.0,0.0,0.2072242634458038,0.0,0.0,0.0,0.0,0.0,0.1158061256320792,0.0,0.1553562644639989,0.2518238799543714,0.1948032507488115,0.2015416384439423,0.1001740702780136,0.0,0.0,0.0,0.0975504042498587,0.0,0.0,0.0,0.0,0.0,0.0,0.1883581310846708,0.1625180219103862,0.1597059830887973,0.0,0.0739934208984352,0.0,0.0,0.1916705119372878
0.5548414060445892,0.2536673186045896,0.0,0.0,0.0,0.0,0.0,0.0,0.0,0.0,0.0,0.0,0.0,0.0,0.0,0.2912099005375828,0.0,0.2581326660472453,0.0,0.0,0.5064541299261879,0.1651290598841236,0.0,0.2146236921365364,0.4509983640714696,0.3061665371216855,0.0,0.0,0.0,0.0,0.2927741266045189,0.1176000731392988,0.1765295222589246,0.1275680637068281,0.0,0.0,0.0,0.0,0.0710852770955964,0.321915727919688,0.2169530692025371,0.0,0.0,0.0,0.2072242634458038,0.0,0.0,0.0,0.0,0.0,0.0,0.0,0.2421810758294824,0.0,0.3055021218007873,0.0,0.044446553000834,0.0,0.0,0.3404122844603053,0.2956951001519349,0.0,0.2315292155239296,0.0,0.0,0.4940120140659593,0.0,0.1773150938048713,0.1935126704237081,0.2346646682372277,0.2986661840390139,0.1084097039828377,0.0517570359784478,0.200916284246154,0.0,0.4411557094868686
0.0,0.2823010885986072,0.0,0.0,0.0,0.0,0.0,0.0,0.0,0.0,0.0,0.0,0.0,0.0,0.0,0.0152451191015741,0.0,0.0022404316881148,0.0,0.0953589387369841,0.0,0.122507426554669,0.2266501221987183,0.0,0.1219781129179478,0.1927897314786012,0.2728739935194413,0.0,0.1223190800250483,0.0,0.0,0.142289973542193,0.1022177889706559,0.0223411690955726,0.0,0.0,0.0,0.0,0.1608855228419133,0.0517074106624055,0.0730750734161164,0.1076002324145068,0.0,0.0,0.0,0.0,0.0,0.0,0.0,0.0,0.5024236690631448,0.0674842222607028,0.1344105663458068,0.1267926123731153,0.1785812183556719,0.0,0.0,0.2292620611898727,0.0,-0.0010537071309288,0.0,0.3181340719886465,0.0,0.0,0.1085045647976519,0.0,0.1972749022605938,0.2650312701971203,0.0,0.4140419857160883,0.2838576212484048,0.2204307303530056,0.0359047575767813,0.0752740951753792,0.0,0.0
