0.0,0.5294575317260678,0.0,0.0,0.0,0.0,0.0,0.2664559339744971,0.0,0.4141848598884101,0.0,0.0,0.0,0.0,0.6511001631732789,0.2856172276548451,0.3442812127986605,0.3498803928030828,0.0,0.0855141161957251,0.8591701957969935,0.2125082834742616,0.1559733396011134,0.0767217545116975,0.7205481613359056,0.4936176945630399,0.0,0.1443888442818298,0.1594989431822374,0.0,0.1886069582766183,0.1715697759702035,0.0908917116190363,0.0,0.0,0.0,0.0,0.264021954273839,0.0996361392866611,0.2993588515959335,0.0703409858595735,0.0,0.0,0.0,0.0,0.8497045382080093,0.0,0.0,0.0,0.0,0.0,0.0,0.0,0.0,0.334663189851592,0.0,0.0,0.0,0.0,0.0,0.3570542302036121,0.0,0.2674525716142908,0.0,0.0,0.760433114767792,0.0,0.0,0.0537292152032944,0.3522839074353319,0.4235945558057731,0.0,0.0,0.0,0.0,0.5900669044967822
0.5294575317260678,0.0,0.0,0.0,0.3619331113090086,0.4088639131545663,0.4651810652466807,0.3574049428803736,0.3518684148565032,0.0,0.0,0.0,0.4745095985834346,0.0,0.3534753336332908,0.4286918432590467,0.5739986577717502,0.6288038667020015,0.0,0.2619127673296593,0.422305974058643,0.4062183183690157,0.3900359933117444,0.0,0.7854961404890684,0.6575093504477676,0.1922050005034082,0.3393180445201499,0.4572251623543458,0.0,0.1705694137650997,0.4226101676833338,0.2424096837157226,0.0,0.0385058429107549,0.0,0.0,0.0,0.3471697143622957,0.3245935554332493,0.0933379925568476,0.0615117241435266,0.0,0.0,0.0,0.3884754624748661,0.4323262710930783,0.0,0.0,0.0,0.464389281686395,0.0,0.0,0.0,0.0,0.0,0.0,0.0,0.0,0.2995073174644074,0.3819379277253453,0.0,0.4058260310271592,0.0,0.133156072185531,0.4241800986601755,0.171139793050438,0.4093605909519474,0.0,0.5571048289630292,0.5727908661215444,0.3461520000542847,0.0,0.2882698832666722,0.0,0.2332170209038719
0.0,0.0,0.0,0.0873188415169703,0.4598595593353392,0.4021426591206199,0.348197732324038,0.619046331572336,0.7501871559469937,0.3112884758842889,0.8857739931505477,0.2881100866716642,0.4971540758160869,0.3850120257641659,0.0,0.0,0.0,0.0,0.9792564717462908,0.0,0.0,0.0,0.5769880062743564,0.0,0.0,0.0,0.6030505047162054,0.5519552675642533,0.0,0.0,0.2249256586819529,0.3049934163766878,0.0,0.0,0.0,0.2616118401964197,0.0,0.0,0.3057740775319603,0.0,0.1787031810661638,0.0,0.2839461727369764,0.0,0.0,0.0,0.0,0.9579531076012928,0.0,0.6159702336066062,0.2871587591423992,0.3661774420054336,0.5235785808152678,0.7131408550551906,0.0,0.8898104517441859,0.0,0.371522854598859,0.5067462744090825,0.0,0.0,0.0,0.0,0.9296658122833158,0.0,0.0,0.0,0.5306517531780836,0.0,0.0,0.0,0.5745073779350652,0.4130034709213511,0.0,0.0,0.0
0.0,0.0,0.0873188415169703,0.0,0.2958752948648416,0.0,0.4079146339978397,0.1364746302348707,0.0,0.0,0.0991828331964122,0.0,0.2087973341035326,0.5315505330346808,0.0,0.0,0.0,0.0,0.0273915398007457,0.1676799245256957,0.0,0.0,0.0,0.0,0.0,0.0,0.0,0.4090855661130802,0.1630650602762643,0.0,0.0799299535431586,0.0,0.0,0.0,0.0,0.6804469709263126,0.5154949222068905,0.0684624615488742,0.0,0.0,0.0,0.0,0.0,0.0,0.0,0.0,0.0,0.0,0.0,0.0,0.0,0.0,0.0,0.0,0.0,0.0,0.0,0.0,0.0,0.0,0.0,0.0,0.0,0.0,0.0,0.0,0.0,0.0,0.0,0.0,0.0,0.0,0.0,0.0,0.0,0.0
0.0,0.3619331113090086,0.4598595593353392,0.2958752948648416,0.0,0.5685165539014735,0.7179469773209122,0.3190374958557644,0.82871745282977,0.1453419581536832,0.6778861967160558,0.2280568394454984,0.8433435568314108,0.3335663007445628,0.0,0.3290709247298658,0.0,0.0,0.5927882939452568,0.7364465404067061,0.0,0.7143003369748022,0.3507292427439006,0.0,0.1099427240430382,0.1305232354433482,0.6723467614688733,0.7718593013212438,0.4687557380905937,0.0,0.3237791383700012,0.1053184286018753,0.0,0.0,0.0,0.3779656790821181,0.0895416687216252,0.1549069750797693,0.0763074470517795,0.0,0.0,0.0,0.2430303499123755,0.0,0.0,0.0,0.0,0.4742536777708229,0.0,0.7791549964331232,0.3159518670574576,0.0,0.2611835722622985,0.8175299052048133,0.0,0.6169326082107366,0.0,0.0,0.0,0.0,0.0,0.0,0.0,0.4988265947562197,0.0,0.0,0.0,0.3655021214104524,0.0,0.0,0.0,0.6363200299424672,0.0,0.0,0.0,0.0
0.0,0.4088639131545663,0.4021426591206199,0.0,0.5685165539014735,0.0,0.4024170809239555,0.465680533262804,0.6439691414595707,0.3809969892797847,0.523929802339905,0.5473220322976906,0.6634288483272214,0.1350936755379781,0.0,0.326674244913295,0.2219434730214293,0.252512195568621,0.4976310771242846,0.5245461905221397,0.0,0.4829756634747348,0.5327786229225355,0.0,0.1338636210604596,0.3141679161243954,0.6797421326072166,0.3668157775341397,0.4514023963513606,0.2911565354947071,0.3389295307847134,0.2371742875084346,0.1796122176035976,0.2157862237905803,0.0,0.0,0.0,0.0473760819535651,0.2504486298674283,0.0,0.4068259034744826,0.307133195462271,0.0,0.0,0.0,0.0,0.7031411881346493,0.4290591739151537,0.0,0.2073304127303583,0.6416083767656409,0.2430204248456448,0.3967641710189248,0.5490727959446585,0.0,0.4963031822857585,0.0,0.5152481977534424,0.0,0.0,0.0,0.0,0.0,0.4350898011818001,0.342671504926813,0.0,0.4377122190254305,0.5308357288140945,0.0,0.0,0.3123076128811803,0.386975220119363,0.1067150060926338,0.0,0.0,0.0
0.0,0.4651810652466807,0.348197732324038,0.4079146339978397,0.7179469773209122,0.4024170809239555,0.0,0.2333188172796789,0.5820553484460989,0.4738057255591118,0.5203322644540878,0.0645433211546433,0.7596440249916254,0.3630114008120003,0.0,0.4321366421330173,0.4498647543367751,0.4976009668156455,0.3921697487983439,0.549940214178604,0.0,0.5831182389234049,0.253370361877467,0.0,0.4738673937931386,0.1520511944603949,0.5608081484677749,0.5582724861653688,0.6346577067480116,0.0,0.3916507747797208,0.1432600488724343,0.0,0.0607936730061761,0.0,0.3166128085038662,0.0,0.1914552666785595,0.0,0.0,0.2850416088907049,0.0,0.1945484256317393,0.0,0.0,0.0,0.0,0.3599139475399548,0.0,0.0,0.0803218282823977,0.0,0.1977747904880615,0.509740221221202,0.0,0.4745143065228963,0.0,0.0,0.0,0.0,0.0,0.0,0.0,0.3300652072620343,0.0,0.0,0.0,0.2330772417530812,0.0,0.0,0.0,0.5178976207071666,0.0,0.0,0.0,0.0
0.2664559339744971,0.3574049428803736,0.619046331572336,0.1364746302348707,0.3190374958557644,0.465680533262804,0.2333188172796789,0.0,0.4815165513885689,0.4571969063033976,0.666924074252547,0.4388317382957697,0.3583705021987498,0.2875334446911883,0.3289543395640757,0.1464579741077116,0.0,0.190664990380796,0.6294010994905889,0.5664790036317362,0.3119229247855793,0.4604703003715094,0.8238769048015655,0.4568323214393531,0.2015944800012199,0.5291243086232645,0.2705726530676554,0.4321031446722549,0.0231555643194722,0.4088526773021159,0.3301697914109047,0.3323849389637771,0.1998268507954169,0.1017912108613332,0.0,0.3447606956479623,0.0,0.0,0.2625426257448485,0.0,0.3543358802613224,0.0,0.2732978790823054,0.0,0.0,0.0,0.0,0.6454122784866125,0.0,0.3990322344032938,0.3916694275049501,0.2330879835390958,0.8588353506192308,0.4027320135694544,0.0,0.6647115885088892,0.0,0.4398460394314075,0.4367148957831092,0.2331228719689877,0.0,0.0,0.0,0.6245793006596639,0.3606326769063177,0.3558482166097194,0.0,0.7337547683898302,0.0,0.0,0.0,0.2679659496529294,0.2869345413031148,0.0,0.0,0.2423523730744866
0.0,0.3518684148565032,0.7501871559469937,0.0,0.82871745282977,0.6439691414595707,0.5820553484460989,0.4815165513885689,0.0,0.3339860516829773,0.8744286419907799,0.4599085400218548,0.7972811421031917,0.2821019379978263,0.0,0.2258011695545855,0.0,0.307111851331653,0.8235930574189844,0.7617071605691563,0.0,0.696962289111606,0.532442435255248,0.20084680952789,0.1134555729555522,0.1667383018437482,0.7792901120374889,0.6490245298683169,0.3396901437374681,0.3108082667333605,0.2197526594307046,0.2335015576777431,0.0,0.0326160818559414,0.0,0.179214843216772,0.0,0.1569965133675505,0.2919854416290486,0.0,0.1701638327157761,0.0,0.1596645171474126,0.0,0.0,0.0,0.0,0.72931353864506,0.0,0.7488411708124617,0.3503396623276023,0.5110500913908629,0.4083774720367432,0.9797930053419812,0.0,0.8148127485972232,0.0,0.5266851755020717,0.3979218774089707,0.0,0.0,0.0,0.0,0.684676557135427,0.0,0.0,0.0,0.5512283473210946,0.0,0.0,0.0,0.6883091912950499,0.3484808047421561,0.0,0.0,0.0
0.4141848598884101,0.0,0.3112884758842889,0.0,0.1453419581536832,0.3809969892797847,0.4738057255591118,0.4571969063033976,0.3339860516829773,0.0,0.3439437343656906,0.5868165345416558,0.4073676156648241,0.0,0.0,0.4799306709612516,0.6675991252274536,0.5153988098166751,0.3059947758897382,0.2970335790764695,0.0,0.3401489753257669,0.4134272668614902,0.6599690843115744,0.6891567011346444,0.5198628487004766,0.1812856937971894,0.1831022658120522,0.4007229567904151,0.0,0.5260055118136154,0.4893721231211648,0.5389452741890698,0.4470859602446679,0.1648200111379436,0.0,0.0,0.2249772687473531,0.4434954177263384,0.5736179296038655,0.5007454556039426,0.3838985731286551,0.0,0.0,0.412667630367783,0.592247971821596,0.0,0.0,0.0,0.0,0.0,0.0,0.0,0.0,0.653439177313315,0.0,0.5168816560708043,0.2265002794416007,0.0,0.0,0.0,0.3248335818318959,0.3781999481928125,0.0,0.0,0.0,0.0,0.0,0.5409164348531773,0.4447442464451694,0.4598657951568813,0.0,0.0,0.0,0.0,0.4242189958498781
0.0,0.0,0.8857739931505477,0.0991828331964122,0.6778861967160558,0.523929802339905,0.5203322644540878,0.666924074252547,0.8744286419907799,0.3439437343656906,0.0,0.3256373842766751,0.6694222350592903,0.3448997251479651,0.0,0.0,0.3333199878953593,0.0,0.9216617122646584,0.0,0.0,0.0,0.6550202966970238,0.1699413126201749,0.0,0.2217919065774649,0.7477649878069501,0.618182068465461,0.0,0.0,0.2574162194305261,0.2480607037862172,0.0,0.0454126226030307,0.0,0.2877752640632978,0.0,0.1404127870016027,0.2352781139741704,0.0,0.0,0.0,0.1937180212366751,0.0,0.0,0.0,0.0,0.8681558517899571,0.0,0.7347753530674713,0.3053287640994386,0.5372186617147501,0.588149586956387,0.8343027558229263,0.0,0.97908235395875,0.0,0.4914441372154188,0.5406656547869261,0.0,0.0,0.0,0.0,0.8605985090255385,0.0,0.0,0.0,0.6287415332939859,0.0,0.0,0.0,0.6790481789248383,0.3053891131255347,0.0,0.0,0.0
0.0,0.0,0.2881100866716642,0.0,0.2280568394454984,0.5473220322976906,0.0645433211546433,0.4388317382957697,0.4599085400218548,0.5868165345416558,0.3256373842766751,0.0,0.3748494281355229,0.0,0.0,0.0,0.5501436764901174,0.2231681990942105,0.3486381763050331,0.0,0.0,0.0,0.4080832629312035,0.8081246440795244,0.0576384659339614,0.402416135525314,0.1691748255711214,0.1725608501750436,0.0,0.0,0.17135418191749,0.4146469681614885,0.3933091120642046,0.3282520193343337,0.3783683144562103,0.0,0.0,0.1010398734162056,0.5960944988713519,0.3525591178369768,0.288366621438445,0.4558120756948494,0.0,0.0,0.2457480500294172,0.0,0.0,0.0,0.0,0.0,0.0,0.0,0.0,0.0,0.5158856225722557,0.0,0.8996633359516849,0.4986894694640372,0.0,0.0,0.0,0.577889904236644,0.2312828184339085,0.0,0.0,0.0,0.0,0.0,0.773848434332563,0.1031660004293173,0.5034177627092852,0.0,0.0425430649002898,0.0,0.0,0.0803420687846449
0.0,0.4745095985834346,0.4971540758160869,0.2087973341035326,0.8433435568314108,0.6634288483272214,0.7596440249916254,0.3583705021987498,0.7972811421031917,0.4073676156648241,0.6694222350592903,0.3748494281355229,0.0,0.2270067811985878,0.1210040317455596,0.4864723069895237,0.594988029788892,0.550743345885797,0.5513854597657128,0.6865381872158164,0.0,0.7173056290462831,0.3910212095471816,0.1510407143573288,0.2245370974232593,0.3095744620253923,0.5984292294495851,0.8219784404225956,0.6453816828428534,0.4094898802901547,0.4402767371692607,0.2098489964897535,0.0,0.0643772510438182,0.0,0.3098843466508351,0.0807715996078415,0.1020792561947893,0.1043110135525284,0.0,0.208524635411434,0.0253348328849715,0.1673696758449903,0.0,0.3285154857445109,0.0,0.0,0.4624716640253793,0.0,0.0,0.3139868270647504,0.6571375547912789,0.2424962129692243,0.0,0.0,0.579348357768777,0.4658154147101879,0.0,0.0,0.1814203779036096,0.0,0.0,0.0,0.0,0.4746563699486306,0.0,0.564694822765661,0.3393227067987672,0.0,0.122433444979996,0.1788250350343231,0.4496738872981908,0.0,0.1322538981819898,0.0,0.0
0.0,0.0,0.3850120257641659,0.5315505330346808,0.3335663007445628,0.1350936755379781,0.3630114008120003,0.2875334446911883,0.2821019379978263,0.0,0.3448997251479651,0.0,0.2270067811985878,0.0,0.0,0.0,0.0,0.0,0.3297096882963998,0.0,0.147733646870266,0.0,0.34019244198564,0.0,0.0,0.0,0.3263657057784795,0.3786062432013863,0.0,0.0,0.0915150323141747,0.0680994924154073,0.0,0.0,0.0,0.4851751004451367,0.2603972162578694,0.0,0.0,0.0,0.0,0.0,0.3828187081885563,0.0,0.0,0.0,0.0,0.3166333336539392,0.0,0.0,0.0,0.0,0.0,0.3531317730947247,0.0,0.3516278849756002,0.0,0.0,0.0,0.0,0.0,0.0,0.0,0.0,0.0,0.0,0.0,0.301067447898771,0.0,0.0,0.0,0.3892061361239358,0.0,0.0,0.0,0.0
0.6511001631732789,0.3534753336332908,0.0,0.0,0.0,0.0,0.0,0.3289543395640757,0.0,0.0,0.0,0.0,0.1210040317455596,0.0,0.0,0.1942202398542613,0.0,0.1971759185704089,0.0,0.5067066855466831,0.6209109636443167,0.5244546751860075,0.27525903460683,0.0,0.4191422749955782,0.343449067436968,0.1356098612540161,0.3676503011861776,0.1725484164310416,0.0,0.2032943008002961,0.1583220262993201,0.0,0.0,0.0,0.4224610063222968,0.0,0.0,0.1019877325459353,0.0705817261984926,0.0453768606949314,0.0,0.4938246879367954,0.0,0.0,0.0,0.0,0.0,0.0,0.0,0.2815445733633555,0.0,0.2580652291629408,0.0,0.0,0.0,0.0,0.2413460234275975,0.0,0.9230886867889192,0.3534079566851392,0.0,0.0,0.0,0.578954094950064,0.4473849322825575,0.4389699944862256,0.3017659887168738,0.0,0.3857827982118414,0.3444727969966913,0.4780691853561845,0.5406212158687247,0.5621451491816858,0.0,0.558065790369971
0.2856172276548451,0.4286918432590467,0.0,0.0,0.3290709247298658,0.326674244913295,0.4321366421330173,0.1464579741077116,0.2258011695545855,0.4799306709612516,0.0,0.0,0.4864723069895237,0.0,0.1942202398542613,0.0,0.5978721435031392,0.815695329857324,0.0,0.3477689886870873,0.2033183334504194,0.5540484213777154,0.0039154055845098,0.1783106351997685,0.5002670723515049,0.3646915452882895,0.1902458658089027,0.4312682890084613,0.7267593456859254,0.5175189121021023,0.6746855056214933,0.0716890391001386,0.1340539376667867,0.2795880815425406,0.0423501345932628,0.0,0.0,0.0,0.0,0.2496867458769211,0.4455088884472705,0.0381398478768951,0.0,0.0,0.0,0.445969553393428,0.0233469361605073,0.0,0.0,0.0,0.0,0.0,0.0,0.0,0.0,0.0,0.0,0.0,0.0,0.3198699558738939,0.8243406485156985,0.0,0.7243747999453025,0.0,0.338235067056627,0.1911772358485964,0.4646958118883242,0.0,0.0,0.3313465415248395,0.2510177054225129,0.1041639254902941,0.0,0.3887861635050612,0.0,0.5040432768000935
0.3442812127986605,0.5739986577717502,0.0,0.0,0.0,0.2219434730214293,0.4498647543367751,0.0,0.0,0.6675991252274536,0.3333199878953593,0.5501436764901174,0.594988029788892,0.0,0.0,0.5978721435031392,0.0,0.8147612946606886,0.0,0.3795774138094137,0.0,0.4579430144668933,0.0,0.4985639104166399,0.4025403914040334,0.5334182103934972,0.0,0.5375465854321312,0.3940296101308024,0.0,0.4247832917731721,0.3859325138444189,0.1945913321510309,0.1380712526736318,0.161521192907461,0.0,0.0,0.2153647057062115,0.0,0.2029621221584759,0.0,0.0,0.0,0.0,0.0,0.0,0.0,0.0,0.0,0.0,0.0,0.0,0.0,0.0,0.4251692062914262,0.0,0.5450567328101952,0.0,0.0,0.0,0.0,0.3472045097744025,0.6486955741995934,0.0,0.0,0.0,0.0,0.0,0.3739830484385792,0.0643321426307245,0.3936340347189332,0.0,0.0,0.0,0.0,0.0
0.3498803928030828,0.6288038667020015,0.0,0.0,0.0,0.252512195568621,0.4976009668156455,0.190664990380796,0.307111851331653,0.5153988098166751,0.0,0.2231681990942105,0.550743345885797,0.0,0.1971759185704089,0.815695329857324,0.8147612946606886,0.0,0.0,0.3423243814551804,0.3017325816247339,0.478977199717802,0.0395375557486415,0.2458599184085753,0.5441199008015628,0.4921859927723385,0.078424614623712,0.536491120819796,0.6310986743413625,0.3532603653144497,0.5102483905070999,0.177901750615739,0.070611133049898,0.0624020602226639,0.0685369655992045,0.0,0.0,0.0,0.0717566051367417,0.0779285906494613,0.1469138245959526,0.0,0.0,0.0,0.0,0.3953138597995155,0.0034310794980273,0.0,0.0,0.0,0.0,0.0,0.0,0.0,0.3682298717050909,0.0,0.2450662792072922,0.0,0.0,0.0,0.6628495222284913,0.41605680716571,0.7927518975616322,0.0,0.0,0.0,0.4111457528891864,0.0,0.1473995508857303,0.2164095069832361,0.3144314142462062,0.0,0.0,0.0,0.0,0.3753633676402901
0.0,0.0,0.9792564717462908,0.0273915398007457,0.5927882939452568,0.4976310771242846,0.3921697487983439,0.6294010994905889,0.8235930574189844,0.3059947758897382,0.9216617122646584,0.3486381763050331,0.5513854597657128,0.3297096882963998,0.0,0.0,0.0,0.0,0.0,0.0,0.0,0.0,0.602255413986281,0.0,0.0,0.0,0.6596311775361686,0.5878234345845783,0.0,0.0,0.2695456146984067,0.3183063496754444,0.0,0.0456227701781036,0.0,0.2567076047417797,0.0,0.1417626431717477,0.3323668004130135,0.0,0.0,0.0,0.2205691485584016,0.0,0.0,0.0,0.0,0.9260242851902906,0.0,0.639813462850526,0.3462184502882225,0.413887521861556,0.5372038353504529,0.7751837291354174,0.0,0.9116007259557806,0.0,0.4358339961336876,0.4407375775839071,0.0,0.0,0.0,0.0,0.9648858597409256,0.0,0.0,0.0,0.5522918661054406,0.0,0.0,0.0,0.5997135948175375,0.0,0.0,0.0,0.0
0.0855141161957251,0.2619127673296593,0.0,0.1676799245256957,0.7364465404067061,0.5245461905221397,0.549940214178604,0.5664790036317362,0.7617071605691563,0.2970335790764695,0.0,0.0,0.6865381872158164,0.0,0.5067066855466831,0.3477689886870873,0.3795774138094137,0.3423243814551804,0.0,0.0,0.0,0.9358984524988574,0.4704663591837607,0.0,0.1163493558454028,0.2759728058418678,0.6195398701051557,0.72685826527343,0.4338302106744473,0.5497268663288634,0.4729276480680374,0.3338405525496886,0.0,0.0781355144859259,0.0,0.3215425553133863,0.0,0.0,0.3166274453628679,0.0,0.3804961069021896,0.0,0.2631001838657019,0.0,0.0,0.0,0.1460361864143271,0.0,0.0,0.0,0.2985049633738664,0.0,0.3979956058366138,0.0,0.0,0.0,0.0,0.5245779047701666,0.0,0.5394947753596885,0.4762496525551061,0.0,0.0,0.0,0.896302987401248,0.0,0.8458820488853793,0.4475086183231492,0.0,0.2313780765993578,0.304475658008924,0.5729927961978725,0.5643161871156817,0.1933041986301617,0.3827125313319875,0.243997675222854
0.8591701957969935,0.422305974058643,0.0,0.0,0.0,0.0,0.0,0.3119229247855793,0.0,0.0,0.0,0.0,0.0,0.147733646870266,0.6209109636443167,0.2033183334504194,0.0,0.3017325816247339,0.0,0.0,0.0,0.0784665492098014,0.2037201461610487,0.1035200781617026,0.6140283275881059,0.4371421625924785,0.0,0.023212150164616,0.131901346757691,0.0,0.2263395456958506,0.1447485560402039,0.1289394032215948,0.0,0.0,0.0,0.0,0.0,0.0444707999694223,0.2642076088934708,0.0646538891155336,0.0,0.0,0.0,0.0,0.7756024837084475,0.0,0.0,0.0,0.0,0.10981138768863,0.0,0.4123968059835886,0.0,0.0,0.0,0.0,0.0,0.0,0.5290303716756118,0.2449468361244462,0.0,0.0,0.0,0.0803882488926483,0.8934511995200282,0.0,0.2547169308804846,0.0,0.3118895374409202,0.3885529864882273,0.146915483227487,0.2206642174950385,0.4938597468049756,0.0,0.6094900292845031
0.2125082834742616,0.4062183183690157,0.0,0.0,0.7143003369748022,0.4829756634747348,0.5831182389234049,0.4604703003715094,0.696962289111606,0.3401489753257669,0.0,0.0,0.7173056290462831,0.0,0.5244546751860075,0.5540484213777154,0.4579430144668933,0.478977199717802,0.0,0.9358984524988574,0.0784665492098014,0.0,0.3681777499935219,0.0,0.306431993204621,0.3442529484792161,0.6586300108510559,0.735568181979934,0.6279267850765203,0.5452633914235878,0.5241013663360785,0.3142234186361508,0.0,0.1107999257454899,0.0,0.3073254102066596,0.008986575415789,0.0,0.2613051601790916,0.0530414727402248,0.3672317784279131,0.0,0.2765472505095416,0.0,0.0,0.2528847163261028,0.1876123792738733,0.0,0.0,0.0,0.274854270433479,0.0,0.0,0.0,0.0,0.0,0.0,0.0,0.0,0.6008432576235234,0.6869970438727772,0.0,0.4782820662869635,0.0,0.8346779652800694,0.0759137893999293,0.8950331653968122,0.3552609523201638,0.0,0.3632182632979434,0.3349705981520577,0.6032904290002727,0.5835279426689034,0.3510344930732035,0.0,0.3418862055888524
0.1559733396011134,0.3900359933117444,0.5769880062743564,0.0,0.3507292427439006,0.5327786229225355,0.253370361877467,0.8238769048015655,0.532442435255248,0.4134272668614902,0.6550202966970238,0.4080832629312035,0.3910212095471816,0.34019244198564,0.27525903460683,0.0039154055845098,0.0,0.0395375557486415,0.602255413986281,0.4704663591837607,0.2037201461610487,0.3681777499935219,0.0,0.4705294837050819,0.2715494234487733,0.5143764006344436,0.4241484582932045,0.3797340612762117,0.0625282931800441,0.2908555615835623,0.1800284429326261,0.3727495501452345,0.2305922875052834,0.1481944801272801,0.0,0.2261498833846889,0.0,0.3573966432633818,0.3424886518735351,0.3184269273392291,0.3321816812704119,0.0928966037824572,0.1678448311106299,0.0,0.0,0.0,0.3471003341127247,0.6012205468950594,0.0,0.3504016967053897,0.6052623483663412,0.19390299085365,0.8720062749765133,0.4730501864458923,0.0,0.6224080034715997,0.0,0.5016191742537027,0.4825981661619138,0.2407109120729845,0.0,0.0,0.0,0.5598165244406879,0.27364222441557,0.3098548215879427,0.2416945829120295,0.9632173432160324,0.0,0.3137465593354185,0.5701529201113389,0.4559180065089785,0.2091682868630514,0.0,0.1538160557583241,0.1084728316622737
0.0767217545116975,0.0,0.0,0.0,0.0,0.0,0.0,0.4568323214393531,0.20084680952789,0.6599690843115744,0.1699413126201749,0.8081246440795244,0.1510407143573288,0.0,0.0,0.1783106351997685,0.4985639104166399,0.2458599184085753,0.0,0.0,0.1035200781617026,0.0,0.4705294837050819,0.0,0.2463282102906331,0.5406594022917489,0.0,0.074334853525321,0.0,0.0,0.2502798547806563,0.5174294552346245,0.566924334806169,0.3258738066151707,0.2737894440498202,0.0,0.0,0.3605366755327718,0.6072753435189879,0.4909636575279166,0.2875360666494679,0.0,0.0,0.0,0.3166346325212728,0.3286826167416892,0.0,0.0,0.0,0.0,0.0,0.0,0.0,0.0,0.5786193900333677,0.0,0.7454001737073522,0.0,0.0,0.0,0.2328184556274025,0.4409187611941172,0.2374213960003289,0.0,0.0,0.0,0.0,0.0,0.9236519078570996,0.2495283625756955,0.6240653590212865,0.0,0.0270983598047051,0.0,0.0,0.26627043649382
0.7205481613359056,0.7854961404890684,0.0,0.0,0.1099427240430382,0.1338636210604596,0.4738673937931386,0.2015944800012199,0.1134555729555522,0.6891567011346444,0.0,0.0576384659339614,0.2245370974232593,0.0,0.4191422749955782,0.5002670723515049,0.4025403914040334,0.5441199008015628,0.0,0.1163493558454028,0.6140283275881059,0.306431993204621,0.2715494234487733,0.2463282102906331,0.0,0.5542135862872118,0.1795293573781549,0.1200896169043473,0.5626356568969263,0.0,0.3432751986466765,0.3911175792548088,0.3058717075424374,0.1855445450541458,0.0,0.0,0.0,0.2604860473165782,0.2745986809626861,0.4415320723115777,0.2696288834952172,0.0864152431043344,0.0,0.0,0.0,0.6906754840231212,0.1868017689006071,0.0,0.0,0.0,0.0,0.0,0.0,0.0,0.4182853271331197,0.0,0.0195719614575083,0.0973452967493275,0.0,0.416453759810428,0.4804845410895648,0.0009660253833714,0.4001000992863464,0.0,0.0,0.623047282175953,0.0735194740105251,0.2860130245824497,0.1705595440957504,0.731557346004176,0.4583085071560521,0.0,0.0,0.4762914102811794,0.0,0.4447459200828371
0.4936176945630399,0.6575093504477676,0.0,0.0,0.1305232354433482,0.3141679161243954,0.1520511944603949,0.5291243086232645,0.1667383018437482,0.5198628487004766,0.2217919065774649,0.402416135525314,0.3095744620253923,0.0,0.343449067436968,0.3646915452882895,0.5334182103934972,0.4921859927723385,0.0,0.2759728058418678,0.4371421625924785,0.3442529484792161,0.5143764006344436,0.5406594022917489,0.5542135862872118,0.0,0.0,0.2804425943095333,0.2335155507467344,0.0,0.1314791160233158,0.3739925040838283,0.3045807088657851,0.0,0.0,0.2354274214218157,0.0,0.2528033640618091,0.3140085778297991,0.2748307010324196,0.1315390890871195,0.0,0.0,0.0,0.2001494774257465,0.4688746968152921,0.2952452862613253,0.0,0.0,0.0,0.405884839736282,0.0,0.0,0.0,0.5647382265667357,0.0,0.4381287509713037,0.4144536567860112,0.0,0.2656006786009968,0.3764595176093449,0.3836492994530877,0.3698195232669685,0.0,0.1659094096113019,0.4029816224217724,0.1988213410176115,0.4717132325356302,0.4569474972478471,0.451381140568835,0.8657409201243532,0.146364063924756,0.3203329305669559,0.133529503418537,0.0,0.1623266494080967
0.0,0.1922050005034082,0.6030505047162054,0.0,0.6723467614688733,0.6797421326072166,0.5608081484677749,0.2705726530676554,0.7792901120374889,0.1812856937971894,0.7477649878069501,0.1691748255711214,0.5984292294495851,0.3263657057784795,0.1356098612540161,0.1902458658089027,0.0,0.078424614623712,0.6596311775361686,0.6195398701051557,0.0,0.6586300108510559,0.4241484582932045,0.0,0.1795293573781549,0.0,0.0,0.3665006460661903,0.4963807607722165,0.1542340496871448,0.186875881405062,0.1139336189984424,0.0,0.1262047637233447,0.0,0.0,0.0,0.0721837277190583,0.2020818185942894,0.0,0.3857415254810042,0.2429245500461997,0.0,0.0,0.0,0.0,0.4178892709275899,0.5995579325417103,0.0,0.5036367082819764,0.4035379376977357,0.4879843214102813,0.2129902667243607,0.7223955344095497,0.0,0.7199964539206435,0.0,0.2632083931602326,0.2851978213589873,0.2514392739046254,0.0,0.0,0.0,0.5912209122288388,0.4967573125122024,0.0,0.5736694963026178,0.4838554293386097,0.0,0.0,0.0590499019432602,0.8612163742421656,0.1437474479895205,0.2126337305649615,0.0,0.0
0.1443888442818298,0.3393180445201499,0.5519552675642533,0.4090855661130802,0.7718593013212438,0.3668157775341397,0.5582724861653688,0.4321031446722549,0.6490245298683169,0.1831022658120522,0.618182068465461,0.1725608501750436,0.8219784404225956,0.3786062432013863,0.3676503011861776,0.4312682890084613,0.5375465854321312,0.536491120819796,0.5878234345845783,0.72685826527343,0.023212150164616,0.735568181979934,0.3797340612762117,0.074334853525321,0.1200896169043473,0.2804425943095333,0.3665006460661903,0.0,0.4229353808069672,0.5650998774894921,0.5010887919082089,0.1150391069074098,0.0,0.0,0.0,0.6244856740840908,0.3700668148619961,0.2716884593192927,0.0,0.0,0.0375315788677809,0.0,0.4209445409254194,0.0,0.2985810874996742,0.0,0.0,0.4416537395573121,0.0,0.0,0.2853687311023144,0.0,0.2733324670867396,0.6725366812788305,0.4371114798166096,0.0,0.3920225134484584,0.7072506898938382,0.0,0.4093694499153624,0.0,0.0,0.0,0.0,0.6640572836264519,0.0,0.6804503866703452,0.3285390340037446,0.0,0.0597267447231953,0.204038923372438,0.3815617173700282,0.7627643773892487,0.2483869609598119,0.0,0.1585135361891806
0.1594989431822374,0.4572251623543458,0.0,0.1630650602762643,0.4687557380905937,0.4514023963513606,0.6346577067480116,0.0231555643194722,0.3396901437374681,0.4007229567904151,0.0,0.0,0.6453816828428534,0.0,0.1725484164310416,0.7267593456859254,0.3940296101308024,0.6310986743413625,0.0,0.4338302106744473,0.131901346757691,0.6279267850765203,0.0625282931800441,0.0,0.5626356568969263,0.2335155507467344,0.4963807607722165,0.4229353808069672,0.0,0.2718883277403011,0.5846854655475369,0.1565288323342663,0.0,0.2528871470831481,0.0,0.0837728519795129,0.0,0.0,0.02406920088654,0.1936560768869064,0.4834796014475967,0.1213081865982753,0.0,0.0,0.0,0.0,0.1873239384703736,0.1593789324901812,0.0,0.0,0.1960262396142882,0.5341203767592256,0.0,0.2828381795758449,0.0,0.0,0.0,0.2794900012465648,0.0,0.3542330998850893,0.0,0.0,0.0,0.0,0.400776918720945,0.1856989435825363,0.4950662949290297,0.0640989266439074,0.0,0.0,0.0665230092851599,0.4181287696095581,0.2400637319566041,0.650879461669822,0.0986113147737844,0.3620645794746321
0.0,0.0,0.0,0.0,0.0,0.2911565354947071,0.0,0.4088526773021159,0.3108082667333605,0.0,0.0,0.0,0.4094898802901547,0.0,0.0,0.5175189121021023,0.0,0.3532603653144497,0.0,0.5497268663288634,0.0,0.5452633914235878,0.2908555615835623,0.0,0.0,0.0,0.1542340496871448,0.5650998774894921,0.2718883277403011,0.0,0.684430635247524,0.1861722922419658,0.0,0.4058099573687947,0.0091474868377119,0.0,0.0,0.0,0.0,0.0,0.0,0.0,0.0,0.0,0.0,0.0,0.0,0.0,0.0,0.0,0.0,0.0,0.0,0.0,0.0,0.0,0.0,0.0,0.0,0.0,0.0,0.0,0.0,0.0,0.4621990073553368,0.0,0.0,0.2069776703741518,0.0,0.0,0.0,0.0,0.0,0.0,0.0,0.0
0.1886069582766183,0.1705694137650997,0.2249256586819529,0.0799299535431586,0.3237791383700012,0.3389295307847134,0.3916507747797208,0.3301697914109047,0.2197526594307046,0.5260055118136154,0.2574162194305261,0.17135418191749,0.4402767371692607,0.0915150323141747,0.2032943008002961,0.6746855056214933,0.4247832917731721,0.5102483905070999,0.2695456146984067,0.4729276480680374,0.2263395456958506,0.5241013663360785,0.1800284429326261,0.2502798547806563,0.3432751986466765,0.1314791160233158,0.186875881405062,0.5010887919082089,0.5846854655475369,0.684430635247524,0.0,0.167429060432572,0.1989950944730433,0.429689280081519,0.020899299675389,0.2488534002849411,0.107270116746355,0.1542007019407192,0.0,0.3477610074237753,0.5442952364968648,0.0,0.0,0.0,0.0,0.0,0.0,0.0,0.0,0.0,0.05773429618623,0.0,0.2249238528564404,0.0,0.4651434160204121,0.0,0.1684184596967786,0.0,0.0,0.3600439769677802,0.555999844972063,0.4048469014629122,0.5158694841943542,0.0,0.3536082138844856,0.2907326790738906,0.4311341959066599,0.1299615360178413,0.1864912585963004,0.2551626722530314,0.1131240778412281,0.0568041782564169,0.2754600062465218,0.2359630569796885,0.0,0.5754313744214609
0.1715697759702035,0.4226101676833338,0.3049934163766878,0.0,0.1053184286018753,0.2371742875084346,0.1432600488724343,0.3323849389637771,0.2335015576777431,0.4893721231211648,0.2480607037862172,0.4146469681614885,0.2098489964897535,0.0680994924154073,0.1583220262993201,0.0716890391001386,0.3859325138444189,0.177901750615739,0.3183063496754444,0.3338405525496886,0.1447485560402039,0.3142234186361508,0.3727495501452345,0.5174294552346245,0.3911175792548088,0.3739925040838283,0.1139336189984424,0.1150391069074098,0.1565288323342663,0.1861722922419658,0.167429060432572,0.0,0.3665224125646446,0.2177332365547741,0.1076447799866415,0.0,0.0,0.2893812006029603,0.8377251200461998,0.4036276620203593,0.3126468890587776,0.3033136748389088,0.0,0.0,0.3518077951490641,0.1800970777440962,0.2179080994012595,0.3008339693245505,0.0,0.1850245180358306,0.1457062585675922,0.0222517906592535,0.2695542695876757,0.1433644188944551,0.4532568238422136,0.2742585089862146,0.4091649759816312,0.2371218033650734,0.0,0.1344395802442412,0.271589941259716,0.2405139686807626,0.2386293046747684,0.2819460731395846,0.1722328748695515,0.200183347588287,0.1192817057854519,0.334740731225827,0.4613725219011473,0.3780237924184394,0.4046032093991664,0.0977411098578003,0.0,0.0,0.0,0.126647230452791
0.0908917116190363,0.2424096837157226,0.0,0.0,0.0,0.1796122176035976,0.0,0.1998268507954169,0.0,0.5389452741890698,0.0,0.3933091120642046,0.0,0.0,0.0,0.1340539376667867,0.1945913321510309,0.070611133049898,0.0,0.0,0.1289394032215948,0.0,0.2305922875052834,0.566924334806169,0.3058717075424374,0.3045807088657851,0.0,0.0,0.0,0.0,0.1989950944730433,0.3665224125646446,0.0,0.5259280692650239,0.332075457692557,0.0,0.0,0.2356922616201072,0.3342871336012848,0.7543893673702503,0.4269345448278405,0.3563172359440326,0.0,0.0,0.2951705550521705,0.2703438037554206,0.1565400819544729,0.0,0.0,0.0,0.0,0.0,0.0,0.0,0.2154079072388959,0.0,0.2236454636234369,0.0,0.0,0.0,0.0321587637049755,0.1064127331519982,0.0,0.0,0.0,0.300981629087608,0.0,0.2092754282728915,0.497418270058562,0.1850002664257015,0.2799452653563167,0.0,0.0,0.0,0.0,0.1922839126495498
0.0,0.0,0.0,0.0,0.0,0.2157862237905803,0.0607936730061761,0.1017912108613332,0.0326160818559414,0.4470859602446679,0.0454126226030307,0.3282520193343337,0.0643772510438182,0.0,0.0,0.2795880815425406,0.1380712526736318,0.0624020602226639,0.0456227701781036,0.0781355144859259,0.0,0.1107999257454899,0.1481944801272801,0.3258738066151707,0.1855445450541458,0.0,0.1262047637233447,0.0,0.2528871470831481,0.4058099573687947,0.429689280081519,0.2177332365547741,0.5259280692650239,0.0,0.3932644425189577,0.0,0.0,0.0530541454466344,0.185682265472607,0.6183112582080141,0.7512957817096062,0.4302290825638926,0.0,0.0,0.3450671860663657,0.1953624251564766,0.0342140881386473,0.0580281579820368,0.0,0.0,0.0,0.0,0.1213135259545614,0.0,0.1341530860742678,0.0,0.2034425198522756,0.0,0.0,0.0,0.2330953476999489,0.1514891191328822,0.1333929117582619,0.0,0.0,0.2146779602858268,0.0,0.1433118892044524,0.3293664580257873,0.1559225551890644,0.0363640533372355,0.0,0.0,0.0,0.0,0.2910678963032297
0.0,0.0385058429107549,0.0,0.0,0.0,0.0,0.0,0.0,0.0,0.1648200111379436,0.0,0.3783683144562103,0.0,0.0,0.0,0.0423501345932628,0.161521192907461,0.0685369655992045,0.0,0.0,0.0,0.0,0.0,0.2737894440498202,0.0,0.0,0.0,0.0,0.0,0.0091474868377119,0.020899299675389,0.1076447799866415,0.332075457692557,0.3932644425189577,0.0,0.0,0.0,0.0,0.1943985041194231,0.240214789196762,0.1083301108085034,0.3643456441285839,0.0,0.0,0.0,0.0,0.0,0.0,0.0,0.0,0.0,0.0,0.0,0.0,0.0,0.0,0.0914884084073782,0.0,0.0,0.0,0.0,0.0,0.0,0.0,0.0,0.0,0.0,0.0,0.0,0.0,0.0,0.0,0.0,0.0,0.0,0.0
0.0,0.0,0.2616118401964197,0.6804469709263126,0.3779656790821181,0.0,0.3166128085038662,0.3447606956479623,0.179214843216772,0.0,0.2877752640632978,0.0,0.3098843466508351,0.4851751004451367,0.4224610063222968,0.0,0.0,0.0,0.2567076047417797,0.3215425553133863,0.0,0.3073254102066596,0.2261498833846889,0.0,0.0,0.2354274214218157,0.0,0.6244856740840908,0.0837728519795129,0.0,0.2488534002849411,0.0,0.0,0.0,0.0,0.0,0.6545155223942266,0.2541071467548902,0.0,0.0,0.0,0.0,0.6519847456371206,0.2272187976503041,0.1213812181363403,0.0,0.0,0.149967766015515,0.0,0.5452036917949732,0.22667786084509,0.5289499582566991,0.2754275020135773,0.3199439058008036,0.0,0.226434646555393,0.0,0.3126819449709999,0.0,0.0,0.0,0.0,0.0,0.2454052433473626,0.3548389961945118,0.0,0.3182131210345194,0.1978010004017295,0.0,0.0,0.0,0.2546492415505932,0.593139881763648,0.3070035596552983,0.0,0.0
0.0,0.0,0.0,0.5154949222068905,0.0895416687216252,0.0,0.0,0.0,0.0,0.0,0.0,0.0,0.0807715996078415,0.2603972162578694,0.0,0.0,0.0,0.0,0.0,0.0,0.0,0.008986575415789,0.0,0.0,0.0,0.0,0.0,0.3700668148619961,0.0,0.0,0.107270116746355,0.0,0.0,0.0,0.0,0.6545155223942266,0.0,0.0,0.0,0.0,0.0,0.0,0.342133523457286,0.0,0.0,0.0,0.0,0.0,0.0,0.0,0.0,0.0,0.0,0.0,0.0,0.0,0.0,0.0,0.0,0.0,0.0,0.0,0.0,0.0,0.0,0.0,0.0,0.0,0.0,0.0,0.0,0.0,0.0,0.0,0.0,0.0
0.264021954273839,0.0,0.0,0.0684624615488742,0.1549069750797693,0.0473760819535651,0.1914552666785595,0.0,0.1569965133675505,0.2249772687473531,0.1404127870016027,0.1010398734162056,0.1020792561947893,0.0,0.0,0.0,0.2153647057062115,0.0,0.1417626431717477,0.0,0.0,0.0,0.3573966432633818,0.3605366755327718,0.2604860473165782,0.2528033640618091,0.0721837277190583,0.2716884593192927,0.0,0.0,0.1542007019407192,0.2893812006029603,0.2356922616201072,0.0530541454466344,0.0,0.2541071467548902,0.0,0.0,0.2710434487692035,0.1436884262520288,0.0905672166933739,0.0062124743625365,0.0,0.0,0.2838319908235279,0.0,0.0,0.0,0.0,0.0,0.0,0.0,0.0,0.0,0.2362797778838487,0.0,0.2372970852143971,0.0,0.0,0.0,0.0,0.0,0.0,0.0,0.0,0.0,0.0,0.0,0.326759961620422,0.202041949879971,0.3238354878103943,0.0,0.2612695815581481,0.0,0.0,0.0
0.0996361392866611,0.3471697143622957,0.3057740775319603,0.0,0.0763074470517795,0.2504486298674283,0.0,0.2625426257448485,0.2919854416290486,0.4434954177263384,0.2352781139741704,0.5960944988713519,0.1043110135525284,0.0,0.1019877325459353,0.0,0.0,0.0717566051367417,0.3323668004130135,0.3166274453628679,0.0444707999694223,0.2613051601790916,0.3424886518735351,0.6072753435189879,0.2745986809626861,0.3140085778297991,0.2020818185942894,0.0,0.02406920088654,0.0,0.0,0.8377251200461998,0.3342871336012848,0.185682265472607,0.1943985041194231,0.0,0.0,0.2710434487692035,0.0,0.3736386719370068,0.2521103736656165,0.3789421828133918,0.0,0.0396979549370846,0.2652159924943502,0.1088626081072401,0.2463860076076512,0.3459965420187147,0.0,0.0871356596878699,0.2218193443834918,0.0,0.2331662721902639,0.1649285837874804,0.4116797889170105,0.309570607385252,0.5432961026115409,0.2894283500668251,0.0,0.0669309805026001,0.2827021232761978,0.226782953813747,0.1694545917254875,0.294423237551519,0.1820508527887827,0.0987806397113264,0.1128726040811591,0.4003759391689929,0.6380322163033508,0.3926040990667494,0.4792683188796501,0.1634295715034217,0.0,0.0,0.3415128200802085,0.1844815308373835
0.2993588515959335,0.3245935554332493,0.0,0.0,0.0,0.0,0.0,0.0,0.0,0.5736179296038655,0.0,0.3525591178369768,0.0,0.0,0.0705817261984926,0.2496867458769211,0.2029621221584759,0.0779285906494613,0.0,0.0,0.2642076088934708,0.0530414727402248,0.3184269273392291,0.4909636575279166,0.4415320723115777,0.2748307010324196,0.0,0.0,0.1936560768869064,0.0,0.3477610074237753,0.4036276620203593,0.7543893673702503,0.6183112582080141,0.240214789196762,0.0,0.0,0.1436884262520288,0.3736386719370068,0.0,0.6304094647416039,0.3149142517310861,0.0,0.0,0.3940528890038239,0.4929935869132151,0.0791866306663138,0.0665072766409958,0.0,0.0,0.0425417444991334,0.0,0.2765312026758422,0.0,0.3946023971686734,0.0285642370250335,0.2251537809648918,0.0422494894061766,0.0,0.08364994836529,0.2309507299069206,0.1611178671775673,0.1142326350519446,0.0,0.0,0.4602404280365573,0.0,0.2790337688671198,0.5043021096691197,0.356211396958733,0.3821889614283762,0.0,0.0,0.0,0.1550779427978647,0.3832824264049929
0.0703409858595735,0.0933379925568476,0.1787031810661638,0.0,0.0,0.4068259034744826,0.2850416088907049,0.3543358802613224,0.1701638327157761,0.5007454556039426,0.0,0.288366621438445,0.208524635411434,0.0,0.0453768606949314,0.4455088884472705,0.0,0.1469138245959526,0.0,0.3804961069021896,0.0646538891155336,0.3672317784279131,0.3321816812704119,0.2875360666494679,0.2696288834952172,0.1315390890871195,0.3857415254810042,0.0375315788677809,0.4834796014475967,0.0,0.5442952364968648,0.3126468890587776,0.4269345448278405,0.7512957817096062,0.1083301108085034,0.0,0.0,0.0905672166933739,0.2521103736656165,0.6304094647416039,0.0,0.3490830394894877,0.0,0.0,0.5012350877948056,0.3322499104631303,0.1119098553840944,0.2734853396045166,0.0056136535875293,0.0,0.022263040432116,0.0402838485870031,0.2651285586060077,0.0020055421945516,0.3713743341619427,0.3153235696668104,0.2195173532974335,0.0870492246394125,0.0,0.1278315648771652,0.3903156055248821,0.2700722645278912,0.2183346552422199,0.2103615526260122,0.1193522174873523,0.3039856186208066,0.1459018910145204,0.3010742019463036,0.3336138825641721,0.297536153506633,0.2106215643729808,0.0950413377258715,0.0,0.0,0.0760021926029045,0.4409648427414736
0.0,0.0615117241435266,0.0,0.0,0.0,0.307133195462271,0.0,0.0,0.0,0.3838985731286551,0.0,0.4558120756948494,0.0253348328849715,0.0,0.0,0.0381398478768951,0.0,0.0,0.0,0.0,0.0,0.0,0.0928966037824572,0.0,0.0864152431043344,0.0,0.2429245500461997,0.0,0.1213081865982753,0.0,0.0,0.3033136748389088,0.3563172359440326,0.4302290825638926,0.3643456441285839,0.0,0.0,0.0062124743625365,0.3789421828133918,0.3149142517310861,0.3490830394894877,0.0,0.0,0.0,0.1646259984156306,0.0,0.1647829538293245,0.0959837201134103,0.0,0.0,0.0,0.0,0.0710496452325467,0.0,0.0021619812986923,0.0969349050819863,0.2305041895221441,0.0,0.0,0.0,0.0306972766232396,0.0354510778465689,0.0,0.0717367724020681,0.0,0.0217659094561734,0.0,0.128821391292417,0.363181556050558,0.1081295664234345,0.0060948004528722,0.0178871736124993,0.0,0.0,0.0,0.0
0.0,0.0,0.2839461727369764,0.0,0.2430303499123755,0.0,0.1945484256317393,0.2732978790823054,0.1596645171474126,0.0,0.1937180212366751,0.0,0.1673696758449903,0.3828187081885563,0.4938246879367954,0.0,0.0,0.0,0.2205691485584016,0.2631001838657019,0.0,0.2765472505095416,0.1678448311106299,0.0,0.0,0.0,0.0,0.4209445409254194,0.0,0.0,0.0,0.0,0.0,0.0,0.0,0.6519847456371206,0.342133523457286,0.0,0.0,0.0,0.0,0.0,0.0,0.5741854836575965,0.0,0.0,0.0,0.1954405336121894,0.524130604944403,0.4679846135684437,0.1928033290810717,0.3748528324633668,0.2725985614471038,0.1901098496061201,0.1788908283011478,0.2052429550531211,0.1509960751527716,0.2900581247273122,0.5043622999854863,0.3787645745914755,0.0,0.0,0.0,0.2083021500325073,0.3304103229586582,0.2808271744355179,0.2288109308162213,0.2004725729091669,0.0,0.0,0.2819417225320278,0.2713390180884457,0.6034046257393333,0.3301333041120429,0.0,0.2070647311355892
0.0,0.0,0.0,0.0,0.0,0.0,0.0,0.0,0.0,0.0,0.0,0.0,0.0,0.0,0.0,0.0,0.0,0.0,0.0,0.0,0.0,0.0,0.0,0.0,0.0,0.0,0.0,0.0,0.0,0.0,0.0,0.0,0.0,0.0,0.0,0.2272187976503041,0.0,0.0,0.0396979549370846,0.0,0.0,0.0,0.5741854836575965,0.0,0.0,0.0,0.0,0.0,0.1712951332034733,0.1073608517937465,0.108862130297694,0.1040687154917926,0.0,0.0,0.0,0.0,0.0276514138865591,0.1546894806872482,0.1268865094704385,0.0,0.0,0.0,0.0,0.0191696355415631,0.0,0.0,0.0,0.0,0.0,0.0,0.0,0.0423286397289179,0.4497775175733737,0.268811416797992,0.0,0.1325987786444301
