0.0,0.2668566352879544,0.0,0.0,0.0,0.2193811400420352,0.0,0.0,0.0,0.2249125959519069,0.0,0.1667680063544195,0.0,0.0,0.1928030970099795,0.4574813462530167,0.2408515819279628,0.3663929188943092,0.0,0.312184601145152,0.3929410625320813,0.2473962077469313,0.0814085743709883,0.3231152703246973,0.4521931698743584,0.3033821523409021,0.1548186944894283,0.3414282889938992,0.4254933983020094,0.0,0.3603087446140107,0.2455710812338027,0.260824147947864,0.2949529651509854,0.0,0.0,0.0,0.0,0.2044126034580739,0.2129506123120926,0.1522184409382675,0.0,0.0,0.0,0.0,0.4334443129074621,0.0663599000004371,0.0,0.0,0.0,0.0,0.0,0.0,0.0,0.25489290701248,0.0,0.0,0.0,0.0,0.0,0.2570660341933611,0.0,0.3072018791546467,0.0,0.0,0.3088541743496203,0.2388139715492394,0.0,0.3260842451199472,0.3900216038287902,0.343717340720658,0.0,0.0,0.0,0.0,0.0
0.2668566352879544,0.0,0.0,0.0,0.4203395720125621,0.3638912520791469,0.3626991768023125,0.3006536677316402,0.2392259816890576,0.0,0.0,0.0,0.3105909619578152,0.0,0.2939877764305729,0.2984950363142438,0.0,0.3773602700735318,0.0,0.3208447997056832,0.4107530055642421,0.4820125100510415,0.2088239463173548,0.0,0.4829057708603881,0.4707612184436477,0.2243107330333822,0.2362679027466578,0.2830334085225267,0.0,0.0,0.0989568641433673,0.2022054538675011,0.0,0.0,0.0,0.0,0.0,0.052288495766871,0.2216723351971667,0.0,0.0,0.0,0.0,0.0,0.0,0.3251617878053849,0.0,0.0,0.0,0.0,0.0,0.0,0.0,0.0,0.0,0.0,0.0,0.0,0.169545506859583,0.0916708408813534,0.0,0.0662704346275018,0.0,0.2226462990698849,0.3135633866344324,0.2021590335500073,0.0988398760580965,0.0,0.1899549919893554,0.298368257403621,0.0490033722732994,0.0,0.1337503722854324,0.0,0.0406580394059611
0.0,0.0,0.0,0.0,0.0,0.2694130739697635,0.0,0.2237361791164344,0.3894185664738107,0.0,0.3109128953290951,0.0,0.1345985075718278,0.0,0.0,0.0,0.0,0.0,0.5494401877943074,0.0,0.0,0.0,0.4849349817296352,0.0,0.0,0.0,0.4499993940450173,0.2329659137372339,0.0,0.0583570920980264,0.0279714589914269,0.0,0.0,0.0452454431366636,0.0,0.1443704555846916,0.1078398303381477,0.0,0.0,0.0,0.0,0.0,0.0380349700156524,0.0,0.0,0.0,0.0,0.6001908475100103,0.0,0.1300091171682557,0.5049260385452434,0.0,0.383550379010669,0.5143343825312108,0.0,0.4285329507143833,0.0,0.0,0.0,0.0,0.0,0.0,0.0,0.557461385141,0.0,0.0,0.0,0.4769482929932683,0.0,0.0,0.0,0.485456962673957,0.0,0.0,0.0,0.0
0.0,0.0,0.0,0.0,0.397768879423651,0.0,0.3214275066122313,0.0802899852808505,0.1889072227705658,0.3679773741707671,0.0,0.0,0.0,0.0744629402676587,0.0,0.0,0.0,0.0,0.0,0.0,0.0,0.0,0.0,0.0,0.0,0.0,0.0,0.0675189480548105,0.0,0.0,0.0,0.2167973159959428,0.0,0.0,0.0,0.0,0.2780651473826295,0.0,0.0,0.0,0.0,0.0,0.0,0.0,0.0,0.0,0.0,0.0,0.0,0.0,0.0,0.0,0.0,0.0,0.0,0.0,0.0,0.0,0.0,0.0,0.0,0.0,0.0,0.0,0.0,0.0,0.0,0.0,0.0,0.0,0.0,0.0,0.0,0.0,0.0,0.0
0.0,0.4203395720125621,0.0,0.397768879423651,0.0,0.1615268441606321,0.5710488840651535,0.297842659627795,0.3787317208893725,0.456185584478289,0.2821657459012555,0.21352402262152,0.0711210320252707,0.4220367635550676,0.0,0.0,0.0,0.0,0.0,0.1155251096998201,0.0,0.3438377828326709,0.0,0.0,0.2461350276907195,0.0,0.0429231019166429,0.0467652511374261,0.132199375865624,0.0,0.0,0.0683222922533887,0.1643940533198004,0.0,0.0,0.0,0.038426239258877,0.1293037951946539,0.0,0.0,0.0,0.0,0.0459378716733257,0.0,0.0,0.0,0.0,0.0,0.0,0.0,0.0,0.0,0.0671803211927716,0.2210854944542078,0.0,0.2973254475846441,0.0,0.0,0.0,0.0,0.0,0.0,0.0,0.0,0.0,0.0,0.0,0.0,0.0,0.0,0.0,0.0,0.0,0.0,0.0,0.0
0.2193811400420352,0.3638912520791469,0.2694130739697635,0.0,0.1615268441606321,0.0,0.0034268784633109,0.2920462345785828,0.1152734646907049,0.1316116240933489,0.0381440666247341,0.0,0.3426212668635631,0.1695938298649082,0.3197648726216237,0.2701265998694263,0.0,0.3261411433898696,0.2431777342859213,0.3532827289229825,0.3993635020524663,0.2237460294777074,0.4055585933965045,0.0,0.2935979832840056,0.331397883251584,0.3241991833533457,0.2153415684221127,0.3396595284977454,0.0213260321792777,0.0,0.0884724102222151,0.1251208075357411,0.0694988388806929,0.0,0.1866170375954977,0.0972871074766445,0.0,0.1370849139063393,0.0,0.0451013301811781,0.0,0.0248027490775808,0.0,0.0,0.0,0.0,0.2038455226186016,0.0,0.0,0.2546943545246413,0.0007567846756864,0.245651064862702,0.1315171214110229,0.0,0.0139266763980603,0.0,0.2052500434824868,0.0,0.2006156843700554,0.0,0.0,0.0,0.1992005642089535,0.282662174347604,0.2363829434720801,0.2506907924622238,0.2631487900311219,0.0,0.0,0.0,0.1190896723490024,0.1260027038875436,0.2153562418969286,0.0,0.0826449007943589
0.0,0.3626991768023125,0.0,0.3214275066122313,0.5710488840651535,0.0034268784633109,0.0,0.2533375351328675,0.3302046469454359,0.4267926551534169,0.3168835097884567,0.1984208498592631,0.0982576031323748,0.3181713316436162,0.0,0.0,0.2946827200181948,0.0410273391869705,0.0,0.0126975609759924,0.0,0.2647596604985315,0.0,0.0,0.2158258804759825,0.0701339382029734,0.0,0.0,0.0512026342693398,0.0,0.0,0.0281200788938728,0.1371408944080636,0.0,0.0,0.0,0.0,0.1892866858934693,0.0,0.0,0.0,0.0,0.0,0.0,0.0,0.0,0.0,0.0,0.0,0.0,0.0,0.0,0.0,0.0,0.0,0.0,0.0,0.0,0.0,0.0,0.0,0.0,0.0,0.0,0.0,0.0,0.0,0.0,0.0,0.0,0.0,0.0,0.0,0.0,0.0,0.0
0.0,0.3006536677316402,0.2237361791164344,0.0802899852808505,0.297842659627795,0.2920462345785828,0.2533375351328675,0.0,0.2207790902064272,0.1275808654244945,0.2800178759878982,0.0,0.2839732388315368,0.2204929375613042,0.1526869154144224,0.0,0.0,0.0971810770105947,0.1577196430734534,0.187707423818442,0.2011088713445724,0.2152032793860654,0.3667151745716037,0.0,0.0543421579645473,0.1779033339245606,0.1161449785817011,0.123074234773642,0.0019844442430986,0.1381214088077555,0.0,0.0,0.031394916517474,0.0973522516325734,0.0,0.0771126049033347,0.0152051695934541,0.0,0.0,0.0,0.0,0.0,0.0736673719440672,0.0,0.0,0.0,0.0,0.1007334607130478,0.0,0.301189634689864,0.1545439430453291,0.2544358264661425,0.4505626148463795,0.2260775744400703,0.0,0.2810109018428672,0.0,0.2023087670608433,0.1575718553032485,0.0961328351993104,0.0,0.0,0.0,0.0873254104434647,0.0,0.221154632149924,0.0,0.1556541741683037,0.0,0.0,0.0,0.0,0.0228336600847914,0.0,0.0,0.0
0.0,0.2392259816890576,0.3894185664738107,0.1889072227705658,0.3787317208893725,0.1152734646907049,0.3302046469454359,0.2207790902064272,0.0,0.1020757425862616,0.45587660898193,0.028506036493638,0.0018959228977356,0.114232531305125,0.0,0.1157149167003306,0.0,0.0,0.2560620219157694,0.2277674406188131,0.0,0.3797417269057028,0.2010927438976722,0.0,0.0,0.0,0.285868683814065,0.1520764140516808,0.1007160602371585,0.1048349127999333,0.0,0.0,0.0,0.0,0.0,0.0,0.0656772730579332,0.1160796823833916,0.0,0.0,0.0,0.0,0.0182224294222645,0.0,0.0,0.0,0.0,0.3586074211495351,0.0,0.0,0.3473307899452776,0.0,0.2552327643844522,0.5663661087134297,0.0,0.5674843030259062,0.0,0.0,0.0,0.0,0.0,0.0,0.0,0.2799743113995525,0.0,0.0,0.0,0.1184442605340889,0.0,0.0,0.0,0.2293782418046405,0.0,0.0,0.0,0.0
0.2249125959519069,0.0,0.0,0.3679773741707671,0.456185584478289,0.1316116240933489,0.4267926551534169,0.1275808654244945,0.1020757425862616,0.0,0.0,0.3807605706483736,0.1242537597130511,0.223570352123263,0.0,0.189258974853543,0.5914166117665732,0.3076797273781074,0.0,0.0,0.0,0.2677691781203001,0.0,0.1767579681895326,0.4761976525771615,0.3475581725407372,0.0,0.1743544925436337,0.0,0.0,0.0,0.2597499379078661,0.2617761971093468,0.0,0.0,0.0,0.2719418377341422,0.2465732669801826,0.227254805858724,0.3145278752445092,0.1670456000956629,0.0,0.0,0.0,0.2216546283480791,0.0,0.0,0.0,0.0,0.0,0.0,0.0,0.0,0.0,0.4353749622585158,0.0,0.1040126375262023,0.0,0.0,0.0,0.0,0.1219924932453015,0.0,0.0,0.0,0.0,0.0,0.0,0.0599768019757756,0.0150552379343982,0.1024813024423093,0.0,0.0771348087997192,0.0,0.0,0.2106968261456585
0.0,0.0,0.3109128953290951,0.0,0.2821657459012555,0.0381440666247341,0.3168835097884567,0.2800178759878982,0.45587660898193,0.0,0.0,0.0385976694032202,0.0212117616790014,0.2207515162279743,0.0,0.0,0.0,0.0,0.2131328588273237,0.0,0.0,0.0,0.1682845421715624,0.0,0.0,0.0,0.1742571681825278,0.0,0.0,0.0,0.0,0.0,0.0,0.0,0.0,0.0,0.0,0.0,0.0,0.0,0.0,0.0,0.0,0.0,0.0,0.0,0.0,0.3014224133552219,0.0,0.3841478812093358,0.1224369825542397,0.2582090242969847,0.2181818441869081,0.3319568259846798,0.0,0.4861940853047501,0.0,0.0,0.0,0.0,0.0,0.0,0.0,0.128170172373525,0.0,0.0,0.0,0.0,0.0,0.0,0.0,0.0647225356198774,0.0,0.0,0.0,0.0
0.1667680063544195,0.0,0.0,0.0,0.21352402262152,0.0,0.1984208498592631,0.0,0.028506036493638,0.3807605706483736,0.0385976694032202,0.0,0.3498662535388157,0.0,0.0,0.0,0.3657585949503158,0.24336381111405,0.0,0.0,0.0,0.0,0.0,0.2077660026754798,0.2917099456860037,0.3865059578408502,0.0,0.2246692221997608,0.0,0.0,0.0,0.0,0.0474997413829897,0.0620525943621573,0.0,0.0769879720584292,0.1608305538184157,0.1523878898034697,0.0,0.0986990537601614,0.038040756835883,0.0,0.0,0.0,0.0622723605297609,0.0,0.0,0.0,0.0,0.0,0.0,0.0,0.0,0.0,0.3764427343951013,0.0,0.4702243608828397,0.0,0.0,0.0,0.0,0.1848475269189119,0.0513746727945092,0.0,0.0,0.0,0.0,0.0,0.0921277990409085,0.0963082764783304,0.1820784766398998,0.0,0.0,0.0,0.0,0.0
0.0,0.3105909619578152,0.1345985075718278,0.0,0.0711210320252707,0.3426212668635631,0.0982576031323748,0.2839732388315368,0.0018959228977356,0.1242537597130511,0.0212117616790014,0.3498662535388157,0.0,0.0470675442403777,0.1715502357331453,0.1698070899210619,0.1983870091240153,0.3010946584806748,0.2018707694559557,0.2918405402577969,0.2504848866949549,0.1950795946083782,0.2892109965670599,0.1523084481028725,0.2369237956253792,0.3297721258661311,0.1310545147445473,0.3821655416616081,0.1539965375695433,0.1537337402176157,0.1174115503956463,0.0,0.0295473413203576,0.2005071196934468,0.0,0.2377605346210502,0.1026087412561586,0.1387690903170134,0.0,0.0,0.0,0.0,0.0946034861384836,0.0,0.0,0.0,0.0,0.0999597033656197,0.0,0.0,0.1540551279916601,0.0,0.2350193131623178,0.0,0.0,0.0,0.0,0.0,0.0,0.0,0.0,0.0,0.0,0.0,0.0,0.0,0.0,0.2042372193040108,0.0,0.0,0.0,0.0490187349064999,0.0,0.0549080973992944,0.0,0.0
0.0,0.0,0.0,0.0744629402676587,0.4220367635550676,0.1695938298649082,0.3181713316436162,0.2204929375613042,0.114232531305125,0.223570352123263,0.2207515162279743,0.0,0.0470675442403777,0.0,0.0,0.0,0.0,0.0,0.0,0.0,0.0834295544427873,0.0,0.0,0.0,0.0,0.0,0.0,0.0,0.0,0.0,0.0,0.0563579276180589,0.0,0.0,0.0,0.0,0.0,0.0,0.0,0.0,0.0,0.0,0.0,0.0,0.0,0.0,0.0,0.0,0.0,0.0,0.0,0.0,0.0,0.0,0.0,0.0372712196981192,0.0,0.0,0.0,0.0,0.0,0.0,0.0,0.0,0.0,0.0,0.0,0.0,0.0,0.0,0.0,0.0,0.0,0.0,0.0,0.0
0.1928030970099795,0.2939877764305729,0.0,0.0,0.0,0.3197648726216237,0.0,0.1526869154144224,0.0,0.0,0.0,0.0,0.1715502357331453,0.0,0.0,0.2897073754226266,0.0,0.2513083862568733,0.0,0.4994761369136878,0.3458229494741442,0.4261728771031053,0.3661752624011608,0.0377283912959962,0.1959155726554381,0.2456379582748169,0.4842109383838466,0.2471809630034514,0.3347940714923509,0.0,0.0786572728716186,0.0,0.0763157923255208,0.049508151280442,0.0,0.1276180417486642,0.0,0.0,0.0,0.0613688710438145,0.0856143441268839,0.0,0.0,0.0,0.0,0.0,0.2499131811243664,0.0,0.0,0.0,0.2290223172598785,0.0,0.1532841421358198,0.0,0.0,0.0,0.0,0.0,0.0,0.4713082799401905,0.1723372000754656,0.0,0.0,0.0,0.4182758902754723,0.3128590514298328,0.3511425190659507,0.2923507072867439,0.0,0.0,0.1509269040422602,0.3574816673297609,0.1568614216038655,0.3125369031843282,0.0,0.026603692537315
0.4574813462530167,0.2984950363142438,0.0,0.0,0.0,0.2701265998694263,0.0,0.0,0.1157149167003306,0.189258974853543,0.0,0.0,0.1698070899210619,0.0,0.2897073754226266,0.0,0.3397919043527299,0.5558067654930847,0.0,0.4243961606561317,0.4768832976220978,0.3932814488130414,0.1733511351577639,0.1236126727871075,0.4261830057793582,0.3164691786107359,0.3069606657490034,0.4011765178153536,0.5393902705718722,0.1787453737837007,0.4299458094531592,0.2334781682607176,0.1940086343772877,0.255843699908594,0.0,0.0,0.0,0.0,0.1995940738334569,0.1699584541460282,0.2023190984952627,0.0,0.0,0.0,0.0,0.4435696302912909,0.2054257179469382,0.0,0.0,0.0,0.0,0.0,0.0,0.0,0.0,0.0,0.0,0.0,0.0,0.2918822837095421,0.4424803535443792,0.0,0.4515370198040218,0.0,0.2875860478956744,0.3672563815000666,0.3656398940723165,0.0,0.0,0.4131546287061411,0.2867282657176508,0.0,0.0,0.0,0.0,0.3270412076275871
0.2408515819279628,0.0,0.0,0.0,0.0,0.0,0.2946827200181948,0.0,0.0,0.5914166117665732,0.0,0.3657585949503158,0.1983870091240153,0.0,0.0,0.3397919043527299,0.0,0.4616213685641024,0.0,0.2582935927469817,0.0,0.3553057718505762,0.0,0.1432297729632616,0.4563625448680784,0.4614996824699304,0.0,0.3287259837669283,0.0,0.0,0.067008951902135,0.2499970023732755,0.2043757795601512,0.0,0.0,0.0,0.0,0.3360417885645079,0.0,0.2611881291698814,0.1953180519288445,0.0,0.0,0.0,0.0,0.0,0.0,0.0,0.0,0.0,0.0,0.0,0.0,0.0,0.4185651533345372,0.0,0.1530212798129022,0.0,0.0,0.0,0.0,0.3002939990087755,0.1982583780621629,0.0,0.0,0.0,0.0,0.0,0.0514403551281101,0.0984383359346307,0.2159566569147839,0.0,0.0,0.0,0.0,0.0
0.3663929188943092,0.3773602700735318,0.0,0.0,0.0,0.3261411433898696,0.0410273391869705,0.0971810770105947,0.0,0.3076797273781074,0.0,0.24336381111405,0.3010946584806748,0.0,0.2513083862568733,0.5558067654930847,0.4616213685641024,0.0,0.0,0.3723402840875359,0.3769458202342625,0.3923513283890854,0.1476374868870468,0.1899801115125026,0.4633742245005798,0.455309852070892,0.2148890466052792,0.3947874133805009,0.4276066228812599,0.0,0.2494035475525231,0.2161034878346215,0.1797104232410553,0.1535714845048245,0.0,0.0,0.0,0.0,0.2068716371835638,0.1931669988936954,0.1396147578988677,0.0,0.0,0.0,0.0,0.2877671217490621,0.1992735069320108,0.0,0.0,0.0,0.0,0.0,0.0,0.0,0.2584163010084058,0.0,0.1494626873030595,0.0,0.0,0.0,0.3718806639504756,0.3245468061561339,0.3742994892858251,0.0,0.0,0.0,0.3536401115471873,0.0,0.1428115841411191,0.3147755280317129,0.2913029951608075,0.0,0.0,0.0,0.0,0.2645330736354883
0.0,0.0,0.5494401877943074,0.0,0.0,0.2431777342859213,0.0,0.1577196430734534,0.2560620219157694,0.0,0.2131328588273237,0.0,0.2018707694559557,0.0,0.0,0.0,0.0,0.0,0.0,0.0,0.0,0.0,0.4230056866119894,0.0,0.0,0.0,0.4517581993179255,0.2608620540303367,0.0,0.0,0.0671787305290759,0.0,0.0,0.0573547206162598,0.0,0.1309098731023523,0.07230521775656,0.0,0.0,0.0,0.0,0.0,0.0247385267500344,0.0,0.0,0.0,0.0,0.4967984232109718,0.0,0.0,0.4169323267037287,0.0,0.2936819644863347,0.3908464166922466,0.0,0.2856054089581885,0.0,0.0,0.0,0.0,0.0,0.0,0.0,0.5825428391434886,0.0,0.0,0.0,0.4150550483348239,0.0,0.0,0.0,0.4685412758831582,0.0,0.0,0.0,0.0
0.312184601145152,0.3208447997056832,0.0,0.0,0.1155251096998201,0.3532827289229825,0.0126975609759924,0.187707423818442,0.2277674406188131,0.0,0.0,0.0,0.2918405402577969,0.0,0.4994761369136878,0.4243961606561317,0.2582935927469817,0.3723402840875359,0.0,0.0,0.4423189441029769,0.5296396958446581,0.4196517985937624,0.0,0.2683350901534888,0.3380317029089889,0.5325705158851581,0.4856899880240988,0.4383079641167633,0.1995574443722811,0.2964392369790947,0.0,0.0,0.2389235599895049,0.0,0.317090551560356,0.2708264855828134,0.0,0.0,0.0,0.0995785894262445,0.0,0.0,0.0,0.0,0.0,0.3142772888997028,0.0,0.0,0.0,0.2944851871320006,0.0,0.2566339868732302,0.0,0.0,0.0,0.0,0.0,0.0,0.421046642696802,0.0,0.0,0.0,0.0,0.5028861538176795,0.3784231637759226,0.4276966093637747,0.3587239892610366,0.0,0.0,0.2556260930417334,0.3653521676375704,0.2975288512204539,0.3319377416559866,0.0,0.0955321454845882
0.3929410625320813,0.4107530055642421,0.0,0.0,0.0,0.3993635020524663,0.0,0.2011088713445724,0.0,0.0,0.0,0.0,0.2504848866949549,0.0834295544427873,0.3458229494741442,0.4768832976220978,0.0,0.3769458202342625,0.0,0.4423189441029769,0.0,0.4147518230835313,0.3207991136793782,0.1296228770733531,0.3546675429897171,0.3226033604428593,0.3645118813472044,0.3762282006972897,0.473053834500643,0.1910375775197827,0.2321866611960297,0.0632736829403158,0.1644635366689742,0.2035343749740484,0.0,0.3475340736219868,0.0,0.0,0.0599458411013482,0.138133837622326,0.1688594193124993,0.0,0.0,0.0,0.0,0.3566546788505572,0.2681950380961108,0.0,0.0,0.0,0.2287492005590521,0.0,0.2095978309285157,0.0,0.0,0.0,0.0,0.0,0.0,0.3301908638077463,0.2484652074359681,0.0,0.0,0.0,0.3377257520795472,0.5066110302045265,0.3424770788723077,0.3139443640746077,0.0,0.2885857213141712,0.2704973858255293,0.2524403638929056,0.2636003228029924,0.3900807384149252,0.0,0.1686421172171105
0.2473962077469313,0.4820125100510415,0.0,0.0,0.3438377828326709,0.2237460294777074,0.2647596604985315,0.2152032793860654,0.3797417269057028,0.2677691781203001,0.0,0.0,0.1950795946083782,0.0,0.4261728771031053,0.3932814488130414,0.3553057718505762,0.3923513283890854,0.0,0.5296396958446581,0.4147518230835313,0.0,0.2811156148352112,0.0,0.3073180691431895,0.3736408519360654,0.4456327756211927,0.3472609078029349,0.3471866488503901,0.1790182139346579,0.1691058061871128,0.0,0.0647090094490054,0.1195461317720115,0.0,0.1214713222714234,0.2180746217042461,0.0,0.0,0.0595004765092587,0.0694621279786967,0.0,0.0,0.0,0.0,0.1019530538059115,0.3301786451888355,0.0,0.0,0.0,0.276327761004544,0.0,0.0,0.0,0.0,0.0,0.0,0.0,0.0,0.3618730708675157,0.1490384714200264,0.0,0.1828136453439803,0.0,0.3739141045180121,0.4030761521982774,0.3291175743875252,0.193647757526776,0.0,0.1565869976310904,0.1925471482119779,0.2885240092749853,0.0,0.2502341740333402,0.0,0.0221099235436632
0.0814085743709883,0.2088239463173548,0.4849349817296352,0.0,0.0,0.4055585933965045,0.0,0.3667151745716037,0.2010927438976722,0.0,0.1682845421715624,0.0,0.2892109965670599,0.0,0.3661752624011608,0.1733511351577639,0.0,0.1476374868870468,0.4230056866119894,0.4196517985937624,0.3207991136793782,0.2811156148352112,0.0,0.0,0.0591106812646469,0.2373169786184658,0.4541643850864718,0.2781468293373343,0.2271638325997839,0.1036187880028052,0.1145752544630994,0.0,0.0,0.2039196196558251,0.0,0.2387278026516356,0.1207488733425121,0.0,0.0,0.0,0.0101724969718757,0.0,0.0681212890019441,0.0,0.0,0.0,0.3262056658884983,0.3903908465682577,0.0,0.0909770477133277,0.4350937833347511,0.1826017520320888,0.498006148687436,0.3400606653631455,0.0,0.251055065149865,0.0,0.371372648617116,0.0,0.3968793571213343,0.0,0.0,0.0,0.4075124015026068,0.3553013458497348,0.3581823951655975,0.2856629206554662,0.5565333216097228,0.0,0.0,0.2055882943966112,0.406803272339426,0.2305394884122877,0.2269251643005981,0.0,0.0
0.3231152703246973,0.0,0.0,0.0,0.0,0.0,0.0,0.0,0.0,0.1767579681895326,0.0,0.2077660026754798,0.1523084481028725,0.0,0.0377283912959962,0.1236126727871075,0.1432297729632616,0.1899801115125026,0.0,0.0,0.1296228770733531,0.0,0.0,0.0,0.3213694298319323,0.2477634355766656,0.0,0.0425513469369853,0.0,0.0,0.0,0.4237652785209885,0.264014748733173,0.0,0.0,0.0622587714486533,0.0,0.0,0.4762126734939756,0.3454629824751092,0.0823392497302369,0.0,0.0,0.0,0.2684080695085347,0.2376196625577628,0.0,0.0,0.0,0.0,0.0,0.0,0.0,0.0,0.0,0.0,0.2449300996401648,0.0,0.0,0.0,0.2745553956938577,0.0,0.1084210797954556,0.0,0.0,0.0,0.0,0.0,0.5981062051621537,0.2424035971575116,0.3009346123104341,0.0,0.0,0.0,0.0,0.3427316433947723
0.4521931698743584,0.4829057708603881,0.0,0.0,0.2461350276907195,0.2935979832840056,0.2158258804759825,0.0543421579645473,0.0,0.4761976525771615,0.0,0.2917099456860037,0.2369237956253792,0.0,0.1959155726554381,0.4261830057793582,0.4563625448680784,0.4633742245005798,0.0,0.2683350901534888,0.3546675429897171,0.3073180691431895,0.0591106812646469,0.3213694298319323,0.0,0.4627787835463801,0.1270601550970161,0.2699579393365116,0.4162038609304545,0.0,0.1130327161110834,0.3700455282498315,0.3129426920485736,0.0287096630723286,0.0,0.0,0.0,0.2669658429264199,0.3321205478976522,0.349001796827287,0.0903785528333611,0.064784406112786,0.0,0.0,0.0,0.1923668316521432,0.1312707244379735,0.0,0.0,0.0,0.0,0.0,0.0,0.0,0.3617569671256015,0.0,0.148039729686151,0.0,0.0,0.0,0.2904831795070629,0.1844958767563728,0.2039258647628286,0.0,0.2658344112496999,0.2003234734418078,0.2587338803845024,0.0,0.2372211808121121,0.361112981331903,0.3560518521711617,0.0,0.0,0.0,0.0,0.2869293262566426
0.3033821523409021,0.4707612184436477,0.0,0.0,0.0,0.331397883251584,0.0701339382029734,0.1779033339245606,0.0,0.3475581725407372,0.0,0.3865059578408502,0.3297721258661311,0.0,0.2456379582748169,0.3164691786107359,0.4614996824699304,0.455309852070892,0.0,0.3380317029089889,0.3226033604428593,0.3736408519360654,0.2373169786184658,0.2477634355766656,0.4627787835463801,0.0,0.1789572592788308,0.3172705332518046,0.2557995251075672,0.0,0.0,0.1828980986941582,0.1850446241914186,0.0398557782847134,0.0,0.0919463574635732,0.0,0.2597220286815631,0.2142677603979811,0.2370689812924796,0.0805697320066307,0.0,0.0,0.0,0.2063316381309776,0.1829203778575653,0.3803443593270892,0.0,0.0,0.0,0.0,0.0,0.0,0.0,0.3283441063816154,0.0,0.2900281498818086,0.0,0.0,0.2156614868914851,0.292861642738964,0.3454143256854926,0.2926103207530739,0.0,0.3573120431363284,0.2202397818665226,0.3873422706074833,0.205327759405919,0.1784757117610345,0.2829350437884519,0.524483815786491,0.1159630675486185,0.0,0.1687071710808305,0.0,0.2199428121990524
0.1548186944894283,0.2243107330333822,0.4499993940450173,0.0,0.0429231019166429,0.3241991833533457,0.0,0.1161449785817011,0.285868683814065,0.0,0.1742571681825278,0.0,0.1310545147445473,0.0,0.4842109383838466,0.3069606657490034,0.0,0.2148890466052792,0.4517581993179255,0.5325705158851581,0.3645118813472044,0.4456327756211927,0.4541643850864718,0.0,0.1270601550970161,0.1789572592788308,0.0,0.3164009076151894,0.3636284524448516,0.0736400647465979,0.1581560497726138,0.0,0.0,0.0957508002770911,0.0,0.1960469822977265,0.1226700437162934,0.0,0.0,0.0,0.0,0.0,0.0,0.0,0.0,0.0,0.2754069877063031,0.382177962559025,0.0,0.0,0.3793298352452564,0.2109981958805202,0.2206103504418911,0.3820487495397435,0.0,0.251887692507728,0.0,0.2626112008156044,0.0,0.4564881203034934,0.0,0.0,0.0,0.4176568017610418,0.467234111034415,0.36829789863509,0.374808323033328,0.3900778069897764,0.0,0.0,0.1391887057898272,0.5362190014341901,0.1830326252919467,0.3916534467912302,0.0631943500997036,0.0
0.3414282889938992,0.2362679027466578,0.2329659137372339,0.0675189480548105,0.0467652511374261,0.2153415684221127,0.0,0.123074234773642,0.1520764140516808,0.1743544925436337,0.0,0.2246692221997608,0.3821655416616081,0.0,0.2471809630034514,0.4011765178153536,0.3287259837669283,0.3947874133805009,0.2608620540303367,0.4856899880240988,0.3762282006972897,0.3472609078029349,0.2781468293373343,0.0425513469369853,0.2699579393365116,0.3172705332518046,0.3164009076151894,0.0,0.3374107167515869,0.1967609626666178,0.40442566934515,0.0,0.0,0.302447794585336,0.0,0.4311459681543119,0.44006021997211,0.2741303581183574,0.0,0.0,0.1337290861699794,0.0,0.2910805312544703,0.0,0.0,0.0,0.0,0.0,0.0,0.0,0.2549147277569237,0.0,0.2044078278031008,0.0,0.0,0.0,0.0,0.0,0.0,0.2839350063616088,0.0,0.0,0.0,0.0,0.3857484829814623,0.3502355590186982,0.0,0.3088370460354874,0.0,0.0,0.0,0.2484923102512595,0.4516966968813856,0.2722942556745836,0.0,0.1696474467235617
0.4254933983020094,0.2830334085225267,0.0,0.0,0.132199375865624,0.3396595284977454,0.0512026342693398,0.0019844442430986,0.1007160602371585,0.0,0.0,0.0,0.1539965375695433,0.0,0.3347940714923509,0.5393902705718722,0.0,0.4276066228812599,0.0,0.4383079641167633,0.473053834500643,0.3471866488503901,0.2271638325997839,0.0,0.4162038609304545,0.2557995251075672,0.3636284524448516,0.3374107167515869,0.0,0.1770167566501458,0.3026108161159629,0.2255386689907138,0.2326469497010651,0.1662019420978177,0.0,0.2330299900655704,0.2798757794081919,0.0,0.2422177257584003,0.0,0.2588447263903037,0.0,0.0,0.0,0.0,0.0,0.089797688269525,0.0,0.0,0.0,0.0562431431332197,0.0,0.0,0.0,0.0,0.0,0.0,0.1579836459740679,0.0,0.3058963365577217,0.0,0.0,0.0,0.0,0.3669930809123709,0.3867062451440547,0.3445071302412176,0.2108116566056208,0.0,0.0,0.2172870238942103,0.1743101039336934,0.1616070155499114,0.5045323911464898,0.0,0.2758614864211079
0.0,0.0,0.0583570920980264,0.0,0.0,0.0213260321792777,0.0,0.1381214088077555,0.1048349127999333,0.0,0.0,0.0,0.1537337402176157,0.0,0.0,0.1787453737837007,0.0,0.0,0.0,0.1995574443722811,0.1910375775197827,0.1790182139346579,0.1036187880028052,0.0,0.0,0.0,0.0736400647465979,0.1967609626666178,0.1770167566501458,0.0,0.2421002244801048,0.0821293750240975,0.0,0.1734127179134436,0.0,0.0,0.0,0.0,0.0154478642630073,0.0,0.0,0.0,0.0,0.0,0.0,0.0,0.0,0.0,0.0,0.0,0.0,0.0,0.0,0.0,0.0,0.0,0.0,0.0,0.0,0.0,0.0,0.0,0.0,0.0,0.095321448094092,0.0,0.0,0.0912551894292403,0.0,0.0,0.0,0.046324969416487,0.0,0.0,0.0,0.0
0.3603087446140107,0.0,0.0279714589914269,0.0,0.0,0.0,0.0,0.0,0.0,0.0,0.0,0.0,0.1174115503956463,0.0,0.0786572728716186,0.4299458094531592,0.067008951902135,0.2494035475525231,0.0671787305290759,0.2964392369790947,0.2321866611960297,0.1691058061871128,0.1145752544630994,0.0,0.1130327161110834,0.0,0.1581560497726138,0.40442566934515,0.3026108161159629,0.2421002244801048,0.0,0.0061535914779621,0.0151530198942566,0.486188408373154,0.0401387637047776,0.4551655437236131,0.305785870324227,0.1921980658045566,0.0,0.0,0.2506958037983528,0.0,0.0,0.0,0.0,0.4065832327537104,0.1223659736738024,0.0,0.0,0.0,0.0559396879423353,0.0,0.0908816744104674,0.0,0.1761009318948265,0.0,0.1427505440554957,0.0,0.0,0.1462984660410843,0.1879837115660753,0.0,0.3805837688448862,0.0,0.1359201268005063,0.2548343725605557,0.1700152413726039,0.1916075023781907,0.056794581219179,0.3260437702458503,0.1355560302364373,0.107672529984454,0.3488929331154707,0.2231785040381664,0.0,0.1352669404469778
0.2455710812338027,0.0989568641433673,0.0,0.2167973159959428,0.0683222922533887,0.0884724102222151,0.0281200788938728,0.0,0.0,0.2597499379078661,0.0,0.0,0.0,0.0563579276180589,0.0,0.2334781682607176,0.2499970023732755,0.2161034878346215,0.0,0.0,0.0632736829403158,0.0,0.0,0.4237652785209885,0.3700455282498315,0.1828980986941582,0.0,0.0,0.2255386689907138,0.0821293750240975,0.0061535914779621,0.0,0.4091987496995682,0.0,0.0,0.0,0.0845685611749959,0.1279633000907963,0.6042277445453723,0.4680966943214966,0.1820700635847899,0.3154032743156986,0.0723190278671619,0.1976134825472572,0.3559651185536089,0.1144348307884095,0.0,0.0,0.0,0.0,0.0,0.0,0.0,0.0,0.0778295004114234,0.0,0.0,0.0,0.0,0.0,0.3705916087679183,0.0,0.1399829126887063,0.0,0.0400554013529753,0.0,0.1409404529850839,0.0,0.3959413248609894,0.1897880292308265,0.2300354538758703,0.0,0.0,0.2456035959877288,0.0,0.5166627720312167
0.260824147947864,0.2022054538675011,0.0,0.0,0.1643940533198004,0.1251208075357411,0.1371408944080636,0.031394916517474,0.0,0.2617761971093468,0.0,0.0474997413829897,0.0295473413203576,0.0,0.0763157923255208,0.1940086343772877,0.2043757795601512,0.1797104232410553,0.0,0.0,0.1644635366689742,0.0647090094490054,0.0,0.264014748733173,0.3129426920485736,0.1850446241914186,0.0,0.0,0.2326469497010651,0.0,0.0151530198942566,0.4091987496995682,0.0,0.0554985115166659,0.0,0.0,-0.0020315919285139,0.123188007446755,0.3442032980131711,0.507253068551564,0.2261098095280914,0.1756252496800922,0.0,0.0,0.2550984291642194,0.0308269691676121,0.0,0.0,0.0,0.0,0.0,0.0,0.0,0.0,0.0917968612491098,0.0,0.0,0.0,0.0,0.0,0.142891996242226,0.0,0.0051784737597505,0.0,0.0,0.0913665992728831,0.0333115737532898,0.0,0.2192740764188091,0.0553188139813146,0.1718056038442514,0.0,0.0,0.1739133536195113,0.0,0.2300729332615144
0.2949529651509854,0.0,0.0452454431366636,0.0,0.0,0.0694988388806929,0.0,0.0973522516325734,0.0,0.0,0.0,0.0620525943621573,0.2005071196934468,0.0,0.049508151280442,0.255843699908594,0.0,0.1535714845048245,0.0573547206162598,0.2389235599895049,0.2035343749740484,0.1195461317720115,0.2039196196558251,0.0,0.0287096630723286,0.0398557782847134,0.0957508002770911,0.302447794585336,0.1662019420978177,0.1734127179134436,0.486188408373154,0.0,0.0554985115166659,0.0,0.0794673334263623,0.4092201977779166,0.1993769146268155,0.2130815822723949,0.0,0.0,0.2475830871317932,0.0,0.1395923831000068,0.0,0.0,0.3430185481890905,0.1384553492506997,0.0,0.0,0.0,0.0991255468426027,0.0,0.1976050332451851,0.0,0.1344391021850961,0.0,0.1759465553483638,0.0,0.0,0.1559013692704697,0.0642002335716536,0.0,0.3254044116542758,0.0,0.0759496911700556,0.2474883656612548,0.0841232298779416,0.2283854656012199,0.0165030195253519,0.2765779401408149,0.1349823693976621,0.0836644324684995,0.2772132159466479,0.0886767764110548,0.0,0.0
0.0,0.0,0.0,0.0,0.0,0.0,0.0,0.0,0.0,0.0,0.0,0.0,0.0,0.0,0.0,0.0,0.0,0.0,0.0,0.0,0.0,0.0,0.0,0.0,0.0,0.0,0.0,0.0,0.0,0.0,0.0401387637047776,0.0,0.0,0.0794673334263623,0.0,0.0,0.0,0.0,0.0,0.0,0.0,0.0662849664676774,0.0,0.0,0.0,0.0,0.0,0.0,0.0,0.0,0.0,0.0,0.0,0.0,0.0,0.0,0.0,0.0,0.0,0.0,0.0,0.0,0.0,0.0,0.0,0.0,0.0,0.0,0.0,0.0,0.0,0.0,0.0,0.0,0.0,0.0
0.0,0.0,0.1443704555846916,0.0,0.0,0.1866170375954977,0.0,0.0771126049033347,0.0,0.0,0.0,0.0769879720584292,0.2377605346210502,0.0,0.1276180417486642,0.0,0.0,0.0,0.1309098731023523,0.317090551560356,0.3475340736219868,0.1214713222714234,0.2387278026516356,0.0622587714486533,0.0,0.0919463574635732,0.1960469822977265,0.4311459681543119,0.2330299900655704,0.0,0.4551655437236131,0.0,0.0,0.4092201977779166,0.0,0.0,0.3735285672864319,0.177332983998759,0.0,0.0,0.1395417268554524,0.0,0.264266269606127,0.2449530573376435,0.0,0.0,0.0,0.1604296048150065,0.0,0.0,0.1820556133663836,0.1142958626344085,0.1960894821902968,0.1178099460117353,0.0,0.0297600205805117,0.265472226584459,0.3987488292277334,0.0,0.0,0.0,0.0,0.0,0.241832310518589,0.0,0.0,0.0,0.2896606268774651,0.0,0.0,0.0,0.1516336123087447,0.3969444986878728,0.2069873130478959,0.0,0.0
0.0,0.0,0.1078398303381477,0.2780651473826295,0.038426239258877,0.0972871074766445,0.0,0.0152051695934541,0.0656772730579332,0.2719418377341422,0.0,0.1608305538184157,0.1026087412561586,0.0,0.0,0.0,0.0,0.0,0.07230521775656,0.2708264855828134,0.0,0.2180746217042461,0.1207488733425121,0.0,0.0,0.0,0.1226700437162934,0.44006021997211,0.2798757794081919,0.0,0.305785870324227,0.0845685611749959,-0.0020315919285139,0.1993769146268155,0.0,0.3735285672864319,0.0,0.3185264719708378,0.1036611446499492,0.0,0.3027969212778329,0.0,0.0,0.0,0.0,0.0,0.0,0.0,0.0,0.0,0.0,0.0,0.0,0.0,0.0,0.0,0.0,0.0,0.0,0.0,0.0,0.0,0.0,0.0,0.0,0.0,0.0,0.0,0.0,0.0,0.0,0.0,0.0,0.0,0.0,0.0
0.0,0.0,0.0,0.0,0.1293037951946539,0.0,0.1892866858934693,0.0,0.1160796823833916,0.2465732669801826,0.0,0.1523878898034697,0.1387690903170134,0.0,0.0,0.0,0.3360417885645079,0.0,0.0,0.0,0.0,0.0,0.0,0.0,0.2669658429264199,0.2597220286815631,0.0,0.2741303581183574,0.0,0.0,0.1921980658045566,0.1279633000907963,0.123188007446755,0.2130815822723949,0.0,0.177332983998759,0.3185264719708378,0.0,0.051615728666829,0.0623117239907827,0.0960999087503776,0.0,0.0,0.0,0.1298878065880263,0.0,0.0,0.0,0.0,0.0,0.0,0.0,0.0,0.0,0.3643103072962316,0.0,0.0682063837292124,0.0,0.0,0.0,0.0,0.0,0.0,0.0,0.0,0.0,0.0,0.0,0.0,0.0,0.1780438406545068,0.0,0.0,0.0,0.0,0.0
0.2044126034580739,0.052288495766871,0.0,0.0,0.0,0.1370849139063393,0.0,0.0,0.0,0.227254805858724,0.0,0.0,0.0,0.0,0.0,0.1995940738334569,0.0,0.2068716371835638,0.0,0.0,0.0599458411013482,0.0,0.0,0.4762126734939756,0.3321205478976522,0.2142677603979811,0.0,0.0,0.2422177257584003,0.0154478642630073,0.0,0.6042277445453723,0.3442032980131711,0.0,0.0,0.0,0.1036611446499492,0.051615728666829,0.0,0.4347720597932558,0.1847779754842214,0.3867335122095928,0.0743713001915579,0.2593664654259568,0.3854368624188348,0.1730480822100165,0.0,0.0,0.0336092703091498,0.0,0.0,0.0,0.0,0.0,0.0,0.0,0.0,0.0,0.0,0.0,0.4726266122344328,0.0,0.2019778220431528,0.0,0.1562340989001099,0.0,0.25732123210961,0.0,0.4687823785143332,0.2205176407718431,0.2601195085436224,0.0,0.0,0.2948689321306567,0.5471253987946944,0.5608234358978423
0.2129506123120926,0.2216723351971667,0.0,0.0,0.0,0.0,0.0,0.0,0.0,0.3145278752445092,0.0,0.0986990537601614,0.0,0.0,0.0613688710438145,0.1699584541460282,0.2611881291698814,0.1931669988936954,0.0,0.0,0.138133837622326,0.0595004765092587,0.0,0.3454629824751092,0.349001796827287,0.2370689812924796,0.0,0.0,0.0,0.0,0.0,0.4680966943214966,0.507253068551564,0.0,0.0,0.0,0.0,0.0623117239907827,0.4347720597932558,0.0,0.2164485471155955,0.2388087310776998,0.0,0.0800730824570109,0.3047612714720207,0.0060318424512858,0.0,0.0,0.0,0.0,0.0,0.0,0.0,0.0,0.1415958430607232,0.0,0.0,0.0,0.0,0.0,0.2418674680596934,0.0,0.036960003714183,0.0,0.0655948502528438,0.0594027715633,0.1265079681028916,0.0,0.2822138661705308,0.0954314931528882,0.2405925326228853,0.0,0.0,0.2173632442600432,0.2965026734400677,0.3192936227439035
0.1522184409382675,0.0,0.0,0.0,0.0,0.0451013301811781,0.0,0.0,0.0,0.1670456000956629,0.0,0.038040756835883,0.0,0.0,0.0856143441268839,0.2023190984952627,0.1953180519288445,0.1396147578988677,0.0,0.0995785894262445,0.1688594193124993,0.0694621279786967,0.0101724969718757,0.0823392497302369,0.0903785528333611,0.0805697320066307,0.0,0.1337290861699794,0.2588447263903037,0.0,0.2506958037983528,0.1820700635847899,0.2261098095280914,0.2475830871317932,0.0,0.1395417268554524,0.3027969212778329,0.0960999087503776,0.1847779754842214,0.2164485471155955,0.0,0.0247217769114347,0.337686459820363,0.2604139154558927,0.1951091551795173,0.2028477585670266,0.0168969202792176,0.0,0.1264036186711185,0.0,0.0,0.0,0.0,0.0,0.0553837388783242,0.0,0.0424141288107919,0.0721878720593419,0.1597796273629361,0.0506975732867319,0.2997899665027926,0.0920486489614599,0.1803249163011798,0.0262174347869682,0.1689858854997517,0.1417902658691587,0.2295398806327351,0.0629722531277644,0.1242774407354577,0.0611433132085368,0.0864924806813412,0.0279748084628645,0.2116307904517974,0.2163230047991904,0.2588049734282542,0.2922000189919511
0.0,0.0,0.0,0.0,0.0,0.0,0.0,0.0,0.0,0.0,0.0,0.0,0.0,0.0,0.0,0.0,0.0,0.0,0.0,0.0,0.0,0.0,0.0,0.0,0.064784406112786,0.0,0.0,0.0,0.0,0.0,0.0,0.3154032743156986,0.1756252496800922,0.0,0.0662849664676774,0.0,0.0,0.0,0.3867335122095928,0.2388087310776998,0.0247217769114347,0.0,0.0,0.131417985463187,0.1412159188981113,0.0,0.0,0.0,0.0,0.0,0.0,0.0,0.0,0.0,0.0,0.0,0.0,0.0,0.0,0.0,0.1212537571351128,0.0,0.0,0.0,0.0,0.0,0.0,0.0,0.3678709960158839,0.0,0.0677971072371729,0.0,0.0,0.0521170792662583,0.1966410739053068,0.1907269490931585
0.0,0.0,0.0380349700156524,0.0,0.0459378716733257,0.0248027490775808,0.0,0.0736673719440672,0.0182224294222645,0.0,0.0,0.0,0.0946034861384836,0.0,0.0,0.0,0.0,0.0,0.0247385267500344,0.0,0.0,0.0,0.0681212890019441,0.0,0.0,0.0,0.0,0.2910805312544703,0.0,0.0,0.0,0.0723190278671619,0.0,0.1395923831000068,0.0,0.264266269606127,0.0,0.0,0.0743713001915579,0.0,0.337686459820363,0.0,0.0,0.3081066646715589,0.1837920378326112,0.0,0.0,0.0415290108447267,0.3473205136557897,0.1080625345656759,0.2071774988275644,0.2271232099007223,0.1514313056910737,0.1538125736342251,0.256989152548514,0.0969347920098201,0.1661687920105838,0.3426796530433284,0.3167239220069065,0.0907410818791031,0.0,0.3035587368347725,0.0,0.1276803804667684,0.1881974663488188,0.2328857429743411,0.2449743092104269,0.1688944255404298,0.0,0.0823943882788298,0.0617519156510247,0.0995939525792362,0.4194879034185106,0.179666890390351,0.0,0.2489684008819005
0.0,0.0,0.0,0.0,0.0,0.0,0.0,0.0,0.0,0.0,0.0,0.0,0.0,0.0,0.0,0.0,0.0,0.0,0.0,0.0,0.0,0.0,0.0,0.0,0.0,0.0,0.0,0.0,0.0,0.0,0.0,0.1976134825472572,0.0,0.0,0.0,0.2449530573376435,0.0,0.0,0.2593664654259568,0.0800730824570109,0.2604139154558927,0.131417985463187,0.3081066646715589,0.0,0.1535831521268215,0.0,0.0,0.0,0.2131183537899471,0.0,0.0,0.0,0.0,0.0,0.0439347685850407,0.0,0.2630353404196711,0.0873081763186787,0.1002903195684309,0.0,0.0,0.0,0.0,0.0,0.0,0.0,0.0,0.0,0.0,0.0,0.0,0.0,0.324896336128371,0.0900787866419139,0.0,0.3193438604883822
0.0,0.0,0.0,0.0,0.0,0.0,0.0,0.0,0.0,0.2216546283480791,0.0,0.0622723605297609,0.0,0.0,0.0,0.0,0.0,0.0,0.0,0.0,0.0,0.0,0.0,0.2684080695085347,0.0,0.2063316381309776,0.0,0.0,0.0,0.0,0.0,0.3559651185536089,0.2550984291642194,0.0,0.0,0.0,0.0,0.1298878065880263,0.3854368624188348,0.3047612714720207,0.1951091551795173,0.1412159188981113,0.1837920378326112,0.1535831521268215,0.0,0.1908263686662991,0.0,0.0,0.0,0.0,0.0,0.0,0.0,0.0,0.1252582583242717,0.0,0.0377240468379889,0.0767636305006279,0.0,0.0,0.0,0.0803132968250065,0.0,0.0,0.0,0.0,0.0,0.0,0.2585833491012475,0.1991665637988251,0.2007760621690305,0.0,0.1264493602061661,0.0,0.0,0.3690878182964544
0.4334443129074621,0.0,0.0,0.0,0.0,0.0,0.0,0.0,0.0,0.0,0.0,0.0,0.0,0.0,0.0,0.4435696302912909,0.0,0.2877671217490621,0.0,0.0,0.3566546788505572,0.1019530538059115,0.0,0.2376196625577628,0.1923668316521432,0.1829203778575653,0.0,0.0,0.0,0.0,0.4065832327537104,0.1144348307884095,0.0308269691676121,0.3430185481890905,0.0,0.0,0.0,0.0,0.1730480822100165,0.0060318424512858,0.2028477585670266,0.0,0.0,0.0,0.1908263686662991,0.0,0.239082902226825,0.0,0.0,0.0,0.2239846450656838,0.0,0.0719730712619412,0.0,0.0407789794024603,0.0,0.2261022775715407,0.321431857917796,0.0,0.303619413426437,0.4388082767040123,0.0,0.5197444734715936,0.0,0.3617447169272577,0.3013758183750046,0.4327618931913746,0.3877171889195211,0.3389396176367507,0.494069765902709,0.3504514500746454,0.2933140948413427,0.4150941419842035,0.4228788441713871,0.0,0.3086506336980756
0.0663599000004371,0.3251617878053849,0.0,0.0,0.0,0.0,0.0,0.0,0.0,0.0,0.0,0.0,0.0,0.0,0.2499131811243664,0.2054257179469382,0.0,0.1992735069320108,0.0,0.3142772888997028,0.2681950380961108,0.3301786451888355,0.3262056658884983,0.0,0.1312707244379735,0.3803443593270892,0.2754069877063031,0.0,0.089797688269525,0.0,0.1223659736738024,0.0,0.0,0.1384553492506997,0.0,0.0,0.0,0.0,0.0,0.0,0.0168969202792176,0.0,0.0,0.0,0.0,0.239082902226825,0.0,0.0,0.0,0.0,0.4850230391146731,0.2577303435760132,0.3038708146930962,0.2818845621411952,0.1638245729285362,0.0,0.0,0.4441831683455671,0.0,0.3615343719427986,0.2486987726782047,0.3764884120835907,0.3503211359304785,0.0,0.3410025203148924,0.3169737466818333,0.4166955935094914,0.4133873979631033,0.0,0.3613282636784098,0.4363947929378847,0.4192132680391929,0.2869747448314641,0.257669662457039,0.0,0.0550586073168509
0.0,0.0,0.6001908475100103,0.0,0.0,0.2038455226186016,0.0,0.1007334607130478,0.3586074211495351,0.0,0.3014224133552219,0.0,0.0999597033656197,0.0,0.0,0.0,0.0,0.0,0.4967984232109718,0.0,0.0,0.0,0.3903908465682577,0.0,0.0,0.0,0.382177962559025,0.0,0.0,0.0,0.0,0.0,0.0,0.0,0.0,0.1604296048150065,0.0,0.0,0.0,0.0,0.0,0.0,0.0415290108447267,0.0,0.0,0.0,0.0,0.0,0.0,0.0786728929989426,0.4940755593661892,0.1835355613262149,0.3077314614943017,0.4802535890631691,0.0,0.4182518575183286,0.0,0.3299416230438867,0.0,0.0,0.0,0.0,0.0,0.5418915698179562,0.0,0.0,0.0,0.4669318137517178,0.0,0.0,0.0,0.474389751597626,0.230423830601286,0.2956657621055641,0.1618825254397598,0.0250070146550122
0.0,0.0,0.0,0.0,0.0,0.0,0.0,0.0,0.0,0.0,0.0,0.0,0.0,0.0,0.0,0.0,0.0,0.0,0.0,0.0,0.0,0.0,0.0,0.0,0.0,0.0,0.0,0.0,0.0,0.0,0.0,0.0,0.0,0.0,0.0,0.0,0.0,0.0,0.0336092703091498,0.0,0.1264036186711185,0.0,0.3473205136557897,0.2131183537899471,0.0,0.0,0.0,0.0,0.0,0.2093011401116631,0.060015436911273,0.3175825253809075,0.0102186736287919,0.0678886258454103,0.0,0.0926580337645365,0.0,0.2730301789336888,0.0308258727620446,0.0,0.0,0.0,0.0,0.0,0.0,0.0,0.0,0.0,0.0,0.0,0.0,0.0,0.1961865966910525,0.0,0.0,0.2110870358959933
0.0,0.0,0.1300091171682557,0.0,0.0,0.0,0.0,0.301189634689864,0.0,0.0,0.3841478812093358,0.0,0.0,0.0,0.0,0.0,0.0,0.0,0.0,0.0,0.0,0.0,0.0909770477133277,0.0,0.0,0.0,0.0,0.0,0.0,0.0,0.0,0.0,0.0,0.0,0.0,0.0,0.0,0.0,0.0,0.0,0.0,0.0,0.1080625345656759,0.0,0.0,0.0,0.0,0.0786728929989426,0.2093011401116631,0.0,0.1526497572826205,0.551380908663093,0.2322938517807078,0.4075623285272866,0.3235159601612236,0.5100390499750852,0.0,0.1953763266705384,0.1162045161472892,0.0,0.0,0.0,0.0,0.0521395373082776,0.0,0.0,0.0,0.0,0.0,0.0,0.0,0.0189202016345859,0.0174195533647799,0.0,0.0,0.0
