0.0,0.4086740671925843,0.0,0.0,0.0,0.3359683474596047,0.0,0.0,0.0,0.3444394225061159,0.0,0.2553946592368497,0.3516212404810632,0.0,0.2952657547277086,0.7006037614025125,0.3688489719210348,0.5611075931970987,0.0,0.4780909814260965,0.6017643968967854,0.3788716526342402,0.1246720852814542,0.4948306102755764,0.6925052535787666,0.4646105875426707,0.2370950435096667,0.5228758406819359,0.6516162412826674,0.0,0.5517900649072172,0.3760765867575517,0.3994356941841625,0.4517018202252919,0.0,0.0,0.0,0.2840464765481874,0.313044979940234,0.326120400756857,0.2331129195750748,0.0,0.0,0.0,0.0,0.6637925643716739,0.101625991807954,0.0,0.0,0.0,0.0,0.0,0.0,0.0,0.390352373644102,0.0,0.0,0.0,0.0,0.0,0.3936803805440582,0.0,0.4704602576880399,0.0,0.0,0.4729906433267705,0.3657285004366808,0.0,0.4993774074862128,0.5972934304507485,0.5263813786955561,0.0,0.0,0.0,0.0,0.4075541275886293
0.4086740671925843,0.0,0.0,0.0,0.6437234821274015,0.5572764486163769,0.5554508606887696,0.4604320858489197,0.3663594679199603,0.0,0.0,0.0,0.4756504237550323,0.0,0.4502236947158632,0.4571262782943684,0.6354614169520992,0.5779033982101758,0.0,0.4913535280538341,0.6290422616412802,0.7381716879840963,0.3198006726594274,0.0,0.7395396604447603,0.7209410461550041,0.3435177074940815,0.361829357019166,0.4334477727618355,0.0,0.0,0.1515461817258377,0.3096648698706135,0.0,0.0,0.0,0.0,0.0,0.080076525769618,0.3394771679982777,0.0,0.0,0.0,0.0,0.0,0.0,0.4979647224235126,0.0,0.0,0.0,0.2365813757146727,0.0,0.0,0.0,0.0,0.0,0.0,0.0,0.0,0.2596482256765591,0.1403880976971832,0.0,0.1014889812449942,0.0,0.3409687320987277,0.480202504240893,0.3095937800889032,0.1513670218688265,0.0,0.2909040619359439,0.4569321244072725,0.0750455668133262,0.0,0.2048302399205035,0.0,0.0622652170899964
0.0,0.0,0.0,0.0,0.0,0.4125890914245883,0.0,0.3426378144915818,0.5963699168635275,0.0,0.4761434443616362,0.0429079063001994,0.2061291054954469,0.0,0.0,0.0,0.0,0.0,0.8414329139039869,0.0,0.0,0.0,0.7426472686113391,0.0,0.0,0.0,0.6891456245790297,0.3567725695915259,0.0,0.0,0.0428365211867491,0.0,0.0,0.0692905359038145,0.0,0.2210942261284875,0.1651498829028308,0.0,0.0,0.0,0.0,0.0,0.0582481521400878,0.0,0.0,0.0,0.0,0.9191543409779022,0.0,0.1991007442177197,0.7732623083591683,0.3720876697369967,0.5873831587301841,0.7876705924108023,0.0,0.6562711236522569,0.0,0.5308567266634896,0.0,0.0,0.0,0.0,0.0,0.853716870568171,0.0,0.0,0.0,0.7304161597023541,0.0,0.0,0.0,0.7434466494297431,0.3136147392284583,0.0,0.0,0.0
0.0,0.0,0.0,0.0,0.6091578932683853,0.0,0.4922459068445029,0.1229590368032307,0.2892994696137034,0.563534086289227,0.0,0.0694404874336812,0.0,0.1140352857311028,0.0,0.0,0.0,0.0,0.0,0.0,0.0,0.0,0.0,0.0,0.0,0.0,0.0,0.103401000632229,0.1468673641455478,0.0,0.0,0.3320113842734086,0.0,0.0,0.0,0.0,0.4258391949023203,0.3158614718036979,0.0,0.0,0.0,0.0,0.0,0.0,0.0,0.0,0.0,0.0,0.0,0.0,0.0,0.0,0.0,0.0,0.0,0.0,0.0,0.0,0.0,0.0,0.0,0.0,0.0,0.0,0.0,0.0,0.0,0.0,0.0,0.0,0.0,0.0,0.0,0.0,0.0,0.0
0.0,0.6437234821274015,0.0,0.6091578932683853,0.0,0.2473681506651597,0.874525266215957,0.4561272046400634,0.5800036884362719,0.6986193841580822,0.4321190023079801,0.3269985423967342,0.1089173645217335,0.6463226236841858,0.0,0.0895432471414961,0.0,0.0,0.0,0.1769194024085263,0.0,0.5265658281761714,0.0,0.0,0.3769402351055807,0.2577111702203473,0.0657340171357099,0.0716180257799917,0.202454986952181,0.0,0.0,0.1046312714877176,0.2517591002374076,0.0,0.0,0.0,0.0588473562514017,0.1980205882031573,0.0,0.0,0.0,0.0,0.070350946434782,0.0,0.0,0.0,0.0,0.0,0.0,0.7107516053349731,0.0,0.0,0.1028824149998321,0.3385784584984724,0.0,0.4553351270923292,0.0,0.0,0.0,0.0,0.0,0.0,0.0,0.0,0.0,0.0,0.0,0.0,0.0,0.0,0.0,0.0,0.0,0.0,0.0,0.0
0.3359683474596047,0.5572764486163769,0.4125890914245883,0.0,0.2473681506651597,0.0,0.0052480477311901,0.4472503461070823,0.1765340239851911,0.2015548822685701,0.0584152267001871,0.377557882058248,0.5247028108734029,0.2597222293044018,0.4896996879938415,0.4136818112332894,0.2763700186513197,0.4994645435896878,0.3724113272059642,0.5410301660367505,0.6115999570179042,0.3426528996971658,0.6210873477791109,0.0,0.4496267511532662,0.5075149083750418,0.4964905545577294,0.3297819988914003,0.5201670957969801,0.0326594701247766,0.0,0.1354899033364057,0.1916146070375039,0.1064330782702369,0.0,0.2857921957956503,0.1489890549469768,0.0,0.2099368796147666,0.0,0.0690698360228096,0.0,0.0379838422685442,0.0,0.0,0.0,0.2723079994093643,0.312176531483466,0.0,0.0,0.3900483030607766,0.0011589678895114,0.3761990766289234,0.2014101573847199,0.0,0.0213278245074508,0.0,0.3143274663975685,0.0,0.3072302383849892,0.0,0.0,0.0,0.30506307131725,0.4328792510910783,0.3620055346176746,0.3839171008534918,0.4029957365788623,0.0,0.0,0.374132407973493,0.1823783047664617,0.1929651755498608,0.3298044703904748,0.2624100822683302,0.126565441042578
0.0,0.5554508606887696,0.0,0.4922459068445029,0.874525266215957,0.0052480477311901,0.0,0.387970419935691,0.5056875424044366,0.6536059710160863,0.4852870629646109,0.3038689880815359,0.1504753076923585,0.4872592807241566,0.0,0.0,0.4512879568883829,0.0628307763587611,0.0,0.0194455119389677,0.0,0.4054626828660563,0.0,0.0,0.3305236921853738,0.107405692733533,0.0,0.0,0.0784135975305465,0.0,0.0,0.0430641231721102,0.2100226102142642,0.0,0.0,0.0,0.0,0.2898805933980877,0.0,0.0,0.0,0.0,0.0399962822111977,0.0,0.0,0.0,0.0,0.0,0.0,0.0,0.0,0.0,0.0204789015150216,0.258530263985451,0.0,0.5220503643952387,0.0,0.0,0.0,0.0,0.0,0.0,0.0,0.0,0.0,0.0,0.0,0.0,0.0,0.0,0.0,0.0,0.0,0.0,0.0,0.0
0.0,0.4604320858489197,0.3426378144915818,0.1229590368032307,0.4561272046400634,0.4472503461070823,0.387970419935691,0.0,0.3381092197628104,0.1953820301778025,0.4288296753165596,0.4655574103263488,0.4348870634672721,0.3376709950763822,0.2338303586199745,0.0,0.0,0.1488266759910999,0.2415376628781934,0.2874620533656543,0.307985523058892,0.3295702179748471,0.5616011073949891,0.0,0.0832215795999579,0.2724477094737336,0.1778686924151664,0.1884804102295809,0.0030390509086233,0.2115242060326729,0.0,0.0,0.0480793299687793,0.1490888191035944,0.0,0.1180930796180323,0.0232857560142908,0.0,0.0,0.0,0.0,0.0,0.1128169231365925,0.0,0.0,0.0,0.0,0.1542669270620302,0.0,0.4612528853634673,0.2366742790418621,0.3896523836824329,0.6900081616314504,0.3462235134148387,0.0,0.4303504316377945,0.0,0.3098230874951154,0.2413113352507547,0.1472213599233295,0.0,0.0,0.0,0.1337333456845974,0.0,0.3386843385088165,0.0,0.2383745278217369,0.0,0.0,0.0,0.0,0.0349683069550637,0.0,0.0,0.0
0.0,0.3663594679199603,0.5963699168635275,0.2892994696137034,0.5800036884362719,0.1765340239851911,0.5056875424044366,0.3381092197628104,0.0,0.1563225468964528,0.6981462077177677,0.0436551928372498,0.0029034860642124,0.1749399003093738,0.0,0.177210079830868,0.0,0.2096178213273763,0.3921427992111005,0.3488114366401047,0.0,0.5815504488012044,0.3079608248934855,0.0,0.0237379303673163,0.1619160140736104,0.4377898176345564,0.2328954143767145,0.1542402793332034,0.16054804165352,0.0,0.0,0.0,0.0,0.0,0.0,0.1005805917988169,0.1777686954152546,0.0,0.0,0.0,0.0,0.0279064987014127,0.0,0.0,0.0,0.0,0.5491845955731414,0.0,0.7647045978284093,0.5319151477533339,0.7469581144968197,0.3908728437246731,0.8673538917936082,0.0,0.8690663356947999,0.0,0.3429710747133069,0.0,0.0,0.0,0.0,0.0,0.4287629589035105,0.0,0.0,0.0,0.1813898973726181,0.0,0.0,0.0,0.3512782768269353,0.0,0.0,0.0,0.0
0.3444394225061159,0.0,0.0,0.563534086289227,0.6986193841580822,0.2015548822685701,0.6536059710160863,0.1953820301778025,0.1563225468964528,0.0,0.0,0.5831107435853372,0.1902867781088103,0.0,0.0,0.2898381556922365,0.9057171536135796,0.4711920520343625,0.0,0.1891327994248222,0.0,0.4100715688525291,0.0,0.2706936542565873,0.7292666013579703,0.5322633698239412,0.0,0.2670128832442873,0.3394466340024824,0.0,0.0,0.3977906094157387,0.4008936972897275,0.0,0.0,0.0,0.41646173327006,0.3776113708734256,0.3480263689120197,0.4816795575756009,0.2558197765030505,0.0057048355539119,0.0,0.0,0.3394500510782656,0.0,0.0,0.0,0.0,0.0,0.0,0.0,0.0,0.0,0.6667492318038569,0.0,0.1592887790531917,0.0,0.0,0.0,0.0,0.1868237914628749,0.0,0.0,0.0,0.0,0.0,0.0,0.0918506807005029,0.0230561451566062,0.1569436361779023,0.0,0.118127083481692,0.0,0.0,0.3226688697195077
0.0,0.0,0.4761434443616362,0.0,0.4321190023079801,0.0584152267001871,0.4852870629646109,0.4288296753165596,0.6981462077177677,0.0,0.0,0.0591098906802441,0.0324844720773881,0.338066991957941,0.0,0.0,0.0,0.0,0.3263994997739409,0.0,0.0,0.0,0.2577171379706697,0.0,0.0,0.0,0.2668638371377621,0.0,0.0,0.0,0.0,0.0,0.0,0.0,0.0,0.0,0.0,0.0,0.0,0.0,0.0,0.0,0.0,0.0,0.0,0.0,0.0,0.4616093711740032,0.0,0.5882981955754257,0.1875044987404414,0.3954307976318878,0.3341317016728019,0.5083708938363569,0.0,0.7445755061404666,0.0,0.0,0.0,0.0,0.0,0.0,0.0,0.1962845165163013,0.0,0.0,0.0,0.0,0.0,0.0,0.0,0.0991184717676239,0.0,0.0,0.0,0.0
0.2553946592368497,0.0,0.0429079063001994,0.0694404874336812,0.3269985423967342,0.377557882058248,0.3038689880815359,0.4655574103263488,0.0436551928372498,0.5831107435853372,0.0591098906802441,0.0,0.535798049963623,0.0,0.0,0.0,0.5601361661766324,0.3726962921051117,0.115354766846425,0.0,0.216092829099785,0.0,0.2760073792627419,0.3181804988514235,0.4467353409271148,0.5919094408671641,0.0,0.3440667109899487,0.0,0.0,0.0,0.0,0.0727428511591465,0.0950296255158515,0.0,0.1179022122949157,0.2463018260231157,0.2333724198001623,0.0,0.1511513614218361,0.0582570142894481,0.0,0.2871890776901462,0.0,0.0953661835086815,0.0,0.0,0.0,0.0,0.0,0.0,0.0,0.0,0.0,0.5764982503220826,0.0,0.7201188827388996,0.2162611864745169,0.0,0.0,0.0,0.2830823020567866,0.0786770636561646,0.0,0.0,0.0,0.0,0.0,0.1410879002312319,0.1474900371513596,0.2788416766042341,0.0,0.3281356934678128,0.0,0.0,0.0
0.3516212404810632,0.4756504237550323,0.2061291054954469,0.0,0.1089173645217335,0.5247028108734029,0.1504753076923585,0.4348870634672721,0.0029034860642124,0.1902867781088103,0.0324844720773881,0.535798049963623,0.0,0.0720809685572405,0.2627183412144136,0.2600488235988401,0.3038171631347979,0.4611074353031607,0.3091523218519194,0.4469353382580802,0.3836017691875679,0.2987520668873739,0.4429083583263483,0.2332507598577266,0.362833815499655,0.5050251637139636,0.2007017045194013,0.5852623678747114,0.2358359621607718,0.2354335046294318,0.1798083670799463,0.0,0.0452498853516913,0.3070639784458454,0.0,0.364115228375788,0.1571388006650728,0.2125160893199227,0.0,0.0,0.0,0.0,0.1448792585168165,0.0,0.1026006808692207,0.0,0.0,0.1530819665986999,0.0,0.0,0.2359256896883604,0.1522772069721391,0.3599172210022522,0.0,0.0,0.1556116982735209,0.6093295042204742,0.0,0.0,0.1960490355544236,0.0,0.0,0.0,0.0,0.3166905421231315,0.0,0.2016373532745368,0.3127763901954642,0.0,0.3059709524267582,0.3587012418510408,0.0750690937149004,0.0,0.084088280067545,0.0,0.0
0.0,0.0,0.0,0.1140352857311028,0.6463226236841858,0.2597222293044018,0.4872592807241566,0.3376709950763822,0.1749399003093738,0.0,0.338066991957941,0.0,0.0720809685572405,0.0,0.0,0.0,0.0,0.0,0.0,0.0,0.1277670885020638,0.0,0.0,0.0,0.0,0.0,0.0,0.0,0.0,0.0,0.0,0.086308603394345,0.0,0.0,0.0,0.0,0.0,0.0,0.0195944464326057,0.0,0.0,0.0,0.0,0.0,0.0,0.0,0.0,0.0,0.0,0.0,0.0,0.0,0.0,0.0,0.0,0.0570785168104318,0.0,0.0,0.0,0.0,0.0,0.0,0.0,0.0,0.0,0.0,0.0,0.0,0.0,0.0,0.0,0.0,0.0,0.0,0.0,0.0
0.2952657547277086,0.4502236947158632,0.0,0.0,0.0,0.4896996879938415,0.0,0.2338303586199745,0.0,0.0,0.0,0.0,0.2627183412144136,0.0,0.0,0.443668531164299,0.0,0.3848629067078599,0.0,0.7649161285343195,0.5296059853922379,0.6526568201122527,0.5607742660373305,0.0577786462117776,0.3000323144188135,0.3761790047181302,0.741538441998773,0.3785420189166269,0.512715955970535,0.0,0.1204586409629078,0.0,0.1168728115268379,0.0758186039523871,0.0,0.1954389633681101,0.0,0.0,0.0,0.0939825464764262,0.1311129557884316,0.0,0.1146785065627565,0.0,0.0,0.0,0.382726238247455,0.0,0.0,0.0,0.3507332008869475,0.0,0.2347449735891927,0.0,0.0,0.0,0.0,0.2442602890070354,0.0,0.7217788362536289,0.263923527355521,0.0,0.0,0.0,0.6405630840058502,0.4791238594006774,0.5377525699373503,0.4477166268119223,0.0,0.2467936101641781,0.2311350124653226,0.5474605747644091,0.2402233509513042,0.4786305097277819,0.0,0.0407418733277279
0.7006037614025125,0.4571262782943684,0.0,0.0,0.0895432471414961,0.4136818112332894,0.0,0.0,0.177210079830868,0.2898381556922365,0.0,0.0,0.2600488235988401,0.0,0.443668531164299,0.0,0.5203698210505465,0.851182925176704,0.0,0.649935891191564,0.7303166234001884,0.6022856769680358,0.2654763048366015,0.1893049940090196,0.6526723315396342,0.4846525409585114,0.470090854605972,0.6143764760461978,0.8260421009987371,0.2737372402871672,0.6584348274946631,0.357557055011287,0.2971119589958501,0.3918084528586714,0.0,0.0,0.0,0.0,0.3056657064308632,0.2602806283406547,0.3098389094338112,0.0,0.0,0.0,0.0,0.6792988478575613,0.3145965007343455,0.0,0.0,0.0,0.0,0.0,0.0,0.0,0.0,0.0,0.0,0.0,0.0,0.4469992657155517,0.677630689379964,0.0,0.6915004012255778,0.0,0.4404198521597405,0.562429931592705,0.5599543832858344,0.3008907878154346,0.0,0.6327201956608133,0.4391062129801115,0.2450826674265868,0.0,0.5806302550398345,0.0,0.5008429350708128
0.3688489719210348,0.6354614169520992,0.0,0.0,0.0,0.2763700186513197,0.4512879568883829,0.0,0.0,0.9057171536135796,0.0,0.5601361661766324,0.3038171631347979,0.0,0.0,0.5203698210505465,0.0,0.7069439438540891,0.0,0.3955603088669341,0.0,0.5441283283906031,0.0,0.2193473428037663,0.6988903878082227,0.7067575892934376,0.0,0.5034230632225096,0.4317946183751576,0.0,0.1026199737645943,0.3828546051912707,0.3129885864684444,0.0,0.0,0.0,0.0,0.5146267557901977,0.0,0.3999931084160517,0.0,0.0,0.0,0.0,0.0,0.0,0.0,0.0,0.0,0.0,0.0,0.0,0.0,0.0,0.6410060720946007,0.0,0.2343424165588888,0.0,0.0,0.0,0.0,0.4598812759368617,0.3036201727951805,0.0,0.0,0.0,0.0,0.0,0.0787776519978651,0.1507520885537125,0.3307239680341652,0.0,0.0,0.0,0.0,0.0
0.5611075931970987,0.5779033982101758,0.0,0.0,0.0,0.4994645435896878,0.0628307763587611,0.1488266759910999,0.2096178213273763,0.4711920520343625,0.0,0.3726962921051117,0.4611074353031607,0.0,0.3848629067078599,0.851182925176704,0.7069439438540891,0.0,0.0,0.5702156070187258,0.577268694481416,0.6008612563377344,0.2260974780376569,0.2909425308976747,0.7096283319113316,0.6972782553369192,0.3290889903357796,0.6045919665012432,0.6548525111350613,0.2175657269898852,0.3819457666494438,0.3309488303057549,0.2752151525240262,0.2351850202625354,0.0,0.0,0.0,0.0,0.3168108346392386,0.2958230474580047,0.2138111757613611,0.0,0.0,0.0,0.0,0.4406971553193426,0.3051747784864263,0.0,0.0,0.0,0.0,0.0,0.0,0.0,0.3957482288121145,0.0,0.2288926570919404,0.0,0.0,0.0,0.5695117278344088,0.4970229169046916,0.5732160059257483,0.0,0.0,0.0,0.5415774749332302,0.0,0.2187069130591019,0.4820588221634531,0.4461121219237774,0.0,0.0,0.0,0.0,0.4051156794093413
0.0,0.0,0.8414329139039869,0.0,0.0,0.3724113272059642,0.0,0.2415376628781934,0.3921427992111005,0.0,0.3263994997739409,0.115354766846425,0.3091523218519194,0.0,0.0,0.0,0.0,0.0,0.0,0.0,0.0,0.0,0.6478064680939064,0.0,0.0,0.0,0.6918391236689195,0.3994937449531783,0.0,0.0,0.1028799789989384,0.0,0.0,0.0878351288572935,0.0,0.2004801949881227,0.1107308701090885,0.0,0.0,0.0,0.0,0.0,0.0378854898338196,0.0,0.0,0.0,0.0,0.7608153792743829,0.0,0.0504532784423034,0.6385055013311537,0.151013787555163,0.4497553630556329,0.5985565792093236,0.0,0.4373866288361047,0.0,0.4159369074504443,0.0,0.0,0.0,0.0,0.0,0.8921275318104529,0.0,0.0,0.0,0.6356305681842034,0.0,0.0,0.0,0.7175413444606833,0.0,0.0,0.0,0.0
0.4780909814260965,0.4913535280538341,0.0,0.0,0.1769194024085263,0.5410301660367505,0.0194455119389677,0.2874620533656543,0.3488114366401047,0.1891327994248222,0.0,0.0,0.4469353382580802,0.0,0.7649161285343195,0.649935891191564,0.3955603088669341,0.5702156070187258,0.0,0.0,0.6773835010242014,0.8111097122015241,0.6426702006151597,0.0,0.4109382273563616,0.5176741838132871,0.8155980778172722,0.743803513022431,0.6712409387355583,0.30560961072666,0.4539779515730911,0.0,0.0,0.3658963282051463,0.0,0.485604134349812,0.4147536419589944,0.0,0.0,0.0,0.1524983146932481,0.0,0.225845942017919,0.0,0.0,0.0,0.4812958004297294,0.0,0.0,0.0,0.4509854477605206,0.0,0.3930187273858108,0.0,0.0,0.0,0.0,0.5488449977915819,0.0,0.6448063161817585,0.3611793057954928,0.0,0.0,0.0,0.7701383538533414,0.579531152722934,0.6549903197443994,0.5493631122668743,0.0,0.4804872435866896,0.3914752016984257,0.5595137484400879,0.4556466269020996,0.5083416673934085,0.2169958937429576,0.1463014415987528
0.6017643968967854,0.6290422616412802,0.0,0.0,0.0,0.6115999570179042,0.0,0.307985523058892,0.0,0.0,0.0,0.216092829099785,0.3836017691875679,0.1277670885020638,0.5296059853922379,0.7303166234001884,0.0,0.577268694481416,0.0,0.6773835010242014,0.0,0.6351661978806976,0.4912835627926601,0.1985092419291356,0.5431509212368123,0.4940466526527088,0.5582269031063773,0.5761697055259605,0.7244520427150568,0.0,0.3555791935863145,0.0968996454803165,0.2518655095941708,0.3117000285355076,0.0,0.0,0.0,0.0,0.0918032660785564,0.211543239976481,0.2585975259702755,0.0,0.0,0.0,0.0,0.5461940941878519,0.4107237464840926,0.0,0.0,0.0,0.3503149399251223,0.0,0.3209858280191194,0.0,0.0,0.0,0.0,0.4625661841448609,0.0,0.505666434400387,0.3805087580795475,0.0,0.0,0.0,0.5172056394591477,0.7758427665660316,0.52448199607986,0.4807859471064491,0.0,0.4419507888042821,0.414249646485259,0.3865964588977433,0.4036872304746462,0.5973839913311308,0.0,0.2582647415482723
0.3788716526342402,0.7381716879840963,0.0,0.0,0.5265658281761714,0.3426528996971658,0.4054626828660563,0.3295702179748471,0.5815504488012044,0.4100715688525291,0.0,0.0,0.2987520668873739,0.0,0.6526568201122527,0.6022856769680358,0.5441283283906031,0.6008612563377344,0.0,0.8111097122015241,0.6351661978806976,0.0,0.4305107929659771,0.0,0.470638195310365,0.5722073444613602,0.6824584245054139,0.5318081276700427,0.5316944047786138,0.2741550777303501,0.2589748518930225,0.0,0.0990977572920111,0.1830773435170186,0.0,0.1860256510630019,0.3339674972188385,0.0,0.0,0.0911212183601762,0.1063768578445656,0.0,0.224157433323554,0.0,0.0,0.1561346567853057,0.5056477223579439,0.0,0.0,0.0,0.4231784974958232,0.0,0.0,0.0,0.0,0.0,0.0,0.0,0.0,0.5541857316731801,0.2282429972845321,0.0,0.2799675409997178,0.0,0.5726258135165312,0.6172856460153487,0.5040227595029529,0.2965592989126742,0.0,0.2398030879851309,0.2948737853237644,0.4418562807174899,0.2540929468615701,0.38321781859549,0.0,0.0338599501944398
0.1246720852814542,0.3198006726594274,0.7426472686113391,0.0,0.0,0.6210873477791109,0.0,0.5616011073949891,0.3079608248934855,0.0,0.2577171379706697,0.2760073792627419,0.4429083583263483,0.0,0.5607742660373305,0.2654763048366015,0.0,0.2260974780376569,0.6478064680939064,0.6426702006151597,0.4912835627926601,0.4305107929659771,0.0,0.0,0.0905242715845566,0.3634359503979019,0.6955240450627295,0.4259642856523009,0.3478870491169668,0.15868562340591,0.1754647591600422,0.0,0.0,0.3122900064118161,0.0,0.3655965382172995,0.1849192661990898,0.1067193415234415,0.0,0.0,0.0155785360424514,0.0,0.1043234477148585,0.0,0.0,0.0,0.499563355717449,0.5978589023639976,0.0,0.1393255973195497,0.6663186240572675,0.2796430397877162,0.762664934493372,0.5207814115478591,0.0,0.3844749614465585,0.0,0.5687337344663359,0.0,0.6077956460949021,0.0,0.0,0.0,0.6240794813806347,0.544121550250111,0.5485336951474096,0.4374747043647956,0.8522955999389776,0.0,0.2817520052649486,0.3148454762895004,0.6229934948959095,0.3530566525965641,0.3475215437045458,0.0,0.0
0.4948306102755764,0.0,0.0,0.0,0.0,0.0,0.0,0.0,0.0,0.2706936542565873,0.0,0.3181804988514235,0.2332507598577266,0.0,0.0577786462117776,0.1893049940090196,0.2193473428037663,0.2909425308976747,0.0,0.0,0.1985092419291356,0.0,0.0,0.0,0.4921569659268875,0.3794340388406085,0.0,0.0651646978854248,0.0,0.0,0.0,0.6489697350837726,0.4043218975881479,0.0,0.0,0.0953453726900198,0.0,0.0,0.7292896049425006,0.529054718689081,0.1260973557600752,0.0,0.0,0.0,0.4110499906251127,0.3638994917163066,0.0,0.0,0.0,0.0,0.0,0.0,0.0,0.0,0.0,0.0,0.3750949639675283,0.0,0.0,0.0,0.4204642320652947,0.0,0.1660400297021232,0.0,0.0,0.0,0.0,0.0,0.9159618430060188,0.3712257851320691,0.4608623347110008,0.0,0.1070964765747662,0.0,0.0,0.5248718455533283
0.6925052535787666,0.7395396604447603,0.0,0.0,0.3769402351055807,0.4496267511532662,0.3305236921853738,0.0832215795999579,0.0237379303673163,0.7292666013579703,0.0,0.4467353409271148,0.362833815499655,0.0,0.3000323144188135,0.6526723315396342,0.6988903878082227,0.7096283319113316,0.0,0.4109382273563616,0.5431509212368123,0.470638195310365,0.0905242715845566,0.4921569659268875,0.0,0.7087164517316866,0.1945845952287702,0.4134235182892643,0.637389902050464,0.0,0.1731024591878542,0.5667013335197865,0.4792519497208091,0.0439670340699484,0.0,0.0,0.0,0.4088413117871662,0.5086216235961427,0.534474189157872,0.1384090402456513,0.0992132225162755,0.0,0.0,0.0,0.2945976419113651,0.2010328159968566,0.0,0.0,0.0,0.0,0.0,0.0,0.0,0.5540079261321145,0.0,0.2267134874560903,0.1333313799623866,0.0,0.1265536162332578,0.4448566260759699,0.2825437720629618,0.3122995703983978,0.0,0.4071085956994559,0.3067827358209393,0.3962345815503397,0.0633375952355581,0.3632892421134763,0.5530217025996135,0.5452709032369696,0.0,0.0,0.4184442492775834,0.0,0.4394141244852274
0.4646105875426707,0.7209410461550041,0.0,0.0,0.2577111702203473,0.5075149083750418,0.107405692733533,0.2724477094737336,0.1619160140736104,0.5322633698239412,0.0,0.5919094408671641,0.5050251637139636,0.0,0.3761790047181302,0.4846525409585114,0.7067575892934376,0.6972782553369192,0.0,0.5176741838132871,0.4940466526527088,0.5722073444613602,0.3634359503979019,0.3794340388406085,0.7087164517316866,0.0,0.2740617295282929,0.4858797649324473,0.3917408019434766,0.0,0.0,0.2800968759666674,0.2833841440698247,0.0610366048989712,0.0,0.1408100339256502,0.0,0.3977478681999801,0.3281375297848616,0.3630561581706849,0.1233874512291454,0.0,0.0,0.0,0.31598386022707,0.2801309950970139,0.5824733422582263,0.0,0.0,0.0,0.2836403723299704,0.0,0.0,0.0,0.5028382421478668,0.0,0.4441597769702875,0.3923482982864445,0.0,0.3302719338031082,0.4484990921574303,0.5289802038916966,0.448114208423744,0.0,0.5472008060352205,0.3372833031334491,0.5931902010004702,0.3144464834213738,0.2733242699465517,0.4332971333898774,0.8032138078292959,0.177590107167785,0.289962793579316,0.25836436742808,0.0,0.3368285128611109
0.2370950435096667,0.3435177074940815,0.6891456245790297,0.0,0.0657340171357099,0.4964905545577294,0.0,0.1778686924151664,0.4377898176345564,0.0,0.2668638371377621,0.0,0.2007017045194013,0.0,0.741538441998773,0.470090854605972,0.0,0.3290889903357796,0.6918391236689195,0.8155980778172722,0.5582269031063773,0.6824584245054139,0.6955240450627295,0.0,0.1945845952287702,0.2740617295282929,0.0,0.4845479882446875,0.556873987589735,0.1127751038899346,0.2422059921498396,0.0,0.0,0.1466362975908735,0.0,0.3002335599787163,0.1878614171768082,0.0,0.0,0.0,0.0,0.0,0.0,0.0,0.0,0.0,0.4217683913976616,0.5852813896938993,0.0,0.2201755653152831,0.580919662761593,0.3231303984168989,0.337850805480566,0.5850835081232686,0.0,0.385750077609312,0.0,0.4021724526798229,0.0,0.6990826986491172,0.0,0.0,0.0,0.6396149890826285,0.715539504129261,0.5640249492438926,0.5739952526433444,0.59737950203883,0.0,0.0,0.2131587038899022,0.8211855027910127,0.2803028949468756,0.5997924947882731,0.096778152250066,0.0
0.5228758406819359,0.361829357019166,0.3567725695915259,0.103401000632229,0.0716180257799917,0.3297819988914003,0.0,0.1884804102295809,0.2328954143767145,0.2670128832442873,0.0,0.3440667109899487,0.5852623678747114,0.0,0.3785420189166269,0.6143764760461978,0.5034230632225096,0.6045919665012432,0.3994937449531783,0.743803513022431,0.5761697055259605,0.5318081276700427,0.4259642856523009,0.0651646978854248,0.4134235182892643,0.4858797649324473,0.4845479882446875,0.0,0.5167231827698172,0.3013269757783108,0.6193523462139907,0.0,0.0,0.4631796777068779,0.0,0.6602727946756081,0.673924407806484,0.4198133138878174,0.0,0.0,0.2047976415803215,0.0,0.4457714325146187,0.0,0.2332579788649661,0.0,0.0,0.3159356554187734,0.0,0.0,0.3903857907347857,0.0,0.313037666326543,0.45919024506069,0.4773947177694189,0.0,0.4794260760514819,0.6699099420926236,0.0,0.4348285128565015,0.0,0.0,0.0,0.0,0.5907494160049449,0.5363636179598517,0.5505977533279549,0.4729644123964686,0.0,0.5426412843764861,0.4073729318432998,0.3805502643278202,0.6917449365753293,0.4170014390672061,0.0,0.2598043401339578
0.6516162412826674,0.4334477727618355,0.0,0.1468673641455478,0.202454986952181,0.5201670957969801,0.0784135975305465,0.0030390509086233,0.1542402793332034,0.3394466340024824,0.0,0.0,0.2358359621607718,0.0,0.512715955970535,0.8260421009987371,0.4317946183751576,0.6548525111350613,0.0,0.6712409387355583,0.7244520427150568,0.5316944047786138,0.3478870491169668,0.0,0.637389902050464,0.3917408019434766,0.556873987589735,0.5167231827698172,0.0,0.2710899724243076,0.4634293348753773,0.3453982137868825,0.3562840963339335,0.2545277676124829,0.0,0.35687069843769,0.4286120633875925,0.0,0.3709411348344753,0.3490761552134621,0.3964043352009244,0.0,0.1542403604455526,0.0,0.0,0.0,0.1375194828863793,0.1967819930048192,0.0,0.0,0.0861328182120908,0.1766819947837791,0.0,0.229415319089802,0.0,0.0,0.0,0.2419419666311368,0.0,0.4684609017327241,0.0,0.0,0.0,0.0,0.562026703387599,0.5922161682105531,0.527590891418539,0.3228447253097565,0.0,0.0,0.3327613409619706,0.2669449048942577,0.2474909280796837,0.7726594622530003,0.4591586594497908,0.4224644274475528
0.0,0.0,0.0,0.0,0.0,0.0326594701247766,0.0,0.2115242060326729,0.16054804165352,0.0,0.0,0.0,0.2354335046294318,0.0,0.0,0.2737372402871672,0.0,0.2175657269898852,0.0,0.30560961072666,0.0,0.2741550777303501,0.15868562340591,0.0,0.0,0.0,0.1127751038899346,0.3013269757783108,0.2710899724243076,0.0,0.3707611890547889,0.1257759459151737,0.0,0.2655706149338768,0.0,0.0,0.0,0.0,0.0,0.0,0.0,0.0,0.0,0.0,0.0,0.0,0.0,0.0,0.0,0.0,0.0,0.0,0.0,0.0,0.0,0.0,0.0,0.0,0.0,0.0,0.0,0.0,0.0,0.0,0.1459787718647662,0.0,0.0,0.1397515537743152,0.0,0.0,0.0,0.0709437621574569,0.0,0.1875736633431382,0.0,0.0
0.5517900649072172,0.0,0.0428365211867491,0.0,0.0,0.0,0.0,0.0,0.0,0.0,0.0,0.0,0.1798083670799463,0.0,0.1204586409629078,0.6584348274946631,0.1026199737645943,0.3819457666494438,0.1028799789989384,0.4539779515730911,0.3555791935863145,0.2589748518930225,0.1754647591600422,0.0,0.1731024591878542,0.0,0.2422059921498396,0.6193523462139907,0.4634293348753773,0.3707611890547889,0.0,0.0094238363397889,0.0232058920466929,0.7445668122786032,0.0614699791804428,0.6970572562257348,0.468291729679419,0.2943391876845778,0.0,0.0,0.3839247753979742,0.0,0.3945736181321659,0.0,0.0,0.0,0.1873957531289867,0.0,0.0,0.0,0.085668095770636,0.0,0.1391795391353885,0.0,0.2696874447068007,0.0,0.2186134340267122,0.0,0.0,0.2240468522603188,0.2878851705852016,0.4519248485383165,0.582839982800093,0.0,0.2081530817959842,0.3902627318313249,0.2603675943882639,0.2934347771304699,0.0869773107807343,0.4993154227752145,0.2075954909250345,0.164893672987297,0.5343074712652115,0.3417837703634985,0.0,0.2071527681877311
0.3760765867575517,0.1515461817258377,0.0,0.3320113842734086,0.1046312714877176,0.1354899033364057,0.0430641231721102,0.0,0.0,0.3977906094157387,0.0,0.0,0.0,0.086308603394345,0.0,0.357557055011287,0.3828546051912707,0.3309488303057549,0.0,0.0,0.0968996454803165,0.0,0.0,0.6489697350837726,0.5667013335197865,0.2800968759666674,0.0,0.0,0.3453982137868825,0.1257759459151737,0.0094238363397889,0.0,0.6266620170391971,0.0,0.0,0.0,0.1295114053083862,0.1959677046930505,0.9253365935889302,0.7168604959039029,0.2788287925421774,0.4830201759134345,0.1107520194204479,0.30263255608216,0.545138076184686,0.1752497091793523,0.0,0.0,0.0,0.0,0.0,0.0,0.0,0.0,0.1191909597690227,0.0,0.0,0.0,0.0,0.0,0.5675376213119201,0.0,0.2143749815485301,0.0,0.0613423150085362,0.0,0.215841393980056,0.0,0.6063591089873299,0.2906483690260633,0.352284755567356,0.0,0.0,0.3761263810477194,0.0,0.7912363737373529
0.3994356941841625,0.3096648698706135,0.0,0.0,0.2517591002374076,0.1916146070375039,0.2100226102142642,0.0480793299687793,0.0,0.4008936972897275,0.0,0.0727428511591465,0.0452498853516913,0.0,0.1168728115268379,0.2971119589958501,0.3129885864684444,0.2752151525240262,0.0,0.0,0.2518655095941708,0.0990977572920111,0.0,0.4043218975881479,0.4792519497208091,0.2833841440698247,0.0,0.0,0.3562840963339335,0.0,0.0232058920466929,0.6266620170391971,0.0,0.0849924619643668,0.0,0.0,0.0,0.1886546458861396,0.5271255915685055,0.7768260077070823,0.3462728794143525,0.2689589674659147,0.0,0.0,0.3906671178270932,0.0472095545061273,0.0,0.0,0.0,0.0,0.0,0.0,0.0,0.0,0.1405810899238316,0.0,0.0,0.0,0.0,0.0,0.2188300591085731,0.0,0.0079305051979079,0.0,0.0,0.1399221709069102,0.0510145693610085,0.0,0.3358043862888248,0.0847172665488311,0.2631094213330862,0.0,0.0,0.0,0.0,0.3523421528771532
0.4517018202252919,0.0,0.0692905359038145,0.0,0.0,0.1064330782702369,0.0,0.1490888191035944,0.0,0.0,0.0,0.0950296255158515,0.3070639784458454,0.0,0.0758186039523871,0.3918084528586714,0.0,0.2351850202625354,0.0878351288572935,0.3658963282051463,0.3117000285355076,0.1830773435170186,0.3122900064118161,0.0,0.0439670340699484,0.0610366048989712,0.1466362975908735,0.4631796777068779,0.2545277676124829,0.2655706149338768,0.7445668122786032,0.0,0.0849924619643668,0.0,0.121699197493279,0.6266948634153144,0.3053331408339438,0.3263209729715934,0.0,0.0,0.3791578465982897,0.0,0.2137769101713628,0.2930975169382224,0.0,0.5253112221087006,0.2120356147104853,0.0494075894521816,0.0,0.0,0.1518045086161816,0.2150251582591382,0.3026196165101723,0.1011354940435876,0.205884986222723,0.0,0.2694510267850428,0.5258613972423397,0.0,0.2387530914938871,0.0983185991988932,0.4478678105254939,0.4983362855102508,0.0,0.1163121507508882,0.3790127866541229,0.1288294085792476,0.3497579028312648,0.0252733311394211,0.4235616310275649,0.2067169656152989,0.128126789350268,0.424534515764265,0.1358028772352921,0.0,0.0
0.0,0.0,0.0,0.0,0.0,0.0,0.0,0.0,0.0,0.0,0.0,0.0,0.0,0.0,0.0,0.0,0.0,0.0,0.0,0.0,0.0,0.0,0.0,0.0,0.0,0.0,0.0,0.0,0.0,0.0,0.0614699791804428,0.0,0.0,0.121699197493279,0.0,0.0,0.0,0.0,0.0,0.0,0.0,0.1015112358395705,0.0,0.0,0.0,0.0,0.0,0.0,0.0,0.0,0.0,0.0,0.0,0.0,0.0,0.0,0.0,0.0,0.0,0.0,0.0,0.0,0.0,0.0,0.0,0.0,0.0,0.0,0.0,0.0,0.0,0.0,0.0,0.0,0.0,0.0
0.0,0.0,0.2210942261284875,0.0,0.0,0.2857921957956503,0.0,0.1180930796180323,0.0,0.0,0.0,0.1179022122949157,0.364115228375788,0.0,0.1954389633681101,0.0,0.0,0.0,0.2004801949881227,0.485604134349812,0.0,0.1860256510630019,0.3655965382172995,0.0953453726900198,0.0,0.1408100339256502,0.3002335599787163,0.6602727946756081,0.35687069843769,0.0,0.6970572562257348,0.0,0.0,0.6266948634153144,0.0,0.0,0.5720353876186927,0.2715742546179125,0.0,0.0,0.2136993333351398,0.0,0.4047070859047997,0.375130122229911,0.1445536218307749,0.0,0.0,0.2456877979709999,0.0,0.0,0.2788066629461809,0.1750368882365845,0.300298645877492,0.1804184847807976,0.0,0.0455755901937722,0.4065539327806978,0.6106586244443098,0.0,0.0,0.0,0.0,0.0,0.370350895759319,0.2574155546561737,0.0,0.3266975844970318,0.443596938722665,0.0,0.0,0.0,0.2322172914997982,0.607895406286032,0.3169879849128362,0.0,0.0
0.0,0.0,0.1651498829028308,0.4258391949023203,0.0588473562514017,0.1489890549469768,0.0,0.0232857560142908,0.1005805917988169,0.41646173327006,0.0,0.2463018260231157,0.1571388006650728,0.0,0.0,0.0,0.0,0.0,0.1107308701090885,0.4147536419589944,0.0,0.3339674972188385,0.1849192661990898,0.0,0.0,0.0,0.1878614171768082,0.673924407806484,0.4286120633875925,0.0,0.468291729679419,0.1295114053083862,0.0,0.3053331408339438,0.0,0.5720353876186927,0.0,0.4878031556845568,0.1587504899333707,0.0,0.4637143431658583,0.0,0.6858116825232028,0.0,0.0,0.0,0.0,0.0,0.0,0.0,0.0,0.0,0.0,0.0,0.0,0.0,0.0,0.0,0.0,0.0,0.0,0.0,0.0,0.0,0.0,0.0,0.0,0.2913800843171018,0.0,0.0,0.0,0.0,0.0,0.0,0.0,0.0
0.2840464765481874,0.0,0.0,0.3158614718036979,0.1980205882031573,0.0,0.2898805933980877,0.0,0.1777686954152546,0.3776113708734256,0.0,0.2333724198001623,0.2125160893199227,0.0,0.0,0.0,0.5146267557901977,0.0,0.0,0.0,0.0,0.0,0.1067193415234415,0.0,0.4088413117871662,0.3977478681999801,0.0,0.4198133138878174,0.0,0.0,0.2943391876845778,0.1959677046930505,0.1886546458861396,0.3263209729715934,0.0,0.2715742546179125,0.4878031556845568,0.0,0.0790462254859062,0.0954264661608149,0.147170935148285,0.0,0.0,0.0,0.1989149647329325,0.0,0.0,0.0,0.0,0.0,0.0,0.0,0.0,0.0,0.5579182051901248,0.0,0.1044537649102763,0.0,0.0,0.0,0.0,0.0,0.0,0.0,0.0,0.0,0.0,0.0,0.0,0.2778384612244472,0.272662886648298,0.0,0.3011034603791264,0.0,0.0,0.0
0.313044979940234,0.080076525769618,0.0,0.0,0.0,0.2099368796147666,0.0,0.0,0.0,0.3480263689120197,0.0,0.0,0.0,0.0195944464326057,0.0,0.3056657064308632,0.0,0.3168108346392386,0.0,0.0,0.0918032660785564,0.0,0.0,0.7292896049425006,0.5086216235961427,0.3281375297848616,0.0,0.0,0.3709411348344753,0.0,0.0,0.9253365935889302,0.5271255915685055,0.0,0.0,0.0,0.1587504899333707,0.0790462254859062,0.0,0.6658259247917139,0.2829757884313586,0.5922579259976953,0.1138949447477221,0.3972033455514949,0.590272188812852,0.2650121984050826,0.0,0.0,0.0514704728169644,0.0,0.0,0.0,0.0,0.0,0.0,0.0,0.0,0.0,0.0,0.0,0.7237977788218658,0.0,0.3093162661217186,0.0,0.239262645887668,0.0,0.3940712000200663,0.0,0.7179105778986558,0.3377088264816713,0.3983565834814257,0.0,0.0,0.4515731289669343,0.8378879608840115,0.8588656387650873
0.326120400756857,0.3394771679982777,0.0,0.0,0.0,0.0,0.0,0.0,0.0,0.4816795575756009,0.0,0.1511513614218361,0.0,0.0,0.0939825464764262,0.2602806283406547,0.3999931084160517,0.2958230474580047,0.0,0.0,0.211543239976481,0.0911212183601762,0.0,0.529054718689081,0.534474189157872,0.3630561581706849,0.0,0.0,0.3490761552134621,0.0,0.0,0.7168604959039029,0.7768260077070823,0.0,0.0,0.0,0.0,0.0954264661608149,0.6658259247917139,0.0,0.3314772667811158,0.3657204749858024,0.0,0.1226268638403647,0.4667226213088508,0.0092373854019853,0.0,0.0,0.0,0.0,0.0,0.0,0.0,0.0,0.2168450824494101,0.0,0.0,0.0,0.0,0.0,0.3704047373109824,0.0,0.0566019092050285,0.0,0.1004543664833065,0.0909715894120082,0.1937389557546151,0.0,0.4321926954583787,0.1461472989156457,0.3684522542865072,0.0,0.0,0.3328780676338564,0.4540751005028382,0.4889779985968958
0.2331129195750748,0.0,0.0,0.0,0.0,0.0690698360228096,0.0,0.0,0.0,0.2558197765030505,0.0,0.0582570142894481,0.0,0.0,0.1311129557884316,0.3098389094338112,0.0,0.2138111757613611,0.0,0.1524983146932481,0.2585975259702755,0.1063768578445656,0.0155785360424514,0.1260973557600752,0.1384090402456513,0.1233874512291454,0.0,0.2047976415803215,0.3964043352009244,0.0,0.3839247753979742,0.2788287925421774,0.3462728794143525,0.3791578465982897,0.0,0.2136993333351398,0.4637143431658583,0.147170935148285,0.2829757884313586,0.3314772667811158,0.0,0.0378598385148708,0.5171454658481274,0.3988074490561838,0.2987973370333566,0.3106485189136614,0.0258765652429269,0.0,0.1935791511964637,0.0,0.0,0.0,0.0,0.0,0.0848166949242746,0.0,0.0649545569996135,0.1105511625919869,0.2446923985924742,0.0776401285638862,0.4591093820171357,0.1409666868881499,0.276156209799487,0.040150344000947,0.2587912009412989,0.2171428286897934,0.351525816473916,0.0964380247777413,0.1903230440975938,0.0936371189106825,0.1324577664088357,0.0428416506905138,0.3240991770123753,0.3312850066598911,0.3963434560525901,0.4474858572144386
0.0,0.0,0.0,0.0,0.0,0.0,0.0,0.0,0.0,0.0057048355539119,0.0,0.0,0.0,0.0,0.0,0.0,0.0,0.0,0.0,0.0,0.0,0.0,0.0,0.0,0.0992132225162755,0.0,0.0,0.0,0.0,0.0,0.0,0.4830201759134345,0.2689589674659147,0.0,0.1015112358395705,0.0,0.0,0.0,0.5922579259976953,0.3657204749858024,0.0378598385148708,0.0,0.0,0.2012583369476398,0.2162632526118578,0.0,0.0,0.0,0.0,0.0,0.0,0.0,0.0,0.0,0.0,0.0,0.0,0.0,0.0,0.0,0.1856924638104556,0.0,0.0,0.0,0.0,0.0,0.0,0.0,0.5633711748698813,0.0,0.1038269838357582,0.0,0.0,0.0798140122352862,0.3011433737193147,0.2920862654399677
0.0,0.0,0.0582481521400878,0.0,0.070350946434782,0.0379838422685442,0.0399962822111977,0.1128169231365925,0.0279064987014127,0.0,0.0,0.2871890776901462,0.1448792585168165,0.0,0.1146785065627565,0.0,0.0,0.0,0.0378854898338196,0.225845942017919,0.0,0.224157433323554,0.1043234477148585,0.0,0.0,0.0,0.0,0.4457714325146187,0.1542403604455526,0.0,0.3945736181321659,0.1107520194204479,0.0,0.2137769101713628,0.0,0.4047070859047997,0.6858116825232028,0.0,0.1138949447477221,0.0,0.5171454658481274,0.0,0.0,0.4718458795097887,0.2814658872454764,0.0,0.0,0.0635990547886725,0.5318994102656147,0.1654909403487013,0.3172792424115132,0.3478248380213802,0.2319074717039576,0.2355542330233938,0.3935626411651659,0.1484495060816972,0.2544770003495178,0.5247922256167417,0.4850426643657529,0.1389642305613763,0.0,0.4648810155319741,0.0,0.1955344311740491,0.2882125225221373,0.3566497931362731,0.3751626681296091,0.2586511357953789,0.0,0.1261817969615774,0.0945691550776171,0.1525218423908498,0.6424192055151461,0.2751484847151685,0.0,0.3812793670318485
0.0,0.0,0.0,0.0,0.0,0.0,0.0,0.0,0.0,0.0,0.0,0.0,0.0,0.0,0.0,0.0,0.0,0.0,0.0,0.0,0.0,0.0,0.0,0.0,0.0,0.0,0.0,0.0,0.0,0.0,0.0,0.30263255608216,0.0,0.2930975169382224,0.0,0.375130122229911,0.0,0.0,0.3972033455514949,0.1226268638403647,0.3988074490561838,0.2012583369476398,0.4718458795097887,0.0,0.2352028884880373,0.0,0.0,0.0,0.3263772862261568,0.0,0.0,0.0,0.0,0.0,0.0672833206843032,0.0,0.4028219956708163,0.1337069527119691,0.1535882844128956,0.0,0.0,0.0,0.0,0.0,0.0,0.0,0.0,0.0,0.0,0.0,0.0,0.0,0.4975581999611002,0.1379499672736289,0.0,0.4890549345267091
0.0,0.0,0.0,0.0,0.0,0.0,0.0,0.0,0.0,0.3394500510782656,0.0,0.0953661835086815,0.1026006808692207,0.0,0.0,0.0,0.0,0.0,0.0,0.0,0.0,0.0,0.0,0.4110499906251127,0.0,0.31598386022707,0.0,0.2332579788649661,0.0,0.0,0.0,0.545138076184686,0.3906671178270932,0.0,0.0,0.1445536218307749,0.0,0.1989149647329325,0.590272188812852,0.4667226213088508,0.2987973370333566,0.2162632526118578,0.2814658872454764,0.2352028884880373,0.0,0.292238520231272,0.0,0.0,0.0,0.0,0.0550740507745359,0.0,0.0,0.0,0.1918251042309764,0.0,0.057771992948981,0.1175586473812383,0.0,0.0,0.0,0.1229947369594307,0.2616460266626009,0.0698973540708833,0.0,0.0,0.0,0.1943084139432822,0.3960040524061004,0.3050110018385264,0.3074758468455913,0.0936325142846492,0.193649201465768,0.0,0.0,0.5652346612692908
0.6637925643716739,0.0,0.0,0.0,0.0,0.0,0.0,0.0,0.0,0.0,0.0,0.0,0.0,0.0,0.0,0.6792988478575613,0.0,0.4406971553193426,0.0,0.0,0.5461940941878519,0.1561346567853057,0.0,0.3638994917163066,0.2945976419113651,0.2801309950970139,0.0,0.0,0.0,0.0,0.0,0.1752497091793523,0.0472095545061273,0.5253112221087006,0.0,0.0,0.0,0.0,0.2650121984050826,0.0092373854019853,0.3106485189136614,0.0,0.0,0.0,0.292238520231272,0.0,0.3661403507685385,0.0,0.0,0.0,0.3430183243857018,0.0,0.110222208749729,0.0,0.0,0.0,0.3462613446990393,0.4922525705939009,0.0,0.4649739378963446,0.6720071358349036,0.0,0.7959558046788135,0.0,0.5539891657277659,0.4615380139073733,0.6627474817166934,0.5937643646943209,0.5190645978236343,0.7566366131030294,0.536694241464151,0.4491919939497707,0.6356904376368634,0.6476122169146632,0.0,0.4726789336860638
0.101625991807954,0.4979647224235126,0.0,0.0,0.0,0.2723079994093643,0.0,0.0,0.0,0.0,0.0,0.0,0.0,0.0,0.382726238247455,0.3145965007343455,0.0,0.3051747784864263,0.0,0.4812958004297294,0.4107237464840926,0.5056477223579439,0.499563355717449,0.0,0.2010328159968566,0.5824733422582263,0.4217683913976616,0.0,0.1375194828863793,0.0,0.1873957531289867,0.0,0.0,0.2120356147104853,0.0,0.0,0.0,0.0,0.0,0.0,0.0258765652429269,0.0,0.0,0.0,0.0,0.3661403507685385,0.0,0.0,0.0,0.0,0.7427821229298422,0.3946977283682549,0.465358943043517,0.4316883871549099,0.2508869770187615,0.0,0.0,0.6802384426019374,0.0,0.5536670356813472,0.3808664484828483,0.5765682028144191,0.5364946735903676,0.0,0.5222238028656561,0.4854252550623538,0.6381429594096308,0.6330766670629857,0.0,0.5533513939038853,0.6683110380191519,0.6419986187932172,0.4394836801613618,0.3946047990705957,0.0,0.0843187764915678
