0.0,0.120817047499435,0.0,0.0,0.0,0.2145625341860468,0.0,0.1790970005418668,0.0,0.0,0.0,0.0,0.0,0.0,0.0532918990415042,0.221402844561877,0.0,0.2246163042577307,0.0,0.4269835028003911,0.3423900898430838,0.2560784139631904,0.0,0.1976850244285312,0.5206650290901079,0.154197098347947,0.1566399326905541,0.0899693276746469,0.5263997064039676,0.0,0.3370687011679098,0.0,0.1940755950423267,0.1439282169670102,0.0,0.0,0.0,0.0,0.0,0.2657526109686723,0.6124699210227338,0.0,0.0,0.0,0.0,0.857670135305527,0.0,0.0,0.0,0.0,0.0,0.0,0.0,0.0,0.0,0.0,0.0,0.0,0.0,0.0,0.0,0.0,0.0,0.0,0.0,0.3871607013835955,0.0,0.0,0.128225432871089,0.1188545488939252,0.0,0.0,0.0,0.0,0.0,0.0
0.120817047499435,0.0,0.0,0.0,0.1454503394061287,0.4200263228503704,0.3095890417258994,0.4388234912696153,0.2605133474623857,0.0,0.0,0.0,0.1045169453693694,0.0,0.0,0.4634021475868392,0.0,0.5153396888933468,0.0,0.0,0.0,0.232111651602608,0.200556068158158,0.0,0.4240947830630054,0.6019253859388666,0.3049102319242457,0.0463851290675408,0.0,0.0,0.2318056036486259,0.0131996068278646,0.0,0.3472723599658701,0.0959607103482917,0.0,0.0,0.0,0.3445099138537134,0.0,0.1579920284729493,0.420105305848728,0.0,0.0,0.0,0.0,0.0,0.0,0.0,0.0,0.0,0.0,0.0,0.0,0.0,0.0,0.0,0.0,0.0,0.0,0.0885590121759716,0.0,0.0,0.0,0.4336332040752734,0.1235340560600064,0.1838808879975542,0.1987020570473524,0.0,0.0,0.0,0.4616816411951039,0.0,0.1414211998306082,0.0,0.0
0.0,0.0,0.0,0.0,0.0,0.2292218766365971,0.0,0.0924129237997293,0.0482395658240711,0.5759472460067112,0.0177629482777438,0.0,0.0,0.0,0.0,0.0,0.0,0.0,0.4431607657770017,0.0,0.0,0.0,0.3002358201717648,0.0,0.0,0.0,0.3788669550258114,0.0542901913088645,0.0,0.0,0.0,0.0283977347304506,0.0,0.152521763673839,0.1719672987381879,0.0,0.0794125928839204,0.0,0.3139313597170098,0.0,0.0,0.0,0.2744116922144681,0.0,0.0,0.0,0.0,0.2346787322788773,0.0,0.0,0.324451753753071,0.0,0.0600313041915019,0.1584208635137627,0.0,0.0628823081412202,0.0,0.0,0.0,0.0,0.0,0.0,0.0,0.5087275209874166,0.0,0.0,0.0,0.3056668002826135,0.0,0.0,0.0,0.350635908607931,0.0,0.0,0.0,0.0
0.0,0.0,0.0,0.0,0.2183796285154497,0.0,0.3136727910369839,0.0234856940104124,0.0,0.0,0.0,0.0,0.4492487971567089,0.189422284759593,0.0,0.0,0.0,0.0,0.0,0.0,0.0,0.0,0.0,0.0,0.0,0.0,0.0,0.1648814787802353,0.0,0.0,0.0,0.0,0.0,0.0,0.0,0.3094304357076051,0.138433446532332,0.0,0.0,0.0,0.0,0.0,0.0,0.0,0.0,0.0,0.0,0.0,0.0,0.0,0.0,0.0,0.0,0.0,0.0,0.0,0.0,0.0,0.0,0.0,0.0,0.0,0.0,0.0,0.0,0.0,0.0,0.0,0.0,0.0,0.0,0.0,0.0,0.0,0.0,0.0
0.0,0.1454503394061287,0.0,0.2183796285154497,0.0,0.6763623054108427,0.6317840618746154,0.5135249739026749,0.8094733551620567,0.0,0.8181138250365606,0.0,0.6401062666747462,0.7392204165727302,0.0,0.0,0.0,0.0,0.2901213456381757,0.0272213778139846,0.0,0.0,0.3824066086732226,0.0,0.6576994252225552,0.0,0.621753069797568,0.0,0.3609814902571207,0.0,0.1717144879295384,0.0,0.4218814808372804,0.5439748033262799,0.0,0.0,0.0,0.6865638649081147,0.0,0.0,0.0,0.0,0.0,0.0,0.0,0.0,0.0,0.6321615907060897,0.0,0.0,0.0,0.0,0.4462588331966546,0.7181136315234695,0.0,0.7077310643794932,0.0,0.0,0.0,0.0,0.0,0.0,0.0,0.0,0.0,0.0,0.0,0.3222871289242933,0.0,0.0,0.0,0.4601914293226489,0.0,0.0,0.0,0.0
0.2145625341860468,0.4200263228503704,0.2292218766365971,0.0,0.6763623054108427,0.0,0.2453468558936125,0.7209814814680175,0.8502182188324381,0.0,0.8411335625982435,0.0,0.4671310806925616,0.6844129242111736,0.0,0.1417910915159807,0.0,0.6972318910082801,0.5945825011840019,0.0,0.0,0.0,0.8052916608541442,0.0,0.8130199399252198,0.831804904413174,0.855360930358429,0.0,0.0,0.0,0.0,0.0,0.3069402977321304,0.5946706118853797,0.0,0.0,0.0,0.0,0.5350974233074769,0.0,0.3886415660236404,0.6591038348459638,0.0,0.0,0.0,0.0,0.0,0.8453787652437377,0.0,0.0,0.8652437720871259,0.0,0.689941885829669,0.7634420924390822,0.0,0.8308232202813999,0.0,0.0,0.0,0.0,0.0,0.0,0.0,0.4209195547776959,0.6504598166097376,0.3769401544438818,0.3973175969584578,0.7628217890833252,0.0,0.0,0.0,0.7692729672844569,0.0,0.5406025567658986,0.0,0.2769175764401098
0.0,0.3095890417258994,0.0,0.3136727910369839,0.6317840618746154,0.2453468558936125,0.0,0.2990005737093124,0.4267015156337959,0.0,0.4077640987244874,0.0,0.537568735429333,0.4887973343868395,0.0,0.3612974418264593,0.0991083380446175,0.2164255831195733,0.0,0.3253944548777846,0.0,0.3855660754614037,0.0,0.1461178024393015,0.3894006083369911,0.1116476290893985,0.1489612995107078,0.0,0.6009218838319985,0.0,0.6345206536146963,0.0,0.3083775238058175,0.3819278483825972,0.0,0.0,0.0,0.2873188282275138,0.0,0.0,0.0,0.0,0.0,0.0,0.0,0.0,0.0,0.0,0.0,0.0,0.0476790460807249,0.0,0.0,0.0,0.0,0.0,0.0,0.0,0.0,0.0,0.0,0.0,0.0,0.0,0.0,0.0,0.0,0.0,0.0,0.0,0.0,0.1028376419247694,0.0,0.0,0.0,0.0
0.1790970005418668,0.4388234912696153,0.0924129237997293,0.0234856940104124,0.5135249739026749,0.7209814814680175,0.2990005737093124,0.0,0.5842974703354136,0.0,0.5632965950477916,0.0,0.4269985309783401,0.529469084123483,0.0,0.0655785054244817,0.0,0.4009018810881563,0.4334895563016626,0.0,0.0695783773461514,0.0,0.5528724809766021,0.421774113986718,0.4820440231033869,0.5904000996973607,0.5678403741862498,0.0,0.0350541922168226,0.0,0.0299787963994312,0.0,0.141520173693329,0.4062484508893327,0.0,0.0,0.0,0.0,0.3904684114364546,0.0,0.30291333133648,0.0,0.0,0.0,0.0,0.0,0.0,0.5962553117554941,0.0,0.5658024513741032,0.645942095752095,0.0,0.8626044306604933,0.4888687163750134,0.0,0.5752525613099724,0.0,0.0,0.2835529761929306,0.0,0.0,0.0,0.0,0.289671027345564,0.4189194849843087,0.4498088775323843,0.0,0.501893791876897,0.0,0.0,0.0,0.5303873950505467,0.0,0.2518619878520297,0.0,0.0
0.0,0.2605133474623857,0.0482395658240711,0.0,0.8094733551620567,0.8502182188324381,0.4267015156337959,0.5842974703354136,0.0,0.0,0.9709352201260976,0.0,0.432201849162622,0.6094872394627769,0.0,0.1070882714591924,0.0,0.0,0.5892449489487972,0.0,0.0,0.0,0.5858903834204917,0.0,0.0,0.0,0.8454754126841652,0.0,0.1422522882380572,0.0,0.0,0.0,0.3371735028764459,0.5353141993341702,0.0,0.0,0.0,0.7070343014938018,0.3544117980598065,0.0,0.0,0.0,0.0,0.0,0.0,0.0,0.0,0.8750343188932478,0.0,0.0,0.6620884333046096,0.0,0.5918853825360862,0.9198369175628838,0.0,0.9398182903280536,0.0,0.0,0.1927144153303792,0.0,0.0,0.0,0.0,0.323014147051593,0.0,0.0,0.0,0.5536792594951571,0.0,0.0,0.0,0.7217212655795185,0.0,0.0,0.0,0.0
0.0,0.0,0.5759472460067112,0.0,0.0,0.0,0.0,0.0,0.0,0.0,0.0,0.7160296519606714,0.0,0.0,0.0,0.0,0.1695078561952021,0.1150649231349017,0.1387480084259675,0.0,0.0,0.0,0.206253169660225,0.0662285977826087,0.0,0.0,0.0,0.3355497523556366,0.0,0.0,0.0,0.3765290151713234,0.0,0.0,0.4122250478035413,0.073159917260264,0.3973703071044614,0.0,0.2917421009750217,0.2216662552110672,0.0,0.0,0.0,0.0,0.0,0.0,0.0,0.0,0.0,0.0,0.0,0.0,0.0,0.0,0.8548961273839911,0.0,0.6994288171535754,0.0,0.0,0.0,0.0,0.926928232301664,0.7975377470294674,0.0,0.0,0.0,0.0,0.0,0.2797043860287007,0.2631123752685987,0.6161200523689717,0.0,0.8089824001050362,0.0,0.0,0.6305240633094744
0.0,0.0,0.0177629482777438,0.0,0.8181138250365606,0.8411335625982435,0.4077640987244874,0.5632965950477916,0.9709352201260976,0.0,0.0,0.0,0.3932450325678335,0.676620381230679,0.0,0.0,0.0,0.0,0.4805450682680189,0.0,0.0,0.0,0.6044276911901826,0.0,0.0,0.0,0.8270054335134699,0.0,0.0,0.0,0.0,0.0,0.3651535452146774,0.5919786019067209,0.0,0.0,0.0,0.6992582742003319,0.3809154742915949,0.0,0.0,0.0,0.0,0.0,0.0,0.0,0.0,0.8309898997303747,0.0,0.7809206894090481,0.6347131522260316,0.0,0.5712900243592218,0.8680422809930206,0.0,0.97943141124535,0.0,0.0,0.2069220846092982,0.0,0.0,0.0,0.0,0.2572600361298314,0.0,0.0,0.0,0.5812220953764867,0.0,0.0,0.0,0.7358996841986971,0.0,0.0,0.0,0.0
0.0,0.0,0.0,0.0,0.0,0.0,0.0,0.0,0.0,0.7160296519606714,0.0,0.0,0.0,0.0,0.0,0.0,0.0,0.0,0.0,0.0,0.0,0.0,0.0,0.0,0.0,0.0,0.0,0.5112959481605487,0.0,0.0,0.0,0.694666255383921,0.0,0.0,0.215927527315527,0.2536667356793801,0.7028026980707581,0.0,0.0,0.4614866126308311,0.0,0.0,0.0,0.0,0.0,0.0,0.0,0.0,0.0,0.0,0.0,0.0,0.0,0.0,0.932713686717586,0.0,0.970149461484978,0.0,0.0,0.0,0.0,0.6551704802515365,0.6718910792043787,0.0,0.0,0.0,0.0,0.0,0.258490032598226,0.1232595383858742,0.4242755397868744,0.0,0.0,0.0,0.0,0.1971750158852397
0.0,0.1045169453693694,0.0,0.4492487971567089,0.6401062666747462,0.4671310806925616,0.537568735429333,0.4269985309783401,0.432201849162622,0.0,0.3932450325678335,0.0,0.0,0.5165541796546441,0.0937942554139165,0.0951530566011513,0.2285424257718314,0.3380902048360751,0.1891182444592448,0.2833331528246942,0.3731505507194681,0.1002567688437136,0.1536133315311857,0.1786641012287959,0.4875058483745872,0.2128029731495274,0.2782118375006987,0.1902752309747841,0.5067331749419451,0.2970060357677741,0.1447455617852115,0.0,0.1978863263897328,0.0729912327117662,0.0,0.273839040912522,0.0,0.304600912623537,0.0,0.0,0.0,0.0,0.0,0.0,0.0,0.0,0.0,0.3178619326971384,0.0,0.0,0.2929251077076238,0.0,0.3762223420958503,0.0,0.0,0.0,0.0,0.0,0.0,0.0,0.0,0.0,0.0,0.0,0.0,0.0,0.0,0.0571381511197668,0.0,0.0,0.0,0.0858638105228493,0.0,0.323096984299049,0.0,0.0
0.0,0.0,0.0,0.189422284759593,0.7392204165727302,0.6844129242111736,0.4887973343868395,0.529469084123483,0.6094872394627769,0.0,0.676620381230679,0.0,0.5165541796546441,0.0,0.0,0.0,0.0,0.0,0.1524392820347254,0.0,0.0166994926723877,0.0,0.459663662622322,0.0,0.0,0.0,0.5424282986316181,0.0,0.0,0.0,0.1940375540646035,0.0,0.0,0.5286305899825845,0.0,0.1182432705008488,0.0,0.0,0.0,0.0,0.0,0.0,0.0,0.0,0.0,0.0,0.0,0.5799978904934384,0.0,0.0,0.0,0.0,0.0,0.5138985800576376,0.0,0.570946563517653,0.0,0.0,0.0,0.0,0.0,0.0,0.0,0.0,0.0,0.0,0.0,0.3879251997092737,0.0,0.0,0.0,0.0,0.0,0.0,0.0,0.0
0.0532918990415042,0.0,0.0,0.0,0.0,0.0,0.0,0.0,0.0,0.0,0.0,0.0,0.0937942554139165,0.0,0.0,0.0,0.0,0.0,0.0,0.4941270908356303,0.5637730127120814,0.2243082132631433,0.0,0.0,0.0,0.0,0.0,0.374264410267904,0.3135779771853361,0.0,0.0,0.3561371055190896,0.0,0.0,0.0,0.2989504021462384,0.0,0.0,0.0,0.2598197349073792,0.0,0.0,0.0,0.0,0.0,0.0,0.5557991939800405,0.0,0.0,0.0,0.0,0.0,0.0,0.0,0.0,0.0,0.0,0.0,0.0,0.509552711608641,0.0,0.0,0.0,0.0,0.0,0.1623123360485197,0.0,0.0,0.0,0.0,0.5390567815977112,0.0,0.3008660220938916,0.0,0.0,0.2222210558279212
0.221402844561877,0.4634021475868392,0.0,0.0,0.0,0.1417910915159807,0.3612974418264593,0.0655785054244817,0.1070882714591924,0.0,0.0,0.0,0.0951530566011513,0.0,0.0,0.0,0.0693951619424618,0.5169379922790135,0.0,0.1811178886674007,0.2060022986544608,0.5080583947565888,0.0,0.1703484307187083,0.3585473370152578,0.1860856469339351,0.2002080186931722,0.1753655297852499,0.4368522222258879,0.0,0.4526490384981515,0.1732163948351132,0.0589965820017344,0.2334276802076434,0.0673160927726832,0.0,0.0,0.0,0.1675727556360565,0.1881285014853747,0.1881153655451827,0.1961978319876722,0.0,0.0,0.0,0.1487145207244586,0.0,0.0,0.0,0.0,0.0,0.0,0.0,0.0,0.0,0.0,0.0,0.0,0.0,0.0,0.1930606091180098,0.0,0.1987022744520024,0.0,0.1792071559995033,0.226626834354214,0.0591452025138584,0.0,0.0,0.1236122704218091,0.0,0.0,0.0,0.0,0.0,0.0
0.0,0.0,0.0,0.0,0.0,0.0,0.0991083380446175,0.0,0.0,0.1695078561952021,0.0,0.0,0.2285424257718314,0.0,0.0,0.0693951619424618,0.0,0.7644729461182269,0.0,0.0,0.0,0.0,0.0,0.4979049313854762,0.6704281844858951,0.7897426244946412,0.0,0.0,0.0,0.0,0.0,0.0,0.3296028985932903,0.6262536592750281,0.0660595647584361,0.0,0.0,0.6748422769706741,0.0,0.0,0.2961237587213235,0.0,0.0,0.0,0.0,0.0,0.0,0.0,0.0,0.0,0.0,0.0,0.0,0.0,0.0,0.0,0.0,0.0,0.0,0.0,0.0,0.188821902515383,0.0,0.0,0.0,0.0,0.0,0.0,0.0427959608039214,0.1320216235024633,0.0896543341749759,0.0,0.0,0.0,0.0,0.0
0.2246163042577307,0.5153396888933468,0.0,0.0,0.0,0.6972318910082801,0.2164255831195733,0.4009018810881563,0.0,0.1150649231349017,0.0,0.0,0.3380902048360751,0.0,0.0,0.5169379922790135,0.7644729461182269,0.0,0.0,0.0,0.0,0.0,0.557235080234658,0.6258471979307435,0.7492439661819454,0.7659272638499046,0.6928335159092225,0.1343926116605307,0.0475597969008492,0.0,0.1130341286843316,0.0,0.2508341184465725,0.4990916119584687,0.0614555217891627,0.0,0.0,0.0,0.5403866020975429,0.0,0.3585984353900948,0.5774369935515201,0.0,0.0,0.0,0.1872978842196448,0.0,0.0,0.0,0.0,0.0,0.0,0.0,0.0,0.0,0.0,0.0,0.0,0.0,0.0,0.3870013978049426,0.143596722797854,0.1233386864796427,0.0,0.0,0.0,0.5190556851639214,0.0,0.1632140732970027,0.1654651943637337,0.0938475048426035,0.0,0.0,0.0,0.0,0.4159329007604748
0.0,0.0,0.4431607657770017,0.0,0.2901213456381757,0.5945825011840019,0.0,0.4334895563016626,0.5892449489487972,0.1387480084259675,0.4805450682680189,0.0,0.1891182444592448,0.1524392820347254,0.0,0.0,0.0,0.0,0.0,0.0,0.0,0.0,0.6191374668035414,0.0,0.0,0.0,0.698600929668068,0.0235775893045652,0.0,0.0,0.0,0.0,0.0,0.1711934652435419,0.0,0.0,0.0,0.0,0.5038440409388407,0.0,0.0,0.0,0.0,0.0,0.0,0.0,0.0,0.7167973287152942,0.0,0.0,0.6661897877030692,0.0,0.4939634920779642,0.6769767495945798,0.0,0.6105246641058074,0.0,0.0,0.0,0.0,0.0,0.0,0.0,0.6878746706445855,0.0,0.0,0.0,0.6245299907581846,0.0,0.0,0.0,0.5889326499282349,0.0,0.0,0.0,0.0
0.4269835028003911,0.0,0.0,0.0,0.0272213778139846,0.0,0.3253944548777846,0.0,0.0,0.0,0.0,0.0,0.2833331528246942,0.0,0.4941270908356303,0.1811178886674007,0.0,0.0,0.0,0.0,0.7154428440070687,0.7321740674268922,0.0,0.0,0.0,0.0,0.0,0.245522234533929,0.7646066317729326,0.8371485805071179,0.4672075696156468,0.1919003025873624,0.0,0.0,0.0,0.1830724165215902,0.2284849876244299,0.0,0.0,0.4619021934474494,0.1915679311276581,0.0,0.0,0.0,0.0,0.0,0.0,0.0,0.0,0.0,0.0,0.0,0.0,0.0,0.0,0.0,0.0,0.0,0.0,0.0,0.0,0.0,0.0,0.0,0.0,0.3198718286967916,0.0,0.0,0.0,0.0,0.0,0.0,0.0,0.0,0.0,0.0
0.3423900898430838,0.0,0.0,0.0,0.0,0.0,0.0,0.0695783773461514,0.0,0.0,0.0,0.0,0.3731505507194681,0.0166994926723877,0.5637730127120814,0.2060022986544608,0.0,0.0,0.0,0.7154428440070687,0.0,0.5728709195000269,0.0,0.0,0.0665516118041587,0.0,0.0,0.2565504851751021,0.7590597667361753,0.6613684678283365,0.3308706441153222,0.2186396796796589,0.0,0.0,0.0,0.1875761984799141,0.0,0.0,0.0,0.2159346962111521,0.2234374210848695,0.0,0.0,0.0,0.0,0.3357708630893337,0.0,0.0,0.0,0.0,0.0,0.0,0.0920035074431599,0.0,0.0,0.0,0.0,0.0,0.0,0.0,0.0,0.0,0.0,0.0,0.0,0.690981714957879,0.0,0.0,0.0,0.1846621442458302,0.0,0.0,0.0,0.0,0.0,0.0
0.2560784139631904,0.232111651602608,0.0,0.0,0.0,0.0,0.3855660754614037,0.0,0.0,0.0,0.0,0.0,0.1002567688437136,0.0,0.2243082132631433,0.5080583947565888,0.0,0.0,0.0,0.7321740674268922,0.5728709195000269,0.0,0.0,0.0,0.0,0.0,0.0,0.3135662816709746,0.6407713440186745,0.5264655814675155,0.5887183890860087,0.3592707789294986,0.0,0.0,0.0,0.1070194675260375,0.2054145963522452,0.0,0.0,0.3874566543172267,0.0680155630349204,0.0,0.0,0.0,0.0,0.1384388603863606,0.0,0.0,0.0,0.0,0.0,0.0,0.0,0.0,0.0,0.0,0.0,0.0,0.0,0.0,0.0,0.0,0.0,0.0,0.0,0.3022466825401385,0.0,0.0,0.0,0.0,0.0,0.0,0.0,0.0,0.0,0.0
0.0,0.200556068158158,0.3002358201717648,0.0,0.3824066086732226,0.8052916608541442,0.0,0.5528724809766021,0.5858903834204917,0.206253169660225,0.6044276911901826,0.0,0.1536133315311857,0.459663662622322,0.0,0.0,0.0,0.557235080234658,0.6191374668035414,0.0,0.0,0.0,0.0,0.4386754478615118,0.576329151910136,0.7666001096495795,0.7754272478966219,0.0,0.0,0.0,0.0,0.0,0.2034866942215772,0.3896003904005407,0.0716000656187938,0.0,0.0,0.0,0.6731748449990325,0.0,0.1428638130610999,0.5640851927668207,0.0246579528848728,0.0,0.0,0.0,0.273889829196444,0.8461977591257612,0.0,0.2779193173695268,0.8223237748771463,0.0,0.5376568706670433,0.6175619698553861,0.0,0.65222110861448,0.0,0.2054862034013076,0.0041348441852294,0.3260593022763759,0.0,0.0,0.0,0.5679230840247413,0.6891330665830536,0.0752450225135203,0.640012192908347,1.0,0.0,0.0,0.4713618510366195,0.7269764224191809,0.0874546991230122,0.5326209314733255,0.8550377479596315,0.5977508588110574
0.1976850244285312,0.0,0.0,0.0,0.0,0.0,0.1461178024393015,0.421774113986718,0.0,0.0662285977826087,0.0,0.0,0.1786641012287959,0.0,0.0,0.1703484307187083,0.4979049313854762,0.6258471979307435,0.0,0.0,0.0,0.0,0.4386754478615118,0.0,0.5339284780871143,0.6737291875005784,0.4013019705241632,0.0510157943894417,0.0,0.0,0.1172052056468015,0.0,0.3130254053065852,0.4034353618294237,0.0581846147358335,0.0,0.0,0.3604263892528341,0.4486924145794555,0.0,0.3565744212808143,0.0,0.0,0.0,0.4337378101963904,0.1763564141593861,0.0,0.0,0.0,0.0,0.0,0.0,0.0,0.0,0.0,0.0,0.0,0.0,0.0,0.0,0.2055940911577112,0.1177309452740926,0.0713783945639865,0.0,0.0,0.0,0.0,0.0,0.5302617648236669,0.1392728597228296,0.1715601348878644,0.0,0.0,0.0,0.0,0.289513651833078
0.5206650290901079,0.4240947830630054,0.0,0.0,0.6576994252225552,0.8130199399252198,0.3894006083369911,0.4820440231033869,0.0,0.0,0.0,0.0,0.4875058483745872,0.0,0.0,0.3585473370152578,0.6704281844858951,0.7492439661819454,0.0,0.0,0.0665516118041587,0.0,0.576329151910136,0.5339284780871143,0.0,0.7311643209831136,0.7305165275610177,0.0,0.2680406855561055,0.0,0.0862266136991635,0.0,0.4154081631715956,0.4852981354802493,0.0,0.0,0.0,0.6292225952744465,0.4216498956375875,0.0,0.5529035889557015,0.5804444970515533,0.0,0.0,0.0,0.4716278288866372,0.0,0.0,0.0,0.0,0.0,0.0,0.0,0.0,0.0,0.0,0.0,0.0,0.0,0.0,0.1808205084765392,0.0,0.0,0.0,0.5086544087224141,0.4320468560347263,0.2280559830412888,0.0,0.1449798268143655,0.3450144099514285,0.0256275541332699,0.0,0.0,0.0,0.0,0.2724656173398492
0.154197098347947,0.6019253859388666,0.0,0.0,0.0,0.831804904413174,0.1116476290893985,0.5904000996973607,0.0,0.0,0.0,0.0,0.2128029731495274,0.0,0.0,0.1860856469339351,0.7897426244946412,0.7659272638499046,0.0,0.0,0.0,0.0,0.7666001096495795,0.6737291875005784,0.7311643209831136,0.0,0.7330752042435751,0.0,0.0,0.0,0.0,0.0,0.2859685919378543,0.4845065227868397,0.0125677864168856,0.0,0.0,0.5872502958430418,0.5921928194195464,0.0,0.3220452618911069,0.6755937014025845,0.0,0.0,0.6223859902942582,0.0725225805331739,0.0,0.0,0.0,0.0,0.0,0.0,0.0,0.0,0.0,0.0,0.0,0.0,0.0,0.0673202475181162,0.2941597889505637,0.0,0.0,0.0,0.7142334779993452,0.2366470521543731,0.5166480403873197,0.733107148349058,0.1913302861685316,0.1846341106427262,0.0887804115931343,0.7677214273970464,0.0,0.4023112505317371,0.0,0.3601912348922408
0.1566399326905541,0.3049102319242457,0.3788669550258114,0.0,0.621753069797568,0.855360930358429,0.1489612995107078,0.5678403741862498,0.8454754126841652,0.0,0.8270054335134699,0.0,0.2782118375006987,0.5424282986316181,0.0,0.2002080186931722,0.0,0.6928335159092225,0.698600929668068,0.0,0.0,0.0,0.7754272478966219,0.4013019705241632,0.7305165275610177,0.7330752042435751,0.0,0.0,0.0,0.0,0.0,0.0,0.2041476105926079,0.5810659615590661,0.0,0.0,0.0,0.0,0.4855754053068538,0.0,0.2441564009448346,0.605106509596661,0.0,0.0,0.0,0.0,0.0,0.878042819979631,0.0,0.0,0.8014723295744124,0.0,0.5800432185008872,0.7997114580753557,0.0,0.8336292654151695,0.0,0.0135242086341936,0.1357308006740072,0.179837788752494,0.0,0.0,0.0,0.5349085666658743,0.8188164900371434,0.3336718676842851,0.5307160098702494,0.7686492753304701,0.0,0.0,0.1030139335665137,0.9149994003425508,0.0,0.6926465698144982,0.8274670505904965,0.3172612521850041
0.0899693276746469,0.0463851290675408,0.0542901913088645,0.1648814787802353,0.0,0.0,0.0,0.0,0.0,0.3355497523556366,0.0,0.5112959481605487,0.1902752309747841,0.0,0.374264410267904,0.1753655297852499,0.0,0.1343926116605307,0.0235775893045652,0.245522234533929,0.2565504851751021,0.3135662816709746,0.0,0.0510157943894417,0.0,0.0,0.0,0.0,0.2378200328592813,0.2028575538084949,0.1011955123911926,0.4918732014609541,0.0,0.0,0.0550519921753585,0.4122206073021339,0.3518714293729684,0.0,0.0582775051400103,0.0,0.0,0.0,0.2196717662970801,0.0,0.0,0.0,0.0,0.0,0.0,0.0,0.0,0.0,0.0,0.0,0.0,0.0,0.0,0.0,0.0,0.3162350833190377,0.0,0.0,0.0,0.0,0.0,0.0605725943793778,0.0,0.0,0.0,0.0,0.0,0.0,0.6006535711431583,0.0636843088504605,0.0,0.2776727817622572
0.5263997064039676,0.0,0.0,0.0,0.3609814902571207,0.0,0.6009218838319985,0.0350541922168226,0.1422522882380572,0.0,0.0,0.0,0.5067331749419451,0.0,0.3135779771853361,0.4368522222258879,0.0,0.0475597969008492,0.0,0.7646066317729326,0.7590597667361753,0.6407713440186745,0.0,0.0,0.2680406855561055,0.0,0.0,0.2378200328592813,0.0,0.6889736389832519,0.5648423345763844,0.0887358139753676,0.1223740916120441,0.0,0.0,0.1617790615947069,0.0328086422957116,0.0,0.0,0.0,0.3720139533935525,0.0,0.0,0.0,0.0,0.0,0.0,0.0,0.0,0.0,0.0,0.0,0.0,0.0,0.0,0.0,0.0,0.0,0.0,0.0,0.0,0.0,0.0,0.0,0.0,0.5966249414443632,0.0,0.0,0.0,0.0,0.0,0.0,0.0,0.1764794511290022,0.0,0.0
0.0,0.0,0.0,0.0,0.0,0.0,0.0,0.0,0.0,0.0,0.0,0.0,0.2970060357677741,0.0,0.0,0.0,0.0,0.0,0.0,0.8371485805071179,0.6613684678283365,0.5264655814675155,0.0,0.0,0.0,0.0,0.0,0.2028575538084949,0.6889736389832519,0.0,0.4440648097111909,0.0920968391397695,0.0,0.0,0.0,0.0,0.0,0.0,0.0,0.0,0.0,0.0,0.0,0.0,0.0,0.0,0.0,0.0,0.0,0.0,0.0,0.0,0.0,0.0,0.0,0.0,0.0,0.0,0.0,0.0,0.0,0.0,0.0,0.0,0.0,0.0,0.0,0.0,0.0,0.0,0.0,0.0,0.0,0.0,0.0,0.0
0.3370687011679098,0.2318056036486259,0.0,0.0,0.1717144879295384,0.0,0.6345206536146963,0.0299787963994312,0.0,0.0,0.0,0.0,0.1447455617852115,0.1940375540646035,0.0,0.4526490384981515,0.0,0.1130341286843316,0.0,0.4672075696156468,0.3308706441153222,0.5887183890860087,0.0,0.1172052056468015,0.0862266136991635,0.0,0.0,0.1011955123911926,0.5648423345763844,0.4440648097111909,0.0,0.104990404510537,0.1343417895799956,0.2907433814433087,0.0,0.0,0.0171790948176154,0.0143753745962126,0.0,0.3445027431247251,0.381577776382251,0.0,0.0,0.0,0.0,0.25557196901294,0.0,0.0,0.0,0.0,0.0,0.0,0.0,0.0,0.0,0.0,0.0,0.0,0.0,0.0,0.0,0.0,0.0,0.0,0.0,0.250853338704171,0.0,0.0,0.0602961310472881,0.0,0.0,0.0,0.0,0.0,0.0,0.0
0.0,0.0131996068278646,0.0283977347304506,0.0,0.0,0.0,0.0,0.0,0.0,0.3765290151713234,0.0,0.694666255383921,0.0,0.0,0.3561371055190896,0.1732163948351132,0.0,0.0,0.0,0.1919003025873624,0.2186396796796589,0.3592707789294986,0.0,0.0,0.0,0.0,0.0,0.4918732014609541,0.0887358139753676,0.0920968391397695,0.104990404510537,0.0,0.0,0.0,0.2918642979678906,0.2480280706382256,0.5268969822896235,0.0,0.2176947351653945,0.3599027392380956,0.0,0.0,0.3326647013525248,0.4159540913704748,0.0,0.0,0.3117507893217652,0.0,0.0,0.0,0.0,0.0,0.0,0.0,0.5967565592877929,0.0,0.6418751027639586,0.3396221349752306,0.0,0.3488433689969139,0.0132737739739487,0.0,0.3718499581011879,0.0128814689072558,0.0,0.0,0.0,0.0,0.1942126752284371,0.1260645164578471,0.1791115797281737,0.0,0.5484622634789877,0.0,0.0,0.0680478918401699
0.1940755950423267,0.0,0.0,0.0,0.4218814808372804,0.3069402977321304,0.3083775238058175,0.141520173693329,0.3371735028764459,0.0,0.3651535452146774,0.0,0.1978863263897328,0.0,0.0,0.0589965820017344,0.3296028985932903,0.2508341184465725,0.0,0.0,0.0,0.0,0.2034866942215772,0.3130254053065852,0.4154081631715956,0.2859685919378543,0.2041476105926079,0.0,0.1223740916120441,0.0,0.1343417895799956,0.0,0.0,0.406036894263224,0.0240202743677741,0.0,0.0,0.473342969032784,0.1871078441931466,0.1002366972359813,0.3817442724597646,0.397447089492243,0.0,0.0,0.2072404523435635,0.3164473870619445,0.0,0.0,0.0,0.0,0.0,0.0,0.0,0.0,0.0,0.0,0.0,0.0,0.0,0.0,0.2152218443497513,0.0,0.0,0.0,0.1284210905849919,0.1178714893434852,0.1209672132702918,0.1855417572030852,0.222170402428937,0.1674058064652055,0.0239998242138969,0.1806844583820482,0.0,0.2015595945871955,0.0,0.0688483081147565
0.1439282169670102,0.3472723599658701,0.152521763673839,0.0,0.5439748033262799,0.5946706118853797,0.3819278483825972,0.4062484508893327,0.5353141993341702,0.0,0.5919786019067209,0.0,0.0729912327117662,0.5286305899825845,0.0,0.2334276802076434,0.6262536592750281,0.4990916119584687,0.1711934652435419,0.0,0.0,0.0,0.3896003904005407,0.4034353618294237,0.4852981354802493,0.4845065227868397,0.5810659615590661,0.0,0.0,0.0,0.2907433814433087,0.0,0.406036894263224,0.0,0.0361730291466108,0.0,0.0,0.6337483098601472,0.384934979991977,0.0,0.4017917527536735,0.8838589944168408,0.0,0.0,0.3840988134968703,0.0834233546207174,0.0,0.0,0.0,0.0,0.4452261469565094,0.0,0.3718199910437804,0.0,0.0,0.0,0.0,0.0,0.0,0.0,0.0974235571089834,0.0,0.0,0.0,0.5021701969308959,0.1442872234997832,0.2779136328302445,0.379835013190102,0.0,0.0,0.0,0.5562541997005579,0.0,0.2908596351796308,0.0,0.008477935425733
0.0,0.0959607103482917,0.1719672987381879,0.0,0.0,0.0,0.0,0.0,0.0,0.4122250478035413,0.0,0.215927527315527,0.0,0.0,0.0,0.0673160927726832,0.0660595647584361,0.0614555217891627,0.0,0.0,0.0,0.0,0.0716000656187938,0.0581846147358335,0.0,0.0125677864168856,0.0,0.0550519921753585,0.0,0.0,0.0,0.2918642979678906,0.0240202743677741,0.0361730291466108,0.0,0.0,0.1836823753242278,0.0,0.2829017762625916,0.0629514155522292,0.0,0.1888227103681393,0.4226221100476832,0.3640575963790608,0.0,0.0,0.0902624621593792,0.0,0.0,0.0,0.0,0.0,0.0,0.0,0.0,0.0,0.2145586483330026,0.0,0.0,0.2337836673997469,0.2422415380645188,0.0,0.2618669687675694,0.0,0.2295384118268751,0.0,0.2566380879238297,0.094516560610144,0.0,0.0,0.0,0.1457437614390494,0.0,0.1098426999962368,0.0,0.0
0.0,0.0,0.0,0.3094304357076051,0.0,0.0,0.0,0.0,0.0,0.073159917260264,0.0,0.2536667356793801,0.273839040912522,0.1182432705008488,0.2989504021462384,0.0,0.0,0.0,0.0,0.1830724165215902,0.1875761984799141,0.1070194675260375,0.0,0.0,0.0,0.0,0.0,0.4122206073021339,0.1617790615947069,0.0,0.0,0.2480280706382256,0.0,0.0,0.0,0.0,0.3881950862939932,0.0,0.0,0.297197279846917,0.0445473270331066,0.0,0.043239909712389,0.192717425850511,0.0,0.0,0.0,0.0,0.0,0.0,0.0,0.3093128284244373,0.0196126692999843,0.0,0.0,0.0,0.2746714712393815,0.0790201583250826,0.0,0.0,0.0,0.0,0.0,0.0,0.0,0.0,0.0,0.0,0.0,0.0,0.0,0.0,0.2009945205660842,0.0,0.0,0.0
0.0,0.0,0.0794125928839204,0.138433446532332,0.0,0.0,0.0,0.0,0.0,0.3973703071044614,0.0,0.7028026980707581,0.0,0.0,0.0,0.0,0.0,0.0,0.0,0.2284849876244299,0.0,0.2054145963522452,0.0,0.0,0.0,0.0,0.0,0.3518714293729684,0.0328086422957116,0.0,0.0171790948176154,0.5268969822896235,0.0,0.0,0.1836823753242278,0.3881950862939932,0.0,0.0,0.0,0.0,0.0,0.0,0.0,0.0,0.0,0.0,0.0,0.0,0.0,0.0,0.0,0.0,0.0,0.0,0.0,0.0,0.0,0.0,0.0,0.0,0.0,0.0,0.0,0.0,0.0,0.0,0.0,0.0,0.0,0.0,0.0,0.0,0.0,0.0,0.0,0.0
0.0,0.0,0.0,0.0,0.6865638649081147,0.0,0.2873188282275138,0.0,0.7070343014938018,0.0,0.6992582742003319,0.0,0.304600912623537,0.0,0.0,0.0,0.6748422769706741,0.0,0.0,0.0,0.0,0.0,0.0,0.3604263892528341,0.6292225952744465,0.5872502958430418,0.0,0.0,0.0,0.0,0.0143753745962126,0.0,0.473342969032784,0.6337483098601472,0.0,0.0,0.0,0.0,0.3698398622214532,0.0,0.4717784147696899,0.728227718886935,0.0,0.0,0.6238926663130258,0.0,0.0,0.0,0.0,0.0,0.0,0.0,0.0,0.0,0.0,0.0,0.0,0.0,0.0,0.0,0.0,0.0,0.0,0.0,0.0,0.0,0.0,0.0,0.0,0.0,0.0,0.0,0.0,0.0,0.0,0.0
0.0,0.3445099138537134,0.3139313597170098,0.0,0.0,0.5350974233074769,0.0,0.3904684114364546,0.3544117980598065,0.2917421009750217,0.3809154742915949,0.0,0.0,0.0,0.0,0.1675727556360565,0.0,0.5403866020975429,0.5038440409388407,0.0,0.0,0.0,0.6731748449990325,0.4486924145794555,0.4216498956375875,0.5921928194195464,0.4855754053068538,0.0582775051400103,0.0,0.0,0.0,0.2176947351653945,0.1871078441931466,0.384934979991977,0.2829017762625916,0.0,0.0,0.3698398622214532,0.0,0.0,0.0565298894147165,0.5638617858838211,0.2630665348327352,0.1064488036501658,0.5147681218778223,0.0,0.1992209288261422,0.5370052808076263,0.0,0.1473222046054702,0.6492184090793152,0.0,0.508131163585466,0.3700471071759054,0.0,0.364095355556081,0.0,0.3587941811302123,0.143780269109453,0.323799185397729,0.4491128062107457,0.3407749150318632,0.2769719163043166,0.5871123302503447,0.5293487679618547,0.0310390418284619,0.5246865782657819,0.6638629083575389,0.237625870838667,0.2822004440794534,0.3489830855657546,0.5438212860709134,0.341474986090118,0.4707336551115118,0.5408618883210226,0.503968113783282
0.2657526109686723,0.0,0.0,0.0,0.0,0.0,0.0,0.0,0.0,0.2216662552110672,0.0,0.4614866126308311,0.0,0.0,0.2598197349073792,0.1881285014853747,0.0,0.0,0.0,0.4619021934474494,0.2159346962111521,0.3874566543172267,0.0,0.0,0.0,0.0,0.0,0.0,0.0,0.0,0.3445027431247251,0.3599027392380956,0.1002366972359813,0.0,0.0629514155522292,0.297197279846917,0.0,0.0,0.0,0.0,0.1042030562233119,0.0,0.1536553203427006,0.3165632741351196,0.0,0.3060444380704685,0.0777501562645739,0.0,0.0,0.0,0.0,0.7428431401767699,0.0,0.0,0.4997997025988606,0.0,0.5002212693532087,0.1915389809039488,0.0,0.0,0.0723126553129557,0.2443735596951211,0.2999413828150812,0.0,0.0,0.0,0.0,0.0,0.3438304568795589,0.1488965707347664,0.0527874193188136,0.0,0.2319910751676903,0.0,0.0,0.0
0.6124699210227338,0.1579920284729493,0.0,0.0,0.0,0.3886415660236404,0.0,0.30291333133648,0.0,0.0,0.0,0.0,0.0,0.0,0.0,0.1881153655451827,0.2961237587213235,0.3585984353900948,0.0,0.1915679311276581,0.2234374210848695,0.0680155630349204,0.1428638130610999,0.3565744212808143,0.5529035889557015,0.3220452618911069,0.2441564009448346,0.0,0.3720139533935525,0.0,0.381577776382251,0.0,0.3817442724597646,0.4017917527536735,0.0,0.0445473270331066,0.0,0.4717784147696899,0.0565298894147165,0.1042030562233119,0.0,0.3639457751704604,0.0,0.0,0.3145995721383338,0.6219452277654405,0.0,0.2880124856700736,0.2735784523626925,0.5887027612462651,0.2022646934515765,0.0,0.2068039497779738,0.319235750538573,0.0,0.2616764796577874,0.0,0.0,0.2258092155119091,0.0,0.0,0.0,0.0,0.0,0.0322802708160274,0.3727643184503727,0.0,0.0724704032815749,0.1041590279001195,0.0257673543221344,0.0,0.130416503563568,0.0,0.2553728338880296,0.3242509811297823,0.0587621502469884
0.0,0.420105305848728,0.0,0.0,0.0,0.6591038348459638,0.0,0.0,0.0,0.0,0.0,0.0,0.0,0.0,0.0,0.1961978319876722,0.0,0.5774369935515201,0.0,0.0,0.0,0.0,0.5640851927668207,0.0,0.5804444970515533,0.6755937014025845,0.605106509596661,0.0,0.0,0.0,0.0,0.0,0.397447089492243,0.8838589944168408,0.1888227103681393,0.0,0.0,0.728227718886935,0.5638617858838211,0.0,0.3639457751704604,0.0,0.0785145474501789,0.0,0.6351211590138096,0.0628085739704338,0.0,0.5090791509050367,0.0,0.4705087783281474,0.5906598416381661,0.0,0.4610072907883527,0.3953763886731588,0.0,0.4535654379319572,0.0,0.0,0.0,0.0,0.2086298875839639,0.0,0.0,0.271724704098139,0.6266376241510518,0.103198973915532,0.4187564291215175,0.5284200819042765,0.0724449918315942,0.0,0.0,0.6593861358739912,0.0,0.4337349889356425,0.7522838422710517,0.1986114767648533
0.0,0.0,0.2744116922144681,0.0,0.0,0.0,0.0,0.0,0.0,0.0,0.0,0.0,0.0,0.0,0.0,0.0,0.0,0.0,0.0,0.0,0.0,0.0,0.0246579528848728,0.0,0.0,0.0,0.0,0.2196717662970801,0.0,0.0,0.0,0.3326647013525248,0.0,0.0,0.4226221100476832,0.043239909712389,0.0,0.0,0.2630665348327352,0.1536553203427006,0.0,0.0785145474501789,0.0,0.616356425194274,0.0,0.0,0.0,0.0,0.1468266327322119,0.0,0.0202519655367727,0.2189373566270124,0.0,0.0,0.4957409399365833,0.0,0.4195137729970262,0.586484405016398,0.2755174044670131,0.3923622483960652,0.0,0.4030248876740376,0.0,0.2316282679555223,0.1153312874728493,0.0,0.2441853732943715,0.0444683408622764,0.1327563394390711,0.0,0.0283314090619439,0.0207714561518326,0.5895704961603655,0.0,0.0,0.1453421926922975
0.0,0.0,0.0,0.0,0.0,0.0,0.0,0.0,0.0,0.0,0.0,0.0,0.0,0.0,0.0,0.0,0.0,0.0,0.0,0.0,0.0,0.0,0.0,0.0,0.0,0.0,0.0,0.0,0.0,0.0,0.0,0.4159540913704748,0.0,0.0,0.3640575963790608,0.192717425850511,0.0,0.0,0.1064488036501658,0.3165632741351196,0.0,0.0,0.616356425194274,0.0,0.0,0.0,0.0,0.0,0.0981448372527367,0.0,0.0,0.4742340501205024,0.0,0.0,0.6707908009375809,0.0,0.6462243197959516,0.6210885821054118,0.0,0.0,0.0,0.0,0.0,0.096702233860703,0.0,0.0,0.0,0.0,0.0,0.0,0.0,0.0,0.6258528022084313,0.0,0.0,0.1946976592704865
0.0,0.0,0.0,0.0,0.0,0.0,0.0,0.0,0.0,0.0,0.0,0.0,0.0,0.0,0.0,0.0,0.0,0.0,0.0,0.0,0.0,0.0,0.0,0.4337378101963904,0.0,0.6223859902942582,0.0,0.0,0.0,0.0,0.0,0.0,0.2072404523435635,0.3840988134968703,0.0,0.0,0.0,0.6238926663130258,0.5147681218778223,0.0,0.3145995721383338,0.6351211590138096,0.0,0.0,0.0,0.239271912509406,0.0,0.0,0.0,0.0,0.0,0.0,0.0,0.559372427554727,0.0,0.581434064854874,0.0,0.0,0.0,0.0,0.0,0.1380672779932625,0.0,0.0,0.0,0.0,0.0,0.0,0.1624293949518732,0.2259535664186475,0.2440818612013977,0.0,0.0,0.0,0.0,0.5218675906773654
0.857670135305527,0.0,0.0,0.0,0.0,0.0,0.0,0.0,0.0,0.0,0.0,0.0,0.0,0.0,0.0,0.1487145207244586,0.0,0.1872978842196448,0.0,0.0,0.3357708630893337,0.1384388603863606,0.0,0.1763564141593861,0.4716278288866372,0.0725225805331739,0.0,0.0,0.0,0.0,0.25557196901294,0.0,0.3164473870619445,0.0834233546207174,0.0,0.0,0.0,0.0,0.0,0.3060444380704685,0.6219452277654405,0.0628085739704338,0.0,0.0,0.239271912509406,0.0,0.0,0.0,0.0,0.0,0.0436205161700781,0.0,0.0,0.0,0.0,0.0,0.0,0.0,0.0,0.0,0.0,0.0,0.0,0.0,0.0,0.2959561033063317,0.0,0.0,0.1497962496985758,0.1870378590362578,0.06384732974261,0.0,0.0,0.2558956288397244,0.0,0.1506454308480699
0.0,0.0,0.0,0.0,0.0,0.0,0.0,0.0,0.0,0.0,0.0,0.0,0.0,0.0,0.5557991939800405,0.0,0.0,0.0,0.0,0.0,0.0,0.0,0.273889829196444,0.0,0.0,0.0,0.0,0.0,0.0,0.0,0.0,0.3117507893217652,0.0,0.0,0.0902624621593792,0.0,0.0,0.0,0.1992209288261422,0.0777501562645739,0.0,0.0,0.0,0.0,0.0,0.0,0.0,0.0,0.0,0.0,0.0628337450868014,0.131882885361604,0.0,0.0,0.6463973870281979,0.0,0.0,0.5165991504256029,0.0,0.7233976643922898,0.4755761985748037,0.7639390096920902,0.6042273497431464,0.0,0.0,0.0,0.3804115920163767,0.263140583541641,0.0,0.3894829318978892,0.8882696660403246,0.0,0.5961034129368566,0.0840256393201265,0.0,0.6232887632412698
0.0,0.0,0.2346787322788773,0.0,0.6321615907060897,0.8453787652437377,0.0,0.5962553117554941,0.8750343188932478,0.0,0.8309898997303747,0.0,0.3178619326971384,0.5799978904934384,0.0,0.0,0.0,0.0,0.7167973287152942,0.0,0.0,0.0,0.8461977591257612,0.0,0.0,0.0,0.878042819979631,0.0,0.0,0.0,0.0,0.0,0.0,0.0,0.0,0.0,0.0,0.0,0.5370052808076263,0.0,0.2880124856700736,0.5090791509050367,0.0,0.0,0.0,0.0,0.0,0.0,0.0,0.5469662132134895,0.7808583239860882,0.0,0.6031540071351204,0.882599682428502,0.0,0.8906052597439782,0.0,0.0,0.0490599018969239,0.0,0.0,0.0,0.0,0.5219402061416811,0.0,0.0,0.0,0.8290710748299298,0.0,0.0,0.0,0.7718369626905831,0.0,0.5570683715090025,0.8433696150020993,0.4462253608851669
0.0,0.0,0.0,0.0,0.0,0.0,0.0,0.0,0.0,0.0,0.0,0.0,0.0,0.0,0.0,0.0,0.0,0.0,0.0,0.0,0.0,0.0,0.0,0.0,0.0,0.0,0.0,0.0,0.0,0.0,0.0,0.0,0.0,0.0,0.0,0.0,0.0,0.0,0.0,0.0,0.2735784523626925,0.0,0.1468266327322119,0.0981448372527367,0.0,0.0,0.0,0.0,0.0,0.1187378048158361,0.0,0.503162913434669,0.0579086894734566,0.0,0.0,0.0,0.0,0.1222337974976104,0.334096311113661,0.0,0.0,0.0,0.0,0.0,0.0,0.0,0.0,0.0,0.0,0.0,0.0,0.0,0.0387383253127743,0.0,0.0,0.0
0.0,0.0,0.0,0.0,0.0,0.0,0.0,0.5658024513741032,0.0,0.0,0.7809206894090481,0.0,0.0,0.0,0.0,0.0,0.0,0.0,0.0,0.0,0.0,0.0,0.2779193173695268,0.0,0.0,0.0,0.0,0.0,0.0,0.0,0.0,0.0,0.0,0.0,0.0,0.0,0.0,0.0,0.1473222046054702,0.0,0.5887027612462651,0.4705087783281474,0.0,0.0,0.0,0.0,0.0,0.5469662132134895,0.1187378048158361,0.0,0.4447783492895874,0.0,0.5059438517264254,0.6611659452741298,0.0,0.6682776560306666,0.0,0.0,0.3910273867910188,0.0,0.0,0.0,0.0,0.0,0.0,0.0,0.0,0.2062257231376636,0.0,0.0,0.0,0.4366260011238565,0.0,0.0,0.0,0.0
0.0,0.0,0.324451753753071,0.0,0.0,0.8652437720871259,0.0476790460807249,0.645942095752095,0.6620884333046096,0.0,0.6347131522260316,0.0,0.2929251077076238,0.0,0.0,0.0,0.0,0.0,0.6661897877030692,0.0,0.0,0.0,0.8223237748771463,0.0,0.0,0.0,0.8014723295744124,0.0,0.0,0.0,0.0,0.0,0.0,0.4452261469565094,0.0,0.0,0.0,0.0,0.6492184090793152,0.0,0.2022646934515765,0.5906598416381661,0.0202519655367727,0.0,0.0,0.0436205161700781,0.0628337450868014,0.7808583239860882,0.0,0.4447783492895874,0.0,0.0,0.7061603593369752,0.6463831619916552,0.0,0.6389127408483241,0.0,0.3026599461839416,0.131924735847713,0.1901761946169784,0.2578876844752873,0.1452040489905737,0.0,0.57609109340452,0.7102299821299642,0.2330121285656005,0.470838118579692,0.8201562238232544,0.0,0.425201259092771,0.2297721530867441,0.8068071131874318,0.0,0.6558113400390966,0.7962540216399848,0.3785759914137103
0.0,0.0,0.0,0.0,0.0,0.0,0.0,0.0,0.0,0.0,0.0,0.0,0.0,0.0,0.0,0.0,0.0,0.0,0.0,0.0,0.0,0.0,0.0,0.0,0.0,0.0,0.0,0.0,0.0,0.0,0.0,0.0,0.0,0.0,0.0,0.3093128284244373,0.0,0.0,0.0,0.7428431401767699,0.0,0.0,0.2189373566270124,0.4742340501205024,0.0,0.0,0.131882885361604,0.0,0.503162913434669,0.0,0.0,0.0,0.0,0.0,0.6368289026777701,0.0,0.6481854573027673,0.4444326420380007,0.0,0.0,0.0,0.3338256657819288,0.364022852339966,0.0,0.0,0.0,0.0,0.0,0.0,0.1721559964429059,0.0288540527907221,0.0,0.3891633149235413,0.0,0.0,0.0
0.0,0.0,0.0600313041915019,0.0,0.4462588331966546,0.689941885829669,0.0,0.8626044306604933,0.5918853825360862,0.0,0.5712900243592218,0.0,0.3762223420958503,0.0,0.0,0.0,0.0,0.0,0.4939634920779642,0.0,0.0920035074431599,0.0,0.5376568706670433,0.0,0.0,0.0,0.5800432185008872,0.0,0.0,0.0,0.0,0.0,0.0,0.3718199910437804,0.0,0.0196126692999843,0.0,0.0,0.508131163585466,0.0,0.2068039497779738,0.4610072907883527,0.0,0.0,0.0,0.0,0.0,0.6031540071351204,0.0579086894734566,0.5059438517264254,0.7061603593369752,0.0,0.0,0.4939097690137017,0.0,0.5797588307905324,0.0,0.0,0.30670467913967,0.0182302548361963,0.0,0.0,0.0,0.3757510457504089,0.4229407779426504,0.4941938602257677,0.0,0.5256736153249381,0.119069259459252,0.3163833693613687,0.0,0.5694476798186894,0.0,0.2646083521837621,0.4950221090366643,0.0
0.0,0.0,0.1584208635137627,0.0,0.7181136315234695,0.7634420924390822,0.0,0.4888687163750134,0.9198369175628838,0.0,0.8680422809930206,0.0,0.0,0.5138985800576376,0.0,0.0,0.0,0.0,0.6769767495945798,0.0,0.0,0.0,0.6175619698553861,0.0,0.0,0.0,0.7997114580753557,0.0,0.0,0.0,0.0,0.0,0.0,0.0,0.0,0.0,0.0,0.0,0.3700471071759054,0.0,0.319235750538573,0.3953763886731588,0.0,0.0,0.559372427554727,0.0,0.0,0.882599682428502,0.0,0.6611659452741298,0.6463831619916552,0.0,0.4939097690137017,0.0,0.0,0.9066663730944609,0.0,0.0,0.0304956222258829,0.0,0.0,0.0,0.0,0.3910549185787028,0.4867373537249083,0.0,0.3146499127723698,0.5725192909595302,0.0,0.0,0.1770900605013741,0.6200299485701684,0.0,0.4656307266448535,0.712415079694251,0.2861041550203337
0.0,0.0,0.0,0.0,0.0,0.0,0.0,0.0,0.0,0.8548961273839911,0.0,0.932713686717586,0.0,0.0,0.0,0.0,0.0,0.0,0.0,0.0,0.0,0.0,0.0,0.0,0.0,0.0,0.0,0.0,0.0,0.0,0.0,0.5967565592877929,0.0,0.0,0.0,0.0,0.0,0.0,0.0,0.4997997025988606,0.0,0.0,0.4957409399365833,0.6707908009375809,0.0,0.0,0.6463973870281979,0.0,0.0,0.0,0.0,0.6368289026777701,0.0,0.0,0.0,0.0,0.9125379820116474,0.6622274779845396,0.0,0.0,0.3612778392781571,0.7783559792456693,0.7120401825567941,0.1368323523306035,0.0,0.0,0.1365211251613511,0.0,0.250874247946569,0.2220984553649967,0.3973101605741135,0.0,0.7866212680827503,0.0,0.0,0.2407623801047379
0.0,0.0,0.0628823081412202,0.0,0.7077310643794932,0.8308232202813999,0.0,0.5752525613099724,0.9398182903280536,0.0,0.97943141124535,0.0,0.0,0.570946563517653,0.0,0.0,0.0,0.0,0.6105246641058074,0.0,0.0,0.0,0.65222110861448,0.0,0.0,0.0,0.8336292654151695,0.0,0.0,0.0,0.0,0.0,0.0,0.0,0.0,0.0,0.0,0.0,0.364095355556081,0.0,0.2616764796577874,0.4535654379319572,0.0,0.0,0.581434064854874,0.0,0.0,0.8906052597439782,0.0,0.6682776560306666,0.6389127408483241,0.0,0.5797588307905324,0.9066663730944609,0.0,0.0,0.0,0.0,0.1732167923878629,0.0,0.0,0.0,0.0,0.3935617715200758,0.0,0.0,0.0,0.6349213857111818,0.0,0.0,0.0,0.7402620111544814,0.0,0.0,0.0,0.1685444339117651
0.0,0.0,0.0,0.0,0.0,0.0,0.0,0.0,0.0,0.6994288171535754,0.0,0.970149461484978,0.0,0.0,0.0,0.0,0.0,0.0,0.0,0.0,0.0,0.0,0.0,0.0,0.0,0.0,0.0,0.0,0.0,0.0,0.0,0.6418751027639586,0.0,0.0,0.2145586483330026,0.2746714712393815,0.0,0.0,0.0,0.5002212693532087,0.0,0.0,0.4195137729970262,0.6462243197959516,0.0,0.0,0.0,0.0,0.0,0.0,0.0,0.6481854573027673,0.0,0.0,0.9125379820116474,0.0,0.0,0.5698066789291908,0.0,0.0,0.0,0.6829763205092938,0.6209656844383697,0.0,0.0,0.0,0.0,0.0,0.3144460406546788,0.0727047736256048,0.4522910568995409,0.0,0.7331408849048638,0.0,0.0,0.1888241454292139
0.0,0.0,0.0,0.0,0.0,0.0,0.0,0.0,0.0,0.0,0.0,0.0,0.0,0.0,0.0,0.0,0.0,0.0,0.0,0.0,0.0,0.0,0.2054862034013076,0.0,0.0,0.0,0.0135242086341936,0.0,0.0,0.0,0.0,0.3396221349752306,0.0,0.0,0.0,0.0790201583250826,0.0,0.0,0.3587941811302123,0.1915389809039488,0.0,0.0,0.586484405016398,0.6210885821054118,0.0,0.0,0.5165991504256029,0.0,0.1222337974976104,0.0,0.3026599461839416,0.4444326420380007,0.0,0.0,0.6622274779845396,0.0,0.5698066789291908,0.0,0.0,0.4921991230619006,0.4980576952477922,0.7188446327686226,0.6218115061434784,0.3253928149886219,0.0919944842162204,0.0,0.3694990675406563,0.229280382002603,0.2902051236202773,0.3512860811447479,0.4473878705190786,0.0485710859638413,0.7244696826230066,0.3124405495088888,0.0,0.4465493307310331
