0.0,0.6485213572544558,0.0,0.0,0.0,0.4059853750920718,0.0,0.3144460757025756,0.0,0.2176054510311731,0.0,0.345291094843399,0.4008690563723256,0.0,0.5459836061480594,0.5046092556471513,0.2498551963192648,0.2378757889077521,0.0,0.7118450491467082,0.678425699239189,0.7439471178738976,0.2802359738908551,0.6602364582128554,0.5026574595952888,0.743242692910951,0.4599640942872089,0.4128864585773911,0.6677542268371905,0.0,0.7238682773199184,0.418313674279771,0.2291884515234167,0.0610775158786976,0.0,0.0,0.0,0.1310374469184533,0.3553781567299566,0.3166679602560883,0.0,0.0,0.0,0.0,0.0,0.8428761869805934,0.6277836594749003,0.0,0.0,0.0,0.0,0.0,0.0,0.0,0.1078986083282877,0.0,0.0,0.0,0.0,0.0,0.6175713798159472,0.0,0.5614192325423454,0.0,0.0,0.6865915580206287,0.6866812391496302,0.0,0.6329455644391532,0.7850195933100457,0.8471460323846949,0.0,0.0,0.0,0.0,0.6013094255452096
0.6485213572544558,0.0,0.0,0.0,0.5937202727827245,0.515430839624342,0.7189663161612677,0.2744151823973508,0.2404602506715601,0.0,0.0,0.0,0.7602791628519376,0.0,0.672866334868154,0.6872097131529232,0.6290992708073793,0.7186963379057177,0.0,0.7860653109147175,0.6931316318962634,0.8371810550482618,0.3311152904627056,0.0,0.8579460081101317,0.974379365126134,0.5245115439295107,0.7025369193259163,0.644036157964086,0.0,0.7718677630022529,0.267270786704501,0.1576833325143616,0.0260324615516544,0.0,0.0,0.0,0.0,0.2151244988986177,0.2484208702667764,0.0,0.0,0.0,0.0,0.0,0.6529240456978594,0.8460452228352819,0.0,0.0,0.0,0.7347543527406222,0.0,0.0,0.0,0.0,0.0,0.0,0.0,0.0,0.6781872369716849,0.6768976496514747,0.0,0.6767928375394119,0.0,0.6622725480563485,0.628371902816061,0.7684818708972337,0.4775359613496404,0.0,0.8355608778899637,0.8616533467509845,0.6688246571550864,0.0,0.6121727036449537,0.0,0.4775941230360229
0.0,0.0,0.0,0.0,0.6040284932402565,0.8073465075983646,0.4327561326506536,0.8715092918859821,0.7021167415379176,0.1263759732371674,0.909383505184444,0.3430759980030091,0.4803073686797761,0.2429705578745949,0.0,0.0,0.0,0.0,0.8942553792174437,0.0,0.0,0.0,0.8496032753749222,0.0,0.0,0.0,0.8653149539631979,0.2980008424870924,0.0,0.0,0.5393724191157461,0.4620479589496072,0.0,0.0,0.0,0.3149355332165077,0.2599491529270482,0.0,0.1226952881472171,0.0,0.0,0.0,0.3780371810068516,0.0,0.0,0.0,0.0,0.9077692133371488,0.0,0.597920789809959,0.6772181551840137,0.5415245534875792,0.8799427281495352,0.8783221239352271,0.0,0.8509421553450599,0.0,0.6424319746917642,0.3651365379814611,0.0,0.0,0.0,0.0,0.9019147845944536,0.0,0.0,0.0,0.8290707929457639,0.0,0.0,0.0,0.7868232583539039,0.4177728766821712,0.0,0.0,0.0
0.0,0.0,0.0,0.0,0.0490423537299086,0.0,0.2214835142180874,0.0,0.0,0.6141924275111466,0.0,0.4120658737929049,0.0540801003289513,0.104411202127915,0.0,0.0,0.0,0.0,0.0,0.0,0.0,0.0,0.0,0.0,0.0,0.0,0.0,0.3191147433376429,0.0,0.0,0.0322840944567745,0.0,0.0,0.2936544502923767,0.4166815749492656,0.0,0.0,0.2341037405617172,0.0,0.0,0.0,0.0,0.0,0.0,0.0,0.0,0.0,0.0,0.0,0.0,0.0,0.0,0.0,0.0,0.0,0.0,0.0,0.0,0.0,0.0,0.0,0.0,0.0,0.0,0.0,0.0,0.0,0.0,0.0,0.0,0.0,0.0,0.0,0.0,0.0,0.0
0.0,0.5937202727827245,0.6040284932402565,0.0490423537299086,0.0,0.595859065025,0.6516439569869468,0.5344545433769924,0.6526299168392187,0.3746400591029344,0.7126403526416202,0.4711527705985013,0.6827622491735421,0.4123861928618363,0.0,0.3832851257274789,0.0,0.0,0.5187383074574274,0.6467780923075059,0.0,0.628906463179051,0.5005254013389164,0.0,0.43439678860581,0.6280809260976334,0.5848928830095534,0.4273860999466609,0.5392822877133469,0.0,0.5206487357286328,0.3964548110678615,0.0619368232361942,0.0,0.0,0.1792049496348314,0.2125881885638228,0.0,0.0885288201775101,0.0,0.0,0.0,0.0,0.0,0.0,0.0,0.0,0.5474482475282674,0.0,0.6016053245404155,0.5516570805912713,0.0,0.5054084520304138,0.7582305261077853,0.0,0.6677274481335927,0.0,0.0,0.0,0.0,0.0,0.0,0.0,0.5574100775578763,0.0,0.0,0.0,0.4859470843468748,0.0,0.0,0.0,0.6315052366938189,0.0,0.0,0.0,0.0
0.4059853750920718,0.515430839624342,0.8073465075983646,0.0,0.595859065025,0.0,0.5281733594735832,0.7593565271949261,0.7967093038164539,0.0,0.7171643911292529,0.1327416583155942,0.581493671631856,0.0,0.498082389425604,0.2751931499750381,0.0,0.1239452783529281,0.6979349468051667,0.6530728124316226,0.704425252273277,0.6147710715006801,0.8091037166458646,0.0,0.2687343881256138,0.3751320287723583,0.8810397896562608,0.2144142615579379,0.5845871858625213,0.5911351065775631,0.4856450940111653,0.5669251568919705,0.0,0.0,0.0,0.2974052374361983,0.2381619592419163,0.0,0.2599055415864955,0.0,0.0,0.0,0.2327001439243192,0.0,0.0,0.0,0.5433785662651784,0.8923305652427234,0.0,0.7421766308199924,0.8181942993053181,0.7895143669636292,0.8220918505597148,0.8442125653640061,0.0,0.8122232849350616,0.0,0.7024496834551738,0.0,0.6304479231575388,0.0,0.0,0.0,0.7211353527333514,0.5583062270888528,0.6296539464493801,0.4348199760395663,0.8205289085977403,0.0,0.0,0.542351628233523,0.8436843780712637,0.2879852849975161,0.4970834131312356,0.5095254530500951,0.2581804581590293
0.0,0.7189663161612677,0.4327561326506536,0.2214835142180874,0.6516439569869468,0.5281733594735832,0.0,0.3975942572811236,0.5569804924291395,0.4990212755205094,0.3436022510142247,0.5248695129235468,0.7309248604538954,0.0,0.0,0.4904459763945343,0.4024064948444543,0.5041641996340133,0.2122532844241693,0.6624108020356674,0.0,0.7473346048609072,0.5053055142694813,0.4975918190578259,0.7317820350358785,0.7186797704730385,0.5840353241748881,0.4712230384393719,0.5928914420958714,0.0,0.457925173664701,0.2673791564927604,0.0,0.0,0.0,0.0013288305068111,0.1623523476052377,0.1114990527975958,0.2850341961741179,0.0,0.0,0.0,0.0,0.0,0.0,0.0,0.0,0.4918186440876039,0.0,0.0,0.6329584060711074,0.0,0.4692265981269043,0.5662255522043247,0.0,0.4536376606350801,0.0,0.0,0.0,0.0,0.0,0.0,0.0,0.254151713174006,0.0,0.0,0.0,0.5951274437056641,0.0,0.0,0.0,0.6203751134724611,0.0,0.0,0.0,0.0
0.3144460757025756,0.2744151823973508,0.8715092918859821,0.0,0.5344545433769924,0.7593565271949261,0.3975942572811236,0.0,0.8201089527757083,0.0,0.8667463977181459,0.0671236859674937,0.3720192319775005,0.1302533350442878,0.4972642218525738,0.0,0.0,0.0,0.73928715445559,0.5917955544440913,0.6783595311103653,0.5334922695923799,0.9593194242415464,0.3490906051037991,0.0724511899756466,0.2965851476873783,0.8663746223930631,0.0811619680996107,0.379583680211992,0.543260560744921,0.2956247798963116,0.5128186515743107,0.0,0.0,0.0,0.3222763784007046,0.1044983679508214,0.0,0.2152772970770444,0.0,0.0,0.0,0.2121839098479544,0.0,0.0,0.0,0.0,0.896211242397953,0.0,0.7241490786665984,0.4597332708363737,0.6785449688856822,0.9112345621060204,0.8735150631168141,0.0,0.8877701728806312,0.0,0.5040856886015722,0.2931211966481548,0.6505477670183847,0.0,0.0,0.0,0.7830920048894557,0.4490535362512589,0.6342426197124599,0.0,0.8292380171178357,0.0,0.0,0.0,0.6738473367335919,0.2164331696400267,0.135694220733792,0.0,0.1180971344554375
0.0,0.2404602506715601,0.7021167415379176,0.0,0.6526299168392187,0.7967093038164539,0.5569804924291395,0.8201089527757083,0.0,0.0,0.7865974125318475,0.0072276080379827,0.4846637667679569,0.0,0.0,0.0,0.0,0.0,0.5524351221924135,0.5383335354581346,0.0,0.5028964232355264,0.8330429948266379,0.1577947547138067,0.1535623280766718,0.2350688632743588,0.8200482085324544,0.0580748028736663,0.3486879597016882,0.4003855729802072,0.1933619166046747,0.4918581093233576,0.0,0.0,0.0,0.2385884976814414,0.1078474807617425,0.0,0.182952459572466,0.0,0.0,0.0,0.0,0.0,0.0,0.0,0.0,0.8351695814669376,0.0,0.8390567324631841,0.5475333874556392,0.7968680015631195,0.708683510453334,0.9181641492433772,0.0,0.8189976195979803,0.0,0.5068591678079125,0.0419847026329769,0.0,0.0,0.0,0.0,0.6127975173318639,0.0,0.0,0.0,0.7381053484959963,0.0,0.0,0.0,0.6973188548657386,0.1401368981840638,0.0,0.0,0.0
0.2176054510311731,0.0,0.1263759732371674,0.6141924275111466,0.3746400591029344,0.0,0.4990212755205094,0.0,0.0,0.0,0.0,0.9379226870127386,0.4951769274498179,0.0,0.0,0.5323058589974154,0.9430901766223672,0.7942329955493772,0.0,0.3498776875279962,0.0,0.4347406011652994,0.0,0.5798023960049036,0.7899383422001051,0.6890797392878821,0.081194256292554,0.7208659071062616,0.2444282199709368,0.0,0.3841774230671927,0.0,0.4046118484610961,0.1071756705876414,0.3027433886956368,0.0,0.1314733063844282,0.1672018370439549,0.0,0.0192882504556519,0.1654605511297738,0.2383376790206617,0.0,0.0,0.0,0.4052576359077728,0.0,0.0,0.0,0.0,0.0,0.0,0.0,0.0,0.9077232831999176,0.0,0.8853435926981476,0.2396817544422893,0.0,0.0,0.0,0.7603393567661145,0.6152093280677109,0.0,0.0,0.0,0.0,0.0,0.3881077775923958,0.5019146025247259,0.4063209827954597,0.0,0.2573890779317282,0.0,0.0,0.2537915377129913
0.0,0.0,0.909383505184444,0.0,0.7126403526416202,0.7171643911292529,0.3436022510142247,0.8667463977181459,0.7865974125318475,0.0,0.0,0.1663113759512938,0.4329608017736123,0.3633156378088994,0.0,0.0,0.0,0.0,0.8891790544634015,0.0,0.0,0.0,0.7834686337608844,0.2858583737744004,0.0,0.2951935595062875,0.7740326655136016,0.1687424255612445,0.0,0.0,0.3420933563107413,0.4680848365708576,0.0,0.0,0.0,0.3702401353114354,0.2120136161232682,0.0,0.0528017514230607,0.0,0.0,0.0,0.2640028501547221,0.0,0.0,0.0,0.0,0.8761995475206641,0.0,0.7204648192545422,0.4971575146287432,0.6150911999672194,0.8144574136523973,0.889253769799976,0.0,0.94247901792016,0.0,0.5518895556914266,0.4029968819443199,0.0,0.0,0.0,0.0,0.9006580029471759,0.0,0.0,0.0,0.6847319257902684,0.0,0.0,0.0,0.6851477468680524,0.2467569232458639,0.0,0.0,0.0
0.345291094843399,0.0,0.3430759980030091,0.4120658737929049,0.4711527705985013,0.1327416583155942,0.5248695129235468,0.0671236859674937,0.0072276080379827,0.9379226870127386,0.1663113759512938,0.0,0.6077063229449098,0.0,0.0,0.0,0.893035914143081,0.8726636658426072,0.153358548068972,0.0,0.3586423460011499,0.0,0.0834407807999602,0.7132986739734497,0.77260102422127,0.7944280142340597,0.1952497767113266,0.7492221136732272,0.0,0.0,0.5804611445234175,0.0,0.2959769598291421,0.0139717970887161,0.2890517655339033,0.0,0.2217272754948566,0.2463267966830749,0.0,0.0,0.0502041868411865,0.0867084159632496,0.1535183130352654,0.0,0.0250412544957001,0.0,0.0,0.0,0.0,0.0,0.0,0.0,0.0,0.0,0.8493161857528677,0.0,0.964820198893096,0.4044188796037174,0.0,0.0,0.0,0.8121451732269622,0.6613581030198185,0.0,0.0,0.0,0.0,0.0,0.5237522256001149,0.6113795890707926,0.5275812770106418,0.0,0.3443148181968219,0.0,0.0,0.3812499370386662
0.4008690563723256,0.7602791628519376,0.4803073686797761,0.0540801003289513,0.6827622491735421,0.581493671631856,0.7309248604538954,0.3720192319775005,0.4846637667679569,0.4951769274498179,0.4329608017736123,0.6077063229449098,0.0,0.1084589883536589,0.4245605723386717,0.7027130732889725,0.4672688634164995,0.6487359587530674,0.4143821273306459,0.6782674544220268,0.5843169118482322,0.6877254955488203,0.3732088703804496,0.5628171040912661,0.6356394476246937,0.7173245216717886,0.4662793347652063,0.7452084698971304,0.4665238983426795,0.4764285693930042,0.5560124501119248,0.2161564846866784,0.0,0.0,0.0,0.1670930440092254,0.3846266113988454,0.1261621871596446,0.055502778179033,0.0,0.0,0.0,0.1976928066498175,0.0,0.0299818464890962,0.0,0.0,0.4839595751163349,0.0,0.0,0.6732509670062999,0.4896562599084173,0.478741978557692,0.0,0.0,0.5230350899510451,0.6816349261800578,0.0,0.0,0.5317220039379214,0.0,0.0,0.0,0.0,0.5124491535334698,0.0,0.5755168805688005,0.4217429596237626,0.0,0.5198324907252808,0.6611139769627064,0.6059477524233939,0.0,0.4167863966565233,0.0,0.0
0.0,0.0,0.2429705578745949,0.104411202127915,0.4123861928618363,0.0,0.0,0.1302533350442878,0.0,0.0,0.3633156378088994,0.0,0.1084589883536589,0.0,0.0,0.0,0.0,0.0,0.3042182627164445,0.0,0.0990531326143112,0.0,0.0302321422980529,0.0,0.0,0.0,0.0107966342434045,0.2773675934100627,0.0,0.0,0.1971380433556881,0.0646878658640621,0.0,0.0,0.0,0.2021447460415372,0.2700889966877166,0.0,0.0,0.0,0.0,0.0,0.2531190011880159,0.0,0.0,0.0,0.0,0.0795373757121038,0.0,0.0,0.0,0.0,0.0,0.1756794195224211,0.0,0.2293074677647054,0.0,0.0,0.0,0.0,0.0,0.0,0.0,0.0,0.0,0.0,0.0,0.0,0.0,0.0,0.0,0.1395553417291427,0.0,0.0,0.0,0.0
0.5459836061480594,0.672866334868154,0.0,0.0,0.0,0.498082389425604,0.0,0.4972642218525738,0.0,0.0,0.0,0.0,0.4245605723386717,0.0,0.0,0.4434525596486398,0.0,0.3579663444438231,0.0,0.8705385686594402,0.7563031714932489,0.8578864301780149,0.5618796858259036,0.6110543977040221,0.4501900539749217,0.6668106123012255,0.6421702688064885,0.3544379310444414,0.6613121968017138,0.0,0.6939808457944775,0.2726482610320896,0.0,0.0,0.0,0.0122064013596907,0.0,0.0,0.1750975459655696,0.1310613433182148,0.0,0.0,0.2085679630466577,0.0,0.0,0.0,0.5674981573927874,0.0,0.0,0.0,0.5474726011208341,0.0,0.5361570097989127,0.0,0.0,0.0,0.0,0.5660923169651187,0.0,0.9303895097038274,0.4391049671330476,0.0,0.0,0.0,0.8306694124247985,0.751538390235177,0.8348466825270736,0.7021061388044953,0.0,0.5545168146046003,0.60802418194285,0.6627115873290054,0.2888725273648877,0.5024241357651648,0.0,0.5884907447112175
0.5046092556471513,0.6872097131529232,0.0,0.0,0.3832851257274789,0.2751931499750381,0.4904459763945343,0.0,0.0,0.5323058589974154,0.0,0.0,0.7027130732889725,0.0,0.4434525596486398,0.0,0.5932587072804851,0.8540818698672215,0.0,0.5513386940788207,0.4617609321994826,0.6088127904673833,0.0,0.6407626150487798,0.6457507601585015,0.6912769285121918,0.1355622416402037,0.773107685951249,0.6180631089866058,0.4727519826928372,0.7822947765318945,0.0,0.1062921573359934,0.1771803712163884,0.0176141514678363,0.0,0.0,0.0,0.0520148016007515,0.1566711757463855,0.0620747149484708,0.0,0.0,0.0,0.0,0.4581643914546041,0.4864997057250341,0.0,0.0,0.0,0.0,0.0,0.0,0.0,0.0,0.0,0.0,0.0,0.0,0.4599547846148617,0.7715606608052676,0.0,0.6842566007206511,0.0,0.5118568811575893,0.4389739540372543,0.6672726593578636,0.1762889490877251,0.0,0.5878304014518807,0.6036380390400604,0.3442223067301457,0.0,0.5896085701665088,0.0,0.637059284183976
0.2498551963192648,0.6290992708073793,0.0,0.0,0.0,0.0,0.4024064948444543,0.0,0.0,0.9430901766223672,0.0,0.893035914143081,0.4672688634164995,0.0,0.0,0.5932587072804851,0.0,0.7972456989237875,0.0,0.2620383324271166,0.0,0.335821444240691,0.0,0.5483743943537883,0.7576831094124359,0.7021370008141979,0.0,0.7089982766084151,0.1784391743066976,0.0,0.3893702261069477,0.0,0.4032095948013147,0.2077956799504119,0.2837717025007882,0.0,0.0,0.1603408660937268,0.0,0.0365544757084502,0.0,0.0,0.0,0.0,0.0,0.0,0.0,0.0,0.0,0.0,0.0,0.0,0.0,0.0,0.7799759031617841,0.0,0.7639353961941885,0.0,0.0,0.0,0.0,0.7413475028987778,0.6922422275461895,0.0,0.0,0.0,0.0,0.0,0.436018587897434,0.4706922465623239,0.4040044946601011,0.0,0.0,0.0,0.0,0.0
0.2378757889077521,0.7186963379057177,0.0,0.0,0.0,0.1239452783529281,0.5041641996340133,0.0,0.0,0.7942329955493772,0.0,0.8726636658426072,0.6487359587530674,0.0,0.3579663444438231,0.8540818698672215,0.7972456989237875,0.0,0.0,0.4348530847214256,0.2911893010310491,0.4928208470220197,0.0,0.6148361135680447,0.7923043196459858,0.6799319906079152,0.0478667720530571,0.8018242939688698,0.4081492095458772,0.2701117371280732,0.607085574451695,0.0,0.1262047319374829,0.1796055131216533,0.2602916874149177,0.0,0.0,0.0,0.0,0.0690197300075319,0.1403078548891032,0.1920580365016992,0.0,0.0,0.0,0.314618203235437,0.4357625197349163,0.0,0.0,0.0,0.0,0.0,0.0,0.0,0.8168586863949543,0.0,0.8288914504513457,0.0,0.0,0.0,0.6965740820684246,0.8617485197583368,0.712029674825538,0.0,0.0,0.0,0.5902809580266065,0.0,0.4141369212841999,0.5353097100841918,0.467539316336777,0.0,0.0,0.0,0.0,0.4766396463240692
0.0,0.0,0.8942553792174437,0.0,0.5187383074574274,0.6979349468051667,0.2122532844241693,0.73928715445559,0.5524351221924135,0.0,0.8891790544634015,0.153358548068972,0.4143821273306459,0.3042182627164445,0.0,0.0,0.0,0.0,0.0,0.0,0.0,0.0,0.6380758551349892,0.0,0.0,0.0,0.6764921612943057,0.2459121409749567,0.0,0.0,0.4951234511614008,0.4458465836290182,0.0,0.0,0.0,0.3686044153445862,0.2778540358963332,0.0,0.0835558568005191,0.0,0.0,0.0,0.4710847509791947,0.0,0.0,0.0,0.0,0.8186964134734651,0.0,0.6254106817982129,0.4938402166002171,0.5048784473668343,0.745582935435576,0.7332990660916534,0.0,0.8672882204960188,0.0,0.5274291163511123,0.4896827005074206,0.0,0.0,0.0,0.0,0.9781969957777232,0.0,0.0,0.0,0.5956713212613794,0.0,0.0,0.0,0.6141743886422624,0.0,0.0,0.0,0.0
0.7118450491467082,0.7860653109147175,0.0,0.0,0.6467780923075059,0.6530728124316226,0.6624108020356674,0.5917955544440913,0.5383335354581346,0.3498776875279962,0.0,0.0,0.6782674544220268,0.0,0.8705385686594402,0.5513386940788207,0.2620383324271166,0.4348530847214256,0.0,0.0,0.852317832616944,0.9664633823625208,0.6297903185182544,0.0,0.5574940120485896,0.7917173318880523,0.7242336504011051,0.5176675411885351,0.8002751234592146,0.6304221479359924,0.8050434354792384,0.3748470060699498,0.0,0.0,0.0,0.2089346587304037,0.2872316787266203,0.0,0.2292740047590285,0.1128057005334258,0.0,0.0,0.2872966639768485,0.0,0.0,0.0,0.647620952672212,0.0,0.0,0.0,0.7049495677124152,0.0,0.6680561436300292,0.0,0.0,0.0,0.0,0.7431472245743284,0.0,0.8932363647572333,0.5221445742845268,0.0,0.0,0.0,0.8304233564508701,0.8010135307081402,0.814321540679818,0.7406725249488479,0.0,0.6709482549384653,0.7912326999480785,0.760307397950417,0.415532957383918,0.5740101566494258,0.6602229203130655,0.586083999524135
0.678425699239189,0.6931316318962634,0.0,0.0,0.0,0.704425252273277,0.0,0.6783595311103653,0.0,0.0,0.0,0.3586423460011499,0.5843169118482322,0.0990531326143112,0.7563031714932489,0.4617609321994826,0.0,0.2911893010310491,0.0,0.852317832616944,0.0,0.8411791787941711,0.6945293837670794,0.7126124036715186,0.452624849416305,0.7044978339235255,0.7404632309268677,0.4968302957807234,0.7902397801059937,0.0,0.6368217527060771,0.551818242967827,0.0254946097501191,0.0,0.0,0.0,0.0,0.0,0.4416784452645109,0.3331356086307581,0.0,0.0,0.0,0.0,0.0,0.5701847728351629,0.6887764610872074,0.0,0.0,0.0,0.7088035068718213,0.0,0.7743814297090477,0.0,0.0,0.0,0.0,0.7718423666656452,0.0,0.8705383238552385,0.5536435898909584,0.0,0.0,0.0,0.7806768598848195,0.9267416900519188,0.7289801357970752,0.7895007072608403,0.0,0.6524734005021834,0.7950278651993924,0.7422363857217749,0.6016606704866901,0.683032705136171,0.0,0.5855741202106106
0.7439471178738976,0.8371810550482618,0.0,0.0,0.628906463179051,0.6147710715006801,0.7473346048609072,0.5334922695923799,0.5028964232355264,0.4347406011652994,0.0,0.0,0.6877254955488203,0.0,0.8578864301780149,0.6088127904673833,0.335821444240691,0.4928208470220197,0.0,0.9664633823625208,0.8411791787941711,0.0,0.563705767291228,0.0,0.6842442229122186,0.8625096831068756,0.7316346618323984,0.5538491078368896,0.7901175516096296,0.650496624506738,0.8201554067098015,0.39539898825585,0.0,0.0,0.0,0.176879892807214,0.2913141021269454,0.0,0.3127997195903608,0.2068233898488494,0.0,0.0,0.2505400503959562,0.0,0.0,0.7029798139158421,0.7315718323841224,0.0,0.0,0.0,0.7241569438294385,0.0,0.0,0.0,0.0,0.0,0.0,0.0,0.0,0.8703955729503426,0.6325157398160786,0.0,0.480157209853185,0.0,0.7734395683731841,0.8059625742792876,0.84570713483404,0.7104593816912278,0.0,0.7436348382793743,0.8796587200345155,0.7580183129716165,0.4323663109002809,0.6125019332485168,0.0,0.6232159744791429
0.2802359738908551,0.3311152904627056,0.8496032753749222,0.0,0.5005254013389164,0.8091037166458646,0.5053055142694813,0.9593194242415464,0.8330429948266379,0.0,0.7834686337608844,0.0834407807999602,0.3732088703804496,0.0302321422980529,0.5618796858259036,0.0,0.0,0.0,0.6380758551349892,0.6297903185182544,0.6945293837670794,0.563705767291228,0.0,0.3437575931180462,0.1691957969094288,0.3104168714116643,0.9180187814786128,0.0783549355308513,0.4233636537823029,0.5735129603215499,0.3123955378903277,0.4842778805624678,0.0,0.0,0.0,0.2367620401907284,0.0743159667841206,0.0,0.2330050373482381,0.0003451516252806,0.0,0.0,0.1544829732559766,0.0,0.0,0.0,0.4508670139611098,0.9221395640684578,0.0,0.685904953751451,0.5928050044799803,0.7088724944214339,0.8826506210307226,0.8751293232135661,0.0,0.8252332121318683,0.0,0.5716706813472746,0.2007758064223423,0.6794589695761221,0.0,0.0,0.0,0.703584341340467,0.4895412311602532,0.6522228350585787,0.364706115237367,0.9464632911694948,0.0,0.2836810516020154,0.4425414561119882,0.763085003848928,0.2249449630294425,0.2368198102523282,0.4324261451594745,0.1605831471967856
0.6602364582128554,0.0,0.0,0.0,0.0,0.0,0.4975918190578259,0.3490906051037991,0.1577947547138067,0.5798023960049036,0.2858583737744004,0.7132986739734497,0.5628171040912661,0.0,0.6110543977040221,0.6407626150487798,0.5483743943537883,0.6148361135680447,0.0,0.0,0.7126124036715186,0.0,0.3437575931180462,0.0,0.6610094952441385,0.8425893333040723,0.4406924952060047,0.66074396649218,0.0,0.0,0.743994845007398,0.1789741810993381,0.2761643832769986,0.0633448497568998,0.0255325956544328,0.2292243058598953,0.4106326527797917,0.2825504353612186,0.1310876943117002,0.2522521882411987,0.0160798471694464,0.0,0.0,0.0,0.3565678197485331,0.6370453102708752,0.0,0.0,0.0,0.0,0.0,0.0,0.0,0.0,0.5330108841829942,0.0,0.6754938417366058,0.0,0.0,0.0,0.7118299215160425,0.6195017422080685,0.6327345301166634,0.0,0.0,0.0,0.0,0.0,0.8095239434144105,0.7025187160857136,0.734980724060818,0.0,0.5057031840563714,0.0,0.0,0.6799372496062998
0.5026574595952888,0.8579460081101317,0.0,0.0,0.43439678860581,0.2687343881256138,0.7317820350358785,0.0724511899756466,0.1535623280766718,0.7899383422001051,0.0,0.77260102422127,0.6356394476246937,0.0,0.4501900539749217,0.6457507601585015,0.7576831094124359,0.7923043196459858,0.0,0.5574940120485896,0.452624849416305,0.6842442229122186,0.1691957969094288,0.6610094952441385,0.0,0.8604030177164953,0.3571133263153189,0.715080788930237,0.4680166550969284,0.0,0.5694484846070356,0.134914902853012,0.2077857112882814,0.2122761475994122,0.0833115642746683,0.0,0.0,0.1946207976372698,0.2012618216128141,0.2671292613113019,0.0535059158590278,0.1273644054435544,0.0,0.0,0.0,0.5678452876216793,0.6309458943225583,0.0,0.0,0.0,0.0,0.0,0.0,0.0,0.7689551678853654,0.0,0.7341062530509654,0.4705746945812166,0.0,0.487838027678511,0.6581147078696921,0.7193904257417021,0.6655695714854183,0.0,0.4476828534095562,0.4482003744822572,0.5904403702275542,0.3749087005113655,0.4886346145293201,0.7410390977339486,0.7382275428276015,0.0,0.0,0.5283793178745396,0.0,0.3779544053304958
0.743242692910951,0.974379365126134,0.0,0.0,0.6280809260976334,0.3751320287723583,0.7186797704730385,0.2965851476873783,0.2350688632743588,0.6890797392878821,0.2951935595062875,0.7944280142340597,0.7173245216717886,0.0,0.6668106123012255,0.6912769285121918,0.7021370008141979,0.6799319906079152,0.0,0.7917173318880523,0.7044978339235255,0.8625096831068756,0.3104168714116643,0.8425893333040723,0.8604030177164953,0.0,0.4838306647094249,0.7220189137981865,0.6173257789983382,0.0,0.7986098928967115,0.2416881109276139,0.2400288505111182,0.0577107573159547,0.0,0.1827031723473162,0.0,0.3093730921660055,0.1787975946883471,0.1957246366828273,0.0,0.0,0.0,0.0,0.2486005061357173,0.7439895007127811,0.7771760885631154,0.0,0.0,0.0,0.6499192799778467,0.0,0.0,0.0,0.6130146020622865,0.0,0.7245534287726422,0.6217083181532801,0.0,0.6747172019573757,0.726210219501075,0.6728595851823299,0.692316228839256,0.0,0.7217014333129134,0.6808034905290041,0.826231126982493,0.4464134180637454,0.6772244442556157,0.8604892377062319,0.9028402596720476,0.6569045751272766,0.4618574573870816,0.6196674357429864,0.0,0.5427762736981019
0.4599640942872089,0.5245115439295107,0.8653149539631979,0.0,0.5848928830095534,0.8810397896562608,0.5840353241748881,0.8663746223930631,0.8200482085324544,0.081194256292554,0.7740326655136016,0.1952497767113266,0.4662793347652063,0.0107966342434045,0.6421702688064885,0.1355622416402037,0.0,0.0478667720530571,0.6764921612943057,0.7242336504011051,0.7404632309268677,0.7316346618323984,0.9180187814786128,0.4406924952060047,0.3571133263153189,0.4838306647094249,0.0,0.1425434120257811,0.5522165089196132,0.5792992795831244,0.3972809655895293,0.5832161341179599,0.0,0.0,0.0,0.2465111839087167,0.1123453036071031,0.0,0.3265131291585004,0.0495703350782005,0.0,0.0,0.1552845429128881,0.0,0.0,0.0,0.5708911725928066,0.9424194978084528,0.0,0.6879143703385191,0.7392612052020371,0.724241107374733,0.8497622223717919,0.9189639215341426,0.0,0.8547319366988668,0.0,0.642335037736579,0.1780016948698403,0.7547967531109698,0.0,0.0,0.0,0.7131631258860698,0.6165819211743737,0.6914738456369918,0.5235536910104014,0.9270219191489332,0.0,0.0,0.594669167731213,0.9226863379826122,0.2664359618492818,0.4391330027948555,0.5234462991280247,0.2811428680564392
0.4128864585773911,0.7025369193259163,0.2980008424870924,0.3191147433376429,0.4273860999466609,0.2144142615579379,0.4712230384393719,0.0811619680996107,0.0580748028736663,0.7208659071062616,0.1687424255612445,0.7492221136732272,0.7452084698971304,0.2773675934100627,0.3544379310444414,0.773107685951249,0.7089982766084151,0.8018242939688698,0.2459121409749567,0.5176675411885351,0.4968302957807234,0.5538491078368896,0.0783549355308513,0.66074396649218,0.715080788930237,0.7220189137981865,0.1425434120257811,0.0,0.4295876206788632,0.3994965043094143,0.6287083729505473,0.1406748665409361,0.183663313020109,0.1739273917914914,0.1375960117687109,0.1799073466846462,0.4490804413150251,0.2325787167201869,0.1491379015668325,0.0985004426895957,0.0750117579459751,0.0,0.2946716743171829,0.0,0.0983667768574915,0.0,0.0,0.1889606361102004,0.0,0.0,0.550641243247238,0.0,0.2901704657523182,0.2458799893466108,0.6972604330863622,0.0,0.7540959089306966,0.6250685478499892,0.0,0.4526190639729411,0.0,0.0,0.0,0.0,0.5051487241241452,0.4904514346476046,0.617947270898997,0.2083828172121926,0.0,0.6082625000509941,0.6013375826308351,0.3411757949320172,0.6766261908691266,0.5428159915554785,0.0,0.5357172914093358
0.6677542268371905,0.644036157964086,0.0,0.0,0.5392822877133469,0.5845871858625213,0.5928914420958714,0.379583680211992,0.3486879597016882,0.2444282199709368,0.0,0.0,0.4665238983426795,0.0,0.6613121968017138,0.6180631089866058,0.1784391743066976,0.4081492095458772,0.0,0.8002751234592146,0.7902397801059937,0.7901175516096296,0.4233636537823029,0.0,0.4680166550969284,0.6173257789983382,0.5522165089196132,0.4295876206788632,0.0,0.578597140219202,0.7523180047979086,0.4215391751760933,0.1136838055650969,0.0751640848044763,0.0,0.1810525716882034,0.2219136421693516,0.0,0.4019458750065506,0.3514098904715492,0.0,0.0,0.0505747986577979,0.0,0.0,0.0,0.5864207411093301,0.4182226480936757,0.0,0.0,0.6349040269264453,0.372675310422905,0.5205786185243746,0.4914389851759101,0.0,0.0,0.0,0.6233377589449809,0.0,0.714327068632773,0.0,0.0,0.0,0.0,0.6248376758866597,0.7572548871515898,0.6565198024568727,0.6036131922985489,0.0,0.0,0.7211332058816978,0.5813775747982894,0.4427248253266763,0.7853569504755754,0.6242226174811646,0.6065857121521371
0.0,0.0,0.0,0.0,0.0,0.5911351065775631,0.0,0.543260560744921,0.4003855729802072,0.0,0.0,0.0,0.4764285693930042,0.0,0.0,0.4727519826928372,0.0,0.2701117371280732,0.0,0.6304221479359924,0.0,0.650496624506738,0.5735129603215499,0.0,0.0,0.0,0.5792992795831244,0.3994965043094143,0.578597140219202,0.0,0.6231873918835049,0.5108041005491908,0.0,0.0,0.0,0.0,0.0,0.0,0.0,0.0,0.0,0.0,0.0,0.0,0.0,0.0,0.0,0.0,0.0,0.0,0.0,0.0,0.0,0.0,0.0,0.0,0.0,0.0,0.0,0.0,0.0,0.0,0.0,0.0,0.4915505892011952,0.0,0.0,0.6148376047652341,0.0,0.0,0.0,0.544994490587855,0.0,0.5097375722645436,0.0,0.0
0.7238682773199184,0.7718677630022529,0.5393724191157461,0.0322840944567745,0.5206487357286328,0.4856450940111653,0.457925173664701,0.2956247798963116,0.1933619166046747,0.3841774230671927,0.3420933563107413,0.5804611445234175,0.5560124501119248,0.1971380433556881,0.6939808457944775,0.7822947765318945,0.3893702261069477,0.607085574451695,0.4951234511614008,0.8050434354792384,0.6368217527060771,0.8201554067098015,0.3123955378903277,0.743994845007398,0.5694484846070356,0.7986098928967115,0.3972809655895293,0.6287083729505473,0.7523180047979086,0.6231873918835049,0.0,0.1892115787874833,0.0564293106431546,0.0496305329368538,0.0,0.1581195166809781,0.392396506679906,0.1805096684616818,0.1261384737043749,0.2292388548420265,0.0,0.0,0.2704832887524062,0.0,0.0,0.0,0.5671503373335325,0.0,0.0,0.0,0.599722781903842,0.0,0.3988797404427765,0.0,0.3314564137215736,0.0,0.4681264632773592,0.0,0.0,0.7057670515074458,0.706548190015377,0.4110710175984614,0.5837453877144518,0.0,0.6937155954517408,0.6596047819718386,0.7542287848905325,0.4873860775925393,0.5694663045908308,0.6729592322654634,0.7825954527627167,0.5139693353212889,0.3666071853681226,0.6104994469739823,0.0,0.7714604142037433
0.418313674279771,0.267270786704501,0.4620479589496072,0.0,0.3964548110678615,0.5669251568919705,0.2673791564927604,0.5128186515743107,0.4918581093233576,0.0,0.4680848365708576,0.0,0.2161564846866784,0.0646878658640621,0.2726482610320896,0.0,0.0,0.0,0.4458465836290182,0.3748470060699498,0.551818242967827,0.39539898825585,0.4842778805624678,0.1789741810993381,0.134914902853012,0.2416881109276139,0.5832161341179599,0.1406748665409361,0.4215391751760933,0.5108041005491908,0.1892115787874833,0.0,0.0,0.0261528014838694,0.0,0.504247632822285,0.174091874004729,0.0,0.7328768889835874,0.2169439196530855,0.0,0.0,0.1902265083855453,0.0,0.1855701365736785,0.2921311026382503,0.3623464358728002,0.5882045656088607,0.0,0.4676528385239322,0.4024052225770505,0.5010732289971079,0.5739120696302612,0.550044565339828,0.0,0.575429833255984,0.0,0.4340428013180655,0.0,0.4844081618713679,0.1469257249063431,0.0,0.0870720025975749,0.3830582511578566,0.3010349229734678,0.5134248410653987,0.2043487680033065,0.4763966523629798,0.1736337376844324,0.3668421792078782,0.4123540241182467,0.4820382983236269,0.4231681007760851,0.3332954018622326,0.0,0.1723361680579435
0.2291884515234167,0.1576833325143616,0.0,0.0,0.0619368232361942,0.0,0.0,0.0,0.0,0.4046118484610961,0.0,0.2959769598291421,0.0,0.0,0.0,0.1062921573359934,0.4032095948013147,0.1262047319374829,0.0,0.0,0.0254946097501191,0.0,0.0,0.2761643832769986,0.2077857112882814,0.2400288505111182,0.0,0.183663313020109,0.1136838055650969,0.0,0.0564293106431546,0.0,0.0,0.4306535350671245,0.2896187678835311,0.0093820207664651,0.079352309472573,0.1616818257485094,0.1490604706586967,0.4724458038003112,0.549639455019793,0.2906207749311807,0.0,0.0,0.0829823234124777,0.3182189212950011,0.1188725406995248,0.0,0.0,0.0,0.0,0.0,0.0,0.0,0.1697593054821613,0.0,0.1642478128451506,0.0,0.0,0.0,0.2437572618261966,0.0962228417318177,0.3577939635272116,0.0,0.0364627899415646,0.1254785105593305,0.1345497674098156,0.0,0.2788645743641925,0.2768121048572875,0.127306856151721,0.0,0.1318675213242997,0.0,0.0,0.1128288208400512
0.0610775158786976,0.0260324615516544,0.0,0.2936544502923767,0.0,0.0,0.0,0.0,0.0,0.1071756705876414,0.0,0.0139717970887161,0.0,0.0,0.0,0.1771803712163884,0.2077956799504119,0.1796055131216533,0.0,0.0,0.0,0.0,0.0,0.0633448497568998,0.2122761475994122,0.0577107573159547,0.0,0.1739273917914914,0.0751640848044763,0.0,0.0496305329368538,0.0261528014838694,0.4306535350671245,0.0,0.2309702585301258,0.0336631563934622,0.1979011335672588,0.2412478631112665,0.2818471629517004,0.5013317058897033,0.7291472208332391,0.2813738344175318,0.0,0.1051240793187283,0.1767789284757757,0.1185725591734,0.0381626558405744,0.0,0.0,0.0,0.0193833628360762,0.0,0.0,0.0,0.0362057495776357,0.0,0.0,0.0,0.0,0.0,0.2992025035020306,0.0378010479532135,0.3120110126225344,0.0,0.0,0.0,0.0,0.0,0.1324148154724477,0.1654344835522975,0.0784176417179568,0.0,0.2474509798589069,0.2542453283565202,0.0,0.2034916583367684
0.0,0.0,0.0,0.4166815749492656,0.0,0.0,0.0,0.0,0.0,0.3027433886956368,0.0,0.2890517655339033,0.0,0.0,0.0,0.0176141514678363,0.2837717025007882,0.2602916874149177,0.0,0.0,0.0,0.0,0.0,0.0255325956544328,0.0833115642746683,0.0,0.0,0.1375960117687109,0.0,0.0,0.0,0.0,0.2896187678835311,0.2309702585301258,0.0,0.0,0.0,0.0683373358770177,0.0416429658487521,0.0,0.2851909618839688,0.3863747957641255,0.0,0.0507439669723451,0.0,0.0,0.0,0.0,0.0,0.0,0.0,0.0,0.0,0.0,0.0,0.0,0.2163538801172267,0.0,0.0,0.0,0.0908606463220735,0.0,0.0,0.0,0.0,0.0,0.0,0.0,0.0,0.0350910143032884,0.0,0.0,0.1075116179362982,0.0,0.0,0.0
0.0,0.0,0.3149355332165077,0.0,0.1792049496348314,0.2974052374361983,0.0013288305068111,0.3222763784007046,0.2385884976814414,0.0,0.3702401353114354,0.0,0.1670930440092254,0.2021447460415372,0.0122064013596907,0.0,0.0,0.0,0.3686044153445862,0.2089346587304037,0.0,0.176879892807214,0.2367620401907284,0.2292243058598953,0.0,0.1827031723473162,0.2465111839087167,0.1799073466846462,0.1810525716882034,0.0,0.1581195166809781,0.504247632822285,0.0093820207664651,0.0336631563934622,0.0,0.0,0.6024421555058616,0.0,0.2795693416567244,0.1438405754832556,0.0,0.0,0.4572847565299699,0.195233062538109,0.3485273287443851,0.0,0.0,0.3179238607879175,0.0,0.1792688899540362,0.2442386595313793,0.2796640904462976,0.3324987724649744,0.2987357972482151,0.0,0.3059758000229668,0.0,0.3238586845968577,0.0,0.0,0.0,0.0,0.0,0.2670151239414027,0.1946268016028274,0.0,0.1173272762830895,0.1328194675046309,0.0,0.0,0.0,0.2214738585290042,0.5379292958189696,0.2497022926112561,0.0,0.0
0.0,0.0,0.2599491529270482,0.0,0.2125881885638228,0.2381619592419163,0.1623523476052377,0.1044983679508214,0.1078474807617425,0.1314733063844282,0.2120136161232682,0.2217272754948566,0.3846266113988454,0.2700889966877166,0.0,0.0,0.0,0.0,0.2778540358963332,0.2872316787266203,0.0,0.2913141021269454,0.0743159667841206,0.4106326527797917,0.0,0.0,0.1123453036071031,0.4490804413150251,0.2219136421693516,0.0,0.392396506679906,0.174091874004729,0.079352309472573,0.1979011335672588,0.0,0.6024421555058616,0.0,0.020270600295703,0.1618867356432915,0.0,0.0243254895690322,0.0,0.44495897246471,0.0,0.0,0.0,0.0,0.0,0.0,0.0,0.0,0.0,0.0,0.0,0.0,0.0,0.0,0.0,0.0,0.0,0.0,0.0,0.0,0.0,0.0,0.0,0.0,0.0862004621573826,0.0,0.0,0.0,0.0,0.0,0.0,0.0,0.0
0.1310374469184533,0.0,0.0,0.2341037405617172,0.0,0.0,0.1114990527975958,0.0,0.0,0.1672018370439549,0.0,0.2463267966830749,0.1261621871596446,0.0,0.0,0.0,0.1603408660937268,0.0,0.0,0.0,0.0,0.0,0.0,0.2825504353612186,0.1946207976372698,0.3093730921660055,0.0,0.2325787167201869,0.0,0.0,0.1805096684616818,0.0,0.1616818257485094,0.2412478631112665,0.0683373358770177,0.0,0.020270600295703,0.0,0.0,0.1517851659832992,0.1495775040497846,0.0703549067000352,0.0,0.0,0.1943379646381522,0.0,0.0,0.0,0.0,0.0,0.0,0.0,0.0,0.0,0.1431891205948181,0.0,0.2562147430727627,0.0,0.0,0.0,0.0,0.0,0.0,0.0,0.0,0.0,0.0,0.0,0.2144060589895738,0.196234128473747,0.2087624463570545,0.0,0.1250408347534632,0.0,0.0,0.0
0.3553781567299566,0.2151244988986177,0.1226952881472171,0.0,0.0885288201775101,0.2599055415864955,0.2850341961741179,0.2152772970770444,0.182952459572466,0.0,0.0528017514230607,0.0,0.055502778179033,0.0,0.1750975459655696,0.0520148016007515,0.0,0.0,0.0835558568005191,0.2292740047590285,0.4416784452645109,0.3127997195903608,0.2330050373482381,0.1310876943117002,0.2012618216128141,0.1787975946883471,0.3265131291585004,0.1491379015668325,0.4019458750065506,0.0,0.1261384737043749,0.7328768889835874,0.1490604706586967,0.2818471629517004,0.0416429658487521,0.2795693416567244,0.1618867356432915,0.0,0.0,0.4348333128069072,0.197189991037203,0.0,0.1241929070984054,0.0855381828617511,0.2260710856953873,0.380937660630838,0.3301501841554041,0.2783229251791068,0.0,0.1789255257453429,0.2741360052556695,0.3366719217588739,0.2912091014645382,0.1677940799660273,0.0,0.1453645858235327,0.0,0.3319658563464689,0.0,0.334891078843114,0.247744439269681,0.0,0.1846878723311248,0.0040903425969507,0.164535083235171,0.4431310507073521,0.1504014316714445,0.298053578861699,0.1716027589917054,0.3327085320210808,0.362653909830187,0.2500642992709464,0.4440010218765619,0.4285266896704608,0.4268747885834132,0.2838888988865838
0.3166679602560883,0.2484208702667764,0.0,0.0,0.0,0.0,0.0,0.0,0.0,0.0192882504556519,0.0,0.0,0.0,0.0,0.1310613433182148,0.1566711757463855,0.0365544757084502,0.0690197300075319,0.0,0.1128057005334258,0.3331356086307581,0.2068233898488494,0.0003451516252806,0.2522521882411987,0.2671292613113019,0.1957246366828273,0.0495703350782005,0.0985004426895957,0.3514098904715492,0.0,0.2292388548420265,0.2169439196530855,0.4724458038003112,0.5013317058897033,0.0,0.1438405754832556,0.0,0.1517851659832992,0.4348333128069072,0.0,0.4537903136441271,0.1400649291489438,0.0,0.0,0.3395796435537948,0.3311439783181593,0.2589363973300932,0.0,0.0,0.0,0.1981740902160594,0.0703032977557251,0.0353677098592266,0.0,0.0,0.0,0.0,0.1868574378393238,0.0,0.1041298513306536,0.3294779505181406,0.0,0.3129093277417892,0.0,0.075541143859496,0.3226621490992078,0.1445699728682506,0.1248868583815529,0.3368595800310829,0.3318816529821818,0.313712662139134,0.0521915598536653,0.1811943403151991,0.356445992724232,0.238123251886853,0.3408576613624198
0.0,0.0,0.0,0.0,0.0,0.0,0.0,0.0,0.0,0.1654605511297738,0.0,0.0502041868411865,0.0,0.0,0.0,0.0620747149484708,0.0,0.1403078548891032,0.0,0.0,0.0,0.0,0.0,0.0160798471694464,0.0535059158590278,0.0,0.0,0.0750117579459751,0.0,0.0,0.0,0.0,0.549639455019793,0.7291472208332391,0.2851909618839688,0.0,0.0243254895690322,0.1495775040497846,0.197189991037203,0.4537903136441271,0.0,0.4108391292074267,0.0,0.1415893950550694,0.180114082644005,0.0895251249859362,0.0,0.0,0.0359653099028231,0.0,0.0,0.0,0.0,0.0,0.0496345616330913,0.0,0.0,0.0,0.0,0.0,0.2660560153488607,0.01190603982042,0.287439601385183,0.0,0.0,0.0,0.0,0.0,0.0728917937846041,0.1014464831898885,0.0,0.0,0.1031009398981622,0.1560775113811336,0.0,0.1502572112134386
0.0,0.0,0.0,0.0,0.0,0.0,0.0,0.0,0.0,0.2383376790206617,0.0,0.0867084159632496,0.0,0.0,0.0,0.0,0.0,0.1920580365016992,0.0,0.0,0.0,0.0,0.0,0.0,0.1273644054435544,0.0,0.0,0.0,0.0,0.0,0.0,0.0,0.2906207749311807,0.2813738344175318,0.3863747957641255,0.0,0.0,0.0703549067000352,0.0,0.1400649291489438,0.4108391292074267,0.0,0.0,0.0938043425170407,0.0,0.0,0.0,0.0,0.2169715736758437,0.0,0.0,0.0,0.0,0.0,0.1453462824414993,0.0,0.0437879634840483,0.0,0.0,0.0,0.0134838053230036,0.0974315274039286,0.0965466324749003,0.0,0.0,0.0,0.0,0.0,0.0,0.0,0.0,0.0,0.0,0.0,0.0,0.0
0.0,0.0,0.3780371810068516,0.0,0.0,0.2327001439243192,0.0,0.2121839098479544,0.0,0.0,0.2640028501547221,0.1535183130352654,0.1976928066498175,0.2531190011880159,0.2085679630466577,0.0,0.0,0.0,0.4710847509791947,0.2872966639768485,0.0,0.2505400503959562,0.1544829732559766,0.0,0.0,0.0,0.1552845429128881,0.2946716743171829,0.0505747986577979,0.0,0.2704832887524062,0.1902265083855453,0.0,0.0,0.0,0.4572847565299699,0.44495897246471,0.0,0.1241929070984054,0.0,0.0,0.0,0.0,0.6095067463108607,0.1588090979691906,0.0,0.0,0.3481806229292816,0.0,0.0969436683081399,0.2272954183163874,0.0654946892840792,0.38430634678117,0.1252755931201388,0.0884058957236273,0.2671350990576609,0.1978187273655973,0.2625153751836299,0.6099399518005472,0.1983950352838404,0.0,0.2078277048053119,0.0,0.4047220500545875,0.3162424904482064,0.2227970175674083,0.2701702329871024,0.1822233443027507,0.3980318147148991,0.1284315763359141,0.1592494990147447,0.1798083854333382,0.4412370593032477,0.1637549643707935,0.0,0.3028198201254971
0.0,0.0,0.0,0.0,0.0,0.0,0.0,0.0,0.0,0.0,0.0,0.0,0.0,0.0,0.0,0.0,0.0,0.0,0.0,0.0,0.0,0.0,0.0,0.0,0.0,0.0,0.0,0.0,0.0,0.0,0.0,0.0,0.0,0.1051240793187283,0.0507439669723451,0.195233062538109,0.0,0.0,0.0855381828617511,0.0,0.1415893950550694,0.0938043425170407,0.6095067463108607,0.0,0.0135326484684329,0.0,0.0,0.0099706633602092,0.1954339983831558,0.0,0.0,0.0,0.0368838094225732,0.0,0.2923053975946301,0.0,0.2448774852185912,0.0421835850871266,0.3041125093157195,0.0,0.0,0.0,0.0,0.0,0.0,0.0,0.0,0.0,0.0,0.0,0.0,0.0,0.4019420838120363,0.0322683253634244,0.0,0.1530137302355963
