0.0,0.6463155211465275,0.0,0.0,0.0,0.4648113931392883,0.0,0.198661319691522,0.0,0.5975674071176069,0.0,0.0,0.3763451757511532,0.0,0.6912971525374527,0.6750855953073858,0.7031840759051654,0.7452429260436143,0.0,0.7376672186377171,0.7303612277970903,0.7864071169500005,0.5305374827547705,0.5360316123263861,0.719613599598887,0.7759661402422746,0.5229540099929932,0.5311158911478572,0.6596489828115759,0.0,0.5478755929628565,0.4157392911597699,0.1645823628636835,0.1385216202434517,0.279723994167084,0.0,0.0,0.5444379022154449,0.4230493279985169,0.5980612388893937,0.7251204065939042,0.0,0.0,0.0,0.0,0.7943910524283689,0.045812513380482,0.0,0.0,0.0,0.0,0.0,0.0,0.0,0.4194819052785501,0.0,0.0,0.0,0.0,0.0,0.7047440497546011,0.0,0.6269004986048142,0.0,0.0,0.7168546860246826,0.7794545083763009,0.0,0.4414373388564542,0.5590513211386606,0.5660894249552514,0.0,0.0,0.0,0.0,0.6203699261120496
0.6463155211465275,0.0,0.0,0.0,0.6681953802762097,0.7485642836837022,0.6160703401979388,0.4397661536545987,0.731767470560333,0.0,0.0,0.0,0.7405931911722992,0.0,0.6902602351641018,0.6530122091136813,0.7941257198542727,0.7431050026870526,0.0,0.7084370019818763,0.7543188471727162,0.8137827162881003,0.5502676613389713,0.0,0.909401673346076,0.9462941444785904,0.5919990736238678,0.5112651204154754,0.6363942448284037,0.0,0.4660188668015343,0.4445827585103608,0.2159650441746478,0.1300582984883114,0.4101210180847002,0.0,0.0,0.0,0.3846908466562324,0.5276330640806633,0.6925287558891963,0.1963433679122373,0.0,0.0,0.0,0.315524925444516,0.0,0.0,0.0,0.0,0.64620073453309,0.0,0.0,0.0,0.0,0.0,0.0,0.0,0.0,0.6658015667821601,0.3999667798183265,0.0,0.3777740580586652,0.0,0.7719369589321339,0.4464333851131321,0.6952621098684024,0.6358631169754859,0.0,0.4669695132332609,0.2768008149833499,0.848386362784962,0.0,0.6875242878125335,0.0,0.4939532465967287
0.0,0.0,0.0,0.0,0.6604598114786616,0.7341560847046704,0.3214381403792036,0.6384237331371104,0.9190784937671536,0.4453570319369557,0.7778508455514355,0.2771596290758751,0.5010771519001318,0.1031188145657176,0.0,0.0,0.0,0.0,0.8762281444329276,0.0,0.0,0.0,0.7829641499817538,0.0,0.0,0.0,0.6051813820620439,0.6539173073346283,0.0,0.0,0.4145232002100452,0.0865289306867123,0.2073298809663798,0.0254484646240857,0.0406101179201531,0.0615806813327242,0.027806402502384,0.0,0.1731348538777631,0.0,0.3809727846004835,0.0,0.5831778565837966,0.0,0.0,0.0,0.0,0.9253589091477332,0.0,0.6722832830259824,0.8452366269362916,0.581157345397788,0.727274262528191,0.8968300960978002,0.0,0.8046288336660088,0.0,0.73403425987774,0.3894291365379306,0.0,0.0,0.0,0.0,0.7870170124753483,0.0,0.0,0.0,0.7797155013069781,0.0,0.0,0.0,0.738228511784732,0.6880206793026159,0.0,0.0,0.0
0.0,0.0,0.0,0.0,0.2016670858432718,0.1268982707860361,0.1841410468420248,0.0982180423013764,0.0,0.2176294439528881,0.0,0.198036081358592,0.1359204349259071,0.2270970116620735,0.0,0.0,0.0,0.0,0.0694190670241962,0.0,0.0,0.0,0.0,0.0,0.0,0.0,0.02761885962663,0.0818685461374378,0.0,0.0,0.1890351244383248,0.0,0.0,0.288141942835597,0.064025206230484,0.4036125537698881,0.2705825726225099,0.156046377986092,0.0,0.0,0.0,0.0,0.0,0.0,0.0,0.0,0.0,0.0,0.0,0.0,0.0,0.0,0.0,0.0,0.0,0.0,0.0,0.0,0.0,0.0,0.0,0.0,0.0,0.0,0.0,0.0,0.0,0.0,0.0,0.0,0.0,0.0,0.0,0.0,0.0,0.0
0.0,0.6681953802762097,0.6604598114786616,0.2016670858432718,0.0,0.7409522486969932,0.780607689077191,0.3865248394960254,0.7819914609562825,0.6466420494092395,0.6487521247112709,0.1400002304745383,0.6191831858004001,0.2337661305178371,0.0,0.54997536795594,0.0,0.0,0.6329283565438242,0.8322487658494953,0.0,0.7590518275034174,0.5842533599295004,0.0,0.7503394729766177,0.6618162228378122,0.829960186267009,0.5642128525098788,0.7378684391854208,0.0,0.5942610349491831,0.3224180033583916,0.2818344871402238,0.2214744888317965,0.3246683349958736,0.2370975834458246,0.16770954453434,0.3671344654418867,0.2572412139715013,0.0,0.0,0.0,0.5366264163435635,0.0,0.0,0.0,0.0,0.7497937172999662,0.0,0.7201688036497119,0.650284054216714,0.0,0.439203662174596,0.7696113279696749,0.0,0.7095214089379246,0.0,0.0,0.0,0.0,0.0,0.0,0.0,0.6045277789081039,0.0,0.0,0.0,0.6105350769559995,0.0,0.0,0.0,0.7856948128230595,0.0,0.0,0.0,0.0
0.4648113931392883,0.7485642836837022,0.7341560847046704,0.1268982707860361,0.7409522486969932,0.0,0.5634440475944051,0.6816083158148689,0.790235545075987,0.4393600396908444,0.5525006303390918,0.3194726374199279,0.7491930559594071,0.152706285839825,0.5057825037649476,0.4470705456838814,0.5226139582721155,0.4631427348197525,0.5303255155571746,0.730013164056341,0.5984674797318122,0.6217417661113049,0.8038977388809742,0.0,0.7275232788242474,0.7325897611204357,0.6488289308718203,0.5322297235802361,0.5644005449401559,0.0574579326182807,0.3948120541030043,0.2687959411930459,0.3629518645849213,0.2766907715825382,0.2773709719292774,0.1675639670523575,0.3280828520286764,0.3890918393706079,0.2428919822511965,0.0,0.3818009829533775,0.0,0.429698190368224,0.0,0.0,0.0,0.2120144371740086,0.723914926013712,0.0,0.669223197576709,0.8223848576991805,0.6934637176085907,0.6702759456557956,0.7869628794876625,0.0,0.7044494501203591,0.0,0.7752280761511878,0.0,0.5790027774269392,0.0,0.0,0.0,0.5368487986740088,0.6789918500612717,0.467709333330728,0.5832433877670644,0.7238951837858535,0.0,0.0,0.3423395588289833,0.6951811959863354,0.4223443850985792,0.5548554016425223,0.2312472401405715,0.2103373249142376
0.0,0.6160703401979388,0.3214381403792036,0.1841410468420248,0.780607689077191,0.5634440475944051,0.0,0.0908180498648601,0.4726491691153633,0.6463094344464422,0.3374333838867675,0.0,0.5998499545966568,0.1831058111438257,0.0,0.6487483847142732,0.6700828273494994,0.6954768441181325,0.2678081859210497,0.6060165325416214,0.0,0.7071748598094166,0.3191867222093767,0.0,0.735432032826517,0.4878693526039757,0.7557541347540172,0.3805934182988187,0.7899574227342373,0.0,0.6331003271731289,0.3984575927279017,0.2515818515007516,0.3184688777762896,0.434626725906866,0.1068381518819724,0.1220917970386762,0.2879095825209805,0.2846309959108495,0.0,0.3857721996108527,0.0,0.3773950614687905,0.0,0.0,0.0,0.0,0.3933958229557557,0.0,0.0,0.3525230771010128,0.0,0.106793347470013,0.5007118400376022,0.0,0.4282423136408492,0.0,0.0,0.0,0.0,0.0,0.0,0.0,0.2382530776732672,0.0,0.0,0.0,0.3713368276979132,0.0,0.0,0.0,0.6736106730077057,0.0,0.0,0.0,0.0
0.198661319691522,0.4397661536545987,0.6384237331371104,0.0982180423013764,0.3865248394960254,0.6816083158148689,0.0908180498648601,0.0,0.5683703501590147,0.3521723809319744,0.5684157604331059,0.6817297763351939,0.5537657948873635,0.2155825890837647,0.1387813018986185,0.0,0.0,0.0,0.4678623977393752,0.3992554052139191,0.381555108615058,0.1869035162409049,0.6817978023555802,0.4161581507661545,0.2328918581582729,0.4788820501989628,0.2473877397005665,0.4622007482547657,0.0482060214319935,0.0901128320775757,0.1202111104697427,0.0,0.4273833912771497,0.2876945427255323,0.0127965265648208,0.3535204200537857,0.2377502620661176,0.0,0.0,0.0,0.0253620272578184,0.0,0.3688706662198571,0.0,0.0,0.0,0.0,0.5769930221362937,0.0,0.420135796173193,0.5441064661162246,0.339192937553565,0.8741758163117427,0.5506168470469538,0.0,0.6450515567638097,0.0,0.4644890822562451,0.2580459468723,0.1665043658720865,0.0,0.0,0.0,0.4886017093949356,0.3462443546805351,0.2670074228119671,0.0,0.5651397633389222,0.0,0.0,0.0,0.2953770325523142,0.207324803579669,0.0584753461671955,0.0,0.0
0.0,0.731767470560333,0.9190784937671536,0.0,0.7819914609562825,0.790235545075987,0.4726491691153633,0.5683703501590147,0.0,0.5693841684387903,0.8121664722603501,0.130679042788065,0.5945053036572147,0.0,0.0,0.4593511221654077,0.0,0.5777345843867177,0.7938867802218764,0.9051932021236512,0.0,0.785099930084729,0.737798375079069,0.5747069945968062,0.7487388010260679,0.8190265694597642,0.7813495999547594,0.6721017465594644,0.6653451319222459,0.1982306930278962,0.4633355366733394,0.2662705312314319,0.1939082340916234,0.0627189794836764,0.1461328829754879,0.0,0.074277493815599,0.4674167099321474,0.3358420076732513,0.0,0.4887403582682373,0.0,0.6307829146354788,0.0,0.0,0.0,0.0,0.9253291829428666,0.0,0.7738423999649977,0.9087017811808408,0.6676210981427588,0.676756976796077,1.0,0.0,0.846163893512128,0.0,0.8375903325956887,0.262749481103942,0.0,0.0,0.0,0.0,0.7269108399123382,0.0,0.0,0.0,0.7868138641782245,0.0,0.0,0.0,0.9006341055401599,0.6836842537244157,0.0,0.0,0.0
0.5975674071176069,0.0,0.4453570319369557,0.2176294439528881,0.6466420494092395,0.4393600396908444,0.6463094344464422,0.3521723809319744,0.5693841684387903,0.0,0.5200061919651523,0.15309402199849,0.5031139840481132,0.0,0.0,0.5897394527634763,0.6597512915137812,0.596514368911179,0.448623824512202,0.5618015543125842,0.0,0.6160188325954538,0.3925301621837831,0.2927484806697626,0.6629891999666371,0.5844885098317888,0.5961723829370382,0.6693000282926924,0.5895727730169199,0.0,0.6818120098853734,0.1051343072880487,0.2964821429634067,0.3260600100307905,0.2094499603047623,0.2784035954912994,0.1622220112407964,0.3079598798946685,0.0,0.4622735275064558,0.399552421307435,0.0,0.0,0.0,0.082193166798288,0.4569926259505284,0.0,0.0,0.0,0.0,0.0,0.0,0.0,0.0,0.6813590544577188,0.0,0.0503157576693078,0.4707768572739479,0.0,0.0,0.0,0.366536964383902,0.4463814651999871,0.0,0.0,0.0,0.0,0.0,0.1547184470430025,0.5398883444632002,0.2014736502591597,0.0,0.4617839334088367,0.0,0.0,0.3312354966747131
0.0,0.0,0.7778508455514355,0.0,0.6487521247112709,0.5525006303390918,0.3374333838867675,0.5684157604331059,0.8121664722603501,0.5200061919651523,0.0,0.2791162460064074,0.4521149258227893,0.1722065090042606,0.0,0.0,0.3358757107720469,0.0,0.7748556600967482,0.0,0.0,0.0,0.5812175425726728,0.3819919545758099,0.0,0.5625496010799486,0.6070946935688089,0.567170218368524,0.0,0.0,0.3814924426263875,0.0420161208435405,0.1321853989808228,0.0574941879840074,0.0,0.1452637682990813,0.0,0.4066005572747925,0.1222544190420112,0.0,0.0,0.0,0.6269163665529784,0.0,0.0,0.0,0.0,0.76944987250083,0.0,0.6873186712227254,0.6498333014893278,0.4783703385844288,0.6111003718510951,0.7754356140967958,0.0,0.8334765934480736,0.0,0.5714010775687252,0.3393651541102521,0.0,0.0,0.0,0.0,0.7023628426213164,0.0,0.0,0.0,0.6395293063782773,0.0,0.0,0.0,0.6821820012574502,0.6058549087374491,0.0,0.0,0.0
0.0,0.0,0.2771596290758751,0.198036081358592,0.1400002304745383,0.3194726374199279,0.0,0.6817297763351939,0.130679042788065,0.15309402199849,0.2791162460064074,0.0,0.4012413913905546,0.0,0.0,0.0,0.0,0.0,0.3159740355945958,0.0,0.0265872892546697,0.0,0.275495654408526,0.2716776188432626,0.0,0.0712484628419091,0.0,0.4064637678177112,0.0,0.0,0.0567013060056985,0.0,0.2293874305734407,0.21685049467717,0.0,0.526756625319176,0.2591792526722581,0.0,0.0,0.0205773437730591,0.0,0.0,0.1001886069130218,0.0,0.0,0.0,0.0,0.0,0.0,0.0,0.0,0.0,0.0,0.0,0.2088212136718314,0.0,0.7933266150982218,0.118602958984549,0.0,0.0,0.0,0.1615766372612393,0.0,0.0,0.0,0.0,0.0,0.0,0.1482703156080895,0.0,0.0810004429190087,0.0,0.0866991541337242,0.0,0.0,0.0
0.3763451757511532,0.7405931911722992,0.5010771519001318,0.1359204349259071,0.6191831858004001,0.7491930559594071,0.5998499545966568,0.5537657948873635,0.5945053036572147,0.5031139840481132,0.4521149258227893,0.4012413913905546,0.0,0.1094078411682892,0.5012407884715804,0.5837057064717275,0.6795281937998116,0.5658127622411554,0.43490649802777,0.5413599959159336,0.6452279035682221,0.5249624495383608,0.4638941929804101,0.3676902373963921,0.6130348309215305,0.7272498645117097,0.3935525383041123,0.6935030302471319,0.4697809835953703,0.1361998690530313,0.4714013708608277,0.2070708201309179,0.2341596631856006,0.279833012848668,0.239717027952663,0.1184580754978498,0.2615648431927042,0.2987338566186437,0.1220763652604434,0.2505803065956886,0.3558460423010497,0.0,0.3788909508656502,0.0,0.1350106927487614,0.0,0.0,0.5170445892130544,0.0,0.0,0.4910218665470663,0.3759060846628536,0.4319600760814631,0.0,0.0,0.5528332820140825,0.3762622356267431,0.0,0.0,0.4379347901436467,0.0,0.0,0.0,0.0,0.5198529322162536,0.0,0.4167808145065029,0.434147071445325,0.0,0.2387569060565326,0.1456938225520342,0.5179655839309405,0.0,0.4051895093043075,0.0,0.0
0.0,0.0,0.1031188145657176,0.2270970116620735,0.2337661305178371,0.152706285839825,0.1831058111438257,0.2155825890837647,0.0,0.0,0.1722065090042606,0.0,0.1094078411682892,0.0,0.0,0.0,0.0,0.0,0.1823851480591004,0.0,0.0,0.0,0.153316107282919,0.0,0.0,0.0,0.0847548219188805,0.0946895372359905,0.0,0.0,0.2160896384306377,0.0,0.0,0.1503762590812788,0.0,0.4795656684893231,0.2409136483705087,0.0,0.0,0.0,0.0,0.0,0.1536755546489193,0.0,0.0,0.0,0.0,0.0543972761047307,0.0,0.0,0.0,0.0,0.0,0.0,0.0,0.23560019025577,0.0,0.0,0.0,0.0,0.0,0.0,0.0,0.0,0.0,0.0,0.0,0.109001083654855,0.0,0.0,0.0,0.0,0.0,0.0,0.0,0.0
0.6912971525374527,0.6902602351641018,0.0,0.0,0.0,0.5057825037649476,0.0,0.1387813018986185,0.0,0.0,0.0,0.0,0.5012407884715804,0.0,0.0,0.6694983760323714,0.0,0.7289379591920223,0.0,0.8129626530480663,0.7981233510358903,0.8867825234836038,0.4462513979459296,0.355681478836088,0.7366387048322537,0.7120354612474309,0.6594915145496087,0.4419338758100624,0.7290270894621894,0.0,0.622497227853616,0.6057895918280893,0.0620811241179655,0.1616833429488268,0.3646991601302729,0.0,0.0,0.0,0.6145163869328772,0.4085179996932932,0.7542726557788252,0.1341140879225958,0.493874049168212,0.0,0.0,0.0,0.0,0.0,0.0,0.0,0.5953126385393314,0.0,0.2500468344870849,0.0,0.0,0.0,0.0,0.6690560238782326,0.0,0.9116533633994628,0.6877351012298998,0.0,0.0,0.0,0.8235529479843422,0.5486175721622518,0.8605260216583565,0.5733048253380777,0.0,0.4477492823968049,0.39256978943185,0.7935462439891681,0.5838495998361922,0.8071005210097881,0.0,0.7166175835970674
0.6750855953073858,0.6530122091136813,0.0,0.0,0.54997536795594,0.4470705456838814,0.6487483847142732,0.0,0.4593511221654077,0.5897394527634763,0.0,0.0,0.5837057064717275,0.0,0.6694983760323714,0.0,0.863305645899723,0.9046754732534956,0.0,0.5703366651459044,0.695743016426573,0.7820371289204809,0.2613962883612491,0.1411918338165198,0.7611241025269934,0.6319667046991329,0.4940763453680065,0.6348781680586145,0.7621210420100056,0.2697948663792788,0.7764691005750737,0.4688505957550353,0.1613386471693788,0.3594330739670178,0.4566961687199461,0.0,0.0,0.0,0.3348000568608615,0.3240196378125172,0.6377562167967449,0.1917202949232095,0.0,0.0,0.0,0.6792194944268767,0.0,0.0,0.0,0.0,0.0,0.0,0.0,0.0,0.0,0.0,0.0,0.0,0.0,0.6394159883544478,0.7955306044024765,0.0,0.8161159723763536,0.0,0.5519690525309295,0.5278009796657598,0.5922961672420113,0.3094820682353327,0.0,0.4974731527047776,0.1480884688094068,0.6070287688033849,0.0,0.7184401268641539,0.0,0.6130276362043412
0.7031840759051654,0.7941257198542727,0.0,0.0,0.0,0.5226139582721155,0.6700828273494994,0.0,0.0,0.6597512915137812,0.3358757107720469,0.0,0.6795281937998116,0.0,0.0,0.863305645899723,0.0,0.9632789738579672,0.0,0.596122827584993,0.0,0.7774967813887305,0.0,0.3914855282581077,0.8401629589265714,0.8027496138431183,0.0,0.6129716197606424,0.680972674339456,0.0,0.6754450134568065,0.4878974662852449,0.1987394552520288,0.1932762013507594,0.3454972131431543,0.0,0.0,0.415060382082805,0.0,0.4355291310979765,0.0,0.0,0.0,0.0,0.0,0.0,0.0,0.0,0.0,0.0,0.0,0.0,0.0,0.0,0.4021268439654287,0.0,0.0,0.0,0.0,0.0,0.0,0.4283708962482936,0.7006679338481626,0.0,0.0,0.0,0.0,0.0,0.1483240901575596,0.3921108161604758,0.2063324070946951,0.0,0.0,0.0,0.0,0.0
0.7452429260436143,0.7431050026870526,0.0,0.0,0.0,0.4631427348197525,0.6954768441181325,0.0,0.5777345843867177,0.596514368911179,0.0,0.0,0.5658127622411554,0.0,0.7289379591920223,0.9046754732534956,0.9632789738579672,0.0,0.0,0.6054792848754642,0.7073324967145517,0.8464982635641342,0.2784914141817558,0.2832462720400325,0.8961664946228286,0.760194531654405,0.6045569899176365,0.5331363882024813,0.8287207087004147,0.1191887460349638,0.6333995286065862,0.642268158514841,0.0912152849742536,0.1058702655803676,0.4613569659483691,0.0,0.0,0.0,0.5854813951652083,0.3675683955412328,0.7281015197392857,0.2789052836348327,0.0,0.0,0.0,0.6376600645040089,0.0,0.0,0.0,0.0,0.0,0.0,0.0,0.0,0.408005152753257,0.0,0.0,0.0,0.0,0.0,0.7977554244622508,0.3875710456351927,0.7801159558987615,0.0,0.0,0.0,0.7080354039404734,0.0,0.1135359513777641,0.4741192595080284,0.1839864856488826,0.0,0.0,0.0,0.0,0.7147229269207439
0.0,0.0,0.8762281444329276,0.0694190670241962,0.6329283565438242,0.5303255155571746,0.2678081859210497,0.4678623977393752,0.7938867802218764,0.448623824512202,0.7748556600967482,0.3159740355945958,0.43490649802777,0.1823851480591004,0.0,0.0,0.0,0.0,0.0,0.0,0.0,0.0,0.5808040100597409,0.0,0.0,0.0,0.4885988510380821,0.6864285407978556,0.0,0.0,0.5009204366871877,0.0,0.0,0.0574438931883774,0.0,0.1329686205313402,0.0,0.2882618785764457,0.0125466305609432,0.0,0.0,0.0,0.4534719833908456,0.0,0.0,0.0,0.0,0.7826805440096072,0.0,0.644007739312131,0.6787437684590439,0.4594924358409841,0.5209177286933312,0.7519172636881774,0.0,0.7308642631521978,0.0,0.6153864596088869,0.448705577901338,0.0,0.0,0.0,0.0,0.8323065306446369,0.0,0.0,0.0,0.564894638850547,0.0,0.0,0.0,0.5985774989820958,0.0,0.0,0.0,0.0
0.7376672186377171,0.7084370019818763,0.0,0.0,0.8322487658494953,0.730013164056341,0.6060165325416214,0.3992554052139191,0.9051932021236512,0.5618015543125842,0.0,0.0,0.5413599959159336,0.0,0.8129626530480663,0.5703366651459044,0.596122827584993,0.6054792848754642,0.0,0.0,0.7428437257782647,0.9063960375190666,0.6214024088829048,0.0,0.7593733410658066,0.7454596100647409,0.8285441475980295,0.5901159708010533,0.8106999689679049,0.2565748411760377,0.5932432810557052,0.4307574548112612,0.2459968860098437,0.1925092873469006,0.3201773302283696,0.0274494826052361,0.0811305913557051,0.0,0.3946633346374181,0.5618175901944886,0.6522683486387988,0.1055386330970975,0.5541430540001115,0.0,0.0,0.0,0.1372248794011283,0.0,0.0,0.0,0.7895903571979852,0.0,0.5382960635899238,0.0,0.0,0.0,0.0,0.7788415047723862,0.0,0.8409523018230332,0.5201581871683664,0.0,0.0,0.0,0.9505689009217552,0.6467997574702715,0.9040830940445318,0.723452163678894,0.0,0.5546959890479249,0.4853725490607771,0.8782101553749931,0.5788626430320405,0.8093120001439634,0.5407296228504026,0.5504180496385048
0.7303612277970903,0.7543188471727162,0.0,0.0,0.0,0.5984674797318122,0.0,0.381555108615058,0.0,0.0,0.0,0.0265872892546697,0.6452279035682221,0.0,0.7981233510358903,0.695743016426573,0.0,0.7073324967145517,0.0,0.7428437257782647,0.0,0.8007385078240068,0.5691939378273265,0.4379591825151357,0.725535218505239,0.7526321157401917,0.5548787185624088,0.605415018980587,0.7072342466187053,0.0,0.6306350942349234,0.4298545576683188,0.1727528887148898,0.2488811425752841,0.3692382945109503,0.0,0.0,0.0,0.3761539711218551,0.4998319841939739,0.7252670837051991,0.0603378377575128,0.0,0.0,0.0,0.5707098803351729,0.0,0.0,0.0,0.0,0.6533112241481734,0.0,0.4612514887121989,0.0,0.0,0.0,0.0,0.7491196686006718,0.0,0.783227362249666,0.5854032921180632,0.0,0.0,0.0,0.7397554754384055,0.7370477543782304,0.7191100612430887,0.6756057401858583,0.0,0.4847069117693929,0.4300465957529942,0.7424736514855527,0.5798930515304683,0.7626908506189957,0.0,0.5279486941499634
0.7864071169500005,0.8137827162881003,0.0,0.0,0.7590518275034174,0.6217417661113049,0.7071748598094166,0.1869035162409049,0.785099930084729,0.6160188325954538,0.0,0.0,0.5249624495383608,0.0,0.8867825234836038,0.7820371289204809,0.7774967813887305,0.8464982635641342,0.0,0.9063960375190666,0.8007385078240068,0.0,0.494003888277412,0.0,0.9023809921669588,0.8148688185893916,0.8000180746963701,0.536541651523018,0.8938385290359468,0.1919763386443635,0.6720535785187843,0.63450822756344,0.1585613934995738,0.1541405994004776,0.4121327827432503,0.0,0.0508121905987283,0.0,0.6065826104150721,0.5376619460559465,0.7774245497590132,0.2195011328636645,0.5471737138626106,0.0,0.0,0.5961177541262368,0.056102980893056,0.0,0.0,0.0,0.6713905465355642,0.0,0.0,0.0,0.0,0.0,0.0,0.0,0.0,0.8805419711529665,0.7641582429629152,0.0,0.5677520948377262,0.0,0.9055906609334828,0.6247821967957323,0.9345808114384272,0.6262619415509547,0.0,0.5886579716325783,0.4040728021107639,0.9062223059146056,0.6030108116288844,0.8938305709143267,0.0,0.7262603292892135
0.5305374827547705,0.5502676613389713,0.7829641499817538,0.0,0.5842533599295004,0.8038977388809742,0.3191867222093767,0.6817978023555802,0.737798375079069,0.3925301621837831,0.5812175425726728,0.275495654408526,0.4638941929804101,0.153316107282919,0.4462513979459296,0.2613962883612491,0.0,0.2784914141817558,0.5808040100597409,0.6214024088829048,0.5691939378273265,0.494003888277412,0.0,0.5317069637816454,0.5135569728796711,0.6507643860583419,0.5199210187260666,0.4684237919664152,0.4067592881633355,0.1838477563337508,0.2457823455720177,0.1937310898029004,0.2160610869509031,0.1144546086627356,0.055701301951523,0.1704756034503717,0.1759774062692291,0.3961700512071443,0.2595494494791845,0.4174052571563084,0.353135876509794,0.0,0.4708602584539997,0.5185543222301346,0.0,0.0,0.347835350430095,0.777468322833321,0.0,0.540980022401593,0.8690032045812109,0.5326772387921483,0.7859618552937789,0.7236261777839491,0.0,0.7023867563729458,0.0,0.7058759578207099,0.3025314480063939,0.5160350075046833,0.0,0.0,0.0,0.5579178720439278,0.6043988539111624,0.5541625440717295,0.5305079419044494,0.9289447491720212,0.0,0.4991246873376853,0.6305316410092905,0.6112159059304658,0.4236255976281242,0.5364100095226819,0.2418083526511883,0.2266844184375973
0.5360316123263861,0.0,0.0,0.0,0.0,0.0,0.0,0.4161581507661545,0.5747069945968062,0.2927484806697626,0.3819919545758099,0.2716776188432626,0.3676902373963921,0.0,0.355681478836088,0.1411918338165198,0.3914855282581077,0.2832462720400325,0.0,0.0,0.4379591825151357,0.0,0.5317069637816454,0.0,0.3210848424733637,0.733853648561252,0.1317051585171897,0.4095587534146376,0.0,0.0,0.0611774728177166,0.1963496544575982,0.0,0.0,0.0,0.0,0.0,0.4839844977194982,0.3354535411941709,0.5009553162324206,0.4275444283427508,0.0,0.0,0.0,0.5064107299225729,0.2886191258748254,0.0,0.0,0.0,0.0,0.0,0.0,0.0,0.0,0.2282600627494145,0.0,0.4224113564501589,0.0,0.0,0.0,0.2498862699420343,0.1643455717797686,0.2445263831265936,0.0,0.0,0.0,0.0,0.0,0.8488067741982899,0.1796967106792623,0.7486257089275383,0.0,0.5359309076178578,0.0,0.0,0.4438892009525413
0.719613599598887,0.909401673346076,0.0,0.0,0.7503394729766177,0.7275232788242474,0.735432032826517,0.2328918581582729,0.7487388010260679,0.6629891999666371,0.0,0.0,0.6130348309215305,0.0,0.7366387048322537,0.7611241025269934,0.8401629589265714,0.8961664946228286,0.0,0.7593733410658066,0.725535218505239,0.9023809921669588,0.5135569728796711,0.3210848424733637,0.0,0.8639812879620493,0.7547451423708054,0.4827045019585579,0.8189023375508765,0.0,0.5389463365099775,0.5513090067623915,0.1734592474857643,0.1127358177422259,0.3855728872007669,0.0,0.0,0.4385199644291784,0.4850303185966818,0.4275937218420291,0.6848694149385934,0.2415403268864987,0.0,0.0,0.0,0.4819264000271288,0.0,0.0,0.0,0.0,0.0,0.0,0.0,0.0,0.3398993281816164,0.0,0.0,0.6663250373262523,0.0,0.749093517723607,0.5982577479520836,0.1585424619387582,0.5245111227172367,0.0,0.8064278673249199,0.5240518779033041,0.7694729453039648,0.5960517387471258,0.0554172632545151,0.6381867082375241,0.2939791780723089,0.0,0.0,0.8223266516980634,0.0,0.5768624246678824
0.7759661402422746,0.9462941444785904,0.0,0.0,0.6618162228378122,0.7325897611204357,0.4878693526039757,0.4788820501989628,0.8190265694597642,0.5844885098317888,0.5625496010799486,0.0712484628419091,0.7272498645117097,0.0,0.7120354612474309,0.6319667046991329,0.8027496138431183,0.760194531654405,0.0,0.7454596100647409,0.7526321157401917,0.8148688185893916,0.6507643860583419,0.733853648561252,0.8639812879620493,0.0,0.5622033287315901,0.5782442982021652,0.6129956595594447,0.0,0.3883586892344633,0.4786587619738005,0.17638990016273,0.0,0.288191040579071,0.0,0.0,0.5360035984774087,0.4684687109141585,0.5648176062863066,0.721388741334107,0.1785878338181362,0.0,0.0,0.4357214813933324,0.4367499273681217,0.0,0.0,0.0,0.0,0.7204955892324014,0.0,0.0,0.0,0.2976954572876382,0.0,0.1765035779240532,0.7897030666810583,0.0,0.6885439544399119,0.4624021769389577,0.1671035314864626,0.4363538702674263,0.0,0.8416082427033396,0.4783891120645506,0.7826384282812066,0.6905955633847985,0.4034583130038188,0.4222021866532054,0.530352462045266,0.8171929901792162,0.6046859650861289,0.7147640090272994,0.0,0.568910185817251
0.5229540099929932,0.5919990736238678,0.6051813820620439,0.02761885962663,0.829960186267009,0.6488289308718203,0.7557541347540172,0.2473877397005665,0.7813495999547594,0.5961723829370382,0.6070946935688089,0.0,0.3935525383041123,0.0847548219188805,0.6594915145496087,0.4940763453680065,0.0,0.6045569899176365,0.4885988510380821,0.8285441475980295,0.5548787185624088,0.8000180746963701,0.5199210187260666,0.1317051585171897,0.7547451423708054,0.5622033287315901,0.0,0.4055277516990761,0.8543985481760553,0.1124698972876245,0.5270994977807854,0.4118709272279108,0.275183362733382,0.108867753907959,0.295966890841947,0.0588371297867811,0.053353561332447,0.3946560222754781,0.4225557198063754,0.3663400062219724,0.4462653396987125,0.0615358799703236,0.5102675076147871,0.5145919121149013,0.0,0.0,0.2243181802080115,0.7186907398360951,0.0,0.678972779040894,0.6241988557626877,0.8083329643075814,0.3251557537817109,0.7793677287753907,0.0,0.6484831576110142,0.0,0.5513458547952949,0.0953447805543801,0.7384455974603803,0.0,0.0,0.0,0.4955098402927956,0.8002625894964125,0.522600216539167,0.7282569373078289,0.5866815958131038,0.0,0.0,0.2634104133895692,0.885655511241721,0.4313680662856578,0.7504198799758945,0.3874133662347393,0.4719453223587929
0.5311158911478572,0.5112651204154754,0.6539173073346283,0.0818685461374378,0.5642128525098788,0.5322297235802361,0.3805934182988187,0.4622007482547657,0.6721017465594644,0.6693000282926924,0.567170218368524,0.4064637678177112,0.6935030302471319,0.0946895372359905,0.4419338758100624,0.6348781680586145,0.6129716197606424,0.5331363882024813,0.6864285407978556,0.5901159708010533,0.605415018980587,0.536541651523018,0.4684237919664152,0.4095587534146376,0.4827045019585579,0.5782442982021652,0.4055277516990761,0.0,0.5422030788822746,0.5663624017731949,0.7122550473744924,0.0,0.15627393681988,0.3176438102803548,0.06029363229833,0.1536783776794059,0.2257918223261888,0.2519216311852636,0.0,0.42140460747863,0.2799153650510615,0.0,0.4128665440578087,0.0,0.092147013971144,0.0,0.0,0.5613387290618628,0.0,0.0,0.5360917624493607,0.0,0.4739058573567026,0.6322776571704143,0.6157514528981727,0.0,0.2994681550598561,0.6831332061893142,0.0,0.4406034139509306,0.0,0.0,0.0,0.0,0.5654265682736603,0.5576131579268205,0.4644556874004381,0.4760909228697717,0.0,0.3603272277774003,0.3031058224789811,0.5255755971832196,0.7697680867416627,0.5418345599068762,0.0,0.4581001145801113
0.6596489828115759,0.6363942448284037,0.0,0.0,0.7378684391854208,0.5644005449401559,0.7899574227342373,0.0482060214319935,0.6653451319222459,0.5895727730169199,0.0,0.0,0.4697809835953703,0.0,0.7290270894621894,0.7621210420100056,0.680972674339456,0.8287207087004147,0.0,0.8106999689679049,0.7072342466187053,0.8938385290359468,0.4067592881633355,0.0,0.8189023375508765,0.6129956595594447,0.8543985481760553,0.5422030788822746,0.0,0.2916901684167345,0.6904730505470617,0.4550831641431561,0.1041027178290678,0.1805514817717375,0.3703751098300376,0.0,0.0782702069116786,0.0,0.4494813116419059,0.3388843867049405,0.6144954358315702,0.1206808526179488,0.4219315160264814,0.0,0.0,0.0,0.0284674871018432,0.5599376568494434,0.0,0.0,0.5566134604648048,0.6541058901667464,0.1712197418639482,0.6728240111782737,0.0,0.0,0.0,0.6471202987059874,0.0,0.8189250669260867,0.0,0.0,0.0,0.0,0.7882286687651103,0.6386535044039191,0.7490390862651785,0.5167771340082049,0.0,0.0,0.2378555087475348,0.8464379544608862,0.5493062044631294,0.9055507213292374,0.5645917456901325,0.6252369836748594
0.0,0.0,0.0,0.0,0.0,0.0574579326182807,0.0,0.0901128320775757,0.1982306930278962,0.0,0.0,0.0,0.1361998690530313,0.0,0.0,0.2697948663792788,0.0,0.1191887460349638,0.0,0.2565748411760377,0.0,0.1919763386443635,0.1838477563337508,0.0,0.0,0.0,0.1124698972876245,0.5663624017731949,0.2916901684167345,0.0,0.4299049288902217,0.0,0.0,0.115704369440512,0.0,0.0,0.0,0.0,0.0,0.0,0.0,0.0,0.0,0.0,0.0,0.0,0.0,0.0,0.0,0.0,0.0,0.0,0.0,0.0,0.0,0.0,0.0,0.0,0.0,0.0,0.0,0.0,0.0,0.0,0.169881791669659,0.0,0.0,0.1838919926520431,0.0,0.0,0.0,0.1397296336056103,0.0,0.248369343654821,0.0,0.0
0.5478755929628565,0.4660188668015343,0.4145232002100452,0.1890351244383248,0.5942610349491831,0.3948120541030043,0.6331003271731289,0.1202111104697427,0.4633355366733394,0.6818120098853734,0.3814924426263875,0.0567013060056985,0.4714013708608277,0.2160896384306377,0.622497227853616,0.7764691005750737,0.6754450134568065,0.6333995286065862,0.5009204366871877,0.5932432810557052,0.6306350942349234,0.6720535785187843,0.2457823455720177,0.0611774728177166,0.5389463365099775,0.3883586892344633,0.5270994977807854,0.7122550473744924,0.6904730505470617,0.4299049288902217,0.0,0.1388287322693922,0.2303484662542599,0.5460164294245344,0.2613212183386845,0.2499368374832732,0.1552879167310659,0.2266557717506075,0.0735633205882601,0.3777019062752025,0.3733353634101355,0.0,0.3538568461324862,0.0,0.0,0.0,0.0,0.0,0.0,0.0,0.4229383210907051,0.0,0.1911657323479781,0.0,0.6025052083003949,0.0,0.0,0.0,0.0,0.564574537629558,0.6221826389054376,0.4847549773043061,0.6671821260811677,0.0,0.5271331118792266,0.626901019319113,0.5315313991017394,0.3684507638529273,0.069224781316153,0.5000120155223858,0.1546524767931298,0.5666786768538593,0.662091644444824,0.6607663930325502,0.0,0.5510925489796598
0.4157392911597699,0.4445827585103608,0.0865289306867123,0.0,0.3224180033583916,0.2687959411930459,0.3984575927279017,0.0,0.2662705312314319,0.1051343072880487,0.0420161208435405,0.0,0.2070708201309179,0.0,0.6057895918280893,0.4688505957550353,0.4878974662852449,0.642268158514841,0.0,0.4307574548112612,0.4298545576683188,0.63450822756344,0.1937310898029004,0.1963496544575982,0.5513090067623915,0.4786587619738005,0.4118709272279108,0.0,0.4550831641431561,0.0,0.1388287322693922,0.0,0.0,0.0,0.37013991917079,0.0,0.0,0.2179340293804685,0.8200839030829838,0.1768566872945055,0.5860419200839394,0.3707877343464693,0.3421094060222071,0.3966610290196991,0.2281407915929756,0.3246618515262479,0.0730677813324645,0.2512556653610741,0.0,0.0915921456117712,0.3077228508095828,0.1913144437868286,0.0,0.2851226587969326,0.0,0.1138425763442183,0.0,0.3290768411193626,0.0,0.6229211874646673,0.5615990842172516,0.0664962567069528,0.3715325112314291,0.0,0.4892289717742258,0.2151863176504393,0.5888329442482243,0.2813967894612161,0.0663536564064266,0.2778723673804397,0.2989530932870339,0.5217382022163928,0.0398802656891655,0.55608793916369,0.0,0.4131251134828332
0.1645823628636835,0.2159650441746478,0.2073298809663798,0.0,0.2818344871402238,0.3629518645849213,0.2515818515007516,0.4273833912771497,0.1939082340916234,0.2964821429634067,0.1321853989808228,0.2293874305734407,0.2341596631856006,0.0,0.0620811241179655,0.1613386471693788,0.1987394552520288,0.0912152849742536,0.0,0.2459968860098437,0.1727528887148898,0.1585613934995738,0.2160610869509031,0.0,0.1734592474857643,0.17638990016273,0.275183362733382,0.15627393681988,0.1041027178290678,0.0,0.2303484662542599,0.0,0.0,0.5680966911367564,0.2770787208517131,0.3089156896741771,0.2359095465767282,0.2713603405974987,0.0,0.5057585464737548,0.0665662248516065,0.0167082159767943,0.0,0.0,0.0,0.0601693412071401,0.1273543454748234,0.0,0.0,0.0,0.0,0.0,0.0,0.0,0.1121936997521051,0.0,0.223200759169213,0.0,0.0,0.12010824514151,0.0,0.0430881726327296,0.0093397124468554,0.0,0.1308155878182714,0.1899999747775793,0.0897990000172774,0.1486250830847265,0.0,0.1274325247659449,0.0,0.1583020159878707,0.0,0.0,0.0,0.0
0.1385216202434517,0.1300582984883114,0.0254484646240857,0.288141942835597,0.2214744888317965,0.2766907715825382,0.3184688777762896,0.2876945427255323,0.0627189794836764,0.3260600100307905,0.0574941879840074,0.21685049467717,0.279833012848668,0.1503762590812788,0.1616833429488268,0.3594330739670178,0.1932762013507594,0.1058702655803676,0.0574438931883774,0.1925092873469006,0.2488811425752841,0.1541405994004776,0.1144546086627356,0.0,0.1127358177422259,0.0,0.108867753907959,0.3176438102803548,0.1805514817717375,0.115704369440512,0.5460164294245344,0.0,0.5680966911367564,0.0,0.3262976838648916,0.4112200136681244,0.3063745041104991,0.0940592229049993,0.0,0.2530432196409251,0.1203895933451218,0.0,0.0,0.0,0.0,0.1928740559301269,0.0234235737501367,0.0459351721053082,0.0,0.0,0.0181208287028253,0.3327210247607161,0.2151617252487763,0.1197881731577569,0.2320075561355365,0.0,0.184634193775165,0.110430429766144,0.0,0.1665489161783666,0.0348470607489678,0.1882406509111654,0.1595233557244076,0.0,0.0,0.2707906017032896,0.0263140578905917,0.0532739140012644,0.0,0.0997044474504807,0.0,0.0387506803352252,0.0236453748076012,0.0508399877563712,0.0,0.0
0.279723994167084,0.4101210180847002,0.0406101179201531,0.064025206230484,0.3246683349958736,0.2773709719292774,0.434626725906866,0.0127965265648208,0.1461328829754879,0.2094499603047623,0.0,0.0,0.239717027952663,0.0,0.3646991601302729,0.4566961687199461,0.3454972131431543,0.4613569659483691,0.0,0.3201773302283696,0.3692382945109503,0.4121327827432503,0.055701301951523,0.0,0.3855728872007669,0.288191040579071,0.295966890841947,0.06029363229833,0.3703751098300376,0.0,0.2613212183386845,0.37013991917079,0.2770787208517131,0.3262976838648916,0.0,0.0,0.0,0.1750167840715875,0.1959142835319819,0.1791010652085456,0.3592045350424465,0.3446972137800846,0.0371723129190241,0.0518365336389038,0.0445215178845825,0.0,0.0,0.0,0.0,0.0,0.1726472245590722,0.0,0.0,0.0,0.0,0.0,0.0,0.2154347102750891,0.0,0.3191667186091487,0.267701285673436,0.0,0.0,0.0,0.2273849108406734,0.0,0.2735637183132023,0.1033433080916904,0.0,0.2610668693833713,0.0052676750696965,0.3013166158499163,0.0,0.2777675969997699,0.0,0.0
0.0,0.0,0.0615806813327242,0.4036125537698881,0.2370975834458246,0.1675639670523575,0.1068381518819724,0.3535204200537857,0.0,0.2784035954912994,0.1452637682990813,0.526756625319176,0.1184580754978498,0.4795656684893231,0.0,0.0,0.0,0.0,0.1329686205313402,0.0274494826052361,0.0,0.0,0.1704756034503717,0.0,0.0,0.0,0.0588371297867811,0.1536783776794059,0.0,0.0,0.2499368374832732,0.0,0.3089156896741771,0.4112200136681244,0.0,0.0,0.3133219805879272,0.0,0.0,0.0397922825376337,0.0,0.0,0.0775807686416263,0.0,0.0,0.0,0.0,0.0851764033064877,0.0,0.1993534605785734,0.0,0.182628085885511,0.2548155855826531,0.0,0.0,0.2354890047760783,0.3859497664976994,0.0,0.0,0.0,0.0,0.0,0.0,0.1235555637094326,0.0,0.0,0.0,0.0619492148680554,0.0,0.0,0.0,0.0,0.0,0.0,0.0,0.0
0.0,0.0,0.027806402502384,0.2705825726225099,0.16770954453434,0.3280828520286764,0.1220917970386762,0.2377502620661176,0.074277493815599,0.1622220112407964,0.0,0.2591792526722581,0.2615648431927042,0.2409136483705087,0.0,0.0,0.0,0.0,0.0,0.0811305913557051,0.0,0.0508121905987283,0.1759774062692291,0.0,0.0,0.0,0.053353561332447,0.2257918223261888,0.0782702069116786,0.0,0.1552879167310659,0.0,0.2359095465767282,0.3063745041104991,0.0,0.3133219805879272,0.0,0.0,0.0,0.0,0.0,0.011870425314464,0.0366510764370675,0.0,0.0,0.0,0.0,0.0,0.0,0.0,0.0,0.0,0.0,0.0,0.0,0.0,0.0,0.0,0.0,0.0,0.0,0.0,0.0,0.0,0.0,0.0,0.0,0.0842626574244389,0.0,0.0,0.0,0.0,0.0,0.0,0.0,0.0
0.5444379022154449,0.0,0.0,0.156046377986092,0.3671344654418867,0.3890918393706079,0.2879095825209805,0.0,0.4674167099321474,0.3079598798946685,0.4066005572747925,0.0,0.2987338566186437,0.0,0.0,0.0,0.415060382082805,0.0,0.2882618785764457,0.0,0.0,0.0,0.3961700512071443,0.4839844977194982,0.4385199644291784,0.5360035984774087,0.3946560222754781,0.2519216311852636,0.0,0.0,0.2266557717506075,0.2179340293804685,0.2713603405974987,0.0940592229049993,0.1750167840715875,0.0,0.0,0.0,0.2939548521342064,0.4863982937740847,0.4179066024379249,0.1120904476638506,0.0,0.0,0.5752361725725164,0.0,0.0,0.0,0.0,0.0,0.0,0.0,0.0,0.0,0.1408545685011709,0.0,0.1397306081620643,0.0,0.0,0.0,0.0,0.0,0.0,0.0,0.0,0.0,0.0,0.0,0.3263020265005509,0.3077935996648468,0.4193848969437425,0.0,0.4350288761824896,0.0,0.0,0.0
0.4230493279985169,0.3846908466562324,0.1731348538777631,0.0,0.2572412139715013,0.2428919822511965,0.2846309959108495,0.0,0.3358420076732513,0.0,0.1222544190420112,0.0,0.1220763652604434,0.0,0.6145163869328772,0.3348000568608615,0.0,0.5854813951652083,0.0125466305609432,0.3946633346374181,0.3761539711218551,0.6065826104150721,0.2595494494791845,0.3354535411941709,0.4850303185966818,0.4684687109141585,0.4225557198063754,0.0,0.4494813116419059,0.0,0.0735633205882601,0.8200839030829838,0.0,0.0,0.1959142835319819,0.0,0.0,0.2939548521342064,0.0,0.18776618822781,0.5934773016454065,0.311849403765059,0.4637513040556694,0.5755911203451856,0.3762386060355879,0.3459230371775446,0.1798370318455852,0.2763519196784543,0.0,0.1226473225551325,0.4440308703940193,0.1573672386799595,0.0,0.3884754700177994,0.0,0.1260848563803265,0.0,0.4347622692952139,0.0,0.647931320416255,0.6082526443511959,0.0,0.3933682592307745,0.0,0.5349429920856215,0.2682732050610538,0.6491131843086234,0.3904635179861975,0.3030010449154415,0.2869042758365112,0.4544442937858747,0.5510916157575257,0.2254791411513269,0.6506534570241492,0.4689824964089205,0.5920354014943823
0.5980612388893937,0.5276330640806633,0.0,0.0,0.0,0.0,0.0,0.0,0.0,0.4622735275064558,0.0,0.0205773437730591,0.2505803065956886,0.0,0.4085179996932932,0.3240196378125172,0.4355291310979765,0.3675683955412328,0.0,0.5618175901944886,0.4998319841939739,0.5376619460559465,0.4174052571563084,0.5009553162324206,0.4275937218420291,0.5648176062863066,0.3663400062219724,0.42140460747863,0.3388843867049405,0.0,0.3777019062752025,0.1768566872945055,0.5057585464737548,0.2530432196409251,0.1791010652085456,0.0397922825376337,0.0,0.4863982937740847,0.18776618822781,0.0,0.5463383840396517,0.1233906233479917,0.468765529734359,0.3403642657766112,0.3531068320573488,0.403195964351633,0.1241086031171327,0.5203513131042673,0.0,0.2899798098809081,0.5133389210058908,0.3093170334718871,0.5127815925916004,0.5352314003694738,0.3521389350770543,0.3883192910181777,0.1686853288888337,0.480257414040285,0.0,0.4180869963065147,0.2915975438684676,0.0893372944159586,0.2227329343007009,0.4121202124262682,0.5401392433537455,0.5181511962572962,0.5277218791795459,0.5600476340259996,0.4474375869667893,0.4076539981107425,0.4962311020215448,0.5496192381311716,0.4317628814435668,0.4955104132562692,0.3552638010659989,0.3292099723724865
0.7251204065939042,0.6925287558891963,0.3809727846004835,0.0,0.0,0.3818009829533775,0.3857721996108527,0.0253620272578184,0.4887403582682373,0.399552421307435,0.0,0.0,0.3558460423010497,0.0,0.7542726557788252,0.6377562167967449,0.0,0.7281015197392857,0.0,0.6522683486387988,0.7252670837051991,0.7774245497590132,0.353135876509794,0.4275444283427508,0.6848694149385934,0.721388741334107,0.4462653396987125,0.2799153650510615,0.6144954358315702,0.0,0.3733353634101355,0.5860419200839394,0.0665662248516065,0.1203895933451218,0.3592045350424465,0.0,0.0,0.4179066024379249,0.5934773016454065,0.5463383840396517,0.0,0.3436329676838479,0.4213816068752036,0.5074870450924622,0.4003649899924845,0.565214338044362,0.0,0.5046061720652396,0.0,0.281902768702818,0.5253872330390084,0.1942962581686855,0.1751368673917083,0.5243426815985504,0.2391725144244838,0.33819517832035,0.0,0.616467030192768,0.0,0.7709789760599606,0.6939590626899467,0.1262342193699868,0.5060603198731775,0.2232382032488441,0.708940162793665,0.4973796102662446,0.7789772300680836,0.530899617040758,0.2945271248430327,0.4420442613507261,0.4742662550219923,0.7191282195480604,0.4616016399835249,0.7402167450149053,0.5867743790632859,0.6294434140424856
