0.0,0.5772939672071229,0.0,0.0,0.0,0.2277293391368291,0.0,0.0,0.0,0.5566859431436165,0.0,0.0,0.1794462078026212,0.0,0.2597667036617997,0.773981431459259,0.7256872985385114,0.6056642802507464,0.0,0.2812778308220637,0.7131416002691284,0.4386548047805875,0.2068271229787208,0.5843355853286615,0.6355525871564864,0.6983421065724403,0.1582160341120709,0.134621079516251,0.6194416415514373,0.0,0.6641135381521831,0.6312406420027922,0.4465929812312065,0.2676061477010881,0.4093967696487258,0.0,0.0,0.4521880263514338,0.4989232917825024,0.506547731981062,0.4102828709561201,0.0,0.0,0.0,0.0,0.8963433718015337,0.3843069960240955,0.0,0.0,0.0,0.0,0.0,0.0,0.0,0.4014525093054312,0.0,0.0,0.0,0.0,0.0,0.5173801978831657,0.0,0.2680910390184734,0.0,0.0,0.6158825353932228,0.2476305372087026,0.0,0.5364540485012221,0.6316428906703291,0.748267941894882,0.0,0.0,0.0,0.0,0.5105803824840628
0.5772939672071229,0.0,0.0,0.0,0.3589618443025397,0.663128251808308,0.5565343262563194,0.3724652624314789,0.3273724093957822,0.0,0.0,0.0,0.6945208910078727,0.0,0.4854844984410357,0.8010575960509013,0.8423148780374978,0.8841740502928495,0.0,0.4985111395326965,0.6503737631981588,0.6233231778824362,0.5002006475801004,0.0,0.9347514518641225,0.7834500517317504,0.41314712037613,0.5183355400679172,0.8560776452213994,0.0,0.5813783695324132,0.3094067755569977,0.3217163768194044,0.3223154752537799,0.0,0.0,0.0,0.0,0.1094043056549555,0.0856264708314056,0.3578232813050488,0.0,0.0,0.0,0.0,0.4112322878403112,0.7953825938961077,0.0,0.0,0.0,0.4819229033888003,0.0,0.0,0.0,0.0,0.0,0.0,0.0,0.0,0.5042184346220732,0.3396880946210193,0.0,0.5689526543989106,0.0,0.4902636625066767,0.5703870285540072,0.4257926473904525,0.4662180448912403,0.0,0.5736723302374122,0.5426020973011845,0.4314557674545759,0.0,0.6987819094333052,0.0,0.2280915324814476
0.0,0.0,0.0,0.2551019378925865,0.7780980308112998,0.8509368671758273,0.4090614181631937,0.5448624054084118,0.95582456038019,0.2698862013782057,0.9602495770925638,0.6771924510281131,0.8308148171692975,0.0,0.0,0.0,0.0,0.0,0.9248174296461756,0.0,0.0,0.0,0.8108663865672533,0.0,0.0,0.0,0.9551640890104646,0.8462208759521171,0.0,0.0,0.2659533416868566,0.0,0.0,0.0,0.0,0.2880186271009875,0.3549717639422814,0.0,0.0,0.0,0.0,0.0,0.2759589623212911,0.0,0.0,0.0,0.0,0.9832412409794452,0.0,0.8913600253824885,0.8016476103223577,0.4201173500739396,0.6399532650455979,0.9553753124770192,0.0,0.958614922338865,0.0,0.6493207210324968,0.2034832302610812,0.0,0.0,0.0,0.0,0.8796496153089318,0.0,0.0,0.0,0.8479653986990322,0.0,0.0,0.0,0.858903207116723,0.7295340510802866,0.0,0.0,0.0
0.0,0.0,0.2551019378925865,0.0,0.0954876488406936,0.2422685713765978,0.0891020792111801,0.3644293826066678,0.1664209350319516,0.2377554196715319,0.2753981697188095,0.3127393177377197,0.3908815792979382,0.0,0.0,0.0,0.0,0.0,0.2431309857875999,0.2873123162210831,0.0,0.0,0.3109247195620351,0.0,0.0,0.0,0.2200951007633423,0.4761435965012019,0.2605121074614495,0.0,0.2823871620507131,0.0,0.0,0.3061038506246305,0.0,0.4230361263870505,0.4560032274775402,0.0,0.0,0.0,0.0,0.0,0.0,0.0,0.0,0.0,0.0,0.0,0.0,0.0,0.0,0.0,0.0,0.0,0.0,0.0,0.0,0.0,0.0,0.0,0.0,0.0,0.0,0.0,0.0,0.0,0.0,0.0,0.0,0.0,0.0,0.0,0.0,0.0,0.0,0.0
0.0,0.3589618443025397,0.7780980308112998,0.0954876488406936,0.0,0.8299043170997914,0.7695280523539976,0.1761580102581091,0.8448366304074001,0.2606565522756429,0.672585689903736,0.4763834132003918,0.7116689082734231,0.3626207523077891,0.0,0.3271391397012061,0.0,0.0,0.6691206829704519,0.8291682084476557,0.0,0.7762953527002907,0.6214321413417498,0.0,0.2254556246215184,0.5842439528172467,0.8229692141910351,0.54970370507547,0.5846146415812598,0.0,0.1782292395901976,0.1922022254046574,0.0,0.0,0.2826944906999954,0.136897824544579,0.0676160259080676,0.4667646011117163,0.2377078170612201,0.0,0.0,0.0,0.5323141332646371,0.0,0.0,0.0,0.0,0.831215928341745,0.0,0.7743593788546899,0.7121552599597846,0.0,0.2886663017512468,0.7966230465182307,0.0,0.7749875368087122,0.0,0.0,0.0,0.0,0.0,0.0,0.0,0.7398037823235257,0.0,0.0,0.0,0.6140669410236997,0.0,0.0,0.0,0.6566098141677201,0.0,0.0,0.0,0.0
0.2277293391368291,0.663128251808308,0.8509368671758273,0.2422685713765978,0.8299043170997914,0.0,0.6478699323412941,0.624186606408051,0.841003289466057,0.5820296269967011,0.8410974280646164,0.7702559701973908,0.9490358307919384,0.0,0.699853420854131,0.399728494940432,0.5054889692622268,0.6185791583817479,0.7726479533159021,0.8127204863328973,0.39182415146922,0.7733275495827228,0.9209719236896298,0.0,0.4884998496091568,0.6487101117118392,0.8264282675178004,0.8029369635243588,0.7667860271770056,0.5252795707677662,0.4603007288444428,0.0620791743020633,0.0,0.0406939416310882,0.0,0.1839489831517722,0.2755712689535677,0.2784679458067196,0.0,0.0,0.0,0.0,0.3578611961710246,0.0,0.0,0.0,0.7602295619648547,0.8191961413480678,0.0,0.7732071665573886,0.8718812711289342,0.5018738158676619,0.7036718344933366,0.8060182612295717,0.0,0.8390104125306819,0.0,0.7785442848819784,0.0,0.6309461278149023,0.0,0.0,0.0,0.7444628454071399,0.7436066008956062,0.3288614952725756,0.7408201744547227,0.8836232384090565,0.0,0.0,0.5978928655956898,0.7646182181764076,0.693717765430485,0.4342226177867164,0.1766155729252761,0.2481743177383451
0.0,0.5565343262563194,0.4090614181631937,0.0891020792111801,0.7695280523539976,0.6478699323412941,0.0,0.0,0.5157172452163056,0.5557035151497913,0.3263810168622216,0.2752671446314204,0.5513947215423801,0.2651935384588458,0.0,0.5128100822057557,0.6638757314901155,0.635044694462729,0.3705640293783001,0.6034210428416635,0.0,0.6556146713534929,0.3913403382771475,0.6444516365338497,0.5470381256769675,0.7236889674778139,0.5264166847091296,0.3104118389470992,0.6947138312265354,0.0,0.3326369806705583,0.497613349861174,0.0,0.0,0.3905333971813686,0.0,0.0,0.5662071713846737,0.4627243382008709,0.0,0.0426421976777411,0.0,0.4750704791503441,0.0,0.0,0.0,0.0,0.4718692775524107,0.0,0.0,0.4327459690019811,0.0,0.0851232799265209,0.4893528284423253,0.0,0.4859821548687055,0.0,0.0,0.0,0.0,0.0,0.0,0.0,0.4770989380028351,0.0,0.0,0.0,0.3741999895754545,0.0,0.0,0.0,0.3869498298819834,0.0,0.0,0.0,0.0
0.0,0.3724652624314789,0.5448624054084118,0.3644293826066678,0.1761580102581091,0.624186606408051,0.0,0.0,0.4433376587709888,0.4660267430681801,0.7010898754031113,0.8217500189344847,0.6426797381313875,0.0,0.5543949532674747,0.0,0.0,0.1822602507947965,0.5910174869761396,0.3331547986424421,0.4807160728527998,0.2735934236038444,0.808025270029629,0.0,0.1848118862957331,0.2186505111898493,0.4197713433860012,0.6634921456900809,0.3506020145482999,0.6347413934869316,0.3569164596123737,0.0,0.1893532463052188,0.3610190966965287,0.0,0.4168117269616089,0.3799166310364117,0.0,0.0,0.0,0.049449936964845,0.0,0.0,0.0,0.0,0.0,0.0,0.4393550796709942,0.0,0.4324303453031277,0.5174462930306185,0.5445422599548314,0.9703324803076576,0.4565287322967877,0.0,0.5193380415565486,0.0,0.2158395103368794,0.0,0.4865159440931164,0.0,0.0,0.0,0.4994883481483292,0.3267179372647795,0.534710709159336,0.0,0.7804004339711909,0.0,0.0,0.0,0.5205425224891927,0.0,0.0,0.0,0.0
0.0,0.3273724093957822,0.95582456038019,0.1664209350319516,0.8448366304074001,0.841003289466057,0.5157172452163056,0.4433376587709888,0.0,0.281756694562067,0.8834939163641843,0.6110669838037656,0.768546061990732,0.0,0.0,0.2375616768054712,0.0,0.2997376668913754,0.8983687833601915,0.8382218174397238,0.0,0.7626271925668501,0.7817482692330687,0.2240313728692749,0.1428862163764877,0.3640887480968843,0.9880029900582006,0.7688039096102692,0.5500698882089236,0.5836909740462772,0.3161162056961417,0.0,0.0,0.0,0.0,0.2302765379716561,0.2386842599450696,0.2925244844482921,0.0,0.0,0.0,0.0,0.3072777280616111,0.0,0.0,0.0,0.0,0.9554010649433664,0.0,0.9219036266643266,0.7288534333466848,0.4239783354683033,0.543089875669203,1.0,0.0,0.973513493132477,0.0,0.6551140231920008,0.2619780710242771,0.0,0.0,0.0,0.0,0.9055175816010445,0.0,0.0,0.0,0.812495492814015,0.0,0.0,0.0,0.8560000503026493,0.7648315812995943,0.0,0.0,0.0
0.5566859431436165,0.0,0.2698862013782057,0.2377554196715319,0.2606565522756429,0.5820296269967011,0.5557035151497913,0.4660267430681801,0.281756694562067,0.0,0.320637109210944,0.569320795078129,0.6266341761803444,0.0,0.0,0.5858009465436863,0.7639728544740524,0.7322127706875591,0.355343748356154,0.3791896421726818,0.0,0.5027170628679302,0.512887343546855,0.2576042253128916,0.820640352926006,0.7244789276755581,0.3367815723175034,0.476823159902106,0.7993143688784942,0.0,0.6173102949665693,0.2150496523482481,0.3369643128722266,0.3690286464006087,0.0,0.0,0.0895551156364817,0.0709062520510481,0.0,0.0913112791111153,0.362540905656688,0.0,0.0,0.0,0.0,0.3971115201819905,0.0,0.0,0.0,0.0,0.0,0.0,0.0,0.0,0.6872109941891749,0.0,0.2982497890993239,0.2145736236307526,0.0,0.0,0.0,0.4604644735321531,0.4056028960379745,0.0,0.0,0.0,0.0,0.0,0.1250052657552657,0.4756688832976489,0.500869482861443,0.0,0.1248306258113816,0.0,0.0,0.0712067295494773
0.0,0.0,0.9602495770925638,0.2753981697188095,0.672585689903736,0.8410974280646164,0.3263810168622216,0.7010898754031113,0.8834939163641843,0.320637109210944,0.0,0.7522391159345988,0.7968340027098667,0.0,0.0,0.0,0.1348099640059648,0.0,0.9133244319196115,0.0,0.0,0.0,0.8559635560208033,0.0132307895392866,0.0,0.2829459586843565,0.8819428867093179,0.8215493150423162,0.0,0.0,0.2396624738610521,0.0,0.0,0.0578306511992961,0.0,0.3633219682823992,0.3492717577595586,0.0,0.0,0.0,0.0,0.0,0.1644314434301393,0.0,0.0,0.0,0.0,0.8840477982601431,0.0,0.8367673854084614,0.7730154619532463,0.5461305389460358,0.7785690099577068,0.8873462413659673,0.0,0.9306328612384024,0.0,0.5677533687719042,0.0696439760502156,0.0,0.0,0.0,0.0,0.8500848070863027,0.0,0.0,0.0,0.86553570002767,0.0,0.0,0.0,0.8692217822508109,0.5393440952465678,0.0,0.0,0.0
0.0,0.0,0.6771924510281131,0.3127393177377197,0.4763834132003918,0.7702559701973908,0.2752671446314204,0.8217500189344847,0.6110669838037656,0.569320795078129,0.7522391159345988,0.0,0.7966058861592367,0.0,0.0,0.0,0.1289786404747163,0.3385650214066528,0.6659315782435973,0.0,0.386594625311623,0.0,0.7900359901919298,0.1111101592892937,0.2521202690854099,0.3824645716107993,0.6375656141154226,0.7277714930854715,0.0,0.0,0.2963738200367497,0.0,0.0,0.135229911847377,0.0,0.4003616164665006,0.4186390505525819,0.0,0.0,0.0,0.0,0.0,0.181028118347095,0.0,0.0,0.0,0.0,0.0,0.0,0.0,0.0,0.0,0.0,0.0,0.3748685002005021,0.0,0.8087905885261605,0.4847043680755106,0.0,0.0,0.0,0.5845700402769869,0.3684199826916129,0.0,0.0,0.0,0.0,0.0,0.0,0.0,0.2272989324721702,0.0,0.3088317307665905,0.0,0.0,0.0
0.1794462078026212,0.6945208910078727,0.8308148171692975,0.3908815792979382,0.7116689082734231,0.9490358307919384,0.5513947215423801,0.6426797381313875,0.768546061990732,0.6266341761803444,0.7968340027098667,0.7966058861592367,0.0,0.0,0.7798100433981152,0.471049568220557,0.4472925235689039,0.6273847700567389,0.7759213127736015,0.8696390703232714,0.4334456450960071,0.8295316281265004,0.8352818294854402,0.2117118252811862,0.5020177248446369,0.6148159395689641,0.806738392746421,0.8987549140447885,0.7963956737827425,0.5928635763278712,0.4499575144563243,0.0,0.0,0.0744725651455968,0.0,0.2739085853940045,0.3002940205417801,0.0997910158074635,0.0,0.0,0.0,0.0,0.2891772913584771,0.0,0.0,0.0,0.0,0.768567834217984,0.0,0.0,0.8639436667116233,0.4530858478383485,0.6672953381373999,0.0,0.0,0.7768190456824667,0.7804548164648472,0.0,0.0,0.7011392699385561,0.0,0.0,0.0,0.0,0.808899401518264,0.0,0.8058067763618189,0.8055165967268455,0.0,0.1847691901376865,0.4941517916607795,0.7602619175197279,0.0,0.436839407834644,0.0,0.0
0.0,0.0,0.0,0.0,0.3626207523077891,0.0,0.2651935384588458,0.0,0.0,0.0,0.0,0.0,0.0,0.0,0.0,0.0,0.0,0.0,0.0,0.0,0.0,0.0,0.0,0.0,0.0,0.0,0.0,0.0,0.0,0.0,0.0,0.3760591085791442,0.0,0.0,0.0,0.1561317038323002,0.0,0.0,0.5368317934620782,0.0,0.0,0.0,0.476608089058088,0.0,0.0,0.0,0.0,0.0,0.0,0.0,0.0,0.0,0.0,0.0,0.0,0.0,0.0,0.0,0.0,0.0,0.0,0.0,0.0,0.0,0.0,0.0,0.0,0.0,0.0,0.0,0.0,0.0,0.0,0.0,0.0,0.0
0.2597667036617997,0.4854844984410357,0.0,0.0,0.0,0.699853420854131,0.0,0.5543949532674747,0.0,0.0,0.0,0.0,0.7798100433981152,0.0,0.0,0.3985959981552563,0.0,0.3130272629556289,0.0,0.8186499627894918,0.5498662596944094,0.8127382373859386,0.7585311178893804,0.0,0.2866671012468091,0.3435781655588302,0.7952882122217961,0.8824419726622135,0.6769154557854267,0.0,0.5500151250974377,0.0,0.0,0.2257525224577731,0.0,0.3368427148217416,0.0,0.0,0.0,0.0,0.0807545532502383,0.0,0.1452592953580439,0.0,0.0,0.0,0.6946893725060772,0.0,0.0,0.0,0.5976150843166117,0.0,0.5862887621468038,0.0,0.0,0.0,0.0,0.4278817553908079,0.0,0.9636088829435654,0.0,0.0,0.0,0.0,0.8214353893926044,0.485387378852306,0.8047520324994392,0.7711482399361989,0.0,0.0,0.3624293993301266,0.8230751130269041,0.5418180239083232,0.4061719983823467,0.0,0.0309422040960309
0.773981431459259,0.8010575960509013,0.0,0.0,0.3271391397012061,0.399728494940432,0.5128100822057557,0.0,0.2375616768054712,0.5858009465436863,0.0,0.0,0.471049568220557,0.0,0.3985959981552563,0.0,0.8566135858850187,0.8176039006550139,0.0,0.4734423103036547,0.581522778624733,0.6407186933717045,0.2652222795394447,0.3670424853122141,0.8080969605363247,0.7498793222285561,0.3490119794849682,0.4267297649826654,0.7961990863589373,0.2070970305918934,0.6440906448121628,0.4694610147475196,0.3410355610158735,0.2313534516116862,0.2819909940126438,0.0,0.0,0.0,0.2996957066109249,0.3110899797101986,0.3641069157781368,0.1753905832314315,0.0,0.0,0.0,0.6649731419669423,0.5762343901162473,0.0,0.0,0.0,0.0,0.0,0.0,0.0,0.0,0.0,0.0,0.0,0.0,0.4593626162950229,0.5551480896940675,0.0,0.4993357003971984,0.0,0.4482184486321859,0.488924148664158,0.4352808638811204,0.2518905951589882,0.0,0.5910191424453057,0.659799736866328,0.3352574487305732,0.0,0.7926735470326546,0.0,0.491774846556663
0.7256872985385114,0.8423148780374978,0.0,0.0,0.0,0.5054889692622268,0.6638757314901155,0.0,0.0,0.7639728544740524,0.1348099640059648,0.1289786404747163,0.4472925235689039,0.0,0.0,0.8566135858850187,0.0,0.909003527767776,0.0,0.4064420236130283,0.0,0.5593390343078715,0.0,0.4522287230887069,0.8743778910269304,0.7945970639806601,0.0,0.3292588616269529,0.8117279071782436,0.0,0.649853305625182,0.5491587183630277,0.3525904870822376,0.2584263759885081,0.2457569848578183,0.0,0.0,0.4054320354413364,0.0,0.2830126791059804,0.0,0.0,0.0,0.0,0.0,0.0,0.0,0.0,0.0,0.0,0.0,0.0,0.0,0.0,0.4058268052433871,0.0,0.0958160261119074,0.0,0.0,0.0,0.0,0.1740122790342914,0.4404704973589975,0.0,0.0,0.0,0.0,0.0,0.3293765222798276,0.5826523915771435,0.6220739991304007,0.0,0.0,0.0,0.0,0.0
0.6056642802507464,0.8841740502928495,0.0,0.0,0.0,0.6185791583817479,0.635044694462729,0.1822602507947965,0.2997376668913754,0.7322127706875591,0.0,0.3385650214066528,0.6273847700567389,0.0,0.3130272629556289,0.8176039006550139,0.909003527767776,0.0,0.0,0.4785197634444185,0.4817177117932603,0.5972781258740426,0.3663880873684599,0.4713970566747568,0.8990318787865509,0.8853694427394061,0.3652535161012685,0.3923651988389671,0.7649556854669107,0.0825936432748651,0.4530012419870161,0.4487069765955778,0.219984348906041,0.1225755933301916,0.1533542747375411,0.0,0.0,0.0,0.2930153794965655,0.1157292074516731,0.2594185283616173,0.1519015672235201,0.0,0.0,0.0,0.4326355068989761,0.5746919904992301,0.0,0.0,0.0,0.0,0.0,0.0,0.0,0.3320392136256879,0.0,0.3335774891237618,0.0,0.0,0.0,0.5003700993511258,0.3145291096442952,0.6279877136587647,0.0,0.0,0.0,0.4542170481615026,0.0,0.3457668086099761,0.5546129291813973,0.5914567276657722,0.0,0.0,0.0,0.0,0.4624279135893973
0.0,0.0,0.9248174296461756,0.2431309857875999,0.6691206829704519,0.7726479533159021,0.3705640293783001,0.5910174869761396,0.8983687833601915,0.355343748356154,0.9133244319196115,0.6659315782435973,0.7759213127736015,0.0,0.0,0.0,0.0,0.0,0.0,0.0,0.0,0.0,0.7990435191377361,0.0,0.0,0.0,0.8885775584961654,0.7890349125419228,0.0,0.0,0.3469023435592859,0.0,0.0,0.1372048941526144,0.0,0.2518606370734134,0.2502545161918138,0.1065302561171548,0.0,0.0,0.0,0.0,0.1688671065779653,0.0,0.0,0.0,0.0,0.8707816996206164,0.0,0.794368420750293,0.6574577727642369,0.4343922664971936,0.6520767963271906,0.857594659221374,0.0,0.9172798130572164,0.0,0.5229190918281901,0.1072864166302398,0.0,0.0,0.0,0.0,0.9626625935097884,0.0,0.0,0.0,0.790370879391666,0.0,0.0,0.0,0.8073847175407601,0.0,0.0,0.0,0.0
0.2812778308220637,0.4985111395326965,0.0,0.2873123162210831,0.8291682084476557,0.8127204863328973,0.6034210428416635,0.3331547986424421,0.8382218174397238,0.3791896421726818,0.0,0.0,0.8696390703232714,0.0,0.8186499627894918,0.4734423103036547,0.4064420236130283,0.4785197634444185,0.0,0.0,0.2751871826171861,0.9828162011115132,0.6617652564553346,0.0,0.3319974098055382,0.5268583034155455,0.9015222980276332,0.8139626992888322,0.7040274720058745,0.6065964274967701,0.3912391640652901,0.0324242063555982,0.0,0.0,0.0,0.2254871371697522,0.2703840160277202,0.0,0.0,0.0,0.0,0.0045695448028819,0.4455005633063139,0.0,0.0,0.0,0.6372609838393226,0.0,0.0,0.0,0.8106840158108121,0.0,0.4537321634895745,0.0,0.0,0.0,0.0,0.7497897554305838,0.0,0.7461839744151693,0.3604853054321814,0.0,0.0,0.0,0.966334036512398,0.1776367453797436,0.974511037867132,0.6994836159661397,0.0,0.2045719751389101,0.5615231377129652,0.8002151381765796,0.8539866537150214,0.4804352540101931,0.3378343417438376,0.3990519055510281
0.7131416002691284,0.6503737631981588,0.0,0.0,0.0,0.39182415146922,0.0,0.4807160728527998,0.0,0.0,0.0,0.386594625311623,0.4334456450960071,0.0,0.5498662596944094,0.581522778624733,0.0,0.4817177117932603,0.0,0.2751871826171861,0.0,0.3953787000169705,0.4992832183558573,0.1347160796513998,0.5804606982792591,0.5118070189725343,0.2470733390639684,0.4572532465506465,0.654872788974261,0.0,0.8054308356011516,0.2827109183223497,0.5671464221069826,0.5788383893358444,0.0,0.0,0.0,0.0,0.0,0.3178368036993463,0.4397175116669412,0.0,0.0,0.0,0.0,0.6028801955774971,0.5951416574832326,0.0,0.0,0.0,0.115028248770993,0.0,0.4498073967353985,0.0,0.0,0.0,0.0,0.0,0.0,0.6090682669818874,0.0,0.0,0.0,0.0,0.2720116671805652,0.9531664777867678,0.2477301620846641,0.4570681701365953,0.0,0.2723521838839906,0.4760514825085967,0.3383573760659741,0.0,0.5011158783194605,0.0,0.0
0.4386548047805875,0.6233231778824362,0.0,0.0,0.7762953527002907,0.7733275495827228,0.6556146713534929,0.2735934236038444,0.7626271925668501,0.5027170628679302,0.0,0.0,0.8295316281265004,0.0,0.8127382373859386,0.6407186933717045,0.5593390343078715,0.5972781258740426,0.0,0.9828162011115132,0.3953787000169705,0.0,0.6124820361134765,0.0,0.4824817429569829,0.6185620902092503,0.8393868685546001,0.7799757575999267,0.7985870521183183,0.5542731567477357,0.4959789038326131,0.1621806073066678,0.0,0.0,0.031677969877218,0.1106768040668154,0.1903139715085527,0.0,0.0788226334972844,0.0,0.0991502414468238,0.0629236203811842,0.4247147889303382,0.0,0.0,0.3039255540057561,0.6936448606972748,0.0,0.0,0.0,0.7368195185252515,0.0,0.0,0.0,0.0,0.0,0.0,0.0,0.0,0.7581296190761969,0.474688833211516,0.0,0.6046654120577879,0.0,0.9233833971614333,0.2906518671994352,0.956207788711946,0.6464722590250858,0.0,0.3253988279737557,0.6420332803160638,0.7482094945405755,0.8089318702785206,0.6041280824735487,0.0,0.4789491726409895
0.2068271229787208,0.5002006475801004,0.8108663865672533,0.3109247195620351,0.6214321413417498,0.9209719236896298,0.3913403382771475,0.808025270029629,0.7817482692330687,0.512887343546855,0.8559635560208033,0.7900359901919298,0.8352818294854402,0.0,0.7585311178893804,0.2652222795394447,0.0,0.3663880873684599,0.7990435191377361,0.6617652564553346,0.4992832183558573,0.6124820361134765,0.0,0.2364781356973429,0.2893237105175875,0.4591754835916773,0.7786830048881856,0.848786170837405,0.648999180998475,0.6568729757850853,0.5581507417307293,0.0,0.0589056656148829,0.1894571969858343,0.0,0.3383304297014542,0.318398948918989,0.1545809671842537,0.0,0.0,0.0281477648444194,0.0,0.2516674477732516,0.0,0.0,0.0,0.7239409016589332,0.7556156819254886,0.0,0.7242700759713697,0.7473710095221748,0.5953086637056144,0.8606896590834446,0.7574547735464102,0.0,0.8172039466136769,0.0,0.5718454606087734,0.1875296061602072,0.6898882768921506,0.0,0.0,0.0,0.7584366348319898,0.6184484086575855,0.4955769003626078,0.5988883873311429,0.984746523021532,0.0,0.0824433607555375,0.499150293654696,0.7987972469704808,0.5039564951971631,0.3256713748843687,0.0,0.0
0.5843355853286615,0.0,0.0,0.0,0.0,0.0,0.6444516365338497,0.0,0.2240313728692749,0.2576042253128916,0.0132307895392866,0.1111101592892937,0.2117118252811862,0.0,0.0,0.3670424853122141,0.4522287230887069,0.4713970566747568,0.0,0.0,0.1347160796513998,0.0,0.2364781356973429,0.0,0.2949274127601356,0.7381405532626906,0.2464067989613573,0.0,0.0,0.0,0.1006992504234559,0.5657240481350804,0.0,0.0,0.4985784270069892,0.0,0.0,0.6816020148929955,0.6607328828380628,0.2535814265780131,0.0,0.0,0.0,0.0,0.6315365485995688,0.6043842192029655,0.0,0.0,0.0,0.0,0.0,0.0,0.0,0.0,0.088723610122723,0.0,0.2914805752882293,0.0,0.0,0.0,0.6995386185800477,0.0,0.4520691340118328,0.0,0.0,0.0,0.0,0.0,0.9351632952671768,0.5161756725587731,0.7834338943229406,0.0,0.5612948518821348,0.0,0.0,0.766285406314076
0.6355525871564864,0.9347514518641225,0.0,0.0,0.2254556246215184,0.4884998496091568,0.5470381256769675,0.1848118862957331,0.1428862163764877,0.820640352926006,0.0,0.2521202690854099,0.5020177248446369,0.0,0.2866671012468091,0.8080969605363247,0.8743778910269304,0.8990318787865509,0.0,0.3319974098055382,0.5804606982792591,0.4824817429569829,0.2893237105175875,0.2949274127601356,0.0,0.8105044317881118,0.2122556844014222,0.3249733911536258,0.7763173304835239,0.0,0.518770198202893,0.3850173119490376,0.3417549261320881,0.264121039904495,0.0206576876083425,0.0,0.0,0.0896494281949873,0.2353899559957295,0.1767674127322844,0.4330311839570188,0.0748804413321977,0.0,0.0,0.0,0.4677601582284425,0.6366301739085415,0.0,0.0,0.0,0.0,0.0,0.0,0.0,0.5120425802575406,0.0,0.113958032836379,0.2153867879934193,0.0,0.3186470025472354,0.4269795217168845,0.3572118714585875,0.4950595177749378,0.0,0.3661792386317298,0.5248800725536832,0.2816217452982739,0.2607677593189688,0.1899920026525653,0.6955567167088204,0.5420282096906044,0.0,0.0,0.7603008813253084,0.0,0.3019261312436908
0.6983421065724403,0.7834500517317504,0.0,0.0,0.5842439528172467,0.6487101117118392,0.7236889674778139,0.2186505111898493,0.3640887480968843,0.7244789276755581,0.2829459586843565,0.3824645716107993,0.6148159395689641,0.0,0.3435781655588302,0.7498793222285561,0.7945970639806601,0.8853694427394061,0.0,0.5268583034155455,0.5118070189725343,0.6185620902092503,0.4591754835916773,0.7381405532626906,0.8105044317881118,0.0,0.3873580801529497,0.3425927658404939,0.7240359083494136,0.0,0.4397385310415201,0.479754979020015,0.174029516083004,0.0,0.2533505183453917,0.0,0.0,0.4357006961240829,0.4259567552682747,0.2121127725077567,0.1694211202202131,0.2747271455414075,0.0,0.0,0.3261302869698779,0.5974502661352344,0.5512143572860079,0.0,0.0,0.0,0.4582130751950942,0.0,0.0,0.0,0.4198469177707282,0.0,0.4170601788770828,0.5113422325809496,0.0,0.347411425870945,0.581062787862947,0.2489233087594357,0.641402085692179,0.0,0.4911771814658329,0.3672448381821661,0.4747807059967985,0.3977525674515176,0.6073609814739205,0.6576701151384099,0.8235973821843939,0.289054702546686,0.5011150787205387,0.6032184737866965,0.0,0.559713888841655
0.1582160341120709,0.41314712037613,0.9551640890104646,0.2200951007633423,0.8229692141910351,0.8264282675178004,0.5264166847091296,0.4197713433860012,0.9880029900582006,0.3367815723175034,0.8819428867093179,0.6375656141154226,0.806738392746421,0.0,0.7952882122217961,0.3490119794849682,0.0,0.3652535161012685,0.8885775584961654,0.9015222980276332,0.2470733390639684,0.8393868685546001,0.7786830048881856,0.2464067989613573,0.2122556844014222,0.3873580801529497,0.0,0.8308080834885847,0.6368479071281085,0.6222307163601661,0.4253201932650385,0.0,0.0,0.0,0.0,0.2520986596786427,0.2928890297189295,0.3164575990435357,0.0,0.0,0.0,0.0,0.325796073958549,0.1524791691395334,0.0,0.0,0.6208960963652679,0.936476564412902,0.0,0.8837869212594727,0.7150521157569069,0.4879675927272283,0.5341014944663428,0.9404887455723628,0.0,0.9387084635848192,0.0,0.6601231742695008,0.306249152774258,0.7306914532003426,0.0,0.0,0.0,0.8512980579710734,0.8370407152853271,0.1818572838157932,0.8711822283504471,0.792809690012556,0.0,0.0,0.4579017966911595,0.932815677000611,0.7791293124463817,0.359976305861831,0.1970176184775547,0.2864070100751501
0.134621079516251,0.5183355400679172,0.8462208759521171,0.4761435965012019,0.54970370507547,0.8029369635243588,0.3104118389470992,0.6634921456900809,0.7688039096102692,0.476823159902106,0.8215493150423162,0.7277714930854715,0.8987549140447885,0.0,0.8824419726622135,0.4267297649826654,0.3292588616269529,0.3923651988389671,0.7890349125419228,0.8139626992888322,0.4572532465506465,0.7799757575999267,0.848786170837405,0.0,0.3249733911536258,0.3425927658404939,0.8308080834885847,0.0,0.7054116212635227,0.7973767611560598,0.5625815790398767,0.0,0.0,0.2170473060157935,0.0,0.3898591066007633,0.4289366607639928,0.0,0.0,0.0,0.065019945151396,0.0,0.2021539444009028,0.0,0.0,0.0,0.0,0.7241449283674577,0.0,0.0,0.7594956454300869,0.0,0.7042555965730309,0.795213743622383,0.2564073346179786,0.0,0.652378646058094,0.5353441367185445,0.0,0.7958582926756005,0.0,0.0,0.0,0.0,0.7617556798462813,0.4506986497248213,0.7508207572737701,0.8038344048220708,0.0,0.0,0.3064475681385765,0.8120033768928793,0.55187923649851,0.3801795203146911,0.0,0.0
0.6194416415514373,0.8560776452213994,0.0,0.2605121074614495,0.5846146415812598,0.7667860271770056,0.6947138312265354,0.3506020145482999,0.5500698882089236,0.7993143688784942,0.0,0.0,0.7963956737827425,0.0,0.6769154557854267,0.7961990863589373,0.8117279071782436,0.7649556854669107,0.0,0.7040274720058745,0.654872788974261,0.7985870521183183,0.648999180998475,0.0,0.7763173304835239,0.7240359083494136,0.6368479071281085,0.7054116212635227,0.0,0.4472382775230893,0.7296886698904052,0.2766315467896629,0.2363975001437678,0.2726841146316571,0.0342036260022193,0.0,0.0758237694999619,0.0,0.0857797012456801,0.1800427986549297,0.3448794120683687,0.0305744205066259,0.2869285057104414,0.0,0.0,0.0,0.807793762057894,0.4680107963297227,0.0,0.0,0.560048786719425,0.421896045220903,0.3956466597924887,0.5666813106306059,0.0,0.0,0.0,0.510106613482048,0.0,0.6943926722344194,0.0,0.0,0.0,0.0,0.6625578662059725,0.5899535085485381,0.6319741286045069,0.6188718367154694,0.0,0.0,0.6773706761042768,0.6453092373274305,0.5268624193027676,0.8400020825921493,0.1783638219924654,0.3455371565606149
0.0,0.0,0.0,0.0,0.0,0.5252795707677662,0.0,0.6347413934869316,0.5836909740462772,0.0,0.0,0.0,0.5928635763278712,0.0,0.0,0.2070970305918934,0.0,0.0825936432748651,0.0,0.6065964274967701,0.0,0.5542731567477357,0.6568729757850853,0.0,0.0,0.0,0.6222307163601661,0.7973767611560598,0.4472382775230893,0.0,0.4795451332294609,0.0,0.0,0.3129066137068217,0.0,0.0,0.0,0.0,0.0,0.0,0.0,0.0,0.0,0.0,0.0,0.0,0.0,0.0,0.0,0.0,0.0,0.0,0.0,0.0,0.0,0.0,0.0,0.0,0.0,0.0,0.0,0.0,0.0,0.0,0.5171675339871433,0.0,0.0,0.6061158742730325,0.0,0.0,0.0,0.626531115518659,0.0,0.1054338615840672,0.0,0.0
0.6641135381521831,0.5813783695324132,0.2659533416868566,0.2823871620507131,0.1782292395901976,0.4603007288444428,0.3326369806705583,0.3569164596123737,0.3161162056961417,0.6173102949665693,0.2396624738610521,0.2963738200367497,0.4499575144563243,0.0,0.5500151250974377,0.6440906448121628,0.649853305625182,0.4530012419870161,0.3469023435592859,0.3912391640652901,0.8054308356011516,0.4959789038326131,0.5581507417307293,0.1006992504234559,0.518770198202893,0.4397385310415201,0.4253201932650385,0.5625815790398767,0.7296886698904052,0.4795451332294609,0.0,0.294229380075487,0.5127612586214297,0.5570466635511444,0.0680147698119478,0.2036619586157489,0.1503423906413746,0.1945347863999579,0.0197993916873208,0.3845450497362436,0.3970982845228505,0.0,0.202836724758155,0.0,0.0,0.0,0.5918133847115167,0.0,0.0,0.0,0.2096038085396309,0.0,0.3912567498730351,0.0,0.5386595685903788,0.0,0.1376707600699626,0.0,0.0,0.5751592566753908,0.0277584188562115,0.1622881682133948,0.1446574163210609,0.0,0.2783745771662917,0.7741891602406227,0.3071672215934106,0.4795206578687113,0.0,0.2365466612741291,0.501123827932074,0.4262311203559966,0.1471285764010056,0.5306980561005098,0.0,0.074110686362191
0.6312406420027922,0.3094067755569977,0.0,0.0,0.1922022254046574,0.0620791743020633,0.497613349861174,0.0,0.0,0.2150496523482481,0.0,0.0,0.0,0.3760591085791442,0.0,0.4694610147475196,0.5491587183630277,0.4487069765955778,0.0,0.0324242063555982,0.2827109183223497,0.1621806073066678,0.0,0.5657240481350804,0.3850173119490376,0.479754979020015,0.0,0.0,0.2766315467896629,0.0,0.294229380075487,0.0,0.2945227137328834,0.0600521404521254,0.55856285888028,0.0,0.0,0.5925406005370853,0.8604745695274131,0.531621559543894,0.1868183636833949,0.5402467026528993,0.3213868961686851,0.3972333268157337,0.5229229351560868,0.6739724091003848,0.0642252721280938,0.0,0.0,0.0,0.0,0.0,0.0,0.0,0.1528113375987966,0.0,0.0,0.1068315618690021,0.0,0.0,0.556877086862471,0.0,0.0672831651773815,0.0,0.0,0.1641369108152455,0.0,0.0,0.5225967060481973,0.4658141660997654,0.5083127771362403,0.0,0.1664505639521105,0.3898659493035478,0.0,0.6661500611863613
0.4465929812312065,0.3217163768194044,0.0,0.0,0.0,0.0,0.0,0.1893532463052188,0.0,0.3369643128722266,0.0,0.0,0.0,0.0,0.0,0.3410355610158735,0.3525904870822376,0.219984348906041,0.0,0.0,0.5671464221069826,0.0,0.0589056656148829,0.0,0.3417549261320881,0.174029516083004,0.0,0.0,0.2363975001437678,0.0,0.5127612586214297,0.2945227137328834,0.0,0.7040994226776781,0.0689625244486718,0.0031325480885343,0.0,0.0359815012339747,0.0942665123239848,0.644599440739401,0.4585339960440863,0.0,0.0,0.0,0.0,0.4297868428804741,0.1865942536574696,0.0,0.0,0.0,0.0,0.0,0.0,0.0,0.4454984780933597,0.0,0.0,0.0,0.0,0.0,0.0,0.0937798833544035,0.0,0.0,0.0,0.5666587030630672,0.0,0.0,0.0,0.2419397382325079,0.1832529003690252,0.0,0.0,0.0,0.0,0.0
0.2676061477010881,0.3223154752537799,0.0,0.3061038506246305,0.0,0.0406939416310882,0.0,0.3610190966965287,0.0,0.3690286464006087,0.0578306511992961,0.135229911847377,0.0744725651455968,0.0,0.2257525224577731,0.2313534516116862,0.2584263759885081,0.1225755933301916,0.1372048941526144,0.0,0.5788383893358444,0.0,0.1894571969858343,0.0,0.264121039904495,0.0,0.0,0.2170473060157935,0.2726841146316571,0.3129066137068217,0.5570466635511444,0.0600521404521254,0.7040994226776781,0.0,0.0,0.2045973580909076,0.0769244294115645,0.0,0.0,0.3651054095031933,0.4585333322512926,0.0,0.0,0.0,0.0,0.2033434026608396,0.2972788741167049,0.0,0.0,0.0,0.0,0.3029482766870341,0.3125036929140533,0.0,0.4111389680624234,0.0,0.0,0.0,0.0,0.2562912131471259,0.0,0.146381908298866,0.0,0.0,0.0,0.6266863192177744,0.0,0.1401936591761164,0.0,0.0,0.0,0.0939513619354433,0.0,0.101694725423402,0.0,0.0
0.4093967696487258,0.0,0.0,0.0,0.2826944906999954,0.0,0.3905333971813686,0.0,0.0,0.0,0.0,0.0,0.0,0.0,0.0,0.2819909940126438,0.2457569848578183,0.1533542747375411,0.0,0.0,0.0,0.031677969877218,0.0,0.4985784270069892,0.0206576876083425,0.2533505183453917,0.0,0.0,0.0342036260022193,0.0,0.0680147698119478,0.55856285888028,0.0689625244486718,0.0,0.0,0.0,0.0,0.6182086004243844,0.6612053426725367,0.4658967392076881,0.0,0.6375594959175891,0.3328280189153494,0.5355762395998498,0.6201553051649806,0.0,0.0,0.0,0.0,0.0,0.0,0.0,0.0,0.0,0.0,0.0,0.0,0.1720319452447783,0.0,0.0,0.5395496011042896,0.0,0.0,0.0,0.0,0.0,0.0,0.0,0.0,0.3798659224012529,0.4656567823633646,0.0,0.3104992502538012,0.1905680365797191,0.0,0.0
0.0,0.0,0.2880186271009875,0.4230361263870505,0.136897824544579,0.1839489831517722,0.0,0.4168117269616089,0.2302765379716561,0.0,0.3633219682823992,0.4003616164665006,0.2739085853940045,0.1561317038323002,0.3368427148217416,0.0,0.0,0.0,0.2518606370734134,0.2254871371697522,0.0,0.1106768040668154,0.3383304297014542,0.0,0.0,0.0,0.2520986596786427,0.3898591066007633,0.0,0.0,0.2036619586157489,0.0,0.0031325480885343,0.2045973580909076,0.0,0.0,0.4758058349889715,0.0,0.0,0.0,0.0,0.0,0.243407067680462,0.0,0.0,0.0,0.0,0.1979328340508396,0.0,0.3635547040817722,0.2173278660554549,0.3054657621751994,0.3906154850059286,0.2579883287568884,0.0,0.1957698322514962,0.4679147481750486,0.1293291947078551,0.0,0.0,0.0,0.0,0.0,0.1915914140234968,0.1063037608153425,0.0,0.102629849781908,0.2761549607119797,0.0,0.0,0.0,0.2754316498878852,0.041959252014343,0.0,0.0,0.0
0.0,0.0,0.3549717639422814,0.4560032274775402,0.0676160259080676,0.2755712689535677,0.0,0.3799166310364117,0.2386842599450696,0.0895551156364817,0.3492717577595586,0.4186390505525819,0.3002940205417801,0.0,0.0,0.0,0.0,0.0,0.2502545161918138,0.2703840160277202,0.0,0.1903139715085527,0.318398948918989,0.0,0.0,0.0,0.2928890297189295,0.4289366607639928,0.0758237694999619,0.0,0.1503423906413746,0.0,0.0,0.0769244294115645,0.0,0.4758058349889715,0.0,0.0,0.0,0.0,0.0,0.0,0.1055875515332065,0.0,0.0,0.0,0.0,0.0,0.0,0.0,0.0,0.0,0.0,0.0,0.0,0.0,0.0,0.0,0.0,0.0,0.0,0.0,0.0,0.0,0.0,0.0,0.0,0.3145558950069256,0.0,0.0,0.0,0.0,0.0,0.0,0.0,0.0
0.4521880263514338,0.0,0.0,0.0,0.4667646011117163,0.2784679458067196,0.5662071713846737,0.0,0.2925244844482921,0.0709062520510481,0.0,0.0,0.0997910158074635,0.0,0.0,0.0,0.4054320354413364,0.0,0.1065302561171548,0.0,0.0,0.0,0.1545809671842537,0.6816020148929955,0.0896494281949873,0.4357006961240829,0.3164575990435357,0.0,0.0,0.0,0.1945347863999579,0.5925406005370853,0.0359815012339747,0.0,0.6182086004243844,0.0,0.0,0.0,0.6073679985208943,0.359971097895273,0.0015033013860446,0.4995961871055887,0.0,0.0,0.700874868155962,0.0,0.0,0.0,0.0,0.0,0.0,0.0,0.0,0.0,0.0,0.0,0.0920610071986899,0.0,0.0,0.0,0.0,0.0,0.0,0.0,0.0,0.0,0.0,0.0,0.6118155337730468,0.3329422372007603,0.5600226492661625,0.0,0.5480992910616267,0.0,0.0,0.0
0.4989232917825024,0.1094043056549555,0.0,0.0,0.2377078170612201,0.0,0.4627243382008709,0.0,0.0,0.0,0.0,0.0,0.0,0.5368317934620782,0.0,0.2996957066109249,0.0,0.2930153794965655,0.0,0.0,0.0,0.0788226334972844,0.0,0.6607328828380628,0.2353899559957295,0.4259567552682747,0.0,0.0,0.0857797012456801,0.0,0.0197993916873208,0.8604745695274131,0.0942665123239848,0.0,0.6612053426725367,0.0,0.0,0.6073679985208943,0.0,0.4944359228525595,0.0316710785459098,0.6655680770272868,0.3725559804412717,0.6070679128923526,0.648498709311291,0.5799069459499168,0.0,0.0,0.3010059623361134,0.0,0.0,0.0,0.0,0.0,0.0,0.0,0.0,0.1582087016054925,0.5993303563395336,0.0,0.6730121524840628,0.0,0.0930723800740285,0.0,0.0,0.0,0.0,0.0,0.6632445136566125,0.4918702189522618,0.507162967823291,0.0,0.2487793507592709,0.3101474452172075,0.5258937982514683,0.7507586908122494
0.506547731981062,0.0856264708314056,0.0,0.0,0.0,0.0,0.0,0.0,0.0,0.0913112791111153,0.0,0.0,0.0,0.0,0.0,0.3110899797101986,0.2830126791059804,0.1157292074516731,0.0,0.0,0.3178368036993463,0.0,0.0,0.2535814265780131,0.1767674127322844,0.2121127725077567,0.0,0.0,0.1800427986549297,0.0,0.3845450497362436,0.531621559543894,0.644599440739401,0.3651054095031933,0.4658967392076881,0.0,0.0,0.359971097895273,0.4944359228525595,0.0,0.3383787217889566,0.3184342917635981,0.2095356213132318,0.3218819269851995,0.2863640104544477,0.630952224902254,0.0288207461752062,0.0,0.0,0.0,0.0,0.0,0.0,0.0,0.3383858663084283,0.0,0.0,0.0,0.0,0.0,0.2183851035292231,0.0,0.0,0.0,0.0,0.273217913933919,0.0,0.0,0.2196330678842736,0.4535695768576561,0.4594632916600328,0.0,0.0,0.1554171042158642,0.0,0.2560069694361088
0.4102828709561201,0.3578232813050488,0.0,0.0,0.0,0.0,0.0426421976777411,0.049449936964845,0.0,0.362540905656688,0.0,0.0,0.0,0.0,0.0807545532502383,0.3641069157781368,0.0,0.2594185283616173,0.0,0.0,0.4397175116669412,0.0991502414468238,0.0281477648444194,0.0,0.4330311839570188,0.1694211202202131,0.0,0.065019945151396,0.3448794120683687,0.0,0.3970982845228505,0.1868183636833949,0.4585339960440863,0.4585333322512926,0.0,0.0,0.0,0.0015033013860446,0.0316710785459098,0.3383787217889566,0.0,0.0,0.0093847283235436,0.0,0.0,0.3010423700376177,0.2548424900939264,0.0,0.2852294183923768,0.0,0.0,0.0185246930524121,0.0,0.0,0.3183137450383335,0.0,0.0,0.0,0.0,0.1596748922450414,0.1109904347442097,0.1473269539300245,0.0855378665074883,0.0,0.0,0.4734082524435277,0.0,0.0,0.0,0.3208152985866864,0.0930818181632086,0.0,0.0,0.3514626376725235,0.0,0.0
0.0,0.0,0.0,0.0,0.0,0.0,0.0,0.0,0.0,0.0,0.0,0.0,0.0,0.0,0.0,0.1753905832314315,0.0,0.1519015672235201,0.0,0.0045695448028819,0.0,0.0629236203811842,0.0,0.0,0.0748804413321977,0.2747271455414075,0.0,0.0,0.0305744205066259,0.0,0.0,0.5402467026528993,0.0,0.0,0.6375594959175891,0.0,0.0,0.4995961871055887,0.6655680770272868,0.3184342917635981,0.0,0.0,0.3022540263843002,0.4850835087459257,0.5054639852841784,0.3977718538794203,0.0,0.0,0.2375718264503674,0.0,0.0,0.0,0.0,0.0,0.0,0.0,0.0,0.1558346113473355,0.0,0.0,0.600904219907605,0.0,0.1258294593669087,0.0,0.0,0.0,0.0,0.0,0.5405878062981263,0.4614796420963447,0.3962472638948273,0.0,0.3237845226224285,0.2719219960009813,0.326853712658786,0.6239311917953595
0.0,0.0,0.2759589623212911,0.0,0.5323141332646371,0.3578611961710246,0.4750704791503441,0.0,0.3072777280616111,0.0,0.1644314434301393,0.181028118347095,0.2891772913584771,0.476608089058088,0.1452592953580439,0.0,0.0,0.0,0.1688671065779653,0.4455005633063139,0.0,0.4247147889303382,0.2516674477732516,0.0,0.0,0.0,0.325796073958549,0.2021539444009028,0.2869285057104414,0.0,0.202836724758155,0.3213868961686851,0.0,0.0,0.3328280189153494,0.243407067680462,0.1055875515332065,0.0,0.3725559804412717,0.2095356213132318,0.0093847283235436,0.3022540263843002,0.0,0.5380281304703722,0.5192605586378912,0.0,0.0,0.289623229443193,0.0930835433845064,0.2931204832676926,0.3051697316898266,0.0,0.0585859344304088,0.2657009667218408,0.0788941093658785,0.2504161191481137,0.3994374086645671,0.4650732352896826,0.5413235869109563,0.090557561297223,0.0,0.0,0.0,0.237494886637298,0.3235773976075155,0.0,0.3899406239720974,0.1854291789630842,0.5455397796275534,0.2521489554179864,0.4861248380780916,0.1526332974140451,0.5448795305981274,0.1781252642031921,0.0,0.4733114395808903
0.0,0.0,0.0,0.0,0.0,0.0,0.0,0.0,0.0,0.0,0.0,0.0,0.0,0.0,0.0,0.0,0.0,0.0,0.0,0.0,0.0,0.0,0.0,0.0,0.0,0.0,0.1524791691395334,0.0,0.0,0.0,0.0,0.3972333268157337,0.0,0.0,0.5355762395998498,0.0,0.0,0.0,0.6070679128923526,0.3218819269851995,0.0,0.4850835087459257,0.5380281304703722,0.0,0.543338342876524,0.0,0.0,0.1548242910527866,0.1187665752751643,0.1757983235878284,0.1140532371865611,0.0,0.0,0.0716410638526862,0.0,0.0772405705240904,0.1347321973920911,0.4255519366319352,0.6221860554799282,0.0,0.0,0.0,0.0,0.1026986790161455,0.0,0.0,0.0,0.0,0.0,0.0,0.0,0.0,0.5143797682021606,0.0979180477129493,0.0,0.6180088365795324
0.0,0.0,0.0,0.0,0.0,0.0,0.0,0.0,0.0,0.0,0.0,0.0,0.0,0.0,0.0,0.0,0.0,0.0,0.0,0.0,0.0,0.0,0.0,0.6315365485995688,0.0,0.3261302869698779,0.0,0.0,0.0,0.0,0.0,0.5229229351560868,0.0,0.0,0.6201553051649806,0.0,0.0,0.700874868155962,0.648498709311291,0.2863640104544477,0.0,0.5054639852841784,0.5192605586378912,0.543338342876524,0.0,0.4314663206125718,0.0,0.0,0.0,0.1243235847460212,0.0,0.0,0.0,0.130497450650361,0.0,0.1286554034007887,0.0302839381043994,0.3226682701946838,0.0,0.0,0.0,0.0,0.1668452507750481,0.1448786106115854,0.0,0.0,0.0,0.0,0.6504417226601393,0.2618153264073192,0.4509499703967125,0.0,0.5333544730167449,0.0,0.0,0.7430007306713227
0.8963433718015337,0.4112322878403112,0.0,0.0,0.0,0.0,0.0,0.0,0.0,0.3971115201819905,0.0,0.0,0.0,0.0,0.0,0.6649731419669423,0.0,0.4326355068989761,0.0,0.0,0.6028801955774971,0.3039255540057561,0.0,0.6043842192029655,0.4677601582284425,0.5974502661352344,0.0,0.0,0.0,0.0,0.0,0.6739724091003848,0.4297868428804741,0.2033434026608396,0.0,0.0,0.0,0.0,0.5799069459499168,0.630952224902254,0.3010423700376177,0.3977718538794203,0.0,0.0,0.4314663206125718,0.0,0.2715389020289735,0.0,0.0,0.0,0.0,0.0,0.0,0.0,0.0,0.0,0.0,0.0674190220481112,0.0,0.1992883984567058,0.5160461368137043,0.0,0.1840255171869897,0.0,0.0690753142710895,0.5163975219747375,0.1344692324438177,0.0589589358946196,0.5599496486546423,0.6207988964187718,0.7590779883756196,0.0,0.1848310630048371,0.5374761817328988,0.0,0.5329231654533902
