0.0,0.1706474051434467,0.0,0.0,0.0,0.252097098541914,0.0,0.0734508798767256,0.0,0.1508328622264473,0.0,0.1188234664251545,0.0,0.0,0.0,0.3187368834204335,0.0930802296538025,0.3351950187867486,0.0,0.2001645627871198,0.0,0.3621804474256377,0.2076519984707971,0.4233806317403082,0.3892371487974279,0.366774068817532,0.307344574657201,0.0,0.3447926708754092,0.0,0.1473898153038943,0.066672346899684,0.1477382274757291,0.0230095722749811,0.0,0.0,0.0,0.0,0.3122131268889189,0.3151097256419803,0.2840490077337387,0.0,0.0,0.0,0.0,0.7472844302834355,0.3650340466262941,0.0,0.0,0.0,0.0,0.0,0.0,0.0,0.1802084200266091,0.0,0.0,0.0,0.0,0.0,0.4607211616138869,0.0,0.3654394506991389,0.0,0.0,0.0,0.5604219771366711,0.0,0.3147160282160015,0.2915080706987751,0.3984458713111671,0.0,0.0,0.0,0.0,0.0
0.1706474051434467,0.0,0.0,0.0,0.0,0.5133449230138734,0.1742679713265997,0.3002184266465178,0.1295895141110667,0.0,0.0,0.0,0.5269946759800637,0.0,0.0,0.2026545920949271,0.0,0.5970181141234059,0.0,0.2016944837139111,0.4248190082703081,0.3972746833732736,0.3373658567810537,0.0,0.8015405008879377,0.8482936465964519,0.2595889146859044,0.1566028424434568,0.3692018803790036,0.0,0.440915715397427,0.1705572134245299,0.0563368587850257,0.1069168730035554,0.0,0.0,0.0,0.0,0.1864104583708851,0.3277087002969664,0.0908501928921442,0.0,0.0,0.0,0.0,0.268385635985056,0.6449976837490353,0.0,0.0,0.0,0.0,0.0,0.0,0.0,0.0,0.0,0.0,0.0,0.0,0.0,0.3849399160733209,0.0,0.6052829120123663,0.0,0.2043208742523415,0.227040452988566,0.4498345409276502,0.0774336553267921,0.0,0.742772251215611,0.7310635648649845,0.123726005570874,0.0,0.117564775027962,0.0,0.254749307657876
0.0,0.0,0.0,0.0,0.0298880437239555,0.508040730681018,0.0773859264654699,0.6797020446854153,0.5639352534861639,0.4894892873309172,0.397837866551664,0.0,0.1693966652988701,0.0,0.0,0.0,0.0,0.0,0.6349404021981669,0.0,0.0,0.0,0.8250237661789348,0.0,0.0,0.0,0.7524235230912629,0.0,0.0,0.2686323354368429,0.2525744971056889,0.3105238794480007,0.0,0.2025625810972266,0.0,0.0,0.0,0.0,0.3893716472290258,0.0,0.0,0.0,0.2334667219744325,0.0,0.0,0.0,0.0,0.7957540929201283,0.0,0.1917432367446376,0.3776279752371209,0.0,0.5833683719973415,0.7778803718092766,0.0,0.5203357358083971,0.0,0.0,0.0610059504480981,0.0,0.0,0.0,0.0,0.6345867509658444,0.0,0.0,0.0,0.6808501847626013,0.0,0.0,0.0,0.6683302334504021,0.0,0.0,0.0,0.0
0.0,0.0,0.0,0.0,0.0,0.0060676322969215,0.2683381725279279,0.0,0.0,0.2083805238530068,0.0,0.0,0.2716706954743429,0.0,0.0,0.0,0.0,0.0,0.0,0.0,0.0,0.0,0.0,0.0,0.0,0.0,0.0,0.2659721258385998,0.0,0.0,0.0,0.0,0.0,0.0,0.1327072269676486,0.1323282401981871,0.2708551279596857,0.0,0.0,0.0,0.0,0.0,0.0,0.0,0.0,0.0,0.0,0.0,0.0,0.0,0.0,0.0,0.0,0.0,0.0,0.0,0.0,0.0,0.0,0.0,0.0,0.0,0.0,0.0,0.0,0.0,0.0,0.0,0.0,0.0,0.0,0.0,0.0,0.0,0.0,0.0
0.0,0.0,0.0298880437239555,0.0,0.0,0.0381249877270189,0.4539327600280907,0.0194478328078145,0.2217566039867352,0.0,0.5797698101487742,0.0,0.0,0.326301462662318,0.0,0.0,0.0,0.0,0.2283917330340949,0.1292407428392377,0.0,0.0619852229089906,0.0,0.0,0.0,0.0,0.1185470770319069,0.0,0.1883989278792508,0.0,0.0,0.0150992678918673,0.0606040504146747,0.1086652774524237,0.2619896004400528,0.0657052750488024,0.0,0.0,0.0,0.0,0.0,0.0,0.0,0.0,0.0,0.0,0.0,0.3742648985999373,0.0,0.0,0.0,0.0,0.2141153020974437,0.2182568858001477,0.0,0.4549438026353762,0.0,0.0,0.0,0.0,0.0,0.0,0.0,0.0,0.0,0.0,0.0,0.0578200642162693,0.0,0.0,0.0,0.0,0.0,0.0,0.0,0.0
0.252097098541914,0.5133449230138734,0.508040730681018,0.0060676322969215,0.0381249877270189,0.0,0.2823072333536053,0.640503958742935,0.4351409686121537,0.5477377549858194,0.1623318312938298,0.0,0.3341166963413894,0.0,0.1485917419975559,0.2066093650496519,0.0,0.3515886439358151,0.4758075150108306,0.2451304548417129,0.406870953013679,0.352642429054859,0.6630317184740282,0.0,0.406369937112733,0.5932208905069901,0.6287014595712536,0.0,0.6263898785782306,0.3338550789396487,0.3754994897644655,0.2164772163130884,0.2490430764160841,0.1979996466595536,0.0,0.0,0.0,0.0,0.2096223211663284,0.0,0.1008143223157113,0.0,0.4601117744002028,0.0,0.0,0.0,0.0,0.3811362102396241,0.0,0.0,0.4776464943465286,0.2561839229966019,0.5768255295021253,0.4256173811769962,0.0,0.1339971592538308,0.0,0.5391509072119977,0.0,0.0322904971514473,0.0,0.0,0.0,0.4306240913174043,0.3224769853726246,0.2771612919851625,0.482727565860689,0.5651154312915928,0.0,0.0,0.0,0.2321192316408717,0.3253376284141229,0.2438194942825891,0.0,0.0
0.0,0.1742679713265997,0.0773859264654699,0.2683381725279279,0.4539327600280907,0.2823072333536053,0.0,0.0,0.1533829529834904,0.2923609896682435,0.259037677860008,0.2918306950121246,0.294387226129987,0.092166011175961,0.0,0.2515997099720846,0.1923238595039576,0.3869661272192426,0.2098542400159623,0.2070288142045398,0.0,0.3464581547784796,0.0150345475958734,0.1528594288170951,0.2750890048819333,0.15962642301631,0.2697086761030386,0.0,0.4857695523694786,0.0,0.1078727069177802,0.1028854570846759,0.0,0.0,0.0,0.0295747132154359,0.0,0.0,0.0,0.0,0.0,0.0,0.0,0.0,0.0,0.0,0.0,0.0,0.0,0.0,0.0,0.0,0.0,0.0,0.0,0.0,0.0,0.0,0.0,0.0,0.0,0.0,0.0,0.0,0.0,0.0,0.0,0.0,0.0,0.0,0.0,0.0,0.0,0.0,0.0,0.0
0.0734508798767256,0.3002184266465178,0.6797020446854153,0.0,0.0194478328078145,0.640503958742935,0.0,0.0,0.4070323668945361,0.3773158410282343,0.3306810279803233,0.0,0.1809095796378145,0.0,0.0709151195935925,0.0701058520065036,0.0,0.1586565155538941,0.4550431541378365,0.2383097247733972,0.3694051580380388,0.2105978096508167,0.7442115911557133,0.4961059793584069,0.1896165949406076,0.3827417887805644,0.4712567179537766,0.0,0.3037668083419573,0.3628773355395373,0.2591847538875904,0.4751356228381189,0.200585144227768,0.2641705262268106,0.0,0.0,0.0,0.0,0.426309338218153,0.0,0.1732797723879261,0.0,0.4165693281707802,0.0,0.0,0.0,0.0,0.5614290975217652,0.0,0.1576920513919922,0.4837790928488222,0.090129726302275,0.8482888864404031,0.5406349366005357,0.0,0.3808515807459498,0.0,0.5107554192098891,0.0873334670708238,0.1635375069242581,0.0,0.0,0.0,0.5502200492436311,0.4944709277019146,0.2643189511291479,0.0,0.6687715624522534,0.0,0.0,0.0,0.3752227325504715,0.4304625835633306,0.3751716155593794,0.0,0.0240064965291197
0.0,0.1295895141110667,0.5639352534861639,0.0,0.2217566039867352,0.4351409686121537,0.1533829529834904,0.4070323668945361,0.0,0.1883763321220718,0.4629928556228824,0.263417264212078,0.0551594189309695,0.0,0.0,0.1890385730784977,0.0,0.0,0.5983807366796182,0.1539008158381131,0.0,0.2722289864066423,0.3830027207146486,0.0,0.0,0.0,0.5204612551171225,0.0,0.30124681651848,0.2782502828188343,0.130987306498217,0.2462543732538646,0.2845542430390079,0.125719081413029,0.0,0.0,0.0,0.0,0.17527301524798,0.0,0.0,0.0,0.1836754136441174,0.0,0.0,0.0,0.0,0.5063873671040205,0.0,0.0,0.1260111766501354,0.0,0.3729107223952597,0.7009260255774968,0.0,0.2437905081306888,0.0,0.0,0.1216655716617481,0.0,0.0,0.0,0.0,0.5382976778731718,0.0,0.0,0.0,0.3439045326581442,0.0,0.0,0.0,0.2746869517897388,0.0,0.0,0.0,0.0
0.1508328622264473,0.0,0.4894892873309172,0.2083805238530068,0.0,0.5477377549858194,0.2923609896682435,0.3773158410282343,0.1883763321220718,0.0,0.0,0.8201599089219168,0.4090299748109807,0.0,0.0,0.1788945149844648,0.8365909798414812,0.5871673910742454,0.3903599998456481,0.0,0.0,0.5366982916109013,0.4941781066395913,0.7087871202112166,0.6729799391958626,0.7696855138457637,0.5435863156925315,0.0594144566943734,0.0,0.0,0.6391877379746189,0.235713591040255,0.0737878648847449,0.1250726162163793,0.0,0.0134952110922232,0.0,0.3848316655102288,0.3617520846364102,0.3562714393361406,0.0774706020517107,0.0,0.0,0.0,0.5564688168416663,0.0,0.0,0.0,0.0,0.0,0.0,0.0,0.0,0.0,0.9346906976974954,0.0,0.7781573705586091,0.0,0.0,0.0,0.0,0.8457510969882553,0.6923297947288451,0.0,0.0,0.0,0.0,0.0,0.5468165427585994,0.756079393952157,0.7300383476561735,0.0,0.5083741116790199,0.0,0.0,0.207978385572159
0.0,0.0,0.397837866551664,0.0,0.5797698101487742,0.1623318312938298,0.259037677860008,0.3306810279803233,0.4629928556228824,0.0,0.0,0.0,0.0,0.2217652993651526,0.0,0.0,0.0,0.0,0.3671124224567387,0.0,0.0,0.0,0.1608963720179957,0.0,0.0,0.0,0.2446479498879185,0.0,0.0,0.0,0.0,0.3476520231895119,0.3711722968675699,0.2656360527017202,0.0938590136506368,0.0,0.0,0.0,0.1477060960085579,0.0,0.0,0.0,0.0,0.0,0.0,0.0,0.0,0.6679636348672932,0.0,0.2295366679916791,0.0212008248366976,0.0,0.4090135387867696,0.6487309334973242,0.0,0.6318551938757712,0.0,0.1045737256119809,0.0247092131426472,0.0,0.0,0.0,0.0,0.6798447616633959,0.0,0.0,0.0,0.2626098656281264,0.0,0.0,0.0,0.1109029585919269,0.0,0.0,0.0,0.0
0.1188234664251545,0.0,0.0,0.0,0.0,0.0,0.2918306950121246,0.0,0.263417264212078,0.8201599089219168,0.0,0.0,0.4399038330806765,0.0,0.0,0.0,0.83131421368117,0.668607978191479,0.0,0.0,0.0,0.0,0.0,0.7709862545466909,0.6407524096089626,0.800033783149699,0.0,0.1391487330826249,0.0,0.0,0.543906679001799,0.418057762146585,0.0,0.1352586229382623,0.0,0.0,0.0,0.247628560486785,0.5017179824357481,0.3826901532475336,0.3146831156248803,0.0,0.0,0.0,0.502712869122005,0.0,0.0,0.0,0.0,0.0,0.0,0.0,0.0,0.0,0.8152307622753828,0.0,0.8902746115413576,0.0,0.0,0.0,0.0,0.871922187477348,0.7520594375007805,0.0,0.0,0.0,0.0,0.0,0.6515239693271085,0.7106732588132242,0.7904267803461367,0.0,0.0,0.0,0.0,0.3715432999416323
0.0,0.5269946759800637,0.1693966652988701,0.2716706954743429,0.0,0.3341166963413894,0.294387226129987,0.1809095796378145,0.0551594189309695,0.4090299748109807,0.0,0.4399038330806765,0.0,0.0,0.2053763725558995,0.2622543307904468,0.5833091294329672,0.5161994350137441,0.0931446782026777,0.2817515191896066,0.515812976921567,0.4078326029906546,0.1700886247337287,0.3261327560668437,0.4585153507527375,0.3326828976628966,0.1352008758846255,0.7086534071045517,0.2805755198153035,0.1639957458571926,0.4092008699694532,0.242962949901779,0.1751221668109862,0.2923773249482964,0.0,0.0,0.1681693692060507,0.2292314277274965,0.2416925575560417,0.0,0.0,0.0,0.1549852735787323,0.0,0.0,0.0,0.0,0.1377427551058353,0.0,0.0,0.2903967348383389,0.0,0.1538560680541053,0.0,0.0,0.0,0.0,0.0,0.0,0.0,0.0,0.0,0.0,0.0,0.0,0.0,0.0,0.0,0.0,0.0,0.0,0.1142566269569534,0.0,0.2989650264412226,0.0,0.0
0.0,0.0,0.0,0.0,0.326301462662318,0.0,0.092166011175961,0.0,0.0,0.0,0.2217652993651526,0.0,0.0,0.0,0.0,0.0,0.0,0.0,0.0642680327470068,0.0,0.0,0.0,0.0,0.0,0.0,0.0,0.0,0.0,0.0,0.0,0.0326066873974628,0.1670837841328799,0.0,0.1474635253343158,0.0,0.0,0.0216062369970361,0.0,0.0,0.0,0.0,0.0,0.0,0.0,0.0,0.0,0.0,0.1820997179610318,0.0,0.0,0.0,0.0,0.0,0.0450946948584958,0.0,0.2792942904313178,0.0,0.0,0.0,0.0,0.0,0.0,0.0,0.0,0.0,0.0,0.0,0.0,0.0,0.0,0.0,0.0,0.0,0.0,0.0,0.0
0.0,0.0,0.0,0.0,0.0,0.1485917419975559,0.0,0.0709151195935925,0.0,0.0,0.0,0.0,0.2053763725558995,0.0,0.0,0.0,0.0,0.0,0.0,0.2979700364662611,0.4958676887972134,0.121396826911093,0.1495216593570514,0.0,0.0,0.0,0.3196509497981817,0.2724787391733406,0.2154550259047146,0.0,0.1165831375489054,0.0,0.4958803671683848,0.3519735599531594,0.1493321411566046,0.0,0.0,0.0,0.0,0.254982242012982,0.0078697426823689,0.050480910032239,0.0,0.0,0.0,0.0,0.0,0.0,0.0,0.0,0.2321866249496435,0.0,0.1367823660894228,0.0,0.0,0.0,0.0,0.0,0.0,0.5132601502295604,0.0,0.0,0.0,0.0,0.2573289223959731,0.5570881142255227,0.0549714271809048,0.1191410362405882,0.0,0.0,0.0,0.2023727659715185,0.1414130797052356,0.243021914646653,0.0,0.0
0.3187368834204335,0.2026545920949271,0.0,0.0,0.0,0.2066093650496519,0.2515997099720846,0.0701058520065036,0.1890385730784977,0.1788945149844648,0.0,0.0,0.2622543307904468,0.0,0.0,0.0,0.3446371505046239,0.7953936926450677,0.0,0.3797368061741356,0.071196361923349,0.724601541210779,0.0,0.4188162140920038,0.539295798871215,0.4238636063982871,0.1838926137077733,0.1300841010154409,0.3808571386334239,0.3864763136018931,0.4811163429982,0.4443643053619074,0.1107804075042433,0.2742628194782888,0.0,0.0,0.0,0.0,0.4993435644934352,0.308043819951123,0.4924593021861952,0.0,0.0,0.0,0.0,0.3259687867859002,0.3749777257048949,0.0,0.0,0.0,0.0,0.0,0.0,0.0,0.0,0.0,0.0,0.0,0.0,0.0,0.5872604148874712,0.0,0.5602038900801263,0.0,0.3334451620668534,0.0,0.5592125625867915,0.0,0.0,0.3775367201328187,0.4470711554365705,0.0,0.0,0.0,0.0,0.548608505280977
0.0930802296538025,0.0,0.0,0.0,0.0,0.0,0.1923238595039576,0.0,0.0,0.8365909798414812,0.0,0.83131421368117,0.5833091294329672,0.0,0.0,0.3446371505046239,0.0,0.7616776658834608,0.0,0.398535584272679,0.0,0.5606081991998643,0.0,0.7201166056993182,0.7732812964111754,0.8078101473433962,0.0,0.2802452576207175,0.0,0.0,0.6418254997801901,0.300927034600349,0.0231487922920559,0.121423669846277,0.0,0.0,0.0,0.265232107483137,0.0,0.4263753060891763,0.211437874762662,0.0,0.0,0.0,0.0,0.0,0.0,0.0,0.0,0.0,0.0,0.0,0.0,0.0,0.8935785863871355,0.0,0.8606092638835756,0.0,0.0,0.0,0.0,0.8483268575000689,0.7983636118986023,0.0,0.0,0.0,0.0,0.0,0.4693554362058128,0.7902359648968529,0.7516833841727038,0.0,0.0,0.0,0.0,0.0
0.3351950187867486,0.5970181141234059,0.0,0.0,0.0,0.3515886439358151,0.3869661272192426,0.1586565155538941,0.0,0.5871673910742454,0.0,0.668607978191479,0.5161994350137441,0.0,0.0,0.7953936926450677,0.7616776658834608,0.0,0.0,0.4550413347660408,0.325688683819521,0.7761459226771067,0.146673070382555,0.6478597242918328,0.8209424382006911,0.7145636275320684,0.3408459656877864,0.2380516290054564,0.5501023586554185,0.0,0.6157737824411417,0.3627248679987919,0.011390118197399,0.1745154172113384,0.0,0.0,0.0,0.0,0.4346841930064922,0.4194619336014495,0.3927188015325947,0.0,0.0,0.0,0.0,0.3995859951020204,0.6309612843108423,0.0,0.0,0.0,0.0,0.0,0.0,0.0,0.6041968097449381,0.0,0.5689646288328751,0.0,0.0,0.0,0.7048405522068927,0.7076402277688906,0.8137805818124352,0.0,0.0,0.0,0.6683604517832066,0.0,0.4056769556996691,0.7073916786672915,0.7035636211117752,0.0,0.0,0.0,0.0,0.5618448496835869
0.0,0.0,0.6349404021981669,0.0,0.2283917330340949,0.4758075150108306,0.2098542400159623,0.4550431541378365,0.5983807366796182,0.3903599998456481,0.3671124224567387,0.0,0.0931446782026777,0.0642680327470068,0.0,0.0,0.0,0.0,0.0,0.0,0.0,0.0,0.3967153081984194,0.0,0.0,0.0,0.6207303095202049,0.0,0.0,0.0,0.3900938710605597,0.3867709186605425,0.0,0.2900469270828285,0.0,0.0,0.0,0.0,0.4965935756424868,0.0,0.0,0.0,0.2847864492460975,0.0,0.0,0.0,0.0,0.5600331005090867,0.0,0.0,0.2401470691563815,0.0,0.5181539408379287,0.4872834784540156,0.0,0.3580434392009194,0.0,0.0,0.2280287385935109,0.0,0.0,0.0,0.0,0.7714560723982372,0.0,0.0,0.0,0.3827554377341421,0.0,0.0,0.0,0.2987641432960677,0.0,0.0,0.0,0.0
0.2001645627871198,0.2016944837139111,0.0,0.0,0.1292407428392377,0.2451304548417129,0.2070288142045398,0.2383097247733972,0.1539008158381131,0.0,0.0,0.0,0.2817515191896066,0.0,0.2979700364662611,0.3797368061741356,0.398535584272679,0.4550413347660408,0.0,0.0,0.3175265808781231,0.7142360281149318,0.2046389111621878,0.0,0.3141117667289226,0.3311744393272581,0.4463721493006953,0.2700122073159039,0.6472663696713145,0.5616892037070614,0.5148955920327583,0.2558735496109196,0.1217458404563773,0.3373290022451499,0.0,0.0,0.0,0.0,0.265561399424282,0.2084838953584304,0.1999091901787583,0.0,0.0,0.0,0.0,0.0,0.2495806769735618,0.0,0.0,0.0,0.0934588774207275,0.0,0.2407583437324759,0.0,0.0,0.0,0.0,0.0,0.0,0.4123303938392935,0.0,0.0,0.0,0.0,0.7141899319561563,0.3537355500907325,0.519912670288454,0.103383267990376,0.0,0.0,0.3441902631940787,0.2139873457502101,0.3567588530866308,0.4704136751191134,0.0,0.1926077539908171
0.0,0.4248190082703081,0.0,0.0,0.0,0.406870953013679,0.0,0.3694051580380388,0.0,0.0,0.0,0.0,0.515812976921567,0.0,0.4958676887972134,0.071196361923349,0.0,0.325688683819521,0.0,0.3175265808781231,0.0,0.3246784215495924,0.3090648811926864,0.3690212718136056,0.2875863043008876,0.3269278290635958,0.3416641055464631,0.3601022095650827,0.3874011751558524,0.2159605324980617,0.4306508996833343,0.1459856487556016,0.4606674450977537,0.3294869884938868,0.0,0.0,0.0,0.0,0.097570732896056,0.4939408338405671,0.1292962652601544,0.0,0.0,0.0,0.0,0.1041470029260101,0.315450382160897,0.0,0.0,0.0,0.2632180121134136,0.0,0.4210034597761326,0.0,0.0,0.0,0.0,0.0,0.0,0.0,0.2263413680499593,0.0,0.0,0.0,0.2345761074324132,0.7528060622799151,0.3073383017099531,0.1445532001479422,0.0,0.19496349548045,0.1753678961159602,0.1060657586693517,0.4721281305141313,0.1424479169680394,0.0,0.013762309910808
0.3621804474256377,0.3972746833732736,0.0,0.0,0.0619852229089906,0.352642429054859,0.3464581547784796,0.2105978096508167,0.2722289864066423,0.5366982916109013,0.0,0.0,0.4078326029906546,0.0,0.121396826911093,0.724601541210779,0.5606081991998643,0.7761459226771067,0.0,0.7142360281149318,0.3246784215495924,0.0,0.1371221917296711,0.0,0.6700145092708872,0.5767101494551653,0.4402026060353128,0.2291916655687398,0.6794417124229045,0.4835655352376172,0.6219220567009217,0.4725279641436576,0.1416956531654065,0.3418054764847941,0.0,0.0,0.0,0.0,0.4860262367684708,0.4167684616172433,0.4722666631427292,0.0,0.0,0.0,0.0,0.4715184823103006,0.5131827219565962,0.0,0.0,0.0,0.0442401161983037,0.0,0.0,0.0,0.0,0.0,0.0,0.0,0.0,0.1563490060734358,0.6566707427059041,0.0,0.6080343268370622,0.0,0.6618952297760502,0.2070897641406997,0.7733691406951603,0.0,0.0,0.5628886575495711,0.5920154801025836,0.0462177345267989,0.0,0.4323121076441164,0.0,0.5159892324721322
0.2076519984707971,0.3373658567810537,0.8250237661789348,0.0,0.0,0.6630317184740282,0.0150345475958734,0.7442115911557133,0.3830027207146486,0.4941781066395913,0.1608963720179957,0.0,0.1700886247337287,0.0,0.1495216593570514,0.0,0.0,0.146673070382555,0.3967153081984194,0.2046389111621878,0.3090648811926864,0.1371221917296711,0.0,0.4352529670122932,0.2896633253622456,0.3975793251752314,0.7444211137988197,0.0,0.3988003888346543,0.1079304693920674,0.1851892777997683,0.1769113336006963,0.1326041099957221,0.0877969746220125,0.0,0.0,0.0,0.0,0.2771588933427826,0.2693574208382533,0.0,0.0,0.32078967228736,0.0,0.0,0.0,0.4552164506501197,0.5960960895899686,0.0,0.2080717507402503,0.523777721882653,0.3021032936465885,0.6195358626029186,0.6153481112879463,0.0,0.3914665612235619,0.0,0.5534369236432637,0.0387689526154028,0.2613345118096291,0.0,0.0,0.0,0.4264762776982963,0.42891546124158,0.2282775001908899,0.3348778379749946,0.8695192556308541,0.0,0.0,0.466027844433399,0.6653066677015823,0.3459244535382569,0.4261470763541919,0.2218443935195836,0.0
0.4233806317403082,0.0,0.0,0.0,0.0,0.0,0.1528594288170951,0.4961059793584069,0.0,0.7087871202112166,0.0,0.7709862545466909,0.3261327560668437,0.0,0.0,0.4188162140920038,0.7201166056993182,0.6478597242918328,0.0,0.0,0.3690212718136056,0.0,0.4352529670122932,0.0,0.6960688139110774,0.8341985631688401,0.4100203996721446,0.0247545760241601,0.0,0.0,0.6582010375609956,0.4012183262184658,0.1922761099076031,0.2384661147198792,0.0,0.0,0.0,0.2394254913458809,0.5107587195208494,0.5389878244287073,0.3760953242825401,0.0,0.0,0.0,0.4606762230259321,0.582861938880401,0.0,0.0,0.0,0.0,0.0,0.0,0.0,0.0,0.7512653585619885,0.0,0.7501262876343373,0.0,0.0,0.0,0.6087974352078408,0.8262641912346879,0.7611428429541518,0.0,0.0,0.0,0.0,0.0,0.8489931997597716,0.7532234314604548,0.8594493346122971,0.0,0.0,0.0,0.0,0.4904095320505019
0.3892371487974279,0.8015405008879377,0.0,0.0,0.0,0.406369937112733,0.2750890048819333,0.1896165949406076,0.0,0.6729799391958626,0.0,0.6407524096089626,0.4585153507527375,0.0,0.0,0.539295798871215,0.7732812964111754,0.8209424382006911,0.0,0.3141117667289226,0.2875863043008876,0.6700145092708872,0.2896633253622456,0.6960688139110774,0.0,0.7629350064858983,0.3798319978932566,0.1103514516673251,0.5120698136530688,0.0,0.5208446069734525,0.3131279651321868,0.0,0.0604465819923952,0.0,0.0,0.0,0.1605637442133903,0.4675420314203122,0.4261072411059732,0.3048705223240751,0.0,0.0,0.0,0.0,0.4559214427239437,0.7293815454301631,0.0,0.0,0.0,0.0,0.0,0.0,0.0,0.7438777780708683,0.0,0.6426870335614733,0.0,0.0,0.0,0.680314804890495,0.6808602296202425,0.7605204259576922,0.0,0.3676928269340626,0.0763080254108318,0.6593711112799007,0.0,0.4371549903723226,0.8927629924338844,0.8116599765160561,0.0,0.0,0.0,0.0,0.5913502399832458
0.366774068817532,0.8482936465964519,0.0,0.0,0.0,0.5932208905069901,0.15962642301631,0.3827417887805644,0.0,0.7696855138457637,0.0,0.800033783149699,0.3326828976628966,0.0,0.0,0.4238636063982871,0.8078101473433962,0.7145636275320684,0.0,0.3311744393272581,0.3269278290635958,0.5767101494551653,0.3975793251752314,0.8341985631688401,0.7629350064858983,0.0,0.4101636008100737,0.0,0.4966406326756622,0.0,0.5373640784937012,0.3531116442622504,0.0768933146716591,0.1523317856367901,0.0,0.0,0.0,0.1845634859385139,0.3994991129800093,0.390504299019298,0.274121901217151,0.0,0.0,0.0,0.4589455796170161,0.4678635563089402,0.7935087964169609,0.0,0.0,0.0,0.0,0.0,0.0,0.0,0.8281064034381842,0.0,0.7838121043903369,0.0,0.0,0.0,0.5322543299818283,0.8159376146237787,0.7671308631081444,0.0,0.3531653132461591,0.1922530468532394,0.7141427603265936,0.1906709062537248,0.5964374304690423,0.7859134892956339,0.917948197464468,0.1605643057623343,0.0,0.1600164909972437,0.0,0.3238267964558216
0.307344574657201,0.2595889146859044,0.7524235230912629,0.0,0.1185470770319069,0.6287014595712536,0.2697086761030386,0.4712567179537766,0.5204612551171225,0.5435863156925315,0.2446479498879185,0.0,0.1352008758846255,0.0,0.3196509497981817,0.1838926137077733,0.0,0.3408459656877864,0.6207303095202049,0.4463721493006953,0.3416641055464631,0.4402026060353128,0.7444211137988197,0.4100203996721446,0.3798319978932566,0.4101636008100737,0.0,0.0,0.6866763629490252,0.2320816702692439,0.3442295068220988,0.1773886342038027,0.1910840621900081,0.1914173418537972,0.0,0.0,0.0,0.0,0.2675432717483528,0.0,0.1095005802829419,0.0,0.2042853994103847,0.0,0.0,0.0,0.5501261476390314,0.584586601743138,0.0,0.0,0.3879328277313171,0.3558734993775694,0.4651818661256803,0.665951588989346,0.0,0.3740178339895645,0.0,0.5656324183347823,0.0,0.3148721156442923,0.0,0.0,0.0,0.536607441651747,0.5740080935192062,0.3387606731754186,0.5604053798022786,0.6248758557749077,0.0,0.0,0.5013406221247756,0.6347992611494788,0.4036789505852108,0.5207602710702959,0.2304364081345726,0.0574143071203892
0.0,0.1566028424434568,0.0,0.2659721258385998,0.0,0.0,0.0,0.0,0.0,0.0594144566943734,0.0,0.1391487330826249,0.7086534071045517,0.0,0.2724787391733406,0.1300841010154409,0.2802452576207175,0.2380516290054564,0.0,0.2700122073159039,0.3601022095650827,0.2291916655687398,0.0,0.0247545760241601,0.1103514516673251,0.0,0.0,0.0,0.038198073659241,0.2659268018359649,0.2607065556024622,0.1163355413389805,0.1328304948496964,0.3462121957275003,0.0074715099070426,0.0,0.2701536358078706,0.2405920001333569,0.1384231973555226,0.0,0.2456030779949848,0.0112295666064887,0.0,0.0,0.0,0.0,0.0,0.0,0.0,0.0,0.0,0.0,0.0633722737701899,0.0,0.0,0.0,0.0,0.0,0.0,0.1005317490400263,0.0,0.0,0.0,0.0,0.2308762517252907,0.2896674715635535,0.0,0.0,0.0,0.0,0.0,0.0,0.3022707673225255,0.2247116395685852,0.0,0.2347078290018711
0.3447926708754092,0.3692018803790036,0.0,0.0,0.1883989278792508,0.6263898785782306,0.4857695523694786,0.3037668083419573,0.30124681651848,0.0,0.0,0.0,0.2805755198153035,0.0,0.2154550259047146,0.3808571386334239,0.0,0.5501023586554185,0.0,0.6472663696713145,0.3874011751558524,0.6794417124229045,0.3988003888346543,0.0,0.5120698136530688,0.4966406326756622,0.6866763629490252,0.038198073659241,0.0,0.4908582349039536,0.5145246826418385,0.2136268726527803,0.1377365304340629,0.2511886136814296,0.0,0.045800397799056,0.0,0.0,0.2996263890392722,0.0,0.2449257129349378,0.0,0.0,0.0,0.0,0.0,0.5791210760036634,0.0,0.0,0.0,0.1853419059509951,0.0,0.3604142799797077,0.0,0.0,0.0,0.0,0.4708605202481414,0.0,0.1535787384836161,0.0,0.0,0.0,0.0,0.5847553595923918,0.4083926073752884,0.6200963883885368,0.2880130918367622,0.0,0.0,0.5240700464894944,0.2673751902114131,0.3988650152395743,0.446835622428753,0.0,0.1975864283156239
0.0,0.0,0.2686323354368429,0.0,0.0,0.3338550789396487,0.0,0.3628773355395373,0.2782502828188343,0.0,0.0,0.0,0.1639957458571926,0.0,0.0,0.3864763136018931,0.0,0.0,0.0,0.5616892037070614,0.2159605324980617,0.4835655352376172,0.1079304693920674,0.0,0.0,0.0,0.2320816702692439,0.2659268018359649,0.4908582349039536,0.0,0.5852566593775941,0.2277669316038154,0.0,0.4133873093532702,0.0,0.0,0.0,0.0,0.1861126155666443,0.0,0.0,0.0,0.0,0.0,0.0,0.0,0.0,0.0,0.0,0.0,0.0,0.0,0.0,0.0,0.0,0.0,0.0,0.0,0.0,0.0,0.0,0.0,0.0,0.0,0.5042878110060777,0.0,0.0,0.0932250364938538,0.0,0.0,0.0,0.0,0.0,0.0,0.0,0.0
0.1473898153038943,0.440915715397427,0.2525744971056889,0.0,0.0,0.3754994897644655,0.1078727069177802,0.2591847538875904,0.130987306498217,0.6391877379746189,0.0,0.543906679001799,0.4092008699694532,0.0326066873974628,0.1165831375489054,0.4811163429982,0.6418254997801901,0.6157737824411417,0.3900938710605597,0.5148955920327583,0.4306508996833343,0.6219220567009217,0.1851892777997683,0.6582010375609956,0.5208446069734525,0.5373640784937012,0.3442295068220988,0.2607065556024622,0.5145246826418385,0.5852566593775941,0.0,0.4670812181508463,0.2775334275401488,0.4776399813925648,0.0,0.0,0.0,0.2760612451065093,0.476221391448514,0.4291269659244498,0.2773887573183456,0.0,0.0,0.0,0.0,0.3502807756412101,0.4963063376885352,0.0,0.0,0.0,0.3019146477051745,0.0,0.2495102168447714,0.0,0.6641904840816,0.0,0.5702141046023776,0.0,0.0,0.0,0.6527951911741514,0.0,0.6695377605040751,0.0,0.4585752466299366,0.2999519479627346,0.5790208201948678,0.0088123545265755,0.5101003437743877,0.5940064515005262,0.5554197997208613,0.1158197800602084,0.5975771622255098,0.4068491754440327,0.0,0.4705402267635009
0.066672346899684,0.1705572134245299,0.3105238794480007,0.0,0.0150992678918673,0.2164772163130884,0.1028854570846759,0.4751356228381189,0.2462543732538646,0.235713591040255,0.3476520231895119,0.418057762146585,0.242962949901779,0.1670837841328799,0.0,0.4443643053619074,0.300927034600349,0.3627248679987919,0.3867709186605425,0.2558735496109196,0.1459856487556016,0.4725279641436576,0.1769113336006963,0.4012183262184658,0.3131279651321868,0.3531116442622504,0.1773886342038027,0.1163355413389805,0.2136268726527803,0.2277669316038154,0.4670812181508463,0.0,0.1780939259932514,0.4551245459354481,0.0,0.0,0.0,0.0,0.722594124052273,0.410927742152849,0.5523522934328629,0.0,0.2098097344203466,0.4131888187679717,0.0735721714002298,0.2039649224299496,0.2653716352910915,0.3741548135578231,0.0,0.0,0.1763537022012606,0.0,0.4049798824089006,0.2923532270260436,0.2691875454407956,0.3087954026062136,0.3343039687167859,0.2669940792319337,0.0,0.0675856424596538,0.2405288012456565,0.0,0.2810563303787984,0.4333755714094526,0.3835483795312969,0.0,0.3677203106262947,0.076023193722785,0.3291873688050987,0.3098241111755443,0.40878449409098,0.083921632997572,0.4140792100111789,0.3023971473607958,0.0,0.3893858192054013
0.1477382274757291,0.0563368587850257,0.0,0.0,0.0606040504146747,0.2490430764160841,0.0,0.200585144227768,0.2845542430390079,0.0737878648847449,0.3711722968675699,0.0,0.1751221668109862,0.0,0.4958803671683848,0.1107804075042433,0.0231487922920559,0.011390118197399,0.0,0.1217458404563773,0.4606674450977537,0.1416956531654065,0.1326041099957221,0.1922761099076031,0.0,0.0768933146716591,0.1910840621900081,0.1328304948496964,0.1377365304340629,0.0,0.2775334275401488,0.1780939259932514,0.0,0.5844999166521307,0.0978562109145729,0.0,0.0,0.1023317851124411,0.087528277882095,0.6697932112629592,0.2639439756076255,0.0,0.0,0.0,0.0562468700732132,0.1023118031652693,0.0530591249923927,0.0,0.0,0.0,0.0,0.0,0.0,0.0,0.0578689385952933,0.0,0.0163373493859574,0.0,0.0,0.1921479785605145,0.0523495351693573,0.1711519306875941,0.0,0.0,0.2015416624888832,0.3961959165523951,0.1710785268087875,0.1477219318944458,0.1170513126364017,0.0,0.0,0.1292597659085763,0.0,0.2350367265086552,0.0,0.0
0.0230095722749811,0.1069168730035554,0.2025625810972266,0.0,0.1086652774524237,0.1979996466595536,0.0,0.2641705262268106,0.125719081413029,0.1250726162163793,0.2656360527017202,0.1352586229382623,0.2923773249482964,0.1474635253343158,0.3519735599531594,0.2742628194782888,0.121423669846277,0.1745154172113384,0.2900469270828285,0.3373290022451499,0.3294869884938868,0.3418054764847941,0.0877969746220125,0.2384661147198792,0.0604465819923952,0.1523317856367901,0.1914173418537972,0.3462121957275003,0.2511886136814296,0.4133873093532702,0.4776399813925648,0.4551245459354481,0.5844999166521307,0.0,0.0707833131079165,0.0,0.0,0.226518154038165,0.2494536359647197,0.5036890936475262,0.4716467742304749,0.0,0.0,0.0,0.1770656518212676,0.104899474448466,0.0866400489772038,0.0,0.0,0.0,0.2115630447416584,0.0,0.3049578107027911,0.0,0.1546393066021519,0.0,0.1869434515240926,0.0,0.0,0.0797526488819695,0.1477586528643375,0.0,0.1109157056373309,0.0,0.3929495659668853,0.2179437862068809,0.2497457658316806,0.0160826519869496,0.1520470675572349,0.0376891406650853,0.1221600722083085,0.0975823469092765,0.3167794005041185,0.3270055827789425,0.0,0.0996603281309922
0.0,0.0,0.0,0.1327072269676486,0.2619896004400528,0.0,0.0,0.0,0.0,0.0,0.0938590136506368,0.0,0.0,0.0,0.1493321411566046,0.0,0.0,0.0,0.0,0.0,0.0,0.0,0.0,0.0,0.0,0.0,0.0,0.0074715099070426,0.0,0.0,0.0,0.0,0.0978562109145729,0.0707833131079165,0.0,0.0,0.0,0.0,0.0,0.0,0.0,0.5391323775021568,0.0,0.0,0.0,0.0,0.0,0.0,0.0,0.0,0.0,0.0,0.0,0.0,0.0,0.0,0.0,0.0,0.0,0.209825479767461,0.0,0.0,0.0,0.0,0.0,0.0,0.0,0.0,0.0,0.0,0.0,0.0,0.0,0.0,0.0,0.0
0.0,0.0,0.0,0.1323282401981871,0.0657052750488024,0.0,0.0295747132154359,0.0,0.0,0.0134952110922232,0.0,0.0,0.0,0.0,0.0,0.0,0.0,0.0,0.0,0.0,0.0,0.0,0.0,0.0,0.0,0.0,0.0,0.0,0.045800397799056,0.0,0.0,0.0,0.0,0.0,0.0,0.0,0.5792358088494792,0.0,0.0,0.0,0.0,0.019612192236269,0.3534864622974817,0.1190774166955616,0.0,0.0,0.0,0.0,0.0,0.0,0.0,0.0,0.0,0.0,0.0,0.0,0.0,0.0188056809707387,0.2161684904848211,0.0,0.0,0.0,0.0,0.0,0.0,0.0,0.0,0.0,0.0,0.0,0.0,0.0,0.0,0.0,0.0,0.0
0.0,0.0,0.0,0.2708551279596857,0.0,0.0,0.0,0.0,0.0,0.0,0.0,0.0,0.1681693692060507,0.0216062369970361,0.0,0.0,0.0,0.0,0.0,0.0,0.0,0.0,0.0,0.0,0.0,0.0,0.0,0.2701536358078706,0.0,0.0,0.0,0.0,0.0,0.0,0.0,0.5792358088494792,0.0,0.1267736866839106,0.0,0.0,0.0,0.0,0.0,0.0,0.0,0.0,0.0,0.0,0.0,0.0,0.0,0.0,0.0,0.0,0.0,0.0,0.0,0.0,0.0,0.0,0.0,0.0,0.0,0.0,0.0,0.0,0.0,0.0,0.0,0.0,0.0,0.0,0.0,0.0,0.0,0.0
0.0,0.0,0.0,0.0,0.0,0.0,0.0,0.0,0.0,0.3848316655102288,0.0,0.247628560486785,0.2292314277274965,0.0,0.0,0.0,0.265232107483137,0.0,0.0,0.0,0.0,0.0,0.0,0.2394254913458809,0.1605637442133903,0.1845634859385139,0.0,0.2405920001333569,0.0,0.0,0.2760612451065093,0.0,0.1023317851124411,0.226518154038165,0.0,0.0,0.1267736866839106,0.0,0.0,0.2036049264749569,0.0,0.0,0.0,0.0,0.4311783966304928,0.0,0.0,0.0,0.0,0.0,0.0,0.0,0.0,0.0,0.376261218945105,0.0,0.3497260638346282,0.0,0.0,0.0,0.0,0.0,0.0,0.0,0.0,0.0,0.0,0.0,0.2081733354479911,0.0,0.2277466196728363,0.0,0.0,0.0,0.0,0.0
0.3122131268889189,0.1864104583708851,0.3893716472290258,0.0,0.0,0.2096223211663284,0.0,0.426309338218153,0.17527301524798,0.3617520846364102,0.1477060960085579,0.5017179824357481,0.2416925575560417,0.0,0.0,0.4993435644934352,0.0,0.4346841930064922,0.4965935756424868,0.265561399424282,0.097570732896056,0.4860262367684708,0.2771588933427826,0.5107587195208494,0.4675420314203122,0.3994991129800093,0.2675432717483528,0.1384231973555226,0.2996263890392722,0.1861126155666443,0.476221391448514,0.722594124052273,0.087528277882095,0.2494536359647197,0.0,0.0,0.0,0.0,0.0,0.4459688653832819,0.5728367244836483,0.0,0.234877845318071,0.4182317011098158,0.3063213551350177,0.4471635956190454,0.3871003342077301,0.3485805743863575,0.0,0.0466724012836139,0.2957096115345196,0.0,0.3729713102644233,0.2294375977441952,0.4859073830177208,0.2568827763960389,0.4783223393181459,0.4138088352098067,0.2256242083564701,0.0233013054278155,0.4541960430738277,0.6223524866333643,0.5514058668532448,0.4266360163964169,0.4912050474926067,0.0218625582654329,0.49086418976631,0.2116515036700121,0.4958361984842245,0.5394668976525406,0.6314570245370148,0.2055245539308877,0.5662179500606391,0.493490698698169,0.5786894569465555,0.6113138090792689
0.3151097256419803,0.3277087002969664,0.0,0.0,0.0,0.0,0.0,0.0,0.0,0.3562714393361406,0.0,0.3826901532475336,0.0,0.0,0.254982242012982,0.308043819951123,0.4263753060891763,0.4194619336014495,0.0,0.2084838953584304,0.4939408338405671,0.4167684616172433,0.2693574208382533,0.5389878244287073,0.4261072411059732,0.390504299019298,0.0,0.0,0.0,0.0,0.4291269659244498,0.410927742152849,0.6697932112629592,0.5036890936475262,0.0,0.0,0.0,0.2036049264749569,0.4459688653832819,0.0,0.5746714514078495,0.0,0.1475669809025525,0.3210380326607882,0.4083648990760447,0.3666294300457626,0.398015028664139,0.0,0.0,0.110779513535196,0.3350341194679939,0.1337974058330278,0.3397572008717051,0.4728299770640127,0.4488008517669582,0.2439696259702102,0.4225890716557941,0.437644693061719,0.0,0.0626086166233831,0.4234743410292845,0.5071650773458289,0.4115995417898933,0.0,0.4643184086646195,0.3621504063960279,0.5185102750649446,0.1750583869946924,0.4258854188328518,0.3370420771912789,0.3882055651970681,0.209840605484312,0.561207510493643,0.3982508470791874,0.4442045078317868,0.3442270798627292
0.2840490077337387,0.0908501928921442,0.0,0.0,0.0,0.1008143223157113,0.0,0.1732797723879261,0.0,0.0774706020517107,0.0,0.3146831156248803,0.0,0.0,0.0078697426823689,0.4924593021861952,0.211437874762662,0.3927188015325947,0.0,0.1999091901787583,0.1292962652601544,0.4722666631427292,0.0,0.3760953242825401,0.3048705223240751,0.274121901217151,0.1095005802829419,0.2456030779949848,0.2449257129349378,0.0,0.2773887573183456,0.5523522934328629,0.2639439756076255,0.4716467742304749,0.0,0.0,0.0,0.0,0.5728367244836483,0.5746714514078495,0.0,0.0,0.0,0.3450272597091712,0.0885659442231339,0.3715920762458178,0.2085248668947714,0.2903660948201207,0.0,0.0,0.0,0.0,0.1829552665168694,0.1969532209734596,0.1228483021423348,0.2341568388910213,0.2512202945897747,0.1646633685000045,0.0878444460314303,0.0298515771829225,0.3410214323159975,0.3545488550916449,0.3223178419939304,0.4131593022466844,0.3995950532720419,0.0385741329643617,0.4431728816593512,0.0,0.3016977081677446,0.2053087313385179,0.3236814200655198,0.0,0.4509312297924143,0.2371893721665116,0.4573161642884673,0.5618585881532587
0.0,0.0,0.0,0.0,0.0,0.0,0.0,0.0,0.0,0.0,0.0,0.0,0.0,0.0,0.050480910032239,0.0,0.0,0.0,0.0,0.0,0.0,0.0,0.0,0.0,0.0,0.0,0.0,0.0112295666064887,0.0,0.0,0.0,0.0,0.0,0.0,0.5391323775021568,0.019612192236269,0.0,0.0,0.0,0.0,0.0,0.0,0.0,0.0,0.0,0.0,0.0,0.0,0.2973267688893315,0.1808781847658909,0.0,0.0,0.0,0.0,0.0,0.0006382041499554,0.0,0.0,0.0,0.1151551903998498,0.0,0.0,0.0,0.0,0.0,0.0,0.0,0.0,0.0,0.0,0.0,0.0,0.0,0.0,0.0,0.0
0.0,0.0,0.2334667219744325,0.0,0.0,0.4601117744002028,0.0,0.4165693281707802,0.1836754136441174,0.0,0.0,0.0,0.1549852735787323,0.0,0.0,0.0,0.0,0.0,0.2847864492460975,0.0,0.0,0.0,0.32078967228736,0.0,0.0,0.0,0.2042853994103847,0.0,0.0,0.0,0.0,0.2098097344203466,0.0,0.0,0.0,0.3534864622974817,0.0,0.0,0.234877845318071,0.1475669809025525,0.0,0.0,0.0,0.5533292183922257,0.1747630301715755,0.0,0.0,0.0062250200097594,0.0,0.2512133770868091,0.4149909209993856,0.2536867823560052,0.4100920518283566,0.0700889418801439,0.3848771883092678,0.0,0.312787389636239,0.4730508084653911,0.3130748957292613,0.0,0.0,0.4625387899865209,0.0,0.0676766171634248,0.0622217100894394,0.2054610832595157,0.2187907484723754,0.2976520370264595,0.4358114682837267,0.2785733356180072,0.2414721890515119,0.1261300577788979,0.4634957329720962,0.1158595068227344,0.0,0.0
0.0,0.0,0.0,0.0,0.0,0.0,0.0,0.0,0.0,0.0,0.0,0.0,0.0,0.0,0.0,0.0,0.0,0.0,0.0,0.0,0.0,0.0,0.0,0.0,0.0,0.0,0.0,0.0,0.0,0.0,0.0,0.4131888187679717,0.0,0.0,0.0,0.1190774166955616,0.0,0.0,0.4182317011098158,0.3210380326607882,0.3450272597091712,0.0,0.5533292183922257,0.0,0.2119348478149573,0.0,0.0,0.2696518473046678,0.0,0.1355208870532073,0.2554659709507808,0.0148158651034836,0.4658673648876716,0.2532270697439697,0.5236626829026448,0.1099890753847436,0.5655665257173648,0.5302917326172578,0.280737236322726,0.0,0.0,0.0,0.0,0.4112207988591501,0.0,0.0,0.0,0.2628189004891292,0.0,0.0,0.0,0.0900109078333416,0.5968464210003336,0.2302756355900659,0.0,0.3509073105414994
0.0,0.0,0.0,0.0,0.0,0.0,0.0,0.0,0.0,0.5564688168416663,0.0,0.502712869122005,0.0,0.0,0.0,0.0,0.0,0.0,0.0,0.0,0.0,0.0,0.0,0.4606762230259321,0.0,0.4589455796170161,0.0,0.0,0.0,0.0,0.0,0.0735721714002298,0.0562468700732132,0.1770656518212676,0.0,0.0,0.0,0.4311783966304928,0.3063213551350177,0.4083648990760447,0.0885659442231339,0.0,0.1747630301715755,0.2119348478149573,0.0,0.1915505806100487,0.0,0.0,0.0,0.0,0.0,0.0,0.0,0.0,0.6789738741981245,0.0,0.5880220884936395,0.3370893166940661,0.0,0.0,0.0,0.4932586399953935,0.0,0.0,0.0,0.0,0.0,0.0,0.3614995675052587,0.5470469103503208,0.499673681494285,0.0,0.4089088715970558,0.0,0.0,0.307707297630474
0.7472844302834355,0.268385635985056,0.0,0.0,0.0,0.0,0.0,0.0,0.0,0.0,0.0,0.0,0.0,0.0,0.0,0.3259687867859002,0.0,0.3995859951020204,0.0,0.0,0.1041470029260101,0.4715184823103006,0.0,0.582861938880401,0.4559214427239437,0.4678635563089402,0.0,0.0,0.0,0.0,0.3502807756412101,0.2039649224299496,0.1023118031652693,0.104899474448466,0.0,0.0,0.0,0.0,0.4471635956190454,0.3666294300457626,0.3715920762458178,0.0,0.0,0.0,0.1915505806100487,0.0,0.599883492566333,0.0,0.0,0.0,0.0945289873418339,0.0,0.2400007925348038,0.0,0.3405109657465175,0.0,0.2635208187182353,0.2924420500007587,0.0,0.0,0.620631801047568,0.0,0.515767372743478,0.0,0.3754375723176815,0.1100785633996344,0.6488539355023414,0.2253894426878337,0.543136425772891,0.4959114280186515,0.5643040567548411,0.0427578004947764,0.2764715485946114,0.2338502263384101,0.0,0.5016496724831039
0.3650340466262941,0.6449976837490353,0.0,0.0,0.0,0.0,0.0,0.0,0.0,0.0,0.0,0.0,0.0,0.0,0.0,0.3749777257048949,0.0,0.6309612843108423,0.0,0.2495806769735618,0.315450382160897,0.5131827219565962,0.4552164506501197,0.0,0.7293815454301631,0.7935087964169609,0.5501261476390314,0.0,0.5791210760036634,0.0,0.4963063376885352,0.2653716352910915,0.0530591249923927,0.0866400489772038,0.0,0.0,0.0,0.0,0.3871003342077301,0.398015028664139,0.2085248668947714,0.0,0.0,0.0,0.0,0.599883492566333,0.0,0.0,0.0,0.0,0.2486794968947938,0.0,0.4356875612750159,0.3373134455172521,0.6913987120987891,0.0,0.0,0.5503594371654061,0.0,0.0,0.6432145804865501,0.694502990982387,0.6752404921455288,0.0,0.3606597323790783,0.2531401302326648,0.7932698034287466,0.3417758935996037,0.0,0.7866480556313105,0.8220965279952185,0.0883724716221743,0.419490077182872,0.1506984505345215,0.0,0.3606215833977531
0.0,0.0,0.7957540929201283,0.0,0.3742648985999373,0.3811362102396241,0.0,0.5614290975217652,0.5063873671040205,0.0,0.6679636348672932,0.0,0.1377427551058353,0.1820997179610318,0.0,0.0,0.0,0.0,0.5600331005090867,0.0,0.0,0.0,0.5960960895899686,0.0,0.0,0.0,0.584586601743138,0.0,0.0,0.0,0.0,0.3741548135578231,0.0,0.0,0.0,0.0,0.0,0.0,0.3485805743863575,0.0,0.2903660948201207,0.0,0.0062250200097594,0.2696518473046678,0.0,0.0,0.0,0.0,0.0,0.2490678450668698,0.1863790969660545,0.0082990540917594,0.5321652218874546,0.8207350885255144,0.0,0.8570433963601527,0.0,0.3340895112509471,0.1118875105831506,0.0,0.0,0.0,0.0,0.7906634078746679,0.0,0.0,0.0,0.5954489044988558,0.0,0.0,0.0,0.4215957646799412,0.2302080117754965,0.4035081065101025,0.2279117714936682,0.109921001360415
0.0,0.0,0.0,0.0,0.0,0.0,0.0,0.0,0.0,0.0,0.0,0.0,0.0,0.0,0.0,0.0,0.0,0.0,0.0,0.0,0.0,0.0,0.0,0.0,0.0,0.0,0.0,0.0,0.0,0.0,0.0,0.0,0.0,0.0,0.0,0.0,0.0,0.0,0.0,0.0,0.0,0.2973267688893315,0.0,0.0,0.0,0.0,0.0,0.0,0.0,0.4711589728361909,0.0947035881508788,0.4475390470623716,0.0,0.0184914369171986,0.0,0.0256413397303557,0.0,0.0,0.0,0.0,0.0,0.0,0.0,0.0,0.0,0.0,0.0,0.1112139132377749,0.0,0.0,0.0,0.0251566403771794,0.0,0.0,0.0,0.0
0.0,0.0,0.1917432367446376,0.0,0.0,0.0,0.0,0.1576920513919922,0.0,0.0,0.2295366679916791,0.0,0.0,0.0,0.0,0.0,0.0,0.0,0.0,0.0,0.0,0.0,0.2080717507402503,0.0,0.0,0.0,0.0,0.0,0.0,0.0,0.0,0.0,0.0,0.0,0.0,0.0,0.0,0.0,0.0466724012836139,0.110779513535196,0.0,0.1808781847658909,0.2512133770868091,0.1355208870532073,0.0,0.0,0.0,0.2490678450668698,0.4711589728361909,0.0,0.3002833679761086,0.5180323129215987,0.2882239041228719,0.3532939580629901,0.0,0.2964688179620355,0.0,0.2428339293950278,0.0552590175247091,0.0,0.0,0.0,0.0,0.2887088161204439,0.0,0.0,0.0,0.3022024466925128,0.0,0.0,0.0,0.2385329899468307,0.1960236063972403,0.0,0.0,0.0
