0.0,0.3361827028542098,0.0,0.0,0.0,0.4585870675126268,0.0,0.4123192126218137,0.0,0.5610162850033273,0.0,0.3733360840218153,0.4600177949633462,0.0,0.4499971751113394,0.5970737536987581,0.3893234657702398,0.4293781387279967,0.0,0.4436692605883902,0.7074170856070042,0.6121661506769391,0.4424226693226447,0.3761320890659391,0.6166758361308066,0.4195962011836416,0.6050566444964114,0.53211387510301,0.6560135006175346,0.0,0.7124372198740024,0.5462287294201956,0.4128402663006214,0.3788780674294248,0.0,0.0,0.0,0.4517527365718254,0.2519238866743288,0.313934876968226,0.0,0.0,0.0,0.0,0.0,0.8557026408262891,0.2747636008934669,0.0,0.0,0.0,0.0,0.0,0.0,0.0,0.5061579719135723,0.0,0.0,0.0,0.0,0.0,0.5215756991757308,0.0,0.294155294773577,0.0,0.0,0.662625969861094,0.4979161737452316,0.0,0.3047626934399777,0.4700626921914101,0.4215458194241888,0.0,0.0,0.0,0.0,0.5233549230544191
0.3361827028542098,0.0,0.0,0.0,0.5034403582417306,0.9122565436024912,0.5529567210472296,0.4990927266533103,0.6150731988221835,0.0,0.0,0.0,0.7479217612770956,0.0,0.4164360382225807,0.6605058822023563,0.7267332184615457,0.6933272529494763,0.0,0.4343403725623959,0.4712717272920206,0.627269164927325,0.6750780430232861,0.0,0.792206625999123,0.7714580863333559,0.594521310976166,0.4791763428601165,0.4723481952458314,0.0,0.312409810129077,0.4921351845645774,0.3108959740750099,0.0978478733934399,0.0,0.0,0.0,0.0,0.3354414900552929,0.1202194143355155,0.0,0.0,0.0,0.0,0.0,0.0951264282601703,0.7420320522402943,0.0,0.0,0.0,0.7256902476921682,0.0,0.0,0.0,0.0,0.0,0.0,0.0,0.0,0.4665209511710515,0.2538704776468546,0.0,0.2948831725443918,0.0,0.3914979490905188,0.3268199061916493,0.4907159474688252,0.530105257572701,0.0,0.5619713776624732,0.4293046132240393,0.4671784513027985,0.0,0.3788506240441567,0.0,0.0367751658425683
0.0,0.0,0.0,0.1389722225507952,0.6939082510575489,0.5739495495877514,0.5804381710709,0.083998948161594,0.8656186511608375,0.4906454986400784,0.8364856346068137,0.5309821812638016,0.7608345181413098,0.1933885891207354,0.0,0.0,0.0,0.0,0.8474074589509286,0.0,0.0,0.0,0.3509647834606406,0.0,0.0,0.0,0.7900378841442386,0.8200003497257002,0.0,0.0,0.595348281371647,0.3519541521817148,0.0288552191721181,0.2732119244572135,0.0,0.3704774861036671,0.2518048994003016,0.0,0.0,0.0,0.0,0.0,0.0955791801978349,0.0,0.0,0.0,0.0,0.7531303922685421,0.0,0.7825304368109255,0.4212538030796096,0.6278509165578829,0.2732766173890104,0.9033172097787804,0.0,0.8263433847920838,0.0,0.6266674505399196,0.3057032907023829,0.0,0.0,0.0,0.0,0.7630184211815708,0.0,0.0,0.0,0.4078508088901761,0.0,0.0,0.0,0.7382123666028625,0.7529707670843435,0.0,0.0,0.0
0.0,0.0,0.1389722225507952,0.0,0.4358978275769394,0.4230358903628398,0.5745788194708588,0.2361253512880063,0.3911004140702136,0.3027168517022803,0.2265540511941627,0.3327865251861245,0.409050266020909,0.0890019727663924,0.0,0.0,0.0,0.0,0.1387265034008879,0.2685521466524665,0.0,0.0,0.2612841423180818,0.0,0.0,0.0,0.3686064275388654,0.456129662306752,0.4693889313313001,0.0,0.537627379891059,0.5486628189761966,0.0,0.4061034794721026,0.0877011142583729,0.5209785018980804,0.4428083023095425,0.3853863923257158,0.0,0.0,0.0,0.0,0.0,0.0,0.0,0.0,0.0,0.0,0.0,0.0,0.0,0.0,0.0,0.0,0.0,0.0,0.0,0.0,0.0,0.0,0.0,0.0,0.0,0.0,0.0,0.0,0.0,0.0,0.0,0.0,0.0,0.0,0.0,0.0,0.0,0.0
0.0,0.5034403582417306,0.6939082510575489,0.4358978275769394,0.0,0.6837542446050773,0.9119771555867956,0.3362702022506694,0.8398449342117339,0.7024541594711078,0.7761553374250151,0.5491513850736481,0.7939532557179865,0.1812608427080958,0.0,0.5598525738904782,0.0,0.0,0.5616473462136758,0.6687343695757954,0.0,0.7718907859472589,0.4368422471275859,0.0,0.5269474029316181,0.3327589044973502,0.8633759203948435,0.8579085166461288,0.7617794260650741,0.0,0.8088891710204634,0.5677295820126148,0.2770120642227956,0.4105220217102373,0.0,0.5493825215634799,0.2003281329646336,0.5425272212890762,0.0,0.0,0.0,0.0,0.3560768712567878,0.0,0.0,0.0,0.0,0.6385544769281409,0.0,0.8444077355101398,0.5983796573838992,0.0,0.5541301438897743,0.8229759075270603,0.0,0.7892420909701386,0.0,0.0,0.0,0.0,0.0,0.0,0.0,0.5115357970698463,0.0,0.0,0.0,0.5553811170841749,0.0,0.0,0.0,0.869826266770791,0.0,0.0,0.0,0.0
0.4585870675126268,0.9122565436024912,0.5739495495877514,0.4230358903628398,0.6837542446050773,0.0,0.7067160119270575,0.57291212265763,0.7474091026149604,0.6318802584982345,0.6534114073176508,0.7445779834095915,0.8437785208799342,0.1437161474910357,0.520786813443726,0.6198970525512201,0.7620954103023658,0.7157984666158597,0.5064114119168124,0.5935278811715264,0.6070097151542115,0.7143282564226493,0.7925281531203525,0.0,0.7688508047189729,0.7460207069744569,0.7413199598980525,0.6553572009610272,0.6202813704465988,0.541820476149369,0.5238602380957552,0.5925414067372172,0.3366827720643387,0.2217549764939883,0.0,0.4305004879959802,0.3159910370874546,0.3024906626252009,0.3059915386047974,0.0,0.0,0.0,0.3016780285663517,0.0,0.0,0.0,0.7379319972137864,0.5619364019401781,0.0,0.601022264318825,0.8191067964242753,0.7141166437775136,0.6213830688061996,0.6750327103592453,0.0,0.5390341559939361,0.0,0.7553299852874228,0.0,0.5366013947352629,0.0,0.0,0.0,0.5332467357964336,0.4881600605946361,0.5119702633589289,0.576226525847415,0.6949432423755029,0.0,0.0,0.5304605926684245,0.6454508277845762,0.4256692158634202,0.5603990130468549,0.2525207044401888,0.1459759969245251
0.0,0.5529567210472296,0.5804381710709,0.5745788194708588,0.9119771555867956,0.7067160119270575,0.0,0.3566106804100132,0.7177755124502901,0.7664772852584147,0.6168772370042376,0.5855646976486217,0.7646953875687934,0.0991497199532197,0.0,0.5819544826091887,0.7203055407707476,0.6039794386613028,0.4173548085017086,0.6100634705049649,0.0,0.7552200735481406,0.4508553150015063,0.0,0.6218013799037284,0.3509188759080224,0.8491733837430188,0.7933135742890473,0.8387522577784011,0.0,0.8334889123426156,0.597952395357216,0.3551067053004786,0.4390139893554652,0.0,0.6049303563313607,0.2763025504563891,0.5041945386645815,0.0266247592234523,0.0,0.0,0.0,0.391991259359342,0.0,0.0,0.0,0.0,0.5363533102948089,0.0,0.0,0.5727550801027115,0.0,0.5580968939544708,0.6953462508730672,0.0,0.6997171936453841,0.0,0.0,0.0,0.0,0.0,0.0,0.0,0.4095091382249047,0.0,0.0,0.0,0.5059123996757994,0.0,0.0,0.0,0.8104104122640982,0.0,0.0,0.0,0.0
0.4123192126218137,0.4990927266533103,0.083998948161594,0.2361253512880063,0.3362702022506694,0.57291212265763,0.3566106804100132,0.0,0.2735161886578904,0.4947363270665708,0.3327577594440898,0.4821872256617139,0.254561733504786,0.186678380298641,0.0369698080858209,0.1142193669990629,0.0,0.1868232738422827,0.0862751580316658,0.0,0.5768980767701886,0.1327401692396009,0.835516408256495,0.4502768575727383,0.4944830063201063,0.5004083871807186,0.3716137285042771,0.1172244898013137,0.2573921925762703,0.145496622904241,0.2463402713305161,0.5300235972485619,0.406183502671737,0.1758177712392463,0.0,0.2009760246961891,0.0,0.0,0.4686871404511334,0.0,0.0803442548324597,0.0,0.2510738799285981,0.0,0.0,0.0,0.0,0.1641783927165881,0.0,0.1916353251525948,0.5794363045799489,0.407298486723807,0.8248239506528607,0.2590352576427596,0.0,0.1490178869285021,0.0,0.31684103074559,0.1860448535485981,0.0923214314114489,0.0,0.0,0.0,0.1961083796711225,0.0,0.4714262644630841,0.0,0.7227333112254923,0.0,0.0,0.0,0.3351443355406948,0.0083568968914307,0.2925136819141026,0.0,0.1305112791637512
0.0,0.6150731988221835,0.8656186511608375,0.3911004140702136,0.8398449342117339,0.7474091026149604,0.7177755124502901,0.2735161886578904,0.0,0.649866917307517,0.8531177517962688,0.7098315360540116,0.8830078657204031,0.0,0.0,0.645675827408079,0.0,0.5494816146380622,0.8075078995911094,0.8585879022519435,0.0,0.8968446312854003,0.4482883282546628,0.1183934850900064,0.5071533204951822,0.4404173135567131,0.8623192337195036,0.9002056180104487,0.5822203991500506,0.8115822145164241,0.69367316303673,0.5128529340891478,0.189010496702121,0.3206809519591027,0.0,0.4061648025129196,0.312485053409814,0.376162537442366,0.0419567007260212,0.0,0.0,0.0,0.1994311185365457,0.0,0.0,0.0,0.0,0.8819273489993145,0.0,0.8494985277330698,0.5942410372673348,0.7643252857941375,0.463499484638251,0.9826668445696264,0.0,0.8993418736553136,0.0,0.7581388116393503,0.2064426331412531,0.0,0.0,0.0,0.0,0.8035214521177169,0.0,0.0,0.0,0.5062525620175381,0.0,0.0,0.0,0.8604556251802621,0.665856116866725,0.0,0.0,0.0
0.5610162850033273,0.0,0.4906454986400784,0.3027168517022803,0.7024541594711078,0.6318802584982345,0.7664772852584147,0.4947363270665708,0.649866917307517,0.0,0.4758041061285257,0.7429741141338488,0.6963777564782451,0.0,0.0,0.510346985344993,0.8026763920661758,0.4632669902457099,0.2202034559764469,0.4006733926696189,0.0,0.573571136326949,0.4481410256817616,0.0723183322378719,0.5680731736388692,0.4574202994234598,0.678673915917362,0.6953180958697437,0.6372892755502139,0.0,0.7080980711516087,0.5965119065234532,0.5665089561529832,0.4997299800783389,0.0,0.4639718447578688,0.2426433291985855,0.4378246956331192,0.1018589320103004,0.2351222932083944,0.0,0.0,0.0,0.0,0.1577109918749565,0.4537168207796922,0.0,0.0,0.0,0.0,0.0,0.0,0.0,0.0,0.8766361028273363,0.0,0.7082936212579435,0.6015171777237311,0.0,0.0,0.0,0.5381795781796208,0.3284897872799036,0.0,0.0,0.0,0.0,0.0,0.0757137913369139,0.563403146256892,0.3705310152480506,0.0,0.335522712348011,0.0,0.0,0.0831709914564398
0.0,0.0,0.8364856346068137,0.2265540511941627,0.7761553374250151,0.6534114073176508,0.6168772370042376,0.3327577594440898,0.8531177517962688,0.4758041061285257,0.0,0.513506664596543,0.7345643070816682,0.1790146324769294,0.0,0.0,0.4348449192626169,0.0,0.7889668080125816,0.0,0.0,0.0,0.5211714512460089,0.1257377673352128,0.0,0.4914806350516536,0.7685806395551699,0.6754526462225142,0.0,0.0,0.533628546212893,0.3785940018835533,0.1088704195343952,0.1014795653779833,0.0,0.2997129016534579,0.0836373559660284,0.3249302525890032,0.053381650779533,0.0,0.0,0.0,0.1386279142457759,0.0,0.0,0.0,0.0,0.7855017715642583,0.0,0.701288487170613,0.5012000034755633,0.587231690534292,0.4318389190266988,0.8567062216757243,0.0,0.8580495351877206,0.0,0.5796324358013963,0.1164327066979126,0.0,0.0,0.0,0.0,0.7610158653472127,0.0,0.0,0.0,0.522696125702876,0.0,0.0,0.0,0.7313619257956089,0.648217366148729,0.0,0.0,0.0
0.3733360840218153,0.0,0.5309821812638016,0.3327865251861245,0.5491513850736481,0.7445779834095915,0.5855646976486217,0.4821872256617139,0.7098315360540116,0.7429741141338488,0.513506664596543,0.0,0.6839256886739478,0.0,0.0,0.0,0.8181024000142374,0.4660041268181182,0.4677482381659339,0.0,0.6139251158552494,0.0,0.5201005758808713,0.391641384857041,0.3824886349539376,0.6605584049708579,0.558640856102754,0.6014196426279903,0.0,0.0,0.4305072334827984,0.4862250080493315,0.4287784042975549,0.3989598811257897,0.0,0.4182327205864607,0.326891181807643,0.3193458991915703,0.1417511536779755,0.1900727404256831,0.0,0.0,0.2135846396965382,0.0,0.2941509743462058,0.0,0.0,0.0,0.0,0.0,0.0,0.0,0.0,0.0,0.6652257062778554,0.0,0.8117035580938912,0.5707291456420073,0.0,0.0,0.0,0.6452494969117697,0.1954058221390245,0.0,0.0,0.0,0.0,0.0,0.2695107638104461,0.3976152112544982,0.4527581317622727,0.0,0.2418570498089449,0.0,0.0,0.0
0.4600177949633462,0.7479217612770956,0.7608345181413098,0.409050266020909,0.7939532557179865,0.8437785208799342,0.7646953875687934,0.254561733504786,0.8830078657204031,0.6963777564782451,0.7345643070816682,0.6839256886739478,0.0,0.0486569109057754,0.7720468996724258,0.7885841370433315,0.8474637745951685,0.7981925945418935,0.5954892395715119,0.7768134363084147,0.6993787141332295,0.8576963266766204,0.5076847622077274,0.0401025719385524,0.5664323704652593,0.590138315721745,0.8116992391152332,0.905366667579114,0.7677981639179282,0.6979628934044928,0.6406415037436494,0.526565510576066,0.2654426577719683,0.2763177274233164,0.0,0.46699622984058,0.35492951877407,0.3535439585045292,0.0,0.0,0.0,0.0,0.2156411463838127,0.0,0.1598896990867108,0.0,0.0,0.6325483152475823,0.0,0.0,0.6905345566735638,0.8247570500556988,0.4319141853824275,0.0,0.0,0.7260050042650412,0.7125800925391226,0.0,0.0,0.7333893229176451,0.0,0.0,0.0,0.0,0.6699909838488517,0.0,0.7596982545253118,0.5562021268915552,0.0,0.5677022489683252,0.3651937935939309,0.7712118727683775,0.0,0.6915535986216426,0.0,0.0
0.0,0.0,0.1933885891207354,0.0890019727663924,0.1812608427080958,0.1437161474910357,0.0991497199532197,0.186678380298641,0.0,0.0,0.1790146324769294,0.0,0.0486569109057754,0.0,0.0,0.0,0.0,0.0,0.1028821509876573,0.0,0.0660085608039881,0.0,0.2954448469396717,0.0,0.0,0.0,0.1317025669724814,0.0516958100129882,0.0,0.0,0.1648566835813067,0.186624896072511,0.0,0.1530070153187637,0.0,0.2874344315745597,0.0,0.0,0.1499937642683747,0.0,0.0,0.0,0.4481153053590663,0.0,0.0,0.0,0.0,0.0,0.0,0.0,0.0,0.0,0.0,0.0096107521261582,0.0,0.0,0.0,0.0,0.0,0.0,0.0,0.0,0.0,0.0,0.0,0.0,0.0,0.2346780289436514,0.0,0.0,0.0,0.0416093096243909,0.0,0.0,0.0,0.0
0.4499971751113394,0.4164360382225807,0.0,0.0,0.0,0.520786813443726,0.0,0.0369698080858209,0.0,0.0,0.0,0.0,0.7720468996724258,0.0,0.0,0.5179096327148673,0.0,0.4141315868820542,0.0,0.8909928436223323,0.6019225259641273,0.8894551750987968,0.2783862771145246,0.0,0.3547142302978679,0.266807778691611,0.7300321841412438,0.8929792256451107,0.6263302939933143,0.0,0.7550981602569072,0.4048871012781191,0.1792257519867457,0.4385118499000452,0.0,0.4900492664551806,0.0,0.0,0.0,0.0,0.0,0.0,0.0784275621466309,0.0,0.0,0.0,0.3119538033667307,0.0,0.0,0.0,0.4053689815336824,0.0,0.2805466497525857,0.0,0.0,0.0,0.0,0.6209674194079718,0.0,0.9480525240761976,0.2474512791182726,0.0,0.0,0.0,0.8404093671235944,0.6147148419788541,0.8431194966356688,0.3819620789507987,0.0,0.4237363491486134,0.1116279077924777,0.7872137754393254,0.7266106414815261,0.5967527729790619,0.0,0.2623700477261332
0.5970737536987581,0.6605058822023563,0.0,0.0,0.5598525738904782,0.6198970525512201,0.5819544826091887,0.1142193669990629,0.645675827408079,0.510346985344993,0.0,0.0,0.7885841370433315,0.0,0.5179096327148673,0.0,0.6881846559160306,0.8815078112715087,0.0,0.5284867824619944,0.5775785298757422,0.7405292636310268,0.2778015987360657,0.0,0.5773600350351289,0.5352624788741027,0.6438197701059019,0.6734913546935175,0.7696552190695255,0.4040273332419895,0.5098840044166228,0.4195098864205083,0.2250070200612729,0.225751609966483,0.0,0.0,0.0,0.0,0.0,0.0644104744110831,0.0,0.0,0.0,0.0,0.0,0.3815436488097944,0.3661915166076771,0.0,0.0,0.0,0.0,0.0,0.0,0.0,0.0,0.0,0.0,0.0,0.0,0.483628934140677,0.5067948108573679,0.0,0.5926090156179683,0.0,0.4447732178597651,0.4797904023660263,0.5452641237316562,0.2375597681902951,0.0,0.3529462367820155,0.206304585252704,0.5859489113952517,0.0,0.5901778489393888,0.0,0.2800286325590342
0.3893234657702398,0.7267332184615457,0.0,0.0,0.0,0.7620954103023658,0.7203055407707476,0.0,0.0,0.8026763920661758,0.4348449192626169,0.8181024000142374,0.8474637745951685,0.0,0.0,0.6881846559160306,0.0,0.7150298224814902,0.0,0.5654494062941542,0.0,0.7072557951900272,0.0,0.1062288103068953,0.4960438293462087,0.5737387481577724,0.0,0.7499919395315348,0.5997675571222387,0.0,0.606649403272133,0.5369660601092469,0.3948526216360441,0.4059145190374932,0.0,0.0,0.0,0.3896000044873253,0.0,0.1173990581331764,0.0,0.0,0.0,0.0,0.0,0.0,0.0,0.0,0.0,0.0,0.0,0.0,0.0,0.0,0.6613530327240211,0.0,0.6573397502642213,0.0,0.0,0.0,0.0,0.7219513114062499,0.3565159258055881,0.0,0.0,0.0,0.0,0.0,0.0,0.4284449702485915,0.3092424635881352,0.0,0.0,0.0,0.0,0.0
0.4293781387279967,0.6933272529494763,0.0,0.0,0.0,0.7157984666158597,0.6039794386613028,0.1868232738422827,0.5494816146380622,0.4632669902457099,0.0,0.4660041268181182,0.7981925945418935,0.0,0.4141315868820542,0.8815078112715087,0.7150298224814902,0.0,0.0,0.4683450151161554,0.4780159802628125,0.6487956329729385,0.3067660520970489,0.0562770839657875,0.5945380936058299,0.6585121455295169,0.5872420109798246,0.572593925601102,0.7639800238878768,0.3252382236005676,0.4506694190677586,0.4556495592021786,0.2121697048449198,0.114487343690341,0.0,0.0,0.0,0.0,0.045773934105122,0.0553290722970976,0.0,0.0,0.0,0.0,0.0,0.2496645126946778,0.4519259349979928,0.0,0.0,0.0,0.0,0.0,0.0,0.0,0.3906946743094078,0.0,0.380449107039885,0.0,0.0,0.0,0.5559107679670628,0.5925868366614541,0.6791756151982753,0.0,0.0,0.0,0.506157292994565,0.0,0.0,0.4446143847534657,0.3398463860162327,0.0,0.0,0.0,0.0,0.2608898567477095
0.0,0.0,0.8474074589509286,0.1387265034008879,0.5616473462136758,0.5064114119168124,0.4173548085017086,0.0862751580316658,0.8075078995911094,0.2202034559764469,0.7889668080125816,0.4677482381659339,0.5954892395715119,0.1028821509876573,0.0,0.0,0.0,0.0,0.0,0.0,0.0,0.0,0.3186979798609204,0.0,0.0,0.0,0.6022819817118626,0.597658122731415,0.0,0.0,0.3500292466666451,0.2437590718890759,0.0,0.036067287545208,0.0,0.1646801275343208,0.1828831543338356,0.0810393348068405,0.0,0.0,0.0,0.0,0.0355288580780937,0.0,0.0,0.0,0.0,0.837500661329511,0.0,0.5690187534140168,0.3111386530184878,0.4306519576696779,0.1851060381817437,0.7716521216953557,0.0,0.7687214368294867,0.0,0.4388422962350979,0.1137047673775514,0.0,0.0,0.0,0.0,0.938081025581486,0.0,0.0,0.0,0.3180597713218871,0.0,0.0,0.0,0.5639172884860661,0.0,0.0,0.0,0.0
0.4436692605883902,0.4343403725623959,0.0,0.2685521466524665,0.6687343695757954,0.5935278811715264,0.6100634705049649,0.0,0.8585879022519435,0.4006733926696189,0.0,0.0,0.7768134363084147,0.0,0.8909928436223323,0.5284867824619944,0.5654494062941542,0.4683450151161554,0.0,0.0,0.4182765625045799,0.9372478590126252,0.3100191536066025,0.0,0.4038146282154847,0.3478799649786563,0.7503913273391026,0.8694109442139202,0.5548136718361822,0.8299290612323738,0.6658035230349875,0.329733627673644,0.0,0.2963162906152523,0.0,0.4613421649743631,0.3365047895164939,0.0,0.0,0.0,0.0,0.0,0.1987873128632748,0.0,0.0,0.0,0.3269615272744089,0.0,0.0,0.0,0.4295529233123034,0.0,0.2166672592705863,0.0,0.0,0.0,0.0,0.6871226080002933,0.0,0.848263831469942,0.1895590334714138,0.0,0.0,0.0,0.9453256336734672,0.4367527873305387,0.9055135028850072,0.3682281586217192,0.0,0.4653552674104345,0.1624655461568492,0.7730354507385487,0.7888265548589639,0.528882601780149,0.5924655146746768,0.3147811895681595
0.7074170856070042,0.4712717272920206,0.0,0.0,0.0,0.6070097151542115,0.0,0.5768980767701886,0.0,0.0,0.0,0.6139251158552494,0.6993787141332295,0.0660085608039881,0.6019225259641273,0.5775785298757422,0.0,0.4780159802628125,0.0,0.4182765625045799,0.0,0.5771082565793845,0.5421966645878463,0.1634695523422352,0.4989678356790741,0.3564728569056145,0.7007948092173807,0.7286067171659015,0.7450434283681797,0.0,0.7659067084505663,0.6617732946122115,0.539767304714054,0.4838125899146451,0.0,0.0,0.0,0.0,0.1360826776267536,0.2878427210085481,0.0,0.0,0.0,0.0,0.0,0.678515061556521,0.4439401564665143,0.0,0.0,0.0,0.5911285322970168,0.0,0.7027088460965099,0.0,0.0,0.0,0.0,0.6842340485732645,0.0,0.5881286305532363,0.4339647986041172,0.0,0.0,0.0,0.3523546096408994,0.947690575405616,0.4555490472362968,0.6167988597357824,0.0,0.4834735604838576,0.3838400508053471,0.7435771435799479,0.4858035323709078,0.7712382899385257,0.0,0.3205840032250886
0.6121661506769391,0.627269164927325,0.0,0.0,0.7718907859472589,0.7143282564226493,0.7552200735481406,0.1327401692396009,0.8968446312854003,0.573571136326949,0.0,0.0,0.8576963266766204,0.0,0.8894551750987968,0.7405292636310268,0.7072557951900272,0.6487956329729385,0.0,0.9372478590126252,0.5771082565793845,0.0,0.3867206725221456,0.0,0.6000069259398122,0.4750101843987278,0.8301879923409359,0.899982285219117,0.7376718823512677,0.8154875499689557,0.7676097279536147,0.5082718533382035,0.1878212338496183,0.3872968242787564,0.0,0.5284018843910144,0.3713120354208153,0.0,0.0,0.0,0.0,0.0,0.2640539451476246,0.0,0.0,0.4198970559884285,0.4289203613564415,0.0,0.0,0.0,0.5207055433293246,0.0,0.0,0.0,0.0,0.0,0.0,0.0,0.0,0.8660744742104634,0.3325022543591112,0.0,0.2958029887058016,0.0,0.8550315342135779,0.5596223375492705,0.916529504216852,0.4135005878626615,0.0,0.5226324789246708,0.2408889524980207,0.8109531500957208,0.7479868333187015,0.6192223565020906,0.0,0.3610422528518796
0.4424226693226447,0.6750780430232861,0.3509647834606406,0.2612841423180818,0.4368422471275859,0.7925281531203525,0.4508553150015063,0.835516408256495,0.4482883282546628,0.4481410256817616,0.5211714512460089,0.5201005758808713,0.5076847622077274,0.2954448469396717,0.2783862771145246,0.2778015987360657,0.0,0.3067660520970489,0.3186979798609204,0.3100191536066025,0.5421966645878463,0.3867206725221456,0.0,0.4321871993496901,0.6498942770083557,0.600670441717545,0.550771179179847,0.3721023058070521,0.3857184289054413,0.3743742993572294,0.3507235828127818,0.4972918069270175,0.2278244968031366,0.1262215392271446,0.0,0.2949575913544829,0.0,0.1874075223330326,0.3633668922308724,0.1239551063370538,0.0093396625184888,0.0,0.263636006029437,0.0965145389713302,0.0,0.0,0.6514931964848311,0.3873007977905303,0.0,0.3641021378766804,0.7162216698810719,0.4731863821294061,0.8055084952637459,0.4368680320792639,0.0,0.3722114324364276,0.0,0.4958320428828175,0.3444690913554373,0.3026959756505958,0.0,0.0,0.0,0.3974586850387028,0.2685206791043477,0.4436057269641402,0.3464699911747459,0.8888449749345029,0.0,0.5013449602810114,0.5173663387522216,0.5146911845204881,0.2640456910656045,0.417437447726555,0.2440975758140878,0.2079010115078599
0.3761320890659391,0.0,0.0,0.0,0.0,0.0,0.0,0.4502768575727383,0.1183934850900064,0.0723183322378719,0.1257377673352128,0.391641384857041,0.0401025719385524,0.0,0.0,0.0,0.1062288103068953,0.0562770839657875,0.0,0.0,0.1634695523422352,0.0,0.4321871993496901,0.0,0.2864109263461165,0.5659889710317378,0.0,0.0,0.0,0.0,0.0132701841437089,0.2207377864166284,0.2450286882965176,0.0492107919360963,0.0,0.131728265452232,0.0215056467429284,0.1083133764000794,0.5946372268320723,0.4292526474002533,0.2635461988705791,0.0,0.0,0.0,0.3432413957820453,0.3178565812092425,0.0,0.0,0.0,0.0,0.0,0.0,0.0,0.0,0.100779301306664,0.0,0.2640670400984612,0.0,0.0,0.0,0.0425945091526214,0.2096025712330735,0.0231722679551501,0.0,0.0,0.0,0.0,0.0,0.8231736406540741,0.2354484555158716,0.6149609933640532,0.0,0.0,0.0,0.0,0.1610773461771694
0.6166758361308066,0.792206625999123,0.0,0.0,0.5269474029316181,0.7688508047189729,0.6218013799037284,0.4944830063201063,0.5071533204951822,0.5680731736388692,0.0,0.3824886349539376,0.5664323704652593,0.0,0.3547142302978679,0.5773600350351289,0.4960438293462087,0.5945380936058299,0.0,0.4038146282154847,0.4989678356790741,0.6000069259398122,0.6498942770083557,0.2864109263461165,0.0,0.6758871127388587,0.6580660434210435,0.422234637856225,0.6515872951471758,0.0,0.5224200329988581,0.512555183631467,0.288821001607808,0.1070754242155922,0.0,0.0,0.0,0.2260159510556867,0.3470060472316985,0.147773906886409,0.0,0.0,0.0,0.0,0.0,0.4749058786296437,0.685257716627469,0.0,0.0,0.0,0.0,0.0,0.0,0.0,0.4590296146205707,0.0,0.3056151149479167,0.4679056309989685,0.0,0.352474981555128,0.5123164911719136,0.4140715814603223,0.3113621881940642,0.0,0.3521934020879524,0.3799430756668114,0.4607303789615029,0.5344907742629449,0.1857954937151845,0.7407568478019773,0.5168639366894114,0.0,0.0,0.507961479239081,0.0,0.2707502214152497
0.4195962011836416,0.7714580863333559,0.0,0.0,0.3327589044973502,0.7460207069744569,0.3509188759080224,0.5004083871807186,0.4404173135567131,0.4574202994234598,0.4914806350516536,0.6605584049708579,0.590138315721745,0.0,0.266807778691611,0.5352624788741027,0.5737387481577724,0.6585121455295169,0.0,0.3478799649786563,0.3564728569056145,0.4750101843987278,0.600670441717545,0.5659889710317378,0.6758871127388587,0.0,0.3608455870029105,0.3006481624212702,0.3302448594010316,0.0,0.1704404273216989,0.3924526656326735,0.2763564908096302,0.0,0.0,0.1987899272734514,0.0,0.1723256107295002,0.3156238690545349,0.1211851619015303,0.0,0.0,0.0,0.0,0.1832102781559771,0.1762037776790859,0.5279727801577706,0.0,0.0,0.0,0.5400661154959596,0.0,0.0,0.0,0.3334184554464988,0.0,0.4776021777323756,0.4337436902565074,0.0,0.320204781018933,0.191480123749475,0.5201362365694031,0.2756949714734935,0.0,0.3290261681645904,0.1758592478699942,0.4376864059141334,0.4222498389452936,0.3419110739837936,0.4607586436766735,0.6237749614128637,0.2698212240099522,0.175449572622516,0.2331730573827563,0.0,0.0872688008244038
0.6050566444964114,0.594521310976166,0.7900378841442386,0.3686064275388654,0.8633759203948435,0.7413199598980525,0.8491733837430188,0.3716137285042771,0.8623192337195036,0.678673915917362,0.7685806395551699,0.558640856102754,0.8116992391152332,0.1317025669724814,0.7300321841412438,0.6438197701059019,0.0,0.5872420109798246,0.6022819817118626,0.7503913273391026,0.7007948092173807,0.8301879923409359,0.550771179179847,0.0,0.6580660434210435,0.3608455870029105,0.0,0.8341111316137508,0.8274087422136989,0.734060261313771,0.77564819340996,0.5526257794803728,0.2440445008698129,0.2963868066529123,0.0,0.4704969657292016,0.1840450653394713,0.3972594818966553,0.01494225617693,0.0,0.0,0.0,0.2249063065648298,0.2732237926291305,0.0,0.0,0.480593440025413,0.7476395478620262,0.0,0.7923231210302814,0.5207502823979836,0.7787056260224097,0.5045439861707949,0.8470573357368999,0.0,0.7850348318475204,0.0,0.6754351123860226,0.3220148221473827,0.7059731880516529,0.0,0.0,0.0,0.6296404382953863,0.6833676088191761,0.6550867243722859,0.7162396925764057,0.5392687281236576,0.0,0.0,0.1663030849023554,0.9401762178541424,0.6645143380692788,0.6723242515985738,0.3173544078967635,0.4024261597046665
0.53211387510301,0.4791763428601165,0.8200003497257002,0.456129662306752,0.8579085166461288,0.6553572009610272,0.7933135742890473,0.1172244898013137,0.9002056180104487,0.6953180958697437,0.6754526462225142,0.6014196426279903,0.905366667579114,0.0516958100129882,0.8929792256451107,0.6734913546935175,0.7499919395315348,0.572593925601102,0.597658122731415,0.8694109442139202,0.7286067171659015,0.899982285219117,0.3721023058070521,0.0,0.422234637856225,0.3006481624212702,0.8341111316137508,0.0,0.7682020846607067,0.8679303221298422,0.8342185768419843,0.504284031328458,0.2410294031058164,0.4710085721981646,0.0,0.5601868749625114,0.4001772661804971,0.412110555602952,0.0,0.0,0.0,0.0,0.2574600412251315,0.0,0.1498207349839147,0.0,0.0,0.6862763206071466,0.0,0.0,0.5730961427753896,0.0,0.3986584881185043,0.8927806094538486,0.6493971049026974,0.0,0.6872764722890929,0.8042538187513665,0.0,0.8634362645243381,0.0,0.0,0.0,0.0,0.7465659619714633,0.7909410128966723,0.7722020615522686,0.5004924695934416,0.0,0.5039925625599784,0.2133315512116957,0.8872129111160855,0.7676793871857309,0.7568693693915961,0.0,0.2444315409825225
0.6560135006175346,0.4723481952458314,0.0,0.4693889313313001,0.7617794260650741,0.6202813704465988,0.8387522577784011,0.2573921925762703,0.5822203991500506,0.6372892755502139,0.0,0.0,0.7677981639179282,0.0,0.6263302939933143,0.7696552190695255,0.5997675571222387,0.7639800238878768,0.0,0.5548136718361822,0.7450434283681797,0.7376718823512677,0.3857184289054413,0.0,0.6515872951471758,0.3302448594010316,0.8274087422136989,0.7682020846607067,0.0,0.5435580159047757,0.8369917220112614,0.5374554730081195,0.3448195047731741,0.3733561855043397,0.0365197390082076,0.475220210359923,0.1626308337477015,0.0,0.0,0.0859778862879285,0.0,0.0,0.2987807448966262,0.0,0.0,0.0,0.4535839667556766,0.4083381338499287,0.0,0.0,0.4552872212875741,0.7272800086481462,0.3993305147753895,0.5979547461529233,0.0,0.0,0.0,0.7074353415739557,0.0,0.5294236714079066,0.0,0.0,0.0,0.0,0.4796797097766374,0.6864726866362947,0.5664221308749897,0.4215919728317083,0.0,0.0,0.2716736738278144,0.7845346404606223,0.6468018815591631,0.8330154178163272,0.0691808229390653,0.5119669757149267
0.0,0.0,0.0,0.0,0.0,0.541820476149369,0.0,0.145496622904241,0.8115822145164241,0.0,0.0,0.0,0.6979628934044928,0.0,0.0,0.4040273332419895,0.0,0.3252382236005676,0.0,0.8299290612323738,0.0,0.8154875499689557,0.3743742993572294,0.0,0.0,0.0,0.734060261313771,0.8679303221298422,0.5435580159047757,0.0,0.6996235271472364,0.4027410907697376,0.0,0.4166361094688626,0.0,0.0,0.0,0.0,0.0,0.0,0.0,0.0,0.0,0.0,0.0,0.0,0.0,0.0,0.0,0.0,0.0,0.0,0.0,0.0,0.0,0.0,0.0,0.0,0.0,0.0,0.0,0.0,0.0,0.0,0.7392944216290033,0.0,0.0,0.5395693916926528,0.0,0.0,0.0,0.8197963840080446,0.0,0.6216940656487429,0.0,0.0
0.7124372198740024,0.312409810129077,0.595348281371647,0.537627379891059,0.8088891710204634,0.5238602380957552,0.8334889123426156,0.2463402713305161,0.69367316303673,0.7080980711516087,0.533628546212893,0.4305072334827984,0.6406415037436494,0.1648566835813067,0.7550981602569072,0.5098840044166228,0.606649403272133,0.4506694190677586,0.3500292466666451,0.6658035230349875,0.7659067084505663,0.7676097279536147,0.3507235828127818,0.0132701841437089,0.5224200329988581,0.1704404273216989,0.77564819340996,0.8342185768419843,0.8369917220112614,0.6996235271472364,0.0,0.5609157768983976,0.3695889898958433,0.5821911330292344,0.0,0.6772018009109381,0.3237882744372438,0.4975889620069582,0.0,0.101186806975829,0.0,0.0,0.423206825685975,0.0,0.0,0.0,0.3526080572835829,0.0,0.0,0.0,0.4591492027644013,0.0,0.4796011226781021,0.0,0.7031321781725309,0.0,0.5817767145682401,0.0,0.0,0.7087983537946956,0.5157866712758027,0.3077590725883446,0.3386752402777472,0.0,0.5685533936617687,0.8133586051213174,0.6153154667117356,0.4627021921544311,0.0,0.5518848431533158,0.2700059407305612,0.8407930093272098,0.6910779983197866,0.8100995560087969,0.0,0.4560726079871762
0.5462287294201956,0.4921351845645774,0.3519541521817148,0.5486628189761966,0.5677295820126148,0.5925414067372172,0.597952395357216,0.5300235972485619,0.5128529340891478,0.5965119065234532,0.3785940018835533,0.4862250080493315,0.526565510576066,0.186624896072511,0.4048871012781191,0.4195098864205083,0.5369660601092469,0.4556495592021786,0.2437590718890759,0.329733627673644,0.6617732946122115,0.5082718533382035,0.4972918069270175,0.2207377864166284,0.512555183631467,0.3924526656326735,0.5526257794803728,0.504284031328458,0.5374554730081195,0.4027410907697376,0.5609157768983976,0.0,0.4864767615323669,0.405254940074599,0.0,0.5309526216522076,0.305448992957089,0.4726837692479436,0.422865793894068,0.2873458662878654,0.1332245639594886,0.0,0.4131808796100237,0.3471959402014763,0.1349290280638936,0.3947461207313751,0.3612225472174031,0.277283658459927,0.0,0.5012280065773049,0.4638259925776449,0.6454096892754323,0.5215482961235148,0.4442827742141071,0.5523750433087306,0.3380250794524964,0.521930986923753,0.5074237789545029,0.0,0.4217277796863046,0.2349554525931377,0.3641305613951355,0.1464747254677116,0.3033534616409076,0.2538470769074093,0.6026500994458592,0.3317016455325399,0.4173081982468855,0.237391355779009,0.3435101961000371,0.291907556168625,0.4955204284583507,0.3358363065518363,0.4564801375901921,0.0,0.2955528962854318
0.4128402663006214,0.3108959740750099,0.0288552191721181,0.0,0.2770120642227956,0.3366827720643387,0.3551067053004786,0.406183502671737,0.189010496702121,0.5665089561529832,0.1088704195343952,0.4287784042975549,0.2654426577719683,0.0,0.1792257519867457,0.2250070200612729,0.3948526216360441,0.2121697048449198,0.0,0.0,0.539767304714054,0.1878212338496183,0.2278244968031366,0.2450286882965176,0.288821001607808,0.2763564908096302,0.2440445008698129,0.2410294031058164,0.3448195047731741,0.0,0.3695889898958433,0.4864767615323669,0.0,0.5586450484982695,0.0,0.2465160314773022,0.1521327635559978,0.4890532852903255,0.3582898790913479,0.7510337642923101,0.2974996471160107,0.0,0.0,0.0,0.3825461223120149,0.3631105252043101,0.2348921901807755,0.0,0.0,0.0,0.0,0.0,0.0,0.0,0.4782891735621626,0.0,0.4032034918765265,0.0,0.0,0.2233513669580758,0.2334322289189736,0.2799863365416353,0.1586313624190551,0.0,0.0,0.5380029801255602,0.0484063057216773,0.2370915532305196,0.2872876056521056,0.2494754076123077,0.2908834462991589,0.2371733888887372,0.0930104254693123,0.0,0.0,0.1374445542727243
0.3788780674294248,0.0978478733934399,0.2732119244572135,0.4061034794721026,0.4105220217102373,0.2217549764939883,0.4390139893554652,0.1758177712392463,0.3206809519591027,0.4997299800783389,0.1014795653779833,0.3989598811257897,0.2763177274233164,0.1530070153187637,0.4385118499000452,0.225751609966483,0.4059145190374932,0.114487343690341,0.036067287545208,0.2963162906152523,0.4838125899146451,0.3872968242787564,0.1262215392271446,0.0492107919360963,0.1070754242155922,0.0,0.2963868066529123,0.4710085721981646,0.3733561855043397,0.4166361094688626,0.5821911330292344,0.405254940074599,0.5586450484982695,0.0,0.0,0.5264536043982674,0.3669687500986483,0.5683190979509807,0.0017662605590061,0.4095258417925304,0.3825843985769601,0.0,0.3520937256282415,0.2651359864494408,0.181852864866534,0.406077650407159,0.0387884391275786,0.1165053984445064,0.0,0.0,0.247168875548656,0.4085221343659401,0.2933932659679517,0.3210228689944712,0.4520570793336939,0.0,0.4563701696050368,0.3288368031109172,0.0,0.4766307980092753,0.1430321198243706,0.1705267586065235,0.0519082017971416,0.0,0.240401774610261,0.5840304942794532,0.2335821888135808,0.2420234833758682,0.0880243198095918,0.1374275454679989,0.0437855533185911,0.3994698687090281,0.3173207748938969,0.3901293566277075,0.0,0.1296858406442046
0.0,0.0,0.0,0.0877011142583729,0.0,0.0,0.0,0.0,0.0,0.0,0.0,0.0,0.0,0.0,0.0,0.0,0.0,0.0,0.0,0.0,0.0,0.0,0.0,0.0,0.0,0.0,0.0,0.0,0.0365197390082076,0.0,0.0,0.0,0.0,0.0,0.0,0.1146137098473659,0.0012835951054917,0.0,0.0,0.0,0.0028953894633837,0.4013499694838873,0.143027667148049,0.1052759270896885,0.0,0.0,0.0,0.0,0.0,0.0,0.0,0.0,0.0,0.0,0.0,0.0,0.0,0.0,0.0,0.0,0.1241622326119873,0.0,0.0,0.0,0.0,0.0,0.0,0.0,0.0,0.0,0.0,0.0,0.0,0.0,0.0,0.0
0.0,0.0,0.3704774861036671,0.5209785018980804,0.5493825215634799,0.4305004879959802,0.6049303563313607,0.2009760246961891,0.4061648025129196,0.4639718447578688,0.2997129016534579,0.4182327205864607,0.46699622984058,0.2874344315745597,0.4900492664551806,0.0,0.0,0.0,0.1646801275343208,0.4613421649743631,0.0,0.5284018843910144,0.2949575913544829,0.131728265452232,0.0,0.1987899272734514,0.4704969657292016,0.5601868749625114,0.475220210359923,0.0,0.6772018009109381,0.5309526216522076,0.2465160314773022,0.5264536043982674,0.1146137098473659,0.0,0.4947684178341383,0.4281691458914156,0.0487922739633512,0.0640837180231778,0.0858161943938581,0.0,0.591122900861154,0.5619668540762494,0.1751589755109921,0.0,0.0,0.1917214410159861,0.0,0.511005071982521,0.321165637043633,0.4833667943479946,0.304545938642637,0.3398955871618326,0.0,0.3396332567989123,0.5523632853527309,0.4063318193561287,0.0,0.0,0.0,0.0,0.0,0.095479851360538,0.3422738632136662,0.0,0.4006660330155879,0.2838997213810249,0.0,0.0,0.0,0.4204576751712537,0.4740270461345642,0.4144340234502222,0.0,0.0
0.0,0.0,0.2518048994003016,0.4428083023095425,0.2003281329646336,0.3159910370874546,0.2763025504563891,0.0,0.312485053409814,0.2426433291985855,0.0836373559660284,0.326891181807643,0.35492951877407,0.0,0.0,0.0,0.0,0.0,0.1828831543338356,0.3365047895164939,0.0,0.3713120354208153,0.0,0.0215056467429284,0.0,0.0,0.1840450653394713,0.4001772661804971,0.1626308337477015,0.0,0.3237882744372438,0.305448992957089,0.1521327635559978,0.3669687500986483,0.0012835951054917,0.4947684178341383,0.0,0.1155446822361861,0.0702747263332553,0.0,0.0978398118345398,0.0,0.2568133958672001,0.0,0.0,0.0,0.0,0.0,0.0,0.0,0.0,0.0,0.0,0.0,0.0,0.0,0.0,0.0,0.0,0.0,0.0,0.0,0.0,0.0,0.0,0.0,0.0,0.0,0.0,0.0,0.0,0.0,0.0,0.0,0.0,0.0
0.4517527365718254,0.0,0.0,0.3853863923257158,0.5425272212890762,0.3024906626252009,0.5041945386645815,0.0,0.376162537442366,0.4378246956331192,0.3249302525890032,0.3193458991915703,0.3535439585045292,0.0,0.0,0.0,0.3896000044873253,0.0,0.0810393348068405,0.0,0.0,0.0,0.1874075223330326,0.1083133764000794,0.2260159510556867,0.1723256107295002,0.3972594818966553,0.412110555602952,0.0,0.0,0.4975889620069582,0.4726837692479436,0.4890532852903255,0.5683190979509807,0.0,0.4281691458914156,0.1155446822361861,0.0,0.1240809181945253,0.3114411962913326,0.1954853398541374,0.0,0.0,0.0,0.3897612744200025,0.0,0.0,0.0,0.0,0.0,0.0,0.0,0.0,0.0,0.3950023246420763,0.0,0.4091651044498858,0.0,0.0,0.0,0.0,0.0,0.0,0.0,0.0,0.0,0.0,0.0,0.09787074548614,0.2350819025890478,0.1721484867998249,0.0,0.3017588804316023,0.0,0.0,0.0
0.2519238866743288,0.3354414900552929,0.0,0.0,0.0,0.3059915386047974,0.0266247592234523,0.4686871404511334,0.0419567007260212,0.1018589320103004,0.053381650779533,0.1417511536779755,0.0,0.1499937642683747,0.0,0.0,0.0,0.045773934105122,0.0,0.0,0.1360826776267536,0.0,0.3633668922308724,0.5946372268320723,0.3470060472316985,0.3156238690545349,0.01494225617693,0.0,0.0,0.0,0.0,0.422865793894068,0.3582898790913479,0.0017662605590061,0.0,0.0487922739633512,0.0702747263332553,0.1240809181945253,0.0,0.4484801202830808,0.4038962359633309,0.0777520663161298,0.3398151854408502,0.2025911784999871,0.2256726555751185,0.2022658295831324,0.2527197843823761,0.0,0.0724979888485469,0.0,0.3508131197292377,0.1762505490666235,0.3142683394123104,0.0,0.0746655863601906,0.0,0.0389654780837136,0.1434575557739582,0.1150004935892247,0.0,0.0785631540372573,0.2232105840122476,0.0,0.0455333922444792,0.0,0.0868007838616646,0.0,0.2271145461146184,0.5975397185060568,0.2223160189302461,0.3228289597838464,0.0,0.0,0.0760145757588167,0.0,0.2587834874822908
0.313934876968226,0.1202194143355155,0.0,0.0,0.0,0.0,0.0,0.0,0.0,0.2351222932083944,0.0,0.1900727404256831,0.0,0.0,0.0,0.0644104744110831,0.1173990581331764,0.0553290722970976,0.0,0.0,0.2878427210085481,0.0,0.1239551063370538,0.4292526474002533,0.147773906886409,0.1211851619015303,0.0,0.0,0.0859778862879285,0.0,0.101186806975829,0.2873458662878654,0.7510337642923101,0.4095258417925304,0.0,0.0640837180231778,0.0,0.3114411962913326,0.4484801202830808,0.0,0.4624027940727926,0.0449748698112378,0.3399946663345884,0.1073185222350784,0.3835483023793125,0.2993929199261896,0.1750465884838511,0.0,0.0,0.0,0.2556773304829981,0.1954004147124238,0.2694457432688929,0.0,0.2477208000383778,0.0,0.1228742301075849,0.1654011365712961,0.0,0.0,0.2050361659443278,0.2123158286891758,0.1788972006200436,0.0,0.0,0.2691832024448319,0.0,0.1353686712709769,0.46260093545387,0.1945879418127374,0.3546485175059724,0.0,0.0,0.1769020262662863,0.0,0.1365016584305102
0.0,0.0,0.0,0.0,0.0,0.0,0.0,0.0803442548324597,0.0,0.0,0.0,0.0,0.0,0.0,0.0,0.0,0.0,0.0,0.0,0.0,0.0,0.0,0.0093396625184888,0.2635461988705791,0.0,0.0,0.0,0.0,0.0,0.0,0.0,0.1332245639594886,0.2974996471160107,0.3825843985769601,0.0028953894633837,0.0858161943938581,0.0978398118345398,0.1954853398541374,0.4038962359633309,0.4624027940727926,0.0,0.302326577584908,0.3241602608673964,0.2831837386350971,0.1820679216417406,0.0,0.0,0.0,0.3440796572362027,0.0117638365523626,0.0433155911713525,0.0,0.0,0.0,0.0,0.0,0.0,0.1096455019538552,0.466372203358551,0.0,0.0,0.0,0.0,0.0,0.0,0.0,0.0,0.0,0.4532353337955149,0.0,0.0,0.0,0.1335633381864035,0.0,0.1679351803477353,0.2994332691048056
0.0,0.0,0.0,0.0,0.0,0.0,0.0,0.0,0.0,0.0,0.0,0.0,0.0,0.0,0.0,0.0,0.0,0.0,0.0,0.0,0.0,0.0,0.0,0.0,0.0,0.0,0.0,0.0,0.0,0.0,0.0,0.0,0.0,0.0,0.4013499694838873,0.0,0.0,0.0,0.0777520663161298,0.0449748698112378,0.302326577584908,0.0,0.1644055870003378,0.0010053316789259,0.0,0.0,0.0,0.0,0.2058273828022195,0.0,0.0,0.0,0.0,0.0,0.0,0.0,0.0,0.0,0.0,0.0,0.0,0.0,0.0,0.0,0.0,0.0,0.0,0.0,0.1961935612936837,0.0,0.0,0.0,0.0,0.0,0.0,0.1736574727654233
