0.0,0.3736480875565499,0.0,0.0,0.0,0.0868516060568407,0.0,0.2838685321176811,0.0,0.3369252213055226,0.0,0.1100857827902725,0.1978249695598915,0.0,0.3061248972936838,0.4792411495563938,0.4219661901333315,0.495337858545118,0.0,0.3894377750295942,0.4253139889795599,0.4405466284460105,0.2406286032429255,0.3155964341139578,0.504236564967367,0.5402675945854547,0.4038981258862291,0.4393869826059907,0.3015585641007486,0.0,0.4485529981682876,0.3653298037780968,0.2420299847790182,0.2653451186408837,0.0,0.0,0.0,0.3697036313111284,0.4927213962703771,0.3228819945558778,0.3908172805024309,0.0,0.0,0.0,0.0,0.820688341405006,0.4115831129003386,0.0,0.0,0.0,0.0,0.0,0.0,0.0,0.4385402062024907,0.0,0.0,0.0,0.0,0.0,0.597805518882115,0.0,0.5177867488808419,0.0,0.0,0.3864526437806005,0.7099536261000701,0.0,0.2954377756720082,0.4058914079368271,0.5797833794019565,0.0,0.0,0.0,0.0,0.5987338122312781
0.3736480875565499,0.0,0.0,0.0,0.5880488021217178,0.8317314282466498,0.6822702520131564,0.5120002421659449,0.5598097078827785,0.0,0.0,0.0,0.5709173500868207,0.0,0.6726349335866136,0.6396953358621745,0.8339270023659076,0.814896163831689,0.0,0.7015479992968637,0.5246189953876509,0.7193514440361489,0.6732196312676275,0.0,0.9640426598609232,0.9306974069176353,0.7946348149375021,0.6378732395261495,0.5771891096216102,0.0,0.3817405388517729,0.157620223929974,0.291122257499639,0.3307810116324498,0.0,0.0,0.0,0.0,0.2537314282548471,0.4002878706355439,0.2020375926603508,0.0,0.0,0.0,0.0,0.3161945214275415,0.8656186719329207,0.0,0.0,0.0,0.7662838286662178,0.0,0.0,0.0,0.0,0.0,0.0,0.0,0.0,0.6281304640259733,0.3884021411434876,0.0,0.5342399613566579,0.0,0.5104129441768751,0.4718487447331928,0.6085380128883572,0.6303565078374168,0.0,0.8531404645240717,0.7968595907984144,0.7102933595964863,0.0,0.411135193256983,0.0,0.3547034700700968
0.0,0.0,0.0,0.2473491807457269,0.7286633738871314,0.5819321231712763,0.4882943772831411,0.6069392273523203,0.8751588536523143,0.7060197956186037,0.7703605219590278,0.4534850767988744,0.5408409650446981,0.1914372656108406,0.0,0.0,0.0,0.0,0.8046796526865859,0.0,0.0,0.0,0.6955524438942179,0.0,0.0,0.0,0.7841741211562527,0.6620730433563498,0.0,0.0,0.560115002895677,0.3588703733559579,0.3243421287289799,0.5234322914004449,0.1180254249001312,0.0,0.0,0.0,0.2985716025717541,0.0,0.3663805489416376,0.0,0.0,0.0,0.0,0.0,0.0,0.8996419954924212,0.0,0.3716110220271734,0.4111003498365075,0.3549732699897585,0.5131212312495651,0.8589964187524408,0.0,0.7734572480047495,0.0,0.1531557216191724,0.0,0.0,0.0,0.0,0.0,0.7179303038425437,0.0,0.0,0.0,0.6617061853953525,0.0,0.0,0.0,0.5644026534841565,0.2611487539416665,0.0,0.0,0.0
0.0,0.0,0.2473491807457269,0.0,0.4716318915359824,0.2809384709688836,0.4235029406641863,0.3130454770235425,0.3886392524281022,0.2666172004483603,0.2645588576122345,0.1004346737490824,0.4256989918442928,0.0733341557006368,0.0,0.0,0.0,0.0,0.2710804520304803,0.3861788852318314,0.0,0.0,0.3543229908623568,0.0,0.0,0.0,0.3214285331891137,0.4348888324730983,0.3650850356131062,0.0,0.3604641827519401,0.2798683425865838,0.0,0.2784878328321228,0.1257809826834089,0.0,0.0,0.3597730373719703,0.0,0.0,0.0,0.0,0.0,0.0,0.0,0.0,0.0,0.0,0.0,0.0,0.0,0.0,0.0,0.0,0.0,0.0,0.0,0.0,0.0,0.0,0.0,0.0,0.0,0.0,0.0,0.0,0.0,0.0,0.0,0.0,0.0,0.0,0.0,0.0,0.0,0.0
0.0,0.5880488021217178,0.7286633738871314,0.4716318915359824,0.0,0.605306950872127,0.6978798550303364,0.6342481768033276,0.8670032491077121,0.693322482150913,0.7025679285904722,0.4303775657404909,0.651211162853075,0.2283445337390555,0.0,0.5433783743534051,0.0,0.0,0.596514692430551,0.7092113154980475,0.0,0.6547531230640139,0.6269354662100124,0.0,0.6884736955114403,0.6354813078664407,0.7882446222301909,0.649970144718122,0.5383585435582464,0.0,0.5360300674134165,0.5045548090761353,0.4675748234067282,0.4786329583479144,0.0,0.0,0.0,0.5906432265603148,0.4705357851491691,0.0,0.0,0.0,0.0,0.0,0.0,0.0,0.0,0.7188251478346694,0.0,0.585258422046489,0.3736901862269219,0.0,0.4684170047045047,0.8233803970748975,0.0,0.6680114939513928,0.0,0.0,0.0,0.0,0.0,0.0,0.0,0.4938769069941446,0.0,0.0,0.0,0.539442488798419,0.0,0.0,0.0,0.5847537791036074,0.0,0.0,0.0,0.0
0.0868516060568407,0.8317314282466498,0.5819321231712763,0.2809384709688836,0.605306950872127,0.0,0.6829208087333815,0.6820587237964836,0.5498541666566199,0.7287595079089397,0.285077125813758,0.6321448301602909,0.6968876817131039,0.3077833860112252,0.6366821825163689,0.502139334712666,0.6367205654893282,0.5656975934832162,0.2687610630370845,0.5772670978842829,0.50215862070138,0.5455109251679331,0.9190511404801104,0.0,0.7363401191759211,0.7615434888944537,0.6988090651654905,0.5379237947023757,0.5400873949271431,0.2658693485981357,0.3092891396511923,0.167701144674421,0.3107040928304951,0.2792191026930585,0.0,0.1656580725498883,0.0,0.4455264622837881,0.1258781667602216,0.0,0.0473729913391209,0.0,0.0274619945035052,0.0,0.0,0.0,0.612264592629763,0.4243856209398594,0.0,0.2599092072526201,0.7616875150760125,0.3867350704787102,0.6329964284766452,0.5202474444432658,0.0,0.2895403848120795,0.0,0.1683375355744097,0.0,0.5405692263499946,0.0,0.0,0.0,0.2120498451395171,0.2865957261088799,0.4677568539625693,0.2853488661663357,0.7300590292048978,0.0,0.0,0.5784930871139146,0.5752948912731444,0.0,0.1691431565932684,0.033573651219398,0.1270591305533993
0.0,0.6822702520131564,0.4882943772831411,0.4235029406641863,0.6978798550303364,0.6829208087333815,0.0,0.3553887801961099,0.6278601064136409,0.7926265699293598,0.2733265316812506,0.2690988129789873,0.6824909510680216,0.1051511437426332,0.0,0.6705205121289729,0.7672782837363803,0.6633805939059639,0.3663152417069167,0.7907235366915207,0.0,0.739989349310037,0.5682148680845177,0.0631518504080144,0.7218242504476985,0.5921177667450463,0.7735811815596189,0.7769298983120563,0.8034805344801441,0.0,0.5793663883737552,0.1578232764247732,0.1662144667681575,0.4639831466446394,0.0,0.0,0.0,0.475333650613351,0.1815086654938743,0.0,0.249201768373152,0.0,0.0,0.0,0.0,0.0,0.0,0.4563301052624299,0.0,0.0,0.5774250611071021,0.0,0.3046096049070735,0.6717745070786699,0.0,0.2953457874888454,0.0,0.0,0.0,0.0,0.0,0.0,0.0,0.3631525075565431,0.0,0.0,0.0,0.5994238517939318,0.0,0.0,0.0,0.7587542844309441,0.0,0.0,0.0,0.0
0.2838685321176811,0.5120002421659449,0.6069392273523203,0.3130454770235425,0.6342481768033276,0.6820587237964836,0.3553887801961099,0.0,0.5682104995116355,0.4644610398820095,0.5685551632857692,0.691756699816331,0.5255317648773311,0.3538838247037096,0.4248296672314083,0.265326275685218,0.0,0.3268628307069354,0.3580610923622278,0.3448583880081881,0.4246496669717832,0.2972968021361441,0.8371582415354702,0.6408788997206917,0.4581323244480801,0.6306060654735426,0.4392742659676888,0.3584902997287228,0.1524507611040529,0.2724260934699824,0.17471335923253,0.32566743681641,0.4115608119356759,0.195487250901388,0.0,0.2650347044122159,0.0,0.0,0.2698985182472067,0.0,0.0612647108043504,0.0,0.1922637831175578,0.0,0.0,0.0,0.0,0.5524686686553784,0.0,0.4229831060658982,0.4494385897953195,0.3090311519144748,0.7397957539391937,0.5235584091982909,0.0,0.5554536361274077,0.0,0.2658779460442264,0.2670186150443073,0.3514720645191254,0.0,0.0,0.0,0.2577220593926592,0.4021223177762068,0.3392051880070024,0.0,0.5446518476540742,0.0,0.0,0.0,0.2104323022324568,0.0969121898254408,0.0,0.0,0.1053387305760456
0.0,0.5598097078827785,0.8751588536523143,0.3886392524281022,0.8670032491077121,0.5498541666566199,0.6278601064136409,0.5682104995116355,0.0,0.7413291398673818,0.7262977190628124,0.4260393146858204,0.6383644660393111,0.1264320310260339,0.0,0.6509584482199829,0.0,0.5464832782436031,0.697189220598292,0.7753181859851339,0.0,0.7436310657885643,0.6527101440369304,0.3271769859209205,0.6801004189975772,0.6448014661389685,0.8106982575225714,0.7475338540744764,0.5315333998308344,0.6811908845748095,0.6063431403292449,0.392520012972839,0.3588319978857829,0.5573874303983057,0.0312426731517022,0.0,0.0,0.5643471184457636,0.3544302005277531,0.0,0.3602390521584436,0.0,0.0,0.0,0.0,0.0,0.0,0.8690727423158635,0.0,0.5161705950805928,0.4168740042078731,0.4930002515936601,0.5136484552574458,0.9718058454238494,0.0,0.7778193066574468,0.0,0.3570119003845583,0.0,0.0,0.0,0.0,0.0,0.607458287525858,0.0,0.0,0.0,0.6380266177194943,0.0,0.0,0.0,0.641063519872047,0.341177239004633,0.0,0.0,0.0
0.3369252213055226,0.0,0.7060197956186037,0.2666172004483603,0.693322482150913,0.7287595079089397,0.7926265699293598,0.4644610398820095,0.7413291398673818,0.0,0.4445454758248464,0.5127679695918674,0.7415616372641632,0.0,0.0,0.7962754811789112,0.941119077043944,0.8162712762040315,0.5440061553951482,0.838702999717352,0.0,0.8598885008402414,0.662580415214921,0.2800516223011471,0.901949052258582,0.8135818457456616,0.861485417838332,0.7893606298960555,0.7565930410854387,0.0,0.6294353785452494,0.2310994330200058,0.3184193565177011,0.5461091311494447,0.0,0.0,0.0,0.5581993920937738,0.1876251858662828,0.3748741580670318,0.30718661854161,0.0,0.0,0.0,0.5023601807805133,0.4400334184713111,0.0,0.0,0.0,0.0,0.0,0.0,0.0,0.0,0.8984256674165658,0.0,0.7275551703019756,0.3555721942450617,0.0,0.0,0.0,0.8056289284532834,0.4985556680848715,0.0,0.0,0.0,0.0,0.0,0.3064188270881095,0.8617503101042003,0.851580537947357,0.0,0.2258391396321503,0.0,0.0,0.4427718110554302
0.0,0.0,0.7703605219590278,0.2645588576122345,0.7025679285904722,0.285077125813758,0.2733265316812506,0.5685551632857692,0.7262977190628124,0.4445454758248464,0.0,0.2960727994732555,0.2948329063974797,0.1838440755651345,0.0,0.0,0.3078448637226685,0.0,0.7337295836982387,0.0,0.0,0.0,0.4481319331525792,0.2379929097412171,0.0,0.4005101487103214,0.5632846794468093,0.3737460516195558,0.0,0.0,0.344406873293884,0.4661281923765389,0.327021558923045,0.2977863410481589,0.1070053995883768,0.0,0.0,0.3940913169096031,0.3376392685829561,0.0,0.0,0.0,0.0,0.0,0.0,0.0,0.0,0.8901393160296995,0.0,0.4875893092764501,0.1715607540024638,0.2547656713323719,0.4087556532071852,0.6678373187015945,0.0,0.9366329744879738,0.0,0.1860412848157952,0.0336987706824323,0.0,0.0,0.0,0.0,0.6898580083848059,0.0,0.0,0.0,0.389415377152596,0.0,0.0,0.0,0.3475890166957529,0.338328018360011,0.0,0.0,0.0
0.1100857827902725,0.0,0.4534850767988744,0.1004346737490824,0.4303775657404909,0.6321448301602909,0.2690988129789873,0.691756699816331,0.4260393146858204,0.5127679695918674,0.2960727994732555,0.0,0.5751579383776733,0.0,0.0,0.0,0.4204304801755177,0.4723616315583683,0.0752324698487441,0.0,0.3184061323319379,0.0,0.6342904151253348,0.7971310031094486,0.5060365292820121,0.724100199073295,0.3279842348355076,0.3789982836077709,0.0,0.0,0.0,0.0994188686118774,0.5081103637455365,0.0753675796211922,0.0,0.3977294223991228,0.1547650256450843,0.3109429310260587,0.2412847684101409,0.4681520377823016,0.0307763472245008,0.0,0.3151067971156994,0.0,0.3577285603833744,0.0,0.0,0.0,0.0,0.0,0.0,0.0,0.0,0.0,0.3653040961620034,0.0,0.8054498086557037,0.2369923942349098,0.0,0.0,0.0,0.2917649683803128,0.143281388756693,0.0,0.0,0.0,0.0,0.0,0.6498420421369933,0.2656180947515762,0.4776882676491786,0.0,0.1362771983406059,0.0,0.0,0.0793547390542525
0.1978249695598915,0.5709173500868207,0.5408409650446981,0.4256989918442928,0.651211162853075,0.6968876817131039,0.6824909510680216,0.5255317648773311,0.6383644660393111,0.7415616372641632,0.2948329063974797,0.5751579383776733,0.0,0.1087948029639638,0.7028390830999467,0.6487912089237128,0.7140219301183747,0.7557028821506764,0.2673189867754189,0.6444154505675479,0.7717547563893954,0.5775119714253835,0.6971274045887579,0.4595695918362171,0.5969148902282828,0.6873817879943662,0.6071191163456681,0.7429311081767356,0.7601019739106549,0.3551151506828268,0.5064887809863879,0.3740315818975384,0.4385633216159046,0.4263411577647514,0.0,0.1154507229638723,0.0737280247595701,0.5145317227249522,0.3309830297512363,0.3907918110139794,0.250610822970684,0.0,0.0461198653024747,0.0,0.4445328502661335,0.0,0.0,0.4238155206261483,0.0,0.0,0.5605410393702928,0.5192500810553085,0.5967321288979636,0.0,0.0,0.2714688296855473,0.6544057058827177,0.0,0.0,0.697118126961541,0.0,0.0,0.0,0.0,0.3902203842623051,0.0,0.3788104217402312,0.6805843846484753,0.0,0.5551036506537786,0.6954567073109009,0.4858456091511314,0.0,0.4262487014980733,0.0,0.0
0.0,0.0,0.1914372656108406,0.0733341557006368,0.2283445337390555,0.3077833860112252,0.1051511437426332,0.3538838247037096,0.1264320310260339,0.0,0.1838440755651345,0.0,0.1087948029639638,0.0,0.0,0.0,0.0,0.0,0.0772796425280143,0.0,0.0456317254506424,0.0,0.3533885410512586,0.0,0.0,0.0,0.1709616804783661,0.1463725046504942,0.0,0.0,0.0,0.1265412725233245,0.0,0.0,0.0,0.3932603667061103,0.1688941916629888,0.0,0.1711313390785581,0.0,0.0,0.0,0.3504322847233875,0.0,0.0,0.0,0.0,0.2162436623627494,0.0,0.0,0.0,0.0,0.0,0.091959410021656,0.0,0.2158820470542204,0.0,0.0,0.0,0.0,0.0,0.0,0.0,0.0,0.0,0.0,0.0,0.323018921391728,0.0,0.0,0.0,0.1360864555163811,0.0,0.0,0.0,0.0
0.3061248972936838,0.6726349335866136,0.0,0.0,0.0,0.6366821825163689,0.0,0.4248296672314083,0.0,0.0,0.0,0.0,0.7028390830999467,0.0,0.0,0.8285863196277263,0.0,0.6496651812203128,0.0,0.8955544584741939,0.8730745261044925,0.9049824176208628,0.6691711317451612,0.2295182327471598,0.7093988944340279,0.6878139007126753,0.7877423147048858,0.8229333346969736,0.7427042157694522,0.0,0.7124759794254477,0.3134804144977223,0.2830646907701786,0.6652102997231081,0.0,0.0,0.0,0.0,0.1782533183789433,0.2224654633731604,0.4193582898601989,0.0,0.0,0.0,0.0,0.0,0.6138582449543968,0.0,0.0,0.0,0.5182697520808474,0.0,0.4249450479828939,0.0,0.0,0.0,0.0,0.3340320990083529,0.0,0.9319375680407826,0.5688470063770708,0.0,0.0,0.0,0.5663008882395569,0.8015459074069841,0.6809648391165956,0.7295221584609118,0.0,0.6487766343830198,0.7745835828368636,0.6625977527947786,0.275756977678772,0.4047492089916127,0.0,0.5087067637975572
0.4792411495563938,0.6396953358621745,0.0,0.0,0.5433783743534051,0.502139334712666,0.6705205121289729,0.265326275685218,0.6509584482199829,0.7962754811789112,0.0,0.0,0.6487912089237128,0.0,0.8285863196277263,0.0,0.8228017561418984,0.7925876841743994,0.0,0.9039403428903916,0.8984937895028778,0.9502055543186584,0.5608329078873663,0.0,0.7387929555805709,0.6717651918692653,0.7783425257086352,0.8381831208851912,0.8693128424203994,0.6068068063202215,0.8966480316685148,0.3069009521772926,0.0689495080466895,0.6619669897611941,0.0064020955559329,0.0,0.0,0.0,0.072518091565787,0.1122745403469454,0.4683058272660167,0.0,0.0,0.0,0.0,0.5912315904546085,0.6737197018137961,0.0,0.0,0.0,0.0,0.0,0.0,0.0,0.0,0.0,0.0,0.0,0.0,0.8477420073285304,0.7990868907533762,0.0,0.6202686639424959,0.0,0.5298286412167452,0.8633195893372076,0.755865679764181,0.71841951348205,0.0,0.7649658365917039,0.865865082350856,0.6948192399053357,0.0,0.5848710475997543,0.0,0.5683031778431347
0.4219661901333315,0.8339270023659076,0.0,0.0,0.0,0.6367205654893282,0.7672782837363803,0.0,0.0,0.941119077043944,0.3078448637226685,0.4204304801755177,0.7140219301183747,0.0,0.0,0.8228017561418984,0.0,0.9109896644117256,0.0,0.8006861814901218,0.0,0.8156926285249826,0.0,0.2580809623873897,0.9017186763484774,0.8339894575631163,0.0,0.8254031570234951,0.7689572280929451,0.0,0.6628479550602261,0.2315062540138316,0.2122729047866932,0.5134179761485153,0.0,0.0,0.0,0.555811596038731,0.0,0.3400017372911323,0.0,0.0,0.0,0.0,0.0,0.0,0.0,0.0,0.0,0.0,0.0,0.0,0.0,0.0,0.8562228141440412,0.0,0.6268118008176141,0.0,0.0,0.0,0.0,0.8855755980063668,0.6708768779561205,0.0,0.0,0.0,0.0,0.0,0.2793002658962608,0.8412021112651097,0.873384700598986,0.0,0.0,0.0,0.0,0.0
0.495337858545118,0.814896163831689,0.0,0.0,0.0,0.5656975934832162,0.6633805939059639,0.3268628307069354,0.5464832782436031,0.8162712762040315,0.0,0.4723616315583683,0.7557028821506764,0.0,0.6496651812203128,0.7925876841743994,0.9109896644117256,0.0,0.0,0.7250595208822735,0.67622472302884,0.7499720528472013,0.495556730284985,0.3404133592763022,0.8613063467323125,0.8596830435395497,0.6999482308152192,0.7902405954187007,0.7647781813515943,0.2779174065429798,0.5925586232150146,0.3156691012423929,0.3480376643900532,0.451918567144292,0.0,0.0,0.0,0.0,0.3509339672147859,0.4196334258045333,0.3717533947980327,0.0,0.0,0.0,0.0,0.5100776148448918,0.7004705599379074,0.0,0.0,0.0,0.0,0.0,0.0,0.0,0.7675741983340556,0.0,0.5854387207623026,0.0,0.0,0.0,0.7194842304753386,0.8246150453194037,0.7944455517226506,0.0,0.0,0.0,0.700603067893798,0.0,0.3282732142175936,0.8036162014609792,0.8561864456944339,0.0,0.0,0.0,0.0,0.5766508708286232
0.0,0.0,0.8046796526865859,0.2710804520304803,0.596514692430551,0.2687610630370845,0.3663152417069167,0.3580610923622278,0.697189220598292,0.5440061553951482,0.7337295836982387,0.0752324698487441,0.2673189867754189,0.0772796425280143,0.0,0.0,0.0,0.0,0.0,0.0,0.0,0.0,0.4076835940504331,0.0,0.0,0.0,0.6101016727658533,0.4637096966796035,0.0,0.0,0.6581971481850679,0.4641799754389559,0.0,0.5653204719121858,0.2777419757330034,0.0,0.0,0.3315896366154715,0.1753467492077512,0.0,0.0,0.0,0.0,0.0,0.0,0.0,0.0,0.7732296554794695,0.0,0.2386314472775612,0.1909314159946317,0.2880676892995517,0.2271288912719428,0.6723746430964237,0.0,0.7372537334868491,0.0,0.0838177910766971,0.0,0.0,0.0,0.0,0.0,0.9286170095725492,0.0,0.0,0.0,0.4742651238069067,0.0,0.0,0.0,0.4250175182693855,0.0,0.0,0.0,0.0
0.3894377750295942,0.7015479992968637,0.0,0.3861788852318314,0.7092113154980475,0.5772670978842829,0.7907235366915207,0.3448583880081881,0.7753181859851339,0.838702999717352,0.0,0.0,0.6444154505675479,0.0,0.8955544584741939,0.9039403428903916,0.8006861814901218,0.7250595208822735,0.0,0.0,0.8670349166125826,0.9899387768417716,0.5710927549220323,0.0,0.7567246240098376,0.6652962187377487,0.8715551931851818,0.8816679962197091,0.839492741425493,0.6993736584989677,0.8360960299515016,0.2954407854530016,0.1428724081670157,0.7383339571039392,0.0,0.0,0.0,0.0,0.1621824092606843,0.1586273161142309,0.5190951764095513,0.0,0.0,0.0,0.0,0.0,0.7203174897600526,0.0,0.0,0.0,0.5100358403702189,0.0,0.3342166042501957,0.0,0.0,0.0,0.0,0.2883654239223234,0.0,0.8957532821601516,0.688565247125417,0.0,0.0,0.0,0.63565632071992,0.8387823317483118,0.8006710996605052,0.6859357774308315,0.0,0.7574562338113375,0.8044003871051827,0.7351523926260652,0.2656882835731062,0.5199342444887951,0.1626874211011184,0.5665725546392573
0.4253139889795599,0.5246189953876509,0.0,0.0,0.0,0.50215862070138,0.0,0.4246496669717832,0.0,0.0,0.0,0.3184061323319379,0.7717547563893954,0.0456317254506424,0.8730745261044925,0.8984937895028778,0.0,0.67622472302884,0.0,0.8670349166125826,0.0,0.8364009870682386,0.6205407053349057,0.190446474181896,0.6004896376410844,0.6089973925209549,0.7054138827847708,0.8613703550835372,0.8174852313577213,0.0,0.7852779989053352,0.3958538294414606,0.1653394587584569,0.6336365941188533,0.0287930442067658,0.0,0.0,0.0,0.1713419919970693,0.1820886038548529,0.4378596524732145,0.0,0.0,0.0,0.0,0.5483994757116383,0.5100798548189336,0.0,0.0,0.0,0.4148500299925676,0.0,0.4593443315310435,0.0,0.0,0.0,0.0,0.5079197137986914,0.0,0.8728143685492705,0.6967009423238847,0.0,0.0,0.0,0.551621991645415,0.90257289454764,0.6463879240706781,0.7165946321883735,0.0,0.6011298479365318,0.7784874590278233,0.5934230220272239,0.3433371231837995,0.525314459894853,0.0,0.574026881717623
0.4405466284460105,0.7193514440361489,0.0,0.0,0.6547531230640139,0.5455109251679331,0.739989349310037,0.2972968021361441,0.7436310657885643,0.8598885008402414,0.0,0.0,0.5775119714253835,0.0,0.9049824176208628,0.9502055543186584,0.8156926285249826,0.7499720528472013,0.0,0.9899387768417716,0.8364009870682386,0.0,0.5354601856748274,0.0,0.7886702636567791,0.6861343304164469,0.8613625812563777,0.8477613393225487,0.8337904029200921,0.6923173122215931,0.875893979051809,0.2783527630306137,0.1295288317520355,0.7657704213606964,0.0,0.0,0.0,0.0,0.1457761749946992,0.1622426398284145,0.5103903259713882,0.0,0.0,0.0,0.0,0.5599198885821229,0.7392227359389002,0.0,0.0,0.0,0.4857998221276431,0.0,0.0,0.0,0.0,0.0,0.0,0.0,0.0,0.903243003261805,0.7482480115146624,0.0,0.5295744593233015,0.0,0.650065425319702,0.8186004213705961,0.8561025663247743,0.6752972938098556,0.0,0.7890088058776084,0.827579646105012,0.7467830951722244,0.274311390246051,0.5451512269513322,0.0,0.584012558598457
0.2406286032429255,0.6732196312676275,0.6955524438942179,0.3543229908623568,0.6269354662100124,0.9190511404801104,0.5682148680845177,0.8371582415354702,0.6527101440369304,0.662580415214921,0.4481319331525792,0.6342904151253348,0.6971274045887579,0.3533885410512586,0.6691711317451612,0.5608329078873663,0.0,0.495556730284985,0.4076835940504331,0.5710927549220323,0.6205407053349057,0.5354601856748274,0.0,0.4702156987830043,0.6346354128490886,0.7379089349131448,0.6486651311948717,0.5973224860096433,0.4368508100799561,0.3941129778997293,0.4259457008056998,0.2859500823503723,0.2826396874575148,0.3512300404011516,0.0,0.1549516733253163,0.0,0.5124543879212295,0.1211261905239036,0.2754695988596043,0.1432227705185525,0.0,0.0,0.0,0.0,0.0,0.4666703064483855,0.5880570874386313,0.0,0.2949713202940487,0.6569099268574992,0.3786071378090049,0.7860745359788406,0.6166004315062577,0.0,0.4557307717153331,0.0,0.2903197471291059,0.1349214019430877,0.5726921292993123,0.0,0.0,0.0,0.3363672412423224,0.3727905400543559,0.5472270312575048,0.3450832337129494,0.8440537450221557,0.0,0.4684636315656291,0.6494672209826059,0.4812528495966316,0.0,0.1386738653925176,0.0410091582107493,0.1677855601135503
0.3155964341139578,0.0,0.0,0.0,0.0,0.0,0.0631518504080144,0.6408788997206917,0.3271769859209205,0.2800516223011471,0.2379929097412171,0.7971310031094486,0.4595695918362171,0.0,0.2295182327471598,0.0,0.2580809623873897,0.3404133592763022,0.0,0.0,0.190446474181896,0.0,0.4702156987830043,0.0,0.3314305014117739,0.6302102199615812,0.1199441055999696,0.2322149865541463,0.0,0.0,0.0,0.1875897780420075,0.562717900404351,0.0,0.0,0.5890842788447099,0.2866737433340039,0.2625613937128909,0.4503827301360716,0.5741348499406876,0.0,0.0,0.0,0.0,0.2636455515180643,0.1919024534712155,0.0,0.0,0.0,0.0,0.0,0.0,0.0,0.0,0.2103813998299269,0.0,0.60357088755301,0.0,0.0,0.0,0.0,0.1768635116434639,0.1997920705695569,0.0,0.0,0.0,0.0,0.0,0.845766755931731,0.0990564219898718,0.3972053530702555,0.0,0.2760072853709707,0.0,0.0,0.1768811271077267
0.504236564967367,0.9640426598609232,0.0,0.0,0.6884736955114403,0.7363401191759211,0.7218242504476985,0.4581323244480801,0.6801004189975772,0.901949052258582,0.0,0.5060365292820121,0.5969148902282828,0.0,0.7093988944340279,0.7387929555805709,0.9017186763484774,0.8613063467323125,0.0,0.7567246240098376,0.6004896376410844,0.7886702636567791,0.6346354128490886,0.3314305014117739,0.0,0.9392855365785364,0.8539087912027089,0.73415727792531,0.6524986655009365,0.0,0.5069040531969805,0.199023731834936,0.2781073254661256,0.4049964621384733,0.0,0.0,0.0,0.5445336682140135,0.3091438807487538,0.4320953529567485,0.2916236983242502,0.0,0.0,0.0,0.0,0.4865241802277263,0.8638291484870319,0.0,0.0,0.0,0.0,0.0,0.0,0.0,0.8399162179737172,0.0,0.638393997013709,0.2653090838520317,0.0,0.6958676332044372,0.5392520076762852,0.7820853895668872,0.5792621408732329,0.0,0.6333592579118126,0.5621623494250603,0.7254551107320871,0.6657372591939527,0.3057471004173648,0.9082299571766788,0.875474715938696,0.0,0.0,0.5512259022812906,0.0,0.4840623958769139
0.5402675945854547,0.9306974069176353,0.0,0.0,0.6354813078664407,0.7615434888944537,0.5921177667450463,0.6306060654735426,0.6448014661389685,0.8135818457456616,0.4005101487103214,0.724100199073295,0.6873817879943662,0.0,0.6878139007126753,0.6717651918692653,0.8339894575631163,0.8596830435395497,0.0,0.6652962187377487,0.6089973925209549,0.6861343304164469,0.7379089349131448,0.6302102199615812,0.9392855365785364,0.0,0.7170471738373841,0.7151063492249685,0.5592151603452137,0.0,0.4027279253187813,0.2144733690541529,0.4126883969577913,0.3379248880578125,0.0,0.3092874308821085,0.0,0.5443185856771507,0.3409136659705558,0.4863226394830804,0.2481555765774945,0.0,0.0,0.0,0.5054569680925797,0.4415724071997072,0.6981732063169516,0.0,0.0,0.0,0.6382394890558903,0.0,0.0,0.0,0.704194002887329,0.0,0.6971541730684426,0.3409362241273616,0.0,0.6594753575819559,0.4229735689016455,0.6930801883666415,0.538860581153902,0.0,0.6037140925091106,0.5227848303945503,0.6469404021307675,0.6398215369176949,0.5416956341297882,0.7352152330116513,0.8671298285802792,0.6017678221748188,0.2806206154407509,0.3906708454260879,0.0,0.4220683621233428
0.4038981258862291,0.7946348149375021,0.7841741211562527,0.3214285331891137,0.7882446222301909,0.6988090651654905,0.7735811815596189,0.4392742659676888,0.8106982575225714,0.861485417838332,0.5632846794468093,0.3279842348355076,0.6071191163456681,0.1709616804783661,0.7877423147048858,0.7783425257086352,0.0,0.6999482308152192,0.6101016727658533,0.8715551931851818,0.7054138827847708,0.8613625812563777,0.6486651311948717,0.1199441055999696,0.8539087912027089,0.7170471738373841,0.0,0.7644831381734484,0.7553192009466098,0.6158057035281451,0.6791795954796089,0.3279086926439237,0.2783323995958173,0.5794672872932055,0.0,0.0,0.0,0.5687469291471127,0.3546422822209127,0.3165837201486025,0.4533660454737575,0.0,0.0,0.0,0.0,0.0,0.7978723668394858,0.7424729131308723,0.0,0.4422628607431777,0.5940190697256772,0.5729047811063671,0.3746686515050895,0.8422832303719279,0.0,0.5534673810209879,0.0,0.2644327277655235,0.0,0.8081026012604549,0.0,0.0,0.0,0.5450250275196938,0.6880328979471283,0.6869117797356296,0.7177468411951952,0.6989803803489301,0.0,0.0,0.7415873671161007,0.9104314239206464,0.2996248788373438,0.6116528853953161,0.173168822963229,0.5289896822818984
0.4393869826059907,0.6378732395261495,0.6620730433563498,0.4348888324730983,0.649970144718122,0.5379237947023757,0.7769298983120563,0.3584902997287228,0.7475338540744764,0.7893606298960555,0.3737460516195558,0.3789982836077709,0.7429311081767356,0.1463725046504942,0.8229333346969736,0.8381831208851912,0.8254031570234951,0.7902405954187007,0.4637096966796035,0.8816679962197091,0.8613703550835372,0.8477613393225487,0.5973224860096433,0.2322149865541463,0.73415727792531,0.7151063492249685,0.7644831381734484,0.0,0.7582812069460684,0.5604929360430079,0.7074204096055735,0.231305145567655,0.1658022042225813,0.5911949697637742,0.0,0.0,0.076900032348018,0.5412232177606555,0.2879077037753985,0.2160852789974713,0.3969505897809133,0.0,0.0,0.0,0.5497525982135942,0.0,0.0,0.6236850213612299,0.0,0.0,0.5853833913021069,0.0,0.391933074096485,0.8227516078923701,0.7333949544554362,0.0,0.5724920375320399,0.4943823769113064,0.0,0.8605963204066759,0.0,0.0,0.0,0.0,0.5775106780128707,0.8357260643792174,0.7257965835865346,0.691623927067989,0.0,0.7475152944698794,0.8517094539167495,0.7091493701134938,0.4268428758652381,0.573099638051949,0.0,0.5719500192948551
0.3015585641007486,0.5771891096216102,0.0,0.3650850356131062,0.5383585435582464,0.5400873949271431,0.8034805344801441,0.1524507611040529,0.5315333998308344,0.7565930410854387,0.0,0.0,0.7601019739106549,0.0,0.7427042157694522,0.8693128424203994,0.7689572280929451,0.7647781813515943,0.0,0.839492741425493,0.8174852313577213,0.8337904029200921,0.4368508100799561,0.0,0.6524986655009365,0.5592151603452137,0.7553192009466098,0.7582812069460684,0.0,0.5020407078284046,0.7855745962206457,0.2663850673929389,0.1122791856926947,0.5951252193491074,0.0,0.0,0.0,0.0,0.1721585273478875,0.0943496247202541,0.3987252927163017,0.0,0.0,0.0,0.0,0.0,0.6085886625485255,0.3335230410547918,0.0,0.0,0.4377514658221518,0.4993353699221612,0.2045283080960905,0.5686888853324122,0.0,0.0,0.0,0.4405576653401523,0.0,0.7919041626158132,0.0,0.0,0.0,0.0,0.4370232085588452,0.7831145538333234,0.5807684872225541,0.5902846739720977,0.0,0.0,0.6591577451764619,0.7127584772913421,0.277413208561569,0.6827130899016439,0.0,0.6028131515782104
0.0,0.0,0.0,0.0,0.0,0.2658693485981357,0.0,0.2724260934699824,0.6811908845748095,0.0,0.0,0.0,0.3551151506828268,0.0,0.0,0.6068068063202215,0.0,0.2779174065429798,0.0,0.6993736584989677,0.0,0.6923173122215931,0.3941129778997293,0.0,0.0,0.0,0.6158057035281451,0.5604929360430079,0.5020407078284046,0.0,0.709157983599945,0.4384853659312374,0.0,0.6650036364839517,0.2006665219622142,0.0,0.0,0.0,0.0,0.0,0.0,0.0,0.0,0.0,0.0,0.0,0.0,0.0,0.0,0.0,0.0,0.0,0.0,0.0,0.0,0.0,0.0,0.0,0.0,0.0,0.0,0.0,0.0,0.0,0.445827312783527,0.0,0.0,0.4592308319833623,0.0,0.0,0.0,0.4472868297545612,0.0,0.3008738556628408,0.0,0.0
0.4485529981682876,0.3817405388517729,0.560115002895677,0.3604641827519401,0.5360300674134165,0.3092891396511923,0.5793663883737552,0.17471335923253,0.6063431403292449,0.6294353785452494,0.344406873293884,0.0,0.5064887809863879,0.0,0.7124759794254477,0.8966480316685148,0.6628479550602261,0.5925586232150146,0.6581971481850679,0.8360960299515016,0.7852779989053352,0.875893979051809,0.4259457008056998,0.0,0.5069040531969805,0.4027279253187813,0.6791795954796089,0.7074204096055735,0.7855745962206457,0.709157983599945,0.0,0.4000163222486121,0.0,0.723403574136943,0.0802056634986117,0.0,0.0,0.4665782848529823,0.0738494605917849,0.0,0.4400137183211596,0.0,0.0,0.0,0.0,0.0,0.4909057144428296,0.0,0.0,0.0,0.2346038286709956,0.0,0.1712021867941524,0.0,0.6413438184337261,0.0,0.1777236432602827,0.0,0.0,0.7308655972163076,0.7601727694803712,0.6715009893950676,0.4627434682087518,0.0,0.5107377615512867,0.7387069817820375,0.7042465997790803,0.5466603463939459,0.0,0.5782117730673093,0.6551673483222368,0.5398379359891854,0.2944300133502731,0.5742520098000956,0.0,0.5891355817047103
0.3653298037780968,0.157620223929974,0.3588703733559579,0.2798683425865838,0.5045548090761353,0.167701144674421,0.1578232764247732,0.32566743681641,0.392520012972839,0.2310994330200058,0.4661281923765389,0.0994188686118774,0.3740315818975384,0.1265412725233245,0.3134804144977223,0.3069009521772926,0.2315062540138316,0.3156691012423929,0.4641799754389559,0.2954407854530016,0.3958538294414606,0.2783527630306137,0.2859500823503723,0.1875897780420075,0.199023731834936,0.2144733690541529,0.3279086926439237,0.231305145567655,0.2663850673929389,0.4384853659312374,0.4000163222486121,0.0,0.3984753497515244,0.3461228850429289,0.2138543241232144,0.0,0.0,0.3229841547531529,0.4703935798342371,0.3256325049843226,0.3218162599813851,0.0291511819141855,0.0411235684386948,0.0425355202987316,0.2378600417199391,0.3619356298823555,0.1639846845008852,0.3599149717116042,0.0,0.3339452555983132,0.0903876747336438,0.3648024031434352,0.3026317206669491,0.3345259488564642,0.2512841719108052,0.4370573726057261,0.119508479159905,0.4546291199382153,0.0,0.2999706176788464,0.2645793456844656,0.2706382783951417,0.146778327023947,0.3615447241838491,0.4499604872375564,0.3287362825115982,0.3417207673805181,0.2527861892187089,0.1892882016439774,0.1316476494895732,0.2808620823701792,0.0860029608592128,0.3343144896339667,0.2879539126012178,0.0,0.418327881327299
0.2420299847790182,0.291122257499639,0.3243421287289799,0.0,0.4675748234067282,0.3107040928304951,0.1662144667681575,0.4115608119356759,0.3588319978857829,0.3184193565177011,0.327021558923045,0.5081103637455365,0.4385633216159046,0.0,0.2830646907701786,0.0689495080466895,0.2122729047866932,0.3480376643900532,0.0,0.1428724081670157,0.1653394587584569,0.1295288317520355,0.2826396874575148,0.562717900404351,0.2781073254661256,0.4126883969577913,0.2783323995958173,0.1658022042225813,0.1122791856926947,0.0,0.0,0.3984753497515244,0.0,0.1622411887086476,0.1289314912943258,0.2441380785346988,0.080606098740995,0.2918308075947264,0.4950160031073791,0.746841635680843,0.2511181620856403,0.0792460154972451,0.0,0.0,0.2357651036766364,0.2239553889418298,0.1451023272483084,0.0,0.0,0.0,0.0,0.0,0.0,0.0,0.238652656537774,0.0,0.3979332662200269,0.0,0.0,0.2710262499014559,0.1166400347071102,0.126300583129425,0.1338096047965979,0.0,0.3506486579287045,0.1135764822442899,0.2151440801591535,0.1693807040815814,0.5196251351831445,0.1416978772339005,0.2988204356319733,0.1267228347357732,0.316875196754154,0.0,0.0,0.3039384746808297
0.2653451186408837,0.3307810116324498,0.5234322914004449,0.2784878328321228,0.4786329583479144,0.2792191026930585,0.4639831466446394,0.195487250901388,0.5573874303983057,0.5461091311494447,0.2977863410481589,0.0753675796211922,0.4263411577647514,0.0,0.6652102997231081,0.6619669897611941,0.5134179761485153,0.451918567144292,0.5653204719121858,0.7383339571039392,0.6336365941188533,0.7657704213606964,0.3512300404011516,0.0,0.4049964621384733,0.3379248880578125,0.5794672872932055,0.5911949697637742,0.5951252193491074,0.6650036364839517,0.723403574136943,0.3461228850429289,0.1622411887086476,0.0,0.2784369211711718,0.0,0.0,0.477003840499213,0.0473405894414533,0.1250730121853617,0.6525650619067371,0.0,0.0,0.0,0.356053893996907,0.4470860251342416,0.4044552237377075,0.4713042186894865,0.0,0.0,0.2530453682401689,0.3760778946521381,0.1608751627870099,0.6093546790646054,0.56309753926676,0.0,0.3165724562616327,0.2834822128827628,0.0,0.6695265053352809,0.6034716900925314,0.5348189062768959,0.3348746861772016,0.0,0.4381212144397126,0.6805989099548662,0.621503952299367,0.4815140377171531,0.0,0.4681079775348619,0.5545928234918416,0.4587570707946945,0.2132744622111309,0.4056951839829562,0.0,0.4563883932573377
0.0,0.0,0.1180254249001312,0.1257809826834089,0.0,0.0,0.0,0.0,0.0312426731517022,0.0,0.1070053995883768,0.0,0.0,0.0,0.0,0.0064020955559329,0.0,0.0,0.2777419757330034,0.0,0.0287930442067658,0.0,0.0,0.0,0.0,0.0,0.0,0.0,0.0,0.2006665219622142,0.0802056634986117,0.2138543241232144,0.1289314912943258,0.2784369211711718,0.0,0.0,0.0,0.0,0.0,0.0,0.1794752534111886,0.0338702028388879,0.0,0.0,0.0,0.0,0.0,0.0,0.0,0.0,0.0,0.0,0.0,0.0,0.0,0.0,0.0,0.0,0.0,0.0,0.0,0.0,0.0,0.0,0.0,0.0,0.0,0.0,0.0,0.0,0.0,0.0,0.0,0.0,0.0,0.0
0.0,0.0,0.0,0.0,0.0,0.1656580725498883,0.0,0.2650347044122159,0.0,0.0,0.0,0.3977294223991228,0.1154507229638723,0.3932603667061103,0.0,0.0,0.0,0.0,0.0,0.0,0.0,0.0,0.1549516733253163,0.5890842788447099,0.0,0.3092874308821085,0.0,0.0,0.0,0.0,0.0,0.0,0.2441380785346988,0.0,0.0,0.0,0.5083505437321089,0.0603262159522081,0.248753089485929,0.3349443616483726,0.0,0.1498189456844866,0.7473755059032446,0.3132425256357267,0.0429854326223108,0.0,0.0,0.0,0.0,0.2178513975278438,0.252200159841881,0.1257276878235418,0.2638754080100429,0.0,0.0,0.0,0.2514703051027337,0.0987583810872186,0.0,0.0,0.0,0.0,0.0,0.0,0.0,0.0,0.0,0.0,0.0,0.0,0.0,0.0,0.0905965139339106,0.0,0.0,0.0
0.0,0.0,0.0,0.0,0.0,0.0,0.0,0.0,0.0,0.0,0.0,0.1547650256450843,0.0737280247595701,0.1688941916629888,0.0,0.0,0.0,0.0,0.0,0.0,0.0,0.0,0.0,0.2866737433340039,0.0,0.0,0.0,0.076900032348018,0.0,0.0,0.0,0.0,0.080606098740995,0.0,0.0,0.5083505437321089,0.0,0.0403015832614801,0.182492628433577,0.0,0.0,0.1031281840677132,0.4699888047903542,0.0,0.0,0.0,0.0,0.0,0.0,0.0,0.0,0.0,0.0,0.0,0.0,0.0,0.0,0.0,0.0,0.0,0.0,0.0,0.0,0.0,0.0,0.0,0.0,0.0167109093605645,0.0,0.0,0.0,0.0,0.0,0.0,0.0,0.0
0.3697036313111284,0.0,0.0,0.3597730373719703,0.5906432265603148,0.4455264622837881,0.475333650613351,0.0,0.5643471184457636,0.5581993920937738,0.3940913169096031,0.3109429310260587,0.5145317227249522,0.0,0.0,0.0,0.555811596038731,0.0,0.3315896366154715,0.0,0.0,0.0,0.5124543879212295,0.2625613937128909,0.5445336682140135,0.5443185856771507,0.5687469291471127,0.5412232177606555,0.0,0.0,0.4665782848529823,0.3229841547531529,0.2918308075947264,0.477003840499213,0.0,0.0603262159522081,0.0403015832614801,0.0,0.178881946256422,0.2715248024674637,0.3356774340915347,0.0,0.0,0.0,0.4265828533095483,0.0,0.0,0.0,0.0,0.0,0.0,0.0,0.0,0.0,0.5033679480958811,0.0,0.4291867555978998,0.0,0.0,0.0,0.0,0.0,0.0,0.0,0.0,0.0,0.0,0.0,0.2945548020468305,0.491251297039996,0.6196798669253543,0.0,0.2586366385754128,0.0,0.0,0.0
0.4927213962703771,0.2537314282548471,0.2985716025717541,0.0,0.4705357851491691,0.1258781667602216,0.1815086654938743,0.2698985182472067,0.3544302005277531,0.1876251858662828,0.3376392685829561,0.2412847684101409,0.3309830297512363,0.1711313390785581,0.1782533183789433,0.072518091565787,0.0,0.3509339672147859,0.1753467492077512,0.1621824092606843,0.1713419919970693,0.1457761749946992,0.1211261905239036,0.4503827301360716,0.3091438807487538,0.3409136659705558,0.3546422822209127,0.2879077037753985,0.1721585273478875,0.0,0.0738494605917849,0.4703935798342371,0.4950160031073791,0.0473405894414533,0.0,0.248753089485929,0.182492628433577,0.178881946256422,0.0,0.5815835673702018,0.3373497107856752,0.129433917236428,0.4783636355451565,0.343838539465426,0.341710593043928,0.4680553872867256,0.3200301475731725,0.2805175249108207,0.2607844950517372,0.6145455406737155,0.2242294817582307,0.4430361696169541,0.3283905385937,0.3682225164595585,0.2569730921266181,0.4480188010394144,0.2199309473730463,0.420013430040131,0.3047504454028215,0.2589414852822186,0.3002291656209381,0.1940998702913879,0.312738445823518,0.0620950499918554,0.5955065476358701,0.2025888530915224,0.397526261824305,0.1674609445190681,0.4799706963572501,0.2575036812986682,0.3430721685831773,0.327797719002306,0.6151220505407856,0.4753891901633984,0.4660691821144553,0.5687533630131122
0.3228819945558778,0.4002878706355439,0.0,0.0,0.0,0.0,0.0,0.0,0.0,0.3748741580670318,0.0,0.4681520377823016,0.3907918110139794,0.0,0.2224654633731604,0.1122745403469454,0.3400017372911323,0.4196334258045333,0.0,0.1586273161142309,0.1820886038548529,0.1622426398284145,0.2754695988596043,0.5741348499406876,0.4320953529567485,0.4863226394830804,0.3165837201486025,0.2160852789974713,0.0943496247202541,0.0,0.0,0.3256325049843226,0.746841635680843,0.1250730121853617,0.0,0.3349443616483726,0.0,0.2715248024674637,0.5815835673702018,0.0,0.2376638088347957,0.0504228379123251,0.4860868291861716,0.1626091419752262,0.3372789274292229,0.2938428477239169,0.3510777230004065,0.3693868640196781,0.0,0.5548994196626079,0.3341605117091998,0.4160762315962969,0.4542941440477977,0.3889098078860351,0.4134243820502924,0.4379079907958723,0.4695480431709005,0.3725124191982815,0.0,0.265322844043152,0.1731769199940574,0.2876468468422488,0.2858411635170291,0.1154388499751344,0.4474745149556259,0.2063433796893405,0.3113106607118355,0.2403003590889976,0.6205009581156719,0.3428222788369965,0.4576542665511614,0.26346347613436,0.396382277542247,0.2872216376978654,0.3098250171716462,0.3551111777860366
0.3908172805024309,0.2020375926603508,0.3663805489416376,0.0,0.0,0.0473729913391209,0.249201768373152,0.0612647108043504,0.3602390521584436,0.30718661854161,0.0,0.0307763472245008,0.250610822970684,0.0,0.4193582898601989,0.4683058272660167,0.0,0.3717533947980327,0.0,0.5190951764095513,0.4378596524732145,0.5103903259713882,0.1432227705185525,0.0,0.2916236983242502,0.2481555765774945,0.4533660454737575,0.3969505897809133,0.3987252927163017,0.0,0.4400137183211596,0.3218162599813851,0.2511181620856403,0.6525650619067371,0.1794752534111886,0.0,0.0,0.3356774340915347,0.3373497107856752,0.2376638088347957,0.0,0.0762529047842433,0.0,0.0,0.4092135232805026,0.4946409973792455,0.2871945964123492,0.3131023680045621,0.0163313682418009,0.2148865029727313,0.1357272710590708,0.2345818192065427,0.1782558561796231,0.3956566772599725,0.3598207707441909,0.2563116282347436,0.1503210359341894,0.2405474626688502,0.0,0.518085292653572,0.5897520012757442,0.2946617742598424,0.314639968408323,0.3379586790427141,0.418169957630555,0.5291561426789337,0.5363470804504895,0.3126015332183359,0.1784044620412528,0.3244640418428523,0.4378717456230387,0.3190487892069629,0.3829331242190916,0.367457917578438,0.340129320838877,0.5714685552396802
0.0,0.0,0.0,0.0,0.0,0.0,0.0,0.0,0.0,0.0,0.0,0.0,0.0,0.0,0.0,0.0,0.0,0.0,0.0,0.0,0.0,0.0,0.0,0.0,0.0,0.0,0.0,0.0,0.0,0.0,0.0,0.0291511819141855,0.0792460154972451,0.0,0.0338702028388879,0.1498189456844866,0.1031281840677132,0.0,0.129433917236428,0.0504228379123251,0.0762529047842433,0.0,0.2130910418399743,0.1157612845948522,0.0,0.0799719225176268,0.0,0.0,0.1111812614597037,0.0,0.0,0.0,0.0,0.0,0.0,0.0,0.0,0.1077934445914266,0.0,0.0,0.0,0.0,0.0,0.0,0.0,0.0,0.0,0.0,0.0445182842251207,0.0,0.0,0.0,0.1400187396385535,0.0034918704195646,0.0964439966968776,0.0650011034048834
