0.0,0.3371133766803214,0.0,0.0,0.0,0.2996153243949488,0.0,0.2397576991091751,0.0,0.2864835239059464,0.0,0.2778764891407078,0.0,0.0,0.3423046094846739,-0.0341079027132352,0.1192661941314975,-0.0030104933025592,0.0,0.3976822523210653,0.4225907219490774,0.4299158746104541,0.3204626130350035,0.0861020008075267,0.2709059081129421,0.3905473260529727,0.3507838175768772,0.2892076292349349,0.4106040869792427,0.0,0.1271275676299261,0.2624389430891263,0.1033501509071188,0.0,0.0548842146000285,0.0,0.0,0.0,0.083919828897916,0.0,0.0,0.0,0.0,0.0,0.0,0.519042526332574,0.3429421670784577,0.0,0.0,0.0,0.0,0.0,0.0,0.0,0.1987564107029304,0.0,0.0,0.0,0.0,0.0,0.0,0.0,0.1470968452380276,0.0,0.0,0.2083606370991229,0.0932365915675324,0.0,0.0,0.3052389730636181,0.387613238005732,0.0,0.0,0.0,0.0,0.0
0.3371133766803214,0.0,0.0,0.0,0.1063098387711114,0.4043511812318331,0.1686835877590037,0.3133612555495605,0.1993243593508961,0.0,0.0,0.0,0.3492126114321464,0.0,0.2105573783890077,0.0240421744717803,0.0,0.1451343912525325,0.0,0.1271262560946064,0.2471585599781111,0.2687268931513188,0.3097422190630669,0.0,0.5138802812613169,0.5458061116927383,0.1405006688803804,0.1876009634892191,0.1437205247365067,0.0,0.0,0.0612459936383215,-0.0028515505050208,0.0,0.0,0.0,0.0,0.0,0.0912004203230053,0.1219500966349763,0.0736615139376717,0.0092784471608171,0.0,0.0,0.0,0.2229417665026495,0.3684288131442241,0.0,0.0,0.0,0.0,0.0,0.0,0.0,0.0,0.0,0.0,0.0,0.0,0.1974300517999956,0.0811302230898832,0.0,0.2113835723853918,0.0,0.2437149501181684,0.2544200740982418,0.2409394884908062,0.2832423708753161,0.0,0.309506653146625,0.4145606824971672,0.2429741819494257,0.0,0.2171979821199729,0.0,0.0604730018175461
0.0,0.0,0.0,0.0,0.1204969045076188,0.3293650737786806,0.2164136830482628,0.3686491677181897,0.3008578283427846,0.3034959455476794,0.3960970157023222,0.0,0.3078398159998521,0.2763773700596311,0.0,0.0,0.0,0.0,0.4546303249405624,0.0,0.0,0.0,0.3595801464290294,0.0,0.0,0.0,0.3662043325368052,0.2245604461638787,0.0,0.3108618134670997,0.1485445448161741,0.107204790793126,0.0,0.0372730160045108,0.0893135853008662,0.2685046370366948,0.2138252295475213,0.0,0.0,0.0,0.0,0.0,0.2829654508060636,0.0,0.0,0.0,0.0,0.2390398142136819,0.0,0.330658320796977,0.1008794214279764,0.0,0.3446905003430698,0.3124923717970703,0.0,0.2880884697495707,0.0,0.0,0.2305115969303195,0.0,0.0,0.0,0.0,0.3796340487848444,0.0,0.0,0.0,0.1585507252977677,0.0,0.0,0.0,0.1934316220234002,0.0,0.0,0.0,0.0
0.0,0.0,0.0,0.0,0.4151156419726609,0.0,0.3392457068183052,0.0109839101630094,0.0,0.0,0.1000067670680401,0.0,0.2083843588673374,0.1577483500268839,0.0,0.0,0.0,0.0,0.0,0.0,0.0,0.0,0.0,0.0,0.0,0.0,0.0,0.3459142328139484,0.0,0.0,0.0,0.3358392965952179,0.0,0.0,0.1328602162439406,0.2549848178343999,0.1578590750360867,0.0,0.0,0.0,0.0,0.0,0.0,0.0,0.0,0.0,0.0,0.0,0.0,0.0,0.0,0.0,0.0,0.0,0.0,0.0,0.0,0.0,0.0,0.0,0.0,0.0,0.0,0.0,0.0,0.0,0.0,0.0,0.0,0.0,0.0,0.0,0.0,0.0,0.0,0.0
0.0,0.1063098387711114,0.1204969045076188,0.4151156419726609,0.0,0.251187212820129,0.3379511013719524,0.0322745984174253,0.0,0.1683776851193544,0.3016394145335644,0.1557890985465601,0.3338696931497762,0.2351420082114439,0.0,0.0,0.0,0.0,0.0841586588063345,0.0775949995083407,0.0,0.0,0.2919129239799943,0.0,0.1008302527242381,0.0,0.1971398522148859,0.4895498737355636,0.2045421368311172,0.0,0.2269378020702686,0.2864034047058102,0.0,0.0255486315445788,0.1871001175772605,0.2421244768626063,0.098351753861573,0.1538926339194687,0.0,0.0,0.0,0.0,-0.0040013464747032,0.0,0.0,0.0,0.0,0.13390513170697,0.0,0.0,0.0,0.0,0.2700527004276852,0.0868640819008741,0.0,0.197067508088282,0.0,0.0,0.0,0.0,0.0,0.0,0.0,0.0,0.0,0.0,0.0,0.232911289302005,0.0,0.0,0.0,0.111106499920787,0.0,0.0,0.0,0.0
0.2996153243949488,0.4043511812318331,0.3293650737786806,0.0,0.251187212820129,0.0,0.1350207059565578,0.2689632406971349,0.2209735165871708,0.3594736134370589,0.2676176128322262,0.0,0.402511910777806,0.1105590159438874,0.1652140174318455,0.0423876769853495,0.0,0.1001251115223215,0.3819298057750471,0.3255663517153734,0.3113240986699768,0.2682226495557154,0.5582426216135324,0.0,0.3861394814112474,0.4984717415463385,0.4243056853356631,0.3378413871123795,0.4286703247816922,0.3004275372942337,0.2482049591410096,0.0806708981541905,0.0,0.148536432846312,0.0809496933626432,0.1162681719891467,-0.0013915747548319,0.0,0.0871904423157251,0.0,0.0,0.0,-0.0055815304454563,0.0,0.0,0.0,0.0,0.5116408719127472,0.0,0.0,0.3909590430185217,0.2902742410039392,0.440853737259111,0.319984175459756,0.0,0.2471729000366586,0.0,0.2709147795241777,0.0,0.2316916999016673,0.0,0.0,0.0,0.3439161840766265,0.4169056587477282,0.3301818666061659,0.2825952143566653,0.4940404746304884,0.0,0.0,0.0,0.4251353525793506,0.0918238777176476,0.3210017641836011,0.0,0.0
0.0,0.1686835877590037,0.2164136830482628,0.3392457068183052,0.3379511013719524,0.1350207059565578,0.0,0.1548882988894503,0.122398515155711,0.2239000763852589,0.2906507506622688,0.3088649004369815,0.413079320126321,0.2343095952898136,0.0,0.0,0.045636796815329,0.0,0.094403630654798,0.2400257259340431,0.0,0.2263352673361073,0.1751114433316384,0.0,0.0704216634681915,0.2095323346193339,0.208380316452265,0.3424695149808328,0.2950341557925627,0.0,0.1613745136093385,0.340490510727552,0.0,0.0,0.1818172484082378,0.253973353364247,0.2921252397102945,0.1330335406885463,0.0,0.0,0.0,0.0,0.0,0.0,0.0,0.0,0.0,0.0,0.0,0.0,0.0,0.0,0.0,0.0,0.0,0.0,0.0,0.0,0.0,0.0,0.0,0.0,0.0,0.0,0.0,0.0,0.0,0.0545047082212251,0.0,0.0,0.0,0.060599850725451,0.0,0.0,0.0,0.0
0.2397576991091751,0.3133612555495605,0.3686491677181897,0.0109839101630094,0.0322745984174253,0.2689632406971349,0.1548882988894503,0.0,0.3263925969306777,0.0581944459942181,0.2778206025222579,0.0,0.3462708135357193,0.0725388537625269,0.2744335136445607,0.0438844544143881,0.0,0.0441406369653651,0.3116931664666527,0.2278244232185708,0.2591589103011315,0.249980290470821,0.3203374983134699,0.0,0.1250112709632594,0.1920170706301566,0.1246405895017774,0.0901432880169182,0.183544210412279,0.0796271085654954,0.0,0.1327316629381367,0.1645010251291056,0.0,0.0,0.0980333442588089,0.0767417219620229,0.0,0.0153984060910989,0.0,0.0,0.0,0.2340849802043042,0.0,0.0,0.0,0.0,0.144455062356615,0.0,0.24774222447239,0.1493604721925224,0.2278629175451531,0.453816233924545,0.2214103639377307,0.0,0.2542170401774584,0.0,0.1346815213223707,0.1997927945933671,0.151178218951363,0.0,0.0,0.0,0.2863235358962904,0.0419784538639169,0.1626883148220843,0.0,0.1545104950127112,0.0,0.0,0.0,0.0118469665046891,0.1008141890719487,0.0342892490010149,0.0,0.0
0.0,0.1993243593508961,0.3008578283427846,0.0,0.0,0.2209735165871708,0.122398515155711,0.3263925969306777,0.0,0.1279426918545511,0.239453118510726,0.1184888262905991,0.0763738526962713,0.0919762884884799,0.0,0.1098136675192541,0.0,0.0,0.4148537253459551,0.2943318369149587,0.0,0.3134647490049374,0.1179359262508331,0.0,0.0,0.0,0.3007478907193606,0.0,0.3152549661414583,0.0,0.0,0.0,0.3697397990320197,0.0,0.0,0.0,0.0,0.0,0.0,0.0,0.0,0.0,0.1655136674507652,0.0,0.0,0.0,0.0,0.2207360196327004,0.0,0.0,0.1568912230111275,0.0,0.1772889627968985,0.4480684752836065,0.0,0.2561644848140779,0.0,0.0,0.3748810442231593,0.0,0.0,0.0,0.0,0.3426374059397168,0.0,0.0,0.0,0.0435372169877916,0.0,0.0,0.0,0.1982548599535537,0.0,0.0,0.0,0.0
0.2864835239059464,0.0,0.3034959455476794,0.0,0.1683776851193544,0.3594736134370589,0.2239000763852589,0.0581944459942181,0.1279426918545511,0.0,0.3604294238109006,0.4402747255590642,0.2276763803095506,0.2180182268980366,0.0,0.0155593430923772,0.5767665319216961,0.0,0.3404812256198801,0.0,0.0,0.2802139770725082,0.3953488739262308,0.3488155671814114,0.1479142254484629,0.2687206550706964,0.4785303977175844,0.2599246696126106,0.0,0.0,0.4036985488938112,0.2187230186968912,0.0,0.2417015148371899,0.1845569589351468,0.248868316542995,0.1931738618744526,0.4055967497173449,0.08475848964908,0.0,0.0,0.0,0.0,0.0,0.0,0.0,0.0,0.0,0.0,0.0,0.0,0.0,0.0,0.0,0.2642243388163089,0.0,0.3382761886431427,0.0,0.0,0.0,0.0,0.0,0.1066215196636602,0.0,0.0,0.0,0.0,0.0,0.0,0.3261011898960597,0.358344479484193,0.0,0.0,0.0,0.0,0.0
0.0,0.0,0.3960970157023222,0.1000067670680401,0.3016394145335644,0.2676176128322262,0.2906507506622688,0.2778206025222579,0.239453118510726,0.3604294238109006,0.0,0.3484192832880315,0.3470686714743337,0.2994522132640086,0.0,0.0,0.0,0.0,0.4417650855702504,0.0,0.0,0.0,0.3347961470959221,0.0,0.0,0.0,0.3574781173852021,0.3009514719259522,0.0,0.0,0.2704860045617596,0.2669684108656752,0.0,0.0785462444860057,0.2521993028364929,0.3826091372206315,0.2995658671811349,0.3051848182303532,0.0492559568483726,0.0,0.0,0.0,0.3475900603207403,0.0,0.0,0.0,0.0,0.1665451449287037,0.0,0.4473967545031246,0.0,0.2776170119973112,0.4020944856249659,0.3146235039702434,0.0,0.5807982708642275,0.0,0.0,0.1420142702824537,0.0,0.0,0.0,0.0,0.2181471776076492,0.0,0.0,0.0,0.1798479502988997,0.0,0.0,0.0,0.1796538572874099,0.0,0.0,0.0,0.0
0.2778764891407078,0.0,0.0,0.0,0.1557890985465601,0.0,0.3088649004369815,0.0,0.1184888262905991,0.4402747255590642,0.3484192832880315,0.0,0.3500516534518432,0.0,0.0,0.0,0.291092595325048,0.0,0.0,0.0,0.0,0.0,0.0,0.1370601275484678,0.0406085030715426,0.3307097803132994,0.0,0.2825069787229435,0.0,0.0,0.2309471592342885,0.2321525980773902,0.0002843217702952,0.1297854268576665,0.2172101932372216,0.327599805736398,0.2957431986040744,0.3691689697718021,0.0,0.0,0.0,0.0,0.0,0.0,0.0725794016646678,0.0,0.0,0.0,0.0,0.0,0.0,0.0,0.0,0.0,0.4591679049264871,0.0,0.5643754122140049,0.0,0.0,0.0,0.0,0.0,0.0,0.0,0.0,0.0,0.0,0.0,0.0,0.1253512264651749,0.2633183263805853,0.0,0.0,0.0,0.0,0.0
0.0,0.3492126114321464,0.3078398159998521,0.2083843588673374,0.3338696931497762,0.402511910777806,0.413079320126321,0.3462708135357193,0.0763738526962713,0.2276763803095506,0.3470686714743337,0.3500516534518432,0.0,0.1718096227526777,0.1522569773242824,0.0,0.1274165525538523,0.0,0.2101740489422932,0.2500299350926938,0.3453689301719214,0.1918613085955218,0.4077895909055601,0.0892659042849682,0.1456923416154514,0.4059130217348327,0.2023048480687372,0.5045539528662437,0.2906315128046607,0.4532730698085789,0.2407391800237574,0.2827146542149916,0.0,0.1665810219382382,0.2715686321029875,0.3022115230787112,0.1966811305321411,0.215185145747595,0.1016085260414942,0.0,0.0,0.0,0.1349750299365937,0.0,0.0,0.0,0.0,0.1662989501604579,0.0,0.0,0.0702433446544274,0.0,0.4582441361265297,0.0,0.0,0.0,0.0,0.0,0.0,0.0,0.0,0.0,0.0,0.0,0.0,0.0,0.0,0.2326366857721117,0.0,0.0,0.0,0.1312975005333599,0.0,0.1333532760852401,0.0,0.0
0.0,0.0,0.2763773700596311,0.1577483500268839,0.2351420082114439,0.1105590159438874,0.2343095952898136,0.0725388537625269,0.0919762884884799,0.2180182268980366,0.2994522132640086,0.0,0.1718096227526777,0.0,0.0,0.0,0.0,0.0,0.1548649571525235,0.0,0.1486623954321622,0.0,0.1397663440180552,0.0,0.0,0.0,0.2369870160663355,0.2280638497117239,0.0,0.0,0.1846908472397888,0.2810626775457002,0.0,0.0,0.0,0.4018429627792805,0.3828990386784739,0.0,0.0,0.0,0.0,0.0,0.3066531395687281,0.0,0.0,0.0,0.0,0.0,0.0,0.0,0.0,0.0,0.0,0.0167118940575383,0.0,0.1601174623894556,0.0,0.0,0.0,0.0,0.0,0.0,0.0,0.0,0.0,0.0,0.0,0.0256727692946227,0.0,0.0,0.0,0.0,0.0,0.0,0.0,0.0
0.3423046094846739,0.2105573783890077,0.0,0.0,0.0,0.1652140174318455,0.0,0.2744335136445607,0.0,0.0,0.0,0.0,0.1522569773242824,0.0,0.0,0.0805655375621194,0.0,0.0324954145656628,0.0,0.436581764822397,0.3453083918546381,0.4664641316255549,0.0807963862995588,0.0,0.118559341330713,0.1128078965194238,0.3031573161988813,0.0272234918997744,0.297280707455039,0.0,0.000674573845435,0.1606750696166554,0.1755295510716273,0.0,0.0,0.045894387826235,0.0,0.0,0.0638848320175703,0.0931315734457289,0.0,0.0,0.0,0.0,0.0,0.0,0.176432419504846,0.0,0.0,0.0,0.0153667730399246,0.0,0.218737692866819,0.0,0.0,0.0,0.0,0.0,0.0,0.391281454771308,0.0,0.0,0.0,0.0,0.1360170916459503,0.2047196385157748,0.0978232273024957,0.0142993149510283,0.0,0.0,0.1490765371112382,0.1050831989258674,0.098423750044847,0.0879815771043838,0.0,0.0
-0.0341079027132352,0.0240421744717803,0.0,0.0,0.0,0.0423876769853495,0.0,0.0438844544143881,0.1098136675192541,0.0155593430923772,0.0,0.0,0.0,0.0,0.0805655375621194,0.0,0.0606422243054659,0.5593056979972553,0.0,0.0807626972062431,0.0103155610334764,0.2669713249763517,0.0475610565265799,0.147414692913433,0.1895357855628673,0.0,0.0778977381902403,0.0,0.0808570034444725,0.0,-0.0060851816554366,0.0,0.3020188198132211,0.1362737927631515,0.0,0.0,0.0,0.0,0.0569884939192694,0.2964475970336752,0.2872788278466054,0.1580536034481461,0.0,0.0,0.0,0.0,0.1667255226448308,0.0,0.0,0.0,0.0,0.0,0.0,0.0,0.0,0.0,0.0,0.0,0.0,0.2631294409716015,0.384247200875336,0.0,0.2367612124407967,0.0,0.1965172626886214,0.143910761639457,0.3809330298132705,0.0,0.0,0.148756451341538,0.0709349799123587,0.0,0.0,0.0,0.0,0.3035748745941656
0.1192661941314975,0.0,0.0,0.0,0.0,0.0,0.045636796815329,0.0,0.0,0.5767665319216961,0.0,0.291092595325048,0.1274165525538523,0.0,0.0,0.0606422243054659,0.0,0.1091034102986493,0.0,0.2264308662629391,0.0,0.11984371145494,0.0,0.4625364203961764,0.1564313124884206,0.1499758097376204,0.0,0.1818060310565131,0.0,0.0,0.3607627977598368,0.0227507842549817,0.0,0.3029517522487905,0.091783946955139,0.0,0.0,0.3810257411245415,0.0,0.0,0.0,0.0,0.0,0.0,0.0,0.0,0.0,0.0,0.0,0.0,0.0,0.0,0.0,0.0,0.1113203407111993,0.0,0.2068529118252249,0.0,0.0,0.0,0.0,0.0,0.1705418388150953,0.0,0.0,0.0,0.0,0.0,0.0,0.2766418209610384,0.282888964811722,0.0,0.0,0.0,0.0,0.0
-0.0030104933025592,0.1451343912525325,0.0,0.0,0.0,0.1001251115223215,0.0,0.0441406369653651,0.0,0.0,0.0,0.0,0.0,0.0,0.0324954145656628,0.5593056979972553,0.1091034102986493,0.0,0.0,0.0,0.0,0.1782719314871407,0.0213577289397715,0.2294916584416228,0.3325199180269473,0.0418363144814081,0.0,0.0,0.054122757389278,0.0,0.0,0.0,0.2492709095976832,-0.0166186636333753,0.0,0.0,0.0,0.0,0.0650737327102968,0.4151782254654724,0.4170365482012896,0.2185588211384235,0.0,0.0,0.0,0.0,0.1992384744608014,0.0,0.0,0.0,0.0,0.0,0.0,0.0,0.0,0.0,0.0,0.0,0.0,0.0,0.5370439207039478,0.4952265927281403,0.4324352776413389,0.0,0.0,0.0,0.4775832831172986,0.0,0.4369372643906261,0.2144342326328568,0.1254194973814689,0.0,0.0,0.0,0.0,0.452265663510728
0.0,0.0,0.4546303249405624,0.0,0.0841586588063345,0.3819298057750471,0.094403630654798,0.3116931664666527,0.4148537253459551,0.3404812256198801,0.4417650855702504,0.0,0.2101740489422932,0.1548649571525235,0.0,0.0,0.0,0.0,0.0,0.0,0.0,0.0,0.3651331162188314,0.0,0.0,0.0,0.368739800855103,0.1335548125480891,0.0,0.0,0.1284871638004839,0.0,0.0,0.0173139930748706,0.0190356614866198,0.1223822155204153,0.1026775319443838,0.0,0.0,0.0,0.0,0.0,0.2245602939482585,0.0,0.0,0.0,0.0,0.4162879796234843,0.0,0.0,0.2144500005634327,0.0,0.3530902914304627,0.4356431877238209,0.0,0.4075323580426983,0.0,0.0,0.2496855384190183,0.0,0.0,0.0,0.0,0.5314597447829057,0.0,0.0,0.0,0.2635654002667754,0.0,0.0,0.0,0.3043146169066019,0.0,0.0,0.0,0.0
0.3976822523210653,0.1271262560946064,0.0,0.0,0.0775949995083407,0.3255663517153734,0.2400257259340431,0.2278244232185708,0.2943318369149587,0.0,0.0,0.0,0.2500299350926938,0.0,0.436581764822397,0.0807626972062431,0.2264308662629391,0.0,0.0,0.0,0.3443848551416162,0.528019929818075,0.3262981320597564,0.0,0.0576196721313605,0.1923493461453422,0.5426928148940802,0.1875569938184683,0.5313120873568076,0.2900833139076226,0.3033843528140231,0.223668058420566,0.0984909120137894,0.0762889959637101,0.1077681146313446,0.2388467210918968,0.2940851935490348,0.0,0.0012417237898431,0.0,0.0,0.0,0.0,0.0,0.0,0.0,0.2704746048630146,0.0,0.0,0.0,-0.0146929453712409,0.0,0.2840501714770673,0.0,0.0,0.0,0.0,0.0,0.0,0.2003388566459859,0.0,0.0,0.0,0.0,0.2188684647198268,0.1492409559077953,0.0565131563619494,0.1889551514601716,0.0,0.0,0.2697271776629953,0.263814973753685,0.0,0.1769860848707913,0.0,0.0
0.4225907219490774,0.2471585599781111,0.0,0.0,0.0,0.3113240986699768,0.0,0.2591589103011315,0.0,0.0,0.0,0.0,0.3453689301719214,0.1486623954321622,0.3453083918546381,0.0103155610334764,0.0,0.0,0.0,0.3443848551416162,0.0,0.2815273542118278,0.3829628747837702,0.1086118377954581,0.226701661803554,0.2678951849388505,0.3439991020751755,0.2939771657583505,0.3328162109907827,0.2811824875765086,0.2045930708797584,0.2730507242725967,-0.003269042035072,0.1251060205459676,0.1485458125926562,0.2062339085450156,0.0,0.0,0.2149661754823368,0.0,0.0,0.0,0.0,0.0,0.0,0.4283308051308746,0.373455762063579,0.0,0.0,0.0,0.1606571402665726,0.0,0.4520795888001223,0.0,0.0,0.0,0.0,0.0,0.0,0.2872654359732947,0.0,0.0,0.0,0.0,0.237096930876938,0.4265583730147945,0.0760378732683488,0.3386871681693166,0.0,0.330782658240533,0.3571219200893661,0.3121200689129262,0.0933962119143821,0.3055339201098904,0.0,0.0
0.4299158746104541,0.2687268931513188,0.0,0.0,0.0,0.2682226495557154,0.2263352673361073,0.249980290470821,0.3134647490049374,0.2802139770725082,0.0,0.0,0.1918613085955218,0.0,0.4664641316255549,0.2669713249763517,0.11984371145494,0.1782719314871407,0.0,0.528019929818075,0.2815273542118278,0.0,0.238025004058655,0.0,0.2229213683536928,0.2283899725355662,0.4204208983376463,0.0452978691600693,0.4320198461864197,0.0786726980576264,0.1133927391055596,0.1627428542290026,0.2270426844464999,0.0047074548688738,0.0,0.0524029122853987,0.1672802471073766,0.0,0.0272836516169116,0.0593756894515883,0.0,0.0,0.0,0.0,0.0,0.317431498413425,0.3059719918585157,0.0,0.0,0.0,0.1208483403828966,0.0,0.0,0.0,0.0,0.0,0.0,0.0,0.0,0.2648990840867239,0.0,0.0,0.0795667022979494,0.0,0.1887696481140001,0.1708852680139409,0.1877318180007736,0.1521975441683047,0.0,0.2379797532848758,0.2833941194827679,0.2374404530754919,0.0,0.2298395858357654,0.0,0.0
0.3204626130350035,0.3097422190630669,0.3595801464290294,0.0,0.2919129239799943,0.5582426216135324,0.1751114433316384,0.3203374983134699,0.1179359262508331,0.3953488739262308,0.3347961470959221,0.0,0.4077895909055601,0.1397663440180552,0.0807963862995588,0.0475610565265799,0.0,0.0213577289397715,0.3651331162188314,0.3262981320597564,0.3829628747837702,0.238025004058655,0.0,0.3650527746033238,0.2985919898642803,0.4582097933919131,0.4512850798642096,0.3784100209904092,0.3833913819876242,0.3534348411738951,0.3358702396931057,0.201043047909729,0.0,0.2535601457704521,0.2160548596301236,0.2106501764646399,0.073408625009267,0.0,0.1732664035436932,0.0,0.0,0.0,0.0591314632140318,0.0,0.0,0.0,0.4723183564602414,0.4662115755951675,0.0,0.326891398335408,0.3124411937225415,0.3456921703663561,0.551660645649037,0.295513816976655,0.0,0.290165568802864,0.0,0.2498169595450589,0.005533160465568,0.1684248448558586,0.0,0.0,0.0,0.3173567249973564,0.3759143650101088,0.3556899782305706,0.2102034297041873,0.5916457450394043,0.0,0.0,0.5023698222066074,0.4169676692954165,-0.0007411585722921,0.3249096909898474,0.0,0.0
0.0861020008075267,0.0,0.0,0.0,0.0,0.0,0.0,0.0,0.0,0.3488155671814114,0.0,0.1370601275484678,0.0892659042849682,0.0,0.0,0.147414692913433,0.4625364203961764,0.2294916584416228,0.0,0.0,0.1086118377954581,0.0,0.3650527746033238,0.0,0.3285436144641252,0.3294187595474148,0.1843791661369012,0.1780251958020753,0.0,0.0,0.220509003448752,0.0,0.0,0.3017341007552179,0.0186572181818885,0.0249515878169175,0.0,0.2352234593757614,0.0956055666663291,0.0,0.1206665081767831,0.0,0.0,0.0,0.1262403061608679,0.0848217312569762,0.0,0.0,0.0,0.0,0.0,0.0,0.0,0.0,0.0,0.0,0.1292152723864368,0.0,0.0,0.0,0.1586099482691149,0.0969476211505859,0.3562221867784905,0.0,0.0,0.0,0.0,0.0,0.3520521940058848,0.31333795914918,0.3674079545733141,0.0,0.0,0.0,0.0,0.0884722573593245
0.2709059081129421,0.5138802812613169,0.0,0.0,0.1008302527242381,0.3861394814112474,0.0704216634681915,0.1250112709632594,0.0,0.1479142254484629,0.0,0.0406085030715426,0.1456923416154514,0.0,0.118559341330713,0.1895357855628673,0.1564313124884206,0.3325199180269473,0.0,0.0576196721313605,0.226701661803554,0.2229213683536928,0.2985919898642803,0.3285436144641252,0.0,0.4464313114907312,0.177127863523845,0.0864713546250453,0.1388574752741681,0.0,0.0,0.0,0.0,0.0,0.0,0.0,0.0,0.0,0.2162907762333441,0.2264259636573744,0.2372931823678652,0.0738592259677682,0.0,0.0,0.0,0.1886237706370293,0.4605717064780725,0.0,0.0,0.0,0.0,0.0,0.0,0.0,0.0,0.0,0.0357207210579376,0.0,0.0,0.0,0.324872389923767,0.3187933730144295,0.4554025494566437,0.0,0.406048062225935,0.3600722579991402,0.473965932514244,0.0,0.3418918522200975,0.5005437838869613,0.4785958903645151,0.0,0.0,0.0,0.0,0.2474672308047944
0.3905473260529727,0.5458061116927383,0.0,0.0,0.0,0.4984717415463385,0.2095323346193339,0.1920170706301566,0.0,0.2687206550706964,0.0,0.3307097803132994,0.4059130217348327,0.0,0.1128078965194238,0.0,0.1499758097376204,0.0418363144814081,0.0,0.1923493461453422,0.2678951849388505,0.2283899725355662,0.4582097933919131,0.3294187595474148,0.4464313114907312,0.0,0.2513981662717073,0.4124134664954355,0.2329818964139303,0.0,0.1186958974355891,0.1179026214816904,0.0,0.0593098689357242,0.1069667635196165,0.1775121291972006,0.0,0.1293006608659458,0.1036503957939891,0.0,0.0,0.0,0.0,0.0,0.0026712626387491,0.3274823825067419,0.421599967491465,0.0,0.0,0.0,0.0,0.0,0.0,0.0,-0.01140899437706,0.0,0.2737469863794168,0.0,0.0,0.1607818825231823,0.0,0.0,0.2597890951206985,0.0,0.365006039179074,0.2865915604267995,0.2095809157070194,0.4072989831174134,0.1153296040603269,0.3863952937549299,0.5513893999474573,0.318114945480801,0.0,0.2715716724671273,0.0,0.0
0.3507838175768772,0.1405006688803804,0.3662043325368052,0.0,0.1971398522148859,0.4243056853356631,0.208380316452265,0.1246405895017774,0.3007478907193606,0.4785303977175844,0.3574781173852021,0.0,0.2023048480687372,0.2369870160663355,0.3031573161988813,0.0778977381902403,0.0,0.0,0.368739800855103,0.5426928148940802,0.3439991020751755,0.4204208983376463,0.4512850798642096,0.1843791661369012,0.177127863523845,0.2513981662717073,0.0,0.2047330268265947,0.5153754716336199,0.2621801899197087,0.3448400288808693,0.1964336597922403,-0.0080480355850072,0.1396212442084108,0.1311902524710444,0.1903159505950882,0.1682451242365004,0.0,0.0773960908855475,0.0,0.0,0.0,0.1934448480898719,0.0,0.0,0.0,0.4218684619224223,0.4255253840703885,0.0,0.0,0.1475511854281837,0.3486377920267404,0.3300456621009864,0.4198413855647576,0.0,0.3468030667292214,0.0,0.0554432286346833,0.1897142096786957,0.1801524877710146,0.0,0.0,0.0,0.2454635061624098,0.3243550378343064,0.2187455316790981,0.1661602678647853,0.3961645789075199,0.0,0.0,0.3901212438843384,0.4836654945080714,0.0,0.3033955060412009,0.0,0.0
0.2892076292349349,0.1876009634892191,0.2245604461638787,0.3459142328139484,0.4895498737355636,0.3378413871123795,0.3424695149808328,0.0901432880169182,0.0,0.2599246696126106,0.3009514719259522,0.2825069787229435,0.5045539528662437,0.2280638497117239,0.0272234918997744,0.0,0.1818060310565131,0.0,0.1335548125480891,0.1875569938184683,0.2939771657583505,0.0452978691600693,0.3784100209904092,0.1780251958020753,0.0864713546250453,0.4124134664954355,0.2047330268265947,0.0,0.2357623146887767,0.5839343520792825,0.3511358502709268,0.3175506785105199,0.0,0.2149191617667312,0.3362780104713847,0.4052795317493411,0.2326105129956,0.3281875555346702,0.1498607229341291,0.0,0.0,0.0,0.0936903599716423,0.0,0.0,0.0,0.0,0.0,0.0,0.0,-0.0149315711048147,0.0,0.3675641746151968,0.0,0.0,0.0,0.0,0.0,0.0,0.0259469391024019,0.0,0.0,0.0,0.0,0.2298925731272739,0.1911549111697041,0.0,0.289291631860068,0.0,0.0,0.0,0.1467144601681562,0.0,0.141966390502328,0.0,0.0
0.4106040869792427,0.1437205247365067,0.0,0.0,0.2045421368311172,0.4286703247816922,0.2950341557925627,0.183544210412279,0.3152549661414583,0.0,0.0,0.0,0.2906315128046607,0.0,0.297280707455039,0.0808570034444725,0.0,0.054122757389278,0.0,0.5313120873568076,0.3328162109907827,0.4320198461864197,0.3833913819876242,0.0,0.1388574752741681,0.2329818964139303,0.5153754716336199,0.2357623146887767,0.0,0.302499228524245,0.3155798138629547,0.1474067356630259,0.1064235460847067,0.0763669275871744,0.09180204415143,0.1824276635850156,0.1666094942304465,0.0,0.0,0.0,0.0,0.0,0.0,0.0,0.0,0.0,0.3106454820821968,0.0,0.0,0.0,0.1064895140728497,0.0,0.2760672496266718,0.0,0.0,0.0,0.0,0.0663825876790971,0.0,0.1298257069632729,0.0,0.0,0.0,0.0,0.2719135963873251,0.1834316981854548,0.1007466822681479,0.2614522087567588,0.0,0.0,0.3242966528688986,0.3341785457539112,0.0,0.3377972795083361,0.0,0.0
0.0,0.0,0.3108618134670997,0.0,0.0,0.3004275372942337,0.0,0.0796271085654954,0.0,0.0,0.0,0.0,0.4532730698085789,0.0,0.0,0.0,0.0,0.0,0.0,0.2900833139076226,0.2811824875765086,0.0786726980576264,0.3534348411738951,0.0,0.0,0.0,0.2621801899197087,0.5839343520792825,0.302499228524245,0.0,0.4235532321351096,0.3690124307642,0.0,0.2345619602761432,0.3972391726411857,0.0,0.0,0.0,0.0700617302734626,0.0,0.0,0.0,0.0,0.0,0.0,0.0,0.0,0.0,0.0,0.0,0.0,0.0,0.0,0.0,0.0,0.0,0.0,0.0,0.0,0.0,0.0,0.0,0.0,0.0,0.1398453359181188,0.0,0.0,0.1945311201932771,0.0,0.0,0.0,0.0981842372595665,0.0,0.0,0.0,0.0
0.1271275676299261,0.0,0.1485445448161741,0.0,0.2269378020702686,0.2482049591410096,0.1613745136093385,0.0,0.0,0.4036985488938112,0.2704860045617596,0.2309471592342885,0.2407391800237574,0.1846908472397888,0.000674573845435,-0.0060851816554366,0.3607627977598368,0.0,0.1284871638004839,0.3033843528140231,0.2045930708797584,0.1133927391055596,0.3358702396931057,0.220509003448752,0.0,0.1186958974355891,0.3448400288808693,0.3511358502709268,0.3155798138629547,0.4235532321351096,0.0,0.2346084485035087,0.0,0.507971765806734,0.4303031930008641,0.3253030258130793,0.2787767538109177,0.4782753612348114,0.0851993373419202,0.0,0.0,0.0,0.0,0.0,0.0,0.2251139571551694,0.172952719058978,0.0,0.0,0.0,0.0,0.0,0.2142832896640559,0.0,0.0492107835939314,0.0,0.1752296729180568,0.0,0.0,0.0630789474641757,0.0,0.0,0.0,0.0,0.2280145625567,0.1354452568089987,-0.0102282286692288,0.2619963175673327,0.0,0.1366994876097983,0.1677760618291703,0.2133238387841502,0.0,0.1247853651629655,0.0,0.0
0.2624389430891263,0.0612459936383215,0.107204790793126,0.3358392965952179,0.2864034047058102,0.0806708981541905,0.340490510727552,0.1327316629381367,0.0,0.2187230186968912,0.2669684108656752,0.2321525980773902,0.2827146542149916,0.2810626775457002,0.1606750696166554,0.0,0.0227507842549817,0.0,0.0,0.223668058420566,0.2730507242725967,0.1627428542290026,0.201043047909729,0.0,0.0,0.1179026214816904,0.1964336597922403,0.3175506785105199,0.1474067356630259,0.3690124307642,0.2346084485035087,0.0,0.0,0.0537115902542564,0.2986680768597409,0.3451383172633259,0.2619513495596849,0.1936084446150083,0.3780933833866458,0.0,0.0,0.0,0.1841565881768931,0.0277449721502016,0.0,0.2503408754335566,0.0786723888251397,0.0141862856717563,0.0,0.0,0.0,0.0,0.3047233553982931,0.0511418638754943,0.0976015327386726,0.1963940235435857,0.2532549981248312,0.0,0.0,0.0,0.0,0.0,0.0,0.0,0.0,0.0,0.0,0.1160430090256624,0.0,0.0293485733781669,0.0591022328564597,-0.0066959410092447,0.0,0.0,0.0,0.0
0.1033501509071188,-0.0028515505050208,0.0,0.0,0.0,0.0,0.0,0.1645010251291056,0.3697397990320197,0.0,0.0,0.0002843217702952,0.0,0.0,0.1755295510716273,0.3020188198132211,0.0,0.2492709095976832,0.0,0.0984909120137894,-0.003269042035072,0.2270426844464999,0.0,0.0,0.0,0.0,-0.0080480355850072,0.0,0.1064235460847067,0.0,0.0,0.0,0.0,0.0,0.0,0.0,0.0,0.0,0.0,0.3928414461587436,0.1774921701796863,0.1505908084304831,0.0,0.0,0.134003530697236,0.0,0.0,0.0,0.0,0.0,0.0,0.0,0.0,0.0,0.1985668397573061,0.0,0.0,0.0,0.0,0.0467413720339981,0.1965010109982287,0.264041289998737,0.0,0.0,0.0,0.0,0.0338250904774934,0.0,0.070599811083504,0.0,0.0,0.0,0.0,0.0016149234646321,0.0,0.1902305993846157
0.0,0.0,0.0372730160045108,0.0,0.0255486315445788,0.148536432846312,0.0,0.0,0.0,0.2417015148371899,0.0785462444860057,0.1297854268576665,0.1665810219382382,0.0,0.0,0.1362737927631515,0.3029517522487905,-0.0166186636333753,0.0173139930748706,0.0762889959637101,0.1251060205459676,0.0047074548688738,0.2535601457704521,0.3017341007552179,0.0,0.0593098689357242,0.1396212442084108,0.2149191617667312,0.0763669275871744,0.2345619602761432,0.507971765806734,0.0537115902542564,0.0,0.0,0.4113487815740649,0.1400418493797527,0.1309804225077062,0.4465117536018381,0.1110444381037241,0.0,0.0,0.0,0.0232251685164722,0.0,0.2627403643105938,0.0485045398915969,0.1497112307645645,0.0,0.0,0.0,0.0105019432819234,0.0,0.1488875175772918,0.0,0.0,0.0,0.1359001468370539,0.0,0.0,0.1433634435193909,0.0,0.0,0.0316071257481756,0.0,0.2008546452473941,0.1819185592128644,0.0924233102542155,0.2144041715825255,0.0,0.1097977464729361,0.1114637184978362,0.1570950322757797,0.0,0.1240039137337718,0.0,0.0
0.0548842146000285,0.0,0.0893135853008662,0.1328602162439406,0.1871001175772605,0.0809496933626432,0.1818172484082378,0.0,0.0,0.1845569589351468,0.2521993028364929,0.2172101932372216,0.2715686321029875,0.0,0.0,0.0,0.091783946955139,0.0,0.0190356614866198,0.1077681146313446,0.1485458125926562,0.0,0.2160548596301236,0.0186572181818885,0.0,0.1069667635196165,0.1311902524710444,0.3362780104713847,0.09180204415143,0.3972391726411857,0.4303031930008641,0.2986680768597409,0.0,0.4113487815740649,0.0,0.3702733750937222,0.414364118369471,0.4740715211244919,0.0839473650098713,0.0,0.0,0.0,0.179902964746371,0.0670948659176026,0.2355953485354771,0.0,0.0176220046152419,0.0,0.0,0.0,0.0,0.0,0.0,0.0,0.0,0.0,0.2797858541391351,0.0,0.0,0.0,0.0,0.0,0.0,0.0,0.0,0.0277834646569913,0.0,0.1036396673157058,0.0,0.0,0.0694359727393337,0.0245436085694824,0.0,0.0,0.0,0.0
0.0,0.0,0.2685046370366948,0.2549848178343999,0.2421244768626063,0.1162681719891467,0.253973353364247,0.0980333442588089,0.0,0.248868316542995,0.3826091372206315,0.327599805736398,0.3022115230787112,0.4018429627792805,0.045894387826235,0.0,0.0,0.0,0.1223822155204153,0.2388467210918968,0.2062339085450156,0.0524029122853987,0.2106501764646399,0.0249515878169175,0.0,0.1775121291972006,0.1903159505950882,0.4052795317493411,0.1824276635850156,0.0,0.3253030258130793,0.3451383172633259,0.0,0.1400418493797527,0.3702733750937222,0.0,0.485650482803226,0.3665596692388191,0.0493687707821602,0.0,0.0,0.0,0.4155043015618537,0.2486791987724142,0.0,0.0,0.0,0.0,0.0,0.0,0.0,0.0759711294591991,0.260604312503808,0.0,0.0,0.2759954194275241,0.2675783476312852,0.0,0.0813616825650554,0.0,0.0,0.0,0.0,0.0,0.0,0.0,0.0,0.0589425831195709,0.0,0.0,0.0,0.0,0.0,0.0,0.0,0.0
0.0,0.0,0.2138252295475213,0.1578590750360867,0.098351753861573,-0.0013915747548319,0.2921252397102945,0.0767417219620229,0.0,0.1931738618744526,0.2995658671811349,0.2957431986040744,0.1966811305321411,0.3828990386784739,0.0,0.0,0.0,0.0,0.1026775319443838,0.2940851935490348,0.0,0.1672802471073766,0.073408625009267,0.0,0.0,0.0,0.1682451242365004,0.2326105129956,0.1666094942304465,0.0,0.2787767538109177,0.2619513495596849,0.0,0.1309804225077062,0.414364118369471,0.485650482803226,0.0,0.2984158478733071,0.0,0.0,0.0,0.0,0.0,0.0,0.0,0.0,0.0,0.0,0.0,0.0,0.0,0.0,0.0,0.0,0.0,0.0,0.0,0.0,0.0,0.0,0.0,0.0,0.0,0.0,0.0,0.0,0.0,0.0,0.0,0.0,0.0,0.0,0.0,0.0,0.0,0.0
0.0,0.0,0.0,0.0,0.1538926339194687,0.0,0.1330335406885463,0.0,0.0,0.4055967497173449,0.3051848182303532,0.3691689697718021,0.215185145747595,0.0,0.0,0.0,0.3810257411245415,0.0,0.0,0.0,0.0,0.0,0.0,0.2352234593757614,0.0,0.1293006608659458,0.0,0.3281875555346702,0.0,0.0,0.4782753612348114,0.1936084446150083,0.0,0.4465117536018381,0.4740715211244919,0.3665596692388191,0.2984158478733071,0.0,0.029307366546819,0.0,0.0,0.0,0.0,0.0,0.2151507868626681,0.0,0.0,0.0,0.0,0.0,0.0,0.0,0.0,0.0,0.2169928556848357,0.0,0.3599834236280955,0.0,0.0,0.0,0.0,0.0,0.0,0.0,0.0,0.0,0.0,0.0,0.0,0.0,0.1289239486652165,0.0,0.0,0.0,0.0,0.0
0.083919828897916,0.0912004203230053,0.0,0.0,0.0,0.0871904423157251,0.0,0.0153984060910989,0.0,0.08475848964908,0.0492559568483726,0.0,0.1016085260414942,0.0,0.0638848320175703,0.0569884939192694,0.0,0.0650737327102968,0.0,0.0012417237898431,0.2149661754823368,0.0272836516169116,0.1732664035436932,0.0956055666663291,0.2162907762333441,0.1036503957939891,0.0773960908855475,0.1498607229341291,0.0,0.0700617302734626,0.0851993373419202,0.3780933833866458,0.0,0.1110444381037241,0.0839473650098713,0.0493687707821602,0.0,0.029307366546819,0.0,0.0,0.0462671008417409,0.0923713655961506,0.0,0.0,0.0,0.0907849612755608,0.1874019682869434,0.1753972050538434,0.0,0.0835103340535991,0.1436499669642052,0.1285422993791603,0.2245633171665882,0.0927991327327295,0.0,0.1060181835683373,0.0,0.208420085647713,0.0,0.1613093750420531,0.0273287210498699,0.0,0.1454055770935035,0.0,0.1510852303162489,0.1883555098776762,0.1420600175018959,0.2582640087288543,0.0547130072939675,0.1990358043460223,0.1576384621675041,0.1299215861123459,0.1160590913569378,0.1382548049534238,0.0591578377547337,0.0284642523378884
0.0,0.1219500966349763,0.0,0.0,0.0,0.0,0.0,0.0,0.0,0.0,0.0,0.0,0.0,0.0,0.0931315734457289,0.2964475970336752,0.0,0.4151782254654724,0.0,0.0,0.0,0.0593756894515883,0.0,0.0,0.2264259636573744,0.0,0.0,0.0,0.0,0.0,0.0,0.0,0.3928414461587436,0.0,0.0,0.0,0.0,0.0,0.0,0.0,0.5204154641790637,0.42868140196691,0.0,0.0,0.039710205622764,0.0,0.0,0.0,0.0,0.0,0.3018449067326309,0.0,0.0,0.1034756372979359,0.0,0.0,0.0,0.224422228959595,0.0,0.1880956839642407,0.5181859149686224,0.5939228437832601,0.2396296517637815,0.0,0.0368039991226514,0.0735162137570999,0.281599916147872,0.0,0.401962236777967,0.0172460466605263,0.0,0.0,0.3844066430258633,0.0899671480925743,0.465349272044782,0.5329013599841417
0.0,0.0736615139376717,0.0,0.0,0.0,0.0,0.0,0.0,0.0,0.0,0.0,0.0,0.0,0.0,0.0,0.2872788278466054,0.0,0.4170365482012896,0.0,0.0,0.0,0.0,0.0,0.1206665081767831,0.2372931823678652,0.0,0.0,0.0,0.0,0.0,0.0,0.0,0.1774921701796863,0.0,0.0,0.0,0.0,0.0,0.0462671008417409,0.5204154641790637,0.0,0.5782908504880523,0.0,0.0,0.0795285008470153,0.0,0.0,0.0639443951770804,0.0,0.0,0.3436696526560893,0.0,0.0,0.0,0.0,0.0,0.0,0.2802691386267791,0.0,0.1720811432689497,0.5738104549799333,0.5309474478252589,0.3062580876717931,0.0529717286002241,0.0987685248068466,0.1318478949809469,0.3308490466944472,0.0,0.5500565486749857,-0.0126307696077966,0.0,0.0,0.4298278694808397,0.0956017132180256,0.5488335577766194,0.6301551553709979
0.0,0.0092784471608171,0.0,0.0,0.0,0.0,0.0,0.0,0.0,0.0,0.0,0.0,0.0,0.0,0.0,0.1580536034481461,0.0,0.2185588211384235,0.0,0.0,0.0,0.0,0.0,0.0,0.0738592259677682,0.0,0.0,0.0,0.0,0.0,0.0,0.0,0.1505908084304831,0.0,0.0,0.0,0.0,0.0,0.0923713655961506,0.42868140196691,0.5782908504880523,0.0,0.0,0.0,0.2436836052483983,0.0,0.0,0.0,0.0,0.0,0.1577941908278404,0.0,0.0,0.0,0.0,0.0,0.0,0.1933549722216935,0.0,0.1045151701222185,0.412801848652769,0.3728536037910301,0.1354087643094877,0.0,0.0,0.0826232372934803,0.1101346774235381,0.0,0.4496125885575576,0.0,0.0,0.0,0.2793935327501778,0.0,0.3947986759951539,0.5472217763378096
0.0,0.0,0.2829654508060636,0.0,-0.0040013464747032,-0.0055815304454563,0.0,0.2340849802043042,0.1655136674507652,0.0,0.3475900603207403,0.0,0.1349750299365937,0.3066531395687281,0.0,0.0,0.0,0.0,0.2245602939482585,0.0,0.0,0.0,0.0591314632140318,0.0,0.0,0.0,0.1934448480898719,0.0936903599716423,0.0,0.0,0.0,0.1841565881768931,0.0,0.0232251685164722,0.179902964746371,0.4155043015618537,0.0,0.0,0.0,0.0,0.0,0.0,0.0,0.3651822605846815,0.0423597974875203,0.0,0.0,0.0,0.1151027706972364,0.2369605299870644,0.0,0.091425055416436,0.1689071320886586,0.0765537440766086,0.3031980602236331,0.3083892153814963,0.2160253142481613,0.0,0.3129425983959694,0.0,0.0,0.0,0.0,-0.0142700731833842,0.0,0.0,0.0,0.0,0.0,0.0,0.0376177343665024,0.0,0.0,0.0,0.0,0.0
0.0,0.0,0.0,0.0,0.0,0.0,0.0,0.0,0.0,0.0,0.0,0.0,0.0,0.0,0.0,0.0,0.0,0.0,0.0,0.0,0.0,0.0,0.0,0.0,0.0,0.0,0.0,0.0,0.0,0.0,0.0,0.0277449721502016,0.0,0.0,0.0670948659176026,0.2486791987724142,0.0,0.0,0.0,0.0,0.0,0.0,0.3651822605846815,0.0,0.0,0.0,0.0,0.0,0.1199385177962549,0.0908109564680386,0.0,0.0233475805899437,0.0,0.0153430356105366,0.2233544045225373,0.1019372865263577,0.0997908954625816,0.0,0.2174436950634411,0.0,0.0,0.0,0.0,0.0,0.0,0.0,0.0,0.0,0.0,0.0,0.0,0.0,0.0,0.0,0.0,0.0
0.0,0.0,0.0,0.0,0.0,0.0,0.0,0.0,0.0,0.0,0.0,0.0725794016646678,0.0,0.0,0.0,0.0,0.0,0.0,0.0,0.0,0.0,0.0,0.0,0.1262403061608679,0.0,0.0026712626387491,0.0,0.0,0.0,0.0,0.0,0.0,0.134003530697236,0.2627403643105938,0.2355953485354771,0.0,0.0,0.2151507868626681,0.0,0.039710205622764,0.0795285008470153,0.2436836052483983,0.0423597974875203,0.0,0.0,0.01969863081492,0.0,0.0,0.0,0.0,0.0,0.0182341879524324,0.0,0.0063863915518297,0.1283609159126411,0.1007393346993171,0.1418880872251849,0.0968739825749562,0.0,0.0,0.0,0.0265117510477653,0.0,0.0,0.0,0.0,0.0,0.0,0.142391255379959,0.0,0.0122455245611727,0.0,0.1022525084364539,0.0,0.0,0.063231101911417
0.519042526332574,0.2229417665026495,0.0,0.0,0.0,0.0,0.0,0.0,0.0,0.0,0.0,0.0,0.0,0.0,0.0,0.0,0.0,0.0,0.0,0.0,0.4283308051308746,0.317431498413425,0.0,0.0848217312569762,0.1886237706370293,0.3274823825067419,0.0,0.0,0.0,0.0,0.2251139571551694,0.2503408754335566,0.0,0.0485045398915969,0.0,0.0,0.0,0.0,0.0907849612755608,0.0,0.0,0.0,0.0,0.0,0.01969863081492,0.0,0.3513445909207664,0.0,0.0,0.0,0.028942271826514,0.0,0.320227035453656,0.0,0.1532101568071932,0.0,0.2067735974052388,0.0760013715073301,0.0,0.1323252601893855,0.0,0.0,0.1740487091712928,0.0,0.216806902681477,0.25192737165917,0.06804948322251,0.2436540931748147,0.0,0.3122870374919846,0.3949788855114717,0.2199897192731299,0.0451636512887512,0.3107697373696758,0.0,0.0
0.3429421670784577,0.3684288131442241,0.0,0.0,0.0,0.0,0.0,0.0,0.0,0.0,0.0,0.0,0.0,0.0,0.176432419504846,0.1667255226448308,0.0,0.1992384744608014,0.0,0.2704746048630146,0.373455762063579,0.3059719918585157,0.4723183564602414,0.0,0.4605717064780725,0.421599967491465,0.4218684619224223,0.0,0.3106454820821968,0.0,0.172952719058978,0.0786723888251397,0.0,0.1497112307645645,0.0176220046152419,0.0,0.0,0.0,0.1874019682869434,0.0,0.0,0.0,0.0,0.0,0.0,0.3513445909207664,0.0,0.0,0.0,0.0,0.3949489147059704,0.3466235501912362,0.4099905419047497,0.3748186122023292,0.041838602504113,0.0,0.0,0.3739279131539163,0.0,0.2641915552166033,0.0620400369243985,0.0962238716921936,0.361302961900063,0.0,0.4416886219965009,0.4037785741961024,0.3981334789533056,0.5170652475557935,0.0,0.5900407066977974,0.5881606481536091,0.4943881242406706,0.1721144415802156,0.4882586944165418,0.0,0.0
0.0,0.0,0.2390398142136819,0.0,0.13390513170697,0.5116408719127472,0.0,0.144455062356615,0.2207360196327004,0.0,0.1665451449287037,0.0,0.1662989501604579,0.0,0.0,0.0,0.0,0.0,0.4162879796234843,0.0,0.0,0.0,0.4662115755951675,0.0,0.0,0.0,0.4255253840703885,0.0,0.0,0.0,0.0,0.0141862856717563,0.0,0.0,0.0,0.0,0.0,0.0,0.1753972050538434,0.0,0.0639443951770804,0.0,0.0,0.0,0.0,0.0,0.0,0.0,0.0,0.2484792576814228,0.486990547433952,0.2274109655968023,0.3608075442349306,0.4403882951465985,0.0,0.2288466443902767,0.0,0.3439853138715804,0.1122789203456172,0.0,0.0,0.0,0.0,0.4419005821545376,0.0,0.0,0.0,0.5167056500940963,0.0,0.0,0.0,0.5379673118070082,0.187545488339322,0.3892294178018828,0.1966046138399863,0.077421198474744
0.0,0.0,0.0,0.0,0.0,0.0,0.0,0.0,0.0,0.0,0.0,0.0,0.0,0.0,0.0,0.0,0.0,0.0,0.0,0.0,0.0,0.0,0.0,0.0,0.0,0.0,0.0,0.0,0.0,0.0,0.0,0.0,0.0,0.0,0.0,0.0,0.0,0.0,0.0,0.0,0.0,0.0,0.1151027706972364,0.1199385177962549,0.0,0.0,0.0,0.0,0.0,0.2665931220981789,0.0,0.2510601251097394,0.2028327484333806,0.0,0.0,0.0681849269530686,0.0,0.0,0.0,0.0,0.0,0.0,0.0,0.0,0.0,0.0,0.0,0.1036306487342672,0.0,0.0,0.0,0.0,0.0,0.0,0.0,0.0
0.0,0.0,0.330658320796977,0.0,0.0,0.0,0.0,0.24774222447239,0.0,0.0,0.4473967545031246,0.0,0.0,0.0,0.0,0.0,0.0,0.0,0.0,0.0,0.0,0.0,0.326891398335408,0.0,0.0,0.0,0.0,0.0,0.0,0.0,0.0,0.0,0.0,0.0,0.0,0.0,0.0,0.0,0.0835103340535991,0.0,0.0,0.0,0.2369605299870644,0.0908109564680386,0.0,0.0,0.0,0.2484792576814228,0.2665931220981789,0.0,0.1040427529961894,0.4978760727208121,0.4051281120540203,0.426654832928956,0.2162633639833664,0.4380479912121411,0.2496935969107216,0.1971208637202051,0.1702116332105281,0.0,0.0,0.0,0.0,0.2846304763220123,0.0,0.0,0.0,0.254791777927235,0.0,0.0,0.0,0.2529547830659286,0.0,0.0,0.0,0.0
