0.0,0.5422397813140575,0.0,0.0,0.0,0.0846831815008694,0.0,0.0,0.0,0.2921531826204051,0.0,0.1875727019556959,0.0281296576563748,0.0,0.0,0.704476236098419,0.290784582057614,0.3763052478431479,0.0,0.0,0.126781305234423,0.3071947384727068,0.0,0.6149697641510871,0.7494764154050207,0.7110248992607586,0.0982567200663584,0.1648747741175496,0.0,0.0,0.1496406902711899,0.200319605247136,0.3660671325139313,0.1305297333246464,0.0,0.0,0.0,0.0691435399300343,0.2462405271491853,0.4384883619870759,0.4757455703076673,0.0,0.0,0.0,0.0,0.8225679903084793,0.0,0.0,0.0,0.0,0.0,0.0,0.0,0.0,0.5108688969551818,0.0,0.0,0.0,0.0,0.0,0.5853022236135901,0.0,0.5501898847407428,0.0,0.0,0.2824868545070308,0.5139474015142801,0.0,0.6418215872949248,0.4331562181646177,0.5930843335350972,0.0,0.0,0.0,0.0,0.6473353970944472
0.5422397813140575,0.0,0.0,0.0,0.343945422642156,0.4969278777140018,0.0824579477299325,0.3069806499261273,0.5958585228505693,0.0,0.0,0.0,0.4232225491735514,0.0,0.1672091896828173,0.4946594465698625,0.4934164548110488,0.4678251720866547,0.0,0.2525421292938922,0.1362261233382932,0.4933184832749378,0.3000037829196915,0.0,0.6428935428046362,0.7336942354174881,0.4073470970702478,0.3567203142901352,0.0541806263577601,0.0,0.1207996273718245,0.0972331748667209,0.2563037056258577,0.1464126796016721,0.0,0.0,0.0,0.0,0.2032957391468502,0.3184253050368264,0.2522165668834891,0.0,0.0,0.0,0.0,0.5102147930014612,0.0866970295877431,0.0,0.0,0.0,0.5745777876397402,0.0,0.0,0.0,0.0,0.0,0.0,0.0,0.0,0.5811490595342296,0.498595702442242,0.0,0.5958196970399603,0.0,0.7073323121109167,0.3735239926702348,0.7281858737599687,0.3406255941756675,0.0,0.452901958845386,0.6157447199823659,0.7530450471075447,0.0,0.612301627239419,0.0,0.517446361450069
0.0,0.0,0.0,0.0,0.5976536469573758,0.760618829034232,0.4833317009440664,0.5889072616253339,0.8220656882714967,0.3164867646280239,0.7893526091613148,0.1954003203917018,0.7588586982254598,0.3183666752610611,0.0,0.0,0.0,0.0,0.7705558302866496,0.0,0.0,0.0,0.6409134533963429,0.0,0.0,0.0,0.8164953605596851,0.6619478913481015,0.0,0.0,0.309486505744158,0.0482647901173326,0.153897808494357,0.398535831402862,0.0,0.6255503439136875,0.3676680926677539,0.0,0.1000103156323692,0.0,0.0,0.0,0.5531030720042985,0.0,0.0,0.0,0.0,0.8764714872662034,0.0,0.5321941062141607,0.6669198333038743,0.6153781950717537,0.5131021912486166,0.8522004250812542,0.0,0.7537639273039616,0.0,0.6477923770455045,0.2179031264946846,0.0,0.0,0.0,0.0,0.7809851937349374,0.0,0.0,0.0,0.6352115141577225,0.0,0.0,0.0,0.6408456177401661,0.6329990538422021,0.0,0.0,0.0
0.0,0.0,0.0,0.0,0.1477685537605437,0.0,0.2504809724586321,0.1110852441958231,0.0,0.1805491980062151,0.0852745108888654,0.0755730949456585,0.1657425809102072,0.204423896098961,0.0,0.0,0.0,0.0,0.0922769251660922,0.122516512809623,0.0,0.0,0.0881240574370222,0.0,0.0,0.0,0.0,0.0886731595634511,0.1571909023320485,0.0,0.0552244231603477,0.0,0.0,0.0807418446046034,0.2015250075296598,0.1235339704450009,0.1125758306393931,0.1740548905361901,0.0,0.0,0.0,0.0,0.0,0.0,0.0,0.0,0.0,0.0,0.0,0.0,0.0,0.0,0.0,0.0,0.0,0.0,0.0,0.0,0.0,0.0,0.0,0.0,0.0,0.0,0.0,0.0,0.0,0.0,0.0,0.0,0.0,0.0,0.0,0.0,0.0,0.0
0.0,0.343945422642156,0.5976536469573758,0.1477685537605437,0.0,0.3166974985048937,0.571860359703321,0.0788266463190347,0.7158152735218447,0.1933376291579256,0.8410710653999873,0.1151335097567702,0.4795617270581446,0.1236900327815307,0.0,0.0,0.0,0.0,0.5238780740566179,0.5532107652015281,0.0,0.3969066619066055,0.043557343199195,0.0,0.1968639356481323,0.0805688715270843,0.6157750704484802,0.5215764554274264,0.2839348326296771,0.0,0.1152065415708779,0.1123648207448818,0.0,0.0523317544992406,0.0,0.3687991161721717,0.2361165150732943,0.148453255522115,0.0,0.0,0.0,0.0,0.284534885418081,0.0,0.0,0.0,0.0,0.5418050140879764,0.0,0.7800136829212412,0.2161253604814929,0.0,0.0,0.7383916687852485,0.0,0.715984836533552,0.0,0.0,0.0,0.0,0.0,0.0,0.0,0.6906225466424234,0.0,0.0,0.0,0.0794171826228213,0.0,0.0,0.0,0.5869192192816162,0.0,0.0,0.0,0.0
0.0846831815008694,0.4969278777140018,0.760618829034232,0.0,0.3166974985048937,0.0,0.4647871072138499,0.7865897370320071,0.7616609263504034,0.6105309821849809,0.3767931467823794,0.4956042441546965,0.7453737856864115,0.5393393752229119,0.6614092160795136,0.1127789183685974,0.6516697659249152,0.0537218116026864,0.579066708721631,0.6215369821013926,0.7772572419454865,0.4894801666877992,0.8606150786258652,0.0,0.0510289292570083,0.4971411914449783,0.8431337786039081,0.4292601344167557,0.7009531083728305,0.208184005132637,0.4873316992350442,0.1138876644326169,0.3944181513547412,0.3234638464377053,0.0,0.6622929371882411,0.5922283835628978,0.0570429929243287,0.3687695356186017,0.0,0.2030318032229739,0.0,0.5394624378005265,0.0,0.0,0.0,0.5858462646784504,0.8126856425585572,0.0,0.1917166348877486,0.8281843278266456,0.6413061443383333,0.7451214737667174,0.6490679871346519,0.0,0.4758731019496695,0.0,0.7589621909883462,0.0,0.6883754640459817,0.0,0.0,0.0,0.4048211112481242,0.538711354877209,0.7800399840568206,0.6504051739296224,0.8131743008945798,0.0,0.0,0.5170524984646312,0.4563767564159696,0.5959356840155204,0.1108815564562716,0.6412759724697301,0.4284124157572785
0.0,0.0824579477299325,0.4833317009440664,0.2504809724586321,0.571860359703321,0.4647871072138499,0.0,0.2269066356041625,0.4828466033730727,0.3430531975660941,0.4007747629414983,0.0102098201084467,0.6710486879175918,0.1972503858782641,0.0,0.0,0.4275857288024294,0.0875305729603415,0.2710792920658614,0.5237659967266864,0.0,0.1416648996021107,0.282744283767107,0.0,0.0,0.0,0.5498376830263733,0.4681767163435565,0.6590624189169192,0.0,0.3846874743005233,0.0,0.1965074278718345,0.2816451878935512,0.0,0.4751174492946359,0.386090964108151,0.0505273851018085,0.0,0.0,0.0937482752502657,0.0,0.4029882335499428,0.0,0.0,0.0,0.0,0.268689804939166,0.0,0.0,0.3250432142405327,0.0,0.1939921640797493,0.4297537005435354,0.0,0.254063198720534,0.0,0.0,0.0,0.0,0.0,0.0,0.0,0.3543463257191583,0.0,0.0,0.0,0.2383306909120322,0.0,0.0,0.0,0.196690515250006,0.0,0.0,0.0,0.0
0.0,0.3069806499261273,0.5889072616253339,0.1110852441958231,0.0788266463190347,0.7865897370320071,0.2269066356041625,0.0,0.4535995768542484,0.4145903120923342,0.3188544414963248,0.4370987561458246,0.6032191262129548,0.5846994594174922,0.4451673620375992,0.0,0.0,0.0,0.55419475964296,0.3903067702466468,0.6777929525355276,0.2719249650194668,0.9498798186868516,0.3012917008961165,0.0,0.2835612482840373,0.5271168552979449,0.2897161224405838,0.4693639364892485,0.2278406840285745,0.4391319059622512,0.1149580012932608,0.2037841655496097,0.3746742441596619,0.0,0.5182547202845253,0.3508361305694256,0.0,0.3053098590236086,0.0,0.0,0.0,0.4589544875344413,0.0,0.0,0.0,0.0,0.5890804744079036,0.0,0.0972452322482622,0.6925155038769797,0.433006467052165,0.8778825627558485,0.3942391241196257,0.0,0.4412980524608577,0.0,0.5165708017261067,0.1849798878519855,0.4566947938887059,0.0,0.0,0.0,0.3754829069147447,0.2916931190986718,0.6765661007444363,0.0,0.8629482627071099,0.0,0.0,0.0,0.2059546277965145,0.2583395605301037,0.0,0.0,0.0806511155419847
0.0,0.5958585228505693,0.8220656882714967,0.0,0.7158152735218447,0.7616609263504034,0.4828466033730727,0.4535995768542484,0.0,0.3404471361385911,0.7310706452713334,0.2379952862523885,0.6590733977286554,0.3844424161270149,0.0,0.0815409043096291,0.0,0.0366926913668369,0.5781519868756888,0.6487285503406474,0.0,0.4942392012941841,0.4464047557031656,0.2184043295555457,0.2071863059108869,0.4424679636641389,0.8412396001175557,0.5631970213642057,0.4694355222602382,0.2769359666472117,0.3503020045964684,0.1213801267784791,0.1856032476535462,0.2587197087944713,0.0,0.5602459681619809,0.4249422504807467,0.0526198667704193,0.2131436818084031,0.0,0.1386785857179332,0.0,0.5445731737878658,0.0,0.0,0.0,0.0,0.7851990965137062,0.0,0.5637782243020354,0.6935018381584823,0.6639335841294118,0.4177569429601613,0.9574737602060404,0.0,0.7526304092833281,0.0,0.7033561708418429,0.2196633030458935,0.0,0.0,0.0,0.0,0.6207977989608039,0.0,0.0,0.0,0.4928264450955373,0.0,0.0,0.0,0.794624575688149,0.7218596986905891,0.0,0.0,0.0
0.2921531826204051,0.0,0.3164867646280239,0.1805491980062151,0.1933376291579256,0.6105309821849809,0.3430531975660941,0.4145903120923342,0.3404471361385911,0.0,0.1298480129765256,0.5894152262862782,0.3714535260135101,0.0,0.0,0.5128132862371727,0.6983361479129145,0.5334496785912204,0.3976337946450924,0.4355478281108327,0.0,0.5962994379465091,0.5366820899191597,0.6030183109099482,0.3786708283875225,0.5433888849865873,0.5367441625719822,0.3492088838747278,0.502833569391367,0.0,0.504007510183309,0.0638845143175934,0.2960489758177638,0.2015616170834237,0.0,0.528669891763211,0.319052832641407,0.2588336428280735,0.119896371784301,0.3302205628812399,0.1003872333554107,0.0,0.0,0.0,0.3260244161558932,0.4403463269421488,0.0,0.0,0.0,0.0,0.0,0.0,0.0,0.0,0.6805003954759763,0.0,0.4749655434990855,0.3583931068468561,0.0,0.0,0.0,0.4065088665945462,0.3302713316527087,0.0,0.0,0.0,0.0,0.0,0.3696421555149143,0.6852537902685397,0.6026877035476522,0.0,0.2567313207689277,0.0,0.0,0.3415620026796047
0.0,0.0,0.7893526091613148,0.0852745108888654,0.8410710653999873,0.3767931467823794,0.4007747629414983,0.3188544414963248,0.7310706452713334,0.1298480129765256,0.0,0.107520394694294,0.5525710698442782,0.1786609528656758,0.0,0.0,0.2613302602241054,0.0,0.7296311718183356,0.0,0.0,0.0,0.2789024100222224,0.0,0.0,0.0902289793200403,0.6152716946808747,0.5882413687940433,0.0,0.0,0.0510855746979911,0.1128761832124176,0.0,0.2193908568851561,0.0,0.4555168956717589,0.29804171842117,0.2816795520059102,0.0,0.0,0.0,0.0,0.3835218137881091,0.0,0.0,0.0,0.0,0.6776188350434483,0.0,0.7534040857088957,0.3427920900863815,0.4598098434993466,0.1061421731127175,0.7886968342735274,0.0,0.9052775347258036,0.0,0.3670554202518299,0.1797587253431973,0.0,0.0,0.0,0.0,0.863721500083073,0.0,0.0,0.0,0.2851358605388654,0.0,0.0,0.0,0.6229679178318697,0.4212094113585077,0.0,0.0,0.0
0.1875727019556959,0.0,0.1954003203917018,0.0755730949456585,0.1151335097567702,0.4956042441546965,0.0102098201084467,0.4370987561458246,0.2379952862523885,0.5894152262862782,0.107520394694294,0.0,0.1279533349846091,0.0,0.0,0.0,0.5579856657219333,0.5124958751263539,0.4138979938428158,0.0,0.050583983182675,0.0,0.3651418379896218,0.5768156721394608,0.4238429951000859,0.657952355485255,0.1695523537619864,0.0,0.0,0.0,0.0656638463551227,0.1558308400453599,0.1770722306421101,0.0,0.0,0.3589368795322908,0.5011883470335476,0.0780657790949997,0.1817599908802626,0.2232770793652715,0.3000887184383925,0.0198671801917174,0.164314453250754,0.0,0.2790479723202099,0.0,0.0,0.0,0.0,0.0,0.0,0.0,0.0,0.0,0.6462275342319033,0.0,0.7483210575664478,0.3755763894673278,0.0,0.0,0.0,0.366832376810937,0.3711501822841766,0.0,0.0,0.0,0.0,0.0,0.4661042459977049,0.3584610181989651,0.5557853737043671,0.0,0.1756467126687191,0.0,0.0,0.3724691705481501
0.0281296576563748,0.4232225491735514,0.7588586982254598,0.1657425809102072,0.4795617270581446,0.7453737856864115,0.6710486879175918,0.6032191262129548,0.6590733977286554,0.3714535260135101,0.5525710698442782,0.1279533349846091,0.0,0.3366475138283175,0.6775376158147619,0.0,0.5584367349116963,0.0498427068969132,0.4652431407301269,0.727791431293704,0.6463055235357872,0.369130842278868,0.6712338742855171,0.0,0.0,0.192704365433291,0.7202147308541341,0.7255051880051637,0.7650361367507557,0.4442188469767869,0.4777208607407713,0.1003439283475273,0.231697430786277,0.4993287299639819,0.0,0.7196352742149908,0.4595868763434297,0.2564122675445025,0.1062363318419506,0.1913956223132036,0.0,0.0,0.6037840765937198,0.0,0.1112028376688342,0.0,0.0,0.6000765145399147,0.0,0.0,0.6279551870517404,0.6461753937363691,0.4955196455599303,0.0,0.0,0.5225405014205706,0.2687770661554226,0.0,0.0,0.6212138189791979,0.0,0.0,0.0,0.0,0.5260176042831272,0.0,0.5481020227320877,0.5851828711657672,0.0,0.3561594774525088,0.1574225038862418,0.4204080663217333,0.0,0.1962631824648444,0.0,0.0
0.0,0.0,0.3183666752610611,0.204423896098961,0.1236900327815307,0.5393393752229119,0.1972503858782641,0.5846994594174922,0.3844424161270149,0.0,0.1786609528656758,0.0,0.3366475138283175,0.0,0.0,0.0,0.0,0.0,0.3439595399543803,0.0,0.3557593066665019,0.0,0.535266505934386,0.0,0.0,0.0,0.2909792735064259,0.118287390696825,0.0,0.0,0.3108572843287575,0.2198843815912914,0.0,0.1238269695548932,0.0,0.4347530883594888,0.5349777337629331,0.0,0.3316824512105974,0.0,0.0,0.0,0.481271131291887,0.0,0.0,0.0,0.0,0.4403595945363964,0.0,0.0,0.0,0.0,0.0,0.2796131543707971,0.0,0.3417133283992806,0.0,0.0,0.0,0.0,0.0,0.0,0.0,0.0,0.0,0.0,0.0,0.5710764648995554,0.0,0.0,0.0,0.2759611008195409,0.0,0.0,0.0,0.0
0.0,0.1672091896828173,0.0,0.0,0.0,0.6614092160795136,0.0,0.4451673620375992,0.0,0.0,0.0,0.0,0.6775376158147619,0.0,0.0,0.0,0.0,0.0,0.0,0.8438116072834755,0.6822821573848467,0.6592538869632079,0.5716241016242444,0.0899476463733544,0.0,0.0,0.7477005562742172,0.6817184747152736,0.8019335386325039,0.0,0.3913390841801732,0.1927944879018308,0.0852178709133802,0.3622623842978826,0.0,0.5341853326857203,0.0,0.0,0.3530172147540361,0.0826979806200162,0.0,0.0,0.491624221754408,0.0,0.0,0.0,0.4694310818302635,0.0,0.0,0.0,0.4530593394281772,0.0,0.5032858380492843,0.0,0.0,0.0,0.0,0.3521127859856657,0.0,0.7370733686313216,0.3983238259504001,0.0,0.0,0.0,0.3787186270211137,0.5444930848840596,0.4644197711626867,0.6255166560179009,0.0,0.3816578735643805,0.2144547184955214,0.2957212342282989,0.4100674628810898,0.0,0.0,0.2363313736743247
0.704476236098419,0.4946594465698625,0.0,0.0,0.0,0.1127789183685974,0.0,0.0,0.0815409043096291,0.5128132862371727,0.0,0.0,0.0,0.0,0.0,0.0,0.4256482674163743,0.5914846034309545,0.0,0.0,0.0,0.3599733797255843,0.0,0.6477222504992546,0.7747658471092873,0.7729430462628095,0.0,0.0,0.0,0.0,0.186989729365151,0.1931246569101619,0.3085787761703188,0.0,0.0,0.0,0.0,0.0,0.271208884929529,0.4197005123783703,0.4907268455861489,0.177014704664752,0.0,0.0,0.0,0.664853193647335,0.0532161650959661,0.0,0.0,0.0,0.0,0.0,0.0,0.0,0.0,0.0,0.0,0.0,0.0,0.0,0.5285201763661543,0.0,0.4496376234667411,0.0,0.1753730295885363,0.0,0.244705780266916,0.0,0.0,0.4953051865180529,0.5975172706025198,0.2168396607198298,0.0,0.3604868917322976,0.0,0.5553408521714938
0.290784582057614,0.4934164548110488,0.0,0.0,0.0,0.6516697659249152,0.4275857288024294,0.0,0.0,0.6983361479129145,0.2613302602241054,0.5579856657219333,0.5584367349116963,0.0,0.0,0.4256482674163743,0.0,0.4536517362906568,0.0,0.4461610174960753,0.0,0.4535252421681543,0.0,0.3856926382135799,0.2283299405097573,0.5740066415433378,0.0,0.4006159365779342,0.4812217804100079,0.0,0.4445619672132162,0.0129534167962055,0.3682143574622621,0.2646661527983335,0.0,0.0,0.0,0.1359278359353811,0.0,0.349505533934707,0.0,0.0,0.0,0.0,0.0,0.0,0.0,0.0,0.0,0.0,0.0,0.0,0.0,0.0,0.6391150039042086,0.0,0.4901582723504164,0.0,0.0,0.0,0.0,0.6098198282807192,0.4598479342180993,0.0,0.0,0.0,0.0,0.0,0.2653908285257231,0.4133667423111402,0.4674441321661641,0.0,0.0,0.0,0.0,0.0
0.3763052478431479,0.4678251720866547,0.0,0.0,0.0,0.0537218116026864,0.0875305729603415,0.0,0.0366926913668369,0.5334496785912204,0.0,0.5124958751263539,0.0498427068969132,0.0,0.0,0.5914846034309545,0.4536517362906568,0.0,0.0,0.0361418665045412,0.0,0.4059950346247915,0.0,0.245686961372429,0.6543145189649624,0.4191348937959098,0.0674496611704986,0.1496291618844504,0.0,0.1030966132066542,0.0,0.0784183725880354,0.1142435903524723,0.0,0.0,0.0,0.0,0.0,0.0,0.1351735428773251,0.1869895821467103,0.1226527359921335,0.0,0.0,0.0,0.205070006589209,0.0867072724677881,0.0,0.0,0.0,0.0,0.0,0.0,0.0,0.2934140491442973,0.0,0.27998793974903,0.0,0.0,0.0,0.1377350867818076,0.1586477293100079,0.169875748692659,0.0,0.0,0.0,0.0525100873094116,0.0,0.0800766681043465,0.2869262784782354,0.2400571135198303,0.0,0.0,0.0,0.0,0.2580362326290102
0.0,0.0,0.7705558302866496,0.0922769251660922,0.5238780740566179,0.579066708721631,0.2710792920658614,0.55419475964296,0.5781519868756888,0.3976337946450924,0.7296311718183356,0.4138979938428158,0.4652431407301269,0.3439595399543803,0.0,0.0,0.0,0.0,0.0,0.0,0.0,0.0,0.5248983559834497,0.0,0.0,0.0,0.5366657194500155,0.3498516672525804,0.0,0.0,0.0838415399679703,0.044115073758883,0.0,0.1478128338930222,0.0,0.4505364278855084,0.3476842983810351,0.2422116185443964,0.0493191327358484,0.0,0.0,0.0,0.3561760889766105,0.0,0.0,0.0,0.0,0.7652754612220736,0.0,0.4516679531830939,0.5190278787053172,0.4291825912239171,0.4284397028198207,0.5630800515029021,0.0,0.7280637671026249,0.0,0.4288102588186277,0.2337557860454719,0.0,0.0,0.0,0.0,0.8873485748646961,0.0,0.0,0.0,0.5115376336139942,0.0,0.0,0.0,0.4521924945287817,0.0,0.0,0.0,0.0
0.0,0.2525421292938922,0.0,0.122516512809623,0.5532107652015281,0.6215369821013926,0.5237659967266864,0.3903067702466468,0.6487285503406474,0.4355478281108327,0.0,0.0,0.727791431293704,0.0,0.8438116072834755,0.0,0.4461610174960753,0.0361418665045412,0.0,0.0,0.5536113675610457,0.7697757000323561,0.4639135493440632,0.0,0.0,0.057122860621927,0.8144207455863886,0.8283143087985482,0.7715421717768632,0.621726931800768,0.6012077715637034,0.2160845689809504,0.0,0.3920771053063569,0.0,0.563752758410654,0.1884483392092361,0.0,0.2091959398066548,0.0,0.0,0.0,0.5942721575289411,0.0,0.0,0.0,0.4388528472665153,0.0,0.0,0.0,0.4135427043727364,0.0,0.4071538979419847,0.0,0.0,0.0,0.0,0.4436451376112924,0.0,0.6955634915949526,0.4044368296197028,0.0,0.0,0.0,0.5756096462704756,0.5198583249147433,0.5931425739151619,0.5086500596492196,0.0,0.3774237320844595,0.1369510434522318,0.4458192694673928,0.462694415233674,0.1393935421880861,0.5467136392782795,0.2213934810714503
0.126781305234423,0.1362261233382932,0.0,0.0,0.0,0.7772572419454865,0.0,0.6777929525355276,0.0,0.0,0.0,0.050583983182675,0.6463055235357872,0.3557593066665019,0.6822821573848467,0.0,0.0,0.0,0.0,0.5536113675610457,0.0,0.3778573779620529,0.8098359186749834,0.3820657127075523,0.0,0.2080389924240851,0.6922246131660703,0.4127758684169095,0.825216002937749,0.0,0.6114182218030526,0.0861655623272166,0.3408471327559708,0.4665432476798179,0.0,0.0,0.0,0.0,0.3780396617123747,0.3943769763209233,0.0099820279513225,0.0,0.0,0.0,0.0,0.3787072525745465,0.5773218267377055,0.0,0.0,0.0,0.5985657094827138,0.0,0.7989269721149356,0.0,0.0,0.0,0.0,0.4694012510696286,0.0,0.5903360137487664,0.535906150616264,0.0,0.0,0.0,0.3171385896550567,0.8742247310207231,0.4122305459644287,0.7794831775389961,0.0,0.5487371210444507,0.4358491748030338,0.1573459358051444,0.4263315679027402,0.0,0.0,0.2152438502309661
0.3071947384727068,0.4933184832749378,0.0,0.0,0.3969066619066055,0.4894801666877992,0.1416648996021107,0.2719249650194668,0.4942392012941841,0.5962994379465091,0.0,0.0,0.369130842278868,0.0,0.6592538869632079,0.3599733797255843,0.4535252421681543,0.4059950346247915,0.0,0.7697757000323561,0.3778573779620529,0.0,0.3229410808255764,0.0,0.3193915845212404,0.3634518583478549,0.6598494390917142,0.5722940810219996,0.4251055752477544,0.4559720558747354,0.4675730236287256,0.4227799900142353,0.0398923803784494,0.2855777028776393,0.0,0.3676637591856214,0.1676169515458778,0.0,0.463389827539877,0.1410852881331248,0.1036794517545915,0.0231824245074335,0.3880094809913234,0.0,0.0,0.3098690270453613,0.4410850746344174,0.0,0.0,0.0,0.3344341591914055,0.0,0.0,0.0,0.0,0.0,0.0,0.0,0.0,0.6264986513971158,0.5315728635072894,0.0,0.3081604906602596,0.0,0.4974319599323007,0.4008727511390131,0.6111766052594243,0.4637939719098057,0.0,0.5426138129765778,0.5141959543200746,0.484993867477636,0.3633208904337963,0.29570520679538,0.0,0.4157278186657657
0.0,0.3000037829196915,0.6409134533963429,0.0881240574370222,0.043557343199195,0.8606150786258652,0.282744283767107,0.9498798186868516,0.4464047557031656,0.5366820899191597,0.2789024100222224,0.3651418379896218,0.6712338742855171,0.535266505934386,0.5716241016242444,0.0,0.0,0.0,0.5248983559834497,0.4639135493440632,0.8098359186749834,0.3229410808255764,0.0,0.3624153842882305,0.0,0.3205870386705556,0.6096532707401416,0.4263960073817556,0.6157067138919008,0.1849187866564806,0.52131286697715,0.031051993977543,0.2876347235013105,0.4949330510921628,0.0,0.5742346162493608,0.4117650710545811,0.2834733923825795,0.2512006742453992,0.2900471670266022,0.0,0.0,0.4783668443785772,0.4166172074391444,0.0,0.0,0.503539753421337,0.6529496316725639,0.0,0.0686762897613437,0.7349618127275245,0.4609265662353317,0.8958426569545025,0.4073522110430377,0.0,0.382842133144795,0.0,0.5561279100371882,0.1418984314725989,0.5357997696593851,0.0,0.0,0.0,0.3430506407667565,0.3118873278310637,0.7083448786046759,0.3516153511654431,0.9468859092590036,0.0,0.4410012262671682,0.4831605564472935,0.2170836652572184,0.3499999019561754,0.0,0.4272576542814559,0.1439783231403102
0.6149697641510871,0.0,0.0,0.0,0.0,0.0,0.0,0.3012917008961165,0.2184043295555457,0.6030183109099482,0.0,0.5768156721394608,0.0,0.0,0.0899476463733544,0.6477222504992546,0.3856926382135799,0.245686961372429,0.0,0.0,0.3820657127075523,0.0,0.3624153842882305,0.0,0.5787602968962174,0.7690407858702918,0.1597032757769692,0.0,0.0,0.0,0.2021456546898307,0.2629265815499165,0.4263799486970113,0.0572679964160522,0.0,0.2099837763055247,0.2762180679470073,0.0616990362194251,0.4674387208479895,0.5220271936538795,0.3937629046157868,0.0,0.0,0.0,0.4154329178221412,0.7547163071160984,0.0,0.0,0.0,0.0,0.0,0.0,0.0,0.0,0.7383801285985929,0.0,0.6354744503969167,0.0,0.0,0.0,0.5581248892155061,0.4505314833677904,0.525373123959271,0.0,0.0,0.0,0.0,0.0,0.8472202092658623,0.6662300819258785,0.8431358352975397,0.0,0.3918406874211251,0.0,0.0,0.6040489806276772
0.7494764154050207,0.6428935428046362,0.0,0.0,0.1968639356481323,0.0510289292570083,0.0,0.0,0.2071863059108869,0.3786708283875225,0.0,0.4238429951000859,0.0,0.0,0.0,0.7747658471092873,0.2283299405097573,0.6543145189649624,0.0,0.0,0.0,0.3193915845212404,0.0,0.5787602968962174,0.0,0.6865148265991275,0.0,0.0,0.0,0.0,0.0,0.1971339451009916,0.2754427572735285,0.0,0.0,0.0,0.0,0.0,0.2148198586563025,0.3332062215220934,0.439813796645948,0.1515629359565563,0.0,0.0,0.0,0.565244574570178,0.0,0.0,0.0,0.0,0.0,0.0,0.0,0.0,0.4872659967252719,0.0,0.3934453611061951,0.2167469620441553,0.0,0.1169737410946776,0.440907661061058,0.2037471645625524,0.3712711935843205,0.0,0.3139413904350872,0.0,0.387503122732157,0.0158335739973408,0.4333558497357273,0.5278064013773518,0.5441142036401099,0.0,0.0,0.667307288475064,0.0,0.6046165490081262
0.7110248992607586,0.7336942354174881,0.0,0.0,0.0805688715270843,0.4971411914449783,0.0,0.2835612482840373,0.4424679636641389,0.5433888849865873,0.0902289793200403,0.657952355485255,0.192704365433291,0.0,0.0,0.7729430462628095,0.5740066415433378,0.4191348937959098,0.0,0.057122860621927,0.2080389924240851,0.3634518583478549,0.3205870386705556,0.7690407858702918,0.6865148265991275,0.0,0.2594487060672527,0.0553124387091842,0.0,0.0,0.119386230004126,0.1349711391132594,0.4627593493257318,0.0486424773381408,0.0,0.2576425646226645,0.0,0.0,0.2909022820698329,0.4869802341184309,0.463407105754745,0.0,0.0,0.0,0.3007030801494588,0.7550520049909499,0.1381864302427071,0.0,0.0,0.0,0.5017745447296429,0.0,0.0,0.0,0.7631735361217836,0.0,0.7045336356110284,0.5976395343882788,0.0,0.3251237386621438,0.5423666666782904,0.6230629709756471,0.6216500237384532,0.0,0.4970379916555137,0.3296137542259252,0.5533795526548523,0.3243412991580331,0.6180225443879966,0.5444580527421332,0.83564147099234,0.4801851718847858,0.5641498101178829,0.442055075203464,0.0,0.5723655776831081
0.0982567200663584,0.4073470970702478,0.8164953605596851,0.0,0.6157750704484802,0.8431337786039081,0.5498376830263733,0.5271168552979449,0.8412396001175557,0.5367441625719822,0.6152716946808747,0.1695523537619864,0.7202147308541341,0.2909792735064259,0.7477005562742172,0.0,0.0,0.0674496611704986,0.5366657194500155,0.8144207455863886,0.6922246131660703,0.6598494390917142,0.6096532707401416,0.1597032757769692,0.0,0.2594487060672527,0.0,0.6644368777408893,0.8139787977235112,0.392948035312052,0.5182429725422556,0.1327996339302867,0.1924542776301744,0.383118367282161,0.0,0.5666439825163874,0.3069505715968739,0.1708178210941937,0.3037094622331338,0.1385775119399235,0.0263110930679258,0.0,0.5176822685220879,0.3708305750837625,0.0,0.0,0.535658324884887,0.767143802149953,0.0,0.4182538121046737,0.6004831115662331,0.6041311023952448,0.5025706398242279,0.801202966606073,0.0,0.6233151388863513,0.0,0.5473795155065562,0.1990055790168063,0.7113423053262186,0.0,0.0,0.0,0.5116747551641141,0.5591999349338205,0.6266613711618719,0.6763345408373962,0.6216793170477517,0.0,0.0,0.3151141457978382,0.6216496410316954,0.5586504802651046,0.2258262495042054,0.6164736422717585,0.3073233121073608
0.1648747741175496,0.3567203142901352,0.6619478913481015,0.0886731595634511,0.5215764554274264,0.4292601344167557,0.4681767163435565,0.2897161224405838,0.5631970213642057,0.3492088838747278,0.5882413687940433,0.0,0.7255051880051637,0.118287390696825,0.6817184747152736,0.0,0.4006159365779342,0.1496291618844504,0.3498516672525804,0.8283143087985482,0.4127758684169095,0.5722940810219996,0.4263960073817556,0.0,0.0,0.0553124387091842,0.6644368777408893,0.0,0.6136082678762169,0.5834117259799291,0.5381155601888998,0.1054001289534024,0.0,0.5074477611592678,0.0,0.6190906456233888,0.1941281159855976,0.3776385861081081,0.0,0.0,0.0,0.0,0.6077568963831061,0.0,0.1293516156062095,0.0,0.0,0.562702319918554,0.0,0.0,0.3693207693971741,0.0,0.2499719168854579,0.7149316682411787,0.2061392247880513,0.0,0.1812658327665278,0.4836054083439657,0.0,0.6661138608117763,0.0,0.0,0.0,0.0,0.6090476624482526,0.4741154347427503,0.5313964199618677,0.4647737565597067,0.0,0.3514333592215473,0.1084986930312934,0.5212659712271772,0.5945037127298666,0.3202742349443982,0.0,0.1063469925587189
0.0,0.0541806263577601,0.0,0.1571909023320485,0.2839348326296771,0.7009531083728305,0.6590624189169192,0.4693639364892485,0.4694355222602382,0.502833569391367,0.0,0.0,0.7650361367507557,0.0,0.8019335386325039,0.0,0.4812217804100079,0.0,0.0,0.7715421717768632,0.825216002937749,0.4251055752477544,0.6157067138919008,0.0,0.0,0.0,0.8139787977235112,0.6136082678762169,0.0,0.3945293020858742,0.6341671576089166,0.0,0.2353067372346328,0.4666024407881305,0.0,0.4809248905709103,0.1862636282218001,0.0,0.1509339702488857,0.2101221117161973,0.0,0.0,0.459498126832157,0.0,0.0,0.0,0.603627531721262,0.4028664386372977,0.0,0.0,0.4218040791139654,0.4312381079271448,0.5129621078129022,0.4595979262474008,0.0,0.0,0.0,0.3863661313080294,0.0,0.5365910383235764,0.0,0.0,0.0,0.0,0.2403190196043113,0.6118034383657767,0.3383053502596005,0.5623984504749278,0.0,0.0,0.051247795761595,0.1227712601249542,0.3401350620192448,0.0,0.4536632527655773,0.147049579171645
0.0,0.0,0.0,0.0,0.0,0.208184005132637,0.0,0.2278406840285745,0.2769359666472117,0.0,0.0,0.0,0.4442188469767869,0.0,0.0,0.0,0.0,0.1030966132066542,0.0,0.621726931800768,0.0,0.4559720558747354,0.1849187866564806,0.0,0.0,0.0,0.392948035312052,0.5834117259799291,0.3945293020858742,0.0,0.4812556630713765,0.1914446272210395,0.0,0.3474990447595974,0.2723449132249818,0.0,0.0,0.0,0.0,0.0,0.0,0.0,0.0,0.0,0.0,0.0,0.0,0.0,0.0,0.0,0.0,0.0,0.0,0.0,0.0,0.0,0.0,0.0,0.0,0.0,0.0,0.0,0.0,0.0,0.2135705129716013,0.0,0.0,0.1586920842616066,0.0,0.0,0.0,0.1602464239612011,0.0,0.0,0.0,0.0
0.1496406902711899,0.1207996273718245,0.309486505744158,0.0552244231603477,0.1152065415708779,0.4873316992350442,0.3846874743005233,0.4391319059622512,0.3503020045964684,0.504007510183309,0.0510855746979911,0.0656638463551227,0.4777208607407713,0.3108572843287575,0.3913390841801732,0.186989729365151,0.4445619672132162,0.0,0.0838415399679703,0.6012077715637034,0.6114182218030526,0.4675730236287256,0.52131286697715,0.2021456546898307,0.0,0.119386230004126,0.5182429725422556,0.5381155601888998,0.6341671576089166,0.4812556630713765,0.0,0.1706622709837986,0.1463806643409165,0.5684987705191754,0.0433645981605239,0.4873260547898936,0.0347040067471099,0.2168474722577218,0.1993274460546707,0.146161223925188,0.0,0.0,0.5265913246202465,0.0,0.0,0.0,0.4167762816794755,0.0,0.0,0.0,0.3801117527183005,0.0,0.4977335130976489,0.0,0.4087948543881101,0.0,0.2579496801075824,0.0,0.0,0.4110167658101038,0.4190576962773648,0.4271240294759512,0.3895291142621506,0.0,0.3654235402844936,0.6027882404475529,0.3424455378011504,0.5313134854282969,0.1136929269784038,0.514331944603479,0.2774342242893563,0.2233365177448917,0.3343573291109797,0.1602665930041862,0.0,0.2386461175148446
0.200319605247136,0.0972331748667209,0.0482647901173326,0.0,0.1123648207448818,0.1138876644326169,0.0,0.1149580012932608,0.1213801267784791,0.0638845143175934,0.1128761832124176,0.1558308400453599,0.1003439283475273,0.2198843815912914,0.1927944879018308,0.1931246569101619,0.0129534167962055,0.0784183725880354,0.044115073758883,0.2160845689809504,0.0861655623272166,0.4227799900142353,0.031051993977543,0.2629265815499165,0.1971339451009916,0.1349711391132594,0.1327996339302867,0.1054001289534024,0.0,0.1914446272210395,0.1706622709837986,0.0,0.0,0.1604501849523416,0.086398958240096,0.0,0.08929177637099,0.1187293582605737,0.6755950473503358,0.025707164270769,0.146131530610674,0.247630596897341,0.119995974460414,0.0,0.0966004656120459,0.2093503891387605,0.2462114329096439,0.1207434211214563,0.0,0.0,0.1540379444434819,0.0,0.1619249054312823,0.0711689537093081,0.1264564685003126,0.1644442086402477,0.207491232418023,0.1446719608369188,0.0,0.234265398445711,0.2273225670487898,0.0,0.2231569399248409,0.0322680038881335,0.2304737605670008,0.2352832194519669,0.3100654235790815,0.1547745463938127,0.2286929845182662,0.2666027591448351,0.2475189667342741,0.2053995574390433,0.1315227115423005,0.2885472716133935,0.0,0.1795196093436478
0.3660671325139313,0.2563037056258577,0.153897808494357,0.0,0.0,0.3944181513547412,0.1965074278718345,0.2037841655496097,0.1856032476535462,0.2960489758177638,0.0,0.1770722306421101,0.231697430786277,0.0,0.0852178709133802,0.3085787761703188,0.3682143574622621,0.1142435903524723,0.0,0.0,0.3408471327559708,0.0398923803784494,0.2876347235013105,0.4263799486970113,0.2754427572735285,0.4627593493257318,0.1924542776301744,0.0,0.2353067372346328,0.0,0.1463806643409165,0.0,0.0,0.3717738256046932,0.0,0.1344430101871133,0.2439838618828048,0.0530909953856674,0.1795803114850013,0.8090999857300117,0.5516369403359604,0.0862912663768321,0.0,0.0,0.2963274798340656,0.3890018871866464,0.1716620037301911,0.0,0.0,0.0,0.0,0.0,0.0,0.0,0.4115519408223497,0.0,0.1627210236114757,0.0,0.0,0.1685613822238295,0.4942133904070699,0.3817231304191466,0.4029518818243423,0.0,0.1734880792203133,0.317817649456647,0.2626545944258974,0.2648002276729553,0.3690769329233488,0.3719722632217401,0.394805681751368,0.1308363680545369,0.3202924151756181,0.0,0.0,0.4262539400857411
0.1305297333246464,0.1464126796016721,0.398535831402862,0.0807418446046034,0.0523317544992406,0.3234638464377053,0.2816451878935512,0.3746742441596619,0.2587197087944713,0.2015616170834237,0.2193908568851561,0.0,0.4993287299639819,0.1238269695548932,0.3622623842978826,0.0,0.2646661527983335,0.0,0.1478128338930222,0.3920771053063569,0.4665432476798179,0.2855777028776393,0.4949330510921628,0.0572679964160522,0.0,0.0486424773381408,0.383118367282161,0.5074477611592678,0.4666024407881305,0.3474990447595974,0.5684987705191754,0.1604501849523416,0.3717738256046932,0.0,0.2243158646191156,0.324401090379159,0.0855971035190705,0.5236784237931167,0.1456566283634471,0.3534237039313335,0.047876466114938,0.0,0.424813663475337,0.0995152836583052,0.2375217104888315,0.1697098802078112,0.2504839702841743,0.2166570232996466,0.0,0.0,0.3286632291199808,0.3902800763507554,0.3719321082257673,0.2940934479902574,0.1740435813252078,0.0,0.1103338630867048,0.4001284213383549,0.0,0.4178494296755649,0.2291631496848974,0.2947224006601673,0.2452789107017159,0.0,0.3083878947845495,0.5024696986398346,0.297535497118969,0.5018733624103504,0.0103694823737251,0.2907614856169986,0.2379852433587638,0.2137273038285375,0.3595535053126601,0.1816440460641483,0.0,0.0
0.0,0.0,0.0,0.2015250075296598,0.0,0.0,0.0,0.0,0.0,0.0,0.0,0.0,0.0,0.0,0.0,0.0,0.0,0.0,0.0,0.0,0.0,0.0,0.0,0.0,0.0,0.0,0.0,0.0,0.0,0.2723449132249818,0.0433645981605239,0.086398958240096,0.0,0.2243158646191156,0.0,0.0,0.0,0.2156560087359344,0.0,0.0,0.0,0.036882863376864,0.0,0.0,0.0,0.0,0.0,0.0,0.0,0.0,0.0,0.0,0.0,0.0,0.0,0.0,0.0,0.0,0.0,0.0,0.0,0.0,0.0,0.0,0.0,0.0,0.0,0.0,0.0,0.0,0.0,0.0,0.0,0.0,0.0,0.0
0.0,0.0,0.6255503439136875,0.1235339704450009,0.3687991161721717,0.6622929371882411,0.4751174492946359,0.5182547202845253,0.5602459681619809,0.528669891763211,0.4555168956717589,0.3589368795322908,0.7196352742149908,0.4347530883594888,0.5341853326857203,0.0,0.0,0.0,0.4505364278855084,0.563752758410654,0.0,0.3676637591856214,0.5742346162493608,0.2099837763055247,0.0,0.2576425646226645,0.5666439825163874,0.6190906456233888,0.4809248905709103,0.0,0.4873260547898936,0.0,0.1344430101871133,0.324401090379159,0.0,0.0,0.4944826156495311,0.2805087474960532,0.017997221058894,0.1630280088340472,0.0,0.0,0.6790067999348759,0.4480566274230415,0.1873588528673632,0.0,0.0,0.6076326440427541,0.0,0.409373199642678,0.6374548110337213,0.6400375256688557,0.4663014133186973,0.6387371400222469,0.0,0.4996290462739159,0.5009111481929154,0.6485211117338763,0.0,0.0,0.0,0.0,0.0,0.4351085872306293,0.5068686376871235,0.0,0.4943956703618897,0.5826138371055318,0.0,0.0,0.0,0.4262600576928511,0.6063889359157253,0.2197298995461223,0.0,0.0
0.0,0.0,0.3676680926677539,0.1125758306393931,0.2361165150732943,0.5922283835628978,0.386090964108151,0.3508361305694256,0.4249422504807467,0.319052832641407,0.29804171842117,0.5011883470335476,0.4595868763434297,0.5349777337629331,0.0,0.0,0.0,0.0,0.3476842983810351,0.1884483392092361,0.0,0.1676169515458778,0.4117650710545811,0.2762180679470073,0.0,0.0,0.3069505715968739,0.1941281159855976,0.1862636282218001,0.0,0.0347040067471099,0.08929177637099,0.2439838618828048,0.0855971035190705,0.0,0.4944826156495311,0.0,0.0,0.1906036354223542,0.0,0.4277316031634689,0.0,0.3981883311028559,0.0,0.0,0.0,0.0,0.0,0.0,0.0,0.0,0.0,0.0,0.0,0.0,0.0,0.0,0.0,0.0,0.0,0.0,0.0,0.0,0.0,0.0,0.0,0.0,0.3919833416398918,0.0,0.0,0.0,0.0,0.0,0.0,0.0,0.0
0.0691435399300343,0.0,0.0,0.1740548905361901,0.148453255522115,0.0570429929243287,0.0505273851018085,0.0,0.0526198667704193,0.2588336428280735,0.2816795520059102,0.0780657790949997,0.2564122675445025,0.0,0.0,0.0,0.1359278359353811,0.0,0.2422116185443964,0.0,0.0,0.0,0.2834733923825795,0.0616990362194251,0.0,0.0,0.1708178210941937,0.3776385861081081,0.0,0.0,0.2168474722577218,0.1187293582605737,0.0530909953856674,0.5236784237931167,0.2156560087359344,0.2805087474960532,0.0,0.0,0.0,0.0878832681684929,0.0,0.0,0.0,0.0,0.2423446114593836,0.0,0.0,0.0,0.0,0.0,0.0,0.0,0.0,0.0,0.0507906303072833,0.0,0.077248219035197,0.0,0.0,0.0,0.0,0.0,0.0,0.0,0.0,0.0,0.0,0.0,0.0,0.1384992672348112,0.164877733226377,0.0,0.0571528928359763,0.0,0.0,0.0
0.2462405271491853,0.2032957391468502,0.1000103156323692,0.0,0.0,0.3687695356186017,0.0,0.3053098590236086,0.2131436818084031,0.119896371784301,0.0,0.1817599908802626,0.1062363318419506,0.3316824512105974,0.3530172147540361,0.271208884929529,0.0,0.0,0.0493191327358484,0.2091959398066548,0.3780396617123747,0.463389827539877,0.2512006742453992,0.4674387208479895,0.2148198586563025,0.2909022820698329,0.3037094622331338,0.0,0.1509339702488857,0.0,0.1993274460546707,0.6755950473503358,0.1795803114850013,0.1456566283634471,0.0,0.017997221058894,0.1906036354223542,0.0,0.0,0.3017506012613042,0.4431670859505359,0.1900270070152278,0.2008717972958227,0.1325551858312751,0.1994432359278783,0.3622891067043258,0.2962629023598752,0.1869074361086332,0.2162918851518669,0.0,0.5179457259556255,0.0983726695592867,0.3870490157706651,0.0925286561192945,0.3541389718243686,0.0992390629811375,0.2736459754695856,0.3546960732502749,0.0311726142048858,0.5433210369367115,0.5592277287269514,0.259568759816,0.5071713679998112,0.0,0.3764089646690357,0.5378795985327187,0.5161852772854171,0.4369852032336585,0.4828911195088745,0.4461522304720611,0.4903826721793203,0.3475953841961646,0.3026859935969099,0.3960786042044967,0.5484661500164283,0.5220937957377172
0.4384883619870759,0.3184253050368264,0.0,0.0,0.0,0.0,0.0,0.0,0.0,0.3302205628812399,0.0,0.2232770793652715,0.1913956223132036,0.0,0.0826979806200162,0.4197005123783703,0.349505533934707,0.1351735428773251,0.0,0.0,0.3943769763209233,0.1410852881331248,0.2900471670266022,0.5220271936538795,0.3332062215220934,0.4869802341184309,0.1385775119399235,0.0,0.2101221117161973,0.0,0.146161223925188,0.025707164270769,0.8090999857300117,0.3534237039313335,0.0,0.1630280088340472,0.0,0.0878832681684929,0.3017506012613042,0.0,0.6071431327701754,0.1048095066377099,0.0855208073330103,0.2564734427616265,0.3587697950162168,0.5218686903823171,0.232170610512653,0.1381720126194721,0.0,0.0,0.4233831476861677,0.2351726257330592,0.3254589922110623,0.0,0.5277604122227967,0.0,0.1975257635715633,0.4139741229943818,0.0,0.1652637100122506,0.5192745526152872,0.4612268934102855,0.4969527989362387,0.0,0.1458899973007769,0.4193924650311333,0.270853112490847,0.3317525040867788,0.5445908444255603,0.3876707735703065,0.544757523088405,0.137921129662269,0.3499230193013121,0.3129168395724325,0.3246273475626979,0.4897168023653963
0.4757455703076673,0.2522165668834891,0.0,0.0,0.0,0.2030318032229739,0.0937482752502657,0.0,0.1386785857179332,0.1003872333554107,0.0,0.3000887184383925,0.0,0.0,0.0,0.4907268455861489,0.0,0.1869895821467103,0.0,0.0,0.0099820279513225,0.1036794517545915,0.0,0.3937629046157868,0.439813796645948,0.463407105754745,0.0263110930679258,0.0,0.0,0.0,0.0,0.146131530610674,0.5516369403359604,0.047876466114938,0.0,0.0,0.4277316031634689,0.0,0.4431670859505359,0.6071431327701754,0.0,0.3848525378553071,0.0,0.239150946029496,0.2597827029892829,0.4146915934978881,0.0316903863311468,0.1119194836652068,0.0250908387703627,0.0,0.3178173002131017,0.020561200378877,0.0,0.0,0.38123515209546,0.0,0.1689856936288269,0.2674483256557989,0.0,0.1268726052859476,0.5550428059733887,0.3308128921002336,0.4692330203594089,0.0,0.1656963883751208,0.1092875468436295,0.3309453779004542,0.0021750378489243,0.5755315037003403,0.2269681073777729,0.3869076565643899,0.2243287744079414,0.311458319045917,0.3717681303652952,0.3269111450021207,0.7361936104924024
0.0,0.0,0.0,0.0,0.0,0.0,0.0,0.0,0.0,0.0,0.0,0.0198671801917174,0.0,0.0,0.0,0.177014704664752,0.0,0.1226527359921335,0.0,0.0,0.0,0.0231824245074335,0.0,0.0,0.1515629359565563,0.0,0.0,0.0,0.0,0.0,0.0,0.247630596897341,0.0862912663768321,0.0,0.036882863376864,0.0,0.0,0.0,0.1900270070152278,0.1048095066377099,0.3848525378553071,0.0,0.0,0.0,0.036798888191329,0.0,0.0,0.0,0.0,0.0,0.0,0.0,0.0,0.0,0.0,0.0,0.0,0.0,0.0,0.0,0.0,0.0,0.0,0.0,0.0,0.0,0.0,0.0,0.0596192006222256,0.0,0.0,0.0,0.0,0.0,0.0,0.155274705996457
0.0,0.0,0.5531030720042985,0.0,0.284534885418081,0.5394624378005265,0.4029882335499428,0.4589544875344413,0.5445731737878658,0.0,0.3835218137881091,0.164314453250754,0.6037840765937198,0.481271131291887,0.491624221754408,0.0,0.0,0.0,0.3561760889766105,0.5942721575289411,0.0,0.3880094809913234,0.4783668443785772,0.0,0.0,0.0,0.5176822685220879,0.6077568963831061,0.459498126832157,0.0,0.5265913246202465,0.119995974460414,0.0,0.424813663475337,0.0,0.6790067999348759,0.3981883311028559,0.0,0.2008717972958227,0.0855208073330103,0.0,0.0,0.0,0.4792972974641394,0.2361462769552044,0.0,0.0,0.5131736772867211,0.4510759443403763,0.3743482193094065,0.5631199252702703,0.5758910718183871,0.4483488422569557,0.5862094491455583,0.4420179157161871,0.4799346719658726,0.4250340377028694,0.6389796743717424,0.4234218191094096,0.5751936755438734,0.0,0.5116870184935249,0.0,0.3355582943145485,0.5877139121035485,0.6058651730741947,0.5664006625047903,0.5251274404991247,0.1323698968237356,0.3205464525538971,0.2302102401788665,0.410907883067829,0.5498247727970564,0.2017934762534604,0.0,0.2426692469874841
