0.0,0.4772218628701507,0.0,0.0,0.0,0.0442607798050815,0.0,0.1640648667367626,0.0,0.6665119109637304,0.0,0.2963066972645007,0.4137768359656741,0.0,0.4207337473924658,0.6574099820187786,0.6019091484002784,0.7366705960681853,0.0,0.6040703137927541,0.6703048810528432,0.6591691932589767,0.0934877087091445,0.4976037587819331,0.7203403772937622,0.4127526258395354,0.19662716745759,0.6679249364976392,0.5933704864730325,0.0,0.7237042195765041,0.0935648044544712,0.3231752057070038,0.6170719273066938,0.0,0.0,0.0,0.3402898851942686,0.0764166627210708,0.2109155629790058,0.009665215743076,0.0,0.0,0.0,0.0,0.7863283527052861,0.0,0.0,0.0,0.0,0.0,0.0,0.0,0.0,0.422265664784384,0.0,0.0,0.0,0.0,0.0,0.4499505366447266,0.0,0.5231379209613198,0.0,0.0,0.6541984296490326,0.5759631632561382,0.0,0.4361101883081108,0.3561113975298859,0.1913112402377048,0.0,0.0,0.0,0.0,0.2669601079698378
0.4772218628701507,0.0,0.0,0.0,0.3146382319917218,0.7057430627177312,0.6759943030820194,0.4197565501115374,0.5272532558992339,0.0,0.0,0.0,0.7249487521870952,0.0,0.0611171588516811,0.6418038706284104,0.6790284560081657,0.7141723524085392,0.0,0.3948567955418215,0.5106381856145793,0.6000965640553443,0.3209626130582489,0.0,0.8094833738139274,0.8147604155997852,0.3420267694355413,0.5407584145668308,0.5410664915583724,0.0,0.3745136445497876,0.0984795970148261,0.2157826027948714,0.3375715032538243,0.0,0.0,0.0,0.0,0.136484624390102,0.0674754615773223,0.0,0.0,0.0,0.0,0.0,0.5202639830133193,0.4096494717116054,0.0,0.0,0.0,0.4993380824477894,0.0,0.0,0.0,0.0,0.0,0.0,0.0,0.0,0.0,0.1598550185623837,0.0,0.3128506352610904,0.0,0.2677728086537657,0.2780249642248741,0.3197685641583925,0.1292616960519562,0.0,0.3795063927356387,0.4678400361869294,0.2766395890065357,0.0,0.148670037911843,0.0,0.0
0.0,0.0,0.0,0.0203019217169024,0.4616771203182516,0.2957237233392079,0.4201868522510972,0.5012539783588715,0.7889252839975831,0.407202471487721,0.8287689076937236,0.4550853864561454,0.4260198261146571,0.0487797674643938,0.0,0.0,0.0,0.0,0.7383241047584257,0.0,0.0,0.0,0.3879744935768415,0.0,0.0,0.0,0.4256050480706251,0.4228184369340209,0.0,0.0,0.3755901097983704,0.0,0.2736090491721751,0.3222465263201488,0.0,0.0527160052498494,0.0,0.0,0.0,0.0,0.0,0.0,0.2747087015489479,0.0,0.0,0.0,0.0,0.6264366157390503,0.0,0.0544305144007421,0.1324129623455178,0.0223053807602115,0.4877274767379843,0.7192187299780203,0.0,0.6875824903905434,0.0,0.1286328858636967,0.07947367498986,0.0,0.0,0.0,0.0,0.6069387145644226,0.0,0.0,0.0,0.3007527732369127,0.0,0.0,0.0,0.213198521218663,0.1716940573983261,0.0,0.0,0.0
0.0,0.0,0.0203019217169024,0.0,0.0665609237335843,0.0,0.0366501759121182,0.0325786419832595,0.0551342683242491,0.0,0.0164965867327413,0.1513589286153078,0.1663545485672504,0.0,0.0,0.0,0.0,0.0,0.0910112457395155,0.0,0.0,0.0,0.0,0.0,0.0,0.0,0.0,0.1921047366674625,0.0,0.0,0.0083504362210932,0.0,0.0,0.0,0.0,0.2013494833388214,0.1589636213596057,0.0,0.0,0.0,0.0,0.0,0.0,0.0,0.0,0.0,0.0,0.0,0.0,0.0,0.0,0.0,0.0,0.0,0.0,0.0,0.0,0.0,0.0,0.0,0.0,0.0,0.0,0.0,0.0,0.0,0.0,0.0,0.0,0.0,0.0,0.0,0.0,0.0,0.0,0.0
0.0,0.3146382319917218,0.4616771203182516,0.0665609237335843,0.0,0.3038348686881703,0.5771893541235017,0.3027513815877667,0.5529390970877152,0.3642755658936393,0.6300096133589045,0.3008427964959092,0.4240072771112579,0.180867785308873,0.0,0.3618941155165923,0.0,0.0,0.4803421676431634,0.3840388368879437,0.0,0.3888149608888596,0.1923064126870487,0.0,0.2765708034470494,0.3031909407960274,0.4017733288746798,0.4062666064659987,0.3920593873787626,0.0,0.2695709173360144,0.0,0.2291763167374977,0.2209950283547788,0.0,0.0331149063169932,0.0632746357905808,0.1362369054865541,0.0,0.0,0.0,0.0,0.1780626286318657,0.0,0.0,0.0,0.0,0.2662550791100518,0.0,0.3291938680600797,0.0,0.0,0.2968000477023674,0.4863953403419492,0.0,0.4974334526249025,0.0,0.0,0.0,0.0,0.0,0.0,0.0,0.3178133252006951,0.0,0.0,0.0,0.0433954293635036,0.0,0.0,0.0,0.0,0.0,0.0,0.0,0.0
0.0442607798050815,0.7057430627177312,0.2957237233392079,0.0,0.3038348686881703,0.0,0.5397587730552524,0.6194747116927753,0.4252350625575816,0.2626889891258063,0.3056154225906363,0.5356892222892679,0.6790095251854221,0.0370636108225291,0.0310083783657481,0.3579273646538452,0.3701003403591493,0.3598841075700383,0.2445478295555584,0.2573860135129894,0.332672004152022,0.3456344531381805,0.5138850205577178,0.0,0.3536096410072053,0.7323820632030384,0.4757547814372328,0.2725716220227356,0.2760481060167589,0.0763876904131059,0.1501245853418611,0.0354087015191575,0.2275516192523694,0.1471549160588439,0.0,0.0874109798019141,0.0,0.059936390989216,0.0,0.0,0.0,0.0,0.2179148153790194,0.0,0.0,0.0,0.3868977155906175,0.2282590860217661,0.0,0.1833835989137632,0.7000284175256121,0.3774043110497194,0.5403583237023002,0.3510685976952609,0.0,0.2473595670151263,0.0,0.487190469021631,0.0,0.0,0.0,0.0,0.0,0.2490315016985924,0.0,0.0,0.1292536812696074,0.2669900075700931,0.0,0.0,0.4459490038276445,0.1142104522956809,0.0898578236609356,0.0,0.0,0.0
0.0,0.6759943030820194,0.4201868522510972,0.0366501759121182,0.5771893541235017,0.5397587730552524,0.0,0.3314874945423454,0.5518333559200664,0.7186524437363009,0.4390824301381728,0.4830041824461143,0.7002674845674897,0.0,0.0,0.6383289923168066,0.6983073503066869,0.7418166270303045,0.1659635382864509,0.6035288814134724,0.0,0.704025751897463,0.0519447007664424,0.2181289501088892,0.5942514727632767,0.4881359998425635,0.5395681507009316,0.6014064482823067,0.706681558213608,0.0,0.4960311516725455,0.0,0.3570254714876279,0.4608350900077222,0.0,0.0254467998945486,0.0684597698608439,0.1959864094493515,0.0,0.0,0.0,0.0,0.3578512867172044,0.0,0.0,0.0,0.0,0.1173875290301934,0.0,0.0,0.1971554569306564,0.0,0.3131253363985748,0.4613037321831388,0.0,0.2934339440689854,0.0,0.0,0.0,0.0,0.0,0.0,0.0,0.280801691895313,0.0,0.0,0.0,0.0,0.0,0.0,0.0,0.2208241490790129,0.0,0.0,0.0,0.0
0.1640648667367626,0.4197565501115374,0.5012539783588715,0.0325786419832595,0.3027513815877667,0.6194747116927753,0.3314874945423454,0.0,0.3854937417058456,0.2550878823573779,0.5049292835030357,0.6714113944592895,0.4466581675243237,0.2096945903385079,0.1732209840328417,0.2004923385761765,0.0,0.2367940525188199,0.3416165317442244,0.4334060342339433,0.3738991999717621,0.3693302392685655,0.766988758766,0.488950014120756,0.1649392507815162,0.576400308520517,0.4679216653202009,0.2991898195506012,0.1059538925170019,0.3106553678388851,0.1793419253438347,0.0,0.3724459329758074,0.1944125644902967,0.0,0.1132252496287696,0.0469987050145862,0.0,0.0,0.0,0.0,0.0,0.2124283239401262,0.0,0.0,0.0,0.0,0.3375052532757949,0.0,0.1385040467595032,0.3686924674809453,0.0396530017475907,0.7620054598123386,0.3760723865618168,0.0,0.377817369494898,0.0,0.3117078400987042,0.2288711605284511,0.0,0.0,0.0,0.0,0.3390767143081084,0.2115719279687316,0.1820778920240804,0.0,0.4923962931340186,0.0,0.0,0.0,0.0571389951695786,0.1457797411234729,0.0,0.0,0.0
0.0,0.5272532558992339,0.7889252839975831,0.0551342683242491,0.5529390970877152,0.4252350625575816,0.5518333559200664,0.3854937417058456,0.0,0.5528237408211989,0.766995448169382,0.4779038640100398,0.6379579809169694,0.0,0.0,0.5777141531187221,0.0,0.6581052651862954,0.6040697971468263,0.6472646433508807,0.0,0.6827192119523015,0.1752095860770344,0.3864129878326934,0.5736313917293727,0.4781059644325187,0.4542220560020127,0.6459958807460356,0.5076402944134142,0.4442643720941072,0.5577930884624394,0.0,0.3386366745059834,0.4955091887254612,0.0,0.0793407481610354,0.0590829741499135,0.1089235685761088,0.0,0.0,0.0,0.0,0.2762583065500289,0.0,0.0,0.0,0.0,0.5645647012328343,0.0,0.2087534760931867,0.21970678542743,0.2360572139575247,0.4040926703740951,0.8617239786062977,0.0,0.6703637472279079,0.0,0.2346284809495844,0.059329119510631,0.0,0.0,0.0,0.0,0.5860566978718378,0.0,0.0,0.0,0.0782576796470449,0.0,0.0,0.0,0.1644142121125228,0.3529635867361856,0.0,0.0,0.0
0.6665119109637304,0.0,0.407202471487721,0.0,0.3642755658936393,0.2626889891258063,0.7186524437363009,0.2550878823573779,0.5528237408211989,0.0,0.4287851531016562,0.5357862335474292,0.5410599569241074,0.0,0.0,0.5976619523923462,0.786154639858137,0.8068215340362948,0.1661471076541619,0.5877805235706989,0.0,0.6528257953128616,0.0,0.4483553003432791,0.714245916063212,0.515422156527086,0.3622969392642309,0.6142907273883614,0.643189390272692,0.0,0.6268959935650451,0.0,0.3697550768127436,0.5494758993584897,0.0,0.1701798682329763,0.224012354031665,0.3027875870388841,0.0721550255787469,0.1391445112586045,0.0,0.0,0.0,0.0,0.01698858382036,0.6262771649978178,0.0,0.0,0.0,0.0,0.0,0.0,0.0,0.0,0.7172986862719153,0.0,0.4988238518828117,0.1208649186497267,0.0,0.0,0.0,0.0926086368573701,0.4101858195085384,0.0,0.0,0.0,0.0,0.0,0.4074450755125018,0.2920135960986028,0.2884106182741554,0.0,0.4411020629621559,0.0,0.0,0.0
0.0,0.0,0.8287689076937236,0.0164965867327413,0.6300096133589045,0.3056154225906363,0.4390824301381728,0.5049292835030357,0.766995448169382,0.4287851531016562,0.0,0.4374413445133883,0.3694742164405949,0.1642132271386984,0.0,0.0,0.3299765476507421,0.0,0.7855122158713405,0.0,0.0,0.0,0.3737225599549996,0.2853434807660761,0.0,0.3215415507807527,0.5405856684907119,0.3803675171677537,0.0,0.0,0.3317709181290271,0.0,0.3181486809847146,0.374747959868471,0.0,0.009901230903187,0.0096389307473335,0.0493453827893706,0.0,0.0,0.0,0.0,0.2677843056118898,0.0,0.0,0.0,0.0,0.5673998529624962,0.0,0.2720428361546808,0.0,0.0289274429145551,0.4929788242088027,0.740059220981013,0.0,0.8320091043583464,0.0,0.0712135409295504,0.0674225914223979,0.0,0.0,0.0,0.0,0.610446879630554,0.0,0.0,0.0,0.232350663367221,0.0,0.0,0.0,0.0672776908907881,0.104806710912075,0.0,0.0,0.0
0.2963066972645007,0.0,0.4550853864561454,0.1513589286153078,0.3008427964959092,0.5356892222892679,0.4830041824461143,0.6714113944592895,0.4779038640100398,0.5357862335474292,0.4374413445133883,0.0,0.6215769639854323,0.0,0.0,0.0,0.4604027608944447,0.3747916487158931,0.3804231694872785,0.0,0.357608072833907,0.0,0.3208541008035983,0.6182444729850103,0.2164234411055803,0.5916662244360055,0.3306725483392365,0.5093412848747464,0.0,0.0,0.3267186178035398,0.0,0.2878111118287357,0.307372938495313,0.0,0.3358098130372198,0.2209305851340419,0.129092356793593,0.0,0.1714070023806077,0.0,0.0,0.5008854592049641,0.0,0.0,0.0,0.0,0.0,0.0,0.0,0.0,0.0,0.0,0.0,0.5164597204763062,0.0,0.8465678227996503,0.4172934057109944,0.0,0.0,0.0,0.0,0.0,0.0,0.0,0.0,0.0,0.0,0.4893830696730902,0.0,0.4171869851823968,0.0,0.3201961233432637,0.0,0.0,0.0
0.4137768359656741,0.7249487521870952,0.4260198261146571,0.1663545485672504,0.4240072771112579,0.6790095251854221,0.7002674845674897,0.4466581675243237,0.6379579809169694,0.5410599569241074,0.3694742164405949,0.6215769639854323,0.0,0.0,0.1408372756573036,0.6976183588949586,0.7512805331055079,0.6956938142445522,0.2228644764227723,0.5410547086859288,0.5210291742532057,0.6739613319340896,0.1782147237801436,0.4427299183400738,0.5985786077169578,0.7411040746208177,0.3097598198716241,0.8072691887794037,0.4349924916611478,0.4013979677888309,0.4539638879354991,0.0,0.2778826318631138,0.4338973830640584,0.0,0.2769327038249332,0.2168187213403075,0.1967699440687101,0.0,0.056810827700519,0.0,0.0,0.3068529318621144,0.0,0.0,0.0,0.0,0.1609827599662905,0.0,0.0,0.4141660468595014,0.34701696763434,0.3938305684816057,0.0,0.0,0.2254006571089352,0.6418645300644844,0.0,0.0,0.0,0.0,0.0,0.0,0.0,0.405929104309195,0.0,0.4370134784017489,0.0376327522992793,0.0,0.0,0.3643536143435198,0.1249583556477779,0.0,0.0,0.0,0.0
0.0,0.0,0.0487797674643938,0.0,0.180867785308873,0.0370636108225291,0.0,0.2096945903385079,0.0,0.0,0.1642132271386984,0.0,0.0,0.0,0.0,0.0,0.0,0.0,0.1033685580031879,0.0,0.0519505743588765,0.0,0.2405335517317407,0.0,0.0,0.0,0.1845920538423901,0.0,0.0,0.0,0.0,0.0372683063016593,0.0,0.0217159402968854,0.0,0.0,0.0,0.0,0.0539593792047648,0.0,0.0,0.0,0.0,0.0,0.0,0.0,0.0,0.0109324306277297,0.0,0.0,0.0,0.0,0.0,0.0,0.0,0.1676682650484123,0.0,0.0,0.0,0.0,0.0,0.0,0.0,0.0,0.0,0.0,0.0,0.1815131414959998,0.0,0.0,0.0,0.0,0.0,0.0,0.0,0.0
0.4207337473924658,0.0611171588516811,0.0,0.0,0.0,0.0310083783657481,0.0,0.1732209840328417,0.0,0.0,0.0,0.0,0.1408372756573036,0.0,0.0,0.4570931418339732,0.0,0.4642588657377028,0.0,0.680206179747811,0.5839457944998919,0.6391003981549408,0.1341871387060741,0.1220582631372595,0.1671873790569076,0.0,0.5057045489578534,0.3188409640009746,0.5073403596569748,0.0,0.6274682187084007,0.0,0.5143123735356309,0.6055449488437522,0.0,0.0,0.0,0.0,0.0,0.2864570422022074,0.0,0.0,0.1114931960079343,0.0,0.0,0.0,0.0,0.0,0.0,0.0,0.0,0.0,0.2290795978085778,0.0,0.0,0.0,0.0,0.0,0.0,0.7240278898575001,0.160560476996123,0.0,0.0,0.0,0.339865876029785,0.6071907112428727,0.3844191481096326,0.0725049287415659,0.0,0.0,0.0,0.2046020567322723,0.1484344258897386,0.2512383325406664,0.0,0.0
0.6574099820187786,0.6418038706284104,0.0,0.0,0.3618941155165923,0.3579273646538452,0.6383289923168066,0.2004923385761765,0.5777141531187221,0.5976619523923462,0.0,0.0,0.6976183588949586,0.0,0.4570931418339732,0.0,0.7806255813483596,0.9065549725634438,0.0,0.6519205990086038,0.7375435291503373,0.8044428883101163,0.0689229083739829,0.1535675218367853,0.7218128034059371,0.4710245070868624,0.3847820276396357,0.7298636243219871,0.804703044918244,0.4172188466974247,0.7642043667297029,0.0,0.4837199901009356,0.6399012709796168,0.0,0.0,0.0,0.0,0.0813933063071632,0.1271224953182168,0.0,0.0,0.0,0.0,0.0,0.6265635757493156,0.0,0.0,0.0,0.0,0.0,0.0,0.0,0.0,0.0,0.0,0.0,0.0,0.0,0.2297635886615992,0.4591551276167556,0.0,0.6219922871137388,0.0,0.4014367254430457,0.5147872910384128,0.4376564389985016,0.0,0.0,0.1952180932973497,0.0328321119975911,0.1773166413575469,0.0,0.3390210558327472,0.0,0.0389889943716941
0.6019091484002784,0.6790284560081657,0.0,0.0,0.0,0.3701003403591493,0.6983073503066869,0.0,0.0,0.786154639858137,0.3299765476507421,0.4604027608944447,0.7512805331055079,0.0,0.0,0.7806255813483596,0.0,0.9013993906871048,0.0,0.6299179034337915,0.0,0.7437916367395224,0.0,0.3528451914017624,0.7414437494154433,0.5594180239191646,0.0,0.7247174382276247,0.6428142857943662,0.0,0.6574320938905651,0.0,0.4085989496391988,0.6469326628192854,0.0,0.0,0.0,0.2449768846306786,0.0,0.0726566283853378,0.0,0.0,0.0,0.0,0.0,0.0,0.0,0.0,0.0,0.0,0.0,0.0,0.0,0.0,0.6019186415501826,0.0,0.5124081087869269,0.0,0.0,0.0,0.0,0.1490207343095982,0.5210317300410485,0.0,0.0,0.0,0.0,0.0,0.2988102886558102,0.156184256667832,0.2506571359018906,0.0,0.0,0.0,0.0,0.0
0.7366705960681853,0.7141723524085392,0.0,0.0,0.0,0.3598841075700383,0.7418166270303045,0.2367940525188199,0.6581052651862954,0.8068215340362948,0.0,0.3747916487158931,0.6956938142445522,0.0,0.4642588657377028,0.9065549725634438,0.9013993906871048,0.0,0.0,0.7228591996029126,0.7351216921649126,0.8770206860774926,0.0193172516770865,0.327288109253952,0.8545808817810252,0.5209170697277945,0.4279320544613605,0.7730801301377892,0.8528186291543051,0.4819739806303377,0.7755797549248856,0.0,0.4594379981604936,0.6477843523030179,0.0,0.0,0.0,0.0,0.0896861431300781,0.0979479736349851,0.0,0.0,0.0,0.0,0.0,0.756955435371333,0.0,0.0,0.0,0.0,0.0,0.0,0.0,0.0,0.6264854635317064,0.0,0.3971230249459325,0.0,0.0,0.0,0.445596317670752,0.0576502665215163,0.6489328835095787,0.0,0.0,0.0,0.5094068928168172,0.0,0.284562486349434,0.3282767165515797,0.1822074941566251,0.0,0.0,0.0,0.0,0.0
0.0,0.0,0.7383241047584257,0.0910112457395155,0.4803421676431634,0.2445478295555584,0.1659635382864509,0.3416165317442244,0.6040697971468263,0.1661471076541619,0.7855122158713405,0.3804231694872785,0.2228644764227723,0.1033685580031879,0.0,0.0,0.0,0.0,0.0,0.0,0.0,0.0,0.2753071590804105,0.0,0.0,0.0,0.1987824555711645,0.1365131074538458,0.0,0.0,0.0287912252889784,0.0,0.0,0.0556360224702916,0.0,0.1202415779596241,0.1112554894075484,0.0,0.0,0.0,0.0,0.0,0.2355724533387999,0.0,0.0,0.0,0.0,0.5396855835131398,0.0,0.2954179443094266,0.0912217700834722,0.1036986358720047,0.3766096958721429,0.5559650988122453,0.0,0.6626229931916121,0.0,0.1741275285944453,0.0226600331638229,0.0,0.0,0.0,0.0,0.5745111482110967,0.0,0.0,0.0,0.1654562152520877,0.0,0.0,0.0,0.0,0.0,0.0,0.0,0.0
0.6040703137927541,0.3948567955418215,0.0,0.0,0.3840388368879437,0.2573860135129894,0.6035288814134724,0.4334060342339433,0.6472646433508807,0.5877805235706989,0.0,0.0,0.5410547086859288,0.0,0.680206179747811,0.6519205990086038,0.6299179034337915,0.7228591996029126,0.0,0.0,0.7392539945526185,0.9239730678531598,0.1782832346763784,0.0,0.4597106818170841,0.342695390458302,0.5853112225832657,0.7106732311903259,0.6587850044910086,0.5850848969675533,0.7648342959834239,0.0,0.5475991653281781,0.6597501067382732,0.0,0.012725364390196,0.1124422207197746,0.0,0.0,0.1649889770618883,0.0,0.0,0.326087789807394,0.0,0.0,0.0,0.0,0.0,0.0,0.0,0.0481647355289533,0.0,0.4355908350226178,0.0,0.0,0.0,0.0,0.1356463488372586,0.0,0.4537305155127863,0.1906308804827973,0.0,0.0,0.0,0.6469003232038834,0.6334505903845328,0.5802474546643759,0.0814661711550228,0.0,0.0,0.1011588321531184,0.2189444751039628,0.4918513065538397,0.2103332134898253,0.0,0.0
0.6703048810528432,0.5106381856145793,0.0,0.0,0.0,0.332672004152022,0.0,0.3738991999717621,0.0,0.0,0.0,0.357608072833907,0.5210291742532057,0.0519505743588765,0.5839457944998919,0.7375435291503373,0.0,0.7351216921649126,0.0,0.7392539945526185,0.0,0.743775666368777,0.22198186469587,0.3980631746524465,0.575900507187042,0.4384778226157994,0.4513490740200641,0.6570636443161426,0.6835619254809902,0.0,0.6863684244436226,0.0,0.5171330700189897,0.6173620608808632,0.0,0.0,0.0,0.0,0.08224597413903,0.3454477186036129,0.0,0.0,0.0,0.0,0.0,0.6479251349277342,0.0836493368770305,0.0,0.0,0.0,0.0,0.0,0.3286104620112522,0.0,0.0,0.0,0.0,0.0776929352885295,0.0,0.4379527056125773,0.2220342855814535,0.0,0.0,0.0,0.4513678868838373,0.6764479060511819,0.4528354496313369,0.1206824270832642,0.0,0.2190704456421824,0.2012694997700407,0.1753332214393866,0.4058765116735226,0.3099936847066817,0.0,0.0
0.6591691932589767,0.6000965640553443,0.0,0.0,0.3888149608888596,0.3456344531381805,0.704025751897463,0.3693302392685655,0.6827192119523015,0.6528257953128616,0.0,0.0,0.6739613319340896,0.0,0.6391003981549408,0.8044428883101163,0.7437916367395224,0.8770206860774926,0.0,0.9239730678531598,0.743775666368777,0.0,0.1341012918447252,0.0,0.6431178253830071,0.4764597513229882,0.6195613115460146,0.7904856867627347,0.7554971718586905,0.6083662842859701,0.7868685740948705,0.0,0.5258682291114026,0.7354061765286047,0.0,0.0183985961809823,0.0403499395537904,0.0,0.0406187817697756,0.1078873825935999,0.0,0.0,0.2859200939430672,0.0,0.0,0.7578333366473797,0.0,0.0,0.0,0.0,0.1148148926556586,0.0,0.0,0.0,0.0,0.0,0.0,0.0,0.0,0.3996055560079541,0.3184637283687074,0.0,0.47954539717827,0.0,0.6270894749303662,0.6146398279458302,0.6559385835685951,0.0448369932073573,0.0,0.1717120313402358,0.178388541463259,0.360032685267912,0.5410729881123337,0.3378323456726132,0.0,0.0
0.0934877087091445,0.3209626130582489,0.3879744935768415,0.0,0.1923064126870487,0.5138850205577178,0.0519447007664424,0.766988758766,0.1752095860770344,0.0,0.3737225599549996,0.3208541008035983,0.1782147237801436,0.2405335517317407,0.1341871387060741,0.0689229083739829,0.0,0.0193172516770865,0.2753071590804105,0.1782832346763784,0.22198186469587,0.1341012918447252,0.0,0.3342894921196407,0.112836712121471,0.4505382977724915,0.4625142248847584,0.0601039549192659,0.0330944210523275,0.1505242396573473,0.0,0.0944617609763719,0.1697199009040491,0.0,0.1077554662395017,0.0,0.0,0.2195938645263269,0.0217868412064921,0.3110350087028463,0.0,0.0,0.0,0.0,0.0,0.0,0.433413026251544,0.4355638925311154,0.0,0.0,0.403396509302358,0.0,0.6635596838047694,0.1673799671153457,0.0,0.3088399057783833,0.0,0.2415595577499758,0.3068712365675207,0.0284500115231224,0.0,0.0,0.0,0.287907824649982,0.0864386505588448,0.1105682192153365,0.0920318860526546,0.8027709124160166,0.0,0.0,0.3417961867935658,0.1260149992719539,0.0225241842592155,0.0,0.0,0.0
0.4976037587819331,0.0,0.0,0.0,0.0,0.0,0.2181289501088892,0.488950014120756,0.3864129878326934,0.4483553003432791,0.2853434807660761,0.6182444729850103,0.4427299183400738,0.0,0.1220582631372595,0.1535675218367853,0.3528451914017624,0.327288109253952,0.0,0.0,0.3980631746524465,0.0,0.3342894921196407,0.0,0.4455222467510703,0.6941048352655551,0.0670521663934997,0.3819456594032239,0.0,0.0,0.1640028826180914,0.2056406372958422,0.1824309659804567,0.2033678218599131,0.0,0.3877915040695174,0.2565713645892123,0.2484443382023757,0.0861111402085337,0.3119008557172691,0.1077248114254055,0.0,0.0,0.0,0.2019984959242758,0.4641054994538847,0.0,0.0,0.0,0.0,0.0,0.0,0.0,0.0,0.2925240672479039,0.0,0.5467048005445483,0.0,0.0,0.0,0.1268834142594655,0.0,0.1289677091123612,0.0,0.0,0.0,0.0,0.0,0.6231370639394405,0.1033370780454075,0.6177374419646138,0.0,0.5107057052253561,0.0,0.0,0.2228115686280888
0.7203403772937622,0.8094833738139274,0.0,0.0,0.2765708034470494,0.3536096410072053,0.5942514727632767,0.1649392507815162,0.5736313917293727,0.714245916063212,0.0,0.2164234411055803,0.5985786077169578,0.0,0.1671873790569076,0.7218128034059371,0.7414437494154433,0.8545808817810252,0.0,0.4597106818170841,0.575900507187042,0.6431178253830071,0.112836712121471,0.4455222467510703,0.0,0.6650349843698925,0.2714875441178484,0.6414594655641493,0.6671712612509302,0.0,0.5035707635105292,0.1562782872009382,0.2275708418043112,0.4449082639158176,0.0,0.0,0.0,0.26745595870848,0.1884812937134256,0.0790325489386742,0.0808039626976057,0.0,0.0,0.0,0.0,0.6557473951403372,0.3088247901249515,0.0,0.0,0.0,0.0,0.0,0.0,0.0,0.4738908973120312,0.0,0.29694719326661,0.2187711915592123,0.0,0.0525972812980543,0.4412675465596997,0.0914457529398039,0.5758060850305756,0.0,0.5076503473446684,0.442555086309512,0.5329231887282656,0.0290919471049012,0.2776646715316391,0.6394174935601402,0.3850627947952029,0.0,0.0,0.4798938436169264,0.0,0.2532557309069243
0.4127526258395354,0.8147604155997852,0.0,0.0,0.3031909407960274,0.7323820632030384,0.4881359998425635,0.576400308520517,0.4781059644325187,0.515422156527086,0.3215415507807527,0.5916662244360055,0.7411040746208177,0.0,0.0,0.4710245070868624,0.5594180239191646,0.5209170697277945,0.0,0.342695390458302,0.4384778226157994,0.4764597513229882,0.4505382977724915,0.6941048352655551,0.6650349843698925,0.0,0.2771232685320556,0.4998077967798571,0.2409024102542014,0.0,0.1798731872460973,0.1621596069650909,0.2376680965105088,0.2303635759364272,0.0,0.2912661775619056,0.0,0.219551690253384,0.1224675179186269,0.2346972161253335,0.0,0.0,0.0,0.0,0.0870332513741656,0.3606237892929089,0.35707867576315,0.0,0.0,0.0,0.4980577969364522,0.0,0.0,0.0,0.3091696174664201,0.0,0.5509011236505458,0.4778788849940945,0.0,0.0,0.0,0.1091559747877622,0.1452799926937314,0.0,0.3811571835358664,0.1110101786507388,0.4505983256956935,0.1888678893705329,0.3767729980003726,0.1861556826447654,0.6531129951981122,0.1494907698900943,0.4265923339442219,0.0,0.0,0.0
0.19662716745759,0.3420267694355413,0.4256050480706251,0.0,0.4017733288746798,0.4757547814372328,0.5395681507009316,0.4679216653202009,0.4542220560020127,0.3622969392642309,0.5405856684907119,0.3306725483392365,0.3097598198716241,0.1845920538423901,0.5057045489578534,0.3847820276396357,0.0,0.4279320544613605,0.1987824555711645,0.5853112225832657,0.4513490740200641,0.6195613115460146,0.4625142248847584,0.0670521663934997,0.2714875441178484,0.2771232685320556,0.0,0.2846712185447297,0.5475224279939582,0.3253383074771792,0.3924953653231058,0.0,0.4613730805766817,0.3008155546544945,0.0,0.0,0.0,0.0370628340286477,0.0,0.1615762440022108,0.0,0.0,0.1194625588872824,0.0,0.0,0.0,0.1296760127259381,0.332537018061648,0.0,0.0978760003619702,0.1103072220101909,0.0630285168620672,0.4445948280642665,0.4044191546982343,0.0,0.5248586464246685,0.0,0.0,0.113807834765091,0.3040796917450702,0.0,0.0,0.0,0.3705423870123704,0.2651266878818455,0.3770783228936814,0.2197935900567995,0.2755482675390561,0.0,0.0,0.0,0.441852958924739,0.0,0.0753816289784686,0.0,0.0
0.6679249364976392,0.5407584145668308,0.4228184369340209,0.1921047366674625,0.4062666064659987,0.2725716220227356,0.6014064482823067,0.2991898195506012,0.6459958807460356,0.6142907273883614,0.3803675171677537,0.5093412848747464,0.8072691887794037,0.0,0.3188409640009746,0.7298636243219871,0.7247174382276247,0.7730801301377892,0.1365131074538458,0.7106732311903259,0.6570636443161426,0.7904856867627347,0.0601039549192659,0.3819456594032239,0.6414594655641493,0.4998077967798571,0.2846712185447297,0.0,0.5289875255515575,0.6506482790582063,0.6764504721221277,0.0,0.3436281554649157,0.5901056301968868,0.0,0.2940462629864073,0.2963953283919313,0.2567789311727284,0.0,0.0461342935066385,0.0,0.0,0.2926600966692244,0.0,0.0,0.0,0.0,0.1719048646691927,0.0,0.0,0.1249143322620111,0.0,0.2902044242627228,0.5546313208713591,0.5440871711054597,0.0,0.5662440263320423,0.3830383479119362,0.0,0.1698407184846067,0.0,0.0,0.0,0.0,0.6133183905186606,0.4914951191605416,0.5349805106159692,0.0,0.0,0.0693445564775594,0.213728869540203,0.1345396299604155,0.7083325139761798,0.2285736834053721,0.0,0.0474304067615836
0.5933704864730325,0.5410664915583724,0.0,0.0,0.3920593873787626,0.2760481060167589,0.706681558213608,0.1059538925170019,0.5076402944134142,0.643189390272692,0.0,0.0,0.4349924916611478,0.0,0.5073403596569748,0.804703044918244,0.6428142857943662,0.8528186291543051,0.0,0.6587850044910086,0.6835619254809902,0.7554971718586905,0.0330944210523275,0.0,0.6671712612509302,0.2409024102542014,0.5475224279939582,0.5289875255515575,0.0,0.3730370852776803,0.7353761024909121,0.0,0.4575512096702109,0.581008421615488,0.0,0.0,0.0,0.0,0.0927212308613658,0.0789160254428505,0.0,0.0,0.1258055677184142,0.0,0.0,0.0,0.1160877088534949,0.0779569931692997,0.0,0.0,0.0,0.1601679346324069,0.0990547587635632,0.3888363949213825,0.0,0.0,0.0,0.0,0.0,0.2712434069418522,0.0,0.0,0.0,0.0,0.2969363248589185,0.6399739148568814,0.3138970963656467,0.0,0.0,0.0,0.0,0.3799114491039916,0.2510208198978602,0.5819342329187213,0.0,0.0
0.0,0.0,0.0,0.0,0.0,0.0763876904131059,0.0,0.3106553678388851,0.4442643720941072,0.0,0.0,0.0,0.4013979677888309,0.0,0.0,0.4172188466974247,0.0,0.4819739806303377,0.0,0.5850848969675533,0.0,0.6083662842859701,0.1505242396573473,0.0,0.0,0.0,0.3253383074771792,0.6506482790582063,0.3730370852776803,0.0,0.5593372354315815,0.0731116207498632,0.0,0.4143233809493804,0.0,0.0,0.0,0.0,0.0,0.0,0.0,0.0,0.0,0.0,0.0,0.0,0.0,0.0,0.0,0.0,0.0,0.0,0.0,0.0,0.0,0.0,0.0,0.0,0.0,0.0,0.0,0.0,0.0,0.0,0.6199191933932837,0.0,0.0,0.1582378455957923,0.0,0.0,0.0,0.1740248525044431,0.0,0.2930447110996477,0.0,0.0
0.7237042195765041,0.3745136445497876,0.3755901097983704,0.0083504362210932,0.2695709173360144,0.1501245853418611,0.4960311516725455,0.1793419253438347,0.5577930884624394,0.6268959935650451,0.3317709181290271,0.3267186178035398,0.4539638879354991,0.0,0.6274682187084007,0.7642043667297029,0.6574320938905651,0.7755797549248856,0.0287912252889784,0.7648342959834239,0.6863684244436226,0.7868685740948705,0.0,0.1640028826180914,0.5035707635105292,0.1798731872460973,0.3924953653231058,0.6764504721221277,0.7353761024909121,0.5593372354315815,0.0,0.0,0.4756623151972731,0.7316468428587515,0.0,0.021512725507353,0.1939424869337093,0.1906926126715309,0.0,0.1774934281209429,0.0,0.0,0.2675151778797837,0.0,0.0,0.0,0.0,0.0,0.0,0.0,0.0,0.0,0.1668868272569317,0.0,0.5322856864859602,0.0,0.3269466729916826,0.0,0.0,0.3880713654907336,0.4086210319987747,0.0,0.5247157757795431,0.0,0.4937197348099378,0.6859657721281861,0.4662466620194722,0.0,0.2771046193034992,0.0828494259394339,0.0,0.1563619733616519,0.439444047880114,0.4713769722995485,0.0,0.0500259733850971
0.0935648044544712,0.0984795970148261,0.0,0.0,0.0,0.0354087015191575,0.0,0.0,0.0,0.0,0.0,0.0,0.0,0.0372683063016593,0.0,0.0,0.0,0.0,0.0,0.0,0.0,0.0,0.0944617609763719,0.2056406372958422,0.1562782872009382,0.1621596069650909,0.0,0.0,0.0,0.0731116207498632,0.0,0.0,0.0,0.0,0.1505862267244445,0.2385916222706827,0.1203858624330946,0.0315778831630827,0.5156093881372672,0.1016813766488766,0.4285158541474456,0.0374227674102729,0.0271518076196404,0.2330709118635091,0.1227784189060601,0.0,0.2517235427659554,0.024079803584205,0.0,0.2005245844799908,0.2500315488024075,0.3180454527849309,0.0,0.0,0.0,0.0,0.0,0.2273100478010266,0.0,0.0,0.3601742630385486,0.2530218204383905,0.192864697422022,0.0,0.15801717627706,0.0,0.2385987227362609,0.1825482538047177,0.0,0.2415679985130703,0.2875679461636762,0.1606108822182233,0.2497827890165516,0.2154545211578287,0.0,0.4592268896344372
0.3231752057070038,0.2157826027948714,0.2736090491721751,0.0,0.2291763167374977,0.2275516192523694,0.3570254714876279,0.3724459329758074,0.3386366745059834,0.3697550768127436,0.3181486809847146,0.2878111118287357,0.2778826318631138,0.0,0.5143123735356309,0.4837199901009356,0.4085989496391988,0.4594379981604936,0.0,0.5475991653281781,0.5171330700189897,0.5258682291114026,0.1697199009040491,0.1824309659804567,0.2275708418043112,0.2376680965105088,0.4613730805766817,0.3436281554649157,0.4575512096702109,0.0,0.4756623151972731,0.0,0.0,0.5744927417193623,0.0,0.0,0.0,0.1466226342203831,0.0076374642646894,0.5241304770204961,0.0,0.0368755866392843,0.0,0.0,0.013624276071037,0.4333288778578024,0.0,0.0,0.0,0.0,0.0,0.0,0.0,0.0,0.3580307610306156,0.0,0.2251311234822059,0.0,0.0,0.281924630051887,0.087779971039563,0.0,0.12788570453271,0.0,0.1711014189565507,0.42008219534272,0.2116126261472389,0.0713209223801949,0.1720130261228432,0.0,0.1000170333469831,0.17924210327858,0.0373982386756887,0.0,0.0,0.0
0.6170719273066938,0.3375715032538243,0.3222465263201488,0.0,0.2209950283547788,0.1471549160588439,0.4608350900077222,0.1944125644902967,0.4955091887254612,0.5494758993584897,0.374747959868471,0.307372938495313,0.4338973830640584,0.0217159402968854,0.6055449488437522,0.6399012709796168,0.6469326628192854,0.6477843523030179,0.0556360224702916,0.6597501067382732,0.6173620608808632,0.7354061765286047,0.0,0.2033678218599131,0.4449082639158176,0.2303635759364272,0.3008155546544945,0.5901056301968868,0.581008421615488,0.4143233809493804,0.7316468428587515,0.0,0.5744927417193623,0.0,0.0,0.0,0.0806609084997958,0.299477830874234,0.0272548566817723,0.2751125987922344,0.0141209500869197,0.0,0.2236451087913928,0.0,0.0,0.627644099259649,0.0,0.0698975876295439,0.0,0.0,0.0,0.0220833241793346,0.2092315473148792,0.4222312507599641,0.3991197264849828,0.0,0.2894632620924997,0.0,0.0,0.3692952635738306,0.3168659826145277,0.0,0.3988487929816959,0.0,0.3625615283990857,0.5771594004812065,0.4129553472642843,0.0,0.2011038106078441,0.0,0.0279072098748557,0.0998081426320286,0.3019169407218111,0.2811245877322145,0.0,0.0
0.0,0.0,0.0,0.0,0.0,0.0,0.0,0.0,0.0,0.0,0.0,0.0,0.0,0.0,0.0,0.0,0.0,0.0,0.0,0.0,0.0,0.0,0.1077554662395017,0.0,0.0,0.0,0.0,0.0,0.0,0.0,0.0,0.1505862267244445,0.0,0.0,0.0,0.0,0.0132903361542888,0.0,0.1602551900743915,0.0784272609339467,0.1159216422571703,0.0629300427953108,0.0,0.0,0.0731733409060223,0.0,0.1335946569406293,0.0,0.0,0.0,0.0,0.0,0.0,0.0,0.0,0.0,0.0,0.0,0.0,0.0835801154345822,0.0288978216833047,0.0,0.0,0.0,0.0,0.0,0.0,0.1589228668837353,0.0,0.0226099088930676,0.0,0.0,0.0,0.0,0.0,0.0
0.0,0.0,0.0527160052498494,0.2013494833388214,0.0331149063169932,0.0874109798019141,0.0254467998945486,0.1132252496287696,0.0793407481610354,0.1701798682329763,0.009901230903187,0.3358098130372198,0.2769327038249332,0.0,0.0,0.0,0.0,0.0,0.1202415779596241,0.012725364390196,0.0,0.0183985961809823,0.0,0.3877915040695174,0.0,0.2912661775619056,0.0,0.2940462629864073,0.0,0.0,0.021512725507353,0.2385916222706827,0.0,0.0,0.0,0.0,0.4552242280840622,0.0812446538857685,0.0705785052673652,0.0453939531573319,0.2373819816998749,0.0,0.4611723544308415,0.3502081107236479,0.0,0.0,0.0,0.0506847623616869,0.0,0.2522571354114762,0.177777410486255,0.3833398917377522,0.1387415170240784,0.0,0.0,0.0,0.4297706283424657,0.3866342837995947,0.0,0.0,0.0,0.0,0.0,0.0,0.323900076459572,0.0,0.3009912077636252,0.04086775277291,0.0,0.0,0.0,0.0,0.4529199374218122,0.0644718121230644,0.0,0.0
0.0,0.0,0.0,0.1589636213596057,0.0632746357905808,0.0,0.0684597698608439,0.0469987050145862,0.0590829741499135,0.224012354031665,0.0096389307473335,0.2209305851340419,0.2168187213403075,0.0,0.0,0.0,0.0,0.0,0.1112554894075484,0.1124422207197746,0.0,0.0403499395537904,0.0,0.2565713645892123,0.0,0.0,0.0,0.2963953283919313,0.0,0.0,0.1939424869337093,0.1203858624330946,0.0,0.0806609084997958,0.0132903361542888,0.4552242280840622,0.0,0.0479157987311952,0.0813871360708864,0.0,0.1246511514198407,0.0020582376267541,0.2606343242857593,0.0,0.0,0.0,0.0,0.0,0.0,0.0,0.0,0.0,0.0,0.0,0.0,0.0,0.0,0.0,0.0,0.0,0.0,0.0,0.0,0.0,0.0,0.0,0.0,0.0,0.0,0.0,0.0,0.0,0.0,0.0,0.0,0.0
0.3402898851942686,0.0,0.0,0.0,0.1362369054865541,0.059936390989216,0.1959864094493515,0.0,0.1089235685761088,0.3027875870388841,0.0493453827893706,0.129092356793593,0.1967699440687101,0.0,0.0,0.0,0.2449768846306786,0.0,0.0,0.0,0.0,0.0,0.2195938645263269,0.2484443382023757,0.26745595870848,0.219551690253384,0.0370628340286477,0.2567789311727284,0.0,0.0,0.1906926126715309,0.0315778831630827,0.1466226342203831,0.299477830874234,0.0,0.0812446538857685,0.0479157987311952,0.0,0.089056330059293,0.091582673038733,0.0955689523149315,0.0,0.0,0.0,0.2095041427047147,0.0,0.0,0.0,0.0,0.0,0.0,0.0,0.0,0.0,0.172552524870333,0.0,0.0965091958316957,0.0,0.0,0.0,0.0,0.0,0.0,0.0,0.0,0.0,0.0,0.0,0.2452913320279134,0.1754970787443494,0.1512192622040683,0.0,0.2092138288327323,0.0,0.0,0.0
0.0764166627210708,0.136484624390102,0.0,0.0,0.0,0.0,0.0,0.0,0.0,0.0721550255787469,0.0,0.0,0.0,0.0539593792047648,0.0,0.0813933063071632,0.0,0.0896861431300781,0.0,0.0,0.08224597413903,0.0406187817697756,0.0217868412064921,0.0861111402085337,0.1884812937134256,0.1224675179186269,0.0,0.0,0.0927212308613658,0.0,0.0,0.5156093881372672,0.0076374642646894,0.0272548566817723,0.1602551900743915,0.0705785052673652,0.0813871360708864,0.089056330059293,0.0,0.0572008584092916,0.3729165212091304,0.0,0.0599588997158042,0.1750859034083437,0.1550068300957293,0.0604015191199126,0.1851580296357727,0.0,0.0376847238750187,0.0,0.0478110094470334,0.0272260041605784,0.0,0.0,0.0,0.0,0.0,0.0256038020536432,0.097589296156543,0.1799467109878917,0.3404975720317506,0.1458956438671564,0.160818264677285,0.0,0.1876344576657537,0.0460780381024483,0.1529994373372831,0.0336939778746722,0.0461270272613296,0.2836955318514767,0.1792626843338916,0.1826012155055114,0.1083460834780688,0.2631985685247692,0.2656555895341015,0.2896783481436156
0.2109155629790058,0.0674754615773223,0.0,0.0,0.0,0.0,0.0,0.0,0.0,0.1391445112586045,0.0,0.1714070023806077,0.056810827700519,0.0,0.2864570422022074,0.1271224953182168,0.0726566283853378,0.0979479736349851,0.0,0.1649889770618883,0.3454477186036129,0.1078873825935999,0.3110350087028463,0.3119008557172691,0.0790325489386742,0.2346972161253335,0.1615762440022108,0.0461342935066385,0.0789160254428505,0.0,0.1774934281209429,0.1016813766488766,0.5241304770204961,0.2751125987922344,0.0784272609339467,0.0453939531573319,0.0,0.091582673038733,0.0572008584092916,0.0,0.0,0.0,0.0,0.0500685950960199,0.0914850929918032,0.1566763272553873,0.2076642477196831,0.142477884762166,0.0,0.0539966336153692,0.0838038875110285,0.0149849159191438,0.3451595668166473,0.1716055876166194,0.0482123058417463,0.2466066626165528,0.1049082472920786,0.0649704046009262,0.0,0.2294513849872964,0.082778376822331,0.0,0.0,0.0920855950315469,0.1011259961115442,0.2835631530572481,0.2209246951408813,0.2687472323144745,0.1797251021999543,0.0339777831351097,0.2644950225650835,0.0504582934924873,0.0659179285924071,0.0,0.0,0.0
0.009665215743076,0.0,0.0,0.0,0.0,0.0,0.0,0.0,0.0,0.0,0.0,0.0,0.0,0.0,0.0,0.0,0.0,0.0,0.0,0.0,0.0,0.0,0.0,0.1077248114254055,0.0808039626976057,0.0,0.0,0.0,0.0,0.0,0.0,0.4285158541474456,0.0,0.0141209500869197,0.1159216422571703,0.2373819816998749,0.1246511514198407,0.0955689523149315,0.3729165212091304,0.0,0.0,0.0628034350292092,0.0135591870502244,0.2103875895003014,0.3202438617167275,0.0,0.0,0.0,0.0749543938603213,0.0,0.0,0.0,0.0,0.0,0.0,0.0,0.0,0.0712726294788373,0.1570992368502703,0.0935577263160794,0.3803634838486214,0.2349061981930999,0.2768097885811537,0.0,0.1150532366258305,0.0,0.1862589429631042,0.0,0.0,0.2518345628410882,0.0651952173553707,0.0,0.2043583010208317,0.2353503728188215,0.4426513790987776,0.6075358634295309
0.0,0.0,0.0,0.0,0.0,0.0,0.0,0.0,0.0,0.0,0.0,0.0,0.0,0.0,0.0,0.0,0.0,0.0,0.0,0.0,0.0,0.0,0.0,0.0,0.0,0.0,0.0,0.0,0.0,0.0,0.0,0.0374227674102729,0.0368755866392843,0.0,0.0629300427953108,0.0,0.0020582376267541,0.0,0.0,0.0,0.0628034350292092,0.0,0.0,0.0,0.0795444909810439,0.0,0.0,0.0,0.0,0.0378822243462351,0.0672458279537497,0.0,0.0,0.0,0.0,0.0,0.0,0.026466241284299,0.0,0.0,0.0,0.0782121625334249,0.0,0.0,0.0,0.0,0.0,0.0,0.0,0.0,0.0688039875007029,0.0,0.0,0.0,0.0,0.0
0.0,0.0,0.2747087015489479,0.0,0.1780626286318657,0.2179148153790194,0.3578512867172044,0.2124283239401262,0.2762583065500289,0.0,0.2677843056118898,0.5008854592049641,0.3068529318621144,0.0,0.1114931960079343,0.0,0.0,0.0,0.2355724533387999,0.326087789807394,0.0,0.2859200939430672,0.0,0.0,0.0,0.0,0.1194625588872824,0.2926600966692244,0.1258055677184142,0.0,0.2675151778797837,0.0271518076196404,0.0,0.2236451087913928,0.0,0.4611723544308415,0.2606343242857593,0.0,0.0599588997158042,0.0,0.0135591870502244,0.0,0.0,0.3422752645544578,0.0,0.0,0.0,0.1769969281068251,0.3453779491458997,0.3522895079021192,0.2266807168212053,0.3322032196234132,0.2793736734786802,0.288126970455312,0.4250771128375535,0.2023648737600514,0.5404834585802729,0.268545908482432,0.2784633322586196,0.0770077479631233,0.0,0.0792871819548336,0.0,0.2484475036788383,0.276163453667391,0.1723562809126341,0.2854524979442219,0.0,0.4668102399938547,0.0,0.2417363355909745,0.0802177583913694,0.3173260375621825,0.0585595491538242,0.0,0.0696018636086788
0.0,0.0,0.0,0.0,0.0,0.0,0.0,0.0,0.0,0.0,0.0,0.0,0.0,0.0,0.0,0.0,0.0,0.0,0.0,0.0,0.0,0.0,0.0,0.0,0.0,0.0,0.0,0.0,0.0,0.0,0.0,0.2330709118635091,0.0,0.0,0.0,0.3502081107236479,0.0,0.0,0.1750859034083437,0.0500685950960199,0.2103875895003014,0.0,0.3422752645544578,0.0,0.2446360851936484,0.0,0.0,0.0,0.2608274638754697,0.1270702512222456,0.0,0.2939454558397176,0.0,0.0,0.130852167343785,0.0,0.1627513150068141,0.1829036096190937,0.2025933141162429,0.0,0.0,0.0,0.0,0.0,0.0,0.0,0.0,0.0,0.0,0.0,0.0,0.0098183183082043,0.225067981196754,0.1609870128913355,0.0,0.3723031993342561
0.0,0.0,0.0,0.0,0.0,0.0,0.0,0.0,0.0,0.01698858382036,0.0,0.0,0.0,0.0,0.0,0.0,0.0,0.0,0.0,0.0,0.0,0.0,0.0,0.2019984959242758,0.0,0.0870332513741656,0.0,0.0,0.0,0.0,0.0,0.1227784189060601,0.013624276071037,0.0,0.0731733409060223,0.0,0.0,0.2095041427047147,0.1550068300957293,0.0914850929918032,0.3202438617167275,0.0795444909810439,0.0,0.2446360851936484,0.0,0.0429617345763337,0.0,0.0,0.0,0.0,0.0249205926285499,0.0,0.0,0.0,0.0,0.0,0.0,0.0,0.0,0.0,0.0,0.0959587020493401,0.1176590323139066,0.0,0.0,0.0,0.0,0.0,0.0969157893993779,0.1762995341939734,0.1876005538330273,0.184072016628814,0.0531100139705517,0.0,0.0,0.2371308294383588
0.7863283527052861,0.5202639830133193,0.0,0.0,0.0,0.0,0.0,0.0,0.0,0.6262771649978178,0.0,0.0,0.0,0.0,0.0,0.6265635757493156,0.0,0.756955435371333,0.0,0.0,0.6479251349277342,0.7578333366473797,0.0,0.4641054994538847,0.6557473951403372,0.3606237892929089,0.0,0.0,0.0,0.0,0.0,0.0,0.4333288778578024,0.627644099259649,0.0,0.0,0.0,0.0,0.0604015191199126,0.1566763272553873,0.0,0.0,0.0,0.0,0.0429617345763337,0.0,0.1090460518234991,0.0,0.0,0.0,0.1874867655547364,0.0,0.3008834528781197,0.0,0.0,0.0,0.3299066099089478,0.1000816495300127,0.0,0.256750536583978,0.4075841266079927,0.0,0.5214203197199562,0.0,0.4946654015334038,0.7178421438318544,0.5003090371469631,0.1574756196729564,0.5005203397839721,0.3519447579509097,0.3138592380900012,0.2838323762634228,0.4906001107270065,0.4024569376522797,0.0,0.0851678470529488
