0.0,0.5858677529354495,0.0,0.0,0.0,0.2158983927970353,0.0,0.170021018487393,0.0,0.2178367013335736,0.0,0.3743838445938141,0.0,0.0,0.7113897798129963,0.7932637828889019,0.4329923795305673,0.6166756363506565,0.0,0.6378024196882498,0.4259227786883615,0.7632088304687398,0.4423819875638871,0.466167106278942,0.7321073293119265,0.776591543949093,0.4686036770973863,0.2813928500090362,0.5452177642889233,0.0,0.7898547354715852,0.1063261247894753,0.5348994200812135,0.5939755788896249,0.349999397378971,0.0,0.0,0.1746619321111642,0.0303922336169786,0.2910542451363543,0.2663453922763963,0.0,0.0,0.0,0.0,0.8392556301816071,0.6428155536355696,0.0,0.0,0.0,0.0,0.0,0.0,0.0,0.5079609372047543,0.0,0.0,0.0,0.0,0.0,0.4420789981809415,0.0,0.6248508980794386,0.0,0.0,0.5065458575197718,0.6880773105581752,0.0,0.3624338284201018,0.7125241527886553,0.7389761470442172,0.0,0.0,0.0,0.0,0.1225563064136252
0.5858677529354495,0.0,0.0,0.0,0.2021732793788214,0.2547494284880465,0.2772678145397466,0.4685632758427781,0.1402259223335453,0.0,0.0,0.0,0.3960532845554927,0.0,0.6801978668371351,0.4777246894454208,0.0,0.0860306833960988,0.0,0.7385270627743934,0.7695726788944726,0.8091911835304473,0.4331712507618924,0.0,0.4570748190222899,0.5447036663788959,0.4727731061445372,0.2202567646645658,0.5124849315159414,0.0,0.6135194066286946,0.0,0.6846073678755938,0.4295132880990041,0.0,0.0,0.0,0.0,0.0,0.2553601645975694,0.0,0.1496862263550261,0.0,0.0,0.0,0.5938424846089517,0.5370950387073773,0.0,0.0,0.0,0.1895708352472918,0.0,0.0,0.0,0.0,0.0,0.0,0.0,0.0,0.6238342699413034,0.0,0.0,0.2229790777305859,0.0,0.5168558923076467,0.7839170286830303,0.4376230003781627,0.5228292234755825,0.0,0.4710474950486474,0.431477587740486,0.4074133835220205,0.0,0.5571237938490791,0.0,0.0
0.0,0.0,0.0,0.0,0.3187439959118068,0.7150603925195557,0.1562405093270003,0.5267966151837391,0.6930254854695392,0.1128321167321512,0.7556581366044428,0.2912303368240713,0.4084152258362522,0.0,0.0,0.0,0.0,0.0,0.8174598275365417,0.0,0.0,0.0,0.7778809625820085,0.0,0.0,0.0,0.7091442206733117,0.2176742115212052,0.0,0.0,0.1614207190632452,0.0,0.0,0.0,0.0,0.0,0.1262247171217599,0.0,0.0,0.0,0.0,0.0,0.0,0.0,0.0,0.0,0.0,0.9287828196373364,0.0,0.3909066972217333,0.6328044665945424,0.1854871428607138,0.6653200912797339,0.670140172867259,0.0,0.7881181954628509,0.0,0.3975504076185956,0.0,0.0,0.0,0.0,0.0,0.8417171304788523,0.0,0.0,0.0,0.85320364720294,0.0,0.0,0.0,0.693686126171545,0.2305572265138882,0.0,0.0,0.0
0.0,0.0,0.0,0.0,0.3170631013006215,0.0,0.4794583978656886,0.2298854257259575,0.0,0.0,0.0,0.0,0.1022361545540353,0.4379731427058762,0.0,0.0,0.0,0.0,0.0,0.1769119281704495,0.0,0.0,0.0,0.0,0.0,0.0,0.0,0.0,0.2217246880080056,0.0,0.0,0.1040942549882515,0.0,0.2050735527692358,0.0,0.3410716747719934,0.0192633184150478,0.1938963897941997,0.0,0.0,0.0,0.0,0.0,0.0,0.0,0.0,0.0,0.0,0.0,0.0,0.0,0.0,0.0,0.0,0.0,0.0,0.0,0.0,0.0,0.0,0.0,0.0,0.0,0.0,0.0,0.0,0.0,0.0,0.0,0.0,0.0,0.0,0.0,0.0,0.0,0.0
0.0,0.2021732793788214,0.3187439959118068,0.3170631013006215,0.0,0.5350514516984554,0.8154560842563369,0.7187706648074398,0.5430255062728493,0.0,0.7468731745887034,0.0,0.6343522001794394,0.6201672096421526,0.0,0.0,0.0,0.0,0.3721126306035062,0.4860688530827833,0.0,0.245539586640998,0.4503983085672125,0.0,0.0,0.0,0.4178445352186719,0.1840052237537491,0.5080819917623666,0.0,0.0,0.0,0.0,0.0590426306059963,0.0,0.3106402208715261,0.0,0.2160082934111505,0.0,0.0,0.0,0.0,0.2976729957349445,0.0,0.0,0.0,0.0,0.3394222958936465,0.0,0.6982314576870304,0.0236275136407617,0.0,0.667783138954041,0.553638015898045,0.0,0.5315794374267248,0.0,0.0,0.0,0.0,0.0,0.0,0.0,0.3437681294885942,0.0,0.0,0.0,0.210882261588226,0.0,0.0,0.0,0.0806883516019998,0.0,0.0,0.0,0.0
0.2158983927970353,0.2547494284880465,0.7150603925195557,0.0,0.5350514516984554,0.0,0.3234961575051547,0.6029766763382078,0.841543474310735,0.1344381443515833,0.5953316130327344,0.2862212958778612,0.6797946835044669,0.0,0.2796765223963904,0.1312226898221346,0.1370346720550196,0.0921491417853144,0.6487484323231469,0.4739411526495486,0.292328320582559,0.3678416637065327,0.805038458907332,0.0,0.3968560035387041,0.3961646463672946,0.659303629846924,0.4650541130651781,0.7341088507221747,0.3974653739105455,0.2124902111995932,0.0,0.0352119887570782,0.0482186953820579,0.0,0.0,0.0704216433730505,0.0,0.0,0.0,0.0151326819105343,0.0,0.0,0.0,0.0,0.0,0.1836523643770622,0.6776572652957835,0.0,0.4214497357656684,0.7227296341953001,0.4464385687782937,0.6126299651718439,0.7217823263304677,0.0,0.6880419885810517,0.0,0.543355879813853,0.0,0.2141459048345561,0.0,0.0,0.0,0.6175889114224844,0.50522994316338,0.3061394458622717,0.4038091602572757,0.6885751632758489,0.0,0.0,0.3018016408372243,0.4801109809719088,0.3581892544577907,0.5874749408601492,0.3477988499517445,0.1097226596083765
0.0,0.2772678145397466,0.1562405093270003,0.4794583978656886,0.8154560842563369,0.3234961575051547,0.0,0.590439180129922,0.2361083169481829,0.0,0.4329218203098091,0.0,0.5334911323257245,0.5811608946383453,0.0,0.0,0.0,0.0,0.0475768386341599,0.3834224835757412,0.0,0.1440564024359064,0.2423786003998549,0.0,0.0,0.0,0.2451835569790126,0.0,0.4510252941351796,0.0,0.0,0.0,0.1214506430844752,0.1506127999136777,0.0,0.3872926548650524,0.0,0.2699151587013289,0.0325060854809268,0.0,0.0,0.0,0.4175126015521432,0.0,0.0,0.0,0.0,0.0479012269513607,0.0,0.0,0.0,0.0,0.5569762439301602,0.2586939083439319,0.0,0.1699778692590223,0.0,0.0,0.0,0.0,0.0,0.0,0.0,0.1410400968424884,0.0,0.0,0.0,0.0819178111004168,0.0,0.0,0.0,0.0,0.0,0.0,0.0,0.0
0.170021018487393,0.4685632758427781,0.5267966151837391,0.2298854257259575,0.7187706648074398,0.6029766763382078,0.590439180129922,0.0,0.5260349080350772,0.0,0.6921692848496724,0.0705733432019144,0.504753384584978,0.3131743381343919,0.4348846345771068,0.0,0.0,0.0,0.4254204140982808,0.7001483622170185,0.6533694886769025,0.5825375778291609,0.7538952873387936,0.0413970714192963,0.1043986761549693,0.1480582915981258,0.5590811752183141,0.2242382320761058,0.5921000474530626,0.558045231511815,0.1683141740753207,0.0133176318954422,0.2467667429664057,0.2033528571751667,0.0,0.0,0.0209176388463055,0.0,0.0673858979617493,0.0,0.0,0.0,0.0,0.0,0.0,0.0,0.0,0.439222013807296,0.0,0.5261741541541644,0.1181879454882022,0.5222621858341503,0.7973610809439071,0.5411404387994055,0.0,0.6019210722044467,0.0,0.3898944508664089,0.3937673353387773,0.2841610208657087,0.0,0.0,0.0,0.3872049099307101,0.3540243408372933,0.5705186453771824,0.0,0.4174383679698643,0.0,0.0,0.0,0.1798430606931522,0.0890483578731905,0.1294354010613206,0.0,0.0
0.0,0.1402259223335453,0.6930254854695392,0.0,0.5430255062728493,0.841543474310735,0.2361083169481829,0.5260349080350772,0.0,0.2443227151877261,0.7831640274463287,0.3056552793040434,0.6679161475412184,0.0456560426116961,0.0,0.0,0.0,0.0,0.8258489920925866,0.3731014549051931,0.0,0.2672887095253343,0.6232215363163307,0.3760105152406497,0.1934499210947126,0.3196887049550227,0.607080650671018,0.5019139486377542,0.408920829262915,0.2928690726834809,0.0,0.0,0.0,0.0,0.0,0.0,0.0777475639876684,0.0,0.0,0.0,0.0927558797081378,0.0,0.0,0.0,0.0,0.0,0.0,0.8081228530364352,0.0,0.5084510465985858,0.5783090497352271,0.3328095226555353,0.5580127324348997,0.9619543390566582,0.0,0.892054846777277,0.0,0.3522899189069846,0.2092976982881528,0.0,0.0,0.0,0.0,0.7225176032134568,0.0,0.0,0.0,0.6251831112058716,0.0,0.0,0.0,0.5206424898281791,0.3742245493036411,0.0,0.0,0.0
0.2178367013335736,0.0,0.1128321167321512,0.0,0.0,0.1344381443515833,0.0,0.0,0.2443227151877261,0.0,0.0,0.7036545047865039,0.0,0.0,0.0,0.4517628147074406,0.0769346870358683,0.3890852723002109,0.2855294961534591,0.0,0.0,0.0697961269914893,0.103534098156062,0.436132615904981,0.2953875372389024,0.4100864091825161,0.0586158777458415,0.4029292907200153,0.0,0.0,0.1431946528468273,0.1530373047339272,0.0,0.0,0.1041601547842059,0.0,0.6585372547318543,0.0,0.0,0.4032835180343602,0.6537386822887984,0.3914369454675455,0.0,0.0,0.1096165761556368,0.2896052533796501,0.0,0.0,0.0,0.0,0.0,0.0,0.0,0.0,0.5908888214465393,0.0,0.8040120190738959,0.0,0.0,0.0,0.0,0.3473113501562673,0.3487334258420658,0.0,0.0,0.0,0.0,0.0,0.338864777333672,0.1087189516763717,0.355835798182726,0.0,0.1893821914841794,0.0,0.0,0.678587462757482
0.0,0.0,0.7556581366044428,0.0,0.7468731745887034,0.5953316130327344,0.4329218203098091,0.6921692848496724,0.7831640274463287,0.0,0.0,0.0333869819983838,0.4243000537892279,0.2648817274689424,0.0,0.0,0.1415781419139132,0.0,0.8215524573681886,0.0,0.0,0.0,0.6156143808507939,0.1542038130398502,0.0,0.0925417403593936,0.6674563030321203,0.2234232770889581,0.0,0.0,0.0,0.0,0.0,0.0,0.0,0.0716045330361665,0.0,0.0385580802983636,0.0,0.0,0.0,0.0,0.0,0.0,0.0,0.0,0.0,0.8050227144623772,0.0,0.6687537854550564,0.2479660710580974,0.2922512558403416,0.7143395184860474,0.7929727614917483,0.0,0.907264749217521,0.0,0.1589250786675618,0.3681801318557329,0.0,0.0,0.0,0.0,0.7560822550475561,0.0,0.0,0.0,0.5147213066501191,0.0,0.0,0.0,0.4630139905119217,0.1043078027521641,0.0,0.0,0.0
0.3743838445938141,0.0,0.2912303368240713,0.0,0.0,0.2862212958778612,0.0,0.0705733432019144,0.3056552793040434,0.7036545047865039,0.0333869819983838,0.0,0.1978090935884796,0.0,0.0,0.0,0.1053929453309165,0.3262875416254851,0.2959652786502975,0.0,0.0291103380167489,0.0,0.2921109455431086,0.5111984251892359,0.3051279195868276,0.6353117996025611,0.2134089158812239,0.4945570880143939,0.0,0.0,0.2915685802584366,0.0,0.1702589641900448,0.0,0.0,0.0,0.5628639077764057,0.0,0.0,0.3713810883334494,0.529991197894423,0.2791123339481568,0.0,0.0,0.0756138529055841,0.0,0.0,0.0,0.0,0.0,0.0,0.0,0.0,0.0,0.5538624723966158,0.0,0.6383447864050842,0.1330434637899444,0.0,0.0,0.0,0.4450315610511163,0.3375214438297049,0.0,0.0,0.0,0.0,0.0,0.3334709469677807,0.2442625910800005,0.5409945276348421,0.0,0.4215590607735265,0.0,0.0,0.5527006727583453
0.0,0.3960532845554927,0.4084152258362522,0.1022361545540353,0.6343522001794394,0.6797946835044669,0.5334911323257245,0.504753384584978,0.6679161475412184,0.0,0.4243000537892279,0.1978090935884796,0.0,0.3356234114511893,0.1184904647591304,0.0,0.0,0.0,0.3038464478157675,0.4099015159814537,0.5319930609187755,0.2930647272878542,0.4819998663868786,0.0341712557421455,0.0,0.210210554926693,0.2199696152850291,0.6162845192768446,0.5162286045755299,0.6131795573862052,0.0,0.0,0.1783819585461492,0.0,0.0,0.2487955254183053,0.0675817974833923,0.2501506526194764,0.0,0.0562885962762811,0.0,0.0,0.338629091370197,0.0,0.2805377110648364,0.0,0.0,0.3575365200020876,0.0,0.0,0.4257707943792796,0.3876990190531952,0.6004837499138647,0.0,0.0,0.4176325484182594,0.0,0.0,0.0,0.1319372836168392,0.0,0.0,0.0,0.0,0.2249003074380443,0.0,0.0672062641822728,0.440975000570284,0.0,0.0,0.0212123179164221,0.0974243234957561,0.0,0.3637989453075382,0.0,0.0
0.0,0.0,0.0,0.4379731427058762,0.6201672096421526,0.0,0.5811608946383453,0.3131743381343919,0.0456560426116961,0.0,0.2648817274689424,0.0,0.3356234114511893,0.0,0.0,0.0,0.0,0.0,0.0,0.0,0.296210763225427,0.0,0.0,0.0,0.0,0.0,0.0,0.0,0.0,0.0,0.0,0.0,0.0,0.0,0.0,0.4530861376288779,0.0,0.0,0.1065280263075816,0.0,0.0,0.0,0.5761831429541473,0.0,0.0,0.0,0.0,0.0,0.0,0.0,0.0,0.0,0.0,0.0,0.0,0.0187127469105961,0.0,0.0,0.0,0.0,0.0,0.0,0.0,0.0,0.0,0.0,0.0,0.0,0.0,0.0,0.0,0.0,0.0,0.0,0.0,0.0
0.7113897798129963,0.6801978668371351,0.0,0.0,0.0,0.2796765223963904,0.0,0.4348846345771068,0.0,0.0,0.0,0.0,0.1184904647591304,0.0,0.0,0.5734133789694468,0.0,0.3372014551308832,0.0,0.824396389858931,0.5728705352011136,0.8788416177726026,0.5944976381241519,0.3078644289811547,0.501326757514197,0.6334112988714407,0.663436481051754,0.2091285068091557,0.5521667054458719,0.0,0.6850913533475378,0.0,0.4322868024039712,0.4247227133913198,0.1450805297398184,0.0,0.0,0.0,0.0,0.1012395385698039,0.0447704549649115,0.1029092352735039,0.0,0.0,0.0,0.0,0.4162746815715425,0.0,0.0,0.0,0.2840351890333781,0.0,0.5124143169632271,0.0,0.0,0.0,0.0,0.1896025085284526,0.0,0.9422440976430978,0.137635226171796,0.0,0.0,0.0,0.7931339818538512,0.6496497588713066,0.6542282656023737,0.5804177994847295,0.0,0.4883257768184268,0.5508219138990939,0.5951064848118676,0.0338165475981477,0.5064612490530854,0.0,0.0
0.7932637828889019,0.4777246894454208,0.0,0.0,0.0,0.1312226898221346,0.0,0.0,0.0,0.4517628147074406,0.0,0.0,0.0,0.0,0.5734133789694468,0.0,0.4154918836619262,0.7919561809919647,0.0,0.4008156031343882,0.0,0.6127711499215797,0.2897382096697298,0.5767280987239572,0.7166138900450996,0.8266927948543958,0.3226755843536316,0.418589662232125,0.2485409906751914,0.1528475428383816,0.7648256225334816,0.253475871704082,0.4023489559827568,0.3873487042920526,0.5223657428927403,0.0,0.0,0.0,0.0742082565535459,0.4008908186272274,0.6142469087732826,0.4638305822638222,0.0,0.0,0.0,0.814562031237559,0.6716863589607635,0.0,0.0,0.0,0.0,0.0,0.0,0.0,0.0,0.0,0.0,0.0,0.0,0.5436102378627646,0.710963021976902,0.0,0.6619296831929223,0.0,0.6210269851358732,0.1263267844605284,0.7627120213285955,0.3868745076583089,0.0,0.7125942675431552,0.8065193929806361,0.388075222484611,0.0,0.4502581966976222,0.0,0.4382770876038078
0.4329923795305673,0.0,0.0,0.0,0.0,0.1370346720550196,0.0,0.0,0.0,0.0769346870358683,0.1415781419139132,0.1053929453309165,0.0,0.0,0.0,0.4154918836619262,0.0,0.7612682195535262,0.0,0.2287448514987006,0.0,0.1982545304634687,0.0,0.674325250601937,0.4443888023250537,0.3880013009482158,0.0,0.4153395257212989,0.1878390144385799,0.0,0.5129612974107798,0.2533939594616513,0.04712148891835,0.4222015609453363,0.172471988064392,0.0,0.0,0.0,0.0,0.0,0.0,0.0,0.0,0.0,0.0,0.0,0.0,0.0,0.0,0.0,0.0,0.0,0.0,0.0,0.0136375366590688,0.0,0.1890206269489284,0.0,0.0,0.0,0.0,0.3959638590949839,0.6070021989428092,0.0,0.0,0.0,0.0,0.0,0.5629030332314829,0.329455245134412,0.4314027693386488,0.0,0.0,0.0,0.0,0.0
0.6166756363506565,0.0860306833960988,0.0,0.0,0.0,0.0921491417853144,0.0,0.0,0.0,0.3890852723002109,0.0,0.3262875416254851,0.0,0.0,0.3372014551308832,0.7919561809919647,0.7612682195535262,0.0,0.0,0.1715143901124382,0.0,0.2562642597550159,0.0973884083778464,0.7633345857519017,0.6876846644233722,0.6180698385451382,0.1488108733445836,0.4346417072485536,0.1086508162583504,0.0,0.6515138275659204,0.4163802159155629,0.2054466792571841,0.3774650685527791,0.5536000135342205,0.0,0.0,0.0,0.2415119071275641,0.235540866907275,0.552969117728838,0.1781568883866687,0.0,0.0,0.0,0.6083297836991692,0.4990059569491566,0.0,0.0,0.0,0.0,0.0,0.0,0.0,0.4332649175085314,0.0,0.4975021237241395,0.0,0.0,0.0,0.7642757041650524,0.6715955731393071,0.7803579439733198,0.0,0.0,0.0,0.6101395564094367,0.0,0.6449431197012019,0.6174389752358871,0.6721674134532324,0.0,0.0,0.0,0.0,0.3816341399927485
0.0,0.0,0.8174598275365417,0.0,0.3721126306035062,0.6487484323231469,0.0475768386341599,0.4254204140982808,0.8258489920925866,0.2855294961534591,0.8215524573681886,0.2959652786502975,0.3038464478157675,0.0,0.0,0.0,0.0,0.0,0.0,0.0,0.0,0.0,0.5769183526913421,0.0,0.0,0.0,0.5954773148670385,0.3089221620232451,0.0,0.0,0.0,0.0,0.0,0.0,0.0,0.0,0.0547716944207859,0.0,0.0,0.0,0.0,0.0,0.0,0.0,0.0,0.0,0.0,0.876281569271034,0.0,0.4909263694457162,0.5404960889581358,0.226830115349014,0.4853890938429517,0.8115546959987255,0.0,0.8642054705896609,0.0,0.1188154496716302,0.0179744608011766,0.0,0.0,0.0,0.0,0.8819654389061078,0.0,0.0,0.0,0.5914216317972052,0.0,0.0,0.0,0.5626737731950535,0.0,0.0,0.0,0.0
0.6378024196882498,0.7385270627743934,0.0,0.1769119281704495,0.4860688530827833,0.4739411526495486,0.3834224835757412,0.7001483622170185,0.3731014549051931,0.0,0.0,0.0,0.4099015159814537,0.0,0.824396389858931,0.4008156031343882,0.2287448514987006,0.1715143901124382,0.0,0.0,0.7846949707590506,0.9557979927154736,0.6649618480283696,0.0,0.3796037818778033,0.4734129167706595,0.745137956618245,0.3200521192164431,0.7882084153011909,0.6780816683878433,0.6322824868113687,0.0,0.4469202863409526,0.5073097100346325,0.0,0.0,0.1718198263814115,0.0,0.0110107928158948,0.0,0.0,0.0,0.0,0.0,0.0,0.0,0.2083931793332464,0.0,0.0,0.0,0.2006299862215703,0.0,0.731565389625099,0.0,0.0,0.0,0.0,0.4239417035750161,0.0,0.6804925758614306,0.0,0.0,0.0,0.0,0.7193240884134786,0.7806189089743297,0.4813603549807035,0.5272748653815922,0.0,0.2666774505630052,0.3139747065744125,0.4961892576936171,0.1171035818666568,0.449438044505226,0.2766589605702181,0.0
0.4259227786883615,0.7695726788944726,0.0,0.0,0.0,0.292328320582559,0.0,0.6533694886769025,0.0,0.0,0.0,0.0291103380167489,0.5319930609187755,0.296210763225427,0.5728705352011136,0.0,0.0,0.0,0.0,0.7846949707590506,0.0,0.7285826699962684,0.4700284083346865,0.0,0.1199730112204625,0.1980016209474066,0.4008697246835286,0.0917609774108087,0.6444440695861228,0.0,0.2972664058835368,0.0,0.588024815371395,0.377495897756452,0.0,0.0,0.0,0.0,0.0,0.0,0.0,0.0,0.0,0.0,0.0,0.2621645593276525,0.0,0.0,0.0,0.0,0.0,0.0,0.7047074080431425,0.0,0.0,0.0,0.0,0.5612177398704905,0.0,0.476634775704265,0.0,0.0,0.0,0.0,0.3540375165795615,0.923115724113758,0.0797123999953579,0.3144630135440789,0.0,0.0,0.0,0.1999168897321958,0.2320340424673883,0.3485500313447759,0.0,0.0
0.7632088304687398,0.8091911835304473,0.0,0.0,0.245539586640998,0.3678416637065327,0.1440564024359064,0.5825375778291609,0.2672887095253343,0.0697961269914893,0.0,0.0,0.2930647272878542,0.0,0.8788416177726026,0.6127711499215797,0.1982545304634687,0.2562642597550159,0.0,0.9557979927154736,0.7285826699962684,0.0,0.5975193923245651,0.0,0.503506119974244,0.63908666343962,0.7101061663399046,0.3176236517288062,0.7139864156518978,0.6342901718197504,0.7486663199186688,0.0483649689351035,0.5420729575295014,0.549062885661082,0.0878557977708304,0.0,0.3200705388850635,0.0,0.0445529931302674,0.2028157811125403,0.0,0.164216225598438,0.0,0.0,0.0,0.7118893386776064,0.3817510177941104,0.0,0.0,0.0,0.1765639349748379,0.0,0.0,0.0,0.0,0.0,0.0,0.0,0.0,0.7449518847389239,0.0697519752134262,0.0,0.3741555253009428,0.0,0.766152288648106,0.7628840756498714,0.6527831733622049,0.5124592312082127,0.0,0.408749315916068,0.4816531773176699,0.5266987435350143,0.1280030318145112,0.5291008839192133,0.0,0.0
0.4423819875638871,0.4331712507618924,0.7778809625820085,0.0,0.4503983085672125,0.805038458907332,0.2423786003998549,0.7538952873387936,0.6232215363163307,0.103534098156062,0.6156143808507939,0.2921109455431086,0.4819998663868786,0.0,0.5944976381241519,0.2897382096697298,0.0,0.0973884083778464,0.5769183526913421,0.6649618480283696,0.4700284083346865,0.5975193923245651,0.0,0.3146407167846143,0.385106281092773,0.4471932017034574,0.7066495496825742,0.3183831075225148,0.6840838760625275,0.4956703002116631,0.3540160313544849,0.0,0.170371278863274,0.1609100305076293,0.0,0.0,0.1792019312324589,0.0957267371289919,0.0,0.0679786382853497,0.0,0.0,0.0,0.0,0.0,0.0,0.19419430576651,0.6922595599073513,0.0,0.4615736359684818,0.6362385115718882,0.3652532743939938,0.7701350387256906,0.6112276385623702,0.0,0.6851813243973017,0.0,0.4359833455763857,0.030438518832238,0.4863627228875047,0.0,0.0,0.0,0.5943377278563701,0.6267422955384494,0.4992353258242869,0.421732059173017,0.8567923440244867,0.0,0.1815494558329947,0.3591567586842761,0.5265931013250393,0.1665419849142543,0.5657160933747557,0.2634986517253495,0.0
0.466167106278942,0.0,0.0,0.0,0.0,0.0,0.0,0.0413970714192963,0.3760105152406497,0.436132615904981,0.1542038130398502,0.5111984251892359,0.0341712557421455,0.0,0.3078644289811547,0.5767280987239572,0.674325250601937,0.7633345857519017,0.0,0.0,0.0,0.0,0.3146407167846143,0.0,0.6552673262192104,0.6824980873710056,0.3472993334976107,0.4760949842833279,0.0,0.0,0.4963317353189382,0.2890367038825366,0.0644346095117111,0.1682634530359276,0.1619060423233564,0.0,0.0730555959011657,0.0,0.1537923655645449,0.3197236897443957,0.5479389481991326,0.0,0.0,0.0,0.0,0.5926319181992351,0.0,0.0,0.0,0.0,0.0,0.0,0.0,0.0,0.2060362007265483,0.0,0.5013875691189091,0.0,0.0,0.0,0.7063195639703342,0.4436028366904199,0.6465105244075887,0.0,0.0,0.0,0.0,0.0,0.8234070872149123,0.5040388420546632,0.722611815618279,0.0,0.163608831939852,0.0,0.0,0.512509643478819
0.7321073293119265,0.4570748190222899,0.0,0.0,0.0,0.3968560035387041,0.0,0.1043986761549693,0.1934499210947126,0.2953875372389024,0.0,0.3051279195868276,0.0,0.0,0.501326757514197,0.7166138900450996,0.4443888023250537,0.6876846644233722,0.0,0.3796037818778033,0.1199730112204625,0.503506119974244,0.385106281092773,0.6552673262192104,0.0,0.7676708167509636,0.4801278394031177,0.2280749846062408,0.4243701129742923,0.0,0.6799910496477027,0.22315250479619,0.4007792887506745,0.3964559246145314,0.3167495434357877,0.0,0.0,0.0,0.2059823834224362,0.4223888680183302,0.4648319357366323,0.2257671579008153,0.0,0.0,0.0,0.8002571432352737,0.7584243577216302,0.0,0.0,0.0,0.0,0.0,0.0,0.0,0.396068495105972,0.0,0.3734411002558562,0.0286529650338612,0.0,0.4716603406509915,0.6150368224444193,0.5839036502118212,0.7387979575061546,0.0,0.6129098357017896,0.2102963741847847,0.7275023071276683,0.4923381959011821,0.6125200939699939,0.8617084805113072,0.8150077618785313,0.0,0.0,0.5782324871564439,0.0,0.2958667173308016
0.776591543949093,0.5447036663788959,0.0,0.0,0.0,0.3961646463672946,0.0,0.1480582915981258,0.3196887049550227,0.4100864091825161,0.0925417403593936,0.6353117996025611,0.210210554926693,0.0,0.6334112988714407,0.8266927948543958,0.3880013009482158,0.6180698385451382,0.0,0.4734129167706595,0.1980016209474066,0.63908666343962,0.4471932017034574,0.6824980873710056,0.7676708167509636,0.0,0.4614879664638502,0.4849506191575803,0.3736766651081548,0.0,0.7244782998703136,0.037673081679654,0.45241922453166,0.3113344480428572,0.1530883260725458,0.0,0.0,0.0,0.0,0.4300447333374419,0.4772586030172691,0.2280384353751725,0.0,0.0,0.0,0.8639172366783774,0.8682122951293411,0.0,0.0,0.0,0.5025212751170832,0.0,0.0,0.0,0.4976406598409175,0.0,0.4453375313785434,0.2499251454083335,0.0,0.6480390296038658,0.613418860739781,0.6358899923512018,0.6625056826973261,0.0,0.7421508343455917,0.3720509457571355,0.8678591960975781,0.591571277511406,0.5289656498756715,0.7859680069362662,0.9400226115430872,0.5335684397789766,0.3566742732328861,0.6142426920095426,0.0,0.371226056232179
0.4686036770973863,0.4727731061445372,0.7091442206733117,0.0,0.4178445352186719,0.659303629846924,0.2451835569790126,0.5590811752183141,0.607080650671018,0.0586158777458415,0.6674563030321203,0.2134089158812239,0.2199696152850291,0.0,0.663436481051754,0.3226755843536316,0.0,0.1488108733445836,0.5954773148670385,0.745137956618245,0.4008697246835286,0.7101061663399046,0.7066495496825742,0.3472993334976107,0.4801278394031177,0.4614879664638502,0.0,0.097302436409408,0.672780281527018,0.3134472009371317,0.3991229309523131,0.0,0.123936210150409,0.123109863204145,0.0,0.0,0.098906348714147,0.1124275507009601,0.0,0.0958015667887323,0.0185676485825685,0.0457366220126227,0.0,0.0,0.0,0.0,0.3149020428183074,0.7247485015447303,0.0,0.552051976427693,0.4077569728351272,0.3023862185354793,0.5728932923107304,0.6324532875102542,0.0,0.7174863242212467,0.0,0.1600791858994983,0.0,0.5740801441167309,0.0,0.0,0.0,0.5058271853436399,0.7478990204103397,0.4708836996485382,0.6277280063043029,0.6806422064247659,0.0,0.0,0.4104964854773926,0.8890631915668368,0.0,0.5578718465437033,0.0728252581385747,0.0357125959809679
0.2813928500090362,0.2202567646645658,0.2176742115212052,0.0,0.1840052237537491,0.4650541130651781,0.0,0.2242382320761058,0.5019139486377542,0.4029292907200153,0.2234232770889581,0.4945570880143939,0.6162845192768446,0.0,0.2091285068091557,0.418589662232125,0.4153395257212989,0.4346417072485536,0.3089221620232451,0.3200521192164431,0.0917609774108087,0.3176236517288062,0.3183831075225148,0.4760949842833279,0.2280749846062408,0.4849506191575803,0.097302436409408,0.0,0.3012406355568646,0.5405642852697845,0.3935168033517719,0.079809212539562,0.1173924658560494,0.1622189340601253,0.0,0.166377197798752,0.3922181573187127,0.0998532268201502,0.0,0.2839968992894934,0.2403637058038422,0.047507594392287,0.0,0.0,0.1222524152691964,0.0,0.0,0.230252870778178,0.0,0.0,0.4300221254421157,0.0,0.3062053800577289,0.4780160287179543,0.2849486804817464,0.0,0.3213712124748257,0.4132666833582008,0.0,0.2418480519747876,0.0,0.0,0.0,0.0,0.3710949489051736,0.1792723156892926,0.4068694930048909,0.2842130170025572,0.0,0.0823038546821973,0.3810559266272659,0.0524277928397832,0.7046334743271793,0.2268468729301509,0.0,0.2561935874106613
0.5452177642889233,0.5124849315159414,0.0,0.2217246880080056,0.5080819917623666,0.7341088507221747,0.4510252941351796,0.5921000474530626,0.408920829262915,0.0,0.0,0.0,0.5162286045755299,0.0,0.5521667054458719,0.2485409906751914,0.1878390144385799,0.1086508162583504,0.0,0.7882084153011909,0.6444440695861228,0.7139864156518978,0.6840838760625275,0.0,0.4243701129742923,0.3736766651081548,0.672780281527018,0.3012406355568646,0.0,0.6365080033238132,0.5528347093286485,0.0,0.3787156358535186,0.4715303579857415,0.0,0.003491615042129,0.0360521753924504,0.0,0.0,0.0827704535174201,0.0,0.0,0.0741144895494167,0.0,0.0,0.0,0.0987884897698032,0.3293239078065415,0.0,0.0,0.4436736941008354,0.5474352274726831,0.6658873261570865,0.3764931734835556,0.0,0.0,0.0,0.5430253489963398,0.0,0.4503665487537652,0.0,0.0,0.0,0.0,0.5707148916388602,0.6014159938050109,0.3290023948661598,0.5074783087619792,0.0,0.0,0.241105661436994,0.429565506454843,0.1572523545702684,0.63656301177382,0.3288912753521805,0.0
0.0,0.0,0.0,0.0,0.0,0.3974653739105455,0.0,0.558045231511815,0.2928690726834809,0.0,0.0,0.0,0.6131795573862052,0.0,0.0,0.1528475428383816,0.0,0.0,0.0,0.6780816683878433,0.0,0.6342901718197504,0.4956703002116631,0.0,0.0,0.0,0.3134472009371317,0.5405642852697845,0.6365080033238132,0.0,0.4093830572967448,0.0,0.0,0.3970601460735811,0.0,0.0,0.0,0.0,0.0,0.0,0.0,0.0,0.0,0.0,0.0,0.0,0.0,0.0,0.0,0.0,0.0,0.0,0.0,0.0,0.0,0.0,0.0,0.0,0.0,0.0,0.0,0.0,0.0,0.0,0.3477096303092192,0.0,0.0,0.3103721098686611,0.0,0.0,0.0,0.1100798947747925,0.0,0.2804886583909451,0.0,0.0
0.7898547354715852,0.6135194066286946,0.1614207190632452,0.0,0.0,0.2124902111995932,0.0,0.1683141740753207,0.0,0.1431946528468273,0.0,0.2915685802584366,0.0,0.0,0.6850913533475378,0.7648256225334816,0.5129612974107798,0.6515138275659204,0.0,0.6322824868113687,0.2972664058835368,0.7486663199186688,0.3540160313544849,0.4963317353189382,0.6799910496477027,0.7244782998703136,0.3991229309523131,0.3935168033517719,0.5528347093286485,0.4093830572967448,0.0,0.1622927970800484,0.4665929291623064,0.6992974784703063,0.3879686464164926,0.0,0.3510191629611123,0.2190879149784059,0.0847150018843204,0.2744722360705692,0.263541833782939,0.0,0.0,0.0,0.0,0.0,0.5150982822155981,0.0,0.0,0.0,0.2847667255597906,0.0,0.27915100450575,0.0,0.4938984854059393,0.0,0.1713644610429773,0.0,0.0,0.6252390186533205,0.402496299852504,0.6639096376059991,0.6119717202983231,0.0,0.6415961768608557,0.3382141052201813,0.6148223622298948,0.3421343055269972,0.3808856294581005,0.6363578547200777,0.6870833700033243,0.3289442779047696,0.083062126617048,0.494409158335584,0.0,0.1270407864226489
0.1063261247894753,0.0,0.0,0.1040942549882515,0.0,0.0,0.0,0.0133176318954422,0.0,0.1530373047339272,0.0,0.0,0.0,0.0,0.0,0.253475871704082,0.2533939594616513,0.4163802159155629,0.0,0.0,0.0,0.0483649689351035,0.0,0.2890367038825366,0.22315250479619,0.037673081679654,0.0,0.079809212539562,0.0,0.0,0.1622927970800484,0.0,0.0528211371888322,0.0983493006653359,0.3073161528911226,0.0854450128070676,0.0834248172111233,0.0348416562392899,0.8572394518469727,0.3081590159210947,0.4134999858988847,0.3122560912745561,0.0,0.0,0.0,0.1828060517460727,0.015661258640859,0.0,0.0,0.0,0.0,0.0997823623283844,0.0,0.0,0.03453847357048,0.0,0.3312968991667326,0.0,0.0,0.0,0.3730684205521609,0.0712437594848209,0.2698276376422223,0.0,0.0149839770086506,0.0,0.2206434722582556,0.0,0.3408219121230658,0.0,0.0,0.0,0.0,0.0,0.0,0.4467046245736112
0.5348994200812135,0.6846073678755938,0.0,0.0,0.0,0.0352119887570782,0.1214506430844752,0.2467667429664057,0.0,0.0,0.0,0.1702589641900448,0.1783819585461492,0.0,0.4322868024039712,0.4023489559827568,0.04712148891835,0.2054466792571841,0.0,0.4469202863409526,0.588024815371395,0.5420729575295014,0.170371278863274,0.0644346095117111,0.4007792887506745,0.45241922453166,0.123936210150409,0.1173924658560494,0.3787156358535186,0.0,0.4665929291623064,0.0528211371888322,0.0,0.5212627321609196,0.1333825185514328,0.0,0.2332516763682415,0.2702027820515599,0.0241932680294892,0.4398991490398141,0.0341331951016735,0.1728373095088154,0.0,0.0,0.0,0.3681163399880287,0.3071440968211202,0.0,0.0,0.0,0.0,0.0,0.0,0.0,0.3627469846098392,0.0,0.0592369096240303,0.0,0.0,0.3962291269956247,0.0,0.3258921788869783,0.2058785351521037,0.0,0.2666704504132735,0.552380965265512,0.2452320272112426,0.1216995310605147,0.0,0.3116656685116325,0.266905370379322,0.06744676258087,0.1380027969319822,0.0,0.0,0.0
0.5939755788896249,0.4295132880990041,0.0,0.2050735527692358,0.0590426306059963,0.0482186953820579,0.1506127999136777,0.2033528571751667,0.0,0.0,0.0,0.0,0.0,0.0,0.4247227133913198,0.3873487042920526,0.4222015609453363,0.3774650685527791,0.0,0.5073097100346325,0.377495897756452,0.549062885661082,0.1609100305076293,0.1682634530359276,0.3964559246145314,0.3113344480428572,0.123109863204145,0.1622189340601253,0.4715303579857415,0.3970601460735811,0.6992974784703063,0.0983493006653359,0.5212627321609196,0.0,0.2894511298572794,0.1391379247471108,0.0684135649127473,0.190134428713633,0.1685874475190048,0.1951188546884695,0.0,0.0,0.0085652735468696,0.0,0.0,0.3428958616328871,0.1074671919768377,0.0,0.0,0.0,0.0,0.2604741202739216,0.2499706685495764,0.0,0.2420090411772447,0.0,0.0,0.1174918218830993,0.0,0.3216893064051985,0.0873706331842991,0.3975462943247755,0.3915778977019098,0.0,0.3063848488393344,0.2959211422891031,0.1845271580221146,0.0,0.1123081019776167,0.2741272148166453,0.2148572475535644,0.0,0.0,0.2334613232695201,0.0,0.0
0.349999397378971,0.0,0.0,0.0,0.0,0.0,0.0,0.0,0.0,0.1041601547842059,0.0,0.0,0.0,0.0,0.1450805297398184,0.5223657428927403,0.172471988064392,0.5536000135342205,0.0,0.0,0.0,0.0878557977708304,0.0,0.1619060423233564,0.3167495434357877,0.1530883260725458,0.0,0.0,0.0,0.0,0.3879686464164926,0.3073161528911226,0.1333825185514328,0.2894511298572794,0.0,0.0,0.2610612492242273,0.0178749581460432,0.2214876424007062,0.1267907374505743,0.3395808227459548,0.2502590538668571,0.0,0.0,0.0,0.0,0.2532374180487035,0.0,0.0,0.0,0.0,0.0,0.0,0.0,0.0,0.0,0.206796670749929,0.0,0.0,0.106168364568929,0.4037933726753154,0.0,0.0,0.0,0.0670219685256076,0.0,0.2026599103551917,0.0,0.0,0.3722594626278713,0.2326873238230505,0.0,0.0,0.0,0.0,0.0
0.0,0.0,0.0,0.3410716747719934,0.3106402208715261,0.0,0.3872926548650524,0.0,0.0,0.0,0.0716045330361665,0.0,0.2487955254183053,0.4530861376288779,0.0,0.0,0.0,0.0,0.0,0.0,0.0,0.0,0.0,0.0,0.0,0.0,0.0,0.166377197798752,0.003491615042129,0.0,0.0,0.0854450128070676,0.0,0.1391379247471108,0.0,0.0,0.0,0.0,0.2520020436758003,0.0,0.0,0.0,0.7285783389806814,0.3162731419469351,0.0946489049125431,0.0,0.0,0.0,0.0,0.0678781856218687,0.0,0.0,0.1288078331665476,0.0,0.0,0.0,0.0,0.1736759615199696,0.0,0.0,0.0,0.0,0.0,0.0396828133371563,0.0,0.0,0.0,0.0,0.0,0.0,0.0,0.0,0.2433316202600528,0.0,0.0,0.0
0.0,0.0,0.1262247171217599,0.0192633184150478,0.0,0.0704216433730505,0.0,0.0209176388463055,0.0777475639876684,0.6585372547318543,0.0,0.5628639077764057,0.0675817974833923,0.0,0.0,0.0,0.0,0.0,0.0547716944207859,0.1718198263814115,0.0,0.3200705388850635,0.1792019312324589,0.0730555959011657,0.0,0.0,0.098906348714147,0.3922181573187127,0.0360521753924504,0.0,0.3510191629611123,0.0834248172111233,0.2332516763682415,0.0684135649127473,0.2610612492242273,0.0,0.0,0.2181137461413991,0.0,0.0,0.4115924136070328,0.5405489756694765,0.0,0.0,0.0,0.0,0.0,0.0,0.0,0.0,0.0,0.0,0.0,0.0,0.0,0.0,0.0,0.0,0.0,0.0,0.0,0.0,0.0,0.0,0.0,0.0,0.0,0.2421183130028324,0.0,0.0,0.0,0.0,0.0,0.0,0.0,0.0
0.1746619321111642,0.0,0.0,0.1938963897941997,0.2160082934111505,0.0,0.2699151587013289,0.0,0.0,0.0,0.0385580802983636,0.0,0.2501506526194764,0.0,0.0,0.0,0.0,0.0,0.0,0.0,0.0,0.0,0.0957267371289919,0.0,0.0,0.0,0.1124275507009601,0.0998532268201502,0.0,0.0,0.2190879149784059,0.0348416562392899,0.2702027820515599,0.190134428713633,0.0178749581460432,0.0,0.2181137461413991,0.0,0.0211928604695122,0.0030481181510624,0.0,0.1141397373162152,0.0,0.0,0.1395459381935042,0.0,0.0,0.0,0.0,0.0,0.0,0.0,0.0,0.0,0.1508711016424807,0.0,0.0,0.0,0.0,0.0,0.0,0.0,0.0,0.0,0.0,0.0,0.0,0.0,0.0,0.0,0.0,0.0,0.0896089390849557,0.0,0.0,0.0
0.0303922336169786,0.0,0.0,0.0,0.0,0.0,0.0325060854809268,0.0673858979617493,0.0,0.0,0.0,0.0,0.0,0.1065280263075816,0.0,0.0742082565535459,0.0,0.2415119071275641,0.0,0.0110107928158948,0.0,0.0445529931302674,0.0,0.1537923655645449,0.2059823834224362,0.0,0.0,0.0,0.0,0.0,0.0847150018843204,0.8572394518469727,0.0241932680294892,0.1685874475190048,0.2214876424007062,0.2520020436758003,0.0,0.0211928604695122,0.0,0.1922958127622853,0.1573301749901897,0.1546876068544035,0.1960021391463462,0.0262163597248801,0.0,0.0798213490785617,0.0,0.0,0.1947941864355363,0.0,0.0,0.0255961875902932,0.0,0.0,0.0,0.0,0.0204370122078516,0.0,0.1110877862721754,0.0,0.134575204522005,0.0,0.1557146868617781,0.0,0.0,0.0,0.0948218455721433,0.0,0.2279303571067909,0.0,0.0,0.0,0.0,0.0,0.0,0.1699810425842622
0.2910542451363543,0.2553601645975694,0.0,0.0,0.0,0.0,0.0,0.0,0.0,0.4032835180343602,0.0,0.3713810883334494,0.0562885962762811,0.0,0.1012395385698039,0.4008908186272274,0.0,0.235540866907275,0.0,0.0,0.0,0.2028157811125403,0.0679786382853497,0.3197236897443957,0.4223888680183302,0.4300447333374419,0.0958015667887323,0.2839968992894934,0.0827704535174201,0.0,0.2744722360705692,0.3081590159210947,0.4398991490398141,0.1951188546884695,0.1267907374505743,0.0,0.0,0.0030481181510624,0.1922958127622853,0.0,0.5820006543457806,0.3767112717315501,0.0,0.0791635483868614,0.158952069764941,0.3986197227174581,0.3821952633119426,0.0,0.0,0.0,0.1195480406427229,0.0100950245680534,0.0,0.0,0.2352506224042213,0.0291074065133998,0.3709224291166905,0.0,0.0,0.0885286050121,0.4166030570545142,0.1696093000667745,0.1819045516392274,0.0,0.1886799896832671,0.0481639687099619,0.403363690180586,0.0661045743687328,0.2719918329278314,0.2454496620141686,0.3734018376422231,0.1368858825105593,0.1343517771932958,0.2804336710439518,0.1423634643066744,0.4910138450367878
0.2663453922763963,0.0,0.0,0.0,0.0,0.0151326819105343,0.0,0.0,0.0927558797081378,0.6537386822887984,0.0,0.529991197894423,0.0,0.0,0.0447704549649115,0.6142469087732826,0.0,0.552969117728838,0.0,0.0,0.0,0.0,0.0,0.5479389481991326,0.4648319357366323,0.4772586030172691,0.0185676485825685,0.2403637058038422,0.0,0.0,0.263541833782939,0.4134999858988847,0.0341331951016735,0.0,0.3395808227459548,0.0,0.4115924136070328,0.0,0.1573301749901897,0.5820006543457806,0.0,0.6016500134827477,0.0,0.0,0.0661455653371916,0.4526186859201433,0.5449990432752589,0.0163007939824239,0.0,0.0,0.2234241097711363,0.0,0.0,0.0441598430070909,0.3647700433484396,0.0849014119102669,0.5850145263792352,0.0,0.0,0.1425858761417147,0.8875910740763061,0.3814326413085807,0.3953771486747141,0.0,0.3067904478216903,0.0,0.6384804221277174,0.0472765638740687,0.4875634317209222,0.427941855542976,0.5792538658542191,0.2356615855123261,0.025317069854062,0.2233653496458415,0.096771490229596,0.9355263914716164
0.0,0.1496862263550261,0.0,0.0,0.0,0.0,0.0,0.0,0.0,0.3914369454675455,0.0,0.2791123339481568,0.0,0.0,0.1029092352735039,0.4638305822638222,0.0,0.1781568883866687,0.0,0.0,0.0,0.164216225598438,0.0,0.0,0.2257671579008153,0.2280384353751725,0.0457366220126227,0.047507594392287,0.0,0.0,0.0,0.3122560912745561,0.1728373095088154,0.0,0.2502590538668571,0.0,0.5405489756694765,0.1141397373162152,0.1546876068544035,0.3767112717315501,0.6016500134827477,0.0,0.0,0.0,0.0,0.2543877051228058,0.2002110406722962,0.0,0.0,0.0,0.0279989176025153,0.0401292995874278,0.0,0.0,0.441793270208258,0.0,0.3591673642719579,0.0,0.0,0.0846878066403025,0.4269072237791227,0.2419175701377206,0.0944369034753578,0.0,0.2714197583904025,0.0,0.4269934737962828,0.048319882173645,0.0652046015370604,0.2021915400653287,0.1984308675396114,0.229692010966181,0.0,0.2599789534267039,0.0,0.6052292226473414
0.0,0.0,0.0,0.0,0.2976729957349445,0.0,0.4175126015521432,0.0,0.0,0.0,0.0,0.0,0.338629091370197,0.5761831429541473,0.0,0.0,0.0,0.0,0.0,0.0,0.0,0.0,0.0,0.0,0.0,0.0,0.0,0.0,0.0741144895494167,0.0,0.0,0.0,0.0,0.0085652735468696,0.0,0.7285783389806814,0.0,0.0,0.1960021391463462,0.0,0.0,0.0,0.0,0.514698782384939,0.0843216934937972,0.0,0.0,0.0,0.4387437855473861,0.0,0.0,0.0,0.0763334508226481,0.0,0.0,0.0,0.0,0.257090347287113,0.6599680181952827,0.0,0.0,0.0,0.0,0.0,0.0,0.1030544687609819,0.0,0.0,0.0,0.0,0.0,0.0,0.3372542613053519,0.0,0.0,0.0
0.0,0.0,0.0,0.0,0.0,0.0,0.0,0.0,0.0,0.0,0.0,0.0,0.0,0.0,0.0,0.0,0.0,0.0,0.0,0.0,0.0,0.0,0.0,0.0,0.0,0.0,0.0,0.0,0.0,0.0,0.0,0.0,0.0,0.0,0.0,0.3162731419469351,0.0,0.0,0.0262163597248801,0.0791635483868614,0.0,0.0,0.514698782384939,0.0,0.1305030885611922,0.0,0.0,0.0,0.292221464420657,0.0,0.0251664094978816,0.0609452321648776,0.0,0.0,0.0,0.0,0.0,0.2306315882007923,0.337952050953624,0.0,0.0,0.0,0.0,0.0575978149442015,0.0,0.0,0.0,0.0,0.0,0.0,0.0,0.0,0.3308620234511228,0.0,0.0,0.0
0.0,0.0,0.0,0.0,0.0,0.0,0.0,0.0,0.0,0.1096165761556368,0.0,0.0756138529055841,0.2805377110648364,0.0,0.0,0.0,0.0,0.0,0.0,0.0,0.0,0.0,0.0,0.0,0.0,0.0,0.0,0.1222524152691964,0.0,0.0,0.0,0.0,0.0,0.0,0.0,0.0946489049125431,0.0,0.1395459381935042,0.0,0.158952069764941,0.0661455653371916,0.0,0.0843216934937972,0.1305030885611922,0.0,0.0312785472949487,0.0,0.0,0.0,0.0295008711806194,0.1030942482633921,0.1414071205798217,0.0,0.1761604070986052,0.0,0.1669497008327059,0.0,0.146275742835685,0.0,0.0,0.0,0.0,0.0,0.1105214238211858,0.0,0.0,0.0,0.1099839351629223,0.0,0.0,0.0,0.0,0.1649552031280967,0.0,0.0,0.1018615467017242
0.8392556301816071,0.5938424846089517,0.0,0.0,0.0,0.0,0.0,0.0,0.0,0.2896052533796501,0.0,0.0,0.0,0.0,0.0,0.814562031237559,0.0,0.6083297836991692,0.0,0.0,0.2621645593276525,0.7118893386776064,0.0,0.5926319181992351,0.8002571432352737,0.8639172366783774,0.0,0.0,0.0,0.0,0.0,0.1828060517460727,0.3681163399880287,0.3428958616328871,0.0,0.0,0.0,0.0,0.0798213490785617,0.3986197227174581,0.4526186859201433,0.2543877051228058,0.0,0.0,0.0312785472949487,0.0,0.797025773631888,0.0,0.0,0.0,0.4548591390103926,0.0,0.3425669459067691,0.0,0.0,0.0,0.3304441358219412,0.1072679293928486,0.0,0.6482594910329876,0.5643249000426644,0.0,0.6574980593831178,0.0,0.7842785838021452,0.416345444309362,0.8971409367429956,0.5971829124267892,0.5102771335494932,0.7607233078840017,0.8543581568331813,0.5881396687255108,0.1143646657317927,0.5444738640295487,0.0,0.3547206250513608
0.6428155536355696,0.5370950387073773,0.0,0.0,0.0,0.1836523643770622,0.0,0.0,0.0,0.0,0.0,0.0,0.0,0.0,0.4162746815715425,0.6716863589607635,0.0,0.4990059569491566,0.0,0.2083931793332464,0.0,0.3817510177941104,0.19419430576651,0.0,0.7584243577216302,0.8682122951293411,0.3149020428183074,0.0,0.0987884897698032,0.0,0.5150982822155981,0.015661258640859,0.3071440968211202,0.1074671919768377,0.2532374180487035,0.0,0.0,0.0,0.0,0.3821952633119426,0.5449990432752589,0.2002110406722962,0.0,0.0,0.0,0.797025773631888,0.0,0.0,0.0,0.0,0.4872428361717431,0.0,0.12161774923501,0.2208925035590137,0.3525549003906104,0.0,0.0,0.079258032491287,0.0,0.5045539753868826,0.6357280689937699,0.5824721438227126,0.6279907260095116,0.0,0.5836768640427595,0.1930939830407937,0.7588194483308046,0.5338712482687626,0.0,0.8971765856673377,0.934511732079575,0.5636597992242129,0.1613098068185616,0.5455149468989159,0.0,0.3793571632557533
