0.0,0.5768329627791652,0.0,0.0,0.0,0.4615395332996523,0.0,0.4205102666502849,0.0,0.4968598268416733,0.0,0.2549894192797448,0.0,0.0,0.5760988956955414,0.5938629541907141,0.5330897913044356,0.4263348685339596,0.0,0.6905792130022471,0.7348696478206473,0.6746283875950966,0.4482899341778167,0.5275416807894083,0.6241126607607574,0.5964516582113605,0.5699774296159553,0.5459238172068507,0.6592130192290456,0.0,0.5955745907596217,0.3407779984935313,0.3664443739728222,0.376352798405507,0.0,0.0,0.0,0.0,0.081996235832786,0.4540552067682664,0.2142341999035037,0.0,0.0,0.0,0.0,0.7437926232692639,0.454343563767846,0.0,0.0,0.0,0.0,0.0,0.0,0.0,0.4550755247867326,0.0,0.0,0.0,0.0,0.0,0.3920818943112731,0.0,0.3018716918798594,0.0,0.0,0.7400615578423408,0.4144581260884424,0.0,0.5104038936599705,0.2722150668003057,0.5977744467477424,0.0,0.0,0.0,0.0,0.0
0.5768329627791652,0.0,0.0,0.0,0.3372225026090495,0.7399908847380158,0.556209988093782,0.5879048943015543,0.5155141466993347,0.0,0.0,0.0,0.7899648409248454,0.0,0.453756855756863,0.7011105273788383,0.0,0.7276314260355675,0.0,0.6903185645542456,0.5722562235819448,0.7299896890325602,0.6925627919747828,0.0,0.8038339678330878,0.8445254113332032,0.5937150691615921,0.6242080555729401,0.679925504207865,0.0,0.4628966796393456,0.39526429741351,0.4105148733847692,0.2487371890665118,0.0,0.0,0.0,0.0,0.1996048838316398,0.2976701932701929,0.168998258076235,0.1018565715316424,0.0,0.0,0.0,0.4583670569391492,0.7313618976391353,0.0,0.0,0.0,0.0,0.0,0.0,0.0,0.0,0.0,0.0,0.0,0.0,0.4666205153029187,0.3357367980785364,0.0,0.3362629685538627,0.0,0.5669502209854445,0.5813546472617955,0.5408370859579974,0.5694074553942705,0.0,0.3588511657939483,0.7835188716133892,0.5494267688519329,0.0,0.4659345269417995,0.0,0.3123999423651803
0.0,0.0,0.0,0.0,0.4625554665141221,0.420565474027568,0.5467989396380528,0.5066698711861449,0.4735299485323361,0.6792071952916623,0.6928030026636633,0.0,0.5481364196501413,0.0,0.0,0.0,0.0,0.0,0.651023263242708,0.0,0.0,0.0,0.5325274377175451,0.0,0.0,0.0,0.6380599537665781,0.421499044034838,0.0,0.6110784725720642,0.3182393121393201,0.5290188522017647,0.0,0.0906263773692348,0.0,0.0020042842161917,0.2912770449657949,0.0,0.4412264664879942,0.0,0.0,0.0,0.2511789670681185,0.0,0.0,0.0,0.0,0.5810014830848972,0.0,0.4112848093178707,0.5481841787609832,0.0,0.2347473435378566,0.5885701080340847,0.0,0.1925894340808362,0.0,0.0,0.0431520729666594,0.0,0.0,0.0,0.0,0.413715926095421,0.0,0.0,0.0,0.2329926421079132,0.0,0.0,0.0,0.5849743097282265,0.0,0.0,0.0,0.0
0.0,0.0,0.0,0.0,0.2912657003025319,0.0,0.1479171023539656,0.26502343820733,0.3422999405119438,0.0,0.1023750535972581,0.0,0.2162972606686616,0.5172230302600376,0.0,0.0,0.0,0.0,0.0480186969217718,0.0,0.0,0.0,0.0038966984448506,0.0,0.0,0.0,0.0,0.1275096627555072,0.0,0.0,0.0,0.0,0.0,0.3532156477310859,0.0827198197432446,0.5657258618031208,0.0,0.0,0.0,0.0,0.0,0.0,0.0,0.0,0.0,0.0,0.0,0.0,0.0,0.0,0.0,0.0,0.0,0.0,0.0,0.0,0.0,0.0,0.0,0.0,0.0,0.0,0.0,0.0,0.0,0.0,0.0,0.0,0.0,0.0,0.0,0.0,0.0,0.0,0.0,0.0
0.0,0.3372225026090495,0.4625554665141221,0.2912657003025319,0.0,0.1746870062401877,0.7382565288323628,0.4625228024301223,0.6185831504318628,0.3668116775409539,0.7800389652132576,0.2518632009208283,0.4647303453122008,0.3540068640752072,0.0,0.0,0.0,0.0,0.5711756292747264,0.5422940267583319,0.0,0.5594905607758747,0.2657314418732001,0.0,0.1933775737732028,0.0,0.3945573392114724,0.1458074403309433,0.3905804202750939,0.0,0.2428315898253271,0.3303705529497499,0.5134009528552296,0.1902339116217,0.1161805446160745,0.2181605255478422,0.0127369161769382,0.0,0.0,0.0,0.0,0.0,0.2259265324134991,0.0,0.0,0.0,0.0,0.4986608018045341,0.0,0.0,0.0,0.0,0.176779034280022,0.6438015426764986,0.0,0.5489775979619999,0.0,0.0,0.0,0.0,0.0,0.0,0.0,0.0,0.0,0.0,0.0,0.0679211927630461,0.0,0.0,0.0,0.2601942489857853,0.0,0.0,0.0,0.0
0.4615395332996523,0.7399908847380158,0.420565474027568,0.0,0.1746870062401877,0.0,0.3973354255044435,0.6405581731132679,0.4477911119033113,0.6516265646520625,0.1825156289599306,0.0,0.7788047894909463,0.152811513917485,0.356186471697159,0.5159636444859589,0.0,0.6486411458859636,0.6100520050996533,0.5028086091512274,0.5109992823442858,0.4746246816363451,0.8420262499905068,0.0,0.6597718648579207,0.8274914079577388,0.6570222014052401,0.5782856875907172,0.6621963792319917,0.3077724601554419,0.4031039728515242,0.4463249358547972,0.2972237826180656,0.1380771820300292,0.0,0.0776204105002068,0.3135324792772304,0.0,0.2927353215578462,0.0,0.2250165744594563,0.0253857470098811,0.4641578101600237,0.0,0.0,0.0,0.0,0.5581657379980893,0.0,0.0,0.7752122809878383,0.5051531144283683,0.6701411002070599,0.4133850288933814,0.0,0.3319396611776259,0.0,0.6993361564300739,0.0,0.3730567138302524,0.0,0.0,0.0,0.5988116762038407,0.4578610105992685,0.4872839622339411,0.5183304462067946,0.7261645418693172,0.0,0.0,0.0,0.5139229527865036,0.4717645098960126,0.3935698487809042,0.0,0.3545977650391269
0.0,0.556209988093782,0.5467989396380528,0.1479171023539656,0.7382565288323628,0.3973354255044435,0.0,0.5207890005200523,0.5085327938757416,0.6197784979829307,0.6841001133153181,0.4432698429933954,0.6100175634701388,0.1245173330948101,0.0,0.5142098065154134,0.2739225029925265,0.4172818190580133,0.586422001152008,0.5580241718384645,0.0,0.5998663764615416,0.4195750025633635,0.2702932476349421,0.3697061475360824,0.3029519244475914,0.4954769390501368,0.2704140335455614,0.5043811413247847,0.0,0.2787891629774021,0.5523384386858203,0.587827783701019,0.0136395430101544,0.2392775901229213,0.0823589752876771,0.2016104343404347,0.062361698995494,0.0,0.0,0.0,0.0,0.0,0.0,0.0,0.0,0.0,0.0,0.0,0.0,0.2776936218229757,0.0,0.0,0.0,0.0,0.0,0.0,0.0,0.0,0.0,0.0,0.0,0.0,0.0,0.0,0.0,0.0,0.1184145342939662,0.0,0.0,0.0,0.3065226290842383,0.0,0.0,0.0,0.0
0.4205102666502849,0.5879048943015543,0.5066698711861449,0.26502343820733,0.4625228024301223,0.6405581731132679,0.5207890005200523,0.0,0.4651433054787164,0.4432188041399969,0.499115493811235,0.0,0.6303903629729363,0.3040164139791235,0.3201736157160138,0.2439666642606109,0.0,0.3052994699905343,0.5651262234417976,0.4919672516398577,0.5263226577510964,0.4663599935238591,0.767100650422382,0.579206523232003,0.2970780766720506,0.5333325955617535,0.431141574822278,0.2824730417653366,0.3688944992990625,0.4105171075871467,0.2582274654322519,0.3768038814081282,0.4038586235616977,0.1792696638635467,0.0161599212637345,0.3464998757312175,0.1157513908966772,0.0,0.1411279163204245,0.0,0.1227827247723186,0.0,0.5426460643165931,0.0,0.0,0.0,0.0,0.4090096249755947,0.0,0.5277138321355412,0.519012072903248,0.4371955340952843,0.7332438784033434,0.5232102730811609,0.0,0.3340919143027207,0.0,0.5265083904927269,0.2352873311650408,0.3166600712188431,0.0,0.0,0.0,0.4389650879017462,0.2300279171149718,0.4593540095260561,0.0,0.5594416969334107,0.0,0.0,0.0,0.2366896658742429,0.2474570361256488,0.0874435537826548,0.0,0.0370614366620603
0.0,0.5155141466993347,0.4735299485323361,0.3422999405119438,0.6185831504318628,0.4477911119033113,0.5085327938757416,0.4651433054787164,0.0,0.5448199985099019,0.5995041824049329,0.3270699113827449,0.6130021135405259,0.3291864450219283,0.0,0.4973873783030518,0.0,0.0,0.6380645239118002,0.6454872665375906,0.0,0.6170176902062314,0.4378527536465481,0.0,0.0,0.0,0.4928431567254757,0.5723445725193503,0.5783478037235117,0.3579598874407689,0.5452302388996487,0.1603823153854099,0.3540748592878575,0.3797432439913871,0.0,0.2679252492425159,0.0,0.1057146104261711,0.0,0.0,0.0,0.0,0.4431626718075047,0.0,0.0,0.0,0.0,0.7864530970989864,0.0,0.0,0.4113634047581048,0.0,0.4762848089521691,0.9193629392491636,0.0,0.7812506432131026,0.0,0.0,0.1995389258209855,0.0,0.0,0.0,0.0,0.7039386725245018,0.0,0.0,0.0,0.4717348486193129,0.0,0.0,0.0,0.3840662262378982,0.0,0.0,0.0,0.0
0.4968598268416733,0.0,0.6792071952916623,0.0,0.3668116775409539,0.6516265646520625,0.6197784979829307,0.4432188041399969,0.5448199985099019,0.0,0.5067394230621828,0.7105144743768823,0.7000917398789172,0.0155859678066264,0.0,0.7886402510750844,0.7777247926153535,0.7328890578804444,0.6796431277050873,0.0,0.0,0.6955143764252864,0.5801295323077971,0.5232702321598587,0.8136655539856829,0.6612038924507323,0.6698839303256328,0.5732941581560883,0.0,0.0,0.5069622203437619,0.5248453483152274,0.4710178232504872,0.1690338488783303,0.0,0.0,0.2952799977916503,0.2934856189191601,0.3594952620720952,0.2678946651420693,0.3160060380786693,0.0,0.0,0.0,0.2852206855208321,0.0,0.0,0.0,0.0,0.0,0.0,0.0,0.0,0.0,0.9340057024426844,0.0,0.7514811825912826,0.0,0.0,0.0,0.0,0.729496790012314,0.3430854485788729,0.0,0.0,0.0,0.0,0.0,0.5621464856928171,0.4547415797325833,0.7042177760902699,0.0,0.4853359593835959,0.0,0.0,0.5209915487818825
0.0,0.0,0.6928030026636633,0.1023750535972581,0.7800389652132576,0.1825156289599306,0.6841001133153181,0.499115493811235,0.5995041824049329,0.5067394230621828,0.0,0.4045012938706142,0.4012084579960816,0.1929711261251306,0.0,0.0,0.0,0.0,0.6305550993666547,0.0,0.0,0.0,0.3076183622835146,0.0,0.0,0.0,0.4711066497387235,0.1515304158150347,0.0,0.0,0.1870850566759664,0.3249177211330855,0.5026423386557957,0.0935810659850169,0.1079924266290872,0.1293762610595034,0.0035906302895835,0.003302040811519,0.2536999990786172,0.0,0.0,0.0,0.1830077947793834,0.0,0.0,0.0,0.0,0.5020985776746106,0.0,0.5495045974783365,0.2195163797113175,0.333215468392402,0.1529378567518725,0.7099092967659202,0.0,0.5088123958073009,0.0,0.3819339117901258,0.0,0.0,0.0,0.0,0.0,0.4286727111197488,0.0,0.0,0.0,0.0345075386073399,0.0,0.0,0.0,0.3077670008961493,0.0,0.0,0.0,0.0
0.2549894192797448,0.0,0.0,0.0,0.2518632009208283,0.0,0.4432698429933954,0.0,0.3270699113827449,0.7105144743768823,0.4045012938706142,0.0,0.566642331825325,0.0,0.0,0.0,0.5995350516409924,0.5832246134819334,0.0,0.0,0.0,0.0,0.0,0.5593426936569198,0.4980104410239305,0.6334514975648964,0.0,0.3547710284616432,0.0,0.0,0.1973477424144252,0.3652622076449131,0.3628720864421761,0.1110288372208518,0.0296368583678142,0.1183628186475686,0.3236886054667954,0.4112926106969811,0.2145428173965348,0.1838698697439302,0.15848552360497,0.0,0.0,0.0,0.1627681797965587,0.0,0.0,0.0,0.0,0.0,0.0,0.0,0.0,0.0,0.6847868785871445,0.0,0.8465555045929963,0.0,0.0,0.0,0.0,0.5498432813100368,0.2491554502964682,0.0,0.0,0.0,0.0,0.0,0.5586927810852484,0.3083885013205669,0.5641695870573835,0.0,0.0,0.0,0.0,0.1702848962722723
0.0,0.7899648409248454,0.5481364196501413,0.2162972606686616,0.4647303453122008,0.7788047894909463,0.6100175634701388,0.6303903629729363,0.6130021135405259,0.7000917398789172,0.4012084579960816,0.566642331825325,0.0,0.1740013236974987,0.4544773415433557,0.6520817327465062,0.6733063600438919,0.6941877315497117,0.6484092459988255,0.6686026115825787,0.6453647579090204,0.6639265139500812,0.6835045355196046,0.6766634469794395,0.6943679047549804,0.767123155384881,0.5724765018260247,0.6619297477591846,0.7173552817057101,0.4788704498503406,0.5906042273489268,0.4520309608177007,0.355978769516251,0.2685467677551821,0.0,0.303626519258288,0.2221194593192022,0.2723682176681088,0.2458760332896982,0.0,0.0,0.0,0.4565542554245438,0.0,0.0,0.0,0.0,0.614074663028878,0.0,0.0,0.6250021332764243,0.0,0.5555575869878123,0.0,0.0,0.0,0.0,0.0,0.0,0.0,0.0,0.0,0.0,0.0,0.0,0.0,0.0,0.5471329187783492,0.0,0.0,0.0,0.4658340429345087,0.0,0.4133553859176718,0.0,0.0
0.0,0.0,0.0,0.5172230302600376,0.3540068640752072,0.152811513917485,0.1245173330948101,0.3040164139791235,0.3291864450219283,0.0155859678066264,0.1929711261251306,0.0,0.1740013236974987,0.0,0.0,0.0,0.0,0.0,0.148926781976607,0.0,0.2970676367282203,0.0,0.1793628883875363,0.0,0.0,0.0,0.0177125520463532,0.0742878698586115,0.0,0.0,0.1833746075407571,0.0,0.0,0.2838556903027938,0.0,0.533730889174027,0.0,0.0,0.0,0.0,0.0,0.0,0.3598907378419624,0.0,0.0,0.0,0.0,0.1922251337177168,0.0,0.0,0.0,0.0,0.0,0.2853719610066223,0.0,0.4378049635228427,0.0,0.0,0.0,0.0,0.0,0.0,0.0,0.0,0.0,0.0,0.0,0.325759666042179,0.0,0.0,0.0,0.0,0.0,0.0,0.0,0.0
0.5760988956955414,0.453756855756863,0.0,0.0,0.0,0.356186471697159,0.0,0.3201736157160138,0.0,0.0,0.0,0.0,0.4544773415433557,0.0,0.0,0.6245245333845901,0.0,0.4593404658152553,0.0,0.7356758873372357,0.6797074506153709,0.7145369749252343,0.3583220061708989,0.2600951608256199,0.4984869204775329,0.4202441014396072,0.6729973005946074,0.46995060889303,0.5706893140485666,0.0,0.4716857581568399,0.4675697946625184,0.4221602069074429,0.2548820239926329,0.0,0.09000754776046,0.0,0.0,0.3169849848552099,0.3458480630247395,0.3526001307948186,0.1687160415153203,0.0,0.0,0.0,0.0,0.5726733423035205,0.0,0.0,0.0,0.3479434384459053,0.0,0.192412105010764,0.0,0.0,0.0,0.0,0.0,0.0,0.8203745213763476,0.5621701275805246,0.0,0.0,0.0,0.6627128881723449,0.6628166442994121,0.645070091438615,0.2664274157525656,0.0,0.0,0.6344108870294134,0.5816934975562098,0.5236756362005021,0.4971040530349776,0.0,0.4678590282519268
0.5938629541907141,0.7011105273788383,0.0,0.0,0.0,0.5159636444859589,0.5142098065154134,0.2439666642606109,0.4973873783030518,0.7886402510750844,0.0,0.0,0.6520817327465062,0.0,0.6245245333845901,0.0,0.5985727765827326,0.8265280509543291,0.0,0.7066443884441646,0.5914374540548815,0.7931275421263764,0.4308427658575224,0.4367848013362525,0.782875074178429,0.6175327167473661,0.6566651017783411,0.6529321855104383,0.7353472792975627,0.5151160723547737,0.6150206933286136,0.50719638905432,0.3999509993626406,0.3046309507878658,0.028746003454147,0.0,0.0,0.0,0.354665796005319,0.365513479725164,0.2693970317761857,0.163276145271185,0.0,0.0,0.0,0.4792404557402653,0.6311918982003986,0.0,0.0,0.0,0.0,0.0,0.0,0.0,0.0,0.0,0.0,0.0,0.0,0.5678035700528886,0.6828144459546184,0.0,0.4466619291988886,0.0,0.7126112543459527,0.5971372397512209,0.7110953836662778,0.0,0.0,0.5486354033634481,0.7141848822347068,0.0,0.0,0.0,0.0,0.5328495501438268
0.5330897913044356,0.0,0.0,0.0,0.0,0.0,0.2739225029925265,0.0,0.0,0.7777247926153535,0.0,0.5995350516409924,0.6733063600438919,0.0,0.0,0.5985727765827326,0.0,0.7411868055289932,0.0,0.5299917142424914,0.0,0.5127783340759507,0.0,0.7353359226455894,0.8123472496404054,0.8684686501710858,0.0,0.7255876768909142,0.0,0.0,0.5541847089407629,0.2550729814303704,0.2084128113358146,0.2814132396776006,0.0,0.0,0.0,0.3597237184487352,0.0,0.328531400913849,0.0637480322340371,0.0,0.0,0.0,0.0,0.0,0.0,0.0,0.0,0.0,0.0,0.0,0.0,0.0,0.7471693819806691,0.0,0.7013267133279891,0.0,0.0,0.0,0.0,0.8469608060065889,0.6642740740537573,0.0,0.0,0.0,0.0,0.0,0.7254615579170055,0.5431769460768275,0.7695920762935429,0.0,0.0,0.0,0.0,0.0
0.4263348685339596,0.7276314260355675,0.0,0.0,0.0,0.6486411458859636,0.4172818190580133,0.3052994699905343,0.0,0.7328890578804444,0.0,0.5832246134819334,0.6941877315497117,0.0,0.4593404658152553,0.8265280509543291,0.7411868055289932,0.0,0.0,0.5275259471415019,0.4588546831161096,0.6063102482487215,0.5017992549367469,0.5399884570046197,0.798407543850788,0.7647898158362931,0.559398745707523,0.5980166504013141,0.6509963443253396,0.0,0.4803169362290307,0.390969299269005,0.3423714595822638,0.1743330386486331,0.0,0.0,0.0,0.0,0.2909252232644406,0.3573239122712067,0.2071977602179646,0.1102390887085123,0.0,0.0,0.0,0.3601468793920271,0.6414763188784773,0.0,0.0,0.0,0.0,0.0,0.0,0.0,0.7299938322729936,0.0,0.6536815116725393,0.0,0.0,0.0,0.6409869534430603,0.745558488211667,0.577575462005281,0.0,0.0,0.0,0.6828624185786198,0.0,0.5948802447160714,0.6136927204525494,0.7513499800278797,0.0,0.0,0.0,0.0,0.4905315068120771
0.0,0.0,0.651023263242708,0.0480186969217718,0.5711756292747264,0.6100520050996533,0.586422001152008,0.5651262234417976,0.6380645239118002,0.6796431277050873,0.6305550993666547,0.0,0.6484092459988255,0.148926781976607,0.0,0.0,0.0,0.0,0.0,0.0,0.0,0.0,0.6007440591149249,0.0,0.0,0.0,0.6757933096160889,0.5552884536709888,0.0,0.0,0.4914190349608399,0.4437015416291182,0.0,0.2185675619105253,0.0105967370556094,0.0,0.220547080244093,0.0,0.3365148132603451,0.0,0.0,0.0,0.3300520540818124,0.0,0.0,0.0,0.0,0.7138245465610158,0.0,0.0,0.5689541893562761,0.0,0.4441939456849253,0.6300873998539538,0.0,0.5116698718611352,0.0,0.0,0.1738849686864003,0.0,0.0,0.0,0.0,0.7556979086050003,0.0,0.0,0.0,0.4577577909022366,0.0,0.0,0.0,0.5533012002691748,0.0,0.0,0.0,0.0
0.6905792130022471,0.6903185645542456,0.0,0.0,0.5422940267583319,0.5028086091512274,0.5580241718384645,0.4919672516398577,0.6454872665375906,0.0,0.0,0.0,0.6686026115825787,0.0,0.7356758873372357,0.7066443884441646,0.5299917142424914,0.5275259471415019,0.0,0.0,0.7614106267554511,0.9327484551393372,0.5402688068773634,0.0,0.6374966121242165,0.5555601071555935,0.7718077860878569,0.5929374776637888,0.7514611806892286,0.6194460991928818,0.6134922771851952,0.478420446272088,0.3953762508155358,0.3473323164140838,0.0030691966992756,0.1536922760698639,0.0978819646736053,0.0,0.2364091919876371,0.3388310529074907,0.2548277735806415,0.1620330704026313,0.0,0.0,0.0,0.0,0.6411280438269701,0.0,0.0,0.0,0.4943892559034976,0.0,0.3746385767742154,0.0,0.0,0.0,0.0,0.0,0.0,0.6513711930530928,0.0,0.0,0.0,0.0,0.6422970043751555,0.7171635975425071,0.585218564341061,0.4449843304185185,0.0,0.0,0.7153723910705793,0.5894580578389294,0.5684076809722912,0.533405562996728,0.0,0.3665140261402668
0.7348696478206473,0.5722562235819448,0.0,0.0,0.0,0.5109992823442858,0.0,0.5263226577510964,0.0,0.0,0.0,0.0,0.6453647579090204,0.2970676367282203,0.6797074506153709,0.5914374540548815,0.0,0.4588546831161096,0.0,0.7614106267554511,0.0,0.731625787051673,0.5347760906814365,0.4360465345033678,0.5871110447028373,0.5119157517492183,0.6479496378442603,0.4903037285183546,0.7283958879850393,0.5231566211234961,0.5738441903563293,0.4661285860197596,0.4934759040591638,0.3540566657259807,0.0302967126782169,0.223279107979474,0.0,0.0,0.2293413274416162,0.4127823803038599,0.2340139827522385,0.0606155470783782,0.0,0.0,0.0,0.560169987148161,0.5201634450430981,0.0,0.0,0.0,0.4211282388239982,0.0,0.458307317140174,0.0,0.0,0.0,0.0,0.0,0.0,0.5581859108226054,0.3957863184279969,0.0,0.0,0.0,0.4648880902907832,0.783507449157218,0.4243339534556508,0.4522948269694393,0.0,0.3092533744649212,0.6210036783233212,0.4621583510212491,0.5016503579264324,0.4337980470089596,0.0,0.3083432301339247
0.6746283875950966,0.7299896890325602,0.0,0.0,0.5594905607758747,0.4746246816363451,0.5998663764615416,0.4663599935238591,0.6170176902062314,0.6955143764252864,0.0,0.0,0.6639265139500812,0.0,0.7145369749252343,0.7931275421263764,0.5127783340759507,0.6063102482487215,0.0,0.9327484551393372,0.731625787051673,0.0,0.524769773483299,0.0,0.6515812868737527,0.5613174169498505,0.778972272116721,0.5996035396904209,0.7251255080532738,0.6814725611531386,0.5968832300167215,0.5070080569879404,0.4833420413752284,0.32318679370117,0.0448628663078994,0.1135770283674282,0.1384442620473375,0.0,0.3003825222930301,0.3826775920630275,0.2887082786150535,0.2062343384883928,0.0,0.0,0.0,0.4751558172888067,0.6220386056595599,0.0,0.0,0.0,0.5058117259337762,0.0,0.0,0.0,0.0,0.0,0.0,0.0,0.0,0.6712596481964737,0.4810027855176737,0.0,0.2692121913026461,0.0,0.7284901812047622,0.7180264678946198,0.6494351175284975,0.3964925610321919,0.0,0.3902939245395914,0.731690775874084,0.6797697701458342,0.0,0.5784017636642342,0.0,0.3993852074064111
0.4482899341778167,0.6925627919747828,0.5325274377175451,0.0038966984448506,0.2657314418732001,0.8420262499905068,0.4195750025633635,0.767100650422382,0.4378527536465481,0.5801295323077971,0.3076183622835146,0.0,0.6835045355196046,0.1793628883875363,0.3583220061708989,0.4308427658575224,0.0,0.5017992549367469,0.6007440591149249,0.5402688068773634,0.5347760906814365,0.524769773483299,0.0,0.6964839666188198,0.5446771422005252,0.7219427701032025,0.7029349219839219,0.4717056225607052,0.5914316205065061,0.378020176668688,0.3396366217704946,0.4584089698380276,0.3518454935454012,0.1053452352377347,0.0,0.1045979642249682,0.2421993516903386,0.0,0.2844487809742179,0.3169142975845954,0.1581203188443884,0.0378535574213821,0.5211263505721024,0.0,0.0,0.0,0.682216415262237,0.5433931696095149,0.0,0.483148547581068,0.7664761350029198,0.4770042963581407,0.7095441664294714,0.4807432575059136,0.0,0.3255242804801829,0.0,0.6449147077633853,0.3264955541140989,0.44745487251785,0.0,0.0,0.0,0.5527453062511046,0.4725502700457954,0.5154111105864383,0.471244625940625,0.7833909168664812,0.0,0.0,0.6321763138027302,0.560961487591653,0.3994901222803516,0.362524691215209,0.2629029546549667,0.3088749560728964
0.5275416807894083,0.0,0.0,0.0,0.0,0.0,0.2702932476349421,0.579206523232003,0.0,0.5232702321598587,0.0,0.5593426936569198,0.6766634469794395,0.0,0.2600951608256199,0.4367848013362525,0.7353359226455894,0.5399884570046197,0.0,0.0,0.4360465345033678,0.0,0.6964839666188198,0.0,0.6006355103176727,0.8173794800547378,0.3731041717663536,0.6239729928624018,0.0,0.0,0.5645729835943641,0.1657941957611303,0.2284081478490387,0.350920211012216,0.0,0.2906756373556777,0.0,0.3534110041231655,0.0,0.4031253045322845,0.0,0.0,0.0,0.0,0.4668308380966237,0.6195784597186101,0.0,0.0,0.0,0.0,0.0,0.0,0.0,0.0,0.454667271932759,0.0,0.6031479978206311,0.0,0.0,0.0,0.2087363553449257,0.6803253754637433,0.5489573475351782,0.0,0.0,0.0,0.0,0.0,0.7976979642701023,0.310657777966961,0.6695668587509506,0.0,0.0,0.0,0.0,0.1242397633198799
0.6241126607607574,0.8038339678330878,0.0,0.0,0.1933775737732028,0.6597718648579207,0.3697061475360824,0.2970780766720506,0.0,0.8136655539856829,0.0,0.4980104410239305,0.6943679047549804,0.0,0.4984869204775329,0.782875074178429,0.8123472496404054,0.798407543850788,0.0,0.6374966121242165,0.5871110447028373,0.6515812868737527,0.5446771422005252,0.6006355103176727,0.0,0.8099248365454076,0.6317037270686867,0.6637158682875667,0.7692264980279203,0.0,0.5740446252373491,0.2792535995454347,0.324392125532473,0.3052463338459968,0.0,0.0,0.0,0.3239690176505999,0.0952148118830557,0.3670719720529132,0.0720994221134992,0.0,0.0,0.0,0.0,0.6087757561823447,0.7396179361145712,0.0,0.0,0.0,0.0,0.0,0.0,0.0,0.7593934020961962,0.0,0.608216795664863,0.0,0.0,0.0,0.5871693130232906,0.7755796829164777,0.5800082815813431,0.0,0.5765581156711879,0.6358556364948363,0.6399966537581114,0.0,0.6039967902481891,0.5989027002763575,0.8364160998723061,0.0,0.0,0.0,0.0,0.3487589937130968
0.5964516582113605,0.8445254113332032,0.0,0.0,0.0,0.8274914079577388,0.3029519244475914,0.5333325955617535,0.0,0.6612038924507323,0.0,0.6334514975648964,0.767123155384881,0.0,0.4202441014396072,0.6175327167473661,0.8684686501710858,0.7647898158362931,0.0,0.5555601071555935,0.5119157517492183,0.5613174169498505,0.7219427701032025,0.8173794800547378,0.8099248365454076,0.0,0.5322669886223779,0.6554391101293121,0.6116172371846441,0.0,0.4908024851850243,0.3060109484396199,0.2605533664183866,0.2716540796725396,0.0,0.1534919103323451,0.0,0.3757723129274471,0.0905098096541301,0.4330409159493064,0.0605199478407959,0.0,0.0,0.0,0.4567494962657804,0.6250629028967268,0.7018927516538276,0.0,0.0,0.0,0.0,0.0,0.0,0.0,0.6204943563254834,0.0,0.7035736685316862,0.0,0.0,0.4059128462991794,0.4105392858343191,0.8095815087256619,0.6041232907510186,0.0,0.4680993764300002,0.5259406507606563,0.5693247657072442,0.7048102021109531,0.7540070475512227,0.4705393454230864,0.8308517474638514,0.5091928552056745,0.0,0.4096441798159151,0.0,0.300870155750557
0.5699774296159553,0.5937150691615921,0.6380599537665781,0.0,0.3945573392114724,0.6570222014052401,0.4954769390501368,0.431141574822278,0.4928431567254757,0.6698839303256328,0.4711066497387235,0.0,0.5724765018260247,0.0177125520463532,0.6729973005946074,0.6566651017783411,0.0,0.559398745707523,0.6757933096160889,0.7718077860878569,0.6479496378442603,0.778972272116721,0.7029349219839219,0.3731041717663536,0.6317037270686867,0.5322669886223779,0.0,0.4610817579039852,0.763623098942381,0.5219741282102893,0.4120098513295673,0.5884881376894118,0.4050507803388647,0.1535189800867147,0.0,0.0,0.2248738143330861,0.0,0.4123160240157072,0.0,0.3804027161361458,0.1920124555973814,0.2092347329898055,0.0,0.0,0.0,0.7391736442460053,0.6207830052763083,0.0,0.0,0.6589213608275838,0.4512885471708465,0.3380385742137881,0.5147818001903369,0.0,0.3686904933575726,0.0,0.5906363414431736,0.0911024524199937,0.6945728511888821,0.0,0.0,0.0,0.6171537068040787,0.7701035079810195,0.7148121720070333,0.7184228714467555,0.5095508560484131,0.0,0.0,0.6969427575574203,0.839349445489986,0.4745614635398151,0.6666472204534264,0.3016118233332281,0.4959474783029706
0.5459238172068507,0.6242080555729401,0.421499044034838,0.1275096627555072,0.1458074403309433,0.5782856875907172,0.2704140335455614,0.2824730417653366,0.5723445725193503,0.5732941581560883,0.1515304158150347,0.3547710284616432,0.6619297477591846,0.0742878698586115,0.46995060889303,0.6529321855104383,0.7255876768909142,0.5980166504013141,0.5552884536709888,0.5929374776637888,0.4903037285183546,0.5996035396904209,0.4717056225607052,0.6239729928624018,0.6637158682875667,0.6554391101293121,0.4610817579039852,0.0,0.5759085729096466,0.4068723858244551,0.6635416646560535,0.2713273254046355,0.2092980373525669,0.3726095279086538,0.0,0.0908956147299585,0.2150223745318324,0.3351722945287632,0.0984591319313335,0.0,0.0943460220658402,0.0,0.4487314612954639,0.0,0.0,0.0,0.0,0.0,0.0,0.0,0.5867056251343061,0.0,0.4720037626435155,0.0,0.0,0.0,0.0,0.0,0.0,0.4507027072837115,0.0,0.0,0.0,0.0,0.5320615859990602,0.5241130275502499,0.0,0.5732587246247123,0.0,0.0,0.0,0.5110159994037856,0.8405261610317869,0.513942242512182,0.0,0.46203410929675
0.6592130192290456,0.679925504207865,0.0,0.0,0.3905804202750939,0.6621963792319917,0.5043811413247847,0.3688944992990625,0.5783478037235117,0.0,0.0,0.0,0.7173552817057101,0.0,0.5706893140485666,0.7353472792975627,0.0,0.6509963443253396,0.0,0.7514611806892286,0.7283958879850393,0.7251255080532738,0.5914316205065061,0.0,0.7692264980279203,0.6116172371846441,0.763623098942381,0.5759085729096466,0.0,0.4372349279528833,0.6217435422268475,0.4113214655452298,0.3648560980551408,0.3112350872371161,0.0,0.1200733046644595,0.1103702874983233,0.0,0.220826662719347,0.0,0.2008411188687142,0.0134553799963365,0.0,0.0,0.0,0.0,0.5938388629586426,0.0,0.0,0.0,0.5617721959313718,0.0,0.4025420953852083,0.0,0.0,0.0,0.0,0.594482840174884,0.0,0.4808976255388999,0.0,0.0,0.0,0.0,0.5677864599103002,0.7227708229452435,0.5640510671339041,0.5403700321400537,0.0,0.0,0.6900105005160946,0.6221907214206851,0.5668129075148574,0.665048789506759,0.0,0.409657048073884
0.0,0.0,0.6110784725720642,0.0,0.0,0.3077724601554419,0.0,0.4105171075871467,0.3579598874407689,0.0,0.0,0.0,0.4788704498503406,0.0,0.0,0.5151160723547737,0.0,0.0,0.0,0.6194460991928818,0.5231566211234961,0.6814725611531386,0.378020176668688,0.0,0.0,0.0,0.5219741282102893,0.4068723858244551,0.4372349279528833,0.0,0.3444733287773586,0.5310498088469188,0.0,0.2084927629009172,0.1398813766040972,0.0,0.0,0.0,0.4478575247778114,0.0,0.0,0.0,0.0,0.0,0.0,0.0,0.0,0.0,0.0,0.0,0.0,0.0,0.0,0.0,0.0,0.0,0.0,0.0,0.0,0.0,0.0,0.0,0.0,0.0,0.5637503299210851,0.0,0.0,0.1286740546165497,0.0,0.0,0.0,0.407217374707791,0.0,0.0,0.0,0.0
0.5955745907596217,0.4628966796393456,0.3182393121393201,0.0,0.2428315898253271,0.4031039728515242,0.2787891629774021,0.2582274654322519,0.5452302388996487,0.5069622203437619,0.1870850566759664,0.1973477424144252,0.5906042273489268,0.1833746075407571,0.4716857581568399,0.6150206933286136,0.5541847089407629,0.4803169362290307,0.4914190349608399,0.6134922771851952,0.5738441903563293,0.5968832300167215,0.3396366217704946,0.5645729835943641,0.5740446252373491,0.4908024851850243,0.4120098513295673,0.6635416646560535,0.6217435422268475,0.3444733287773586,0.0,0.2853215602283759,0.2322995511438174,0.6097765745546818,0.0,0.2872449046038796,0.0191746218444665,0.1729548639051692,0.0,0.3529724267826719,0.0,0.0,0.0,0.0,0.0,0.6446275567722546,0.3892336157297076,0.0,0.0,0.0,0.3696484307798476,0.0,0.4061485020755579,0.0,0.447873285990489,0.0,0.3484896087482522,0.0,0.0,0.3276293041478764,0.3971388177858069,0.0,0.5620215311472971,0.0,0.3616070844393719,0.5349741447773493,0.4009206755144097,0.4790105630304114,0.4954778129636473,0.3225440719797959,0.5447330367436477,0.3361514177908302,0.5563833961243947,0.3510724001026642,0.0,0.2569132190150441
0.3407779984935313,0.39526429741351,0.5290188522017647,0.0,0.3303705529497499,0.4463249358547972,0.5523384386858203,0.3768038814081282,0.1603823153854099,0.5248453483152274,0.3249177211330855,0.3652622076449131,0.4520309608177007,0.0,0.4675697946625184,0.50719638905432,0.2550729814303704,0.390969299269005,0.4437015416291182,0.478420446272088,0.4661285860197596,0.5070080569879404,0.4584089698380276,0.1657941957611303,0.2792535995454347,0.3060109484396199,0.5884881376894118,0.2713273254046355,0.4113214655452298,0.5310498088469188,0.2853215602283759,0.0,0.4973326368702497,0.0523275939405078,0.0043336639653605,0.0,0.4490408834811559,0.3720743218916429,0.7869575555867648,0.2963597525020472,0.6221012752813442,0.5134964597450142,0.1623985585812313,0.4870709551191349,0.1141827564356532,0.0811572384332641,0.4579476872810268,0.2829920660521817,0.0,0.0,0.3866182121532942,0.0,0.1372374576427736,0.1886505658783948,0.5525524407803946,0.0,0.4438503261373501,0.4027067035852678,0.0,0.464402034987588,0.3530298619265114,0.0,0.0,0.2670992794446964,0.4995352377332248,0.387441892862073,0.4938495750627173,0.1117208773698655,0.276026634387096,0.1658055460696343,0.4124793833039673,0.4415643170490225,0.2897231895748904,0.3369230842535715,0.0,0.612322001617571
0.3664443739728222,0.4105148733847692,0.0,0.0,0.5134009528552296,0.2972237826180656,0.587827783701019,0.4038586235616977,0.3540748592878575,0.4710178232504872,0.5026423386557957,0.3628720864421761,0.355978769516251,0.0,0.4221602069074429,0.3999509993626406,0.2084128113358146,0.3423714595822638,0.0,0.3953762508155358,0.4934759040591638,0.4833420413752284,0.3518454935454012,0.2284081478490387,0.324392125532473,0.2605533664183866,0.4050507803388647,0.2092980373525669,0.3648560980551408,0.0,0.2322995511438174,0.4973326368702497,0.0,0.2027369534114819,0.1458949681461398,0.0769372446796656,0.2070931078350328,0.3190155307939288,0.341537809233232,0.4531146788582163,0.4848373081368928,0.2959884007562257,0.0,0.0,0.1118992156313674,0.2120049266373211,0.367168261542295,0.0,0.0,0.0,0.0,0.0,0.0,0.0,0.4435591656198885,0.0,0.3716670303169977,0.0,0.0,0.3503970654086162,0.2502920095722001,0.2308391898661178,0.0,0.0,0.3968307381389491,0.3810847688616333,0.3193936366737105,0.1500022652973964,0.3281645522410329,0.1734238857562615,0.4159113391944565,0.3049834539828427,0.0,0.2758866441554514,0.0,0.2884970661426511
0.376352798405507,0.2487371890665118,0.0906263773692348,0.3532156477310859,0.1902339116217,0.1380771820300292,0.0136395430101544,0.1792696638635467,0.3797432439913871,0.1690338488783303,0.0935810659850169,0.1110288372208518,0.2685467677551821,0.2838556903027938,0.2548820239926329,0.3046309507878658,0.2814132396776006,0.1743330386486331,0.2185675619105253,0.3473323164140838,0.3540566657259807,0.32318679370117,0.1053452352377347,0.350920211012216,0.3052463338459968,0.2716540796725396,0.1535189800867147,0.3726095279086538,0.3112350872371161,0.2084927629009172,0.6097765745546818,0.0523275939405078,0.2027369534114819,0.0,0.1408049853001783,0.3919016396371637,0.0,0.1952939554751648,0.0,0.3341724729568128,0.0,0.0,0.1653130609524981,0.0,0.1587260969703962,0.4522233372106444,0.207053358568415,0.0,0.0,0.0,0.1745713017508718,0.0,0.3244910738305204,0.0,0.2050531924096341,0.0,0.1587921354975227,0.0,0.0,0.106928213634369,0.1405443723616216,0.0,0.4262754839233634,0.0,0.072679985900864,0.3063706057975551,0.1076444300675569,0.284553275878966,0.334157092440008,0.2802312621790805,0.3257416328187079,0.0864362681129893,0.2941117169184482,0.1738536074044609,0.0,0.0
0.0,0.0,0.0,0.0827198197432446,0.1161805446160745,0.0,0.2392775901229213,0.0161599212637345,0.0,0.0,0.1079924266290872,0.0296368583678142,0.0,0.0,0.0,0.028746003454147,0.0,0.0,0.0105967370556094,0.0030691966992756,0.0302967126782169,0.0448628663078994,0.0,0.0,0.0,0.0,0.0,0.0,0.0,0.1398813766040972,0.0,0.0043336639653605,0.1458949681461398,0.1408049853001783,0.0,0.0,0.0,0.0,0.0,0.0,0.0189571667362824,0.1776184163857488,0.0,0.0,0.0,0.0,0.0,0.0,0.0,0.0,0.0,0.0,0.0,0.0,0.0,0.0,0.0,0.0,0.0,0.0,0.0,0.0,0.0,0.0,0.0,0.0337902676125879,0.0,0.0,0.0,0.0,0.0,0.0,0.0,0.0,0.0,0.0
0.0,0.0,0.0020042842161917,0.5657258618031208,0.2181605255478422,0.0776204105002068,0.0823589752876771,0.3464998757312175,0.2679252492425159,0.0,0.1293762610595034,0.1183628186475686,0.303626519258288,0.533730889174027,0.09000754776046,0.0,0.0,0.0,0.0,0.1536922760698639,0.223279107979474,0.1135770283674282,0.1045979642249682,0.2906756373556777,0.0,0.1534919103323451,0.0,0.0908956147299585,0.1200733046644595,0.0,0.2872449046038796,0.0,0.0769372446796656,0.3919016396371637,0.0,0.0,0.0,0.0093914179092255,0.0,0.04593217646819,0.0,0.0,0.357866807357527,0.0,0.0,0.0,0.0,0.0101768180586635,0.0,0.0,0.0002990649121581,0.1023996148295925,0.2878899509042551,0.2699612791824766,0.0,0.191902544914347,0.0445225890304276,0.1157936484521459,0.1874427035946542,0.0,0.0,0.0,0.0,0.1189126053418647,0.0,0.0,0.0,0.1758757051928398,0.0,0.0,0.0,0.0,0.1611879010123769,0.0,0.0,0.0
0.0,0.0,0.2912770449657949,0.0,0.0127369161769382,0.3135324792772304,0.2016104343404347,0.1157513908966772,0.0,0.2952799977916503,0.0035906302895835,0.3236886054667954,0.2221194593192022,0.0,0.0,0.0,0.0,0.0,0.220547080244093,0.0978819646736053,0.0,0.1384442620473375,0.2421993516903386,0.0,0.0,0.0,0.2248738143330861,0.2150223745318324,0.1103702874983233,0.0,0.0191746218444665,0.4490408834811559,0.2070931078350328,0.0,0.0,0.0,0.0,0.3384092989257133,0.5055045874349398,0.0,0.426605629478261,0.3787090831516643,0.0,0.0,0.0,0.0,0.0,0.0,0.0,0.0,0.0,0.0,0.0,0.0,0.0,0.0,0.0,0.0,0.0,0.0,0.0,0.0,0.0,0.0,0.0,0.0,0.0,0.0,0.0,0.0,0.0,0.0,0.0,0.0,0.0,0.0
0.0,0.0,0.0,0.0,0.0,0.0,0.062361698995494,0.0,0.1057146104261711,0.2934856189191601,0.003302040811519,0.4112926106969811,0.2723682176681088,0.0,0.0,0.0,0.3597237184487352,0.0,0.0,0.0,0.0,0.0,0.0,0.3534110041231655,0.3239690176505999,0.3757723129274471,0.0,0.3351722945287632,0.0,0.0,0.1729548639051692,0.3720743218916429,0.3190155307939288,0.1952939554751648,0.0,0.0093914179092255,0.3384092989257133,0.0,0.2935616520138363,0.2107450003688877,0.2158800335968321,0.0793535124843635,0.0,0.0,0.3257737519768266,0.0,0.0,0.0,0.0,0.0,0.0,0.0,0.0,0.0,0.3911978199326918,0.0,0.4577116301767948,0.0,0.0,0.0,0.0,0.0,0.0,0.0,0.0,0.0,0.0,0.0,0.3660579217859189,0.0,0.3871933270990011,0.0,0.0,0.0,0.0,0.0
0.081996235832786,0.1996048838316398,0.4412264664879942,0.0,0.0,0.2927353215578462,0.0,0.1411279163204245,0.0,0.3594952620720952,0.2536999990786172,0.2145428173965348,0.2458760332896982,0.0,0.3169849848552099,0.354665796005319,0.0,0.2909252232644406,0.3365148132603451,0.2364091919876371,0.2293413274416162,0.3003825222930301,0.2844487809742179,0.0,0.0952148118830557,0.0905098096541301,0.4123160240157072,0.0984591319313335,0.220826662719347,0.4478575247778114,0.0,0.7869575555867648,0.341537809233232,0.0,0.0,0.0,0.5055045874349398,0.2935616520138363,0.0,0.1235702665739282,0.768295697766934,0.6883343692537508,0.0434786844365924,0.453699981418785,0.0140800259706837,0.0,0.3079970060202365,0.1221663046317661,0.0,0.0115039529078624,0.3103190524254933,0.0389678119797607,0.0,0.0064194219690304,0.4532950340235778,0.0,0.3195436141906599,0.2647478072115516,0.0,0.3742625369951517,0.380205358822456,0.0922930621441229,0.0,0.1170156860133422,0.4816679878276562,0.1820918407620062,0.4645717011622094,0.0,0.1311625799028371,0.1727426268007175,0.2160495723530181,0.4114430707455694,0.1696443215825296,0.3521951358500408,0.2679798584754847,0.7103235394059046
0.4540552067682664,0.2976701932701929,0.0,0.0,0.0,0.0,0.0,0.0,0.0,0.2678946651420693,0.0,0.1838698697439302,0.0,0.0,0.3458480630247395,0.365513479725164,0.328531400913849,0.3573239122712067,0.0,0.3388310529074907,0.4127823803038599,0.3826775920630275,0.3169142975845954,0.4031253045322845,0.3670719720529132,0.4330409159493064,0.0,0.0,0.0,0.0,0.3529724267826719,0.2963597525020472,0.4531146788582163,0.3341724729568128,0.0,0.04593217646819,0.0,0.2107450003688877,0.1235702665739282,0.0,0.2343074833712411,0.0,0.2535953080749747,0.2295053602351365,0.3693598655542086,0.5330404471102127,0.3699839388804868,0.0,0.0,0.382461402007026,0.3760669393083768,0.4326612667170238,0.3260982998849211,0.3423185541152224,0.2788061632073694,0.4379816104756354,0.2383529977950449,0.4644322685347257,0.0,0.2967443452971999,0.3387591628961167,0.3989032586320812,0.3460016402401714,0.0,0.3582063192799035,0.4286665732611353,0.3900146387256751,0.3499533328702778,0.4480369631005152,0.286990459049624,0.4895979344735573,0.3020364117147608,0.4133042377050265,0.3134521186025573,0.3500609936067465,0.21287038547685
0.2142341999035037,0.168998258076235,0.0,0.0,0.0,0.2250165744594563,0.0,0.1227827247723186,0.0,0.3160060380786693,0.0,0.15848552360497,0.0,0.0,0.3526001307948186,0.2693970317761857,0.0637480322340371,0.2071977602179646,0.0,0.2548277735806415,0.2340139827522385,0.2887082786150535,0.1581203188443884,0.0,0.0720994221134992,0.0605199478407959,0.3804027161361458,0.0943460220658402,0.2008411188687142,0.0,0.0,0.6221012752813442,0.4848373081368928,0.0,0.0189571667362824,0.0,0.426605629478261,0.2158800335968321,0.768295697766934,0.2343074833712411,0.0,0.6010063455083695,0.0020045389598392,0.4292322393880988,0.0969047386623534,0.0,0.2675625038350609,0.0921956021704621,0.0,0.0,0.2328420483480765,0.0958747243674906,0.0,0.0068479522121695,0.3914654856104171,0.0,0.2433906140239219,0.2335299775607981,0.0,0.3605738239353138,0.3861160943337873,0.0907173942493026,0.0,0.1054345775157566,0.4619590724562958,0.2523339307536575,0.4089826150388268,0.0,0.1603890379912162,0.1388905241921491,0.2059795274682134,0.3428831271513247,0.1663488284075499,0.3454273026209047,0.2520099366582206,0.6868184214958462
0.0,0.1018565715316424,0.0,0.0,0.0,0.0253857470098811,0.0,0.0,0.0,0.0,0.0,0.0,0.0,0.0,0.1687160415153203,0.163276145271185,0.0,0.1102390887085123,0.0,0.1620330704026313,0.0606155470783782,0.2062343384883928,0.0378535574213821,0.0,0.0,0.0,0.1920124555973814,0.0,0.0134553799963365,0.0,0.0,0.5134964597450142,0.2959884007562257,0.0,0.1776184163857488,0.0,0.3787090831516643,0.0793535124843635,0.6883343692537508,0.0,0.6010063455083695,0.0,0.0,0.1751796594489901,0.0,0.0,0.1284560492353024,0.0,0.0,0.0,0.0367149213006787,0.0,0.0,0.0,0.3317584159618821,0.0,0.2721019710272069,0.0311835413392102,0.0,0.1740730379679719,0.1170943954329206,0.0,0.0,0.0,0.2627883552973752,0.0,0.1908738897000668,0.0,0.0,0.0251497425393806,0.0483855720003978,0.164338015140608,0.0,0.1278202674321434,0.0364055448558845,0.4570325660393002
0.0,0.0,0.2511789670681185,0.0,0.2259265324134991,0.4641578101600237,0.0,0.5426460643165931,0.4431626718075047,0.0,0.1830077947793834,0.0,0.4565542554245438,0.3598907378419624,0.0,0.0,0.0,0.0,0.3300520540818124,0.0,0.0,0.0,0.5211263505721024,0.0,0.0,0.0,0.2092347329898055,0.4487314612954639,0.0,0.0,0.0,0.1623985585812313,0.0,0.1653130609524981,0.0,0.357866807357527,0.0,0.0,0.0434786844365924,0.2535953080749747,0.0020045389598392,0.0,0.0,0.4094319809803062,0.2439623587528862,0.0,0.0,0.371860778124391,0.3917194024632394,0.5628423982090586,0.4971506716248479,0.4886360868534596,0.5543337722338466,0.4876166945798617,0.1765662838063272,0.3326870728230785,0.2809850679875971,0.5110435033308349,0.4536816936652616,0.235423841783131,0.0,0.4314538578896739,0.0,0.4314325767089569,0.2189625209742506,0.3087533764971248,0.2066754869679246,0.5219234084857418,0.3876663069696255,0.0970500025794398,0.3533716391750771,0.2473313707792375,0.5068126323283261,0.2066554294730395,0.0,0.1270761271483476
0.0,0.0,0.0,0.0,0.0,0.0,0.0,0.0,0.0,0.0,0.0,0.0,0.0,0.0,0.0,0.0,0.0,0.0,0.0,0.0,0.0,0.0,0.0,0.0,0.0,0.0,0.0,0.0,0.0,0.0,0.0,0.4870709551191349,0.0,0.0,0.0,0.0,0.0,0.0,0.453699981418785,0.2295053602351365,0.4292322393880988,0.1751796594489901,0.4094319809803062,0.0,0.3671578784801916,0.0,0.0,0.3452292455098942,0.0,0.2174292439450043,0.4686954623913039,0.3427065903427116,0.2265907805152896,0.1826994630860337,0.3764984012060369,0.0681125126419508,0.319551114046912,0.4462022879936512,0.1776351483338418,0.0,0.0,0.0,0.0,0.3487204433830076,0.0,0.0,0.0,0.2738064045092878,0.0,0.0,0.0,0.3889538903616285,0.4493023772044978,0.3084662264676712,0.0,0.5625479532003136
