0.0,0.3958664225494629,0.0,0.0,0.0,0.2249079967409755,0.0,0.0,0.0,0.3956372338086935,0.0,0.325476672076675,0.0,0.0,0.3727914109436566,0.6396805778399574,0.5965390094478341,0.6323762373703866,0.0,0.222640917022769,0.433916484874296,0.4341839647155747,0.1998006387833451,0.6580154882814311,0.6407025654892002,0.5849417443029636,0.2625433901613259,0.3058351685572438,0.2626262903305801,0.0,0.5549135551160221,0.2186388684706241,0.4612116582219073,0.2905158317301413,0.0,0.0,0.0,0.0,0.2815741868090914,0.4657685970658063,0.38349514548252,0.0,0.0,0.0,0.0,0.8643093307972245,0.2558004005737271,0.0,0.0,0.0,0.0,0.0,0.0,0.0,0.664234398640881,0.0,0.0,0.0,0.0,0.0,0.5433198460809684,0.0,0.5158900589105504,0.0,0.0,0.3902705783351008,0.1632973381139236,0.0,0.6787129559138847,0.5223487481902317,0.6600153037557281,0.0,0.0,0.0,0.0,0.0
0.3958664225494629,0.0,0.0,0.0,0.2446574549939693,0.7006302267195461,0.5016946928631472,0.4311257819848154,0.4196352716595393,0.0,0.0,0.0,0.5702901283764692,0.0,0.4979945788671933,0.5537880522439167,0.0,0.7332639107560076,0.0,0.2821055475989454,0.431814743981201,0.5389715725507045,0.6265604321915182,0.0,0.819789281604797,0.8183263933449874,0.6904601000489643,0.2991782793817172,0.4703805254472586,0.0,0.2452464806862866,0.3254214268707268,0.5795988538084786,0.2309478798633655,0.0,0.0,0.0,0.0,0.3741105545794911,0.5300332156350012,0.272009180498496,0.0,0.0,0.0,0.0,0.4965354760379592,0.7088192382689756,0.0,0.0,0.0,0.0,0.0,0.0,0.0,0.0,0.0,0.0,0.0,0.0,0.5081381431769127,0.5511557485499953,0.0,0.6107825334228364,0.0,0.3053055002812062,0.4138637706354048,0.3548428706171784,0.5249565637853131,0.0,0.68122754072617,0.7858734357740267,0.6927098026785313,0.0,0.505020104701549,0.0,0.2540695101657882
0.0,0.0,0.0,0.0,0.6955806424771419,0.5920248439130206,0.2403085219513294,0.2439927395632969,0.8584097655175195,0.404929460593247,0.6620623051654718,0.0,0.3276729204285545,0.1398881819417652,0.0,0.0,0.0,0.0,0.8735692577938394,0.0,0.0,0.0,0.5229855027148264,0.0,0.0,0.0,0.7124486772971108,0.6659233641088896,0.0,0.4224299694646015,0.2984763055571888,0.0,0.0,0.019426007746671,0.0,0.2990588977518029,0.2294093221868651,0.0,0.0,0.0,0.0,0.0,0.0,0.0,0.0,0.0,0.0,0.9459274819561464,0.0,0.7325073300881588,0.4413564778764755,0.0,0.0,0.9291863751589896,0.0,0.8416478171892812,0.0,0.0,0.2546912301914724,0.0,0.0,0.0,0.0,0.91279232694238,0.0,0.0,0.0,0.3013932085776294,0.0,0.0,0.0,0.7377532221363466,0.0,0.0,0.0,0.0
0.0,0.0,0.0,0.0,0.2751579294328329,0.3908229321766103,0.3652236378805461,0.4487507645960455,0.1064093412945868,0.3967668878469616,0.0598924487818653,0.0,0.2673249423061939,0.4268728909655401,0.0,0.0,0.0,0.0,0.0809815450982456,0.0,0.0,0.0,0.4760884305300322,0.0,0.0,0.0,0.3157440025551364,0.2757358386754963,0.0,0.0,0.0,0.2663520216434281,0.0,0.2936483148715147,0.0,0.3826266353948832,0.1915432612399335,0.0,0.0,0.0,0.0,0.0,0.0,0.0,0.0,0.0,0.0,0.0,0.0,0.0,0.0,0.0,0.0,0.0,0.0,0.0,0.0,0.0,0.0,0.0,0.0,0.0,0.0,0.0,0.0,0.0,0.0,0.0,0.0,0.0,0.0,0.0,0.0,0.0,0.0,0.0
0.0,0.2446574549939693,0.6955806424771419,0.2751579294328329,0.0,0.5227747833948373,0.4493954695849435,0.4212134388251286,0.8059168646951322,0.3749905595852093,0.7971883951003075,0.465129455150348,0.4248809453320574,0.4024587939499359,0.0,0.0,0.0,0.0,0.7123566591300446,0.641762636527052,0.0,0.5360424376980862,0.5057101654657905,0.0,0.0758440567652761,0.0,0.5228382988493611,0.6772869293997344,0.1832386011971924,0.0,0.14923213585579,0.0,0.0,0.0606173808471482,0.0,0.4680866410302786,0.3036594223179792,0.2412288230016744,0.0,0.0,0.0,0.0,0.1705040643135891,0.0,0.0,0.0,0.0,0.7240494038187885,0.0,0.0,0.0,0.0,0.1512723182647027,0.7568070355411016,0.0,0.8410903747858197,0.0,0.0,0.0,0.0,0.0,0.0,0.0,0.0,0.0,0.0,0.0,0.3541902435570353,0.0,0.0,0.0,0.5262551847430254,0.0,0.0,0.0,0.0
0.2249079967409755,0.7006302267195461,0.5920248439130206,0.3908229321766103,0.5227747833948373,0.0,0.6157301093412024,0.6957947177001053,0.6387469321132133,0.5961124247318724,0.4377587696837647,0.0,0.6019660727988748,0.3687040868282543,0.5585345356148831,0.5721790545457661,0.0,0.6355900434861608,0.5804082153473878,0.5262558093501376,0.4155377651814348,0.6046583702146698,0.8910729795247696,0.0,0.5269184625813387,0.4749286298607833,0.8428834471531836,0.3957087867627,0.6395478628656512,0.292251578313521,0.2601459622310498,0.2061407863147112,0.437098885462451,0.2419755137090825,0.0,0.2766989071577068,0.1037750485230599,0.0,0.2366308250212218,0.0,0.0898651463602951,0.0,0.1997035301191743,0.0,0.0,0.0,0.0,0.660876802572152,0.0,0.0,0.8817622017997987,0.6795033740484046,0.5761728741024642,0.6080111734736144,0.0,0.5604094395686761,0.0,0.7145095497624203,0.0,0.698427370078864,0.0,0.0,0.0,0.5886029438140044,0.5927324965806963,0.4730333078664294,0.578632248879735,0.8017025060154381,0.0,0.0,0.0,0.7907064597979556,0.5786288281451627,0.6210562075194512,0.0,0.3147808720883134
0.0,0.5016946928631472,0.2403085219513294,0.3652236378805461,0.4493954695849435,0.6157301093412024,0.0,0.5178238965905057,0.3694373535883638,0.5409885823023656,0.3380638676464559,0.3928646086796511,0.6989766026995075,0.3820485534768928,0.0,0.4312161228384211,0.4778355271853352,0.4265358220702262,0.257932599387197,0.3653267619492902,0.0,0.4045108976901172,0.5431442887291241,0.188809413729829,0.3429326352333635,0.2442491490628504,0.5178820730901921,0.3038905877237977,0.6922196883510818,0.0,0.1825056844866321,0.3291224165273549,0.3038737838856544,0.2237263253068812,0.0,0.2740230006780515,0.117142556869192,0.116819016474744,0.0,0.0,0.0,0.0,0.0,0.0,0.0,0.0,0.0,0.0,0.0,0.0,0.5833469748222906,0.0,0.0,0.0,0.0,0.0,0.0,0.0,0.0,0.0,0.0,0.0,0.0,0.0,0.0,0.0,0.0,0.55174296590362,0.0,0.0,0.0,0.4956324422950928,0.0,0.0,0.0,0.0
0.0,0.4311257819848154,0.2439927395632969,0.4487507645960455,0.4212134388251286,0.6957947177001053,0.5178238965905057,0.0,0.2704944096511063,0.4069804342619538,0.3206940411035575,0.0,0.5926712803692209,0.5768114846557876,0.3610951832377135,0.2855103829568171,0.0,0.2734602513651817,0.261831253779008,0.3222420769890723,0.6569411201516542,0.2870844772703207,0.8284899775005533,0.1882733869552425,0.1521593363735394,0.1058173005138828,0.4492154351960868,0.3074921569296955,0.4991066191484328,0.2347424942044186,0.1167901527708917,0.3618490664159229,0.2538547593571961,0.2015382801218474,0.0,0.3556597542165494,0.2105657430140463,0.0,0.3813521377047062,0.0,0.1100076009163202,0.0,0.3179796798774834,0.0,0.0,0.0,0.0,0.3964781548931173,0.0,0.3602648603726096,0.6774619635249933,0.6139674244931208,0.8053673045650346,0.2825358920180035,0.0,0.4274630426921585,0.0,0.7162249943188858,0.5439198023618975,0.5635388113935851,0.0,0.0,0.0,0.342369173391141,0.4360617676143959,0.521372918520997,0.0,0.7482635985332172,0.0,0.0,0.0,0.4091868916522878,0.4870048033680493,0.4711475208224448,0.0,0.1107388685445479
0.0,0.4196352716595393,0.8584097655175195,0.1064093412945868,0.8059168646951322,0.6387469321132133,0.3694373535883638,0.2704944096511063,0.0,0.4187994563599579,0.8066126884590384,0.570037889822104,0.3323526694976433,0.1902420514845457,0.0,0.2276538441298079,0.0,0.0,0.8107543018330522,0.6460493750881839,0.0,0.6173608463098882,0.532441034318614,0.0,0.0,0.0,0.7549131244105529,0.5758696468575559,0.1684485295092469,0.3637444184101651,0.2255742997351452,0.0,0.1483826904157835,0.0640026768061384,0.0,0.2761706672334395,0.2430130069012037,0.3006829317715914,0.025027014734635,0.0,0.0,0.0,0.0820000310113037,0.0,0.0,0.0,0.0,0.8629316440288065,0.0,0.0,0.4423201823841964,0.0,0.0676753103290347,0.9566426191419864,0.0,0.8405260089006936,0.0,0.0,0.3010924582679568,0.0,0.0,0.0,0.0,0.7882828233037618,0.0,0.0,0.0,0.3678703740537958,0.0,0.0,0.0,0.7608560464448996,0.0,0.0,0.0,0.0
0.3956372338086935,0.0,0.404929460593247,0.3967668878469616,0.3749905595852093,0.5961124247318724,0.5409885823023656,0.4069804342619538,0.4187994563599579,0.0,0.2374420915322417,0.6743759769843126,0.4812364808640144,0.3645600679212238,0.0,0.6548790722448495,0.7625051313623101,0.6547708513247676,0.3411144718673586,0.0,0.0,0.4827818735516154,0.5729847512837042,0.545383041047877,0.6250766495448585,0.4521141751684031,0.6092388076733594,0.425177261136963,0.0,0.0,0.4959748785837676,0.2067856511064269,0.493298445471219,0.4677952373849109,0.0,0.3981112672716489,0.0728966998361587,0.555752770133955,0.2253018552904647,0.4779552680822033,0.3583532415083628,0.0,0.0,0.0,0.2086230337577672,0.0,0.0,0.0,0.0,0.0,0.0,0.0,0.0,0.0,0.6119572459064877,0.0,0.5877337484942448,0.0,0.0,0.0,0.0,0.6270573034021275,0.6109560380553399,0.0,0.0,0.0,0.0,0.0,0.4551296922682413,0.4569751559467722,0.5045668208501757,0.0,0.5646576146495337,0.0,0.0,0.4293429762196109
0.0,0.0,0.6620623051654718,0.0598924487818653,0.7971883951003075,0.4377587696837647,0.3380638676464559,0.3206940411035575,0.8066126884590384,0.2374420915322417,0.0,0.3657393929606956,0.219448758862736,0.2836564999898908,0.0,0.0,0.0,0.0,0.6540570785298223,0.0,0.0,0.0,0.4042277289012951,0.0,0.0,0.0,0.5407235262700295,0.4113018712730723,0.0,0.0,0.0,0.0311151011758191,0.0,0.0,0.0,0.2036222335822681,0.193399438873776,0.2023428031264254,0.0967844917393773,0.0,0.0,0.0,0.1001894946155997,0.0,0.0,0.0,0.0,0.689024289153387,0.0,0.7030298553374081,0.2485986102300612,0.4248279243739782,0.1111602697007472,0.7050135289519502,0.0,0.8995909469578096,0.0,0.2274321286269042,0.250332781980482,0.0,0.0,0.0,0.0,0.6703299447157439,0.0,0.0,0.0,0.2370821072056741,0.0,0.0,0.0,0.5359131812647254,0.0,0.0,0.0,0.0
0.325476672076675,0.0,0.0,0.0,0.465129455150348,0.0,0.3928646086796511,0.0,0.570037889822104,0.6743759769843126,0.3657393929606956,0.0,0.5903064472242465,0.0,0.0,0.0,0.7544824894115337,0.6731978514345548,0.0,0.0,0.0,0.0,0.0,0.6956896562056238,0.6064845976576774,0.6807212055266956,0.0,0.5335950975094047,0.0,0.0,0.2623826718925385,0.0,0.3426874572391122,0.1797259146277062,0.0,0.4106603998521472,0.2320044313879181,0.3066382492081169,0.0522510159837395,0.3881042751830821,0.1913640207460757,0.0,0.0,0.0,0.2233415019562849,0.0,0.0,0.0,0.0,0.0,0.0,0.0,0.0,0.0,0.685789175355986,0.0,0.8459759458148055,0.0,0.0,0.0,0.0,0.7400309702817491,0.5177985982902876,0.0,0.0,0.0,0.0,0.0,0.596512332424498,0.442457985094098,0.6356946351243865,0.0,0.0,0.0,0.0,0.2392707973345136
0.0,0.5702901283764692,0.3276729204285545,0.2673249423061939,0.4248809453320574,0.6019660727988748,0.6989766026995075,0.5926712803692209,0.3323526694976433,0.4812364808640144,0.219448758862736,0.5903064472242465,0.0,0.4928647549395581,0.3635186240640736,0.4475643356337106,0.5857567305965609,0.5817810424616067,0.3095138760351613,0.3543481386750411,0.5256718425835619,0.3586346003344825,0.5304241036433232,0.2547046808098148,0.3316829315264469,0.3685680768720966,0.3751955784481096,0.5370032468240028,0.575605517797359,0.3269396970842843,0.1497770579615178,0.2280610134586081,0.1930160438225161,0.203967630881565,0.0,0.4142390699623914,0.241846259999736,0.0,0.2799887644611491,0.0,0.0,0.0,0.2370543313750074,0.0,0.0,0.0,0.0,0.3733776845603923,0.0,0.0,0.5651371044267586,0.0,0.4230311458301023,0.0,0.0,0.0,0.0,0.0,0.0,0.0,0.0,0.0,0.0,0.0,0.0,0.0,0.0,0.4303496895978461,0.0,0.0,0.0,0.3665938756874674,0.0,0.4444759322637676,0.0,0.0
0.0,0.0,0.1398881819417652,0.4268728909655401,0.4024587939499359,0.3687040868282543,0.3820485534768928,0.5768114846557876,0.1902420514845457,0.3645600679212238,0.2836564999898908,0.0,0.4928647549395581,0.0,0.0,0.0,0.0,0.0,0.1281782663207621,0.0,0.4339139168794599,0.0,0.431257242134853,0.0,0.0,0.0,0.2017514413540085,0.2929630448387247,0.0,0.0,0.0407612212737676,0.1231071870035402,0.0,0.2594439628346898,0.0,0.5433856230763864,0.1971016383214956,0.0,0.0,0.0,0.0,0.0,0.2704728385354507,0.0,0.0,0.0,0.0,0.2410132193642433,0.0,0.0,0.0,0.0,0.0,0.172475397605902,0.0,0.3309082135147252,0.0,0.0,0.0,0.0,0.0,0.0,0.0,0.0,0.0,0.0,0.0,0.3981946026736524,0.0,0.0,0.0,0.0,0.0,0.0,0.0,0.0
0.3727914109436566,0.4979945788671933,0.0,0.0,0.0,0.5585345356148831,0.0,0.3610951832377135,0.0,0.0,0.0,0.0,0.3635186240640736,0.0,0.0,0.4062279033975923,0.0,0.534433556233169,0.0,0.7412395084765595,0.4319397892678464,0.8264915527102417,0.5959743850451618,0.3687030908446739,0.4636634284596755,0.4925378155291828,0.7165476630425763,0.5329340889639208,0.4184404500806531,0.0,0.3753340274271455,0.2305892912185394,0.2403898017913607,0.0776051796142297,0.0,0.1618469085864941,0.0,0.0,0.2637204706896082,0.1483310111588051,0.0608322916468503,0.0,0.0,0.0,0.0,0.0,0.3304092327350894,0.0,0.0,0.0,0.5028063659880131,0.0,0.1835169743637776,0.0,0.0,0.0,0.0,0.0,0.0,0.7345425802280644,0.3232179755677077,0.0,0.0,0.0,0.7283534609530132,0.3918732092134884,0.7272830567483058,0.4654102891436258,0.0,0.0,0.4603811409441149,0.7286688784755591,0.4526303495257296,0.5345281804844834,0.0,0.3941903613975869
0.6396805778399574,0.5537880522439167,0.0,0.0,0.0,0.5721790545457661,0.4312161228384211,0.2855103829568171,0.2276538441298079,0.6548790722448495,0.0,0.0,0.4475643356337106,0.0,0.4062279033975923,0.0,0.8070133597985697,0.8263257673672323,0.0,0.4398311764377218,0.5027781985594848,0.6162609088798459,0.5420687870108332,0.5089274011097664,0.625321161210991,0.4087664601410224,0.5321610183877719,0.3166539837585718,0.6584232490275612,0.3408660509952327,0.6254644120791042,0.3685155667553039,0.59055802365633,0.3998659161699388,0.0,0.0,0.0,0.0,0.38286451679208,0.4729346518002327,0.2867950427529641,0.0,0.0,0.0,0.0,0.6827296464301362,0.4918239730150501,0.0,0.0,0.0,0.0,0.0,0.0,0.0,0.0,0.0,0.0,0.0,0.0,0.5217048407300489,0.7149435368682319,0.0,0.7585287317121736,0.0,0.3852466094827416,0.6213435942873096,0.4043557368391759,0.0,0.0,0.4169962650959216,0.5028061442793229,0.0,0.0,0.0,0.0,0.5407221469971207
0.5965390094478341,0.0,0.0,0.0,0.0,0.0,0.4778355271853352,0.0,0.0,0.7625051313623101,0.0,0.7544824894115337,0.5857567305965609,0.0,0.0,0.8070133597985697,0.0,0.8888608571880358,0.0,0.4011517776872071,0.0,0.5827246822927961,0.0,0.6734922444905678,0.7810217578134879,0.6640969732436433,0.0,0.4162355536035642,0.0,0.0,0.4651986698244593,0.2997180522253981,0.5650273681949415,0.315159480032377,0.0,0.0,0.0,0.2605900487058001,0.0,0.5448993446642989,0.3682009457344561,0.0,0.0,0.0,0.0,0.0,0.0,0.0,0.0,0.0,0.0,0.0,0.0,0.0,0.7995100414818239,0.0,0.6239819744472449,0.0,0.0,0.0,0.0,0.8569669427462513,0.7275283245520651,0.0,0.0,0.0,0.0,0.0,0.6788384555827569,0.5711216661187626,0.7059705773187859,0.0,0.0,0.0,0.0,0.0
0.6323762373703866,0.7332639107560076,0.0,0.0,0.0,0.6355900434861608,0.4265358220702262,0.2734602513651817,0.0,0.6547708513247676,0.0,0.6731978514345548,0.5817810424616067,0.0,0.534433556233169,0.8263257673672323,0.8888608571880358,0.0,0.0,0.413180634326475,0.4117570131463838,0.6066768892468561,0.5110440444578096,0.6806742670156994,0.788733012077145,0.7153481667436085,0.6127918212576119,0.4317389109757249,0.514282436873286,0.0,0.4360058435965104,0.2539273470098782,0.6164297673527186,0.2913470388150223,0.0,0.0,0.0,0.0,0.2868783153486376,0.5416597747496461,0.3503093856688795,0.0,0.0,0.0,0.0,0.6313670128183563,0.4538766145784004,0.0,0.0,0.0,0.0,0.0,0.0,0.0,0.7262801248271957,0.0,0.5651349754824251,0.0,0.0,0.0,0.6233163334149167,0.7582665547527385,0.72322569795569,0.0,0.0,0.0,0.3328629796674777,0.0,0.6386125139529978,0.5682237874958234,0.688762454138864,0.0,0.0,0.0,0.0,0.4997733053354464
0.0,0.0,0.8735692577938394,0.0809815450982456,0.7123566591300446,0.5804082153473878,0.257932599387197,0.261831253779008,0.8107543018330522,0.3411144718673586,0.6540570785298223,0.0,0.3095138760351613,0.1281782663207621,0.0,0.0,0.0,0.0,0.0,0.0,0.0,0.0,0.5168633579434438,0.0,0.0,0.0,0.6462064746638951,0.5750395223189951,0.0,0.0,0.2208227774152882,0.0,0.0,0.0,0.0,0.1493400830215933,0.1038685189513089,0.0,0.0,0.0,0.0,0.0,0.1659005091412026,0.0,0.0,0.0,0.0,0.87206771382585,0.0,0.0,0.4083089034883373,0.0,0.0,0.8258026427153241,0.0,0.8428051907982037,0.0,0.0,0.3915016980831687,0.0,0.0,0.0,0.0,0.9519673249007684,0.0,0.0,0.0,0.3377163951085706,0.0,0.0,0.0,0.6739137462612461,0.0,0.0,0.0,0.0
0.222640917022769,0.2821055475989454,0.0,0.0,0.641762636527052,0.5262558093501376,0.3653267619492902,0.3222420769890723,0.6460493750881839,0.0,0.0,0.0,0.3543481386750411,0.0,0.7412395084765595,0.4398311764377218,0.4011517776872071,0.413180634326475,0.0,0.0,0.2861787702661483,0.8191961364013715,0.5758304342837324,0.0,0.1933602310666637,0.1270573669354527,0.6284091486441505,0.6656919987734367,0.4362973471060256,0.597074747260589,0.435884119123239,0.0750021006131262,0.0444509523555733,0.0957579527461418,0.0,0.256982269328313,0.1829945923111139,0.0,0.0929008753146856,0.0,0.0115234946012844,0.0,0.0,0.0,0.0,0.0,0.2591028461958149,0.0,0.0,0.0,0.4625433869185936,0.0,0.1577957836707413,0.0,0.0,0.0,0.0,0.0,0.0,0.7572534240465267,0.0,0.0,0.0,0.0,0.924592917340526,0.3771172848859368,0.813680196000262,0.4992705868085945,0.0,0.0,0.1460511645063754,0.6376902108658966,0.7265693731827039,0.5639348038843474,0.0,0.4941283909557181
0.433916484874296,0.431814743981201,0.0,0.0,0.0,0.4155377651814348,0.0,0.6569411201516542,0.0,0.0,0.0,0.0,0.5256718425835619,0.4339139168794599,0.4319397892678464,0.5027781985594848,0.0,0.4117570131463838,0.0,0.2861787702661483,0.0,0.3826597381007667,0.5804593886235252,0.3000965632259323,0.3772921832291637,0.2602333017522744,0.3695265648133656,0.2667353681560825,0.6000972847311027,0.2981241016164096,0.3925700883514179,0.5336047171679656,0.4094785713901392,0.4049183578989141,0.064070492294358,0.2648394125116792,0.0,0.0,0.5891072687192418,0.4323751822358192,0.3756999363534942,0.0875456343985933,0.0,0.0,0.0,0.5097198599197733,0.4474801088473039,0.0,0.0,0.0,0.5512653432893287,0.0,0.6735625562042519,0.0,0.0,0.0,0.0,0.0,0.0,0.4223775150581058,0.4931260919659772,0.0,0.0,0.0,0.2467595315411187,0.7517968755027451,0.3393363252375538,0.5892971584603406,0.0,0.2309442357901656,0.3536112353823946,0.3448920941280285,0.3906924000954554,0.5646226965279473,0.0,0.2901488343230612
0.4341839647155747,0.5389715725507045,0.0,0.0,0.5360424376980862,0.6046583702146698,0.4045108976901172,0.2870844772703207,0.6173608463098882,0.4827818735516154,0.0,0.0,0.3586346003344825,0.0,0.8264915527102417,0.6162609088798459,0.5827246822927961,0.6066768892468561,0.0,0.8191961364013715,0.3826597381007667,0.0,0.622806749423924,0.0,0.478216398415624,0.4059180216579813,0.7120281028203508,0.5646436660019029,0.4905882802544592,0.499382492810481,0.5070014897127301,0.2572115383971405,0.3108123050723286,0.2061203846520602,0.0,0.1534230496502748,0.133383009732124,0.0,0.2632392297107112,0.1482014241349767,0.0934988323688347,0.0,0.0,0.0,0.0,0.4515063140265051,0.389637591962077,0.0,0.0,0.0,0.5647944963984749,0.0,0.0,0.0,0.0,0.0,0.0,0.0,0.0,0.7670594665852462,0.3929275619822647,0.0,0.4960512585987053,0.0,0.7818022529769507,0.4593179646812324,0.8353169947362533,0.5382364509131392,0.0,0.2838468018074811,0.3969617686535118,0.7541459335126265,0.0,0.6301814004253194,0.0,0.5095929352179936
0.1998006387833451,0.6265604321915182,0.5229855027148264,0.4760884305300322,0.5057101654657905,0.8910729795247696,0.5431442887291241,0.8284899775005533,0.532441034318614,0.5729847512837042,0.4042277289012951,0.0,0.5304241036433232,0.431257242134853,0.5959743850451618,0.5420687870108332,0.0,0.5110440444578096,0.5168633579434438,0.5758304342837324,0.5804593886235252,0.622806749423924,0.0,0.3703740838096191,0.4055179424493464,0.2970239576026571,0.7836565457202935,0.4017658179630014,0.6392310570202584,0.3072347029424651,0.3304549104514465,0.3252448410985421,0.4427599417923269,0.2762397687969702,0.0,0.3148469099501838,0.1320529663589306,0.0,0.3247911369032336,0.3285472898220912,0.0639235022858921,0.0,0.2148318779606825,0.0,0.0,0.0,0.7137729821425106,0.602215830575543,0.0,0.3542773613856478,0.8704052460257958,0.6632233007551297,0.7256179551271414,0.5136392383397366,0.0,0.5461519334905365,0.0,0.7636481186085761,0.5269202918954847,0.8100008473326921,0.0,0.0,0.0,0.5453854012910591,0.6838781360857503,0.6293107549152248,0.7001700712003381,0.9355639337273678,0.0,0.0,0.3765265421092316,0.7160009148285793,0.6350726131093224,0.672978269520764,0.3296834204279016,0.303528955079805
0.6580154882814311,0.0,0.0,0.0,0.0,0.0,0.188809413729829,0.1882733869552425,0.0,0.545383041047877,0.0,0.6956896562056238,0.2547046808098148,0.0,0.3687030908446739,0.5089274011097664,0.6734922444905678,0.6806742670156994,0.0,0.0,0.3000965632259323,0.0,0.3703740838096191,0.0,0.8137824309301716,0.8280645882829272,0.4885537579533111,0.2089227089818634,0.0,0.0,0.3324669086956343,0.1007550718066116,0.5800476663695961,0.1917975354429937,0.0,0.1383098022410759,0.0,0.309248388717406,0.154705955163585,0.6123505599512635,0.2996676391786545,0.0,0.0,0.0,0.3807679433322924,0.7443832457992949,0.0,0.0,0.0,0.0,0.0,0.0,0.0,0.0,0.8809899327982971,0.0,0.5953997467897889,0.0,0.0,0.0,0.4944976656128697,0.7477728248728504,0.6577484852873623,0.0,0.0,0.0,0.0,0.0,0.8771406513830118,0.7740315116876838,0.8904717318614566,0.0,0.0,0.0,0.0,0.3193472967522624
0.6407025654892002,0.819789281604797,0.0,0.0,0.0758440567652761,0.5269184625813387,0.3429326352333635,0.1521593363735394,0.0,0.6250766495448585,0.0,0.6064845976576774,0.3316829315264469,0.0,0.4636634284596755,0.625321161210991,0.7810217578134879,0.788733012077145,0.0,0.1933602310666637,0.3772921832291637,0.478216398415624,0.4055179424493464,0.8137824309301716,0.0,0.8892628066614566,0.6288158630808927,0.1539573132708996,0.3819406448957516,0.0,0.2882286675709384,0.2601471059575239,0.6897230623694607,0.1897747687648398,0.0,0.0,0.0,0.2906269459922108,0.3446887010512604,0.6852448188678604,0.3606676386081335,0.016072474197963,0.0,0.0,0.0,0.6981943257220048,0.5331176483918071,0.0,0.0,0.0,0.0,0.0,0.0,0.0,0.8932288943857274,0.0,0.5521764643354639,0.0,0.0,0.0,0.6530421562956334,0.7294062295785,0.6443678647284515,0.0,0.0881237422413666,0.3384888778551531,0.1402686354397775,0.0,0.7066392679706853,0.923438765626226,0.9267288180104544,0.0,0.0,0.0,0.0,0.3891928352531695
0.5849417443029636,0.8183263933449874,0.0,0.0,0.0,0.4749286298607833,0.2442491490628504,0.1058173005138828,0.0,0.4521141751684031,0.0,0.6807212055266956,0.3685680768720966,0.0,0.4925378155291828,0.4087664601410224,0.6640969732436433,0.7153481667436085,0.0,0.1270573669354527,0.2602333017522744,0.4059180216579813,0.2970239576026571,0.8280645882829272,0.8892628066614566,0.0,0.5238699540316738,0.2107357993534265,0.1721916862933213,0.0,0.1632076078859879,0.1444287941355742,0.5026608956004154,0.0783243283674717,0.0,0.0372947751568858,0.0,0.20400793352882,0.221564892992998,0.5555506084814701,0.3243282296902743,0.0776000862031666,0.0,0.0,0.2843157321019791,0.5818865829635486,0.4147986768125947,0.0,0.0,0.0,0.0,0.0,0.0,0.0,0.862814655112759,0.0,0.5859704798759209,0.0,0.0,0.1635902778861219,0.4755262961274022,0.6723724347328084,0.5326213853539886,0.0,0.0685301546271848,0.126884724405683,0.084484250785672,0.1946950041368473,0.665339483758582,0.8269151518576686,0.961702818017974,0.5790665136718027,0.0,0.2201131890900565,0.0,0.2744084401920056
0.2625433901613259,0.6904601000489643,0.7124486772971108,0.3157440025551364,0.5228382988493611,0.8428834471531836,0.5178820730901921,0.4492154351960868,0.7549131244105529,0.6092388076733594,0.5407235262700295,0.0,0.3751955784481096,0.2017514413540085,0.7165476630425763,0.5321610183877719,0.0,0.6127918212576119,0.6462064746638951,0.6284091486441505,0.3695265648133656,0.7120281028203508,0.7836565457202935,0.4885537579533111,0.6288158630808927,0.5238699540316738,0.0,0.3715792702313518,0.5398307817627441,0.2263349891455512,0.3272097198931119,0.1643154612987829,0.4379120837125021,0.2081979062801534,0.0,0.1739452047101093,0.1232378884259001,0.0,0.1894252335336637,0.0,0.0677887671117886,0.0,0.0278984253500478,0.0,0.0,0.0,0.6772011690830083,0.6816261144547897,0.0,0.0,0.7371543508406375,0.574910351653895,0.3810931080579886,0.7141776483972275,0.0,0.63152592862303,0.0,0.5512037541301663,0.3302809897751608,0.7516731480265365,0.0,0.0,0.0,0.6409913914883819,0.6429707588319515,0.442685988614698,0.6337417226736026,0.6711134639305767,0.0,0.0,0.5764484789856574,0.9568926665809832,0.5442012722891191,0.6448243972525398,0.2895227721641227,0.3604552770073648
0.3058351685572438,0.2991782793817172,0.6659233641088896,0.2757358386754963,0.6772869293997344,0.3957087867627,0.3038905877237977,0.3074921569296955,0.5758696468575559,0.425177261136963,0.4113018712730723,0.5335950975094047,0.5370032468240028,0.2929630448387247,0.5329340889639208,0.3166539837585718,0.4162355536035642,0.4317389109757249,0.5750395223189951,0.6656919987734367,0.2667353681560825,0.5646436660019029,0.4017658179630014,0.2089227089818634,0.1539573132708996,0.2107357993534265,0.3715792702313518,0.0,0.112982253617966,0.587964039222477,0.4637402913860575,0.0,0.0,0.2388715298288835,0.0,0.6261251961597154,0.4411204339162806,0.2719020653138382,0.0,0.0,0.0975961521524886,0.0,0.0657158368623773,0.0,0.0,0.0,0.0,0.0,0.0,0.0,0.3049572897485774,0.0,0.0701353639503978,0.0,0.0,0.0,0.0,0.0,0.0,0.4481430565994934,0.0,0.0,0.0,0.0,0.586275991632095,0.2287603158151946,0.0,0.2736302721804247,0.0,0.0,0.0,0.3980262603673202,0.6727621554138901,0.1867220634213663,0.0,0.3129704602284065
0.2626262903305801,0.4703805254472586,0.0,0.0,0.1832386011971924,0.6395478628656512,0.6922196883510818,0.4991066191484328,0.1684485295092469,0.0,0.0,0.0,0.575605517797359,0.0,0.4184404500806531,0.6584232490275612,0.0,0.514282436873286,0.0,0.4362973471060256,0.6000972847311027,0.4905882802544592,0.6392310570202584,0.0,0.3819406448957516,0.1721916862933213,0.5398307817627441,0.112982253617966,0.0,0.3202885495915382,0.3053764767378878,0.5255271579035332,0.447718861685423,0.2953679094051526,0.0,0.0151208517457215,0.0,0.0,0.4710547608062592,0.0,0.2242619157344287,0.0,0.0,0.0,0.0,0.0,0.4727828303047016,0.0,0.0,0.0,0.6790053543146658,0.0,0.6444371497781104,0.0,0.0,0.0,0.0,0.6891188978025563,0.0,0.6213285361237486,0.0,0.0,0.0,0.0,0.4324453628235811,0.6847332035133973,0.4676634830611187,0.6837066341105986,0.0,0.0,0.2518464183677346,0.4673270278076465,0.5144935590816706,0.851331669392851,0.0,0.4134742651670044
0.0,0.0,0.4224299694646015,0.0,0.0,0.292251578313521,0.0,0.2347424942044186,0.3637444184101651,0.0,0.0,0.0,0.3269396970842843,0.0,0.0,0.3408660509952327,0.0,0.0,0.0,0.597074747260589,0.2981241016164096,0.499382492810481,0.3072347029424651,0.0,0.0,0.0,0.2263349891455512,0.587964039222477,0.3202885495915382,0.0,0.4485612099653823,0.1092171780364972,0.0,0.1432343270733653,0.0,0.0,0.0,0.0,0.1081307241882082,0.0,0.0,0.0,0.0,0.0,0.0,0.0,0.0,0.0,0.0,0.0,0.0,0.0,0.0,0.0,0.0,0.0,0.0,0.0,0.0,0.0,0.0,0.0,0.0,0.0,0.5249961649637489,0.0,0.0,0.2954104560202755,0.0,0.0,0.0,0.2596044576870401,0.0,0.0,0.0,0.0
0.5549135551160221,0.2452464806862866,0.2984763055571888,0.0,0.14923213585579,0.2601459622310498,0.1825056844866321,0.1167901527708917,0.2255742997351452,0.4959748785837676,0.0,0.2623826718925385,0.1497770579615178,0.0407612212737676,0.3753340274271455,0.6254644120791042,0.4651986698244593,0.4360058435965104,0.2208227774152882,0.435884119123239,0.3925700883514179,0.5070014897127301,0.3304549104514465,0.3324669086956343,0.2882286675709384,0.1632076078859879,0.3272097198931119,0.4637402913860575,0.3053764767378878,0.4485612099653823,0.0,0.2157535333421952,0.3740883578860772,0.5538370022392379,0.1157029171548776,0.3483760871364885,0.2179857326089848,0.3922308530225067,0.1615093089931546,0.1680335483543031,0.1849937076583821,0.0,0.0,0.0,0.0,0.5961573915704222,0.2846324462240476,0.0,0.0,0.0,0.3215361292338619,0.0,0.1904649240061184,0.0,0.3458511376092057,0.0,0.2432097202807915,0.0,0.0,0.4186989718732022,0.3631035636566487,0.0,0.5150530802089047,0.0,0.3612615035633243,0.5066926388067674,0.4063349071659425,0.3749196282998479,0.3120982824761141,0.1680218074335773,0.2733785940410071,0.3013635006648951,0.4661045894084542,0.3935411562791255,0.0,0.5451891468319663
0.2186388684706241,0.3254214268707268,0.0,0.2663520216434281,0.0,0.2061407863147112,0.3291224165273549,0.3618490664159229,0.0,0.2067856511064269,0.0311151011758191,0.0,0.2280610134586081,0.1231071870035402,0.2305892912185394,0.3685155667553039,0.2997180522253981,0.2539273470098782,0.0,0.0750021006131262,0.5336047171679656,0.2572115383971405,0.3252448410985421,0.1007550718066116,0.2601471059575239,0.1444287941355742,0.1643154612987829,0.0,0.5255271579035332,0.1092171780364972,0.2157535333421952,0.0,0.4946355976331457,0.2857517963086317,0.0842417396268642,0.0,0.0,0.0051185905830986,0.855945825005864,0.4372245431755894,0.3223553314257343,0.2658608198655061,0.1104799646082833,0.0,0.0,0.3103786161777721,0.3417282334725934,0.0,0.0,0.0,0.375485197576071,0.0,0.5637838595837851,0.0,0.1926418391856607,0.0079055773281919,0.1190599774464217,0.4183594884537356,0.0,0.3104369161721076,0.464428915552726,0.0,0.1950387345225398,0.0,0.0881690731438782,0.5320320919468827,0.2524309566397833,0.4277958689685588,0.1260517060164472,0.1950303075738671,0.2018478398626536,0.1604873566898446,0.1652124240855198,0.4751317108641304,0.0,0.2327455454228397
0.4612116582219073,0.5795988538084786,0.0,0.0,0.0,0.437098885462451,0.3038737838856544,0.2538547593571961,0.1483826904157835,0.493298445471219,0.0,0.3426874572391122,0.1930160438225161,0.0,0.2403898017913607,0.59055802365633,0.5650273681949415,0.6164297673527186,0.0,0.0444509523555733,0.4094785713901392,0.3108123050723286,0.4427599417923269,0.5800476663695961,0.6897230623694607,0.5026608956004154,0.4379120837125021,0.0,0.447718861685423,0.0,0.3740883578860772,0.4946355976331457,0.0,0.4749439818680007,0.0,0.0,0.0940725052994853,0.3646351801766868,0.4526567013340596,0.8406488503767244,0.4489820034837597,0.0,0.0,0.0,0.0407007059872949,0.6461899025197465,0.6186924952091124,0.0,0.0,0.0,0.0,0.0,0.0,0.0,0.6277334883916613,0.0,0.4479815350340111,0.0,0.0,0.3262258836604619,0.6441433215503468,0.6228434082008055,0.6843344668402028,0.0,0.079733439842176,0.4768559288615925,0.2034874893994696,0.4773194971820943,0.4759157089394732,0.5845217310473121,0.5892563964640745,0.4271640692937516,0.0,0.4744809348123882,0.0,0.2496673659580853
0.2905158317301413,0.2309478798633655,0.019426007746671,0.2936483148715147,0.0606173808471482,0.2419755137090825,0.2237263253068812,0.2015382801218474,0.0640026768061384,0.4677952373849109,0.0,0.1797259146277062,0.203967630881565,0.2594439628346898,0.0776051796142297,0.3998659161699388,0.315159480032377,0.2913470388150223,0.0,0.0957579527461418,0.4049183578989141,0.2061203846520602,0.2762397687969702,0.1917975354429937,0.1897747687648398,0.0783243283674717,0.2081979062801534,0.2388715298288835,0.2953679094051526,0.1432343270733653,0.5538370022392379,0.2857517963086317,0.4749439818680007,0.0,0.2251340737057928,0.3464715285183585,0.2112488053942627,0.3515662537201757,0.2509284339131798,0.3531813047407275,0.486089362522534,0.0443413504545141,0.0346520338626374,0.0,0.1575221568803458,0.3721785945900091,0.2953062672644523,0.0,0.0,0.0,0.2757544004480809,0.0,0.3476375192094246,0.0,0.2287358546797632,0.0,0.2196318215285814,0.0,0.0,0.2545939081132943,0.2868847074772014,0.0,0.3354789793311782,0.0,0.0766888337958548,0.4126538388457223,0.1742193017947262,0.3300104307443289,0.1428317190505808,0.0947918064592246,0.1558785010679959,0.1482453711403323,0.2922767299711483,0.263482857900396,0.0,0.204466413369826
0.0,0.0,0.0,0.0,0.0,0.0,0.0,0.0,0.0,0.0,0.0,0.0,0.0,0.0,0.0,0.0,0.0,0.0,0.0,0.0,0.064070492294358,0.0,0.0,0.0,0.0,0.0,0.0,0.0,0.0,0.0,0.1157029171548776,0.0842417396268642,0.0,0.2251340737057928,0.0,0.0223697296852017,0.0722209967808552,0.0052428165298868,0.0739852209944533,0.0,0.1450021491388269,0.3320762772443317,0.0441924402463887,0.0,0.113079614441221,0.0,0.0,0.0,0.0,0.0,0.0,0.0,0.0,0.0,0.0,0.0,0.0,0.0,0.0,0.0,0.0,0.0,0.0,0.0,0.0,0.0,0.0,0.0,0.0,0.0,0.0,0.0,0.0,0.0,0.0,0.0
0.0,0.0,0.2990588977518029,0.3826266353948832,0.4680866410302786,0.2766989071577068,0.2740230006780515,0.3556597542165494,0.2761706672334395,0.3981112672716489,0.2036222335822681,0.4106603998521472,0.4142390699623914,0.5433856230763864,0.1618469085864941,0.0,0.0,0.0,0.1493400830215933,0.256982269328313,0.2648394125116792,0.1534230496502748,0.3148469099501838,0.1383098022410759,0.0,0.0372947751568858,0.1739452047101093,0.6261251961597154,0.0151208517457215,0.0,0.3483760871364885,0.0,0.0,0.3464715285183585,0.0223697296852017,0.0,0.4895083387956504,0.2897550769537178,0.0,0.0214085129696386,0.1322696010711456,0.0,0.0427105886090205,0.0664505471159229,0.0,0.0,0.0,0.2831300522546989,0.0,0.0,0.2000083392233753,0.2816052294889082,0.2208450631238834,0.30777271435273,0.0,0.3124198556982514,0.333331232740304,0.273199170432506,0.2145654383711452,0.0,0.0,0.0,0.0,0.2385264423110702,0.0,0.0,0.0,0.2526049529601283,0.0,0.0,0.0,0.1711610161790883,0.3678390653447297,0.0391684557185035,0.0,0.0
0.0,0.0,0.2294093221868651,0.1915432612399335,0.3036594223179792,0.1037750485230599,0.117142556869192,0.2105657430140463,0.2430130069012037,0.0728966998361587,0.193399438873776,0.2320044313879181,0.241846259999736,0.1971016383214956,0.0,0.0,0.0,0.0,0.1038685189513089,0.1829945923111139,0.0,0.133383009732124,0.1320529663589306,0.0,0.0,0.0,0.1232378884259001,0.4411204339162806,0.0,0.0,0.2179857326089848,0.0,0.0940725052994853,0.2112488053942627,0.0722209967808552,0.4895083387956504,0.0,0.0505336327284374,0.0083706190683146,0.0,0.1469746193159347,0.0296930877878819,0.0,0.0,0.0,0.0,0.0,0.0,0.0,0.0,0.0,0.0,0.0,0.0,0.0,0.0,0.0,0.0,0.0,0.0,0.0,0.0,0.0,0.0,0.0,0.0,0.0,0.0,0.0,0.0,0.0,0.0,0.0,0.0,0.0,0.0
0.0,0.0,0.0,0.0,0.2412288230016744,0.0,0.116819016474744,0.0,0.3006829317715914,0.555752770133955,0.2023428031264254,0.3066382492081169,0.0,0.0,0.0,0.0,0.2605900487058001,0.0,0.0,0.0,0.0,0.0,0.0,0.309248388717406,0.2906269459922108,0.20400793352882,0.0,0.2719020653138382,0.0,0.0,0.3922308530225067,0.0051185905830986,0.3646351801766868,0.3515662537201757,0.0052428165298868,0.2897550769537178,0.0505336327284374,0.0,0.0138867492741422,0.2609072502764193,0.0720260112784111,0.0,0.0,0.0,0.2518945153253623,0.0,0.0,0.0,0.0,0.0,0.0,0.0,0.0,0.0,0.3495093133245137,0.0,0.2843776613755543,0.0,0.0,0.0,0.0,0.0,0.0,0.0,0.0,0.0,0.0,0.0,0.2113639434091651,0.0,0.281327825103862,0.0,0.0,0.0,0.0,0.0
0.2815741868090914,0.3741105545794911,0.0,0.0,0.0,0.2366308250212218,0.0,0.3813521377047062,0.025027014734635,0.2253018552904647,0.0967844917393773,0.0522510159837395,0.2799887644611491,0.0,0.2637204706896082,0.38286451679208,0.0,0.2868783153486376,0.0,0.0929008753146856,0.5891072687192418,0.2632392297107112,0.3247911369032336,0.154705955163585,0.3446887010512604,0.221564892992998,0.1894252335336637,0.0,0.4710547608062592,0.1081307241882082,0.1615093089931546,0.855945825005864,0.4526567013340596,0.2509284339131798,0.0739852209944533,0.0,0.0083706190683146,0.0138867492741422,0.0,0.4853262168335832,0.330977866490177,0.2436394520867784,0.1222188566846199,0.0,0.0,0.3707233488821902,0.3566365924349781,0.0,0.0,0.0363536301883664,0.4484188237280919,0.3835669056043674,0.570385530909714,0.0092962739384173,0.3147794531358258,0.0796088955668434,0.1823416356265014,0.4784207886557257,0.2326519261158049,0.2937213496273542,0.5398249690346605,0.1838260352536915,0.2038266448544193,0.0393140028991076,0.0959620387298615,0.5474003354593376,0.2523569752802491,0.4183828971671252,0.206691965783058,0.2731128662881959,0.2876941955487082,0.2399788793759883,0.1879307692544604,0.4856273629719912,0.0394976542095447,0.2661503456081257
0.4657685970658063,0.5300332156350012,0.0,0.0,0.0,0.0,0.0,0.0,0.0,0.4779552680822033,0.0,0.3881042751830821,0.0,0.0,0.1483310111588051,0.4729346518002327,0.5448993446642989,0.5416597747496461,0.0,0.0,0.4323751822358192,0.1482014241349767,0.3285472898220912,0.6123505599512635,0.6852448188678604,0.5555506084814701,0.0,0.0,0.0,0.0,0.1680335483543031,0.4372245431755894,0.8406488503767244,0.3531813047407275,0.0,0.0214085129696386,0.0,0.2609072502764193,0.4853262168335832,0.0,0.5422792194109842,0.0403203373462676,0.0,0.0,0.1457185951916188,0.585694847518027,0.534200579700669,0.0,0.0,0.0,0.5229521943078649,0.2809749785447057,0.4228947544462364,0.0859244998326126,0.6477215084722726,0.0,0.4358161209300132,0.4038190196345625,0.0,0.1972151784935282,0.6225727248774575,0.5347700472293989,0.5309703099392115,0.0,0.0,0.3934704919082998,0.0349669158864151,0.3767396157827876,0.5889489956750914,0.6109715116011265,0.6399902801035607,0.3463156922088861,0.1438063575577776,0.3662089769197306,0.0,0.1870361207660442
0.38349514548252,0.272009180498496,0.0,0.0,0.0,0.0898651463602951,0.0,0.1100076009163202,0.0,0.3583532415083628,0.0,0.1913640207460757,0.0,0.0,0.0608322916468503,0.2867950427529641,0.3682009457344561,0.3503093856688795,0.0,0.0115234946012844,0.3756999363534942,0.0934988323688347,0.0639235022858921,0.2996676391786545,0.3606676386081335,0.3243282296902743,0.0677887671117886,0.0975961521524886,0.2242619157344287,0.0,0.1849937076583821,0.3223553314257343,0.4489820034837597,0.486089362522534,0.1450021491388269,0.1322696010711456,0.1469746193159347,0.0720260112784111,0.330977866490177,0.5422792194109842,0.0,0.3803289113904189,0.0132885493345704,0.0145468238171589,0.1517237769325973,0.3175456735553081,0.1221737080156874,0.0,0.1884994449629882,0.0940214477256241,0.216610192826596,0.1915685607451639,0.1943355544135744,0.0266227605570438,0.3298829970404747,0.0,0.2125234004035997,0.2494881354957466,0.0307353383066459,0.0234513148937024,0.3204883111369677,0.2338159210416523,0.1461191421163009,0.0,0.0,0.2333996452478502,0.0,0.098560847989993,0.305711876708167,0.2390549809713045,0.2929050395477941,0.0985872274946177,0.0896311437401643,0.1662691641512386,0.0,0.1748669991883753
0.0,0.0,0.0,0.0,0.0,0.0,0.0,0.0,0.0,0.0,0.0,0.0,0.0,0.0,0.0,0.0,0.0,0.0,0.0,0.0,0.0875456343985933,0.0,0.0,0.0,0.016072474197963,0.0776000862031666,0.0,0.0,0.0,0.0,0.0,0.2658608198655061,0.0,0.0443413504545141,0.3320762772443317,0.0,0.0296930877878819,0.0,0.2436394520867784,0.0403203373462676,0.3803289113904189,0.0,0.1062630037082294,0.0,0.1260691087228938,0.0,0.0,0.0,0.181912447114968,0.0803513891568389,0.0,0.0550665993820628,0.0,0.0,0.0,0.0,0.0,0.0,0.0,0.0,0.0,0.0,0.0,0.0,0.0,0.0,0.0,0.0,0.0,0.014386735995463,0.0,0.0,0.0,0.0,0.0,0.0
0.0,0.0,0.0,0.0,0.1705040643135891,0.1997035301191743,0.0,0.3179796798774834,0.0820000310113037,0.0,0.1001894946155997,0.0,0.2370543313750074,0.2704728385354507,0.0,0.0,0.0,0.0,0.1659005091412026,0.0,0.0,0.0,0.2148318779606825,0.0,0.0,0.0,0.0278984253500478,0.0657158368623773,0.0,0.0,0.0,0.1104799646082833,0.0,0.0346520338626374,0.0441924402463887,0.0427105886090205,0.0,0.0,0.1222188566846199,0.0,0.0132885493345704,0.1062630037082294,0.0,0.4327462564575494,0.0,0.0,0.0,0.0647343326232598,0.0,0.0815223940256554,0.2204978076733776,0.4082360721957349,0.2844152667006872,0.0216169309356303,0.0,0.1576572998942479,0.0880397116848296,0.4274591386488863,0.6023940891853673,0.2649379761139249,0.0,0.0,0.0,0.1400258711283098,0.2723022996741194,0.1993704226594864,0.201908470111042,0.2957855171710832,0.0,0.0,0.0,0.0812909305897425,0.4285019132988911,0.3115781811596999,0.0,0.2858984770758527
0.0,0.0,0.0,0.0,0.0,0.0,0.0,0.0,0.0,0.0,0.0,0.0,0.0,0.0,0.0,0.0,0.0,0.0,0.0,0.0,0.0,0.0,0.0,0.0,0.0,0.0,0.0,0.0,0.0,0.0,0.0,0.0,0.0,0.0,0.0,0.0664505471159229,0.0,0.0,0.0,0.0,0.0145468238171589,0.0,0.4327462564575494,0.0,0.0,0.0,0.0,0.0745910795665898,0.0,0.0792812690963805,0.0,0.0021101893402397,0.0,0.0658460641717607,0.0,0.1552861981897263,0.0,0.0,0.1502756998698569,0.0,0.0,0.0,0.0,0.1037000806769738,0.0,0.0,0.0,0.0,0.0,0.0,0.0,0.0,0.1925635780808437,0.0,0.0,0.1175098018416091
0.0,0.0,0.0,0.0,0.0,0.0,0.0,0.0,0.0,0.2086230337577672,0.0,0.2233415019562849,0.0,0.0,0.0,0.0,0.0,0.0,0.0,0.0,0.0,0.0,0.0,0.3807679433322924,0.0,0.2843157321019791,0.0,0.0,0.0,0.0,0.0,0.0,0.0407007059872949,0.1575221568803458,0.113079614441221,0.0,0.0,0.2518945153253623,0.0,0.1457185951916188,0.1517237769325973,0.1260691087228938,0.0,0.0,0.0,0.2298789287212369,0.0,0.0,0.0,0.0,0.0,0.0,0.0,0.2542050812247118,0.3743887555080742,0.0839568011806321,0.14958017718725,0.0,0.0,0.0,0.0,0.139118063168964,0.0,0.0,0.0,0.0,0.0,0.0,0.3304618363188367,0.256856061979571,0.2913589391565802,0.0,0.0,0.0,0.0,0.0
