0.0,0.5589082996415768,0.0,0.0,0.0,0.3405145336184952,0.0,0.3728991021969387,0.0,0.488710512015556,0.0,0.3213420606416624,0.0,0.0,0.4684033731975459,0.5270953570145963,0.3870838017102754,0.3187008990201588,0.0,0.425606116277532,0.6646831642278884,0.4930438339844626,0.4525796830385682,0.5359281151557048,0.5670110526444708,0.5563373505822032,0.2086459596921385,0.2552474227768104,0.4753482753211018,0.0,0.5036753076937075,0.1647614510380018,0.4064408026311047,0.262744081526504,0.0,0.0,0.0,0.0,0.1452044599144206,0.3784357783685855,0.0,0.0,0.0,0.0,0.0,0.6479490938590928,0.3541960180612021,0.0,0.0,0.0,0.0,0.0,0.0,0.0,0.4254635151796394,0.0,0.0,0.0,0.0,0.0,0.4322177431112134,0.0,0.3283151800466788,0.0,0.0,0.6117081930656805,0.2846173861375556,0.0,0.4331050696030059,0.3128827382307188,0.4864385376698805,0.0,0.0,0.0,0.0,0.0
0.5589082996415768,0.0,0.0,0.0,0.3471772927249828,0.4644122039872587,0.5122538346766666,0.5178730609618529,0.2479267759900223,0.0,0.0,0.0,0.5925142868134903,0.0,0.3763738298988538,0.5920813019715943,0.0,0.4495092802709663,0.0,0.4119928379913322,0.4103449564479742,0.5998493862023455,0.4707023339410991,0.0,0.6641682009395914,0.7875612679525841,0.3013203140102299,0.3306373225885414,0.3012570149122177,0.0,0.3180004658715709,0.1793690849219096,0.3129901176017071,0.1149261981684367,0.0,0.0,0.0,0.0,0.0926748863454218,0.2630327116507047,0.0,0.0,0.0,0.0,0.0,0.0493767743761988,0.6237732872957499,0.0,0.0,0.0,0.0,0.0,0.0,0.0,0.0,0.0,0.0,0.0,0.0,0.4179077124441472,0.2774449919850137,0.0,0.1716115484244925,0.0,0.3083128935467466,0.3095117152274945,0.3498701857380581,0.3084532874950947,0.0,0.2622474403304794,0.5397780247942958,0.3593520061558175,0.0,0.2209837613913056,0.0,0.0
0.0,0.0,0.0,0.0,0.5935789204152091,0.557782809235374,0.2302484609117772,0.1644079732879983,0.7818997084106217,0.3495518093294432,0.890311342112399,0.0,0.5249664560011691,0.1602708968843524,0.0,0.0,0.0,0.0,0.9178640133603834,0.0,0.0,0.0,0.6716582095753469,0.0,0.0,0.0,0.6917707878431906,0.6222753745044776,0.0,0.4192560295911634,0.3809000249875715,0.0,0.0,0.0,0.0,0.0,0.0,0.0,0.0,0.0,0.0,0.0,0.2994616213515043,0.0,0.0,0.0,0.0,0.7934028922091053,0.0,0.5199475066217238,0.4414388318646037,0.0,0.283175527723315,0.7826085096372234,0.0,0.7500869118923289,0.0,0.0,0.1313974788108919,0.0,0.0,0.0,0.0,0.8870557438358778,0.0,0.0,0.0,0.6112105052747379,0.0,0.0,0.0,0.6694952640417323,0.0,0.0,0.0,0.0
0.0,0.0,0.0,0.0,0.2954951919663159,0.0738958585811101,0.4360253997444305,0.2929678347101835,0.1119242155024087,0.5256700554159657,0.1917649415525131,0.0,0.2737101235811336,0.1664914915324707,0.0,0.0,0.0,0.0,0.1818228638784718,0.0,0.0,0.0,0.2158423481319338,0.0,0.0,0.0,0.1574747892673874,0.2629159908993652,0.0,0.0,0.0,0.0012093509631121,0.0,0.1769063151965253,0.0,0.3977006603167974,0.4859851958711801,0.0,0.0,0.0,0.0,0.0,0.0,0.0,0.0,0.0,0.0,0.0,0.0,0.0,0.0,0.0,0.0,0.0,0.0,0.0,0.0,0.0,0.0,0.0,0.0,0.0,0.0,0.0,0.0,0.0,0.0,0.0,0.0,0.0,0.0,0.0,0.0,0.0,0.0,0.0
0.0,0.3471772927249828,0.5935789204152091,0.2954951919663159,0.0,0.4261460393252324,0.6076825949132943,0.2256008768098175,0.8035229022551517,0.4226433146441853,0.7749724730488121,0.4525336766146649,0.5198309138688669,0.3427376744979415,0.0,0.0,0.0,0.0,0.5272494995530285,0.6139235795388078,0.0,0.5329152790045576,0.4214180618160348,0.0,0.2622980486493674,0.0,0.7540022106282328,0.6076498075674001,0.5543576898686385,0.0,0.5034072462728054,0.0,0.0,0.0,0.0,0.3142195970220534,0.3061661392349278,0.3035009980321541,0.0,0.0,0.0,0.0,0.4041204916484049,0.0,0.0,0.0,0.0,0.6389182456693814,0.0,0.0,0.0,0.0,0.2346047396969588,0.7709543424787016,0.0,0.7822644431363942,0.0,0.0,0.0,0.0,0.0,0.0,0.0,0.0,0.0,0.0,0.0,0.5217185018752262,0.0,0.0,0.0,0.713533505807918,0.0,0.0,0.0,0.0
0.3405145336184952,0.4644122039872587,0.557782809235374,0.0738958585811101,0.4261460393252324,0.0,0.3234264315674642,0.3011022235829936,0.6121568435403479,0.3725731335296772,0.4766111480262914,0.0,0.7384403562839247,0.0,0.4710659185634273,0.5835362142661865,0.0,0.5945597840324016,0.5352197667000658,0.5928482912790363,0.4651474223436084,0.5701387477599287,0.6947076120192627,0.0,0.5566808991403035,0.5634952128767011,0.5848148420710848,0.516731322736498,0.7234296040114654,0.3191700527125803,0.3746707133571911,0.0977723932343763,0.0060310495378508,0.0,0.0,0.0354887587642129,0.0,0.0,0.0349953175328274,0.0,0.0,0.0,0.2812905427741518,0.0,0.0,0.0,0.0,0.5485357455382543,0.0,0.0,0.76580648863652,0.3790637998685789,0.446494578978389,0.6071545300258423,0.0,0.3926282088989025,0.0,0.6459040722092405,0.0,0.4184386182523225,0.0,0.0,0.0,0.498974393572596,0.43926335377316,0.321049767907313,0.4486113894303627,0.6476697580034155,0.0,0.0,0.0,0.5420527745673303,0.3591615335825657,0.3733789160206454,0.0,0.1025822614930183
0.0,0.5122538346766666,0.2302484609117772,0.4360253997444305,0.6076825949132943,0.3234264315674642,0.0,0.1498578029795779,0.476299040353109,0.6021880398193887,0.3488044232662112,0.2976422551780961,0.4055484465077917,0.2134665098193807,0.0,0.284202985326672,0.4093066231049389,0.1943121050856935,0.2401890420497476,0.4284710893773225,0.0,0.4289813641484905,0.3033987799154135,0.1933794703295867,0.3716632816199458,0.2627594618249425,0.5456329002950562,0.3139857472495863,0.3343576517248844,0.0,0.4794063889910762,0.1232828725441494,0.1368445865586987,0.0,0.0,0.3461214052937807,0.1769085299554104,0.2577674203820244,0.0,0.0,0.0,0.0,0.0,0.0,0.0,0.0,0.0,0.0,0.0,0.0,0.112481299275428,0.0,0.0,0.0,0.0,0.0,0.0,0.0,0.0,0.0,0.0,0.0,0.0,0.0,0.0,0.0,0.0,0.3346984225985404,0.0,0.0,0.0,0.4796378619834534,0.0,0.0,0.0,0.0
0.3728991021969387,0.5178730609618529,0.1644079732879983,0.2929678347101835,0.2256008768098175,0.3011022235829936,0.1498578029795779,0.0,0.1446497421861221,0.3377219847173906,0.2554567999710582,0.0,0.3509537625718869,0.2414528818026823,0.2336109083628183,0.1775470958967046,0.0,0.029318930626046,0.335369585219669,0.1887160273789001,0.5238319455194739,0.1769920959520955,0.6105445537703975,0.4000688308891055,0.0664277737418231,0.3722409235332263,0.157740131280372,0.1221663420653161,0.1227282787969592,0.4444229818840257,0.1884735276841678,0.0,0.2282133099434218,0.170647748546637,0.0,0.185099994723113,0.1834933668350694,0.0,0.0,0.0,0.0,0.0,0.1533565776700232,0.0,0.0,0.0,0.0,0.3071492265807112,0.0,0.1428398092702595,0.1703703762697673,0.0,0.760496555135989,0.1254103771971426,0.0,0.362561646626813,0.0,0.1782309676404818,0.0,0.2573625098333158,0.0,0.0,0.0,0.3107060451069218,0.0,0.4109642688625214,0.0,0.4158320824197611,0.0,0.0,0.0,0.1408186108713992,0.1092209560678065,0.0,0.0,0.0
0.0,0.2479267759900223,0.7818997084106217,0.1119242155024087,0.8035229022551517,0.6121568435403479,0.476299040353109,0.1446497421861221,0.0,0.3775279325941519,0.861563572244067,0.4549836735231767,0.5157852768708732,0.0942790077286024,0.0,0.3668177110859774,0.0,0.0,0.7037299834731886,0.7555190437269776,0.0,0.5437535656379558,0.5476552341388665,0.0,0.0,0.0,0.8713785617779684,0.5927533527983257,0.6619555796044503,0.4041219761658188,0.4431225101611049,0.0,0.0,0.0,0.0,0.0288813081370812,0.0323722472827663,0.2367635828660713,0.0,0.0,0.0,0.0,0.3394233552010742,0.0,0.0,0.0,0.0,0.8040818454832906,0.0,0.0,0.3710154293881821,0.0,0.2775197366933169,0.943289074149772,0.0,0.7769908015909516,0.0,0.0,0.2146486265156043,0.0,0.0,0.0,0.0,0.677903316553186,0.0,0.0,0.0,0.5990493225297635,0.0,0.0,0.0,0.7828518615354548,0.0,0.0,0.0,0.0
0.488710512015556,0.0,0.3495518093294432,0.5256700554159657,0.4226433146441853,0.3725731335296772,0.6021880398193887,0.3377219847173906,0.3775279325941519,0.0,0.4152533951152473,0.5399991307336154,0.4569120058398228,0.0384171333340584,0.0,0.4085060778387676,0.7542117882718252,0.3576865382337192,0.398135149715063,0.0,0.0,0.3718802549089028,0.5003883129475553,0.4594658039900076,0.5361482542771301,0.5589120107213794,0.4668919028605746,0.3702059774671624,0.0,0.0,0.5897155313994294,0.0,0.2706928825244001,0.0895842842817092,0.0,0.1358111957406868,0.1802555463399985,0.3711501213745106,0.0,0.0891890172033188,0.0,0.0,0.0,0.0,0.2098520633926744,0.0,0.0,0.0,0.0,0.0,0.0,0.0,0.0,0.0,0.5542016376470682,0.0,0.4896883614591151,0.0,0.0,0.0,0.0,0.2189797393585481,0.0638611428692138,0.0,0.0,0.0,0.0,0.0,0.3259618419732707,0.1753347791963478,0.3003933356278487,0.0,0.1934696354695696,0.0,0.0,0.0468497307481578
0.0,0.0,0.890311342112399,0.1917649415525131,0.7749724730488121,0.4766111480262914,0.3488044232662112,0.2554567999710582,0.861563572244067,0.4152533951152473,0.0,0.4427973561623546,0.5155004374417838,0.2221370688871063,0.0,0.0,0.0,0.0,0.8862081024287413,0.0,0.0,0.0,0.6089880398881861,0.0,0.0,0.0,0.7764680499313593,0.6422216529788415,0.0,0.0,0.453494426426845,0.0,0.0,0.0,0.0,0.0812073082616885,0.1384718308464123,0.2663135056955124,0.0,0.0,0.0,0.0,0.3477253543502444,0.0,0.0,0.0,0.0,0.8208471842956191,0.0,0.5660224333565244,0.2783325824391441,0.1942190100923248,0.3125911879022036,0.8049983475903912,0.0,0.9152574228321376,0.0,0.332420985781941,0.1467601670758413,0.0,0.0,0.0,0.0,0.8716545359450575,0.0,0.0,0.0,0.5865619937308415,0.0,0.0,0.0,0.7073107011673226,0.0,0.0,0.0,0.0
0.3213420606416624,0.0,0.0,0.0,0.4525336766146649,0.0,0.2976422551780961,0.0,0.4549836735231767,0.5399991307336154,0.4427973561623546,0.0,0.643034891662007,0.0,0.0,0.0,0.5671512111207418,0.6259251992697531,0.0,0.0,0.0,0.0,0.0,0.5831147178104186,0.4917570574494861,0.70039157664224,0.0,0.5526878906836545,0.0,0.0,0.3729550027429431,0.0482886979235923,0.0871632473654939,0.0697506696013092,0.0,0.2722081542074959,0.1553964402244596,0.2920330544246782,0.0,0.1893047769527255,0.0,0.0,0.0,0.0,0.2760072523440636,0.0,0.0,0.0,0.0,0.0,0.0,0.0,0.0,0.0,0.4958850916120728,0.0,0.8065237256054758,0.0,0.0,0.0,0.0,0.4857649412760111,0.4871447579325354,0.0,0.0,0.0,0.0,0.0,0.5020919731058984,0.3757076715133487,0.6322951788855202,0.0,0.0,0.0,0.0,0.2664713707261067
0.0,0.5925142868134903,0.5249664560011691,0.2737101235811336,0.5198309138688669,0.7384403562839247,0.4055484465077917,0.3509537625718869,0.5157852768708732,0.4569120058398228,0.5155004374417838,0.643034891662007,0.0,0.1496953023032177,0.4282323612945488,0.7055113849087827,0.6122051026466486,0.6721239177583278,0.4584274430603181,0.5139157536431814,0.3512072551249803,0.5333290646632489,0.537952571111869,0.2591628436540219,0.4569670024738627,0.6168504049084261,0.4904815990611517,0.767511243160743,0.5929219954577701,0.424269892169299,0.4570884743260564,0.0041776549527467,0.0811927239421968,0.0288207902987381,0.0,0.2311692719286917,0.2154946981981406,0.2125459426702652,0.0,0.0,0.0,0.0,0.4051293494109192,0.0,0.0,0.0,0.0,0.4355524650652464,0.0,0.0,0.5558355374926931,0.0,0.3303122732979833,0.0,0.0,0.0,0.0,0.0,0.0,0.0,0.0,0.0,0.0,0.0,0.0,0.0,0.0,0.4303459298114858,0.0,0.0,0.0,0.5114914434769499,0.0,0.3973356469994106,0.0,0.0
0.0,0.0,0.1602708968843524,0.1664914915324707,0.3427376744979415,0.0,0.2134665098193807,0.2414528818026823,0.0942790077286024,0.0384171333340584,0.2221370688871063,0.0,0.1496953023032177,0.0,0.0,0.0,0.0,0.0,0.1162670258082839,0.0,0.0755855850145603,0.0,0.1489174911557897,0.0,0.0,0.0,0.01753307723224,0.1342373002369009,0.0,0.0,0.1236969046019644,0.0882223380573857,0.0,0.0517171149772932,0.0,0.2735154207661667,0.0991456671289907,0.0,0.0,0.0,0.0,0.0,0.1826846825495593,0.0,0.0,0.0,0.0,0.0,0.0,0.0,0.0,0.0,0.0,0.1614381347253414,0.0,0.2104535358330704,0.0,0.0,0.0,0.0,0.0,0.0,0.0,0.0,0.0,0.0,0.0,0.1133653461043172,0.0,0.0,0.0,0.0,0.0,0.0,0.0,0.0
0.4684033731975459,0.3763738298988538,0.0,0.0,0.0,0.4710659185634273,0.0,0.2336109083628183,0.0,0.0,0.0,0.0,0.4282323612945488,0.0,0.0,0.571248011395025,0.0,0.406389360784852,0.0,0.7614272215168545,0.6356842730152136,0.7408038776963322,0.4668438776364026,0.2679264937483701,0.4230758034713339,0.4394197518078725,0.7212218905793184,0.5665527632528006,0.6845459671253071,0.0,0.5679722494857051,0.0,0.0,0.0,0.0,0.1653800550492633,0.0,0.0,0.0,0.0,0.0,0.0,0.0,0.0,0.0,0.0,0.4152756944062876,0.0,0.0,0.0,0.2907239503460478,0.0,0.3208431103379289,0.0,0.0,0.0,0.0,0.0,0.0,0.9036437402705786,0.4943395946279219,0.0,0.0,0.0,0.531560001692489,0.4676690703550507,0.5776365507987512,0.5900994542348827,0.0,0.0,0.4313020408326399,0.6549335468881702,0.4812815613324696,0.4749261816195203,0.0,0.2365410971149996
0.5270953570145963,0.5920813019715943,0.0,0.0,0.0,0.5835362142661865,0.284202985326672,0.1775470958967046,0.3668177110859774,0.4085060778387676,0.0,0.0,0.7055113849087827,0.0,0.571248011395025,0.0,0.6330414772867775,0.8378473033510557,0.0,0.5674345640337787,0.4180513830559195,0.7401018799344574,0.3853664847202638,0.3808797484399707,0.6750190772928636,0.6584026391957117,0.4236166425702778,0.7045424678320363,0.6356302313225993,0.3276742075407541,0.5902930833370599,0.1355455357040391,0.1102031742593995,0.0697042340098563,0.0,0.0,0.0,0.0,0.0579021445543075,0.0937041060694849,0.0,0.0,0.0,0.0,0.0,0.2919201273083954,0.4027374994269868,0.0,0.0,0.0,0.0,0.0,0.0,0.0,0.0,0.0,0.0,0.0,0.0,0.5292196978304978,0.5964779241724028,0.0,0.4912854131370322,0.0,0.5058992086897792,0.2770989744429341,0.5141727561799065,0.0,0.0,0.3190114407812103,0.4696543208871862,0.0,0.0,0.0,0.0,0.3097795247747914
0.3870838017102754,0.0,0.0,0.0,0.0,0.0,0.4093066231049389,0.0,0.0,0.7542117882718252,0.0,0.5671512111207418,0.6122051026466486,0.0,0.0,0.6330414772867775,0.0,0.6542394454090291,0.0,0.3984853964342449,0.0,0.4312776085898962,0.0,0.3907288703764797,0.6247388652180139,0.6241622017112618,0.0,0.632146469245022,0.0,0.0,0.5193984460047933,0.0,0.1318437089310399,0.0,0.0,0.0,0.0,0.3167241100122274,0.0,0.0,0.0,0.0,0.0,0.0,0.0,0.0,0.0,0.0,0.0,0.0,0.0,0.0,0.0,0.0,0.2843122009368485,0.0,0.4590248540249991,0.0,0.0,0.0,0.0,0.2540942646260224,0.1437116025851684,0.0,0.0,0.0,0.0,0.0,0.2888833652583044,0.0891528368704936,0.2847967466155017,0.0,0.0,0.0,0.0,0.0
0.3187008990201588,0.4495092802709663,0.0,0.0,0.0,0.5945597840324016,0.1943121050856935,0.029318930626046,0.0,0.3576865382337192,0.0,0.6259251992697531,0.6721239177583278,0.0,0.406389360784852,0.8378473033510557,0.6542394454090291,0.0,0.0,0.3979003014607175,0.2300715543219972,0.5471457319838814,0.3284096114609312,0.3858198398464583,0.6801888137903238,0.6760553225729091,0.3453337449900625,0.6627741507332788,0.4994644153515212,0.0,0.409051949606813,0.1477181221896548,0.0127461496010121,0.0365129869029588,0.0,0.0,0.0,0.0,0.0800292677029944,0.0,0.0575982715282495,0.0,0.0,0.0,0.0,0.1209097295673085,0.3572800983685311,0.0,0.0,0.0,0.0,0.0,0.0,0.0,0.1900517671504162,0.0,0.4847751580073847,0.0,0.0,0.0,0.5090845019800679,0.1891190318296704,0.5139269483712301,0.0,0.0,0.0,0.4300094279054099,0.0,0.2229482265884305,0.3288861800981886,0.4223216592805644,0.0,0.0,0.0,0.0,0.2985272343951287
0.0,0.0,0.9178640133603834,0.1818228638784718,0.5272494995530285,0.5352197667000658,0.2401890420497476,0.335369585219669,0.7037299834731886,0.398135149715063,0.8862081024287413,0.0,0.4584274430603181,0.1162670258082839,0.0,0.0,0.0,0.0,0.0,0.0,0.0,0.0,0.7013324127914828,0.0,0.0,0.0,0.6382197212687007,0.517213186743804,0.0,0.0,0.3910935487722184,0.0,0.0,0.0,0.0,0.0,0.0,0.0,0.0,0.0,0.0,0.0,0.2615527751478806,0.0,0.0,0.0,0.0,0.8417786979658582,0.0,0.0,0.3612416900895465,0.0,0.4644959716108665,0.653316396023148,0.0,0.7785203729178288,0.0,0.0,0.140775859098931,0.0,0.0,0.0,0.0,0.970327434233139,0.0,0.0,0.0,0.6502720522214814,0.0,0.0,0.0,0.5961032943616972,0.0,0.0,0.0,0.0
0.425606116277532,0.4119928379913322,0.0,0.0,0.6139235795388078,0.5928482912790363,0.4284710893773225,0.1887160273789001,0.7555190437269776,0.0,0.0,0.0,0.5139157536431814,0.0,0.7614272215168545,0.5674345640337787,0.3984853964342449,0.3979003014607175,0.0,0.0,0.5999800382094391,0.8635704121806753,0.5675042707169274,0.0,0.4399816691015377,0.4162544637941704,0.797656585033368,0.613454875605005,0.8085695600394204,0.5493757320725741,0.5425676473262658,0.0,0.0,0.0,0.0,0.1033663159830283,0.1169476759093,0.0,0.0,0.0,0.0,0.0,0.0,0.0,0.0,0.0,0.4127014919903156,0.0,0.0,0.0,0.3675409509346825,0.0,0.3999017540769604,0.0,0.0,0.0,0.0,0.0,0.0,0.7632391186542202,0.0,0.0,0.0,0.0,0.7212097679738696,0.4292343840348294,0.6795911049081103,0.6432611835954387,0.0,0.0,0.4602665952932069,0.6706280256467575,0.5547884065124965,0.5579214456089259,0.0,0.3393115331574857
0.6646831642278884,0.4103449564479742,0.0,0.0,0.0,0.4651474223436084,0.0,0.5238319455194739,0.0,0.0,0.0,0.0,0.3512072551249803,0.0755855850145603,0.6356842730152136,0.4180513830559195,0.0,0.2300715543219972,0.0,0.5999800382094391,0.0,0.5280506049195257,0.6404339444208187,0.4860741499101257,0.3488037497904707,0.3572488115373935,0.505360217148037,0.300063785651034,0.6093454768609503,0.6261138281716416,0.637912247676846,0.0603052073365271,0.2265277293446851,0.1355816463630806,0.0,0.2393932571773779,0.0,0.0,0.0,0.1594129062801668,0.0,0.0,0.0,0.0,0.0,0.4701336075423092,0.403602791348604,0.0,0.0,0.0,0.3674802328086099,0.0,0.6313343935203337,0.0,0.0,0.0,0.0,0.0,0.0,0.5844732406648395,0.3591176938219259,0.0,0.0,0.0,0.3132442085143768,0.7954988538126389,0.3277947563350984,0.6231154062537485,0.0,0.2420648454128172,0.3965498528179314,0.4882208651074551,0.2770327554670961,0.3208130624010413,0.0,0.142346363428744
0.4930438339844626,0.5998493862023455,0.0,0.0,0.5329152790045576,0.5701387477599287,0.4289813641484905,0.1769920959520955,0.5437535656379558,0.3718802549089028,0.0,0.0,0.5333290646632489,0.0,0.7408038776963322,0.7401018799344574,0.4312776085898962,0.5471457319838814,0.0,0.8635704121806753,0.5280506049195257,0.0,0.4279138532733138,0.0,0.61613271794445,0.561736233906955,0.6456610011571415,0.5985310658185354,0.7449567931153703,0.4182367044310932,0.5308845747855871,0.1497720508365717,0.0,0.0,0.0,0.2165021341798736,0.2068789678877945,0.0,0.0746330753799922,0.0949470371398113,0.0,0.0,0.0,0.0,0.0,0.2913089107068894,0.5421482838410234,0.0,0.0,0.0,0.4392986245024498,0.0,0.0,0.0,0.0,0.0,0.0,0.0,0.0,0.7501692516120707,0.5993111768229149,0.0,0.4432452587085744,0.0,0.7468592547683915,0.4336325667957438,0.7875699711995019,0.452042823610877,0.0,0.4980506314089101,0.5772653103515457,0.5962827166537942,0.0,0.6638084203398591,0.0,0.3852012663839676
0.4525796830385682,0.4707023339410991,0.6716582095753469,0.2158423481319338,0.4214180618160348,0.6947076120192627,0.3033987799154135,0.6105445537703975,0.5476552341388665,0.5003883129475553,0.6089880398881861,0.0,0.537952571111869,0.1489174911557897,0.4668438776364026,0.3853664847202638,0.0,0.3284096114609312,0.7013324127914828,0.5675042707169274,0.6404339444208187,0.4279138532733138,0.0,0.5248115956984364,0.3755331460088361,0.4927457715561349,0.5622573790102553,0.3859620544965166,0.538528009240648,0.5750751449352951,0.3753934486504217,0.0,0.1187965444378681,0.0,0.0,0.0,0.0,0.0,0.0,0.0795625102264876,0.0,0.0,0.274254130496014,0.0,0.0,0.0,0.4033681760432302,0.6372561732227986,0.0,0.5294839172851158,0.5302801938358764,0.3457150145568541,0.668364294542442,0.5374022551661988,0.0,0.568600802600358,0.0,0.4491912552066556,0.0795564463877081,0.4811361650568551,0.0,0.0,0.0,0.7037185067795062,0.3419382650737889,0.4974834017202016,0.2698316631443906,0.8312134830415084,0.0,0.0,0.4139578083833102,0.5200345686064592,0.3423404617292334,0.2685197086665396,0.1237181999482233,0.0077569270588982
0.5359281151557048,0.0,0.0,0.0,0.0,0.0,0.1933794703295867,0.4000688308891055,0.0,0.4594658039900076,0.0,0.5831147178104186,0.2591628436540219,0.0,0.2679264937483701,0.3808797484399707,0.3907288703764797,0.3858198398464583,0.0,0.0,0.4860741499101257,0.0,0.5248115956984364,0.0,0.546078565064662,0.6107674551707185,0.1662741763402007,0.1260561962046265,0.0,0.0,0.3192506567321632,0.275534552067856,0.3228744969948696,0.158424090065111,0.0457612671805595,0.0470461263945902,0.0,0.2476914044266042,0.2237486583257464,0.4449391621961802,0.0456323198795816,0.0,0.0,0.0,0.277281705500651,0.3024524327515159,0.0,0.0,0.0,0.0,0.0,0.0,0.0,0.0,0.4470278811985737,0.0,0.6517455763332439,0.0,0.0,0.0,0.3647198378135957,0.3953907758959114,0.3589554637858835,0.0,0.0,0.0,0.0,0.0,0.7957724437404718,0.4437774679090764,0.7153037653714313,0.0,0.0,0.0,0.0,0.2058327221045877
0.5670110526444708,0.6641682009395914,0.0,0.0,0.2622980486493674,0.5566808991403035,0.3716632816199458,0.0664277737418231,0.0,0.5361482542771301,0.0,0.4917570574494861,0.4569670024738627,0.0,0.4230758034713339,0.6750190772928636,0.6247388652180139,0.6801888137903238,0.0,0.4399816691015377,0.3488037497904707,0.61613271794445,0.3755331460088361,0.546078565064662,0.0,0.7408650145703357,0.3641825578228879,0.3738454346338342,0.509356728420491,0.0,0.3735553069489762,0.2398947920842044,0.1160403067533273,0.0,0.0,0.0,0.0,0.1293680407086126,0.2178253282157612,0.1470647560914489,0.0,0.0,0.0,0.0,0.0,0.2852015809889354,0.5281563690563188,0.0,0.0,0.0,0.0,0.0,0.0,0.0,0.3814326750155946,0.0,0.4152512500964633,0.0,0.0,0.0,0.5434458718933295,0.3288568751228591,0.4336049002612177,0.0,0.4027283792375122,0.226084456608377,0.4516376640964599,0.0,0.4702506024442652,0.5711939579183628,0.6152119903452576,0.0,0.0,0.0,0.0,0.3060497698034931
0.5563373505822032,0.7875612679525841,0.0,0.0,0.0,0.5634952128767011,0.2627594618249425,0.3722409235332263,0.0,0.5589120107213794,0.0,0.70039157664224,0.6168504049084261,0.0,0.4394197518078725,0.6584026391957117,0.6241622017112618,0.6760553225729091,0.0,0.4162544637941704,0.3572488115373935,0.561736233906955,0.4927457715561349,0.6107674551707185,0.7408650145703357,0.0,0.3802284064986919,0.3909110531718974,0.3710188276483533,0.0,0.2844554840626667,0.0163757929479517,0.1936555740838477,0.0779607202347103,0.0,0.085743643853862,0.0,0.1642980896538566,0.0,0.1923168190008496,0.0,0.0,0.0,0.0,0.0545337292667611,0.1613425569861461,0.5191250676470365,0.0,0.0,0.0,0.0,0.0,0.0,0.0,0.3019196340766083,0.0,0.5721465350130639,0.0,0.0,0.4483564356569869,0.3560240552299061,0.3304161493106686,0.3300624329637635,0.0,0.3516704899279285,0.1877570704734975,0.3542265389584871,0.2995023532349525,0.4065956169973744,0.3534067960739513,0.6606562841072853,0.4311190162772054,0.0,0.2428007748691934,0.0,0.0282577809251562
0.2086459596921385,0.3013203140102299,0.6917707878431906,0.1574747892673874,0.7540022106282328,0.5848148420710848,0.5456329002950562,0.157740131280372,0.8713785617779684,0.4668919028605746,0.7764680499313593,0.0,0.4904815990611517,0.01753307723224,0.7212218905793184,0.4236166425702778,0.0,0.3453337449900625,0.6382197212687007,0.797656585033368,0.505360217148037,0.6456610011571415,0.5622573790102553,0.1662741763402007,0.3641825578228879,0.3802284064986919,0.0,0.5553372965585789,0.7353108146000616,0.3689028324647788,0.4720735664564285,0.0,0.0,0.0,0.0,0.0530256143793735,0.1011736627517896,0.0,0.0,0.0,0.0,0.0,0.4315604365567479,0.0,0.0,0.0,0.3580189033222715,0.7814988700330947,0.0,0.0,0.2985909760367394,0.341611925122862,0.2284748539789294,0.8140224877769918,0.0,0.7528595791557642,0.0,0.356421253583445,0.1676563713143553,0.6119660514846949,0.0,0.0,0.0,0.6462554063804857,0.4268978223881535,0.1859173925389878,0.4241465410285132,0.6366780916972608,0.0,0.0,0.3023247380103603,0.8935076288185929,0.43244475635925,0.3964644014276766,0.0812632885099133,0.0193174253650152
0.2552474227768104,0.3306373225885414,0.6222753745044776,0.2629159908993652,0.6076498075674001,0.516731322736498,0.3139857472495863,0.1221663420653161,0.5927533527983257,0.3702059774671624,0.6422216529788415,0.5526878906836545,0.767511243160743,0.1342373002369009,0.5665527632528006,0.7045424678320363,0.632146469245022,0.6627741507332788,0.517213186743804,0.613454875605005,0.300063785651034,0.5985310658185354,0.3859620544965166,0.1260561962046265,0.3738454346338342,0.3909110531718974,0.5553372965585789,0.0,0.6272213337821321,0.4058941626509401,0.5771653228729408,0.0,0.0,0.0,0.0,0.3439153794254977,0.3303663754070789,0.1753466795887122,0.0,0.0,0.0,0.0,0.4521888761219307,0.0,0.0,0.0,0.0,0.0,0.0,0.0,0.4187286797548486,0.0,0.1622253910593649,0.0,0.0,0.0,0.0,0.0,0.0,0.4888391062550425,0.0,0.0,0.0,0.0,0.5129202088657925,0.2079766496750055,0.0,0.4393839624536548,0.0,0.0,0.0,0.5389313545936212,0.7638755871631314,0.4399249501106081,0.0,0.3729863437280047
0.4753482753211018,0.3012570149122177,0.0,0.0,0.5543576898686385,0.7234296040114654,0.3343576517248844,0.1227282787969592,0.6619555796044503,0.0,0.0,0.0,0.5929219954577701,0.0,0.6845459671253071,0.6356302313225993,0.0,0.4994644153515212,0.0,0.8085695600394204,0.6093454768609503,0.7449567931153703,0.538528009240648,0.0,0.509356728420491,0.3710188276483533,0.7353108146000616,0.6272213337821321,0.0,0.5006130196509928,0.6079296973976572,0.0,0.0,0.0,0.0,0.1080695520702489,0.1803693715771482,0.0,0.0,0.0,0.0,0.0,0.0,0.0,0.0,0.0,0.3492572586159516,0.0,0.0,0.0,0.4856968545018019,0.0,0.2770567615026765,0.0,0.0,0.0,0.0,0.546939447631244,0.0,0.6190493525661397,0.0,0.0,0.0,0.0,0.5491211010254697,0.4750199521790415,0.5683469948537281,0.5750228308205464,0.0,0.0,0.4204592746060221,0.6162257287405033,0.5540107671803947,0.6513050397265796,0.0,0.365354013890514
0.0,0.0,0.4192560295911634,0.0,0.0,0.3191700527125803,0.0,0.4444229818840257,0.4041219761658188,0.0,0.0,0.0,0.424269892169299,0.0,0.0,0.3276742075407541,0.0,0.0,0.0,0.5493757320725741,0.6261138281716416,0.4182367044310932,0.5750751449352951,0.0,0.0,0.0,0.3689028324647788,0.4058941626509401,0.5006130196509928,0.0,0.5074412825305418,0.0,0.0,0.1942814748821165,0.0,0.0,0.0,0.0,0.0,0.0,0.0,0.0,0.0,0.0,0.0,0.0,0.0,0.0,0.0,0.0,0.0,0.0,0.0,0.0,0.0,0.0,0.0,0.0,0.0,0.0,0.0,0.0,0.0,0.0,0.3322292282672152,0.0,0.0,0.4259411189071674,0.0,0.0,0.0,0.3643097637328653,0.0,0.0,0.0,0.0
0.5036753076937075,0.3180004658715709,0.3809000249875715,0.0,0.5034072462728054,0.3746707133571911,0.4794063889910762,0.1884735276841678,0.4431225101611049,0.5897155313994294,0.453494426426845,0.3729550027429431,0.4570884743260564,0.1236969046019644,0.5679722494857051,0.5902930833370599,0.5193984460047933,0.409051949606813,0.3910935487722184,0.5425676473262658,0.637912247676846,0.5308845747855871,0.3753934486504217,0.3192506567321632,0.3735553069489762,0.2844554840626667,0.4720735664564285,0.5771653228729408,0.6079296973976572,0.5074412825305418,0.0,0.1769676444239946,0.1939908204253924,0.166373274243899,0.0,0.3674027004405378,0.281136630511505,0.3832630747944622,0.0,0.0672172269557489,0.0,0.0,0.0,0.0,0.0,0.2935879757440437,0.2357381641584773,0.0,0.0,0.0,0.2607126566882641,0.0,0.2582859211219254,0.0,0.4192722511246143,0.0,0.341472678624674,0.0,0.0,0.480475237234382,0.3861633842707647,0.0,0.2084774874316665,0.0,0.3064832334160057,0.4896203935995011,0.3151326131655085,0.4228072955232234,0.2877431712680341,0.1685757416537012,0.2208464032921835,0.4442211560159294,0.3668086500970453,0.3474563582453354,0.0,0.328827233305322
0.1647614510380018,0.1793690849219096,0.0,0.0012093509631121,0.0,0.0977723932343763,0.1232828725441494,0.0,0.0,0.0,0.0,0.0482886979235923,0.0041776549527467,0.0882223380573857,0.0,0.1355455357040391,0.0,0.1477181221896548,0.0,0.0,0.0603052073365271,0.1497720508365717,0.0,0.275534552067856,0.2398947920842044,0.0163757929479517,0.0,0.0,0.0,0.0,0.1769676444239946,0.0,0.389328995892401,0.4323608820451217,0.2544077454682515,0.2357692233398708,0.0,0.0,0.8379392990438156,0.4254435765548524,0.4236498255420473,0.2512480600608192,0.0,0.0486150497219452,0.0980263296426073,0.0215633863268776,0.1299829898861056,0.0,0.0,0.0,0.2204627099229124,0.0,0.0578546767461358,0.0,0.1168831879434695,0.0,0.0757436424301085,0.1580548633202785,0.0,0.0,0.2098565581141929,0.0,0.2458569068102118,0.0,0.1378444989696281,0.2824521524658422,0.1865113546887893,0.0,0.2146973162654852,0.2806837493126153,0.1793743283442068,0.0,0.0,0.1764769204969498,0.0,0.2574270161197475
0.4064408026311047,0.3129901176017071,0.0,0.0,0.0,0.0060310495378508,0.1368445865586987,0.2282133099434218,0.0,0.2706928825244001,0.0,0.0871632473654939,0.0811927239421968,0.0,0.0,0.1102031742593995,0.1318437089310399,0.0127461496010121,0.0,0.0,0.2265277293446851,0.0,0.1187965444378681,0.3228744969948696,0.1160403067533273,0.1936555740838477,0.0,0.0,0.0,0.0,0.1939908204253924,0.389328995892401,0.0,0.6146342276700532,0.0934240595497956,0.169050254384621,0.0,0.2079585843650484,0.3420159865914316,0.7355211513612145,0.2824837899743672,0.1968008436358161,0.0,0.0,0.2112213190854096,0.2008576966807743,0.1136764627132388,0.0,0.0,0.0,0.0,0.0,0.0,0.0,0.1329725740396061,0.0,0.0751129423058467,0.0,0.0,0.0,0.0,0.0,0.0466230050075654,0.0,0.0,0.2570211773340262,0.0,0.0,0.1955819653619442,0.0,0.1410378837077531,0.0,0.0,0.0,0.0,0.0
0.262744081526504,0.1149261981684367,0.0,0.1769063151965253,0.0,0.0,0.0,0.170647748546637,0.0,0.0895842842817092,0.0,0.0697506696013092,0.0288207902987381,0.0517171149772932,0.0,0.0697042340098563,0.0,0.0365129869029588,0.0,0.0,0.1355816463630806,0.0,0.0,0.158424090065111,0.0,0.0779607202347103,0.0,0.0,0.0,0.1942814748821165,0.166373274243899,0.4323608820451217,0.6146342276700532,0.0,0.2286788607279514,0.164041761217359,0.0612588698298632,0.0640474676374861,0.3987533257180773,0.537667458598781,0.5062293436517147,0.3386822476835897,0.0,0.0,0.1346743363104566,0.2354464314016743,0.0204201445665765,0.0,0.0,0.0,0.0164978204713141,0.0,0.0618180296926567,0.0,0.1443548681233005,0.0,0.0,0.0,0.0,0.0,0.0804793630978833,0.0,0.217185421762295,0.0,0.0,0.2743080363066814,0.0,0.0,0.1007318115427281,0.0229260500668461,0.054769091323975,0.0,0.0,0.0,0.0,0.0813081297535531
0.0,0.0,0.0,0.0,0.0,0.0,0.0,0.0,0.0,0.0,0.0,0.0,0.0,0.0,0.0,0.0,0.0,0.0,0.0,0.0,0.0,0.0,0.0,0.0457612671805595,0.0,0.0,0.0,0.0,0.0,0.0,0.0,0.2544077454682515,0.0934240595497956,0.2286788607279514,0.0,0.0,0.0,0.0,0.2061865988849846,0.1559321038521551,0.4217395827527256,0.1634452234675573,0.0,0.0335417400889041,0.0,0.0,0.0022524074807002,0.0,0.0,0.0,0.0,0.0,0.0,0.0,0.0,0.0,0.035832453823293,0.0,0.0,0.0,0.012508016734136,0.0,0.1815630442450027,0.0,0.0703488167385008,0.0,0.018563831979104,0.0,0.0,0.09729523802286,0.0,0.0,0.0,0.0151188978788884,0.0,0.0
0.0,0.0,0.0,0.3977006603167974,0.3142195970220534,0.0354887587642129,0.3461214052937807,0.185099994723113,0.0288813081370812,0.1358111957406868,0.0812073082616885,0.2722081542074959,0.2311692719286917,0.2735154207661667,0.1653800550492633,0.0,0.0,0.0,0.0,0.1033663159830283,0.2393932571773779,0.2165021341798736,0.0,0.0470461263945902,0.0,0.085743643853862,0.0530256143793735,0.3439153794254977,0.1080695520702489,0.0,0.3674027004405378,0.2357692233398708,0.169050254384621,0.164041761217359,0.0,0.0,0.5519476549501463,0.2164577502656881,0.1757527434724343,0.1737447095990745,0.0529129404492887,0.0,0.3159378768394746,0.1132555679251108,0.0,0.0,0.0,0.0,0.0,0.0,0.074087093903913,0.1691892231045821,0.1164655818544685,0.0683164440429482,0.0,0.1617194095097741,0.1857483914962096,0.1815468248619299,0.0535387826940569,0.0,0.0,0.0,0.0,0.0,0.0,0.0,0.0,0.0174447843676482,0.0,0.0,0.0,0.1272087968641877,0.2575660249494894,0.1203483816800268,0.0,0.0
0.0,0.0,0.0,0.4859851958711801,0.3061661392349278,0.0,0.1769085299554104,0.1834933668350694,0.0323722472827663,0.1802555463399985,0.1384718308464123,0.1553964402244596,0.2154946981981406,0.0991456671289907,0.0,0.0,0.0,0.0,0.0,0.1169476759093,0.0,0.2068789678877945,0.0,0.0,0.0,0.0,0.1011736627517896,0.3303663754070789,0.1803693715771482,0.0,0.281136630511505,0.0,0.0,0.0612588698298632,0.0,0.5519476549501463,0.0,0.1278414685575831,0.0,0.0,0.0,0.0,0.0,0.0,0.0,0.0,0.0,0.0,0.0,0.0,0.0,0.0,0.0,0.0,0.0,0.0,0.0,0.0,0.0,0.0,0.0,0.0,0.0,0.0,0.0,0.0,0.0,0.0,0.0,0.0,0.0,0.0,0.0,0.0,0.0,0.0
0.0,0.0,0.0,0.0,0.3035009980321541,0.0,0.2577674203820244,0.0,0.2367635828660713,0.3711501213745106,0.2663135056955124,0.2920330544246782,0.2125459426702652,0.0,0.0,0.0,0.3167241100122274,0.0,0.0,0.0,0.0,0.0,0.0,0.2476914044266042,0.1293680407086126,0.1642980896538566,0.0,0.1753466795887122,0.0,0.0,0.3832630747944622,0.0,0.2079585843650484,0.0640474676374861,0.0,0.2164577502656881,0.1278414685575831,0.0,0.0,0.04823661982198,0.0,0.0,0.0,0.0,0.3723337345033885,0.0,0.0,0.0,0.0,0.0,0.0,0.0,0.0,0.0,0.1640538891308217,0.0,0.2668700258582446,0.0,0.0,0.0,0.0,0.0,0.0,0.0,0.0,0.0,0.0,0.0,0.2690864393786631,0.0,0.1223224789418497,0.0,0.0,0.0,0.0,0.0
0.1452044599144206,0.0926748863454218,0.0,0.0,0.0,0.0349953175328274,0.0,0.0,0.0,0.0,0.0,0.0,0.0,0.0,0.0,0.0579021445543075,0.0,0.0800292677029944,0.0,0.0,0.0,0.0746330753799922,0.0,0.2237486583257464,0.2178253282157612,0.0,0.0,0.0,0.0,0.0,0.0,0.8379392990438156,0.3420159865914316,0.3987533257180773,0.2061865988849846,0.1757527434724343,0.0,0.0,0.0,0.4856063586164093,0.4456907088785715,0.2790625781514262,0.0,0.0,0.1377691407076561,0.1549259921830867,0.1262620556505731,0.0,0.0912089546369545,0.0,0.222282034175172,0.2442791934119416,0.0607824828165294,0.0,0.1300277586022334,0.0,0.0293144046414361,0.1679772802475393,0.0042442678918735,0.0,0.2674387599667195,0.1824214942036839,0.336237354704292,0.0,0.1025427570025558,0.2933462037593055,0.1736066226024592,0.0,0.2965593512957158,0.3468192173424211,0.2341117723077494,0.0,0.0,0.1885045525867484,0.3325823111839562,0.3113206976628718
0.3784357783685855,0.2630327116507047,0.0,0.0,0.0,0.0,0.0,0.0,0.0,0.0891890172033188,0.0,0.1893047769527255,0.0,0.0,0.0,0.0937041060694849,0.0,0.0,0.0,0.0,0.1594129062801668,0.0949470371398113,0.0795625102264876,0.4449391621961802,0.1470647560914489,0.1923168190008496,0.0,0.0,0.0,0.0,0.0672172269557489,0.4254435765548524,0.7355211513612145,0.537667458598781,0.1559321038521551,0.1737447095990745,0.0,0.04823661982198,0.4856063586164093,0.0,0.3657617761619071,0.278655378931413,0.0456485049856434,0.1694531535154444,0.2557403290268363,0.3241935581583442,0.2987007108765305,0.0,0.0,0.1124276063924337,0.1956704197254409,0.3035431135059664,0.2913548105611825,0.0,0.3285746529774708,0.0,0.2193041113847541,0.2159987706461943,0.0,0.0123920740897767,0.2441691548795133,0.3379669687594216,0.3129461815666713,0.0,0.0449812187221745,0.327724301395809,0.1186427413319494,0.0,0.4595951980378974,0.2751067659288426,0.4360730539584184,0.0,0.0166666794594818,0.0996466647090667,0.2335616149309268,0.1518767613808907
0.0,0.0,0.0,0.0,0.0,0.0,0.0,0.0,0.0,0.0,0.0,0.0,0.0,0.0,0.0,0.0,0.0,0.0575982715282495,0.0,0.0,0.0,0.0,0.0,0.0456323198795816,0.0,0.0,0.0,0.0,0.0,0.0,0.0,0.4236498255420473,0.2824837899743672,0.5062293436517147,0.4217395827527256,0.0529129404492887,0.0,0.0,0.4456907088785715,0.3657617761619071,0.0,0.4716906915175229,0.0,0.113677282604654,0.0,0.0,0.0,0.0,0.1150528789758627,0.0,0.0126866074163095,0.0,0.0,0.0,0.0,0.0,0.0,0.0585958101639193,0.0,0.0,0.0407453289714564,0.0,0.2906336451102297,0.0,0.0,0.0096111357214334,0.0,0.0,0.0229990922404895,0.0626186283437552,0.0,0.0,0.0151051974105289,0.0242877333647356,0.1672374154911427,0.2796934307165926
0.0,0.0,0.0,0.0,0.0,0.0,0.0,0.0,0.0,0.0,0.0,0.0,0.0,0.0,0.0,0.0,0.0,0.0,0.0,0.0,0.0,0.0,0.0,0.0,0.0,0.0,0.0,0.0,0.0,0.0,0.0,0.2512480600608192,0.1968008436358161,0.3386822476835897,0.1634452234675573,0.0,0.0,0.0,0.2790625781514262,0.278655378931413,0.4716906915175229,0.0,0.0,0.0431309407140582,0.0,0.0561975240758492,0.0,0.0,0.0,0.0656142674127228,0.0,0.0593624270554296,0.0046473716199896,0.0,0.0310403704610224,0.0,0.0,0.0,0.0,0.0,0.0,0.0,0.0,0.0,0.0,0.0785234596996694,0.0,0.0,0.0629331847688334,0.0,0.0,0.0,0.0,0.0,0.0638205861701147,0.0780276686209716
0.0,0.0,0.2994616213515043,0.0,0.4041204916484049,0.2812905427741518,0.0,0.1533565776700232,0.3394233552010742,0.0,0.3477253543502444,0.0,0.4051293494109192,0.1826846825495593,0.0,0.0,0.0,0.0,0.2615527751478806,0.0,0.0,0.0,0.274254130496014,0.0,0.0,0.0,0.4315604365567479,0.4521888761219307,0.0,0.0,0.0,0.0,0.0,0.0,0.0,0.3159378768394746,0.0,0.0,0.0,0.0456485049856434,0.0,0.0,0.0,0.6486456042916179,0.1805039148467045,0.0,0.0,0.3041594133182145,0.591342858290687,0.527639718808915,0.2378141337089619,0.493710559503653,0.234669357491444,0.3133926238137737,0.3120217754240167,0.4161759558294082,0.3998992762068247,0.3916221731986554,0.3593829620723235,0.2921579355926156,0.0,0.1377977520867205,0.0,0.3364767710405338,0.2776728779516548,0.1628430926604751,0.2293308991658484,0.2820001787129848,0.073480512051782,0.1134211031242343,0.1589922272741593,0.3814748884705956,0.411063154948699,0.2628633810397267,0.0,0.1633499286582422
0.0,0.0,0.0,0.0,0.0,0.0,0.0,0.0,0.0,0.0,0.0,0.0,0.0,0.0,0.0,0.0,0.0,0.0,0.0,0.0,0.0,0.0,0.0,0.0,0.0,0.0,0.0,0.0,0.0,0.0,0.0,0.0486150497219452,0.0,0.0,0.0335417400889041,0.1132555679251108,0.0,0.0,0.0,0.1694531535154444,0.113677282604654,0.0431309407140582,0.6486456042916179,0.0,0.1254938847990369,0.0,0.0,0.1600798556343907,0.4934141135508853,0.4994404125655276,0.305057363551022,0.4611132175934066,0.1882685290459708,0.1538857689906721,0.4488128595192207,0.2108506724403517,0.4155639385751832,0.4502172271873144,0.1961182673028426,0.0,0.0,0.0,0.0,0.3132773725728151,0.0,0.0,0.0,0.1831871892517435,0.0,0.0,0.0,0.1946835741768977,0.4377726195551592,0.3613212821547987,0.0,0.3372230964393518
0.0,0.0,0.0,0.0,0.0,0.0,0.0,0.0,0.0,0.2098520633926744,0.0,0.2760072523440636,0.0,0.0,0.0,0.0,0.0,0.0,0.0,0.0,0.0,0.0,0.0,0.277281705500651,0.0,0.0545337292667611,0.0,0.0,0.0,0.0,0.0,0.0980263296426073,0.2112213190854096,0.1346743363104566,0.0,0.0,0.0,0.3723337345033885,0.1377691407076561,0.2557403290268363,0.0,0.0,0.1805039148467045,0.1254938847990369,0.0,0.1417660092369036,0.0,0.0,0.0,0.0,0.0,0.0804023408356247,0.0,0.0072046167827702,0.1995582829475299,0.1791892694721073,0.3064362380248078,0.1410710698767296,0.0,0.0,0.0,0.2558227400140624,0.0,0.0,0.0,0.0,0.0,0.0,0.343654534820662,0.0338072404041177,0.1753767657093261,0.0,0.1518675053362945,0.0,0.0,0.2745572621562192
0.6479490938590928,0.0493767743761988,0.0,0.0,0.0,0.0,0.0,0.0,0.0,0.0,0.0,0.0,0.0,0.0,0.0,0.2919201273083954,0.0,0.1209097295673085,0.0,0.0,0.4701336075423092,0.2913089107068894,0.0,0.3024524327515159,0.2852015809889354,0.1613425569861461,0.0,0.0,0.0,0.0,0.2935879757440437,0.0215633863268776,0.2008576966807743,0.2354464314016743,0.0,0.0,0.0,0.0,0.1549259921830867,0.3241935581583442,0.0,0.0561975240758492,0.0,0.0,0.1417660092369036,0.0,0.1699849939792255,0.0,0.0,0.0,0.198418299152587,0.0,0.2808300190547999,0.0,0.3372320320226024,0.0,0.0638100086836158,0.2512564358926835,0.0,0.3380555467210962,0.5136291027927974,0.0,0.422367119008719,0.0,0.1521997510974863,0.5073733604564475,0.2356506038882191,0.2511586590515467,0.3816405049423982,0.3158929538220699,0.3621828009180121,0.0105416664186726,0.2458239891251938,0.2956845952071003,0.0,0.4146527326476874
0.3541960180612021,0.6237732872957499,0.0,0.0,0.0,0.0,0.0,0.0,0.0,0.0,0.0,0.0,0.0,0.0,0.4152756944062876,0.4027374994269868,0.0,0.3572800983685311,0.0,0.4127014919903156,0.403602791348604,0.5421482838410234,0.4033681760432302,0.0,0.5281563690563188,0.5191250676470365,0.3580189033222715,0.0,0.3492572586159516,0.0,0.2357381641584773,0.1299829898861056,0.1136764627132388,0.0204201445665765,0.0022524074807002,0.0,0.0,0.0,0.1262620556505731,0.2987007108765305,0.0,0.0,0.0,0.0,0.0,0.1699849939792255,0.0,0.0,0.0,0.0,0.6100462667535097,0.5557556841737507,0.4793869537183449,0.3419599668842163,0.6375522092276907,0.0,0.0,0.6521499232200136,0.0,0.4886111602769763,0.595708206290633,0.6258269216999303,0.4687990953560256,0.0,0.56735922471173,0.4294253517316565,0.6510546414359908,0.4622117536756271,0.0,0.7701649527850035,0.8069588051506102,0.4013507341538764,0.4134603348079433,0.5172325555470925,0.0,0.2620871096525126
0.0,0.0,0.7934028922091053,0.0,0.6389182456693814,0.5485357455382543,0.0,0.3071492265807112,0.8040818454832906,0.0,0.8208471842956191,0.0,0.4355524650652464,0.0,0.0,0.0,0.0,0.0,0.8417786979658582,0.0,0.0,0.0,0.6372561732227986,0.0,0.0,0.0,0.7814988700330947,0.0,0.0,0.0,0.0,0.0,0.0,0.0,0.0,0.0,0.0,0.0,0.0,0.0,0.0,0.0,0.3041594133182145,0.1600798556343907,0.0,0.0,0.0,0.0,0.0751493879504778,0.585596037801601,0.324993361718962,0.3247485725057149,0.5201852525820556,0.6844023923701307,0.0,0.8667797034632124,0.0,0.3136169482419883,0.1730018019343318,0.0,0.0,0.0,0.0,0.8642376958084699,0.0,0.0,0.0,0.7520629405631645,0.0,0.0,0.0,0.6757914208753765,0.3881014163522231,0.271044484328521,0.2405045151558087,0.09487143658876
