0.0,0.3086645413125214,0.0,0.0,0.0,0.2981139129388879,0.0,0.2973185398522188,0.0,0.1603467129917579,0.0,0.0,0.0,0.0,0.2229911155423084,0.4929116401422581,0.3001545906505691,0.3918285771515877,0.0,0.2149618240307665,0.3935374990699746,0.4634535927012775,0.3256935798951145,0.0,0.4456449225238309,0.2571959713047683,0.2899810583400417,0.2030915726726267,0.5237455290650112,0.0,0.4784574426034587,0.1613985245106673,0.3760735212064489,0.3341844585460258,0.0,0.0,0.0,0.0,0.0,0.3263323939905331,0.1429610542262314,0.0,0.0,0.0,0.0,0.5523806861820079,0.3450640140246996,0.0,0.0,0.0,0.0,0.0,0.0,0.0,0.4009197462862736,0.0,0.0,0.0,0.0,0.0,0.4759074769390413,0.0,0.3868929380067839,0.0,0.0,0.3659038105804847,0.2307749617599469,0.2986522995442553,0.0,0.4959664740244334,0.370343121584842,0.0,0.0,0.0,0.0,0.0953214699267893
0.3086645413125214,0.0,0.0,0.0,0.0,0.280751062893539,0.1602477827432449,0.3569146207045215,0.0611283104300215,0.0,0.0,0.0,0.3535744351156019,0.0,0.1110046619423202,0.2469466698031334,0.0,0.2931390250918569,0.0,0.1201333230913792,0.3512707729286363,0.2492272334067801,0.333874914156304,0.0,0.4655966720194141,0.34319449966956,0.0,0.0527661448002933,0.2593647048945111,0.0,0.3487231234734841,0.2896859872081514,0.1850591405437554,0.1604597525137805,0.0,0.0,0.0,0.0,0.0615894158313462,0.1706942419382017,0.0,0.0,0.0,0.0,0.0,0.2592876281366569,0.4153680166979984,0.0,0.0,0.0,0.2498704892054516,0.0,0.0,0.0,0.0,0.0,0.0,0.0,0.0,0.0894420255064929,0.084401158244607,0.0,0.095670101492129,0.0,0.0,0.3042162336717754,0.0,0.196276871385343,0.0,0.3916138526483475,0.2810633477006172,0.0,0.0,0.0512535100809878,0.0,0.0
0.0,0.0,0.0,0.0,0.2613837753529959,0.3600519744446399,0.3051894129130817,0.1848265994272215,0.5108706716632457,0.0258838375606438,0.5755728392859213,0.0,0.1796049284668174,0.2021815572946668,0.0,0.0,0.0,0.0,0.5512446208765737,0.0,0.0,0.0,0.3162884884863435,0.0,0.0,0.0,0.5977805975330783,0.3384702947444297,0.2830742157661772,0.3542075994345264,0.1832589369884918,0.0,0.0,0.1131453724245357,0.0,0.0,0.0,0.0,0.0,0.0,0.0,0.0,0.0,0.0,0.0,0.0,0.0,0.5317923000770962,0.0,0.2692102643999869,0.3111830702418622,0.3769198089901478,0.2981445736609663,0.5075964560393803,0.0,0.4986737047953896,0.0,0.1874476739004112,0.2555510369031112,0.0,0.0,0.0,0.0,0.5222584506574688,0.0,0.0,0.0,0.335798322814009,0.0,0.0,0.0,0.5328008643275475,0.0,0.0,0.0,0.0
0.0,0.0,0.0,0.0,0.0,0.0,0.1332790696847761,0.1090041819434526,0.0,0.0,0.0,0.0,0.2193950006077032,0.0,0.0,0.0,0.0,0.0,0.0,0.0,0.0,0.0352360279382754,0.0,0.0,0.0,0.0,0.0,0.0744212959577479,0.0,0.0,0.1864763492346939,0.2856968795432115,0.0,0.2287148353963112,0.0,0.0602629414504808,0.255132450847995,0.0,0.0,0.0,0.0,0.0,0.0,0.0,0.0,0.0,0.0,0.0,0.0,0.0,0.0,0.0,0.0,0.0,0.0,0.0,0.0,0.0,0.0,0.0,0.0,0.0,0.0,0.0,0.0,0.0,0.0,0.0,0.0,0.0,0.0,0.0,0.0,0.0,0.0,0.0
0.0,0.0,0.2613837753529959,0.0,0.0,0.1520716107120869,0.0,0.0,0.2098565624245389,0.0,0.1803773286722318,0.0349684529590832,0.0,0.0978199658659316,0.0,0.0,0.0,0.0,0.3887672416833475,0.2216461816477046,0.0,0.0,0.0,0.0,0.0,0.0,0.3257806963533374,0.1326422511552382,0.0,0.0,0.0,0.0,0.0,0.0,0.2235055272786894,0.0,0.0,0.1796856949082074,0.0,0.0,0.0,0.0,0.0,0.0,0.0,0.0,0.0,0.3692922767636021,0.0,0.0,0.0517546886699732,0.0,0.0,0.1952891813131458,0.0,0.1667813319066359,0.0,0.0,0.0,0.0,0.0,0.0,0.0,0.3255548620894423,0.0,0.0,0.0,0.0952161586192218,0.0,0.0,0.0,0.3233584015890965,0.0,0.0,0.0,0.0
0.2981139129388879,0.280751062893539,0.3600519744446399,0.0,0.1520716107120869,0.0,0.3115013999643357,0.3769289759134234,0.4222439774481357,0.0661815663127828,0.360587543616947,0.2300135798231723,0.3240154350718531,0.1323737261648891,0.2351170071219976,0.2799268081146793,0.0,0.1715061473972062,0.2448134999813755,0.3242679832517662,0.3180743391534403,0.3710903118625142,0.5093040217483111,0.0,0.2836433001657758,0.1384025635160714,0.418521540500439,0.2225909264209782,0.4505814773274696,0.4093941461116416,0.2802910363691455,0.0735133384633748,0.2842110215455435,0.2029941573773744,0.0,0.0322197509963413,0.0,0.0341264607300597,0.0,0.0,0.2267208505122788,0.0,0.0516075903142536,0.0,0.0,0.0,0.0,0.388955012949281,0.0,0.1626174271761686,0.5220440015061829,0.3509072717364132,0.4224358693319449,0.3901953042937835,0.0,0.3604376367303327,0.0,0.421459364302188,0.0,0.3009947865447678,0.0,0.0,0.0,0.2492168242521853,0.3671860615649681,0.2105501954967507,0.2249292513100897,0.4945064558884058,0.0,0.0,0.1369128405200665,0.3688845353896518,0.1889380802894762,0.3385777674771477,0.0,0.1531961769592953
0.0,0.1602477827432449,0.3051894129130817,0.1332790696847761,0.0,0.3115013999643357,0.0,0.4007799446060399,0.4298829540064107,0.3191487513360719,0.4995544006986422,0.1920169908308726,0.5113733090018718,0.0,0.0,0.4059331948644102,0.3732485646289155,0.2787660057246868,0.1028481869555716,0.1590744840847978,0.0,0.3721858323650163,0.3318637689612208,0.0,0.1606526203913,0.2208289933708939,0.2785849226999271,0.435773544152545,0.4426175108764804,0.0,0.4865885712446742,0.1128325879708984,0.2382870983682192,0.3335507493217378,0.0,0.0058594603175983,0.1000418350643,0.0,0.0,0.0,0.0,0.0,0.1447916748742669,0.0,0.0,0.0,0.0,0.0,0.0,0.0,0.2579087843028902,0.0,0.0,0.0,0.0,0.0,0.0,0.0,0.0,0.0,0.0,0.0,0.0,0.0,0.0,0.0,0.0,0.2786085003963804,0.0,0.0,0.0,0.2088364356545932,0.0,0.0,0.0,0.0
0.2973185398522188,0.3569146207045215,0.1848265994272215,0.1090041819434526,0.0,0.3769289759134234,0.4007799446060399,0.0,0.2428002581081955,0.2517010147363219,0.3227066841982544,0.0,0.4626645037827603,0.0747345053397477,0.0061142787302629,0.3531536403444966,0.0,0.2818736075918213,0.0,0.0191811854939272,0.3625210783311182,0.2519695591780289,0.5441425469488688,0.0,0.299266165828449,0.244171183247054,0.0745935291635421,0.154152170906567,0.3234033048868902,0.3800687703089321,0.4405059025234492,0.2350665025983912,0.3227748458976208,0.3127626795384707,0.0,0.0668002898026428,0.0620062401004508,0.0,0.0,0.0,0.0308377427743459,0.0,0.2243789836802462,0.0,0.0,0.0,0.0,0.0939048378990848,0.0,0.0,0.4123719545365714,0.3505706167392735,0.5402852222303689,0.3456206205093747,0.0,0.3556403059175142,0.0,0.3456417400737894,0.2227542176389449,-0.0121281898529263,0.0,0.0,0.0,0.0281871330336945,0.0857675747041374,0.2426640335013462,0.0,0.3879324794766588,0.0,0.0,0.0,0.0656846763201344,0.0,0.1419117677007225,0.0,0.0
0.0,0.0611283104300215,0.5108706716632457,0.0,0.2098565624245389,0.4222439774481357,0.4298829540064107,0.2428002581081955,0.0,0.1060594237056678,0.5725543345870415,0.2370340024047367,0.3074040162361993,0.2104147950474961,0.0,0.2397499918399788,0.0,0.0,0.4321690975107727,0.3797940576867781,0.0,0.3944898956689553,0.3767480259908756,0.0,0.1304088883129008,0.2357621007846197,0.5545447380184079,0.3095109667876043,0.4356641868943331,0.3790891485956161,0.2685505206312845,0.0,0.2226340781363426,0.1742889544566112,0.0,0.0,0.0,0.0331386087472707,0.0,0.0,0.0,0.0,0.0,0.0,0.0,0.0,0.0,0.4978825255192809,0.0,0.2972481822275442,0.4251615856251203,0.5103535281274779,0.3673603592780042,0.6255415747080357,0.0,0.5544227272413047,0.0,0.3960464015723938,0.2444364405052175,0.0,0.0,0.0,0.0,0.37746536426028,0.0,0.0,0.0,0.4616258920692376,0.0,0.0,0.0,0.5494905647535702,0.0,0.0,0.0,0.0
0.1603467129917579,0.0,0.0258838375606438,0.0,0.0,0.0661815663127828,0.3191487513360719,0.2517010147363219,0.1060594237056678,0.0,0.1844766770497724,0.3369013596992579,0.2643515970946801,0.155177127998313,0.0,0.1595546040054085,0.4326829436584372,0.2986330626369034,0.0,0.0,0.2533982726440852,0.0553720480773858,0.1831980929712617,0.1588808626402749,0.2939236842192521,0.3927383905077907,0.0,0.2133846634748381,0.0,0.0,0.2901833577381966,0.1317349917223067,0.0432570944551475,0.1591168909800746,0.0,0.2105491587428723,0.274062642320962,0.0,0.0,0.0894779190544943,0.0,0.0,0.0,0.0,0.0,0.1527659808240722,0.0,0.0,0.0,0.0,0.0,0.0,0.0,0.0,0.4620186502984179,0.0,0.3192921972925671,0.0863633239069919,0.0,0.0,0.0815950167383432,0.3242478841982636,0.1773499424512211,0.0,0.0,0.0,0.0,0.0,0.147141049952009,0.2986719240070399,0.2765688152022937,0.0,0.0,0.0,0.0,0.0
0.0,0.0,0.5755728392859213,0.0,0.1803773286722318,0.360587543616947,0.4995544006986422,0.3227066841982544,0.5725543345870415,0.1844766770497724,0.0,0.3049425799608526,0.3266571755647933,0.1731685620096018,0.0,0.0,0.0,0.0,0.4702655519019186,0.0,0.0,0.0,0.3660473510280684,0.0,0.0,0.0,0.5097901745850653,0.3875561864693573,0.0,0.0,0.3149905195982316,0.0,0.1441687891435988,0.2456971296724844,0.0,0.0,0.0,0.0,0.0,0.0,0.0,0.0,0.0,0.0,0.0,0.0,0.0,0.4885300769052568,0.0,0.2451719995388334,0.3693670151943078,0.5029846426037892,0.4020948727912376,0.5913154854494551,0.0,0.6144826715296077,0.0,0.3322417794723424,0.3447367342165636,0.0,0.0,0.0,0.0,0.4470675492201509,0.0,0.0,0.0,0.3925065352209485,0.0,0.0,0.0,0.4793700323203217,0.0,0.0,0.0,0.0
0.0,0.0,0.0,0.0,0.0349684529590832,0.2300135798231723,0.1920169908308726,0.0,0.2370340024047367,0.3369013596992579,0.3049425799608526,0.0,0.1951359483313986,0.0,0.0,0.0,0.1872315935729734,0.0,0.0,0.0,0.0787752886862019,0.0,0.3229902346047517,0.3554799787406689,0.0,0.3535415624906464,0.0,0.2687098737358452,0.0,0.0,0.1605706208069399,0.0,0.0,0.0861893034680559,0.0,0.191832421278158,0.0914874112952896,0.0,0.0,0.0439692008855439,0.114863123450486,0.0,0.0,0.0,0.0,0.0,0.0,0.0,0.0,0.0,0.0,0.0,0.0,0.0,0.1760354897952323,0.0,0.3821204119124348,0.0,0.0,0.0,0.0,0.0953593324642516,0.0,0.0,0.0,0.0,0.0,0.0,0.3240212370560177,0.0270579813041274,0.2369465554581669,0.0,0.0,0.0,0.0,0.0216153218819729
0.0,0.3535744351156019,0.1796049284668174,0.2193950006077032,0.0,0.3240154350718531,0.5113733090018718,0.4626645037827603,0.3074040162361993,0.2643515970946801,0.3266571755647933,0.1951359483313986,0.0,0.0,0.1607462736175847,0.4433496387361869,0.3891804090452362,0.3767229529655969,0.0,0.208564711934713,0.4145986098892018,0.4284087203246559,0.3916657464962548,0.0,0.2876059679660858,0.2716349850339838,0.1781558661652185,0.4007246258353382,0.4630862732093704,0.4846241629568693,0.6008608054516155,0.325420766146026,0.28745313040493,0.3682248753973294,0.0,0.1881261508293235,0.246774896712129,0.0,0.0,0.0,0.1147932052950718,0.0,0.2945227263040934,0.0,0.0,0.0,0.0,0.0154234852108402,0.0,0.0,0.3201318812932318,0.0,0.3599910269959917,0.0,0.0,0.0,0.0,0.0,0.0,0.0,0.0,0.0,0.0,0.0,0.2235162675731654,0.0,0.0,0.2828381392475587,0.0,0.0,0.0,0.1346192802564781,0.0,0.2633151754021757,0.0,0.0
0.0,0.0,0.2021815572946668,0.0,0.0978199658659316,0.1323737261648891,0.0,0.0747345053397477,0.2104147950474961,0.155177127998313,0.1731685620096018,0.0,0.0,0.0,0.0,0.0,0.0,0.0,0.203456341774713,0.0,0.0,0.0,0.1969613750691805,0.0,0.0,0.0,0.1823187219713636,0.0,0.0,0.0,0.0,0.0,0.0,0.0,0.0,0.0765324162094476,0.0,0.0,0.0,0.0,0.0,0.0,0.0,0.0,0.0,0.0,0.0,0.1162184924349862,0.0,0.0,0.0,0.0,0.0,0.1542518175079247,0.0,0.0630323902854856,0.0,0.0,0.0,0.0,0.0,0.0,0.0,0.185827464654133,0.0,0.0,0.0,0.1826372789874719,0.0,0.0,0.0,0.203236468257629,0.0,0.0,0.0,0.0
0.2229911155423084,0.1110046619423202,0.0,0.0,0.0,0.2351170071219976,0.0,0.0061142787302629,0.0,0.0,0.0,0.0,0.1607462736175847,0.0,0.0,0.0379918313238417,0.0,0.0,0.0,0.537808183552547,0.0217962444862538,0.4224877418281919,0.1430711878082566,0.0696322056409084,0.1103005014435609,0.1559835095449321,0.442643487308784,0.1753080215209684,0.2543009728972988,0.3647240874097915,0.1658827260198531,0.0,0.0,0.0,0.0,0.164143192714895,0.0,0.0,0.0,0.0,0.1470118742916188,0.0,0.0,0.0,0.0,0.1583290491308696,0.1158301513459095,0.0,0.0,0.0,0.2053215340613547,0.0,0.0209401161367479,0.0,0.0,0.0,0.0,0.0,0.0,0.5715711713483277,0.1645555252083058,0.0,0.0,0.0,0.4449883886641348,0.0,0.4376542754432915,0.1558563070541936,0.0,0.063626207166432,0.0952544974662472,0.4428425885201548,0.2003701409371342,0.2736234432271366,0.0,0.2086594612941488
0.4929116401422581,0.2469466698031334,0.0,0.0,0.0,0.2799268081146793,0.4059331948644102,0.3531536403444966,0.2397499918399788,0.1595546040054085,0.0,0.0,0.4433496387361869,0.0,0.0379918313238417,0.0,0.4030583814903383,0.5114510566057422,0.0,0.089751627645252,0.4669506824166948,0.4559720895110831,0.273683999273845,0.0,0.3657638549745775,0.1778711907356095,0.2000407546619927,0.3157623362266181,0.4683559782039874,0.4008723015564512,0.5162517769606122,0.2625710969109096,0.3858207067214947,0.4352172826653332,0.0,0.0,0.0,0.0,0.0724805648401527,0.3530351496612702,0.1594159328970079,0.0,0.0,0.0,0.0,0.4629772243671023,0.2137870502271415,0.0,0.0,0.0,0.0,0.0,0.0,0.0,0.0,0.0,0.0,0.0,0.0,0.0183366643909366,0.4104693035867759,0.0,0.3119562067048206,0.0,0.1679530786229222,0.3036135558506733,0.1136047805507612,0.0,0.0,0.3766069053280076,0.2657631350573913,0.1472252446481068,0.0,0.0,0.0,0.1044348949915851
0.3001545906505691,0.0,0.0,0.0,0.0,0.0,0.3732485646289155,0.0,0.0,0.4326829436584372,0.0,0.1872315935729734,0.3891804090452362,0.0,0.0,0.4030583814903383,0.0,0.4054429262952158,0.0,0.0352736557585411,0.0,0.2123869160173406,0.0,0.0295615282537929,0.2612954845449316,0.3930621314208559,0.0,0.3291119077163062,0.2180758287059929,0.0,0.3926512849978938,0.2291627051014821,0.2307281682386088,0.2965624291093098,0.0,0.0,0.0,0.0,0.0462825025261081,0.2318139117703343,0.0472570506203566,0.0,0.0,0.0,0.0,0.0,0.0,0.0,0.0,0.0,0.0,0.0,0.0,0.0,0.4190354279077296,0.0,0.2087505368151131,0.0,0.0,0.0,0.0,0.3896025069145863,0.256720261855405,0.0,0.0,0.0,0.0,0.0,0.04379942414196,0.2670700408828031,0.2559176461366457,0.0,0.0,0.0,0.0,0.0
0.3918285771515877,0.2931390250918569,0.0,0.0,0.0,0.1715061473972062,0.2787660057246868,0.2818736075918213,0.0,0.2986330626369034,0.0,0.0,0.3767229529655969,0.0,0.0,0.5114510566057422,0.4054429262952158,0.0,0.0,0.0,0.4586820060822494,0.2843741207900669,0.1911339671703914,0.0,0.4328406319779122,0.1889155579491312,0.0219414770500927,0.2106194061893109,0.3565229751505754,0.3095645604113124,0.4815730012506162,0.3901733187820103,0.2888125458861587,0.3987524441114951,0.0,0.0,0.0,0.0,0.1525353699654377,0.2939088171221715,0.1021740554182531,0.0,0.0,0.0,0.0,0.380566960186702,0.2300932861458575,0.0,0.0,0.0,0.0,0.0,0.0,0.0,0.3944533068208202,0.0,0.0226269852148925,0.0,0.0,0.0,0.3749874932228889,0.3843359613941384,0.3954287052016628,0.0,0.0,0.0,0.0344425570568924,0.0,0.0,0.4160843336698088,0.2513394831196159,0.0,0.0,0.0,0.0,0.0341223000456991
0.0,0.0,0.5512446208765737,0.0,0.3887672416833475,0.2448134999813755,0.1028481869555716,0.0,0.4321690975107727,0.0,0.4702655519019186,0.0,0.0,0.203456341774713,0.0,0.0,0.0,0.0,0.0,0.0,0.0,0.0,0.1381088431655562,0.0,0.0,0.0,0.5375358711955043,0.221849644904845,0.0,0.0,0.0,0.0,0.0,0.048171119155301,0.0692511143725366,0.0,0.0,0.0536575070564826,0.0,0.0,0.0,0.0,0.0,0.0,0.0,0.0,0.0,0.5535835950515187,0.0,0.3551235608129718,0.2111076115412922,0.2271551345244116,0.1258677833013072,0.378508732930646,0.0,0.3551666063822971,0.0,0.0,0.1644647579700337,0.0,0.0,0.0,0.0,0.5979092301294299,0.0,0.0,0.0,0.2481377371736265,0.0,0.0,0.0,0.5196717219018857,0.0,0.0,0.0,0.0
0.2149618240307665,0.1201333230913792,0.0,0.0,0.2216461816477046,0.3242679832517662,0.1590744840847978,0.0191811854939272,0.3797940576867781,0.0,0.0,0.0,0.208564711934713,0.0,0.537808183552547,0.089751627645252,0.0352736557585411,0.0,0.0,0.0,0.0524776560295635,0.5108770392907634,0.137846660052097,0.0,0.0390513381502243,0.198657899608089,0.5442680600459929,0.3622536478056957,0.3045298662718008,0.4277799414587017,0.247208282710757,0.0,0.0,0.0648072081332014,0.0,0.1616737701840054,0.0220584661012311,0.0,0.0,0.0,0.1700846677265589,0.0,0.0,0.0,0.0,0.0,0.1080580083725031,0.0,0.0,0.0,0.1762226767340151,0.0,0.0711611012212781,0.0,0.0,0.0,0.0,0.154140852369264,0.0,0.5198902140639013,0.0,0.0,0.0,0.0,0.5480475719816384,0.0,0.5043110621159247,0.1746787903983197,0.0,0.0,0.0492765033642697,0.4801062023992776,0.2888971028221291,0.2109246432932727,0.0,0.2400849308792519
0.3935374990699746,0.3512707729286363,0.0,0.0,0.0,0.3180743391534403,0.0,0.3625210783311182,0.0,0.2533982726440852,0.0,0.0787752886862019,0.4145986098892018,0.0,0.0217962444862538,0.4669506824166948,0.0,0.4586820060822494,0.0,0.0524776560295635,0.0,0.3493554615599862,0.327362011712396,0.0,0.39911415232453,0.2777193793269539,0.0964154635948966,0.209842406899566,0.3879014414842519,0.3175961663058505,0.4384969632363908,0.3670878691179535,0.3687223828004228,0.3630085716669086,0.0,0.014670996963524,0.0,0.0,0.1927656192521116,0.4497004819398014,0.1738259136786108,0.0,0.0,0.0,0.0,0.4155476819575255,0.3604787083712782,0.0,0.0,0.0,0.2900552247804676,0.0,0.2667000271297008,0.0,0.0,0.0,0.0,0.0,0.0,0.0555470012376068,0.3632060267794181,0.0,0.0,0.0,0.1580382819377764,0.4174208895008456,0.1430585752102326,0.2334480729147819,0.0,0.4680612940458196,0.3486357594556997,0.0807122306807821,0.0,0.2965220994477418,0.0,0.1128050284316978
0.4634535927012775,0.2492272334067801,0.0,0.0352360279382754,0.0,0.3710903118625142,0.3721858323650163,0.2519695591780289,0.3944898956689553,0.0553720480773858,0.0,0.0,0.4284087203246559,0.0,0.4224877418281919,0.4559720895110831,0.2123869160173406,0.2843741207900669,0.0,0.5108770392907634,0.3493554615599862,0.0,0.2765659975916211,0.0,0.2628701974887268,0.2133587837215354,0.4546233851927118,0.3937056540335862,0.540339677601565,0.5470684105430843,0.5239435846399405,0.1028128952451394,0.1887165946933115,0.3566835300328875,0.0,0.0850127985185154,0.0547459660995599,0.0,0.0,0.2399347633233448,0.1908493791023444,0.0,0.0,0.0,0.0,0.4034470002034975,0.2773871021874386,0.0,0.0,0.0,0.2968352264436319,0.0,0.0,0.0,0.0,0.0,0.0,0.0,0.0,0.3942320324039913,0.4133512307288891,0.0,0.2053880310179816,0.0,0.4707437004896853,0.2171320610477174,0.4339904584249789,0.2553345189915309,0.0,0.3034759977223586,0.2429877407708603,0.3965264362327248,0.170892914922052,0.411484926478633,0.0,0.2108475753685258
0.3256935798951145,0.333874914156304,0.3162884884863435,0.0,0.0,0.5093040217483111,0.3318637689612208,0.5441425469488688,0.3767480259908756,0.1831980929712617,0.3660473510280684,0.3229902346047517,0.3916657464962548,0.1969613750691805,0.1430711878082566,0.273683999273845,0.0,0.1911339671703914,0.1381088431655562,0.137846660052097,0.327362011712396,0.2765659975916211,0.0,0.0288133871523747,0.3128314195695449,0.2684581744217425,0.240607676064251,0.1373878367674083,0.3587337421361575,0.3901026865677803,0.339605851710042,0.1388081304887368,0.3235614242535231,0.231401205939088,0.0,0.0235408264772769,0.0,0.0,0.0,0.2988089812161282,0.1216720415466363,0.0,0.0972172036756394,0.0,0.0,0.0,0.388593076307305,0.2637937030520607,0.0,0.0157510685013924,0.5469584503207606,0.3850018495353525,0.5725289927087991,0.4223432315356631,0.0,0.3706968205733366,0.0,0.3891720135313773,0.225154087153656,0.1647951990265372,0.0,0.0,0.0,0.1565603843632064,0.2457840802726052,0.2833915393631242,0.1039727912989098,0.5697333826541869,0.0,0.0,0.3592599716754949,0.2800422145306163,0.0,0.2580790488107046,0.0877076891660351,0.0
0.0,0.0,0.0,0.0,0.0,0.0,0.0,0.0,0.0,0.1588808626402749,0.0,0.3554799787406689,0.0,0.0,0.0696322056409084,0.0,0.0295615282537929,0.0,0.0,0.0,0.0,0.0,0.0288133871523747,0.0,0.0,0.198907108877675,0.0606050252295919,0.0570502070667672,0.0,0.0,0.0,0.0,0.0,0.0,0.1686204100310329,0.1422139962741314,0.0440873805912426,0.080838131046637,0.1071554684032161,0.0,0.1767215935627995,0.2885575606640829,0.0,0.0,0.210068333857773,0.0,0.0,0.0,0.0,0.0,0.0,0.0,0.0,0.0,0.0,0.0,0.2285996711846012,0.0,0.0,0.0,0.0,0.0,0.0,0.0,0.0,0.0,0.0,0.0,0.5357769010778525,0.0,0.0480665597183328,0.0,0.1619230648674119,0.0,0.0,0.2373048003994717
0.4456449225238309,0.4655966720194141,0.0,0.0,0.0,0.2836433001657758,0.1606526203913,0.299266165828449,0.1304088883129008,0.2939236842192521,0.0,0.0,0.2876059679660858,0.0,0.1103005014435609,0.3657638549745775,0.2612954845449316,0.4328406319779122,0.0,0.0390513381502243,0.39911415232453,0.2628701974887268,0.3128314195695449,0.0,0.0,0.2521557620960645,0.0954740643418073,0.0,0.373755983483669,0.0,0.3276629580544322,0.2478445238502001,0.2682948538672219,0.2292091997129681,0.0,0.0,0.0,0.0,0.0723997054142042,0.2615519413897366,0.0,0.0,0.0,0.0,0.0,0.4301118708004089,0.3003093603965899,0.0,0.0,0.0,0.0,0.0,0.0,0.0,0.4168639754041867,0.0,0.0,0.0,0.0,0.060178148522044,0.2787232163543657,0.3913368027995209,0.3352340819210261,0.0,0.0,0.3592155379609732,0.0,0.0,0.0,0.5173140844891649,0.2777113717636517,0.0,0.0,0.312712096798222,0.0,0.0
0.2571959713047683,0.34319449966956,0.0,0.0,0.0,0.1384025635160714,0.2208289933708939,0.244171183247054,0.2357621007846197,0.3927383905077907,0.0,0.3535415624906464,0.2716349850339838,0.0,0.1559835095449321,0.1778711907356095,0.3930621314208559,0.1889155579491312,0.0,0.198657899608089,0.2777193793269539,0.2133587837215354,0.2684581744217425,0.198907108877675,0.2521557620960645,0.0,0.1996263495073958,0.2215758437273598,0.1641240298739086,0.0,0.2438177908232652,0.0468664057117996,0.1368316362903674,0.124962488157964,0.0,0.0355507965442176,0.0,0.0,0.0,0.1496459738026173,0.0,0.0,0.0,0.0,0.0,0.1578678304720118,0.3695690140649041,0.0,0.0,0.0,0.1050917418070028,0.0,0.0,0.0,0.3667220447821439,0.0,0.2459549005433157,0.0,0.0,0.1777543859359782,0.16667582128527,0.2866413422737778,0.161344373087056,0.0,0.1937969183993844,0.0496353282703414,0.2268360863026313,0.1244675583517646,0.2098755609550028,0.2565309566702102,0.4201158288127925,0.1357007595460107,0.0,0.0,0.0,0.0
0.2899810583400417,0.0,0.5977805975330783,0.0,0.3257806963533374,0.418521540500439,0.2785849226999271,0.0745935291635421,0.5545447380184079,0.0,0.5097901745850653,0.0,0.1781558661652185,0.1823187219713636,0.442643487308784,0.2000407546619927,0.0,0.0219414770500927,0.5375358711955043,0.5442680600459929,0.0964154635948966,0.4546233851927118,0.240607676064251,0.0606050252295919,0.0954740643418073,0.1996263495073958,0.0,0.3488357628042209,0.3734309873306108,0.3908314920348832,0.1917063064923518,0.0,0.0878333329001859,0.0915438968820786,0.0,0.0,0.0,0.0,0.0,0.089755376496384,0.2613560073994064,0.0358639510619863,0.0,0.0,0.0,0.0,0.0761238298897693,0.5316023669178396,0.0,0.2961499579387195,0.3061619397561443,0.3796135704158477,0.1933558859131804,0.4895187872143711,0.0,0.4402975534817441,0.0,0.2109935496941242,0.1587148098378374,0.4610950724848246,0.0,0.0,0.0,0.4556893909322723,0.5688972732445493,0.0,0.4911327822074286,0.3145115629395124,0.0,0.0,0.1205006808150877,0.6135463712056469,0.3271769268362085,0.3528101842827916,0.2144838848688336,0.3076181622722523
0.2030915726726267,0.0527661448002933,0.3384702947444297,0.0744212959577479,0.1326422511552382,0.2225909264209782,0.435773544152545,0.154152170906567,0.3095109667876043,0.2133846634748381,0.3875561864693573,0.2687098737358452,0.4007246258353382,0.0,0.1753080215209684,0.3157623362266181,0.3291119077163062,0.2106194061893109,0.221849644904845,0.3622536478056957,0.209842406899566,0.3937056540335862,0.1373878367674083,0.0570502070667672,0.0,0.2215758437273598,0.3488357628042209,0.0,0.2624831520542532,0.3774303283428613,0.4083078973040069,0.0778844372920516,0.0666117720822446,0.3191848515509125,0.0,0.1713655587453777,0.2630950583725269,0.0,0.0,0.2193485887278751,0.2482451998076555,0.0,0.1620495623146037,0.0,0.0,0.0,0.0,0.2085784353044136,0.0,0.0,0.1109763298379091,0.0,0.1453666793098207,0.0,0.0,0.0,0.0419174125303061,0.0,0.0,0.2027720259654657,0.0,0.0,0.0,0.0,0.3751621673112261,0.0,0.3392286459234994,0.1298699013001369,0.0,0.0,0.0,0.2287007046349941,0.2103772127974983,0.1382738770651693,0.0,0.258395237905742
0.5237455290650112,0.2593647048945111,0.2830742157661772,0.0,0.0,0.4505814773274696,0.4426175108764804,0.3234033048868902,0.4356641868943331,0.0,0.0,0.0,0.4630862732093704,0.0,0.2543009728972988,0.4683559782039874,0.2180758287059929,0.3565229751505754,0.0,0.3045298662718008,0.3879014414842519,0.540339677601565,0.3587337421361575,0.0,0.373755983483669,0.1641240298739086,0.3734309873306108,0.2624831520542532,0.0,0.5067342239470858,0.5113343411721811,0.1335512739478832,0.3275676267357282,0.2756880652964897,0.0,0.016689497224554,0.0,0.0,0.0,0.0,0.1166701541223678,0.0,0.0921590415573877,0.0,0.0,0.0,0.3310825249720042,0.0,0.0,0.0,0.3902424232228669,0.0,0.2998389896802008,0.0,0.0,0.0,0.0,0.4270784127962733,0.0,0.2608161482514848,0.0,0.0,0.0,0.0,0.3397033942371758,0.3611689375444249,0.2767397877392122,0.3409306026566468,0.0,0.0,0.2484378196769858,0.3752567464315425,0.0073330160825164,0.5357000590401485,0.0333774098451439,0.0723614437498533
0.0,0.0,0.3542075994345264,0.0,0.0,0.4093941461116416,0.0,0.3800687703089321,0.3790891485956161,0.0,0.0,0.0,0.4846241629568693,0.0,0.3647240874097915,0.4008723015564512,0.0,0.3095645604113124,0.0,0.4277799414587017,0.3175961663058505,0.5470684105430843,0.3901026865677803,0.0,0.0,0.0,0.3908314920348832,0.3774303283428613,0.5067342239470858,0.0,0.5099315252276344,0.1585229493764281,0.2047172002704889,0.2846062641911766,0.0,0.0,0.0,0.0,0.0,0.0,0.0,0.0,0.0,0.0,0.0,0.0,0.0,0.0,0.0,0.0,0.3695588018106944,0.0,0.0,0.0,0.0,0.0,0.0,0.0,0.0,0.0,0.0,0.0,0.0,0.0,0.3998570622562977,0.0,0.0,0.3312715319264987,0.0,0.0,0.0,0.3493506835740219,0.0,0.3419199877924792,0.0,0.0
0.4784574426034587,0.3487231234734841,0.1832589369884918,0.1864763492346939,0.0,0.2802910363691455,0.4865885712446742,0.4405059025234492,0.2685505206312845,0.2901833577381966,0.3149905195982316,0.1605706208069399,0.6008608054516155,0.0,0.1658827260198531,0.5162517769606122,0.3926512849978938,0.4815730012506162,0.0,0.247208282710757,0.4384969632363908,0.5239435846399405,0.339605851710042,0.0,0.3276629580544322,0.2438177908232652,0.1917063064923518,0.4083078973040069,0.5113343411721811,0.5099315252276344,0.0,0.3223198551209069,0.2572170939525002,0.4025601951037844,0.0,0.1881007245140251,0.2912245234140027,0.0,0.0,0.3544535109237896,0.0976057843029809,0.0,0.0,0.0,0.0,0.452888003275618,0.4454420149104335,0.0,0.0,0.0,0.3005655604340982,0.0,0.3337953786526513,0.0,0.4650130619726697,0.0,0.0762556809440588,0.0,0.0,0.1214822745445556,0.3785894692002343,0.4605606191869053,0.2540107623702928,0.0,0.2423765930366291,0.3284377402305867,0.1922222339346707,0.242076214720872,0.0,0.4676635687693253,0.3298480951848899,0.1700159454213367,0.0,0.338105896030012,0.0,0.0280195262007772
0.1613985245106673,0.2896859872081514,0.0,0.2856968795432115,0.0,0.0735133384633748,0.1128325879708984,0.2350665025983912,0.0,0.1317349917223067,0.0,0.0,0.325420766146026,0.0,0.0,0.2625710969109096,0.2291627051014821,0.3901733187820103,0.0,0.0,0.3670878691179535,0.1028128952451394,0.1388081304887368,0.0,0.2478445238502001,0.0468664057117996,0.0,0.0778844372920516,0.1335512739478832,0.1585229493764281,0.3223198551209069,0.0,0.2754966561694996,0.2572029847578371,0.0,0.1899458288752313,0.3676650372494029,0.035800156191538,0.4631697126621805,0.364886459098639,0.0849297628694999,0.0,0.4844595733570699,0.3738073700644483,0.0,0.1991854889301701,0.2621893305357479,0.0,0.0,0.0,0.0976379375771341,0.0424305912306904,0.114031318576806,0.0,0.2826923383900819,0.0,0.0640625433384325,0.2176456550908225,0.0,0.0,0.1751396307711657,0.3151574287869489,0.2507150635378413,0.0,0.0,0.3540922882735429,0.0,0.0613244230359505,0.0456112318024027,0.3005137511764185,0.1447722163250434,0.0,0.0,0.0774309414064868,0.0,0.0
0.3760735212064489,0.1850591405437554,0.0,0.0,0.0,0.2842110215455435,0.2382870983682192,0.3227748458976208,0.2226340781363426,0.0432570944551475,0.1441687891435988,0.0,0.28745313040493,0.0,0.0,0.3858207067214947,0.2307281682386088,0.2888125458861587,0.0,0.0,0.3687223828004228,0.1887165946933115,0.3235614242535231,0.0,0.2682948538672219,0.1368316362903674,0.0878333329001859,0.0666117720822446,0.3275676267357282,0.2047172002704889,0.2572170939525002,0.2754966561694996,0.0,0.3010384612333727,0.0,0.0,0.0,0.1146075116053463,0.186311528693806,0.474551976357558,0.1981174938881425,0.0,0.0,0.0,0.0045205838234279,0.4403103979138188,0.248044636453101,0.0,0.0,0.0,0.0,0.0,0.0,0.0,0.3015046294777433,0.0,0.0,0.0,0.0,0.0,0.3991673688595002,0.364040077376269,0.3428372279576772,0.0,0.1175692367803481,0.3647659719804875,0.0532956390583532,0.3474396597242145,0.0301285679406328,0.3950523960787282,0.3374442434721126,0.114825460740464,0.0237576632107586,0.3647532832898101,0.0,0.0945984116725393
0.3341844585460258,0.1604597525137805,0.1131453724245357,0.2287148353963112,0.0,0.2029941573773744,0.3335507493217378,0.3127626795384707,0.1742889544566112,0.1591168909800746,0.2456971296724844,0.0861893034680559,0.3682248753973294,0.0,0.0,0.4352172826653332,0.2965624291093098,0.3987524441114951,0.048171119155301,0.0648072081332014,0.3630085716669086,0.3566835300328875,0.231401205939088,0.0,0.2292091997129681,0.124962488157964,0.0915438968820786,0.3191848515509125,0.2756880652964897,0.2846062641911766,0.4025601951037844,0.2572029847578371,0.3010384612333727,0.0,0.0,0.0306484480326242,0.1685255797305144,0.0459154775598694,0.1494758898989896,0.3378762182286806,0.3075734658823902,0.0,0.2861585997365468,0.1853490236193537,0.0,0.2865450213416962,0.2112277981609562,0.0,0.0,0.0,0.3046797039334156,0.0,0.2767212850742807,0.0,0.2575913645052712,0.0,0.0082855351434151,0.3308315023746396,0.0,0.0463011424923685,0.3266028351928008,0.3249689307360374,0.2834275232850795,0.0,0.1947970553393321,0.2931824883161103,0.1356728677471835,0.2226783896786993,0.0,0.2889924176615444,0.3079898704520158,0.1321487848355149,0.1448416255564686,0.3132672172795757,0.0,0.2427193293838296
0.0,0.0,0.0,0.0,0.2235055272786894,0.0,0.0,0.0,0.0,0.0,0.0,0.0,0.0,0.0,0.0,0.0,0.0,0.0,0.0692511143725366,0.0,0.0,0.0,0.0,0.1686204100310329,0.0,0.0,0.0,0.0,0.0,0.0,0.0,0.0,0.0,0.0,0.0,0.0,0.0,0.2319259672190772,0.2412283740880886,0.0,0.1409043748218439,0.3341291838125266,0.0,0.0824455157916869,0.2454704574822313,0.0,0.0,0.0,0.0,0.0,0.0,0.0,0.0,0.0,0.0,0.0,0.0,0.0,0.0,0.0,0.0,0.0,0.0080210485277899,0.0,0.0,0.0,0.0,0.0,0.0,0.0,0.0,0.0,0.2169357649198127,0.0,0.0,0.0
0.0,0.0,0.0,0.0602629414504808,0.0,0.0322197509963413,0.0058594603175983,0.0668002898026428,0.0,0.2105491587428723,0.0,0.191832421278158,0.1881261508293235,0.0765324162094476,0.164143192714895,0.0,0.0,0.0,0.0,0.1616737701840054,0.014670996963524,0.0850127985185154,0.0235408264772769,0.1422139962741314,0.0,0.0355507965442176,0.0,0.1713655587453777,0.016689497224554,0.0,0.1881007245140251,0.1899458288752313,0.0,0.0306484480326242,0.0,0.0,0.3807637142496587,0.0,0.0370011585548683,0.0,0.0326494829158046,0.0,0.2304593547294157,0.1733292457136369,0.0,0.0,0.0,0.0,0.0,0.0,0.0,0.0,0.0,0.0,0.0,0.0,0.0901398438417106,0.0379100299861211,0.1180750370587527,0.0,0.0,0.0,0.0,0.0189819757416946,0.0162691481895208,0.0,0.045941431693814,0.0,0.0,0.0,0.0,0.0,0.0,0.0,0.0,0.0
0.0,0.0,0.0,0.255132450847995,0.0,0.0,0.1000418350643,0.0620062401004508,0.0,0.274062642320962,0.0,0.0914874112952896,0.246774896712129,0.0,0.0,0.0,0.0,0.0,0.0,0.0220584661012311,0.0,0.0547459660995599,0.0,0.0440873805912426,0.0,0.0,0.0,0.2630950583725269,0.0,0.0,0.2912245234140027,0.3676650372494029,0.0,0.1685255797305144,0.0,0.3807637142496587,0.0,0.0,0.2449724554595045,0.1026652700135709,0.0301900522436998,0.0,0.3580724136684792,0.2686190648780868,0.0,0.0,0.0,0.0,0.0,0.0,0.0,0.0,0.0,0.0,0.0,0.0,0.0702573832391009,0.0,0.0,0.0,0.0,0.0,0.0,0.0,0.0,0.0,0.0,0.0,0.0,0.0,0.0,0.0,0.0,0.0,0.0,0.0
0.0,0.0,0.0,0.0,0.1796856949082074,0.0341264607300597,0.0,0.0,0.0331386087472707,0.0,0.0,0.0,0.0,0.0,0.0,0.0,0.0,0.0,0.0536575070564826,0.0,0.0,0.0,0.0,0.080838131046637,0.0,0.0,0.0,0.0,0.0,0.0,0.0,0.035800156191538,0.1146075116053463,0.0459154775598694,0.2319259672190772,0.0,0.0,0.0,0.2087608941511825,0.0696547310614444,0.1288999061408126,0.1424224526037351,0.0,0.0,0.2271169885453472,0.0,0.0,0.0,0.0,0.0,0.0,0.0,0.0,0.0,0.0,0.0,0.0,0.0,0.0,0.0,0.0,0.0,0.0,0.0,0.0,0.0,0.0,0.0,0.1547475059933976,0.0,0.0,0.0,0.0,0.0,0.0,0.1638821215721339
0.0,0.0615894158313462,0.0,0.0,0.0,0.0,0.0,0.0,0.0,0.0,0.0,0.0,0.0,0.0,0.0,0.0724805648401527,0.0462825025261081,0.1525353699654377,0.0,0.0,0.1927656192521116,0.0,0.0,0.1071554684032161,0.0723997054142042,0.0,0.0,0.0,0.0,0.0,0.0,0.4631697126621805,0.186311528693806,0.1494758898989896,0.2412283740880886,0.0370011585548683,0.2449724554595045,0.2087608941511825,0.0,0.2516716458430471,0.1538186193887279,0.018700238746546,0.3850470448549778,0.4094589136453365,0.1803532386983461,0.0,0.0,0.0,0.1917700014689153,0.0,0.0,0.0,0.0,0.0,0.0073674472178216,0.0,0.0,0.0784535598307054,0.0,0.0,0.0668209978544757,0.0900304311670225,0.1765520578949355,0.0,0.0,0.2212119677203587,0.0,0.0,0.1711611131308884,0.0734892433692674,0.0366467769204077,0.0,0.1221003267401578,0.0,0.0420820074783277,0.1963489740803894
0.3263323939905331,0.1706942419382017,0.0,0.0,0.0,0.0,0.0,0.0,0.0,0.0894779190544943,0.0,0.0439692008855439,0.0,0.0,0.0,0.3530351496612702,0.2318139117703343,0.2939088171221715,0.0,0.0,0.4497004819398014,0.2399347633233448,0.2988089812161282,0.0,0.2615519413897366,0.1496459738026173,0.089755376496384,0.2193485887278751,0.0,0.0,0.3544535109237896,0.364886459098639,0.474551976357558,0.3378762182286806,0.0,0.0,0.1026652700135709,0.0696547310614444,0.2516716458430471,0.0,0.2212792750970074,0.0,0.2521071942434472,0.1520329904558934,0.01647411643014,0.3737312817127274,0.2883491166081557,0.0,0.0,0.0396235134025819,0.2718701614211719,0.3112944411972824,0.3016180752160735,0.25638310348333,0.3276308936771549,0.2274424363868849,0.0,0.2957086778051405,0.0,0.0159214272714166,0.3877296244707402,0.3928396653374624,0.3646425870115991,0.0,0.1409705687839428,0.3912186457967928,0.1174102106986528,0.2634906009903803,0.0590024853392998,0.4074492463040332,0.2859599375483608,0.0558673590955913,0.0342330097509431,0.3362721618304884,0.0328024056035719,0.1614995050021615
0.1429610542262314,0.0,0.0,0.0,0.0,0.2267208505122788,0.0,0.0308377427743459,0.0,0.0,0.0,0.114863123450486,0.1147932052950718,0.0,0.1470118742916188,0.1594159328970079,0.0472570506203566,0.1021740554182531,0.0,0.1700846677265589,0.1738259136786108,0.1908493791023444,0.1216720415466363,0.1767215935627995,0.0,0.0,0.2613560073994064,0.2482451998076555,0.1166701541223678,0.0,0.0976057843029809,0.0849297628694999,0.1981174938881425,0.3075734658823902,0.1409043748218439,0.0326494829158046,0.0301900522436998,0.1288999061408126,0.1538186193887279,0.2212792750970074,0.0,0.0813707876584569,0.1033045061921891,0.1815668576981373,0.1551440976884611,0.0857321191245398,0.0402599362181532,0.329651671148756,0.0784779232013518,0.1817607703949414,0.2256974316325228,0.1361791026227899,0.1118713592236555,0.2134470850102523,0.0,0.2856796825125729,0.0,0.1751279334732007,0.0,0.248885898399754,0.251442780681254,0.0852659304987252,0.2060710293413516,0.2430779008672437,0.2876667558573578,0.0353099302141195,0.2776140039789898,0.1783280880930217,0.1427807098470507,0.0378617641703342,0.0860110121846912,0.2246566307585656,0.3428769320815673,0.2286080952580185,0.2853565150606709,0.4279670299623549
0.0,0.0,0.0,0.0,0.0,0.0,0.0,0.0,0.0,0.0,0.0,0.0,0.0,0.0,0.0,0.0,0.0,0.0,0.0,0.0,0.0,0.0,0.0,0.2885575606640829,0.0,0.0,0.0358639510619863,0.0,0.0,0.0,0.0,0.0,0.0,0.0,0.3341291838125266,0.0,0.0,0.1424224526037351,0.018700238746546,0.0,0.0813707876584569,0.0,0.0,0.0,0.2881791786507017,0.0,0.0,0.2271771291798811,0.3738172205487579,0.2934732663226048,0.0,0.0,0.0,0.0,0.0,0.0,0.0,0.0,0.0,0.0597983617765242,0.0,0.0,0.0,0.2744275293798789,0.0,0.0,0.0091075292822849,0.0,0.1705015713032265,0.0,0.0,0.0291373872951991,0.3574816589261814,0.0,0.1938794203323935,0.1939193318443043
0.0,0.0,0.0,0.0,0.0,0.0516075903142536,0.1447916748742669,0.2243789836802462,0.0,0.0,0.0,0.0,0.2945227263040934,0.0,0.0,0.0,0.0,0.0,0.0,0.0,0.0,0.0,0.0972172036756394,0.0,0.0,0.0,0.0,0.1620495623146037,0.0921590415573877,0.0,0.0,0.4844595733570699,0.0,0.2861585997365468,0.0,0.2304593547294157,0.3580724136684792,0.0,0.3850470448549778,0.2521071942434472,0.1033045061921891,0.0,0.0,0.4641355398835165,0.0,0.0,0.0,0.0,0.0,0.0,0.1219056847838228,0.078622941283675,0.1166746325769037,0.0,0.1452180127768031,0.0163404001095123,0.0,0.2550465141285222,0.0406129421637586,0.0,0.0,0.1656619889902252,0.0,0.0,0.0,0.2750085937478749,0.0,0.0365450421928363,0.0,0.2059641627712325,0.0206746923589158,0.0,0.0387467912310009,0.0735036382404675,0.0,0.0497759813978364
0.0,0.0,0.0,0.0,0.0,0.0,0.0,0.0,0.0,0.0,0.0,0.0,0.0,0.0,0.0,0.0,0.0,0.0,0.0,0.0,0.0,0.0,0.0,0.0,0.0,0.0,0.0,0.0,0.0,0.0,0.0,0.3738073700644483,0.0,0.1853490236193537,0.0824455157916869,0.1733292457136369,0.2686190648780868,0.0,0.4094589136453365,0.1520329904558934,0.1815668576981373,0.0,0.4641355398835165,0.0,0.1145739306036945,0.0,0.0,0.0,0.1728519212081954,0.0,0.0,0.0,0.0,0.0,0.0,0.0,0.0,0.0815595298132169,0.0,0.0,0.0,0.0,0.0,0.0,0.0,0.0,0.0,0.0,0.0,0.0,0.0,0.0,0.2137988793148225,0.0,0.0,0.195380249695982
0.0,0.0,0.0,0.0,0.0,0.0,0.0,0.0,0.0,0.0,0.0,0.0,0.0,0.0,0.0,0.0,0.0,0.0,0.0,0.0,0.0,0.0,0.0,0.210068333857773,0.0,0.0,0.0,0.0,0.0,0.0,0.0,0.0,0.0045205838234279,0.0,0.2454704574822313,0.0,0.0,0.2271169885453472,0.1803532386983461,0.01647411643014,0.1551440976884611,0.2881791786507017,0.0,0.1145739306036945,0.0,0.0,0.0,0.0,0.2876888967467215,0.2636377410347835,0.0,0.0,0.0,0.0,0.0,0.0,0.0,0.0,0.0,0.0,0.0,0.0,0.0,0.0,0.0,0.0,0.0,0.0,0.213498506913496,0.0,0.0,0.0,0.2867333420227597,0.0,0.0,0.2280820351025518
0.5523806861820079,0.2592876281366569,0.0,0.0,0.0,0.0,0.0,0.0,0.0,0.1527659808240722,0.0,0.0,0.0,0.0,0.1583290491308696,0.4629772243671023,0.0,0.380566960186702,0.0,0.0,0.4155476819575255,0.4034470002034975,0.0,0.0,0.4301118708004089,0.1578678304720118,0.0,0.0,0.0,0.0,0.452888003275618,0.1991854889301701,0.4403103979138188,0.2865450213416962,0.0,0.0,0.0,0.0,0.0,0.3737312817127274,0.0857321191245398,0.0,0.0,0.0,0.0,0.0,0.3198586499403221,0.0,0.0,0.0,0.4183348496621953,0.0,0.3322267211397247,0.0,0.4296721776264653,0.0,0.0,0.4066096639018405,0.0874725908968713,0.1441355519183733,0.4953259125398832,0.5141525887527522,0.4618654088271729,0.0,0.2166412869919835,0.4578109940314899,0.180910080371645,0.3821045161439586,0.0,0.5258901350360488,0.3749741725007925,0.2957918406312048,0.0,0.5347150705697172,0.0,0.0792467137088434
0.3450640140246996,0.4153680166979984,0.0,0.0,0.0,0.0,0.0,0.0,0.0,0.0,0.0,0.0,0.0,0.0,0.1158301513459095,0.2137870502271415,0.0,0.2300932861458575,0.0,0.1080580083725031,0.3604787083712782,0.2773871021874386,0.388593076307305,0.0,0.3003093603965899,0.3695690140649041,0.0761238298897693,0.0,0.3310825249720042,0.0,0.4454420149104335,0.2621893305357479,0.248044636453101,0.2112277981609562,0.0,0.0,0.0,0.0,0.0,0.2883491166081557,0.0402599362181532,0.0,0.0,0.0,0.0,0.3198586499403221,0.0,0.0,0.0,0.0,0.3277594525423443,0.3331503070352404,0.3184212580055114,0.2876932536203969,0.4912646682633551,0.0,0.0,0.3287266467238621,0.0,0.1297898295735957,0.3228342849425181,0.4344500587357047,0.2306688163212234,0.0,0.2087897109393992,0.3416100903776687,0.2135993921000408,0.3070178324169331,0.0,0.5110552149260992,0.4405101930772014,0.1486151323062659,0.0,0.2078985745839321,0.0,0.0
0.0,0.0,0.5317923000770962,0.0,0.3692922767636021,0.388955012949281,0.0,0.0939048378990848,0.4978825255192809,0.0,0.4885300769052568,0.0,0.0154234852108402,0.1162184924349862,0.0,0.0,0.0,0.0,0.5535835950515187,0.0,0.0,0.0,0.2637937030520607,0.0,0.0,0.0,0.5316023669178396,0.2085784353044136,0.0,0.0,0.0,0.0,0.0,0.0,0.0,0.0,0.0,0.0,0.0,0.0,0.329651671148756,0.2271771291798811,0.0,0.0,0.0,0.0,0.0,0.0,0.0805615903679862,0.3892562478768983,0.4024210626326746,0.362712927830766,0.2911560653092278,0.4771113585684824,0.0,0.466173390386895,0.0,0.2729742223321087,0.0684479197441682,0.0,0.0,0.0,0.0,0.520642033774675,0.0,0.0250449087218691,0.0,0.4249582041097449,0.0,0.0,0.1547790249170522,0.5407603123473779,0.4007674828837159,0.3569013824768259,0.3349684711150248,0.377421065156699
0.0,0.0,0.0,0.0,0.0,0.0,0.0,0.0,0.0,0.0,0.0,0.0,0.0,0.0,0.0,0.0,0.0,0.0,0.0,0.0,0.0,0.0,0.0,0.0,0.0,0.0,0.0,0.0,0.0,0.0,0.0,0.0,0.0,0.0,0.0,0.0,0.0,0.0,0.1917700014689153,0.0,0.0784779232013518,0.3738172205487579,0.0,0.1728519212081954,0.2876888967467215,0.0,0.0,0.0805615903679862,0.0,0.4470939853403878,0.0,0.0,0.0,0.0,0.0,0.0,0.0,0.0,0.0,0.0,0.0,0.0,0.0,0.1056747971575354,0.0,0.0,0.0,0.0,0.0,0.0,0.0,0.0,0.458994002695652,0.0,0.0,0.2244840234205681
