0.0,0.6803282182876582,0.0,0.0,0.0,0.7336346058276545,0.0,0.5367481102446255,0.0,0.4275188601251127,0.0,0.3940926225529841,0.6980731855916417,0.0,0.7430232320597502,0.8036011536366425,0.7181907842939376,0.562665111720349,0.0,0.6129486064277745,0.8766966740654534,0.7113666764387745,0.6851675994024121,0.6317762299058067,0.7635048166295141,0.3824158705728079,0.6839648920768562,0.3391822435222018,0.788360917492261,0.0,0.5592704931418198,0.0329659047287657,0.5664528883490878,0.0,0.6555551658526808,0.0,0.0,0.4071783425672757,0.3583777548837203,0.5447964592345533,0.6642299450286858,0.0,0.0,0.0,0.0,0.9787248831103226,0.689119963816136,0.0,0.0,0.0,0.0,0.0,0.0,0.0,0.0,0.0,0.0,0.0,0.0,0.0,0.3121680086329845,0.0,0.0608738347695277,0.0,0.0,0.9003705581073876,0.5854805931601735,0.0,0.5222159979237629,0.2983163818807589,0.2647690916596818,0.0,0.0,0.0,0.0,0.6550243326543371
0.6803282182876582,0.0,0.0,0.0,0.2788987232276328,0.8010028070189181,0.7740376546835324,0.3915565877030185,0.4818684903677165,0.0,0.0,0.0,0.7806424685217225,0.0,0.7085904124152874,0.8048348767078515,0.8438765851545904,0.8814303614407398,0.0,0.7824361529918749,0.555517475187511,0.8823663778123776,0.5426186372636169,0.0,0.937983614414454,0.8349203674293294,0.6444166044769583,0.4152784550851856,0.8087412289440398,0.0,0.3898666190447782,0.1000191226926304,0.5333942718979038,0.0386668955439626,0.4722550380543788,0.0,0.0,0.0,0.3144417649512872,0.4986223011740742,0.5239664945287478,0.4444894137631331,0.0,0.0,0.0,0.625732165700948,0.7811912095577476,0.0,0.0,0.0,0.5933927525060178,0.0,0.0,0.0,0.0,0.0,0.0,0.0,0.0,0.6888827888660439,0.4156084962480413,0.0,0.1611026664443083,0.0,0.7118610564354999,0.5458012110287265,0.7859756401434457,0.4502792134440092,0.0,0.6574753694973976,0.5152096617251242,0.5567786776569152,0.0,0.5492460694165121,0.0,0.5291301532679709
0.0,0.0,0.0,0.0778233537854783,0.755400470969112,0.6988228558265132,0.588117166832845,0.5648704635482487,0.830963746230353,0.4025021403541813,0.916136274060632,0.225459101635205,0.6014667770607911,0.3113299939053179,0.0,0.0,0.0,0.0,0.9125169769586716,0.0,0.0,0.0,0.6420608154670929,0.0,0.0,0.0,0.8390566651544747,0.7070113534275562,0.0,0.0,0.4718274409444274,0.0,0.0,0.0,0.0627974260790869,0.0,0.214121473429815,0.0,0.0,0.0,0.0,0.0,0.3067078857643583,0.0,0.0,0.0,0.0,0.7681159348365634,0.0,0.5687570065066234,0.6521695629739176,0.5440545084713118,0.548223516789305,0.8136666249777142,0.0,0.8900345118200695,0.0,0.6738989891200264,0.1029863063262865,0.0,0.0,0.0,0.0,0.8345707129523673,0.0,0.0,0.0,0.6665566515430673,0.0,0.0,0.0,0.8466718281692894,0.4555067806414228,0.0,0.0,0.0
0.0,0.0,0.0778233537854783,0.0,0.189261027146525,0.2125989728145424,0.1830366982315062,0.1284043703894751,0.1682993562926909,0.0,0.0,0.0,0.1791995285969244,0.2330267934295823,0.0,0.0,0.0,0.0,0.0026605532617344,0.1352901227457174,0.0,0.0,0.1299620418415714,0.0,0.0,0.0,0.15702706208177,0.1884888172419352,0.2048921709115559,0.0,0.309476294532683,0.0,0.0,0.1052588778421551,0.0886187486076834,0.1396985870487831,0.4209849364472623,0.0253766932367723,0.0,0.0,0.0,0.0,0.0,0.0,0.0,0.0,0.0,0.0,0.0,0.0,0.0,0.0,0.0,0.0,0.0,0.0,0.0,0.0,0.0,0.0,0.0,0.0,0.0,0.0,0.0,0.0,0.0,0.0,0.0,0.0,0.0,0.0,0.0,0.0,0.0,0.0
0.0,0.2788987232276328,0.755400470969112,0.189261027146525,0.0,0.5068138105277186,0.2864104684996237,0.3841362256325819,0.7086110039359447,0.0438139493190686,0.8694064136927964,0.0,0.4093131150392797,0.522397592725115,0.0,0.2475302881965574,0.0,0.0,0.6525425725427224,0.6079336579050263,0.0,0.4909959027896471,0.4090663120516552,0.0,0.3558011457037008,0.1749914070076832,0.6676896806200657,0.7019402053120186,0.4344371629788716,0.0,0.442012547340528,0.0,0.0,0.1171621199902092,0.0,0.2341541878015433,0.1229410495920766,0.1745348353920457,0.0,0.0,0.0,0.0,0.4557455171806025,0.0,0.0,0.0,0.0,0.6822102440893116,0.0,0.5237841770249626,0.5426678234628027,0.0,0.4302060009715726,0.6747878207899582,0.0,0.823901686162401,0.0,0.0,0.0,0.0,0.0,0.0,0.0,0.5887485459181953,0.0,0.0,0.0,0.5079466924327012,0.0,0.0,0.0,0.6956314298907035,0.0,0.0,0.0,0.0
0.7336346058276545,0.8010028070189181,0.6988228558265132,0.2125989728145424,0.5068138105277186,0.0,0.8290425156533942,0.7415042625619759,0.8277410578249357,0.4579896439892006,0.5691972262388914,0.4672851904869182,0.9168748466394838,0.2461960880340203,0.8178171190197833,0.8073039836766779,0.7841824428725273,0.6872981389253302,0.5048760096353494,0.7890574723813705,0.7625229217105342,0.8062665398221048,0.8586133877527711,0.0,0.7985944517647389,0.4914101153099983,0.9240234246275896,0.5943559446098398,0.862017355496253,0.5456188857819937,0.5988155435465511,0.0,0.2876895849321424,0.0,0.5217036042497479,0.0,0.3505190328142926,0.3919376794692766,0.0360818953732475,0.0,0.3964655721093412,0.4012342295563895,0.3542483241170771,0.0,0.0,0.0,0.898593028405284,0.3007932937087245,0.0,0.5381579875693262,0.6841897659382021,0.7228823136780352,0.6939954629468411,0.8431382820846669,0.0,0.6353042058604965,0.0,0.7100303252354796,0.0,0.7673511178775354,0.0,0.0,0.0,0.4650558830978102,0.6860479645691111,0.7523810255481431,0.7473774619960647,0.8005290983190292,0.0,0.0,0.3636390476823991,0.6406033899612368,0.322949898668305,0.3452064338847763,0.5263875858204754,0.3681782507599554
0.0,0.7740376546835324,0.588117166832845,0.1830366982315062,0.2864104684996237,0.8290425156533942,0.0,0.4929524905919748,0.7100286949581353,0.5323400846795848,0.3968667236080322,0.5233196698406409,0.8253210341769012,0.036240249279129,0.0,0.8198694265977694,0.8653643772052015,0.7641488343179315,0.4458879673365399,0.6957653031946167,0.0,0.7502968725275342,0.6490085069578914,0.5343952275210871,0.7793828225034459,0.524531086617231,0.7841573697865539,0.4410873580176282,0.7842086495606146,0.0,0.4900387355321652,0.0313471021574487,0.4749697786296321,0.0,0.5200631675931883,0.0,0.3242171719261223,0.1817099304705072,0.3195835309397116,0.0,0.3765481181141064,0.0,0.1575797897139779,0.0,0.0,0.0,0.0,0.1270551303913075,0.0,0.0,0.6270876985645731,0.0,0.4150059791634294,0.7311683651590495,0.0,0.3958789821156329,0.0,0.0,0.0,0.0,0.0,0.0,0.0,0.4172146703184083,0.0,0.0,0.0,0.6001269014731382,0.0,0.0,0.0,0.5884775901255689,0.0,0.0,0.0,0.0
0.5367481102446255,0.3915565877030185,0.5648704635482487,0.1284043703894751,0.3841362256325819,0.7415042625619759,0.4929524905919748,0.0,0.6686678102491818,0.5581173785829036,0.4697930130912814,0.2418153741352379,0.6581373345327373,0.0627988487617375,0.5415960824740619,0.4061652362659293,0.0,0.2413462486131034,0.3842770687726455,0.3968474835948947,0.7221280521771932,0.3794752494541707,0.9435403328817928,0.0938018298956413,0.3571561514120505,0.0219641289690547,0.7133632008631795,0.5236296707203447,0.3867478878438553,0.3231326033478451,0.4843736721096138,0.0,0.0,0.0,0.2168047948677703,0.0,0.453778717821277,0.0,0.0,0.0,0.0538956498714552,0.0,0.0879772435204688,0.0,0.0,0.0,0.0,0.3366273957894114,0.0,0.7412138009760042,0.4308615631037745,0.7661362865840368,0.933257726005302,0.6714342296751641,0.0,0.6589989138599762,0.0,0.5390476063177804,0.0541779655713439,0.4615902723120447,0.0,0.0,0.0,0.3937507645775113,0.3853722043935324,0.6789061532021055,0.0,0.8665093809963061,0.0,0.0,0.0,0.3965188737717193,0.3216465672426864,0.0,0.0,0.1553305251970629
0.0,0.4818684903677165,0.830963746230353,0.1682993562926909,0.7086110039359447,0.8277410578249357,0.7100286949581353,0.6686678102491818,0.0,0.4996630101457471,0.8063412867154435,0.2729075747144047,0.7501722055881616,0.1479204883084556,0.0,0.5859605304335277,0.0,0.4537061326283853,0.611666100175439,0.7267217404258499,0.0,0.661870144740338,0.7723112846946095,0.1387072265571987,0.5378357136839774,0.1429607245657533,0.9213305862426114,0.7294932396470959,0.6310136228445526,0.4559273399076712,0.6146610293672571,0.0,0.0,0.0,0.2434218318031841,0.0,0.4112170436731645,0.4103502641773908,0.0,0.0,0.1000427181662077,0.0,0.238817531677068,0.0,0.0,0.0,0.0,0.4166162117417666,0.0,0.7999340836848484,0.5397550060872691,0.8384335249781126,0.67254289555354,1.0,0.0,0.8669793589706193,0.0,0.6740758711381287,0.1524624696782498,0.0,0.0,0.0,0.0,0.5720717508799371,0.0,0.0,0.0,0.7604245305436054,0.0,0.0,0.0,0.7068168091834397,0.4312436080226012,0.0,0.0,0.0
0.4275188601251127,0.0,0.4025021403541813,0.0,0.0438139493190686,0.4579896439892006,0.5323400846795848,0.5581173785829036,0.4996630101457471,0.0,0.1907656558214125,0.6731305988588354,0.4704246585226505,0.0,0.0,0.3884277766830608,0.6117565116044035,0.3351239776608769,0.2406584625173003,0.2841058426850152,0.0,0.246161642521208,0.5927200214011362,0.2679309654922655,0.2166439096642169,0.0704526744218627,0.4119928859501806,0.3398130465941158,0.2193029151297174,0.0,0.1768550323550173,0.0,0.045678083208721,0.0,0.332946325721883,0.0,0.3564117114574477,0.2542916882873315,0.0,0.0896525596374556,0.0592626649369322,0.3321885977762969,0.0,0.0,0.1905710928072174,0.3000866797994567,0.0,0.0,0.0,0.0,0.0,0.0,0.0,0.0,0.2901516565729314,0.0,0.6426525819166704,0.4397415285049885,0.0,0.0,0.0,0.2531941277088655,0.2610805900213075,0.0,0.0,0.0,0.0,0.0,0.0536533719491606,0.0746410575664551,0.2528056642735037,0.0,0.2918511544251941,0.0,0.0,0.4034064155191917
0.0,0.0,0.916136274060632,0.0,0.8694064136927964,0.5691972262388914,0.3968667236080322,0.4697930130912814,0.8063412867154435,0.1907656558214125,0.0,0.0194585346549286,0.463413906313007,0.3809913722948944,0.0,0.0,0.3172087368117831,0.0,0.8328705014448595,0.0,0.0,0.0,0.5053889892620804,0.0,0.0,0.1525515700049605,0.7636734437457623,0.7158672935491024,0.0,0.0,0.420313479321282,0.0,0.0,0.0,0.0,0.0922140306730712,0.1736519710573753,0.2214671965165558,0.0,0.0,0.0,0.0,0.3212708644034965,0.0,0.0,0.0,0.0,0.7812712735355067,0.0,0.642015785375607,0.5156234181690441,0.5076927414954352,0.4836981035360657,0.7687401712714812,0.0,0.9618836626467756,0.0,0.593267792964652,0.1286266513605809,0.0,0.0,0.0,0.0,0.7694618067797273,0.0,0.0,0.0,0.5536676950843052,0.0,0.0,0.0,0.7207711533517843,0.4954350758777515,0.0,0.0,0.0
0.3940926225529841,0.0,0.225459101635205,0.0,0.0,0.4672851904869182,0.5233196698406409,0.2418153741352379,0.2729075747144047,0.6731305988588354,0.0194585346549286,0.0,0.3939970611361718,0.0,0.0,0.0,0.7429308919001121,0.5277103785592913,0.2040518369036864,0.0,0.2680528935820302,0.0,0.4156029436014645,0.7601910752609791,0.4273192999927629,0.4984051877347594,0.2836190793918963,0.0231321235261445,0.0,0.0,0.0,0.0,0.3827280548591824,0.0,0.4549945397316554,0.0,0.1016936752290864,0.0,0.3593610392661465,0.5003309054378903,0.32144713747637,0.6201408093792116,0.0,0.0,0.252037233480348,0.0,0.0,0.0,0.0,0.0,0.0,0.0,0.0,0.0,0.0,0.0,0.8341266120369535,0.4444277586168637,0.0,0.0,0.0,0.0,0.0,0.0,0.0,0.0,0.0,0.0,0.6144446811451095,0.1375021406404416,0.3431499082262266,0.0,0.1896735159600835,0.0,0.0,0.5221697873014555
0.6980731855916417,0.7806424685217225,0.6014667770607911,0.1791995285969244,0.4093131150392797,0.9168748466394838,0.8253210341769012,0.6581373345327373,0.7501722055881616,0.4704246585226505,0.463413906313007,0.3939970611361718,0.0,0.1343365398003344,0.741645116096993,0.8141464266436952,0.762781666543085,0.7078852453640376,0.4297098486463982,0.7215917733005252,0.6978399547588335,0.7546461469854444,0.7147472563245728,0.3600599476170977,0.7392141395914764,0.4355806454587814,0.7854062803834795,0.6864344227268728,0.8091228421196507,0.6209854658484082,0.6719282983298527,0.0,0.3078328645392545,0.0,0.4473201628591613,0.0,0.444530316583077,0.3655850753346061,0.0390420274331704,0.2804731243780938,0.387190548449113,0.3702740201663327,0.3006901432095704,0.0,0.346179121968833,0.0,0.0,0.1447735619724661,0.0,0.0,0.5641691571068768,0.7650091948259302,0.619874382136594,0.0,0.0,0.5278406505085304,0.1678283117257271,0.0,0.0,0.6282870924039208,0.0,0.0,0.0,0.0,0.5821099978991865,0.0,0.6467703054625165,0.6447059353517637,0.0,0.440717003369833,0.3113451330179007,0.4885802248552414,0.0,0.3462614608517272,0.0,0.0
0.0,0.0,0.3113299939053179,0.2330267934295823,0.522397592725115,0.2461960880340203,0.036240249279129,0.0627988487617375,0.1479204883084556,0.0,0.3809913722948944,0.0,0.1343365398003344,0.0,0.0,0.0,0.0,0.0,0.3073265388972897,0.0,0.0,0.0,0.1155424314729104,0.0,0.0,0.0,0.2420654135522574,0.2504019064442736,0.0,0.0,0.1397916568926183,0.0,0.0,0.2474822494158135,0.0,0.3515943871440671,0.0,0.0,0.0,0.0,0.0,0.0,0.431511658110094,0.0,0.0,0.0,0.0,0.3058524621331825,0.0,0.0,0.0,0.0,0.0,0.1542917167690044,0.0,0.3089548187463564,0.0,0.0,0.0,0.0,0.0,0.0,0.0,0.0,0.0,0.0,0.0,0.1840689813244765,0.0,0.0,0.0,0.2706227689144153,0.0,0.0,0.0,0.0
0.7430232320597502,0.7085904124152874,0.0,0.0,0.0,0.8178171190197833,0.0,0.5415960824740619,0.0,0.0,0.0,0.0,0.741645116096993,0.0,0.0,0.7828468661715033,0.0,0.6989632905517575,0.0,0.9705876284230414,0.7151830149406324,0.929521915141018,0.6981845754854535,0.3885259693407796,0.747401547037629,0.4591338075692849,0.8967796780951746,0.6638853512482435,0.8467901973376675,0.0,0.6980939610885585,0.0,0.1676135912122158,0.0336795021081861,0.4069631269373619,0.0,0.0,0.0,0.0755592851990492,0.1898625376873046,0.3279762386235433,0.308089969257681,0.4338996798271906,0.0,0.0,0.0,0.8517601754665092,0.0,0.0,0.0,0.6151820978874426,0.0,0.5879419444926647,0.0,0.0,0.0,0.0,0.6839881639543912,0.0,0.9502317481327736,0.4346085214912606,0.0,0.0,0.0,0.8703548032156919,0.7585150511604721,0.8971389564001426,0.6790492772696353,0.0,0.5334098000693929,0.378978485757444,0.7213305195569898,0.4501240730255894,0.51966319625474,0.0,0.5025079324180546
0.8036011536366425,0.8048348767078515,0.0,0.0,0.2475302881965574,0.8073039836766779,0.8198694265977694,0.4061652362659293,0.5859605304335277,0.3884277766830608,0.0,0.0,0.8141464266436952,0.0,0.7828468661715033,0.0,0.8894385419511993,0.8554165414194761,0.0,0.7751310048622975,0.6969866993072984,0.8610831750834014,0.5971219464538572,0.6237065980929061,0.8273089838284831,0.5486883201733812,0.6997624224119466,0.4144929216349251,0.8754197997486931,0.5722032865858133,0.592264324874132,0.0,0.5490441518456806,0.0,0.6548115549277542,0.0,0.0,0.0,0.3508646641821857,0.5131153344924391,0.5515090134833281,0.5913277742493632,0.0,0.0,0.0,0.7410177157767903,0.7793960952932047,0.0,0.0,0.0,0.0,0.0,0.0,0.0,0.0,0.0,0.0,0.0,0.0,0.7211053402337854,0.4731022458059212,0.0,0.1227571162829684,0.0,0.6783870118782622,0.7015070500093469,0.7907124280502208,0.5183121749367487,0.0,0.4358492824515079,0.3634097079379967,0.4501193575171446,0.0,0.5606258273838165,0.0,0.6515950146741664
0.7181907842939376,0.8438765851545904,0.0,0.0,0.0,0.7841824428725273,0.8653643772052015,0.0,0.0,0.6117565116044035,0.3172087368117831,0.7429308919001121,0.762781666543085,0.0,0.0,0.8894385419511993,0.0,0.8704280326338238,0.0,0.7447765047300843,0.0,0.814545362864037,0.0,0.7184234884239707,0.8239918331528827,0.6946052872012944,0.0,0.3972163215933448,0.7486943083521463,0.0,0.37600841328592,0.0257133299011375,0.5610189910824118,0.0,0.5587015918069396,0.0,0.0,0.1013173917250125,0.0,0.5421873179646675,0.0,0.0,0.0,0.0,0.0,0.0,0.0,0.0,0.0,0.0,0.0,0.0,0.0,0.0,0.0,0.0,0.4231071367860625,0.0,0.0,0.0,0.0,0.0,0.1518402461576899,0.0,0.0,0.0,0.0,0.0,0.6315125264710567,0.4914378991439102,0.4979162320296241,0.0,0.0,0.0,0.0,0.0
0.562665111720349,0.8814303614407398,0.0,0.0,0.0,0.6872981389253302,0.7641488343179315,0.2413462486131034,0.4537061326283853,0.3351239776608769,0.0,0.5277103785592913,0.7078852453640376,0.0,0.6989632905517575,0.8554165414194761,0.8704280326338238,0.0,0.0,0.7914097342945833,0.4143065626687998,0.816851574974617,0.4167155995134995,0.5848607054336319,0.8540233070242358,0.806296453285403,0.5939271106429556,0.4377241338976927,0.7904145280792633,0.4906306313153504,0.3930225246913452,0.1349802560875449,0.5243053677867358,0.0328324728777355,0.3949198441780575,0.0,0.0,0.0,0.3452698680021644,0.47894267349827,0.4328264282918531,0.334143084452818,0.0,0.0,0.0,0.5190534162701212,0.7136457066173526,0.0,0.0,0.0,0.0,0.0,0.0,0.0,0.0,0.0,0.2613676584122829,0.0,0.0,0.0,0.5497776029419391,0.0,0.2672933078369429,0.0,0.0,0.0,0.7910552227693918,0.0,0.5481207811926733,0.6886478470437891,0.5982475944295128,0.0,0.0,0.0,0.0,0.5575980311596673
0.0,0.0,0.9125169769586716,0.0026605532617344,0.6525425725427224,0.5048760096353494,0.4458879673365399,0.3842770687726455,0.611666100175439,0.2406584625173003,0.8328705014448595,0.2040518369036864,0.4297098486463982,0.3073265388972897,0.0,0.0,0.0,0.0,0.0,0.0,0.0,0.0,0.4122150724656303,0.0,0.0,0.0,0.6202439060435796,0.6362118535773847,0.0,0.0,0.3109216779102052,0.0,0.0,0.0,0.0,0.0,0.0235256372056623,0.0714800984390236,0.0,0.0,0.0,0.0,0.317422464368571,0.0,0.0,0.0,0.0,0.8196674433520295,0.0,0.3589225003097475,0.5939219629910009,0.3488686045828985,0.370139721359265,0.617177882737986,0.0,0.7716525728721347,0.0,0.6153736389622128,0.0777846514968149,0.0,0.0,0.0,0.0,0.9592399618162414,0.0,0.0,0.0,0.4608210968306583,0.0,0.0,0.0,0.7022593774932149,0.0,0.0,0.0,0.0
0.6129486064277745,0.7824361529918749,0.0,0.1352901227457174,0.6079336579050263,0.7890574723813705,0.6957653031946167,0.3968474835948947,0.7267217404258499,0.2841058426850152,0.0,0.0,0.7215917733005252,0.0,0.9705876284230414,0.7751310048622975,0.7447765047300843,0.7914097342945833,0.0,0.0,0.5405265695169404,1.0,0.5861362445873316,0.0,0.7867550975166522,0.606508068467892,0.8259056333190752,0.6707658227445887,0.8478630587399348,0.6101728938999434,0.5775751933605936,0.0,0.1879297968663059,0.0336590149428739,0.3256793947891525,0.0,0.1810199265266038,0.0,0.098884307214703,0.1836825323318208,0.3008854392961795,0.3392753665039688,0.5173600158392975,0.0,0.0,0.0,0.7878675194603101,0.0,0.0,0.0,0.660689576908421,0.0,0.4025623257720199,0.0,0.0,0.0,0.0,0.6978967149795715,0.0,0.9166019027204644,0.4851297446041716,0.0,0.0,0.0,0.9414041292808436,0.5709400835091966,0.9716938062307956,0.5566027937911465,0.0,0.6202102488476857,0.4597151759770084,0.7548394841182448,0.5298487879931673,0.5852220091695838,0.5314883481571189,0.5173727685287798
0.8766966740654534,0.555517475187511,0.0,0.0,0.0,0.7625229217105342,0.0,0.7221280521771932,0.0,0.0,0.0,0.2680528935820302,0.6978399547588335,0.0,0.7151830149406324,0.6969866993072984,0.0,0.4143065626687998,0.0,0.5405265695169404,0.0,0.6170424311606391,0.7907661201838591,0.4034362413937134,0.6021734373665487,0.1259945373050747,0.755789219188868,0.369116956539595,0.7267306478287722,0.0,0.6842463264663811,0.0,0.3684071141614102,0.0,0.6337328291113962,0.0,0.0,0.0,0.1939200763106164,0.3629364090671007,0.4794207747470493,0.483747724344908,0.0,0.0,0.0,0.8623551723345434,0.7587277275629064,0.0,0.0,0.0,0.2690229136391995,0.0,0.7497887413312768,0.0,0.0,0.0,0.0,0.4275107004239744,0.0,0.5525636454732155,0.0888901026787354,0.0,0.0,0.0,0.3852231777000876,0.987911038461416,0.5033839830141783,0.6931935022185466,0.0,0.1385488842240146,0.0142968344121235,0.2939835763228936,0.1964648350768212,0.1919484984202168,0.0,0.4855548751465799
0.7113666764387745,0.8823663778123776,0.0,0.0,0.4909959027896471,0.8062665398221048,0.7502968725275342,0.3794752494541707,0.661870144740338,0.246161642521208,0.0,0.0,0.7546461469854444,0.0,0.929521915141018,0.8610831750834014,0.814545362864037,0.816851574974617,0.0,1.0,0.6170424311606391,0.0,0.5705097419875707,0.0,0.8702765516653254,0.6605761463906451,0.8120787539469354,0.591403873204055,0.8942072601779966,0.6364513008735024,0.5839755208132331,0.0,0.3565333050224026,0.0623800378125094,0.4464804326156637,0.0,0.2026977455958072,0.0,0.200337436306731,0.3278237269688238,0.4330135709638497,0.4220758861588347,0.4796472228078493,0.0,0.0,0.6365992270435593,0.8171553681343372,0.0,0.0,0.0,0.6176350070239859,0.0,0.0,0.0,0.0,0.0,0.0,0.0,0.0,0.874498918442804,0.4943019999141197,0.0,0.2810712022267865,0.0,0.8995051439035938,0.6289663579588753,0.9542007356649754,0.5111792632541815,0.0,0.6117262347883651,0.4499912020945518,0.6725976470673786,0.4194306351845715,0.6139722663046662,0.0,0.5589110021965256
0.6851675994024121,0.5426186372636169,0.6420608154670929,0.1299620418415714,0.4090663120516552,0.8586133877527711,0.6490085069578914,0.9435403328817928,0.7723112846946095,0.5927200214011362,0.5053889892620804,0.4156029436014645,0.7147472563245728,0.1155424314729104,0.6981845754854535,0.5971219464538572,0.0,0.4167155995134995,0.4122150724656303,0.5861362445873316,0.7907661201838591,0.5705097419875707,0.0,0.3161906843992451,0.5652237920314357,0.1932363973616301,0.8557838059405667,0.4973965515570283,0.5839788643281183,0.3839783031613282,0.5155832570764473,0.0,0.1453651306128217,0.0,0.4070668142104239,0.0,0.3692898581780475,0.5081207700656984,0.0,0.1225160730476932,0.2026357737562079,0.279682685151027,0.1575961439433062,0.0,0.0,0.0,0.8228887534043177,0.3276532405355853,0.0,0.6652500758062583,0.5538026760733006,0.755943397102657,0.8989553241540635,0.7826511136916187,0.0,0.6632341707777711,0.0,0.6163512322636769,0.1440168231466483,0.6446697993621272,0.0,0.0,0.0,0.4345436461442227,0.5475658509189976,0.7871941745666817,0.5913543025456036,0.969631993262418,0.0,0.2463164286745817,0.2188860622231243,0.5159069979526753,0.3015851901833301,0.1398979439260884,0.421926344755154,0.3281161930499361
0.6317762299058067,0.0,0.0,0.0,0.0,0.0,0.5343952275210871,0.0938018298956413,0.1387072265571987,0.2679309654922655,0.0,0.7601910752609791,0.3600599476170977,0.0,0.3885259693407796,0.6237065980929061,0.7184234884239707,0.5848607054336319,0.0,0.0,0.4034362413937134,0.0,0.3161906843992451,0.0,0.6759059165150084,0.6819797568770785,0.2648061701135311,0.0,0.0,0.0,0.0393952887980842,0.1887146811712867,0.6965311297827741,0.0,0.6661088398079695,0.0,0.0024648038618235,0.0,0.6045283098653385,0.7427093937208132,0.7040873618586255,0.0,0.0,0.0,0.2695816115577285,0.6389482161615285,0.0,0.0,0.0,0.0,0.0,0.0,0.0,0.0,0.0,0.0,0.4489304316980941,0.0,0.0,0.0,0.3998797717637087,0.0,0.0,0.0,0.0,0.0,0.0,0.0,0.9586569499939888,0.317038081100458,0.4178693849208119,0.0,0.0,0.0,0.0,0.6534351640268296
0.7635048166295141,0.937983614414454,0.0,0.0,0.3558011457037008,0.7985944517647389,0.7793828225034459,0.3571561514120505,0.5378357136839774,0.2166439096642169,0.0,0.4273192999927629,0.7392141395914764,0.0,0.747401547037629,0.8273089838284831,0.8239918331528827,0.8540233070242358,0.0,0.7867550975166522,0.6021734373665487,0.8702765516653254,0.5652237920314357,0.6759059165150084,0.0,0.8016028134231026,0.70510084522475,0.4246424090013058,0.8587701079564805,0.0,0.4907814526492726,0.129353147664365,0.6066670791056157,0.1200439741350786,0.5272428338202936,0.0,0.0,0.1572591416996281,0.3311471215173617,0.5280271493664365,0.6040848110817858,0.4715078160383171,0.0,0.0,0.0,0.7137452365751475,0.808535946139918,0.0,0.0,0.0,0.0,0.0,0.0,0.0,0.0,0.0,0.0537370227511235,0.5506137651559585,0.0,0.772395884550847,0.4583900387071976,0.0,0.2014047375542403,0.0,0.7122214616238126,0.5980407384912898,0.8030494554674811,0.4994611611623007,0.6247073615057369,0.7520348719143,0.5791912025140843,0.0,0.0,0.6627598171910704,0.0,0.6103568573720443
0.3824158705728079,0.8349203674293294,0.0,0.0,0.1749914070076832,0.4914101153099983,0.524531086617231,0.0219641289690547,0.1429607245657533,0.0704526744218627,0.1525515700049605,0.4984051877347594,0.4355806454587814,0.0,0.4591338075692849,0.5486883201733812,0.6946052872012944,0.806296453285403,0.0,0.606508068467892,0.1259945373050747,0.6605761463906451,0.1932363973616301,0.6819797568770785,0.8016028134231026,0.0,0.3165936715739352,0.1955928021691826,0.5665431053374103,0.0,0.1077296985105301,0.3641904800196087,0.5869828496466136,0.1704252743726378,0.2764011738540575,0.0,0.0,0.0,0.4271077014583161,0.514494240298279,0.4541865850452711,0.2740009085728977,0.0,0.0,0.0032139779922261,0.3571044868404823,0.4390044061572955,0.0,0.0,0.0,0.5986536439859294,0.0,0.0,0.0,0.0,0.0,0.2220542177800475,0.3903820403872821,0.0,0.5639785505623776,0.4587552309930594,0.0,0.1124705416869047,0.0,0.5988525865923603,0.1190251844433365,0.6377890826030224,0.189462595410763,0.6578876553169537,0.7047112112109749,0.7406119631514656,0.4615047836155427,0.105203390974874,0.6177196255815508,0.0,0.4238147403126865
0.6839648920768562,0.6444166044769583,0.8390566651544747,0.15702706208177,0.6676896806200657,0.9240234246275896,0.7841573697865539,0.7133632008631795,0.9213305862426114,0.4119928859501806,0.7636734437457623,0.2836190793918963,0.7854062803834795,0.2420654135522574,0.8967796780951746,0.6997624224119466,0.0,0.5939271106429556,0.6202439060435796,0.8259056333190752,0.755789219188868,0.8120787539469354,0.8557838059405667,0.2648061701135311,0.70510084522475,0.3165936715739352,0.0,0.6544553564898805,0.7918742694924755,0.4997234614332482,0.6474405137811563,0.0,0.0934762297886452,0.0,0.3668331112026248,0.0,0.3365646697690251,0.4116400296941455,0.0,0.0729515586637672,0.2126139508032956,0.2421394388819251,0.3615276173065818,0.0,0.0,0.0,0.9131661860095468,0.4696986915887076,0.0,0.6846848058740023,0.6312958712642658,0.7888741601904232,0.7256870425631143,0.9275244245513554,0.0,0.8122981365609474,0.0,0.7065676882464996,0.2440457259879183,0.8170336673004249,0.0,0.0,0.0,0.57333606716321,0.7547620050307084,0.7750525801425111,0.7817159861390184,0.8446930057815119,0.0,0.0,0.2886231309905699,0.7773727205225129,0.3966206964764979,0.3404239882624621,0.3751836538610525,0.3418944369553234
0.3391822435222018,0.4152784550851856,0.7070113534275562,0.1884888172419352,0.7019402053120186,0.5943559446098398,0.4410873580176282,0.5236296707203447,0.7294932396470959,0.3398130465941158,0.7158672935491024,0.0231321235261445,0.6864344227268728,0.2504019064442736,0.6638853512482435,0.4144929216349251,0.3972163215933448,0.4377241338976927,0.6362118535773847,0.6707658227445887,0.369116956539595,0.591403873204055,0.4973965515570283,0.0,0.4246424090013058,0.1955928021691826,0.6544553564898805,0.0,0.5290023896858048,0.6024824210935507,0.6975548518462592,0.0,0.0,0.1837014985384097,0.0,0.0100878416254903,0.3187809504591754,0.3372903142506818,0.0,0.0,0.0,0.0,0.4085387298961685,0.0,0.0110098951211453,0.0,0.0,0.4701549617521121,0.0,0.0,0.4736736389364383,0.0,0.545889932028773,0.7346042611720388,0.1364345343986332,0.0,0.0,0.6650671438789294,0.0,0.5664031972172386,0.0,0.0,0.0,0.0,0.5623710835542141,0.4051704455071483,0.5781359723220572,0.5330086395198902,0.0,0.4401372823113618,0.3311383741778813,0.5654762632446763,0.6933709881544593,0.1867586418296755,0.0,0.1546165067985914
0.788360917492261,0.8087412289440398,0.0,0.2048921709115559,0.4344371629788716,0.862017355496253,0.7842086495606146,0.3867478878438553,0.6310136228445526,0.2193029151297174,0.0,0.0,0.8091228421196507,0.0,0.8467901973376675,0.8754197997486931,0.7486943083521463,0.7904145280792633,0.0,0.8478630587399348,0.7267306478287722,0.8942072601779966,0.5839788643281183,0.0,0.8587701079564805,0.5665431053374103,0.7918742694924755,0.5290023896858048,0.0,0.6780842064218482,0.6731161637417696,0.0020886362220783,0.4500908468462523,0.1451789394687142,0.6242224155982662,0.0,0.2310440094674086,0.0,0.2409484335081443,0.3823765593850814,0.5087548737012294,0.4678008879239707,0.4526360191252101,0.0,0.0,0.0,0.8209687603872126,0.0606865754553068,0.0,0.0,0.5740072255756119,0.5615181979840339,0.4158560758250402,0.671099208490635,0.0,0.0,0.0,0.5978623413516201,0.0,0.7600150358580795,0.0,0.0,0.0,0.0,0.6746283701544851,0.7239010433152585,0.7816140029445078,0.5409173573658602,0.0,0.0,0.4104318170558962,0.5610331301387492,0.3316742722284411,0.6120095673343533,0.5814531169947941,0.5247771648519889
0.0,0.0,0.0,0.0,0.0,0.5456188857819937,0.0,0.3231326033478451,0.4559273399076712,0.0,0.0,0.0,0.6209854658484082,0.0,0.0,0.5722032865858133,0.0,0.4906306313153504,0.0,0.6101728938999434,0.0,0.6364513008735024,0.3839783031613282,0.0,0.0,0.0,0.4997234614332482,0.6024824210935507,0.6780842064218482,0.0,0.6587490802352869,0.0392881855908579,0.0,0.2060768188188582,0.2826675605278501,0.0,0.0,0.0,0.0,0.0,0.0,0.0,0.0,0.0,0.0,0.0,0.0,0.0,0.0,0.0,0.0,0.0,0.0,0.0,0.0,0.0,0.0,0.0,0.0,0.0,0.0,0.0,0.0,0.0,0.5253986758110065,0.0,0.0,0.371756582564315,0.0,0.0,0.0,0.3528842666484458,0.0,0.4044731533255769,0.0,0.0
0.5592704931418198,0.3898666190447782,0.4718274409444274,0.309476294532683,0.442012547340528,0.5988155435465511,0.4900387355321652,0.4843736721096138,0.6146610293672571,0.1768550323550173,0.420313479321282,0.0,0.6719282983298527,0.1397916568926183,0.6980939610885585,0.592264324874132,0.37600841328592,0.3930225246913452,0.3109216779102052,0.5775751933605936,0.6842463264663811,0.5839755208132331,0.5155832570764473,0.0393952887980842,0.4907814526492726,0.1077296985105301,0.6474405137811563,0.6975548518462592,0.6731161637417696,0.6587490802352869,0.0,0.0,0.0418602443756433,0.3274681972200652,0.3077740831909021,0.0,0.4675928785449846,0.5039867886012144,0.0,0.0,0.2591614222426249,0.0,0.3843563129490785,0.0,0.0,0.0,0.6226113162127787,0.0,0.0,0.0,0.2934769653205229,0.0,0.5616475328672969,0.0,0.0,0.0,0.0,0.0,0.0,0.5442038857062738,0.1997893403121031,0.0131211509000255,0.4300624572614555,0.0,0.4115356138003249,0.675449023705529,0.4747062868145877,0.5343257850582701,0.0,0.3259287166036672,0.1281894880723177,0.3949509982098376,0.3659972153310136,0.2195660420896781,0.0,0.3242483002755489
0.0329659047287657,0.1000191226926304,0.0,0.0,0.0,0.0,0.0313471021574487,0.0,0.0,0.0,0.0,0.0,0.0,0.0,0.0,0.0,0.0257133299011375,0.1349802560875449,0.0,0.0,0.0,0.0,0.0,0.1887146811712867,0.129353147664365,0.3641904800196087,0.0,0.0,0.0020886362220783,0.0392881855908579,0.0,0.0,0.5397123496307616,0.4479551830780893,0.0535556157212245,0.0,0.0,0.0,0.729047429243014,0.4695097058307837,0.318969620275541,0.0590005420037774,0.0,0.0,0.0642143722332429,0.1903931420400759,0.0,0.0,0.0,0.0,0.0,0.0,0.0,0.0,0.0,0.0,0.0,0.0,0.0,0.0,0.1398090942882544,0.0,0.0,0.0,0.0,0.0,0.0,0.0,0.2836734024083299,0.2087900219152628,0.2557773017489376,0.0,0.0,0.2647542153605007,0.0,0.0681122812757627
0.5664528883490878,0.5333942718979038,0.0,0.0,0.0,0.2876895849321424,0.4749697786296321,0.0,0.0,0.045678083208721,0.0,0.3827280548591824,0.3078328645392545,0.0,0.1676135912122158,0.5490441518456806,0.5610189910824118,0.5243053677867358,0.0,0.1879297968663059,0.3684071141614102,0.3565333050224026,0.1453651306128217,0.6965311297827741,0.6066670791056157,0.5869828496466136,0.0934762297886452,0.0,0.4500908468462523,0.0,0.0418602443756433,0.5397123496307616,0.0,0.1492738215637306,0.6008000669175892,0.0,0.0,0.0055317993321161,0.7321526491315333,0.8904839431457966,0.7697968979938631,0.6007158225540851,0.0,0.0,0.308077432389132,0.6239177792800842,0.250874876994122,0.0,0.0,0.0,0.0,0.0,0.0,0.0,0.0,0.0,0.1369189243611141,0.0,0.0,0.1800126689741194,0.2449569287961949,0.0,0.0,0.0,0.0750086543748142,0.3111388584896931,0.2144265946335407,0.0380044016095707,0.6854016394124033,0.2599813586679518,0.2815267073317648,0.0,0.0,0.0,0.0,0.415546797850497
0.0,0.0386668955439626,0.0,0.1052588778421551,0.1171621199902092,0.0,0.0,0.0,0.0,0.0,0.0,0.0,0.0,0.2474822494158135,0.0336795021081861,0.0,0.0,0.0328324728777355,0.0,0.0336590149428739,0.0,0.0623800378125094,0.0,0.0,0.1200439741350786,0.1704252743726378,0.0,0.1837014985384097,0.1451789394687142,0.2060768188188582,0.3274681972200652,0.4479551830780893,0.1492738215637306,0.0,0.0,0.2516327981187023,0.0,0.0483572450875894,0.0,0.0,0.2001372031155341,0.0,0.3704292623904155,0.1955408056187289,0.0,0.0403521763416815,0.0,0.0,0.0,0.0,0.0,0.0,0.0,0.0,0.004323946860514,0.0,0.0,0.0,0.0,0.0267526393986548,0.0413906613507405,0.0552348615604261,0.1875287235997541,0.0,0.0,0.0,0.0,0.0,0.0086484206930832,0.2971901123901921,0.1833266505842959,0.0,0.0,0.0693134417039546,0.0,0.0
0.6555551658526808,0.4722550380543788,0.0627974260790869,0.0886187486076834,0.0,0.5217036042497479,0.5200631675931883,0.2168047948677703,0.2434218318031841,0.332946325721883,0.0,0.4549945397316554,0.4473201628591613,0.0,0.4069631269373619,0.6548115549277542,0.5587015918069396,0.3949198441780575,0.0,0.3256793947891525,0.6337328291113962,0.4464804326156637,0.4070668142104239,0.6661088398079695,0.5272428338202936,0.2764011738540575,0.3668331112026248,0.0,0.6242224155982662,0.2826675605278501,0.3077740831909021,0.0535556157212245,0.6008000669175892,0.0,0.0,0.0,0.2941933731959451,0.2168571474576253,0.539701289378687,0.6214239684980777,0.6777196136746524,0.8172024160834697,0.0062293442101784,0.0,0.3978269352550456,0.0,0.3821153991850854,0.0,0.0,0.0,0.1493079805939925,0.0,0.0,0.0,0.0,0.0,0.241667649556207,0.1875352814867169,0.0,0.3718324213811175,0.2627272866262444,0.0,0.0,0.0,0.2991521562340341,0.0,0.3702344783834793,0.2396078653242824,0.0,0.0746958558953194,0.0778466518074812,0.0913439999810154,0.0,0.3429901876566229,0.0,0.0
0.0,0.0,0.0,0.1396985870487831,0.2341541878015433,0.0,0.0,0.0,0.0,0.0,0.0922140306730712,0.0,0.0,0.3515943871440671,0.0,0.0,0.0,0.0,0.0,0.0,0.0,0.0,0.0,0.0,0.0,0.0,0.0,0.0100878416254903,0.0,0.0,0.0,0.0,0.0,0.2516327981187023,0.0,0.0,0.0543789428096644,0.0,0.0,0.0,0.0,0.0,0.1665899910237947,0.4001212544607149,0.0,0.0,0.0,0.2229818558569756,0.0,0.0105783022201406,0.0,0.0,0.0,0.0,0.0,0.0655211357974976,0.0,0.0,0.0,0.0,0.0,0.0,0.0,0.0,0.0,0.0,0.0,0.0,0.0,0.0,0.0,0.0,0.0495082963262863,0.0,0.0,0.0
0.0,0.0,0.214121473429815,0.4209849364472623,0.1229410495920766,0.3505190328142926,0.3242171719261223,0.453778717821277,0.4112170436731645,0.3564117114574477,0.1736519710573753,0.1016936752290864,0.444530316583077,0.0,0.0,0.0,0.0,0.0,0.0235256372056623,0.1810199265266038,0.0,0.2026977455958072,0.3692898581780475,0.0024648038618235,0.0,0.0,0.3365646697690251,0.3187809504591754,0.2310440094674086,0.0,0.4675928785449846,0.0,0.0,0.0,0.2941933731959451,0.0543789428096644,0.0,0.3318211568634906,0.0,0.0,0.1289349072800716,0.2847268393964927,0.0199254910960513,0.0,0.0,0.0,0.0,0.0,0.0,0.0,0.0,0.0,0.0,0.0,0.0,0.0,0.0,0.0,0.0,0.0,0.0,0.0,0.0,0.0,0.0,0.0,0.0,0.3404136810752786,0.0,0.0,0.0,0.0,0.0,0.0,0.0,0.0
0.4071783425672757,0.0,0.0,0.0253766932367723,0.1745348353920457,0.3919376794692766,0.1817099304705072,0.0,0.4103502641773908,0.2542916882873315,0.2214671965165558,0.0,0.3655850753346061,0.0,0.0,0.0,0.1013173917250125,0.0,0.0714800984390236,0.0,0.0,0.0,0.5081207700656984,0.0,0.1572591416996281,0.0,0.4116400296941455,0.3372903142506818,0.0,0.0,0.5039867886012144,0.0,0.0055317993321161,0.0483572450875894,0.2168571474576253,0.0,0.3318211568634906,0.0,0.0,0.0,0.1742738872043808,0.0757081470495789,0.0,0.0,0.4435503330470214,0.0,0.0,0.0,0.0,0.0,0.0,0.0,0.0,0.0,0.0557300764588699,0.0,0.0,0.0,0.0,0.0,0.0,0.0,0.0,0.0,0.0,0.0,0.0,0.0,0.0,0.0,0.0,0.0,0.153784302247445,0.0,0.0,0.0
0.3583777548837203,0.3144417649512872,0.0,0.0,0.0,0.0360818953732475,0.3195835309397116,0.0,0.0,0.0,0.0,0.3593610392661465,0.0390420274331704,0.0,0.0755592851990492,0.3508646641821857,0.0,0.3452698680021644,0.0,0.098884307214703,0.1939200763106164,0.200337436306731,0.0,0.6045283098653385,0.3311471215173617,0.4271077014583161,0.0,0.0,0.2409484335081443,0.0,0.0,0.729047429243014,0.7321526491315333,0.0,0.539701289378687,0.0,0.0,0.0,0.0,0.8122562973098316,0.5808343081420756,0.5673943382747594,0.0,0.0,0.2818330315512259,0.4952628143813664,0.0197063477470931,0.0,0.0,0.0,0.0413955893365084,0.0,0.0,0.0,0.0,0.0,0.1454881807301368,0.0,0.2154470285855802,0.1186331135902484,0.3401642742721699,0.0,0.0,0.0,0.0566062651301079,0.1736318499502768,0.1440945321149336,0.0,0.6748659696164543,0.1123873063173063,0.2052464043857137,0.0,0.0,0.4244567141072253,0.623986264476346,0.4389076330509234
0.5447964592345533,0.4986223011740742,0.0,0.0,0.0,0.0,0.0,0.0,0.0,0.0896525596374556,0.0,0.5003309054378903,0.2804731243780938,0.0,0.1898625376873046,0.5131153344924391,0.5421873179646675,0.47894267349827,0.0,0.1836825323318208,0.3629364090671007,0.3278237269688238,0.1225160730476932,0.7427093937208132,0.5280271493664365,0.514494240298279,0.0729515586637672,0.0,0.3823765593850814,0.0,0.0,0.4695097058307837,0.8904839431457966,0.0,0.6214239684980777,0.0,0.0,0.0,0.8122562973098316,0.0,0.7531434136824763,0.6921372935350257,0.0319049652682454,0.0,0.4659280486608038,0.6333963253305306,0.2169042919149695,0.0,0.0,0.0,0.1253730747653997,0.0264112979056064,0.0,0.0,0.0,0.0,0.2709676304898599,0.0244823216234637,0.0,0.1943288651392598,0.3476496494347626,0.0,0.0,0.0,0.1392908699426841,0.3104048475181918,0.2472765319233751,0.0339641426194498,0.7517272070863954,0.2137956565755377,0.2379958473255218,0.0,0.0,0.418251180843802,0.6928228591036841,0.5096524672150565
0.6642299450286858,0.5239664945287478,0.0,0.0,0.0,0.3964655721093412,0.3765481181141064,0.0538956498714552,0.1000427181662077,0.0592626649369322,0.0,0.32144713747637,0.387190548449113,0.0,0.3279762386235433,0.5515090134833281,0.0,0.4328264282918531,0.0,0.3008854392961795,0.4794207747470493,0.4330135709638497,0.2026357737562079,0.7040873618586255,0.6040848110817858,0.4541865850452711,0.2126139508032956,0.0,0.5087548737012294,0.0,0.2591614222426249,0.318969620275541,0.7697968979938631,0.2001372031155341,0.6777196136746524,0.0,0.1289349072800716,0.1742738872043808,0.5808343081420756,0.7531434136824763,0.0,0.7084345103192601,0.1074453539180112,0.0,0.386164944340958,0.7067986757460684,0.2935998302722124,0.0,0.0,0.0,0.0692649949464577,0.1647188050104152,0.0786318468903315,0.1448992885589202,0.0,0.0,0.0485750491656285,0.006882966982769,0.2667169275933126,0.2748533760393491,0.331757045054149,0.0,0.0,0.0,0.1868879228287607,0.4435349180692846,0.2965374458436463,0.1358518476359377,0.6794204733385016,0.204537490322245,0.1673582520791332,0.0857376862654944,0.0,0.3666536283503595,0.5378955371395897,0.5375846794220389
0.0,0.4444894137631331,0.0,0.0,0.0,0.4012342295563895,0.0,0.0,0.0,0.3321885977762969,0.0,0.6201408093792116,0.3702740201663327,0.0,0.308089969257681,0.5913277742493632,0.0,0.334143084452818,0.0,0.3392753665039688,0.483747724344908,0.4220758861588347,0.279682685151027,0.0,0.4715078160383171,0.2740009085728977,0.2421394388819251,0.0,0.4678008879239707,0.0,0.0,0.0590005420037774,0.6007158225540851,0.0,0.8172024160834697,0.0,0.2847268393964927,0.0757081470495789,0.5673943382747594,0.6921372935350257,0.7084345103192601,0.0,0.0,0.0,0.3345266810361316,0.6416681441227545,0.2978082267888872,0.0,0.0,0.0,0.1146122255988942,0.1971600626437334,0.0632219653859137,0.2010460715160075,0.0,0.0,0.4171266549993399,0.072289280273093,0.0,0.3090710437955748,0.3086778393537236,0.0,0.0,0.0,0.2216928328850387,0.484993299625027,0.3174163922591079,0.1744051865610165,0.6773375990377827,0.0022300434779332,0.0330926826140684,0.0857880307566913,0.0,0.2785862171587123,0.6957033015750854,0.5639552514288703
0.0,0.0,0.3067078857643583,0.0,0.4557455171806025,0.3542483241170771,0.1575797897139779,0.0879772435204688,0.238817531677068,0.0,0.3212708644034965,0.0,0.3006901432095704,0.431511658110094,0.4338996798271906,0.0,0.0,0.0,0.317422464368571,0.5173600158392975,0.0,0.4796472228078493,0.1575961439433062,0.0,0.0,0.0,0.3615276173065818,0.4085387298961685,0.4526360191252101,0.0,0.3843563129490785,0.0,0.0,0.3704292623904155,0.0062293442101784,0.1665899910237947,0.0199254910960513,0.0,0.0,0.0319049652682454,0.1074453539180112,0.0,0.0,0.4683153431745314,0.0867964686044083,0.0,0.0,0.2074679726453658,0.0,0.0840633347416694,0.4150095932674961,0.1772061558348407,0.1784032073505903,0.3165347864291004,0.0,0.2743614659259255,0.0,0.4598216379315636,0.5207850619627667,0.4204622623320434,0.0,0.0,0.0,0.2338456841796906,0.4303598070781168,0.2225145833406417,0.4053401779819102,0.2256834876329535,0.1401006832740732,0.3783797443048205,0.176453317405038,0.3940400531174414,0.4049084664519683,0.2603080672407208,0.0,0.1268918867962618
0.0,0.0,0.0,0.0,0.0,0.0,0.0,0.0,0.0,0.0,0.0,0.0,0.0,0.0,0.0,0.0,0.0,0.0,0.0,0.0,0.0,0.0,0.0,0.0,0.0,0.0,0.0,0.0,0.0,0.0,0.0,0.0,0.0,0.1955408056187289,0.0,0.4001212544607149,0.0,0.0,0.0,0.0,0.0,0.0,0.4683153431745314,0.0,0.0,0.0,0.0,0.2194860312190408,0.0,0.0,0.1195050025341383,0.0,0.0,0.0,0.1058521482047039,0.0688921504977922,0.0111394776815659,0.160369853163509,0.099376766204805,0.0,0.0,0.0,0.0,0.0,0.0,0.0,0.0,0.0,0.0,0.0,0.0,0.1063570807343126,0.3966716316150914,0.0,0.0,0.0
