0.0,0.4772540135939961,0.0,0.0,0.0,0.1601218471349706,0.0,0.0,0.0,0.4568250158072229,0.0,0.0,0.1085995211407867,0.0,0.1629691044598027,0.6704847553646887,0.6719434129691229,0.5167784446074474,0.0,0.2144541718029883,0.6661701375241709,0.3522539482606845,0.1671315867220154,0.5598699430818167,0.5810360006682971,0.6246239491223704,0.065937350812479,0.0664358115092097,0.5589361875072646,0.0,0.5782896126458734,0.603298171135298,0.4333494569116068,0.2030860663021617,0.37846353077593,0.0,0.0,0.3843983580256937,0.4928347572891511,0.5102388917055777,0.3874631226130859,0.0,0.0,0.0,0.0,0.92935480945296,0.2967723308654406,0.0,0.0,0.0,0.0,0.0,0.0,0.0,0.3263510572107295,0.0,0.0,0.0,0.0,0.0,0.4492550899783781,0.0,0.2274533324972557,0.0,0.0,0.5565340988633938,0.1873388563069315,0.0,0.5038062238111874,0.526008143048637,0.6531894921221136,0.0,0.0,0.0,0.0,0.4862316764477814
0.4772540135939961,0.0,0.0,0.0,0.2941146567949891,0.6297632082701591,0.5447470871441611,0.3628610809378517,0.2560662682415739,0.0,0.0,0.0,0.6684564417238658,0.0,0.4000859493587372,0.6884644691168993,0.8221062020557598,0.8422581399788988,0.0,0.4319422673478861,0.5496560416926763,0.5517913409105872,0.4652097611666325,0.0,0.927879651776617,0.8147521288355211,0.3171345989473815,0.4691967954446789,0.7740578407407653,0.0,0.3935123427640987,0.2402981502263096,0.2564789214643678,0.2295158922112162,0.0,0.0,0.0,0.0,0.0666596860783542,0.0519433544531588,0.2847884357578237,0.0,0.0,0.0,0.0,0.3237010168291103,0.761615239468555,0.0,0.0,0.0,0.4271781811340855,0.0,0.0,0.0,0.0,0.0,0.0,0.0,0.0,0.4395880208678325,0.2585366069865629,0.0,0.5103883196842177,0.0,0.4585648297613428,0.4866737158272099,0.383527570144427,0.4178527810070184,0.0,0.5091238089799117,0.513990228896381,0.3812284555092394,0.0,0.605559172099943,0.0,0.1841524974828449
0.0,0.0,0.0,0.231450082774435,0.757626861331142,0.7736644540798395,0.3709575711186029,0.5164177318260597,0.9232550375239243,0.2511247256252728,0.9610124075521682,0.6582148727556622,0.7457166330364864,0.0,0.0,0.0,0.0,0.0,0.933400668656249,0.0,0.0,0.0,0.7781321514257399,0.0,0.0,0.0,0.9065402285276126,0.7918736255329113,0.0,0.0,0.1964751354391746,0.0,0.0,0.0,0.0,0.2758633084844977,0.310779060841623,0.0,0.0,0.0,0.0,0.0,0.2304888279695469,0.0,0.0,0.0,0.0,0.986777807658622,0.0,0.881123365449677,0.748264070088575,0.3998144213004077,0.590988174812342,0.9278639480793316,0.0,0.9594925783366998,0.0,0.635047528013735,0.1765536608282903,0.0,0.0,0.0,0.0,0.878632367099605,0.0,0.0,0.0,0.7880111719732167,0.0,0.0,0.0,0.8333851046993114,0.7057103670271401,0.0,0.0,0.0
0.0,0.0,0.231450082774435,0.0,0.0588959953105505,0.2002745986017346,0.0464576541121822,0.3383278926913735,0.1398232711933838,0.2226709137598113,0.2167956379312297,0.3359240638916254,0.3178631038244818,0.0,0.0,0.0,0.0,0.0,0.2362005291682108,0.2394978397387755,0.0,0.0,0.2506199352303697,0.0,0.0,0.0,0.1874046942013813,0.4618465210218597,0.2187949064527371,0.0,0.278278159156579,0.0,0.0,0.2677221461542153,0.0,0.45563134764284,0.5086614815897753,0.0,0.0,0.0,0.0,0.0,0.0,0.0,0.0,0.0,0.0,0.0,0.0,0.0,0.0,0.0,0.0,0.0,0.0,0.0,0.0,0.0,0.0,0.0,0.0,0.0,0.0,0.0,0.0,0.0,0.0,0.0,0.0,0.0,0.0,0.0,0.0,0.0,0.0,0.0
0.0,0.2941146567949891,0.757626861331142,0.0588959953105505,0.0,0.714399580447932,0.7594137498281002,0.1479552535447072,0.8227895472523227,0.2529687300795038,0.6455105283165793,0.453801486973355,0.6410917256852127,0.3162367732324397,0.0,0.3086010468307243,0.0,0.0,0.6243344700031564,0.7691715639891403,0.0,0.7269312186807367,0.5393263028896517,0.0,0.1852634476939943,0.4876598332404068,0.7640326961658527,0.4934669048557518,0.5470080898645969,0.0,0.1345557730216781,0.1459936963579227,0.0,0.0,0.2286803470056892,0.1253653747562864,0.0495972371798934,0.4234431640036947,0.1736056899052078,0.0,0.0,0.0,0.4682524321178529,0.0,0.0,0.0,0.0,0.8023421310357854,0.0,0.742268620759533,0.589370661807832,0.0,0.2369504978117264,0.7760309544537789,0.0,0.7569646285766696,0.0,0.0,0.0,0.0,0.0,0.0,0.0,0.6941241614527722,0.0,0.0,0.0,0.5143620413631602,0.0,0.0,0.0,0.5893284166947228,0.0,0.0,0.0,0.0
0.1601218471349706,0.6297632082701591,0.7736644540798395,0.2002745986017346,0.714399580447932,0.0,0.6265796271412395,0.6379854775353057,0.7653458828051549,0.5421506608309545,0.775532526674081,0.7940446666960096,0.9227390475209734,0.0,0.6328889923767407,0.3423103511525504,0.4827413913564674,0.5756491062875165,0.7295854129531903,0.7510079103801518,0.3391557020317767,0.7145334761171629,0.8546305159330597,0.0,0.4432660337358853,0.6201904037262328,0.7658782063245034,0.7288484347084322,0.7370679688659304,0.4797838332388859,0.3406440204076383,0.0428042086586879,0.0,0.0003202344606212,0.0,0.1623891383022092,0.1752032285585379,0.2161040392885115,0.0,0.0,0.0,0.0,0.3360503366053966,0.0,0.0,0.0,0.7267598333869253,0.7494271077742105,0.0,0.6412653299343315,0.8344548629333132,0.4476572059939906,0.6760172765879199,0.7389206477809056,0.0,0.7562779050049946,0.0,0.7353543021798576,0.0,0.5635364935638816,0.0,0.0,0.0,0.691877500911077,0.6809773274966333,0.2631006348580432,0.7027621827961068,0.8112326369425152,0.0,0.0,0.5960230190572148,0.6803387335366858,0.6066078313002642,0.342556923420085,0.1511252825028101,0.1796771694793215
0.0,0.5447470871441611,0.3709575711186029,0.0464576541121822,0.7594137498281002,0.6265796271412395,0.0,0.0,0.5398856377281143,0.5474370740035757,0.2712602219449527,0.2839947729303704,0.5480120540318932,0.2349845134159363,0.0,0.501368510935375,0.6826327688227605,0.6452203746534512,0.346727463972093,0.5300018518639379,0.0,0.6237042429636777,0.3551873318575668,0.6585899058269764,0.5505745747811539,0.6989114418025598,0.5106472890440407,0.2985462528908864,0.6605392221019936,0.0,0.3144251823933215,0.4987774656822759,0.0,0.0,0.3702051020597223,0.0,0.0,0.5211829186565948,0.4589940067852728,0.0,0.0321543103062017,0.0,0.4353777610319235,0.0,0.0,0.0,0.0,0.4681765539303317,0.0,0.0,0.4218878784218565,0.0,0.087118204368106,0.4907057948237789,0.0,0.4258309566344395,0.0,0.0,0.0,0.0,0.0,0.0,0.0,0.4431503995366256,0.0,0.0,0.0,0.3327159707444659,0.0,0.0,0.0,0.3812258369403852,0.0,0.0,0.0,0.0
0.0,0.3628610809378517,0.5164177318260597,0.3383278926913735,0.1479552535447072,0.6379854775353057,0.0,0.0,0.3909766851975986,0.470559798350212,0.6358959956361746,0.8303061987455385,0.6375755991232397,0.0,0.5610406158037277,0.0,0.0,0.1794054862507998,0.5649953041916105,0.3150752913747323,0.4854264779413584,0.2497397189891467,0.8160135362882079,0.0,0.1556753097108329,0.1547320555867433,0.3823607918765939,0.6472547895194967,0.3193564597768893,0.6022721398970793,0.3004151033995201,0.0,0.1132305894488022,0.2892142670124168,0.0,0.4287729013435247,0.3402297995174138,0.0,0.0,0.0,0.0304159754145021,0.0,0.0,0.0,0.0,0.0,0.0,0.4393175999499247,0.0,0.4089609626379821,0.5025233369571315,0.5154141154743141,0.9501037525493216,0.4310213072165484,0.0,0.5021394403973901,0.0,0.2302630260809834,0.0,0.5006360938900365,0.0,0.0,0.0,0.4852395310814895,0.3090825800881613,0.5145474097054684,0.0,0.7602081331676249,0.0,0.0,0.0,0.4827115303801889,0.0,0.0,0.0,0.0
0.0,0.2560662682415739,0.9232550375239243,0.1398232711933838,0.8227895472523227,0.7653458828051549,0.5398856377281143,0.3909766851975986,0.0,0.263637877421329,0.8738874555072562,0.5724610133487332,0.6964240486695373,0.0,0.0,0.1648798070422571,0.0,0.2609587243461447,0.844812512524032,0.7856389571899266,0.0,0.7019784965906364,0.7009275873096826,0.2002838079600715,0.091440399769368,0.2838346164558244,0.9255626360975454,0.7141728720862991,0.5055997096096768,0.5488227158846946,0.2316561802790827,0.0,0.0,0.0,0.0,0.1836957471875544,0.1682849165049825,0.2507567398824384,0.0,0.0,0.0,0.0,0.2621930892160746,0.0,0.0,0.0,0.0,0.980866888474516,0.0,0.8878503334949494,0.6060858916886965,0.4424784078747442,0.4777625040480004,0.9909333889994684,0.0,0.9378468270902292,0.0,0.6124327979878124,0.2336041238809606,0.0,0.0,0.0,0.0,0.8286221604807207,0.0,0.0,0.0,0.7222897110092977,0.0,0.0,0.0,0.7841658235944245,0.7360633607995284,0.0,0.0,0.0
0.4568250158072229,0.0,0.2511247256252728,0.2226709137598113,0.2529687300795038,0.5421506608309545,0.5474370740035757,0.470559798350212,0.263637877421329,0.0,0.2863803168040861,0.5991913390356743,0.5676868826580315,0.0,0.0,0.5208058925633721,0.7813049149745341,0.6804050222435041,0.3544069508601702,0.3338736164162726,0.0,0.4471116452283588,0.5003909565107703,0.224724209791533,0.8072884675486666,0.689080360314037,0.2764843366689107,0.4188893660592365,0.7108025989947732,0.0,0.5268160295727878,0.2153145051971816,0.318199781153257,0.318262565954593,0.0,0.0,0.0294481368170916,0.0272285262952453,0.0,0.1011720453519173,0.3241204125112548,0.0,0.0,0.0,0.0,0.3350595622934319,0.0,0.0,0.0,0.0,0.0,0.0,0.0,0.0,0.7141696174687662,0.0,0.3385466114901637,0.2061718118801375,0.0,0.0,0.0,0.5081656666883274,0.4024938519931788,0.0,0.0,0.0,0.0,0.0,0.0786963168803657,0.4392653120915593,0.4676321480847676,0.0,0.0950223680520525,0.0,0.0,0.0470641089648988
0.0,0.0,0.9610124075521682,0.2167956379312297,0.6455105283165793,0.775532526674081,0.2712602219449527,0.6358959956361746,0.8738874555072562,0.2863803168040861,0.0,0.7550689024166274,0.7465689096673397,0.0,0.0,0.0,0.1338763030716733,0.0,0.9192583604878865,0.0,0.0,0.0,0.8008469081631606,0.0040053066375159,0.0,0.2292780042850629,0.8635368600781083,0.8241909037117419,0.0,0.0,0.1939340030209868,0.0,0.0,0.0259350812940624,0.0,0.3416264409818314,0.2953450081241439,0.0,0.0,0.0,0.0,0.0,0.1361995613389154,0.0,0.0,0.0,0.0,0.8744899998790964,0.0,0.8300934922202702,0.6839139638669685,0.5106733380982674,0.6800035759923656,0.8646292141228411,0.0,0.9377791758966392,0.0,0.5621193270652173,0.0504096314303985,0.0,0.0,0.0,0.0,0.8302393850592569,0.0,0.0,0.0,0.7952396201116295,0.0,0.0,0.0,0.8134892310710615,0.5600799499639616,0.0,0.0,0.0
0.0,0.0,0.6582148727556622,0.3359240638916254,0.453801486973355,0.7940446666960096,0.2839947729303704,0.8303061987455385,0.5724610133487332,0.5991913390356743,0.7550689024166274,0.0,0.8016992381797845,0.0,0.0,0.0,0.206606865618325,0.3418492692331053,0.6546561947862668,0.0,0.3228222857472564,0.0,0.7841059398710144,0.0563099050000269,0.2204393777172331,0.3707032327660327,0.5405288577673742,0.7082250323971081,0.0,0.0,0.2140337201017473,0.0,0.0,0.1094205969327168,0.0,0.3794607410155171,0.331389433667803,0.0,0.0,0.0,0.0,0.0,0.157987082424735,0.0,0.0,0.0,0.0,0.0,0.0,0.0,0.0,0.0,0.0,0.0,0.4010359138077684,0.0,0.845568468786207,0.4903231054479261,0.0,0.0,0.0,0.6402553283090754,0.3765065589461211,0.0,0.0,0.0,0.0,0.0,0.0,0.0,0.2489578042081963,0.0,0.3007381094273981,0.0,0.0,0.0
0.1085995211407867,0.6684564417238658,0.7457166330364864,0.3178631038244818,0.6410917256852127,0.9227390475209734,0.5480120540318932,0.6375755991232397,0.6964240486695373,0.5676868826580315,0.7465689096673397,0.8016992381797845,0.0,0.0,0.6733984206482645,0.3887608553292341,0.4638510462976103,0.6062601103071783,0.7152604735051025,0.7707194587814918,0.3362710351661018,0.7518444688286033,0.7425267842072203,0.2090413340005954,0.4615290243449834,0.5841458699975031,0.7044162437241083,0.8590705465625584,0.6973873405100005,0.5622513926078482,0.3274800715685287,0.0,0.0,0.0044726587145937,0.0,0.2353203389154474,0.2253755806905544,0.0403962401175194,0.0,0.0,0.0,0.0,0.2556576693980902,0.0,0.0,0.0,0.0,0.6944584966328208,0.0,0.0,0.7677372257912581,0.4239338285367774,0.642698306059253,0.0,0.0,0.6998027162116475,0.7561834022264947,0.0,0.0,0.6181685200729535,0.0,0.0,0.0,0.0,0.745479695168618,0.0,0.7221720245857765,0.6934707869923356,0.0,0.1443345909857771,0.4681212883259893,0.6559442790603313,0.0,0.3470440271334761,0.0,0.0
0.0,0.0,0.0,0.0,0.3162367732324397,0.0,0.2349845134159363,0.0,0.0,0.0,0.0,0.0,0.0,0.0,0.0,0.0,0.0,0.0,0.0,0.0,0.0,0.0,0.0,0.0,0.0,0.0,0.0,0.0,0.0,0.0,0.0,0.3582453386903511,0.0,0.0,0.0,0.190223435938775,0.0,0.0,0.4972879760755621,0.0,0.0,0.0,0.487780689142566,0.0,0.0,0.0,0.0,0.0,0.0,0.0,0.0,0.0,0.0,0.0,0.0,0.0,0.0,0.0,0.0,0.0,0.0,0.0,0.0,0.0,0.0,0.0,0.0,0.0,0.0,0.0,0.0,0.0,0.0,0.0,0.0,0.0
0.1629691044598027,0.4000859493587372,0.0,0.0,0.0,0.6328889923767407,0.0,0.5610406158037277,0.0,0.0,0.0,0.0,0.6733984206482645,0.0,0.0,0.3402222815443689,0.0,0.2860177769140752,0.0,0.8065582818315877,0.564990949171782,0.7813771917286625,0.7396345699623674,0.0,0.2293645019114934,0.2636459460804334,0.820610939826588,0.8248712001400677,0.6526414650316644,0.0,0.4890003427432283,0.0,0.0,0.1863135463495072,0.0,0.3203155583947853,0.0,0.0,0.0,0.0,0.0623447791026142,0.0,0.141409334508732,0.0,0.0,0.0,0.658738113477992,0.0,0.0,0.0,0.528301011192793,0.0,0.609138846679765,0.0,0.0,0.0,0.0,0.3633920155401742,0.0,0.9750185478698364,0.0,0.0,0.0,0.0,0.8176349370906094,0.5201109350049832,0.8020077694942674,0.7433012163943481,0.0,0.0,0.3046829662232685,0.842685420517484,0.4853974227973937,0.3441889485153944,0.0,0.0
0.6704847553646887,0.6884644691168993,0.0,0.0,0.3086010468307243,0.3423103511525504,0.501368510935375,0.0,0.1648798070422571,0.5208058925633721,0.0,0.0,0.3887608553292341,0.0,0.3402222815443689,0.0,0.8160641498649883,0.79694474472025,0.0,0.446082164895345,0.4926792394317949,0.6108751969422228,0.2291154270811922,0.3046537780011244,0.7252240688707364,0.6349413296765865,0.3029912219796276,0.3518843829177909,0.7210205843441202,0.1524635156856139,0.5742515329756388,0.4275698897698478,0.342855027025181,0.1904772331158338,0.2618078913602697,0.0,0.0,0.0,0.2685912173670634,0.2628201619676241,0.2944367037709298,0.1687959550559676,0.0,0.0,0.0,0.5785017236699953,0.4814026957586678,0.0,0.0,0.0,0.0,0.0,0.0,0.0,0.0,0.0,0.0,0.0,0.0,0.3772673556628294,0.4983015132466017,0.0,0.4481195397844403,0.0,0.3754019176723388,0.3954368510117719,0.3708545083708536,0.2014786747903958,0.0,0.4985805853308931,0.5356437380257146,0.2492820038877862,0.0,0.6924925031669653,0.0,0.4464079099353696
0.6719434129691229,0.8221062020557598,0.0,0.0,0.0,0.4827413913564674,0.6826327688227605,0.0,0.0,0.7813049149745341,0.1338763030716733,0.206606865618325,0.4638510462976103,0.0,0.0,0.8160641498649883,0.0,0.8810148610084484,0.0,0.3921095792015405,0.0,0.5532538150365103,0.0,0.4177235581057161,0.8526882516970306,0.7809397937338085,0.0,0.304647199457664,0.7468846270126843,0.0,0.542922759776713,0.546347652599403,0.3442648691410531,0.2004024218404909,0.2356172441245371,0.0,0.0,0.3679441394510375,0.0,0.2919074196700106,0.0,0.0,0.0,0.0,0.0,0.0,0.0,0.0,0.0,0.0,0.0,0.0,0.0,0.0,0.4608510236078981,0.0,0.1313096149075477,0.0,0.0,0.0,0.0,0.2726568559397525,0.4530771307016351,0.0,0.0,0.0,0.0,0.0,0.3356483665474981,0.5869266418365514,0.617708384578366,0.0,0.0,0.0,0.0,0.0
0.5167784446074474,0.8422581399788988,0.0,0.0,0.0,0.5756491062875165,0.6452203746534512,0.1794054862507998,0.2609587243461447,0.6804050222435041,0.0,0.3418492692331053,0.6062601103071783,0.0,0.2860177769140752,0.79694474472025,0.8810148610084484,0.0,0.0,0.4571779983793966,0.4311737537478736,0.5766715061921107,0.3325855515763811,0.4379507284422477,0.8520585682449049,0.8190272018402712,0.3299351432604408,0.3564417203324715,0.6996649507849391,0.0639316695671867,0.370488554149086,0.3657738231757094,0.2279234163588927,0.0769105700065816,0.1150609616911495,0.0,0.0,0.0,0.2325924788879068,0.0976566430422892,0.2083054476812983,0.099494469322727,0.0,0.0,0.0,0.3625287160237145,0.5481330089035669,0.0,0.0,0.0,0.0,0.0,0.0,0.0,0.2925477679493897,0.0,0.3199559502676924,0.0,0.0,0.0,0.4209128138369563,0.3353973742759949,0.5845662410258602,0.0,0.0,0.0,0.4004307337698388,0.0,0.3256414884255337,0.4887445354154595,0.5442618887190102,0.0,0.0,0.0,0.0,0.4251362908790791
0.0,0.0,0.933400668656249,0.2362005291682108,0.6243344700031564,0.7295854129531903,0.346727463972093,0.5649953041916105,0.844812512524032,0.3544069508601702,0.9192583604878865,0.6546561947862668,0.7152604735051025,0.0,0.0,0.0,0.0,0.0,0.0,0.0,0.0,0.0,0.7820319261716514,0.0,0.0,0.0,0.8272408614480585,0.7925672153663311,0.0,0.0,0.2846159941039544,0.0,0.0,0.1154150542661566,0.0,0.2465448209633979,0.2436595207754684,0.0879044243288125,0.0,0.0,0.0,0.0,0.1421511626758859,0.0,0.0,0.0,0.0,0.8657778999795883,0.0,0.7269679431127054,0.5894828806856377,0.4093113293885611,0.6365940775195763,0.7968240981106433,0.0,0.910310529744996,0.0,0.5350771128761789,0.0784133943211115,0.0,0.0,0.0,0.0,0.9778536625560535,0.0,0.0,0.0,0.7893950401119918,0.0,0.0,0.0,0.7513673391282232,0.0,0.0,0.0,0.0
0.2144541718029883,0.4319422673478861,0.0,0.2394978397387755,0.7691715639891403,0.7510079103801518,0.5300018518639379,0.3150752913747323,0.7856389571899266,0.3338736164162726,0.0,0.0,0.7707194587814918,0.0,0.8065582818315877,0.446082164895345,0.3921095792015405,0.4571779983793966,0.0,0.0,0.2149999810887644,1.0,0.6333837716710201,0.0,0.289535213522731,0.4606192958202705,0.8739463335726777,0.7630983265367551,0.6722839597086477,0.5702454100206845,0.2961011705238756,0.0076071828530767,0.0,0.0,0.0,0.2098997511936298,0.2178133240529322,0.0,0.0,0.0,0.0,0.0,0.4307442440337544,0.0,0.0,0.0,0.5759676043781148,0.0,0.0,0.0,0.7010469872697819,0.0,0.4040187992406745,0.0,0.0,0.0,0.0,0.6425335124967274,0.0,0.7218454964213864,0.3281884890725212,0.0,0.0,0.0,0.9705346163894956,0.1297071333952037,0.977950112320691,0.646763066476445,0.0,0.1412284612346739,0.5057824222669766,0.7680954312681165,0.81025789095341,0.4092111698723494,0.3281098802990854,0.3445737603255325
0.6661701375241709,0.5496560416926763,0.0,0.0,0.0,0.3391557020317767,0.0,0.4854264779413584,0.0,0.0,0.0,0.3228222857472564,0.3362710351661018,0.0,0.564990949171782,0.4926792394317949,0.0,0.4311737537478736,0.0,0.2149999810887644,0.0,0.3300688859805048,0.5096362968003135,0.0807336844871662,0.5359631435273432,0.4130759371657599,0.2391602838651292,0.3955476475358285,0.6216964480388608,0.0,0.7429106382794132,0.2592998402745358,0.5155873053287992,0.5712143711623607,0.0,0.0,0.0,0.0,0.0,0.2363460037884313,0.3411813491004305,0.0,0.0,0.0,0.0,0.5708139253267894,0.555920833685515,0.0,0.0,0.0,0.0633682690461655,0.0,0.4504246288023116,0.0,0.0,0.0,0.0,0.0,0.0,0.5897414064221722,0.0,0.0,0.0,0.0,0.1716839413897641,0.9628110495232172,0.1745012379541976,0.4395701110635522,0.0,0.2076952660367304,0.3952167776348878,0.2709900213436186,0.0,0.4227402500545432,0.0,0.0
0.3522539482606845,0.5517913409105872,0.0,0.0,0.7269312186807367,0.7145334761171629,0.6237042429636777,0.2497397189891467,0.7019784965906364,0.4471116452283588,0.0,0.0,0.7518444688286033,0.0,0.7813771917286625,0.6108751969422228,0.5532538150365103,0.5766715061921107,0.0,1.0,0.3300688859805048,0.0,0.5747255707650969,0.0,0.4412346819652919,0.551964691373537,0.8414058606825081,0.7435089560344046,0.7530312275001143,0.4878850597065842,0.4117060407710918,0.1179474343843187,0.0,0.0,0.0250647740457622,0.0929199885168648,0.1598602657088788,0.0,0.0411677915523827,0.0,0.0716946885492067,0.0561069203976031,0.4072426815799913,0.0,0.0,0.2666671547775346,0.6293448890701883,0.0,0.0,0.0,0.6524385010714159,0.0,0.0,0.0,0.0,0.0,0.0,0.0,0.0,0.7304026419633435,0.4074376162778566,0.0,0.5833523435036772,0.0,0.9567880097863828,0.2336851598330505,0.9487666530084652,0.5847179412885033,0.0,0.2379214120094218,0.5590203368333415,0.7524754543760404,0.7637556937797899,0.5522656373767677,0.0,0.4137458579216545
0.1671315867220154,0.4652097611666325,0.7781321514257399,0.2506199352303697,0.5393263028896517,0.8546305159330597,0.3551873318575668,0.8160135362882079,0.7009275873096826,0.5003909565107703,0.8008469081631606,0.7841059398710144,0.7425267842072203,0.0,0.7396345699623674,0.2291154270811922,0.0,0.3325855515763811,0.7820319261716514,0.6333837716710201,0.5096362968003135,0.5747255707650969,0.0,0.21348091329652,0.2423180104810896,0.4116197172182617,0.732090946373209,0.732101918309994,0.6122831655429005,0.5722495800769573,0.4389076238220508,0.0,0.0363534806279297,0.1343608798509144,0.0,0.3061852134882204,0.2198256100204319,0.1148379989515196,0.0,0.0,0.0193126370301503,0.0,0.2199982237164108,0.0,0.0,0.0,0.7175906145351443,0.7147963108143925,0.0,0.6406119982117878,0.6943707429689305,0.5279926315128436,0.8479421486891472,0.6944405050381695,0.0,0.7396870234443569,0.0,0.5524113312893144,0.134648689959304,0.6790473863223423,0.0,0.0,0.0,0.7264711002972288,0.5636249639230626,0.4797656903668796,0.5935144362167819,0.988923380032906,0.0,0.0632382230986663,0.4892513947967709,0.7047879729745062,0.4394414840578566,0.2367444522545309,0.0,0.0
0.5598699430818167,0.0,0.0,0.0,0.0,0.0,0.6585899058269764,0.0,0.2002838079600715,0.224724209791533,0.0040053066375159,0.0563099050000269,0.2090413340005954,0.0,0.0,0.3046537780011244,0.4177235581057161,0.4379507284422477,0.0,0.0,0.0807336844871662,0.0,0.21348091329652,0.0,0.2763995462236112,0.696421440861388,0.192724373352999,0.0,0.0,0.0,0.0527375670449119,0.5054228616695062,0.0,0.0,0.5031711090714659,0.0,0.0,0.6798871879121783,0.6292517612038185,0.282685403386939,0.0,0.0,0.0,0.0,0.7354887769736689,0.5804771043603267,0.0,0.0,0.0,0.0,0.0,0.0,0.0,0.0,0.0386801373872504,0.0,0.2967515013868481,0.0,0.0,0.0,0.6364776802093983,0.0,0.4305527182974766,0.0,0.0,0.0,0.0,0.0,0.9589985827414454,0.4754724091347712,0.7647935104446351,0.0,0.527037887671294,0.0,0.0,0.7319722686894692
0.5810360006682971,0.927879651776617,0.0,0.0,0.1852634476939943,0.4432660337358853,0.5505745747811539,0.1556753097108329,0.091440399769368,0.8072884675486666,0.0,0.2204393777172331,0.4615290243449834,0.0,0.2293645019114934,0.7252240688707364,0.8526882516970306,0.8520585682449049,0.0,0.289535213522731,0.5359631435273432,0.4412346819652919,0.2423180104810896,0.2763995462236112,0.0,0.7876518786994815,0.1405555181233769,0.248543141336987,0.7282872466844714,0.0,0.393005537694072,0.3506643365251513,0.3543425419779306,0.2033577093710315,0.023440640155599,0.0,0.0,0.064132145999756,0.2131506487946673,0.1666375948663134,0.3976421127480463,0.0841996481220507,0.0,0.0,0.0,0.4126491399750258,0.6100970266149016,0.0,0.0,0.0,0.0,0.0,0.0,0.0,0.4784540939420074,0.0,0.0858425539394802,0.1720938818217861,0.0,0.2706391991348229,0.3400445097875187,0.342955216422649,0.448304742504712,0.0,0.2915657726658077,0.4802310955094113,0.2057455664443297,0.2272596263665766,0.1900628472294306,0.6154362742210295,0.4865243015043248,0.0,0.0,0.6996458625056544,0.0,0.2588058118043504
0.6246239491223704,0.8147521288355211,0.0,0.0,0.4876598332404068,0.6201904037262328,0.6989114418025598,0.1547320555867433,0.2838346164558244,0.689080360314037,0.2292780042850629,0.3707032327660327,0.5841458699975031,0.0,0.2636459460804334,0.6349413296765865,0.7809397937338085,0.8190272018402712,0.0,0.4606192958202705,0.4130759371657599,0.551964691373537,0.4116197172182617,0.696421440861388,0.7876518786994815,0.0,0.2995322371522589,0.2561778933388597,0.6171826045299337,0.0,0.2802270020228128,0.4226491910225454,0.1314312165102297,0.0,0.2119315345689164,0.0,0.0,0.3703152220631436,0.3691595992181812,0.2063343086567137,0.1452628178137391,0.2538638889687664,0.0,0.0,0.3348214697673017,0.5157975868915308,0.513852599009182,0.0,0.0,0.0,0.4041923031443592,0.0,0.0,0.0,0.3561089101139927,0.0,0.3908124661771824,0.4584699600765149,0.0,0.2927704310328847,0.5127473205572873,0.2502783117518893,0.6013748611590032,0.0,0.4391107761454085,0.2778980801943745,0.4145186305823272,0.3607275089446768,0.5786209678792354,0.604509737658006,0.8159677710448323,0.2554464679944473,0.4221029318785314,0.51450565915388,0.0,0.511355374565721
0.065937350812479,0.3171345989473815,0.9065402285276126,0.1874046942013813,0.7640326961658527,0.7658782063245034,0.5106472890440407,0.3823607918765939,0.9255626360975454,0.2764843366689107,0.8635368600781083,0.5405288577673742,0.7044162437241083,0.0,0.820610939826588,0.3029912219796276,0.0,0.3299351432604408,0.8272408614480585,0.8739463335726777,0.2391602838651292,0.8414058606825081,0.732090946373209,0.192724373352999,0.1405555181233769,0.2995322371522589,0.0,0.7458186573033985,0.6378743669584495,0.5781068033560979,0.3508449732823614,0.0,0.0,0.0,0.0,0.2215082339493583,0.1997201334566783,0.2522664733994413,0.0,0.0,0.0,0.0,0.3023315781617121,0.1035561890299711,0.0,0.0,0.6053379271104286,0.8778203596705312,0.0,0.8419759727446685,0.6365974634559909,0.4547788651593518,0.489645801013026,0.9007776745654836,0.0,0.8929857941227753,0.0,0.611781818534919,0.2444189792988077,0.7199166675476228,0.0,0.0,0.0,0.8064699783602688,0.8216525458918444,0.1517598727861949,0.8757905137280833,0.738511426109665,0.0,0.0,0.4342594914308825,0.9005146320593483,0.7231066813256676,0.2941608453397211,0.1606455067950771,0.206916390613393
0.0664358115092097,0.4691967954446789,0.7918736255329113,0.4618465210218597,0.4934669048557518,0.7288484347084322,0.2985462528908864,0.6472547895194967,0.7141728720862991,0.4188893660592365,0.8241909037117419,0.7082250323971081,0.8590705465625584,0.0,0.8248712001400677,0.3518843829177909,0.304647199457664,0.3564417203324715,0.7925672153663311,0.7630983265367551,0.3955476475358285,0.7435089560344046,0.732101918309994,0.0,0.248543141336987,0.2561778933388597,0.7458186573033985,0.0,0.6272122231742615,0.8193102977161194,0.4789439426397198,0.0,0.0,0.1760693374505069,0.0,0.3768478127345439,0.383997405997511,0.0,0.0,0.0,0.0888967091162437,0.0,0.190505816719871,0.0,0.0,0.0,0.0,0.7047291226003598,0.0,0.0,0.6245043458950461,0.0,0.6638612046431224,0.739522656503838,0.2339272688621104,0.0,0.6229328527832827,0.4825170074455611,0.0,0.7495482900707184,0.0,0.0,0.0,0.0,0.7156668120458742,0.3807855707965402,0.7164338606639753,0.7323318241692334,0.0,0.0,0.2522906933716042,0.7292107530820494,0.558709299490879,0.2740763871101225,0.0,0.0
0.5589361875072646,0.7740578407407653,0.0,0.2187949064527371,0.5470080898645969,0.7370679688659304,0.6605392221019936,0.3193564597768893,0.5055997096096768,0.7108025989947732,0.0,0.0,0.6973873405100005,0.0,0.6526414650316644,0.7210205843441202,0.7468846270126843,0.6996649507849391,0.0,0.6722839597086477,0.6216964480388608,0.7530312275001143,0.6122831655429005,0.0,0.7282872466844714,0.6171826045299337,0.6378743669584495,0.6272122231742615,0.0,0.4120122191940034,0.6564627639277663,0.2403065601298958,0.1981301482337711,0.2323048381267412,0.0315699829575957,0.0,0.0539916459621548,0.0,0.0594104685134081,0.1203673157670804,0.2565653771840224,0.022732818882365,0.2802018667150781,0.0,0.0,0.0,0.7579935332445507,0.4220417977045266,0.0,0.0,0.5013701507144012,0.3703342100006007,0.339397462092473,0.5038047735574128,0.0,0.0,0.0,0.4256303289443504,0.0,0.630269363838903,0.0,0.0,0.0,0.0,0.6028426528193299,0.5547357418993407,0.6045317868937502,0.5603249208229374,0.0,0.0,0.6128290972363234,0.5934804830803694,0.475914029219689,0.7738547946964547,0.1769011783910013,0.2971754213076876
0.0,0.0,0.0,0.0,0.0,0.4797838332388859,0.0,0.6022721398970793,0.5488227158846946,0.0,0.0,0.0,0.5622513926078482,0.0,0.0,0.1524635156856139,0.0,0.0639316695671867,0.0,0.5702454100206845,0.0,0.4878850597065842,0.5722495800769573,0.0,0.0,0.0,0.5781068033560979,0.8193102977161194,0.4120122191940034,0.0,0.4487703427727247,0.0,0.0,0.2908545230933885,0.0,0.0,0.0,0.0,0.0,0.0,0.0,0.0,0.0,0.0,0.0,0.0,0.0,0.0,0.0,0.0,0.0,0.0,0.0,0.0,0.0,0.0,0.0,0.0,0.0,0.0,0.0,0.0,0.0,0.0,0.5169777061868207,0.0,0.0,0.515870180543044,0.0,0.0,0.0,0.5562492803152124,0.0,0.0312356270778317,0.0,0.0
0.5782896126458734,0.3935123427640987,0.1964751354391746,0.278278159156579,0.1345557730216781,0.3406440204076383,0.3144251823933215,0.3004151033995201,0.2316561802790827,0.5268160295727878,0.1939340030209868,0.2140337201017473,0.3274800715685287,0.0,0.4890003427432283,0.5742515329756388,0.542922759776713,0.370488554149086,0.2846159941039544,0.2961011705238756,0.7429106382794132,0.4117060407710918,0.4389076238220508,0.0527375670449119,0.393005537694072,0.2802270020228128,0.3508449732823614,0.4789439426397198,0.6564627639277663,0.4487703427727247,0.0,0.3230872607787879,0.5252045622494756,0.5510932482813062,0.1142506475065205,0.1844699010353451,0.1227284670603709,0.1872501874956698,0.0020385044010775,0.3261792931844879,0.3931943115325304,0.0,0.1795294475641836,0.0,0.0,0.0,0.4381900217417862,0.0,0.0,0.0,0.0934302144469969,0.0,0.3168946551580886,0.0,0.4573859240424703,0.0,0.0952568652093239,0.0,0.0,0.4921599540758595,0.0151875973116276,0.1008225691677784,0.1339533555769152,0.0,0.1868330773507755,0.7063557612720031,0.2409655885048993,0.3710025433645716,0.0,0.1502462147298746,0.3467396686368567,0.3104625969616496,0.0834606858314929,0.4092295071861354,0.0,0.0499510178919509
0.603298171135298,0.2402981502263096,0.0,0.0,0.1459936963579227,0.0428042086586879,0.4987774656822759,0.0,0.0,0.2153145051971816,0.0,0.0,0.0,0.3582453386903511,0.0,0.4275698897698478,0.546347652599403,0.3657738231757094,0.0,0.0076071828530767,0.2592998402745358,0.1179474343843187,0.0,0.5054228616695062,0.3506643365251513,0.4226491910225454,0.0,0.0,0.2403065601298958,0.0,0.3230872607787879,0.0,0.3050853110855329,0.1338394891069129,0.6695657626197263,0.0,0.0,0.6135277258762034,0.8522858899603313,0.5086779767194324,0.1600671000577096,0.5823775222345894,0.3008776863215032,0.4139041839089626,0.5463590164557611,0.7336330055349901,0.0329560738571595,0.0,0.0,0.0,0.0,0.0,0.0,0.0,0.1208324707510613,0.0,0.0,0.0421507937918431,0.0,0.0,0.4708357371772634,0.0,0.0123726667505163,0.0,0.0,0.1554614842640851,0.0,0.0,0.4656351225390816,0.4736097624014694,0.4828975487952286,0.0,0.1309560729455018,0.3082565770922165,0.0,0.5742523577607295
0.4333494569116068,0.2564789214643678,0.0,0.0,0.0,0.0,0.0,0.1132305894488022,0.0,0.318199781153257,0.0,0.0,0.0,0.0,0.0,0.342855027025181,0.3442648691410531,0.2279234163588927,0.0,0.0,0.5155873053287992,0.0,0.0363534806279297,0.0,0.3543425419779306,0.1314312165102297,0.0,0.0,0.1981301482337711,0.0,0.5252045622494756,0.3050853110855329,0.0,0.6709722276020018,0.0559157667898284,0.0231954211373583,0.0,0.0364206607529595,0.1185325025300045,0.6439848184387682,0.4485076605487705,0.0,0.0,0.0,0.0,0.4444812289571171,0.1619043272030877,0.0,0.0,0.0,0.0,0.0,0.0,0.0,0.4589357453950699,0.0,0.0,0.0,0.0,0.0,0.0,0.0829498947749932,0.0,0.0,0.0,0.4774323171584437,0.0,0.0,0.0,0.2287278668276063,0.1409366482268916,0.0,0.0,0.0,0.0,0.0
0.2030860663021617,0.2295158922112162,0.0,0.2677221461542153,0.0,0.0003202344606212,0.0,0.2892142670124168,0.0,0.318262565954593,0.0259350812940624,0.1094205969327168,0.0044726587145937,0.0,0.1863135463495072,0.1904772331158338,0.2004024218404909,0.0769105700065816,0.1154150542661566,0.0,0.5712143711623607,0.0,0.1343608798509144,0.0,0.2033577093710315,0.0,0.0,0.1760693374505069,0.2323048381267412,0.2908545230933885,0.5510932482813062,0.1338394891069129,0.6709722276020018,0.0,0.0,0.1927836656429569,0.0640643932983915,0.0,0.0,0.2883344175835148,0.4311434331209489,0.0,0.0,0.0,0.0,0.168940030184525,0.2468655511959421,0.0,0.0,0.0,0.0,0.2711628093340879,0.2271499570351135,0.0,0.3721257828535723,0.0,0.0,0.0,0.0,0.1888153728432674,0.0,0.1316994255504823,0.0,0.0,0.0,0.5565963770530262,0.0,0.0713324298767926,0.0,0.0,0.0,0.0391325879910998,0.0,0.0318427361295133,0.0,0.0
0.37846353077593,0.0,0.0,0.0,0.2286803470056892,0.0,0.3702051020597223,0.0,0.0,0.0,0.0,0.0,0.0,0.0,0.0,0.2618078913602697,0.2356172441245371,0.1150609616911495,0.0,0.0,0.0,0.0250647740457622,0.0,0.5031711090714659,0.023440640155599,0.2119315345689164,0.0,0.0,0.0315699829575957,0.0,0.1142506475065205,0.6695657626197263,0.0559157667898284,0.0,0.0,0.0,0.0,0.5903604942272523,0.7410240346366038,0.4898579548273435,0.0,0.7579822341690925,0.2865147459208791,0.6498898655988727,0.6498494223954846,0.0,0.0,0.0,0.0,0.0,0.0,0.0,0.0,0.0,0.0,0.0,0.0,0.1649246014206753,0.0,0.0,0.5341631269682017,0.0,0.0,0.0,0.0,0.0,0.0,0.0,0.0,0.4227886411607565,0.4569117208837026,0.0,0.3152639074071334,0.2222925909670098,0.0,0.0
0.0,0.0,0.2758633084844977,0.45563134764284,0.1253653747562864,0.1623891383022092,0.0,0.4287729013435247,0.1836957471875544,0.0,0.3416264409818314,0.3794607410155171,0.2353203389154474,0.190223435938775,0.3203155583947853,0.0,0.0,0.0,0.2465448209633979,0.2098997511936298,0.0,0.0929199885168648,0.3061852134882204,0.0,0.0,0.0,0.2215082339493583,0.3768478127345439,0.0,0.0,0.1844699010353451,0.0,0.0231954211373583,0.1927836656429569,0.0,0.0,0.4668638439691108,0.0,0.0,0.0,0.0,0.0,0.2426707977299246,0.0,0.0,0.0,0.0,0.1736724051175218,0.0,0.3477096226443938,0.1563201442245851,0.2768928608222981,0.4049168001958307,0.2025134455019413,0.0,0.1782408206636994,0.3970520440410644,0.0925001397626603,0.0,0.0,0.0,0.0,0.0,0.1715491174901134,0.1039055947280415,0.0,0.0906361284191934,0.2411579046003424,0.0,0.0,0.0,0.258917782934844,0.0285078743309415,0.0,0.0,0.0
0.0,0.0,0.310779060841623,0.5086614815897753,0.0495972371798934,0.1752032285585379,0.0,0.3402297995174138,0.1682849165049825,0.0294481368170916,0.2953450081241439,0.331389433667803,0.2253755806905544,0.0,0.0,0.0,0.0,0.0,0.2436595207754684,0.2178133240529322,0.0,0.1598602657088788,0.2198256100204319,0.0,0.0,0.0,0.1997201334566783,0.383997405997511,0.0539916459621548,0.0,0.1227284670603709,0.0,0.0,0.0640643932983915,0.0,0.4668638439691108,0.0,0.0,0.0,0.0,0.0,0.0,0.1106602387803238,0.0,0.0,0.0,0.0,0.0,0.0,0.0,0.0,0.0,0.0,0.0,0.0,0.0,0.0,0.0,0.0,0.0,0.0,0.0,0.0,0.0,0.0,0.0,0.0,0.2291335597380042,0.0,0.0,0.0,0.0,0.0,0.0,0.0,0.0
0.3843983580256937,0.0,0.0,0.0,0.4234431640036947,0.2161040392885115,0.5211829186565948,0.0,0.2507567398824384,0.0272285262952453,0.0,0.0,0.0403962401175194,0.0,0.0,0.0,0.3679441394510375,0.0,0.0879044243288125,0.0,0.0,0.0,0.1148379989515196,0.6798871879121783,0.064132145999756,0.3703152220631436,0.2522664733994413,0.0,0.0,0.0,0.1872501874956698,0.6135277258762034,0.0364206607529595,0.0,0.5903604942272523,0.0,0.0,0.0,0.6622578002969088,0.4387689254239,0.0020093172837358,0.5568010298234594,0.0,0.0,0.7521643727100167,0.0,0.0,0.0,0.0,0.0,0.0,0.0,0.0,0.0,0.0,0.0,0.0741936372712418,0.0,0.0,0.0,0.0,0.0,0.0,0.0,0.0,0.0,0.0,0.0,0.6132959215235108,0.3005086578232931,0.4996215672208443,0.0,0.5277907415130806,0.0,0.0,0.0
0.4928347572891511,0.0666596860783542,0.0,0.0,0.1736056899052078,0.0,0.4589940067852728,0.0,0.0,0.0,0.0,0.0,0.0,0.4972879760755621,0.0,0.2685912173670634,0.0,0.2325924788879068,0.0,0.0,0.0,0.0411677915523827,0.0,0.6292517612038185,0.2131506487946673,0.3691595992181812,0.0,0.0,0.0594104685134081,0.0,0.0020385044010775,0.8522858899603313,0.1185325025300045,0.0,0.7410240346366038,0.0,0.0,0.6622578002969088,0.0,0.480233405982836,0.031405957698335,0.7466098307194937,0.3287017167673755,0.5457008697776944,0.7089004105299964,0.652993884661563,0.0,0.0,0.2786507807269286,0.0,0.0,0.0,0.0,0.0,0.0,0.0,0.0,0.1052652664773498,0.491864901033048,0.0,0.6211874708422013,0.0,0.0308347419815156,0.0,0.0,0.0,0.0,0.0,0.6408094140141415,0.4977580365298993,0.5104411854336813,0.0,0.2244561790917273,0.234899639053092,0.4921143810580364,0.7136693183000792
0.5102388917055777,0.0519433544531588,0.0,0.0,0.0,0.0,0.0,0.0,0.0,0.1011720453519173,0.0,0.0,0.0,0.0,0.0,0.2628201619676241,0.2919074196700106,0.0976566430422892,0.0,0.0,0.2363460037884313,0.0,0.0,0.282685403386939,0.1666375948663134,0.2063343086567137,0.0,0.0,0.1203673157670804,0.0,0.3261792931844879,0.5086779767194324,0.6439848184387682,0.2883344175835148,0.4898579548273435,0.0,0.0,0.4387689254239,0.480233405982836,0.0,0.3057329831194296,0.3845995334179221,0.1915361056441953,0.327213112848761,0.3558903287966751,0.6545737794227989,0.0220141121266004,0.0,0.0,0.0,0.0,0.0,0.0,0.0,0.3675501535679777,0.0,0.0,0.0,0.0,0.0,0.1963284463825018,0.0,0.0,0.0,0.0,0.1888929090573694,0.0,0.0,0.2316376742088311,0.4384907757746711,0.4331692313100568,0.0,0.0,0.1154387431113577,0.0,0.2152397411417443
0.3874631226130859,0.2847884357578237,0.0,0.0,0.0,0.0,0.0321543103062017,0.0304159754145021,0.0,0.3241204125112548,0.0,0.0,0.0,0.0,0.0623447791026142,0.2944367037709298,0.0,0.2083054476812983,0.0,0.0,0.3411813491004305,0.0716946885492067,0.0193126370301503,0.0,0.3976421127480463,0.1452628178137391,0.0,0.0888967091162437,0.2565653771840224,0.0,0.3931943115325304,0.1600671000577096,0.4485076605487705,0.4311434331209489,0.0,0.0,0.0,0.0020093172837358,0.031405957698335,0.3057329831194296,0.0,0.0,0.0020973881343953,0.0,0.0,0.3031485252144932,0.1660852863585794,0.0,0.3029529655512771,0.0,0.0,0.0213996861566311,0.0,0.0,0.306493294822968,0.0,0.0,0.0,0.0,0.1027134140213271,0.0721790049971811,0.1426498962919867,0.0218766714487215,0.0,0.0,0.3536627183117738,0.0,0.0,0.0,0.2588839258440242,0.0379035043254654,0.0,0.0,0.2928531271175484,0.0,0.0
0.0,0.0,0.0,0.0,0.0,0.0,0.0,0.0,0.0,0.0,0.0,0.0,0.0,0.0,0.0,0.1687959550559676,0.0,0.099494469322727,0.0,0.0,0.0,0.0561069203976031,0.0,0.0,0.0841996481220507,0.2538638889687664,0.0,0.0,0.022732818882365,0.0,0.0,0.5823775222345894,0.0,0.0,0.7579822341690925,0.0,0.0,0.5568010298234594,0.7466098307194937,0.3845995334179221,0.0,0.0,0.3504199674186293,0.5493387983122565,0.6576094862620153,0.4922853502612629,0.0,0.0,0.2405287548360614,0.0,0.0,0.0,0.0,0.0,0.0,0.0,0.0,0.1288891218769885,0.0,0.0,0.5536922063546752,0.0,0.1094950916345935,0.0,0.0,0.0,0.0,0.0,0.6041609362489684,0.4738539376378404,0.4588553935703892,0.0,0.2442477134278651,0.2618908033818573,0.319357002026255,0.6247321444315602
0.0,0.0,0.2304888279695469,0.0,0.4682524321178529,0.3360503366053966,0.4353777610319235,0.0,0.2621930892160746,0.0,0.1361995613389154,0.157987082424735,0.2556576693980902,0.487780689142566,0.141409334508732,0.0,0.0,0.0,0.1421511626758859,0.4307442440337544,0.0,0.4072426815799913,0.2199982237164108,0.0,0.0,0.0,0.3023315781617121,0.190505816719871,0.2802018667150781,0.0,0.1795294475641836,0.3008776863215032,0.0,0.0,0.2865147459208791,0.2426707977299246,0.1106602387803238,0.0,0.3287017167673755,0.1915361056441953,0.0020973881343953,0.3504199674186293,0.0,0.5424037784879805,0.506327424895386,0.0,0.0,0.2529691242961076,0.1196195452009257,0.2859273478583324,0.2877688503224291,0.0,0.0818248432363423,0.2570054901683069,0.0285646434306564,0.2169410188066176,0.3592566622982537,0.4409162841964532,0.5427945673813869,0.0791449809269459,0.0,0.0,0.0,0.2015198214647105,0.3154465041009876,0.0,0.3464482517017924,0.1701073701998086,0.5051760883769378,0.2288494912624624,0.4518642080908688,0.135577620499883,0.525141580662996,0.1670425333903823,0.0,0.4400888751783484
0.0,0.0,0.0,0.0,0.0,0.0,0.0,0.0,0.0,0.0,0.0,0.0,0.0,0.0,0.0,0.0,0.0,0.0,0.0,0.0,0.0,0.0,0.0,0.0,0.0,0.0,0.1035561890299711,0.0,0.0,0.0,0.0,0.4139041839089626,0.0,0.0,0.6498898655988727,0.0,0.0,0.0,0.5457008697776944,0.327213112848761,0.0,0.5493387983122565,0.5424037784879805,0.0,0.6033487416200038,0.0,0.0,0.1460798943466076,0.1522488999445088,0.1714997620678358,0.1108414692935957,0.0,0.0,0.0691665279672219,0.0,0.0690245916858822,0.1151416247133066,0.4079902905566228,0.5982335491141293,0.0,0.0,0.0,0.0,0.083821845630999,0.0,0.0,0.0,0.0,0.0,0.0,0.0,0.0,0.5062686783026537,0.0934558787377919,0.0,0.5957388069555034
0.0,0.0,0.0,0.0,0.0,0.0,0.0,0.0,0.0,0.0,0.0,0.0,0.0,0.0,0.0,0.0,0.0,0.0,0.0,0.0,0.0,0.0,0.0,0.7354887769736689,0.0,0.3348214697673017,0.0,0.0,0.0,0.0,0.0,0.5463590164557611,0.0,0.0,0.6498494223954846,0.0,0.0,0.7521643727100167,0.7089004105299964,0.3558903287966751,0.0,0.6576094862620153,0.506327424895386,0.6033487416200038,0.0,0.4656052741379633,0.0,0.0,0.0,0.1340604934350666,0.0,0.0,0.0,0.1312320869539317,0.0,0.1060812315936729,0.0442561525269783,0.3459093169159483,0.0,0.0,0.0,0.0,0.1556131924150953,0.1268994149779418,0.0,0.0,0.0,0.0,0.744519908694124,0.2638036165769196,0.489046218977082,0.0,0.5608632217994555,0.0,0.0,0.8436480421819903
0.92935480945296,0.3237010168291103,0.0,0.0,0.0,0.0,0.0,0.0,0.0,0.3350595622934319,0.0,0.0,0.0,0.0,0.0,0.5785017236699953,0.0,0.3625287160237145,0.0,0.0,0.5708139253267894,0.2666671547775346,0.0,0.5804771043603267,0.4126491399750258,0.5157975868915308,0.0,0.0,0.0,0.0,0.0,0.7336330055349901,0.4444812289571171,0.168940030184525,0.0,0.0,0.0,0.0,0.652993884661563,0.6545737794227989,0.3031485252144932,0.4922853502612629,0.0,0.0,0.4656052741379633,0.0,0.2204727445727318,0.0,0.0,0.0,0.0,0.0,0.0,0.0,0.0,0.0,0.0,0.0344789227951009,0.0,0.1575985682864206,0.4864610092338945,0.0,0.1720378207174193,0.0,0.0163517078802365,0.4443493101418248,0.1244763528444856,0.0428215720632183,0.5235854558877591,0.5522745354751101,0.6943406657575427,0.0,0.1758221161680557,0.4728300967836267,0.0,0.542390484864631
