0.0,0.5740627795457528,0.0,0.0,0.0,0.0,0.0,0.2630359129901978,0.0,0.4318632210681818,0.0,0.0,0.0,0.0,0.6114937741116879,0.7807886530658614,0.2949697248993896,0.1934231745520119,0.0,0.6479917417832327,0.6774894621856263,0.816317528681173,0.0716993081931905,0.3089414981853686,0.7027124898174947,0.3976011279944809,0.1076593780331554,0.4685207983883089,0.1085428912953403,0.0,0.6809202675323858,0.0,0.4881881343890779,0.4850252479739975,0.1030790335743404,0.0,0.0,0.0,0.0,0.0,0.1004264729326359,0.0,0.0,0.0,0.0,0.8377490610477846,0.0723714112660354,0.0,0.0,0.0,0.0,0.0,0.0,0.0,0.4497822631049087,0.0,0.0,0.0,0.0,0.0,0.0,0.0,0.0106663304122811,0.0,0.0,0.6971507213753425,0.1369673370866586,0.0,0.2245921237123798,0.056827463599337,0.4524054025180718,0.0,0.0,0.0,0.0,0.0
0.5740627795457528,0.0,0.0,0.0,0.2044526990713539,0.0,0.2671416215376334,0.3638774557472996,0.1114266864824209,0.0,0.0,0.0,0.5555905215511195,0.0,0.0255835390664135,0.688332238510407,0.0,0.4960797925981813,0.0,0.2232418816748484,0.4801421233686303,0.5755461010803754,0.0,0.0,0.5994025592332592,0.6278343941263349,0.0,0.6189435923506637,0.0,0.0,0.2813430516223456,0.0,0.3289650638331753,0.2026415835440308,0.0,0.0,0.0,0.0,0.0,0.0,0.0,0.0,0.0,0.0,0.0,0.2285523891967458,0.0,0.0,0.0,0.0,0.0,0.0,0.0,0.0,0.0,0.0,0.0,0.0,0.0,0.2186968430579396,0.0,0.0,0.0,0.0,0.0478371116854738,0.3618266038976613,0.0,0.2717382093684236,0.0,0.0,0.1216823406640077,0.4209315692958633,0.0,0.3532182203976157,0.0,0.0
0.0,0.0,0.0,0.0,0.244850833551788,0.1997225819922523,0.3224322738104067,0.221682676954432,0.7855834976437494,0.3973983142317625,0.643287482429084,0.0,0.2564427313304896,0.0,0.0,0.0,0.0,0.0,0.6047331465946281,0.0,0.0,0.0,0.1697868507820351,0.0,0.0,0.0,0.5877310715427282,0.1416808557459463,0.0,0.173302014033516,0.2841945811176137,0.0323007158913423,0.0,0.3493248585111396,0.047115166417207,0.0,0.0,0.0,0.0,0.0,0.0,0.0,0.0,0.0,0.0,0.0,0.0,0.765820198057018,0.0,0.29999746508826,0.4326328692453482,0.0,0.3075574329224428,0.8184295678786788,0.0,0.6705535753576551,0.0,0.0,0.0,0.0,0.0,0.0,0.0,0.7542477743891115,0.0,0.0,0.0,0.3578707280592679,0.0,0.0,0.0,0.5934740108268481,0.0,0.0,0.0,0.0
0.0,0.0,0.0,0.0,0.1652946054237965,0.0,0.0880419406869716,0.1627186885920835,0.0,0.2672554881138796,0.0,0.0,0.2383006782698803,0.1419232151994622,0.0,0.0,0.0,0.0,0.0,0.0,0.0,0.0,0.0,0.0,0.0,0.0,0.0,0.4449318310938007,0.0,0.0,0.0,0.0,0.0,0.1777384695751685,0.1045240001567204,0.4257764441838458,0.1091255440191217,0.0,0.0,0.0,0.0,0.0,0.0,0.0,0.0,0.0,0.0,0.0,0.0,0.0,0.0,0.0,0.0,0.0,0.0,0.0,0.0,0.0,0.0,0.0,0.0,0.0,0.0,0.0,0.0,0.0,0.0,0.0,0.0,0.0,0.0,0.0,0.0,0.0,0.0,0.0
0.0,0.2044526990713539,0.244850833551788,0.1652946054237965,0.0,0.2666951672503611,0.2547771209821265,0.280134312917062,0.4977323950778834,0.0790576081790068,0.4742431650312536,0.1300467729640091,0.2938309412489751,0.3566731334703701,0.0,0.0,0.0,0.0,0.1475694555191736,0.285437993695982,0.0,0.2028326770625065,0.2393379379741284,0.0,0.1766643445088421,0.0,0.2120958640004351,0.2284720163101135,0.1055013595791772,0.0,0.1120568563367199,0.0948675020801914,0.1888066720708823,0.2053451864365967,0.222828563933183,0.2264318200828426,0.0187997273157396,0.2269298766006371,0.0,0.0,0.0,0.0,0.0,0.0,0.0,0.0,0.0,0.3781992714775581,0.0,0.0,0.0,0.0,0.4873637501735952,0.4618807765304706,0.0,0.445108525292014,0.0,0.0,0.0,0.0,0.0,0.0,0.0,0.0,0.0,0.0,0.0,0.4226971559457992,0.0,0.0,0.0,0.3614513846203217,0.0,0.0,0.0,0.0
0.0,0.0,0.1997225819922523,0.0,0.2666951672503611,0.0,0.2443206152796734,0.590352315186354,0.219370857455296,0.2685044861573258,0.1916553190289248,0.0,0.5266867173455808,0.317704628973107,0.1656361327663852,0.0,0.0,0.2709933099075471,0.1902132331601269,0.1162534867333356,0.1865031890029091,0.0,0.8115151126493527,0.0,0.103123857323617,0.500688566601023,0.3534672180349936,0.0,0.3625210859148741,0.0,0.0,0.3286032301153511,0.1057381641815906,0.0,0.0,0.0,0.2315838288949596,0.0,0.3503860147218483,0.0,0.0478133941856347,0.0213027482023722,0.0719724359103944,0.0,0.0,0.0,0.0,0.3154083646107793,0.0,0.0,0.3579147327004882,0.1643293652220336,0.5260680176550256,0.2691640955804038,0.0,0.2831278637705968,0.0,0.3535499222527238,0.0,0.0,0.0,0.0,0.0,0.3141585226277976,0.0921894563903141,7.96021798287365e-05,0.280687358697542,0.5125332648469346,0.0,0.0,0.0,0.0,0.0890526165679616,0.0,0.0,0.0910149207148487
0.0,0.2671416215376334,0.3224322738104067,0.0880419406869716,0.2547771209821265,0.2443206152796734,0.0,0.1777796926294833,0.2403046336354188,0.486856294953333,0.1898125081706599,0.1033689798591436,0.6050309359975031,0.0807793292928505,0.0,0.314841421443357,0.1844055687908612,0.3765497115860869,0.0940794898859467,0.2502931793841734,0.0,0.2950367706384882,0.0967297265201891,0.2380348385913306,0.2999934949725248,0.3290133701777408,0.1221170785693547,0.2892101258355151,0.2196305724386813,0.0,0.1870762722001547,0.1347049615564038,0.4907942514194713,0.1724733513825418,0.0449454394645921,0.0,0.0715268745942979,0.0335300585040068,0.0,0.0,0.0,0.0,0.0,0.0,0.0,0.0,0.0,0.0,0.0,0.0,0.3894981567989231,0.0,0.0,0.0,0.0,0.0,0.0,0.0,0.0,0.0,0.0,0.0,0.0,0.0,0.0,0.0,0.0,0.2086466337312432,0.0,0.0,0.0,0.2852709343016599,0.0,0.0,0.0,0.0
0.2630359129901978,0.3638774557472996,0.221682676954432,0.1627186885920835,0.280134312917062,0.590352315186354,0.1777796926294833,0.0,0.2207691437946087,0.4706587648248714,0.3014909937451955,0.0,0.593927551903099,0.2130333613929359,0.2066099328290909,0.1358278494847927,0.0,0.320392584955237,0.0771597829484554,0.1573190483745725,0.6238973362426589,0.1565810224418905,0.7610999257304282,0.7000566285113456,0.244959787608668,0.6884740484394152,0.0,0.2959808437002069,0.0,0.0628179495031006,0.047911723605909,0.0958501493911744,0.1947958085399085,0.0673230061259178,0.0,0.2893217874943093,0.2310859538093501,0.0,0.0,0.0,0.0,0.0,0.2328037380023123,0.0,0.0,0.0,0.0,0.2205635643840369,0.0,0.3379087418684376,0.4735052088916026,0.2268473713087732,0.8036584905298766,0.2983375369106243,0.0,0.2770179005414798,0.0,0.4402850831277017,0.2591841818840094,0.0829838671868024,0.0,0.0,0.0,0.1687905053488332,0.0177571626916724,0.3725836050702504,0.0,0.6331705776259521,0.0,0.0,0.0,0.0,0.2759720203767866,0.0,0.0,0.0
0.0,0.1114266864824209,0.7855834976437494,0.0,0.4977323950778834,0.219370857455296,0.2403046336354188,0.2207691437946087,0.0,0.2052227744871687,0.7469525029467672,0.0,0.1699844973368507,0.0,0.0,0.265986336815581,0.0,0.0,0.5164774538201526,0.6856637190449906,0.0,0.5271334981641974,0.2555810884678986,0.0,0.0,0.0,0.6234540702708238,0.026332354392213,0.3680142052201812,0.1822593753181195,0.1641600424766754,0.0,0.2199196277702473,0.2690616710149506,0.0987612193133245,0.0,0.0,0.2376900770437571,0.0,0.0,0.0,0.0,0.0,0.0,0.0,0.0,0.0,0.8056143516533326,0.0,0.0,0.4038521826845867,0.0,0.3358579383740014,0.9417697422609292,0.0,0.792897467623187,0.0,0.0,0.0,0.0,0.0,0.0,0.0,0.6498313066930902,0.0,0.0,0.0,0.4431165687540135,0.0,0.0,0.0,0.5859154445487654,0.0,0.0,0.0,0.0
0.4318632210681818,0.0,0.3973983142317625,0.2672554881138796,0.0790576081790068,0.2685044861573258,0.486856294953333,0.4706587648248714,0.2052227744871687,0.0,0.1919309914064364,0.4380310544497764,0.6356693757784446,0.0,0.0,0.3762967628354596,0.5130807775569021,0.5135796381343547,0.0682863148094198,0.0,0.0,0.3685515247224956,0.2542606580494901,0.5529865389961555,0.5059644145328425,0.5672704635743273,0.0,0.45392879599383,0.0,0.0,0.2679512192284708,0.0,0.3702221427218138,0.2047600691128802,0.0,0.1068801741285884,0.2659774975064849,0.2191588480466816,0.0,0.0,0.0,0.0,0.0,0.0,0.1847535747929939,0.0,0.0,0.0,0.0,0.0,0.0,0.0,0.0,0.0,0.545683729180914,0.0,0.4781824199455637,0.0,0.0,0.0,0.0,0.474715818971338,0.0423310500583967,0.0,0.0,0.0,0.0,0.0,0.3976177267634093,0.0411830254637161,0.4145672336552309,0.0,0.3758473340587246,0.0,0.0,0.0543258798331589
0.0,0.0,0.643287482429084,0.0,0.4742431650312536,0.1916553190289248,0.1898125081706599,0.3014909937451955,0.7469525029467672,0.1919309914064364,0.0,0.0,0.1300700907729148,0.0254059929009389,0.0,0.0,0.0,0.0,0.4107456875061185,0.0,0.0,0.0,0.2172269684982709,0.0,0.0,0.0,0.4250256332176633,0.0,0.0,0.0,0.0,0.0,0.2516425771141309,0.1511353783997816,0.0696222069687493,0.0417673952059811,0.0,0.2282726742070553,0.0,0.0,0.0,0.0,0.0,0.0,0.0,0.0,0.0,0.6502024189718942,0.0,0.2285138899724733,0.2465340352380994,0.2631144972881246,0.3539240991153382,0.7332112653387107,0.0,0.8034879058876033,0.0,0.1247024108195902,0.0,0.0,0.0,0.0,0.0,0.5704545529994414,0.0,0.0,0.0,0.2775878610485221,0.0,0.0,0.0,0.4009062349722301,0.0,0.0,0.0,0.0
0.0,0.0,0.0,0.0,0.1300467729640091,0.0,0.1033689798591436,0.0,0.0,0.4380310544497764,0.0,0.0,0.5603930468801116,0.0,0.0,0.0,0.6053372911759854,0.4072348343868546,0.0,0.0,0.0,0.0,0.0,0.6569828628965146,0.0,0.6586058293476104,0.0,0.3278181206635647,0.0,0.0,0.0,0.1367485098188378,0.002939442955722,0.0,0.0,0.2605649885305928,0.4092738275080037,0.1014133389345498,0.0493062944984729,0.0,0.0,0.0,0.0,0.0,0.0436428757937177,0.0,0.0,0.0,0.0,0.0,0.0,0.0,0.0,0.0,0.2668964380440204,0.0,0.8185193422140932,0.0,0.0,0.0,0.0,0.4211475925408485,0.0,0.0,0.0,0.0,0.0,0.0,0.4993395400439775,0.0,0.3317426925165805,0.0,0.0,0.0,0.0,0.0
0.0,0.5555905215511195,0.2564427313304896,0.2383006782698803,0.2938309412489751,0.5266867173455808,0.6050309359975031,0.593927551903099,0.1699844973368507,0.6356693757784446,0.1300700907729148,0.5603930468801116,0.0,0.1781542929874129,0.1436824512647486,0.3472219890020026,0.5794113191504827,0.6351965189255964,0.0,0.2042246931285684,0.4524795682908298,0.2831499042646268,0.3896091126455225,0.5071664274411188,0.338407696540743,0.7141364993297148,0.0,0.53815546781883,0.0,0.0,0.1282314906647818,0.0755426484764493,0.3624612455399137,0.1495923545206114,0.0,0.2316888218335593,0.2970069525938762,0.0746998481386369,0.0,0.0,0.0,0.0,0.3079050351602572,0.0,0.0,0.0,0.0,0.1246447247965419,0.0,0.0,0.5086066611554398,0.0,0.5314251758010664,0.0,0.0,0.0,0.0,0.0,0.0,0.0,0.0,0.0,0.0,0.0,0.0,0.0,0.0,0.4040223187144911,0.0,0.0,0.0,0.0710866572267128,0.0,0.0628867792705439,0.0,0.0
0.0,0.0,0.0,0.1419232151994622,0.3566731334703701,0.317704628973107,0.0807793292928505,0.2130333613929359,0.0,0.0,0.0254059929009389,0.0,0.1781542929874129,0.0,0.0,0.0,0.0,0.0,0.0,0.0,0.0,0.0,0.271546678759431,0.0,0.0,0.0,0.0,0.0,0.0,0.0,0.0,0.2177955033647163,0.0,0.0,0.0,0.1193616900183649,0.0465798765811223,0.0,0.0,0.0,0.0,0.0,0.0,0.0,0.0,0.0,0.0,0.0,0.0,0.0,0.0,0.0,0.0,0.0,0.0,0.0,0.0,0.0,0.0,0.0,0.0,0.0,0.0,0.0,0.0,0.0,0.0,0.1470791656539309,0.0,0.0,0.0,0.0,0.0,0.0,0.0,0.0
0.6114937741116879,0.0255835390664135,0.0,0.0,0.0,0.1656361327663852,0.0,0.2066099328290909,0.0,0.0,0.0,0.0,0.1436824512647486,0.0,0.0,0.3808349452374636,0.0,0.0,0.0,0.8359617523021069,0.5251092116313667,0.6427471834307886,0.2694178882888292,0.1726783623854742,0.4135614482835417,0.1470220558573148,0.5400006182841378,0.2033793556410772,0.4933440443077816,0.0,0.5187819700704847,0.1979319786046912,0.2349501032773192,0.4357942214690304,0.1149314175464866,0.0,0.0,0.0,0.1469996956229363,0.1526677735813657,0.2471240810943143,0.0,0.0,0.0,0.0,0.0,0.5043639067346145,0.0,0.0,0.0,0.3213389166066975,0.0,0.2691691016500925,0.0,0.0,0.0,0.0,0.0,0.0,0.821660167433747,0.2690247884486657,0.0,0.0,0.0,0.7470672260862258,0.5473227212152774,0.6616633041268395,0.3650195592016734,0.0,0.0,0.5171925309034451,0.2756187966312742,0.3995467419069177,0.569007063406183,0.0,0.5520415018368418
0.7807886530658614,0.688332238510407,0.0,0.0,0.0,0.0,0.314841421443357,0.1358278494847927,0.265986336815581,0.3762967628354596,0.0,0.0,0.3472219890020026,0.0,0.3808349452374636,0.0,0.3708264412054274,0.4675300832749864,0.0,0.5521457008946725,0.4994899624190096,0.7925010870067931,0.0,0.1676104104734244,0.6914418476534071,0.3525135983415237,0.0271404946973117,0.5400771180605972,0.066771140150097,0.2990328856383591,0.6345931439622309,0.0,0.4799218098810143,0.4228931097017238,0.1222015947912427,0.0,0.0,0.0,0.0,0.0,0.0607186320576466,0.0,0.0,0.0,0.0,0.5596798526303369,0.0,0.0,0.0,0.0,0.0,0.0,0.0,0.0,0.0,0.0,0.0,0.0,0.0,0.4628972966879221,0.0,0.0,0.0,0.0,0.3989088912190225,0.4597725647228623,0.0,0.0,0.0,0.0,0.2511182284715428,0.0,0.0,0.0,0.0,0.2309581818828151
0.2949697248993896,0.0,0.0,0.0,0.0,0.0,0.1844055687908612,0.0,0.0,0.5130807775569021,0.0,0.6053372911759854,0.5794113191504827,0.0,0.0,0.3708264412054274,0.0,0.7400082775120423,0.0,0.0730114407938306,0.0,0.199260205634149,0.0,0.4523436275165585,0.1921977541655048,0.648229704712925,0.0,0.5928082653411291,0.0,0.0,0.1877581148518647,0.0,0.0720978777384378,0.0689145373909058,0.0,0.0,0.0,0.0741591111106102,0.0,0.0,0.0,0.0,0.0,0.0,0.0,0.0,0.0,0.0,0.0,0.0,0.0,0.0,0.0,0.0,0.3060457925123577,0.0,0.5526839553978383,0.0,0.0,0.0,0.0,0.6478614229706392,0.0,0.0,0.0,0.0,0.0,0.0,0.2891753152106741,0.0,0.2265124435849794,0.0,0.0,0.0,0.0,0.0
0.1934231745520119,0.4960797925981813,0.0,0.0,0.0,0.2709933099075471,0.3765497115860869,0.320392584955237,0.0,0.5135796381343547,0.0,0.4072348343868546,0.6351965189255964,0.0,0.0,0.4675300832749864,0.7400082775120423,0.0,0.0,0.0427700473023225,0.2301588480852692,0.2029695709530153,0.1316752073887727,0.3368867620858957,0.2720197150018607,0.5830176910076105,0.0,0.4755472424082647,0.0,0.0,0.1425906185755583,0.0287142285227322,0.2369175471884346,0.0106667040544423,0.0,0.0,0.0,0.0,0.0,0.0,0.0,0.0,0.0,0.0,0.0,0.0,0.0,0.0,0.0,0.0,0.0,0.0,0.0,0.0,0.2050772256237542,0.0,0.4418878200536633,0.0,0.0,0.0,0.0,0.524783733268823,0.0,0.0,0.0,0.0,0.0,0.0,0.1688971747189262,0.0,0.1992705993716038,0.0,0.0,0.0,0.0,0.0
0.0,0.0,0.6047331465946281,0.0,0.1475694555191736,0.1902132331601269,0.0940794898859467,0.0771597829484554,0.5164774538201526,0.0682863148094198,0.4107456875061185,0.0,0.0,0.0,0.0,0.0,0.0,0.0,0.0,0.0,0.0,0.0,0.1267735861239028,0.0,0.0,0.0,0.5459084647985909,0.0132690571532359,0.0,0.0,0.2846104837571143,0.1955837828049755,0.0,0.2941514451666984,0.1430642185832648,0.0,0.0,0.0,0.1951707942637412,0.0,0.0,0.0,0.0,0.0,0.0,0.0,0.0,0.6487735203445104,0.0,0.0,0.1369172676035817,0.0,0.0896943646230041,0.484783317536913,0.0,0.4234269798961429,0.0,0.0,0.0,0.0,0.0,0.0,0.0,0.7611003120761494,0.0,0.0,0.0,0.1390921666670818,0.0,0.0,0.0,0.2989554747203148,0.0,0.0,0.0,0.0
0.6479917417832327,0.2232418816748484,0.0,0.0,0.285437993695982,0.1162534867333356,0.2502931793841734,0.1573190483745725,0.6856637190449906,0.0,0.0,0.0,0.2042246931285684,0.0,0.8359617523021069,0.5521457008946725,0.0730114407938306,0.0427700473023225,0.0,0.0,0.560463271020922,0.8095757389078319,0.1765214836904989,0.0,0.5318417709188045,0.1461873420025553,0.5425909681593579,0.2830667815472468,0.4418764115779268,0.278002583285017,0.5203824143775163,0.1113909966570251,0.3058109760257411,0.4373117366941109,0.103967748362626,0.0,0.0,0.0,0.0,0.0408120950588768,0.2369517788360368,0.0,0.0,0.0,0.0,0.0,0.4628945383353872,0.0,0.0,0.0,0.4324745614411961,0.0,0.2679748282160299,0.0,0.0,0.0,0.0,0.0,0.0,0.7768194757489266,0.0,0.0,0.0,0.0,0.8292358184442025,0.5990014347815962,0.5819436596199977,0.4214644241172121,0.0,0.0,0.4687627311529327,0.4834212829177334,0.49836603419776,0.7029607100245833,0.0,0.4351579635058991
0.6774894621856263,0.4801421233686303,0.0,0.0,0.0,0.1865031890029091,0.0,0.6238973362426589,0.0,0.0,0.0,0.0,0.4524795682908298,0.0,0.5251092116313667,0.4994899624190096,0.0,0.2301588480852692,0.0,0.560463271020922,0.0,0.608928637972982,0.4415892817799311,0.4457376246966598,0.5926376178946153,0.4467622228747542,0.0801840634940554,0.4382300419025033,0.0,0.1696572053417494,0.4346655659367336,0.0,0.3616313205255339,0.3464901885037388,0.0,0.205592417078139,0.0,0.0,0.0,0.0,0.0,0.0,0.0,0.0,0.0,0.6068374591754253,0.1590297412022495,0.0,0.0,0.0,0.5802040132636377,0.0,0.642283907508228,0.0,0.0,0.0,0.0,0.0,0.0,0.4987193267937166,0.0,0.0,0.0,0.0,0.3191234089840715,0.8307131637224935,0.0,0.6200764965435703,0.0,0.037676176440736,0.4974429959352984,0.3377921375778108,0.496843629543338,0.4967454133542205,0.0,0.1362091988372836
0.816317528681173,0.5755461010803754,0.0,0.0,0.2028326770625065,0.0,0.2950367706384882,0.1565810224418905,0.5271334981641974,0.3685515247224956,0.0,0.0,0.2831499042646268,0.0,0.6427471834307886,0.7925010870067931,0.199260205634149,0.2029695709530153,0.0,0.8095757389078319,0.608928637972982,0.0,0.0,0.0,0.7118890301826432,0.2250994887662191,0.1717888095964016,0.4354364152829364,0.1379395641499247,0.2264275646041709,0.5761345261395796,0.0,0.4363972380778966,0.4922348471465414,0.1258622690640724,0.0994461686247949,0.0,0.0,0.0,0.0,0.1563730822213305,0.0,0.0,0.0,0.0,0.6895082979468762,0.1337148095433873,0.0,0.0,0.0,0.4392725937429264,0.0,0.0,0.0,0.0,0.0,0.0,0.0,0.0,0.7145204749784978,0.0,0.0,0.0,0.0,0.6310227772102867,0.6192548405291353,0.2210080629990241,0.3466807203123115,0.0,0.0675279930113575,0.3308032381391759,0.6375446866585107,0.0,0.8043348349392663,0.0,0.2451476357777833
0.0716993081931905,0.0,0.1697868507820351,0.0,0.2393379379741284,0.8115151126493527,0.0967297265201891,0.7610999257304282,0.2555810884678986,0.2542606580494901,0.2172269684982709,0.0,0.3896091126455225,0.271546678759431,0.2694178882888292,0.0,0.0,0.1316752073887727,0.1267735861239028,0.1765214836904989,0.4415892817799311,0.0,0.0,0.5416257029780166,0.0737504116330903,0.4942618723478748,0.2710037466848017,0.0205572326140743,0.1948408255636604,0.0,0.0169821620971951,0.2559085077764696,0.1331795751398612,0.0,0.0,0.0,0.1990521027943595,0.0,0.3306344507795549,0.1774763541321586,0.0246648476983873,0.0178783900486273,0.0912242929626922,0.0,0.0,0.0,0.4497407071478676,0.3102057309670695,0.0,0.3349478232146387,0.4616828957527484,0.1351640636439356,0.6990815373830263,0.2867217811651723,0.0,0.2762278542066997,0.0,0.3055543603702307,0.2793670191569912,0.0642787881401373,0.0,0.0,0.0,0.2407709156748564,0.1227355767928165,0.2830746011373095,0.2342640940872541,0.6824915978539255,0.0,0.0,0.5224689910727867,0.0,0.1366791194882163,0.0,0.1884587805687421,0.1359585197726297
0.3089414981853686,0.0,0.0,0.0,0.0,0.0,0.2380348385913306,0.7000566285113456,0.0,0.5529865389961555,0.0,0.6569828628965146,0.5071664274411188,0.0,0.1726783623854742,0.1676104104734244,0.4523436275165585,0.3368867620858957,0.0,0.0,0.4457376246966598,0.0,0.5416257029780166,0.0,0.17953458548001,0.7211832362440816,0.0,0.2909932254232519,0.0,0.0,0.1278055061241505,0.1379299670720641,0.2692328620193901,0.1397196106540026,0.0,0.1718909794033682,0.0,0.2197275214688205,0.0334701856070626,0.0,0.0,0.0,0.0,0.0,0.1918573771035634,0.2173058597691511,0.0,0.0,0.0,0.0,0.0,0.0,0.0,0.0,0.3830566698697012,0.0,0.6162389882818575,0.0,0.0,0.0,0.0,0.4053978327273606,0.0,0.0,0.0,0.0,0.0,0.0,0.8131041713355497,0.0,0.5927700600706797,0.0,0.0,0.0,0.0,0.0
0.7027124898174947,0.5994025592332592,0.0,0.0,0.1766643445088421,0.103123857323617,0.2999934949725248,0.244959787608668,0.0,0.5059644145328425,0.0,0.0,0.338407696540743,0.0,0.4135614482835417,0.6914418476534071,0.1921977541655048,0.2720197150018607,0.0,0.5318417709188045,0.5926376178946153,0.7118890301826432,0.0737504116330903,0.17953458548001,0.0,0.4000496677665747,0.3391089072324554,0.2491350521846906,0.2546839025840397,0.0,0.3788175695310471,0.0,0.4320467535276671,0.2497923465571207,0.0211454638289007,0.0,0.0,0.205158628722709,0.0,0.0,0.1161551567435258,0.0,0.0,0.0,0.0,0.5822093883423415,0.2231385294663458,0.0,0.0,0.0,0.0,0.0,0.0,0.0,0.3389905780555499,0.0,0.0,0.0,0.0,0.0,0.0,0.2170544158820784,0.0,0.0,0.4125115234632615,0.4945504651529967,0.1354837258675398,0.0,0.0483929466379028,0.2572609386894919,0.2980365335154942,0.0,0.0,0.0,0.0,0.215091058909621
0.3976011279944809,0.6278343941263349,0.0,0.0,0.0,0.500688566601023,0.3290133701777408,0.6884740484394152,0.0,0.5672704635743273,0.0,0.6586058293476104,0.7141364993297148,0.0,0.1470220558573148,0.3525135983415237,0.648229704712925,0.5830176910076105,0.0,0.1461873420025553,0.4467622228747542,0.2250994887662191,0.4942618723478748,0.7211832362440816,0.4000496677665747,0.0,0.0,0.3831442943777394,0.0,0.0,0.1033074099004268,0.0639845605644032,0.3636806212244077,0.1178641191712966,0.0,0.2605428167181569,0.0,0.104433015422068,0.0,0.0,0.0,0.0,0.0,0.0,0.0530786540269127,0.2153174482187304,0.0,0.0,0.0,0.0,0.0,0.0,0.0,0.0,0.3098368844170661,0.0,0.6069240043678072,0.0,0.0,0.0688406864094749,0.0,0.4757922531370879,0.0,0.0,0.0774870064063148,0.2054774564182195,0.0,0.3799305120342435,0.5621131079657412,0.0,0.5441979367501673,0.0270377991565309,0.0,0.0,0.0,0.0
0.1076593780331554,0.0,0.5877310715427282,0.0,0.2120958640004351,0.3534672180349936,0.1221170785693547,0.0,0.6234540702708238,0.0,0.4250256332176633,0.0,0.0,0.0,0.5400006182841378,0.0271404946973117,0.0,0.0,0.5459084647985909,0.5425909681593579,0.0801840634940554,0.1717888095964016,0.2710037466848017,0.0,0.3391089072324554,0.0,0.0,0.0,0.8452506156268691,0.0,0.0832398429715619,0.1575638859283284,0.0411782534602441,0.0568350771274223,0.0526829671822845,0.0,0.0,0.0,0.2963736006698322,0.0,0.3022817962645764,0.0625867937477619,0.0,0.0,0.0,0.0,0.7698796639956467,0.6508828476396107,0.0,0.0,0.1444381781756533,0.2223628200992811,0.0142891257990923,0.5569123114722265,0.0,0.5265648571900474,0.0,0.0,0.0,0.3966908951587721,0.0,0.0,0.0,0.6167911762228651,0.5142057790547624,0.1650960679344447,0.7894468670946967,0.1890137518114705,0.0,0.0,0.2391414309915868,0.2642422973288107,0.0,0.3643367549095828,0.1090602596226217,0.4669444549780595
0.4685207983883089,0.6189435923506637,0.1416808557459463,0.4449318310938007,0.2284720163101135,0.0,0.2892101258355151,0.2959808437002069,0.026332354392213,0.45392879599383,0.0,0.3278181206635647,0.53815546781883,0.0,0.2033793556410772,0.5400771180605972,0.5928082653411291,0.4755472424082647,0.0132690571532359,0.2830667815472468,0.4382300419025033,0.4354364152829364,0.0205572326140743,0.2909932254232519,0.2491350521846906,0.3831442943777394,0.0,0.0,0.0,0.4568421550631486,0.4343782981971423,0.0,0.1765849407930046,0.2508760897048718,0.108953291457131,0.4059485930025514,0.2644731573438991,0.160770902598721,0.0,0.0,0.0,0.0,0.2755169421488915,0.0,0.0,0.0,0.0,0.0,0.0,0.0,0.2935510411861164,0.0,0.3187224530177749,0.0,0.0,0.0,0.0,0.0,0.0,0.2357875741385759,0.0,0.0,0.0,0.0,0.0892231045955811,0.3483106787502968,0.0,0.2312694756162981,0.0,0.0,0.0,0.0888687042869206,0.6348685577465154,0.2002548486821445,0.0,0.0129642042296417
0.1085428912953403,0.0,0.0,0.0,0.1055013595791772,0.3625210859148741,0.2196305724386813,0.0,0.3680142052201812,0.0,0.0,0.0,0.0,0.0,0.4933440443077816,0.066771140150097,0.0,0.0,0.0,0.4418764115779268,0.0,0.1379395641499247,0.1948408255636604,0.0,0.2546839025840397,0.0,0.8452506156268691,0.0,0.0,0.0,0.1970332414801863,0.2716233403200865,0.0677784683514542,0.0223837848367812,0.0939708935161378,0.0,0.0,0.0,0.4277214157342542,0.0,0.2742290312172101,0.211491490841584,0.0,0.0,0.0,0.0,0.6843180889495615,0.0,0.0,0.0,0.0486912830148572,0.0,0.0,0.0,0.0,0.0,0.0,0.0,0.0,0.3391393387962271,0.0,0.0,0.0,0.0,0.4872644601478669,0.0465433191844054,0.770080845287158,0.0513713252669781,0.0,0.0,0.1986237838625755,0.1840649161856437,0.0395768989750693,0.3272069039722489,0.0,0.5995665172580181
0.0,0.0,0.173302014033516,0.0,0.0,0.0,0.0,0.0628179495031006,0.1822593753181195,0.0,0.0,0.0,0.0,0.0,0.0,0.2990328856383591,0.0,0.0,0.0,0.278002583285017,0.1696572053417494,0.2264275646041709,0.0,0.0,0.0,0.0,0.0,0.4568421550631486,0.0,0.0,0.4778834112781474,0.0827809242285015,0.0,0.1958614901246129,0.1265074886026116,0.0,0.0,0.0,0.0642169622487529,0.0,0.0,0.0,0.0,0.0,0.0,0.0,0.0,0.0,0.0,0.0,0.0,0.0,0.0,0.0,0.0,0.0,0.0,0.0,0.0,0.0,0.0,0.0,0.0,0.0,0.2155590511426357,0.0,0.0,0.1501958986736561,0.0,0.0,0.0,0.087801509739169,0.0,0.0,0.0,0.0
0.6809202675323858,0.2813430516223456,0.2841945811176137,0.0,0.1120568563367199,0.0,0.1870762722001547,0.047911723605909,0.1641600424766754,0.2679512192284708,0.0,0.0,0.1282314906647818,0.0,0.5187819700704847,0.6345931439622309,0.1877581148518647,0.1425906185755583,0.2846104837571143,0.5203824143775163,0.4346655659367336,0.5761345261395796,0.0169821620971951,0.1278055061241505,0.3788175695310471,0.1033074099004268,0.0832398429715619,0.4343782981971423,0.1970332414801863,0.4778834112781474,0.0,0.1327298363248491,0.265850464168799,0.4721345197541023,0.2144852815063095,0.0302591143448328,0.153263988481644,0.1902129053436018,0.0710904155070516,0.0,0.1397295583039544,0.0,0.0,0.0,0.0,0.6077537947504387,0.0852146348603773,0.0,0.0,0.0,0.2184066408624686,0.0,0.1194956446726237,0.0,0.290574131100263,0.0,0.0,0.0,0.0,0.5431263282942597,0.0064513787177882,0.0,0.0841659460839443,0.0,0.4987495867108245,0.4885326389089453,0.2244295368168521,0.2102431693384074,0.0165598787121695,0.0517961485885293,0.2188296323366383,0.2376669870762591,0.4714307875413636,0.5281785889152908,0.0,0.5833542998576752
0.0,0.0,0.0323007158913423,0.0,0.0948675020801914,0.3286032301153511,0.1347049615564038,0.0958501493911744,0.0,0.0,0.0,0.1367485098188378,0.0755426484764493,0.2177955033647163,0.1979319786046912,0.0,0.0,0.0287142285227322,0.1955837828049755,0.1113909966570251,0.0,0.0,0.2559085077764696,0.1379299670720641,0.0,0.0639845605644032,0.1575638859283284,0.0,0.2716233403200865,0.0827809242285015,0.1327298363248491,0.0,0.1840622740716096,0.3056285999682097,0.1367385282834411,0.0,0.1173589582990515,0.0533791984928951,0.5175392148211043,0.2791309848244845,0.1712742481626486,0.3040712995183923,0.0,0.1227603742927166,0.0926570364299867,0.033318299591912,0.3277662086905151,0.0144060458999097,0.0,0.0,0.1429947872806729,0.0,0.1843096875204039,0.0,0.1991238654275076,0.0022600634125795,0.1528118686790416,0.2156690728266631,0.0,0.1088992122546674,0.2436138148597999,0.0,0.2378174178414188,0.1264062948223699,0.1145342385832367,0.0275294133463267,0.281308008055129,0.1542445114350475,0.1458320341268818,0.2470597330293081,0.2985581923165767,0.0,0.1212767381237008,0.0,0.0,0.2354477311877131
0.4881881343890779,0.3289650638331753,0.0,0.0,0.1888066720708823,0.1057381641815906,0.4907942514194713,0.1947958085399085,0.2199196277702473,0.3702221427218138,0.2516425771141309,0.002939442955722,0.3624612455399137,0.0,0.2349501032773192,0.4799218098810143,0.0720978777384378,0.2369175471884346,0.0,0.3058109760257411,0.3616313205255339,0.4363972380778966,0.1331795751398612,0.2692328620193901,0.4320467535276671,0.3636806212244077,0.0411782534602441,0.1765849407930046,0.0677784683514542,0.0,0.265850464168799,0.1840622740716096,0.0,0.4308502889695622,0.1368074782180763,0.0291800168869967,0.0,0.2463242153862612,0.0,0.3237423709585996,0.1816048167201905,0.1149008783902188,0.0,0.0,0.2282546276021189,0.3544327303441407,0.1255880610901324,0.0,0.0,0.0,0.0,0.0,0.0,0.0,0.364526554527408,0.0,0.1480585978346055,0.0,0.0,0.2147635373389212,0.0,0.2508517259847075,0.007873139802549,0.0,0.2243006251107258,0.3291828191587967,0.0134144412981451,0.2975103606109271,0.3267225958322097,0.0548292063973122,0.4290975638060633,0.3239235735787254,0.0,0.3643607645764721,0.0,0.115002767079589
0.4850252479739975,0.2026415835440308,0.3493248585111396,0.1777384695751685,0.2053451864365967,0.0,0.1724733513825418,0.0673230061259178,0.2690616710149506,0.2047600691128802,0.1511353783997816,0.0,0.1495923545206114,0.0,0.4357942214690304,0.4228931097017238,0.0689145373909058,0.0106667040544423,0.2941514451666984,0.4373117366941109,0.3464901885037388,0.4922348471465414,0.0,0.1397196106540026,0.2497923465571207,0.1178641191712966,0.0568350771274223,0.2508760897048718,0.0223837848367812,0.1958614901246129,0.4721345197541023,0.3056285999682097,0.4308502889695622,0.0,0.2909943530511397,0.0180365855876006,0.0722284668789734,0.2505203656178279,0.0534731053801162,0.0779348501739618,0.526167091707661,0.0553630303949218,0.1014834713521654,0.0,0.2779310979016565,0.4159856693147367,0.0821166035674214,0.0,0.0,0.0,0.2176887813192046,0.0,0.1845811307921161,0.0,0.3230711087635843,0.0,0.0900301592241984,0.0,0.0,0.4261120475595351,0.0,0.0,0.0,0.0,0.3721973543259279,0.3499915517016342,0.2082548969458737,0.1920850867490681,0.1754594999573028,0.0,0.2967094625277022,0.2250794593990742,0.2709436612215998,0.3592100763009082,0.0,0.2775617705305394
0.1030790335743404,0.0,0.047115166417207,0.1045240001567204,0.222828563933183,0.0,0.0449454394645921,0.0,0.0987612193133245,0.0,0.0696222069687493,0.0,0.0,0.0,0.1149314175464866,0.1222015947912427,0.0,0.0,0.1430642185832648,0.103967748362626,0.0,0.1258622690640724,0.0,0.0,0.0211454638289007,0.0,0.0526829671822845,0.108953291457131,0.0939708935161378,0.1265074886026116,0.2144852815063095,0.1367385282834411,0.1368074782180763,0.2909943530511397,0.0,0.1269015659377338,0.0,0.119314407328128,0.1390730352741134,0.0870908108943962,0.1524863405327639,0.103760926335958,0.0,0.0,0.1781466078901177,0.0,0.0635480355871776,0.0,0.0,0.0,0.0,0.0,0.0,0.0,0.0,0.0,0.0,0.0,0.0,0.1239219178395696,0.0,0.0,0.0,0.0,0.1062531829130257,0.0545259411885791,0.0991602184409764,0.0,0.0,0.070255708684266,0.0,0.0808823562644777,0.0,0.1141656846113224,0.0,0.0
0.0,0.0,0.0,0.4257764441838458,0.2264318200828426,0.0,0.0,0.2893217874943093,0.0,0.1068801741285884,0.0417673952059811,0.2605649885305928,0.2316888218335593,0.1193616900183649,0.0,0.0,0.0,0.0,0.0,0.0,0.205592417078139,0.0994461686247949,0.0,0.1718909794033682,0.0,0.2605428167181569,0.0,0.4059485930025514,0.0,0.0,0.0302591143448328,0.0,0.0291800168869967,0.0180365855876006,0.1269015659377338,0.0,0.1191679504363659,0.0284131404648085,0.0,0.0,0.0,0.0,0.2423203512788637,0.0291989170259636,0.0,0.0,0.0,0.0,0.0,0.0,0.0509083029862661,0.0721362244486638,0.2328199875504593,0.0,0.0,0.0,0.3932501595223264,0.1470890427420793,0.101001198734704,0.0,0.0,0.0,0.0,0.0,0.0,0.0,0.0,0.081709509130141,0.0,0.0,0.0,0.029929159742358,0.2078773297986665,0.0,0.0,0.0
0.0,0.0,0.0,0.1091255440191217,0.0187997273157396,0.2315838288949596,0.0715268745942979,0.2310859538093501,0.0,0.2659774975064849,0.0,0.4092738275080037,0.2970069525938762,0.0465798765811223,0.0,0.0,0.0,0.0,0.0,0.0,0.0,0.0,0.1990521027943595,0.0,0.0,0.0,0.0,0.2644731573438991,0.0,0.0,0.153263988481644,0.1173589582990515,0.0,0.0722284668789734,0.0,0.1191679504363659,0.0,0.0853616263024586,0.1796874972704223,0.0,0.0,0.054915816564698,0.0,0.0,0.0,0.0,0.0,0.0,0.0,0.0,0.0,0.0,0.0,0.0,0.0,0.0,0.0,0.0,0.0,0.0,0.0,0.0,0.0,0.0,0.0,0.0,0.0,0.0,0.0,0.0,0.0,0.0,0.0,0.0,0.0,0.0
0.0,0.0,0.0,0.0,0.2269298766006371,0.0,0.0335300585040068,0.0,0.2376900770437571,0.2191588480466816,0.2282726742070553,0.1014133389345498,0.0746998481386369,0.0,0.0,0.0,0.0741591111106102,0.0,0.0,0.0,0.0,0.0,0.0,0.2197275214688205,0.205158628722709,0.104433015422068,0.0,0.160770902598721,0.0,0.0,0.1902129053436018,0.0533791984928951,0.2463242153862612,0.2505203656178279,0.119314407328128,0.0284131404648085,0.0853616263024586,0.0,0.1299451214020243,0.0,0.1650125334213305,0.0192949497780774,0.0,0.0,0.4239768968742323,0.0,0.0,0.0,0.0,0.0,0.0,0.0,0.0,0.0,0.1613212135531836,0.0,0.1361353727865762,0.0,0.0,0.0,0.0,0.0,0.0,0.0,0.0,0.0,0.0,0.0,0.1459776954168558,0.0,0.1613045771776955,0.0,0.0,0.0,0.0,0.0
0.0,0.0,0.0,0.0,0.0,0.3503860147218483,0.0,0.0,0.0,0.0,0.0,0.0493062944984729,0.0,0.0,0.1469996956229363,0.0,0.0,0.0,0.1951707942637412,0.0,0.0,0.0,0.3306344507795549,0.0334701856070626,0.0,0.0,0.2963736006698322,0.0,0.4277214157342542,0.0642169622487529,0.0710904155070516,0.5175392148211043,0.0,0.0534731053801162,0.1390730352741134,0.0,0.1796874972704223,0.1299451214020243,0.0,0.4294179627375616,0.2794525086648578,0.2704747351660462,0.0,0.0969780601714639,0.0477641288355272,0.0,0.5039735861625383,0.0470366351646075,0.0609324227294015,0.0898271903270834,0.0,0.0,0.020554220402667,0.0,0.0,0.0,0.0,0.0,0.09616923068355,0.0,0.5513048879473919,0.0,0.423245039222862,0.0887516630335317,0.0898405275421337,0.0,0.4435304170173216,0.0706184559867119,0.0,0.3976267563471966,0.1141973334654702,0.0,0.0,0.0,0.0692546453284397,0.4608532525578636
0.0,0.0,0.0,0.0,0.0,0.0,0.0,0.0,0.0,0.0,0.0,0.0,0.0,0.0,0.1526677735813657,0.0,0.0,0.0,0.0,0.0408120950588768,0.0,0.0,0.1774763541321586,0.0,0.0,0.0,0.0,0.0,0.0,0.0,0.0,0.2791309848244845,0.3237423709585996,0.0779348501739618,0.0870908108943962,0.0,0.0,0.0,0.4294179627375616,0.0,0.3560144822567023,0.3050632451725378,0.0,0.0,0.1854406294087643,0.1386434818640287,0.4249681620490134,0.0,0.0,0.0,0.0,0.0,0.0,0.1307479291876773,0.0,0.2101941640352972,0.0,0.0,0.0,0.0510663563292787,0.6245922039891786,0.0,0.5686182208246454,0.0,0.2230980382195659,0.0,0.5008829355269119,0.0,0.0921931212796884,0.5033398974658956,0.2326558475629614,0.0,0.0,0.0,0.0,0.3679937890343064
0.1004264729326359,0.0,0.0,0.0,0.0,0.0478133941856347,0.0,0.0,0.0,0.0,0.0,0.0,0.0,0.0,0.2471240810943143,0.0607186320576466,0.0,0.0,0.0,0.2369517788360368,0.0,0.1563730822213305,0.0246648476983873,0.0,0.1161551567435258,0.0,0.3022817962645764,0.0,0.2742290312172101,0.0,0.1397295583039544,0.1712742481626486,0.1816048167201905,0.526167091707661,0.1524863405327639,0.0,0.0,0.1650125334213305,0.2794525086648578,0.3560144822567023,0.0,0.2906924623827981,0.0,0.1340823634876054,0.2283009790023436,0.1898863194082367,0.2734457165116809,0.2002259403977448,0.0,0.0051988517208112,0.0,0.0,0.0,0.1107242911741697,0.0,0.1037854319050629,0.0,0.0,0.0,0.1658134905891151,0.3334971406730948,0.0,0.2261490913252778,0.2738951320304185,0.3074902424082538,0.0051500377635285,0.4461312691401567,0.0,0.0,0.2813196047235042,0.0480102620943261,0.0479541909880119,0.0,0.1290767995110037,0.0868177410339081,0.3727554135019982
0.0,0.0,0.0,0.0,0.0,0.0213027482023722,0.0,0.0,0.0,0.0,0.0,0.0,0.0,0.0,0.0,0.0,0.0,0.0,0.0,0.0,0.0,0.0,0.0178783900486273,0.0,0.0,0.0,0.0625867937477619,0.0,0.211491490841584,0.0,0.0,0.3040712995183923,0.1149008783902188,0.0553630303949218,0.103760926335958,0.0,0.054915816564698,0.0192949497780774,0.2704747351660462,0.3050632451725378,0.2906924623827981,0.0,0.0,0.1465232979594642,0.0469908608060495,0.0,0.0779969585953007,0.0,0.0,0.0,0.0,0.0,0.0,0.0,0.0,0.0,0.0,0.0,0.0,0.0,0.2665686566520433,0.0,0.1957730951407055,0.0,0.0,0.0,0.1478749575844723,0.0,0.0,0.1450159811016572,0.0,0.0,0.0,0.0,0.0,0.2511468956818642
0.0,0.0,0.0,0.0,0.0,0.0719724359103944,0.0,0.2328037380023123,0.0,0.0,0.0,0.0,0.3079050351602572,0.0,0.0,0.0,0.0,0.0,0.0,0.0,0.0,0.0,0.0912242929626922,0.0,0.0,0.0,0.0,0.2755169421488915,0.0,0.0,0.0,0.0,0.0,0.1014834713521654,0.0,0.2423203512788637,0.0,0.0,0.0,0.0,0.0,0.0,0.0,0.0445006128757414,0.0,0.0,0.0,0.0,0.257412665464416,0.121739602818741,0.3044940433446507,0.1162006185963853,0.2621301672953274,0.0552286645903899,0.1912683077549282,0.0093550999698123,0.2861926815257881,0.2835149255896911,0.1796061969878975,0.0,0.0,0.3751961085570066,0.0,0.0,0.0,0.1749648731290908,0.0,0.2393142223403378,0.2438869170402333,0.0,0.2167262606418908,0.0414821602981542,0.2558472623308347,0.0295480416490808,0.0,0.0
0.0,0.0,0.0,0.0,0.0,0.0,0.0,0.0,0.0,0.0,0.0,0.0,0.0,0.0,0.0,0.0,0.0,0.0,0.0,0.0,0.0,0.0,0.0,0.0,0.0,0.0,0.0,0.0,0.0,0.0,0.0,0.1227603742927166,0.0,0.0,0.0,0.0291989170259636,0.0,0.0,0.0969780601714639,0.0,0.1340823634876054,0.1465232979594642,0.0445006128757414,0.0,0.0,0.0,0.0,0.0242087022953794,0.1601585009618737,0.0828157503500394,0.2788551404911767,0.2050788109107514,0.1872230248437938,0.0302353144666951,0.3838978864926703,0.0496958860826891,0.1294315497141506,0.2578345515598724,0.0028206840097735,0.0,0.0,0.0,0.0,0.0696510750542759,0.0,0.0,0.0,0.1635852432385151,0.0,0.0,0.0,0.056186162292002,0.339779358602784,0.2094863239131901,0.0,0.360443062333598
0.0,0.0,0.0,0.0,0.0,0.0,0.0,0.0,0.0,0.1847535747929939,0.0,0.0436428757937177,0.0,0.0,0.0,0.0,0.0,0.0,0.0,0.0,0.0,0.0,0.0,0.1918573771035634,0.0,0.0530786540269127,0.0,0.0,0.0,0.0,0.0,0.0926570364299867,0.2282546276021189,0.2779310979016565,0.1781466078901177,0.0,0.0,0.4239768968742323,0.0477641288355272,0.1854406294087643,0.2283009790023436,0.0469908608060495,0.0,0.0,0.0,0.1644946521138527,0.0,0.0,0.0,0.0,0.0,0.1167115126469617,0.0,0.2063795358046838,0.0940021638404028,0.1775153461527375,0.0271482467972054,0.015235496528813,0.0,0.0,0.0,0.00600065388218,0.0,0.0,0.0,0.0,0.0,0.0,0.2074208975657394,0.0,0.0994170018863908,0.0,0.1470152389665698,0.0,0.0,0.1869522363470072
0.8377490610477846,0.2285523891967458,0.0,0.0,0.0,0.0,0.0,0.0,0.0,0.0,0.0,0.0,0.0,0.0,0.0,0.5596798526303369,0.0,0.0,0.0,0.0,0.6068374591754253,0.6895082979468762,0.0,0.2173058597691511,0.5822093883423415,0.2153174482187304,0.0,0.0,0.0,0.0,0.6077537947504387,0.033318299591912,0.3544327303441407,0.4159856693147367,0.0,0.0,0.0,0.0,0.0,0.1386434818640287,0.1898863194082367,0.0,0.0,0.0,0.1644946521138527,0.0,0.310793540902895,0.0,0.0,0.0,0.4306217464385223,0.0,0.2890612765744894,0.0,0.4487448305351512,0.0,0.0,0.2641577945149057,0.0,0.7116176608547776,0.1722398129502424,0.0,0.2345858676220414,0.0,0.6403104050909675,0.7112039716840657,0.4375386578289907,0.4316486399118451,0.1920623792212966,0.3340490173003926,0.5563744354904274,0.4865217953505018,0.4585739111017174,0.7515747689968877,0.0,0.5337882501241448
0.0723714112660354,0.0,0.0,0.0,0.0,0.0,0.0,0.0,0.0,0.0,0.0,0.0,0.0,0.0,0.5043639067346145,0.0,0.0,0.0,0.0,0.4628945383353872,0.1590297412022495,0.1337148095433873,0.4497407071478676,0.0,0.2231385294663458,0.0,0.7698796639956467,0.0,0.6843180889495615,0.0,0.0852146348603773,0.3277662086905151,0.1255880610901324,0.0821166035674214,0.0635480355871776,0.0,0.0,0.0,0.5039735861625383,0.4249681620490134,0.2734457165116809,0.0779969585953007,0.0,0.0,0.0,0.310793540902895,0.0,0.0,0.0,0.0,0.3982688708805302,0.2724903981382064,0.2564304433984073,0.4100453158591165,0.3245823218173287,0.0,0.0,0.2548436617759917,0.0,0.2554712501100307,0.6040243909398844,0.1116871973559154,0.4850677193006741,0.0,0.3981292128749882,0.2024915350527448,0.7465430665416409,0.3972290392473415,0.0,0.829639100334867,0.47617238518147,0.0334063495627094,0.1766272420627868,0.1878043274482273,0.0,0.4429304867635867
0.0,0.0,0.765820198057018,0.0,0.3781992714775581,0.3154083646107793,0.0,0.2205635643840369,0.8056143516533326,0.0,0.6502024189718942,0.0,0.1246447247965419,0.0,0.0,0.0,0.0,0.0,0.6487735203445104,0.0,0.0,0.0,0.3102057309670695,0.0,0.0,0.0,0.6508828476396107,0.0,0.0,0.0,0.0,0.0144060458999097,0.0,0.0,0.0,0.0,0.0,0.0,0.0470366351646075,0.0,0.2002259403977448,0.0,0.0,0.0242087022953794,0.0,0.0,0.0,0.0,0.0,0.2819349899341213,0.348873242711218,0.4401783233305971,0.3166131255255572,0.7173888459577947,0.0,0.7440306284166778,0.0,0.1231620037247118,0.0,0.0,0.0,0.0,0.0,0.7465556279378704,0.0,0.0,0.0,0.4462822465235838,0.0,0.0,0.0,0.5268656286624112,0.2707509842950358,0.5121666633875106,0.3279878570284129,0.3732786334010397
0.0,0.0,0.0,0.0,0.0,0.0,0.0,0.0,0.0,0.0,0.0,0.0,0.0,0.0,0.0,0.0,0.0,0.0,0.0,0.0,0.0,0.0,0.0,0.0,0.0,0.0,0.0,0.0,0.0,0.0,0.0,0.0,0.0,0.0,0.0,0.0,0.0,0.0,0.0609324227294015,0.0,0.0,0.0,0.257412665464416,0.1601585009618737,0.0,0.0,0.0,0.0,0.0,0.2499055524577327,0.1911574487673833,0.1978900810714274,0.1509634096216657,0.0,0.0,0.0,0.0,0.2834017587763719,0.2438434639965537,0.0,0.0,0.0,0.0,0.0,0.0,0.0,0.0,0.1398376566206972,0.0,0.0,0.0,0.0,0.3077346824925929,0.0,0.0,0.0
0.0,0.0,0.29999746508826,0.0,0.0,0.0,0.0,0.3379087418684376,0.0,0.0,0.2285138899724733,0.0,0.0,0.0,0.0,0.0,0.0,0.0,0.0,0.0,0.0,0.0,0.3349478232146387,0.0,0.0,0.0,0.0,0.0,0.0,0.0,0.0,0.0,0.0,0.0,0.0,0.0,0.0,0.0,0.0898271903270834,0.0,0.0051988517208112,0.0,0.121739602818741,0.0828157503500394,0.0,0.0,0.0,0.2819349899341213,0.2499055524577327,0.0,0.5609172650310816,0.5473050526705676,0.5506877525512014,0.4351188890731085,0.3924414937633317,0.2853105994410312,0.2985139771731517,0.5322960985505293,0.1908371835169927,0.0,0.0,0.0,0.0,0.2709904741334087,0.0,0.0,0.0,0.5384132706460024,0.0,0.0,0.0,0.3149335926973899,0.4259482493187407,0.0,0.0,0.0977184944621821
