0.0,0.6595137592838938,0.0,0.0,0.0,0.5432908706643051,0.0,0.5690535997133425,0.0,0.6434625960475306,0.0,0.5834482748593525,0.6432794256939538,0.0,0.311128681549543,0.6850660779369689,0.6353354872215804,0.6649091614749287,0.0,0.584864964837254,0.6913639462988886,0.6182415794753632,0.5843773632786273,0.5515452281449432,0.7952697001323512,0.7950735588269728,0.6052048160231417,0.6555460470360821,0.5844262284362917,0.0,0.6395307885504017,0.1996908929625263,0.0630491710893262,0.3663038059951914,0.0,0.0,0.0,0.4476331980924969,0.0,0.0,0.4231791033590723,0.0,0.0,0.0,0.0,0.7131829156725756,0.6170114784043089,0.0,0.0,0.0,0.0,0.0,0.0,0.0,0.5154540375075938,0.0,0.0,0.0,0.0,0.0,0.6129845844603491,0.0,0.6231850150018301,0.0,0.0,0.6776135506012225,0.5731954313120531,0.0,0.4286862435870635,0.6895661934442493,0.7613780327770632,0.0,0.0,0.0,0.0,0.5500912126366593
0.6595137592838938,0.0,0.0,0.0,0.7921004779000161,0.6217034273322865,0.8756378254951551,0.696142478492345,0.7329272533037334,0.0,0.0,0.0,0.8602824493680442,0.0,0.4585121535556651,0.7398846661382209,0.8776450676938237,0.6563610092229973,0.0,0.7527521177458717,0.8313015126762915,0.8258879886776972,0.6280450217175697,0.0,0.8124101615748093,0.8876932593203105,0.6138736118990203,0.8312158919370167,0.6228180846649913,0.0,0.6927660610822143,0.1712347688702252,0.0,0.3950190698701892,0.0,0.0,0.0,0.0,0.0,0.0,0.5230788070737732,0.0,0.0,0.0,0.0,0.3450253718454766,0.8338978421184732,0.0,0.0,0.0,0.6235087717720226,0.0,0.0,0.0,0.0,0.0,0.0,0.0,0.0,0.3812408893323752,0.669663499860943,0.0,0.5908057088941816,0.0,0.710767292739222,0.8458453382387219,0.7291699209307191,0.6400319029769418,0.0,0.6637515933842149,0.8293030889112446,0.5347559332301803,0.0,0.6227679458851287,0.0,0.6001225932164956
0.0,0.0,0.0,0.3452653772547475,0.6668441663361631,0.8187117602467289,0.5977316403169871,0.4736367039103623,0.7487394740067457,0.5693284605472415,0.7204615900128966,0.5682519077101036,0.6875490835546934,0.538749345653444,0.0,0.0,0.0,0.0,0.655312586717574,0.0,0.0,0.0,0.7915667982470451,0.0,0.0,0.0,0.8589314519813958,0.5644378996581229,0.0,0.0,0.4769169459384619,0.0,0.17268000805318,0.3957519209674336,0.0,0.3879046149460501,0.3105798047439025,0.0,0.0,0.0,0.4375729475842378,0.0,0.4676472090577627,0.0,0.0,0.0,0.0,0.8723011012895157,0.0,0.5235996459382521,0.7637164613140781,0.4484955069466485,0.4633026737897713,0.8569966627911503,0.0,0.7635037647625408,0.0,0.667001145786253,0.4664564354184672,0.0,0.0,0.0,0.0,0.8000849402896753,0.0,0.0,0.0,0.7373153753172642,0.0,0.0,0.0,0.81973176644423,0.6241634033230065,0.0,0.0,0.0
0.0,0.0,0.3452653772547475,0.0,0.7955933830049412,0.3971806260526742,0.8796266682549938,0.6535148712299502,0.7306911534184748,0.7739170231366438,0.4715279514393119,0.6346658807532867,0.6990021425187898,0.8725107625075427,0.0,0.0,0.0,0.0,0.044458155304917,0.5375116426951663,0.0,0.0,0.3665336041668839,0.0,0.0,0.0,0.4764211511303032,0.862999392436672,0.4175840690738893,0.0,0.7735785990218549,0.3105869993753722,0.0,0.270564838822832,0.0,0.6748390259777864,0.6372420100178942,0.4832320489138286,0.0,0.0,0.0,0.0,0.0,0.0,0.0,0.0,0.0,0.0,0.0,0.0,0.0,0.0,0.0,0.0,0.0,0.0,0.0,0.0,0.0,0.0,0.0,0.0,0.0,0.0,0.0,0.0,0.0,0.0,0.0,0.0,0.0,0.0,0.0,0.0,0.0,0.0
0.0,0.7921004779000161,0.6668441663361631,0.7955933830049412,0.0,0.6516161307738714,0.9851401823391114,0.707424958950027,0.8978592276719555,0.8462914075119706,0.7504410492461668,0.7363018369064626,0.8905056405654493,0.8998585456657219,0.0,0.8007736252969925,0.0,0.0,0.2330142658204625,0.8032379726504013,0.0,0.835860934363821,0.6210373573877525,0.0,0.6838270028252825,0.7383224518062839,0.7372643025701886,0.8826122309225077,0.7142779170943897,0.0,0.847852542854603,0.238511812673574,0.0,0.4036981631837154,0.0,0.653922585452113,0.5480141454267323,0.5501539489139868,0.0,0.0,0.0,0.0,0.6294069420729486,0.0,0.0,0.0,0.0,0.5626711682801981,0.0,0.771977021784071,0.5617942526570175,0.0,0.5769414695188951,0.9066524937077473,0.0,0.7964294006259194,0.0,0.0,0.0,0.0,0.0,0.0,0.0,0.5696970953426439,0.0,0.0,0.0,0.6117502480378139,0.0,0.0,0.0,0.5591215766810191,0.0,0.0,0.0,0.0
0.5432908706643051,0.6217034273322865,0.8187117602467289,0.3971806260526742,0.6516161307738714,0.0,0.6967223375025859,0.6073261892259797,0.7423050384946362,0.6767764166728948,0.621309293190344,0.7531775254177278,0.7562351753750188,0.6260618240175944,0.5888930638653919,0.5177744929390274,0.6083678687948955,0.548060800008852,0.6024959743238127,0.7663991767008167,0.5985355009566454,0.6209380460859064,0.8656764366165308,0.0,0.6104761346175112,0.7407956595145956,0.8886282774934197,0.5761577649976604,0.8476546876052395,0.5219873810618477,0.5183403572530292,0.0,0.2019536023178859,0.469888789934954,0.0,0.4633080831700213,0.347630234686652,0.6026972419647767,0.0,0.0,0.4697443265538686,0.0,0.5874692555958846,0.0,0.0,0.0,0.5158860692927674,0.828195550176878,0.0,0.4023424953913877,0.9105715923490566,0.4207268810388312,0.6077879450076996,0.8110286524324954,0.0,0.7065618588405661,0.0,0.7105042463542001,0.0,0.5672518399046463,0.0,0.0,0.0,0.7241415168307068,0.7616959541120025,0.5905789503966457,0.6780417991134563,0.828456636807378,0.0,0.0,0.7527386033984262,0.8292474328090828,0.650087877930555,0.6940148909954061,0.6334252861943769,0.5974285581765686
0.0,0.8756378254951551,0.5977316403169871,0.8796266682549938,0.9851401823391114,0.6967223375025859,0.0,0.6822316375987743,0.9254745941596506,0.8837963957120092,0.7017937627000823,0.7755770604493893,0.9118316566022062,0.90218661338578,0.0,0.8148087824273124,0.8671342879444013,0.7099164802196694,0.2670184898620003,0.7534821380832717,0.0,0.794150946155812,0.5869684258607629,0.5976336259824164,0.822097597109527,0.8464322011772218,0.7434459020686043,0.9149907066732,0.6968335257793814,0.0,0.8292083775388336,0.2206212109120475,0.0,0.4262132308312427,0.0,0.6503828907132193,0.5805559103385983,0.5925383767262415,0.0,0.0,0.441821911021972,0.0,0.6525486000071995,0.0,0.0,0.0,0.0,0.6073151984978058,0.0,0.0,0.6368527600854305,0.0,0.5739314583786526,0.8535376631921718,0.0,0.7576986528276359,0.0,0.0,0.0,0.0,0.0,0.0,0.0,0.5511005882346428,0.0,0.0,0.0,0.6441399255806489,0.0,0.0,0.0,0.5893066770594159,0.0,0.0,0.0,0.0
0.5690535997133425,0.696142478492345,0.4736367039103623,0.6535148712299502,0.707424958950027,0.6073261892259797,0.6822316375987743,0.0,0.7028079580256908,0.6753878465705344,0.7042907333693875,0.6575975281491944,0.6959411472507693,0.768291024393505,0.2850256684659762,0.4619946265043836,0.0,0.3974983544978012,0.0928842839857254,0.6036658852387635,0.717699848370859,0.58508388401695,0.718032017487671,0.3920318812162832,0.5477428746802947,0.7056529922477947,0.5499147215754941,0.6581229822963953,0.4856384576402215,0.7097982405995374,0.5690879881331466,0.1843063274995909,0.0,0.3410775906021391,0.0,0.6041828214187811,0.430780203955543,0.0,0.0,0.0,0.3865585436799563,0.0,0.6556513934112419,0.0,0.0,0.0,0.0,0.465271379418975,0.0,0.515443150982681,0.5101928646990719,0.5574111518657436,0.8648882074605765,0.6454154123818167,0.0,0.7324986853882678,0.0,0.7414498667157515,0.7085979517417195,0.2528208270794567,0.0,0.0,0.0,0.4310857067477169,0.5346666052058997,0.7152163562715363,0.0,0.6809832625504648,0.0,0.0,0.0,0.3852247772459969,0.6535711878716067,0.3517133635411315,0.0,0.4349424981550841
0.0,0.7329272533037334,0.7487394740067457,0.7306911534184748,0.8978592276719555,0.7423050384946362,0.9254745941596506,0.7028079580256908,0.0,0.7639225339414291,0.8461113182666917,0.7448002710438335,0.8327073454955193,0.7881782179451592,0.0,0.6478970038830962,0.0,0.6164706766450889,0.4031520596205454,0.706347237913133,0.0,0.7015327791363832,0.6601669230515528,0.513655861289872,0.7172983947441928,0.7747560371725949,0.8134117939995861,0.8278996676208554,0.674228607126039,0.750005314264029,0.6489123309562268,0.0644456175042374,0.0,0.3447624176427923,0.0,0.5297876476596289,0.4341299861442004,0.5773630481303877,0.0,0.0,0.4288661352173074,0.0,0.6114601465286971,0.0,0.0,0.0,0.0,0.6946375995931077,0.0,0.597783403076314,0.610223262484459,0.6609417766785383,0.5712452969398893,0.9509301372939182,0.0,0.9031657944288172,0.0,0.7917711696583101,0.6717077158039956,0.0,0.0,0.0,0.0,0.6786561045427111,0.0,0.0,0.0,0.6493865394400549,0.0,0.0,0.0,0.649654939407708,0.7437778493074341,0.0,0.0,0.0
0.6434625960475306,0.0,0.5693284605472415,0.7739170231366438,0.8462914075119706,0.6767764166728948,0.8837963957120092,0.6753878465705344,0.7639225339414291,0.0,0.5368504636101918,0.8982726741265845,0.7865253171942976,0.0,0.0,0.8342084657543674,0.9525821296902354,0.7533188221977671,0.2169016317202209,0.731669218242098,0.0,0.7259044032174743,0.600107390990141,0.7085192691759995,0.8794323451282463,0.9039142327744428,0.6236391899208241,0.805750674650897,0.5930056987927832,0.0,0.826798342645537,0.2222057292772729,0.0,0.4030530295759426,0.0,0.6413718035512209,0.5011258131870073,0.6200829448099682,0.0,0.0,0.5318805597751459,0.0,0.0,0.0,0.3691863823439314,0.3306226651199856,0.0,0.0,0.0,0.0,0.0,0.0,0.0,0.0,0.9295333142508402,0.0,0.8878563625349126,0.8598303093302196,0.0,0.0,0.0,0.6061586896912493,0.6798372672419094,0.0,0.0,0.0,0.0,0.0,0.6414395061974619,0.7907337479401264,0.8660445500145013,0.0,0.8573246474057622,0.0,0.0,0.6401230822234637
0.0,0.0,0.7204615900128966,0.4715279514393119,0.7504410492461668,0.621309293190344,0.7017937627000823,0.7042907333693875,0.8461113182666917,0.5368504636101918,0.0,0.5162789186354604,0.7313077789116196,0.6264511655644225,0.0,0.0,0.5205612889328706,0.0,0.3968434535493501,0.0,0.0,0.0,0.6966574462369026,0.2856642898907077,0.0,0.5689990675757499,0.7621019251382313,0.6341692706757471,0.0,0.0,0.4717814452415902,0.0801336740363901,0.0,0.3329782366133736,0.0,0.4802103719797736,0.3648204251346456,0.4647626618754275,0.0045917380168047,0.0,0.0,0.0,0.5185424024150591,0.0,0.0,0.0,0.0,0.6781254519835147,0.0,0.6110357220816135,0.5004940995921136,0.5850444160597492,0.5740469975783424,0.8382858115095448,0.0,0.9646666737515774,0.0,0.7189099774819867,0.5908516846310325,0.0,0.0,0.0,0.0,0.7076196451434645,0.0,0.0,0.0,0.6377929097489465,0.0,0.0,0.0,0.5988183975768363,0.6516501013294108,0.0,0.0,0.0
0.5834482748593525,0.0,0.5682519077101036,0.6346658807532867,0.7363018369064626,0.7531775254177278,0.7755770604493893,0.6575975281491944,0.7448002710438335,0.8982726741265845,0.5162789186354604,0.0,0.7548010763740488,0.0,0.0,0.0,0.818991651311151,0.7161981455818781,0.2938808934554104,0.0,0.5774007980574837,0.0,0.5745443742392591,0.7744534443518296,0.7697209855007163,0.8785971092758746,0.5569863659145137,0.7340889446712502,0.0,0.0,0.6352955620217082,0.1003067865731183,0.0086536073298323,0.340188882589191,0.0,0.4800409161467935,0.3550602033985637,0.603500718991067,0.0,0.0,0.422271062989867,0.0,0.4697786862862893,0.0,0.5582265812912577,0.0,0.0,0.0,0.0,0.0,0.0,0.0,0.0,0.0,0.8308611556967018,0.0,0.923386343513844,0.7261112905321663,0.0,0.0,0.0,0.7008639482434038,0.6820426053455175,0.0,0.0,0.0,0.0,0.0,0.7075550365408161,0.747007861662153,0.8231090024924747,0.0,0.7005601659544157,0.0,0.0,0.4481007704108169
0.6432794256939538,0.8602824493680442,0.6875490835546934,0.6990021425187898,0.8905056405654493,0.7562351753750188,0.9118316566022062,0.6959411472507693,0.8327073454955193,0.7865253171942976,0.7313077789116196,0.7548010763740488,0.0,0.8360314767218996,0.5071309270412113,0.7216621178122047,0.784985748856077,0.6421640670230486,0.3713449335476873,0.7951908867194146,0.764874021260565,0.7831909620680347,0.6851983854134718,0.5162269278862195,0.7342318353203219,0.8133183151452285,0.7074118300753672,0.9110257164114466,0.76639930507469,0.8385483833873999,0.7620803889063071,0.1819540904927363,0.0,0.4033495684906527,0.0,0.707966399493394,0.5521939931224549,0.5751694174881362,0.0,0.0,0.5293688411670506,0.0,0.711898148269113,0.0,0.3278661830830741,0.0,0.0,0.6389594313746286,0.0,0.0,0.6444135822683943,0.6914617189040162,0.5969736465644746,0.0,0.0,0.7572829002807361,0.6983259554115997,0.0,0.0,0.4240406560041287,0.0,0.0,0.0,0.0,0.7029085115425473,0.0,0.7159013557544982,0.6480904871375123,0.0,0.6887527657075468,0.7868941663399421,0.5681679167648169,0.0,0.6685706979800445,0.0,0.0
0.0,0.0,0.538749345653444,0.8725107625075427,0.8998585456657219,0.6260618240175944,0.90218661338578,0.768291024393505,0.7881782179451592,0.0,0.6264511655644225,0.0,0.8360314767218996,0.0,0.0,0.0,0.0,0.0,0.0580192367526711,0.0,0.842044963875013,0.0,0.62473588469836,0.0,0.0,0.0,0.6495379094128721,0.8387028107001167,0.0,0.0,0.8408796618034837,0.2672079734597973,0.0,0.388866921033621,0.0,0.7575542613174069,0.5570317348592886,0.0,0.0,0.0,0.0,0.0,0.791671347163997,0.0,0.0,0.0,0.0,0.4676911091883952,0.0,0.0,0.0,0.0,0.0,0.7441504876326984,0.0,0.6958914194752502,0.0,0.0,0.0,0.0,0.0,0.0,0.0,0.0,0.0,0.0,0.0,0.6265507688426335,0.0,0.0,0.0,0.5250490678313997,0.0,0.0,0.0,0.0
0.311128681549543,0.4585121535556651,0.0,0.0,0.0,0.5888930638653919,0.0,0.2850256684659762,0.0,0.0,0.0,0.0,0.5071309270412113,0.0,0.0,0.3629131444581806,0.0,0.2508173486967534,0.0,0.7986558369894756,0.6007540033769807,0.6900305374567579,0.6918284220967967,0.2839274640974119,0.323312141566295,0.3877644536578919,0.6766220614997661,0.3730227421459999,0.7371695336587493,0.0,0.4404643791762069,0.0168805519034156,0.1712113504959936,0.4558307718036399,0.0,0.4696653582414279,0.0,0.0,0.1408651513761899,0.0675340811207544,0.5185908681895774,0.0,0.5405834077731824,0.0,0.0,0.0,0.3777215247601474,0.0,0.0,0.0,0.57177752044656,0.0,0.3712356112422058,0.0,0.0,0.0,0.0,0.5144627333087841,0.0,0.9317831322257146,0.4956213512511423,0.0,0.0,0.0,0.807631657751761,0.5682629039753073,0.7139346906197489,0.6823495796062948,0.0,0.3765661558060307,0.4570592463048006,0.6759378987340331,0.5734572776308761,0.7918282660033021,0.0,0.6109518880313412
0.6850660779369689,0.7398846661382209,0.0,0.0,0.8007736252969925,0.5177744929390274,0.8148087824273124,0.4619946265043836,0.6478970038830962,0.8342084657543674,0.0,0.0,0.7216621178122047,0.0,0.3629131444581806,0.0,0.8081775220852901,0.8402774921883948,0.0,0.6783275325043097,0.6734663300413047,0.774564953020514,0.4296969427409075,0.5372782283218419,0.7979752710003927,0.7735524989651009,0.5276915333187506,0.7773888693303397,0.5900380205265088,0.7891934922754756,0.8501157978049011,0.3799890339182487,0.0,0.3438461474457103,0.0,0.0,0.0,0.0,0.0157896924067329,0.0,0.4294599219566649,0.0,0.0,0.0,0.0,0.4388362990710797,0.6959517263342171,0.0,0.0,0.0,0.0,0.0,0.0,0.0,0.0,0.0,0.0,0.0,0.0,0.2724170288590672,0.6248449502436079,0.0,0.6929903291787909,0.0,0.5163909119748481,0.6631956908817982,0.607011914265289,0.4315241704909854,0.0,0.6939939897478056,0.7184390584961111,0.3978887554255423,0.0,0.5721818377543965,0.0,0.5432789891083782
0.6353354872215804,0.8776450676938237,0.0,0.0,0.0,0.6083678687948955,0.8671342879444013,0.0,0.0,0.9525821296902354,0.5205612889328706,0.818991651311151,0.784985748856077,0.0,0.0,0.8081775220852901,0.0,0.7334660867963054,0.0,0.6964690033366295,0.0,0.7370547832452519,0.0,0.6493976120582899,0.7906279568008586,0.8937453048314903,0.0,0.8181369212004496,0.5393542079875283,0.0,0.811955807641382,0.2395267577380374,0.0,0.442984861952686,0.0,0.0,0.0,0.6392674335975853,0.0,0.0,0.0,0.0,0.0,0.0,0.0,0.0,0.0,0.0,0.0,0.0,0.0,0.0,0.0,0.0,0.8483926299077774,0.0,0.8214155844180824,0.0,0.0,0.0,0.0,0.507700703238775,0.6135819325478934,0.0,0.0,0.0,0.0,0.0,0.5781430599604304,0.7027645061412523,0.8287438433932913,0.0,0.0,0.0,0.0,0.0
0.6649091614749287,0.6563610092229973,0.0,0.0,0.0,0.548060800008852,0.7099164802196694,0.3974983544978012,0.6164706766450889,0.7533188221977671,0.0,0.7161981455818781,0.6421640670230486,0.0,0.2508173486967534,0.8402774921883948,0.7334660867963054,0.0,0.0,0.5263581518269906,0.4896518127977257,0.5748842334539528,0.3890106139643611,0.7107301389649944,0.9025952867827496,0.8209556411928253,0.4896287466697772,0.6415367895466673,0.4989941845727553,0.5030156626389913,0.6304798249253365,0.2196320923084912,0.1099972933463622,0.3764177650048262,0.0,0.0,0.0,0.0,0.0629265181203139,0.008621071988806,0.3306508007550577,0.0,0.0,0.0,0.0,0.5188697444426774,0.5996779461059638,0.0,0.0,0.0,0.0,0.0,0.0,0.0,0.7222736324426154,0.0,0.6961987082577561,0.0,0.0,0.0,0.6041704352521102,0.654726712125662,0.8135048024815712,0.0,0.0,0.0,0.4776465215301385,0.0,0.641508430970722,0.8089705604270515,0.8041468765990971,0.0,0.0,0.0,0.0,0.4699626755412181
0.0,0.0,0.655312586717574,0.044458155304917,0.2330142658204625,0.6024959743238127,0.2670184898620003,0.0928842839857254,0.4031520596205454,0.2169016317202209,0.3968434535493501,0.2938808934554104,0.3713449335476873,0.0580192367526711,0.0,0.0,0.0,0.0,0.0,0.0,0.0,0.0,0.4795077423569671,0.0,0.0,0.0,0.6101348802926252,0.2285682013670122,0.0,0.0,0.1097677107519649,0.0,0.0,0.2900682442593929,0.0,0.1412802815011229,0.2292455154876533,0.2423037193145874,0.1745012092974183,0.0,0.0,0.0,0.1174895344309793,0.0,0.0,0.0,0.0,0.7399615842303392,0.0,0.1335503750183805,0.5187465353375723,0.044095352956126,0.20783945630971,0.4657147705909925,0.0,0.4348633872045301,0.0,0.2434382985761766,0.0512454028223869,0.0,0.0,0.0,0.0,0.8276142270913214,0.0,0.0,0.0,0.4606626649218678,0.0,0.0,0.0,0.6112081626352137,0.0,0.0,0.0,0.0
0.584864964837254,0.7527521177458717,0.0,0.5375116426951663,0.8032379726504013,0.7663991767008167,0.7534821380832717,0.6036658852387635,0.706347237913133,0.731669218242098,0.0,0.0,0.7951908867194146,0.0,0.7986558369894756,0.6783275325043097,0.6964690033366295,0.5263581518269906,0.0,0.0,0.7775065021078781,0.9974695100126788,0.7852197924678681,0.0,0.6157512174977369,0.7138497861671926,0.8276813110867064,0.7283603773398524,0.8712802206613538,0.7764427215693489,0.7247265700647327,0.1302245402988917,0.0,0.450036452279115,0.0,0.6459487321590817,0.4866050440363512,0.0,0.0555916942310522,0.0,0.5675885453382535,0.0,0.6812234563971734,0.0,0.0,0.0,0.6470041932679947,0.0,0.0,0.0,0.6514267532832588,0.0,0.5102068517705672,0.0,0.0,0.0,0.0,0.7550666483141728,0.0,0.7301612482349297,0.6787322225741778,0.0,0.0,0.0,0.9183136501271958,0.7575491750374942,0.8759724085841489,0.7467652860859565,0.0,0.6338361695464259,0.7087060849265906,0.7465986565935078,0.7794974705540333,0.8072047346103153,0.7002755160567351,0.6838991957745936
0.6913639462988886,0.8313015126762915,0.0,0.0,0.0,0.5985355009566454,0.0,0.717699848370859,0.0,0.0,0.0,0.5774007980574837,0.764874021260565,0.842044963875013,0.6007540033769807,0.6734663300413047,0.0,0.4896518127977257,0.0,0.7775065021078781,0.0,0.8066884979744803,0.7079657408090834,0.3660245812765837,0.6428603452302575,0.7170511769673062,0.6867413658267766,0.7390621939297658,0.7051197664411671,0.0,0.771319290079666,0.242779288091552,0.0,0.4791969739251959,0.0,0.0,0.0,0.0,0.0,0.0,0.5724389984507212,0.0,0.0,0.0,0.0,0.3478637124457244,0.8064599676673585,0.0,0.0,0.0,0.5637426345547258,0.0,0.6347777414095574,0.0,0.0,0.0,0.0,0.7890851504805717,0.0,0.492418908480062,0.6558305239660152,0.0,0.0,0.0,0.7053208959357222,0.9562706658939364,0.7592252530282391,0.6739386996932931,0.0,0.5771467644451085,0.6996108459573848,0.5304756105840578,0.7392489991831649,0.6977790571464899,0.0,0.609728958346006
0.6182415794753632,0.8258879886776972,0.0,0.0,0.835860934363821,0.6209380460859064,0.794150946155812,0.58508388401695,0.7015327791363832,0.7259044032174743,0.0,0.0,0.7831909620680347,0.0,0.6900305374567579,0.774564953020514,0.7370547832452519,0.5748842334539528,0.0,0.9974695100126788,0.8066884979744803,0.0,0.6600729949359655,0.0,0.6763599038651533,0.7183124583608942,0.7341980653680539,0.7629004993981203,0.7949987486470121,0.8309376004780388,0.7627073206035689,0.2540637966269092,0.0,0.4251841801396009,0.0,0.6348167335676501,0.4702294956514144,0.0,0.102707284841786,0.0,0.576672009119962,0.0,0.6832890303324887,0.0,0.0,0.3979219845903838,0.7180803864162687,0.0,0.0,0.0,0.5672392615931241,0.0,0.0,0.0,0.0,0.0,0.0,0.0,0.0,0.6390934447008408,0.6859094366591151,0.0,0.5885946167160888,0.0,0.8431961063133661,0.7987110615158629,0.882853219001531,0.6386425490618738,0.0,0.6376367405285376,0.7113301470812987,0.6306707889971269,0.7636245510897128,0.7723401812038772,0.0,0.6590560954125321
0.5843773632786273,0.6280450217175697,0.7915667982470451,0.3665336041668839,0.6210373573877525,0.8656764366165308,0.5869684258607629,0.718032017487671,0.6601669230515528,0.600107390990141,0.6966574462369026,0.5745443742392591,0.6851983854134718,0.62473588469836,0.6918284220967967,0.4296969427409075,0.0,0.3890106139643611,0.4795077423569671,0.7852197924678681,0.7079657408090834,0.6600729949359655,0.0,0.4215161785429315,0.5356564969125305,0.6713683083419175,0.850649275093273,0.5243896052213124,0.8094287400646335,0.5635604420335709,0.4768105219401127,0.0,0.0738511689545744,0.4520982417449321,0.0,0.5035507820803804,0.3656635370187084,0.5728233840188321,0.0,0.0280176024181767,0.5546663911895706,0.0,0.6649174642113437,0.421626590300633,0.0,0.0,0.6125502468540898,0.7687909664038511,0.0,0.510239977512471,0.8098019473448784,0.4756323829401829,0.7265618264041955,0.7505115190739821,0.0,0.7298638235488096,0.0,0.7360140517620024,0.5946104208086078,0.6857444171943693,0.0,0.0,0.0,0.6629228574617809,0.8121086487436407,0.6809175060186755,0.7693800293825491,0.9788809929088164,0.0,0.6443680732973647,0.736966338093132,0.7821234379539838,0.6853513251473999,0.6947901807977043,0.701000023763404,0.6597547615235717
0.5515452281449432,0.0,0.0,0.0,0.0,0.0,0.5976336259824164,0.3920318812162832,0.513655861289872,0.7085192691759995,0.2856642898907077,0.7744534443518296,0.5162269278862195,0.0,0.2839274640974119,0.5372782283218419,0.6493976120582899,0.7107301389649944,0.0,0.0,0.3660245812765837,0.0,0.4215161785429315,0.0,0.7213932100753543,0.7507859857232526,0.4615539639333229,0.4771384210936538,0.0,0.0,0.4755926018447317,0.0,0.3257766007551103,0.3994614696541532,0.0,0.3662281415018718,0.2757046695204788,0.5040713889111541,0.022133172585869,0.0543491071749335,0.3143681876881556,0.0,0.0,0.0,0.4202773919597095,0.3906091178838304,0.0,0.0,0.0,0.0,0.0,0.0,0.0,0.0,0.6253941053780985,0.0,0.7176245819109177,0.0,0.0,0.0,0.4861891925443745,0.5474981780142654,0.666166561734657,0.0,0.0,0.0,0.0,0.0,0.9513916274778202,0.6942732599170234,0.7146297077033937,0.0,0.5030558500620169,0.0,0.0,0.3978594218900694
0.7952697001323512,0.8124101615748093,0.0,0.0,0.6838270028252825,0.6104761346175112,0.822097597109527,0.5477428746802947,0.7172983947441928,0.8794323451282463,0.0,0.7697209855007163,0.7342318353203219,0.0,0.323312141566295,0.7979752710003927,0.7906279568008586,0.9025952867827496,0.0,0.6157512174977369,0.6428603452302575,0.6763599038651533,0.5356564969125305,0.7213932100753543,0.0,0.9358101596176858,0.6005003580920812,0.694127651942157,0.5852621872585551,0.0,0.6813603364489835,0.2360806725000115,0.0914325776822238,0.3831523256206223,0.0,0.0,0.0,0.4917104765333215,0.0138137736159291,0.0,0.4197982088175145,0.0,0.0,0.0,0.0,0.5560057959309193,0.7157635534890019,0.0,0.0,0.0,0.0,0.0,0.0,0.0,0.7743085366426735,0.0,0.7421905984013466,0.7021721746224145,0.0,0.2280840771935996,0.6880149050907007,0.6206459665679527,0.785769132247164,0.0,0.5370530124278473,0.6370293359511352,0.5790905027668501,0.5898532531889285,0.6415034410587048,0.9315891412578248,0.9395419588475832,0.0,0.0,0.5771957269093595,0.0,0.5908056018990269
0.7950735588269728,0.8876932593203105,0.0,0.0,0.7383224518062839,0.7407956595145956,0.8464322011772218,0.7056529922477947,0.7747560371725949,0.9039142327744428,0.5689990675757499,0.8785971092758746,0.8133183151452285,0.0,0.3877644536578919,0.7735524989651009,0.8937453048314903,0.8209556411928253,0.0,0.7138497861671926,0.7170511769673062,0.7183124583608942,0.6713683083419175,0.7507859857232526,0.9358101596176858,0.0,0.6795758156408422,0.7605072649511876,0.6062111665286195,0.0,0.6744913712945058,0.1541634990564237,0.0,0.3960775863195001,0.0,0.5344994002780417,0.0,0.6216478749251481,0.0,0.0,0.5041895994874644,0.0,0.0,0.0,0.4236194386761372,0.4764103843331744,0.7827628036409613,0.0,0.0,0.0,0.7441959892423057,0.0,0.0,0.0,0.792907966743621,0.0,0.8322403923908286,0.8240124189194165,0.0,0.3229875687736296,0.6860891351282176,0.6004275277870581,0.7830043323425213,0.0,0.6631596293971403,0.6991091822437784,0.6535354182625643,0.6890073887417518,0.6521760945400841,0.8654774043655099,1.0,0.6107394895259792,0.7484021429253046,0.5914296414772502,0.0,0.5886905166873169
0.6052048160231417,0.6138736118990203,0.8589314519813958,0.4764211511303032,0.7372643025701886,0.8886282774934197,0.7434459020686043,0.5499147215754941,0.8134117939995861,0.6236391899208241,0.7621019251382313,0.5569863659145137,0.7074118300753672,0.6495379094128721,0.6766220614997661,0.5276915333187506,0.0,0.4896287466697772,0.6101348802926252,0.8276813110867064,0.6867413658267766,0.7341980653680539,0.850649275093273,0.4615539639333229,0.6005003580920812,0.6795758156408422,0.0,0.5890847808771515,0.8573827836871827,0.5693232957656696,0.5373379730927237,0.0,0.1054993624683854,0.4622520076504378,0.0,0.4794712415428633,0.3644161972653454,0.5871375512722463,0.0336026768308255,0.00979008512502,0.4467729660598473,0.0,0.6342744011560733,0.3723144209831626,0.0,0.0,0.59072871613813,0.8390249071850807,0.0,0.5140570816942207,0.8058258373080579,0.509948087006351,0.5266869803339957,0.8857262521828856,0.0,0.8286473154083364,0.0,0.7145176009562887,0.5607041707480602,0.6413147099554509,0.0,0.0,0.0,0.7956179502827051,0.8518145065365772,0.7046739543782103,0.7849076627532787,0.8452760784675588,0.0,0.0,0.746589415854298,0.9660706026226096,0.6764188337477016,0.7833651594652126,0.6584484245976251,0.6816521875434405
0.6555460470360821,0.8312158919370167,0.5644378996581229,0.862999392436672,0.8826122309225077,0.5761577649976604,0.9149907066732,0.6581229822963953,0.8278996676208554,0.805750674650897,0.6341692706757471,0.7340889446712502,0.9110257164114466,0.8387028107001167,0.3730227421459999,0.7773888693303397,0.8181369212004496,0.6415367895466673,0.2285682013670122,0.7283603773398524,0.7390621939297658,0.7629004993981203,0.5243896052213124,0.4771384210936538,0.694127651942157,0.7605072649511876,0.5890847808771515,0.0,0.6310078002681667,0.9081912648511228,0.8357372900769665,0.2499407819770624,0.0,0.3101615350236817,0.0,0.7209216179037097,0.5904122456878191,0.5374932786613161,0.0,0.0,0.4912583296354798,0.0,0.7006681811822729,0.0,0.2730740307896348,0.0,0.0,0.5102677784845358,0.0,0.0,0.4707884095304021,0.0,0.5166489941525257,0.7541653496737843,0.643942501050613,0.0,0.6856869237434119,0.7971642782701333,0.0,0.2378230330469936,0.0,0.0,0.0,0.0,0.5837117965387875,0.7371306271416042,0.6216982880611206,0.5268209326044823,0.0,0.6002393286674075,0.7000078303883137,0.4156656962995328,0.8365140710537441,0.5216958125152794,0.0,0.602361323998649
0.5844262284362917,0.6228180846649913,0.0,0.4175840690738893,0.7142779170943897,0.8476546876052395,0.6968335257793814,0.4856384576402215,0.674228607126039,0.5930056987927832,0.0,0.0,0.76639930507469,0.0,0.7371695336587493,0.5900380205265088,0.5393542079875283,0.4989941845727553,0.0,0.8712802206613538,0.7051197664411671,0.7949987486470121,0.8094287400646335,0.0,0.5852621872585551,0.6062111665286195,0.8573827836871827,0.6310078002681667,0.0,0.6441401007801407,0.6217251994099728,0.0,0.1454552770701454,0.4661609789438681,0.0,0.5899307117618181,0.399774076490677,0.0,0.0725059698512106,0.0865913030352553,0.5194981345902305,0.0,0.6371738417206815,0.0,0.0,0.0,0.5480704105752895,0.6779394688176883,0.0,0.0,0.7226669255138203,0.562458400495232,0.4391301258785499,0.7570567877539203,0.0,0.0,0.0,0.704740185720479,0.0,0.6755313731631901,0.0,0.0,0.0,0.0,0.830803529406108,0.7049136768989922,0.8310785387251116,0.7481487802091398,0.0,0.0,0.6643320229473516,0.7896414009991688,0.7286959276026996,0.8512855673725483,0.7234110882312818,0.735833574979687
0.0,0.0,0.0,0.0,0.0,0.5219873810618477,0.0,0.7097982405995374,0.750005314264029,0.0,0.0,0.0,0.8385483833873999,0.0,0.0,0.7891934922754756,0.0,0.5030156626389913,0.0,0.7764427215693489,0.0,0.8309376004780388,0.5635604420335709,0.0,0.0,0.0,0.5693232957656696,0.9081912648511228,0.6441401007801407,0.0,0.9195050852353814,0.3885828893948621,0.0,0.3129113290429295,0.0,0.0,0.0,0.0,0.0,0.0,0.0,0.0,0.0,0.0,0.0,0.0,0.0,0.0,0.0,0.0,0.0,0.0,0.0,0.0,0.0,0.0,0.0,0.0,0.0,0.0,0.0,0.0,0.0,0.0,0.6019508731993364,0.0,0.0,0.5192196332346305,0.0,0.0,0.0,0.3714863123138587,0.0,0.5131560341281052,0.0,0.0
0.6395307885504017,0.6927660610822143,0.4769169459384619,0.7735785990218549,0.847852542854603,0.5183403572530292,0.8292083775388336,0.5690879881331466,0.6489123309562268,0.826798342645537,0.4717814452415902,0.6352955620217082,0.7620803889063071,0.8408796618034837,0.4404643791762069,0.8501157978049011,0.811955807641382,0.6304798249253365,0.1097677107519649,0.7247265700647327,0.771319290079666,0.7627073206035689,0.4768105219401127,0.4755926018447317,0.6813603364489835,0.6744913712945058,0.5373379730927237,0.8357372900769665,0.6217251994099728,0.9195050852353814,0.0,0.3935272985698433,0.0,0.4127390479975787,0.0,0.6485380398711317,0.5087338548414804,0.5150238913977984,0.0,0.0,0.5221790279920405,0.0,0.6541445468292152,0.0,0.0,0.0,0.6795008817240864,0.0,0.0,0.0,0.4830697945003442,0.0,0.433282879427708,0.0,0.7261315928945504,0.0,0.6680515573517588,0.0,0.0,0.3161714217318134,0.6154426091904822,0.3992068016836886,0.5809577648965049,0.0,0.5820552272884085,0.7843816087287626,0.6587910212385139,0.4847504901707976,0.4465579052039617,0.6391286108131108,0.6538474518857211,0.4090732040446094,0.7600772718537356,0.5846849990997189,0.0,0.6617102412489168
0.1996908929625263,0.1712347688702252,0.0,0.3105869993753722,0.238511812673574,0.0,0.2206212109120475,0.1843063274995909,0.0644456175042374,0.2222057292772729,0.0801336740363901,0.1003067865731183,0.1819540904927363,0.2672079734597973,0.0168805519034156,0.3799890339182487,0.2395267577380374,0.2196320923084912,0.0,0.1302245402988917,0.242779288091552,0.2540637966269092,0.0,0.0,0.2360806725000115,0.1541634990564237,0.0,0.2499407819770624,0.0,0.3885828893948621,0.3935272985698433,0.0,0.0,0.1594711659865994,0.496307744380708,0.2974637927612222,0.2081377043935559,0.0,0.4481675039905924,0.0,0.0768308752981113,0.0,0.073251465875071,0.0522675902492163,0.0,0.1540679050273183,0.3784398458178721,0.0,0.0,0.361691140568497,0.0,0.3836478382427061,0.1304672098768741,0.0046985327780966,0.3766725472188553,0.0249760954018708,0.2493027443986447,0.1117423574177392,0.0,0.0116898478394358,0.0,0.2280833706339666,0.0140631442577123,0.0,0.0,0.2560958958574959,0.0946988636559361,0.0,0.0,0.1543406489824035,0.1877707038190153,0.0,0.1059865009142672,0.0,0.0,0.1211204607446643
0.0630491710893262,0.0,0.17268000805318,0.0,0.0,0.2019536023178859,0.0,0.0,0.0,0.0,0.0,0.0086536073298323,0.0,0.0,0.1712113504959936,0.0,0.0,0.1099972933463622,0.0,0.0,0.0,0.0,0.0738511689545744,0.3257766007551103,0.0914325776822238,0.0,0.1054993624683854,0.0,0.1454552770701454,0.0,0.0,0.0,0.0,0.3072880717846628,0.0,0.0,0.0356374620921239,0.0694367664245638,0.3140859484268412,0.7311522684910813,0.0492795299110291,0.437334813412666,0.0,0.0,0.192228124182869,0.2848697427985104,0.0,0.0,0.0,0.0,0.0,0.0,0.0,0.0,0.0,0.0,0.0,0.0,0.0,0.2067286515228678,0.1390966617988461,0.0084599224728844,0.1651679923434767,0.0,0.1251312727500104,0.0,0.0377843805428243,0.1146477561819312,0.3725581446726703,0.1205383435582783,0.0311094368373315,0.2156914191762055,0.0,0.0,0.0,0.156553506153593
0.3663038059951914,0.3950190698701892,0.3957519209674336,0.270564838822832,0.4036981631837154,0.469888789934954,0.4262132308312427,0.3410775906021391,0.3447624176427923,0.4030530295759426,0.3329782366133736,0.340188882589191,0.4033495684906527,0.388866921033621,0.4558307718036399,0.3438461474457103,0.442984861952686,0.3764177650048262,0.2900682442593929,0.450036452279115,0.4791969739251959,0.4251841801396009,0.4520982417449321,0.3994614696541532,0.3831523256206223,0.3960775863195001,0.4622520076504378,0.3101615350236817,0.4661609789438681,0.3129113290429295,0.4127390479975787,0.1594711659865994,0.3072880717846628,0.0,0.0,0.4511288377418666,0.3991489320000315,0.6507137322972648,0.4089055662188596,0.1874759891201356,0.6650839262776188,0.0,0.549998319743895,0.5549801313763243,0.435789067255408,0.3511967457839071,0.4411617233586687,0.416656952670143,0.0,0.0,0.4915595849143676,0.3154479994290186,0.4476472497107354,0.4387620542378866,0.3846200019663842,0.0,0.322090236937455,0.464247127656574,0.0,0.414262635899328,0.5677699038162378,0.1783312086898898,0.4597133389496486,0.0,0.5205647259969621,0.4962003091553237,0.5257254427367287,0.4264031530977233,0.4166887282460831,0.4374297265486054,0.4505096901824013,0.4037429231259826,0.5156027755559286,0.4732421485226644,0.0,0.5595600065939359
0.0,0.0,0.0,0.0,0.0,0.0,0.0,0.0,0.0,0.0,0.0,0.0,0.0,0.0,0.0,0.0,0.0,0.0,0.0,0.0,0.0,0.0,0.0,0.0,0.0,0.0,0.0,0.0,0.0,0.0,0.0,0.496307744380708,0.0,0.0,0.0,0.0,0.0,0.0,0.327381383870447,0.0,0.0,0.0,0.0,0.0,0.0,0.0,0.0,0.0,0.0,0.0,0.0,0.0,0.0,0.0,0.0,0.0,0.0,0.0,0.0,0.0,0.0,0.0,0.0,0.0,0.0,0.0,0.0,0.0,0.0,0.0,0.0,0.0,0.0,0.0,0.0,0.0
0.0,0.0,0.3879046149460501,0.6748390259777864,0.653922585452113,0.4633080831700213,0.6503828907132193,0.6041828214187811,0.5297876476596289,0.6413718035512209,0.4802103719797736,0.4800409161467935,0.707966399493394,0.7575542613174069,0.4696653582414279,0.0,0.0,0.0,0.1412802815011229,0.6459487321590817,0.0,0.6348167335676501,0.5035507820803804,0.3662281415018718,0.0,0.5344994002780417,0.4794712415428633,0.7209216179037097,0.5899307117618181,0.0,0.6485380398711317,0.2974637927612222,0.0,0.4511288377418666,0.0,0.0,0.7136162275065193,0.5193376931854355,0.069157423183559,0.0,0.51946066680499,0.0,0.7411142933218381,0.7086348188481326,0.2378259612055441,0.0,0.0,0.4315087207525937,0.0,0.5631238407546089,0.4175921205331722,0.5837028464652146,0.5368598170432651,0.5343034861216978,0.0,0.5216277204463048,0.4983396857640539,0.6457528848370598,0.0,0.0,0.0,0.0,0.0,0.426599762986556,0.5826160855159789,0.0,0.5876896955088565,0.4715806611712598,0.0,0.0,0.0,0.366249486805754,0.7054633354017046,0.4583938995803012,0.0,0.0
0.0,0.0,0.3105798047439025,0.6372420100178942,0.5480141454267323,0.347630234686652,0.5805559103385983,0.430780203955543,0.4341299861442004,0.5011258131870073,0.3648204251346456,0.3550602033985637,0.5521939931224549,0.5570317348592886,0.0,0.0,0.0,0.0,0.2292455154876533,0.4866050440363512,0.0,0.4702294956514144,0.3656635370187084,0.2757046695204788,0.0,0.0,0.3644161972653454,0.5904122456878191,0.399774076490677,0.0,0.5087338548414804,0.2081377043935559,0.0356374620921239,0.3991489320000315,0.0,0.7136162275065193,0.0,0.4418919460380319,0.0,0.0,0.4948114366243418,0.0,0.7261740003208664,0.0,0.0,0.0,0.0,0.0,0.0,0.0,0.0,0.0,0.0,0.0,0.0,0.0,0.0,0.0,0.0,0.0,0.0,0.0,0.0,0.0,0.0,0.0,0.0,0.3695627770830659,0.0,0.0,0.0,0.0,0.0,0.0,0.0,0.0
0.4476331980924969,0.0,0.0,0.4832320489138286,0.5501539489139868,0.6026972419647767,0.5925383767262415,0.0,0.5773630481303877,0.6200829448099682,0.4647626618754275,0.603500718991067,0.5751694174881362,0.0,0.0,0.0,0.6392674335975853,0.0,0.2423037193145874,0.0,0.0,0.0,0.5728233840188321,0.5040713889111541,0.4917104765333215,0.6216478749251481,0.5871375512722463,0.5374932786613161,0.0,0.0,0.5150238913977984,0.0,0.0694367664245638,0.6507137322972648,0.0,0.5193376931854355,0.4418919460380319,0.0,0.0785518944406152,0.0,0.6488504537718163,0.0,0.0,0.0,0.5653306294300512,0.0,0.0,0.0,0.0,0.0,0.0,0.0,0.0,0.0,0.5313939980870759,0.0,0.5201347788794926,0.0,0.0,0.0,0.0,0.0,0.0,0.0,0.0,0.0,0.0,0.0,0.4759347408854277,0.5596377839221139,0.6227464093039904,0.0,0.6922960944337164,0.0,0.0,0.0
0.0,0.0,0.0,0.0,0.0,0.0,0.0,0.0,0.0,0.0,0.0045917380168047,0.0,0.0,0.0,0.1408651513761899,0.0157896924067329,0.0,0.0629265181203139,0.1745012092974183,0.0555916942310522,0.0,0.102707284841786,0.0,0.022133172585869,0.0138137736159291,0.0,0.0336026768308255,0.0,0.0725059698512106,0.0,0.0,0.4481675039905924,0.3140859484268412,0.4089055662188596,0.327381383870447,0.069157423183559,0.0,0.0785518944406152,0.0,0.4583239216889312,0.1547077288168533,0.3448735238798499,0.0,0.0,0.0413378924430201,0.2118573188251423,0.0481590608114496,0.0,0.0,0.0524862851639241,0.0854108474088651,0.016611012615911,0.0,0.0,0.0888664085783214,0.008243422448645,0.0,0.0,0.0,0.2697577818049429,0.1401448530262048,0.1534229416347137,0.1236022286726912,0.1392696507744124,0.1252560559691156,0.0660464567155194,0.2188480829816384,0.0,0.1265675342987377,0.1033312388729084,0.0473090450144885,0.0675693470604174,0.0,0.1020568769184776,0.1147660572428879,0.2151508728530029
0.0,0.0,0.0,0.0,0.0,0.0,0.0,0.0,0.0,0.0,0.0,0.0,0.0,0.0,0.0675340811207544,0.0,0.0,0.008621071988806,0.0,0.0,0.0,0.0,0.0280176024181767,0.0543491071749335,0.0,0.0,0.00979008512502,0.0,0.0865913030352553,0.0,0.0,0.0,0.7311522684910813,0.1874759891201356,0.0,0.0,0.0,0.0,0.4583239216889312,0.0,0.0896944137839997,0.5240132651930377,0.0,0.0,0.0,0.3655090271002887,0.0,0.1462150536301245,0.0,0.0,0.0111728634310829,0.0,0.0,0.0,0.0,0.0,0.0,0.0,0.0,0.2179268482345344,0.1429624210962427,0.0545256174837209,0.1196356928861159,0.231221686682094,0.0661290131270752,0.0,0.0857433038690048,0.0,0.1276657430930549,0.0419298023157536,0.0,0.0914396533507981,0.0,0.0891565530905023,0.0485788872895257,0.1176049720089255
0.4231791033590723,0.5230788070737732,0.4375729475842378,0.0,0.0,0.4697443265538686,0.441821911021972,0.3865585436799563,0.4288661352173074,0.5318805597751459,0.0,0.422271062989867,0.5293688411670506,0.0,0.5185908681895774,0.4294599219566649,0.0,0.3306508007550577,0.0,0.5675885453382535,0.5724389984507212,0.576672009119962,0.5546663911895706,0.3143681876881556,0.4197982088175145,0.5041895994874644,0.4467729660598473,0.4912583296354798,0.5194981345902305,0.0,0.5221790279920405,0.0768308752981113,0.0492795299110291,0.6650839262776188,0.0,0.51946066680499,0.4948114366243418,0.6488504537718163,0.1547077288168533,0.0896944137839997,0.0,0.0,0.5958680127179452,0.5288765931052036,0.2832654302158637,0.3807066617068357,0.4977418388077373,0.3514749679374139,0.5393432517877774,0.4505735269066953,0.5140978184187752,0.4629061114322986,0.3916467176992963,0.4996292615107473,0.4963788790673146,0.4201605817558749,0.4511677949811027,0.6168612608898572,0.4840209515221735,0.4949919459884059,0.6625717926011638,0.2107170550399157,0.4552660695492695,0.386438551173919,0.7094696104757918,0.5992847981411416,0.7054734070608057,0.4917459915946519,0.3108391810669013,0.4791917775651271,0.5515963449484986,0.4714087019275275,0.7150098994714055,0.5981095193015507,0.56233726958759,0.6562002754725046
0.0,0.0,0.0,0.0,0.0,0.0,0.0,0.0,0.0,0.0,0.0,0.0,0.0,0.0,0.0,0.0,0.0,0.0,0.0,0.0,0.0,0.0,0.0,0.0,0.0,0.0,0.0,0.0,0.0,0.0,0.0,0.0,0.437334813412666,0.0,0.0,0.0,0.0,0.0,0.3448735238798499,0.5240132651930377,0.0,0.0,0.0,0.0,0.0,0.0,0.0,0.0143186223961226,0.0,0.0,0.0,0.0,0.0,0.0,0.0,0.0,0.0,0.0,0.0,0.0848381885072867,0.0,0.0,0.0,0.0218667769064513,0.0,0.0,0.0,0.0,0.0283505183072718,0.0,0.0,0.03309808659672,0.0,0.0,0.0,0.0
0.0,0.0,0.4676472090577627,0.0,0.6294069420729486,0.5874692555958846,0.6525486000071995,0.6556513934112419,0.6114601465286971,0.0,0.5185424024150591,0.4697786862862893,0.711898148269113,0.791671347163997,0.5405834077731824,0.0,0.0,0.0,0.1174895344309793,0.6812234563971734,0.0,0.6832890303324887,0.6649174642113437,0.0,0.0,0.0,0.6342744011560733,0.7006681811822729,0.6371738417206815,0.0,0.6541445468292152,0.073251465875071,0.0,0.549998319743895,0.0,0.7411142933218381,0.7261740003208664,0.0,0.0,0.0,0.5958680127179452,0.0,0.0,0.7026931247479624,0.2933129545911881,0.0,0.0,0.5005075394591965,0.8086989503754624,0.5985924922164623,0.6180256255076513,0.6908365798500082,0.6113759496357465,0.6662895824254225,0.4646698124917132,0.6393885588095057,0.4542110234988594,0.8023181069515806,0.9127437353338188,0.430096911459519,0.0,0.1142866938070786,0.0,0.4147960008452822,0.745852158414825,0.8512321083590021,0.714685890625276,0.6656251102462596,0.279775818115604,0.5012724545202984,0.6326094471949404,0.5731626485044548,0.8680645656916955,0.677119312504149,0.0,0.7147073966179578
