0.0,0.0,0.0,0.0,0.0,0.3088300380676133,0.0,0.0,0.0,0.0,0.0,0.0,0.3594991095714817,0.0,0.3744111163221953,0.7562629515632404,0.4470120609198549,0.7232701322903078,0.0,0.2273325934361093,0.1778534693448064,0.0,0.2179004814457283,0.1684507695985294,0.4071028671885377,0.3989493429922743,0.2755490195790264,0.2191730566788457,0.3487059089768758,0.0,0.6311859156251963,0.0,0.4567547681048282,0.5508927677920251,0.4771722564497993,0.0,0.0,0.0,0.0,0.1659503074128801,0.0,0.0,0.0,0.0,0.0,0.9067878991778728,0.1872422279836498,0.0,0.0,0.0,0.0,0.0,0.0,0.0,0.2982234664241165,0.0,0.0,0.0,0.0,0.0,0.5441973217457895,0.0,0.4287057559021191,0.0,0.0,0.0840953738678982,0.3579212770890726,0.0,0.0335042173521057,0.4587254263668162,0.1620134015068667,0.0,0.0,0.0,0.0,0.0
0.0,0.0,0.0,0.0,0.0100065773546464,0.123847844092497,0.2626511941560362,0.2439445586990293,0.0,0.0,0.0,0.0,0.3606910228369791,0.0,0.0,0.0,0.0,0.0253346022415471,0.0,0.1124444455149821,0.0,0.2918005568084638,0.0614052229550929,0.0,0.1401714588923677,0.3861023902523584,0.0,0.1001764103496694,0.0,0.0,0.0,0.1198084989379412,0.0293082675699876,0.0,0.0,0.0,0.0,0.0,0.1686036001182298,0.1663679750524093,0.0,0.0,0.0,0.0,0.0,0.0,0.1984385687876252,0.0,0.0,0.0,0.0,0.0,0.0,0.0,0.0,0.0,0.0,0.0,0.0,0.0,0.0,0.0,0.0,0.0,0.0,0.0,0.0,0.1125679928347503,0.0,0.0,0.0476396597501964,0.0,0.0,0.0,0.0,0.0
0.0,0.0,0.0,0.0,0.2433749609382352,0.7527950178562044,0.0,0.6944902691012584,0.7661001383807395,0.3764166379731972,0.627641053300678,0.2667293009433516,0.2479386608164354,0.0,0.0,0.0,0.0,0.0,0.735920049988795,0.0,0.0,0.0,0.8327900534359974,0.0,0.0,0.0,0.7982840280026201,0.2438229989615647,0.0,0.0,0.0,0.0,0.0,0.0,0.0,0.0,0.0,0.0,0.0,0.0,0.0527858384843853,0.0,0.0,0.0,0.0,0.0,0.0,0.6264021310644952,0.0,0.0,0.7449837990569611,0.0343317727391433,0.6183014387627419,0.4170500960112502,0.0,0.08532141847312,0.0,0.2676855330267828,0.0,0.0,0.0,0.0,0.0,0.7294641398400497,0.0,0.0,0.0,0.6789877297804017,0.0,0.0,0.0,0.5248659714168781,0.0895140907647557,0.0,0.0,0.0
0.0,0.0,0.0,0.0,0.1598949551607156,0.0,0.1473876045442883,0.0,0.0,0.0,0.0,0.0,0.2493468876722129,0.505051374531442,0.0,0.0,0.0,0.0,0.0,0.0,0.0,0.0,0.0,0.0,0.0,0.0,0.0,0.2742692240695869,0.0,0.0,0.5110895319922705,0.3548077459129003,0.0,0.517226099981084,0.6082449931866463,0.5160035917609422,0.4447795466272367,0.0,0.0,0.0,0.0,0.0,0.0,0.0,0.0,0.0,0.0,0.0,0.0,0.0,0.0,0.0,0.0,0.0,0.0,0.0,0.0,0.0,0.0,0.0,0.0,0.0,0.0,0.0,0.0,0.0,0.0,0.0,0.0,0.0,0.0,0.0,0.0,0.0,0.0,0.0
0.0,0.0100065773546464,0.2433749609382352,0.1598949551607156,0.0,0.1876071048026117,0.7996184511939033,0.3660193038587831,0.6223473691263103,0.5048539448438237,0.7863349289323817,0.203307373750879,0.4300692245656168,0.5607911989134519,0.0,0.1917025266773404,0.0,0.0,0.0588053133998186,0.3344648028510159,0.0,0.4780317043561195,0.1238724254283576,0.0,0.3398708924084902,0.0831207220967532,0.2395941086141589,0.7654737094296715,0.3898400462324197,0.0,0.4154342473070073,0.2845978954736187,0.0,0.1551242921156026,0.0638874241192299,0.0,0.0,0.0,0.4273936942514321,0.0,0.0,0.0,0.5027625035344867,0.0,0.0,0.0,0.0,0.3991606205087406,0.0,0.6175831506429366,0.273669847581573,0.0,0.5356461940700016,0.4964595089287257,0.0,0.6524554053303001,0.0,0.0,0.0,0.0,0.0,0.0,0.0,0.343387865625156,0.0,0.0,0.0,0.2156231840427894,0.0,0.0,0.0,0.0,0.0,0.0,0.0,0.0
0.3088300380676133,0.123847844092497,0.7527950178562044,0.0,0.1876071048026117,0.0,0.0342449941181823,0.5922359435305309,0.6675025273738583,0.2608234325652572,0.3844799216680032,0.2519521841751577,0.4629738963236269,0.0,0.4060856889810426,0.0699721512336789,0.5458763953360078,0.4171670611899222,0.5994072335841067,0.7173808020777381,0.4916048287632971,0.3362780683081152,0.8713716077911984,0.0,0.6262288074900269,0.7520268619970335,0.8530093810873114,0.2734789867239246,0.6230726212186161,0.3374280818067084,0.0211412284519083,0.0,0.0,0.0,0.0,0.0,0.0,0.2809839208906644,0.0,0.0,0.0,0.0688129075676188,0.0,0.0,0.0,0.0,0.5818050193715614,0.4507839275644661,0.0,0.0,0.7214409983235605,0.122158191808021,0.4970882302837322,0.2011989754623672,0.0,0.0,0.0,0.2611324817830288,0.0,0.240109544671512,0.0,0.0,0.0,0.4793713937055664,0.1594594816102021,0.4354181402319701,0.0874557984806721,0.6667879872525185,0.0,0.0,0.6854173246226208,0.6472161632442289,0.0,0.0755153178048089,0.0,0.0
0.0,0.2626511941560362,0.0,0.1473876045442883,0.7996184511939033,0.0342449941181823,0.0,0.3522879447441229,0.3182190672953447,0.610461207731588,0.6010906079616929,0.384300155252966,0.4368583475473824,0.3980801702779006,0.0,0.0,0.2787381767459601,0.0,0.0,0.1863001913305008,0.0,0.6373747830560743,0.0,0.0,0.2088291693153049,0.0,0.0470602771908519,0.592739708804634,0.1925521789595623,0.0,0.1265150683507645,0.3866111589397311,0.0,0.0,0.0,0.0,0.199147225895504,0.010805523135176,0.638013008841393,0.0,0.0835398193076732,0.0,0.5295899766127975,0.0,0.0,0.0,0.0,0.1834362688410307,0.0,0.0,0.0326590665800174,0.0,0.5536608892181952,0.4635287445833655,0.0,0.5647489607819143,0.0,0.0,0.0,0.0,0.0,0.0,0.0,0.1790669803346769,0.0,0.0,0.0,0.158655097929763,0.0,0.0,0.0,0.0,0.0,0.0,0.0,0.0
0.0,0.2439445586990293,0.6944902691012584,0.0,0.3660193038587831,0.5922359435305309,0.3522879447441229,0.0,0.5031237502554011,0.3125918819033341,0.6390018962168381,0.3862115220337553,0.44863179025662,0.0,0.3844869553561878,0.0,0.0,0.0897888741416756,0.3624015501136573,0.6142791488122027,0.4586471982090566,0.5593991280278449,0.7032819492464335,0.4089473001444886,0.1906063813202508,0.32511452922664,0.4367525440627539,0.2993294594662569,0.4224160039823681,0.4917456596237054,0.0,0.0,0.0,0.0,0.0,0.0,0.0,0.0,0.1544671110349388,0.0,0.0,0.0,0.2431617278403267,0.0,0.0,0.0,0.0,0.3694660865912885,0.0,0.2607880371468964,0.4772251589121564,0.1983276158530337,0.8644483460306821,0.5521920703415456,0.0,0.3490700630089869,0.0,0.4484645411603006,0.1384710296361864,0.0,0.0,0.0,0.0,0.5000186388051733,0.1464221230855217,0.4229950087916522,0.0,0.4953123756760471,0.0,0.0,0.0,0.1152632721371831,0.083983770893198,0.0471025190952195,0.0,0.0
0.0,0.0,0.7661001383807395,0.0,0.6223473691263103,0.6675025273738583,0.3182190672953447,0.5031237502554011,0.0,0.5869525097559036,0.818515783756527,0.3516409914830578,0.3732144110952196,0.1790755547190655,0.0,0.0115899395250039,0.0,0.398970467840477,0.548825050302161,0.5857685098518517,0.0,0.4932434798101702,0.5390494737977083,0.4466463566828353,0.6615002266347986,0.5982927689407378,0.7005268332254833,0.5389865692717388,0.3978865699857695,0.4328215383567702,0.0657951168047725,0.0,0.0,0.0,0.0,0.0,0.0,0.259950850193608,0.0,0.0,0.0910118431136656,0.0,0.0198637959459911,0.0,0.0,0.0,0.0,0.7065125554041203,0.0,0.3052505974800327,0.6988594903125908,0.3250858417804204,0.6399577525441277,0.6215616302560302,0.0,0.3325155282668249,0.0,0.4771645685284822,0.0023777938526462,0.0,0.0,0.0,0.0,0.7649587604378886,0.0,0.0,0.0,0.5768810766348025,0.0,0.0,0.0,0.3868323938607668,0.3538050194399523,0.0,0.0,0.0
0.0,0.0,0.3764166379731972,0.0,0.5048539448438237,0.2608234325652572,0.610461207731588,0.3125918819033341,0.5869525097559036,0.0,0.5588368180357215,0.801578104074293,0.439281909539247,0.0,0.0,0.0,0.5225065841072348,0.0,0.2555074046808343,0.177797756252642,0.0,0.5110866270734064,0.2361905629568602,0.387992702459871,0.5817089607109875,0.480378922899514,0.2879723212425737,0.5217330378950937,0.0,0.0,0.0,0.0,0.0,0.0,0.0,0.0,0.0239785884795157,0.3880258094421364,0.1979945167133075,0.0245819429124875,0.4172478967787249,0.0,0.0,0.0,0.0678725702818816,0.0,0.0,0.0,0.0,0.0,0.0,0.0,0.0,0.0,0.697455892379582,0.0,0.7190416522080423,0.3144537612232569,0.0,0.0,0.0,0.5858530116404186,0.4856362049178894,0.0,0.0,0.0,0.0,0.0,0.7188029468338195,0.319712910664946,0.4860077358498905,0.0,0.5476740675593843,0.0,0.0,0.5015688398031313
0.0,0.0,0.627641053300678,0.0,0.7863349289323817,0.3844799216680032,0.6010906079616929,0.6390018962168381,0.818515783756527,0.5588368180357215,0.0,0.2746856388850991,0.2869598443512581,0.243613848298834,0.0,0.0,0.6031917139856807,0.0,0.2550984667468844,0.0,0.0,0.0,0.3515012798177706,0.1686023778741679,0.0,0.22401949152413,0.4215428704711473,0.6309795669226712,0.0,0.0,0.1219907964720863,0.0712903077048037,0.0,0.0,0.0,0.0,0.0,0.1621571803745309,0.3363812396777603,0.0,0.0,0.0,0.4819467495088592,0.0,0.0,0.0,0.0,0.5076899443252019,0.0,0.5744864330757201,0.4419747800682998,0.3586028270716371,0.7391077966963836,0.7172775969974774,0.0,0.6866485138626799,0.0,0.5604037235516764,0.3236587825713099,0.0,0.0,0.0,0.0,0.6885582185908036,0.0,0.0,0.0,0.3562970726833474,0.0,0.0,0.0,0.0010282978465112,0.4837435817048991,0.0,0.0,0.0
0.0,0.0,0.2667293009433516,0.0,0.203307373750879,0.2519521841751577,0.384300155252966,0.3862115220337553,0.3516409914830578,0.801578104074293,0.2746856388850991,0.0,0.5791487457878847,0.0,0.0,0.0,0.276835768718536,0.0433250983867994,0.2756439334923969,0.0,0.0,0.0,0.2097598247443512,0.6380242950089623,0.3569782870943193,0.4727464039288939,0.0621250437662937,0.321726376290076,0.0,0.0,0.0,0.0,0.0,0.0,0.0,0.1110475293886781,0.2125573726711033,0.499400891487449,0.1249686456082215,0.048266952441838,0.5366226619302815,0.0,0.039880774681676,0.0,0.1340367562460599,0.0,0.0,0.0,0.0,0.0,0.0,0.0,0.0,0.0,0.5336690741669178,0.0,0.9222791696673208,0.197279153650051,0.0,0.0,0.0,0.5321386872522611,0.3406054922904755,0.0,0.0,0.0,0.0,0.0,0.7395306250101004,0.1623975039024231,0.4311095399682471,0.0,0.4317033236601222,0.0,0.0,0.4979697820475865
0.3594991095714817,0.3606910228369791,0.2479386608164354,0.2493468876722129,0.4300692245656168,0.4629738963236269,0.4368583475473824,0.44863179025662,0.3732144110952196,0.439281909539247,0.2869598443512581,0.5791487457878847,0.0,0.4191482945945909,0.1280157694756522,0.3774090656077289,0.5692119326094807,0.5418932398463497,0.4006643018575496,0.284072086659293,0.1765085811825637,0.2028330054799977,0.3203802448924422,0.4866399645792266,0.4543048070775033,0.5107879423559744,0.227005111094668,0.6309652520496042,0.1564784377669359,0.3214500822026712,0.3385709614307478,0.1042326390474144,0.2272016436726862,0.1861408576902808,0.1087528209046633,0.0989490745828044,0.0761833376214628,0.1790041531703031,0.1260663910221076,0.3511219895603026,0.151079505387685,0.1224493356288971,0.0851502283679947,0.0,0.1139765021375255,0.0,0.0,0.4525986830829962,0.0,0.0,0.3730826244094045,0.2916807659372938,0.4559764774281856,0.0,0.0,0.293894545804309,0.559602643861853,0.0,0.0,0.107049557323433,0.0,0.0,0.0,0.0,0.1122063376040828,0.0,0.0562976992323906,0.3511766564032204,0.0,0.1931325305437924,0.263913070225982,0.2377042131073709,0.0,0.0,0.0,0.0
0.0,0.0,0.0,0.505051374531442,0.5607911989134519,0.0,0.3980801702779006,0.0,0.1790755547190655,0.0,0.243613848298834,0.0,0.4191482945945909,0.0,0.0,0.0,0.0,0.0,0.0,0.0,0.0,0.0,0.0,0.0,0.0,0.0,0.0,0.5005007375348574,0.0,0.0,0.5258420240723607,0.5241833278504956,0.0,0.3923336393017352,0.0,0.2264551935625098,0.3177371428716187,0.0,0.4348596491977778,0.0,0.0,0.0,0.1759913215314406,0.0,0.0,0.0,0.0,0.2122880637616792,0.0,0.0,0.0,0.0,0.0,0.1048519635635316,0.0,0.3881732597028478,0.0,0.0,0.0,0.0,0.0,0.0,0.0,0.0,0.0,0.0,0.0,0.0,0.0,0.0,0.0,0.0,0.0,0.0,0.0,0.0
0.3744111163221953,0.0,0.0,0.0,0.0,0.4060856889810426,0.0,0.3844869553561878,0.0,0.0,0.0,0.0,0.1280157694756522,0.0,0.0,0.3342706008142967,0.0,0.3046565954585835,0.0,0.5115567312144665,0.6515704582430354,0.2275318330434979,0.5586511209483596,0.0654827946434522,0.1163801073646984,0.1907073760194321,0.4909607709470991,0.0,0.636763150878024,0.0,0.2577426887978741,0.0,0.2451221511507192,0.2964408550617611,0.1581723249668797,0.0,0.0,0.0,0.0,0.3209369810273958,0.0,0.0557510782685637,0.0,0.0,0.0,0.0,0.3210725868943863,0.0,0.0,0.0,0.2733984285502988,0.0,0.0904207446854059,0.0,0.0,0.0,0.0,0.3517095585214565,0.0,0.6692297343614602,0.4417166180495308,0.0,0.0,0.0,0.5599183011613067,0.4934184475221791,0.5725565254720524,0.1846338338487044,0.0,0.2989092834239748,0.2668275406865301,0.4376519427885409,0.0,0.2031666413843645,0.0,0.0
0.7562629515632404,0.0,0.0,0.0,0.1917025266773404,0.0699721512336789,0.0,0.0,0.0115899395250039,0.0,0.0,0.0,0.3774090656077289,0.0,0.3342706008142967,0.0,0.4283334657616104,0.8058416119369779,0.0,0.1099985517424378,0.051861531550248,0.0,0.0,0.1014252135490285,0.2321614013811934,0.1929246349606453,0.0052156851658861,0.2081819331315243,0.2266012744854932,0.0,0.7359919542932248,0.2394505795378303,0.5862766561099855,0.7749912600211571,0.602494504661503,0.0,0.0,0.0,0.0,0.2640131080638929,0.0,0.3486442388999051,0.0,0.0,0.0,0.6118150621038848,0.0,0.0,0.0,0.0,0.0,0.0,0.0,0.0,0.0,0.0,0.0,0.0,0.0,0.4975771948403992,0.4717264779999619,0.0,0.3964958024525011,0.0,0.1978386608562185,0.0,0.228431049983098,0.0,0.0,0.1583643223083033,0.0,0.2581430963962183,0.0,0.0,0.0,0.062342858718052
0.4470120609198549,0.0,0.0,0.0,0.0,0.5458763953360078,0.2787381767459601,0.0,0.0,0.5225065841072348,0.6031917139856807,0.276835768718536,0.5692119326094807,0.0,0.0,0.4283334657616104,0.0,0.7334266472935439,0.0,0.5333655576643256,0.0,0.19491780499792,0.0,0.3470885308459348,0.7089283785480822,0.6064234462035939,0.0,0.6855138366903163,0.4311632510279666,0.0,0.5580017371852264,0.0,0.0799139954354783,0.288240559520825,0.1615963921458628,0.0,0.0,0.0,0.0,0.2644592367525853,0.0,0.0,0.0,0.0,0.0,0.0,0.0,0.0,0.0,0.0,0.0,0.0,0.0,0.0,0.7454423294137954,0.0,0.3342038869686212,0.0,0.0,0.0,0.0,0.6117036832530693,0.6716279727166388,0.0,0.0,0.0,0.0,0.0,0.5143217304887948,0.5139816845020454,0.3604528394192846,0.0,0.0,0.0,0.0,0.0
0.7232701322903078,0.0253346022415471,0.0,0.0,0.0,0.4171670611899222,0.0,0.0897888741416756,0.398970467840477,0.0,0.0,0.0433250983867994,0.5418932398463497,0.0,0.3046565954585835,0.8058416119369779,0.7334266472935439,0.0,0.0,0.3309034147051684,0.1036848347162383,0.0,0.2199989502104166,0.3933160800868786,0.5590759865657035,0.5257794495062996,0.2989886108598556,0.4232836033996234,0.3251881764597008,0.0217492067678716,0.6607726885722613,0.0,0.4621883300518489,0.615987262562774,0.3610866949358113,0.0,0.0,0.0,0.0,0.2603602143127365,0.0,0.2755488288108162,0.0,0.0,0.0,0.6529659144762588,0.0179784446042128,0.0,0.0,0.0,0.0,0.0,0.0,0.0,0.4412665818616617,0.0,0.1922203090767734,0.0,0.0,0.0,0.5224771397328548,0.45799648979539,0.6337008894515864,0.0,0.0,0.0,0.0470513837635242,0.0,0.3051179584861107,0.4388920660343663,0.2173923990956305,0.0,0.0,0.0,0.0,0.0
0.0,0.0,0.735920049988795,0.0,0.0588053133998186,0.5994072335841067,0.0,0.3624015501136573,0.548825050302161,0.2555074046808343,0.2550984667468844,0.2756439334923969,0.4006643018575496,0.0,0.0,0.0,0.0,0.0,0.0,0.0,0.0,0.0,0.5765143260764094,0.0,0.0,0.0,0.5255213492280636,0.2435631815138962,0.0,0.0,0.0339155952614423,0.0,0.0,0.0,0.0,0.0,0.0,0.3849852900756475,0.0,0.0,0.0,0.0,0.0,0.0,0.0,0.0,0.0,0.6900969869872634,0.0,0.0,0.6186011370095453,0.0,0.3316995063934219,0.0,0.0,0.0759895690473421,0.0,0.0,0.0,0.0,0.0,0.0,0.0,0.6318497250895455,0.0,0.0,0.0,0.6426991034050216,0.0,0.0,0.0,0.5440848553308058,0.0,0.0,0.0,0.0
0.2273325934361093,0.1124444455149821,0.0,0.0,0.3344648028510159,0.7173808020777381,0.1863001913305008,0.6142791488122027,0.5857685098518517,0.177797756252642,0.0,0.0,0.284072086659293,0.0,0.5115567312144665,0.1099985517424378,0.5333655576643256,0.3309034147051684,0.0,0.0,0.7439172119699751,0.544498242438657,0.7026657477096008,0.0,0.4217827106867237,0.5266565527731794,0.8270596138507994,0.305041348760628,0.793048217110561,0.5836849604570388,0.1343110595033202,0.0,0.0,0.0222234747159337,0.0,0.0,0.0,0.0,0.0,0.2522727765971874,0.0,0.0,0.0,0.0,0.0,0.0,0.5283146161116036,0.0,0.0,0.0,0.4731538545145349,0.0,0.4592008589423227,0.0,0.0,0.0,0.0,0.3850426684626559,0.0,0.3102602962947423,0.3534894129236737,0.0,0.0,0.0,0.4441750742780807,0.6826152773946055,0.3440295382098454,0.4159473726567776,0.0,0.4253984843629012,0.5458966802742122,0.5198645500213853,0.025967282309207,0.2264852035458426,0.0,0.0
0.1778534693448064,0.0,0.0,0.0,0.0,0.4916048287632971,0.0,0.4586471982090566,0.0,0.0,0.0,0.0,0.1765085811825637,0.0,0.6515704582430354,0.051861531550248,0.0,0.1036848347162383,0.0,0.7439172119699751,0.0,0.3787336968800914,0.6063171412952244,0.0,0.1571345863461725,0.2350329893274245,0.7054301115250858,0.1988087980909224,0.7908818336281328,0.0,0.1658576770686664,0.0,0.0,0.0825775121292804,0.0,0.0,0.0,0.0,0.0,0.2785030323249205,0.0,0.0,0.0,0.0,0.0,0.533475972625824,0.6136892604296724,0.0,0.0,0.0,0.2019223837777309,0.0,0.2672281454896432,0.0,0.0,0.0,0.0,0.3142202801577375,0.0,0.5981816784478947,0.2929833460113135,0.0,0.0,0.0,0.624557539109262,0.95953808540809,0.6071048379272052,0.2957497352678145,0.0,0.2851374185708252,0.3469249700335395,0.5541411413622124,0.0,0.3709596619830352,0.0,0.0
0.0,0.2918005568084638,0.0,0.0,0.4780317043561195,0.3362780683081152,0.6373747830560743,0.5593991280278449,0.4932434798101702,0.5110866270734064,0.0,0.0,0.2028330054799977,0.0,0.2275318330434979,0.0,0.19491780499792,0.0,0.0,0.544498242438657,0.3787336968800914,0.0,0.3348361423345704,0.0,0.3033153456353214,0.2632824526192009,0.4145422924372436,0.3144206542035868,0.4523446838406778,0.7194562130510603,0.0,0.0,0.0,0.0,0.0,0.0,0.0,0.0,0.2744379187211284,0.3378640424739644,0.0331687155574796,0.0,0.1984263472593686,0.0,0.0,0.0,0.3576290821568039,0.0,0.0,0.0,0.2346836410036166,0.0,0.0,0.0,0.0,0.0,0.0,0.0,0.0,0.0,0.0916811820365899,0.0,0.1463115938727387,0.0,0.1390026991289961,0.4605241978804423,0.1706321344121664,0.33635355698749,0.0,0.1062703964495213,0.4508466555508891,0.0,0.2777920493340464,0.4440239737934985,0.0,0.0
0.2179004814457283,0.0614052229550929,0.8327900534359974,0.0,0.1238724254283576,0.8713716077911984,0.0,0.7032819492464335,0.5390494737977083,0.2361905629568602,0.3515012798177706,0.2097598247443512,0.3203802448924422,0.0,0.5586511209483596,0.0,0.0,0.2199989502104166,0.5765143260764094,0.7026657477096008,0.6063171412952244,0.3348361423345704,0.0,0.3800327735535629,0.4849229440944316,0.637176383920097,0.8390727653107182,0.1572120528725768,0.5345415623797278,0.2833356841945864,0.0,0.0,0.0,0.0,0.0,0.0,0.0,0.3597686089082313,0.0,0.1403987538595646,0.0,0.0886508677447612,0.0,0.0,0.0,0.0,0.6183653968461268,0.4116516009532182,0.0,0.0,0.6758378240327664,0.0134798798515287,0.5740779856205078,0.116753734000387,0.0,0.0,0.0,0.1833313324763718,0.0,0.301898665174603,0.0,0.0,0.0,0.4699839482275085,0.272168511685656,0.5694284731117172,0.1939405599325576,0.7781804211809553,0.0,0.482157063143352,0.625728900781977,0.6486796305879675,0.0,0.2457622186825786,0.0,0.0
0.1684507695985294,0.0,0.0,0.0,0.0,0.0,0.0,0.4089473001444886,0.4466463566828353,0.387992702459871,0.1686023778741679,0.6380242950089623,0.4866399645792266,0.0,0.0654827946434522,0.1014252135490285,0.3470885308459348,0.3933160800868786,0.0,0.0,0.0,0.0,0.3800327735535629,0.0,0.4852923874738545,0.7191685237742893,0.2716859741569121,0.1292787297019277,0.0,0.0,0.0,0.0,0.113474210805633,0.0,0.0,0.0,0.0,0.4971535334619391,0.0,0.1599908062959569,0.2264642864623342,0.0,0.0,0.0,0.3383261855396485,0.0108480085505639,0.0,0.0,0.0,0.0,0.0,0.0,0.0,0.0,0.3774968249915304,0.0,0.6911417053077025,0.0,0.0,0.0,0.1346889260322656,0.385955489220234,0.3952080166821098,0.0,0.0,0.0,0.0,0.0,0.8621703845154266,0.4015246943518282,0.5683777257499686,0.0,0.1761355319672239,0.0,0.0,0.2680254631775481
0.4071028671885377,0.1401714588923677,0.0,0.0,0.3398708924084902,0.6262288074900269,0.2088291693153049,0.1906063813202508,0.6615002266347986,0.5817089607109875,0.0,0.3569782870943193,0.4543048070775033,0.0,0.1163801073646984,0.2321614013811934,0.7089283785480822,0.5590759865657035,0.0,0.4217827106867237,0.1571345863461725,0.3033153456353214,0.4849229440944316,0.4852923874738545,0.0,0.8240125981699179,0.6630503597337661,0.4608659664656221,0.2213447236663589,0.0,0.1161340628245095,0.0,0.0,0.0,0.0,0.0,0.0,0.1300325841633785,0.0,0.0050685375114548,0.0196435431221261,0.134273592475946,0.0,0.0,0.0,0.4905534708814161,0.5600938063611035,0.0,0.0,0.0,0.0,0.0,0.0,0.0,0.6341040837433798,0.0,0.412787215075684,0.2340057407029338,0.0,0.0381362084401452,0.4015849526285385,0.4801493589794872,0.613992575257001,0.0,0.0034073835718383,0.2192673960302417,0.0,0.5617721791640149,0.6598739427966975,0.7861955898710655,0.7144241836792818,0.0,0.0,0.1234835061184237,0.0,0.1421370484545801
0.3989493429922743,0.3861023902523584,0.0,0.0,0.0831207220967532,0.7520268619970335,0.0,0.32511452922664,0.5982927689407378,0.480378922899514,0.22401949152413,0.4727464039288939,0.5107879423559744,0.0,0.1907073760194321,0.1929246349606453,0.6064234462035939,0.5257794495062996,0.0,0.5266565527731794,0.2350329893274245,0.2632824526192009,0.637176383920097,0.7191685237742893,0.8240125981699179,0.0,0.6707076671026103,0.2527781704143786,0.2129273075509289,0.0,0.0,0.0,0.0,0.0,0.0,0.0,0.0,0.3408224979983419,0.0,0.0424207305294821,0.0,0.0641385434046458,0.0,0.0,0.1381366827298459,0.3836270211248361,0.5794999405806496,0.0,0.0,0.0,0.6702619478432015,0.0,0.0,0.0,0.4579563280350133,0.0,0.5465248911577155,0.1628570808685151,0.0,0.0965185582952764,0.3225255982540905,0.3138985513550855,0.4761507480184123,0.0,0.0755248660714496,0.224076797062984,0.0,0.5746290188077912,0.7109919219963508,0.7146937282017523,0.8189549224360946,0.6387102622453665,0.0386473250793806,0.0412520998686429,0.0,0.0379952903505799
0.2755490195790264,0.0,0.7982840280026201,0.0,0.2395941086141589,0.8530093810873114,0.0470602771908519,0.4367525440627539,0.7005268332254833,0.2879723212425737,0.4215428704711473,0.0621250437662937,0.227005111094668,0.0,0.4909607709470991,0.0052156851658861,0.0,0.2989886108598556,0.5255213492280636,0.8270596138507994,0.7054301115250858,0.4145422924372436,0.8390727653107182,0.2716859741569121,0.6630503597337661,0.6707076671026103,0.0,0.2498574520016642,0.6811643715161356,0.3197401883259556,0.0,0.0,0.0,0.0,0.0,0.0,0.0,0.2265505252644197,0.0,0.0572057033785723,0.0,0.0319064640997162,0.0,0.0,0.0,0.0,0.7904450889137231,0.3761822560690468,0.0,0.0,0.6695786823763415,0.127444989722323,0.4048489868085304,0.183083792511559,0.0,0.0,0.0,0.2281701464941096,0.0,0.3505448101816687,0.0,0.0,0.0,0.4372751200379149,0.3424793981020559,0.7214179336195155,0.2999751073159404,0.7019406965303642,0.0,0.0,0.7698039283377426,0.8227076971261307,0.0,0.393648687152223,0.0,0.0
0.2191730566788457,0.1001764103496694,0.2438229989615647,0.2742692240695869,0.7654737094296715,0.2734789867239246,0.592739708804634,0.2993294594662569,0.5389865692717388,0.5217330378950937,0.6309795669226712,0.321726376290076,0.6309652520496042,0.5005007375348574,0.0,0.2081819331315243,0.6855138366903163,0.4232836033996234,0.2435631815138962,0.305041348760628,0.1988087980909224,0.3144206542035868,0.1572120528725768,0.1292787297019277,0.4608659664656221,0.2527781704143786,0.2498574520016642,0.0,0.2671955399624649,0.5803885522590182,0.4676011920845323,0.1268032623939297,0.0181632841924478,0.1453493799995262,0.0602490339520703,0.0,0.0280752254013777,0.0190255651100406,0.2962733915387182,0.3115952965118399,0.0731055986964636,0.091418289938477,0.496521814207484,0.0,0.0,0.0,0.0,0.3891928448237425,0.0,0.0,0.2947611908545205,0.0,0.4919537443962856,0.244155356710449,0.6040854384848536,0.0,0.27937780088256,0.5035663084781139,0.0,0.0,0.0,0.0,0.0,0.0,0.0,0.3073879710454497,0.0,0.2336355317540115,0.0,0.1546231408080441,0.1572608269626692,0.0757779075980722,0.6379608156538897,0.0,0.0,0.1042828745463223
0.3487059089768758,0.0,0.0,0.0,0.3898400462324197,0.6230726212186161,0.1925521789595623,0.4224160039823681,0.3978865699857695,0.0,0.0,0.0,0.1564784377669359,0.0,0.636763150878024,0.2266012744854932,0.4311632510279666,0.3251881764597008,0.0,0.793048217110561,0.7908818336281328,0.4523446838406778,0.5345415623797278,0.0,0.2213447236663589,0.2129273075509289,0.6811643715161356,0.2671955399624649,0.0,0.5309801647217771,0.3931842295870985,0.0,0.1247301113216632,0.3105891752903839,0.094918864379183,0.0,0.0,0.0,0.0,0.3793744941202701,0.0,0.0,0.0524145366885472,0.0,0.0,0.0,0.3756956927762513,0.0,0.0,0.0,0.3762538256502409,0.4543552365331839,0.2243570003511034,0.2886499656526636,0.0,0.0,0.0,0.4424547664107238,0.0,0.5219085866515167,0.0,0.0,0.0,0.0,0.5129394411349456,0.7136499063011976,0.4768625013059598,0.1933343406457207,0.0,0.0,0.3015768432419508,0.465145776084608,0.0,0.2483058412951889,0.0,0.0
0.0,0.0,0.0,0.0,0.0,0.3374280818067084,0.0,0.4917456596237054,0.4328215383567702,0.0,0.0,0.0,0.3214500822026712,0.0,0.0,0.0,0.0,0.0217492067678716,0.0,0.5836849604570388,0.0,0.7194562130510603,0.2833356841945864,0.0,0.0,0.0,0.3197401883259556,0.5803885522590182,0.5309801647217771,0.0,0.0743850504093981,0.0932058887607727,0.0,0.0,0.0,0.0,0.0,0.0,0.0,0.0,0.0,0.0,0.0,0.0,0.0,0.0,0.0,0.0,0.0,0.0,0.0,0.0,0.0,0.0,0.0,0.0,0.0,0.0,0.0,0.0,0.0,0.0,0.0,0.0,0.2961791849599388,0.0,0.0,0.1986123505866229,0.0,0.0,0.0,0.0,0.0,0.2592235600151384,0.0,0.0
0.6311859156251963,0.0,0.0,0.5110895319922705,0.4154342473070073,0.0211412284519083,0.1265150683507645,0.0,0.0657951168047725,0.0,0.1219907964720863,0.0,0.3385709614307478,0.5258420240723607,0.2577426887978741,0.7359919542932248,0.5580017371852264,0.6607726885722613,0.0339155952614423,0.1343110595033202,0.1658576770686664,0.0,0.0,0.0,0.1161340628245095,0.0,0.0,0.4676011920845323,0.3931842295870985,0.0743850504093981,0.0,0.4288145134257748,0.6976830554413156,0.8868265081779318,0.7421587052599935,0.0299053274877648,0.0,0.0,0.2063205627465885,0.3975422962779033,0.0,0.0,0.1948652719390802,0.0,0.0,0.0,0.0,0.0,0.0,0.0,0.0820113256515788,0.0,0.0,0.0,0.372818890580106,0.0,0.0,0.0,0.0,0.4818116672692061,0.5169445284488815,0.3793441036606309,0.3908078418457875,0.0,0.1733849547216199,0.0690947813683371,0.1588855800136785,0.0,0.0,0.0763820596670439,0.0,0.104293010388867,0.2533363158725881,0.0,0.0,0.0
0.0,0.1198084989379412,0.0,0.3548077459129003,0.2845978954736187,0.0,0.3866111589397311,0.0,0.0,0.0,0.0712903077048037,0.0,0.1042326390474144,0.5241833278504956,0.0,0.2394505795378303,0.0,0.0,0.0,0.0,0.0,0.0,0.0,0.0,0.0,0.0,0.0,0.1268032623939297,0.0,0.0932058887607727,0.4288145134257748,0.0,0.4800836837429833,0.4311122824246003,0.4852840460100292,0.4265474357812858,0.5114190745979323,0.0,0.8812073125420677,0.3796765474890432,0.0454942100822402,0.0,0.4333719408325314,0.5943444289982706,0.0,0.0,0.0,0.0,0.0,0.501113030851712,0.0,0.3073760299850607,0.0,0.2119744592409312,0.0209264005472286,0.4243398179503981,0.0,0.264259260353527,0.0,0.0,0.0,0.1830011677882821,0.0,0.0,0.0,0.0,0.0,0.0,0.0,0.0,0.0,0.0,0.2716621239317653,0.0,0.0,0.199748391971759
0.4567547681048282,0.0293082675699876,0.0,0.0,0.0,0.0,0.0,0.0,0.0,0.0,0.0,0.0,0.2272016436726862,0.0,0.2451221511507192,0.5862766561099855,0.0799139954354783,0.4621883300518489,0.0,0.0,0.0,0.0,0.0,0.113474210805633,0.0,0.0,0.0,0.0181632841924478,0.1247301113216632,0.0,0.6976830554413156,0.4800836837429833,0.0,0.8011573004871992,0.7312566335633697,0.3675634846783297,0.1915932100223409,0.0,0.2437809920907008,0.5229528014021658,0.0,0.1576181526479357,0.0,0.0,0.1582834422503718,0.2355532685572303,0.0,0.0,0.0,0.0,0.0,0.0,0.0,0.0,0.037798226197817,0.0,0.0,0.0,0.0,0.2869158643462458,0.2068770908837206,0.1445918555665795,0.0617941043924253,0.0,0.0277593638596374,0.0,0.0248519563604117,0.0,0.0,0.0,0.0,0.0,0.0162468534306349,0.0,0.0,0.0
0.5508927677920251,0.0,0.0,0.517226099981084,0.1551242921156026,0.0,0.0,0.0,0.0,0.0,0.0,0.0,0.1861408576902808,0.3923336393017352,0.2964408550617611,0.7749912600211571,0.288240559520825,0.615987262562774,0.0,0.0222234747159337,0.0825775121292804,0.0,0.0,0.0,0.0,0.0,0.0,0.1453493799995262,0.3105891752903839,0.0,0.8868265081779318,0.4311122824246003,0.8011573004871992,0.0,0.8221624548418778,0.1834995764871255,0.045146653197206,0.0,0.1551527416984985,0.3498971283210928,0.0,0.2087862759628843,0.0227485082733623,0.0,0.0004355392420554,0.4471971560516063,0.0,0.0,0.0,0.0,0.0,0.4908648078923475,0.0,0.0,0.1640327387027864,0.0,0.0,0.375967672807026,0.0,0.5423451534621636,0.430126271463688,0.2369192961927582,0.1872057449665903,0.0,0.1583571335539394,0.0,0.1545250885085356,0.0,0.0,0.003503760335875,0.0,0.0434304671607995,0.0567564022618346,0.0,0.0,0.0
0.4771722564497993,0.0,0.0,0.6082449931866463,0.0638874241192299,0.0,0.0,0.0,0.0,0.0,0.0,0.0,0.1087528209046633,0.0,0.1581723249668797,0.602494504661503,0.1615963921458628,0.3610866949358113,0.0,0.0,0.0,0.0,0.0,0.0,0.0,0.0,0.0,0.0602490339520703,0.094918864379183,0.0,0.7421587052599935,0.4852840460100292,0.7312566335633697,0.8221624548418778,0.0,0.3117491432341779,0.2527190413507823,0.0,0.1604251563556422,0.2571775015680857,0.0,0.3214091902929039,0.0084702367747373,0.0,0.0,0.0,0.0,0.0,0.0,0.0,0.0,0.0,0.0,0.0,0.0,0.0,0.0,0.1926559835128972,0.0,0.4137946280351267,0.27224439506296,0.0,0.0,0.0,0.0494945402206993,0.0,0.0674323165652446,0.0,0.0,0.0,0.0,0.0,0.0,0.0,0.0,0.0
0.0,0.0,0.0,0.5160035917609422,0.0,0.0,0.0,0.0,0.0,0.0,0.0,0.1110475293886781,0.0989490745828044,0.2264551935625098,0.0,0.0,0.0,0.0,0.0,0.0,0.0,0.0,0.0,0.0,0.0,0.0,0.0,0.0,0.0,0.0,0.0299053274877648,0.4265474357812858,0.3675634846783297,0.1834995764871255,0.3117491432341779,0.0,0.6938547524460617,0.0,0.3358233201698094,0.0094877921888605,0.4890897179374641,0.1413498267758102,0.23565105479034,0.6183066289027233,0.166043946412011,0.0,0.0,0.0,0.0,0.0,0.0,0.0,0.0,0.0,0.0,0.1169785384118992,0.0807073789839645,0.0,0.0,0.0,0.0,0.0,0.0,0.0,0.0,0.0,0.0,0.0,0.0,0.0,0.0,0.0,0.059035527509781,0.0,0.0,0.0
0.0,0.0,0.0,0.4447795466272367,0.0,0.0,0.199147225895504,0.0,0.0,0.0239785884795157,0.0,0.2125573726711033,0.0761833376214628,0.3177371428716187,0.0,0.0,0.0,0.0,0.0,0.0,0.0,0.0,0.0,0.0,0.0,0.0,0.0,0.0280752254013777,0.0,0.0,0.0,0.5114190745979323,0.1915932100223409,0.045146653197206,0.2527190413507823,0.6938547524460617,0.0,0.0,0.5465352539029916,0.0,0.3917513416249066,0.1156129710739087,0.2850902795263056,0.0,0.0,0.0,0.0,0.0,0.0,0.0,0.0,0.0,0.0,0.0,0.0,0.0,0.0,0.0,0.0,0.0,0.0,0.0,0.0,0.0,0.0,0.0,0.0,0.0,0.0,0.0,0.0,0.0,0.0,0.0,0.0,0.0
0.0,0.0,0.0,0.0,0.0,0.2809839208906644,0.010805523135176,0.0,0.259950850193608,0.3880258094421364,0.1621571803745309,0.499400891487449,0.1790041531703031,0.0,0.0,0.0,0.0,0.0,0.3849852900756475,0.0,0.0,0.0,0.3597686089082313,0.4971535334619391,0.1300325841633785,0.3408224979983419,0.2265505252644197,0.0190255651100406,0.0,0.0,0.0,0.0,0.0,0.0,0.0,0.0,0.0,0.0,0.0,0.1494688244345256,0.4807369577208175,0.0,0.0,0.0,0.2704859561409756,0.0,0.0,0.0,0.0,0.0,0.0,0.0,0.0,0.0,0.0,0.0,0.3858658684225417,0.0,0.0,0.0,0.0,0.0,0.0,0.0,0.0,0.0,0.0,0.0,0.4957114611249416,0.0384290013443069,0.3315539537846214,0.0,0.0315891500401428,0.0,0.0,0.0
0.0,0.1686036001182298,0.0,0.0,0.4273936942514321,0.0,0.638013008841393,0.1544671110349388,0.0,0.1979945167133075,0.3363812396777603,0.1249686456082215,0.1260663910221076,0.4348596491977778,0.0,0.0,0.0,0.0,0.0,0.0,0.0,0.2744379187211284,0.0,0.0,0.0,0.0,0.0,0.2962733915387182,0.0,0.0,0.2063205627465885,0.8812073125420677,0.2437809920907008,0.1551527416984985,0.1604251563556422,0.3358233201698094,0.5465352539029916,0.0,0.0,0.430888800380739,0.1967455620812689,0.0,0.5967425351062682,0.6532104594011489,0.0,0.0,0.0,0.0293708227764734,0.3724716932339423,0.6966396762838235,0.0,0.3202547134859684,0.279065920875755,0.3892004157019539,0.132002395136394,0.5337325930182333,0.0,0.3498928241306506,0.7312259801428795,0.0,0.0,0.1832668341277192,0.0,0.0140104214526801,0.0,0.0,0.0,0.0,0.0,0.0,0.0,0.0,0.4694390055802581,0.0,0.3018197330816269,0.2505467420777083
0.1659503074128801,0.1663679750524093,0.0,0.0,0.0,0.0,0.0,0.0,0.0,0.0245819429124875,0.0,0.048266952441838,0.3511219895603026,0.0,0.3209369810273958,0.2640131080638929,0.2644592367525853,0.2603602143127365,0.0,0.2522727765971874,0.2785030323249205,0.3378640424739644,0.1403987538595646,0.1599908062959569,0.0050685375114548,0.0424207305294821,0.0572057033785723,0.3115952965118399,0.3793744941202701,0.0,0.3975422962779033,0.3796765474890432,0.5229528014021658,0.3498971283210928,0.2571775015680857,0.0094877921888605,0.0,0.1494688244345256,0.430888800380739,0.0,0.0,0.0,0.2982258494565536,0.0956368809822228,0.0,0.2162935290584394,0.0,0.0645947002697914,0.0,0.4596220282144385,0.0648556388649712,0.4362225407319858,0.3050477355359674,0.3966188219279259,0.237529378858449,0.2983143380106888,0.0962792360805516,0.528436516873872,0.0,0.1354670315714752,0.2793785547198224,0.1316115731154425,0.2303786265631709,0.0112187338338896,0.3002773462932753,0.2544738870167813,0.273307587431086,0.0,0.1062203536722457,0.0008794555009784,0.0441707247119404,0.0,0.3236756656388455,0.0719940715977965,0.0773799011489119,0.0169039866664596
0.0,0.0,0.0527858384843853,0.0,0.0,0.0,0.0835398193076732,0.0,0.0910118431136656,0.4172478967787249,0.0,0.5366226619302815,0.151079505387685,0.0,0.0,0.0,0.0,0.0,0.0,0.0,0.0,0.0331687155574796,0.0,0.2264642864623342,0.0196435431221261,0.0,0.0,0.0731055986964636,0.0,0.0,0.0,0.0454942100822402,0.0,0.0,0.0,0.4890897179374641,0.3917513416249066,0.4807369577208175,0.1967455620812689,0.0,0.0,0.0897211238470466,0.072614520862696,0.6100474410648637,0.3356536133031009,0.0,0.0,0.4643654049542755,0.0,0.042519065810256,0.0,0.0,0.1931877353525675,0.0434555969137261,0.1041560601179703,0.1346052642951153,0.4519903393114894,0.0,0.1096679008686433,0.0,0.0,0.1672961567540531,0.0964787154393701,0.3613400080086921,0.0,0.0,0.0,0.2454590732189517,0.3144671630927987,0.0,0.0,0.0,0.2617675337805707,0.2699121170608721,0.6013207359434896,0.7771759018639719
0.0,0.0,0.0,0.0,0.0,0.0688129075676188,0.0,0.0,0.0,0.0,0.0,0.0,0.1224493356288971,0.0,0.0557510782685637,0.3486442388999051,0.0,0.2755488288108162,0.0,0.0,0.0,0.0,0.0886508677447612,0.0,0.134273592475946,0.0641385434046458,0.0319064640997162,0.091418289938477,0.0,0.0,0.0,0.0,0.1576181526479357,0.2087862759628843,0.3214091902929039,0.1413498267758102,0.1156129710739087,0.0,0.0,0.0,0.0897211238470466,0.0,0.0,0.0129882685459533,0.1641794397445953,0.3057820790634641,0.0,0.1304721773074594,0.0160729487840699,0.0,0.2367828419392037,0.0,0.0,0.0,0.0633120996347537,0.0,0.0,0.0,0.0,0.0764992712830081,0.0121077250006121,0.1317567898562878,0.1525303849318565,0.0606718520901322,0.0,0.0,0.0,0.1275361709896579,0.0618990457855217,0.0780365984008899,0.0,0.163396931214393,0.0,0.0,0.0,0.1166851112683575
0.0,0.0,0.0,0.0,0.5027625035344867,0.0,0.5295899766127975,0.2431617278403267,0.0198637959459911,0.0,0.4819467495088592,0.039880774681676,0.0851502283679947,0.1759913215314406,0.0,0.0,0.0,0.0,0.0,0.0,0.0,0.1984263472593686,0.0,0.0,0.0,0.0,0.0,0.496521814207484,0.0524145366885472,0.0,0.1948652719390802,0.4333719408325314,0.0,0.0227485082733623,0.0084702367747373,0.23565105479034,0.2850902795263056,0.0,0.5967425351062682,0.2982258494565536,0.072614520862696,0.0,0.0,0.4277561725044767,0.0,0.0,0.0,0.0,0.1874165990853673,0.5037900899369238,0.0,0.1106347357796462,0.3524307431411019,0.2463777417646799,0.0088507830619762,0.6453860289331732,0.0,0.2094411330708069,0.5860480794699376,0.0,0.0,0.0,0.0,0.1111292822628181,0.0,0.1068443780369152,0.0,0.0,0.0,0.0,0.0,0.0,0.4005262980222753,0.0,0.0,0.0
0.0,0.0,0.0,0.0,0.0,0.0,0.0,0.0,0.0,0.0,0.0,0.0,0.0,0.0,0.0,0.0,0.0,0.0,0.0,0.0,0.0,0.0,0.0,0.0,0.0,0.0,0.0,0.0,0.0,0.0,0.0,0.5943444289982706,0.0,0.0,0.0,0.6183066289027233,0.0,0.0,0.6532104594011489,0.0956368809822228,0.6100474410648637,0.0129882685459533,0.4277561725044767,0.0,0.1822327914442892,0.0,0.0,0.250815190076421,0.0740634141850189,0.4064351585685422,0.0,0.0,0.2067014846963454,0.2045936801172666,0.0833139581113065,0.329720349365613,0.2746565889831487,0.0318320216147136,0.6309136960948356,0.0,0.0,0.0,0.0,0.1870129645969637,0.0,0.0,0.0,0.0,0.0,0.0,0.0,0.0,0.3863595084255018,0.0,0.0,0.6591149159384557
0.0,0.0,0.0,0.0,0.0,0.0,0.0,0.0,0.0,0.0678725702818816,0.0,0.1340367562460599,0.1139765021375255,0.0,0.0,0.0,0.0,0.0,0.0,0.0,0.0,0.0,0.0,0.3383261855396485,0.0,0.1381366827298459,0.0,0.0,0.0,0.0,0.0,0.0,0.1582834422503718,0.0004355392420554,0.0,0.166043946412011,0.0,0.2704859561409756,0.0,0.0,0.3356536133031009,0.1641794397445953,0.0,0.1822327914442892,0.0,0.0009177924287311,0.0,0.0,0.0,0.0,0.1400981699977053,0.0,0.0,0.0,0.134871478396385,0.0,0.2213448057637795,0.0,0.0,0.0,0.0,0.19031950282483,0.1698828805771869,0.1632723377705359,0.0,0.0,0.0,0.092936323510933,0.2277862212621175,0.0460909381485258,0.0,0.0789501972717547,0.1052080639651966,0.0,0.0,0.4020618306693468
0.9067878991778728,0.0,0.0,0.0,0.0,0.0,0.0,0.0,0.0,0.0,0.0,0.0,0.0,0.0,0.0,0.6118150621038848,0.0,0.6529659144762588,0.0,0.0,0.533475972625824,0.0,0.0,0.0108480085505639,0.4905534708814161,0.3836270211248361,0.0,0.0,0.0,0.0,0.0,0.0,0.2355532685572303,0.4471971560516063,0.0,0.0,0.0,0.0,0.0,0.2162935290584394,0.0,0.3057820790634641,0.0,0.0,0.0009177924287311,0.0,0.4226738631685829,0.0,0.0,0.0,0.3852696284029415,0.0,0.0,0.0,0.0,0.0,0.0,0.2742915635423186,0.0,0.7613730473903845,0.6264772642479941,0.0,0.4709103260266656,0.0,0.491131029855038,0.4861460042250037,0.5582664624617469,0.2731996200209642,0.0,0.582277478205381,0.3036971055302309,0.6973049944902661,0.0646856756384127,0.1948447309511231,0.0,0.0
0.1872422279836498,0.1984385687876252,0.0,0.0,0.0,0.5818050193715614,0.0,0.0,0.0,0.0,0.0,0.0,0.0,0.0,0.3210725868943863,0.0,0.0,0.0179784446042128,0.0,0.5283146161116036,0.6136892604296724,0.3576290821568039,0.6183653968461268,0.0,0.5600938063611035,0.5794999405806496,0.7904450889137231,0.0,0.3756956927762513,0.0,0.0,0.0,0.0,0.0,0.0,0.0,0.0,0.0,0.0,0.0,0.0,0.0,0.0,0.0,0.0,0.4226738631685829,0.0,0.0,0.0,0.0,0.4668450236197846,0.0672723962482388,0.2425691881666675,0.0,0.2691066045919967,0.0,0.0,0.0838692969877994,0.0,0.3121991685225544,0.2687339516526564,0.0,0.1575375100453815,0.0,0.4846369831890411,0.6864734413442242,0.5015238081622206,0.5741680357416995,0.0,0.7097360495555194,0.8038913270636405,0.7148490532677286,0.0,0.5661305177996899,0.0,0.0
0.0,0.0,0.6264021310644952,0.0,0.3991606205087406,0.4507839275644661,0.1834362688410307,0.3694660865912885,0.7065125554041203,0.0,0.5076899443252019,0.0,0.4525986830829962,0.2122880637616792,0.0,0.0,0.0,0.0,0.6900969869872634,0.0,0.0,0.0,0.4116516009532182,0.0,0.0,0.0,0.3761822560690468,0.3891928448237425,0.0,0.0,0.0,0.0,0.0,0.0,0.0,0.0,0.0,0.0,0.0293708227764734,0.0645947002697914,0.4643654049542755,0.1304721773074594,0.0,0.250815190076421,0.0,0.0,0.0,0.0,0.0,0.05752891972829,0.6306454899727363,0.0,0.5852640138870207,0.2907634750618335,0.436653211036667,0.2912144627589478,0.5090761745819044,0.1746340862182087,0.1081681688662526,0.0,0.0,0.0,0.0,0.8273711752481016,0.0,0.0,0.0,0.7110155349837449,0.0,0.3267298393281763,0.3748041299231028,0.2425602129395655,0.2903579462945685,0.2083620271466805,0.4213665539761049,0.4993499547326086
0.0,0.0,0.0,0.0,0.0,0.0,0.0,0.0,0.0,0.0,0.0,0.0,0.0,0.0,0.0,0.0,0.0,0.0,0.0,0.0,0.0,0.0,0.0,0.0,0.0,0.0,0.0,0.0,0.0,0.0,0.0,0.0,0.0,0.0,0.0,0.0,0.0,0.0,0.3724716932339423,0.0,0.0,0.0160729487840699,0.1874165990853673,0.0740634141850189,0.0,0.0,0.0,0.0,0.0,0.5406681212933893,0.0,0.7266981965367033,0.0,0.1728848902717799,0.0,0.2524957999486508,0.0,0.5380665867619402,0.4528569307519202,0.0,0.0,0.0,0.0,0.0,0.0,0.0,0.0,0.0,0.0,0.0,0.0,0.0,0.3667732963907682,0.0,0.0,0.0
0.0,0.0,0.0,0.0,0.6175831506429366,0.0,0.0,0.2607880371468964,0.3052505974800327,0.0,0.5744864330757201,0.0,0.0,0.0,0.0,0.0,0.0,0.0,0.0,0.0,0.0,0.0,0.0,0.0,0.0,0.0,0.0,0.0,0.0,0.0,0.0,0.501113030851712,0.0,0.0,0.0,0.0,0.0,0.0,0.6966396762838235,0.4596220282144385,0.042519065810256,0.0,0.5037900899369238,0.4064351585685422,0.0,0.0,0.0,0.05752891972829,0.5406681212933893,0.0,0.0176241636424462,0.7413704351302951,0.4118446594935324,0.760473005767597,0.4302917908392507,0.5661442963940378,0.1624061013446904,0.7471319253199443,0.6702336466148519,0.0,0.0,0.0,0.0,0.1574839537648985,0.0,0.0,0.0,0.0,0.0,0.0,0.0,0.0,0.7523936488594194,0.0,0.0,0.1638345327162644
