0.0,0.6146153963979998,0.0,0.0,0.0,0.4791847035593713,0.0,0.4315023828993594,0.0,0.5166095086806293,0.0,0.2609940197809884,0.5320956496427137,0.0,0.6051222745962763,0.6186363282236548,0.582044609476309,0.4552435593407217,0.0,0.749649134743342,0.7634327746368208,0.7093690523328434,0.4682030749055422,0.5446919073683543,0.6486021525402628,0.6088869672082439,0.5947696008015404,0.5785696149149602,0.6663236381811267,0.0,0.603046833153122,0.3439766106290268,0.3622136696843213,0.3814746282526425,0.0,0.0,0.0,0.1299188954800883,0.0820314355218881,0.4891033644520818,0.2392128751713385,0.0,0.0,0.0,0.0,0.7723563513657851,0.4788243872758378,0.0,0.0,0.0,0.0,0.0,0.0,0.0,0.4472669082667656,0.0,0.0,0.0,0.0,0.0,0.4045662045974477,0.0,0.3001249865483038,0.0,0.0,0.770522206261572,0.4408732134344276,0.0,0.5280365383350649,0.2737681051747643,0.6102220780977351,0.0,0.0,0.0,0.0,0.2968471625702971
0.6146153963979998,0.0,0.0,0.0,0.3461768652151672,0.7595049498291111,0.5974653544011145,0.6023084894725584,0.551010820818759,0.0,0.0,0.0,0.8137183423099879,0.0,0.4816775544735482,0.7290142877699964,0.7572170747214466,0.7617030820403528,0.0,0.7367843782026807,0.594133436773334,0.7694973856697587,0.716421005717812,0.0,0.8404743688054968,0.8661575143078812,0.6244687180936361,0.6633986818450605,0.7411189212639128,0.0,0.4917820329600781,0.3907865192843152,0.4209652641552532,0.2897628857659484,0.0,0.0,0.0,0.0,0.2076500270981045,0.3225001433011153,0.1884557160679111,0.1084004379162207,0.0,0.0,0.0,0.498894202109548,0.7574889973622193,0.0,0.0,0.0,0.702502618546819,0.0,0.0,0.0,0.0,0.0,0.0,0.0,0.0,0.4693938097075874,0.3452079426617412,0.0,0.3347382190321902,0.0,0.5893225685069875,0.5983795491373788,0.5620795879868358,0.5938819765595731,0.0,0.3572840125507114,0.7905874735742644,0.5671444686793278,0.0,0.4911997271596883,0.0,0.3142673489009262
0.0,0.0,0.0,0.0,0.4646324714081291,0.4150533261960643,0.5575869617415133,0.5326071839798519,0.4823628988828983,0.7028877486237612,0.7076727813079916,0.5842265847233711,0.5537181118732624,0.0,0.0,0.0,0.0,0.0,0.6651357376303154,0.0,0.0,0.0,0.5496733307959211,0.0,0.0,0.0,0.6387467188615039,0.4293500793350809,0.0,0.0,0.3202038795017402,0.5131955592464289,0.4142017818755297,0.095877849742885,0.0,0.0,0.2759732874981593,0.0,0.4477034315541159,0.0,0.3811184967831655,0.0,0.2637769780258457,0.0,0.0,0.0,0.0,0.5914914536774124,0.0,0.3920326775061998,0.5728099417759768,0.3140982795222856,0.2500254756259711,0.604063703042332,0.0,0.1935336777420965,0.0,0.5243233847867282,0.0397057647552339,0.0,0.0,0.0,0.0,0.4134902447272416,0.0,0.0,0.0,0.2478507705320415,0.0,0.0,0.0,0.5880878799646556,0.3976729038373315,0.0,0.0,0.0
0.0,0.0,0.0,0.0,0.3123010425141799,0.0,0.1523885063780722,0.285267059207439,0.3714615234847233,0.0,0.1121923312085088,0.0188692556845338,0.2296291686729282,0.539780990928692,0.0,0.0,0.0,0.0,0.0566710554012602,0.1495455556856095,0.0,0.0,0.0174087865876629,0.0,0.0,0.0,0.0,0.1388937048048625,0.1213974496781903,0.0,0.3420299554564646,0.0,0.0,0.3732797853813491,0.0830420573744199,0.589950649417967,0.0,0.0,0.0,0.0,0.0,0.0,0.0,0.0,0.0,0.0,0.0,0.0,0.0,0.0,0.0,0.0,0.0,0.0,0.0,0.0,0.0,0.0,0.0,0.0,0.0,0.0,0.0,0.0,0.0,0.0,0.0,0.0,0.0,0.0,0.0,0.0,0.0,0.0,0.0,0.0
0.0,0.3461768652151672,0.4646324714081291,0.3123010425141799,0.0,0.1622517076183874,0.7571973865735782,0.4668906025761982,0.6286779862614822,0.3927646992782109,0.78987323536516,0.2602440929795192,0.4741425242004738,0.3622114950499195,0.0,0.3617534973588622,0.0,0.0,0.572729642288887,0.5491080004313431,0.0,0.5668727633771745,0.2649370172160789,0.0,0.2042811338598326,0.2098113638983704,0.3931215913330546,0.1597282564433554,0.3937226394774729,0.0,0.2541892649356533,0.3389123560066552,0.5345847046219793,0.2052028740420357,0.1222701429251079,0.2091400083800882,0.0040084930170518,0.0,0.2554251096758069,0.0,0.0,0.0,0.2544990570127021,0.0,0.0,0.0,0.0,0.5004119678099088,0.0,0.5857678613400505,0.1848438202359776,0.0,0.1779062062649283,0.6458230918460229,0.0,0.5692501770595945,0.0,0.0,0.0,0.0,0.0,0.0,0.0,0.4537165181021004,0.0,0.0,0.0,0.0653799169320012,0.0,0.0,0.0,0.2546062330584423,0.0,0.0,0.0,0.0
0.4791847035593713,0.7595049498291111,0.4150533261960643,0.0,0.1622517076183874,0.0,0.3946983897655838,0.6544696556792841,0.4421777350804133,0.6572717846405948,0.1741090333655094,0.6552839089188588,0.7964389943591499,0.1510643306666734,0.3620333556553557,0.5349740161211367,0.7487445575788049,0.6716259767266103,0.6167477650823905,0.5179876072683299,0.5175879491127439,0.4845716429187023,0.8617809598506363,0.0,0.6911110211965995,0.8486030996856614,0.6664877264693433,0.6021126203782445,0.6721964096645722,0.2995487446894599,0.4062977826623876,0.4339395635964899,0.3061882793323536,0.1395821787539115,0.0,0.0650674305667375,0.3179899388971314,0.4611405988633113,0.2928083089874763,0.0,0.2426804946673533,0.0282928550481611,0.474338784134019,0.0,0.0,0.0,0.744691672951754,0.5554792052081591,0.0,0.3964194464354739,0.7943606426156182,0.4940146032529374,0.6770868197325414,0.4081421518590288,0.0,0.3275767886472133,0.0,0.7203790361580458,0.0,0.3786011984124056,0.0,0.0,0.0,0.6118701026966005,0.4730230017317204,0.4980705454866421,0.546155092101166,0.7417656680015359,0.0,0.0,0.6912206120365986,0.524201164650226,0.4814766878093694,0.409928605904251,0.3571214089709202,0.3634324548853926
0.0,0.5974653544011145,0.5575869617415133,0.1523885063780722,0.7571973865735782,0.3946983897655838,0.0,0.5285171560859899,0.5166375589716791,0.6484119693773005,0.6940645463209573,0.4544908114237101,0.6253869314237865,0.1308011457169114,0.0,0.5719180574051452,0.3001533659743692,0.466953017990926,0.6004468482670944,0.5844005250518259,0.0,0.6321814017708491,0.4282626248564409,0.2818978179697316,0.4058576272698074,0.332570898239903,0.5046604777686456,0.2839006432781219,0.5170137584401722,0.0,0.2938905722184434,0.5726135551193144,0.6034988833483074,0.0131121721894652,0.2958874766697526,0.078277018567027,0.2168839383126821,0.0724801196433661,0.4919974076413221,0.0,0.4288324891767359,0.0,0.2210827936937712,0.0,0.0,0.0,0.0,0.4482307082078742,0.0,0.0,0.2713314755647565,0.0,0.2335191483527333,0.5556018077273855,0.0,0.3174601232623497,0.0,0.0,0.0,0.0,0.0,0.0,0.0,0.402633880437474,0.0,0.0,0.0,0.1085016532,0.0,0.0,0.0,0.3073117987471798,0.0,0.0,0.0,0.0
0.4315023828993594,0.6023084894725584,0.5326071839798519,0.285267059207439,0.4668906025761982,0.6544696556792841,0.5285171560859899,0.0,0.4901374575901577,0.4586417806378264,0.5153970191761086,0.632690365614137,0.6485451356323724,0.3073168968362373,0.3301055704613841,0.2690926202178469,0.0,0.3349700854761115,0.5721471309475935,0.5009949772539921,0.5180259057070257,0.4793063876060817,0.7815412162306498,0.588981976285151,0.3159821638753174,0.5599576165141255,0.4449965107739975,0.3131633905576525,0.3664390447977833,0.413457150146639,0.2749706949027198,0.3495883981308634,0.4140981111706161,0.1910134321034581,0.0183721013454542,0.3578249573935834,0.1324674892251009,0.0,0.1299745931497769,0.0,0.1313458912521713,0.0,0.5669258601010349,0.0,0.0,0.0,0.0,0.422740534119429,0.0,0.5404126286092197,0.5329976891483613,0.4466141704153401,0.7513589316517261,0.5454846099234201,0.0,0.3443923930341713,0.0,0.5323589598110093,0.2356978105196622,0.3153132597973337,0.0,0.0,0.0,0.4481831941857772,0.2380010873385533,0.4619699581924065,0.0,0.572041789539204,0.0,0.0,0.0,0.2492906991266278,0.2578408653465792,0.0867084461137094,0.0,0.0380827961563684
0.0,0.551010820818759,0.4823628988828983,0.3714615234847233,0.6286779862614822,0.4421777350804133,0.5166375589716791,0.4901374575901577,0.0,0.5737777283863374,0.6190943066201736,0.3408149904203306,0.6292965704976711,0.332589613886612,0.0,0.5417486411865801,0.0,0.4311246377801686,0.6466767303425401,0.6768139883162858,0.0,0.6475793846208261,0.4465606949203736,0.5002340746153326,0.6122783853559423,0.5340024462914843,0.4970355684974178,0.6005813234253232,0.606321809908843,0.3646328473080247,0.5802217665280692,0.1483138468202499,0.3751068811307289,0.4188084553147621,0.0,0.2470117680270554,0.0,0.1320589441235892,0.0,0.0,0.0157131065306637,0.0,0.4899357049521008,0.0,0.0,0.0,0.0,0.8022469231133599,0.0,0.7421434691706825,0.4133497302888533,0.6715973410874048,0.4968480607612697,0.9348610745551952,0.0,0.798260283011323,0.0,0.6283083232142362,0.2196778098332618,0.0,0.0,0.0,0.0,0.7067955504703013,0.0,0.0,0.0,0.4885951192764452,0.0,0.0,0.0,0.3817054534483718,0.6371001360592264,0.0,0.0,0.0
0.5166095086806293,0.0,0.7028877486237612,0.0,0.3927646992782109,0.6572717846405948,0.6484119693773005,0.4586417806378264,0.5737777283863374,0.0,0.5325459608538798,0.7172775628408067,0.7300373427119116,0.0,0.0,0.8117438761650226,0.7932609946197973,0.7667361435270116,0.6851359987393951,0.7143391465311434,0.0,0.727083656113106,0.6026540061587727,0.5091280007206882,0.8384724884147403,0.6844239823797021,0.6824691364117804,0.5987270638791492,0.6806554907225679,0.0,0.5223469072558975,0.5205791403882233,0.4853471292578628,0.188496691282933,0.0,0.0,0.3190913031379102,0.3207929027344677,0.3762181854951959,0.2826635979772791,0.3179653053640067,0.2604684029894517,0.0,0.0,0.3003249649403343,0.4016923185487405,0.0,0.0,0.0,0.0,0.0,0.0,0.0,0.0,0.9486183975643566,0.0,0.7630273942616335,0.6673568378552849,0.0,0.0,0.0,0.7342594121078901,0.3341427335294341,0.0,0.0,0.0,0.0,0.0,0.5530438613089803,0.4469544654566178,0.7141703738892976,0.0,0.4890602596129224,0.0,0.0,0.5214213643545064
0.0,0.0,0.7076727813079916,0.1121923312085088,0.78987323536516,0.1741090333655094,0.6940645463209573,0.5153970191761086,0.6190943066201736,0.5325459608538798,0.0,0.4322900960847474,0.4106239681651537,0.1886621635782346,0.0,0.0,0.2184607886774068,0.0,0.6498162629250376,0.0,0.0,0.0,0.3143555827487245,0.1902463284181905,0.0,0.2168392543390941,0.4678954007515591,0.1553110975243595,0.0,0.0,0.1956183052886554,0.3159566398467771,0.5262901812557063,0.1000491512276801,0.1190017476433365,0.1096062267142228,0.0,0.0085491438362879,0.2716119451813558,0.0,0.0,0.0,0.1965022398765297,0.0,0.0,0.0,0.0,0.5184117817158512,0.0,0.5381094671875719,0.225479682742882,0.3315821440623078,0.1701315409946771,0.7161934136875285,0.0,0.5328809358446673,0.0,0.389128311372226,0.0,0.0,0.0,0.0,0.0,0.4275556392473887,0.0,0.0,0.0,0.0434299068337,0.0,0.0,0.0,0.3008234216383142,0.2157752844572659,0.0,0.0,0.0
0.2609940197809884,0.0,0.5842265847233711,0.0188692556845338,0.2602440929795192,0.6552839089188588,0.4544908114237101,0.632690365614137,0.3408149904203306,0.7172775628408067,0.4322900960847474,0.0,0.5940742588494529,0.0,0.0,0.0,0.6027109472756316,0.5844000985929455,0.5207420042071021,0.0,0.3330631127243292,0.0,0.661538702200604,0.5612086889555412,0.4959302321337038,0.6398919725533502,0.4547125052546792,0.364492272205082,0.0,0.0,0.2022611752474781,0.3672609866582261,0.3999904877682129,0.1361347436236666,0.0443490730087143,0.1237482418906389,0.3339109407053226,0.4390869677645886,0.2397054461325804,0.2031485386706406,0.1637024928877742,0.2113841222779025,0.2429743156601909,0.0,0.1780448956569186,0.0,0.0,0.0,0.0,0.0,0.0,0.0,0.0,0.0,0.6920102943841734,0.0,0.8688313002973124,0.5484818392858842,0.0,0.0,0.0,0.5589389491919333,0.242101664989198,0.0,0.0,0.0,0.0,0.0,0.5783511104993647,0.2982658071173147,0.5670723996298112,0.0,0.2085803544633281,0.0,0.0,0.1656629249488999
0.5320956496427137,0.8137183423099879,0.5537181118732624,0.2296291686729282,0.4741425242004738,0.7964389943591499,0.6253869314237865,0.6485451356323724,0.6292965704976711,0.7300373427119116,0.4106239681651537,0.5940742588494529,0.0,0.1797936083948054,0.4704072690112187,0.66109010032445,0.7047118983774117,0.7188117354240863,0.6595318108226205,0.6846787074965394,0.6624044589133464,0.6868645782927878,0.7049307855813501,0.6800406416264362,0.7338139463818647,0.7817387964908383,0.5865716712824749,0.6817813671728559,0.7348539091440989,0.4623105471139979,0.5983344036630194,0.4328780500048119,0.3650665026208213,0.2697598071855892,0.0,0.2796737502178536,0.2288482787210798,0.293150667759842,0.2558707329504742,0.3424241078556782,0.1849226694620795,0.0766232965970644,0.4642434555688079,0.0,0.2412149348297275,0.0,0.0,0.6205399087331149,0.0,0.0,0.6315146976159339,0.5980603811440753,0.5783665187779355,0.0,0.0,0.4426372189642675,0.648724624913367,0.0,0.0,0.4135545888333944,0.0,0.0,0.0,0.0,0.4792614897752699,0.0,0.4784518291830872,0.5698901410742638,0.0,0.3339198659162349,0.7161753856219821,0.4758039402677202,0.0,0.4063413443301779,0.0,0.0
0.0,0.0,0.0,0.539780990928692,0.3622114950499195,0.1510643306666734,0.1308011457169114,0.3073168968362373,0.332589613886612,0.0,0.1886621635782346,0.0,0.1797936083948054,0.0,0.0,0.0,0.0,0.0,0.1355523702225157,0.0,0.2828564536944882,0.0,0.1813440128546648,0.0,0.0,0.0,0.0157118449393321,0.09051205447576,0.0,0.0,0.2009949087633732,0.0,0.0,0.3164149443438177,0.0,0.5426975703192216,0.0,0.0,0.0,0.0,0.0,0.0,0.3664971534594625,0.0,0.0,0.0,0.0,0.1868577552017127,0.0,0.0,0.0,0.0,0.0,0.2806425752478341,0.0,0.4509113059946658,0.0,0.0,0.0,0.0,0.0,0.0,0.0,0.0,0.0,0.0,0.0,0.3324638415649432,0.0,0.0,0.0,0.0,0.0,0.0,0.0,0.0
0.6051222745962763,0.4816775544735482,0.0,0.0,0.0,0.3620333556553557,0.0,0.3301055704613841,0.0,0.0,0.0,0.0,0.4704072690112187,0.0,0.0,0.6899209493280232,0.0,0.5078776734347266,0.0,0.7383820776333534,0.7127090567554563,0.7276716072520253,0.3690676821168879,0.2579037938457502,0.5525515277926173,0.4345955614694671,0.6940054876004562,0.4922171641348811,0.5869578168518479,0.0,0.495496904181918,0.4766942283760053,0.43376751724168,0.2716833641496406,0.0,0.0781909859787707,0.0,0.0,0.3251249640452007,0.3942085271624435,0.4156293176976408,0.1863777571419675,0.1949740011881404,0.0,0.0,0.0,0.615596950716716,0.0,0.0,0.0,0.3705363832381267,0.0,0.1918225503620981,0.0,0.0,0.0,0.0,0.5642920218665004,0.0,0.837905519147466,0.6007966540512212,0.0,0.0,0.0,0.6664383529292197,0.6960579686639295,0.6592119917670681,0.2777126039234824,0.0,0.4736699466350216,0.6519422197838775,0.6057829991075542,0.5327435165166238,0.5285702242710749,0.0,0.4945794457298372
0.6186363282236548,0.7290142877699964,0.0,0.0,0.3617534973588622,0.5349740161211367,0.5719180574051452,0.2690926202178469,0.5417486411865801,0.8117438761650226,0.0,0.0,0.66109010032445,0.0,0.6899209493280232,0.0,0.6353825942305585,0.8438775315348589,0.0,0.7784450773841289,0.6412236605912255,0.8411664850922325,0.4655183499958533,0.4198596357471761,0.8004321813672872,0.6131309420172567,0.7001479575041047,0.6825199003594475,0.7899287639128617,0.5527110272145794,0.6437861955385543,0.5123045732166507,0.3992653865276174,0.3423088410842224,0.0354223518178456,0.0,0.0,0.0,0.3614326471537914,0.3829242086916822,0.2941993755977963,0.1714199464079303,0.0,0.0,0.0,0.5083480715570232,0.6567878830621988,0.0,0.0,0.0,0.0,0.0,0.0,0.0,0.0,0.0,0.0,0.0,0.0,0.6169634521947102,0.7095597455011203,0.0,0.4424177006456832,0.0,0.7611287578883015,0.6507278665519061,0.7399670618899432,0.3688999103430667,0.0,0.5476017798503517,0.6996687683390738,0.6331300876395486,0.0,0.6542434126981476,0.0,0.537126569118223
0.582044609476309,0.7572170747214466,0.0,0.0,0.0,0.7487445575788049,0.3001533659743692,0.0,0.0,0.7932609946197973,0.2184607886774068,0.6027109472756316,0.7047118983774117,0.0,0.0,0.6353825942305585,0.0,0.7722286430942418,0.0,0.5978173207907309,0.0,0.5637027271612648,0.0,0.7392490679575738,0.8491839171888895,0.896525731371037,0.0,0.7539748334429722,0.6229036413812601,0.0,0.5967547120418493,0.2520098608305116,0.2146070436917948,0.3224980179500302,0.0,0.0,0.0,0.408119647166156,0.0,0.3549100244964682,0.0,0.0,0.0,0.0,0.0,0.0,0.0,0.0,0.0,0.0,0.0,0.0,0.0,0.0,0.7509854676439052,0.0,0.6951565240313922,0.0,0.0,0.0,0.0,0.8759683894899007,0.6697910122076923,0.0,0.0,0.0,0.0,0.0,0.7114448769816232,0.5574826104047091,0.7911247165942011,0.0,0.0,0.0,0.0,0.0
0.4552435593407217,0.7617030820403528,0.0,0.0,0.0,0.6716259767266103,0.466953017990926,0.3349700854761115,0.4311246377801686,0.7667361435270116,0.0,0.5844000985929455,0.7188117354240863,0.0,0.5078776734347266,0.8438775315348589,0.7722286430942418,0.0,0.0,0.5943448788648116,0.5027868376541054,0.6554319028660363,0.5323672461229226,0.5410174580572304,0.8287016138661925,0.7841394188843842,0.6006431378998868,0.6285888488255067,0.7144483634759211,0.3753185176999755,0.5004741618310649,0.3896027204630173,0.3547777893786457,0.1919856340599417,0.0,0.0,0.0,0.0,0.3034407075164132,0.3795421716886654,0.2175334843456791,0.1139494415517911,0.0,0.0,0.0,0.3943661976091352,0.6723006650001339,0.0,0.0,0.0,0.0,0.0,0.0,0.0,0.7347628722779239,0.0,0.6471218753294425,0.0,0.0,0.0,0.6619572827064972,0.748018179289188,0.5872413528505072,0.0,0.0,0.0,0.723851856677839,0.0,0.5946551737066803,0.6298558522766935,0.7546121059173866,0.0,0.0,0.0,0.0,0.5001732414260843
0.0,0.0,0.6651357376303154,0.0566710554012602,0.572729642288887,0.6167477650823905,0.6004468482670944,0.5721471309475935,0.6466767303425401,0.6851359987393951,0.6498162629250376,0.5207420042071021,0.6595318108226205,0.1355523702225157,0.0,0.0,0.0,0.0,0.0,0.0,0.0,0.0,0.6116816864972809,0.0,0.0,0.0,0.6738355688806239,0.580794274970969,0.0,0.0,0.5016516413112857,0.4452765934918564,0.0,0.2383528385023145,0.0100754735486649,0.0,0.2101741725111885,0.3258481786510744,0.3406704199923925,0.0,0.0,0.0,0.3444635738347487,0.0,0.0,0.0,0.0,0.7167332999170778,0.0,0.5731144657083529,0.5925158533077145,0.5769253182306089,0.4505275430097691,0.6376914427362411,0.0,0.5223399079158677,0.0,0.6991408904141728,0.1745443142571341,0.0,0.0,0.0,0.0,0.7602179496369683,0.0,0.0,0.0,0.4666172905022719,0.0,0.0,0.0,0.5525639246551962,0.0,0.0,0.0,0.0
0.749649134743342,0.7367843782026807,0.0,0.1495455556856095,0.5491080004313431,0.5179876072683299,0.5844005250518259,0.5009949772539921,0.6768139883162858,0.7143391465311434,0.0,0.0,0.6846787074965394,0.0,0.7383820776333534,0.7784450773841289,0.5978173207907309,0.5943448788648116,0.0,0.0,0.7848261643830688,0.95927321520471,0.5584206528653894,0.0,0.7259078470685207,0.5900629717919803,0.7909640022811317,0.6204346146568942,0.7815028958133621,0.6252094479474459,0.6479635668100905,0.4802349587008427,0.4196781685682703,0.3904146341005619,0.0075842184937714,0.1384948125195335,0.0976521165732805,0.0,0.2451487207090703,0.392495130659413,0.3023018245823491,0.186343023319505,0.3204086948374318,0.0,0.0,0.0,0.6913466867061628,0.0,0.0,0.0,0.5450520988364094,0.0,0.3787465173165417,0.0,0.0,0.0,0.0,0.6455752607313182,0.0,0.6562167588301901,0.4693361454436402,0.0,0.0,0.0,0.6449088729588675,0.7468410957660196,0.6073898181108666,0.4687272866472811,0.0,0.4053773720953909,0.7521154484422446,0.6100884112828989,0.587790192329965,0.5759044233302264,0.2466615199648522,0.3828980004796807
0.7634327746368208,0.594133436773334,0.0,0.0,0.0,0.5175879491127439,0.0,0.5180259057070257,0.0,0.0,0.0,0.3330631127243292,0.6624044589133464,0.2828564536944882,0.7127090567554563,0.6412236605912255,0.0,0.5027868376541054,0.0,0.7848261643830688,0.0,0.7693079947711913,0.5322936885430944,0.4232076023261175,0.621672929128687,0.5364595688250111,0.6654320671693894,0.5169945065392287,0.7480239876747663,0.0,0.5920273535626817,0.4435792190253733,0.4856226125994637,0.3619737632162675,0.0309281920419052,0.0,0.0,0.0,0.217888282068487,0.4265810871928065,0.2691854811520806,0.0663050607570923,0.0,0.0,0.0,0.5950992869287907,0.5314615125057452,0.0,0.0,0.0,0.4214033658845278,0.0,0.4531361749066208,0.0,0.0,0.0,0.0,0.5875630152517062,0.0,0.5845190617243003,0.4044244419412346,0.0,0.0,0.0,0.487472874189826,0.7999666959383758,0.4523124027600098,0.4519021575788527,0.0,0.3073485358259504,0.6230989816996099,0.4784628944018272,0.5082637022441494,0.447591181620589,0.0,0.3204207069694744
0.7093690523328434,0.7694973856697587,0.0,0.0,0.5668727633771745,0.4845716429187023,0.6321814017708491,0.4793063876060817,0.6475793846208261,0.727083656113106,0.0,0.0,0.6868645782927878,0.0,0.7276716072520253,0.8411664850922325,0.5637027271612648,0.6554319028660363,0.0,0.95927321520471,0.7693079947711913,0.0,0.5461082011113432,0.0,0.7073516539995742,0.5805078820150416,0.801394812080322,0.6292886440022696,0.7597821099506223,0.6771537980076341,0.6186618140899031,0.5094620454238856,0.4968958288535503,0.3532348355987407,0.0607425991270889,0.1020537604617727,0.1328543536548078,0.0,0.3097965497355749,0.4229408644540616,0.3337831632538134,0.2362136157616463,0.2447706643992638,0.0,0.0,0.5131960014686983,0.6596883723745881,0.0,0.0,0.0,0.5377455936610412,0.0,0.0,0.0,0.0,0.0,0.0,0.0,0.0,0.6830622139609427,0.5108430943317609,0.0,0.2806179684275134,0.0,0.743445538536732,0.7524653316779156,0.6721045707818395,0.415129770735089,0.0,0.3983193914453873,0.7428312149165991,0.7040162402073594,0.5603962215596227,0.6093866004126862,0.0,0.4149764549748734
0.4682030749055422,0.716421005717812,0.5496733307959211,0.0174087865876629,0.2649370172160789,0.8617809598506363,0.4282626248564409,0.7815412162306498,0.4465606949203736,0.6026540061587727,0.3143555827487245,0.661538702200604,0.7049307855813501,0.1813440128546648,0.3690676821168879,0.4655183499958533,0.0,0.5323672461229226,0.6116816864972809,0.5584206528653894,0.5322936885430944,0.5461082011113432,0.0,0.7103567926684782,0.5700887933426011,0.7544052849837127,0.7200156541463032,0.508222222137361,0.604313350697785,0.3761456710082748,0.3568066282751626,0.4436313343545271,0.3531347826181751,0.1092722429920917,0.0,0.0961578496165386,0.2707126972868429,0.4325920634425832,0.2789996304043843,0.3382419686812526,0.1747126183683313,0.0388851009848053,0.5500084330874642,0.4234672487725893,0.0,0.0,0.7049436805715316,0.5499568801369744,0.0,0.4880849829495028,0.7843003959932602,0.48349486732449,0.7205028394759543,0.4926406062570643,0.0,0.3238807433745141,0.0,0.6683999591633324,0.3375449404078535,0.4588321245388967,0.0,0.0,0.0,0.5585043240587443,0.4861935768241623,0.5230685411270468,0.497184645239525,0.8026414569051251,0.0,0.2300062815831619,0.6439426353335264,0.5799297270992694,0.4126230031186496,0.3707336302389671,0.2361228344884732,0.3131719311955254
0.5446919073683543,0.0,0.0,0.0,0.0,0.0,0.2818978179697316,0.588981976285151,0.5002340746153326,0.5091280007206882,0.1902463284181905,0.5612086889555412,0.6800406416264362,0.0,0.2579037938457502,0.4198596357471761,0.7392490679575738,0.5410174580572304,0.0,0.0,0.4232076023261175,0.0,0.7103567926684782,0.0,0.5990150889864779,0.8397815951597433,0.3764945166182499,0.6169377870922753,0.0,0.0,0.5536660185042135,0.178168293005624,0.2482132129174308,0.3722996669298079,0.0,0.2945242666826166,0.1177738971707504,0.3880521709432931,0.0,0.4430942043951339,0.0,0.0,0.0,0.0,0.5075158162810379,0.6341449862937323,0.0,0.0,0.0,0.0,0.0,0.0,0.0,0.0,0.4378436300280811,0.0,0.608981057876615,0.0,0.0,0.0,0.2120294678851196,0.6793901385195618,0.5467039546695502,0.0,0.0,0.0,0.0,0.0,0.8267745940782809,0.30248996024895,0.6762403165948364,0.0,0.5351576190659255,0.0,0.0,0.1294278115124035
0.6486021525402628,0.8404743688054968,0.0,0.0,0.2042811338598326,0.6911110211965995,0.4058576272698074,0.3159821638753174,0.6122783853559423,0.8384724884147403,0.0,0.4959302321337038,0.7338139463818647,0.0,0.5525515277926173,0.8004321813672872,0.8491839171888895,0.8287016138661925,0.0,0.7259078470685207,0.621672929128687,0.7073516539995742,0.5700887933426011,0.5990150889864779,0.0,0.8336138291180054,0.6774206434194983,0.7242460324118098,0.8355034503864327,0.0,0.5891777423763173,0.2763071973862133,0.3353141661005278,0.348800687163766,0.0,0.0,0.0,0.3647396739167556,0.1002028168367179,0.3885941655523395,0.0803899192044026,0.0,0.0,0.0,0.0,0.6427456586839239,0.7656390419751443,0.0,0.0,0.0,0.0,0.0,0.0,0.0,0.7516081330498037,0.0,0.5930069480083163,0.7096893688117211,0.0,0.5617203027654857,0.5994849429965599,0.7907223788117669,0.5870780503590444,0.0,0.6303143731432559,0.6688252384955528,0.6785953640165043,0.5990068805367614,0.6035926006700532,0.6152800489014004,0.8469446913010144,0.0,0.0,0.6351160648720233,0.0,0.351705945305304
0.6088869672082439,0.8661575143078812,0.0,0.0,0.2098113638983704,0.8486030996856614,0.332570898239903,0.5599576165141255,0.5340024462914843,0.6844239823797021,0.2168392543390941,0.6398919725533502,0.7817387964908383,0.0,0.4345955614694671,0.6131309420172567,0.896525731371037,0.7841394188843842,0.0,0.5900629717919803,0.5364595688250111,0.5805078820150416,0.7544052849837127,0.8397815951597433,0.8336138291180054,0.0,0.5565534407177868,0.6812924681565117,0.6489894956497163,0.0,0.5012607216878211,0.3183517084369102,0.2687365475998574,0.3049895261217471,0.0,0.1430816744112131,0.0,0.4273461340479276,0.1044549063648376,0.4608509679830689,0.0605864338163927,0.0,0.0,0.0,0.506152055088115,0.6295630404753902,0.7179754628380862,0.0,0.0,0.0,0.7523693840595901,0.0,0.0,0.0,0.6181406820598188,0.0,0.7143206512359688,0.7462025088590093,0.0,0.4049001842826819,0.4162883545334592,0.8380170128841941,0.5972135992677281,0.0,0.4819847152307047,0.5426619928313797,0.585296652340975,0.7376961931454838,0.7710717670186978,0.47393118893114,0.8443529871295957,0.5262263882483528,0.5793953526773776,0.4359971233294069,0.0,0.3047249075513061
0.5947696008015404,0.6244687180936361,0.6387467188615039,0.0,0.3931215913330546,0.6664877264693433,0.5046604777686456,0.4449965107739975,0.4970355684974178,0.6824691364117804,0.4678954007515591,0.4547125052546792,0.5865716712824749,0.0157118449393321,0.6940054876004562,0.7001479575041047,0.0,0.6006431378998868,0.6738355688806239,0.7909640022811317,0.6654320671693894,0.801394812080322,0.7200156541463032,0.3764945166182499,0.6774206434194983,0.5565534407177868,0.0,0.477303754407407,0.7856670922441173,0.5221266616373145,0.4257819241785813,0.5673741086106963,0.4281161953286492,0.1609238691045821,0.0,0.0,0.2294352613971125,0.3778692299088373,0.422419820639809,0.3809143441804053,0.412797489177433,0.2029566778859426,0.2282963186611867,0.3584733811456407,0.0,0.0,0.7852882183487133,0.6165461306005457,0.0,0.3613205110309239,0.6887459558075116,0.4463888042136379,0.3395257457388191,0.5180842572344215,0.0,0.3660783730275853,0.0,0.6234611439250286,0.0982953779347881,0.721834315712685,0.0,0.0,0.0,0.6122154691714345,0.7954021705484476,0.7356863446736223,0.7504992722934416,0.5258600634651702,0.0,0.0,0.7182653166029879,0.8582359930618961,0.4906212306753064,0.7026247750715033,0.2825251795181564,0.5097753982066832
0.5785696149149602,0.6633986818450605,0.4293500793350809,0.1388937048048625,0.1597282564433554,0.6021126203782445,0.2839006432781219,0.3131633905576525,0.6005813234253232,0.5987270638791492,0.1553110975243595,0.364492272205082,0.6817813671728559,0.09051205447576,0.4922171641348811,0.6825199003594475,0.7539748334429722,0.6285888488255067,0.580794274970969,0.6204346146568942,0.5169945065392287,0.6292886440022696,0.508222222137361,0.6169377870922753,0.7242460324118098,0.6812924681565117,0.477303754407407,0.0,0.6082060131347321,0.4090750231439518,0.7005368828195389,0.2658243139475904,0.2188642778439617,0.4022575875750113,0.0,0.0571823042075825,0.2192991317294963,0.363461979374272,0.1025889788607543,0.4223179540678425,0.1079540326544381,0.0,0.4639074366775009,0.0,0.5586336268470242,0.0,0.0,0.6842639653036391,0.0,0.0,0.618854039294865,0.0,0.5184369165259924,0.5334023604356414,0.6305505074869605,0.0,0.5006026150946715,0.7521040556048527,0.0,0.4654276621653092,0.0,0.0,0.0,0.0,0.5429863429168194,0.5554842023520359,0.6525888605759756,0.6398896572030978,0.0,0.4954074969538026,0.719875306590349,0.5362134422166851,0.8664053660767089,0.5306752027895856,0.0,0.4700942965173926
0.6663236381811267,0.7411189212639128,0.0,0.1213974496781903,0.3937226394774729,0.6721964096645722,0.5170137584401722,0.3664390447977833,0.606321809908843,0.6806554907225679,0.0,0.0,0.7348539091440989,0.0,0.5869578168518479,0.7899287639128617,0.6229036413812601,0.7144483634759211,0.0,0.7815028958133621,0.7480239876747663,0.7597821099506223,0.604313350697785,0.0,0.8355034503864327,0.6489894956497163,0.7856670922441173,0.6082060131347321,0.0,0.4366161827823467,0.6396259382357923,0.4164935393873331,0.3775122059415717,0.3200019886843972,0.0,0.1011747475545704,0.1159681880713732,0.0,0.2339930207277746,0.3625645178444245,0.2331673470802092,0.0209927774729517,0.3341736750258653,0.0,0.0,0.0,0.6397119046740366,0.6252879973156366,0.0,0.0,0.5914549414617618,0.546261167340818,0.3920998542585665,0.6091802262366292,0.0,0.0,0.0,0.6300839450130548,0.0,0.5077603191218644,0.0,0.0,0.0,0.0,0.6021131894468634,0.7460074581419633,0.6003260746808379,0.5593265472274592,0.0,0.0,0.7267401775156112,0.6580075781139272,0.5959968653564812,0.6922852057246102,0.3389590127817151,0.4376458525684064
0.0,0.0,0.0,0.0,0.0,0.2995487446894599,0.0,0.413457150146639,0.3646328473080247,0.0,0.0,0.0,0.4623105471139979,0.0,0.0,0.5527110272145794,0.0,0.3753185176999755,0.0,0.6252094479474459,0.0,0.6771537980076341,0.3761456710082748,0.0,0.0,0.0,0.5221266616373145,0.4090750231439518,0.4366161827823467,0.0,0.3507755239100391,0.5222275853543608,0.0,0.2300733201907139,0.1666503269082146,0.0,0.0,0.0,0.0,0.0,0.0,0.0,0.0,0.0,0.0,0.0,0.0,0.0,0.0,0.0,0.0,0.0,0.0,0.0,0.0,0.0,0.0,0.0,0.0,0.0,0.0,0.0,0.0,0.0,0.5589226660625687,0.0,0.0,0.1278272773536093,0.0,0.0,0.0,0.4062107062387854,0.0,0.3451795136833931,0.0,0.0
0.603046833153122,0.4917820329600781,0.3202038795017402,0.3420299554564646,0.2541892649356533,0.4062977826623876,0.2938905722184434,0.2749706949027198,0.5802217665280692,0.5223469072558975,0.1956183052886554,0.2022611752474781,0.5983344036630194,0.2009949087633732,0.495496904181918,0.6437861955385543,0.5967547120418493,0.5004741618310649,0.5016516413112857,0.6479635668100905,0.5920273535626817,0.6186618140899031,0.3568066282751626,0.5536660185042135,0.5891777423763173,0.5012607216878211,0.4257819241785813,0.7005368828195389,0.6396259382357923,0.3507755239100391,0.0,0.2705479756849236,0.230481954272935,0.6425223176552818,0.0,0.2784310031524025,0.0200887298572096,0.1973411840413842,0.0,0.3843266854761234,0.0,0.0,0.2947165515624551,0.0,0.0,0.0,0.4041678881000208,0.0,0.0,0.0,0.3649311984787201,0.0,0.4341545080482311,0.0,0.4458561502751599,0.0,0.3417205488842907,0.0,0.0,0.340400233358454,0.4004532143237341,0.5701221635726224,0.5763176960002027,0.0,0.360819130277709,0.5557926042380961,0.4067633507485124,0.5222726432309179,0.479128046298486,0.3074585633411689,0.5407651047945181,0.3440200401318236,0.5772136050602077,0.3483356026445616,0.0,0.2550523539193773
0.3439766106290268,0.3907865192843152,0.5131955592464289,0.0,0.3389123560066552,0.4339395635964899,0.5726135551193144,0.3495883981308634,0.1483138468202499,0.5205791403882233,0.3159566398467771,0.3672609866582261,0.4328780500048119,0.0,0.4766942283760053,0.5123045732166507,0.2520098608305116,0.3896027204630173,0.4452765934918564,0.4802349587008427,0.4435792190253733,0.5094620454238856,0.4436313343545271,0.178168293005624,0.2763071973862133,0.3183517084369102,0.5673741086106963,0.2658243139475904,0.4164935393873331,0.5222275853543608,0.2705479756849236,0.0,0.5300493923954868,0.0392869111053493,0.0201626516341461,0.0,0.4412123370658652,0.3963304291458044,0.8087279988041719,0.3044127865318206,0.6562106864194855,0.5454793887986199,0.1528131059358195,0.4890963852176224,0.1209923152055768,0.0666636690516595,0.4582593697757351,0.2738239457680852,0.0,0.1613134488658804,0.3829691040528984,0.1580440344148096,0.121313788391485,0.1744829799646119,0.5446433339417928,0.0,0.4537219589974556,0.4057952747729729,0.0,0.459830232816619,0.3701780563245289,0.2826505834754835,0.0,0.2687067845113604,0.5338535874001962,0.3641604058988514,0.506927007506832,0.1041053346702383,0.2891803238492229,0.1671806839590897,0.4237839027536027,0.4313391010671586,0.3000516799166173,0.3523124577132051,0.0,0.6528972378915388
0.3622136696843213,0.4209652641552532,0.4142017818755297,0.0,0.5345847046219793,0.3061882793323536,0.6034988833483074,0.4140981111706161,0.3751068811307289,0.4853471292578628,0.5262901812557063,0.3999904877682129,0.3650665026208213,0.0,0.43376751724168,0.3992653865276174,0.2146070436917948,0.3547777893786457,0.0,0.4196781685682703,0.4856226125994637,0.4968958288535503,0.3531347826181751,0.2482132129174308,0.3353141661005278,0.2687365475998574,0.4281161953286492,0.2188642778439617,0.3775122059415717,0.0,0.230481954272935,0.5300493923954868,0.0,0.1775074173939924,0.1565360991594572,0.0750418626315294,0.209111054761176,0.3169493928292961,0.3696093455903324,0.4645093578655307,0.5052257584323343,0.3410179935797499,0.0,0.0,0.108947384833936,0.206538522789048,0.3668524592380202,0.0,0.0,0.0,0.0,0.0,0.0,0.0,0.4454703461442757,0.0,0.4106589499562101,0.0,0.0,0.3698302531487851,0.2460771867061239,0.2066478279128857,0.0,0.0,0.4468270738393821,0.3749317620368464,0.3408633503937946,0.1396202674253754,0.3603745512284335,0.1645323312438624,0.4146079614616389,0.3278405975565588,0.2266087032987568,0.0,0.0,0.3389685481033422
0.3814746282526425,0.2897628857659484,0.095877849742885,0.3732797853813491,0.2052028740420357,0.1395821787539115,0.0131121721894652,0.1910134321034581,0.4188084553147621,0.188496691282933,0.1000491512276801,0.1361347436236666,0.2697598071855892,0.3164149443438177,0.2716833641496406,0.3423088410842224,0.3224980179500302,0.1919856340599417,0.2383528385023145,0.3904146341005619,0.3619737632162675,0.3532348355987407,0.1092722429920917,0.3722996669298079,0.348800687163766,0.3049895261217471,0.1609238691045821,0.4022575875750113,0.3200019886843972,0.2300733201907139,0.6425223176552818,0.0392869111053493,0.1775074173939924,0.0,0.1455284065082866,0.3955694124860748,0.0,0.1994546863525297,0.0,0.3235884878504262,0.0,0.0,0.1730623145425558,0.0,0.1762464162376448,0.4740479544141159,0.2239209013114638,0.2786789077166536,0.0,0.0,0.1788968735498834,0.3364181351181795,0.3334130820971177,0.3332270004399462,0.2158945123192917,0.0,0.171689311386349,0.2793210622179704,0.0,0.1165126749046495,0.1472452229381591,0.3020946792976319,0.451549555666843,0.0,0.0730685564257722,0.3166552142142602,0.1148265275784313,0.3055344490591546,0.3510068357515468,0.2915561362544571,0.3395127873728597,0.0968454629916892,0.3043881738617728,0.1758419246800378,0.0,0.0
0.0,0.0,0.0,0.0830420573744199,0.1222701429251079,0.0,0.2958874766697526,0.0183721013454542,0.0,0.0,0.1190017476433365,0.0443490730087143,0.0,0.0,0.0,0.0354223518178456,0.0,0.0,0.0100754735486649,0.0075842184937714,0.0309281920419052,0.0607425991270889,0.0,0.0,0.0,0.0,0.0,0.0,0.0,0.1666503269082146,0.0,0.0201626516341461,0.1565360991594572,0.1455284065082866,0.0,0.0,0.0,0.0,0.0,0.0,0.027267690797556,0.1810606943567841,0.0,0.0,0.0,0.0,0.0,0.0,0.0,0.0,0.0,0.0,0.0,0.0,0.0,0.0,0.0,0.0,0.0,0.0,0.0,0.0,0.0,0.0,0.0,0.0,0.0,0.0,0.0,0.0,0.0,0.0,0.0,0.0,0.0,0.0
0.0,0.0,0.0,0.589950649417967,0.2091400083800882,0.0650674305667375,0.078277018567027,0.3578249573935834,0.2470117680270554,0.0,0.1096062267142228,0.1237482418906389,0.2796737502178536,0.5426975703192216,0.0781909859787707,0.0,0.0,0.0,0.0,0.1384948125195335,0.0,0.1020537604617727,0.0961578496165386,0.2945242666826166,0.0,0.1430816744112131,0.0,0.0571823042075825,0.1011747475545704,0.0,0.2784310031524025,0.0,0.0750418626315294,0.3955694124860748,0.0,0.0,0.0,0.0,0.0,0.0445954279000487,0.0,0.0,0.3537763579730368,0.0,0.0,0.0,0.0,0.0041844832463108,0.0,0.1704376908394311,0.0,0.1007558848226023,0.2924278219249185,0.2492586497685514,0.0,0.1806313167425658,0.0468505368433875,0.094971629454796,0.0,0.0,0.0,0.0,0.0,0.1019483997120458,0.0,0.0,0.0,0.1712970286635544,0.0,0.0,0.0,0.0,0.1343069405862834,0.0,0.0,0.0
0.0,0.0,0.2759732874981593,0.0,0.0040084930170518,0.3179899388971314,0.2168839383126821,0.1324674892251009,0.0,0.3190913031379102,0.0,0.3339109407053226,0.2288482787210798,0.0,0.0,0.0,0.0,0.0,0.2101741725111885,0.0976521165732805,0.0,0.1328543536548078,0.2707126972868429,0.1177738971707504,0.0,0.0,0.2294352613971125,0.2192991317294963,0.1159681880713732,0.0,0.0200887298572096,0.4412123370658652,0.209111054761176,0.0,0.0,0.0,0.0,0.3576868407565596,0.504764634873939,0.0,0.4082900213545888,0.3633094490268546,0.0970614327521034,0.0,0.0,0.0,0.0,0.0,0.0,0.0,0.0,0.0,0.0,0.0,0.0,0.0,0.0,0.0,0.0,0.0,0.0,0.0,0.0,0.0,0.0,0.0,0.0,0.0748403969798465,0.0,0.0,0.0,0.0,0.0,0.0,0.0,0.0
0.1299188954800883,0.0,0.0,0.0,0.0,0.4611405988633113,0.0724801196433661,0.0,0.1320589441235892,0.3207929027344677,0.0085491438362879,0.4390869677645886,0.293150667759842,0.0,0.0,0.0,0.408119647166156,0.0,0.3258481786510744,0.0,0.0,0.0,0.4325920634425832,0.3880521709432931,0.3647396739167556,0.4273461340479276,0.3778692299088373,0.363461979374272,0.0,0.0,0.1973411840413842,0.3963304291458044,0.3169493928292961,0.1994546863525297,0.0,0.0,0.3576868407565596,0.0,0.3109162479672698,0.2377912672988661,0.2433561732755716,0.0789039273200681,0.0,0.0,0.3688495202208435,0.0,0.0,0.0,0.0,0.0,0.0,0.0,0.0,0.0,0.396366637404529,0.0,0.4710015327388574,0.0,0.0,0.0,0.0,0.0,0.0,0.0,0.0,0.0,0.0,0.0,0.3926254054939222,0.4067175896104001,0.4337679029924535,0.0,0.3259140128019367,0.0,0.0,0.0
0.0820314355218881,0.2076500270981045,0.4477034315541159,0.0,0.2554251096758069,0.2928083089874763,0.4919974076413221,0.1299745931497769,0.0,0.3762181854951959,0.2716119451813558,0.2397054461325804,0.2558707329504742,0.0,0.3251249640452007,0.3614326471537914,0.0,0.3034407075164132,0.3406704199923925,0.2451487207090703,0.217888282068487,0.3097965497355749,0.2789996304043843,0.0,0.1002028168367179,0.1044549063648376,0.422419820639809,0.1025889788607543,0.2339930207277746,0.0,0.0,0.8087279988041719,0.3696093455903324,0.0,0.0,0.0,0.504764634873939,0.3109162479672698,0.0,0.0936595719945465,0.7975655361487316,0.7536163573564579,0.0409593552033075,0.4814620123025644,0.0135195895392735,0.0,0.3147773212637244,0.1283191879871722,0.0,0.0162538886586413,0.3053842672628137,0.0430225455816986,0.0,0.0055503543262901,0.4738675906433748,0.0,0.3587694431077399,0.2825181235158418,0.0,0.3807220503564916,0.4077497386278748,0.0821837030523477,0.0,0.1203270374099135,0.5294236319510394,0.1668196201587121,0.4888785504046347,0.0,0.1233270163034154,0.1879639292431376,0.2313589717375472,0.4289710679424815,0.1921717149902765,0.3820865628078789,0.3051648134551811,0.7697604672516927
0.4891033644520818,0.3225001433011153,0.0,0.0,0.0,0.0,0.0,0.0,0.0,0.2826635979772791,0.0,0.2031485386706406,0.3424241078556782,0.0,0.3942085271624435,0.3829242086916822,0.3549100244964682,0.3795421716886654,0.0,0.392495130659413,0.4265810871928065,0.4229408644540616,0.3382419686812526,0.4430942043951339,0.3885941655523395,0.4608509679830689,0.3809143441804053,0.4223179540678425,0.3625645178444245,0.0,0.3843266854761234,0.3044127865318206,0.4645093578655307,0.3235884878504262,0.0,0.0445954279000487,0.0,0.2377912672988661,0.0936595719945465,0.0,0.2084981259417282,0.0,0.2763874803878167,0.2667622342970639,0.3885806025685609,0.5702668683737341,0.3744839231166096,0.5315908756872301,0.0,0.4219663788361601,0.3933660950063312,0.4449263784610464,0.358324833239417,0.3883879151976577,0.2754368517645996,0.4869357734668931,0.2551909192378951,0.4957537525244165,0.0,0.3361951049392201,0.3385914422370272,0.3890454953286605,0.3520560949985346,0.5234548763708637,0.4222593687637,0.4508380043371134,0.4234009989961254,0.3778015189016127,0.4910771605117483,0.293342592166694,0.5038940530015821,0.3449356412494684,0.4621623048518889,0.338033299147445,0.3772097460998302,0.2233540457845116
