0.0,0.1888272804962444,0.0,0.0,0.0,0.1485341518850232,0.0,0.0460845901228987,0.0,0.3398307106951352,0.0,0.059377319508354,0.0,0.0,0.1225755641840637,0.3162680588734234,0.1795902004078405,0.3601643354035908,0.0,0.3480565159350855,0.3998986109341357,0.3753277886828838,0.0553337452909467,0.1807622027045972,0.4381563513881643,0.3696308350486558,0.2403361032454376,0.2604099966396516,0.3220482058699506,0.0,0.234707718359776,0.1957046521804862,0.2451455491649154,0.2118644891765928,0.1201865200966207,0.0,0.0,0.0,0.2111920775333807,0.2075146816993834,0.2794220931608435,0.0,0.0,0.0,0.0,0.3314827852161505,0.0442454370300306,0.0,0.0,0.0,0.0,0.0,0.0,0.0,0.0502464506011439,0.0,0.0,0.0,0.0,0.0,0.235478337349411,0.0,0.2373033371855787,0.0,0.0,0.2788418135482322,0.3141461481292398,0.0,0.13774774210171,0.2492665047985071,0.1703114237815211,0.0,0.0,0.0,0.0,0.0
0.1888272804962444,0.0,0.0,0.0,0.2837298986601331,0.4826740549963349,0.2904703753386937,0.3272143377166242,0.2230210960403821,0.0,0.0,0.0,0.452754270531205,0.0,0.1419562446066649,0.1599226701393627,0.0,0.2804749083336933,0.0,0.2877204824655828,0.1682621084045213,0.2563005657597944,0.2740197974700586,0.0,0.4529688142813981,0.5321447711970007,0.1419784334146329,0.2363080571412487,0.1133342843612914,0.0,0.1094694151137497,0.220169027768771,0.2641945469680556,0.0848955228959652,0.0474570721334125,0.0,0.0,0.0,0.1740772949578069,0.1615315244777035,0.1178435575699223,0.0,0.0,0.0,0.0,0.0628825586494034,0.4133779032464016,0.0,0.0,0.0,0.0,0.0,0.0,0.0,0.0,0.0,0.0,0.0,0.0,0.2342222128887114,0.1366224464742799,0.0,0.1813330943849182,0.0,0.2811619575618594,0.1553181368974877,0.2173875876706676,0.25778455631082,0.0,0.3386964798066795,0.3960168564759552,0.2056613050209948,0.0,0.1344359101145884,0.0,0.1725194836384231
0.0,0.0,0.0,0.0,0.3827240311698276,0.4174706829014155,0.1176665231385263,0.3268109576735746,0.5090952156801767,0.2696597880711439,0.5443447047621168,0.0,0.2609257014952768,0.0439717651165724,0.0,0.0,0.0,0.0,0.5619125972445717,0.0,0.0,0.0,0.4548747274164129,0.0,0.0,0.0,0.4403478672358265,0.2810344427214478,0.0,0.1670104798652986,0.1046746354147634,0.1297427180753934,0.0,0.1428461499355494,0.0126375239082215,0.259935267661071,0.0682879173705617,0.0,0.191358827898014,0.0,0.0,0.0,0.0,0.0,0.0,0.0,0.0,0.5307225723988155,0.0,0.3608430490211605,0.3390909125698267,0.0,0.2598649829979523,0.4771283675291417,0.0,0.3780292095390593,0.0,0.0,0.1004653472758793,0.0,0.0,0.0,0.0,0.4885902439753776,0.0,0.0,0.0,0.379457421873229,0.0,0.0,0.0,0.353414328214012,0.0,0.0,0.0,0.0
0.0,0.0,0.0,0.0,0.1551907490320781,0.0,0.0178606336388775,0.0,0.082614128777714,0.1943518288939679,0.0934881351946348,0.0,0.0,0.059773440161217,0.0,0.0,0.0,0.0,0.136206536005377,0.0,0.0,0.0,-0.0035295496887473,0.0,0.0,0.0,0.1191671922715691,0.259675098873724,0.0,0.0,0.0,0.041772673433829,0.0,0.0694783443308646,0.1119845218055038,0.2085128654183191,0.2023305840772771,0.0,0.0,0.0,0.0,0.0,0.0,0.0,0.0,0.0,0.0,0.0,0.0,0.0,0.0,0.0,0.0,0.0,0.0,0.0,0.0,0.0,0.0,0.0,0.0,0.0,0.0,0.0,0.0,0.0,0.0,0.0,0.0,0.0,0.0,0.0,0.0,0.0,0.0,0.0
0.0,0.2837298986601331,0.3827240311698276,0.1551907490320781,0.0,0.3132308198961114,0.312579618730483,0.2046307903146622,0.426168060408976,0.3857019304991945,0.4151758143768996,0.1440141497071652,0.280778183281181,0.0658805065273401,0.0,0.0,0.0,0.0,0.3630776322610101,0.4487129788822717,0.0,0.4192783779820437,0.1726030199946007,0.0,0.3927101943001017,0.0,0.4022756342382882,0.4306616533568674,0.4061913373534507,0.0,0.2742965260947309,0.2709203304974492,0.2060196737923761,0.2031726636695518,0.0,0.3444968112042533,0.1871659929468023,0.0877514037058698,0.0,0.0,0.0,0.0,0.0689072918398196,0.0,0.0,0.0,0.0,0.2940856722170601,0.0,0.0,0.0,0.0,0.1556054735128182,0.4079596292354966,0.0,0.2657641419885388,0.0,0.0,0.0,0.0,0.0,0.0,0.0,0.0,0.0,0.0,0.0,0.2485655060670255,0.0,0.0,0.0,0.3715534215069053,0.0,0.0,0.0,0.0
0.1485341518850232,0.4826740549963349,0.4174706829014155,0.0,0.3132308198961114,0.0,0.1864632446873405,0.5110175952104284,0.3591321860880884,0.3177036536913193,0.387457216254711,0.0,0.476138133140279,0.1872427436718206,0.3204845506555702,0.0954743857221067,0.0,0.2595433983655161,0.3903774131811019,0.344318399473686,0.2887639919833781,0.2851652476130136,0.4793656511966808,0.0,0.3664693762624806,0.4586415282168902,0.3075341911254896,0.2638468162866809,0.2049719073914094,0.230299797399996,0.1092105376018231,0.2471566161295577,0.2573480129371419,0.0965226962317423,0.0388578179074013,0.2619597361537913,0.0556861016420991,0.0,0.2245684012615128,0.0,0.142834016743874,0.0,0.0768698027225594,0.0,0.0,0.0,0.0,0.3157539878541607,0.0,0.0,0.4907396381449665,0.2872433030335937,0.3796926644290501,0.3752249937091834,0.0,0.1979019300302073,0.0,0.3684111664812932,0.0,0.3500253300184002,0.0,0.0,0.0,0.3658498137236001,0.335550393653688,0.2485552350545435,0.2828527158988305,0.4005481981670395,0.0,0.0,0.0,0.2833431303253038,0.3490365994221804,0.1919091942842693,0.0,0.1745116764976563
0.0,0.2904703753386937,0.1176665231385263,0.0178606336388775,0.312579618730483,0.1864632446873405,0.0,0.0648086491624783,0.1138834764723855,0.3475127183756556,0.1172925377617867,0.0679153365406401,0.1976171299863128,0.0,0.0,0.3598717851561323,0.2086200532780719,0.215943513077742,0.086866545270477,0.2113637472914074,0.0,0.2455893344529497,0.0763528436208802,0.0057201344334796,0.2926357890207793,0.1879325644367124,0.2602932199719929,0.1687290896565721,0.3012947038090406,0.0,0.2403566125996323,0.2076909133457319,0.2549695896825766,0.1342163192213651,0.0164112461919479,0.0850794337019982,0.0347054651863772,0.050323387407885,0.0,0.0,0.0,0.0,0.0,0.0,0.0,0.0,0.0,0.0,0.0,0.0,0.0821259734898687,0.0,0.0,0.0,0.0,0.0,0.0,0.0,0.0,0.0,0.0,0.0,0.0,0.0,0.0,0.0,0.0,0.075221832090684,0.0,0.0,0.0,0.1935499003504094,0.0,0.0,0.0,0.0
0.0460845901228987,0.3272143377166242,0.3268109576735746,0.0,0.2046307903146622,0.5110175952104284,0.0648086491624783,0.0,0.2460393367359764,0.1954776840931917,0.2725026189047523,0.0,0.3565071999809014,0.142320148531683,0.2326454892896721,0.0096225127855671,0.0,0.1298706635013302,0.2490947091706093,0.2063954692353044,0.2401505893829285,0.1359286210565768,0.4959226127693636,0.3395724981571096,0.1895861533430724,0.3440926673344053,0.1260702526271866,0.2339749724803256,0.0400602940512038,0.1747551484653204,0.0763517624874619,0.1778144524653579,0.2086724683551072,0.092061550970453,0.0,0.2342623792969116,0.0401682582447264,0.0,0.1464993712119066,0.0,0.0919954922187745,0.0,0.1167003276775605,0.0,0.0,0.0,0.0,0.2367186747955024,0.0,0.1893066254791412,0.3923985255229982,0.2007642480698444,0.4962531110068155,0.2414864815539966,0.0,0.1436447621214389,0.0,0.3554597741918779,0.1009040670701402,0.243571894724342,0.0,0.0,0.0,0.251761268439475,0.1992766044030097,0.2633809656399672,0.0,0.3729624880348742,0.0,0.0,0.0,0.1251220706522513,0.3527470344753961,0.0627778994529976,0.0,0.0963785682256926
0.0,0.2230210960403821,0.5090952156801767,0.082614128777714,0.426168060408976,0.3591321860880884,0.1138834764723855,0.2460393367359764,0.0,0.243840667296655,0.5037419659855906,0.1124253378511353,0.2242761547117911,0.0852698185999343,0.0,0.1359159898149495,0.0,0.0,0.5168636312264312,0.3407385235841682,0.0,0.3064029582225849,0.3098032463506119,0.0,0.0,0.0,0.4104329656409596,0.2278102329241293,0.2676605025566707,0.1738594485520179,0.057209521821337,0.1071774066757472,0.1765042170074765,0.0528150915978151,0.0,0.2400912299987866,0.029779802775709,0.0,0.1512823850318409,0.0,0.0,0.0,0.0161044116393412,0.0,0.0,0.0,0.0,0.4892074851800958,0.0,0.0,0.2931059454011167,0.0,0.2073533258477601,0.6252594409735087,0.0,0.3618544572621721,0.0,0.0,0.0767989184176515,0.0,0.0,0.0,0.0,0.4623816596576221,0.0,0.0,0.0,0.2967937368436557,0.0,0.0,0.0,0.3444714812846358,0.0,0.0,0.0,0.0
0.3398307106951352,0.0,0.2696597880711439,0.1943518288939679,0.3857019304991945,0.3177036536913193,0.3475127183756556,0.1954776840931917,0.243840667296655,0.0,0.3044334414011246,0.3390418747989351,0.3133881902110382,0.0,0.0,0.2680099584997233,0.3644217131080666,0.3733502850862016,0.2884554549550424,0.0,0.0,0.370646119858069,0.1487046205403237,0.255258745167124,0.4595683972464034,0.3760861505712677,0.2619565337829723,0.4204109726614793,0.0,0.0,0.3285530772106003,0.3266459878872368,0.2462574693246902,0.2385701442374507,0.0952847318089111,0.2931655864675355,0.1739762331552078,-0.0045641476531033,0.3100284477816699,0.2546209630169412,0.3096992698323439,0.0,0.0,0.0,0.0395032671182592,0.0,0.0,0.0,0.0,0.0,0.0,0.0,0.0,0.0,0.3558103924438254,0.0,0.2923169520800805,0.0,0.0,0.0,0.0,0.2956183792298221,0.3062445457197547,0.0,0.0,0.0,0.0,0.0,0.2891414564745975,0.3349870096010071,0.2841557118462676,0.0,0.2351332223895641,0.0,0.0,0.3724314155133448
0.0,0.0,0.5443447047621168,0.0934881351946348,0.4151758143768996,0.387457216254711,0.1172925377617867,0.2725026189047523,0.5037419659855906,0.3044334414011246,0.0,0.1659385645562679,0.2301565572702357,0.0942943891692616,0.0,0.0,0.0,0.0,0.497900691149188,0.0,0.0,0.0,0.3481289958308857,0.0,0.0,0.0,0.363611963684096,0.2952529018855551,0.0,0.0,0.0613304093259734,0.1098215714151574,0.2516502401563633,0.056878062429688,0.0233067488500158,0.2656334965496245,0.102455288101895,0.0,0.1492969607323419,0.0,0.0,0.0,0.0040514696198392,0.0,0.0,0.0,0.0,0.515602223651371,0.0,0.352245903658252,0.2890882241845308,0.1700303297717453,0.2317950932055898,0.4781428998662822,0.0,0.5050652214395138,0.0,0.1570590567550148,0.1181267563869268,0.0,0.0,0.0,0.0,0.4463138358593447,0.0,0.0,0.0,0.326112166676038,0.0,0.0,0.0,0.3248937676600067,0.0,0.0,0.0,0.0
0.059377319508354,0.0,0.0,0.0,0.1440141497071652,0.0,0.0679153365406401,0.0,0.1124253378511353,0.3390418747989351,0.1659385645562679,0.0,0.3616395321090148,0.0,0.0,0.0,0.3543668491101954,0.1795744480227933,0.0,0.0,0.0,0.0,0.0,0.3978364742817655,0.1384467111048287,0.3584919435534887,0.0,0.2467653832897469,0.0,0.0,0.0812979921463412,0.1203843708467129,0.1264193592147819,0.1079589440367955,-0.0048273100191419,0.1846254077817539,0.0873309355449364,0.0,0.096748206310342,0.1151665104325279,0.1120718266069419,0.0,0.0,0.0,0.0603351865042124,0.0,0.0,0.0,0.0,0.0,0.0,0.0,0.0,0.0,0.2844111168457167,0.0,0.4640954254683969,0.0,0.0,0.0,0.0,0.2664880191734598,0.1407455109928224,0.0,0.0,0.0,0.0,0.0,0.2412119215633882,0.0529896055472981,0.2834640340329122,0.0,0.0,0.0,0.0,0.0415008412838444
0.0,0.452754270531205,0.2609257014952768,0.0,0.280778183281181,0.476138133140279,0.1976171299863128,0.3565071999809014,0.2242761547117911,0.3133881902110382,0.2301565572702357,0.3616395321090148,0.0,0.0238356526183068,0.1955684951789666,0.1681758998487476,0.366207995890536,0.3136771710169813,0.255534652455575,0.3044356188337991,0.1854486666953148,0.2681042717110716,0.1984692884576462,0.2387020886172062,0.2720787593487264,0.4423264184703196,0.091179020222878,0.3620471797112209,0.1647868464172446,0.1820497177295673,0.1444647735556498,0.219691926867499,0.2869603064219879,0.1952872628465344,0.0,0.1581899306490555,0.0,0.0,0.1814330870303946,0.0,0.0,0.0,-0.0077902265026912,0.0,0.0,0.0,0.0,0.17828317877138,0.0,0.0,0.3394540637845964,0.0,0.2614498211349598,0.0,0.0,0.0,0.0,0.0,0.0,0.0,0.0,0.0,0.0,0.0,0.0,0.0,0.0,0.1574980102055028,0.0,0.0,0.0,0.0850724817575996,0.0,0.1379071374725304,0.0,0.0
0.0,0.0,0.0439717651165724,0.059773440161217,0.0658805065273401,0.1872427436718206,0.0,0.142320148531683,0.0852698185999343,0.0,0.0942943891692616,0.0,0.0238356526183068,0.0,0.0,0.0,0.0,0.0,0.0315157223337237,0.0,0.0794066075110376,0.0,0.1142217509412141,0.0,0.0,0.0,0.0488926987445151,0.0517105474718886,0.0,0.0,0.0246735809606798,0.0929541433076003,0.0,0.0,0.0,0.1402411569428406,0.0853603968269356,0.0,0.0,0.0,0.0,0.0,0.136012498853626,0.0,0.0,0.0,0.0,0.0407217833898551,0.0,0.0,0.0,0.0,0.0,0.1025203414499147,0.0,0.0467362477521979,0.0,0.0,0.0,0.0,0.0,0.0,0.0,0.0,0.0,0.0,0.0,0.1353974090271609,0.0,0.0,0.0,0.0,0.0,0.0,0.0,0.0
0.1225755641840637,0.1419562446066649,0.0,0.0,0.0,0.3204845506555702,0.0,0.2326454892896721,0.0,0.0,0.0,0.0,0.1955684951789666,0.0,0.0,0.2337653393839112,0.0,0.1970864500596747,0.0,0.4473165763635988,0.384473290823129,0.3919273746415848,0.3922021021718798,0.043836999697445,0.255723544221013,0.1690138715709035,0.4977142393756046,0.3223352287551346,0.4373821398594278,0.0,0.1429788552794414,0.1861929424258269,0.225119722036754,0.2230333310836662,0.0219152358152882,0.2323244930135615,0.0,0.0,0.2474687126073808,0.2710012758676179,0.2331397246313676,0.0,0.0,0.0,0.0,0.0,0.2039586702247364,0.0,0.0,0.0,0.326405916027661,0.0,0.2918844675496604,0.0,0.0,0.0,0.0,0.0,0.0,0.4710723840250424,0.2585640564025924,0.0,0.0,0.0,0.4337679191874434,0.405228140584763,0.4344617093447938,0.3912684295875113,0.0,0.0,0.2181137830535346,0.4017292578498795,0.2771441297675691,0.4729609266997524,0.0,0.3021422203316
0.3162680588734234,0.1599226701393627,0.0,0.0,0.0,0.0954743857221067,0.3598717851561323,0.0096225127855671,0.1359159898149495,0.2680099584997233,0.0,0.0,0.1681758998487476,0.0,0.2337653393839112,0.0,0.0726565961245033,0.3838287563188981,0.0,0.3557763396867689,0.3488946584100916,0.3917490707545418,0.0332274506024703,0.0,0.3121738817576193,0.1570049986096996,0.3322782976251684,0.2596058470011988,0.4711174500279532,0.0971421080577388,0.2947204446422597,0.229964686048366,0.2778176570571923,0.2843000747105909,0.0,0.0,0.0,0.0,0.2745279715689208,0.2322765360156559,0.2759506882867911,0.0453080610360838,0.0,0.0,0.0,0.2139346473342177,0.1214125261989985,0.0,0.0,0.0,0.0,0.0,0.0,0.0,0.0,0.0,0.0,0.0,0.0,0.195223673125309,0.3220398392173136,0.0,0.3392287371092882,0.0,0.247344466535071,0.2645898389203063,0.2729358882529117,0.0,0.0,0.2836833329368847,0.0671102604270538,0.0,0.0,0.0,0.0,0.3192518256250594
0.1795902004078405,0.0,0.0,0.0,0.0,0.0,0.2086200532780719,0.0,0.0,0.3644217131080666,0.0,0.3543668491101954,0.366207995890536,0.0,0.0,0.0726565961245033,0.0,0.4195698078774519,0.0,0.2425220382930246,0.0,0.2543200318062175,0.0,0.2104638579590528,0.3277397890546494,0.4141316257714025,0.0,0.2237726858573496,0.0,0.0,0.1722035943803824,0.2518083181981184,0.1648943563665515,0.064223637578102,0.0395727581032647,0.0,0.0,0.0,0.0,0.1070119799106378,0.1387510261534237,0.0,0.0,0.0,0.0,0.0,0.0,0.0,0.0,0.0,0.0,0.0,0.0,0.0,0.3329047404018901,0.0,0.3322777335940418,0.0,0.0,0.0,0.0,0.4111511043389627,0.3007573796927305,0.0,0.0,0.0,0.0,0.0,0.1931535448896095,0.1907210704132745,0.2745085846949135,0.0,0.0,0.0,0.0,0.0
0.3601643354035908,0.2804749083336933,0.0,0.0,0.0,0.2595433983655161,0.215943513077742,0.1298706635013302,0.0,0.3733502850862016,0.0,0.1795744480227933,0.3136771710169813,0.0,0.1970864500596747,0.3838287563188981,0.4195698078774519,0.0,0.0,0.4025738170435458,0.3185750289807137,0.4213048254374477,0.0146741648650826,0.1894074638827194,0.3794553423658121,0.3792575565042201,0.2452424302030584,0.397745862903516,0.3308257038488736,0.0,0.2594056238833219,0.2992638968471452,0.2329022892829658,0.1913149318768485,0.0397761784482468,0.0,0.0,0.0,0.2616938979393082,0.1615887181367636,0.3348486991170246,0.0371856076986587,0.0,0.0,0.0,0.1539841145201559,0.095552247749663,0.0,0.0,0.0,0.0,0.0,0.0,0.0,0.141805125929293,0.0,0.1254289091895425,0.0,0.0,0.0,0.3280825753532161,0.2472290515000321,0.4017823496630196,0.0,0.0,0.0,0.336127329027976,0.0,0.1610811112435378,0.216239966402413,0.1895651721277722,0.0,0.0,0.0,0.0,0.3554761559814319
0.0,0.0,0.5619125972445717,0.136206536005377,0.3630776322610101,0.3903774131811019,0.086866545270477,0.2490947091706093,0.5168636312264312,0.2884554549550424,0.497900691149188,0.0,0.255534652455575,0.0315157223337237,0.0,0.0,0.0,0.0,0.0,0.0,0.0,0.0,0.3616915945486548,0.0,0.0,0.0,0.436840589470747,0.3309930936769914,0.0,0.0,0.1059141396717293,0.1496569553194079,0.0,0.127641233069907,0.0359220227541006,0.2699288423354686,0.1154683305508238,0.0,0.2204479138934982,0.0,0.0,0.0,0.0,0.0,0.0,0.0,0.0,0.5038948456213955,0.0,0.0,0.3287412641655037,0.0,0.2224661375316272,0.5155362688003431,0.0,0.2724801449289424,0.0,0.0,0.0501932965928421,0.0,0.0,0.0,0.0,0.5908063656817728,0.0,0.0,0.0,0.3742841689988901,0.0,0.0,0.0,0.384321274443375,0.0,0.0,0.0,0.0
0.3480565159350855,0.2877204824655828,0.0,0.0,0.4487129788822717,0.344318399473686,0.2113637472914074,0.2063954692353044,0.3407385235841682,0.0,0.0,0.0,0.3044356188337991,0.0,0.4473165763635988,0.3557763396867689,0.2425220382930246,0.4025738170435458,0.0,0.0,0.4737052831459789,0.6170143363802715,0.2190119656339596,0.0,0.4105639524287402,0.3246449674884604,0.4601350201805102,0.4385642196281245,0.4756210365027057,0.1663278835821326,0.3294575410339714,0.3181100393137293,0.2801595579700747,0.2705919975689868,0.0539464643874881,0.2883646163111314,0.1720600414156467,0.0,0.3278955054658286,0.245585552081071,0.3326317375499174,0.0570016358624691,0.0,0.0,0.0,0.0,0.1963726078590951,0.0,0.0,0.0,0.2778915848656158,0.0,0.1761173606575864,0.0,0.0,0.0,0.0,0.0,0.0,0.4787550636179347,0.0,0.0,0.0,0.0,0.56227542867023,0.392937692142573,0.5590607585373345,0.3002234516391492,0.0,0.0,0.2775516323969533,0.4061397122670532,0.359519183144157,0.4609977972981176,0.0,0.4369352933898669
0.3998986109341357,0.1682621084045213,0.0,0.0,0.0,0.2887639919833781,0.0,0.2401505893829285,0.0,0.0,0.0,0.0,0.1854486666953148,0.0794066075110376,0.384473290823129,0.3488946584100916,0.0,0.3185750289807137,0.0,0.4737052831459789,0.0,0.4589034102654558,0.283399180040047,0.1300450410100508,0.3610867931942085,0.2405201323226455,0.4337596926444168,0.3345045899779019,0.4590822213362304,0.2632366383149984,0.3705546207415613,0.3113256427203446,0.278264928411678,0.3250388878259549,0.0064515426486364,0.2551218273926579,0.0,0.0,0.3067590380315638,0.27385523796079,0.2840137789353369,0.0,0.0,0.0,0.0,0.2642975224002242,0.1462794997596168,0.0,0.0,0.0,0.2071881614722575,0.0,0.2056923028910659,0.0,0.0,0.0,0.0,0.0,0.0,0.3586965619772963,0.3102418155242022,0.0,0.0,0.0,0.3554105080189536,0.5142038089230517,0.4020337285499041,0.3172341761004662,0.0,0.290224874335505,0.1999876067155725,0.3398342471779899,0.227682127511189,0.393556919971604,0.0,0.3328671598821802
0.3753277886828838,0.2563005657597944,0.0,0.0,0.4192783779820437,0.2851652476130136,0.2455893344529497,0.1359286210565768,0.3064029582225849,0.370646119858069,0.0,0.0,0.2681042717110716,0.0,0.3919273746415848,0.3917490707545418,0.2543200318062175,0.4213048254374477,0.0,0.6170143363802715,0.4589034102654558,0.0,0.145370015769345,0.0,0.3808983416145322,0.2792439408368538,0.4164102421932052,0.3983056411783516,0.449766995361814,0.1550168456465353,0.3406791449609813,0.3300357918609626,0.3451683394857499,0.2949035161001375,0.0222889391408426,0.2352284692363196,0.1413391324531998,0.0,0.3147283959165922,0.3202967144302881,0.3264770159767776,0.0691146778772576,0.0,0.0,0.0,0.1902656326996171,0.1571297577577302,0.0,0.0,0.0,0.2343643802941303,0.0,0.0,0.0,0.0,0.0,0.0,0.0,0.0,0.4431777407852534,0.3362154586465922,0.0,0.2684922922684123,0.0,0.4916626126675292,0.3766448481799798,0.5454102431357732,0.2419468049241951,0.0,0.3248387764983334,0.2167917907717432,0.3791768541116305,0.0,0.4423294149791628,0.0,0.405452696833912
0.0553337452909467,0.2740197974700586,0.4548747274164129,-0.0035295496887473,0.1726030199946007,0.4793656511966808,0.0763528436208802,0.4959226127693636,0.3098032463506119,0.1487046205403237,0.3481289958308857,0.0,0.1984692884576462,0.1142217509412141,0.3922021021718798,0.0332274506024703,0.0,0.0146741648650826,0.3616915945486548,0.2190119656339596,0.283399180040047,0.145370015769345,0.0,0.2372252618913655,0.2260255206488635,0.2718805066769157,0.3227218907433161,0.1549457608781845,0.1635989290198578,0.1244727977390522,-0.010887423033183,0.0796060550193172,0.1920235892131156,0.0568129284908014,0.0255771325579761,0.2247663417534202,0.0651871481611052,0.0,0.1133371626639663,0.1805616233246301,0.0794175963212267,0.0,0.0,0.0,0.0,0.0,0.299896169377122,0.3428453763701669,0.0,0.1947517370758351,0.3919045890621855,0.1511348708509989,0.4481785902693037,0.3023054286170215,0.0,0.2264668075027864,0.0,0.1799130999920443,0.1047683227149064,0.239445458323956,0.0,0.0,0.0,0.3037083057854531,0.220139185933137,0.2874694772844521,0.2143414052274959,0.5175107763935873,0.0,0.0,0.2688077516445958,0.2548981669619236,0.2317063765485837,0.1747737450579942,0.113739415272257,0.1131486912826024
0.1807622027045972,0.0,0.0,0.0,0.0,0.0,0.0057201344334796,0.3395724981571096,0.0,0.255258745167124,0.0,0.3978364742817655,0.2387020886172062,0.0,0.043836999697445,0.0,0.2104638579590528,0.1894074638827194,0.0,0.0,0.1300450410100508,0.0,0.2372252618913655,0.0,0.2417911834979994,0.3867076440531498,0.0,0.2273268175170897,0.0,0.0,0.0881632925250895,0.0591231931925904,0.0472798599990184,0.0283398470319095,0.0277687523812239,0.1894190411787261,0.0,0.0,0.0415374271644177,0.0558582629813708,0.122117489503976,0.0,0.0,0.0,0.1236545146815919,0.1559365584185237,0.0,0.0,0.0,0.0,0.0,0.0,0.0,0.0,0.202840771896324,0.0,0.2754475561699314,0.0,0.0,0.0,0.0608404404682902,0.1466749464761671,0.1057736870168913,0.0,0.0,0.0,0.0,0.0,0.4153825120250689,0.1240911266397935,0.3273558274928789,0.0,0.0,0.0,0.0,0.1078850380679743
0.4381563513881643,0.4529688142813981,0.0,0.0,0.3927101943001017,0.3664693762624806,0.2926357890207793,0.1895861533430724,0.0,0.4595683972464034,0.0,0.1384467111048287,0.2720787593487264,0.0,0.255723544221013,0.3121738817576193,0.3277397890546494,0.3794553423658121,0.0,0.4105639524287402,0.3610867931942085,0.3808983416145322,0.2260255206488635,0.2417911834979994,0.0,0.4747315433700367,0.3559510691226021,0.3155826484167152,0.3422564040722017,0.0,0.2151627184245454,0.2638987124362241,0.2103886071245904,0.1304231144196062,0.0693927692215527,0.0,0.0,-0.0043271187241737,0.3033511836786541,0.1709778559448119,0.2704020779242896,0.0,0.0,0.0,0.0,0.2013473976001337,0.2973218738875197,0.0,0.0,0.0,0.0,0.0,0.0,0.0,0.2275261781281157,0.0,0.1249871791519271,0.0,0.0,0.0,0.2731206817084978,0.2162014834894938,0.2002852555637642,0.0,0.4111738775149094,0.2475865059900546,0.3877885763055747,0.0,0.2536891840944313,0.4445075005761123,0.2877710426165233,0.0,0.0,0.0,0.0,0.3831992962584793
0.3696308350486558,0.5321447711970007,0.0,0.0,0.0,0.4586415282168902,0.1879325644367124,0.3440926673344053,0.0,0.3760861505712677,0.0,0.3584919435534887,0.4423264184703196,0.0,0.1690138715709035,0.1570049986096996,0.4141316257714025,0.3792575565042201,0.0,0.3246449674884604,0.2405201323226455,0.2792439408368538,0.2718805066769157,0.3867076440531498,0.4747315433700367,0.0,0.1606300940937493,0.3104360249883116,0.1501256104935773,0.0,0.1330622574809913,0.1915302327002307,0.2564028778529405,0.1191364538745149,0.075486739242264,0.2009179560865721,0.0,0.0,0.1950405678379027,0.1903338362383934,0.1979529106169347,0.0,0.0,0.0,0.0831503678300556,0.1485658179349601,0.2803253436406956,0.0,0.0,0.0,0.0,0.0,0.0,0.0,0.2110332299110647,0.0,0.2329344243216448,0.0,0.0,0.3118995368858822,0.1798365435480563,0.2242887236849059,0.2591884487534938,0.0,0.3410864256028723,0.2350978863596648,0.2973185830715736,0.2495342106183881,0.3072967375481036,0.3050669885657144,0.4233086976392586,0.2071347558155978,0.0,0.1740265803194929,0.0,0.2471152221533839
0.2403361032454376,0.1419784334146329,0.4403478672358265,0.1191671922715691,0.4022756342382882,0.3075341911254896,0.2602932199719929,0.1260702526271866,0.4104329656409596,0.2619565337829723,0.363611963684096,0.0,0.091179020222878,0.0488926987445151,0.4977142393756046,0.3322782976251684,0.0,0.2452424302030584,0.436840589470747,0.4601350201805102,0.4337596926444168,0.4164102421932052,0.3227218907433161,0.0,0.3559510691226021,0.1606300940937493,0.0,0.248849081601874,0.5546733725323976,0.1149046035020237,0.2067566570645026,0.2663820900724684,0.1841486561926631,0.1695078777474376,0.0557729976347218,0.2694446967059283,0.1699663453991172,0.0,0.2603587789449073,0.0,0.2201624663583657,0.0076407247318024,0.0,0.0,0.0,0.0,0.2391485658159085,0.3188960940925794,0.0,0.0,0.2612996499696685,0.358336142648316,0.1285856945577785,0.4143479727429615,0.0,0.1939464470465631,0.0,0.0660107994778695,0.1724298593466576,0.3984298108194181,0.0,0.0,0.0,0.3337522490306855,0.4301890535880681,0.3161354502464799,0.4303418240116501,0.369590596235053,0.0,0.0,0.1162274633438398,0.5822943272441826,0.2120759875782582,0.4980317768619102,0.2592352127327084,0.3262461456675317
0.2604099966396516,0.2363080571412487,0.2810344427214478,0.259675098873724,0.4306616533568674,0.2638468162866809,0.1687290896565721,0.2339749724803256,0.2278102329241293,0.4204109726614793,0.2952529018855551,0.2467653832897469,0.3620471797112209,0.0517105474718886,0.3223352287551346,0.2596058470011988,0.2237726858573496,0.397745862903516,0.3309930936769914,0.4385642196281245,0.3345045899779019,0.3983056411783516,0.1549457608781845,0.2273268175170897,0.3155826484167152,0.3104360249883116,0.248849081601874,0.0,0.3333949010637563,0.2120389427931732,0.2678005994416778,0.2781836650951307,0.1795861565783408,0.2520089073253728,0.0,0.3844264310862282,0.2648290839585688,0.1166128424505968,0.3407847892652523,0.0,0.374139686044212,0.0647976310480454,0.0,0.0,0.0,0.0,0.0,0.0,0.0,0.0,0.2775823797484247,0.0,0.2742904090115243,0.0,0.0,0.0,0.0,0.0,0.0,0.3958944821081022,0.0,0.0,0.0,0.0,0.4293661131007278,0.3333198469821478,0.0,0.2902644569254314,0.0,0.0,0.0,0.285859943902723,0.3828922983826662,0.3484766367747098,0.0,0.4279013233097602
0.3220482058699506,0.1133342843612914,0.0,0.0,0.4061913373534507,0.2049719073914094,0.3012947038090406,0.0400602940512038,0.2676605025566707,0.0,0.0,0.0,0.1647868464172446,0.0,0.4373821398594278,0.4711174500279532,0.0,0.3308257038488736,0.0,0.4756210365027057,0.4590822213362304,0.449766995361814,0.1635989290198578,0.0,0.3422564040722017,0.1501256104935773,0.5546733725323976,0.3333949010637563,0.0,0.1036431256060153,0.2728281193798895,0.2954821217746575,0.2312853758265974,0.3070188076552289,0.0452666731067674,0.2109327957057375,0.1962911364622339,0.0,0.3050107279887633,0.0,0.3214271617945149,0.1080833728647663,0.0,0.0,0.0,0.0,0.1554102399266602,0.0,0.0,0.0,0.1824298133582016,0.0,0.0618767449914374,0.0,0.0,0.0,0.0,0.0750286454121289,0.0,0.3442471396532434,0.0,0.0,0.0,0.0,0.3812092508951188,0.3674252882429883,0.4338865880355216,0.242422298215817,0.0,0.0,0.1481201840717495,0.4395484907792303,0.1944960871864755,0.533478322055445,0.0,0.3827626413716171
0.0,0.0,0.1670104798652986,0.0,0.0,0.230299797399996,0.0,0.1747551484653204,0.1738594485520179,0.0,0.0,0.0,0.1820497177295673,0.0,0.0,0.0971421080577388,0.0,0.0,0.0,0.1663278835821326,0.2632366383149984,0.1550168456465353,0.1244727977390522,0.0,0.0,0.0,0.1149046035020237,0.2120389427931732,0.1036431256060153,0.0,0.2346687275285962,0.1775415002572976,0.0,0.0804359339325407,0.0,0.0,0.0,0.0,0.0848592679980388,0.0,0.0,0.0,0.0,0.0,0.0,0.0,0.0,0.0,0.0,0.0,0.0,0.0,0.0,0.0,0.0,0.0,0.0,0.0,0.0,0.0,0.0,0.0,0.0,0.0,0.1397237197819864,0.0,0.0,0.1239621283277376,0.0,0.0,0.0,0.0709030223944958,0.0,0.0,0.0,0.0
0.234707718359776,0.1094694151137497,0.1046746354147634,0.0,0.2742965260947309,0.1092105376018231,0.2403566125996323,0.0763517624874619,0.057209521821337,0.3285530772106003,0.0613304093259734,0.0812979921463412,0.1444647735556498,0.0246735809606798,0.1429788552794414,0.2947204446422597,0.1722035943803824,0.2594056238833219,0.1059141396717293,0.3294575410339714,0.3705546207415613,0.3406791449609813,-0.010887423033183,0.0881632925250895,0.2151627184245454,0.1330622574809913,0.2067566570645026,0.2678005994416778,0.2728281193798895,0.2346687275285962,0.0,0.423469498201447,0.2112315188001631,0.3146327422936861,0.0577398197496958,0.2207478034757585,0.1494504972221494,0.060518035174197,0.3840656492421279,0.1859681506748862,0.2241816392234851,0.0,0.0,0.0,0.0,0.1572127893092752,0.1143248474854738,0.0,0.0,0.0,0.1091121396282872,0.0,0.0669426692543844,0.0,0.2386113396987989,0.0,0.1086808967899481,0.0,0.0,0.2226437613754111,0.2414005155531895,0.0,0.2256720920662649,0.0,0.2405649609913115,0.3086879285360182,0.2674590336848617,0.0592405743168113,0.13089786574405,0.2520277835944045,0.1533362843349786,0.1841717759677247,0.2533747392653116,0.2516754879425292,0.0,0.3633916568343831
0.1957046521804862,0.220169027768771,0.1297427180753934,0.041772673433829,0.2709203304974492,0.2471566161295577,0.2076909133457319,0.1778144524653579,0.1071774066757472,0.3266459878872368,0.1098215714151574,0.1203843708467129,0.219691926867499,0.0929541433076003,0.1861929424258269,0.229964686048366,0.2518083181981184,0.2992638968471452,0.1496569553194079,0.3181100393137293,0.3113256427203446,0.3300357918609626,0.0796060550193172,0.0591231931925904,0.2638987124362241,0.1915302327002307,0.2663820900724684,0.2781836650951307,0.2954821217746575,0.1775415002572976,0.423469498201447,0.0,0.2121137589199466,0.3620331902348815,0.0416730543182149,0.2776522074187232,0.181392185940273,0.1005544135431293,0.4128420225190589,0.1630839901569733,0.2970346477502498,0.0,0.1233352387995032,0.0099497263347272,0.0609126690562413,0.1003475257092299,0.2321613701658139,0.0468655023739255,0.0,0.0,0.2663916029039676,0.0,0.2131539420917832,0.1700245883245012,0.2223440406428747,0.0,0.2255677138948628,0.1841995971842787,0.0,0.3041473270910082,0.191063602307605,0.0,0.1601518581243983,0.1617243754565351,0.2857624088552259,0.2631633278511281,0.2640125650165467,0.2289402240494023,0.1560431406606681,0.2709830173693494,0.2046017250953968,0.2948433461329808,0.2905215803056274,0.2999614928072396,0.0,0.2548347035525588
0.2451455491649154,0.2641945469680556,0.0,0.0,0.2060196737923761,0.2573480129371419,0.2549695896825766,0.2086724683551072,0.1765042170074765,0.2462574693246902,0.2516502401563633,0.1264193592147819,0.2869603064219879,0.0,0.225119722036754,0.2778176570571923,0.1648943563665515,0.2329022892829658,0.0,0.2801595579700747,0.278264928411678,0.3451683394857499,0.1920235892131156,0.0472798599990184,0.2103886071245904,0.2564028778529405,0.1841486561926631,0.1795861565783408,0.2312853758265974,0.0,0.2112315188001631,0.2121137589199466,0.0,0.2850595634826642,0.0769548705468331,0.0725924567372249,0.0,0.1085591901481088,0.2009779384475001,0.4623950009034308,0.2401824992690422,0.0,0.0,0.0,0.0,0.1323648212643736,0.1699424622604448,0.0,0.0,0.0,0.0,0.0,0.0,0.0,0.1679534466450586,0.0,0.1150619334404249,0.0,0.0,0.1616456069614683,0.1473401575271677,0.1219224800551353,0.1655088333928886,0.0,0.1701269209324242,0.2760459643731082,0.242027791266731,0.1443749167289221,0.115277731722166,0.2154085638809908,0.1954888325752124,0.104935791399174,0.0,0.1612425369796865,0.0,0.1419385047574499
0.2118644891765928,0.0848955228959652,0.1428461499355494,0.0694783443308646,0.2031726636695518,0.0965226962317423,0.1342163192213651,0.092061550970453,0.0528150915978151,0.2385701442374507,0.056878062429688,0.1079589440367955,0.1952872628465344,0.0,0.2230333310836662,0.2843000747105909,0.064223637578102,0.1913149318768485,0.127641233069907,0.2705919975689868,0.3250388878259549,0.2949035161001375,0.0568129284908014,0.0283398470319095,0.1304231144196062,0.1191364538745149,0.1695078777474376,0.2520089073253728,0.3070188076552289,0.0804359339325407,0.3146327422936861,0.3620331902348815,0.2850595634826642,0.0,0.0240728714672568,0.1543647390154448,0.1612271674708852,0.1521676587862517,0.3436155034106271,0.2952049652488928,0.3323077273945941,0.1145438383455173,0.0,0.0,0.056683823008291,0.1709232238627888,0.0807459566676106,0.0,0.0,0.0,0.1157372092122712,0.0,0.1062767354412572,0.0,0.1076993380908942,0.0,0.0724900384937473,0.0,0.0,0.2621865550086704,0.1803977362801124,0.0,0.2123950799145508,0.0,0.1860284427008084,0.3173049631069827,0.2302275359885678,0.1006565812477753,0.0619239251223733,0.2030850363532766,0.1662884674873682,0.1095067301309241,0.2099960506398093,0.2565365944068526,0.0,0.2278592485492393
0.1201865200966207,0.0474570721334125,0.0126375239082215,0.1119845218055038,0.0,0.0388578179074013,0.0164112461919479,0.0,0.0,0.0952847318089111,0.0233067488500158,-0.0048273100191419,0.0,0.0,0.0219152358152882,0.0,0.0395727581032647,0.0397761784482468,0.0359220227541006,0.0539464643874881,0.0064515426486364,0.0222889391408426,0.0255771325579761,0.0277687523812239,0.0693927692215527,0.075486739242264,0.0557729976347218,0.0,0.0452666731067674,0.0,0.0577398197496958,0.0416730543182149,0.0769548705468331,0.0240728714672568,0.0,0.0,0.0713953902374406,0.0,0.1176575103755941,0.0081865795954248,0.0795473087415803,0.054100941396558,0.0210862830504726,0.0,0.0,0.0,0.0690535847499208,0.0,0.0,0.0,0.0,0.0,0.0,0.0,0.0,0.0,0.0,0.0,0.0,0.0083024316014225,0.0989038646740831,0.0,0.0489689915135284,0.0,0.0598987654728351,0.0104129594457773,0.0923856752653647,0.0456755839967163,0.0,0.0785931212043851,0.1031301801314388,0.0662735260297895,0.0,0.1062942167772998,0.0,0.0
0.0,0.0,0.259935267661071,0.2085128654183191,0.3444968112042533,0.2619597361537913,0.0850794337019982,0.2342623792969116,0.2400912299987866,0.2931655864675355,0.2656334965496245,0.1846254077817539,0.1581899306490555,0.1402411569428406,0.2323244930135615,0.0,0.0,0.0,0.2699288423354686,0.2883646163111314,0.2551218273926579,0.2352284692363196,0.2247663417534202,0.1894190411787261,0.0,0.2009179560865721,0.2694446967059283,0.3844264310862282,0.2109327957057375,0.0,0.2207478034757585,0.2776522074187232,0.0725924567372249,0.1543647390154448,0.0,0.0,0.2952846424546179,0.0595715941178072,0.3352719597178115,0.0751987721970325,0.2187585838125366,0.0134291271740227,0.1953430180980375,0.0,0.0,0.0,0.0,0.2347205207599192,0.0,0.0,0.3049234313058004,0.2412762787887209,0.2798689250916691,0.2782208103378885,0.0,0.0763483962087428,0.2083671053593097,0.1416293214232281,0.2500894508023848,0.0,0.0,0.0,0.0,0.2437932389669347,0.0,0.0,0.0,0.3235130393532452,0.0,0.0,0.0,0.3547204706451449,0.3249013254457795,0.2638539109607689,0.0,0.0
0.0,0.0,0.0682879173705617,0.2023305840772771,0.1871659929468023,0.0556861016420991,0.0347054651863772,0.0401682582447264,0.029779802775709,0.1739762331552078,0.102455288101895,0.0873309355449364,0.0,0.0853603968269356,0.0,0.0,0.0,0.0,0.1154683305508238,0.1720600414156467,0.0,0.1413391324531998,0.0651871481611052,0.0,0.0,0.0,0.1699663453991172,0.2648290839585688,0.1962911364622339,0.0,0.1494504972221494,0.181392185940273,0.0,0.1612271674708852,0.0713953902374406,0.2952846424546179,0.0,0.0795129735319781,0.2211892835618329,0.0,0.25561993435613,0.1079538362279589,0.0,0.0,0.0,0.0,0.0,0.0,0.0,0.0,0.0,0.0,0.0,0.0,0.0,0.0,0.0,0.0,0.0,0.0,0.0,0.0,0.0,0.0,0.0,0.0,0.0,0.0,0.0,0.0,0.0,0.0,0.0,0.0,0.0,0.0
0.0,0.0,0.0,0.0,0.0877514037058698,0.0,0.050323387407885,0.0,0.0,-0.0045641476531033,0.0,0.0,0.0,0.0,0.0,0.0,0.0,0.0,0.0,0.0,0.0,0.0,0.0,0.0,-0.0043271187241737,0.0,0.0,0.1166128424505968,0.0,0.0,0.060518035174197,0.1005544135431293,0.1085591901481088,0.1521676587862517,0.0,0.0595715941178072,0.0795129735319781,0.0,0.1754488450185296,0.0736602129718728,0.186386814622829,0.1309442689614436,0.0,0.0,0.0405836406598884,0.0,0.0,0.0,0.0,0.0,0.0,0.0,0.0,0.0,0.0,0.0,0.0,0.0,0.0,0.0,0.0,0.0,0.0,0.0,0.0,0.0,0.0,0.0,0.0,0.0,0.0,0.0,0.0,0.0,0.0,0.0
0.2111920775333807,0.1740772949578069,0.191358827898014,0.0,0.0,0.2245684012615128,0.0,0.1464993712119066,0.1512823850318409,0.3100284477816699,0.1492969607323419,0.096748206310342,0.1814330870303946,0.0,0.2474687126073808,0.2745279715689208,0.0,0.2616938979393082,0.2204479138934982,0.3278955054658286,0.3067590380315638,0.3147283959165922,0.1133371626639663,0.0415374271644177,0.3033511836786541,0.1950405678379027,0.2603587789449073,0.3407847892652523,0.3050107279887633,0.0848592679980388,0.3840656492421279,0.4128420225190589,0.2009779384475001,0.3436155034106271,0.1176575103755941,0.3352719597178115,0.2211892835618329,0.1754488450185296,0.0,0.1744904846252063,0.2981418884258857,0.0539934439487284,0.1248930861039942,0.0,0.0,0.1385491698645526,0.2708561985017228,0.1347426639663307,0.1068368529726801,0.3006855244330184,0.3194427216175441,0.3504041387210377,0.1872796256825515,0.2157538351074806,0.2202350784432989,0.0,0.1655173436414379,0.2226700636079505,0.1743748529354328,0.3497503765130895,0.2559062453073073,0.2766449107804591,0.1903553261989846,0.2149740532664129,0.3450999335369795,0.2950713886985703,0.3025006350098286,0.2443412936762665,0.1266239114700483,0.3719645732596641,0.2717014808919837,0.3053596269556174,0.3675762897477918,0.3789115041741918,0.2836484355388267,0.3918002838764233
0.2075146816993834,0.1615315244777035,0.0,0.0,0.0,0.0,0.0,0.0,0.0,0.2546209630169412,0.0,0.1151665104325279,0.0,0.0,0.2710012758676179,0.2322765360156559,0.1070119799106378,0.1615887181367636,0.0,0.245585552081071,0.27385523796079,0.3202967144302881,0.1805616233246301,0.0558582629813708,0.1709778559448119,0.1903338362383934,0.0,0.0,0.0,0.0,0.1859681506748862,0.1630839901569733,0.4623950009034308,0.2952049652488928,0.0081865795954248,0.0751987721970325,0.0,0.0736602129718728,0.1744904846252063,0.0,0.2035520835173696,0.0,0.0,0.0,0.0,0.172833727010807,0.148290386586522,0.0,0.0,0.1927394319607484,0.1839189335949302,0.2001935021437595,0.0825446842213393,0.1835779037486978,0.2436546175785161,0.1429265627274419,0.0969847449880926,0.1629737812411371,0.0,0.199734838604325,0.2276236550314609,0.1476547694028431,0.1640113402674834,0.0,0.1755284764964399,0.3154090032714249,0.2690532820242894,0.1556873370149052,0.1584904209445351,0.2147372441369885,0.1963581801010453,0.1139599774574556,0.1734899309449915,0.2000743598449634,0.0408118348205581,0.1756007648573462
0.2794220931608435,0.1178435575699223,0.0,0.0,0.0,0.142834016743874,0.0,0.0919954922187745,0.0,0.3096992698323439,0.0,0.1120718266069419,0.0,0.0,0.2331397246313676,0.2759506882867911,0.1387510261534237,0.3348486991170246,0.0,0.3326317375499174,0.2840137789353369,0.3264770159767776,0.0794175963212267,0.122117489503976,0.2704020779242896,0.1979529106169347,0.2201624663583657,0.374139686044212,0.3214271617945149,0.0,0.2241816392234851,0.2970346477502498,0.2401824992690422,0.3323077273945941,0.0795473087415803,0.2187585838125366,0.25561993435613,0.186386814622829,0.2981418884258857,0.2035520835173696,0.0,0.1278917674697491,0.0,0.0,0.1180909604011717,0.2283392985792267,0.0612113084530908,0.0920106263630558,0.0,0.1116374640170159,0.1725383024947517,0.0977761583368978,0.1053444035157739,0.1346664935458275,0.078011801012818,0.0,0.0882262560834323,0.0142623122690825,0.0337064165813782,0.2615321014084095,0.3533678823960997,0.1177129469686075,0.3232117399248281,0.2175875674225116,0.3395641024701045,0.2735615091892696,0.3711310868562223,0.1873518891568502,0.1147620341086119,0.2243660758156545,0.1729950836445222,0.2423160562563186,0.1820560581239663,0.3790888883465586,0.1804794480306198,0.3562299456704776
0.0,0.0,0.0,0.0,0.0,0.0,0.0,0.0,0.0,0.0,0.0,0.0,0.0,0.0,0.0,0.0453080610360838,0.0,0.0371856076986587,0.0,0.0570016358624691,0.0,0.0691146778772576,0.0,0.0,0.0,0.0,0.0076407247318024,0.0647976310480454,0.1080833728647663,0.0,0.0,0.0,0.0,0.1145438383455173,0.054100941396558,0.0134291271740227,0.1079538362279589,0.1309442689614436,0.0539934439487284,0.0,0.1278917674697491,0.0,0.0,0.0,0.0546251829601673,0.0,0.0,0.0202219081703608,0.0,0.0,0.0,0.0,0.0,0.0,0.0,0.0,0.0,0.0,0.0,0.0534511940166884,0.1350654371380712,0.0,0.0038789239638634,0.016466605352902,0.0328779590861135,0.0,0.1354129395992218,0.0,0.0,0.0320064668794052,0.0,0.0210141582785621,0.0100597008494032,0.1002329187320574,0.1635506306438802,0.1406654052407372
0.0,0.0,0.0,0.0,0.0689072918398196,0.0768698027225594,0.0,0.1167003276775605,0.0161044116393412,0.0,0.0040514696198392,0.0,-0.0077902265026912,0.136012498853626,0.0,0.0,0.0,0.0,0.0,0.0,0.0,0.0,0.0,0.0,0.0,0.0,0.0,0.0,0.0,0.0,0.0,0.1233352387995032,0.0,0.0,0.0210862830504726,0.1953430180980375,0.0,0.0,0.1248930861039942,0.0,0.0,0.0,0.0,0.3631211568915526,0.0,0.0,0.0,-0.0009650238993936,0.2952253534077976,0.1426461379483933,0.1153882000809197,0.2009882180225697,0.1180279683215494,0.0430325925061651,0.1935768744594155,0.0126312467774876,0.2256642091149727,0.2069375108056875,0.1829343242047182,0.0226823328708114,0.0,0.2177673028619924,0.0,0.0,0.0,0.0,0.0,0.0345501787000396,0.0970464564219603,0.0488434612219688,0.078745827801255,0.0125873673148621,0.2131213226120428,0.0,0.0,0.0363212868631223
