0.0,0.4671794382723493,0.0,0.0,0.0,0.2089008473509569,0.0,0.1050377525991549,0.0,0.1431155387804513,0.0,0.0,0.1755123592845877,0.0,0.1729929289933208,0.334091834612281,0.2969246765397373,0.2392877413643279,0.0,0.1636999950900642,0.415148081433469,0.3525115381835373,0.2729321987178955,0.0179281753771596,0.4744727734151741,0.3322600710916785,0.2818064904240814,0.2877515345308041,0.3348596280090145,0.0,0.1378829956025027,0.2444370284853618,0.1218630156248465,0.1314878784442148,0.20768359380908,0.0,0.0,0.008940453526484,0.0540709994591442,0.2489340125170181,0.0282089416453936,0.0,0.0,0.0,0.0,0.7104027316452909,0.1263060341373265,0.0,0.0,0.0,0.0,0.0,0.0,0.0,0.1291249944622149,0.0,0.0,0.0,0.0,0.0,0.373039685210065,0.0,0.2926345727397898,0.0,0.0,0.3402887971830277,0.2604137494809707,0.0,0.0677564119475653,0.2095755215151687,0.33898051641827,0.0,0.0,0.0,0.0,0.178928413792287
0.4671794382723493,0.0,0.0,0.0,0.2138512812031829,0.5902723914024441,0.38151805485538,0.1598906340599235,0.3078631370937284,0.0,0.0,0.0,0.5196699065017407,0.0,0.1031263599763012,0.5058017220231501,0.4757906135447463,0.531485294507683,0.0,0.3357781112385145,0.330642843896456,0.4550428344432542,0.4348694458247603,0.0,0.5129230759024819,0.7853883429633917,0.3623231448881847,0.2770418763111782,0.2767530703218426,0.0,0.1689248625589247,0.2739402378134013,0.1414447905859501,0.0463132626797646,0.1128799178367167,0.0,0.0,0.0,0.0295498472497713,0.2916326092088526,0.1165385674404447,0.060579919835763,0.0,0.0,0.0,0.3129560275827234,0.5197468675632175,0.0,0.0,0.0,0.6556244155627828,0.0,0.0,0.0,0.0,0.0,0.0,0.0,0.0,0.0533800714420386,0.1413902305186375,0.0,0.3171090135840335,0.0,0.3534379810320912,0.1274416844356158,0.1551835607516277,0.4564425138273169,0.0,0.2747421600401822,0.682849180542007,0.4603624362294423,0.0,0.3314718780051403,0.0,0.0447855729739009
0.0,0.0,0.0,0.5138535504943713,0.7910263550573875,0.8150531832060375,0.7760007258623715,0.7105773538255221,0.8972605374430549,0.6393329595906682,0.8828480850466993,0.0,0.5000191702716686,0.4907042927503879,0.0,0.0,0.0,0.0,0.6815267971108708,0.0,0.0,0.0,0.7632036154817089,0.0,0.0,0.0,0.8526744150464569,0.6560060894249142,0.0,0.0,0.7386499323224042,0.2721807283891322,0.2504220806254876,0.3724130508977915,0.0,0.4322212071307155,0.0,0.0,0.0,0.0,0.3347935025761359,0.0,0.1643588209432073,0.0,0.0,0.0,0.0,0.7587644592138845,0.0,0.7674051316223874,0.5716992828645956,0.6524316609887029,0.7455814969871813,0.7901928362626869,0.0,0.6441719265395796,0.0,0.4160017627579704,0.2813543135099511,0.0,0.0,0.0,0.0,0.5114765773290401,0.0,0.0,0.0,0.6367130958873326,0.0,0.0,0.0,0.6914627500127963,0.3003832918437834,0.0,0.0,0.0
0.0,0.0,0.5138535504943713,0.0,0.3997352466964441,0.5376730074042572,0.6245559539347749,0.3087986707430531,0.5038617009814931,0.3345189980270722,0.344392084240072,0.0,0.4175572413500308,0.2497051421710107,0.0,0.0,0.0,0.0,0.3636769465036531,0.5502997329085462,0.0,0.0,0.3431158450881572,0.0,0.0,0.0,0.519221996478224,0.5682474804069939,0.483113722854033,0.0,0.5520239632350964,0.2537456682590708,0.0,0.1864174091193532,0.0,0.3311184141198012,0.0115469798778769,0.1361644035147535,0.0,0.0,0.0,0.0,0.0,0.0,0.0,0.0,0.0,0.0,0.0,0.0,0.0,0.0,0.0,0.0,0.0,0.0,0.0,0.0,0.0,0.0,0.0,0.0,0.0,0.0,0.0,0.0,0.0,0.0,0.0,0.0,0.0,0.0,0.0,0.0,0.0,0.0
0.0,0.2138512812031829,0.7910263550573875,0.3997352466964441,0.0,0.6731619618284016,0.7850139975834981,0.5834892027082776,0.8564387797719304,0.5086430744366516,0.8089377740558302,0.0,0.4622139166349673,0.4157761588398792,0.0,0.5078002888983653,0.0,0.0,0.5192878965233348,0.7432624454242703,0.0,0.6290519732956547,0.6019994124569783,0.0,0.2650099186683521,0.2458710625378731,0.7639805311598868,0.6237052166833483,0.7406320727157432,0.0,0.6507330196299869,0.1771798055904073,0.3156798520510933,0.3952672795876819,0.0,0.3822291856904761,0.0539844345907195,0.3287718397120772,0.0,0.0,0.0,0.0,0.1909386497355417,0.0,0.0,0.0,0.0,0.6591981231500023,0.0,0.6951820915884762,0.4117687025105263,0.0,0.6585201013839418,0.7425214428585585,0.0,0.6650175813580121,0.0,0.0,0.0,0.0,0.0,0.0,0.0,0.3615977708494696,0.0,0.0,0.0,0.4848734681597323,0.0,0.0,0.0,0.6228278478369222,0.0,0.0,0.0,0.0
0.2089008473509569,0.5902723914024441,0.8150531832060375,0.5376730074042572,0.6731619618284016,0.0,0.8020475589584378,0.6857968161007704,0.8478040566894696,0.6079197466099905,0.6982298056825552,0.0,0.6821301704882281,0.4972656884321382,0.6478518723980696,0.6271380905568031,0.5123003290516006,0.5841511189148185,0.6758410922350562,0.8315656585814489,0.7393537114437744,0.7229717500083629,0.8199028096403684,0.0,0.3124735760711576,0.5411975018707909,0.8332596357401733,0.6234575997237806,0.7732876578429647,0.4345470261918057,0.6278561366601217,0.355094648166157,0.1876816658927689,0.3099802736227828,0.0,0.3734285686445841,0.0,0.2486627788243907,0.0,0.0,0.2442631027726153,0.0,0.2894991115359606,0.0,0.0,0.0,0.5819705525248942,0.7186105920779845,0.0,0.7299891702424779,0.7856883769766073,0.6697895428634583,0.7566854397032666,0.7637048281819157,0.0,0.5970619373381333,0.0,0.632014788582907,0.0,0.6167353463581772,0.0,0.0,0.0,0.5647163712762261,0.6890042999200006,0.5774007846756815,0.5453196918179262,0.7501727427005265,0.0,0.0,0.4510255959121733,0.7088226818262386,0.3425861528739725,0.2615767443510119,0.0,0.0
0.0,0.38151805485538,0.7760007258623715,0.6245559539347749,0.7850139975834981,0.8020475589584378,0.0,0.5345582770765307,0.8223637495453455,0.6262794341348374,0.748419571174367,0.0,0.6182841359050184,0.4143992516017809,0.0,0.6129305870508306,0.4793506957320659,0.5013487582492738,0.5699570184984837,0.7671498428880046,0.0,0.6958156392731697,0.5717872156116389,0.0,0.2600231919414751,0.3188975174393249,0.808073108703749,0.7166255844532473,0.7909431609175119,0.0,0.7134339096574498,0.3291435389832574,0.2658198329035772,0.3307914542836541,0.0,0.4538554820676882,0.0692144073149016,0.2751054385449636,0.0,0.0,0.2387101582946309,0.0,0.3005527890093302,0.0,0.0,0.0,0.0,0.6489790554443559,0.0,0.0,0.5288899258816963,0.0,0.6390583139411371,0.70787645419284,0.0,0.5882112122987532,0.0,0.0,0.0,0.0,0.0,0.0,0.0,0.4428850760881928,0.0,0.0,0.0,0.4930421205356167,0.0,0.0,0.0,0.6797804578118382,0.0,0.0,0.0,0.0
0.1050377525991549,0.1598906340599235,0.7105773538255221,0.3087986707430531,0.5834892027082776,0.6857968161007704,0.5345582770765307,0.0,0.6585766811575978,0.3504606302993157,0.7214247865082581,0.0276766743491471,0.5241580745613229,0.4450965615503644,0.6288093232852149,0.2901041961570988,0.0,0.2677011265587519,0.3814292394142146,0.5978089635665373,0.6711453086887244,0.3836618650765861,0.8711966673703117,0.0,0.0876676842417356,0.3874362680279578,0.5291945506277094,0.5735386126738148,0.534592426234524,0.3759469777569171,0.546831593222614,0.1774086928076082,0.1477401875017483,0.2907095684943915,0.0,0.4191728583274975,0.0,0.0,0.0,0.0,0.1887914633426715,0.0,0.1669165841680989,0.0,0.0,0.0,0.0,0.6588607481021844,0.0,0.4358890896179604,0.4031322659327518,0.2753709405317039,0.8801243036863545,0.6212273925121249,0.0,0.5177865996874077,0.0,0.2758475361947824,0.1977108764084136,0.6773840398065202,0.0,0.0,0.0,0.280973605625976,0.4354957721901357,0.694260948652382,0.0,0.6718378504399555,0.0,0.0,0.0,0.3930626900976624,0.036834640885138,0.0488309616075951,0.0,0.0
0.0,0.3078631370937284,0.8972605374430549,0.5038617009814931,0.8564387797719304,0.8478040566894696,0.8223637495453455,0.6585766811575978,0.0,0.5978525972114063,0.8597334186873642,0.0,0.556266565680822,0.4249599815720706,0.0,0.5569982339776334,0.0,0.4553277930922814,0.6457378454686553,0.8793470964710165,0.0,0.6979488050576029,0.7234500046091716,0.0,0.2225869193694929,0.3539349294852154,0.8728715649481972,0.6726725449002041,0.78172918000532,0.4839587477152245,0.6898795331590901,0.2411689139400969,0.325019540056279,0.3502694658953074,0.0,0.4268449532752114,0.0,0.3125969703942666,0.0,0.0,0.3510451159454807,0.0,0.2158888160926097,0.0,0.0,0.0,0.0,0.7537897328684573,0.0,0.7965431816963641,0.5879397606849733,0.7089231895739697,0.7194099230836428,0.913230865191444,0.0,0.6559194241636811,0.0,0.4774965595817301,0.2188973084306603,0.0,0.0,0.0,0.0,0.4516470208626059,0.0,0.0,0.0,0.6125078024172501,0.0,0.0,0.0,0.7362633354160868,0.2944836371204381,0.0,0.0,0.0
0.1431155387804513,0.0,0.6393329595906682,0.3345189980270722,0.5086430744366516,0.6079197466099905,0.6262794341348374,0.3504606302993157,0.5978525972114063,0.0,0.562440929226593,0.150918864462915,0.3118048851147178,0.0,0.0,0.3894560507339042,0.4035330092104227,0.4155459210827029,0.5507952888820732,0.5737062264837488,0.0,0.5443060000215462,0.4056889248194962,0.0,0.4387677980240136,0.2494229571547205,0.5686081625829742,0.2760230055237695,0.4965240808996236,0.0,0.4611998744348244,0.2178826297448788,0.4261952767933293,0.1261747596929877,0.0,0.275293116587162,0.0,0.0825427575478389,0.0,0.2542750918553946,0.2818954796494414,0.0,0.0,0.0,0.0,0.1659689800189537,0.0,0.0,0.0,0.0,0.0,0.0,0.0,0.0,0.755623458007343,0.0,0.0,0.4863508068292562,0.0,0.0,0.0,0.692020729115985,0.3092058589854315,0.0,0.0,0.0,0.0,0.0,0.0,0.5713290989539267,0.2841631327746751,0.0,0.4643464680033157,0.0,0.0,0.2036955741192359
0.0,0.0,0.8828480850466993,0.344392084240072,0.8089377740558302,0.6982298056825552,0.748419571174367,0.7214247865082581,0.8597334186873642,0.562440929226593,0.0,0.0,0.4184742953917265,0.4972627107718607,0.0,0.0,0.4287716151492161,0.0,0.6083716075226367,0.0,0.0,0.0,0.6443455868948075,0.0,0.0,0.2102586266496105,0.7129066662241657,0.6021440422226632,0.0,0.0,0.6974753269962178,0.1668569540181688,0.3262915327340279,0.3899906639883378,0.0,0.4538953412689076,0.017962585966175,0.3610418623829256,0.0,0.0,0.0,0.0,0.2314918891282096,0.0,0.0,0.0,0.0,0.5481099795101164,0.0,0.6798386050177067,0.3734031268435465,0.5313984550148478,0.6998855843542336,0.7249701447883582,0.0,0.6879957939527429,0.0,0.2713066945462672,0.2917243840138882,0.0,0.0,0.0,0.0,0.3981698897053987,0.0,0.0,0.0,0.4505716840258122,0.0,0.0,0.0,0.5160443990903203,0.1374637007331843,0.0,0.0,0.0
0.0,0.0,0.0,0.0,0.0,0.0,0.0,0.0276766743491471,0.0,0.150918864462915,0.0,0.0,0.2205233910820243,0.0,0.0,0.0,0.3142679025820601,0.200970323162798,0.0342702983191861,0.0,0.0,0.0,0.0634756213512554,0.670586360505935,0.1249624054234988,0.446587621315329,0.0,0.0,0.0,0.0,0.0,0.0,0.2317315431533151,0.0,0.0572986505233002,0.0,0.0799410635275694,0.0,0.1756792207101718,0.2971121103356229,0.0,0.0940723407969318,0.1830561277535429,0.0,0.0,0.0,0.0,0.0,0.0,0.0,0.0,0.0,0.0,0.0,0.0,0.0,0.2267744732953192,0.0772486414551223,0.0,0.0,0.0,0.0,0.0,0.0,0.0,0.0,0.0,0.0,0.4236068363006499,0.0,0.3318452857129479,0.0,0.0,0.0,0.0,0.0
0.1755123592845877,0.5196699065017407,0.5000191702716686,0.4175572413500308,0.4622139166349673,0.6821301704882281,0.6182841359050184,0.5241580745613229,0.556266565680822,0.3118048851147178,0.4184742953917265,0.2205233910820243,0.0,0.1245963049042117,0.3107007860077875,0.6214273656051501,0.6183982061874759,0.5922708341115617,0.3704913512933396,0.5389543839453586,0.4883316176964197,0.4064994098610903,0.6408604475623356,0.0,0.0560393258417006,0.6338295155797578,0.4126801492405259,0.7908388999507538,0.4692930735486573,0.4386535561396008,0.3997918294320234,0.3214884894766122,0.1390422826482321,0.2151595641029389,0.0,0.3040355492377734,0.0508318871667138,0.1173884696443274,0.0,0.0,0.1525841443048048,0.0,0.2084583878603264,0.0,0.0,0.0,0.0,0.5957468790569529,0.0,0.0,0.4313169763073566,0.390124034778036,0.5435641224800128,0.0,0.0,0.495872149854809,0.5752431646886289,0.0,0.0,0.3266790417461509,0.0,0.0,0.0,0.0,0.348607806141844,0.0,0.1723855402916374,0.4496675597243685,0.0,0.0918733786702798,0.4785623629576933,0.3514541296926384,0.0,0.1128131087820677,0.0,0.0
0.0,0.0,0.4907042927503879,0.2497051421710107,0.4157761588398792,0.4972656884321382,0.4143992516017809,0.4450965615503644,0.4249599815720706,0.0,0.4972627107718607,0.0,0.1245963049042117,0.0,0.0,0.0,0.0,0.0,0.4459393298824667,0.0,0.3011504959596924,0.0,0.3985367995432052,0.0,0.0,0.0,0.3648383336406227,0.1752587755979376,0.0,0.0,0.4091514512112665,0.0829873535815336,0.0,0.1422840511063873,0.0,0.2980357824935961,0.112687433030221,0.0,0.0,0.0,0.0,0.0,0.2334099475283758,0.0,0.0,0.0,0.0,0.1738255491507366,0.0,0.0,0.0,0.0,0.0,0.3088828259345735,0.0,0.3831785130275345,0.0,0.0,0.0,0.0,0.0,0.0,0.0,0.0,0.0,0.0,0.0,0.3076966086004228,0.0,0.0,0.0,0.2185936603584406,0.0,0.0,0.0,0.0
0.1729929289933208,0.1031263599763012,0.0,0.0,0.0,0.6478518723980696,0.0,0.6288093232852149,0.0,0.0,0.0,0.0,0.3107007860077875,0.0,0.0,0.5113921588241123,0.0,0.2833170048035386,0.0,0.853789644978574,0.7898886629526153,0.7197934704485648,0.6378673522957166,0.0,0.1215503057901709,0.1408425936114988,0.833535045953538,0.6302171268747269,0.7950381870259964,0.0,0.7447768457525343,0.147405080141234,0.116758169395534,0.4863669894065063,0.0,0.4488147391063556,0.0,0.0,0.0,0.0,0.255991249155353,0.0,0.0800616686065853,0.0,0.0,0.0,0.3381446723298699,0.0,0.0,0.0,0.4160575288307283,0.0,0.6538458760468324,0.0,0.0,0.0,0.0,0.194861942173288,0.0,0.9514440381442868,0.406080483539276,0.0,0.0,0.0,0.7448586547089864,0.7794433381075555,0.7930588290507622,0.5456435885710534,0.0,0.4483765595003801,0.0884022923768875,0.6838790464500046,0.1223467947535334,0.3071631682880607,0.0,0.0646203472901365
0.334091834612281,0.5058017220231501,0.0,0.0,0.5078002888983653,0.6271380905568031,0.6129305870508306,0.2901041961570988,0.5569982339776334,0.3894560507339042,0.0,0.0,0.6214273656051501,0.0,0.5113921588241123,0.0,0.5687037035815111,0.6866899356613109,0.0,0.6571590291007444,0.5576861634006093,0.70408886591543,0.4341291827214505,0.0,0.135374938862138,0.4629843997844282,0.6095866073199641,0.6757060425984232,0.6035133053607189,0.3313728607820352,0.56055493490921,0.3846050159004238,0.1440643935204951,0.2976410066612302,0.0,0.0,0.0,0.0,0.0,0.0585844781515773,0.1811028433747261,0.0,0.0,0.0,0.0,0.3476580654937858,0.4099233311692657,0.0,0.0,0.0,0.0,0.0,0.0,0.0,0.0,0.0,0.0,0.0,0.0,0.4633260512705079,0.3935632420542007,0.0,0.4835286837904677,0.0,0.5471207792267924,0.4392032715475399,0.4321136682038157,0.3846961810545155,0.0,0.2712194744937794,0.3447146201085178,0.5509026296139746,0.0,0.3447608040347792,0.0,0.0
0.2969246765397373,0.4757906135447463,0.0,0.0,0.0,0.5123003290516006,0.4793506957320659,0.0,0.0,0.4035330092104227,0.4287716151492161,0.3142679025820601,0.6183982061874759,0.0,0.0,0.5687037035815111,0.0,0.5419435369778846,0.0,0.4460855785285423,0.0,0.4507061812012859,0.0,0.0214134870217733,0.2509987412458562,0.6006353941170082,0.0,0.5289386549649346,0.3962984009836332,0.0,0.3533949661364045,0.2575609240157362,0.1834962525877121,0.2754287216455362,0.0,0.0,0.0,0.2369669151473083,0.0,0.0,0.0,0.0,0.0,0.0,0.0,0.0,0.0,0.0,0.0,0.0,0.0,0.0,0.0,0.0,0.3689422625312401,0.0,0.3865674031553633,0.0,0.0,0.0,0.0,0.4400175407264644,0.2387451374387162,0.0,0.0,0.0,0.0,0.0,0.0125802830257777,0.0752372837275304,0.3451518602829146,0.0,0.0,0.0,0.0,0.0
0.2392877413643279,0.531485294507683,0.0,0.0,0.0,0.5841511189148185,0.5013487582492738,0.2677011265587519,0.4553277930922814,0.4155459210827029,0.0,0.200970323162798,0.5922708341115617,0.0,0.2833170048035386,0.6866899356613109,0.5419435369778846,0.0,0.0,0.4875379094156847,0.3822244836824832,0.5447039305787279,0.3624586961079767,0.0318155620751409,0.3536122678004592,0.4917140673474956,0.465445410627987,0.4490138448306947,0.4578734256299827,0.1495707241200775,0.3740991173753219,0.1998275872618277,0.2705055131928595,0.1717361216107343,0.0,0.0,0.0,0.0,0.0,0.2128537868978927,0.157948213412115,0.0,0.0,0.0,0.0,0.2031157082221324,0.2802491437128945,0.0,0.0,0.0,0.0,0.0,0.0,0.0,0.3639872228182733,0.0,0.170475796625443,0.0,0.0,0.0,0.233681540432747,0.5485650625207231,0.4423127227773332,0.0,0.0,0.0,0.2570823967956644,0.0,0.0391864160897045,0.2621542687845863,0.3771038998960502,0.0,0.0,0.0,0.0,0.0563430892728731
0.0,0.0,0.6815267971108708,0.3636769465036531,0.5192878965233348,0.6758410922350562,0.5699570184984837,0.3814292394142146,0.6457378454686553,0.5507952888820732,0.6083716075226367,0.0342702983191861,0.3704913512933396,0.4459393298824667,0.0,0.0,0.0,0.0,0.0,0.0,0.0,0.0,0.4218375067345219,0.0,0.0,0.0,0.5865819196818076,0.4291164755926659,0.0,0.0,0.5192417925030404,0.2946502497917401,0.0,0.3455806135846518,0.0,0.3697511413699527,0.1128162079491041,0.2704742280602062,0.0,0.0,0.0,0.0,0.3620210582434357,0.0,0.0,0.0,0.0,0.4820290039516241,0.0,0.6660977416434901,0.5542953297701957,0.5981546138855108,0.4512887811379815,0.5893898605051942,0.0,0.6398440057747239,0.0,0.5516727851832837,0.3963788087957832,0.0,0.0,0.0,0.0,0.7867991242475096,0.0,0.0,0.0,0.4435310508145765,0.0,0.0,0.0,0.492938864254948,0.0,0.0,0.0,0.0
0.1636999950900642,0.3357781112385145,0.0,0.5502997329085462,0.7432624454242703,0.8315656585814489,0.7671498428880046,0.5978089635665373,0.8793470964710165,0.5737062264837488,0.0,0.0,0.5389543839453586,0.0,0.853789644978574,0.6571590291007444,0.4460855785285423,0.4875379094156847,0.0,0.0,0.7934705331751334,0.8453631446579052,0.690816405942024,0.0,0.2243446423964436,0.2925878991640516,0.9166561227506264,0.7325278353079997,0.8727464686205253,0.5601049236381338,0.7911815704684801,0.2957070282665863,0.1711850370640591,0.3528771380535063,0.0,0.4246533507352752,0.0,0.0,0.0,0.0,0.3042511048129224,0.0,0.1895070403258315,0.0,0.0,0.0,0.4995633777170568,0.0,0.0,0.0,0.566814366083709,0.0,0.6921941063894622,0.0,0.0,0.0,0.0,0.4551739421674836,0.0,0.8482167604650145,0.4158405257552287,0.0,0.0,0.0,0.8814065160113175,0.6997245457393274,0.7922418977246704,0.611668735510511,0.0,0.4991139623564098,0.2513440506038327,0.8001607733131176,0.3476151362806457,0.3620447235706923,0.0,0.0543668538943862
0.415148081433469,0.330642843896456,0.0,0.0,0.0,0.7393537114437744,0.0,0.6711453086887244,0.0,0.0,0.0,0.0,0.4883316176964197,0.3011504959596924,0.7898886629526153,0.5576861634006093,0.0,0.3822244836824832,0.0,0.7934705331751334,0.0,0.72632486281918,0.7469502870119118,0.0,0.2961163076253844,0.3163399576573327,0.845330663322588,0.6800875498351936,0.8607327296746594,0.0,0.7387726256059053,0.3470105810873024,0.1371963694926944,0.4545989435839749,0.0,0.0,0.0,0.0,0.0,0.0,0.2898721105507161,0.0,0.0,0.0,0.0,0.4072493448967782,0.4232041520343247,0.0,0.0,0.0,0.5139756872090606,0.0,0.7291723922429525,0.0,0.0,0.0,0.0,0.4044770082050244,0.0,0.7814903532669552,0.4886459284448293,0.0,0.0,0.0,0.7249890392330057,0.9078569507177214,0.7190191591671129,0.6615258048315064,0.0,0.5359895781013505,0.2350933032496996,0.7299195639788286,0.3200442857997365,0.4839068794498217,0.0,0.0744132184673805
0.3525115381835373,0.4550428344432542,0.0,0.0,0.6290519732956547,0.7229717500083629,0.6958156392731697,0.3836618650765861,0.6979488050576029,0.5443060000215462,0.0,0.0,0.4064994098610903,0.0,0.7197934704485648,0.70408886591543,0.4507061812012859,0.5447039305787279,0.0,0.8453631446579052,0.72632486281918,0.0,0.5152063753825947,0.0,0.3389908447344146,0.3125963995156355,0.8651694465437209,0.5825659300749527,0.781569700136728,0.4050970406785494,0.6484712444485112,0.3249549985467841,0.1824213341049274,0.3293069971059591,0.0,0.2890894615078261,0.0,0.0,0.0,0.08392355026506,0.2682010598335528,0.0,0.2103377915098478,0.0,0.0,0.4343789831708636,0.5595104710177173,0.0,0.0,0.0,0.6256751356287259,0.0,0.0,0.0,0.0,0.0,0.0,0.0,0.0,0.7004243948841408,0.4869566639717216,0.0,0.4486338696795018,0.0,0.800671171008983,0.5936330934536891,0.7654742853372994,0.5787223560522932,0.0,0.5606831472787683,0.315911437418334,0.8463156149871599,0.3938233604671117,0.5214255687031336,0.0,0.2040214425785536
0.2729321987178955,0.4348694458247603,0.7632036154817089,0.3431158450881572,0.6019994124569783,0.8199028096403684,0.5717872156116389,0.8711966673703117,0.7234500046091716,0.4056889248194962,0.6443455868948075,0.0634756213512554,0.6408604475623356,0.3985367995432052,0.6378673522957166,0.4341291827214505,0.0,0.3624586961079767,0.4218375067345219,0.690816405942024,0.7469502870119118,0.5152063753825947,0.0,0.0,0.236086685555608,0.5621213886715417,0.6659712535898545,0.6201134865638385,0.6425142203207728,0.3713711395997146,0.5614271326641871,0.2741931882102167,0.1545662991341015,0.2986588304107013,0.0,0.3791474415051429,0.0,0.2244650391325292,0.0,0.0346159789622326,0.1836052756014866,0.0,0.1041879224903909,0.0,0.0,0.0,0.3436037848655673,0.7944084932932123,0.0,0.513493848295617,0.5980331136848263,0.3594055764406899,0.8471088745863803,0.7094556595281123,0.0,0.5517974424198663,0.0,0.454869845564694,0.1700787026790737,0.6558013678686153,0.0,0.0,0.0,0.3602547307587107,0.5273113944974988,0.7102928306493026,0.4443370179989474,0.8357554477288712,0.0,0.3157657830622837,0.4721320782608411,0.5226602267353494,0.1572096726379967,0.1761477327324868,0.0,0.0
0.0179281753771596,0.0,0.0,0.0,0.0,0.0,0.0,0.0,0.0,0.0,0.0,0.670586360505935,0.0,0.0,0.0,0.0,0.0214134870217733,0.0318155620751409,0.0,0.0,0.0,0.0,0.0,0.0,0.1760762326025765,0.362416927551366,0.0,0.0,0.0,0.0,0.0,0.0,0.1192492268300971,0.0,0.137280036389051,0.0,0.028969041478954,0.0,0.44446534746257,0.3676347155655988,0.0,0.0,0.0,0.0,0.1389389493667758,0.0349999819881064,0.0,0.0,0.0,0.0,0.0,0.0,0.0,0.0,0.0,0.0,0.0,0.0,0.0,0.0,0.0,0.0,0.0,0.0,0.0,0.0,0.0,0.0,0.7698511124372777,0.0,0.3380638857169882,0.0,0.0,0.0,0.0,0.1051501032452486
0.4744727734151741,0.5129230759024819,0.0,0.0,0.2650099186683521,0.3124735760711576,0.2600231919414751,0.0876676842417356,0.2225869193694929,0.4387677980240136,0.0,0.1249624054234988,0.0560393258417006,0.0,0.1215503057901709,0.135374938862138,0.2509987412458562,0.3536122678004592,0.0,0.2243446423964436,0.2961163076253844,0.3389908447344146,0.236086685555608,0.1760762326025765,0.0,0.3564134219309433,0.297486660984948,0.0047356695117823,0.3295227737190416,0.0,0.1648032928188153,0.0221212298632674,0.4203949312749364,0.1698325015487433,0.0945103098789969,0.0,0.0,0.0,0.2281132851300152,0.4794528628668488,0.2975234910094786,0.0,0.0,0.0,0.0,0.3302915280696517,0.197502530104116,0.0,0.0,0.0,0.0,0.0,0.0,0.0,0.1826652268591476,0.0,0.0,0.092618044108599,0.0,0.1773078260560422,0.2325299331082039,0.2791836151188707,0.1571819715187701,0.0,0.2305205791405056,0.3067326134194535,0.2467740912316441,0.2424528013994855,0.1783686032232808,0.455559448330279,0.2879289111151577,0.0,0.0,0.5041374048889138,0.0,0.2932016922495773
0.3322600710916785,0.7853883429633917,0.0,0.0,0.2458710625378731,0.5411975018707909,0.3188975174393249,0.3874362680279578,0.3539349294852154,0.2494229571547205,0.2102586266496105,0.446587621315329,0.6338295155797578,0.0,0.1408425936114988,0.4629843997844282,0.6006353941170082,0.4917140673474956,0.0,0.2925878991640516,0.3163399576573327,0.3125963995156355,0.5621213886715417,0.362416927551366,0.3564134219309433,0.0,0.1988505026395352,0.361030709466039,0.1612507107431827,0.0,0.1295975114570956,0.2475616906523586,0.251086619384214,0.1261243340925706,0.0127676644963733,0.2430162919945999,0.0,0.164209601194451,0.0,0.2808572449778053,0.160294347827806,0.0,0.0,0.0,0.0,0.2714179342086578,0.2326332267403364,0.0,0.0,0.0,0.4618322956350846,0.0,0.0,0.0,0.105550766582208,0.0,0.450150266517782,0.5588269077924906,0.0,0.11074011345218,0.0211372980761585,0.2563503288399752,0.1474876733147647,0.0,0.2347823792653926,0.2288814412824233,0.0545649656489418,0.4068382726557202,0.2862627929808033,0.0547001250887256,0.7376806361767828,0.2639154222460085,0.2308191471228477,0.057629317977456,0.0,0.0
0.2818064904240814,0.3623231448881847,0.8526744150464569,0.519221996478224,0.7639805311598868,0.8332596357401733,0.808073108703749,0.5291945506277094,0.8728715649481972,0.5686081625829742,0.7129066662241657,0.0,0.4126801492405259,0.3648383336406227,0.833535045953538,0.6095866073199641,0.0,0.465445410627987,0.5865819196818076,0.9166561227506264,0.845330663322588,0.8651694465437209,0.6659712535898545,0.0,0.297486660984948,0.1988505026395352,0.0,0.5990077105421445,0.9161712315453562,0.4786613176534841,0.7316225112798879,0.270062819521671,0.1324173429126498,0.3429331747068272,0.0,0.3270731747372475,0.0,0.2452238241204327,0.0,0.042993277761567,0.2675634743485451,0.0,0.1451475955191394,0.0,0.0,0.0,0.5926500626767421,0.7438207194084447,0.0,0.7862407050469808,0.6585806427998045,0.7761138522269047,0.6694060071194534,0.8111766470224959,0.0,0.5104146814848616,0.0,0.4374963871615056,0.2217735766573203,0.8080096506580732,0.0,0.0,0.0,0.4830739434496104,0.8822306434987046,0.7513617036593071,0.8241817215870356,0.6729816494156146,0.0,0.0,0.2526946123478806,0.9085787256315502,0.3584661991366991,0.5187315978001927,0.0,0.1194330247558437
0.2877515345308041,0.2770418763111782,0.6560060894249142,0.5682474804069939,0.6237052166833483,0.6234575997237806,0.7166255844532473,0.5735386126738148,0.6726725449002041,0.2760230055237695,0.6021440422226632,0.0,0.7908388999507538,0.1752587755979376,0.6302171268747269,0.6757060425984232,0.5289386549649346,0.4490138448306947,0.4291164755926659,0.7325278353079997,0.6800875498351936,0.5825659300749527,0.6201134865638385,0.0,0.0047356695117823,0.361030709466039,0.5990077105421445,0.0,0.6813630663165492,0.6384039835555937,0.6518960466082366,0.3653869890011371,0.1371169452744058,0.3908638803026613,0.0,0.4289339757469486,0.1223148719561288,0.2855442231420062,0.0,0.0,0.2301368925807929,0.0,0.0669412770194713,0.0,0.0089108884438171,0.0,0.0,0.6689964194942295,0.0,0.0,0.2927179246076107,0.0,0.5825988354943664,0.5897913863675912,0.4610319398357646,0.0,0.5224650363906509,0.4214303501208452,0.0,0.6375707435104677,0.0,0.0,0.0,0.0,0.5247230313497251,0.6331363896858881,0.4563748332136679,0.4395559416717723,0.0,0.1483958988592299,0.2178416048331414,0.5133626730665034,0.2605873175742018,0.1919908253545,0.0,0.0
0.3348596280090145,0.2767530703218426,0.0,0.483113722854033,0.7406320727157432,0.7732876578429647,0.7909431609175119,0.534592426234524,0.78172918000532,0.4965240808996236,0.0,0.0,0.4692930735486573,0.0,0.7950381870259964,0.6035133053607189,0.3962984009836332,0.4578734256299827,0.0,0.8727464686205253,0.8607327296746594,0.781569700136728,0.6425142203207728,0.0,0.3295227737190416,0.1612507107431827,0.9161712315453562,0.6813630663165492,0.0,0.5231199778724676,0.80832162535804,0.3001586332573476,0.1593327017965325,0.476797729318353,0.0,0.3836813757296869,0.0,0.0,0.0,0.0,0.2892107337008143,0.0,0.101351223539965,0.0,0.0,0.0,0.3890597234611901,0.6445803884399159,0.0,0.0,0.5048616024606419,0.653720736021986,0.613189604996461,0.709606247500536,0.0,0.0,0.0,0.3245080760705031,0.0,0.8025946121081047,0.0,0.0,0.0,0.0,0.7718959585348767,0.8276704078366013,0.7718561629856143,0.5867330678255337,0.0,0.0,0.1641527051066552,0.7873542825057543,0.2534852133285707,0.5586052642421703,0.0,0.1355437125311228
0.0,0.0,0.0,0.0,0.0,0.4345470261918057,0.0,0.3759469777569171,0.4839587477152245,0.0,0.0,0.0,0.4386535561396008,0.0,0.0,0.3313728607820352,0.0,0.1495707241200775,0.0,0.5601049236381338,0.0,0.4050970406785494,0.3713711395997146,0.0,0.0,0.0,0.4786613176534841,0.6384039835555937,0.5231199778724676,0.0,0.5542480143855879,0.2805358648353832,0.0,0.3648221433141694,0.0,0.0,0.0,0.0,0.0,0.0,0.0,0.0,0.0,0.0,0.0,0.0,0.0,0.0,0.0,0.0,0.0,0.0,0.0,0.0,0.0,0.0,0.0,0.0,0.0,0.0,0.0,0.0,0.0,0.0,0.4249673970555189,0.0,0.0,0.2640115051534571,0.0,0.0,0.0,0.3229634422052187,0.0,0.0778956535850589,0.0,0.0
0.1378829956025027,0.1689248625589247,0.7386499323224042,0.5520239632350964,0.6507330196299869,0.6278561366601217,0.7134339096574498,0.546831593222614,0.6898795331590901,0.4611998744348244,0.6974753269962178,0.0,0.3997918294320234,0.4091514512112665,0.7447768457525343,0.56055493490921,0.3533949661364045,0.3740991173753219,0.5192417925030404,0.7911815704684801,0.7387726256059053,0.6484712444485112,0.5614271326641871,0.0,0.1648032928188153,0.1295975114570956,0.7316225112798879,0.6518960466082366,0.80832162535804,0.5542480143855879,0.0,0.2649724066023221,0.2488207134917249,0.513169873308876,0.0,0.3769598311984912,0.0,0.2774630470997893,0.0,0.0,0.3645431668566714,0.0,0.1005774216447903,0.0,0.0,0.0,0.3420430068311904,0.0,0.0,0.0,0.3587719877035531,0.0,0.5888000351905979,0.0,0.5696208504966427,0.0,0.1515959998081055,0.0,0.0,0.7566742043512585,0.499269426016773,0.4411342060123486,0.3643759603087003,0.0,0.6602935649152023,0.7278761087900795,0.6856634067034754,0.4789275471650961,0.0,0.5073221319939507,0.1157084125043692,0.556549395044898,0.1369551831505477,0.3028540012943552,0.0,0.0891470848139076
0.2444370284853618,0.2739402378134013,0.2721807283891322,0.2537456682590708,0.1771798055904073,0.355094648166157,0.3291435389832574,0.1774086928076082,0.2411689139400969,0.2178826297448788,0.1668569540181688,0.0,0.3214884894766122,0.0829873535815336,0.147405080141234,0.3846050159004238,0.2575609240157362,0.1998275872618277,0.2946502497917401,0.2957070282665863,0.3470105810873024,0.3249549985467841,0.2741931882102167,0.0,0.0221212298632674,0.2475616906523586,0.270062819521671,0.3653869890011371,0.3001586332573476,0.2805358648353832,0.2649724066023221,0.0,0.0,0.297540310125699,0.1013397709335755,0.2300776492989685,0.0174897648481525,0.0040912806385254,0.0,0.0,0.0684540070964632,0.0,0.0,0.0,0.0,0.1397284668954476,0.2815537025284069,0.2516092147475734,0.0,0.4123229132046735,0.1822165647156279,0.2855468376396663,0.1821563883143718,0.1436824051348896,0.3322144131498897,0.2108829623507351,0.4191260486029857,0.2575264772488165,0.0,0.154226766240981,0.197337644745533,0.2106582165387216,0.1741770760492857,0.3423039597641895,0.1586087818744133,0.1912463539929661,0.1822996313029126,0.2503745355745537,0.0,0.0937374448932666,0.1245840394962911,0.1735162147835284,0.1790737058794257,0.0,0.0,0.0
0.1218630156248465,0.1414447905859501,0.2504220806254876,0.0,0.3156798520510933,0.1876816658927689,0.2658198329035772,0.1477401875017483,0.325019540056279,0.4261952767933293,0.3262915327340279,0.2317315431533151,0.1390422826482321,0.0,0.116758169395534,0.1440643935204951,0.1834962525877121,0.2705055131928595,0.0,0.1711850370640591,0.1371963694926944,0.1824213341049274,0.1545662991341015,0.1192492268300971,0.4203949312749364,0.251086619384214,0.1324173429126498,0.1371169452744058,0.1593327017965325,0.0,0.2488207134917249,0.0,0.0,0.2981607332632909,0.0,0.1759367600045362,0.0,0.25218476184415,0.0864412138564766,0.4890812938781692,0.3220547011348844,0.0320063678193508,0.0,0.0,0.0,0.0978752774895141,0.2051915143158242,0.0,0.0,0.0,0.0,0.0,0.0,0.0,0.2852532855030462,0.0,0.0,0.0,0.0,0.1564142057075432,0.1605312988953695,0.1277993873218518,0.1284527407705179,0.0,0.11985299742226,0.2060042096841629,0.2540810912669283,0.0889955447674802,0.1892377801401037,0.3302510672538207,0.3536280093842068,0.1013675059588684,0.1283884153964643,0.0,0.0,0.2354727549103998
0.1314878784442148,0.0463132626797646,0.3724130508977915,0.1864174091193532,0.3952672795876819,0.3099802736227828,0.3307914542836541,0.2907095684943915,0.3502694658953074,0.1261747596929877,0.3899906639883378,0.0,0.2151595641029389,0.1422840511063873,0.4863669894065063,0.2976410066612302,0.2754287216455362,0.1717361216107343,0.3455806135846518,0.3528771380535063,0.4545989435839749,0.3293069971059591,0.2986588304107013,0.0,0.1698325015487433,0.1261243340925706,0.3429331747068272,0.3908638803026613,0.476797729318353,0.3648221433141694,0.513169873308876,0.297540310125699,0.2981607332632909,0.0,0.0,0.3636821874569958,0.0,0.1725310441129522,0.0,0.0,0.4236052435433023,0.0,0.0480694998925664,0.0,0.05369356282782,0.2003247629423906,0.0529572882027309,0.2698396265149261,0.0,0.0,0.0417748223964143,0.1561035925999114,0.2686681578146928,0.3237702119182489,0.2193431332618786,0.0,0.1091170330933483,0.0106626529801249,0.0,0.4400864558590027,0.3393945477725091,0.0771361828497242,0.0987468920671086,0.0,0.2055307347811915,0.4529788206309643,0.3253049681909176,0.1319549072177959,0.0,0.2817773111439039,0.043977650238198,0.1543885469327304,0.0,0.0692198019995912,0.0,0.0266615110791866
0.20768359380908,0.1128799178367167,0.0,0.0,0.0,0.0,0.0,0.0,0.0,0.0,0.0,0.0572986505233002,0.0,0.0,0.0,0.0,0.0,0.0,0.0,0.0,0.0,0.0,0.0,0.137280036389051,0.0945103098789969,0.0127676644963733,0.0,0.0,0.0,0.0,0.0,0.1013397709335755,0.0,0.0,0.0,0.0,0.0250354188161367,0.0,0.2667530513166337,0.1127276681532344,0.0,0.1742311924365758,0.0,0.049307259894114,0.0581188747181012,0.0,0.0,0.0,0.0,0.0,0.0,0.0,0.0,0.0,0.0,0.0,0.0,0.0,0.0,0.0,0.0,0.0,0.0,0.0,0.0,0.0,0.0,0.0,0.0,0.0,0.0,0.0,0.0706076557630547,0.0646053901065426,0.0,0.0
0.0,0.0,0.4322212071307155,0.3311184141198012,0.3822291856904761,0.3734285686445841,0.4538554820676882,0.4191728583274975,0.4268449532752114,0.275293116587162,0.4538953412689076,0.0,0.3040355492377734,0.2980357824935961,0.4488147391063556,0.0,0.0,0.0,0.3697511413699527,0.4246533507352752,0.0,0.2890894615078261,0.3791474415051429,0.0,0.0,0.2430162919945999,0.3270731747372475,0.4289339757469486,0.3836813757296869,0.0,0.3769598311984912,0.2300776492989685,0.1759367600045362,0.3636821874569958,0.0,0.0,0.0658704160408733,0.2335588531289294,0.0,0.0,0.3378316755092359,0.0,0.2430408262360242,0.0,0.0,0.0,0.0,0.2796573190407793,0.0,0.36128435147379,0.1471614826833729,0.2539234948316534,0.3886431897215174,0.3759904271148598,0.0,0.3558613287580845,0.2754330462523308,0.1788758470716331,0.0,0.0,0.0,0.0,0.0,0.1768113218598315,0.2792463914837712,0.0,0.323127401837162,0.2686261825748627,0.0,0.0,0.0,0.1748756456426499,0.0595984261271188,0.0,0.0,0.0
0.0,0.0,0.0,0.0115469798778769,0.0539844345907195,0.0,0.0692144073149016,0.0,0.0,0.0,0.017962585966175,0.0799410635275694,0.0508318871667138,0.112687433030221,0.0,0.0,0.0,0.0,0.1128162079491041,0.0,0.0,0.0,0.0,0.028969041478954,0.0,0.0,0.0,0.1223148719561288,0.0,0.0,0.0,0.0174897648481525,0.0,0.0,0.0250354188161367,0.0658704160408733,0.0,0.0457205481505183,0.0186058217091152,0.0,0.0,0.0066376896174485,0.2789482097274328,0.0,0.0,0.0,0.0,0.0,0.0,0.0,0.0,0.0,0.0,0.0,0.0,0.0,0.0,0.0,0.0,0.0,0.0,0.0,0.0,0.0,0.0,0.0,0.0,0.0,0.0,0.0,0.0,0.0,0.0,0.0,0.0,0.0
0.008940453526484,0.0,0.0,0.1361644035147535,0.3287718397120772,0.2486627788243907,0.2751054385449636,0.0,0.3125969703942666,0.0825427575478389,0.3610418623829256,0.0,0.1173884696443274,0.0,0.0,0.0,0.2369669151473083,0.0,0.2704742280602062,0.0,0.0,0.0,0.2244650391325292,0.0,0.0,0.164209601194451,0.2452238241204327,0.2855442231420062,0.0,0.0,0.2774630470997893,0.0040912806385254,0.25218476184415,0.1725310441129522,0.0,0.2335588531289294,0.0457205481505183,0.0,0.0,0.0,0.0721573502472603,0.0,0.0,0.0,0.0,0.0,0.0,0.0,0.0,0.0,0.0,0.0,0.0,0.0,0.1447635577953008,0.0,0.1973683043357219,0.0,0.0,0.0,0.0,0.0,0.0,0.0,0.0,0.0,0.0,0.0,0.0,0.0736888920795043,0.090712135456113,0.0,0.0038029837217923,0.0,0.0,0.0
0.0540709994591442,0.0295498472497713,0.0,0.0,0.0,0.0,0.0,0.0,0.0,0.0,0.0,0.1756792207101718,0.0,0.0,0.0,0.0,0.0,0.0,0.0,0.0,0.0,0.0,0.0,0.44446534746257,0.2281132851300152,0.0,0.0,0.0,0.0,0.0,0.0,0.0,0.0864412138564766,0.0,0.2667530513166337,0.0,0.0186058217091152,0.0,0.0,0.3655773005853831,0.0,0.2090514070414564,0.0,0.2282271160610791,0.2504428735821095,0.0739476549227023,0.0,0.0,0.0,0.0,0.0,0.0,0.0,0.0,0.0,0.0,0.0,0.0,0.0,0.0,0.0,0.0,0.0,0.0,0.0,0.0,0.0,0.0,0.375051742151719,0.0354331186039502,0.210543649607181,0.0,0.0,0.1440974329043151,0.3615698541812606,0.4332776081463296
0.2489340125170181,0.2916326092088526,0.0,0.0,0.0,0.0,0.0,0.0,0.0,0.2542750918553946,0.0,0.2971121103356229,0.0,0.0,0.0,0.0585844781515773,0.0,0.2128537868978927,0.0,0.0,0.0,0.08392355026506,0.0346159789622326,0.3676347155655988,0.4794528628668488,0.2808572449778053,0.042993277761567,0.0,0.0,0.0,0.0,0.0,0.4890812938781692,0.0,0.1127276681532344,0.0,0.0,0.0,0.3655773005853831,0.0,0.18382639539889,0.2357213467355888,0.1393922763166247,0.2157313278201566,0.1074215248819602,0.2074544747651363,0.1977381674807796,0.1122988927897006,0.0,0.0056937614390651,0.2384058489588318,0.0429864391317103,0.0,0.1670051158388731,0.0306458434249432,0.1899725431152593,0.0,0.1763013049914587,0.0,0.0,0.0955110682559074,0.2191166433386728,0.1597748961847247,0.1710326289294449,0.0391809549889901,0.0,0.041536158039894,0.085127137839613,0.3110508951483794,0.2710361919507306,0.4965043124497819,0.1287635609884114,0.1333692211111656,0.1992980793454982,0.2101676580148615,0.2466996993715527
0.0282089416453936,0.1165385674404447,0.3347935025761359,0.0,0.0,0.2442631027726153,0.2387101582946309,0.1887914633426715,0.3510451159454807,0.2818954796494414,0.0,0.0,0.1525841443048048,0.0,0.255991249155353,0.1811028433747261,0.0,0.157948213412115,0.0,0.3042511048129224,0.2898721105507161,0.2682010598335528,0.1836052756014866,0.0,0.2975234910094786,0.160294347827806,0.2675634743485451,0.2301368925807929,0.2892107337008143,0.0,0.3645431668566714,0.0684540070964632,0.3220547011348844,0.4236052435433023,0.0,0.3378316755092359,0.0,0.0721573502472603,0.0,0.18382639539889,0.0,0.0832736794648124,0.0,0.0,0.069010294520199,0.0870692230158998,0.1601526665652387,0.2090445596622212,0.1754463336292661,0.1902179494236234,0.1798384419827191,0.2449829415695892,0.2307507356652315,0.306205273511847,0.3063322197271991,0.258167678471354,0.0,0.1012196755745681,0.0,0.3053386846914654,0.2779830711224069,0.2140257074545692,0.1294457876540596,0.206745753065984,0.2863362245578985,0.3061960110163004,0.2956792591615656,0.1485834505456352,0.0,0.3236681458467166,0.1125951044518603,0.2220114502272809,0.06152931664277,0.1769292326177064,0.0850693963223216,0.1847801989474271
0.0,0.060579919835763,0.0,0.0,0.0,0.0,0.0,0.0,0.0,0.0,0.0,0.0940723407969318,0.0,0.0,0.0,0.0,0.0,0.0,0.0,0.0,0.0,0.0,0.0,0.0,0.0,0.0,0.0,0.0,0.0,0.0,0.0,0.0,0.0320063678193508,0.0,0.1742311924365758,0.0,0.0066376896174485,0.0,0.2090514070414564,0.2357213467355888,0.0832736794648124,0.0,0.0,0.1593267495853744,0.0,0.0,0.0,0.0,0.0,0.0,0.0,0.0,0.0,0.0,0.0,0.0,0.0,0.0101693171055751,0.0,0.0,0.0,0.0,0.0115946289393789,0.0,0.0,0.0,0.0,0.0,0.2492257693291102,0.0,0.1009247413147405,0.0,0.0681319309461086,0.0,0.1028952819216783,0.1381145607425601
0.0,0.0,0.1643588209432073,0.0,0.1909386497355417,0.2894991115359606,0.3005527890093302,0.1669165841680989,0.2158888160926097,0.0,0.2314918891282096,0.1830561277535429,0.2084583878603264,0.2334099475283758,0.0800616686065853,0.0,0.0,0.0,0.3620210582434357,0.1895070403258315,0.0,0.2103377915098478,0.1041879224903909,0.0,0.0,0.0,0.1451475955191394,0.0669412770194713,0.101351223539965,0.0,0.1005774216447903,0.0,0.0,0.0480694998925664,0.0,0.2430408262360242,0.2789482097274328,0.0,0.0,0.1393922763166247,0.0,0.0,0.0,0.3744239319648706,0.0,0.0,0.0,0.1191322990102715,0.4693153247616479,0.3685629371117513,0.2660084397951427,0.3497406746360418,0.2024307349298725,0.1987503730876645,0.2452107070138355,0.2337225818357879,0.1068727028927535,0.4414460057077682,0.2937752459764681,0.0422400661568462,0.0,0.1008776791244258,0.0,0.3683190609236521,0.1939111791048449,0.0391788366717778,0.1431581306812583,0.1271113244579427,0.0517774089648451,0.1468849078408839,0.202480439050629,0.1345089355615036,0.3741754887330117,0.0422770806190816,0.0,0.1274833759826153
0.0,0.0,0.0,0.0,0.0,0.0,0.0,0.0,0.0,0.0,0.0,0.0,0.0,0.0,0.0,0.0,0.0,0.0,0.0,0.0,0.0,0.0,0.0,0.0,0.0,0.0,0.0,0.0,0.0,0.0,0.0,0.0,0.0,0.0,0.049307259894114,0.0,0.0,0.0,0.2282271160610791,0.2157313278201566,0.0,0.1593267495853744,0.3744239319648706,0.0,0.0,0.0,0.0,0.0,0.0,0.0,0.0,0.0,0.0,0.0,0.0,0.0,0.0056423984487162,0.111516927498358,0.1505093537090041,0.0,0.0,0.0,0.0,0.0571794551623661,0.0,0.0,0.0,0.0,0.0,0.0,0.0,0.0,0.1115229903616006,0.0,0.0,0.1501773252198805
0.0,0.0,0.0,0.0,0.0,0.0,0.0,0.0,0.0,0.0,0.0,0.0,0.0,0.0,0.0,0.0,0.0,0.0,0.0,0.0,0.0,0.0,0.0,0.1389389493667758,0.0,0.0,0.0,0.0089108884438171,0.0,0.0,0.0,0.0,0.0,0.05369356282782,0.0581188747181012,0.0,0.0,0.0,0.2504428735821095,0.1074215248819602,0.069010294520199,0.0,0.0,0.0,0.0,0.184776332930811,0.0,0.0,0.0,0.0,0.0,0.0,0.0,0.0253574335908043,0.0,0.0,0.0,0.0,0.0,0.0,0.0,0.0,0.0471927766483395,0.0,0.0,0.0,0.0,0.0046006018159517,0.1798675058463621,0.0,0.0758003077836985,0.0,0.0,0.0,0.0,0.0941200336003103
