0.0,0.3029371984020015,0.0,0.0,0.0,0.3620192627179542,0.0,0.329758028580652,0.0,0.6694959056802677,0.0,0.3235021973785006,0.0,0.0,0.1587969103715759,0.6659406251217439,0.4156423769461113,0.4194919391344013,0.0,0.0235456296587654,0.1302322530905565,0.3122181119788008,0.2462587247619698,0.6171254458676911,0.6564505996206844,0.4315078112549608,0.3408275494222884,0.2722961666104795,0.0,0.0,0.579638449686017,0.0,0.556644898011041,0.2881617288763385,0.0,0.0,0.0,0.0,0.0,0.0389921935171222,0.0,0.0,0.0,0.0,0.0,0.641451623073906,0.0,0.0,0.0,0.0,0.0,0.0,0.0,0.0,0.5994958740076337,0.0,0.0,0.0,0.0,0.0,0.0,0.0,0.0,0.0,0.0,0.5276404498992147,0.0,0.0,0.5111578662063463,0.0,0.2666591926365438,0.0,0.0,0.0,0.0,0.0
0.3029371984020015,0.0,0.0,0.0,0.0204482756694643,0.2423703535547365,0.2371714109320345,0.3237211892098869,0.2456654469794819,0.0,0.0,0.0,0.3396319491789962,0.0,0.1169429779737497,0.3517992073051209,0.0,0.5404468483541942,0.0,0.2978724953957978,0.3790680498643173,0.4720426470964441,0.1868525946310741,0.0,0.6652756685464141,0.7037305879928201,0.2159880517008832,0.1108194043324031,0.1423443357574023,0.0,0.3560616469426919,0.3294585964914689,0.1564920926034764,0.0,0.0,0.0,0.0,0.0,0.2927718435610105,0.2627417107242549,0.0840967290539785,0.0,0.0,0.0,0.0,0.3553053501453317,0.4725741951412658,0.0,0.0,0.0,0.0,0.0,0.0,0.0,0.0,0.0,0.0,0.0,0.0,0.1607559159860344,0.1946031095409313,0.0,0.3176388703383428,0.0,0.3525448592412784,0.4816323550338534,0.3015284182511453,0.2476590605895856,0.0,0.2981263970999737,0.5612521811055226,0.2186647536818717,0.0,0.4784350622785107,0.0,0.2429105152798261
0.0,0.0,0.0,0.0,0.4850085005931256,0.557093128159499,0.1685388137680558,0.515897530505419,0.7272222694927444,0.4235314338393671,0.7001107942325933,0.0,0.4536992423306554,0.2389688891399238,0.0,0.0,0.0,0.0,0.8953057609874028,0.0,0.0,0.0,0.7739840096733198,0.0,0.0,0.0,0.6552924780074473,0.5529990358312311,0.0,0.2433299590721147,0.2777447367289954,0.0,0.0,0.0,0.0,0.2615907222300401,0.0,0.0,0.0,0.0,0.0,0.0,0.3902329084239623,0.0,0.0,0.0,0.0,0.880374684191923,0.0,0.5083179539951892,0.5105620382110181,0.0,0.6166840479524492,0.7325238057934992,0.0,0.8248785612110245,0.0,0.0,0.176964259598364,0.0,0.0,0.0,0.0,0.8575793123728418,0.0,0.0,0.0,0.7091786086140376,0.0,0.0,0.0,0.5856993072111656,0.0,0.0,0.0,0.0
0.0,0.0,0.0,0.0,0.522054497962443,0.1576285039404544,0.5206969503200592,0.1769289936358728,0.2146867636000117,0.4290243389876457,0.3398786600515906,0.0,0.4626500174593918,0.1873433710060612,0.0,0.0,0.0,0.0,0.3101487452590358,0.0,0.0,0.0,0.0858764238006041,0.0,0.0,0.0,0.1804626828546287,0.3642513271495105,0.0,0.0,0.0,0.0,0.0,0.4763685991936497,0.0238856986985643,0.5868788701733293,0.2286911786290362,0.0,0.0,0.0,0.0,0.0,0.0,0.0,0.0,0.0,0.0,0.0,0.0,0.0,0.0,0.0,0.0,0.0,0.0,0.0,0.0,0.0,0.0,0.0,0.0,0.0,0.0,0.0,0.0,0.0,0.0,0.0,0.0,0.0,0.0,0.0,0.0,0.0,0.0,0.0
0.0,0.0204482756694643,0.4850085005931256,0.522054497962443,0.0,0.4179373435968947,0.6267462255501588,0.1798902766977454,0.7081679208914363,0.3341687090328463,0.6279545975251716,0.2022309686706263,0.5538873283702017,0.390213401173813,0.0,0.0,0.0,0.0,0.4824890563904842,0.2605864377361451,0.0,0.313402087778639,0.2562987478192443,0.0,0.0546737946672945,0.0,0.4975890599755298,0.5109623183161024,0.0,0.0,0.2974918382901041,0.0,0.2234668531815443,0.15846045295079,0.0,0.4206144233051549,0.0258384990191644,0.0672230839427205,0.0,0.0,0.0,0.0,0.4454220593515415,0.0,0.0,0.0,0.0,0.4680448636164783,0.0,0.0,0.0,0.0,0.4872243193423536,0.7196649925711147,0.0,0.4790029122125992,0.0,0.0,0.0,0.0,0.0,0.0,0.0,0.0,0.0,0.0,0.0,0.474273954849564,0.0,0.0,0.0,0.5910875855398906,0.0,0.0,0.0,0.0
0.3620192627179542,0.2423703535547365,0.557093128159499,0.1576285039404544,0.4179373435968947,0.0,0.3569457584399449,0.4425216951405864,0.6406481724590988,0.4616297323307143,0.2239329619239574,0.0,0.5394739090251043,0.2877507908282666,0.4092183792781771,0.3642569406320387,0.0,0.5037594462728782,0.4793075533026681,0.3750416750690694,0.2381834737049985,0.3557766994720927,0.7120881667390617,0.0,0.3310340851662924,0.258836156905143,0.7371014898295022,0.415164046757326,0.1051567180351124,0.2961737172736968,0.1248692222360657,0.0,0.131231576689905,0.0,0.0,0.2632237525809044,0.0,0.0,0.0,0.0,0.0,0.0,0.4478470978949082,0.0,0.0,0.0,0.0,0.4665075108915372,0.0,0.0,0.8071236690398432,0.6204668378993924,0.5431751365643372,0.6690481430036211,0.0,0.2918168772732951,0.0,0.4670437204050638,0.0,0.3268467527169537,0.0,0.0,0.0,0.347075441012076,0.3903117586246898,0.2043457850157696,0.1449520718930969,0.6724833217466509,0.0,0.0,0.0,0.5854743118853787,0.3815080670222668,0.3208130942380755,0.0,0.0276232129307852
0.0,0.2371714109320345,0.1685388137680558,0.5206969503200592,0.6267462255501588,0.3569457584399449,0.0,0.1811549472792699,0.3005714724222913,0.5170188986553295,0.1844864365142616,0.2703575430635748,0.6590738926426025,0.1969093223607491,0.0,0.3498788369104642,0.4366298175191995,0.3666298539996485,0.1624780696848879,0.0,0.0,0.1083609519987274,0.1076667638628248,0.2480092399484952,0.3226057776642006,0.0972030381568722,0.2132666179817323,0.3401387816033669,0.0,0.0,0.2693107033044629,0.0,0.3995410911103128,0.3140649866912196,0.0485261435909296,0.3274125498509304,0.1718597255353305,0.0735586600823134,0.0,0.0,0.0,0.0,0.0,0.0,0.0,0.0,0.0,0.0,0.0,0.0,0.411262893978686,0.0,0.0,0.0,0.0,0.0,0.0,0.0,0.0,0.0,0.0,0.0,0.0,0.0,0.0,0.0,0.0,0.2616140250310583,0.0,0.0,0.0,0.3624092471200403,0.0,0.0,0.0,0.0
0.329758028580652,0.3237211892098869,0.515897530505419,0.1769289936358728,0.1798902766977454,0.4425216951405864,0.1811549472792699,0.0,0.2762253373041889,0.5023426738950888,0.3603422046570188,0.0,0.3874529592871017,0.185042242470237,0.2393401406448137,0.3551840172510001,0.0,0.365378290439413,0.4307840099700407,0.1434293784562091,0.2158429569440121,0.3233494326785108,0.7020765961484435,0.4786976423627484,0.3059970978547778,0.4895945321027968,0.2157510815929627,0.3484999541009411,0.0,0.0291904600240432,0.2131892747241402,0.0,0.292968096165251,0.0188829714158179,0.0,0.2584187083385988,0.0,0.0,0.0,0.0,0.0,0.0,0.216406675665382,0.0,0.0,0.0,0.0,0.3834542301241403,0.0,0.1833417705814001,0.2520664306042929,0.1380736312932684,0.7965941176425542,0.3112901286279532,0.0,0.4371368943942497,0.0,0.0529011940476107,0.1996438403094285,0.3348449636352448,0.0,0.0,0.0,0.4568486350620828,0.2330851589528139,0.3229226297943983,0.0,0.6310730402024655,0.0,0.0,0.0,0.2157507817222524,0.2003329942810549,0.1663594669307292,0.0,0.0
0.0,0.2456654469794819,0.7272222694927444,0.2146867636000117,0.7081679208914363,0.6406481724590988,0.3005714724222913,0.2762253373041889,0.0,0.4066851883353269,0.6653610696001936,0.2797641727272708,0.5217352586490653,0.2173781673265212,0.0,0.4096850181278959,0.0,0.0,0.6975123616088666,0.5985100425089014,0.0,0.6372762914114208,0.508062601074187,0.0,0.0,0.0,0.7744641935670863,0.5139270364452657,0.0,0.295218640783238,0.356039545304595,0.0,0.1299149106287313,0.0,0.0,0.2593634027856646,0.0,0.1873850224769281,0.0,0.0,0.0,0.0,0.4771897717242019,0.0,0.0,0.0,0.0,0.6449588704229823,0.0,0.0,0.641105361916475,0.0,0.434721316611549,0.963046861669579,0.0,0.6650655742263508,0.0,0.0,0.2210655914800656,0.0,0.0,0.0,0.0,0.5651065534505947,0.0,0.0,0.0,0.6105467396789775,0.0,0.0,0.0,0.7284033158017708,0.0,0.0,0.0,0.0
0.6694959056802677,0.0,0.4235314338393671,0.4290243389876457,0.3341687090328463,0.4616297323307143,0.5170188986553295,0.5023426738950888,0.4066851883353269,0.0,0.3973089949884848,0.5442794230741537,0.6062352826512547,0.0409607909198761,0.0,0.6812772512072759,0.6768349071141567,0.5882122918631558,0.3522763425716557,0.0,0.0,0.3283295228738914,0.3109570388917674,0.6779214271401782,0.7190452224290452,0.5047758086152815,0.3419408558150166,0.2950331456112154,0.0,0.0,0.4514589954538546,0.0,0.6502998264555988,0.2747029637190421,0.0,0.3626777387624572,0.0,0.2355712752216065,0.0,0.0,0.0,0.0,0.0,0.0,0.0,0.0,0.0,0.0,0.0,0.0,0.0,0.0,0.0,0.0,0.8827161482918652,0.0,0.5991246268781816,0.0,0.0,0.0,0.0,0.3542322131525796,0.0306300368083353,0.0,0.0,0.0,0.0,0.0,0.5405821065542831,0.0,0.3001210678750496,0.0,0.2330238008259426,0.0,0.0,0.0
0.0,0.0,0.7001107942325933,0.3398786600515906,0.6279545975251716,0.2239329619239574,0.1844864365142616,0.3603422046570188,0.6653610696001936,0.3973089949884848,0.0,0.200423755235706,0.5270681204547305,0.1209137406507857,0.0,0.0,0.0,0.0,0.6383117795073827,0.0,0.0,0.0,0.3784774495899362,0.0,0.0,0.0,0.433617650213578,0.5018298083326507,0.0,0.0,0.276711678123568,0.0,0.2750666644543023,0.0238798161539975,0.0,0.4377212512004653,0.0,0.1318428585332982,0.0,0.0,0.0,0.0,0.4820408099544285,0.0,0.0,0.0,0.0,0.5419597935981844,0.0,0.419360334004946,0.3381007268778077,0.1709945942179526,0.5134604271336026,0.6749671742096793,0.0,0.8216746184425663,0.0,0.021855046656697,0.1784795352214849,0.0,0.0,0.0,0.0,0.5580664704787761,0.0,0.0,0.0,0.4715085387035035,0.0,0.0,0.0,0.526251878580157,0.0,0.0,0.0,0.0
0.3235021973785006,0.0,0.0,0.0,0.2022309686706263,0.0,0.2703575430635748,0.0,0.2797641727272708,0.5442794230741537,0.200423755235706,0.0,0.3878988814917924,0.0,0.0,0.0,0.5063389993675103,0.4660276357798258,0.0,0.0,0.0,0.0,0.0,0.6171172586923007,0.2324921109258312,0.6514071882055312,0.0,0.3337550076466352,0.0,0.0,0.2006826179676702,0.0,0.1569673095464161,0.006012344788596,0.0,0.0270169401799072,0.0568121847336082,0.3101944150001586,0.0,0.1517076276124939,0.0,0.0,0.0,0.0,0.245863952802962,0.0,0.0,0.0,0.0,0.0,0.0,0.0,0.0,0.0,0.4437628219070461,0.0,0.761036220029523,0.0,0.0,0.0,0.0,0.5068329394913499,0.2780497982512584,0.0,0.0,0.0,0.0,0.0,0.5413283675924047,0.025510010610203,0.474022204302348,0.0,0.0,0.0,0.0,0.1007566673310205
0.0,0.3396319491789962,0.4536992423306554,0.4626500174593918,0.5538873283702017,0.5394739090251043,0.6590738926426025,0.3874529592871017,0.5217352586490653,0.6062352826512547,0.5270681204547305,0.3878988814917924,0.0,0.0668145518267849,0.1310907176259876,0.5064081048230564,0.7255872403464042,0.5909460868736061,0.4131103773543969,0.1605970496283887,0.2289050275847131,0.3072206354256861,0.3916248157290568,0.4083034353492536,0.4396519528815002,0.2956732136128716,0.3478492360783783,0.7147569468498368,0.0,0.3342285794993487,0.2460851325075141,0.0,0.3727840540827208,0.1496362408462516,0.0,0.4815625615106154,0.1183529186986345,0.1314342119534954,0.0,0.0,0.0,0.0,0.5521894101509353,0.0,0.0,0.0,0.0,0.3929658337090059,0.0,0.0,0.4823901871547557,0.0,0.4781723629980453,0.0,0.0,0.0,0.0,0.0,0.0,0.0,0.0,0.0,0.0,0.0,0.0,0.0,0.0,0.3786797312764403,0.0,0.0,0.0,0.4419700121940242,0.0,0.4806694120612431,0.0,0.0
0.0,0.0,0.2389688891399238,0.1873433710060612,0.390213401173813,0.2877507908282666,0.1969093223607491,0.185042242470237,0.2173781673265212,0.0409607909198761,0.1209137406507857,0.0,0.0668145518267849,0.0,0.0,0.0,0.0,0.0,0.266502838601509,0.0,0.0,0.0,0.2011706369320512,0.0,0.0,0.0,0.2685506566411304,0.0837219047774271,0.0,0.0,0.2205342521225773,0.0,0.0,0.0086703681903121,0.0,0.2228251593555928,0.0,0.0,0.0,0.0,0.0,0.0,0.1865299888366845,0.0,0.0,0.0,0.0,0.2068131047131096,0.0,0.0,0.0,0.0,0.0,0.2874413914173916,0.0,0.1417825442094917,0.0,0.0,0.0,0.0,0.0,0.0,0.0,0.0,0.0,0.0,0.0,0.3581579445168888,0.0,0.0,0.0,0.0,0.0,0.0,0.0,0.0
0.1587969103715759,0.1169429779737497,0.0,0.0,0.0,0.4092183792781771,0.0,0.2393401406448137,0.0,0.0,0.0,0.0,0.1310907176259876,0.0,0.0,0.3105471976468034,0.0,0.1750387997890467,0.0,0.6619719554250943,0.1558273251730808,0.712215744338178,0.5226579214293781,0.0933709623063427,0.1276589396537777,0.0984693775432253,0.5885650775297188,0.3515349867291391,0.0,0.0,0.2285251830950685,0.0,0.0,0.0,0.0,0.1174907992026294,0.0,0.0,0.0,0.0,0.0,0.0,0.0,0.0,0.0,0.0,0.0,0.0,0.0,0.0,0.3614128208537271,0.0,0.3704196998601797,0.0,0.0,0.0,0.0,0.0,0.0,0.8408022869750386,0.045276308297078,0.0,0.0,0.0,0.724492590260635,0.2698824770956879,0.5187451080893986,0.5128294399646472,0.0,0.0,0.0934612533962443,0.4710947118793137,0.3117667712619483,0.1948099086423672,0.0,0.0620254955531392
0.6659406251217439,0.3517992073051209,0.0,0.0,0.0,0.3642569406320387,0.3498788369104642,0.3551840172510001,0.4096850181278959,0.6812772512072759,0.0,0.0,0.5064081048230564,0.0,0.3105471976468034,0.0,0.5437543280524205,0.616141120499876,0.0,0.0767669439698281,0.199556834230984,0.489296620809935,0.2285205691572658,0.4561681026426067,0.6863552532944293,0.3947467575515446,0.3556922517940504,0.3609393496345583,0.0,0.1250296491166175,0.4734830731896741,0.0,0.5088472945448147,0.136627682051592,0.0,0.0,0.0,0.0,0.0,0.0,0.0,0.0,0.0,0.0,0.0,0.4476668224665025,0.0,0.0,0.0,0.0,0.0,0.0,0.0,0.0,0.0,0.0,0.0,0.0,0.0,0.4621933641405781,0.0,0.0,0.0,0.0,0.2616940867328551,0.4841026782944243,0.0,0.0,0.0,0.0,0.1612758806091432,0.0,0.0,0.0,0.0,0.0
0.4156423769461113,0.0,0.0,0.0,0.0,0.0,0.4366298175191995,0.0,0.0,0.6768349071141567,0.0,0.5063389993675103,0.7255872403464042,0.0,0.0,0.5437543280524205,0.0,0.8052313513402275,0.0,0.1497423515065504,0.0,0.3263961327869094,0.0,0.5654212942425172,0.4743270501484625,0.4612618228142979,0.0,0.5925404960721534,0.0,0.0,0.2804422022545076,0.0,0.3123657208098901,0.0341734322939253,0.0,0.0,0.0,0.142912803674061,0.0,0.0475226892294088,0.0,0.0,0.0,0.0,0.0,0.0,0.0,0.0,0.0,0.0,0.0,0.0,0.0,0.0,0.601858476088763,0.0,0.5975170701176055,0.0,0.0,0.0,0.0,0.6307831847648318,0.3266672091130291,0.0,0.0,0.0,0.0,0.0,0.485661009881984,0.0,0.287423160888507,0.0,0.0,0.0,0.0,0.0
0.4194919391344013,0.5404468483541942,0.0,0.0,0.0,0.5037594462728782,0.3666298539996485,0.365378290439413,0.0,0.5882122918631558,0.0,0.4660276357798258,0.5909460868736061,0.0,0.1750387997890467,0.616141120499876,0.8052313513402275,0.0,0.0,0.2762909874665161,0.3715419056351586,0.4147139372706655,0.2800674585755754,0.5522217059243166,0.5763556907983994,0.6259546736536937,0.212374878423243,0.4694240898445641,0.0825215739084946,0.0,0.3604147932135145,0.012732883787296,0.2170649680831587,0.0,0.0,0.0,0.0,0.0,0.0,0.1311261226232114,0.0196344740386958,0.0,0.0,0.0,0.0,0.4010082556714522,0.1925931913846141,0.0,0.0,0.0,0.0,0.0,0.0,0.0,0.5973173217918859,0.0,0.6182445124386068,0.0,0.0,0.0,0.1978251912174453,0.669789685809723,0.5769135654707779,0.0,0.0,0.0,0.2737118056258378,0.0,0.5374585044502029,0.1256684420255813,0.4477847743655171,0.0,0.0,0.0,0.0,0.343640339246134
0.0,0.0,0.8953057609874028,0.3101487452590358,0.4824890563904842,0.4793075533026681,0.1624780696848879,0.4307840099700407,0.6975123616088666,0.3522763425716557,0.6383117795073827,0.0,0.4131103773543969,0.266502838601509,0.0,0.0,0.0,0.0,0.0,0.0,0.0,0.0,0.6461670101034952,0.0,0.0,0.0,0.5626309340386293,0.5100964770729803,0.0,0.0,0.3023401711019524,0.0,0.0,0.0,0.0,0.2417586803295169,0.0,0.0,0.0,0.0,0.0,0.0,0.3387680743343895,0.0,0.0,0.0,0.0,0.7722290091890657,0.0,0.0,0.4104418409981722,0.0,0.5201709507512549,0.6777653947087364,0.0,0.7590524899485847,0.0,0.0,0.1542547399569277,0.0,0.0,0.0,0.0,0.9318554885451332,0.0,0.0,0.0,0.6442045761079734,0.0,0.0,0.0,0.5054724381092208,0.0,0.0,0.0,0.0
0.0235456296587654,0.2978724953957978,0.0,0.0,0.2605864377361451,0.3750416750690694,0.0,0.1434293784562091,0.5985100425089014,0.0,0.0,0.0,0.1605970496283887,0.0,0.6619719554250943,0.0767669439698281,0.1497423515065504,0.2762909874665161,0.0,0.0,0.1487360389923835,0.7999733080044729,0.4891843146316344,0.0,0.0,0.1574622605555048,0.5766420606702876,0.3997008210710929,0.3484052167252096,0.4875577671432112,0.3024986020363006,0.079170601167793,0.0,0.0,0.0,0.0,0.0,0.0,0.0,0.0,0.0,0.0,0.0,0.0,0.0,0.0,0.3209630393645201,0.0,0.0,0.0,0.2326312406996591,0.0,0.1331200632747394,0.0,0.0,0.0,0.0,0.0,0.0,0.4925197105060924,0.0,0.0,0.0,0.0,0.8874818847626407,0.1109990709953321,0.8138774353298986,0.4177627104766562,0.0,0.0,0.2762007528435181,0.3164859660543017,0.3926037723244683,0.1424182850722317,0.0,0.3462100524334195
0.1302322530905565,0.3790680498643173,0.0,0.0,0.0,0.2381834737049985,0.0,0.2158429569440121,0.0,0.0,0.0,0.0,0.2289050275847131,0.0,0.1558273251730808,0.199556834230984,0.0,0.3715419056351586,0.0,0.1487360389923835,0.0,0.2200405919533021,0.216196240382518,0.431626173712995,0.3776322011274747,0.4139247533087502,0.1481647996963322,0.0448599191667442,0.3713168678336093,0.3144609032979992,0.2803507767230695,0.3481806012195073,0.2508092881137614,0.0,0.0,0.0761338170345854,0.0,0.0,0.3640253537730826,0.3612940125022005,0.1651515258291613,0.1258498938739047,0.0,0.0,0.0,0.4949040720540374,0.4298538469638225,0.0,0.0,0.0,0.0,0.0,0.1246264897740322,0.0,0.0,0.0,0.0,0.0,0.0,0.0165954259913757,0.2975173090805997,0.0,0.0,0.0,0.0755869157550302,0.7256277393612669,0.2606876127075807,0.0,0.0,0.4253449680167186,0.4704321621985097,0.0,0.1518954076147735,0.0553257146413587,0.0,0.4159572297400719
0.3122181119788008,0.4720426470964441,0.0,0.0,0.313402087778639,0.3557766994720927,0.1083609519987274,0.3233494326785108,0.6372762914114208,0.3283295228738914,0.0,0.0,0.3072206354256861,0.0,0.712215744338178,0.489296620809935,0.3263961327869094,0.4147139372706655,0.0,0.7999733080044729,0.2200405919533021,0.0,0.4431584115594285,0.0,0.3376346633812501,0.3313568981566907,0.5456677860152476,0.4631186960282894,0.0,0.3894553834336618,0.5351727197442006,0.0535801509751555,0.0878606939347634,0.0,0.0,0.1415739941445966,0.0,0.0,0.0226390851861296,0.0,0.0,0.0,0.0,0.0,0.0,0.4357648008313833,0.0690776304592188,0.0,0.0,0.0,0.2987198812061589,0.0,0.0,0.0,0.0,0.0,0.0,0.0,0.0,0.7009986978526326,0.0334511164578099,0.0,0.1191212424552749,0.0,0.8585620814446292,0.3814469587859121,0.6178674976375153,0.507647913455864,0.0,0.0,0.3082768533754016,0.5026130916895376,0.0,0.3566039072613463,0.0,0.1623237833674058
0.2462587247619698,0.1868525946310741,0.7739840096733198,0.0858764238006041,0.2562987478192443,0.7120881667390617,0.1076667638628248,0.7020765961484435,0.508062601074187,0.3109570388917674,0.3784774495899362,0.0,0.3916248157290568,0.2011706369320512,0.5226579214293781,0.2285205691572658,0.0,0.2800674585755754,0.6461670101034952,0.4891843146316344,0.216196240382518,0.4431584115594285,0.0,0.2139891260503614,0.1209292610966836,0.2752022718834931,0.579912623311929,0.4933886390581201,0.0,0.2619846557272844,0.0681138988561727,0.0,0.0,0.0,0.0,0.1990295441486157,0.0,0.0,0.0,0.0,0.0,0.0,0.197953757651448,0.0,0.0,0.0,0.1311896128436045,0.705325616694594,0.0,0.3424070399331575,0.5185568303205854,0.4098884884429907,0.6680147936757349,0.5129961325696463,0.0,0.5516993007033525,0.0,0.2624474912966664,0.1828094998703336,0.457552880317392,0.0,0.0,0.0,0.6380565824113476,0.4573784359047411,0.1910823621540226,0.2794044038036212,0.8083600458168508,0.0,0.0,0.2574764224254718,0.3785335110955208,0.3569739037745866,0.1341816749185598,0.4236497903065815,0.0
0.6171254458676911,0.0,0.0,0.0,0.0,0.0,0.2480092399484952,0.4786976423627484,0.0,0.6779214271401782,0.0,0.6171172586923007,0.4083034353492536,0.0,0.0933709623063427,0.4561681026426067,0.5654212942425172,0.5522217059243166,0.0,0.0,0.431626173712995,0.0,0.2139891260503614,0.0,0.524183030448371,0.6719566090896067,0.0690762426617753,0.244379206738335,0.0,0.0,0.5054462752078686,0.0615898765220466,0.5067819658608416,0.224868319802125,0.0,0.2069564383752941,0.0,0.2926607497442269,0.1371259222033633,0.3899582116860008,0.0,0.0,0.0,0.0,0.1868889834427107,0.6046978080891859,0.0,0.0,0.0,0.0,0.0,0.0,0.0,0.0,0.650385062699832,0.0,0.6961376373104997,0.0,0.0,0.0,0.0061664927475027,0.4191293300749755,0.2394663342858948,0.0,0.0,0.0,0.0,0.0,0.869905943641558,0.0426705235479117,0.5891901811381338,0.0,0.0,0.0,0.0,0.1574465948761704
0.6564505996206844,0.6652756685464141,0.0,0.0,0.0546737946672945,0.3310340851662924,0.3226057776642006,0.3059970978547778,0.0,0.7190452224290452,0.0,0.2324921109258312,0.4396519528815002,0.0,0.1276589396537777,0.6863552532944293,0.4743270501484625,0.5763556907983994,0.0,0.0,0.3776322011274747,0.3376346633812501,0.1209292610966836,0.524183030448371,0.0,0.6244433496551047,0.266284956022932,0.1029592180751952,0.0,0.0,0.3769901891400083,0.0,0.448534641440375,0.056999007352487,0.0,0.0,0.0,0.2314037801372106,0.0584109670891186,0.123222817516898,0.0,0.0,0.0,0.0,0.0,0.4183036685266854,0.0,0.0,0.0,0.0,0.0,0.0,0.0,0.0,0.7765819768527216,0.0,0.3950341058071266,0.0,0.0,0.0,0.0,0.3440944007896942,0.2495570439197303,0.0,0.2170186137974497,0.5959227978091937,0.0,0.0,0.4662248572861386,0.0,0.410410875761796,0.0,0.0,0.0,0.0,0.0105294866904495
0.4315078112549608,0.7037305879928201,0.0,0.0,0.0,0.258836156905143,0.0972030381568722,0.4895945321027968,0.0,0.5047758086152815,0.0,0.6514071882055312,0.2956732136128716,0.0,0.0984693775432253,0.3947467575515446,0.4612618228142979,0.6259546736536937,0.0,0.1574622605555048,0.4139247533087502,0.3313568981566907,0.2752022718834931,0.6719566090896067,0.6244433496551047,0.0,0.0062035103827085,0.1130628279075158,0.0892793640236622,0.0,0.2722866815325987,0.2581882181176043,0.2123989552210945,0.0,0.0,0.0,0.0,0.2517115338445325,0.1972756895808012,0.3828737047406979,0.0891965166129512,0.0,0.0,0.0,0.288532959760194,0.3700134157811406,0.2843423439732568,0.0,0.0,0.0,0.0,0.0,0.0,0.0,0.5349487304231092,0.0,0.5617726240267134,0.0,0.0,0.115324141621339,0.2271204066129686,0.5834651058369303,0.4488975457932798,0.0,0.2544708456738634,0.3673166454417464,0.2766203007052497,0.2279392338957977,0.6298141144938408,0.3084802282402734,0.8487360183380823,0.0277009121068902,0.0,0.3119477850159842,0.0,0.2724700015599061
0.3408275494222884,0.2159880517008832,0.6552924780074473,0.1804626828546287,0.4975890599755298,0.7371014898295022,0.2132666179817323,0.2157510815929627,0.7744641935670863,0.3419408558150166,0.433617650213578,0.0,0.3478492360783783,0.2685506566411304,0.5885650775297188,0.3556922517940504,0.0,0.212374878423243,0.5626309340386293,0.5766420606702876,0.1481647996963322,0.5456677860152476,0.579912623311929,0.0690762426617753,0.266284956022932,0.0062035103827085,0.0,0.2823790869609436,0.0,0.1642271168112394,0.2287569563370185,0.0,0.1095435901993046,0.0,0.0,0.2474321619188111,0.0,0.0,0.0,0.0,0.0,0.0,0.4154091302554092,0.0,0.0,0.0,0.107499554099804,0.5359414806586992,0.0,0.0,0.6825317086889205,0.5359354623079804,0.4008912684003239,0.8024104375828063,0.0,0.4939757171621762,0.0,0.22269816440464,0.1350261560906922,0.4502959320107489,0.0,0.0,0.0,0.4632182032749538,0.5329288935075124,0.1986896297176176,0.1735461024643774,0.6151544383040525,0.0,0.0,0.0746042295275356,0.8035022077486007,0.2716966591608719,0.3760785431935704,0.3934046522077377,0.0
0.2722961666104795,0.1108194043324031,0.5529990358312311,0.3642513271495105,0.5109623183161024,0.415164046757326,0.3401387816033669,0.3484999541009411,0.5139270364452657,0.2950331456112154,0.5018298083326507,0.3337550076466352,0.7147569468498368,0.0837219047774271,0.3515349867291391,0.3609393496345583,0.5925404960721534,0.4694240898445641,0.5100964770729803,0.3997008210710929,0.0448599191667442,0.4631186960282894,0.4933886390581201,0.244379206738335,0.1029592180751952,0.1130628279075158,0.2823790869609436,0.0,0.0,0.6089278790365517,0.2305309937119856,0.0,0.0824176425434742,0.0,0.0,0.4060122684325304,0.0989609672008228,0.0650109069259433,0.0,0.0,0.0,0.0,0.410756364864643,0.0,0.0,0.0,0.0,0.0,0.0,0.0,0.4334927161354855,0.0,0.4578397137455688,0.0,0.0,0.0,0.0,0.0,0.0,0.4541565152661357,0.0,0.0,0.0,0.0,0.4928654893154888,0.2321153092336455,0.0,0.4765100776814341,0.0,0.0,0.0,0.3624526741666389,0.8117186338323983,0.2686878662940595,0.0,0.039267431823605
0.0,0.1423443357574023,0.0,0.0,0.0,0.1051567180351124,0.0,0.0,0.0,0.0,0.0,0.0,0.0,0.0,0.0,0.0,0.0,0.0825215739084946,0.0,0.3484052167252096,0.3713168678336093,0.0,0.0,0.0,0.0,0.0892793640236622,0.0,0.0,0.0,0.1843803095458184,0.0,0.3821096709563187,0.0,0.0,0.132548655564569,0.0,0.0662082273407971,0.0,0.1871572413352876,0.0,0.4444113442863553,0.5393436619599712,0.0,0.0,0.0,0.0,0.7183029681058332,0.0,0.0,0.0,0.0,0.0,0.0,0.0,0.0,0.0,0.0,0.3106241493281929,0.0,0.0,0.0,0.0,0.0,0.0,0.0230957435329666,0.0,0.4568019380518889,0.0,0.0,0.0,0.305393439420341,0.0,0.0,0.0,0.0,0.47329502789314
0.0,0.0,0.2433299590721147,0.0,0.0,0.2961737172736968,0.0,0.0291904600240432,0.295218640783238,0.0,0.0,0.0,0.3342285794993487,0.0,0.0,0.1250296491166175,0.0,0.0,0.0,0.4875577671432112,0.3144609032979992,0.3894553834336618,0.2619846557272844,0.0,0.0,0.0,0.1642271168112394,0.6089278790365517,0.1843803095458184,0.0,0.325104062188515,0.0,0.0,0.0,0.0,0.0,0.0,0.0,0.0,0.0,0.0,0.0,0.0,0.0,0.0,0.0,0.0,0.0,0.0,0.0,0.0,0.0,0.0,0.0,0.0,0.0,0.0,0.0,0.0,0.0,0.0,0.0,0.0,0.0,0.517596742499676,0.0,0.0,0.2410041887403408,0.0,0.0,0.0,0.1547584333677572,0.0,0.0,0.0,0.0
0.579638449686017,0.3560616469426919,0.2777447367289954,0.0,0.2974918382901041,0.1248692222360657,0.2693107033044629,0.2131892747241402,0.356039545304595,0.4514589954538546,0.276711678123568,0.2006826179676702,0.2460851325075141,0.2205342521225773,0.2285251830950685,0.4734830731896741,0.2804422022545076,0.3604147932135145,0.3023401711019524,0.3024986020363006,0.2803507767230695,0.5351727197442006,0.0681138988561727,0.5054462752078686,0.3769901891400083,0.2722866815325987,0.2287569563370185,0.2305309937119856,0.0,0.325104062188515,0.0,0.1885326380006268,0.4079744396620416,0.279453445726784,0.1360524253774454,0.2770505531662901,0.0,0.1341001270842512,0.2190736752469344,0.1303521350983881,0.0,0.0,0.0,0.0,0.0,0.6800793084014447,0.0,0.0,0.0,0.0,0.1738128971254811,0.0,0.232722481026992,0.0,0.4021034454331586,0.0,0.3005339411295243,0.0,0.0,0.3034198905447928,0.0,0.0,0.0365582628947935,0.0,0.3665208810970156,0.5157283619146995,0.2091650133289488,0.2553472721858882,0.4461552457686673,0.0,0.2562531847803777,0.3528382980958044,0.2008728455338422,0.3548581670886151,0.0,0.1524991804641239
0.0,0.3294585964914689,0.0,0.0,0.0,0.0,0.0,0.0,0.0,0.0,0.0,0.0,0.0,0.0,0.0,0.0,0.0,0.012732883787296,0.0,0.079170601167793,0.3481806012195073,0.0535801509751555,0.0,0.0615898765220466,0.0,0.2581882181176043,0.0,0.0,0.3821096709563187,0.0,0.1885326380006268,0.0,0.0,0.0,0.4016689744210538,0.0,0.0,0.0,0.8490546634779956,0.4962290165169724,0.5954751429217566,0.7171953992961607,0.0,0.0,0.427233803679181,0.1129177080207106,0.4768098844657153,0.0,0.0,0.0,0.0,0.0,0.0,0.0,0.0,0.0,0.0,0.0,0.0,0.0,0.4867984697972589,0.0,0.2899753468354548,0.0,0.0,0.136762996003857,0.3371981779502578,0.0,0.1467468826375947,0.5052270012438951,0.3615740930977084,0.0,0.0,0.0,0.0,0.4580484985900755
0.556644898011041,0.1564920926034764,0.0,0.0,0.2234668531815443,0.131231576689905,0.3995410911103128,0.292968096165251,0.1299149106287313,0.6502998264555988,0.2750666644543023,0.1569673095464161,0.3727840540827208,0.0,0.0,0.5088472945448147,0.3123657208098901,0.2170649680831587,0.0,0.0,0.2508092881137614,0.0878606939347634,0.0,0.5067819658608416,0.448534641440375,0.2123989552210945,0.1095435901993046,0.0824176425434742,0.0,0.0,0.4079744396620416,0.0,0.0,0.6859454898282409,0.0088384474673767,0.413074068630593,0.0741693204757466,0.0937460567084719,0.2087748180635449,0.1910934531890764,0.0,0.0,0.0,0.0,0.0,0.3408361615238986,0.0,0.0,0.0,0.0,0.0,0.0,0.0,0.0,0.5324453986864701,0.0,0.2454455921844497,0.0,0.0,0.0255406759928907,0.0,0.0,0.0,0.0,0.0,0.3998725002493614,0.0,0.0918687375559396,0.396632320901303,0.0,0.1031310368523783,0.1920874488621214,0.0,0.1373390714341596,0.0,0.0
0.2881617288763385,0.0,0.0,0.4763685991936497,0.15846045295079,0.0,0.3140649866912196,0.0188829714158179,0.0,0.2747029637190421,0.0238798161539975,0.006012344788596,0.1496362408462516,0.0086703681903121,0.0,0.136627682051592,0.0341734322939253,0.0,0.0,0.0,0.0,0.0,0.0,0.224868319802125,0.056999007352487,0.0,0.0,0.0,0.0,0.0,0.279453445726784,0.0,0.6859454898282409,0.0,0.3094710493147209,0.3779797073839384,0.2040686486434657,0.0,0.1949296434458751,0.1620866478283903,0.0,0.0,0.1771509380912833,0.0,0.0,0.1164057053506224,0.0,0.0,0.0,0.0,0.0,0.0,0.0945983686020915,0.0,0.0984228817471239,0.0,0.0091674774967727,0.0,0.0,0.0,0.0,0.0,0.0,0.0,0.0,0.0966412107906785,0.0,0.0,0.1694608465136711,0.0,0.0,0.0101579808801903,0.0,0.0,0.0,0.0
0.0,0.0,0.0,0.0238856986985643,0.0,0.0,0.0485261435909296,0.0,0.0,0.0,0.0,0.0,0.0,0.0,0.0,0.0,0.0,0.0,0.0,0.0,0.0,0.0,0.0,0.0,0.0,0.0,0.0,0.0,0.132548655564569,0.0,0.1360524253774454,0.4016689744210538,0.0088384474673767,0.3094710493147209,0.0,0.0,0.1132269323433627,0.0,0.3884058941646314,0.100936826493418,0.2198106445778108,0.3490715781230293,0.0,0.0,0.0256391593274283,0.0,0.0009028537090503,0.0,0.0,0.0,0.0,0.0,0.0,0.0,0.0,0.0,0.0,0.0,0.0,0.0,0.0,0.0,0.0,0.0,0.0,0.0,0.0,0.0,0.0,0.0335112965321549,0.0,0.0,0.0,0.0,0.0,0.0
0.0,0.0,0.2615907222300401,0.5868788701733293,0.4206144233051549,0.2632237525809044,0.3274125498509304,0.2584187083385988,0.2593634027856646,0.3626777387624572,0.4377212512004653,0.0270169401799072,0.4815625615106154,0.2228251593555928,0.1174907992026294,0.0,0.0,0.0,0.2417586803295169,0.0,0.0761338170345854,0.1415739941445966,0.1990295441486157,0.2069564383752941,0.0,0.0,0.2474321619188111,0.4060122684325304,0.0,0.0,0.2770505531662901,0.0,0.413074068630593,0.3779797073839384,0.0,0.0,0.2358465165671127,0.0,0.0,0.0,0.0,0.0,0.6132084029564493,0.2229766629146209,0.0,0.0,0.0,0.120093515252931,0.0,0.0,0.3267254825822729,0.1418500367960646,0.4192017989472832,0.3139291353439387,0.0,0.1667066906928608,0.2198462997141505,0.0213315402304887,0.2965645182267167,0.0,0.0,0.0,0.0,0.096438616422174,0.0,0.0,0.0,0.2639883607687975,0.0,0.0,0.0,0.3856897896417192,0.2051129528271741,0.2418283603072275,0.0,0.0
0.0,0.0,0.0,0.2286911786290362,0.0258384990191644,0.0,0.1718597255353305,0.0,0.0,0.0,0.0,0.0568121847336082,0.1183529186986345,0.0,0.0,0.0,0.0,0.0,0.0,0.0,0.0,0.0,0.0,0.0,0.0,0.0,0.0,0.0989609672008228,0.0662082273407971,0.0,0.0,0.0,0.0741693204757466,0.2040686486434657,0.1132269323433627,0.2358465165671127,0.0,0.0,0.0,0.0,0.134594622991053,0.0,0.0,0.0,0.0,0.0,0.0,0.0,0.0,0.0,0.0,0.0,0.0,0.0,0.0,0.0,0.0,0.0,0.0,0.0,0.0,0.0,0.0,0.0,0.0,0.0,0.0,0.0,0.0,0.0,0.0,0.0,0.0,0.0,0.0,0.0
0.0,0.0,0.0,0.0,0.0672230839427205,0.0,0.0735586600823134,0.0,0.1873850224769281,0.2355712752216065,0.1318428585332982,0.3101944150001586,0.1314342119534954,0.0,0.0,0.0,0.142912803674061,0.0,0.0,0.0,0.0,0.0,0.0,0.2926607497442269,0.2314037801372106,0.2517115338445325,0.0,0.0650109069259433,0.0,0.0,0.1341001270842512,0.0,0.0937460567084719,0.0,0.0,0.0,0.0,0.0,0.0,0.1446603741393093,0.0366915853544609,0.0,0.0,0.0,0.299396623040385,0.0,0.0,0.0,0.0,0.0,0.0,0.0,0.0,0.0,0.2105551691769815,0.0,0.2717812046969613,0.0,0.0,0.0,0.0,0.0,0.0,0.0,0.0,0.0,0.0,0.0,0.1708942187540368,0.0,0.1801068937078897,0.0,0.0,0.0,0.0,0.0
0.0,0.2927718435610105,0.0,0.0,0.0,0.0,0.0,0.0,0.0,0.0,0.0,0.0,0.0,0.0,0.0,0.0,0.0,0.0,0.0,0.0,0.3640253537730826,0.0226390851861296,0.0,0.1371259222033633,0.0584109670891186,0.1972756895808012,0.0,0.0,0.1871572413352876,0.0,0.2190736752469344,0.8490546634779956,0.2087748180635449,0.1949296434458751,0.3884058941646314,0.0,0.0,0.0,0.0,0.4645895942485079,0.3657203317400772,0.5072031096370176,0.0,0.0,0.2728667078864323,0.1313230601115429,0.3367315244383994,0.0,0.1844156919864335,0.0,0.0,0.0,0.0,0.0,0.0,0.0,0.0,0.0,0.0,0.0,0.1764758198361253,0.0213470659922677,0.0369080372813875,0.0,0.0,0.2613495790464131,0.0913501676492762,0.0,0.1810211959577789,0.2832313732211136,0.2565526233466364,0.0,0.0,0.0,0.0,0.181976113986617
0.0389921935171222,0.2627417107242549,0.0,0.0,0.0,0.0,0.0,0.0,0.0,0.0,0.0,0.1517076276124939,0.0,0.0,0.0,0.0,0.0475226892294088,0.1311261226232114,0.0,0.0,0.3612940125022005,0.0,0.0,0.3899582116860008,0.123222817516898,0.3828737047406979,0.0,0.0,0.0,0.0,0.1303521350983881,0.4962290165169724,0.1910934531890764,0.1620866478283903,0.100936826493418,0.0,0.0,0.1446603741393093,0.4645895942485079,0.0,0.5844775510848144,0.4535789423563633,0.0,0.0,0.456001685727091,0.3353192235761381,0.4533365337890703,0.0,0.0,0.0,0.0,0.0,0.0,0.0,0.1126610537173084,0.0,0.1749901683287726,0.1852791763197331,0.0,0.0,0.4165610137595514,0.329613794994408,0.3681504116206012,0.0,0.0,0.1862352987160194,0.2101358468616202,0.0,0.5076489675177299,0.5113405508616149,0.5620221663989843,0.0,0.0,0.0,0.0508295424793583,0.4261571285633237
0.0,0.0840967290539785,0.0,0.0,0.0,0.0,0.0,0.0,0.0,0.0,0.0,0.0,0.0,0.0,0.0,0.0,0.0,0.0196344740386958,0.0,0.0,0.1651515258291613,0.0,0.0,0.0,0.0,0.0891965166129512,0.0,0.0,0.4444113442863553,0.0,0.0,0.5954751429217566,0.0,0.0,0.2198106445778108,0.0,0.134594622991053,0.0366915853544609,0.3657203317400772,0.5844775510848144,0.0,0.8170424164986454,0.0,0.0,0.4449230575566479,0.0873191932204405,0.4137422884264229,0.0,0.0,0.0,0.0,0.0,0.0,0.0,0.0,0.0,0.0,0.1897527632661699,0.0,0.0,0.6661219420898497,0.2205038020473402,0.4869448719535922,0.0,0.0,0.0,0.3272053381204579,0.0,0.1433977558270217,0.5061274182463084,0.2149248390683327,0.0,0.0,0.0,0.0750881009768037,0.7021228424555265
0.0,0.0,0.0,0.0,0.0,0.0,0.0,0.0,0.0,0.0,0.0,0.0,0.0,0.0,0.0,0.0,0.0,0.0,0.0,0.0,0.1258498938739047,0.0,0.0,0.0,0.0,0.0,0.0,0.0,0.5393436619599712,0.0,0.0,0.7171953992961607,0.0,0.0,0.3490715781230293,0.0,0.0,0.0,0.5072031096370176,0.4535789423563633,0.8170424164986454,0.0,0.0,0.0,0.3917928388618016,0.0,0.462682235122339,0.0,0.0,0.0,0.0,0.0,0.0,0.0,0.0,0.0,0.0,0.0713057211313103,0.0,0.0,0.6075045278386111,0.1742185591383384,0.377216166114237,0.0,0.0,0.0,0.3169986426687948,0.0,0.0,0.5511291946090622,0.1942294385700554,0.0,0.0,0.0,0.0,0.6391008119306242
0.0,0.0,0.3902329084239623,0.0,0.4454220593515415,0.4478470978949082,0.0,0.216406675665382,0.4771897717242019,0.0,0.4820408099544285,0.0,0.5521894101509353,0.1865299888366845,0.0,0.0,0.0,0.0,0.3387680743343895,0.0,0.0,0.0,0.197953757651448,0.0,0.0,0.0,0.4154091302554092,0.410756364864643,0.0,0.0,0.0,0.0,0.0,0.1771509380912833,0.0,0.6132084029564493,0.0,0.0,0.0,0.0,0.0,0.0,0.0,0.4223988064919758,0.0,0.0,0.0,0.163885759296387,0.1513079562189356,0.5804187987294485,0.5171334940534176,0.3578391642147549,0.4529168868122958,0.592632541384289,0.5201986750989293,0.2547726508608438,0.4103583686382467,0.1770940801364536,0.2730539215169625,0.3587706016876762,0.0,0.1219381897452045,0.0,0.1388297214700437,0.1655963735401546,0.4990614026378923,0.0,0.3287041215027865,0.2454886618196365,0.0,0.0,0.5521277004273651,0.4198146648719058,0.3234642136574256,0.0,0.0
0.0,0.0,0.0,0.0,0.0,0.0,0.0,0.0,0.0,0.0,0.0,0.0,0.0,0.0,0.0,0.0,0.0,0.0,0.0,0.0,0.0,0.0,0.0,0.0,0.0,0.0,0.0,0.0,0.0,0.0,0.0,0.0,0.0,0.0,0.0,0.2229766629146209,0.0,0.0,0.0,0.0,0.0,0.0,0.4223988064919758,0.0,0.0,0.0,0.0,0.2325325384499731,0.0,0.3147907875621613,0.3228127705811239,0.1675628245395561,0.1238332267573235,0.3567575764327412,0.2598976458113906,0.2176640347439441,0.4078837998800124,0.0865362835125593,0.0616135282414059,0.0,0.0,0.0,0.0,0.176587808988926,0.0,0.0,0.0,0.222921020408615,0.0,0.0,0.0,0.2958152651646807,0.4488159783062422,0.1736493996720614,0.0,0.2066673320529216
0.0,0.0,0.0,0.0,0.0,0.0,0.0,0.0,0.0,0.0,0.0,0.245863952802962,0.0,0.0,0.0,0.0,0.0,0.0,0.0,0.0,0.0,0.0,0.0,0.1868889834427107,0.0,0.288532959760194,0.0,0.0,0.0,0.0,0.0,0.427233803679181,0.0,0.0,0.0256391593274283,0.0,0.0,0.299396623040385,0.2728667078864323,0.456001685727091,0.4449230575566479,0.3917928388618016,0.0,0.0,0.0,0.1389271848651999,0.0,0.0,0.0,0.0,0.0,0.0,0.0,0.0,0.0,0.0,0.0572197927022869,0.0892148971823446,0.0,0.0,0.0,0.2378555177091198,0.0,0.0,0.0,0.0,0.0,0.0,0.2395696384662159,0.3003176414358008,0.3633993577108232,0.0,0.0710243151186953,0.0,0.0,0.3712601092905475
0.641451623073906,0.3553053501453317,0.0,0.0,0.0,0.0,0.0,0.0,0.0,0.0,0.0,0.0,0.0,0.0,0.0,0.4476668224665025,0.0,0.4010082556714522,0.0,0.0,0.4949040720540374,0.4357648008313833,0.0,0.6046978080891859,0.4183036685266854,0.3700134157811406,0.0,0.0,0.0,0.0,0.6800793084014447,0.1129177080207106,0.3408361615238986,0.1164057053506224,0.0,0.0,0.0,0.0,0.1313230601115429,0.3353192235761381,0.0873191932204405,0.0,0.0,0.0,0.1389271848651999,0.0,0.0442834864114088,0.0,0.0,0.0,0.1947595873156612,0.0,0.1325885504249739,0.0,0.4407690399912559,0.0,0.4224709525365067,0.1894365153219497,0.0,0.3036838232218002,0.1179022193969519,0.0,0.1937600936325555,0.0,0.3643765716432167,0.6972130133614209,0.2984535892711836,0.2109678805071049,0.5817705390427537,0.0,0.4244476915346608,0.3089765188600279,0.338532834484102,0.3618109723039851,0.0,0.3473901612954307
0.0,0.4725741951412658,0.0,0.0,0.0,0.0,0.0,0.0,0.0,0.0,0.0,0.0,0.0,0.0,0.0,0.0,0.0,0.1925931913846141,0.0,0.3209630393645201,0.4298538469638225,0.0690776304592188,0.1311896128436045,0.0,0.0,0.2843423439732568,0.107499554099804,0.0,0.7183029681058332,0.0,0.0,0.4768098844657153,0.0,0.0,0.0009028537090503,0.0,0.0,0.0,0.3367315244383994,0.4533365337890703,0.4137422884264229,0.462682235122339,0.0,0.0,0.0,0.0442834864114088,0.0,0.0,0.0,0.0,0.0,0.0599266091240749,0.0,0.0,0.0,0.0,0.0,0.3707445226987441,0.0,0.0,0.6571712779089558,0.3791115489416129,0.4876946568206333,0.0,0.1002085194675315,0.119551760519185,0.5005762310978553,0.0,0.0,0.8378821930087953,0.5379985573362649,0.0,0.0,0.0,0.0,0.5332855606388881
0.0,0.0,0.880374684191923,0.0,0.4680448636164783,0.4665075108915372,0.0,0.3834542301241403,0.6449588704229823,0.0,0.5419597935981844,0.0,0.3929658337090059,0.2068131047131096,0.0,0.0,0.0,0.0,0.7722290091890657,0.0,0.0,0.0,0.705325616694594,0.0,0.0,0.0,0.5359414806586992,0.0,0.0,0.0,0.0,0.0,0.0,0.0,0.0,0.120093515252931,0.0,0.0,0.0,0.0,0.0,0.0,0.163885759296387,0.2325325384499731,0.0,0.0,0.0,0.0,0.0,0.4057485840703044,0.4317386379342839,0.4718633767403987,0.508049080334882,0.6044066318917923,0.0,0.8235782770749538,0.0,0.2698814569104433,0.1452486833257591,0.0,0.0,0.0,0.0,0.8406439386996658,0.0,0.0,0.0,0.6341122057967474,0.0,0.0,0.0,0.4391623866983666,0.5125667446893885,0.1493063032981242,0.4034906057385052,0.0676897719777814
0.0,0.0,0.0,0.0,0.0,0.0,0.0,0.0,0.0,0.0,0.0,0.0,0.0,0.0,0.0,0.0,0.0,0.0,0.0,0.0,0.0,0.0,0.0,0.0,0.0,0.0,0.0,0.0,0.0,0.0,0.0,0.0,0.0,0.0,0.0,0.0,0.0,0.0,0.1844156919864335,0.0,0.0,0.0,0.1513079562189356,0.0,0.0,0.0,0.0,0.0,0.0,0.0860684018652184,0.0,0.1669440260650448,0.1079116058092164,0.0,0.0,0.0,0.0,0.2671285793952577,0.0413067344722226,0.0,0.0,0.0,0.0,0.0,0.0,0.0,0.0,0.0,0.0,0.0,0.0,0.0,0.0,0.0,0.0,0.0
0.0,0.0,0.5083179539951892,0.0,0.0,0.0,0.0,0.1833417705814001,0.0,0.0,0.419360334004946,0.0,0.0,0.0,0.0,0.0,0.0,0.0,0.0,0.0,0.0,0.0,0.3424070399331575,0.0,0.0,0.0,0.0,0.0,0.0,0.0,0.0,0.0,0.0,0.0,0.0,0.0,0.0,0.0,0.0,0.0,0.0,0.0,0.5804187987294485,0.3147907875621613,0.0,0.0,0.0,0.4057485840703044,0.0860684018652184,0.0,0.7117254097213427,0.6716488695011823,0.481005609273451,0.7665558232289212,0.4026066069778824,0.3980927770991987,0.291500516483523,0.2740975202810168,0.3252621379413285,0.0,0.0,0.0,0.0,0.2640410479722982,0.0,0.0,0.0,0.4918640039750961,0.0,0.0,0.0,0.6866121507833112,0.3978136080266128,0.0,0.0,0.0
0.0,0.0,0.5105620382110181,0.0,0.0,0.8071236690398432,0.411262893978686,0.2520664306042929,0.641105361916475,0.0,0.3381007268778077,0.0,0.4823901871547557,0.0,0.3614128208537271,0.0,0.0,0.0,0.4104418409981722,0.2326312406996591,0.0,0.2987198812061589,0.5185568303205854,0.0,0.0,0.0,0.6825317086889205,0.4334927161354855,0.0,0.0,0.1738128971254811,0.0,0.0,0.0,0.0,0.3267254825822729,0.0,0.0,0.0,0.0,0.0,0.0,0.5171334940534176,0.3228127705811239,0.0,0.1947595873156612,0.0,0.4317386379342839,0.0,0.7117254097213427,0.0,0.6130095811310653,0.4975181739479723,0.726330437153043,0.4316151895384277,0.3113428090483034,0.0,0.3584496953799738,0.332100985810189,0.413035538139086,0.0,0.1691979936551199,0.0710899501736855,0.2521167260888401,0.3993987826886616,0.1587682131086116,0.0,0.7369933414176711,0.0,0.0,0.0,0.8141580139354898,0.4474462866475723,0.5321348005285916,0.4366373137556151,0.0
