0.0,0.2210906189169678,0.0,0.0,0.0,0.1213740399804724,0.0,0.3084267803024398,0.0,0.3295124299578288,0.0,0.3607453770980055,0.0,0.0,0.050886402668853,0.1898274864014762,0.3009081457635363,0.0974117594665451,0.0,0.2635780140158861,0.4842711982411327,0.3026260071876517,0.0,0.428303493887827,0.1938412596175094,0.4985332534616698,0.0,0.4895440040516245,0.083440823766079,0.0,0.4953792740892552,0.2945619769133823,0.4540366858536124,0.3688734541943599,0.0521562059138463,0.0,0.0,0.0,0.1681914627547444,0.4742701026699614,0.1332332308835131,0.0,0.0,0.0,0.0,0.5431200973252086,0.0,0.0,0.0,0.0,0.0,0.0,0.0,0.0,0.2398476061694072,0.0,0.0,0.0,0.0,0.0,0.1855385454221008,0.0,0.1717413974518711,0.0,0.0,0.4782956610580562,0.3165597980525607,0.0,0.375234775015022,0.0495979500881713,0.4929786002349319,0.0,0.0,0.0,0.0,0.0
0.2210906189169678,0.0,0.0,0.0,0.2475661063436068,0.6762052533320223,0.4169773170549096,0.3244407920093041,0.2558918419493262,0.0,0.0,0.0,0.5150909233915631,0.0,0.1664085817113814,0.558252733995082,0.0,0.6794522189267574,0.0,0.0,0.0,0.4444633511858327,0.3308944806405137,0.0,0.6255749606832582,0.5626362685497956,0.0829296616899648,0.1085136046058435,0.0674464361900416,0.0,0.0127412430770387,0.4121456205378211,0.3522182284480403,0.1737427597250723,0.0723137331625737,0.0,0.0,0.0,0.1721520030993472,0.3203879355216351,0.1556661901990863,0.0,0.0,0.0,0.0,0.0,0.0913625855030783,0.0,0.0,0.0,0.0,0.0,0.0,0.0,0.0,0.0,0.0,0.0,0.0,0.0,0.4058886594166244,0.0,0.174580853912648,0.0,0.1472143468775622,0.0,0.1846962483043897,0.4004379557857127,0.0,0.5582393554064177,0.3175176277249683,0.4361576927033616,0.0,0.3982384877398195,0.0,0.0770456397332311
0.0,0.0,0.0,0.0,0.3123592553379984,0.3397432146714828,0.07331993452533,0.308519898609529,0.2092196009444769,0.1748359245720062,0.5869694500810266,0.0,0.1681732962044558,0.2039772793281145,0.0,0.0,0.0,0.0,0.6125979962028011,0.0,0.0,0.0,0.6640458988873515,0.0,0.0,0.0,0.2639307613651923,0.2074050060321815,0.0,0.1145476646980044,0.2756941634249444,0.4550168295398265,0.0,0.1926338202064654,0.2933048243714048,0.0,0.0124544250821456,0.0,0.4192557243311881,0.0,0.0,0.0,0.0,0.0,0.0,0.0,0.0,0.3391388211269348,0.0,0.0545137849506694,0.4243110948492921,0.0,0.2630449367786087,0.4213375478090935,0.0,0.4606101457079359,0.0,0.0,0.1114502204552556,0.0,0.0,0.0,0.0,0.4907195698440669,0.0,0.0,0.0,0.4611215406576243,0.0,0.0,0.0,0.3924397359347132,0.0,0.0,0.0,0.0
0.0,0.0,0.0,0.0,0.6040599650145937,0.229069015910036,0.3793905255169185,0.1983632621863061,0.0221956245972659,0.0,0.122343328370064,0.0,0.2046992759711075,0.272338622908619,0.0,0.0,0.0,0.0,0.1629465629786566,0.0,0.0,0.0,0.0874658683357642,0.0,0.0,0.0,0.0326645158160391,0.0958835551945344,0.0,0.0,0.0,0.3769982879585343,0.0,0.1637081435505869,0.076719322051519,0.1785842167322724,0.3436261118644952,0.0,0.0,0.0,0.0,0.0,0.0,0.0,0.0,0.0,0.0,0.0,0.0,0.0,0.0,0.0,0.0,0.0,0.0,0.0,0.0,0.0,0.0,0.0,0.0,0.0,0.0,0.0,0.0,0.0,0.0,0.0,0.0,0.0,0.0,0.0,0.0,0.0,0.0,0.0
0.0,0.2475661063436068,0.3123592553379984,0.6040599650145937,0.0,0.2065480081582634,0.5901971068464007,0.0901149371762089,0.0966421340871492,0.1341741172575719,0.4527726204282027,0.0343876360886838,0.1501093441914028,0.3458083388331624,0.0,0.0,0.0,0.0,0.1129673692873749,0.0303574032436635,0.0,0.3374348792127909,0.2613191373636649,0.0,0.2930544860711458,0.0,0.2994367443275816,0.0002642530009031,0.1599691621264906,0.0,0.2164668581141663,0.450536853196276,0.3053561232708446,0.1525894668826233,0.1865712449571643,0.0,0.0664478769682169,0.0,0.0,0.0,0.0,0.0,0.0,0.0,0.0,0.0,0.0,0.0663973894342166,0.0,0.0,0.0,0.0,0.0534013394088274,0.221027773447521,0.0,0.3517671749041436,0.0,0.0,0.0,0.0,0.0,0.0,0.0,0.0,0.0,0.0,0.0,0.2346630074662698,0.0,0.0,0.0,0.4058288145692889,0.0,0.0,0.0,0.0
0.1213740399804724,0.6762052533320223,0.3397432146714828,0.229069015910036,0.2065480081582634,0.0,0.2597906125111395,0.5812194676771654,0.2774649810963749,0.2849544307640761,0.1259195930526653,0.0,0.574859868913605,0.1127219419782607,0.308389010099511,0.4385719083344562,0.0,0.6135995632105099,0.2173542770170808,0.1793136511388164,0.1742869040403751,0.3625575361978295,0.6026624751419609,0.0,0.3496029496639856,0.380161366579549,0.2236453355389392,0.1933549814068014,0.3048494563722915,0.1002395231864969,0.0436235446683646,0.3587994308909327,0.1892692485139156,0.1676037273312287,0.0,0.149632270049464,0.2299314147035686,0.0,0.2316439654705867,0.0,0.0057375274882688,0.0,0.0927781413229428,0.0,0.0,0.0,0.0,0.4549774429884398,0.0,0.0,0.6794487818353763,0.2154131037818533,0.5123747750893863,0.4138701549301147,0.0,0.3568587119137795,0.0,0.336726062654441,0.0,0.120319818471326,0.0,0.0,0.0,0.2388233528071728,0.1524383718575417,0.0,0.2413261901217027,0.6199292157877081,0.0,0.0,0.0,0.2719090264491505,0.192989746881064,0.1970134313998799,0.0,0.0465882353920016
0.0,0.4169773170549096,0.07331993452533,0.3793905255169185,0.5901971068464007,0.2597906125111395,0.0,0.0677597555236854,0.1334574834292623,0.3910299929219742,0.226334489323202,0.1398527824387666,0.3983022255227645,0.3558594887477275,0.0,0.2250489321353573,0.1986156419917921,0.2461047498940872,0.0231962797280022,0.0,0.0,0.2558897561655094,0.0522533101833263,0.0,0.2704861769251866,0.0622081261448189,0.2260228166782174,0.1511065864343228,0.1788174115405475,0.0,0.1745183403483271,0.3997683992908439,0.2867657675468245,0.2876542286024057,0.2152354648177447,0.069292478442305,0.2391418009312657,0.0,0.0,0.0,0.0,0.0,0.0,0.0,0.0,0.0,0.0,0.0,0.0,0.0,0.1598542372198212,0.0,0.0,0.0,0.0,0.0,0.0,0.0,0.0,0.0,0.0,0.0,0.0,0.0,0.0,0.0,0.0,0.1092697098675652,0.0,0.0,0.0,0.3892357991621784,0.0,0.0,0.0,0.0
0.3084267803024398,0.3244407920093041,0.308519898609529,0.1983632621863061,0.0901149371762089,0.5812194676771654,0.0677597555236854,0.0,0.4687481773686323,0.4004397327728033,0.2212408623800379,0.0,0.5568552666251836,0.0,0.261250385798727,0.031450615882106,0.0,0.1499087045395997,0.1396869875286848,0.2469569052313506,0.3485345833685185,0.0,0.4155252270665571,0.7367439530895504,0.0,0.6517821872047078,0.0,0.3636795207791136,0.0,0.2063077585671371,0.1594806448537889,0.2710488149382089,0.3296304796785654,0.2095073196496916,0.0,0.2000496118385903,0.3084038294639277,0.0,0.1191708022760483,0.0,0.0,0.0,0.0,0.0,0.0,0.0,0.0,0.4929592801197447,0.0,0.0,0.2908113576837755,0.0,0.6935090553275539,0.5081276757416279,0.0,0.4953407894894685,0.0,0.3889529399262334,0.0,0.2084298426565119,0.0,0.0,0.0,0.3636483386426071,0.1734538910651779,0.2365834833174358,0.0,0.3678588371160309,0.0,0.0,0.0,0.0,0.2366046126176477,0.0,0.0,0.0166723398298612
0.0,0.2558918419493262,0.2092196009444769,0.0221956245972659,0.0966421340871492,0.2774649810963749,0.1334574834292623,0.4687481773686323,0.0,0.4925884785108746,0.3126132105937044,0.6726292623461397,0.668894931804645,0.0,0.0,0.1477429030850671,0.0,0.0,0.3600398759115651,0.4124988663154226,0.0,0.2327302544742643,0.0237474992174217,0.0,0.0,0.0,0.0,0.7089293424412159,0.0224934968680183,0.401441191911878,0.3900411093948938,0.2588740876149552,0.4022889685437757,0.354760950220947,0.0823194851081717,0.290246378665739,0.3548922264619599,0.1647307839739613,0.1332912764496497,0.0,0.0,0.0,0.0,0.0,0.0,0.0,0.0,0.549779442403926,0.0,0.0,0.0617245957187686,0.0,0.4039191969629631,0.7673811123860074,0.0,0.6613320278458058,0.0,0.0,0.0442034757672946,0.0,0.0,0.0,0.0,0.6118942071658982,0.0,0.0,0.0,0.0265986242667842,0.0,0.0,0.0,0.0,0.0,0.0,0.0,0.0
0.3295124299578288,0.0,0.1748359245720062,0.0,0.1341741172575719,0.2849544307640761,0.3910299929219742,0.4004397327728033,0.4925884785108746,0.0,0.2276848627164437,0.6677497838190186,0.6050107228841214,0.0796713796288847,0.0,0.0957088211809857,0.5119752069832171,0.2909663246067765,0.1063709592694898,0.0,0.0,0.1646227183007005,0.1260154067156197,0.3732743669480331,0.1481527944538425,0.4318383443811109,0.0,0.5826958454411286,0.0,0.0,0.4357295046364634,0.3998976420973821,0.3187737516650119,0.2802849909765741,0.1477558573774223,0.1992778812630221,0.2925988233725176,0.1756932968843981,0.2277839348114954,0.2195927467010984,0.0,0.0,0.0,0.0,0.0,0.0,0.0,0.0,0.0,0.0,0.0,0.0,0.0,0.0,0.6467230885884635,0.0,0.5980230267045642,0.0,0.0,0.0,0.0,0.2800713579101934,0.3293713075433114,0.0,0.0,0.0,0.0,0.0,0.2668776452083477,0.2027099544253479,0.3304975305398643,0.0,0.3327932720437194,0.0,0.0,0.1076257892610029
0.0,0.0,0.5869694500810266,0.122343328370064,0.4527726204282027,0.1259195930526653,0.226334489323202,0.2212408623800379,0.3126132105937044,0.2276848627164437,0.0,0.1959740409049079,0.2224305080847584,0.1423584979415614,0.0,0.0,0.0,0.0,0.4034848606634947,0.0,0.0,0.0,0.3635214717416483,0.0,0.0,0.0,0.1098249485513623,0.1516484144343576,0.0,0.0,0.2293559440446259,0.4548072609540301,0.4049844511517795,0.1652700270051483,0.3124210254545492,0.0,0.0005060508007323,0.0872318289431982,0.3541489881965577,0.0,0.0,0.0,0.0,0.0,0.0,0.0,0.0,0.0931771979206877,0.0,0.0399311277211599,0.2548194634523674,0.4963135491665096,0.0878530917651202,0.4780199314130963,0.0,0.6749096293997501,0.0,0.4941135605787559,0.1982572125255484,0.0,0.0,0.0,0.0,0.3813732019127124,0.0,0.0,0.0,0.2235201508864948,0.0,0.0,0.0,0.3315172642893116,0.0,0.0,0.0,0.0
0.3607453770980055,0.0,0.0,0.0,0.0343876360886838,0.0,0.1398527824387666,0.0,0.6726292623461397,0.6677497838190186,0.1959740409049079,0.0,0.7003468930901072,0.0,0.0,0.0,0.5107940951913715,0.0963825639621659,0.0,0.0,0.0,0.0,0.0,0.7742621134668662,0.0,0.6739936243599678,0.0,0.6064629554001633,0.0,0.0,0.3182031259654428,0.1969428025765231,0.354245359960655,0.2988254666701989,0.0687928840759507,0.2695411519863896,0.4411469645885073,0.2551375020356787,0.0407079212263187,0.3700270393936413,0.0,0.0,0.0,0.0,0.0,0.0,0.0,0.0,0.0,0.0,0.0,0.0,0.0,0.0,0.4067515918036212,0.0,0.8561353160484155,0.0,0.0,0.0,0.0,0.3860325919338838,0.2061054966176017,0.0,0.0,0.0,0.0,0.0,0.6407267554746517,0.0,0.5959181317429654,0.0,0.0,0.0,0.0,0.0
0.0,0.5150909233915631,0.1681732962044558,0.2046992759711075,0.1501093441914028,0.574859868913605,0.3983022255227645,0.5568552666251836,0.668894931804645,0.6050107228841214,0.2224305080847584,0.7003468930901072,0.0,0.0,0.1449953835129495,0.3404969832654293,0.6400644288102747,0.4159756026660067,0.1778706255147727,0.3699577123007384,0.3499919551847533,0.3261816391023179,0.0851179255430598,0.5291205253674948,0.0553903033594045,0.6236855394872959,0.0,0.7130485817923757,0.1630275799618135,0.4206380517381929,0.3767432756012646,0.3975675633300976,0.4144557479847971,0.4037568959586341,0.0360832362623607,0.4213394119623398,0.4565835291971973,0.1398718982511418,0.255169883500657,0.0,0.0,0.0,0.0,0.0,0.0,0.0,0.0,0.4725730255645063,0.0,0.0,0.2090651143682706,0.0,0.4408704519214218,0.0,0.0,0.0,0.0,0.0,0.0,0.0,0.0,0.0,0.0,0.0,0.0,0.0,0.0,0.1020248024963569,0.0,0.0,0.0,0.0,0.0,0.0915170781628405,0.0,0.0
0.0,0.0,0.2039772793281145,0.272338622908619,0.3458083388331624,0.1127219419782607,0.3558594887477275,0.0,0.0,0.0796713796288847,0.1423584979415614,0.0,0.0,0.0,0.0,0.0,0.0,0.0,0.0278878201407102,0.0,0.0,0.0,0.2666664832460652,0.0,0.0,0.0,0.3041515384895527,0.0,0.0,0.0,0.1257540489361697,0.2414206596047666,0.0,0.0246296729916314,0.0,0.1161282928585051,0.0,0.0,0.0,0.0,0.0,0.0,0.2968741495234551,0.0,0.0,0.0,0.0,0.098433246591288,0.0,0.0,0.0,0.0,0.0,0.0,0.0,0.0113945641225763,0.0,0.0,0.0,0.0,0.0,0.0,0.0,0.0,0.0,0.0,0.0,0.3212876505322667,0.0,0.0,0.0,0.0,0.0,0.0,0.0,0.0
0.050886402668853,0.1664085817113814,0.0,0.0,0.0,0.308389010099511,0.0,0.261250385798727,0.0,0.0,0.0,0.0,0.1449953835129495,0.0,0.0,0.3034847925235132,0.0,0.3333929761579439,0.0,0.4210780879584993,0.3242879415006572,0.4581726803125063,0.6502348148345766,0.0461619420927987,0.371046390556325,0.2367595507168678,0.3992567186921177,0.2424640011813796,0.3545815273337304,0.0,0.3646237828196828,0.3661442255293521,0.2124339260664411,0.0,0.1971722629575117,0.0,0.0,0.0,0.3673380602647804,0.1253694651281161,0.0785030074152744,0.1230981470917027,0.0,0.0,0.0,0.0,0.4394315695856246,0.0,0.0,0.0,0.4146292481662338,0.0,0.2689142572048438,0.0,0.0,0.0,0.0,0.0,0.0,0.7652719305776424,0.4675932915014371,0.0,0.0,0.0,0.4441508864994893,0.2862160579619716,0.6014421103770605,0.5668449320821211,0.0,0.0,0.3632806215306579,0.3966931523959562,0.2261224600557928,0.3752346937702481,0.0,0.4470908660505765
0.1898274864014762,0.558252733995082,0.0,0.0,0.0,0.4385719083344562,0.2250489321353573,0.031450615882106,0.1477429030850671,0.0957088211809857,0.0,0.0,0.3404969832654293,0.0,0.3034847925235132,0.0,0.3909949437569198,0.7298913528880647,0.0,0.1846170309029454,0.0955257134853265,0.6942959744470857,0.347500962069363,0.0,0.5102466736829812,0.3805817224357061,0.3470980558346579,0.1496501017348958,0.4151545583465808,0.0,0.228166003525862,0.5513558121840755,0.4067021871579496,0.2055112650859099,0.1078714010627265,0.0,0.0,0.0,0.3654274554392908,0.3594908937029117,0.2587112431419589,0.103632735358264,0.0,0.0,0.0,0.0878337493234565,0.3379190151825615,0.0,0.0,0.0,0.0,0.0,0.0,0.0,0.0,0.0,0.0,0.0,0.0,0.1893716670813338,0.6073009341720946,0.0,0.3970293590806398,0.0,0.2996543433209436,0.0,0.5550426678201525,0.0,0.0,0.4391320338641217,0.2842932521853049,0.0,0.0,0.0,0.0,0.4288398052147323
0.3009081457635363,0.0,0.0,0.0,0.0,0.0,0.1986156419917921,0.0,0.0,0.5119752069832171,0.0,0.5107940951913715,0.6400644288102747,0.0,0.0,0.3909949437569198,0.0,0.4705295637900892,0.0,0.413433450807569,0.0,0.305483019801838,0.0,0.3956928106325985,0.0,0.556277312384132,0.0,0.5048565623886999,0.0,0.0,0.3003821621444457,0.3591240830867274,0.3421043535021754,0.1776859427942278,0.0,0.0,0.0,0.1407735394261197,0.0,0.2723581809430304,0.0500515555011477,0.0,0.0,0.0,0.0,0.0,0.0,0.0,0.0,0.0,0.0,0.0,0.0,0.0,0.3516747775582986,0.0,0.5662924313171953,0.0,0.0,0.0,0.0,0.6556670056537027,0.5980281593714992,0.0,0.0,0.0,0.0,0.0,0.4441273949845742,0.0,0.4838619368254395,0.0,0.0,0.0,0.0,0.0
0.0974117594665451,0.6794522189267574,0.0,0.0,0.0,0.6135995632105099,0.2461047498940872,0.1499087045395997,0.0,0.2909663246067765,0.0,0.0963825639621659,0.4159756026660067,0.0,0.3333929761579439,0.7298913528880647,0.4705295637900892,0.0,0.0,0.1603804973845845,0.0323865865183451,0.5649959820951841,0.4033691626893173,0.0,0.6062570813627741,0.3733663171137368,0.3178538156973285,0.1868567327835732,0.3346750720512249,0.0,0.0956258536875836,0.3961232916647556,0.2598196487286562,0.0454961428534443,0.0,0.0,0.0,0.0,0.2948841834137501,0.2853433399387831,0.2192279416610239,0.0980285051825095,0.0,0.0,0.0,0.0185773644788212,0.3849351116913563,0.0,0.0,0.0,0.0,0.0,0.0,0.0,0.3911298652276824,0.0,0.2617844036647227,0.0,0.0,0.0,0.613510221928438,0.3683803395365638,0.5169383813428131,0.0,0.0,0.0,0.4476549984498305,0.0,0.0,0.5641731210280901,0.2901141518047708,0.0,0.0,0.0,0.0,0.3279213847846578
0.0,0.0,0.6125979962028011,0.1629465629786566,0.1129673692873749,0.2173542770170808,0.0231962797280022,0.1396869875286848,0.3600398759115651,0.1063709592694898,0.4034848606634947,0.0,0.1778706255147727,0.0278878201407102,0.0,0.0,0.0,0.0,0.0,0.0,0.0,0.0,0.3533204882412751,0.0,0.0,0.0,0.1143333105080407,0.2617977583405886,0.0,0.0,0.2009313529512314,0.2962830524137977,0.0,0.1102846378812125,0.145454121886742,0.094857817266213,0.1681666212063532,0.0,0.3421626062383298,0.0,0.0,0.0,0.0,0.0,0.0,0.0,0.0,0.3938119423482376,0.0,0.0,0.3921312728467654,0.0,0.2302647264173115,0.4393567706398821,0.0,0.4684420636615121,0.0,0.0,0.0,0.0,0.0,0.0,0.0,0.5336021214757615,0.0,0.0,0.0,0.2962316824026012,0.0,0.0,0.0,0.3077539422308909,0.0,0.0,0.0,0.0
0.2635780140158861,0.0,0.0,0.0,0.0303574032436635,0.1793136511388164,0.0,0.2469569052313506,0.4124988663154226,0.0,0.0,0.0,0.3699577123007384,0.0,0.4210780879584993,0.1846170309029454,0.413433450807569,0.1603804973845845,0.0,0.0,0.5356916650545157,0.2723614399266029,0.1000462265777186,0.0,0.0,0.1731137080878703,0.0801984379066985,0.6348939280132457,0.4848501632116903,0.4377324776208184,0.5417042704255534,0.2343278107628761,0.1035243704868171,0.1175640497791244,0.0251043053049174,0.4601272221756013,0.2687838554056607,0.0,0.2993218536171199,0.1814301001318695,0.0,0.0,0.0,0.0,0.0,0.0,0.1346880630693363,0.0,0.0,0.0,0.0964392285199306,0.0,0.445388794297215,0.0,0.0,0.0,0.0,0.0,0.0,0.609994911419436,0.0,0.0,0.0,0.0,0.6748652376202864,0.456259936103814,0.6408095215946006,0.1041509507778116,0.0,0.0,0.4447976150585445,0.0,0.5354564950279329,0.0303051243918656,0.0,0.4317643005429959
0.4842711982411327,0.0,0.0,0.0,0.0,0.1742869040403751,0.0,0.3485345833685185,0.0,0.0,0.0,0.0,0.3499919551847533,0.0,0.3242879415006572,0.0955257134853265,0.0,0.0323865865183451,0.0,0.5356916650545157,0.0,0.2146872037323002,0.1800063535356529,0.4979462165650971,0.0326516227968552,0.3011274220283525,0.0,0.5127230353743684,0.3568656190292487,0.3994636032540441,0.5479197608617326,0.1869922236992437,0.3293796366246631,0.2546822357460737,0.0862181243205751,0.2741009944313012,0.0,0.0,0.2291411560522317,0.3234217652340759,0.0,0.0,0.0,0.0,0.0,0.5865244149862993,0.0,0.0,0.0,0.0,0.0,0.0,0.3723497087865025,0.0,0.0,0.0,0.0,0.0,0.0,0.4166714808863589,0.0617606252267133,0.0,0.0,0.0,0.4359160789705863,0.7221881736322636,0.3499806959485536,0.0918010981715053,0.0,0.0,0.4794262908190652,0.0,0.4761100465405711,0.067093996761356,0.0,0.3317102504448134
0.3026260071876517,0.4444633511858327,0.0,0.0,0.3374348792127909,0.3625575361978295,0.2558897561655094,0.0,0.2327302544742643,0.1646227183007005,0.0,0.0,0.3261816391023179,0.0,0.4581726803125063,0.6942959744470857,0.305483019801838,0.5649959820951841,0.0,0.2723614399266029,0.2146872037323002,0.0,0.2788554901263674,0.0,0.4992287931528048,0.1893533898132471,0.4385999877738589,0.3379214427779899,0.5797254957310745,0.1164492964628377,0.3919093584994242,0.5232118338878967,0.2557670111542884,0.2511763088781827,0.156565785548932,0.1250611903100972,0.2318682025567227,0.0,0.3959825599507583,0.2860002444427815,0.2523580242985402,0.080322164412633,0.0,0.0,0.0,0.291660458705592,0.3491856497732187,0.0,0.0,0.0,0.4373126441936463,0.0,0.0,0.0,0.0,0.0,0.0,0.0,0.0,0.5081186658301757,0.6683357085656819,0.0,0.4987191563704995,0.0,0.582917881734696,0.0860000272668701,0.8061433675155725,0.395003383617091,0.0,0.5441342028070725,0.2626180245788843,0.6227488335781268,0.0,0.6480811016877289,0.0,0.5057804303176449
0.0,0.3308944806405137,0.6640458988873515,0.0874658683357642,0.2613191373636649,0.6026624751419609,0.0522533101833263,0.4155252270665571,0.0237474992174217,0.1260154067156197,0.3635214717416483,0.0,0.0851179255430598,0.2666664832460652,0.6502348148345766,0.347500962069363,0.0,0.4033691626893173,0.3533204882412751,0.1000462265777186,0.1800063535356529,0.2788554901263674,0.0,0.0,0.5154751957186191,0.1967728946123876,0.4626992981329756,0.0,0.2665432568887764,0.0,0.0975497378788351,0.3943759273357668,0.1801394279769395,0.0,0.1248137749621075,0.0,0.0,0.0,0.3615437125643697,0.1676139806376816,0.1340912264593196,0.2230279434098241,0.0,0.0,0.0,0.0,0.6040572055093397,0.3065970254257512,0.0,0.200050479232847,0.6453246253347499,0.3898873670127519,0.3981807379665263,0.2764085542760006,0.0,0.3564825527451495,0.0,0.2237544504003068,0.1844833834193256,0.375672059297887,0.0,0.0,0.0,0.2088877360413679,0.1522745451485272,0.1112779042929558,0.3703465184094548,0.8214358461606598,0.0,0.0,0.2489503971903948,0.4692877186505791,0.0526191841010974,0.3531982902601596,0.1877606807596352,0.3279991299185131
0.428303493887827,0.0,0.0,0.0,0.0,0.0,0.0,0.7367439530895504,0.0,0.3732743669480331,0.0,0.7742621134668662,0.5291205253674948,0.0,0.0461619420927987,0.0,0.3956928106325985,0.0,0.0,0.0,0.4979462165650971,0.0,0.0,0.0,0.0,0.6683569435099326,0.0,0.5067003398933478,0.0,0.0,0.3079492581199908,0.014672325813569,0.3214623212584057,0.2013388049152534,0.0,0.339125462414605,0.0,0.2516413644876032,0.0075387542834796,0.4199439099164525,0.0,0.0,0.0,0.0,0.0230832571640184,0.3927245848457684,0.0,0.0,0.0,0.0,0.0,0.0,0.0,0.0,0.2201196408610367,0.0,0.7037599239500338,0.0,0.0,0.0,0.0,0.4196740526912526,0.183875993309948,0.0,0.0,0.0,0.0,0.0,0.8336461728141226,0.0,0.7347853082109229,0.0,0.0,0.0,0.0,0.0314664835235873
0.1938412596175094,0.6255749606832582,0.0,0.0,0.2930544860711458,0.3496029496639856,0.2704861769251866,0.0,0.0,0.1481527944538425,0.0,0.0,0.0553903033594045,0.0,0.371046390556325,0.5102466736829812,0.0,0.6062570813627741,0.0,0.0,0.0326516227968552,0.4992287931528048,0.5154751957186191,0.0,0.0,0.2346488048896637,0.3725592960154772,0.0,0.2945298884186663,0.0,0.088996020957124,0.3853794395290162,0.3122376606731711,0.0021020997820971,0.124235173624376,0.0,0.0,0.0,0.3636936828631454,0.2946719620024465,0.3532076272964102,0.2118368456617984,0.0,0.0,0.0,0.0959132604940889,0.4056232457957757,0.0,0.0,0.0,0.0,0.0,0.0,0.0,0.4497879873713718,0.0,0.0,0.0,0.0,0.0,0.7186166015079297,0.0,0.194745343043449,0.0,0.2256198586913594,0.0,0.351293341891187,0.0,0.0,0.8514132599589569,0.1936936284116026,0.0,0.0,0.0,0.0,0.3894471908621791
0.4985332534616698,0.5626362685497956,0.0,0.0,0.0,0.380161366579549,0.0622081261448189,0.6517821872047078,0.0,0.4318383443811109,0.0,0.6739936243599678,0.6236855394872959,0.0,0.2367595507168678,0.3805817224357061,0.556277312384132,0.3733663171137368,0.0,0.1731137080878703,0.3011274220283525,0.1893533898132471,0.1967728946123876,0.6683569435099326,0.2346488048896637,0.0,0.0,0.3593581114218894,0.0,0.0,0.2766256516646408,0.3455540139963237,0.5355148619848948,0.1987407926205467,0.0440258163501913,0.1331809735392421,0.0,0.2192978364193288,0.1852889738418029,0.5959827654763552,0.114638972037078,0.0,0.0,0.0,0.0662809385209631,0.2352533708663396,0.0,0.0,0.0,0.0,0.0,0.0,0.0,0.0,0.3106436713965074,0.0,0.5442940396762034,0.0,0.0,0.22972202919094,0.0275821317559994,0.4085152669521766,0.191227567932442,0.0,0.3397310693314245,0.2093320934591986,0.2305548970488423,0.1263841045619387,0.5920874320495753,0.0495103403833428,0.8426462502082211,0.0,0.0,0.0369318512426707,0.0,0.1786227208634882
0.0,0.0829296616899648,0.2639307613651923,0.0326645158160391,0.2994367443275816,0.2236453355389392,0.2260228166782174,0.0,0.0,0.0,0.1098249485513623,0.0,0.0,0.3041515384895527,0.3992567186921177,0.3470980558346579,0.0,0.3178538156973285,0.1143333105080407,0.0801984379066985,0.0,0.4385999877738589,0.4626992981329756,0.0,0.3725592960154772,0.0,0.0,0.0,0.6438010698846215,0.0,0.0,0.2416522532544921,0.0,0.0,0.1084315122789149,0.0,0.0,0.0,0.1797602220091859,0.0,0.0022739596759982,0.1419320307236968,0.1615686392457734,0.0,0.0,0.0,0.8149659147839352,0.0,0.0,0.0,0.3567816789519231,0.5604161398114664,0.0,0.0,0.0,0.0,0.0,0.0,0.2300196299746749,0.1655381719020855,0.0,0.0,0.0,0.0,0.0,0.0,0.333343695225308,0.4650492131333416,0.0,0.0,0.0,0.7572024388375724,0.0,0.4517595155479217,0.0,0.1769564020184181
0.4895440040516245,0.1085136046058435,0.2074050060321815,0.0958835551945344,0.0002642530009031,0.1933549814068014,0.1511065864343228,0.3636795207791136,0.7089293424412159,0.5826958454411286,0.1516484144343576,0.6064629554001633,0.7130485817923757,0.0,0.2424640011813796,0.1496501017348958,0.5048565623886999,0.1868567327835732,0.2617977583405886,0.6348939280132457,0.5127230353743684,0.3379214427779899,0.0,0.5067003398933478,0.0,0.3593581114218894,0.0,0.0,0.237681724373701,0.6375811291947662,0.6367932811269118,0.3251613734912657,0.3413950605684914,0.4164630699171971,0.1422333454320902,0.4433750012509403,0.4600285257370722,0.1694533087125918,0.268783781240798,0.0,0.0,0.0,0.0280133241488622,0.0,0.0,0.0,0.0,0.0,0.0,0.0,0.0,0.0,0.4105035034823108,0.0,0.0,0.0,0.0,0.0,0.0,0.5174488346617528,0.0,0.0,0.0,0.0,0.6127805100813165,0.4300742279304319,0.0,0.0,0.0,0.0,0.0,0.0,0.7413196962210704,0.0983633755283999,0.0,0.3279227767005724
0.083440823766079,0.0674464361900416,0.0,0.0,0.1599691621264906,0.3048494563722915,0.1788174115405475,0.0,0.0224934968680183,0.0,0.0,0.0,0.1630275799618135,0.0,0.3545815273337304,0.4151545583465808,0.0,0.3346750720512249,0.0,0.4848501632116903,0.3568656190292487,0.5797254957310745,0.2665432568887764,0.0,0.2945298884186663,0.0,0.6438010698846215,0.237681724373701,0.0,0.2468650539899931,0.347829528193703,0.2518371324671539,0.0500496167555694,0.0779977987361526,0.0290305925376231,0.1390433114878813,0.0422088426904159,0.0,0.2625777935665078,0.0,0.0,0.0,0.0,0.0,0.0,0.0,0.5035117122659969,0.0,0.0,0.0,0.2166419244054183,0.0,0.1153515172304464,0.0,0.0,0.0,0.0,0.0478757322292633,0.0,0.291525171507306,0.0,0.0,0.0,0.0,0.2761507272431627,0.2406833404031866,0.5188148239260322,0.2728197150390111,0.0,0.0,0.0,0.4489178143380083,0.2063375542160875,0.4983334834872962,0.0,0.3327196862864018
0.0,0.0,0.1145476646980044,0.0,0.0,0.1002395231864969,0.0,0.2063077585671371,0.401441191911878,0.0,0.0,0.0,0.4206380517381929,0.0,0.0,0.0,0.0,0.0,0.0,0.4377324776208184,0.3994636032540441,0.1164492964628377,0.0,0.0,0.0,0.0,0.0,0.6375811291947662,0.2468650539899931,0.0,0.5427964326327732,0.1608363578636252,0.0,0.3299257775900578,0.1074436738448965,0.0,0.0,0.0,0.2281590624187458,0.0,0.0,0.0,0.0,0.0,0.0,0.0,0.0,0.0,0.0,0.0,0.0,0.0,0.0,0.0,0.0,0.0,0.0,0.0,0.0,0.0,0.0,0.0,0.0,0.0,0.3154658585730908,0.0,0.0,0.0,0.0,0.0,0.0,0.0,0.0,0.0,0.0,0.0
0.4953792740892552,0.0127412430770387,0.2756941634249444,0.0,0.2164668581141663,0.0436235446683646,0.1745183403483271,0.1594806448537889,0.3900411093948938,0.4357295046364634,0.2293559440446259,0.3182031259654428,0.3767432756012646,0.1257540489361697,0.3646237828196828,0.228166003525862,0.3003821621444457,0.0956258536875836,0.2009313529512314,0.5417042704255534,0.5479197608617326,0.3919093584994242,0.0975497378788351,0.3079492581199908,0.088996020957124,0.2766256516646408,0.0,0.6367932811269118,0.347829528193703,0.5427964326327732,0.0,0.4443735597485092,0.4565477943118877,0.3469221507972653,0.2919053101196623,0.2361131887156272,0.1654490257860242,0.1546256355354514,0.4948595323585008,0.2578378450522889,0.1033089638037663,0.0,0.0,0.0,0.0,0.4590757357494862,0.0,0.0,0.0,0.0,0.0,0.0,0.2458605577472747,0.0,0.2893886769487495,0.0,0.2066289133372465,0.0,0.0,0.5368490707327452,0.3292558868349461,0.0,0.3312613516566539,0.0,0.5516398751793822,0.5499185499725737,0.5852623233634064,0.033906005167716,0.3449593847986221,0.0733410357195407,0.3843321819679846,0.021065463060751,0.490885846584379,0.2591853248172519,0.0,0.6117988074916451
0.2945619769133823,0.4121456205378211,0.4550168295398265,0.3769982879585343,0.450536853196276,0.3587994308909327,0.3997683992908439,0.2710488149382089,0.2588740876149552,0.3998976420973821,0.4548072609540301,0.1969428025765231,0.3975675633300976,0.2414206596047666,0.3661442255293521,0.5513558121840755,0.3591240830867274,0.3961232916647556,0.2962830524137977,0.2343278107628761,0.1869922236992437,0.5232118338878967,0.3943759273357668,0.014672325813569,0.3853794395290162,0.3455540139963237,0.2416522532544921,0.3251613734912657,0.2518371324671539,0.1608363578636252,0.4443735597485092,0.0,0.4000657528233655,0.4510168835511208,0.3557209897946953,0.1228244593136492,0.2681438446309991,0.0513411391495961,0.6749271295345505,0.3624144924328937,0.3221058645388273,0.1947010622429801,0.0138698879188549,0.0,0.0,0.0429687528970556,0.1812122953153658,0.2028395564437043,0.0,0.0,0.3485223858696042,0.0,0.2675468443328698,0.3792428754385069,0.4479886356583488,0.3620683518486889,0.1639046341247504,0.3449202454807622,0.0,0.3345167546423161,0.4633689885220674,0.0,0.2355226282439972,0.3547459262987645,0.3822277248300809,0.1503132254529159,0.4921405466354234,0.3422482268562903,0.1086439655157989,0.3721221651715146,0.2589283642677171,0.3582491182282119,0.2536839507177804,0.4131705218483962,0.0,0.4178380337772547
0.4540366858536124,0.3522182284480403,0.0,0.0,0.3053561232708446,0.1892692485139156,0.2867657675468245,0.3296304796785654,0.4022889685437757,0.3187737516650119,0.4049844511517795,0.354245359960655,0.4144557479847971,0.0,0.2124339260664411,0.4067021871579496,0.3421043535021754,0.2598196487286562,0.0,0.1035243704868171,0.3293796366246631,0.2557670111542884,0.1801394279769395,0.3214623212584057,0.3122376606731711,0.5355148619848948,0.0,0.3413950605684914,0.0500496167555694,0.0,0.4565477943118877,0.4000657528233655,0.0,0.5141677324781079,0.2421461629386416,0.1412441420165125,0.163399438122148,0.2739740348687253,0.2775737060536771,0.6493646078938315,0.3066293275473429,0.0385620365574307,0.0,0.0,0.2441692470597223,0.2823974586775964,0.0,0.0,0.0,0.0,0.0,0.0,0.0,0.0,0.3753237953799558,0.0,0.2148504203371025,0.0,0.0,0.186600438618618,0.2641486934597396,0.2331741424814798,0.1021705596379058,0.0,0.2981686021758235,0.2338531870493075,0.2691985222254812,0.0924395181761158,0.3096628498611687,0.1961181319637057,0.450170288500485,0.0920789210808464,0.0,0.2993914878677043,0.0,0.3259303775419683
0.3688734541943599,0.1737427597250723,0.1926338202064654,0.1637081435505869,0.1525894668826233,0.1676037273312287,0.2876542286024057,0.2095073196496916,0.354760950220947,0.2802849909765741,0.1652700270051483,0.2988254666701989,0.4037568959586341,0.0246296729916314,0.0,0.2055112650859099,0.1776859427942278,0.0454961428534443,0.1102846378812125,0.1175640497791244,0.2546822357460737,0.2511763088781827,0.0,0.2013388049152534,0.0021020997820971,0.1987407926205467,0.0,0.4164630699171971,0.0779977987361526,0.3299257775900578,0.3469221507972653,0.4510168835511208,0.5141677324781079,0.0,0.357348887336662,0.0679621645909581,0.3436592393753671,0.1226347613134979,0.2528745542029056,0.4526631267315883,0.1718108712196596,0.0,0.0,0.0,0.0602975004157554,0.179523973064886,0.0,0.0,0.0,0.0,0.0112934673260874,0.0,0.1818822693080745,0.0,0.204823862427756,0.0,0.2213389484042377,0.0,0.0,0.1508100432552003,0.0893248208779729,0.0,0.0631144489074826,0.0,0.2260336109061056,0.2082651323743847,0.1935221837135173,0.0,0.2007750656721506,0.0259649991174576,0.1884705586667733,0.0041637005974893,0.2903034391420211,0.1275270579439864,0.0,0.1580477077471167
0.0521562059138463,0.0723137331625737,0.2933048243714048,0.076719322051519,0.1865712449571643,0.0,0.2152354648177447,0.0,0.0823194851081717,0.1477558573774223,0.3124210254545492,0.0687928840759507,0.0360832362623607,0.0,0.1971722629575117,0.1078714010627265,0.0,0.0,0.145454121886742,0.0251043053049174,0.0862181243205751,0.156565785548932,0.1248137749621075,0.0,0.124235173624376,0.0440258163501913,0.1084315122789149,0.1422333454320902,0.0290305925376231,0.1074436738448965,0.2919053101196623,0.3557209897946953,0.2421461629386416,0.357348887336662,0.0,0.0,0.0391995946302315,0.0834316656283149,0.2780127628347258,0.1663486807427771,0.0970503332451515,0.2956790303711649,0.0,0.0,0.0,0.0,0.0,0.0,0.0,0.0,0.0,0.0,0.0,0.0,0.0,0.0,0.0,0.0,0.0,0.2141920049289463,0.1483502669446156,0.0,0.0,0.0,0.1589613875387332,0.0604223364341965,0.2097885901230645,0.0304282668304332,0.0,0.1224474920227539,0.0122991310057731,0.1648550551671331,0.0,0.2259645621626034,0.0,0.0
0.0,0.0,0.0,0.1785842167322724,0.0,0.149632270049464,0.069292478442305,0.2000496118385903,0.290246378665739,0.1992778812630221,0.0,0.2695411519863896,0.4213394119623398,0.1161282928585051,0.0,0.0,0.0,0.0,0.094857817266213,0.4601272221756013,0.2741009944313012,0.1250611903100972,0.0,0.339125462414605,0.0,0.1331809735392421,0.0,0.4433750012509403,0.1390433114878813,0.0,0.2361131887156272,0.1228244593136492,0.1412441420165125,0.0679621645909581,0.0,0.0,0.32548689700821,0.0468064747009365,0.2679373998812566,0.0838367241402594,0.0032003910081772,0.0,0.2674475378607553,0.250662578550411,0.0,0.0,0.0,0.4330435738353967,0.0,0.0,0.0779949697688361,0.0,0.3085691746224021,0.2604498909440272,0.0,0.1173076200994545,0.3278363927203115,0.151038483888819,0.0,0.0,0.0,0.0,0.0,0.2062542481140042,0.0,0.0,0.0,0.0284299939285373,0.0,0.0,0.0,0.0,0.4356585392049679,0.0,0.0,0.0
0.0,0.0,0.0124544250821456,0.3436261118644952,0.0664478769682169,0.2299314147035686,0.2391418009312657,0.3084038294639277,0.3548922264619599,0.2925988233725176,0.0005060508007323,0.4411469645885073,0.4565835291971973,0.0,0.0,0.0,0.0,0.0,0.1681666212063532,0.2687838554056607,0.0,0.2318682025567227,0.0,0.0,0.0,0.0,0.0,0.4600285257370722,0.0422088426904159,0.0,0.1654490257860242,0.2681438446309991,0.163399438122148,0.3436592393753671,0.0391995946302315,0.32548689700821,0.0,0.086993449787416,0.1482584342637668,0.0,0.0393060899192837,0.0,0.0,0.0,0.0,0.0,0.0,0.0,0.0,0.0,0.0,0.0,0.0,0.0,0.0,0.0,0.0,0.0,0.0,0.0,0.0,0.0,0.0,0.0,0.0,0.0,0.0,0.0,0.0,0.0,0.0,0.0,0.0,0.0,0.0,0.0
0.0,0.0,0.0,0.0,0.0,0.0,0.0,0.0,0.1647307839739613,0.1756932968843981,0.0872318289431982,0.2551375020356787,0.1398718982511418,0.0,0.0,0.0,0.1407735394261197,0.0,0.0,0.0,0.0,0.0,0.0,0.2516413644876032,0.0,0.2192978364193288,0.0,0.1694533087125918,0.0,0.0,0.1546256355354514,0.0513411391495961,0.2739740348687253,0.1226347613134979,0.0834316656283149,0.0468064747009365,0.086993449787416,0.0,0.0306719872636671,0.1669732172384915,0.0,0.0,0.0,0.0,0.0,0.0,0.0,0.0,0.0,0.0,0.0,0.0,0.0,0.0,0.0412181318928584,0.0,0.1019268814640495,0.0,0.0,0.0,0.0,0.0,0.0,0.0,0.0,0.0,0.0,0.0,0.2827690367249899,0.0,0.2107737971860034,0.0,0.0,0.0,0.0,0.0
0.1681914627547444,0.1721520030993472,0.4192557243311881,0.0,0.0,0.2316439654705867,0.0,0.1191708022760483,0.1332912764496497,0.2277839348114954,0.3541489881965577,0.0407079212263187,0.255169883500657,0.0,0.3673380602647804,0.3654274554392908,0.0,0.2948841834137501,0.3421626062383298,0.2993218536171199,0.2291411560522317,0.3959825599507583,0.3615437125643697,0.0075387542834796,0.3636936828631454,0.1852889738418029,0.1797602220091859,0.268783781240798,0.2625777935665078,0.2281590624187458,0.4948595323585008,0.6749271295345505,0.2775737060536771,0.2528745542029056,0.2780127628347258,0.2679373998812566,0.1482584342637668,0.0306719872636671,0.0,0.2808742712675746,0.3419511987630329,0.279822695285374,0.0363840472673577,0.0,0.0,0.1751040488132922,0.2512674732181705,0.2048057922097925,0.0,0.0069949323199823,0.3365525935860608,0.2770802440134999,0.2402278459450895,0.27011232575072,0.3160972587195403,0.2723930741757604,0.0387735996177687,0.2715592735664801,0.1268295468278503,0.3841026464823756,0.4856122907708949,0.2734869872085304,0.3319447472317879,0.2936593504051257,0.3916417538892571,0.2918674946971956,0.4911343209558392,0.2788712402921424,0.148139556999702,0.3362038928402052,0.2385980541332885,0.245155511823651,0.2558293775714331,0.3662005105292322,0.277352848264766,0.586216354571386
0.4742701026699614,0.3203879355216351,0.0,0.0,0.0,0.0,0.0,0.0,0.0,0.2195927467010984,0.0,0.3700270393936413,0.0,0.0,0.1253694651281161,0.3594908937029117,0.2723581809430304,0.2853433399387831,0.0,0.1814301001318695,0.3234217652340759,0.2860002444427815,0.1676139806376816,0.4199439099164525,0.2946719620024465,0.5959827654763552,0.0,0.0,0.0,0.0,0.2578378450522889,0.3624144924328937,0.6493646078938315,0.4526631267315883,0.1663486807427771,0.0838367241402594,0.0,0.1669732172384915,0.2808742712675746,0.0,0.3101389350937069,0.0,0.0,0.0,0.1956568338945503,0.3664304397397261,0.0,0.0,0.0,0.2025754367014444,0.1946986745218881,0.1178749550826318,0.1770279613025169,0.4573886300467542,0.328925277409643,0.4995563070728234,0.2698454141226452,0.4957313655098653,0.0,0.1920702566212259,0.2051307488356384,0.2604219511346038,0.1687116979463519,0.0,0.3996510927811348,0.2380081936301701,0.3215103193020207,0.1033157355519551,0.4046488664577373,0.1613545274299053,0.5832373112667653,0.0,0.2871250106665352,0.225401063525224,0.4380337847664612,0.2172855837585512
0.1332332308835131,0.1556661901990863,0.0,0.0,0.0,0.0057375274882688,0.0,0.0,0.0,0.0,0.0,0.0,0.0,0.0,0.0785030074152744,0.2587112431419589,0.0500515555011477,0.2192279416610239,0.0,0.0,0.0,0.2523580242985402,0.1340912264593196,0.0,0.3532076272964102,0.114638972037078,0.0022739596759982,0.0,0.0,0.0,0.1033089638037663,0.3221058645388273,0.3066293275473429,0.1718108712196596,0.0970503332451515,0.0032003910081772,0.0393060899192837,0.0,0.3419511987630329,0.3101389350937069,0.0,0.4261708812747479,0.0,0.0,0.0671087359403571,0.0614594931405243,0.0,0.0274824255191426,0.0,0.2872995513798262,0.2605235993645511,0.3225906074131831,0.0,0.0626528313105005,0.1586993342308753,0.1092021564894426,0.0,0.3072165278963025,0.0,0.1030615089826927,0.3513433571991303,0.0676313134028494,0.0608450138026635,0.0272503805158862,0.2800166337871346,0.0272611883355928,0.249288307641511,0.1350066910111532,0.0152886220063993,0.2780207510183272,0.0767739140414594,0.240897703807511,0.1456595967979231,0.3607082884383549,0.184512301441673,0.4824406295528317
0.0,0.0,0.0,0.0,0.0,0.0,0.0,0.0,0.0,0.0,0.0,0.0,0.0,0.0,0.1230981470917027,0.103632735358264,0.0,0.0980285051825095,0.0,0.0,0.0,0.080322164412633,0.2230279434098241,0.0,0.2118368456617984,0.0,0.1419320307236968,0.0,0.0,0.0,0.0,0.1947010622429801,0.0385620365574307,0.0,0.2956790303711649,0.0,0.0,0.0,0.279822695285374,0.0,0.4261708812747479,0.0,0.2395080004575775,0.0,0.0,0.0,0.1502359822688184,0.0,0.0,0.017579352067589,0.0793184695139664,0.2330824507086422,0.0,0.0,0.0,0.0,0.0,0.0431694367410046,0.0,0.104280786064187,0.2037660401624023,0.0,0.0,0.0003473650577806,0.0837084878964742,0.0,0.1807656027781304,0.0796651523092938,0.0,0.1356568534342746,0.0,0.1621802760154275,0.0,0.1980015125913118,0.0582386983866053,0.4407550202380282
0.0,0.0,0.0,0.0,0.0,0.0927781413229428,0.0,0.0,0.0,0.0,0.0,0.0,0.0,0.2968741495234551,0.0,0.0,0.0,0.0,0.0,0.0,0.0,0.0,0.0,0.0,0.0,0.0,0.1615686392457734,0.0280133241488622,0.0,0.0,0.0,0.0138698879188549,0.0,0.0,0.0,0.2674475378607553,0.0,0.0,0.0363840472673577,0.0,0.0,0.2395080004575775,0.0,0.3392938285018493,0.0,0.0,0.0,0.0372617490534615,0.0760302560930275,0.1137129167751421,0.0,0.0,0.2180206887940191,0.0,0.0,0.0,0.0,0.0,0.0416538117346203,0.0,0.0,0.1411089245714279,0.0,0.0,0.0,0.0824702733638591,0.0,0.0435899266454508,0.0,0.0,0.0,0.0,0.1383628081601609,0.0,0.0,0.1275218305264053
0.0,0.0,0.0,0.0,0.0,0.0,0.0,0.0,0.0,0.0,0.0,0.0,0.0,0.0,0.0,0.0,0.0,0.0,0.0,0.0,0.0,0.0,0.0,0.0,0.0,0.0,0.0,0.0,0.0,0.0,0.0,0.0,0.0,0.0,0.0,0.250662578550411,0.0,0.0,0.0,0.0,0.0,0.0,0.3392938285018493,0.0,0.0963096144588317,0.0,0.0,0.0377896882706446,0.0,0.2102384991253112,0.1038641509020988,0.052311193832495,0.0910674474081645,0.0,0.0774503568543223,0.0,0.083112453025302,0.0,0.0,0.0,0.0,0.0,0.0,0.0,0.0,0.0,0.0,0.0592981203378904,0.0,0.0,0.0,0.0502957607481563,0.0554153384088548,0.0053866192830965,0.0,0.0
0.0,0.0,0.0,0.0,0.0,0.0,0.0,0.0,0.0,0.0,0.0,0.0,0.0,0.0,0.0,0.0,0.0,0.0,0.0,0.0,0.0,0.0,0.0,0.0230832571640184,0.0,0.0662809385209631,0.0,0.0,0.0,0.0,0.0,0.0,0.2441692470597223,0.0602975004157554,0.0,0.0,0.0,0.0,0.0,0.1956568338945503,0.0671087359403571,0.0,0.0,0.0963096144588317,0.0,0.0021696664694457,0.0,0.0,0.0,0.0,0.0,0.1234824553975269,0.0,0.056703460459292,0.0634392931946287,0.0263216300763243,0.0,0.0365121760752763,0.0,0.0,0.0,0.1630920620622815,0.0,0.0,0.0,0.0,0.0,0.0,0.0541945237316373,0.0796335175105362,0.0404096308169837,0.0,0.0,0.0,0.0,0.0
0.5431200973252086,0.0,0.0,0.0,0.0,0.0,0.0,0.0,0.0,0.0,0.0,0.0,0.0,0.0,0.0,0.0878337493234565,0.0,0.0185773644788212,0.0,0.0,0.5865244149862993,0.291660458705592,0.0,0.3927245848457684,0.0959132604940889,0.2352533708663396,0.0,0.0,0.0,0.0,0.4590757357494862,0.0429687528970556,0.2823974586775964,0.179523973064886,0.0,0.0,0.0,0.0,0.1751040488132922,0.3664304397397261,0.0614594931405243,0.0,0.0,0.0,0.0021696664694457,0.0,0.0,0.0,0.0,0.0,0.0,0.0,0.1460774053276582,0.0,0.0786151710407769,0.0,0.1108384669886141,0.329329111828093,0.0,0.3063937453557334,0.1428219267256144,0.0,0.2531170091893416,0.0,0.4019331749840263,0.5093936720769633,0.3631692369939678,0.0,0.3339671054818814,0.0,0.4425703154703327,0.0,0.4093348691644174,0.1388141972823908,0.0,0.3159055636366558
0.0,0.0913625855030783,0.0,0.0,0.0,0.0,0.0,0.0,0.0,0.0,0.0,0.0,0.0,0.0,0.4394315695856246,0.3379190151825615,0.0,0.3849351116913563,0.0,0.1346880630693363,0.0,0.3491856497732187,0.6040572055093397,0.0,0.4056232457957757,0.0,0.8149659147839352,0.0,0.5035117122659969,0.0,0.0,0.1812122953153658,0.0,0.0,0.0,0.0,0.0,0.0,0.2512674732181705,0.0,0.0,0.1502359822688184,0.0,0.0,0.0,0.0,0.0,0.0,0.0,0.0,0.5939413436464389,0.4267483074162069,0.1791464331012011,0.0,0.1918415902996227,0.0,0.0,0.0,0.0,0.1558576275537603,0.5175685561150902,0.2018434628383486,0.2546419648706142,0.0,0.0,0.0,0.2598618863575687,0.6056683342527119,0.0,0.6019466177659019,0.0,0.5905760515812516,0.0,0.3731418479868512,0.0,0.2132960262781127
