0.0,0.381242626125873,0.0,0.0,0.0,0.4102319700730442,0.0,0.408940294482113,0.0,0.4455438334818956,0.0,0.3173126140314058,0.0,0.0,0.2410498176327249,0.419298760319615,0.3351672965375039,0.3487425684426692,0.0,0.4240515881981752,0.5821890220667035,0.5034175967516713,0.4198984889100249,0.4790254321899654,0.3763874181943938,0.4340166657922532,0.5063609266599284,0.4690332500119238,0.4474540085890278,0.0,0.5141603854426632,0.289406780672926,0.1613965636740664,0.3935396416136836,0.0188653614182442,0.0,0.0,0.0,0.2240321619515249,0.4191613427754586,0.3587966704574687,0.0,0.0,0.0,0.0,0.5873188250505486,0.4164275311309101,0.0,0.0,0.0,0.0,0.0,0.0,0.0,0.49352929585012,0.0,0.0,0.0,0.0,0.0,0.3934345583312668,0.0,0.4195235572192924,0.0,0.0,0.5978258159746943,0.3943909672341884,0.0,0.4903706876420911,0.4327544662044429,0.5132774065539183,0.0,0.0,0.0,0.0,0.0
0.381242626125873,0.0,0.0,0.0,0.1767958901213907,0.4820473219273924,0.1488167913796425,0.4205772729114865,0.3219534834661484,0.0,0.0,0.0,0.3299686287411776,0.0,0.1806128337243504,0.47782238672209,0.0,0.4054091831679583,0.0,0.3136608527885889,0.3996083702259293,0.409293403035563,0.47789670207255,0.0,0.4021875928623483,0.5669776288624225,0.3572503504277238,0.255695691670148,0.25363896454307,0.0,0.3225843083371104,0.2489030460066956,0.0421368891891738,0.2622179332364009,0.0,0.0,0.0,0.0,0.2584485903434762,0.3156109552597492,0.3314632247743025,0.1481343215226975,0.0,0.0,0.0,0.3047790325859776,0.4875153504170756,0.0,0.0,0.0,0.0,0.0,0.0,0.0,0.0,0.0,0.0,0.0,0.0,0.2292995163882762,0.1715166680408209,0.0,0.3968463943201061,0.0,0.2406543469207742,0.3291329932135824,0.2438240930281986,0.4405397158022582,0.0,0.4008849517736611,0.51064459173065,0.3753252254926087,0.0,0.1062796804957196,0.0,0.2623673601495357
0.0,0.0,0.0,0.0,0.5014936414838749,0.4217900099994008,0.35245049355397,0.309292101313478,0.5795818755551885,0.4441213712335243,0.4942382808611998,0.0,0.4333106338053205,0.0,0.0,0.0,0.0,0.0,0.5805648997914045,0.0,0.0,0.0,0.3981029828480403,0.0,0.0,0.0,0.549859315536934,0.4965081879409701,0.0,0.3373761848099827,0.3895987015147751,0.316413155906017,0.0,0.3048540459437002,0.0022849044552243,0.0827433332671811,0.1813113058691538,0.0,0.2290562593801299,0.0,0.0,0.0,0.2942496816709574,0.0,0.0,0.0,0.0,0.4959145697327435,0.0,0.4173630301476983,0.3677077841926057,0.0,0.2305134505511811,0.5299240525295436,0.0,0.2985510695589397,0.0,0.0,0.0579137196304579,0.0,0.0,0.0,0.0,0.3644137413353304,0.0,0.0,0.0,0.3491285826568165,0.0,0.0,0.0,0.4526109358558633,0.0,0.0,0.0,0.0
0.0,0.0,0.0,0.0,0.1965004701279177,0.2877167755021497,0.3356693077452787,0.2315552033129773,0.2310581957089423,0.2931984867024425,0.1000067670680401,0.0,0.2350055488834334,0.0,0.0,0.0,0.0,0.0,0.2553130524050639,0.0,0.0,0.0,0.2473020254074185,0.0,0.0,0.0,0.2477355377728295,0.2146154403397642,0.0,0.0,0.0,0.187552313776602,0.0,0.1444702496364422,0.0,0.0783493950491191,0.1674473106964524,0.0,0.0,0.0,0.0,0.0,0.0,0.0,0.0,0.0,0.0,0.0,0.0,0.0,0.0,0.0,0.0,0.0,0.0,0.0,0.0,0.0,0.0,0.0,0.0,0.0,0.0,0.0,0.0,0.0,0.0,0.0,0.0,0.0,0.0,0.0,0.0,0.0,0.0,0.0
0.0,0.1767958901213907,0.5014936414838749,0.1965004701279177,0.0,0.3672310815094126,0.4653648945573576,0.3042573064085728,0.5525527506376541,0.2896189081111416,0.5176801291300887,0.24371121394605,0.4731447166378404,0.0462888260754542,0.0,0.0,0.0,0.0,0.4516744818188468,0.4628996600559569,0.0,0.4441640804589204,0.3057797765194861,0.0,0.1038838363254371,0.0,0.5010206287048528,0.4575228089891511,0.4269751735518188,0.0,0.3242337542042052,0.3536405252573312,0.2231267912904448,0.2854750811932542,0.0211346480405451,0.05398054719575,0.0,0.0007026467129499,0.0,0.0,0.0,0.0,0.2220372732083873,0.0,0.0,0.0,0.0,0.4241028107486379,0.0,0.0,0.0,0.0,0.2776384743773137,0.5227899249973375,0.0,0.3352620760242062,0.0,0.0,0.0,0.0,0.0,0.0,0.0,0.0,0.0,0.0,0.0,0.3343258090230857,0.0,0.0,0.0,0.4619657916527978,0.0,0.0,0.0,0.0
0.4102319700730442,0.4820473219273924,0.4217900099994008,0.2877167755021497,0.3672310815094126,0.0,0.3622458114734124,0.4950053834869851,0.5158850219119616,0.3499344396758307,0.2992775969038253,0.0,0.4909560888887208,0.1527830970159485,0.2305409839464127,0.3822552611852412,0.0,0.367952902413816,0.4437677675717466,0.4702576834482561,0.4863716773701212,0.5015827235830048,0.557513680555384,0.0,0.3170097562187212,0.4945230430865222,0.5080230880779129,0.335605556058162,0.4800714156357631,0.3182670696875536,0.3684198857955627,0.3639768690199886,0.1847757862940285,0.319452408158659,0.0545286331164633,0.2082257939364037,0.1177297200724753,0.0,0.2835244280115011,0.0,0.3267270436095983,0.1251987547393814,0.3040581279939247,0.0,0.0,0.0,0.0,0.429203349869111,0.0,0.0,0.5755049967958386,0.3901215128834014,0.4660927832854483,0.4423013124515181,0.0,0.2095534286602921,0.0,0.4561764498114726,0.0,0.218519602701111,0.0,0.0,0.0,0.4433728929208996,0.3219328983124778,0.3769136194017492,0.31940652826905,0.524368334373166,0.0,0.0,0.0,0.4253686008561226,0.3097458482867625,0.1788426612399443,0.0,0.2901884033226487
0.0,0.1488167913796425,0.35245049355397,0.3356693077452787,0.4653648945573576,0.3622458114734124,0.0,0.2930715227056015,0.4083455820955421,0.3327677902613588,0.3584163231657656,0.2867637946266101,0.4419513862452816,0.029384688647827,0.0,0.1168434479679611,0.1481927299727356,0.101983897104934,0.3463487425156613,0.2714177655302692,0.0,0.2947608559626558,0.2646276033235125,0.354042329492069,0.0896293899106849,0.2142194820397056,0.3535935761603438,0.3527898921840362,0.4061040386197349,0.0,0.2506414528647121,0.3108027957570302,0.2609569034837005,0.2180499569307983,0.0,0.0479041923670952,0.0,-0.0044041779271014,0.0,0.0,0.0,0.0,0.0,0.0,0.0,0.0,0.0,0.0,0.0,0.0,0.3886253916501699,0.0,0.0,0.0,0.0,0.0,0.0,0.0,0.0,0.0,0.0,0.0,0.0,0.0,0.0,0.0,0.0,0.2635057186326975,0.0,0.0,0.0,0.2732797568287146,0.0,0.0,0.0,0.0
0.408940294482113,0.4205772729114865,0.309292101313478,0.2315552033129773,0.3042573064085728,0.4950053834869851,0.2930715227056015,0.0,0.3372547192122044,0.3553381794679802,0.2613727620053497,0.0,0.3388192509948064,0.1567243081374744,0.1514131212725534,0.3250779418693265,0.0,0.2191019325817373,0.40008567447795,0.3752199659505852,0.4992890766364551,0.382289675830336,0.5754586329825556,0.4782797988335265,0.2257800309789523,0.4476076764101453,0.3831743980098787,0.3176442451685902,0.3984537358929388,0.3771160690625861,0.3782011283131435,0.2454583992617314,0.2509754269957875,0.3547387617958076,0.0839315285148438,0.1926034616316725,0.0,0.0,0.1614984350405271,0.0,0.2747141004581833,0.0,0.2466783319540419,0.0,0.0,0.0,0.0,0.384869920954054,0.0,0.2833343439904209,0.4639835110393449,0.3265006871227732,0.5629727441439081,0.3582064333268787,0.0,0.1691698188082862,0.0,0.3206108408852286,0.1453425977049935,0.1768516434338851,0.0,0.0,0.0,0.4549413129625056,0.2016928652857878,0.4172593288206012,0.0,0.5417469796894407,0.0,0.0,0.0,0.3535623189663084,0.3173167471218186,0.1795077754687647,0.0,0.2610584627211686
0.0,0.3219534834661484,0.5795818755551885,0.2310581957089423,0.5525527506376541,0.5158850219119616,0.4083455820955421,0.3372547192122044,0.0,0.3848107451454097,0.4696357677898847,0.3405130020556195,0.5185348479174151,0.0174694105689966,0.0,0.3483588431831677,0.0,0.0,0.5066255056563792,0.5410522756072071,0.0,0.5461592979869199,0.4229934852167692,0.0,0.0,0.0,0.578082324851631,0.5088396849894115,0.4645565351793986,0.3940560313149929,0.408713393806586,0.4121102816183414,0.2171107289101321,0.316876654826015,0.0247749287433104,0.1336394950471517,0.111264319420765,0.0,0.2764718511369204,0.0,0.0,0.0,0.3181046276557502,0.0,0.0,0.0,0.0,0.4997059995288391,0.0,0.0,0.4395859821956652,0.0,0.3103976387097897,0.6060770910578793,0.0,0.3216026159616465,0.0,0.0,0.1587904547357833,0.0,0.0,0.0,0.0,0.3552031709203236,0.0,0.0,0.0,0.41819925087105,0.0,0.0,0.0,0.5142202759687707,0.0,0.0,0.0,0.0
0.4455438334818956,0.0,0.4441213712335243,0.2931984867024425,0.2896189081111416,0.3499344396758307,0.3327677902613588,0.3553381794679802,0.3848107451454097,0.0,0.2446498915416844,0.5324986719816718,0.3281101853379749,0.0,0.0,0.3226838842768235,0.4628099892252751,0.3648468405369417,0.3897500057832512,0.0,0.0,0.4341402743134129,0.3739169845000611,0.4736149477145863,0.300061726059629,0.4055755980728626,0.3876837781760613,0.433483478940416,0.0,0.0,0.4704378734008802,0.2504190858597446,0.1967188905104213,0.3811658275823756,0.0,0.0598797439765652,0.2060448493891233,0.0,0.1880386599544514,0.3545791141052245,0.2812642123036438,0.0,0.0,0.0,0.0,0.0,0.0,0.0,0.0,0.0,0.0,0.0,0.0,0.0,0.5733750722557189,0.0,0.5311646327641751,0.0,0.0,0.0,0.0,0.4730447974035609,0.4100326434113112,0.0,0.0,0.0,0.0,0.0,0.4214096872369328,0.4168293162462688,0.4889351269541954,0.0,0.4710373865601855,0.0,0.0,0.471273525108838
0.0,0.0,0.4942382808611998,0.1000067670680401,0.5176801291300887,0.2992775969038253,0.3584163231657656,0.2613727620053497,0.4696357677898847,0.2446498915416844,0.0,0.2175118356725047,0.3982190543139069,0.0753272786083734,0.0,0.0,0.0,0.0,0.5091780802670541,0.0,0.0,0.0,0.237185950213973,0.0,0.0,0.0,0.422765192204467,0.4678335454248578,0.0,0.0,0.2736358245655046,0.1702068617088341,0.168668206986,0.238682028854734,0.0,0.0975376665461225,0.0,0.0,0.0729257262837129,0.0,0.0,0.0,0.1820824687163788,0.0,0.0,0.0,0.0,0.3271176626170859,0.0,0.3880531209206311,0.2406640962982667,0.1808389233136245,0.179697465012017,0.4730956931736713,0.0,0.3572180706682518,0.0,0.2343675149010796,0.0178665564407357,0.0,0.0,0.0,0.0,0.2159676037415362,0.0,0.0,0.0,0.2373285966653832,0.0,0.0,0.0,0.3369197951879952,0.0,0.0,0.0,0.0
0.3173126140314058,0.0,0.0,0.0,0.24371121394605,0.0,0.2867637946266101,0.0,0.3405130020556195,0.5324986719816718,0.2175118356725047,0.0,0.3152159825720437,0.0,0.0,0.0,0.4271371517625127,0.3343533696316598,0.0,0.0,0.0,0.0,0.0,0.4566986525401574,0.2621630654881128,0.3511804374549465,0.0,0.3900324838288297,0.0,0.0,0.3678005604431545,0.2224501021988499,0.0607509308593373,0.3211361014548681,0.0,0.1892684194646269,0.2235398037153854,0.0,0.201568739117825,0.2557274228041615,0.1522486411936169,0.0,0.0,0.0,0.0,0.0,0.0,0.0,0.0,0.0,0.0,0.0,0.0,0.0,0.3988024683097163,0.0,0.5850549200069327,0.0,0.0,0.0,0.0,0.3559961073917958,0.3308250905437114,0.0,0.0,0.0,0.0,0.0,0.2472271189933943,0.2364968305831084,0.3573966062168592,0.0,0.0,0.0,0.0,0.2929595814078012
0.0,0.3299686287411776,0.4333106338053205,0.2350055488834334,0.4731447166378404,0.4909560888887208,0.4419513862452816,0.3388192509948064,0.5185348479174151,0.3281101853379749,0.3982190543139069,0.3152159825720437,0.0,0.071236811453531,0.1483405262268168,0.2750147180556542,0.2164649662576908,0.2035171049508886,0.4248899951710977,0.4045616865954995,0.397453618702664,0.4264123569905866,0.3396032845275831,0.4069849750560567,0.1915810249887476,0.3597248389727471,0.4271785326229744,0.5085431292120272,0.3942558466103379,0.4432331549428425,0.3131218520113539,0.3687528269026799,0.2053411495033737,0.2557366938289381,0.0213985713990825,0.1263752354663299,0.0242927905943585,0.051037195727945,0.1980441835281678,0.0,0.0,0.0,0.346254330098419,0.0,0.0,0.0,0.0,0.3754245030658302,0.0,0.0,0.4324819208558222,0.0,0.3156698253351558,0.0,0.0,0.0,0.0,0.0,0.0,0.0,0.0,0.0,0.0,0.0,0.0,0.0,0.0,0.3323916524569328,0.0,0.0,0.0,0.3769385039465652,0.0,0.2159673825795982,0.0,0.0
0.0,0.0,0.0,0.0,0.0462888260754542,0.1527830970159485,0.029384688647827,0.1567243081374744,0.0174694105689966,0.0,0.0753272786083734,0.0,0.071236811453531,0.0,0.0,0.0,0.0,0.0,0.0232393228271849,0.0,0.0873528312935903,0.0,0.1227312520055773,0.0,0.0,0.0,0.0399008865391966,0.0070510665669017,0.0,0.0,0.065318552168194,0.0294140866461334,0.0,0.1103690043467248,0.0,0.2722442210977189,0.0,0.0,0.0,0.0,0.0,0.0,0.0188491815141049,0.0,0.0,0.0,0.0,0.0220299076544751,0.0,0.0,0.0,0.0,0.0,0.0170159909004392,0.0,0.0444593099934736,0.0,0.0,0.0,0.0,0.0,0.0,0.0,0.0,0.0,0.0,0.0,0.1458263825886871,0.0,0.0,0.0,0.0,0.0,0.0,0.0,0.0
0.2410498176327249,0.1806128337243504,0.0,0.0,0.0,0.2305409839464127,0.0,0.1514131212725534,0.0,0.0,0.0,0.0,0.1483405262268168,0.0,0.0,0.232519974329218,0.0,0.2237479789581601,0.0,0.4312950467620237,0.353475709434568,0.4452161292453107,0.3080850070942335,0.2043871863448178,0.137591583749911,0.250151708155977,0.3897197425310727,0.2028293837964364,0.2277267656754557,0.0,0.3027079574502741,0.3285121221061857,0.0,0.1208864199191744,0.0,0.0,0.0,0.0,0.3163674719249159,0.0727052785249292,0.0845464840788255,-0.0004970636208852,0.0,0.0,0.0,0.0,0.2507136598387388,0.0,0.0,0.0,0.2333400413815613,0.0,0.1870907009678754,0.0,0.0,0.0,0.0,0.0,0.0,0.6083037335464093,0.2485148141655329,0.0,0.0,0.0,0.4247899871455542,0.3521575914709687,0.4389439883106588,0.2938906558156383,0.0,0.0,0.3327857638182793,0.3643532491267662,0.1808884561322262,0.254360968983804,0.0,0.3525925482201376
0.419298760319615,0.47782238672209,0.0,0.0,0.0,0.3822552611852412,0.1168434479679611,0.3250779418693265,0.3483588431831677,0.3226838842768235,0.0,0.0,0.2750147180556542,0.0,0.232519974329218,0.0,0.297688925704063,0.4429883584355601,0.0,0.3491415719774123,0.4186812480173927,0.449286023097019,0.3719443988737707,0.382801522579309,0.4247428903177789,0.4600185755964302,0.4038875321344322,0.2897105626369929,0.2898620863972524,0.147018037681487,0.4400160615042648,0.257438018489624,0.0,0.3248458591633487,0.0,0.0,0.0,0.0,0.3117071180324132,0.3062483784422878,0.3130872048365042,0.2140558471201571,0.0,0.0,0.0,0.3579804918583569,0.401414921121952,0.0,0.0,0.0,0.0,0.0,0.0,0.0,0.0,0.0,0.0,0.0,0.0,0.2513301491125259,0.2026389767183868,0.0,0.3783720267264226,0.0,0.2779649012666946,0.3678630941799837,0.2619919240111377,0.0,0.0,0.3362663511542818,0.4397438056384778,0.0,0.0,0.0,0.0,0.3292525899909785
0.3351672965375039,0.0,0.0,0.0,0.0,0.0,0.1481927299727356,0.0,0.0,0.4628099892252751,0.0,0.4271371517625127,0.2164649662576908,0.0,0.0,0.297688925704063,0.0,0.4807665903302786,0.0,0.2307126151477256,0.0,0.3289907197757667,0.0,0.3038287086837647,0.3851281298808972,0.386425762020875,0.0,0.2559933969711822,0.0,0.0,0.2724838108540374,0.1442862104769645,0.0,0.1715909947880792,0.0,0.0,0.0,0.0,0.0,0.1574117354519655,0.2289442041621005,0.0,0.0,0.0,0.0,0.0,0.0,0.0,0.0,0.0,0.0,0.0,0.0,0.0,0.3946252762821164,0.0,0.4260058747108596,0.0,0.0,0.0,0.0,0.4277266251828137,0.4052264699737715,0.0,0.0,0.0,0.0,0.0,0.2536182519145232,0.3245364536319529,0.409632057402814,0.0,0.0,0.0,0.0,0.0
0.3487425684426692,0.4054091831679583,0.0,0.0,0.0,0.367952902413816,0.101983897104934,0.2191019325817373,0.0,0.3648468405369417,0.0,0.3343533696316598,0.2035171049508886,0.0,0.2237479789581601,0.4429883584355601,0.4807665903302786,0.0,0.0,0.2434524917801109,0.331835775802856,0.3656192617453109,0.3048057171454579,0.3017739751333367,0.4450594715838936,0.4514460155189121,0.29943866706401,0.1764352289325575,0.1601498225081082,0.0,0.2905783216157134,0.1517909377378715,0.0,0.1747532898902624,0.0,0.0,0.0,0.0,0.2483488893566672,0.1763706236695089,0.3085533498505845,0.1499576866059209,0.0,0.0,0.0,0.3334283755719677,0.4319369683536258,0.0,0.0,0.0,0.0,0.0,0.0,0.0,0.300060431863334,0.0,0.3407612150596991,0.0,0.0,0.0,0.2554744037609123,0.4086597083613386,0.3885872403221458,0.0,0.0,0.0,0.3928465294669879,0.0,0.1832383140143694,0.2949019207671887,0.4064042205146031,0.0,0.0,0.0,0.0,0.3581258504812387
0.0,0.0,0.5805648997914045,0.2553130524050639,0.4516744818188468,0.4437677675717466,0.3463487425156613,0.40008567447795,0.5066255056563792,0.3897500057832512,0.5091780802670541,0.0,0.4248899951710977,0.0232393228271849,0.0,0.0,0.0,0.0,0.0,0.0,0.0,0.0,0.4212117534200594,0.0,0.0,0.0,0.4819551893732376,0.4690918878542306,0.0,0.0,0.3885684208827333,0.2289876327681063,0.0,0.3160322077828872,0.0208219295508036,0.1196454517542471,0.0744027313889329,0.0,0.1294425121232409,0.0,0.0,0.0,0.3073332303195704,0.0,0.0,0.0,0.0,0.4878719984911056,0.0,0.0,0.3711116400204864,0.0,0.3145438827683214,0.4763337405803706,0.0,0.2679269531732529,0.0,0.0,0.0609105767671927,0.0,0.0,0.0,0.0,0.4995900388526069,0.0,0.0,0.0,0.4093394668545537,0.0,0.0,0.0,0.4164994891472706,0.0,0.0,0.0,0.0
0.4240515881981752,0.3136608527885889,0.0,0.0,0.4628996600559569,0.4702576834482561,0.2714177655302692,0.3752199659505852,0.5410522756072071,0.0,0.0,0.0,0.4045616865954995,0.0,0.4312950467620237,0.3491415719774123,0.2307126151477256,0.2434524917801109,0.0,0.0,0.4864634935629757,0.6521339729310301,0.4804677772495136,0.0,0.1494587188348339,0.3537945435085105,0.5599635463454236,0.4540576734540648,0.4708865980483392,0.3754870271257984,0.4444186105796623,0.4016077660509071,0.1960777554734049,0.3038519674450739,0.0476301520540618,0.1571549264237371,0.1243007992196291,0.0,0.3228184493086197,0.3166132012212277,0.2206260377827496,0.108754960916648,0.0,0.0,0.0,0.0,0.2746110316005989,0.0,0.0,0.0,0.4339468256029088,0.0,0.3735900797298661,0.0,0.0,0.0,0.0,0.0,0.0,0.4118025937849173,0.0,0.0,0.0,0.0,0.5157397352973662,0.4221691350682674,0.4300391724861847,0.4861456289655394,0.0,0.0,0.4686102897942474,0.5390807238312368,0.3902103132158672,0.2555121239338167,0.0,0.3795662692721961
0.5821890220667035,0.3996083702259293,0.0,0.0,0.0,0.4863716773701212,0.0,0.4992890766364551,0.0,0.0,0.0,0.0,0.397453618702664,0.0873528312935903,0.353475709434568,0.4186812480173927,0.0,0.331835775802856,0.0,0.4864634935629757,0.0,0.5344174343798228,0.5171995351160055,0.4585538523964951,0.334108954729055,0.4667274956123849,0.5388931146816416,0.4142601564273246,0.4746937150842337,0.3716895373866526,0.4877355701329369,0.3732188832680821,0.1613937326173036,0.3849144532260333,0.0744077408095511,0.1441302426701444,0.0,0.0,0.3171690828669481,0.3803667092631792,0.3362500610389208,0.1307429535104349,0.0,0.0,0.0,0.5367735330313348,0.4449688450302217,0.0,0.0,0.0,0.4463946195567689,0.0,0.4356097597704702,0.0,0.0,0.0,0.0,0.0,0.0,0.3219210448109634,0.3985318439152682,0.0,0.0,0.0,0.4276181830023515,0.6177935902264551,0.399986445945557,0.5051520402611585,0.0,0.4677424051681067,0.5606707821113659,0.4690885818827607,0.4249117452418252,0.3762718099940159,0.0,0.4367575631199222
0.5034175967516713,0.409293403035563,0.0,0.0,0.4441640804589204,0.5015827235830048,0.2947608559626558,0.382289675830336,0.5461592979869199,0.4341402743134129,0.0,0.0,0.4264123569905866,0.0,0.4452161292453107,0.449286023097019,0.3289907197757667,0.3656192617453109,0.0,0.6521339729310301,0.5344174343798228,0.0,0.487202244560541,0.0,0.2796768386059156,0.4569556161742395,0.5980098363447944,0.4742822057474398,0.45022381738866,0.319316573234998,0.4870414775260699,0.3912540074336207,0.1525480957320588,0.3442108175181108,-0.0008624355426749,0.1789498179309519,0.1723399064799557,0.0,0.3272669609216585,0.3399147140408564,0.2827334517580099,0.1461010737115707,0.0,0.0,0.0,0.4462896796033451,0.3853146481340866,0.0,0.0,0.0,0.4455161962379226,0.0,0.0,0.0,0.0,0.0,0.0,0.0,0.0,0.436535530792115,0.3114076849797495,0.0,0.4107073879430892,0.0,0.5573758199077881,0.477210014807765,0.490477304763867,0.4700168907016915,0.0,0.3728019951361425,0.5279439721283745,0.5511928594515093,0.0,0.290036701812009,0.0,0.4200372873392882
0.4198984889100249,0.47789670207255,0.3981029828480403,0.2473020254074185,0.3057797765194861,0.557513680555384,0.2646276033235125,0.5754586329825556,0.4229934852167692,0.3739169845000611,0.237185950213973,0.0,0.3396032845275831,0.1227312520055773,0.3080850070942335,0.3719443988737707,0.0,0.3048057171454579,0.4212117534200594,0.4804677772495136,0.5171995351160055,0.487202244560541,0.0,0.4638037608163618,0.274127169430869,0.5077299995921418,0.4909964903408722,0.274115057454128,0.4179645105927194,0.2809591516253902,0.3782956739101927,0.3392973236263616,0.1998259309167228,0.2992442042756887,0.0552002361773494,0.1545181723395709,0.0499955380811573,0.0,0.3068832223381004,0.3674243301003386,0.2888376154318425,0.1306782798987421,0.2885337523789875,0.0,0.0,0.0,0.4026860001181077,0.4643158188764796,0.0,0.3326024693030958,0.5322272153096422,0.3814122137641945,0.5580789326233023,0.4080218413997175,0.0,0.1946367775356287,0.0,0.4024808132275317,0.2085298018605344,0.3012142358453783,0.0,0.0,0.0,0.4775905718821283,0.2978420275209485,0.4223384470471351,0.2867792877165093,0.6314615887443629,0.0,0.0,0.5314218705735941,0.4348893522204738,0.2800444520468832,0.1741130320595807,0.2519950828094617,0.3307021451098366
0.4790254321899654,0.0,0.0,0.0,0.0,0.0,0.354042329492069,0.4782797988335265,0.0,0.4736149477145863,0.0,0.4566986525401574,0.4069849750560567,0.0,0.2043871863448178,0.382801522579309,0.3038287086837647,0.3017739751333367,0.0,0.0,0.4585538523964951,0.0,0.4638037608163618,0.0,0.3170321374499507,0.4601570577456366,0.4092268374034817,0.4368197674339412,0.0,0.0,0.4358138747723062,0.2597774083707488,0.1776047157742749,0.4301406510369797,0.0,0.1772758233958481,0.0,0.0,0.1682238523946585,0.4028204427332811,0.3158457390602585,0.0,0.0,0.0,0.0086193426869413,0.4083209395754599,0.0,0.0,0.0,0.0,0.0,0.0,0.0,0.0,0.4545496907842775,0.0,0.4829990192524618,0.0,0.0,0.0,0.2490424767354473,0.4166619434401368,0.3977797171660642,0.0,0.0,0.0,0.0,0.0,0.472816670914888,0.3643350258097785,0.4926658177684282,0.0,0.0,0.0,0.0,0.2937869652541143
0.3763874181943938,0.4021875928623483,0.0,0.0,0.1038838363254371,0.3170097562187212,0.0896293899106849,0.2257800309789523,0.0,0.300061726059629,0.0,0.2621630654881128,0.1915810249887476,0.0,0.137591583749911,0.4247428903177789,0.3851281298808972,0.4450594715838936,0.0,0.1494587188348339,0.334108954729055,0.2796768386059156,0.274127169430869,0.3170321374499507,0.0,0.4536149408509832,0.2771539383277288,0.1583819862515504,0.159195684577575,0.0,0.2720617723484927,0.1358042783743534,0.0,0.2268869293570309,0.0,0.0,0.0,0.0,0.1685794816005211,0.1939831929511742,0.2913444437110456,0.1333540758803124,0.0,0.0,0.0,0.2877531484706313,0.4985587685449149,0.0,0.0,0.0,0.0,0.0,0.0,0.0,0.3275911869094405,0.0,0.2782954837963297,0.0,0.0,0.0,0.2346593426289277,0.3983696951441717,0.3552446045136667,0.0,0.2340224772473514,0.337689766696478,0.3015565657096133,0.0,0.2436458867675562,0.33726878430392,0.386407019511721,0.0,0.0,0.0,0.0,0.2415018164403992
0.4340166657922532,0.5669776288624225,0.0,0.0,0.0,0.4945230430865222,0.2142194820397056,0.4476076764101453,0.0,0.4055755980728626,0.0,0.3511804374549465,0.3597248389727471,0.0,0.250151708155977,0.4600185755964302,0.386425762020875,0.4514460155189121,0.0,0.3537945435085105,0.4667274956123849,0.4569556161742395,0.5077299995921418,0.4601570577456366,0.4536149408509832,0.0,0.3944486542090656,0.2887132841819181,0.2535390582632946,0.0,0.3313112365823779,0.3023355368025524,0.0824883059579122,0.2340705943308261,0.0,0.1279166461848289,0.0,0.0,0.2601699132732893,0.3346745868585245,0.3565042743470969,0.1456704732697128,0.0,0.0,0.0254332654646796,0.3726751425883519,0.5109889897412865,0.0,0.0,0.0,0.0,0.0,0.0,0.0,0.4121391556876833,0.0,0.4227377324029743,0.0,0.0,0.3097843883537444,0.2734137677444174,0.5049559609772951,0.4584377757095848,0.0,0.3431325147915727,0.3901134208745753,0.3502463436900782,0.4439813711699063,0.3348229609567754,0.4355006557730167,0.5736655085360084,0.3549507031034091,0.0,0.1642028685955378,0.0,0.3281188014457456
0.5063609266599284,0.3572503504277238,0.549859315536934,0.2477355377728295,0.5010206287048528,0.5080230880779129,0.3535935761603438,0.3831743980098787,0.578082324851631,0.3876837781760613,0.422765192204467,0.0,0.4271785326229744,0.0399008865391966,0.3897197425310727,0.4038875321344322,0.0,0.29943866706401,0.4819551893732376,0.5599635463454236,0.5388931146816416,0.5980098363447944,0.4909964903408722,0.4092268374034817,0.2771539383277288,0.3944486542090656,0.0,0.4328332865581066,0.5070182543572936,0.3263365502890814,0.4491850610403626,0.3983717444761813,0.1220572041202714,0.3501276399259855,0.056511127019395,0.1230629127570493,0.1170232117638822,0.0,0.2753637076147247,0.0,0.236402025097716,0.0801511427681394,0.2950891967140844,0.0,0.0,0.0,0.3917413259709147,0.4880387594683717,0.0,0.0,0.4617298908762751,0.4451597827358589,0.3589258596630522,0.5564238353547956,0.0,0.3326120605652699,0.0,0.3478961320705128,0.1604847830428689,0.3483892573394775,0.0,0.0,0.0,0.3808580145318547,0.4263766775143274,0.5005963955594803,0.3761798793411413,0.4791544446942045,0.0,0.0,0.5039346793704688,0.6044722501781985,0.3569062888495564,0.3319301580449894,0.2930332901984183,0.3412790728626467
0.4690332500119238,0.255695691670148,0.4965081879409701,0.2146154403397642,0.4575228089891511,0.335605556058162,0.3527898921840362,0.3176442451685902,0.5088396849894115,0.433483478940416,0.4678335454248578,0.3900324838288297,0.5085431292120272,0.0070510665669017,0.2028293837964364,0.2897105626369929,0.2559933969711822,0.1764352289325575,0.4690918878542306,0.4540576734540648,0.4142601564273246,0.4742822057474398,0.274115057454128,0.4368197674339412,0.1583819862515504,0.2887132841819181,0.4328332865581066,0.0,0.3967343143997616,0.4911087609370464,0.4610518889859877,0.2486970110482491,0.2703307538636696,0.4088005359225357,0.0,0.1625019477784482,0.1310153272920716,0.0,0.1045919396989871,0.0,0.2285502583275839,0.1398607186193514,0.3141556812439535,0.0,0.0,0.0,0.0,0.0,0.0,0.0,0.2988345284365399,0.0,0.2163589469842158,0.0,0.0,0.0,0.0,0.0,0.0,0.2377025242654405,0.0,0.0,0.0,0.0,0.4266507870133121,0.4167034600337282,0.0,0.2813296734224945,0.0,0.0,0.0,0.3635806939093777,0.5680402445404954,0.2736096078530793,0.0,0.3330618213118597
0.4474540085890278,0.25363896454307,0.0,0.0,0.4269751735518188,0.4800714156357631,0.4061040386197349,0.3984537358929388,0.4645565351793986,0.0,0.0,0.0,0.3942558466103379,0.0,0.2277267656754557,0.2898620863972524,0.0,0.1601498225081082,0.0,0.4708865980483392,0.4746937150842337,0.45022381738866,0.4179645105927194,0.0,0.159195684577575,0.2535390582632946,0.5070182543572936,0.3967343143997616,0.0,0.4743507047395732,0.4455189080763134,0.3045475038720304,0.295674122810262,0.3615212861071901,0.1195986846129466,0.1311636060931298,0.0584412767015728,0.0,0.1667489258052696,0.0,0.2585282535499751,0.1557712413593998,0.0,0.0,0.0,0.0,0.2933091981713251,0.0,0.0,0.0,0.4924005923520337,0.0,0.374069078160634,0.0,0.0,0.0,0.0,0.2960735784826784,0.0,0.1438489733404521,0.0,0.0,0.0,0.0,0.3066343851104835,0.4565430937663176,0.2690139161195605,0.435365224217974,0.0,0.0,0.428712930649423,0.4361417258306731,0.3385499322666018,0.4425635357077033,0.0,0.3804128522488354
0.0,0.0,0.3373761848099827,0.0,0.0,0.3182670696875536,0.0,0.3771160690625861,0.3940560313149929,0.0,0.0,0.0,0.4432331549428425,0.0,0.0,0.147018037681487,0.0,0.0,0.0,0.3754870271257984,0.3716895373866526,0.319316573234998,0.2809591516253902,0.0,0.0,0.0,0.3263365502890814,0.4911087609370464,0.4743507047395732,0.0,0.3269176472563654,0.2422377211996764,0.0,0.3138558655913695,0.1025682744253179,0.0,0.0,0.0,0.0478103106491638,0.0,0.0,0.0,0.0,0.0,0.0,0.0,0.0,0.0,0.0,0.0,0.0,0.0,0.0,0.0,0.0,0.0,0.0,0.0,0.0,0.0,0.0,0.0,0.0,0.0,0.2407346945145269,0.0,0.0,0.3284053745933576,0.0,0.0,0.0,0.3171467218175796,0.0,0.0,0.0,0.0
0.5141603854426632,0.3225843083371104,0.3895987015147751,0.0,0.3242337542042052,0.3684198857955627,0.2506414528647121,0.3782011283131435,0.408713393806586,0.4704378734008802,0.2736358245655046,0.3678005604431545,0.3131218520113539,0.065318552168194,0.3027079574502741,0.4400160615042648,0.2724838108540374,0.2905783216157134,0.3885684208827333,0.4444186105796623,0.4877355701329369,0.4870414775260699,0.3782956739101927,0.4358138747723062,0.2720617723484927,0.3313112365823779,0.4491850610403626,0.4610518889859877,0.4455189080763134,0.3269176472563654,0.0,0.3354000317719039,0.2028782288101362,0.5006094030465778,0.0199997200581443,0.2413122012342138,0.1934811931537638,0.0,0.264009098140459,0.3671193954129929,0.3296842733772938,0.0,0.0,0.0,0.0,0.4628858298910527,0.3479258274512102,0.0,0.0,0.0,0.3462337281167627,0.0,0.3121703988725178,0.0,0.4674659800534332,0.0,0.3923916531904796,0.0,0.0,0.2780095491564935,0.3541039346429389,0.0,0.3886134566523535,0.0,0.3933842940678181,0.4818639795980928,0.3848011695411663,0.3720888163108916,0.4097165446796121,0.3553561445649474,0.4377922263449943,0.3990363135060145,0.4268979728780115,0.3458016772421943,0.0,0.4787175066410366
0.289406780672926,0.2489030460066956,0.316413155906017,0.187552313776602,0.3536405252573312,0.3639768690199886,0.3108027957570302,0.2454583992617314,0.4121102816183414,0.2504190858597446,0.1702068617088341,0.2224501021988499,0.3687528269026799,0.0294140866461334,0.3285121221061857,0.257438018489624,0.1442862104769645,0.1517909377378715,0.2289876327681063,0.4016077660509071,0.3732188832680821,0.3912540074336207,0.3392973236263616,0.2597774083707488,0.1358042783743534,0.3023355368025524,0.3983717444761813,0.2486970110482491,0.3045475038720304,0.2422377211996764,0.3354000317719039,0.0,0.1057913586739031,0.1641774371462361,0.0648760141554646,0.0890832965684618,0.0383669312181054,0.0963777395466964,0.5297589236361134,0.2457705110799968,0.1459757082622549,0.0435569927612349,0.2774407627978112,0.0,0.0850046120474552,0.304823829769405,0.2513747457122781,0.2940311916143702,0.0,0.0,0.3646149921993282,0.0,0.3097307560095,0.3101501960670081,0.2921044499360645,0.1398247808969843,0.2432319111241192,0.2757612586248227,0.0,0.3079978186861504,0.2263892155422313,0.0,0.303054460291095,0.1997686175200334,0.2908081701459831,0.3020424864548325,0.2759165221642422,0.363436111186779,0.1684819854835517,0.3999753687612143,0.3773026953966454,0.3677324891626414,0.1376311705198939,0.1905582751794375,0.0,0.277741483589444
0.1613965636740664,0.0421368891891738,0.0,0.0,0.2231267912904448,0.1847757862940285,0.2609569034837005,0.2509754269957875,0.2171107289101321,0.1967188905104213,0.168668206986,0.0607509308593373,0.2053411495033737,0.0,0.0,0.0,0.0,0.0,0.0,0.1960777554734049,0.1613937326173036,0.1525480957320588,0.1998259309167228,0.1776047157742749,0.0,0.0824883059579122,0.1220572041202714,0.2703307538636696,0.295674122810262,0.0,0.2028782288101362,0.1057913586739031,0.0,0.2187740015558143,0.0894972461759906,0.1164114641175396,0.0393336250052166,0.1829943685987871,0.0,0.3047934401495399,0.1584368754203522,0.1301608678423097,0.0,0.0,0.073336486632135,0.1780078621692136,0.0,0.0,0.0,0.0,0.0,0.0,0.0,0.0,0.1648315007671348,0.0,0.1736468461440804,0.0,0.0,0.0,0.1484778471246809,0.107064384771731,0.1390254735396332,0.0,0.0854685289494164,0.1396555305720329,0.0470085685859944,0.1929051805170772,0.2883030341937014,0.0954267264964498,0.1770617801245028,0.1118077200187488,0.0,0.1007903725330161,0.0,0.1435130432227494
0.3935396416136836,0.2622179332364009,0.3048540459437002,0.1444702496364422,0.2854750811932542,0.319452408158659,0.2180499569307983,0.3547387617958076,0.316876654826015,0.3811658275823756,0.238682028854734,0.3211361014548681,0.2557366938289381,0.1103690043467248,0.1208864199191744,0.3248458591633487,0.1715909947880792,0.1747532898902624,0.3160322077828872,0.3038519674450739,0.3849144532260333,0.3442108175181108,0.2992442042756887,0.4301406510369797,0.2268869293570309,0.2340705943308261,0.3501276399259855,0.4088005359225357,0.3615212861071901,0.3138558655913695,0.5006094030465778,0.1641774371462361,0.2187740015558143,0.0,0.0,0.2823091918328027,0.131362813646555,0.0,0.0604560263988554,0.3447717555787993,0.3302476797569333,0.2380840160774389,0.2247677453839738,0.0,0.0,0.32745133682785,0.2808613843263231,0.0,0.0,0.0,0.2444672611276366,0.0,0.2204457229014141,0.0,0.3604681077478066,0.0,0.3562683961776034,0.0,0.0,0.1244178096368091,0.1993068184779325,0.0,0.2507245073597589,0.0,0.2231153308281976,0.3592829188404396,0.2245002822614306,0.2821151006670625,0.3877195336061741,0.2463897864394723,0.3109271667545135,0.2580614490553147,0.3671993197315318,0.199744981787375,0.0,0.2526427246990752
0.0188653614182442,0.0,0.0022849044552243,0.0,0.0211346480405451,0.0545286331164633,0.0,0.0839315285148438,0.0247749287433104,0.0,0.0,0.0,0.0213985713990825,0.0,0.0,0.0,0.0,0.0,0.0208219295508036,0.0476301520540618,0.0744077408095511,-0.0008624355426749,0.0552002361773494,0.0,0.0,0.0,0.056511127019395,0.0,0.1195986846129466,0.1025682744253179,0.0199997200581443,0.0648760141554646,0.0894972461759906,0.0,0.0,0.0166202211391332,0.0,0.1944135209564902,0.0,0.0663549945070928,0.0612914913531388,0.0609583152978266,0.0,0.0,0.0847106951612146,0.0,0.0,0.0,0.0,0.0,0.0,0.0,0.0,0.0,0.0,0.0,0.0,0.0,0.0,0.0,0.0,0.0,0.0,0.0,0.0,0.0608290589917969,0.0,0.0826547498231889,0.0,0.0,0.0,0.0810392047557845,0.0,0.0379560532554897,0.0,0.0
0.0,0.0,0.0827433332671811,0.0783493950491191,0.05398054719575,0.2082257939364037,0.0479041923670952,0.1926034616316725,0.1336394950471517,0.0598797439765652,0.0975376665461225,0.1892684194646269,0.1263752354663299,0.2722442210977189,0.0,0.0,0.0,0.0,0.1196454517542471,0.1571549264237371,0.1441302426701444,0.1789498179309519,0.1545181723395709,0.1772758233958481,0.0,0.1279166461848289,0.1230629127570493,0.1625019477784482,0.1311636060931298,0.0,0.2413122012342138,0.0890832965684618,0.1164114641175396,0.2823091918328027,0.0166202211391332,0.0,0.137006377788089,0.0,0.0329268412221892,0.1806275936653567,0.2057636180111204,0.1730555110779176,0.1320526999269489,0.1380295082494571,0.0,0.0,0.0,0.0740804429508782,0.0,0.0,0.1203411746228917,0.0289535592600175,0.1537570225234676,0.1261402401496113,0.0,0.0546712905544005,0.1692404368007399,0.1543661677806895,0.0823960876804694,0.0,0.0,0.0,0.0,0.2116546473554598,0.0,0.0,0.0,0.1666940134068917,0.0,0.0,0.0,0.1050498396937254,0.1594855951399317,0.0,0.0,0.0
0.0,0.0,0.1813113058691538,0.1674473106964524,0.0,0.1177297200724753,0.0,0.0,0.111264319420765,0.2060448493891233,0.0,0.2235398037153854,0.0242927905943585,0.0,0.0,0.0,0.0,0.0,0.0744027313889329,0.1243007992196291,0.0,0.1723399064799557,0.0499955380811573,0.0,0.0,0.0,0.1170232117638822,0.1310153272920716,0.0584412767015728,0.0,0.1934811931537638,0.0383669312181054,0.0393336250052166,0.131362813646555,0.0,0.137006377788089,0.0,0.0,0.0688294747486707,0.0,0.1677667940900885,0.1157450373964554,0.0,0.0,0.0,0.0,0.0,0.0,0.0,0.0,0.0,0.0,0.0,0.0,0.0,0.0,0.0,0.0,0.0,0.0,0.0,0.0,0.0,0.0,0.0,0.0,0.0,0.0,0.0,0.0,0.0,0.0,0.0,0.0,0.0,0.0
0.0,0.0,0.0,0.0,0.0007026467129499,0.0,-0.0044041779271014,0.0,0.0,0.0,0.0,0.0,0.051037195727945,0.0,0.0,0.0,0.0,0.0,0.0,0.0,0.0,0.0,0.0,0.0,0.0,0.0,0.0,0.0,0.0,0.0,0.0,0.0963777395466964,0.1829943685987871,0.0,0.1944135209564902,0.0,0.0,0.0,0.0,0.0697924530145964,0.0,0.0,0.0,0.0,0.1358747118362278,0.0,0.0,0.0,0.0,0.0,0.0,0.0,0.0,0.0,0.0,0.0,0.0,0.0,0.0,0.0,0.0,0.0,0.0,0.0,0.0,0.0,0.0,0.0,0.0,0.0,0.0,0.0,0.0,0.0,0.0,0.0
0.2240321619515249,0.2584485903434762,0.2290562593801299,0.0,0.0,0.2835244280115011,0.0,0.1614984350405271,0.2764718511369204,0.1880386599544514,0.0729257262837129,0.201568739117825,0.1980441835281678,0.0,0.3163674719249159,0.3117071180324132,0.0,0.2483488893566672,0.1294425121232409,0.3228184493086197,0.3171690828669481,0.3272669609216585,0.3068832223381004,0.1682238523946585,0.1685794816005211,0.2601699132732893,0.2753637076147247,0.1045919396989871,0.1667489258052696,0.0478103106491638,0.264009098140459,0.5297589236361134,0.0,0.0604560263988554,0.0,0.0329268412221892,0.0688294747486707,0.0,0.0,0.1544567244490486,0.1771887888561691,0.032756514850904,0.2363819505842465,0.0,0.0370358732836579,0.246321733550085,0.2274922006455242,0.2454105873184414,0.0112549734626612,0.3002721340884476,0.3105020479223133,0.342421625841027,0.2597720969199996,0.2099156879273303,0.2393282303997951,0.1322037670314077,0.2270465393891259,0.2651394339490596,0.2490145011023963,0.2988265948356688,0.1661576416671061,0.3420682821611707,0.280109539180259,0.1301904472723566,0.2557899080274878,0.2216844184857596,0.232918524816632,0.3173333578678415,0.0536770859751083,0.2884711429353275,0.338750334915648,0.3087417920284416,0.0879471518767226,0.111336043877944,0.1955463858873314,0.2824479739428211
0.4191613427754586,0.3156109552597492,0.0,0.0,0.0,0.0,0.0,0.0,0.0,0.3545791141052245,0.0,0.2557274228041615,0.0,0.0,0.0727052785249292,0.3062483784422878,0.1574117354519655,0.1763706236695089,0.0,0.3166132012212277,0.3803667092631792,0.3399147140408564,0.3674243301003386,0.4028204427332811,0.1939831929511742,0.3346745868585245,0.0,0.0,0.0,0.0,0.3671193954129929,0.2457705110799968,0.3047934401495399,0.3447717555787993,0.0663549945070928,0.1806275936653567,0.0,0.0697924530145964,0.1544567244490486,0.0,0.3556891820558741,0.1351040085154397,0.2232837371676406,0.0425673691998794,0.1857966913876336,0.3828483798321225,0.2742043178912108,0.0,0.0,0.3280794499106415,0.3925436631159157,0.3346501628350906,0.3135159304366692,0.4111554255481349,0.3705381129763764,0.1510673036679125,0.3250686121616536,0.2897505831055751,0.0,0.0935884001305228,0.2077244033534129,0.3513561569596796,0.2994848307278682,0.0,0.2308399347485066,0.3551977447989529,0.1693274955968178,0.3419934904086711,0.4181352141729106,0.3221140659483354,0.4060498050789656,0.3675002210894341,0.296792740330739,0.2268278741680972,0.2778782712628406,0.2392666972650916
0.3587966704574687,0.3314632247743025,0.0,0.0,0.0,0.3267270436095983,0.0,0.2747141004581833,0.0,0.2812642123036438,0.0,0.1522486411936169,0.0,0.0,0.0845464840788255,0.3130872048365042,0.2289442041621005,0.3085533498505845,0.0,0.2206260377827496,0.3362500610389208,0.2827334517580099,0.2888376154318425,0.3158457390602585,0.2913444437110456,0.3565042743470969,0.236402025097716,0.2285502583275839,0.2585282535499751,0.0,0.3296842733772938,0.1459757082622549,0.1584368754203522,0.3302476797569333,0.0612914913531388,0.2057636180111204,0.1677667940900885,0.0,0.1771887888561691,0.3556891820558741,0.0,0.2478927947940553,0.1645070789641726,0.1643311142712941,-0.0078207983239649,0.3472619670420875,0.3013285194747892,0.183758328861075,0.0824208639032954,0.2045106857922483,0.3220007351387361,0.2527213116053766,0.2258995592556225,0.2357660330687615,0.2951649210373775,0.0351900099348819,0.2656665072100546,0.3034736538533458,0.1361363668277895,0.0798173110710902,0.2895863127469745,0.3491751984954248,0.3407579878971881,0.2367546612578259,0.2306604964373793,0.3109402472050637,0.254978019593628,0.2925902448496607,0.2987318249546632,0.2926454387212402,0.3739549711508559,0.2314576650492179,0.3078325188064318,0.2347008146622806,0.2353991626815542,0.3468691726450583
0.0,0.1481343215226975,0.0,0.0,0.0,0.1251987547393814,0.0,0.0,0.0,0.0,0.0,0.0,0.0,0.0,-0.0004970636208852,0.2140558471201571,0.0,0.1499576866059209,0.0,0.108754960916648,0.1307429535104349,0.1461010737115707,0.1306782798987421,0.0,0.1333540758803124,0.1456704732697128,0.0801511427681394,0.1398607186193514,0.1557712413593998,0.0,0.0,0.0435569927612349,0.1301608678423097,0.2380840160774389,0.0609583152978266,0.1730555110779176,0.1157450373964554,0.0,0.032756514850904,0.1351040085154397,0.2478927947940553,0.0,0.0892226277123238,0.0617482317954587,0.0,0.2053946798801478,0.1145822839543087,0.0678066361419599,0.0,0.065077415824506,0.108088712265508,0.1103946912258376,0.0861659473985651,0.0419016393298606,0.142497595068796,0.0,0.2455245817140696,0.0938470405637635,0.0,0.0031088662392956,0.1360909520217429,0.1277890931419463,0.1200818315814272,0.1176206461742611,0.0678808049420668,0.1175856501460387,0.1164433999446131,0.1054416228916685,0.2337178405993947,0.0883783897196615,0.1585577489888472,0.0445322906366339,0.1479826025069961,0.0723495380304098,0.0961368818766543,0.2356776142684083
0.0,0.0,0.2942496816709574,0.0,0.2220372732083873,0.3040581279939247,0.0,0.2466783319540419,0.3181046276557502,0.0,0.1820824687163788,0.0,0.346254330098419,0.0188491815141049,0.0,0.0,0.0,0.0,0.3073332303195704,0.0,0.0,0.0,0.2885337523789875,0.0,0.0,0.0,0.2950891967140844,0.3141556812439535,0.0,0.0,0.0,0.2774407627978112,0.0,0.2247677453839738,0.0,0.1320526999269489,0.0,0.0,0.2363819505842465,0.2232837371676406,0.1645070789641726,0.0892226277123238,0.0,0.1543522986352557,0.1007789586722407,0.0,0.0,0.3065007088405297,0.0,0.3029843585495696,0.298575775455889,0.3108217284679639,0.2656844720888138,0.3093272382106201,0.2436011798507765,0.1774245122735464,0.2815053937864744,0.3313735087997153,0.2942112671108857,0.2562123223294971,0.0,0.3304343417130443,0.0,0.2897246053322989,0.3115348753871633,0.2681137644825154,0.2502725335642263,0.2977064575786718,0.2181692227020163,0.2525078043916641,0.3258355869921586,0.2940673602680194,0.3272479661428849,0.1860258058431125,0.0,0.2574536174201891
