0.0,0.1737889197573713,0.0,0.0,0.0,0.2567380523175174,0.0,0.0748030657616759,0.0,0.1536096031944459,0.0,0.1210109339459059,0.0,0.0,0.0,0.3246046349776303,0.0947937798919622,0.3413657545746624,0.0,0.2038494702643648,0.0,0.3688479684905431,0.211474745070772,0.4311748108592156,0.396402767226853,0.3735261556496188,0.3130026007607002,0.0,0.3511400935825911,0.0,0.1501031718787077,0.0678997441282205,0.1504579981060541,0.0234331644620481,0.0,0.0,0.0,0.0,0.3179607800686208,0.320910703437464,0.2892781766631825,0.0,0.0,0.0,0.0,0.7610414807145294,0.3717541007114561,0.0,0.0,0.0,0.0,0.0,0.0,0.0,0.1835259470912015,0.0,0.0,0.0,0.0,0.0,0.4692027571057004,0.0,0.3721669680259383,0.0,0.0,0.0,0.5707390038131647,0.0,0.3205097582820741,0.2968745564265091,0.4057810167036783,0.0,0.0,0.0,0.0,0.3327745371310924
0.1737889197573713,0.0,0.0,0.0,0.0,0.5227952898464451,0.1774761383549896,0.3057452647129195,0.1319751780011744,0.0,0.0,0.0,0.536696326436806,0.0,0.0,0.2063853394925214,0.8127384563218502,0.6080088533539248,0.0,0.2054075561019887,0.4326396670235559,0.4045882679104089,0.3435765563719789,0.0,0.8162963724763465,0.8639102150724974,0.2643677882258393,0.1594858052268914,0.3759986617406897,0.0,0.4490327047080213,0.1736970676639367,0.0573739859832212,0.1088851474038221,0.0,0.0,0.0,0.0,0.1898421611774308,0.3337416175290084,0.0925226895141035,0.0,0.0,0.0,0.0,0.2733264517970852,0.6568716975832439,0.0,0.0,0.0,0.1936779476236643,0.0,0.0,0.0,0.0,0.0,0.0,0.0,0.0,0.0,0.392026425070107,0.0,0.616425801129533,0.0,0.2080822968878279,0.2312201292070005,0.4581157203747349,0.0788591616778217,0.0,0.7564462351830202,0.7445219990603393,0.126003725846179,0.0,0.1197290708080392,0.0,0.2594390869851482
0.0,0.0,0.0,0.0,0.0304382643737303,0.5173934505689161,0.0788105541572828,0.6922149446307657,0.5743169574367444,0.4985004864652783,0.4051618189475063,0.4877422268697521,0.1725151545553528,0.0,0.0,0.0,0.0,0.0,0.6466292676151356,0.0,0.0,0.0,0.8402119503538276,0.0,0.0,0.0,0.7662751810855045,0.0,0.0,0.0,0.2572242394975828,0.3162404346129528,0.1809027124440556,0.2062916346284906,0.0,0.0,0.0,0.0,0.3965397416925169,0.0,0.1602469832069703,0.0,0.2377647018841253,0.0,0.0,0.0,0.0,0.8104034402682316,0.0,0.195273112747429,0.3845798758642469,0.1816758898356206,0.5941078278032501,0.792200674856778,0.0,0.5299147992393071,0.0,0.5559100538897732,0.0621290327751218,0.0,0.0,0.0,0.0,0.6462691058793943,0.0,0.0,0.0,0.6933842212662739,0.0,0.0,0.0,0.6806337852890435,0.4419654400323011,0.0,0.0,0.0
0.0,0.0,0.0,0.0,0.0,0.0061793337055463,0.2732781145666696,0.0,0.0,0.2122166821607829,0.0,0.0471069425781829,0.2766719872273014,0.0,0.0,0.0,0.0,0.0,0.0,0.0,0.0,0.0,0.0,0.0,0.0,0.0,0.0,0.2708685104013547,0.0,0.0,0.034582277248173,0.0,0.0,0.0,0.1351502860492785,0.1347643223646172,0.2758414056122905,0.2447099016933175,0.0,0.0,0.0,0.0,0.0,0.0,0.0,0.0,0.0,0.0,0.0,0.0,0.0,0.0,0.0,0.0,0.0,0.0,0.0,0.0,0.0,0.0,0.0,0.0,0.0,0.0,0.0,0.0,0.0,0.0,0.0,0.0,0.0,0.0,0.0,0.0,0.0,0.0
0.0,0.0,0.0304382643737303,0.0,0.0,0.0388268454903962,0.4622893851884243,0.0198058555443663,0.2258390077688085,0.0,0.5904430186265919,0.0,0.0,0.3323084735080847,0.0,0.0173586718481122,0.0,0.0,0.2325962854937296,0.131619986063022,0.0,0.0631263330445492,0.0,0.0,0.0,0.0,0.1207294563925583,0.0,0.1918672371962479,0.0,0.0,0.0153772362014469,0.0617197340072888,0.1106657389118639,0.2668126691400242,0.0669148690745904,0.0,0.0,0.0,0.0,0.0,0.0,0.0,0.0,0.0,0.0,0.0,0.3811548870380407,0.0,0.3048802332824543,0.0,0.0,0.2180570341738181,0.2222748619056412,0.0,0.4633190404732563,0.0,0.0,0.0,0.0,0.0,0.0,0.0,0.4008725865468012,0.0,0.0,0.0,0.0588844963215262,0.0,0.0,0.0,0.0,0.0,0.0,0.0,0.0
0.2567380523175174,0.5227952898464451,0.5173934505689161,0.0061793337055463,0.0388268454903962,0.0,0.2875043372793958,0.6522952458414762,0.4431516483576984,0.5578212728713667,0.1653202612666502,0.4979726693855915,0.3402675808709862,0.0,0.1513272253094846,0.2104129174044711,0.3487749549331659,0.358061176360705,0.4845668410642514,0.2496431569572586,0.4143611990200536,0.359134361020859,0.6752377278846651,0.0,0.4138509597220491,0.6041417251674791,0.6402754698609414,0.0,0.6379213340721702,0.3400011472524966,0.3824122062726637,0.2204624297891305,0.2536278075076597,0.2016446993517409,0.0,0.0,0.0,0.0883328418914165,0.2134813402050019,0.0,0.1026702524810805,0.0,0.4685821514452095,0.0,0.0,0.0,0.682539654118487,0.3881526953327148,0.0,0.2019093246775546,0.4864396748875284,0.2609001127169778,0.5874445355695919,0.4334527374883558,0.0,0.1364639652018405,0.0,0.5490763464690048,0.0,0.0328849455030463,0.0,0.0,0.0,0.4385516181077732,0.3284135899248641,0.2822636622699828,0.4916142858282198,0.5755188615955256,0.0,0.0,0.5616142371557233,0.2363924050756495,0.3313268956594313,0.2483080624140798,0.2182899797155356,0.0
0.0,0.1774761383549896,0.0788105541572828,0.2732781145666696,0.4622893851884243,0.2875043372793958,0.0,0.0,0.1562066395664742,0.2977431771138257,0.2638064034662968,0.2972031200566291,0.2998067153525899,0.0938627312097231,0.0,0.2562315071275823,0.1958644244175007,0.3940899375270006,0.2137175285391601,0.2108400883623878,0.0,0.3528362380281781,0.0153113244442907,0.1556734776395861,0.2801532256255192,0.162565048073355,0.2746738482764315,0.0,0.4947122734526706,0.0,0.1098585776372379,0.1047795155775087,0.0,0.0,0.0,0.030119165641717,0.0,0.0,0.043967275036097,0.0,0.1572045649505962,0.0,0.1010452303293461,0.0,0.0,0.0,0.0,0.2772941445545212,0.0,0.0,0.0,0.0,0.0839656610112728,0.1856037640564897,0.0,0.1523190660601553,0.0,0.0,0.0,0.0,0.0,0.0,0.0,0.2207267681284269,0.0,0.0,0.0,0.0,0.0,0.0,0.0,0.0,0.0,0.0,0.0,0.0
0.0748030657616759,0.3057452647129195,0.6922149446307657,0.0,0.0198058555443663,0.6522952458414762,0.0,0.0,0.414525584431976,0.3842619954550129,0.3367686639515502,0.4859455379383239,0.1842400146230602,0.0,0.0722206236788389,0.0713964579692192,0.0,0.1615772852063124,0.4634202209762609,0.2426968614098239,0.3762056816174047,0.2144747868373283,0.7579120724932551,0.5052389877560424,0.1931073207652856,0.3897878315950042,0.4799322666098926,0.0,0.3093589699504464,0.3695576858894368,0.2639561870738135,0.4838825797665725,0.2042777943527318,0.2690337444398977,0.0,0.0,0.0,0.0,0.4341574330364659,0.0,0.1764697472767713,0.0,0.42423811534666,0.0,0.0,0.0,0.0,0.5717646646700878,0.0,0.1605950658476252,0.4926851707866507,0.0917889595738832,0.8639053672848799,0.5505876959331554,0.0,0.387862825983719,0.0,0.520158114857328,0.0889412229160244,0.1665481326498324,0.0,0.0,0.0,0.5603492646519765,0.5035738357961257,0.2691849017541306,0.0,0.6810832388885569,0.0,0.0,0.0,0.3821303541272141,0.4383871370944855,0.3820782961035033,0.0,0.0244484414834656
0.0,0.1319751780011744,0.5743169574367444,0.0,0.2258390077688085,0.4431516483576984,0.1562066395664742,0.414525584431976,0.0,0.1918442254649652,0.4715162716154039,0.2682666153310513,0.0561748701798271,0.0,0.0,0.1925186578733549,0.0,0.2761047969599596,0.6093965609600389,0.1567340359602939,0.0,0.2772405559550421,0.390053567126796,0.3515891809003247,0.190028201012194,0.3458216724440209,0.5300426292819248,0.0,0.306792586614987,0.2833727007604913,0.1333987028933562,0.2507877660216571,0.2897927130421694,0.12803349299858,0.0,0.0,0.0,0.0,0.1784996845217688,0.0,0.2992492069423612,0.0,0.1870567659459388,0.0,0.0,0.0,0.0,0.5157096495772102,0.0,0.1700368429830771,0.1283309655307894,0.2122246629620999,0.37977578127564,0.7138296460619735,0.0,0.2482785426448079,0.0,0.4034349225394245,0.1239053606058904,0.0,0.0,0.0,0.0,0.5482074096986204,0.0,0.0,0.0,0.3502356052826139,0.0,0.0,0.0,0.2797437709811965,0.4025983520734396,0.0,0.0,0.0
0.1536096031944459,0.0,0.4985004864652783,0.2122166821607829,0.0,0.5578212728713667,0.2977431771138257,0.3842619954550129,0.1918442254649652,0.0,0.0,0.8352585524522265,0.4165599670913892,0.0,0.0,0.1821878538588662,0.8519921093625555,0.5979767845035163,0.3975462892778011,0.4989915085622928,0.0,0.546578579711073,0.5032756240766999,0.7218354586517179,0.6853690892804167,0.7838549545579734,0.5535934081135502,0.0605082405923873,0.6275645238352906,0.0,0.6509547942518632,0.2400529344385981,0.0751462544580927,0.1273751267720789,0.0,0.0137436496947826,0.0,0.3919161816801938,0.368411719803717,0.3628301791673006,0.0788967885694043,0.0,0.0,0.0,0.5667130682490163,0.3379902951590932,0.0,0.0,0.0,0.0,0.0,0.0,0.0,0.0,0.9518977831720604,0.0,0.7924827729840843,0.6618498038283789,0.0,0.0,0.0,0.8613208586772649,0.7050751638480988,0.0,0.0,0.0,0.0,0.0,0.5568831016890902,0.7699983542984411,0.7434779082282158,0.0,0.51773296890769,0.0,0.0,0.2118071407595359
0.0,0.0,0.4051618189475063,0.0,0.5904430186265919,0.1653202612666502,0.2638064034662968,0.3367686639515502,0.4715162716154039,0.0,0.0,0.0,0.0,0.2258478632238374,0.0,0.0,0.0,0.0,0.3738707381728883,0.0,0.0,0.0,0.1638583760613451,0.0648546186992122,0.0,0.0,0.249151769381649,0.0,0.0,0.0,0.0,0.3540520848282589,0.3780053523946272,0.2705262503630688,0.0955869008270293,0.0,0.0,0.0,0.1504252751181762,0.0,0.0,0.0,0.0,0.0,0.0,0.0,0.0,0.6802604378496874,0.0,0.2337622980053394,0.021591119086972,0.0,0.4165432284900002,0.6606736741816823,0.0,0.6434872624898604,0.0,0.1064988640983612,0.0251640946811092,0.0,0.0,0.0,0.0,0.6923602889412371,0.0,0.0,0.0,0.2674443530317762,0.0,0.0,0.0,0.1129446143958997,0.0879517912226922,0.0,0.0,0.0
0.1210109339459059,0.0,0.4877422268697521,0.0471069425781829,0.0,0.4979726693855915,0.2972031200566291,0.4859455379383239,0.2682666153310513,0.8352585524522265,0.0,0.0,0.4480021942551854,0.0,0.0,0.0,0.8466182011566741,0.680916643141347,0.3882413798523563,0.0,0.3692471143860296,0.0,0.4255357284942055,0.7851796411016015,0.6525482705363636,0.8147619169838198,0.4030530649345215,0.1417103763617635,0.0,0.0,0.5539196691158825,0.4257539504838415,0.0,0.1377486516630628,0.0,0.0,0.0,0.2521872512031215,0.5109543043860627,0.3897352454833139,0.3204762397902309,0.0,0.3614462560804117,0.0,0.511967506329217,0.0,0.0,0.0,0.0,0.0,0.0,0.0,0.0,0.0,0.8302386632232827,0.0,0.906664023968767,0.6492365642332444,0.0,0.0,0.0,0.8879737429748523,0.7659043929014359,0.0,0.0,0.0,0.0,0.0,0.663518128097016,0.7237563199146245,0.8049780551200332,0.0,0.6291052934993162,0.0,0.0,0.378383185408928
0.0,0.536696326436806,0.1725151545553528,0.2766719872273014,0.0,0.3402675808709862,0.2998067153525899,0.1842400146230602,0.0561748701798271,0.4165599670913892,0.0,0.4480021942551854,0.0,0.0,0.2091572262711776,0.2670822730146526,0.5940474946194105,0.5257023516706492,0.094859414899301,0.2869383927566882,0.5253087791207794,0.415340552386387,0.1732198525412314,0.3321366611271184,0.4669563386123984,0.3388073868336063,0.1376898415214011,0.7216992839683399,0.2857407439514005,0.1670148074819431,0.4167340083254632,0.2474357495738106,0.178346059057085,0.2977598131164179,0.0,0.0,0.171265264690258,0.2334514384541253,0.2461419700800755,0.3990581267949142,0.2145521087676828,0.0,0.1578384579062725,0.0,0.4090867008474883,0.0,0.0,0.1402785151882313,0.0,0.0,0.2957427615509265,0.0484826235502243,0.1566884643968838,0.0,0.0,0.1835746628364274,0.4512591821965268,0.0,0.0,0.0306450756187299,0.0,0.0,0.0,0.0,0.2629176419213972,0.0,0.1635928011343821,0.0,0.0,0.3359819555749229,0.3154452390145125,0.1163600217493985,0.0,0.3044687901745647,0.0,0.0
0.0,0.0,0.0,0.0,0.3323084735080847,0.0,0.0938627312097231,0.0,0.0,0.0,0.2258478632238374,0.0,0.0,0.0,0.0,0.0,0.0,0.0,0.0654511680189038,0.0,0.0,0.0,0.0,0.0,0.0,0.0,0.0,0.0,0.0,0.0,0.0332069566185781,0.1701596946582232,0.0,0.1501782388658177,0.0,0.0,0.0220039946378338,0.0,0.060878809751002,0.0,0.0,0.0,0.0,0.0,0.0,0.0,0.0,0.1854520626666852,0.0,0.0,0.0,0.0,0.0,0.0459248606778315,0.0,0.2844359279161546,0.0,0.0,0.0,0.0,0.0,0.0,0.0,0.0,0.0,0.0,0.0,0.0,0.0,0.0,0.0,0.0200391439700686,0.0,0.0,0.0,0.0
0.0,0.0,0.0,0.0,0.0,0.1513272253094846,0.0,0.0722206236788389,0.0,0.0,0.0,0.0,0.2091572262711776,0.0,0.0,0.0,0.0,0.0,0.0,0.3034554830412238,0.5049963104110022,0.1236316684283413,0.1522742618802106,0.0,0.0,0.0,0.3255355287597061,0.2774949065177971,0.2194214214789935,0.0,0.1187293619819063,0.0,0.5050092221832516,0.3584531784470851,0.1520812547653217,0.0,0.0,0.0,0.0,0.2596763095196147,0.0080146198436929,0.0514102327867056,0.0,0.0,0.0,0.0,0.0,0.0,0.0,0.0,0.236461039054118,0.0,0.1393004459959756,0.0,0.0,0.0,0.0,0.1147215074469918,0.0,0.5227089564468941,0.0,0.0,0.0,0.0,0.2620661908567086,0.5673437665198662,0.0559834176163406,0.1213343500278872,0.0,0.0,0.0,0.2060983251221275,0.1440164082241816,0.2474957998236624,0.0,0.0
0.3246046349776303,0.2063853394925214,0.0,0.0,0.0173586718481122,0.2104129174044711,0.2562315071275823,0.0713964579692192,0.1925186578733549,0.1821878538588662,0.0,0.0,0.2670822730146526,0.0,0.0,0.0,0.3509817101766651,0.8100364052439932,0.0,0.3867275290921799,0.0725070435082958,0.7379410134932459,0.0,0.4265263650668316,0.5492239054952677,0.4316666767859772,0.1872779645302492,0.1324788699487026,0.3878684861885105,0.393591106739799,0.4899734013358657,0.4525447811097068,0.1128198072174622,0.2793118306526628,0.0,0.0,0.0,0.0,0.508536174858103,0.3137147187338623,0.5015251774819874,0.0,0.0,0.0,0.0,0.3319696732717531,0.3818808368550931,0.0,0.0,0.0,0.0,0.0,0.0,0.0,0.0,0.0,0.0,0.0,0.0,0.0,0.5980715208283881,0.0,0.5705169019069674,0.0,0.3395836840601701,0.0,0.5695073246793053,0.0,0.0,0.3844869408091507,0.4553014626427511,0.0,0.0,0.2445468336265421,0.0,0.5587080531481993
0.0947937798919622,0.8127384563218502,0.0,0.0,0.0,0.3487749549331659,0.1958644244175007,0.0,0.0,0.8519921093625555,0.0,0.8466182011566741,0.5940474946194105,0.0,0.0,0.3509817101766651,0.0,0.7756996870004033,0.0,0.4058723812260762,0.0,0.5709286541109242,0.0,0.7333735130553516,0.7875169332865687,0.8226814392978363,0.0,0.2854044018313105,0.414674962086003,0.0,0.6536411156429334,0.3064669177068474,0.0235749474346968,0.1236590055255848,0.0,0.0,0.0,0.270114868759465,0.0,0.4342246153357467,0.0,0.0,0.0,0.0,0.0,0.0,0.0,0.0,0.0,0.0,0.0,0.0,0.0,0.0,0.9100288229756468,0.0,0.876452555359918,0.0,0.0,0.0,0.0,0.8639440373685874,0.8130609988989892,0.0,0.0,0.0,0.0,0.0,0.4779959834249518,0.8047837268747476,0.7655214166610255,0.0,0.0,0.0,0.0,0.0
0.3413657545746624,0.6080088533539248,0.0,0.0,0.0,0.358061176360705,0.3940899375270006,0.1615772852063124,0.2761047969599596,0.5979767845035163,0.0,0.680916643141347,0.5257023516706492,0.0,0.0,0.8100364052439932,0.7756996870004033,0.0,0.0,0.4634183681109404,0.3316844137806582,0.7904342955743006,0.1493732321206644,0.6597864265462566,0.8360554876175892,0.7277183079480052,0.3471207319604134,0.2424340142562638,0.5602294074518398,0.3776372602367771,0.627109802082251,0.3694024115142892,0.0115998033241162,0.1777281395674955,0.0,0.0,0.0,0.0,0.4426864637918229,0.4271839718784823,0.399948515064661,0.0,0.0,0.0,0.0,0.406942129477913,0.6425768965952301,0.0,0.0,0.0,0.0,0.0,0.0,0.0,0.6153197043820102,0.0,0.5794389205150846,0.0,0.0,0.0,0.7178162367383,0.7206674526192665,0.8287617858227909,0.0,0.0,0.0,0.6806645599229183,0.0,0.41314522094397,0.7204143278803508,0.7165157981207978,0.0,0.0,0.0,0.0,0.5721880705755514
0.0,0.0,0.6466292676151356,0.0,0.2325962854937296,0.4845668410642514,0.2137175285391601,0.4634202209762609,0.6093965609600389,0.3975462892778011,0.3738707381728883,0.3882413798523563,0.094859414899301,0.0654511680189038,0.0,0.0,0.0,0.0,0.0,0.0,0.0,0.0,0.4040185949798697,0.0,0.0,0.0,0.6321575758007818,0.0,0.0,0.0,0.3972752612241488,0.3938911352978347,0.0,0.2953865140480605,0.0,0.0,0.0,0.0,0.5057355603902217,0.0,0.0,0.0,0.2900291940238587,0.0,0.0,0.0,0.0,0.5703429682041264,0.0,0.2291260324281743,0.2445680301819051,0.0218714860584211,0.5276928387545811,0.4962540699927529,0.0,0.3646348004684639,0.0,0.4719604069876326,0.2322266085469634,0.0,0.0,0.0,0.0,0.7856581080131513,0.0,0.0,0.0,0.3898017318174898,0.0,0.0,0.0,0.3042642088932696,0.0,0.0,0.0,0.0
0.2038494702643648,0.2054075561019887,0.0,0.0,0.131619986063022,0.2496431569572586,0.2108400883623878,0.2426968614098239,0.1567340359602939,0.4989915085622928,0.0,0.0,0.2869383927566882,0.0,0.3034554830412238,0.3867275290921799,0.4058723812260762,0.4634183681109404,0.0,0.0,0.3233720515039413,0.7273846776254729,0.2084061886631449,0.0,0.3198943727096878,0.3372711587003438,0.4545895882303895,0.2749829673137363,0.6591821486291899,0.5720295592515603,0.5243745057358792,0.260584025546629,0.1239871071000554,0.3435390233665547,0.0,0.0,0.0,0.0,0.2704502227643401,0.2123219566725528,0.2035893964020904,0.0,0.0530520233365586,0.0,0.0,0.0,0.2541753049634017,0.0,0.0,0.0,0.0951793983332571,0.0,0.2451905579499969,0.0,0.0,0.0,0.0,0.3107505608467028,0.0,0.4199211448203737,0.4060182252834301,0.0,0.0,0.0,0.7273377328645384,0.3602476057480719,0.529483945341261,0.1052864908782601,0.0,0.3074777041378708,0.3505265959433861,0.2179267222283003,0.3633265659075583,0.4790737038709974,0.2343130966264611,0.1961535452286546
0.0,0.4326396670235559,0.0,0.0,0.0,0.4143611990200536,0.0,0.3762056816174047,0.0,0.0,0.0,0.3692471143860296,0.5253087791207794,0.0,0.5049963104110022,0.0725070435082958,0.0,0.3316844137806582,0.0,0.3233720515039413,0.0,0.3306555531987177,0.3147545770899168,0.3758147282817949,0.2928805927019702,0.3329463709326536,0.3479539332747279,0.3667314715389421,0.3945329944306935,0.0,0.4385789199993638,0.1486731554809659,0.4691480517012785,0.3355526429266715,0.0,0.0,0.0,0.0,0.0993669505591762,0.5030339832302098,0.1316765306178327,0.0,0.0,0.0,0.0,0.1060642857080921,0.3212576312350538,0.0,0.0,0.0,0.2680636951228174,0.0,0.428753876609531,0.0,0.0,0.0,0.0,0.407101754268371,0.0,0.0,0.2305081745411973,0.0,0.0,0.0,0.2388945104515333,0.7666647625872264,0.3129962123323206,0.1472143363683997,0.0,0.1985526544818353,0.1785963120886401,0.1080183645740045,0.4808197213438204,0.1450702962096226,0.0,0.0140156656396562
0.3688479684905431,0.4045882679104089,0.0,0.0,0.0631263330445492,0.359134361020859,0.3528362380281781,0.2144747868373283,0.2772405559550421,0.546578579711073,0.0,0.0,0.415340552386387,0.0,0.1236316684283413,0.7379410134932459,0.5709286541109242,0.7904342955743006,0.0,0.7273846776254729,0.3306555531987177,0.0,0.1396465276189278,0.0,0.6823490675997796,0.5873270314463627,0.4483064674376302,0.2334109442982855,0.6919498198101351,0.4924676817101184,0.6333712623199911,0.4812269156665213,0.1443041836893516,0.3480979067657808,0.0,0.0,0.0,0.0,0.4949736832548408,0.4244409147183779,0.4809608042735898,0.0,0.078324182968568,0.0,0.0,0.4801988498885136,0.522630102766665,0.0,0.0,0.0,0.0450545497458978,0.0,0.0,0.0,0.0,0.0,0.0,0.0,0.0,0.159227295884168,0.6687596504335849,0.0,0.6192278678224684,0.0,0.6740803171231475,0.2109021603496859,0.7876063947302265,0.0,0.0,0.5732510943075041,0.602914123892968,0.0470685748212433,0.4835308243356635,0.4402707097851737,0.0,0.5254882794284942
0.211474745070772,0.3435765563719789,0.8402119503538276,0.0,0.0,0.6752377278846651,0.0153113244442907,0.7579120724932551,0.390053567126796,0.5032756240766999,0.1638583760613451,0.4255357284942055,0.1732198525412314,0.0,0.1522742618802106,0.0,0.0,0.1493732321206644,0.4040185949798697,0.2084061886631449,0.3147545770899168,0.1396465276189278,0.0,0.4432657085800524,0.2949958504538434,0.4048985179820739,0.7581254523203879,0.0,0.4061420606784759,0.1099174034834349,0.188598499417062,0.1801681633157938,0.1350452707568122,0.089413263358437,0.0,0.0,0.0,0.1746956077030564,0.2822612194700601,0.2743161266165281,0.0,0.0,0.326695214435157,0.303677427539242,0.0,0.0,0.4635967077716041,0.6070698549113693,0.0,0.2119022247234081,0.5334201501771781,0.3076648309644734,0.6309411398444997,0.6266762945828342,0.0,0.3986732217755512,0.0,0.5636253597466387,0.0394826653794818,0.2661455207275945,0.0,0.0,0.0,0.4343274457705862,0.4368115331947161,0.2324799496935766,0.3410427346576812,0.8855265746191325,0.0,0.4513139242515369,0.4746071327182259,0.6775545575395149,0.3522927116737427,0.4339921840305879,0.2259284134533949,0.0
0.4311748108592156,0.0,0.0,0.0,0.0,0.0,0.1556734776395861,0.5052389877560424,0.3515891809003247,0.7218354586517179,0.0648546186992122,0.7851796411016015,0.3321366611271184,0.0,0.0,0.4265263650668316,0.7333735130553516,0.6597864265462566,0.0,0.0,0.3758147282817949,0.0,0.4432657085800524,0.0,0.7088830160922394,0.8495556497586236,0.4175686250699727,0.0252102926655941,0.0,0.0,0.6703181170833008,0.4086045108143004,0.1958157957802101,0.2428561303998046,0.0,0.0,0.0,0.2438331685641597,0.5201614759249995,0.5489102614311736,0.3830190097406876,0.0,0.0,0.0,0.4691569912257591,0.59359207156161,0.0,0.0,0.0,0.0,0.0,0.0,0.0,0.0,0.7650956954538611,0.0,0.7639356549253977,0.0,0.0,0.0,0.6200050245527683,0.8414752108780534,0.7751550183072697,0.0,0.0,0.0,0.0,0.0,0.8646226465827449,0.7670898152797361,0.8752712724984469,0.0,0.5764723067811667,0.0,0.0,0.4994376723286942
0.396402767226853,0.8162963724763465,0.0,0.0,0.0,0.4138509597220491,0.2801532256255192,0.1931073207652856,0.190028201012194,0.6853690892804167,0.0,0.6525482705363636,0.4669563386123984,0.0,0.0,0.5492239054952677,0.7875169332865687,0.8360554876175892,0.0,0.3198943727096878,0.2928805927019702,0.6823490675997796,0.2949958504538434,0.7088830160922394,0.0,0.7769801744762075,0.3868244732327719,0.1123829545652993,0.5214967065002732,0.0,0.5304330384120405,0.3188924599257896,0.0,0.0615593666874293,0.0,0.0,0.0,0.1635196247817985,0.476149194963738,0.4339516154397537,0.3104830026335811,0.0,0.0,0.0,0.0,0.4643146783193801,0.7428090146739503,0.0,0.0,0.0,0.0,0.0,0.0,0.0,0.7575721141131828,0.0,0.6545185097354942,0.4215039213302068,0.0,0.0,0.692838985377366,0.6933944510436156,0.7745211429936523,0.0,0.3744618275425254,0.0777128096018738,0.6715097311454898,0.0530117080529382,0.4452027470296845,0.9091982144353234,0.8266021414767213,0.0,0.0,0.3345805950428938,0.0,0.602236637108907
0.3735261556496188,0.8639102150724974,0.0,0.0,0.0,0.6041417251674791,0.162565048073355,0.3897878315950042,0.3458216724440209,0.7838549545579734,0.0,0.8147619169838198,0.3388073868336063,0.0,0.0,0.4316666767859772,0.8226814392978363,0.7277183079480052,0.0,0.3372711587003438,0.3329463709326536,0.5873270314463627,0.4048985179820739,0.8495556497586236,0.7769801744762075,0.0,0.4177144624534817,0.0,0.5057834837146676,0.0,0.5472566233241779,0.3596122141939425,0.0783088736808984,0.1551361208702555,0.0,0.0,0.0,0.1879611871094477,0.4068536479090439,0.3976932449111987,0.2791683181723141,0.0,0.0,0.0,0.4673944877275788,0.476476638929398,0.8081168092263329,0.0,0.0,0.0,0.1641552670305076,0.0,0.0,0.0,0.8433513370842524,0.0,0.7982416070156088,0.5876222230559321,0.0,0.0,0.5420528074597424,0.8309585282921502,0.7812532742589086,0.0,0.3596668711911007,0.1957923081490867,0.7272896928340556,0.1941810413064249,0.6074174796677692,0.800381677134923,0.9348470637246156,0.163520196668516,0.4900174806498737,0.1629622969678309,0.0,0.3297882502065609
0.3130026007607002,0.2643677882258393,0.7662751810855045,0.0,0.1207294563925583,0.6402754698609414,0.2746738482764315,0.4799322666098926,0.5300426292819248,0.5535934081135502,0.249151769381649,0.4030530649345215,0.1376898415214011,0.0,0.3255355287597061,0.1872779645302492,0.0,0.3471207319604134,0.6321575758007818,0.4545895882303895,0.3479539332747279,0.4483064674376302,0.7581254523203879,0.4175686250699727,0.3868244732327719,0.4177144624534817,0.0,0.0,0.6993176558384634,0.2363541522220868,0.3505665620226548,0.1806542507317945,0.1946018031914219,0.1949412183304821,0.0,0.0,0.0,0.1178032700566606,0.2724685801487244,0.3373237860372913,0.1115164191578601,0.0,0.2080461689756744,0.3244186482592725,0.0,0.0,0.5602536343761271,0.5953484844154049,0.0,0.3597296042738583,0.3950744344057027,0.3624249133768818,0.4737455804660073,0.6782113514347092,0.0,0.3809032741189291,0.0,0.5760453660547579,0.0,0.3206687191846882,0.0,0.0,0.0,0.5464860572595999,0.584575232309191,0.3449970504851639,0.5707221009319722,0.6363794390327682,0.0,0.0,0.5105699971019989,0.6464855282458536,0.41111043377437,0.5303471499363616,0.2346786018153175,0.05847126948507
0.0,0.1594858052268914,0.0,0.2708685104013547,0.0,0.0,0.0,0.0,0.0,0.0605082405923873,0.0,0.1417103763617635,0.7216992839683399,0.0,0.2774949065177971,0.1324788699487026,0.2854044018313105,0.2424340142562638,0.0,0.2749829673137363,0.3667314715389421,0.2334109442982855,0.0,0.0252102926655941,0.1123829545652993,0.0,0.0,0.0,0.0389012768900396,0.2708223520114842,0.2655060042297801,0.1184772076768192,0.135275823217827,0.3525857510211339,0.0076090558459411,0.0,0.2751269994179522,0.245021152066707,0.1409714839645864,0.2624040100851054,0.2501244808144271,0.0114362960763723,0.0,0.0,0.2883638283313478,0.0,0.0,0.0,0.0,0.0,0.0,0.0,0.0645389186658408,0.0,0.0850847418770127,0.0,0.1978455920625511,0.0805073295831346,0.0,0.1023824772037928,0.0,0.0,0.0,0.0,0.2351265426581849,0.2950000729841877,0.0,0.0,0.0,0.0063048151295358,0.0045281717374763,0.0,0.307835387728606,0.228848443752805,0.0,0.2390286569347194
0.3511400935825911,0.3759986617406897,0.0,0.0,0.1918672371962479,0.6379213340721702,0.4947122734526706,0.3093589699504464,0.306792586614987,0.6275645238352906,0.0,0.0,0.2857407439514005,0.0,0.2194214214789935,0.3878684861885105,0.414674962086003,0.5602294074518398,0.0,0.6591821486291899,0.3945329944306935,0.6919498198101351,0.4061420606784759,0.0,0.5214967065002732,0.5057834837146676,0.6993176558384634,0.0389012768900396,0.0,0.499894635527917,0.5239967681293705,0.2175596130410773,0.1402721759240494,0.2558128428050329,0.0,0.0466435551789666,0.0,0.0,0.3051423280545363,0.2636267179308756,0.2494346458768961,0.0,0.3003048968363737,0.0,0.0,0.0,0.589782341681673,0.3792026375787417,0.0,0.0,0.188753937359432,0.1019266869939492,0.3670492869795012,0.3446891526974719,0.0,0.0,0.0,0.4795287751462234,0.0,0.1564060293582052,0.0,0.0,0.0,0.0,0.5955203489937014,0.415910866110074,0.6315119845678452,0.2933152371359902,0.0,0.0,0.5337178563016794,0.272297404333239,0.4062078768160808,0.4550615936159621,0.3211250713452597,0.2012238739102106
0.0,0.0,0.0,0.0,0.0,0.3400011472524966,0.0,0.3695576858894368,0.2833727007604913,0.0,0.0,0.0,0.1670148074819431,0.0,0.0,0.393591106739799,0.0,0.3776372602367771,0.0,0.5720295592515603,0.0,0.4924676817101184,0.1099174034834349,0.0,0.0,0.0,0.2363541522220868,0.2708223520114842,0.499894635527917,0.0,0.5960308774020981,0.2319599818503202,0.0,0.4209975175041213,0.0,0.0,0.0,0.0,0.0,0.0,0.0,0.0,0.0,0.0,0.0,0.0,0.0,0.0,0.0,0.0,0.0,0.0,0.0,0.0,0.0,0.0,0.0,0.0,0.0,0.0,0.0,0.0,0.0,0.0,0.5135714419324777,0.0,0.0,0.0949412525375897,0.0,0.0,0.0,0.0,0.0,0.3611409448341319,0.0,0.0
0.1501031718787077,0.4490327047080213,0.2572242394975828,0.034582277248173,0.0,0.3824122062726637,0.1098585776372379,0.2639561870738135,0.1333987028933562,0.6509547942518632,0.0,0.5539196691158825,0.4167340083254632,0.0332069566185781,0.1187293619819063,0.4899734013358657,0.6536411156429334,0.627109802082251,0.3972752612241488,0.5243745057358792,0.4385789199993638,0.6333712623199911,0.188598499417062,0.6703181170833008,0.5304330384120405,0.5472566233241779,0.3505665620226548,0.2655060042297801,0.5239967681293705,0.5960308774020981,0.0,0.4756798984031309,0.2826426486134903,0.4864330420340557,0.0,0.0,0.0,0.2811433641994501,0.4849883367146398,0.4370269315497551,0.2824953151011695,0.0,0.3405276531185133,0.0,0.0,0.0,0.5054430345607864,0.0,0.0,0.0,0.3074727121663739,0.0,0.2541035477066292,0.0,0.6764178256600905,0.0,0.5807113983711781,0.0,0.0,0.0,0.6648127523626699,0.7772924154693145,0.6818635421790428,0.0,0.4670173371361533,0.3054738803191509,0.5896802402246051,0.0089745845968484,0.5194909798827313,0.6049417478596225,0.5656447393630398,0.1179519515475792,0.6085781931905042,0.4143390205386369,0.0,0.4792025852539469
0.0678997441282205,0.1736970676639367,0.3162404346129528,0.0,0.0153772362014469,0.2204624297891305,0.1047795155775087,0.4838825797665725,0.2507877660216571,0.2400529344385981,0.3540520848282589,0.4257539504838415,0.2474357495738106,0.1701596946582232,0.0,0.4525447811097068,0.3064669177068474,0.3694024115142892,0.3938911352978347,0.260584025546629,0.1486731554809659,0.4812269156665213,0.1801681633157938,0.4086045108143004,0.3188924599257896,0.3596122141939425,0.1806542507317945,0.1184772076768192,0.2175596130410773,0.2319599818503202,0.4756798984031309,0.0,0.181372526512777,0.463503111147208,0.0,0.0,0.0,0.0,0.7358966410096097,0.4184926711721625,0.5625207621558149,0.0,0.2136722036226827,0.4207953728282498,0.0749265901881258,0.2077197922095578,0.2702569651892357,0.3810427753974659,0.0,0.013733628850708,0.1796002662625146,0.0,0.4124353149592142,0.297735271566119,0.2741431239166468,0.3144801375670803,0.3404583008165558,0.2719092773331494,0.0,0.0688298529022328,0.2449567897260427,0.4589851280103097,0.286230405944019,0.4413537512695932,0.3906092711893435,0.0,0.3744898171927632,0.0774227343362305,0.3352475074222156,0.3155277840335405,0.416309967221105,0.0854665790590996,0.4217021556310022,0.3079640943462742,0.0,0.3965541745663308
0.1504579981060541,0.0573739859832212,0.1809027124440556,0.0,0.0617197340072888,0.2536278075076597,0.0,0.2042777943527318,0.2897927130421694,0.0751462544580927,0.3780053523946272,0.0,0.178346059057085,0.0,0.5050092221832516,0.1128198072174622,0.0235749474346968,0.0115998033241162,0.0,0.1239871071000554,0.4691480517012785,0.1443041836893516,0.1350452707568122,0.1958157957802101,0.0,0.0783088736808984,0.1946018031914219,0.135275823217827,0.1402721759240494,0.0,0.2826426486134903,0.181372526512777,0.0,0.5952602035047602,0.0996576840538392,0.0,0.0,0.1042156508420694,0.0891396200754739,0.6821236956305433,0.2688030231620357,0.0,0.0,0.0,0.0572823406341279,0.1041953010394414,0.0540359111112647,0.0,0.0,0.0,0.0,0.0,0.0,0.0,0.058934270448049,0.0,0.0166381100204694,0.0,0.0,0.1956853056131966,0.0533132581725195,0.1743027333089672,0.0,0.0,0.2052519215314467,0.4034896416505313,0.1742279781095366,0.1504414025330616,0.1192061558871221,0.0,0.0,0.1316393593354609,0.3113253829915651,0.0,0.0,0.0
0.0234331644620481,0.1088851474038221,0.2062916346284906,0.0,0.1106657389118639,0.2016446993517409,0.0,0.2690337444398977,0.12803349299858,0.1273751267720789,0.2705262503630688,0.1377486516630628,0.2977598131164179,0.1501782388658177,0.3584531784470851,0.2793118306526628,0.1236590055255848,0.1777281395674955,0.2953865140480605,0.3435390233665547,0.3355526429266715,0.3480979067657808,0.089413263358437,0.2428561303998046,0.0615593666874293,0.1551361208702555,0.1949412183304821,0.3525857510211339,0.2558128428050329,0.4209975175041213,0.4864330420340557,0.463503111147208,0.5952602035047602,0.0,0.072086390716179,0.0,0.0,0.2306882150515858,0.2540459252070967,0.5129617025526426,0.4803295035846652,0.0,0.0,0.2472102701637136,0.1803253224406538,0.1068306097721812,0.0882350394183665,0.1395312817194771,0.0,0.0,0.2154577913172867,0.0473222760736856,0.3105718979380932,0.271586066513827,0.1574861218887333,0.0,0.190384966409401,0.2600332406539424,0.0,0.0812208464894941,0.1504787995136049,0.2563248490660846,0.1129575961066323,0.0,0.4001835277313937,0.2219559983398894,0.2543434330066751,0.016378723797741,0.1548461613045667,0.0383829747499699,0.1244089646058101,0.0993787783792942,0.3226111159951183,0.3330255560464611,0.0,0.1014950139674915
0.0,0.0,0.0,0.1351502860492785,0.2668126691400242,0.0,0.0,0.0,0.0,0.0,0.0955869008270293,0.0,0.0,0.0,0.1520812547653217,0.0,0.0,0.0,0.0,0.0,0.0,0.0,0.0,0.0,0.0,0.0,0.0,0.0076090558459411,0.0,0.0,0.0,0.0,0.0996576840538392,0.072086390716179,0.0,0.0,0.0,0.0,0.0,0.0,0.0,0.5490574756385111,0.0,0.0,0.0,0.0,0.0,0.0,0.0,0.0,0.0,0.0,0.0,0.0,0.0,0.0,0.0,0.0,0.0,0.213688238832031,0.0,0.0,0.0,0.0,0.0,0.0,0.0,0.0,0.0,0.0,0.0,0.0,0.0,0.0,0.0,0.0
0.0,0.0,0.0,0.1347643223646172,0.0669148690745904,0.0,0.030119165641717,0.0,0.0,0.0137436496947826,0.0,0.0,0.0,0.0,0.0,0.0,0.0,0.0,0.0,0.0,0.0,0.0,0.0,0.0,0.0,0.0,0.0,0.0,0.0466435551789666,0.0,0.0,0.0,0.0,0.0,0.0,0.0,0.58989918668918,0.0,0.0,0.0,0.0,0.0199732407296202,0.3599939324005199,0.121269559285852,0.0327849394497844,0.0,0.0,0.0,0.0,0.0394429081422219,0.0,0.0,0.0,0.0,0.0,0.0,0.0,0.0191518820837572,0.0,0.0,0.0,0.0,0.0,0.0,0.0,0.0,0.0,0.0,0.0,0.0,0.0,0.0,0.0,0.0,0.0,0.0
0.0,0.0,0.0,0.2758414056122905,0.0,0.0,0.0,0.0,0.0,0.0,0.0,0.0,0.171265264690258,0.0220039946378338,0.0,0.0,0.0,0.0,0.0,0.0,0.0,0.0,0.0,0.0,0.0,0.0,0.0,0.2751269994179522,0.0,0.0,0.0,0.0,0.0,0.0,0.0,0.58989918668918,0.0,0.1291075129090666,0.0,0.0,0.0,0.0,0.2823893282308548,0.0,0.0,0.0,0.0,0.0,0.0,0.0,0.0,0.0,0.0,0.0,0.0,0.0,0.0,0.0,0.0,0.0,0.0,0.0,0.0,0.0,0.0,0.0,0.0,0.0,0.0,0.0,0.0,0.0,0.0,0.0,0.0,0.0
0.0,0.0,0.0,0.2447099016933175,0.0,0.0883328418914165,0.0,0.0,0.0,0.3919161816801938,0.0,0.2521872512031215,0.2334514384541253,0.0,0.0,0.0,0.270114868759465,0.0,0.0,0.0,0.0,0.0,0.1746956077030564,0.2438331685641597,0.1635196247817985,0.1879611871094477,0.1178032700566606,0.245021152066707,0.0,0.0,0.2811433641994501,0.0,0.1042156508420694,0.2306882150515858,0.0,0.0,0.1291075129090666,0.0,0.0,0.207353168948673,0.0,0.0,0.0,0.0,0.4391161278434849,0.0,0.0,0.0,0.0,0.0,0.0,0.0,0.0,0.0,0.3831879584227753,0.0,0.3561643072962457,0.0,0.0,0.0,0.0,0.0,0.0,0.0,0.0,0.0,0.0,0.0,0.2120056795436399,0.2497489005742259,0.2319392959890845,0.0,0.0196531114053204,0.0,0.0,0.0
0.3179607800686208,0.1898421611774308,0.3965397416925169,0.0,0.0,0.2134813402050019,0.043967275036097,0.4341574330364659,0.1784996845217688,0.368411719803717,0.1504252751181762,0.5109543043860627,0.2461419700800755,0.060878809751002,0.0,0.508536174858103,0.0,0.4426864637918229,0.5057355603902217,0.2704502227643401,0.0993669505591762,0.4949736832548408,0.2822612194700601,0.5201614759249995,0.476149194963738,0.4068536479090439,0.2724685801487244,0.1409714839645864,0.3051423280545363,0.0,0.4849883367146398,0.7358966410096097,0.0891396200754739,0.2540459252070967,0.0,0.0,0.0,0.0,0.0,0.4541788801021066,0.5833822990843598,0.0,0.2392018031475708,0.4259310915572625,0.3119605443913963,0.455395604592586,0.3942266151842643,0.3549977300861142,0.0,0.0475316117156517,0.3011534450656111,0.0,0.3798374845305092,0.2336614039350438,0.4948526414790542,0.2616118315811165,0.4871279617527291,0.4214268033944968,0.2297778123753017,0.023730268244235,0.4625575151143999,0.6338096162048776,0.5615569124402965,0.43449012516068,0.5002478327247312,0.0222650346243959,0.4999007000156563,0.2155478787205411,0.504964240380564,0.5493981541007672,0.6430817630965072,0.2093081355748715,0.5766416770624453,0.5025755613744748,0.5893427767810615,0.6225677233318886
0.320910703437464,0.3337416175290084,0.0,0.0,0.0,0.0,0.0,0.0,0.0,0.3628301791673006,0.0,0.3897352454833139,0.3990581267949142,0.0,0.2596763095196147,0.3137147187338623,0.4342246153357467,0.4271839718784823,0.0,0.2123219566725528,0.5030339832302098,0.4244409147183779,0.2743161266165281,0.5489102614311736,0.4339516154397537,0.3976932449111987,0.3373237860372913,0.2624040100851054,0.2636267179308756,0.0,0.4370269315497551,0.4184926711721625,0.6821236956305433,0.5129617025526426,0.0,0.0,0.0,0.207353168948673,0.4541788801021066,0.0,0.5852508022118388,0.0,0.1502835989879456,0.3269481469715312,0.4158826477179465,0.3733788541663076,0.4053422425063825,0.3210160288762537,0.0,0.1128188967909901,0.3412018931976167,0.1362605344424334,0.3460119236483411,0.4815344884604771,0.4570630016272652,0.2484609579344722,0.4303686786364893,0.4457014648468171,0.0,0.063761203056881,0.4312702452790284,0.5165016769900767,0.4191768382306488,0.4774643109526347,0.4728662272798978,0.3688173744239068,0.528055732877311,0.1782811050932864,0.4337257095539215,0.3432468161974996,0.3953521928017965,0.2137036430041008,0.5715389983599718,0.4055824021945753,0.4523820418045518,0.350564090384444
0.2892781766631825,0.0925226895141035,0.1602469832069703,0.0,0.0,0.1026702524810805,0.1572045649505962,0.1764697472767713,0.2992492069423612,0.0788967885694043,0.0,0.3204762397902309,0.2145521087676828,0.0,0.0080146198436929,0.5015251774819874,0.0,0.399948515064661,0.0,0.2035893964020904,0.1316765306178327,0.4809608042735898,0.0,0.3830190097406876,0.3104830026335811,0.2791683181723141,0.1115164191578601,0.2501244808144271,0.2494346458768961,0.0,0.2824953151011695,0.5625207621558149,0.2688030231620357,0.4803295035846652,0.0,0.0,0.0,0.0,0.5833822990843598,0.5852508022118388,0.0,0.0,0.0,0.3513790010536561,0.0901963892207541,0.3784328596551145,0.2123636824698804,0.2957115574686669,0.0,0.0,0.0,0.0,0.1863233613494516,0.2005790096072072,0.1251098644330216,0.2384675234320969,0.2558451069395716,0.1676947206502817,0.0894616086875391,0.0304011265059258,0.3472994288221948,0.3610758831978405,0.328251516813664,0.4207653129258141,0.4069513544033181,0.0392842592175277,0.4513314240236936,0.0,0.3072517789044183,0.209088339820253,0.3296401975256102,0.0,0.4592325986123916,0.241555883794991,0.4657350758569641,0.5722020619620679
0.0,0.0,0.0,0.0,0.0,0.0,0.0,0.0,0.0,0.0,0.0,0.0,0.0,0.0,0.0514102327867056,0.0,0.0,0.0,0.0,0.0,0.0,0.0,0.0,0.0,0.0,0.0,0.0,0.0114362960763723,0.0,0.0,0.0,0.0,0.0,0.0,0.5490574756385111,0.0199732407296202,0.0,0.0,0.0,0.0,0.0,0.0,0.0,0.0,0.0,0.0,0.0,0.0,0.302800373300671,0.184208041790699,0.0,0.0,0.0,0.0,0.0,0.0006499530989773,0.0,0.0,0.0,0.1172751271970504,0.0,0.0,0.0,0.0,0.0,0.0,0.0,0.0,0.0,0.0,0.0,0.0,0.0,0.0,0.0,0.0
0.0,0.0,0.2377647018841253,0.0,0.0,0.4685821514452095,0.1010452303293461,0.42423811534666,0.1870567659459388,0.0,0.0,0.3614462560804117,0.1578384579062725,0.0,0.0,0.0,0.0,0.0,0.2900291940238587,0.0530520233365586,0.0,0.078324182968568,0.326695214435157,0.0,0.0,0.0,0.2080461689756744,0.0,0.3003048968363737,0.0,0.3405276531185133,0.2136722036226827,0.0,0.0,0.0,0.3599939324005199,0.2823893282308548,0.0,0.2392018031475708,0.1502835989879456,0.0,0.0,0.0,0.5635156717076418,0.1779803109312579,0.0,0.0,0.0063396188301528,0.0,0.2558380620895968,0.4226306506622521,0.258357001240734,0.4176415962986644,0.0713792365377503,0.3919625425261889,0.0,0.318545614642752,0.481759385233222,0.3188384135475347,0.0,0.0,0.4710538469077098,0.0,0.068922502394795,0.0633671738097054,0.209243496447164,0.2228185526639463,0.303131629425752,0.4438344915191423,0.2837017007645971,0.2459175447258277,0.1284520351886011,0.472028406629803,0.1179924096555654,0.0,0.0
0.0,0.0,0.0,0.0,0.0,0.0,0.0,0.0,0.0,0.0,0.0,0.0,0.0,0.0,0.0,0.0,0.0,0.0,0.0,0.0,0.0,0.0,0.303677427539242,0.0,0.0,0.0,0.3244186482592725,0.0,0.0,0.0,0.0,0.4207953728282498,0.0,0.2472102701637136,0.0,0.121269559285852,0.0,0.0,0.4259310915572625,0.3269481469715312,0.3513790010536561,0.0,0.5635156717076418,0.0,0.2158364390583219,0.0,0.0,0.2746159732945549,0.0,0.1380157439003524,0.2601689436120273,0.0150886161406377,0.4744436988419728,0.257888825599989,0.5333029933997352,0.1120139071564472,0.5759782603944559,0.5400540798751028,0.2859054375610588,0.0,0.0,0.0,0.0,0.4187911228736278,0.0,0.0,0.0,0.2676572360970345,0.0,0.0,0.0,0.0916679537294298,0.6078339994652097,0.2345148695463564,0.0,0.3573673000342925
0.0,0.0,0.0,0.0,0.0,0.0,0.0,0.0,0.0,0.5667130682490163,0.0,0.511967506329217,0.4090867008474883,0.0,0.0,0.0,0.0,0.0,0.0,0.0,0.0,0.0,0.0,0.4691569912257591,0.0,0.4673944877275788,0.0,0.2883638283313478,0.0,0.0,0.0,0.0749265901881258,0.0572823406341279,0.1803253224406538,0.0,0.0327849394497844,0.0,0.4391161278434849,0.3119605443913963,0.4158826477179465,0.0901963892207541,0.0,0.1779803109312579,0.2158364390583219,0.0,0.195076909930945,0.0,0.0,0.0,0.0,0.2655135792681988,0.0,0.0,0.0,0.6914733689690726,0.0,0.5988472163809365,0.3432949253507115,0.0,0.0,0.0,0.502339230612564,0.487419980691789,0.0335206386915933,0.0,0.0,0.0,0.0077658433707806,0.3681545539862458,0.5571177102076241,0.5088723691115287,0.2152836116001058,0.4164366344411829,0.0,0.0,0.313372001242608
0.7610414807145294,0.2733264517970852,0.0,0.0,0.0,0.0,0.0,0.0,0.0,0.3379902951590932,0.0,0.0,0.0,0.0,0.0,0.3319696732717531,0.0,0.406942129477913,0.0,0.0,0.1060642857080921,0.4801988498885136,0.0,0.59359207156161,0.4643146783193801,0.476476638929398,0.0,0.0,0.0,0.0,0.0,0.2077197922095578,0.1041953010394414,0.1068306097721812,0.0,0.0,0.0,0.0,0.455395604592586,0.3733788541663076,0.3784328596551145,0.0,0.0,0.0,0.195076909930945,0.0,0.6109269816657721,0.0,0.0,0.0,0.0962692083251195,0.0,0.24441906069697,0.0,0.0,0.0,0.2683720762124867,0.2978257297176062,0.0,0.0,0.6320572538472652,0.0,0.5252623353975956,0.0,0.3823491489634611,0.112105042591094,0.6607989405785663,0.22953872481394,0.5531352359949744,0.505040854844821,0.574692550148585,0.0435449455146534,0.2815612211244352,0.2381552663294615,0.0,0.5108847368888673
