0.0,0.1818415330048622,0.0,0.0,0.0,0.1452686235990901,0.0,0.0,0.0,0.5836030006339893,0.0,0.0564847879882489,0.0,0.0,0.4208197030926753,0.5949886277206297,0.3424850540219715,0.4717910614087567,0.0,0.4238654505727612,0.4383564339672616,0.4291925198240451,0.0582479655081868,0.4572808309548056,0.5014122140915488,0.4344009905106934,0.4967545763052237,0.3780493937900672,0.4874539204682204,0.0,0.1891118587488578,0.2087693212656828,0.1438388856932648,0.0,0.0,0.0,0.0,0.0,0.0660921345067928,0.1485365890364042,0.1574895415561319,0.0,0.0,0.0,0.0,0.7373143352886496,0.2963410160064998,0.0,0.0,0.0,0.0,0.0,0.0,0.0,0.3917937045641118,0.0,0.0,0.0,0.0,0.0,0.4538569382094709,0.0,0.4291026084634758,0.0,0.0,0.4593362548814261,0.4312104025086252,0.0,0.5297249618867496,0.5446984278914109,0.5247547906782908,0.0,0.0,0.0,0.0,0.0
0.1818415330048622,0.0,0.0,0.0,0.0,0.7305383971886126,0.1138561669658286,0.5270313061759497,0.0,0.0,0.0,0.0,0.5022424721572573,0.0,0.1976850871394191,0.0902875052488934,0.0,0.6434305466165913,0.0,0.2047708569114531,0.0,0.2171589147346931,0.6079550509358157,0.0,0.7659943769102892,0.823487094992393,0.1839768092894923,0.1206433351955394,0.0,0.0,0.0,0.2504159476052888,0.511229713676264,0.0922947464590107,0.0,0.0,0.0,0.0,0.1529430498972361,0.4078275721779722,0.409987663439275,0.0,0.0,0.0,0.0,0.1387051252473289,0.6781068019845216,0.0,0.0,0.0,0.0,0.0,0.0,0.0,0.0,0.0,0.0,0.0,0.0,0.0950007872435647,0.1199876786510907,0.0,0.4735426416833013,0.0,0.1364135155425151,0.0692470130779972,0.0764202890228765,0.5795267172409424,0.0,0.5707876829642317,0.7668700204988695,0.2877999409524417,0.0,0.0952800461938724,0.0,0.0
0.0,0.0,0.0,0.0,0.3294027255296551,0.4162715242165939,0.3362694271441412,0.0754556146622608,0.3998658828198674,0.4067202740993443,0.2849178194842358,0.0,0.4106037431533876,0.1006829649064211,0.0,0.0,0.0,0.0,0.5554287154718008,0.0,0.0,0.0,0.3225915943363728,0.0,0.0,0.0,0.6666385611696328,0.3989700859182931,0.0,0.3067304162046554,0.1919034137538993,0.2658302535101403,0.0,0.1855358738787532,0.009548334190621,0.108723156909661,0.1035552853578948,0.0,0.2011385884254042,0.0,0.0,0.0,0.2128985969587656,0.0,0.0,0.0,0.0,0.5761446144339993,0.0,0.2199599451185934,0.2748356493414455,0.0,0.104765267872572,0.4307708616863522,0.0,0.3780298694793449,0.0,0.0,0.1687967091450245,0.0,0.0,0.0,0.0,0.5770490983412105,0.0,0.0,0.0,0.2628793101393456,0.0,0.0,0.0,0.5686873804700453,0.0,0.0,0.0,0.0
0.0,0.0,0.0,0.0,0.0,0.0,0.2898533981747316,0.0,0.0,0.0396955243723944,0.0716247622676649,0.0,0.134442122312967,0.1457549624086776,0.0,0.0,0.0,0.0,0.0,0.0,0.0,0.0,0.0,0.0,0.0,0.0,0.0,0.2533504089946647,0.0,0.0,0.0,0.0,0.0,0.1370246890048481,0.3228023475370218,0.1106331105015949,0.2200155111536482,0.0,0.0,0.0,0.0,0.0,0.0,0.0,0.0,0.0,0.0,0.0,0.0,0.0,0.0,0.0,0.0,0.0,0.0,0.0,0.0,0.0,0.0,0.0,0.0,0.0,0.0,0.0,0.0,0.0,0.0,0.0,0.0,0.0,0.0,0.0,0.0,0.0,0.0,0.0
0.0,0.0,0.3294027255296551,0.0,0.0,0.0,0.2800383034008475,0.0,0.6338050480374544,0.0,0.6620153914028362,0.0,0.0159063024295815,0.0595529391138699,0.0,0.0,0.0,0.0,0.4338952204144443,0.2629332582883612,0.0,0.2554511589981083,0.0,0.0,0.0,0.0,0.3724864883852624,0.0,0.4137648136741709,0.0,0.0,0.2810276197268937,0.1550799828067534,0.0,0.0,0.0,0.0966292620693388,0.0784814310107375,0.0,0.0,0.0,0.0,0.0,0.0,0.0,0.0,0.0,0.3374673665479649,0.0,0.0,0.0,0.0,0.0,0.495391289317819,0.0,0.524122392401984,0.0,0.0,0.0,0.0,0.0,0.0,0.0,0.0,0.0,0.0,0.0,0.0,0.0,0.0,0.0,0.2625115277532879,0.0,0.0,0.0,0.0
0.1452686235990901,0.7305383971886126,0.4162715242165939,0.0,0.0,0.0,0.3185214304314711,0.7175951776963383,0.0904909479005763,0.4449312869653508,0.0,0.0,0.6611010248901561,0.1456026952730819,0.3624732777594713,0.093720945655078,0.0,0.3752904800196929,0.2601513083999051,0.4032527936271479,0.2255929103002406,0.3079200002036519,0.7943412493522777,0.0,0.3829533197658341,0.4679123280124279,0.3335536723081879,0.3061725822072744,0.179823166700094,0.3788510031798437,0.0511362988962354,0.1446749442832518,0.4754752898197742,0.3383704847068557,0.0488843193649908,0.219301923391353,0.0,0.0,0.0214844401059481,0.0,0.2977127942879248,0.0,0.400391685241068,0.0,0.0,0.0,0.0,0.5006336361851207,0.0,0.0,0.795715433397831,0.2048116523398984,0.7287344951620922,0.1668731534078777,0.0,0.2128770537079163,0.0,0.6440954274135825,0.0,0.2705873671604135,0.0,0.0,0.0,0.5011512053267854,0.1971065196969031,0.2403707328433856,0.1348875867190609,0.7773823751210124,0.0,0.0,0.0,0.3643072653531439,0.3388280034972663,0.1444439895825893,0.0,0.0
0.0,0.1138561669658286,0.3362694271441412,0.2898533981747316,0.2800383034008475,0.3185214304314711,0.0,0.0347159200957088,0.3750278843829344,0.3121132347631908,0.1770512313391128,0.274431818763949,0.5333872660528943,0.152684930313857,0.0,0.3301763708119992,0.0964368122106908,0.0706430776455734,0.2122488609962665,0.3511919300508935,0.0,0.3419876448344374,0.1535347710817334,0.0,0.0,0.0,0.4238225109524191,0.4289973655640884,0.5281916252512926,0.0,0.3927204759797282,0.0287627305619601,0.1571237340998363,0.2714360191019735,0.3668029938927793,0.1828942136110863,0.2443760151949976,0.092613748814873,0.0,0.0,0.0,0.0,0.0,0.0,0.0,0.0,0.0,0.0,0.0,0.0,0.0780859687812998,0.0,0.0,0.0,0.0,0.0,0.0,0.0,0.0,0.0,0.0,0.0,0.0,0.0,0.0,0.0,0.0,0.0999924149257328,0.0,0.0,0.0,0.3403538499897744,0.0,0.0,0.0,0.0
0.0,0.5270313061759497,0.0754556146622608,0.0,0.0,0.7175951776963383,0.0347159200957088,0.0,0.0,0.1746608726895289,0.0,0.0,0.3417114863898919,0.0858944630470226,0.0839511186823636,0.0,0.0,0.0783870280199737,0.1658938587717283,0.046069397325824,0.0598958912929688,0.0,0.8229006729933119,0.311803641824819,0.1790581410104038,0.2231687890416867,0.0,0.0980550654630199,0.0,0.2480573572018924,0.0,0.0,0.3307710513601424,0.3262060059834524,0.0912121857956603,0.3277148280837608,0.0,0.0,0.0,0.0,0.1654879229013252,0.0,0.3059463008319507,0.0,0.0,0.0,0.0,0.2507840769257668,0.0,0.1333075746595206,0.5934372217251072,0.0,0.8479481236029746,0.0389223879952119,0.0,0.1772904814569607,0.0,0.3545097665368137,0.2065636363938007,0.0,0.0,0.0,0.0,0.3318756502214794,0.0,0.0,0.0,0.7155721928393675,0.0,0.0,0.0,0.0,0.0721668400857556,0.0,0.0,0.0
0.0,0.0,0.3998658828198674,0.0,0.6338050480374544,0.0904909479005763,0.3750278843829344,0.0,0.0,0.0902091934521788,0.766286376384977,0.0586764689392117,0.0856648891360473,0.0,0.0,0.0900383680136821,0.0,0.0,0.4190826466031822,0.241825080426511,0.0,0.2084461647865138,0.03819981350423,0.0,0.0,0.0,0.4027179511124952,0.0161535012637209,0.2437053996615711,0.0,0.0,0.0793316200450508,0.1756328939748349,0.0954454680734797,0.0830174580204722,0.0,0.0038884772663895,0.0475534306468919,0.1193355298357592,0.0,0.0,0.0,0.0,0.0,0.0,0.0,0.0,0.3789010245978881,0.0,0.0,0.0,0.0,0.0,0.8546505318641808,0.0,0.6386989762810648,0.0,0.0,0.0,0.0,0.0,0.0,0.0,0.1718976194013937,0.0,0.0,0.0,0.0,0.0,0.0,0.0,0.2689597347551326,0.0,0.0,0.0,0.0
0.5836030006339893,0.0,0.4067202740993443,0.0396955243723944,0.0,0.4449312869653508,0.3121132347631908,0.1746608726895289,0.0902091934521788,0.0,0.0,0.5525442093850901,0.5201946561789815,0.0189406475224506,0.0,0.4748501613357847,0.6759575946965356,0.5542493892764747,0.1134006281593818,0.0,0.0,0.4352448684980016,0.4025675727656793,0.5823397900288402,0.6291758526744616,0.5068716400385923,0.4125070670877205,0.5324070797120316,0.0,0.0,0.3367416545722811,0.096044510160699,0.2537976485054342,0.1966572063165452,0.147470443622591,0.2282625376569065,0.0309689836741759,0.0,0.0,0.2713732157807286,0.1995777372048769,0.0,0.0,0.0,0.0,0.0,0.0,0.0,0.0,0.0,0.0,0.0,0.0,0.0,0.8659176558693775,0.0,0.3895471225192543,0.0,0.0,0.0,0.0,0.5350984570471717,0.5714555494558476,0.0,0.0,0.0,0.0,0.0,0.6448164973193238,0.8290546145831711,0.726972234065898,0.0,0.6481515048994612,0.0,0.0,0.1766085092103122
0.0,0.0,0.2849178194842358,0.0716247622676649,0.6620153914028362,0.0,0.1770512313391128,0.0,0.766286376384977,0.0,0.0,0.0,0.0,0.0406484893421554,0.0,0.0,0.0,0.0,0.330361890406479,0.0,0.0,0.0,0.0,0.0,0.0,0.0,0.2478298423140406,0.0163216768594347,0.0,0.0,0.0,0.0011879445105982,0.0,0.0,0.0967576968883275,0.0,0.0848566045190199,0.1197346858571332,0.1231449528392852,0.0,0.0,0.0,0.0,0.0,0.0,0.0,0.0,0.324500635331281,0.0,0.5402450418291502,0.0,0.1750978290926947,0.0,0.6355355211033576,0.0,0.6428782213376769,0.0,0.0,0.0209742866852222,0.0,0.0,0.0,0.0,0.0932272027232887,0.0,0.0,0.0,0.0,0.0,0.0,0.0,0.0971393188004928,0.0,0.0,0.0,0.0
0.0564847879882489,0.0,0.0,0.0,0.0,0.0,0.274431818763949,0.0,0.0586764689392117,0.5525442093850901,0.0,0.0,0.4654428132997321,0.0,0.0,0.0,0.3424268714485889,0.0,0.0,0.0,0.0,0.0,0.0,0.2931393642784037,0.0716665130158798,0.0633640917640381,0.0,0.4734633481626182,0.0,0.0,0.3075078426923321,0.0,0.26403645575788,0.463160282002857,0.3826020512596175,0.39378993476753,0.1635659421313097,0.0564725663809502,0.0,0.1405226086335747,0.0035268132978561,0.0,0.0,0.0,0.0,0.0,0.0,0.0,0.0,0.0,0.0,0.0,0.0,0.0,0.5399875225339721,0.0,0.3777123457056626,0.0,0.0,0.0,0.0,0.272789286667196,0.1671931595169182,0.0,0.0,0.0,0.0,0.0,0.1954151996595216,0.3386691564337462,0.2991023865205693,0.0,0.0,0.0,0.0,0.0
0.0,0.5022424721572573,0.4106037431533876,0.134442122312967,0.0159063024295815,0.6611010248901561,0.5333872660528943,0.3417114863898919,0.0856648891360473,0.5201946561789815,0.0,0.4654428132997321,0.0,0.2318205334926207,0.4134886790229353,0.4448083656762146,0.4301100371342428,0.405055666193594,0.1950048488973381,0.476810606586452,0.4673191116696576,0.4681657790678051,0.5139190291333151,0.2757278132418011,0.248724962744048,0.3248121466697683,0.3276549011685419,0.6788744962212019,0.4586364423809863,0.5376277354770617,0.4158656772326851,0.0899432517881372,0.2653515836768618,0.2853799453278808,0.2324890970225,0.382872984932591,0.1861923124725807,0.135790570432302,0.0,0.0,0.0,0.0,0.2392996463437799,0.0,0.0,0.0,0.0,0.2799356036725741,0.0,0.0,0.4317605748856495,0.0,0.2653487758980146,0.0,0.0,0.0,0.0,0.0,0.0,0.0,0.0,0.0,0.0,0.0,0.0,0.0,0.0,0.3705378577971848,0.0,0.0,0.0,0.2653444479867587,0.0,0.2640968265369416,0.0,0.0
0.0,0.0,0.1006829649064211,0.1457549624086776,0.0595529391138699,0.1456026952730819,0.152684930313857,0.0858944630470226,0.0,0.0189406475224506,0.0406484893421554,0.0,0.2318205334926207,0.0,0.0,0.0,0.0,0.0,0.0697684368489878,0.0,0.2740671344788792,0.0,0.1788700327958375,0.0,0.0,0.0,0.1534382031646389,0.3841869473358252,0.0,0.0,0.3535151888688738,0.0,0.0,0.1423068441729935,0.0,0.297710624036078,0.1276476682572644,0.0,0.0,0.0,0.0,0.0,0.1621908286625938,0.0,0.0,0.0,0.0,0.0691343552083599,0.0,0.0,0.0,0.0,0.0,0.0,0.0,0.0531590746147377,0.0,0.0,0.0,0.0,0.0,0.0,0.0,0.0,0.0,0.0,0.0,0.2030325021480535,0.0,0.0,0.0,0.0,0.0,0.0,0.0,0.0
0.4208197030926753,0.1976850871394191,0.0,0.0,0.0,0.3624732777594713,0.0,0.0839511186823636,0.0,0.0,0.0,0.0,0.4134886790229353,0.0,0.0,0.4440401278134729,0.0,0.2832545931847117,0.0,0.8012009395668257,0.5729276535993695,0.7506298839613856,0.336781207958154,0.0831288157690312,0.2302068890152668,0.2037382434353068,0.6955751200474615,0.5092064682519295,0.5895527194970063,0.0,0.300544762407649,0.2267828318701703,0.0733467530353924,0.1898000374519205,0.1440701354145769,0.2384625369120215,0.0,0.0,0.090925949975998,0.0916604887355136,0.1437000045023176,0.0030446451164621,0.0,0.0,0.0,0.0,0.4914045162763874,0.0,0.0,0.0,0.2477023108514813,0.0,0.1072161599077761,0.0,0.0,0.0,0.0,0.0,0.0,0.7514972149894436,0.4486154780960245,0.0,0.0,0.0,0.6272522997550783,0.5769641852418382,0.6953895141474334,0.28325564298885,0.0,0.0,0.4261644449450076,0.578694834959852,0.586350101783474,0.5804481954225083,0.0,0.2762040363598447
0.5949886277206297,0.0902875052488934,0.0,0.0,0.0,0.093720945655078,0.3301763708119992,0.0,0.0900383680136821,0.4748501613357847,0.0,0.0,0.4448083656762146,0.0,0.4440401278134729,0.0,0.2200388262563844,0.4829908635484945,0.0,0.5001217323214585,0.5295723727973173,0.6268135273444503,0.0382166551875581,0.175608351011229,0.3014677159689025,0.2735547587179289,0.5388655535842186,0.5636231604919647,0.6572450948131145,0.3231844475538044,0.5151439895919449,0.1677570567514175,0.0646980746232135,0.1087132948801129,0.1592438331215759,0.0,0.0,0.0,0.060263037765695,0.03276651329585,0.0835179713558379,0.1799972884478995,0.0,0.0,0.0,0.6304162201853779,0.2470426521376449,0.0,0.0,0.0,0.0,0.0,0.0,0.0,0.0,0.0,0.0,0.0,0.0,0.4154957370904389,0.628964842410382,0.0,0.4739739654563228,0.0,0.3287411598218183,0.5052747075251005,0.5083330407778948,0.0,0.0,0.4699023779539844,0.3875531331973725,0.0,0.0,0.0,0.0,0.3990308117352971
0.3424850540219715,0.0,0.0,0.0,0.0,0.0,0.0964368122106908,0.0,0.0,0.6759575946965356,0.0,0.3424268714485889,0.4301100371342428,0.0,0.0,0.2200388262563844,0.0,0.7813639585664559,0.0,0.1783902870494949,0.0,0.2579309339814351,0.0,0.7096721474296345,0.8321994004029418,0.8423053147784004,0.0,0.1298248880534507,0.0,0.0,0.0,0.2452475370409293,0.5217651606187368,0.0,0.0,0.0,0.0,0.062959326806746,0.0,0.4587398444627576,0.404932695988825,0.0,0.0,0.0,0.0,0.0,0.0,0.0,0.0,0.0,0.0,0.0,0.0,0.0,0.6637848078113324,0.0,0.614031834700334,0.0,0.0,0.0,0.0,0.6783891905455767,0.5990355840722493,0.0,0.0,0.0,0.0,0.0,0.7539356372457411,0.6410294550031322,0.8140349119467939,0.0,0.0,0.0,0.0,0.0
0.4717910614087567,0.6434305466165913,0.0,0.0,0.0,0.3752904800196929,0.0706430776455734,0.0783870280199737,0.0,0.5542493892764747,0.0,0.0,0.405055666193594,0.0,0.2832545931847117,0.4829908635484945,0.7813639585664559,0.0,0.0,0.2744170761532944,0.0714928501218835,0.4396302749576385,0.1949134255515177,0.6706434362933221,0.8134334959268237,0.8418375647665594,0.3807326582375964,0.1015565428056832,0.1640113228904961,0.0,0.0,0.3950987235913501,0.4787173617794704,0.0,0.0,0.0,0.0,0.0,0.3451648951490499,0.4697505924849551,0.4150518173703725,0.0,0.0,0.0,0.0,0.4511189486256423,0.4835947755775469,0.0,0.0,0.0,0.0,0.0,0.0,0.0,0.4775314872152593,0.0,0.5152484763694698,0.0,0.0,0.0,0.3860843647127394,0.590317898105672,0.6615003367111133,0.0,0.0,0.0,0.3680814053706798,0.0,0.6985268335544519,0.5629101372714438,0.7457149278803479,0.0,0.0,0.0,0.0,0.3120403345872977
0.0,0.0,0.5554287154718008,0.0,0.4338952204144443,0.2601513083999051,0.2122488609962665,0.1658938587717283,0.4190826466031822,0.1134006281593818,0.330361890406479,0.0,0.1950048488973381,0.0697684368489878,0.0,0.0,0.0,0.0,0.0,0.0,0.0,0.0,0.234514687464101,0.0,0.0,0.0,0.3982514873078949,0.1168703517027906,0.0,0.0,0.0011536042282672,0.2626394575229397,0.0,0.1240728950337658,0.0212565414033475,0.1501944888440007,0.0518651790253425,0.0,0.2795214385884988,0.0,0.0,0.0,0.1805881027498914,0.0,0.0,0.0,0.0,0.425080803103919,0.0,0.0,0.0943929491224516,0.0,0.1721035654897058,0.3741361432760097,0.0,0.5629505501522413,0.0,0.0,0.1621187284601485,0.0,0.0,0.0,0.0,0.6884118433501146,0.0,0.0,0.0,0.1416281876466903,0.0,0.0,0.0,0.279854381698182,0.0,0.0,0.0,0.0
0.4238654505727612,0.2047708569114531,0.0,0.0,0.2629332582883612,0.4032527936271479,0.3511919300508935,0.046069397325824,0.241825080426511,0.0,0.0,0.0,0.476810606586452,0.0,0.8012009395668257,0.5001217323214585,0.1783902870494949,0.2744170761532944,0.0,0.0,0.5415386184427292,0.8055019479996738,0.2831614520831537,0.0,0.1774215940535612,0.169082251956134,0.7087260215715088,0.6008586936672202,0.6770314635380981,0.4647736319459304,0.4125946774728924,0.2894860054748396,0.1074787162068848,0.2703319016220922,0.20873623915998,0.2389980869711067,0.150261452826156,0.0,0.1144812775678528,0.0839405672630704,0.164362828203613,0.0518559105819157,0.0,0.0,0.0,0.0,0.5052365650913213,0.0,0.0,0.0,0.2691000526781924,0.0,0.0923000828504287,0.0,0.0,0.0,0.0,0.0,0.0,0.715181575191652,0.0,0.0,0.0,0.0,0.7069822466988813,0.5839375061392191,0.7407727293770244,0.2800260390728072,0.0,0.0,0.4372177700942188,0.616800236329449,0.6094193991116489,0.6093623346818698,0.0,0.3158077626318069
0.4383564339672616,0.0,0.0,0.0,0.0,0.2255929103002406,0.0,0.0598958912929688,0.0,0.0,0.0,0.0,0.4673191116696576,0.2740671344788792,0.5729276535993695,0.5295723727973173,0.0,0.0714928501218835,0.0,0.5415386184427292,0.0,0.5678575564410745,0.3711568248625601,0.0314139993013385,0.0134826299503142,0.0,0.5249934652070546,0.6523769729949931,0.6290398775580129,0.5591682371634538,0.6149571600957311,0.0307834035920622,0.0,0.376353562555319,0.4789287890387099,0.3249050579883784,0.0,0.0,0.0,0.0,0.0,0.2309378931941869,0.0,0.0,0.0,0.5087270382051562,0.3200397472775883,0.0,0.0,0.0,0.0639117925559809,0.0,0.0,0.0,0.0,0.0,0.0,0.0,0.0,0.4175475943214784,0.4873454444093504,0.0,0.0,0.0,0.170874645687999,0.7259605840994803,0.3849272469139306,0.2093938021326188,0.0,0.4516555506808165,0.2724235116704308,0.374713105028462,0.5602049657370753,0.358398742013106,0.0,0.2642688426745136
0.4291925198240451,0.2171589147346931,0.0,0.0,0.2554511589981083,0.3079200002036519,0.3419876448344374,0.0,0.2084461647865138,0.4352448684980016,0.0,0.0,0.4681657790678051,0.0,0.7506298839613856,0.6268135273444503,0.2579309339814351,0.4396302749576385,0.0,0.8055019479996738,0.5678575564410745,0.0,0.2294768072562056,0.0,0.2879203460719857,0.3177044985125566,0.7473595426210775,0.5411907787705793,0.6625672626234133,0.289241777240208,0.4127984048512272,0.3507491166395626,0.1874521408579652,0.2193486911533639,0.1086005110608024,0.1913829554165633,0.1666193520970917,0.0,0.2144093538221844,0.1495087599782558,0.20359469144811,0.1246371418036934,0.0,0.0,0.0,0.5514060866300966,0.454646786626705,0.0,0.0,0.0,0.1977113688996667,0.0,0.0,0.0,0.0,0.0,0.0,0.0,0.0,0.6074666838537687,0.5894050723763933,0.0,0.5604517333522443,0.0,0.6415211473971588,0.5694047155275195,0.7946228108276749,0.1223452874135162,0.0,0.4844003186504833,0.4892240943870116,0.599141291469895,0.0,0.6191606424793037,0.0,0.4535147628911912
0.0582479655081868,0.6079550509358157,0.3225915943363728,0.0,0.0,0.7943412493522777,0.1535347710817334,0.8229006729933119,0.03819981350423,0.4025675727656793,0.0,0.0,0.5139190291333151,0.1788700327958375,0.336781207958154,0.0382166551875581,0.0,0.1949134255515177,0.234514687464101,0.2831614520831537,0.3711568248625601,0.2294768072562056,0.0,0.3464439614624736,0.3163136647250392,0.3345389702272084,0.2582949638437877,0.2978660535655039,0.0,0.3749518526305536,0.0800459151449402,0.0444987855030637,0.390255324581083,0.3761408027652619,0.1520288790255683,0.306047501111662,0.0,0.0,0.0,0.2650539411932016,0.188705395672494,0.0,0.2781706294484351,0.0,0.0,0.0,0.5979242885301582,0.3819338078702857,0.0,0.2282685362303732,0.6498291654509337,0.2368795928323481,0.7585119772676039,0.1367946306855094,0.0,0.3007048444086361,0.0,0.5092793925282042,0.2946623041633538,0.0877183638601647,0.0,0.0,0.0,0.4454058064647848,0.0,0.2638475457193519,0.0,0.8550888524361863,0.0,0.0,0.4976816451326978,0.2099665543840834,0.2474170717237905,0.0,0.2075549020332129,0.0
0.4572808309548056,0.0,0.0,0.0,0.0,0.0,0.0,0.311803641824819,0.0,0.5823397900288402,0.0,0.2931393642784037,0.2757278132418011,0.0,0.0831288157690312,0.175608351011229,0.7096721474296345,0.6706434362933221,0.0,0.0,0.0314139993013385,0.0,0.3464439614624736,0.0,0.7458415846792638,0.7712144474554865,0.1007471715990347,0.0423511558641519,0.0,0.0,0.0,0.2538376727668542,0.4674891431791911,0.0229359644928282,0.0,0.0790304965586822,0.0,0.0,0.2107942757585707,0.4959443579069876,0.4708784638341255,0.0,0.0,0.0,0.2643185503642872,0.4105177754519623,0.0,0.0,0.0,0.0,0.0,0.0,0.0,0.0,0.509141920652599,0.0,0.629639185900013,0.0,0.0,0.0,0.1498537100780629,0.527225592290655,0.4782349554122856,0.0,0.0,0.0,0.0,0.0,0.8736863523611853,0.5174652913890703,0.7338928592641695,0.0,0.0,0.0,0.0,0.1754533591809618
0.5014122140915488,0.7659943769102892,0.0,0.0,0.0,0.3829533197658341,0.0,0.1790581410104038,0.0,0.6291758526744616,0.0,0.0716665130158798,0.248724962744048,0.0,0.2302068890152668,0.3014677159689025,0.8321994004029418,0.8134334959268237,0.0,0.1774215940535612,0.0134826299503142,0.2879203460719857,0.3163136647250392,0.7458415846792638,0.0,0.9189636543123788,0.3254715978047101,0.0,0.0,0.0,0.0,0.3433968677651213,0.5088746175845302,0.0,0.0,0.0,0.0,0.0,0.3358032588769173,0.5348500288119897,0.4926477978691712,0.0,0.0,0.0,0.0,0.4680085313335938,0.5555807355178213,0.0,0.0,0.0,0.0,0.0,0.0,0.0,0.5760261242081034,0.0,0.6325410010159874,0.0,0.0,0.0,0.2430642388931655,0.5949553579520248,0.5532883261411237,0.0,0.1353117199721963,0.1288569076781889,0.1939588434513293,0.0,0.7917073794177983,0.6790961642917916,0.8545681115646636,0.0,0.0,0.0,0.0,0.2392871799849424
0.4344009905106934,0.823487094992393,0.0,0.0,0.0,0.4679123280124279,0.0,0.2231687890416867,0.0,0.5068716400385923,0.0,0.0633640917640381,0.3248121466697683,0.0,0.2037382434353068,0.2735547587179289,0.8423053147784004,0.8418375647665594,0.0,0.169082251956134,0.0,0.3177044985125566,0.3345389702272084,0.7712144474554865,0.9189636543123788,0.0,0.267229253563328,0.0,0.0,0.0,0.0,0.396191706291644,0.5701452467425638,0.0,0.0,0.0,0.0,0.006317315382456,0.3620664232002556,0.562474460401296,0.5248940823204525,0.0,0.0,0.0,0.2729255718332913,0.3882630506666927,0.5028369433754484,0.0,0.0,0.0,0.0,0.0,0.0,0.0,0.4646484597298386,0.0,0.663144283723527,0.0,0.0,0.1069392957617248,0.2384146823519473,0.6165796153849732,0.613675526883793,0.0,0.2602091610892414,0.0871840923773531,0.2610896372666529,0.3198947766389783,0.7468205094508837,0.5526146302737825,0.868703276557948,0.3419015257406043,0.0,0.2357311259585444,0.0,0.2316794207567044
0.4967545763052237,0.1839768092894923,0.6666385611696328,0.0,0.3724864883852624,0.3335536723081879,0.4238225109524191,0.0,0.4027179511124952,0.4125070670877205,0.2478298423140406,0.0,0.3276549011685419,0.1534382031646389,0.6955751200474615,0.5388655535842186,0.0,0.3807326582375964,0.3982514873078949,0.7087260215715088,0.5249934652070546,0.7473595426210775,0.2582949638437877,0.1007471715990347,0.3254715978047101,0.267229253563328,0.0,0.3307537392355087,0.7228560009094142,0.2276086718718426,0.2352311756864327,0.3296650672647134,0.1210183485291123,0.1102229700237809,0.0471398821518629,0.0,0.0646687054423946,0.0,0.1862782087912325,0.0,0.1909561663159355,0.0550748557316311,0.0289325649314019,0.0,0.0,0.0,0.4924949255785105,0.5102604301360784,0.0,0.0,0.2658983266239341,0.5104433885587485,0.0,0.3926234135069401,0.0,0.3696953264179802,0.0,0.3854580555862856,0.1577319560455742,0.5294384446913897,0.0,0.0,0.0,0.4535172923257512,0.5294913666253747,0.5366833286258511,0.6731892703006569,0.253460643031804,0.0,0.0,0.4633597605624159,0.8632303751657336,0.4229449356323571,0.6780719427718829,0.1791317481311016,0.3394947917515248
0.3780493937900672,0.1206433351955394,0.3989700859182931,0.2533504089946647,0.0,0.3061725822072744,0.4289973655640884,0.0980550654630199,0.0161535012637209,0.5324070797120316,0.0163216768594347,0.4734633481626182,0.6788744962212019,0.3841869473358252,0.5092064682519295,0.5636231604919647,0.1298248880534507,0.1015565428056832,0.1168703517027906,0.6008586936672202,0.6523769729949931,0.5411907787705793,0.2978660535655039,0.0423511558641519,0.0,0.0,0.3307537392355087,0.0,0.5305425936192231,0.7782086574842969,0.7166658030000443,0.0,0.0,0.3904824782231592,0.4796154005883465,0.4633182579045249,0.3768212086040238,0.000430120703035,0.0,0.0,0.0,0.1518175100136252,0.3859806938462867,0.0,0.0,0.0,0.0,0.0,0.0,0.0,0.1530051679148739,0.0,0.0833634400419691,0.0,0.0,0.0,0.0,0.0,0.0,0.4826365465993934,0.0,0.0,0.0,0.0,0.2055850763920358,0.5592868071633058,0.0,0.225938090527062,0.0,0.0,0.0,0.2663922318418926,0.769642365143674,0.2626607930937136,0.0,0.1247238261956019
0.4874539204682204,0.0,0.0,0.0,0.4137648136741709,0.179823166700094,0.5281916252512926,0.0,0.2437053996615711,0.0,0.0,0.0,0.4586364423809863,0.0,0.5895527194970063,0.6572450948131145,0.0,0.1640113228904961,0.0,0.6770314635380981,0.6290398775580129,0.6625672626234133,0.0,0.0,0.0,0.0,0.7228560009094142,0.5305425936192231,0.0,0.3915429130028349,0.5005614098581948,0.1820185708277469,0.0,0.1369224717196973,0.2392578930872373,0.112242337120015,0.2920658412323824,0.0,0.0469587090677606,0.0,0.0334679637486009,0.1846894639076392,0.0,0.0,0.0,0.0,0.2130467888859012,0.0,0.0,0.0,0.0291088655012825,0.0,0.0,0.0,0.0,0.0,0.0,0.3739308322852568,0.0,0.6292700672134122,0.0,0.0,0.0,0.0,0.5507462510794129,0.6325412761586855,0.6668499608321915,0.0,0.0,0.0,0.1851743179886096,0.5606965426121312,0.4567151387599116,0.7438694064521711,0.0,0.3857899084077647
0.0,0.0,0.3067304162046554,0.0,0.0,0.3788510031798437,0.0,0.2480573572018924,0.0,0.0,0.0,0.0,0.5376277354770617,0.0,0.0,0.3231844475538044,0.0,0.0,0.0,0.4647736319459304,0.5591682371634538,0.289241777240208,0.3749518526305536,0.0,0.0,0.0,0.2276086718718426,0.7782086574842969,0.3915429130028349,0.0,0.683639436547583,0.0,0.0,0.4555836086380357,0.4647878594133161,0.0,0.0,0.0,0.0,0.0,0.0,0.0,0.0,0.0,0.0,0.0,0.0,0.0,0.0,0.0,0.0,0.0,0.0,0.0,0.0,0.0,0.0,0.0,0.0,0.0,0.0,0.0,0.0,0.0,0.1008995998870944,0.0,0.0,0.3395583144504201,0.0,0.0,0.0,0.2016815053136555,0.0,0.0,0.0,0.0
0.1891118587488578,0.0,0.1919034137538993,0.0,0.0,0.0511362988962354,0.3927204759797282,0.0,0.0,0.3367416545722811,0.0,0.3075078426923321,0.4158656772326851,0.3535151888688738,0.300544762407649,0.5151439895919449,0.0,0.0,0.0011536042282672,0.4125946774728924,0.6149571600957311,0.4127984048512272,0.0800459151449402,0.0,0.0,0.0,0.2352311756864327,0.7166658030000443,0.5005614098581948,0.683639436547583,0.0,0.0,0.0,0.4274542371769936,0.6482274832013665,0.4362319024385701,0.3530796919266908,0.0977293417351196,0.0,0.0,0.0,0.0,0.0,0.0,0.0,0.3208824402951039,0.1681158494808562,0.0,0.0,0.0,0.0,0.0,0.0,0.0,0.3071022625193234,0.0,0.0,0.0,0.0,0.2952322422220909,0.3939299203972645,0.0,0.2077178485361441,0.0,0.0326007921177964,0.535582248188618,0.2049780338729859,0.0,0.0,0.2604244113377932,0.0059970557755029,0.1159296975167076,0.4733388313676306,0.1814576962701044,0.0,0.0606352991297518
0.2087693212656828,0.2504159476052888,0.2658302535101403,0.0,0.2810276197268937,0.1446749442832518,0.0287627305619601,0.0,0.0793316200450508,0.096044510160699,0.0011879445105982,0.0,0.0899432517881372,0.0,0.2267828318701703,0.1677570567514175,0.2452475370409293,0.3950987235913501,0.2626394575229397,0.2894860054748396,0.0307834035920622,0.3507491166395626,0.0444987855030637,0.2538376727668542,0.3433968677651213,0.396191706291644,0.3296650672647134,0.0,0.1820185708277469,0.0,0.0,0.0,0.340247939470706,0.0,0.0,0.0,0.0,0.0,0.7717454785900932,0.366038731701314,0.4165913767437399,0.1696983789797075,0.037883116776107,0.0,0.2381669927242376,0.1479195267130476,0.1821265931325808,0.2206364020179123,0.0,0.0,0.1836878741088288,0.0,0.1118110378794844,0.1026867499204355,0.0613755844935183,0.033767914408992,0.199435343493035,0.04702951514245,0.0,0.2501817929402024,0.2974584110866732,0.0,0.2591990408996882,0.1541554700240581,0.3845051525860825,0.1737630883675398,0.3993269480023612,0.061844992676186,0.3172376138440742,0.2159162488425043,0.3869465798089806,0.3163177022327652,0.1147638333810423,0.3558035089864204,0.0,0.4303615832586144
0.1438388856932648,0.511229713676264,0.0,0.0,0.1550799828067534,0.4754752898197742,0.1571237340998363,0.3307710513601424,0.1756328939748349,0.2537976485054342,0.0,0.26403645575788,0.2653515836768618,0.0,0.0733467530353924,0.0646980746232135,0.5217651606187368,0.4787173617794704,0.0,0.1074787162068848,0.0,0.1874521408579652,0.390255324581083,0.4674891431791911,0.5088746175845302,0.5701452467425638,0.1210183485291123,0.0,0.0,0.0,0.0,0.340247939470706,0.0,0.3694921409775981,0.0,0.0,0.0,0.1634378282251474,0.3492224618884392,0.7746691870573413,0.6331879596926644,0.0,0.0,0.0,0.1794497957012952,0.0613115345313937,0.3341859548603783,0.0,0.0,0.0,0.0,0.0,0.0,0.0,0.306660573697457,0.0,0.440675257010193,0.0,0.0,0.0,0.1148229863410745,0.3640168229953122,0.3945331465576089,0.0,0.1371185958716114,0.0,0.0950751338188262,0.3144160654636072,0.3888098855127032,0.3205932003506739,0.5349454545629635,0.1400847461784314,0.0,0.0269363686460724,0.0,0.1729302421562498
0.0,0.0922947464590107,0.1855358738787532,0.1370246890048481,0.0,0.3383704847068557,0.2714360191019735,0.3262060059834524,0.0954454680734797,0.1966572063165452,0.0,0.463160282002857,0.2853799453278808,0.1423068441729935,0.1898000374519205,0.1087132948801129,0.0,0.0,0.1240728950337658,0.2703319016220922,0.376353562555319,0.2193486911533639,0.3761408027652619,0.0229359644928282,0.0,0.0,0.1102229700237809,0.3904824782231592,0.1369224717196973,0.4555836086380357,0.4274542371769936,0.0,0.3694921409775981,0.0,0.5565832301359771,0.3644845564268751,0.2048132996998082,0.1512537345820902,0.0,0.2590272940614496,0.2722738911752188,0.0874969747693602,0.2692685202990201,0.0,0.0,0.0032571455087221,0.2411101195102301,0.0,0.0,0.0,0.1318726382436864,0.0,0.2281291598286062,0.0,0.281522154657151,0.0,0.0,0.0,0.0,0.076680912424785,0.1326733013539114,0.0,0.1062262076625,0.0,0.0,0.1867027324888968,0.0465224169363412,0.235433412787668,0.0,0.175031258450857,0.1079390288026732,0.0343582506274827,0.3037488485327186,0.0,0.0,0.0
0.0,0.0,0.009548334190621,0.3228023475370218,0.0,0.0488843193649908,0.3668029938927793,0.0912121857956603,0.0830174580204722,0.147470443622591,0.0967576968883275,0.3826020512596175,0.2324890970225,0.0,0.1440701354145769,0.1592438331215759,0.0,0.0,0.0212565414033475,0.20873623915998,0.4789287890387099,0.1086005110608024,0.1520288790255683,0.0,0.0,0.0,0.0471398821518629,0.4796154005883465,0.2392578930872373,0.4647878594133161,0.6482274832013665,0.0,0.0,0.5565832301359771,0.0,0.3230931497284453,0.2855174655416232,0.0549793640870438,0.0,0.0,0.0,0.182826665683159,0.2037129062785166,0.1714166781448377,0.0,0.0,0.0219734486112443,0.0,0.0,0.0,0.0,0.0,0.0,0.0,0.0,0.0,0.0,0.0,0.0,0.0882883680218792,0.0550299050065526,0.0,0.0,0.0,0.0,0.2634674205560027,0.0,0.0502793924306192,0.0,0.0132693343375385,0.0,0.0,0.0,0.0,0.0,0.0
0.0,0.0,0.108723156909661,0.1106331105015949,0.0,0.219301923391353,0.1828942136110863,0.3277148280837608,0.0,0.2282625376569065,0.0,0.39378993476753,0.382872984932591,0.297710624036078,0.2384625369120215,0.0,0.0,0.0,0.1501944888440007,0.2389980869711067,0.3249050579883784,0.1913829554165633,0.306047501111662,0.0790304965586822,0.0,0.0,0.0,0.4633182579045249,0.112242337120015,0.0,0.4362319024385701,0.0,0.0,0.3644845564268751,0.3230931497284453,0.0,0.2853253379857244,0.1396746583071114,0.0,0.0,0.0196166244602148,0.0714935313263903,0.3721575232537202,0.1751912294587206,0.0,0.0,0.0,0.0,0.0,0.0,0.0842462448314201,0.2372891813492684,0.2312930830203552,0.0,0.0,0.0823956924361751,0.0284137010359486,0.3585176619988344,0.3201789615246056,0.0,0.0,0.0,0.0,0.213882048422864,0.0,0.0,0.0,0.1231596344855619,0.0,0.0,0.0,0.0,0.345426981845554,0.0,0.0,0.0
0.0,0.0,0.1035552853578948,0.2200155111536482,0.0966292620693388,0.0,0.2443760151949976,0.0,0.0038884772663895,0.0309689836741759,0.0848566045190199,0.1635659421313097,0.1861923124725807,0.1276476682572644,0.0,0.0,0.0,0.0,0.0518651790253425,0.150261452826156,0.0,0.1666193520970917,0.0,0.0,0.0,0.0,0.0646687054423946,0.3768212086040238,0.2920658412323824,0.0,0.3530796919266908,0.0,0.0,0.2048132996998082,0.2855174655416232,0.2853253379857244,0.0,0.1214409752845671,0.0,0.0,0.0,0.0685454998904211,0.0,0.0,0.0,0.0,0.0,0.0,0.0,0.0,0.0,0.0,0.0,0.0,0.0,0.0,0.0,0.0,0.0,0.0,0.0,0.0,0.0,0.0,0.0,0.0,0.0,0.0,0.0,0.0,0.0,0.0,0.0,0.0,0.0,0.0
0.0,0.0,0.0,0.0,0.0784814310107375,0.0,0.092613748814873,0.0,0.0475534306468919,0.0,0.1197346858571332,0.0564725663809502,0.135790570432302,0.0,0.0,0.0,0.062959326806746,0.0,0.0,0.0,0.0,0.0,0.0,0.0,0.0,0.006317315382456,0.0,0.000430120703035,0.0,0.0,0.0977293417351196,0.0,0.1634378282251474,0.1512537345820902,0.0549793640870438,0.1396746583071114,0.1214409752845671,0.0,0.060653497973381,0.1150708611812575,0.1144439729046702,0.2406696814725392,0.0,0.0,0.1002467309338224,0.0,0.0,0.0,0.0,0.0,0.0,0.0,0.0,0.0,0.0,0.0,0.0,0.0,0.0,0.0,0.0,0.0,0.0,0.0,0.0,0.0,0.0,0.0,0.0,0.0,0.0,0.0,0.0,0.0,0.0,0.0
0.0660921345067928,0.1529430498972361,0.2011385884254042,0.0,0.0,0.0214844401059481,0.0,0.0,0.1193355298357592,0.0,0.1231449528392852,0.0,0.0,0.0,0.090925949975998,0.060263037765695,0.0,0.3451648951490499,0.2795214385884988,0.1144812775678528,0.0,0.2144093538221844,0.0,0.2107942757585707,0.3358032588769173,0.3620664232002556,0.1862782087912325,0.0,0.0469587090677606,0.0,0.0,0.7717454785900932,0.3492224618884392,0.0,0.0,0.0,0.0,0.060653497973381,0.0,0.4237609145663751,0.4221122345659392,0.190739303084654,0.0,0.0,0.2923272916024529,0.1034646208693032,0.018214129647395,0.1594992473041589,0.0,0.157849936282907,0.0560174093322242,0.0,0.0398519493023031,0.1072943117153262,0.0,0.128637097387847,0.226484539209095,0.0,0.07280395309609,0.0325972090608691,0.1990266800753365,0.1781177346481765,0.1757620278037517,0.0550613583081155,0.2616102261678986,0.0482334419846519,0.2613363828690496,0.0,0.2812819441793611,0.0562886947846624,0.2546706531524568,0.1801941042408238,0.0,0.2544536336453483,0.3272465483851602,0.4745931163637091
0.1485365890364042,0.4078275721779722,0.0,0.0,0.0,0.0,0.0,0.0,0.0,0.2713732157807286,0.0,0.1405226086335747,0.0,0.0,0.0916604887355136,0.03276651329585,0.4587398444627576,0.4697505924849551,0.0,0.0839405672630704,0.0,0.1495087599782558,0.2650539411932016,0.4959443579069876,0.5348500288119897,0.562474460401296,0.0,0.0,0.0,0.0,0.0,0.366038731701314,0.7746691870573413,0.2590272940614496,0.0,0.0,0.0,0.1150708611812575,0.4237609145663751,0.0,0.712888594864117,0.0,0.037732633183122,0.0,0.3042212326273409,0.140008176047576,0.328228297528278,0.0,0.0,0.2550404402911925,0.3158925348520824,0.0861803599474423,0.2046334672373783,0.2843918985509639,0.3196430376012811,0.1894911374259208,0.4067618804422186,0.1138856852242811,0.0,0.0,0.2313580391830104,0.3982341343055399,0.3834788929075267,0.0,0.1341049882551478,0.0,0.162230059200142,0.2019653709179661,0.4194498701608503,0.3669766042525519,0.5501088433703227,0.1979712141042103,0.069262322777171,0.1074590808690644,0.4028831936314623,0.2227325329123895
0.1574895415561319,0.409987663439275,0.0,0.0,0.0,0.2977127942879248,0.0,0.1654879229013252,0.0,0.1995777372048769,0.0,0.0035268132978561,0.0,0.0,0.1437000045023176,0.0835179713558379,0.404932695988825,0.4150518173703725,0.0,0.164362828203613,0.0,0.20359469144811,0.188705395672494,0.4708784638341255,0.4926477978691712,0.5248940823204525,0.1909561663159355,0.0,0.0334679637486009,0.0,0.0,0.4165913767437399,0.6331879596926644,0.2722738911752188,0.0,0.0196166244602148,0.0,0.1144439729046702,0.4221122345659392,0.712888594864117,0.0,0.0,0.001231156232668,0.0,0.2429074736617067,0.1819077928158014,0.3138202718307108,0.2662545679551912,0.1574665585505973,0.1233900620880121,0.332351777088133,0.0184073662848698,0.1815756634853484,0.2090346840484593,0.2530269915983701,0.0720803661878929,0.3545716211994978,0.1243805632390206,0.0,0.0306058337557764,0.2974300730307727,0.3687649146234301,0.4048916954002928,0.0944864872979581,0.2727558411457975,0.0372627671976757,0.2705189662578133,0.1539604148143332,0.4094581445711256,0.309500568072262,0.4674465746456275,0.2549140678785932,0.1098966753371834,0.2481979494072672,0.3746518025609641,0.3143175153959866
0.0,0.0,0.0,0.0,0.0,0.0,0.0,0.0,0.0,0.0,0.0,0.0,0.0,0.0,0.0030446451164621,0.1799972884478995,0.0,0.0,0.0,0.0518559105819157,0.2309378931941869,0.1246371418036934,0.0,0.0,0.0,0.0,0.0550748557316311,0.1518175100136252,0.1846894639076392,0.0,0.0,0.1696983789797075,0.0,0.0874969747693602,0.182826665683159,0.0714935313263903,0.0685454998904211,0.2406696814725392,0.190739303084654,0.0,0.0,0.0,0.0,0.0242571555422621,0.0690039750881027,0.0628815364506648,0.0,0.0,0.2742481541588582,0.17299194013773,0.0,0.0554567942600707,0.0,0.0517935370426641,0.0,0.1282983574910291,0.0,0.0,0.0,0.0,0.090193562903554,0.0,0.0,0.0470988773320436,0.0,0.2441067285469697,0.0289565580421133,0.0,0.0,0.0,0.0,0.0267564346437746,0.0,0.0650146886962742,0.0,0.2054401224144264
0.0,0.0,0.2128985969587656,0.0,0.0,0.400391685241068,0.0,0.3059463008319507,0.0,0.0,0.0,0.0,0.2392996463437799,0.1621908286625938,0.0,0.0,0.0,0.0,0.1805881027498914,0.0,0.0,0.0,0.2781706294484351,0.0,0.0,0.0,0.0289325649314019,0.3859806938462867,0.0,0.0,0.0,0.037883116776107,0.0,0.2692685202990201,0.2037129062785166,0.3721575232537202,0.0,0.0,0.0,0.037732633183122,0.001231156232668,0.0,0.0,0.2248399799211916,0.0,0.0,0.0,0.096144706288533,0.0960574536813046,0.0,0.2535219982319229,0.1903571201379009,0.3556819622430298,0.0,0.2366520748469406,0.0,0.0544964078138644,0.4821126408945403,0.2337955090367555,0.2568608595341763,0.0,0.1488326285543645,0.0,0.3520297788567003,0.1019555317039196,0.1477911230523569,0.0806269886665086,0.303016541461399,0.2361087575788929,0.2153455967917853,0.1854174264101696,0.0894312926524527,0.5025592751503252,0.0233702106669426,0.0,0.057506481117759
0.0,0.0,0.0,0.0,0.0,0.0,0.0,0.0,0.0,0.0,0.0,0.0,0.0,0.0,0.0,0.0,0.0,0.0,0.0,0.0,0.0,0.0,0.0,0.0,0.0,0.0,0.0,0.0,0.0,0.0,0.0,0.0,0.0,0.0,0.1714166781448377,0.1751912294587206,0.0,0.0,0.0,0.0,0.0,0.0242571555422621,0.2248399799211916,0.0,0.0,0.0,0.0,0.0882410112390751,0.079392265421225,0.0,0.0,0.2200998618245641,0.0,0.0,0.1180570706102509,0.0311061792512528,0.0,0.1551794971743729,0.2110593785280248,0.0,0.0,0.0,0.0,0.3115332615189433,0.0,0.0,0.0,0.0006626402308652,0.0,0.0,0.0,0.1631004113826988,0.2230163536865617,0.1779895563036154,0.0,0.1224805828490757
0.0,0.0,0.0,0.0,0.0,0.0,0.0,0.0,0.0,0.0,0.0,0.0,0.0,0.0,0.0,0.0,0.0,0.0,0.0,0.0,0.0,0.0,0.0,0.2643185503642872,0.0,0.2729255718332913,0.0,0.0,0.0,0.0,0.0,0.2381669927242376,0.1794497957012952,0.0,0.0,0.0,0.0,0.1002467309338224,0.2923272916024529,0.3042212326273409,0.2429074736617067,0.0690039750881027,0.0,0.0,0.0,0.0814452777152383,0.0,0.0,0.0,0.0,0.0,0.0,0.0,0.1151480603980026,0.0,0.0900944907421561,0.1806371264076369,0.0,0.0,0.0,0.0,0.0362684971797516,0.0,0.0,0.0,0.0,0.0,0.0,0.1107953876451674,0.0,0.1105531935848646,0.0,0.0,0.0,0.0,0.2695455138096288
0.7373143352886496,0.1387051252473289,0.0,0.0,0.0,0.0,0.0,0.0,0.0,0.0,0.0,0.0,0.0,0.0,0.0,0.6304162201853779,0.0,0.4511189486256423,0.0,0.0,0.5087270382051562,0.5514060866300966,0.0,0.4105177754519623,0.4680085313335938,0.3882630506666927,0.0,0.0,0.0,0.0,0.3208824402951039,0.1479195267130476,0.0613115345313937,0.0032571455087221,0.0,0.0,0.0,0.0,0.1034646208693032,0.140008176047576,0.1819077928158014,0.0628815364506648,0.0,0.0,0.0814452777152383,0.0,0.3530680483995467,0.0,0.0,0.0,0.1254861942352508,0.0,0.0,0.0,0.4845071352465418,0.0,0.1056442313741748,0.3342874134212554,0.0,0.4009397154768415,0.5510885807913698,0.0,0.4606241565053244,0.0,0.3612277597737816,0.4435966404281707,0.5200639396679341,0.0654039026271544,0.4397145387010011,0.5822644566888818,0.5412301399029501,0.4432678713693266,0.5064237985664138,0.5165221519472462,0.0,0.4982920014952412
0.2963410160064998,0.6781068019845216,0.0,0.0,0.0,0.0,0.0,0.0,0.0,0.0,0.0,0.0,0.0,0.0,0.4914045162763874,0.2470426521376449,0.0,0.4835947755775469,0.0,0.5052365650913213,0.3200397472775883,0.454646786626705,0.5979242885301582,0.0,0.5555807355178213,0.5028369433754484,0.4924949255785105,0.0,0.2130467888859012,0.0,0.1681158494808562,0.1821265931325808,0.3341859548603783,0.2411101195102301,0.0219734486112443,0.0,0.0,0.0,0.018214129647395,0.328228297528278,0.3138202718307108,0.0,0.0,0.0,0.0,0.3530680483995467,0.0,0.0,0.0,0.0,0.8023579315994548,0.3782904950003269,0.5077687399203786,0.1410185000134767,0.715697502940821,0.0,0.0,0.7022732192487263,0.0,0.369202968580119,0.4460199790917194,0.6370362457390534,0.5517346001561475,0.0,0.3290632554453038,0.4496901637916027,0.3529061657587501,0.6758565418192024,0.0,0.8318933155859033,0.7769589392981139,0.6028915740004327,0.4855356587209884,0.3785225559499504,0.0,0.0224212589758967
