0.0,0.303854241990677,0.0,0.0,0.0,0.2212228454270875,0.0,0.0643033370955276,0.0,0.531712579513115,0.0,0.0910801580427397,0.2409679114106989,0.0,0.1953703168488837,0.4933092926926332,0.289519492078214,0.5756792930180474,0.0,0.5681775895643671,0.6303345761668229,0.59340533314485,0.0726546868207638,0.278966598559266,0.6847414630771925,0.568281068819464,0.3729401102670364,0.4167728618429741,0.4889036987555774,0.0,0.3528532928924289,0.2940793157049293,0.3644865507101373,0.3227140535319891,0.2103756993023146,0.0,0.0,0.2093692924577245,0.3299943644286242,0.3336806629762289,0.4578235938305833,0.0,0.0,0.0,0.0,0.5165025708223686,0.0666333089813434,0.0,0.0,0.0,0.0,0.0,0.0,0.0,0.0711337371395766,0.0,0.0,0.0,0.0,0.0,0.3643665629803945,0.0,0.359576006150666,0.0,0.0,0.4316016349340134,0.5038788679871063,0.0,0.2128639729218789,0.378071239428134,0.2567648017367239,0.0,0.0,0.0,0.0,0.4737640214341733
0.303854241990677,0.0,0.0,0.0,0.4409032911483128,0.7454320781339029,0.4660193630638319,0.503755871951027,0.3592415009455141,0.0,0.0,0.0,0.7019241606028772,0.0,0.2167677115870942,0.2396246174882212,0.7081015659673859,0.4517727400881815,0.0,0.458519434518522,0.2695500515261286,0.3929328736125818,0.4264398933514762,0.0,0.7084445092620442,0.8215619914863074,0.2240342339719021,0.3813729102188438,0.1825140235164656,0.0,0.1698042798109789,0.326235835199012,0.4075750260167599,0.1491415791675885,0.0916041235798242,0.0,0.0,0.0,0.270608573664376,0.2622049669163518,0.1975707202078372,0.0,0.0,0.0,0.0,0.1119956002623703,0.6426912625225565,0.0,0.0,0.0,0.5884840842885787,0.0,0.0,0.0,0.0,0.0,0.0,0.0,0.0,0.3489093891772458,0.2110558712670728,0.0,0.2692267177554721,0.0,0.4367281324040531,0.2387196699156904,0.3379752438594671,0.4007680818276729,0.0,0.5112875475980537,0.5994977911727021,0.3160154219370857,0.0,0.2068225196926719,0.0,0.2603316146986107
0.0,0.0,0.0,0.1391737006232292,0.5821618033669258,0.6401787917569353,0.1714674873052504,0.5175070125479155,0.7861826439204128,0.4242155866881232,0.8359623842814917,0.2009110191785077,0.3914275316577674,0.0596600018628131,0.0,0.0,0.0,0.0,0.8643806392377827,0.0,0.0,0.0,0.7043235710631565,0.0,0.0,0.0,0.663792817742779,0.4305259896876835,0.0,0.0,0.1581246302172226,0.185516849177325,0.5035824044746924,0.2227585918563181,0.0214334854122268,0.3593325984453148,0.0891232083946942,0.0,0.2916952881471436,0.0,0.2799560690531407,0.0,0.0,0.0,0.0,0.0,0.0,0.8136152437665121,0.0,0.529753362124829,0.5309424659991823,0.3365668160838975,0.4071491449217333,0.7360627341510739,0.0,0.5732651943701986,0.0,0.2742230405417422,0.1543312276585929,0.0,0.0,0.0,0.0,0.7419255037637699,0.0,0.0,0.0,0.5927899167246927,0.0,0.0,0.0,0.5315586160336789,0.450418391131095,0.0,0.0,0.0
0.0,0.0,0.1391737006232292,0.0,0.2504009133617141,0.0,0.0249950657465102,0.0,0.1407105120628938,0.2865814366101397,0.1542848774763454,0.0237355509685101,0.0,0.1034059236447847,0.0,0.0,0.0,0.0,0.220583066775588,0.2025369448174336,0.0,0.0,0.0078980984655949,0.0,0.0,0.0,0.1877452168084829,0.4088565664376848,0.2663977310919161,0.0,0.0583290807246656,0.0548176007362222,0.0,0.1093144340332561,0.1713337864179968,0.333169194023832,0.3176953177992798,0.1891068961994132,0.0,0.0,0.0,0.0,0.0,0.0,0.0,0.0,0.0,0.0,0.0,0.0,0.0,0.0,0.0,0.0,0.0,0.0,0.0,0.0,0.0,0.0,0.0,0.0,0.0,0.0,0.0,0.0,0.0,0.0,0.0,0.0,0.0,0.0,0.0,0.0,0.0,0.0
0.0,0.4409032911483128,0.5821618033669258,0.2504009133617141,0.0,0.4682575843918994,0.4806759605791221,0.3102251439991021,0.6515118828827429,0.6116398643192628,0.6364646687330057,0.2243725389057158,0.4316295368035471,0.1001587472803723,0.0,0.5142679392216636,0.0,0.0,0.5467537770037063,0.687937300248809,0.0,0.6391052047251999,0.2586270599620605,0.0,0.6270766385176954,0.4810191228175537,0.6094777341052887,0.6589241572989561,0.6143039518646087,0.0,0.4268535121906304,0.417526689198845,0.3247062767207703,0.3262184859234646,0.0,0.5184864963968542,0.285474464656281,0.1476661100877499,0.4752521484433782,0.0,0.0,0.0,0.1186034559616944,0.0,0.0,0.0,0.0,0.4415942473578225,0.0,0.6387797874495562,0.3821317318455902,0.0,0.2348100126646223,0.614824365026815,0.0,0.41525818968736,0.0,0.0,0.0,0.0,0.0,0.0,0.0,0.4358027438425965,0.0,0.0,0.0,0.3824969572409625,0.0,0.0,0.0,0.5631947781871857,0.0,0.0,0.0,0.0
0.2212228454270875,0.7454320781339029,0.6401787917569353,0.0,0.4682575843918994,0.0,0.2722131854620301,0.7877901365662616,0.5376808151588757,0.4867062029057505,0.5902163545517158,0.5975308086101546,0.7324697667426575,0.2810269127591159,0.4968501839020562,0.1489231078199972,0.5692737702373051,0.4149449626750685,0.5924255837187793,0.5340485084706939,0.4372996935873979,0.4360837614877671,0.7358710051841332,0.0,0.5777205320325345,0.7090180820121268,0.4619100177998173,0.4120254739552392,0.3011641230049391,0.3384275600348779,0.1614657163144464,0.3610333829135799,0.3973542830927388,0.1465463741629547,0.066021447331185,0.3708954744725677,0.0847035081040447,0.0,0.3388720748724492,0.0,0.2317810376532744,0.0,0.1234045731832978,0.0,0.0,0.0,0.5485164807233994,0.4638804623092854,0.0,0.436456664685166,0.7560461177831308,0.4207797099468506,0.5727656769437598,0.5684629334415752,0.0,0.2917726062203555,0.0,0.5638951767681176,0.0,0.5413396815655689,0.0,0.0,0.0,0.5572757624711734,0.5252769626717364,0.3761803640887928,0.4439064158900098,0.6115394084829415,0.0,0.0,0.5562860163813848,0.4315112341487757,0.538897511668862,0.2975942637294946,0.2413940538963029,0.2681860944922911
0.0,0.4660193630638319,0.1714674873052504,0.0249950657465102,0.4806759605791221,0.2722131854620301,0.0,0.0866038320935984,0.1528318088966331,0.551068496492135,0.1641287340313641,0.1066463589379107,0.3036118392588554,0.0,0.0,0.6020652528019795,0.345316303756258,0.362174061070082,0.125848160377249,0.3281630176799088,0.0,0.3871367776116716,0.1012925749485804,0.0063679933786361,0.4824273768563671,0.3102317695939665,0.3963601471417065,0.26708798921368,0.4631217602945577,0.0,0.3778115044091524,0.3230365803395055,0.3941356661048452,0.2161663117613065,0.0360825097693768,0.1234415781196703,0.0576390951536904,0.0876880157448259,0.2489003078289472,0.0,0.2553899291176454,0.0,0.0187980478084073,0.0,0.0,0.0,0.0,0.0,0.0,0.0,0.1133146121744316,0.0,0.0,0.0472451837016597,0.0,0.11700148254409,0.0,0.0,0.0,0.0,0.0,0.0,0.0,0.1037489960395777,0.0,0.0,0.0,0.1029243690319072,0.0,0.0,0.0,0.2916657585103614,0.0,0.0,0.0,0.0
0.0643033370955276,0.503755871951027,0.5175070125479155,0.0,0.3102251439991021,0.7877901365662616,0.0866038320935984,0.0,0.3910396870836931,0.3052173525196526,0.4294582024713617,0.6669996131089034,0.5520990959829677,0.2166360825069296,0.3611485106927983,0.0153863847369248,0.0,0.217101985759287,0.3929387690366599,0.3197489787413807,0.3483125143600624,0.2047965726037676,0.7599723820403101,0.5162488053741675,0.3032229917820551,0.5430412523096325,0.1929647491239034,0.3892352968578014,0.0383267265852777,0.2596071500376363,0.1181503998992305,0.2444803912494962,0.3207223430131629,0.1477230380661252,0.0,0.363969606994102,0.0712587935319634,0.0,0.2078080688354382,0.0,0.1475407336870905,0.0,0.178872481119029,0.0,0.0,0.0,0.0,0.3710153038293601,0.0,0.2937225310787595,0.6037791659774894,0.3008076583613475,0.7644998074414661,0.3819949411042772,0.0,0.2269638799522273,0.0,0.5408447807996409,0.1467955655566806,0.3675197193828445,0.0,0.0,0.0,0.3890964396271666,0.3099317517736961,0.3940386389559955,0.0,0.5734608143408336,0.0,0.0,0.0,0.1979948517919027,0.554874712115523,0.0943246518129199,0.0,0.1499181241996875
0.0,0.3592415009455141,0.7861826439204128,0.1407105120628938,0.6515118828827429,0.5376808151588757,0.1528318088966331,0.3910396870836931,0.0,0.3923039268289373,0.7781591325640458,0.1838248321967452,0.3389362569123365,0.1238807635708771,0.0,0.2261963809152099,0.0,0.3238751747681723,0.7880703262893047,0.5385037190207896,0.0,0.4849592227065468,0.4765473031373121,0.1944815295896669,0.5569952168395903,0.4000020588392878,0.6251227012848818,0.3654378076369414,0.4180898401397214,0.266619795903854,0.0894653545532195,0.1490638986830274,0.2820939574078316,0.0853864676682552,0.0,0.3405517200135751,0.040785379000772,0.0,0.2341726315833887,0.0,0.1983843179645472,0.0,0.0358353399304636,0.0,0.0,0.0,0.0,0.7459839958647189,0.0,0.5821400313738678,0.4437727645085988,0.4122351851137389,0.3214966614736375,0.9562310768129618,0.0,0.5604934732096684,0.0,0.31720383882763,0.124631308718644,0.0,0.0,0.0,0.0,0.6977946782354978,0.0,0.0,0.0,0.4606698755519969,0.0,0.0,0.0,0.5213953290984977,0.4905233456752133,0.0,0.0,0.0
0.531712579513115,0.0,0.4242155866881232,0.2865814366101397,0.6116398643192628,0.4867062029057505,0.551068496492135,0.3052173525196526,0.3923039268289373,0.0,0.4831766074044394,0.5174486964967099,0.4979028233398539,0.0,0.0,0.4092855715191293,0.5706360682991646,0.5821979722477673,0.4400287570000654,0.605657204135267,0.0,0.5824265984101373,0.2305140895041743,0.3667257542149007,0.7119007340240104,0.5839781730775447,0.4087870566819033,0.6600785277547055,0.4759028539103936,0.0,0.5090674009220789,0.4867422611447363,0.3839023183009072,0.3912341844850009,0.1458377018627015,0.4446667023133573,0.2825641426308116,0.0197842997051254,0.487735288768999,0.4052260368294615,0.4685542076535466,0.0,0.0,0.0,0.063104410907971,0.369103887561173,0.0,0.0,0.0,0.0,0.0,0.0,0.0,0.0,0.5331788063281272,0.0,0.4350157885478673,0.2554960407744086,0.0,0.0,0.0,0.4381115531308163,0.4543757023204741,0.0,0.0,0.0,0.0,0.0,0.4234871514378398,0.4973813609501163,0.4254512990437936,0.0,0.3555642972717905,0.0,0.0,0.5612508229145231
0.0,0.0,0.8359623842814917,0.1542848774763454,0.6364646687330057,0.5902163545517158,0.1641287340313641,0.4294582024713617,0.7781591325640458,0.4831766074044394,0.0,0.2681853377207018,0.3531364433880702,0.1344217593675818,0.0,0.0,0.37434191879649,0.0,0.7692950375793034,0.0,0.0,0.0,0.5289803070280171,0.3028653373679529,0.0,0.4571936781279349,0.5435053512554271,0.4588227086174685,0.0,0.0,0.0965404732228551,0.1572908668048793,0.3990777291168949,0.0913764371647598,0.0393281753799822,0.3823620207742464,0.148807140848047,0.0,0.2408394020346857,0.0,0.0,0.0,0.0077647635007381,0.0,0.0,0.0,0.0,0.7874068886109596,0.0,0.5176654197276668,0.4547217375171747,0.2525708161016741,0.3612152668604506,0.7249264669954558,0.0,0.7763921715068672,0.0,0.2387015806107407,0.1730815372559191,0.0,0.0,0.0,0.0,0.6714797364192713,0.0,0.0,0.0,0.5059430448303887,0.0,0.0,0.0,0.48851143982804,0.4349003240178493,0.0,0.0,0.0
0.0910801580427397,0.0,0.2009110191785077,0.0237355509685101,0.2243725389057158,0.5975308086101546,0.1066463589379107,0.6669996131089034,0.1838248321967452,0.5174486964967099,0.2681853377207018,0.0,0.5705013694554462,0.0,0.0,0.0,0.5368104255102701,0.2764800473126307,0.1928544890228807,0.0,0.1665249145844939,0.0,0.3755330019341946,0.6065389172117128,0.2117885502255585,0.5446218589034079,0.0,0.3813251372822218,0.0,0.0,0.1230420658074703,0.1806822074953606,0.2120846998835276,0.192640482977189,0.0003235436935261,0.2906145753759786,0.138834195765155,0.0,0.1654673656121622,0.1913711400587439,0.1740655253947629,0.0,0.2056253240124243,0.0,0.1025635282573875,0.0,0.0,0.0,0.0,0.0,0.0,0.0,0.0,0.0,0.4328289282325855,0.0,0.7201435663039504,0.382007019937567,0.0,0.0,0.0,0.4096356923047603,0.2036085153565954,0.0,0.0,0.0,0.0,0.0,0.3790497634109074,0.0694036994866995,0.4292401710500231,0.0,0.371017004367509,0.0,0.0,0.0554067479345913
0.2409679114106989,0.7019241606028772,0.3914275316577674,0.0,0.4316295368035471,0.7324697667426575,0.3036118392588554,0.5520990959829677,0.3389362569123365,0.4979028233398539,0.3531364433880702,0.5705013694554462,0.0,0.034487252969125,0.3060684958306902,0.2705371811684863,0.5811694932592217,0.4994455352741249,0.3874427991679902,0.4707102207849931,0.2807993318310809,0.4165847234569632,0.2908311995813371,0.3678077496338794,0.4394936530088464,0.6827127017430543,0.133799725430947,0.5620203897575734,0.2541580131052014,0.2484757196399568,0.2214603602024508,0.3119471839425468,0.4426958281686754,0.2947679389627367,0.0,0.2127029470071897,0.0,0.0,0.2835828067969498,0.2861878138036592,0.2954205156996159,0.0,0.0,0.0,0.0889001330463639,0.0,0.0,0.2591394105620832,0.0,0.0,0.5141066511588838,0.3340901965676153,0.4047850847110945,0.0,0.0,0.1512575173006349,0.5053668181091092,0.0,0.0,0.3897574055670273,0.0,0.0,0.0,0.0,0.3921361723986566,0.0,0.3443538092899694,0.2394563376731934,0.0,0.361268714695423,0.5967564940443496,0.1252296238200917,0.0,0.1994481193925932,0.0,0.0
0.0,0.0,0.0596600018628131,0.1034059236447847,0.1001587472803723,0.2810269127591159,0.0,0.2166360825069296,0.1238807635708771,0.0,0.1344217593675818,0.0,0.034487252969125,0.0,0.0,0.0,0.0,0.0,0.0323542003028766,0.0,0.1077414094884395,0.0,0.1737177183585722,0.0,0.0,0.0,0.0723886610336395,0.0941580485474407,0.0,0.0,0.0437664463253508,0.1474854234143118,0.0,0.0,0.0,0.2134800123376949,0.1405549006269719,0.0,0.0348013153589905,0.0,0.0,0.0,0.2073415178042421,0.0,0.0,0.0,0.0,0.0566466715208716,0.0,0.0,0.0,0.0,0.0,0.1486492438736907,0.0,0.0719039886767175,0.0,0.0,0.0,0.0,0.0,0.0,0.0,0.0,0.0,0.0,0.0,0.2086878103125171,0.0,0.0,0.0,0.1439429209764884,0.0,0.0,0.0,0.0
0.1953703168488837,0.2167677115870942,0.0,0.0,0.0,0.4968501839020562,0.0,0.3611485106927983,0.0,0.0,0.0,0.0,0.3060684958306902,0.0,0.0,0.3847954721680648,0.0,0.3253363793231047,0.0,0.6687992922973441,0.6097455976812893,0.5969368856623465,0.6137660521843478,0.0557352372087353,0.4229756258604564,0.2603764980479003,0.7746873204960802,0.5076206013662493,0.6781325431403815,0.0,0.2246867574640915,0.2811443383218051,0.3480654995530461,0.3547642572017091,0.0376019117098649,0.3442704195628027,0.0,0.0,0.3826416446436042,0.4629166818873803,0.4132877549741438,0.0,0.0,0.0,0.0,0.0,0.311797018012545,0.0,0.0,0.0,0.5277394106449407,0.0,0.4523181674107919,0.0,0.0,0.0,0.0,0.2445164580736499,0.0,0.7188085201471075,0.4101557159010742,0.0,0.0,0.0,0.6554269265951533,0.6424678967292143,0.667797651542399,0.6189868373734059,0.0,0.4236509436429965,0.3355732796100381,0.629542307683861,0.4229827589180412,0.7512319138809729,0.0,0.4799361342852221
0.4933092926926332,0.2396246174882212,0.0,0.0,0.5142679392216636,0.1489231078199972,0.6020652528019795,0.0153863847369248,0.2261963809152099,0.4092855715191293,0.0,0.0,0.2705371811684863,0.0,0.3847954721680648,0.0,0.1022785814565765,0.5897423862267971,0.0,0.5909517130561356,0.570158286375179,0.6199550801164084,0.0498693311615263,0.0,0.4763951237615125,0.2252784174926207,0.5332974611127276,0.4162218216235452,0.7618664176165507,0.1656718314570133,0.4674741448924356,0.343877100936906,0.4173563488511316,0.4843828415479917,0.0,0.0,0.0,0.0,0.4208320916388815,0.3654135380092154,0.452950535920444,0.0706402482547554,0.0,0.0,0.0,0.3429964367257084,0.1744254403306808,0.0,0.0,0.0,0.0,0.0,0.0,0.0,0.0,0.0,0.0,0.0,0.0,0.3097155439927225,0.5013991311578809,0.0,0.512034628674318,0.0,0.3868664957910445,0.4346892870719225,0.4256664526296838,0.0829091763352137,0.0,0.4235421570782595,0.0756689924203237,0.3423529866779349,0.0,0.5195107704851392,0.0,0.4827243356710398
0.289519492078214,0.7081015659673859,0.0,0.0,0.0,0.5692737702373051,0.345316303756258,0.0,0.0,0.5706360682991646,0.37434191879649,0.5368104255102701,0.5811694932592217,0.0,0.0,0.1022785814565765,0.0,0.6569332614682509,0.0,0.4128940850857658,0.0,0.4168327669396567,0.0,0.3066581587842414,0.5120509446521159,0.6415142671680586,0.0,0.3570633998694118,0.0905364574985821,0.0,0.2791320393806991,0.3788253754111977,0.2553026736986565,0.0974118931077855,0.0835788873728908,0.0,0.0,0.0,0.0,0.1793268038964332,0.0,0.0,0.0,0.0,0.0,0.0,0.0,0.0,0.0,0.0,0.0,0.0,0.0,0.0,0.5040363007469646,0.0,0.494979781337957,0.0,0.0,0.0,0.0,0.6146269483745184,0.4508984813175097,0.0,0.0,0.0,0.0,0.0,0.2824663218240918,0.2849150162621319,0.4152154093710615,0.0,0.0,0.0,0.0,0.0
0.5756792930180474,0.4517727400881815,0.0,0.0,0.0,0.4149449626750685,0.362174061070082,0.217101985759287,0.3238751747681723,0.5821979722477673,0.0,0.2764800473126307,0.4994455352741249,0.0,0.3253363793231047,0.5897423862267971,0.6569332614682509,0.0,0.0,0.680342341184913,0.5241330273600351,0.6858881923060827,0.0320160763474393,0.2871017304827689,0.584321618220806,0.5844570474583286,0.4042342721772296,0.6286866852148721,0.5503341994998932,0.2690610426835053,0.4081964483241249,0.4499105122927972,0.3627407049147866,0.3177160253626923,0.0676975951784942,0.0,0.0,0.0,0.4088317915170429,0.2601811417192784,0.537026489712197,0.057523565321206,0.0,0.0,0.0,0.2573255592955594,0.1326106816936798,0.0,0.0,0.0,0.0,0.0,0.0,0.0,0.2043572185808248,0.0,0.1811021561305646,0.0,0.0,0.0,0.5170989636671719,0.3548559105093039,0.6130099732178783,0.0,0.0,0.0,0.5393322035570718,0.0,0.2455761480285733,0.3289749901566184,0.2771448699439343,0.0,0.0,0.0,0.0,0.5465508872997791
0.0,0.0,0.8643806392377827,0.220583066775588,0.5467537770037063,0.5924255837187793,0.125848160377249,0.3929387690366599,0.7880703262893047,0.4400287570000654,0.7692950375793034,0.1928544890228807,0.3874427991679902,0.0323542003028766,0.0,0.0,0.0,0.0,0.0,0.0,0.0,0.0,0.5540698532763269,0.0,0.0,0.0,0.654483621583647,0.5186717255067267,0.0,0.0,0.1614087030015667,0.2228250445078239,0.0,0.2088280386634967,0.0605487500086773,0.3802910966773528,0.1626726975438009,0.1425118765756403,0.3355731779793568,0.0,0.0,0.0,0.0,0.0,0.0,0.0,0.0,0.7604421809448451,0.0,0.4584219199440208,0.5125588506132905,0.3095462891291712,0.3413032691583726,0.7838036132221607,0.0,0.4214794531468555,0.0,0.2481998923888917,0.0682312960274068,0.0,0.0,0.0,0.0,0.8989202889564597,0.0,0.0,0.0,0.5744455467983699,0.0,0.0,0.0,0.5781294386896726,0.0,0.0,0.0,0.0
0.5681775895643671,0.458519434518522,0.0,0.2025369448174336,0.687937300248809,0.5340485084706939,0.3281630176799088,0.3197489787413807,0.5385037190207896,0.605657204135267,0.0,0.0,0.4707102207849931,0.0,0.6687992922973441,0.5909517130561356,0.4128940850857658,0.680342341184913,0.0,0.0,0.7355992577955545,0.9542903397359224,0.3390906690509904,0.0,0.7031682638345835,0.5184810152508857,0.706053277356178,0.6888525184669411,0.7433647198965465,0.2562031849815835,0.5232174969634503,0.4801721186448981,0.4465248370570776,0.4573836889536848,0.1078332658210814,0.4238754540855117,0.2640591214613945,0.0,0.5104572845151247,0.4267675388706595,0.5836068315233718,0.0999062289926129,0.0,0.0,0.0,0.0,0.3081066979583367,0.0,0.0,0.0,0.4586407846737942,0.0,0.2689941764546811,0.0,0.0,0.0,0.0,0.2943250206812668,0.0,0.7309975914997169,0.5412044349525359,0.0,0.0,0.0,0.86181138701045,0.6178121042043931,0.8696817094295887,0.4755344324600768,0.0,0.597211223707564,0.4418483521477618,0.6331952623704624,0.5585134825893171,0.7495356292215348,0.3913881848662567,0.680365194847243
0.6303345761668229,0.2695500515261286,0.0,0.0,0.0,0.4372996935873979,0.0,0.3483125143600624,0.0,0.0,0.0,0.1665249145844939,0.2807993318310809,0.1077414094884395,0.6097455976812893,0.570158286375179,0.0,0.5241330273600351,0.0,0.7355992577955545,0.0,0.7256376345234443,0.418216570844197,0.1866278388206471,0.5768354353887619,0.3797078138991414,0.6697939947039812,0.5303393657532682,0.7071878683054572,0.0,0.573738314992586,0.4455985208020437,0.4100251324010497,0.5027489738161719,0.0070354850663311,0.0,0.0,0.0,0.4556986410357552,0.4255721317996926,0.482458216831389,0.0,0.0,0.0,0.0,0.4261098219764341,0.2160535586363295,0.0,0.0,0.0,0.3064860055392781,0.0,0.3048196397467453,0.0,0.0,0.0,0.0,0.1549768135092831,0.0,0.5649295656167684,0.4787593043693992,0.0,0.0,0.0,0.5595367233266991,0.7891810781392449,0.6381306301742162,0.477626022877249,0.0,0.4327407547999557,0.2969148655111843,0.5276315572212199,0.3433660549129891,0.6103124056832757,0.0,0.5293700982314082
0.59340533314485,0.3929328736125818,0.0,0.0,0.6391052047251999,0.4360837614877671,0.3871367776116716,0.2047965726037676,0.4849592227065468,0.5824265984101373,0.0,0.0,0.4165847234569632,0.0,0.5969368856623465,0.6199550801164084,0.4168327669396567,0.6858881923060827,0.0,0.9542903397359224,0.7256376345234443,0.0,0.2140821763451073,0.0,0.6196836820479948,0.432533724598785,0.6426512523381859,0.6286182038727277,0.7078593943314335,0.2432905192778416,0.5308692766191372,0.4983579176042113,0.53338948584472,0.4869668097791422,0.0463183613195216,0.3524380638687151,0.2104165397947672,0.0,0.4871490867214721,0.5322661930055578,0.5612774237461277,0.1192327619592234,0.0,0.0,0.0,0.3101423732542659,0.224916342384881,0.0,0.0,0.0,0.3724515517927767,0.0,0.0,0.0,0.0,0.0,0.0,0.0,0.0,0.6778358406088245,0.536708735825165,0.0,0.4242177098272351,0.0,0.7551456492249897,0.5950029165150273,0.8479648384815405,0.3801649332130477,0.0,0.5022881102753239,0.3265244890962114,0.5889566769921849,0.4415546060340393,0.7034871903190818,0.0,0.6336409790364107
0.0726546868207638,0.4264398933514762,0.7043235710631565,0.0078980984655949,0.2586270599620605,0.7358710051841332,0.1012925749485804,0.7599723820403101,0.4765473031373121,0.2305140895041743,0.5289803070280171,0.3755330019341946,0.2908311995813371,0.1737177183585722,0.6137660521843478,0.0498693311615263,0.0,0.0320160763474393,0.5540698532763269,0.3390906690509904,0.418216570844197,0.2140821763451073,0.0,0.3475972297203937,0.3509689049268258,0.4213979451651336,0.4934791845026172,0.2501754322206807,0.2337129444042541,0.1813346053126986,0.0,0.1121470306327592,0.287834969429909,0.0881910296034356,0.0447142748409609,0.3261234227340291,0.1110929594478142,0.0,0.1635938705680284,0.2882992059724678,0.1337086991808508,0.0,0.0,0.0,0.0,0.0,0.4627208735906123,0.5213889713051667,0.0,0.2884095009499539,0.5995221498223625,0.209918084886869,0.6836448304387216,0.4646532278139191,0.0,0.3393354578026712,0.0,0.2478112426877384,0.1638189046134547,0.3659563640237657,0.0,0.0,0.0,0.455337510914799,0.3347623432509298,0.4345485469873271,0.3368273310130445,0.7973850683375621,0.0,0.2910487215192673,0.3968755405156592,0.3890621594985331,0.3573268916480849,0.2644698988968603,0.1447352253045689,0.1701469093904049
0.278966598559266,0.0,0.0,0.0,0.0,0.0,0.0063679933786361,0.5162488053741675,0.1944815295896669,0.3667257542149007,0.3028653373679529,0.6065389172117128,0.3678077496338794,0.0,0.0557352372087353,0.0,0.3066581587842414,0.2871017304827689,0.0,0.0,0.1866278388206471,0.0,0.3475972297203937,0.0,0.3620124167454658,0.5883485426874447,0.0,0.3384471604521701,0.0,0.0,0.1185808961011751,0.0948518011994364,0.0703402811115542,0.0418645306169139,0.0496682129825372,0.2882621323929087,0.1238008395330557,0.0,0.0733553755829491,0.0999670298002448,0.184730123871174,0.0,0.0,0.0,0.1992579028311737,0.2388872460658149,0.0,0.0,0.0,0.0,0.0,0.0,0.0,0.0,0.289100394639824,0.0,0.4109594040007653,0.0,0.0,0.0,0.0941680384228667,0.1914163657218055,0.1573732389606207,0.0,0.0,0.0,0.0,0.0,0.6535616853965067,0.1779469680566087,0.5005139780448908,0.0,0.2742813652831866,0.0,0.0,0.169284650825986
0.6847414630771925,0.7084445092620442,0.0,0.0,0.6270766385176954,0.5777205320325345,0.4824273768563671,0.3032229917820551,0.5569952168395903,0.7119007340240104,0.0,0.2117885502255585,0.4394936530088464,0.0,0.4229756258604564,0.4763951237615125,0.5120509446521159,0.584321618220806,0.0,0.7031682638345835,0.5768354353887619,0.6196836820479948,0.3509689049268258,0.3620124167454658,0.0,0.7341518949996542,0.5741826754572003,0.5231884977312582,0.564860336385909,0.0,0.3385134109791698,0.3966233965573434,0.326892644594266,0.2261133102305151,0.1389253517306509,0.0,0.0,0.0052121044363111,0.4648413019497117,0.2722265669538813,0.4259564543295216,0.0,0.0,0.0,0.0,0.3257146577393433,0.4568962185358303,0.0,0.0,0.0,0.0,0.0,0.0,0.0,0.3366352781827884,0.0,0.1774729192931351,0.2677519471110161,0.0,0.5956719094869829,0.4215041070070122,0.3005404171771298,0.2977266519727242,0.0,0.6761484694622216,0.392877662399926,0.6193469127956571,0.4358990274950058,0.3801736979089948,0.6842279167407415,0.4288133655621264,0.0,0.0,0.5544995231276323,0.0,0.5706202917380799
0.568281068819464,0.8215619914863074,0.0,0.0,0.4810191228175537,0.7090180820121268,0.3102317695939665,0.5430412523096325,0.4000020588392878,0.5839781730775447,0.4571936781279349,0.5446218589034079,0.6827127017430543,0.0,0.2603764980479003,0.2252784174926207,0.6415142671680586,0.5844570474583286,0.0,0.5184810152508857,0.3797078138991414,0.432533724598785,0.4213979451651336,0.5883485426874447,0.7341518949996542,0.0,0.2484033701820326,0.4878832610833845,0.2407874810924971,0.0,0.2020165195493463,0.2999841639107935,0.3994019359762709,0.2025016739534308,0.1445902879836848,0.2971278526483172,0.0,0.0,0.3153033153512016,0.3071673276657389,0.3132810100504712,0.0,0.0,0.0,0.1475055591880902,0.2400995104796273,0.4266007715837185,0.0,0.0,0.0,0.4493723499897356,0.0,0.0,0.0,0.3126318682969158,0.0,0.3415734487621903,0.3817271418765836,0.0,0.4710939533532973,0.2708745469062905,0.3078906043959725,0.3733206993250938,0.0,0.5296797350345197,0.3617482735685153,0.4596499622685317,0.3844879994724897,0.473105502691187,0.4615044937452777,0.6454372829974052,0.3140589262201047,0.4875360522514206,0.2735682054373612,0.0,0.3775054391063557
0.3729401102670364,0.2240342339719021,0.663792817742779,0.1877452168084829,0.6094777341052887,0.4619100177998173,0.3963601471417065,0.1929647491239034,0.6251227012848818,0.4087870566819033,0.5435053512554271,0.0,0.133799725430947,0.0723886610336395,0.7746873204960802,0.5332974611127276,0.0,0.4042342721772296,0.654483621583647,0.706053277356178,0.6697939947039812,0.6426512523381859,0.4934791845026172,0.0,0.5741826754572003,0.2484033701820326,0.0,0.3869517590851273,0.8588013164504251,0.1690785782079326,0.3191247552311816,0.3844663672469514,0.2942809444975933,0.267250134223755,0.0964648320910804,0.3791265719041763,0.2614732116509138,0.1301718456768974,0.4010876712701164,0.3562541171918169,0.360362822324771,0.0136182086999124,0.0,0.0,0.0,0.0,0.3771210180495857,0.4696183432398607,0.0,0.5583553292514858,0.4037137736600691,0.5396410147994228,0.1888828179818248,0.6314879873780395,0.0,0.2890052596012588,0.0,0.085818536288139,0.2805079938161951,0.6165257516133757,0.0,0.0,0.0,0.4954035475657138,0.662547054070096,0.493957517974778,0.6732866729176983,0.5745602943506722,0.0,0.0,0.1679971053127108,0.8960216281229333,0.3233382250640089,0.7920524039367854,0.3687841802732796,0.5042665901297462
0.4167728618429741,0.3813729102188438,0.4305259896876835,0.4088565664376848,0.6589241572989561,0.4120254739552392,0.26708798921368,0.3892352968578014,0.3654378076369414,0.6600785277547055,0.4588227086174685,0.3813251372822218,0.5620203897575734,0.0941580485474407,0.5076206013662493,0.4162218216235452,0.3570633998694118,0.6286866852148721,0.5186717255067267,0.6888525184669411,0.5303393657532682,0.6286182038727277,0.2501754322206807,0.3384471604521701,0.5231884977312582,0.4878832610833845,0.3869517590851273,0.0,0.5297271453261897,0.3183704001778478,0.4285112846302129,0.4154018402252782,0.2813849052358225,0.4089764502641941,0.0,0.5838135424109115,0.4097730706896393,0.1932486228475915,0.5281299222633516,0.2531958637187496,0.6105311184081534,0.1007773629151344,0.0,0.0,0.1039201020125212,0.0,0.0,0.3305894592290186,0.0,0.0,0.4370600445286728,0.0,0.4517069690036192,0.3885428159566993,0.2836141009908804,0.0,0.3661472209419025,0.2942533469401435,0.0,0.6203926538258083,0.0,0.0,0.0,0.0,0.6632318042901846,0.5317716052645189,0.6148680209899988,0.4849031938552611,0.0,0.4905728785249716,0.5459543914914089,0.4498220517282204,0.5822254013353191,0.5412482886039819,0.0,0.6615130328702701
0.4889036987555774,0.1825140235164656,0.0,0.2663977310919161,0.6143039518646087,0.3011641230049391,0.4631217602945577,0.0383267265852777,0.4180898401397214,0.4759028539103936,0.0,0.0,0.2541580131052014,0.0,0.6781325431403815,0.7618664176165507,0.0905364574985821,0.5503341994998932,0.0,0.7433647198965465,0.7071878683054572,0.7078593943314335,0.2337129444042541,0.0,0.564860336385909,0.2407874810924971,0.8588013164504251,0.5297271453261897,0.0,0.1545745768742793,0.424155190680691,0.4493889355817723,0.3598692066317052,0.4684009908575989,0.0811708257680259,0.2941538212222687,0.3102799323580708,0.0,0.4745456438474327,0.371050253074309,0.5441636218800167,0.186344385338541,0.0,0.0,0.0,0.0,0.2451168466906886,0.2901976710449007,0.0,0.0,0.2803873866921976,0.4422134976831768,0.0732643210105751,0.4029959935813279,0.0,0.0,0.0,0.1062758724204408,0.0,0.5466018803211485,0.0,0.0,0.0,0.0,0.6080321367907437,0.5669534605372829,0.6933992534978458,0.3706129020840329,0.0,0.0,0.2251808547582516,0.697870576677001,0.307116910567992,0.828138859373016,0.4070362414699318,0.6082567736550112
0.0,0.0,0.0,0.0,0.0,0.3384275600348779,0.0,0.2596071500376363,0.266619795903854,0.0,0.0,0.0,0.2484757196399568,0.0,0.0,0.1656718314570133,0.0,0.2690610426835053,0.0,0.2562031849815835,0.0,0.2432905192778416,0.1813346053126986,0.0,0.0,0.0,0.1690785782079326,0.3183704001778478,0.1545745768742793,0.0,0.3595626553613584,0.260328241757324,0.0,0.1319591055763572,0.0,0.0,0.0,0.0,0.0,0.0,0.0,0.0,0.0,0.0,0.0,0.0,0.0,0.0,0.0,0.0,0.0,0.0,0.0,0.0,0.0,0.0,0.0,0.0,0.0,0.0,0.0,0.0,0.0,0.0,0.211116948213197,0.0,0.0,0.1880770359682324,0.0,0.0,0.0,0.1149373139689908,0.0,0.1472153285661276,0.0,0.0
0.3528532928924289,0.1698042798109789,0.1581246302172226,0.0583290807246656,0.4268535121906304,0.1614657163144464,0.3778115044091524,0.1181503998992305,0.0894653545532195,0.5090674009220789,0.0965404732228551,0.1230420658074703,0.2214603602024508,0.0437664463253508,0.2246867574640915,0.4674741448924356,0.2791320393806991,0.4081964483241249,0.1614087030015667,0.5232174969634503,0.573738314992586,0.5308692766191372,0.0,0.1185808961011751,0.3385134109791698,0.2020165195493463,0.3191247552311816,0.4285112846302129,0.424155190680691,0.3595626553613584,0.0,0.6302461790492666,0.3196891164821447,0.5027989575845935,0.0958052243711436,0.3268356247750556,0.2345685348986682,0.109317184190348,0.5671596624979824,0.3025027608676375,0.4060506069883626,0.0,0.1804780463568559,0.0,0.0,0.0,0.1669463289239793,0.0,0.0,0.0,0.1531178333321729,0.0,0.0984297076088518,0.0,0.3584381580701549,0.0,0.1537497589190327,0.0,0.0,0.3481247324923063,0.3637384649102438,0.3362169821013452,0.3382908645262761,0.0,0.3609701266965185,0.4805119841055796,0.4080633055594311,0.0906055149293226,0.1843588365939203,0.3630202618464844,0.2160170447572204,0.2831685689345151,0.3959646598792698,0.3767635092447171,0.0,0.5450283558063501
0.2940793157049293,0.326235835199012,0.185516849177325,0.0548176007362222,0.417526689198845,0.3610333829135799,0.3230365803395055,0.2444803912494962,0.1490638986830274,0.4867422611447363,0.1572908668048793,0.1806822074953606,0.3119471839425468,0.1474854234143118,0.2811443383218051,0.343877100936906,0.3788253754111977,0.4499105122927972,0.2228250445078239,0.4801721186448981,0.4455985208020437,0.4983579176042113,0.1121470306327592,0.0948518011994364,0.3966233965573434,0.2999841639107935,0.3844663672469514,0.4154018402252782,0.4493889355817723,0.260328241757324,0.6302461790492666,0.0,0.3342931922413388,0.5435052044670372,0.0822820736257699,0.417957970038682,0.2635782418176343,0.1616175479285151,0.6267198320459026,0.2480094620322448,0.4732849468864387,0.0,0.1751197803612229,0.0219832345489818,0.0963147468897355,0.1456308722893781,0.3460167591748007,0.0651324997219663,0.0,0.4283727043488862,0.3971608699962849,0.4687696127728954,0.299894215741688,0.2381804544635117,0.3250533415489519,0.0,0.344788489842982,0.2771298448229378,0.0,0.4527275395062655,0.3027307284119262,0.3176379953649256,0.2465607297989688,0.2443657486782409,0.4593402199760206,0.37242494759924,0.406618514224554,0.3315170007391116,0.2415049334243514,0.4074042930753722,0.3163991502893575,0.4331383938035201,0.4521452739041277,0.4684691669433559,0.0,0.4085022662787753
0.3644865507101373,0.4075750260167599,0.5035824044746924,0.0,0.3247062767207703,0.3973542830927388,0.3941356661048452,0.3207223430131629,0.2820939574078316,0.3839023183009072,0.3990777291168949,0.2120846998835276,0.4426958281686754,0.0,0.3480654995530461,0.4173563488511316,0.2553026736986565,0.3627407049147866,0.0,0.4465248370570776,0.4100251324010497,0.53338948584472,0.287834969429909,0.0703402811115542,0.326892644594266,0.3994019359762709,0.2942809444975933,0.2813849052358225,0.3598692066317052,0.0,0.3196891164821447,0.3342931922413388,0.0,0.4197215199080918,0.1241611979868522,0.1082082893407668,0.0,0.1583267513304194,0.3230373937183614,0.720934857598064,0.3699762251382363,0.0,0.0,0.0,0.0,0.1927486536170303,0.2513894911719613,0.0,0.0,0.0,0.0,0.0,0.0,0.0,0.2486974771135564,0.0,0.1917341501613728,0.0,0.0,0.2564231774512986,0.2164493806973413,0.1605162326879883,0.2367457594790676,0.0,0.2917152625729123,0.4098876133764392,0.3877597704471055,0.2073685692485508,0.1798208797973354,0.3150517954147328,0.2898389107798594,0.16947158091509,0.3093897427333882,0.0,0.0,0.2493439646376668
0.3227140535319891,0.1491415791675885,0.2227585918563181,0.1093144340332561,0.3262184859234646,0.1465463741629547,0.2161663117613065,0.1477230380661252,0.0853864676682552,0.3912341844850009,0.0913764371647598,0.192640482977189,0.2947679389627367,0.0,0.3547642572017091,0.4843828415479917,0.0974118931077855,0.3177160253626923,0.2088280386634967,0.4573836889536848,0.5027489738161719,0.4869668097791422,0.0881910296034356,0.0418645306169139,0.2261133102305151,0.2025016739534308,0.267250134223755,0.4089764502641941,0.4684009908575989,0.1319591055763572,0.5027989575845935,0.5435052044670372,0.4197215199080918,0.0,0.034344908176978,0.2305160566440768,0.2532955350922414,0.2342494484299577,0.50514001922425,0.4412843560307272,0.5300494005834615,0.1840493662118618,0.0,0.0,0.0911281370811465,0.2665574471738157,0.1290578512795353,0.0590375767917727,0.0,0.0,0.1783301847545044,0.242973772909861,0.1655671775264806,0.1326138906234055,0.1711390361136303,0.0,0.120079676472605,0.1757673471138842,0.0,0.431660781073692,0.2901974081582912,0.1871799272898313,0.3368761545296411,0.0,0.2928468514725989,0.4951773455793504,0.3747648386313617,0.1605751197271946,0.0893688030788649,0.3178342790013853,0.2590771192674103,0.1836398459362827,0.3269301049550462,0.3929714492765987,0.0,0.3586609712509606
0.2103756993023146,0.0916041235798242,0.0214334854122268,0.1713337864179968,0.0,0.066021447331185,0.0360825097693768,0.0,0.0,0.1458377018627015,0.0393281753799822,0.0003235436935261,0.0,0.0,0.0376019117098649,0.0,0.0835788873728908,0.0676975951784942,0.0605487500086773,0.1078332658210814,0.0070354850663311,0.0463183613195216,0.0447142748409609,0.0496682129825372,0.1389253517306509,0.1445902879836848,0.0964648320910804,0.0,0.0811708257680259,0.0,0.0958052243711436,0.0822820736257699,0.1241611979868522,0.034344908176978,0.0,0.0,0.1117671937793763,0.0,0.1915148692373576,0.0186464872468383,0.1455582610735982,0.0699983663578972,0.0379568133449711,0.0,0.0,0.0,0.1179405508313798,0.0,0.0,0.0,0.0960589549033212,0.0,0.0,0.0,0.0,0.0,0.0,0.0140838280310068,0.0,0.0175156020312242,0.1737636614630885,0.0,0.0,0.0,0.1058950615456158,0.0,0.1592881049687819,0.0815384557346275,0.0,0.1282664469426777,0.1699771749791688,0.1142718729710419,0.0068255543155388,0.1853882972970858,0.0,0.0
0.0,0.0,0.3593325984453148,0.333169194023832,0.5184864963968542,0.3708954744725677,0.1234415781196703,0.363969606994102,0.3405517200135751,0.4446667023133573,0.3823620207742464,0.2906145753759786,0.2127029470071897,0.2134800123376949,0.3442704195628027,0.0,0.0,0.0,0.3802910966773528,0.4238754540855117,0.0,0.3524380638687151,0.3261234227340291,0.2882621323929087,0.0,0.2971278526483172,0.3791265719041763,0.5838135424109115,0.2941538212222687,0.0,0.3268356247750556,0.417957970038682,0.1082082893407668,0.2305160566440768,0.0,0.0,0.4512212754702199,0.0821171083380078,0.5139698078147769,0.1165211789577218,0.3525460483857929,0.0280252953719193,0.2885229016083838,0.0,0.1022291090392512,0.0,0.0,0.3329045875512774,0.0,0.5018659090783122,0.4368399822984327,0.356729732216254,0.4377835514554996,0.3981938507604682,0.0,0.1021395869347063,0.3181748497546414,0.1920493749761122,0.0,0.0,0.0,0.0,0.0,0.3458024185043331,0.5131449985819733,0.0,0.383269039039723,0.4813759263055582,0.0,0.0,0.0,0.5135821862325242,0.4674815799006888,0.3862017956363104,0.0,0.0
0.0,0.0,0.0891232083946942,0.3176953177992798,0.285474464656281,0.0847035081040447,0.0576390951536904,0.0712587935319634,0.040785379000772,0.2825641426308116,0.148807140848047,0.138834195765155,0.0,0.1405549006269719,0.0,0.0,0.0,0.0,0.1626726975438009,0.2640591214613945,0.0,0.2104165397947672,0.1110929594478142,0.1238008395330557,0.0,0.0,0.2614732116509138,0.4097730706896393,0.3102799323580708,0.0,0.2345685348986682,0.2635782418176343,0.0,0.2532955350922414,0.1117671937793763,0.4512212754702199,0.0,0.1248729699242581,0.3305533647232824,0.0,0.3676796758221244,0.1590430975777267,0.0319484997640826,0.0,0.0,0.0,0.0,0.0,0.0,0.0,0.0,0.0,0.0,0.0,0.0,0.0,0.0,0.0,0.0,0.0,0.0,0.0,0.0,0.0,0.0,0.0,0.0,0.2885189548683848,0.0,0.0,0.0,0.0,0.0,0.0,0.0,0.0
0.2093692924577245,0.0,0.0,0.1891068961994132,0.1476661100877499,0.0,0.0876880157448259,0.0,0.0,0.0197842997051254,0.0,0.0,0.0,0.0,0.0,0.0,0.0,0.0,0.1425118765756403,0.0,0.0,0.0,0.0,0.0,0.0052121044363111,0.0,0.1301718456768974,0.1932486228475915,0.0,0.0,0.109317184190348,0.1616175479285151,0.1583267513304194,0.2342494484299577,0.0,0.0821171083380078,0.1248729699242581,0.0,0.2795458007184839,0.1190375638666244,0.3129275145899736,0.2048710114143087,0.0,0.0,0.0791996923993915,0.0,0.0,0.0,0.0,0.0,0.0,0.0,0.0,0.0,0.0,0.0,0.0,0.0,0.0,0.0,0.0,0.0,0.0,0.0,0.0,0.0,0.0,0.0,0.0,0.0201181755135129,0.0,0.0,0.0701261290030156,0.0,0.0,0.0
0.3299943644286242,0.270608573664376,0.2916952881471436,0.0,0.4752521484433782,0.3388720748724492,0.2489003078289472,0.2078080688354382,0.2341726315833887,0.487735288768999,0.2408394020346857,0.1654673656121622,0.2835828067969498,0.0348013153589905,0.3826416446436042,0.4208320916388815,0.0,0.4088317915170429,0.3355731779793568,0.5104572845151247,0.4556986410357552,0.4871490867214721,0.1635938705680284,0.0733553755829491,0.4648413019497117,0.3153033153512016,0.4010876712701164,0.5281299222633516,0.4745456438474327,0.0,0.5671596624979824,0.6267198320459026,0.3230373937183614,0.50514001922425,0.1915148692373576,0.5139698078147769,0.3305533647232824,0.2795458007184839,0.0,0.2562458238595802,0.4556381148824168,0.090522581921533,0.194933520284418,0.0,0.0,0.2169195768534781,0.4155542449791313,0.21327929942141,0.1838496359725775,0.5135969447195362,0.4761695939504557,0.5502421804966526,0.274640442818572,0.3271248497950904,0.3470973402958108,0.0,0.2809823814444116,0.3574264739376031,0.2944051377674267,0.5346097385523134,0.4124929907283323,0.4147391578691318,0.2966557551625227,0.3317036061166245,0.569309192313586,0.431611016349141,0.4788801852628811,0.3628899228180425,0.1906181108570716,0.5807792714820021,0.4274294824200562,0.4783491733222125,0.6015474591728945,0.6080662806321859,0.4776359276558119,0.6399011094180815
0.3336806629762289,0.2622049669163518,0.0,0.0,0.0,0.0,0.0,0.0,0.0,0.4052260368294615,0.0,0.1913711400587439,0.2861878138036592,0.0,0.4629166818873803,0.3654135380092154,0.1793268038964332,0.2601811417192784,0.0,0.4267675388706595,0.4255721317996926,0.5322661930055578,0.2882992059724678,0.0999670298002448,0.2722265669538813,0.3071673276657389,0.3562541171918169,0.2531958637187496,0.371050253074309,0.0,0.3025027608676375,0.2480094620322448,0.720934857598064,0.4412843560307272,0.0186464872468383,0.1165211789577218,0.0,0.1190375638666244,0.2562458238595802,0.0,0.2895958541470078,0.0,0.0,0.0,0.0,0.2664868804321686,0.2197469900285895,0.3007806670465519,0.0,0.3214479467558818,0.2849001885200558,0.3086252492162082,0.1336464150268296,0.3136159854228007,0.365058802597448,0.2434189802973248,0.1561976428375893,0.25505504122068,0.0,0.340268074350518,0.342292754329862,0.207321778931383,0.2457872652852364,0.3392483104846511,0.3135000050697013,0.4993346302077215,0.4391858095408545,0.2481101208859262,0.2560497291309107,0.330778554961206,0.3025501000460007,0.1934917714066878,0.2950209971602891,0.3245017273902746,0.0567778182090141,0.2801494563004733
