0.0,0.1851891246829953,0.0,0.0,0.0,0.1479429303287917,0.0,0.0,0.0,0.5943467758099478,0.0,0.0575246384728218,0.3258305671008339,0.0,0.4285667370776442,0.6059420053446964,0.3487899949107962,0.4804764470018673,0.0,0.4316685549105782,0.446426308468186,0.4370936922566464,0.0593202750151584,0.4656990920581872,0.5106429070332009,0.4423980477108629,0.5058995249769305,0.3850090524756386,0.4964276497404498,0.0,0.1925932926881935,0.2126126370966147,0.1464868718204267,0.0,0.0,0.0,0.0,0.0,0.0673088503791732,0.1512710570159678,0.1603888279292413,0.0,0.0,0.0,0.0,0.7508878423538071,0.3017964733086903,0.0,0.0,0.0,0.0,0.0,0.0,0.0,0.3990063876254051,0.0,0.0,0.0,0.0,0.0,0.4622121675363838,0.0,0.4370021256827854,0.0,0.0,0.4677923550852492,0.4391487229303065,0.0,0.539476875241242,0.5547259936194932,0.534415206213218,0.0,0.0,0.0,0.0,0.3828476018261674
0.1851891246829953,0.0,0.0,0.0,0.0,0.7439871633674587,0.1159521895341643,0.5367336309722496,0.0,0.0,0.0,0.0,0.5114884496433451,0.0,0.2013243489827586,0.0919496431346454,0.8141924399918099,0.6552757104123275,0.0,0.2085405634531519,0.0,0.2211566778627616,0.6191471325002477,0.0,0.7800958660435396,0.8386469899882897,0.1873637101012586,0.1228643053900219,0.0,0.0,0.0,0.2550259524178465,0.5206411407954541,0.0939938364307904,0.0,0.0,0.0,0.0,0.1557586381327939,0.4153354289595125,0.4175352861830289,0.0,0.0,0.0,0.0,0.141258601976872,0.6905903344850322,0.0,0.0,0.0,0.7428179715959177,0.0,0.0,0.0,0.0,0.0,0.0,0.0,0.0,0.0967496937751883,0.1221965786086167,0.0,0.4822602728005985,0.0,0.1389248051355412,0.0705218083400305,0.0778271399185224,0.5901954505266419,0.0,0.5812955359607244,0.7809876296963413,0.2930981622739362,0.0,0.0970340937123907,0.0,0.0
0.0,0.0,0.0,0.0,0.3354668287326784,0.4239348290033723,0.3424599421344005,0.0768447064914913,0.4072271697578815,0.4142077461988377,0.29016298270793,0.1262441036318695,0.418162707548798,0.1025364768620286,0.0,0.0,0.0,0.0,0.5656538192475146,0.0,0.0,0.0,0.32853030876971,0.0,0.0,0.0,0.6789109703537022,0.4063148817818895,0.0,0.0,0.1954362385177046,0.2707240262898868,0.2797689531056873,0.1889514761183971,0.0097241131974759,0.1107246838945958,0.1054616749805644,0.0,0.2048414271203811,0.0,0.2753542312453005,0.0,0.2168179302358686,0.0,0.0,0.0,0.0,0.5867510852704991,0.0,0.2240092735070751,0.2798952059641075,0.4837070478901977,0.1066939325351067,0.4387010904296664,0.0,0.3849891687342681,0.0,0.5075365764521833,0.1719041535747579,0.0,0.0,0.0,0.0,0.5876722201746017,0.0,0.0,0.0,0.2677187578520545,0.0,0.0,0.0,0.5791565681790488,0.5264790281091644,0.0,0.0,0.0
0.0,0.0,0.0,0.0,0.0,0.0,0.2951894223908407,0.0,0.0,0.0404262947572031,0.0729433304415765,0.108190242210629,0.1369171197594162,0.1484382223391406,0.0,0.0,0.0,0.0,0.0,0.0,0.0,0.0,0.0,0.0,0.0,0.0,0.0,0.2580144354510381,0.1645980386151875,0.0,0.3807508362001973,0.0,0.0,0.1395472299284288,0.328744941808199,0.1126697985668633,0.2240658624789335,0.0361746591925576,0.0,0.0,0.0,0.0,0.0,0.0,0.0,0.0,0.0,0.0,0.0,0.0,0.0,0.0,0.0,0.0,0.0,0.0,0.0,0.0,0.0,0.0,0.0,0.0,0.0,0.0,0.0,0.0,0.0,0.0,0.0,0.0,0.0,0.0,0.0,0.0,0.0,0.0
0.0,0.0,0.3354668287326784,0.0,0.0,0.0,0.2851936377105189,0.0,0.6454730122770224,0.0,0.6742026908521701,0.0,0.0161991277526154,0.0606492723887364,0.0,0.1854177877883723,0.0,0.0,0.4418829666957204,0.2677736991535788,0.0,0.2601538589803432,0.0,0.0,0.0,0.0,0.3793437373763507,0.0,0.4213819714492482,0.0,0.0,0.2862011667465295,0.1579349106733978,0.0,0.0,0.0,0.0984081478289458,0.0799262262728436,0.3682296961681099,0.0,0.0,0.0,0.0,0.0,0.0,0.0,0.0,0.3436799348717662,0.0,0.2901683946752819,0.0,0.0,0.0,0.5045111407078513,0.0,0.533771165870481,0.0,0.0,0.0,0.0,0.0,0.0,0.0,0.2030021208177793,0.0,0.0,0.0,0.0,0.0,0.0,0.0,0.2673442048166595,0.0,0.0,0.0,0.0
0.1479429303287917,0.7439871633674587,0.4239348290033723,0.0,0.0,0.0,0.3243852156305924,0.7308056671012011,0.092156831041422,0.4531222004985449,0.0,0.4952701064384288,0.6732714914098615,0.1482831520584792,0.369146189652162,0.0954462910839098,0.5495713877320697,0.38219934878601,0.2649405352649892,0.4106764315267145,0.2297459381409524,0.3135886195403848,0.8089645871122958,0.0,0.3900032567366542,0.4765263084901905,0.3396941919088436,0.3118090326448222,0.1831336014859945,0.385825419005206,0.0520776869598247,0.1473383217389623,0.4842284998101238,0.3445996788849551,0.0497842498593794,0.2233391380013061,0.0,0.0280300235547131,0.0218799555402911,0.0,0.303193505191332,0.0,0.4077626518808558,0.0,0.0,0.0,0.7008037597887501,0.5098499959825386,0.0,0.0456467898302225,0.8103640690477156,0.208582109900545,0.7421500526052203,0.169945186350083,0.0,0.2167959903869151,0.0,0.6559528312591367,0.0,0.2755687155000689,0.0,0.0,0.0,0.5103770932563239,0.2007351304666193,0.2447958113809261,0.1373707848934412,0.7916935103533187,0.0,0.0,0.6092526032324278,0.3710139398384883,0.3450656203171574,0.1471031153031698,0.2010767966085207,0.0
0.0,0.1159521895341643,0.3424599421344005,0.2951894223908407,0.2851936377105189,0.3243852156305924,0.0,0.0353550190039215,0.3819319189237927,0.3178590489898039,0.1803106364862207,0.2794839411120629,0.5432066001926539,0.1554957667253678,0.0,0.3362547163526568,0.0982121550858169,0.071943573604534,0.2161562330307144,0.3576571592152036,0.0,0.3482834287235971,0.1563612525432791,0.0,0.0,0.0,0.4316248247980238,0.4368949453258307,0.53791531081384,0.0,0.3999502203373447,0.0292922348829946,0.1600162861808604,0.2764329906060966,0.3735556132178538,0.1862611844969225,0.2488748285369432,0.0943187114253955,0.0,0.0,0.1073467453498937,0.0,0.0745558023113141,0.0,0.0,0.0,0.0,0.1983977411963271,0.0,0.0,0.0795234838250399,0.0,0.0205273237333654,0.2817233661874208,0.0,0.3642086867167694,0.0,0.0,0.0,0.0,0.0,0.0,0.0,0.2667747359878949,0.0,0.0,0.0,0.1018332142775116,0.0,0.0,0.0,0.3466195567126489,0.0,0.0,0.0,0.0
0.0,0.5367336309722496,0.0768447064914913,0.0,0.0,0.7308056671012011,0.0353550190039215,0.0,0.0,0.1778762727922948,0.0,0.5260629294513852,0.3480021863705763,0.0874757277061048,0.0854966075573586,0.0,0.0,0.0798300853806166,0.1689478634971657,0.0469175068229014,0.0609985381082118,0.0,0.8380497723179912,0.3175437566343244,0.1823544921401118,0.2272771902890245,0.0,0.0998601993931987,0.0,0.2526239418041381,0.0,0.0,0.336860344606867,0.3322112595300008,0.0928913464861156,0.333747858124619,0.0,0.0,0.0,0.0,0.1685344545950566,0.0,0.3115785855674367,0.0,0.0,0.0,0.0,0.2554008587745128,0.0,0.1357616857758759,0.6043620389113343,0.0,0.8635583312115194,0.0396389254110197,0.0,0.1805542910527678,0.0,0.3610360750465634,0.2103663469119655,0.0,0.0,0.0,0.0,0.3379852784593075,0.0,0.0,0.0,0.7287454403272695,0.0,0.0,0.0,0.0,0.0734953875815677,0.0,0.0,0.0
0.0,0.0,0.4072271697578815,0.0,0.6454730122770224,0.092156831041422,0.3819319189237927,0.0,0.0,0.0918698896655326,0.7803932410504029,0.0597566669329115,0.0872419274794953,0.0,0.0,0.0916959194349366,0.0,0.0,0.426797702437986,0.2462769326157357,0.0,0.2122835315038272,0.0389030487645134,0.0,0.0481597756852102,0.0,0.4101317428876833,0.0164508773664713,0.2481918673806998,0.0,0.0,0.0807920667685644,0.1788661883964173,0.0972025609078751,0.0845457587723234,0.0,0.0039600617604403,0.0484288602919773,0.1215324241314816,0.0,0.0513689152300326,0.0,0.0,0.0,0.0,0.0,0.0,0.3858763612870376,0.0,0.5260360718486605,0.0,0.365996906850631,0.0,0.8703841267195658,0.0,0.6504570347537322,0.0,0.0243666233844505,0.0,0.0,0.0,0.0,0.0,0.175062149697031,0.0,0.0,0.0,0.0,0.0,0.0,0.0,0.2739111193752518,0.0433449647943037,0.0,0.0,0.0
0.5943467758099478,0.0,0.4142077461988377,0.0404262947572031,0.0,0.4531222004985449,0.3178590489898039,0.1778762727922948,0.0918698896655326,0.0,0.0,0.5627162111636317,0.5297711224199889,0.0,0.0,0.4835918630921451,0.6884015616021408,0.5644527823764587,0.1154882645362224,0.4236453689544419,0.0,0.4432574609770537,0.4099785961672507,0.5930603102682633,0.6407585962517447,0.5162028376810447,0.420101070515513,0.5422083692192835,0.2397539599149594,0.0,0.3429408629813789,0.0978126309944347,0.2584699083683328,0.2002775455010624,0.150185284515559,0.2324647117084714,0.0315391037689352,0.0,0.0,0.2763690311140249,0.2032518415811847,0.0,0.0,0.0,0.0,0.6118352779190945,0.0,0.0,0.0,0.0,0.0,0.0,0.0,0.0,0.8818586716034419,0.0,0.3967184473757781,0.6016872854610493,0.0,0.0,0.0,0.5449492931691104,0.5819756974669748,0.0,0.0,0.0,0.0,0.0,0.6566871756219061,0.8443170042178993,0.7403553493574293,0.0,0.6600835786568514,0.0,0.0,0.1798597641131409
0.0,0.0,0.29016298270793,0.0729433304415765,0.6742026908521701,0.0,0.1803106364862207,0.0,0.7803932410504029,0.0,0.0,0.0,0.0,0.0413968032306379,0.0,0.0,0.0,0.0,0.3364436512496825,0.0,0.0,0.0,0.0,0.0,0.0,0.0,0.2523922385060115,0.0166221489722956,0.0,0.0,0.0,0.001209813844254,0.0,0.0,0.0985389470545919,0.0,0.086418762835816,0.1219389283716775,0.1254119762883114,0.0,0.0,0.0,0.0,0.0,0.0,0.0,0.0,0.3304744940445975,0.0,0.5501906234369098,0.0,0.1783212732962487,0.0,0.6472353422962791,0.0,0.654713217162011,0.0,0.0,0.0213604105063426,0.0,0.0,0.0,0.0,0.0949434586459869,0.0,0.0,0.0,0.0,0.0,0.0,0.0,0.0989275943933265,0.0,0.0,0.0,0.0
0.0575246384728218,0.0,0.1262441036318695,0.108190242210629,0.0,0.4952701064384288,0.2794839411120629,0.5260629294513852,0.0597566669329115,0.5627162111636317,0.0,0.0,0.4740113315183252,0.0,0.0,0.0,0.3487307412317358,0.0,0.1121325081393746,0.0,0.325344928112779,0.0,0.5511596532310749,0.2985358811256599,0.0729858497955932,0.0645305860339478,0.0,0.4821795195345779,0.0,0.0,0.3131688744607456,0.0,0.2688972058154327,0.4716867802128842,0.3896455215915528,0.4010393672089356,0.1665770913316969,0.0575121918731893,0.0,0.1431095441233824,0.0035917397789033,0.0,0.4262413700187144,0.0,0.0,0.0,0.0,0.0,0.0,0.0,0.0,0.0,0.0,0.0,0.5499283633686242,0.0,0.3846657995416387,0.494105644058574,0.0,0.0,0.0,0.2778111710015443,0.17027108357635,0.0,0.0,0.0,0.0,0.0,0.1990126742592516,0.3449038489761131,0.3046086789691666,0.0,0.4558262126297123,0.0,0.0,0.0
0.3258305671008339,0.5114884496433451,0.418162707548798,0.1369171197594162,0.0161991277526154,0.6732714914098615,0.5432066001926539,0.3480021863705763,0.0872419274794953,0.5297711224199889,0.0,0.4740113315183252,0.0,0.2360882080767297,0.4211007533275577,0.4529970163034719,0.4380281005007326,0.4125124938771469,0.1985947691898979,0.4855883989437775,0.4759221713964809,0.4767844254248626,0.5233799649092742,0.2808037940575448,0.2533038375570078,0.3307917401167681,0.3336868279914532,0.691372161504227,0.4670796594636433,0.5475251340717406,0.4235215106241035,0.0915990521777113,0.270236544437022,0.2906336160064059,0.2367690794532926,0.3899214429881447,0.189619999346233,0.138290391985918,0.0,0.1558909174466617,0.1743859550383068,0.0177754959612703,0.24370500683235,0.0,0.0,0.0,0.0,0.2850890473429067,0.0,0.0,0.4397090236451226,0.2890754910442602,0.2702336849686792,0.0,0.0,0.1957922773944858,0.1884443209020475,0.0,0.0,0.3679457060604748,0.0,0.0,0.0,0.0,0.2106142335001872,0.0,0.2700713588950833,0.377359233688038,0.0,0.51802158572373,0.5261012175837596,0.2702292773832177,0.0,0.2689586879837036,0.0,0.0
0.0,0.0,0.1025364768620286,0.1484382223391406,0.0606492723887364,0.1482831520584792,0.1554957667253678,0.0874757277061048,0.0,0.0,0.0413968032306379,0.0,0.2360882080767297,0.0,0.0,0.0,0.0,0.0,0.0710528312045159,0.0,0.2791125432118047,0.0,0.1821629209680833,0.0,0.0,0.0,0.1562629068697485,0.3912595946375525,0.0,0.0,0.3600231878105647,0.0,0.0,0.1449266263504907,0.0,0.3031912949864728,0.1299975839499554,0.0,0.0,0.0,0.0,0.0,0.1651766628630012,0.0,0.0,0.0,0.0,0.0704070765077477,0.0,0.0,0.0,0.0,0.0,0.0,0.0,0.0541377007451762,0.0,0.0,0.0,0.0,0.0,0.0,0.0,0.0,0.0,0.0,0.0,0.2067702066391567,0.0,0.0,0.0,0.1489830802885773,0.0,0.0,0.0,0.0
0.4285667370776442,0.2013243489827586,0.0,0.0,0.0,0.369146189652162,0.0,0.0854966075573586,0.0,0.0,0.0,0.0,0.4211007533275577,0.0,0.0,0.4522146356503917,0.0,0.2884691374269931,0.0,0.8159505600384847,0.583474902149624,0.7644485221535747,0.3429811445209535,0.0846591665490921,0.2344448573890587,0.2074889401929242,0.7083802336258049,0.5185806486572726,0.6004060253672124,0.0,0.3060776081163103,0.230957765440994,0.0746970220087232,0.1932941403413106,0.1467223787080188,0.242852486726687,0.0,0.0,0.0925998412396504,0.0933479024095746,0.1463454339114878,0.0031006951754685,0.2124961773638654,0.0,0.0,0.0,0.5004509736071222,0.0,0.0,0.0,0.2522623592670356,0.0,0.1091899439973497,0.0,0.0,0.0,0.0,0.5030533600849683,0.0,0.7653318202166863,0.4568742153401491,0.0,0.0,0.0,0.6387996318967065,0.5875857438768768,0.7081912108343986,0.2884702065573851,0.0,0.4708969261438282,0.4340098723665637,0.5893482538003016,0.5971444494155433,0.5911338925593215,0.0,0.2812887841526401
0.6059420053446964,0.0919496431346454,0.0,0.0,0.1854177877883723,0.0954462910839098,0.3362547163526568,0.0,0.0916959194349366,0.4835918630921451,0.0,0.0,0.4529970163034719,0.0,0.4522146356503917,0.0,0.2240896067984862,0.4918824306658156,0.0,0.5093286682810673,0.5393214770797703,0.6383527819537009,0.0389202004929561,0.1788411936118255,0.3070175526895174,0.2785907349257042,0.5487857396550373,0.573999119000935,0.6693445760126675,0.3291340760531652,0.524627476142579,0.1708453618148935,0.0658891267036759,0.1107146403111007,0.1621754149320832,0.0,0.0,0.0,0.0613724435234988,0.0333697248142422,0.0850554862528218,0.1833109287089426,0.0,0.0,0.0,0.6420217981717684,0.2515905566387459,0.0,0.0,0.0,0.0,0.0,0.0,0.0,0.0,0.0,0.0,0.0,0.0,0.4231447601095451,0.640543701417444,0.0,0.4826995369811236,0.0,0.3347930840037924,0.5145765066142941,0.5176911419163333,0.0,0.0,0.4785529940370092,0.3946877499270459,0.3995780147571311,0.0,0.5397660217231394,0.0,0.4063767255241348
0.3487899949107962,0.8141924399918099,0.0,0.0,0.0,0.5495713877320697,0.0982121550858169,0.0,0.0,0.6884015616021408,0.0,0.3487307412317358,0.4380281005007326,0.0,0.0,0.2240896067984862,0.0,0.7957483923207639,0.0,0.1816743433952513,0.0,0.2626792851081619,0.0,0.7227367786812573,0.847519683625927,0.8578116417192545,0.0,0.1322148850342322,0.0,0.0,0.0,0.2497623945683288,0.5313705388882897,0.0,0.0,0.0,0.0,0.0641183696007456,0.0,0.4671849651146527,0.0,0.0,0.0,0.0,0.0,0.0,0.0,0.0,0.0,0.0,0.0,0.0,0.0,0.0,0.6760046811371969,0.0,0.6253357861463258,0.0,0.0,0.0,0.0,0.6908779216472064,0.6100634636936353,0.0,0.0,0.0,0.0,0.0,0.7678151323390011,0.6528304161672099,0.8290207980197521,0.0,0.0,0.0,0.0,0.0
0.4804764470018673,0.6552757104123275,0.0,0.0,0.0,0.38219934878601,0.071943573604534,0.0798300853806166,0.0,0.5644527823764587,0.0,0.0,0.4125124938771469,0.0,0.2884691374269931,0.4918824306658156,0.7957483923207639,0.0,0.0,0.2794689270989408,0.072808989873673,0.4477236000940045,0.1985016627960598,0.682989572784979,0.8284083102977879,0.8573352807150774,0.3877417141845434,0.103426136797432,0.1670306712789259,0.0,0.0,0.4023722500364888,0.4875302563365569,0.0,0.0,0.0,0.0,0.0,0.3515191702780094,0.4783984142901017,0.4226926680982749,0.0,0.0,0.0,0.0,0.459423773234809,0.4924974603468662,0.0,0.0,0.0,0.0,0.0,0.0,0.0,0.4863225505451402,0.0,0.5247338864579291,0.0,0.0,0.0,0.3931919423107303,0.6011852904472157,0.673678154317816,0.0,0.0,0.0,0.3748575594710827,0.0,0.7113862863775705,0.5732729694579514,0.75944308472978,0.0,0.0,0.0,0.0,0.3177848067661502
0.0,0.0,0.5656538192475146,0.0,0.4418829666957204,0.2649405352649892,0.2161562330307144,0.1689478634971657,0.426797702437986,0.1154882645362224,0.3364436512496825,0.1121325081393746,0.1985947691898979,0.0710528312045159,0.0,0.0,0.0,0.0,0.0,0.0,0.0,0.0,0.2388319597790777,0.0,0.0,0.0,0.4055830542095027,0.1190218635731305,0.0,0.0,0.0011748413782769,0.2674744896953185,0.0,0.1263570013324397,0.0216478613616204,0.1529594777475104,0.0528199853274071,0.055950962750094,0.2846672577323226,0.0,0.0,0.0,0.1839126195417688,0.0,0.0,0.0,0.0,0.4329062813403282,0.0,0.3455649943676613,0.0961306657251175,0.218048312726795,0.1752718871271778,0.3810237614071553,0.0,0.5733141263152278,0.0,0.221824011045863,0.1651032353398184,0.0,0.0,0.0,0.0,0.7010850853748919,0.0,0.0,0.0,0.1442354761715977,0.0,0.0,0.0,0.2850063301215209,0.0,0.0,0.0,0.0
0.4316685549105782,0.2085405634531519,0.0,0.0,0.2677736991535788,0.4106764315267145,0.3576571592152036,0.0469175068229014,0.2462769326157357,0.4236453689544419,0.0,0.0,0.4855883989437775,0.0,0.8159505600384847,0.5093286682810673,0.1816743433952513,0.2794689270989408,0.0,0.0,0.5515080140067126,0.8203307474124661,0.2883742816545823,0.0,0.1806878173522778,0.1721949530548057,0.7217732352233304,0.6119201356239407,0.6894951997138915,0.4733298309440785,0.4201902937544234,0.294815266215496,0.1094573337977351,0.2753085469970508,0.2125789459695298,0.2433978959356122,0.1530276744957213,0.0,0.1165888080409816,0.0854858618928738,0.1673886475903981,0.0528105462575916,0.2194855566538488,0.0,0.0,0.0,0.5145376620015804,0.0,0.0,0.0,0.2740540204656649,0.0,0.0939992710619185,0.0,0.0,0.0,0.0,0.5414484629585422,0.0,0.7283476316469819,0.5135160180252396,0.0,0.0,0.0,0.7199973585192033,0.5946874393574417,0.7544099033673263,0.285181147603682,0.0,0.4946394683386118,0.4452666824879579,0.6281551523603858,0.6206384384325752,0.6205803234814599,0.166280282840793,0.3216215908623895
0.446426308468186,0.0,0.0,0.0,0.0,0.2297459381409524,0.0,0.0609985381082118,0.0,0.0,0.0,0.325344928112779,0.4759221713964809,0.2791125432118047,0.583474902149624,0.5393214770797703,0.0,0.072808989873673,0.0,0.5515080140067126,0.0,0.5783114675959939,0.3779895955594449,0.0319923118622826,0.0137308369417269,0.0,0.5346582745944372,0.664386835041995,0.6406201179163628,0.0,0.626278146217696,0.0313501072707353,0.0,0.3832820020225131,0.4877455758426438,0.0,0.0,0.0,0.0,0.0,0.0,0.235189318908915,0.0,0.0,0.0,0.5180923925958464,0.3259314837634969,0.0,0.0,0.0,0.065088369663309,0.0,0.0,0.0,0.0,0.0,0.0,0.5090937367761339,0.0,0.4252343907803365,0.496317176703519,0.0,0.0,0.0,0.1740203436617056,0.739325075532354,0.3920135226792219,0.2132486142753049,0.0,0.4599702538064293,0.2774386623102539,0.3816113446734565,0.5705179973661045,0.3649966441886468,0.0,0.2691338708334184
0.4370936922566464,0.2211566778627616,0.0,0.0,0.2601538589803432,0.3135886195403848,0.3482834287235971,0.0,0.2122835315038272,0.4432574609770537,0.0,0.0,0.4767844254248626,0.0,0.7644485221535747,0.6383527819537009,0.2626792851081619,0.4477236000940045,0.0,0.8203307474124661,0.5783114675959939,0.0,0.2337013352702479,0.0,0.2932207839782699,0.3235532444934744,0.76111797582448,0.5511537708184211,0.6747647216852124,0.2945665418880725,0.420397771629496,0.3572061938791378,0.1909030204035506,0.2233867667292818,0.110599780210488,0.1949061988599184,0.1696867127120137,0.0,0.2183564992114056,0.1522611250317215,0.2073427455012264,0.1269316355411456,0.109657942291241,0.0,0.0,0.561557136263106,0.4630165565810797,0.0,0.0,0.0,0.2013511145741774,0.0,0.0,0.0,0.0,0.0,0.0,0.0,0.0,0.6186497748781807,0.6002556601531908,0.0,0.5707693078225118,0.0,0.6533311603182209,0.5798871089372734,0.8092513319626699,0.1245975895099429,0.0,0.4933178329763004,0.4982304114810739,0.6101711170999777,0.5671561870961297,0.6305590121473369,0.0,0.4618636929792613
0.0593202750151584,0.6191471325002477,0.32853030876971,0.0,0.0,0.8089645871122958,0.1563612525432791,0.8380497723179912,0.0389030487645134,0.4099785961672507,0.0,0.5511596532310749,0.5233799649092742,0.1821629209680833,0.3429811445209535,0.0389202004929561,0.0,0.1985016627960598,0.2388319597790777,0.2883742816545823,0.3779895955594449,0.2337013352702479,0.0,0.352821783421884,0.3221368063044991,0.3406976285614069,0.2630500165381799,0.3033495858787053,0.0,0.3818544874732388,0.0815195116054396,0.0453179809947399,0.3974396870054795,0.3830653254545292,0.1548276379331293,0.3116816488825535,0.0,0.0337144554369016,0.0,0.2699334225368341,0.1921793468745836,0.0,0.2832915810201409,0.0,0.0,0.0,0.6089317098786338,0.3889649762491295,0.0,0.2324708207120158,0.6617921239155085,0.2412404016122869,0.7724757199885667,0.1393129363757934,0.0,0.306240637129267,0.0,0.5186549154249813,0.3000868574047214,0.0893332054204253,0.0,0.0,0.0,0.4536054556124513,0.0,0.2687048180583524,0.0,0.8708305165058753,0.0,0.4421444176564106,0.5068436605758985,0.2138319105462736,0.2519718690610329,0.0,0.211375861147012,0.0
0.4656990920581872,0.0,0.0,0.0,0.0,0.0,0.0,0.3175437566343244,0.0,0.5930603102682633,0.0,0.2985358811256599,0.2808037940575448,0.0,0.0846591665490921,0.1788411936118255,0.7227367786812573,0.682989572784979,0.0,0.0,0.0319923118622826,0.0,0.352821783421884,0.0,0.7595720732030884,0.7854120349026238,0.1026018655606796,0.0431308148044797,0.0,0.0,0.0,0.258510669451986,0.4760953330823658,0.023358201605535,0.0,0.0804853997825321,0.0,0.0,0.2146748697662589,0.5050743909523102,0.4795470490626777,0.0,0.0,0.0,0.2691844936114334,0.4180751572344398,0.0,0.0,0.0,0.0,0.0,0.0,0.0,0.0,0.51851491277602,0.0,0.6412304591592912,0.0,0.0,0.0,0.1526124254524064,0.5369314937757895,0.4870389691624762,0.0,0.0,0.0,0.0,0.0,0.8897703850578553,0.5269915116895254,0.7474033790432146,0.0,0.2623923005731963,0.0,0.0,0.1786833484765261
0.5106429070332009,0.7800958660435396,0.0,0.0,0.0,0.3900032567366542,0.0,0.1823544921401118,0.0481597756852102,0.6407585962517447,0.0,0.0729858497955932,0.2533038375570078,0.0,0.2344448573890587,0.3070175526895174,0.847519683625927,0.8284083102977879,0.0,0.1806878173522778,0.0137308369417269,0.2932207839782699,0.3221368063044991,0.7595720732030884,0.0,0.9358812145135496,0.3314633313447624,0.0,0.0,0.0,0.0,0.349718594588645,0.518242688821554,0.0,0.0,0.0,0.0,0.0,0.3419851919937938,0.5446962915216889,0.5017171432554827,0.0,0.0,0.0,0.0,0.4766242828558039,0.5658086378898324,0.0,0.0,0.0,0.0,0.0,0.0,0.0,0.5866304137118373,0.0,0.644185694921106,0.1825768260249773,0.0,0.0614852630092784,0.2475389032337306,0.6059081230999499,0.563474026655146,0.0,0.1378027261809963,0.1312290847308424,0.1975295074218131,0.3490428222909837,0.8062822292392896,0.691597910348753,0.8703001891126203,0.0,0.0,0.2633978301727459,0.0,0.2436923109754523
0.4423980477108629,0.8386469899882897,0.0,0.0,0.0,0.4765263084901905,0.0,0.2272771902890245,0.0,0.5162028376810447,0.0,0.0645305860339478,0.3307917401167681,0.0,0.2074889401929242,0.2785907349257042,0.8578116417192545,0.8573352807150774,0.0,0.1721949530548057,0.0,0.3235532444934744,0.3406976285614069,0.7854120349026238,0.9358812145135496,0.0,0.272148781080501,0.0,0.0,0.0,0.0,0.4034853538814486,0.5806412728801764,0.0,0.0,0.0,0.0,0.0064336133043499,0.3687318451487398,0.5728292720424377,0.5345570621295279,0.0,0.0,0.0,0.2779499650943975,0.395410736543844,0.5120938647139666,0.0,0.0,0.0,0.5343958160249533,0.0,0.0,0.0,0.4732023543838581,0.0,0.6753523653917293,0.1769189428917134,0.0,0.1089079829512889,0.2428037511933588,0.6279304699189266,0.6249729189202715,0.0,0.2649994529870394,0.0887890983255829,0.2658961381936842,0.3257838443038789,0.760569019382496,0.56278792845792,0.8846955738693363,0.3481957242297892,0.1494327020900355,0.2400707921640349,0.0,0.2359444975414404
0.5058995249769305,0.1873637101012586,0.6789109703537022,0.0,0.3793437373763507,0.3396941919088436,0.4316248247980238,0.0,0.4101317428876833,0.420101070515513,0.2523922385060115,0.0,0.3336868279914532,0.1562629068697485,0.7083802336258049,0.5487857396550373,0.0,0.3877417141845434,0.4055830542095027,0.7217732352233304,0.5346582745944372,0.76111797582448,0.2630500165381799,0.1026018655606796,0.3314633313447624,0.272148781080501,0.0,0.3368427137765813,0.7361633388599157,0.2317988086532387,0.2395616381124414,0.3357340000190201,0.1232462224902642,0.1122521076530862,0.0480076986214674,0.0,0.0658592168541567,0.0,0.1897074769637045,0.1801079077510821,0.194471552832339,0.0560887502235823,0.029465195799559,0.1959425022202607,0.0,0.0,0.5015614566792208,0.5196540133366694,0.0,0.2110239727792419,0.270793352588173,0.5198403399122749,0.0,0.399851371003652,0.0,0.3765011918201842,0.0,0.39255410321538,0.1606357051215332,0.5391850834391243,0.0,0.0,0.0,0.4618662689791683,0.5392389796336254,0.5465633412665973,0.6855822740431339,0.2581266988295455,0.0,0.0,0.4718899310510195,0.8791219197015977,0.4307310938517424,0.690554833535557,0.1824294543229928,0.3457446837363584
0.3850090524756386,0.1228643053900219,0.4063148817818895,0.2580144354510381,0.0,0.3118090326448222,0.4368949453258307,0.0998601993931987,0.0164508773664713,0.5422083692192835,0.0166221489722956,0.4821795195345779,0.691372161504227,0.3912595946375525,0.5185806486572726,0.573999119000935,0.1322148850342322,0.103426136797432,0.1190218635731305,0.6119201356239407,0.664386835041995,0.5511537708184211,0.3033495858787053,0.0431308148044797,0.0,0.0,0.3368427137765813,0.0,0.5403095590750598,0.792535004070783,0.7298591831837751,0.0,0.0,0.3976710224075162,0.4884448274919963,0.4718476643545182,0.383758257149656,0.0004380389627542,0.0,0.0,0.0,0.154612377746636,0.3930863629268775,0.0,0.0,0.0,0.0,0.1432833393154902,0.0,0.0,0.1558218997052372,0.0,0.0848981101117467,0.0,0.4644332372213762,0.0,0.0,0.6234731311683167,0.0,0.4915215909578561,0.0,0.0,0.0,0.0,0.2093697722176035,0.5695829360531754,0.3487632372087146,0.2300974729251496,0.0,0.4343753167642869,0.2862673098613733,0.2712963502998545,0.783811011514604,0.2674962180409332,0.0,0.1270199157398214
0.4964276497404498,0.0,0.0,0.1645980386151875,0.4213819714492482,0.1831336014859945,0.53791531081384,0.0,0.2481918673806998,0.2397539599149594,0.0,0.0,0.4670796594636433,0.0,0.6004060253672124,0.6693445760126675,0.0,0.1670306712789259,0.0,0.6894951997138915,0.6406201179163628,0.6747647216852124,0.0,0.0,0.0,0.0,0.7361633388599157,0.5403095590750598,0.0,0.3987509791444972,0.5097764400130004,0.1853694216641857,0.0,0.1394431308854228,0.2436624849238288,0.1143086500655132,0.2974425951753352,0.0,0.0478231902514234,0.0,0.0340840885418619,0.1880894842561233,0.0,0.0,0.0,0.0,0.2169688502859685,0.2307402255659429,0.0,0.0,0.0296447419553673,0.4387553109291465,0.0,0.1765537976490226,0.0,0.0,0.0,0.3808146707663263,0.0,0.6408545452228754,0.0,0.0,0.0,0.0,0.5608851535425107,0.6441859751290133,0.6791262617550702,0.0,0.0,0.0,0.1885832642049071,0.5710186238715111,0.4651229858151232,0.7575635883780932,0.0177769038127793,0.3928920652448337
0.0,0.0,0.0,0.0,0.0,0.385825419005206,0.0,0.2526239418041381,0.0,0.0,0.0,0.0,0.5475251340717406,0.0,0.0,0.3291340760531652,0.0,0.0,0.0,0.4733298309440785,0.0,0.2945665418880725,0.3818544874732388,0.0,0.0,0.0,0.2317988086532387,0.792535004070783,0.3987509791444972,0.0,0.6962248214748489,0.0,0.0,0.4639706249140687,0.4733443203304583,0.0,0.0,0.0,0.0,0.0,0.0,0.0,0.0,0.0,0.0,0.0,0.0,0.0,0.0,0.0,0.0,0.0,0.0,0.0,0.0,0.0,0.0,0.0,0.0,0.0,0.0,0.0,0.0,0.0,0.1027570999605236,0.0,0.0,0.3458093758493842,0.0,0.0,0.0,0.2053943387773028,0.0,0.1847517616421376,0.0,0.0
0.1925932926881935,0.0,0.1954362385177046,0.3807508362001973,0.0,0.0520776869598247,0.3999502203373447,0.0,0.0,0.3429408629813789,0.0,0.3131688744607456,0.4235215106241035,0.3600231878105647,0.3060776081163103,0.524627476142579,0.0,0.0,0.0011748413782769,0.4201902937544234,0.626278146217696,0.420397771629496,0.0815195116054396,0.0,0.0,0.0,0.2395616381124414,0.7298591831837751,0.5097764400130004,0.6962248214748489,0.0,0.0,0.0,0.4353234088866173,0.6601609556729391,0.4442626656102626,0.35957967363538,0.0995284792901972,0.0,0.0,0.0,0.0,0.1762533611202539,0.0,0.0,0.0,0.1712107596995759,0.0,0.0,0.0,0.0,0.0,0.0,0.0,0.3127558278042028,0.0,0.0,0.0,0.0,0.3006672876753914,0.401181929888706,0.0077207387400513,0.2115418073956458,0.0,0.0332009528104098,0.5454419906103019,0.2087515544161446,0.0,0.0,0.2652186658613393,0.0061074579134283,0.1180638925173901,0.4820527104613643,0.1847982217481357,0.0,0.0617515579921452
0.2126126370966147,0.2550259524178465,0.2707240262898868,0.0,0.2862011667465295,0.1473383217389623,0.0292922348829946,0.0,0.0807920667685644,0.0978126309944347,0.001209813844254,0.0,0.0915990521777113,0.0,0.230957765440994,0.1708453618148935,0.2497623945683288,0.4023722500364888,0.2674744896953185,0.294815266215496,0.0313501072707353,0.3572061938791378,0.0453179809947399,0.258510669451986,0.349718594588645,0.4034853538814486,0.3357340000190201,0.0,0.1853694216641857,0.0,0.0,0.0,0.346511696445542,0.0,0.0,0.0,0.0,0.0,0.785952841996428,0.3727772814257324,0.4242605698203958,0.1728224226009739,0.0385805218428474,0.0,0.2425515017507225,0.150642634951718,0.1854794325937454,0.2246981835651932,0.0,0.0277861080299911,0.1870694558002032,0.0,0.1138694108691071,0.1045771503356091,0.0625054715577985,0.034389561110906,0.2031068264879846,0.047895299822748,0.0,0.2547874871082374,0.3029344389505486,0.1913684258125415,0.2639707371010873,0.1569933781744334,0.3915836578523248,0.1769619608086907,0.406678313479198,0.0629835212587154,0.3230777647630991,0.2198911352496684,0.3940700302608419,0.322140918140279,0.1168765655343,0.362353634505334,0.0,0.4382842774357814
0.1464868718204267,0.5206411407954541,0.2797689531056873,0.0,0.1579349106733978,0.4842284998101238,0.1600162861808604,0.336860344606867,0.1788661883964173,0.2584699083683328,0.0,0.2688972058154327,0.270236544437022,0.0,0.0746970220087232,0.0658891267036759,0.5313705388882897,0.4875302563365569,0.0,0.1094573337977351,0.0,0.1909030204035506,0.3974396870054795,0.4760953330823658,0.518242688821554,0.5806412728801764,0.1232462224902642,0.0,0.0,0.0,0.0,0.346511696445542,0.0,0.3762942658598115,0.0,0.0,0.0,0.1664466189266866,0.3556514343454832,0.7889303741527559,0.6448445637123006,0.0,0.0,0.0,0.1827533569549076,0.062440242474949,0.3403381143970539,0.0,0.0,0.0,0.0,0.0,0.0,0.0,0.3123060077606074,0.0,0.4487878196285859,0.0,0.0,0.0,0.1169368074642362,0.3707181506140526,0.4017962610746243,0.0,0.1396428655633151,0.0,0.0968254090255403,0.3202042733984204,0.3959676382857368,0.3264951255699872,0.5447934740025173,0.1426636208875869,0.0808759425024521,0.0,0.0,0.176113782406784
0.0,0.0939938364307904,0.1889514761183971,0.1395472299284288,0.0,0.3445996788849551,0.2764329906060966,0.3322112595300008,0.0972025609078751,0.2002775455010624,0.0,0.4716867802128842,0.2906336160064059,0.1449266263504907,0.1932941403413106,0.1107146403111007,0.0,0.0,0.1263570013324397,0.2753085469970508,0.3832820020225131,0.2233867667292818,0.3830653254545292,0.023358201605535,0.0,0.0,0.1122521076530862,0.3976710224075162,0.1394431308854228,0.4639706249140687,0.4353234088866173,0.0,0.3762942658598115,0.0,0.5668295878222701,0.3711944947327188,0.2085837875873456,0.154038223553375,0.0,0.2637958285083422,0.2772862873930109,0.0891077406915321,0.2742255894726072,0.0,0.0,0.0033171075703,0.2455488097051954,0.0697363110141149,0.0,0.0,0.1343003330561043,0.3033795884816058,0.2323288784757281,0.1089073482910781,0.286704805763129,0.0,0.0,0.3184923923097955,0.0,0.0780925612382494,0.135115735885691,0.0606859561613395,0.108181767335224,0.0,0.0,0.1901398158836339,0.0473788662480535,0.2397675982753223,0.0,0.1782534771295106,0.1099261204675677,0.0349907650590054,0.3093406795120773,0.0,0.0,0.0
0.0,0.0,0.0097241131974759,0.328744941808199,0.0,0.0497842498593794,0.3735556132178538,0.0928913464861156,0.0845457587723234,0.150185284515559,0.0985389470545919,0.3896455215915528,0.2367690794532926,0.0,0.1467223787080188,0.1621754149320832,0.0,0.0,0.0216478613616204,0.2125789459695298,0.4877455758426438,0.110599780210488,0.1548276379331293,0.0,0.0,0.0,0.0480076986214674,0.4884448274919963,0.2436624849238288,0.4733443203304583,0.6601609556729391,0.0,0.0,0.5668295878222701,0.0,0.3290410974905435,0.2907736678833801,0.0559915006360792,0.0,0.0,0.0,0.1861923930528541,0.207463136594536,0.1745723546053718,0.0,0.0,0.0223779663938177,0.0,0.0,0.0,0.0,0.0,0.0,0.0,0.0,0.0,0.0,0.3103304568166283,0.0,0.089913703010988,0.0560429719830803,0.0,0.0,0.0,0.0,0.0,0.0,0.0512050053689891,0.0,0.0135136146868552,0.0,0.0,0.3571441280067305,0.0,0.0,0.0
0.0,0.0,0.1107246838945958,0.1126697985668633,0.0,0.2233391380013061,0.1862611844969225,0.333747858124619,0.0,0.2324647117084714,0.0,0.4010393672089356,0.3899214429881447,0.3031912949864728,0.242852486726687,0.0,0.0,0.0,0.1529594777475104,0.2433978959356122,0.0,0.1949061988599184,0.3116816488825535,0.0804853997825321,0.0,0.0,0.0,0.4718476643545182,0.1143086500655132,0.0,0.4442626656102626,0.0,0.0,0.3711944947327188,0.3290410974905435,0.0,0.2905780033763973,0.1422459835487572,0.0,0.0,0.0199777545481047,0.0728096836187391,0.3790087161974439,0.178416393106028,0.0,0.0,0.0,0.0,0.0,0.1886017901782628,0.085797166798758,0.2416575304039071,0.235551047563076,0.0,0.0,0.0839125468629687,0.0289367799363578,0.3651177534187574,0.0,0.0,0.0,0.0,0.0,0.2178194864414013,0.0,0.0,0.0,0.1254269282147385,0.0,0.0,0.0,0.0,0.3517860818306927,0.0,0.0,0.0
0.0,0.0,0.1054616749805644,0.2240658624789335,0.0984081478289458,0.0,0.2488748285369432,0.0,0.0039600617604403,0.0315391037689352,0.086418762835816,0.1665770913316969,0.189619999346233,0.1299975839499554,0.0,0.0,0.0,0.0,0.0528199853274071,0.1530276744957213,0.0,0.1696867127120137,0.0,0.0,0.0,0.0,0.0658592168541567,0.383758257149656,0.2974425951753352,0.0,0.35957967363538,0.0,0.0,0.2085837875873456,0.2907736678833801,0.2905780033763973,0.0,0.1236766295464354,0.0,0.0,0.0,0.0698073807226758,0.0544570705833474,0.0,0.0,0.0,0.0,0.0,0.0,0.0,0.0,0.0,0.0,0.0,0.0,0.0,0.0,0.0,0.0,0.0,0.0,0.0,0.0,0.0,0.0,0.0,0.0,0.0,0.0,0.0,0.0,0.0,0.0,0.0,0.0,0.0
0.0,0.0,0.0,0.0361746591925576,0.0799262262728436,0.0280300235547131,0.0943187114253955,0.0,0.0484288602919773,0.0,0.1219389283716775,0.0575121918731893,0.138290391985918,0.0,0.0,0.0,0.0641183696007456,0.0,0.055950962750094,0.0,0.0,0.0,0.0337144554369016,0.0,0.0,0.0064336133043499,0.0,0.0004380389627542,0.0,0.0,0.0995284792901972,0.0,0.1664466189266866,0.154038223553375,0.0559915006360792,0.1422459835487572,0.1236766295464354,0.0,0.0617700918653822,0.1171892455289945,0.1165508166217099,0.245100263471949,0.0,0.0,0.1020922120881478,0.0,0.0,0.0,0.0,0.0,0.0,0.0,0.0,0.0,0.0,0.0,0.0,0.0,0.0,0.0,0.0,0.0,0.0,0.0,0.0,0.0,0.0,0.0,0.0,0.0,0.0,0.0,0.0,0.0,0.0,0.0
0.0673088503791732,0.1557586381327939,0.2048414271203811,0.0,0.3682296961681099,0.0218799555402911,0.0,0.0,0.1215324241314816,0.0,0.1254119762883114,0.0,0.0,0.0,0.0925998412396504,0.0613724435234988,0.0,0.3515191702780094,0.2846672577323226,0.1165888080409816,0.0,0.2183564992114056,0.0,0.2146748697662589,0.3419851919937938,0.3687318451487398,0.1897074769637045,0.0,0.0478231902514234,0.0,0.0,0.785952841996428,0.3556514343454832,0.0,0.0,0.0,0.0,0.0617700918653822,0.0,0.4315620944600937,0.4298830632667363,0.1942506972812814,0.0,0.0,0.2977088586872036,0.1053693414140537,0.0185494406614659,0.1624355311339352,0.0,0.1607558573030536,0.0570486556608949,0.0,0.040585599374634,0.1092695345319951,0.0,0.1310052278671652,0.2306539813940216,0.0,0.0741442294537093,0.0331973037915906,0.2026906398260985,0.1813967734705132,0.1789976995003377,0.0560750043207347,0.266426310818982,0.0491213902235794,0.2661474262320774,0.0,0.2864601731569994,0.0573249353129969,0.2593589844982726,0.1835113677605341,0.0,0.2591379697944455,0.3332709576824722,0.4833300860789609
0.1512710570159678,0.4153354289595125,0.0,0.0,0.0,0.0,0.0,0.0,0.0,0.2763690311140249,0.0,0.1431095441233824,0.1558909174466617,0.0,0.0933479024095746,0.0333697248142422,0.4671849651146527,0.4783984142901017,0.0,0.0854858618928738,0.0,0.1522611250317215,0.2699334225368341,0.5050743909523102,0.5446962915216889,0.5728292720424377,0.1801079077510821,0.0,0.0,0.0,0.0,0.3727772814257324,0.7889303741527559,0.2637958285083422,0.0,0.0,0.0,0.1171892455289945,0.4315620944600937,0.0,0.7260124389506016,0.0,0.0384272679387281,0.0,0.3098217599096723,0.1425856411473392,0.3342707802283336,0.2978790862364478,0.0,0.2597355791926192,0.3217079236875193,0.0877668877940309,0.2084006445190012,0.2896273798911495,0.3255274709040879,0.1929795536542971,0.4142501184890996,0.1159822512057453,0.0,0.0,0.2356171995290549,0.4055653817489617,0.3905385053592246,0.159169424144169,0.1365737792692836,0.0,0.1652166156108104,0.2056834301741976,0.4271716863573017,0.3737324196384272,0.560236011546389,0.2016157433704008,0.0705373998814255,0.1094373369853253,0.4103000274206073,0.226832902950554
0.1603888279292413,0.4175352861830289,0.2753542312453005,0.0,0.0,0.303193505191332,0.1073467453498937,0.1685344545950566,0.0513689152300326,0.2032518415811847,0.0,0.0035917397789033,0.1743859550383068,0.0,0.1463454339114878,0.0850554862528218,0.0,0.4226926680982749,0.0,0.1673886475903981,0.0,0.2073427455012264,0.1921793468745836,0.4795470490626777,0.5017171432554827,0.5345570621295279,0.194471552832339,0.0,0.0340840885418619,0.0,0.0,0.4242605698203958,0.6448445637123006,0.2772862873930109,0.0,0.0199777545481047,0.0,0.1165508166217099,0.4298830632667363,0.7260124389506016,0.0,0.0,0.0012538210677629,0.0,0.2473792520500056,0.1852566042966278,0.3195975115682458,0.2711561521049899,0.160365421820597,0.1256615978487621,0.3384701705310834,0.0187462346675397,0.1849183606678387,0.21288288504632,0.2576850641378,0.0734073217520045,0.361099068415849,0.1266703335216399,0.0,0.0311692684821017,0.3029055792083285,0.375553651712156,0.4123455044815823,0.0962259258813659,0.2777771097685024,0.0379487520071627,0.2754990553785843,0.1567947321173039,0.416996019195585,0.3151982846991257,0.4760519808880711,0.2596068803410059,0.1119198060803862,0.2527671222262363,0.3815489136649335,0.3201039090841819
0.0,0.0,0.0,0.0,0.0,0.0,0.0,0.0,0.0,0.0,0.0,0.0,0.0177754959612703,0.0,0.0031006951754685,0.1833109287089426,0.0,0.0,0.0,0.0528105462575916,0.235189318908915,0.1269316355411456,0.0,0.0,0.0,0.0,0.0560887502235823,0.154612377746636,0.1880894842561233,0.0,0.0,0.1728224226009739,0.0,0.0891077406915321,0.1861923930528541,0.0728096836187391,0.0698073807226758,0.245100263471949,0.1942506972812814,0.0,0.0,0.0,0.0,0.0247037149761088,0.0702742961690236,0.0640391471716701,0.0,0.0,0.2792968953536491,0.1761766162104603,0.0,0.0564777200073036,0.0,0.0527470244595375,0.0,0.1306602519755177,0.0,0.0,0.0,0.0,0.091853971368044,0.0,0.0,0.047965938927933,0.0,0.2486005844860213,0.0294896306088001,0.0,0.0,0.0,0.0,0.0272490042810292,0.0,0.0662115694486502,0.0,0.2092221497257052
0.0,0.0,0.2168179302358686,0.0,0.0,0.4077626518808558,0.0745558023113141,0.3115785855674367,0.0,0.0,0.0,0.4262413700187144,0.24370500683235,0.1651766628630012,0.2124961773638654,0.0,0.0,0.0,0.1839126195417688,0.2194855566538488,0.0,0.109657942291241,0.2832915810201409,0.0,0.0,0.0,0.029465195799559,0.3930863629268775,0.0,0.0,0.1762533611202539,0.0385805218428474,0.0,0.2742255894726072,0.207463136594536,0.3790087161974439,0.0544570705833474,0.0,0.0,0.0384272679387281,0.0012538210677629,0.0,0.0,0.2289791467730003,0.0,0.0,0.0,0.0979146716718508,0.0978258127973576,0.0,0.2581891835414648,0.1938614785796547,0.3622298501605552,0.0,0.2410086951595805,0.0,0.0554996534325701,0.49098804046862,0.2380995417156673,0.2615895112431989,0.0,0.1515725464408353,0.0,0.3585104323063401,0.1038324708378553,0.1505118674579752,0.0821112823360176,0.3085948911143672,0.2404553757521148,0.2193099778428597,0.1888308481041835,0.0910776681866935,0.5118110847862287,0.0238004419867742,0.0,0.0585651403494945
0.0,0.0,0.0,0.0,0.0,0.0,0.0,0.0,0.0,0.0,0.0,0.0,0.0,0.0,0.0,0.0,0.0,0.0,0.0,0.0,0.0,0.0,0.0,0.0,0.0,0.0,0.1959425022202607,0.0,0.0,0.0,0.0,0.0,0.0,0.0,0.1745723546053718,0.178416393106028,0.0,0.0,0.0,0.0,0.0,0.0247037149761088,0.2289791467730003,0.0,0.0,0.0,0.0,0.0898654744187057,0.0808538285891131,0.0,0.0,0.2241517659942374,0.0,0.0,0.1202304292516405,0.0316788250328808,0.0,0.1580362570398099,0.2149448529159551,0.0,0.0,0.0,0.0,0.3172683987919809,0.0,0.0,0.0,0.0006748390332278,0.0,0.0,0.0,0.166102990446032,0.227121948692015,0.1812662354408324,0.0,0.1247353756519251
0.0,0.0,0.0,0.0,0.0,0.0,0.0,0.0,0.0,0.0,0.0,0.0,0.0,0.0,0.0,0.0,0.0,0.0,0.0,0.0,0.0,0.0,0.0,0.2691844936114334,0.0,0.2779499650943975,0.0,0.0,0.0,0.0,0.0,0.2425515017507225,0.1827533569549076,0.0,0.0,0.0,0.0,0.1020922120881478,0.2977088586872036,0.3098217599096723,0.2473792520500056,0.0702742961690236,0.0,0.0,0.0,0.082944635586883,0.0,0.0,0.0,0.2255699229736034,0.0,0.0,0.0,0.1172678659362193,0.0,0.0917530753486004,0.1839625456951433,0.0,0.0,0.0,0.0,0.0369361780848289,0.151205884770591,0.0,0.0,0.0,0.0,0.0,0.1128350631336411,0.0,0.1125884104284547,0.0,0.0,0.0,0.0,0.274507682264748
